Ngay,KLGDRong,GTDGRong,ThayDoi,KLMua,GtMua,KLBan,GtBan,RoomConLai,DangSoHuu
04/12/2006,-17600,-1760000,0(0.00 %),400,40000,18000,1800000,0,0.0
05/12/2006,4170,396150,0(0.00 %),4170,396150,0,0,0,0.0
06/12/2006,110,9955,0(0.00 %),110,9955,0,0,0,0.0
07/12/2006,-53480,-4851100,0(0.00 %),900,85500,54380,4936600,0,0.0
11/12/2006,3500,360500,0(0.00 %),3500,360500,0,0,0,0.0
12/12/2006,820,84500,0(0.00 %),820,84500,0,0,0,0.0
13/12/2006,620,62400,0(0.00 %),820,82000,200,19600,0,0.0
14/12/2006,12150,1247880,0(0.00 %),12350,1267880,200,20000,0,0.0
15/12/2006,40560,4055870,0(0.00 %),50130,5012870,9570,957000,0,0.0
18/12/2006,38200,3763600,0(0.00 %),40200,3959600,2000,196000,0,0.0
19/12/2006,70,6720,0(0.00 %),70,6720,0,0,0,0.0
20/12/2006,9150,883225,0(0.00 %),54000,4992000,44850,4108775,0,0.0
25/12/2006,500,44000,0(0.00 %),500,44000,0,0,0,0.0
26/12/2006,25200,2469600,0(0.00 %),25200,2469600,0,0,0,0.0
27/12/2006,61260,6126000,0(0.00 %),61260,6126000,0,0,0,0.0
28/12/2006,22260,2226000,0(0.00 %),24760,2476000,2500,250000,0,0.0
29/12/2006,25000,2500000,0(0.00 %),25000,2500000,0,0,0,0.0
01/03/2007,-300,-42900000,143(0.00 %),0,0,300,42900000,0,0.0
02/03/2007,-22000,-3146000000,143(0.00 %),0,0,22000,3146000000,0,0.0
05/03/2007,500,72500000,145(1.40 %),600,87000000,100,14500000,0,0.0
06/03/2007,100,14600000,143(-1.38 %),100,14600000,0,0,0,0.0
07/03/2007,200,29000000,145(1.40 %),200,29000000,0,0,0,0.0
08/03/2007,0,0,145(0.00 %),0,0,0,0,0,0.0
09/03/2007,200,29600000,143(-1.38 %),500,72500000,300,42900000,0,0.0
12/03/2007,11480,1653120000,144(0.70 %),12480,1797120000,1000,144000000,0,0.0
13/03/2007,20200,3030000000,150(4.17 %),20200,3030000000,0,0,0,0.0
14/03/2007,400,60800000,148(-1.33 %),400,60800000,0,0,0,0.0
15/03/2007,0,0,141(-4.73 %),0,0,0,0,0,0.0
16/03/2007,100,14100000,148(4.96 %),100,14100000,0,0,0,0.0
19/03/2007,-100,-14500000,145(-2.03 %),100,14500000,200,29000000,0,0.0
20/03/2007,600,87000000,143(-1.38 %),800,116000000,200,29000000,0,0.0
21/03/2007,0,0,140(-2.10 %),0,0,0,0,0,0.0
22/03/2007,-400,-55200000,135(-3.57 %),100,13800000,500,69000000,0,0.0
23/03/2007,-8100,-1054000000,130(-3.70 %),0,0,8100,1054000000,0,0.0
26/03/2007,-3670,-455080000,124(-4.62 %),0,0,3670,455080000,0,0.0
27/03/2007,-4730,-558140000,118(-4.84 %),800,94400000,5530,652540000,0,0.0
28/03/2007,-4700,-530400000,120(1.69 %),100,12000000,4800,542400000,0,0.0
29/03/2007,0,0,126(5.00 %),0,0,0,0,0,0.0
30/03/2007,200,26400000,132(4.76 %),200,26400000,0,0,0,0.0
02/04/2007,100,13200000,132(0.00 %),100,13200000,0,0,0,0.0
03/04/2007,200,25200000,127(-3.79 %),200,25200000,0,0,0,0.0
04/04/2007,-300,-38100000,127(0.00 %),0,0,300,38100000,0,0.0
05/04/2007,-500,-63500000,128(0.79 %),0,0,500,63500000,0,0.0
06/04/2007,200,25400000,127(-0.78 %),200,25400000,0,0,0,0.0
09/04/2007,-30,-3810000,127(0.00 %),0,0,30,3810000,0,0.0
10/04/2007,0,0,132(3.94 %),0,0,0,0,0,0.0
11/04/2007,1000,132000000,130(-1.52 %),1000,132000000,0,0,0,0.0
12/04/2007,40,5160000,129(-0.77 %),40,5160000,0,0,0,0.0
13/04/2007,0,0,128(-0.78 %),0,0,0,0,0,0.0
16/04/2007,50,6350000,124(-3.12 %),50,6350000,0,0,0,0.0
17/04/2007,21270,2275890000,107(-4.46 %),21750,2327250000,480,51360000,0,0.0
18/04/2007,100,11000000,112(4.67 %),100,11000000,0,0,0,0.0
19/04/2007,0,0,115(2.68 %),0,0,0,0,0,0.0
20/04/2007,0,0,115(0.00 %),0,0,0,0,0,0.0
23/04/2007,11930,1312300000,110(-4.35 %),11930,1312300000,0,0,0,0.0
24/04/2007,600,63000000,105(-4.55 %),600,63000000,0,0,0,0.0
25/04/2007,4190,419000000,102(-2.86 %),4190,419000000,0,0,0,0.0
02/05/2007,580,59160000,102(0.00 %),580,59160000,0,0,0,0.0
03/05/2007,5100,520190000,101(-0.98 %),5100,520190000,0,0,0,0.0
04/05/2007,0,0,100(-0.99 %),0,0,0,0,0,0.0
07/05/2007,8760,919800000,105(5.00 %),8760,919800000,0,0,0,0.0
08/05/2007,13440,1478400000,110(4.76 %),13440,1478400000,0,0,0,0.0
09/05/2007,8300,929600000,112(1.82 %),13000,1456000000,4700,526400000,0,0.0
10/05/2007,100,11000000,110(-1.79 %),100,11000000,0,0,0,0.0
11/05/2007,1500,160500000,108(-1.82 %),1600,171200000,100,10700000,0,0.0
14/05/2007,700,76000000,108(0.00 %),700,76000000,0,0,0,0.0
15/05/2007,14800,1598400000,108(0.00 %),14800,1598400000,0,0,0,0.0
16/05/2007,0,0,105(-2.78 %),0,0,0,0,0,0.0
17/05/2007,0,0,108(2.86 %),0,0,0,0,0,0.0
18/05/2007,-100,-10800000,107(-0.93 %),0,0,100,10800000,0,0.0
21/05/2007,0,0,108(0.93 %),0,0,0,0,0,0.0
22/05/2007,9000,990000000,112(3.70 %),9000,990000000,0,0,0,0.0
23/05/2007,390,44850000,115(2.68 %),390,44850000,0,0,0,0.0
24/05/2007,370,41440000,112(-2.61 %),370,41440000,0,0,0,0.0
25/05/2007,0,0,110(-1.79 %),0,0,0,0,0,0.0
28/05/2007,570,62130000,109(-0.91 %),570,62130000,0,0,0,0.0
29/05/2007,0,0,109(0.00 %),0,0,0,0,0,0.0
30/05/2007,0,0,109(0.00 %),0,0,0,0,0,0.0
31/05/2007,-30,-3270000,109(0.00 %),0,0,30,3270000,0,0.0
01/06/2007,-100,-10900000,107(-1.83 %),0,0,100,10900000,0,0.0
04/06/2007,0,0,105(-1.87 %),0,0,0,0,0,0.0
05/06/2007,0,0,104(-0.95 %),0,0,0,0,0,0.0
06/06/2007,0,0,104(0.00 %),0,0,0,0,0,0.0
07/06/2007,0,0,107(2.88 %),0,0,0,0,0,0.0
08/06/2007,0,0,105(-1.87 %),0,0,0,0,0,0.0
11/06/2007,0,0,105(0.00 %),0,0,0,0,0,0.0
12/06/2007,54980,6047800000,110(4.76 %),55000,6050000000,20,2200000,0,0.0
13/06/2007,28000,3100850000,106(-3.64 %),28000,3100850000,0,0,0,0.0
14/06/2007,18580,2058380000,111(4.72 %),18580,2058380000,0,0,0,0.0
15/06/2007,8120,941920000,116(4.50 %),8170,947720000,50,5800000,0,0.0
18/06/2007,0,0,121(4.31 %),0,0,0,0,0,0.0
19/06/2007,0,0,127(4.96 %),0,0,0,0,0,0.0
20/06/2007,17150,2204750000,124(-2.36 %),17150,2204750000,0,0,0,0.0
21/06/2007,20300,2451400000,118(-4.84 %),20300,2451400000,0,0,0,0.0
22/06/2007,15300,1860900000,123(4.24 %),20000,2430000000,4700,569100000,0,0.0
25/06/2007,20000,2460000000,123(0.00 %),20000,2460000000,0,0,0,0.0
26/06/2007,42120,5307120000,127(3.25 %),42120,5307120000,0,0,0,0.0
27/06/2007,0,0,122(-3.94 %),0,0,0,0,0,0.0
28/06/2007,150,17850000,119(-2.46 %),150,17850000,0,0,0,0.0
29/06/2007,49550,6144200000,124(4.20 %),49550,6144200000,0,0,0,0.0
02/07/2007,224520,29187600000,130(4.84 %),246520,32047600000,22000,2860000000,0,0.0
03/07/2007,96900,12597000000,130(0.00 %),98000,12740000000,1100,143000000,0,0.0
04/07/2007,82900,11026800000,135(3.85 %),84700,11269800000,1800,243000000,0,0.0
05/07/2007,73250,9860250000,133(-1.48 %),73250,9860250000,0,0,0,0.0
06/07/2007,70500,9739530000,138(3.76 %),70500,9739530000,0,0,0,0.0
09/07/2007,82610,11887840000,144(4.35 %),82610,11887840000,0,0,0,0.0
10/07/2007,12200,1842200000,151(4.86 %),12200,1842200000,0,0,0,0.0
11/07/2007,320,50560000,158(4.64 %),820,129560000,500,79000000,0,0.0
12/07/2007,1240,187240000,151(-4.43 %),1240,187240000,0,0,0,0.0
13/07/2007,-1100,-169400000,152(0.66 %),1000,154000000,2100,323400000,0,0.0
16/07/2007,0,0,145(-4.61 %),0,0,0,0,0,0.0
17/07/2007,5830,845410000,147(1.38 %),7030,1019410000,1200,174000000,0,0.0
18/07/2007,-110,-16390000,144(-2.04 %),0,0,110,16390000,0,0.0
19/07/2007,-900,-130000000,138(-4.17 %),100,14000000,1000,144000000,0,0.0
20/07/2007,0,0,136(-1.45 %),0,0,0,0,0,0.0
23/07/2007,19510,2770420000,142(4.41 %),19530,2773260000,20,2840000,0,0.0
24/07/2007,29530,4399970000,149(4.93 %),29530,4399970000,0,0,0,0.0
25/07/2007,69240,10296810000,148(-0.67 %),69460,10329590000,220,32780000,0,0.0
26/07/2007,27220,3911420000,141(-4.73 %),27220,3911420000,0,0,0,0.0
27/07/2007,650,90950000,139(-1.42 %),650,90950000,0,0,0,0.0
30/07/2007,0,0,136(-2.16 %),0,0,0,0,0,0.0
31/07/2007,25910,3548080000,136(0.00 %),26210,3589180000,300,41100000,0,0.0
01/08/2007,500,71000000,142(4.41 %),500,71000000,0,0,0,0.0
02/08/2007,1000,142000000,138(-2.82 %),1000,142000000,0,0,0,0.0
03/08/2007,1000,138000000,138(0.00 %),1000,138000000,0,0,0,0.0
06/08/2007,220,30340000,138(0.00 %),220,30340000,0,0,0,0.0
07/08/2007,31510,4496760000,144(4.35 %),31620,4511940000,110,15180000,0,0.0
08/08/2007,30370,4525130000,144(0.00 %),30370,4525130000,0,0,0,0.0
09/08/2007,250,36000000,147(2.08 %),250,36000000,0,0,0,0.0
10/08/2007,27870,4123710000,145(-1.36 %),27870,4123710000,0,0,0,0.0
13/08/2007,250,35250000,141(-2.76 %),250,35250000,0,0,0,0.0
14/08/2007,71600,10515580000,148(4.96 %),78700,11566180000,7100,1050600000,0,0.0
15/08/2007,11070,1636850000,147(-0.68 %),11070,1636850000,0,0,0,0.0
16/08/2007,10340,1517880000,145(-1.36 %),10340,1517880000,0,0,0,0.0
17/08/2007,500,72000000,144(-0.69 %),500,72000000,0,0,0,0.0
20/08/2007,34730,5200500000,150(4.17 %),34730,5200500000,0,0,0,0.0
21/08/2007,0,0,148(-1.33 %),0,0,0,0,0,0.0
22/08/2007,38520,5759420000,150(1.35 %),38520,5759420000,0,0,0,0.0
23/08/2007,6280,935720000,149(-0.67 %),6280,935720000,0,0,0,0.0
24/08/2007,25000,3750000000,151(1.34 %),25000,3750000000,0,0,0,0.0
27/08/2007,42820,6511890000,153(1.32 %),42820,6511890000,0,0,0,0.0
28/08/2007,68170,10726290000,160(4.58 %),68170,10726290000,0,0,0,0.0
29/08/2007,6990,1144300000,165(3.12 %),6990,1144300000,0,0,0,0.0
30/08/2007,1100,176000000,161(-2.42 %),1100,176000000,0,0,0,0.0
31/08/2007,1100,177100000,161(0.00 %),1100,177100000,0,0,0,0.0
04/09/2007,3500,583300000,169(4.97 %),3500,583300000,0,0,0,0.0
05/09/2007,11580,1970200000,170(0.59 %),11580,1970200000,0,0,0,0.0
06/09/2007,21400,3648000000,171(0.59 %),21400,3648000000,0,0,0,0.0
07/09/2007,0,0,168(-1.75 %),0,0,0,0,0,0.0
10/09/2007,1500,254100000,167(-0.60 %),1500,254100000,0,0,0,0.0
11/09/2007,15670,2507500000,160(-4.19 %),15670,2507500000,0,0,0,0.0
12/09/2007,550,90200000,163(1.88 %),550,90200000,0,0,0,0.0
13/09/2007,60,9780000,161(-1.23 %),60,9780000,0,0,0,0.0
14/09/2007,830,132750000,160(-0.62 %),900,144000000,70,11250000,0,0.0
17/09/2007,780,126400000,162(1.25 %),1000,161600000,220,35200000,0,0.0
18/09/2007,400,64800000,160(-1.23 %),400,64800000,0,0,0,0.0
19/09/2007,0,0,157(3.97 %),0,0,0,0,0,0.0
20/09/2007,26630,4333720000,164(4.46 %),26630,4333720000,0,0,0,0.0
21/09/2007,220,35420000,161(-1.83 %),220,35420000,0,0,0,0.0
24/09/2007,7700,1232000000,160(-0.62 %),7700,1232000000,0,0,0,0.0
25/09/2007,7830,1252800000,160(0.00 %),7830,1252800000,0,0,0,0.0
26/09/2007,10330,1652800000,160(0.00 %),10330,1652800000,0,0,0,0.0
27/09/2007,-600,-94200000,157(-1.88 %),0,0,600,94200000,0,0.0
28/09/2007,1200,190800000,159(1.27 %),1200,190800000,0,0,0,0.0
01/10/2007,21140,3477830000,166(4.40 %),22490,3695580000,1350,217750000,0,0.0
02/10/2007,2240,375400000,167(0.60 %),2240,375400000,0,0,0,0.0
03/10/2007,100,16400000,164(-1.80 %),100,16400000,0,0,0,0.0
04/10/2007,10000,1670000000,167(1.83 %),10000,1670000000,0,0,0,0.0
05/10/2007,2000,334000000,166(-0.60 %),2000,334000000,0,0,0,0.0
08/10/2007,15780,2597940000,163(-1.81 %),15780,2597940000,0,0,0,0.0
09/10/2007,0,0,163(0.00 %),0,0,0,0,0,0.0
10/10/2007,8780,1441730000,165(1.23 %),8780,1441730000,0,0,0,0.0
11/10/2007,33400,5674510000,170(3.03 %),33400,5674510000,0,0,0,0.0
12/10/2007,16050,2708260000,169(-0.59 %),16050,2708260000,0,0,0,0.0
15/10/2007,9000,1523620000,169(0.00 %),9000,1523620000,0,0,0,0.0
16/10/2007,28800,5003120000,177(4.73 %),28800,5003120000,0,0,0,0.0
17/10/2007,51430,9357630000,185(4.52 %),51430,9357630000,0,0,0,0.0
18/10/2007,84580,16374120000,194(4.86 %),97700,18905640000,13120,2531520000,0,0.0
19/10/2007,16670,3207430000,200(3.09 %),20870,4047430000,4200,840000000,0,0.0
22/10/2007,0,0,195(-2.50 %),0,0,0,0,0,0.0
23/10/2007,-12380,-2304930000,186(-4.62 %),0,0,12380,2304930000,0,0.0
24/10/2007,0,0,185(-0.54 %),0,0,0,0,0,0.0
25/10/2007,40460,7872410000,194(4.86 %),65460,12694610000,25000,4822200000,0,0.0
26/10/2007,26860,5380060000,203(4.64 %),27510,5512010000,650,131950000,0,0.0
29/10/2007,3000,602000000,199(-1.97 %),3000,602000000,0,0,0,0.0
30/10/2007,36970,7669430000,208(4.52 %),37470,7773330000,500,103900000,0,0.0
31/10/2007,13450,2932100000,218(4.81 %),13450,2932100000,0,0,0,0.0
01/11/2007,520,118560000,228(4.59 %),630,143640000,110,25080000,0,0.0
02/11/2007,2790,666810000,239(4.82 %),2790,666810000,0,0,0,0.0
05/11/2007,19930,4867000000,245(2.51 %),48260,11905200000,28330,7038200000,0,0.0
06/11/2007,12210,3001430000,241(-1.63 %),12790,3143690000,580,142260000,0,0.0
07/11/2007,0,0,229(-4.98 %),0,0,0,0,0,0.0
08/11/2007,0,0,225(-1.75 %),0,0,0,0,0,0.0
09/11/2007,100,22000000,222(-1.33 %),100,22000000,0,0,0,0.0
12/11/2007,27000,6236800000,232(4.50 %),27060,6250600000,60,13800000,0,0.0
13/11/2007,0,0,222(-4.31 %),0,0,0,0,0,0.0
14/11/2007,200,45000000,225(1.35 %),200,45000000,0,0,0,0.0
15/11/2007,11300,2552650000,226(0.44 %),20000,4518850000,8700,1966200000,0,0.0
16/11/2007,19700,4568600000,230(1.77 %),44700,10383600000,25000,5815000000,0,0.0
19/11/2007,10020,2319420000,231(0.43 %),10020,2319420000,0,0,0,0.0
20/11/2007,-4100,-916200000,222(-3.90 %),0,0,4100,916200000,0,0.0
21/11/2007,1010,226570000,223(0.45 %),1010,226570000,0,0,0,0.0
22/11/2007,0,0,223(0.00 %),0,0,0,0,0,0.0
23/11/2007,-50,-10950000,223(0.00 %),0,0,50,10950000,0,0.0
26/11/2007,27080,6270100000,234(4.93 %),27430,6352000000,350,81900000,0,0.0
27/11/2007,1550,365800000,234(0.00 %),1550,365800000,0,0,0,0.0
28/11/2007,8060,1885980000,234(0.00 %),8060,1885980000,0,0,0,0.0
29/11/2007,9280,2171520000,234(0.00 %),9280,2171520000,0,0,0,0.0
30/11/2007,2660,606890000,233(-0.43 %),4110,941620000,1450,334730000,0,0.0
03/12/2007,-550,-126500000,231(-0.86 %),0,0,550,126500000,0,0.0
04/12/2007,500,115000000,230(-0.43 %),500,115000000,0,0,0,0.0
05/12/2007,-9000,-2020600000,223(-3.04 %),0,0,9000,2020600000,0,0.0
06/12/2007,-3870,-853580000,222(-0.45 %),5130,1137420000,9000,1991000000,0,0.0
07/12/2007,-5900,-1294200000,220(-0.90 %),0,0,5900,1294200000,0,0.0
10/12/2007,0,0,222(0.91 %),0,0,0,0,0,0.0
11/12/2007,0,0,221(-0.45 %),0,0,0,0,0,0.0
12/12/2007,0,0,220(-0.45 %),0,0,0,0,0,0.0
13/12/2007,0,0,217(-1.36 %),0,0,0,0,0,0.0
14/12/2007,1800,374600000,207(-4.61 %),1800,374600000,0,0,0,0.0
17/12/2007,5050,1001270000,197(-4.83 %),5050,1001270000,0,0,0,0.0
18/12/2007,2660,521360000,192(-2.54 %),5000,971050000,2340,449690000,0,0.0
19/12/2007,0,0,198(3.12 %),0,0,0,0,0,0.0
20/12/2007,2280,451440000,198(0.00 %),3500,693000000,1220,241560000,0,0.0
21/12/2007,2500,500000000,200(1.01 %),2500,500000000,0,0,0,0.0
24/12/2007,1980,386000000,195(-2.50 %),2030,396000000,50,10000000,0,0.0
25/12/2007,1150,219250000,190(-2.56 %),1150,219250000,0,0,0,0.0
26/12/2007,150,28350000,190(0.00 %),150,28350000,0,0,0,0.0
27/12/2007,12850,2441500000,190(0.00 %),12850,2441500000,0,0,0,0.0
28/12/2007,-1280,-243200000,187(-1.58 %),20,3800000,1300,247000000,0,0.0
02/01/2008,2500,482500000,193(3.21 %),2500,482500000,0,0,0,0.0
03/01/2008,2320,445960000,190(-1.55 %),7450,1424500000,5130,978540000,0,0.0
04/01/2008,520,98800000,189(-0.53 %),540,102600000,20,3800000,0,0.0
07/01/2008,5000,940000000,188(-0.53 %),5000,940000000,0,0,0,0.0
08/01/2008,1690,325270000,188(0.00 %),2680,513840000,990,188570000,0,0.0
09/01/2008,520,97800000,188(0.00 %),520,97800000,0,0,0,0.0
10/01/2008,2500,470000000,188(0.00 %),2500,470000000,0,0,0,0.0
11/01/2008,0,0,184(-2.13 %),0,0,0,0,0,0.0
14/01/2008,1000,184000000,184(0.00 %),2000,368000000,1000,184000000,0,0.0
15/01/2008,8460,1556640000,184(0.00 %),8960,1648640000,500,92000000,0,0.0
16/01/2008,650,123550000,191(3.80 %),650,123550000,0,0,0,0.0
17/01/2008,20,3800000,189(-1.05 %),20,3800000,0,0,0,0.0
18/01/2008,0,0,188(-0.53 %),0,0,0,0,0,0.0
21/01/2008,1000,188000000,188(0.00 %),1000,188000000,0,0,0,0.0
22/01/2008,-1080,-197260000,184(-2.13 %),3160,576600000,4240,773860000,0,0.0
23/01/2008,3070,564880000,184(0.00 %),3070,564880000,0,0,0,0.0
24/01/2008,5000,918320000,175(-4.89 %),5000,918320000,0,0,0,0.0
25/01/2008,-230,-40020000,174(-0.57 %),0,0,230,40020000,0,0.0
28/01/2008,-2450,-411600000,169(-2.87 %),0,0,2450,411600000,0,0.0
29/01/2008,0,0,177(4.73 %),0,0,0,0,0,0.0
30/01/2008,1950,360740000,185(4.52 %),2000,369990000,50,9250000,0,0.0
31/01/2008,680,128130000,192(3.78 %),680,128130000,0,0,0,0.0
01/02/2008,0,0,192(0.00 %),0,0,0,0,0,0.0
12/02/2008,5600,1067200000,192(0.00 %),5600,1067200000,0,0,0,0.0
13/02/2008,10000,1940000000,194(1.04 %),10000,1940000000,0,0,0,0.0
14/02/2008,10300,1994990000,194(0.00 %),10300,1994990000,0,0,0,0.0
15/02/2008,0,0,192(-1.03 %),0,0,0,0,0,0.0
18/02/2008,5000,947880000,189(-1.56 %),5000,947880000,0,0,0,0.0
19/02/2008,500,94500000,185(-2.12 %),500,94500000,0,0,0,0.0
20/02/2008,3620,661100000,180(-2.70 %),3620,661100000,0,0,0,0.0
21/02/2008,17490,2990790000,171(-5.00 %),17490,2990790000,0,0,0,0.0
22/02/2008,13650,2230130000,170(-0.58 %),13650,2230130000,0,0,0,0.0
25/02/2008,200,35600000,178(4.71 %),200,35600000,0,0,0,0.0
26/02/2008,390,70380000,179(0.56 %),390,70380000,0,0,0,0.0
27/02/2008,60,10800000,174(-2.79 %),60,10800000,0,0,0,0.0
28/02/2008,-660,-97440000,166(-4.60 %),5000,857240000,5660,954680000,0,0.0
29/02/2008,-2730,-431340000,158(-4.82 %),0,0,2730,431340000,0,0.0
03/03/2008,0,0,151(-4.43 %),0,0,0,0,0,0.0
04/03/2008,0,0,144(-4.64 %),0,0,0,0,0,0.0
05/03/2008,20,2740000,137(-4.86 %),20,2740000,0,0,0,0.0
06/03/2008,0,0,143(4.38 %),0,0,0,0,0,0.0
07/03/2008,-2050,-307500000,150(4.90 %),7950,1192500000,10000,1500000000,0,0.0
10/03/2008,-8420,-1322940000,152(1.33 %),200,30400000,8620,1353340000,0,0.0
11/03/2008,1490,224850000,147(-3.29 %),4400,646800000,2910,421950000,0,0.0
12/03/2008,-1950,-292400000,146(-0.68 %),3000,452000000,4950,744400000,0,0.0
13/03/2008,-1000,-146050000,145(-0.68 %),500,73000000,1500,219050000,0,0.0
14/03/2008,0,0,140(-3.45 %),0,0,0,0,0,0.0
17/03/2008,0,0,133(-5.00 %),0,0,0,0,0,0.0
18/03/2008,3230,410210000,127(-4.51 %),3230,410210000,0,0,0,0.0
19/03/2008,0,0,124(-2.36 %),0,0,0,0,0,0.0
20/03/2008,12260,1536500000,127(2.42 %),12260,1536500000,0,0,0,0.0
21/03/2008,0,0,127(0.00 %),0,0,0,0,0,0.0
24/03/2008,-3190,-385990000,121(-4.72 %),0,0,3190,385990000,0,0.0
25/03/2008,-520,-59800000,115(-4.96 %),500,57500000,1020,117300000,0,0.0
26/03/2008,740,127510000,117(1.74 %),15030,1733310000,14290,1605800000,0,0.0
27/03/2008,20,2360000,118(0.85 %),20,2360000,0,0,0,0.0
28/03/2008,0,0,119(0.85 %),0,0,0,0,0,0.0
31/03/2008,0,0,120(0.84 %),0,0,0,0,0,0.0
01/04/2008,0,0,121(0.83 %),0,0,0,0,0,0.0
02/04/2008,-10,-1220000,122(0.83 %),0,0,10,1220000,0,0.0
03/04/2008,0,0,123(0.82 %),0,0,0,0,0,0.0
04/04/2008,0,0,124(0.81 %),0,0,0,0,0,0.0
07/04/2008,0,0,126(1.61 %),0,0,0,0,0,0.0
08/04/2008,600,76800000,128(1.59 %),600,76800000,0,0,0,0.0
09/04/2008,7340,954200000,130(1.56 %),7340,954200000,0,0,0,0.0
10/04/2008,9460,1240520000,130(0.00 %),9460,1240520000,0,0,0,0.0
11/04/2008,2100,268800000,128(-1.54 %),2100,268800000,0,0,0,0.0
16/04/2008,10300,1297800000,126(-1.56 %),10300,1297800000,0,0,0,0.0
17/04/2008,20000,2492280000,128(1.59 %),20000,2492280000,0,0,0,0.0
18/04/2008,540,70200000,129(0.78 %),540,70200000,0,0,0,0.0
21/04/2008,-60,-7620000,127(-1.55 %),0,0,60,7620000,0,0.0
22/04/2008,100,12500000,125(-1.57 %),100,12500000,0,0,0,0.0
23/04/2008,110,13530000,123(-1.60 %),110,13530000,0,0,0,0.0
24/04/2008,16270,1996800000,125(1.63 %),16270,1996800000,0,0,0,0.0
25/04/2008,11690,1484630000,127(1.60 %),11690,1484630000,0,0,0,0.0
28/04/2008,7170,919440000,129(1.57 %),7170,919440000,0,0,0,0.0
29/04/2008,6380,823020000,129(1.57 %),6380,823020000,0,0,0,0.0
05/05/2008,2710,355010000,131(1.55 %),27710,3630010000,25000,3275000000,0,0.0
06/05/2008,22690,3017770000,133(1.53 %),22690,3017770000,0,0,0,0.0
07/05/2008,34470,4634670000,135(1.50 %),48830,6573270000,14360,1938600000,0,0.0
08/05/2008,0,0,133(-1.48 %),0,0,0,0,0,0.0
09/05/2008,100,13100000,131(-1.50 %),100,13100000,0,0,0,0.0
12/05/2008,3000,387000000,129(-1.53 %),3000,387000000,0,0,0,0.0
13/05/2008,300,38700000,127(-1.55 %),300,38700000,0,0,0,0.0
14/05/2008,7000,875000000,125(-1.57 %),7000,875000000,0,0,0,0.0
15/05/2008,8500,1045500000,123(-1.60 %),8500,1045500000,0,0,0,0.0
16/05/2008,15000,1874330000,125(1.63 %),15000,1874330000,0,0,0,0.0
19/05/2008,100,12500000,125(0.00 %),100,12500000,0,0,0,0.0
20/05/2008,500,62500000,123(-1.60 %),500,62500000,0,0,0,0.0
21/05/2008,0,0,121(-1.63 %),0,0,0,0,0,0.0
22/05/2008,0,0,119(-1.65 %),0,0,0,0,0,0.0
23/05/2008,15000,1755000000,117(-1.68 %),15000,1755000000,0,0,0,0.0
26/05/2008,0,0,115(-1.71 %),0,0,0,0,0,0.0
27/05/2008,0,0,115(0.00 %),0,0,0,0,0,0.0
28/05/2008,0,0,115(0.00 %),0,0,0,0,0,0.0
29/05/2008,0,0,115(0.00 %),0,0,0,0,0,0.0
30/05/2008,0,0,113(-1.74 %),0,0,0,0,0,0.0
02/06/2008,2370,263070000,111(-1.77 %),2370,263070000,0,0,0,0.0
03/06/2008,100,10900000,109(-1.80 %),100,10900000,0,0,0,0.0
04/06/2008,0,0,107(-1.83 %),0,0,0,0,0,0.0
05/06/2008,70,7350000,105(-1.87 %),70,7350000,0,0,0,0.0
06/06/2008,0,0,103(-1.90 %),0,0,0,0,0,0.0
09/06/2008,0,0,101(-1.94 %),0,0,0,0,0,0.0
10/06/2008,20,1980000,99(-1.98 %),20,1980000,0,0,0,0.0
11/06/2008,100,9750000,97.5(-1.52 %),100,9750000,0,0,0,0.0
12/06/2008,14280,1370880000,96(-1.54 %),14280,1370880000,0,0,0,0.0
13/06/2008,-580,-56550000,97.5(1.56 %),200,19500000,780,76050000,0,0.0
16/06/2008,-4900,-478965000,98(0.51 %),15100,1476035000,20000,1955000000,0,0.0
17/06/2008,-8000,-785000000,99.5(1.53 %),12000,1176000000,20000,1961000000,0,0.0
18/06/2008,1270,124460000,98(-1.51 %),2000,196000000,730,71540000,0,0.0
19/06/2008,0,0,95.5(-2.55 %),0,0,0,0,0,0.0
20/06/2008,400,37200000,93(-2.62 %),400,37200000,0,0,0,0.0
23/06/2008,440,39820000,90.5(-2.69 %),440,39820000,0,0,0,0.0
24/06/2008,0,0,88(-2.76 %),0,0,0,0,0,0.0
25/06/2008,3270,287140000,89.5(1.70 %),3270,287140000,0,0,0,0.0
26/06/2008,16600,1527200000,92(2.79 %),16600,1527200000,0,0,0,0.0
27/06/2008,4210,395335000,94.5(2.72 %),4210,395335000,0,0,0,0.0
30/06/2008,5680,550960000,97(2.65 %),5730,555810000,50,4850000,0,0.0
01/07/2008,4260,423870000,99.5(2.58 %),4260,423870000,0,0,0,0.0
02/07/2008,11250,1147500000,102(2.51 %),11250,1147500000,0,0,0,0.0
03/07/2008,11710,1229550000,105(2.94 %),11710,1229550000,0,0,0,0.0
04/07/2008,10260,1108080000,108(2.86 %),10260,1108080000,0,0,0,0.0
07/07/2008,-1080,-119880000,105(-2.78 %),24450,2713950000,25530,2833830000,0,0.0
08/07/2008,20,2040000,102(-2.86 %),20,2040000,0,0,0,0.0
09/07/2008,6500,682500000,105(2.94 %),6500,682500000,0,0,0,0.0
10/07/2008,-60,-6420000,107(1.90 %),0,0,60,6420000,0,0.0
11/07/2008,1350,147400000,110(2.80 %),1350,147400000,0,0,0,0.0
14/07/2008,130,14060000,113(2.73 %),130,14060000,0,0,0,0.0
15/07/2008,480,55200000,116(2.65 %),480,55200000,0,0,0,0.0
16/07/2008,14120,1680280000,119(2.59 %),14320,1704080000,200,23800000,0,0.0
17/07/2008,0,0,117(-1.68 %),0,0,0,0,0,0.0
18/07/2008,0,0,114(-2.56 %),0,0,0,0,0,0.0
21/07/2008,0,0,111(-2.63 %),0,0,0,0,0,0.0
22/07/2008,-10,-1080000,108(-2.70 %),0,0,10,1080000,0,0.0
23/07/2008,0,0,105(-2.78 %),0,0,0,0,0,0.0
24/07/2008,0,0,102(-2.86 %),0,0,0,0,0,0.0
25/07/2008,100,9900000,99(-2.94 %),100,9900000,0,0,0,0.0
28/07/2008,-7950,-767175000,100(1.01 %),50,4825000,8000,772000000,0,0.0
29/07/2008,-1990,-204970000,103(3.00 %),0,0,1990,204970000,0,0.0
30/07/2008,2000,212000000,106(2.91 %),2000,212000000,0,0,0,0.0
31/07/2008,7880,858920000,109(2.83 %),7880,858920000,0,0,0,0.0
01/08/2008,5820,644020000,106(-2.75 %),5820,644020000,0,0,0,0.0
04/08/2008,0,0,103(-2.83 %),0,0,0,0,0,0.0
05/08/2008,0,0,100(-2.91 %),0,0,0,0,0,0.0
06/08/2008,2420,249010000,103(3.00 %),2420,249010000,0,0,0,0.0
07/08/2008,21080,2234480000,106(2.91 %),21080,2234480000,0,0,0,0.0
08/08/2008,20630,2232910000,109(2.83 %),20630,2232910000,0,0,0,0.0
11/08/2008,7480,837760000,112(2.75 %),7530,843360000,50,5600000,0,0.0
12/08/2008,500,56900000,109(-2.68 %),900,101700000,400,44800000,0,0.0
13/08/2008,90,9720000,108(-0.92 %),90,9720000,0,0,0,0.0
14/08/2008,1390,154290000,111(2.78 %),1940,215340000,550,61050000,0,0.0
15/08/2008,20650,2354100000,114(2.70 %),20650,2354100000,0,0,0,0.0
18/08/2008,19530,2324070000,119(4.39 %),19530,2324070000,0,0,0,0.0
19/08/2008,19760,2439940000,124(4.20 %),45460,5626740000,25700,3186800000,0,0.0
20/08/2008,100,12100000,119(-4.03 %),100,12100000,0,0,0,0.0
21/08/2008,-1610,-186980000,116(-2.52 %),0,0,1610,186980000,0,0.0
22/08/2008,-5800,-662400000,114(-1.72 %),10000,1140000000,15800,1802400000,0,0.0
25/08/2008,-100900,-11094710000,113(-0.88 %),5500,601000000,106400,11695710000,0,0.0
26/08/2008,-75270,-8383600000,111(-1.77 %),500,56000000,75770,8439600000,0,0.0
27/08/2008,-4350,-487200000,111(0.00 %),3300,369600000,7650,856800000,0,0.0
28/08/2008,0,0,108(-2.70 %),0,0,0,0,0,0.0
29/08/2008,100,10300000,104(-3.70 %),100,10300000,0,0,0,0.0
03/09/2008,-47270,-4727630000,99(-4.81 %),0,0,47270,4727630000,0,0.0
04/09/2008,-24890,-2451130000,99(0.00 %),0,0,24890,2451130000,0,0.0
05/09/2008,520,95220000,103(4.04 %),30520,3057320000,30000,2962100000,0,0.0
08/09/2008,12040,1235320000,103(0.00 %),262410,27023430000,250370,25788110000,0,0.0
09/09/2008,1550,163150000,104(0.97 %),31480,3267080000,29930,3103930000,0,0.0
10/09/2008,-20180,-2003320000,99(-4.81 %),0,0,20180,2003320000,0,0.0
11/09/2008,-3330,-314945000,94.5(-4.55 %),19180,1812510000,22510,2127455000,0,0.0
12/09/2008,-29070,-2618610000,90(-4.76 %),930,83715000,30000,2702325000,0,0.0
15/09/2008,-12490,-1105940000,93(3.33 %),10930,994630000,23420,2100570000,0,0.0
16/09/2008,-7950,-739350000,90(-3.23 %),0,0,7950,739350000,0,0.0
17/09/2008,0,0,85.5(-5.00 %),0,0,0,0,0,0.0
18/09/2008,-9900,-806455000,81.5(-4.68 %),100,8545000,10000,815000000,0,0.0
19/09/2008,-10000,-843480000,85.5(4.91 %),850,69355000,10850,912835000,0,0.0
22/09/2008,15000,1342500000,89.5(4.68 %),15000,1342500000,0,0,0,0.0
23/09/2008,40480,3784880000,93.5(4.47 %),48480,4532880000,8000,748000000,0,0.0
24/09/2008,-1510,-143450000,89(-4.81 %),0,0,1510,143450000,0,0.0
25/09/2008,-1290,-121245000,93(4.49 %),9520,878285000,10810,999530000,0,0.0
26/09/2008,-5210,-493815000,93(0.00 %),8810,829545000,14020,1323360000,0,0.0
29/09/2008,-5120,-442460000,90(-3.23 %),5310,502640000,10430,945100000,0,0.0
30/09/2008,-37980,-3224790000,90(0.00 %),5000,450000000,42980,3674790000,0,0.0
01/10/2008,0,0,92(2.22 %),0,0,0,0,0,0.0
02/10/2008,25210,2427125000,96.5(4.89 %),30210,2909625000,5000,482500000,0,0.0
03/10/2008,11350,1113460000,96(-0.52 %),11350,1113460000,0,0,0,0.0
06/10/2008,-15650,-1436640000,91.5(-4.44 %),62440,5743260000,78090,7179900000,0,0.0
07/10/2008,-10000,-870000000,87(-4.92 %),10000,870000000,20000,1740000000,0,0.0
08/10/2008,-7040,-584320000,91(4.60 %),0,0,7040,584320000,0,0.0
09/10/2008,130,11310000,87(-4.40 %),130,11310000,0,0,0,0.0
10/10/2008,-1730,-143590000,87(0.00 %),0,0,1730,143590000,0,0.0
13/10/2008,250,21750000,84(-3.45 %),250,21750000,0,0,0,0.0
14/10/2008,-5140,-452320000,88(4.76 %),500,44000000,5640,496320000,0,0.0
15/10/2008,12050,1108600000,85.5(-2.84 %),12050,1108600000,0,0,0,0.0
16/10/2008,-25000,-2037500000,85.5(0.00 %),124730,10564415000,149730,12601915000,0,0.0
17/10/2008,-4860,-379890000,82.5(-3.51 %),11500,969810000,16360,1349700000,0,0.0
20/10/2008,0,0,82.5(0.00 %),0,0,0,0,0,0.0
21/10/2008,-1920,-147585000,83(0.61 %),30000,2587075000,31920,2734660000,0,0.0
22/10/2008,2000,170000000,84(1.20 %),2000,170000000,0,0,0,0.0
23/10/2008,0,0,81(-3.57 %),0,0,0,0,0,0.0
24/10/2008,1350,105300000,78(-3.70 %),6600,514800000,5250,409500000,0,0.0
27/10/2008,7700,576850000,74.5(-4.49 %),7700,576850000,0,0,0,0.0
28/10/2008,-20000,-1420000000,71(-4.70 %),0,0,20000,1420000000,0,0.0
29/10/2008,0,0,74.5(4.93 %),0,0,0,0,0,0.0
30/10/2008,0,0,77(3.36 %),0,0,0,0,0,0.0
31/10/2008,0,0,77(0.00 %),0,0,0,0,0,0.0
03/11/2008,-6520,-479220000,73.5(-4.55 %),0,0,6520,479220000,0,0.0
04/11/2008,-1600,-116850000,77(4.76 %),0,0,1600,116850000,0,0.0
05/11/2008,16350,1316175000,80.5(4.55 %),16350,1316175000,0,0,0,0.0
06/11/2008,0,0,77(-4.35 %),0,0,0,0,0,0.0
07/11/2008,-4590,-337365000,74(-3.90 %),0,0,4590,337365000,0,0.0
10/11/2008,-43570,-3046000000,70(-4.11 %),0,0,43570,3046000000,0,0.0
11/11/2008,-14660,-1023060000,68(-2.86 %),0,0,14660,1023060000,0,0.0
12/11/2008,-100,-6800000,70(2.94 %),0,0,100,6800000,0,0.0
13/11/2008,0,0,72(2.86 %),0,0,0,0,0,0.0
14/11/2008,-13060,-894610000,68.5(-4.86 %),0,0,13060,894610000,0,0.0
17/11/2008,0,0,69(0.73 %),0,0,0,0,0,0.0
18/11/2008,0,0,70(1.45 %),0,0,0,0,0,0.0
19/11/2008,0,0,69(-1.43 %),0,0,0,0,0,0.0
20/11/2008,0,0,67.5(-2.17 %),0,0,0,0,0,0.0
21/11/2008,200,13200000,67.5(0.00 %),200,13200000,0,0,0,0.0
24/11/2008,0,0,69(2.22 %),0,0,0,0,0,0.0
25/11/2008,0,0,68.5(-0.72 %),0,0,0,0,0,0.0
26/11/2008,0,0,68(-0.73 %),0,0,0,0,0,0.0
27/11/2008,-16000,-1059170000,66(-2.94 %),0,0,16000,1059170000,0,0.0
28/11/2008,-10000,-664500000,66(0.00 %),0,0,10000,664500000,0,0.0
01/12/2008,-18950,-1201350000,63.5(-3.79 %),0,0,18950,1201350000,0,0.0
02/12/2008,-5730,-350530000,61(-3.94 %),0,0,5730,350530000,0,0.0
03/12/2008,-16650,-984075000,59(-3.28 %),0,0,16650,984075000,0,0.0
04/12/2008,0,0,60.5(2.54 %),0,0,0,0,0,0.0
05/12/2008,0,0,59.5(-1.65 %),0,0,0,0,0,0.0
08/12/2008,0,0,60(0.84 %),0,0,0,0,0,0.0
09/12/2008,-500,-28750000,57(-5.00 %),0,0,500,28750000,0,0.0
10/12/2008,0,0,58(1.75 %),0,0,0,0,0,0.0
11/12/2008,0,0,59.5(2.59 %),0,0,0,0,0,0.0
12/12/2008,0,0,62(4.20 %),0,0,0,0,0,0.0
15/12/2008,380,23560000,65(4.84 %),380,23560000,0,0,0,0.0
16/12/2008,0,0,63(-3.08 %),0,0,0,0,0,0.0
17/12/2008,-7530,-478735000,66(4.76 %),7470,486265000,15000,965000000,0,0.0
18/12/2008,29590,2033025000,69(4.55 %),29590,2033025000,0,0,0,0.0
19/12/2008,38110,2741810000,72(4.35 %),38110,2741810000,0,0,0,0.0
22/12/2008,23530,1761150000,75(4.17 %),23530,1761150000,0,0,0,0.0
23/12/2008,1040,78000000,71.5(-4.67 %),1040,78000000,0,0,0,0.0
24/12/2008,1200,86400000,72(0.70 %),1200,86400000,0,0,0,0.0
25/12/2008,0,0,71(-1.39 %),0,0,0,0,0,0.0
26/12/2008,0,0,71.5(0.70 %),0,0,0,0,0,0.0
29/12/2008,0,0,72(0.70 %),0,0,0,0,0,0.0
30/12/2008,0,0,71.5(-0.69 %),0,0,0,0,0,0.0
31/12/2008,0,0,75(4.90 %),0,0,0,0,0,0.0
02/01/2009,20,1430000,71.5(-4.67 %),20,1430000,0,0,683781,43.14
05/01/2009,-8430,-573240000,68(-4.90 %),0,0,8430,573240000,692211,43.06
06/01/2009,-21570,-1406810000,65.5(-3.68 %),0,0,21570,1406810000,713781,42.88
07/01/2009,0,0,68.5(4.58 %),0,0,0,0,713781,42.88
08/01/2009,0,0,70(2.19 %),0,0,0,0,713781,42.88
09/01/2009,0,0,70(0.00 %),0,0,0,0,713781,42.88
12/01/2009,0,0,69(-1.43 %),0,0,0,0,713781,42.88
13/01/2009,0,0,69(0.00 %),0,0,0,0,713781,42.88
14/01/2009,0,0,67(-2.90 %),0,0,0,0,713781,42.88
15/01/2009,0,0,67(0.00 %),0,0,0,0,713781,42.88
16/01/2009,0,0,66.5(-0.75 %),0,0,0,0,713781,42.88
19/01/2009,0,0,67.5(1.50 %),0,0,0,0,713781,42.88
20/01/2009,0,0,68(0.74 %),0,0,0,0,713781,42.88
21/01/2009,0,0,68(0.00 %),0,0,0,0,713781,42.88
22/01/2009,-4000,-266000000,67(-1.47 %),0,0,4000,266000000,717781,42.84
23/01/2009,-6000,-401010000,68.5(2.24 %),0,0,6000,401010000,723781,42.79
02/02/2009,10,700000,69(0.73 %),10,700000,0,0,723771,42.79
03/02/2009,10,685000,68.5(-0.72 %),10,685000,0,0,723761,42.79
04/02/2009,0,0,68(-0.73 %),0,0,0,0,723761,42.79
05/02/2009,0,0,68(0.00 %),0,0,0,0,723761,42.79
06/02/2009,-9700,-646945000,67(-1.47 %),0,0,9700,646945000,733461,42.71
09/02/2009,-2070,-137940000,67(0.00 %),0,0,2070,137940000,735531,42.69
10/02/2009,0,0,67.5(0.75 %),0,0,0,0,735531,42.69
11/02/2009,0,0,65(-3.70 %),0,0,0,0,735531,42.69
12/02/2009,-9000,-574680000,62(-4.62 %),0,0,9000,574680000,744531,42.61
13/02/2009,-2260,-142380000,63(1.61 %),0,0,2260,142380000,746791,42.6
16/02/2009,-2110,-132830000,63(0.00 %),0,0,2110,132830000,748901,42.58
17/02/2009,0,0,63(0.00 %),0,0,0,0,748901,42.58
18/02/2009,-4850,-292470000,60(-4.76 %),0,0,4850,292470000,753751,42.54
19/02/2009,-1500,-92000000,60(0.00 %),3500,203000000,5000,295000000,755251,42.52
20/02/2009,-7660,-438280000,58(-3.33 %),1000,58000000,8660,496280000,762911,42.46
23/02/2009,-5180,-287490000,55.5(-4.31 %),90110,5001105000,95290,5288595000,768091,42.41
24/02/2009,-5000,-265000000,53(-4.50 %),0,0,5000,265000000,773091,42.37
25/02/2009,-2710,-146340000,54(1.89 %),1000,54000000,3710,200340000,775801,42.35
26/02/2009,8550,454530000,51.5(-4.63 %),10060,533240000,1510,78710000,767251,42.42
27/02/2009,0,0,51.5(0.00 %),0,0,0,0,767251,42.42
02/03/2009,-9930,-496565000,50(-2.91 %),0,0,9930,496565000,777181,42.33
03/03/2009,-8050,-402500000,50(0.00 %),0,0,8050,402500000,785231,42.27
04/03/2009,-2050,-103525000,50.5(1.00 %),0,0,2050,103525000,787281,42.25
05/03/2009,-9020,-453310000,50.5(0.00 %),0,0,9020,453310000,796301,42.17
06/03/2009,-6470,-323500000,50(-0.99 %),0,0,6470,323500000,802771,42.12
09/03/2009,-2550,-127500000,50(0.00 %),0,0,2550,127500000,805321,42.09
10/03/2009,-6240,-312000000,50(0.00 %),0,0,6240,312000000,811561,42.04
11/03/2009,0,0,51(2.00 %),0,0,0,0,811561,42.04
12/03/2009,-880,-43915000,49.9(-2.16 %),0,0,880,43915000,812441,42.03
13/03/2009,-5590,-279500000,50(0.20 %),20,1000000,5610,280500000,818031,41.98
16/03/2009,-1900,-95000000,50(0.00 %),100,5000000,2000,100000000,819931,41.97
17/03/2009,-8940,-447605000,50(0.00 %),0,0,8940,447605000,828871,41.89
18/03/2009,-15000,-774500000,52.5(5.00 %),0,0,15000,774500000,843871,41.76
19/03/2009,-10000,-520000000,52(-0.95 %),0,0,10000,520000000,853871,41.68
20/03/2009,0,0,51.5(-0.96 %),0,0,0,0,853871,41.68
23/03/2009,0,0,51(-0.97 %),0,0,0,0,853871,41.68
24/03/2009,2790,151585000,51.5(0.98 %),18340,953260000,15550,801675000,851081,41.7
25/03/2009,40,2020000,51(-0.97 %),40,2020000,0,0,851041,41.7
26/03/2009,-1910,-96410000,51(0.00 %),4760,243760000,6670,340170000,852951,41.68
27/03/2009,-7990,-407490000,50.5(-0.98 %),10,510000,8000,408000000,860941,41.62
30/03/2009,-5220,-260200000,49.6(-1.78 %),5740,287800000,10960,548000000,866161,41.57
31/03/2009,0,0,48.7(-1.81 %),0,0,0,0,866161,41.57
01/04/2009,-6710,-335400000,50(2.67 %),0,0,6710,335400000,872871,41.51
02/04/2009,-10000,-500000000,50(0.00 %),0,0,10000,500000000,882871,41.43
03/04/2009,-29280,-1475190000,50(0.00 %),720,36310000,30000,1511500000,912151,41.18
07/04/2009,-30000,-1507270000,51.5(3.00 %),0,0,30000,1507270000,942151,40.92
08/04/2009,-14350,-731850000,51(-0.97 %),0,0,14350,731850000,956501,40.8
09/04/2009,-25110,-1260610000,50(-1.96 %),0,0,25110,1260610000,981611,40.58
10/04/2009,400,20600000,52.5(5.00 %),400,20600000,0,0,981211,40.58
13/04/2009,-67740,-3725700000,55(4.76 %),1000,55000000,68740,3780700000,1048951,40.0
14/04/2009,-7540,-415920000,55(0.00 %),630,34650000,8170,450570000,1056491,39.94
15/04/2009,-34030,-1787010000,52.5(-4.55 %),700,36750000,34730,1823760000,1090521,39.65
16/04/2009,-97520,-5003795000,51(-2.86 %),15300,783100000,112820,5786895000,1188041,38.81
17/04/2009,-20070,-1073745000,53.5(4.90 %),5700,304950000,25770,1378695000,1208111,38.64
20/04/2009,-17550,-1015350000,55(2.80 %),37000,2039000000,54550,3054350000,1225661,38.49
21/04/2009,1980,98950000,53(-3.64 %),11980,628950000,10000,530000000,1223681,38.51
22/04/2009,66030,3553625000,54.5(2.83 %),66140,3559510000,110,5885000,1157651,39.07
23/04/2009,54820,2986375000,54.5(0.00 %),56520,3079175000,1700,92800000,1102831,39.54
24/04/2009,76930,4171395000,53.5(-1.83 %),76930,4171395000,0,0,1025901,40.2
27/04/2009,22490,1214725000,54(0.93 %),22490,1214725000,0,0,1003411,40.39
28/04/2009,-1430,-76620000,55(1.85 %),8570,464380000,10000,541000000,1004841,40.38
29/04/2009,41830,2361475000,57.5(4.55 %),41830,2361475000,0,0,963011,40.74
04/05/2009,470,28200000,60(4.35 %),2470,148200000,2000,120000000,962541,40.74
05/05/2009,16000,1008000000,63(5.00 %),16000,1008000000,0,0,946541,40.88
06/05/2009,21320,1297630000,60(-4.76 %),21320,1297630000,0,0,925221,41.06
07/05/2009,14040,875770000,63(5.00 %),15040,938770000,1000,63000000,911181,41.19
08/05/2009,6970,415690000,60(-4.76 %),9270,556215000,2300,140525000,904211,41.25
11/05/2009,3500,210210000,60(0.00 %),3960,238500000,460,28290000,900711,41.28
12/05/2009,-240,-14160000,60(0.00 %),0,0,240,14160000,900951,41.27
13/05/2009,2500,153320000,59(-1.67 %),5000,302770000,2500,149450000,898451,41.29
14/05/2009,0,0,58.5(-0.85 %),0,0,0,0,898451,41.29
15/05/2009,3400,204100000,60.5(3.42 %),3900,233850000,500,29750000,895051,41.32
18/05/2009,24520,1505590000,59(-2.48 %),24520,1505590000,0,0,870531,41.53
19/05/2009,18800,1145590000,61.5(4.24 %),27200,1657990000,8400,512400000,851731,41.7
20/05/2009,22030,1391880000,64(4.07 %),22030,1391880000,0,0,829701,41.88
21/05/2009,-20660,-1265255000,61(-4.69 %),500,31500000,21160,1296755000,850361,41.71
22/05/2009,-9540,-558190000,59(-3.28 %),0,0,9540,558190000,859901,41.63
25/05/2009,-25000,-1526655000,61(3.39 %),0,0,25000,1526655000,884901,41.41
26/05/2009,-41500,-2557265000,61(0.00 %),500,31250000,42000,2588515000,926401,41.05
27/05/2009,500,30500000,63(3.28 %),1000,62000000,500,31500000,925901,41.06
28/05/2009,-300,-18450000,61(-3.17 %),89439,5634657000,89739,5653107000,926201,41.06
29/05/2009,-15000,-910170000,61(0.00 %),0,0,15000,910170000,941201,40.93
01/06/2009,-20000,-1224500000,62(1.64 %),0,0,20000,1224500000,961201,40.76
02/06/2009,6800,439250000,65(4.84 %),8300,535250000,1500,96000000,954401,40.81
03/06/2009,8000,544000000,68(4.62 %),8000,544000000,0,0,946401,40.88
04/06/2009,-10500,-745500000,71(4.41 %),16390,1163690000,26890,1909190000,956901,40.79
05/06/2009,7130,523060000,74.5(4.93 %),42610,3166320000,35480,2643260000,949771,40.85
08/06/2009,-66960,-5225370000,78(4.70 %),25000,1947510000,91960,7172880000,1016731,40.28
09/06/2009,-800,-60000000,75(-3.85 %),200,15000000,1000,75000000,1017531,40.27
10/06/2009,-50,-3125000,71.5(-4.67 %),450,32625000,500,35750000,1017581,40.27
11/06/2009,-24900,-1775695000,72(0.70 %),100,6900000,25000,1782595000,1042481,40.06
12/06/2009,-24950,-1775585000,71.5(-0.69 %),50,3600000,25000,1779185000,1067431,39.85
15/06/2009,-25300,-1721870000,68(-4.90 %),0,0,25300,1721870000,1092731,39.63
16/06/2009,-8180,-531700000,65(-4.41 %),0,0,8180,531700000,1100911,39.56
17/06/2009,-10000,-656040000,65.5(0.77 %),0,0,10000,656040000,1110911,39.47
18/06/2009,-6300,-421650000,68.5(4.58 %),2700,184675000,9000,606325000,1117211,39.42
19/06/2009,-1650,-112250000,67(-2.19 %),0,0,1650,112250000,1118861,39.4
22/06/2009,800,57450000,66(-1.49 %),10800,715700000,10000,658250000,1118061,39.41
23/06/2009,3170,201470000,63(-4.55 %),20000,1265000000,16830,1063530000,1114891,39.44
24/06/2009,-26480,-1615280000,61(-3.17 %),50,3050000,26530,1618330000,1141371,39.21
25/06/2009,400,25600000,64(4.92 %),500,32000000,100,6400000,1140971,39.21
26/06/2009,-1930,-123470000,64(0.00 %),100,6450000,2030,129920000,1142901,39.2
29/06/2009,-26730,-1662150000,61.5(-3.91 %),0,0,26730,1662150000,1169631,38.97
30/06/2009,0,0,61(-0.81 %),0,0,0,0,1169631,38.97
01/07/2009,-450,-27050000,59(-3.28 %),50,2950000,500,30000000,1170081,38.96
02/07/2009,-12200,-698360000,59.5(0.85 %),500,28250000,12700,726610000,1182281,38.86
03/07/2009,-14850,-852730000,58.5(-1.68 %),150,8625000,15000,861355000,1197131,38.73
06/07/2009,-2800,-164650000,61(4.27 %),200,11600000,3000,176250000,1224331,38.5
07/07/2009,-21600,-1282660000,62(1.64 %),33000,1963500000,54600,3246160000,1221531,38.52
08/07/2009,2970,178200000,61.5(-0.81 %),2970,178200000,0,0,1218561,38.55
09/07/2009,-770,-47440000,62(0.81 %),29230,1783030000,30000,1830470000,1219331,38.54
10/07/2009,-250,-15250000,60.5(-2.42 %),0,0,250,15250000,1219581,38.54
13/07/2009,2810,167195000,59.5(-1.65 %),2810,167195000,0,0,1216771,38.56
14/07/2009,50,2925000,60(0.84 %),50,2925000,0,0,1216721,38.56
15/07/2009,0,0,60(0.00 %),0,0,0,0,1216721,38.56
16/07/2009,0,0,60(0.00 %),0,0,0,0,1216721,38.56
17/07/2009,0,0,60(0.00 %),0,0,0,0,1216721,38.56
20/07/2009,0,0,58(-3.33 %),0,0,0,0,1216721,38.56
21/07/2009,0,0,59(1.72 %),0,0,0,0,1216721,38.56
22/07/2009,0,0,60(1.69 %),0,0,0,0,1216721,38.56
23/07/2009,0,0,61.5(2.50 %),0,0,0,0,1216721,38.56
24/07/2009,0,0,64.5(4.88 %),0,0,0,0,1216721,38.56
27/07/2009,-6460,-414300000,63(-2.33 %),850,54600000,7310,468900000,1223181,38.51
28/07/2009,-8290,-502795000,60(-4.76 %),0,0,8290,502795000,1231471,38.44
29/07/2009,-6210,-376620000,60(0.00 %),5800,348000000,12010,724620000,1237681,38.39
30/07/2009,-4490,-274400000,60.5(0.83 %),8020,481200000,12510,755600000,1242171,38.35
31/07/2009,-9270,-560835000,60.5(0.00 %),730,44165000,10000,605000000,1251441,38.27
03/08/2009,2640,158900000,60(-0.83 %),2640,158900000,0,0,1248801,38.29
04/08/2009,2360,141600000,61(1.67 %),2360,141600000,0,0,1246441,38.31
05/08/2009,0,0,62(1.64 %),0,0,0,0,1246441,38.31
06/08/2009,4000,248500000,62(0.00 %),4000,248500000,0,0,1242441,38.34
07/08/2009,7300,451600000,62(0.00 %),7300,451600000,0,0,1235141,38.41
10/08/2009,15890,993020000,63(1.61 %),17190,1072970000,1300,79950000,1219251,38.54
11/08/2009,1200,77400000,66(4.76 %),1200,77400000,0,0,1218051,38.55
12/08/2009,-2620,-174500000,67.5(2.27 %),1000,69000000,3620,243500000,1220671,38.53
13/08/2009,16510,1137150000,69(2.22 %),16710,1150750000,200,13600000,1204161,38.67
14/08/2009,15190,1033025000,67.5(-2.17 %),15390,1046625000,200,13600000,1188971,38.8
17/08/2009,31870,2169875000,67.5(0.00 %),33070,2252175000,1200,82300000,1157101,39.08
18/08/2009,1240,81840000,66(-2.22 %),1240,81840000,0,0,1155861,39.09
19/08/2009,0,0,67.5(2.27 %),0,0,0,0,1155861,39.09
20/08/2009,0,0,69(2.22 %),0,0,0,0,1155861,39.09
21/08/2009,22350,1546390000,69(0.00 %),22800,1577215000,450,30825000,1133511,39.28
24/08/2009,0,0,68.5(-0.72 %),0,0,0,0,1133511,39.28
25/08/2009,-30000,-2001000000,67(-2.19 %),0,0,30000,2001000000,1138011,39.24
26/08/2009,25500,1762870000,68.5(2.24 %),25500,1762870000,0,0,1108011,39.5
27/08/2009,0,0,68(-0.73 %),0,0,0,0,1108011,39.5
28/08/2009,0,0,68.5(0.74 %),0,0,0,0,1108011,39.5
31/08/2009,12210,842490000,69.5(1.46 %),12210,842490000,0,0,1095801,39.6
01/09/2009,-300,-20550000,68(-2.16 %),0,0,300,20550000,1096101,39.6
03/09/2009,-20100,-1319420000,69(1.47 %),26900,1797300000,47000,3116720000,1116201,39.43
04/09/2009,8400,575550000,69(0.00 %),8400,575550000,0,0,1107801,39.5
07/09/2009,5840,396675000,69(0.00 %),6390,434375000,550,37700000,1101961,39.55
08/09/2009,-450,-31275000,70(1.45 %),0,0,450,31275000,1102411,39.55
09/09/2009,-730,-50370000,69(-1.43 %),0,0,730,50370000,1103141,39.54
10/09/2009,0,0,68.5(-0.72 %),0,0,0,0,1103141,39.54
11/09/2009,5940,410160000,69(0.73 %),5940,410160000,0,0,1097201,39.59
14/09/2009,0,0,70(1.45 %),0,0,0,0,1097201,39.59
15/09/2009,13470,929430000,69(-1.43 %),13470,929430000,0,0,1083731,39.71
16/09/2009,14300,1011210000,72(4.35 %),14300,1011210000,0,0,1069431,39.83
17/09/2009,31140,2274570000,74(2.78 %),32840,2397220000,1700,122650000,1038291,40.1
18/09/2009,18400,1378250000,74.5(0.68 %),18400,1378250000,0,0,1019891,40.25
21/09/2009,9340,693830000,74(-0.67 %),9340,693830000,0,0,1010551,40.33
22/09/2009,3990,290510000,72.5(-2.03 %),4500,328250000,510,37740000,1006561,40.37
23/09/2009,39740,2929915000,73.5(1.38 %),39830,2936485000,90,6570000,966821,40.71
24/09/2009,3030,222655000,74(0.68 %),5030,369655000,2000,147000000,963791,40.73
25/09/2009,0,0,77.5(4.73 %),0,0,0,0,963791,42.67
28/09/2009,0,0,81(4.52 %),0,0,0,0,939891,42.82
29/09/2009,-610,-51850000,84(3.70 %),0,0,610,51850000,906741,41.22
30/09/2009,10100,810050000,80(-4.76 %),10100,810050000,0,0,896641,41.31
01/10/2009,6710,514230000,77(-3.75 %),6710,514230000,0,0,889931,41.37
02/10/2009,-1020,-76500000,75(-2.60 %),13980,1048500000,15000,1125000000,890951,41.36
05/10/2009,4460,341480000,77(2.67 %),4460,341480000,0,0,886491,41.4
06/10/2009,23630,1829955000,78.5(1.95 %),23630,1829955000,0,0,862861,41.6
07/10/2009,10000,815700000,82(4.46 %),10000,815700000,0,0,852861,41.69
08/10/2009,0,0,83(1.22 %),0,0,0,0,852861,41.69
09/10/2009,13000,1079000000,83.5(0.60 %),15700,1303100000,2700,224100000,839861,41.8
12/10/2009,10650,876975000,83.5(0.00 %),10650,876975000,0,0,829211,41.89
13/10/2009,5500,456750000,83(-0.60 %),5500,456750000,0,0,823711,41.94
14/10/2009,3990,330170000,83(0.00 %),3990,330170000,0,0,819721,41.97
15/10/2009,11430,995035000,87(4.82 %),11680,1016160000,250,21125000,808291,42.07
16/10/2009,3430,291550000,86(-1.15 %),3430,291550000,0,0,855641,41.66
19/10/2009,0,0,86(0.00 %),0,0,0,0,804861,42.1
20/10/2009,-100,-8850000,84(-2.33 %),0,0,100,8850000,804961,42.1
21/10/2009,140,11760000,86(2.38 %),140,11760000,0,0,804821,42.1
22/10/2009,-9590,-816035000,86.5(0.58 %),0,0,9590,816035000,814411,42.02
23/10/2009,-22610,-1911835000,84(-2.89 %),29030,2438520000,51640,4350355000,837021,41.82
26/10/2009,-22050,-1796640000,81.5(-2.98 %),360,29340000,22410,1825980000,859071,41.63
27/10/2009,0,0,81.5(0.00 %),0,0,0,0,859071,41.63
28/10/2009,-13000,-1062750000,81.5(0.00 %),0,0,13000,1062750000,872071,41.52
29/10/2009,400,32600000,81.5(0.00 %),400,32600000,0,0,871671,41.52
30/10/2009,-10000,-800000000,80(-1.84 %),0,0,10000,800000000,881671,41.44
02/11/2009,-15000,-1165000000,78(-2.50 %),0,0,15000,1165000000,896671,41.31
03/11/2009,-4500,-363250000,79(1.28 %),8800,686200000,13300,1049450000,901171,41.27
04/11/2009,100,8000000,80(1.27 %),100,8000000,0,0,901071,41.27
05/11/2009,1400,112000000,82(2.50 %),1400,112000000,0,0,899671,41.28
06/11/2009,0,0,83(1.22 %),0,0,0,0,899671,41.28
09/11/2009,1820,147830000,82(-1.20 %),1820,147830000,0,0,897851,41.3
10/11/2009,350,28350000,82(0.00 %),350,28350000,0,0,897501,41.3
11/11/2009,9700,813180000,84(2.44 %),10000,837780000,300,24600000,887801,41.39
12/11/2009,39280,3337550000,85(1.19 %),39280,3337550000,0,0,848521,41.72
13/11/2009,0,0,84.5(-0.59 %),0,0,0,0,848521,41.72
16/11/2009,0,0,84.5(0.00 %),0,0,0,0,848521,41.72
17/11/2009,0,0,81(-4.14 %),0,0,0,0,848521,41.72
18/11/2009,5000,420000000,84(3.70 %),5000,420000000,0,0,843521,41.77
19/11/2009,1000,84000000,84(0.00 %),1000,84000000,0,0,842521,41.77
20/11/2009,2290,192360000,82(-2.38 %),2300,193200000,10,840000,840231,41.79
23/11/2009,100,8110000,80.5(-1.83 %),100,8110000,0,0,840131,41.79
24/11/2009,5000,415000000,83(3.11 %),5000,415000000,0,0,835131,41.84
25/11/2009,500,41500000,83(0.00 %),1000,83000000,500,41500000,834631,41.84
26/11/2009,0,0,79(-4.82 %),0,0,0,0,834631,41.84
27/11/2009,1610,128360000,80.5(1.90 %),1610,128360000,0,0,833021,41.86
30/11/2009,0,0,81(0.62 %),0,0,0,0,833021,41.86
01/12/2009,1100,91050000,83(2.47 %),1100,91050000,0,0,831921,41.87
02/12/2009,5570,456320000,82(-1.20 %),5570,456320000,0,0,826351,41.91
03/12/2009,10000,800000000,80(-2.44 %),10000,800000000,0,0,816351,42.0
04/12/2009,0,0,78(-2.50 %),0,0,0,0,816351,42.0
07/12/2009,-5050,-383800000,74.5(-4.49 %),0,0,5050,383800000,821401,41.96
08/12/2009,1000,76000000,72.5(-2.68 %),6000,451000000,5000,375000000,820401,41.96
09/12/2009,-5000,-345000000,69(-4.83 %),0,0,5000,345000000,825401,41.92
10/12/2009,-16700,-1116390000,66(-4.35 %),3300,221100000,20000,1337490000,842101,41.78
11/12/2009,-2790,-182730000,69(4.55 %),23240,1561280000,26030,1744010000,844891,41.75
14/12/2009,3290,230300000,70(1.45 %),3390,237300000,100,7000000,841601,41.78
15/12/2009,2400,171450000,73(4.29 %),2400,171450000,0,0,839201,41.8
16/12/2009,4770,342445000,72(-1.37 %),4820,346095000,50,3650000,834431,41.84
17/12/2009,10090,721435000,72(0.00 %),20590,1471085000,10500,749650000,824341,41.93
18/12/2009,6370,479550000,75.5(4.86 %),6370,479550000,0,0,817971,41.98
21/12/2009,2000,158000000,79(4.64 %),2000,158000000,0,0,815971,42.0
22/12/2009,8000,655205000,81(2.53 %),8000,655205000,0,0,807971,42.07
23/12/2009,0,0,81(0.00 %),0,0,0,0,807971,42.07
24/12/2009,-3010,-240800000,80(-1.23 %),0,0,3010,240800000,810981,42.04
25/12/2009,500,40750000,80(0.00 %),1000,80000000,500,39250000,810481,42.05
28/12/2009,0,0,78(-2.50 %),0,0,0,0,810481,42.05
29/12/2009,-5000,-402500000,80.5(3.21 %),0,0,5000,402500000,815481,42.01
30/12/2009,0,0,84.5(4.97 %),0,0,0,0,815481,42.01
31/12/2009,0,0,84.5(0.00 %),0,0,0,0,815481,42.01
04/01/2010,-5050,-424200000,84(-0.59 %),0,0,5050,424200000,820531,41.96
05/01/2010,-350,-28805000,81(-3.57 %),0,0,350,28805000,820881,41.96
06/01/2010,0,0,78(-3.70 %),0,0,0,0,820881,41.96
07/01/2010,0,0,76.5(-1.92 %),0,0,0,0,820881,41.96
08/01/2010,-10200,-785800000,76.5(0.00 %),800,61200000,11000,847000000,831081,41.87
11/01/2010,0,0,77(0.65 %),0,0,0,0,831081,41.87
12/01/2010,630,48510000,75(-2.60 %),700,53900000,70,5390000,830451,41.88
13/01/2010,1300,97500000,75(0.00 %),1300,97500000,0,0,829151,41.89
14/01/2010,280,21000000,77(2.67 %),280,21000000,0,0,828871,41.89
15/01/2010,0,0,76.5(-0.65 %),0,0,0,0,828871,41.89
18/01/2010,2490,186750000,75(-1.96 %),2490,186750000,0,0,826381,41.91
19/01/2010,-7870,-568300000,72(-4.00 %),22330,1643250000,30200,2211550000,834251,41.85
20/01/2010,-19500,-1360990000,68.5(-4.86 %),10700,768700000,30200,2129690000,853751,41.68
21/01/2010,-12080,-810290000,66(-3.65 %),0,0,12080,810290000,865831,41.57
22/01/2010,-11580,-748925000,64(-3.03 %),600,39300000,12180,788225000,877411,41.47
25/01/2010,-2740,-183000000,65(1.56 %),300,19700000,3040,202700000,880151,41.45
26/01/2010,-35360,-2329850000,67(3.08 %),2000,130250000,37360,2460100000,915511,41.15
27/01/2010,-4180,-280110000,66(-1.49 %),350,23100000,4530,303210000,919691,41.11
28/01/2010,-4530,-298980000,66(0.00 %),0,0,4530,298980000,924221,41.07
29/01/2010,-12130,-782560000,65(-1.52 %),50,3200000,12180,785760000,936351,40.97
01/02/2010,-6440,-416220000,64(-1.54 %),1100,70650000,7540,486870000,942791,40.91
02/02/2010,-4070,-263000000,65(1.56 %),2020,131300000,6090,394300000,946861,40.88
03/02/2010,-1090,-62605000,68(4.62 %),5000,340000000,6090,402605000,947951,40.87
04/02/2010,-14510,-1010945000,69(1.47 %),24310,1681890000,38820,2692835000,962461,40.75
05/02/2010,-2440,-170375000,69(0.00 %),12760,880440000,15200,1050815000,964901,40.72
08/02/2010,-15200,-1012105000,66(-4.35 %),0,0,15200,1012105000,980101,40.59
09/02/2010,-5630,-362695000,64(-3.03 %),20000,1295750000,25630,1658445000,985731,40.55
10/02/2010,2720,174855000,67(4.69 %),25360,1640700000,22640,1465845000,983011,40.57
11/02/2010,5030,340205000,68(1.49 %),20280,1358635000,15250,1018430000,977981,40.61
12/02/2010,1330,96090000,68(0.00 %),16580,1137010000,15250,1040920000,976651,40.62
22/02/2010,6690,458660000,69(1.47 %),22070,1516630000,15380,1057970000,969961,40.68
23/02/2010,34730,2396370000,69(0.00 %),57630,3976470000,22900,1580100000,935231,40.98
24/02/2010,-400,-27625000,69(0.00 %),22470,1550430000,22870,1578055000,935631,40.98
25/02/2010,9050,624400000,69(0.00 %),51300,3539650000,42250,2915250000,926581,41.05
26/02/2010,0,0,70(1.45 %),0,0,0,0,873211,41.05
01/03/2010,20,1420000,70(0.00 %),20,1420000,0,0,873191,41.51
02/03/2010,0,0,69.5(-0.71 %),450,31500000,450,31500000,873191,41.51
03/03/2010,-100,-6800000,70(0.72 %),0,0,100,6800000,873291,41.51
04/03/2010,7890,552300000,70.5(0.71 %),9740,681800000,1850,129500000,865401,41.58
05/03/2010,5020,351400000,70(-0.71 %),5020,351400000,0,0,860381,41.62
08/03/2010,0,0,70.5(0.71 %),0,0,0,0,860381,41.62
09/03/2010,9990,709290000,72.5(2.84 %),10090,716390000,100,7100000,850391,41.71
10/03/2010,2140,151225000,70(-3.45 %),2470,175315000,330,24090000,848251,41.73
11/03/2010,33390,2321830000,72(2.86 %),33890,2357330000,500,35500000,814861,42.01
12/03/2010,800,57600000,72(0.00 %),800,57600000,0,0,814061,42.02
15/03/2010,-100,-7100000,71(-1.39 %),0,0,100,7100000,814161,42.02
16/03/2010,1330,93580000,70(-1.41 %),1330,93580000,0,0,812831,42.03
17/03/2010,8800,624800000,71(1.43 %),8800,624800000,0,0,804031,42.1
18/03/2010,10000,709000000,71(0.00 %),10000,709000000,0,0,794031,42.19
19/03/2010,10000,710000000,71(0.00 %),10000,710000000,0,0,784031,42.28
22/03/2010,1690,120000000,71.5(0.70 %),1690,120000000,0,0,782341,42.29
23/03/2010,19840,1452800000,75(4.90 %),21820,1595360000,1980,142560000,762501,42.46
24/03/2010,20,1500000,75(0.00 %),20,1500000,0,0,762481,42.46
25/03/2010,0,0,75(0.00 %),0,0,0,0,762481,42.46
26/03/2010,0,0,73.5(-2.00 %),0,0,0,0,762481,42.46
29/03/2010,1420,104370000,72(-2.04 %),1420,104370000,0,0,761061,42.47
30/03/2010,500,36000000,72(0.00 %),500,36000000,0,0,760561,42.48
31/03/2010,1900,135850000,71.5(-0.69 %),1900,135850000,0,0,758661,42.49
01/04/2010,28450,2065585000,73.5(2.80 %),40000,2907010000,11550,841425000,730211,42.74
02/04/2010,19210,1421435000,74(0.68 %),19210,1421435000,0,0,711001,42.9
05/04/2010,10790,794960000,73.5(-0.68 %),10790,794960000,0,0,700211,42.99
06/04/2010,10000,727570000,72(-2.04 %),10000,727570000,0,0,690211,43.08
07/04/2010,0,0,72(0.00 %),200000,14400000000,200000,14400000000,690211,43.08
08/04/2010,0,0,72.5(0.69 %),115990,8409275000,115990,8409275000,690211,43.08
09/04/2010,-1010,-72035000,70.5(-2.76 %),20,1430000,1030,73465000,691221,43.07
12/04/2010,-800,-56650000,71(0.71 %),100000,7100000000,100800,7156650000,692021,43.06
13/04/2010,-7210,-498590000,69(-2.82 %),200,13800000,7410,512390000,699231,43.0
14/04/2010,-1200,-81350000,68(1.49 %),0,0,1200,81350000,700431,42.99
15/04/2010,5150,350700000,68(0.00 %),14100,958800000,8950,608100000,695281,43.04
16/04/2010,-4970,-335990000,67(-1.47 %),1000,68000000,5970,403990000,700251,42.99
19/04/2010,-4000,-269000000,67.5(0.75 %),0,0,4000,269000000,704251,42.96
20/04/2010,-900,-61200000,68.5(1.48 %),100,6800000,1000,68000000,705151,42.95
21/04/2010,-1900,-129350000,67.5(-1.46 %),400,27200000,2300,156550000,707051,42.94
22/04/2010,-2180,-147305000,67.5(0.00 %),100,6800000,2280,154105000,709231,42.92
26/04/2010,1400,94500000,67.5(0.00 %),1400,94500000,0,0,698451,43.01
27/04/2010,6580,444150000,68(0.74 %),6580,444150000,0,0,701251,42.99
28/04/2010,1400,95100000,68.5(0.74 %),2600,176700000,1200,81600000,699851,43.0
29/04/2010,2650,179975000,68.5(0.00 %),25700,1747600000,23050,1567625000,697201,43.02
04/05/2010,13500,942035000,70(2.19 %),30000,2097035000,16500,1155000000,683701,43.14
05/05/2010,18040,1262800000,70(0.00 %),36300,2541000000,18260,1278200000,665661,43.29
06/05/2010,3250,227375000,70(0.00 %),9000,627000000,5750,399625000,662411,43.32
07/05/2010,13650,933675000,67.5(-3.57 %),24500,1673750000,10850,740075000,648761,43.44
10/05/2010,670,45560000,68(0.74 %),21170,1419560000,20500,1374000000,648091,43.44
12/05/2010,-1100,-73305000,68.5(0.74 %),1430,97240000,2530,170545000,649191,43.43
13/05/2010,-1000,-68000000,68(-0.73 %),0,0,1000,68000000,650191,43.42
14/05/2010,1720,116520000,68(0.00 %),3500,238000000,1780,121480000,648471,43.44
17/05/2010,2450,162100000,66.5(-2.21 %),2550,168900000,100,6800000,646021,43.46
18/05/2010,-50,-3375000,67.5(1.50 %),0,0,50,3375000,646071,43.46
19/05/2010,650,43500000,65(-3.70 %),1150,77250000,500,33750000,645421,43.46
20/05/2010,50,3150000,66(1.54 %),50,3150000,0,0,645371,43.47
21/05/2010,850,54400000,65(-1.52 %),850,54400000,0,0,644521,43.47
24/05/2010,0,0,65(0.00 %),0,0,0,0,644521,43.47
25/05/2010,-600,-37800000,63(-3.08 %),0,0,600,37800000,645121,43.47
26/05/2010,-410,-26445000,64.5(2.38 %),0,0,410,26445000,645531,43.46
27/05/2010,-30,-1935000,64.5(0.00 %),0,0,30,1935000,645561,43.46
28/05/2010,0,0,66.5(3.10 %),0,0,0,0,645561,43.46
31/05/2010,2200,147400000,66(-0.75 %),2200,147400000,0,0,643361,43.48
01/06/2010,-1000,-65500000,65.5(-0.76 %),0,0,1000,65500000,644361,43.47
02/06/2010,0,0,67.5(3.05 %),0,0,0,0,644361,43.47
03/06/2010,-500,-32750000,67(-0.74 %),0,0,500,32750000,644861,43.47
04/06/2010,0,0,64.5(-3.73 %),0,0,0,0,644861,43.47
07/06/2010,10,630000,63(-2.33 %),10,630000,0,0,644851,43.47
08/06/2010,-3850,-242550000,63(0.00 %),0,0,3850,242550000,648701,43.44
09/06/2010,-1610,-101430000,63(0.00 %),100,6300000,1710,107730000,650311,43.42
10/06/2010,-300,-18900000,66(4.76 %),0,0,300,18900000,650611,43.42
11/06/2010,0,0,68(3.03 %),0,0,0,0,650611,43.42
14/06/2010,0,0,65(-4.41 %),0,0,0,0,650611,43.42
15/06/2010,-600,-38700000,63(-3.08 %),0,0,600,38700000,651211,43.41
16/06/2010,-970,-62595000,64.5(2.38 %),30,1905000,1000,64500000,652181,43.41
17/06/2010,0,0,64.5(0.00 %),0,0,0,0,652181,43.41
18/06/2010,0,0,64(-0.78 %),0,0,0,0,652181,43.41
21/06/2010,110,7035000,64(0.00 %),110,7035000,0,0,652071,43.41
22/06/2010,50,3200000,64(0.00 %),50,3200000,0,0,652021,43.41
23/06/2010,-1200,-75850000,63.5(-0.78 %),50,3175000,1250,79025000,653221,43.4
24/06/2010,-2340,-147965000,63.5(0.00 %),0,0,2340,147965000,655561,43.38
25/06/2010,-1360,-85680000,63(-0.79 %),50,3150000,1410,88830000,656921,43.37
28/06/2010,-100,-6300000,63(0.00 %),0,0,100,6300000,657021,43.37
29/06/2010,-1390,-86875000,62.5(-0.79 %),50,3125000,1440,90000000,658411,43.35
30/06/2010,-3340,-207085000,61.5(-1.60 %),60,3715000,3400,210800000,661751,43.32
01/07/2010,0,0,61.5(0.00 %),0,0,0,0,661751,43.32
02/07/2010,-6000,-369000000,63(2.44 %),3000,189000000,9000,558000000,667751,43.27
05/07/2010,1150,72450000,64.5(2.38 %),1150,72450000,0,0,666601,43.28
06/07/2010,1000,64000000,64(-0.78 %),1000,64000000,0,0,665601,43.29
07/07/2010,300,19200000,64(0.00 %),300,19200000,0,0,665301,43.29
08/07/2010,0,0,64(0.00 %),0,0,0,0,665301,43.29
09/07/2010,0,0,61(-4.69 %),0,0,0,0,665301,43.29
12/07/2010,0,0,61(0.00 %),0,0,0,0,665301,43.29
13/07/2010,0,0,64(4.92 %),0,0,0,0,665301,43.29
14/07/2010,0,0,66(3.12 %),0,0,0,0,665301,43.29
15/07/2010,400,26000000,66(0.00 %),400,26000000,0,0,664901,43.3
16/07/2010,0,0,66(0.00 %),0,0,0,0,664901,43.3
19/07/2010,0,0,63(-4.55 %),0,0,0,0,664901,43.3
20/07/2010,0,0,63.5(0.79 %),0,0,0,0,664901,43.3
21/07/2010,0,0,63.5(0.00 %),0,0,0,0,664901,43.3
22/07/2010,0,0,63.5(0.00 %),0,0,0,0,664901,43.3
23/07/2010,0,0,64(0.79 %),0,0,0,0,664901,43.3
26/07/2010,0,0,64(0.00 %),0,0,0,0,664901,43.3
27/07/2010,0,0,64(0.00 %),0,0,0,0,664901,43.3
28/07/2010,1500,96000000,64(0.00 %),1500,96000000,0,0,663401,43.31
29/07/2010,-300,-18600000,64(0.00 %),0,0,300,18600000,663701,43.31
30/07/2010,0,0,64(0.00 %),0,0,0,0,663701,43.31
02/08/2010,0,0,64(0.00 %),0,0,0,0,663701,43.31
03/08/2010,-420,-26460000,63(-1.56 %),0,0,420,26460000,664121,43.3
04/08/2010,600,37200000,62(-1.59 %),600,37200000,0,0,663521,43.31
05/08/2010,0,0,62(0.00 %),0,0,0,0,663521,43.31
06/08/2010,-400,-23600000,63(1.61 %),1600,94400000,2000,118000000,663921,43.31
09/08/2010,490,29770000,60.5(-3.97 %),490,29770000,0,0,663431,43.31
10/08/2010,0,0,60.5(0.00 %),0,0,0,0,663431,43.31
11/08/2010,0,0,60.5(0.00 %),0,0,0,0,0,49.05
12/08/2010,12120,721320000,59.5(-1.65 %),17620,1051820000,5500,330500000,651311,43.41
13/08/2010,7480,442310000,59.5(0.00 %),7480,442310000,0,0,643831,43.48
16/08/2010,9850,591000000,60(0.84 %),9850,591000000,0,0,633981,43.56
17/08/2010,3290,197400000,60(0.00 %),3290,197400000,0,0,0,49.08
18/08/2010,6980,418800000,60(0.00 %),6980,418800000,0,0,623711,43.65
19/08/2010,2390,143400000,60(0.00 %),2390,143400000,0,0,0,0.0
20/08/2010,5610,336600000,60(0.00 %),5610,336600000,0,0,0,49.05
23/08/2010,800,47200000,59(-1.67 %),800,47200000,0,0,0,5719722.0
24/08/2010,20,1130000,56.5(-4.24 %),20,1130000,0,0,0,0.0
25/08/2010,1000,58000000,58(2.65 %),1000,58000000,0,0,0,49.06
26/08/2010,100,5900000,59(1.72 %),100,5900000,0,0,0,49.06
27/08/2010,1460,83285000,56.5(-4.24 %),1460,83285000,0,0,0,49.08
30/08/2010,0,0,59(4.42 %),0,0,0,0,0,49.08
31/08/2010,-1000,-61500000,61.5(4.24 %),0,0,1000,61500000,0,49.07
01/09/2010,2000,120000000,60(-2.44 %),2000,120000000,0,0,0,49.09
06/09/2010,0,0,60(0.00 %),0,0,0,0,694001,49.09
07/09/2010,0,0,57.5(-4.17 %),0,0,0,0,0,49.09
08/09/2010,0,0,57(-0.87 %),0,0,0,0,0,49.09
09/09/2010,7450,432100000,58(1.75 %),7450,432100000,0,0,0,49.15
10/09/2010,1800,104400000,58(0.00 %),1800,104400000,0,0,0,49.17
13/09/2010,1200,69600000,58(0.00 %),1200,69600000,0,0,0,49.18
14/09/2010,2490,144420000,59(1.72 %),2490,144420000,0,0,0,49.2
15/09/2010,0,0,59(0.00 %),0,0,0,0,0,49.2
16/09/2010,0,0,59(0.00 %),0,0,0,0,0,49.2
17/09/2010,2000,117900000,59(0.00 %),6000,353900000,4000,236000000,0,49.21
20/09/2010,0,0,59.5(0.85 %),0,0,0,0,0,49.21
21/09/2010,0,0,59(-0.84 %),0,0,0,0,0,49.21
22/09/2010,0,0,59(0.00 %),0,0,0,0,0,49.21
23/09/2010,0,0,58.5(-0.85 %),0,0,0,0,0,49.21
24/09/2010,200,11550000,57(-2.56 %),200,11550000,0,0,0,49.22
27/09/2010,0,0,58(1.75 %),0,0,0,0,0,49.22
28/09/2010,0,0,58(0.00 %),0,0,0,0,0,49.22
29/09/2010,1010,58555000,58(0.00 %),1010,58555000,0,0,0,49.22
30/09/2010,0,0,59(1.72 %),0,0,0,0,677851,49.22
01/10/2010,500,29500000,59(0.00 %),500,29500000,0,0,677351,43.19
04/10/2010,0,0,59(0.00 %),0,0,0,0,677351,43.19
05/10/2010,0,0,60.5(2.54 %),0,0,0,0,677351,43.19
06/10/2010,300,18000000,60(-0.83 %),300,18000000,0,0,677051,43.19
07/10/2010,0,0,60(0.00 %),0,0,0,0,677051,43.19
08/10/2010,0,0,60(0.00 %),0,0,0,0,677051,43.19
11/10/2010,0,0,60(0.00 %),0,0,0,0,677051,43.19
12/10/2010,0,0,60(0.00 %),0,0,0,0,677051,43.19
13/10/2010,0,0,57(-5.00 %),0,0,0,0,677051,43.19
14/10/2010,0,0,57(0.00 %),0,0,0,0,677051,43.19
15/10/2010,500,28500000,57(0.00 %),500,28500000,0,0,676551,43.2
18/10/2010,660,39270000,59.5(4.39 %),660,39270000,0,0,675891,43.2
19/10/2010,0,0,59.5(0.00 %),0,0,0,0,675891,43.2
20/10/2010,3000,175500000,58.5(-1.68 %),3000,175500000,0,0,672891,43.23
21/10/2010,1000,58000000,58(-0.85 %),1000,58000000,0,0,671891,43.24
22/10/2010,1000,58000000,57(-1.72 %),1000,58000000,0,0,670891,43.25
25/10/2010,0,0,57(0.00 %),0,0,0,0,670891,43.25
26/10/2010,4150,232450000,57(0.00 %),4150,232450000,0,0,666741,43.28
27/10/2010,0,0,57(0.00 %),0,0,0,0,666741,43.28
28/10/2010,0,0,57(0.00 %),0,0,0,0,666741,43.28
29/10/2010,0,0,57(0.00 %),0,0,0,0,666741,43.28
01/11/2010,200,11000000,55(-3.51 %),200,11000000,0,0,666541,43.28
02/11/2010,50,2750000,55(0.00 %),50,2750000,0,0,666491,43.28
03/11/2010,100,5700000,57(3.64 %),100,5700000,0,0,666391,43.28
04/11/2010,690,38960000,57(0.00 %),690,38960000,0,0,665701,43.29
05/11/2010,5180,297905000,58.5(2.63 %),5180,297905000,0,0,660521,43.34
08/11/2010,10500,614250000,58.5(0.00 %),10500,614250000,0,0,650021,43.43
09/11/2010,5000,295000000,59(0.85 %),5000,295000000,0,0,645021,43.47
10/11/2010,500,29250000,58.5(-0.85 %),500,29250000,0,0,644521,43.47
11/11/2010,2000,116000000,58(-0.85 %),2000,116000000,0,0,642521,43.49
12/11/2010,0,0,58(0.00 %),0,0,0,0,642521,43.49
15/11/2010,0,0,58(0.00 %),0,0,0,0,642521,43.49
16/11/2010,0,0,58(0.00 %),0,0,0,0,642521,43.49
17/11/2010,0,0,58(0.00 %),0,0,0,0,642521,43.49
18/11/2010,0,0,58(0.00 %),0,0,0,0,642521,43.49
19/11/2010,900,52200000,58(0.00 %),900,52200000,0,0,641621,43.5
22/11/2010,3400,193800000,57(-1.72 %),3400,193800000,0,0,638221,43.53
23/11/2010,26090,1473540000,57(0.00 %),26090,1473540000,0,0,612131,43.75
24/11/2010,11000,618600000,56.5(-0.88 %),11000,618600000,0,0,601131,43.84
25/11/2010,8370,468720000,56(-0.88 %),11370,636720000,3000,168000000,592761,43.92
26/11/2010,89800,5164450000,57.5(2.68 %),91900,5285200000,2100,120750000,502961,44.69
29/11/2010,-230,-13225000,57.5(0.00 %),0,0,230,13225000,503191,44.68
30/11/2010,2000,115500000,58(0.87 %),2000,115500000,0,0,501191,44.7
01/12/2010,5000,292900000,59.5(2.59 %),5000,292900000,0,0,496191,44.74
02/12/2010,0,0,60(0.84 %),0,0,0,0,496191,44.74
03/12/2010,72270,4331540000,60(0.00 %),72270,4331540000,0,0,423921,45.36
06/12/2010,19470,1177890000,60(0.00 %),80000,4815000000,60530,3637110000,404451,45.53
07/12/2010,15160,909650000,60.5(0.83 %),15160,909650000,0,0,389291,45.66
08/12/2010,51350,3053790000,59.5(-1.65 %),68620,4089990000,17270,1036200000,337941,46.1
09/12/2010,3150,187500000,59.5(0.00 %),67060,3990170000,63910,3802670000,334791,46.13
10/12/2010,5000,301000000,60(0.84 %),15000,901000000,10000,600000000,329791,46.17
13/12/2010,59200,3498800000,62(3.33 %),59200,3498800000,0,0,270591,46.68
14/12/2010,1050,67995000,63(1.61 %),4910,312325000,3860,244330000,269541,46.69
15/12/2010,300,19350000,64(1.59 %),15800,1011600000,15500,992250000,269241,46.69
16/12/2010,3000,195000000,65(1.56 %),3000,195000000,0,0,266241,46.72
17/12/2010,500,29500000,65(0.00 %),1500,94500000,1000,65000000,265741,46.72
20/12/2010,-300,-18750000,62.5(-3.85 %),0,0,300,18750000,266041,46.72
21/12/2010,2420,152745000,64.5(3.20 %),2420,152745000,0,0,263621,46.74
22/12/2010,16800,1080100000,64.5(0.00 %),16800,1080100000,0,0,246821,46.88
23/12/2010,0,0,62.5(-3.10 %),0,0,0,0,246821,46.88
24/12/2010,500,29750000,59.5(-4.80 %),500,29750000,0,0,246321,46.89
27/12/2010,30,1785000,59.5(0.00 %),30,1785000,0,0,246291,46.89
28/12/2010,-5620,-325960000,62(4.20 %),0,0,5620,325960000,251911,46.84
29/12/2010,-6350,-363250000,57.5(4.55 %),0,0,6350,363250000,258261,5455051.0
30/12/2010,-6320,-376040000,59.5(3.48 %),0,0,6320,376040000,264581,46.73
31/12/2010,-21050,-1294575000,61.5(3.36 %),0,0,21050,1294575000,285631,46.55
04/01/2011,0,0,59(-4.07 %),0,0,0,0,285631,46.55
05/01/2011,300,17700000,56.5(-4.24 %),300,17700000,0,0,285331,46.55
06/01/2011,-30,-1695000,56(-0.88 %),1200,67800000,1230,69495000,285361,46.55
07/01/2011,0,0,57.5(2.68 %),0,0,0,0,285361,46.55
10/01/2011,0,0,55(-4.35 %),0,0,0,0,285361,46.55
11/01/2011,10,530000,55(0.00 %),20,1080000,10,550000,285351,46.55
12/01/2011,-2000,-106360000,56(1.82 %),0,0,2000,106360000,287351,46.54
13/01/2011,0,0,56(0.00 %),0,0,0,0,287351,46.54
14/01/2011,-280,-14980000,53.5(-4.46 %),10410,556935000,10690,571915000,287631,47.11
17/01/2011,-1000,-53500000,53.5(0.00 %),50,2675000,1050,56175000,288631,47.1
18/01/2011,-500,-26750000,53.5(0.00 %),0,0,500,26750000,289131,46.52
19/01/2011,-160,-8505000,53(-0.93 %),510,26930000,670,35435000,289291,46.52
20/01/2011,170,8840000,52(-1.89 %),470,24740000,300,15900000,289121,46.52
21/01/2011,-400,-20800000,51.5(-0.96 %),0,0,400,20800000,289521,46.52
24/01/2011,500,25750000,51.5(0.00 %),1500,77250000,1000,51500000,289021,46.52
25/01/2011,0,0,49.5(-3.88 %),0,0,0,0,289021,46.52
26/01/2011,0,0,51.5(4.04 %),0,0,0,0,289021,46.52
27/01/2011,0,0,52.5(1.94 %),0,0,0,0,289021,46.52
28/01/2011,0,0,49.9(-4.95 %),0,0,0,0,289021,46.52
08/02/2011,0,0,49.9(0.00 %),0,0,0,0,289021,46.52
09/02/2011,1000,49900000,47.5(-4.81 %),1000,49900000,0,0,288021,47.11
10/02/2011,2000,96000000,49.8(4.84 %),2000,96000000,0,0,286021,46.55
11/02/2011,0,0,50(0.40 %),0,0,0,0,286021,47.12
14/02/2011,500,25000000,50(0.00 %),500,25000000,0,0,285521,46.55
15/02/2011,0,0,49.7(-0.60 %),0,0,0,0,285521,46.55
16/02/2011,0,0,49.7(0.00 %),0,0,0,0,285521,46.55
17/02/2011,-1000,-48000000,48(-3.42 %),0,0,1000,48000000,286521,46.54
18/02/2011,1850,91460000,49(2.08 %),54350,2671812000,52500,2580352000,284671,46.56
21/02/2011,0,0,48(-2.04 %),0,0,0,0,282691,46.58
22/02/2011,1080,49840000,45.6(-5.00 %),1080,49840000,0,0,283591,46.57
23/02/2011,900,41040000,47.8(4.82 %),900,41040000,0,0,282691,46.58
24/02/2011,0,0,47(-1.67 %),0,0,0,0,282691,46.58
25/02/2011,0,0,48.9(4.04 %),0,0,0,0,282691,46.58
28/02/2011,300,14700000,49(0.20 %),300,14700000,0,0,282391,46.58
01/03/2011,600,29400000,49(0.00 %),600,29400000,0,0,281791,46.58
02/03/2011,0,0,48.5(-1.02 %),0,0,0,0,281791,46.58
03/03/2011,0,0,47.9(-1.24 %),0,0,0,0,0,0.0
04/03/2011,1700,81430000,47.9(0.00 %),1700,81430000,0,0,0,0.0
07/03/2011,0,0,49.5(3.34 %),100,4950000,100,4950000,0,0.0
08/03/2011,0,0,49.5(0.00 %),0,0,0,0,0,0.0
09/03/2011,400,19400000,48.5(-2.02 %),400,19400000,0,0,0,0.0
10/03/2011,0,0,48(-1.03 %),0,0,0,0,0,0.0
11/03/2011,0,0,50(4.17 %),0,0,0,0,0,0.0
14/03/2011,0,0,50(0.00 %),0,0,0,0,0,0.0
15/03/2011,0,0,49.9(-0.20 %),0,0,0,0,0,0.0
16/03/2011,0,0,49.9(0.00 %),0,0,0,0,285042,46.56
17/03/2011,0,0,47.5(-4.81 %),0,0,0,0,285042,46.56
18/03/2011,1000,47500000,47(-1.05 %),1000,47500000,0,0,284042,46.56
21/03/2011,0,0,48.4(2.98 %),0,0,0,0,284042,46.56
22/03/2011,0,0,47.5(-1.86 %),0,0,0,0,284042,46.56
23/03/2011,700,32900000,46(-3.16 %),700,32900000,0,0,283342,46.57
24/03/2011,0,0,47.8(3.91 %),0,0,0,0,283342,46.57
25/03/2011,0,0,46(-3.77 %),0,0,0,0,283342,46.57
28/03/2011,0,0,46.1(0.22 %),0,0,0,0,283342,46.57
29/03/2011,0,0,44(-4.56 %),0,0,0,0,283342,46.57
30/03/2011,0,0,45.6(3.64 %),0,0,0,0,283342,46.57
31/03/2011,0,0,46.9(2.85 %),0,0,0,0,283342,46.57
01/04/2011,1100,51590000,46.9(0.00 %),1100,51590000,0,0,283022,46.57
04/04/2011,300,14250000,47.5(1.28 %),300,14250000,0,0,282722,46.58
05/04/2011,0,0,46.4(-2.32 %),0,0,0,0,282722,46.58
06/04/2011,0,0,44.1(-4.96 %),0,0,0,0,282722,46.58
07/04/2011,0,0,46(4.31 %),0,0,0,0,282722,46.58
08/04/2011,250,11475000,45(-2.17 %),250,11475000,0,0,282472,46.58
13/04/2011,0,0,46(2.22 %),0,0,0,0,282472,46.58
14/04/2011,0,0,46(0.00 %),0,0,0,0,282472,46.58
15/04/2011,0,0,44(-4.35 %),0,0,0,0,282472,46.58
18/04/2011,0,0,42(-4.55 %),0,0,0,0,282472,46.58
19/04/2011,0,0,39.9(-5.00 %),0,0,0,0,282472,46.58
20/04/2011,-90,-3591000,41.5(4.01 %),0,0,90,3591000,282562,46.58
21/04/2011,0,0,42.4(2.17 %),0,0,0,0,282562,46.58
22/04/2011,0,0,40.3(-4.95 %),0,0,0,0,282562,61.52
25/04/2011,0,0,41.9(3.97 %),0,0,0,0,282562,61.52
26/04/2011,0,0,40(-4.53 %),0,0,0,0,282562,61.52
27/04/2011,0,0,41.9(4.75 %),0,0,0,0,282562,61.52
28/04/2011,0,0,40(-4.53 %),0,0,0,0,282562,61.52
29/04/2011,-740,-28360000,39.4(-1.50 %),0,0,740,28360000,283302,61.51
04/05/2011,4260,163712000,39.3(-0.25 %),4710,181335000,450,17623000,436987,60.19
05/05/2011,4850,183687000,38.5(3.77 %),7690,286033000,2840,102346000,432137,60.23
06/05/2011,6700,257950000,38.5(0.00 %),7300,281050000,600,23100000,425437,60.29
09/05/2011,3280,126218000,38.6(0.26 %),4680,180188000,1400,53970000,422157,60.32
10/05/2011,450,17265000,38.6(0.00 %),10000,385935000,9550,368670000,421707,60.32
11/05/2011,380,14668000,39.8(3.11 %),1280,49408000,900,34740000,421327,60.32
12/05/2011,1060,41364000,39(-2.01 %),1060,41364000,0,0,420267,60.33
13/05/2011,-1290,-43582000,37.5(-3.85 %),22940,883394000,24230,926976000,421557,60.32
16/05/2011,4840,188760000,39.1(4.27 %),4840,188760000,0,0,416717,60.36
17/05/2011,2610,104400000,40(2.30 %),2610,104400000,0,0,414107,60.39
18/05/2011,7460,297676000,40(0.00 %),7460,297676000,0,0,406647,46.33
19/05/2011,6830,273200000,40(0.00 %),6830,273200000,0,0,399817,46.37
20/05/2011,2500,100000000,40(0.00 %),2500,100000000,0,0,397317,46.39
23/05/2011,8000,316780000,40(0.00 %),8000,316780000,0,0,389317,46.44
24/05/2011,1720,65532000,38.1(-4.75 %),1720,65532000,0,0,387597,46.45
25/05/2011,600,21780000,40(4.99 %),600,21780000,0,0,386997,46.46
26/05/2011,2780,110780000,40.9(2.25 %),2780,110780000,0,0,384217,46.47
27/05/2011,11500,459400000,39.5(-3.42 %),11500,459400000,0,0,372717,46.55
30/05/2011,0,0,40.5(2.53 %),0,0,0,0,372717,46.55
31/05/2011,0,0,40(-1.23 %),0,0,0,0,372717,46.55
01/06/2011,0,0,40(0.00 %),0,0,0,0,372197,46.55
02/06/2011,0,0,41(2.50 %),0,0,0,0,372197,46.55
03/06/2011,11510,470400000,41(0.00 %),11510,470400000,0,0,360687,46.63
06/06/2011,10000,410000000,41(0.00 %),10000,410000000,0,0,350687,46.7
07/06/2011,44490,1824090000,41.5(1.22 %),44490,1824090000,0,0,306197,46.99
08/06/2011,10460,433990000,41.5(0.00 %),20460,848990000,10000,415000000,295737,47.06
09/06/2011,9890,410435000,42(1.20 %),14890,617935000,5000,207500000,285847,47.12
10/06/2011,13200,554400000,42(0.00 %),13200,554400000,0,0,272647,47.21
13/06/2011,13000,546000000,42(0.00 %),13000,546000000,0,0,259647,47.29
14/06/2011,-140,-5782000,42(0.00 %),0,0,140,5782000,259787,47.29
15/06/2011,0,0,42(0.00 %),0,0,0,0,259787,47.29
16/06/2011,0,0,42(0.00 %),0,0,0,0,259787,47.29
17/06/2011,0,0,42(0.00 %),0,0,0,0,259787,47.29
20/06/2011,0,0,42(0.00 %),0,0,0,0,259787,47.29
21/06/2011,0,0,40(-4.76 %),0,0,0,0,259787,47.29
22/06/2011,50000,2100000000,42(5.00 %),100000,4200000000,50000,2100000000,209787,47.62
23/06/2011,0,0,42(0.00 %),0,0,0,0,209787,47.62
24/06/2011,17650,741300000,42(0.00 %),90840,3961660000,73190,3220360000,192137,47.74
27/06/2011,0,0,42(0.00 %),0,0,0,0,192137,47.74
28/06/2011,0,0,42(0.00 %),0,0,0,0,192137,47.74
29/06/2011,0,0,42(0.00 %),0,0,0,0,192137,47.74
30/06/2011,0,0,41(-2.38 %),0,0,0,0,192137,47.74
01/07/2011,5500,225585000,41(0.00 %),5500,225585000,0,0,192144,47.74
04/07/2011,50,2000000,42(2.44 %),50,2000000,0,0,192094,47.74
05/07/2011,11000,456000000,42(0.00 %),15000,620000000,4000,164000000,181094,47.81
06/07/2011,5000,210000000,42(0.00 %),5000,210000000,0,0,176094,47.84
07/07/2011,-30000,-1260000000,42(0.00 %),160000,6720000000,190000,7980000000,206094,47.65
08/07/2011,-21640,-921380000,42.5(1.19 %),3360,141120000,25000,1062500000,227734,47.5
11/07/2011,-130,-5590000,43(1.18 %),0,0,130,5590000,227864,47.5
12/07/2011,3840,165120000,45(4.65 %),171104,7190208000,167264,7025088000,224024,47.53
13/07/2011,6410,294690000,46.5(3.33 %),6410,294690000,0,0,217614,47.57
14/07/2011,55120,2640246000,48(3.23 %),60100,2879286000,4980,239040000,162494,47.93
15/07/2011,0,0,48(0.00 %),0,0,0,0,162494,47.93
18/07/2011,0,0,48(0.00 %),0,0,0,0,162494,47.93
19/07/2011,0,0,46.1(-3.96 %),0,0,0,0,162494,47.93
20/07/2011,0,0,43.8(-4.99 %),0,0,0,0,162494,47.93
21/07/2011,-130,-5460000,41.7(-4.79 %),50,2100000,180,7560000,162624,47.93
22/07/2011,-15000,-621000000,41.4(-0.72 %),0,0,15000,621000000,177624,47.83
25/07/2011,-95000,-4095000000,41(-0.97 %),5000,205000000,100000,4300000000,272624,47.21
26/07/2011,0,0,42(2.44 %),0,0,0,0,272624,47.21
27/07/2011,910,37310000,44(4.76 %),150910,6487310000,150000,6450000000,271714,47.21
28/07/2011,0,0,45(2.27 %),0,0,0,0,271714,47.21
29/07/2011,0,0,45(0.00 %),0,0,0,0,271714,47.21
01/08/2011,0,0,46(2.22 %),0,0,0,0,209974,47.62
02/08/2011,49930,2371250000,47(2.17 %),59930,2851250000,10000,480000000,160044,47.95
03/08/2011,90220,4374734000,48.9(4.04 %),90220,4374734000,0,0,69824,48.54
04/08/2011,0,0,48.9(0.00 %),0,0,0,0,69824,48.54
05/08/2011,0,0,48.9(0.00 %),0,0,0,0,69824,48.54
08/08/2011,0,0,48.9(0.00 %),0,0,0,0,69824,48.54
09/08/2011,0,0,48.9(0.00 %),0,0,0,0,69824,48.54
10/08/2011,0,0,48.9(0.00 %),0,0,0,0,69824,48.54
11/08/2011,0,0,48.9(0.00 %),0,0,0,0,69824,48.54
12/08/2011,21980,1050915000,48(-1.84 %),21980,1050915000,0,0,47844,48.69
15/08/2011,0,0,46.5(-3.12 %),0,0,0,0,47844,48.69
16/08/2011,0,0,47.5(2.15 %),0,0,0,0,47844,48.69
17/08/2011,1100,52250000,45.2(-4.84 %),1100,52250000,0,0,46744,48.69
18/08/2011,0,0,47.4(4.87 %),0,0,0,0,46744,48.69
19/08/2011,0,0,47.4(0.00 %),0,0,0,0,46744,48.69
22/08/2011,0,0,49(3.38 %),0,0,0,0,46744,48.69
23/08/2011,50,2375000,47.5(-3.06 %),50,2375000,0,0,46694,48.69
24/08/2011,0,0,45.2(-4.84 %),0,0,0,0,46694,48.69
25/08/2011,0,0,47(3.98 %),0,0,0,0,46694,48.69
26/08/2011,0,0,46.9(-0.21 %),0,0,0,0,46694,48.69
29/08/2011,0,0,46.5(-0.85 %),0,0,0,0,46694,48.69
30/08/2011,0,0,46.5(0.00 %),0,0,0,0,46694,48.69
31/08/2011,0,0,46.5(0.00 %),0,0,0,0,46694,48.69
01/09/2011,0,0,46.5(0.00 %),0,0,0,0,102934,48.32
05/09/2011,0,0,46.5(0.00 %),0,0,0,0,102934,48.32
06/09/2011,0,0,45.5(-2.15 %),0,0,0,0,102934,48.32
07/09/2011,0,0,45.5(0.00 %),0,0,0,0,102934,48.32
08/09/2011,-40,-1800000,45(-1.10 %),0,0,40,1800000,102974,48.32
09/09/2011,10,464000,46.4(3.11 %),10,464000,0,0,102964,48.32
12/09/2011,10,470000,47(1.29 %),10,470000,0,0,102954,48.32
13/09/2011,600,28740000,47.9(1.91 %),600,28740000,0,0,102354,48.33
14/09/2011,0,0,45.6(-4.80 %),0,0,0,0,102354,48.33
15/09/2011,10,471000,47.1(3.29 %),10,471000,0,0,102344,48.33
16/09/2011,30,1413000,47.1(0.00 %),30,1413000,0,0,102314,48.33
19/09/2011,10000,473476000,47.3(0.42 %),10000,473476000,0,0,92314,48.39
20/09/2011,7120,331080000,49(3.59 %),7120,331080000,0,0,85194,48.44
21/09/2011,10550,494760000,46.6(-4.90 %),11550,541560000,1000,46800000,74644,48.51
22/09/2011,1700,75650000,46.6(0.00 %),1700,75650000,0,0,72944,48.52
23/09/2011,520,23142000,44.6(-4.29 %),520,23142000,0,0,72424,48.52
26/09/2011,-120,-5364000,46(3.14 %),120,5340000,240,10704000,72544,48.52
27/09/2011,0,0,46(0.00 %),0,0,0,0,72544,48.52
28/09/2011,1010,45955000,45.5(-1.09 %),1010,45955000,0,0,71534,48.53
29/09/2011,0,0,45.5(0.00 %),0,0,0,0,71534,48.53
30/09/2011,3760,171035000,45(-1.10 %),4760,216535000,1000,45500000,67774,48.55
03/10/2011,0,0,44.8(-0.44 %),1000,44800000,1000,44800000,66774,48.56
04/10/2011,-460,-20010000,46(2.68 %),0,0,460,20010000,67234,48.56
05/10/2011,340,14960000,45.5(-1.09 %),340,14960000,0,0,66894,48.56
06/10/2011,0,0,45.5(0.00 %),0,0,0,0,66894,48.56
07/10/2011,0,0,45.5(0.00 %),0,0,0,0,66894,48.56
10/10/2011,300,13020000,46(1.10 %),300,13020000,0,0,66594,48.56
11/10/2011,8260,373876000,45.5(-1.09 %),8260,373876000,0,0,58334,48.62
12/10/2011,500,22500000,45(-1.10 %),500,22500000,0,0,57834,48.62
13/10/2011,0,0,45(0.00 %),0,0,0,0,57834,48.62
14/10/2011,2380,107100000,45(0.00 %),2380,107100000,0,0,55454,48.64
17/10/2011,0,0,45(0.00 %),0,0,0,0,55454,48.64
18/10/2011,5000,225000000,45(0.00 %),5000,225000000,0,0,50454,48.67
19/10/2011,0,0,45(0.00 %),0,0,0,0,50454,48.67
20/10/2011,2420,108900000,45(0.00 %),2420,108900000,0,0,48034,48.68
21/10/2011,1860,83700000,45(0.00 %),1890,85050000,30,1350000,46174,48.7
24/10/2011,640,28480000,44.5(-1.11 %),640,28480000,0,0,45534,48.7
25/10/2011,3010,135257000,45(1.12 %),3010,135257000,0,0,42524,48.72
26/10/2011,6850,308250000,45(0.00 %),6850,308250000,0,0,35674,48.77
27/10/2011,1090,49050000,45(0.00 %),1090,49050000,0,0,34584,48.77
28/10/2011,2000,90000000,45(0.00 %),2000,90000000,0,0,32584,48.79
31/10/2011,6210,279450000,45(0.00 %),6210,279450000,0,0,26374,48.83
01/11/2011,500,22500000,45(0.00 %),500,22500000,0,0,27374,48.82
02/11/2011,10620,477900000,45(0.00 %),10620,477900000,0,0,16754,48.89
03/11/2011,7000,315000000,45(0.00 %),7000,315000000,0,0,9754,48.94
04/11/2011,3920,176400000,45(0.00 %),3920,176400000,0,0,5834,48.96
07/11/2011,2800,131984000,47.2(4.89 %),2800,131984000,0,0,3034,48.98
08/11/2011,0,0,49.2(4.24 %),0,0,0,0,3034,48.98
09/11/2011,870,42804000,49.2(0.00 %),870,42804000,0,0,2164,48.99
10/11/2011,0,0,49.2(0.00 %),0,0,0,0,2164,48.99
11/11/2011,0,0,49.2(0.00 %),0,0,0,0,2164,48.99
14/11/2011,0,0,49.2(0.00 %),0,0,0,0,2164,48.99
15/11/2011,0,0,49.2(0.00 %),0,0,0,0,2164,48.99
16/11/2011,0,0,49.2(0.00 %),0,0,0,0,2164,48.99
17/11/2011,50,2340000,46.8(-4.88 %),50,2340000,0,0,2114,48.99
18/11/2011,0,0,46.8(0.00 %),0,0,0,0,2114,48.99
21/11/2011,0,0,46.8(0.00 %),0,0,0,0,2114,48.99
22/11/2011,0,0,46.8(0.00 %),0,0,0,0,2114,48.99
23/11/2011,0,0,44.5(-4.91 %),0,0,0,0,2114,48.99
24/11/2011,-110,-4653000,42.3(-4.94 %),50,2115000,160,6768000,2224,48.99
25/11/2011,50,2010000,42(-0.71 %),50,2010000,0,0,2174,48.99
28/11/2011,50,2000000,42(0.00 %),50,2000000,0,0,2124,48.99
29/11/2011,-190,-7595000,39.9(-5.00 %),0,0,190,7595000,2314,48.98
30/11/2011,-350,-13338000,38(-4.76 %),0,0,350,13338000,2664,48.98
01/12/2011,-1910,-68990000,36.1(-5.00 %),0,0,1910,68990000,1624,48.99
02/12/2011,-20420,-702870000,34.3(-4.99 %),200,6860000,20620,709730000,22044,48.86
05/12/2011,-10540,-347843000,36(4.96 %),400,13640000,10940,361483000,32584,48.79
06/12/2011,-490,-17785000,36.5(1.39 %),0,0,490,17785000,33074,48.78
07/12/2011,870,31963000,36.5(0.00 %),2430,87705000,1560,55742000,32204,48.79
08/12/2011,-940,-33088000,36.5(0.00 %),1000,36500000,1940,69588000,33144,48.78
09/12/2011,-1360,-47650000,35.2(-3.56 %),340,12240000,1700,59890000,34504,48.77
12/12/2011,1000,35436000,35.5(0.85 %),5000,176536000,4000,141100000,33504,48.78
13/12/2011,-1470,-52713000,35.9(1.13 %),0,0,1470,52713000,34974,48.77
14/12/2011,-4870,-175505000,36(0.28 %),0,0,4870,175505000,39844,48.74
15/12/2011,1260,45714000,36.5(1.39 %),5000,180000000,3740,134286000,38584,48.75
16/12/2011,-4500,-162120000,36.5(0.00 %),5000,180000000,9500,342120000,43084,48.72
19/12/2011,-4360,-157855000,36.3(-0.55 %),350,12600000,4710,170455000,47444,48.69
20/12/2011,-4090,-148665000,36.3(0.00 %),0,0,4090,148665000,51534,48.66
21/12/2011,-1400,-50780000,36.3(0.00 %),0,0,1400,50780000,52934,48.65
22/12/2011,-8700,-330690000,38.1(4.96 %),0,0,8700,330690000,61634,48.59
23/12/2011,-1300,-49830000,38.4(0.79 %),0,0,1300,49830000,62934,48.59
26/12/2011,-4500,-172760000,38.6(0.52 %),1000,38600000,5500,211360000,67434,48.56
27/12/2011,-5100,-196040000,38.6(0.00 %),0,0,5100,196040000,72534,48.52
28/12/2011,-1560,-60229000,38.8(0.52 %),0,0,1560,60229000,74094,48.51
29/12/2011,-2000,-73800000,36.9(-4.90 %),0,0,2000,73800000,76094,48.5
30/12/2011,-10250,-393917000,38.7(4.88 %),50,1755000,10300,395672000,86344,48.43
03/01/2012,-20,-796000,40.6(4.91 %),0,0,20,796000,74934,48.51
04/01/2012,3170,132290000,42.5(4.68 %),5000,208115000,1830,75825000,71764,48.53
05/01/2012,900,38250000,42.5(0.00 %),1000,42500000,100,4250000,70864,48.53
06/01/2012,-1000,-42000000,42(-1.18 %),0,0,1000,42000000,71864,48.53
09/01/2012,-680,-28425000,42(0.00 %),0,0,680,28425000,72544,48.52
10/01/2012,-2500,-104750000,41.9(-0.24 %),0,0,2500,104750000,75044,48.51
11/01/2012,-8000,-320950000,40(-4.53 %),0,0,8000,320950000,83044,48.45
12/01/2012,-1500,-57000000,38(-5.00 %),300,11400000,1800,68400000,84544,48.44
13/01/2012,0,0,39.9(5.00 %),0,0,0,0,84544,48.44
16/01/2012,0,0,41.8(4.76 %),0,0,0,0,84544,48.44
17/01/2012,0,0,41.8(0.00 %),0,0,0,0,84544,48.44
18/01/2012,480,20160000,42(0.48 %),36000,1511702000,35520,1491542000,84064,48.45
19/01/2012,2000,84000000,42(0.00 %),41000,1722000000,39000,1638000000,82064,48.46
20/01/2012,8420,352930000,41.5(-1.19 %),21420,898930000,13000,546000000,73644,48.52
30/01/2012,-10,-435000,43.5(4.82 %),0,0,10,435000,73654,48.52
31/01/2012,5480,229392000,42.3(-2.76 %),30580,1287892000,25100,1058500000,68174,48.55
01/02/2012,1000,43000000,43(1.65 %),1340,57620000,340,14620000,42604,48.72
02/02/2012,-2500,-107500000,43(0.00 %),0,0,2500,107500000,45104,48.7
03/02/2012,-1300,-55900000,43(0.00 %),0,0,1300,55900000,46404,48.7
06/02/2012,-1000,-43000000,43(0.00 %),0,0,1000,43000000,47404,48.69
07/02/2012,-1600,-67700000,43(0.00 %),0,0,1600,67700000,49004,48.68
08/02/2012,-510,-21932000,43.2(0.47 %),0,0,510,21932000,49514,48.67
09/02/2012,-3000,-129900000,43.5(0.69 %),0,0,3000,129900000,52514,48.65
10/02/2012,0,0,43(-1.15 %),50,2100000,50,2100000,52514,48.65
13/02/2012,-3600,-148400000,43(0.00 %),0,0,3600,148400000,56114,48.63
14/02/2012,-1000,-42200000,42.2(-1.86 %),0,0,1000,42200000,57114,48.62
15/02/2012,44780,1803995000,40.1(-4.98 %),55250,2236490000,10470,432495000,12334,48.92
16/02/2012,-950,-38095000,42(4.74 %),0,0,950,38095000,13284,48.91
17/02/2012,34550,1395287000,41(-2.38 %),34550,1395287000,0,0,0,49.14
20/02/2012,550,22950000,41.9(2.20 %),5550,232450000,5000,209500000,214,49.0
21/02/2012,6750,283500000,42(0.24 %),6750,283500000,0,0,0,49.04
22/02/2012,30,1260000,42(0.00 %),4880,204560000,4850,203300000,4884,48.97
23/02/2012,-2500,-103600000,41.8(-0.48 %),0,0,2500,103600000,7384,48.95
24/02/2012,-2000,-84216000,42.1(0.72 %),0,0,2000,84216000,9384,48.94
27/02/2012,-1050,-44140000,42(-0.24 %),300,12830000,1350,56970000,10434,48.93
28/02/2012,-1230,-50420000,40.9(-2.62 %),1000,40900000,2230,91320000,11664,48.92
29/02/2012,-3100,-126500000,40.9(0.00 %),1620,64800000,4720,191300000,14764,48.9
01/03/2012,-1170,-47050000,40.5(-0.98 %),30,1200000,1200,48250000,11434,48.92
02/03/2012,-700,-28293000,40.4(-0.25 %),0,0,700,28293000,12134,48.92
05/03/2012,-6280,-254920000,40.8(0.99 %),20,808000,6300,255728000,18414,48.88
06/03/2012,0,0,40.8(0.00 %),0,0,0,0,18414,48.88
07/03/2012,200,8160000,41(0.49 %),200,8160000,0,0,18214,48.88
08/03/2012,0,0,41(0.00 %),0,0,0,0,18214,48.88
09/03/2012,0,0,40.5(-1.22 %),0,0,0,0,18214,48.88
12/03/2012,0,0,40.5(0.00 %),0,0,0,0,18214,48.88
13/03/2012,-700,-27370000,39.1(-3.46 %),0,0,700,27370000,18914,48.88
14/03/2012,-230,-9200000,40(2.30 %),0,0,230,9200000,19144,48.87
15/03/2012,0,0,40(0.00 %),0,0,0,0,19144,48.87
16/03/2012,0,0,40(0.00 %),0,0,0,0,19144,48.87
19/03/2012,0,0,39(-2.50 %),0,0,0,0,19144,48.87
20/03/2012,27270,1035858000,38.3(-1.79 %),28610,1087180000,1340,51322000,0,49.05
21/03/2012,-6580,-252646000,38.3(0.00 %),0,0,6580,252646000,4,49.0
22/03/2012,-650,-24895000,38.3(0.00 %),0,0,650,24895000,654,49.0
23/03/2012,-1000,-38400000,38.3(0.00 %),0,0,1000,38400000,1654,48.99
26/03/2012,200,7660000,38.3(0.00 %),200,7660000,0,0,1454,48.99
27/03/2012,90,3400000,38(-0.78 %),100,3780000,10,380000,1364,48.99
28/03/2012,0,0,38(0.00 %),0,0,0,0,1364,48.99
29/03/2012,0,0,38(0.00 %),0,0,0,0,1364,48.99
30/03/2012,0,0,37.9(-0.26 %),0,0,0,0,1364,48.99
03/04/2012,0,0,37.5(-1.06 %),0,0,0,0,9284,48.94
04/04/2012,5000,191500000,37.5(0.00 %),5000,191500000,0,0,4284,48.97
05/04/2012,0,0,37.5(0.00 %),0,0,0,0,4284,48.97
06/04/2012,0,0,37.3(-0.53 %),0,0,0,0,4284,48.97
09/04/2012,-1200,-44400000,37.7(1.07 %),0,0,1200,44400000,5484,48.96
10/04/2012,-4040,-149490000,38(0.80 %),0,0,4040,149490000,9524,48.94
11/04/2012,-7900,-292736000,38(0.00 %),100,3700000,8000,296436000,17424,48.89
12/04/2012,0,0,37.8(-0.53 %),0,0,0,0,17424,48.89
13/04/2012,160,6048000,36.9(-2.38 %),100160,3806048000,100000,3800000000,17264,48.89
16/04/2012,0,0,38.7(4.88 %),0,0,0,0,17264,48.89
17/04/2012,-42340,-1648864000,38.8(0.26 %),0,0,42340,1648864000,59604,48.61
18/04/2012,-58440,-2212409000,37.5(-3.35 %),0,0,58440,2212409000,118044,48.22
19/04/2012,0,0,39.2(4.53 %),0,0,0,0,118044,48.22
20/04/2012,0,0,39.2(0.00 %),0,0,0,0,118044,48.22
23/04/2012,570,22448000,39.4(0.51 %),580,22842000,10,394000,117474,48.23
24/04/2012,0,0,39.1(-0.76 %),0,0,0,0,117474,48.23
25/04/2012,300,11280000,37.9(2.71 %),300,11280000,0,0,117174,48.23
26/04/2012,50,1875000,37.9(0.00 %),50,1875000,0,0,117124,48.23
27/04/2012,5350,202230000,37.8(-0.26 %),5350,202230000,0,0,111774,48.27
02/05/2012,0,0,37(-2.12 %),0,0,0,0,111774,48.27
03/05/2012,0,0,37.2(0.54 %),0,0,0,0,111774,48.27
04/05/2012,5000,185000000,37.1(-0.27 %),5000,185000000,0,0,106774,48.3
07/05/2012,580,21460000,37.4(0.81 %),580,21460000,0,0,106194,48.3
08/05/2012,0,0,37.5(0.27 %),0,0,0,0,106194,48.3
09/05/2012,0,0,37.9(1.07 %),0,0,0,0,106194,48.3
10/05/2012,1410,53493000,37.9(0.00 %),1500,56850000,90,3357000,104784,48.31
11/05/2012,10,377000,37.7(-0.53 %),10,377000,0,0,104774,48.31
14/05/2012,0,0,36.9(-2.12 %),0,0,0,0,104774,48.31
15/05/2012,0,0,37(0.27 %),0,0,0,0,104774,48.31
16/05/2012,0,0,36.1(-2.43 %),0,0,0,0,104774,48.31
17/05/2012,0,0,36.2(0.28 %),0,0,0,0,104774,48.31
18/05/2012,-6170,-222245000,35.9(-0.83 %),0,0,6170,222245000,110944,48.27
21/05/2012,0,0,36.1(0.56 %),0,0,0,0,110944,48.27
22/05/2012,0,0,36.5(1.11 %),0,0,0,0,110944,48.27
23/05/2012,0,0,36.9(1.10 %),0,0,0,0,110944,48.27
24/05/2012,0,0,37(0.27 %),0,0,0,0,110944,48.27
25/05/2012,0,0,36.5(-1.35 %),0,0,0,0,110944,48.27
28/05/2012,-10,-374000,37.4(2.47 %),0,0,10,374000,110954,48.27
29/05/2012,0,0,35.6(-4.81 %),0,0,0,0,110954,48.27
30/05/2012,0,0,37.3(4.78 %),0,0,0,0,110954,48.27
31/05/2012,-5000,-184000000,36.9(-1.07 %),0,0,5000,184000000,115954,48.24
01/06/2012,0,0,38(2.98 %),0,0,0,0,110963,48.27
04/06/2012,0,0,38(0.00 %),0,0,0,0,110963,48.27
05/06/2012,0,0,38(0.00 %),0,0,0,0,110963,48.27
06/06/2012,110,4180000,38.9(2.37 %),110,4180000,0,0,110853,48.27
07/06/2012,0,0,37.6(-3.34 %),0,0,0,0,110853,48.27
08/06/2012,0,0,39(3.72 %),0,0,0,0,110853,48.27
11/06/2012,0,0,39.8(2.05 %),0,0,0,0,110853,48.27
12/06/2012,0,0,37.9(-4.77 %),0,0,0,0,110853,48.27
13/06/2012,0,0,37.5(-1.06 %),0,0,0,0,110853,48.27
14/06/2012,-4800,-180000000,37.8(0.80 %),0,0,4800,180000000,115653,48.24
15/06/2012,0,0,38(0.53 %),0,0,0,0,115653,48.24
18/06/2012,0,0,38.3(0.79 %),0,0,0,0,115653,48.24
19/06/2012,0,0,38.3(0.00 %),0,0,0,0,115653,48.24
20/06/2012,0,0,38.6(0.78 %),0,0,0,0,115653,48.24
21/06/2012,-5450,-209827000,38(-1.55 %),0,0,5450,209827000,121103,48.2
22/06/2012,-16000,-616000000,38.4(1.05 %),0,0,16000,616000000,137103,48.1
25/06/2012,0,0,38.7(0.78 %),0,0,0,0,137103,48.1
26/06/2012,-2640,-98238000,38.9(0.52 %),0,0,2640,98238000,139743,48.08
27/06/2012,0,0,38.8(-0.26 %),0,0,0,0,139743,48.08
28/06/2012,0,0,38.9(0.26 %),0,0,0,0,139743,48.08
29/06/2012,0,0,39(0.26 %),0,0,0,0,139743,48.08
02/07/2012,0,0,38.9(-0.26 %),0,0,0,0,144751,48.05
03/07/2012,0,0,38.3(-1.54 %),0,0,0,0,144751,48.05
04/07/2012,700,27090000,38.4(0.26 %),700,27090000,0,0,144051,48.05
05/07/2012,0,0,38.4(0.00 %),0,0,0,0,144051,48.05
06/07/2012,0,0,38.7(0.78 %),0,0,0,0,144051,48.05
09/07/2012,0,0,38.9(0.52 %),0,0,0,0,144051,48.05
10/07/2012,-5630,-216078000,38.9(0.00 %),100,3890000,5730,219968000,149681,48.02
11/07/2012,0,0,39(0.26 %),0,0,0,0,149681,48.02
12/07/2012,0,0,39(0.00 %),0,0,0,0,149681,48.02
13/07/2012,1300,50700000,39(0.00 %),1300,50700000,0,0,148381,48.02
16/07/2012,0,0,39.3(0.77 %),100,3810000,100,3810000,148381,48.02
17/07/2012,0,0,39.3(0.00 %),0,0,0,0,148381,48.02
18/07/2012,-2500,-97500000,39(-0.76 %),0,0,2500,97500000,150881,48.01
19/07/2012,0,0,39(0.00 %),0,0,0,0,150881,48.01
20/07/2012,0,0,39(0.00 %),0,0,0,0,150881,48.01
23/07/2012,500,19500000,39(0.00 %),1000,39000000,500,19500000,150381,48.01
24/07/2012,0,0,39(0.00 %),0,0,0,0,150381,48.01
25/07/2012,0,0,39(0.00 %),0,0,0,0,150381,48.01
26/07/2012,0,0,38(-2.56 %),0,0,0,0,150381,48.01
27/07/2012,-10,-390000,39(2.63 %),0,0,10,390000,150391,48.01
30/07/2012,0,0,39(0.00 %),0,0,0,0,150391,48.01
31/07/2012,0,0,38.7(-0.77 %),0,0,0,0,150391,48.01
01/08/2012,100,3900000,39(0.78 %),100,3900000,0,0,150281,48.01
02/08/2012,0,0,39(0.00 %),0,0,0,0,150281,48.01
03/08/2012,0,0,38(-2.56 %),0,0,0,0,150281,48.01
06/08/2012,0,0,38.9(2.37 %),0,0,0,0,150281,48.01
07/08/2012,0,0,38.9(0.00 %),0,0,0,0,150281,48.01
08/08/2012,-46990,-1827611000,39.9(2.57 %),0,0,46990,1827611000,197271,47.7
09/08/2012,1000,39900000,39.9(0.00 %),1100,43710000,100,3810000,196271,47.71
10/08/2012,0,0,38.3(-4.01 %),0,0,0,0,196271,47.71
13/08/2012,200,7660000,39.8(3.92 %),200,7660000,0,0,196071,47.71
14/08/2012,0,0,39(-2.01 %),0,0,0,0,196071,47.71
15/08/2012,0,0,39(0.00 %),0,0,0,0,196071,47.71
16/08/2012,1000,39000000,39(0.00 %),1000,39000000,0,0,195071,47.72
17/08/2012,2000,78000000,39(0.00 %),2000,78000000,0,0,193071,47.73
20/08/2012,2800,110200000,39(0.00 %),2800,110200000,0,0,190271,47.75
21/08/2012,0,0,40.3(3.33 %),0,0,0,0,190271,47.75
22/08/2012,150,6045000,39.8(-1.24 %),150,6045000,0,0,190121,47.75
23/08/2012,0,0,39(-2.01 %),0,0,0,0,190121,47.75
24/08/2012,0,0,40(2.56 %),0,0,0,0,190121,47.75
27/08/2012,12400,474100000,38(-5.00 %),12400,474100000,0,0,177721,47.83
28/08/2012,-36400,-1384160000,37.9(-0.26 %),13600,515840000,50000,1900000000,214121,47.59
29/08/2012,0,0,38(0.26 %),0,0,0,0,214121,47.59
30/08/2012,-20200,-767600000,38(0.00 %),0,0,20200,767600000,234321,47.46
31/08/2012,3140,119720000,38(0.00 %),3140,119720000,0,0,231181,47.48
04/09/2012,4300,158600000,38(0.00 %),4300,158600000,0,0,206691,47.64
05/09/2012,2420,90460000,38(0.00 %),2420,90460000,0,0,204271,47.66
06/09/2012,0,0,38(0.00 %),0,0,0,0,204271,47.66
07/09/2012,2860,106130000,38(0.00 %),2860,106130000,0,0,201411,47.68
10/09/2012,1180,42648000,38(0.00 %),1180,42648000,0,0,200231,47.68
11/09/2012,0,0,37.5(-1.32 %),0,0,0,0,200231,47.68
12/09/2012,0,0,37.5(0.00 %),0,0,0,0,200231,47.68
13/09/2012,17970,692718000,39.3(4.80 %),17970,692718000,0,0,182261,47.8
14/09/2012,11910,475080000,40(1.78 %),12010,479200000,100,4120000,170351,47.88
17/09/2012,12000,479400000,39.9(-0.25 %),12000,479400000,0,0,158351,47.96
18/09/2012,10290,400981000,38.9(-2.51 %),10290,400981000,0,0,148061,48.03
19/09/2012,6750,256500000,38.9(0.00 %),6750,256500000,0,0,141311,48.07
20/09/2012,23470,900914000,38.8(-0.26 %),23470,900914000,0,0,117841,48.23
21/09/2012,0,0,38.8(0.00 %),0,0,0,0,117841,48.23
24/09/2012,630,24129000,38.2(-1.55 %),630,24129000,0,0,117211,48.23
25/09/2012,1030,39552000,37.5(-1.83 %),1030,39552000,0,0,116181,48.24
26/09/2012,-10,-380000,38(1.33 %),0,0,10,380000,116191,48.24
27/09/2012,0,0,38.9(2.37 %),0,0,0,0,116191,48.24
28/09/2012,12950,511305000,40(2.83 %),12950,511305000,0,0,103241,48.32
01/10/2012,123430,5177200000,40(0.00 %),722942,30356704000,599512,25179504000,1,49.0
02/10/2012,0,0,40(0.00 %),0,0,0,0,1,49.0
03/10/2012,0,0,40(0.00 %),0,0,0,0,1,49.0
04/10/2012,0,0,40(0.00 %),0,0,0,0,1,49.0
05/10/2012,0,0,40(0.00 %),0,0,0,0,1,49.0
08/10/2012,10,380000,42(5.00 %),10,380000,0,0,0,49.0
09/10/2012,0,0,41.5(-1.19 %),0,0,0,0,1,49.0
10/10/2012,0,0,42(1.20 %),0,0,0,0,1,49.0
11/10/2012,-100,-4150000,41.9(-0.24 %),500000,21000000000,500100,21004150000,101,49.0
12/10/2012,0,0,41.9(0.00 %),0,0,0,0,101,49.0
15/10/2012,0,0,41.7(-0.48 %),0,0,0,0,101,49.0
16/10/2012,0,0,38.5(4.62 %),0,0,0,0,101,49.0
17/10/2012,0,0,38(-1.30 %),0,0,0,0,101,49.0
18/10/2012,0,0,37(-2.63 %),0,0,0,0,101,49.0
19/10/2012,0,0,37(0.00 %),0,0,0,0,101,49.0
22/10/2012,0,0,38(2.70 %),0,0,0,0,101,49.0
23/10/2012,0,0,38(0.00 %),0,0,0,0,101,49.0
24/10/2012,0,0,39.5(3.95 %),0,0,0,0,101,49.0
25/10/2012,0,0,38(-3.80 %),0,0,0,0,101,49.0
26/10/2012,0,0,38(0.00 %),0,0,0,0,101,11.18
29/10/2012,0,0,38(0.00 %),0,0,0,0,101,49.0
30/10/2012,0,0,38(0.00 %),0,0,0,0,101,49.0
31/10/2012,100,3700000,37(-2.63 %),100,3700000,0,0,1,49.0
01/11/2012,-200,-7100000,38.8(4.86 %),0,0,200,7100000,1,49.0
02/11/2012,0,0,36.9(-4.90 %),0,0,0,0,1,49.0
05/11/2012,0,0,36(-2.44 %),0,0,0,0,1,49.0
06/11/2012,-620,-22170000,36(0.00 %),0,0,620,22170000,621,49.0
07/11/2012,0,0,36.9(2.50 %),0,0,0,0,621,49.0
08/11/2012,0,0,37.4(1.36 %),0,0,0,0,621,49.0
09/11/2012,-1250,-45140000,36(-3.74 %),100,3600000,1350,48740000,1871,48.99
12/11/2012,-600,-21600000,36(0.00 %),0,0,600,21600000,2471,48.99
13/11/2012,-240,-8614000,35.8(-0.56 %),0,0,240,8614000,2711,48.98
14/11/2012,-500,-18000000,36(0.56 %),0,0,500,18000000,3211,48.98
15/11/2012,-400,-14400000,36(0.00 %),0,0,400,14400000,3611,48.98
16/11/2012,0,0,36.5(1.39 %),0,0,0,0,3611,48.98
19/11/2012,-500,-17750000,35.5(-2.74 %),0,0,500,17750000,4111,48.98
20/11/2012,-310,-10920000,35.2(-0.85 %),0,0,310,10920000,4421,48.97
21/11/2012,-50,-1800000,36(2.27 %),0,0,50,1800000,4471,48.97
22/11/2012,-370,-12973000,35.8(-0.56 %),0,0,370,12973000,4841,48.97
23/11/2012,-1360,-47780000,35.5(-0.84 %),0,0,1360,47780000,6201,48.96
26/11/2012,-150,-5400000,36(1.41 %),0,0,150,5400000,6351,48.96
27/11/2012,-130,-4602000,35.4(-1.67 %),22572,853222000,22702,857824000,6481,48.96
28/11/2012,-10,-358000,35.8(1.13 %),0,0,10,358000,6491,48.96
29/11/2012,0,0,35(-2.23 %),0,0,0,0,6491,48.96
30/11/2012,-10,-359000,35.9(2.57 %),0,0,10,359000,6501,48.96
03/12/2012,0,0,36(0.28 %),0,0,0,0,6501,48.96
04/12/2012,-200,-7160000,35.8(-0.56 %),0,0,200,7160000,6701,48.96
05/12/2012,-330,-11649000,35.5(-0.84 %),0,0,330,11649000,7031,48.96
06/12/2012,0,0,35.1(-1.13 %),0,0,0,0,7031,48.96
07/12/2012,-1740,-60900000,35(-0.28 %),0,0,1740,60900000,8771,48.95
10/12/2012,0,0,35.2(0.57 %),0,0,0,0,8771,48.95
11/12/2012,0,0,34.8(-1.14 %),0,0,0,0,8771,48.95
12/12/2012,0,0,35.2(1.15 %),0,0,0,0,8771,48.95
13/12/2012,0,0,35(-0.57 %),0,0,0,0,8771,48.95
14/12/2012,0,0,35(0.00 %),0,0,0,0,8771,48.95
17/12/2012,0,0,35(0.00 %),0,0,0,0,8771,48.95
18/12/2012,0,0,34.5(-1.43 %),0,0,0,0,8771,48.95
19/12/2012,0,0,34.6(0.29 %),0,0,0,0,8771,48.95
20/12/2012,0,0,35(1.16 %),0,0,0,0,8771,48.95
21/12/2012,0,0,34.8(-0.57 %),24190,887773000,24190,887773000,8771,48.95
24/12/2012,0,0,34.8(0.00 %),0,0,0,0,8771,48.95
25/12/2012,0,0,34.9(0.29 %),0,0,0,0,8771,48.95
26/12/2012,0,0,36(3.15 %),0,0,0,0,8771,48.95
27/12/2012,0,0,35.3(-1.94 %),0,0,0,0,8771,48.95
28/12/2012,0,0,35.3(0.00 %),0,0,0,0,8771,48.95
02/01/2013,0,0,35(-0.85 %),0,0,0,0,8771,48.95
03/01/2013,0,0,35(0.00 %),0,0,0,0,8771,48.95
04/01/2013,0,0,35(0.00 %),0,0,0,0,8771,48.95
07/01/2013,0,0,35(0.00 %),0,0,0,0,8771,48.95
08/01/2013,0,0,34.9(-0.29 %),0,0,0,0,8771,48.95
09/01/2013,0,0,36(3.15 %),0,0,0,0,8771,48.95
10/01/2013,-1320,-46200000,35.2(-2.22 %),0,0,1320,46200000,10091,48.94
11/01/2013,0,0,35(-0.57 %),0,0,0,0,10091,48.94
14/01/2013,0,0,35(0.00 %),0,0,0,0,10091,48.94
15/01/2013,-2030,-70238000,34.7(-0.86 %),0,0,2030,70238000,12121,48.93
16/01/2013,0,0,34.7(0.00 %),0,0,0,0,12121,48.93
17/01/2013,0,0,34.5(-0.58 %),0,0,0,0,12121,48.93
18/01/2013,0,0,34(-1.45 %),0,0,0,0,12121,48.93
21/01/2013,0,0,34.5(1.47 %),46760,1697388000,46760,1697388000,12121,48.93
22/01/2013,0,0,34.1(-1.16 %),0,0,0,0,12121,48.93
23/01/2013,0,0,34.5(1.17 %),0,0,0,0,12121,48.93
24/01/2013,0,0,35.3(2.32 %),0,0,0,0,12121,48.93
25/01/2013,0,0,35.1(-0.57 %),0,0,0,0,12121,48.93
28/01/2013,0,0,35(-0.28 %),0,0,0,0,12121,48.93
29/01/2013,-5880,-191907000,34.5(-1.43 %),0,0,5880,191907000,18001,48.89
30/01/2013,-10,-345000,34.5(0.00 %),50000,1845000000,50010,1845345000,18011,48.89
31/01/2013,-280,-9520000,34(-1.45 %),0,0,280,9520000,18291,48.89
01/02/2013,-2350,-79900000,34.5(1.47 %),125000,4537500000,127350,4617400000,20641,48.88
04/02/2013,3480,123192000,35.4(2.61 %),68480,2521692000,65000,2398500000,17161,48.9
05/02/2013,10,350000,34.9(-1.41 %),10,350000,0,0,17151,48.9
06/02/2013,280,9884000,34.9(0.00 %),280,9884000,0,0,16871,48.9
07/02/2013,1760,61954000,34.8(-0.29 %),2350,82840000,590,20886000,15111,48.91
08/02/2013,0,0,33.6(-3.45 %),0,0,0,0,15111,48.91
18/02/2013,0,0,35(4.17 %),0,0,0,0,15111,48.91
19/02/2013,0,0,34.1(-2.57 %),39600,1386000000,39600,1386000000,15111,48.91
20/02/2013,590,20650000,34.8(2.05 %),235590,8574650000,235000,8554000000,14521,48.91
21/02/2013,0,0,34(-2.30 %),0,0,0,0,14521,48.91
22/02/2013,0,0,34.5(1.47 %),50000,1800000000,50000,1800000000,14521,48.91
25/02/2013,0,0,34(-1.45 %),0,0,0,0,14521,48.91
26/02/2013,0,0,34(0.00 %),100000,3550000000,100000,3550000000,14521,48.91
27/02/2013,0,0,34.1(0.29 %),0,0,0,0,14521,48.91
28/02/2013,0,0,34.9(2.35 %),0,0,0,0,14521,48.91
01/03/2013,0,0,34.1(-2.29 %),0,0,0,0,8,49.0
04/03/2013,0,0,34.5(1.17 %),0,0,0,0,8,49.0
05/03/2013,0,0,34(-1.45 %),103522,3819962000,103522,3819962000,8,49.0
06/03/2013,0,0,34(0.00 %),0,0,0,0,8,49.0
07/03/2013,0,0,34(0.00 %),0,0,0,0,8,49.0
08/03/2013,0,0,34(0.00 %),0,0,0,0,8,49.0
11/03/2013,0,0,34(0.00 %),0,0,0,0,8,49.0
12/03/2013,0,0,33.5(-1.47 %),0,0,0,0,8,49.0
13/03/2013,-140,-4760000,34(1.49 %),0,0,140,4760000,148,49.0
14/03/2013,0,0,34(0.00 %),0,0,0,0,148,49.0
15/03/2013,10,338000,33.8(-0.59 %),10,338000,0,0,138,49.0
18/03/2013,0,0,33.9(0.30 %),20000,722000000,20000,722000000,138,49.0
19/03/2013,-860,-29154000,33.9(0.00 %),140,4746000,1000,33900000,998,48.99
20/03/2013,0,0,36.2(6.78 %),0,0,0,0,998,48.99
21/03/2013,-62250,-2407850000,38.7(6.91 %),50000,1935000000,112250,4342850000,63248,48.62
22/03/2013,0,0,37(-4.39 %),0,0,0,0,63248,48.62
25/03/2013,1000,37000000,36.9(-0.27 %),1000,37000000,0,0,62248,48.63
26/03/2013,-20,-702000,35.9(-2.71 %),0,0,20,702000,62268,48.63
27/03/2013,62250,2283890000,36(0.28 %),62250,2283890000,0,0,18,49.0
28/03/2013,0,0,35(-2.78 %),0,0,0,0,18,49.0
29/03/2013,0,0,34.2(-2.29 %),0,0,0,0,18,49.0
01/04/2013,20,684000,34.7(1.46 %),20,684000,0,0,0,49.0
02/04/2013,-1420,-49274000,34.1(-1.73 %),0,0,1420,49274000,0,49.0
03/04/2013,0,0,34(-0.29 %),0,0,0,0,0,49.0
04/04/2013,0,0,33(-2.94 %),50000,1815000000,50000,1815000000,0,49.0
05/04/2013,0,0,33.1(0.30 %),0,0,0,0,0,49.0
08/04/2013,800,27660000,34(2.72 %),800,27660000,0,0,620,49.0
09/04/2013,100,3370000,34(0.00 %),100,3370000,0,0,520,49.0
10/04/2013,450,15425000,33.7(-0.88 %),450,15425000,0,0,70,49.0
11/04/2013,70,2324000,33(-2.08 %),70,2324000,0,0,0,49.0
12/04/2013,0,0,32.9(-0.30 %),0,0,0,0,0,49.0
15/04/2013,-390,-12714000,32.8(-0.30 %),0,0,390,12714000,0,49.0
16/04/2013,0,0,32(-2.44 %),0,0,0,0,0,49.0
17/04/2013,0,0,32.7(2.19 %),0,0,0,0,0,49.0
18/04/2013,0,0,31.8(-2.75 %),0,0,0,0,0,49.0
22/04/2013,300,9660000,31.8(0.00 %),300,9660000,0,0,90,49.0
23/04/2013,90,2866000,31.5(-0.94 %),90,2866000,0,0,0,49.0
24/04/2013,0,0,32(1.59 %),0,0,0,0,0,49.0
25/04/2013,-2900,-88099000,31(-3.12 %),0,0,2900,88099000,0,49.0
26/04/2013,0,0,31.9(2.90 %),0,0,0,0,0,49.0
02/05/2013,0,0,31(-2.82 %),0,0,0,0,0,49.0
03/05/2013,0,0,31.1(0.32 %),0,0,0,0,0,49.0
06/05/2013,2850,92675000,31.8(2.25 %),2900,94250000,50,1575000,0,49.0
07/05/2013,0,0,31.7(-0.31 %),0,0,0,0,0,49.0
08/05/2013,0,0,31.9(0.63 %),0,0,0,0,0,49.0
09/05/2013,0,0,31(-2.82 %),0,0,0,0,0,49.0
10/05/2013,50,1525000,31.4(1.29 %),50,1525000,0,0,0,49.0
13/05/2013,0,0,31.5(0.32 %),0,0,0,0,0,49.0
14/05/2013,0,0,31.6(0.32 %),0,0,0,0,0,49.0
15/05/2013,0,0,31.9(0.95 %),0,0,0,0,0,49.0
16/05/2013,0,0,31.3(-1.88 %),0,0,0,0,0,49.0
17/05/2013,0,0,31.5(0.64 %),0,0,0,0,3,49.0
20/05/2013,0,0,31.7(0.63 %),0,0,0,0,3,49.0
21/05/2013,-40,-1268000,31.9(0.63 %),0,0,40,1268000,43,49.0
22/05/2013,0,0,32.5(1.88 %),0,0,0,0,43,49.0
23/05/2013,0,0,32.4(-0.31 %),0,0,0,0,43,49.0
24/05/2013,0,0,33.4(3.09 %),0,0,0,0,43,49.0
27/05/2013,40,1340000,33.5(0.30 %),40,1340000,0,0,3,49.0
28/05/2013,0,0,33.2(-0.90 %),0,0,0,0,3,49.0
29/05/2013,0,0,32.3(-2.71 %),0,0,0,0,3,49.0
30/05/2013,0,0,31.6(-2.17 %),0,0,0,0,3,49.0
31/05/2013,0,0,32(1.27 %),0,0,0,0,3,49.0
03/06/2013,0,0,32.1(0.31 %),0,0,0,0,5,49.0
04/06/2013,0,0,32.1(0.00 %),0,0,0,0,5,49.0
05/06/2013,0,0,31.9(2.57 %),0,0,0,0,5,49.0
06/06/2013,0,0,32.1(0.63 %),0,0,0,0,5,49.0
07/06/2013,0,0,32.5(1.25 %),0,0,0,0,5,49.0
10/06/2013,0,0,33.3(2.46 %),0,0,0,0,5,49.0
11/06/2013,0,0,33.5(0.60 %),0,0,0,0,5,49.0
12/06/2013,0,0,35.4(5.67 %),0,0,0,0,5,49.0
13/06/2013,-12760,-438022000,34(-3.95 %),0,0,12760,438022000,12765,48.92
14/06/2013,-26900,-903503000,34(0.00 %),0,0,26900,903503000,39665,48.76
17/06/2013,0,0,33.3(-2.06 %),0,0,0,0,39665,48.76
18/06/2013,0,0,33.9(1.80 %),0,0,0,0,39665,48.76
19/06/2013,2760,105148000,34.2(0.88 %),12760,444048000,10000,338900000,36905,48.78
20/06/2013,16900,591420000,35.1(2.63 %),26900,936120000,10000,344700000,20005,48.88
21/06/2013,0,0,35.2(0.28 %),0,0,0,0,20005,48.88
24/06/2013,0,0,35.4(0.57 %),0,0,0,0,20005,48.88
25/06/2013,-10300,-327374000,34.8(-1.69 %),10000,356000000,20300,683374000,30305,48.82
26/06/2013,-8280,-277100000,34.7(-0.29 %),1720,60200000,10000,337300000,38585,48.77
27/06/2013,-4090,-138673000,34.6(-0.29 %),5910,205327000,10000,344000000,42675,48.74
28/06/2013,-15000,-512601000,34(-1.73 %),0,0,15000,512601000,57675,48.65
01/07/2013,-10700,-357881000,34.7(2.06 %),9300,322640000,20000,680521000,13375,48.92
02/07/2013,-16200,-551640000,34.1(-1.73 %),3800,129750000,20000,681390000,29575,48.82
03/07/2013,190,6555000,34.3(0.59 %),190,6555000,0,0,29385,48.82
04/07/2013,-19890,-662579000,33.3(-2.92 %),110,3770000,20000,666349000,49275,48.71
05/07/2013,-25000,-837800000,33.5(0.60 %),5000,167500000,30000,1005300000,74275,48.56
08/07/2013,-20000,-668312000,34(1.49 %),0,0,20000,668312000,94275,48.44
09/07/2013,0,-215000,33.5(-1.47 %),20000,675785000,20000,676000000,94275,48.44
10/07/2013,9700,327050000,33.5(0.00 %),9700,327050000,0,0,84575,48.49
11/07/2013,53150,1853364000,34.8(3.88 %),282844,9565593000,229694,7712229000,31425,48.81
12/07/2013,1000,35552000,34.9(0.29 %),1000,35552000,0,0,30425,48.82
15/07/2013,0,0,34.1(-2.29 %),0,0,0,0,30425,48.82
16/07/2013,0,0,34.1(0.00 %),0,0,0,0,30425,48.82
17/07/2013,500,17450000,34.5(1.17 %),500,17450000,0,0,29925,48.82
18/07/2013,0,0,34.5(0.00 %),0,0,0,0,29925,48.82
19/07/2013,500,17250000,34.7(0.58 %),500,17250000,0,0,29425,48.82
22/07/2013,0,0,36(3.75 %),0,0,0,0,29425,48.82
23/07/2013,290,10355000,37.7(4.72 %),340,12240000,50,1885000,29135,48.83
24/07/2013,2290,86645000,36.9(-2.12 %),2290,86645000,0,0,26845,48.84
25/07/2013,0,0,35.7(-3.25 %),0,0,0,0,26845,48.84
26/07/2013,3000,108000000,35.9(0.56 %),3000,108000000,0,0,23845,48.86
29/07/2013,40,1440000,35.4(-1.39 %),40,1440000,0,0,23805,48.86
30/07/2013,0,0,35.5(0.28 %),0,0,0,0,23805,48.86
31/07/2013,0,0,35.5(0.00 %),0,0,0,0,23805,48.86
01/08/2013,0,0,35.5(0.00 %),0,0,0,0,78813,48.53
02/08/2013,0,0,35.5(0.00 %),0,0,0,0,78813,48.53
05/08/2013,0,0,36.3(2.25 %),0,0,0,0,78813,48.53
06/08/2013,0,0,37.6(3.58 %),0,0,0,0,78813,48.53
07/08/2013,2600,99550000,38(1.06 %),5100,195300000,2500,95750000,76213,48.54
08/08/2013,90,3375000,37(-2.63 %),90,3375000,0,0,76123,48.54
09/08/2013,0,0,36.2(-2.16 %),0,0,0,0,76123,48.54
12/08/2013,0,0,36.7(1.38 %),0,0,0,0,76123,48.54
13/08/2013,-5000,-185440000,37(0.82 %),0,0,5000,185440000,81123,48.51
14/08/2013,-4360,-161320000,37(0.00 %),640,23680000,5000,185000000,85483,48.49
15/08/2013,-2260,-84287000,37.2(0.54 %),1000,37083000,3260,121370000,87743,48.47
16/08/2013,900,33660000,36.1(-2.96 %),900,33660000,0,0,86843,48.48
19/08/2013,590,21653000,36.2(0.28 %),590,21653000,0,0,86253,48.48
20/08/2013,0,0,36.2(0.00 %),0,0,0,0,86253,48.48
21/08/2013,0,0,36.7(1.38 %),0,0,0,0,86253,48.48
22/08/2013,0,0,36(-1.91 %),0,0,0,0,86253,48.48
23/08/2013,-3000,-107910000,36.3(0.83 %),0,0,3000,107910000,89253,48.47
26/08/2013,-8300,-296538000,36.5(0.55 %),200,7300000,8500,303838000,97553,48.42
27/08/2013,-620,-22350000,36(-1.37 %),0,0,620,22350000,98173,48.41
28/08/2013,920,32319000,35.7(-0.83 %),1250,44100000,330,11781000,97253,48.42
29/08/2013,100,3610000,36(0.84 %),100,3610000,0,0,97153,48.42
30/08/2013,1190,42128000,36(0.00 %),1490,52659000,300,10531000,95963,48.43
03/09/2013,100,3600000,35.1(-2.50 %),100,3600000,0,0,95233,48.43
04/09/2013,0,0,34.6(-1.42 %),0,0,0,0,95233,48.43
05/09/2013,0,0,34.7(0.29 %),0,0,0,0,95233,48.43
06/09/2013,0,0,35(0.86 %),0,0,0,0,95233,48.43
09/09/2013,0,0,35.3(0.86 %),0,0,0,0,95233,48.43
10/09/2013,0,0,35.3(0.00 %),0,0,0,0,95233,48.43
11/09/2013,0,0,35.4(0.28 %),0,0,0,0,95233,48.43
12/09/2013,0,0,35.4(0.00 %),0,0,0,0,95233,48.43
13/09/2013,10,348000,35.5(0.28 %),10,348000,0,0,95223,48.43
16/09/2013,0,0,35.6(0.28 %),0,0,0,0,95223,48.43
17/09/2013,0,0,34.6(-2.81 %),0,0,0,0,95223,48.43
18/09/2013,0,0,34.6(0.00 %),0,0,0,0,95223,48.43
19/09/2013,-500,-17450000,34.8(0.58 %),0,0,500,17450000,95723,48.43
20/09/2013,4240,146893000,35(0.57 %),4240,146893000,0,0,91483,48.45
23/09/2013,100,3500000,35.9(2.57 %),100,3500000,0,0,91383,48.45
24/09/2013,0,0,35.5(-1.11 %),0,0,0,0,91383,48.45
25/09/2013,-15000,-525150000,35(-1.41 %),0,0,15000,525150000,106383,48.36
26/09/2013,-500,-17500000,35.1(0.29 %),0,0,500,17500000,106883,48.36
27/09/2013,300,10500000,35.2(0.28 %),300,10500000,0,0,106583,48.36
30/09/2013,800,28000000,35.4(0.57 %),800,28000000,0,0,105783,48.37
01/10/2013,0,0,34.8(-1.69 %),0,0,0,0,105913,48.37
02/10/2013,2100,74500000,35(0.57 %),2100,74500000,0,0,103813,48.38
03/10/2013,480,16800000,34.9(-0.29 %),480,16800000,0,0,103333,48.38
04/10/2013,3430,120109000,34.8(-0.29 %),4120,144190000,690,24081000,99903,48.4
07/10/2013,-5640,-196940000,35.1(0.86 %),50,1750000,5690,198690000,105543,48.37
08/10/2013,-450,-15740000,35.1(0.00 %),550,19260000,1000,35000000,105993,48.37
09/10/2013,0,0,37.5(6.84 %),0,0,0,0,105993,48.37
10/10/2013,-1950,-74690000,38(1.33 %),100,3820000,2050,78510000,107943,48.35
11/10/2013,0,0,37.5(-1.32 %),0,0,0,0,107943,48.35
14/10/2013,0,0,36.8(-1.87 %),0,0,0,0,107943,48.35
15/10/2013,0,0,36.6(-0.54 %),0,0,0,0,107943,48.35
16/10/2013,2100,76900000,37.9(3.55 %),2100,76900000,0,0,105843,48.37
17/10/2013,0,0,37.5(-1.06 %),0,0,0,0,105843,48.37
18/10/2013,0,0,37.5(0.00 %),0,0,0,0,105843,48.37
21/10/2013,400,14000000,37.2(-0.80 %),400,14000000,0,0,105443,48.37
22/10/2013,0,0,36(-3.23 %),0,0,0,0,105443,48.37
23/10/2013,0,0,37(2.78 %),0,0,0,0,105443,48.37
24/10/2013,0,0,36.5(-1.35 %),0,0,0,0,105443,48.37
25/10/2013,1000,36600000,36.3(-0.55 %),1000,36600000,0,0,104443,48.37
28/10/2013,0,0,36.2(-0.28 %),0,0,0,0,104443,48.37
29/10/2013,0,0,36.5(0.83 %),0,0,0,0,104443,48.37
30/10/2013,-5000,-182500000,36.6(0.27 %),0,0,5000,182500000,109443,48.34
31/10/2013,-660,-24024000,36.7(0.27 %),0,0,660,24024000,110103,48.34
01/11/2013,0,0,36.4(-0.82 %),0,0,0,0,104943,48.37
04/11/2013,-400,-14308000,36(-1.10 %),0,0,400,14308000,105343,48.37
05/11/2013,7460,269306000,36.3(0.83 %),7460,269306000,0,0,97883,48.41
06/11/2013,7270,262545000,36.3(0.00 %),7270,262545000,0,0,90613,48.46
07/11/2013,5270,191301000,36.3(0.00 %),5270,191301000,0,0,85343,48.49
08/11/2013,0,0,36.4(0.28 %),0,0,0,0,85343,48.49
11/11/2013,0,0,36.9(1.37 %),0,0,0,0,85343,48.49
12/11/2013,3000,110400000,37(0.27 %),3000,110400000,0,0,82343,48.51
13/11/2013,10000,369900000,36.9(-0.27 %),10000,369900000,0,0,72343,48.57
14/11/2013,-660,-23383000,36(0.28 %),0,0,660,23383000,73003,48.56
15/11/2013,300,10800000,36.1(0.28 %),300,10800000,0,0,72703,48.56
18/11/2013,-190,-6802000,37(2.49 %),0,0,190,6802000,72893,48.56
19/11/2013,-5000,-185000000,37(0.00 %),0,0,5000,185000000,77893,48.53
20/11/2013,-500,-18750000,38(2.70 %),0,0,500,18750000,78393,48.53
21/11/2013,0,0,37.8(-0.53 %),0,0,0,0,78393,48.53
22/11/2013,0,0,36.5(-3.44 %),0,0,0,0,78393,48.53
25/11/2013,0,0,36.4(-0.27 %),0,0,0,0,78393,48.53
26/11/2013,4400,164475000,36.8(1.10 %),4400,164475000,0,0,73993,48.56
27/11/2013,510,18800000,36.6(-0.54 %),510,18800000,0,0,73483,48.56
28/11/2013,-600,-21950000,36.6(0.00 %),100,3670000,700,25620000,74083,48.56
29/11/2013,-2200,-80080000,36.5(-0.27 %),0,0,2200,80080000,76283,48.54
02/12/2013,1400,51100000,37(1.37 %),1400,51100000,0,0,77643,48.54
03/12/2013,0,0,37.2(0.54 %),0,0,0,0,77643,48.54
04/12/2013,1800,67500000,37(-0.54 %),1800,67500000,0,0,75843,48.55
05/12/2013,200,7410000,37.1(0.27 %),200,7410000,0,0,75643,48.55
06/12/2013,0,0,37.5(1.08 %),0,0,0,0,75643,48.55
09/12/2013,2700,101250000,37(-1.33 %),2700,101250000,0,0,72943,48.56
10/12/2013,7300,272810000,37.1(0.27 %),7300,272810000,0,0,65643,48.61
11/12/2013,0,0,37.1(0.00 %),0,0,0,0,65643,48.61
12/12/2013,0,0,36.9(-0.54 %),0,0,0,0,65643,48.61
13/12/2013,4990,187745000,37.3(1.08 %),4990,187745000,0,0,60653,48.64
16/12/2013,-600,-21960000,37.2(-0.27 %),0,0,600,21960000,61253,48.63
17/12/2013,0,0,36.7(-1.34 %),0,0,0,0,61253,48.63
18/12/2013,1000,37500000,37.5(2.18 %),1000,37500000,0,0,60253,48.64
19/12/2013,-320,-11970000,37.1(-1.07 %),980,36260000,1300,48230000,60573,48.64
20/12/2013,12130,452320000,37(-0.27 %),12130,452320000,0,0,48443,48.71
23/12/2013,23760,890000000,37.5(1.35 %),23760,890000000,0,0,24683,48.85
24/12/2013,6950,262332000,37.7(0.53 %),7070,266832000,120,4500000,17733,48.89
25/12/2013,16510,619913000,37.5(-0.53 %),16510,619913000,0,0,1223,48.99
26/12/2013,600,22500000,37.5(0.00 %),1100,41250000,500,18750000,623,49.0
27/12/2013,2900,108795000,37.6(0.27 %),2900,108795000,0,0,0,49.01
30/12/2013,120,4500000,36.6(-2.66 %),120,4500000,0,0,3,49.0
31/12/2013,0,0,37.3(1.91 %),0,0,0,0,3,49.0
02/01/2014,500,18650000,37.4(0.27 %),500,18650000,0,0,3,49.0
03/01/2014,0,0,37.6(0.53 %),0,0,0,0,3,49.0
06/01/2014,0,0,40(6.38 %),0,0,0,0,3,49.0
07/01/2014,0,0,40(0.00 %),0,0,0,0,3,49.0
08/01/2014,0,0,40.9(2.25 %),0,0,0,0,3,49.0
09/01/2014,-47000,-1901200000,40.4(-1.22 %),0,0,47000,1901200000,47003,48.72
10/01/2014,-36000,-1470850000,40.5(0.25 %),0,0,36000,1470850000,83003,48.5
13/01/2014,-14010,-567945000,40.4(-0.25 %),0,0,14010,567945000,97013,48.42
14/01/2014,-38000,-1538123000,40.4(0.00 %),0,0,38000,1538123000,135013,48.19
15/01/2014,-3200,-116040000,43.2(6.93 %),5870,252332000,9070,368372000,138213,48.17
16/01/2014,1450,66990000,46.2(6.94 %),1500,69300000,50,2310000,136763,48.18
17/01/2014,-10,-4729000,47.7(3.25 %),4790,229991000,4800,234720000,136773,48.18
20/01/2014,-150,-7190000,47(-1.47 %),50,2310000,200,9500000,136923,48.18
21/01/2014,-5000,-250000000,50(6.38 %),0,0,5000,250000000,141923,48.15
22/01/2014,-7860,-395160000,48.1(-3.80 %),2140,105280000,10000,500440000,149783,48.1
23/01/2014,-35600,-1737213000,48.7(1.25 %),0,0,35600,1737213000,185383,47.89
24/01/2014,-13950,-690335000,49.5(1.64 %),2360,116180000,16310,806515000,199333,47.81
27/01/2014,-30000,-1488105000,49.7(0.40 %),0,0,30000,1488105000,229333,47.63
06/02/2014,-54080,-2649372000,49.5(-0.40 %),300,14790000,54380,2664162000,147123,48.12
07/02/2014,-5970,-314720000,51(3.03 %),9100,453850000,15070,768570000,153093,48.08
10/02/2014,0,0,54.5(6.86 %),0,0,0,0,153093,48.08
11/02/2014,-150,-8475000,55(0.92 %),0,0,150,8475000,153243,48.08
12/02/2014,2570,146385000,58(5.45 %),7400,416865000,4830,270480000,150673,48.1
13/02/2014,0,0,57(-1.72 %),0,0,0,0,150673,48.1
14/02/2014,2000,114950000,57(0.00 %),7300,416050000,5300,301100000,148673,48.11
17/02/2014,3550,202210000,56.5(-0.88 %),3550,202210000,0,0,145123,48.13
18/02/2014,0,0,56(-0.88 %),0,0,0,0,145123,48.13
19/02/2014,4010,224265000,57(1.79 %),4080,228185000,70,3920000,141113,48.16
20/02/2014,2000,113000000,54(-5.26 %),2000,113000000,0,0,139113,48.17
21/02/2014,1160,63800000,55.5(2.78 %),1160,63800000,0,0,137953,48.17
24/02/2014,400,22200000,55.5(0.00 %),400,22200000,0,0,137553,48.18
25/02/2014,-20,-1100000,56(0.90 %),0,0,20,1100000,137573,48.18
26/02/2014,3600,199800000,55.5(-0.89 %),3600,199800000,0,0,133973,48.2
27/02/2014,0,0,55.5(0.00 %),0,0,0,0,133973,48.2
28/02/2014,-5150,-278100000,55(-0.90 %),0,0,5150,278100000,139123,48.17
03/03/2014,1900,104350000,53.5(-2.73 %),1900,104350000,0,0,268663,47.39
04/03/2014,0,0,52.5(-1.87 %),0,0,0,0,268663,47.39
05/03/2014,0,0,56(6.67 %),0,0,0,0,268663,47.39
06/03/2014,-2370,-135090000,59.5(6.25 %),0,0,2370,135090000,271033,47.38
07/03/2014,0,0,60(0.84 %),0,0,0,0,271033,47.38
10/03/2014,-3000,-177250000,59.5(-0.83 %),0,0,3000,177250000,274033,47.36
11/03/2014,3950,235275000,60(0.84 %),4100,244200000,150,8925000,270083,47.38
12/03/2014,1570,99595000,63(5.00 %),1620,102720000,50,3125000,268513,47.39
13/03/2014,90,5370000,63(0.00 %),300,18600000,210,13230000,268423,47.39
14/03/2014,0,0,65(3.17 %),0,0,0,0,268423,47.39
17/03/2014,-130,-8385000,64.5(-0.77 %),0,0,130,8385000,268553,47.39
18/03/2014,0,0,64.5(0.00 %),0,0,0,0,268553,47.39
19/03/2014,130,8840000,67.5(4.65 %),130,8840000,0,0,268423,47.39
20/03/2014,-6050,-424115000,68.5(1.48 %),0,0,6050,424115000,274473,47.36
21/03/2014,0,0,67.5(-1.46 %),0,0,0,0,274473,47.36
24/03/2014,-3990,-267330000,68(0.74 %),0,0,3990,267330000,278463,47.33
25/03/2014,400,26600000,66(-2.94 %),400,26600000,0,0,278063,47.34
26/03/2014,40,2460000,62(-6.06 %),40,2460000,0,0,278023,47.34
27/03/2014,0,0,61.5(-0.81 %),0,0,0,0,278023,47.34
28/03/2014,2280,143000000,62.5(1.63 %),4280,269500000,2000,126500000,275743,47.35
31/03/2014,-5000,-314000000,62.5(0.00 %),0,0,5000,314000000,280743,47.32
01/04/2014,-5000,-312500000,62.5(0.00 %),0,0,5000,312500000,278593,47.33
02/04/2014,0,0,60(-4.00 %),0,0,0,0,278593,47.33
03/04/2014,-5000,-305000000,62(3.33 %),0,0,5000,305000000,283593,47.3
04/04/2014,-5000,-310000000,62(0.00 %),0,0,5000,310000000,288593,47.27
07/04/2014,2600,161200000,62.5(0.81 %),2600,161200000,0,0,285993,47.29
08/04/2014,0,0,63(0.80 %),0,0,0,0,285993,47.29
10/04/2014,0,0,62.5(-0.79 %),0,0,0,0,285993,47.29
11/04/2014,0,0,61.5(-1.60 %),0,0,0,0,285993,47.29
14/04/2014,0,0,61(-0.81 %),0,0,0,0,285993,47.29
15/04/2014,0,0,61(0.00 %),0,0,0,0,285993,47.29
16/04/2014,0,0,61(0.00 %),0,0,0,0,285993,47.29
17/04/2014,0,0,61(0.00 %),0,0,0,0,285993,47.29
18/04/2014,700,42350000,59.5(-2.46 %),700,42350000,0,0,285293,47.29
21/04/2014,0,0,56(-5.88 %),0,0,0,0,285293,47.29
22/04/2014,5000,278050000,55.5(-0.89 %),5000,278050000,0,0,280293,47.32
23/04/2014,0,0,56(0.90 %),0,0,0,0,280293,47.32
24/04/2014,0,0,56.5(0.89 %),0,0,0,0,280293,47.32
25/04/2014,0,0,58(2.65 %),0,0,0,0,280293,47.32
28/04/2014,0,0,57(-1.72 %),0,0,0,0,280293,47.32
29/04/2014,13160,750120000,57.5(0.88 %),13160,750120000,0,0,267133,47.4
05/05/2014,10800,608350000,57.5(0.00 %),10800,608350000,0,0,268333,47.39
06/05/2014,-50,-2800000,56(-2.61 %),0,0,50,2800000,268383,47.39
07/05/2014,1500,83685000,55.5(-0.89 %),1500,83685000,0,0,266883,47.4
08/05/2014,26900,1398450000,52(-6.31 %),27000,1404000000,100,5550000,239983,47.56
09/05/2014,420,22310000,53(1.92 %),420,22310000,0,0,239563,47.57
12/05/2014,1700,87200000,49.3(-6.98 %),1700,87200000,0,0,237863,47.58
13/05/2014,2000,98000000,48.5(-1.62 %),2000,98000000,0,0,235863,47.59
14/05/2014,1300,63850000,51(5.15 %),1300,63850000,0,0,234563,47.6
15/05/2014,10500,524224000,49.9(0.81 %),10500,524224000,0,0,224063,47.66
16/05/2014,4720,236106000,50.5(1.20 %),6920,345886000,2200,109780000,219343,47.69
19/05/2014,-1820,-90910000,51.5(1.98 %),180,9090000,2000,100000000,221163,47.68
20/05/2014,1850,92535000,50(-2.91 %),4350,217285000,2500,124750000,219313,47.69
21/05/2014,-200,-10250000,52.5(5.00 %),0,0,200,10250000,219513,47.69
22/05/2014,10200,530500000,52(-0.95 %),10200,530500000,0,0,209313,47.75
23/05/2014,0,0,51(-1.92 %),0,0,0,0,209313,47.75
26/05/2014,0,0,51.5(0.98 %),0,0,0,0,209313,47.75
27/05/2014,7600,390900000,52.5(1.94 %),7600,390900000,0,0,201713,47.79
28/05/2014,820,43495000,53(0.95 %),820,43495000,0,0,200893,47.8
29/05/2014,0,0,53(0.00 %),0,0,0,0,200893,47.8
30/05/2014,9250,491830000,52.5(-0.94 %),9250,491830000,0,0,191643,47.85
02/06/2014,10000,517015000,52(-0.95 %),10000,517015000,0,0,181643,47.91
03/06/2014,5390,275635000,52(0.00 %),10000,513000000,4610,237365000,176253,47.94
04/06/2014,43000,2236000000,52(0.00 %),43000,2236000000,0,0,133253,48.2
05/06/2014,6070,315105000,52.5(0.96 %),6070,315105000,0,0,127183,48.24
06/06/2014,18390,973865000,53.5(1.90 %),18390,973865000,0,0,108793,48.35
09/06/2014,0,0,53.5(0.00 %),0,0,0,0,108793,48.35
10/06/2014,23100,1218825000,53(-0.93 %),24100,1271325000,1000,52500000,85693,48.49
11/06/2014,29680,1570400000,53(0.00 %),30280,1602200000,600,31800000,56013,48.66
12/06/2014,100,5300000,53(0.00 %),100,5300000,0,0,55913,48.67
13/06/2014,600,32650000,53(0.00 %),1300,70100000,700,37450000,55313,48.67
16/06/2014,9000,473460000,53(0.00 %),10000,525960000,1000,52500000,46313,48.72
17/06/2014,7060,369680000,53(0.00 %),10800,567900000,3740,198220000,39253,48.77
18/06/2014,33800,1774500000,53(0.00 %),33800,1774500000,0,0,5453,48.97
19/06/2014,0,0,52.5(-0.94 %),0,0,0,0,5453,48.97
20/06/2014,1440,76230000,52.5(0.00 %),1440,76230000,0,0,4013,48.98
23/06/2014,0,0,52.5(0.00 %),0,0,0,0,4013,48.98
24/06/2014,-6040,-317115000,53(0.95 %),200,10600000,6240,327715000,10053,48.94
25/06/2014,0,0,53.5(0.94 %),0,0,0,0,10053,48.94
26/06/2014,-12490,-662820000,54(0.93 %),0,0,12490,662820000,22543,48.87
27/06/2014,0,0,53.5(-0.93 %),0,0,0,0,22543,48.87
30/06/2014,0,0,54(0.93 %),0,0,0,0,22543,48.87
01/07/2014,-200,-10850000,55(1.85 %),0,0,200,10850000,10053,48.94
02/07/2014,22540,1291065000,58.5(6.36 %),22540,1291065000,0,0,0,49.07
03/07/2014,-330,-19305000,57.5(-1.71 %),0,0,330,19305000,3,49.0
04/07/2014,0,0,56.5(-1.74 %),0,0,0,0,3,49.0
07/07/2014,200,11300000,55.5(-1.77 %),200,11300000,0,0,0,49.0
08/07/2014,-100,-5500000,55.5(0.00 %),0,0,100,5500000,3,49.0
09/07/2014,230,12980000,55(-0.90 %),330,18480000,100,5500000,0,49.0
10/07/2014,-430,-23435000,54.5(-0.91 %),0,0,430,23435000,3,49.0
11/07/2014,-70,-3850000,55(0.92 %),0,0,70,3850000,0,0.0
14/07/2014,100,5500000,55(0.00 %),100,5500000,0,0,103,49.0
15/07/2014,80,4400000,54.5(-0.91 %),100,5500000,20,1100000,23,49.0
16/07/2014,-270,-14850000,56(2.75 %),430,23650000,700,38500000,0,0.0
17/07/2014,-1290,-72240000,56(0.00 %),0,0,1290,72240000,73,49.0
18/07/2014,-530,-29515000,57(1.79 %),0,0,530,29515000,75,49.0
21/07/2014,-440,-25425000,58.5(2.63 %),0,0,440,25425000,95,0.0
22/07/2014,-3380,-202230000,61(4.27 %),790,46215000,4170,248445000,0,0.0
23/07/2014,1290,78690000,60(-1.64 %),1290,78690000,0,0,0,0.0
24/07/2014,530,31800000,64(6.67 %),530,31800000,0,0,0,0.0
25/07/2014,140,8820000,63(-1.56 %),140,8820000,0,0,307,0.0
28/07/2014,390,24570000,62(-1.59 %),390,24570000,0,0,4087,0.0
29/07/2014,100,6200000,62(0.00 %),100,6200000,0,0,3987,0.0
30/07/2014,3900,245700000,62.5(0.81 %),3900,245700000,0,0,87,0.0
31/07/2014,-600,-37500000,65(4.00 %),0,0,600,37500000,87,0.0
01/08/2014,80,5200000,67(3.08 %),80,5200000,0,0,0,0.0
04/08/2014,0,0,67(0.00 %),0,0,0,0,0,0.0
05/08/2014,0,0,67(0.00 %),0,0,0,0,0,0.0
06/08/2014,300,19950000,66(-1.49 %),600,39900000,300,19950000,607,49.0
07/08/2014,-700,-46200000,67(1.52 %),0,0,700,46200000,1307,48.99
08/08/2014,0,0,66(-1.49 %),0,0,0,0,0,0.0
11/08/2014,0,0,67(1.52 %),0,0,0,0,0,0.0
12/08/2014,300,20250000,66.5(-0.75 %),300,20250000,0,0,57,0.0
13/08/2014,700,47250000,67.5(1.50 %),700,47250000,0,0,97,0.0
14/08/2014,-13100,-917000000,69.5(2.96 %),0,0,13100,917000000,7,49.0
15/08/2014,0,0,69(-0.72 %),0,0,0,0,7,49.0
18/08/2014,-550,-37400000,67.5(-2.17 %),0,0,550,37400000,0,0.0
19/08/2014,0,0,64.5(-4.44 %),0,0,0,0,0,0.0
20/08/2014,11950,761925000,67(3.88 %),13100,838400000,1150,76475000,0,0.0
21/08/2014,0,0,67(0.00 %),0,0,0,0,0,0.0
22/08/2014,540,36180000,67.5(0.75 %),550,36850000,10,670000,557,49.0
25/08/2014,0,0,67(-0.74 %),0,0,0,0,7,49.0
26/08/2014,1140,76380000,66.5(-0.75 %),1150,77050000,10,670000,1157,48.99
27/08/2014,0,0,46.4(-30.23 %),0,0,0,0,7,49.0
28/08/2014,-390,-18136000,46.2(-0.43 %),10,464000,400,18600000,17,49.0
29/08/2014,0,0,45.8(-0.87 %),0,0,0,0,0,0.0
03/09/2014,-15360,-696161000,44.8(-2.18 %),0,0,15360,696161000,21,49.0
04/09/2014,-24400,-1079903000,44.2(-1.34 %),20,887000,24420,1080790000,0,0.0
05/09/2014,-7470,-329586000,44.2(0.00 %),380,16796000,7850,346382000,21,0.0
08/09/2014,20,876000,43.7(-1.13 %),20,876000,0,0,21,49.0
09/09/2014,-7040,-309802000,43.5(-0.46 %),600,26190000,7640,335992000,15361,48.91
10/09/2014,1730,75285000,43.8(0.69 %),1730,75285000,0,0,37451,0.0
11/09/2014,1160,50627000,43.5(-0.68 %),1170,51062000,10,435000,44131,0.0
12/09/2014,13570,589188000,43.5(0.00 %),43570,1894438000,30000,1305250000,561,0.0
15/09/2014,4600,200100000,43(-1.15 %),4600,200100000,0,0,8201,48.95
16/09/2014,500,21240000,42.9(-0.23 %),500,21240000,0,0,3101,0.0
17/09/2014,50,2105000,42(-2.10 %),50,2105000,0,0,3061,0.0
18/09/2014,0,0,42.3(0.71 %),0,0,0,0,33061,0.0
19/09/2014,2050,86205000,42.5(0.47 %),2550,107355000,500,21150000,30511,0.0
22/09/2014,-1690,-70135000,41.4(-2.59 %),270,11205000,1960,81340000,30241,0.0
23/09/2014,-1370,-56170000,40.9(-1.21 %),0,0,1370,56170000,30241,0.0
24/09/2014,-8530,-341160000,39.7(-2.93 %),100,4040000,8630,345200000,38771,48.77
25/09/2014,-13350,-518137000,39(-1.76 %),7060,275543000,20410,793680000,52121,48.69
26/09/2014,-11500,-459400000,40.8(4.62 %),0,0,11500,459400000,63621,48.62
29/09/2014,-13000,-519500000,39.9(-2.21 %),1000,39900000,14000,559400000,25911,0.0
30/09/2014,-15190,-633920000,42.5(6.52 %),10,400000,15200,634320000,34514,0.0
01/10/2014,280,12010000,41.9(-1.41 %),500,21250000,220,9240000,54424,0.0
02/10/2014,-9360,-392510000,41.9(0.00 %),0,0,9360,392510000,65924,0.0
03/10/2014,-60,-2413000,40.5(-3.34 %),50,2010000,110,4423000,79874,0.0
06/10/2014,0,0,39.8(-1.73 %),0,0,0,0,95074,0.0
07/10/2014,200,8015000,40.3(1.26 %),250,10000000,50,1985000,95044,0.0
08/10/2014,-19900,-783469000,39.3(-2.48 %),100,3920000,20000,787389000,104304,0.0
09/10/2014,20,775000,40.3(2.54 %),50,1960000,30,1185000,104369,0.0
10/10/2014,-20000,-783879000,39.1(-2.98 %),0,0,20000,783879000,104369,0.0
13/10/2014,-30000,-1160603000,38.4(-1.79 %),0,0,30000,1160603000,134369,48.46
14/10/2014,-36080,-1375261000,38(-1.04 %),300,11490000,36380,1386751000,170449,48.32
15/10/2014,50,1900000,38(0.00 %),50,1900000,0,0,170399,48.32
16/10/2014,-5070,-191946000,37.7(-0.79 %),500,19000000,5570,210946000,175469,48.3
17/10/2014,-8110,-308099000,37.9(0.53 %),7050,266995000,15160,575094000,183579,48.27
20/10/2014,-13020,-495814000,38.1(0.53 %),3050,116190000,16070,612004000,196599,48.22
21/10/2014,-21560,-810312000,37.9(-0.52 %),2300,87910000,23860,898222000,218159,48.13
22/10/2014,-21470,-810208000,38.2(0.79 %),190,7216000,21660,817424000,239629,48.04
23/10/2014,0,0,38(-0.52 %),0,0,0,0,239629,48.04
24/10/2014,50,1880000,38(0.00 %),50,1880000,0,0,239579,48.04
27/10/2014,0,0,37.6(-1.05 %),0,0,0,0,239579,48.04
29/10/2014,50,1875000,37.6(0.00 %),50,1875000,0,0,239529,48.04
30/10/2014,190,7171000,37.3(-0.80 %),200,7545000,10,374000,239339,48.04
31/10/2014,5360,205390000,39(4.56 %),5360,205390000,0,0,233979,48.07
03/11/2014,0,0,39.4(1.03 %),0,0,0,0,274206,47.91
04/11/2014,0,0,39.3(-0.25 %),0,0,0,0,274206,47.91
05/11/2014,14550,573216000,39.5(0.51 %),14550,573216000,0,0,259656,47.96
06/11/2014,18000,711000000,39.7(0.51 %),18000,711000000,0,0,241656,48.04
07/11/2014,280,11096000,39.5(-0.50 %),280,11096000,0,0,241376,48.04
10/11/2014,2000,78800000,39.7(0.51 %),2000,78800000,0,0,239376,48.04
11/11/2014,10,393000,39.5(-0.50 %),10,393000,0,0,239366,48.04
12/11/2014,4000,158100000,39.6(0.25 %),4000,158100000,0,0,235366,48.06
13/11/2014,4460,176710000,39.9(0.76 %),8060,319270000,3600,142560000,230906,48.08
14/11/2014,7000,280300000,40.5(1.50 %),7000,280300000,0,0,223906,48.11
17/11/2014,6800,281091000,42(3.70 %),7000,289391000,200,8300000,217106,48.13
18/11/2014,5900,254010000,43.5(3.57 %),6000,258350000,100,4340000,211206,48.16
19/11/2014,2100,91560000,42(-3.45 %),2100,91560000,0,0,209106,48.17
20/11/2014,-10,-420000,43(2.38 %),0,0,10,420000,208823,0.0
21/11/2014,17230,739410000,42.2(-1.86 %),18230,782310000,1000,42900000,190793,0.0
24/11/2014,5120,217770000,43.2(2.37 %),5120,217770000,0,0,185773,0.0
25/11/2014,9330,403850000,43.3(0.23 %),9330,403850000,0,0,176443,0.0
26/11/2014,6000,259200000,43(-0.69 %),6000,259200000,0,0,170453,0.0
27/11/2014,0,0,42.9(-0.23 %),0,0,0,0,171453,0.0
28/11/2014,5690,243750000,42.8(-0.23 %),5690,243750000,0,0,165763,0.0
01/12/2014,0,0,43.1(0.70 %),0,0,0,0,779684,0.0
02/12/2014,0,0,42.9(-0.46 %),0,0,0,0,779684,0.0
03/12/2014,0,0,42.9(0.00 %),0,0,0,0,779684,0.0
04/12/2014,0,0,42.5(-0.93 %),0,0,0,0,779684,0.0
05/12/2014,3000,127700000,42.8(0.71 %),3000,127700000,0,0,776684,0.0
08/12/2014,4000,169000000,42.7(-0.23 %),4000,169000000,0,0,772684,0.0
09/12/2014,0,0,41.7(-2.34 %),0,0,0,0,772684,0.0
10/12/2014,1600,66560000,41.6(-0.24 %),1600,66560000,0,0,771084,0.0
11/12/2014,350,14320000,40.7(-2.16 %),350,14320000,0,0,770734,0.0
12/12/2014,0,0,41(0.74 %),0,0,0,0,770734,48.37
15/12/2014,0,0,41.2(0.49 %),0,0,0,0,770734,0.0
16/12/2014,0,0,38.8(-5.83 %),0,0,0,0,770734,0.0
17/12/2014,-1000,-39120000,39(0.52 %),100,3780000,1100,42900000,770634,0.0
18/12/2014,5330,209390000,40.4(3.59 %),5430,213390000,100,4000000,765204,0.0
19/12/2014,1270,50530000,39(-3.47 %),1270,50530000,0,0,763934,0.0
22/12/2014,460,17940000,40.4(3.59 %),460,17940000,0,0,763474,48.4
23/12/2014,-630,-24400000,39.6(-1.98 %),700,28280000,1330,52680000,763874,0.0
24/12/2014,0,0,40.4(2.02 %),0,0,0,0,763974,0.0
25/12/2014,-1000,-40000000,40.2(-0.50 %),2000,80000000,3000,120000000,761974,0.0
26/12/2014,500,20250000,40.5(0.75 %),500,20250000,0,0,761474,48.41
29/12/2014,8490,348215000,41(1.23 %),8740,358340000,250,10125000,752984,48.45
30/12/2014,26010,1063093000,41.5(1.22 %),39010,1600093000,13000,537000000,726974,48.55
31/12/2014,25130,1047598000,41.8(0.72 %),79170,3303355000,54040,2255757000,701844,48.65
05/01/2015,-2760,-116317000,41.9(0.24 %),15000,628403000,17760,744720000,623884,48.96
06/01/2015,-6230,-261119000,42(0.24 %),13770,577081000,20000,838200000,630114,48.94
07/01/2015,90,3820000,42.5(1.19 %),100,4240000,10,420000,630024,48.94
08/01/2015,0,0,42(-1.18 %),0,0,0,0,630024,48.94
09/01/2015,0,0,42.5(1.19 %),0,0,0,0,630024,48.94
12/01/2015,-7500,-326250000,43.3(1.88 %),0,0,7500,326250000,637524,48.91
13/01/2015,-15670,-676621000,43.3(0.00 %),0,0,15670,676621000,653194,48.84
14/01/2015,10890,471818000,43.9(1.39 %),71800,3118859000,60910,2647041000,642304,48.89
15/01/2015,-100,-4490000,44.9(2.28 %),0,0,100,4490000,642404,48.89
16/01/2015,52110,2382656000,46.7(4.01 %),252713,11613254000,200603,9230598000,590294,49.09
19/01/2015,47560,2219404000,46.9(0.43 %),48220,2250358000,660,30954000,542734,49.28
20/01/2015,21470,995611000,46.6(-0.64 %),21470,995611000,0,0,521264,49.37
21/01/2015,19500,904494000,46.5(-0.21 %),19500,904494000,0,0,501764,49.45
22/01/2015,28380,1300568000,46(-1.08 %),28380,1300568000,0,0,473384,49.56
23/01/2015,67090,3086116000,45.9(-0.22 %),67090,3086116000,0,0,406294,49.83
26/01/2015,35870,1649467000,46(0.22 %),35870,1649467000,0,0,370424,49.97
27/01/2015,62250,2865557000,46.5(1.09 %),62250,2865557000,0,0,308174,47.83
28/01/2015,10160,473462000,46.8(0.65 %),11760,547862000,1600,74400000,298014,47.97
29/01/2015,10500,483500000,46(-1.71 %),10500,483500000,0,0,287514,48.01
30/01/2015,39670,1832448000,46.5(1.09 %),39670,1832448000,0,0,247844,48.14
02/02/2015,69960,3252740000,46.5(0.00 %),70950,3298775000,990,46035000,1549612,43.65
03/02/2015,50460,2368022000,47.6(2.37 %),50460,2368022000,0,0,1499152,43.82
04/02/2015,0,0,47.5(-0.21 %),0,0,0,0,1499152,43.82
05/02/2015,14470,674614000,47.4(-0.21 %),14470,674614000,0,0,1484682,43.87
06/02/2015,15250,720781000,47.3(-0.21 %),15350,725481000,100,4700000,1469432,43.92
09/02/2015,6870,324665000,47.3(0.00 %),6870,324665000,0,0,1462562,43.95
10/02/2015,18500,876999000,47.4(0.21 %),22130,1043979000,3630,166980000,1444062,44.01
11/02/2015,37350,1792070000,48.3(1.90 %),39450,1892870000,2100,100800000,1406712,44.14
12/02/2015,20780,1007709000,48.5(0.41 %),20780,1007709000,0,0,1385932,44.21
13/02/2015,0,0,48.5(0.00 %),118740,5758890000,118740,5758890000,1385932,44.21
24/02/2015,51700,2507450000,48.5(0.00 %),52460,2544310000,760,36860000,1334232,44.39
25/02/2015,8660,417815000,48.1(-0.82 %),9800,472870000,1140,55055000,1325572,44.42
26/02/2015,1690,81835000,47.5(-1.25 %),1870,90565000,180,8730000,1323882,44.43
27/02/2015,150,7051000,48(1.05 %),370,17501000,220,10450000,1323732,44.43
02/03/2015,500,23550000,48(0.00 %),500,23550000,0,0,1324282,44.42
03/03/2015,8000,392860000,48.5(1.04 %),15000,721860000,7000,329000000,1316282,44.45
04/03/2015,4000,194225000,48.6(0.21 %),4000,194225000,0,0,1312282,44.47
05/03/2015,0,0,48.7(0.21 %),0,0,0,0,1312282,44.47
06/03/2015,21200,1029872000,48.9(0.41 %),21200,1029872000,0,0,1291082,44.54
09/03/2015,0,0,48.5(-0.82 %),0,0,0,0,1291082,44.54
10/03/2015,25600,1236450000,48.2(-0.62 %),25600,1236450000,0,0,1265482,44.63
11/03/2015,9980,482333000,48.3(0.21 %),11180,540293000,1200,57960000,1255502,44.66
12/03/2015,1870,90321000,48.4(0.21 %),1870,90321000,0,0,1253632,44.67
13/03/2015,0,0,47.1(-2.69 %),0,0,0,0,1253632,44.67
16/03/2015,-1800,-84940000,46(-2.34 %),0,0,1800,84940000,1255432,44.66
17/03/2015,5000,241875000,46.2(0.43 %),5000,241875000,0,0,1250432,44.68
18/03/2015,0,0,47.8(3.46 %),0,0,0,0,1250432,44.68
19/03/2015,400,19200000,45.5(-4.81 %),400,19200000,0,0,1250032,44.68
20/03/2015,0,0,47.1(3.52 %),0,0,0,0,1250032,44.68
23/03/2015,200,9420000,47.4(0.64 %),200,9420000,0,0,1249832,44.68
24/03/2015,0,0,47.4(0.00 %),0,0,0,0,1249832,44.68
25/03/2015,0,0,45.6(-3.80 %),0,0,0,0,1249832,44.68
26/03/2015,10250,467425000,45.6(0.00 %),10250,467425000,0,0,1239582,44.72
27/03/2015,56450,2590960000,46(0.88 %),56450,2590960000,0,0,1183132,44.91
30/03/2015,171340,7883725000,46.5(1.09 %),171340,7883725000,0,0,1011792,45.5
31/03/2015,460,21160000,46.3(-0.43 %),460,21160000,0,0,1011332,45.51
01/04/2015,0,0,47.3(2.16 %),0,0,0,0,1006082,45.52
02/04/2015,0,0,47.3(0.00 %),0,0,0,0,1006082,45.52
03/04/2015,0,0,47.5(0.42 %),0,0,0,0,1006082,45.52
06/04/2015,0,0,46.8(-1.47 %),0,0,0,0,1006082,45.52
07/04/2015,10000,459000000,46.8(0.00 %),10000,459000000,0,0,996082,45.56
08/04/2015,5000,234000000,47.3(1.07 %),5000,234000000,0,0,991082,45.58
09/04/2015,10310,489725000,47.2(-0.21 %),10310,489725000,0,0,980772,45.61
10/04/2015,0,0,47(-0.42 %),0,0,0,0,980772,45.61
13/04/2015,0,0,46(-2.13 %),0,0,0,0,980772,45.61
14/04/2015,3000,140550000,46.5(1.09 %),3000,140550000,0,0,977772,45.62
15/04/2015,-300,-13780000,46.2(-0.65 %),100,4620000,400,18400000,978072,45.62
16/04/2015,1000,46500000,46.5(0.65 %),1000,46500000,0,0,977072,45.62
17/04/2015,8330,391460000,47(1.08 %),8330,391460000,0,0,968742,45.65
20/04/2015,100,4680000,46.5(-1.06 %),100,4680000,0,0,968642,45.65
21/04/2015,0,0,46.5(0.00 %),0,0,0,0,968642,45.65
22/04/2015,-7970,-367537000,46.1(-0.86 %),63130,2910293000,71100,3277830000,976612,45.63
23/04/2015,-2070,-95163000,46.5(0.87 %),660,30690000,2730,125853000,978682,45.62
24/04/2015,4100,190650000,46.6(0.22 %),4100,190650000,0,0,974582,45.63
27/04/2015,0,0,46.6(0.00 %),0,0,0,0,974582,45.63
04/05/2015,7400,337250000,45.5(-2.36 %),7400,337250000,0,0,964452,45.67
05/05/2015,0,0,47(3.30 %),0,0,0,0,964452,45.67
06/05/2015,33940,1486572000,47(0.00 %),33940,1486572000,0,0,930512,45.32
07/05/2015,37520,1654555000,47(0.00 %),37520,1654555000,0,0,892992,45.44
08/05/2015,11660,548440000,46(-2.13 %),12400,582480000,740,34040000,881332,45.48
11/05/2015,250,10975000,43.5(-5.43 %),250,10975000,0,0,881082,45.48
12/05/2015,5480,238307000,44(1.15 %),5480,238307000,0,0,875602,45.5
13/05/2015,3500,153300000,44(0.00 %),3500,153300000,0,0,872102,45.52
14/05/2015,15000,667324000,44.5(1.14 %),15000,667324000,0,0,857102,45.57
15/05/2015,0,0,42.8(0.23 %),0,0,0,0,857102,45.57
18/05/2015,700,29100000,41.9(-2.10 %),700,29100000,0,0,856402,45.57
19/05/2015,0,0,41.9(0.00 %),0,0,0,0,856402,45.57
20/05/2015,2010,84420000,42.7(1.91 %),11280,473760000,9270,389340000,854392,45.58
21/05/2015,-200,-8540000,43(0.70 %),0,0,200,8540000,854592,45.57
22/05/2015,32240,1399501000,43.6(1.40 %),32240,1399501000,0,0,822352,45.69
25/05/2015,14410,638632000,44.5(2.06 %),14710,651802000,300,13170000,807942,45.73
26/05/2015,565750,25450180000,46(3.37 %),565750,25450180000,0,0,242192,47.67
27/05/2015,160720,7780482000,49.2(6.96 %),160720,7780482000,0,0,81472,48.22
28/05/2015,81900,4308330000,49.5(0.61 %),133900,7029750000,52000,2721420000,0,48.5
29/05/2015,300,14079000,46.7(-5.66 %),171300,8393079000,171000,8379000000,2,48.5
01/06/2015,0,0,46(-1.50 %),0,0,0,0,2,48.5
02/06/2015,0,0,45.1(-1.96 %),0,0,0,0,2,48.5
03/06/2015,2000,91520000,46.5(3.10 %),2000,91520000,0,0,0,48.5
04/06/2015,0,0,45.5(-2.15 %),0,0,0,0,2,48.5
05/06/2015,0,0,45.2(-0.66 %),0,0,0,0,2,48.5
08/06/2015,0,0,45.6(0.88 %),0,0,0,0,2,48.5
09/06/2015,-970,-43650000,45.1(-1.10 %),0,0,970,43650000,972,48.49
10/06/2015,0,0,45(-0.22 %),0,0,0,0,972,48.49
11/06/2015,0,0,45.2(0.44 %),0,0,0,0,972,48.49
12/06/2015,0,0,45.7(1.11 %),0,0,0,0,972,48.49
15/06/2015,0,0,45.3(-0.88 %),0,0,0,0,972,48.49
16/06/2015,200,9020000,45.2(-0.22 %),200,9020000,0,0,772,48.49
17/06/2015,700,31710000,45.2(0.00 %),700,31710000,0,0,72,48.5
18/06/2015,-8000,-360000000,45.3(0.22 %),0,0,8000,360000000,8072,48.47
19/06/2015,0,0,47(3.75 %),0,0,0,0,8072,48.47
22/06/2015,0,0,45(-4.26 %),0,0,0,0,8072,48.47
23/06/2015,0,0,45(0.00 %),0,0,0,0,8072,48.47
24/06/2015,8070,370604000,45.9(2.00 %),8070,370604000,0,0,2,48.5
25/06/2015,0,0,45.1(-1.74 %),0,0,0,0,2,48.5
26/06/2015,-660,-29846000,45.8(1.55 %),0,0,660,29846000,662,48.5
29/06/2015,0,0,45.5(-0.66 %),0,0,0,0,662,48.5
30/06/2015,0,0,45.5(0.00 %),0,0,0,0,662,48.5
01/07/2015,0,0,45.4(-0.22 %),0,0,0,0,2,48.5
02/07/2015,0,0,45.5(0.22 %),0,0,0,0,2,49.0
03/07/2015,660,30030000,45(-1.10 %),660,30030000,0,0,0,49.0
06/07/2015,0,0,45.4(0.89 %),0,0,0,0,2,49.0
07/07/2015,-90,-4050000,45.2(-0.44 %),175185,8496473000,175275,8500523000,92,49.0
08/07/2015,-5880,-263852000,44.8(-0.88 %),0,0,5880,263852000,5972,48.98
09/07/2015,-3050,-136030000,44.8(0.00 %),0,0,3050,136030000,9022,48.97
10/07/2015,0,0,45(0.45 %),0,0,0,0,9022,48.97
13/07/2015,0,0,45.2(0.44 %),0,0,0,0,9022,48.97
14/07/2015,580,26107000,45(-0.44 %),580,26107000,0,0,8442,48.97
15/07/2015,1200,54000000,45.2(0.44 %),1200,54000000,0,0,7242,48.97
16/07/2015,840,37800000,45(-0.44 %),840,37800000,0,0,6402,48.98
17/07/2015,5000,226000000,45.2(0.44 %),5000,226000000,0,0,1402,49.0
20/07/2015,0,0,44.7(-1.11 %),0,0,0,0,1402,49.0
21/07/2015,0,0,45(0.67 %),0,0,0,0,1402,49.0
22/07/2015,800,36160000,44.4(-1.33 %),800,36160000,0,0,602,49.0
23/07/2015,600,27000000,44(-0.90 %),600,27000000,0,0,2,49.0
24/07/2015,0,0,45(2.27 %),0,0,0,0,2,49.0
27/07/2015,0,0,45(0.00 %),0,0,0,0,2,49.0
28/07/2015,0,0,45.5(1.11 %),0,0,0,0,2,49.0
29/07/2015,0,0,45.3(-0.44 %),0,0,0,0,2,49.0
30/07/2015,0,0,44.7(-1.32 %),0,0,0,0,2,49.0
31/07/2015,-10,-450000,44.8(0.22 %),0,0,10,450000,12,49.0
03/08/2015,-370,-16470000,44.8(0.00 %),0,0,370,16470000,3,49.0
04/08/2015,0,0,44.7(-0.22 %),0,0,0,0,3,49.0
05/08/2015,0,0,43.9(-1.79 %),0,0,0,0,3,49.0
06/08/2015,0,0,44.6(1.59 %),0,0,0,0,3,49.0
07/08/2015,380,16950000,44.6(0.00 %),380,16950000,0,0,0,49.0
10/08/2015,0,0,43.9(-1.57 %),0,0,0,0,3,49.0
11/08/2015,0,0,44.1(0.46 %),0,0,0,0,3,49.0
12/08/2015,0,0,43.8(-0.68 %),0,0,0,0,3,49.0
13/08/2015,0,0,43.4(-0.91 %),200000,9360000000,200000,9360000000,3,49.0
14/08/2015,0,0,42.7(-1.61 %),0,0,0,0,3,49.0
17/08/2015,0,0,43(0.70 %),0,0,0,0,3,49.0
18/08/2015,0,0,43(0.00 %),0,0,0,0,3,49.0
19/08/2015,0,0,43.2(0.47 %),0,0,0,0,3,49.0
20/08/2015,0,0,42.5(-1.62 %),50000,2310000000,50000,2310000000,3,49.0
21/08/2015,0,0,41.2(-3.06 %),0,0,0,0,3,49.0
24/08/2015,0,0,38.5(-6.55 %),0,0,0,0,3,49.0
25/08/2015,0,0,41(6.49 %),0,0,0,0,3,49.0
26/08/2015,-2640,-108240000,40(-2.44 %),200000,8760000000,202640,8868240000,2643,48.99
27/08/2015,0,0,41.9(4.75 %),0,0,0,0,2643,48.99
28/08/2015,-500,-20750000,42(0.24 %),0,0,500,20750000,3143,48.99
31/08/2015,-7310,-289230000,41.8(-0.48 %),0,0,7310,289230000,10453,48.96
01/09/2015,50,2050000,41(-1.91 %),50,2050000,0,0,2602,48.99
03/09/2015,400,16720000,41.7(1.71 %),400,16720000,0,0,2202,48.99
04/09/2015,2310,95670000,40.7(-2.40 %),2310,95670000,0,0,0,49.0
07/09/2015,0,0,41.2(1.23 %),0,0,0,0,7702,48.97
08/09/2015,30,1250000,41.5(0.73 %),30,1250000,0,0,7672,48.97
09/09/2015,40,1680000,41.9(0.96 %),40,1680000,0,0,7632,48.97
10/09/2015,200,8380000,41.8(-0.24 %),200,8380000,0,0,7432,48.97
11/09/2015,0,0,41.5(-0.72 %),0,0,0,0,7432,48.97
14/09/2015,-30,-1230000,41.3(-0.48 %),0,0,30,1230000,7462,48.97
15/09/2015,7430,319490000,41.3(0.00 %),7430,319490000,0,0,32,49.0
16/09/2015,0,0,42(1.69 %),0,0,0,0,32,49.0
17/09/2015,0,0,41.2(-1.90 %),0,0,0,0,32,49.0
18/09/2015,0,0,41.1(-0.24 %),0,0,0,0,32,49.0
21/09/2015,0,0,41.5(0.97 %),0,0,0,0,32,49.0
22/09/2015,-20,-830000,41.5(0.00 %),0,0,20,830000,52,49.0
23/09/2015,30,1230000,41.4(-0.24 %),30,1230000,0,0,22,49.0
24/09/2015,-550,-22550000,41.3(-0.24 %),0,0,550,22550000,572,49.0
25/09/2015,-5510,-226010000,41.1(-0.48 %),0,0,5510,226010000,6082,48.98
28/09/2015,0,0,41(-0.24 %),20,820000,20,820000,6082,48.98
29/09/2015,0,0,40.6(-0.98 %),0,0,0,0,6082,48.98
30/09/2015,-10080,-408990000,42.9(5.67 %),0,0,10080,408990000,16162,48.94
01/10/2015,6060,259970000,42.4(-1.17 %),6060,259970000,0,0,2,49.0
02/10/2015,0,0,41.9(-1.18 %),0,0,0,0,2,49.0
05/10/2015,-1700,-69700000,41.6(-0.72 %),0,0,1700,69700000,1702,48.99
06/10/2015,10100,440360000,41(-1.44 %),10100,440360000,0,0,0,49.03
07/10/2015,-2000,-81780000,41.5(1.22 %),0,0,2000,81780000,2,49.0
08/10/2015,-240,-9850000,41(-1.20 %),0,0,240,9850000,242,49.0
09/10/2015,-7850,-319960000,40.8(-0.49 %),150,6120000,8000,326080000,8092,48.97
12/10/2015,-1220,-49950000,40.7(-0.25 %),0,0,1220,49950000,9312,48.97
13/10/2015,920,37740000,41.9(2.95 %),56150,2349480000,55230,2311740000,8392,48.97
14/10/2015,-5500,-225500000,41(-2.15 %),0,0,5500,225500000,13892,48.95
15/10/2015,8240,346080000,41.5(1.22 %),8240,346080000,0,0,5652,48.98
16/10/2015,-210,-8680000,40.8(-1.69 %),150,6230000,360,14910000,5862,48.98
19/10/2015,400,16380000,41(0.49 %),400,16380000,0,0,5462,48.98
20/10/2015,8800,365200000,41.3(0.73 %),8800,365200000,0,0,0,49.01
21/10/2015,0,0,41.3(0.00 %),0,0,0,0,2,49.0
22/10/2015,0,0,41.3(0.00 %),0,0,0,0,2,49.0
23/10/2015,0,0,41.3(0.00 %),0,0,0,0,2,49.0
26/10/2015,0,0,41.5(0.48 %),0,0,0,0,2,49.0
27/10/2015,0,0,41.5(0.00 %),0,0,0,0,2,49.0
28/10/2015,0,0,41.2(-0.72 %),0,0,0,0,2,49.0
29/10/2015,0,0,43(4.37 %),0,0,0,0,2,49.0
30/10/2015,100,4300000,41.8(-2.79 %),100,4300000,0,0,0,49.0
02/11/2015,0,0,42(0.48 %),0,0,0,0,262,49.0
03/11/2015,0,0,41.5(-1.19 %),0,0,0,0,262,49.0
04/11/2015,0,0,41(-1.20 %),0,0,0,0,262,49.0
05/11/2015,0,0,40.5(-1.22 %),0,0,0,0,262,49.0
06/11/2015,0,0,41(1.23 %),0,0,0,0,262,49.0
09/11/2015,-10,-400000,40.4(-1.46 %),0,0,10,400000,272,49.0
10/11/2015,-80,-3210000,40.2(-0.50 %),0,0,80,3210000,352,49.0
11/11/2015,0,0,40.1(-0.25 %),0,0,0,0,352,49.0
12/11/2015,0,0,40.3(0.50 %),0,0,0,0,352,49.0
13/11/2015,100,3990000,40(-0.74 %),100,3990000,0,0,252,49.0
16/11/2015,0,0,39.4(-1.50 %),0,0,0,0,252,49.0
17/11/2015,0,0,39.4(0.00 %),0,0,0,0,252,49.0
18/11/2015,0,0,39.4(0.00 %),0,0,0,0,252,49.0
19/11/2015,0,0,39.4(0.00 %),0,0,0,0,252,49.0
20/11/2015,0,0,39.3(-0.25 %),0,0,0,0,252,49.0
23/11/2015,0,0,39(-0.76 %),0,0,0,0,252,49.0
24/11/2015,0,0,38.8(-0.51 %),0,0,0,0,252,49.0
25/11/2015,200,7580000,38.8(0.00 %),200,7580000,0,0,52,49.0
26/11/2015,0,0,38(-2.06 %),0,0,0,0,52,49.0
27/11/2015,0,0,38.1(0.26 %),0,0,0,0,52,49.0
30/11/2015,0,0,38.2(0.26 %),0,0,0,0,52,49.0
01/12/2015,0,0,38.5(0.79 %),0,0,0,0,52,49.0
02/12/2015,50,1930000,38.5(0.00 %),50,1930000,0,0,2,49.0
03/12/2015,-990,-37220000,37.1(-3.64 %),0,0,990,37220000,2,49.0
04/12/2015,0,0,38(2.43 %),0,0,0,0,2,49.0
07/12/2015,0,0,39.8(4.74 %),0,0,0,0,2,49.0
08/12/2015,0,0,39(-2.01 %),0,0,0,0,2,49.0
09/12/2015,750,29100000,38(-2.56 %),750,29100000,0,0,242,49.0
10/12/2015,0,0,37.6(-1.05 %),0,0,0,0,242,49.0
11/12/2015,0,0,37.6(0.00 %),0,0,0,0,242,49.0
14/12/2015,0,0,38.5(2.39 %),0,0,0,0,242,49.0
15/12/2015,0,0,37.5(-2.60 %),0,0,0,0,242,49.0
16/12/2015,0,0,37.6(0.27 %),0,0,0,0,245,49.0
17/12/2015,0,0,37.6(0.00 %),0,0,0,0,245,49.0
18/12/2015,0,0,38(1.06 %),0,0,0,0,245,49.0
21/12/2015,-1180,-43540000,37(-2.63 %),0,0,1180,43540000,245,49.0
22/12/2015,0,0,38.4(3.78 %),0,0,0,0,245,49.0
23/12/2015,0,0,38(-1.04 %),0,0,0,0,245,49.0
24/12/2015,-3300,-123620000,37.9(-0.26 %),200,7550000,3500,131170000,45,49.0
25/12/2015,0,0,37.2(-1.85 %),0,0,0,0,1230,49.0
28/12/2015,140,5310000,37(-0.54 %),140,5310000,0,0,1090,49.0
29/12/2015,1090,40880000,37.5(1.35 %),1090,40880000,0,0,0,49.0
30/12/2015,3500,132990000,38(1.33 %),3500,132990000,0,0,6,49.0
31/12/2015,0,0,37.5(-1.32 %),0,0,0,0,6,49.0
04/01/2016,0,0,37(-1.33 %),0,0,0,0,6,49.0
05/01/2016,0,0,37.1(0.27 %),0,0,0,0,6,49.0
06/01/2016,-430,-15920000,37.3(0.54 %),0,0,430,15920000,6,49.0
07/01/2016,0,0,37(-0.80 %),0,0,0,0,6,49.0
08/01/2016,0,0,37.1(0.27 %),0,0,0,0,6,49.0
11/01/2016,20,760000,37.8(1.89 %),430,16340000,410,15580000,6,49.0
12/01/2016,0,0,37.8(0.00 %),0,0,0,0,6,49.0
13/01/2016,0,0,37.5(-0.79 %),0,0,0,0,6,49.0
14/01/2016,410,15380000,37(-1.33 %),410,15380000,0,0,6,49.0
15/01/2016,0,0,37(0.00 %),0,0,0,0,6,49.0
18/01/2016,0,0,36.9(-0.27 %),0,0,0,0,6,49.0
19/01/2016,0,0,36.8(-0.27 %),0,0,0,0,6,49.0
20/01/2016,0,0,36.7(-0.27 %),0,0,0,0,6,49.0
21/01/2016,0,0,38.1(3.81 %),0,0,0,0,6,49.0
22/01/2016,0,0,38.1(0.00 %),0,0,0,0,6,49.0
25/01/2016,0,0,37.7(-1.05 %),0,0,0,0,6,49.0
26/01/2016,0,0,37.7(0.00 %),0,0,0,0,6,49.0
27/01/2016,0,0,37.7(0.00 %),0,0,0,0,6,49.0
28/01/2016,0,0,37.7(0.00 %),0,0,0,0,6,49.0
29/01/2016,0,0,37.7(0.00 %),0,0,0,0,6,49.0
01/02/2016,0,0,37.7(0.00 %),0,0,0,0,6,49.0
02/02/2016,0,0,37.7(0.00 %),0,0,0,0,6,49.0
03/02/2016,0,0,37.7(0.00 %),0,0,0,0,6,49.0
04/02/2016,0,0,37.6(-0.27 %),70700,2750230000,70700,2750230000,6,49.0
05/02/2016,0,0,38(1.06 %),0,0,0,0,6,49.0
15/02/2016,0,0,38(0.00 %),0,0,0,0,6,49.0
16/02/2016,0,0,39.9(5.00 %),0,0,0,0,6,49.0
17/02/2016,0,0,40(0.25 %),0,0,0,0,6,49.0
18/02/2016,0,0,40(0.00 %),0,0,0,0,6,49.0
19/02/2016,-200,-7920000,40(0.00 %),618717,26481090000,618917,26489010000,6,49.0
22/02/2016,-1250,-51250000,41(2.50 %),0,0,1250,51250000,6,49.0
23/02/2016,-970,-40740000,42.1(2.68 %),0,0,970,40740000,6,49.0
24/02/2016,200,8450000,42.5(0.95 %),200,8450000,0,0,6,49.0
25/02/2016,1250,53750000,42.8(0.71 %),1250,53750000,0,0,6,49.0
26/02/2016,970,41520000,42(-1.87 %),970,41520000,0,0,6,49.0
29/02/2016,0,0,44(4.76 %),0,0,0,0,6,49.0
01/03/2016,0,0,44(0.00 %),0,0,0,0,6,49.0
02/03/2016,0,0,43.9(-0.23 %),0,0,0,0,6,49.0
03/03/2016,0,0,42.9(-2.28 %),0,0,0,0,6,49.0
04/03/2016,0,0,43.6(1.63 %),0,0,0,0,6,49.0
07/03/2016,0,0,43(-1.38 %),0,0,0,0,6,49.0
08/03/2016,0,0,43(0.00 %),0,0,0,0,6,49.0
09/03/2016,0,0,43.1(0.23 %),0,0,0,0,6,49.0
10/03/2016,-60,-2700000,45(4.41 %),0,0,60,2700000,6,49.0
11/03/2016,0,0,47(4.44 %),0,0,0,0,6,49.0
14/03/2016,0,0,50(6.38 %),0,0,0,0,6,49.0
15/03/2016,60,3000000,50.5(1.00 %),60,3000000,0,0,6,49.0
16/03/2016,0,0,49.7(-1.58 %),0,0,0,0,6,49.0
17/03/2016,-100,-4980000,48.5(-2.41 %),0,0,100,4980000,6,49.0
18/03/2016,-680,-32980000,46.4(-4.33 %),0,0,680,32980000,6,49.0
21/03/2016,0,0,44.6(-3.88 %),0,0,0,0,6,49.0
22/03/2016,100,4500000,45.4(1.79 %),100,4500000,0,0,6,49.0
23/03/2016,680,31010000,45.1(-0.66 %),680,31010000,0,0,6,49.0
24/03/2016,0,0,45.5(0.89 %),0,0,0,0,6,49.0
25/03/2016,0,0,46(1.10 %),0,0,0,0,6,49.0
28/03/2016,-730,-34980000,48(4.35 %),0,0,730,34980000,6,49.0
29/03/2016,-90,-4320000,47.5(-1.04 %),0,0,90,4320000,6,49.0
30/03/2016,0,0,47.7(0.42 %),0,0,0,0,6,49.0
31/03/2016,0,0,47.3(-0.84 %),24000,1224000000,24000,1224000000,736,49.0
01/04/2016,570,27280000,47.3(0.00 %),820,38780000,250,11500000,6,49.0
04/04/2016,0,0,47(-0.63 %),0,0,0,0,6,49.0
05/04/2016,0,0,46(-2.13 %),0,0,0,0,6,49.0
06/04/2016,0,0,46.8(1.74 %),0,0,0,0,256,49.0
07/04/2016,-5500,-267000000,48.5(3.63 %),0,0,5500,267000000,256,49.0
08/04/2016,-2500,-124150000,50(3.09 %),0,0,2500,124150000,256,49.0
11/04/2016,-50,-2500000,50(0.00 %),0,0,50,2500000,256,49.0
12/04/2016,5690,289550000,50(0.00 %),5750,292600000,60,3050000,6,49.0
13/04/2016,2490,124420000,49.9(-0.20 %),2490,124420000,0,0,16,49.0
14/04/2016,0,-20000,49.5(-0.80 %),60,2970000,60,2990000,6,49.0
15/04/2016,-4050,-202720000,50.5(2.02 %),60,2970000,4110,205690000,6,49.0
19/04/2016,0,0,49.5(-1.98 %),0,0,0,0,6,49.0
20/04/2016,0,0,48.4(-2.22 %),0,0,0,0,66,49.0
21/04/2016,4170,208060000,49.5(2.27 %),4170,208060000,0,0,6,49.0
22/04/2016,0,0,49.5(0.00 %),0,0,0,0,6,49.0
25/04/2016,0,0,48.8(-1.41 %),0,0,0,0,6,49.0
26/04/2016,0,0,48.5(-0.61 %),0,0,0,0,6,49.0
27/04/2016,0,0,48.3(-0.41 %),0,0,0,0,6,49.0
28/04/2016,0,0,47.7(-1.24 %),0,0,0,0,22,49.0
29/04/2016,20,950000,47.1(-1.26 %),20,950000,0,0,2,49.0
04/05/2016,0,0,46.4(-1.49 %),39600,1940400000,39600,1940400000,2,49.0
05/05/2016,0,0,46.6(0.43 %),0,0,0,0,2,49.0
06/05/2016,0,0,46.8(0.43 %),0,0,0,0,2,49.0
09/05/2016,0,0,46.5(-0.64 %),0,0,0,0,2,49.0
10/05/2016,0,0,45.9(-1.29 %),0,0,0,0,2,49.0
11/05/2016,0,0,45.9(0.00 %),0,0,0,0,2,49.0
12/05/2016,0,0,46(0.22 %),0,0,0,0,2,49.0
13/05/2016,-20,-920000,46(0.00 %),0,0,20,920000,2,49.0
16/05/2016,0,0,47(2.17 %),0,0,0,0,2,49.0
17/05/2016,0,0,46.7(-0.64 %),1733483,86154110000,1733483,86154110000,2,49.0
18/05/2016,20,920000,46.1(-1.28 %),20,920000,0,0,2,49.0
19/05/2016,-1330,-59690000,44.8(-2.82 %),450000,21195000000,451330,21254690000,2,49.0
20/05/2016,0,0,43.7(-2.46 %),0,0,0,0,2,49.0
23/05/2016,-1900,-80540000,42(-3.89 %),0,0,1900,80540000,2,49.0
24/05/2016,-270,-10810000,42(0.00 %),1330,56530000,1600,67340000,7,49.0
25/05/2016,-550,-23050000,41.9(-0.24 %),0,0,550,23050000,7,49.0
26/05/2016,1660,69630000,41.5(-0.95 %),1900,79690000,240,10060000,7,49.0
27/05/2016,1400,58660000,41.2(-0.72 %),1600,67040000,200,8380000,7,49.0
30/05/2016,550,22550000,41(-0.49 %),550,22550000,0,0,0,49.0
31/05/2016,240,9768000,41(0.00 %),240,9768000,0,0,7,49.0
01/06/2016,-790,-31975000,40.3(-1.71 %),200,8120000,990,40095000,7,49.0
02/06/2016,0,0,41(1.74 %),0,0,0,0,7,49.0
03/06/2016,-110,-4570000,41.9(2.20 %),0,0,110,4570000,7,49.0
06/06/2016,990,41580000,41.8(-0.24 %),990,41580000,0,0,7,49.0
07/06/2016,0,0,41.8(0.00 %),0,0,0,0,7,49.0
08/06/2016,-2000,-83000000,41.8(0.00 %),0,0,2000,83000000,117,49.0
09/06/2016,-2490,-103430000,41.5(-0.72 %),10,420000,2500,103850000,107,49.0
10/06/2016,0,0,42.6(2.65 %),0,0,0,0,107,49.0
13/06/2016,-7940,-339000000,43.5(2.11 %),0,0,7940,339000000,2107,48.99
14/06/2016,4600,199640000,43.8(0.69 %),4600,199640000,0,0,7,49.0
15/06/2016,-1430,-64350000,45(2.74 %),0,0,1430,64350000,7,49.0
16/06/2016,7940,365240000,45(0.00 %),7940,365240000,0,0,7,49.0
17/06/2016,0,0,45.7(1.56 %),0,0,0,0,7,49.0
20/06/2016,1380,63890000,44.4(-2.84 %),1430,66210000,50,2320000,7,49.0
21/06/2016,0,0,44.2(-0.45 %),0,0,0,0,7,49.0
22/06/2016,0,0,43.9(-0.68 %),0,0,0,0,7,49.0
23/06/2016,0,0,45.2(2.96 %),0,0,0,0,57,49.0
24/06/2016,0,0,44.2(-2.21 %),0,0,0,0,57,49.0
27/06/2016,0,0,44(-0.45 %),0,0,0,0,57,49.0
28/06/2016,-350,-15020000,44(0.00 %),50,2200000,400,17220000,7,49.0
29/06/2016,0,0,42.9(-2.50 %),0,0,0,0,7,49.0
30/06/2016,0,0,44.8(4.43 %),0,0,0,0,7,49.0
01/07/2016,400,17880000,44.8(0.00 %),400,17880000,0,0,7,49.0
04/07/2016,0,0,44.5(-0.67 %),0,0,0,0,7,49.0
05/07/2016,0,0,44(-1.12 %),0,0,0,0,7,49.0
06/07/2016,0,0,45.3(2.95 %),0,0,0,0,7,49.0
07/07/2016,-50,-2300000,48.4(6.84 %),0,0,50,2300000,7,49.0
08/07/2016,-150,-7730000,51.5(6.40 %),0,0,150,7730000,7,49.0
11/07/2016,-200,-11000000,53.5(3.88 %),0,0,200,11000000,7,49.0
12/07/2016,-3000,-156000000,53(-0.93 %),0,0,3000,156000000,57,49.0
13/07/2016,200,10700000,53(0.00 %),200,10700000,0,0,7,49.0
14/07/2016,200,9880000,50(-5.66 %),200,9880000,0,0,7,49.0
15/07/2016,-8690,-411170000,49.5(-1.00 %),3000,150000000,11690,561170000,7,49.0
18/07/2016,0,0,52(5.05 %),0,0,0,0,7,49.0
19/07/2016,0,0,50.5(-2.88 %),0,0,0,0,7,49.0
20/07/2016,11690,596190000,51.5(1.98 %),11690,596190000,0,0,7,49.0
21/07/2016,0,0,51(-0.97 %),0,0,0,0,7,49.0
22/07/2016,0,0,49.5(-2.94 %),0,0,0,0,7,49.0
25/07/2016,0,0,50.5(2.02 %),0,0,0,0,7,49.0
26/07/2016,0,0,50.5(0.00 %),0,0,0,0,7,49.0
27/07/2016,0,0,50.5(0.00 %),0,0,0,0,7,49.0
28/07/2016,-150,-7500000,50(-0.99 %),0,0,150,7500000,7,49.0
29/07/2016,0,0,50.5(1.00 %),0,0,0,0,7,49.0
01/08/2016,0,0,50.5(0.00 %),0,0,0,0,7,49.0
02/08/2016,150,7430000,49.5(-1.98 %),150,7430000,0,0,7,49.0
03/08/2016,0,0,49.3(-0.40 %),0,0,0,0,7,49.0
04/08/2016,0,0,49(-0.61 %),0,0,0,0,7,49.0
05/08/2016,0,0,49(0.00 %),0,0,0,0,7,49.0
08/08/2016,0,0,49.2(0.41 %),0,0,0,0,7,49.0
09/08/2016,0,0,49.2(0.00 %),0,0,0,0,7,49.0
10/08/2016,-9500,-498750000,52.5(6.71 %),0,0,9500,498750000,7,49.0
11/08/2016,-20,-1060000,53(0.95 %),50000,2800000000,50020,2801060000,7,49.0
12/08/2016,0,0,52.5(-0.94 %),0,0,0,0,7,49.0
15/08/2016,7570,390720000,54.5(3.81 %),59500,3298750000,51930,2908030000,7,49.0
16/08/2016,-13170,-763860000,58(6.42 %),50000,2900000000,63170,3663860000,27,49.0
17/08/2016,30,1800000,59.5(2.59 %),30030,1861800000,30000,1860000000,2,49.0
18/08/2016,1730,104550000,58.5(-1.68 %),1930,116650000,200,12100000,2,49.0
19/08/2016,13170,770450000,56.5(-3.42 %),13170,770450000,0,0,2,49.0
22/08/2016,0,0,60(6.19 %),797983,47878980000,797983,47878980000,2,49.0
23/08/2016,-2070,-126270000,61.5(2.50 %),200,11800000,2270,138070000,2,49.0
24/08/2016,0,0,59.5(-3.25 %),0,0,0,0,2,49.0
25/08/2016,0,0,59.5(0.00 %),0,0,0,0,2,49.0
26/08/2016,2270,135070000,60(0.84 %),2270,135070000,0,0,2,49.0
29/08/2016,0,0,59(-1.67 %),0,0,0,0,2,49.0
30/08/2016,0,0,60.5(2.54 %),0,0,0,0,2,49.0
31/08/2016,0,0,62.5(3.31 %),0,0,0,0,2,49.0
01/09/2016,0,0,63(0.80 %),0,0,0,0,2,49.0
05/09/2016,0,0,64.5(2.38 %),0,0,0,0,2,49.0
06/09/2016,-230,-14840000,61(-5.43 %),0,0,230,14840000,2,49.0
07/09/2016,0,0,63(3.28 %),0,0,0,0,2,49.0
08/09/2016,0,0,61.5(-2.38 %),0,0,0,0,9,49.0
09/09/2016,230,14260000,61.5(0.00 %),230,14260000,0,0,9,49.0
12/09/2016,0,0,61(-0.81 %),0,0,0,0,9,49.0
13/09/2016,0,0,61.5(0.82 %),0,0,0,0,9,49.0
14/09/2016,0,0,62(0.81 %),0,0,0,0,9,49.0
15/09/2016,-100,-6200000,62(0.00 %),0,0,100,6200000,9,49.0
16/09/2016,0,0,62.5(0.81 %),0,0,0,0,9,49.0
19/09/2016,0,0,63(0.80 %),0,0,0,0,9,49.0
20/09/2016,100,6330000,63.3(0.48 %),100,6330000,0,0,9,49.0
21/09/2016,0,0,63.4(0.16 %),0,0,0,0,9,49.0
22/09/2016,0,0,63(-0.63 %),0,0,0,0,9,49.0
23/09/2016,0,0,61.8(-1.90 %),0,0,0,0,9,49.0
26/09/2016,0,0,62.2(0.65 %),0,0,0,0,9,49.0
27/09/2016,0,0,62.4(0.32 %),0,0,0,0,9,49.0
28/09/2016,-1070,-66770000,62.4(0.00 %),0,0,1070,66770000,9,49.0
29/09/2016,0,0,62.5(0.16 %),0,0,0,0,9,49.0
30/09/2016,0,0,64.6(3.36 %),0,0,0,0,9,49.0
03/10/2016,330,21810000,65.9(2.01 %),1070,70440000,740,48630000,9,49.0
04/10/2016,0,0,65.5(-0.61 %),0,0,0,0,9,49.0
05/10/2016,0,0,65(-0.76 %),0,0,0,0,9,49.0
06/10/2016,-1700,-109060000,64(-1.54 %),740,48100000,2440,157160000,9,49.0
07/10/2016,0,0,65.5(2.34 %),0,0,0,0,9,49.0
10/10/2016,0,0,66.5(1.53 %),0,0,0,0,9,49.0
11/10/2016,2440,162990000,66(-0.75 %),2440,162990000,0,0,9,49.0
12/10/2016,0,0,65(-1.52 %),0,0,0,0,9,49.0
13/10/2016,0,0,67(3.08 %),0,0,0,0,9,49.0
14/10/2016,-150,-9900000,65.1(-2.84 %),0,0,150,9900000,9,49.0
17/10/2016,-2000,-130200000,64.5(-0.92 %),0,0,2000,130200000,12,49.0
18/10/2016,0,0,62.5(-3.10 %),0,0,0,0,12,49.0
19/10/2016,160,10080000,62.5(0.00 %),160,10080000,0,0,2,49.0
20/10/2016,2000,128000000,62.8(0.48 %),2000,128000000,0,0,2,49.0
21/10/2016,0,0,62.6(-0.32 %),0,0,0,0,2,49.0
24/10/2016,0,0,61.5(-1.76 %),0,0,0,0,2,49.0
25/10/2016,-400,-24760000,61.5(0.00 %),0,0,400,24760000,2,49.0
26/10/2016,-250,-15330000,61.5(0.00 %),0,0,250,15330000,2,49.0
27/10/2016,-250,-15250000,61.4(-0.16 %),0,0,250,15250000,2,49.0
28/10/2016,400,24960000,62(0.98 %),400,24960000,0,0,2,49.0
31/10/2016,250,15500000,62(0.00 %),250,15500000,0,0,2,49.0
01/11/2016,-260,-16220000,62.4(0.65 %),0,0,260,16220000,252,49.0
02/11/2016,100,6240000,61(-2.24 %),100,6240000,0,0,152,49.0
03/11/2016,100,6230000,61.4(0.66 %),100,6230000,0,0,52,49.0
04/11/2016,0,0,60.5(-1.47 %),0,0,0,0,312,49.0
07/11/2016,-850,-51430000,60.2(-0.50 %),0,0,850,51430000,312,49.0
08/11/2016,300,18960000,62(2.99 %),300,18960000,0,0,12,49.0
09/11/2016,0,0,60(-3.23 %),0,0,0,0,12,49.0
10/11/2016,860,52460000,60(0.00 %),860,52460000,0,0,2,49.0
11/11/2016,0,0,59(-1.67 %),0,0,0,0,2,49.0
14/11/2016,0,0,59(0.00 %),0,0,0,0,2,49.0
15/11/2016,0,0,59(0.00 %),0,0,0,0,2,49.0
16/11/2016,0,0,58(-1.69 %),0,0,0,0,2,49.0
17/11/2016,0,0,58(0.00 %),0,0,0,0,2,49.0
18/11/2016,0,0,57(-1.72 %),0,0,0,0,2,49.0
21/11/2016,-700,-38910000,55(-3.51 %),0,0,700,38910000,2,49.0
22/11/2016,-400,-22120000,55.9(1.64 %),0,0,400,22120000,2,49.0
23/11/2016,-250,-13980000,56(0.18 %),0,0,250,13980000,2,49.0
24/11/2016,-1800,-105450000,58.6(4.64 %),700,38990000,2500,144440000,2,49.0
25/11/2016,400,23560000,57(-2.73 %),400,23560000,0,0,2,49.0
28/11/2016,250,14550000,57.1(0.18 %),250,14550000,0,0,2,49.0
29/11/2016,2500,145000000,57.8(1.23 %),2500,145000000,0,0,2,49.0
30/11/2016,-500,-28800000,57(-1.38 %),0,0,500,28800000,2,49.0
01/12/2016,0,0,57(0.00 %),0,0,0,0,2,49.0
02/12/2016,-2320,-133070000,57(0.00 %),0,0,2320,133070000,2,49.0
05/12/2016,500,28500000,57(0.00 %),500,28500000,0,0,2,49.0
06/12/2016,-360,-20540000,57.2(0.35 %),0,0,360,20540000,2,49.0
07/12/2016,1970,114120000,57(-0.35 %),2320,134330000,350,20210000,2,49.0
08/12/2016,-3000,-171000000,57(0.00 %),0,0,3000,171000000,2,49.0
09/12/2016,120,6910000,57.5(0.88 %),360,20590000,240,13680000,2,49.0
12/12/2016,-150,-8220000,57(-0.87 %),350,20130000,500,28350000,2,49.0
13/12/2016,3000,171000000,56.8(-0.35 %),3000,171000000,0,0,7,49.0
14/12/2016,240,13680000,57(0.35 %),240,13680000,0,0,7,49.0
15/12/2016,-1300,-74100000,56.4(-1.05 %),500,28500000,1800,102600000,7,49.0
16/12/2016,-50,-2730000,54.5(1.36 %),0,0,50,2730000,1,49.0
19/12/2016,-600,-33120000,55.4(1.65 %),0,0,600,33120000,7,49.0
20/12/2016,1820,102280000,56.2(1.44 %),1820,102280000,0,0,1,49.0
21/12/2016,50,2770000,56(-0.36 %),50,2770000,0,0,1,49.0
22/12/2016,600,33720000,56.3(0.54 %),600,33720000,0,0,1,49.0
23/12/2016,-750,-41990000,55.5(-1.42 %),200000,12040000000,200750,12081990000,1,49.0
26/12/2016,-930,-51510000,56.3(1.44 %),0,0,930,51510000,1,49.0
27/12/2016,-7270,-409160000,56(-0.53 %),0,0,7270,409160000,1,49.0
28/12/2016,500,28000000,56(0.00 %),750,42000000,250,14000000,1,49.0
29/12/2016,930,52080000,56(0.00 %),930,52080000,0,0,1,49.0
30/12/2016,7260,410200000,55.9(-0.18 %),7270,410760000,10,560000,1,49.0
03/01/2017,0,0,55(-1.61 %),0,0,0,0,251,49.0
04/01/2017,-240,-13150000,54(-1.82 %),100,5400000,340,18550000,151,49.0
05/01/2017,0,0,53(-1.85 %),0,0,0,0,161,49.0
06/01/2017,0,0,51(-3.77 %),385717,21467290000,385717,21467290000,161,49.0
09/01/2017,100,5290000,51.9(1.76 %),500,26000000,400,20710000,1,49.0
10/01/2017,0,0,52(0.19 %),0,0,0,0,1,49.0
11/01/2017,0,0,52(0.00 %),0,0,0,0,1,49.0
12/01/2017,50,2600000,52(0.00 %),50,2600000,0,0,351,49.0
13/01/2017,330,17160000,52(0.00 %),330,17160000,0,0,21,49.0
16/01/2017,0,0,52(0.00 %),0,0,0,0,21,49.0
17/01/2017,0,0,52.3(0.58 %),0,0,0,0,21,49.0
18/01/2017,-150,-8010000,53.4(2.10 %),0,0,150,8010000,21,49.0
19/01/2017,0,0,53(-0.75 %),0,0,0,0,21,49.0
20/01/2017,0,0,53.5(0.94 %),0,0,0,0,21,49.0
23/01/2017,-1000,-54400000,54(0.93 %),0,0,1000,54400000,171,49.0
24/01/2017,0,0,54.5(0.93 %),0,0,0,0,171,49.0
25/01/2017,-2440,-136330000,55.9(2.57 %),120,6540000,2560,142870000,51,49.0
02/02/2017,-420,-23480000,55.5(-0.72 %),80,4470000,500,27950000,971,49.0
03/02/2017,0,0,55.6(0.18 %),100000,5930000000,100000,5930000000,971,49.0
06/02/2017,700,39200000,56(0.72 %),562000,33380420000,561300,33341220000,2831,48.99
07/02/2017,3330,186480000,58.6(4.64 %),3330,186480000,0,0,1,49.0
08/02/2017,0,0,59.9(2.22 %),0,0,0,0,1,49.0
09/02/2017,0,0,59.9(0.00 %),0,0,0,0,1,49.0
10/02/2017,-10,-590000,59(-1.50 %),229200,14668800000,229210,14669390000,1,49.0
13/02/2017,-1840,-106820000,60(1.69 %),0,0,1840,106820000,1,49.0
14/02/2017,0,0,59(-1.67 %),0,0,0,0,1,49.0
15/02/2017,0,0,59(0.00 %),0,0,0,0,11,49.0
16/02/2017,1850,109150000,58.6(-0.68 %),1850,109150000,0,0,1,49.0
17/02/2017,0,0,59.5(1.54 %),0,0,0,0,1,49.0
20/02/2017,0,0,58.6(-1.51 %),0,0,0,0,1,49.0
21/02/2017,0,0,58.1(-0.85 %),0,0,0,0,1,49.0
22/02/2017,-10,-580000,58(-0.17 %),0,0,10,580000,1,49.0
23/02/2017,0,0,58(0.00 %),0,0,0,0,1,49.0
24/02/2017,0,0,58(0.00 %),0,0,0,0,1,49.0
27/02/2017,-2380,-136380000,57(-1.72 %),0,0,2380,136380000,11,49.0
28/02/2017,0,0,57.9(1.58 %),0,0,0,0,11,49.0
01/03/2017,0,0,57(-1.55 %),0,0,0,0,11,49.0
02/03/2017,1920,109440000,57.6(1.05 %),2000,114000000,80,4560000,391,49.0
03/03/2017,-820,-46990000,57.3(-0.52 %),0,0,820,46990000,391,49.0
06/03/2017,0,0,57.3(0.00 %),0,0,0,0,391,49.0
07/03/2017,0,0,57.3(0.00 %),0,0,0,0,471,49.0
08/03/2017,0,0,60.5(5.58 %),0,0,0,0,1291,49.0
09/03/2017,1290,78560000,60(-0.83 %),1290,78560000,0,0,1,49.0
10/03/2017,0,0,60(0.00 %),0,0,0,0,1,49.0
13/03/2017,0,0,60(0.00 %),0,0,0,0,1,49.0
14/03/2017,0,0,61(1.67 %),0,0,0,0,1,49.0
15/03/2017,0,0,60.2(-1.31 %),0,0,0,0,1,49.0
16/03/2017,0,0,60.2(0.00 %),0,0,0,0,1,49.0
17/03/2017,0,0,60.5(0.50 %),0,0,0,0,1,49.0
20/03/2017,-50,-3050000,61.4(1.49 %),0,0,50,3050000,1,49.0
21/03/2017,0,0,61(-0.65 %),0,0,0,0,1,49.0
22/03/2017,-3630,-217800000,60(-1.64 %),0,0,3630,217800000,1,49.0
23/03/2017,50,3000000,60.2(0.33 %),50,3000000,0,0,1,49.0
24/03/2017,0,0,60.8(1.00 %),0,0,0,0,1,49.0
27/03/2017,3630,223970000,61.9(1.81 %),3630,223970000,0,0,1,49.0
28/03/2017,0,0,61.8(-0.16 %),0,0,0,0,1,49.0
29/03/2017,0,0,62.5(1.13 %),0,0,0,0,1,49.0
30/03/2017,234070,15210980000,65(4.00 %),234070,15210980000,0,0,1,49.0
31/03/2017,53350,3566820000,66.8(2.77 %),53400,3570170000,50,3350000,1,49.0
03/04/2017,6110,400550000,65.2(-2.40 %),6110,400550000,0,0,649573,63.91
04/04/2017,103140,6755760000,65.6(0.61 %),103140,6755760000,0,0,546433,61.2
05/04/2017,156850,10221370000,65.3(-0.46 %),156850,10221370000,0,0,389633,61.72
07/04/2017,83050,5332530000,64.5(-1.23 %),83050,5332530000,0,0,306588,61.99
10/04/2017,178010,11452860000,64.3(-0.31 %),178010,11452860000,0,0,128578,62.58
11/04/2017,84400,5459210000,65(1.09 %),85760,5546520000,1360,87310000,42818,62.86
12/04/2017,42810,2782870000,62.8(-3.38 %),42810,2782870000,0,0,8,63.0
13/04/2017,-700,-43510000,62(-1.27 %),0,0,700,43510000,8,63.0
14/04/2017,0,0,61.6(-0.65 %),0,0,0,0,1368,63.0
17/04/2017,0,0,60(-2.60 %),0,0,0,0,1368,63.0
18/04/2017,300,18110000,60.9(1.50 %),300,18110000,0,0,1768,62.99
19/04/2017,0,0,61(0.16 %),0,0,0,0,1768,62.99
20/04/2017,0,0,60.9(-0.16 %),0,0,0,0,1768,62.99
21/04/2017,10,610000,61.3(0.66 %),10,610000,0,0,1758,62.99
24/04/2017,1750,108710000,60(-2.12 %),1750,108710000,0,0,8,63.0
25/04/2017,0,0,59.5(-0.83 %),0,0,0,0,8,63.0
26/04/2017,0,0,60(0.84 %),0,0,0,0,8,63.0
27/04/2017,0,0,60(0.00 %),0,0,0,0,8,63.0
28/04/2017,0,0,61.4(2.33 %),0,0,0,0,8,63.0
03/05/2017,0,0,60.5(-1.47 %),0,0,0,0,8,63.0
04/05/2017,0,0,61(0.83 %),0,0,0,0,8,63.0
05/05/2017,0,0,60.1(-1.48 %),0,0,0,0,8,63.0
08/05/2017,-3010,-180610000,60.1(0.00 %),0,0,3010,180610000,8,63.0
09/05/2017,-1000,-60000000,59.8(-0.50 %),0,0,1000,60000000,8,63.0
10/05/2017,-1200,-72000000,60.3(0.84 %),0,0,1200,72000000,8,63.0
11/05/2017,40,2440000,60.6(0.50 %),3000,183000000,2960,180560000,18,63.0
12/05/2017,1010,61210000,60(-0.99 %),1010,61210000,0,0,8,63.0
15/05/2017,-640,-38220000,60.3(0.50 %),1200,72180000,1840,110400000,8,63.0
16/05/2017,800,48550000,61(1.16 %),800,48550000,0,0,2168,62.99
17/05/2017,0,0,61.9(1.48 %),0,0,0,0,2168,62.99
18/05/2017,710,43610000,61(-1.45 %),710,43610000,0,0,3298,62.99
19/05/2017,3290,202550000,61.9(1.48 %),3290,202550000,0,0,8,63.0
22/05/2017,0,0,62(0.16 %),0,0,0,0,8,63.0
23/05/2017,0,0,61.9(-0.16 %),0,0,0,0,8,63.0
24/05/2017,0,0,57.1(1.47 %),0,0,0,0,8,63.0
25/05/2017,0,0,57(-0.18 %),0,0,0,0,8,63.0
26/05/2017,0,0,57.2(0.35 %),0,0,0,0,8,63.0
29/05/2017,0,0,56.9(-0.52 %),0,0,0,0,8,63.0
30/05/2017,0,0,56.6(-0.53 %),0,0,0,0,8,63.0
31/05/2017,0,0,57.2(1.06 %),0,0,0,0,8,63.0
01/06/2017,0,0,56.9(-0.52 %),0,0,0,0,8,63.0
02/06/2017,0,0,57.2(0.53 %),0,0,0,0,8,63.0
05/06/2017,0,0,57.2(0.00 %),0,0,0,0,8,63.0
06/06/2017,0,0,57(-0.35 %),0,0,0,0,8,63.0
07/06/2017,-3000,-168510000,57(0.00 %),0,0,3000,168510000,8,63.0
08/06/2017,0,0,59.2(3.86 %),0,0,0,0,8,63.0
09/06/2017,0,0,59(-0.34 %),0,0,0,0,8,63.0
12/06/2017,2350,141000000,59.4(0.68 %),3000,180000000,650,39000000,8,63.0
13/06/2017,-260,-15340000,58.9(-0.84 %),0,0,260,15340000,8,63.0
14/06/2017,0,0,58.5(-0.68 %),0,0,0,0,8,63.0
15/06/2017,650,37960000,58.5(0.00 %),650,37960000,0,0,8,63.0
16/06/2017,250,14720000,62.5(6.84 %),260,15340000,10,620000,8,63.0
19/06/2017,0,0,62.5(0.00 %),0,0,0,0,8,63.0
20/06/2017,-600,-37500000,62.3(-0.32 %),0,0,600,37500000,8,63.0
21/06/2017,-890,-55630000,62.5(0.32 %),0,0,890,55630000,0,69.3
22/06/2017,0,0,65.1(4.16 %),0,0,0,0,0,61.41
23/06/2017,0,0,66.4(2.00 %),0,0,0,0,0,61.41
26/06/2017,850,56440000,65(-2.11 %),850,56440000,0,0,4,61.41
27/06/2017,0,0,64.8(-0.31 %),0,0,0,0,4,61.41
28/06/2017,0,0,64.8(0.00 %),0,0,0,0,4,61.41
29/06/2017,0,0,64.5(-0.46 %),0,0,0,0,4,61.41
30/06/2017,-500,-32100000,63.5(-1.55 %),0,0,500,32100000,4,61.41
03/07/2017,-5550,-348110000,63.5(0.00 %),0,0,5550,348110000,4,61.41
04/07/2017,0,0,63.2(-0.47 %),0,0,0,0,4,61.41
05/07/2017,500,31750000,63(-0.32 %),500,31750000,0,0,4,61.41
06/07/2017,-7550,-477080000,64.5(2.38 %),5550,357980000,13100,835060000,4,61.41
07/07/2017,0,0,64(-0.78 %),0,0,0,0,4,61.41
10/07/2017,10,640000,64(0.00 %),10,640000,0,0,0,61.41
11/07/2017,13100,863290000,64.5(0.78 %),13100,863290000,0,0,0,61.41
12/07/2017,0,0,64.9(0.62 %),0,0,0,0,0,61.41
13/07/2017,-8910,-572680000,64.9(0.00 %),0,0,8910,572680000,0,61.41
14/07/2017,-3820,-244640000,64.1(-1.23 %),0,0,3820,244640000,0,61.41
17/07/2017,-10,-640000,64(-0.16 %),0,0,10,640000,0,61.41
18/07/2017,6920,442880000,64(0.00 %),8910,570240000,1990,127360000,0,61.41
19/07/2017,3800,246970000,68.4(6.88 %),3820,248300000,20,1330000,0,61.41
20/07/2017,10,710000,70.3(2.78 %),10,710000,0,0,0,61.41
21/07/2017,490,34550000,70.2(-0.14 %),890,62690000,400,28140000,1100,61.4
24/07/2017,1120,76320000,68.2(-2.85 %),1120,76320000,0,0,0,61.41
25/07/2017,0,0,67.5(-1.03 %),0,0,0,0,4,61.41
26/07/2017,400,27000000,68.9(2.07 %),400,27000000,0,0,9,61.41
27/07/2017,0,0,69.5(0.87 %),0,0,0,0,9,61.41
28/07/2017,-10,-690000,67.7(-2.59 %),0,0,10,690000,15,61.41
31/07/2017,0,0,67(-1.03 %),0,0,0,0,15,61.41
01/08/2017,0,0,68.9(2.84 %),0,0,0,0,20,61.41
02/08/2017,-410,-27680000,67.4(-2.18 %),0,0,410,27680000,30,61.41
03/08/2017,-400,-26880000,67.2(-0.30 %),0,0,400,26880000,30,61.41
04/08/2017,0,0,68.2(1.49 %),0,0,0,0,30,61.41
07/08/2017,120,8220000,68.5(0.44 %),120,8220000,0,0,320,61.4
08/08/2017,670,45860000,67.8(-1.02 %),670,45860000,0,0,50,61.41
09/08/2017,0,0,67.4(-0.59 %),0,0,0,0,50,61.41
10/08/2017,0,0,67.2(-0.30 %),0,0,0,0,50,61.41
11/08/2017,-280,-18740000,68(1.19 %),20,1360000,300,20100000,30,61.41
14/08/2017,0,0,68.5(0.74 %),0,0,0,0,30,61.41
15/08/2017,-260,-17810000,68(-0.73 %),0,0,260,17810000,30,61.41
16/08/2017,-1080,-73440000,68(0.00 %),0,0,1080,73440000,330,61.4
17/08/2017,-730,-49640000,68(0.00 %),200,13600000,930,63240000,130,61.41
18/08/2017,50,3390000,67.6(-0.59 %),50,3390000,0,0,340,61.4
21/08/2017,0,0,68.3(1.04 %),0,0,0,0,1435,61.4
22/08/2017,0,0,68.4(0.15 %),0,0,0,0,2365,61.4
23/08/2017,100,6800000,68(-0.58 %),100,6800000,0,0,2265,61.4
24/08/2017,50,3400000,68.3(0.44 %),50,3400000,0,0,2215,61.4
25/08/2017,60,4080000,67.5(-1.17 %),60,4080000,0,0,2155,61.4
28/08/2017,410,27590000,67.7(0.30 %),2150,145390000,1740,117800000,5,61.41
29/08/2017,0,0,67.4(-0.44 %),0,0,0,0,5,61.41
30/08/2017,0,0,67.5(0.15 %),0,0,0,0,5,61.41
31/08/2017,1710,115920000,67.4(-0.15 %),1710,115920000,0,0,35,61.41
01/09/2017,0,0,68.4(1.48 %),0,0,0,0,35,61.41
05/09/2017,-210,-14360000,68.4(0.00 %),0,0,210,14360000,35,61.41
06/09/2017,0,0,67.8(-0.88 %),0,0,0,0,35,61.41
07/09/2017,0,0,67.8(0.00 %),0,0,0,0,35,61.41
08/09/2017,0,0,66(-2.65 %),0,0,0,0,245,49.0
11/09/2017,-1200,-79250000,65(-1.52 %),10,660000,1210,79910000,235,49.0
12/09/2017,0,0,64.6(-0.62 %),0,0,0,0,235,49.0
13/09/2017,230,14840000,64.2(-0.62 %),230,14840000,0,0,5,49.0
14/09/2017,1210,78650000,65.2(1.56 %),1210,78650000,0,0,5,49.0
15/09/2017,0,0,63(-3.37 %),0,0,0,0,5,49.0
18/09/2017,0,0,62.1(-1.43 %),0,0,0,0,5,49.0
19/09/2017,0,0,63(1.45 %),0,0,0,0,5,49.0
20/09/2017,0,0,63(0.00 %),0,0,0,0,5,49.0
21/09/2017,-1980,-124740000,63.8(1.27 %),0,0,1980,124740000,5,49.0
22/09/2017,0,0,62.7(-1.72 %),0,0,0,0,5,49.0
25/09/2017,0,0,62.5(-0.32 %),0,0,0,0,5,49.0
26/09/2017,1900,119580000,62.3(-0.32 %),1980,124540000,80,4960000,5,49.0
27/09/2017,0,0,62.3(0.00 %),0,0,0,0,5,49.0
28/09/2017,0,0,62.3(0.00 %),0,0,0,0,5,49.0
29/09/2017,0,0,63(1.12 %),0,0,0,0,85,49.0
02/10/2017,0,0,63.1(0.16 %),0,0,0,0,85,49.0
03/10/2017,0,0,63.5(0.63 %),0,0,0,0,85,49.0
04/10/2017,0,0,63(-0.79 %),0,0,0,0,85,49.0
05/10/2017,0,0,63.4(0.63 %),0,0,0,0,85,49.0
06/10/2017,80,5100000,62.6(-1.26 %),80,5100000,0,0,5,49.0
09/10/2017,0,0,62.6(0.00 %),0,0,0,0,5,49.0
10/10/2017,0,0,62.6(0.00 %),0,0,0,0,5,49.0
11/10/2017,0,0,62.5(-0.16 %),0,0,0,0,5,49.0
12/10/2017,0,0,62.7(0.32 %),0,0,0,0,5,49.0
13/10/2017,0,0,62.6(-0.16 %),0,0,0,0,5,49.0
16/10/2017,0,0,63.5(1.44 %),0,0,0,0,5,49.0
17/10/2017,0,0,63.5(0.00 %),0,0,0,0,5,49.0
18/10/2017,0,0,63.5(0.00 %),0,0,0,0,5,49.0
19/10/2017,0,0,65.9(3.78 %),0,0,0,0,5,49.0
20/10/2017,-1300,-84370000,63.9(-3.03 %),0,0,1300,84370000,5,49.0
23/10/2017,0,0,63.1(-1.25 %),0,0,0,0,7,49.0
24/10/2017,0,0,63(-0.16 %),0,0,0,0,7,49.0
25/10/2017,-600,-37800000,63.5(0.79 %),1280,80640000,1880,118440000,27,49.0
26/10/2017,20,1280000,63.3(-0.31 %),20,1280000,0,0,7,49.0
27/10/2017,0,0,63.5(0.32 %),0,0,0,0,7,49.0
30/10/2017,0,0,62.3(-1.89 %),0,0,0,0,1887,49.0
31/10/2017,1880,115810000,62.3(0.00 %),1880,115810000,0,0,7,49.0
01/11/2017,0,0,62.5(0.32 %),0,0,0,0,7,49.0
02/11/2017,0,0,62.5(0.00 %),0,0,0,0,7,49.0
03/11/2017,0,0,62.5(0.00 %),0,0,0,0,7,49.0
06/11/2017,-9620,-596660000,63.2(1.12 %),0,0,9620,596660000,10,49.0
07/11/2017,0,0,63.5(0.47 %),0,0,0,0,10,49.0
08/11/2017,0,0,63(-0.79 %),0,0,0,0,10,49.0
09/11/2017,9630,611510000,62.9(-0.16 %),9630,611510000,0,0,0,49.0
10/11/2017,-20,-1250000,62.9(0.00 %),0,0,20,1250000,0,49.0
13/11/2017,-11900,-744640000,63.5(0.95 %),0,0,11900,744640000,0,49.0
14/11/2017,-400,-25600000,63.1(-0.63 %),0,0,400,25600000,0,49.0
15/11/2017,0,0,67.5(6.97 %),0,0,0,0,28,49.0
16/11/2017,11920,804600000,68(0.74 %),11920,804600000,0,0,8,49.0
17/11/2017,-600,-41800000,70(2.94 %),400,27200000,1000,69000000,8,49.0
20/11/2017,0,0,71.5(2.14 %),0,0,0,0,8,49.0
21/11/2017,0,0,68.2(-4.62 %),0,0,0,0,8,49.0
22/11/2017,1000,68000000,69.5(1.91 %),1000,68000000,0,0,8,49.0
23/11/2017,-70,-4800000,67.9(-2.30 %),0,0,70,4800000,8,49.0
24/11/2017,0,0,67.9(0.00 %),0,0,0,0,8,49.0
27/11/2017,0,0,66.5(-2.06 %),0,0,0,0,8,49.0
28/11/2017,40,2660000,66.5(0.76 %),1200040,84722660000,1200000,84720000000,38,49.0
29/11/2017,-1170,-77750000,66.8(0.45 %),140030,9956030000,141200,10033780000,8,49.0
30/11/2017,-1100,-73620000,66.8(0.00 %),0,0,1100,73620000,8,49.0
01/12/2017,-1120,-74000000,66.3(-0.75 %),0,0,1120,74000000,8,49.0
04/12/2017,-650,-43090000,66.7(0.60 %),920,61000000,1570,104090000,288,49.0
05/12/2017,1380,92050000,66.3(-0.60 %),1380,92050000,0,0,8,49.0
06/12/2017,1120,74600000,66.3(0.00 %),501120,35524600000,500000,35450000000,8,49.0
07/12/2017,1570,105030000,66.5(0.30 %),24770,1749910000,23200,1644880000,8,49.0
08/12/2017,0,0,66.8(0.45 %),0,0,0,0,8,49.0
11/12/2017,10,660000,66(-1.20 %),10,660000,0,0,3,49.0
12/12/2017,0,0,64(-3.03 %),0,0,0,0,3,49.0
13/12/2017,0,0,65(1.56 %),0,0,0,0,3,49.0
14/12/2017,0,0,65(0.00 %),0,0,0,0,3,49.0
15/12/2017,0,0,66.5(2.31 %),0,0,0,0,3,49.0
18/12/2017,0,0,66.4(-0.15 %),622200,44238420000,622200,44238420000,3,49.0
19/12/2017,0,0,66.2(-0.30 %),0,0,0,0,3,49.0
20/12/2017,-280,-18540000,66(-0.30 %),0,0,280,18540000,3,49.0
21/12/2017,0,0,65.3(-1.06 %),0,0,0,0,3,49.0
22/12/2017,0,0,66.2(1.38 %),0,0,0,0,3,49.0
25/12/2017,280,18610000,66(-0.30 %),280,18610000,0,0,3,49.0
26/12/2017,0,0,65.2(-1.21 %),0,0,0,0,5,49.0
27/12/2017,10,650000,65.8(0.92 %),10,650000,0,0,0,49.0
28/12/2017,0,0,65.9(0.15 %),0,0,0,0,0,49.0
29/12/2017,-500,-32950000,66(0.15 %),0,0,500,32950000,0,49.0
02/01/2018,0,0,65.5(-0.76 %),0,0,0,0,0,49.0
03/01/2018,-5000,-329500000,66(0.76 %),0,0,5000,329500000,0,49.0
04/01/2018,0,50000,66(0.00 %),500,33050000,500,33000000,0,49.0
05/01/2018,0,0,65.5(-0.76 %),0,0,0,0,0,49.0
08/01/2018,790,51630000,65.8(0.46 %),790,51630000,0,0,4210,48.99
09/01/2018,4650,305990000,65.7(-0.15 %),4710,309920000,60,3930000,0,49.0
10/01/2018,-3590,-236940000,66.3(0.91 %),0,0,3590,236940000,0,49.0
11/01/2018,0,0,66(-0.45 %),0,0,0,0,0,49.0
12/01/2018,-10,-630000,66(0.00 %),60,3990000,70,4620000,0,49.0
15/01/2018,1970,130830000,68.4(3.64 %),1970,130830000,0,0,1620,49.0
16/01/2018,1580,108070000,67.8(-0.88 %),1580,108070000,0,0,40,49.0
17/01/2018,0,0,67(-1.18 %),0,0,0,0,110,49.0
18/01/2018,-500,-33400000,67(0.00 %),0,0,500,33400000,110,49.0
19/01/2018,110,7410000,67.2(0.30 %),110,7410000,0,0,0,49.0
22/01/2018,0,0,65.4(-2.68 %),0,0,0,0,0,49.0
25/01/2018,500,33000000,64.4(-1.53 %),500,33000000,0,0,3,49.0
26/01/2018,0,0,65.5(1.71 %),0,0,0,0,3,49.0
29/01/2018,0,0,65(-0.76 %),0,0,0,0,3,49.0
30/01/2018,-300,-18910000,64.6(-0.62 %),0,0,300,18910000,3,49.0
31/01/2018,0,0,64.5(-0.15 %),0,0,0,0,3,49.0
01/02/2018,0,0,64.9(0.62 %),0,0,0,0,3,49.0
02/02/2018,-410,-26240000,64(-1.39 %),300,19200000,710,45440000,3,49.0
05/02/2018,0,0,62(-3.12 %),0,0,0,0,3,49.0
06/02/2018,0,0,61.4(-0.97 %),0,0,0,0,3,49.0
07/02/2018,-9200,-589200000,63(2.61 %),700,44400000,9900,633600000,13,49.0
08/02/2018,0,0,61.9(-1.75 %),0,0,0,0,13,49.0
09/02/2018,0,0,61.5(-0.65 %),0,0,0,0,15,49.0
12/02/2018,9910,616940000,62.6(1.79 %),9910,616940000,0,0,5,49.0
13/02/2018,0,0,63(0.64 %),0,0,0,0,5,49.0
21/02/2018,0,0,63(0.00 %),0,0,0,0,5,49.0
22/02/2018,0,0,63(0.00 %),0,0,0,0,5,49.0
23/02/2018,10,630000,62.6(-0.63 %),10,630000,0,0,2,49.0
26/02/2018,-100,-6260000,62(-0.96 %),0,0,100,6260000,7,49.0
27/02/2018,0,0,63.5(2.42 %),0,0,0,0,7,49.0
28/02/2018,0,0,63.4(-0.16 %),0,0,0,0,7,49.0
01/03/2018,100,6340000,63.9(0.79 %),100,6340000,0,0,7,49.0
02/03/2018,0,0,63.8(-0.16 %),0,0,0,0,7,49.0
05/03/2018,0,0,63.5(-0.47 %),0,0,0,0,7,49.0
06/03/2018,0,0,63.7(0.31 %),0,0,0,0,7,49.0
07/03/2018,0,0,63.5(-0.31 %),0,0,0,0,7,49.0
08/03/2018,0,0,63.5(0.00 %),0,0,0,0,7,49.0
09/03/2018,0,0,63.4(-0.16 %),0,0,0,0,7,49.0
12/03/2018,0,0,63.5(0.16 %),0,0,0,0,7,49.0
13/03/2018,0,0,63(-0.79 %),0,0,0,0,7,49.0
14/03/2018,-250,-15500000,63(0.00 %),0,0,250,15500000,7,49.0
15/03/2018,0,0,62.6(-0.63 %),0,0,0,0,7,49.0
16/03/2018,-1450,-91640000,63.5(1.44 %),0,0,1450,91640000,7,49.0
19/03/2018,210,13390000,63(-0.79 %),210,13390000,0,0,47,49.0
20/03/2018,0,0,63.4(0.63 %),0,0,0,0,47,49.0
21/03/2018,-4910,-311050000,63.4(0.00 %),1490,95810000,6400,406860000,7,49.0
22/03/2018,0,0,63.5(0.16 %),0,0,0,0,7,49.0
23/03/2018,0,0,63.8(0.47 %),0,0,0,0,7,49.0
26/03/2018,-860,-54610000,63.5(-0.47 %),6400,406400000,7260,461010000,7,49.0
27/03/2018,0,0,63.5(0.00 %),0,0,0,0,7,49.0
28/03/2018,0,0,63(-0.79 %),0,0,0,0,7,49.0
29/03/2018,7260,461010000,63(0.00 %),7260,461010000,0,0,7,49.0
30/03/2018,-1160,-73080000,63(0.00 %),266519,17963380000,267679,18036460000,7,49.0
02/04/2018,-4000,-253000000,63(0.00 %),0,0,4000,253000000,7,49.0
03/04/2018,-2000,-126200000,63(0.00 %),0,0,2000,126200000,7,49.0
04/04/2018,1160,73660000,63.3(0.48 %),1160,73660000,0,0,7,49.0
05/04/2018,2500,158750000,62.8(-0.79 %),4000,254000000,1500,95250000,7,49.0
06/04/2018,910,57520000,63(0.32 %),1910,120490000,1000,62970000,97,49.0
09/04/2018,-11000,-696630000,63.5(0.79 %),0,0,11000,696630000,97,49.0
10/04/2018,-5710,-358310000,62.6(-1.42 %),1590,100970000,7300,459280000,7,49.0
11/04/2018,-1400,-88030000,63(0.64 %),1000,62940000,2400,150970000,7,49.0
12/04/2018,1000,77950000,62.9(-0.16 %),11000,704000000,10000,626050000,7,49.0
13/04/2018,4000,266560000,62.9(0.00 %),7300,474500000,3300,207940000,7,49.0
16/04/2018,1400,88630000,62.9(0.00 %),2400,151560000,1000,62930000,7,49.0
17/04/2018,7300,461950000,62.9(0.00 %),10000,631990000,2700,170040000,7,49.0
18/04/2018,1700,107670000,62.5(-0.64 %),3300,207750000,1600,100080000,7,49.0
19/04/2018,-750,-47000000,62.9(0.64 %),350,22020000,1100,69020000,657,49.0
20/04/2018,310,19570000,63(0.16 %),710,44720000,400,25150000,2647,48.99
23/04/2018,-5510,-347620000,63(0.00 %),100,6300000,5610,353920000,4147,48.99
24/04/2018,-5300,-329500000,62(-1.59 %),0,0,5300,329500000,5247,48.99
26/04/2018,-1100,-69190000,61.1(-1.45 %),1300,79430000,2400,148620000,4347,48.99
27/04/2018,50,4380000,62.9(2.95 %),1000,62900000,950,58520000,8957,48.98
02/05/2018,-1700,-104970000,62(-1.43 %),690,43170000,2390,148140000,13567,48.97
03/05/2018,-2470,-150070000,61.2(-1.29 %),1200,74400000,3670,224470000,14767,48.97
04/05/2018,15710,989730000,61.6(0.65 %),15710,989730000,0,0,7,49.0
07/05/2018,0,0,61.6(0.00 %),0,0,0,0,2397,48.99
08/05/2018,210,12940000,61.6(0.00 %),210,12940000,0,0,5857,48.99
09/05/2018,720,44350000,61.5(-0.16 %),720,44350000,0,0,5137,48.99
10/05/2018,0,0,61.5(0.00 %),0,0,0,0,5137,48.99
11/05/2018,10,620000,61.5(0.00 %),10,620000,0,0,5127,48.99
14/05/2018,0,0,62.6(1.79 %),0,0,0,0,5127,48.99
15/05/2018,0,0,62.6(0.00 %),0,0,0,0,5127,48.99
16/05/2018,-10,-620000,62.5(-0.16 %),0,0,10,620000,5127,48.99
17/05/2018,20,1240000,61.6(-1.44 %),20,1240000,0,0,5107,48.99
18/05/2018,-100,-6160000,62.7(1.79 %),0,0,100,6160000,5107,48.99
21/05/2018,10,630000,61.5(-1.91 %),10,630000,0,0,5107,48.99
22/05/2018,4840,303470000,62.5(1.63 %),5000,313500000,160,10030000,107,49.0
23/05/2018,0,0,61(-2.40 %),0,0,0,0,207,49.0
24/05/2018,-10,-610000,61(0.00 %),0,0,10,610000,207,49.0
25/05/2018,0,0,61(0.00 %),0,0,0,0,367,49.0
28/05/2018,100,6140000,56.8(-6.89 %),100,6140000,0,0,267,49.0
29/05/2018,0,0,60.7(6.87 %),0,0,0,0,277,49.0
30/05/2018,-2130,-127810000,58.2(-4.12 %),0,0,2130,127810000,277,49.0
31/05/2018,-3900,-234250000,61(4.81 %),270,15950000,4170,250200000,7,49.0
01/06/2018,0,0,60.2(-1.31 %),0,0,0,0,7,49.0
04/06/2018,810,44540000,54(3.15 %),810,44540000,0,0,1327,49.0
05/06/2018,5490,315680000,55.5(2.78 %),5490,315680000,0,0,7,49.0
06/06/2018,0,0,55.5(0.00 %),0,0,0,0,7,49.0
07/06/2018,0,0,55.1(-0.72 %),0,0,0,0,7,49.0
08/06/2018,-5000,-274500000,54.9(-0.36 %),0,0,5000,274500000,7,49.0
11/06/2018,0,0,55(0.18 %),0,0,0,0,7,49.0
12/06/2018,0,0,53(-3.64 %),0,0,0,0,7,49.0
13/06/2018,-2510,-136840000,54(1.89 %),100,5410000,2610,142250000,4907,48.99
14/06/2018,1000,54100000,54(0.00 %),1000,54100000,0,0,3907,48.99
15/06/2018,0,0,53.5(-0.93 %),0,0,0,0,3907,48.99
18/06/2018,0,0,52.9(-1.12 %),0,0,0,0,6517,48.98
19/06/2018,530,27840000,53(0.19 %),530,27840000,0,0,5987,48.99
20/06/2018,0,0,52.9(-0.19 %),0,0,0,0,5987,48.99
21/06/2018,300,15600000,53.8(1.70 %),300,15600000,0,0,5687,48.99
22/06/2018,-30,-1550000,52(-3.35 %),0,0,30,1550000,5687,48.99
25/06/2018,0,0,53(1.92 %),0,0,0,0,5687,48.99
26/06/2018,-2070,-109710000,53(0.00 %),0,0,2070,109710000,5695,48.99
27/06/2018,0,0,52.6(-0.75 %),0,0,0,0,5725,48.99
28/06/2018,1000,53000000,49.5(-5.89 %),1000,53000000,0,0,4725,48.99
29/06/2018,-15230,-762007000,52.5(6.06 %),0,0,15230,762007000,19955,32.95
02/07/2018,0,0,55.5(5.71 %),0,0,0,0,6033,48.99
03/07/2018,70,3770000,51.7(-6.85 %),70,3770000,0,0,5963,48.99
04/07/2018,-550,-27560000,52.3(1.16 %),0,0,550,27560000,21193,48.96
05/07/2018,0,0,51.7(-1.15 %),0,0,0,0,21193,48.96
06/07/2018,-1000,-51700000,52(0.58 %),0,0,1000,51700000,21193,48.96
09/07/2018,-5120,-262020000,52(0.00 %),0,0,5120,262020000,21743,48.96
10/07/2018,0,0,51.2(-1.54 %),0,0,0,0,21743,48.96
11/07/2018,2400,123000000,52.5(2.54 %),2400,123000000,0,0,20343,48.96
12/07/2018,-600,-32400000,52.9(0.76 %),25460,1374840000,26060,1407240000,3,49.0
13/07/2018,-10170,-504430000,52.9(0.00 %),0,0,10170,504430000,3,49.0
16/07/2018,0,0,51.6(-2.46 %),0,0,0,0,3,49.0
17/07/2018,-6470,-332600000,51.9(0.58 %),230,12170000,6700,344770000,25833,48.95
18/07/2018,-1450,-74132000,50.7(-2.31 %),550,28105000,2000,102237000,27283,32.93
19/07/2018,0,0,52(2.56 %),0,0,0,0,35456,48.93
20/07/2018,0,0,52(0.00 %),0,0,0,0,42159,48.91
23/07/2018,0,0,52(0.00 %),0,0,0,0,42159,32.9
24/07/2018,-2180,-108480000,52(0.00 %),0,0,2180,108480000,44159,48.91
25/07/2018,20,1050000,51(-1.92 %),20,1050000,0,0,44139,48.91
26/07/2018,7880,417680000,51(0.00 %),44130,2338890000,36250,1921210000,9,49.0
27/07/2018,120,6200000,51.6(1.18 %),120,6200000,0,0,2069,49.0
30/07/2018,710,35936000,52(0.78 %),710,35936000,0,0,1359,32.99
31/07/2018,170,8687000,52(0.00 %),170,8687000,0,0,1189,33.0
01/08/2018,2000,104000000,51(-1.92 %),2000,104000000,0,0,1,33.0
02/08/2018,-700,-35700000,52.5(2.94 %),0,0,700,35700000,35439,48.93
03/08/2018,200,10500000,53.2(1.33 %),200,10500000,0,0,35239,32.92
06/08/2018,730,40110000,52(-2.26 %),2570,136110000,1840,96000000,34509,32.92
07/08/2018,-4260,-218346000,52(0.00 %),0,0,4260,218346000,38769,32.91
08/08/2018,-690,-35540000,51.6(-0.77 %),0,0,690,35540000,33372,48.93
09/08/2018,0,0,51.8(0.39 %),680,35160000,680,35160000,34532,48.93
10/08/2018,-250,-13200000,51.1(-1.35 %),0,0,250,13200000,38792,48.92
13/08/2018,-11000,-563240000,51.1(0.00 %),0,0,11000,563240000,39482,48.92
14/08/2018,0,0,51.5(0.78 %),0,0,0,0,40162,48.92
15/08/2018,0,0,52(0.97 %),0,0,0,0,40412,48.92
16/08/2018,0,0,52(0.00 %),0,0,0,0,51412,48.9
17/08/2018,1300,67600000,52(0.00 %),1300,67600000,0,0,50112,32.88
20/08/2018,-1980,-102776000,52(0.00 %),0,0,1980,102776000,52092,32.88
21/08/2018,110,5720000,51.3(-1.35 %),120,6240000,10,520000,49992,48.9
22/08/2018,0,0,51.5(0.39 %),0,0,0,0,50000,48.9
23/08/2018,750,39000000,52(0.97 %),750,39000000,0,0,51230,48.9
24/08/2018,-600,-31200000,52(0.00 %),0,0,600,31200000,51830,32.88
27/08/2018,-200,-10400000,52(0.00 %),0,0,200,10400000,51240,48.9
28/08/2018,-910,-47310000,52(0.00 %),0,0,910,47310000,51247,48.9
29/08/2018,-24950,-1297400000,52(0.00 %),0,0,24950,1297400000,51847,48.9
30/08/2018,-3990,-207470000,51.6(-0.77 %),10,530000,4000,208000000,52037,48.89
31/08/2018,0,0,52.4(1.55 %),0,0,0,0,52947,48.89
04/09/2018,1540,80678000,52.4(0.00 %),1540,80678000,0,0,1,33.0
05/09/2018,-37460,-1952117000,52(-0.76 %),2100,109810000,39560,2061927000,37461,32.91
06/09/2018,0,0,52(0.00 %),0,0,0,0,37461,32.91
07/09/2018,0,0,52.4(0.77 %),0,0,0,0,37461,32.91
10/09/2018,0,0,52(-0.76 %),0,0,0,0,117819,48.76
11/09/2018,800,41920000,52.2(0.38 %),800,41920000,0,0,117019,48.76
12/09/2018,0,0,52.5(0.57 %),0,0,0,0,117019,48.76
13/09/2018,-6630,-343010000,52.2(-0.57 %),0,0,6630,343010000,117019,48.76
14/09/2018,-30000,-1561080000,52(-0.38 %),0,0,30000,1561080000,117019,48.76
17/09/2018,-26980,-1391420000,52(0.00 %),0,0,26980,1391420000,117019,48.76
18/09/2018,0,0,52(0.00 %),0,0,0,0,123649,48.75
19/09/2018,0,0,53(1.92 %),0,0,0,0,153654,48.69
20/09/2018,-110900,-5775540000,52.5(-0.94 %),0,0,110900,5775540000,180634,48.63
21/09/2018,-11590,-606190000,52.9(0.76 %),0,0,11590,606190000,180634,48.63
24/09/2018,-52560,-2736470000,52(-1.70 %),80,4232000,52640,2740702000,233194,55.8
25/09/2018,0,0,52.5(0.96 %),0,0,0,0,233194,55.8
26/09/2018,0,0,52.5(0.00 %),0,0,0,0,233194,55.8
27/09/2018,-29370,-1557260000,53.5(1.90 %),300,15750000,29670,1573010000,262564,55.73
28/09/2018,-147530,-7678982000,52(-2.80 %),521725,27836144500,669255,35515126500,410094,55.39
01/10/2018,27900,1496570000,53.7(3.27 %),31060,1665310000,3160,168740000,248588,48.5
02/10/2018,23260,1254512000,54.2(0.93 %),23260,1254512000,0,0,225328,55.82
03/10/2018,0,0,53.5(-1.29 %),0,0,0,0,478258,48.03
04/10/2018,0,0,53.3(-0.37 %),0,0,0,0,481418,48.03
05/10/2018,30,1587000,53(-0.56 %),30,1587000,0,0,481388,55.23
08/10/2018,40,2160000,53.2(0.38 %),1040,54810000,1000,52650000,480348,48.03
09/10/2018,10000,536180000,53.9(1.32 %),10000,536180000,0,0,470348,48.05
10/10/2018,-400,-21320000,53.3(-1.11 %),0,0,400,21320000,470748,55.25
11/10/2018,-50000,-2579338000,52(-2.44 %),0,0,50000,2579338000,520748,55.13
12/10/2018,0,0,53(1.92 %),0,0,0,0,520748,55.13
15/10/2018,0,0,53(0.00 %),35000,1855000000,35000,1855000000,471748,48.05
16/10/2018,600,31500000,53(0.00 %),600,31500000,0,0,471148,55.25
17/10/2018,0,0,52.9(-0.19 %),0,0,0,0,471148,55.25
18/10/2018,0,0,52.9(0.00 %),0,0,0,0,521148,47.95
19/10/2018,0,0,52.9(0.00 %),0,0,0,0,521148,55.13
22/10/2018,0,0,52(-1.70 %),0,0,0,0,521148,47.95
23/10/2018,0,0,52.5(0.96 %),0,0,0,0,521148,55.13
24/10/2018,0,0,52(-0.95 %),0,0,0,0,521148,55.13
25/10/2018,-28910,-1448416000,52(0.00 %),10,500000,28920,1448916000,550058,55.07
26/10/2018,-1800,-91800000,52(0.00 %),0,0,1800,91800000,521138,47.95
29/10/2018,-25620,-1302830000,51.9(-0.19 %),0,0,25620,1302830000,521138,47.95
30/10/2018,0,0,51.5(-0.77 %),0,0,0,0,521138,55.13
31/10/2018,10000,520000000,52(0.97 %),10000,520000000,0,0,511138,55.16
01/11/2018,0,0,52(0.00 %),0,0,0,0,567478,47.85
02/11/2018,0,0,51(-1.92 %),20890,1086280000,20890,1086280000,567478,55.03
05/11/2018,0,0,50.6(-0.78 %),0,0,0,0,567478,47.85
06/11/2018,10,510000,51.9(2.57 %),10,510000,0,0,567468,55.03
07/11/2018,190,9860000,50.7(-2.31 %),190,9860000,0,0,567278,47.85
08/11/2018,-1120,-56839000,51.2(0.99 %),0,0,1120,56839000,568398,55.02
09/11/2018,-20,-1000000,51(-0.39 %),0,0,20,1000000,567278,47.85
12/11/2018,2000,102000000,50.4(-1.18 %),2000,102000000,0,0,565278,47.86
13/11/2018,-13000,-656600000,50.5(0.20 %),0,0,13000,656600000,578278,55.0
14/11/2018,110,5555000,50.5(0.00 %),110,5555000,0,0,578168,55.0
15/11/2018,0,0,51(0.99 %),0,0,0,0,578168,55.0
16/11/2018,200,10200000,51(0.00 %),200,10200000,0,0,579108,47.83
19/11/2018,-5160,-260560000,50.6(-0.78 %),340,17340000,5500,277900000,578768,47.83
20/11/2018,0,0,51(0.79 %),0,0,0,0,578768,47.83
21/11/2018,-140,-7070000,50.9(-0.20 %),0,0,140,7070000,578768,47.83
22/11/2018,-1340,-67400000,50.9(0.00 %),0,0,1340,67400000,584268,47.82
23/11/2018,-16870,-848510390,50.5(-0.79 %),20,1005940,16890,849516330,601138,54.95
26/11/2018,0,0,50.5(0.00 %),0,0,0,0,601138,54.95
27/11/2018,0,0,50.5(0.00 %),0,0,0,0,601138,54.95
28/11/2018,0,0,51(0.99 %),0,0,0,0,612731,47.76
29/11/2018,31110,1618020000,52.5(2.94 %),31110,1618020000,0,0,581621,54.99
30/11/2018,23040,1223515000,53.8(2.48 %),23040,1223515000,0,0,558581,55.05
03/12/2018,64980,3554972000,56(4.09 %),65000,3556054000,20,1082000,493581,55.2
04/12/2018,15000,838330000,56(0.00 %),15000,838330000,0,0,478581,55.23
05/12/2018,20,1116000,53.2(-5.00 %),20,1116000,0,0,478561,55.23
06/12/2018,3000,164990000,55(3.38 %),3000,164990000,0,0,475561,55.24
07/12/2018,3000,167500000,56(1.82 %),3000,167500000,0,0,472561,55.25
10/12/2018,0,0,54.8(-2.14 %),0,0,0,0,472581,48.04
11/12/2018,3960,221240000,56(2.19 %),4000,223440000,40,2200000,468581,48.05
12/12/2018,9970,560224000,56.4(0.71 %),10000,561904000,30,1680000,458611,55.28
13/12/2018,25290,1432945000,57(1.06 %),25310,1434085000,20,1140000,433321,55.34
14/12/2018,8760,503254000,57.8(1.40 %),8790,504980000,30,1726000,424561,55.36
17/12/2018,6190,357213000,57.9(0.17 %),6210,358371000,20,1158000,418371,55.37
18/12/2018,14250,826300000,58(0.17 %),15010,870380000,760,44080000,403351,48.18
19/12/2018,17050,988403000,58(0.00 %),17050,988403000,0,0,386301,55.45
20/12/2018,19000,1114400000,58.9(1.55 %),20000,1173300000,1000,58900000,366351,48.26
21/12/2018,13820,826580000,59.9(1.70 %),16420,981660000,2600,155080000,350691,48.29
24/12/2018,7000,421800000,60.4(0.83 %),7000,421800000,0,0,343691,48.3
25/12/2018,8170,492390000,60.4(0.00 %),8290,499470000,120,7080000,337235,48.32
26/12/2018,13480,811946000,60.3(-0.17 %),13480,811946000,0,0,323755,55.59
27/12/2018,43570,2610361000,60.1(-0.33 %),43570,2610361000,0,0,280185,55.69
28/12/2018,155170,9416200000,60.9(1.33 %),161000,9771170000,5830,354970000,121905,48.75
02/01/2019,1000,60900000,60(-1.48 %),1000,60900000,0,0,120905,56.06
03/01/2019,100,5860000,59.7(-0.50 %),100,5860000,0,0,120805,56.06
04/01/2019,30,1750000,58(-2.85 %),30,1750000,0,0,126605,48.74
07/01/2019,-2400,-126084000,58(0.00 %),2000,116000000,4400,242084000,129005,56.05
08/01/2019,11000,641500000,58(0.00 %),12000,696000000,1000,54500000,112605,48.77
09/01/2019,1000,57000000,57(-1.72 %),1000,57000000,0,0,111605,56.09
10/01/2019,10,540000,54(-5.26 %),10,540000,0,0,115995,48.77
11/01/2019,-1560,-83763000,53.1(-1.67 %),50,2705000,1610,86468000,117555,56.07
14/01/2019,-3680,-191510000,53(-0.19 %),320,17020000,4000,208530000,116625,48.76
15/01/2019,-10500,-536706000,51.1(-3.58 %),100000,5120000000,110500,5656706000,127125,56.05
16/01/2019,-3670,-183952000,51.3(0.39 %),141380,7238710000,145050,7422662000,130795,56.04
17/01/2019,100,5040000,50.4(-1.75 %),100,5040000,0,0,120755,48.76
18/01/2019,90,4530000,51.9(2.98 %),90,4530000,0,0,131165,48.73
21/01/2019,-5830,-291500000,49.9(-3.85 %),0,0,5830,291500000,136215,48.72
22/01/2019,-2220,-111040000,50(0.20 %),0,0,2220,111040000,136215,48.72
23/01/2019,-5070,-253502000,50(0.00 %),20,1000000,5090,254502000,141285,56.02
24/01/2019,-5390,-269500000,49.9(-0.20 %),3310,165500000,8700,435000000,138715,48.72
25/01/2019,-360,-18000000,49.8(-0.20 %),10,500000,370,18500000,147035,56.0
28/01/2019,30,1490000,50(0.40 %),30,1490000,0,0,145985,48.7
29/01/2019,0,0,50(0.00 %),0,0,0,0,154685,48.69
30/01/2019,-5850,-292510000,50(0.00 %),0,0,5850,292510000,155055,48.69
31/01/2019,40,2000000,49.9(-0.20 %),150,7500000,110,5500000,152815,55.99
01/02/2019,0,0,50.5(1.20 %),0,0,0,0,154905,48.69
11/02/2019,-2400,-121205000,50.5(0.00 %),0,0,2400,121205000,157305,55.98
12/02/2019,-510,-25630000,50(-0.99 %),200,10100000,710,35730000,157815,55.98
13/02/2019,-1460,-72770000,50(0.00 %),0,0,1460,72770000,160665,48.67
14/02/2019,-2410,-120080000,49.8(-0.40 %),210,10500000,2620,130580000,162855,48.67
15/02/2019,10,500000,49.8(0.00 %),10,500000,0,0,161675,55.97
18/02/2019,-1810,-89405000,50(0.40 %),2300,116150000,4110,205555000,163485,55.97
19/02/2019,-10960,-550380000,50(0.00 %),14800,746600000,25760,1296980000,150535,48.7
20/02/2019,-12400,-620100000,49.9(-0.20 %),2500,125250000,14900,745350000,186845,55.91
21/02/2019,-7320,-366098000,49.9(0.00 %),980,48902000,8300,415000000,194165,55.89
22/02/2019,-6160,-308000000,50(0.20 %),0,0,6160,308000000,176925,48.64
25/02/2019,-7500,-375060000,50(0.00 %),500,25250000,8000,400310000,207825,55.86
26/02/2019,-8950,-439020000,49(-2.00 %),2000,98000000,10950,537020000,197625,48.6
27/02/2019,100,4922500,49.7(1.43 %),100,4922500,0,0,216675,55.84
28/02/2019,400,19880000,49.7(0.00 %),400,19880000,0,0,216275,55.84
01/03/2019,0,0,51.9(4.43 %),0,0,0,0,222235,55.83
04/03/2019,-22580,-1147950000,50.6(-2.50 %),300,15290000,22880,1163240000,221935,48.55
05/03/2019,-18100,-914227000,51.4(1.58 %),1900,95950000,20000,1010177000,262915,55.73
06/03/2019,-8900,-453944500,51(-0.78 %),0,0,8900,453944500,271815,55.71
07/03/2019,-29950,-1512954000,50.3(-1.37 %),160,8088000,30110,1521042000,301765,55.64
08/03/2019,-47000,-2365100000,50.4(0.20 %),0,0,47000,2365100000,348765,55.53
11/03/2019,-11950,-599840000,50.2(-0.40 %),50,2520000,12000,602360000,271624,48.45
12/03/2019,-23500,-1179630000,50.2(0.00 %),1500,75600000,25000,1255230000,300234,48.39
13/03/2019,-300000,-15131050000,50.7(1.00 %),55000,2759000000,355000,17890050000,684215,54.75
14/03/2019,520,26820000,52.5(3.55 %),670,34620000,150,7800000,683695,54.75
15/03/2019,0,0,52.5(0.00 %),0,0,0,0,348564,48.29
18/03/2019,7320,381040000,51.5(-1.90 %),7360,383140000,40,2100000,676204,47.63
19/03/2019,136120,6943180000,52(0.97 %),136120,6943180000,0,0,540234,47.91
20/03/2019,100000,5090000000,52(0.00 %),100000,5090000000,0,0,440255,55.32
21/03/2019,1140,59280000,51.5(-0.96 %),1140,59280000,0,0,439115,55.32
22/03/2019,10000,517760000,52(0.97 %),10000,517760000,0,0,429134,48.13
25/03/2019,350,18030000,51.2(-1.54 %),350,18030000,0,0,428784,48.13
26/03/2019,0,0,50.7(-0.98 %),0,0,0,0,428784,48.13
27/03/2019,3000,154800000,51.6(1.78 %),3000,154800000,0,0,425784,48.14
28/03/2019,36760,1920080000,53(2.71 %),36760,1920080000,0,0,389024,48.21
29/03/2019,19130,1013900000,53(0.00 %),19130,1013900000,0,0,369894,48.25
01/04/2019,100,5310000,51.5(-2.83 %),100,5310000,0,0,369794,48.25
02/04/2019,0,0,51.5(0.00 %),0,0,0,0,369894,55.49
03/04/2019,-20000,-1019330000,50.7(-1.55 %),0,0,20000,1019330000,369794,48.25
04/04/2019,120,6080000,50.8(0.20 %),120,6080000,0,0,369674,48.25
05/04/2019,-17500,-889230000,50.7(-0.20 %),500,25400000,18000,914630000,369174,48.25
08/04/2019,0,0,51.4(1.38 %),0,0,0,0,389174,48.21
09/04/2019,-1000,-51010000,50.8(-1.17 %),0,0,1000,51010000,389174,48.21
10/04/2019,3710,188290000,50.7(-0.20 %),3710,188290000,0,0,403464,48.18
11/04/2019,1500,76050000,51.2(0.99 %),1500,76050000,0,0,401964,48.19
12/04/2019,180,9144000,51.2(0.00 %),180,9144000,0,0,402884,55.41
16/04/2019,0,0,50.8(-0.78 %),0,0,0,0,402784,48.18
17/04/2019,4220,217180000,51.3(0.98 %),5220,267480000,1000,50300000,397564,48.2
18/04/2019,2910,148950000,51(-0.58 %),6440,328440000,3530,179490000,395754,55.42
19/04/2019,3370,171870000,51(0.00 %),5620,286620000,2250,114750000,385504,48.22
22/04/2019,4090,209830000,51.4(0.78 %),5960,304270000,1870,94440000,380544,48.23
23/04/2019,8180,421080000,51.5(0.19 %),8190,421590000,10,510000,375884,48.24
24/04/2019,10420,537506000,51.9(0.78 %),10420,537506000,0,0,369694,55.49
25/04/2019,5270,273515000,51.9(0.00 %),11510,597318000,6240,323803000,364424,55.5
26/04/2019,12370,642000000,51.9(0.00 %),12370,642000000,0,0,345714,48.3
02/05/2019,780,39860000,51.1(-1.54 %),780,39860000,0,0,344934,48.3
03/05/2019,1000,51000000,51(-0.20 %),1000,51000000,0,0,344714,55.54
06/05/2019,5570,279060000,50.5(-0.98 %),5570,279060000,0,0,344604,48.3
07/05/2019,26780,1378370000,51.5(1.98 %),26780,1378370000,0,0,317824,48.36
08/05/2019,18590,968840000,52.5(1.94 %),35890,1869540000,17300,900700000,281934,48.43
09/05/2019,0,0,51.1(-2.67 %),0,0,0,0,293774,55.66
10/05/2019,100,5100000,52.4(2.54 %),50100,2480100000,50000,2475000000,281834,48.43
13/05/2019,2130,109210000,50.9(-2.86 %),2730,139960000,600,30750000,296404,48.4
14/05/2019,2040,104040000,51(0.20 %),2040,104040000,0,0,289504,55.67
15/05/2019,50,2550000,51(0.00 %),50,2550000,0,0,294314,48.4
16/05/2019,-3000,-152549000,50.6(-0.78 %),0,0,3000,152549000,292454,55.67
17/05/2019,-280,-14170000,50.6(0.00 %),0,0,280,14170000,294919,48.4
20/05/2019,-1340,-67800000,51(0.79 %),0,0,1340,67800000,294919,48.4
21/05/2019,1750,88420000,50.5(-0.98 %),2000,101000000,250,12580000,295919,48.4
22/05/2019,8360,418680000,50.6(0.20 %),8360,418680000,0,0,287839,48.42
23/05/2019,24870,1273580000,51.5(1.78 %),24870,1273580000,0,0,264309,48.47
24/05/2019,1990,100180000,50.2(-2.52 %),1990,100180000,0,0,262569,48.47
27/05/2019,15730,804850000,51.5(2.59 %),16000,818620000,270,13770000,246569,48.5
28/05/2019,4460,229620000,51.5(0.00 %),4460,229620000,0,0,242109,48.51
29/05/2019,-2580,-128136000,51.3(-0.39 %),9420,478880000,12000,607016000,244709,55.78
30/05/2019,-9080,-454250000,51.2(-0.19 %),10860,554544000,19940,1008794000,253789,55.76
31/05/2019,7890,404970000,51.4(0.39 %),13890,712470000,6000,307500000,208209,48.58
03/06/2019,-1290,-64840000,50.3(-2.14 %),1140,57460000,2430,122300000,219069,48.56
04/06/2019,-1000,-50360000,50.3(0.00 %),0,0,1000,50360000,239018,48.52
05/06/2019,-7250,-363520000,50.1(-0.40 %),2540,127510000,9790,491030000,242478,48.51
06/06/2019,-3520,-176000000,49.9(-0.40 %),3480,173650000,7000,349650000,241437,48.51
07/06/2019,1390,73240000,51(2.20 %),11390,579410000,10000,506170000,231047,48.53
10/06/2019,-3850,-193473000,50.9(-0.20 %),0,0,3850,193473000,233299,55.8
11/06/2019,14200,716420000,50.8(-0.20 %),14200,716420000,0,0,233637,48.53
12/06/2019,-10850,-543760000,50(-1.57 %),5950,297500000,16800,841260000,237687,48.52
13/06/2019,18000,891300000,48.5(-3.00 %),18000,891300000,0,0,223537,48.55
14/06/2019,2540,123190000,48.8(0.62 %),2540,123190000,0,0,223947,55.82
17/06/2019,0,0,48.4(-0.82 %),0,0,0,0,237797,48.52
18/06/2019,8600,417012000,48.4(0.00 %),23000,1112434000,14400,695422000,215347,55.84
19/06/2019,-2750,-132153000,47.9(-1.03 %),970,46483000,3720,178636000,218097,55.84
20/06/2019,-1240,-59520000,47.8(-0.21 %),10,480000,1250,60000000,213817,48.57
21/06/2019,3870,184209000,48(0.42 %),3880,184689000,10,480000,215467,55.84
24/06/2019,3880,184299500,47.55(-0.94 %),3890,184779500,10,480000,211587,55.85
25/06/2019,2900,137350000,47(-1.16 %),2900,137350000,0,0,222522,48.55
26/06/2019,0,0,48(2.13 %),0,0,0,0,222532,48.55
27/06/2019,20,960000,47.85(-0.31 %),20,960000,0,0,222522,48.55
28/06/2019,1360,64220000,47.3(-1.15 %),1360,64220000,0,0,221162,48.55
01/07/2019,3730,174794000,46.7(-1.27 %),3860,180904000,130,6110000,221162,55.83
02/07/2019,700,32270000,46.2(-1.07 %),1000,46100000,300,13830000,220462,55.83
03/07/2019,0,0,46.4(0.43 %),0,0,0,0,216302,48.56
04/07/2019,1610,76314000,47.4(2.16 %),1610,76314000,0,0,218852,55.84
05/07/2019,4500,214200000,47.6(0.42 %),4500,214200000,0,0,214352,55.85
08/07/2019,2750,131600000,47.9(0.63 %),4000,191600000,1250,60000000,206622,48.58
09/07/2019,650,31310000,48(0.21 %),4000,192000000,3350,160690000,202622,48.59
10/07/2019,5910,283680000,48(0.00 %),7000,336000000,1090,52320000,205042,55.87
11/07/2019,8750,419970000,48(0.00 %),27000,1295970000,18250,876000000,169872,48.66
12/07/2019,4100,195980000,47.9(-0.21 %),4100,195980000,0,0,169122,48.66
15/07/2019,2120,101520000,47.9(0.00 %),2120,101520000,0,0,168092,48.66
16/07/2019,3360,160930000,47.9(0.00 %),3500,167650000,140,6720000,186712,55.91
17/07/2019,19170,918224500,48(0.21 %),24150,1157264500,4980,239040000,167542,55.96
18/07/2019,4500,216000000,48(0.00 %),4500,216000000,0,0,163042,55.97
19/07/2019,1310,62880000,48(0.00 %),5000,240000000,3690,177120000,161732,55.97
22/07/2019,-1530,-71800000,47(-2.08 %),12000,564000000,13530,635800000,142312,48.71
23/07/2019,2600,124400000,47.5(1.06 %),5100,242150000,2500,117750000,160662,55.97
24/07/2019,1500,72100000,47.8(0.63 %),2000,95600000,500,23500000,138902,48.72
25/07/2019,4680,224204000,47.9(0.21 %),5000,239500000,320,15296000,154482,55.99
26/07/2019,7680,368943500,48(0.21 %),10170,488143000,2490,119199500,146802,56.0
29/07/2019,4000,191600000,47.9(-0.21 %),4000,191600000,0,0,136262,48.72
30/07/2019,2000,95800000,47.9(0.00 %),6000,287400000,4000,191600000,140802,56.02
31/07/2019,8260,417320000,50(4.38 %),12000,600000000,3740,182680000,121072,48.76
01/08/2019,2640,128830000,48.8(-2.40 %),5160,251920000,2520,123090000,115912,48.77
02/08/2019,4930,232400000,48(-1.64 %),8300,394140000,3370,161740000,116142,56.08
05/08/2019,1720,82570000,47.9(-0.21 %),2000,95800000,280,13230000,113352,48.77
06/08/2019,-1410,-67680000,48(0.21 %),0,0,1410,67680000,115832,56.08
07/08/2019,8790,421920000,48(0.00 %),9890,474720000,1100,52800000,109352,48.78
08/08/2019,8600,411940000,47.9(-0.21 %),8600,411940000,0,0,101032,48.8
09/08/2019,1670,79993000,47.9(0.00 %),1670,79993000,0,0,96772,56.12
12/08/2019,5850,278643000,47.9(0.00 %),6490,309363000,640,30720000,90922,56.13
13/08/2019,1510,72329000,47.9(0.00 %),3000,143700000,1490,71371000,89412,56.14
14/08/2019,-2150,-100222500,47.9(0.00 %),1500,71850000,3650,172072500,91562,56.13
15/08/2019,3000,143700000,47.9(0.00 %),3000,143700000,0,0,88562,56.14
16/08/2019,11780,563940000,47.9(0.00 %),16000,766500000,4220,202560000,74012,48.85
19/08/2019,-670,-32090000,47.9(0.00 %),1000,47900000,1670,79990000,76662,48.84
20/08/2019,-40990,-1966440000,48(0.21 %),1100,52750000,42090,2019190000,75562,48.85
21/08/2019,-2180,-104680000,48(0.00 %),16000,770800000,18180,875480000,63782,48.87
22/08/2019,-7640,-366500000,48(0.00 %),16000,768440000,23640,1134940000,49452,48.9
23/08/2019,-2000,-96000000,48(0.00 %),500,24000000,2500,120000000,91042,48.82
26/08/2019,-11470,-550560000,48(0.00 %),1510,72480000,12980,623040000,107712,48.78
27/08/2019,-11500,-552000000,48(0.00 %),2000,96000000,13500,648000000,153232,55.99
28/08/2019,1100,52820000,48(0.00 %),1520,72980000,420,20160000,130332,48.74
29/08/2019,1530,73284000,47.9(-0.21 %),1530,73284000,0,0,150602,56.0
30/08/2019,-19010,-912560000,48(0.21 %),12000,575920000,31010,1488480000,169612,55.95
03/09/2019,-300,-14490000,48(0.00 %),11100,532710000,11400,547200000,132602,48.73
04/09/2019,4720,226380500,47.95(-0.10 %),11000,527314000,6280,300933500,138982,56.02
05/09/2019,-910,-43755000,48(0.10 %),10000,479910000,10910,523665000,139892,56.02
06/09/2019,1390,66610000,48(0.00 %),11400,547090000,10010,480480000,142612,48.71
09/09/2019,8850,424780000,48(0.00 %),20000,959980000,11150,535200000,129652,56.04
10/09/2019,380,18240000,48(0.00 %),1000,48000000,620,29760000,129272,56.04
11/09/2019,12000,574980000,47.9(-0.21 %),12000,574980000,0,0,136812,48.72
12/09/2019,3000,143850000,47.95(0.10 %),3000,143850000,0,0,144962,48.71
13/09/2019,12000,575400000,47.95(0.00 %),12000,575400000,0,0,102272,56.11
16/09/2019,800,38300000,47.95(0.00 %),2000,95900000,1200,57600000,131582,48.73
17/09/2019,5410,259409500,47.95(0.00 %),7000,335650000,1590,76240500,96062,56.12
18/09/2019,1330,64238000,47.9(-0.10 %),2130,102027000,800,37789000,94732,56.13
19/09/2019,61600,2956575000,48(0.21 %),62600,3004475000,1000,47900000,33132,56.27
20/09/2019,9850,471540000,47.8(-0.42 %),9850,471540000,0,0,52792,48.89
23/09/2019,7540,360910000,47.9(0.21 %),7540,360910000,0,0,46052,48.91
24/09/2019,3600,171520000,47.9(0.00 %),3600,171520000,0,0,43455,48.91
25/09/2019,4570,218903000,47.9(0.00 %),4570,218903000,0,0,7572,56.33
26/09/2019,10320,493414000,47.95(0.10 %),10320,493414000,0,0,0,56.35
27/09/2019,28380,1396842500,49.7(3.65 %),28380,1396842500,0,0,185,56.35
30/09/2019,0,0,50(0.60 %),0,0,0,0,185,49.0
01/10/2019,50,2500000,49(-2.00 %),50,2500000,0,0,135,49.0
02/10/2019,0,0,48.6(-0.82 %),0,0,0,0,185,56.35
03/10/2019,1560,75490000,48.4(-0.41 %),1560,75490000,0,0,73575,48.85
04/10/2019,4460,216140000,49(1.24 %),4460,216140000,0,0,69115,56.18
07/10/2019,10,500000,50(2.04 %),10,500000,0,0,69105,56.18
08/10/2019,10960,547960000,49.9(-0.20 %),10960,547960000,0,0,58145,48.88
09/10/2019,57840,2937518000,50(0.20 %),58140,2952548000,300,15030000,305,56.35
10/10/2019,0,0,48.7(-2.60 %),0,0,0,0,305,56.35
11/10/2019,0,0,49(0.62 %),0,0,0,0,305,56.35
14/10/2019,0,0,49.5(1.02 %),0,0,0,0,305,49.0
15/10/2019,0,0,48.7(-1.62 %),0,0,0,0,305,56.35
16/10/2019,0,0,48.6(-0.21 %),0,0,0,0,305,56.35
17/10/2019,0,0,48.6(0.00 %),0,0,0,0,305,56.35
18/10/2019,0,0,50.2(3.29 %),0,0,0,0,305,56.35
21/10/2019,0,0,49(-2.39 %),0,0,0,0,305,56.35
22/10/2019,-260,-12740000,48.5(-1.02 %),0,0,260,12740000,565,56.34
23/10/2019,0,0,48(-1.03 %),0,0,0,0,305,49.0
24/10/2019,0,0,48.1(0.21 %),0,0,0,0,565,56.34
25/10/2019,0,0,49(1.87 %),0,0,0,0,565,49.0
28/10/2019,0,0,48.5(-1.02 %),0,0,0,0,565,56.34
29/10/2019,290,14090000,48.55(0.10 %),290,14090000,0,0,275,49.0
30/10/2019,-220,-10686000,48.5(-0.10 %),100,4850000,320,15536000,495,56.34
31/10/2019,10,494500,49.45(1.96 %),10,494500,0,0,485,56.34
01/11/2019,-550,-26702500,48.6(-1.72 %),0,0,550,26702500,165,56.35
04/11/2019,0,0,48.55(-0.10 %),0,0,0,0,165,56.35
05/11/2019,0,0,49(0.93 %),0,0,0,0,165,49.0
06/11/2019,740,36556000,49(0.00 %),740,36556000,0,0,-575,49.0
07/11/2019,0,0,49(0.00 %),0,0,0,0,295,49.0
08/11/2019,-450,-22050000,49(0.00 %),0,0,450,22050000,745,49.0
11/11/2019,-910,-44590000,49(0.00 %),0,0,910,44590000,1655,49.0
12/11/2019,0,0,49(0.00 %),0,0,0,0,296,49.0
13/11/2019,0,0,49.05(0.10 %),0,0,0,0,746,49.0
14/11/2019,0,0,49.3(0.51 %),0,0,0,0,1656,49.0
15/11/2019,0,0,49.5(0.41 %),0,0,0,0,1655,49.0
18/11/2019,0,0,51(3.03 %),10,495000,10,495000,1655,49.0
19/11/2019,1640,84770000,54(5.88 %),1640,84770000,0,0,6,49.0
20/11/2019,-1000,-54500000,54.8(1.48 %),0,0,1000,54500000,6,49.0
21/11/2019,-1250,-69430000,55.9(2.01 %),0,0,1250,69430000,16,49.0
22/11/2019,0,0,54(-3.40 %),0,0,0,0,2265,49.0
25/11/2019,270,14580000,53.6(-0.74 %),270,14580000,0,0,746,49.0
26/11/2019,0,0,53(-1.12 %),0,0,0,0,1996,49.0
27/11/2019,0,0,53.9(1.70 %),0,0,0,0,1996,49.0
28/11/2019,290,15900000,54.6(1.30 %),300,16440000,10,540000,1696,49.0
29/11/2019,0,0,54.5(-0.18 %),0,0,0,0,1705,49.0
02/12/2019,0,0,54.5(0.00 %),0,0,0,0,1696,49.0
03/12/2019,0,0,53.4(-2.02 %),0,0,0,0,1706,49.0
04/12/2019,0,0,53.8(0.75 %),0,0,0,0,1706,49.0
05/12/2019,1200,61390000,51.7(-3.90 %),1700,87890000,500,26500000,496,49.0
06/12/2019,0,0,53(2.51 %),0,0,0,0,496,49.0
09/12/2019,-540,-28620000,53(0.00 %),0,0,540,28620000,6,49.0
10/12/2019,-790,-41870000,53(0.00 %),0,0,790,41870000,1826,49.0
11/12/2019,-300,-15900000,53(0.00 %),0,0,300,15900000,2126,49.0
12/12/2019,100,5300000,53(0.00 %),100,5300000,0,0,2026,49.0
13/12/2019,1100,58596000,52.2(-1.51 %),1730,91690000,630,33094000,926,49.0
16/12/2019,-290,-15050000,52.2(0.00 %),300,15750000,590,30800000,5,49.0
17/12/2019,0,0,52.4(0.38 %),0,0,0,0,1216,49.0
18/12/2019,550,28820000,52.4(0.00 %),630,33012000,80,4192000,666,49.0
19/12/2019,280,14672000,52.4(0.00 %),590,30916000,310,16244000,386,49.0
20/12/2019,-10,-510000,51(-2.67 %),0,0,10,510000,396,49.0
23/12/2019,80,4080000,50(-1.96 %),80,4080000,0,0,5,49.0
24/12/2019,0,0,50(0.00 %),310,15500000,310,15500000,316,49.0
25/12/2019,-3810,-183480000,48.7(-2.60 %),10,500000,3820,183980000,5,49.0
26/12/2019,0,0,49(0.62 %),0,0,0,0,4126,48.99
27/12/2019,310,15160000,48.8(-0.41 %),310,15160000,0,0,5,49.0
30/12/2019,0,0,48.3(-1.02 %),310,15500000,310,15500000,3816,48.99
31/12/2019,-1260,-60480000,48(-0.62 %),0,0,1260,60480000,5,49.0
02/01/2020,0,0,48.2(0.42 %),0,0,0,0,5,49.0
03/01/2020,0,0,48(-0.41 %),0,0,0,0,5,49.0
06/01/2020,1200,58788500,49(2.08 %),1200,58788500,0,0,0,49.0
07/01/2020,60,2910000,48.5(-1.02 %),60,2910000,0,0,5,49.0
08/01/2020,-20,-970000,48.4(-0.21 %),0,0,20,970000,5,49.0
09/01/2020,-300,-14550000,48.95(1.14 %),0,0,300,14550000,5,49.0
10/01/2020,0,0,49.55(1.23 %),0,0,0,0,5,49.0
13/01/2020,-270,-12993000,49.4(-0.30 %),20,970500,290,13963500,595,49.0
14/01/2020,0,0,49.5(0.20 %),0,0,0,0,595,49.0
15/01/2020,-850,-41570000,49(-1.01 %),150,7430000,1000,49000000,155,49.0
16/01/2020,-2040,-98940000,49(0.00 %),0,0,2040,98940000,445,49.0
17/01/2020,-5820,-282280000,49.15(0.31 %),200,9700000,6020,291980000,250,49.0
20/01/2020,1250,61250000,49(-0.31 %),1250,61250000,0,0,1,49.0
21/01/2020,0,0,49.5(1.02 %),0,0,0,0,2041,49.0
22/01/2020,8060,403850000,50(1.01 %),8060,403850000,0,0,1,49.0
30/01/2020,-3500,-180418000,51.3(2.60 %),0,0,3500,180418000,3501,48.99
31/01/2020,-100,-5250000,54.8(6.82 %),0,0,100,5250000,3601,48.99
03/02/2020,-23760,-1380508000,56(2.19 %),0,0,23760,1380508000,1,49.0
04/02/2020,1000,51740000,54.3(-3.04 %),3500,186550000,2500,134810000,1,49.0
05/02/2020,100,5122000,53(-2.39 %),100,5122000,0,0,0,49.0
06/02/2020,10760,566980000,51.7(-2.45 %),23760,1241240000,13000,674260000,1,49.0
07/02/2020,1350,70660000,53.5(3.48 %),2000,104340000,650,33680000,501,49.0
10/02/2020,-214150,-6261820000,54.8(2.43 %),100000,11003600000,314150,17265420000,236561,48.52
11/02/2020,2190,118570000,56.1(2.37 %),13500,730530000,11310,611960000,1,49.0
12/02/2020,540,31140000,57.4(2.32 %),650,37355000,110,6215000,233831,48.53
13/02/2020,26520,1564170000,57.5(0.17 %),85660,5020940000,59140,3456770000,161551,48.67
14/02/2020,17100,985272000,57.8(0.52 %),18100,1042772000,1000,57500000,190211,48.62
17/02/2020,5900,335240000,56.9(-1.56 %),6000,341100000,100,5860000,148871,48.7
18/02/2020,132580,8023990000,60.8(6.85 %),165000,9991840000,32420,1967850000,39951,48.92
19/02/2020,37950,2359220000,61.4(0.99 %),40950,2553920000,3000,194700000,1,49.0
20/02/2020,-400,-24000000,60.5(-1.47 %),100,6100000,500,30100000,14181,48.97
21/02/2020,610,37280000,61.9(2.31 %),2420,146410000,1810,109130000,5,49.0
24/02/2020,2610,161475000,62(0.16 %),3000,186000000,390,24525000,10961,48.98
25/02/2020,500,31000000,60.6(-2.26 %),500,31000000,0,0,5,49.0
26/02/2020,-60,-3220000,60.1(-0.83 %),1810,109690000,1870,112910000,5,49.0
27/02/2020,30,1950000,58.5(-2.66 %),390,23050000,360,21100000,5,49.0
28/02/2020,-1850,-107860000,58.3(-0.34 %),0,0,1850,107860000,5,49.0
02/03/2020,-6750,-390220000,58(-0.51 %),1870,108086000,8620,498306000,19091,48.96
03/03/2020,360,21460000,58.7(1.21 %),360,21460000,0,0,5,49.0
04/03/2020,1850,108600000,58.3(-0.68 %),1850,108600000,0,0,5,49.0
05/03/2020,7900,469932000,60.7(4.12 %),8620,513752000,720,43820000,8981,48.98
06/03/2020,-60,-3672000,61.2(0.82 %),30000,1947000000,30060,1950672000,9041,48.98
09/03/2020,-530,-31270000,57(-6.86 %),0,0,530,31270000,5,49.0
10/03/2020,720,40680000,58.2(2.11 %),720,40680000,0,0,5,49.0
11/03/2020,60,3540000,59(1.37 %),60,3540000,0,0,8791,48.98
12/03/2020,530,30740000,54.9(-6.95 %),30530,1923740000,30000,1893000000,5,49.0
13/03/2020,-11050,-580979000,55.5(1.09 %),0,0,11050,580979000,19311,48.96
16/03/2020,0,0,51.8(-6.67 %),0,0,0,0,5,49.0
17/03/2020,-710,-36778000,53.1(2.51 %),0,0,710,36778000,20021,48.96
18/03/2020,11050,596700000,52.3(-1.51 %),11050,596700000,0,0,5,49.0
19/03/2020,-960,-49050000,51(-2.49 %),0,0,960,49050000,5,49.0
20/03/2020,260,13260000,51.2(0.39 %),710,36210000,450,22950000,0,49.0
23/03/2020,-3490,-166438000,47.65(-6.93 %),0,0,3490,166438000,3495,48.99
24/03/2020,960,43248000,44.35(-6.93 %),960,43248000,0,0,2535,48.99
25/03/2020,450,20250000,45.9(3.49 %),450,20250000,0,0,5,49.0
26/03/2020,3490,160190000,43.6(-5.01 %),3490,160190000,0,0,5,49.0
27/03/2020,0,0,42.05(-3.56 %),0,0,0,0,5,49.0
30/03/2020,0,0,42.05(0.00 %),30000,1261500000,30000,1261500000,5,49.0
31/03/2020,0,0,42.4(0.83 %),0,0,0,0,5,49.0
01/04/2020,0,0,43.05(1.53 %),0,0,0,0,5,49.0
03/04/2020,0,0,44.3(2.90 %),0,0,0,0,5,49.0
06/04/2020,0,0,46.95(5.98 %),0,0,0,0,5,49.0
07/04/2020,0,0,47.4(0.96 %),0,0,0,0,5,49.0
08/04/2020,0,0,48(1.27 %),0,0,0,0,5,49.0
09/04/2020,0,0,48.8(1.67 %),0,0,0,0,5,49.0
10/04/2020,0,0,48.8(0.00 %),0,0,0,0,5,49.0
13/04/2020,-620,-30566000,50.5(3.48 %),0,0,620,30566000,625,49.0
14/04/2020,-8680,-438250000,50.5(0.00 %),0,0,8680,438250000,5,49.0
15/04/2020,-150,-7650000,50.7(0.40 %),0,0,150,7650000,5,49.0
16/04/2020,-1690,-86440000,50.8(0.20 %),620,31370000,2310,117810000,5,49.0
17/04/2020,2480,128230000,53.6(5.51 %),28680,1438760000,26200,1310530000,5,49.0
20/04/2020,-340,-18700000,55(2.61 %),160,8800000,500,27500000,0,49.0
21/04/2020,1310,74710000,53(-3.64 %),82310,4527050000,81000,4452340000,0,49.0
22/04/2020,6200,331700000,53(0.00 %),6200,331700000,0,0,0,49.0
23/04/2020,40,2156000,53.8(1.51 %),450,24255000,410,22099000,1455,49.0
24/04/2020,1050,56490000,53.5(-0.56 %),1050,56490000,0,0,405,49.0
27/04/2020,-10,-533000,53(-0.93 %),0,0,10,533000,415,49.0
28/04/2020,410,22220000,53.6(1.13 %),410,22220000,0,0,0,49.0
29/04/2020,0,0,53.5(-0.19 %),0,0,0,0,5,49.0
04/05/2020,10,535000,52.1(-2.62 %),10,535000,0,0,10,49.0
05/05/2020,0,0,52.5(0.77 %),0,0,0,0,0,49.0
06/05/2020,0,0,52.8(0.57 %),0,0,0,0,10,49.0
07/05/2020,0,0,53(0.38 %),0,0,0,0,10,49.0
08/05/2020,0,0,53(0.00 %),0,0,0,0,10,49.0
11/05/2020,-3580,-185473560,54(1.89 %),0,0,3580,185473560,3590,48.99
12/05/2020,0,0,54.1(0.19 %),0,0,0,0,3590,48.99
13/05/2020,-370,-19980000,54.2(0.18 %),0,0,370,19980000,6,49.0
14/05/2020,3580,196540000,56.1(3.51 %),3580,196540000,0,0,6,49.0
15/05/2020,-150,-8480000,56(-0.18 %),0,0,150,8480000,6,49.0
18/05/2020,370,20720000,55.8(-0.36 %),370,20720000,0,0,160,49.0
19/05/2020,0,0,54(-3.23 %),0,0,0,0,6,49.0
20/05/2020,150,8250000,54(0.00 %),150,8250000,0,0,6,49.0
21/05/2020,-8360,-447260000,53.5(-0.93 %),0,0,8360,447260000,6,49.0
22/05/2020,-10350,-548550000,52.9(-1.12 %),0,0,10350,548550000,18720,48.96
25/05/2020,0,0,53.9(1.89 %),0,0,0,0,6,49.0
26/05/2020,2830,161610000,54(0.19 %),8360,457290000,5530,295680000,6,49.0
27/05/2020,10350,568220000,53.4(-1.11 %),10350,568220000,0,0,6,49.0
28/05/2020,0,0,54(1.12 %),0,0,0,0,5540,48.99
29/05/2020,2530,138530000,54.2(0.37 %),5530,300830000,3000,162300000,6,49.0
01/06/2020,-100,-5600000,56.1(3.51 %),0,0,100,5600000,6,49.0
02/06/2020,-100,-5900000,57.5(2.50 %),0,0,100,5900000,6,49.0
03/06/2020,2990,173360000,59.8(4.00 %),3000,173950000,10,590000,6,49.0
04/06/2020,0,-100000,60.3(0.84 %),100,6000000,100,6100000,6,49.0
05/06/2020,100,6010000,59.9(-0.66 %),100,6010000,0,0,6,49.0
08/06/2020,10,600000,58.8(-1.84 %),10,600000,0,0,6,49.0
09/06/2020,100,5880000,58.5(-0.51 %),100,5880000,0,0,6,49.0
10/06/2020,0,0,58.4(-0.17 %),0,0,0,0,6,49.0
11/06/2020,0,0,56.2(-3.77 %),0,0,0,0,6,49.0
12/06/2020,0,0,55.4(-1.42 %),0,0,0,0,6,49.0
15/06/2020,0,0,55(-0.72 %),0,0,0,0,6,49.0
16/06/2020,0,0,56(1.82 %),0,0,0,0,6,49.0
17/06/2020,-400,-22200000,56(0.00 %),0,0,400,22200000,6,49.0
18/06/2020,-800,-44000000,55.5(-0.89 %),0,0,800,44000000,6,49.0
19/06/2020,-7670,-424651000,55.5(0.00 %),0,0,7670,424651000,8876,48.98
22/06/2020,400,22196000,56.3(1.44 %),400,22196000,0,0,8476,48.98
23/06/2020,500,27940000,58(3.02 %),800,45040000,300,17100000,7976,48.98
24/06/2020,7370,434860000,58.7(1.21 %),7670,452530000,300,17670000,606,49.0
25/06/2020,0,0,58(-1.19 %),0,0,0,0,606,49.0
26/06/2020,300,17550000,58(0.00 %),300,17550000,0,0,6,49.0
29/06/2020,-140,-8120000,56.6(-2.41 %),300,17400000,440,25520000,6,49.0
30/06/2020,300,17550000,56.5(-0.18 %),300,17550000,0,0,146,49.0
01/07/2020,0,0,57(0.88 %),0,0,0,0,6,49.0
02/07/2020,300,17163000,57.9(1.58 %),440,25256000,140,8093000,0,49.0
03/07/2020,-10,-590000,58.8(1.55 %),0,0,10,590000,6,49.0
06/07/2020,-530,-31060000,58.4(-0.68 %),0,0,530,31060000,6,49.0
07/07/2020,140,8230000,58(-0.68 %),140,8230000,0,0,6,49.0
08/07/2020,-310,-18100000,58(0.00 %),0,0,310,18100000,16,49.0
09/07/2020,0,0,58.4(0.69 %),0,0,0,0,546,49.0
10/07/2020,540,31370000,58.5(0.17 %),540,31370000,0,0,6,49.0
13/07/2020,310,18220000,59.2(1.20 %),310,18220000,0,0,6,49.0
14/07/2020,0,0,46.3(-21.79 %),0,0,0,0,6,49.0
15/07/2020,0,0,46.4(0.22 %),0,0,0,0,6,49.0
16/07/2020,0,0,45.5(-1.94 %),0,0,0,0,6,49.0
17/07/2020,0,0,45.5(0.00 %),0,0,0,0,6,49.0
20/07/2020,0,0,46(1.10 %),0,0,0,0,6,49.0
21/07/2020,0,0,46(0.00 %),0,0,0,0,6,49.0
22/07/2020,0,0,45.1(-1.96 %),0,0,0,0,6,49.0
23/07/2020,-320,-14304000,45(-0.22 %),0,0,320,14304000,326,49.0
24/07/2020,0,0,42.5(-5.56 %),0,0,0,0,326,49.0
27/07/2020,0,0,39.65(-6.71 %),0,0,0,0,326,49.0
28/07/2020,220,8915000,42.4(6.94 %),320,13095000,100,4180000,106,49.0
29/07/2020,0,0,41.7(-1.65 %),0,0,0,0,6,49.0
30/07/2020,-100,-4250000,42(0.72 %),0,0,100,4250000,6,49.0
31/07/2020,90,3820000,43.2(2.86 %),100,4240000,10,420000,6,49.0
03/08/2020,-8090,-351420000,43.95(1.74 %),0,0,8090,351420000,6,49.0
04/08/2020,0,-20000,44.5(1.25 %),100,4430000,100,4450000,6,49.0
05/08/2020,-630,-27710000,44.2(-0.67 %),10,450000,640,28160000,6,49.0
06/08/2020,7780,347230000,44(-0.45 %),8090,360810000,310,13580000,6,49.0
07/08/2020,20,880000,43.95(-0.11 %),20,880000,0,0,86,49.0
10/08/2020,720,31680000,43.9(-0.11 %),720,31680000,0,0,6,49.0
11/08/2020,0,0,43.9(0.00 %),0,0,0,0,6,63.69
12/08/2020,-320,-13984000,43.6(-0.68 %),0,0,320,13984000,326,49.0
13/08/2020,0,0,43.8(0.46 %),0,0,0,0,0,49.0
14/08/2020,-100,-4500000,45.3(3.42 %),0,0,100,4500000,0,49.0
17/08/2020,-100,-4620000,46.45(2.54 %),0,0,100,4620000,526,49.0
18/08/2020,-1000,-46450000,46.45(0.00 %),0,0,1000,46450000,0,49.0
19/08/2020,0,0,46.5(0.11 %),0,0,0,0,0,49.0
20/08/2020,-270,-12408500,45.9(-1.29 %),0,0,270,12408500,1796,49.0
21/08/2020,-7670,-352910000,47.7(3.92 %),0,0,7670,352910000,0,49.0
24/08/2020,0,0,48.3(1.26 %),0,0,0,0,0,49.0
25/08/2020,-1170,-56620000,48.15(-0.31 %),0,0,1170,56620000,0,49.0
26/08/2020,4270,205560000,48.1(-0.10 %),4370,210420000,100,4860000,5,49.0
27/08/2020,-820,-39435000,48.1(0.00 %),0,0,820,39435000,7186,48.99
28/08/2020,880,42510000,48.4(0.62 %),1180,56990000,300,14480000,4,49.0
31/08/2020,100,4790000,47.35(-2.17 %),100,4790000,0,0,4,49.0
01/09/2020,820,38630000,47.25(-0.21 %),820,38630000,0,0,4,49.0
03/09/2020,300,14190000,47.25(0.00 %),300,14190000,0,0,524,49.0
04/09/2020,10,470000,47.25(0.00 %),10,470000,0,0,2,49.0
07/09/2020,0,0,47.5(0.53 %),0,0,0,0,514,49.0
08/09/2020,0,0,48(1.05 %),0,0,0,0,2,49.0
09/09/2020,0,0,47.65(-0.73 %),0,0,0,0,514,49.0
10/09/2020,-370,-17630500,47.65(0.00 %),0,0,370,17630500,884,49.0
11/09/2020,0,0,47.6(-0.10 %),0,0,0,0,2,49.0
14/09/2020,0,0,48.15(1.16 %),0,0,0,0,884,49.0
15/09/2020,-600,-28890000,49.5(2.80 %),370,17820000,970,46710000,2,49.0
16/09/2020,0,0,49.4(-0.20 %),0,0,0,0,1484,49.0
17/09/2020,0,0,49.4(0.00 %),0,0,0,0,2,49.0
18/09/2020,970,48400000,49.15(-0.51 %),970,48400000,0,0,2,49.0
21/09/2020,0,0,49.1(-0.10 %),0,0,0,0,2,49.0
22/09/2020,0,0,48.55(-1.12 %),0,0,0,0,514,49.0
23/09/2020,0,0,48.4(-0.31 %),0,0,0,0,2,49.0
24/09/2020,0,0,48.15(-0.52 %),0,0,0,0,514,49.0
25/09/2020,0,0,48(-0.31 %),0,0,0,0,514,49.0
28/09/2020,-2600,-124800000,48.2(0.42 %),0,0,2600,124800000,2,49.0
29/09/2020,0,0,47.8(-0.83 %),0,0,0,0,2,49.0
30/09/2020,0,0,48(0.42 %),0,0,0,0,2,49.0
01/10/2020,2600,125786500,48.05(0.10 %),2600,125786500,0,0,2602,49.0
02/10/2020,0,0,47.85(-0.42 %),0,0,0,0,2,49.0
05/10/2020,0,0,47.85(0.00 %),0,0,0,0,2,49.0
06/10/2020,-1830,-87500000,48(0.31 %),0,0,1830,87500000,2,49.0
07/10/2020,0,0,47.7(-0.62 %),0,0,0,0,2,49.0
08/10/2020,-1170,-55841500,47.7(0.00 %),0,0,1170,55841500,5602,48.99
09/10/2020,610,29470000,47.5(-0.42 %),1830,87660000,1220,58190000,2,49.0
12/10/2020,0,0,47.3(-0.42 %),0,0,0,0,4992,48.99
13/10/2020,-520,-26234000,47.8(1.06 %),1170,55224000,1690,81458000,5512,48.99
14/10/2020,1220,58438000,47.6(-0.42 %),1220,58438000,0,0,4292,48.99
15/10/2020,0,0,47.5(-0.21 %),0,0,0,0,4292,48.99
16/10/2020,1690,80610000,47.3(-0.42 %),1690,80610000,0,0,2,49.0
19/10/2020,0,0,47.1(-0.42 %),0,0,0,0,2,49.0
20/10/2020,0,0,46.7(-0.85 %),0,0,0,0,2,49.0
21/10/2020,0,0,46.75(0.11 %),0,0,0,0,2,49.0
22/10/2020,0,0,46.4(-0.75 %),0,0,0,0,2,49.0
23/10/2020,0,0,46.6(0.43 %),0,0,0,0,2602,49.0
26/10/2020,0,0,46.65(0.11 %),0,0,0,0,2602,49.0
27/10/2020,0,0,46.65(0.00 %),0,0,0,0,2602,49.0
28/10/2020,0,0,46.3(-0.75 %),0,0,0,0,2,49.0
29/10/2020,244450,11955150000,49(5.83 %),244450,11955150000,0,0,0,51.26
30/10/2020,71110,3483630000,49.1(0.20 %),71110,3483630000,0,0,894399,47.66
02/11/2020,194960,9677041000,49.55(0.92 %),194960,9677041000,0,0,699439,47.95
03/11/2020,93510,4649630000,49.5(-0.10 %),93510,4649630000,0,0,605929,48.09
04/11/2020,133270,6598080000,49.45(-0.10 %),133300,6599560000,30,1480000,472629,48.29
05/11/2020,2130,104845500,49.05(-0.81 %),2130,104845500,0,0,490529,48.26
06/11/2020,64020,3160046000,50.5(2.96 %),64440,3180670000,420,20624000,426509,48.36
09/11/2020,95120,4971000000,52.5(3.96 %),95120,4971000000,0,0,310969,48.53
10/11/2020,43020,2278790000,53(0.95 %),43020,2278790000,0,0,267949,48.6
11/11/2020,167540,8938980000,53.3(0.57 %),169640,9050790000,2100,111810000,98729,48.85
12/11/2020,98720,5225677000,52.2(-2.06 %),98720,5225677000,0,0,22109,48.97
13/11/2020,-590,-30800000,52.5(0.57 %),0,0,590,30800000,9,49.0
16/11/2020,580,28540000,50.6(-3.62 %),2100,108150000,1520,79610000,9,49.0
17/11/2020,-180,-9144000,51.6(1.98 %),0,0,180,9144000,22299,48.97
18/11/2020,-410,-20840000,51.7(0.19 %),590,30860000,1000,51700000,9,49.0
19/11/2020,-480,-25112000,52(0.58 %),1520,78888000,2000,104000000,23189,48.97
20/11/2020,180,9380000,52(0.00 %),180,9380000,0,0,7,49.0
23/11/2020,1000,52170000,51.8(-0.38 %),1000,52170000,0,0,7,49.0
24/11/2020,-600,-30800000,51.4(-0.77 %),2000,104400000,2600,135200000,22609,48.97
25/11/2020,0,0,54.9(6.81 %),0,0,0,0,7,49.0
26/11/2020,-240,-13320000,54.8(-0.18 %),0,0,240,13320000,7,49.0
27/11/2020,2460,136490000,55.2(0.73 %),2600,144300000,140,7810000,7,49.0
30/11/2020,0,0,53.8(-2.54 %),0,0,0,0,7,49.0
01/12/2020,14,7400000,53.8(0.00 %),24,12710000,10,5310000,7,49.0
02/12/2020,14,7740000,56.1(4.28 %),14,7740000,0,0,7,49.0
03/12/2020,-10,-559000,55.5(-1.07 %),0,0,10,559000,117,49.0
04/12/2020,100,5550000,55.4(-0.18 %),100,5550000,0,0,17,49.0
07/12/2020,0,0,55.5(0.18 %),0,0,0,0,17,49.0
08/12/2020,10,552000,55(-0.90 %),10,552000,0,0,7,49.0
09/12/2020,0,0,55(0.00 %),0,0,0,0,7,49.0
10/12/2020,-2250,-122309000,54.8(-0.36 %),0,0,2250,122309000,2257,49.0
11/12/2020,-40,-2170000,55.9(2.01 %),0,0,40,2170000,7,49.0
14/12/2020,-100,-5700000,56.8(1.61 %),0,0,100,5700000,2397,49.0
15/12/2020,2250,128030000,56.2(-1.06 %),2250,128030000,0,0,7,49.0
16/12/2020,40,2250000,56.4(0.36 %),40,2250000,0,0,7,49.0
17/12/2020,-2680,-150384000,55.9(-0.89 %),100,5640000,2780,156024000,2787,49.0
18/12/2020,-50,-2790000,55.8(-0.18 %),0,0,50,2790000,7,49.0
21/12/2020,-6650,-371070000,55.6(-0.36 %),0,0,6650,371070000,7,49.0
22/12/2020,2340,151455040,55.6(0.00 %),2780,151455040,440,0,7147,48.99
23/12/2020,50,2800000,56(0.72 %),50,2800000,0,0,7,49.0
24/12/2020,4520,260220000,55.4(-1.07 %),6650,377720000,2130,117500000,7,49.0
25/12/2020,-1230,-68606000,56.2(1.44 %),440,24412000,1670,93018000,3807,48.99
28/12/2020,-2580,-143470000,55.5(-1.25 %),0,0,2580,143470000,7,49.0
29/12/2020,1640,92080000,55.7(0.36 %),2130,119490000,490,27410000,7,49.0
30/12/2020,163,91290000,55.8(0.18 %),167,93520000,4,2230000,7,49.0
31/12/2020,-1840,-102366000,56.3(0.90 %),2580,144480000,4420,246846000,1847,49.0
04/01/2021,-3500,-206450000,58(3.02 %),300,17550000,3800,224000000,197,49.0
05/01/2021,10,5840000,57.8(-0.34 %),20,11640000,10,5800000,37,49.0
06/01/2021,4400,256960000,58(0.35 %),4400,256960000,0,0,-4303,49.01
07/01/2021,350,204230000,57.9(-0.17 %),380,221540000,30,17310000,57,49.0
08/01/2021,0,-40000,57.9(0.00 %),10,5790000,10,5830000,57,49.0
11/01/2021,0,0,58(0.17 %),0,0,0,0,3857,48.99
12/01/2021,20,11550000,59.5(2.59 %),30,17550000,10,6000000,57,49.0
13/01/2021,100,5980000,58.6(-1.51 %),100,5980000,0,0,3557,48.99
14/01/2021,-30,-17400000,58.7(0.17 %),0,0,30,17400000,57,49.0
15/01/2021,-1200,-70140000,58.2(-0.85 %),100,5870000,1300,76010000,5057,48.99
18/01/2021,0,0,57.5(-1.20 %),0,0,0,0,5057,48.99
19/01/2021,-400,-22040000,55(-4.35 %),200,11500000,600,33540000,5457,48.99
20/01/2021,30,15470000,55.2(0.36 %),140,76600000,110,61130000,57,49.0
21/01/2021,-3700,-206660000,55.8(1.09 %),0,0,3700,206660000,8857,48.99
22/01/2021,0,420000,56.6(1.43 %),600,34020000,600,33600000,8857,48.99
25/01/2021,50,28210000,57.5(1.59 %),110,62770000,60,34560000,57,49.0
26/01/2021,330,193700000,58.5(1.74 %),370,216450000,40,22750000,57,49.0
27/01/2021,-20,-11180000,56.7(-3.08 %),60,35100000,80,46280000,57,49.0
28/01/2021,-1200,-64800000,52.8(-6.88 %),600,33780000,1800,98580000,6457,48.99
29/01/2021,-700,-39320000,56.3(6.63 %),400,20480000,1100,59800000,7157,48.99
01/02/2021,-230,-125720000,54.2(-3.73 %),80,45030000,310,170750000,57,49.0
02/02/2021,70,38860000,54.3(0.18 %),180,98640000,110,59780000,70,49.0
03/02/2021,400,21100000,54.8(0.92 %),1100,59840000,700,38740000,0,49.0
04/02/2021,300,170200000,55.7(1.64 %),310,175770000,10,5570000,70,49.0
05/02/2021,800,45450000,56(0.54 %),1100,62260000,300,16810000,2370,49.0
08/02/2021,-60,-32760000,55.3(-1.25 %),70,39830000,130,72590000,70,49.0
09/02/2021,-110,-59760000,56(1.27 %),10,5540000,120,65300000,70,49.0
17/02/2021,-10,-5330000,56.7(1.25 %),30,17070000,40,22400000,70,49.0
18/02/2021,-500,-32330000,60.6(6.88 %),1300,76180000,1800,108510000,4670,48.99
19/02/2021,40,26170000,63.9(5.45 %),120,77400000,80,51230000,70,49.0
22/02/2021,200,12860000,63(-1.41 %),400,25560000,200,12700000,4070,48.99
23/02/2021,180,113400000,61.7(-2.06 %),180,113400000,0,0,72,49.0
24/02/2021,800,49360000,61.4(-0.49 %),800,49360000,0,0,1470,49.0
25/02/2021,-200,-123230000,63(2.61 %),20,12280000,220,135510000,72,49.0
26/02/2021,-800,-50660000,63.6(0.95 %),0,0,800,50660000,4270,48.99
01/03/2021,-450,-286630000,63.8(0.31 %),0,0,450,286630000,72,49.0
02/03/2021,-3200,-204230000,62.5(-2.04 %),2200,140360000,5400,344590000,3272,49.0
03/03/2021,-6600,-415800000,63.5(1.60 %),800,50400000,7400,466200000,9872,48.99
04/03/2021,4300,276260000,63(-0.79 %),4500,288900000,200,12640000,5572,48.99
05/03/2021,4600,286760000,63.7(1.11 %),5400,337500000,800,50740000,972,49.0
08/03/2021,7000,457550000,66(3.61 %),7400,483960000,400,26410000,0,49.01
09/03/2021,20,13200000,65.5(-0.76 %),20,13200000,0,0,72,49.0
10/03/2021,0,-140000,67(2.29 %),80,52480000,80,52620000,72,49.0
11/03/2021,100,6740000,70(4.48 %),500,33630000,400,26890000,0,49.0
12/03/2021,-2900,-200970000,69.5(-0.71 %),0,0,2900,200970000,2934,49.0
15/03/2021,-70,-50610000,73.7(6.04 %),20,14510000,90,65120000,634,49.0
16/03/2021,-100,-71560000,72.1(-2.17 %),100,73700000,200,145260000,29,49.0
17/03/2021,1000,73390000,72.5(0.00 %),2900,210250000,1900,136860000,3634,48.99
18/03/2021,90,65610000,72.5(0.00 %),90,65610000,0,0,29,49.0
19/03/2021,0,-40000,73(0.69 %),200,145000000,200,145040000,29,49.0
22/03/2021,20,15310000,72.8(-0.27 %),180,132020000,160,116710000,218,49.0
23/03/2021,-210,-152640000,72.7(-0.14 %),20,14560000,230,167200000,18,49.0
24/03/2021,-6100,-442690000,72.6(-0.14 %),2000,145400000,8100,588090000,10734,48.98
25/03/2021,160,116480000,72.7(0.14 %),160,116480000,0,0,18,49.0
26/03/2021,400,28840000,73.4(0.96 %),2300,167670000,1900,138830000,8734,48.99
29/03/2021,810,615600000,74.1(0.95 %),810,615600000,0,0,18,49.0
30/03/2021,0,0,73.7(-0.54 %),0,0,0,0,634,49.0
31/03/2021,0,0,73.5(-0.27 %),0,0,0,0,1969,49.0
01/04/2021,100,7370000,73.5(0.00 %),100,7370000,0,0,1969,49.0
02/04/2021,70,50900000,72.2(-1.77 %),70,50900000,0,0,1169,49.0
05/04/2021,-2400,-176810000,74(2.49 %),400,29040000,2800,205850000,3669,48.99
06/04/2021,700,50920000,73(-1.35 %),700,50920000,0,0,2969,49.0
07/04/2021,0,0,73(0.00 %),0,0,0,0,69,49.0
08/04/2021,2800,206920000,72.6(-0.55 %),2800,206920000,0,0,169,49.0
09/04/2021,0,0,72.6(0.00 %),0,0,0,0,69,49.0
12/04/2021,-160,-117410000,72.7(0.14 %),0,0,160,117410000,69,49.0
13/04/2021,0,0,72(-0.96 %),0,0,0,0,69,49.0
14/04/2021,0,0,72(0.00 %),0,0,0,0,1769,49.0
15/04/2021,1600,116000000,72(0.00 %),1600,116000000,0,0,169,0.0
16/04/2021,0,0,71(-1.39 %),0,0,0,0,69,49.0
19/04/2021,0,0,72(1.41 %),0,0,0,0,169,49.0
20/04/2021,-30,-21600000,72.5(0.69 %),0,0,30,21600000,69,49.0
22/04/2021,-400,-28850000,71(-2.07 %),100,7250000,500,36100000,869,49.0
23/04/2021,0,0,71.1(0.14 %),0,0,0,0,869,49.0
26/04/2021,-40,-28440000,71.3(0.28 %),20,14220000,60,42660000,118,49.0
27/04/2021,-2540,-1831800000,72(0.98 %),60,43200000,2600,1875000000,18,49.0
28/04/2021,-50,-36000000,72.5(0.69 %),0,0,50,36000000,18,49.0
29/04/2021,600,43740000,72.6(0.14 %),600,43740000,0,0,26569,48.96
04/05/2021,20,14000000,72.5(-0.14 %),20,14000000,0,0,25818,48.96
05/05/2021,0,0,72.5(0.00 %),0,0,0,0,26318,48.96
06/05/2021,0,0,72.6(0.14 %),0,0,0,0,26018,48.96
07/05/2021,100,7210000,72.5(-0.14 %),100,7210000,0,0,25918,48.96
10/05/2021,3300,239490000,72.6(0.14 %),3300,239490000,0,0,22618,48.97
11/05/2021,-40,-29010000,72.5(-0.14 %),0,0,40,29010000,22918,48.97
12/05/2021,22900,1675760000,73(0.69 %),22900,1675760000,0,0,118,49.0
13/05/2021,0,0,73(0.00 %),0,0,0,0,0,49.0
14/05/2021,0,70000,72.8(-0.27 %),30,21900000,30,21830000,58,49.0
17/05/2021,-50,-36290000,72.7(-0.14 %),0,0,50,36290000,58,49.0
18/05/2021,-16400,-1180980000,71(-2.34 %),0,0,16400,1180980000,17018,48.97
19/05/2021,100,7100000,72(1.41 %),100,7100000,0,0,16918,48.97
20/05/2021,40,28500000,71.1(-1.25 %),60,42900000,20,14400000,158,49.0
21/05/2021,16500,1196250000,72.5(1.97 %),16500,1196250000,0,0,18,49.0
24/05/2021,0,0,72.5(0.00 %),0,0,0,0,18,49.0
25/05/2021,0,0,72.5(0.00 %),100,7250000,100,7250000,18,49.0
26/05/2021,100,7250000,72.6(0.14 %),100,7250000,0,0,0,49.0
27/05/2021,0,0,72.5(-0.14 %),0,0,0,0,58,49.0
28/05/2021,100,7270000,72.7(0.28 %),100,7270000,0,0,0,49.0
31/05/2021,-2000,-145400000,72.7(0.00 %),0,0,2000,145400000,2058,49.0
01/06/2021,-100,-7270000,72.7(0.00 %),0,0,100,7270000,58,49.0
02/06/2021,-500,-36350000,73.3(0.83 %),0,0,500,36350000,558,49.0
03/06/2021,1800,132660000,73.5(0.27 %),1800,132660000,0,0,0,49.0
04/06/2021,300,22890000,75.5(2.72 %),300,22890000,0,0,0,49.0
07/06/2021,100,7640000,75.5(0.00 %),100,7640000,0,0,-42,49.0
08/06/2021,0,0,75.5(0.00 %),0,0,0,0,458,49.0
09/06/2021,300,22650000,76(0.66 %),300,22650000,0,0,158,49.0
10/06/2021,-4300,-325050000,73.5(-3.29 %),3458766,276700420000,3463066,277025470000,4458,48.99
11/06/2021,-400,-29600000,76(3.40 %),0,0,400,29600000,4858,48.99
14/06/2021,-30,-22810000,76(0.00 %),0,0,30,22810000,35,49.0
15/06/2021,340,258900000,76.8(1.05 %),450,342610000,110,83710000,35,49.0
16/06/2021,400,32400000,80(4.17 %),400,32400000,0,0,1358,49.0
17/06/2021,30,24200000,81.2(1.50 %),30,24200000,0,0,35,49.0
18/06/2021,1100,89320000,80.2(-1.23 %),141300,11305320000,140200,11216000000,-42,49.0
21/06/2021,0,0,80(-0.25 %),0,0,0,0,35,49.0
22/06/2021,0,0,80(0.00 %),0,0,0,0,35,49.0
23/06/2021,0,0,79(-1.25 %),0,0,0,0,35,49.0
24/06/2021,0,0,80.5(1.90 %),0,0,0,0,35,49.0
25/06/2021,-400,-31200000,80.5(0.00 %),0,0,400,31200000,435,49.0
28/06/2021,-5000,-397500000,79.5(-1.24 %),0,0,5000,397500000,5435,48.99
29/06/2021,0,0,79.4(-0.13 %),0,0,0,0,5435,48.99
30/06/2021,400,31960000,79.8(0.50 %),400,31960000,0,0,5035,48.99
01/07/2021,500,399000000,79.5(-0.38 %),500,399000000,0,0,28,49.0
02/07/2021,-100,-7800000,76.5(-3.77 %),0,0,100,7800000,5128,48.99
05/07/2021,0,0,72.5(-5.23 %),0,0,0,0,28,49.0
06/07/2021,-7000,-514550000,75(3.45 %),0,0,7000,514550000,12128,48.98
07/07/2021,-200,-14950000,74.8(-0.27 %),100,7490000,300,22440000,12328,48.98
08/07/2021,-210,-157080000,74.8(0.00 %),0,0,210,157080000,28,49.0
09/07/2021,130,98540000,74.8(0.00 %),700,530600000,570,432060000,28,49.0
12/07/2021,300,22440000,70.2(-6.15 %),300,22440000,0,0,12828,48.98
13/07/2021,210,153300000,70.4(0.28 %),210,153300000,0,0,28,49.0
14/07/2021,50,35200000,73(3.69 %),50,35200000,0,0,5228,48.99
15/07/2021,1100,80270000,73(0.00 %),1100,80270000,0,0,9128,48.99
16/07/2021,2400,185200000,72.4(-0.82 %),4100,311600000,1700,126400000,6728,48.99
19/07/2021,0,0,73.5(1.52 %),0,0,0,0,6728,48.99
20/07/2021,0,0,72.9(-0.82 %),0,0,0,0,6728,48.99
21/07/2021,170,123930000,72.9(0.00 %),170,123930000,0,0,95,49.0
22/07/2021,-1000,-71300000,71.6(-1.78 %),0,0,1000,71300000,6028,48.99
23/07/2021,0,0,71.1(-0.70 %),0,0,0,0,6028,48.99
26/07/2021,-500,-35550000,72.4(1.83 %),0,0,500,35550000,6528,48.99
27/07/2021,1000,72400000,72(-0.55 %),1000,72400000,0,0,5528,48.99
28/07/2021,0,0,72(0.00 %),0,0,0,0,5528,48.99
29/07/2021,500,35960000,72(0.00 %),500,35960000,0,0,5028,48.99
30/07/2021,-400,-28800000,72.5(0.69 %),0,0,400,28800000,5428,48.99
02/08/2021,0,0,71(-2.07 %),0,0,0,0,95,49.0
03/08/2021,0,0,71.1(0.14 %),0,0,0,0,95,49.0
04/08/2021,400,28400000,71.7(0.84 %),400,28400000,0,0,-305,49.0
05/08/2021,-300,-21300000,71.1(-0.84 %),0,0,300,21300000,95,49.0
06/08/2021,0,0,70.9(-0.28 %),0,0,0,0,95,49.0
09/08/2021,-3900,-276900000,71.4(0.71 %),0,0,3900,276900000,3995,48.99
10/08/2021,300,21300000,70.5(-1.26 %),300,21300000,0,0,3695,48.99
11/08/2021,-1400,-99100000,70.5(0.00 %),0,0,1400,99100000,5095,48.99
12/08/2021,-600,-42800000,69.7(-1.13 %),3900,277000000,4500,319800000,5695,48.99
13/08/2021,0,0,68.7(-1.43 %),0,0,0,0,5695,48.99
16/08/2021,800,57050000,69.2(0.73 %),1400,99050000,600,42000000,4895,48.99
17/08/2021,3400,247340000,69.5(0.43 %),4500,324000000,1100,76660000,-1105,49.0
18/08/2021,0,0,70.6(1.58 %),0,0,0,0,4895,48.99
19/08/2021,400,28690000,70.6(0.00 %),500,35850000,100,7160000,4495,48.99
20/08/2021,500,34880000,69.1(-2.12 %),500,34880000,0,0,3995,48.99
23/08/2021,800,57320000,69.1(0.00 %),800,57320000,0,0,3195,49.0
24/08/2021,0,0,68.1(-1.45 %),100,6910000,100,6910000,3195,49.0
25/08/2021,0,0,68.2(0.15 %),0,0,0,0,3195,49.0
26/08/2021,0,0,68.6(0.59 %),0,0,0,0,3195,49.0
27/08/2021,-15600,-1134560000,73.3(6.85 %),100,6970000,15700,1141530000,18795,48.97
30/08/2021,-4800,-369880000,77(5.05 %),0,0,4800,369880000,23595,48.96
31/08/2021,0,0,74.1(-3.77 %),0,0,0,0,23595,48.96
01/09/2021,5900,431000000,72.6(-2.02 %),6900,503600000,1000,72600000,8825,48.99
06/09/2021,1100,78930000,70.2(-3.31 %),1100,78930000,0,0,7725,48.99
07/09/2021,12500,893940000,70.8(0.85 %),12500,893940000,0,0,0,49.01
08/09/2021,100,7070000,70.6(-0.28 %),600,42720000,500,35650000,1025,49.0
09/09/2021,400,28200000,71.5(1.27 %),400,28200000,0,0,625,49.0
10/09/2021,-300,-21180000,70.7(-1.12 %),0,0,300,21180000,925,49.0
13/09/2021,0,0,70.5(-0.28 %),0,0,0,0,925,49.0
14/09/2021,0,140000,70.2(-0.43 %),421981,27682913600,421981,27682773600,925,49.0
15/09/2021,0,0,70.8(0.85 %),0,0,0,0,925,49.0
16/09/2021,300,21530000,71.6(1.13 %),300,21530000,0,0,625,49.0
17/09/2021,200,14400000,72.2(0.84 %),200,14400000,0,0,425,49.0
20/09/2021,0,0,72(-0.28 %),0,0,0,0,425,49.0
21/09/2021,-100,-7200000,72.1(0.14 %),0,0,100,7200000,525,49.0
22/09/2021,-300,-21680000,72.3(0.28 %),0,0,300,21680000,825,49.0
23/09/2021,-100,-7250000,72.3(0.00 %),0,0,100,7250000,925,49.0
24/09/2021,-200,-14420000,72.4(0.14 %),0,0,200,14420000,1125,49.0
27/09/2021,400,29110000,73(0.83 %),500,36400000,100,7290000,725,49.0
28/09/2021,-800,-58400000,73(0.00 %),0,0,800,58400000,1525,49.0
29/09/2021,300,22170000,72.9(-0.14 %),300,22170000,0,0,1225,49.0
30/09/2021,0,0,73(0.14 %),0,0,0,0,1225,49.0
01/10/2021,600,44100000,73(0.00 %),93108,6325393200,92508,6281293200,525,49.0
04/10/2021,0,0,73(0.00 %),0,0,0,0,525,49.0
05/10/2021,0,0,72.6(-0.55 %),0,0,0,0,525,49.0
06/10/2021,0,0,73.5(1.24 %),0,0,0,0,525,0.0
07/10/2021,500,36750000,73.5(0.00 %),500,36750000,0,0,25,0.0
08/10/2021,-2400,-177600000,74(0.68 %),0,0,2400,177600000,2425,0.0
11/10/2021,0,0,74(0.00 %),0,0,0,0,2425,0.0
12/10/2021,0,0,74(0.00 %),0,0,0,0,2425,0.0
13/10/2021,2300,170200000,74(0.00 %),2400,177600000,100,7400000,125,0.0
14/10/2021,0,0,72.6(-1.89 %),0,0,0,0,125,0.0
15/10/2021,0,0,73.2(0.83 %),0,0,0,0,125,0.0
18/10/2021,0,0,74.9(2.32 %),0,0,0,0,125,0.0
19/10/2021,0,0,75(0.13 %),0,0,0,0,125,0.0
20/10/2021,100,7490000,74.6(-0.53 %),100,7490000,0,0,25,0.0
21/10/2021,0,0,74.6(0.00 %),0,0,0,0,125,0.0
22/10/2021,0,0,73.9(-0.94 %),0,0,0,0,125,0.0
25/10/2021,0,0,73.3(-0.81 %),0,0,0,0,125,0.0
26/10/2021,-500,-36550000,73.3(0.00 %),0,0,500,36550000,625,0.0
27/10/2021,-600,-44100000,73.5(0.27 %),0,0,600,44100000,1225,0.0
28/10/2021,0,0,73.2(-0.41 %),0,0,0,0,1225,49.0
29/10/2021,0,0,73.8(0.82 %),0,0,0,0,1225,49.0
01/11/2021,0,0,74(0.27 %),0,0,0,0,1147,49.0
02/11/2021,800,59920000,75.9(2.57 %),800,59920000,0,0,347,49.0
03/11/2021,0,0,75(-1.19 %),0,0,0,0,347,49.0
04/11/2021,100,0,75(0.00 %),100,0,0,0,247,0.0
05/11/2021,0,0,75.4(0.53 %),0,0,0,0,347,49.0
08/11/2021,0,0,75.3(-0.13 %),0,0,0,0,347,49.0
09/11/2021,-5600,-421560000,75.3(0.00 %),0,0,5600,421560000,5947,48.99
10/11/2021,0,0,75.3(0.00 %),0,0,0,0,5947,0.0
11/11/2021,0,0,75.3(0.00 %),0,0,0,0,5947,48.99
12/11/2021,0,0,74(-1.73 %),0,0,0,0,5947,48.99
15/11/2021,500,37000000,73.8(-0.27 %),500,37000000,0,0,5447,48.99
16/11/2021,5300,393900000,75(1.63 %),5300,393900000,0,0,147,49.0
17/11/2021,0,0,75(0.00 %),0,0,0,0,147,49.0
18/11/2021,-600,-44940000,74.9(-0.13 %),0,0,600,44940000,747,49.0
19/11/2021,0,0,74.9(0.00 %),0,0,0,0,747,49.0
22/11/2021,0,0,74(-1.20 %),0,0,0,0,747,49.0
23/11/2021,0,0,72.6(-1.89 %),0,0,0,0,747,49.0
24/11/2021,-900,-66580000,74(1.93 %),100,7420000,1000,74000000,1647,49.0
25/11/2021,-33878,-2515441656,74.2(0.27 %),500,37050000,34378,2552491656,35525,0.0
26/11/2021,-16300,-1206510000,72.5(-2.29 %),0,0,16300,1206510000,31747,0.0
29/11/2021,0,0,73(0.69 %),0,0,0,0,31747,48.95
30/11/2021,100,7520000,73.1(0.14 %),100,7520000,0,0,31647,48.95
01/12/2021,0,0,72.6(-0.68 %),0,0,0,0,51625,48.92
02/12/2021,-200,-15000000,74.1(2.07 %),0,0,200,15000000,51825,48.92
03/12/2021,10500,787500000,75.1(1.35 %),10500,787500000,0,0,41325,48.94
06/12/2021,21300,1617040000,76.1(1.33 %),21300,1617040000,0,0,20025,48.97
07/12/2021,500,38700000,77(1.18 %),500,38700000,0,0,19525,48.97
08/12/2021,0,0,77(0.00 %),0,0,0,0,19525,48.97
09/12/2021,500,38500000,76.2(-1.04 %),500,38500000,0,0,19025,0.0
10/12/2021,-3000,-228600000,76.5(0.39 %),0,0,3000,228600000,22025,48.97
13/12/2021,12500,972280000,77.5(1.31 %),12700,987780000,200,15500000,9525,48.99
14/12/2021,100,7750000,77.5(0.00 %),100,7750000,0,0,9425,0.0
15/12/2021,2800,218400000,77.6(0.13 %),2800,218400000,0,0,6625,0.0
16/12/2021,0,0,77.6(0.00 %),0,0,0,0,6625,0.0
17/12/2021,-300,-22950000,77.7(0.13 %),0,0,300,22950000,6925,0.0
20/12/2021,-500,-37900000,75.2(-3.22 %),0,0,500,37900000,7425,0.0
21/12/2021,-100,-7570000,75.7(0.66 %),0,0,100,7570000,7525,0.0
22/12/2021,-200,-11250000,77(1.72 %),2000,155850000,2200,167100000,7725,0.0
23/12/2021,100,7790000,77.5(0.65 %),100,7790000,0,0,7625,0.0
24/12/2021,0,0,76.1(-1.81 %),0,0,0,0,7725,0.0
27/12/2021,600,45900000,76.2(0.13 %),600,45900000,0,0,7023,48.99
28/12/2021,-2700,-205200000,76(-0.26 %),0,0,2700,205200000,9723,0.0
29/12/2021,5000,384050000,76.1(0.13 %),5000,384050000,0,0,2023,49.0
30/12/2021,500,38950000,77(1.18 %),500,38950000,0,0,4223,48.99
31/12/2021,0,0,77.8(1.04 %),0,0,0,0,4223,48.99
04/01/2022,0,0,76.1(-2.19 %),0,0,0,0,4223,48.99
05/01/2022,4100,313260000,76.3(0.26 %),4100,313260000,0,0,123,49.0
06/01/2022,-200,-15260000,76.3(0.00 %),0,0,200,15260000,123,49.0
07/01/2022,-1700,-129440000,76.1(-0.26 %),0,0,1700,129440000,123,49.0
10/01/2022,0,0,76.2(0.13 %),0,0,0,0,323,49.0
11/01/2022,-2700,-207630000,76.9(0.92 %),0,0,2700,207630000,2023,49.0
12/01/2022,0,0,76(-1.17 %),0,0,0,0,2023,49.0
13/01/2022,1500,115440000,76.3(0.39 %),1500,115440000,0,0,3223,49.0
14/01/2022,200,15300000,76.6(0.39 %),200,15300000,0,0,3023,49.0
17/01/2022,200,15340000,76.3(-0.39 %),200,15340000,0,0,2823,49.0
18/01/2022,1800,138880000,77(0.92 %),2800,215600000,1000,76720000,23,49.0
19/01/2022,0,0,77.5(0.65 %),0,0,0,0,23,49.0
20/01/2022,0,0,76.6(0.00 %),0,0,0,0,1023,49.0
21/01/2022,0,0,77(0.52 %),0,0,0,0,1023,49.0
24/01/2022,-11300,-868480000,76.5(-0.65 %),0,0,11300,868480000,1023,49.0
25/01/2022,-4300,-331100000,77(0.65 %),500,38500000,4800,369600000,523,49.0
26/01/2022,0,0,76.7(-0.39 %),0,0,0,0,11823,48.98
27/01/2022,0,0,77.4(0.91 %),0,0,0,0,16623,48.98
28/01/2022,-2700,-205540000,77(-0.52 %),3000,233450000,5700,438990000,13623,48.98
07/02/2022,5900,459200000,79.8(3.64 %),5900,459200000,0,0,7723,48.99
08/02/2022,2200,172700000,78.6(-1.50 %),2200,172700000,0,0,11223,48.98
09/02/2022,-6400,-497600000,81.9(4.20 %),100,7860000,6500,505460000,11123,48.98
10/02/2022,-6200,-495860000,86.4(5.49 %),0,0,6200,495860000,11123,48.98
11/02/2022,-600,-47490000,80.4(-6.94 %),11375447,1001032806000,11376047,1001080296000,16623,48.98
14/02/2022,400,33200000,79.1(-1.62 %),400,33200000,0,0,22423,48.97
15/02/2022,22200,1878160000,83.9(6.07 %),22400,1895040000,200,16880000,1623,49.0
16/02/2022,200,16570000,82(-2.26 %),200,16570000,0,0,1426,49.0
17/02/2022,-400,-31600000,80.4(-1.95 %),0,0,400,31600000,1626,49.0
18/02/2022,0,0,82(1.99 %),0,0,0,0,1636,49.0
21/02/2022,-1700,-134660000,79.4(-3.17 %),1600,130670000,3300,265330000,436,49.0
22/02/2022,100,8100000,79.5(0.13 %),100,8100000,0,0,336,49.0
23/02/2022,100,7950000,79.9(0.50 %),100,7950000,0,0,3536,48.99
24/02/2022,0,0,79.5(-0.50 %),0,0,0,0,3536,48.99
25/02/2022,0,0,79.8(0.38 %),0,0,0,0,3536,48.99
28/02/2022,0,0,78.5(-1.63 %),0,0,0,0,3536,48.99
01/03/2022,0,0,81.5(3.82 %),0,0,0,0,3536,48.99
02/03/2022,0,0,78.8(-3.31 %),0,0,0,0,3536,48.99
03/03/2022,-500,-39400000,78.8(0.00 %),0,0,500,39400000,3536,48.99
04/03/2022,-1800,-141060000,78.5(-0.38 %),500,39250000,2300,180310000,3036,49.0
07/03/2022,0,0,78.3(-0.25 %),0,0,0,0,3536,48.99
08/03/2022,-4300,-336690000,78.3(0.00 %),200,15660000,4500,352350000,5636,48.99
09/03/2022,-800,-61960000,77.3(-1.28 %),900,69750000,1700,131710000,4736,48.99
10/03/2022,0,0,77.5(0.26 %),0,0,0,0,9236,48.99
11/03/2022,-1500,-114020000,76(-1.94 %),0,0,1500,114020000,10936,48.98
14/03/2022,-500,-37500000,75(-1.32 %),0,0,500,37500000,10936,48.98
15/03/2022,200,15190000,75(0.00 %),700,52690000,500,37500000,11736,48.98
16/03/2022,0,0,75(0.00 %),0,0,0,0,12236,48.98
17/03/2022,0,0,74.9(-0.13 %),0,0,0,0,12736,48.98
18/03/2022,0,0,74.9(0.00 %),0,0,0,0,12736,48.98
21/03/2022,0,0,75(0.13 %),0,0,0,0,12736,48.98
22/03/2022,-3000,-223450000,74.9(-0.13 %),500,37300000,3500,260750000,12236,48.98
23/03/2022,-3000,-222310000,74.3(-0.80 %),0,0,3000,222310000,12236,48.98
24/03/2022,0,0,74.9(0.81 %),0,0,0,0,17359132,48.98
25/03/2022,100,7490000,74.6(-0.40 %),100,7490000,0,0,17362032,48.97
28/03/2022,100,7460000,74.6(0.00 %),100,7460000,0,0,17361932,48.97
29/03/2022,0,0,74.9(0.40 %),0,0,0,0,17361932,48.97
30/03/2022,70000,5495000000,75(0.13 %),70000,5495000000,0,0,17291932,49.08
31/03/2022,0,0,75(0.00 %),0,0,0,0,17291932,49.08
01/04/2022,0,0,75.1(0.13 %),0,0,0,0,17291932,49.08
04/04/2022,-300,-22560000,75.7(0.80 %),0,0,300,22560000,17291932,49.08
05/04/2022,300,22650000,75.5(-0.26 %),700,52850000,400,30200000,17291232,49.08
06/04/2022,-100,-7550000,76.6(1.46 %),0,0,100,7550000,17291532,49.08
07/04/2022,0,0,75(-2.09 %),0,0,0,0,17291532,0.0
08/04/2022,-700,-52420000,74.8(-0.27 %),0,0,700,52420000,17292032,49.08
12/04/2022,1200,88790000,74(-1.07 %),1500,111000000,300,22210000,17290832,0.0
13/04/2022,-1400,-103600000,74.5(0.68 %),0,0,1400,103600000,17290532,49.08
14/04/2022,100,7450000,74.4(-0.13 %),100,7450000,0,0,17291432,49.08
15/04/2022,-100,-7350000,74.3(-0.13 %),0,0,100,7350000,17292832,49.08
18/04/2022,0,0,74(-0.40 %),0,0,0,0,17292832,49.08
19/04/2022,0,0,73.5(-0.68 %),0,0,0,0,17292932,49.08
20/04/2022,-2700,-198830000,73.5(0.00 %),0,0,2700,198830000,17294232,0.0
21/04/2022,0,0,73.2(-0.41 %),0,0,0,0,17292932,49.08
22/04/2022,-900,-65880000,74.9(2.32 %),0,0,900,65880000,17295632,49.07
25/04/2022,0,0,74.8(-0.13 %),0,0,0,0,17295632,49.07
26/04/2022,0,0,74.6(-0.27 %),0,0,0,0,17296532,49.07
27/04/2022,-100,-7250000,74.5(-0.13 %),0,0,100,7250000,17296538,49.07
28/04/2022,-100,-7270000,74(-0.67 %),0,0,100,7270000,17296538,49.07
29/04/2022,-300,-21960000,73.9(-0.14 %),0,0,300,21960000,17296638,49.07
04/05/2022,-49900,-3455090000,72(-2.57 %),0,0,49900,3455090000,17296738,49.07
05/05/2022,-1600,-113080000,70.5(-2.08 %),0,0,1600,113080000,17298338,0.0
06/05/2022,-200,-14320000,71.6(1.56 %),0,0,200,14320000,17346938,48.99
09/05/2022,0,0,68.6(-4.19 %),0,0,0,0,17348538,48.99
10/05/2022,-16400,-1098800000,67(-2.33 %),0,0,16400,1098800000,17348738,48.99
11/05/2022,-1200,-80410000,67(0.00 %),0,0,1200,80410000,17349938,0.0
12/05/2022,-4500,-301170000,66.6(-0.60 %),0,0,4500,301170000,17354438,0.0
13/05/2022,-16400,-1057970000,62.3(-6.46 %),1200,77400000,17600,1135370000,17365138,48.97
16/05/2022,0,-1021720000,62.3(0.00 %),0,74760000,0,1096480000,17369638,48.96
17/05/2022,300,19800000,66(5.94 %),300,19800000,0,0,17386947,48.93
18/05/2022,-3700,-242350000,65.5(-0.76 %),0,0,3700,242350000,17386947,48.93
19/05/2022,-600,-39840000,66.4(1.37 %),0,0,600,39840000,17386947,48.93
20/05/2022,0,-39840000,66.4(0.00 %),0,0,0,39840000,17390647,48.93
23/05/2022,-1200,-79320000,66.1(-0.45 %),500,33050000,1700,112370000,17390747,48.93
24/05/2022,100,6720000,67.2(1.66 %),100,6720000,0,0,17390647,48.93
25/05/2022,900,60300000,67(1.98 %),900,60300000,0,0,17391447,48.93
26/05/2022,0,60300000,67(0.00 %),0,60300000,0,0,17391447,48.93
27/05/2022,-200,-13940000,69.7(4.03 %),0,0,200,13940000,17391447,48.93
30/05/2022,0,-13940000,67(-3.87 %),0,0,0,13940000,17391447,48.93
31/05/2022,-200,-13580000,67.9(1.34 %),0,0,200,13580000,17391647,48.93
01/06/2022,0,-13580000,66.2(-2.50 %),0,0,0,13580000,17391647,48.93
02/06/2022,-500,-33100000,66.2(0.00 %),100,6620000,600,39720000,17391747,48.93
03/06/2022,0,-33100000,66(-0.30 %),0,6620000,0,39720000,17391747,48.93
06/06/2022,-6200,-403150000,65(-1.52 %),200,13090000,6400,416240000,17392147,48.93
07/06/2022,0,0,65(0.00 %),0,0,0,0,17392147,48.93
08/06/2022,-200,-13500000,67.5(3.85 %),0,0,200,13500000,17398547,48.92
09/06/2022,-2000,-131400000,65.7(-2.67 %),0,0,2000,131400000,17398647,48.92
10/06/2022,-700,-44590000,63.7(-3.04 %),0,0,700,44590000,17398847,48.92
13/06/2022,-800,-49120000,61.4(-3.61 %),0,0,800,49120000,17400847,48.91
14/06/2022,0,-49120000,65.6(6.84 %),0,0,0,49120000,17401547,48.91
15/06/2022,0,-49120000,67(2.13 %),0,0,0,49120000,17402347,48.91
16/06/2022,-300,-19770000,65.9(-1.64 %),200,13180000,500,32950000,17402147,48.91
17/06/2022,-400,-24760000,61.9(-6.07 %),0,0,400,24760000,17402147,48.91
20/06/2022,-100,-6200000,63.9(3.23 %),0,0,100,6200000,17402647,48.91
21/06/2022,0,-6390000,61.6(-3.60 %),0,0,0,6390000,17403047,48.91
22/06/2022,-600,-37200000,62(0.65 %),0,0,600,37200000,17403147,48.91
23/06/2022,-1900,-114950000,60.5(-2.42 %),0,0,1900,114950000,17403147,48.91
24/06/2022,-800,-47200000,59(-2.48 %),0,0,800,47200000,17403747,48.91
27/06/2022,-3200,-188800000,58.8(-0.34 %),0,0,3200,188800000,17405647,48.91
28/06/2022,-1400,-83860000,59.9(1.87 %),0,0,1400,83860000,17406447,48.91
29/06/2022,0,0,59.9(0.00 %),0,0,0,0,17409647,48.9
30/06/2022,-5800,-345100000,59.5(-0.67 %),0,0,5800,345100000,17411047,48.9
01/07/2022,-2100,-124740000,59.4(-0.17 %),0,0,2100,124740000,17411047,48.9
04/07/2022,-600,-35400000,59(-0.67 %),500,29640000,1100,65040000,17411047,0.0
05/07/2022,0,-35400000,59(0.00 %),0,29500000,0,64900000,17418447,48.89
06/07/2022,-300,-17730000,59.1(0.17 %),0,0,300,17730000,17419547,48.89
07/07/2022,-1000,-59000000,59(-0.17 %),0,0,1000,59000000,17419547,48.89
08/07/2022,-1200,-59000000,59.1(0.17 %),0,0,1200,59000000,17420747,0.0
11/07/2022,0,-59000000,59.5(0.68 %),0,0,0,59000000,17420918,48.88
12/07/2022,-1000,-60000000,60(0.84 %),0,0,1000,60000000,17420918,48.88
13/07/2022,0,-60000000,60.5(0.83 %),0,0,0,60000000,17420918,48.88
14/07/2022,-3900,-241800000,62(2.48 %),0,0,3900,241800000,17421918,48.88
15/07/2022,0,-241800000,64.8(4.52 %),0,0,0,241800000,17421918,48.88
18/07/2022,0,-241800000,66(1.85 %),0,0,0,241800000,17425818,48.88
19/07/2022,0,-241800000,66(0.00 %),0,0,0,241800000,17425818,48.88
20/07/2022,0,-241800000,62.4(-5.45 %),0,0,0,241800000,17425818,48.88
21/07/2022,-1000,-63000000,63(0.96 %),0,0,1000,63000000,17425818,48.88
22/07/2022,-1900,-63000000,65.9(4.60 %),0,0,1900,63000000,17425818,48.88
25/07/2022,0,-63000000,63.5(-3.64 %),0,0,0,63000000,17426818,48.87
26/07/2022,-800,-54320000,67.9(6.93 %),0,0,800,54320000,17426818,48.87
27/07/2022,0,-54320000,63.5(-6.48 %),0,0,0,54320000,17426818,48.87
28/07/2022,-3200,-212800000,66.5(4.72 %),0,0,3200,212800000,17427618,48.87
29/07/2022,0,-212800000,66.5(0.00 %),0,0,0,212800000,17427618,48.87
01/08/2022,0,-212800000,66.5(0.00 %),0,0,0,212800000,17430818,48.87
02/08/2022,0,-212800000,64(-3.76 %),0,0,0,212800000,17430818,48.87
03/08/2022,0,-212800000,64.8(1.25 %),0,0,0,212800000,17430818,48.87
04/08/2022,0,-212800000,64(-1.23 %),0,0,0,212800000,17430818,48.87
05/08/2022,0,-212800000,64(0.00 %),0,0,0,212800000,17430818,48.87
08/08/2022,0,-212800000,61.1(-4.53 %),0,0,0,212800000,17430818,48.87
09/08/2022,0,-212800000,61.5(0.65 %),0,0,0,212800000,17430818,48.87
10/08/2022,0,-212800000,62(0.81 %),0,0,0,212800000,17430818,48.87
11/08/2022,-300,-18630000,62.1(0.16 %),0,0,300,18630000,17430818,48.87
12/08/2022,-200,-12420000,62.1(0.00 %),0,0,200,12420000,17430818,48.87
15/08/2022,0,-12420000,62.1(0.00 %),0,0,0,12420000,17431118,48.87
16/08/2022,0,-12420000,62.1(0.00 %),0,0,0,12420000,17431318,48.87
17/08/2022,-900,-57060000,63.4(2.09 %),0,0,900,57060000,17431318,48.87
18/08/2022,100,6280000,62.8(-0.95 %),100,6280000,0,0,17431218,48.87
19/08/2022,0,6280000,62.8(0.00 %),0,6280000,0,0,17432118,48.87
22/08/2022,0,0,64.9(3.34 %),100,6490000,100,6490000,17432018,48.87
23/08/2022,100,6430000,64.3(-0.92 %),100,6430000,0,0,17431918,48.87
24/08/2022,0,6430000,64(-0.47 %),0,6430000,0,0,17432018,48.87
25/08/2022,400,25000000,62.5(-2.34 %),400,25000000,0,0,17431618,48.87
26/08/2022,700,44730000,63.9(2.24 %),700,44730000,0,0,17430918,48.87
29/08/2022,-1500,-93600000,62.4(-2.35 %),0,0,1500,93600000,17430918,48.87
30/08/2022,0,-93600000,62.4(0.00 %),0,0,0,93600000,17430918,48.87
31/08/2022,0,-93600000,62.9(0.80 %),0,0,0,93600000,17432418,48.87
05/09/2022,0,-93600000,61.1(-2.86 %),0,0,0,93600000,17432418,48.87
06/09/2022,0,-93600000,61.5(0.65 %),0,0,0,93600000,17432418,48.87
07/09/2022,200,12300000,61.5(0.00 %),200,12300000,0,0,17432218,48.87
08/09/2022,0,12300000,61.8(0.49 %),0,12300000,0,0,17432218,48.87
09/09/2022,0,12300000,61.9(0.16 %),0,12300000,0,0,17432218,48.87
12/09/2022,-79,12300000,62.9(1.62 %),0,12300000,79,0,17432218,48.87
13/09/2022,0,12300000,63.5(0.95 %),0,12300000,0,0,17432218,48.87
14/09/2022,0,12300000,63(-0.79 %),0,12300000,0,0,17432297,48.87
15/09/2022,1000,12300000,62.5(-0.79 %),1000,12300000,0,0,0,48.87
16/09/2022,-124,-7874000,63.5(1.60 %),0,0,124,7874000,17431297,48.87
19/09/2022,0,-7874000,61(-3.94 %),0,0,0,7874000,17431297,48.89
20/09/2022,0,-7874000,63(3.28 %),0,0,0,7874000,17431421,48.87
21/09/2022,1000,62500000,62.5(-0.79 %),1000,62500000,0,0,17430421,48.87
22/09/2022,-7,-434000,62(-0.80 %),0,0,7,434000,17430421,48.87
23/09/2022,2700,167130000,61.9(-0.16 %),2700,167130000,0,0,17427721,48.87
26/09/2022,-1400,-86100000,61.5(-0.65 %),0,0,1400,86100000,17427728,48.87
27/09/2022,-10000,-615000000,61.5(0.00 %),0,0,10000,615000000,17427728,48.87
28/09/2022,-17100,-1089270000,63.7(3.58 %),0,0,17100,1089270000,17429128,48.87
29/09/2022,0,0,62(-2.67 %),200,12400000,200,12400000,17438928,48.86
30/09/2022,-13000,-806000000,62(0.00 %),0,0,13000,806000000,17456028,48.83
03/10/2022,-5700,-353400000,62(0.00 %),0,0,5700,353400000,17456228,48.83
04/10/2022,-4000,-248000000,62(0.00 %),3000,186000000,7000,434000000,17466228,48.82
05/10/2022,-500,-31000000,62(0.00 %),500,31000000,1000,62000000,17471428,48.81
06/10/2022,0,-31000000,61(-1.61 %),0,31000000,0,62000000,17478428,48.8
07/10/2022,0,-31000000,61(0.00 %),0,31000000,0,62000000,17479428,48.8
10/10/2022,0,-31000000,60.5(-0.82 %),0,31000000,0,62000000,17479428,48.8
11/10/2022,0,-31000000,60.4(-0.17 %),0,31000000,0,62000000,17479428,48.8
12/10/2022,0,-31000000,60(-0.66 %),0,31000000,0,62000000,17479428,48.8
13/10/2022,0,-31000000,58.5(-2.50 %),0,31000000,0,62000000,17479428,48.8
14/10/2022,-7900,-454250000,57.5(-1.71 %),0,0,7900,454250000,16745669,49.9
17/10/2022,-800,-45680000,57.1(-0.70 %),0,0,800,45680000,16745669,49.9
18/10/2022,0,-45680000,57.2(0.18 %),0,0,0,45680000,16753569,49.88
19/10/2022,0,0,57.5(0.52 %),0,0,0,0,16753569,49.91
20/10/2022,0,0,57.5(0.00 %),0,0,0,0,16754369,49.91
21/10/2022,0,0,57.5(0.00 %),0,0,0,0,16754369,49.91
24/10/2022,-1000,-55500000,57(-0.87 %),0,0,1000,55500000,16755369,49.91
25/10/2022,1300,74090000,56(-1.75 %),1300,74090000,0,0,16754069,49.91
26/10/2022,2800,156800000,56(0.00 %),4100,229600000,1300,72800000,16750269,49.91
27/10/2022,0,0,55.4(-1.07 %),0,0,0,0,16749969,49.89
28/10/2022,0,-4986000,55.4(0.00 %),0,0,0,4986000,16751269,49.89
31/10/2022,0,-4986000,53.2(-3.97 %),0,0,0,4986000,16751359,49.89
01/11/2022,-4000,-212000000,53(-0.38 %),0,0,4000,212000000,16751359,49.89
02/11/2022,-1000,-54100000,54.1(2.08 %),0,0,1000,54100000,16751359,49.89
03/11/2022,-2800,-151200000,54(-0.18 %),0,0,2800,151200000,16755359,49.88
04/11/2022,-7000,-360500000,51.5(-4.63 %),1400,72100000,8400,432600000,16754959,49.88
07/11/2022,-200,-10200000,51(-0.97 %),0,0,200,10200000,16757759,49.88
08/11/2022,-500,-24500000,49(-3.92 %),0,0,500,24500000,16766159,49.87
09/11/2022,-9100,-445900000,49(0.00 %),0,0,9100,445900000,16766359,49.87
10/11/2022,1300,60450000,46.5(-5.10 %),1300,60450000,0,0,16765559,49.87
11/11/2022,-7288,-342536000,47(1.08 %),12,564000,7300,343100000,16774647,49.85
14/11/2022,0,-342536000,46.2(-1.70 %),0,564000,0,343100000,16774647,49.85
15/11/2022,-2000,-93000000,46.5(0.65 %),0,0,2000,93000000,16781947,49.84
16/11/2022,-2000,-97000000,48.5(4.30 %),0,0,2000,97000000,16781947,49.84
17/11/2022,0,-97000000,51.8(6.80 %),0,0,0,97000000,16783947,49.84
18/11/2022,-300,-15900000,53(2.32 %),200,10600000,500,26500000,16785747,49.84
21/11/2022,-5002,-263105200,52.6(-0.75 %),0,0,5002,263105200,16785747,49.84
22/11/2022,0,-263105200,50.5(-3.99 %),0,0,0,263105200,16786247,49.84
23/11/2022,0,-263105200,53(4.95 %),0,0,0,263105200,16791249,49.83
24/11/2022,-400,-21480000,53.7(1.32 %),100,5370000,500,26850000,16791149,49.83
25/11/2022,-70,-3710000,53(-1.30 %),0,0,70,3710000,16791149,49.83
28/11/2022,0,-3710000,55.5(4.72 %),0,0,0,3710000,16791149,49.85
29/11/2022,-6085,-346845000,57(2.70 %),0,0,6085,346845000,16797234,49.84
30/11/2022,-2,-119000,59.5(4.39 %),0,0,2,119000,16797236,49.84
01/12/2022,300,18000000,60(0.84 %),300,18000000,0,0,16791419,49.85
02/12/2022,500,31250000,62.5(4.17 %),500,31250000,0,0,16790919,0.0
05/12/2022,-411,-26509500,64.5(3.20 %),200,12900000,611,39409500,16791330,0.0
06/12/2022,0,-26509500,64.6(0.16 %),0,12900000,0,39409500,16791330,49.85
07/12/2022,0,-26509500,64.4(-0.31 %),0,12900000,0,39409500,16791330,49.85
08/12/2022,0,-26509500,64.4(0.00 %),0,12900000,0,39409500,16797417,49.82
09/12/2022,0,-26509500,63.5(-1.40 %),0,12900000,0,39409500,16797417,49.82
12/12/2022,0,-26509500,62.5(-1.57 %),0,12900000,0,39409500,16791330,49.85
13/12/2022,100,6280000,62.8(0.48 %),100,6280000,0,0,16791230,49.85
14/12/2022,0,6280000,62.5(-0.48 %),0,6280000,0,0,16791230,49.85
15/12/2022,0,6280000,62.6(0.16 %),0,6280000,0,0,16791230,49.85
16/12/2022,0,6280000,62.4(-0.32 %),0,6280000,0,0,16791230,49.85
19/12/2022,0,6280000,61.7(-1.12 %),0,6280000,0,0,16791230,49.85
20/12/2022,0,6280000,63(2.11 %),0,6280000,0,0,16791230,49.85
21/12/2022,0,6280000,62.4(-0.95 %),0,6280000,0,0,16791230,49.85
22/12/2022,0,6280000,60(-3.85 %),0,6280000,0,0,16791230,49.85
23/12/2022,-300,-17700000,59(-1.67 %),100,5900000,400,23600000,16791530,49.85
26/12/2022,0,-17700000,59(0.00 %),0,5900000,0,23600000,16791530,49.85
27/12/2022,0,-17700000,59.9(1.53 %),0,5900000,0,23600000,16791530,0.0
28/12/2022,0,-17700000,59.9(0.00 %),0,5900000,0,23600000,16791530,49.85
29/12/2022,100,6000000,60(0.17 %),100,6000000,0,0,16797517,49.82
30/12/2022,1900,114380000,60.2(0.33 %),1900,114380000,0,0,16795617,49.82
03/01/2023,0,114380000,60.2(0.00 %),0,114380000,0,0,16795617,49.85
04/01/2023,1000,60200000,60.2(0.00 %),1000,60200000,0,0,16794617,49.82
05/01/2023,1300,74100000,57(-5.32 %),1300,74100000,0,0,16793317,49.82
06/01/2023,100,5700000,57(0.00 %),100,5700000,0,0,16793217,49.82
09/01/2023,0,5700000,56.4(-1.05 %),0,5700000,0,0,16793217,49.82
10/01/2023,-6,-338400,56.4(0.00 %),0,0,6,338400,16793217,49.82
11/01/2023,100,5560000,55.6(-1.42 %),100,5560000,0,0,16793117,49.82
12/01/2023,-200,-11120000,55.6(0.00 %),0,0,200,11120000,16793123,49.82
13/01/2023,0,-11120000,57.5(3.42 %),0,0,0,11120000,16793123,49.82
16/01/2023,800,46000000,57.5(0.00 %),800,46000000,0,0,16792523,49.83
17/01/2023,0,46000000,57.5(0.00 %),0,46000000,0,0,16792523,49.83
18/01/2023,0,46000000,57.5(0.00 %),0,46000000,0,0,16792523,49.83
19/01/2023,100,5750000,57.5(0.00 %),100,5750000,0,0,16792423,49.83
27/01/2023,-400,-22880000,57.2(-0.52 %),0,0,400,22880000,16792423,49.83
30/01/2023,0,0,57.9(1.22 %),2100,121590000,2100,121590000,16790323,49.83
31/01/2023,100,5750000,57.5(-0.69 %),2100,120750000,2000,115000000,16788623,49.83
01/02/2023,-3709,-213267500,57.5(0.00 %),2000,115000000,5709,328267500,16788723,49.83
02/02/2023,0,-213267500,57.5(0.00 %),0,115000000,0,328267500,16790723,49.83
03/02/2023,0,-213267500,57.5(0.00 %),0,115000000,0,328267500,16796432,49.82
06/02/2023,1000,56900000,56.9(-1.04 %),1000,56900000,0,0,16795432,49.82
07/02/2023,1409,78904000,56(-1.58 %),1700,95200000,291,16296000,16793732,49.82
08/02/2023,0,78904000,56.9(1.61 %),0,95200000,0,16296000,16793732,49.82
09/02/2023,17700,991200000,56(-1.58 %),17700,991200000,0,0,16776323,49.85
10/02/2023,700,39900000,57(1.79 %),3000,171000000,2300,131100000,16773323,49.85
13/02/2023,0,39900000,56.9(-0.18 %),0,171000000,0,131100000,16773323,49.85
14/02/2023,500,28400000,56.8(-0.18 %),500,28400000,0,0,16775123,49.85
15/02/2023,0,28400000,56.5(-0.53 %),0,28400000,0,0,16775123,49.85
16/02/2023,0,28400000,54.5(-3.54 %),0,28400000,0,0,16775123,49.85
17/02/2023,200,10660000,53.3(-2.20 %),200,10660000,0,0,16774923,49.85
20/02/2023,-39600,-2110680000,53.3(0.00 %),1000,53300000,40600,2163980000,16773923,49.85
21/02/2023,-15700,-828960000,52.8(-0.94 %),100,5280000,15800,834240000,16773823,49.85
22/02/2023,-600,-30660000,51.1(-3.22 %),0,0,600,30660000,16814423,49.79
23/02/2023,-23003,-1157050900,50.3(-1.57 %),2100,105630000,25103,1262680900,16828123,49.77
24/02/2023,2,102000,51(1.39 %),2,102000,0,0,16828121,49.8
27/02/2023,100,5000000,50(-1.96 %),100,5000000,0,0,16853724,49.73
28/02/2023,0,5000000,50(0.00 %),0,5000000,0,0,16853724,49.73
01/03/2023,14,700000,50(0.00 %),14,700000,0,0,16853710,49.73
02/03/2023,-6290,-314185500,49.95(-0.10 %),10,499500,6300,314685000,16853700,49.73
03/03/2023,-3700,-184815000,49.95(-0.10 %),800,39960000,4500,224775000,16852900,49.74
06/03/2023,-5400,-264600000,49(-2.00 %),0,0,5400,264600000,16859200,49.73
07/03/2023,0,-264600000,49(0.00 %),0,0,0,264600000,16863700,49.72
08/03/2023,80,3984000,49.8(1.63 %),80,3984000,0,0,16869020,49.71
09/03/2023,10,495000,49.5(-0.60 %),10,495000,0,0,16869010,49.71
10/03/2023,0,495000,49(-1.01 %),0,495000,0,0,16869010,49.71
13/03/2023,0,495000,49(0.00 %),0,495000,0,0,16869010,49.74
14/03/2023,400,19480000,48.7(-0.61 %),400,19480000,0,0,16868610,49.71
15/03/2023,0,19480000,48.7(0.00 %),0,19480000,0,0,16868610,49.71
16/03/2023,1000,49000000,49(0.62 %),1000,49000000,0,0,16867610,49.71
17/03/2023,900,44100000,49(0.00 %),1000,49000000,100,4900000,16866610,49.71
20/03/2023,0,44100000,49.45(0.92 %),0,49000000,0,4900000,16866610,49.71
21/03/2023,-400,102000,50.4(1.82 %),0,102000,400,0,16866710,49.71
22/03/2023,1500,75000000,50(-0.79 %),1500,75000000,0,0,16865210,0.0
23/03/2023,-100,-5050000,50(0.00 %),0,0,100,5050000,16865310,0.0
24/03/2023,-1800,-87640000,49.9(-0.20 %),0,0,1800,87640000,16867110,0.0
27/03/2023,0,0,49.75(-0.30 %),0,0,0,0,16867110,49.74
28/03/2023,0,0,48.7(-2.21 %),0,0,0,0,16867110,49.74
29/03/2023,0,0,48.15(-1.13 %),0,0,0,0,16867514,49.71
30/03/2023,0,0,47.95(-0.52 %),0,0,0,0,16867514,49.71
31/03/2023,0,0,47.05(-1.98 %),0,0,0,0,16867514,49.71
03/04/2023,3800,178600000,47(-0.21 %),4600,216200000,800,37600000,16862914,49.72
04/04/2023,800,37760000,47.2(0.43 %),800,37760000,0,0,16862114,49.72
05/04/2023,-200,-9550000,47.75(1.17 %),0,0,200,9550000,16862914,49.72
06/04/2023,0,-9550000,47.7(-0.21 %),0,0,0,9550000,16862914,49.72
07/04/2023,0,-9550000,47.9(0.42 %),0,0,0,9550000,16863114,49.72
10/04/2023,1200,58080000,48.4(1.04 %),1200,58080000,0,0,16861914,49.72
11/04/2023,2600,127400000,49(1.24 %),2600,127400000,0,0,16859314,49.73
12/04/2023,200,9820000,49.1(0.20 %),200,9820000,0,0,16859114,49.73
13/04/2023,-36100,-1772510000,49.1(0.00 %),0,0,36100,1772510000,16859114,49.73
14/04/2023,-100,-4920000,49.2(0.20 %),0,0,100,4920000,16859114,49.73
17/04/2023,0,-4920000,49.2(0.00 %),0,0,0,4920000,16895214,49.67
18/04/2023,-100,-5050000,50.5(2.64 %),200,10100000,300,15150000,16895114,49.67
19/04/2023,-4000,-204000000,51(0.99 %),1000,51000000,5000,255000000,16894114,49.67
20/04/2023,0,0,51(0.00 %),0,0,0,0,16894114,49.7
21/04/2023,590,32155000,54.5(6.86 %),600,32700000,10,545000,16898814,49.67
24/04/2023,200,10840000,54.2(-0.55 %),200,10840000,0,0,16898614,49.67
25/04/2023,0,10840000,53.8(-0.74 %),0,10840000,0,0,16898624,49.67
26/04/2023,-300,-15540000,51.8(-3.72 %),0,0,300,15540000,16898624,49.67
27/04/2023,100,5270000,52.9(2.12 %),100,5270000,0,0,16898524,49.69
28/04/2023,300,15710000,51.9(-1.89 %),300,15710000,0,0,16898224,49.69
04/05/2023,-1700,-88340000,54.9(5.78 %),0,0,1700,88340000,16898524,49.69
05/05/2023,-100,-5400000,54.9(0.00 %),0,0,100,5400000,16898524,49.67
08/05/2023,0,0,55.3(0.73 %),0,0,0,0,16900224,49.66
09/05/2023,-20200,-1131610000,55.6(0.54 %),0,0,20200,1131610000,16900324,49.66
10/05/2023,0,0,55.6(0.00 %),0,0,0,0,16900324,49.69
11/05/2023,0,0,56.3(1.26 %),0,0,0,0,16920524,49.63
12/05/2023,0,0,55.5(-1.42 %),0,0,0,0,16920524,49.63
15/05/2023,-2500,-139280000,55.9(0.72 %),0,0,2500,139280000,16923024,49.66
16/05/2023,0,0,56(0.18 %),0,0,0,0,16923024,49.66
17/05/2023,0,0,56(0.00 %),0,0,0,0,16923024,49.66
18/05/2023,0,0,56(0.00 %),0,0,0,0,16923024,49.66
19/05/2023,0,0,55.6(-0.71 %),0,0,0,0,16923024,49.66
22/05/2023,-100,-5480000,55.6(0.00 %),0,0,100,5480000,16923124,49.66
23/05/2023,0,0,55.6(0.00 %),0,0,0,0,16923124,49.66
24/05/2023,0,0,54.9(-1.26 %),0,0,0,0,16923124,49.66
25/05/2023,-200,-11000000,53.4(-2.73 %),0,0,200,11000000,16923324,49.65
26/05/2023,-300,-16040000,54.4(1.87 %),0,0,300,16040000,16923624,49.65
29/05/2023,0,0,55(1.10 %),0,0,0,0,16923624,49.65
30/05/2023,0,0,54(-1.82 %),0,0,0,0,16923624,49.65
31/05/2023,0,0,55(1.85 %),0,0,0,0,16923624,49.65
01/06/2023,-600,-32940000,55.3(0.55 %),0,0,600,32940000,16923624,49.65
02/06/2023,500,27880000,55.9(1.08 %),500,27880000,0,0,16923124,49.66
05/06/2023,2300,128300000,56(0.18 %),2300,128300000,0,0,16920824,49.66
06/06/2023,1500,83140000,55.8(-0.36 %),1500,83140000,0,0,16919324,49.66
07/06/2023,0,0,55.5(-0.54 %),0,0,0,0,16919324,49.66
08/06/2023,-1000,-56000000,57.9(4.32 %),0,0,1000,56000000,16920324,49.66
09/06/2023,0,0,61(5.35 %),0,0,0,0,16920324,49.66
12/06/2023,300,18300000,60(-1.64 %),300,18300000,0,0,16920024,49.66
13/06/2023,0,0,59.7(-0.50 %),0,0,0,0,16920024,49.66
14/06/2023,-400,-23280000,59.7(0.00 %),0,0,400,23280000,16920424,49.66
15/06/2023,-300,-18000000,60(0.50 %),0,0,300,18000000,16920724,49.66
16/06/2023,200,12100000,59.8(-0.33 %),200,12100000,0,0,16920823,49.63
19/06/2023,0,0,59.8(0.00 %),0,0,0,0,16921123,49.63
20/06/2023,200,12200000,59.8(0.00 %),200,12200000,0,0,16920923,49.66
21/06/2023,-2000,-118780000,59.6(-0.33 %),0,0,2000,118780000,16920923,49.63
22/06/2023,-2000,-116350000,59.6(0.00 %),0,0,2000,116350000,16922923,49.66
23/06/2023,-700,-41020000,58.3(-2.18 %),0,0,700,41020000,16923623,49.65
26/06/2023,0,0,59.3(1.72 %),0,0,0,0,16924923,49.63
27/06/2023,0,0,60(1.18 %),0,0,0,0,16924923,49.65
28/06/2023,0,0,59.7(-0.50 %),0,0,0,0,16924923,49.65
29/06/2023,0,0,60(0.50 %),0,0,0,0,16924923,49.65
30/06/2023,-900,-54310000,61(1.67 %),0,0,900,54310000,16925823,49.65
03/07/2023,0,0,62.9(3.11 %),0,0,0,0,16925613,49.65
04/07/2023,0,0,63.4(0.79 %),0,0,0,0,16925613,49.65
05/07/2023,-900,-55830000,61.7(-2.68 %),100,6170000,1000,62000000,16926513,49.65
06/07/2023,0,0,62.5(1.30 %),0,0,0,0,16926413,49.63
07/07/2023,-100,-6280000,63.9(2.24 %),0,0,100,6280000,16927413,49.62
10/07/2023,-100,-6390000,63.7(-0.31 %),0,0,100,6390000,16927513,49.65
11/07/2023,-4300,-272950000,63.5(-0.31 %),0,0,4300,272950000,16931813,49.64
12/07/2023,300,19150000,64.5(1.57 %),300,19150000,0,0,16931513,49.64
13/07/2023,0,0,64.5(0.00 %),0,0,0,0,16931513,49.64
14/07/2023,0,0,64(-0.78 %),0,0,0,0,16931613,49.62
17/07/2023,0,0,62.5(-2.34 %),0,0,0,0,16931613,49.64
18/07/2023,-700,-46020000,66.8(6.88 %),100,6510000,800,52530000,16932313,49.64
19/07/2023,14800,1045220000,71.4(6.89 %),17500,1238000000,2700,192780000,16914013,49.64
20/07/2023,-3900,-282710000,71.8(0.56 %),500,36390000,4400,319100000,16917913,49.66
21/07/2023,-500,-35100000,70.4(-1.95 %),100,7020000,600,42120000,16918413,49.66
24/07/2023,0,0,72.3(2.70 %),0,0,0,0,16921308,49.63
25/07/2023,800,57840000,73(0.97 %),800,57840000,0,0,16921108,49.63
26/07/2023,-5000,-360770000,71.6(-1.92 %),500,36150000,5500,396920000,16926108,49.65
27/07/2023,-11000,-782850000,71.1(-0.70 %),100,7170000,11100,790020000,16937108,49.63
28/07/2023,-1000,-71100000,71.1(0.00 %),0,0,1000,71100000,16938108,49.63
31/07/2023,100,7130000,71.3(0.28 %),100,7130000,0,0,16938008,49.63
01/08/2023,500,35300000,69.8(-2.10 %),1000,70500000,500,35200000,16937008,49.63
02/08/2023,-500,-34430000,69.8(0.00 %),500,34570000,1000,69000000,16937508,49.63
03/08/2023,1300,89380000,69(-1.15 %),1300,89380000,0,0,16936208,49.64
04/08/2023,-2300,-155250000,68.3(-1.01 %),700,47850000,3000,203100000,16936050,49.61
07/08/2023,-600,-40540000,67.9(-0.59 %),0,0,600,40540000,16936650,49.63
08/08/2023,900,62950000,69.9(2.95 %),900,62950000,0,0,16935750,49.64
09/08/2023,200,15040000,69.2(-1.00 %),1600,111920000,1400,96880000,16935550,49.64
10/08/2023,-300,-20700000,68.5(-1.01 %),0,0,300,20700000,16935850,49.64
11/08/2023,0,0,68.3(-0.29 %),0,0,0,0,16935850,49.64
14/08/2023,0,0,68.5(0.29 %),0,0,0,0,16938850,49.61
15/08/2023,-300,-21480000,71.6(4.53 %),0,0,300,21480000,16938850,49.61
16/08/2023,0,0,69.8(-2.51 %),0,0,0,0,16938850,49.61
17/08/2023,600,41600000,69.6(-0.29 %),1200,83210000,600,41610000,16938250,49.63
18/08/2023,800,54000000,68(-2.30 %),800,54000000,0,0,16937150,49.61
21/08/2023,0,0,68.1(0.15 %),0,0,0,0,16937750,49.61
22/08/2023,100,6710000,68.1(0.00 %),100,6710000,0,0,16937650,49.61
23/08/2023,500,33100000,68.3(0.29 %),1100,74020000,600,40920000,16936550,49.61
24/08/2023,0,0,68(-0.44 %),0,0,0,0,16936550,49.64
25/08/2023,-8700,-587260000,67.6(-0.59 %),0,0,8700,587260000,16937226,49.61
28/08/2023,-100,-6760000,68.9(1.92 %),0,0,100,6760000,16937326,49.63
29/08/2023,-2000,-136000000,68.9(0.00 %),0,0,2000,136000000,16945930,49.6
30/08/2023,0,0,68.7(-0.29 %),0,0,0,0,16945930,49.62
31/08/2023,0,0,68.8(0.15 %),0,0,0,0,16948098,49.59
05/09/2023,200,13760000,69.5(1.02 %),200,13760000,0,0,16947898,49.59
06/09/2023,0,590000,71(2.16 %),500,35740000,500,35150000,16947898,49.62
07/09/2023,-500,-35200000,71(0.00 %),0,0,500,35200000,16947382,49.59
08/09/2023,200,14010000,69.7(-1.83 %),200,14010000,0,0,16947776,49.59
11/09/2023,0,0,69.8(0.14 %),0,0,0,0,16948276,49.59
12/09/2023,-800,-55680000,70.3(0.72 %),0,0,800,55680000,16948266,49.59
13/09/2023,0,0,70.6(0.43 %),0,0,0,0,16948266,49.59
14/09/2023,0,0,71(0.57 %),0,0,0,0,16949066,49.59
15/09/2023,100,7150000,71.4(0.56 %),100,7150000,0,0,16948966,49.59
18/09/2023,0,0,72(0.84 %),0,0,0,0,16948966,49.62
19/09/2023,100,7190000,71.9(-0.14 %),100,7190000,0,0,16948866,49.62
20/09/2023,-2200,-157610000,72(0.14 %),0,0,2200,157610000,16951066,49.61
21/09/2023,0,0,71.1(-1.25 %),0,0,0,0,16951066,49.61
22/09/2023,-800,-55840000,69.7(-1.97 %),0,0,800,55840000,16951143,49.59
25/09/2023,-900,-62340000,68.1(-2.30 %),0,0,900,62340000,16951143,49.59
26/09/2023,400,27300000,68.2(0.15 %),400,27300000,0,0,16951543,49.59
27/09/2023,-500,-33400000,67.8(-0.59 %),0,0,500,33400000,16952043,49.61
28/09/2023,200,13340000,67(-1.18 %),200,13340000,0,0,16951843,49.61
29/09/2023,-600,-40480000,68(1.49 %),0,0,600,40480000,16952743,49.59
02/10/2023,100,6950000,69.8(2.65 %),100,6950000,0,0,16952643,49.59
03/10/2023,1000,70000000,70(0.29 %),1000,70000000,0,0,16952243,49.59
04/10/2023,300,21390000,69.5(-0.71 %),700,48990000,400,27600000,16951943,49.61
05/10/2023,0,0,64(-1.90 %),0,0,0,0,16951543,49.59
06/10/2023,200,12700000,64.6(0.94 %),200,12700000,0,0,16951343,41.09
09/10/2023,0,0,65(0.62 %),0,0,0,0,16951343,41.09
10/10/2023,0,0,65(0.00 %),0,0,0,0,16951818,49.59
11/10/2023,0,0,64.7(-0.46 %),0,0,0,0,16951818,49.59
12/10/2023,-500,-32400000,65(0.46 %),0,0,500,32400000,16951907,49.59
13/10/2023,-100,-6420000,64.9(-0.15 %),0,0,100,6420000,16951907,49.59
16/10/2023,0,0,64.5(-0.62 %),0,0,0,0,16952407,49.59
17/10/2023,-100,-6360000,63.3(-1.86 %),0,0,100,6360000,16952507,49.59
18/10/2023,-400,-25120000,62(-2.05 %),0,0,400,25120000,16952507,49.59
19/10/2023,0,0,62.5(0.81 %),0,0,0,0,16952640,49.59
20/10/2023,500,30320000,61(-2.40 %),800,48800000,300,18480000,16952240,49.59
23/10/2023,700,42700000,60.2(-1.31 %),700,42700000,0,0,16951530,49.59
24/10/2023,4100,246860000,60.5(0.50 %),4100,246860000,0,0,16947430,47.23
25/10/2023,0,0,60.9(0.66 %),0,0,0,0,16947730,49.59
26/10/2023,200,11350000,57.9(-4.93 %),200,11350000,0,0,16947530,49.59
27/10/2023,-400,-23170000,57.7(-0.35 %),0,0,400,23170000,16947530,49.59
30/10/2023,0,0,57.6(-0.17 %),0,0,0,0,16947530,49.59
31/10/2023,-400,-22530000,57.3(-0.52 %),0,0,400,22530000,17793985,49.59
01/11/2023,100,5690000,57(-0.52 %),100,5690000,0,0,17793885,49.59
02/11/2023,-300,-17040000,59(3.51 %),200,11460000,500,28500000,17794185,49.59
03/11/2023,200,11800000,58.6(-0.68 %),200,11800000,0,0,17793985,49.59
06/11/2023,400,23600000,58.5(-0.17 %),400,23600000,0,0,17793585,49.59
07/11/2023,100,5800000,58(-0.85 %),100,5800000,0,0,17793485,49.59
08/11/2023,0,0,57.9(-0.17 %),0,0,0,0,17793885,49.59
09/11/2023,1000,57940000,58(0.17 %),1000,57940000,0,0,17792885,49.6
10/11/2023,400,22790000,57.6(-0.69 %),500,28500000,100,5710000,17792385,49.6
13/11/2023,-3400,-189650000,56(-2.78 %),100,5680000,3500,195330000,17792253,49.6
14/11/2023,0,0,55.9(-0.18 %),0,0,0,0,17795785,49.59
15/11/2023,0,0,56.3(0.72 %),0,0,0,0,17795785,49.59
16/11/2023,0,0,56.3(0.00 %),0,0,0,0,17795785,52.1
17/11/2023,0,0,56.2(-0.18 %),0,0,0,0,17795792,49.59
20/11/2023,0,0,55.6(-1.07 %),0,0,0,0,17795792,49.59
21/11/2023,0,0,55.4(-0.36 %),0,0,0,0,17795792,49.59
22/11/2023,0,0,55.3(-0.18 %),0,0,0,0,17795796,49.59
23/11/2023,0,0,55.9(1.08 %),0,0,0,0,17795796,52.1
24/11/2023,0,0,55.2(-1.25 %),0,0,0,0,17795796,52.1
27/11/2023,800,44230000,55(-0.36 %),800,44230000,0,0,17794996,52.1
28/11/2023,0,0,54.8(-0.36 %),0,0,0,0,17794996,52.1
29/11/2023,0,0,55.1(0.55 %),0,0,0,0,17794996,52.1
30/11/2023,100,5580000,54.8(-0.54 %),100,5580000,0,0,17794896,52.1
01/12/2023,700,38300000,54.8(0.00 %),700,38300000,0,0,17794896,52.1
04/12/2023,2000,109000000,55.3(0.91 %),2000,109000000,0,0,17792896,52.1
05/12/2023,-100,-5500000,55(-0.54 %),0,0,100,5500000,17792996,52.1
06/12/2023,2000,110000000,55.2(0.36 %),2000,110000000,0,0,17790996,52.1
07/12/2023,0,0,55.2(0.00 %),0,0,0,0,17790996,52.1
08/12/2023,700,38620000,55.2(0.00 %),700,38620000,0,0,17790296,52.1
11/12/2023,-300,-16450000,55.2(0.00 %),0,0,300,16450000,17790596,52.1
12/12/2023,3000,165640000,55.5(0.54 %),3000,165640000,0,0,17787596,52.11
13/12/2023,-1100,-61720000,56.5(1.80 %),600,33320000,1700,95040000,17788696,52.11
14/12/2023,300,17240000,57.5(1.77 %),300,17240000,0,0,17788396,52.11
15/12/2023,400,23000000,57.9(0.70 %),400,23000000,0,0,17787996,52.11
18/12/2023,0,0,57(-1.55 %),0,0,0,0,17787996,52.11
19/12/2023,0,0,57(0.00 %),0,0,0,0,17787996,52.11
20/12/2023,-2900,-164680000,57.2(0.35 %),500,28000000,3400,192680000,17790896,52.1
21/12/2023,-900,-53240000,56.5(-1.22 %),12500,700000000,13400,753240000,17791796,52.1
22/12/2023,10700,602410000,57(0.88 %),11300,636190000,600,33780000,17781096,52.12
25/12/2023,-100,-5630000,57(0.00 %),0,0,100,5630000,17781196,52.12
26/12/2023,-3000,-168140000,56.7(-0.53 %),0,0,3000,168140000,17784196,52.11
27/12/2023,-1500,-84330000,55.9(-1.41 %),100,5590000,1600,89920000,17785696,52.11
28/12/2023,1800,100800000,56(0.18 %),1800,100800000,0,0,17783896,52.11
29/12/2023,0,0,56.6(1.07 %),0,0,0,0,17783896,52.11
02/01/2024,0,0,57(0.71 %),0,0,0,0,17783236,49.61
03/01/2024,-25500,-1526060000,59.2(3.86 %),9500,561330000,35000,2087390000,17808736,52.08
04/01/2024,8100,497290000,61.4(3.72 %),8100,497290000,0,0,17800636,52.09
05/01/2024,21100,1284640000,61(-0.65 %),21100,1284640000,0,0,17779536,52.12
08/01/2024,800,48800000,61.5(0.82 %),800,48800000,0,0,17778736,52.12
09/01/2024,-31100,-1878910000,61.3(-0.33 %),0,0,31100,1878910000,17778680,49.62
10/01/2024,10700,656630000,61.8(0.82 %),13100,804790000,2400,148160000,17765508,49.63
11/01/2024,-15300,-961700000,62.4(0.97 %),38500,2382050000,53800,3343750000,17758088,49.65
12/01/2024,7700,474210000,61.6(-1.28 %),7800,480480000,100,6270000,17806736,52.08
15/01/2024,8000,499270000,62.6(1.62 %),8000,499270000,0,0,17798548,49.59
16/01/2024,-300,-20670000,63(0.64 %),7800,490120000,8100,510790000,17790780,49.6
17/01/2024,-300,-19020000,62.9(-0.16 %),0,0,300,19020000,17790780,49.6
18/01/2024,-13300,-845390000,63.8(1.43 %),2300,145600000,15600,990990000,17812636,52.07
19/01/2024,10400,663360000,63.8(0.00 %),10400,663360000,0,0,17802236,52.09
22/01/2024,300,19140000,63.3(-0.78 %),300,19140000,0,0,17801936,52.09
23/01/2024,-1300,-81250000,62.7(-0.95 %),0,0,1300,81250000,17803236,52.08
24/01/2024,-100,-6270000,62.1(-0.96 %),0,0,100,6270000,17803336,52.08
25/01/2024,0,0,62.6(0.81 %),0,0,0,0,17803336,52.08
26/01/2024,5100,317430000,62.5(-0.16 %),7000,435280000,1900,117850000,17798236,52.09
29/01/2024,-100,-6220000,61.7(-1.28 %),0,0,100,6220000,17796148,49.59
30/01/2024,100,6120000,61.8(0.16 %),100,6120000,0,0,17797948,49.59
31/01/2024,0,0,61.1(-1.13 %),0,0,0,0,17798048,49.59
01/02/2024,400,23680000,62(1.47 %),400,23680000,0,0,17798049,52.09
02/02/2024,-2402,-148833600,61.6(-0.65 %),0,0,2402,148833600,17797648,49.59
05/02/2024,-1013,-62409500,62.2(0.97 %),1000,61590000,2013,123999500,17801064,52.09
06/02/2024,665,41388700,63.3(1.77 %),1400,86800000,735,45411300,17797652,49.59
07/02/2024,0,0,63(-0.47 %),0,0,0,0,17799664,49.59
15/02/2024,-93,-5795600,63(0.00 %),327,20370400,420,26166000,17800072,49.59
16/02/2024,-300,-18800000,62.9(-0.16 %),0,0,300,18800000,17800072,49.59
19/02/2024,-1900,-116600000,65(3.34 %),3400,216200000,5300,332800000,17797092,49.59
20/02/2024,-4,-261600,65.7(1.08 %),0,0,4,261600,17797392,49.59
21/02/2024,-100,-6290000,64.9(-1.22 %),400,26160000,500,32450000,17802292,49.58
22/02/2024,-100,-6500000,65.4(0.77 %),0,0,100,6500000,17802292,49.58
23/02/2024,-324,-21357200,65.5(0.15 %),0,0,324,21357200,17803220,52.08
26/02/2024,-2257,-145350800,65.2(-0.46 %),0,0,2257,145350800,17802896,49.58
27/02/2024,-20,-1376000,66.2(1.53 %),400,26220000,420,27596000,17805497,52.08
28/02/2024,700,46360000,66.3(0.15 %),700,46360000,0,0,17804797,52.08
29/02/2024,-100,-6660000,66.2(-0.15 %),200,13260000,300,19920000,17804596,49.58
01/03/2024,-105,-6848500,66.8(0.91 %),200,13240000,305,20088500,17804397,52.08
04/03/2024,90,6014000,66.8(0.00 %),100,6680000,10,666000,17804307,52.08
05/03/2024,0,0,66.4(-0.60 %),0,0,0,0,17804902,49.58
06/03/2024,0,0,66.6(0.30 %),0,0,0,0,17804307,52.08
07/03/2024,0,0,65.8(-0.90 %),0,0,0,0,17804307,52.08
08/03/2024,0,0,65.7(-0.15 %),0,0,0,0,17804307,52.08
11/03/2024,0,0,65.6(-0.15 %),0,0,0,0,17804307,52.08
12/03/2024,0,0,65(-0.91 %),0,0,0,0,17804912,49.58
13/03/2024,-800,-52880000,66.2(1.85 %),0,0,800,52880000,17804912,49.58
14/03/2024,0,0,66.6(0.60 %),0,0,0,0,17804912,52.08
15/03/2024,0,0,66.6(0.00 %),0,0,0,0,17804912,52.08
18/03/2024,-100,-6500000,65.9(-1.05 %),0,0,100,6500000,17805722,49.58
19/03/2024,-200,-12620000,67.5(2.43 %),500,33090000,700,45710000,17805222,49.58
20/03/2024,-100,-6830000,68.3(1.19 %),100,6840000,200,13670000,17805312,52.08
21/03/2024,-300,-20850000,69.2(1.32 %),0,0,300,20850000,17805612,52.08
22/03/2024,200,13780000,69.3(0.14 %),200,13780000,0,0,17805412,52.08
25/03/2024,100,6820000,67.9(-2.02 %),100,6820000,0,0,17806196,49.58
26/03/2024,0,0,67.4(-0.74 %),0,0,0,0,17805412,52.08
27/03/2024,-300,-20220000,68(0.89 %),0,0,300,20220000,17806204,49.58
28/03/2024,0,0,68(0.00 %),0,0,0,0,17806204,49.58
29/03/2024,0,0,68.7(1.03 %),0,0,0,0,17806504,49.58
01/04/2024,-3400,-230320000,67.5(-1.75 %),1100,74030000,4500,304350000,17805404,49.58
02/04/2024,0,0,67.5(0.00 %),0,0,0,0,17806504,52.08
03/04/2024,700,47390000,67.5(0.00 %),800,54160000,100,6770000,17809194,49.57
04/04/2024,100,6760000,67.4(-0.15 %),100,6760000,0,0,17805704,52.08
05/04/2024,200,13330000,67.3(-0.15 %),200,13330000,0,0,17808994,49.57
08/04/2024,6500,439090000,67.8(0.74 %),7200,486340000,700,47250000,17799004,52.09
09/04/2024,7600,515380000,68(0.29 %),7600,515380000,0,0,17791404,52.1
10/04/2024,4200,285660000,67.8(-0.29 %),4200,285660000,0,0,17787204,52.11
11/04/2024,3200,217250000,67.6(-0.29 %),3200,217250000,0,0,17787494,49.6
12/04/2024,15200,1039930000,70.3(3.99 %),16300,1116840000,1100,76910000,17771164,49.63
15/04/2024,-1500,-105000000,69.4(-1.28 %),0,0,1500,105000000,17770304,52.13
16/04/2024,-200,-13920000,69.3(-0.14 %),600,41330000,800,55250000,17770504,52.13
17/04/2024,-2300,-161390000,71(2.45 %),0,0,2300,161390000,17772604,52.13
19/04/2024,-3400,-235820000,69.3(-2.39 %),0,0,3400,235820000,17776004,52.13
22/04/2024,900,58790000,65.6(-5.34 %),1000,65360000,100,6570000,17775336,49.62
23/04/2024,9700,630420000,64.9(-1.07 %),10000,649900000,300,19480000,17768736,49.63
24/04/2024,4500,289360000,65.4(0.77 %),5100,328270000,600,38910000,17760904,52.15
25/04/2024,0,0,65.1(-0.46 %),500,32700000,500,32700000,17760904,52.15
26/04/2024,-100,-6470000,64.5(-0.92 %),200,13000000,300,19470000,17763936,49.64
02/05/2024,-2000,-128600000,65.1(0.93 %),800,52000000,2800,180600000,17763636,49.64
03/05/2024,300,19560000,65.1(0.00 %),300,19560000,0,0,17763636,49.64
06/05/2024,9600,626590000,65.2(0.15 %),9600,626590000,0,0,17756836,49.65
07/05/2024,5000,334160000,66.6(2.15 %),5100,340760000,100,6600000,17751736,49.65
08/05/2024,-900,-59980000,66.6(0.00 %),0,0,900,59980000,17751736,49.65
09/05/2024,-300,-19950000,66.8(0.30 %),0,0,300,19950000,17751836,49.65
10/05/2024,-1000,-66600000,66.5(-0.45 %),0,0,1000,66600000,17752736,49.65
13/05/2024,3000,200630000,66.5(0.00 %),4100,274290000,1100,73660000,17748936,49.66
14/05/2024,-800,-52720000,65.8(-1.05 %),0,0,800,52720000,17749036,52.17
15/05/2024,2700,176680000,66.3(0.76 %),4100,269780000,1400,93100000,17746336,52.17
16/05/2024,0,0,67(1.06 %),0,0,0,0,17746336,52.17
17/05/2024,-100,-6700000,66.6(-0.60 %),0,0,100,6700000,17749156,49.66
20/05/2024,-200,-13160000,66.4(-0.30 %),600,40020000,800,53180000,17748556,49.66
21/05/2024,200,13200000,66.6(0.30 %),300,19850000,100,6650000,17748356,49.66
22/05/2024,600,39780000,66.3(-0.45 %),600,39780000,0,0,17748556,49.66
23/05/2024,-3400,-230720000,69.8(5.28 %),100,6790000,3500,237510000,17748556,49.66
24/05/2024,100,6930000,67.5(-3.30 %),600,41210000,500,34280000,17749136,52.17
27/05/2024,-2700,-181700000,67.6(0.15 %),900,61200000,3600,242900000,17750556,49.66
28/05/2024,-100,-6800000,67.6(0.00 %),0,0,100,6800000,17751056,49.66
29/05/2024,0,0,68.4(1.18 %),0,0,0,0,17754656,49.65
30/05/2024,700,47360000,68(-0.58 %),700,47360000,0,0,17754116,49.65
31/05/2024,0,0,68.1(0.15 %),0,0,0,0,17754116,49.65
03/06/2024,400,27170000,68.9(1.17 %),500,34060000,100,6890000,17754117,52.16
04/06/2024,400,27580000,68.9(0.00 %),700,48230000,300,20650000,17753717,52.16
05/06/2024,-900,-61090000,68.4(-0.73 %),700,47810000,1600,108900000,17754617,52.16
06/06/2024,12280,851742000,69.3(1.32 %),12300,853120000,20,1378000,17740317,49.67
07/06/2024,1100,76120000,68.8(-0.72 %),1100,76120000,0,0,17740817,49.67
10/06/2024,-9282,-634847900,69.7(1.31 %),7500,520300000,16782,1155147900,17750099,52.16
11/06/2024,24600,1730760000,70.7(1.43 %),24900,1751740000,300,20980000,17740317,49.67
12/06/2024,-2642,-186793600,70.7(0.00 %),0,0,2642,186793600,17725219,49.69
13/06/2024,0,0,71.6(1.27 %),0,0,0,0,17725219,49.69
14/06/2024,700,49910000,70.4(-1.68 %),700,49910000,0,0,17727161,49.69
17/06/2024,0,0,70(-0.57 %),0,0,0,0,17727599,49.69
18/06/2024,-75,-5250000,70.1(0.14 %),0,0,75,5250000,17727599,49.69
19/06/2024,-20000,-1420790000,71.9(2.57 %),1900,134770000,21900,1555560000,17725699,49.69
20/06/2024,2000,147550000,74.4(3.48 %),2300,169440000,300,21890000,17723474,49.69
21/06/2024,700,51780000,73(-1.88 %),1400,103860000,700,52080000,17743974,49.67
24/06/2024,600,44710000,73(0.00 %),1600,117520000,1000,72810000,17742674,49.67
25/06/2024,-500,-37030000,74.2(1.64 %),100,7500000,600,44530000,17743274,49.67
26/06/2024,0,920000,75.4(1.62 %),1200,90480000,1200,89560000,17743074,49.67
27/06/2024,-200,-15150000,75(-0.53 %),0,0,200,15150000,17743674,49.67
28/06/2024,195,14723000,75.3(0.40 %),200,15100000,5,377000,17744674,49.66
04/07/2024,1900,142380000,75.1(0.00 %),2300,172360000,400,29980000,17737079,0.0
05/07/2024,600,44960000,75(-0.13 %),1000,75000000,400,30040000,17736479,0.0
08/07/2024,4300,327730000,76.7(2.27 %),4800,365930000,500,38200000,17732179,0.0
09/07/2024,-100,-7870000,80.6(5.08 %),0,0,100,7870000,17732279,0.0
10/07/2024,200,16230000,81.5(1.12 %),1600,130070000,1400,113840000,17732079,0.0
11/07/2024,5100,381710000,78.2(6.86 %),5800,434340000,700,52630000,17726979,0.0
12/07/2024,-3500,-283890000,81.6(4.35 %),1300,106990000,4800,390880000,17730479,0.0
15/07/2024,4700,392980000,87.3(6.99 %),6800,575690000,2100,182710000,17725779,0.0
16/07/2024,-1200,-113020000,93.4(6.99 %),800,72300000,2000,185320000,17726979,0.0
17/07/2024,-5800,-560180000,86.9(-6.96 %),1600,143360000,7400,703540000,17732779,0.0
18/07/2024,0,-420000,85(-2.19 %),4300,362560000,4300,362980000,17732779,0.0
19/07/2024,0,-1030000,81.4(-4.24 %),900,74190000,900,75220000,17732779,0.0
22/07/2024,4200,342720000,81(-0.49 %),11500,911770000,7300,569050000,17728579,0.0
23/07/2024,900,69500000,82.2(1.48 %),3600,293380000,2700,223880000,17727679,0.0
24/07/2024,2300,184990000,82.1(-0.12 %),4600,375840000,2300,190850000,17725379,0.0
25/07/2024,-6400,-522000000,81.1(-1.22 %),600,48980000,7000,570980000,17731779,0.0
26/07/2024,-83700,-7034890000,85.3(5.18 %),41300,3416610000,125000,10451500000,17815479,0.0
29/07/2024,-2700,-236660000,86(0.82 %),3800,331590000,6500,568250000,17818179,0.0
30/07/2024,-2700,-236660000,83(-3.49 %),3800,331590000,6500,568250000,17820879,0.0
31/07/2024,-22500,-1857230000,81.9(-1.33 %),1200,98880000,23700,1956110000,17843379,0.0
01/08/2024,-18100,-1484210000,79.5(-2.93 %),2700,213380000,20800,1697590000,19585089,0.0
02/08/2024,-19900,-1672470000,81.5(2.52 %),22200,1822550000,42100,3495020000,19604989,0.0
05/08/2024,-9400,-765260000,80.9(-0.74 %),2900,234390000,12300,999650000,19614389,0.0
06/08/2024,9000,729340000,82.2(1.61 %),9200,745490000,200,16150000,19605389,0.0
07/08/2024,-4900,-408590000,82.8(0.73 %),6300,522730000,11200,931320000,19610289,0.0
08/08/2024,-13100,-1077910000,82.5(-0.36 %),100,8290000,13200,1086200000,19623389,0.0
09/08/2024,-8000,-655990000,82.2(-0.36 %),0,0,8000,655990000,19631389,0.0
12/08/2024,-29200,-2457990000,84.3(2.55 %),6000,505610000,35200,2963600000,19660589,0.0
13/08/2024,-4900,-410130000,84(-0.36 %),0,0,4900,410130000,19665489,0.0
14/08/2024,900,74830000,84.9(1.07 %),1800,151820000,900,76990000,19664589,0.0
15/08/2024,5300,452640000,84.7(-0.24 %),5300,452640000,0,0,19659289,0.0
16/08/2024,23700,2042960000,87(2.72 %),25000,2155390000,1300,112430000,19635589,0.0
19/08/2024,-15400,-1352180000,88(1.15 %),3100,271710000,18500,1623890000,19650989,0.0
20/08/2024,-22800,-2011470000,88.3(0.34 %),200,17460000,23000,2028930000,19673789,0.0
21/08/2024,-24100,-2096600000,86.3(-2.27 %),1300,112590000,25400,2209190000,19697889,0.0
22/08/2024,-3200,-275620000,86.2(-0.12 %),2300,196270000,5500,471890000,19701089,0.0
23/08/2024,-3300,-281340000,85.4(-0.93 %),0,0,3300,281340000,19704389,0.0
26/08/2024,-900,-76270000,85(-0.47 %),0,0,900,76270000,19705289,0.0
27/08/2024,-1000,-84650000,84.8(-0.24 %),400,33400000,1400,118050000,19706289,0.0
28/08/2024,-1400,-118380000,84.4(-0.47 %),0,0,1400,118380000,19707689,0.0
29/08/2024,1400,118620000,85.6(1.42 %),1400,118620000,0,0,19706289,0.0
30/08/2024,11100,969940000,87.8(2.57 %),11100,969940000,0,0,19695189,0.0
04/09/2024,-28400,-2587170000,93.9(6.95 %),43000,3952910000,71400,6540080000,19740934,0.0
05/09/2024,1900,181270000,91.3(-2.77 %),8700,817920000,6800,636650000,19739034,0.0
06/09/2024,25100,2383790000,97(6.24 %),29000,2747850000,3900,364060000,19713934,0.0
09/09/2024,-30100,-2956700000,96.2(-0.82 %),7300,714490000,37400,3671190000,19744034,0.0
10/09/2024,-3200,-286110000,93(-3.33 %),28600,2704750000,31800,2990860000,19747234,0.0
11/09/2024,17600,1633690000,93.1(0.11 %),21600,2007350000,4000,373660000,19729634,0.0
12/09/2024,-3900,-365730000,94(0.97 %),3700,347500000,7600,713230000,19733534,0.0
13/09/2024,1100,102430000,94(0.00 %),2900,270530000,1800,168100000,19732434,0.0
16/09/2024,-17000,-1580720000,93(-1.06 %),3000,279430000,20000,1860150000,19749434,0.0
17/09/2024,-14100,-673215000,49.75(6.99 %),25500,1255485000,39600,1928700000,19763534,0.0
18/09/2024,-8400,-447890000,53.2(6.93 %),2600,133110000,11000,581000000,19771934,0.0
19/09/2024,10100,508150000,52.4(-1.50 %),26800,1436470000,16700,928320000,19761834,0.0
20/09/2024,-11400,-593340000,51.3(-2.10 %),6300,323380000,17700,916720000,19773234,0.0
23/09/2024,-2700,-139940000,51.8(0.97 %),800,41590000,3500,181530000,19775934,0.0
24/09/2024,-9300,-479800000,51.8(0.00 %),300,15330000,9600,495130000,19785234,0.0
25/09/2024,-35700,-1817670000,50.3(-2.90 %),4900,248400000,40600,2066070000,19820934,0.0
26/09/2024,100,5040000,50.2(-0.20 %),100,5040000,0,0,19820834,0.0
27/09/2024,5100,257370000,50.3(0.20 %),7700,388070000,2600,130700000,19815734,0.0
30/09/2024,0,-60000,50(-0.60 %),200,10060000,200,10120000,19815734,0.0
01/10/2024,4500,225640000,50.1(0.20 %),4600,230670000,100,5030000,19841406,0.0
02/10/2024,-6200,-312840000,50.7(1.20 %),900,45400000,7100,358240000,19847606,0.0
03/10/2024,4000,199900000,49.9(-1.58 %),4000,199900000,0,0,19843606,0.0
04/10/2024,-100,-5525000,49(-1.80 %),2100,104130000,2200,109655000,19843706,0.0
07/10/2024,-9500,-461500000,48.2(-1.63 %),0,0,9500,461500000,19853206,0.0
08/10/2024,2200,102995000,47.75(-0.93 %),2700,126775000,500,23780000,19851006,0.0
09/10/2024,9900,467515000,47.1(-1.36 %),10700,505380000,800,37865000,19841106,0.0
10/10/2024,-14100,-676950000,48(1.91 %),800,38365000,14900,715315000,19855206,0.0
11/10/2024,-2000,-95725000,48(0.00 %),1000,48940000,3000,144665000,19857206,0.0
14/10/2024,-16100,-768980000,47.1(-1.88 %),900,43200000,17000,812180000,19873306,0.0
15/10/2024,0,0,46.8(-0.64 %),0,0,0,0,19873306,0.0
16/10/2024,-1700,-79655000,46.9(0.21 %),200,9390000,1900,89045000,19875006,0.0
17/10/2024,0,0,47(0.21 %),100,4705000,100,4705000,19875006,0.0
18/10/2024,1200,56160000,46.85(-0.32 %),1200,56160000,0,0,19873806,0.0
21/10/2024,11200,499465000,44.45(-5.12 %),12300,549085000,1100,49620000,19862606,0.0
22/10/2024,11200,482180000,42.6(-4.16 %),18000,777820000,6800,295640000,19851406,0.0
23/10/2024,-400,-17360000,43.3(1.64 %),2000,85820000,2400,103180000,19851806,0.0
24/10/2024,5900,264315000,45(3.93 %),7600,340275000,1700,75960000,19845906,0.0
25/10/2024,-11600,-531700000,44.75(-0.56 %),400,18000000,12000,549700000,19857506,0.0
28/10/2024,-6300,-286010000,44.7(-0.11 %),400,17705000,6700,303715000,19863806,0.0
29/10/2024,-21600,-958550000,44.4(-0.67 %),0,0,21600,958550000,19885406,0.0
30/10/2024,8500,380525000,45.2(1.80 %),8800,394060000,300,13535000,19876906,0.0
31/10/2024,-1600,-71925000,45(-0.44 %),1300,58295000,2900,130220000,19878506,0.0
01/11/2024,-8100,-362600000,45(0.00 %),1000,45000000,9100,407600000,39626333,0.0
04/11/2024,1200,52715000,44.3(-1.56 %),2500,110420000,1300,57705000,39625133,0.0
05/11/2024,-1600,-71065000,44.3(0.00 %),500,22025000,2100,93090000,39626733,0.0
06/11/2024,11200,493535000,44.25(-0.11 %),11400,502395000,200,8860000,39615533,0.0
07/11/2024,6100,268840000,44.6(0.79 %),7000,308680000,900,39840000,39609433,0.0
08/11/2024,-7500,-329930000,44(-1.35 %),800,35290000,8300,365220000,39616933,0.0
11/11/2024,-14300,-620795000,43.9(-0.23 %),2000,85650000,16300,706445000,39631233,0.0
12/11/2024,-1200,-52475000,43.25(-1.48 %),6700,288845000,7900,341320000,39567787,49.31
13/11/2024,6000,257695000,42.8(-1.04 %),9300,399220000,3300,141525000,39626433,0.0
14/11/2024,5500,236995000,42.8(0.00 %),6700,288075000,1200,51080000,39620933,0.0
15/11/2024,-7200,-308485000,42.3(-1.17 %),2600,110560000,9800,419045000,39628133,0.0
18/11/2024,-10700,-446325000,41.8(-1.18 %),3800,158440000,14500,604765000,39638833,0.0
19/11/2024,10200,428435000,41.8(0.00 %),14200,596235000,4000,167800000,39628633,0.0
20/11/2024,10800,450590000,41.8(0.00 %),14100,588000000,3300,137410000,39617833,0.0
21/11/2024,800,35140000,41.4(-0.96 %),4400,184395000,3600,149255000,39617033,0.0
22/11/2024,3100,128505000,41.35(-0.12 %),8800,364320000,5700,235815000,39613933,0.0
25/11/2024,11800,498280000,44(6.41 %),23400,1004870000,11600,506590000,39596287,49.3
26/11/2024,-16200,-715730000,43.7(-0.68 %),1100,48500000,17300,764230000,39600887,49.29
27/11/2024,-1200,-52390000,43.2(-1.14 %),3600,155290000,4800,207680000,39608887,49.29
28/11/2024,2000,91320000,44.85(3.82 %),12300,550165000,10300,458845000,39613887,49.28
29/11/2024,-31600,-1439295000,44.85(0.00 %),1700,77270000,33300,1516565000,39616987,49.28
02/12/2024,6100,275465000,45.5(1.45 %),8900,402450000,2800,126985000,39618387,49.28
03/12/2024,40700,1907050000,48.65(6.92 %),54600,2570160000,13900,663110000,39597087,49.29
04/12/2024,9600,418460000,48(-1.34 %),23900,1137535000,14300,719075000,39575987,49.31
05/12/2024,7300,337005000,48.2(0.42 %),18300,870680000,11000,533675000,39571587,49.31
09/12/2024,28300,1330420000,47.05(1.40 %),34300,1614685000,6000,284265000,39558887,49.32
10/12/2024,20900,1001595000,48.15(2.34 %),32400,1554855000,11500,553260000,39565087,49.32
16/12/2024,-2500,-120720000,47.55(-2.26 %),3100,150575000,5600,271295000,39560188,49.32
17/12/2024,-14400,-691235000,48(0.95 %),0,0,14400,691235000,39616088,49.28
18/12/2024,13800,664960000,48(0.00 %),18800,906270000,5000,241310000,39602888,49.29
19/12/2024,38700,1852760000,47.7(-0.62 %),39600,1895720000,900,42960000,39577764,49.31
20/12/2024,23000,1103170000,48.3(1.26 %),28900,1386165000,5900,282995000,39553864,49.32
24/12/2024,0,0,48.5(-0.51 %),0,0,0,0,39539464,49.33
25/12/2024,-40100,-1913195000,47.5(-2.06 %),26400,1282930000,66500,3196125000,39549664,49.33
26/12/2024,-10100,-480615000,48.45(2.00 %),0,0,10100,480615000,39556764,49.32
27/12/2024,-2100,-101045000,47.7(-1.55 %),100,4850000,2200,105895000,39623163,49.28
30/12/2024,-4300,-205135000,47.25(-0.94 %),300,14250000,4600,219385000,39632963,49.27
31/12/2024,-1500,-69850000,47(-0.53 %),6200,292325000,7700,362175000,39628963,49.27
02/01/2025,16100,758095000,47.35(0.74 %),16100,758095000,0,0,39617463,49.28
03/01/2025,-1200,-56745000,46.3(-2.22 %),0,0,1200,56745000,39625163,49.28
06/01/2025,-17100,-791265000,43.5(-6.05 %),5100,226240000,22200,1017505000,39620063,49.28
07/01/2025,28600,1266510000,44.2(1.61 %),29100,1288585000,500,22075000,39620063,49.28
08/01/2025,4000,174770000,44.05(-0.34 %),13200,582405000,9200,407635000,39601163,49.29
09/01/2025,5800,256460000,43.55(-1.14 %),13600,599710000,7800,343250000,39588063,49.3
10/01/2025,-6300,-274850000,43.7(0.34 %),5100,225315000,11400,500165000,39592163,49.3
13/01/2025,-6800,-291910000,43.7(0.00 %),3300,142255000,10100,434165000,39596663,49.3
14/01/2025,-5400,-239420000,43(-1.60 %),7300,314135000,12700,553555000,39600763,49.29
15/01/2025,-3600,-154920000,43.3(0.70 %),1700,73365000,5300,228285000,39609163,49.29
16/01/2025,4000,177690000,43.5(0.46 %),6800,299880000,2800,122190000,39605163,0.0
17/01/2025,-9500,-422760000,44.3(1.84 %),3300,144770000,12800,567530000,39617063,49.28
20/01/2025,-7100,-315260000,44.9(1.35 %),3700,165440000,10800,480700000,39616163,49.28
21/01/2025,-18200,-809580000,44.35(-1.22 %),0,0,18200,809580000,39628963,49.27
22/01/2025,11800,531730000,45.2(1.92 %),17500,790450000,5700,258720000,39622263,49.28
23/01/2025,-800,-37905000,44.8(-0.88 %),2600,114765000,3400,152670000,39637863,49.27
24/01/2025,1500,65535000,44.2(-1.34 %),4300,190155000,2800,124620000,39639263,49.27
03/02/2025,14600,647130000,0(0.00 %),16200,717515000,1600,70385000,39626463,49.28
04/02/2025,14500,651560000,45.2(1.35 %),16400,736965000,1900,85405000,39612863,49.28
05/02/2025,20500,920500000,45(-0.44 %),30600,1373840000,10100,453340000,39583863,49.3
06/02/2025,27300,1238835000,47(4.44 %),39400,1799145000,12100,560310000,39546363,49.33
07/02/2025,-15400,-741145000,47.25(0.53 %),16200,761600000,31600,1502745000,39540263,49.33
10/02/2025,-3400,-162285000,46.45(-1.69 %),4800,223285000,8200,385570000,39547563,49.33
11/02/2025,40500,1966855000,48.6(4.63 %),59700,2907315000,19200,940460000,39519453,49.35
12/02/2025,-12800,-623820000,48(-1.23 %),6200,298375000,19000,922195000,39521453,49.34
13/02/2025,11800,559645000,47.9(-0.21 %),21900,1050065000,10100,490420000,39518753,49.35
14/02/2025,8200,390560000,48.1(0.42 %),20700,993935000,12500,603375000,39517053,49.35
17/02/2025,52300,2580600000,48.8(1.46 %),68500,3381695000,16200,801095000,39458653,49.38
18/02/2025,-21000,-1024890000,48.85(0.10 %),1200,58930000,22200,1083820000,39469953,49.38
19/02/2025,-30400,-1489885000,48(-1.74 %),18900,911915000,49300,2401800000,39467263,49.38
20/02/2025,14100,699595000,49.25(2.60 %),30100,1468280000,16000,768685000,39459363,49.38
21/02/2025,12400,607980000,48.5(-1.52 %),21400,1052605000,9000,444625000,39487295,49.37
24/02/2025,5200,242105000,48.1(-0.82 %),17500,836345000,12300,594240000,39485795,49.37
25/02/2025,700,30665000,47.75(-0.73 %),9800,466945000,9100,436280000,39484995,49.37
26/02/2025,22400,1076880000,48(0.52 %),29800,1430480000,7400,353600000,39467495,49.38
27/02/2025,5500,262965000,47.9(-0.21 %),16800,803315000,11300,540350000,39459795,49.38
28/02/2025,8500,406775000,47.9(0.00 %),23000,1097390000,14500,690615000,39444197,49.39
03/03/2025,-25600,-1224425000,47.4(-1.04 %),200,9480000,25800,1233905000,39455297,49.39
04/03/2025,-12400,-583500000,47.05(-0.74 %),21600,1017475000,34000,1600975000,39448197,49.39
05/03/2025,-6300,-293815000,46.25(-1.70 %),3900,181825000,10200,475640000,39470092,49.38
06/03/2025,-5600,-257370000,46.6(0.76 %),3600,167865000,9200,425235000,39500492,49.36
07/03/2025,-3800,-176335000,46.6(0.00 %),10500,492810000,14300,669145000,39500192,49.36
10/03/2025,-12700,-587380000,45.95(-1.39 %),6200,286455000,18900,873835000,39503192,49.36
11/03/2025,8500,408540000,46.6(1.41 %),36000,1680225000,27500,1271685000,39503192,49.36
12/03/2025,48800,2370445000,48.9(4.94 %),65200,3142355000,16400,771910000,39435222,49.4
13/03/2025,10300,503010000,48.2(-1.43 %),26600,1301690000,16300,798680000,39436122,49.4
14/03/2025,11100,535785000,48.2(0.00 %),24300,1172770000,13200,636985000,39428197,49.4
17/03/2025,-24600,-1164760000,47.4(-1.66 %),2000,94735000,26600,1259495000,39442497,49.4
18/03/2025,-22900,-1083050000,48(1.27 %),600,28440000,23500,1111490000,39455097,49.39
19/03/2025,35900,1826745000,51.3(6.87 %),59500,3012655000,23600,1185910000,39422197,49.41
20/03/2025,-8600,-449580000,52(1.36 %),42500,2188170000,51100,2637750000,39403197,49.42
21/03/2025,34400,1803750000,51.6(-0.77 %),73300,3852810000,38900,2049060000,39353512,49.45
24/03/2025,-61800,-2991030000,48(-6.98 %),39300,1915310000,101100,4906340000,39365312,49.45
25/03/2025,-34600,-1611290000,45.15(-5.94 %),42900,1974970000,77500,3586260000,39361312,49.45
26/03/2025,-17900,-827470000,45.6(1.00 %),11300,516140000,29200,1343610000,39451112,49.39
27/03/2025,-14100,-642095000,45.65(0.11 %),1400,63915000,15500,706010000,39527212,49.34
28/03/2025,-43400,-1979940000,45.55(-0.22 %),800,36520000,44200,2016460000,39555612,49.32
31/03/2025,2500,112665000,44.55(-2.20 %),4300,193815000,1800,81150000,39566812,49.31
01/04/2025,2000,89770000,45(1.01 %),3500,157430000,1500,67660000,39607512,49.29
02/04/2025,9900,451220000,45.25(0.56 %),10500,478405000,600,27185000,39598812,49.29
03/04/2025,-4700,-188180000,42.1(-6.96 %),6800,298310000,11500,486490000,39593512,49.3
04/04/2025,17200,675610000,41.65(-1.07 %),28000,1110400000,10800,434790000,39566013,49.31
08/04/2025,-2500,-108895000,38.75(-6.96 %),8400,329560000,10900,438455000,39569113,49.31
09/04/2025,66200,2655095000,39.45(1.81 %),74000,2956815000,7800,301720000,39506047,49.35
10/04/2025,0,0,42.2(6.97 %),0,0,0,0,39516947,49.35
11/04/2025,31300,1349225000,43.95(4.15 %),64600,2779140000,33300,1429915000,39460147,49.38
14/04/2025,18900,832735000,43.9(-0.11 %),31900,1401855000,13000,569120000,39428247,49.4
15/04/2025,1900,80520000,43.05(-1.94 %),4000,171990000,2100,91470000,39457559,49.39
16/04/2025,-7900,-339715000,42.9(-0.35 %),2100,89920000,10000,429635000,39468459,49.38
17/04/2025,2700,113300000,43.05(0.35 %),5900,249660000,3200,136360000,39464659,49.38
18/04/2025,6000,256800000,43.45(0.93 %),8800,378650000,2800,121850000,39465859,49.38
21/04/2025,-2100,-91585000,43.45(0.00 %),100,4320000,2200,95905000,39468959,49.38
22/04/2025,-14600,-626490000,42(-3.34 %),4500,185335000,19100,811825000,39467259,49.38
23/04/2025,-3500,-151070000,42.9(2.14 %),2800,119870000,6300,270940000,39466659,49.38
24/04/2025,14900,654555000,43.6(1.63 %),16800,737685000,1900,83130000,39468959,49.38
25/04/2025,-22800,-981230000,42.8(-1.83 %),0,0,22800,981230000,39475259,49.37
28/04/2025,-4600,-196465000,43(0.47 %),4700,202890000,9300,399355000,39472459,49.38
29/04/2025,-300,-12925000,43(0.00 %),500,21445000,800,34370000,39494765,49.36
05/05/2025,2600,51400000,43.5(1.16 %),2600,111620000,0,60220000,39502865,49.36
06/05/2025,1700,73895000,43.5(0.00 %),2000,87005000,300,13110000,39501965,49.36
07/05/2025,63000,2823140000,44.4(2.07 %),81600,3650940000,18600,827800000,39438965,49.4
08/05/2025,182100,8427430000,47(5.86 %),211200,9787690000,29100,1360260000,39256865,49.52
09/05/2025,543800,26670720000,49.3(4.89 %),549400,26944175000,5600,273455000,38713065,49.87
12/05/2025,130600,6444415000,49.35(0.10 %),134500,6636425000,3900,192010000,38582465,49.95
13/05/2025,-98300,-4680540000,47.5(-3.75 %),52300,2548410000,150600,7228950000,38582465,49.95
14/05/2025,-2000,-97420000,48(1.05 %),900,43310000,2900,140730000,38582465,49.95
15/05/2025,27300,1223885000,49.2(2.50 %),27300,1330195000,0,106310000,38655665,49.91
16/05/2025,400,-34300000,48.4(-1.63 %),400,19600000,0,53900000,38657665,49.9
19/05/2025,68100,3232160000,49.95(3.20 %),68100,3380380000,0,148220000,38592565,49.95
20/05/2025,34100,240130000,49.5(-0.90 %),34100,1720630000,0,1480500000,38588565,49.95
21/05/2025,69810,3389020000,50.2(1.41 %),69810,3488180000,0,99160000,38520755,49.99
22/05/2025,34700,1638865000,50.6(0.80 %),34700,1761045000,0,122180000,38488455,50.01
23/05/2025,-45100,-2369630000,52(2.77 %),3900,204060000,49000,2573690000,38488455,50.01
26/05/2025,585802,27204716000,54.7(5.19 %),585802,31643776000,0,4439060000,37984253,50.34
27/05/2025,-18500,-984690000,52.8(-3.47 %),2000,107630000,20500,1092320000,38029353,50.31
28/05/2025,200,-7761910000,51.2(-3.03 %),200,10300000,0,7772210000,38029353,50.31
29/05/2025,19600,815920000,52.4(2.34 %),19600,1023410000,0,207490000,38032253,50.31
30/05/2025,12000,-125880000,52(-0.76 %),12000,625800000,0,751680000,38183153,50.21
02/06/2025,26100,1343760000,52.5(0.96 %),26100,1359510000,0,15750000,38157353,50.23
03/06/2025,300,15750000,52(-0.95 %),300,15750000,0,0,38159353,50.23
04/06/2025,12300,592610000,51.7(-0.58 %),12300,639410000,0,46800000,38147953,50.24
05/06/2025,8000,261276000,52(0.58 %),8000,416480000,0,155204000,38142955,50.24
06/06/2025,0,-41510000,52.2(0.38 %),0,0,0,41510000,42702621,50.24
09/06/2025,10400,-4831672600,50.4(-2.51 %),10400,527090000,0,5358762600,42702621,50.24
10/06/2025,0,0,50.7(0.60 %),0,0,0,0,42703421,50.24
11/06/2025,700,35660000,50.5(-0.39 %),800,40720000,100,5060000,42797851,50.18
12/06/2025,-1000,-51000000,50.9(0.79 %),0,0,1000,51000000,42797851,50.18
13/06/2025,25100,1268230000,50.4(-0.98 %),25300,1278330000,200,10100000,42772751,50.19
16/06/2025,30400,1546260000,51.6(2.38 %),33200,1689990000,2800,143730000,42743351,50.21
17/06/2025,-1400,-67450000,51.6(0.00 %),12000,623270000,13400,690720000,42743351,50.21
18/06/2025,-3800,-194370000,51.3(-0.58 %),100,5160000,3900,199530000,42743351,50.21
19/06/2025,-12100,-615850000,51.3(0.00 %),900,45720000,13000,661570000,42744751,50.21
20/06/2025,7900,407160000,51.6(0.58 %),11400,586170000,3500,179010000,42740651,50.21
23/06/2025,-9300,-474730000,51.1(-0.97 %),1000,51000000,10300,525730000,42752751,50.21
24/06/2025,-9200,-471170000,51.3(0.39 %),0,0,9200,471170000,42752751,50.21
25/06/2025,-3500,-178590000,51.2(-0.19 %),0,0,3500,178590000,42762051,50.2
26/06/2025,-9900,-503850000,51.1(-0.20 %),1400,71400000,11300,575250000,42771251,50.19
27/06/2025,20900,1071620000,51.4(0.59 %),34600,1772720000,13700,701100000,42753851,50.21
30/06/2025,5300,273120000,51.6(0.39 %),6800,350310000,1500,77190000,42758363,50.2
01/07/2025,8200,422270000,51.6(0.00 %),10400,535400000,2200,113130000,42750163,50.21
02/07/2025,-23800,-1269440000,52(0.78 %),21600,1142620000,45400,2412060000,42750163,50.21
03/07/2025,41100,2136970000,51.6(-0.77 %),44800,2330560000,3700,193590000,42709063,50.23
04/07/2025,-6900,-356180000,52(0.78 %),4500,232050000,11400,588230000,42732863,50.22
07/07/2025,1900,100470000,52(0.00 %),9200,482950000,7300,382480000,42730963,50.22
08/07/2025,21400,1114750000,52.2(0.38 %),25400,1322780000,4000,208030000,42716463,50.23
09/07/2025,20600,1083450000,52.6(0.77 %),46000,2436340000,25400,1352890000,42695863,50.24
10/07/2025,-12400,-657810000,52.7(0.19 %),2700,143110000,15100,800920000,42695863,50.24
11/07/2025,-26400,-1375950000,51.9(-1.52 %),100,5200000,26500,1381150000,42695863,50.24
14/07/2025,18300,950970000,51.8(-0.19 %),20200,1049550000,1900,98580000,42689963,50.25
15/07/2025,67400,3497730000,51.9(0.19 %),70500,3657770000,3100,160040000,42648963,50.27
16/07/2025,12500,648730000,51.8(-0.19 %),19200,996010000,6700,347280000,42636463,50.28
17/07/2025,34400,1785170000,51.8(0.00 %),40100,2080540000,5700,295370000,42636463,50.28
18/07/2025,-9600,-496400000,51.7(-0.19 %),2000,103540000,11600,599940000,42602063,50.3
21/07/2025,-18500,-966410000,52(0.58 %),24900,1310730000,43400,2277140000,42602063,50.3
22/07/2025,-800,-39870000,52.2(0.38 %),9100,474160000,9900,514030000,42611663,50.3
23/07/2025,30500,1598470000,52(-0.38 %),33500,1757160000,3000,158690000,42599663,50.31
24/07/2025,-20400,-1058760000,52(0.00 %),200,10380000,20600,1069140000,42600463,50.31
25/07/2025,-15400,-799090000,51.9(-0.19 %),6700,347720000,22100,1146810000,42600463,50.31
28/07/2025,14800,773120000,51.9(0.00 %),18500,965020000,3700,191900000,42606063,50.3
29/07/2025,-33800,-1731360000,51(-1.73 %),29200,1507180000,63000,3238540000,42621463,50.29
30/07/2025,6800,346020000,50.5(-0.98 %),26100,1330100000,19300,984080000,42614663,50.3
31/07/2025,54400,2829030000,52(2.97 %),84800,4367250000,30400,1538220000,42594063,50.31
01/08/2025,55800,2929110000,52.7(1.35 %),85600,4504570000,29800,1575460000,42538263,50.35
04/08/2025,130900,7090380000,54.3(3.04 %),151000,8177830000,20100,1087450000,42407363,50.43
05/08/2025,16400,874900000,53.8(-0.92 %),28200,1520860000,11800,645960000,42390963,50.44
06/08/2025,400,25960000,52.6(-2.23 %),36900,1958710000,36500,1932750000,42389463,50.44
07/08/2025,-2400,-124610000,52.4(-0.38 %),12700,666900000,15100,791510000,42389463,50.44
08/08/2025,130000,6982740000,53.9(2.86 %),142400,7640850000,12400,658110000,42259463,50.53
11/08/2025,-2900,-155740000,53.1(-1.48 %),11400,607770000,14300,763510000,42261863,50.52
12/08/2025,1700,90960000,53(-0.19 %),8900,472460000,7200,381500000,42260197,50.53
13/08/2025,221800,12006660000,54.6(3.02 %),249400,13500140000,27600,1493480000,42041281,50.67
14/08/2025,-34600,-1875800000,54(-1.10 %),1900,103270000,36500,1979070000,42041281,50.67
15/08/2025,518800,28806100000,55(1.85 %),568800,31529890000,50000,2723790000,41522481,51.0
18/08/2025,-34600,-1893730000,54.9(-0.18 %),2800,152870000,37400,2046600000,41557081,50.98
19/08/2025,50300,2817340000,54.3(-1.09 %),88700,4938030000,38400,2120690000,41476781,51.03
20/08/2025,-1800,-114710000,52.8(-2.76 %),32000,1698980000,33800,1813690000,41511381,51.01
21/08/2025,209400,11286550000,54(2.27 %),223700,12044560000,14300,758010000,41302065,51.15
22/08/2025,-1700,-90310000,53.2(-1.48 %),900,47420000,2600,137730000,41302065,51.15
25/08/2025,43200,2319940000,52.7(-0.94 %),69500,3699940000,26300,1380000000,41303865,51.15
26/08/2025,100,3790000,0(-100.00 %),3300,172130000,3200,168340000,41260665,51.17
