Ngay,GiaDieuChinh,GiaDongCua,ThayDoi,KhoiLuongKhopLenh,GiaTriKhopLenh,KLThoaThuan,GtThoaThuan,GiaMoCua,GiaCaoNhat,GiaThapNhat
01/11/2016,9.0,10.0,0(0.00 %),0,0,0,0,10.0,10.0,10.0
02/11/2016,9.0,10.0,0(0.00 %),0,0,0,0,10.0,10.0,10.0
03/11/2016,9.0,10.0,0(0.00 %),0,0,0,0,10.0,10.0,10.0
04/11/2016,9.0,10.0,0(0.00 %),0,0,0,0,10.0,10.0,10.0
07/11/2016,9.0,10.0,0(0.00 %),0,0,0,0,10.0,10.0,10.0
08/11/2016,9.0,10.0,0(0.00 %),0,0,0,0,10.0,10.0,10.0
09/11/2016,9.0,10.0,0(0.00 %),0,0,0,0,10.0,10.0,10.0
10/11/2016,9.0,10.0,0(0.00 %),0,0,0,0,10.0,10.0,10.0
11/11/2016,9.0,10.0,0(0.00 %),0,0,0,0,10.0,10.0,10.0
14/11/2016,9.0,10.0,0(0.00 %),0,0,0,0,10.0,10.0,10.0
15/11/2016,9.0,10.0,0(0.00 %),0,0,0,0,10.0,10.0,10.0
16/11/2016,9.0,10.0,0(0.00 %),0,0,0,0,10.0,10.0,10.0
17/11/2016,9.0,10.0,0(0.00 %),0,0,0,0,10.0,10.0,10.0
18/11/2016,9.0,10.0,0(0.00 %),0,0,0,0,10.0,10.0,10.0
21/11/2016,9.0,10.0,0(0.00 %),0,0,0,0,10.0,10.0,10.0
22/11/2016,9.0,10.0,0(0.00 %),0,0,0,0,10.0,10.0,10.0
23/11/2016,9.0,10.0,0(0.00 %),0,0,0,0,10.0,10.0,10.0
24/11/2016,9.0,10.0,0(0.00 %),0,0,0,0,10.0,10.0,10.0
25/11/2016,9.0,10.0,0(0.00 %),0,0,0,0,10.0,10.0,10.0
28/11/2016,9.0,10.0,0(0.00 %),0,0,0,0,10.0,10.0,10.0
29/11/2016,9.0,10.0,0(0.00 %),0,0,0,0,10.0,10.0,10.0
30/11/2016,9.0,10.0,0(0.00 %),0,0,0,0,10.0,10.0,10.0
01/12/2016,9.0,10.0,0(0.00 %),0,0,0,0,10.0,10.0,10.0
02/12/2016,9.0,10.0,0(0.00 %),0,0,0,0,10.0,10.0,10.0
05/12/2016,9.0,10.0,0(0.00 %),0,0,0,0,10.0,10.0,10.0
06/12/2016,9.0,10.0,0(0.00 %),0,0,0,0,10.0,10.0,10.0
07/12/2016,9.0,10.0,0(0.00 %),0,0,0,0,10.0,10.0,10.0
08/12/2016,9.0,10.0,0(0.00 %),0,0,0,0,10.0,10.0,10.0
09/12/2016,9.0,10.0,0(0.00 %),0,0,0,0,10.0,10.0,10.0
12/12/2016,9.0,10.0,0(0.00 %),0,0,0,0,10.0,10.0,10.0
13/12/2016,9.0,10.0,0(0.00 %),0,0,0,0,10.0,10.0,10.0
14/12/2016,9.0,10.0,0(0.00 %),0,0,0,0,10.0,10.0,10.0
15/12/2016,9.0,10.0,0(0.00 %),0,0,0,0,10.0,10.0,10.0
16/12/2016,9.0,10.0,0(0.00 %),0,0,0,0,10.0,10.0,10.0
19/12/2016,9.0,10.0,0(0.00 %),0,0,0,0,10.0,10.0,10.0
20/12/2016,9.0,10.0,0(0.00 %),0,0,0,0,10.0,10.0,10.0
21/12/2016,9.0,10.0,0(0.00 %),0,0,0,0,10.0,10.0,10.0
22/12/2016,9.0,10.0,0(0.00 %),0,0,0,0,10.0,10.0,10.0
23/12/2016,9.0,10.0,0(0.00 %),0,0,0,0,10.0,10.0,10.0
26/12/2016,9.0,10.0,0(0.00 %),0,0,0,0,10.0,10.0,10.0
27/12/2016,9.0,10.0,0(0.00 %),0,0,0,0,10.0,10.0,10.0
28/12/2016,9.0,10.0,0(0.00 %),0,0,0,0,10.0,10.0,10.0
29/12/2016,9.0,10.0,0(0.00 %),0,0,0,0,10.0,10.0,10.0
30/12/2016,9.0,10.0,0(0.00 %),0,0,0,0,10.0,10.0,10.0
03/01/2017,9.0,10.0,0(0.00 %),0,0,0,0,10.0,10.0,10.0
04/01/2017,9.0,10.0,0(0.00 %),0,0,0,0,10.0,10.0,10.0
05/01/2017,9.0,10.0,0(0.00 %),0,0,0,0,10.0,10.0,10.0
06/01/2017,9.0,10.0,0(0.00 %),0,0,0,0,10.0,10.0,10.0
09/01/2017,9.0,10.0,0(0.00 %),0,0,0,0,10.0,10.0,10.0
10/01/2017,9.0,10.0,0(0.00 %),0,0,0,0,10.0,10.0,10.0
11/01/2017,9.0,10.0,0(0.00 %),0,0,0,0,10.0,10.0,10.0
12/01/2017,9.0,10.0,0(0.00 %),0,0,0,0,10.0,10.0,10.0
13/01/2017,9.0,10.0,0(0.00 %),0,0,0,0,10.0,10.0,10.0
16/01/2017,9.0,10.0,0(0.00 %),0,0,0,0,10.0,10.0,10.0
17/01/2017,9.0,10.0,0(0.00 %),0,0,0,0,10.0,10.0,10.0
18/01/2017,9.0,10.0,0(0.00 %),0,0,0,0,10.0,10.0,10.0
19/01/2017,9.0,10.0,0(0.00 %),0,0,0,0,10.0,10.0,10.0
20/01/2017,9.0,10.0,0(0.00 %),0,0,0,0,10.0,10.0,10.0
23/01/2017,9.0,10.0,0(0.00 %),0,0,0,0,10.0,10.0,10.0
24/01/2017,9.0,10.0,0(0.00 %),0,0,0,0,10.0,10.0,10.0
25/01/2017,9.0,10.0,0(0.00 %),0,0,0,0,10.0,10.0,10.0
02/02/2017,9.0,10.0,0(0.00 %),0,0,0,0,10.0,10.0,10.0
03/02/2017,9.0,10.0,0(0.00 %),0,0,0,0,10.0,10.0,10.0
06/02/2017,9.0,10.0,0(0.00 %),0,0,0,0,10.0,10.0,10.0
07/02/2017,9.0,10.0,0(0.00 %),0,0,0,0,10.0,10.0,10.0
08/02/2017,9.0,10.0,0(0.00 %),0,0,0,0,10.0,10.0,10.0
09/02/2017,9.0,10.0,0(0.00 %),0,0,0,0,10.0,10.0,10.0
10/02/2017,9.0,10.0,0(0.00 %),0,0,0,0,10.0,10.0,10.0
13/02/2017,9.0,10.0,0(0.00 %),0,0,0,0,10.0,10.0,10.0
14/02/2017,9.0,10.0,0(0.00 %),0,0,0,0,10.0,10.0,10.0
15/02/2017,9.0,10.0,0(0.00 %),0,0,0,0,10.0,10.0,10.0
16/02/2017,9.0,10.0,0(0.00 %),0,0,0,0,10.0,10.0,10.0
17/02/2017,9.0,10.0,0(0.00 %),0,0,0,0,10.0,10.0,10.0
20/02/2017,9.0,10.0,0(0.00 %),0,0,0,0,10.0,10.0,10.0
21/02/2017,9.0,10.0,0(0.00 %),0,0,0,0,10.0,10.0,10.0
22/02/2017,9.0,10.0,0(0.00 %),0,0,0,0,10.0,10.0,10.0
23/02/2017,9.0,10.0,0(0.00 %),0,0,0,0,10.0,10.0,10.0
24/02/2017,9.0,10.0,0(0.00 %),0,0,0,0,10.0,10.0,10.0
27/02/2017,9.0,10.0,0(0.00 %),0,0,0,0,10.0,10.0,10.0
28/02/2017,9.0,10.0,0(0.00 %),0,0,0,0,10.0,10.0,10.0
01/03/2017,9.0,10.0,0(0.00 %),0,0,0,0,10.0,10.0,10.0
02/03/2017,9.0,10.0,0(0.00 %),0,0,0,0,10.0,10.0,10.0
03/03/2017,9.0,10.0,0(0.00 %),0,0,0,0,10.0,10.0,10.0
06/03/2017,9.0,10.0,0(0.00 %),0,0,0,0,10.0,10.0,10.0
07/03/2017,9.0,10.0,0(0.00 %),0,0,0,0,10.0,10.0,10.0
08/03/2017,9.0,10.0,0(0.00 %),0,0,0,0,10.0,10.0,10.0
09/03/2017,9.0,10.0,0(0.00 %),0,0,0,0,10.0,10.0,10.0
10/03/2017,9.0,10.0,0(0.00 %),0,0,0,0,10.0,10.0,10.0
13/03/2017,9.0,10.0,0(0.00 %),0,0,0,0,10.0,10.0,10.0
14/03/2017,9.0,10.0,0(0.00 %),0,0,0,0,10.0,10.0,10.0
15/03/2017,9.0,10.0,0(0.00 %),0,0,0,0,10.0,10.0,10.0
16/03/2017,9.0,10.0,0(0.00 %),0,0,0,0,10.0,10.0,10.0
17/03/2017,9.0,10.0,0(0.00 %),0,0,0,0,10.0,10.0,10.0
20/03/2017,9.0,10.0,0(0.00 %),0,0,0,0,10.0,10.0,10.0
21/03/2017,9.0,10.0,0(0.00 %),0,0,0,0,10.0,10.0,10.0
22/03/2017,9.0,10.0,0(0.00 %),0,0,0,0,10.0,10.0,10.0
23/03/2017,9.0,10.0,0(0.00 %),0,0,0,0,10.0,10.0,10.0
24/03/2017,9.0,10.0,0(0.00 %),0,0,0,0,10.0,10.0,10.0
27/03/2017,9.0,10.0,0(0.00 %),0,0,0,0,10.0,10.0,10.0
28/03/2017,9.0,10.0,0(0.00 %),0,0,0,0,10.0,10.0,10.0
29/03/2017,9.0,10.0,0(0.00 %),0,0,0,0,10.0,10.0,10.0
30/03/2017,9.0,10.0,0(0.00 %),0,0,0,0,10.0,10.0,10.0
31/03/2017,9.0,10.0,0(0.00 %),0,0,0,0,10.0,10.0,10.0
03/04/2017,9.0,10.0,0(0.00 %),0,0,0,0,10.0,10.0,10.0
04/04/2017,9.0,10.0,0(0.00 %),0,0,0,0,10.0,10.0,10.0
05/04/2017,9.0,10.0,0(0.00 %),0,0,0,0,10.0,10.0,10.0
07/04/2017,9.0,10.0,0(0.00 %),0,0,0,0,10.0,10.0,10.0
10/04/2017,9.0,10.0,0(0.00 %),0,0,0,0,10.0,10.0,10.0
11/04/2017,9.0,10.0,0(0.00 %),0,0,0,0,10.0,10.0,10.0
12/04/2017,9.0,10.0,0(0.00 %),0,0,0,0,10.0,10.0,10.0
13/04/2017,9.0,9.5,0(0.00 %),0,0,0,0,9.5,9.5,9.5
14/04/2017,9.0,9.5,0(0.00 %),0,0,0,0,9.5,9.5,9.5
17/04/2017,9.0,9.5,0(0.00 %),0,0,0,0,9.5,9.5,9.5
18/04/2017,9.0,9.5,0(0.00 %),0,0,0,0,9.5,9.5,9.5
19/04/2017,9.0,9.5,0(0.00 %),0,0,0,0,9.5,9.5,9.5
20/04/2017,9.0,9.5,0(0.00 %),0,0,0,0,9.5,9.5,9.5
21/04/2017,9.0,9.5,0(0.00 %),0,0,0,0,9.5,9.5,9.5
24/04/2017,9.0,9.5,0(0.00 %),0,0,0,0,9.5,9.5,9.5
25/04/2017,9.0,9.5,0(0.00 %),0,0,0,0,9.5,9.5,9.5
26/04/2017,9.0,9.5,0(0.00 %),0,0,0,0,9.5,9.5,9.5
27/04/2017,9.0,9.5,0(0.00 %),0,0,0,0,9.5,9.5,9.5
28/04/2017,9.0,9.5,0(0.00 %),0,0,0,0,9.5,9.5,9.5
03/05/2017,9.0,9.5,0(0.00 %),0,0,0,0,9.5,9.5,9.5
04/05/2017,9.0,9.5,0(0.00 %),0,0,0,0,9.5,9.5,9.5
05/05/2017,9.0,9.5,0(0.00 %),0,0,0,0,9.5,9.5,9.5
08/05/2017,9.0,9.5,0(0.00 %),0,0,0,0,9.5,9.5,9.5
09/05/2017,9.0,9.5,0(0.00 %),0,0,0,0,9.5,9.5,9.5
10/05/2017,9.0,9.5,0(0.00 %),0,0,0,0,9.5,9.5,9.5
11/05/2017,9.0,9.5,0(0.00 %),0,0,0,0,9.5,9.5,9.5
12/05/2017,9.0,9.5,0(0.00 %),0,0,0,0,9.5,9.5,9.5
15/05/2017,9.0,9.5,0(0.00 %),0,0,0,0,9.5,9.5,9.5
16/05/2017,9.0,9.5,0(0.00 %),0,0,0,0,9.5,9.5,9.5
17/05/2017,9.0,9.5,0(0.00 %),0,0,0,0,9.5,9.5,9.5
18/05/2017,9.0,9.5,0(0.00 %),0,0,0,0,9.5,9.5,9.5
19/05/2017,9.0,9.5,0(0.00 %),0,0,0,0,9.5,9.5,9.5
22/05/2017,9.0,9.5,0(0.00 %),0,0,0,0,9.5,9.5,9.5
23/05/2017,9.0,9.5,0(0.00 %),0,0,0,0,9.5,9.5,9.5
24/05/2017,9.0,9.5,0(0.00 %),0,0,0,0,9.5,9.5,9.5
25/05/2017,9.0,9.5,0(0.00 %),0,0,0,0,9.5,9.5,9.5
26/05/2017,9.0,9.5,0(0.00 %),0,0,0,0,9.5,9.5,9.5
29/05/2017,9.0,9.5,0(0.00 %),0,0,0,0,9.5,9.5,9.5
30/05/2017,9.0,9.5,0(0.00 %),0,0,0,0,9.5,9.5,9.5
31/05/2017,9.0,9.5,0(0.00 %),0,0,0,0,9.5,9.5,9.5
01/06/2017,9.0,9.5,0(0.00 %),0,0,0,0,9.5,9.5,9.5
02/06/2017,9.0,9.5,0(0.00 %),0,0,0,0,9.5,9.5,9.5
05/06/2017,9.0,9.5,0(0.00 %),0,0,0,0,9.5,9.5,9.5
06/06/2017,9.0,9.5,0(0.00 %),0,0,0,0,9.5,9.5,9.5
07/06/2017,9.0,9.5,0(0.00 %),0,0,0,0,9.5,9.5,9.5
08/06/2017,9.0,9.5,0(0.00 %),0,0,0,0,9.5,9.5,9.5
09/06/2017,9.0,9.5,0(0.00 %),0,0,0,0,9.5,9.5,9.5
12/06/2017,9.0,9.5,0(0.00 %),0,0,0,0,9.5,9.5,9.5
13/06/2017,9.0,9.5,0(0.00 %),0,0,0,0,9.5,9.5,9.5
14/06/2017,9.0,9.5,0(0.00 %),0,0,0,0,9.5,9.5,9.5
16/06/2017,9.0,9.5,0(0.00 %),0,0,0,0,9.5,9.5,9.5
19/06/2017,9.0,9.5,0(0.00 %),0,0,0,0,9.5,9.5,9.5
20/06/2017,9.0,9.5,0(0.00 %),0,0,0,0,9.5,9.5,9.5
21/06/2017,9.0,9.5,0(0.00 %),0,0,0,0,9.5,9.5,9.5
22/06/2017,9.0,9.5,0(0.00 %),0,0,0,0,9.5,9.5,9.5
23/06/2017,9.0,9.5,0(0.00 %),0,0,0,0,9.5,9.5,9.5
26/06/2017,9.0,9.5,0(0.00 %),0,0,0,0,9.5,9.5,9.5
27/06/2017,9.0,9.5,0(0.00 %),0,0,0,0,9.5,9.5,9.5
28/06/2017,9.0,9.5,0(0.00 %),0,0,0,0,9.5,9.5,9.5
29/06/2017,9.0,9.5,0(0.00 %),0,0,0,0,9.5,9.5,9.5
30/06/2017,9.0,9.5,0(0.00 %),0,0,0,0,9.5,9.5,9.5
03/07/2017,9.0,9.5,0(0.00 %),0,0,0,0,9.5,9.5,9.5
04/07/2017,9.0,9.5,0(0.00 %),0,0,0,0,9.5,9.5,9.5
05/07/2017,9.0,9.5,0(0.00 %),0,0,0,0,9.5,9.5,9.5
06/07/2017,9.0,9.5,0(0.00 %),0,0,0,0,9.5,9.5,9.5
07/07/2017,9.0,9.5,0(0.00 %),0,0,0,0,9.5,9.5,9.5
10/07/2017,9.0,9.5,0(0.00 %),0,0,0,0,9.5,9.5,9.5
11/07/2017,9.0,9.5,0(0.00 %),0,0,0,0,9.5,9.5,9.5
12/07/2017,9.0,9.5,0(0.00 %),0,0,0,0,9.5,9.5,9.5
13/07/2017,9.0,9.5,0(0.00 %),0,0,0,0,9.5,9.5,9.5
14/07/2017,9.0,9.5,0(0.00 %),0,0,0,0,9.5,9.5,9.5
17/07/2017,9.0,9.5,0(0.00 %),0,0,0,0,9.5,9.5,9.5
18/07/2017,9.0,9.5,0(0.00 %),0,0,0,0,9.5,9.5,9.5
19/07/2017,9.0,9.5,0(0.00 %),0,0,0,0,9.5,9.5,9.5
20/07/2017,9.0,9.5,0(0.00 %),0,0,0,0,9.5,9.5,9.5
21/07/2017,9.0,9.5,0(0.00 %),0,0,0,0,9.5,9.5,9.5
24/07/2017,9.0,9.5,0(0.00 %),0,0,0,0,9.5,9.5,9.5
25/07/2017,9.0,9.5,0(0.00 %),0,0,0,0,9.5,9.5,9.5
26/07/2017,9.0,9.5,0(0.00 %),0,0,0,0,9.5,9.5,9.5
27/07/2017,9.0,9.5,0(0.00 %),0,0,0,0,9.5,9.5,9.5
28/07/2017,9.0,9.5,0(0.00 %),0,0,0,0,9.5,9.5,9.5
31/07/2017,9.0,9.5,0(0.00 %),0,0,0,0,9.5,9.5,9.5
01/08/2017,9.0,9.5,0(0.00 %),0,0,0,0,9.5,9.5,9.5
02/08/2017,9.0,9.5,0(0.00 %),0,0,0,0,9.5,9.5,9.5
03/08/2017,9.0,9.5,0(0.00 %),0,0,0,0,9.5,9.5,9.5
04/08/2017,9.0,9.5,0(0.00 %),0,0,0,0,9.5,9.5,9.5
07/08/2017,9.0,9.5,0(0.00 %),0,0,0,0,9.5,9.5,9.5
08/08/2017,9.0,9.5,0(0.00 %),0,0,0,0,9.5,9.5,9.5
09/08/2017,9.0,9.5,0(0.00 %),0,0,0,0,9.5,9.5,9.5
10/08/2017,9.0,9.5,0(0.00 %),0,0,0,0,9.5,9.5,9.5
11/08/2017,9.0,9.5,0(0.00 %),0,0,0,0,9.5,9.5,9.5
14/08/2017,9.0,9.5,0(0.00 %),0,0,0,0,9.5,9.5,9.5
15/08/2017,9.0,9.5,0(0.00 %),0,0,0,0,9.5,9.5,9.5
16/08/2017,9.0,9.5,0(0.00 %),0,0,0,0,9.5,9.5,9.5
17/08/2017,9.0,9.5,0(0.00 %),0,0,0,0,9.5,9.5,9.5
18/08/2017,9.0,9.5,0(0.00 %),0,0,0,0,9.5,9.5,9.5
21/08/2017,9.0,9.5,0(0.00 %),0,0,0,0,9.5,9.5,9.5
22/08/2017,9.0,9.5,0(0.00 %),0,0,0,0,9.5,9.5,9.5
23/08/2017,9.0,9.5,0(0.00 %),0,0,0,0,9.5,9.5,9.5
24/08/2017,9.0,9.5,0(0.00 %),0,0,0,0,9.5,9.5,9.5
25/08/2017,9.0,9.5,0(0.00 %),0,0,0,0,9.5,9.5,9.5
28/08/2017,9.0,9.5,0(0.00 %),0,0,0,0,9.5,9.5,9.5
29/08/2017,9.0,9.5,0(0.00 %),0,0,0,0,9.5,9.5,9.5
30/08/2017,9.0,9.5,0(0.00 %),0,0,0,0,9.5,9.5,9.5
31/08/2017,9.0,9.5,0(0.00 %),0,0,0,0,9.5,9.5,9.5
01/09/2017,9.0,9.5,0(0.00 %),0,0,0,0,9.5,9.5,9.5
05/09/2017,9.0,9.5,0(0.00 %),0,0,0,0,9.5,9.5,9.5
06/09/2017,9.0,9.5,0(0.00 %),0,0,0,0,9.5,9.5,9.5
07/09/2017,9.0,9.5,0(0.00 %),0,0,0,0,9.5,9.5,9.5
08/09/2017,9.0,9.5,0(0.00 %),0,0,0,0,9.5,9.5,9.5
12/09/2017,9.0,9.5,0(0.00 %),0,0,0,0,9.5,9.5,9.5
13/09/2017,9.0,9.5,0(0.00 %),0,0,0,0,9.5,9.5,9.5
14/09/2017,9.0,9.5,0(0.00 %),0,0,0,0,9.5,9.5,9.5
15/09/2017,9.0,9.5,0(0.00 %),0,0,0,0,9.5,9.5,9.5
18/09/2017,9.0,9.5,0(0.00 %),0,0,0,0,9.5,9.5,9.5
19/09/2017,9.0,9.5,0(0.00 %),0,0,0,0,9.5,9.5,9.5
20/09/2017,9.0,9.5,0(0.00 %),0,0,0,0,9.5,9.5,9.5
21/09/2017,9.0,9.5,0(0.00 %),0,0,0,0,9.5,9.5,9.5
22/09/2017,9.0,9.5,0(0.00 %),0,0,0,0,9.5,9.5,9.5
25/09/2017,9.0,9.5,0(0.00 %),0,0,0,0,9.5,9.5,9.5
26/09/2017,9.0,9.5,0(0.00 %),0,0,0,0,9.5,9.5,9.5
27/09/2017,9.0,9.5,0(0.00 %),0,0,0,0,9.5,9.5,9.5
28/09/2017,9.0,9.5,0(0.00 %),0,0,0,0,9.5,9.5,9.5
29/09/2017,9.0,9.5,0(0.00 %),0,0,0,0,9.5,9.5,9.5
02/10/2017,9.0,9.5,0(0.00 %),0,0,0,0,9.5,9.5,9.5
03/10/2017,9.0,9.5,0(0.00 %),0,0,0,0,9.5,9.5,9.5
04/10/2017,9.0,9.5,0(0.00 %),0,0,0,0,9.5,9.5,9.5
05/10/2017,9.0,9.5,0(0.00 %),0,0,0,0,9.5,9.5,9.5
06/10/2017,9.0,9.5,0(0.00 %),0,0,0,0,9.5,9.5,9.5
09/10/2017,9.0,9.5,0(0.00 %),0,0,0,0,9.5,9.5,9.5
10/10/2017,9.0,9.5,0(0.00 %),0,0,0,0,9.5,9.5,9.5
11/10/2017,9.0,9.5,0(0.00 %),0,0,0,0,9.5,9.5,9.5
12/10/2017,9.0,9.5,0(0.00 %),0,0,0,0,9.5,9.5,9.5
13/10/2017,9.0,9.5,0(0.00 %),0,0,0,0,9.5,9.5,9.5
16/10/2017,9.0,9.5,0(0.00 %),0,0,0,0,9.5,9.5,9.5
17/10/2017,9.0,9.5,0(0.00 %),0,0,0,0,9.5,9.5,9.5
18/10/2017,9.0,9.5,0(0.00 %),0,0,0,0,9.5,9.5,9.5
19/10/2017,9.0,9.5,0(0.00 %),0,0,0,0,9.5,9.5,9.5
20/10/2017,9.0,9.5,0(0.00 %),0,0,0,0,9.5,9.5,9.5
23/10/2017,9.0,9.5,0(0.00 %),0,0,0,0,9.5,9.5,9.5
24/10/2017,9.0,9.5,0(0.00 %),0,0,0,0,9.5,9.5,9.5
25/10/2017,9.0,9.5,0(0.00 %),0,0,0,0,9.5,9.5,9.5
26/10/2017,9.0,9.5,0(0.00 %),0,0,0,0,9.5,9.5,9.5
27/10/2017,9.0,9.5,0(0.00 %),0,0,0,0,9.5,9.5,9.5
30/10/2017,9.0,9.5,0(0.00 %),0,0,0,0,9.5,9.5,9.5
31/10/2017,9.0,9.5,0(0.00 %),0,0,0,0,9.5,9.5,9.5
01/11/2017,9.0,9.5,0(0.00 %),0,0,0,0,9.5,9.5,9.5
02/11/2017,9.0,9.5,0(0.00 %),0,0,0,0,9.5,9.5,9.5
03/11/2017,9.0,9.5,0(0.00 %),0,0,0,0,9.5,9.5,9.5
06/11/2017,9.0,9.5,0(0.00 %),0,0,0,0,9.5,9.5,9.5
07/11/2017,9.0,9.5,0(0.00 %),0,0,0,0,9.5,9.5,9.5
08/11/2017,9.0,9.5,0(0.00 %),0,0,0,0,9.5,9.5,9.5
09/11/2017,9.0,9.5,0(0.00 %),0,0,0,0,9.5,9.5,9.5
10/11/2017,9.0,9.5,0(0.00 %),0,0,0,0,9.5,9.5,9.5
13/11/2017,9.0,9.5,0(0.00 %),0,0,0,0,9.5,9.5,9.5
14/11/2017,9.0,9.5,0(0.00 %),0,0,0,0,9.5,9.5,9.5
15/11/2017,9.0,9.5,0(0.00 %),0,0,0,0,9.5,9.5,9.5
16/11/2017,9.0,9.5,0(0.00 %),0,0,0,0,9.5,9.5,9.5
17/11/2017,9.0,9.5,0(0.00 %),0,0,0,0,9.5,9.5,9.5
20/11/2017,9.0,9.5,0(0.00 %),0,0,0,0,9.5,9.5,9.5
21/11/2017,9.0,9.5,0(0.00 %),0,0,0,0,9.5,9.5,9.5
22/11/2017,9.0,9.5,0(0.00 %),0,0,0,0,9.5,9.5,9.5
23/11/2017,9.0,9.5,0(0.00 %),0,0,0,0,9.5,9.5,9.5
24/11/2017,9.0,9.5,0(0.00 %),0,0,0,0,9.5,9.5,9.5
27/11/2017,9.0,9.5,0(0.00 %),0,0,0,0,9.5,9.5,9.5
28/11/2017,9.0,9.5,0(0.00 %),0,0,0,0,9.5,9.5,9.5
29/11/2017,9.0,9.5,0(0.00 %),0,0,0,0,9.5,9.5,9.5
30/11/2017,9.0,9.5,0(0.00 %),0,0,0,0,9.5,9.5,9.5
01/12/2017,9.0,9.5,0(0.00 %),0,0,0,0,9.5,9.5,9.5
04/12/2017,9.0,9.5,0(0.00 %),0,0,0,0,9.5,9.5,9.5
05/12/2017,9.0,9.5,0(0.00 %),0,0,0,0,9.5,9.5,9.5
06/12/2017,9.0,9.5,0(0.00 %),0,0,0,0,9.5,9.5,9.5
07/12/2017,9.0,9.5,0(0.00 %),0,0,0,0,9.5,9.5,9.5
08/12/2017,9.0,9.5,0(0.00 %),0,0,0,0,9.5,9.5,9.5
11/12/2017,9.0,9.5,0(0.00 %),0,0,0,0,9.5,9.5,9.5
12/12/2017,9.0,9.5,0(0.00 %),0,0,0,0,9.5,9.5,9.5
13/12/2017,9.0,9.5,0(0.00 %),0,0,0,0,9.5,9.5,9.5
14/12/2017,9.0,9.5,0(0.00 %),0,0,0,0,9.5,9.5,9.5
15/12/2017,9.0,9.5,0(0.00 %),0,0,0,0,9.5,9.5,9.5
18/12/2017,9.0,9.5,0(0.00 %),0,0,0,0,9.5,9.5,9.5
19/12/2017,9.0,9.5,0(0.00 %),0,0,0,0,9.5,9.5,9.5
20/12/2017,9.0,9.5,0(0.00 %),0,0,0,0,9.5,9.5,9.5
21/12/2017,9.0,9.5,0(0.00 %),0,0,0,0,9.5,9.5,9.5
22/12/2017,9.0,9.5,0(0.00 %),0,0,0,0,9.5,9.5,9.5
25/12/2017,9.0,9.5,0(0.00 %),0,0,0,0,9.5,9.5,9.5
26/12/2017,9.0,9.5,0(0.00 %),0,0,0,0,9.5,9.5,9.5
27/12/2017,9.0,9.5,0(0.00 %),0,0,0,0,9.5,9.5,9.5
28/12/2017,9.0,9.5,0(0.00 %),0,0,0,0,9.5,9.5,9.5
29/12/2017,9.0,9.5,0(0.00 %),0,0,0,0,9.5,9.5,9.5
02/01/2018,9.0,9.5,0(0.00 %),0,0,0,0,9.5,9.5,9.5
03/01/2018,9.0,9.5,0(0.00 %),0,0,0,0,9.5,9.5,9.5
04/01/2018,9.0,9.5,0(0.00 %),0,0,0,0,9.5,9.5,9.5
05/01/2018,9.0,9.5,0(0.00 %),0,0,0,0,9.5,9.5,9.5
08/01/2018,9.0,9.5,0(0.00 %),0,0,0,0,9.5,9.5,9.5
09/01/2018,9.0,9.5,0(0.00 %),0,0,0,0,9.5,9.5,9.5
10/01/2018,9.0,9.5,0(0.00 %),0,0,0,0,9.5,9.5,9.5
11/01/2018,9.0,9.5,0(0.00 %),0,0,0,0,9.5,9.5,9.5
12/01/2018,9.0,9.5,0(0.00 %),0,0,0,0,9.5,9.5,9.5
15/01/2018,9.0,9.5,0(0.00 %),0,0,0,0,9.5,9.5,9.5
16/01/2018,9.0,9.5,0(0.00 %),0,0,0,0,9.5,9.5,9.5
17/01/2018,9.0,9.5,0(0.00 %),0,0,0,0,9.5,9.5,9.5
18/01/2018,9.0,9.5,0(0.00 %),0,0,0,0,9.5,9.5,9.5
19/01/2018,9.0,9.5,0(0.00 %),0,0,0,0,9.5,9.5,9.5
22/01/2018,9.0,9.5,0(0.00 %),0,0,0,0,9.5,9.5,9.5
23/01/2018,9.0,9.5,0(0.00 %),0,0,0,0,9.5,9.5,9.5
24/01/2018,9.0,9.5,0(0.00 %),0,0,0,0,9.5,9.5,9.5
25/01/2018,9.0,9.5,0(0.00 %),0,0,0,0,9.5,9.5,9.5
26/01/2018,9.0,9.5,0(0.00 %),0,0,0,0,9.5,9.5,9.5
29/01/2018,9.0,9.5,0(0.00 %),0,0,0,0,9.5,9.5,9.5
30/01/2018,9.0,9.5,0(0.00 %),0,0,0,0,9.5,9.5,9.5
31/01/2018,9.0,9.5,0(0.00 %),0,0,0,0,9.5,9.5,9.5
01/02/2018,9.0,9.5,0(0.00 %),0,0,0,0,9.5,9.5,9.5
02/02/2018,9.0,9.5,0(0.00 %),0,0,0,0,9.5,9.5,9.5
05/02/2018,9.0,9.5,0(0.00 %),0,0,0,0,9.5,9.5,9.5
06/02/2018,9.0,9.5,0(0.00 %),0,0,0,0,9.5,9.5,9.5
07/02/2018,9.0,9.5,0(0.00 %),0,0,0,0,9.5,9.5,9.5
08/02/2018,9.0,9.5,0(0.00 %),0,0,0,0,9.5,9.5,9.5
09/02/2018,9.0,9.5,0(0.00 %),0,0,0,0,9.5,9.5,9.5
12/02/2018,9.0,9.5,0(0.00 %),0,0,0,0,9.5,9.5,9.5
13/02/2018,9.0,9.5,0(0.00 %),0,0,0,0,9.5,9.5,9.5
21/02/2018,9.0,9.5,0(0.00 %),0,0,0,0,9.5,9.5,9.5
22/02/2018,9.0,9.5,0(0.00 %),0,0,0,0,9.5,9.5,9.5
23/02/2018,9.0,9.5,0(0.00 %),0,0,0,0,9.5,9.5,9.5
26/02/2018,9.0,9.5,0(0.00 %),0,0,0,0,9.5,9.5,9.5
27/02/2018,9.0,9.5,0(0.00 %),0,0,0,0,9.5,9.5,9.5
28/02/2018,9.0,9.5,0(0.00 %),0,0,0,0,9.5,9.5,9.5
01/03/2018,9.0,9.5,0(0.00 %),0,0,0,0,9.5,9.5,9.5
02/03/2018,9.0,9.5,0(0.00 %),0,0,0,0,9.5,9.5,9.5
05/03/2018,9.0,9.5,0(0.00 %),0,0,0,0,9.5,9.5,9.5
06/03/2018,9.0,9.5,0(0.00 %),0,0,0,0,9.5,9.5,9.5
07/03/2018,9.0,9.5,0(0.00 %),0,0,0,0,9.5,9.5,9.5
08/03/2018,9.0,9.5,0(0.00 %),0,0,0,0,9.5,9.5,9.5
09/03/2018,9.0,9.5,0(0.00 %),0,0,0,0,9.5,9.5,9.5
12/03/2018,9.0,9.5,0(0.00 %),0,0,0,0,9.5,9.5,9.5
13/03/2018,9.0,9.5,0(0.00 %),0,0,0,0,9.5,9.5,9.5
14/03/2018,9.0,9.5,0(0.00 %),0,0,0,0,9.5,9.5,9.5
15/03/2018,9.0,9.5,0(0.00 %),0,0,0,0,9.5,9.5,9.5
16/03/2018,9.0,9.5,0(0.00 %),0,0,0,0,9.5,9.5,9.5
19/03/2018,9.0,9.5,0(0.00 %),0,0,0,0,9.5,9.5,9.5
20/03/2018,9.0,9.5,0(0.00 %),0,0,0,0,9.5,9.5,9.5
21/03/2018,9.0,9.5,0(0.00 %),0,0,0,0,9.5,9.5,9.5
22/03/2018,9.0,9.5,0(0.00 %),0,0,0,0,9.5,9.5,9.5
23/03/2018,9.0,9.5,0(0.00 %),0,0,0,0,9.5,9.5,9.5
26/03/2018,9.0,9.5,0(0.00 %),0,0,0,0,9.5,9.5,9.5
27/03/2018,9.0,9.5,0(0.00 %),0,0,0,0,9.5,9.5,9.5
28/03/2018,9.0,9.5,0(0.00 %),0,0,0,0,9.5,9.5,9.5
29/03/2018,9.0,9.5,0(0.00 %),0,0,0,0,9.5,9.5,9.5
30/03/2018,9.0,9.5,0(0.00 %),0,0,0,0,9.5,9.5,9.5
02/04/2018,9.0,9.5,0(0.00 %),0,0,0,0,9.5,9.5,9.5
03/04/2018,9.0,9.5,0(0.00 %),0,0,0,0,9.5,9.5,9.5
04/04/2018,9.0,9.5,0(0.00 %),0,0,0,0,9.5,9.5,9.5
05/04/2018,9.0,9.5,0(0.00 %),0,0,0,0,9.5,9.5,9.5
06/04/2018,9.0,9.5,0(0.00 %),0,0,0,0,9.5,9.5,9.5
09/04/2018,9.0,9.5,0(0.00 %),0,0,0,0,9.5,9.5,9.5
10/04/2018,9.0,9.5,0(0.00 %),0,0,0,0,9.5,9.5,9.5
11/04/2018,9.0,9.5,0(0.00 %),0,0,0,0,9.5,9.5,9.5
12/04/2018,9.0,9.5,0(0.00 %),0,0,0,0,9.5,9.5,9.5
13/04/2018,9.0,9.5,0(0.00 %),0,0,0,0,9.5,9.5,9.5
16/04/2018,9.0,9.5,0(0.00 %),0,0,0,0,9.5,9.5,9.5
17/04/2018,9.0,9.5,0(0.00 %),0,0,0,0,9.5,9.5,9.5
18/04/2018,9.0,9.5,0(0.00 %),0,0,0,0,9.5,9.5,9.5
19/04/2018,9.0,9.5,0(0.00 %),0,0,0,0,9.5,9.5,9.5
20/04/2018,9.0,9.5,0(0.00 %),0,0,0,0,9.5,9.5,9.5
23/04/2018,9.0,9.5,0(0.00 %),0,0,0,0,9.5,9.5,9.5
24/04/2018,9.0,9.5,0(0.00 %),0,0,0,0,9.5,9.5,9.5
26/04/2018,9.0,9.5,0(0.00 %),0,0,0,0,9.5,9.5,9.5
27/04/2018,9.0,9.5,0(0.00 %),0,0,0,0,9.5,9.5,9.5
02/05/2018,9.0,9.5,0(0.00 %),0,0,0,0,9.5,9.5,9.5
03/05/2018,9.0,9.5,0(0.00 %),0,0,0,0,9.5,9.5,9.5
04/05/2018,9.0,9.5,0(0.00 %),0,0,0,0,9.5,9.5,9.5
07/05/2018,9.0,9.5,0(0.00 %),0,0,0,0,9.5,9.5,9.5
08/05/2018,9.0,9.5,0(0.00 %),0,0,0,0,9.5,9.5,9.5
09/05/2018,9.0,9.5,0(0.00 %),0,0,0,0,9.5,9.5,9.5
10/05/2018,9.0,9.5,0(0.00 %),0,0,0,0,9.5,9.5,9.5
11/05/2018,9.0,9.5,0(0.00 %),0,0,0,0,9.5,9.5,9.5
14/05/2018,9.0,9.5,0(0.00 %),0,0,0,0,9.5,9.5,9.5
15/05/2018,9.0,9.5,0(0.00 %),0,0,0,0,9.5,9.5,9.5
16/05/2018,9.0,9.5,0(0.00 %),0,0,0,0,9.5,9.5,9.5
17/05/2018,9.0,9.5,0(0.00 %),0,0,0,0,9.5,9.5,9.5
18/05/2018,9.0,9.5,0(0.00 %),0,0,0,0,9.5,9.5,9.5
21/05/2018,9.0,9.5,0(0.00 %),0,0,0,0,9.5,9.5,9.5
22/05/2018,9.0,9.5,0(0.00 %),0,0,0,0,9.5,9.5,9.5
23/05/2018,9.0,9.5,0(0.00 %),0,0,0,0,9.5,9.5,9.5
24/05/2018,9.0,9.5,0(0.00 %),0,0,0,0,9.5,9.5,9.5
25/05/2018,9.0,9.5,0(0.00 %),0,0,0,0,9.5,9.5,9.5
28/05/2018,9.0,9.5,0(0.00 %),0,0,0,0,9.5,9.5,9.5
29/05/2018,9.0,9.5,0(0.00 %),0,0,0,0,9.5,9.5,9.5
30/05/2018,9.0,9.5,0(0.00 %),0,0,0,0,9.5,9.5,9.5
31/05/2018,9.0,9.5,0(0.00 %),0,0,0,0,9.5,9.5,9.5
01/06/2018,9.0,9.5,0(0.00 %),0,0,0,0,9.5,9.5,9.5
04/06/2018,9.0,9.5,0(0.00 %),0,0,0,0,9.5,9.5,9.5
05/06/2018,9.0,9.5,0(0.00 %),0,0,0,0,9.5,9.5,9.5
06/06/2018,9.0,9.5,0(0.00 %),0,0,0,0,9.5,9.5,9.5
07/06/2018,9.0,9.5,0(0.00 %),0,0,0,0,9.5,9.5,9.5
08/06/2018,9.0,9.5,0(0.00 %),0,0,0,0,9.5,9.5,9.5
11/06/2018,9.0,9.5,0(0.00 %),0,0,0,0,9.5,9.5,9.5
12/06/2018,9.0,9.5,0(0.00 %),0,0,0,0,9.5,9.5,9.5
13/06/2018,9.0,9.5,0(0.00 %),0,0,0,0,9.5,9.5,9.5
14/06/2018,9.0,9.5,0(0.00 %),0,0,0,0,9.5,9.5,9.5
15/06/2018,9.0,9.5,0(0.00 %),0,0,0,0,9.5,9.5,9.5
18/06/2018,9.0,9.5,0(0.00 %),0,0,0,0,9.5,9.5,9.5
19/06/2018,9.0,9.5,0(0.00 %),0,0,0,0,9.5,9.5,9.5
20/06/2018,9.0,9.5,0(0.00 %),0,0,0,0,9.5,9.5,9.5
21/06/2018,9.0,9.5,0(0.00 %),0,0,0,0,9.5,9.5,9.5
22/06/2018,9.0,9.5,0(0.00 %),0,0,0,0,9.5,9.5,9.5
25/06/2018,9.0,9.5,0(0.00 %),0,0,0,0,9.5,9.5,9.5
26/06/2018,9.0,9.5,0(0.00 %),0,0,0,0,9.5,9.5,9.5
27/06/2018,9.0,9.5,0(0.00 %),0,0,0,0,9.5,9.5,9.5
28/06/2018,9.0,9.5,0(0.00 %),0,0,0,0,9.5,9.5,9.5
29/06/2018,9.0,9.5,0(0.00 %),0,0,0,0,9.5,9.5,9.5
02/07/2018,9.0,9.5,0(0.00 %),0,0,0,0,9.5,9.5,9.5
03/07/2018,9.0,9.5,0(0.00 %),0,0,0,0,9.5,9.5,9.5
04/07/2018,9.0,9.5,0(0.00 %),0,0,0,0,9.5,9.5,9.5
05/07/2018,9.0,9.5,0(0.00 %),0,0,0,0,9.5,9.5,9.5
06/07/2018,9.0,9.5,0(0.00 %),0,0,0,0,9.5,9.5,9.5
09/07/2018,9.0,9.5,0(0.00 %),0,0,0,0,9.5,9.5,9.5
10/07/2018,9.0,9.5,0(0.00 %),0,0,0,0,9.5,9.5,9.5
11/07/2018,9.0,9.5,0(0.00 %),0,0,0,0,9.5,9.5,9.5
12/07/2018,9.0,9.5,0(0.00 %),0,0,0,0,9.5,9.5,9.5
13/07/2018,9.0,9.5,0(0.00 %),0,0,0,0,9.5,9.5,9.5
16/07/2018,9.0,9.5,0(0.00 %),0,0,0,0,9.5,9.5,9.5
17/07/2018,9.0,9.5,0(0.00 %),0,0,0,0,9.5,9.5,9.5
18/07/2018,9.0,9.5,0(0.00 %),0,0,0,0,9.5,9.5,9.5
19/07/2018,9.0,9.5,0(0.00 %),0,0,0,0,9.5,9.5,9.5
20/07/2018,9.0,9.5,0(0.00 %),0,0,0,0,9.5,9.5,9.5
23/07/2018,9.0,9.5,0(0.00 %),0,0,0,0,9.5,9.5,9.5
24/07/2018,9.0,9.5,0(0.00 %),0,0,0,0,9.5,9.5,9.5
25/07/2018,9.0,9.5,0(0.00 %),0,0,0,0,9.5,9.5,9.5
26/07/2018,9.0,9.5,0(0.00 %),0,0,0,0,9.5,9.5,9.5
27/07/2018,9.0,9.5,0(0.00 %),0,0,0,0,9.5,9.5,9.5
30/07/2018,9.0,9.5,0(0.00 %),0,0,0,0,9.5,9.5,9.5
31/07/2018,9.0,9.5,0(0.00 %),0,0,0,0,9.5,9.5,9.5
01/08/2018,9.0,9.5,0(0.00 %),0,0,0,0,9.5,9.5,9.5
02/08/2018,9.0,9.5,0(0.00 %),0,0,0,0,9.5,9.5,9.5
03/08/2018,9.0,9.5,0(0.00 %),0,0,0,0,9.5,9.5,9.5
06/08/2018,9.0,9.5,0(0.00 %),0,0,0,0,9.5,9.5,9.5
07/08/2018,9.0,9.5,0(0.00 %),0,0,0,0,9.5,9.5,9.5
08/08/2018,9.0,9.5,0(0.00 %),0,0,0,0,9.5,9.5,9.5
09/08/2018,9.0,9.5,0(0.00 %),0,0,0,0,9.5,9.5,9.5
10/08/2018,9.0,9.5,0(0.00 %),0,0,0,0,9.5,9.5,9.5
13/08/2018,9.0,9.5,0(0.00 %),0,0,0,0,9.5,9.5,9.5
14/08/2018,9.0,9.5,0(0.00 %),0,0,0,0,9.5,9.5,9.5
15/08/2018,9.0,9.5,0(0.00 %),0,0,0,0,9.5,9.5,9.5
16/08/2018,9.0,9.5,0(0.00 %),0,0,0,0,9.5,9.5,9.5
17/08/2018,9.0,9.5,0(0.00 %),0,0,0,0,9.5,9.5,9.5
20/08/2018,9.0,9.5,0(0.00 %),0,0,0,0,9.5,9.5,9.5
21/08/2018,9.0,9.5,0(0.00 %),0,0,0,0,9.5,9.5,9.5
22/08/2018,9.0,9.5,0(0.00 %),0,0,0,0,9.5,9.5,9.5
23/08/2018,9.0,9.5,0(0.00 %),0,0,0,0,9.5,9.5,9.5
24/08/2018,9.0,9.5,0(0.00 %),0,0,0,0,9.5,9.5,9.5
27/08/2018,9.0,9.5,0(0.00 %),0,0,0,0,9.5,9.5,9.5
28/08/2018,9.0,9.5,0(0.00 %),0,0,0,0,9.5,9.5,9.5
29/08/2018,9.0,9.5,0(0.00 %),0,0,0,0,9.5,9.5,9.5
30/08/2018,9.0,9.5,0(0.00 %),0,0,0,0,9.5,9.5,9.5
31/08/2018,9.0,9.5,0(0.00 %),0,0,0,0,9.5,9.5,9.5
04/09/2018,9.0,9.5,0(0.00 %),0,0,0,0,9.5,9.5,9.5
05/09/2018,9.0,9.5,0(0.00 %),0,0,0,0,9.5,9.5,9.5
06/09/2018,9.0,9.5,0(0.00 %),0,0,0,0,9.5,9.5,9.5
07/09/2018,9.0,9.5,0(0.00 %),0,0,0,0,9.5,9.5,9.5
10/09/2018,9.0,9.5,0(0.00 %),0,0,0,0,9.5,9.5,9.5
11/09/2018,9.0,9.5,0(0.00 %),0,0,0,0,9.5,9.5,9.5
12/09/2018,9.0,9.5,0(0.00 %),0,0,0,0,9.5,9.5,9.5
13/09/2018,9.0,9.5,0(0.00 %),0,0,0,0,9.5,9.5,9.5
14/09/2018,9.0,9.5,0(0.00 %),0,0,0,0,9.5,9.5,9.5
17/09/2018,9.0,9.5,0(0.00 %),0,0,0,0,9.5,9.5,9.5
18/09/2018,9.0,9.5,0(0.00 %),0,0,0,0,9.5,9.5,9.5
19/09/2018,9.0,9.5,0(0.00 %),0,0,0,0,9.5,9.5,9.5
20/09/2018,9.0,9.5,0(0.00 %),0,0,0,0,9.5,9.5,9.5
21/09/2018,9.0,9.5,0(0.00 %),0,0,0,0,9.5,9.5,9.5
24/09/2018,9.0,9.5,0(0.00 %),0,0,0,0,9.5,9.5,9.5
25/09/2018,9.0,9.5,0(0.00 %),0,0,0,0,9.5,9.5,9.5
26/09/2018,9.0,9.5,0(0.00 %),0,0,0,0,9.5,9.5,9.5
27/09/2018,9.0,9.5,0(0.00 %),0,0,0,0,9.5,9.5,9.5
28/09/2018,9.0,9.5,0(0.00 %),0,0,0,0,9.5,9.5,9.5
01/10/2018,9.0,9.5,0(0.00 %),0,0,0,0,9.5,9.5,9.5
02/10/2018,9.0,9.5,0(0.00 %),0,0,0,0,9.5,9.5,9.5
03/10/2018,9.0,9.5,0(0.00 %),0,0,0,0,9.5,9.5,9.5
04/10/2018,9.0,9.5,0(0.00 %),0,0,0,0,9.5,9.5,9.5
05/10/2018,9.0,9.5,0(0.00 %),0,0,0,0,9.5,9.5,9.5
08/10/2018,9.0,9.5,0(0.00 %),0,0,0,0,9.5,9.5,9.5
09/10/2018,9.0,9.5,0(0.00 %),0,0,0,0,9.5,9.5,9.5
10/10/2018,9.0,9.5,0(0.00 %),0,0,0,0,9.5,9.5,9.5
11/10/2018,9.0,9.5,0(0.00 %),0,0,0,0,9.5,9.5,9.5
12/10/2018,9.0,9.5,0(0.00 %),0,0,0,0,9.5,9.5,9.5
15/10/2018,9.0,9.5,0(0.00 %),0,0,0,0,9.5,9.5,9.5
16/10/2018,9.0,9.5,0(0.00 %),0,0,0,0,9.5,9.5,9.5
17/10/2018,9.0,9.5,0(0.00 %),0,0,0,0,9.5,9.5,9.5
18/10/2018,9.0,9.5,0(0.00 %),0,0,0,0,9.5,9.5,9.5
19/10/2018,9.0,9.5,0(0.00 %),0,0,0,0,9.5,9.5,9.5
22/10/2018,9.0,9.5,0(0.00 %),0,0,0,0,9.5,9.5,9.5
23/10/2018,9.0,9.5,0(0.00 %),0,0,0,0,9.5,9.5,9.5
24/10/2018,9.0,9.5,0(0.00 %),0,0,0,0,9.5,9.5,9.5
25/10/2018,9.0,9.5,0(0.00 %),0,0,0,0,9.5,9.5,9.5
26/10/2018,9.0,9.5,0(0.00 %),0,0,0,0,9.5,9.5,9.5
29/10/2018,9.0,9.5,0(0.00 %),0,0,0,0,9.5,9.5,9.5
30/10/2018,9.0,9.5,0(0.00 %),0,0,0,0,9.5,9.5,9.5
31/10/2018,9.0,9.5,0(0.00 %),0,0,0,0,9.5,9.5,9.5
01/11/2018,9.0,9.5,0(0.00 %),0,0,0,0,9.5,9.5,9.5
02/11/2018,9.0,9.5,0(0.00 %),0,0,0,0,9.5,9.5,9.5
05/11/2018,9.0,9.5,0(0.00 %),0,0,0,0,9.5,9.5,9.5
06/11/2018,9.0,9.5,0(0.00 %),0,0,0,0,9.5,9.5,9.5
07/11/2018,9.0,9.5,0(0.00 %),0,0,0,0,9.5,9.5,9.5
08/11/2018,9.0,9.5,0(0.00 %),0,0,0,0,9.5,9.5,9.5
09/11/2018,9.0,9.5,0(0.00 %),0,0,0,0,9.5,9.5,9.5
12/11/2018,9.0,9.5,0(0.00 %),0,0,0,0,9.5,9.5,9.5
13/11/2018,9.0,9.5,0(0.00 %),0,0,0,0,9.5,9.5,9.5
14/11/2018,9.0,9.5,0(0.00 %),0,0,0,0,9.5,9.5,9.5
15/11/2018,9.0,9.5,0(0.00 %),0,0,0,0,9.5,9.5,9.5
16/11/2018,9.0,9.5,0(0.00 %),0,0,0,0,9.5,9.5,9.5
19/11/2018,9.0,9.5,0(0.00 %),0,0,0,0,9.5,9.5,9.5
20/11/2018,9.0,9.5,0(0.00 %),0,0,0,0,9.5,9.5,9.5
21/11/2018,9.0,9.5,0(0.00 %),0,0,0,0,9.5,9.5,9.5
22/11/2018,9.0,9.5,0(0.00 %),0,0,0,0,9.5,9.5,9.5
23/11/2018,9.0,9.5,0(0.00 %),0,0,0,0,9.5,9.5,9.5
26/11/2018,9.0,9.5,0(0.00 %),0,0,0,0,9.5,9.5,9.5
27/11/2018,9.0,9.5,0(0.00 %),0,0,0,0,9.5,9.5,9.5
28/11/2018,9.0,9.5,0(0.00 %),0,0,0,0,9.5,9.5,9.5
29/11/2018,9.0,9.5,0(0.00 %),0,0,0,0,9.5,9.5,9.5
30/11/2018,9.0,9.5,0(0.00 %),0,0,0,0,9.5,9.5,9.5
03/12/2018,9.0,9.5,0(0.00 %),0,0,0,0,9.5,9.5,9.5
04/12/2018,9.0,9.5,0(0.00 %),0,0,0,0,9.5,9.5,9.5
05/12/2018,9.0,9.5,0(0.00 %),0,0,0,0,9.5,9.5,9.5
06/12/2018,9.0,9.5,0(0.00 %),0,0,0,0,9.5,9.5,9.5
07/12/2018,9.0,9.5,0(0.00 %),0,0,0,0,9.5,9.5,9.5
10/12/2018,9.0,9.5,0(0.00 %),0,0,0,0,9.5,9.5,9.5
11/12/2018,9.0,9.5,0(0.00 %),0,0,0,0,9.5,9.5,9.5
12/12/2018,9.0,9.5,0(0.00 %),0,0,0,0,9.5,9.5,9.5
13/12/2018,9.0,9.5,0(0.00 %),0,0,0,0,9.5,9.5,9.5
14/12/2018,9.0,9.5,0(0.00 %),0,0,0,0,9.5,9.5,9.5
17/12/2018,9.0,9.5,0(0.00 %),0,0,0,0,9.5,9.5,9.5
18/12/2018,9.0,9.5,0(0.00 %),0,0,0,0,9.5,9.5,9.5
19/12/2018,9.0,9.5,0(0.00 %),0,0,0,0,9.5,9.5,9.5
20/12/2018,9.0,9.5,0(0.00 %),0,0,0,0,9.5,9.5,9.5
21/12/2018,9.0,9.5,0(0.00 %),0,0,0,0,9.5,9.5,9.5
24/12/2018,9.0,9.5,0(0.00 %),0,0,0,0,9.5,9.5,9.5
25/12/2018,9.0,9.5,0(0.00 %),0,0,0,0,9.5,9.5,9.5
26/12/2018,9.0,9.5,0(0.00 %),0,0,0,0,9.5,9.5,9.5
27/12/2018,9.0,9.5,0(0.00 %),0,0,0,0,9.5,9.5,9.5
28/12/2018,9.0,9.5,0(0.00 %),0,0,0,0,9.5,9.5,9.5
02/01/2019,9.0,9.5,0(0.00 %),0,0,0,0,9.5,9.5,9.5
03/01/2019,9.0,9.5,0(0.00 %),0,0,0,0,9.5,9.5,9.5
04/01/2019,9.0,9.5,0(0.00 %),0,0,0,0,9.5,9.5,9.5
07/01/2019,9.0,9.5,0(0.00 %),0,0,0,0,9.5,9.5,9.5
08/01/2019,9.0,9.5,0(0.00 %),0,0,0,0,9.5,9.5,9.5
09/01/2019,9.0,9.5,0(0.00 %),0,0,0,0,9.5,9.5,9.5
10/01/2019,9.0,9.5,0(0.00 %),0,0,0,0,9.5,9.5,9.5
11/01/2019,9.0,9.5,0(0.00 %),0,0,0,0,9.5,9.5,9.5
14/01/2019,9.0,9.5,0(0.00 %),0,0,0,0,9.5,9.5,9.5
15/01/2019,9.0,9.5,0(0.00 %),0,0,0,0,9.5,9.5,9.5
16/01/2019,9.0,9.5,0(0.00 %),0,0,0,0,9.5,9.5,9.5
17/01/2019,9.0,9.5,0(0.00 %),0,0,0,0,9.5,9.5,9.5
18/01/2019,9.0,9.5,0(0.00 %),0,0,0,0,9.5,9.5,9.5
21/01/2019,9.0,9.5,0(0.00 %),0,0,0,0,9.5,9.5,9.5
22/01/2019,9.0,9.5,0(0.00 %),0,0,0,0,9.5,9.5,9.5
23/01/2019,9.0,9.5,0(0.00 %),0,0,0,0,9.5,9.5,9.5
24/01/2019,9.0,9.5,0(0.00 %),0,0,0,0,9.5,9.5,9.5
25/01/2019,9.0,9.5,0(0.00 %),0,0,0,0,9.5,9.5,9.5
28/01/2019,9.0,9.5,0(0.00 %),0,0,0,0,9.5,9.5,9.5
29/01/2019,9.0,9.5,0(0.00 %),0,0,0,0,9.5,9.5,9.5
30/01/2019,9.0,9.5,0(0.00 %),0,0,0,0,9.5,9.5,9.5
31/01/2019,9.0,9.5,0(0.00 %),0,0,0,0,9.5,9.5,9.5
01/02/2019,9.0,9.5,0(0.00 %),0,0,0,0,9.5,9.5,9.5
11/02/2019,9.0,9.5,0(0.00 %),0,0,0,0,9.5,9.5,9.5
12/02/2019,9.0,9.5,0(0.00 %),0,0,0,0,9.5,9.5,9.5
13/02/2019,9.0,9.5,0(0.00 %),0,0,0,0,9.5,9.5,9.5
14/02/2019,9.0,9.5,0(0.00 %),0,0,0,0,9.5,9.5,9.5
15/02/2019,9.0,9.5,0(0.00 %),0,0,0,0,9.5,9.5,9.5
18/02/2019,9.0,9.5,0(0.00 %),0,0,0,0,9.5,9.5,9.5
19/02/2019,9.0,9.5,0(0.00 %),0,0,0,0,9.5,9.5,9.5
20/02/2019,9.0,9.5,0(0.00 %),0,0,0,0,9.5,9.5,9.5
21/02/2019,9.0,9.5,0(0.00 %),0,0,0,0,9.5,9.5,9.5
22/02/2019,9.0,9.5,0(0.00 %),0,0,0,0,9.5,9.5,9.5
25/02/2019,9.0,9.5,0(0.00 %),0,0,0,0,9.5,9.5,9.5
26/02/2019,9.0,9.5,0(0.00 %),0,0,0,0,9.5,9.5,9.5
27/02/2019,9.0,9.5,0(0.00 %),0,0,0,0,9.5,9.5,9.5
28/02/2019,9.0,9.5,0(0.00 %),0,0,0,0,9.5,9.5,9.5
01/03/2019,9.0,9.5,0(0.00 %),0,0,0,0,9.5,9.5,9.5
04/03/2019,9.0,9.5,0(0.00 %),0,0,0,0,9.5,9.5,9.5
05/03/2019,9.0,9.5,0(0.00 %),0,0,0,0,9.5,9.5,9.5
06/03/2019,9.0,9.5,0(0.00 %),0,0,0,0,9.5,9.5,9.5
07/03/2019,9.0,9.5,0(0.00 %),0,0,0,0,9.5,9.5,9.5
08/03/2019,9.0,9.5,0(0.00 %),0,0,0,0,9.5,9.5,9.5
11/03/2019,9.0,9.5,0(0.00 %),0,0,0,0,9.5,9.5,9.5
12/03/2019,9.0,9.5,0(0.00 %),0,0,0,0,9.5,9.5,9.5
13/03/2019,9.0,9.5,0(0.00 %),0,0,0,0,9.5,9.5,9.5
14/03/2019,9.0,9.5,0(0.00 %),0,0,0,0,9.5,9.5,9.5
15/03/2019,9.0,9.5,0(0.00 %),0,0,0,0,9.5,9.5,9.5
18/03/2019,9.0,9.5,0(0.00 %),0,0,0,0,9.5,9.5,9.5
19/03/2019,9.0,9.5,0(0.00 %),0,0,0,0,9.5,9.5,9.5
20/03/2019,9.0,9.5,0(0.00 %),0,0,0,0,9.5,9.5,9.5
21/03/2019,9.0,9.5,0(0.00 %),0,0,0,0,9.5,9.5,9.5
22/03/2019,9.0,9.5,0(0.00 %),0,0,0,0,9.5,9.5,9.5
25/03/2019,9.0,9.5,0(0.00 %),0,0,0,0,9.5,9.5,9.5
26/03/2019,9.0,9.5,0(0.00 %),0,0,0,0,9.5,9.5,9.5
27/03/2019,9.0,9.5,0(0.00 %),0,0,0,0,9.5,9.5,9.5
28/03/2019,9.0,9.5,0(0.00 %),0,0,0,0,9.5,9.5,9.5
29/03/2019,9.0,9.5,0(0.00 %),0,0,0,0,9.5,9.5,9.5
01/04/2019,9.0,9.5,0(0.00 %),0,0,0,0,9.5,9.5,9.5
02/04/2019,9.0,9.5,0(0.00 %),0,0,0,0,9.5,9.5,9.5
03/04/2019,9.0,9.5,0(0.00 %),0,0,0,0,9.5,9.5,9.5
04/04/2019,9.0,9.5,0(0.00 %),0,0,0,0,9.5,9.5,9.5
05/04/2019,9.0,9.5,0(0.00 %),0,0,0,0,9.5,9.5,9.5
08/04/2019,9.0,9.5,0(0.00 %),0,0,0,0,9.5,9.5,9.5
09/04/2019,9.0,9.5,0(0.00 %),0,0,0,0,9.5,9.5,9.5
10/04/2019,9.0,9.5,0(0.00 %),0,0,0,0,9.5,9.5,9.5
11/04/2019,9.0,9.5,0(0.00 %),0,0,0,0,9.5,9.5,9.5
12/04/2019,9.0,9.5,0(0.00 %),0,0,0,0,9.5,9.5,9.5
16/04/2019,9.0,9.5,0(0.00 %),0,0,0,0,9.5,9.5,9.5
17/04/2019,9.0,9.5,0(0.00 %),0,0,0,0,9.5,9.5,9.5
18/04/2019,9.0,9.5,0(0.00 %),0,0,0,0,9.5,9.5,9.5
19/04/2019,9.0,9.5,0(0.00 %),0,0,0,0,9.5,9.5,9.5
22/04/2019,9.0,9.5,0(0.00 %),0,0,0,0,9.5,9.5,9.5
23/04/2019,9.0,9.5,0(0.00 %),0,0,0,0,9.5,9.5,9.5
24/04/2019,9.0,9.5,0(0.00 %),0,0,0,0,9.5,9.5,9.5
25/04/2019,9.0,9.5,0(0.00 %),0,0,0,0,9.5,9.5,9.5
26/04/2019,9.0,9.5,0(0.00 %),0,0,0,0,9.5,9.5,9.5
02/05/2019,9.0,9.5,0(0.00 %),0,0,0,0,9.5,9.5,9.5
03/05/2019,9.0,9.5,0(0.00 %),0,0,0,0,9.5,9.5,9.5
06/05/2019,9.0,9.5,0(0.00 %),0,0,0,0,9.5,9.5,9.5
07/05/2019,9.0,9.5,0(0.00 %),0,0,0,0,9.5,9.5,9.5
08/05/2019,9.0,9.5,0(0.00 %),0,0,0,0,9.5,9.5,9.5
09/05/2019,9.0,9.5,0(0.00 %),0,0,0,0,9.5,9.5,9.5
10/05/2019,9.0,9.5,0(0.00 %),0,0,0,0,9.5,9.5,9.5
13/05/2019,9.0,9.5,0(0.00 %),0,0,0,0,9.5,9.5,9.5
14/05/2019,9.0,9.5,0(0.00 %),0,0,0,0,9.5,9.5,9.5
15/05/2019,9.0,9.5,0(0.00 %),0,0,0,0,9.5,9.5,9.5
16/05/2019,9.0,9.5,0(0.00 %),0,0,0,0,9.5,9.5,9.5
17/05/2019,9.0,9.5,0(0.00 %),0,0,0,0,9.5,9.5,9.5
20/05/2019,9.0,9.5,0(0.00 %),0,0,0,0,9.5,9.5,9.5
21/05/2019,9.0,9.5,0(0.00 %),0,0,0,0,9.5,9.5,9.5
22/05/2019,9.0,9.5,0(0.00 %),0,0,0,0,9.5,9.5,9.5
23/05/2019,9.0,9.5,0(0.00 %),0,0,0,0,9.5,9.5,9.5
24/05/2019,9.0,9.5,0(0.00 %),0,0,0,0,9.5,9.5,9.5
27/05/2019,9.0,9.5,0(0.00 %),0,0,0,0,9.5,9.5,9.5
28/05/2019,9.0,9.5,0(0.00 %),0,0,0,0,9.5,9.5,9.5
29/05/2019,9.0,9.5,0(0.00 %),0,0,0,0,9.5,9.5,9.5
30/05/2019,9.0,9.5,0(0.00 %),0,0,0,0,9.5,9.5,9.5
31/05/2019,9.0,9.5,0(0.00 %),0,0,0,0,9.5,9.5,9.5
03/06/2019,9.0,9.0,0(0.00 %),0,0,0,0,9.0,9.0,9.0
04/06/2019,9.0,9.0,0(0.00 %),0,0,0,0,9.0,9.0,9.0
05/06/2019,9.0,9.0,0(0.00 %),0,0,0,0,9.0,9.0,9.0
06/06/2019,9.0,9.0,0(0.00 %),0,0,0,0,9.0,9.0,9.0
07/06/2019,9.0,9.0,0(0.00 %),0,0,0,0,9.0,9.0,9.0
10/06/2019,9.0,9.0,0(0.00 %),0,0,0,0,9.0,9.0,9.0
11/06/2019,9.0,9.0,0(0.00 %),0,0,0,0,9.0,9.0,9.0
12/06/2019,9.0,9.0,0(0.00 %),0,0,0,0,9.0,9.0,9.0
13/06/2019,9.0,9.0,0(0.00 %),0,0,0,0,9.0,9.0,9.0
14/06/2019,9.0,9.0,0(0.00 %),0,0,0,0,9.0,9.0,9.0
17/06/2019,9.0,9.0,0(0.00 %),0,0,0,0,9.0,9.0,9.0
18/06/2019,9.0,9.0,0(0.00 %),0,0,0,0,9.0,9.0,9.0
19/06/2019,9.0,9.0,0(0.00 %),0,0,0,0,9.0,9.0,9.0
20/06/2019,9.0,9.0,0(0.00 %),0,0,0,0,9.0,9.0,9.0
21/06/2019,9.0,9.0,0(0.00 %),0,0,0,0,9.0,9.0,9.0
24/06/2019,9.0,9.0,0(0.00 %),0,0,0,0,9.0,9.0,9.0
25/06/2019,9.0,9.0,0(0.00 %),0,0,0,0,9.0,9.0,9.0
26/06/2019,9.0,9.0,0(0.00 %),0,0,0,0,9.0,9.0,9.0
27/06/2019,9.0,9.0,0(0.00 %),0,0,0,0,9.0,9.0,9.0
28/06/2019,9.0,9.0,0(0.00 %),0,0,0,0,9.0,9.0,9.0
01/07/2019,9.0,9.0,0(0.00 %),0,0,0,0,9.0,9.0,9.0
02/07/2019,9.0,9.0,0(0.00 %),0,0,0,0,9.0,9.0,9.0
03/07/2019,9.0,9.0,0(0.00 %),0,0,0,0,9.0,9.0,9.0
04/07/2019,9.0,9.0,0(0.00 %),0,0,0,0,9.0,9.0,9.0
05/07/2019,9.0,9.0,0(0.00 %),0,0,0,0,9.0,9.0,9.0
08/07/2019,9.0,9.0,0(0.00 %),0,0,0,0,9.0,9.0,9.0
09/07/2019,9.0,9.0,0(0.00 %),0,0,0,0,9.0,9.0,9.0
10/07/2019,9.0,9.0,0(0.00 %),0,0,0,0,9.0,9.0,9.0
11/07/2019,9.0,9.0,0(0.00 %),0,0,0,0,9.0,9.0,9.0
12/07/2019,9.0,9.0,0(0.00 %),0,0,0,0,9.0,9.0,9.0
15/07/2019,9.0,9.0,0(0.00 %),0,0,0,0,9.0,9.0,9.0
16/07/2019,9.0,9.0,0(0.00 %),0,0,0,0,9.0,9.0,9.0
17/07/2019,9.0,9.0,0(0.00 %),0,0,0,0,9.0,9.0,9.0
18/07/2019,9.0,9.0,0(0.00 %),0,0,0,0,9.0,9.0,9.0
19/07/2019,9.0,9.0,0(0.00 %),0,0,0,0,9.0,9.0,9.0
22/07/2019,9.0,9.0,0(0.00 %),0,0,0,0,9.0,9.0,9.0
23/07/2019,9.0,9.0,0(0.00 %),0,0,0,0,9.0,9.0,9.0
24/07/2019,9.0,9.0,0(0.00 %),0,0,0,0,9.0,9.0,9.0
25/07/2019,9.0,9.0,0(0.00 %),0,0,0,0,9.0,9.0,9.0
26/07/2019,9.0,9.0,0(0.00 %),0,0,0,0,9.0,9.0,9.0
29/07/2019,9.0,9.0,0(0.00 %),0,0,0,0,9.0,9.0,9.0
30/07/2019,9.0,9.0,0(0.00 %),0,0,0,0,9.0,9.0,9.0
31/07/2019,9.0,9.0,0(0.00 %),0,0,0,0,9.0,9.0,9.0
01/08/2019,9.0,9.0,0(0.00 %),0,0,0,0,9.0,9.0,9.0
02/08/2019,9.0,9.0,0(0.00 %),0,0,0,0,9.0,9.0,9.0
05/08/2019,9.0,9.0,0(0.00 %),0,0,0,0,9.0,9.0,9.0
06/08/2019,9.0,9.0,0(0.00 %),0,0,0,0,9.0,9.0,9.0
07/08/2019,9.0,9.0,0(0.00 %),0,0,0,0,9.0,9.0,9.0
08/08/2019,9.0,9.0,0(0.00 %),0,0,0,0,9.0,9.0,9.0
09/08/2019,9.0,9.0,0(0.00 %),0,0,0,0,9.0,9.0,9.0
12/08/2019,9.0,9.0,0(0.00 %),0,0,0,0,9.0,9.0,9.0
13/08/2019,9.0,9.0,0(0.00 %),0,0,0,0,9.0,9.0,9.0
14/08/2019,9.0,9.0,0(0.00 %),0,0,0,0,9.0,9.0,9.0
15/08/2019,9.0,9.0,0(0.00 %),0,0,0,0,9.0,9.0,9.0
16/08/2019,9.0,9.0,0(0.00 %),0,0,0,0,9.0,9.0,9.0
19/08/2019,9.0,9.0,0(0.00 %),0,0,0,0,9.0,9.0,9.0
20/08/2019,9.0,9.0,0(0.00 %),0,0,0,0,9.0,9.0,9.0
21/08/2019,9.0,9.0,0(0.00 %),0,0,0,0,9.0,9.0,9.0
22/08/2019,9.0,9.0,0(0.00 %),0,0,0,0,9.0,9.0,9.0
23/08/2019,9.0,9.0,0(0.00 %),0,0,0,0,9.0,9.0,9.0
26/08/2019,9.0,9.0,0(0.00 %),0,0,0,0,9.0,9.0,9.0
27/08/2019,9.0,9.0,0(0.00 %),0,0,0,0,9.0,9.0,9.0
28/08/2019,9.0,9.0,0(0.00 %),0,0,0,0,9.0,9.0,9.0
29/08/2019,9.0,9.0,0(0.00 %),0,0,0,0,9.0,9.0,9.0
30/08/2019,9.0,9.0,0(0.00 %),0,0,0,0,9.0,9.0,9.0
03/09/2019,9.0,9.0,0(0.00 %),0,0,0,0,9.0,9.0,9.0
04/09/2019,9.0,9.0,0(0.00 %),0,0,0,0,9.0,9.0,9.0
05/09/2019,9.0,9.0,0(0.00 %),0,0,0,0,9.0,9.0,9.0
06/09/2019,9.0,9.0,0(0.00 %),0,0,0,0,9.0,9.0,9.0
09/09/2019,9.0,9.0,0(0.00 %),0,0,0,0,9.0,9.0,9.0
10/09/2019,9.0,9.0,0(0.00 %),0,0,0,0,9.0,9.0,9.0
11/09/2019,9.0,9.0,0(0.00 %),0,0,0,0,9.0,9.0,9.0
12/09/2019,9.0,9.0,0(0.00 %),0,0,0,0,9.0,9.0,9.0
13/09/2019,9.0,9.0,0(0.00 %),0,0,0,0,9.0,9.0,9.0
16/09/2019,9.0,9.0,0(0.00 %),0,0,0,0,9.0,9.0,9.0
17/09/2019,9.0,9.0,0(0.00 %),0,0,0,0,9.0,9.0,9.0
18/09/2019,9.0,9.0,0(0.00 %),0,0,0,0,9.0,9.0,9.0
19/09/2019,9.0,9.0,0(0.00 %),0,0,0,0,9.0,9.0,9.0
20/09/2019,9.0,9.0,0(0.00 %),0,0,0,0,9.0,9.0,9.0
23/09/2019,9.0,9.0,0(0.00 %),0,0,0,0,9.0,9.0,9.0
24/09/2019,9.0,9.0,0(0.00 %),0,0,0,0,9.0,9.0,9.0
25/09/2019,9.0,9.0,0(0.00 %),0,0,0,0,9.0,9.0,9.0
26/09/2019,9.0,9.0,0(0.00 %),0,0,0,0,9.0,9.0,9.0
27/09/2019,9.0,9.0,0(0.00 %),0,0,0,0,9.0,9.0,9.0
30/09/2019,9.0,9.0,0(0.00 %),0,0,0,0,9.0,9.0,9.0
01/10/2019,9.0,9.0,0(0.00 %),0,0,0,0,9.0,9.0,9.0
02/10/2019,9.0,9.0,0(0.00 %),0,0,0,0,9.0,9.0,9.0
03/10/2019,9.0,9.0,0(0.00 %),0,0,0,0,9.0,9.0,9.0
04/10/2019,9.0,9.0,0(0.00 %),0,0,0,0,9.0,9.0,9.0
07/10/2019,9.0,9.0,0(0.00 %),0,0,0,0,9.0,9.0,9.0
08/10/2019,9.0,9.0,0(0.00 %),0,0,0,0,9.0,9.0,9.0
09/10/2019,9.0,9.0,0(0.00 %),0,0,0,0,9.0,9.0,9.0
10/10/2019,9.0,9.0,0(0.00 %),0,0,0,0,9.0,9.0,9.0
11/10/2019,9.0,9.0,0(0.00 %),0,0,0,0,9.0,9.0,9.0
14/10/2019,9.0,9.0,0(0.00 %),0,0,0,0,9.0,9.0,9.0
15/10/2019,9.0,9.0,0(0.00 %),0,0,0,0,9.0,9.0,9.0
16/10/2019,9.0,9.0,0(0.00 %),0,0,0,0,9.0,9.0,9.0
17/10/2019,9.0,9.0,0(0.00 %),0,0,0,0,9.0,9.0,9.0
18/10/2019,9.0,9.0,0(0.00 %),0,0,0,0,9.0,9.0,9.0
21/10/2019,9.0,9.0,0(0.00 %),0,0,0,0,9.0,9.0,9.0
22/10/2019,9.0,9.0,0(0.00 %),0,0,0,0,9.0,9.0,9.0
23/10/2019,9.0,9.0,0(0.00 %),0,0,0,0,9.0,9.0,9.0
24/10/2019,9.0,9.0,0(0.00 %),0,0,0,0,9.0,9.0,9.0
25/10/2019,9.0,9.0,0(0.00 %),0,0,0,0,9.0,9.0,9.0
28/10/2019,9.0,9.0,0(0.00 %),0,0,0,0,9.0,9.0,9.0
29/10/2019,9.0,9.0,0(0.00 %),0,0,0,0,9.0,9.0,9.0
30/10/2019,9.0,9.0,0(0.00 %),0,0,0,0,9.0,9.0,9.0
31/10/2019,9.0,9.0,0(0.00 %),0,0,0,0,9.0,9.0,9.0
01/11/2019,9.0,9.0,0(0.00 %),0,0,0,0,9.0,9.0,9.0
04/11/2019,9.0,9.0,0(0.00 %),0,0,0,0,9.0,9.0,9.0
05/11/2019,9.0,9.0,0(0.00 %),0,0,0,0,9.0,9.0,9.0
06/11/2019,9.0,9.0,0(0.00 %),0,0,0,0,9.0,9.0,9.0
07/11/2019,9.0,9.0,0(0.00 %),0,0,0,0,9.0,9.0,9.0
08/11/2019,9.0,9.0,0(0.00 %),0,0,0,0,9.0,9.0,9.0
11/11/2019,9.0,9.0,0(0.00 %),0,0,0,0,9.0,9.0,9.0
12/11/2019,9.0,9.0,0(0.00 %),0,0,0,0,9.0,9.0,9.0
13/11/2019,9.0,9.0,0(0.00 %),0,0,0,0,9.0,9.0,9.0
14/11/2019,9.0,9.0,0(0.00 %),0,0,0,0,9.0,9.0,9.0
15/11/2019,9.0,9.0,0(0.00 %),0,0,0,0,9.0,9.0,9.0
18/11/2019,9.0,9.0,0(0.00 %),0,0,0,0,9.0,9.0,9.0
19/11/2019,9.0,9.0,0(0.00 %),0,0,0,0,9.0,9.0,9.0
20/11/2019,9.0,9.0,0(0.00 %),0,0,0,0,9.0,9.0,9.0
21/11/2019,9.0,9.0,0(0.00 %),0,0,0,0,9.0,9.0,9.0
22/11/2019,9.0,9.0,0(0.00 %),0,0,0,0,9.0,9.0,9.0
25/11/2019,9.0,9.0,0(0.00 %),0,0,0,0,9.0,9.0,9.0
26/11/2019,9.0,9.0,0(0.00 %),0,0,0,0,9.0,9.0,9.0
27/11/2019,9.0,9.0,0(0.00 %),0,0,0,0,9.0,9.0,9.0
28/11/2019,9.0,9.0,0(0.00 %),0,0,0,0,9.0,9.0,9.0
29/11/2019,9.0,9.0,0(0.00 %),0,0,0,0,9.0,9.0,9.0
02/12/2019,9.0,9.0,0(0.00 %),0,0,0,0,9.0,9.0,9.0
03/12/2019,9.0,9.0,0(0.00 %),0,0,0,0,9.0,9.0,9.0
04/12/2019,9.0,9.0,0(0.00 %),0,0,0,0,9.0,9.0,9.0
05/12/2019,9.0,9.0,0(0.00 %),0,0,0,0,9.0,9.0,9.0
06/12/2019,9.0,9.0,0(0.00 %),0,0,0,0,9.0,9.0,9.0
09/12/2019,9.0,9.0,0(0.00 %),0,0,0,0,9.0,9.0,9.0
10/12/2019,9.0,9.0,0(0.00 %),0,0,0,0,9.0,9.0,9.0
11/12/2019,9.0,9.0,0(0.00 %),0,0,0,0,9.0,9.0,9.0
12/12/2019,9.0,9.0,0(0.00 %),0,0,0,0,9.0,9.0,9.0
13/12/2019,9.0,9.0,0(0.00 %),0,0,0,0,9.0,9.0,9.0
16/12/2019,9.0,9.0,0(0.00 %),0,0,0,0,9.0,9.0,9.0
17/12/2019,9.0,9.0,0(0.00 %),0,0,0,0,9.0,9.0,9.0
18/12/2019,9.0,9.0,0(0.00 %),0,0,0,0,9.0,9.0,9.0
19/12/2019,9.0,9.0,0(0.00 %),0,0,0,0,9.0,9.0,9.0
20/12/2019,9.0,9.0,0(0.00 %),0,0,0,0,9.0,9.0,9.0
23/12/2019,9.0,9.0,0(0.00 %),0,0,0,0,9.0,9.0,9.0
24/12/2019,9.0,9.0,0(0.00 %),0,0,0,0,9.0,9.0,9.0
25/12/2019,9.0,9.0,0(0.00 %),0,0,0,0,9.0,9.0,9.0
26/12/2019,9.0,9.0,0(0.00 %),0,0,0,0,9.0,9.0,9.0
27/12/2019,9.0,9.0,0(0.00 %),0,0,0,0,9.0,9.0,9.0
30/12/2019,9.0,9.0,0(0.00 %),0,0,0,0,9.0,9.0,9.0
31/12/2019,9.0,9.0,0(0.00 %),0,0,0,0,9.0,9.0,9.0
02/01/2020,9.0,9.0,0(0.00 %),0,0,0,0,9.0,9.0,9.0
03/01/2020,9.0,9.0,0(0.00 %),0,0,0,0,9.0,9.0,9.0
06/01/2020,9.0,9.0,0(0.00 %),0,0,0,0,9.0,9.0,9.0
07/01/2020,9.0,9.0,0(0.00 %),0,0,0,0,9.0,9.0,9.0
08/01/2020,9.0,9.0,0(0.00 %),0,0,0,0,9.0,9.0,9.0
09/01/2020,9.0,9.0,0(0.00 %),0,0,0,0,9.0,9.0,9.0
10/01/2020,9.0,9.0,0(0.00 %),0,0,0,0,9.0,9.0,9.0
13/01/2020,9.0,9.0,0(0.00 %),0,0,0,0,9.0,9.0,9.0
14/01/2020,9.0,9.0,0(0.00 %),0,0,0,0,9.0,9.0,9.0
15/01/2020,9.0,9.0,0(0.00 %),0,0,0,0,9.0,9.0,9.0
16/01/2020,9.0,9.0,0(0.00 %),0,0,0,0,9.0,9.0,9.0
17/01/2020,9.0,9.0,0(0.00 %),0,0,0,0,9.0,9.0,9.0
20/01/2020,9.0,9.0,0(0.00 %),0,0,0,0,9.0,9.0,9.0
21/01/2020,9.0,9.0,0(0.00 %),0,0,0,0,9.0,9.0,9.0
22/01/2020,9.0,9.0,0(0.00 %),0,0,0,0,9.0,9.0,9.0
30/01/2020,9.0,9.0,0(0.00 %),0,0,0,0,9.0,9.0,9.0
31/01/2020,9.0,9.0,0(0.00 %),0,0,0,0,9.0,9.0,9.0
03/02/2020,9.0,9.0,0(0.00 %),0,0,0,0,9.0,9.0,9.0
04/02/2020,9.0,9.0,0(0.00 %),0,0,0,0,9.0,9.0,9.0
05/02/2020,9.0,9.0,0(0.00 %),0,0,0,0,9.0,9.0,9.0
06/02/2020,9.0,9.0,0(0.00 %),0,0,0,0,9.0,9.0,9.0
07/02/2020,9.0,9.0,0(0.00 %),0,0,0,0,9.0,9.0,9.0
10/02/2020,9.0,9.0,0(0.00 %),0,0,0,0,9.0,9.0,9.0
11/02/2020,9.0,9.0,0(0.00 %),0,0,0,0,9.0,9.0,9.0
12/02/2020,9.0,9.0,0(0.00 %),0,0,0,0,9.0,9.0,9.0
13/02/2020,9.0,9.0,0(0.00 %),0,0,0,0,9.0,9.0,9.0
14/02/2020,9.0,9.0,0(0.00 %),0,0,0,0,9.0,9.0,9.0
17/02/2020,9.0,9.0,0(0.00 %),0,0,0,0,9.0,9.0,9.0
18/02/2020,9.0,9.0,0(0.00 %),0,0,0,0,9.0,9.0,9.0
19/02/2020,9.0,9.0,0(0.00 %),0,0,0,0,9.0,9.0,9.0
20/02/2020,9.0,9.0,0(0.00 %),0,0,0,0,9.0,9.0,9.0
21/02/2020,9.0,9.0,0(0.00 %),0,0,0,0,9.0,9.0,9.0
24/02/2020,9.0,9.0,0(0.00 %),0,0,0,0,9.0,9.0,9.0
25/02/2020,9.0,9.0,0(0.00 %),0,0,0,0,9.0,9.0,9.0
26/02/2020,9.0,9.0,0(0.00 %),0,0,0,0,9.0,9.0,9.0
27/02/2020,9.0,9.0,0(0.00 %),0,0,0,0,9.0,9.0,9.0
28/02/2020,9.0,9.0,0(0.00 %),0,0,0,0,9.0,9.0,9.0
02/03/2020,9.0,9.0,0(0.00 %),0,0,0,0,9.0,9.0,9.0
03/03/2020,9.0,9.0,0(0.00 %),0,0,0,0,9.0,9.0,9.0
04/03/2020,9.0,9.0,0(0.00 %),0,0,0,0,9.0,9.0,9.0
05/03/2020,9.0,9.0,0(0.00 %),0,0,0,0,9.0,9.0,9.0
06/03/2020,9.0,9.0,0(0.00 %),0,0,0,0,9.0,9.0,9.0
09/03/2020,9.0,9.0,0(0.00 %),0,0,0,0,9.0,9.0,9.0
10/03/2020,9.0,9.0,0(0.00 %),0,0,0,0,9.0,9.0,9.0
12/03/2020,9.0,9.0,0(0.00 %),0,0,0,0,9.0,9.0,9.0
13/03/2020,9.0,9.0,0(0.00 %),0,0,0,0,9.0,9.0,9.0
16/03/2020,9.0,9.0,0(0.00 %),0,0,0,0,9.0,9.0,9.0
17/03/2020,9.0,9.0,0(0.00 %),0,0,0,0,9.0,9.0,9.0
18/03/2020,9.0,9.0,0(0.00 %),0,0,0,0,9.0,9.0,9.0
19/03/2020,9.0,9.0,0(0.00 %),0,0,0,0,9.0,9.0,9.0
20/03/2020,9.0,9.0,0(0.00 %),0,0,0,0,9.0,9.0,9.0
23/03/2020,9.0,9.0,0(0.00 %),0,0,0,0,9.0,9.0,9.0
24/03/2020,9.0,9.0,0(0.00 %),0,0,0,0,9.0,9.0,9.0
25/03/2020,9.0,9.0,0(0.00 %),0,0,0,0,9.0,9.0,9.0
26/03/2020,9.0,9.0,0(0.00 %),0,0,0,0,9.0,9.0,9.0
27/03/2020,9.0,9.0,0(0.00 %),0,0,0,0,9.0,9.0,9.0
30/03/2020,9.0,9.0,0(0.00 %),0,0,0,0,9.0,9.0,9.0
31/03/2020,9.0,9.0,0(0.00 %),0,0,0,0,9.0,9.0,9.0
01/04/2020,9.0,9.0,0(0.00 %),0,0,0,0,9.0,9.0,9.0
03/04/2020,9.0,9.0,0(0.00 %),0,0,0,0,9.0,9.0,9.0
06/04/2020,9.0,9.0,0(0.00 %),0,0,0,0,9.0,9.0,9.0
07/04/2020,9.0,9.0,0(0.00 %),0,0,0,0,9.0,9.0,9.0
08/04/2020,9.0,9.0,0(0.00 %),0,0,0,0,9.0,9.0,9.0
09/04/2020,9.0,9.0,0(0.00 %),0,0,0,0,9.0,9.0,9.0
10/04/2020,9.0,9.0,0(0.00 %),0,0,0,0,9.0,9.0,9.0
13/04/2020,9.0,9.0,0(0.00 %),0,0,0,0,9.0,9.0,9.0
14/04/2020,9.0,9.0,0(0.00 %),0,0,0,0,9.0,9.0,9.0
15/04/2020,9.0,9.0,0(0.00 %),0,0,0,0,9.0,9.0,9.0
16/04/2020,9.0,9.0,0(0.00 %),0,0,0,0,9.0,9.0,9.0
17/04/2020,9.0,9.0,0(0.00 %),0,0,0,0,9.0,9.0,9.0
20/04/2020,9.0,9.0,0(0.00 %),0,0,0,0,9.0,9.0,9.0
21/04/2020,9.0,9.0,0(0.00 %),0,0,0,0,9.0,9.0,9.0
22/04/2020,9.0,9.0,0(0.00 %),0,0,0,0,9.0,9.0,9.0
23/04/2020,9.0,9.0,0(0.00 %),0,0,0,0,9.0,9.0,9.0
24/04/2020,9.0,9.0,0(0.00 %),0,0,0,0,9.0,9.0,9.0
27/04/2020,9.0,9.0,0(0.00 %),0,0,0,0,9.0,9.0,9.0
28/04/2020,9.0,9.0,0(0.00 %),0,0,0,0,9.0,9.0,9.0
29/04/2020,9.0,9.0,0(0.00 %),0,0,0,0,9.0,9.0,9.0
04/05/2020,9.0,9.0,0(0.00 %),0,0,0,0,9.0,9.0,9.0
05/05/2020,9.0,9.0,0(0.00 %),0,0,0,0,9.0,9.0,9.0
06/05/2020,9.0,9.0,0(0.00 %),0,0,0,0,9.0,9.0,9.0
07/05/2020,9.0,9.0,0(0.00 %),0,0,0,0,9.0,9.0,9.0
08/05/2020,9.0,9.0,0(0.00 %),0,0,0,0,9.0,9.0,9.0
11/05/2020,9.0,9.0,0(0.00 %),0,0,0,0,9.0,9.0,9.0
12/05/2020,9.0,9.0,0(0.00 %),0,0,0,0,9.0,9.0,9.0
13/05/2020,9.0,9.0,0(0.00 %),0,0,0,0,9.0,9.0,9.0
14/05/2020,9.0,9.0,0(0.00 %),0,0,0,0,9.0,9.0,9.0
15/05/2020,9.0,9.0,0(0.00 %),0,0,0,0,9.0,9.0,9.0
18/05/2020,9.0,9.0,0(0.00 %),0,0,0,0,9.0,9.0,9.0
19/05/2020,9.0,9.0,0(0.00 %),0,0,0,0,9.0,9.0,9.0
20/05/2020,9.0,9.0,0(0.00 %),0,0,0,0,9.0,9.0,9.0
21/05/2020,9.0,9.0,0(0.00 %),0,0,0,0,9.0,9.0,9.0
22/05/2020,9.0,9.0,0(0.00 %),0,0,0,0,9.0,9.0,9.0
25/05/2020,9.0,9.0,0(0.00 %),0,0,0,0,9.0,9.0,9.0
26/05/2020,9.0,9.0,0(0.00 %),0,0,0,0,9.0,9.0,9.0
27/05/2020,9.0,9.0,0(0.00 %),0,0,0,0,9.0,9.0,9.0
28/05/2020,9.0,9.0,0(0.00 %),0,0,0,0,9.0,9.0,9.0
29/05/2020,9.0,9.0,0(0.00 %),0,0,0,0,9.0,9.0,9.0
01/06/2020,9.0,9.0,0(0.00 %),0,0,0,0,9.0,9.0,9.0
02/06/2020,9.0,9.0,0(0.00 %),0,0,0,0,9.0,9.0,9.0
03/06/2020,9.0,9.0,0(0.00 %),0,0,0,0,9.0,9.0,9.0
04/06/2020,9.0,9.0,0(0.00 %),0,0,0,0,9.0,9.0,9.0
05/06/2020,9.0,9.0,0(0.00 %),0,0,0,0,9.0,9.0,9.0
08/06/2020,9.0,9.0,0(0.00 %),0,0,0,0,9.0,9.0,9.0
09/06/2020,9.0,9.0,0(0.00 %),0,0,0,0,9.0,9.0,9.0
10/06/2020,9.0,9.0,0(0.00 %),0,0,0,0,9.0,9.0,9.0
11/06/2020,9.0,9.0,0(0.00 %),0,0,0,0,9.0,9.0,9.0
12/06/2020,9.0,9.0,0(0.00 %),0,0,0,0,9.0,9.0,9.0
15/06/2020,9.0,9.0,0(0.00 %),0,0,0,0,9.0,9.0,9.0
16/06/2020,9.0,9.0,0(0.00 %),0,0,0,0,9.0,9.0,9.0
17/06/2020,9.0,9.0,0(0.00 %),0,0,0,0,9.0,9.0,9.0
18/06/2020,9.0,9.0,0(0.00 %),0,0,0,0,9.0,9.0,9.0
19/06/2020,9.0,9.0,0(0.00 %),0,0,0,0,9.0,9.0,9.0
22/06/2020,9.0,9.0,0(0.00 %),0,0,0,0,9.0,9.0,9.0
23/06/2020,9.0,9.0,0(0.00 %),0,0,0,0,9.0,9.0,9.0
24/06/2020,9.0,9.0,0(0.00 %),0,0,0,0,9.0,9.0,9.0
25/06/2020,9.0,9.0,0(0.00 %),0,0,0,0,9.0,9.0,9.0
26/06/2020,9.0,9.0,0(0.00 %),0,0,0,0,9.0,9.0,9.0
29/06/2020,9.0,9.0,0(0.00 %),0,0,0,0,9.0,9.0,9.0
30/06/2020,9.0,9.0,0(0.00 %),0,0,0,0,9.0,9.0,9.0
01/07/2020,9.0,9.0,0(0.00 %),0,0,0,0,9.0,9.0,9.0
02/07/2020,9.0,9.0,0(0.00 %),0,0,0,0,9.0,9.0,9.0
03/07/2020,9.0,9.0,0(0.00 %),0,0,0,0,9.0,9.0,9.0
06/07/2020,9.0,9.0,0(0.00 %),0,0,0,0,9.0,9.0,9.0
07/07/2020,9.0,9.0,0(0.00 %),0,0,0,0,9.0,9.0,9.0
08/07/2020,9.0,9.0,0(0.00 %),0,0,0,0,9.0,9.0,9.0
09/07/2020,9.0,9.0,0(0.00 %),0,0,0,0,9.0,9.0,9.0
10/07/2020,9.0,9.0,0(0.00 %),0,0,0,0,9.0,9.0,9.0
13/07/2020,9.0,9.0,0(0.00 %),0,0,0,0,9.0,9.0,9.0
14/07/2020,9.0,9.0,0(0.00 %),0,0,0,0,9.0,9.0,9.0
15/07/2020,9.0,9.0,0(0.00 %),0,0,0,0,9.0,9.0,9.0
16/07/2020,9.0,9.0,0(0.00 %),0,0,0,0,9.0,9.0,9.0
17/07/2020,9.0,9.0,0(0.00 %),0,0,0,0,9.0,9.0,9.0
20/07/2020,9.0,9.0,0(0.00 %),0,0,0,0,9.0,9.0,9.0
21/07/2020,9.0,9.0,0(0.00 %),0,0,0,0,9.0,9.0,9.0
22/07/2020,9.0,9.0,0(0.00 %),0,0,0,0,9.0,9.0,9.0
23/07/2020,9.0,9.0,0(0.00 %),0,0,0,0,9.0,9.0,9.0
24/07/2020,9.0,9.0,0(0.00 %),0,0,0,0,9.0,9.0,9.0
27/07/2020,9.0,9.0,0(0.00 %),0,0,0,0,9.0,9.0,9.0
28/07/2020,9.0,9.0,0(0.00 %),0,0,0,0,9.0,9.0,9.0
29/07/2020,9.0,9.0,0(0.00 %),0,0,0,0,9.0,9.0,9.0
30/07/2020,9.0,9.0,0(0.00 %),0,0,0,0,9.0,9.0,9.0
31/07/2020,9.0,9.0,0(0.00 %),0,0,0,0,9.0,9.0,9.0
03/08/2020,9.0,9.0,0(0.00 %),0,0,0,0,9.0,9.0,9.0
04/08/2020,9.0,9.0,0(0.00 %),0,0,0,0,9.0,9.0,9.0
05/08/2020,9.0,9.0,0(0.00 %),0,0,0,0,9.0,9.0,9.0
06/08/2020,9.0,9.0,0(0.00 %),0,0,0,0,9.0,9.0,9.0
07/08/2020,9.0,9.0,0(0.00 %),0,0,0,0,9.0,9.0,9.0
10/08/2020,9.0,9.0,0(0.00 %),0,0,0,0,9.0,9.0,9.0
11/08/2020,9.0,9.0,0(0.00 %),0,0,0,0,9.0,9.0,9.0
12/08/2020,9.0,9.0,0(0.00 %),0,0,0,0,9.0,9.0,9.0
13/08/2020,9.0,9.0,0(0.00 %),0,0,0,0,9.0,9.0,9.0
14/08/2020,9.0,9.0,0(0.00 %),0,0,0,0,9.0,9.0,9.0
17/08/2020,9.0,9.0,0(0.00 %),0,0,0,0,9.0,9.0,9.0
18/08/2020,9.0,9.0,0(0.00 %),0,0,0,0,9.0,9.0,9.0
19/08/2020,9.0,9.0,0(0.00 %),0,0,0,0,9.0,9.0,9.0
20/08/2020,9.0,9.0,0(0.00 %),0,0,0,0,9.0,9.0,9.0
21/08/2020,9.0,9.0,0(0.00 %),0,0,0,0,9.0,9.0,9.0
24/08/2020,9.0,9.0,0(0.00 %),0,0,0,0,9.0,9.0,9.0
25/08/2020,9.0,9.0,0(0.00 %),0,0,0,0,9.0,9.0,9.0
26/08/2020,9.0,9.0,0(0.00 %),0,0,0,0,9.0,9.0,9.0
27/08/2020,9.0,9.0,0(0.00 %),0,0,0,0,9.0,9.0,9.0
28/08/2020,9.0,9.0,0(0.00 %),0,0,0,0,9.0,9.0,9.0
31/08/2020,9.0,9.0,0(0.00 %),0,0,0,0,9.0,9.0,9.0
01/09/2020,9.0,9.0,0(0.00 %),0,0,0,0,9.0,9.0,9.0
03/09/2020,9.0,9.0,0(0.00 %),0,0,0,0,9.0,9.0,9.0
04/09/2020,9.0,9.0,0(0.00 %),0,0,0,0,9.0,9.0,9.0
07/09/2020,9.0,9.0,0(0.00 %),0,0,0,0,9.0,9.0,9.0
08/09/2020,9.0,9.0,0(0.00 %),0,0,0,0,9.0,9.0,9.0
09/09/2020,9.0,9.0,0(0.00 %),0,0,0,0,9.0,9.0,9.0
10/09/2020,9.0,9.0,0(0.00 %),0,0,0,0,9.0,9.0,9.0
11/09/2020,9.0,9.0,0(0.00 %),0,0,0,0,9.0,9.0,9.0
14/09/2020,9.0,9.0,0(0.00 %),0,0,0,0,9.0,9.0,9.0
15/09/2020,9.0,9.0,0(0.00 %),0,0,0,0,9.0,9.0,9.0
16/09/2020,9.0,9.0,0(0.00 %),0,0,0,0,9.0,9.0,9.0
17/09/2020,9.0,9.0,0(0.00 %),0,0,0,0,9.0,9.0,9.0
18/09/2020,9.0,9.0,0(0.00 %),0,0,0,0,9.0,9.0,9.0
21/09/2020,9.0,9.0,0(0.00 %),0,0,0,0,9.0,9.0,9.0
22/09/2020,9.0,9.0,0(0.00 %),0,0,0,0,9.0,9.0,9.0
23/09/2020,9.0,9.0,0(0.00 %),0,0,0,0,9.0,9.0,9.0
24/09/2020,9.0,9.0,0(0.00 %),0,0,0,0,9.0,9.0,9.0
25/09/2020,9.0,9.0,0(0.00 %),0,0,0,0,9.0,9.0,9.0
28/09/2020,9.0,9.0,0(0.00 %),0,0,0,0,9.0,9.0,9.0
29/09/2020,9.0,9.0,0(0.00 %),0,0,0,0,9.0,9.0,9.0
30/09/2020,9.0,9.0,0(0.00 %),0,0,0,0,9.0,9.0,9.0
01/10/2020,9.0,9.0,0(0.00 %),0,0,0,0,9.0,9.0,9.0
02/10/2020,9.0,9.0,0(0.00 %),0,0,0,0,9.0,9.0,9.0
05/10/2020,9.0,9.0,0(0.00 %),0,0,0,0,9.0,9.0,9.0
06/10/2020,9.0,9.0,0(0.00 %),0,0,0,0,9.0,9.0,9.0
07/10/2020,9.0,9.0,0(0.00 %),0,0,0,0,9.0,9.0,9.0
08/10/2020,9.0,9.0,0(0.00 %),0,0,0,0,9.0,9.0,9.0
09/10/2020,9.0,9.0,0(0.00 %),0,0,0,0,9.0,9.0,9.0
12/10/2020,9.0,9.0,0(0.00 %),0,0,0,0,9.0,9.0,9.0
13/10/2020,9.0,9.0,0(0.00 %),0,0,0,0,9.0,9.0,9.0
14/10/2020,9.0,9.0,0(0.00 %),0,0,0,0,9.0,9.0,9.0
15/10/2020,9.0,9.0,0(0.00 %),0,0,0,0,9.0,9.0,9.0
16/10/2020,9.0,9.0,0(0.00 %),0,0,0,0,9.0,9.0,9.0
19/10/2020,9.0,9.0,0(0.00 %),0,0,0,0,9.0,9.0,9.0
20/10/2020,9.0,9.0,0(0.00 %),0,0,0,0,9.0,9.0,9.0
21/10/2020,9.0,9.0,0(0.00 %),0,0,0,0,9.0,9.0,9.0
22/10/2020,9.0,9.0,0(0.00 %),0,0,0,0,9.0,9.0,9.0
23/10/2020,9.0,9.0,0(0.00 %),0,0,0,0,9.0,9.0,9.0
26/10/2020,9.0,9.0,0(0.00 %),0,0,0,0,9.0,9.0,9.0
27/10/2020,9.0,9.0,0(0.00 %),0,0,0,0,9.0,9.0,9.0
28/10/2020,9.0,9.0,0(0.00 %),0,0,0,0,9.0,9.0,9.0
29/10/2020,9.0,9.0,0(0.00 %),0,0,0,0,9.0,9.0,9.0
30/10/2020,9.0,9.0,0(0.00 %),0,0,0,0,9.0,9.0,9.0
02/11/2020,9.0,9.0,0(0.00 %),0,0,0,0,9.0,9.0,9.0
03/11/2020,9.0,9.0,0(0.00 %),0,0,0,0,9.0,9.0,9.0
04/11/2020,9.0,9.0,0(0.00 %),0,0,0,0,9.0,9.0,9.0
05/11/2020,9.0,9.0,0(0.00 %),0,0,0,0,9.0,9.0,9.0
06/11/2020,9.0,9.0,0(0.00 %),0,0,0,0,9.0,9.0,9.0
09/11/2020,9.0,9.0,0(0.00 %),0,0,0,0,9.0,9.0,9.0
10/11/2020,9.0,9.0,0(0.00 %),0,0,0,0,9.0,9.0,9.0
11/11/2020,9.0,9.0,0(0.00 %),0,0,0,0,9.0,9.0,9.0
12/11/2020,9.0,9.0,0(0.00 %),0,0,0,0,9.0,9.0,9.0
13/11/2020,9.0,9.0,0(0.00 %),0,0,0,0,9.0,9.0,9.0
16/11/2020,9.0,9.0,0(0.00 %),0,0,0,0,9.0,9.0,9.0
17/11/2020,9.0,9.0,0(0.00 %),0,0,0,0,9.0,9.0,9.0
18/11/2020,9.0,9.0,0(0.00 %),0,0,0,0,9.0,9.0,9.0
19/11/2020,9.0,9.0,0(0.00 %),0,0,0,0,9.0,9.0,9.0
20/11/2020,9.0,9.0,0(0.00 %),0,0,0,0,9.0,9.0,9.0
24/11/2020,9.0,9.0,0(0.00 %),0,0,0,0,9.0,9.0,9.0
25/11/2020,9.0,9.0,0(0.00 %),0,0,0,0,9.0,9.0,9.0
26/11/2020,9.0,9.0,0(0.00 %),0,0,0,0,9.0,9.0,9.0
27/11/2020,9.0,9.0,0(0.00 %),0,0,0,0,9.0,9.0,9.0
30/11/2020,9.0,9.0,0(0.00 %),0,0,0,0,9.0,9.0,9.0
01/12/2020,9.0,9.0,0(0.00 %),0,0,0,0,9.0,9.0,9.0
02/12/2020,9.0,9.0,0(0.00 %),0,0,0,0,9.0,9.0,9.0
03/12/2020,9.0,9.0,0(0.00 %),0,0,0,0,9.0,9.0,9.0
04/12/2020,9.0,9.0,0(0.00 %),0,0,0,0,9.0,9.0,9.0
07/12/2020,9.0,9.0,0(0.00 %),0,0,0,0,9.0,9.0,9.0
08/12/2020,9.0,9.0,0(0.00 %),0,0,0,0,9.0,9.0,9.0
09/12/2020,9.0,9.0,0(0.00 %),0,0,0,0,9.0,9.0,9.0
10/12/2020,9.0,9.0,0(0.00 %),0,0,0,0,9.0,9.0,9.0
11/12/2020,9.0,9.0,0(0.00 %),0,0,0,0,9.0,9.0,9.0
14/12/2020,9.0,9.0,0(0.00 %),0,0,0,0,9.0,9.0,9.0
15/12/2020,9.0,9.0,0(0.00 %),0,0,0,0,9.0,9.0,9.0
16/12/2020,9.0,9.0,0(0.00 %),0,0,0,0,9.0,9.0,9.0
17/12/2020,9.0,9.0,0(0.00 %),0,0,0,0,9.0,9.0,9.0
18/12/2020,9.0,9.0,0(0.00 %),0,0,0,0,9.0,9.0,9.0
21/12/2020,9.0,9.0,0(0.00 %),0,0,0,0,9.0,9.0,9.0
22/12/2020,9.0,9.0,0(0.00 %),0,0,0,0,9.0,9.0,9.0
23/12/2020,9.0,9.0,0(0.00 %),0,0,0,0,9.0,9.0,9.0
24/12/2020,9.0,9.0,0(0.00 %),0,0,0,0,9.0,9.0,9.0
25/12/2020,9.0,9.0,0(0.00 %),0,0,0,0,9.0,9.0,9.0
28/12/2020,9.0,9.0,0(0.00 %),0,0,0,0,9.0,9.0,9.0
29/12/2020,9.0,9.0,0(0.00 %),0,0,0,0,9.0,9.0,9.0
30/12/2020,9.0,9.0,0(0.00 %),0,0,0,0,9.0,9.0,9.0
31/12/2020,9.0,9.0,0(0.00 %),0,0,0,0,9.0,9.0,9.0
04/01/2021,9.0,9.0,0(0.00 %),0,0,0,0,9.0,9.0,9.0
05/01/2021,9.0,9.0,0(0.00 %),0,0,0,0,9.0,9.0,9.0
06/01/2021,9.0,9.0,0(0.00 %),0,0,0,0,9.0,9.0,9.0
07/01/2021,9.0,9.0,0(0.00 %),0,0,0,0,9.0,9.0,9.0
08/01/2021,9.0,9.0,0(0.00 %),0,0,0,0,9.0,9.0,9.0
11/01/2021,9.0,9.0,0(0.00 %),0,0,0,0,9.0,9.0,9.0
12/01/2021,9.0,9.0,0(0.00 %),0,0,0,0,9.0,9.0,9.0
13/01/2021,9.0,9.0,0(0.00 %),0,0,0,0,9.0,9.0,9.0
14/01/2021,9.0,9.0,0(0.00 %),0,0,0,0,9.0,9.0,9.0
15/01/2021,9.0,9.0,0(0.00 %),0,0,0,0,9.0,9.0,9.0
18/01/2021,9.0,9.0,0(0.00 %),0,0,0,0,9.0,9.0,9.0
19/01/2021,9.0,9.0,0(0.00 %),0,0,0,0,9.0,9.0,9.0
20/01/2021,9.0,9.0,0(0.00 %),0,0,0,0,9.0,9.0,9.0
21/01/2021,9.0,9.0,0(0.00 %),0,0,0,0,9.0,9.0,9.0
22/01/2021,9.0,9.0,0(0.00 %),0,0,0,0,9.0,9.0,9.0
25/01/2021,9.0,9.0,0(0.00 %),0,0,0,0,9.0,9.0,9.0
26/01/2021,9.0,9.0,0(0.00 %),0,0,0,0,9.0,9.0,9.0
27/01/2021,9.0,9.0,0(0.00 %),0,0,0,0,9.0,9.0,9.0
28/01/2021,9.0,9.0,0(0.00 %),0,0,0,0,9.0,9.0,9.0
29/01/2021,9.0,9.0,0(0.00 %),0,0,0,0,9.0,9.0,9.0
01/02/2021,9.0,9.0,0(0.00 %),0,0,0,0,9.0,9.0,9.0
02/02/2021,9.0,9.0,0(0.00 %),0,0,0,0,9.0,9.0,9.0
03/02/2021,9.0,9.0,0(0.00 %),0,0,0,0,9.0,9.0,9.0
04/02/2021,9.0,9.0,0(0.00 %),0,0,0,0,9.0,9.0,9.0
05/02/2021,9.0,9.0,0(0.00 %),0,0,0,0,9.0,9.0,9.0
17/02/2021,9.0,9.0,0(0.00 %),0,0,0,0,9.0,9.0,9.0
18/02/2021,9.0,9.0,0(0.00 %),0,0,0,0,9.0,9.0,9.0
19/02/2021,9.0,9.0,0(0.00 %),0,0,0,0,9.0,9.0,9.0
22/02/2021,9.0,9.0,0(0.00 %),0,0,0,0,9.0,9.0,9.0
23/02/2021,9.0,9.0,0(0.00 %),0,0,0,0,9.0,9.0,9.0
24/02/2021,9.0,9.0,0(0.00 %),0,0,0,0,9.0,9.0,9.0
25/02/2021,9.0,9.0,0(0.00 %),0,0,0,0,9.0,9.0,9.0
26/02/2021,9.0,9.0,0(0.00 %),0,0,0,0,9.0,9.0,9.0
01/03/2021,9.0,9.0,0(0.00 %),0,0,0,0,9.0,9.0,9.0
02/03/2021,9.0,9.0,0(0.00 %),0,0,0,0,9.0,9.0,9.0
03/03/2021,9.0,9.0,0(0.00 %),0,0,0,0,9.0,9.0,9.0
04/03/2021,9.0,9.0,0(0.00 %),0,0,0,0,9.0,9.0,9.0
05/03/2021,9.0,9.0,0(0.00 %),0,0,0,0,9.0,9.0,9.0
09/03/2021,9.0,9.0,0(0.00 %),0,0,0,0,9.0,9.0,9.0
10/03/2021,9.0,9.0,0(0.00 %),0,0,0,0,9.0,9.0,9.0
11/03/2021,9.0,9.0,0(0.00 %),0,0,0,0,9.0,9.0,9.0
12/03/2021,9.0,9.0,0(0.00 %),0,0,0,0,9.0,9.0,9.0
15/03/2021,9.0,9.0,0(0.00 %),0,0,0,0,9.0,9.0,9.0
16/03/2021,9.0,9.0,0(0.00 %),0,0,0,0,9.0,9.0,9.0
17/03/2021,9.0,9.0,0(0.00 %),0,0,0,0,9.0,9.0,9.0
18/03/2021,9.0,9.0,0(0.00 %),0,0,0,0,9.0,9.0,9.0
19/03/2021,9.0,9.0,0(0.00 %),0,0,0,0,9.0,9.0,9.0
22/03/2021,9.0,9.0,0(0.00 %),0,0,0,0,9.0,9.0,9.0
23/03/2021,9.0,9.0,0(0.00 %),0,0,0,0,9.0,9.0,9.0
24/03/2021,9.0,9.0,0(0.00 %),0,0,0,0,9.0,9.0,9.0
25/03/2021,9.0,9.0,0(0.00 %),0,0,0,0,9.0,9.0,9.0
26/03/2021,9.0,9.0,0(0.00 %),0,0,0,0,9.0,9.0,9.0
29/03/2021,9.0,9.0,0(0.00 %),0,0,0,0,9.0,9.0,9.0
30/03/2021,9.0,9.0,0(0.00 %),0,0,0,0,9.0,9.0,9.0
31/03/2021,9.0,9.0,0(0.00 %),0,0,0,0,9.0,9.0,9.0
01/04/2021,9.0,9.0,0(0.00 %),0,0,0,0,9.0,9.0,9.0
02/04/2021,9.0,9.0,0(0.00 %),0,0,0,0,9.0,9.0,9.0
05/04/2021,9.0,9.0,0(0.00 %),0,0,0,0,9.0,9.0,9.0
06/04/2021,9.0,9.0,0(0.00 %),0,0,0,0,9.0,9.0,9.0
07/04/2021,9.0,9.0,0(0.00 %),0,0,0,0,9.0,9.0,9.0
08/04/2021,9.0,9.0,0(0.00 %),0,0,0,0,9.0,9.0,9.0
09/04/2021,9.0,9.0,0(0.00 %),0,0,0,0,9.0,9.0,9.0
12/04/2021,9.0,9.0,0(0.00 %),0,0,0,0,9.0,9.0,9.0
13/04/2021,9.0,9.0,0(0.00 %),0,0,0,0,9.0,9.0,9.0
14/04/2021,9.0,9.0,0(0.00 %),0,0,0,0,9.0,9.0,9.0
15/04/2021,9.0,9.0,0(0.00 %),0,0,0,0,9.0,9.0,9.0
16/04/2021,9.0,9.0,0(0.00 %),0,0,0,0,9.0,9.0,9.0
19/04/2021,9.0,9.0,0(0.00 %),0,0,0,0,9.0,9.0,9.0
20/04/2021,9.0,9.0,0(0.00 %),0,0,0,0,9.0,9.0,9.0
22/04/2021,9.0,9.0,0(0.00 %),0,0,0,0,9.0,9.0,9.0
23/04/2021,9.0,9.0,0(0.00 %),0,0,0,0,9.0,9.0,9.0
26/04/2021,9.0,9.0,0(0.00 %),0,0,0,0,9.0,9.0,9.0
27/04/2021,9.0,9.0,0(0.00 %),0,0,0,0,9.0,9.0,9.0
28/04/2021,9.0,9.0,0(0.00 %),0,0,0,0,9.0,9.0,9.0
29/04/2021,9.0,9.0,0(0.00 %),0,0,0,0,9.0,9.0,9.0
04/05/2021,9.0,9.0,0(0.00 %),0,0,0,0,9.0,9.0,9.0
05/05/2021,9.0,9.0,0(0.00 %),0,0,0,0,9.0,9.0,9.0
06/05/2021,9.0,9.0,0(0.00 %),0,0,0,0,9.0,9.0,9.0
07/05/2021,9.0,9.0,0(0.00 %),0,0,0,0,9.0,9.0,9.0
10/05/2021,9.0,9.0,0(0.00 %),0,0,0,0,9.0,9.0,9.0
11/05/2021,9.0,9.0,0(0.00 %),0,0,0,0,9.0,9.0,9.0
12/05/2021,9.0,9.0,0(0.00 %),0,0,0,0,9.0,9.0,9.0
13/05/2021,9.0,9.0,0(0.00 %),0,0,0,0,9.0,9.0,9.0
14/05/2021,9.0,9.0,0(0.00 %),0,0,0,0,9.0,9.0,9.0
17/05/2021,9.0,9.0,0(0.00 %),0,0,0,0,9.0,9.0,9.0
18/05/2021,9.0,9.0,0(0.00 %),0,0,0,0,9.0,9.0,9.0
19/05/2021,9.0,9.0,0(0.00 %),0,0,0,0,9.0,9.0,9.0
20/05/2021,9.0,9.0,0(0.00 %),0,0,0,0,9.0,9.0,9.0
21/05/2021,9.0,9.0,0(0.00 %),0,0,0,0,9.0,9.0,9.0
24/05/2021,9.0,9.0,0(0.00 %),0,0,0,0,9.0,9.0,9.0
25/05/2021,9.0,9.0,0(0.00 %),0,0,0,0,9.0,9.0,9.0
26/05/2021,9.0,9.0,0(0.00 %),0,0,0,0,9.0,9.0,9.0
27/05/2021,9.0,9.0,0(0.00 %),0,0,0,0,9.0,9.0,9.0
28/05/2021,9.0,9.0,0(0.00 %),0,0,0,0,9.0,9.0,9.0
31/05/2021,9.0,9.0,0(0.00 %),0,0,0,0,9.0,9.0,9.0
01/06/2021,9.0,9.0,0(0.00 %),0,0,0,0,9.0,9.0,9.0
02/06/2021,9.0,9.0,0(0.00 %),0,0,0,0,9.0,9.0,9.0
03/06/2021,9.0,9.0,0(0.00 %),0,0,0,0,9.0,9.0,9.0
04/06/2021,9.0,9.0,0(0.00 %),0,0,0,0,9.0,9.0,9.0
07/06/2021,9.0,9.0,0(0.00 %),0,0,0,0,9.0,9.0,9.0
08/06/2021,9.0,9.0,0(0.00 %),0,0,0,0,9.0,9.0,9.0
09/06/2021,9.0,9.0,0(0.00 %),0,0,0,0,9.0,9.0,9.0
10/06/2021,9.0,9.0,0(0.00 %),0,0,0,0,9.0,9.0,9.0
11/06/2021,9.0,9.0,0(0.00 %),0,0,0,0,9.0,9.0,9.0
14/06/2021,9.0,9.0,0(0.00 %),0,0,0,0,9.0,9.0,9.0
15/06/2021,9.0,9.0,0(0.00 %),0,0,0,0,9.0,9.0,9.0
16/06/2021,9.0,9.0,0(0.00 %),0,0,0,0,9.0,9.0,9.0
17/06/2021,9.0,9.0,0(0.00 %),0,0,0,0,9.0,9.0,9.0
18/06/2021,9.0,9.0,0(0.00 %),0,0,0,0,9.0,9.0,9.0
21/06/2021,9.0,9.0,0(0.00 %),0,0,0,0,9.0,9.0,9.0
22/06/2021,9.0,9.0,0(0.00 %),0,0,0,0,9.0,9.0,9.0
23/06/2021,9.0,9.0,0(0.00 %),0,0,0,0,9.0,9.0,9.0
24/06/2021,9.0,9.0,0(0.00 %),0,0,0,0,9.0,9.0,9.0
25/06/2021,9.0,9.0,0(0.00 %),0,0,0,0,9.0,9.0,9.0
28/06/2021,9.0,9.0,0(0.00 %),0,0,0,0,9.0,9.0,9.0
29/06/2021,9.0,9.0,0(0.00 %),0,0,0,0,9.0,9.0,9.0
30/06/2021,9.0,9.0,0(0.00 %),0,0,0,0,9.0,9.0,9.0
01/07/2021,9.0,9.0,0(0.00 %),0,0,0,0,9.0,9.0,9.0
02/07/2021,9.0,9.0,0(0.00 %),0,0,0,0,9.0,9.0,9.0
05/07/2021,9.0,9.0,0(0.00 %),0,0,0,0,9.0,9.0,9.0
06/07/2021,9.0,9.0,0(0.00 %),0,0,0,0,9.0,9.0,9.0
07/07/2021,9.0,9.0,0(0.00 %),0,0,0,0,9.0,9.0,9.0
08/07/2021,9.0,9.0,0(0.00 %),0,0,0,0,9.0,9.0,9.0
09/07/2021,9.0,9.0,0(0.00 %),0,0,0,0,9.0,9.0,9.0
12/07/2021,9.0,9.0,0(0.00 %),0,0,0,0,9.0,9.0,9.0
13/07/2021,9.0,9.0,0(0.00 %),0,0,0,0,9.0,9.0,9.0
14/07/2021,9.0,9.0,0(0.00 %),0,0,0,0,9.0,9.0,9.0
15/07/2021,9.0,9.0,0(0.00 %),0,0,0,0,9.0,9.0,9.0
16/07/2021,9.0,9.0,0(0.00 %),0,0,0,0,9.0,9.0,9.0
19/07/2021,9.0,9.0,0(0.00 %),0,0,0,0,9.0,9.0,9.0
20/07/2021,9.0,9.0,0(0.00 %),0,0,0,0,9.0,9.0,9.0
21/07/2021,9.0,9.0,0(0.00 %),0,0,0,0,9.0,9.0,9.0
22/07/2021,9.0,9.0,0(0.00 %),0,0,0,0,9.0,9.0,9.0
23/07/2021,9.0,9.0,0(0.00 %),0,0,0,0,9.0,9.0,9.0
26/07/2021,9.0,9.0,0(0.00 %),0,0,0,0,9.0,9.0,9.0
27/07/2021,9.0,9.0,0(0.00 %),0,0,0,0,9.0,9.0,9.0
28/07/2021,9.0,9.0,0(0.00 %),0,0,0,0,9.0,9.0,9.0
29/07/2021,9.0,9.0,0(0.00 %),0,0,0,0,9.0,9.0,9.0
30/07/2021,9.0,9.0,0(0.00 %),0,0,0,0,9.0,9.0,9.0
02/08/2021,9.0,9.0,0(0.00 %),0,0,0,0,9.0,9.0,9.0
03/08/2021,9.0,9.0,0(0.00 %),0,0,0,0,9.0,9.0,9.0
04/08/2021,9.0,9.0,0(0.00 %),0,0,0,0,9.0,9.0,9.0
05/08/2021,9.0,9.0,0(0.00 %),0,0,0,0,9.0,9.0,9.0
06/08/2021,9.0,9.0,0(0.00 %),0,0,0,0,9.0,9.0,9.0
09/08/2021,9.0,9.0,0(0.00 %),0,0,0,0,9.0,9.0,9.0
10/08/2021,9.0,9.0,0(0.00 %),0,0,0,0,9.0,9.0,9.0
11/08/2021,9.0,9.0,0(0.00 %),0,0,0,0,9.0,9.0,9.0
12/08/2021,9.0,9.0,0(0.00 %),0,0,0,0,9.0,9.0,9.0
13/08/2021,9.0,9.0,0(0.00 %),0,0,0,0,9.0,9.0,9.0
16/08/2021,9.0,9.0,0(0.00 %),0,0,0,0,9.0,9.0,9.0
17/08/2021,9.0,9.0,0(0.00 %),0,0,0,0,9.0,9.0,9.0
18/08/2021,9.0,9.0,0(0.00 %),0,0,0,0,9.0,9.0,9.0
19/08/2021,9.0,9.0,0(0.00 %),0,0,0,0,9.0,9.0,9.0
20/08/2021,9.0,9.0,0(0.00 %),0,0,0,0,9.0,9.0,9.0
23/08/2021,9.0,9.0,0(0.00 %),0,0,0,0,9.0,9.0,9.0
24/08/2021,9.0,9.0,0(0.00 %),0,0,0,0,9.0,9.0,9.0
25/08/2021,9.0,9.0,0(0.00 %),0,0,0,0,9.0,9.0,9.0
26/08/2021,9.0,9.0,0(0.00 %),0,0,0,0,9.0,9.0,9.0
27/08/2021,9.0,9.0,0(0.00 %),0,0,0,0,9.0,9.0,9.0
30/08/2021,9.0,9.0,0(0.00 %),0,0,0,0,9.0,9.0,9.0
31/08/2021,9.0,9.0,0(0.00 %),0,0,0,0,9.0,9.0,9.0
01/09/2021,9.0,9.0,0(0.00 %),0,0,0,0,9.0,9.0,9.0
06/09/2021,9.0,9.0,0(0.00 %),0,0,0,0,9.0,9.0,9.0
07/09/2021,9.0,9.0,0(0.00 %),0,0,0,0,9.0,9.0,9.0
08/09/2021,9.0,9.0,0(0.00 %),0,0,0,0,9.0,9.0,9.0
09/09/2021,9.0,9.0,0(0.00 %),0,0,0,0,9.0,9.0,9.0
10/09/2021,9.0,9.0,0(0.00 %),0,0,0,0,9.0,9.0,9.0
13/09/2021,9.0,9.0,0(0.00 %),0,0,0,0,9.0,9.0,9.0
14/09/2021,9.0,9.0,0(0.00 %),0,0,0,0,9.0,9.0,9.0
15/09/2021,9.0,9.0,0(0.00 %),0,0,0,0,9.0,9.0,9.0
16/09/2021,9.0,9.0,0(0.00 %),0,0,0,0,9.0,9.0,9.0
17/09/2021,9.0,9.0,0(0.00 %),0,0,0,0,9.0,9.0,9.0
20/09/2021,9.0,9.0,0(0.00 %),0,0,0,0,9.0,9.0,9.0
21/09/2021,9.0,9.0,0(0.00 %),0,0,0,0,9.0,9.0,9.0
22/09/2021,9.0,9.0,0(0.00 %),0,0,0,0,9.0,9.0,9.0
23/09/2021,9.0,9.0,0(0.00 %),0,0,0,0,9.0,9.0,9.0
24/09/2021,9.0,9.0,0(0.00 %),0,0,0,0,9.0,9.0,9.0
27/09/2021,9.0,9.0,0(0.00 %),0,0,0,0,9.0,9.0,9.0
28/09/2021,9.0,9.0,0(0.00 %),0,0,0,0,9.0,9.0,9.0
29/09/2021,9.0,9.0,0(0.00 %),0,0,0,0,9.0,9.0,9.0
30/09/2021,9.0,9.0,0(0.00 %),0,0,0,0,9.0,9.0,9.0
01/10/2021,9.0,9.0,0(0.00 %),0,0,0,0,9.0,9.0,9.0
04/10/2021,9.0,9.0,0(0.00 %),0,0,0,0,9.0,9.0,9.0
05/10/2021,9.0,9.0,0(0.00 %),0,0,0,0,9.0,9.0,9.0
06/10/2021,9.0,9.0,0(0.00 %),0,0,0,0,9.0,9.0,9.0
07/10/2021,9.0,9.0,0(0.00 %),0,0,0,0,9.0,9.0,9.0
08/10/2021,9.0,9.0,0(0.00 %),0,0,0,0,9.0,9.0,9.0
11/10/2021,9.0,9.0,0(0.00 %),0,0,0,0,9.0,9.0,9.0
12/10/2021,9.0,9.0,0(0.00 %),0,0,0,0,9.0,9.0,9.0
13/10/2021,9.0,9.0,0(0.00 %),0,0,0,0,9.0,9.0,9.0
14/10/2021,9.0,9.0,0(0.00 %),0,0,0,0,9.0,9.0,9.0
15/10/2021,9.0,9.0,0(0.00 %),0,0,0,0,9.0,9.0,9.0
18/10/2021,9.0,9.0,0(0.00 %),0,0,0,0,9.0,9.0,9.0
19/10/2021,9.0,9.0,0(0.00 %),0,0,0,0,9.0,9.0,9.0
20/10/2021,9.0,9.0,0(0.00 %),0,0,0,0,9.0,9.0,9.0
21/10/2021,9.0,9.0,0(0.00 %),0,0,0,0,9.0,9.0,9.0
22/10/2021,9.0,9.0,0(0.00 %),0,0,0,0,9.0,9.0,9.0
25/10/2021,9.0,9.0,0(0.00 %),0,0,0,0,9.0,9.0,9.0
26/10/2021,9.0,9.0,0(0.00 %),0,0,0,0,9.0,9.0,9.0
27/10/2021,9.0,9.0,0(0.00 %),0,0,0,0,9.0,9.0,9.0
28/10/2021,9.0,9.0,0(0.00 %),0,0,0,0,9.0,9.0,9.0
29/10/2021,9.0,9.0,0(0.00 %),0,0,0,0,9.0,9.0,9.0
01/11/2021,9.0,9.0,0(0.00 %),0,0,0,0,9.0,9.0,9.0
02/11/2021,9.0,9.0,0(0.00 %),0,0,0,0,9.0,9.0,9.0
03/11/2021,9.0,9.0,0(0.00 %),0,0,0,0,9.0,9.0,9.0
04/11/2021,9.0,9.0,0(0.00 %),0,0,0,0,9.0,9.0,9.0
05/11/2021,9.0,9.0,0(0.00 %),0,0,0,0,9.0,9.0,9.0
08/11/2021,9.0,9.0,0(0.00 %),0,0,0,0,9.0,9.0,9.0
09/11/2021,9.0,9.0,0(0.00 %),0,0,0,0,9.0,9.0,9.0
10/11/2021,9.0,9.0,0(0.00 %),0,0,0,0,9.0,9.0,9.0
11/11/2021,9.0,9.0,0(0.00 %),0,0,0,0,9.0,9.0,9.0
12/11/2021,9.0,9.0,0(0.00 %),0,0,0,0,9.0,9.0,9.0
15/11/2021,9.0,9.0,0(0.00 %),0,0,0,0,9.0,9.0,9.0
16/11/2021,9.0,9.0,0(0.00 %),0,0,0,0,9.0,9.0,9.0
17/11/2021,9.0,9.0,0(0.00 %),0,0,0,0,9.0,9.0,9.0
18/11/2021,9.0,9.0,0(0.00 %),0,0,0,0,9.0,9.0,9.0
19/11/2021,9.0,9.0,0(0.00 %),0,0,0,0,9.0,9.0,9.0
22/11/2021,9.0,9.0,0(0.00 %),0,0,0,0,9.0,9.0,9.0
23/11/2021,9.0,9.0,0(0.00 %),0,0,0,0,9.0,9.0,9.0
24/11/2021,9.0,9.0,0(0.00 %),0,0,0,0,9.0,9.0,9.0
25/11/2021,9.0,9.0,0(0.00 %),0,0,0,0,9.0,9.0,9.0
26/11/2021,9.0,9.0,0(0.00 %),0,0,0,0,9.0,9.0,9.0
29/11/2021,9.0,9.0,0(0.00 %),0,0,0,0,9.0,9.0,9.0
30/11/2021,9.0,9.0,0(0.00 %),0,0,0,0,9.0,9.0,9.0
01/12/2021,9.0,9.0,0(0.00 %),0,0,0,0,9.0,9.0,9.0
02/12/2021,9.0,9.0,0(0.00 %),0,0,0,0,9.0,9.0,9.0
03/12/2021,9.0,9.0,0(0.00 %),0,0,0,0,9.0,9.0,9.0
06/12/2021,9.0,9.0,0(0.00 %),0,0,0,0,9.0,9.0,9.0
07/12/2021,9.0,9.0,0(0.00 %),0,0,0,0,9.0,9.0,9.0
08/12/2021,9.0,9.0,0(0.00 %),0,0,0,0,9.0,9.0,9.0
09/12/2021,9.0,9.0,0(0.00 %),0,0,0,0,9.0,9.0,9.0
10/12/2021,9.0,9.0,0(0.00 %),0,0,0,0,9.0,9.0,9.0
13/12/2021,9.0,9.0,0(0.00 %),0,0,0,0,9.0,9.0,9.0
14/12/2021,9.0,9.0,0(0.00 %),0,0,0,0,9.0,9.0,9.0
15/12/2021,9.0,9.0,0(0.00 %),0,0,0,0,9.0,9.0,9.0
16/12/2021,9.0,9.0,0(0.00 %),0,0,0,0,9.0,9.0,9.0
17/12/2021,9.0,9.0,0(0.00 %),0,0,0,0,9.0,9.0,9.0
20/12/2021,9.0,9.0,0(0.00 %),0,0,0,0,9.0,9.0,9.0
21/12/2021,9.0,9.0,0(0.00 %),0,0,0,0,9.0,9.0,9.0
22/12/2021,9.0,9.0,0(0.00 %),0,0,0,0,9.0,9.0,9.0
23/12/2021,9.0,9.0,0(0.00 %),0,0,0,0,9.0,9.0,9.0
24/12/2021,9.0,9.0,0(0.00 %),0,0,0,0,9.0,9.0,9.0
27/12/2021,9.0,9.0,0(0.00 %),0,0,0,0,9.0,9.0,9.0
28/12/2021,9.0,9.0,0(0.00 %),0,0,0,0,9.0,9.0,9.0
29/12/2021,9.0,9.0,0(0.00 %),0,0,0,0,9.0,9.0,9.0
30/12/2021,9.0,9.0,0(0.00 %),0,0,0,0,9.0,9.0,9.0
31/12/2021,9.0,9.0,0(0.00 %),0,0,0,0,9.0,9.0,9.0
04/01/2022,9.0,9.0,0(0.00 %),0,0,0,0,9.0,9.0,9.0
05/01/2022,9.0,9.0,0(0.00 %),0,0,0,0,9.0,9.0,9.0
06/01/2022,9.0,9.0,0(0.00 %),0,0,0,0,9.0,9.0,9.0
07/01/2022,9.0,9.0,0(0.00 %),0,0,0,0,9.0,9.0,9.0
10/01/2022,9.0,9.0,0(0.00 %),0,0,0,0,9.0,9.0,9.0
11/01/2022,9.0,9.0,0(0.00 %),0,0,0,0,9.0,9.0,9.0
12/01/2022,9.0,9.0,0(0.00 %),0,0,0,0,9.0,9.0,9.0
13/01/2022,9.0,9.0,0(0.00 %),0,0,0,0,9.0,9.0,9.0
14/01/2022,9.0,9.0,0(0.00 %),0,0,0,0,9.0,9.0,9.0
17/01/2022,9.0,9.0,0(0.00 %),0,0,0,0,9.0,9.0,9.0
18/01/2022,9.0,9.0,0(0.00 %),0,0,0,0,9.0,9.0,9.0
19/01/2022,9.0,9.0,0(0.00 %),0,0,0,0,9.0,9.0,9.0
20/01/2022,9.0,9.0,0(0.00 %),0,0,0,0,9.0,9.0,9.0
21/01/2022,9.0,9.0,0(0.00 %),0,0,0,0,9.0,9.0,9.0
24/01/2022,9.0,9.0,0(0.00 %),0,0,0,0,9.0,9.0,9.0
25/01/2022,9.0,9.0,0(0.00 %),0,0,0,0,9.0,9.0,9.0
26/01/2022,9.0,9.0,0(0.00 %),0,0,0,0,9.0,9.0,9.0
27/01/2022,9.0,9.0,0(0.00 %),0,0,0,0,9.0,9.0,9.0
28/01/2022,9.0,9.0,0(0.00 %),0,0,0,0,9.0,9.0,9.0
07/02/2022,9.0,9.0,0(0.00 %),0,0,0,0,9.0,9.0,9.0
08/02/2022,9.0,9.0,0(0.00 %),0,0,0,0,9.0,9.0,9.0
09/02/2022,9.0,9.0,0(0.00 %),0,0,0,0,9.0,9.0,9.0
10/02/2022,9.0,9.0,0(0.00 %),0,0,0,0,9.0,9.0,9.0
11/02/2022,9.0,9.0,0(0.00 %),0,0,0,0,9.0,9.0,9.0
14/02/2022,9.0,9.0,0(0.00 %),0,0,0,0,9.0,9.0,9.0
15/02/2022,9.0,9.0,0(0.00 %),0,0,0,0,9.0,9.0,9.0
16/02/2022,9.0,9.0,0(0.00 %),0,0,0,0,9.0,9.0,9.0
17/02/2022,9.0,9.0,0(0.00 %),0,0,0,0,9.0,9.0,9.0
18/02/2022,9.0,9.0,0(0.00 %),0,0,0,0,9.0,9.0,9.0
21/02/2022,9.0,9.0,0(0.00 %),0,0,0,0,9.0,9.0,9.0
22/02/2022,9.0,9.0,0(0.00 %),0,0,0,0,9.0,9.0,9.0
23/02/2022,9.0,9.0,0(0.00 %),0,0,0,0,9.0,9.0,9.0
24/02/2022,9.0,9.0,0(0.00 %),0,0,0,0,9.0,9.0,9.0
25/02/2022,9.0,9.0,0(0.00 %),0,0,0,0,9.0,9.0,9.0
28/02/2022,9.0,9.0,0(0.00 %),0,0,0,0,9.0,9.0,9.0
01/03/2022,9.0,9.0,0(0.00 %),0,0,0,0,9.0,9.0,9.0
02/03/2022,9.0,9.0,0(0.00 %),0,0,0,0,9.0,9.0,9.0
03/03/2022,9.0,9.0,0(0.00 %),0,0,0,0,9.0,9.0,9.0
04/03/2022,9.0,9.0,0(0.00 %),0,0,0,0,9.0,9.0,9.0
07/03/2022,9.0,9.0,0(0.00 %),0,0,0,0,9.0,9.0,9.0
08/03/2022,9.0,9.0,0(0.00 %),0,0,0,0,9.0,9.0,9.0
09/03/2022,9.0,9.0,0(0.00 %),0,0,0,0,9.0,9.0,9.0
10/03/2022,9.0,9.0,0(0.00 %),0,0,0,0,9.0,9.0,9.0
11/03/2022,9.0,9.0,0(0.00 %),0,0,0,0,9.0,9.0,9.0
14/03/2022,9.0,9.0,0(0.00 %),0,0,0,0,9.0,9.0,9.0
15/03/2022,9.0,9.0,0(0.00 %),0,0,0,0,9.0,9.0,9.0
16/03/2022,9.0,9.0,0(0.00 %),0,0,0,0,9.0,9.0,9.0
17/03/2022,9.0,9.0,0(0.00 %),0,0,0,0,9.0,9.0,9.0
18/03/2022,9.0,9.0,0(0.00 %),0,0,0,0,9.0,9.0,9.0
21/03/2022,9.0,9.0,0(0.00 %),0,0,0,0,9.0,9.0,9.0
22/03/2022,9.0,9.0,0(0.00 %),0,0,0,0,9.0,9.0,9.0
23/03/2022,9.0,9.0,0(0.00 %),0,0,0,0,9.0,9.0,9.0
24/03/2022,9.0,9.0,0(0.00 %),0,0,0,0,9.0,9.0,9.0
25/03/2022,9.0,9.0,0(0.00 %),0,0,0,0,9.0,9.0,9.0
28/03/2022,9.0,9.0,0(0.00 %),0,0,0,0,9.0,9.0,9.0
29/03/2022,9.0,9.0,0(0.00 %),0,0,0,0,9.0,9.0,9.0
30/03/2022,9.0,9.0,0(0.00 %),0,0,0,0,9.0,9.0,9.0
31/03/2022,9.0,9.0,0(0.00 %),0,0,0,0,9.0,9.0,9.0
01/04/2022,9.0,9.0,0(0.00 %),0,0,0,0,9.0,9.0,9.0
04/04/2022,9.0,9.0,0(0.00 %),0,0,0,0,9.0,9.0,9.0
05/04/2022,9.0,9.0,0(0.00 %),0,0,0,0,9.0,9.0,9.0
06/04/2022,9.0,9.0,0(0.00 %),0,0,0,0,9.0,9.0,9.0
07/04/2022,9.0,9.0,0(0.00 %),0,0,0,0,9.0,9.0,9.0
08/04/2022,9.0,9.0,0(0.00 %),0,0,0,0,9.0,9.0,9.0
12/04/2022,9.0,9.0,0(0.00 %),0,0,0,0,9.0,9.0,9.0
13/04/2022,9.0,9.0,0(0.00 %),0,0,0,0,9.0,9.0,9.0
14/04/2022,9.0,9.0,0(0.00 %),0,0,0,0,9.0,9.0,9.0
18/04/2022,9.0,9.0,0(0.00 %),0,0,0,0,9.0,9.0,9.0
19/04/2022,9.0,9.0,0(0.00 %),0,0,0,0,9.0,9.0,9.0
20/04/2022,9.0,9.0,0(0.00 %),0,0,0,0,9.0,9.0,9.0
21/04/2022,9.0,9.0,0(0.00 %),0,0,0,0,9.0,9.0,9.0
22/04/2022,9.0,9.0,0(0.00 %),0,0,0,0,9.0,9.0,9.0
25/04/2022,9.0,9.0,0(0.00 %),0,0,0,0,9.0,9.0,9.0
26/04/2022,9.0,9.0,0(0.00 %),0,0,0,0,9.0,9.0,9.0
27/04/2022,9.0,9.0,0(0.00 %),0,0,0,0,9.0,9.0,9.0
28/04/2022,9.0,9.0,0(0.00 %),0,0,0,0,9.0,9.0,9.0
29/04/2022,9.0,9.0,0(0.00 %),0,0,0,0,9.0,9.0,9.0
04/05/2022,9.0,9.0,0(0.00 %),0,0,0,0,9.0,9.0,9.0
05/05/2022,9.0,9.0,0(0.00 %),0,0,0,0,9.0,9.0,9.0
06/05/2022,9.0,9.0,0(0.00 %),0,0,0,0,9.0,9.0,9.0
09/05/2022,9.0,9.0,0(0.00 %),0,0,0,0,9.0,9.0,9.0
10/05/2022,9.0,9.0,0(0.00 %),0,0,0,0,9.0,9.0,9.0
11/05/2022,9.0,9.0,0(0.00 %),0,0,0,0,9.0,9.0,9.0
12/05/2022,9.0,9.0,0(0.00 %),0,0,0,0,9.0,9.0,9.0
13/05/2022,9.0,9.0,0(0.00 %),0,0,0,0,9.0,9.0,9.0
16/05/2022,9.0,9.0,0(0.00 %),0,0,0,0,9.0,9.0,9.0
17/05/2022,9.0,9.0,0(0.00 %),0,0,0,0,9.0,9.0,9.0
18/05/2022,9.0,9.0,0(0.00 %),0,0,0,0,9.0,9.0,9.0
19/05/2022,9.0,9.0,0(0.00 %),0,0,0,0,9.0,9.0,9.0
20/05/2022,9.0,9.0,0(0.00 %),0,0,0,0,9.0,9.0,9.0
23/05/2022,9.0,9.0,0(0.00 %),0,0,0,0,9.0,9.0,9.0
24/05/2022,9.0,9.0,0(0.00 %),0,0,0,0,9.0,9.0,9.0
25/05/2022,9.0,9.0,0(0.00 %),0,0,0,0,9.0,9.0,9.0
26/05/2022,9.0,9.0,0(0.00 %),0,0,0,0,9.0,9.0,9.0
27/05/2022,9.0,9.0,0(0.00 %),0,0,0,0,9.0,9.0,9.0
30/05/2022,9.0,9.0,0(0.00 %),0,0,0,0,9.0,9.0,9.0
31/05/2022,9.0,9.0,0(0.00 %),0,0,0,0,9.0,9.0,9.0
01/06/2022,9.0,9.0,0(0.00 %),0,0,0,0,9.0,9.0,9.0
02/06/2022,9.0,9.0,0(0.00 %),0,0,0,0,9.0,9.0,9.0
03/06/2022,9.0,9.0,0(0.00 %),0,0,0,0,9.0,9.0,9.0
06/06/2022,9.0,9.0,0(0.00 %),0,0,0,0,9.0,9.0,9.0
07/06/2022,9.0,9.0,0(0.00 %),0,0,0,0,9.0,9.0,9.0
08/06/2022,9.0,9.0,0(0.00 %),0,0,0,0,9.0,9.0,9.0
09/06/2022,9.0,9.0,0(0.00 %),0,0,0,0,9.0,9.0,9.0
10/06/2022,9.0,9.0,0(0.00 %),0,0,0,0,9.0,9.0,9.0
13/06/2022,9.0,9.0,0(0.00 %),0,0,0,0,9.0,9.0,9.0
14/06/2022,9.0,9.0,0(0.00 %),0,0,0,0,9.0,9.0,9.0
15/06/2022,9.0,9.0,0(0.00 %),0,0,0,0,9.0,9.0,9.0
16/06/2022,9.0,9.0,0(0.00 %),0,0,0,0,9.0,9.0,9.0
17/06/2022,9.0,9.0,0(0.00 %),0,0,0,0,9.0,9.0,9.0
20/06/2022,9.0,9.0,0(0.00 %),0,0,0,0,9.0,9.0,9.0
21/06/2022,9.0,9.0,0(0.00 %),0,0,0,0,9.0,9.0,9.0
22/06/2022,9.0,9.0,0(0.00 %),0,0,0,0,9.0,9.0,9.0
23/06/2022,9.0,9.0,0(0.00 %),0,0,0,0,9.0,9.0,9.0
24/06/2022,9.0,9.0,0(0.00 %),0,0,0,0,9.0,9.0,9.0
27/06/2022,9.0,9.0,0(0.00 %),0,0,0,0,9.0,9.0,9.0
28/06/2022,9.0,9.0,0(0.00 %),0,0,0,0,9.0,9.0,9.0
29/06/2022,9.0,9.0,0(0.00 %),0,0,0,0,9.0,9.0,9.0
30/06/2022,9.0,9.0,0(0.00 %),0,0,0,0,9.0,9.0,9.0
01/07/2022,9.0,9.0,0(0.00 %),0,0,0,0,9.0,9.0,9.0
04/07/2022,9.0,9.0,0(0.00 %),0,0,0,0,9.0,9.0,9.0
05/07/2022,9.0,9.0,0(0.00 %),0,0,0,0,9.0,9.0,9.0
06/07/2022,9.0,9.0,0(0.00 %),0,0,0,0,9.0,9.0,9.0
07/07/2022,9.0,9.0,0(0.00 %),0,0,0,0,9.0,9.0,9.0
08/07/2022,9.0,9.0,0(0.00 %),0,0,0,0,9.0,9.0,9.0
11/07/2022,9.0,9.0,0(0.00 %),0,0,0,0,9.0,9.0,9.0
12/07/2022,9.0,9.0,0(0.00 %),0,0,0,0,9.0,9.0,9.0
13/07/2022,9.0,9.0,0(0.00 %),0,0,0,0,9.0,9.0,9.0
14/07/2022,9.0,9.0,0(0.00 %),0,0,0,0,9.0,9.0,9.0
15/07/2022,9.0,9.0,0(0.00 %),0,0,0,0,9.0,9.0,9.0
18/07/2022,9.0,9.0,0(0.00 %),0,0,0,0,9.0,9.0,9.0
19/07/2022,9.0,9.0,0(0.00 %),0,0,0,0,9.0,9.0,9.0
20/07/2022,9.0,9.0,0(0.00 %),0,0,0,0,9.0,9.0,9.0
21/07/2022,9.0,9.0,0(0.00 %),0,0,0,0,9.0,9.0,9.0
22/07/2022,9.0,9.0,0(0.00 %),0,0,0,0,9.0,9.0,9.0
25/07/2022,9.0,9.0,0(0.00 %),0,0,0,0,9.0,9.0,9.0
26/07/2022,9.0,9.0,0(0.00 %),0,0,0,0,9.0,9.0,9.0
27/07/2022,9.0,9.0,0(0.00 %),0,0,0,0,9.0,9.0,9.0
28/07/2022,9.0,9.0,0(0.00 %),0,0,0,0,9.0,9.0,9.0
29/07/2022,9.0,9.0,0(0.00 %),0,0,0,0,9.0,9.0,9.0
01/08/2022,9.0,9.0,0(0.00 %),0,0,0,0,9.0,9.0,9.0
02/08/2022,9.0,9.0,0(0.00 %),0,0,0,0,9.0,9.0,9.0
03/08/2022,9.0,9.0,0(0.00 %),0,0,0,0,9.0,9.0,9.0
04/08/2022,9.0,9.0,0(0.00 %),0,0,0,0,9.0,9.0,9.0
05/08/2022,9.0,9.0,0(0.00 %),0,0,0,0,9.0,9.0,9.0
08/08/2022,9.0,9.0,0(0.00 %),0,0,0,0,9.0,9.0,9.0
09/08/2022,9.0,9.0,0(0.00 %),0,0,0,0,9.0,9.0,9.0
10/08/2022,9.0,9.0,0(0.00 %),0,0,0,0,9.0,9.0,9.0
11/08/2022,9.0,9.0,0(0.00 %),0,0,0,0,9.0,9.0,9.0
12/08/2022,9.0,9.0,0(0.00 %),0,0,0,0,9.0,9.0,9.0
15/08/2022,9.0,9.0,0(0.00 %),0,0,0,0,9.0,9.0,9.0
16/08/2022,9.0,9.0,0(0.00 %),0,0,0,0,9.0,9.0,9.0
17/08/2022,9.0,9.0,0(0.00 %),0,0,0,0,9.0,9.0,9.0
18/08/2022,9.0,9.0,0(0.00 %),0,0,0,0,9.0,9.0,9.0
19/08/2022,9.0,9.0,0(0.00 %),0,0,0,0,9.0,9.0,9.0
22/08/2022,9.0,9.0,0(0.00 %),0,0,0,0,9.0,9.0,9.0
23/08/2022,9.0,9.0,0(0.00 %),0,0,0,0,9.0,9.0,9.0
24/08/2022,9.0,9.0,0(0.00 %),0,0,0,0,9.0,9.0,9.0
25/08/2022,9.0,9.0,0(0.00 %),0,0,0,0,9.0,9.0,9.0
26/08/2022,9.0,9.0,0(0.00 %),0,0,0,0,9.0,9.0,9.0
29/08/2022,9.0,9.0,0(0.00 %),0,0,0,0,9.0,9.0,9.0
30/08/2022,9.0,9.0,0(0.00 %),0,0,0,0,9.0,9.0,9.0
31/08/2022,9.0,9.0,0(0.00 %),0,0,0,0,9.0,9.0,9.0
05/09/2022,9.0,9.0,0(0.00 %),0,0,0,0,9.0,9.0,9.0
06/09/2022,9.0,9.0,0(0.00 %),0,0,0,0,9.0,9.0,9.0
07/09/2022,9.0,9.0,0(0.00 %),0,0,0,0,9.0,9.0,9.0
08/09/2022,9.0,9.0,0(0.00 %),0,0,0,0,9.0,9.0,9.0
09/09/2022,9.0,9.0,0(0.00 %),0,0,0,0,9.0,9.0,9.0
12/09/2022,9.0,9.0,0(0.00 %),0,0,0,0,9.0,9.0,9.0
13/09/2022,9.0,9.0,0(0.00 %),0,0,0,0,9.0,9.0,9.0
14/09/2022,9.0,9.0,0(0.00 %),0,0,0,0,9.0,9.0,9.0
15/09/2022,9.0,9.0,0(0.00 %),0,0,0,0,9.0,9.0,9.0
16/09/2022,9.0,9.0,0(0.00 %),0,0,0,0,9.0,9.0,9.0
19/09/2022,9.0,9.0,0(0.00 %),0,0,0,0,9.0,9.0,9.0
20/09/2022,9.0,9.0,0(0.00 %),0,0,0,0,9.0,9.0,9.0
21/09/2022,9.0,9.0,0(0.00 %),0,0,0,0,9.0,9.0,9.0
22/09/2022,9.0,9.0,0(0.00 %),0,0,0,0,9.0,9.0,9.0
23/09/2022,9.0,9.0,0(0.00 %),0,0,0,0,9.0,9.0,9.0
26/09/2022,9.0,9.0,0(0.00 %),0,0,0,0,9.0,9.0,9.0
27/09/2022,9.0,9.0,0(0.00 %),0,0,0,0,9.0,9.0,9.0
28/09/2022,9.0,9.0,0(0.00 %),0,0,0,0,9.0,9.0,9.0
29/09/2022,9.0,9.0,0(0.00 %),0,0,0,0,9.0,9.0,9.0
30/09/2022,9.0,9.0,0(0.00 %),0,0,0,0,9.0,9.0,9.0
03/10/2022,9.0,9.0,0(0.00 %),0,0,0,0,9.0,9.0,9.0
04/10/2022,9.0,9.0,0(0.00 %),0,0,0,0,9.0,9.0,9.0
05/10/2022,9.0,9.0,0(0.00 %),0,0,0,0,9.0,9.0,9.0
06/10/2022,9.0,9.0,0(0.00 %),0,0,0,0,9.0,9.0,9.0
07/10/2022,9.0,9.0,0(0.00 %),0,0,0,0,9.0,9.0,9.0
10/10/2022,9.0,9.0,0(0.00 %),0,0,0,0,9.0,9.0,9.0
11/10/2022,9.0,9.0,0(0.00 %),0,0,0,0,9.0,9.0,9.0
12/10/2022,9.0,9.0,0(0.00 %),0,0,0,0,9.0,9.0,9.0
13/10/2022,9.0,9.0,0(0.00 %),0,0,0,0,9.0,9.0,9.0
14/10/2022,9.0,9.0,0(0.00 %),0,0,0,0,9.0,9.0,9.0
17/10/2022,9.0,9.0,0(0.00 %),0,0,0,0,9.0,9.0,9.0
18/10/2022,9.0,9.0,0(0.00 %),0,0,0,0,9.0,9.0,9.0
19/10/2022,9.0,9.0,0(0.00 %),0,0,0,0,9.0,9.0,9.0
20/10/2022,9.0,9.0,0(0.00 %),0,0,0,0,9.0,9.0,9.0
21/10/2022,9.0,9.0,0(0.00 %),0,0,0,0,9.0,9.0,9.0
24/10/2022,9.0,9.0,0(0.00 %),0,0,0,0,9.0,9.0,9.0
25/10/2022,9.0,9.0,0(0.00 %),0,0,0,0,9.0,9.0,9.0
26/10/2022,9.0,9.0,0(0.00 %),0,0,0,0,9.0,9.0,9.0
27/10/2022,9.0,9.0,0(0.00 %),0,0,0,0,9.0,9.0,9.0
28/10/2022,9.0,9.0,0(0.00 %),0,0,0,0,9.0,9.0,9.0
31/10/2022,9.0,9.0,0(0.00 %),0,0,0,0,9.0,9.0,9.0
01/11/2022,9.0,9.0,0(0.00 %),0,0,0,0,9.0,9.0,9.0
02/11/2022,9.0,9.0,0(0.00 %),0,0,0,0,9.0,9.0,9.0
03/11/2022,9.0,9.0,0(0.00 %),0,0,0,0,9.0,9.0,9.0
04/11/2022,9.0,9.0,0(0.00 %),0,0,0,0,9.0,9.0,9.0
07/11/2022,9.0,9.0,0(0.00 %),0,0,0,0,9.0,9.0,9.0
08/11/2022,9.0,9.0,0(0.00 %),0,0,0,0,9.0,9.0,9.0
09/11/2022,9.0,9.0,0(0.00 %),0,0,0,0,9.0,9.0,9.0
10/11/2022,9.0,9.0,0(0.00 %),0,0,0,0,9.0,9.0,9.0
11/11/2022,9.0,9.0,0(0.00 %),0,0,0,0,9.0,9.0,9.0
14/11/2022,9.0,9.0,0(0.00 %),0,0,0,0,9.0,9.0,9.0
15/11/2022,9.0,9.0,0(0.00 %),0,0,0,0,9.0,9.0,9.0
16/11/2022,9.0,9.0,0(0.00 %),0,0,0,0,9.0,9.0,9.0
17/11/2022,9.0,9.0,0(0.00 %),0,0,0,0,9.0,9.0,9.0
18/11/2022,9.0,9.0,0(0.00 %),0,0,0,0,9.0,9.0,9.0
21/11/2022,9.0,9.0,0(0.00 %),0,0,0,0,9.0,9.0,9.0
22/11/2022,9.0,9.0,0(0.00 %),0,0,0,0,9.0,9.0,9.0
23/11/2022,9.0,9.0,0(0.00 %),0,0,0,0,9.0,9.0,9.0
24/11/2022,9.0,9.0,0(0.00 %),0,0,0,0,9.0,9.0,9.0
25/11/2022,9.0,9.0,0(0.00 %),0,0,0,0,9.0,9.0,9.0
28/11/2022,9.0,9.0,0(0.00 %),0,0,0,0,9.0,9.0,9.0
29/11/2022,9.0,9.0,0(0.00 %),0,0,0,0,9.0,9.0,9.0
30/11/2022,9.0,9.0,0(0.00 %),0,0,0,0,9.0,9.0,9.0
01/12/2022,9.0,9.0,0(0.00 %),0,0,0,0,9.0,9.0,9.0
02/12/2022,9.0,9.0,0(0.00 %),0,0,0,0,9.0,9.0,9.0
05/12/2022,9.0,9.0,0(0.00 %),0,0,0,0,9.0,9.0,9.0
06/12/2022,9.0,9.0,0(0.00 %),0,0,0,0,9.0,9.0,9.0
07/12/2022,9.0,9.0,0(0.00 %),0,0,0,0,9.0,9.0,9.0
08/12/2022,9.0,9.0,0(0.00 %),0,0,0,0,9.0,9.0,9.0
09/12/2022,9.0,9.0,0(0.00 %),0,0,0,0,9.0,9.0,9.0
12/12/2022,9.0,9.0,0(0.00 %),0,0,0,0,9.0,9.0,9.0
13/12/2022,9.0,9.0,0(0.00 %),0,0,0,0,9.0,9.0,9.0
14/12/2022,9.0,9.0,0(0.00 %),0,0,0,0,9.0,9.0,9.0
15/12/2022,9.0,9.0,0(0.00 %),0,0,0,0,9.0,9.0,9.0
16/12/2022,9.0,9.0,0(0.00 %),0,0,0,0,9.0,9.0,9.0
19/12/2022,9.0,9.0,0(0.00 %),0,0,0,0,9.0,9.0,9.0
20/12/2022,9.0,9.0,0(0.00 %),0,0,0,0,9.0,9.0,9.0
21/12/2022,9.0,9.0,0(0.00 %),0,0,0,0,9.0,9.0,9.0
22/12/2022,9.0,9.0,0(0.00 %),0,0,0,0,9.0,9.0,9.0
23/12/2022,9.0,9.0,0(0.00 %),0,0,0,0,9.0,9.0,9.0
26/12/2022,9.0,9.0,0(0.00 %),0,0,0,0,9.0,9.0,9.0
27/12/2022,9.0,9.0,0(0.00 %),0,0,0,0,9.0,9.0,9.0
28/12/2022,9.0,9.0,0(0.00 %),0,0,0,0,9.0,9.0,9.0
29/12/2022,9.0,9.0,0(0.00 %),0,0,0,0,9.0,9.0,9.0
30/12/2022,9.0,9.0,0(0.00 %),0,0,0,0,9.0,9.0,9.0
03/01/2023,9.0,9.0,0(0.00 %),0,0,0,0,9.0,9.0,9.0
04/01/2023,9.0,9.0,0(0.00 %),0,0,0,0,9.0,9.0,9.0
05/01/2023,9.0,9.0,0(0.00 %),0,0,0,0,9.0,9.0,9.0
06/01/2023,9.0,9.0,0(0.00 %),0,0,0,0,9.0,9.0,9.0
09/01/2023,9.0,9.0,0(0.00 %),0,0,0,0,9.0,9.0,9.0
10/01/2023,9.0,9.0,0(0.00 %),0,0,0,0,9.0,9.0,9.0
11/01/2023,9.0,9.0,0(0.00 %),0,0,0,0,9.0,9.0,9.0
12/01/2023,9.0,9.0,0(0.00 %),0,0,0,0,9.0,9.0,9.0
13/01/2023,9.0,9.0,0(0.00 %),0,0,0,0,9.0,9.0,9.0
16/01/2023,9.0,9.0,0(0.00 %),0,0,0,0,9.0,9.0,9.0
17/01/2023,9.0,9.0,0(0.00 %),0,0,0,0,9.0,9.0,9.0
18/01/2023,9.0,9.0,0(0.00 %),0,0,0,0,9.0,9.0,9.0
19/01/2023,9.0,9.0,0(0.00 %),0,0,0,0,9.0,9.0,9.0
27/01/2023,9.0,9.0,0(0.00 %),0,0,0,0,9.0,9.0,9.0
30/01/2023,9.0,9.0,0(0.00 %),0,0,0,0,9.0,9.0,9.0
31/01/2023,9.0,9.0,0(0.00 %),0,0,0,0,9.0,9.0,9.0
01/02/2023,9.0,9.0,0(0.00 %),0,0,0,0,9.0,9.0,9.0
02/02/2023,9.0,9.0,0(0.00 %),0,0,0,0,9.0,9.0,9.0
03/02/2023,9.0,9.0,0(0.00 %),0,0,0,0,9.0,9.0,9.0
06/02/2023,9.0,9.0,0(0.00 %),0,0,0,0,9.0,9.0,9.0
07/02/2023,9.0,9.0,0(0.00 %),0,0,0,0,9.0,9.0,9.0
08/02/2023,9.0,9.0,0(0.00 %),0,0,0,0,9.0,9.0,9.0
09/02/2023,9.0,9.0,0(0.00 %),0,0,0,0,9.0,9.0,9.0
10/02/2023,9.0,9.0,0(0.00 %),0,0,0,0,9.0,9.0,9.0
13/02/2023,9.0,9.0,0(0.00 %),0,0,0,0,9.0,9.0,9.0
14/02/2023,9.0,9.0,0(0.00 %),0,0,0,0,9.0,9.0,9.0
15/02/2023,9.0,9.0,0(0.00 %),0,0,0,0,9.0,9.0,9.0
16/02/2023,9.0,9.0,0(0.00 %),0,0,0,0,9.0,9.0,9.0
17/02/2023,9.0,9.0,0(0.00 %),5000,30000000,0,0,6.0,6.0,6.0
20/02/2023,5.2,5.2,-0.8(-13.33 %),701,3986900,0,0,6.9,6.9,5.2
21/02/2023,6.3,6.3,0.6(10.53 %),5100,25230000,0,0,5.0,6.3,4.9
22/02/2023,5.5,5.5,0.6(12.24 %),301,1434200,0,0,4.4,5.5,4.4
23/02/2023,4.2,4.2,-0.6(-12.50 %),1200,5030000,0,0,4.1,4.2,4.1
24/02/2023,4.4,4.4,0.2(4.76 %),800,3450000,0,0,4.3,4.4,4.2
27/02/2023,4.2,4.2,-0.1(-2.33 %),3100,13020000,0,0,4.2,4.2,4.2
28/02/2023,4.8,4.8,0.6(14.29 %),200,950000,0,0,4.7,4.8,4.7
01/03/2023,4.8,4.8,0(0.00 %),0,0,0,0,4.8,4.8,4.8
02/03/2023,4.2,4.2,-0.6(-12.50 %),400,1680000,0,0,4.2,4.2,4.2
03/03/2023,4.2,4.2,0(0.00 %),0,0,0,0,4.2,4.2,4.2
06/03/2023,3.6,3.6,-0.6(-14.29 %),100,360000,0,0,3.6,3.6,3.6
07/03/2023,4.1,4.1,0.5(13.89 %),100,410000,0,0,4.1,4.1,4.1
08/03/2023,3.7,3.7,-0.4(-9.76 %),100,370000,0,0,3.7,3.7,3.7
09/03/2023,4.2,4.2,0.5(13.51 %),100,420000,0,0,4.2,4.2,4.2
10/03/2023,3.7,3.7,-0.5(-11.90 %),100,370000,0,0,3.7,3.7,3.7
13/03/2023,3.7,3.7,0(0.00 %),400,1530000,0,0,3.2,4.2,3.2
14/03/2023,3.6,3.6,-0.2(-5.26 %),400,1650000,0,0,4.3,4.3,3.6
15/03/2023,4.1,4.1,0(0.00 %),0,0,0,0,4.1,4.1,4.1
16/03/2023,4.3,4.3,0.2(4.88 %),200,780000,0,0,3.5,4.3,3.5
17/03/2023,3.4,3.4,-0.5(-12.82 %),600,2440000,0,0,3.4,4.4,3.4
20/03/2023,3.5,3.5,-0.6(-14.63 %),100,350000,0,0,3.5,3.5,3.5
21/03/2023,3.9,3.9,0.4(11.43 %),500,1880000,0,0,3.0,4.0,3.0
22/03/2023,3.3,3.3,-0.5(-13.16 %),200,720000,0,0,3.9,3.9,3.3
23/03/2023,3.6,3.6,0(0.00 %),0,0,0,0,3.6,3.6,3.6
24/03/2023,3.6,3.6,0(0.00 %),0,0,0,0,3.6,3.6,3.6
27/03/2023,4.0,4.0,0.4(11.11 %),100,400000,0,0,4.0,4.0,4.0
28/03/2023,4.0,4.0,0(0.00 %),0,0,0,0,4.0,4.0,4.0
29/03/2023,4.0,4.0,0(0.00 %),0,0,0,0,4.0,4.0,4.0
30/03/2023,4.0,4.0,0(0.00 %),0,0,0,0,4.0,4.0,4.0
31/03/2023,3.5,3.5,-0.5(-12.50 %),1000,3640000,0,0,3.4,3.9,3.4
03/04/2023,3.5,3.5,-0.1(-2.78 %),1,3500,0,0,3.6,3.6,3.6
04/04/2023,3.6,3.6,0(0.00 %),0,0,0,0,3.6,3.6,3.6
05/04/2023,3.6,3.6,0(0.00 %),0,0,0,0,3.6,3.6,3.6
06/04/2023,3.6,3.6,0(0.00 %),0,0,0,0,3.6,3.6,3.6
07/04/2023,3.6,3.6,0(0.00 %),0,0,0,0,3.6,3.6,3.6
10/04/2023,3.6,3.6,0(0.00 %),0,0,0,0,3.6,3.6,3.6
11/04/2023,3.6,3.6,0(0.00 %),0,0,0,0,3.6,3.6,3.6
12/04/2023,3.6,3.6,0(0.00 %),0,0,0,0,3.6,3.6,3.6
13/04/2023,3.6,3.6,0(0.00 %),0,0,0,0,3.6,3.6,3.6
14/04/2023,3.2,3.2,-0.4(-11.11 %),300,1110000,0,0,4.1,4.1,3.2
17/04/2023,3.7,3.7,0(0.00 %),0,0,0,0,3.7,3.7,3.7
18/04/2023,3.7,3.7,0(0.00 %),0,0,0,0,3.7,3.7,3.7
19/04/2023,3.7,3.7,0(0.00 %),0,0,0,0,3.7,3.7,3.7
20/04/2023,3.7,3.7,0(0.00 %),0,0,0,0,3.7,3.7,3.7
21/04/2023,4.2,4.2,0.5(13.51 %),100,420000,0,0,4.2,4.2,4.2
24/04/2023,4.2,4.2,0(0.00 %),0,0,0,0,4.2,4.2,4.2
25/04/2023,4.2,4.2,0(0.00 %),0,0,0,0,4.2,4.2,4.2
26/04/2023,4.2,4.2,0(0.00 %),0,0,0,0,4.2,4.2,4.2
27/04/2023,4.2,4.2,0(0.00 %),0,0,0,0,4.2,4.2,4.2
28/04/2023,3.7,3.7,-0.5(-11.90 %),100,370000,0,0,3.7,3.7,3.7
04/05/2023,3.7,3.7,0(0.00 %),0,0,0,0,3.7,3.7,3.7
05/05/2023,4.2,4.2,0.5(13.51 %),100,420000,0,0,4.2,4.2,4.2
08/05/2023,4.2,4.2,0(0.00 %),0,0,0,0,4.2,4.2,4.2
09/05/2023,4.2,4.2,0(0.00 %),0,0,0,0,4.2,4.2,4.2
10/05/2023,4.2,4.2,0(0.00 %),0,0,0,0,4.2,4.2,4.2
11/05/2023,4.2,4.2,0(0.00 %),0,0,0,0,4.2,4.2,4.2
12/05/2023,3.8,3.8,-0.4(-9.52 %),900,3500000,0,0,4.8,4.8,3.6
15/05/2023,3.9,3.9,0(0.00 %),0,0,0,0,3.9,3.9,3.9
16/05/2023,3.9,3.9,0(0.00 %),0,0,0,0,3.9,3.9,3.9
17/05/2023,3.9,3.9,0(0.00 %),0,0,0,0,3.9,3.9,3.9
18/05/2023,3.9,3.9,0(0.00 %),0,0,0,0,3.9,3.9,3.9
19/05/2023,3.9,3.9,0(0.00 %),1100,3790000,0,0,3.4,3.9,3.4
22/05/2023,3.4,3.4,0(0.00 %),0,0,0,0,3.4,3.4,3.4
23/05/2023,3.4,3.4,0(0.00 %),0,0,0,0,3.4,3.4,3.4
24/05/2023,3.4,3.4,0(0.00 %),0,0,0,0,3.4,3.4,3.4
25/05/2023,3.4,3.4,0(0.00 %),0,0,0,0,3.4,3.4,3.4
26/05/2023,3.9,3.9,0.5(14.71 %),100,390000,0,0,3.9,3.9,3.9
29/05/2023,3.9,3.9,0(0.00 %),0,0,0,0,3.9,3.9,3.9
30/05/2023,3.9,3.9,0(0.00 %),0,0,0,0,3.9,3.9,3.9
31/05/2023,3.9,3.9,0(0.00 %),0,0,0,0,3.9,3.9,3.9
01/06/2023,3.9,3.9,0(0.00 %),0,0,0,0,3.9,3.9,3.9
02/06/2023,3.9,3.9,0(0.00 %),0,0,0,0,3.9,3.9,3.9
05/06/2023,3.9,3.9,0(0.00 %),0,0,0,0,3.9,3.9,3.9
06/06/2023,3.9,3.9,0(0.00 %),0,0,0,0,3.9,3.9,3.9
07/06/2023,3.9,3.9,0(0.00 %),0,0,0,0,3.9,3.9,3.9
08/06/2023,3.9,3.9,0(0.00 %),0,0,0,0,3.9,3.9,3.9
09/06/2023,3.5,3.5,-0.4(-10.26 %),1900,6540000,0,0,3.5,3.5,3.4
12/06/2023,3.4,3.4,0(0.00 %),0,0,0,0,3.4,3.4,3.4
13/06/2023,3.4,3.4,0(0.00 %),0,0,0,0,3.4,3.4,3.4
14/06/2023,3.4,3.4,0(0.00 %),0,0,0,0,3.4,3.4,3.4
15/06/2023,3.4,3.4,0(0.00 %),0,0,0,0,3.4,3.4,3.4
16/06/2023,3.0,3.0,-0.4(-11.76 %),100,300000,0,0,3.0,3.0,3.0
19/06/2023,3.0,3.0,0(0.00 %),0,0,0,0,3.0,3.0,3.0
20/06/2023,3.0,3.0,0(0.00 %),0,0,0,0,3.0,3.0,3.0
21/06/2023,3.0,3.0,0(0.00 %),0,0,0,0,3.0,3.0,3.0
22/06/2023,3.0,3.0,0(0.00 %),0,0,0,0,3.0,3.0,3.0
23/06/2023,2.6,2.6,-0.4(-13.33 %),8100,21220000,0,0,2.9,2.9,2.6
26/06/2023,2.6,2.6,0(0.00 %),0,0,0,0,2.6,2.6,2.6
27/06/2023,2.6,2.6,0(0.00 %),0,0,0,0,2.6,2.6,2.6
28/06/2023,2.6,2.6,0(0.00 %),0,0,0,0,2.6,2.6,2.6
29/06/2023,2.6,2.6,0(0.00 %),0,0,0,0,2.6,2.6,2.6
30/06/2023,2.6,2.6,0(0.00 %),1310,3409000,0,0,2.7,2.7,2.5
03/07/2023,2.6,2.6,0(0.00 %),0,0,0,0,2.6,2.6,2.6
04/07/2023,2.6,2.6,0(0.00 %),0,0,0,0,2.6,2.6,2.6
05/07/2023,2.6,2.6,0(0.00 %),0,0,0,0,2.6,2.6,2.6
06/07/2023,2.6,2.6,0(0.00 %),0,0,0,0,2.6,2.6,2.6
07/07/2023,2.5,2.5,-0.1(-3.85 %),100,250000,0,0,2.5,2.5,2.5
10/07/2023,2.5,2.5,0(0.00 %),0,0,0,0,2.5,2.5,2.5
11/07/2023,2.5,2.5,0(0.00 %),0,0,0,0,2.5,2.5,2.5
12/07/2023,2.5,2.5,0(0.00 %),0,0,0,0,2.5,2.5,2.5
13/07/2023,2.5,2.5,0(0.00 %),0,0,0,0,2.5,2.5,2.5
14/07/2023,2.5,2.5,0(0.00 %),0,0,0,0,2.5,2.5,2.5
17/07/2023,2.5,2.5,0(0.00 %),0,0,0,0,2.5,2.5,2.5
18/07/2023,2.5,2.5,0(0.00 %),0,0,0,0,2.5,2.5,2.5
19/07/2023,2.5,2.5,0(0.00 %),0,0,0,0,2.5,2.5,2.5
20/07/2023,2.5,2.5,0(0.00 %),0,0,0,0,2.5,2.5,2.5
21/07/2023,2.5,2.5,0(0.00 %),0,0,0,0,2.5,2.5,2.5
24/07/2023,2.5,2.5,0(0.00 %),0,0,0,0,2.5,2.5,2.5
25/07/2023,2.5,2.5,0(0.00 %),0,0,0,0,2.5,2.5,2.5
26/07/2023,2.5,2.5,0(0.00 %),0,0,0,0,2.5,2.5,2.5
27/07/2023,2.5,2.5,0(0.00 %),0,0,0,0,2.5,2.5,2.5
28/07/2023,2.4,2.4,-0.1(-4.00 %),100,240000,0,0,2.4,2.4,2.4
31/07/2023,2.4,2.4,0(0.00 %),0,0,0,0,2.4,2.4,2.4
03/08/2023,2.4,2.4,0(0.00 %),0,0,0,0,2.4,2.4,2.4
04/08/2023,2.6,2.6,0.2(8.33 %),200,520000,0,0,2.6,2.6,2.6
07/08/2023,2.6,2.6,0(0.00 %),0,0,0,0,2.6,2.6,2.6
08/08/2023,2.6,2.6,0(0.00 %),0,0,0,0,2.6,2.6,2.6
09/08/2023,2.6,2.6,0(0.00 %),0,0,0,0,2.6,2.6,2.6
10/08/2023,2.6,2.6,0(0.00 %),0,0,0,0,2.6,2.6,2.6
11/08/2023,2.6,2.6,0(0.00 %),1600,4280000,0,0,2.9,2.9,2.6
14/08/2023,2.7,2.7,0(0.00 %),0,0,0,0,2.7,2.7,2.7
15/08/2023,2.7,2.7,0(0.00 %),0,0,0,0,2.7,2.7,2.7
16/08/2023,2.7,2.7,0(0.00 %),0,0,0,0,2.7,2.7,2.7
17/08/2023,2.7,2.7,0(0.00 %),0,0,0,0,2.7,2.7,2.7
18/08/2023,2.7,2.7,0(0.00 %),100,270000,0,0,2.7,2.7,2.7
21/08/2023,2.7,2.7,0(0.00 %),0,0,0,0,2.7,2.7,2.7
22/08/2023,2.7,2.7,0(0.00 %),0,0,0,0,2.7,2.7,2.7
23/08/2023,2.7,2.7,0(0.00 %),0,0,0,0,2.7,2.7,2.7
24/08/2023,2.7,2.7,0(0.00 %),0,0,0,0,2.7,2.7,2.7
25/08/2023,2.7,2.7,0(0.00 %),0,0,0,0,2.7,2.7,2.7
28/08/2023,2.7,2.7,0(0.00 %),0,0,0,0,2.7,2.7,2.7
29/08/2023,2.7,2.7,0(0.00 %),0,0,0,0,2.7,2.7,2.7
30/08/2023,2.7,2.7,0(0.00 %),0,0,0,0,2.7,2.7,2.7
31/08/2023,2.7,2.7,0(0.00 %),0,0,0,0,2.7,2.7,2.7
05/09/2023,2.7,2.7,0(0.00 %),0,0,0,0,2.7,2.7,2.7
06/09/2023,2.7,2.7,0(0.00 %),0,0,0,0,2.7,2.7,2.7
07/09/2023,2.7,2.7,0(0.00 %),0,0,0,0,2.7,2.7,2.7
08/09/2023,2.7,2.7,0(0.00 %),100,300000,0,0,3.0,3.0,3.0
11/09/2023,3.0,3.0,0(0.00 %),0,0,0,0,3.0,3.0,3.0
12/09/2023,3.0,3.0,0(0.00 %),0,0,0,0,3.0,3.0,3.0
13/09/2023,3.0,3.0,0(0.00 %),0,0,0,0,3.0,3.0,3.0
14/09/2023,3.0,3.0,0(0.00 %),0,0,0,0,3.0,3.0,3.0
15/09/2023,3.2,3.2,0.2(6.67 %),200,650000,0,0,3.3,3.3,3.2
18/09/2023,3.3,3.3,0(0.00 %),0,0,0,0,3.3,3.3,3.3
19/09/2023,3.3,3.3,0(0.00 %),0,0,0,0,3.3,3.3,3.3
20/09/2023,3.3,3.3,0(0.00 %),0,0,0,0,3.3,3.3,3.3
21/09/2023,3.3,3.3,0(0.00 %),0,0,0,0,3.3,3.3,3.3
22/09/2023,2.9,2.9,-0.4(-12.12 %),300,870000,0,0,2.9,2.9,2.9
25/09/2023,2.9,2.9,0(0.00 %),0,0,0,0,2.9,2.9,2.9
26/09/2023,2.9,2.9,0(0.00 %),0,0,0,0,2.9,2.9,2.9
27/09/2023,2.9,2.9,0(0.00 %),0,0,0,0,2.9,2.9,2.9
28/09/2023,2.9,2.9,0(0.00 %),0,0,0,0,2.9,2.9,2.9
29/09/2023,2.5,2.5,-0.4(-13.79 %),600,1560000,0,0,3.1,3.1,2.5
02/10/2023,2.6,2.6,0(0.00 %),0,0,0,0,2.6,2.6,2.6
03/10/2023,2.6,2.6,0(0.00 %),0,0,0,0,2.6,2.6,2.6
04/10/2023,2.6,2.6,0(0.00 %),0,0,0,0,2.6,2.6,2.6
05/10/2023,2.6,2.6,0(0.00 %),0,0,0,0,2.6,2.6,2.6
06/10/2023,2.3,2.3,-0.3(-11.54 %),900,2070000,0,0,2.3,2.3,2.3
09/10/2023,2.3,2.3,0(0.00 %),0,0,0,0,2.3,2.3,2.3
10/10/2023,2.3,2.3,0(0.00 %),0,0,0,0,2.3,2.3,2.3
11/10/2023,2.3,2.3,0(0.00 %),0,0,0,0,2.3,2.3,2.3
12/10/2023,2.3,2.3,0(0.00 %),0,0,0,0,2.3,2.3,2.3
13/10/2023,2.6,2.6,0.3(13.04 %),1200,3120000,0,0,2.6,2.6,2.6
16/10/2023,2.6,2.6,0(0.00 %),0,0,0,0,2.6,2.6,2.6
17/10/2023,2.6,2.6,0(0.00 %),0,0,0,0,2.6,2.6,2.6
18/10/2023,2.6,2.6,0(0.00 %),0,0,0,0,2.6,2.6,2.6
19/10/2023,2.6,2.6,0(0.00 %),0,0,0,0,2.6,2.6,2.6
20/10/2023,2.8,2.8,0.2(7.69 %),100,280000,0,0,2.8,2.8,2.8
23/10/2023,2.8,2.8,0(0.00 %),0,0,0,0,2.8,2.8,2.8
24/10/2023,2.8,2.8,0(0.00 %),0,0,0,0,2.8,2.8,2.8
25/10/2023,2.8,2.8,0(0.00 %),0,0,0,0,2.8,2.8,2.8
26/10/2023,2.8,2.8,0(0.00 %),0,0,0,0,2.8,2.8,2.8
27/10/2023,2.4,2.4,-0.4(-14.29 %),300,860000,0,0,3.1,3.1,2.4
30/10/2023,2.9,2.9,0(0.00 %),0,0,0,0,2.9,2.9,2.9
31/10/2023,2.9,2.9,0(0.00 %),0,0,0,0,2.9,2.9,2.9
01/11/2023,2.9,2.9,0(0.00 %),0,0,0,0,2.9,2.9,2.9
02/11/2023,2.9,2.9,0(0.00 %),0,0,0,0,2.9,2.9,2.9
03/11/2023,2.5,2.5,-0.4(-13.79 %),1000,2720000,0,0,3.2,3.2,2.5
06/11/2023,2.7,2.7,0(0.00 %),0,0,0,0,2.7,2.7,2.7
07/11/2023,2.7,2.7,0(0.00 %),0,0,0,0,2.7,2.7,2.7
08/11/2023,2.7,2.7,0(0.00 %),0,0,0,0,2.7,2.7,2.7
09/11/2023,2.7,2.7,0(0.00 %),0,0,0,0,2.7,2.7,2.7
10/11/2023,2.3,2.3,-0.4(-14.81 %),1800,4160000,0,0,2.3,2.4,2.3
13/11/2023,2.3,2.3,0(0.00 %),0,0,0,0,2.3,2.3,2.3
14/11/2023,2.3,2.3,0(0.00 %),0,0,0,0,2.3,2.3,2.3
15/11/2023,2.3,2.3,0(0.00 %),0,0,0,0,2.3,2.3,2.3
16/11/2023,2.3,2.3,0(0.00 %),0,0,0,0,2.3,2.3,2.3
17/11/2023,2.3,2.3,0(0.00 %),3100,6490000,0,0,2.1,2.3,2.0
20/11/2023,2.1,2.1,0(0.00 %),0,0,0,0,2.1,2.1,2.1
21/11/2023,2.1,2.1,0(0.00 %),0,0,0,0,2.1,2.1,2.1
22/11/2023,2.1,2.1,0(0.00 %),0,0,0,0,2.1,2.1,2.1
23/11/2023,2.1,2.1,0(0.00 %),0,0,0,0,2.1,2.1,2.1
24/11/2023,2.2,2.2,0.1(4.76 %),400,920000,0,0,2.4,2.4,2.2
27/11/2023,2.3,2.3,0(0.00 %),0,0,0,0,2.3,2.3,2.3
28/11/2023,2.3,2.3,0(0.00 %),0,0,0,0,2.3,2.3,2.3
29/11/2023,2.3,2.3,0(0.00 %),0,0,0,0,2.3,2.3,2.3
30/11/2023,2.3,2.3,0(0.00 %),0,0,0,0,2.3,2.3,2.3
01/12/2023,2.2,2.2,-0.1(-4.35 %),800,1730000,0,0,2.1,2.2,2.1
04/12/2023,2.2,2.2,0(0.00 %),0,0,0,0,2.2,2.2,2.2
05/12/2023,2.2,2.2,0(0.00 %),0,0,0,0,2.2,2.2,2.2
06/12/2023,2.2,2.2,0(0.00 %),0,0,0,0,2.2,2.2,2.2
07/12/2023,2.2,2.2,0(0.00 %),0,0,0,0,2.2,2.2,2.2
08/12/2023,1.9,1.9,-0.3(-13.64 %),1500,2910000,0,0,2.4,2.4,1.9
11/12/2023,1.9,1.9,0(0.00 %),0,0,0,0,1.9,1.9,1.9
12/12/2023,1.9,1.9,0(0.00 %),0,0,0,0,1.9,1.9,1.9
13/12/2023,1.9,1.9,0(0.00 %),0,0,0,0,1.9,1.9,1.9
14/12/2023,1.9,1.9,0(0.00 %),0,0,0,0,1.9,1.9,1.9
15/12/2023,2.1,2.1,0.2(10.53 %),500,1050000,0,0,2.1,2.1,2.1
18/12/2023,2.1,2.1,0(0.00 %),0,0,0,0,2.1,2.1,2.1
19/12/2023,2.1,2.1,0(0.00 %),0,0,0,0,2.1,2.1,2.1
20/12/2023,2.1,2.1,0(0.00 %),0,0,0,0,2.1,2.1,2.1
21/12/2023,2.1,2.1,0(0.00 %),0,0,0,0,2.1,2.1,2.1
22/12/2023,2.1,2.1,0(0.00 %),0,0,0,0,2.1,2.1,2.1
25/12/2023,2.1,2.1,0(0.00 %),0,0,0,0,2.1,2.1,2.1
26/12/2023,2.1,2.1,0(0.00 %),0,0,0,0,2.1,2.1,2.1
27/12/2023,2.1,2.1,0(0.00 %),0,0,0,0,2.1,2.1,2.1
28/12/2023,2.1,2.1,0(0.00 %),0,0,0,0,2.1,2.1,2.1
29/12/2023,2.1,2.1,0(0.00 %),0,0,0,0,2.1,2.1,2.1
02/01/2024,2.1,2.1,0(0.00 %),0,0,0,0,2.1,2.1,2.1
03/01/2024,2.1,2.1,0(0.00 %),0,0,0,0,2.1,2.1,2.1
04/01/2024,2.1,2.1,0(0.00 %),0,0,0,0,2.1,2.1,2.1
05/01/2024,2.1,2.1,0(0.00 %),700,1530000,0,0,2.4,2.4,2.1
08/01/2024,2.2,2.2,0(0.00 %),0,0,0,0,2.2,2.2,2.2
09/01/2024,2.2,2.2,0(0.00 %),0,0,0,0,2.2,2.2,2.2
10/01/2024,2.2,2.2,0(0.00 %),0,0,0,0,2.2,2.2,2.2
11/01/2024,2.2,2.2,0(0.00 %),0,0,0,0,2.2,2.2,2.2
12/01/2024,2.0,2.0,-0.2(-9.09 %),500,1000000,0,0,2.0,2.0,2.0
15/01/2024,2.0,2.0,0(0.00 %),0,0,0,0,2.0,2.0,2.0
16/01/2024,2.0,2.0,0(0.00 %),0,0,0,0,2.0,2.0,2.0
17/01/2024,2.0,2.0,0(0.00 %),0,0,0,0,2.0,2.0,2.0
18/01/2024,2.0,2.0,0(0.00 %),0,0,0,0,2.0,2.0,2.0
19/01/2024,2.0,2.0,0(0.00 %),0,0,0,0,2.0,2.0,2.0
22/01/2024,2.0,2.0,0(0.00 %),0,0,0,0,2.0,2.0,2.0
23/01/2024,2.0,2.0,0(0.00 %),0,0,0,0,2.0,2.0,2.0
24/01/2024,2.0,2.0,0(0.00 %),0,0,0,0,2.0,2.0,2.0
25/01/2024,2.0,2.0,0(0.00 %),0,0,0,0,2.0,2.0,2.0
26/01/2024,2.0,2.0,0(0.00 %),0,0,0,0,2.0,2.0,2.0
29/01/2024,2.0,2.0,0(0.00 %),0,0,0,0,2.0,2.0,2.0
30/01/2024,2.0,2.0,0(0.00 %),0,0,0,0,2.0,2.0,2.0
31/01/2024,2.0,2.0,0(0.00 %),0,0,0,0,2.0,2.0,2.0
01/02/2024,2.0,2.0,0(0.00 %),0,0,0,0,2.0,2.0,2.0
02/02/2024,2.0,2.0,0(0.00 %),570,1119000,0,0,2.0,2.0,2.0
05/02/2024,2.0,2.0,0(0.00 %),0,0,0,0,2.0,2.0,2.0
06/02/2024,2.0,2.0,0(0.00 %),0,0,0,0,2.0,2.0,2.0
07/02/2024,2.0,2.0,0(0.00 %),0,0,0,0,2.0,2.0,2.0
15/02/2024,2.0,2.0,0(0.00 %),0,0,0,0,2.0,2.0,2.0
16/02/2024,2.0,2.0,0(0.00 %),0,0,0,0,2.0,2.0,2.0
19/02/2024,2.0,2.0,0(0.00 %),0,0,0,0,2.0,2.0,2.0
20/02/2024,2.0,2.0,0(0.00 %),0,0,0,0,2.0,2.0,2.0
21/02/2024,2.0,2.0,0(0.00 %),0,0,0,0,2.0,2.0,2.0
22/02/2024,2.0,2.0,0(0.00 %),0,0,0,0,2.0,2.0,2.0
23/02/2024,2.0,2.0,0(0.00 %),0,0,0,0,2.0,2.0,2.0
26/02/2024,2.0,2.0,0(0.00 %),0,0,0,0,2.0,2.0,2.0
27/02/2024,2.0,2.0,0(0.00 %),0,0,0,0,2.0,2.0,2.0
28/02/2024,2.0,2.0,0(0.00 %),0,0,0,0,2.0,2.0,2.0
29/02/2024,2.0,2.0,0(0.00 %),0,0,0,0,2.0,2.0,2.0
01/03/2024,2.0,2.0,0(0.00 %),0,0,0,0,2.0,2.0,2.0
04/03/2024,2.0,2.0,0(0.00 %),0,0,0,0,2.0,2.0,2.0
05/03/2024,2.0,2.0,0(0.00 %),0,0,0,0,2.0,2.0,2.0
06/03/2024,2.0,2.0,0(0.00 %),0,0,0,0,2.0,2.0,2.0
07/03/2024,2.0,2.0,0(0.00 %),0,0,0,0,2.0,2.0,2.0
08/03/2024,2.0,2.0,0(0.00 %),0,0,0,0,2.0,2.0,2.0
11/03/2024,2.0,2.0,0(0.00 %),0,0,0,0,2.0,2.0,2.0
12/03/2024,2.0,2.0,0(0.00 %),0,0,0,0,2.0,2.0,2.0
13/03/2024,2.0,2.0,0(0.00 %),0,0,0,0,2.0,2.0,2.0
14/03/2024,2.0,2.0,0(0.00 %),0,0,0,0,2.0,2.0,2.0
15/03/2024,2.0,2.0,0(0.00 %),0,0,0,0,2.0,2.0,2.0
18/03/2024,2.0,2.0,0(0.00 %),0,0,0,0,2.0,2.0,2.0
19/03/2024,2.0,2.0,0(0.00 %),0,0,0,0,2.0,2.0,2.0
20/03/2024,2.0,2.0,0(0.00 %),0,0,0,0,2.0,2.0,2.0
21/03/2024,2.0,2.0,0(0.00 %),0,0,0,0,2.0,2.0,2.0
22/03/2024,2.0,2.0,0(0.00 %),0,0,0,0,2.0,2.0,2.0
25/03/2024,2.0,2.0,0(0.00 %),0,0,0,0,2.0,2.0,2.0
26/03/2024,2.0,2.0,0(0.00 %),0,0,0,0,2.0,2.0,2.0
27/03/2024,2.0,2.0,0(0.00 %),0,0,0,0,2.0,2.0,2.0
28/03/2024,2.0,2.0,0(0.00 %),0,0,0,0,2.0,2.0,2.0
29/03/2024,2.3,2.3,0.3(15.00 %),3000,6630000,0,0,2.1,2.3,2.1
01/04/2024,2.2,2.2,0(0.00 %),0,0,0,0,2.2,2.2,2.2
02/04/2024,2.2,2.2,0(0.00 %),0,0,0,0,2.2,2.2,2.2
03/04/2024,2.2,2.2,0(0.00 %),0,0,0,0,2.2,2.2,2.2
04/04/2024,2.2,2.2,0(0.00 %),0,0,0,0,2.2,2.2,2.2
05/04/2024,2.5,2.5,0.3(13.64 %),2400,5970000,0,0,2.4,2.5,2.4
08/04/2024,2.5,2.5,0(0.00 %),0,0,0,0,2.5,2.5,2.5
09/04/2024,2.5,2.5,0(0.00 %),0,0,0,0,2.5,2.5,2.5
10/04/2024,2.5,2.5,0(0.00 %),0,0,0,0,2.5,2.5,2.5
11/04/2024,2.5,2.5,0(0.00 %),0,0,0,0,2.5,2.5,2.5
12/04/2024,2.5,2.5,0(0.00 %),0,0,0,0,2.5,2.5,2.5
15/04/2024,2.5,2.5,0(0.00 %),0,0,0,0,2.5,2.5,2.5
16/04/2024,2.5,2.5,0(0.00 %),0,0,0,0,2.5,2.5,2.5
17/04/2024,2.5,2.5,0(0.00 %),0,0,0,0,2.5,2.5,2.5
19/04/2024,2.5,2.5,0(0.00 %),0,0,0,0,2.5,2.5,2.5
22/04/2024,2.5,2.5,0(0.00 %),0,0,0,0,2.5,2.5,2.5
23/04/2024,2.5,2.5,0(0.00 %),0,0,0,0,2.5,2.5,2.5
24/04/2024,2.5,2.5,0(0.00 %),0,0,0,0,2.5,2.5,2.5
25/04/2024,2.5,2.5,0(0.00 %),0,0,0,0,2.5,2.5,2.5
26/04/2024,2.5,2.5,0(0.00 %),0,0,0,0,2.5,2.5,2.5
02/05/2024,2.5,2.5,0(0.00 %),0,0,0,0,2.5,2.5,2.5
03/05/2024,2.2,2.2,-0.3(-12.00 %),100,220000,0,0,2.2,2.2,2.2
06/05/2024,2.2,2.2,0(0.00 %),0,0,0,0,2.2,2.2,2.2
07/05/2024,2.2,2.2,0(0.00 %),0,0,0,0,2.2,2.2,2.2
08/05/2024,2.2,2.2,0(0.00 %),0,0,0,0,2.2,2.2,2.2
09/05/2024,2.2,2.2,0(0.00 %),0,0,0,0,2.2,2.2,2.2
10/05/2024,2.2,2.2,0(0.00 %),0,0,0,0,2.2,2.2,2.2
13/05/2024,2.2,2.2,0(0.00 %),0,0,0,0,2.2,2.2,2.2
14/05/2024,2.2,2.2,0(0.00 %),0,0,0,0,2.2,2.2,2.2
15/05/2024,2.2,2.2,0(0.00 %),0,0,0,0,2.2,2.2,2.2
16/05/2024,2.2,2.2,0(0.00 %),0,0,0,0,2.2,2.2,2.2
17/05/2024,2.2,2.2,0(0.00 %),0,0,0,0,2.2,2.2,2.2
20/05/2024,2.2,2.2,0(0.00 %),0,0,0,0,2.2,2.2,2.2
21/05/2024,2.2,2.2,0(0.00 %),0,0,0,0,2.2,2.2,2.2
22/05/2024,2.2,2.2,0(0.00 %),0,0,0,0,2.2,2.2,2.2
23/05/2024,2.2,2.2,0(0.00 %),0,0,0,0,2.2,2.2,2.2
24/05/2024,2.2,2.2,0(0.00 %),200,440000,0,0,2.2,2.2,2.2
27/05/2024,2.2,2.2,0(0.00 %),0,0,0,0,2.2,2.2,2.2
28/05/2024,2.2,2.2,0(0.00 %),0,0,0,0,2.2,2.2,2.2
29/05/2024,2.2,2.2,0(0.00 %),0,0,0,0,2.2,2.2,2.2
30/05/2024,2.2,2.2,0(0.00 %),0,0,0,0,2.2,2.2,2.2
31/05/2024,2.2,2.2,0(0.00 %),0,0,0,0,2.2,2.2,2.2
03/06/2024,2.2,2.2,0(0.00 %),0,0,0,0,2.2,2.2,2.2
04/06/2024,2.2,2.2,0(0.00 %),0,0,0,0,2.2,2.2,2.2
05/06/2024,2.2,2.2,0(0.00 %),0,0,0,0,2.2,2.2,2.2
06/06/2024,2.2,2.2,0(0.00 %),0,0,0,0,2.2,2.2,2.2
07/06/2024,2.2,2.2,0(0.00 %),0,0,0,0,2.2,2.2,2.2
10/06/2024,2.2,2.2,0(0.00 %),0,0,0,0,2.2,2.2,2.2
11/06/2024,2.2,2.2,0(0.00 %),0,0,0,0,2.2,2.2,2.2
12/06/2024,2.2,2.2,0(0.00 %),0,0,0,0,2.2,2.2,2.2
13/06/2024,2.2,2.2,0(0.00 %),0,0,0,0,2.2,2.2,2.2
14/06/2024,2.0,2.0,-0.2(-9.09 %),100,200000,0,0,2.0,2.0,2.0
17/06/2024,2.0,2.0,0(0.00 %),0,0,0,0,2.0,2.0,2.0
18/06/2024,2.0,2.0,0(0.00 %),0,0,0,0,2.0,2.0,2.0
19/06/2024,2.0,2.0,0(0.00 %),0,0,0,0,2.0,2.0,2.0
20/06/2024,2.0,2.0,0(0.00 %),0,0,0,0,2.0,2.0,2.0
21/06/2024,2.3,2.3,0.3(15.00 %),800,1730000,0,0,1.8,2.3,1.7
24/06/2024,2.2,2.2,0(0.00 %),0,0,0,0,2.2,2.2,2.2
25/06/2024,2.2,2.2,0(0.00 %),0,0,0,0,2.2,2.2,2.2
26/06/2024,2.2,2.2,0(0.00 %),0,0,0,0,2.2,2.2,2.2
27/06/2024,2.2,2.2,0(0.00 %),0,0,0,0,2.2,2.2,2.2
28/06/2024,2.0,2.0,-0.2(-9.09 %),305,602500,0,0,1.9,2.0,1.9
01/07/2024,2.0,2.0,0(0.00 %),0,0,0,0,2.0,2.0,2.0
02/07/2024,2.0,2.0,0(0.00 %),0,0,0,0,2.0,2.0,2.0
03/07/2024,2.0,2.0,0(0.00 %),0,0,0,0,2.0,2.0,2.0
04/07/2024,2.0,2.0,0(0.00 %),0,0,0,0,2.0,2.0,2.0
05/07/2024,2.0,2.0,0(0.00 %),500,1000000,0,0,2.0,2.0,2.0
08/07/2024,2.0,2.0,0(0.00 %),0,0,0,0,2.0,2.0,2.0
09/07/2024,2.0,2.0,0(0.00 %),0,0,0,0,2.0,2.0,2.0
10/07/2024,2.0,2.0,0(0.00 %),0,0,0,0,2.0,2.0,2.0
11/07/2024,2.0,2.0,0(0.00 %),0,0,0,0,2.0,2.0,2.0
12/07/2024,2.3,2.3,0.3(15.00 %),600,1340000,0,0,2.2,2.3,2.2
15/07/2024,2.2,2.2,0(0.00 %),0,0,0,0,2.2,2.2,2.2
16/07/2024,2.2,2.2,0(0.00 %),0,0,0,0,2.2,2.2,2.2
17/07/2024,2.2,2.2,0(0.00 %),0,0,0,0,2.2,2.2,2.2
18/07/2024,2.2,2.2,0(0.00 %),0,0,0,0,2.2,2.2,2.2
19/07/2024,2.2,2.2,0(0.00 %),0,0,0,0,2.2,2.2,2.2
22/07/2024,2.2,2.2,0(0.00 %),0,0,0,0,2.2,2.2,2.2
23/07/2024,2.2,2.2,0(0.00 %),0,0,0,0,2.2,2.2,2.2
24/07/2024,2.2,2.2,0(0.00 %),0,0,0,0,2.2,2.2,2.2
25/07/2024,2.2,2.2,0(0.00 %),0,0,0,0,2.2,2.2,2.2
26/07/2024,2.2,2.2,0(0.00 %),0,0,0,0,2.2,2.2,2.2
29/07/2024,2.2,2.2,0(0.00 %),0,0,0,0,2.2,2.2,2.2
30/07/2024,2.2,2.2,0(0.00 %),0,0,0,0,2.2,2.2,2.2
31/07/2024,2.2,2.2,0(0.00 %),0,0,0,0,2.2,2.2,2.2
01/08/2024,2.2,2.2,0(0.00 %),0,0,0,0,2.2,2.2,2.2
02/08/2024,2.2,2.2,0(0.00 %),0,0,0,0,2.2,2.2,2.2
05/08/2024,2.2,2.2,0(0.00 %),0,0,0,0,2.2,2.2,2.2
06/08/2024,2.2,2.2,0(0.00 %),0,0,0,0,2.2,2.2,2.2
07/08/2024,2.2,2.2,0(0.00 %),0,0,0,0,2.2,2.2,2.2
08/08/2024,2.2,2.2,0(0.00 %),0,0,0,0,2.2,2.2,2.2
09/08/2024,2.2,2.2,0(0.00 %),0,0,0,0,2.2,2.2,2.2
12/08/2024,2.2,2.2,0(0.00 %),0,0,0,0,2.2,2.2,2.2
13/08/2024,2.2,2.2,0(0.00 %),0,0,0,0,2.2,2.2,2.2
14/08/2024,2.2,2.2,0(0.00 %),0,0,0,0,2.2,2.2,2.2
15/08/2024,2.2,2.2,0(0.00 %),0,0,0,0,2.2,2.2,2.2
16/08/2024,2.2,2.2,0(0.00 %),0,0,0,0,2.2,2.2,2.2
19/08/2024,2.2,2.2,0(0.00 %),0,0,0,0,2.2,2.2,2.2
20/08/2024,2.2,2.2,0(0.00 %),0,0,0,0,2.2,2.2,2.2
21/08/2024,2.2,2.2,0(0.00 %),0,0,0,0,2.2,2.2,2.2
22/08/2024,2.2,2.2,0(0.00 %),0,0,0,0,2.2,2.2,2.2
23/08/2024,2.2,2.2,0(0.00 %),0,0,0,0,2.2,2.2,2.2
26/08/2024,2.2,2.2,0(0.00 %),0,0,0,0,2.2,2.2,2.2
27/08/2024,2.2,2.2,0(0.00 %),0,0,0,0,2.2,2.2,2.2
28/08/2024,2.2,2.2,0(0.00 %),0,0,0,0,2.2,2.2,2.2
29/08/2024,2.2,2.2,0(0.00 %),0,0,0,0,2.2,2.2,2.2
30/08/2024,2.2,2.2,0(0.00 %),0,0,0,0,2.2,2.2,2.2
04/09/2024,2.2,2.2,0(0.00 %),0,0,0,0,2.2,2.2,2.2
05/09/2024,2.2,2.2,0(0.00 %),0,0,0,0,2.2,2.2,2.2
06/09/2024,2.2,2.2,0(0.00 %),0,0,0,0,2.2,2.2,2.2
09/09/2024,2.2,2.2,0(0.00 %),0,0,0,0,2.2,2.2,2.2
10/09/2024,2.2,2.2,0(0.00 %),0,0,0,0,2.2,2.2,2.2
11/09/2024,2.2,2.2,0(0.00 %),0,0,0,0,2.2,2.2,2.2
12/09/2024,2.2,2.2,0(0.00 %),0,0,0,0,2.2,2.2,2.2
13/09/2024,2.2,2.2,0(0.00 %),0,0,0,0,2.2,2.2,2.2
16/09/2024,2.2,2.2,0(0.00 %),0,0,0,0,2.2,2.2,2.2
17/09/2024,2.2,2.2,0(0.00 %),0,0,0,0,2.2,2.2,2.2
18/09/2024,2.2,2.2,0(0.00 %),0,0,0,0,2.2,2.2,2.2
19/09/2024,2.2,2.2,0(0.00 %),0,0,0,0,2.2,2.2,2.2
20/09/2024,2.2,2.2,0(0.00 %),0,0,0,0,2.2,2.2,2.2
23/09/2024,2.2,2.2,0(0.00 %),0,0,0,0,2.2,2.2,2.2
24/09/2024,2.2,2.2,0(0.00 %),0,0,0,0,2.2,2.2,2.2
25/09/2024,2.2,2.2,0(0.00 %),0,0,0,0,2.2,2.2,2.2
26/09/2024,2.2,2.2,0(0.00 %),0,0,0,0,2.2,2.2,2.2
27/09/2024,2.2,2.2,0(0.00 %),0,0,0,0,2.2,2.2,2.2
30/09/2024,2.2,2.2,0(0.00 %),0,0,0,0,2.2,2.2,2.2
01/10/2024,2.2,2.2,0(0.00 %),0,0,0,0,2.2,2.2,2.2
02/10/2024,2.2,2.2,0(0.00 %),0,0,0,0,2.2,2.2,2.2
03/10/2024,2.2,2.2,0(0.00 %),0,0,0,0,2.2,2.2,2.2
04/10/2024,2.2,2.2,0(0.00 %),0,0,0,0,2.2,2.2,2.2
07/10/2024,2.2,2.2,0(0.00 %),0,0,0,0,2.2,2.2,2.2
08/10/2024,2.2,2.2,0(0.00 %),0,0,0,0,2.2,2.2,2.2
09/10/2024,2.2,2.2,0(0.00 %),0,0,0,0,2.2,2.2,2.2
10/10/2024,2.2,2.2,0(0.00 %),0,0,0,0,2.2,2.2,2.2
11/10/2024,2.2,2.2,0(0.00 %),0,0,0,0,2.2,2.2,2.2
14/10/2024,2.2,2.2,0(0.00 %),0,0,0,0,2.2,2.2,2.2
15/10/2024,2.2,2.2,0(0.00 %),0,0,0,0,2.2,2.2,2.2
16/10/2024,2.2,2.2,0(0.00 %),0,0,0,0,2.2,2.2,2.2
17/10/2024,2.2,2.2,0(0.00 %),0,0,0,0,2.2,2.2,2.2
18/10/2024,2.2,2.2,0(0.00 %),501,1102000,0,0,2.2,2.2,2.2
21/10/2024,2.2,2.2,0(0.00 %),0,0,0,0,2.2,2.2,2.2
22/10/2024,2.2,2.2,0(0.00 %),0,0,0,0,2.2,2.2,2.2
23/10/2024,2.2,2.2,0(0.00 %),0,0,0,0,2.2,2.2,2.2
24/10/2024,2.2,2.2,0(0.00 %),0,0,0,0,2.2,2.2,2.2
25/10/2024,2.2,2.2,0(0.00 %),0,0,0,0,2.2,2.2,2.2
28/10/2024,2.2,2.2,0(0.00 %),0,0,0,0,2.2,2.2,2.2
29/10/2024,2.2,2.2,0(0.00 %),0,0,0,0,2.2,2.2,2.2
30/10/2024,2.2,2.2,0(0.00 %),0,0,0,0,2.2,2.2,2.2
31/10/2024,2.2,2.2,0(0.00 %),0,0,0,0,2.2,2.2,2.2
01/11/2024,2.2,2.2,0(0.00 %),1,2500,0,0,2.2,2.2,2.2
04/11/2024,2.2,2.2,0(0.00 %),0,0,0,0,2.2,2.2,2.2
05/11/2024,2.2,2.2,0(0.00 %),0,0,0,0,2.2,2.2,2.2
06/11/2024,2.2,2.2,0(0.00 %),0,0,0,0,2.2,2.2,2.2
07/11/2024,2.2,2.2,0(0.00 %),0,0,0,0,2.2,2.2,2.2
08/11/2024,2.2,2.2,0(0.00 %),2,4800,0,0,2.2,2.2,2.2
11/11/2024,2.2,2.2,0(0.00 %),0,0,0,0,2.2,2.2,2.2
12/11/2024,2.2,2.2,0(0.00 %),0,0,0,0,2.2,2.2,2.2
13/11/2024,2.2,2.2,0(0.00 %),0,0,0,0,2.2,2.2,2.2
14/11/2024,2.2,2.2,0(0.00 %),0,0,0,0,2.2,2.2,2.2
15/11/2024,2.1,2.1,-0.1(-4.55 %),100,210000,0,0,2.1,2.1,2.1
18/11/2024,2.1,2.1,0(0.00 %),0,0,0,0,2.1,2.1,2.1
19/11/2024,2.1,2.1,0(0.00 %),0,0,0,0,2.1,2.1,2.1
20/11/2024,2.1,2.1,0(0.00 %),0,0,0,0,2.1,2.1,2.1
21/11/2024,2.1,2.1,0(0.00 %),0,0,0,0,2.1,2.1,2.1
22/11/2024,2.1,2.1,0(0.00 %),0,0,0,0,2.1,2.1,2.1
25/11/2024,2.1,2.1,0(0.00 %),0,0,0,0,2.1,2.1,2.1
26/11/2024,2.1,2.1,0(0.00 %),0,0,0,0,2.1,2.1,2.1
27/11/2024,2.1,2.1,0(0.00 %),0,0,0,0,2.1,2.1,2.1
28/11/2024,2.1,2.1,0(0.00 %),0,0,0,0,2.1,2.1,2.1
29/11/2024,2.1,2.1,0(0.00 %),1,1800,0,0,2.1,2.1,2.1
09/12/2024,2.1,2.1,0(0.00 %),0,0,0,0,2.1,2.1,2.1
10/12/2024,2.1,2.1,0(0.00 %),0,0,0,0,2.1,2.1,2.1
11/12/2024,2.1,2.1,0(0.00 %),0,0,0,0,2.1,2.1,2.1
12/12/2024,2.1,2.1,0(0.00 %),0,0,0,0,2.1,2.1,2.1
13/12/2024,1.8,1.8,-0.3(-14.29 %),100,180000,0,0,1.8,1.8,1.8
16/12/2024,1.8,1.8,0(0.00 %),0,0,0,0,1.8,1.8,1.8
17/12/2024,1.8,1.8,0(0.00 %),0,0,0,0,1.8,1.8,1.8
18/12/2024,1.8,1.8,0(0.00 %),0,0,0,0,1.8,1.8,1.8
19/12/2024,1.8,1.8,0(0.00 %),0,0,0,0,1.8,1.8,1.8
20/12/2024,1.8,1.8,0(0.00 %),0,0,0,0,1.8,1.8,1.8
23/12/2024,1.8,1.8,0(0.00 %),0,0,0,0,1.8,1.8,1.8
24/12/2024,1.8,1.8,0(0.00 %),0,0,0,0,1.8,1.8,1.8
25/12/2024,1.8,1.8,0(0.00 %),0,0,0,0,1.8,1.8,1.8
26/12/2024,1.8,1.8,0(0.00 %),0,0,0,0,1.8,1.8,1.8
27/12/2024,1.8,1.8,0(0.00 %),0,0,0,0,1.8,1.8,1.8
30/12/2024,1.8,1.8,0(0.00 %),0,0,0,0,1.8,1.8,1.8
31/12/2024,1.8,1.8,0(0.00 %),0,0,0,0,1.8,1.8,1.8
02/01/2025,1.8,1.8,0(0.00 %),0,0,0,0,1.8,1.8,1.8
03/01/2025,1.9,1.9,0.1(5.56 %),100,190000,0,0,1.9,1.9,1.9
06/01/2025,1.9,1.9,0(0.00 %),0,0,0,0,1.9,1.9,1.9
07/01/2025,1.9,1.9,0(0.00 %),0,0,0,0,1.9,1.9,1.9
08/01/2025,1.9,1.9,0(0.00 %),0,0,0,0,1.9,1.9,1.9
09/01/2025,1.9,1.9,0(0.00 %),0,0,0,0,1.9,1.9,1.9
10/01/2025,2.1,2.1,0.2(10.53 %),100,210000,0,0,2.1,2.1,2.1
13/01/2025,2.1,2.1,0(0.00 %),0,0,0,0,2.1,2.1,2.1
14/01/2025,2.1,2.1,0(0.00 %),0,0,0,0,2.1,2.1,2.1
15/01/2025,2.1,2.1,0(0.00 %),0,0,0,0,2.1,2.1,2.1
16/01/2025,2.1,2.1,0(0.00 %),0,0,0,0,2.1,2.1,2.1
17/01/2025,2.4,2.4,0.3(14.29 %),100,240000,0,0,2.4,2.4,2.4
20/01/2025,2.4,2.4,0(0.00 %),0,0,0,0,2.4,2.4,2.4
21/01/2025,2.4,2.4,0(0.00 %),0,0,0,0,2.4,2.4,2.4
22/01/2025,2.4,2.4,0(0.00 %),0,0,0,0,2.4,2.4,2.4
23/01/2025,2.4,2.4,0(0.00 %),0,0,0,0,2.4,2.4,2.4
24/01/2025,2.7,2.7,0.3(12.50 %),100,270000,0,0,2.7,2.7,2.7
04/02/2025,2.7,2.7,0(0.00 %),0,0,0,0,2.7,2.7,2.7
05/02/2025,2.7,2.7,0(0.00 %),0,0,0,0,2.7,2.7,2.7
06/02/2025,2.7,2.7,0(0.00 %),0,0,0,0,2.7,2.7,2.7
07/02/2025,2.3,2.3,-0.4(-14.81 %),1601,3762300,0,0,3.1,3.1,2.3
10/02/2025,2.4,2.4,0(0.00 %),0,0,0,0,2.4,2.4,2.4
11/02/2025,2.4,2.4,0(0.00 %),0,0,0,0,2.4,2.4,2.4
12/02/2025,2.4,2.4,0(0.00 %),0,0,0,0,2.4,2.4,2.4
13/02/2025,2.4,2.4,0(0.00 %),0,0,0,0,2.4,2.4,2.4
14/02/2025,2.4,2.4,0(0.00 %),0,0,0,0,2.4,2.4,2.4
17/02/2025,2.4,2.4,0(0.00 %),0,0,0,0,2.4,2.4,2.4
18/02/2025,2.4,2.4,0(0.00 %),0,0,0,0,2.4,2.4,2.4
19/02/2025,2.4,2.4,0(0.00 %),0,0,0,0,2.4,2.4,2.4
20/02/2025,2.4,2.4,0(0.00 %),0,0,0,0,2.4,2.4,2.4
21/02/2025,2.1,2.1,-0.3(-12.50 %),1610,3441000,0,0,2.7,2.7,2.1
24/02/2025,2.1,2.1,0(0.00 %),0,0,0,0,2.1,2.1,2.1
25/02/2025,2.1,2.1,0(0.00 %),0,0,0,0,2.1,2.1,2.1
26/02/2025,2.1,2.1,0(0.00 %),0,0,0,0,2.1,2.1,2.1
27/02/2025,2.1,2.1,0(0.00 %),0,0,0,0,2.1,2.1,2.1
28/02/2025,2.4,2.4,0.3(14.29 %),5725,10494000,0,0,1.8,2.4,1.8
03/03/2025,1.8,1.8,0(0.00 %),0,0,0,0,1.8,1.8,1.8
04/03/2025,1.8,1.8,0(0.00 %),0,0,0,0,1.8,1.8,1.8
05/03/2025,1.8,1.8,0(0.00 %),0,0,0,0,1.8,1.8,1.8
06/03/2025,1.8,1.8,0(0.00 %),0,0,0,0,1.8,1.8,1.8
07/03/2025,1.6,1.6,-0.2(-11.11 %),3000,4800000,0,0,1.6,1.6,1.6
10/03/2025,1.6,1.6,0(0.00 %),0,0,0,0,1.6,1.6,1.6
11/03/2025,1.6,1.6,0(0.00 %),0,0,0,0,1.6,1.6,1.6
12/03/2025,1.6,1.6,0(0.00 %),0,0,0,0,1.6,1.6,1.6
13/03/2025,1.6,1.6,0(0.00 %),0,0,0,0,1.6,1.6,1.6
14/03/2025,1.6,1.6,0(0.00 %),0,0,0,0,1.6,1.6,1.6
18/03/2025,1.6,1.6,0(0.00 %),0,0,0,0,1.6,1.6,1.6
19/03/2025,1.6,1.6,0(0.00 %),0,0,0,0,1.6,1.6,1.6
20/03/2025,1.6,1.6,0(0.00 %),0,0,0,0,1.6,1.6,1.6
21/03/2025,1.8,1.8,0.2(12.50 %),1102,1603200,0,0,1.5,1.8,1.4
24/03/2025,1.5,1.5,0(0.00 %),0,0,0,0,1.5,1.5,1.5
25/03/2025,1.5,1.5,0(0.00 %),0,0,0,0,1.5,1.5,1.5
26/03/2025,1.5,1.5,0(0.00 %),0,0,0,0,1.5,1.5,1.5
27/03/2025,1.5,1.5,0(0.00 %),0,0,0,0,1.5,1.5,1.5
28/03/2025,1.5,1.5,0(0.00 %),0,0,0,0,1.5,1.5,1.5
31/03/2025,1.5,1.5,0(0.00 %),0,0,0,0,1.5,1.5,1.5
01/04/2025,1.5,1.5,0(0.00 %),0,0,0,0,1.5,1.5,1.5
02/04/2025,1.5,1.5,0(0.00 %),0,0,0,0,1.5,1.5,1.5
03/04/2025,1.5,1.5,0(0.00 %),0,0,0,0,1.5,1.5,1.5
04/04/2025,1.8,1.8,0.3(20.00 %),1,1600,0,0,1.5,1.5,1.5
08/04/2025,1.5,1.5,0(0.00 %),0,0,0,0,1.5,1.5,1.5
09/04/2025,1.5,1.5,0(0.00 %),0,0,0,0,1.5,1.5,1.5
10/04/2025,1.5,1.5,0(0.00 %),0,0,0,0,1.5,1.5,1.5
11/04/2025,1.7,1.7,0.2(13.33 %),100,170000,0,0,1.7,1.7,1.7
14/04/2025,1.7,1.7,0(0.00 %),0,0,0,0,1.7,1.7,1.7
15/04/2025,1.7,1.7,0(0.00 %),0,0,0,0,1.7,1.7,1.7
16/04/2025,1.7,1.7,0(0.00 %),0,0,0,0,1.7,1.7,1.7
17/04/2025,1.7,1.7,0(0.00 %),0,0,0,0,1.7,1.7,1.7
18/04/2025,1.7,1.7,0(0.00 %),300,510000,0,0,1.7,1.7,1.7
21/04/2025,1.7,1.7,0(0.00 %),0,0,0,0,1.7,1.7,1.7
22/04/2025,1.7,1.7,0(0.00 %),0,0,0,0,1.7,1.7,1.7
23/04/2025,1.7,1.7,0(0.00 %),0,0,0,0,1.7,1.7,1.7
24/04/2025,1.7,1.7,0(0.00 %),0,0,0,0,1.7,1.7,1.7
25/04/2025,1.9,1.9,0.2(11.76 %),100,190000,0,0,1.9,1.9,1.9
28/04/2025,1.9,1.9,0(0.00 %),0,0,0,0,1.9,1.9,1.9
29/04/2025,1.9,1.9,0(0.00 %),0,0,0,0,1.9,1.9,1.9
05/05/2025,1.9,1.9,0(0.00 %),0,0,0,0,1.9,1.9,1.9
06/05/2025,1.9,1.9,0(0.00 %),0,0,0,0,1.9,1.9,1.9
07/05/2025,1.9,1.9,0(0.00 %),0,0,0,0,1.9,1.9,1.9
08/05/2025,1.9,1.9,0(0.00 %),0,0,0,0,1.9,1.9,1.9
09/05/2025,1.7,1.7,-0.2(-10.53 %),1400,2380000,0,0,1.7,1.7,1.7
12/05/2025,1.7,1.7,0(0.00 %),0,0,0,0,1.7,1.7,1.7
13/05/2025,1.7,1.7,0(0.00 %),0,0,0,0,1.7,1.7,1.7
14/05/2025,1.7,1.7,0(0.00 %),0,0,0,0,1.7,1.7,1.7
15/05/2025,1.7,1.7,0(0.00 %),0,0,0,0,1.7,1.7,1.7
16/05/2025,1.5,1.5,-0.2(-11.76 %),1100,1670000,0,0,1.5,1.7,1.5
19/05/2025,1.5,1.5,0(0.00 %),0,0,0,0,1.5,1.5,1.5
20/05/2025,1.5,1.5,0(0.00 %),0,0,0,0,1.5,1.5,1.5
21/05/2025,1.5,1.5,0(0.00 %),0,0,0,0,1.5,1.5,1.5
22/05/2025,1.5,1.5,0(0.00 %),0,0,0,0,1.5,1.5,1.5
23/05/2025,1.6,1.6,0.1(6.67 %),100,160000,0,0,1.6,1.6,1.6
26/05/2025,1.6,1.6,0(0.00 %),0,0,0,0,1.6,1.6,1.6
27/05/2025,1.6,1.6,0(0.00 %),0,0,0,0,1.6,1.6,1.6
28/05/2025,1.6,1.6,0(0.00 %),0,0,0,0,1.6,1.6,1.6
29/05/2025,1.6,1.6,0(0.00 %),0,0,0,0,1.6,1.6,1.6
30/05/2025,1.7,1.7,0.1(6.25 %),100,170000,0,0,1.7,1.7,1.7
02/06/2025,1.7,1.7,0(0.00 %),0,0,0,0,1.7,1.7,1.7
03/06/2025,1.7,1.7,0(0.00 %),0,0,0,0,1.7,1.7,1.7
04/06/2025,1.7,1.7,0(0.00 %),0,0,0,0,1.7,1.7,1.7
05/06/2025,1.7,1.7,0(0.00 %),0,0,0,0,1.7,1.7,1.7
06/06/2025,1.8,1.8,0.1(5.88 %),200,350000,0,0,1.7,1.8,1.7
09/06/2025,1.8,1.8,0(0.00 %),0,0,0,0,1.8,1.8,1.8
10/06/2025,1.8,1.8,0(0.00 %),0,0,0,0,1.8,1.8,1.8
11/06/2025,1.8,1.8,0(0.00 %),0,0,0,0,1.8,1.8,1.8
12/06/2025,1.8,1.8,0(0.00 %),0,0,0,0,1.8,1.8,1.8
13/06/2025,2.0,2.0,0.2(11.11 %),100,200000,0,0,2.0,2.0,2.0
16/06/2025,2.0,2.0,0(0.00 %),0,0,0,0,2.0,2.0,2.0
17/06/2025,2.0,2.0,0(0.00 %),0,0,0,0,2.0,2.0,2.0
18/06/2025,2.0,2.0,0(0.00 %),0,0,0,0,2.0,2.0,2.0
19/06/2025,2.0,2.0,0(0.00 %),0,0,0,0,2.0,2.0,2.0
20/06/2025,1.7,1.7,-0.3(-15.00 %),1100,1870000,0,0,1.7,1.7,1.7
23/06/2025,1.7,1.7,0(0.00 %),0,0,0,0,1.7,1.7,1.7
24/06/2025,1.7,1.7,0(0.00 %),0,0,0,0,1.7,1.7,1.7
25/06/2025,1.7,1.7,0(0.00 %),0,0,0,0,1.7,1.7,1.7
26/06/2025,1.7,1.7,0(0.00 %),0,0,0,0,1.7,1.7,1.7
27/06/2025,1.7,1.7,0(0.00 %),0,0,0,0,1.7,1.7,1.7
30/06/2025,1.7,1.7,0(0.00 %),0,0,0,0,1.7,1.7,1.7
01/07/2025,1.7,1.7,0(0.00 %),0,0,0,0,1.7,1.7,1.7
02/07/2025,1.7,1.7,0(0.00 %),0,0,0,0,1.7,1.7,1.7
03/07/2025,1.7,1.7,0(0.00 %),0,0,0,0,1.7,1.7,1.7
04/07/2025,1.7,1.7,0(0.00 %),0,0,0,0,1.7,1.7,1.7
07/07/2025,1.7,1.7,0(0.00 %),0,0,0,0,1.7,1.7,1.7
08/07/2025,1.7,1.7,0(0.00 %),0,0,0,0,1.7,1.7,1.7
11/07/2025,1.7,1.7,0(0.00 %),0,0,0,0,1.7,1.7,1.7
14/07/2025,1.7,1.7,0(0.00 %),0,0,0,0,1.7,1.7,1.7
15/07/2025,1.7,1.7,0(0.00 %),0,0,0,0,1.7,1.7,1.7
16/07/2025,1.7,1.7,0(0.00 %),0,0,0,0,1.7,1.7,1.7
17/07/2025,1.7,1.7,0(0.00 %),0,0,0,0,1.7,1.7,1.7
18/07/2025,1.9,1.9,0.2(11.76 %),300,570000,0,0,1.9,1.9,1.9
21/07/2025,1.9,1.9,0(0.00 %),0,0,0,0,1.9,1.9,1.9
22/07/2025,1.9,1.9,0(0.00 %),0,0,0,0,1.9,1.9,1.9
23/07/2025,1.9,1.9,0(0.00 %),0,0,0,0,1.9,1.9,1.9
24/07/2025,1.9,1.9,0(0.00 %),0,0,0,0,1.9,1.9,1.9
25/07/2025,2.1,2.1,0.2(10.53 %),300,630000,0,0,2.1,2.1,2.1
28/07/2025,2.1,2.1,0(0.00 %),0,0,0,0,2.1,2.1,2.1
29/07/2025,2.1,2.1,0(0.00 %),0,0,0,0,2.1,2.1,2.1
30/07/2025,2.1,2.1,0(0.00 %),0,0,0,0,2.1,2.1,2.1
31/07/2025,2.1,2.1,0(0.00 %),0,0,0,0,2.1,2.1,2.1
01/08/2025,2.1,2.1,0(0.00 %),1500,3150000,0,0,2.1,2.1,2.1
04/08/2025,2.1,2.1,0(0.00 %),0,0,0,0,2.1,2.1,2.1
05/08/2025,2.1,2.1,0(0.00 %),0,0,0,0,2.1,2.1,2.1
06/08/2025,2.1,2.1,0(0.00 %),0,0,0,0,2.1,2.1,2.1
07/08/2025,2.1,2.1,0(0.00 %),0,0,0,0,2.1,2.1,2.1
08/08/2025,2.3,2.3,0.2(9.52 %),700,1600000,0,0,2.1,2.4,2.1
11/08/2025,2.3,2.3,0(0.00 %),0,0,0,0,2.3,2.3,2.3
12/08/2025,2.3,2.3,0(0.00 %),0,0,0,0,2.3,2.3,2.3
13/08/2025,2.3,2.3,0(0.00 %),0,0,0,0,2.3,2.3,2.3
14/08/2025,2.3,2.3,0(0.00 %),0,0,0,0,2.3,2.3,2.3
15/08/2025,2.0,2.0,-0.3(-13.04 %),100,200000,0,0,2.0,2.0,2.0
18/08/2025,2.0,2.0,0(0.00 %),0,0,0,0,2.0,2.0,2.0
19/08/2025,2.0,2.0,0(0.00 %),0,0,0,0,2.0,2.0,2.0
20/08/2025,2.0,2.0,0(0.00 %),0,0,0,0,2.0,2.0,2.0
21/08/2025,2.0,2.0,0(0.00 %),0,0,0,0,2.0,2.0,2.0
22/08/2025,2.2,2.2,0.2(10.00 %),600,1320000,0,0,2.2,2.2,2.2
25/08/2025,2.2,2.2,0(0.00 %),0,0,0,0,2.2,2.2,2.2
