Ngay,KLGDRong,GTDGRong,ThayDoi,KLMua,GtMua,KLBan,GtBan,RoomConLai,DangSoHuu
02/01/2007,-20000,-2100000000,0(0.00 %),0,0,20000,2100000000,0,0.0
03/01/2007,-22000,-2549400000,0(0.00 %),0,0,22000,2549400000,0,0.0
04/01/2007,-2000,-274200000,0(0.00 %),0,0,2000,274200000,0,0.0
05/01/2007,1700,235390000,0(0.00 %),1700,235390000,0,0,0,0.0
08/01/2007,80400,12023160000,0(0.00 %),90400,13523160000,10000,1500000000,0,0.0
09/01/2007,43400,6565650000,0(0.00 %),50000,7568100000,6600,1002450000,0,0.0
10/01/2007,2600,397900000,0(0.00 %),2600,397900000,0,0,0,0.0
11/01/2007,0,0,0(0.00 %),0,0,0,0,0,0.0
12/01/2007,25900,3910950000,0(0.00 %),51400,7726100000,25500,3815150000,0,0.0
15/01/2007,-64600,-10570310000,0(0.00 %),200,32700000,64800,10603010000,0,0.0
16/01/2007,-10900,-1791580000,163(-9.39 %),1000,170000000,11900,1961580000,0,0.0
18/01/2007,5800,905890000,151.5(1.00 %),80900,11998900000,75100,11093010000,0,0.0
19/01/2007,-13100,-1864890000,145(8.86 %),1000,149750000,14100,2014640000,0,0.0
22/01/2007,20800,3139100000,141(0.00 %),75000,11057800000,54200,7918700000,0,0.0
23/01/2007,11900,1815000000,144.5(-1.03 %),50200,7380100000,38300,5565100000,0,0.0
25/01/2007,-6800,-728940000,122(-2.40 %),30600,4011660000,37400,4740600000,0,0.0
26/01/2007,-5100,-538450000,139.5(11.60 %),35900,4696000000,41000,5234450000,0,0.0
29/01/2007,60100,8493870000,142.1(2.23 %),60200,8507770000,100,13900000,0,0.0
30/01/2007,77800,11898000000,154(4.76 %),77800,11898000000,0,0,0,0.0
31/01/2007,28300,4677880000,166.5(1.52 %),47700,7879950000,19400,3202070000,0,0.0
01/02/2007,3700,626720000,160(-6.43 %),3700,626720000,0,0,0,0.0
02/02/2007,0,0,157(-6.55 %),0,0,0,0,0,0.0
05/02/2007,-12200,-1791610000,150(-1.32 %),400,60190000,12600,1851800000,0,0.0
06/02/2007,-33500,-4706020000,142(-2.81 %),2400,343120000,35900,5049140000,0,0.0
07/02/2007,-3400,-480920000,142(-0.07 %),2100,302200000,5500,783120000,0,0.0
08/02/2007,-2500,-344100000,139(-4.14 %),2500,350100000,5000,694200000,0,0.0
09/02/2007,21700,3144000000,145(2.84 %),26700,3894000000,5000,750000000,0,0.0
12/02/2007,7500,1163100000,151(0.67 %),12500,1913100000,5000,750000000,0,0.0
13/02/2007,5900,927390000,155(0.00 %),6000,943000000,100,15610000,0,0.0
14/02/2007,11100,1807080000,165(4.36 %),13500,2193080000,2400,386000000,0,0.0
15/02/2007,0,0,177.2(4.24 %),0,0,0,0,0,0.0
26/02/2007,-6200,-1191570000,192.3(0.00 %),14100,2709030000,20300,3900600000,0,0.0
27/02/2007,-1700,-359620000,210(-0.66 %),2100,443700000,3800,803320000,0,0.0
28/02/2007,41800,8813300000,211(-8.66 %),42600,8982100000,800,168800000,0,0.0
01/03/2007,8500,1768700000,193.3(-7.95 %),8700,1809100000,200,40400000,0,0.0
02/03/2007,-7600,-1445100000,178.8(-5.89 %),100,17900000,7700,1463000000,0,0.0
05/03/2007,27800,5535730000,198.5(9.07 %),37800,7380960000,10000,1845230000,0,0.0
06/03/2007,-9600,-1929200000,175(-17.26 %),1500,297200000,11100,2226400000,0,0.0
07/03/2007,-24200,-4468800000,200(1.01 %),600,115000000,24800,4583800000,0,0.0
08/03/2007,-800,-160060000,204(0.99 %),1300,262900000,2100,422960000,0,0.0
09/03/2007,-300,-62550000,205(0.00 %),0,0,300,62550000,0,0.0
12/03/2007,-2000,-418620000,205(-1.44 %),400,83800000,2400,502420000,0,0.0
13/03/2007,-8500,-1647820000,191(-11.16 %),700,136900000,9200,1784720000,0,0.0
14/03/2007,-46400,-8172530000,193(3.76 %),14500,2743190000,60900,10915720000,0,0.0
15/03/2007,23600,4405900000,190(2.70 %),23700,4423500000,100,17600000,0,0.0
16/03/2007,-1000,-204400000,204.4(10.49 %),0,0,1000,204400000,0,0.0
19/03/2007,-19700,-3729000000,203(6.84 %),300,60000000,20000,3789000000,0,0.0
20/03/2007,100,20000000,197.9(-1.05 %),100,20000000,0,0,0,0.0
21/03/2007,200,39840000,196(-2.00 %),200,39840000,0,0,0,0.0
22/03/2007,0,0,195(-2.50 %),0,0,0,0,0,0.0
23/03/2007,600,114480000,190(-2.56 %),600,114480000,0,0,0,0.0
26/03/2007,100,19300000,180(-6.74 %),100,19300000,0,0,0,0.0
27/03/2007,0,0,169(-1.74 %),0,0,0,0,0,0.0
28/03/2007,-1100,-193600000,182(17.42 %),0,0,1100,193600000,0,0.0
29/03/2007,1100,205990000,183(-2.66 %),1400,261490000,300,55500000,0,0.0
30/03/2007,1400,254100000,180(7.98 %),1400,254100000,0,0,0,0.0
02/04/2007,100,18500000,165(-10.81 %),100,18500000,0,0,0,0.0
03/04/2007,0,0,167.5(-4.29 %),0,0,0,0,0,0.0
04/04/2007,0,0,179(7.51 %),0,0,0,0,0,0.0
05/04/2007,0,0,172(0.00 %),0,0,0,0,0,0.0
06/04/2007,30100,5349630000,177.5(2.90 %),30100,5349630000,0,0,0,0.0
09/04/2007,0,0,179.2(0.96 %),0,0,0,0,0,0.0
10/04/2007,-900,-157500000,175.1(0.06 %),100,17500000,1000,175000000,0,0.0
11/04/2007,-1800,-315000000,176(1.73 %),100,17300000,1900,332300000,0,0.0
12/04/2007,-1200,-209950000,172.1(-1.66 %),100,17400000,1300,227350000,0,0.0
13/04/2007,13500,2349890000,174.5(-0.29 %),13600,2367190000,100,17300000,0,0.0
16/04/2007,0,0,160(-5.88 %),0,0,0,0,0,0.0
17/04/2007,300,46800000,150.1(-6.19 %),300,46800000,0,0,0,0.0
18/04/2007,-100,-15500000,165.9(7.03 %),0,0,100,15500000,0,0.0
19/04/2007,0,0,160(-6.98 %),0,0,0,0,0,0.0
20/04/2007,600,91400000,150(-6.25 %),600,91400000,0,0,0,0.0
23/04/2007,100,15000000,150(-1.32 %),100,15000000,0,0,0,0.0
24/04/2007,0,0,150(0.67 %),0,0,0,0,0,0.0
25/04/2007,0,0,150(-3.23 %),0,0,0,0,0,0.0
02/05/2007,1300,195700000,150(-3.16 %),1400,210900000,100,15200000,0,0.0
03/05/2007,200,30000000,142.1(-5.27 %),200,30000000,0,0,0,0.0
04/05/2007,1000,140000000,140(-3.45 %),1100,154500000,100,14500000,0,0.0
07/05/2007,0,0,142(-2.14 %),0,0,0,0,0,0.0
08/05/2007,0,0,145.2(-3.20 %),1000,150000000,1000,150000000,0,0.0
09/05/2007,20000,3149280000,162.2(6.71 %),20000,3149280000,0,0,0,0.0
10/05/2007,11500,1937810000,167.2(6.50 %),11500,1937810000,0,0,0,0.0
11/05/2007,2200,355000000,158(-0.63 %),2200,355000000,0,0,0,0.0
14/05/2007,300,47800000,153.9(-2.59 %),300,47800000,0,0,0,0.0
15/05/2007,16400,2579740000,160(3.23 %),16600,2610940000,200,31200000,0,0.0
16/05/2007,19000,3007000000,158.3(0.06 %),19000,3007000000,0,0,0,0.0
17/05/2007,20500,3228530000,158.3(0.83 %),20500,3228530000,0,0,0,0.0
18/05/2007,6900,1092870000,158(1.94 %),7300,1155670000,400,62800000,0,0.0
21/05/2007,-11200,-1753850000,156(-3.70 %),600,93600000,11800,1847450000,0,0.0
22/05/2007,-5000,-779400000,156.1(-1.20 %),36000,5648230000,41000,6427630000,0,0.0
23/05/2007,-7500,-1156230000,155(-1.90 %),21200,3318010000,28700,4474240000,0,0.0
24/05/2007,-9000,-1357500000,152.1(-3.12 %),600,93900000,9600,1451400000,0,0.0
25/05/2007,-4500,-672050000,150(-1.25 %),1000,152950000,5500,825000000,0,0.0
28/05/2007,-14200,-2064020000,145(-5.23 %),500,72500000,14700,2136520000,0,0.0
29/05/2007,-8100,-1167000000,144.2(-2.57 %),97800,14165980000,105900,15332980000,0,0.0
30/05/2007,3100,445510000,142(-0.70 %),79600,11538010000,76500,11092500000,0,0.0
31/05/2007,-12800,-1821490000,140(-1.06 %),0,0,12800,1821490000,0,0.0
01/06/2007,0,0,135(-3.57 %),0,0,0,0,0,0.0
04/06/2007,-34500,-4593790000,130(-3.70 %),2600,338900000,37100,4932690000,0,0.0
05/06/2007,2000,267270000,132.5(-3.99 %),61000,8173270000,59000,7906000000,0,0.0
06/06/2007,-10800,-1440120000,130(-2.99 %),0,0,10800,1440120000,0,0.0
07/06/2007,400,54000000,135(0.00 %),400,54000000,0,0,0,0.0
08/06/2007,1800,244030000,134.5(-1.82 %),1800,244030000,0,0,0,0.0
11/06/2007,5700,763320000,132.2(-2.07 %),5800,776690000,100,13370000,0,0.0
12/06/2007,1300,169550000,128.5(-2.65 %),10300,1357150000,9000,1187600000,0,0.0
13/06/2007,2700,331290000,120.5(-6.59 %),2700,331290000,0,0,0,0.0
14/06/2007,11200,1363430000,122(6.09 %),11200,1363430000,0,0,0,0.0
15/06/2007,200,17610000,84(-4.65 %),200,17610000,0,0,0,0.0
18/06/2007,1600,134360000,83(0.00 %),1600,134360000,0,0,0,0.0
19/06/2007,3700,304960000,82(1.23 %),3700,304960000,0,0,0,0.0
20/06/2007,4600,366790000,78.5(-1.88 %),4600,366790000,0,0,0,0.0
21/06/2007,6200,485250000,77(-2.04 %),6200,485250000,0,0,0,0.0
22/06/2007,0,0,76(-2.56 %),0,0,0,0,0,0.0
25/06/2007,1600,119760000,74(-2.12 %),1600,119760000,0,0,0,0.0
26/06/2007,900,66940000,73.5(-1.34 %),1000,74420000,100,7480000,0,0.0
27/06/2007,5600,409900000,73.1(-1.48 %),6000,439500000,400,29600000,0,0.0
28/06/2007,2700,197010000,73.4(0.55 %),2700,197010000,0,0,0,0.0
29/06/2007,1000,72800000,72(-1.10 %),1000,72800000,0,0,0,0.0
02/07/2007,10400,760360000,73(-0.27 %),11900,870020000,1500,109660000,0,0.0
03/07/2007,4100,294180000,68.1(-6.71 %),5600,398670000,1500,104490000,0,0.0
04/07/2007,0,0,75(2.04 %),0,0,0,0,0,0.0
05/07/2007,43000,3388810000,79(7.48 %),44400,3501550000,1400,112740000,0,0.0
06/07/2007,22000,1881850000,86.3(10.64 %),27700,2352940000,5700,471090000,0,0.0
09/07/2007,19000,1730130000,92.6(8.94 %),19600,1785370000,600,55240000,0,0.0
10/07/2007,17200,1664100000,99.5(-0.50 %),18200,1764100000,1000,100000000,0,0.0
11/07/2007,1200,117000000,96.5(-5.39 %),1200,117000000,0,0,0,0.0
12/07/2007,-300,-24860000,88(-3.08 %),800,72640000,1100,97500000,0,0.0
13/07/2007,500,42240000,89(6.21 %),500,42240000,0,0,0,0.0
16/07/2007,-300,-25000000,85(-1.16 %),400,34700000,700,59700000,0,0.0
17/07/2007,0,0,87(-0.57 %),0,0,0,0,0,0.0
18/07/2007,400,34420000,84.1(-3.44 %),400,34420000,0,0,0,0.0
19/07/2007,500,43000000,82(-2.38 %),500,43000000,0,0,0,0.0
20/07/2007,-6300,-519910000,82(-1.20 %),600,50050000,6900,569960000,0,0.0
23/07/2007,-1900,-157700000,82(0.00 %),0,0,1900,157700000,0,0.0
24/07/2007,5200,426610000,82.3(0.37 %),6400,525370000,1200,98760000,0,0.0
25/07/2007,0,0,80.4(0.50 %),0,0,0,0,0,0.0
26/07/2007,1400,108800000,78.5(-0.63 %),1400,108800000,0,0,0,0.0
27/07/2007,0,0,79.2(0.89 %),0,0,0,0,0,0.0
30/07/2007,500,39000000,77.6(-0.51 %),500,39000000,0,0,0,0.0
31/07/2007,1200,92640000,79(1.54 %),1200,92640000,0,0,0,0.0
01/08/2007,0,0,80(-1.23 %),0,0,0,0,0,0.0
02/08/2007,1500,120600000,80(-2.44 %),1900,153200000,400,32600000,0,0.0
03/08/2007,4200,339400000,81.4(0.49 %),4200,339400000,0,0,0,0.0
06/08/2007,400,32480000,82(1.36 %),20400,1632600000,20000,1600120000,0,0.0
07/08/2007,100,8000000,82(2.50 %),100,8000000,0,0,0,0.0
08/08/2007,5900,483800000,82(-0.61 %),5900,483800000,0,0,0,0.0
09/08/2007,6600,538640000,84(3.07 %),6600,538640000,0,0,0,0.0
10/08/2007,1400,115630000,83(0.00 %),11400,945630000,10000,830000000,0,0.0
13/08/2007,4500,373750000,83(1.22 %),29000,2408200000,24500,2034450000,0,0.0
14/08/2007,5900,491480000,83(0.61 %),30900,2566980000,25000,2075500000,0,0.0
15/08/2007,300,24750000,82(-0.12 %),400,32960000,100,8210000,0,0.0
16/08/2007,-12000,-971930000,80.5(-1.95 %),26300,2177370000,38300,3149300000,0,0.0
17/08/2007,12400,1024490000,81(1.00 %),16400,1351590000,4000,327100000,0,0.0
20/08/2007,5000,413850000,83(0.85 %),10000,826350000,5000,412500000,0,0.0
21/08/2007,19600,1630420000,83.3(0.36 %),79600,6613270000,60000,4982850000,0,0.0
22/08/2007,-4000,-332230000,82.7(-1.08 %),40800,3386250000,44800,3718480000,0,0.0
23/08/2007,-23200,-1965670000,84(0.84 %),36400,3021330000,59600,4987000000,0,0.0
24/08/2007,-300,-26400000,86.5(1.17 %),0,0,300,26400000,0,0.0
27/08/2007,-4300,-368970000,87(0.46 %),70700,5958080000,75000,6327050000,0,0.0
28/08/2007,-400,-20510000,89(4.71 %),24600,2055040000,25000,2075550000,0,0.0
29/08/2007,0,0,85(1.80 %),10000,850000000,10000,850000000,0,0.0
30/08/2007,2800,239020000,86(0.47 %),2800,239020000,0,0,0,0.0
31/08/2007,2000,171440000,86(-0.12 %),2000,171440000,0,0,0,0.0
04/09/2007,2000,172000000,86(0.00 %),3000,258000000,1000,86000000,0,0.0
05/09/2007,1200,102400000,85.5(-2.84 %),1300,111200000,100,8800000,0,0.0
06/09/2007,900,77430000,85.5(-0.58 %),900,77430000,0,0,0,0.0
07/09/2007,-7000,-606860000,87.5(1.74 %),3000,262370000,10000,869230000,0,0.0
10/09/2007,-8400,-733950000,87(0.00 %),1600,139690000,10000,873640000,0,0.0
11/09/2007,0,0,88(0.00 %),0,0,0,0,0,0.0
12/09/2007,600,53900000,90(13.64 %),600,53900000,0,0,0,0.0
13/09/2007,2800,260570000,91(0.55 %),22300,2029200000,19500,1768630000,0,0.0
14/09/2007,2100,191090000,90.2(-1.42 %),2100,191090000,0,0,0,0.0
17/09/2007,2300,208020000,89.5(-1.54 %),2300,208020000,0,0,0,0.0
18/09/2007,0,0,89(0.00 %),0,0,0,0,0,0.0
19/09/2007,5900,530710000,91(2.25 %),54100,4873950000,48200,4343240000,0,0.0
20/09/2007,24800,2315720000,92(0.00 %),56700,5270280000,31900,2954560000,0,0.0
21/09/2007,2400,224640000,92.9(-0.64 %),2400,224640000,0,0,0,0.0
24/09/2007,21000,1965800000,95(5.67 %),66300,6228720000,45300,4262920000,0,0.0
25/09/2007,22400,2289420000,103.2(8.63 %),152500,15640420000,130100,13351000000,0,0.0
26/09/2007,-2000,-225570000,110(-2.48 %),2500,282000000,4500,507570000,0,0.0
27/09/2007,2100,227600000,110(-2.65 %),2400,261500000,300,33900000,0,0.0
28/09/2007,3700,406600000,110(-0.45 %),3700,406600000,0,0,0,0.0
01/10/2007,11000,1261700000,111(-0.89 %),11300,1295300000,300,33600000,0,0.0
02/10/2007,0,100000,117(0.86 %),100,11700000,100,11600000,0,0.0
03/10/2007,2200,254380000,114.5(-2.97 %),2200,254380000,0,0,0,0.0
04/10/2007,600,70620000,115(-2.54 %),1000,117860000,400,47240000,0,0.0
05/10/2007,1300,145290000,112(-3.45 %),11300,1245290000,10000,1100000000,0,0.0
08/10/2007,1400,153600000,108(-4.42 %),1400,153600000,0,0,0,0.0
09/10/2007,-4700,-514300000,110(-4.35 %),1200,134800000,5900,649100000,0,0.0
10/10/2007,-7400,-817130000,110(-0.90 %),2100,230400000,9500,1047530000,0,0.0
11/10/2007,-7300,-803430000,108(-1.82 %),2900,318370000,10200,1121800000,0,0.0
12/10/2007,39500,4438180000,114(5.56 %),40000,4493980000,500,55800000,0,0.0
15/10/2007,1300,158200000,114(0.00 %),11300,1273500000,10000,1115300000,0,0.0
16/10/2007,-10100,-1132450000,112.5(-1.32 %),0,0,10100,1132450000,0,0.0
17/10/2007,1000,110000000,110(-1.79 %),1000,110000000,0,0,0,0.0
18/10/2007,3100,340900000,108(-2.70 %),3400,374200000,300,33300000,0,0.0
19/10/2007,-4400,-442570000,109(2.83 %),10400,1098720000,14800,1541290000,0,0.0
22/10/2007,-27000,-2829130000,101(-3.81 %),5500,567700000,32500,3396830000,0,0.0
23/10/2007,-31700,-3148300000,99(-6.60 %),13500,1346720000,45200,4495020000,0,0.0
24/10/2007,25100,2636290000,109.5(9.50 %),50700,5344040000,25600,2707750000,0,0.0
25/10/2007,-6300,-645230000,106(-3.64 %),36700,3875870000,43000,4521100000,0,0.0
26/10/2007,-9800,-1049400000,107(-6.96 %),100,10700000,9900,1060100000,0,0.0
29/10/2007,1400,149770000,105.6(-3.12 %),1400,149770000,0,0,0,0.0
30/10/2007,8100,820340000,101.5(0.50 %),8700,880850000,600,60510000,0,0.0
31/10/2007,6000,609450000,103(1.98 %),6000,609450000,0,0,0,0.0
01/11/2007,30600,3344210000,111(-0.80 %),31200,3410480000,600,66270000,0,0.0
02/11/2007,-57200,-5820310000,101.5(-6.88 %),800,86290000,58000,5906600000,0,0.0
05/11/2007,-9900,-990000000,99.8(-5.85 %),100,10000000,10000,1000000000,0,0.0
06/11/2007,400,38800000,99.5(-0.50 %),400,38800000,0,0,0,0.0
07/11/2007,1500,145200000,97.5(0.52 %),2100,203700000,600,58500000,0,0.0
08/11/2007,1100,107700000,95.9(-2.14 %),1100,107700000,0,0,0,0.0
09/11/2007,1100,103520000,92.9(-2.11 %),1100,103520000,0,0,0,0.0
12/11/2007,2400,222300000,90.1(-2.59 %),2400,222300000,0,0,0,0.0
13/11/2007,3000,255000000,83(-7.98 %),3000,255000000,0,0,0,0.0
14/11/2007,-143800,-12424680000,85.2(-1.50 %),36900,3200340000,180700,15625020000,0,0.0
15/11/2007,-26600,-2218250000,77.9(-14.40 %),85100,7380920000,111700,9599170000,0,0.0
16/11/2007,-117600,-9247720000,77.9(-6.71 %),4600,365100000,122200,9612820000,0,0.0
19/11/2007,40700,3470410000,86.5(7.45 %),42900,3652970000,2200,182560000,0,0.0
20/11/2007,15000,1289550000,87(-5.95 %),15600,1341800000,600,52250000,0,0.0
21/11/2007,10800,899500000,84.5(-2.54 %),10800,899500000,0,0,0,0.0
22/11/2007,31000,2667000000,82(-2.15 %),31300,2692140000,300,25140000,0,0.0
23/11/2007,4900,416700000,83.1(0.12 %),5000,425000000,100,8300000,0,0.0
26/11/2007,-900,-76500000,85.5(0.23 %),5700,484500000,6600,561000000,0,0.0
27/11/2007,2300,196400000,85(-2.30 %),2300,196400000,0,0,0,0.0
28/11/2007,4600,389320000,84(-1.87 %),4600,389320000,0,0,0,0.0
29/11/2007,500,42000000,83.8(0.00 %),500,42000000,0,0,0,0.0
30/11/2007,-400,-34080000,83(-0.60 %),1000,83320000,1400,117400000,0,0.0
03/12/2007,300,25230000,82.8(-2.59 %),300,25230000,0,0,0,0.0
04/12/2007,30800,2583490000,83.7(0.84 %),33000,2768290000,2200,184800000,0,0.0
05/12/2007,-24100,-1987460000,82(-4.65 %),900,74900000,25000,2062360000,0,0.0
06/12/2007,-8900,-716890000,81.8(-1.45 %),16100,1313150000,25000,2030040000,0,0.0
07/12/2007,-26800,-2171150000,81(-3.57 %),2100,170400000,28900,2341550000,0,0.0
10/12/2007,200,16220000,81.2(0.25 %),200,16220000,0,0,0,0.0
11/12/2007,1200,97300000,80(-1.23 %),1200,97300000,0,0,0,0.0
12/12/2007,-38900,-3098830000,78.6(-2.96 %),1100,88090000,40000,3186920000,0,0.0
13/12/2007,200,16000000,79(-1.25 %),200,16000000,0,0,0,0.0
14/12/2007,0,60000,79(-1.25 %),200,15960000,200,15900000,0,0.0
17/12/2007,100,7880000,78.5(0.64 %),100,7880000,0,0,0,0.0
18/12/2007,0,0,77(-2.53 %),0,0,0,0,0,0.0
19/12/2007,1300,101860000,80(2.56 %),3400,266710000,2100,164850000,0,0.0
20/12/2007,44700,3638200000,82(2.50 %),64700,5258200000,20000,1620000000,0,0.0
21/12/2007,1500,121450000,80(-2.44 %),35500,2875500000,34000,2754050000,0,0.0
24/12/2007,-7800,-618950000,79.5(-0.62 %),2200,176100000,10000,795050000,0,0.0
25/12/2007,600,47350000,78(-1.27 %),600,47350000,0,0,0,0.0
26/12/2007,1300,101960000,78.4(0.26 %),1300,101960000,0,0,0,0.0
27/12/2007,500,39250000,78.3(-0.51 %),500,39250000,0,0,0,0.0
28/12/2007,-600,-47560000,79.4(3.12 %),400,31200000,1000,78760000,0,0.0
02/01/2008,-500,-39430000,78.7(-0.13 %),400,31490000,900,70920000,0,0.0
03/01/2008,-13400,-1039870000,77.3(-2.03 %),500,39000000,13900,1078870000,0,0.0
04/01/2008,500,38370000,77.5(0.00 %),1500,115870000,1000,77500000,0,0.0
07/01/2008,-800,-61440000,75.1(-2.85 %),0,0,800,61440000,0,0.0
08/01/2008,600,47300000,75.5(0.67 %),29200,2218330000,28600,2171030000,0,0.0
09/01/2008,11000,835820000,77(2.67 %),42000,3190820000,31000,2355000000,0,0.0
10/01/2008,10000,744400000,74(-1.33 %),60000,4544400000,50000,3800000000,0,0.0
11/01/2008,15500,1174240000,76.8(5.21 %),35500,2694240000,20000,1520000000,0,0.0
14/01/2008,29800,2185040000,73(0.14 %),29800,2185040000,0,0,0,0.0
15/01/2008,100,6800000,68(-6.21 %),100,6800000,0,0,0,0.0
16/01/2008,-100,-7300000,76.8(5.93 %),20000,1536000000,20100,1543300000,0,0.0
17/01/2008,14600,1146860000,76(-8.98 %),23000,1785260000,8400,638400000,0,0.0
18/01/2008,11000,852970000,78(2.63 %),14500,1121070000,3500,268100000,0,0.0
21/01/2008,15800,1209100000,76(-1.30 %),15800,1209100000,0,0,0,0.0
22/01/2008,2900,215440000,74(-1.33 %),2900,215440000,0,0,0,0.0
23/01/2008,9600,702310000,73(-1.35 %),10000,731910000,400,29600000,0,0.0
24/01/2008,400,29200000,72.5(-4.61 %),18400,1397200000,18000,1368000000,0,0.0
25/01/2008,100,7070000,70.7(0.71 %),100,7070000,0,0,0,0.0
28/01/2008,-900,-63300000,71(1.43 %),100,7000000,1000,70300000,0,0.0
29/01/2008,-1000,-70700000,72(2.86 %),0,0,1000,70700000,0,0.0
30/01/2008,400,27720000,76.9(-1.41 %),800,59000000,400,31280000,0,0.0
31/01/2008,200,14600000,73(-6.41 %),1200,92600000,1000,78000000,0,0.0
01/02/2008,700,54470000,76.9(-1.41 %),700,54470000,0,0,0,0.0
12/02/2008,100,7900000,76(-3.80 %),100,7900000,0,0,0,0.0
13/02/2008,100,7500000,74(-1.33 %),100,7500000,0,0,0,0.0
14/02/2008,100,7500000,74.9(0.54 %),200,15000000,100,7500000,0,0.0
15/02/2008,-200,-14950000,73.5(-1.34 %),300,22050000,500,37000000,0,0.0
18/02/2008,-4700,-330320000,70(-4.11 %),0,0,4700,330320000,0,0.0
19/02/2008,0,0,70(-5.41 %),100,7400000,100,7400000,0,0.0
20/02/2008,16200,1133390000,69.9(-0.29 %),17900,1244780000,1700,111390000,0,0.0
21/02/2008,10600,660330000,62.1(-10.00 %),12000,747270000,1400,86940000,0,0.0
22/02/2008,2100,129300000,67(19.22 %),2100,129300000,0,0,0,0.0
25/02/2008,100,6870000,68.7(1.03 %),100,6870000,0,0,0,0.0
26/02/2008,400,26010000,65.1(-7.00 %),400,26010000,0,0,0,0.0
27/02/2008,-700,-46300000,65(-1.52 %),300,19700000,1000,66000000,0,0.0
28/02/2008,18100,1180280000,65.5(-0.15 %),18700,1218980000,600,38700000,0,0.0
29/02/2008,27300,1785030000,65.5(0.00 %),27300,1785030000,0,0,0,0.0
03/03/2008,500,32000000,58.9(-9.38 %),500,32000000,0,0,0,0.0
04/03/2008,-100,-5700000,55.1(-3.33 %),0,0,100,5700000,0,0.0
05/03/2008,48400,2408450000,49.7(-0.60 %),60500,3009850000,12100,601400000,0,0.0
06/03/2008,0,0,54.7(9.84 %),0,0,0,0,0,0.0
07/03/2008,35700,2131290000,59.7(0.00 %),35700,2131290000,0,0,0,0.0
10/03/2008,66900,4374830000,65.6(0.00 %),66900,4374830000,0,0,0,0.0
11/03/2008,-1900,-112800000,59(-10.06 %),100,6000000,2000,118800000,0,0.0
12/03/2008,100,6000000,63(5.00 %),100,6000000,0,0,0,0.0
13/03/2008,600,37000000,61.9(-0.32 %),600,37000000,0,0,0,0.0
14/03/2008,400,24800000,60.1(-3.06 %),400,24800000,0,0,0,0.0
17/03/2008,-1600,-87710000,54.2(-8.14 %),400,21760000,2000,109470000,0,0.0
18/03/2008,600,29760000,49.2(-1.60 %),600,29760000,0,0,0,0.0
19/03/2008,4700,220700000,49.1(-1.80 %),4700,220700000,0,0,0,0.0
20/03/2008,2300,111840000,48.7(3.62 %),2300,111840000,0,0,0,0.0
21/03/2008,3000,145990000,48.7(-2.60 %),3000,145990000,0,0,0,0.0
24/03/2008,35100,1614680000,49(11.36 %),35900,1653220000,800,38540000,0,0.0
25/03/2008,8300,364050000,45(8.70 %),9500,413730000,1200,49680000,0,0.0
26/03/2008,1600,69300000,43.5(6.10 %),1600,69300000,0,0,0,0.0
27/03/2008,-3000,-132600000,44.2(0.00 %),400,17680000,3400,150280000,0,0.0
28/03/2008,0,0,45(0.00 %),0,0,0,0,0,0.0
31/03/2008,1800,82620000,45.9(0.00 %),1800,82620000,0,0,0,0.0
01/04/2008,3000,140400000,46.8(0.00 %),3000,140400000,0,0,0,0.0
02/04/2008,6100,290970000,47.7(0.00 %),6100,290970000,0,0,0,0.0
03/04/2008,0,0,48.6(0.00 %),0,0,0,0,0,0.0
04/04/2008,3400,168300000,49.5(0.00 %),3400,168300000,0,0,0,0.0
21/04/2008,4150,159906000,38.4(0.00 %),7150,275106000,3000,115200000,0,0.0
22/04/2008,420,15834000,37.7(-1.82 %),420,15834000,0,0,0,0.0
23/04/2008,2000,74000000,37(-1.86 %),2000,74000000,0,0,0,0.0
24/04/2008,3600,130680000,36.3(-1.89 %),3600,130680000,0,0,0,0.0
25/04/2008,6100,217160000,35.6(-1.93 %),6200,220720000,100,3560000,0,0.0
28/04/2008,1500,52350000,34.9(-1.97 %),1500,52350000,0,0,0,0.0
29/04/2008,14380,493234000,34.3(-1.72 %),14380,493234000,0,0,0,0.0
05/05/2008,1600,53920000,33.7(-1.75 %),1600,53920000,0,0,0,0.0
06/05/2008,1500,48600000,32.4(-1.82 %),1600,51840000,100,3240000,0,0.0
07/05/2008,200,6360000,31.8(-1.85 %),200,6360000,0,0,0,0.0
08/05/2008,100,3120000,31.2(-1.89 %),1700,53040000,1600,49920000,0,0.0
09/05/2008,820,25092000,30.6(-1.92 %),820,25092000,0,0,0,0.0
12/05/2008,2630,78900000,30(-1.96 %),2630,78900000,0,0,0,0.0
13/05/2008,500,14700000,29.4(-2.00 %),500,14700000,0,0,0,0.0
14/05/2008,100,2890000,28.9(-1.70 %),100,2890000,0,0,0,0.0
15/05/2008,0,0,28.4(-1.73 %),0,0,0,0,0,0.0
16/05/2008,29260,816354000,27.9(-1.76 %),42200,1177480000,12940,361126000,0,0.0
19/05/2008,78840,2160216000,27.4(-1.79 %),113300,3104420000,34460,944204000,0,0.0
20/05/2008,136810,3680189000,26.9(-1.82 %),136810,3680189000,0,0,0,0.0
21/05/2008,0,0,26.4(-1.86 %),0,0,0,0,0,0.0
22/05/2008,100,2590000,25.9(-1.89 %),100,2590000,0,0,0,0.0
23/05/2008,600,15240000,25.4(-1.93 %),600,15240000,0,0,0,0.0
26/05/2008,100,2490000,24.9(-1.97 %),100,2490000,0,0,0,0.0
27/05/2008,0,0,24.9(0.00 %),0,0,0,0,0,0.0
28/05/2008,0,0,24.9(0.00 %),0,0,0,0,0,0.0
29/05/2008,0,0,24.9(0.00 %),0,0,0,0,0,0.0
30/05/2008,50,1225000,24.5(-1.61 %),50,1225000,0,0,0,0.0
02/06/2008,4220,103390000,24.1(-1.63 %),4220,103390000,0,0,0,0.0
03/06/2008,-50,-1185000,23.7(-1.66 %),0,0,50,1185000,0,0.0
04/06/2008,1200,27960000,23.3(-1.69 %),1200,27960000,0,0,0,0.0
05/06/2008,1500,34350000,22.9(-1.72 %),1500,34350000,0,0,0,0.0
06/06/2008,0,0,22.5(-1.75 %),0,0,0,0,0,0.0
09/06/2008,0,0,22.1(-1.78 %),0,0,0,0,0,0.0
10/06/2008,5340,115878000,21.7(-1.81 %),9340,202678000,4000,86800000,0,0.0
11/06/2008,9950,215543000,22.1(1.84 %),24900,539958000,14950,324415000,0,0.0
12/06/2008,31630,693795000,22(-0.45 %),31630,693795000,0,0,0,0.0
13/06/2008,22990,496584000,22.4(1.82 %),22990,496584000,0,0,0,0.0
16/06/2008,10260,233928000,22.8(1.79 %),10260,233928000,0,0,0,0.0
17/06/2008,4980,115536000,23.2(1.75 %),4980,115536000,0,0,0,0.0
18/06/2008,57470,1343676000,22.8(-1.72 %),57470,1343676000,0,0,0,0.0
19/06/2008,73190,1624818000,22.2(-2.63 %),73210,1625262000,20,444000,0,0.0
20/06/2008,-100,-2160000,21.6(-2.70 %),42600,920160000,42700,922320000,0,0.0
23/06/2008,-18870,-396270000,21(-2.78 %),500,10500000,19370,406770000,0,0.0
24/06/2008,-19640,-400656000,21.5(2.38 %),3010,61404000,22650,462060000,0,0.0
25/06/2008,1150,25215000,21.9(1.86 %),1150,25215000,0,0,0,0.0
26/06/2008,57000,1243116000,22.5(2.74 %),58000,1265016000,1000,21900000,0,0.0
27/06/2008,550,12045000,21.9(-2.67 %),1950,42705000,1400,30660000,0,0.0
30/06/2008,7300,155490000,21.3(-2.74 %),7300,155490000,0,0,0,0.0
01/07/2008,3310,68517000,21.9(2.82 %),3310,68517000,0,0,0,0.0
02/07/2008,13490,298016000,21.4(-2.28 %),14090,310856000,600,12840000,0,0.0
03/07/2008,4190,92110000,22(2.80 %),4500,98930000,310,6820000,0,0.0
04/07/2008,14980,338548000,22.6(2.73 %),15980,361148000,1000,22600000,0,0.0
07/07/2008,67820,1569854000,22(-2.65 %),67820,1569854000,0,0,0,0.0
08/07/2008,7050,150870000,21.4(-2.73 %),7550,161570000,500,10700000,0,0.0
09/07/2008,5030,104624000,20.8(-2.80 %),5030,104624000,0,0,0,0.0
10/07/2008,11650,243220000,21.4(2.88 %),11750,245360000,100,2140000,0,0.0
11/07/2008,11700,257400000,22(2.80 %),12600,277200000,900,19800000,0,0.0
14/07/2008,9480,214248000,22.6(2.73 %),9480,214248000,0,0,0,0.0
15/07/2008,8940,207408000,23.2(2.65 %),10540,244528000,1600,37120000,0,0.0
16/07/2008,-4970,-122332000,23(-0.86 %),17710,417452000,22680,539784000,0,0.0
17/07/2008,-11000,-255035000,22.8(-0.87 %),10830,254598000,21830,509633000,0,0.0
18/07/2008,2600,57720000,22.2(-2.63 %),2600,57720000,0,0,0,0.0
21/07/2008,1700,36720000,21.6(-2.70 %),1700,36720000,0,0,0,0.0
22/07/2008,5500,115500000,21(-2.78 %),5500,115500000,0,0,0,0.0
23/07/2008,12080,246432000,20.4(-2.86 %),12680,258672000,600,12240000,0,0.0
24/07/2008,-4480,-88704000,19.8(-2.94 %),4200,83160000,8680,171864000,0,0.0
25/07/2008,-880,-16984000,19.3(-2.53 %),2640,50952000,3520,67936000,0,0.0
28/07/2008,-3750,-70500000,18.8(-2.59 %),5950,111860000,9700,182360000,0,0.0
29/07/2008,-27940,-511062000,19.3(2.66 %),11060,205028000,39000,716090000,0,0.0
30/07/2008,56320,1064432000,18.8(-2.59 %),58300,1102680000,1980,38248000,0,0.0
31/07/2008,350,6405000,18.3(-2.66 %),350,6405000,0,0,0,0.0
01/08/2008,-150,-2670000,17.8(-2.73 %),850,15130000,1000,17800000,0,0.0
04/08/2008,5570,96361000,17.3(-2.81 %),5570,96361000,0,0,0,0.0
05/08/2008,6000,101000000,16.8(-2.89 %),6000,101000000,0,0,0,0.0
06/08/2008,1150,19895000,17.3(2.98 %),1250,21625000,100,1730000,0,0.0
07/08/2008,8400,149520000,17.8(2.89 %),8600,153080000,200,3560000,0,0.0
08/08/2008,-1260,-23058000,18.3(2.81 %),0,0,1260,23058000,0,0.0
11/08/2008,-170,-3196000,18.8(2.73 %),0,0,170,3196000,0,0.0
12/08/2008,-20080,-378548000,19.3(2.66 %),49820,958682000,69900,1337230000,0,0.0
13/08/2008,1840,35828000,19.8(2.59 %),13440,265508000,11600,229680000,0,0.0
14/08/2008,-400,-8120000,20.3(2.53 %),0,0,400,8120000,0,0.0
15/08/2008,2860,59774000,20.9(2.96 %),2960,61864000,100,2090000,0,0.0
18/08/2008,2890,63291000,21.9(4.78 %),3590,78621000,700,15330000,0,0.0
19/08/2008,6100,137980000,21.9(0.00 %),6800,154010000,700,16030000,0,0.0
20/08/2008,14890,311201000,22.9(4.57 %),14890,311201000,0,0,0,0.0
21/08/2008,-700,-16800000,24(4.80 %),0,0,700,16800000,0,0.0
22/08/2008,-400,-10080000,25.2(5.00 %),0,0,400,10080000,0,0.0
25/08/2008,0,0,26.4(4.76 %),0,0,0,0,0,0.0
26/08/2008,670,18559000,27.7(4.92 %),670,18559000,0,0,0,0.0
27/08/2008,6920,200680000,29(4.69 %),7720,223880000,800,23200000,0,0.0
28/08/2008,-1300,-39520000,30.4(4.83 %),700,21280000,2000,60800000,0,0.0
29/08/2008,-200,-6380000,31.9(4.93 %),0,0,200,6380000,0,0.0
03/09/2008,-800,-26720000,33.4(4.70 %),0,0,800,26720000,0,0.0
04/09/2008,-4940,-172900000,35(4.79 %),6000,210000000,10940,382900000,0,0.0
05/09/2008,-11260,-413242000,36.7(4.86 %),0,0,11260,413242000,0,0.0
08/09/2008,-109240,-4046788000,38(3.54 %),171010,6493578000,280250,10540366000,0,0.0
09/09/2008,11100,442040000,38.1(0.26 %),11700,465980000,600,23940000,0,0.0
10/09/2008,4800,183203000,36.2(-4.99 %),5300,202343000,500,19140000,0,0.0
11/09/2008,16840,579296000,34.4(-4.97 %),16840,579296000,0,0,0,0.0
12/09/2008,13200,431640000,32.7(-4.94 %),13200,431640000,0,0,0,0.0
15/09/2008,-13880,-453764000,31.1(-4.89 %),4500,139950000,18380,593714000,0,0.0
16/09/2008,20,592000,29.6(-4.82 %),50,1480000,30,888000,0,0.0
17/09/2008,-230,-6486000,28.2(-4.73 %),70,1974000,300,8460000,0,0.0
18/09/2008,-40,-1072000,26.8(-4.96 %),0,0,40,1072000,0,0.0
19/09/2008,120140,3138054000,28.1(4.85 %),124590,3254199000,4450,116145000,0,0.0
22/09/2008,25610,755495000,29.5(4.98 %),25610,755495000,0,0,0,0.0
23/09/2008,151490,4531954000,30.7(4.07 %),154690,4622414000,3200,90460000,0,0.0
24/09/2008,-4940,-144448000,29.2(-4.89 %),210,6132000,5150,150580000,0,0.0
25/09/2008,-1520,-10688000,28.1(-3.77 %),33280,972652000,34800,983340000,0,0.0
26/09/2008,10070,295865000,29.3(4.27 %),10400,305600000,330,9735000,0,0.0
29/09/2008,2000,55800000,27.9(-4.78 %),2000,55800000,0,0,0,0.0
30/09/2008,0,0,26.6(-4.66 %),0,0,0,0,0,0.0
01/10/2008,-4540,-119156000,26.5(-0.38 %),1000,27900000,5540,147056000,0,0.0
02/10/2008,3000,81380000,27.5(3.77 %),3800,103540000,800,22160000,0,0.0
03/10/2008,32160,871810000,28.5(3.64 %),32560,882290000,400,10480000,0,0.0
06/10/2008,0,0,27.5(-3.51 %),0,0,0,0,0,0.0
07/10/2008,3730,97726000,26.2(-4.73 %),4000,104800000,270,7074000,0,0.0
08/10/2008,10600,263498000,24.9(-4.96 %),72200,1800598000,61600,1537100000,0,0.0
09/10/2008,-16260,-386362000,23.7(-4.82 %),13700,325440000,29960,711802000,0,0.0
10/10/2008,-2000,-45200000,22.6(-4.64 %),0,0,2000,45200000,0,0.0
13/10/2008,-29840,-641610000,21.5(-4.87 %),1010,21715000,30850,663325000,0,0.0
14/10/2008,-40900,-920250000,22.5(4.65 %),102530,2306925000,143430,3227175000,0,0.0
15/10/2008,-18960,-412444000,21.4(-4.89 %),1100,24750000,20060,437194000,0,0.0
16/10/2008,-1850,-37740000,20.4(-4.67 %),100,2040000,1950,39780000,0,0.0
17/10/2008,4000,79800000,20.4(0.00 %),4000,79800000,0,0,0,0.0
20/10/2008,-1000,-17630000,20.4(0.00 %),1000,21400000,2000,39030000,0,0.0
21/10/2008,0,0,21.4(4.90 %),0,0,0,0,0,0.0
22/10/2008,-1600,-32640000,20.4(-4.67 %),3000,61200000,4600,93840000,0,0.0
23/10/2008,-3580,-69452000,19.4(-4.90 %),0,0,3580,69452000,0,0.0
24/10/2008,-7500,-138750000,18.5(-4.64 %),0,0,7500,138750000,0,0.0
27/10/2008,-4250,-74800000,17.6(-4.86 %),0,0,4250,74800000,0,0.0
28/10/2008,-6680,-112224000,16.8(-4.55 %),300,5040000,6980,117264000,0,0.0
29/10/2008,-2250,-39484000,17.5(4.17 %),3120,54912000,5370,94396000,0,0.0
30/10/2008,-2380,-43144000,17.2(-1.71 %),4320,76116000,6700,119260000,0,0.0
31/10/2008,1020,18360000,18(4.65 %),1220,21960000,200,3600000,0,0.0
03/11/2008,0,0,18.9(5.00 %),0,0,0,0,0,0.0
04/11/2008,7000,137800000,19.8(4.76 %),8000,157600000,1000,19800000,0,0.0
05/11/2008,-100,-2070000,20.7(4.55 %),0,0,100,2070000,0,0.0
06/11/2008,3500,68950000,20.4(-1.45 %),3500,68950000,0,0,0,0.0
07/11/2008,1000,20000000,19.4(-4.90 %),1000,20000000,0,0,0,0.0
10/11/2008,-5640,-106374000,18.8(-3.09 %),220,4180000,5860,110554000,0,0.0
11/11/2008,0,0,19(1.06 %),0,0,0,0,0,0.0
12/11/2008,-100,-1840000,18.4(-3.16 %),0,0,100,1840000,0,0.0
13/11/2008,0,0,18.6(1.09 %),0,0,0,0,0,0.0
14/11/2008,-4300,-79980000,18.6(0.00 %),0,0,4300,79980000,0,0.0
17/11/2008,50,-227000,18.2(-2.15 %),5050,92425000,5000,92652000,0,0.0
18/11/2008,0,0,18.4(1.10 %),0,0,0,0,0,0.0
19/11/2008,700,13370000,18.5(0.54 %),700,13370000,0,0,0,0.0
20/11/2008,0,0,19(2.70 %),0,0,0,0,0,0.0
21/11/2008,0,0,18.1(-4.74 %),0,0,0,0,0,0.0
24/11/2008,5000,86010000,17.2(-4.97 %),5000,86010000,0,0,0,0.0
25/11/2008,100,1780000,18(4.65 %),100,1780000,0,0,0,0.0
26/11/2008,0,0,18(0.00 %),0,0,0,0,0,0.0
27/11/2008,200,3540000,17.7(-1.67 %),200,3540000,0,0,0,0.0
28/11/2008,4630,85605000,18.5(4.52 %),5300,98000000,670,12395000,0,0.0
01/12/2008,1000,18900000,18(-2.70 %),1000,18900000,0,0,0,0.0
02/12/2008,-15410,-263651000,17.1(-5.00 %),2630,44973000,18040,308624000,0,0.0
03/12/2008,-33620,-550886000,16.3(-4.68 %),3000,49200000,36620,600086000,0,0.0
04/12/2008,-72140,-1122871000,15.5(-4.91 %),1300,20200000,73440,1143071000,0,0.0
05/12/2008,-8100,-120360000,14.8(-4.52 %),1800,26660000,9900,147020000,0,0.0
08/12/2008,-1500,-22350000,14.3(-3.38 %),3000,44700000,4500,67050000,0,0.0
09/12/2008,-3030,-44397000,14.9(4.20 %),0,0,3030,44397000,0,0.0
10/12/2008,-1400,-20860000,14.9(0.00 %),0,0,1400,20860000,0,0.0
11/12/2008,-3990,-58721000,14.5(-2.68 %),300,4320000,4290,63041000,0,0.0
12/12/2008,2310,35726000,15.2(4.83 %),4020,60692000,1710,24966000,0,0.0
15/12/2008,-100,-1580000,15.6(2.63 %),0,0,100,1580000,0,0.0
16/12/2008,0,0,14.9(-4.49 %),0,0,0,0,0,0.0
17/12/2008,0,0,15(0.67 %),0,0,0,0,0,0.0
18/12/2008,-580,-8932000,15.4(2.67 %),0,0,580,8932000,0,0.0
19/12/2008,-3030,-48293000,16.1(4.55 %),400,6240000,3430,54533000,0,0.0
22/12/2008,-910,-15013000,16.3(1.24 %),0,0,910,15013000,0,0.0
23/12/2008,300,4750000,15.9(-2.45 %),300,4750000,0,0,0,0.0
24/12/2008,0,0,16(0.63 %),0,0,0,0,0,0.0
25/12/2008,-1480,-23592000,15.5(-3.12 %),0,0,1480,23592000,0,0.0
26/12/2008,-4000,-61000000,15.5(0.00 %),0,0,4000,61000000,0,0.0
29/12/2008,1000,16000000,16(3.23 %),1000,16000000,0,0,0,0.0
30/12/2008,14850,242297000,16.8(5.00 %),28350,467337000,13500,225040000,0,0.0
31/12/2008,28350,478634000,17(1.19 %),28350,478634000,0,0,0,0.0
02/01/2009,0,0,17.5(2.94 %),0,0,0,0,18398870,24.63
05/01/2009,1410,24511000,17.2(-1.71 %),1610,27991000,200,3480000,18397460,24.63
06/01/2009,2310,39501000,17.2(0.00 %),2310,39501000,0,0,18395150,24.64
07/01/2009,46050,828730000,18(4.65 %),71050,1277730000,25000,449000000,18349100,24.7
08/01/2009,-21820,-373132000,17.1(-5.00 %),1000,17190000,22820,390322000,18370920,24.67
09/01/2009,1000,17680000,17.7(3.51 %),1000,17680000,0,0,18369920,24.67
12/01/2009,300,5130000,17.1(-3.39 %),300,5130000,0,0,18369620,24.67
13/01/2009,3700,62860000,17.4(1.75 %),3700,62860000,0,0,18365920,24.67
14/01/2009,0,0,16.9(-2.87 %),0,0,0,0,18365920,24.67
15/01/2009,0,0,17(0.59 %),0,0,0,0,18365920,24.67
16/01/2009,5470,92240000,17(0.00 %),5470,92240000,0,0,18360450,24.68
19/01/2009,1200,20400000,16.8(-1.18 %),1200,20400000,0,0,18359250,24.68
20/01/2009,9310,160453000,16.5(-1.79 %),9310,160453000,0,0,18349940,24.7
21/01/2009,0,0,16.8(1.82 %),0,0,0,0,18349940,24.7
22/01/2009,-750,-12115000,16.5(-1.79 %),650,10705000,1400,22820000,18350690,24.69
23/01/2009,0,0,17(3.03 %),0,0,0,0,18350690,24.69
02/02/2009,-16270,-264374000,16.2(-4.71 %),200,3240000,16470,267614000,18366960,24.67
03/02/2009,-12930,-199815000,15.4(-4.94 %),410,6345000,13340,206160000,18379890,24.66
04/02/2009,-16820,-257726000,15.4(0.00 %),0,0,16820,257726000,18396710,24.63
05/02/2009,-20900,-309154000,15(-2.60 %),1000,14700000,21900,323854000,18417610,24.61
06/02/2009,-13360,-196330000,14.6(-2.67 %),3600,52200000,16960,248530000,18430970,24.59
09/02/2009,600,9000000,15.3(4.79 %),600,9000000,0,0,18430370,24.59
10/02/2009,-2010,-28346000,14.6(-4.58 %),1000,15600000,3010,43946000,18432380,24.59
11/02/2009,-31310,-438288000,13.9(-4.79 %),3400,47620000,34710,485908000,18463690,24.54
12/02/2009,-3640,-50411000,13.7(-1.44 %),0,0,3640,50411000,18467330,24.54
13/02/2009,1000,14000000,14(2.19 %),1000,14000000,0,0,18466330,24.54
16/02/2009,600,8200000,13.6(-2.86 %),600,8200000,0,0,18465730,24.54
17/02/2009,-15930,-217170000,13.1(-3.68 %),300,3960000,16230,221130000,18481660,24.52
18/02/2009,-37000,-463767000,12.5(-4.58 %),2000,25000000,39000,488767000,18518660,24.47
19/02/2009,-33070,-399983000,12(-4.00 %),2000,24100000,35070,424083000,18551730,24.43
20/02/2009,-21500,-258600000,12(0.00 %),0,0,21500,258600000,18573230,24.4
23/02/2009,-14500,-171935000,11.7(-2.50 %),0,0,14500,171935000,18587730,24.38
24/02/2009,1000,11500000,11.3(-3.42 %),1000,11500000,0,0,18586730,24.38
25/02/2009,0,0,11.8(4.42 %),0,0,0,0,18586730,24.38
26/02/2009,-20100,-228008000,11.8(0.00 %),1060,12176000,21160,240184000,18606830,24.36
27/02/2009,1870,22100000,11.8(0.00 %),1870,22100000,0,0,18604960,24.36
02/03/2009,1500,18450000,11.8(0.00 %),1500,18450000,0,0,18603460,24.36
03/03/2009,130,1659000,12.9(4.88 %),130,1659000,0,0,18603330,24.36
04/03/2009,5370,71355000,13.5(4.65 %),5370,71355000,0,0,18597960,24.37
05/03/2009,0,0,13.9(2.96 %),0,0,0,0,18597960,24.37
06/03/2009,100,1330000,13.6(-2.16 %),20100,267330000,20000,266000000,18597860,24.37
09/03/2009,1200,16160000,13.8(1.47 %),1200,16160000,0,0,18596660,24.37
10/03/2009,700,9660000,14(1.45 %),700,9660000,0,0,18595960,24.37
11/03/2009,11000,161700000,14.7(5.00 %),11000,161700000,0,0,18584960,24.38
12/03/2009,300,4470000,14.1(-4.08 %),300,4470000,0,0,18584660,24.38
13/03/2009,600,8830000,14.5(2.84 %),600,8830000,0,0,18584060,24.39
16/03/2009,1100,15790000,14.5(0.00 %),1100,15790000,0,0,18582960,24.39
17/03/2009,10860,163082000,15.2(4.83 %),10860,163082000,0,0,18572100,24.4
18/03/2009,10300,163770000,15.9(4.61 %),11300,179670000,1000,15900000,18561800,24.41
19/03/2009,34700,570620000,15.9(0.00 %),43200,711020000,8500,140400000,18527100,24.46
20/03/2009,0,0,16(0.63 %),0,0,0,0,18527100,24.46
23/03/2009,7440,118295000,15.2(-5.00 %),7440,118295000,0,0,18519660,24.47
24/03/2009,39210,622683000,15.9(4.61 %),39210,622683000,0,0,18480450,24.52
25/03/2009,10480,170302000,16.6(4.40 %),10480,170302000,0,0,18469970,24.54
26/03/2009,0,0,17.4(4.82 %),0,0,0,0,18469970,24.54
27/03/2009,450,8182000,17.4(0.00 %),750,13642000,300,5460000,18469520,24.54
30/03/2009,17050,303265000,17.9(2.87 %),17050,303265000,0,0,18452470,24.56
31/03/2009,3980,68058000,17.1(-4.47 %),3980,68058000,0,0,18448490,24.56
01/04/2009,-900,-16840000,17.6(2.92 %),1600,27410000,2500,44250000,18449390,24.56
02/04/2009,-100,-1820000,18.2(3.41 %),0,0,100,1820000,18449490,24.56
03/04/2009,19500,372350000,19.1(4.95 %),19600,374260000,100,1910000,18429990,24.59
07/04/2009,27340,546750000,20(4.71 %),27540,550750000,200,4000000,18402650,24.63
08/04/2009,-21180,-418067000,19.5(-2.50 %),3600,72000000,24780,490067000,18423830,24.6
09/04/2009,3000,59400000,19.4(-0.51 %),3000,59400000,0,0,18420830,24.6
10/04/2009,12980,263494000,20.3(4.64 %),19100,387730000,6120,124236000,18407850,24.62
13/04/2009,9710,206823000,21.3(4.93 %),9710,206823000,0,0,18398140,24.63
14/04/2009,18400,410320000,22.3(4.69 %),18600,414780000,200,4460000,18379740,24.66
15/04/2009,21400,500760000,23.4(4.93 %),22000,514800000,600,14040000,18358340,24.68
16/04/2009,-790,-19355000,24.5(4.70 %),0,0,790,19355000,18359130,24.68
17/04/2009,3350,84847000,25.7(4.90 %),3360,85104000,10,257000,18355780,24.69
20/04/2009,300,7350000,24.5(-4.67 %),300,7350000,0,0,18355480,24.69
21/04/2009,0,0,23.3(-4.90 %),0,0,0,0,18355480,24.69
22/04/2009,-7240,-163380000,22.6(-3.00 %),300,6750000,7540,170130000,18362720,24.68
23/04/2009,0,0,21.5(-4.87 %),0,0,0,0,18362720,24.68
24/04/2009,1900,39960000,20.5(-4.65 %),2100,44060000,200,4100000,18360820,24.68
27/04/2009,4100,84050000,20(-2.44 %),4100,84050000,0,0,18356720,24.69
28/04/2009,-900,-17460000,20.5(2.50 %),100,1940000,1000,19400000,18357620,24.69
29/04/2009,540,11465000,21.5(4.88 %),540,11465000,0,0,18357080,24.69
04/05/2009,4300,96750000,22.5(4.65 %),5400,121500000,1100,24750000,18352780,24.69
05/05/2009,470300,10144280000,23.6(4.89 %),470300,10144280000,0,0,17882480,25.31
06/05/2009,142320,3513964000,24.7(4.66 %),142320,3513964000,0,0,17740160,25.5
07/05/2009,25710,665689000,25.9(4.86 %),26410,683819000,700,18130000,17714450,25.54
08/05/2009,2300,58400000,25(-3.47 %),2300,58400000,0,0,17712150,25.54
11/05/2009,2020,50395000,25(0.00 %),2220,55515000,200,5120000,17710130,25.54
12/05/2009,-1050,-26150000,26(4.00 %),0,0,1050,26150000,17711180,25.54
13/05/2009,-2880,-71582000,25(-3.85 %),7500,185790000,10380,257372000,17714060,25.54
14/05/2009,-580,-14512000,24.3(-2.80 %),20,488000,600,15000000,17714640,25.54
15/05/2009,-13620,-347310000,25.5(4.94 %),0,0,13620,347310000,17728260,25.52
18/05/2009,55700,1420350000,25.5(0.00 %),55700,1420350000,0,0,17672560,25.59
19/05/2009,143070,3819949000,26.7(4.71 %),143070,3819949000,0,0,17529490,25.78
20/05/2009,21480,601440000,28(4.87 %),54200,1517600000,32720,916160000,17508010,25.81
21/05/2009,72770,2138918000,29.4(5.00 %),102770,3020918000,30000,882000000,17435240,25.91
22/05/2009,44060,1265104000,28(-4.76 %),44620,1281148000,560,16044000,17391180,25.97
25/05/2009,-19600,-574230000,29.4(5.00 %),500,14700000,20100,588930000,17410780,25.94
26/05/2009,2500,75500000,28(-4.76 %),2500,75500000,0,0,17408280,25.94
27/05/2009,-900,-24550000,27.1(-3.21 %),1000,27700000,1900,52250000,17409180,25.94
28/05/2009,-1320,-34748000,26(-4.06 %),2000,52800000,3320,87548000,17410500,25.94
29/05/2009,-2090,-54126000,25.6(-1.54 %),50,1345000,2140,55471000,17412590,25.94
01/06/2009,-10000,-265359000,26.8(4.69 %),0,0,10000,265359000,17422590,25.92
02/06/2009,-9900,-278190000,28.1(4.85 %),10100,283810000,20000,562000000,17432490,25.91
03/06/2009,5840,164104000,28.2(0.36 %),5840,164104000,0,0,17426650,25.92
04/06/2009,6600,187420000,28.6(1.42 %),16600,469420000,10000,282000000,17420050,25.93
05/06/2009,-8800,-264000000,30(4.90 %),1200,36000000,10000,300000000,17428850,25.92
08/06/2009,-24400,-768600000,31.5(5.00 %),1100,34650000,25500,803250000,17453250,25.88
09/06/2009,-20800,-686934000,33(4.76 %),45200,1491066000,66000,2178000000,17474050,25.86
10/06/2009,-5800,-191720000,31.4(-4.85 %),800,26080000,6600,217800000,17479850,25.85
11/06/2009,-34100,-1121890000,32.9(4.78 %),900,29610000,35000,1151500000,17513950,25.8
12/06/2009,-22100,-762525000,34(3.34 %),400,13725000,22500,776250000,17536050,25.77
15/06/2009,1500,49850000,32.3(-5.00 %),2000,66000000,500,16150000,17534550,25.78
16/06/2009,-53960,-1658925000,30.7(-4.95 %),0,0,53960,1658925000,17588510,25.7
17/06/2009,-208630,-6703873000,32.2(4.89 %),11670,375724000,220300,7079597000,17797140,25.43
18/06/2009,-1020,-34476000,33.8(4.97 %),0,0,1020,34476000,17798160,25.43
19/06/2009,-200,-7080000,35.4(4.73 %),0,0,200,7080000,17798360,25.43
22/06/2009,3910,140611000,34.5(-2.54 %),3910,140611000,0,0,17794450,25.43
23/06/2009,1000,32800000,32.8(-4.93 %),1000,32800000,0,0,17793450,25.43
24/06/2009,-19940,-685946000,34.4(4.88 %),500,17190000,20440,703136000,17813390,25.41
25/06/2009,-1700,-55730000,32.7(-4.94 %),100,3310000,1800,59040000,17815090,25.4
26/06/2009,-510,-15875000,31.1(-4.89 %),0,0,510,15875000,17815600,25.4
29/06/2009,-1800,-53295000,29.6(-4.82 %),1200,35520000,3000,88815000,17817400,25.4
30/06/2009,-10320,-303628000,28.2(-4.73 %),200,5660000,10520,309288000,17827720,25.39
01/07/2009,0,0,26.8(-4.96 %),0,0,0,0,17827720,25.39
02/07/2009,25150,641325000,27.1(1.12 %),25150,641325000,0,0,17802570,25.42
03/07/2009,4090,104722000,26.2(-3.32 %),6390,164862000,2300,60140000,17798480,25.43
06/07/2009,11810,324700000,27.5(4.96 %),11810,324700000,0,0,17773880,25.46
07/07/2009,980,25970000,27(-1.82 %),980,25970000,0,0,17785690,25.44
08/07/2009,7170,192975000,27.4(1.48 %),10970,295575000,3800,102600000,17778520,25.45
09/07/2009,8440,228724000,27.1(-1.09 %),8440,228724000,0,0,17770080,25.46
10/07/2009,28440,734182000,26.5(-2.21 %),29210,754166000,770,19984000,17741640,25.5
13/07/2009,29500,743080000,25.2(-4.91 %),30000,756330000,500,13250000,17712140,25.54
14/07/2009,18730,451839000,24.1(-4.37 %),19220,463748000,490,11909000,17693410,25.57
15/07/2009,-1000,-25025000,24.6(2.07 %),200,4975000,1200,30000000,17694410,25.56
16/07/2009,200,5115000,25.8(4.88 %),200,5115000,0,0,17694210,25.56
17/07/2009,-320,-8256000,26(0.78 %),0,0,320,8256000,17694530,25.56
20/07/2009,16920,418144000,24.7(-5.00 %),17020,420744000,100,2600000,17677610,25.59
21/07/2009,27400,703080000,25.9(4.86 %),27400,703080000,0,0,17650210,25.62
22/07/2009,28230,764270000,27.1(4.63 %),28230,764270000,0,0,17621980,25.66
23/07/2009,4000,109593000,27.5(1.48 %),5000,136093000,1000,26500000,17617980,25.66
24/07/2009,22210,639648000,28.8(4.73 %),22210,639648000,0,0,17595770,25.69
27/07/2009,37960,1145095000,30.2(4.86 %),38160,1151135000,200,6040000,17557810,25.74
28/07/2009,78110,2410703000,30.9(2.32 %),83260,2570353000,5150,159650000,17479700,25.85
29/07/2009,9870,290478000,29.4(-4.85 %),9870,290478000,0,0,17469830,25.86
30/07/2009,44450,1323607000,29.9(1.70 %),44450,1323607000,0,0,17425380,25.92
31/07/2009,-500,-15005000,30.5(2.01 %),0,0,500,15005000,17425880,25.92
03/08/2009,-1150,-35075000,29.5(-3.28 %),0,0,1150,35075000,17427030,25.92
04/08/2009,2040,60180000,30.1(2.03 %),2040,60180000,0,0,17424990,25.92
05/08/2009,2580,77380000,30(-0.33 %),2680,80450000,100,3070000,17422410,25.92
06/08/2009,0,0,29.7(-1.00 %),0,0,0,0,17422410,25.92
07/08/2009,-4510,-129742000,28.7(-3.37 %),200,5800000,4710,135542000,17426920,25.92
10/08/2009,-2700,-80730000,29.7(3.48 %),1500,44850000,4200,125580000,17429620,25.91
11/08/2009,30120,891892000,29.9(0.67 %),30120,891892000,0,0,17399500,25.95
12/08/2009,54730,1638203000,30(0.33 %),55630,1665203000,900,27000000,17344770,26.03
13/08/2009,50560,1510518000,30(0.00 %),60960,1821518000,10400,311000000,17294210,26.09
14/08/2009,20000,603402000,30.1(0.33 %),20000,603402000,0,0,17274210,26.12
17/08/2009,24630,741639000,30.1(0.00 %),24780,746154000,150,4515000,17249580,26.15
18/08/2009,24500,736350000,30(-0.33 %),50300,1510350000,25800,774000000,17225080,26.19
19/08/2009,42000,1261400000,30.1(0.33 %),42000,1261400000,0,0,17183080,26.24
20/08/2009,40210,1207161000,30.2(0.33 %),40210,1207161000,0,0,17142870,26.29
21/08/2009,29200,924577000,31.7(4.97 %),59900,1877412000,30700,952835000,17113670,26.33
24/08/2009,20800,685767000,33(4.10 %),22300,735267000,1500,49500000,17092870,26.36
25/08/2009,19200,612920000,31.8(-3.64 %),33200,1062420000,14000,449500000,17027640,26.45
26/08/2009,26830,860066000,32(0.63 %),47000,1485706000,20170,625640000,17046840,26.42
27/08/2009,20070,651070000,32.5(1.56 %),30000,968830000,9930,317760000,17026770,26.45
28/08/2009,65020,2130398000,33(1.54 %),70380,2307078000,5360,176680000,16961750,26.53
31/08/2009,57700,1912600000,33.3(0.91 %),60000,1988500000,2300,75900000,16904050,26.61
01/09/2009,29600,981174000,33.2(-0.30 %),30200,1001144000,600,19970000,16874450,26.65
03/09/2009,-500,-15900000,31.7(-4.52 %),0,0,500,15900000,16874950,26.65
04/09/2009,380,12084000,30.3(-4.42 %),380,12084000,0,0,16874570,26.65
07/09/2009,1400,40850000,29.5(-2.64 %),1500,43800000,100,2950000,16873170,26.65
08/09/2009,-31950,-983060000,30.9(4.75 %),0,0,31950,983060000,16905120,26.61
09/09/2009,70540,2186740000,31.1(0.65 %),70540,2186740000,0,0,16834580,26.7
10/09/2009,12180,419718000,32.6(4.82 %),32680,1035719000,20500,616001000,16822400,26.72
11/09/2009,4330,142838000,32.7(0.31 %),4330,142838000,0,0,16818070,26.72
14/09/2009,5630,183045000,31.6(-3.36 %),5880,191220000,250,8175000,16812440,26.73
15/09/2009,6120,194537000,32(1.27 %),46300,1462400000,40180,1267863000,16806320,26.74
16/09/2009,-21680,-690465000,31.5(-1.56 %),35530,1119155000,57210,1809620000,16828000,26.71
17/09/2009,-4500,-142700000,31.4(-0.32 %),0,0,4500,142700000,16832500,26.71
18/09/2009,7670,240410000,31.5(0.32 %),47470,1477790000,39800,1237380000,16824830,26.72
21/09/2009,1330,41230000,31(-1.59 %),3530,109430000,2200,68200000,16823500,26.72
22/09/2009,-20140,-614280000,30.5(-1.61 %),0,0,20140,614280000,16843640,26.69
23/09/2009,-1000,-30310000,30.3(-0.66 %),500,15250000,1500,45560000,16844640,26.69
24/09/2009,-99700,-2890910000,29.1(-3.96 %),300,8670000,100000,2899580000,16944340,26.56
25/09/2009,0,0,28.8(-1.03 %),0,0,0,0,16944340,26.56
28/09/2009,0,0,29.6(2.78 %),0,0,0,0,17015750,26.46
29/09/2009,-21050,-618337000,29.1(-1.69 %),31950,938525000,53000,1556862000,17027900,26.45
30/09/2009,680,21078000,29.4(1.03 %),32680,956921000,32000,935843000,17027220,26.45
01/10/2009,25050,735700000,29.4(0.00 %),27050,794200000,2000,58500000,17002170,26.48
02/10/2009,-8130,-230520000,28(-4.76 %),240,6736000,8370,237256000,17010300,26.47
05/10/2009,-86590,-2315883000,26.7(-4.64 %),40,1120000,86630,2317003000,17096890,26.36
06/10/2009,-27930,-740829000,28(4.87 %),2070,57171000,30000,798000000,17124820,26.32
07/10/2009,11580,336132000,29.3(4.64 %),14580,420932000,3000,84800000,17113240,26.33
08/10/2009,21000,611205000,29.3(0.00 %),23000,668655000,2000,57450000,17092240,26.36
09/10/2009,3100,89750000,29(-1.02 %),5100,148050000,2000,58300000,17089140,26.37
12/10/2009,-2020,-58580000,30(3.45 %),70,2030000,2090,60610000,17091160,26.36
13/10/2009,-3900,-113050000,29(-3.33 %),600,17350000,4500,130400000,0,0.0
14/10/2009,3350,97350000,29.4(1.38 %),8350,242755000,5000,145405000,0,49.0
15/10/2009,-13120,-387159000,29.5(0.34 %),450,13275000,13570,400434000,9770,48.99
16/10/2009,-30,-952000,28.6(-3.05 %),5050,146468000,5080,147420000,258230,48.66
19/10/2009,-5000,-144600000,28.2(-1.40 %),900,25650000,5900,170250000,14800,48.98
20/10/2009,-22250,-602750000,28.7(1.77 %),1150,31050000,23400,633800000,37050,48.95
21/10/2009,-18600,-535437000,29(1.05 %),5300,152110000,23900,687547000,55650,48.93
22/10/2009,-23310,-677883000,29.3(1.03 %),290,8537000,23600,686420000,78960,48.9
23/10/2009,-162480,-4768466000,28.1(-4.10 %),15090,450176000,177570,5218642000,241440,48.68
26/10/2009,-16760,-477662000,28.3(0.71 %),730,21246000,17490,498908000,258200,48.66
27/10/2009,130,3577000,27.4(-3.18 %),130,3577000,0,0,258070,48.66
28/10/2009,-5700,-159600000,27.9(1.82 %),0,0,5700,159600000,263770,48.65
29/10/2009,4840,130275000,26.8(-3.94 %),5040,135675000,200,5400000,258930,48.66
30/10/2009,-10580,-286761000,27.1(1.12 %),13650,369450000,24230,656211000,269510,48.64
02/11/2009,1960,50708000,25.8(-4.80 %),2060,53298000,100,2590000,267550,48.65
03/11/2009,2930,72645000,24.6(-4.65 %),3150,78057000,220,5412000,264620,48.65
04/11/2009,-85530,-2007312000,23.4(-4.88 %),10500,247800000,96030,2255112000,350150,48.54
05/11/2009,-18060,-433284000,24.5(4.70 %),200,4780000,18260,438064000,368210,48.51
06/11/2009,24410,643797000,25.7(4.90 %),80570,2044173000,56160,1400376000,343800,48.54
09/11/2009,2760,67620000,24.5(-4.67 %),2760,67620000,0,0,341040,48.55
10/11/2009,3880,91670000,23.6(-3.67 %),3880,91670000,0,0,337160,48.55
11/11/2009,24260,594924000,24.7(4.66 %),24310,596124000,50,1200000,312900,48.59
12/11/2009,11950,309505000,25.9(4.86 %),11950,309505000,0,0,300950,48.6
13/11/2009,25400,675014000,26.4(1.93 %),27400,728214000,2000,53200000,275550,48.64
16/11/2009,12490,335651000,27(2.27 %),17140,461201000,4650,125550000,263060,48.65
17/11/2009,600,15900000,25.8(-4.44 %),600,15900000,0,0,262460,48.65
18/11/2009,15660,413447000,26(0.78 %),20460,539737000,4800,126290000,246800,48.67
19/11/2009,16810,425160000,25(-3.85 %),16810,425160000,0,0,229990,48.7
20/11/2009,-6000,-150300000,25(0.00 %),1100,27500000,7100,177800000,235990,48.69
23/11/2009,5000,125000000,24(-4.00 %),10000,250000000,5000,125000000,230990,48.69
24/11/2009,30,702000,23.4(-2.50 %),30,702000,0,0,230960,48.69
25/11/2009,32640,738018000,22.3(-4.70 %),33140,749168000,500,11150000,198320,48.74
26/11/2009,41770,884824000,21.2(-4.93 %),84770,1798924000,43000,914100000,156550,48.79
27/11/2009,129260,2635020000,22(3.77 %),130260,2655220000,1000,20200000,27290,48.96
30/11/2009,13800,318330000,23.1(5.00 %),23800,549330000,10000,231000000,13490,48.98
01/12/2009,-13090,-305266000,23.6(2.16 %),10810,253736000,23900,559002000,26580,48.96
02/12/2009,5250,128027000,23(-2.54 %),46850,1106573000,41600,978546000,21330,48.97
03/12/2009,-2850,-60329000,22.3(-3.04 %),37150,831045000,40000,891374000,24180,48.97
04/12/2009,-5750,-128104000,22.2(-0.45 %),14790,329178000,20540,457282000,29930,48.96
07/12/2009,10100,231881000,23.2(4.50 %),20100,464881000,10000,233000000,19830,48.97
08/12/2009,0,0,22.3(-3.88 %),0,0,0,0,19830,48.97
09/12/2009,690,17520000,21.2(-4.93 %),11150,241525000,10460,224005000,19140,48.97
10/12/2009,2500,52500000,21(-0.94 %),2500,52500000,0,0,16640,48.98
11/12/2009,3080,62651000,20(-4.76 %),19240,385864000,16160,323213000,13560,48.98
14/12/2009,150,3010000,19.6(-2.00 %),150,3010000,0,0,13410,48.98
15/12/2009,-2630,-51908000,20.4(4.08 %),100,1960000,2730,53868000,16040,48.98
16/12/2009,7400,148240000,20.2(-0.98 %),7400,148240000,0,0,8640,48.99
17/12/2009,300,5760000,19.5(-3.47 %),300,5760000,0,0,8340,48.99
18/12/2009,50,1000000,20.4(4.62 %),50,1000000,0,0,8290,48.99
21/12/2009,5000,107000000,21.4(4.90 %),5000,107000000,0,0,3290,49.0
22/12/2009,1350,29025000,21.5(0.47 %),1400,30100000,50,1075000,1940,49.0
23/12/2009,0,0,20.7(-3.72 %),0,0,0,0,1940,49.0
24/12/2009,0,0,21.5(3.86 %),0,0,0,0,1940,49.0
25/12/2009,250,5475000,22.5(4.65 %),300,6600000,50,1125000,1690,49.0
28/12/2009,11000,259600000,22.6(0.44 %),11000,259600000,0,0,0,49.01
29/12/2009,0,0,21.7(-3.98 %),0,0,0,0,0,49.01
30/12/2009,0,0,21.5(-0.92 %),0,0,0,0,0,49.01
31/12/2009,6400,144200000,22.5(4.65 %),26600,598500000,20200,454300000,0,49.02
04/01/2010,-19160,-448386000,23.6(4.89 %),840,19614000,20000,468000000,3450,49.0
05/01/2010,700,16670000,23(-2.54 %),700,16670000,0,0,2750,49.0
06/01/2010,900,20702000,23.4(1.74 %),900,20702000,0,0,1850,49.0
07/01/2010,1000,22800000,22.9(-2.14 %),1000,22800000,0,0,850,49.0
08/01/2010,2300,52470000,22.5(-1.75 %),2300,52470000,0,0,0,49.0
11/01/2010,-1000,-22500000,22.2(-1.33 %),0,0,1000,22500000,0,49.0
12/01/2010,-3860,-85692000,21.2(-4.50 %),40,888000,3900,86580000,3410,49.0
13/01/2010,9090,192392000,21.2(0.00 %),9090,192392000,0,0,0,49.01
14/01/2010,0,0,22(3.77 %),0,0,0,0,0,49.01
15/01/2010,8190,176287000,21.2(-3.64 %),26910,571789000,18720,395502000,0,49.02
18/01/2010,4650,95054000,20.4(-3.77 %),7740,158199000,3090,63145000,0,49.02
19/01/2010,-2000,-41000000,20.5(0.49 %),100,2050000,2100,43050000,0,49.02
20/01/2010,-4950,-103700000,21(2.44 %),1000,20500000,5950,124200000,0,49.02
21/01/2010,-2240,-45920000,20.5(-2.38 %),0,0,2240,45920000,0,49.01
22/01/2010,20570,430941000,20.9(1.95 %),39000,817401000,18430,386460000,0,49.04
25/01/2010,-8110,-164135000,20.3(-2.87 %),860,17372000,8970,181507000,0,49.03
26/01/2010,-9080,-184188000,20.3(0.00 %),0,0,9080,184188000,0,49.02
27/01/2010,-2370,-47754000,19.6(-3.45 %),1250,25070000,3620,72824000,0,49.01
28/01/2010,2280,46724000,20.3(3.57 %),9780,199044000,7500,152320000,0,49.02
29/01/2010,18950,394455000,21.3(4.93 %),26050,540185000,7100,145730000,0,49.04
01/02/2010,37020,814721000,22.3(4.69 %),38220,841481000,1200,26760000,0,49.09
02/02/2010,600,13620000,21.5(-3.59 %),600,13620000,0,0,0,49.09
03/02/2010,2270,48604000,21.2(-1.40 %),2270,48604000,0,0,0,49.09
04/02/2010,11500,251650000,21.9(3.30 %),11500,251650000,0,0,0,49.11
05/02/2010,10100,221700000,21.4(-2.28 %),10100,221700000,0,0,0,49.12
08/02/2010,0,0,21.5(0.47 %),0,0,0,0,0,49.12
09/02/2010,3590,79578000,20.6(-4.19 %),3590,79578000,0,0,0,49.13
10/02/2010,380,8160000,21.4(3.88 %),380,8160000,0,0,0,49.13
11/02/2010,-3030,-67622000,22.4(4.67 %),0,0,3030,67622000,0,49.12
12/02/2010,11000,249400000,22.7(1.34 %),11000,249400000,0,0,0,49.14
22/02/2010,-1450,-33060000,22.8(0.44 %),600,13680000,2050,46740000,0,49.14
23/02/2010,0,0,22.5(-1.32 %),0,0,0,0,0,49.14
24/02/2010,3950,90135000,22.5(0.00 %),4250,97115000,300,6980000,0,49.14
25/02/2010,0,0,22.9(1.78 %),0,0,0,0,0,49.14
26/02/2010,0,0,23(0.44 %),0,0,0,0,16987508,49.14
01/03/2010,-8690,-197924000,23(0.00 %),2710,62308000,11400,260232000,16996198,26.49
02/03/2010,-550,-12545000,23(0.00 %),500,11580000,1050,24125000,16996748,26.49
03/03/2010,6370,147151000,23(0.00 %),6370,147151000,0,0,16990378,26.5
04/03/2010,6130,142022000,23.2(0.87 %),56220,1299182000,50090,1157160000,16984248,26.5
05/03/2010,-2090,-47390000,23(-0.86 %),4800,111150000,6890,158540000,16986338,26.5
08/03/2010,810,18723000,22.3(-3.04 %),810,18723000,0,0,16985528,26.5
09/03/2010,970,21825000,22.3(0.00 %),3270,73575000,2300,51750000,16984558,26.5
10/03/2010,-7000,-154023000,22.5(0.90 %),3000,66500000,10000,220523000,16991558,26.49
11/03/2010,-50,-1150000,22.5(0.00 %),0,0,50,1150000,16991608,26.49
12/03/2010,0,0,22.6(0.44 %),0,0,0,0,16991608,26.49
15/03/2010,-300,-6730000,22.6(0.00 %),100,2270000,400,9000000,16991908,26.49
16/03/2010,-3840,-83780000,21.7(-3.98 %),360,7920000,4200,91700000,16995748,26.49
17/03/2010,-11530,-251713000,21.7(0.00 %),970,21049000,12500,272762000,17007278,26.47
18/03/2010,-1600,-34780000,21.8(0.46 %),1400,30620000,3000,65400000,17008878,26.47
19/03/2010,600,13320000,21.9(0.46 %),600,13320000,0,0,17008278,26.47
22/03/2010,7460,156004000,22.2(1.37 %),7460,156004000,0,0,17000818,26.48
23/03/2010,0,0,21.6(-2.70 %),0,0,0,0,17000818,26.48
24/03/2010,2200,47512000,21.8(0.93 %),2200,47512000,0,0,16998618,26.49
25/03/2010,-900,-19350000,21(-3.67 %),0,0,900,19350000,16999518,26.48
26/03/2010,-34470,-690132000,20(-4.76 %),3060,64290000,37530,754422000,17033988,26.44
29/03/2010,770,15422000,20.2(1.00 %),770,15422000,0,0,17033218,26.44
30/03/2010,0,0,20(-0.99 %),0,0,0,0,17033218,26.44
31/03/2010,-15510,-314005000,20.2(1.00 %),5360,108344000,20870,422349000,17048728,26.42
01/04/2010,-18920,-377472000,20.4(0.99 %),26750,527150000,45670,904622000,17067648,26.39
02/04/2010,-21800,-441945000,20.2(-0.98 %),4500,91200000,26300,533145000,17089448,26.36
05/04/2010,-12710,-257863000,20.3(0.50 %),500,10100000,13210,267963000,17102158,26.35
06/04/2010,-8500,-175400000,20.2(-0.49 %),55000,1100000000,63500,1275400000,17110658,26.34
07/04/2010,-45290,-900049000,19.8(-1.98 %),24000,479300000,69290,1379349000,17155948,26.28
08/04/2010,-106030,-2163401000,20.7(4.55 %),300,6000000,106330,2169401000,17261978,26.14
09/04/2010,37530,784731000,21(1.45 %),55840,1178396000,18310,393665000,17224448,26.19
12/04/2010,27120,593434000,21(0.00 %),47120,999404000,20000,405970000,17197328,26.22
13/04/2010,-2040,-40924000,20.6(-1.90 %),17960,370155000,20000,411079000,17199368,26.22
14/04/2010,12090,249060000,20.5(-0.49 %),14830,305230000,2740,56170000,17187278,26.24
15/04/2010,-19360,-390880000,20.6(0.49 %),1000,20500000,20360,411380000,17206638,26.21
16/04/2010,960,19680000,20.5(-0.49 %),20960,429680000,20000,410000000,17205678,26.21
19/04/2010,-25400,-521426000,20.7(0.98 %),4600,94300000,30000,615726000,17231078,26.18
20/04/2010,-30690,-631056000,20.5(-0.97 %),0,0,30690,631056000,17261768,26.14
21/04/2010,-18950,-391573000,21(2.44 %),20050,418622000,39000,810195000,17280718,26.11
22/04/2010,-28000,-581438000,21.1(0.48 %),2000,42200000,30000,623638000,17308718,26.07
26/04/2010,-33190,-724320000,22.1(4.74 %),28110,598228000,61300,1322548000,17341908,26.03
27/04/2010,-38740,-897338000,23.2(4.98 %),2660,60162000,41400,957500000,17380648,25.98
28/04/2010,-50000,-1186575000,24.3(4.74 %),0,0,50000,1186575000,17430648,25.91
29/04/2010,-194000,-4947000000,25.5(4.94 %),0,0,194000,4947000000,17624648,25.66
04/05/2010,-70900,-1761769000,25(-1.96 %),1100,27270000,72000,1789039000,17695548,25.56
05/05/2010,600,14340000,23.8(-4.80 %),600,14340000,0,0,17694948,25.56
06/05/2010,-21210,-490174000,24(0.84 %),10500,243800000,31710,733974000,17716158,25.53
07/05/2010,0,0,22.9(-4.58 %),0,0,0,0,17716158,25.53
10/05/2010,15100,333060000,22(-3.93 %),15100,333060000,0,0,17701058,25.55
11/05/2010,500,11500000,22.2(0.91 %),500,11500000,0,0,17700558,25.56
12/05/2010,16740,355839000,21.6(-2.70 %),16740,355839000,0,0,17683818,25.58
13/05/2010,8080,177411000,22.1(2.31 %),8580,188411000,500,11000000,17675738,25.59
14/05/2010,9820,214946000,22.4(1.36 %),9820,214946000,0,0,17665918,25.6
17/05/2010,220,4840000,21.7(-3.12 %),220,4840000,0,0,17665698,25.6
18/05/2010,720,15408000,22(1.38 %),720,15408000,0,0,17664978,25.6
19/05/2010,11470,246500000,21.6(-1.82 %),18470,397600000,7000,151100000,17653508,25.62
20/05/2010,-5920,-127872000,21.9(1.39 %),0,0,5920,127872000,17659428,25.61
21/05/2010,31500,667100000,20.9(-4.57 %),31500,667100000,0,0,17627928,25.65
24/05/2010,-4950,-108205000,21.9(4.78 %),50,1095000,5000,109300000,17632878,25.65
25/05/2010,0,0,22.5(2.74 %),0,0,0,0,17632878,25.65
26/05/2010,-43040,-917942000,21.7(1.88 %),10510,231218000,53550,1149160000,17675918,25.59
27/05/2010,-5990,-135985000,22.7(4.61 %),10,215000,6000,136200000,17681908,25.58
28/05/2010,520,11804000,23.2(2.20 %),520,11804000,0,0,17681388,25.58
31/05/2010,5500,124450000,23(-0.86 %),5500,124450000,0,0,17675888,25.59
01/06/2010,30,681000,21.9(-4.78 %),30,681000,0,0,17675858,25.59
02/06/2010,2950,62792000,21.6(-1.37 %),2950,62792000,0,0,17672908,25.59
03/06/2010,11600,254840000,22(1.85 %),11600,254840000,0,0,17661308,25.61
04/06/2010,700,15400000,22.3(1.36 %),700,15400000,0,0,17660608,25.61
07/06/2010,4360,92128000,21.2(-4.93 %),12450,263940000,8090,171812000,17656248,25.61
08/06/2010,-3350,-68578000,21.5(1.42 %),650,13822000,4000,82400000,17659598,25.61
09/06/2010,1900,40800000,21.5(0.00 %),5400,116100000,3500,75300000,17657698,25.61
10/06/2010,-1600,-34400000,21.5(0.00 %),0,0,1600,34400000,17659298,25.61
11/06/2010,3000,64500000,21.5(0.00 %),6300,135450000,3300,70950000,17656298,25.61
14/06/2010,-310,-6101000,21.5(0.00 %),2250,49000000,2560,55101000,17656608,25.61
15/06/2010,100,2150000,21.3(-0.93 %),100,2150000,0,0,17656508,25.61
16/06/2010,1100,23420000,21.3(0.00 %),1100,23420000,0,0,17655408,25.62
17/06/2010,-80,-1696000,21.1(-0.94 %),135360,2747988000,135440,2749684000,17655488,25.62
18/06/2010,1200,25440000,20.9(-0.95 %),1200,25440000,0,0,17666268,25.6
21/06/2010,400,8100000,21.9(4.78 %),1100,23430000,700,15330000,17653888,25.62
22/06/2010,-13580,-281087000,21(-4.11 %),14160,302292000,27740,583379000,17667468,25.6
23/06/2010,3200,67200000,20.9(-0.48 %),3400,71400000,200,4200000,17664268,25.6
24/06/2010,3500,74900000,20.8(-0.48 %),3500,74900000,0,0,17660768,25.61
25/06/2010,400,8260000,20.5(-1.44 %),400,8260000,0,0,17660368,25.61
28/06/2010,1650,32259000,20.9(1.95 %),4650,92859000,3000,60600000,17658718,25.61
29/06/2010,-240,-5190000,21(0.48 %),300,6150000,540,11340000,17658958,25.61
30/06/2010,40,834000,21.4(1.90 %),40,834000,0,0,17658918,25.61
01/07/2010,10000,205000000,20.5(-4.21 %),10000,205000000,0,0,17648918,25.62
02/07/2010,3260,66611000,20.5(0.00 %),3260,66611000,0,0,17645658,25.63
05/07/2010,300,5990000,20.1(-1.95 %),400,8000000,100,2010000,17645358,25.63
06/07/2010,-3460,-69200000,19.8(-1.49 %),0,0,3460,69200000,17648818,25.62
07/07/2010,0,0,20(1.01 %),0,0,0,0,17648818,25.62
08/07/2010,12000,240000000,20(0.00 %),12000,240000000,0,0,17636818,25.64
09/07/2010,0,0,20(0.00 %),0,0,0,0,17636818,25.64
12/07/2010,450,9000000,19.9(-0.50 %),450,9000000,0,0,17636368,25.64
13/07/2010,35270,719894000,20.7(4.02 %),35270,719894000,0,0,17601098,25.69
14/07/2010,2680,55746000,20.7(0.00 %),2680,55746000,0,0,17598418,25.69
15/07/2010,0,0,20.5(-0.97 %),0,0,0,0,17598418,25.69
16/07/2010,5550,110725000,19.9(-2.93 %),5550,110725000,0,0,17592868,25.7
19/07/2010,5720,113016000,19.8(-0.50 %),5720,113016000,0,0,17587148,25.71
20/07/2010,1340,26402000,20(1.01 %),1340,26402000,0,0,17585808,25.71
21/07/2010,1500,30000000,20(0.00 %),1500,30000000,0,0,17584308,25.71
22/07/2010,0,0,19.1(-4.50 %),0,0,0,0,17584308,25.71
23/07/2010,13190,247210000,18.5(-3.14 %),13190,247210000,0,0,17571118,25.73
26/07/2010,-100,-1940000,19.4(4.86 %),0,0,100,1940000,17571218,25.73
27/07/2010,-13080,-265624000,20.3(4.64 %),5000,101000000,18080,366624000,17584298,25.71
28/07/2010,900,18090000,19.3(-4.93 %),900,18090000,0,0,17583398,25.71
29/07/2010,0,0,19.4(0.52 %),0,0,0,0,17583398,25.71
30/07/2010,-9180,-182164000,19.8(2.06 %),510,9698000,9690,191862000,17592578,25.7
02/08/2010,800,15520000,19(-4.04 %),800,15520000,0,0,17591778,25.7
03/08/2010,0,0,18.8(-1.05 %),0,0,0,0,17591778,25.7
04/08/2010,210,3912000,18.2(-3.19 %),210,3912000,0,0,17591568,25.7
05/08/2010,690,13132000,18.4(1.10 %),4000,75600000,3310,62468000,17590878,25.7
06/08/2010,-2370,-42547000,18.5(0.54 %),1500,27600000,3870,70147000,17593248,25.7
09/08/2010,1000,18000000,18.8(1.62 %),1000,18000000,0,0,17592248,25.7
10/08/2010,11250,201575000,17.9(-4.79 %),11250,201575000,0,0,17580998,25.71
11/08/2010,-250,-4400000,17.9(0.00 %),0,0,250,4400000,0,49.0
12/08/2010,1040,17792000,17.1(-4.47 %),1040,17792000,0,0,17580208,25.71
13/08/2010,-1000,-17100000,17.1(0.00 %),0,0,1000,17100000,17581208,25.71
16/08/2010,0,0,17.8(4.09 %),0,0,0,0,17581208,25.71
17/08/2010,8050,143470000,17.8(0.00 %),8050,143470000,0,0,0,49.01
18/08/2010,9120,160852000,17.5(-1.69 %),9150,161380000,30,528000,17564038,25.74
19/08/2010,60,1058000,17.5(0.00 %),100,1750000,40,692000,17563978,25.74
20/08/2010,1130,19291000,18(2.86 %),1130,19291000,0,0,0,0.0
23/08/2010,1300,22510000,17.1(-5.00 %),1300,22510000,0,0,0,49.0
24/08/2010,3960,64764000,16.4(-4.09 %),5090,83974000,1130,19210000,0,49.01
25/08/2010,9340,148270000,15.6(-4.88 %),9340,148270000,0,0,0,0.0
26/08/2010,-11100,-170940000,15.2(-2.56 %),100,1560000,11200,172500000,11100,48.99
27/08/2010,-15610,-234092000,15.2(0.00 %),1390,21008000,17000,255100000,0,0.0
30/08/2010,-50760,-806007000,15.9(4.61 %),10020,159318000,60780,965325000,50760,48.93
31/08/2010,-31160,-491794000,16.2(1.89 %),0,0,31160,491794000,81920,48.89
01/09/2010,-8600,-142830000,16.8(3.70 %),500,7900000,9100,150730000,90520,48.88
06/09/2010,-84030,-1413745000,16.9(0.60 %),900,15300000,84930,1429045000,17732380,48.77
07/09/2010,-11060,-182852000,16.4(-2.96 %),4000,67200000,15060,250052000,185610,48.75
08/09/2010,-13190,-209153000,15.9(-3.05 %),660,10616000,13850,219769000,198800,48.74
09/09/2010,-2070,-35050000,16.4(3.14 %),11410,181322000,13480,216372000,200870,48.73
10/09/2010,35430,557732000,15.7(-4.27 %),35430,557732000,0,0,165440,48.78
13/09/2010,-3910,-60699000,15.7(0.00 %),7180,111694000,11090,172393000,169350,48.78
14/09/2010,-3700,-57870000,15.7(0.00 %),0,0,3700,57870000,173050,48.77
15/09/2010,-2400,-37180000,15.5(-1.27 %),100000,1550000000,102400,1587180000,175450,48.77
16/09/2010,-7000,-108100000,15.4(-0.65 %),0,0,7000,108100000,182450,48.76
17/09/2010,-7000,-110022000,15.9(3.25 %),0,0,7000,110022000,189450,48.75
20/09/2010,-24200,-386080000,15.9(0.00 %),1000,15800000,25200,401880000,213650,48.72
21/09/2010,-9000,-144500000,16.1(1.26 %),0,0,9000,144500000,222650,48.71
22/09/2010,-11000,-177024000,16.1(0.00 %),0,0,11000,177024000,233650,48.69
23/09/2010,-8010,-127316000,15.9(-1.24 %),0,0,8010,127316000,241660,48.68
24/09/2010,-8500,-135250000,16(0.63 %),0,0,8500,135250000,250160,48.67
27/09/2010,36000,576068000,16.3(1.88 %),36000,576068000,0,0,214160,48.72
28/09/2010,0,0,16.5(1.23 %),0,0,0,0,214160,48.72
29/09/2010,40980,689660000,16(-3.03 %),41000,690000000,20,340000,173180,48.77
30/09/2010,0,0,16.8(5.00 %),0,0,0,0,17731010,48.77
01/10/2010,6680,113668000,16.7(-0.60 %),6680,113668000,0,0,17724330,25.52
04/10/2010,18800,299490000,15.9(-4.79 %),18800,299490000,0,0,17705530,25.55
05/10/2010,10,154000,16.5(3.77 %),10,154000,0,0,17705520,25.55
06/10/2010,0,0,16.5(0.00 %),0,0,0,0,17705520,25.55
07/10/2010,4600,76050000,16.1(-2.42 %),4600,76050000,0,0,17700920,25.56
08/10/2010,1390,22240000,15.9(-1.24 %),1390,22240000,0,0,17699530,25.56
11/10/2010,400,6520000,15.9(0.00 %),400,6520000,0,0,17699130,25.56
12/10/2010,-450,-7110000,15.7(-1.26 %),0,0,450,7110000,17699580,25.56
13/10/2010,-7960,-123573000,16(1.91 %),0,0,7960,123573000,17707540,25.55
14/10/2010,0,0,15.6(-2.50 %),0,0,0,0,17707540,25.55
15/10/2010,2520,40320000,15.7(0.64 %),2800,44800000,280,4480000,17705020,25.55
18/10/2010,2860,44876000,15.7(0.00 %),2860,44876000,0,0,17702160,25.55
19/10/2010,13000,204100000,15.7(0.00 %),13000,204100000,0,0,17689160,25.57
20/10/2010,6000,94800000,15.6(-0.64 %),6000,94800000,0,0,17683160,25.58
21/10/2010,-500,-7798000,15.7(0.64 %),9000,139500000,9500,147298000,17683660,25.58
22/10/2010,-1700,-26810000,15.8(0.64 %),0,0,1700,26810000,17685360,25.58
25/10/2010,-3140,-49312000,15.8(0.00 %),200,3100000,3340,52412000,17688500,25.57
26/10/2010,-21460,-348843000,16.4(3.80 %),2000,32000000,23460,380843000,17709960,25.54
27/10/2010,3030,48583000,16(-2.44 %),3030,48583000,0,0,17706930,25.55
28/10/2010,200,3200000,16(0.00 %),200,3200000,0,0,17706730,25.55
29/10/2010,1800,29000000,16(0.00 %),1800,29000000,0,0,17704930,25.55
01/11/2010,3000,48000000,16(0.00 %),3000,48000000,0,0,17701930,25.55
02/11/2010,1000,15700000,16.1(0.62 %),1000,15700000,0,0,17700930,25.56
03/11/2010,2000,31800000,16.2(0.62 %),2000,31800000,0,0,17698930,25.56
04/11/2010,0,0,16.2(0.00 %),0,0,0,0,17698930,25.56
05/11/2010,500,8400000,16.7(3.09 %),500,8400000,0,0,17698430,25.56
08/11/2010,2940,48342000,16.7(0.00 %),2940,48342000,0,0,17695490,25.56
09/11/2010,2990,49135000,16.1(-3.59 %),3000,49300000,10,165000,17692500,25.57
10/11/2010,1500,23550000,16.5(2.48 %),1500,23550000,0,0,17691000,25.57
11/11/2010,0,0,16.4(-0.61 %),0,0,0,0,17691000,25.57
12/11/2010,710,11644000,15.6(-4.88 %),710,11644000,0,0,17690290,25.57
15/11/2010,6950,108070000,15.3(-1.92 %),6950,108070000,0,0,17683340,25.58
16/11/2010,-200,-3200000,16(4.58 %),0,0,200,3200000,17683540,25.58
17/11/2010,0,0,16.1(0.62 %),0,0,0,0,17683540,25.58
18/11/2010,-400,-6470000,16.1(0.00 %),300,4800000,700,11270000,17683940,25.58
19/11/2010,8690,138502000,15.8(-1.86 %),8690,138502000,0,0,17675250,25.59
22/11/2010,20,302000,15.6(-1.27 %),20,302000,0,0,17675230,25.59
23/11/2010,-1000,-15600000,15.8(1.28 %),0,0,1000,15600000,17676230,25.59
24/11/2010,80,1208000,15.7(-0.63 %),80,1208000,0,0,17676150,25.59
25/11/2010,1000,15618000,15.5(-1.27 %),1000,15618000,0,0,17675150,25.59
26/11/2010,1000,15500000,16(3.23 %),1000,15500000,0,0,17674150,25.59
29/11/2010,0,0,15.5(-3.12 %),0,0,0,0,17674150,25.59
30/11/2010,-100,-1560000,15.6(0.65 %),0,0,100,1560000,17674250,25.59
01/12/2010,10,156000,15.5(-0.64 %),10,156000,0,0,17674240,25.59
02/12/2010,-140,-2170000,15.8(1.94 %),0,0,140,2170000,17674380,25.59
03/12/2010,12100,194060000,16.1(1.90 %),12100,194060000,0,0,17662280,25.61
06/12/2010,-100,-1600000,16(-0.62 %),0,0,100,1600000,17662380,25.61
07/12/2010,0,0,15.7(-1.88 %),0,0,0,0,17662380,25.61
08/12/2010,15180,236190000,15.6(-0.64 %),15180,236190000,0,0,17647200,25.63
09/12/2010,-5070,-78746000,15.7(0.64 %),1610,24794000,6680,103540000,17652270,25.62
10/12/2010,10050,157070000,16.4(4.46 %),80050,1263070000,70000,1106000000,17642220,25.63
13/12/2010,-10620,-181402000,17(3.66 %),4230,70838000,14850,252240000,17652840,25.62
14/12/2010,55370,943404000,17.1(0.59 %),57000,971440000,1630,28036000,17597470,25.69
15/12/2010,17430,296661000,17(-0.58 %),17430,296661000,0,0,17580040,25.72
16/12/2010,31740,515788000,16.9(-0.59 %),32140,522268000,400,6480000,17548300,25.76
17/12/2010,15230,249966000,16.4(-2.96 %),15230,249966000,0,0,17533070,25.78
20/12/2010,0,0,16.2(-1.22 %),0,0,0,0,17533070,25.78
21/12/2010,49050,791614000,16.2(0.00 %),49050,791614000,0,0,17484020,25.84
22/12/2010,38570,626192000,16.3(0.62 %),38570,626192000,0,0,17445450,25.89
23/12/2010,1000,16200000,16.4(0.61 %),1000,16200000,0,0,17444450,25.89
24/12/2010,0,0,16.3(-0.61 %),0,0,0,0,17444450,25.89
27/12/2010,1100,17820000,16.6(1.84 %),1100,17820000,0,0,17443350,25.9
28/12/2010,0,0,15.9(-4.22 %),0,0,0,0,17443350,25.9
29/12/2010,0,0,16.2(1.89 %),0,0,0,0,17443350,25.9
30/12/2010,17700,273250000,15.4(-4.94 %),19350,299650000,1650,26400000,17425650,25.92
31/12/2010,0,0,15.5(0.65 %),0,0,0,0,17425650,25.92
04/01/2011,1000,15700000,15.7(1.29 %),1000,15700000,0,0,17424650,25.92
05/01/2011,1680,26040000,15.5(-1.27 %),4650,72075000,2970,46035000,17422970,25.92
06/01/2011,12200,187903000,15.4(-0.65 %),13200,203403000,1000,15500000,17410770,25.94
07/01/2011,9080,140420000,15.2(-1.30 %),9090,140573000,10,153000,17401690,25.95
10/01/2011,-29500,-445450000,15(-1.32 %),500,7550000,30000,453000000,17431190,25.91
11/01/2011,600,8970000,14.9(-0.67 %),600,8970000,0,0,17430590,25.91
12/01/2011,15400,229890000,14.9(0.00 %),15400,229890000,0,0,17415190,25.93
13/01/2011,2390,35950000,15.2(2.01 %),2390,35950000,0,0,17412800,25.94
14/01/2011,44560,682556000,15.2(0.00 %),44560,682556000,0,0,17368240,26.0
17/01/2011,3490,53548000,15.2(0.00 %),3490,53548000,0,0,17364750,26.0
18/01/2011,-2300,-34750000,15(-1.32 %),1030,15557000,3330,50307000,17367050,26.0
19/01/2011,-2810,-42379000,15(0.00 %),4600,69000000,7410,111379000,17369860,25.99
20/01/2011,-1410,-21150000,15(0.00 %),1800,27000000,3210,48150000,17371270,25.99
21/01/2011,8590,129752000,15(0.00 %),10230,154680000,1640,24928000,17362680,26.0
24/01/2011,11960,180474000,14.9(-0.67 %),11960,180474000,0,0,17350720,26.02
25/01/2011,200,3000000,15(0.67 %),200,3000000,0,0,17350520,26.02
26/01/2011,8070,122650000,15.3(2.00 %),8070,122650000,0,0,17342450,28.12
27/01/2011,0,0,15.3(0.00 %),0,0,0,0,17342450,26.03
28/01/2011,300,4590000,15.7(2.61 %),300,4590000,0,0,17342150,26.03
08/02/2011,-410,-7070000,15.8(0.64 %),3040,47128000,3450,54198000,17342560,26.03
09/02/2011,0,0,16.1(1.90 %),0,0,0,0,17342560,26.03
10/02/2011,-800,-12920000,15.6(-3.11 %),200,3180000,1000,16100000,17343360,26.03
11/02/2011,0,0,15.6(0.00 %),0,0,0,0,17343360,26.03
14/02/2011,0,0,15.7(0.64 %),0,0,0,0,17343360,26.03
15/02/2011,100,1550000,15.7(0.00 %),100,1550000,0,0,17343260,26.03
16/02/2011,3000,46500000,15.3(-2.55 %),3000,46500000,0,0,17340260,26.03
17/02/2011,0,0,14.9(-2.61 %),0,0,0,0,17340260,26.03
18/02/2011,7500,112300000,14.8(-0.67 %),7500,112300000,0,0,17332760,26.04
21/02/2011,-670,-9814000,14.8(0.00 %),330,4686000,1000,14500000,17333430,26.04
22/02/2011,-21510,-303452000,14.1(-4.73 %),0,0,21510,303452000,17354940,26.01
23/02/2011,-800,-11182000,14.4(2.13 %),2400,33840000,3200,45022000,17355740,26.01
24/02/2011,1000,13800000,13.9(-3.47 %),1000,13800000,0,0,17354740,26.01
25/02/2011,0,0,14.2(2.16 %),0,0,0,0,17354740,26.01
28/02/2011,10500,149100000,14.2(0.00 %),10500,149100000,0,0,17344240,26.03
01/03/2011,0,0,14.2(0.00 %),0,0,0,0,17344240,26.03
02/03/2011,6340,90028000,13.8(-2.82 %),6340,90028000,0,0,17337900,26.04
03/03/2011,-220,-3036000,13.8(0.00 %),750,10350000,970,13386000,0,0.0
04/03/2011,17920,247596000,13.7(-0.72 %),18920,261096000,1000,13500000,0,0.0
07/03/2011,0,0,14.2(3.65 %),0,0,0,0,0,0.0
08/03/2011,-3100,-42700000,13.5(-4.93 %),0,0,3100,42700000,0,0.0
09/03/2011,-2730,-36895000,13.3(-1.48 %),270,3605000,3000,40500000,0,0.0
10/03/2011,-7410,-97832000,13.4(0.75 %),1990,25970000,9400,123802000,0,0.0
11/03/2011,0,0,13.7(2.24 %),0,0,0,0,0,0.0
14/03/2011,0,0,13.7(0.00 %),0,0,0,0,0,0.0
15/03/2011,0,0,13.6(-0.73 %),0,0,0,0,0,0.0
16/03/2011,-2280,-30840000,13.6(0.00 %),500,6600000,2780,37440000,17350868,26.02
17/03/2011,-4090,-53780000,13.2(-2.94 %),1930,25090000,6020,78870000,17354958,26.01
18/03/2011,3610,45591000,13.1(-0.76 %),5000,63800000,1390,18209000,17351348,26.02
21/03/2011,-1610,-21413000,13.3(1.53 %),0,0,1610,21413000,17352958,26.02
22/03/2011,-1500,-19700000,13.4(0.75 %),0,0,1500,19700000,17354458,26.01
23/03/2011,-2150,-28525000,13.3(-0.75 %),1000,13400000,3150,41925000,17356608,26.01
24/03/2011,-8900,-117080000,13.2(-0.75 %),400,5280000,9300,122360000,17365508,26.0
25/03/2011,1820,23576000,12.8(-3.03 %),12750,167852000,10930,144276000,17363688,26.0
28/03/2011,0,0,13.2(3.12 %),0,0,0,0,17363688,26.0
29/03/2011,280,3584000,13.2(0.00 %),280,3584000,0,0,17363408,26.0
30/03/2011,3000,39600000,13.2(0.00 %),3000,39600000,0,0,17360408,26.01
31/03/2011,-1500,-19704000,13.1(-0.76 %),500,6400000,2000,26104000,17361908,26.0
01/04/2011,-200,-2600000,13(-0.76 %),0,0,200,2600000,17362188,26.0
04/04/2011,200,2480000,12.8(-1.54 %),1000,12800000,800,10320000,17361988,26.0
05/04/2011,2000,25600000,12.8(0.00 %),2000,25600000,0,0,17359988,26.01
06/04/2011,-410,-5330000,13(1.56 %),0,0,410,5330000,17360398,26.01
07/04/2011,0,0,12.8(-1.54 %),0,0,0,0,17360398,26.01
08/04/2011,610,7808000,12.9(0.78 %),3000,38400000,2390,30592000,17359788,26.01
13/04/2011,-1010,-13029000,12.9(0.00 %),0,0,1010,13029000,17360798,26.01
14/04/2011,2000,25800000,12.8(-0.78 %),2000,25800000,0,0,17358798,26.01
15/04/2011,6030,77794000,12.8(0.00 %),10930,140997000,4900,63203000,17352768,26.02
18/04/2011,10000,125000000,12.8(0.00 %),10000,125000000,0,0,17342768,26.03
19/04/2011,0,0,12.8(0.00 %),0,0,0,0,17342768,26.03
20/04/2011,-640,-8192000,12.9(0.78 %),100,1280000,740,9472000,17343408,26.03
21/04/2011,0,0,12.9(0.00 %),0,0,0,0,17343408,26.03
22/04/2011,0,0,12.8(-0.78 %),0,0,0,0,17343408,26.03
25/04/2011,400,5080000,13(1.56 %),400,5080000,0,0,17343008,26.03
26/04/2011,-1020,-12852000,12.9(-0.77 %),0,0,1020,12852000,17344028,26.03
27/04/2011,0,0,13(0.78 %),0,0,0,0,17344028,26.03
28/04/2011,0,0,13(0.00 %),0,0,0,0,17344028,26.03
29/04/2011,8630,112190000,13.1(0.77 %),8630,112190000,0,0,17335398,26.04
04/05/2011,0,0,13.3(1.53 %),0,0,0,0,17337598,26.04
05/05/2011,1300,17290000,13.3(0.00 %),1300,17290000,0,0,17336298,26.04
06/05/2011,16000,212800000,13.3(0.00 %),16000,212800000,0,0,17320298,26.06
09/05/2011,10060,134398000,13.3(0.00 %),10060,134398000,0,0,17310238,26.07
10/05/2011,5500,73150000,13.3(0.00 %),5500,73150000,0,0,17304738,26.08
11/05/2011,6000,79800000,12.9(-3.01 %),6000,79800000,0,0,17298738,26.09
12/05/2011,0,0,13(0.78 %),0,0,0,0,17298738,26.09
13/05/2011,300,3900000,13.3(2.31 %),300,3900000,0,0,17298438,26.09
16/05/2011,14600,197700000,13.9(4.51 %),14600,197700000,0,0,17283838,26.11
17/05/2011,0,0,13.9(0.00 %),0,0,0,0,17283838,26.11
18/05/2011,7000,97180000,13.8(-0.72 %),7000,97180000,0,0,17276838,26.12
19/05/2011,500,6600000,13.7(-0.72 %),500,6600000,0,0,17276338,26.12
20/05/2011,5600,74440000,13.6(-0.73 %),5600,74440000,0,0,17270738,26.12
23/05/2011,6500,78630000,11.5(-4.96 %),6500,78630000,0,0,17264238,26.13
24/05/2011,-3400,-38220000,11(-4.35 %),700,7700000,4100,45920000,17267638,26.13
25/05/2011,7400,79700000,10.5(-4.55 %),7400,79700000,0,0,17260238,26.14
26/05/2011,-15940,-161936000,11(4.76 %),100,1000000,16040,162936000,17276178,26.12
27/05/2011,3420,39030000,11.2(1.82 %),5420,61330000,2000,22300000,17272758,26.12
30/05/2011,1120,12544000,11.2(0.00 %),1400,15680000,280,3136000,17271638,26.12
31/05/2011,-9960,-108436000,11.1(-0.89 %),2000,22396000,11960,130832000,17281598,26.11
01/06/2011,-10600,-117265000,10.9(-1.80 %),1900,20940000,12500,138205000,17267358,26.13
02/06/2011,100,1130000,11.1(1.83 %),100,1130000,0,0,17267258,26.13
03/06/2011,10230,116513000,11.4(2.70 %),11630,132593000,1400,16080000,17257028,26.14
06/06/2011,8290,95273000,11.3(-0.88 %),10290,118273000,2000,23000000,17248738,26.15
07/06/2011,-2000,-22800000,11.3(0.00 %),0,0,2000,22800000,17250738,26.15
08/06/2011,8800,101440000,11.3(0.00 %),10800,124840000,2000,23400000,17241938,26.16
09/06/2011,0,0,11.3(0.00 %),0,0,0,0,17241938,26.16
10/06/2011,1000,11200000,11.5(1.77 %),5000,57000000,4000,45800000,17240938,26.16
13/06/2011,-1000,-11500000,11.9(3.48 %),1000,11500000,2000,23000000,17241938,26.16
14/06/2011,-2010,-24115000,11.9(0.00 %),0,0,2010,24115000,17243948,26.16
15/06/2011,60,754000,11.6(-2.52 %),660,7834000,600,7080000,17243888,26.16
16/06/2011,-180,-2124000,11.8(1.72 %),0,0,180,2124000,17244068,26.16
17/06/2011,7850,93372000,11.6(-1.69 %),9070,108012000,1220,14640000,17236218,26.17
20/06/2011,0,0,11.5(-0.86 %),0,0,0,0,17236218,26.17
21/06/2011,400,4490000,11.7(1.74 %),400,4490000,0,0,17235818,26.17
22/06/2011,6050,69575000,12(2.56 %),6050,69575000,0,0,17229768,26.18
23/06/2011,0,0,11.8(-1.67 %),0,0,0,0,17229768,26.18
24/06/2011,140,1582000,11.8(0.00 %),140,1582000,0,0,17229628,26.18
27/06/2011,2900,34800000,11.9(0.85 %),3000,36000000,100,1200000,17226728,26.18
28/06/2011,0,0,12(0.84 %),0,0,0,0,17226728,26.18
29/06/2011,0,0,11.8(-1.67 %),0,0,0,0,17226728,26.18
30/06/2011,10,169000,11.6(-1.69 %),510,5869000,500,5700000,17226718,26.18
01/07/2011,30890,358389000,11.6(0.00 %),30890,358389000,0,0,17251058,26.15
04/07/2011,2900,33715000,11.9(2.59 %),2900,33715000,0,0,17248158,26.15
05/07/2011,-200,-2370000,12(0.84 %),0,0,200,2370000,17248358,26.15
06/07/2011,0,0,12(0.00 %),0,0,0,0,17248358,26.15
07/07/2011,-210,-2520000,11.9(-0.83 %),0,0,210,2520000,17248568,26.15
08/07/2011,4060,46504000,11.4(-4.20 %),4060,46504000,0,0,17244508,26.16
11/07/2011,-200,-2310000,11.6(1.75 %),0,0,200,2310000,17244708,26.16
12/07/2011,0,0,11.6(0.00 %),0,0,0,0,17244708,26.16
13/07/2011,13900,154840000,11.1(-4.31 %),13900,154840000,0,0,17230808,26.18
14/07/2011,500,5750000,11.4(2.70 %),500,5750000,0,0,17230308,26.18
15/07/2011,16650,189830000,11.1(-2.63 %),16650,189830000,0,0,17213658,26.2
18/07/2011,600,6420000,10.7(-3.60 %),600,6420000,0,0,17213058,26.2
19/07/2011,-350,-4395000,10.2(-4.67 %),2600,26970000,2950,31365000,17213408,26.2
20/07/2011,21120,213246000,10.2(0.00 %),21120,213246000,0,0,17192288,26.23
21/07/2011,1060,10282000,10(-1.96 %),1060,10282000,0,0,17191228,26.23
22/07/2011,150,1500000,9.8(-2.00 %),150,1500000,0,0,17191078,26.23
25/07/2011,2800,28440000,10.1(3.06 %),2800,28440000,0,0,17188278,26.23
26/07/2011,-7840,-78400000,10(-0.99 %),1900,19000000,9740,97400000,17196118,26.22
27/07/2011,100,1000000,10.1(1.00 %),100,1000000,0,0,17196018,26.22
28/07/2011,5000,48100000,10.1(0.00 %),5000,48100000,0,0,17191018,26.23
29/07/2011,15800,159080000,10(-0.99 %),15800,159080000,0,0,17175218,26.25
01/08/2011,11240,111492000,10(0.00 %),11240,111492000,0,0,17133588,26.31
02/08/2011,5500,55143000,10.1(1.00 %),5500,55143000,0,0,17128088,26.31
03/08/2011,0,0,10(-0.99 %),0,0,0,0,17128088,26.31
04/08/2011,5000,50188000,10.5(5.00 %),5000,50188000,0,0,17123088,26.32
05/08/2011,10010,105105000,10.5(0.00 %),10010,105105000,0,0,17113078,26.33
08/08/2011,0,0,10.4(-0.95 %),0,0,0,0,17113078,26.33
09/08/2011,0,0,10(-3.85 %),0,0,0,0,17113078,26.33
10/08/2011,7000,70000000,10.1(1.00 %),7000,70000000,0,0,17106078,26.34
11/08/2011,-5200,-50440000,10.3(1.98 %),0,0,5200,50440000,17111278,26.34
12/08/2011,5000,50700000,10.1(-1.94 %),5000,50700000,0,0,17106278,26.34
15/08/2011,200,2020000,10.1(0.00 %),200,2020000,0,0,17106078,26.34
16/08/2011,0,0,9.8(-2.97 %),0,0,0,0,17106078,26.34
17/08/2011,800,7840000,10.2(4.08 %),800,7840000,0,0,17105278,26.34
18/08/2011,0,0,10.7(4.90 %),0,0,0,0,17105278,26.34
19/08/2011,900,9630000,10.2(-4.67 %),900,9630000,0,0,17104378,26.35
22/08/2011,860,9030000,10.6(3.92 %),860,9030000,0,0,17103518,26.35
23/08/2011,640,6720000,10.6(0.00 %),640,6720000,0,0,17102878,26.35
24/08/2011,0,0,10.7(0.94 %),0,0,0,0,17102878,26.35
25/08/2011,-500,-5250000,10.6(-0.93 %),0,0,500,5250000,17103378,26.35
26/08/2011,10200,111180000,10.8(1.89 %),10200,111180000,0,0,17093178,26.36
29/08/2011,0,0,10.9(0.93 %),0,0,0,0,17093178,26.36
30/08/2011,2000,22200000,11.3(3.67 %),2000,22200000,0,0,17091178,26.36
31/08/2011,15600,179280000,11.2(-0.88 %),15600,179280000,0,0,17075578,26.38
01/09/2011,4750,52655000,11.3(0.89 %),4750,52655000,0,0,17075578,26.38
05/09/2011,0,0,11.3(0.00 %),0,0,0,0,17075578,26.38
06/09/2011,0,0,10.9(-3.54 %),0,0,0,0,17075578,26.38
07/09/2011,20000,221000000,10.9(0.00 %),20000,221000000,0,0,17055578,26.41
08/09/2011,-800,-9200000,11.4(4.59 %),1000,11000000,1800,20200000,17056378,26.41
09/09/2011,4500,51270000,11.7(2.63 %),4600,52440000,100,1170000,17051878,26.41
12/09/2011,-45500,-520900000,11.5(-1.71 %),1500,17250000,47000,538150000,17097378,26.35
13/09/2011,-29200,-337393000,11.5(0.00 %),100,1150000,29300,338543000,17126578,26.32
14/09/2011,-53150,-616866000,11.6(0.87 %),10100,116150000,63250,733016000,17179728,26.25
15/09/2011,-3010,-34914000,11.4(-1.72 %),0,0,3010,34914000,17182738,26.24
16/09/2011,-23830,-262083000,10.9(-4.39 %),3190,36685000,27020,298768000,17206568,26.21
19/09/2011,-4530,-49476000,10.9(0.00 %),0,0,4530,49476000,17211098,26.2
20/09/2011,-17110,-184358000,10.7(-1.83 %),0,0,17110,184358000,17228208,26.18
21/09/2011,19000,205200000,10.8(0.93 %),19000,205200000,0,0,17209208,26.21
22/09/2011,-1500,-16050000,11(1.85 %),0,0,1500,16050000,17210708,26.2
23/09/2011,-280,-2996000,10.8(-1.82 %),0,0,280,2996000,17210988,26.2
26/09/2011,-100,-1080000,10.9(0.93 %),0,0,100,1080000,17211088,26.2
27/09/2011,-270,-2916000,11(0.92 %),0,0,270,2916000,17211358,26.2
28/09/2011,-100,-1150000,10.7(-2.73 %),100,1070000,200,2220000,17211458,26.2
29/09/2011,0,0,10.7(0.00 %),0,0,0,0,17211458,26.2
30/09/2011,0,0,10.3(-3.74 %),0,0,0,0,17211458,26.2
03/10/2011,-100,-1030000,10.2(-0.97 %),0,0,100,1030000,17206508,26.21
04/10/2011,0,0,10.4(1.96 %),0,0,0,0,17206508,26.21
05/10/2011,2560,26112000,10.6(1.92 %),2560,26112000,0,0,17203948,26.21
06/10/2011,-11200,-116415000,10.5(-0.94 %),0,0,11200,116415000,17215148,26.2
07/10/2011,0,0,10.4(-0.95 %),0,0,0,0,17215148,26.2
10/10/2011,0,0,10.5(0.96 %),0,0,0,0,17215148,26.2
11/10/2011,0,0,10.6(0.95 %),0,0,0,0,17215148,26.2
12/10/2011,0,0,10.5(-0.94 %),0,0,0,0,17215148,26.2
13/10/2011,7540,77650000,10.5(0.00 %),7670,79015000,130,1365000,17207608,26.21
14/10/2011,0,0,10.6(0.95 %),0,0,0,0,17207608,26.21
17/10/2011,6440,66976000,10.3(-2.83 %),6440,66976000,0,0,17201168,26.22
18/10/2011,1000,10000000,10(-2.91 %),1000,10000000,0,0,17200168,26.22
19/10/2011,1000,9900000,10.2(2.00 %),1000,9900000,0,0,17199168,26.22
20/10/2011,2930,29886000,10.2(0.00 %),3350,34170000,420,4284000,17196238,26.22
21/10/2011,5000,51500000,10.3(0.98 %),5000,51500000,0,0,17191238,26.23
24/10/2011,18270,188181000,10.3(0.00 %),18270,188181000,0,0,17172968,26.25
25/10/2011,-100,-1000000,10.3(0.00 %),0,0,100,1000000,17173068,26.25
26/10/2011,620,6200000,10(-2.91 %),620,6200000,0,0,17172448,26.26
27/10/2011,-38050,-375416000,9.8(-2.00 %),0,0,38050,375416000,17210498,26.2
28/10/2011,-14300,-137460000,10.2(4.08 %),20000,204000000,34300,341460000,17224798,26.19
31/10/2011,0,0,10.3(0.98 %),0,0,0,0,17224798,26.19
01/11/2011,0,0,10.3(0.00 %),0,0,0,0,17152748,26.28
02/11/2011,0,0,10.1(-1.94 %),0,0,0,0,17152748,26.28
03/11/2011,200,2020000,9.9(-1.98 %),200,2020000,0,0,17152548,26.28
04/11/2011,0,0,9.9(0.00 %),0,0,0,0,17152548,26.28
07/11/2011,6820,66118000,9.9(0.00 %),6820,66118000,0,0,17145728,26.29
08/11/2011,-1600,-15200000,9.8(-1.01 %),0,0,1600,15200000,17147328,26.29
09/11/2011,6400,62720000,9.5(-3.06 %),6400,62720000,0,0,17140928,26.3
10/11/2011,-207380,-1887158000,9.7(2.11 %),0,0,207380,1887158000,17348308,26.02
11/11/2011,-520,-4940000,9.9(2.06 %),0,0,520,4940000,17348828,26.02
14/11/2011,0,0,9.8(-1.01 %),0,0,0,0,17348828,26.02
15/11/2011,-1500,-14400000,9.8(0.00 %),0,0,1500,14400000,17350328,26.02
16/11/2011,-500,-4705000,9.8(0.00 %),0,0,500,4705000,17350828,26.02
17/11/2011,169400,1677355000,9.8(0.00 %),170000,1683000000,600,5645000,17181428,26.24
18/11/2011,-6850,-63920000,9.8(0.00 %),10090,95855000,16940,159775000,17188278,26.23
21/11/2011,3000,28200000,9.4(-4.08 %),3000,28200000,0,0,17185278,26.24
22/11/2011,-4000,-36800000,9.5(1.06 %),0,0,4000,36800000,17189278,26.23
23/11/2011,2630,24796000,9.5(0.00 %),2630,24796000,0,0,17186648,26.24
24/11/2011,-17780,-161973000,9.1(-4.21 %),4370,40204000,22150,202177000,17204428,26.21
25/11/2011,2000,17800000,9.4(3.30 %),2000,17800000,0,0,17202428,26.22
28/11/2011,-156170,-1408895000,9(-4.26 %),10000,90200000,166170,1499095000,17358598,26.01
29/11/2011,5160,45954000,8.9(-1.11 %),5700,50760000,540,4806000,17353438,26.02
30/11/2011,-113860,-971508000,9(1.12 %),214720,1829980000,328580,2801488000,17467298,25.86
01/12/2011,-1000,-9000000,9(0.00 %),0,0,1000,9000000,17244358,26.16
02/12/2011,-640,-5646000,8.9(-1.11 %),0,0,640,5646000,17244998,26.16
05/12/2011,-12900,-116340000,9.1(2.25 %),6100,54760000,19000,171100000,17257898,26.14
06/12/2011,-30760,-279624000,9.1(0.00 %),5300,48230000,36060,327854000,17288658,26.1
07/12/2011,-4070,-35666000,8.9(-2.20 %),5980,53074000,10050,88740000,17292728,26.1
08/12/2011,-890,-7654000,9.1(2.25 %),0,0,890,7654000,17293618,26.09
09/12/2011,-10,-91000,9.1(0.00 %),0,0,10,91000,17293628,26.09
12/12/2011,5260,46022000,9(-1.10 %),5360,46932000,100,910000,17288368,26.1
13/12/2011,-250,-2175000,8.6(-4.44 %),0,0,250,2175000,17288618,26.1
14/12/2011,7660,65854000,8.4(-2.33 %),9950,85290000,2290,19436000,17280958,26.11
15/12/2011,-770,-6257000,8.4(0.00 %),0,0,770,6257000,17281728,26.11
16/12/2011,-10590,-89174000,8.6(2.38 %),8500,71400000,19090,160574000,17292318,26.1
19/12/2011,0,0,8.9(3.49 %),0,0,0,0,17292318,26.1
20/12/2011,0,0,8.5(-4.49 %),0,0,0,0,17292318,26.1
21/12/2011,0,0,8.8(3.53 %),0,0,0,0,17292318,26.1
22/12/2011,-12910,-109735000,8.6(-2.27 %),0,0,12910,109735000,17305228,26.08
23/12/2011,100,850000,8.4(-2.33 %),100,850000,0,0,17305128,26.08
26/12/2011,270,2241000,8.4(0.00 %),270,2241000,0,0,17304858,26.08
27/12/2011,0,0,8(-4.76 %),0,0,0,0,17304858,26.08
28/12/2011,190,1520000,8.4(5.00 %),190,1520000,0,0,17304668,26.08
29/12/2011,0,0,8.7(3.57 %),0,0,0,0,17304668,26.08
30/12/2011,0,0,8.9(2.30 %),0,0,0,0,17304668,26.08
03/01/2012,2200,18710000,8.5(-4.49 %),2200,18710000,0,0,17600958,25.69
04/01/2012,610,5185000,8.9(4.71 %),6500,55250000,5890,50065000,17600348,25.69
05/01/2012,10000,85000000,8.7(-2.25 %),10000,85000000,0,0,17590348,25.7
06/01/2012,1290,11223000,8.6(-1.15 %),2600,22620000,1310,11397000,17589058,25.7
09/01/2012,600,4880000,8.2(-4.65 %),700,5740000,100,860000,17588458,25.7
10/01/2012,400,3280000,8.2(0.00 %),400,3280000,0,0,17588058,25.7
11/01/2012,4020,34172000,8.5(3.66 %),4200,35720000,180,1548000,17584038,25.71
12/01/2012,24500,201225000,8.5(0.00 %),24500,201225000,0,0,17559538,25.74
13/01/2012,-6060,-49390000,8.2(-3.53 %),1940,15724000,8000,65114000,17565598,25.73
16/01/2012,1530,12586000,8.5(3.66 %),9400,77120000,7870,64534000,17564068,25.74
17/01/2012,6900,57270000,8.5(0.00 %),6900,57270000,0,0,17557168,25.75
18/01/2012,0,0,8.3(-2.35 %),0,0,0,0,17557168,25.75
19/01/2012,1000,8200000,8.2(-1.20 %),1000,8200000,0,0,17556168,25.75
20/01/2012,2490,20845000,8.6(4.88 %),6000,50680000,3510,29835000,17553678,25.75
30/01/2012,6000,51600000,8.9(3.49 %),11000,94600000,5000,43000000,17547678,25.76
31/01/2012,100,860000,8.5(-4.49 %),100,860000,0,0,17547578,25.76
01/02/2012,3660,31320000,8.5(0.00 %),3660,31320000,0,0,17536868,25.77
02/02/2012,-90,-801000,8.7(2.35 %),0,0,90,801000,17536958,25.77
03/02/2012,30100,266990000,8.9(2.30 %),31100,275890000,1000,8900000,17506858,25.81
06/02/2012,16380,141430000,8.8(-1.12 %),16380,141430000,0,0,17490478,25.83
07/02/2012,5000,42500000,8.4(-4.55 %),5000,42500000,0,0,17485478,25.84
08/02/2012,-4020,-35708000,8.5(1.19 %),15990,134376000,20010,170084000,17489498,25.84
09/02/2012,0,0,8.6(1.18 %),0,0,0,0,17489498,25.84
10/02/2012,11500,100050000,8.6(0.00 %),11500,100050000,0,0,17477998,25.85
13/02/2012,23500,200200000,8.6(0.00 %),23500,200200000,0,0,17454498,25.88
14/02/2012,2900,24450000,8.5(-1.16 %),2900,24450000,0,0,17451598,25.89
15/02/2012,12700,108280000,8.6(1.18 %),13300,113440000,600,5160000,17438898,25.9
16/02/2012,14000,120400000,8.6(0.00 %),14000,120400000,0,0,17424898,25.92
17/02/2012,16790,144394000,8.6(0.00 %),17290,148694000,500,4300000,17408108,25.94
20/02/2012,16820,147806000,8.9(3.49 %),17100,150270000,280,2464000,17391288,25.97
21/02/2012,-30000,-272035000,9(1.12 %),0,0,30000,272035000,17421288,25.93
22/02/2012,-10900,-97018000,9.2(2.22 %),9700,88940000,20600,185958000,17432188,25.91
23/02/2012,-100,-900000,9.3(1.09 %),0,0,100,900000,17432288,25.91
24/02/2012,-20950,-193666000,9.1(-2.15 %),10200,95400000,31150,289066000,17453238,25.88
27/02/2012,-90820,-837137000,9.3(2.20 %),3960,36232000,94780,873369000,17544058,25.76
28/02/2012,-44070,-414665000,9.3(0.00 %),20000,189000000,64070,603665000,17588128,25.7
29/02/2012,33070,314185000,9.6(3.23 %),33070,314185000,0,0,17555058,25.75
01/03/2012,5010,48097000,10(4.17 %),5010,48097000,0,0,17401058,25.95
02/03/2012,-19460,-201920000,10.4(4.00 %),6390,65920000,25850,267840000,17420518,25.93
05/03/2012,-449770,-4862537000,10.9(4.81 %),0,0,449770,4862537000,17870288,25.33
06/03/2012,-149410,-1578747000,10.4(-4.59 %),21230,231160000,170640,1809907000,18019698,25.13
07/03/2012,-229750,-2283887000,9.9(-4.81 %),65030,655057000,294780,2938944000,18249448,24.83
08/03/2012,25870,251320000,9.9(0.00 %),25900,251620000,30,300000,18223578,24.86
09/03/2012,19790,197882000,9.5(-4.04 %),59790,581884000,40000,384002000,18203788,24.89
12/03/2012,-57570,-530767000,9.3(-2.11 %),1400,12970000,58970,543737000,18261358,24.81
13/03/2012,-49000,-469166000,9.7(4.30 %),0,0,49000,469166000,18310358,24.75
14/03/2012,-19500,-190450000,9.8(1.03 %),10500,102050000,30000,292500000,18329858,24.72
15/03/2012,-13970,-139320000,10(2.04 %),0,0,13970,139320000,18343828,24.7
16/03/2012,-42000,-422020000,9.9(-1.00 %),0,0,42000,422020000,18385828,24.65
19/03/2012,4000,38800000,9.7(-2.02 %),4000,38800000,0,0,18381828,24.65
20/03/2012,0,0,9.8(1.03 %),0,0,0,0,18381828,24.65
21/03/2012,-110090,-1106200000,10.1(3.06 %),43910,443000000,154000,1549200000,18491918,24.51
22/03/2012,-14720,-147200000,10.2(0.99 %),35280,352800000,50000,500000000,18506638,24.49
23/03/2012,34690,356924000,10.4(1.96 %),37870,389360000,3180,32436000,18471948,24.53
26/03/2012,-7630,-78552000,10.5(0.96 %),2370,24648000,10000,103200000,18479578,24.52
27/03/2012,-20660,-213881000,10.2(-2.86 %),0,0,20660,213881000,18500238,24.5
28/03/2012,4260,43526000,10.2(0.00 %),5000,51000000,740,7474000,18495978,24.5
29/03/2012,-12320,-124564000,10(-1.96 %),0,0,12320,124564000,18508298,24.49
30/03/2012,2340,22932000,10(0.00 %),2340,22932000,0,0,18505958,24.49
03/04/2012,0,0,10.1(1.00 %),0,0,0,0,18646738,24.3
04/04/2012,1810,18100000,10.4(2.97 %),1810,18100000,0,0,18644928,24.3
05/04/2012,0,0,10.4(0.00 %),0,0,0,0,18644928,24.3
06/04/2012,3500,36400000,10.4(0.00 %),3500,36400000,0,0,18641428,24.31
09/04/2012,-64000,-652917000,10.4(0.00 %),6000,62400000,70000,715317000,18705428,24.22
10/04/2012,-45030,-468312000,10.2(-1.92 %),20000,208000000,65030,676312000,18750458,24.16
11/04/2012,-74320,-777864000,10.7(4.90 %),19780,205806000,94100,983670000,18824778,24.07
12/04/2012,-2800,-30580000,11(2.80 %),2200,24420000,5000,55000000,18827578,24.06
13/04/2012,14300,157270000,10.9(-0.91 %),14300,157270000,0,0,18813278,24.08
16/04/2012,9000,98400000,11(0.92 %),9000,98400000,0,0,18804278,24.09
17/04/2012,-152800,-1682531000,11.4(3.64 %),4600,51000000,157400,1733531000,18957078,23.89
18/04/2012,-76550,-916645000,11.8(3.51 %),13900,159710000,90450,1076355000,19033628,23.79
19/04/2012,-73620,-838982000,11.3(-4.24 %),1000,11300000,74620,850282000,19107248,23.69
20/04/2012,-15980,-172406000,11(-2.65 %),46800,532180000,62780,704586000,19123228,23.67
23/04/2012,31590,360122000,11.5(4.55 %),142590,1632362000,111000,1272240000,19091638,23.71
24/04/2012,-28320,-327382000,11.6(0.87 %),0,0,28320,327382000,19119958,23.68
25/04/2012,-23780,-279348000,11.7(0.86 %),15000,174000000,38780,453348000,19143738,23.64
26/04/2012,-19000,-218300000,11.3(-3.42 %),5000,58500000,24000,276800000,19162738,23.62
27/04/2012,-51650,-590004000,11.5(1.77 %),1700,19210000,53350,609214000,19214388,23.55
02/05/2012,-71250,-800067000,11.5(0.00 %),10000,114100000,81250,914167000,19111318,23.69
03/05/2012,1500,17100000,11.3(-1.74 %),1500,17100000,0,0,19109818,23.69
04/05/2012,18990,222538000,11.8(4.42 %),19190,224838000,200,2300000,19090828,23.71
07/05/2012,-20100,-247230000,12.3(4.24 %),0,0,20100,247230000,19110928,23.69
08/05/2012,-110,-1419000,12.9(4.88 %),0,0,110,1419000,19111038,23.69
09/05/2012,-20830,-281525000,13.5(4.65 %),14270,192325000,35100,473850000,19131868,23.66
10/05/2012,-12210,-165669000,13.2(-2.22 %),18890,261761000,31100,427430000,19144078,23.64
11/05/2012,257130,3452771000,13.8(4.55 %),262230,3521111000,5100,68340000,18886948,23.98
14/05/2012,189290,2568079000,13.4(-2.90 %),206290,2799279000,17000,231200000,18697658,24.23
15/05/2012,-1050,-31031000,12.8(-4.48 %),164940,2137581000,165990,2168612000,18698708,24.23
16/05/2012,-34800,-436623000,12.7(-0.78 %),0,0,34800,436623000,18733508,24.19
17/05/2012,-66000,-834758000,12.3(-3.15 %),5000,64000000,71000,898758000,18799508,24.1
18/05/2012,10210,122571000,11.7(-4.88 %),71280,842018000,61070,719447000,18789298,24.11
21/05/2012,-371410,-4427520000,12.2(4.27 %),19100,226590000,390510,4654110000,19160708,23.62
22/05/2012,-2250,-27642000,11.6(-4.92 %),2820,34212000,5070,61854000,19162958,23.62
23/05/2012,28500,286050000,9.9(-4.81 %),39500,397350000,11000,111300000,19134458,23.66
24/05/2012,55480,529560000,9.5(-4.04 %),56250,536875000,770,7315000,19078978,23.73
25/05/2012,730,7123000,9.9(4.21 %),5730,56623000,5000,49500000,19078248,23.73
28/05/2012,1000,9700000,10(1.01 %),6000,60700000,5000,51000000,19077248,23.73
29/05/2012,18660,186600000,10(0.00 %),18760,187600000,100,1000000,19058588,23.76
30/05/2012,5100,51510000,10.2(2.00 %),5100,51510000,0,0,19053488,23.76
31/05/2012,2000,19600000,10(-1.96 %),2000,19600000,0,0,19051488,23.77
01/06/2012,6990,68902000,9.8(-2.00 %),7000,69000000,10,98000,19246758,23.51
04/06/2012,10000,94000000,9.4(-4.08 %),10000,94000000,0,0,19236758,23.52
05/06/2012,25660,235167000,9.6(2.13 %),25660,235167000,0,0,19221098,23.54
06/06/2012,-1970,-19109000,9.6(0.00 %),30,291000,2000,19400000,19223068,23.54
07/06/2012,-21800,-216028000,9.8(2.08 %),13640,134872000,35440,350900000,19244868,23.51
08/06/2012,21000,208200000,9.8(0.00 %),23000,228000000,2000,19800000,19223868,23.54
11/06/2012,30000,294000000,9.8(0.00 %),30000,294000000,0,0,19193868,23.58
12/06/2012,11890,112145000,9.5(-3.06 %),19990,189905000,8100,77760000,19181978,23.59
13/06/2012,5000,47500000,9.6(1.05 %),5000,47500000,0,0,19176978,23.6
14/06/2012,280,2688000,9.3(-3.12 %),280,2688000,0,0,19176698,23.6
15/06/2012,0,0,9.5(2.15 %),0,0,0,0,19176698,23.6
18/06/2012,10630,105017000,9.6(1.05 %),20630,202871000,10000,97854000,19166068,23.61
19/06/2012,10990,104564000,9.6(0.00 %),11500,109460000,510,4896000,19155078,23.63
20/06/2012,2000,19100000,9.7(1.04 %),2000,19100000,0,0,19153078,23.63
21/06/2012,2000,19200000,9.7(0.00 %),2000,19200000,0,0,19151078,23.63
22/06/2012,22900,222330000,9.6(-1.03 %),24900,241530000,2000,19200000,19128178,23.66
25/06/2012,20310,194199000,9.4(-2.08 %),20410,195159000,100,960000,19107868,23.69
26/06/2012,0,0,9.3(-1.06 %),0,0,0,0,19107868,23.69
27/06/2012,-26860,-249799000,9.5(2.15 %),4140,38502000,31000,288301000,19134728,23.66
28/06/2012,0,0,9.3(-2.11 %),0,0,0,0,19134728,23.66
29/06/2012,5100,47730000,9.4(1.08 %),5100,47730000,0,0,19129628,23.66
02/07/2012,21100,200450000,9.4(0.00 %),21100,200450000,0,0,19062648,23.75
03/07/2012,-3010,-26825000,9.1(-3.19 %),7090,65085000,10100,91910000,19065658,23.75
04/07/2012,20090,186837000,9.3(2.20 %),20090,186837000,0,0,19045568,23.77
05/07/2012,0,0,9.2(-1.08 %),0,0,0,0,19045568,23.77
06/07/2012,14270,132711000,9.4(2.17 %),14270,132711000,0,0,19031298,23.79
09/07/2012,26990,253906000,9.2(-2.13 %),26990,253906000,0,0,19004308,23.83
10/07/2012,-3470,-31826000,9.2(0.00 %),0,0,3470,31826000,19007778,23.82
11/07/2012,0,0,9.3(1.09 %),0,0,0,0,19007778,23.82
12/07/2012,0,0,9.1(-2.15 %),0,0,0,0,19007778,23.82
13/07/2012,-500,-4700000,9.4(3.30 %),0,0,500,4700000,19008278,23.82
16/07/2012,1000,9400000,9.3(-1.06 %),1000,9400000,0,0,19007278,23.82
17/07/2012,1020,9588000,9.4(1.08 %),1020,9588000,0,0,19006258,23.83
18/07/2012,5000,47000000,9.4(0.00 %),5000,47000000,0,0,19001258,23.83
19/07/2012,-500,-4900000,9.8(4.26 %),0,0,500,4900000,19001758,23.83
20/07/2012,0,0,9.7(-1.02 %),0,0,0,0,19001758,23.83
23/07/2012,0,0,9.3(-4.12 %),0,0,0,0,19001758,23.83
24/07/2012,2000,18600000,9.2(-1.08 %),2000,18600000,0,0,18999758,23.83
25/07/2012,0,0,9.1(-1.09 %),0,0,0,0,18999758,23.83
26/07/2012,500,4600000,9.2(1.10 %),500,4600000,0,0,18999258,23.84
27/07/2012,600,5580000,9(-2.17 %),600,5580000,0,0,18998658,23.84
30/07/2012,0,0,9.1(1.11 %),0,0,0,0,18998658,23.84
31/07/2012,0,0,9.3(2.20 %),0,0,0,0,18998658,23.84
01/08/2012,4500,40800000,9.1(-2.15 %),4500,40800000,0,0,19025158,23.8
02/08/2012,2940,27048000,9.2(1.10 %),4500,41400000,1560,14352000,19022218,23.81
03/08/2012,-30230,-271895000,9.3(1.09 %),3500,32050000,33730,303945000,19052448,23.76
06/08/2012,6800,63040000,9.3(0.00 %),6800,63040000,0,0,19045648,23.77
07/08/2012,3000,27800000,9.1(-2.15 %),3000,27800000,0,0,19042648,23.78
08/08/2012,6000,54700000,9.2(1.10 %),6000,54700000,0,0,19036648,23.79
09/08/2012,12000,110400000,9.3(1.09 %),12000,110400000,0,0,19024648,23.8
10/08/2012,3000,27800000,9.3(0.00 %),3000,27800000,0,0,19021648,23.81
13/08/2012,3800,35720000,9.2(-1.08 %),3800,35720000,0,0,19017848,23.81
14/08/2012,0,0,9.2(0.00 %),0,0,0,0,19017848,23.81
15/08/2012,100,920000,9.2(0.00 %),100,920000,0,0,19017748,23.81
16/08/2012,120,1102000,9.1(-1.09 %),120,1102000,0,0,19017628,23.81
17/08/2012,42220,391802000,9.1(0.00 %),54220,503402000,12000,111600000,18975408,23.87
20/08/2012,16780,155954000,9.2(1.10 %),16780,155954000,0,0,18958628,23.89
21/08/2012,2010,17692000,8.8(-4.35 %),2010,17692000,0,0,18956618,23.89
22/08/2012,44960,394138000,8.9(1.14 %),44960,394138000,0,0,18911658,23.95
23/08/2012,21000,182495000,8.5(-4.49 %),21000,182495000,0,0,18890658,23.98
24/08/2012,17400,144140000,8.8(3.53 %),17400,144140000,0,0,18873258,24.0
27/08/2012,3350,28240000,8.4(-4.55 %),3350,28240000,0,0,18869908,24.01
28/08/2012,10480,84730000,8.2(-2.38 %),10480,84730000,0,0,18859428,24.02
29/08/2012,13160,108074000,8.2(0.00 %),13160,108074000,0,0,18846268,24.04
30/08/2012,340,2790000,8.2(0.00 %),1340,10990000,1000,8200000,18845928,24.04
31/08/2012,0,0,8.2(0.00 %),0,0,0,0,18845928,24.04
04/09/2012,-8000,-65600000,8.1(-1.22 %),0,0,8000,65600000,18844928,24.04
05/09/2012,5900,47510000,7.9(-2.47 %),5900,47510000,0,0,18839028,24.05
06/09/2012,-4000,-31600000,8(1.27 %),0,0,4000,31600000,18843028,24.04
07/09/2012,4000,31900000,8.1(1.25 %),4000,31900000,0,0,18839028,24.05
10/09/2012,-5000,-39150000,7.8(-3.70 %),0,0,5000,39150000,18844028,24.04
11/09/2012,-5250,-40300000,8(2.56 %),0,0,5250,40300000,18849278,24.03
12/09/2012,4000,32400000,8.2(2.50 %),4000,32400000,0,0,18845278,24.04
13/09/2012,-3800,-31000000,8.2(0.00 %),200,1600000,4000,32600000,18849078,24.03
14/09/2012,-76000,-611550000,8.3(1.22 %),4000,32100000,80000,643650000,18925078,23.93
17/09/2012,24430,202769000,8.3(0.00 %),24430,202769000,0,0,18900648,23.97
18/09/2012,-2130,-17457000,8.2(-1.20 %),90,747000,2220,18204000,18902778,23.96
19/09/2012,0,0,8.1(-1.22 %),0,0,0,0,18902778,23.96
20/09/2012,0,0,8.1(0.00 %),0,0,0,0,18902778,23.96
21/09/2012,16200,131220000,8.2(1.23 %),16200,131220000,0,0,18886578,23.98
24/09/2012,0,0,8.1(-1.22 %),0,0,0,0,18886578,23.98
25/09/2012,-1130,-9033000,8.2(1.23 %),70,567000,1200,9600000,18887708,23.98
26/09/2012,0,0,8.1(-1.22 %),0,0,0,0,18887708,23.98
27/09/2012,0,0,8.1(0.00 %),0,0,0,0,18887708,23.98
28/09/2012,670,5396000,8(-1.23 %),670,5396000,0,0,18887038,23.98
01/10/2012,35510,291129000,8.2(2.50 %),35510,291129000,0,0,18916648,23.94
02/10/2012,3450,27600000,8.1(-1.22 %),3450,27600000,0,0,18913198,23.95
03/10/2012,-100,-810000,8.1(0.00 %),0,0,100,810000,18913298,23.95
04/10/2012,-1140,-9234000,8.1(0.00 %),0,0,1140,9234000,18914438,23.95
05/10/2012,160,1296000,8.1(0.00 %),160,1296000,0,0,18914278,23.95
08/10/2012,-2390,-19118000,8.2(1.23 %),10,82000,2400,19200000,18916668,23.94
09/10/2012,0,0,8.1(-1.22 %),0,0,0,0,18916668,23.94
10/10/2012,0,0,8.2(1.23 %),0,0,0,0,18916668,23.94
11/10/2012,-3050,-25010000,7.8(-4.88 %),0,0,3050,25010000,18919718,23.94
12/10/2012,-500,-4000000,8.1(3.85 %),0,0,500,4000000,18920218,23.94
15/10/2012,12540,100355000,8(-1.23 %),12540,100355000,0,0,18907678,23.96
16/10/2012,0,0,8.2(2.50 %),0,0,0,0,18907678,23.96
17/10/2012,-720,-5760000,8(-2.44 %),0,0,720,5760000,18908398,23.96
18/10/2012,-1520,-12160000,8.2(2.50 %),2000,16000000,3520,28160000,18909918,23.95
19/10/2012,8200,68260000,7.9(-3.66 %),8700,72210000,500,3950000,18901718,23.96
22/10/2012,200,1580000,7.9(0.00 %),200,1580000,0,0,18901518,23.96
23/10/2012,2000,16000000,7.9(0.00 %),2000,16000000,0,0,18899518,23.97
24/10/2012,6000,47200000,7.9(0.00 %),6000,47200000,0,0,18893518,23.98
25/10/2012,4000,31200000,7.7(-2.53 %),4000,31200000,0,0,18889518,23.98
26/10/2012,5060,39156000,7.7(0.00 %),7060,54356000,2000,15200000,18884458,16.52
29/10/2012,100,780000,7.7(0.00 %),100,780000,0,0,18884358,23.99
30/10/2012,10230,78771000,7.6(-1.30 %),10230,78771000,0,0,18874128,24.0
31/10/2012,7720,58600000,7.8(2.63 %),7720,58600000,0,0,18866408,24.01
01/11/2012,-2290,-17101000,7.8(0.00 %),370,2849000,2660,19950000,18866038,24.01
02/11/2012,11000,82500000,7.5(-3.85 %),11000,82500000,0,0,18855038,24.03
05/11/2012,16360,122664000,7.3(-2.67 %),16360,122664000,0,0,18838678,24.05
06/11/2012,6610,48593000,7.4(1.37 %),10010,73073000,3400,24480000,18832068,24.06
07/11/2012,50,360000,7.4(0.00 %),50,360000,0,0,18832018,24.06
08/11/2012,-3000,-21900000,7.4(0.00 %),0,0,3000,21900000,18835018,24.05
09/11/2012,2000,14800000,7.4(0.00 %),2000,14800000,0,0,18833018,24.06
12/11/2012,1500,11040000,7.5(1.35 %),1500,11040000,0,0,18831518,24.06
13/11/2012,0,0,7.5(0.00 %),0,0,0,0,18831518,24.06
14/11/2012,-1000,-7500000,7.6(1.33 %),0,0,1000,7500000,18832518,24.06
15/11/2012,20,148000,7.4(-2.63 %),20,148000,0,0,18832498,24.06
16/11/2012,19700,145780000,7.5(1.35 %),20500,151700000,800,5920000,18812798,24.08
19/11/2012,3450,25779000,7.5(0.00 %),3450,25779000,0,0,18809348,24.09
20/11/2012,0,0,7.5(0.00 %),0,0,0,0,18809348,24.09
21/11/2012,40000,300000000,7.5(0.00 %),40000,300000000,0,0,18769348,24.14
22/11/2012,0,0,7.5(0.00 %),0,0,0,0,18769348,24.14
23/11/2012,0,0,7.5(0.00 %),0,0,0,0,18769348,24.14
26/11/2012,7260,54450000,7.5(0.00 %),7260,54450000,0,0,18762088,24.15
27/11/2012,37200,284440000,7.5(0.00 %),37200,284440000,0,0,18724888,24.2
28/11/2012,4400,33190000,7.6(1.33 %),20400,154740000,16000,121550000,18720488,24.2
29/11/2012,220,1672000,7.6(0.00 %),220,1672000,0,0,18720268,24.2
30/11/2012,7720,58672000,7.6(0.00 %),7720,58672000,0,0,18712548,24.22
03/12/2012,480,3560000,7.5(-1.32 %),480,3560000,0,0,18698728,24.23
04/12/2012,10040,75296000,7.5(0.00 %),13040,97496000,3000,22200000,18688688,24.25
05/12/2012,3270,24504000,7.6(1.33 %),3500,26250000,230,1746000,18685418,24.25
06/12/2012,0,0,7.5(-1.32 %),0,0,0,0,18685418,24.25
07/12/2012,-23100,-173250000,7.5(0.00 %),5000,37000000,28100,210250000,18708518,24.22
10/12/2012,4260,32000000,7.8(4.00 %),4260,32000000,0,0,18704258,24.23
11/12/2012,3000,22800000,7.6(-2.56 %),3000,22800000,0,0,18701258,24.23
12/12/2012,9300,71540000,7.8(2.63 %),10000,77000000,700,5460000,18691958,24.24
13/12/2012,2000,15400000,7.7(-1.28 %),2000,15400000,0,0,18689958,24.25
14/12/2012,-3000,-23100000,7.7(0.00 %),0,0,3000,23100000,18694958,24.24
17/12/2012,-1080,-8100000,7.6(-1.30 %),5000,37500000,6080,45600000,18696038,24.24
18/12/2012,2570,19174000,7.6(0.00 %),4580,34450000,2010,15276000,18693468,24.24
19/12/2012,7900,60040000,7.6(0.00 %),20890,158764000,12990,98724000,18685568,24.25
20/12/2012,0,0,7.6(0.00 %),0,0,0,0,18685568,24.25
21/12/2012,11600,88000000,7.6(0.00 %),11600,88000000,0,0,18673968,24.27
24/12/2012,310,2355000,7.6(0.00 %),310,2355000,0,0,18673658,24.27
25/12/2012,2000,15200000,7.7(1.32 %),2000,15200000,0,0,18671658,24.27
26/12/2012,31000,236700000,7.9(2.60 %),31000,236700000,0,0,18640658,24.31
27/12/2012,1000,7900000,8(1.27 %),1000,7900000,0,0,18639658,24.31
28/12/2012,17000,135900000,7.9(-1.25 %),17000,135900000,0,0,18622658,24.33
02/01/2013,6500,52000000,7.9(0.00 %),6500,52000000,0,0,18630158,24.32
03/01/2013,5610,43879000,8(1.27 %),5610,43879000,0,0,18624548,24.33
04/01/2013,6200,49100000,7.9(-1.25 %),6200,49100000,0,0,18618348,24.34
07/01/2013,28390,229598000,8.2(3.80 %),28390,229598000,0,0,18589958,24.38
08/01/2013,500,4100000,8.3(1.22 %),500,4100000,0,0,18589458,24.38
09/01/2013,3030,25749000,8.3(0.00 %),13030,109249000,10000,83500000,18586428,24.38
10/01/2013,2500,19850000,8.2(-1.20 %),2500,19850000,0,0,18583928,24.39
11/01/2013,300,2630000,8.2(0.00 %),2300,18830000,2000,16200000,18583628,24.39
14/01/2013,4340,34860000,8.1(-1.22 %),4340,34860000,0,0,18579288,24.39
15/01/2013,-5200,-43070000,8.2(1.23 %),13000,105300000,18200,148370000,18584488,24.38
16/01/2013,9590,81223000,8.6(4.88 %),9590,81223000,0,0,18574898,24.4
17/01/2013,-180,-1498000,8.3(-3.49 %),320,2752000,500,4250000,18575078,24.4
18/01/2013,31000,260891000,8.4(1.20 %),31000,260891000,0,0,18544078,24.44
21/01/2013,11050,91815000,8.3(-1.19 %),11550,95965000,500,4150000,18533028,24.45
22/01/2013,5000,40000000,8(-3.61 %),5000,40000000,0,0,18528028,24.46
23/01/2013,-29000,-229564000,8.1(1.25 %),2000,15800000,31000,245364000,18557028,24.42
24/01/2013,2000,16400000,8.1(0.00 %),2000,16400000,0,0,18555028,24.42
25/01/2013,3000,24300000,8.3(2.47 %),3000,24300000,0,0,18552028,24.43
28/01/2013,-700,-5980000,8.8(6.02 %),0,0,700,5980000,18552728,24.43
29/01/2013,-1310,-11659000,8.7(-1.14 %),0,0,1310,11659000,18554038,24.43
30/01/2013,4200,36840000,8.7(0.00 %),4200,36840000,0,0,18549838,24.43
31/01/2013,103410,955371000,9.3(6.90 %),110600,1021601000,7190,66230000,18446428,24.57
01/02/2013,-6850,-67709000,9.5(2.15 %),10680,99324000,17530,167033000,18427248,24.59
04/02/2013,350,3290000,9.4(-1.05 %),350,3290000,0,0,18426898,24.59
05/02/2013,72040,667112000,9.3(-1.06 %),72040,667112000,0,0,18354858,24.69
06/02/2013,45700,426170000,9.4(1.08 %),50000,466000000,4300,39830000,18309158,24.75
07/02/2013,25480,236952000,9.3(-1.06 %),26600,247380000,1120,10428000,18283678,24.78
08/02/2013,3860,35728000,9.5(2.15 %),10860,102078000,7000,66350000,18279818,24.79
18/02/2013,38450,369205000,10(5.26 %),38450,369205000,0,0,18241368,24.84
19/02/2013,-2440,-24200000,9.7(-3.00 %),440,4312000,2880,28512000,18243808,24.84
20/02/2013,6530,63055000,9.9(2.06 %),6530,63055000,0,0,18237278,24.84
21/02/2013,31390,303472000,9.6(-3.03 %),35000,338500000,3610,35028000,18205888,24.89
22/02/2013,89430,861080000,9.7(1.04 %),109830,1061000000,20400,199920000,18116458,25.0
25/02/2013,15260,146482000,9.8(1.03 %),15260,146482000,0,0,18101198,25.02
26/02/2013,190860,1815687000,9.5(-3.06 %),205860,1959587000,15000,143900000,17910338,25.28
27/02/2013,41150,391645000,9.9(4.21 %),45150,429645000,4000,38000000,17869188,25.33
28/02/2013,-3340,-32264000,9.9(0.00 %),0,0,3340,32264000,17872528,25.33
01/03/2013,148540,1452250000,10(1.01 %),149140,1458190000,600,5940000,17727078,25.52
04/03/2013,143630,1420933000,10(0.00 %),159730,1581933000,16100,161000000,17583448,25.71
05/03/2013,71530,711276000,10.5(5.00 %),86600,865190000,15070,153914000,17511918,25.81
06/03/2013,15110,167739000,11.2(6.67 %),115210,1255814000,100100,1088075000,17496808,25.83
07/03/2013,38510,432412000,11.1(-0.89 %),80410,904751000,41900,472339000,17458298,25.88
08/03/2013,-6500,-65150000,10.5(-5.41 %),3500,38850000,10000,104000000,17464798,25.87
11/03/2013,2350,24675000,10.6(0.95 %),2350,24675000,0,0,17462448,25.87
12/03/2013,11000,116000000,10.6(0.00 %),11000,116000000,0,0,17451448,25.89
13/03/2013,50380,537828000,10.7(0.94 %),52380,559228000,2000,21400000,17401068,25.95
14/03/2013,24710,261726000,10.6(-0.93 %),29710,314926000,5000,53200000,17376358,25.98
15/03/2013,5420,56300000,10.7(0.94 %),8520,89460000,3100,33160000,17370938,25.99
18/03/2013,6560,69686000,10.6(-0.93 %),14060,149536000,7500,79850000,17364378,26.0
19/03/2013,21630,229278000,10.7(0.94 %),23930,253658000,2300,24380000,17342748,26.03
20/03/2013,16500,175659000,10.7(0.00 %),16500,175659000,0,0,17326248,26.05
21/03/2013,33000,356900000,10.9(1.87 %),35000,378500000,2000,21600000,17293248,26.1
22/03/2013,1600,17760000,10.9(0.00 %),1600,17760000,0,0,17291648,26.1
25/03/2013,39960,437328000,11(0.92 %),39960,437328000,0,0,17251688,26.15
26/03/2013,13990,154588000,11.1(0.91 %),14000,154700000,10,112000,17237698,26.17
27/03/2013,1390,15648000,11.2(0.90 %),3290,36848000,1900,21200000,17236308,26.17
28/03/2013,20300,225329000,11.1(-0.89 %),21510,238761000,1210,13432000,17216008,26.2
29/03/2013,12930,142130000,11.1(0.00 %),13030,143230000,100,1100000,17203078,26.21
01/04/2013,2070,22211000,11.2(0.90 %),8560,94899000,6490,72688000,17214248,26.2
02/04/2013,55610,638665000,11.5(2.68 %),73280,839969000,17670,201304000,17158638,26.27
03/04/2013,64940,743999000,11.6(0.87 %),64940,743999000,0,0,17093698,26.36
04/04/2013,18570,216537000,11.7(0.86 %),21560,251221000,2990,34684000,17075128,26.38
05/04/2013,23690,290270000,12.5(6.84 %),23690,290270000,0,0,17051438,26.42
08/04/2013,153040,2018822000,13.3(6.40 %),159970,2110991000,6930,92169000,16898398,26.62
09/04/2013,24590,342368000,13.9(4.51 %),112490,1543800000,87900,1201432000,16873808,26.65
10/04/2013,492560,6809022000,14(0.72 %),503060,6955922000,10500,146900000,16381248,27.3
11/04/2013,84620,1146573000,13.7(-2.14 %),133620,1814373000,49000,667800000,16296628,27.42
12/04/2013,-4400,-58830000,13.5(-1.46 %),1300,17480000,5700,76310000,16301028,27.41
15/04/2013,1400,20260000,12.9(-4.44 %),8400,110760000,7000,90500000,16299628,27.41
16/04/2013,90530,1193051000,13.4(3.88 %),96530,1269101000,6000,76050000,16209098,27.53
17/04/2013,141550,1919527000,14.3(6.72 %),161550,2205527000,20000,286000000,16067548,27.72
18/04/2013,236060,3184738000,15(4.90 %),258410,3518623000,22350,333885000,15831488,28.03
22/04/2013,15050,221870000,15.2(1.33 %),39200,586053000,24150,364183000,15816438,28.05
23/04/2013,28540,432342000,15.4(1.32 %),45540,689742000,17000,257400000,15787898,28.09
24/04/2013,128910,1976178000,15.4(0.00 %),161170,2469824000,32260,493646000,15658988,28.26
25/04/2013,150380,2323484000,15.3(-0.65 %),165920,2561300000,15540,237816000,15508608,28.46
26/04/2013,-3800,-57380000,14.7(-3.92 %),0,0,3800,57380000,15512408,28.45
02/05/2013,-2100,-30250000,14.4(-2.04 %),0,0,2100,30250000,15470508,28.51
03/05/2013,4950,68825000,13.4(-6.94 %),5750,79825000,800,11000000,15465558,28.52
06/05/2013,-500,-6650000,13.7(2.24 %),0,0,500,6650000,15466058,28.52
07/05/2013,3900,50940000,12.8(-6.57 %),3900,50940000,0,0,15462158,28.52
08/05/2013,-590,-7752000,13.3(3.91 %),1000,12600000,1590,20352000,15462748,28.52
09/05/2013,-12560,-173046000,14.1(6.02 %),500,6700000,13060,179746000,15475308,28.5
10/05/2013,1340,17928000,13.4(-4.96 %),1480,19832000,140,1904000,15473968,28.5
13/05/2013,12100,168190000,13.9(3.73 %),14800,205720000,2700,37530000,15461868,28.52
14/05/2013,1820,23640000,13.3(-4.32 %),1920,25000000,100,1360000,15460048,28.52
15/05/2013,26190,353968000,13.6(2.26 %),26190,353968000,0,0,15433858,28.56
16/05/2013,63130,863228000,13.9(2.21 %),72830,995208000,9700,131980000,15370728,28.64
17/05/2013,11100,153056000,13.7(-1.44 %),11100,153056000,0,0,15359628,28.66
20/05/2013,-100,-1350000,13.3(-2.92 %),0,0,100,1350000,15359728,28.66
21/05/2013,2000,27400000,13.7(3.01 %),2000,27400000,0,0,15357728,28.66
22/05/2013,-8000,-108000000,13.7(0.00 %),0,0,8000,108000000,15365728,28.65
23/05/2013,-40000,-539490000,13.4(-2.19 %),100,1360000,40100,540850000,15405728,28.6
24/05/2013,-10000,-135000000,13.5(0.75 %),0,0,10000,135000000,15415728,28.58
27/05/2013,2000,27200000,13.8(2.22 %),2000,27200000,0,0,15413728,28.58
28/05/2013,4500,56862000,12.7(0.79 %),4500,56862000,0,0,15409228,28.59
29/05/2013,-14000,-171196000,12.1(-4.72 %),2000,25000000,16000,196196000,15423228,28.57
30/05/2013,560,6832000,12.2(0.83 %),560,6832000,0,0,15422668,28.57
31/05/2013,3370,41864000,12.3(0.82 %),3370,41864000,0,0,15419298,28.58
03/06/2013,-46100,-551478000,12(-2.44 %),5000,60000000,51100,611478000,15451998,28.53
04/06/2013,-12840,-149908000,11.9(-0.83 %),200,2400000,13040,152308000,15464838,28.52
05/06/2013,-12190,-140765000,11.7(-1.68 %),0,0,12190,140765000,15477028,28.5
06/06/2013,-23570,-267832000,11.6(-0.85 %),0,0,23570,267832000,15500598,28.47
07/06/2013,690,8154000,11.8(1.72 %),1000,11750000,310,3596000,15499908,28.47
10/06/2013,2380,29198000,12.1(2.54 %),2380,29198000,0,0,15497528,28.47
11/06/2013,25320,306069000,12.1(0.00 %),48610,587879000,23290,281810000,15472208,28.51
12/06/2013,15100,182700000,12.3(1.65 %),30100,362700000,15000,180000000,15457108,28.53
13/06/2013,9750,121100000,12.6(2.44 %),11250,139400000,1500,18300000,15447358,28.54
14/06/2013,50,645000,13.2(4.76 %),50,645000,0,0,15447308,28.54
17/06/2013,1500,18500000,12.5(-5.30 %),2000,25000000,500,6500000,15445808,28.54
18/06/2013,0,0,12.2(-2.40 %),0,0,0,0,15445808,28.54
19/06/2013,2000,24400000,12.5(2.46 %),2000,24400000,0,0,15443808,28.54
20/06/2013,0,0,11.8(-5.60 %),0,0,0,0,15443808,28.54
21/06/2013,2650,29940000,12.2(3.39 %),4650,53940000,2000,24000000,15441158,28.55
24/06/2013,1250,15325000,12.2(0.00 %),1250,15325000,0,0,15439908,28.55
25/06/2013,-9480,-108394000,11.4(-6.56 %),0,0,9480,108394000,15449388,28.54
26/06/2013,-520,-5720000,11.5(0.88 %),0,0,520,5720000,15449908,28.54
27/06/2013,-41010,-464525000,11.5(0.00 %),29990,333390000,71000,797915000,15490918,28.48
28/06/2013,50,575000,11.7(1.74 %),50,575000,0,0,15490868,28.48
01/07/2013,2940,32340000,11.6(-0.85 %),3040,33500000,100,1160000,15483408,28.49
02/07/2013,-52130,-583230000,11.4(-1.72 %),27870,310970000,80000,894200000,15535538,28.42
03/07/2013,0,0,11.4(0.00 %),0,0,0,0,15535538,28.42
04/07/2013,0,0,11.4(0.00 %),0,0,0,0,15535538,28.42
05/07/2013,0,0,11.3(-0.88 %),0,0,0,0,15535538,28.42
08/07/2013,10310,116503000,11.6(2.65 %),10310,116503000,0,0,15525228,28.44
09/07/2013,12580,147186000,11.7(0.86 %),12580,147186000,0,0,15512648,28.45
10/07/2013,4000,46800000,11.7(0.00 %),4000,46800000,0,0,15508648,28.46
11/07/2013,1790,20889000,11.8(0.85 %),1790,20889000,0,0,15506858,28.46
12/07/2013,21160,252594000,12(1.69 %),21160,252594000,0,0,15485698,28.49
15/07/2013,30000,359998000,12(0.00 %),30000,359998000,0,0,15455698,28.53
16/07/2013,26540,318151000,12(0.00 %),26540,318151000,0,0,15429158,28.56
17/07/2013,12220,146628000,12(0.00 %),12220,146628000,0,0,15416938,28.58
18/07/2013,3890,46969000,12.2(1.67 %),3890,46969000,0,0,15413048,28.59
19/07/2013,10140,124330000,12.4(1.64 %),10140,124330000,0,0,15402908,28.6
22/07/2013,18150,222160000,12.3(-0.81 %),18250,223380000,100,1220000,15384758,28.62
23/07/2013,32040,394092000,12.3(0.00 %),32040,394092000,0,0,15352718,28.67
24/07/2013,76800,942960000,12.3(0.00 %),76800,942960000,0,0,15275918,28.77
25/07/2013,49880,618518000,12.4(0.81 %),49880,618518000,0,0,15226038,28.83
26/07/2013,7820,96968000,12.4(0.00 %),8320,103168000,500,6200000,15218218,28.84
29/07/2013,2000,24500000,12.2(-1.61 %),2000,24500000,0,0,15216218,28.85
30/07/2013,20200,246527000,12.2(0.00 %),21200,258827000,1000,12300000,15196018,28.87
31/07/2013,20000,250000000,12.5(2.46 %),20000,250000000,0,0,15176018,28.9
01/08/2013,0,0,12.3(-1.60 %),0,0,0,0,15246638,28.81
02/08/2013,-10,-124000,12.4(0.81 %),0,0,10,124000,15246648,28.81
05/08/2013,0,0,12.3(-0.81 %),0,0,0,0,15246648,28.81
06/08/2013,0,0,12.1(-1.63 %),0,0,0,0,15246648,28.81
07/08/2013,-20,-240000,12(-0.83 %),0,0,20,240000,15246668,28.81
08/08/2013,-3190,-37042000,12.1(0.83 %),0,0,3190,37042000,15249858,28.8
09/08/2013,200,2360000,12.2(0.83 %),200,2360000,0,0,15249658,28.8
12/08/2013,0,0,12.1(-0.82 %),0,0,0,0,15249658,28.8
13/08/2013,0,0,12(-0.83 %),0,0,0,0,15249658,28.8
14/08/2013,2000,23000000,11.6(-3.33 %),2000,23000000,0,0,15247658,28.8
15/08/2013,-5290,-61276000,11.8(1.72 %),0,0,5290,61276000,15252948,28.8
16/08/2013,9920,122504000,12.4(5.08 %),10400,128168000,480,5664000,15243028,28.81
19/08/2013,0,0,12(-3.23 %),0,0,0,0,15243028,28.81
20/08/2013,0,0,12.2(1.67 %),0,0,0,0,15243028,28.81
21/08/2013,690,8075000,12(-1.64 %),700,8190000,10,115000,15242338,28.81
22/08/2013,300,3570000,11.9(-0.83 %),300,3570000,0,0,15242038,28.81
23/08/2013,0,0,11.5(-3.36 %),0,0,0,0,15242038,28.81
26/08/2013,5380,62054000,11.4(-0.87 %),6900,79350000,1520,17296000,15236658,28.82
27/08/2013,0,0,11.5(0.88 %),0,0,0,0,15236658,28.82
28/08/2013,0,0,11(-4.35 %),0,0,0,0,15236658,28.82
29/08/2013,0,0,11.2(1.82 %),0,0,0,0,15236658,28.82
30/08/2013,0,0,11.3(0.89 %),0,0,0,0,15236658,28.82
03/09/2013,200,2260000,11.3(0.00 %),200,2260000,0,0,15237458,28.82
04/09/2013,10500,120160000,11.5(1.77 %),10600,121250000,100,1090000,15226958,28.83
05/09/2013,0,0,11.4(-0.87 %),0,0,0,0,15226958,28.83
06/09/2013,0,0,11.3(-0.88 %),0,0,0,0,15226958,28.83
09/09/2013,0,0,11.3(0.00 %),0,0,0,0,15226958,28.83
10/09/2013,1340,15092000,11.2(-0.88 %),11000,124250000,9660,109158000,15225618,28.83
11/09/2013,1000,11300000,10.5(-6.25 %),1000,11300000,0,0,15224618,28.83
12/09/2013,-1120,-11770000,10.5(0.00 %),0,0,1120,11770000,15225738,28.83
13/09/2013,100,1050000,11(4.76 %),100,1050000,0,0,15225638,28.83
16/09/2013,0,0,11(0.00 %),0,0,0,0,15225638,28.83
17/09/2013,0,0,11(0.00 %),0,0,0,0,15225638,28.83
18/09/2013,0,0,10.5(-4.55 %),0,0,0,0,15225638,28.83
19/09/2013,0,0,10.4(-0.95 %),0,0,0,0,15225638,28.83
20/09/2013,1300,13390000,10.5(0.96 %),1300,13390000,0,0,15224338,28.84
23/09/2013,9450,99225000,10.9(3.81 %),9450,99225000,0,0,15214888,28.85
24/09/2013,0,0,10.5(-3.67 %),0,0,0,0,15214888,28.85
25/09/2013,1000,10500000,10.6(0.95 %),1000,10500000,0,0,15213888,28.85
26/09/2013,0,0,10.6(0.00 %),0,0,0,0,15213888,28.85
27/09/2013,100,1060000,10.6(0.00 %),100,1060000,0,0,15213788,28.85
30/09/2013,0,0,10.6(0.00 %),0,0,0,0,15213788,28.85
01/10/2013,14000,145300000,10.4(-1.89 %),14000,145300000,0,0,15199788,28.87
02/10/2013,5600,58800000,10.9(4.81 %),5600,58800000,0,0,15194188,28.88
03/10/2013,0,0,10.6(-2.75 %),0,0,0,0,15194188,28.88
04/10/2013,5100,55040000,10.4(-1.89 %),5100,55040000,0,0,15189088,28.88
07/10/2013,3100,32860000,10.8(3.85 %),3100,32860000,0,0,15185988,28.89
08/10/2013,-100,-1090000,10.7(-0.93 %),0,0,100,1090000,15186088,28.89
09/10/2013,6000,63800000,10.6(-0.93 %),6000,63800000,0,0,15180088,28.89
10/10/2013,-2400,-25680000,10.6(0.00 %),0,0,2400,25680000,15182488,28.89
11/10/2013,0,0,10.6(0.00 %),0,0,0,0,15182488,28.89
14/10/2013,1790,19053000,10.6(0.00 %),1790,19053000,0,0,15180698,28.89
15/10/2013,0,0,10.6(0.00 %),0,0,0,0,15180698,28.89
16/10/2013,5000,53000000,10.7(0.94 %),5000,53000000,0,0,15175698,28.9
17/10/2013,-6210,-66447000,10.8(0.93 %),0,0,6210,66447000,15181908,28.89
18/10/2013,0,0,10.5(-2.78 %),0,0,0,0,15181908,28.89
21/10/2013,0,0,10.8(2.86 %),0,0,0,0,15181908,28.89
22/10/2013,-5590,-60049000,11.4(5.56 %),0,0,5590,60049000,15187498,28.88
23/10/2013,0,0,11.5(0.88 %),0,0,0,0,15187498,28.88
24/10/2013,4000,46000000,11.6(0.87 %),4000,46000000,0,0,15183498,28.89
25/10/2013,-40,-460000,11.7(0.86 %),0,0,40,460000,15183538,28.89
28/10/2013,100,1120000,11.2(-4.27 %),100,1120000,0,0,15183438,28.89
29/10/2013,0,0,11.3(0.89 %),0,0,0,0,15183438,28.89
30/10/2013,0,0,11.4(0.88 %),0,0,0,0,15183438,28.89
31/10/2013,7990,90285000,11.4(0.00 %),8010,90513000,20,228000,15175448,28.9
01/11/2013,4100,44690000,11.4(0.00 %),4100,44690000,0,0,15171328,28.91
04/11/2013,0,0,11(-3.51 %),0,0,0,0,15171328,28.91
05/11/2013,0,0,11.2(1.82 %),0,0,0,0,15171328,28.91
06/11/2013,0,0,11.2(0.00 %),0,0,0,0,15171328,28.91
07/11/2013,2500,27600000,11.4(1.79 %),4500,49600000,2000,22000000,15168828,28.91
08/11/2013,0,0,11.4(0.00 %),0,0,0,0,15168828,28.91
11/11/2013,3000,33000000,11.1(-2.63 %),3000,33000000,0,0,15165828,28.91
12/11/2013,0,0,11.2(0.90 %),0,0,0,0,15165828,28.91
13/11/2013,0,0,11.2(0.00 %),0,0,0,0,15165828,28.91
14/11/2013,0,0,11.3(0.89 %),0,0,0,0,15165828,28.91
15/11/2013,0,0,11.6(2.65 %),0,0,0,0,15165828,28.91
18/11/2013,18450,217717000,11.8(1.72 %),18500,218300000,50,583000,15147378,28.94
19/11/2013,-2900,-34510000,11.9(0.85 %),0,0,2900,34510000,15150278,28.93
20/11/2013,-6090,-71862000,11.8(-0.84 %),0,0,6090,71862000,15156368,28.93
21/11/2013,-1280,-15620000,12(1.69 %),2200,26140000,3480,41760000,15157648,28.92
22/11/2013,4180,50287000,12(0.00 %),5450,65400000,1270,15113000,15153468,28.93
25/11/2013,0,0,11.8(-1.67 %),0,0,0,0,15153468,28.93
26/11/2013,0,0,11.9(0.85 %),0,0,0,0,15153468,28.93
27/11/2013,0,0,11.8(-0.84 %),0,0,0,0,15153468,28.93
28/11/2013,1000,11800000,11.8(0.00 %),1000,11800000,0,0,15152468,28.93
29/11/2013,39990,479880000,12.1(2.54 %),40000,480000000,10,120000,15112478,28.98
02/12/2013,100,1200000,12.3(1.65 %),100,1200000,0,0,15112388,28.98
03/12/2013,0,0,12.1(-1.63 %),0,0,0,0,15112388,28.98
04/12/2013,0,0,11.9(-1.65 %),0,0,0,0,15112388,28.98
05/12/2013,0,0,12.2(2.52 %),0,0,0,0,15112388,28.98
06/12/2013,0,0,12.2(0.00 %),0,0,0,0,15112388,28.98
09/12/2013,300,3660000,12.2(0.00 %),300,3660000,0,0,15112088,28.98
10/12/2013,0,0,12(-1.64 %),0,0,0,0,15112088,28.98
11/12/2013,-11880,-141372000,11.8(-1.67 %),0,0,11880,141372000,15123968,28.97
12/12/2013,5370,63440000,11.9(0.85 %),5370,63440000,0,0,15118598,28.98
13/12/2013,1610,19210000,11.9(0.00 %),1750,20862000,140,1652000,15116988,28.98
16/12/2013,5720,68660000,11.9(0.00 %),5920,71040000,200,2380000,15111268,28.99
17/12/2013,1330,15927000,11.9(0.00 %),1330,15927000,0,0,15109938,28.99
18/12/2013,7790,93533000,12.1(1.68 %),7890,94733000,100,1200000,15102148,29.0
19/12/2013,0,0,12(-0.83 %),0,0,0,0,15102148,29.0
20/12/2013,8600,104923000,12.3(2.50 %),8600,104923000,0,0,15093548,29.01
23/12/2013,500,6100000,12.1(-1.63 %),500,6100000,0,0,15093048,29.01
24/12/2013,0,0,12(-0.83 %),0,0,0,0,15093048,29.01
25/12/2013,5660,70320000,12.2(1.67 %),5660,70320000,0,0,15087388,29.02
26/12/2013,-2760,-33500000,12.1(-0.82 %),0,0,2760,33500000,15090148,29.01
27/12/2013,500,6100000,12.2(0.83 %),500,6100000,0,0,15089648,29.01
30/12/2013,13000,160200000,12(-1.64 %),13000,160200000,0,0,15076648,29.03
31/12/2013,0,0,12(0.00 %),0,0,0,0,15076648,29.03
02/01/2014,0,0,12.1(0.83 %),0,0,0,0,15076658,29.03
03/01/2014,0,0,12.2(0.83 %),0,0,0,0,15076658,29.03
06/01/2014,7510,93022000,12.2(0.00 %),7510,93022000,0,0,15069148,29.04
07/01/2014,5540,69717000,12.5(2.46 %),8000,99975000,2460,30258000,15063608,29.05
08/01/2014,8500,106400000,12.5(0.00 %),8500,106400000,0,0,15055108,29.06
09/01/2014,-500,-6200000,12.6(0.80 %),0,0,500,6200000,15055608,29.06
10/01/2014,19600,246794000,12.6(0.00 %),22340,281318000,2740,34524000,15036008,29.08
13/01/2014,-5810,-72660000,12.4(-1.59 %),6450,80590000,12260,153250000,15041818,29.08
14/01/2014,50,620000,12.4(0.00 %),50,620000,0,0,15041768,29.08
15/01/2014,26700,336620000,12.6(1.61 %),26700,336620000,0,0,15015068,29.11
16/01/2014,2850,36730000,12.9(2.38 %),2900,37365000,50,635000,15012218,29.12
17/01/2014,8300,107832000,12.7(-1.55 %),8300,107832000,0,0,15003918,29.13
20/01/2014,12200,156720000,12.8(0.79 %),12200,156720000,0,0,14991718,29.14
21/01/2014,10150,129310000,12.8(0.00 %),10150,129310000,0,0,14981568,29.16
22/01/2014,23600,305480000,13(1.56 %),23600,305480000,0,0,14957968,29.19
23/01/2014,4259630,57927552000,13.9(6.92 %),4259630,57927552000,0,0,10698338,34.83
24/01/2014,229280,3284656000,14.2(2.16 %),229300,3284940000,20,284000,10469058,35.13
27/01/2014,22300,319820000,14(-1.41 %),22300,319820000,0,0,10446758,35.16
06/02/2014,2390,33501000,14.2(1.43 %),2390,33501000,0,0,10444348,35.17
07/02/2014,0,0,14(-1.41 %),0,0,0,0,10444348,35.17
10/02/2014,-2880,-38960000,13.9(-0.71 %),16900,236600000,19780,275560000,10447228,35.16
11/02/2014,1000,13900000,13.7(-1.44 %),1000,13900000,0,0,10446228,35.16
12/02/2014,-6200,-84940000,13.6(-0.73 %),2750,37675000,8950,122615000,10452428,35.16
13/02/2014,15150,204780000,13.8(1.47 %),15150,204780000,0,0,10437278,35.18
14/02/2014,10100,137360000,13.6(-1.45 %),10100,137360000,0,0,10427178,35.19
17/02/2014,3150,44100000,14.2(4.41 %),3150,44100000,0,0,10424028,35.19
18/02/2014,0,0,14.2(0.00 %),0,0,0,0,10424028,35.19
19/02/2014,10550,150515000,14.2(0.00 %),10550,150515000,0,0,10413478,35.21
20/02/2014,900,12180000,13.8(-2.82 %),2000,27800000,1100,15620000,10412578,35.21
21/02/2014,1600,22100000,14(1.45 %),1600,22100000,0,0,10410978,35.21
24/02/2014,1610,22540000,14.1(0.71 %),3210,44940000,1600,22400000,10409368,35.21
25/02/2014,1100,15620000,14.1(0.00 %),4100,57920000,3000,42300000,10408268,35.21
26/02/2014,-2850,-42415000,15(6.38 %),500,7500000,3350,49915000,10411118,35.21
27/02/2014,-6140,-98240000,16(6.67 %),1000,16000000,7140,114240000,10417258,35.2
28/02/2014,22440,373433000,16.9(5.62 %),25140,418933000,2700,45500000,10394818,35.23
03/03/2014,3990,64369000,15.8(-6.51 %),3990,64369000,0,0,10377658,35.25
04/03/2014,-3200,-50952000,15.6(-1.27 %),980,15092000,4180,66044000,10380858,35.25
05/03/2014,1350,21195000,16.6(6.41 %),1350,21195000,0,0,10379508,35.25
06/03/2014,-15210,-261246000,17(2.41 %),740,12604000,15950,273850000,10394718,35.23
07/03/2014,200,3340000,16.9(-0.59 %),200,3340000,0,0,10394518,35.23
10/03/2014,10500,179650000,17.2(1.78 %),11000,188200000,500,8550000,10384018,35.25
11/03/2014,-1000,-17000000,16.9(-1.74 %),0,0,1000,17000000,10385018,35.25
12/03/2014,49810,846789000,16.9(0.00 %),53810,914389000,4000,67600000,10335208,35.31
13/03/2014,-2860,-59270000,17.2(1.78 %),30780,519338000,33640,578608000,10338068,35.31
14/03/2014,16370,297862000,18.4(6.98 %),16390,298208000,20,346000,10321698,35.33
17/03/2014,20800,388500000,18.5(0.54 %),22500,420500000,1700,32000000,10300898,35.36
18/03/2014,-450,-8457000,18.6(0.54 %),0,0,450,8457000,10301348,35.36
19/03/2014,-365160,-6765809000,18.6(0.00 %),35500,656750000,400660,7422559000,10666508,34.87
20/03/2014,-150670,-2787082000,18.5(-0.54 %),200,3700000,150870,2790782000,10817178,34.67
21/03/2014,-1367900,-25866051000,19.3(4.32 %),14870,277412000,1382770,26143463000,12185078,32.86
24/03/2014,-395940,-7933776000,19.9(3.11 %),4300,86000000,400240,8019776000,12581018,32.34
25/03/2014,-216320,-4428277000,20(0.50 %),11120,221698000,227440,4649975000,12797338,32.05
26/03/2014,-70270,-1404083000,19.8(-1.00 %),6300,126000000,76570,1530083000,12867608,31.96
27/03/2014,-1970,-38256000,19.6(-1.01 %),530,10494000,2500,48750000,12869578,31.95
28/03/2014,20,400000,19.8(1.02 %),20,400000,0,0,12869558,31.95
31/03/2014,25210,497007000,19(-4.04 %),28600,563790000,3390,66783000,12844348,31.99
01/04/2014,199610,3704407000,17.8(-6.32 %),200610,3723407000,1000,19000000,12651038,32.24
02/04/2014,205630,3586951000,17.9(0.56 %),205630,3586951000,0,0,12445408,32.52
03/04/2014,334050,6202853000,19(6.15 %),337050,6256953000,3000,54100000,12111358,32.96
04/04/2014,199600,3744884000,19(0.00 %),200000,3752404000,400,7520000,11911758,33.22
07/04/2014,3240,60589000,18.7(-1.58 %),3240,60589000,0,0,11908518,33.23
08/04/2014,-100,-1870000,18.6(-0.53 %),0,0,100,1870000,11908618,33.23
10/04/2014,99900,1853640000,18.3(-1.61 %),100000,1855500000,100,1860000,11808718,33.36
11/04/2014,2070,37764000,18.1(-1.09 %),2070,37764000,0,0,11806648,33.36
14/04/2014,-3000,-54100000,17.8(-1.66 %),0,0,3000,54100000,11809648,33.36
15/04/2014,0,800000,16.8(-5.62 %),1000,17500000,1000,16700000,11809648,33.36
16/04/2014,66500,1085900000,16(-4.76 %),71500,1165900000,5000,80000000,11743148,33.45
17/04/2014,7510,128644000,16.2(1.25 %),24000,392484000,16490,263840000,11735638,33.46
18/04/2014,-11000,-168370000,15.3(-5.56 %),0,0,11000,168370000,11746638,33.44
21/04/2014,8000,120800000,14.7(-3.92 %),8000,120800000,0,0,11738638,33.45
22/04/2014,-110900,-1598960000,15.1(2.72 %),0,0,110900,1598960000,11849538,33.31
23/04/2014,1090,16350000,15(-0.66 %),1090,16350000,0,0,11848448,33.31
24/04/2014,-530,-7685000,14.8(-1.33 %),530,7897000,1060,15582000,11848978,33.31
25/04/2014,0,0,15.5(4.73 %),0,0,0,0,11848978,33.31
28/04/2014,21130,333829000,15.8(1.94 %),21430,338539000,300,4710000,11827848,33.33
29/04/2014,0,0,15.8(0.00 %),0,0,0,0,11827848,33.33
05/05/2014,16330,258014000,14.9(-5.70 %),16330,258014000,0,0,11818108,33.35
06/05/2014,0,0,14.6(-2.01 %),0,0,0,0,11818108,33.35
07/05/2014,4300,60200000,14.3(-2.05 %),4300,60200000,0,0,11813808,33.35
08/05/2014,178630,2378844000,13.3(-6.99 %),178630,2378844000,0,0,11635178,33.59
09/05/2014,99750,1330843000,13.7(3.01 %),99750,1330843000,0,0,11535428,33.72
12/05/2014,381200,4915290000,13.1(-4.38 %),381250,4915940000,50,650000,11154228,34.23
13/05/2014,105120,1380689000,13.2(0.76 %),166130,2186582000,61010,805893000,11049108,34.37
14/05/2014,142200,1940612000,14.1(6.82 %),146200,1997012000,4000,56400000,10906908,34.55
15/05/2014,143980,1995199000,14(-0.71 %),175980,2438161000,32000,442962000,10762928,34.74
16/05/2014,1000,12198000,14(0.00 %),11010,152339000,10010,140141000,10761928,34.75
19/05/2014,6310,86757000,13.9(-0.71 %),6310,86757000,0,0,10755618,34.75
20/05/2014,-920,-15302000,14.3(2.88 %),4040,55556000,4960,70858000,10756538,34.75
21/05/2014,-1000,-15044000,14.6(2.10 %),1560,22308000,2560,37352000,10757538,34.75
22/05/2014,0,0,14(-4.11 %),0,0,0,0,10757538,34.75
23/05/2014,8500,119000000,14.2(1.43 %),8500,119000000,0,0,10749038,34.76
26/05/2014,-3090,-43678000,14.5(2.11 %),5910,83322000,9000,127000000,10752128,34.76
27/05/2014,7900,114600000,14.6(0.69 %),7900,114600000,0,0,10744228,34.77
28/05/2014,-135160,-1857471000,13.7(0.74 %),0,0,135160,1857471000,10879388,34.59
29/05/2014,-10100,-133370000,13.4(-2.19 %),0,0,10100,133370000,10889488,34.58
30/05/2014,-17000,-222850000,13(-2.99 %),1500,19500000,18500,242350000,10906488,34.55
02/06/2014,38940,496458000,12.9(-0.77 %),38940,496458000,0,0,10704088,34.82
03/06/2014,-400,-5080000,13(0.78 %),0,0,400,5080000,10704488,34.82
04/06/2014,-360,-4644000,12.9(-0.77 %),0,0,360,4644000,10704848,34.82
05/06/2014,0,0,13(0.78 %),0,0,0,0,10704848,34.82
06/06/2014,0,0,13.2(1.54 %),0,0,0,0,10704848,34.82
09/06/2014,35180,470353000,13.4(1.52 %),35180,470353000,0,0,10669668,34.87
10/06/2014,-1000,-13300000,13.2(-1.49 %),0,0,1000,13300000,10670668,34.87
11/06/2014,31200,417080000,13.4(1.52 %),41200,550080000,10000,133000000,10639468,34.91
12/06/2014,13730,185397000,13.8(2.99 %),13730,185397000,0,0,10625738,34.93
13/06/2014,4800,66040000,13.8(0.00 %),4800,66040000,0,0,10620938,34.93
16/06/2014,0,0,13.7(-0.72 %),0,0,0,0,10620938,34.93
17/06/2014,0,0,13.6(-0.73 %),0,0,0,0,10620938,34.93
18/06/2014,5000,67500000,13.6(0.00 %),5000,67500000,0,0,10615938,34.94
19/06/2014,-1000,-13600000,13.6(0.00 %),0,0,1000,13600000,10616938,34.94
20/06/2014,-560,-7448000,13.5(-0.74 %),0,0,560,7448000,10617498,34.94
23/06/2014,17110,229468000,13.4(-0.74 %),25110,335868000,8000,106400000,10600388,34.96
24/06/2014,21240,284641000,13.5(0.75 %),31240,417641000,10000,133000000,10579148,34.99
25/06/2014,39830,543963000,13.7(1.48 %),39830,543963000,0,0,10539318,35.04
26/06/2014,25180,346346000,13.8(0.73 %),25180,346346000,0,0,10514138,35.07
27/06/2014,450,6120000,13.6(-1.45 %),450,6120000,0,0,10513688,35.07
30/06/2014,10000,136000000,13.6(0.00 %),10000,136000000,0,0,10503688,35.09
01/07/2014,-31000,-421600000,13.6(0.00 %),0,0,31000,421600000,10667448,34.87
02/07/2014,19250,263725000,13.6(0.00 %),19250,263725000,0,0,10648198,34.9
03/07/2014,0,0,14.1(3.68 %),0,0,0,0,10648198,34.9
04/07/2014,-1000,-15000000,15(6.38 %),0,0,1000,15000000,10649198,34.9
07/07/2014,-4340,-64594000,14.9(-0.67 %),3000,46200000,7340,110794000,10653538,34.89
08/07/2014,-2200,-32120000,14.7(-1.34 %),0,0,2200,32120000,10655738,34.89
09/07/2014,-1700,-25010000,14.9(1.36 %),300,4410000,2000,29420000,10657438,34.88
10/07/2014,0,0,14.4(-3.36 %),0,0,0,0,10676898,34.86
11/07/2014,65230,936822000,14.6(1.39 %),65230,936822000,0,0,10619008,0.0
14/07/2014,14340,208814000,14.6(0.00 %),14640,213194000,300,4380000,10604668,34.95
15/07/2014,910,13286000,14.6(0.00 %),940,13724000,30,438000,10603758,34.96
16/07/2014,21300,313480000,14.9(2.05 %),30200,446980000,8900,133500000,10577428,0.0
17/07/2014,0,0,14.8(-0.67 %),0,0,0,0,10577428,34.99
18/07/2014,20000,294000000,14.6(-1.35 %),20000,294000000,0,0,10577728,34.99
21/07/2014,2740,40274000,14.7(0.68 %),2780,40866000,40,592000,10557758,35.02
22/07/2014,-10,-149000,14.4(-2.04 %),0,0,10,149000,10563878,0.0
23/07/2014,17000,245300000,14.5(0.69 %),17000,245300000,0,0,10563878,35.01
24/07/2014,43100,631350000,14.8(2.07 %),53100,777350000,10000,146000000,10493778,0.0
25/07/2014,27250,400560000,14.5(-2.03 %),27250,400560000,0,0,10466568,0.0
28/07/2014,21090,299612000,13.7(-5.52 %),21090,299612000,0,0,10445488,0.0
29/07/2014,1000,13700000,14.2(3.65 %),1000,13700000,0,0,10444488,0.0
30/07/2014,4700,65800000,13.8(-2.82 %),4700,65800000,0,0,10449788,0.0
31/07/2014,1000,13700000,13.9(0.72 %),1000,13700000,0,0,10448788,0.0
01/08/2014,3600,48600000,13.7(-1.44 %),3600,48600000,0,0,10445188,0.0
04/08/2014,50,675000,13.5(-1.46 %),50,675000,0,0,10445138,0.0
05/08/2014,-11670,-158912000,13.7(1.48 %),0,0,11670,158912000,10445138,0.0
06/08/2014,-11710,-159427000,13.6(-0.73 %),690,9453000,12400,168880000,10445138,35.17
07/08/2014,-80000,-1080000000,13.6(0.00 %),20000,272000000,100000,1352000000,10525138,35.06
08/08/2014,-58000,-862900000,14.5(6.62 %),42000,585600000,100000,1448500000,10382448,0.0
11/08/2014,-76300,-1081930000,14.3(-1.38 %),67300,958050000,143600,2039980000,10326818,0.0
12/08/2014,-81000,-1141440000,13.9(-2.80 %),19000,265300000,100000,1406740000,10320218,0.0
13/08/2014,23940,349418000,14.8(6.47 %),23940,349418000,0,0,10396278,0.0
14/08/2014,150800,2280980000,15.1(2.03 %),165000,2495500000,14200,214520000,10496278,35.1
15/08/2014,700,10430000,14.9(-1.32 %),700,10430000,0,0,10474878,35.13
18/08/2014,-5510,-83255000,14.9(0.00 %),310,4609000,5820,87864000,10573868,0.0
19/08/2014,195690,2993157000,15.4(3.36 %),195690,2993157000,0,0,10378178,0.0
20/08/2014,9590,145098000,16.2(5.19 %),31270,486878000,21680,341780000,10361108,0.0
21/08/2014,9730,159045000,16(-1.23 %),9730,159045000,0,0,10351378,0.0
22/08/2014,-5930,-93880000,15.7(-1.88 %),0,0,5930,93880000,10357198,35.28
25/08/2014,0,0,15.7(0.00 %),0,0,0,0,10357198,35.28
26/08/2014,59820,957960000,16.2(3.18 %),61530,984980000,1710,27020000,10378878,35.25
27/08/2014,131770,2108073000,16.1(-0.62 %),131770,2108073000,0,0,10317348,35.33
28/08/2014,85800,1368000000,16(-0.62 %),87800,1399800000,2000,31800000,10191508,35.5
29/08/2014,62820,1004103000,16.3(1.88 %),66330,1060263000,3510,56160000,10037378,0.0
03/09/2014,125520,2089564000,16.8(3.07 %),125720,2092864000,200,3300000,10039088,35.7
04/09/2014,110490,1841090000,16.8(0.00 %),114990,1916690000,4500,75600000,9798378,0.0
05/09/2014,77830,1311074000,17(1.19 %),86330,1454373000,8500,143299000,9714048,0.0
08/09/2014,209070,3593925000,17.4(2.35 %),209070,3593925000,0,0,9717558,36.13
09/09/2014,376690,6455218000,17(-2.30 %),380790,6526058000,4100,70840000,9508688,36.41
10/09/2014,45580,780131000,17.4(2.35 %),72940,1256195000,27360,476064000,9059458,0.0
11/09/2014,107480,1876166000,17.4(0.00 %),128800,2244970000,21320,368804000,8939158,0.0
12/09/2014,83230,1454448000,17.7(1.72 %),84230,1471848000,1000,17400000,8854928,0.0
15/09/2014,82080,1449752000,17.7(0.00 %),82380,1455092000,300,5340000,8859028,37.27
16/09/2014,106230,1858201000,17.7(0.00 %),106230,1858201000,0,0,8697778,0.0
17/09/2014,51400,907719000,17.7(0.00 %),51500,909489000,100,1770000,8667598,0.0
18/09/2014,6100,106030000,17.4(-1.69 %),8100,140630000,2000,34600000,8660498,0.0
19/09/2014,93730,1629087000,17.4(0.00 %),96850,1682207000,3120,53120000,8563948,0.0
22/09/2014,6000,104400000,17(-2.30 %),6000,104400000,0,0,8557948,0.0
23/09/2014,0,0,16.1(-5.29 %),0,0,0,0,8558048,0.0
24/09/2014,0,0,16.4(1.86 %),0,0,0,0,8558048,37.66
25/09/2014,13240,211900000,16.5(0.61 %),13240,211900000,0,0,8544808,37.68
26/09/2014,0,0,16.9(2.42 %),0,0,0,0,8544808,37.68
29/09/2014,-37900,-635860000,16.6(-1.78 %),12100,199650000,50000,835510000,8537828,0.0
30/09/2014,-47000,-793880000,17.4(4.82 %),10000,167000000,57000,960880000,8527828,0.0
01/10/2014,-49070,-839520000,17(-2.30 %),930,16180000,50000,855700000,8526898,0.0
02/10/2014,-55000,-928010000,16.6(-2.35 %),0,0,55000,928010000,8526898,0.0
03/10/2014,0,0,16.8(1.20 %),0,0,0,0,8576898,0.0
06/10/2014,0,0,16.8(0.00 %),0,0,0,0,8633898,0.0
07/10/2014,50000,863217000,17.1(1.79 %),60000,1035217000,10000,172000000,8623898,0.0
08/10/2014,36330,625303000,17.3(1.17 %),40530,697143000,4200,71840000,8638368,0.0
09/10/2014,54860,958512000,17.5(1.16 %),59570,1040273000,4710,81761000,8578798,0.0
10/10/2014,80400,1397956000,17.4(-0.57 %),85400,1484956000,5000,87000000,8493398,0.0
13/10/2014,-67160,-1144799000,17(-2.30 %),32840,558296000,100000,1703095000,8560558,37.66
14/10/2014,37500,634200000,16.8(-1.18 %),52500,892200000,15000,258000000,8523058,37.71
15/10/2014,163610,2848539000,16.7(-0.60 %),314110,5426208000,150500,2577669000,8359448,37.93
16/10/2014,2900,50040000,16.6(-0.60 %),35270,587382000,32370,537342000,8356548,37.93
17/10/2014,29990,496434000,16.6(0.00 %),29990,496434000,0,0,8326558,37.97
20/10/2014,46770,776382000,16.6(0.00 %),46770,776382000,0,0,8279788,38.03
21/10/2014,179500,2980150000,16.7(0.60 %),179500,2980150000,0,0,8100288,38.27
22/10/2014,130010,2196178000,16.8(0.60 %),180010,3041038000,50000,844860000,7970278,38.44
23/10/2014,122910,2064888000,16.9(0.60 %),122910,2064888000,0,0,7847368,38.61
24/10/2014,256000,4329100000,17(0.59 %),256000,4329100000,0,0,7591368,38.95
27/10/2014,51360,865490000,16.7(-1.76 %),83370,1401057000,32010,535567000,7540008,39.01
29/10/2014,117750,1966441000,16.8(0.60 %),117750,1966441000,0,0,7422258,39.17
30/10/2014,340860,5726448000,16.9(0.60 %),342860,5760048000,2000,33600000,7081398,39.62
31/10/2014,23670,419319000,18(6.51 %),23770,421119000,100,1800000,7057728,39.65
03/11/2014,-13000,-248300000,19.1(6.11 %),2000,38200000,15000,286500000,7191908,39.47
04/11/2014,0,0,19(-0.52 %),0,0,0,0,7191908,39.47
05/11/2014,-1000,-18545000,18(-5.26 %),0,0,1000,18545000,7192908,39.47
06/11/2014,3000,55500000,18.7(3.89 %),3000,55500000,0,0,7189908,39.48
07/11/2014,0,0,18.5(-1.07 %),0,0,0,0,7189908,39.48
10/11/2014,10100,186350000,18.5(0.00 %),10100,186350000,0,0,7179808,39.49
11/11/2014,-22850,-413340000,18(-2.70 %),2100,38130000,24950,451470000,7202658,39.46
12/11/2014,9110,153225000,18(0.00 %),39110,685225000,30000,532000000,7193548,39.47
13/11/2014,-29120,-526125000,18.3(1.67 %),20880,372473000,50000,898598000,7222668,39.43
14/11/2014,-19400,-344434000,17.7(-3.28 %),20600,365320000,40000,709754000,7242068,39.41
17/11/2014,102390,1791913000,17.7(0.00 %),102390,1791913000,0,0,7139678,39.54
18/11/2014,-66210,-1165356000,17.5(-1.13 %),13000,227600000,79210,1392956000,7205888,39.46
19/11/2014,21000,367269000,17.5(0.00 %),31000,542600000,10000,175331000,7184888,39.48
20/11/2014,-5740,-100650000,17.8(1.71 %),5780,101150000,11520,201800000,7106998,0.0
21/11/2014,59290,1038370000,17.5(-1.69 %),59290,1038370000,0,0,7047708,0.0
24/11/2014,35420,615850000,17.5(0.00 %),35420,615850000,0,0,7091498,0.0
25/11/2014,9980,176150000,17.8(1.71 %),9980,176150000,0,0,7091518,0.0
26/11/2014,63090,1111280000,17.6(-1.12 %),63090,1111280000,0,0,7039948,0.0
27/11/2014,21870,391420000,18.2(3.41 %),121240,2130640000,99370,1739220000,6918708,0.0
28/11/2014,-13470,-242480000,18(-1.10 %),35190,633400000,48660,875880000,6883518,0.0
01/12/2014,9670,174060000,17.7(-1.67 %),10000,180000000,330,5940000,6873518,0.0
02/12/2014,31770,555980000,17.5(-1.13 %),31770,555980000,0,0,6841748,0.0
03/12/2014,-10530,-188240000,17.6(0.57 %),29470,516210000,40000,704450000,6911648,0.0
04/12/2014,-38840,-680900000,17.5(-0.57 %),111160,1945460000,150000,2626360000,6849148,0.0
05/12/2014,5750,100630000,17.7(1.14 %),5750,100630000,0,0,6843728,0.0
08/12/2014,-51220,-897310000,17.5(-1.13 %),255980,4479650000,307200,5376960000,6587748,0.0
09/12/2014,164070,2870150000,17.5(0.00 %),164870,2884230000,800,14080000,6462878,0.0
10/12/2014,40800,714000000,17.7(1.14 %),41800,731500000,1000,17500000,6571078,0.0
11/12/2014,0,0,17.7(0.00 %),0,0,0,0,6571078,0.0
12/12/2014,0,0,17.7(0.00 %),0,0,0,0,6571078,40.3
15/12/2014,-40640,-714980000,17.5(-1.13 %),59360,1038800000,100000,1753780000,6819718,0.0
16/12/2014,806070,14106230000,17.7(1.14 %),806730,14117780000,660,11550000,6013988,0.0
17/12/2014,-1200,-21240000,17.5(-1.13 %),1200,21240000,2400,42480000,6012788,0.0
18/12/2014,-7760,-132740000,17.8(1.71 %),19710,344770000,27470,477510000,5993078,0.0
19/12/2014,-14100,-240400000,17.1(-3.93 %),2300,40710000,16400,281110000,6090778,0.0
22/12/2014,-20000,-344501000,17.8(4.09 %),0,0,20000,344501000,6110778,40.91
23/12/2014,0,0,17.1(-3.93 %),0,0,0,0,6093838,0.0
24/12/2014,5300,92220000,17.3(1.17 %),6000,104400000,700,12180000,6115308,0.0
25/12/2014,0,0,17.3(0.00 %),0,0,0,0,6131708,0.0
26/12/2014,100,1730000,16.2(-6.36 %),100,1730000,0,0,6131608,40.88
29/12/2014,0,0,16.2(0.00 %),0,0,0,0,6131608,40.88
30/12/2014,0,0,16.2(0.00 %),0,0,0,0,6131608,40.88
31/12/2014,-100,-1620000,16.7(3.09 %),0,0,100,1620000,6131708,40.88
05/01/2015,10,164000,16.7(0.00 %),10,164000,0,0,6152298,40.85
06/01/2015,0,0,16.6(-0.60 %),0,0,0,0,6152298,40.85
07/01/2015,3600,59760000,16.6(0.00 %),3600,59760000,0,0,6148698,40.86
08/01/2015,-1070,-17980000,16.8(1.20 %),1000,16600000,2070,34580000,6149768,40.85
09/01/2015,0,0,16.8(0.00 %),0,0,0,0,6149768,40.85
12/01/2015,0,0,16.6(-1.19 %),0,0,0,0,6149768,40.85
13/01/2015,0,0,16.5(-0.60 %),0,0,0,0,6149768,40.85
14/01/2015,0,0,16.4(-0.61 %),0,0,0,0,6149768,40.85
15/01/2015,-10,-165000,16.1(-1.83 %),0,0,10,165000,6149778,40.85
16/01/2015,-24100,-388010000,16.1(0.00 %),0,0,24100,388010000,6173878,40.82
19/01/2015,-10670,-170720000,15.7(-2.48 %),0,0,10670,170720000,6184548,40.81
20/01/2015,-14580,-234111000,16.3(3.82 %),74500,1186000000,89080,1420111000,6199128,40.79
21/01/2015,5350,85600000,16.3(0.00 %),5350,85600000,0,0,6193778,40.8
22/01/2015,-3000,-48380000,16(-1.84 %),800,12800000,3800,61180000,6196778,40.79
23/01/2015,25130,402080000,16(0.00 %),25130,402080000,0,0,6171648,40.83
26/01/2015,25130,402080000,16.4(2.50 %),25130,402080000,0,0,6146518,40.86
27/01/2015,33980,547780000,16(-2.44 %),33980,547780000,0,0,6112538,40.9
28/01/2015,17000,272500000,16.1(0.62 %),17000,272500000,0,0,6095538,40.93
29/01/2015,9980,160678000,16.1(0.00 %),10000,161000000,20,322000,6085558,40.94
30/01/2015,15110,241760000,16(-0.62 %),15110,241760000,0,0,6070448,40.96
02/02/2015,12000,192400000,16(0.00 %),12000,192400000,0,0,6058528,40.98
03/02/2015,2550,41000000,16.1(0.62 %),9150,146600000,6600,105600000,6055978,40.98
04/02/2015,195180,3090579000,16(-0.62 %),195180,3090579000,0,0,5860798,41.24
05/02/2015,136750,2174295000,16(0.00 %),136750,2174295000,0,0,5724048,41.42
06/02/2015,79610,1266299000,16.1(0.62 %),94210,1498439000,14600,232140000,5644438,41.52
09/02/2015,13440,215113000,16.1(0.00 %),13440,215113000,0,0,5630998,41.54
10/02/2015,13840,224532000,16.2(0.62 %),13840,224532000,0,0,5617158,41.56
11/02/2015,31620,516944000,16.4(1.23 %),31620,516944000,0,0,5585538,41.6
12/02/2015,32240,528072000,16.6(1.22 %),33640,551032000,1400,22960000,5553298,41.64
13/02/2015,9470,156255000,16.5(-0.60 %),9470,156255000,0,0,5543828,41.66
24/02/2015,-1010,-17033000,16.7(1.21 %),2880,47520000,3890,64553000,5544838,41.66
25/02/2015,2710,44725000,16.6(-0.60 %),7300,121370000,4590,76645000,5542128,41.66
26/02/2015,0,0,16.7(0.60 %),0,0,0,0,5542128,41.66
27/02/2015,0,0,16.5(-1.20 %),0,0,0,0,5542128,41.66
02/03/2015,-10510,-177029000,17.3(4.85 %),2090,34821000,12600,211850000,5535468,41.67
03/03/2015,8370,147441000,18.2(5.20 %),13200,231000000,4830,83559000,5527098,41.68
04/03/2015,86800,1601439000,18.1(-0.55 %),86800,1601439000,0,0,5440298,41.79
05/03/2015,4000,69600000,17.5(-3.31 %),5000,87500000,1000,17900000,5436298,41.8
06/03/2015,20930,375597000,17.9(2.29 %),21730,389997000,800,14400000,5415368,41.83
09/03/2015,89720,1615410000,18(0.56 %),90000,1620450000,280,5040000,5325648,41.95
10/03/2015,20270,362338000,17.7(-1.67 %),20270,362338000,0,0,5305378,41.97
11/03/2015,0,0,17.6(-0.56 %),0,0,0,0,5305378,41.97
12/03/2015,0,0,17.5(-0.57 %),0,0,0,0,5305378,41.97
13/03/2015,2470,43223000,17.2(-1.71 %),2690,47075000,220,3852000,5302908,41.98
16/03/2015,-1000,-16950000,17.1(-0.58 %),0,0,1000,16950000,5303908,41.97
17/03/2015,1080,18576000,17.1(0.00 %),1080,18576000,0,0,5302828,41.98
18/03/2015,8220,139033000,17(-0.58 %),8220,139033000,0,0,5294608,41.99
19/03/2015,1080,18252000,17(0.00 %),1080,18252000,0,0,5293528,41.99
20/03/2015,360,6120000,16.9(-0.59 %),360,6120000,0,0,5293168,41.99
23/03/2015,0,0,16.9(0.00 %),0,0,0,0,5293168,41.99
24/03/2015,7890,131178000,16.8(-0.59 %),8930,148338000,1040,17160000,5285278,42.0
25/03/2015,7890,131178000,16.6(-1.19 %),8930,148338000,1040,17160000,5277388,42.01
26/03/2015,500,8350000,16.7(0.60 %),500,8350000,0,0,5276888,42.01
27/03/2015,1970,32525000,16.8(0.60 %),1970,32525000,0,0,5274918,42.01
30/03/2015,-1000,-17600000,16.5(-1.79 %),5000,83200000,6000,100800000,5275918,42.01
31/03/2015,2000,33000000,16.7(1.21 %),2000,33000000,0,0,5273918,42.01
01/04/2015,1980,32770000,16.8(0.60 %),1980,32770000,0,0,5281018,42.01
02/04/2015,4000,66800000,16.8(0.00 %),4000,66800000,0,0,5277018,42.01
03/04/2015,0,0,16.7(-0.60 %),0,0,0,0,5277018,42.01
06/04/2015,0,0,16.7(0.00 %),0,0,0,0,5277018,42.01
07/04/2015,0,0,16.9(1.20 %),0,0,0,0,5277018,42.01
08/04/2015,-200,-3450000,16.9(0.00 %),700,11760000,900,15210000,5277218,42.01
09/04/2015,0,0,17(0.59 %),0,0,0,0,5277218,42.01
10/04/2015,0,0,17.3(1.76 %),0,0,0,0,5277218,42.01
13/04/2015,-1400,-24080000,17.3(0.00 %),0,0,1400,24080000,5278618,42.01
14/04/2015,-1000,-17100000,17.2(-0.58 %),0,0,1000,17100000,5279618,42.01
15/04/2015,0,0,17.2(0.00 %),0,0,0,0,5279618,42.01
16/04/2015,0,0,17.2(0.00 %),1000,17200000,1000,17200000,5279618,42.01
17/04/2015,2830,48820000,16.9(-1.74 %),4730,80930000,1900,32110000,5276788,42.01
20/04/2015,-9000,-152900000,17.3(2.37 %),1600,27300000,10600,180200000,5285788,42.0
21/04/2015,-350,-5630000,17.4(0.58 %),1000,17500000,1350,23130000,5286138,42.0
22/04/2015,0,0,17.5(0.57 %),0,0,0,0,5286138,42.0
23/04/2015,5270,94833000,17.6(0.57 %),5270,94833000,0,0,5280868,42.01
24/04/2015,20,352000,17.7(0.57 %),20,352000,0,0,5280848,42.01
27/04/2015,0,0,17.5(-1.13 %),0,0,0,0,5280848,42.01
04/05/2015,1000,16800000,16.6(-5.14 %),3000,51200000,2000,34400000,5283848,42.0
05/05/2015,0,0,17(2.41 %),0,0,0,0,5283848,42.0
06/05/2015,-80,-1320000,16.9(-0.59 %),0,0,80,1320000,5283928,42.0
07/05/2015,0,0,17.1(1.18 %),0,0,0,0,5283928,42.0
08/05/2015,20570,350030000,17.1(0.00 %),23570,401330000,3000,51300000,5263358,42.03
11/05/2015,24400,419810000,17.4(1.75 %),24400,419810000,0,0,5238958,42.06
12/05/2015,0,0,17.3(-0.57 %),0,0,0,0,5238958,42.06
13/05/2015,0,0,17.3(0.00 %),0,0,0,0,5238958,42.06
14/05/2015,20,340000,17.2(-0.58 %),20,340000,0,0,5238938,42.06
15/05/2015,16640,289247000,17.3(0.58 %),16640,289247000,0,0,5222298,42.08
18/05/2015,16100,278830000,17.3(0.00 %),17600,304480000,1500,25650000,5206198,42.1
19/05/2015,-2800,-48440000,17.5(1.16 %),0,0,2800,48440000,5208998,42.1
20/05/2015,50,860000,17.8(1.71 %),50,860000,0,0,5208948,42.1
21/05/2015,4000,72000000,17.8(0.00 %),4000,72000000,0,0,5204948,42.11
22/05/2015,2380,42226000,17.7(-0.56 %),2380,42226000,0,0,5202568,42.11
25/05/2015,4800,84310000,17.2(-2.82 %),4800,84310000,0,0,5197768,42.12
26/05/2015,2220,38184000,17.5(1.74 %),4220,72584000,2000,34400000,5195548,42.12
27/05/2015,5500,93700000,17.1(3.64 %),5580,95036000,80,1336000,5190048,42.13
28/05/2015,12600,214200000,17(-0.58 %),12600,214200000,0,0,5177448,42.14
29/05/2015,-1040,-17680000,17(0.00 %),0,0,1040,17680000,5178488,42.14
01/06/2015,9450,162753000,17(0.00 %),9490,163449000,40,696000,5169878,42.15
02/06/2015,0,0,17(0.00 %),0,0,0,0,5169878,42.15
03/06/2015,2100,38480000,16.8(-1.18 %),8000,137600000,5900,99120000,5167778,42.16
04/06/2015,-9260,-153871000,16.7(-0.60 %),0,0,9260,153871000,5177038,42.14
05/06/2015,-10380,-166002000,16.7(0.00 %),0,0,10380,166002000,5187418,42.13
08/06/2015,-15100,-252180000,16.6(-0.60 %),100,1680000,15200,253860000,5202518,42.11
09/06/2015,-1000,-16520000,16.5(-0.60 %),0,0,1000,16520000,5203518,42.11
10/06/2015,40,588000,16.4(-0.61 %),170,2720000,130,2132000,5203478,42.11
11/06/2015,-2140,-35372000,16.6(1.22 %),5600,91840000,7740,127212000,5205618,42.11
12/06/2015,-8370,-139280000,16.7(0.60 %),0,0,8370,139280000,5213988,42.09
15/06/2015,5560,93349000,16.8(0.60 %),10560,177349000,5000,84000000,5208428,42.1
16/06/2015,-10,-170000,16.8(0.00 %),0,0,10,170000,5208438,42.1
17/06/2015,2740,46032000,16.8(0.00 %),3740,62832000,1000,16800000,5205698,42.11
18/06/2015,350,5740000,16.5(-1.79 %),350,5740000,0,0,5205348,42.11
19/06/2015,0,0,16.7(1.21 %),0,0,0,0,5205348,42.11
22/06/2015,-1300,-21110000,16.3(-2.40 %),200,3340000,1500,24450000,5206648,42.1
23/06/2015,0,0,16.5(1.23 %),0,0,0,0,5206648,42.1
24/06/2015,-1500,-24750000,16.5(0.00 %),0,0,1500,24750000,5208148,42.1
25/06/2015,5410,89468000,17(3.03 %),5410,89468000,0,0,5202738,42.11
26/06/2015,0,0,16.7(-1.76 %),0,0,0,0,5202738,42.11
29/06/2015,350,5775000,16.7(0.00 %),350,5775000,0,0,5202388,42.11
30/06/2015,0,0,16.8(0.60 %),0,0,0,0,5202388,42.11
01/07/2015,600,9900000,16.5(-1.79 %),600,9900000,0,0,5202948,42.11
02/07/2015,220,3586000,16.8(1.82 %),220,3586000,0,0,5202728,42.11
03/07/2015,-2500,-42308000,17(1.19 %),20,332000,2520,42640000,5205228,42.11
06/07/2015,20,890000,17.8(4.71 %),3500,61850000,3480,60960000,5205208,42.11
07/07/2015,-13300,-251132000,19(6.74 %),21400,406600000,34700,657732000,5218508,42.09
08/07/2015,-9000,-169044000,18.7(-1.58 %),1000,18600000,10000,187644000,5227508,42.08
09/07/2015,-1370,-24386000,17.8(-4.81 %),1000,17800000,2370,42186000,5228878,42.07
10/07/2015,0,0,19(6.74 %),0,0,0,0,5228878,42.07
13/07/2015,-9000,-182700000,20.3(6.84 %),0,0,9000,182700000,5237878,42.06
14/07/2015,-760,-16492000,21.7(6.90 %),0,0,760,16492000,5238638,42.06
15/07/2015,-190600,-4419720000,22.9(5.53 %),39800,922960000,230400,5342680000,5429238,41.81
16/07/2015,-169720,-4155051000,24.5(6.99 %),15240,355865000,184960,4510916000,5598958,41.58
17/07/2015,152350,3908992000,26.1(6.53 %),188250,4819679000,35900,910687000,5446608,41.79
20/07/2015,28220,718428000,25.4(-2.68 %),32500,827924000,4280,109496000,5418388,41.82
21/07/2015,2930,57856000,23.7(-6.69 %),14430,345206000,11500,287350000,5415458,41.83
22/07/2015,8300,185410000,24(1.27 %),8300,185410000,0,0,5407158,41.84
23/07/2015,-10000,-245000000,24(0.00 %),0,0,10000,245000000,5417158,41.82
24/07/2015,6180,147870000,23.2(-3.33 %),6180,147870000,0,0,5410978,41.83
27/07/2015,-790,-20624000,22.6(-2.59 %),3200,71944000,3990,92568000,5411768,41.83
28/07/2015,-9250,-212350000,22.9(1.33 %),0,0,9250,212350000,5421018,41.82
29/07/2015,3760,84935000,22.5(-1.75 %),10760,245255000,7000,160320000,5417258,41.82
30/07/2015,49500,1133260000,22.9(1.78 %),50000,1144360000,500,11100000,5367758,41.89
31/07/2015,-3000,-70800000,22.1(-3.49 %),2000,44200000,5000,115000000,5370758,41.89
03/08/2015,0,0,20.6(-6.79 %),0,0,0,0,5358258,41.9
04/08/2015,3000,62090000,20.5(-0.49 %),4000,82490000,1000,20400000,5355258,41.91
05/08/2015,12560,267740000,21.4(4.39 %),12560,267740000,0,0,5342698,41.92
06/08/2015,0,0,20.4(-4.67 %),0,0,0,0,5342698,41.92
07/08/2015,440,9020000,20.6(0.98 %),440,9020000,0,0,5342258,41.92
10/08/2015,12020,252820000,22(6.80 %),15420,326820000,3400,74000000,5330238,41.94
11/08/2015,-500,-11600000,23.5(6.82 %),0,0,500,11600000,5330738,41.94
12/08/2015,20080,471880000,23(-2.13 %),20080,471880000,0,0,5310658,41.97
13/08/2015,0,0,21.6(-6.09 %),0,0,0,0,5310658,41.97
14/08/2015,0,0,22(1.85 %),0,0,0,0,5310658,41.97
17/08/2015,-7000,-154000000,20.9(-5.00 %),0,0,7000,154000000,5317658,41.96
18/08/2015,0,0,21.7(3.83 %),0,0,0,0,5317658,41.96
19/08/2015,-890,-20300000,22.2(2.30 %),1110,23700000,2000,44000000,5318548,41.96
20/08/2015,26480,609260000,23.1(4.05 %),30000,689190000,3520,79930000,5292068,41.99
21/08/2015,-1940,-42810000,22.8(-1.30 %),200,4480000,2140,47290000,5294008,41.99
24/08/2015,17000,364500000,21.3(-6.58 %),25000,536500000,8000,172000000,5277008,42.01
25/08/2015,-10430,-222850000,22(3.29 %),0,0,10430,222850000,5287438,42.0
26/08/2015,-2250,-49850000,22.2(0.91 %),0,0,2250,49850000,5289688,41.99
27/08/2015,-17300,-386320000,22.4(0.90 %),3000,66600000,20300,452920000,5306988,41.97
28/08/2015,-7300,-164750000,22.6(0.89 %),5700,128250000,13000,293000000,5314288,41.96
31/08/2015,11450,267740000,23.3(3.10 %),11450,267740000,0,0,5302838,41.98
01/09/2015,4410,102750000,22.9(-1.72 %),4410,102750000,0,0,5277628,42.01
03/09/2015,-11600,-261050000,21.7(-5.24 %),1000,22450000,12600,283500000,5289228,41.99
04/09/2015,15800,344660000,22(1.38 %),20500,446650000,4700,101990000,5273428,42.02
07/09/2015,-2240,-49250000,21.7(-1.36 %),8300,182630000,10540,231880000,5275668,42.01
08/09/2015,0,0,20.9(5.93 %),0,0,0,0,5275668,42.01
09/09/2015,-6760,-142180000,20.7(-0.96 %),250,5230000,7010,147410000,5282428,42.0
10/09/2015,-1000,-20600000,20.3(-1.93 %),0,0,1000,20600000,5283428,42.0
11/09/2015,-1000,-20480000,20.3(0.00 %),0,0,1000,20480000,5284428,42.0
14/09/2015,19530,376210000,19.3(-4.93 %),21660,419030000,2130,42820000,5264898,42.03
15/09/2015,0,0,19.5(1.04 %),0,0,0,0,5264898,42.03
16/09/2015,0,0,19.3(-1.03 %),0,0,0,0,5264898,42.03
17/09/2015,0,0,19.3(0.00 %),0,0,0,0,5264898,42.03
18/09/2015,-5000,-99000000,19.7(2.07 %),0,0,5000,99000000,5269898,42.02
21/09/2015,-4950,-100980000,20.4(3.55 %),0,0,4950,100980000,5274848,42.01
22/09/2015,-17990,-366890000,20.4(0.00 %),50,1020000,18040,367910000,5292838,41.99
23/09/2015,0,0,20.5(0.49 %),0,0,0,0,5292838,41.99
24/09/2015,0,0,20.9(1.95 %),0,0,0,0,5292838,41.99
25/09/2015,0,0,20.9(0.00 %),0,0,0,0,5292838,41.99
28/09/2015,0,0,20(-4.31 %),0,0,0,0,5292838,41.99
29/09/2015,0,0,19.7(-1.50 %),0,0,0,0,5292838,41.99
30/09/2015,0,0,20(1.52 %),0,0,0,0,5292838,41.99
01/10/2015,1580,31260000,19.8(-1.00 %),1580,31260000,0,0,5324558,41.95
02/10/2015,20000,390000000,19.5(-1.52 %),20000,390000000,0,0,5304558,41.97
05/10/2015,0,0,19.9(2.05 %),0,0,0,0,5304558,41.97
06/10/2015,-520,-10670000,21.2(6.53 %),0,0,520,10670000,5305078,41.97
07/10/2015,-16700,-368390000,21(-0.94 %),3300,71000000,20000,439390000,5321778,41.95
08/10/2015,1720,37360000,22.4(6.67 %),2720,59260000,1000,21900000,5320058,41.95
09/10/2015,230,5080000,22(-1.79 %),730,16160000,500,11080000,5319828,41.95
12/10/2015,0,0,21.7(-1.36 %),0,0,0,0,5319828,41.95
13/10/2015,19500,409500000,21.3(-1.84 %),19500,409500000,0,0,5300328,41.98
14/10/2015,0,0,22.7(6.57 %),0,0,0,0,5300328,41.98
15/10/2015,-2230,-51980000,23.4(3.08 %),1570,36580000,3800,88560000,5302558,41.98
16/10/2015,3040,73680000,23(-1.71 %),13040,304680000,10000,231000000,5299518,41.98
19/10/2015,0,0,23.6(2.61 %),0,0,0,0,5299518,41.98
20/10/2015,-34000,-840760000,25.2(6.78 %),0,0,34000,840760000,5333518,41.94
21/10/2015,7010,183210000,26.3(4.37 %),7510,196360000,500,13150000,5326508,41.95
22/10/2015,56800,1563830000,27.3(3.80 %),110000,2937780000,53200,1373950000,5269708,42.02
23/10/2015,-2980,-84540000,26.9(-1.47 %),2390,64370000,5370,148910000,5272688,42.02
26/10/2015,13460,362250000,26.6(-1.12 %),15010,403770000,1550,41520000,5259228,42.03
27/10/2015,-6790,-176010000,25.5(-4.14 %),80,2080000,6870,178090000,5266018,46.93
28/10/2015,-145000,-3714770000,25.3(-0.78 %),5000,127400000,150000,3842170000,5411018,46.73
29/10/2015,8710,223850000,26.5(4.74 %),8710,223850000,0,0,5402308,46.74
30/10/2015,18430,497530000,26.8(1.13 %),18430,497530000,0,0,5383878,46.77
02/11/2015,25550,666370000,26(-2.99 %),25550,666370000,0,0,5739170,46.3
03/11/2015,7840,207000000,27.1(4.23 %),7840,207000000,0,0,5731330,42.1
04/11/2015,18810,504770000,26.4(-2.58 %),18810,504770000,0,0,5712520,42.12
05/11/2015,-35950,-961560000,28.2(6.82 %),2000,52400000,37950,1013960000,5748470,42.08
06/11/2015,-12980,-367700000,27.4(-2.84 %),11970,330900000,24950,698600000,5761450,42.06
09/11/2015,16620,447940000,27(-1.46 %),16620,447940000,0,0,5744830,42.08
10/11/2015,7430,196900000,26.5(-1.85 %),7430,196900000,0,0,5737400,42.09
11/11/2015,0,0,25.6(-3.40 %),0,0,0,0,5737400,42.09
12/11/2015,0,0,27(5.47 %),0,0,0,0,5737400,42.09
13/11/2015,1510,38180000,27(0.00 %),7060,189710000,5550,151530000,5735890,42.09
16/11/2015,1300,34860000,26.6(-1.48 %),1400,37520000,100,2660000,5734590,42.1
17/11/2015,-12430,-332580000,26.6(0.00 %),2200,58500000,14630,391080000,5747020,42.08
18/11/2015,0,0,26.3(-1.13 %),0,0,0,0,5747020,42.08
19/11/2015,11350,299750000,26.5(0.76 %),11350,299750000,0,0,5735670,42.09
20/11/2015,-8910,-234330000,26.1(-1.51 %),0,0,8910,234330000,5744580,42.08
23/11/2015,2000,52200000,25.9(-0.77 %),2000,52200000,0,0,5742580,42.09
24/11/2015,-420,-10860000,25.7(-0.77 %),0,0,420,10860000,5883674,41.92
25/11/2015,-5480,-139810000,25.6(-0.39 %),3300,84960000,8780,224770000,5880374,41.92
26/11/2015,-26870,-686350000,25(-2.34 %),2350,58750000,29220,745100000,5886934,41.91
27/11/2015,-8010,-200254000,24.6(-1.60 %),0,0,8010,200254000,5894944,41.9
30/11/2015,-1000,-24400000,24(-2.44 %),0,0,1000,24400000,5887354,41.91
01/12/2015,0,0,24.1(0.42 %),0,0,0,0,5896137,41.9
02/12/2015,-18530,-447830000,24.2(0.41 %),0,0,18530,447830000,5925357,41.87
03/12/2015,-5730,-138620000,24.1(-0.41 %),0,0,5730,138620000,5933367,41.86
04/12/2015,0,0,24.1(0.00 %),0,0,0,0,5934367,41.85
07/12/2015,18440,442560000,24(-0.41 %),18440,442560000,0,0,5915927,41.88
08/12/2015,-18930,-458120000,25.6(6.67 %),0,0,18930,458120000,5934457,41.85
09/12/2015,7630,198930000,25.2(-1.56 %),7630,198930000,0,0,5932557,41.86
10/12/2015,17260,440660000,25.7(1.98 %),17700,451750000,440,11090000,5914857,41.88
11/12/2015,2900,74900000,25.2(-1.95 %),5500,141000000,2600,66100000,5909357,41.88
14/12/2015,5000,126000000,25.2(0.00 %),5000,126000000,0,0,5923287,41.87
15/12/2015,-10450,-258780000,25.2(0.00 %),0,0,10450,258780000,5923287,41.87
16/12/2015,300,7620000,25.1(-0.40 %),300,7620000,0,0,5923427,41.87
17/12/2015,7000,180080000,26(3.59 %),7000,180080000,0,0,5919027,41.87
18/12/2015,97970,2563830000,26.5(1.92 %),98300,2572410000,330,8580000,5820727,41.99
21/12/2015,30670,799490000,26.1(-1.51 %),30670,799490000,0,0,5800513,42.02
22/12/2015,-2000,-51600000,25.7(-1.53 %),0,0,2000,51600000,5800513,42.02
23/12/2015,10000,253000000,25.7(0.00 %),10000,253000000,0,0,5790513,42.03
24/12/2015,11570,298920000,26(1.17 %),15000,386510000,3430,87590000,5775843,42.05
25/12/2015,1000,26000000,26(0.00 %),1000,26000000,0,0,5774845,42.05
28/12/2015,-12170,-292860000,25.2(-3.08 %),15000,383220000,27170,676080000,5761845,42.06
29/12/2015,18000,463990000,25.9(2.78 %),20000,515240000,2000,51250000,5741845,42.09
30/12/2015,20000,519560000,26(0.39 %),20000,519560000,0,0,5725282,42.11
31/12/2015,0,0,25.2(-3.08 %),0,0,0,0,5725282,42.11
04/01/2016,14380,371740000,25.6(1.59 %),27230,695990000,12850,324250000,5725222,42.11
05/01/2016,18040,463730000,25.6(0.00 %),22000,564710000,3960,100980000,5705222,42.13
06/01/2016,-170,-4330000,25.4(-0.78 %),330,8450000,500,12780000,5704892,42.13
07/01/2016,-1500,-37900000,24.6(-3.15 %),500,12300000,2000,50200000,5717242,42.12
08/01/2016,-6360,-155340000,24(-2.44 %),0,0,6360,155340000,5721202,42.11
11/01/2016,630,12820000,23.5(-2.08 %),7770,184180000,7140,171360000,5713932,42.12
12/01/2016,10200,252370000,24.4(3.83 %),17200,418870000,7000,166500000,5698732,42.14
13/01/2016,13400,330950000,24.7(1.23 %),13400,330950000,0,0,5691692,42.15
14/01/2016,-8890,-212100000,24.4(-1.21 %),7110,172200000,16000,384300000,5691722,42.15
15/01/2016,7670,186190000,23.7(-2.87 %),8870,214850000,1200,28660000,5689852,42.15
18/01/2016,186050,4318140000,24(1.27 %),194400,4515420000,8350,197280000,5495452,42.38
19/01/2016,-9420,-224890000,23.7(-1.25 %),9280,221360000,18700,446250000,5502172,42.37
20/01/2016,64010,1529420000,23.6(-0.42 %),90970,2165880000,26960,636460000,5412402,42.48
21/01/2016,12800,293020000,23.4(-0.85 %),27600,639110000,14800,346090000,5393152,42.51
22/01/2016,18680,445860000,24(2.56 %),21000,499220000,2320,53360000,5390852,42.51
25/01/2016,42000,1039360000,25.1(4.58 %),46000,1138560000,4000,99200000,5361212,42.54
26/01/2016,53650,1340950000,24.9(-0.80 %),55700,1391360000,2050,50410000,5330912,42.58
27/01/2016,-370,-9240000,24.8(-0.40 %),300,7440000,670,16680000,5332932,42.58
28/01/2016,4000,98000000,24(-3.23 %),5000,122400000,1000,24400000,5331932,42.58
29/01/2016,38000,918830000,24.5(2.08 %),38000,918830000,0,0,5295982,42.62
01/02/2016,5800,140840000,24(-2.04 %),6000,145700000,200,4860000,5290652,42.63
02/02/2016,-350,-8400000,24(0.00 %),1160,27260000,1510,35660000,5290492,42.63
03/02/2016,-6000,-143410000,23.9(-0.42 %),3000,71690000,9000,215100000,5287492,42.63
04/02/2016,13320,320470000,24.1(0.84 %),22200,533880000,8880,213410000,5265492,42.66
05/02/2016,16530,408710000,24.1(0.00 %),19640,483970000,3110,75260000,5247362,42.68
15/02/2016,0,0,24.4(1.24 %),0,0,0,0,5256362,42.67
16/02/2016,24200,593020000,24.7(1.23 %),24200,593020000,0,0,5241042,42.69
17/02/2016,8420,208080000,24.8(0.40 %),15000,370740000,6580,162660000,5229152,42.7
18/02/2016,44000,1106000000,25.1(1.21 %),44000,1106000000,0,0,5185152,42.76
19/02/2016,6000,154850000,25.7(2.39 %),35000,894850000,29000,740000000,5150152,42.8
22/02/2016,-12390,-318820000,25.7(0.00 %),1300,33410000,13690,352230000,5155432,42.79
23/02/2016,-13410,-334280000,24.4(-5.06 %),3200,82240000,16610,416520000,5152232,42.8
24/02/2016,-12190,-288300000,25.1(2.87 %),19550,488360000,31740,776660000,5161682,42.78
25/02/2016,1490,34970000,25(-0.40 %),24050,602260000,22560,567290000,5151322,42.8
26/02/2016,7580,189490000,25.2(0.80 %),7580,189490000,0,0,5160352,42.79
29/02/2016,-3200,-79570000,24.4(-3.17 %),0,0,3200,79570000,5192092,42.75
01/03/2016,-880,-22350000,24.9(2.05 %),7600,189970000,8480,212320000,5207052,42.73
02/03/2016,-24120,-609930000,26(4.42 %),44300,1134540000,68420,1744470000,5162752,42.78
03/03/2016,-31840,-801910000,25.5(-1.92 %),25600,658700000,57440,1460610000,5140352,42.81
04/03/2016,53820,1444790000,26.2(2.75 %),154300,4092950000,100480,2648160000,4994532,42.99
07/03/2016,-27190,-711960000,25.8(-1.53 %),48500,1263300000,75690,1975260000,5014452,42.96
08/03/2016,4610,121110000,26(0.78 %),62000,1595780000,57390,1474670000,5009892,42.97
09/03/2016,-22090,-559050000,25.2(-3.08 %),6200,161200000,28290,720250000,5104172,42.85
10/03/2016,-4050,-105610000,25.9(2.78 %),34300,873160000,38350,978770000,5145562,42.8
11/03/2016,-45060,-1170260000,26(0.39 %),36000,931960000,81060,2102220000,5166952,42.78
14/03/2016,-69990,-1825740000,26(0.00 %),10,260000,70000,1826000000,5195232,42.74
15/03/2016,-45530,-1163370000,25.4(-2.31 %),24470,630420000,70000,1793790000,5209112,42.73
16/03/2016,21000,540700000,25.7(1.18 %),21000,540700000,0,0,5269172,42.66
17/03/2016,-16160,-414560000,25.4(-1.17 %),26000,669600000,42160,1084160000,5313172,42.6
18/03/2016,-31810,-810510000,25.5(0.39 %),20000,509050000,51810,1319560000,5363172,42.54
21/03/2016,9820,249610000,25.5(0.00 %),27800,709060000,17980,459450000,5335372,42.58
22/03/2016,42080,1066130000,25.2(-1.18 %),47200,1196690000,5120,130560000,5330332,42.58
23/03/2016,19170,482990000,25.2(0.00 %),20100,506430000,930,23440000,5362042,42.54
24/03/2016,33000,829090000,24.9(-1.19 %),33000,829090000,0,0,5347022,42.56
25/03/2016,4200,105180000,25.1(0.80 %),4200,105180000,0,0,5347942,42.56
28/03/2016,79850,1993120000,24.8(-1.20 %),79850,1993120000,0,0,5269022,42.66
29/03/2016,4250,104820000,24.7(-0.40 %),4250,104820000,0,0,5264772,42.66
30/03/2016,22900,564780000,24.7(0.00 %),23000,567220000,100,2440000,5241772,42.69
31/03/2016,14200,349000000,24.5(-0.81 %),17000,417600000,2800,68600000,5224772,42.71
01/04/2016,-900,-21870000,24.4(-0.41 %),0,0,900,21870000,5224772,42.71
04/04/2016,3690,89960000,24.3(-0.41 %),5810,141480000,2120,51520000,5219062,42.72
05/04/2016,300,7230000,24.3(0.00 %),300,7230000,0,0,5221562,42.71
06/04/2016,42620,1052320000,25.4(4.53 %),54500,1336780000,11880,284460000,5167962,42.78
07/04/2016,22040,553010000,25.2(-0.79 %),37140,931980000,15100,378970000,5132942,42.82
08/04/2016,12730,317150000,25(-0.79 %),34400,858900000,21670,541750000,5098542,42.86
11/04/2016,-81500,-2044370000,25.2(0.80 %),25500,641010000,107000,2685380000,5084922,42.88
12/04/2016,-22090,-552620000,25(-0.79 %),440,11130000,22530,563750000,5099582,42.86
13/04/2016,-11390,-287220000,25(0.00 %),11610,290180000,23000,577400000,5109642,42.85
14/04/2016,21700,539330000,24.8(-0.80 %),36400,906230000,14700,366900000,5180242,42.76
15/04/2016,640,15860000,24.8(0.00 %),1700,42330000,1060,26470000,5201072,42.74
19/04/2016,950,23200000,24.1(-2.82 %),1000,24440000,50,1240000,5223072,42.71
20/04/2016,5800,139300000,23.8(-1.24 %),5800,139300000,0,0,5231972,42.7
21/04/2016,-4800,-115460000,24(0.84 %),7200,171990000,12000,287450000,5225832,42.71
22/04/2016,-4050,-97470000,24(0.00 %),4240,102290000,8290,199760000,5221642,42.71
25/04/2016,1800,43780000,24.5(2.08 %),1800,43780000,0,0,5219842,42.71
26/04/2016,-200,-4920000,24.5(0.00 %),3600,87950000,3800,92870000,5228242,42.7
27/04/2016,5910,142920000,24.5(0.00 %),5940,143640000,30,720000,5230592,42.7
28/04/2016,25700,617830000,24.3(-0.82 %),25800,620240000,100,2410000,5204792,42.73
29/04/2016,36480,937110000,24.9(2.47 %),46700,1187690000,10220,250580000,5161892,42.78
04/05/2016,30800,766660000,25.1(0.80 %),30800,766660000,0,0,5131126,42.82
05/05/2016,3080,76820000,24.8(-1.20 %),3700,92320000,620,15500000,5127526,42.83
06/05/2016,770,17940000,24.1(-2.82 %),8300,201760000,7530,183820000,5129446,42.82
09/05/2016,-2370,-56830000,24.2(0.41 %),3100,74730000,5470,131560000,5126346,42.83
10/05/2016,3000,72680000,24(-0.83 %),8000,192200000,5000,119520000,5118966,42.84
11/05/2016,17000,413320000,24.4(1.67 %),17000,413320000,0,0,5109496,42.85
12/05/2016,1300,31320000,24.3(-0.41 %),1300,31320000,0,0,5113666,42.84
13/05/2016,1100,26290000,23.8(-2.06 %),1100,26290000,0,0,5117566,42.84
16/05/2016,1500,35700000,23.5(-1.26 %),1500,35700000,0,0,5116066,42.84
17/05/2016,-7500,-177750000,24(2.13 %),200,4740000,7700,182490000,5115866,42.84
18/05/2016,15500,378160000,24.1(0.42 %),15500,378160000,0,0,5100366,42.86
19/05/2016,9930,240960000,24.3(0.83 %),9930,240960000,0,0,5090436,42.87
20/05/2016,13500,332170000,24.8(2.06 %),13500,332170000,0,0,5084636,42.88
23/05/2016,4000,99900000,24.6(-0.81 %),4000,99900000,0,0,5080636,42.88
24/05/2016,18300,449720000,24.6(0.00 %),18300,449720000,0,0,5062336,42.9
25/05/2016,1900,46740000,24.2(-1.63 %),1900,46740000,0,0,5060436,42.91
26/05/2016,4650,112940000,24.4(0.83 %),7500,182750000,2850,69810000,5052936,42.92
27/05/2016,1680,40720000,24.4(0.00 %),7380,180370000,5700,139650000,5045556,42.92
30/05/2016,13620,332266000,24.4(0.00 %),13620,332266000,0,0,5031936,42.94
31/05/2016,0,0,24.2(3.42 %),0,0,0,0,5031936,42.94
01/06/2016,0,0,24(-0.83 %),0,0,0,0,5040486,42.93
02/06/2016,-6600,-155548000,23.7(-1.25 %),0,0,6600,155548000,5047086,42.92
03/06/2016,-2010,-47440000,23.6(-0.42 %),60,1410000,2070,48850000,5040426,42.93
06/06/2016,-20,-470000,23.5(-0.42 %),0,0,20,470000,5040426,42.93
07/06/2016,-120250,-2945640000,24.5(4.26 %),4000,98400000,124250,3044040000,5043026,42.93
08/06/2016,-25480,-634070000,24.6(0.41 %),1820,45500000,27300,679570000,5043276,42.93
09/06/2016,-10600,-261460000,24.8(0.81 %),14400,354340000,25000,615800000,5028896,42.94
10/06/2016,9360,227590000,24.1(-2.82 %),21000,510800000,11640,283210000,5132146,42.82
13/06/2016,-37880,-938380000,24.8(2.90 %),26500,656610000,64380,1594990000,5132946,42.82
14/06/2016,-15750,-392970000,24.5(-1.21 %),1250,30630000,17000,423600000,5156696,42.79
15/06/2016,-4910,-119640000,24.5(0.00 %),0,0,4910,119640000,5168336,42.78
16/06/2016,-13390,-326910000,24.2(-1.22 %),0,0,13390,326910000,5232716,42.7
17/06/2016,-36000,-856540000,23.8(-1.65 %),0,0,36000,856540000,5249716,42.68
20/06/2016,-12100,-287000000,23.8(0.00 %),0,0,12100,287000000,5254626,42.67
21/06/2016,-9800,-231860000,23.7(-0.42 %),27600,662300000,37400,894160000,5240416,42.69
22/06/2016,-31000,-734110000,23.6(-0.42 %),0,0,31000,734110000,5276416,42.65
23/06/2016,24500,597900000,24.5(3.81 %),24500,597900000,0,0,5264016,42.66
24/06/2016,40000,966970000,24.4(-0.41 %),40000,966970000,0,0,5261416,42.66
27/06/2016,-11930,-284050000,24(-1.64 %),0,0,11930,284050000,5292416,42.63
28/06/2016,10000,240000000,24(0.00 %),10000,240000000,0,0,5282416,42.64
29/06/2016,-20340,-496730000,24.9(3.75 %),134000,3328990000,154340,3825720000,5148416,42.8
30/06/2016,-101210,-2618360000,25.6(2.81 %),7450,193530000,108660,2811890000,5152896,42.8
01/07/2016,-34750,-935770000,26.8(4.69 %),29190,788160000,63940,1723930000,5123706,42.83
04/07/2016,-33020,-891620000,27(0.75 %),46590,1256280000,79610,2147900000,5231456,42.7
05/07/2016,-129980,-3504210000,26.2(-2.96 %),2620,70570000,132600,3574780000,5337496,42.57
06/07/2016,15900,418560000,26.6(1.53 %),15900,418560000,0,0,5385536,42.52
07/07/2016,25850,689310000,26.7(0.38 %),30850,822810000,5000,133500000,5434296,42.46
08/07/2016,-88650,-2437580000,27(1.12 %),30300,826400000,118950,3263980000,5536596,42.33
11/07/2016,-31280,-856430000,26.7(-1.11 %),24700,679310000,55980,1535740000,5536596,42.33
12/07/2016,-104810,-2734980000,25.7(-3.75 %),11900,317880000,116710,3052860000,5504996,42.37
13/07/2016,9170,240990000,26.7(3.89 %),14500,381800000,5330,140810000,5609446,42.25
14/07/2016,-19420,-543720000,28(4.87 %),82850,2341770000,102270,2885490000,5582576,42.28
15/07/2016,2400,66900000,27.7(-1.07 %),2400,66900000,0,0,5696886,42.14
18/07/2016,200,5500000,27.8(0.36 %),200,5500000,0,0,5702016,42.13
19/07/2016,44360,1241160000,27.9(0.36 %),48900,1366640000,4540,125480000,5755386,42.07
20/07/2016,67400,1861810000,27.8(-0.36 %),101500,2809890000,34100,948080000,5653886,42.19
21/07/2016,33690,919550000,27.5(-1.08 %),65700,1809610000,32010,890060000,5588186,42.27
22/07/2016,61300,1665120000,27.5(0.00 %),61300,1665120000,0,0,5531426,42.34
25/07/2016,-1280,-37360000,27.8(1.09 %),25000,693720000,26280,731080000,5540526,42.33
26/07/2016,-25290,-703850000,27.9(0.36 %),20000,557040000,45290,1260890000,5555538,42.31
27/07/2016,5470,150280000,27.7(-0.72 %),23400,648510000,17930,498230000,5532138,42.34
28/07/2016,3150,86840000,27.5(-0.72 %),3150,86840000,0,0,5555268,42.31
29/07/2016,-5000,-132200000,27.5(0.00 %),10000,272800000,15000,405000000,5590558,42.27
01/08/2016,27400,750010000,27.4(-0.36 %),27400,750010000,0,0,5581088,42.28
02/08/2016,44500,1194790000,27.2(-0.73 %),44500,1194790000,0,0,5536588,42.33
03/08/2016,64270,1717000000,26.6(-2.21 %),76480,2047110000,12210,330110000,5475108,42.41
04/08/2016,37430,987840000,25.3(-4.89 %),52560,1392750000,15130,404910000,5422548,42.47
05/08/2016,66740,1705650000,25.9(2.37 %),66740,1705650000,0,0,5355808,42.55
08/08/2016,34130,875510000,26.1(0.77 %),41500,1066390000,7370,190880000,5326518,42.59
09/08/2016,-11660,-304040000,26.2(0.38 %),24300,635120000,35960,939160000,5317348,42.6
10/08/2016,-16720,-436370000,26.3(0.38 %),35730,940160000,52450,1376530000,5281618,42.64
11/08/2016,-11620,-304030000,26.1(-0.76 %),92300,2412990000,103920,2717020000,5196690,42.74
12/08/2016,6600,171250000,26(-0.38 %),48000,1248050000,41400,1076800000,5184650,42.76
15/08/2016,28450,741890000,26.5(1.92 %),30000,782190000,1550,40300000,5207100,42.73
16/08/2016,11100,294510000,26.5(0.00 %),11100,294510000,0,0,5299920,42.62
17/08/2016,-128900,-3486670000,27.7(4.53 %),21100,582550000,150000,4069220000,5320220,42.59
18/08/2016,-198000,-5662070000,28.5(2.89 %),22000,628650000,220000,6290720000,5299770,42.62
19/08/2016,49900,1436650000,29.1(2.11 %),51900,1493650000,2000,57000000,5247870,42.68
22/08/2016,35940,1026420000,28.8(-1.03 %),36450,1041120000,510,14700000,5361420,42.54
23/08/2016,6000,168250000,27.9(-3.12 %),36000,1010450000,30000,842200000,5545420,42.32
24/08/2016,-500,-14040000,27.9(0.00 %),28500,803040000,29000,817080000,5518920,42.35
25/08/2016,9000,250560000,27.9(0.00 %),9000,250560000,0,0,5510430,42.36
26/08/2016,22000,622980000,28(0.36 %),22000,622980000,0,0,5518430,42.36
29/08/2016,-173700,-4923130000,28.2(0.71 %),40800,1154050000,214500,6077180000,5506630,42.37
30/08/2016,-52000,-1462480000,28.1(-0.35 %),23000,650220000,75000,2112700000,5483630,42.4
31/08/2016,-244030,-6991240000,29(3.20 %),43970,1258310000,288000,8249550000,5439660,42.45
01/09/2016,44000,1302300000,29.8(2.76 %),47000,1390200000,3000,87900000,5607160,42.25
05/09/2016,13380,404960000,30.2(1.34 %),33380,999960000,20000,595000000,5648780,42.2
06/09/2016,40230,1207640000,29.7(-1.66 %),49530,1486500000,9300,278860000,5887250,41.91
07/09/2016,-26760,-790940000,29.5(-0.67 %),25700,756130000,52460,1547070000,5864550,41.94
08/09/2016,-37240,-1099270000,30(1.69 %),110300,3294660000,147540,4393930000,5774250,42.05
09/09/2016,-19510,-590180000,30.2(0.67 %),85490,2568260000,105000,3158440000,5698060,42.14
12/09/2016,92250,2741090000,29.75(-1.49 %),123340,3664390000,31090,923300000,5627180,42.22
13/09/2016,5210,156390000,29.75(0.00 %),45230,1347140000,40020,1190750000,5729490,42.1
14/09/2016,-137160,-4211020000,30.9(3.87 %),35000,1083490000,172160,5294510000,5799490,42.02
15/09/2016,-54840,-1683100000,30.2(-2.27 %),0,0,54840,1683100000,5830580,41.98
16/09/2016,17010,523700000,30.5(0.99 %),72000,2188850000,54990,1665150000,5798600,42.02
19/09/2016,-930,-20470000,30(-1.64 %),47990,1460810000,48920,1481280000,5922770,41.87
20/09/2016,18910,572770000,29.5(-1.67 %),75000,2239510000,56090,1666740000,5902610,41.89
21/09/2016,22300,679040000,30(1.69 %),67300,2005420000,45000,1326380000,5890300,41.91
22/09/2016,88000,2466670000,28.2(3.41 %),88000,2466670000,0,0,5851220,41.95
23/09/2016,-19870,-562470000,28(-0.71 %),16900,476180000,36770,1038650000,5890410,41.91
26/09/2016,-15820,-449130000,28.5(1.79 %),47400,1347870000,63220,1797000000,5888010,41.91
27/09/2016,0,400000,28.2(-1.05 %),45000,1276590000,45000,1276190000,5843010,41.96
28/09/2016,-43130,-1214950000,28.15(-0.18 %),3750,105750000,46880,1320700000,5876030,41.92
29/09/2016,34000,957780000,27.9(-0.89 %),46000,1293880000,12000,336100000,5893250,41.9
30/09/2016,-50330,-1408010000,28.3(1.43 %),92670,2609310000,143000,4017320000,5845580,41.96
03/10/2016,-134540,-3828660000,28.1(-0.71 %),0,0,134540,3828660000,5892460,41.9
04/10/2016,-74460,-2108000000,28.1(0.00 %),11000,311660000,85460,2419660000,5893460,41.9
05/10/2016,-34910,-981460000,28(-0.36 %),30100,843320000,65010,1824780000,6006360,41.77
06/10/2016,-15360,-427570000,28(0.00 %),29300,811210000,44660,1238780000,6111600,41.64
07/10/2016,48290,1329390000,27.3(-2.50 %),89200,2464160000,40910,1134770000,6107860,41.65
10/10/2016,29200,791260000,27(-1.10 %),30200,818250000,1000,26990000,6142670,41.6
11/10/2016,41600,1120570000,27.5(1.85 %),44600,1200850000,3000,80280000,6142730,41.6
12/10/2016,89410,2442110000,27.4(-0.36 %),161830,4426710000,72420,1984600000,6021810,41.75
13/10/2016,5000,136500000,27.2(-0.73 %),5000,136500000,0,0,6017810,41.75
14/10/2016,-1040,-27790000,27(-0.74 %),4350,117620000,5390,145410000,6016460,41.76
17/10/2016,12980,347460000,26.9(-0.37 %),13600,364200000,620,16740000,6075280,41.68
18/10/2016,44170,1189350000,27(0.37 %),59700,1609460000,15530,420110000,6015580,41.76
19/10/2016,-370,-10180000,27(0.00 %),10000,270000000,10370,280180000,6010970,41.76
20/10/2016,600,15840000,26.8(-0.74 %),600,15840000,0,0,6010990,41.76
21/10/2016,-1680,-34140000,26.8(0.00 %),16500,440220000,18180,474360000,6010020,41.76
24/10/2016,19830,529080000,26.7(-0.37 %),19830,529080000,0,0,6000560,41.77
25/10/2016,18700,497010000,26.6(-0.37 %),18700,497010000,0,0,5981860,41.8
26/10/2016,11000,291100000,26.45(-0.56 %),11000,291100000,0,0,5989040,41.79
27/10/2016,3110,82210000,26.45(0.00 %),6110,161560000,3000,79350000,5982930,41.8
28/10/2016,1050,27290000,26(-1.70 %),5230,136930000,4180,109640000,5977700,41.8
31/10/2016,-1110,-27900000,26.2(0.77 %),12300,321640000,13410,349540000,5965400,41.82
01/11/2016,20200,530840000,26.4(0.76 %),43060,1133550000,22860,602710000,5925340,41.87
02/11/2016,8630,227750000,26.4(0.00 %),15630,412250000,7000,184500000,6517563,46.05
03/11/2016,15300,401140000,26.2(-0.76 %),15300,401140000,0,0,6515673,46.05
04/11/2016,7500,197770000,26.4(0.76 %),7500,197770000,0,0,6531033,46.04
07/11/2016,400,10790000,26.4(0.00 %),5950,156840000,5550,146050000,6532083,46.03
08/11/2016,-4130,-108490000,26.5(0.38 %),11780,311930000,15910,420420000,6520303,46.05
09/11/2016,15310,401550000,26.45(-0.19 %),24400,638730000,9090,237180000,6495903,46.08
10/11/2016,31700,839370000,26.35(-0.38 %),46000,1216690000,14300,377320000,6455453,41.93
11/11/2016,5770,151290000,26.1(-0.95 %),5770,151290000,0,0,6465593,41.92
14/11/2016,17160,446020000,25.9(-0.77 %),28470,739150000,11310,293130000,6446213,41.94
15/11/2016,-5900,-152900000,25.95(0.19 %),20900,542350000,26800,695250000,6439613,41.95
16/11/2016,16370,423940000,25.9(-0.19 %),26000,672980000,9630,249040000,6413613,41.98
17/11/2016,17560,454270000,25.8(-0.39 %),39760,1027460000,22200,573190000,6385163,42.01
18/11/2016,-20,3100000,25.8(0.00 %),22000,564150000,22020,561050000,6389963,42.01
21/11/2016,7950,204160000,25.3(-1.94 %),23000,591460000,15050,387300000,6376593,42.02
22/11/2016,1890,54260000,25.3(0.00 %),41950,1053310000,40060,999050000,6356843,42.04
23/11/2016,-45330,-1129510000,25(-1.19 %),50000,1246390000,95330,2375900000,6328863,42.07
24/11/2016,5310,133480000,25(0.00 %),32650,813920000,27340,680440000,6311263,42.09
25/11/2016,-350,-7760000,25(0.00 %),50000,1248180000,50350,1255940000,6301323,42.1
28/11/2016,-25450,-603910000,23.35(-6.60 %),56800,1373340000,82250,1977250000,6339853,42.06
29/11/2016,14410,341590000,23.4(0.21 %),35120,828760000,20710,487170000,6332073,42.07
30/11/2016,29220,700050000,24.3(3.85 %),31220,748050000,2000,48000000,6351205,42.05
01/12/2016,980,23810000,23.65(-2.67 %),1000,24300000,20,490000,6432455,41.96
02/12/2016,19920,471750000,23.7(0.21 %),20000,473650000,80,1900000,6433165,41.96
05/12/2016,-9250,-207280000,23.6(-0.42 %),20000,469510000,29250,676790000,6415165,41.98
06/12/2016,33440,783040000,23.55(-0.21 %),33440,783040000,0,0,6381745,42.01
07/12/2016,22000,525290000,24(1.91 %),22000,525290000,0,0,6359825,42.04
08/12/2016,30500,731900000,24(0.00 %),31000,743900000,500,12000000,6358075,42.04
09/12/2016,34800,835250000,24(0.00 %),35000,839990000,200,4740000,6323075,42.08
12/12/2016,15000,357280000,24(0.00 %),15000,357280000,0,0,6308081,42.09
13/12/2016,29950,714020000,23.75(-1.04 %),52000,1232690000,22050,518670000,6256581,42.15
14/12/2016,20620,528730000,25(5.26 %),36570,898900000,15950,370170000,6220211,42.19
15/12/2016,-12650,-302720000,24(-4.00 %),31650,758790000,44300,1061510000,6188562,42.23
16/12/2016,16600,394390000,23.9(-0.42 %),57000,1353950000,40400,959560000,6164582,42.25
19/12/2016,-8010,-189440000,23.7(-0.84 %),34000,805800000,42010,995240000,6135562,42.28
20/12/2016,12230,292020000,23.85(0.63 %),40680,971320000,28450,679300000,6139182,42.28
21/12/2016,23620,563260000,23.85(0.00 %),59480,1419230000,35860,855970000,6120102,42.3
22/12/2016,4740,113100000,23.9(0.21 %),25380,606400000,20640,493300000,6136732,42.28
23/12/2016,5470,130720000,23.9(0.00 %),20000,477990000,14530,347270000,6145182,42.27
26/12/2016,33510,798890000,23.8(-0.42 %),69400,1650960000,35890,852070000,6069068,42.36
27/12/2016,52810,1258590000,23.85(0.21 %),52810,1258590000,0,0,6069068,42.36
28/12/2016,42450,1023000000,24.1(1.05 %),43000,1036090000,550,13090000,6051008,42.38
29/12/2016,22130,531910000,24.1(0.00 %),22130,531910000,0,0,6064768,42.36
30/12/2016,27100,653620000,24.1(0.00 %),28100,677620000,1000,24000000,6036668,42.39
03/01/2017,28830,701400000,24.7(2.49 %),30400,739080000,1570,37680000,6006818,42.42
04/01/2017,53000,1317700000,24.7(0.00 %),53000,1317700000,0,0,5953818,42.48
05/01/2017,14300,354880000,24.9(0.81 %),16500,409350000,2200,54470000,5938318,42.5
06/01/2017,-1360,-29940000,25.4(2.01 %),10000,257140000,11360,287080000,5929888,42.51
09/01/2017,-6000,-155300000,25.9(1.97 %),0,0,6000,155300000,5929888,42.51
10/01/2017,40940,1078270000,26.8(3.47 %),57440,1505920000,16500,427650000,5874648,42.57
11/01/2017,137250,3696370000,27.4(2.24 %),656770,17569620000,519520,13873250000,5729238,42.73
12/01/2017,39180,1047410000,26.8(-2.19 %),434609,11645260000,395429,10597850000,5690238,42.77
13/01/2017,7500,203120000,26.4(-1.49 %),25030,657770000,17530,454650000,5681708,42.78
16/01/2017,25130,663160000,26.4(0.00 %),29840,787810000,4710,124650000,5671388,42.79
17/01/2017,92170,2459150000,27(2.27 %),109930,2936730000,17760,477580000,5567278,42.91
18/01/2017,5000,135600000,27.1(0.37 %),5000,135600000,0,0,5579808,42.89
19/01/2017,-4210,-111930000,26.9(-0.74 %),13490,362160000,17700,474090000,5571028,42.9
20/01/2017,12990,351730000,27.1(0.74 %),13000,352000000,10,270000,5575788,42.9
23/01/2017,16500,444170000,27(-0.37 %),17240,464150000,740,19980000,5558548,42.92
24/01/2017,10600,290290000,27.2(0.74 %),28480,763800000,17880,473510000,5547768,42.93
25/01/2017,9500,261020000,27.4(0.74 %),52840,1445390000,43340,1184370000,5494938,42.99
02/02/2017,35920,986090000,27.4(0.00 %),39620,1087470000,3700,101380000,5456058,43.03
03/02/2017,26690,731490000,27.4(0.00 %),57290,1567930000,30600,836440000,5416648,43.07
06/02/2017,37450,1021360000,27.3(-0.36 %),44720,1220330000,7270,198970000,5415268,43.07
07/02/2017,26910,736900000,27.3(0.00 %),61100,1666460000,34190,929560000,5357868,43.14
08/02/2017,30140,824770000,27.35(0.18 %),30140,824770000,0,0,5358328,43.13
09/02/2017,20900,571620000,27.2(-0.55 %),23300,637160000,2400,65540000,5342298,43.15
10/02/2017,42530,1155460000,27(-0.74 %),42540,1155730000,10,270000,5333948,43.16
13/02/2017,16130,435560000,26.4(-2.22 %),28300,759210000,12170,323650000,5305648,43.19
14/02/2017,-3110,-80730000,27.2(3.03 %),8000,214800000,11110,295530000,5300048,43.2
15/02/2017,28500,770080000,27.1(-0.37 %),28500,770080000,0,0,5271558,43.23
16/02/2017,41840,1129990000,27(-0.37 %),42000,1134290000,160,4300000,5241728,43.26
17/02/2017,112540,3029110000,26.7(-1.11 %),112540,3029110000,0,0,5140298,43.37
20/02/2017,51580,1389440000,27(1.12 %),54000,1453960000,2420,64520000,5086298,43.43
21/02/2017,48510,1313900000,27(0.00 %),59080,1600340000,10570,286440000,5027387,43.5
22/02/2017,15000,403000000,27(0.00 %),15000,403000000,0,0,5012387,43.51
23/02/2017,15990,432720000,27.2(0.74 %),20990,567720000,5000,135000000,4993817,43.53
24/02/2017,20520,553960000,27.2(0.00 %),20520,553960000,0,0,4983867,43.54
27/02/2017,15310,413390000,27.1(-0.37 %),15310,413390000,0,0,4944769,43.59
28/02/2017,18800,507510000,27.1(0.00 %),18800,507510000,0,0,4954769,43.58
01/03/2017,10000,269600000,27(-0.37 %),10000,269600000,0,0,4944769,43.59
02/03/2017,24000,646370000,26.9(-0.37 %),24000,646370000,0,0,4920769,43.61
03/03/2017,16850,451490000,26.95(0.19 %),16850,451490000,0,0,4903919,43.63
06/03/2017,10130,272600000,26.95(0.00 %),10130,272600000,0,0,4893789,43.64
07/03/2017,3640,98330000,26.95(0.00 %),4850,130940000,1210,32610000,4888939,43.65
08/03/2017,-5530,-148850000,27.2(0.93 %),4150,112510000,9680,261360000,4884792,43.65
09/03/2017,6430,175330000,27.3(0.37 %),30510,831380000,24080,656050000,4854282,43.69
10/03/2017,30,3720000,27.4(0.37 %),27000,735440000,26970,731720000,4828492,43.71
13/03/2017,14630,398740000,27.3(-0.36 %),19500,531400000,4870,132660000,4818672,43.73
14/03/2017,7370,199560000,27.2(-0.37 %),7370,199560000,0,0,4835382,43.71
15/03/2017,5500,155550000,27.3(0.37 %),16640,453800000,11140,298250000,4845712,43.7
16/03/2017,4500,122400000,27.2(-0.37 %),5000,136000000,500,13600000,4845582,43.7
17/03/2017,22460,614830000,27.4(0.74 %),23390,640240000,930,25410000,4845582,43.7
20/03/2017,3000,82200000,27.4(0.00 %),3000,82200000,0,0,4845582,43.7
21/03/2017,5960,162410000,27.2(-0.73 %),9300,253390000,3340,90980000,4845582,43.7
22/03/2017,4500,125200000,27.1(-0.37 %),11500,311280000,7000,186080000,4845582,43.7
23/03/2017,7920,215390000,27.1(0.00 %),11220,303520000,3300,88130000,4845582,43.7
24/03/2017,5500,149030000,27.1(0.00 %),10000,270730000,4500,121700000,4845582,43.7
27/03/2017,4150,117800000,27.1(0.00 %),16200,438980000,12050,321180000,4845582,43.7
28/03/2017,3700,101500000,27.3(0.74 %),7700,209300000,4000,107800000,4845582,43.7
29/03/2017,-23500,-642050000,29(6.23 %),0,0,23500,642050000,4845582,43.7
30/03/2017,2580,74010000,28.75(-0.86 %),3000,86250000,420,12240000,4845582,43.7
31/03/2017,500,14840000,28.4(-1.22 %),8240,233140000,7740,218300000,4845582,43.7
03/04/2017,14900,417310000,28.3(-0.35 %),15000,420080000,100,2770000,4797292,43.75
04/04/2017,26400,741770000,28.2(-0.35 %),26400,741770000,0,0,4771312,43.78
05/04/2017,13740,386580000,28.2(0.00 %),13740,386580000,0,0,4765312,43.78
07/04/2017,18000,503240000,28(-0.71 %),18000,503240000,0,0,4747412,43.8
10/04/2017,15030,417210000,27.7(-1.07 %),15030,417210000,0,0,4732382,43.82
11/04/2017,5530,153670000,27.7(0.00 %),5530,153670000,0,0,4726852,43.83
12/04/2017,18620,515040000,27.65(-0.18 %),19120,528740000,500,13700000,4707732,43.85
13/04/2017,0,0,27.8(0.54 %),0,0,0,0,4707732,43.85
14/04/2017,1150,37200000,27.65(-0.54 %),15450,427590000,14300,390390000,4692282,43.86
17/04/2017,13000,360380000,27.8(0.54 %),14500,401840000,1500,41460000,4678282,43.88
18/04/2017,15990,444220000,27.9(0.36 %),16000,444500000,10,280000,4662282,43.9
19/04/2017,5200,145990000,27.95(0.18 %),7200,200990000,2000,55000000,4669382,43.89
20/04/2017,3000,83400000,27.8(-0.54 %),3000,83400000,0,0,4667882,43.89
21/04/2017,9300,271250000,29.2(5.04 %),11800,339880000,2500,68630000,4656092,43.9
24/04/2017,14550,421950000,29(-0.68 %),14550,421950000,0,0,4643542,43.92
25/04/2017,10000,288080000,28.85(-0.52 %),10000,288080000,0,0,4633541,43.93
26/04/2017,7390,211350000,28.5(-1.21 %),9200,262630000,1810,51280000,4626841,43.94
27/04/2017,8810,253960000,28.9(1.40 %),9810,282960000,1000,29000000,4617031,43.95
28/04/2017,-7340,-214270000,29.3(1.38 %),2580,73790000,9920,288060000,4614451,43.95
03/05/2017,-39570,-1104730000,28.25(-3.58 %),15730,441910000,55300,1546640000,4600531,43.96
04/05/2017,7840,222950000,28.2(-0.18 %),27800,783650000,19960,560700000,4573731,43.99
05/05/2017,-2000,-53080000,28.15(-0.18 %),9000,253350000,11000,306430000,4574651,43.99
08/05/2017,-5970,-169290000,27.5(-2.31 %),23100,641480000,29070,810770000,4606851,43.96
09/05/2017,5470,149930000,27.55(0.18 %),8460,233060000,2990,83130000,4618351,43.94
10/05/2017,7780,212520000,27.2(-1.27 %),7900,215830000,120,3310000,4621451,43.94
11/05/2017,-3930,-106310000,27.65(1.65 %),2400,65480000,6330,171790000,4648121,43.91
12/05/2017,-8050,-217840000,27.6(-0.18 %),5000,137650000,13050,355490000,4646111,43.91
15/05/2017,4070,112260000,27.65(0.18 %),7100,196040000,3030,83780000,4639131,43.92
16/05/2017,2000,55300000,27.65(0.00 %),2000,55300000,0,0,4643461,43.92
17/05/2017,2200,60720000,27.25(-1.45 %),10400,288760000,8200,228040000,4646111,43.91
18/05/2017,-44800,-1219120000,27(-0.92 %),5200,141950000,50000,1361070000,4643941,43.92
19/05/2017,-73530,-1874410000,27.8(2.96 %),3680,101640000,77210,1976050000,4640261,43.92
22/05/2017,7510,211570000,27.7(-0.36 %),18310,506170000,10800,294600000,4630151,43.93
23/05/2017,21000,578130000,27.6(-0.36 %),21000,578130000,0,0,4659151,43.9
24/05/2017,29940,827610000,28.1(1.81 %),36160,999200000,6220,171590000,4700201,43.85
25/05/2017,-1900,-52260000,28.3(0.71 %),4400,122540000,6300,174800000,4706601,43.85
26/05/2017,3630,102030000,28.3(0.00 %),4730,133090000,1100,31060000,4701871,43.85
29/05/2017,7600,213650000,28.15(-0.53 %),8200,230510000,600,16860000,4699891,43.86
30/05/2017,11000,309000000,28.1(-0.18 %),11000,309000000,0,0,4695191,43.86
31/05/2017,2980,80660000,27.1(0.00 %),3020,81740000,40,1080000,4693271,43.86
01/06/2017,5890,161410000,27(-0.37 %),12020,324260000,6130,162850000,4681851,43.88
02/06/2017,30740,830420000,27(0.00 %),31580,853180000,840,22760000,4650271,43.91
05/06/2017,12780,346080000,27(0.00 %),19000,512810000,6220,166730000,4631311,43.93
06/06/2017,12660,340970000,27(0.00 %),12900,347320000,240,6350000,4624541,43.94
07/06/2017,-35980,-942670000,27(0.00 %),1000,27000000,36980,969670000,4624381,43.94
08/06/2017,7900,212290000,26.9(-0.37 %),7900,212290000,0,0,4622702,43.94
09/06/2017,30860,836430000,27.3(1.49 %),30860,836430000,0,0,4592082,43.97
12/06/2017,42000,1137880000,27.2(-0.37 %),42000,1137880000,0,0,4587062,43.98
13/06/2017,13300,360700000,27.2(0.00 %),13300,360700000,0,0,4573762,43.99
14/06/2017,12610,342350000,27(-0.74 %),13800,374720000,1190,32370000,4559962,44.01
15/06/2017,-5260,-133520000,27(0.00 %),19840,545180000,25100,678700000,4540122,44.03
16/06/2017,4100,117350000,27.9(3.33 %),7000,195470000,2900,78120000,4533122,44.04
19/06/2017,3990,109590000,27.4(-1.79 %),3990,109590000,0,0,4530322,44.04
20/06/2017,31400,869910000,27.75(1.28 %),31400,869910000,0,0,4524022,44.05
21/06/2017,8500,235440000,27.7(-0.18 %),8500,235440000,0,0,4518427,44.05
22/06/2017,-35200,-955030000,27.25(-1.62 %),14800,403270000,50000,1358300000,4503627,44.07
23/06/2017,6990,195580000,27.5(0.92 %),21000,571580000,14010,376000000,4482627,44.09
26/06/2017,6000,165110000,27.6(0.36 %),6000,165110000,0,0,4476627,44.1
27/06/2017,10660,290670000,27.45(-0.54 %),11490,313110000,830,22440000,4521147,44.05
28/06/2017,6900,188740000,27.35(-0.36 %),8000,218500000,1100,29760000,4521147,44.05
29/06/2017,4490,123660000,27.35(0.00 %),11330,309340000,6840,185680000,4509817,44.06
30/06/2017,11760,329700000,28.1(2.74 %),11760,329700000,0,0,4498887,44.08
03/07/2017,2690,74980000,28(-0.36 %),2690,74980000,0,0,4497297,44.08
04/07/2017,3260,90950000,27.9(-0.36 %),6010,167950000,2750,77000000,4498134,44.08
05/07/2017,18930,526490000,27.85(-0.18 %),19430,540290000,500,13800000,4478704,44.1
06/07/2017,18490,512040000,27.7(-0.54 %),18590,514790000,100,2750000,4460114,44.12
07/07/2017,26020,721850000,27.7(0.00 %),26020,721850000,0,0,4436844,44.14
10/07/2017,2310,64290000,27.85(0.54 %),3000,83400000,690,19110000,4429444,44.15
11/07/2017,5000,139250000,27.85(0.00 %),5000,139250000,0,0,4429444,44.15
12/07/2017,22940,636370000,27.75(-0.36 %),22940,636370000,0,0,4406504,44.18
13/07/2017,16430,458610000,28(0.90 %),16530,461410000,100,2800000,4390664,44.19
14/07/2017,21170,589290000,27.9(-0.36 %),21680,603470000,510,14180000,4368984,44.22
17/07/2017,10300,287560000,27.6(-1.08 %),18000,501060000,7700,213500000,4350984,44.24
18/07/2017,6120,172310000,27.8(0.72 %),13200,367430000,7080,195120000,4337884,44.25
19/07/2017,11930,333940000,27.85(0.18 %),11930,333940000,0,0,4326464,44.26
20/07/2017,25340,710600000,27.9(0.18 %),25350,710880000,10,280000,4308814,44.28
21/07/2017,13200,369550000,27.95(0.18 %),13200,369550000,0,0,4302694,44.29
24/07/2017,5660,158300000,28(0.18 %),6170,172550000,510,14250000,4296524,44.3
25/07/2017,13310,372200000,28(0.00 %),13310,372200000,0,0,4283227,44.31
26/07/2017,12830,362180000,28.3(1.07 %),14600,412420000,1770,50240000,4246937,44.35
27/07/2017,21860,622400000,28.5(0.71 %),22200,632190000,340,9790000,4246937,44.35
28/07/2017,4500,132690000,29(1.75 %),5600,164040000,1100,31350000,4241346,44.36
31/07/2017,19800,575630000,29.6(2.07 %),19800,575630000,0,0,4223316,44.38
01/08/2017,11000,328830000,29.85(0.84 %),11000,328830000,0,0,4212656,44.39
02/08/2017,10680,318630000,29.85(0.00 %),10680,318630000,0,0,4203076,44.4
03/08/2017,6820,203340000,29.8(-0.17 %),14220,423180000,7400,219840000,4188856,44.41
04/08/2017,15550,461930000,29.85(0.17 %),20880,619390000,5330,157460000,4167976,44.44
07/08/2017,17440,519910000,29.8(-0.17 %),17440,519910000,0,0,4150536,44.46
08/08/2017,19820,590230000,29.5(-1.01 %),21630,641410000,1810,51180000,4136306,44.47
09/08/2017,13770,409740000,29.7(0.68 %),18500,543620000,4730,133880000,4123136,44.49
10/08/2017,16100,479790000,29.8(0.34 %),16100,479790000,0,0,4107036,44.5
11/08/2017,10400,310170000,29.9(0.34 %),10400,310170000,0,0,4098446,44.51
14/08/2017,6000,177390000,29.8(-0.33 %),6000,177390000,0,0,4097176,44.52
15/08/2017,5450,160780000,29.8(0.00 %),5450,160780000,0,0,4091726,44.52
16/08/2017,1010,34020000,29(-2.68 %),7420,217030000,6410,183010000,4084306,44.53
17/08/2017,20390,605810000,29.65(2.24 %),21900,648840000,1510,43030000,4062406,44.55
18/08/2017,12850,377360000,28.65(-3.37 %),13170,386850000,320,9490000,4049236,44.57
21/08/2017,11560,337740000,29.4(2.62 %),13560,395040000,2000,57300000,4042086,44.58
22/08/2017,15550,459650000,29.4(0.00 %),15550,459650000,0,0,4028046,44.59
23/08/2017,2800,82320000,29.4(0.00 %),2800,82320000,0,0,4025566,44.59
24/08/2017,8470,248670000,29.3(-0.34 %),10670,311900000,2200,63230000,4016896,44.6
25/08/2017,5680,166420000,29.3(0.00 %),6080,178140000,400,11720000,4010816,44.61
28/08/2017,2990,86710000,29(-1.02 %),2990,86710000,0,0,4007826,44.61
29/08/2017,13000,378840000,29(0.00 %),13000,378840000,0,0,3997026,44.62
30/08/2017,3770,109720000,29(0.00 %),6170,179520000,2400,69800000,3991256,44.63
31/08/2017,8670,251430000,29(0.00 %),8670,251430000,0,0,3982586,44.64
01/09/2017,5750,168340000,29.5(1.72 %),5750,168340000,0,0,3976836,44.65
05/09/2017,-57170,-1596040000,29.35(-0.51 %),2910,84470000,60080,1680510000,3976326,44.65
06/09/2017,-150,-4350000,29(-1.19 %),4850,140650000,5000,145000000,3971476,44.65
07/09/2017,31770,936740000,29.35(1.21 %),35750,1054150000,3980,117410000,3935726,44.69
08/09/2017,110,3570000,28.8(-1.87 %),10010,289060000,9900,285490000,3985796,44.64
11/09/2017,11530,333400000,28.95(0.52 %),12750,368720000,1220,35320000,3978046,44.65
12/09/2017,16080,466170000,28.95(0.00 %),16580,480620000,500,14450000,3965446,44.66
13/09/2017,0,0,29.35(1.38 %),0,0,0,0,3975346,44.65
14/09/2017,18300,530080000,29(-1.19 %),18300,530080000,0,0,3958266,44.67
15/09/2017,11810,342130000,28.95(-0.17 %),14150,408920000,2340,66790000,3944616,44.68
18/09/2017,-2490,-70350000,28.55(-1.38 %),2000,57600000,4490,127950000,3942624,44.68
19/09/2017,8790,253960000,28.9(1.23 %),13800,397460000,5010,143500000,3928824,44.7
20/09/2017,8650,248150000,28.5(-1.38 %),8650,248150000,0,0,3922521,44.71
21/09/2017,8080,233530000,28.9(1.40 %),8680,250810000,600,17280000,3918331,44.71
22/09/2017,-1230,-32830000,28.8(-0.35 %),5000,144060000,6230,176890000,3918341,44.71
25/09/2017,9700,282450000,29.3(1.74 %),9700,282450000,0,0,3908641,44.72
26/09/2017,-2190,-54490000,29.4(0.34 %),8720,253600000,10910,308090000,3900521,44.73
27/09/2017,2670,78190000,29.2(-0.68 %),6800,198790000,4130,120600000,3899951,44.73
28/09/2017,1100,33370000,29.3(0.34 %),6100,177080000,5000,143710000,3893851,44.74
29/09/2017,790,24110000,29.2(-0.34 %),6000,173120000,5210,149010000,3898761,44.73
02/10/2017,0,0,28.7(-1.71 %),0,0,0,0,3902891,44.73
03/10/2017,0,0,28.7(0.00 %),0,0,0,0,3907891,44.72
04/10/2017,0,0,28.7(0.00 %),0,0,0,0,3913101,44.72
05/10/2017,40,1140000,28.05(-2.26 %),40,1140000,0,0,3913061,44.72
06/10/2017,-3500,-96600000,28.45(1.43 %),0,0,3500,96600000,3913061,44.72
09/10/2017,4610,131030000,28.7(0.88 %),4610,131030000,0,0,3908451,44.72
10/10/2017,6000,168930000,28.3(-1.39 %),6000,168930000,0,0,3902451,44.73
11/10/2017,3220,90630000,28.2(-0.35 %),3300,92880000,80,2250000,3902651,44.73
12/10/2017,7300,206860000,28.35(0.53 %),7300,206860000,0,0,3895351,44.74
13/10/2017,1900,54300000,27.85(-1.76 %),2500,71380000,600,17080000,3892851,44.74
16/10/2017,1190,33710000,28.2(1.26 %),9290,261120000,8100,227410000,3883641,44.75
17/10/2017,700,19810000,28.2(0.00 %),700,19810000,0,0,3882941,44.75
18/10/2017,100,2850000,28.5(1.06 %),100,2850000,0,0,3883441,44.75
19/10/2017,9000,253500000,28.45(-0.18 %),16000,451500000,7000,198000000,3875541,44.76
20/10/2017,330,9440000,28(-1.58 %),5200,145800000,4870,136360000,3870341,44.76
23/10/2017,960,28950000,28.2(0.71 %),6090,170540000,5130,141590000,3864251,44.77
24/10/2017,4500,126370000,28.1(-0.35 %),6500,182370000,2000,56000000,3864751,44.77
25/10/2017,8370,236360000,28.1(0.00 %),10070,282710000,1700,46350000,3859551,44.78
26/10/2017,-17520,-492240000,28.1(0.00 %),3780,106410000,21300,598650000,3860901,44.77
27/10/2017,-2050,-56120000,28.5(1.42 %),6000,170090000,8050,226210000,3856901,44.78
30/10/2017,3220,91840000,28.6(0.35 %),3620,103200000,400,11360000,3854981,44.78
31/10/2017,21930,633860000,28.7(0.35 %),24440,706610000,2510,72750000,3851841,44.78
01/11/2017,-1640,-43630000,28.7(0.00 %),13870,400210000,15510,443840000,3846021,44.79
02/11/2017,34500,1003390000,29(1.05 %),51050,1486650000,16550,483260000,3795371,44.85
03/11/2017,90050,2648080000,29.6(2.07 %),92050,2707100000,2000,59020000,3705831,44.94
06/11/2017,14520,453660000,30.9(4.39 %),14520,453660000,0,0,3706821,44.94
07/11/2017,21190,647540000,30.8(-0.32 %),24230,740810000,3040,93270000,3699141,44.95
08/11/2017,84530,2559830000,30.8(0.00 %),104920,3179690000,20390,619860000,3596221,45.06
09/11/2017,16860,530080000,31.25(1.46 %),16860,530080000,0,0,3579361,45.08
10/11/2017,109910,3435260000,31.25(0.00 %),120460,3764000000,10550,328740000,3461941,45.21
13/11/2017,181870,5693910000,31.2(-0.16 %),181870,5693910000,0,0,3300461,45.39
14/11/2017,-4350,-143670000,33.35(6.89 %),28800,959420000,33150,1103090000,3271661,45.42
15/11/2017,10050,347010000,34.7(4.05 %),10050,347010000,0,0,3272161,45.42
16/11/2017,20470,705050000,34(-2.02 %),22280,767410000,1810,62360000,3249881,45.44
17/11/2017,8910,323530000,34(0.00 %),37580,1254780000,28670,931250000,3245451,45.45
20/11/2017,-39360,-1264840000,33(-2.94 %),27300,896600000,66660,2161440000,3218151,45.48
21/11/2017,-112170,-3560400000,33(0.00 %),27680,929590000,139850,4489990000,3192281,45.51
22/11/2017,-36540,-1162630000,32(-3.03 %),21030,683050000,57570,1845680000,3199921,45.5
23/11/2017,21270,695050000,33.2(3.75 %),26370,860210000,5100,165160000,3240211,45.45
24/11/2017,-7970,-253620000,32.1(-3.31 %),65720,2148620000,73690,2402240000,3314341,45.37
27/11/2017,27520,883200000,32(-0.31 %),27520,883200000,0,0,3344391,45.34
28/11/2017,12180,390240000,32.2(0.62 %),15450,493900000,3270,103660000,3334041,45.35
29/11/2017,12000,394200000,33.25(3.26 %),12000,394200000,0,0,3395731,45.28
30/11/2017,9820,322180000,33.25(0.00 %),11820,388180000,2000,66000000,3383911,45.3
01/12/2017,-2780,-90660000,32.55(-2.11 %),2220,73340000,5000,164000000,3384961,45.29
04/12/2017,-97520,-3127280000,32.55(0.00 %),8150,262780000,105670,3390060000,3376811,45.3
05/12/2017,-62300,-2175230000,34.5(5.99 %),10620,361490000,72920,2536720000,3368191,45.31
06/12/2017,-24390,-814570000,35.8(3.77 %),12240,434380000,36630,1248950000,3360951,45.32
07/12/2017,-2400,-80840000,35.1(-1.96 %),15270,543290000,17670,624130000,3451351,45.22
08/12/2017,18810,650550000,35.1(0.00 %),21770,753070000,2960,102520000,3502501,45.17
11/12/2017,17530,608890000,34.1(-2.85 %),19800,686740000,2270,77850000,3519331,45.15
12/12/2017,-2560,-88090000,34.1(0.00 %),7510,251910000,10070,340000000,3529491,45.14
13/12/2017,22880,776430000,34(-0.29 %),22880,776430000,0,0,3509571,45.16
14/12/2017,-4200,-133270000,33.9(-0.29 %),5350,180570000,9550,313840000,3506491,45.16
15/12/2017,12160,424300000,34(0.29 %),12160,424300000,0,0,3504401,45.16
18/12/2017,9000,310710000,34.5(1.47 %),9000,310710000,0,0,3495401,45.17
19/12/2017,95500,3393970000,35.9(4.06 %),97870,3478580000,2370,84610000,3407081,45.27
20/12/2017,13640,479930000,35.8(-0.28 %),13640,479930000,0,0,3393441,45.29
21/12/2017,12700,454770000,35.8(0.00 %),12700,454770000,0,0,3380741,45.3
22/12/2017,10,350000,36(0.56 %),10,350000,0,0,3383101,45.3
25/12/2017,11080,396900000,35.8(-0.56 %),12080,432900000,1000,36000000,3371021,45.31
26/12/2017,12160,434980000,35.7(-0.28 %),12160,434980000,0,0,3358862,45.32
27/12/2017,2980,105640000,36(0.84 %),2980,105640000,0,0,3355882,45.33
28/12/2017,4940,174940000,35.4(1.14 %),4940,174940000,0,0,3351942,45.33
29/12/2017,14900,525500000,35.5(0.28 %),17900,630500000,3000,105000000,3334042,45.35
02/01/2018,3650,126030000,34.4(-3.10 %),3650,126030000,0,0,3330392,45.35
03/01/2018,12370,428680000,35.3(2.62 %),12380,429030000,10,350000,3318012,45.37
04/01/2018,28460,1001960000,35.95(1.84 %),30520,1074120000,2060,72160000,3290492,45.4
05/01/2018,-19860,-703100000,35.8(-0.42 %),17540,627660000,37400,1330760000,3272952,45.42
08/01/2018,10870,388760000,35.6(-0.56 %),211180,7506040000,200310,7117280000,3246782,45.45
09/01/2018,-740,-21820000,35.6(0.00 %),20560,726420000,21300,748240000,3228282,45.47
10/01/2018,-19520,-667410000,35.5(-0.28 %),51310,1813250000,70830,2480660000,3214372,45.48
11/01/2018,-690,-29870000,34.2(-3.66 %),45160,1580850000,45850,1610720000,3184522,45.51
12/01/2018,-6330,-213960000,34.5(0.88 %),9930,340410000,16260,554370000,3195892,45.5
15/01/2018,5660,192650000,34.2(-0.87 %),7690,261650000,2030,69000000,3259032,45.43
16/01/2018,28000,963690000,34.9(2.05 %),80030,2735790000,52030,1772100000,3224852,45.47
17/01/2018,-58670,-1963020000,34.85(-0.14 %),28070,974990000,86740,2938010000,3213042,45.48
18/01/2018,8060,287470000,34.65(-0.57 %),18590,643400000,10530,355930000,3196482,45.5
19/01/2018,53860,1891910000,35.7(3.03 %),99890,3503830000,46030,1611920000,3148622,45.55
22/01/2018,21600,770010000,35.6(-0.28 %),21600,770010000,0,0,3213762,45.48
25/01/2018,44400,1546650000,33.6(-5.62 %),51790,1805170000,7390,258520000,3218532,45.48
26/01/2018,-18580,-535100000,33.1(-1.49 %),68900,2277250000,87480,2812350000,3149632,45.55
29/01/2018,18480,631650000,35(5.74 %),25610,877180000,7130,245530000,3124022,45.58
30/01/2018,49090,1695790000,34.4(-1.71 %),52850,1827180000,3760,131390000,3078562,45.63
31/01/2018,-3530,-119410000,34.05(-1.02 %),23400,798410000,26930,917820000,3142642,45.56
01/02/2018,31400,1076690000,34.75(2.06 %),42010,1435700000,10610,359010000,3107762,45.6
02/02/2018,20440,706710000,34.7(-0.14 %),27290,943300000,6850,236590000,3084232,45.62
05/02/2018,-38840,-1272150000,32.3(-6.92 %),39650,1294900000,78490,2567050000,3071512,45.64
06/02/2018,-44300,-1331670000,30.05(-6.97 %),60450,1816520000,104750,3148190000,3021672,45.69
07/02/2018,-18580,-544880000,30.1(0.17 %),273690,8201390000,292270,8746270000,2754832,45.98
08/02/2018,19970,628470000,32(6.31 %),238270,7318860000,218300,6690390000,2595052,46.16
09/02/2018,12200,390310000,31.75(-0.78 %),23930,753060000,11730,362750000,2675872,46.07
12/02/2018,12090,381030000,32.7(2.99 %),64980,2042950000,52890,1661920000,2903162,45.82
13/02/2018,52830,1706660000,32(-2.14 %),192160,6209520000,139330,4502860000,2929302,45.79
21/02/2018,-27480,-857910000,31.75(-0.78 %),32880,1040710000,60360,1898620000,2908152,45.82
22/02/2018,5830,191580000,31.95(0.63 %),27330,860540000,21500,668960000,2933712,45.79
23/02/2018,-3340,-99400000,31.95(0.00 %),16560,523820000,19900,623220000,3056482,45.65
26/02/2018,9150,291570000,32.25(0.94 %),29350,927740000,20200,636170000,3087493,45.62
27/02/2018,6050,199240000,32.25(0.00 %),26050,834860000,20000,635620000,3082943,45.63
28/02/2018,16690,561970000,32.85(1.86 %),47730,1545780000,31040,983810000,3055113,45.66
01/03/2018,1020,32630000,32(-2.59 %),1450,46450000,430,13820000,3073863,45.64
02/03/2018,41480,1363110000,33.5(4.69 %),56840,1865610000,15360,502500000,3037023,45.68
05/03/2018,34310,1159300000,33.75(0.75 %),99310,3359800000,65000,2200500000,2968753,45.75
06/03/2018,-44460,-1468330000,33.5(-0.74 %),17070,574830000,61530,2043160000,2952115,45.77
07/03/2018,24090,808160000,33.5(0.00 %),26800,899000000,2710,90840000,2940675,45.78
08/03/2018,18830,635850000,33.95(1.34 %),20260,684200000,1430,48350000,2985415,45.73
09/03/2018,4260,154790000,33.95(0.00 %),54260,1824410000,50000,1669620000,2992685,45.72
12/03/2018,-19110,-628760000,33.65(-0.88 %),9290,309130000,28400,937890000,2986105,45.73
13/03/2018,-135690,-4388260000,32(-4.90 %),34310,1112650000,170000,5500910000,2953225,45.77
14/03/2018,-41950,-1326280000,32.95(2.97 %),8050,258850000,50000,1585130000,2995175,45.72
15/03/2018,-12650,-383750000,31.6(-4.10 %),19630,640880000,32280,1024630000,3003945,45.71
16/03/2018,-39550,-1243350000,32.3(2.22 %),27550,872930000,67100,2116280000,3146395,45.56
19/03/2018,62280,2014540000,31.6(-2.17 %),112980,3620150000,50700,1605610000,3083415,45.62
20/03/2018,-32340,-1016260000,31.6(0.00 %),18450,577730000,50790,1593990000,3097245,45.61
21/03/2018,21430,684700000,31.7(0.32 %),183374,5776460000,161944,5091760000,3102345,45.6
22/03/2018,-47660,-1465790000,32(0.95 %),20410,636860000,68070,2102650000,3132635,45.57
23/03/2018,-1120,-31210000,31.5(-1.56 %),8900,280840000,10020,312050000,3174525,45.53
26/03/2018,3410,108230000,31.8(0.95 %),14430,453390000,11020,345160000,3200665,45.5
27/03/2018,-34230,-1060250000,31.1(-2.20 %),24140,756100000,58370,1816350000,3244595,45.45
28/03/2018,-44090,-1332390000,30.95(-0.48 %),10120,311010000,54210,1643400000,3244495,45.45
29/03/2018,13850,428630000,31(0.16 %),13990,432970000,140,4340000,3241525,45.45
30/03/2018,3800,117800000,31.2(0.65 %),3800,117800000,0,0,3296095,45.39
02/04/2018,7560,231750000,31(-0.64 %),12560,385570000,5000,153820000,3337745,45.35
03/04/2018,-11740,-344390000,30.95(-0.16 %),141580,4298180000,153320,4642570000,3312135,45.37
04/04/2018,27130,843020000,30.9(-0.16 %),46600,1438850000,19470,595830000,3265535,45.43
05/04/2018,13480,423600000,31.2(0.97 %),23630,731090000,10150,307490000,3246905,45.45
06/04/2018,-9520,-281230000,32(2.56 %),16410,512560000,25930,793790000,3267985,45.42
09/04/2018,40450,1256860000,31(-3.12 %),55450,1719340000,15000,462480000,3232005,45.46
10/04/2018,-2290,-55320000,30.85(-0.48 %),38090,1174340000,40380,1229660000,3204065,45.49
11/04/2018,11470,355000000,30.8(-0.16 %),17970,555740000,6500,200740000,3212025,45.48
12/04/2018,30,7120000,31.2(1.30 %),14880,456450000,14850,449330000,3212145,45.48
13/04/2018,-3810,-108870000,30.8(-1.28 %),14190,436200000,18000,545070000,3238335,45.46
16/04/2018,5010,159180000,30.8(0.00 %),14200,437280000,9190,278100000,3230635,45.46
17/04/2018,-11140,-333420000,30.75(-0.16 %),20260,615110000,31400,948530000,3225225,45.47
18/04/2018,18710,568450000,30.55(-0.65 %),25710,779720000,7000,211270000,3217515,45.48
19/04/2018,2620,78530000,30(-1.80 %),26870,806180000,24250,727650000,3199835,45.5
20/04/2018,-5210,-152290000,29.8(-0.67 %),9440,280620000,14650,432910000,3221795,45.47
23/04/2018,15960,473840000,29.8(0.00 %),16170,480040000,210,6200000,3212625,45.48
24/04/2018,-12910,-374400000,29(-2.68 %),7870,228330000,20780,602730000,3229005,45.47
26/04/2018,13050,377840000,28.95(-0.17 %),14300,413840000,1250,36000000,3229355,45.47
27/04/2018,14940,423310000,28.35(-2.07 %),36870,1039610000,21930,616300000,3192695,45.51
02/05/2018,28670,857470000,29.8(5.11 %),74420,2201210000,45750,1343740000,3160065,45.54
03/05/2018,4000,112800000,28.2(-5.37 %),134603,3795800000,130603,3683000000,3157315,45.54
04/05/2018,12990,388860000,29.95(6.21 %),15180,453550000,2190,64690000,3164065,45.54
07/05/2018,6500,193510000,29.9(-0.17 %),6500,193510000,0,0,3182305,45.52
08/05/2018,1860,55550000,29.9(0.00 %),6500,192760000,4640,137210000,3175805,45.52
09/05/2018,5000,152030000,29.9(0.00 %),8000,237230000,3000,85200000,3169995,45.53
10/05/2018,6120,183600000,30(0.33 %),6120,183600000,0,0,3163875,45.54
11/05/2018,0,0,30(0.00 %),0,0,0,0,3168515,45.53
14/05/2018,-7720,-221090000,29.9(-0.33 %),9930,295780000,17650,516870000,3161585,45.54
15/05/2018,-12570,-362420000,28.8(-3.68 %),26380,761740000,38950,1124160000,3135205,45.57
16/05/2018,-3280,-92070000,28.2(-2.08 %),16080,455060000,19360,547130000,3119125,45.59
17/05/2018,3650,104120000,29(2.84 %),8530,244440000,4880,140320000,3128245,45.58
18/05/2018,-13190,-365470000,27.4(-5.52 %),22890,633120000,36080,998590000,3144305,45.56
21/05/2018,1000,28200000,28.2(2.92 %),1000,28200000,0,0,3162665,45.54
22/05/2018,1210,34260000,27.1(-3.90 %),1330,37510000,120,3250000,3166215,45.53
23/05/2018,-3240,-76890000,26.9(-0.74 %),15110,409080000,18350,485970000,3187185,45.51
24/05/2018,21150,599110000,28.5(5.95 %),22150,626410000,1000,27300000,3165035,45.54
25/05/2018,-7740,-211330000,27.3(-4.21 %),15330,418510000,23070,629840000,3149825,45.55
28/05/2018,1950,55300000,27.1(-0.73 %),8960,242570000,7010,187270000,3159215,45.54
29/05/2018,-9160,-230630000,26.8(-1.11 %),15960,422150000,25120,652780000,3144255,45.56
30/05/2018,2260,60570000,27.4(2.24 %),2260,60570000,0,0,3165065,45.54
31/05/2018,3480,95300000,27.2(-0.73 %),6460,176140000,2980,80840000,3165615,45.53
01/06/2018,-12200,-316060000,26.4(-2.94 %),14210,375520000,26410,691580000,3176525,45.52
04/06/2018,-15680,-404400000,25.65(-2.84 %),9530,246250000,25210,650650000,3166995,45.53
05/06/2018,-27810,-684500000,24.7(-3.70 %),30130,741740000,57940,1426240000,3139845,45.56
06/06/2018,-16210,-400370000,24.7(0.00 %),4500,110550000,20710,510920000,3161755,45.54
07/06/2018,-15760,-386260000,24.7(0.00 %),1700,41760000,17460,428020000,3185272,45.51
08/06/2018,-22340,-542920000,25(1.21 %),5000,123400000,27340,666320000,3240212,45.45
11/06/2018,-6820,-167230000,24.95(-0.20 %),9020,223300000,15840,390530000,3251902,45.44
12/06/2018,-21030,-507400000,24.2(-3.01 %),9320,225240000,30350,732640000,3260042,45.43
13/06/2018,-35190,-844440000,23.9(-1.24 %),4020,96480000,39210,940920000,3283362,45.41
14/06/2018,-95240,-2231790000,23.3(-2.51 %),85580,2022170000,180820,4253960000,3213622,45.48
15/06/2018,-22690,-516450000,23.3(0.00 %),8000,182200000,30690,698650000,3235972,45.46
18/06/2018,-1680,-36430000,23(-1.29 %),2000,46000000,3680,82430000,3273182,45.42
19/06/2018,-1370,-29810000,22.35(-2.83 %),25000,559740000,26370,589550000,3429003,45.25
20/06/2018,-21220,-457780000,21.35(-4.47 %),37020,801850000,58240,1259630000,3422673,45.25
21/06/2018,-37370,-806190000,21.5(0.70 %),126230,2684860000,163600,3491050000,3400123,45.28
22/06/2018,1940,44450000,22(2.33 %),17040,371380000,15100,326930000,3409453,45.27
25/06/2018,-9720,-209750000,21.5(-2.27 %),14000,302050000,23720,511800000,3453693,45.22
26/06/2018,-1260,-26470000,21.35(-0.70 %),17850,380590000,19110,407060000,3495446,45.17
27/06/2018,-7230,-151940000,21.7(1.64 %),6000,128100000,13230,280040000,3504546,45.16
28/06/2018,5840,125820000,21.7(0.00 %),10500,226080000,4660,100260000,3517766,45.15
29/06/2018,220,5200000,21.45(-1.15 %),2320,50465000,2100,45265000,3517546,45.15
02/07/2018,110,1440000,21.2(-1.17 %),7260,152260000,7150,150820000,3540526,45.12
03/07/2018,8520,175100000,20.6(-2.83 %),21270,436320000,12750,261220000,3523916,45.14
04/07/2018,15620,336020000,22(6.80 %),33000,712080000,17380,376060000,3493016,45.18
05/07/2018,-17520,-366570000,20.7(-5.91 %),1000,21000000,18520,387570000,3499166,45.17
06/07/2018,-14710,-306650000,21.4(3.38 %),14250,293110000,28960,599760000,3497666,45.17
09/07/2018,-13330,-271880000,20.4(-4.67 %),5000,102000000,18330,373880000,3510046,45.16
10/07/2018,-200,-4080000,20.4(0.00 %),0,0,200,4080000,3528566,45.14
11/07/2018,-14440,-272530000,19.45(-4.66 %),21050,404880000,35490,677410000,3536476,45.13
12/07/2018,-4340,-84420000,19(-2.31 %),660,12540000,5000,96960000,3554146,45.11
13/07/2018,-9610,-182720000,19(0.00 %),5000,95080000,14610,277800000,3549346,45.11
16/07/2018,-1730,-34130000,19.95(5.00 %),200,4000000,1930,38130000,3584640,45.08
17/07/2018,9730,194790000,19.95(0.00 %),16300,326100000,6570,131310000,3573340,45.09
18/07/2018,-42690,-831625500,19.35(-3.01 %),15150,295425000,57840,1127050500,3616030,45.04
19/07/2018,-129630,-2482300000,19.2(-0.78 %),5000,95750000,134630,2578050000,3569730,45.09
20/07/2018,-24470,-475530000,19.9(3.65 %),4930,96690000,29400,572220000,3571370,45.09
23/07/2018,-87280,-1765534000,19.9(0.00 %),0,0,87280,1765534000,3658650,45.0
24/07/2018,-30880,-599820000,19.3(-3.02 %),800,15920000,31680,615740000,3763040,44.88
25/07/2018,-54240,-1049304000,19.35(0.26 %),107050,2026496000,161290,3075800000,3817280,44.82
26/07/2018,-6140,-120670000,19.65(1.55 %),20320,400310000,26460,520980000,3852350,44.78
27/07/2018,5000,98250000,19.6(-0.25 %),5000,98250000,0,0,3879030,44.75
30/07/2018,-2250,-44845000,19.95(1.79 %),5360,106820000,7610,151665000,3881280,44.75
31/07/2018,-22890,-449789000,19.7(-1.25 %),18010,356496000,40900,806285000,3904170,44.73
01/08/2018,-26470,-515124500,19.55(-0.76 %),3570,69649500,30040,584774000,4845582,43.7
02/08/2018,-7860,-153299000,19.85(1.53 %),64500,1274840000,72360,1428139000,4853442,43.69
03/08/2018,-23050,-455779000,19.6(-1.26 %),0,0,23050,455779000,4876492,43.66
06/08/2018,-38430,-744260000,19.15(-2.30 %),3000,58250000,41430,802510000,4914922,43.62
07/08/2018,-31600,-596776000,18.8(-1.83 %),1080,20520000,32680,617296000,4946522,43.59
08/08/2018,-3380,-63726500,18.8(0.00 %),26500,496228000,29880,559954500,4949902,43.58
09/08/2018,-39970,-754122500,18.8(0.00 %),17560,330788000,57530,1084910500,4989872,43.54
10/08/2018,-17430,-325840000,18.75(-0.27 %),0,0,17430,325840000,4075270,44.54
13/08/2018,-60310,-1132720000,18.85(0.53 %),1770,32800000,62080,1165520000,4103380,44.51
14/08/2018,-46610,-886570000,19.2(1.86 %),0,0,46610,886570000,4160910,44.45
15/08/2018,-60960,-1185770000,19.5(1.56 %),6700,130280000,67660,1316050000,4171640,44.43
16/08/2018,-5440,-105970000,19.35(-0.77 %),20,390000,5460,106360000,4233700,44.37
17/08/2018,-48420,-934277000,19.4(0.26 %),8630,167652000,57050,1101929000,4282120,44.31
20/08/2018,-91830,-1734964500,18.85(-2.84 %),5420,102438000,97250,1837402500,4373950,44.21
21/08/2018,-52080,-979289500,18.85(0.00 %),2430,45785500,54510,1025075000,4426030,44.16
22/08/2018,-35860,-676360000,18.85(0.00 %),400,7560000,36260,683920000,4393600,44.19
23/08/2018,-318900,-6107380000,19.4(2.92 %),0,0,318900,6107380000,4490850,44.08
24/08/2018,-269730,-5588932500,20.75(6.96 %),31700,657775000,301430,6246707500,4760580,43.79
27/08/2018,-64750,-1421697000,21(1.20 %),21150,448456000,85900,1870153000,4825330,43.72
28/08/2018,-11280,-234776500,20.85(-0.71 %),24000,505864500,35280,740641000,4836610,43.71
29/08/2018,-32380,-659026500,20.35(-2.40 %),8720,178658000,41100,837684500,4868990,43.67
30/08/2018,-230590,-4610300000,20.4(0.25 %),21920,438580000,252510,5048880000,5180369,43.33
31/08/2018,4500,93292000,20.1(-1.47 %),14500,295285000,10000,201993000,5175869,43.33
04/09/2018,-10000,-199341000,19.9(-1.00 %),0,0,10000,199341000,4845582,43.7
05/09/2018,21320,423822500,19.85(-0.25 %),32320,643060000,11000,219237500,4824262,43.72
06/09/2018,10300,206155000,20(0.76 %),20300,404805000,10000,198650000,4813962,43.73
07/09/2018,4600,92710000,20.2(1.00 %),14600,292810000,10000,200100000,4809362,43.74
10/09/2018,-51800,-1082680000,20.9(3.47 %),23250,490940000,75050,1573620000,5435289,43.05
11/09/2018,-267920,-5613760000,21.2(1.44 %),102750,2154010000,370670,7767770000,5342539,43.15
12/09/2018,-72010,-1563400000,21.65(2.12 %),11760,255340000,83770,1818740000,5340779,43.15
13/09/2018,-126070,-2800300000,22.5(3.93 %),98370,2203260000,224440,5003560000,5317459,43.18
14/09/2018,35310,789610000,22.3(-0.89 %),45500,1016850000,10190,227240000,5642629,42.82
17/09/2018,-25400,-587840000,23.85(6.95 %),15300,349890000,40700,937730000,5711099,42.75
18/09/2018,29410,705270000,24.1(1.05 %),45120,1078380000,15710,373110000,5890419,42.55
19/09/2018,17780,426150000,23.8(-1.24 %),27780,664120000,10000,237970000,5872829,42.57
20/09/2018,-18910,-446803000,23.7(-0.42 %),1090,25847000,20000,472650000,5891739,42.55
21/09/2018,760,17813500,24.05(1.48 %),23760,572868500,23000,555055000,5890979,42.55
24/09/2018,2050,49199000,23.9(-0.62 %),2050,49199000,0,0,5902339,42.54
25/09/2018,-1390,-32840140,23.4(-2.09 %),1310,30950060,2700,63790200,5903729,42.54
26/09/2018,0,0,23(-1.71 %),0,0,0,0,5903729,42.54
27/09/2018,-30050,-686882500,23.9(3.91 %),3500,80130000,33550,767012500,5933779,42.5
28/09/2018,8760,214024000,24.4(2.09 %),8760,214024000,0,0,5925019,42.51
01/10/2018,0,0,23.5(-3.69 %),0,0,0,0,5956623,42.48
02/10/2018,-1090,-25580500,23.4(-0.43 %),230,5439500,1320,31020000,5957713,42.48
03/10/2018,2240,51896000,23.4(0.00 %),6600,154320000,4360,102424000,5955473,42.48
04/10/2018,30130,708808000,23.65(1.07 %),31710,746096000,1580,37288000,5925343,42.51
05/10/2018,11290,266196000,23.35(-1.27 %),11380,268320000,90,2124000,5914053,42.53
08/10/2018,-5240,-122390000,23.3(-0.21 %),860,20080000,6100,142470000,5950087,42.49
09/10/2018,-1300,-30250000,23.3(0.00 %),700,16350000,2000,46600000,5950967,42.49
10/10/2018,11680,272135000,22.8(-2.15 %),20680,479117000,9000,206982000,5939287,42.5
11/10/2018,36280,772531000,21.25(-6.80 %),52280,1112531000,16000,340000000,5903007,42.54
12/10/2018,39600,842906500,21.8(2.59 %),40400,859176500,800,16270000,5863407,42.58
15/10/2018,12960,278809500,21.45(-1.61 %),20500,439329500,7540,160520000,5850447,42.6
16/10/2018,-8480,-183782500,21.7(1.17 %),100,2150000,8580,185932500,5858927,42.59
17/10/2018,16010,349767500,21.85(0.69 %),16010,349767500,0,0,5842917,42.6
18/10/2018,-19050,-417048500,21.7(-0.69 %),1830,39629500,20880,456678000,5861967,42.58
19/10/2018,20090,438473500,21.85(0.69 %),20640,450256000,550,11782500,5841877,42.61
22/10/2018,-21070,-452034000,21.4(-2.06 %),4000,86000000,25070,538034000,5862947,42.58
23/10/2018,8460,193464000,20.8(-2.80 %),29560,623984000,21100,430520000,5854487,42.59
24/10/2018,-2820,-57543500,19.9(-4.33 %),3000,61192500,5820,118736000,5857307,42.59
25/10/2018,24310,483407500,20.3(2.01 %),32210,631411000,7900,148003500,5832997,42.61
26/10/2018,12010,240284070,19.85(-2.22 %),12010,240284070,0,0,5820987,42.63
29/10/2018,16950,336450000,19.95(0.50 %),17000,337440000,50,990000,5800682,42.65
30/10/2018,820,17641000,19.4(-2.76 %),22820,446905000,22000,429264000,5799862,42.65
31/10/2018,5510,108782500,19.9(2.58 %),5510,108782500,0,0,5794352,42.66
01/11/2018,1020,20197000,19.8(-0.50 %),1020,20197000,0,0,5801282,42.65
02/11/2018,-4510,-90198000,20.1(1.52 %),0,0,4510,90198000,5805792,42.64
05/11/2018,-15200,-311320000,21(4.48 %),201700,4034210000,216900,4345530000,5599582,42.87
06/11/2018,16750,354408500,21.3(1.43 %),916750,19254408500,900000,18900000000,5582832,42.89
07/11/2018,-10,-213000,20.9(-1.88 %),402000,8442600000,402010,8442813000,5582842,42.89
08/11/2018,21520,460328000,21.45(2.63 %),27020,577453000,5500,117125000,5561322,42.91
09/11/2018,7610,161290000,20.9(-2.56 %),7640,161920000,30,630000,5553712,42.92
12/11/2018,16000,336177000,21.2(1.44 %),16000,336177000,0,0,5537712,42.94
13/11/2018,14000,293612000,21(-0.94 %),17000,354983000,3000,61371000,5523712,42.95
14/11/2018,2550,53500000,20.6(-1.90 %),2550,53500000,0,0,5521162,42.96
15/11/2018,940,19552000,21(1.94 %),940,19552000,0,0,5520222,42.96
16/11/2018,0,0,21(0.00 %),0,0,0,0,5520222,42.96
19/11/2018,-1050,-21940000,21(0.00 %),1830,38250000,2880,60190000,5739802,42.72
20/11/2018,0,0,21.3(1.43 %),465000,9765000000,465000,9765000000,5739802,42.72
21/11/2018,-32900,-677380000,21(-1.41 %),1100,23100000,34000,700480000,5738702,42.72
22/11/2018,70,1449000,21(0.00 %),70,1449000,0,0,5738632,42.72
23/11/2018,4250,89250000,20.9(-0.48 %),5800,121800000,1550,32550000,5734382,42.72
26/11/2018,-6000,-124267500,20.85(-0.24 %),4000,83400000,10000,207667500,5740382,42.72
27/11/2018,10210,212475000,20.8(-0.24 %),10260,213515000,50,1040000,5730172,42.73
28/11/2018,2000,41600000,21.1(1.44 %),2000,41600000,0,0,5728172,42.73
29/11/2018,7300,152590000,20.8(-1.42 %),21000,438750000,13700,286160000,5720872,42.74
30/11/2018,2740,57216000,20.8(0.00 %),2740,57216000,0,0,5718132,42.74
03/12/2018,0,0,22(5.77 %),0,0,0,0,5741312,42.72
04/12/2018,110,2419500,21.8(-0.91 %),110,2419500,0,0,5741202,42.72
05/12/2018,-9360,-210340000,22.8(4.59 %),3140,69310000,12500,279650000,5750562,42.71
06/12/2018,-2520,-56700000,22.4(-1.75 %),0,0,2520,56700000,5753082,42.7
07/12/2018,18710,426206500,22.55(0.67 %),18710,426206500,0,0,5734372,42.72
10/12/2018,620,13795000,22.5(-0.22 %),620,13795000,0,0,5733752,42.72
11/12/2018,9390,207687500,22.5(0.00 %),9390,207687500,0,0,5724362,42.73
12/12/2018,0,0,22.5(0.00 %),0,0,0,0,5724362,42.73
13/12/2018,-21480,-493230500,22.9(1.78 %),17740,404181500,39220,897412000,5745842,42.71
14/12/2018,-4490,-100442000,22.8(-0.44 %),53750,1187875000,58240,1288317000,5750332,42.71
17/12/2018,13020,288954000,22.1(-3.07 %),18750,414810000,5730,125856000,5737312,42.72
18/12/2018,6080,134298000,22.1(0.00 %),77860,1692136000,71780,1557838000,5731232,42.73
19/12/2018,860,18330000,22(-0.45 %),3660,79650000,2800,61320000,5730372,42.73
20/12/2018,-390,-8402000,21.5(-2.27 %),30,654000,420,9056000,5730762,42.73
21/12/2018,-43630,-911607500,20.8(-3.26 %),190,4018000,43820,915625500,5774392,42.68
24/12/2018,-12960,-270638000,21.1(1.44 %),0,0,12960,270638000,5787352,42.66
25/12/2018,860,19400000,20.7(-1.90 %),12070,245870000,11210,226470000,5732193,42.73
26/12/2018,-24460,-493756500,20.3(-1.93 %),12820,258952000,37280,752708500,5756653,42.7
27/12/2018,-20090,-407063000,21.05(3.69 %),8260,172044000,28350,579107000,5776743,42.68
28/12/2018,20250,421700000,20.7(-1.66 %),27250,568700000,7000,147000000,5751853,42.7
02/01/2019,3600,75040000,20.5(-0.97 %),3600,75040000,0,0,5813883,42.64
03/01/2019,4000,80650000,20.15(-1.71 %),4000,80650000,0,0,5809883,42.64
04/01/2019,-790,-15879000,20.2(0.25 %),10,201000,800,16080000,5810673,42.64
07/01/2019,5000,104213000,20.8(2.97 %),5000,104213000,0,0,5805673,42.64
08/01/2019,-500,-9725500,20.7(-0.48 %),1500,31275000,2000,41000500,5806173,42.64
09/01/2019,-100,-1010000,20.85(0.72 %),3900,81120000,4000,82130000,5806273,42.64
10/01/2019,-2020,-40910000,20.65(-0.96 %),8510,175480000,10530,216390000,5798763,42.65
11/01/2019,-2710,-53350000,20.7(0.24 %),13290,275520000,16000,328870000,5801473,42.65
14/01/2019,340,7838000,20.7(0.00 %),5340,110338000,5000,102500000,5801133,42.65
15/01/2019,0,0,20.7(0.00 %),0,0,0,0,5801133,42.65
16/01/2019,0,502500,20.35(-1.69 %),3000,61882500,3000,61380000,5801133,42.65
17/01/2019,7000,144751500,20.7(1.72 %),7000,144751500,0,0,5794133,42.66
18/01/2019,0,0,20.7(0.00 %),0,0,0,0,5807665,42.64
21/01/2019,8000,170120000,20.95(1.21 %),19000,396970000,11000,226850000,5799665,42.65
22/01/2019,-520,-10180000,20.7(-1.19 %),14480,295120000,15000,305300000,5777185,42.68
23/01/2019,-850,-17430000,20.6(-0.48 %),0,0,850,17430000,5777185,42.68
24/01/2019,-5210,-105520000,20.6(0.00 %),2000,41200000,7210,146720000,5786185,42.67
25/01/2019,0,979000,20.5(-0.49 %),20000,405500000,20000,404521000,5806245,42.64
28/01/2019,4000,82000000,20.5(0.00 %),4000,82000000,0,0,5802245,42.65
29/01/2019,0,0,20(-2.44 %),0,0,0,0,5802245,42.65
30/01/2019,10530,208550000,20.05(0.25 %),10530,208550000,0,0,5794715,42.66
31/01/2019,-20,-410000,20.05(0.00 %),0,0,20,410000,5794715,42.66
01/02/2019,7200,146111000,20.35(1.50 %),7200,146111000,0,0,5794715,42.66
11/02/2019,-27450,-557220000,20.7(1.72 %),14550,297480000,42000,854700000,5772965,42.68
12/02/2019,-16300,-330361000,20.1(-2.90 %),560,11461000,16860,341822000,5838465,42.61
13/02/2019,-11140,-225590000,20.8(3.48 %),14200,293453500,25340,519043500,5849605,42.6
14/02/2019,2000,40900000,20.7(-0.48 %),2000,40900000,0,0,5847605,42.6
15/02/2019,-1030,-21319000,20.8(0.48 %),1470,30431000,2500,51750000,5848635,42.6
18/02/2019,3070,64040000,21.4(2.88 %),11000,229800000,7930,165760000,5845565,42.6
19/02/2019,13760,293842000,21.8(1.87 %),18360,394912000,4600,101070000,5831805,42.62
20/02/2019,1110,24900000,22(0.92 %),26110,571120000,25000,546220000,5785985,42.67
21/02/2019,400,8792500,22.4(1.82 %),400,8792500,0,0,5830295,42.62
22/02/2019,4020,88240000,22.2(-0.89 %),6020,132440000,2000,44200000,5826275,42.62
25/02/2019,9460,209156000,22.1(-0.45 %),14460,318781000,5000,109625000,5816815,42.63
26/02/2019,-4570,-98145500,21.4(-3.17 %),4680,101044000,9250,199189500,5821385,42.63
27/02/2019,-1060,-22680000,21.4(0.00 %),40,860000,1100,23540000,5799915,42.65
28/02/2019,-10880,-228640000,21.4(0.00 %),5000,106730000,15880,335370000,5799915,42.65
01/03/2019,2500,55000000,22.1(3.27 %),2500,55000000,0,0,5809165,42.64
04/03/2019,9940,217840000,22(-0.45 %),9940,217840000,0,0,5799225,42.65
05/03/2019,-4320,-93486500,21.8(-0.91 %),280,6104000,4600,99590500,5803545,42.65
06/03/2019,-2740,-59540000,21.8(0.00 %),1410,30440000,4150,89980000,5812015,42.64
07/03/2019,21250,467970000,21.9(0.46 %),24630,541730000,3380,73760000,5787385,42.66
08/03/2019,5200,114370000,21.5(-1.83 %),8700,189610000,3500,75240000,5783285,42.67
11/03/2019,-9000,-181518000,21.4(-0.47 %),10500,224544000,19500,406062000,5786205,42.67
12/03/2019,13610,292240000,21.5(0.47 %),14220,305360000,610,13120000,5766095,42.69
13/03/2019,-3000,-64200000,21.6(0.47 %),0,0,3000,64200000,5775595,42.68
14/03/2019,-8920,-201580000,22.7(5.09 %),1280,28950000,10200,230530000,5787815,42.66
15/03/2019,9770,221180000,22.7(0.00 %),11220,254050000,1450,32870000,5777205,42.68
18/03/2019,7670,173922000,22.7(0.00 %),7670,173922000,0,0,5767075,42.69
19/03/2019,28710,653496000,22.6(-0.44 %),38960,884382000,10250,230886000,5738365,42.72
20/03/2019,-18000,-394520000,22.6(0.00 %),3000,67800000,21000,462320000,5742225,42.71
21/03/2019,6900,153720000,22.3(-1.33 %),9900,220770000,3000,67050000,5749465,42.71
22/03/2019,-32320,-703180000,22.15(-0.67 %),7500,165280000,39820,868460000,5735075,42.72
25/03/2019,38200,818921500,21.6(-2.48 %),40200,862321500,2000,43400000,5743585,42.71
26/03/2019,160,6910000,21.95(1.62 %),15670,339280000,15510,332370000,5703205,42.76
27/03/2019,11050,243710000,22.4(2.05 %),11050,243710000,0,0,5731975,42.73
28/03/2019,-17670,-397510000,22.55(0.67 %),2900,65260000,20570,462770000,5731075,42.73
29/03/2019,-670,-14950000,22.5(-0.22 %),430,9680000,1100,24630000,5746155,42.71
01/04/2019,-7060,-157550000,23(2.22 %),3940,90270000,11000,247820000,5742215,42.71
02/04/2019,-16700,-382700000,22.9(-0.43 %),1300,29900000,18000,412600000,5762855,42.69
03/04/2019,-7980,-193540000,24.5(6.99 %),3020,69990000,11000,263530000,5770835,42.68
04/04/2019,-22780,-588310000,26.1(6.53 %),9840,255160000,32620,843470000,5760725,42.69
05/04/2019,-25100,-652640000,25.9(-0.77 %),400,10360000,25500,663000000,5818715,42.63
08/04/2019,4340,111640000,25.9(0.00 %),5340,137340000,1000,25700000,5783985,42.67
09/04/2019,-23180,-606130000,26.1(0.77 %),1820,47740000,25000,653870000,5814785,42.63
10/04/2019,-11450,-300040000,26.7(2.30 %),17510,462520000,28960,762560000,5822775,42.63
11/04/2019,-16960,-445772000,26(-2.62 %),1000,26500000,17960,472272000,5865965,42.58
12/04/2019,-37210,-973450500,26.2(0.77 %),1230,32164500,38440,1005615000,5903175,42.54
16/04/2019,-27150,-714930000,26.65(1.72 %),3500,92780000,30650,807710000,5872005,42.57
17/04/2019,-6550,-173300000,26.6(-0.19 %),10000,266000000,16550,439300000,5879965,42.56
18/04/2019,-7090,-189130000,26.2(-1.50 %),9810,258170000,16900,447300000,5908595,42.53
19/04/2019,-10580,-292140000,27.9(6.49 %),2940,79900000,13520,372040000,5936313,42.5
22/04/2019,-21560,-591993000,27.45(-1.61 %),0,0,21560,591993000,5976105,42.46
23/04/2019,-53810,-1472960000,27.05(-1.46 %),0,0,53810,1472960000,5969763,42.47
24/04/2019,0,0,27(-0.18 %),0,0,0,0,6029915,42.4
25/04/2019,-3190,-85280000,26.3(-2.59 %),5310,143370000,8500,228650000,6033105,42.4
26/04/2019,-4430,-117360000,26.7(1.52 %),800,21240000,5230,138600000,6052543,42.37
02/05/2019,-19140,-504294000,26.25(-1.69 %),240,6384000,19380,510678000,6052543,42.37
03/05/2019,-1850,-48300000,26.5(0.95 %),3400,90030000,5250,138330000,6057403,42.37
06/05/2019,1430,37300000,25.8(-2.64 %),1430,37300000,0,0,6061203,42.37
07/05/2019,-380,-9580000,25.8(0.00 %),800,20910000,1180,30490000,6079783,42.34
08/05/2019,2840,73614500,26.35(2.13 %),18490,484591000,15650,410976500,6050503,42.38
09/05/2019,7190,191886000,27.3(3.61 %),7780,207993000,590,16107000,6043313,42.38
10/05/2019,-2020,-52581000,27.6(1.10 %),3000,82800000,5020,135381000,6045333,42.38
13/05/2019,3420,97160000,27.4(-0.72 %),7420,204760000,4000,107600000,6065177,42.36
14/05/2019,700,19180000,27.35(-0.18 %),2000,54700000,1300,35520000,6063767,42.36
15/05/2019,-2790,-77120000,27.5(0.55 %),2540,69460000,5330,146580000,6066247,42.36
16/05/2019,9470,254801000,27.3(-0.73 %),15470,417751000,6000,162950000,6034533,42.39
17/05/2019,-67440,-1910830000,28.8(5.49 %),2000,57600000,69440,1968430000,6054077,42.37
20/05/2019,-39240,-1119950000,29(0.69 %),3000,87000000,42240,1206950000,6056407,42.37
21/05/2019,3120,91690000,29.05(0.17 %),18520,537620000,15400,445930000,6043887,42.38
22/05/2019,-100,-3310000,28.45(-2.07 %),3000,85350000,3100,88660000,6110327,42.31
23/05/2019,-820,-22850000,28.45(0.00 %),4000,112750000,4820,135600000,6148567,42.27
24/05/2019,-30400,-844290000,28(-1.58 %),7200,201690000,37600,1045980000,6156767,42.26
27/05/2019,8000,221600000,27.7(-1.07 %),8000,221600000,0,0,6170967,42.24
28/05/2019,-14270,-386926500,27.5(-0.72 %),1460,40082000,15730,427008500,6185237,42.23
29/05/2019,-19200,-526681500,27.1(-1.45 %),10800,293320000,30000,820001500,6204437,42.21
30/05/2019,-103820,-2757730000,26.5(-2.21 %),50000,1342200000,153820,4099930000,6132027,42.29
31/05/2019,-104850,-2750710000,27(1.89 %),64200,1700860000,169050,4451570000,6083557,42.34
03/06/2019,-3600,-96120000,26.8(-0.74 %),0,0,3600,96120000,6113558,42.31
04/06/2019,-58420,-1526660000,25.5(-4.85 %),0,0,58420,1526660000,6267378,42.14
05/06/2019,-123100,-3115830000,24.7(-3.14 %),0,0,123100,3115830000,6436428,41.95
06/06/2019,-202900,-4891490000,23.9(-3.24 %),5100,124900000,208000,5016390000,6434928,41.96
07/06/2019,-54250,-1339880000,25.5(6.69 %),18950,479240000,73200,1819120000,6474398,41.91
10/06/2019,-42860,-1057360000,24.7(-3.14 %),2150,53190000,45010,1110550000,6595348,41.78
11/06/2019,-3560,-87980000,24.8(0.40 %),15440,381670000,19000,469650000,6787908,41.57
12/06/2019,-76960,-1871700000,24.1(-2.82 %),10080,242960000,87040,2114660000,6851028,41.5
13/06/2019,-109950,-2597770000,23.5(-2.49 %),109220,2557370000,219170,5155140000,6886808,41.46
14/06/2019,-22460,-527703000,24(2.13 %),6460,152280000,28920,679983000,6808018,41.55
17/06/2019,-71500,-1653852000,23.4(-2.50 %),15480,361782000,86980,2015634000,6879518,41.47
18/06/2019,-60000,-1362576500,22.5(-3.85 %),10000,226314000,70000,1588890500,6939518,41.4
19/06/2019,-270600,-5999660000,22.5(0.00 %),31300,700350000,301900,6700010000,7077698,41.25
20/06/2019,-355460,-8149830000,23.05(2.44 %),0,0,355460,8149830000,7164678,41.16
21/06/2019,-142000,-3277843000,23.05(0.00 %),1000,23310000,143000,3301153000,7707578,40.56
24/06/2019,-345780,-8483010000,24.65(6.94 %),4700,115860000,350480,8598870000,7530878,40.76
25/06/2019,-314800,-8065364000,26(5.48 %),4160,105880000,318960,8171244000,8368158,39.84
26/06/2019,-42310,-1084350000,25.4(-2.31 %),12000,304800000,54310,1389150000,8410468,39.79
27/06/2019,-66640,-1650136000,24.6(-3.15 %),11360,279501000,78000,1929637000,8477108,39.72
28/06/2019,-35690,-878300000,24.9(1.22 %),310,7620000,36000,885920000,8670948,39.51
01/07/2019,-51000,-1267100000,24.7(-0.80 %),0,0,51000,1267100000,8725258,39.45
02/07/2019,-19510,-476947000,24.8(0.40 %),6960,172412000,26470,649359000,8744768,39.43
03/07/2019,-30000,-727940000,24.3(-2.02 %),0,0,30000,727940000,8832298,39.33
04/07/2019,-26780,-654420000,24.3(0.00 %),3220,78700000,30000,733120000,8880078,39.28
05/07/2019,-15680,-384998000,24.8(2.06 %),15820,392664000,31500,777662000,8817228,39.35
08/07/2019,-163470,-3936571500,24(-3.23 %),30,730500,163500,3937302000,8980698,39.17
09/07/2019,-6000,-141380000,24.4(1.67 %),15000,364760000,21000,506140000,8935698,39.22
10/07/2019,-31950,-778260000,24.5(0.41 %),4050,98770000,36000,877030000,8963148,39.19
11/07/2019,-136560,-3414520000,25.05(2.24 %),1200,29930000,137760,3444450000,9125448,39.01
12/07/2019,-54560,-1375480000,25.15(0.40 %),5500,138000000,60060,1513480000,9140948,38.99
15/07/2019,-44280,-1132430000,25.85(2.78 %),7920,206532000,52200,1338962000,9254048,38.87
16/07/2019,5010,132364000,26.45(2.32 %),5010,132364000,0,0,9249038,38.88
17/07/2019,2630,69270000,26.45(0.00 %),2630,69270000,0,0,9359208,38.76
18/07/2019,-1000,-26100000,25.6(-3.21 %),0,0,1000,26100000,9411408,38.7
19/07/2019,-490,-12540000,25.75(0.59 %),10,260000,500,12800000,9411398,38.7
22/07/2019,-9740,-250350000,27(4.85 %),260,6650000,10000,257000000,9411138,38.7
23/07/2019,-10260,-277310000,26.8(-0.74 %),2000,53800000,12260,331110000,9410138,38.7
24/07/2019,35000,947124000,27.2(1.49 %),40000,1081874000,5000,134750000,9232898,38.89
25/07/2019,-21550,-583960000,26.75(-1.65 %),0,0,21550,583960000,9380646,38.73
26/07/2019,1640,43790000,26.7(-0.19 %),10170,271540000,8530,227750000,9382736,38.73
29/07/2019,9970,261610000,26.45(-0.94 %),12990,341040000,3020,79430000,9374746,38.74
30/07/2019,-13900,-372315500,26.4(-0.19 %),30,792000,13930,373107500,9256738,38.87
31/07/2019,-10970,-290120000,26(-1.52 %),2030,52780000,13000,342900000,9402766,38.71
01/08/2019,11650,305977000,25.95(-0.19 %),14670,384500000,3020,78523000,9405786,38.7
02/08/2019,2230,57450000,26.65(2.70 %),2230,57450000,0,0,9402816,38.71
05/08/2019,-6840,-183231500,26.2(-1.69 %),1490,39921000,8330,223152500,9410396,38.7
06/08/2019,-6130,-161682000,26.2(0.00 %),1700,44100000,7830,205782000,9416526,38.69
07/08/2019,100,990000,26.2(0.00 %),7600,199270000,7500,198280000,9408046,38.7
08/08/2019,-59050,-1611570000,27.2(3.82 %),5000,134960000,64050,1746530000,9411376,38.7
09/08/2019,-62670,-1709100000,27.15(-0.18 %),3500,96800000,66170,1805900000,9415706,38.69
12/08/2019,3900,105300000,26.5(-2.39 %),3900,105300000,0,0,9534246,38.56
13/08/2019,2900,78400000,27(1.89 %),3800,102100000,900,23700000,9479556,38.62
14/08/2019,-18880,-518601000,26.9(-0.37 %),4000,108200000,22880,626801000,9550226,38.55
15/08/2019,0,0,26.85(-0.19 %),0,0,0,0,9550226,38.55
16/08/2019,-20680,-571391500,27(0.56 %),6000,162000000,26680,733391500,9570906,38.52
19/08/2019,-31060,-841790000,27.1(0.37 %),0,0,31060,841790000,9559506,38.54
20/08/2019,-35770,-996310000,28(3.32 %),18430,512070000,54200,1508380000,9541076,38.56
21/08/2019,-21340,-605700000,27.8(-0.71 %),100,2830000,21440,608530000,9567656,38.53
22/08/2019,-4100,-113820000,27.7(-0.36 %),900,24930000,5000,138750000,9663176,38.42
23/08/2019,3000,82793000,27.45(-0.90 %),5600,154323000,2600,71530000,9660176,38.43
26/08/2019,12940,339910000,26.65(-2.91 %),35940,957600000,23000,617690000,9631916,38.46
27/08/2019,-18520,-492590000,26.65(0.00 %),5000,133350000,23520,625940000,9631916,38.46
28/08/2019,-31110,-823074000,26.35(-1.13 %),20,532000,31130,823606000,9696866,38.39
29/08/2019,-22500,-588130000,26.1(-0.95 %),500,13180000,23000,601310000,9656996,38.43
30/08/2019,3500,91650000,26.1(0.00 %),6500,170850000,3000,79200000,9715866,38.36
03/09/2019,-38870,-1000788000,25.4(-2.68 %),8130,210040500,47000,1210828500,9705146,38.38
04/09/2019,-22850,-577590000,25(-1.57 %),11310,280040000,34160,857630000,9708706,38.37
05/09/2019,-32390,-810500000,25(0.00 %),0,0,32390,810500000,9760386,38.32
06/09/2019,4610,112810000,24.8(-0.80 %),17610,437730000,13000,324920000,9741096,38.34
09/09/2019,900,19885500,24.2(-2.42 %),10900,263822000,10000,243936500,9754876,38.32
10/09/2019,-19980,-478882500,24.1(-0.41 %),710,17040000,20690,495922500,9774856,38.3
11/09/2019,-10890,-263074000,24.4(1.24 %),0,0,10890,263074000,9785746,38.29
12/09/2019,-1450,-35630000,25(2.46 %),1100,27230000,2550,62860000,9817936,38.25
13/09/2019,0,0,25(0.00 %),0,0,0,0,9838626,38.23
16/09/2019,460,11460000,25.2(0.80 %),460,11460000,0,0,9849056,38.22
17/09/2019,20,510000,25.3(0.40 %),20,510000,0,0,9851586,38.22
18/09/2019,-27420,-681625000,24.6(-2.77 %),14630,362824000,42050,1044449000,9814136,38.26
19/09/2019,-15000,-369680000,24.6(0.00 %),0,0,15000,369680000,9836956,38.23
20/09/2019,-221610,-5367360000,24.6(0.00 %),16890,412870000,238500,5780230000,9820066,38.25
23/09/2019,-37470,-912950000,24.45(-0.61 %),0,0,37470,912950000,9862116,38.2
24/09/2019,-17200,-417140000,24.2(-1.02 %),2800,68310000,20000,485450000,9874316,38.19
25/09/2019,-69300,-1685400000,24.65(1.86 %),16800,403270000,86100,2088670000,10096016,37.95
26/09/2019,-65110,-1605859000,24.85(0.81 %),4390,108413000,69500,1714272000,10239826,37.79
27/09/2019,-10230,-253510000,25.05(0.80 %),550,13590000,10780,267100000,10148546,37.89
30/09/2019,-3000,-75100000,25.2(0.60 %),2000,50400000,5000,125500000,10253056,37.78
01/10/2019,460,11511000,25(-0.79 %),460,11511000,0,0,10302146,37.72
02/10/2019,5800,144420000,24.9(-0.40 %),5800,144420000,0,0,10306666,37.72
03/10/2019,0,0,24.8(-0.40 %),0,0,0,0,10311666,37.71
04/10/2019,0,0,24.5(-1.21 %),0,0,0,0,10311666,37.71
07/10/2019,-790,-19360000,24.6(0.41 %),0,0,790,19360000,10311666,37.71
08/10/2019,-35660,-884769000,24.85(1.02 %),20,492000,35680,885261000,10332796,37.69
09/10/2019,-2990,-73890000,24.85(0.00 %),10,250000,3000,74140000,10311636,37.71
10/10/2019,2000,51787000,25.35(2.01 %),7000,178400000,5000,126613000,10333786,37.69
11/10/2019,-11580,-298863000,26(2.56 %),570,14822000,12150,313685000,10345366,37.68
14/10/2019,-8000,-210370000,26.35(1.35 %),0,0,8000,210370000,10343536,37.68
15/10/2019,-40000,-1054000000,26.15(-0.76 %),0,0,40000,1054000000,10393366,37.62
16/10/2019,0,0,26.35(0.76 %),0,0,0,0,10393366,37.62
17/10/2019,-9500,-250610000,26.4(0.19 %),0,0,9500,250610000,10368686,37.65
18/10/2019,-6000,-160050000,26.35(-0.19 %),0,0,6000,160050000,10408866,37.61
21/10/2019,-29950,-784810000,25.9(-1.71 %),850,22400000,30800,807210000,10407836,37.61
22/10/2019,23240,608600000,26.3(1.54 %),32220,844760000,8980,236160000,10385116,37.63
23/10/2019,2750,71912500,26.2(-0.38 %),2750,71912500,0,0,10412826,37.6
24/10/2019,25250,669890000,26.7(1.91 %),32250,855420000,7000,185530000,10386916,37.63
25/10/2019,-6150,-163270000,26.6(-0.37 %),350,9350000,6500,172620000,10395546,37.62
28/10/2019,21710,578150000,26.6(0.00 %),21710,578150000,0,0,10373836,37.64
29/10/2019,1420,37568000,26.5(-0.38 %),1570,41450000,150,3882000,10370596,37.65
30/10/2019,3500,92550000,26.5(0.00 %),4500,118900000,1000,26350000,10381266,37.64
31/10/2019,-12440,-328630000,26.35(-0.57 %),60,1590000,12500,330220000,10381206,37.64
01/11/2019,2490,66110000,26.4(0.19 %),3770,99774000,1280,33664000,10381356,37.64
04/11/2019,-19780,-517850000,26.5(0.38 %),1200,31700000,20980,549550000,10377386,37.64
05/11/2019,8200,221630000,27.15(2.45 %),8200,221630000,0,0,10381686,37.64
06/11/2019,420,11470500,27(-0.55 %),2800,75724500,2380,64254000,10392516,37.62
07/11/2019,-15720,-424857000,27.3(1.11 %),6360,172441000,22080,597298000,10408236,37.61
08/11/2019,-100,-2310000,26.9(-1.47 %),2600,70890000,2700,73200000,10392186,37.62
11/11/2019,3700,99899500,26.7(-0.74 %),16530,441201500,12830,341302000,10404636,37.61
12/11/2019,11700,308089500,26.4(-1.12 %),13650,359472000,1950,51382500,10392936,37.62
13/11/2019,-20120,-513670000,26.4(0.00 %),17670,466280000,37790,979950000,10371496,37.65
14/11/2019,-7620,-197532000,25.9(-1.89 %),0,0,7620,197532000,10420676,37.59
15/11/2019,-6850,-176970000,25.7(-0.77 %),2500,64750000,9350,241720000,10383782,37.63
18/11/2019,-8350,-212540000,25.9(0.78 %),70,1790000,8420,214330000,10421502,37.59
19/11/2019,1350,35015500,26.2(1.16 %),1770,45853000,420,10837500,10434526,37.58
20/11/2019,-960,-25490000,26.35(0.57 %),990,25800000,1950,51290000,10435712,37.58
21/11/2019,660,17292000,26.35(0.00 %),660,17292000,0,0,10434826,37.58
22/11/2019,-5750,-149013000,26.35(0.00 %),0,0,5750,149013000,10440576,37.57
25/11/2019,-2510,-66093000,26.25(-0.38 %),2400,63240000,4910,129333000,10443086,37.57
26/11/2019,-950,-24680000,26.15(-0.38 %),0,0,950,24680000,10443442,37.57
27/11/2019,-8250,-212020000,25.9(-0.96 %),0,0,8250,212020000,10449192,37.56
28/11/2019,4990,129988500,26.05(0.58 %),5000,130250000,10,261500,10447296,37.56
29/11/2019,-6100,-156664000,26.05(0.00 %),0,0,6100,156664000,10453396,37.56
02/12/2019,4000,103600000,25.9(-0.58 %),4000,103600000,0,0,10458302,37.55
03/12/2019,4100,105350000,25.7(-0.77 %),4100,105350000,0,0,10454202,37.56
04/12/2019,-2500,-63750000,25.7(0.00 %),0,0,2500,63750000,10456702,37.55
05/12/2019,-2500,-63854000,25.7(0.00 %),0,0,2500,63854000,10459202,37.55
06/12/2019,-6900,-174950000,25.75(0.19 %),100,2500000,7000,177450000,10466102,37.54
09/12/2019,-4170,-106052000,25.5(-0.97 %),790,20303000,4960,126355000,10470272,37.54
10/12/2019,-3230,-80980000,25.1(-1.57 %),2400,60400000,5630,141380000,10458022,37.55
11/12/2019,-10200,-256020000,25.1(0.00 %),0,0,10200,256020000,10483702,37.52
12/12/2019,-930,-23343000,25.2(0.40 %),0,0,930,23343000,10484632,37.52
13/12/2019,-1900,-47880000,25.15(-0.20 %),0,0,1900,47880000,10486532,37.52
16/12/2019,-3300,-82180000,24.75(-1.59 %),0,0,3300,82180000,10485812,37.52
17/12/2019,-7990,-197440000,24.65(-0.40 %),0,0,7990,197440000,10486742,37.52
18/12/2019,-1570,-38330000,24.7(0.20 %),0,0,1570,38330000,10488642,37.52
19/12/2019,-7870,-193850000,24.9(0.81 %),2400,59520000,10270,253370000,10489542,37.52
20/12/2019,3070,76443000,24.9(0.00 %),3070,76443000,0,0,10504192,37.5
23/12/2019,4940,123420000,24.9(0.00 %),5740,143500000,800,20080000,10490292,37.52
24/12/2019,17930,442683000,25.3(1.61 %),20730,512093000,2800,69410000,10481322,37.53
25/12/2019,610,15360000,25.3(0.00 %),610,15360000,0,0,10479222,37.53
26/12/2019,-16680,-409370000,25.15(-0.59 %),6450,162080000,23130,571450000,10473572,37.54
27/12/2019,70,1758500,25.2(0.20 %),100,2510000,30,751500,10497322,37.51
30/12/2019,17930,442683000,24.8(-1.59 %),20730,512093000,2800,69410000,10479392,37.53
31/12/2019,110,2760000,24.8(0.00 %),240,5980000,130,3220000,10499132,37.51
02/01/2020,-1290,-32200000,25.15(1.41 %),0,0,1290,32200000,10499162,37.51
03/01/2020,11290,289328500,25.65(1.99 %),11320,290102500,30,774000,10487872,37.52
06/01/2020,15770,401290000,25.5(-0.58 %),19110,486500000,3340,85210000,10469742,37.54
07/01/2020,13890,353072500,25.45(-0.20 %),13890,353072500,0,0,10458212,37.55
08/01/2020,14280,362267500,25.4(-0.20 %),19510,494861000,5230,132593500,10443932,37.57
09/01/2020,0,0,24.7(-2.76 %),0,0,0,0,10443932,37.57
10/01/2020,21750,540070000,24.8(0.40 %),21750,540070000,0,0,10419252,37.59
13/01/2020,-830,-15551000,25.8(4.03 %),6180,158424000,7010,173975000,10423012,37.59
14/01/2020,0,0,25.75(-0.19 %),0,0,0,0,10423012,37.59
15/01/2020,-3100,-75160000,25.6(-0.58 %),5000,128000000,8100,203160000,10426112,37.59
16/01/2020,-1260,-31800000,25.5(-0.39 %),530,13350000,1790,45150000,10419782,37.59
17/01/2020,11640,297820000,25.7(0.78 %),12000,307000000,360,9180000,10407790,37.61
20/01/2020,-4000,-102000000,25.5(-0.78 %),0,0,4000,102000000,10411790,37.6
21/01/2020,3000,76200000,25.4(-0.39 %),3000,76200000,0,0,10414680,37.6
22/01/2020,-2450,-62440500,26(2.36 %),0,0,2450,62440500,10417130,37.6
30/01/2020,-19620,-489860000,24.9(-4.23 %),12300,306710000,31920,796570000,10406740,37.61
31/01/2020,5320,137690000,25.3(1.61 %),14300,359150000,8980,221460000,10392440,37.62
03/02/2020,4930,124750000,24.85(-1.78 %),11000,272750000,6070,148000000,10394890,37.62
04/02/2020,-5090,-122480000,24.7(-0.60 %),4010,98650000,9100,221130000,10411800,37.6
05/02/2020,-27900,-677816500,24.6(-0.40 %),17190,419904500,45090,1097721000,10427880,37.59
06/02/2020,29770,719270000,23.9(-2.85 %),29770,719270000,0,0,10379890,37.64
07/02/2020,8640,206730000,24(0.42 %),8640,206730000,0,0,10380350,37.64
10/02/2020,5740,139220000,24.3(1.25 %),7040,170450000,1300,31230000,10418400,37.6
11/02/2020,4350,104600000,24.1(-0.82 %),7150,171800000,2800,67200000,10411250,37.6
12/02/2020,-23660,-564940000,23.9(-0.83 %),2000,47300000,25660,612240000,10409250,37.61
13/02/2020,0,0,23.8(-0.42 %),0,0,0,0,10410550,37.6
14/02/2020,-48020,-1103261500,23.55(-1.05 %),18540,433722000,66560,1536983500,10451060,37.56
17/02/2020,1000,23250000,23.25(-1.27 %),4000,93000000,3000,69750000,10450060,37.56
18/02/2020,-1000,-23064500,23.8(2.37 %),7000,166600000,8000,189664500,10451060,37.56
19/02/2020,-6540,-154400000,23.8(0.00 %),20790,491920000,27330,646320000,10455240,37.56
20/02/2020,-2910,-68680000,23.8(0.00 %),3630,86000000,6540,154680000,10454610,37.56
21/02/2020,-16140,-378783500,23.65(-0.63 %),21640,509921000,37780,888704500,10476650,37.53
24/02/2020,11950,273569000,22.65(-4.23 %),27810,633161000,15860,359592000,10464700,37.54
25/02/2020,-2750,-51091500,22.3(-1.55 %),32000,713471000,34750,764562500,10467450,37.54
26/02/2020,-9420,-208200000,22.3(0.00 %),4000,89200000,13420,297400000,10448810,37.56
27/02/2020,310,9820000,22.7(1.79 %),8310,187940000,8000,178120000,10456360,37.55
28/02/2020,-620,-5670000,22.2(-2.20 %),32020,707830000,32640,713500000,10459090,37.55
02/03/2020,-21130,-463920000,22.3(0.45 %),3250,72480000,24380,536400000,10469260,37.54
03/03/2020,12000,265280000,22.15(-0.67 %),12000,265280000,0,0,10465260,37.54
04/03/2020,-9000,-195450000,21.95(-0.90 %),5000,109750000,14000,305200000,10492900,37.51
05/03/2020,-28120,-606895500,22.5(2.51 %),30100,665303000,58220,1272198500,10494380,37.51
06/03/2020,-24870,-537692500,22.7(0.89 %),14500,328670000,39370,866362500,10519250,37.49
09/03/2020,1430,24830000,21.15(-6.83 %),20000,423250000,18570,398420000,10466680,37.54
10/03/2020,-4880,-90360000,21.2(0.24 %),8000,169170000,12880,259530000,10516900,37.49
11/03/2020,850,7390000,20(-5.66 %),15040,300840000,14190,293450000,10541230,37.46
12/03/2020,78240,1456070000,18.6(-7.00 %),82100,1528800000,3860,72730000,10477700,37.53
13/03/2020,22580,414726500,18.4(-1.08 %),37500,673404500,14920,258678000,10421030,37.59
16/03/2020,-99210,-1681880000,18.2(-1.09 %),36100,648890000,135310,2330770000,10431170,37.58
17/03/2020,21790,392220000,18(-1.10 %),130790,2259720000,109000,1867500000,10498450,37.51
18/03/2020,-18630,-324651500,17.6(-2.22 %),16120,286733000,34750,611384500,10517080,37.49
19/03/2020,-46790,-765750000,17(-3.41 %),20500,346900000,67290,1112650000,10507850,37.5
20/03/2020,4470,80290000,17(0.00 %),17470,290150000,13000,209860000,10509380,37.5
23/03/2020,-25730,-408750000,15.85(-6.76 %),0,0,25730,408750000,10544130,37.46
24/03/2020,-20210,-298128000,14.75(-6.94 %),15700,240942500,35910,539070500,10577180,37.42
25/03/2020,3120,49830000,15(1.69 %),45000,666300000,41880,616470000,10563720,37.44
26/03/2020,-26700,-398052000,14.85(-1.00 %),5100,75750000,31800,473802000,10600760,37.4
27/03/2020,10000,158700000,15.7(5.72 %),15000,234730000,5000,76030000,10605260,37.39
30/03/2020,29300,453890000,15.45(-1.59 %),30100,465970000,800,12080000,10617040,37.38
31/03/2020,31180,471030000,15.2(-1.62 %),31180,471030000,0,0,10617660,37.38
01/04/2020,-55980,-851260000,15.15(-0.33 %),18720,283730000,74700,1134990000,10603940,37.39
03/04/2020,1100,19034000,15.5(2.31 %),11100,171801500,10000,152767500,10621560,37.37
06/04/2020,-50000,-809510000,16.55(6.77 %),10000,165320000,60000,974830000,10583640,37.41
07/04/2020,-54000,-915300000,16.95(2.42 %),0,0,54000,915300000,10725560,37.26
08/04/2020,-127290,-2082794500,16.5(-2.65 %),15010,246593000,142300,2329387500,10852850,37.12
09/04/2020,-200160,-3284140000,16.4(-0.61 %),15240,250790000,215400,3534930000,10698090,37.29
10/04/2020,-108830,-1768803500,16.1(-1.83 %),28730,463544500,137560,2232348000,11161840,36.78
13/04/2020,-189720,-3257084000,17.2(6.83 %),10000,172000000,199720,3429084000,11351560,36.57
14/04/2020,-70350,-1294440000,18.4(6.98 %),0,0,70350,1294440000,11421910,36.5
15/04/2020,0,0,18.4(0.00 %),0,0,0,0,11421910,36.5
16/04/2020,-56910,-1088750000,19.65(6.79 %),600,11650000,57510,1100400000,11407740,36.51
17/04/2020,-57970,-1200353500,21(6.87 %),400,8250000,58370,1208603500,11536790,36.37
20/04/2020,-52330,-1161732000,22(4.76 %),0,0,52330,1161732000,11589120,36.31
21/04/2020,-36990,-765920000,20.5(-6.82 %),510,10510000,37500,776430000,11534690,36.37
22/04/2020,-45410,-896350000,21(2.44 %),17000,349370000,62410,1245720000,11576060,36.33
23/04/2020,-44450,-926610000,20.2(-3.81 %),550,11580000,45000,938190000,11627840,36.27
24/04/2020,-37990,-760600000,20.5(1.49 %),10000,203680000,47990,964280000,11655340,36.24
27/04/2020,17820,378193000,21.2(3.41 %),18340,389113000,520,10920000,11736140,36.15
28/04/2020,3790,81400000,21.25(0.24 %),18790,398590000,15000,317190000,11725620,36.16
29/04/2020,-34320,-776373500,22.6(6.35 %),9890,213460500,44210,989834000,11766670,36.12
04/05/2020,-39750,-905160000,21.6(-4.42 %),30500,659200000,70250,1564360000,11733740,36.16
05/05/2020,-77500,-1716625000,22.4(3.70 %),170,3791000,77670,1720416000,11841740,36.04
06/05/2020,-24570,-541800000,22.4(0.00 %),5810,129980000,30380,671780000,11786970,36.1
07/05/2020,-40350,-890273500,22.4(0.00 %),19460,431803000,59810,1322076500,11906660,35.97
08/05/2020,-8800,-196752500,22.4(0.00 %),1740,39123500,10540,235876000,11915460,35.96
11/05/2020,-16360,-370750000,22.95(2.46 %),13910,317600000,30270,688350000,11930160,35.94
12/05/2020,-17280,-388230000,23(0.22 %),15720,353110000,33000,741340000,11974250,35.89
13/05/2020,-119430,-2782130000,23.4(1.74 %),8680,200230000,128110,2982360000,11976110,35.89
14/05/2020,-58890,-1297560000,21.5(-8.12 %),11950,259080000,70840,1556640000,11994430,35.87
15/05/2020,-1120,-22840000,21.5(0.00 %),10000,215680000,11120,238520000,12017430,35.85
18/05/2020,-22790,-493120000,21.7(0.93 %),0,0,22790,493120000,12145540,35.7
19/05/2020,140,3617000,21.85(0.69 %),7920,174240000,7780,170623000,12151190,35.7
20/05/2020,-9360,-203690500,21.75(-0.46 %),1960,42644000,11320,246334500,12160550,35.69
21/05/2020,-9380,-201990000,21.4(-1.61 %),12000,257560000,21380,459550000,12228410,35.61
22/05/2020,-34020,-722650000,21.1(-1.40 %),8950,191350000,42970,914000000,12227240,35.62
25/05/2020,40480,858973000,21.4(1.42 %),77060,1625401000,36580,766428000,12163470,35.69
26/05/2020,43880,942153500,21.65(1.17 %),77380,1655193000,33500,713039500,12119590,35.73
27/05/2020,-790,-22340000,21.7(0.23 %),36350,796660000,37140,819000000,12112120,35.74
28/05/2020,81710,1776480000,21.7(0.00 %),99690,2165930000,17980,389450000,12049010,35.81
29/05/2020,57500,1249188500,21.75(0.23 %),97500,2115271000,40000,866082500,11981170,35.88
01/06/2020,82190,1789690000,21.8(0.23 %),108190,2350100000,26000,560410000,12022150,35.84
02/06/2020,-27840,-597850000,21.7(-0.46 %),5440,117970000,33280,715820000,11926500,35.94
03/06/2020,-7500,-161180000,21.45(-1.15 %),0,0,7500,161180000,11966500,35.9
04/06/2020,-33220,-713194500,21.2(-1.17 %),2130,45874000,35350,759068500,12090710,35.76
05/06/2020,-39560,-842470000,21.5(1.42 %),7880,168300000,47440,1010770000,12015770,35.85
08/06/2020,-29460,-633473000,21.4(-0.47 %),9450,204030500,38910,837503500,12120170,35.73
09/06/2020,-13700,-310270000,22.85(6.78 %),12030,264440000,25730,574710000,12037140,35.82
10/06/2020,-46830,-1123630000,24(5.03 %),730,17270000,47560,1140900000,12083850,35.77
11/06/2020,-9510,-234220000,22.8(-5.00 %),24510,564310000,34020,798530000,12098250,35.76
12/06/2020,17190,379720000,22.45(-1.54 %),18940,418150000,1750,38430000,12105040,35.75
15/06/2020,-24340,-528520500,21.3(-5.12 %),25000,534334500,49340,1062855000,12183660,35.66
16/06/2020,-1800,-38590000,21.9(2.82 %),200,4410000,2000,43000000,12185460,35.66
17/06/2020,-13200,-284790000,21.8(-0.46 %),15550,338610000,28750,623400000,12147620,35.7
18/06/2020,6450,143530000,21.9(0.46 %),21950,479340000,15500,335810000,12175010,35.67
19/06/2020,-48860,-1071540000,22(0.46 %),5700,125520000,54560,1197060000,12171310,35.68
22/06/2020,-112900,-2429563500,22(0.00 %),12680,278250000,125580,2707813500,12353970,35.48
23/06/2020,-13250,-287170000,21.6(-1.82 %),13750,298810000,27000,585980000,12189130,35.66
24/06/2020,-17940,-383550000,21.55(-0.23 %),13510,291070000,31450,674620000,12230180,35.61
25/06/2020,9280,198801500,21.3(-1.16 %),10000,214251000,720,15449500,12375880,35.45
26/06/2020,-15380,-328910000,21.45(0.70 %),690,14770000,16070,343680000,12372070,35.46
29/06/2020,-9160,-195960000,21.45(0.00 %),1070,22950000,10230,218910000,12402450,35.42
30/06/2020,-17960,-386030000,21.4(-0.23 %),13200,284000000,31160,670030000,12389970,35.44
01/07/2020,-2010,-41920000,21.75(1.64 %),5980,130020000,7990,171940000,12400060,35.43
02/07/2020,2890,64760000,21.8(0.23 %),13500,293140000,10610,228380000,12396790,35.43
03/07/2020,-5770,-123268500,21.75(-0.23 %),4230,91941500,10000,215210000,12408920,35.42
06/07/2020,-4500,-98050500,21.8(0.23 %),5500,119950000,10000,218000500,12413420,35.41
07/07/2020,7540,173950000,22.8(4.59 %),20200,456520000,12660,282570000,12416620,35.41
08/07/2020,-6210,-141570000,22.7(-0.44 %),0,0,6210,141570000,12426620,35.4
09/07/2020,17930,406203500,22.7(0.00 %),42000,925961500,24070,519758000,12394160,35.43
10/07/2020,-61290,-1357121000,22.45(-1.10 %),30000,671640000,91290,2028761000,12455450,35.37
13/07/2020,-6000,-132650000,22.1(-1.56 %),30000,663000000,36000,795650000,12375493,35.45
14/07/2020,-22500,-488980000,22(-0.45 %),20510,450110000,43010,939090000,12357053,35.47
15/07/2020,-17120,-372080000,21.95(-0.23 %),21470,470820000,38590,842900000,12426873,35.4
16/07/2020,-43120,-931490000,21.8(-0.68 %),15000,327000000,58120,1258490000,12447873,35.37
17/07/2020,-29550,-637410000,21.55(-1.15 %),36990,797070000,66540,1434480000,12453893,35.37
20/07/2020,-34730,-745850000,21.45(-0.46 %),15370,330070000,50100,1075920000,12477113,35.34
21/07/2020,-54040,-1165441000,21.75(1.40 %),5000,108750000,59040,1274191000,12662510,35.14
22/07/2020,-10660,-229580000,21.6(-0.69 %),5000,108000000,15660,337580000,12591773,35.22
23/07/2020,-18420,-393360000,21.6(0.00 %),20000,432790000,38420,826150000,12621873,35.18
24/07/2020,16300,340260000,20.95(-3.01 %),21160,442980000,4860,102720000,12659753,35.14
27/07/2020,16190,317203000,19.95(-4.77 %),34660,690624500,18470,373421500,12659100,35.14
28/07/2020,3760,74366000,20.8(4.26 %),4740,93850000,980,19484000,12655340,35.15
29/07/2020,4270,102331500,20.5(-1.44 %),25220,511693000,20950,409361500,12651070,35.15
30/07/2020,4270,102331500,20.5(0.00 %),25220,511693000,20950,409361500,12646800,35.16
31/07/2020,-5020,-95850000,20(-2.44 %),13070,261390000,18090,357240000,12655453,35.15
03/08/2020,-9060,-179920000,20.45(2.25 %),9940,201480000,19000,381400000,12666463,35.13
04/08/2020,9270,190420000,20.45(0.00 %),10000,205540000,730,15120000,12665213,35.14
05/08/2020,-25530,-524540000,20.8(1.71 %),5420,112140000,30950,636680000,12677881,35.12
06/08/2020,-6220,-117256000,22(5.77 %),14180,307384000,20400,424640000,12698883,35.1
07/08/2020,23290,507144000,21.65(-1.59 %),40900,887911500,17610,380767500,12675593,35.12
10/08/2020,24530,530933000,21.35(-1.39 %),35290,761882000,10760,230949000,12651063,35.15
11/08/2020,13850,296000000,21.4(0.23 %),13850,296000000,0,0,12644741,35.16
12/08/2020,-9390,-198584000,21.45(0.23 %),5000,107250000,14390,305834000,12646603,35.16
13/08/2020,1820,39780000,21.6(0.70 %),5000,108000000,3180,68220000,12663111,35.14
14/08/2020,-2010,-44690000,22.45(3.94 %),80,1730000,2090,46420000,12663031,35.14
17/08/2020,5000,110000000,22.15(-1.34 %),5000,110000000,0,0,12672421,35.13
18/08/2020,6300,138550000,21.95(-0.90 %),7750,170670000,1450,32120000,12667851,35.13
19/08/2020,5330,116030000,21.8(-0.68 %),11540,251650000,6210,135620000,12658401,35.14
20/08/2020,27230,593940000,22.2(1.83 %),33230,728840000,6000,134900000,12625171,35.18
21/08/2020,-23700,-539200000,22.6(1.80 %),1480,33580000,25180,572780000,12625141,35.18
24/08/2020,-11870,-271674000,22.65(0.22 %),5130,116701000,17000,388375000,12638503,35.17
25/08/2020,-261480,-6321892000,24.2(6.84 %),190920,4601973000,452400,10923865000,12899983,34.88
26/08/2020,29620,719250500,24(-0.83 %),32620,792150500,3000,72900000,12870363,34.91
27/08/2020,22590,537126000,23.8(-0.83 %),30570,728371500,7980,191245500,12847773,34.94
28/08/2020,13650,332073000,24.3(2.10 %),26010,634042000,12360,301969000,12834123,34.95
31/08/2020,10080,246240000,24.3(0.00 %),23440,569070000,13360,322830000,12826241,34.96
01/09/2020,-6850,-163450000,24.2(-0.41 %),5230,126560000,12080,290010000,12828991,34.96
03/09/2020,-176210,-4389820000,25.15(3.93 %),3160,78420000,179370,4468240000,12838191,34.95
04/09/2020,10300,258304000,25.3(0.60 %),11300,283454000,1000,25150000,13000131,34.77
07/09/2020,43070,1054731500,24.5(-3.16 %),47840,1173061000,4770,118329500,12957061,34.82
08/09/2020,19220,472310000,24.6(0.41 %),29120,712050000,9900,239740000,12954741,34.82
09/09/2020,11200,275500000,24.75(0.61 %),11200,275500000,0,0,12944541,34.83
10/09/2020,-3910,-96512000,24.65(-0.40 %),0,0,3910,96512000,12930551,34.85
11/09/2020,13350,326440000,24.5(-0.61 %),27030,660970000,13680,334530000,12932189,34.84
14/09/2020,22020,539981500,24.5(0.00 %),23020,564581500,1000,24600000,12895181,34.88
15/09/2020,18800,461680000,24.55(0.20 %),23820,584920000,5020,123240000,12889259,34.89
16/09/2020,10,250000,24.7(0.61 %),10,250000,0,0,12902929,34.88
17/09/2020,-243240,-6184120000,25.35(2.63 %),7820,198621000,251060,6382741000,13119611,34.64
18/09/2020,660,17538000,25.35(0.00 %),28000,708700000,27340,691162000,13118951,34.64
21/09/2020,-13460,-343460000,25.3(-0.20 %),10810,273533500,24270,616993500,13132411,34.62
22/09/2020,5480,139300000,25.1(-0.79 %),22480,565800000,17000,426500000,13090899,34.67
23/09/2020,-5650,-143420000,25.5(1.59 %),11410,291160000,17060,434580000,13106829,34.65
24/09/2020,-4880,-130590000,26.35(3.33 %),12440,321750000,17320,452340000,13118659,34.64
25/09/2020,-86730,-2400690000,27.85(5.69 %),23940,632050000,110670,3032740000,13111719,34.65
28/09/2020,-21520,-612150000,28.6(2.69 %),13550,387150000,35070,999300000,13115229,34.64
29/09/2020,11380,412130000,29.2(2.10 %),70460,2056870000,59080,1644740000,13062089,34.7
30/09/2020,8230,230710000,28.7(-1.71 %),19140,541120000,10910,310410000,13153619,34.6
01/10/2020,-76900,-2228850000,29(1.05 %),15000,434460000,91900,2663310000,13173689,34.58
02/10/2020,-77220,-2252150000,28.5(-1.72 %),20660,588670000,97880,2840820000,13212109,34.54
05/10/2020,-2930,-76620000,28.75(0.88 %),27070,775630000,30000,852250000,13195949,34.56
06/10/2020,-40230,-1135330000,28.35(-1.39 %),12190,346040000,52420,1481370000,13275659,34.47
07/10/2020,43140,1221994000,28.6(0.88 %),64640,1837671000,21500,615677000,13265929,34.48
08/10/2020,-11330,-322011500,28.9(1.05 %),5000,144500000,16330,466511500,13277259,34.47
09/10/2020,4980,143440000,28.95(0.17 %),9980,286940000,5000,143500000,13376339,34.36
12/10/2020,-1060,-36107500,29.1(0.52 %),31740,925414000,32800,961521500,13273339,34.47
13/10/2020,-11330,-326321500,29.15(0.17 %),18770,546803500,30100,873125000,13284669,34.46
14/10/2020,13260,384432500,28.95(-0.69 %),37660,1091373500,24400,706941000,13271409,34.47
15/10/2020,35860,1025390000,28.5(-1.55 %),70310,2003370000,34450,977980000,13293489,34.45
16/10/2020,90000,2489956500,27.5(-3.51 %),110400,3055130500,20400,565174000,13145549,34.61
19/10/2020,113240,3059430000,27.5(0.00 %),125160,3380390000,11920,320960000,13112429,34.65
20/10/2020,-5910,-153860000,27.55(0.18 %),24890,682270500,30800,836130500,13038219,34.73
21/10/2020,-9090,-254844000,27.2(-1.27 %),16220,445270000,25310,700114000,13047309,34.72
22/10/2020,1550,45360000,28(2.94 %),5000,140000000,3450,94640000,13133089,34.62
23/10/2020,2700,76282500,28.1(0.36 %),6490,182870500,3790,106588000,13043059,34.72
26/10/2020,-27120,-754410000,27.65(-1.60 %),10230,282860000,37350,1037270000,13172479,34.58
27/10/2020,-69840,-1881450000,27.25(-1.45 %),20290,552870000,90130,2434320000,13155639,34.6
28/10/2020,1600,38700000,26.3(-3.49 %),10000,263000000,8400,224300000,13149429,34.61
29/10/2020,-2550,-65411500,26.5(0.76 %),13470,355550000,16020,420961500,13140969,34.62
30/10/2020,9430,249882500,26.5(0.00 %),15000,396901000,5570,147018500,13131539,34.63
02/11/2020,-2150,-53870000,26.8(1.13 %),5000,134000000,7150,187870000,13251839,34.49
03/11/2020,-7750,-206471500,26.8(0.00 %),3000,80400000,10750,286871500,13264589,34.48
04/11/2020,2370,64065000,27(0.75 %),3980,107264000,1610,43199000,13262219,34.48
05/11/2020,6040,162590000,26.85(-0.56 %),8650,232800000,2610,70210000,13264949,34.48
06/11/2020,-1830,-47040000,26.75(-0.37 %),10000,267500000,11830,314540000,13265699,34.48
09/11/2020,-350,-8602500,27(0.93 %),5420,146194000,5770,154796500,13258359,34.49
10/11/2020,-6690,-180850000,27.05(0.19 %),5000,135250000,11690,316100000,13259499,34.49
11/11/2020,40450,1111363000,27.5(1.66 %),42450,1166163000,2000,54800000,13224599,34.52
12/11/2020,-6110,-159633000,29(5.45 %),18390,521152000,24500,680785000,13230709,34.52
13/11/2020,24590,704922500,28.7(-1.03 %),24680,707532500,90,2610000,13206119,34.54
16/11/2020,-15170,-438180000,28.7(0.00 %),26660,763760000,41830,1201940000,13178609,34.57
17/11/2020,32000,916940000,28.75(0.17 %),33000,945490000,1000,28550000,13170109,34.58
18/11/2020,6800,197900000,29.2(1.57 %),10960,317910000,4160,120010000,13159239,34.6
19/11/2020,-96960,-2823570500,28.95(-0.86 %),33270,966812500,130230,3790383000,13279449,34.46
20/11/2020,14270,412277500,28.8(-0.52 %),15070,435142500,800,22865000,13265179,34.48
23/11/2020,10430,300390000,28.8(0.00 %),10520,302980000,90,2590000,13147369,34.61
24/11/2020,-91670,-2793610000,30.7(6.60 %),22200,657140000,113870,3450750000,13255399,34.49
25/11/2020,14000,432010000,30.65(-0.16 %),20400,627980000,6400,195970000,13235799,34.51
26/11/2020,31360,956560000,30.5(-0.49 %),34020,1037640000,2660,81080000,13201869,34.55
27/11/2020,-820,-28370000,30.75(0.82 %),14680,448840000,15500,477210000,13301059,34.44
30/11/2020,-7010,-214580000,30.8(0.16 %),500,15380000,7510,229960000,13306959,34.43
01/12/2020,6980,214110000,30.5(-0.97 %),31630,965610000,24650,751500000,13277989,34.47
02/12/2020,20840,641204500,30.6(0.33 %),21640,665724500,800,24520000,13288779,34.45
03/12/2020,-8410,-256640000,30.85(0.82 %),5970,184470000,14380,441110000,13273389,34.47
04/12/2020,-62870,-1918510000,30.5(-1.13 %),13140,401840000,76010,2320350000,13284899,34.46
07/12/2020,-8780,-266982000,29.5(-3.28 %),24600,733310000,33380,1000292000,13368839,34.37
08/12/2020,-4270,-129546000,29.7(0.68 %),22730,665860500,27000,795406500,13373109,34.36
09/12/2020,29360,917420000,31.1(4.71 %),53240,1658130000,23880,740710000,13275519,34.47
10/12/2020,-30260,-931484500,30.35(-2.41 %),10000,303500000,40260,1234984500,13374009,34.36
11/12/2020,-14040,-421570000,30.3(-0.16 %),11800,356710000,25840,778280000,13314099,34.43
14/12/2020,6100,184330000,30.45(0.50 %),18780,567340000,12680,383010000,13319199,34.42
15/12/2020,33280,1011300000,30.3(-0.49 %),35490,1078280000,2210,66980000,13323969,34.42
16/12/2020,8470,257390000,30.3(0.00 %),11870,360320000,3400,102930000,13337939,34.4
17/12/2020,-21040,-625560000,29.35(-3.14 %),1640,48350000,22680,673910000,13348979,34.39
18/12/2020,-2330,-68952000,29.15(-0.68 %),22940,671622500,25270,740574500,13363569,34.37
21/12/2020,10620,309872000,29.2(0.17 %),11740,342632000,1120,32760000,13352949,34.38
22/12/2020,86220,2508190000,29.35(0.51 %),96000,2792870000,9780,284680000,13246589,34.5
23/12/2020,-15640,-464813000,29.7(1.19 %),5620,166183500,21260,630996500,13282369,34.46
24/12/2020,-22840,-656640000,29(-2.36 %),300,8590000,23140,665230000,13267059,34.48
25/12/2020,2670,97812000,29.7(2.41 %),26670,789870500,24000,692058500,13302539,34.44
28/12/2020,-101950,-3020208000,29.7(0.00 %),7370,219181000,109320,3239389000,13404489,34.33
29/12/2020,-175060,-5269952000,31(4.38 %),37950,1172104000,213010,6442056000,13579549,34.14
30/12/2020,4330,135450000,30.6(-1.29 %),12130,375610000,7800,240160000,13261128,34.48
31/12/2020,12390,380652000,30.6(0.00 %),13880,426427000,1490,45775000,13248738,34.5
04/01/2021,10900,353580000,31.75(3.76 %),21200,673080000,10300,319500000,13548378,34.17
05/01/2021,-23000,-723810000,31.55(-0.63 %),5800,183810000,28800,907620000,13571378,34.14
06/01/2021,-149700,-4767610000,32(1.43 %),11600,370205000,161300,5137815000,13721078,33.98
07/01/2021,36400,1181840000,32.65(2.03 %),41400,1342840000,5000,161000000,13684678,34.02
08/01/2021,6400,217715000,32(-1.99 %),23800,774585000,17400,556870000,13678278,34.03
11/01/2021,-1200,-37870000,32.15(0.47 %),2600,83430000,3800,121300000,13679478,34.03
12/01/2021,30800,1015945000,33.5(4.20 %),55000,1815495000,24200,799550000,13648678,34.06
13/01/2021,7200,240620000,33.3(-0.60 %),38900,1304180000,31700,1063560000,13641478,34.07
14/01/2021,-21700,-709480000,32.6(-2.10 %),10000,330775000,31700,1040255000,13663178,34.04
15/01/2021,-68500,-2219825000,32.2(-1.23 %),9400,306620000,77900,2526445000,13731678,33.97
18/01/2021,9500,308940000,31.7(-1.55 %),29500,958240000,20000,649300000,13722178,33.98
19/01/2021,42900,1250395000,29.5(-6.94 %),834300,26184230000,791400,24933835000,13679278,34.03
20/01/2021,54000,1481755000,28.6(-3.05 %),66100,1830820000,12100,349065000,13625278,34.09
21/01/2021,4500,120430000,29.6(3.50 %),21800,632275000,17300,511845000,13620778,34.09
22/01/2021,-23900,-703070000,28.95(-2.20 %),4300,126370000,28200,829440000,13644678,34.06
25/01/2021,128200,3722495000,28.9(-0.17 %),159800,4630180000,31600,907685000,13516478,34.2
26/01/2021,55500,1553710000,27.4(-5.19 %),82100,2305750000,26600,752040000,13460978,34.27
27/01/2021,125700,3319690000,26.15(-4.56 %),143500,3794915000,17800,475225000,13335278,34.4
28/01/2021,278700,6801765000,24.35(-6.88 %),278700,6801765000,0,0,13056578,34.71
29/01/2021,170900,4146450000,25.2(3.49 %),185400,4499885000,14500,353435000,12885678,34.89
01/02/2021,-8400,-200005000,23.6(-6.35 %),10700,257870000,19100,457875000,12890752,34.89
02/02/2021,26400,626470000,24.2(2.54 %),26400,626470000,0,0,12864352,34.92
03/02/2021,-29900,-740775000,25.3(4.55 %),15700,391545000,45600,1132320000,12894252,34.89
04/02/2021,-47200,-1196855000,25.35(0.20 %),2100,53295000,49300,1250150000,12941452,34.83
05/02/2021,-8200,-208275000,26.2(3.35 %),800,20320000,9000,228595000,12949652,34.82
08/02/2021,-37800,-963075000,25(-4.58 %),3200,81065000,41000,1044140000,12987452,34.78
09/02/2021,23200,590525000,25.5(2.00 %),35700,903490000,12500,312965000,12964252,34.81
17/02/2021,-34000,-877260000,26.35(3.33 %),30600,791330000,64600,1668590000,12998252,34.77
18/02/2021,-9100,-239565000,26.7(1.33 %),7000,184680000,16100,424245000,13007352,34.76
19/02/2021,-3800,-100000000,26.65(-0.19 %),7900,208660000,11700,308660000,13011152,34.76
22/02/2021,18100,481235000,27.3(2.44 %),35300,941030000,17200,459795000,12993052,34.78
23/02/2021,-23300,-623115000,26.9(-1.47 %),12900,347390000,36200,970505000,13016352,34.75
24/02/2021,-16800,-448020000,26.3(-2.23 %),5900,156880000,22700,604900000,13033152,34.73
25/02/2021,3200,85510000,26(-1.14 %),10900,287120000,7700,201610000,13029952,34.74
26/02/2021,-14900,-382980000,25.4(-2.31 %),4600,118110000,19500,501090000,13044852,34.72
01/03/2021,6700,175710000,26.2(3.15 %),11700,305750000,5000,130040000,13040562,34.73
02/03/2021,-15000,-396725000,26.9(2.67 %),6700,177010000,21700,573735000,13055562,34.71
03/03/2021,-3500,-90535000,26.65(-0.93 %),26700,718160000,30200,808695000,13059062,34.7
04/03/2021,-27700,-739400000,26(-2.44 %),1100,28715000,28800,768115000,13086762,34.67
05/03/2021,-20900,-535235000,26(0.00 %),6700,174230000,27600,709465000,13107662,34.65
08/03/2021,-7400,-195590000,26.3(1.15 %),13000,340260000,20400,535850000,13115062,34.64
09/03/2021,-42400,-1149210000,27.15(3.23 %),11300,297415000,53700,1446625000,13157462,34.6
10/03/2021,-23600,-642995000,27.5(1.29 %),1000,27500000,24600,670495000,13181062,34.57
11/03/2021,-38100,-1047680000,27.4(-0.36 %),3600,99160000,41700,1146840000,13219162,34.53
12/03/2021,-12000,-327935000,27.4(0.00 %),12600,345555000,24600,673490000,13231162,34.52
15/03/2021,5300,146235000,27.4(0.00 %),9900,272385000,4600,126150000,13225862,34.52
16/03/2021,-23900,-647975000,27(-1.46 %),6700,184645000,30600,832620000,13249762,34.5
17/03/2021,-17000,-459055000,27.1(0.37 %),1000,27045000,18000,486100000,13266762,34.48
18/03/2021,-42900,-1164120000,27.1(0.00 %),2800,76065000,45700,1240185000,13309662,34.43
19/03/2021,-98200,-2673405000,27.5(1.48 %),1000,27300000,99200,2700705000,13407862,34.32
22/03/2021,-16600,-456855000,27.45(-0.18 %),0,0,16600,456855000,13424462,34.31
23/03/2021,-69700,-1891665000,27.4(-0.18 %),1600,43280000,71300,1934945000,13494162,34.23
24/03/2021,-30200,-799630000,25.9(-5.47 %),5600,150970000,35800,950600000,13524362,34.2
25/03/2021,-31600,-816850000,25.75(-0.58 %),7400,191150000,39000,1008000000,13555962,34.16
26/03/2021,-135000,-3337140000,25(-2.91 %),20000,494075000,155000,3831215000,13690962,34.01
29/03/2021,4300,110115000,25.7(2.80 %),4400,112635000,100,2520000,13686662,34.02
30/03/2021,-3700,-93855000,25.6(-0.39 %),12000,308040000,15700,401895000,13690362,34.01
31/03/2021,-20100,-510935000,25.7(0.39 %),6200,158060000,26300,668995000,13710462,33.99
01/04/2021,-22200,-573100000,26.5(3.11 %),5800,149905000,28000,723005000,13689212,34.02
02/04/2021,1400,38125000,26.05(-1.70 %),9500,252280000,8100,214155000,13687812,34.02
05/04/2021,-700,-18275000,26(-0.19 %),100,2605000,800,20880000,13688512,34.02
06/04/2021,-40800,-1055630000,25.7(-1.15 %),4200,108000000,45000,1163630000,13729312,33.97
07/04/2021,-108800,-2806360000,26(1.17 %),9200,236770000,118000,3043130000,13838112,33.85
08/04/2021,-12600,-329720000,25.9(-0.38 %),6900,179270000,19500,508990000,13850712,33.84
09/04/2021,-18000,-465195000,25.85(-0.19 %),4000,103495000,22000,568690000,13868712,33.82
12/04/2021,-21400,-553825000,25.85(0.00 %),1900,49270000,23300,603095000,13890112,33.8
13/04/2021,-10400,-269615000,25.65(-0.77 %),13700,353245000,24100,622860000,13900512,33.78
14/04/2021,-27700,-705775000,25.6(-0.19 %),16800,429855000,44500,1135630000,13928212,33.75
15/04/2021,12800,307310000,27.15(6.05 %),53600,1391250000,40800,1083940000,13915412,28.14
16/04/2021,-56000,-1571465000,27.75(2.21 %),10500,297225000,66500,1868690000,13971412,33.71
19/04/2021,-27800,-788475000,29.15(5.05 %),900,26320000,28700,814795000,13999212,33.68
20/04/2021,-12900,-369395000,28.5(-2.23 %),700,20200000,13600,389595000,14012112,33.66
22/04/2021,-32100,-929900000,28(-1.75 %),2800,80865000,34900,1010765000,14044212,33.63
23/04/2021,8400,240740000,28.9(3.21 %),10600,304135000,2200,63395000,14035812,33.64
26/04/2021,-22700,-636455000,27.3(-5.54 %),1300,36650000,24000,673105000,14058512,33.61
27/04/2021,-35000,-963475000,27.5(0.73 %),5600,151395000,40600,1114870000,14093512,33.57
28/04/2021,-17300,-472460000,27.45(-0.18 %),5300,143720000,22600,616180000,14110812,33.55
29/04/2021,56100,1514540000,27.85(1.46 %),103800,2837825000,47700,1323285000,14054712,33.62
04/05/2021,-40800,-1125195000,27.6(-0.90 %),2500,68100000,43300,1193295000,14048620,33.62
05/05/2021,-7000,-189695000,28.3(2.54 %),32700,931700000,39700,1121395000,14055620,33.61
06/05/2021,-37600,-1075465000,28.2(-0.35 %),3000,85635000,40600,1161100000,14093220,33.57
07/05/2021,-41600,-1161520000,28.1(-0.35 %),0,0,41600,1161520000,14134820,33.53
10/05/2021,6300,177945000,28.5(1.42 %),6300,177945000,0,0,14128520,33.53
11/05/2021,-21600,-613915000,28.4(-0.35 %),100,2845000,21700,616760000,14150120,33.51
12/05/2021,5800,165480000,28.45(0.18 %),11800,335880000,6000,170400000,14144320,33.52
13/05/2021,-19900,-567290000,30.4(6.85 %),32800,995980000,52700,1563270000,14164220,33.5
14/05/2021,-68500,-2081550000,29.9(-1.64 %),200,6120000,68700,2087670000,14232720,33.42
17/05/2021,-21200,-625605000,29.45(-1.51 %),0,0,21200,625605000,14253920,33.4
18/05/2021,7500,238770000,31.5(6.96 %),17100,534210000,9600,295440000,14246420,33.41
19/05/2021,9200,290105000,31.5(0.00 %),17300,545945000,8100,255840000,14237220,33.42
20/05/2021,-4900,-157080000,32.35(2.70 %),5200,167345000,10100,324425000,14242120,33.41
21/05/2021,-20100,-651710000,32(-1.08 %),200,6450000,20300,658160000,14262220,33.39
24/05/2021,29200,941160000,32.3(0.94 %),30400,978960000,1200,37800000,14233020,33.42
25/05/2021,10900,358500000,33(2.17 %),21400,703435000,10500,344935000,14222120,33.43
26/05/2021,15800,531055000,34(3.03 %),29800,994055000,14000,463000000,14206320,33.45
27/05/2021,22900,760695000,33.6(-1.18 %),69900,2363635000,47000,1602940000,14183420,33.47
28/05/2021,-1000,-33445000,33.75(0.45 %),9100,306755000,10100,340200000,14184420,33.47
31/05/2021,2700,100565000,36.1(6.96 %),10800,378960000,8100,278395000,14181720,33.48
01/06/2021,8800,315240000,36(-0.28 %),10100,362170000,1300,46930000,14274620,33.37
02/06/2021,-38300,-1366455000,35.8(-0.56 %),700,25030000,39000,1391485000,14312920,33.33
03/06/2021,-35800,-1217020000,33.8(-5.59 %),200,6740000,36000,1223760000,14348720,33.29
04/06/2021,-1100,-36590000,33.3(-1.48 %),100,3350000,1200,39940000,14349820,33.29
07/06/2021,22400,733865000,32(-3.90 %),24900,814660000,2500,80795000,14327420,33.32
08/06/2021,14200,436330000,29.8(-6.88 %),22000,681000000,7800,244670000,14313220,33.33
09/06/2021,4100,124450000,31.2(4.70 %),17300,526445000,13200,401995000,14309120,33.34
10/06/2021,14400,452160000,32(2.56 %),48900,1552665000,34500,1100505000,14294720,33.35
11/06/2021,-10300,-333130000,32.45(1.41 %),2500,81060000,12800,414190000,14305020,33.34
14/06/2021,-12700,-420110000,33(1.69 %),0,0,12700,420110000,14317720,33.33
15/06/2021,-6200,-212815000,35.3(6.97 %),8800,298385000,15000,511200000,14323920,33.32
16/06/2021,9400,344610000,36.2(2.55 %),16600,602825000,7200,258215000,14314520,33.33
17/06/2021,9100,322080000,37.3(3.04 %),35800,1312800000,26700,990720000,14305420,33.34
18/06/2021,-9500,-359840000,38.6(3.49 %),800,30500000,10300,390340000,14314920,33.33
21/06/2021,-87800,-3327955000,38.2(-1.04 %),2500,94140000,90300,3422095000,14402720,33.23
22/06/2021,-3400,-125690000,38.1(-0.26 %),21400,816910000,24800,942600000,14406120,33.23
23/06/2021,9100,346590000,37.65(-1.18 %),24100,910760000,15000,564170000,14397020,33.24
24/06/2021,-22200,-830205000,37(-1.73 %),13300,494170000,35500,1324375000,14419220,33.22
25/06/2021,45700,1683025000,37(0.00 %),72700,2677510000,27000,994485000,14373520,33.27
28/06/2021,-28200,-1053400000,37.45(1.22 %),10400,388265000,38600,1441665000,14401720,33.24
29/06/2021,-4200,-153090000,37(-1.20 %),4500,168775000,8700,321865000,14405920,33.23
30/06/2021,-15300,-565100000,36.85(-0.41 %),0,0,15300,565100000,14421220,33.21
01/07/2021,2600,95855000,36.6(-0.68 %),4700,173165000,2100,77310000,14406639,33.23
02/07/2021,-10400,-379985000,36.6(0.00 %),200,7320000,10600,387305000,14417039,33.22
05/07/2021,-300,-111903000,37.95(3.69 %),8100,201425400,8400,313328400,14417339,33.22
06/07/2021,-30500,-1147165000,36.9(-2.77 %),4200,159560000,34700,1306725000,14447839,33.18
07/07/2021,-102700,-3763360000,37.1(0.54 %),2100,76530000,104800,3839890000,14550539,33.07
08/07/2021,-30700,-1066590400,37.9(2.16 %),1900,71356400,32600,1137946800,14581239,33.04
09/07/2021,34800,1395050000,39.3(3.69 %),60900,2401175000,26100,1006125000,14546439,33.08
12/07/2021,-29500,-1116235000,37.6(-4.33 %),4400,173290000,33900,1289525000,14575939,33.04
13/07/2021,-5100,-191410000,37.55(-0.13 %),1000,37900000,6100,229310000,14581039,33.04
14/07/2021,-50900,-1892530000,37.05(-1.33 %),1100,41255000,52000,1933785000,14631939,32.98
15/07/2021,33900,1281630000,38.4(3.64 %),39500,1492790000,5600,211160000,14598039,33.02
16/07/2021,-5800,-220940000,38.05(-0.91 %),2900,111065000,8700,332005000,14603839,33.01
19/07/2021,-39500,-1463740000,37.1(-2.50 %),2300,85800000,41800,1549540000,14643339,32.97
20/07/2021,25300,949210000,37.1(0.00 %),29600,1107180000,4300,157970000,14618039,33.0
21/07/2021,-11700,-442305000,38.3(3.23 %),2600,99450000,14300,541755000,14629739,32.99
22/07/2021,-574500,-23160035000,40.95(6.92 %),57200,2285275000,631700,25445310000,15204239,32.36
23/07/2021,-37700,-1539710000,40.75(-0.49 %),76000,3117775000,113700,4657485000,15241939,32.32
26/07/2021,42100,1806840000,42.95(5.40 %),119300,4984995000,77200,3178155000,15199839,32.36
27/07/2021,-175200,-7367665000,41(-4.54 %),4700,195970000,179900,7563635000,15375039,32.17
28/07/2021,-8700,-349425000,39.75(-3.05 %),1300,52485000,10000,401910000,15383739,32.16
29/07/2021,2700,107280000,40.2(1.13 %),7500,296500000,4800,189220000,15381039,32.16
30/07/2021,4600,181925000,40.2(0.00 %),5700,226365000,1100,44440000,15376439,32.17
02/08/2021,7300,295790000,40.9(1.74 %),8300,337090000,1000,41300000,15392029,32.15
03/08/2021,-103300,-4365030000,42.15(3.06 %),200100,8393860000,303400,12758890000,15495329,32.04
04/08/2021,14300,555635000,42.2(0.12 %),98100,4120695000,83800,3565060000,15481029,32.05
05/08/2021,-14200,-592185000,41.8(-0.95 %),3800,158070000,18000,750255000,15495229,32.04
06/08/2021,19200,738455000,40.3(-3.59 %),73100,2948305000,53900,2209850000,15476029,32.06
09/08/2021,2400,99670000,40.7(0.99 %),18600,753720000,16200,654050000,15473629,32.06
10/08/2021,-63500,-2568285000,40.75(0.12 %),8100,329865000,71600,2898150000,15537129,31.99
11/08/2021,-21100,-892905000,42.6(4.54 %),37400,1570525000,58500,2463430000,15558229,31.97
12/08/2021,36400,1527805000,41.5(-2.58 %),172300,7303720000,135900,5775915000,15521829,32.01
13/08/2021,-30100,-1345467200,41.7(0.48 %),8200,214614400,38300,1560081600,15551929,31.98
16/08/2021,181600,7635935000,42.5(1.92 %),193600,8140350000,12000,504415000,15370329,32.17
17/08/2021,-13200,-554790000,41.95(-1.29 %),8400,353840000,21600,908630000,15578329,31.95
18/08/2021,-95100,-4071490000,42.5(1.31 %),26600,1133755000,121700,5205245000,15465429,32.07
19/08/2021,-131300,-5598815000,42.7(0.47 %),24800,1063515000,156100,6662330000,15596729,31.93
20/08/2021,-88300,-3694945000,41.1(-3.75 %),12900,536220000,101200,4231165000,15685029,31.83
23/08/2021,-39400,-1550155000,38.4(-6.57 %),6500,257560000,45900,1807715000,15724429,31.79
24/08/2021,334500,12711985000,38.8(1.04 %),538700,20447620000,204200,7735635000,15389929,32.15
25/08/2021,-84100,-2758845000,32.85(-15.34 %),100,3285000,84200,2762130000,15474029,32.06
26/08/2021,46300,1512880000,32.95(0.30 %),115500,3788020000,69200,2275140000,15427729,32.11
27/08/2021,-34100,-1129540000,33.95(3.03 %),10300,335235000,44400,1464775000,15461829,32.07
30/08/2021,-3600,-123130000,34.6(1.91 %),1800,62475000,5400,185605000,15465429,32.07
31/08/2021,-16700,-588340000,34.85(0.72 %),13600,482985000,30300,1071325000,15482129,32.05
01/09/2021,-25700,-893395000,34.6(-0.72 %),5400,185820000,31100,1079215000,15452829,32.08
06/09/2021,-12400,-428140000,34.2(-1.16 %),2700,92385000,15100,520525000,15465229,32.07
07/09/2021,-38700,-1296575000,33.1(-3.22 %),5000,168570000,43700,1465145000,15503929,32.03
08/09/2021,105600,3498425000,33.2(0.30 %),127200,4211790000,21600,713365000,15398329,32.14
09/09/2021,221800,7363755000,33.6(1.20 %),231700,7691805000,9900,328050000,15176529,32.39
10/09/2021,-16800,-570055000,33.8(0.60 %),1000,34000000,17800,604055000,15193329,32.37
13/09/2021,-52600,-1760355000,33.4(-1.18 %),3100,103920000,55700,1864275000,15245929,32.31
14/09/2021,9700,326315000,33.8(1.20 %),10700,360065000,1000,33750000,15236229,32.32
15/09/2021,2600,87955000,33.85(0.15 %),2600,87955000,0,0,15233629,32.32
16/09/2021,21800,764075000,35.8(5.76 %),26800,938465000,5000,174390000,15211829,32.35
17/09/2021,48300,1776450000,36.85(2.93 %),61400,2258640000,13100,482190000,15163529,32.4
20/09/2021,-293300,-10971605000,36.85(0.00 %),18100,673755000,311400,11645360000,15456829,32.08
21/09/2021,-553300,-20717155000,38.4(4.21 %),16000,603775000,569300,21320930000,16010129,31.47
22/09/2021,-497400,-19607660000,40.1(4.43 %),8800,351620000,506200,19959280000,16507529,30.93
23/09/2021,-34900,-1378385000,39.2(-2.24 %),100,3975000,35000,1382360000,16542429,30.89
24/09/2021,30800,1207695000,39.05(-0.38 %),31300,1227195000,500,19500000,16511629,30.93
27/09/2021,14200,550530000,37.6(-3.71 %),16700,647445000,2500,96915000,16497429,30.94
28/09/2021,-119500,-4971960000,40.2(6.91 %),185500,7278145000,305000,12250105000,16616929,30.81
29/09/2021,-11800,-493405000,41.1(2.24 %),16900,687445000,28700,1180850000,16628729,40.6
30/09/2021,26100,1063230000,40.9(-0.49 %),30400,1239120000,4300,175890000,16602629,33.85
01/10/2021,7300,294975000,40.35(-1.34 %),719816,27466168800,712516,27171193800,19685774,31.04
04/10/2021,-479700,-19860550000,41.3(2.35 %),21200,876760000,500900,20737310000,20165474,30.6
05/10/2021,-29200,-1208100000,41.3(0.00 %),1600,66120000,30800,1274220000,20194674,30.58
06/10/2021,-9300,-392110000,41.55(0.61 %),17100,701495000,26400,1093605000,20203974,0.0
07/10/2021,-46000,-1902895000,41.35(-0.48 %),5000,207000000,51000,2109895000,20249974,0.0
08/10/2021,8300,337425000,40.8(-1.33 %),51000,2089500000,42700,1752075000,20241674,0.0
11/10/2021,50000,1617745500,40.2(-1.47 %),64000,2185375500,14000,567630000,20191674,0.0
12/10/2021,80600,3231640000,40.45(0.62 %),98200,3938410000,17600,706770000,20111074,0.0
13/10/2021,-14500,-582725000,40.2(-0.62 %),7700,310810000,22200,893535000,20125574,0.0
14/10/2021,106900,4293810000,40.2(0.00 %),128400,5158630000,21500,864820000,20018674,0.0
15/10/2021,-32300,-1296860000,39.75(-1.12 %),17500,696715000,49800,1993575000,20050974,0.0
18/10/2021,320500,12627495000,39.35(-1.01 %),343600,13537795000,23100,910300000,19730474,0.0
19/10/2021,2200,98910000,41.05(4.32 %),28800,1185730000,26600,1086820000,19728274,0.0
20/10/2021,-9400,-380130000,40.3(-1.83 %),10900,446090000,20300,826220000,19737674,0.0
21/10/2021,-45500,-1833030000,40.2(-0.25 %),100,4015000,45600,1837045000,19773774,0.0
22/10/2021,-20700,-834155000,41.6(3.48 %),3100,124470000,23800,958625000,19794474,0.0
25/10/2021,-330200,-14655200000,44.5(6.97 %),15000,667480000,345200,15322680000,20124674,0.0
26/10/2021,-220200,-10208075000,46(3.37 %),13400,605870000,233600,10813945000,20344874,0.0
27/10/2021,3500,157655000,45.8(-0.43 %),5300,239450000,1800,81795000,20341374,0.0
28/10/2021,25800,1191780000,46.3(1.09 %),40800,1885360000,15000,693580000,20315574,30.47
29/10/2021,0,-3730000,45.8(-1.08 %),23800,1090570000,23800,1094300000,20315574,30.47
01/11/2021,-38200,-1748065000,45.5(-0.66 %),100,4580000,38300,1752645000,20342054,30.44
02/11/2021,12000,538135000,45.5(0.00 %),38000,1716350000,26000,1178215000,20330054,30.45
03/11/2021,-33700,-1515360000,44(-3.30 %),1700,76460000,35400,1591820000,20363754,0.0
04/11/2021,4100,88026000,44.75(1.70 %),17300,668997600,13200,580971600,20325954,0.0
05/11/2021,-20300,-909235000,45.15(0.89 %),11200,501450000,31500,1410685000,20350354,0.0
08/11/2021,-11700,-526385000,44.8(-0.78 %),800,36120000,12500,562505000,20341754,30.44
09/11/2021,9400,442590000,46.5(3.79 %),26900,1251860000,17500,809270000,20332354,30.45
10/11/2021,-11700,-539253000,46(-1.08 %),9500,437855000,21200,977108000,20344054,0.0
11/11/2021,-60300,-2732585000,44.9(-2.39 %),5200,233880000,65500,2966465000,20392654,30.4
12/11/2021,-20000,-897260000,44.7(-0.45 %),9000,400900000,29000,1298160000,20412654,30.38
15/11/2021,38600,1787985000,46.4(3.80 %),50400,2330615000,11800,542630000,20374054,30.41
16/11/2021,-50200,-2431235000,48.9(5.39 %),6200,295100000,56400,2726335000,20424254,30.37
17/11/2021,-240008,-11762969000,48.25(-1.33 %),9400,459365000,249408,12222334000,20664262,0.0
18/11/2021,-43600,-2076330000,48(-0.52 %),12900,611925000,56500,2688255000,20687854,30.13
19/11/2021,-32100,-1530535000,46.3(-3.54 %),19100,869265000,51200,2399800000,20719954,30.1
22/11/2021,-12500,-571965000,44.1(-4.75 %),26300,1160830000,38800,1732795000,20732454,30.09
23/11/2021,42200,1892740000,44.5(0.91 %),76500,3417795000,34300,1525055000,20690254,30.13
24/11/2021,21700,976910000,44.95(1.01 %),81000,3623450000,59300,2646540000,20668554,30.15
25/11/2021,-3900,-175085000,45.45(1.11 %),26000,1182565000,29900,1357650000,20672454,30.14
26/11/2021,-16600,-738880000,44.65(-1.76 %),22500,1011840000,39100,1750720000,20689054,0.0
29/11/2021,23800,1053915300,45.1(1.01 %),36000,1596437100,12200,542521800,20665254,0.0
30/11/2021,5500,254815000,45.1(0.00 %),15600,707465000,10100,452650000,20683554,30.13
01/12/2021,2100,95940000,45.3(0.44 %),15400,693540000,13300,597600000,20795411,30.03
02/12/2021,14600,657245000,45.25(-0.11 %),32600,1469735000,18000,812490000,20780811,30.04
03/12/2021,43700,1972200000,44(-2.76 %),80600,3622190000,36900,1649990000,20737111,30.08
06/12/2021,50400,2171850000,40.95(-6.93 %),95600,4085175000,45200,1913325000,20686711,30.13
07/12/2021,-2400,-104715000,41.2(0.61 %),25400,1022885000,27800,1127600000,20689111,30.13
08/12/2021,-500,-22735000,41.3(0.24 %),5500,223225000,6000,245960000,20689611,30.13
09/12/2021,5700,233380000,41.2(-0.24 %),5700,233380000,0,0,20683911,0.0
10/12/2021,5100,224495000,42.55(3.28 %),16600,703140000,11500,478645000,20678811,30.14
13/12/2021,-36000,-1541030000,43.4(2.00 %),1400,60130000,37400,1601160000,20714811,30.1
14/12/2021,-41400,-1824835000,44.35(2.19 %),20000,901950000,61400,2726785000,20756211,30.07
15/12/2021,-9000,-389880000,43.25(-2.48 %),8700,379050000,17700,768930000,20765211,30.06
16/12/2021,219400,9473545000,43.4(0.35 %),231800,10006460000,12400,532915000,20545811,30.26
17/12/2021,7100,285795000,44.5(2.53 %),66000,2853845000,58900,2568050000,20538711,30.26
20/12/2021,-3400,-147125000,44.7(0.45 %),23600,1054155000,27000,1201280000,20542111,30.26
21/12/2021,-800,-27850000,46.5(4.03 %),21700,1009935000,22500,1037785000,20542911,0.0
22/12/2021,-14700,-676515000,45.8(-1.51 %),1800,82970000,16500,759485000,20557611,30.25
23/12/2021,-33200,-1486364000,44.85(-2.07 %),1400,62678000,34600,1549042000,20590811,0.0
24/12/2021,-10400,-459898400,44.5(-0.89 %),8100,358190100,18500,818088500,20568011,0.0
27/12/2021,-31500,-1367445000,43.1(-3.15 %),5000,220315000,36500,1587760000,20598094,30.21
28/12/2021,-8200,-354790000,43.15(0.12 %),8100,352645000,16300,707435000,20606294,30.2
29/12/2021,153600,6522655000,42.45(-1.74 %),204600,8684480000,51000,2161825000,20441036,30.35
30/12/2021,95700,4061600000,43.45(2.24 %),112700,4788290000,17000,726690000,20344636,30.44
31/12/2021,-15500,-674660000,43.6(0.23 %),0,0,15500,674660000,20395616,30.39
04/01/2022,-62500,-2701085000,43.6(0.00 %),10600,459595000,73100,3160680000,20402115,30.39
05/01/2022,123500,5297585000,42.8(-1.83 %),201800,8654705000,78300,3357120000,20215735,30.56
06/01/2022,-56300,-2399855000,42.85(0.12 %),15700,669910000,72000,3069765000,20273135,30.51
07/01/2022,-34600,-1460550000,42(-2.10 %),0,0,34600,1460550000,20351355,30.44
10/01/2022,-101900,-4053289100,40.9(-2.62 %),21700,842560600,123600,4895849700,20401655,30.39
11/01/2022,-52500,-2117475000,40.5(-0.98 %),14000,562680000,66500,2680155000,20422255,30.37
12/01/2022,-48100,-1888180000,40.5(0.00 %),30900,1235065000,79000,3123245000,20514955,30.29
13/01/2022,-25400,-1020560000,42(3.70 %),4400,177120000,29800,1197680000,20577065,30.23
14/01/2022,30100,1227545000,41.9(-0.24 %),37800,1547560000,7700,320015000,20618265,30.19
17/01/2022,-12200,-499170000,40.5(-3.34 %),2600,106560000,14800,605730000,20645465,30.17
18/01/2022,17500,684205000,40(-1.23 %),23700,931300000,6200,247095000,20629465,30.18
19/01/2022,3600,138800000,39.25(-1.88 %),7000,274400000,3400,135600000,20637265,30.17
20/01/2022,-26800,-1042375000,39(0.00 %),2300,89630000,29100,1132005000,20641165,30.17
21/01/2022,-92200,-3547515000,38(-2.06 %),18400,713815000,110600,4261330000,20626045,30.18
24/01/2022,29600,1083325000,35.35(-6.97 %),36700,1338970000,7100,255645000,20618445,30.19
25/01/2022,389000,12904315000,34(-3.95 %),392900,13034485000,3900,130170000,20336145,30.45
26/01/2022,-99800,-3291740400,35.65(4.85 %),7200,250005600,107000,3541746000,20336045,30.45
27/01/2022,1400,50035000,35.25(-1.26 %),1500,53640000,100,3605000,20338443,30.45
28/01/2022,155200,5461785000,35.5(0.57 %),166300,5851175000,11100,389390000,20279143,30.5
07/02/2022,17700,644785000,36.8(3.66 %),19200,699785000,1500,55000000,20260043,30.52
08/02/2022,500,12775000,38.85(5.57 %),5000,184225000,4500,171450000,20266143,30.51
09/02/2022,-20500,-802145000,39.05(0.39 %),4000,155880000,24500,958025000,20263643,30.52
10/02/2022,-23400,-904280000,38.95(-0.38 %),3800,147460000,27200,1051740000,20264343,30.51
11/02/2022,-8300,-318790000,38.25(-1.92 %),0,0,8300,318790000,20288843,30.49
14/02/2022,8400,316015000,37.4(-2.35 %),8600,323550000,200,7535000,20307443,30.48
15/02/2022,100,4940000,37.95(1.47 %),4100,154465000,4000,149525000,20311663,30.47
16/02/2022,400,14580000,39.3(3.42 %),2200,84180000,1800,69600000,20309665,30.47
17/02/2022,-3100,-120710000,39(-0.76 %),300,11605000,3400,132315000,20313365,30.47
18/02/2022,5300,204170000,38.95(-0.13 %),5900,227285000,600,23115000,20309265,30.47
21/02/2022,0,-40000,38.9(-0.26 %),600,23170000,600,23210000,20312065,30.47
22/02/2022,-13600,-516825000,37.9(-2.57 %),1000,37900000,14600,554725000,20311665,30.47
23/02/2022,8500,324565000,38.2(0.79 %),8500,324565000,0,0,20303765,30.48
24/02/2022,-5100,-192425000,38(-0.52 %),3200,121590000,8300,314015000,20315165,30.47
25/02/2022,2100,80640000,38(0.00 %),4900,188800000,2800,108160000,20310265,30.47
28/02/2022,-3700,-141845000,39(2.63 %),1100,41835000,4800,183680000,20317465,30.47
01/03/2022,14700,598745000,40.65(4.23 %),20600,834995000,5900,236250000,20299665,30.48
02/03/2022,-1500,-60275000,39.8(-2.21 %),2000,80075000,3500,140350000,20302465,30.48
03/03/2022,-7800,-311870000,40(0.50 %),1400,55800000,9200,367670000,20306965,30.48
04/03/2022,-3600,-143825000,40(0.00 %),1400,55275000,5000,199100000,20309065,30.47
07/03/2022,-11500,-458945000,40.1(0.25 %),3700,147285000,15200,606230000,20314485,30.47
08/03/2022,3700,148130000,39.85(-0.62 %),10700,430655000,7000,282525000,20308785,30.47
09/03/2022,-13400,-529655000,40.3(1.00 %),4000,161415000,17400,691070000,20319985,30.46
10/03/2022,20900,849940000,40.65(0.87 %),23300,947390000,2400,97450000,20303685,30.48
11/03/2022,15400,624610000,39.9(-1.97 %),21800,881210000,6400,256600000,20299285,30.48
14/03/2022,-18900,-742610000,38.7(-3.01 %),13800,539560000,32700,1282170000,20287885,30.49
15/03/2022,71800,2776385000,38.7(0.00 %),91300,3525720000,19500,749335000,20202985,30.57
16/03/2022,10500,407325000,39.5(2.07 %),11500,446390000,1000,39065000,20224185,30.55
17/03/2022,900,35980000,39.8(0.76 %),2100,83780000,1200,47800000,20241585,30.54
18/03/2022,11000,438800000,39.9(0.25 %),11600,462705000,600,23905000,20230985,30.55
21/03/2022,400,11860000,42.3(6.02 %),23900,996530000,23500,984670000,20208337,30.57
22/03/2022,101600,4293920000,42(-0.71 %),102600,4336170000,1000,42250000,20106337,30.66
23/03/2022,38200,1600430000,42.5(1.19 %),48000,2017000000,9800,416570000,20081837,30.68
24/03/2022,22800,966495000,42.15(-0.82 %),25900,1096540000,3100,130045000,20056937,30.7
25/03/2022,30800,1302205000,42.3(0.24 %),36100,1527085000,5300,224880000,20030637,30.73
28/03/2022,42400,1783075000,42.35(0.12 %),54800,2305585000,12400,522510000,19978937,30.78
29/03/2022,-6300,-273215000,43.6(2.83 %),3800,163815000,10100,437030000,19980437,30.77
30/03/2022,15700,673725000,42.8(-1.83 %),37400,1619820000,21700,946095000,19955437,30.8
31/03/2022,3600,153655000,42.5(-0.70 %),24300,1037750000,20700,884095000,19941237,30.81
01/04/2022,16000,683165000,43.5(2.35 %),27500,1184200000,11500,501035000,19935437,30.81
04/04/2022,-21400,-960330000,43.5(0.00 %),25100,1104365000,46500,2064695000,19931037,30.82
05/04/2022,39200,1687150000,43.4(-0.23 %),39200,1687150000,0,0,19903337,30.84
06/04/2022,16700,704465000,43.5(0.23 %),49800,2133050000,33100,1428585000,19900037,30.85
07/04/2022,-123400,-5354585000,42.6(-2.07 %),19500,837675000,142900,6192260000,20023437,30.73
08/04/2022,67600,2810110000,41.1(-3.52 %),77700,3231300000,10100,421190000,19835937,30.91
12/04/2022,35500,1390045000,38.6(-6.08 %),68000,2716655000,32500,1326610000,19800437,30.94
13/04/2022,22700,892765000,39.6(2.59 %),26800,1051275000,4100,158510000,19910837,30.84
14/04/2022,700,26925000,39.4(-0.51 %),3200,126700000,2500,99775000,19923437,30.83
15/04/2022,-47700,-1908925200,41.4(5.08 %),300,12236700,48000,1921161900,19927237,30.82
18/04/2022,-85900,-3531490000,40.1(-3.14 %),3400,138065000,89300,3669555000,19926337,30.82
19/04/2022,-36100,-1485505000,38.5(-3.99 %),33900,1311045000,70000,2796550000,19940437,30.81
20/04/2022,9500,368695000,37.05(-3.77 %),43200,1653250000,33700,1284555000,19999837,30.76
21/04/2022,315300,11464895000,37.5(1.08 %),319800,11634455000,4500,169560000,19736737,31.0
22/04/2022,-25300,-958750000,36.8(-1.87 %),4200,150850000,29500,1109600000,19766237,30.97
25/04/2022,-30100,-1070800000,34.25(-6.93 %),12800,451735000,42900,1522535000,19757937,30.98
26/04/2022,321500,11026135000,35.6(3.79 %),404400,13904280000,82900,2878145000,19383037,31.32
27/04/2022,-7800,-280160000,36.5(2.53 %),7100,255585000,14900,535745000,19418837,31.29
28/04/2022,-68600,-2477605000,36.4(-0.27 %),3100,111885000,71700,2589490000,19498637,31.21
29/04/2022,-54400,-1981900000,37.4(2.75 %),12500,450980000,66900,2432880000,19501037,31.21
04/05/2022,-55700,-2075100000,37.65(0.67 %),3100,114705000,58800,2189805000,19569637,31.15
05/05/2022,-29400,-1108640000,38(0.80 %),2000,73700000,31400,1182340000,19599037,31.12
06/05/2022,-57800,-2124150000,36.75(-3.29 %),3000,110250000,60800,2234400000,19690337,31.04
09/05/2022,12100,413820000,34.2(-7.07 %),12200,417240000,100,3420000,19709537,31.02
10/05/2022,-52700,-1844500000,35(2.34 %),10400,364000000,63100,2208500000,19759937,30.97
11/05/2022,2100,71510000,34.4(-1.71 %),2200,74995000,100,3485000,19757837,30.98
12/05/2022,36200,1142365000,32(-6.98 %),65700,2112470000,29500,970105000,19721637,31.01
13/05/2022,241600,7259580000,29.8(-6.88 %),342500,10301405000,100900,3041825000,19412837,31.29
16/05/2022,-27900,-774225000,27.75(-6.88 %),29500,818625000,57400,1592850000,19412837,31.29
17/05/2022,3900,113100000,29(4.32 %),38500,1116500000,34600,1003400000,19475317,31.23
18/05/2022,-19500,-585000000,30(3.45 %),11700,351000000,31200,936000000,19521017,31.19
19/05/2022,-85600,-2653600000,31(3.33 %),2000,62000000,87600,2715600000,19553617,31.16
20/05/2022,-42200,-1299760000,30.8(-0.65 %),2500,77000000,44700,1376760000,19582317,31.14
23/05/2022,-25400,-774700000,30.5(-0.97 %),13400,408700000,38800,1183400000,19656517,31.07
24/05/2022,-23500,-728500000,31(1.64 %),2200,68200000,25700,796700000,19699017,31.03
25/05/2022,-30000,-960000000,32(3.23 %),7400,236800000,37400,1196800000,19730417,31.0
26/05/2022,-35200,-1144000000,32.5(1.56 %),5500,178750000,40700,1322750000,19750617,30.98
27/05/2022,-66400,-2177920000,32.8(0.92 %),2500,82000000,68900,2259920000,19785517,30.95
30/05/2022,-31200,-985920000,31.6(0.96 %),2300,72680000,33500,1058600000,19823917,30.92
31/05/2022,-14000,-429800000,30.7(-2.85 %),8800,270160000,22800,699960000,19884017,30.86
01/06/2022,4700,142880000,30.4(-0.98 %),7600,231040000,2900,88160000,19909917,30.84
02/06/2022,-41100,-1257660000,30.6(0.66 %),3000,91800000,44100,1349460000,19929717,30.82
03/06/2022,-10700,-326350000,30.5(-0.33 %),12500,381250000,23200,707600000,19920117,30.83
06/06/2022,240700,7501870000,31.1(1.97 %),305400,9545450000,64700,2043580000,19658817,31.07
07/06/2022,252300,8388975000,33.25(6.91 %),372700,12392275000,120400,4003300000,19309317,31.39
08/06/2022,-27200,-889440000,32.7(-1.80 %),700,22890000,27900,912330000,19373319,31.33
09/06/2022,-19000,-621300000,32.7(0.00 %),19300,631110000,38300,1252410000,19474419,31.24
10/06/2022,198100,6349105000,32.05(-1.99 %),200800,6435640000,2700,86535000,19301519,31.39
13/06/2022,4700,140295000,29.85(-7.01 %),4700,140295000,0,0,19335119,31.36
14/06/2022,214800,6615840000,30.8(3.01 %),219500,6760600000,4700,144760000,19118319,31.56
15/06/2022,-700,-21210000,30.3(-1.62 %),4300,130290000,5000,151500000,19114019,31.56
16/06/2022,-2400,-74040000,30.85(1.82 %),0,0,2400,74040000,19118719,31.56
17/06/2022,180000,5544000000,30.8(-0.32 %),203300,6261640000,23300,717640000,18920419,31.74
20/06/2022,2500,69355000,29(-5.84 %),5700,166715000,3200,97360000,18917119,31.74
21/06/2022,2500,72500000,29(0.00 %),3300,95700000,800,23200000,18937119,31.73
22/06/2022,198700,5792105000,29.15(0.52 %),200000,5830000000,1300,37895000,18740319,31.9
23/06/2022,700,20580000,29.4(0.68 %),2400,70560000,1700,49980000,18738719,31.91
24/06/2022,8200,241900000,29.5(0.34 %),10200,300900000,2000,59000000,18729819,31.91
27/06/2022,4700,139705000,30.5(3.39 %),7300,218195000,2600,78490000,18724219,31.92
28/06/2022,3100,94240000,30.4(-0.33 %),5200,158080000,2100,63840000,18721019,31.92
29/06/2022,-8900,-265425000,29.9(-1.64 %),800,23625000,9700,289050000,18722819,31.92
30/06/2022,-8600,-252840000,29.4(-1.67 %),1800,52920000,10400,305760000,18723119,31.92
01/07/2022,300,9000000,30(2.04 %),3800,114000000,3500,105000000,18729019,31.92
04/07/2022,5200,155470000,29.4(-2.00 %),5200,155470000,0,0,18728819,0.0
05/07/2022,1100,31570000,28.7(-2.38 %),3500,100450000,2400,68880000,18734219,31.91
06/07/2022,1700,46070000,27.1(-5.57 %),4600,124660000,2900,78590000,18729619,31.91
07/07/2022,-500,-13550000,27.1(0.00 %),0,0,500,13550000,18732019,31.91
08/07/2022,2100,99000000,27.7(2.21 %),2200,118250000,100,19250000,18729919,0.0
11/07/2022,3600,99000000,27.5(-0.72 %),4300,118250000,700,19250000,18730842,31.91
12/07/2022,-200,-5620000,28.1(2.18 %),6300,177030000,6500,182650000,18727142,31.92
13/07/2022,10900,311740000,28.6(1.78 %),11900,340340000,1000,28600000,18715942,31.93
14/07/2022,5900,169920000,28.8(0.70 %),6000,172800000,100,2880000,18716442,31.93
15/07/2022,5800,166460000,28.7(-0.35 %),5800,166460000,0,0,18711642,31.93
18/07/2022,-50500,-1454400000,28.8(0.35 %),10500,302400000,61000,1756800000,18701242,31.94
19/07/2022,-35900,-1030330000,28.7(-0.35 %),3600,103320000,39500,1133650000,18697642,31.94
20/07/2022,-62300,-1781780000,28.6(-0.35 %),31000,886600000,93300,2668380000,18727642,31.92
21/07/2022,-16100,-454825000,28.25(-1.22 %),18800,531100000,34900,985925000,18748342,31.9
22/07/2022,700,-1296140000,28.3(0.00 %),2400,62260000,1700,1358400000,18839442,31.81
25/07/2022,5100,142545000,27.95(-1.24 %),25300,707135000,20200,564590000,18849042,31.81
26/07/2022,-78600,-2177220000,27.7(-1.07 %),12500,346250000,91100,2523470000,18884542,31.77
27/07/2022,-13000,-367900000,28.3(2.17 %),0,0,13000,367900000,18904742,31.75
28/07/2022,-16900,-476580000,28.2(-0.35 %),9300,262260000,26200,738840000,18986542,31.68
29/07/2022,9900,278190000,28.1(-0.35 %),9900,278190000,0,0,18989642,31.68
01/08/2022,-800,-22520000,28.15(0.18 %),5900,166085000,6700,188605000,19009942,31.66
02/08/2022,13500,380700000,28.2(0.00 %),16100,454020000,2600,73320000,18993842,31.67
03/08/2022,18800,545200000,29(2.84 %),21300,617700000,2500,72500000,18979242,31.69
04/08/2022,4200,122220000,29.1(0.34 %),6000,174600000,1800,52380000,18975842,31.69
05/08/2022,5200,151580000,29.15(0.17 %),5500,160325000,300,8745000,18972842,31.69
08/08/2022,2900,84825000,29.25(0.17 %),3400,99450000,500,14625000,18971242,31.69
09/08/2022,15500,459575000,29.65(1.19 %),16500,489225000,1000,29650000,18955042,31.71
10/08/2022,15100,449225000,29.75(0.17 %),33600,999600000,18500,550375000,18921947,31.74
11/08/2022,-109600,-3255120000,29.7(-0.34 %),1200,35640000,110800,3290760000,18921747,31.74
12/08/2022,-80900,-2402730000,29.7(0.00 %),0,0,80900,2402730000,18940247,31.72
15/08/2022,159600,4740120000,29.7(0.00 %),171100,5081670000,11500,341550000,18879947,31.78
16/08/2022,149500,4559750000,30.5(2.69 %),162000,4941000000,12500,381250000,18798847,31.85
17/08/2022,4400,131780000,29.95(-1.80 %),10900,326455000,6500,194675000,18799407,31.85
18/08/2022,-7200,-214560000,29.8(-0.67 %),400,11920000,7600,226480000,18811507,31.84
19/08/2022,14800,435860000,29.45(-1.17 %),19200,565440000,4400,129580000,18798807,31.85
22/08/2022,289400,8537300000,29.5(0.00 %),293900,8670050000,4500,132750000,18512507,32.11
23/08/2022,-42300,-1243620000,29.4(-0.34 %),7700,226380000,50000,1470000000,18509207,32.12
24/08/2022,-6800,-204000000,30(2.04 %),30900,927000000,37700,1131000000,18482807,32.14
25/08/2022,-75900,-2337720000,30.8(2.67 %),57700,1777160000,133600,4114880000,18475142,32.15
26/08/2022,3000,90300000,30.1(-2.27 %),3000,90300000,0,0,18509842,32.12
29/08/2022,-4100,-120950000,29.5(-1.99 %),6900,203550000,11000,324500000,18636542,32.0
30/08/2022,-3800,-113240000,29.8(1.02 %),1100,32780000,4900,146020000,18635442,32.0
31/08/2022,-88200,-2681280000,30.4(2.01 %),16700,507680000,104900,3188960000,18629742,32.01
05/09/2022,1100,33495000,30.45(0.16 %),4400,133980000,3300,100485000,18630242,32.01
06/09/2022,-2400,-74880000,31.2(2.30 %),17200,536640000,19600,611520000,18717942,31.93
07/09/2022,-11300,-339000000,30(-3.85 %),2100,63000000,13400,402000000,18719142,31.92
08/09/2022,5100,155805000,30.55(1.83 %),11400,348270000,6300,192465000,18727342,31.92
09/09/2022,12300,381300000,31(1.31 %),18300,567300000,6000,186000000,18722442,31.92
12/09/2022,371,381300000,31.15(0.48 %),780,567300000,409,186000000,18727962,31.92
13/09/2022,-800,381300000,30.9(-0.96 %),0,567300000,800,186000000,18733962,31.91
14/09/2022,9737,381300000,30.6(-0.97 %),12100,567300000,2363,186000000,18722271,31.92
15/09/2022,-25702,297952200,30.7(0.33 %),4500,370260000,30202,72307800,0,31.92
16/09/2022,-14500,-442250000,30.5(-0.65 %),0,0,14500,442250000,18720934,31.92
19/09/2022,-12100,-356950000,29.5(-3.28 %),0,0,12100,356950000,18733034,31.91
20/09/2022,-8730,-257535000,29.5(0.00 %),1000,29500000,9730,287035000,18764636,31.88
21/09/2022,-2900,-85115000,29.35(-0.51 %),0,0,2900,85115000,18776736,31.87
22/09/2022,-2900,-87000000,30(2.04 %),3000,90000000,5900,177000000,18783466,31.87
23/09/2022,-13800,-442980000,32.1(7.00 %),4100,131610000,17900,574590000,18782266,31.87
26/09/2022,-74100,-2367495000,31.95(-0.47 %),2200,70290000,76300,2437785000,18785966,31.86
27/09/2022,-84000,-2646000000,31.5(-1.56 %),4700,148050000,88700,2794050000,18799166,31.85
28/09/2022,9900,297000000,30(-4.76 %),15400,462000000,5500,165000000,18860066,31.8
29/09/2022,-2500,-70250000,28.1(-6.33 %),4800,134880000,7300,205130000,18943966,31.72
30/09/2022,26000,728000000,28(-0.36 %),26200,733600000,200,5600000,18923266,31.74
03/10/2022,-27300,-711165000,26.05(-6.96 %),5300,138065000,32600,849230000,18930766,31.73
04/10/2022,6800,169660000,24.95(-4.41 %),17300,431635000,10500,261975000,18913666,31.75
05/10/2022,-6900,-178710000,25.9(3.60 %),3400,88060000,10300,266770000,18942866,31.72
06/10/2022,-19500,-469950000,24.1(-6.95 %),13300,320530000,32800,790480000,18940066,31.72
07/10/2022,9700,217765000,22.45(-6.85 %),13700,307565000,4000,89800000,18936666,31.73
10/10/2022,23800,527170000,22.15(-1.56 %),25300,560395000,1500,33225000,18944166,31.72
11/10/2022,-2000,-41200000,20.6(-7.21 %),18800,387280000,20800,428480000,18929366,31.73
12/10/2022,171200,3646560000,21.3(3.40 %),179800,3829740000,8600,183180000,18751066,31.9
13/10/2022,-7300,-158045000,21.65(1.64 %),3500,75775000,10800,233820000,18768366,31.88
14/10/2022,202800,4603560000,22.7(4.61 %),207300,4705710000,4500,102150000,18569666,32.06
17/10/2022,-13510,-310730000,23(1.32 %),300,6900000,13810,317630000,18580166,32.05
18/10/2022,-17200,-411080000,23.9(3.91 %),1400,33460000,18600,444540000,18583266,32.05
19/10/2022,-9400,-223515000,23.9(0.00 %),400,9560000,9800,233075000,18592666,32.04
20/10/2022,-11100,-259780000,23.1(-3.35 %),0,0,11100,259780000,18607776,32.03
21/10/2022,4300,98260000,23(-0.43 %),10300,233675000,6000,135415000,18610976,32.02
24/10/2022,103800,2254985000,22(-4.35 %),107400,2333905000,3600,78920000,18510976,32.11
25/10/2022,7900,175090000,23(4.55 %),8200,181675000,300,6585000,18503076,32.12
26/10/2022,-4700,-106555000,22.95(-0.22 %),0,0,4700,106555000,18515276,32.11
27/10/2022,-4100,-96240000,24.5(6.52 %),3000,71125000,7100,167365000,18517176,32.11
28/10/2022,-47768,-1175092800,24.6(0.41 %),0,0,47768,1175092800,18521876,32.1
31/10/2022,-7700,-191345000,24.85(1.02 %),9800,243530000,17500,434875000,18519176,32.11
01/11/2022,-8800,-213840000,24.3(-2.41 %),0,0,8800,213840000,18566944,32.06
02/11/2022,-5800,-137460000,23.7(-2.47 %),4000,94800000,9800,232260000,18580444,32.05
03/11/2022,-6500,-152750000,23.5(-0.84 %),500,11750000,7000,164500000,18588744,32.04
04/11/2022,-5800,-127020000,21.9(-6.81 %),2800,61320000,8600,188340000,18595744,32.04
07/11/2022,7764,158385600,20.4(-6.85 %),18400,375360000,10636,216974400,18584344,32.05
08/11/2022,27600,574080000,20.8(1.96 %),27700,576160000,100,2080000,18565244,32.06
09/11/2022,10800,220320000,20.4(-1.92 %),15200,310080000,4400,89760000,18560680,32.07
10/11/2022,16264,309016000,19(-6.86 %),20900,397100000,4636,88084000,18539880,32.09
11/11/2022,30339,546102000,18(-5.26 %),38239,688302000,7900,142200000,18506041,32.12
14/11/2022,47600,849660000,17.85(-0.83 %),48200,860370000,600,10710000,18462477,32.16
15/11/2022,13640,227106000,16.65(-6.98 %),18300,304695000,4660,77589000,18452077,32.17
16/11/2022,31900,563035000,17.65(5.69 %),74000,1306100000,42100,743065000,18378677,32.23
17/11/2022,-5300,-97520000,18.4(3.95 %),25300,465520000,30600,563040000,18358037,32.25
18/11/2022,-14108,-259587200,18.4(0.00 %),25300,465520000,39408,725107200,18375837,32.24
21/11/2022,-49300,-926840000,18.8(2.17 %),2400,45120000,51700,971960000,18404437,32.21
22/11/2022,-24555,-483733500,19.7(4.79 %),5500,108350000,30055,592083500,18438345,32.18
23/11/2022,-5684,-106575000,18.75(-4.82 %),11400,213750000,17084,320325000,18478645,32.14
24/11/2022,6600,124080000,18.8(0.27 %),6600,124080000,0,0,18502100,32.12
25/11/2022,-100,-2000000,20(6.38 %),6900,138000000,7000,140000000,18512284,32.11
28/11/2022,-21200,-449440000,21.2(6.00 %),5500,116600000,26700,566040000,18533484,32.09
29/11/2022,-12700,-271145000,21.35(0.71 %),700,14945000,13400,286090000,18546184,32.08
30/11/2022,-8300,-180525000,21.75(1.64 %),1200,26100000,9500,206625000,18554484,32.07
01/12/2022,-4100,-90200000,22(0.92 %),1100,24200000,5200,114400000,18537484,0.0
02/12/2022,16300,373270000,22.9(4.09 %),28500,652650000,12200,279380000,18521184,32.1
05/12/2022,500,11450000,22.9(0.00 %),4800,109920000,4300,98470000,18520684,32.11
06/12/2022,500,10650000,21.3(-6.99 %),1000,21300000,500,10650000,18520184,32.11
07/12/2022,17200,360340000,20.95(-1.64 %),18100,379195000,900,18855000,18502984,32.12
08/12/2022,3300,69135000,20.95(-0.24 %),7800,163410000,4500,94275000,18522384,32.1
09/12/2022,35900,771850000,21.5(2.38 %),37700,810550000,1800,38700000,18485584,32.14
12/12/2022,1700,35700000,21(-2.33 %),5600,117600000,3900,81900000,18462084,32.16
13/12/2022,100,2155000,21.55(2.62 %),5200,112060000,5100,109905000,18461984,32.16
14/12/2022,-12000,-258600000,21.55(-0.23 %),1200,25860000,13200,284460000,18473984,32.15
15/12/2022,10900,236530000,21.7(0.46 %),12200,264740000,1300,28210000,18463084,0.0
16/12/2022,4220,91785000,21.75(0.23 %),6900,150075000,2680,58290000,18458864,32.16
19/12/2022,3600,79560000,22.1(1.38 %),7900,174590000,4300,95030000,18455264,0.0
20/12/2022,-6200,-135780000,21.9(-0.90 %),1100,24090000,7300,159870000,18461464,32.16
21/12/2022,-18000,-387000000,21.5(-1.83 %),1600,34400000,19600,421400000,18479464,32.14
22/12/2022,-3800,-81700000,21.5(0.00 %),100,2150000,3900,83850000,18483264,32.14
23/12/2022,-1500,-32250000,21.5(0.00 %),3500,75250000,5000,107500000,18484764,32.14
26/12/2022,-1300,-26000000,20(-6.98 %),8100,162000000,9400,188000000,18486064,32.14
27/12/2022,-35200,-739200000,21(5.00 %),4800,100800000,40000,840000000,18521264,0.0
28/12/2022,-38000,-805600000,21.2(0.95 %),30100,638120000,68100,1443720000,18559264,32.07
29/12/2022,-6500,-136825000,21.05(-0.71 %),2000,42100000,8500,178925000,18517264,32.11
30/12/2022,-2400,-51600000,21.5(1.90 %),51900,1115850000,54300,1167450000,18533464,32.09
03/01/2023,8900,202030000,22.7(5.58 %),35700,810390000,26800,608360000,18497764,32.13
04/01/2023,-900,-20385000,22.65(-0.22 %),1500,33975000,2400,54360000,18559064,32.07
05/01/2023,5100,115260000,22.6(-0.44 %),5100,115260000,0,0,18580764,32.05
06/01/2023,47129,1105175050,23.45(3.76 %),73429,1721910050,26300,616735000,18509735,32.12
09/01/2023,-3900,-91455000,23.45(-0.21 %),2500,58625000,6400,150080000,18507235,32.12
10/01/2023,3700,88430000,23.9(1.70 %),4900,117110000,1200,28680000,18528635,32.1
11/01/2023,900,21420000,23.8(-0.42 %),2500,59500000,1600,38080000,18532535,32.09
12/01/2023,17900,429600000,24(0.84 %),21400,513600000,3500,84000000,18512335,32.11
13/01/2023,100,2400000,24(0.00 %),20600,494400000,20500,492000000,18493335,32.13
16/01/2023,-17500,-414750000,23.7(-1.25 %),7200,170640000,24700,585390000,18489635,32.13
17/01/2023,9800,235200000,24(1.27 %),19400,465600000,9600,230400000,18490735,32.13
18/01/2023,-4600,-110400000,24(0.00 %),3000,72000000,7600,182400000,18512435,32.11
19/01/2023,64200,1579320000,24.6(2.50 %),65700,1616220000,1500,36900000,18456335,32.16
27/01/2023,1500,37350000,24.9(1.22 %),2200,54780000,700,17430000,18461735,32.16
30/01/2023,301700,7723520000,25.6(2.81 %),307200,7864320000,5500,140800000,18156035,32.44
31/01/2023,173400,4465050000,25.75(0.59 %),177000,4557750000,3600,92700000,17979735,32.6
01/02/2023,-11800,-284970000,24.15(-6.40 %),1300,31395000,13100,316365000,17983935,32.59
02/02/2023,84500,2099825000,24.85(2.69 %),84900,2109765000,400,9940000,17902635,32.67
03/02/2023,-8700,-217500000,25(0.40 %),20100,502500000,28800,720000000,17895635,32.68
06/02/2023,148700,3829025000,25.75(3.00 %),150300,3870225000,1600,41200000,17745735,32.81
07/02/2023,370852,9345470400,25.2(-2.33 %),374100,9427320000,3248,81849600,17400435,33.13
08/02/2023,-12650,-318780000,25.2(0.00 %),5500,138600000,18150,457380000,17396535,33.13
09/02/2023,205500,5158050000,25.1(-0.40 %),343800,8629380000,138300,3471330000,17194283,33.32
10/02/2023,25700,645070000,25.1(0.00 %),33900,850890000,8200,205820000,17178533,33.33
13/02/2023,176700,4479345000,25.35(1.00 %),182600,4628910000,5900,149565000,16995933,33.5
14/02/2023,196500,5089350000,25.9(1.97 %),196500,5089350000,0,0,16807633,33.67
15/02/2023,17100,446310000,26.1(0.77 %),22100,576810000,5000,130500000,16791433,33.68
16/02/2023,123699,3352242900,27.1(3.83 %),137500,3726250000,13801,374007100,16653933,33.81
17/02/2023,14700,394695000,26.85(-0.92 %),20500,550425000,5800,155730000,16638433,33.82
20/02/2023,5900,158120000,26.8(-0.37 %),5900,158120000,0,0,16646334,33.82
21/02/2023,264300,7294680000,27.6(2.99 %),285000,7866000000,20700,571320000,16367134,34.07
22/02/2023,7000,188650000,26.95(-2.36 %),10200,274890000,3200,86240000,16356934,34.08
23/02/2023,13200,344520000,26.1(-3.33 %),16900,441090000,3700,96570000,16360734,34.08
24/02/2023,-12800,-332800000,26(-0.38 %),700,18200000,13500,351000000,16373534,34.06
27/02/2023,8310,208165500,25.05(-3.65 %),10500,263025000,2190,54859500,16356434,34.08
28/02/2023,93750,2418750000,25.8(2.79 %),164450,4242810000,70700,1824060000,16205484,34.22
01/03/2023,-49500,-1262250000,25.5(-1.16 %),500,12750000,50000,1275000000,16207174,34.22
02/03/2023,102900,2706270000,26.3(3.14 %),165500,4352650000,62600,1646380000,16112374,34.3
03/03/2023,-47200,-1222480000,25.9(-1.52 %),5800,150220000,53000,1372700000,16156574,34.26
06/03/2023,-48800,-1259040000,25.8(-0.39 %),1300,33540000,50100,1292580000,16217874,34.21
07/03/2023,219500,5827725000,26.55(2.91 %),229400,6090570000,9900,262845000,16041474,34.37
08/03/2023,400,10560000,26.4(-0.75 %),600,15840000,200,5280000,16090974,34.32
09/03/2023,150500,4063500000,27(2.27 %),168600,4552200000,18100,488700000,15932274,34.47
10/03/2023,300,7920000,26.4(-2.22 %),800,21120000,500,13200000,15931674,34.47
13/03/2023,-200,-5270000,26.35(-0.19 %),400,10540000,600,15810000,15931874,0.0
14/03/2023,-1200,-30120000,25.1(-4.92 %),200,5020000,1400,35140000,15949674,34.45
15/03/2023,0,-30120000,25.9(3.19 %),0,5020000,0,35140000,15950374,34.45
16/03/2023,-4300,-108360000,25.2(-2.70 %),2800,70560000,7100,178920000,15948974,34.45
17/03/2023,-800,-20320000,25.4(0.79 %),2400,60960000,3200,81280000,15946574,34.45
20/03/2023,4000,98800000,24.7(-2.76 %),8000,197600000,4000,98800000,15945674,34.45
21/03/2023,3400,-332800000,24.9(0.81 %),3400,18200000,0,351000000,15945474,34.45
22/03/2023,10000,251390000,25.1(0.80 %),14800,371675000,4800,120285000,15935474,34.46
23/03/2023,6200,154500000,24.9(-0.80 %),9000,224080000,2800,69580000,15929274,34.47
24/03/2023,7500,186090000,24.7(-0.80 %),7600,188590000,100,2500000,15921774,34.48
27/03/2023,-2700,-66690000,24.7(0.00 %),0,0,2700,66690000,15924474,34.47
28/03/2023,-7100,-176435000,24.85(0.61 %),1400,34790000,8500,211225000,15931574,34.47
29/03/2023,0,-176435000,24.85(-0.20 %),0,34790000,0,211225000,15927064,34.47
30/03/2023,-12500,-312500000,25(0.40 %),1400,35000000,13900,347500000,15934164,34.46
31/03/2023,-50100,-1182360000,23.6(-5.60 %),20900,493240000,71000,1675600000,15913264,34.48
03/04/2023,25200,609840000,24.2(2.54 %),25600,619520000,400,9680000,15901564,34.49
04/04/2023,-47700,-1156725000,24.25(0.21 %),1900,46075000,49600,1202800000,15970664,34.43
05/04/2023,-205260,-5028870000,24.5(0.82 %),5300,129850000,210560,5158720000,15965764,34.44
06/04/2023,-12100,-296450000,24.5(0.00 %),2000,49000000,14100,345450000,16013364,34.39
07/04/2023,-4700,-114680000,24.4(-0.41 %),0,0,4700,114680000,16223924,34.2
10/04/2023,-76600,-1838400000,24(-1.64 %),15500,372000000,92100,2210400000,16222524,34.2
11/04/2023,-11400,-275880000,24.2(0.83 %),5300,128260000,16700,404140000,16221924,34.2
12/04/2023,-8900,-219385000,24.65(1.86 %),9000,221850000,17900,441235000,16305024,34.13
13/04/2023,-44500,-1090250000,24.5(-0.81 %),3600,88200000,48100,1178450000,16318124,34.11
14/04/2023,-28900,-693600000,24(-2.04 %),0,0,28900,693600000,16336024,34.1
17/04/2023,-2700,-64260000,23.8(-0.83 %),2100,49980000,4800,114240000,16382024,34.06
18/04/2023,-8200,-194340000,23.7(-0.42 %),2000,47400000,10200,241740000,16408924,34.03
19/04/2023,-9100,-212940000,23.4(-1.27 %),0,0,9100,212940000,16413724,34.03
20/04/2023,-5100,-120270000,23.55(0.64 %),2600,61220000,7700,181490000,16418824,34.02
21/04/2023,-67900,-1588860000,23.4(-0.85 %),400,9360000,68300,1598220000,16430024,34.01
24/04/2023,-78940,-1831408000,23.2(-0.85 %),7200,167040000,86140,1998448000,16430524,34.01
25/04/2023,-99868,-2247030000,22.5(-3.02 %),2432,54720000,102300,2301750000,16496392,33.95
26/04/2023,14900,336740000,22.6(0.44 %),21300,481380000,6400,144640000,16561232,33.89
27/04/2023,-29000,-659100000,22.6(0.00 %),2200,50080000,31200,709180000,16590232,33.87
28/04/2023,-3000,-67845000,22.85(1.11 %),11600,264035000,14600,331880000,16593232,33.86
04/05/2023,-4200,-96000000,22.95(0.22 %),2400,55020000,6600,151020000,16656108,33.81
05/05/2023,-45100,-1043870000,23.15(0.87 %),2300,53185000,47400,1097055000,16697208,33.77
08/05/2023,-385700,-8761875000,22.5(-3.02 %),800,18250000,386500,8780125000,16703008,33.76
09/05/2023,-900,-20145000,22.9(1.78 %),500,11425000,1400,31570000,16749908,33.72
10/05/2023,-38200,-882855000,23.25(1.53 %),7700,177425000,45900,1060280000,16788108,33.69
11/05/2023,-287600,-6523280000,22.6(-3.00 %),13000,299465000,300600,6822745000,17117108,33.39
12/05/2023,400,9050000,22.65(0.22 %),1000,22730000,600,13680000,17162008,33.34
15/05/2023,-336700,-7701565000,23.1(1.99 %),9100,208735000,345800,7910300000,17498708,33.04
16/05/2023,-707600,-16119875000,22.8(-1.30 %),4000,92060000,711600,16211935000,18206308,32.39
17/05/2023,15700,374615000,23.7(3.95 %),53900,1263130000,38200,888515000,18190608,32.41
18/05/2023,-100,-2440000,23.95(1.05 %),400,9560000,500,12000000,18190708,32.41
19/05/2023,-6500,-153665000,23.8(-0.63 %),8500,202450000,15000,356115000,18197208,32.4
22/05/2023,-23800,-567220000,24(0.84 %),7400,176350000,31200,743570000,18221008,32.38
23/05/2023,-226800,-5382315000,23.9(-0.42 %),4800,114540000,231600,5496855000,18447808,32.17
24/05/2023,21500,510700000,23.6(-1.26 %),22000,522600000,500,11900000,18426308,32.19
25/05/2023,50200,1174995000,23.5(-0.42 %),53700,1256875000,3500,81880000,18376108,32.24
26/05/2023,700,17170000,23.7(0.85 %),21000,492305000,20300,475135000,18375408,32.24
29/05/2023,8200,194710000,23.8(0.42 %),8300,197105000,100,2395000,18367208,32.25
30/05/2023,1800,43035000,23.8(0.00 %),4900,117420000,3100,74385000,18365408,32.25
31/05/2023,200,4690000,23.85(0.21 %),400,9480000,200,4790000,18365208,32.25
01/06/2023,-9400,-228520000,24.7(3.56 %),12700,308905000,22100,537425000,18663296,31.98
02/06/2023,-3300,-80345000,24.7(0.00 %),6400,157155000,9700,237500000,18666596,31.97
05/06/2023,-15200,-377020000,24.85(0.61 %),0,0,15200,377020000,18681796,31.96
06/06/2023,-14000,-342985000,24.35(-2.01 %),0,0,14000,342985000,18695796,31.95
07/06/2023,-7400,-180630000,24.3(-0.21 %),0,0,7400,180630000,18703196,31.94
08/06/2023,-1000,-24140000,24.15(-0.62 %),0,0,1000,24140000,18704196,31.94
09/06/2023,-5400,-128705000,23.8(-1.45 %),0,0,5400,128705000,18709596,31.93
12/06/2023,-8800,-208180000,23.6(-0.84 %),0,0,8800,208180000,18718396,31.92
13/06/2023,-12300,-285330000,24.65(4.45 %),21600,526425000,33900,811755000,18730696,31.91
14/06/2023,22100,544540000,24.3(-1.42 %),22800,561635000,700,17095000,18708596,31.93
15/06/2023,38300,928805000,23.95(-1.44 %),54700,1326325000,16400,397520000,18670296,31.97
16/06/2023,-12600,-303005000,24.2(0.83 %),2400,57500000,15000,360505000,18664189,31.97
19/06/2023,-10000,-239365000,23.85(-1.45 %),0,0,10000,239365000,18680589,31.96
20/06/2023,4000,95635000,23.8(-0.42 %),15400,366510000,11400,270875000,18676589,31.96
21/06/2023,-75700,-1816340000,23.8(0.00 %),3000,72430000,78700,1888770000,18687279,31.95
22/06/2023,-63100,-1509970000,23.9(0.42 %),6900,165525000,70000,1675495000,18750379,31.9
23/06/2023,1000,23765000,24.25(1.46 %),12000,291565000,11000,267800000,18749379,31.9
26/06/2023,7000,170565000,24.45(0.62 %),8600,209605000,1600,39040000,18820679,31.83
27/06/2023,-130500,-3259010000,24.95(1.84 %),8800,220730000,139300,3479740000,18951179,31.71
28/06/2023,-108100,-2668740000,24.5(-2.00 %),1600,39920000,109700,2708660000,19059279,31.61
29/06/2023,16900,413350000,24.1(-1.63 %),18200,444990000,1300,31640000,19042379,31.63
30/06/2023,-15300,-366805000,23.7(-1.66 %),4200,99945000,19500,466750000,19057679,31.62
03/07/2023,36000,862355000,23.9(0.84 %),44200,1057535000,8200,195180000,19054081,31.62
04/07/2023,-3400,-82575000,24.3(1.67 %),500,12100000,3900,94675000,19057481,31.62
05/07/2023,1000,24250000,24.3(0.00 %),1000,24250000,0,0,19056481,31.62
06/07/2023,292000,7198395000,25.1(3.29 %),292400,7208275000,400,9880000,18750095,31.9
07/07/2023,3400,84975000,25.05(-0.20 %),3400,84975000,0,0,18746695,31.9
10/07/2023,7800,197225000,25(-0.40 %),16400,414325000,8600,217100000,18738895,31.91
11/07/2023,140100,3561690000,25.4(1.60 %),149700,3804415000,9600,242725000,18598795,32.03
12/07/2023,3300,84840000,25.5(0.39 %),3300,84840000,0,0,18595495,32.04
13/07/2023,-71900,-1822805000,25.5(0.00 %),3000,76610000,74900,1899415000,18667395,31.97
14/07/2023,-1100,-27675000,25.25(-0.98 %),0,0,1100,27675000,18595587,32.04
17/07/2023,215600,5555770000,26.1(3.16 %),223000,5744150000,7400,188380000,18379987,32.23
18/07/2023,45700,1186415000,26(-0.38 %),46600,1209680000,900,23265000,18334287,32.28
19/07/2023,34800,897385000,25.65(-1.35 %),40200,1036060000,5400,138675000,18369196,32.24
20/07/2023,319400,8405140000,26.4(2.72 %),324900,8546225000,5500,141085000,18049796,32.53
21/07/2023,7400,195360000,26.35(-0.19 %),7400,195360000,0,0,18042396,32.54
24/07/2023,5700,149885000,26.3(-0.38 %),12300,322650000,6600,172765000,18038568,32.55
25/07/2023,31200,821455000,26.45(0.57 %),32700,861115000,1500,39660000,18005868,32.57
26/07/2023,500,13870000,26.4(-0.19 %),9800,258295000,9300,244425000,18005368,32.58
27/07/2023,-6600,-170220000,25.9(-1.89 %),2800,72480000,9400,242700000,18011968,32.57
28/07/2023,8500,220010000,25.85(-0.19 %),8600,222595000,100,2585000,18003468,32.58
31/07/2023,-12700,-330590000,25.9(0.00 %),3000,77655000,15700,408245000,18016168,32.57
01/08/2023,-6700,-173285000,25.8(-0.39 %),1100,28320000,7800,201605000,18008627,32.57
02/08/2023,-2300,-58955000,25.7(-0.39 %),200,5105000,2500,64060000,18010927,32.57
03/08/2023,-700,-17875000,25.45(-0.97 %),300,7675000,1000,25550000,18011627,32.57
04/08/2023,-200,-5250000,25.6(0.59 %),6200,158160000,6400,163410000,18026998,32.56
07/08/2023,7500,191730000,25.6(0.00 %),8500,217280000,1000,25550000,18019498,32.56
08/08/2023,200,5470000,25.9(1.17 %),7200,186075000,7000,180605000,18019298,32.56
09/08/2023,1100,28550000,26(0.39 %),2200,57310000,1100,28760000,18018198,32.56
10/08/2023,-12900,-332525000,25.9(-0.38 %),1000,25900000,13900,358425000,18031098,32.55
11/08/2023,-17700,-450275000,25.8(-0.39 %),1400,35680000,19100,485955000,18048798,32.54
14/08/2023,1600,40570000,25.5(-1.16 %),1600,40570000,0,0,18036524,32.55
15/08/2023,118100,3084640000,26.45(3.73 %),155600,4067890000,37500,983250000,17900024,32.67
16/08/2023,5800,154775000,26.6(0.38 %),7800,207675000,2000,52900000,17892224,32.68
17/08/2023,34600,932035000,26.85(0.94 %),92300,2486850000,57700,1554815000,17857624,32.71
18/08/2023,-18500,-496410000,26(-3.35 %),7100,182435000,25600,678845000,17832334,32.73
21/08/2023,49700,1312550000,26.95(3.65 %),68600,1811730000,18900,499180000,17821434,32.74
22/08/2023,-39900,-1102455000,28.2(4.44 %),13700,383430000,53600,1485885000,17833334,32.73
23/08/2023,-3800,-107850000,28.2(0.00 %),0,0,3800,107850000,17852234,32.72
24/08/2023,-40600,-1127100000,28.25(0.18 %),24500,688150000,65100,1815250000,17892834,32.68
25/08/2023,-15500,-425125000,27.9(-1.24 %),5700,158840000,21200,583965000,17879442,32.69
28/08/2023,45800,1281870000,28.2(1.08 %),73600,2051210000,27800,769340000,17833642,32.73
29/08/2023,-73900,-2046815000,28(-0.71 %),32900,919680000,106800,2966495000,17859242,32.71
30/08/2023,7100,197320000,28(0.00 %),7100,197320000,0,0,17852142,32.72
31/08/2023,3500,99690000,27.9(-0.36 %),20900,584305000,17400,484615000,17965864,32.61
05/09/2023,10900,311130000,29.1(4.30 %),66800,1875035000,55900,1563905000,17899064,32.67
06/09/2023,-900,-26080000,29(-0.34 %),400,11620000,1300,37700000,17899964,32.67
07/09/2023,-14300,-411260000,28.65(-1.21 %),600,17365000,14900,428625000,17971534,32.61
08/09/2023,600,17085000,28.95(1.05 %),600,17085000,0,0,17972234,32.61
11/09/2023,-2200,-63270000,28.85(-0.35 %),1100,31765000,3300,95035000,17986034,32.59
12/09/2023,-400,-11485000,28.8(-0.17 %),0,0,400,11485000,17986034,32.59
13/09/2023,-6500,-185165000,28(-2.78 %),800,22890000,7300,208055000,17988594,32.59
14/09/2023,125300,3538310000,28.4(1.43 %),141800,3998970000,16500,460660000,17847194,32.72
15/09/2023,-900,-25475000,28.4(0.00 %),1100,31065000,2000,56540000,17853394,32.71
18/09/2023,0,0,27.6(-2.82 %),0,0,0,0,17853394,32.71
19/09/2023,38400,1067400000,27.35(-0.91 %),59100,1636040000,20700,568640000,17825448,32.74
20/09/2023,14000,384915000,27.55(0.73 %),17800,489470000,3800,104555000,17811448,32.75
21/09/2023,-500,-12980000,27.2(-1.27 %),4500,123775000,5000,136755000,17811948,32.75
22/09/2023,-5400,-142945000,27(-0.74 %),4800,126320000,10200,269265000,17812348,32.75
25/09/2023,15300,399425000,25.15(-6.85 %),25500,671125000,10200,271700000,17791848,32.77
26/09/2023,57400,1478480000,25.75(2.39 %),83600,2135910000,26200,657430000,17718452,32.84
27/09/2023,-7700,-197385000,26.45(2.72 %),500,12800000,8200,210185000,17726152,32.83
28/09/2023,-24900,-642785000,26.2(-0.95 %),200,5180000,25100,647965000,17751052,32.81
29/09/2023,-2600,-67850000,26.4(0.76 %),0,0,2600,67850000,17762412,32.8
02/10/2023,-39500,-1026910000,26(-1.52 %),2500,65000000,42000,1091910000,17785012,32.78
03/10/2023,69800,1806920000,26(0.00 %),122100,3142415000,52300,1335495000,17665512,32.89
04/10/2023,-17000,-429000000,26.2(0.77 %),3300,85245000,20300,514245000,17682512,32.87
05/10/2023,-141300,-3605275000,25.85(-1.34 %),2900,74755000,144200,3680030000,17753662,32.8
06/10/2023,600,15270000,26(0.58 %),5300,135165000,4700,119895000,17753062,32.81
09/10/2023,-81900,-2089835000,25.8(-0.77 %),11000,280935000,92900,2370770000,17834962,32.73
10/10/2023,-38400,-958980000,25.8(0.00 %),32300,836700000,70700,1795680000,17874262,32.69
11/10/2023,-3300,-84360000,25.5(-1.16 %),0,0,3300,84360000,17967162,32.61
12/10/2023,2000,47305000,23.7(2.24 %),2600,61465000,600,14160000,18035192,32.55
13/10/2023,500,12855000,23.7(0.00 %),3800,89980000,3300,77125000,18034662,32.55
16/10/2023,-178500,-4114950000,23.45(-1.05 %),4700,110690000,183200,4225640000,18030562,32.55
17/10/2023,-137200,-3143845000,23(-1.92 %),0,0,137200,3143845000,18033772,32.55
18/10/2023,-6100,-136885000,22.45(-2.39 %),2000,45300000,8100,182185000,18215024,32.38
19/10/2023,-10700,-233425000,22(-2.00 %),4700,103410000,15400,336835000,18347524,32.26
20/10/2023,400,8455000,22.35(1.59 %),1500,32580000,1100,24125000,18354124,32.26
23/10/2023,600,13260000,21.95(-1.79 %),600,13260000,0,0,18368924,32.24
24/10/2023,-81900,-1751760000,21.8(-0.68 %),2400,51605000,84300,1803365000,18450824,29.24
25/10/2023,-200,-4370000,21.9(0.46 %),0,0,200,4370000,18367624,32.24
26/10/2023,8900,182185000,20.4(-6.85 %),9500,195085000,600,12900000,18442424,32.18
27/10/2023,800,16330000,20.65(1.23 %),1300,26570000,500,10240000,18441324,32.18
30/10/2023,300,6165000,20.35(-1.45 %),4300,88050000,4000,81885000,18437624,32.18
31/10/2023,3700,75420000,20.3(-0.25 %),5300,107940000,1600,32520000,18432824,32.19
01/11/2023,4200,85195000,20.6(1.48 %),6300,127890000,2100,42695000,18430524,32.19
02/11/2023,-9200,-192500000,21.55(4.61 %),3100,65280000,12300,257780000,18439724,29.25
03/11/2023,-800,-17400000,21.4(-0.70 %),700,14900000,1500,32300000,18440524,29.25
06/11/2023,-16800,-356800000,21.85(2.10 %),4600,99545000,21400,456345000,18457324,29.24
07/11/2023,-13900,-297115000,21.6(-1.14 %),700,15060000,14600,312175000,18471224,29.23
08/11/2023,4400,95320000,21.8(0.93 %),4800,103920000,400,8600000,18455524,32.16
09/11/2023,-109200,-2347150000,22(0.92 %),15700,344385000,124900,2691535000,18454417,32.17
10/11/2023,10400,227470000,21.85(-0.68 %),10400,227470000,0,0,18444417,32.17
13/11/2023,600,12930000,21.4(-2.06 %),600,12930000,0,0,20372473,32.11
14/11/2023,-194700,-4084160000,21.2(-0.93 %),1500,31690000,196200,4115850000,18638517,33.54
15/11/2023,3400,73805000,21.75(2.59 %),3400,73805000,0,0,18635117,33.55
16/11/2023,0,0,21.6(-0.69 %),0,0,0,0,18635117,36.9
17/11/2023,-3100,-66100000,21.5(-0.46 %),0,0,3100,66100000,20563473,31.95
20/11/2023,-20600,-424190000,21.2(-1.40 %),28900,610090000,49500,1034280000,20583473,31.93
21/11/2023,16500,368360000,21.5(1.42 %),73600,1576650000,57100,1208290000,20512963,31.99
22/11/2023,21800,469430000,21.5(0.00 %),21900,471580000,100,2150000,20540563,31.97
23/11/2023,-66500,-1399480000,21.1(-1.86 %),13900,297705000,80400,1697185000,20607063,35.1
24/11/2023,-1900,-39910000,21.35(1.18 %),0,0,1900,39910000,20608963,35.1
27/11/2023,-40800,-853370000,21.1(-1.17 %),0,0,40800,853370000,20649763,35.06
28/11/2023,9800,206435000,21.25(0.71 %),13200,278010000,3400,71575000,20639963,35.07
29/11/2023,-1400,-29750000,21.3(0.24 %),0,0,1400,29750000,20641363,35.07
30/11/2023,-146600,-3086545000,21.25(-0.23 %),3600,76035000,150200,3162580000,20787963,34.94
01/12/2023,-71400,-1478795000,21.2(-0.24 %),1200,25440000,72600,1504235000,20693568,35.02
04/12/2023,28800,609210000,21.45(1.18 %),29800,630360000,1000,21150000,20664768,35.05
05/12/2023,17000,364330000,21.35(-0.47 %),19000,407130000,2000,42800000,20647768,35.06
06/12/2023,12100,257515000,21.3(-0.23 %),12600,268140000,500,10625000,20635668,35.08
07/12/2023,-236300,-4907130000,21(-1.41 %),28600,600555000,264900,5507685000,20871968,34.86
08/12/2023,800,16800000,21.2(0.95 %),800,16800000,0,0,20871168,34.86
11/12/2023,0,-565000,21.15(-0.24 %),6100,128960000,6100,129525000,20871168,34.86
12/12/2023,-10000,-210075000,21.2(0.24 %),600,12680000,10600,222755000,20881168,34.85
13/12/2023,4900,103860000,21.1(-0.47 %),7000,148110000,2100,44250000,20876268,34.86
14/12/2023,-21400,-448625000,20.9(-0.95 %),12600,264615000,34000,713240000,20897668,34.84
15/12/2023,-900,-18815000,20.8(-0.48 %),900,18900000,1800,37715000,20898568,34.84
18/12/2023,-4000,-83200000,20.8(0.00 %),400,8350000,4400,91550000,20902568,34.83
19/12/2023,-43000,-879625000,20.9(0.48 %),0,0,43000,879625000,20945568,34.79
20/12/2023,0,0,21(0.48 %),0,0,0,0,20945568,34.79
21/12/2023,-165900,-3410880000,21.15(0.71 %),12800,269890000,178700,3680770000,21111468,34.64
22/12/2023,100,2100000,21.1(-0.24 %),100,2100000,0,0,21111368,34.64
25/12/2023,-12100,-255430000,21.15(0.24 %),2300,48415000,14400,303845000,21123468,34.63
26/12/2023,7400,157810000,21.3(0.71 %),23700,501025000,16300,343215000,21116068,34.64
27/12/2023,17200,363380000,21.3(0.00 %),25100,529700000,7900,166320000,21098868,34.65
28/12/2023,2400,50875000,21.3(0.00 %),2400,50875000,0,0,21096468,34.66
29/12/2023,2000,42600000,21.35(0.23 %),2000,42600000,0,0,21094468,34.66
02/01/2024,-71100,-1489515000,21.25(-0.47 %),6700,142800000,77800,1632315000,21310844,31.33
03/01/2024,5700,121085000,21.4(0.71 %),5700,121085000,0,0,21311899,34.46
04/01/2024,3100,66170000,21.35(-0.23 %),3100,66170000,0,0,21308799,34.46
05/01/2024,7000,151195000,21.7(1.64 %),8000,172895000,1000,21700000,21301799,34.47
08/01/2024,13300,287520000,21.65(-0.23 %),14500,313440000,1200,25920000,21288499,34.48
09/01/2024,600,12945000,21.65(0.00 %),700,15095000,100,2150000,21357652,31.29
10/01/2024,-700,-17355000,22.3(3.00 %),8100,177750000,8800,195105000,21350792,31.29
11/01/2024,-3800,-84725000,22.1(-0.90 %),700,15650000,4500,100375000,21350192,31.29
12/01/2024,9400,208460000,21.8(-1.36 %),11400,252150000,2000,43690000,21276245,34.49
15/01/2024,-3500,-76930000,21.85(0.23 %),0,0,3500,76930000,21352092,31.29
16/01/2024,17500,383460000,21.75(-0.46 %),27200,594495000,9700,211035000,21326892,31.31
17/01/2024,3400,74270000,21.75(0.00 %),6000,130820000,2600,56550000,21324472,31.32
18/01/2024,8200,178745000,21.8(0.23 %),8200,178745000,0,0,21250645,34.51
19/01/2024,37000,815605000,22(0.92 %),37100,817820000,100,2215000,21213645,34.55
22/01/2024,20300,449580000,22.05(0.23 %),26200,579420000,5900,129840000,21193345,34.57
23/01/2024,17800,389075000,21.9(-0.68 %),17800,389075000,0,0,21175545,34.58
24/01/2024,2300,50130000,21.65(-1.14 %),2300,50130000,0,0,21173245,34.59
25/01/2024,-5500,-118815000,21.55(-0.46 %),200,4330000,5700,123145000,21178745,34.58
26/01/2024,3400,73775000,21.75(0.93 %),3400,73775000,0,0,21175345,34.58
29/01/2024,-58300,-1256060000,21.8(0.23 %),12200,262665000,70500,1518725000,21241072,31.39
30/01/2024,-600,-13150000,21.8(0.00 %),3100,67450000,3700,80600000,21237972,31.39
31/01/2024,4900,106725000,21.7(-0.46 %),5500,119805000,600,13080000,21303060,31.33
01/02/2024,5000,109375000,21.95(1.15 %),6000,131175000,1000,21800000,21303061,34.47
02/02/2024,8900,195230000,21.85(-0.46 %),10300,226130000,1400,30900000,21300816,31.34
05/02/2024,10300,225725000,22.05(0.92 %),13000,285125000,2700,59400000,21277861,34.49
06/02/2024,12222,270792200,22(-0.23 %),12332,273217200,110,2425000,21268184,31.36
07/02/2024,5900,130725000,22.2(0.91 %),7300,161665000,1400,30940000,21263584,31.37
15/02/2024,26400,588145000,22.25(0.23 %),26600,592585000,200,4440000,21237096,31.39
16/02/2024,20500,457275000,22.65(1.80 %),30500,685275000,10000,228000000,21207996,31.41
19/02/2024,8571,194755850,23.05(1.77 %),27100,624005000,18529,429249150,21181096,31.43
20/02/2024,-81708,-1857452800,22.7(-1.52 %),16200,369725000,97908,2227177800,21174896,31.44
21/02/2024,14106,320794300,23(1.32 %),19100,434160000,4994,113365700,21174324,31.44
22/02/2024,1200,27160000,22.9(-0.43 %),2100,47890000,900,20730000,21174324,31.44
23/02/2024,-11600,-262360000,22.55(-1.53 %),14200,322580000,25800,584940000,21282270,34.49
26/02/2024,8600,194620000,22.6(0.22 %),8600,194620000,0,0,21253226,31.37
27/02/2024,17540,401654000,23(1.77 %),17800,407595000,260,5941000,21256130,34.51
28/02/2024,-8700,-200620000,23.2(0.87 %),8900,204180000,17600,404800000,21264830,34.5
29/02/2024,3900,89005000,23(-0.86 %),6100,139605000,2200,50600000,21246486,31.38
01/03/2024,14400,332315000,23.15(0.65 %),20400,471215000,6000,138900000,21226086,34.54
04/03/2024,21358,500251350,23.35(0.86 %),37201,870358400,15843,370107050,21204728,34.56
05/03/2024,1200,28105000,23.45(0.43 %),5300,123950000,4100,95845000,21209384,31.41
06/03/2024,-13395,-315122250,23.1(-1.49 %),5,117750,13400,315240000,21216923,34.55
07/03/2024,-17600,-404720000,23.4(0.00 %),3500,81920000,21100,486640000,21234523,34.53
08/03/2024,3006,70803700,23.4(0.00 %),3906,91983700,900,21180000,21231517,34.53
11/03/2024,-2400,-55850000,23.15(-1.07 %),2700,63105000,5100,118955000,21233917,34.53
12/03/2024,6100,140535000,23.15(0.00 %),6300,145135000,200,4600000,21248316,31.38
13/03/2024,9900,229235000,23.2(0.22 %),12300,284560000,2400,55325000,21241186,31.38
14/03/2024,24800,580420000,23.8(2.59 %),29800,696720000,5000,116300000,21216386,34.55
15/03/2024,-23900,-581605000,24.45(2.73 %),2200,52935000,26100,634540000,21240286,34.52
18/03/2024,-30200,-713750000,23.8(-2.66 %),3700,88670000,33900,802420000,21213186,31.41
19/03/2024,9100,208945000,23.4(-1.68 %),24900,579410000,15800,370465000,21214386,31.41
20/03/2024,-24100,-567100000,23.7(1.28 %),300,7050000,24400,574150000,21285486,34.48
21/03/2024,1100,25925000,23.85(0.63 %),3000,71195000,1900,45270000,21284386,34.48
22/03/2024,500,13205000,24.2(1.47 %),5900,142055000,5400,128850000,21283886,34.48
25/03/2024,-8700,-215820000,24.3(0.41 %),5300,129030000,14000,344850000,21275986,31.36
26/03/2024,23800,583065000,24.55(1.03 %),32200,789725000,8400,206660000,21245186,34.52
27/03/2024,1000,24700000,24.75(0.81 %),1100,27170000,100,2470000,21262182,31.37
28/03/2024,-7000,-172215000,24.6(-0.61 %),200,4925000,7200,177140000,21270472,31.36
29/03/2024,4600,112110000,24.6(0.00 %),6000,146005000,1400,33895000,21264572,31.37
01/04/2024,-5600,-137235000,24.45(-0.61 %),1300,31655000,6900,168890000,21270492,31.36
02/04/2024,2900,70825000,24.6(0.61 %),3000,73265000,100,2440000,21261672,34.5
03/04/2024,4000,98255000,24.4(-0.81 %),6800,166975000,2800,68720000,21269042,31.36
04/04/2024,-9700,-235620000,24.25(-0.61 %),0,0,9700,235620000,21267372,34.5
05/04/2024,-6400,-153360000,23.85(-1.65 %),2800,67440000,9200,220800000,21269142,31.36
08/04/2024,0,0,23.55(-1.26 %),0,0,0,0,21273772,34.49
09/04/2024,-2400,-57100000,23.75(0.85 %),1400,32580000,3800,89680000,21276172,34.49
10/04/2024,-5200,-122750000,23.55(-0.84 %),0,0,5200,122750000,21281372,34.49
11/04/2024,-1600,-37605000,23.55(0.00 %),1400,32610000,3000,70215000,21289062,31.35
12/04/2024,-5600,-132415000,23.65(0.42 %),0,0,5600,132415000,21294312,31.34
15/04/2024,-5200,-124870000,22.8(-3.59 %),9100,209510000,14300,334380000,21293772,34.48
16/04/2024,-5400,-125920000,22.4(-1.75 %),9700,214010000,15100,339930000,21299172,34.47
17/04/2024,-5300,-119675000,22.6(0.89 %),1000,22600000,6300,142275000,21299072,34.47
19/04/2024,-44500,-1001935000,22.85(1.11 %),2600,58590000,47100,1060525000,21343572,34.43
22/04/2024,-24800,-567935000,22.9(0.22 %),2000,45700000,26800,613635000,21314316,31.32
23/04/2024,-3900,-89670000,23(0.44 %),0,0,3900,89670000,21361428,31.29
24/04/2024,-1000,-23140000,23.15(0.65 %),0,0,1000,23140000,21373272,34.4
25/04/2024,-1200,-27775000,23(-0.65 %),0,0,1200,27775000,21374472,34.4
26/04/2024,-2300,-52750000,23(0.00 %),400,9220000,2700,61970000,21392728,31.26
02/05/2024,-2800,-64405000,23(0.00 %),3200,73620000,6000,138025000,21390728,31.26
03/05/2024,7100,163245000,23(0.00 %),10000,230000000,2900,66755000,21383428,31.27
06/05/2024,-1600,-37220000,23.5(2.17 %),0,0,1600,37220000,21389428,31.26
07/05/2024,-2600,-62680000,24.1(2.55 %),9300,221305000,11900,283985000,21383028,31.27
08/05/2024,-3300,-78940000,23.75(-1.45 %),0,0,3300,78940000,21384628,31.27
09/05/2024,-3600,-85835000,23.75(0.00 %),100,2375000,3700,88210000,21396448,31.26
10/05/2024,-11000,-263430000,23.75(0.00 %),0,0,11000,263430000,21399748,31.25
13/05/2024,-600,-13980000,23.6(-0.63 %),700,16605000,1300,30585000,21402748,31.25
14/05/2024,-8400,-196610000,23.6(0.00 %),1000,23600000,9400,220210000,21416727,34.36
15/05/2024,-2600,-61360000,23.5(-0.42 %),100,2360000,2700,63720000,21419327,34.36
16/05/2024,-700,-16590000,23.6(0.43 %),300,7050000,1000,23640000,21420027,34.36
17/05/2024,-1800,-42530000,23.6(0.00 %),0,0,1800,42530000,21425828,31.23
20/05/2024,-16000,-398545000,24.9(5.51 %),12900,309420000,28900,707965000,21413928,31.24
21/05/2024,-12200,-306570000,24.85(-0.20 %),1100,27450000,13300,334020000,21414628,31.24
22/05/2024,-6300,-156120000,24.45(-1.61 %),0,0,6300,156120000,21443528,31.22
23/05/2024,-42200,-1055530000,26.15(6.95 %),9000,230905000,51200,1286435000,21447880,31.21
24/05/2024,-186300,-4826365000,26(-0.57 %),28200,739520000,214500,5565885000,21684127,34.12
27/05/2024,10000,270330000,27.1(4.23 %),34500,927405000,24500,657075000,21442680,31.22
28/05/2024,110000,3034775000,27.6(1.85 %),163100,4497030000,53100,1462255000,21494080,31.18
29/05/2024,32900,903405000,26.9(-2.54 %),40400,1110350000,7500,206945000,21478202,31.19
30/05/2024,60200,1606870000,26.9(0.00 %),60900,1625645000,700,18775000,21470450,31.19
31/05/2024,-11100,-299490000,26.6(-1.12 %),5200,138520000,16300,438010000,21472812,31.19
03/06/2024,24800,661920000,26.7(0.38 %),38300,1024220000,13500,362300000,21472813,34.31
04/06/2024,-103600,-2795505000,27(1.12 %),6500,174500000,110100,2970005000,21576413,34.22
05/06/2024,-236000,-6478890000,27.4(1.48 %),1000,28000000,237000,6506890000,21812413,34.0
06/06/2024,-31800,-866320000,26.9(-1.82 %),6800,184295000,38600,1050615000,21560893,31.12
07/06/2024,-56200,-1510280000,26.6(-1.12 %),1200,31950000,57400,1542230000,21796773,30.92
10/06/2024,-8200,-218590000,26.4(-0.75 %),500,13190000,8700,231780000,21804973,34.01
11/06/2024,-19500,-500405000,25.25(-2.51 %),4100,106950000,23600,607355000,21560893,31.12
12/06/2024,25600,648335000,25.75(1.98 %),31100,788380000,5500,140045000,21865773,30.87
13/06/2024,0,0,25.75(0.00 %),0,0,0,0,21889373,30.85
14/06/2024,-14900,-384490000,25.2(-2.14 %),2400,61080000,17300,445570000,21892473,30.84
17/06/2024,-27000,-672170000,25.6(1.59 %),10000,252400000,37000,924570000,21884073,30.85
18/06/2024,-50347,-1285751200,25.6(0.00 %),10000,258000000,60347,1543751200,21891373,30.85
19/06/2024,-32050,-823249500,25.65(0.20 %),1600,40960000,33650,864209500,21926773,30.82
20/06/2024,17900,470330000,26.5(3.31 %),44200,1168060000,26300,697730000,21942920,30.8
21/06/2024,-15197,-404250500,26.5(0.00 %),0,0,15197,404250500,21976570,30.78
24/06/2024,-44100,-1116115000,25(-5.66 %),400,10580000,44500,1126695000,22002470,30.75
25/06/2024,-22236,-553396700,24.75(-1.00 %),3000,75600000,25236,628996700,22014667,30.74
26/06/2024,-3466,-87095100,25.5(3.03 %),10834,271689900,14300,358785000,22053633,30.71
27/06/2024,-28740,-753509000,25.8(1.18 %),9900,258025000,38640,1011534000,22068969,30.7
28/06/2024,10700,261020000,25.05(-2.91 %),28200,710820000,17500,449800000,22055069,30.71
04/07/2024,67100,1746880000,26.1(1.16 %),70800,1842645000,3700,95765000,21980319,0.0
05/07/2024,6100,159395000,26.1(0.00 %),8900,232335000,2800,72940000,21974219,0.0
08/07/2024,-3600,-96250000,26.5(1.53 %),11400,298915000,15000,395165000,21977819,0.0
09/07/2024,-68200,-1853135000,26.45(-0.19 %),16800,455965000,85000,2309100000,22046019,0.0
10/07/2024,-11700,-309930000,26.25(-0.76 %),3400,89150000,15100,399080000,22057719,0.0
11/07/2024,-48900,-1280020000,26.05(-0.76 %),0,0,48900,1280020000,22106619,0.0
12/07/2024,-3700,-94940000,26.55(1.92 %),68000,1804515000,71700,1899455000,22110319,0.0
15/07/2024,32600,868375000,26.6(0.19 %),40700,1083960000,8100,215585000,22077719,0.0
16/07/2024,61400,1656785000,26.8(0.75 %),66900,1804595000,5500,147810000,22016319,0.0
17/07/2024,-7400,-199020000,25.25(-5.78 %),47300,1243890000,54700,1442910000,22023719,0.0
18/07/2024,105100,2688855000,25.95(2.77 %),126800,3242385000,21700,553530000,21918619,0.0
19/07/2024,-4600,-118295000,25.2(-2.89 %),800,20320000,5400,138615000,21923219,0.0
22/07/2024,-56500,-1391690000,24.1(-4.37 %),12500,304885000,69000,1696575000,21979719,0.0
23/07/2024,-37100,-901060000,24.05(-0.21 %),17200,420255000,54300,1321315000,22016819,0.0
24/07/2024,-24700,-585580000,24.2(0.62 %),28700,692390000,53400,1277970000,22041519,0.0
25/07/2024,-12500,-302480000,24.1(-0.41 %),7900,191330000,20400,493810000,22054019,0.0
26/07/2024,14600,354920000,24.35(1.04 %),19800,481520000,5200,126600000,22039419,0.0
29/07/2024,-19300,-475240000,24.5(0.62 %),30000,736270000,49300,1211510000,22058719,0.0
30/07/2024,-19300,-475240000,24.45(-0.20 %),30000,736270000,49300,1211510000,22078019,0.0
31/07/2024,-6200,-152260000,24.45(0.00 %),1000,24150000,7200,176410000,22084219,0.0
01/08/2024,-14300,-343755000,23.6(-3.48 %),0,0,14300,343755000,22008307,0.0
02/08/2024,-40100,-945350000,23.8(0.85 %),5100,120110000,45200,1065460000,22048407,0.0
05/08/2024,-139500,-3132095000,22.7(-4.62 %),24300,557490000,163800,3689585000,22187907,0.0
06/08/2024,4200,95435000,23.25(2.42 %),6700,152900000,2500,57465000,22183707,0.0
07/08/2024,-300,-11695000,23.3(0.22 %),18700,430945000,19000,442640000,22184007,0.0
08/08/2024,-9200,-214580000,23.35(0.21 %),5000,115500000,14200,330080000,22193207,0.0
09/08/2024,-26800,-624965000,23.35(0.00 %),6100,141835000,32900,766800000,22220007,0.0
12/08/2024,13100,307480000,23.5(0.64 %),14200,333275000,1100,25795000,22206907,0.0
13/08/2024,-12500,-293340000,23.6(0.43 %),2200,51945000,14700,345285000,22219407,0.0
14/08/2024,-53400,-1260135000,23.6(0.00 %),500,11800000,53900,1271935000,22272807,0.0
15/08/2024,-36900,-877265000,24.3(2.97 %),21600,522405000,58500,1399670000,22309707,0.0
16/08/2024,-26500,-649520000,24.55(1.03 %),0,0,26500,649520000,22336207,0.0
19/08/2024,-22900,-563425000,24.55(0.00 %),1200,29410000,24100,592835000,22359107,0.0
20/08/2024,-36700,-903635000,24.8(1.02 %),1600,39515000,38300,943150000,22395807,0.0
21/08/2024,-19600,-486940000,24.7(-0.40 %),2600,64150000,22200,551090000,22415407,0.0
22/08/2024,-33900,-844265000,25.05(1.42 %),1900,47615000,35800,891880000,22449307,0.0
23/08/2024,-28900,-722720000,25.05(0.00 %),0,0,28900,722720000,22478207,0.0
26/08/2024,-1700,-44305000,24.4(-2.59 %),2900,70760000,4600,115065000,22479907,0.0
27/08/2024,-25600,-625365000,24.6(0.82 %),2200,53890000,27800,679255000,22505507,0.0
28/08/2024,900,22190000,24.4(-0.81 %),900,22190000,0,0,22504607,0.0
29/08/2024,-17300,-420550000,24.25(-0.61 %),0,0,17300,420550000,22521907,0.0
30/08/2024,-10300,-250290000,24.25(0.00 %),0,0,10300,250290000,22532207,0.0
04/09/2024,4700,111700000,23.95(-1.24 %),5400,128325000,700,16625000,22535688,0.0
05/09/2024,4100,97675000,23.8(-0.63 %),6500,155140000,2400,57465000,22531588,0.0
06/09/2024,-31500,-748190000,23.8(0.00 %),0,0,31500,748190000,22563088,0.0
09/09/2024,-30800,-726365000,23.6(-0.84 %),4300,101480000,35100,827845000,22593888,0.0
10/09/2024,-24600,-582770000,23.4(-0.85 %),5300,124280000,29900,707050000,22618488,0.0
11/09/2024,-62800,-1445595000,22.95(-1.92 %),20000,459705000,82800,1905300000,22681288,0.0
12/09/2024,-3100,-69760000,22.5(-1.96 %),4800,108810000,7900,178570000,22684388,0.0
13/09/2024,-9200,-209390000,22.85(1.56 %),0,0,9200,209390000,22693588,0.0
16/09/2024,-5300,-119850000,22.5(-1.53 %),5700,128755000,11000,248605000,22698888,0.0
17/09/2024,111300,2501695000,22.6(0.44 %),111600,2508475000,300,6780000,22587588,0.0
18/09/2024,-2700,-60790000,22.75(0.66 %),1200,27350000,3900,88140000,22590288,0.0
19/09/2024,-45500,-1032990000,22.8(0.22 %),4500,102150000,50000,1135140000,22635788,0.0
20/09/2024,-65600,-1499490000,22.8(0.00 %),500,11400000,66100,1510890000,22701388,0.0
23/09/2024,-8000,-182420000,22.7(-0.44 %),1200,27370000,9200,209790000,22709388,0.0
24/09/2024,-2900,-66120000,22.8(0.44 %),0,0,2900,66120000,22712288,0.0
25/09/2024,33200,758460000,22.8(0.00 %),33200,758460000,0,0,22679088,0.0
26/09/2024,13200,301285000,22.75(-0.22 %),19400,442645000,6200,141360000,22665888,0.0
27/09/2024,11000,249750000,22.75(0.00 %),31000,705750000,20000,456000000,22654888,0.0
30/09/2024,-24400,-552035000,22.75(0.00 %),109500,2488970000,133900,3041005000,22679288,0.0
01/10/2024,148000,3520700000,23.95(5.27 %),165300,3916240000,17300,395540000,22548513,0.0
02/10/2024,37300,894080000,23.4(-2.30 %),111800,2662195000,74500,1768115000,22511213,0.0
03/10/2024,40400,862840000,21.3(0.14 %),40900,873590000,500,10750000,22470813,0.0
04/10/2024,15700,336875000,21.55(1.17 %),66000,1418385000,50300,1081510000,22455113,0.0
07/10/2024,23200,498840000,21.5(-0.23 %),63200,1358885000,40000,860045000,22431913,0.0
08/10/2024,38600,825820000,21.5(0.00 %),54900,1176210000,16300,350390000,22393313,0.0
09/10/2024,3500,74660000,21.5(0.00 %),39100,840015000,35600,765355000,22389813,0.0
10/10/2024,-3800,-81080000,21.35(-0.70 %),18500,397830000,22300,478910000,22393613,0.0
11/10/2024,-68100,-1437440000,21.2(-0.70 %),4700,98710000,72800,1536150000,22461713,0.0
14/10/2024,-3500,-73710000,21.3(0.47 %),1300,27610000,4800,101320000,22465213,0.0
15/10/2024,-28500,-603835000,21.2(-0.47 %),700,14840000,29200,618675000,22493713,0.0
16/10/2024,-2600,-54645000,21(-0.94 %),200,4200000,2800,58845000,22496313,0.0
17/10/2024,-5600,-116535000,20.95(-0.24 %),0,0,5600,116535000,22501913,0.0
18/10/2024,-200,-4210000,21(0.24 %),0,0,200,4210000,22502113,0.0
21/10/2024,800,16690000,21(0.00 %),2000,42100000,1200,25410000,22501313,0.0
22/10/2024,-600,-12370000,20.65(-1.67 %),800,16800000,1400,29170000,22501913,0.0
23/10/2024,1700,35090000,20.7(0.24 %),2100,43360000,400,8270000,22500213,0.0
24/10/2024,-200,-4095000,20.45(-1.21 %),300,6180000,500,10275000,22500413,0.0
25/10/2024,-13800,-280715000,20(-2.20 %),1400,28605000,15200,309320000,22514213,0.0
28/10/2024,-55400,-1145275000,20.9(4.50 %),18800,389075000,74200,1534350000,22569613,0.0
29/10/2024,-3100,-66220000,21.5(2.87 %),1000,21350000,4100,87570000,22572713,0.0
30/10/2024,-67700,-1456560000,21.25(-1.16 %),2700,57730000,70400,1514290000,22640413,0.0
31/10/2024,3700,77895000,21.2(-0.24 %),4600,96750000,900,18855000,22636713,0.0
01/11/2024,1500,31500000,20.95(-1.18 %),8100,170100000,6600,138600000,24822601,0.0
04/11/2024,18000,371535000,20.8(-0.72 %),22500,465385000,4500,93850000,24804601,0.0
05/11/2024,27300,564600000,20.8(0.00 %),28200,583255000,900,18655000,24777301,0.0
06/11/2024,16900,353525000,20.9(0.48 %),26600,556645000,9700,203120000,24760401,0.0
07/11/2024,10700,222410000,20.75(-0.72 %),12700,264010000,2000,41600000,24749701,0.0
08/11/2024,1500,31090000,20.85(0.48 %),2400,49820000,900,18730000,24748201,0.0
11/11/2024,-8000,-164365000,20.5(-1.68 %),0,0,8000,164365000,24756201,0.0
12/11/2024,-24600,-503350000,20.5(0.00 %),2000,41015000,26600,544365000,25051834,30.11
13/11/2024,-71200,-1402505000,20.3(-0.98 %),1300,26110000,72500,1428615000,24852001,0.0
14/11/2024,-3000,-60890000,20.2(-0.49 %),0,0,3000,60890000,24855001,0.0
15/11/2024,53900,1092535000,20.3(0.50 %),59000,1195045000,5100,102510000,24801101,0.0
18/11/2024,2100,42605000,20.35(0.25 %),2200,44635000,100,2030000,24799001,0.0
19/11/2024,4800,97770000,20.25(-0.49 %),4800,97770000,0,0,24794201,0.0
20/11/2024,4600,93370000,20.15(-0.49 %),7300,147850000,2700,54480000,24789601,0.0
21/11/2024,5500,111950000,20.2(0.25 %),5800,118080000,300,6130000,24784101,0.0
22/11/2024,-900,-18385000,20.15(-0.25 %),100,2015000,1000,20400000,24785001,0.0
25/11/2024,2400,49060000,20.55(1.99 %),3100,63380000,700,14320000,24851186,30.26
26/11/2024,200,4070000,20.5(-0.24 %),500,10250000,300,6180000,24851686,30.26
27/11/2024,-2000,-41000000,20.5(0.00 %),0,0,2000,41000000,24852386,30.26
28/11/2024,-2300,-47060000,20.35(-0.73 %),0,0,2300,47060000,24852686,30.26
29/11/2024,0,580000,21.25(4.42 %),12500,263560000,12500,262980000,24842196,30.27
02/12/2024,-9800,-207885000,20.85(-1.88 %),0,0,9800,207885000,24844496,30.27
03/12/2024,-74300,-1592650000,21.5(3.12 %),5300,111965000,79600,1704615000,24851696,30.26
04/12/2024,-53700,-1130190000,21.15(-1.63 %),2400,51125000,56100,1181315000,24859096,30.26
05/12/2024,-2100,-47455000,21.3(0.71 %),4800,100205000,6900,147660000,24933896,30.2
09/12/2024,-21200,-445355000,21.2(-0.24 %),3600,75920000,24800,521275000,24984776,30.16
10/12/2024,-10700,-226975000,21.15(-0.24 %),2600,54975000,13300,281950000,25033234,30.13
16/12/2024,3700,77745000,20.85(-0.71 %),7300,153045000,3600,75300000,25058434,30.11
17/12/2024,-900,-18925000,20.85(0.00 %),0,0,900,18925000,25065361,30.1
18/12/2024,-10100,-210655000,20.9(0.24 %),0,0,10100,210655000,25068961,30.1
19/12/2024,-8800,-183285000,20.9(0.00 %),2800,58255000,11600,241540000,25067061,30.1
20/12/2024,-9300,-194590000,21.4(2.39 %),600,12570000,9900,207160000,25076561,30.09
24/12/2024,0,0,21.5(-2.05 %),0,0,0,0,25087811,30.09
25/12/2024,-54100,-1185385000,21.6(0.47 %),4100,89990000,58200,1275375000,25209081,29.99
26/12/2024,-6800,-147900000,21.75(0.69 %),300,6540000,7100,154440000,25210510,29.99
27/12/2024,5600,120270000,21.45(-1.38 %),6000,128930000,400,8660000,25262710,29.95
30/12/2024,-90600,-1901645000,21.25(-0.93 %),600,12775000,91200,1914420000,25269210,29.95
31/12/2024,100,2100000,21(-1.18 %),100,2100000,0,0,25269510,29.95
02/01/2025,-17600,-369875000,21.1(0.48 %),0,0,17600,369875000,25360710,29.88
03/01/2025,500,9585000,20.45(-3.08 %),2000,40935000,1500,31350000,25358710,29.88
06/01/2025,15200,309800000,20(-2.20 %),15200,309800000,0,0,25361190,29.88
07/01/2025,-12200,-244670000,20(0.00 %),2100,42235000,14300,286905000,25361190,29.88
08/01/2025,1400,28075000,20.5(2.50 %),3000,60340000,1600,32265000,25357595,29.88
09/01/2025,1600,32480000,20.35(-0.73 %),1600,32480000,0,0,25370295,29.87
10/01/2025,2300,45925000,20(-1.72 %),2700,54045000,400,8120000,25369195,29.87
13/01/2025,105100,2100615000,20.3(1.50 %),112900,2255955000,7800,155340000,25256295,29.96
14/01/2025,-2900,-58870000,20.15(-0.74 %),0,0,2900,58870000,25256695,29.96
15/01/2025,-3000,-61150000,20.5(1.74 %),0,0,3000,61150000,25264495,29.95
16/01/2025,-300,-6140000,20.7(0.98 %),100,2050000,400,8190000,25264795,0.0
17/01/2025,1700,35025000,20.5(-0.97 %),1900,39165000,200,4140000,25268436,29.95
20/01/2025,5900,121890000,20.4(-0.49 %),5900,121890000,0,0,25262936,29.95
21/01/2025,-1700,-35135000,20.25(-0.74 %),600,12180000,2300,47315000,25262536,29.95
22/01/2025,-100,-2040000,20.15(-0.49 %),0,0,100,2040000,25262536,29.95
23/01/2025,-4400,-88715000,20.35(0.99 %),2100,42475000,6500,131190000,25262736,29.95
24/01/2025,-21200,-434620000,20.55(0.98 %),200,4095000,21400,438715000,25262636,29.95
03/02/2025,500,10255000,0(0.00 %),1000,20455000,500,10200000,25268230,29.95
04/02/2025,7600,155870000,20.5(0.49 %),7600,155870000,0,0,25282030,29.94
05/02/2025,-31900,-652465000,20.45(-0.24 %),800,16385000,32700,668850000,25281730,29.94
06/02/2025,-17100,-350170000,20.7(1.22 %),4000,82060000,21100,432230000,25277730,29.94
07/02/2025,1900,39770000,20.9(0.97 %),3200,67090000,1300,27320000,25307230,29.92
10/02/2025,-2600,-54000000,20.65(-1.20 %),1000,20700000,3600,74700000,25327330,29.91
11/02/2025,2800,57920000,20.6(-0.24 %),2800,57920000,0,0,25325830,29.91
12/02/2025,2000,41295000,21.1(2.43 %),2000,41295000,0,0,25327472,29.91
13/02/2025,-14800,-311310000,21(-0.47 %),1800,37720000,16600,349030000,25325672,29.91
14/02/2025,3300,69600000,21(0.00 %),3900,82275000,600,12675000,25321772,29.91
17/02/2025,3000,62990000,21(0.00 %),7700,161220000,4700,98230000,25330672,29.9
18/02/2025,-52100,-1103550000,21.8(3.81 %),6400,135600000,58500,1239150000,25324872,29.91
19/02/2025,-45700,-992185000,21.65(-0.69 %),1500,32465000,47200,1024650000,25328161,29.9
20/02/2025,9500,205185000,21.7(0.23 %),29600,642455000,20100,437270000,25357061,29.88
21/02/2025,3300,70405000,21.6(-0.46 %),11000,238165000,7700,167760000,25393263,29.86
24/02/2025,-22900,-498035000,21.65(0.23 %),9400,203905000,32300,701940000,25403997,29.85
25/02/2025,-55000,-1195545000,21.85(0.92 %),6000,130055000,61000,1325600000,25405697,29.85
26/02/2025,-22700,-496310000,21.95(0.46 %),9100,201130000,31800,697440000,25428897,29.83
27/02/2025,1300,28505000,21.95(0.00 %),1600,35105000,300,6600000,25488297,29.78
28/02/2025,-43800,-942855000,21.3(-2.96 %),6800,147610000,50600,1090465000,25513297,29.77
03/03/2025,8100,174230000,21.5(0.94 %),8300,178510000,200,4280000,25505297,29.77
04/03/2025,1300,27785000,21.3(-0.93 %),1300,27785000,0,0,25554647,29.73
05/03/2025,5400,114660000,21(-1.41 %),5400,114660000,0,0,25549447,29.74
06/03/2025,-9000,-190475000,21.2(0.95 %),2000,42200000,11000,232675000,25547447,29.74
07/03/2025,800,16920000,21.2(0.00 %),800,16920000,0,0,25546647,29.74
10/03/2025,-900,-19500000,20.95(-1.18 %),5900,123660000,6800,143160000,25551747,29.74
11/03/2025,-5200,-109525000,20.95(0.00 %),200,4250000,5400,113775000,25551747,29.74
12/03/2025,-1100,-23305000,21.25(1.43 %),100,2090000,1200,25395000,25558359,29.73
13/03/2025,-1353,-27091250,20.9(-1.65 %),16300,344335000,17653,371426250,25547535,29.74
14/03/2025,900,17690000,21.05(0.72 %),13000,271655000,12100,253965000,25535735,29.75
17/03/2025,-1900,-40450000,21.1(0.24 %),0,0,1900,40450000,25553388,29.74
18/03/2025,6300,135430000,21.55(2.13 %),6800,146185000,500,10755000,25558688,29.73
19/03/2025,-2800,-60200000,21.5(-0.23 %),0,0,2800,60200000,25560588,29.73
20/03/2025,-6100,-130410000,21.25(-1.16 %),0,0,6100,130410000,25561088,29.73
21/03/2025,-5900,-125810000,21.4(0.71 %),0,0,5900,125810000,25563888,29.73
24/03/2025,-2200,-46880000,21.15(-1.17 %),500,10615000,2700,57495000,25569409,29.72
25/03/2025,-5300,-112195000,21.4(1.18 %),0,0,5300,112195000,25575309,29.72
26/03/2025,6600,140650000,21.3(-0.47 %),7300,155615000,700,14965000,25570709,29.72
27/03/2025,2200,46925000,21.35(0.23 %),3600,77160000,1400,30235000,25572535,29.72
28/03/2025,-1200,-25540000,21.25(-0.47 %),200,4280000,1400,29820000,25573035,29.72
31/03/2025,16600,352620000,21.25(0.00 %),18400,390980000,1800,38360000,25555835,29.73
01/04/2025,-100,-2125000,21.2(-0.24 %),0,0,100,2125000,25557235,29.73
02/04/2025,-4900,-104570000,21.3(0.47 %),900,19160000,5800,123730000,25558135,29.73
03/04/2025,-43200,-869650000,19.85(-6.81 %),3000,60395000,46200,930045000,25554235,29.73
04/04/2025,-11900,-224755000,19.85(0.00 %),3400,63325000,15300,288080000,25556635,29.73
08/04/2025,68500,1278310000,18.5(-6.80 %),90300,1687165000,21800,408855000,25512578,29.77
09/04/2025,44400,834290000,18.5(0.00 %),58100,1092870000,13700,258580000,25469692,29.8
10/04/2025,6900,136275000,19.75(6.76 %),6900,136275000,0,0,25483372,29.79
11/04/2025,21700,427545000,20.2(2.28 %),29500,581825000,7800,154280000,25467593,29.8
14/04/2025,17100,345680000,20.55(1.73 %),31100,628480000,14000,282800000,25436462,29.82
15/04/2025,81600,1666375000,20.45(-0.49 %),83600,1707200000,2000,40825000,25360662,29.88
16/04/2025,27300,559090000,20.55(0.49 %),27300,559090000,0,0,25347362,29.89
17/04/2025,16100,329390000,20.75(0.97 %),22600,464265000,6500,134875000,25326762,29.91
18/04/2025,-36800,-764365000,20.8(0.24 %),5200,108235000,42000,872600000,25321562,29.91
21/04/2025,19100,394535000,20.65(-0.72 %),19100,394535000,0,0,25308662,29.92
22/04/2025,38100,776805000,20.55(-0.48 %),41700,850660000,3600,73855000,25308962,29.92
23/04/2025,18700,385865000,20.65(0.49 %),18700,385865000,0,0,25290262,29.93
24/04/2025,39100,817395000,21.15(2.42 %),39600,827850000,500,10455000,25254262,29.96
25/04/2025,34900,740035000,21.25(0.47 %),35000,742155000,100,2120000,25219262,29.99
28/04/2025,52800,1130445000,21.5(1.18 %),52800,1130445000,0,0,25167004,30.03
29/04/2025,161700,3492590000,21.6(0.47 %),161700,3492590000,0,0,25005404,30.15
05/05/2025,175100,3792345000,21.75(0.69 %),175100,3798870000,0,6525000,24830604,30.28
06/05/2025,77900,1712165000,22(1.15 %),98000,2154365000,20100,442200000,24752653,30.34
07/05/2025,32100,699240000,21.9(-0.45 %),33500,730040000,1400,30800000,24720595,30.36
08/05/2025,73800,1615635000,21.9(0.00 %),73800,1615635000,0,0,24646795,30.42
09/05/2025,-19300,-413620000,21.5(-1.83 %),41700,892380000,61000,1306000000,24646795,30.42
12/05/2025,-2400,-51240000,21.3(-0.93 %),0,0,2400,51240000,24646795,30.42
13/05/2025,-4300,-92685000,21.5(0.94 %),0,0,4300,92685000,24666095,30.4
14/05/2025,-3000,-64215000,21.5(0.00 %),200,4250000,3200,68465000,24668495,30.4
15/05/2025,3500,10715000,21.4(-0.47 %),3500,74940000,0,64225000,24672295,30.4
16/05/2025,0,-42500000,21.2(-0.93 %),0,0,0,42500000,24675295,30.4
19/05/2025,0,-48640000,21.25(0.24 %),0,0,0,48640000,24675295,30.4
20/05/2025,0,-29600000,21.25(0.00 %),0,0,0,29600000,24677295,30.4
21/05/2025,0,-38170000,21.1(-0.71 %),0,0,0,38170000,24679595,30.39
22/05/2025,0,-59075000,21(-0.47 %),0,0,0,59075000,24680995,30.39
23/05/2025,2000,42200000,21.1(0.48 %),2000,42200000,0,0,24680795,30.39
26/05/2025,0,-110220000,21.35(1.18 %),0,0,0,110220000,24683595,30.39
27/05/2025,-17900,-391485000,21.9(2.58 %),0,0,17900,391485000,24683595,30.39
28/05/2025,0,-41310000,21.65(-1.14 %),0,0,0,41310000,24688795,30.39
29/05/2025,7000,65583800,21.35(-1.39 %),7000,149500000,0,83916200,24703599,30.38
30/05/2025,0,-53395000,21.15(-0.94 %),0,0,0,53395000,24705499,30.37
02/06/2025,15600,282580000,21.05(-0.47 %),15600,324780000,0,42200000,24691899,30.38
03/06/2025,0,-21084250,21.1(0.24 %),0,0,0,21084250,24694399,30.38
04/06/2025,500,-15189000,21.65(2.61 %),500,10670000,0,25859000,24694399,30.38
05/06/2025,100,-43645000,21.95(1.39 %),100,2165000,0,45810000,24695391,30.38
06/06/2025,0,-126055000,21.2(-1.17 %),0,0,0,126055000,24696108,30.38
09/06/2025,1000,-219400000,21.2(0.00 %),1000,21100000,0,240500000,24698108,30.38
10/06/2025,0,-95105000,21.15(-0.24 %),0,0,0,95105000,24704008,30.38
11/06/2025,-3400,-71980000,21.15(0.00 %),0,0,3400,71980000,24714308,30.37
12/06/2025,-3400,-71520000,21(-0.71 %),500,10530000,3900,82050000,24718808,30.36
13/06/2025,-15700,-324940000,20.7(-1.43 %),0,0,15700,324940000,24722208,30.36
16/06/2025,-14800,-320370000,21.45(3.62 %),8700,184985000,23500,505355000,24725608,30.36
17/06/2025,-26400,-562390000,21.45(0.00 %),0,0,26400,562390000,24741375,30.35
18/06/2025,2400,51325000,21.2(-1.17 %),2400,51325000,0,0,24753775,30.34
19/06/2025,100,2115000,21.2(0.00 %),100,2115000,0,0,24780135,30.32
20/06/2025,-3300,-69590000,21.2(0.00 %),0,0,3300,69590000,24780135,30.32
23/06/2025,-3600,-75600000,21(-0.94 %),100,2105000,3700,77705000,24780135,30.32
24/06/2025,3100,63880000,21.2(0.95 %),10000,209500000,6900,145620000,24780335,30.32
25/06/2025,-6400,-135040000,21.1(-0.47 %),0,0,6400,135040000,24783935,30.32
26/06/2025,-6100,-127450000,20.85(-1.18 %),300,6300000,6400,133750000,24783935,30.32
27/06/2025,-3200,-67015000,20.85(0.00 %),1200,25020000,4400,92035000,24790335,30.31
30/06/2025,-3300,-68860000,20.85(0.00 %),600,12510000,3900,81370000,24796435,30.31
01/07/2025,1400,28805000,20.85(0.00 %),5500,114985000,4100,86180000,24798235,30.3
02/07/2025,-3600,-75070000,20.95(0.48 %),100,2080000,3700,77150000,24801535,30.3
03/07/2025,-3600,-75130000,20.8(-0.72 %),400,8330000,4000,83460000,24801535,30.3
04/07/2025,-5900,-123470000,21(0.96 %),0,0,5900,123470000,24805135,30.3
07/07/2025,14900,312575000,20.9(-0.48 %),15300,320950000,400,8375000,24793835,30.31
08/07/2025,-5300,-112040000,21.35(2.15 %),500,10600000,5800,122640000,24799735,30.3
09/07/2025,-2900,-61900000,21.35(0.00 %),300,6405000,3200,68305000,24798835,30.3
10/07/2025,-10600,-225215000,21.2(-0.70 %),700,14850000,11300,240065000,24798835,30.3
11/07/2025,-600,-12640000,21.05(-0.71 %),700,14830000,1300,27470000,24807035,30.3
14/07/2025,-3500,-73150000,21(-0.24 %),100,2090000,3600,75240000,24817635,30.29
15/07/2025,5000,104850000,21(0.00 %),8800,184810000,3800,79960000,24813241,30.29
16/07/2025,-200,-4195000,20.95(-0.24 %),200,4190000,400,8385000,24815241,30.29
17/07/2025,-5300,-110930000,20.9(-0.24 %),100,2100000,5400,113030000,24815241,30.29
18/07/2025,-1200,-25070000,20.9(0.00 %),1400,29190000,2600,54260000,24815441,30.29
21/07/2025,-600,-12245000,20.6(-1.44 %),5400,112775000,6000,125020000,24820741,30.29
22/07/2025,-4000,-82735000,20.75(0.73 %),500,10300000,4500,93035000,24821991,30.29
23/07/2025,-400,-8255000,20.7(-0.24 %),500,10390000,900,18645000,24822591,30.29
24/07/2025,-3500,-72035000,20.55(-0.72 %),1400,28830000,4900,100865000,24826591,30.28
25/07/2025,47500,973095000,20.65(0.49 %),50000,1025000000,2500,51905000,24779529,30.32
28/07/2025,7700,161010000,21.35(3.39 %),12800,266880000,5100,105870000,24775411,30.32
29/07/2025,2700,53725000,20.6(-3.51 %),12200,255150000,9500,201425000,24772711,30.32
30/07/2025,-24900,-512970000,20.6(0.00 %),300,6210000,25200,519180000,24772711,30.32
31/07/2025,-12800,-263845000,20.6(0.00 %),0,0,12800,263845000,24772711,30.32
01/08/2025,0,0,20.6(0.00 %),0,0,0,0,24797611,30.3
04/08/2025,-20100,-412040000,20.5(-0.49 %),700,14390000,20800,426430000,24810391,30.3
05/08/2025,33500,690925000,20.6(0.49 %),37700,777295000,4200,86370000,24776915,30.32
06/08/2025,-35700,-735195000,20.6(0.00 %),14300,294580000,50000,1029775000,24797015,30.31
07/08/2025,-92100,-1899820000,20.6(0.00 %),7900,163600000,100000,2063420000,24797015,30.31
08/08/2025,-95500,-1973015000,20.9(1.46 %),24500,508975000,120000,2481990000,24832766,30.28
11/08/2025,-201400,-4317515000,21.45(2.63 %),48400,1036180000,249800,5353695000,24924876,30.21
12/08/2025,-191900,-4077975000,21.3(-0.70 %),11100,235620000,203000,4313595000,25020473,30.14
13/08/2025,-309000,-6842835000,22.5(5.63 %),34400,760970000,343400,7603805000,25221873,29.99
14/08/2025,90200,2025485000,22.3(-0.89 %),231700,5212645000,141500,3187160000,25323573,29.91
15/08/2025,-84200,-1854040000,21.8(-2.24 %),73800,1630095000,158000,3484135000,25632573,29.68
18/08/2025,-220600,-5135470000,23.3(6.88 %),183300,4078065000,403900,9213535000,25632573,29.68
19/08/2025,-105000,-2452045000,23.4(0.43 %),44400,1064570000,149400,3516615000,25716773,29.61
20/08/2025,-94400,-2163035000,22.2(-5.13 %),59000,1319880000,153400,3482915000,25937373,29.45
21/08/2025,-147900,-3298745000,22.2(0.00 %),126500,2811855000,274400,6110600000,26042673,29.37
22/08/2025,-79600,-1750915000,21.75(-2.03 %),82900,1800855000,162500,3551770000,26042673,29.37
25/08/2025,-130400,-2800560000,21.6(-0.69 %),127400,2768405000,257800,5568965000,26137082,29.3
