Ngay,KLGDRong,GTDGRong,ThayDoi,KLMua,GtMua,KLBan,GtBan,RoomConLai,DangSoHuu
05/10/2016,0,0,0(0.00 %),0,0,0,0,161697340,0.0
06/10/2016,0,0,0(0.00 %),0,0,0,0,161697340,0.0
07/10/2016,0,0,0(0.00 %),0,0,0,0,161697340,0.0
10/10/2016,0,0,0(0.00 %),0,0,0,0,161697340,0.0
11/10/2016,19000,445550000,0(0.00 %),19000,445550000,0,0,161678340,0.01
12/10/2016,7000,175350000,0(0.00 %),7000,175350000,0,0,161671340,0.01
13/10/2016,30100,806680000,26.8(6.99 %),30100,806680000,0,0,161641240,0.02
14/10/2016,13000,371700000,28.65(6.90 %),13000,371700000,0,0,161628240,0.02
17/10/2016,7390,226680000,30.65(6.98 %),11390,349080000,4000,122400000,161616850,0.02
18/10/2016,14050,460040000,32.75(6.85 %),14050,460040000,0,0,161602800,0.03
19/10/2016,3500,97890000,30.5(-6.87 %),10100,312600000,6600,214710000,161592700,0.03
20/10/2016,-1000,-28400000,28.4(-6.89 %),0,0,1000,28400000,161596700,0.03
21/10/2016,-11390,-302520000,29(2.11 %),11500,313830000,22890,616350000,161585200,0.03
24/10/2016,-43500,-1276580000,29.65(2.24 %),3000,88200000,46500,1364780000,161588800,0.03
25/10/2016,-2000,-58700000,28.45(-4.05 %),1000,28300000,3000,87000000,161588800,0.03
26/10/2016,-8000,-226280000,28.5(0.18 %),4800,128920000,12800,355200000,161606890,0.03
27/10/2016,-2000,-59600000,29.8(4.56 %),0,0,2000,59600000,161653390,0.01
28/10/2016,-10800,-316540000,30.2(1.34 %),0,0,10800,316540000,161656390,0.01
31/10/2016,-1800,-53250000,28.3(-6.29 %),0,0,1800,53250000,161669190,0.01
01/11/2016,-3020,-81840000,28.3(0.00 %),0,0,3020,81840000,161671190,0.01
02/11/2016,0,0,26.35(-6.89 %),0,0,0,0,161681990,0.0
03/11/2016,0,0,24.55(-6.83 %),0,0,0,0,161683790,0.0
04/11/2016,-500,-11850000,23.7(-3.46 %),0,0,500,11850000,161686810,0.0
07/11/2016,0,0,22.05(-6.96 %),0,0,0,0,161686810,0.0
08/11/2016,0,0,23.55(6.80 %),0,0,0,0,161686810,0.0
09/11/2016,8000,191200000,23.85(1.27 %),8000,191200000,0,0,161679310,0.01
10/11/2016,0,0,23.9(0.21 %),0,0,0,0,161679310,0.01
11/11/2016,0,0,22.25(-6.90 %),0,0,0,0,161679310,0.01
14/11/2016,0,0,21.85(-1.80 %),0,0,0,0,161679310,0.01
15/11/2016,0,0,22.3(2.06 %),0,0,0,0,161679310,0.01
16/11/2016,0,0,22.6(1.35 %),0,0,0,0,161679310,0.01
17/11/2016,0,0,22.3(-1.33 %),0,0,0,0,161679310,0.01
18/11/2016,0,0,23.3(4.48 %),0,0,0,0,161679310,0.01
21/11/2016,0,0,23.35(0.21 %),0,0,0,0,161679310,0.01
22/11/2016,0,0,23.45(0.43 %),0,0,0,0,161679310,0.01
23/11/2016,0,0,22.2(-5.33 %),0,0,0,0,161679310,0.01
24/11/2016,0,0,21.2(-4.50 %),0,0,0,0,161679310,0.01
25/11/2016,0,0,20.5(-3.30 %),0,0,0,0,161679310,0.01
28/11/2016,0,0,19.3(-5.85 %),0,0,0,0,161679310,0.01
29/11/2016,0,0,20.65(6.99 %),0,0,0,0,161679310,0.01
30/11/2016,0,0,20.75(0.48 %),0,0,0,0,161679310,0.01
01/12/2016,0,0,19.7(-5.06 %),0,0,0,0,161679310,0.01
02/12/2016,0,0,19.2(-2.54 %),0,0,0,0,161679310,0.01
05/12/2016,0,0,18.65(6.87 %),0,0,0,0,161679310,0.01
06/12/2016,0,0,18.7(0.27 %),0,0,0,0,161679310,0.01
07/12/2016,0,0,19.1(2.14 %),0,0,0,0,161679310,0.01
08/12/2016,0,0,19.8(3.66 %),0,0,0,0,161679310,0.01
09/12/2016,-8000,-154820000,19.8(0.00 %),0,0,8000,154820000,161679310,0.01
12/12/2016,0,0,18.65(-5.81 %),0,0,0,0,161679310,0.01
13/12/2016,0,0,17.5(-6.17 %),0,0,0,0,161679310,0.01
14/12/2016,0,0,17.55(0.29 %),0,0,0,0,161687310,0.0
15/12/2016,0,0,17.6(0.28 %),0,0,0,0,161687310,0.0
16/12/2016,0,0,17.7(0.57 %),0,0,0,0,161687310,0.0
19/12/2016,0,0,17.9(1.13 %),0,0,0,0,161687310,0.0
20/12/2016,0,0,17.85(-0.28 %),0,0,0,0,161687310,0.0
21/12/2016,0,0,17.85(0.00 %),0,0,0,0,161687310,0.0
22/12/2016,0,0,17.5(-1.96 %),0,0,0,0,161687310,0.0
23/12/2016,0,0,17.35(-0.86 %),0,0,0,0,161687310,0.0
26/12/2016,0,0,17.1(-1.44 %),0,0,0,0,177855233,0.0
27/12/2016,0,0,16.5(-3.51 %),0,0,0,0,177855233,0.0
28/12/2016,0,0,16.2(-1.82 %),0,0,0,0,177855233,0.0
29/12/2016,0,0,16(-1.23 %),0,0,0,0,177855233,0.0
30/12/2016,0,0,16.9(5.62 %),0,0,0,0,177855233,0.0
03/01/2017,0,0,16.9(0.00 %),0,0,0,0,177855233,0.0
04/01/2017,0,0,16.8(-0.59 %),0,0,0,0,177855233,0.0
05/01/2017,0,0,17.05(1.49 %),0,0,0,0,177855233,0.0
06/01/2017,0,0,16.95(-0.59 %),0,0,0,0,177855233,0.0
09/01/2017,0,0,17.2(1.47 %),0,0,0,0,177855233,0.0
10/01/2017,0,0,16.8(-2.33 %),0,0,0,0,177855233,0.0
11/01/2017,0,0,16.95(0.89 %),0,0,0,0,177855233,0.0
12/01/2017,0,0,16.8(-0.88 %),0,0,0,0,177855233,0.0
13/01/2017,0,0,16.7(-0.60 %),0,0,0,0,177855233,0.0
16/01/2017,0,0,16.5(-1.20 %),0,0,0,0,177855233,0.0
17/01/2017,0,0,16(-3.03 %),0,0,0,0,177855233,0.0
18/01/2017,0,0,15.8(-1.25 %),0,0,0,0,177855233,0.0
19/01/2017,0,0,15.65(-0.95 %),0,0,0,0,177855233,0.0
20/01/2017,0,0,16.7(6.71 %),0,0,0,0,177855233,0.0
23/01/2017,0,0,16.7(0.00 %),0,0,0,0,177855233,0.0
24/01/2017,0,0,16.55(-0.90 %),0,0,0,0,177855233,0.0
25/01/2017,0,0,16.85(1.81 %),0,0,0,0,177855233,0.0
02/02/2017,0,0,16.7(-0.89 %),0,0,0,0,177855233,0.0
03/02/2017,100,1670000,16.6(-0.60 %),100,1670000,0,0,177855133,0.0
06/02/2017,0,0,16.45(-0.90 %),0,0,0,0,177855133,0.0
07/02/2017,-7120,-115070000,16.35(-0.61 %),0,0,7120,115070000,177855133,0.0
08/02/2017,0,0,16.1(-1.53 %),0,0,0,0,177855133,0.0
09/02/2017,0,0,16.2(0.62 %),0,0,0,0,177855133,0.0
10/02/2017,0,0,16.2(0.00 %),0,0,0,0,177862253,0.0
13/02/2017,0,0,16.95(4.63 %),0,0,0,0,177862253,0.0
14/02/2017,0,0,17.35(2.36 %),0,0,0,0,177862253,0.0
15/02/2017,400,6680000,17(-2.02 %),400,6680000,0,0,177861853,0.0
16/02/2017,0,0,17.15(0.88 %),0,0,0,0,177861853,0.0
17/02/2017,0,0,17.15(0.00 %),0,0,0,0,177861853,0.0
20/02/2017,0,0,16.7(-2.62 %),0,0,0,0,177861853,0.0
21/02/2017,0,0,16.6(-0.60 %),0,0,0,0,177861853,0.0
22/02/2017,200,3220000,16.25(-2.11 %),200,3220000,0,0,177861653,0.0
23/02/2017,0,0,16.35(0.62 %),0,0,0,0,177861653,0.0
24/02/2017,-3350,-54940000,16.4(0.31 %),0,0,3350,54940000,177861653,0.0
27/02/2017,0,-290000,16.45(0.30 %),800,12670000,800,12960000,177864203,0.0
28/02/2017,0,0,16.25(-1.22 %),0,0,0,0,177860853,0.0
01/03/2017,0,0,16.1(-0.92 %),0,0,0,0,177864203,0.0
02/03/2017,0,0,16(-0.62 %),0,0,0,0,177865003,0.0
03/03/2017,0,0,16.15(0.94 %),0,0,0,0,177865003,0.0
06/03/2017,0,0,16.2(0.31 %),0,0,0,0,177865003,0.0
07/03/2017,2670,42890000,16.35(0.93 %),2670,42890000,0,0,177862333,0.0
08/03/2017,0,0,16.35(0.00 %),0,0,0,0,177862333,0.0
09/03/2017,0,0,16.25(-0.61 %),0,0,0,0,177862333,0.0
10/03/2017,0,0,16.15(-0.62 %),0,0,0,0,177862333,0.0
13/03/2017,200,3120000,15.55(-3.72 %),200,3120000,0,0,177862133,0.0
14/03/2017,0,0,16.05(3.22 %),0,0,0,0,177862133,0.0
15/03/2017,0,0,16.4(2.18 %),0,0,0,0,177862133,0.0
16/03/2017,0,0,16.7(1.83 %),0,0,0,0,177862133,0.0
17/03/2017,0,0,17.7(5.99 %),0,0,0,0,177862133,0.0
20/03/2017,7940,142190000,17.9(1.13 %),7940,142190000,0,0,177862133,0.0
21/03/2017,30,530000,17.75(-0.84 %),30,530000,0,0,177862133,0.0
22/03/2017,11240,200630000,18.15(2.25 %),11240,200630000,0,0,177862133,0.0
23/03/2017,-1690,-30590000,19(4.68 %),0,0,1690,30590000,177862133,0.0
24/03/2017,1500,27750000,18.4(-3.16 %),1500,27750000,0,0,177862133,0.0
27/03/2017,0,0,18.55(0.82 %),0,0,0,0,177862133,0.0
28/03/2017,0,0,18.15(-2.16 %),0,0,0,0,177862133,0.0
29/03/2017,0,0,17.95(-1.10 %),0,0,0,0,177862133,0.0
30/03/2017,0,0,18.2(1.39 %),0,0,0,0,177862133,0.0
31/03/2017,0,0,17.55(-3.57 %),0,0,0,0,177862133,0.0
03/04/2017,0,0,17.7(0.85 %),0,0,0,0,177843110,0.01
04/04/2017,0,0,17.9(1.13 %),0,0,0,0,177843110,0.01
05/04/2017,0,0,17.9(0.00 %),0,0,0,0,177843110,0.01
07/04/2017,150,2680000,17.9(0.00 %),150,2680000,0,0,177842960,0.01
10/04/2017,0,0,17.95(0.28 %),0,0,0,0,177842960,0.01
11/04/2017,0,0,18.2(1.39 %),0,0,0,0,177842960,0.01
12/04/2017,3000,54750000,18.25(0.27 %),3000,54750000,0,0,177839960,0.01
13/04/2017,-11240,-204730000,18.3(0.27 %),0,0,11240,204730000,177839960,0.01
14/04/2017,0,0,18.6(1.64 %),0,0,0,0,177839960,0.01
17/04/2017,0,0,19.1(2.69 %),0,0,0,0,177839960,0.01
18/04/2017,0,0,19.35(1.31 %),0,0,0,0,177851200,0.0
19/04/2017,0,0,19.05(-1.55 %),0,0,0,0,177851200,0.0
20/04/2017,0,0,19.1(0.26 %),0,0,0,0,177851200,0.0
21/04/2017,0,0,19(-0.52 %),0,0,0,0,177851200,0.0
24/04/2017,0,0,19.2(1.05 %),0,0,0,0,177851200,0.0
25/04/2017,0,0,19.45(1.30 %),0,0,0,0,177851200,0.0
26/04/2017,0,0,19.7(1.29 %),0,0,0,0,177851200,0.0
27/04/2017,0,0,20.55(4.31 %),0,0,0,0,177851200,0.0
28/04/2017,0,0,20.75(0.97 %),0,0,0,0,177851200,0.0
03/05/2017,3250,69030000,21.3(2.65 %),4220,89640000,970,20610000,177846980,0.01
04/05/2017,5100,108400000,21.5(0.94 %),5100,108400000,0,0,177841880,0.01
05/05/2017,3000,62400000,20.3(-5.58 %),3000,62400000,0,0,177838880,0.01
08/05/2017,-1080,-20640000,20.2(-0.49 %),3140,61230000,4220,81870000,177836710,0.01
09/05/2017,-2670,-53130000,20.65(2.23 %),0,0,2670,53130000,177836710,0.01
10/05/2017,0,0,20.7(0.24 %),0,0,0,0,177836710,0.01
11/05/2017,-9500,-191170000,20.3(-1.93 %),2000,40000000,11500,231170000,177838930,0.01
12/05/2017,-3000,-61350000,20.5(0.99 %),0,0,3000,61350000,177841600,0.01
15/05/2017,0,0,20.7(0.98 %),0,0,0,0,177841600,0.01
16/05/2017,-5000,-107500000,22.1(6.76 %),0,0,5000,107500000,177853100,0.0
17/05/2017,90,2030000,22.5(1.81 %),90,2030000,0,0,177856010,0.0
18/05/2017,0,0,21.85(-2.89 %),0,0,0,0,177856010,0.0
19/05/2017,50,1070000,21.25(-2.75 %),50,1070000,0,0,177860960,0.0
22/05/2017,50080,1051810000,21.25(0.00 %),50080,1051810000,0,0,177810880,0.02
23/05/2017,23740,507560000,21.3(0.24 %),23740,507560000,0,0,177787140,0.02
24/05/2017,28690,601060000,21.15(-0.70 %),28690,601060000,0,0,177758450,0.03
25/05/2017,33390,712290000,21.3(0.71 %),33390,712290000,0,0,177725060,0.04
26/05/2017,21710,465430000,21.4(0.47 %),21710,465430000,0,0,177703350,0.05
29/05/2017,21890,472120000,21.6(0.93 %),24890,536920000,3000,64800000,177678460,0.05
30/05/2017,34030,729690000,21.25(-1.62 %),34030,729690000,0,0,177644430,0.06
31/05/2017,288060,5928830000,21.3(0.24 %),430920,8967550000,142860,3038720000,177213510,0.18
01/06/2017,-1590,-33870000,21.1(-0.94 %),0,0,1590,33870000,177216510,0.18
02/06/2017,-35330,-719450000,20.1(-4.74 %),0,0,35330,719450000,177216510,0.18
05/06/2017,-10970,-209640000,19.1(-4.98 %),9730,185340000,20700,394980000,177349640,0.14
06/06/2017,1600,29870000,18.8(-1.57 %),1600,29870000,0,0,177349630,0.14
07/06/2017,15240,287370000,19.05(1.33 %),15240,287370000,0,0,177369720,0.14
08/06/2017,0,0,18.9(-0.79 %),0,0,0,0,177390420,0.13
09/06/2017,590,10850000,19(0.53 %),810,15030000,220,4180000,177389610,0.13
12/06/2017,16800,314640000,18.65(-1.84 %),17020,318740000,220,4100000,177372590,0.14
13/06/2017,-5000,-93250000,18.75(0.54 %),0,0,5000,93250000,177372590,0.14
14/06/2017,0,0,18.95(1.07 %),0,0,0,0,177372810,0.14
15/06/2017,0,0,18.8(-0.79 %),0,0,0,0,177373030,0.14
16/06/2017,0,0,18.8(0.00 %),0,0,0,0,177378030,0.13
19/06/2017,90,1710000,18.95(0.80 %),100,1900000,10,190000,177377930,0.13
20/06/2017,-7180,-139180000,19.4(2.37 %),100,1870000,7280,141050000,177377830,0.13
21/06/2017,-19800,-373860000,19.25(-0.77 %),1020,19330000,20820,393190000,177376810,0.14
22/06/2017,300,5790000,19.3(0.26 %),300,5790000,0,0,177376520,0.14
23/06/2017,200,3910000,19.45(0.78 %),200,3910000,0,0,177383600,0.13
26/06/2017,-900,-17990000,19.6(0.77 %),1100,21610000,2000,39600000,177403320,0.13
27/06/2017,0,0,19.35(-1.28 %),0,0,0,0,177401110,0.13
28/06/2017,2210,41700000,19.05(-1.55 %),2210,41700000,0,0,177401110,0.13
29/06/2017,-100,-1890000,18.8(-1.31 %),0,0,100,1890000,177403110,0.13
30/06/2017,187720,3562590000,19.2(2.13 %),187720,3562590000,0,0,177215390,0.18
03/07/2017,2400,45460000,18.95(-1.30 %),2400,45460000,0,0,177212990,0.18
04/07/2017,-610,-11290000,19.05(0.53 %),0,0,610,11290000,177213090,0.18
05/07/2017,0,0,19.1(0.26 %),0,0,0,0,177213090,0.18
06/07/2017,-3090,-62590000,20.4(6.81 %),510,9890000,3600,72480000,177212580,0.18
07/07/2017,0,0,19.9(-2.45 %),0,0,0,0,177213190,0.18
10/07/2017,0,0,18.75(-5.78 %),0,0,0,0,177193500,0.19
11/07/2017,21290,388420000,18.25(1.67 %),23290,425040000,2000,36620000,177193500,0.19
12/07/2017,0,0,18.2(-0.27 %),0,0,0,0,177193500,0.19
13/07/2017,0,0,18.2(0.00 %),0,0,0,0,177193500,0.19
14/07/2017,0,0,18.25(0.27 %),0,0,0,0,177195500,0.19
17/07/2017,0,0,17.95(-1.64 %),0,0,0,0,177195500,0.19
18/07/2017,-5000,-88500000,17.45(-2.79 %),0,0,5000,88500000,177195500,0.19
19/07/2017,0,0,17.5(0.29 %),0,0,0,0,177195500,0.19
20/07/2017,-330,-5540000,16.85(-3.71 %),120,2020000,450,7560000,177195380,0.19
21/07/2017,1200,20160000,16.9(0.30 %),1200,20160000,0,0,177199180,0.18
24/07/2017,0,0,16.95(0.30 %),0,0,0,0,177199180,0.18
25/07/2017,0,0,16.95(0.00 %),0,0,0,0,177199630,0.18
26/07/2017,0,0,17.2(1.47 %),0,0,0,0,177199630,0.18
27/07/2017,0,0,17.2(0.00 %),0,0,0,0,177199630,0.18
28/07/2017,0,0,17.1(-0.58 %),0,0,0,0,177199630,0.18
31/07/2017,244840,4170540000,17.1(0.00 %),244840,4170540000,0,0,176954790,0.25
01/08/2017,270,4560000,16.7(-2.34 %),300,5070000,30,510000,176954490,0.25
02/08/2017,30,490000,16.35(-2.10 %),30,490000,0,0,176954460,0.25
03/08/2017,500,8180000,16.35(0.00 %),500,8180000,0,0,176953960,0.25
04/08/2017,5000,82560000,16.8(2.75 %),5000,82560000,0,0,176948990,0.25
07/08/2017,0,0,16.8(0.00 %),0,0,0,0,176948990,0.25
08/08/2017,200,3360000,16.9(0.60 %),200,3360000,0,0,176948790,0.25
09/08/2017,500,8450000,16.55(-2.07 %),500,8450000,0,0,176948290,0.25
10/08/2017,0,0,16.55(0.00 %),0,0,0,0,176948290,0.25
11/08/2017,0,0,16.45(-0.60 %),0,0,0,0,176948290,0.25
14/08/2017,0,0,16.45(0.00 %),0,0,0,0,176948290,0.25
15/08/2017,0,0,16.35(-0.61 %),0,0,0,0,176948290,0.25
16/08/2017,0,0,16.4(0.31 %),0,0,0,0,176948290,0.25
17/08/2017,0,0,16.3(-0.61 %),0,0,0,0,176948290,0.25
18/08/2017,80,1290000,16.25(-0.31 %),80,1290000,0,0,176948210,0.25
21/08/2017,990,15990000,16.2(-0.31 %),1000,16150000,10,160000,176947210,0.25
22/08/2017,11440,184910000,16.1(-0.62 %),11440,184910000,0,0,176935770,0.26
23/08/2017,11440,184450000,16.2(0.62 %),11440,184450000,0,0,176924330,0.26
24/08/2017,178840,2865400000,16.4(1.23 %),178840,2865400000,0,0,176745500,0.31
25/08/2017,11350,185530000,16.4(0.00 %),11350,185530000,0,0,176734150,0.31
28/08/2017,11950,195280000,16.35(-0.30 %),11950,195280000,0,0,176722200,0.32
29/08/2017,11620,187920000,16.25(-0.61 %),11620,187920000,0,0,176710580,0.32
30/08/2017,11580,187310000,16.25(0.00 %),11580,187310000,0,0,176699000,0.32
31/08/2017,213730,3434330000,16.25(0.00 %),272600,4390840000,58870,956510000,176426400,0.4
01/09/2017,-11500,-185450000,16.1(-0.92 %),0,0,11500,185450000,176426400,0.4
05/09/2017,0,0,16.1(0.00 %),0,0,0,0,176426400,0.4
06/09/2017,0,0,16(-0.62 %),0,0,0,0,176485270,0.38
07/09/2017,-3750,-59060000,15.9(-0.62 %),0,0,3750,59060000,176496770,0.38
08/09/2017,40,630000,15.55(-2.20 %),40,630000,0,0,176496730,0.38
11/09/2017,-4450,-68700000,15.65(0.64 %),0,0,4450,68700000,176496730,0.38
12/09/2017,-5400,-84400000,15.7(0.32 %),0,0,5400,84400000,176500480,0.38
13/09/2017,-1800,-28400000,15.9(1.27 %),0,0,1800,28400000,176500480,0.38
14/09/2017,0,0,15.9(0.00 %),0,0,0,0,176504930,0.38
15/09/2017,0,0,15.9(0.00 %),0,0,0,0,176510330,0.37
18/09/2017,0,0,15.7(-1.26 %),0,0,0,0,176512130,0.37
19/09/2017,-500,-7630000,15.4(-1.91 %),0,0,500,7630000,176512130,0.37
20/09/2017,0,0,15.45(0.32 %),0,0,0,0,176512130,0.37
21/09/2017,0,0,15.65(1.29 %),0,0,0,0,176512130,0.37
22/09/2017,0,0,15.9(1.60 %),0,0,0,0,176512630,0.37
25/09/2017,15000,240000000,16.15(1.57 %),15000,240000000,0,0,176497630,0.38
26/09/2017,0,0,16.3(0.93 %),0,0,0,0,176497630,0.38
27/09/2017,0,0,16(-1.84 %),0,0,0,0,176497630,0.38
28/09/2017,50000,800000000,16.05(0.31 %),50000,800000000,0,0,176447630,0.39
29/09/2017,135500,2168000000,16.05(0.00 %),135500,2168000000,0,0,176312130,0.43
02/10/2017,200,3160000,15.9(-0.93 %),200,3160000,0,0,176311930,0.43
03/10/2017,0,0,15.85(-0.31 %),0,0,0,0,176311930,0.43
04/10/2017,0,0,15.9(0.32 %),0,0,0,0,176311930,0.43
05/10/2017,0,0,15.8(-0.63 %),0,0,0,0,176311930,0.43
06/10/2017,0,0,16.35(3.48 %),0,0,0,0,176311930,0.43
09/10/2017,0,0,16.15(-1.22 %),0,0,0,0,176311930,0.43
10/10/2017,1000,16300000,16.6(2.79 %),1000,16300000,0,0,176310930,0.43
11/10/2017,0,0,16.65(0.30 %),0,0,0,0,176310930,0.43
12/10/2017,0,0,16.5(-0.90 %),0,0,0,0,176310930,0.43
13/10/2017,11000,178050000,16.15(-2.12 %),11000,178050000,0,0,176299930,0.43
16/10/2017,0,0,16.1(-0.31 %),0,0,0,0,176299930,0.43
17/10/2017,64000,1049900000,16.5(2.48 %),64000,1049900000,0,0,176235930,0.45
18/10/2017,4000,65600000,16.3(-1.21 %),4000,65600000,0,0,176231930,0.45
19/10/2017,8000,131300000,16.45(0.92 %),8000,131300000,0,0,176223930,0.45
20/10/2017,8000,131200000,16.2(-1.52 %),8000,131200000,0,0,176215930,0.45
23/10/2017,-7800,-123060000,15.7(-3.09 %),12200,191940000,20000,315000000,176203730,0.46
24/10/2017,14390,225920000,15.8(0.64 %),14390,225920000,0,0,176189340,0.46
25/10/2017,9000,143000000,15.95(0.95 %),9000,143000000,0,0,176180340,0.46
26/10/2017,26000,419550000,16(0.31 %),28000,451750000,2000,32200000,176172340,0.47
27/10/2017,-7300,-110960000,16.05(0.31 %),12700,201040000,20000,312000000,176159640,0.47
30/10/2017,-7650,-121250000,15.8(-1.56 %),0,0,7650,121250000,176159640,0.47
31/10/2017,0,0,15.5(-1.90 %),0,0,0,0,176161640,0.47
01/11/2017,2000,30800000,15.4(-0.65 %),2000,30800000,0,0,176179640,0.46
02/11/2017,239860,3810470000,15.75(2.27 %),239860,3810470000,0,0,175947430,0.53
03/11/2017,0,0,15.75(0.00 %),0,0,0,0,175947430,0.53
06/11/2017,0,0,15.95(1.27 %),0,0,0,0,175947430,0.53
07/11/2017,0,0,15.95(0.00 %),0,0,0,0,175947430,0.53
08/11/2017,-4000,-64600000,16.35(2.51 %),0,0,4000,64600000,175947430,0.53
09/11/2017,-6030,-100070000,16.45(0.61 %),170,2800000,6200,102870000,175947260,0.53
10/11/2017,18850,312070000,16.55(0.61 %),19850,328520000,1000,16450000,175927410,0.53
13/11/2017,-6330,-109280000,17.7(6.95 %),0,0,6330,109280000,175931410,0.53
14/11/2017,-680,-12160000,18.9(6.78 %),150,2700000,830,14860000,175937460,0.53
15/11/2017,1200,22150000,18.5(-2.12 %),1200,22150000,0,0,175937260,0.53
16/11/2017,-9430,-168910000,18.75(1.35 %),3000,56400000,12430,225310000,175940590,0.53
17/11/2017,-1430,-25830000,18.2(-2.93 %),0,0,1430,25830000,175941420,0.53
20/11/2017,10930,198930000,18.3(0.55 %),10930,198930000,0,0,175930490,0.53
21/11/2017,-1800,-32220000,18.55(1.37 %),1000,18600000,2800,50820000,175941920,0.53
22/11/2017,11000,203840000,18.6(0.27 %),11200,207540000,200,3700000,175932150,0.53
23/11/2017,7500,143000000,19.1(2.69 %),7500,143000000,0,0,175924650,0.54
24/11/2017,356100,6818880000,19.3(1.05 %),356100,6818880000,0,0,175571350,0.63
27/11/2017,8600,166200000,19.2(-0.52 %),8600,166200000,0,0,175562950,0.63
28/11/2017,-4500,-84610000,18.5(-3.65 %),0,0,4500,84610000,175562950,0.63
29/11/2017,2670,50270000,18.6(0.54 %),2670,50270000,0,0,175560285,0.64
30/11/2017,240000,4506250000,18.8(1.08 %),240000,4506250000,0,0,175320285,0.7
01/12/2017,240000,4522030000,18.85(0.27 %),240000,4522030000,0,0,175084785,0.77
04/12/2017,229880,4310820000,18.85(0.00 %),240000,4501350000,10120,190530000,174844785,0.83
05/12/2017,-39250,-745750000,18.95(0.53 %),0,0,39250,745750000,174844785,0.83
06/12/2017,-58000,-1122600000,19.7(3.96 %),0,0,58000,1122600000,174844785,0.83
07/12/2017,0,0,20.5(4.06 %),0,0,0,0,174854905,0.83
08/12/2017,400,8340000,21.65(5.61 %),400,8340000,0,0,174893755,0.82
11/12/2017,323810,7220280000,23.15(6.93 %),366360,8205310000,42550,985030000,174585395,0.9
12/12/2017,372900,8692350000,24(3.67 %),733200,17074600000,360300,8382250000,174152195,1.02
13/12/2017,31220,795070000,25.3(5.42 %),51140,1293110000,19920,498040000,174101055,1.04
14/12/2017,-77900,-1919530000,24.65(-2.57 %),4820,117850000,82720,2037380000,174138785,1.03
15/12/2017,7468600,184808270000,24.7(0.20 %),8553600,211618770000,1085000,26810500000,165645485,3.37
18/12/2017,-30570,-740170000,24.05(-2.63 %),0,0,30570,740170000,165665405,3.36
19/12/2017,425570,9789480000,22.6(-6.03 %),466120,10716970000,40550,927490000,165282005,3.47
20/12/2017,17410,381930000,23.25(2.88 %),53100,1195360000,35690,813430000,166313905,3.18
21/12/2017,-31760,-730610000,22.5(-3.23 %),10,230000,31770,730840000,166344465,3.17
22/12/2017,-8850,-200930000,22.7(0.89 %),23710,536620000,32560,737550000,166361305,3.17
25/12/2017,-33150,-713400000,21.3(-6.17 %),0,0,33150,713400000,166396995,3.16
26/12/2017,-38250,-803430000,21.45(0.70 %),3000,60000000,41250,863430000,166425765,3.15
27/12/2017,-2410,-51830000,21.65(0.93 %),2600,55880000,5010,107710000,166455725,3.14
28/12/2017,-4900,-105940000,21.8(0.69 %),0,0,4900,105940000,166488875,3.13
29/12/2017,9220,192700000,21.15(-2.98 %),9220,192700000,0,0,166520905,3.13
02/01/2018,100,2140000,21.35(0.95 %),100,2140000,0,0,166525815,3.12
03/01/2018,93140,2014220000,21.65(1.41 %),94640,2046700000,1500,32480000,166436075,3.15
04/01/2018,90640,1945100000,21.7(0.23 %),107640,2314000000,17000,368900000,166328435,3.18
05/01/2018,90800,1957930000,21.5(-0.92 %),90900,1960100000,100,2170000,166237535,3.2
08/01/2018,90600,1947280000,21.55(0.23 %),90600,1947280000,0,0,166148435,3.23
09/01/2018,98600,2160970000,22.4(3.94 %),98600,2160970000,0,0,166066835,3.25
10/01/2018,108600,2465030000,22.85(2.01 %),108600,2465030000,0,0,165958335,3.28
11/01/2018,38600,890390000,23.05(0.88 %),90600,2086590000,52000,1196200000,165867735,3.31
12/01/2018,103520,2317130000,22.55(-2.17 %),108520,2430130000,5000,113000000,165759215,3.34
15/01/2018,-405000,-9044660000,22.45(-0.44 %),0,0,405000,9044660000,165759215,3.34
16/01/2018,1600,32760000,21.65(-3.56 %),5000,108750000,3400,75990000,165806215,3.32
17/01/2018,90600,1898330000,20.5(-5.31 %),90600,1898330000,0,0,165720615,3.35
18/01/2018,81900,1617860000,20.55(0.24 %),90900,1791560000,9000,173700000,166034715,3.26
19/01/2018,51400,1084860000,21.95(6.81 %),90600,1910210000,39200,825350000,165947515,3.28
22/01/2018,92400,1992180000,22.05(0.46 %),92400,1992180000,0,0,165855115,3.31
25/01/2018,104280,2276140000,21.8(-1.13 %),140850,3048510000,36570,772370000,165762465,3.33
26/01/2018,0,0,22.1(1.38 %),0,0,0,0,165762465,3.33
29/01/2018,0,0,22.15(0.23 %),0,0,0,0,165762465,3.33
30/01/2018,22640,497820000,22.3(0.68 %),22640,497820000,0,0,165776395,3.33
31/01/2018,0,0,21.5(-3.59 %),0,0,0,0,165776395,3.33
01/02/2018,0,0,21(-2.33 %),0,0,0,0,165776395,3.33
02/02/2018,73260,1527120000,21.1(0.48 %),90560,1892150000,17300,365030000,165685835,3.36
05/02/2018,90560,1906760000,20.5(-2.84 %),90560,1906760000,0,0,165595275,3.38
06/02/2018,-19290,-368470000,19.1(-6.83 %),0,0,19290,368470000,165595275,3.38
07/02/2018,-17080,-341600000,20(4.71 %),0,0,17080,341600000,165612575,3.38
08/02/2018,200,3970000,20.45(2.25 %),200,3970000,0,0,165612375,3.38
09/02/2018,-195280,-3792030000,20.6(0.73 %),0,0,195280,3792030000,165631665,3.37
12/02/2018,-233900,-4907900000,21.5(4.37 %),0,0,233900,4907900000,165648745,3.37
13/02/2018,0,0,21.7(0.93 %),0,0,0,0,165648745,3.37
21/02/2018,13540,300120000,22.35(3.00 %),16750,371380000,3210,71260000,165827275,3.32
22/02/2018,45280,1012930000,22.5(0.67 %),45280,1012930000,0,0,166015895,3.26
23/02/2018,22410,509380000,22.8(1.33 %),22410,509380000,0,0,165993485,3.27
26/02/2018,230,5140000,21.4(-6.14 %),230,5140000,0,0,165996465,3.27
27/02/2018,70220,1447440000,20.85(-2.57 %),70220,1447440000,0,0,165926245,3.29
28/02/2018,-43270,-861070000,19.9(-4.56 %),0,0,43270,861070000,165926245,3.29
01/03/2018,-9690,-193900000,20.25(1.76 %),22640,456780000,32330,650680000,165903605,3.3
02/03/2018,10000,202000000,20.35(0.49 %),10000,202000000,0,0,165893605,3.3
05/03/2018,-60800,-1321630000,21.6(6.14 %),80040,1735260000,140840,3056890000,165856835,3.31
06/03/2018,-10770,-229960000,21.45(-0.69 %),79790,1707930000,90560,1937890000,165809375,3.32
07/03/2018,79790,1702130000,21.8(1.63 %),79790,1702130000,0,0,165729585,3.34
08/03/2018,75290,1638460000,21.8(0.00 %),80290,1747460000,5000,109000000,165790135,3.33
09/03/2018,493660,10847600000,22.2(1.83 %),516300,11343870000,22640,496270000,165364395,3.44
12/03/2018,1810,39730000,21.6(-2.70 %),1810,39730000,0,0,165362585,3.44
13/03/2018,1910,41460000,21.75(0.69 %),1920,41680000,10,220000,165365665,3.44
14/03/2018,0,0,21.75(0.00 %),0,0,0,0,165388305,3.44
15/03/2018,0,0,21.75(0.00 %),0,0,0,0,165388305,3.44
16/03/2018,2135940,46542920000,21.8(0.23 %),3438820,74945700000,1302880,28402780000,161949495,4.39
19/03/2018,0,0,20.4(-6.42 %),0,0,0,0,161949495,4.39
20/03/2018,0,0,20.2(-0.98 %),0,0,0,0,161949495,4.39
21/03/2018,357740,7625000000,21.15(4.70 %),357740,7625000000,0,0,162894635,4.12
22/03/2018,-100,-2080000,20.55(-2.84 %),0,0,100,2080000,162894635,4.12
23/03/2018,21540,434420000,20.25(-1.46 %),21540,434420000,0,0,162873095,4.13
26/03/2018,-100,-2050000,21.1(4.20 %),0,0,100,2050000,162873095,4.13
27/03/2018,0,0,20.8(-1.42 %),0,0,0,0,162873195,4.13
28/03/2018,43080,907070000,21(0.96 %),43080,907070000,0,0,162830115,4.14
29/03/2018,34480,720760000,20.25(-3.57 %),34480,720760000,0,0,162795735,4.15
30/03/2018,0,0,20.7(2.22 %),0,0,0,0,162795735,4.15
02/04/2018,0,0,21(1.45 %),0,0,0,0,162795735,4.15
03/04/2018,32280,683730000,21.1(0.48 %),47980,1015790000,15700,332060000,162747755,4.17
04/04/2018,0,0,21.1(0.00 %),0,0,0,0,162747755,4.17
05/04/2018,31070,675770000,21.75(3.08 %),31070,675770000,0,0,162716685,4.17
06/04/2018,0,0,21.9(0.69 %),0,0,0,0,162732385,4.17
09/04/2018,86160,1913670000,22.5(2.74 %),86160,1913670000,0,0,162646225,4.19
10/04/2018,64620,1455140000,22.55(0.22 %),64620,1455140000,0,0,162581605,4.21
11/04/2018,-24320,-551380000,22.8(1.11 %),71420,1609130000,95740,2160510000,162510185,4.23
12/04/2018,64590,1474330000,23(0.88 %),64590,1474330000,0,0,162445595,4.25
13/04/2018,-8000,-185400000,23.7(3.04 %),0,0,8000,185400000,162445595,4.25
16/04/2018,-920,-21800000,23.8(0.42 %),0,0,920,21800000,162541335,4.22
17/04/2018,0,0,25(5.04 %),0,0,0,0,162541335,4.22
18/04/2018,-113360,-2784130000,24.85(-0.60 %),0,0,113360,2784130000,162549335,4.22
19/04/2018,-55590,-1377850000,24.8(-0.20 %),5000,122500000,60590,1500350000,162545255,4.22
20/04/2018,-52080,-1299430000,25(0.81 %),400,10020000,52480,1309450000,162544855,4.22
23/04/2018,-47790,-1170980000,24.7(-1.20 %),3700,91390000,51490,1262370000,162654515,4.19
24/04/2018,400,10100000,25.1(1.62 %),400,10100000,0,0,162714705,4.17
26/04/2018,-45020,-1129070000,25.05(-0.20 %),400,9940000,45420,1139010000,162766785,4.16
27/04/2018,75280,1931280000,26.8(6.99 %),101830,2642820000,26550,711540000,162716445,4.17
02/05/2018,-31050,-848940000,28.65(6.90 %),12030,322100000,43080,1171040000,162704415,4.18
03/05/2018,-1200,-34140000,28.85(0.70 %),0,0,1200,34140000,162749835,4.16
04/05/2018,-99840,-2935980000,30.2(4.68 %),16280,484090000,116120,3420070000,162760105,4.16
07/05/2018,-22030,-661440000,29.85(-1.16 %),0,0,22030,661440000,162803185,4.15
08/05/2018,-18850,-552310000,29.3(-1.84 %),0,0,18850,552310000,162804385,4.15
09/05/2018,-250,-7130000,28.35(-3.24 %),0,0,250,7130000,162920505,4.12
10/05/2018,8000,228400000,28.6(0.88 %),8000,228400000,0,0,162934535,4.11
11/05/2018,31630,918390000,29(1.40 %),42330,1228140000,10700,309750000,162911055,4.12
14/05/2018,0,0,29.7(2.41 %),0,0,0,0,162911305,4.12
15/05/2018,10,300000,29.75(0.17 %),10,300000,0,0,162911295,4.12
16/05/2018,-24590,-749310000,30.5(2.52 %),5370,164470000,29960,913780000,162916625,4.12
17/05/2018,-19140,-565590000,29.55(-3.11 %),0,0,19140,565590000,162916625,4.12
18/05/2018,22350,653780000,29.3(-0.85 %),22350,653780000,0,0,162894275,4.12
21/05/2018,-105470,-2973280000,28(-4.44 %),0,0,105470,2973280000,162924235,4.12
22/05/2018,10800,292540000,27.15(-3.04 %),10800,292540000,0,0,162932575,4.11
23/05/2018,-14000,-377050000,27.45(1.10 %),0,0,14000,377050000,162932575,4.11
24/05/2018,-156070,-4054650000,27.5(0.18 %),37880,1003910000,193950,5058560000,163000165,4.1
25/05/2018,20330,558070000,27.45(-0.18 %),20330,558070000,0,0,162979835,4.1
28/05/2018,5020,136160000,27.15(-1.09 %),5020,136160000,0,0,162988815,4.1
29/05/2018,67490,1826490000,27.5(1.29 %),88200,2396020000,20710,569530000,163094565,4.07
30/05/2018,8020,215190000,27.55(0.18 %),22730,620450000,14710,405260000,163071835,4.08
31/05/2018,-17510,-473810000,27.9(1.27 %),0,0,17510,473810000,163071835,4.08
01/06/2018,-36240,-1024650000,28.2(1.08 %),0,0,36240,1024650000,163092545,4.07
04/06/2018,32670,932620000,28.7(1.77 %),49770,1418560000,17100,485940000,163057485,4.08
05/06/2018,24280,688150000,28.35(-1.22 %),24280,688150000,0,0,163050715,4.08
06/06/2018,7480,205760000,27.6(-2.65 %),7480,205760000,0,0,163079475,4.07
07/06/2018,-26150,-709390000,27.65(0.18 %),7480,203610000,33630,913000000,163089095,4.07
08/06/2018,29120,804930000,27.65(0.00 %),40540,1119470000,11420,314540000,163048555,4.08
11/06/2018,-23100,-609550000,25.9(-6.33 %),8770,232060000,31870,841610000,163039785,4.08
12/06/2018,-24130,-590790000,24.15(-6.76 %),200,4960000,24330,595750000,163073215,4.08
13/06/2018,64330,1507320000,22.65(-6.21 %),64330,1507320000,0,0,163020305,4.09
14/06/2018,50270,1203640000,23.5(3.75 %),50270,1203640000,0,0,163001905,4.1
15/06/2018,-840200,-18535600000,22.05(-6.17 %),254780,5617900000,1094980,24153500000,162771455,4.16
18/06/2018,-28050,-635510000,22.8(3.40 %),15610,358120000,43660,993630000,162755845,4.16
19/06/2018,13900,309010000,22.25(-2.41 %),24300,538960000,10400,229950000,162731545,4.17
20/06/2018,-20,-430000,22.6(1.57 %),0,0,20,430000,163826525,3.87
21/06/2018,-6500,-139870000,21.45(-5.09 %),0,0,6500,139870000,163870185,3.86
22/06/2018,-48600,-1038030000,22.95(6.99 %),0,0,48600,1038030000,163880585,3.85
25/06/2018,-8890,-200530000,22.8(-0.65 %),0,0,8890,200530000,163880605,3.85
26/06/2018,0,0,21.55(-5.48 %),0,0,0,0,163887105,3.85
27/06/2018,19230,415260000,21.7(0.70 %),19230,415260000,0,0,163916475,3.84
28/06/2018,200,4100000,21.4(-1.38 %),200,4100000,0,0,163925165,3.84
29/06/2018,0,0,21.75(1.64 %),0,0,0,0,163925165,3.84
02/07/2018,-8510,-176370000,21.5(-1.15 %),0,0,8510,176370000,163925165,3.84
03/07/2018,-52050,-1058280000,20.6(-4.19 %),0,0,52050,1058280000,163925165,3.84
04/07/2018,16530,348910000,21.15(2.67 %),24230,509180000,7700,160270000,163900935,3.85
05/07/2018,15230,309700000,20.45(0.74 %),23220,472090000,7990,162390000,163886225,3.85
06/07/2018,-120570,-2467670000,20.45(0.00 %),0,0,120570,2467670000,163938275,3.84
09/07/2018,-6200,-128300000,20.6(0.73 %),0,0,6200,128300000,163945975,3.84
10/07/2018,37150,769460000,20.85(1.21 %),37150,769460000,0,0,163916815,3.84
11/07/2018,-48600,-987570000,20.5(-1.68 %),0,0,48600,987570000,164037385,3.81
12/07/2018,0,0,20.45(-0.24 %),0,0,0,0,164043585,3.81
13/07/2018,0,0,20.5(0.24 %),0,0,0,0,164043585,3.81
16/07/2018,-32510,-660390000,20.5(0.00 %),0,0,32510,660390000,164092185,3.79
17/07/2018,-28450,-575640000,21.05(2.68 %),0,0,28450,575640000,164092185,3.79
18/07/2018,-21820,-456334500,21.6(2.61 %),6630,142875000,28450,599209500,164114005,3.79
19/07/2018,13000,279760000,21.9(1.39 %),13000,279760000,0,0,164105065,3.79
20/07/2018,6800,148170000,22.5(2.74 %),6800,148170000,0,0,164126715,3.79
23/07/2018,21520,480884000,22.35(-0.67 %),28020,626247000,6500,145363000,164105195,3.79
24/07/2018,13000,300660000,23.5(5.15 %),13000,300660000,0,0,164114145,3.79
25/07/2018,0,0,24.15(2.77 %),0,0,0,0,164114145,3.79
26/07/2018,27500,679330000,25.5(5.59 %),27500,679330000,0,0,164093145,3.79
27/07/2018,9420,232950000,25.1(-1.57 %),9420,232950000,0,0,164083725,3.8
30/07/2018,0,0,25.25(0.60 %),0,0,0,0,164083725,3.8
31/07/2018,9670,248409000,26.6(5.35 %),9670,248409000,0,0,164074055,3.8
01/08/2018,12770,336070000,26.9(1.13 %),12770,336070000,0,0,164061285,3.8
02/08/2018,21890,593820000,27.2(1.12 %),21890,593820000,0,0,164039395,3.81
03/08/2018,-6410,-176800000,28(2.94 %),0,0,6410,176800000,164039395,3.81
06/08/2018,0,0,27.9(-0.36 %),0,0,0,0,164039395,3.81
07/08/2018,-3180,-88720000,28.05(0.54 %),0,0,3180,88720000,164039395,3.81
08/08/2018,-5000,-141440000,28.35(1.07 %),1360,38560000,6360,180000000,164044445,3.81
09/08/2018,-101250,-2861370000,28.45(0.35 %),0,0,101250,2861370000,164044445,3.81
10/08/2018,-26990,-769010000,28.8(1.23 %),0,0,26990,769010000,164047625,3.81
13/08/2018,-23640,-682850000,28.9(0.35 %),0,0,23640,682850000,164053985,3.81
14/08/2018,-13360,-388330000,29.1(0.69 %),0,0,13360,388330000,164155235,3.78
15/08/2018,73370,2141140000,28.2(-3.09 %),81600,2381770000,8230,240630000,164100625,3.79
16/08/2018,-73800,-2002350000,27.45(-2.66 %),0,0,73800,2002350000,164124265,3.79
17/08/2018,-15900,-445272000,28.5(3.83 %),0,0,15900,445272000,164140165,3.78
20/08/2018,-16020,-451370000,28.4(-0.35 %),0,0,16020,451370000,164145855,3.78
21/08/2018,-9460,-270250000,28.6(0.70 %),0,0,9460,270250000,164219655,3.76
22/08/2018,-3180,-92890000,29.2(2.10 %),0,0,3180,92890000,164235555,3.76
23/08/2018,30970,908040000,29.45(0.86 %),38600,1131320000,7630,223280000,164212975,3.76
24/08/2018,-3130,-91080000,28.85(-2.04 %),0,0,3130,91080000,164222435,3.76
27/08/2018,10720,304020000,28.4(-1.56 %),10720,304020000,0,0,164214895,3.76
28/08/2018,-3180,-89290000,28.6(0.70 %),0,0,3180,89290000,164222525,3.76
29/08/2018,0,0,29.15(1.92 %),0,0,0,0,164225655,3.76
30/08/2018,9240,261980000,28.3(-2.92 %),9240,261980000,0,0,164216415,3.76
31/08/2018,-3180,-87470000,27.1(-4.24 %),0,0,3180,87470000,164219595,3.76
04/09/2018,-3130,-84230000,27.35(0.92 %),0,0,3130,84230000,164219595,3.76
05/09/2018,-3180,-86920000,28.4(3.84 %),0,0,3180,86920000,164219595,3.76
06/09/2018,-107590,-2876740000,26.65(-6.16 %),0,0,107590,2876740000,164222775,3.76
07/09/2018,-3550,-91452500,25.6(-3.94 %),0,0,3550,91452500,164226325,3.76
10/09/2018,-69100,-1672020000,24.8(-3.12 %),0,0,69100,1672020000,164229085,3.76
11/09/2018,20260,498610000,26.5(6.85 %),20260,498610000,0,0,164316415,3.73
12/09/2018,-36590,-910080000,25.6(-3.40 %),25860,662320000,62450,1572400000,164294105,3.74
13/09/2018,-3140,-78080000,25.2(-1.56 %),0,0,3140,78080000,164363205,3.72
14/09/2018,-3180,-78080000,24.9(-1.19 %),0,0,3180,78080000,164363205,3.72
17/09/2018,21240,517990000,24.55(-1.41 %),21620,527270000,380,9280000,164404035,3.71
18/09/2018,-1550,-36270000,24.2(-1.43 %),9340,225260000,10890,261530000,164397843,3.71
19/09/2018,-26780,-641020000,24.45(1.03 %),0,0,26780,641020000,164401023,3.71
20/09/2018,-2950,-71730000,24.4(-0.20 %),100,2440000,3050,74170000,164401303,3.71
21/09/2018,-273920,-6217980000,22.7(-6.97 %),326180,7404290000,600100,13622270000,164086013,3.8
24/09/2018,20590,490180000,23.85(5.07 %),22990,547320000,2400,57140000,164089803,3.8
25/09/2018,31130,741827900,24.4(2.31 %),31130,741827900,0,0,164058673,3.8
26/09/2018,67720,1633220000,24.4(0.00 %),67720,1633220000,0,0,164539703,3.67
27/09/2018,70550,1701550000,24.15(-1.02 %),72920,1758720000,2370,57170000,164469183,3.69
28/09/2018,2980,76404500,24.05(-0.41 %),17920,430621500,14940,354217000,164466203,3.69
01/10/2018,-29490,-693760000,23.5(-2.29 %),0,0,29490,693760000,164451257,3.7
02/10/2018,-2400,-55514000,23(-2.13 %),0,0,2400,55514000,164453657,3.7
03/10/2018,9320,216820000,23.5(2.17 %),13720,320480000,4400,103660000,164454847,3.69
04/10/2018,-8320,-190700000,23.55(0.21 %),9600,223550000,17920,414250000,164474737,3.69
05/10/2018,-9970,-231020000,23.3(-1.06 %),0,0,9970,231020000,164477137,3.69
08/10/2018,2582060,59759140000,24.25(4.08 %),2600000,60190000000,17940,430860000,161881537,4.4
09/10/2018,19730,471400000,24.5(1.03 %),19730,471400000,0,0,161879727,4.4
10/10/2018,-74460,-1758489500,24(-2.04 %),23420,554096000,97880,2312585500,161954187,4.38
11/10/2018,-8990,-202291500,22.35(-6.87 %),14730,329215500,23720,531507000,161963177,4.38
12/10/2018,-15500,-330982500,23(2.91 %),14730,307120500,30230,638103000,161978677,4.38
15/10/2018,-96760,-2119570000,21.85(-5.00 %),0,0,96760,2119570000,161952637,4.38
16/10/2018,13170,286450000,21.75(-0.46 %),13170,286450000,0,0,161963187,4.38
17/10/2018,-2500,-54514500,21.8(0.23 %),0,0,2500,54514500,161965687,4.38
18/10/2018,0,0,21.85(0.23 %),0,0,0,0,162090177,4.35
19/10/2018,-59130,-1265360500,21.6(-1.14 %),0,0,59130,1265360500,162149307,4.33
22/10/2018,0,0,21.4(-0.93 %),0,0,0,0,162092677,4.35
23/10/2018,16030,331019500,20.65(-3.50 %),16030,331019500,0,0,162076647,4.35
24/10/2018,-17840,-360710000,20.2(-2.18 %),0,0,17840,360710000,162135777,4.33
25/10/2018,-21530,-445670000,20.7(2.48 %),0,0,21530,445670000,162135777,4.33
26/10/2018,-43640,-889050000,20.65(-0.24 %),0,0,43640,889050000,162135777,4.33
29/10/2018,-47490,-957090000,20.2(-2.18 %),0,0,47490,957090000,162153617,4.33
30/10/2018,-21670,-435887000,20.15(-0.25 %),0,0,21670,435887000,162175287,4.32
31/10/2018,10210,217319000,20.3(0.74 %),41390,840217000,31180,622898000,162165077,4.33
01/11/2018,-21820,-434800000,20(-1.48 %),0,0,21820,434800000,162224887,4.31
02/11/2018,-95570,-1890278500,20.05(0.25 %),0,0,95570,1890278500,162320457,4.28
05/11/2018,-44210,-873340000,19.95(-0.50 %),0,0,44210,873340000,162277737,4.29
06/11/2018,0,0,19.95(0.00 %),0,0,0,0,162277737,4.29
07/11/2018,0,0,20(0.25 %),0,0,0,0,162395127,4.26
08/11/2018,0,0,21.15(5.75 %),0,0,0,0,162439337,4.25
09/11/2018,-5000,-105000000,20.8(-1.65 %),0,0,5000,105000000,162439337,4.25
12/11/2018,0,0,20.45(-1.68 %),0,0,0,0,162439337,4.25
13/11/2018,-226720,-4476990000,20.1(-1.71 %),0,0,226720,4476990000,162439337,4.25
14/11/2018,-38360,-761080000,20.15(0.25 %),29140,578310000,67500,1339390000,162415197,4.26
15/11/2018,-1300,-26390000,20.3(0.74 %),0,0,1300,26390000,162415197,4.26
16/11/2018,-57830,-1165590000,20.3(0.00 %),0,0,57830,1165590000,162641917,4.19
19/11/2018,-2680,-55070000,20.55(1.23 %),0,0,2680,55070000,162709417,4.18
20/11/2018,-46620,-987460000,21.2(3.16 %),0,0,46620,987460000,162710717,4.18
21/11/2018,-14020,-309900000,21.75(2.59 %),32500,700600000,46520,1010500000,162736047,4.17
22/11/2018,-5480,-118660000,21.65(-0.46 %),0,0,5480,118660000,162738727,4.17
23/11/2018,0,0,21.05(-2.77 %),0,0,0,0,162785347,4.15
26/11/2018,0,0,20.7(-1.66 %),0,0,0,0,162785347,4.15
27/11/2018,-13670,-281500000,20.85(0.72 %),2000,41000000,15670,322500000,162832347,4.14
28/11/2018,-24700,-512650000,20.7(-0.72 %),0,0,24700,512650000,162832347,4.14
29/11/2018,-2500,-51730000,20.3(-1.93 %),0,0,2500,51730000,162832447,4.14
30/11/2018,-46230,-952750000,20.5(0.99 %),25250,512100000,71480,1464850000,162822867,4.14
03/12/2018,19150,395135000,20.7(0.98 %),24160,498911000,5010,103776000,162823407,4.14
04/12/2018,3500,71950000,20.6(-0.48 %),6000,123700000,2500,51750000,162819907,4.15
05/12/2018,5000,101800000,20.85(1.21 %),5000,101800000,0,0,162814907,4.15
06/12/2018,2000,41400000,20.7(-0.72 %),2000,41400000,0,0,162889397,4.13
07/12/2018,3940,81710000,20.7(0.00 %),4440,92090000,500,10380000,162887457,4.13
10/12/2018,-2620,-53560000,20.3(-1.93 %),0,0,2620,53560000,162887457,4.13
11/12/2018,0,0,20(-1.48 %),0,0,0,0,162887457,4.13
12/12/2018,0,0,20.1(0.50 %),0,0,0,0,162887957,4.13
13/12/2018,-2620,-52400000,20(-0.50 %),0,0,2620,52400000,162890577,4.13
14/12/2018,-7070,-141010000,20.3(1.50 %),0,0,7070,141010000,162890577,4.13
17/12/2018,-7270,-147060000,20.15(-0.74 %),0,0,7270,147060000,162890577,4.13
18/12/2018,-40860,-802160000,19.8(-1.74 %),0,0,40860,802160000,162893197,4.13
19/12/2018,-68020,-1341830000,19.8(0.00 %),0,0,68020,1341830000,162900267,4.12
20/12/2018,-10180,-198500000,19.95(0.76 %),0,0,10180,198500000,162907537,4.12
21/12/2018,-13230,-260440000,19.7(-1.25 %),42000,827400000,55230,1087840000,162906397,4.12
24/12/2018,-8100,-157510000,19(-3.55 %),0,0,8100,157510000,162974417,4.1
25/12/2018,-10450,-186050000,17.7(-6.84 %),0,0,10450,186050000,162984597,4.1
26/12/2018,-7990,-140110000,17.75(0.28 %),0,0,7990,140110000,162992587,4.1
27/12/2018,-8160,-144690000,17.75(0.00 %),0,0,8160,144690000,163047927,4.08
28/12/2018,32990,580660000,17.75(0.00 %),40900,720500000,7910,139840000,163017477,4.09
02/01/2019,-2800,-48635000,17.15(-3.38 %),0,0,2800,48635000,163033627,4.09
03/01/2019,8000,130225500,17.2(0.29 %),8000,130225500,0,0,163025627,4.09
04/01/2019,0,0,17(-1.16 %),0,0,0,0,163033537,4.09
07/01/2019,-6860,-115829500,16.95(-0.29 %),0,0,6860,115829500,163040397,4.08
08/01/2019,-16530,-274160000,16.8(-0.88 %),0,0,16530,274160000,163036337,4.09
09/01/2019,-2970,-49600000,16.7(-0.60 %),0,0,2970,49600000,163036337,4.09
10/01/2019,0,0,16.75(0.30 %),0,0,0,0,163043197,4.08
11/01/2019,0,0,17(1.49 %),0,0,0,0,163059727,4.08
14/01/2019,0,0,16.9(-0.59 %),0,0,0,0,163062697,4.08
15/01/2019,13070,221340000,16.95(0.30 %),16070,271590000,3000,50250000,163046627,4.08
16/01/2019,27290,461389500,16.95(0.00 %),27290,461389500,0,0,163019337,4.09
17/01/2019,-2680,-45140000,16.85(-0.59 %),0,0,2680,45140000,163019337,4.09
18/01/2019,0,0,17.5(3.86 %),0,0,0,0,163022337,4.09
21/01/2019,400,7000000,17.8(1.71 %),400,7000000,0,0,163021937,4.09
22/01/2019,8650,153290000,18(1.12 %),8650,153290000,0,0,163015967,4.09
23/01/2019,32390,579980000,18.05(0.28 %),32390,579980000,0,0,162983577,4.1
24/01/2019,0,0,18(-0.28 %),0,0,0,0,162983577,4.1
25/01/2019,17880,320250000,18.1(0.56 %),17880,320250000,0,0,162965697,4.11
28/01/2019,65600,1193090000,18.35(1.38 %),65600,1193090000,0,0,162900097,4.12
29/01/2019,99150,1831880000,18.65(1.63 %),99150,1831880000,0,0,162800947,4.15
30/01/2019,71820,1350067000,18.85(1.07 %),71820,1350067000,0,0,162729127,4.17
31/01/2019,79250,1467870500,18.7(-0.80 %),79250,1467870500,0,0,162649877,4.19
01/02/2019,71520,1344310000,19.5(4.28 %),71520,1344310000,0,0,162578357,4.21
11/02/2019,71480,1405208000,20(2.56 %),71480,1405208000,0,0,162506877,4.23
12/02/2019,53610,1074680000,20.2(1.00 %),53610,1074680000,0,0,162453267,4.25
13/02/2019,21280,428220000,20.25(0.25 %),35840,721820000,14560,293600000,162417427,4.26
14/02/2019,86540,1742889000,20.2(-0.25 %),87040,1752939000,500,10050000,162345447,4.28
15/02/2019,22050,449818000,21(3.96 %),22550,459918000,500,10100000,162323397,4.28
18/02/2019,42500,916917500,22(4.76 %),50230,1081806000,7730,164888500,162280897,4.29
19/02/2019,48930,1080563500,22.5(2.27 %),48930,1080563500,0,0,162231967,4.31
20/02/2019,99010,2234280000,22.8(1.33 %),105850,2388520000,6840,154240000,162118387,4.34
21/02/2019,103950,2393507500,23.5(3.07 %),118950,2746007500,15000,352500000,162029007,4.36
22/02/2019,27840,645116500,24.75(5.32 %),35750,829622000,7910,184505500,162001167,4.37
25/02/2019,61310,1501950000,24.5(-1.01 %),71480,1750930000,10170,248980000,161906777,4.4
26/02/2019,60670,1438110000,24.5(0.00 %),71780,1701190000,11110,263080000,161849997,4.41
27/02/2019,65280,1624502000,26(6.12 %),71480,1779082000,6200,154580000,161813907,4.42
28/02/2019,74940,1896790000,24.4(-6.15 %),100720,2525820000,25780,629030000,161695877,4.45
01/03/2019,43450,1053256500,24.1(-1.23 %),43460,1053501000,10,244500,161706987,4.45
04/03/2019,72280,1626870500,22.8(-5.39 %),72280,1626870500,0,0,161634707,4.47
05/03/2019,36160,814475000,22.85(0.22 %),36160,814475000,0,0,161598547,4.48
06/03/2019,25240,579430000,23.05(0.88 %),25240,579430000,0,0,161561837,4.49
07/03/2019,40190,917274000,22.85(-0.87 %),53640,1224354000,13450,307080000,161539727,4.5
08/03/2019,30300,684010000,22.9(0.22 %),30300,684010000,0,0,161477897,4.51
11/03/2019,20190,459550000,23.05(0.66 %),31000,707650000,10810,248100000,161446897,4.52
12/03/2019,-1080,-25035000,23.15(0.43 %),6000,138400000,7080,163435000,161490317,4.51
13/03/2019,10820,250890000,23.2(0.22 %),22580,524290000,11760,273400000,161431767,4.53
14/03/2019,62640,1459748000,23.5(1.29 %),62640,1459748000,0,0,161416857,4.53
15/03/2019,314860,7157780000,22.75(-3.19 %),455880,10378880000,141020,3221100000,160931137,4.67
18/03/2019,-69990,-1567730000,22.45(-1.32 %),20,460000,70010,1568190000,160942877,4.66
19/03/2019,14020,317670000,22.5(0.22 %),78020,1744090000,64000,1426420000,160864857,4.68
20/03/2019,100350,2258020000,22.55(0.22 %),112480,2531350000,12130,273330000,160886757,4.68
21/03/2019,32390,731456500,22.8(1.11 %),44250,999535000,11860,268078500,160854367,2.07
22/03/2019,-11060,-252837000,22.9(0.44 %),1030,23535500,12090,276372500,160865427,2.06
25/03/2019,0,0,22.55(-1.53 %),0,0,0,0,160865427,2.06
26/03/2019,-700,-15810000,22.6(0.22 %),0,0,700,15810000,151495674,4.71
27/03/2019,1500,33750000,22.6(0.00 %),1500,33750000,0,0,160864627,2.06
28/03/2019,37480,839990000,22.55(-0.22 %),45960,1029910000,8480,189920000,151460304,4.72
29/03/2019,-220,-4994000,22.6(0.22 %),0,0,220,4994000,160827367,2.07
01/04/2019,-5020,-112970000,22.6(0.00 %),2820,63700000,7840,176670000,151458184,4.72
02/04/2019,-60,-1400000,23.45(3.76 %),440,10100000,500,11500000,151466224,4.72
03/04/2019,37000,888248000,24.2(3.20 %),37380,897368000,380,9120000,151424064,4.66
04/04/2019,18610,446374000,24.2(0.00 %),26680,643839000,8070,197465000,151405454,4.67
05/04/2019,100,2350000,23.25(-3.93 %),100,2350000,0,0,151405354,4.67
08/04/2019,57040,1255684500,22.15(-4.73 %),57040,1255684500,0,0,151348314,4.69
09/04/2019,-5840,-127730000,22.35(0.90 %),0,0,5840,127730000,151362034,4.74
10/04/2019,-4670,-102740000,22(-1.57 %),0,0,4670,102740000,151362034,4.74
11/04/2019,48520,1067940000,22.15(0.68 %),49020,1078990000,500,11050000,151313014,4.76
12/04/2019,38460,845218000,22(-0.68 %),38460,845218000,0,0,151271844,4.71
16/04/2019,-3810,-82139500,21.55(-2.05 %),300,6430000,4110,88569500,151275654,4.71
17/04/2019,500,10670000,21.3(-1.16 %),500,10670000,0,0,151275154,4.71
18/04/2019,19780,419160000,21.1(-0.94 %),19780,419160000,0,0,151264984,4.77
19/04/2019,200,4220000,21.15(0.24 %),200,4220000,0,0,151255174,4.71
22/04/2019,500,10480000,21.1(-0.24 %),500,10480000,0,0,151268394,4.77
23/04/2019,0,0,21.15(0.24 %),0,0,0,0,151254674,4.71
24/04/2019,47300,1000120000,21.15(0.00 %),47300,1000120000,0,0,151221094,4.78
25/04/2019,53680,1139641000,21.2(0.24 %),58680,1245891000,5000,106250000,151153694,4.74
26/04/2019,33860,721980000,21.4(0.94 %),39260,837130000,5400,115150000,151123154,4.81
02/05/2019,-2600,-55350000,21.4(0.00 %),24960,531820000,27560,587170000,151098194,4.82
03/05/2019,25470,546620000,21.45(0.23 %),37910,813460000,12440,266840000,151065284,4.83
06/05/2019,20,384000,21.35(-0.47 %),300,6390000,280,6006000,151097664,4.75
07/05/2019,-86060,-1791350000,20.8(-2.58 %),32760,685130000,118820,2476480000,151065184,4.83
08/05/2019,-21480,-445474000,20.9(0.48 %),200,4145000,21680,449619000,151205204,4.72
09/05/2019,0,0,20.95(0.24 %),0,0,0,0,151077704,4.82
10/05/2019,4360,90470000,20.9(-0.24 %),5000,103750000,640,13280000,151200844,4.73
13/05/2019,-54270,-1122431500,20.75(-0.72 %),8930,185506000,63200,1307937500,151255114,4.71
14/05/2019,4010,83310000,20.85(0.48 %),4010,83310000,0,0,151200264,4.79
15/05/2019,22290,470405000,21.25(1.92 %),22690,478805000,400,8400000,151228814,4.72
16/05/2019,-37250,-791562500,21.25(0.00 %),0,0,37250,791562500,151266064,4.71
17/05/2019,54510,1156450000,21.25(0.00 %),81940,1739340000,27430,582890000,151159474,4.8
20/05/2019,80290,1696460000,21.25(0.00 %),80290,1696460000,0,0,151079584,4.82
21/05/2019,38000,808480000,21.25(0.00 %),38000,808480000,0,0,151078834,4.82
22/05/2019,2500,52950000,21.25(0.00 %),2500,52950000,0,0,151103764,4.82
23/05/2019,66750,1413080000,21.3(0.24 %),66750,1413080000,0,0,151037014,4.84
24/05/2019,40700,861350000,21.2(-0.47 %),43290,916070000,2590,54720000,150993724,4.85
27/05/2019,700,14710000,21.1(-0.47 %),700,14710000,0,0,150993024,4.85
28/05/2019,-58380,-1225580000,21(-0.47 %),24430,513430000,82810,1739010000,150968594,4.85
29/05/2019,75000,1568820000,21(0.00 %),75000,1568820000,0,0,150976404,4.79
30/05/2019,11160,233802000,20.95(-0.24 %),11160,233802000,0,0,150965244,4.79
31/05/2019,74860,1560569000,20.7(-1.19 %),74960,1562664000,100,2095000,150890384,4.81
03/06/2019,74920,1549194000,20.9(0.97 %),74920,1549194000,0,0,150817954,4.83
04/06/2019,92830,1942440000,21(0.48 %),92830,1942440000,0,0,150725124,4.92
05/06/2019,37780,792525000,21.05(0.24 %),37780,792525000,0,0,150687344,4.87
06/06/2019,1000,20730000,20.7(-1.66 %),1000,20730000,0,0,150686444,4.93
07/06/2019,23460,488330000,21(1.45 %),23460,488330000,0,0,150662984,4.94
10/06/2019,37540,790370000,21.3(1.43 %),37540,790370000,0,0,150625344,4.88
11/06/2019,36890,797607500,21.7(1.88 %),40080,866830500,3190,69223000,150588454,4.89
12/06/2019,24770,537710000,21.75(0.23 %),24770,537710000,0,0,150560594,4.97
13/06/2019,23240,501065000,21(-3.45 %),23240,501065000,0,0,150537354,4.91
14/06/2019,85080,1814227500,21.3(1.43 %),85080,1814227500,0,0,150452274,4.93
17/06/2019,0,0,21.35(0.23 %),0,0,0,0,150452274,4.93
18/06/2019,-23540,-503756000,21.4(0.23 %),0,0,23540,503756000,150475814,4.93
19/06/2019,-1750,-37530000,20.45(-4.44 %),0,0,1750,37530000,150455464,5.0
20/06/2019,0,0,20.05(-1.96 %),0,0,0,0,150477564,4.93
21/06/2019,-1766400,-35504640000,20.1(0.25 %),5000,100500000,1771400,35605140000,150474004,4.99
24/06/2019,30360,626180000,21(4.48 %),33290,687480000,2930,61300000,150442464,5.0
25/06/2019,26030,541601000,20.9(-0.48 %),43380,903332000,17350,361731000,152187574,4.45
26/06/2019,83880,1758230000,21.15(1.20 %),91810,1923870000,7930,165640000,152078674,4.54
27/06/2019,27690,580890000,21(-0.71 %),63560,1334660000,35870,753770000,152018044,4.56
28/06/2019,60720,1268010500,21(0.00 %),72940,1523417000,12220,255406500,152015284,7.12
01/07/2019,41640,881690000,21.8(3.81 %),47640,1007590000,6000,125900000,151922744,4.59
02/07/2019,0,0,21.8(0.00 %),0,0,0,0,151958614,4.58
03/07/2019,4090,88760000,21.8(0.00 %),6090,132760000,2000,44000000,151964744,4.58
04/07/2019,6220,135005500,21.75(-0.23 %),8220,178210500,2000,43205000,151960074,4.52
05/07/2019,11470,246960000,21.35(-1.84 %),19770,422390000,8300,175430000,151942754,4.58
08/07/2019,29270,624853000,21.5(0.70 %),31770,678553000,2500,53700000,151919334,4.53
09/07/2019,0,0,21.5(0.00 %),0,0,0,0,151914984,4.59
10/07/2019,0,0,21.55(0.23 %),0,0,0,0,151919334,4.53
11/07/2019,-10000,-218000000,21.8(1.16 %),0,0,10000,218000000,151929334,4.53
12/07/2019,-8450,-185032500,21.65(-0.69 %),0,0,8450,185032500,151937784,4.52
15/07/2019,-1460,-31244000,21.5(-0.69 %),0,0,1460,31244000,151939244,4.52
16/07/2019,-18520,-399240000,21.6(0.47 %),0,0,18520,399240000,151935784,4.58
17/07/2019,-17030,-369754000,21.85(1.16 %),0,0,17030,369754000,151974794,4.51
18/07/2019,-64310,-1397940000,21.8(-0.23 %),900,19530000,65210,1417470000,151944794,4.58
19/07/2019,-43040,-939926500,21.85(0.23 %),0,0,43040,939926500,152082144,4.48
22/07/2019,-17130,-363410000,21.25(-2.75 %),0,0,17130,363410000,151980344,4.57
23/07/2019,10330,219350000,21(-1.18 %),31820,672080000,21490,452730000,152013734,4.56
24/07/2019,15910,335785000,21.15(0.71 %),15910,335785000,0,0,152073034,4.49
25/07/2019,-16000,-345870000,21.85(3.31 %),0,0,16000,345870000,152057994,4.55
26/07/2019,-1500,-32715000,21.8(-0.23 %),0,0,1500,32715000,152090534,4.48
29/07/2019,8870,192640000,22.05(1.15 %),8870,192640000,0,0,152070614,4.55
30/07/2019,-4880,-106684000,21.95(-0.45 %),0,0,4880,106684000,152086544,4.48
31/07/2019,-17640,-384610000,22.85(4.10 %),0,0,17640,384610000,152088114,4.54
01/08/2019,2000,44400000,22.8(-0.22 %),2000,44400000,0,0,152086114,4.54
02/08/2019,0,0,22.45(-1.54 %),0,0,0,0,152088114,4.48
05/08/2019,-39830,-884685500,22.5(0.22 %),0,0,39830,884685500,152127944,4.47
06/08/2019,200,4360000,21.95(-2.44 %),200,4360000,0,0,152108434,4.54
07/08/2019,-19240,-421761000,22.05(0.46 %),0,0,19240,421761000,152146984,4.47
08/08/2019,0,0,22.35(1.36 %),0,0,0,0,152146984,4.47
09/08/2019,96860,2170260000,23(2.91 %),99060,2220760000,2200,50500000,152049204,4.55
12/08/2019,0,0,22.9(-0.43 %),0,0,0,0,152050124,4.49
13/08/2019,0,0,22.65(-1.09 %),0,0,0,0,152068444,4.55
14/08/2019,-25780,-587450000,22.8(0.66 %),6600,150810000,32380,738260000,152064044,4.55
15/08/2019,300,6660000,22.7(-0.44 %),300,6660000,0,0,152063744,4.55
16/08/2019,-87240,-1944010000,22.5(-0.88 %),8280,183820000,95520,2127830000,152055464,4.55
19/08/2019,-13920,-310510000,22.4(-0.44 %),2000,44200000,15920,354710000,152085844,4.54
20/08/2019,-25900,-577450000,22.85(2.01 %),700,15530000,26600,592980000,152085144,4.54
21/08/2019,31180,702960000,22.8(-0.22 %),32180,725660000,1000,22700000,152148484,4.52
22/08/2019,-31340,-701930000,22.5(-1.32 %),500,11130000,31840,713060000,152163904,4.52
23/08/2019,-16660,-374755000,22.5(0.00 %),11900,268345000,28560,643100000,152219484,4.45
26/08/2019,4280,94160000,22.3(-0.89 %),4280,94160000,0,0,152215204,4.45
27/08/2019,-83450,-1843461000,22.05(-1.12 %),0,0,83450,1843461000,152298654,4.42
28/08/2019,-20540,-453670000,22.25(0.91 %),14490,322520000,35030,776190000,152221234,4.5
29/08/2019,-31840,-705320000,22.25(0.00 %),0,0,31840,705320000,152221234,4.5
30/08/2019,39820,896690000,22.75(2.25 %),41820,941940000,2000,45250000,152262864,4.49
03/09/2019,-500,-11480000,22.6(-0.66 %),0,0,500,11480000,152297894,4.48
04/09/2019,31470,706140000,22.6(0.00 %),31470,706140000,0,0,152298264,4.48
05/09/2019,0,0,22.4(-0.88 %),0,0,0,0,152300264,4.48
06/09/2019,0,0,22.05(-1.56 %),0,0,0,0,152300764,4.48
09/09/2019,0,0,22.65(2.72 %),0,0,0,0,152300764,4.48
10/09/2019,-4000,-93200000,23.45(3.53 %),0,0,4000,93200000,152270424,4.43
11/09/2019,-15570,-369507000,24(2.35 %),0,0,15570,369507000,152285994,4.43
12/09/2019,-39260,-935870000,23(-4.17 %),10200,241040000,49460,1176910000,152325254,4.42
13/09/2019,0,0,22.85(-0.65 %),0,0,0,0,152294564,4.48
16/09/2019,14170,327831500,23.6(3.28 %),15170,351331500,1000,23500000,152311084,4.42
17/09/2019,-1000,-23930000,24.1(2.12 %),0,0,1000,23930000,152344424,4.47
18/09/2019,0,0,24(-0.41 %),0,0,0,0,152344424,4.47
19/09/2019,-1000,-24650000,24.5(2.08 %),0,0,1000,24650000,152313084,4.42
20/09/2019,-318840,-7672244000,24.05(-1.84 %),2860,70928000,321700,7743172000,152631924,4.33
23/09/2019,8030,192340000,24.1(0.21 %),10000,239820000,1970,47480000,152333564,4.47
24/09/2019,580,13934500,24.2(0.41 %),580,13934500,0,0,152623314,4.33
25/09/2019,17160,409121500,23.9(-1.24 %),17160,409121500,0,0,152606154,4.34
26/09/2019,0,0,24.35(1.88 %),0,0,0,0,152640494,4.39
27/09/2019,0,0,24.3(-0.21 %),0,0,0,0,152606154,4.34
30/09/2019,1740,40760000,24.15(-0.62 %),15660,376310000,13920,335550000,152624834,4.39
01/10/2019,-74290,-1762134000,23.8(-1.45 %),0,0,74290,1762134000,152625414,4.33
02/10/2019,48220,1153762000,24.25(1.89 %),48220,1153762000,0,0,152577194,4.35
03/10/2019,2740,66182500,24.1(-0.62 %),9840,236582500,7100,170400000,152574454,4.35
04/10/2019,-53990,-1280850000,23.9(-0.83 %),8330,198162000,62320,1479012000,152628444,4.33
07/10/2019,-28170,-664199000,23.6(-1.26 %),17700,419136000,45870,1083335000,152656614,4.33
08/10/2019,-10110,-242115000,23.85(1.06 %),16160,384324500,26270,626439500,152666724,4.32
09/10/2019,6900,164930000,23.75(-0.42 %),6900,164930000,0,0,152675894,4.38
10/10/2019,-29060,-698260000,24.15(1.68 %),2140,51580000,31200,749840000,152719624,4.37
11/10/2019,5650,138617500,24.25(0.41 %),38570,935322500,32920,796705000,152683234,4.32
14/10/2019,390,9400000,24.55(1.24 %),2390,58350000,2000,48950000,152704934,4.37
15/10/2019,2410,58600000,24.25(-1.22 %),2410,58600000,0,0,152733724,4.36
16/10/2019,10,470000,24.3(0.21 %),19500,473390000,19490,472920000,152747144,4.36
17/10/2019,-36380,-874350000,24.65(1.44 %),21070,514750000,57450,1389100000,152728074,4.36
18/10/2019,-35200,-854079000,24.4(-1.01 %),19500,473650000,54700,1327729000,152752004,4.3
21/10/2019,-9540,-228956000,23.75(-2.66 %),1500,35500000,11040,264456000,152761544,4.3
22/10/2019,-9890,-221629000,22.8(-4.00 %),10110,238371000,20000,460000000,152771434,4.29
23/10/2019,3550,81224500,23(0.88 %),8000,183350000,4450,102125500,152767884,4.29
24/10/2019,22320,511890000,22.9(-0.43 %),22320,511890000,0,0,152809324,4.34
25/10/2019,-19310,-426487500,22(-3.93 %),2390,52826500,21700,479314000,152764874,4.3
28/10/2019,-25840,-569890000,22.05(0.23 %),2390,52580000,28230,622470000,152828994,4.33
29/10/2019,-31200,-690000000,22.15(0.45 %),0,0,31200,690000000,152828994,4.33
30/10/2019,207450,4731920500,22.95(3.61 %),207450,4731920500,0,0,152614464,4.34
31/10/2019,-14200,-320550000,22.7(-1.09 %),9570,219030000,23770,539580000,152661904,4.38
01/11/2019,72820,1671782000,23.3(2.64 %),77590,1782923000,4770,111141000,152693104,4.32
04/11/2019,9690,225890000,23.35(0.21 %),14090,328330000,4400,102440000,152601424,4.4
05/11/2019,690,16182000,23.5(0.64 %),720,16884000,30,702000,152682724,4.32
06/11/2019,9370,221942500,23.75(1.06 %),9370,221942500,0,0,152673354,4.32
07/11/2019,33150,790130000,23.75(0.00 %),33150,790130000,0,0,152591124,4.4
08/11/2019,2300,54349000,23.5(-1.05 %),2300,54349000,0,0,152637904,4.33
11/11/2019,2240,52750000,23.65(0.64 %),2240,52750000,0,0,152586614,4.4
12/11/2019,26150,638182000,24.35(2.96 %),30150,735532000,4000,97350000,152609514,4.34
13/11/2019,105030,2620827000,25(2.67 %),105030,2620827000,0,0,152504484,4.37
14/11/2019,60440,1548356500,25.6(2.40 %),60440,1548356500,0,0,152444044,4.38
15/11/2019,30800,807089500,26.15(2.15 %),43600,1137428000,12800,330338500,152413244,4.39
18/11/2019,20540,545649000,26.45(1.15 %),20540,545649000,0,0,152392704,4.4
19/11/2019,-1500,-35430000,25.7(-2.84 %),3920,104150000,5420,139580000,152327494,4.47
20/11/2019,36130,944580000,26.25(2.14 %),50230,1313300000,14100,368720000,152290064,4.49
21/11/2019,14180,369326000,25.6(-2.48 %),14180,369326000,0,0,152343894,4.41
22/11/2019,123180,3270309500,26.9(5.08 %),138730,3688104500,15550,417795000,152220714,4.45
25/11/2019,20430,554480000,27.65(2.79 %),20430,554480000,0,0,152136244,4.53
26/11/2019,-153010,-4199597000,27.9(0.90 %),2620,71262000,155630,4270859000,152353294,4.41
27/11/2019,-37180,-1017520500,27.5(-1.43 %),3460,93584000,40640,1111104500,152390474,4.4
28/11/2019,125950,3536040000,28.35(3.09 %),125950,3536040000,0,0,152019764,4.56
29/11/2019,-2800,-79450000,28.65(1.06 %),5800,166860000,8600,246310000,152169594,4.52
02/12/2019,-115100,-3230416500,28(-2.27 %),140,3976000,115240,3234392500,152210234,4.45
03/12/2019,66200,1875200000,28.9(3.21 %),67560,1912962500,1360,37762500,152144034,4.47
04/12/2019,13990,407720000,29(0.35 %),13990,407720000,0,0,152137144,4.53
05/12/2019,-151240,-4244760000,28.05(-3.28 %),13170,376870000,164410,4621630000,152239494,4.5
06/12/2019,33210,931030000,28.15(0.36 %),49500,1388780000,16290,457750000,152191354,4.51
09/12/2019,-13190,-362780000,27.55(-2.13 %),2450,67590000,15640,430370000,152188904,4.51
10/12/2019,20660,572410000,27.5(-0.18 %),24690,681220000,4030,108810000,152328904,4.47
11/12/2019,158870,4524688500,29.1(5.82 %),158870,4524688500,0,0,152081734,4.48
12/12/2019,83880,2516550000,30.2(3.78 %),83880,2516550000,0,0,152118084,4.53
13/12/2019,-9330,-271720000,29.6(-1.99 %),17990,536480000,27320,808200000,152104124,4.54
16/12/2019,-29890,-864809500,29.2(-1.35 %),3760,109604000,33650,974413500,152037074,4.5
17/12/2019,87860,2588633000,29.4(0.68 %),87890,2589506000,30,873000,151949214,4.52
18/12/2019,4720,143487000,29.5(0.34 %),32380,953108500,27660,809621500,151944494,4.52
19/12/2019,-80430,-2246658500,28.05(-4.92 %),18410,541254000,98840,2787912500,152024924,4.5
20/12/2019,-629970,-17701720000,28.1(0.18 %),23100,649680000,653070,18351400000,151999584,4.57
23/12/2019,77550,2260330000,30.05(6.94 %),80550,2350480000,3000,90150000,151946694,4.58
24/12/2019,79780,2412930000,30.1(0.17 %),79780,2412930000,0,0,151965754,4.58
25/12/2019,37690,1140264500,30.4(1.00 %),37690,1140264500,0,0,152459874,4.38
26/12/2019,94690,2930974500,31.2(2.63 %),97690,3024374500,3000,93400000,152365184,4.41
27/12/2019,173840,5502473000,31.7(1.60 %),174360,5518903000,520,16430000,152191344,4.45
30/12/2019,79780,2412926000,32.1(1.26 %),79780,2412926000,0,0,152111564,4.48
31/12/2019,43120,1407185500,32.65(1.71 %),47010,1534194000,3890,127008500,152068444,4.49
02/01/2020,101360,3356730000,33.3(1.99 %),102360,3389780000,1000,33050000,152125784,4.53
03/01/2020,15620,525159000,33.7(1.20 %),15620,525159000,0,0,152212524,4.45
06/01/2020,16180,544980500,33.6(-0.30 %),27220,917462000,11040,372481500,152196344,4.45
07/01/2020,22120,755146000,34.1(1.49 %),35070,1192729500,12950,437583500,152174224,4.46
08/01/2020,15750,538291500,34.2(0.29 %),15750,538291500,0,0,152158474,4.46
09/01/2020,19450,668850000,34.35(0.44 %),19450,668850000,0,0,152032264,4.56
10/01/2020,11310,390260000,34.65(0.87 %),11310,390260000,0,0,152127714,4.47
13/01/2020,5070,176986500,34.9(0.72 %),11940,415949500,6870,238963000,152122644,4.47
14/01/2020,48440,1726480000,36.6(4.87 %),48440,1726480000,0,0,151973524,4.57
15/01/2020,-4580,-193333500,39(6.56 %),12290,464552500,16870,657886000,152078784,4.48
16/01/2020,-21570,-844230000,38.95(-0.13 %),2020,78880000,23590,923110000,151966084,4.58
17/01/2020,-37760,-1479780000,39.6(1.67 %),1310,51710000,39070,1531490000,151964774,4.58
20/01/2020,2830,112380000,39.7(0.25 %),3230,128260000,400,15880000,151978414,4.57
21/01/2020,1870,74560000,40(0.76 %),1870,74560000,0,0,152000134,4.57
22/01/2020,114070,4594174000,40.55(1.38 %),114070,4594174000,0,0,151886064,4.54
30/01/2020,-36050,-1463070000,40.65(0.25 %),28230,1145300000,64280,2608370000,151897304,4.59
31/01/2020,-7890,-320500000,41.05(0.98 %),4520,184530000,12410,505030000,151892784,4.6
03/02/2020,14420,589432500,40.9(-0.37 %),15620,638487500,1200,49055000,151892784,4.54
04/02/2020,1060,43623000,41.2(0.73 %),1060,43623000,0,0,151891724,4.54
05/02/2020,15300,637394500,41.75(1.33 %),15300,637394500,0,0,151876424,4.54
06/02/2020,40670,1713200000,42.5(1.80 %),40670,1713200000,0,0,151898024,4.59
07/02/2020,32720,1403664000,43.05(1.29 %),32720,1403664000,0,0,151803034,4.56
10/02/2020,36000,1569610000,44.05(2.32 %),36390,1586650000,390,17040000,151828914,4.61
11/02/2020,17480,773405000,44.8(1.70 %),17780,786815000,300,13410000,151749554,4.58
12/02/2020,61110,2753920000,45.1(0.67 %),91410,4117740000,30300,1363820000,151719724,4.64
13/02/2020,-17630,-797890000,45.4(0.67 %),2370,107420000,20000,905310000,151717744,4.65
14/02/2020,-128810,-5701900000,44.25(-2.53 %),1890,83750000,130700,5785650000,151716154,4.65
17/02/2020,-94660,-4191997500,44.45(0.45 %),0,0,94660,4191997500,151929544,4.53
18/02/2020,-19860,-882856500,44.4(-0.11 %),17190,763236000,37050,1646092500,151949404,4.52
19/02/2020,-115820,-5142350000,44.4(0.00 %),0,0,115820,5142350000,151879964,4.6
20/02/2020,-146590,-6513844000,44.5(0.23 %),0,0,146590,6513844000,152211814,4.45
21/02/2020,-45360,-2018700000,44.65(0.34 %),2380,106340000,47740,2125040000,152009294,4.56
24/02/2020,-8920,-379480000,41.55(-6.94 %),1500,62330000,10420,441810000,152123614,4.53
25/02/2020,-35070,-1361354000,38.75(-6.74 %),2000,78800000,37070,1440154000,152301164,4.42
26/02/2020,2990,116380000,36.55(-5.68 %),49520,1818650000,46530,1702270000,152266424,4.49
27/02/2020,-49600,-1685217500,34.15(-6.57 %),59710,2069636000,109310,3754853500,152347774,4.41
28/02/2020,25720,832880000,31.8(-6.88 %),66390,2147510000,40670,1314630000,152187814,4.51
02/03/2020,93100,3069085000,33.9(6.60 %),190460,6154059500,97360,3084974500,152043884,4.49
03/03/2020,261400,8942822500,34.45(1.62 %),338920,11606851000,77520,2664028500,151782484,4.57
04/03/2020,-47340,-1588104000,33.5(-2.76 %),2770,95427500,50110,1683531500,151829824,4.55
05/03/2020,64430,2071090000,32.9(-1.79 %),86210,2755460000,21780,684370000,151863324,4.6
06/03/2020,14890,466069500,31.25(-5.02 %),31790,994220500,16900,528151000,151750504,4.57
09/03/2020,0,0,29.1(-6.88 %),0,0,0,0,151959164,4.58
10/03/2020,-36850,-998650000,27.1(-6.87 %),45600,1235760000,82450,2234410000,151935340,4.58
11/03/2020,-11180,-282295000,25.25(-6.83 %),76050,1920262500,87230,2202557500,151798534,4.56
12/03/2020,-8780,-206340000,23.5(-6.93 %),33810,794540000,42590,1000880000,151842380,4.61
13/03/2020,-7420,-162500000,21.9(-6.81 %),28000,613200000,35420,775700000,151896830,4.6
16/03/2020,499350,11066014500,23.4(6.85 %),510630,11325313500,11280,259299000,151315384,4.69
17/03/2020,8420,188600000,24.2(3.42 %),72750,1725100000,64330,1536500000,151443270,4.72
18/03/2020,-175120,-4091300000,24.2(0.00 %),47040,1115270000,222160,5206570000,151431650,4.72
19/03/2020,-175120,-4091296000,22.55(-6.82 %),47040,1115274000,222160,5206570000,151657204,4.6
20/03/2020,168630,3537209500,21(-6.87 %),203180,4266780000,34550,729570500,151488574,4.65
23/03/2020,1150,21155000,19.55(-6.90 %),10000,195500000,8850,174345000,151487424,4.65
24/03/2020,22940,417510000,18.2(-6.91 %),34730,632090000,11790,214580000,160981953,4.65
25/03/2020,-156750,-2733910000,18.25(0.27 %),54590,990220000,211340,3724130000,160961913,4.66
26/03/2020,15680,277780000,17.15(-6.03 %),17480,309160000,1800,31380000,160953283,4.66
27/03/2020,9070,180170000,17.6(2.62 %),66140,1179600000,57070,999430000,160898933,4.67
30/03/2020,6220,102417000,16.75(-4.83 %),20280,335818000,14060,233401000,151590264,7.24
31/03/2020,-192180,-3203570500,16.5(-1.49 %),6830,112462000,199010,3316032500,151782444,7.19
01/04/2020,-20830,-334250000,16.65(0.91 %),66490,1107980000,87320,1442230000,161075543,4.63
03/04/2020,-19170,-314321500,16.85(1.20 %),40290,677754500,59460,992076000,161161203,4.6
06/04/2020,-15470,-276490000,18(6.82 %),0,0,15470,276490000,161248323,4.58
07/04/2020,-46410,-893392500,19.25(6.94 %),0,0,46410,893392500,161223083,4.59
08/04/2020,-3350,-62160000,20.55(6.75 %),1000,20550000,4350,82710000,161394103,4.54
09/04/2020,-97060,-1997760000,20.7(0.73 %),71880,1508920000,168940,3506680000,161337693,4.55
10/04/2020,1650,36550000,20(-3.38 %),17640,353920000,15990,317370000,161366463,4.55
13/04/2020,40350,787040000,19.7(-1.50 %),48690,947270000,8340,160230000,161322123,4.56
14/04/2020,-740,-14879000,19.05(-3.30 %),22640,431482500,23380,446361500,161282233,4.57
15/04/2020,-116830,-2316997000,19.5(2.36 %),14860,297637500,131690,2614634500,161399063,4.54
16/04/2020,-75790,-1493380000,19.8(1.54 %),19700,389210000,95490,1882590000,161458193,4.52
17/04/2020,-96140,-1974381000,21.15(6.82 %),4520,90896000,100660,2065277000,161570993,4.49
20/04/2020,-22670,-502910000,22(4.02 %),18480,408430000,41150,911340000,161590263,4.48
21/04/2020,-81620,-1694649500,20.5(-6.82 %),17340,357970000,98960,2052619500,161675283,4.46
22/04/2020,-85700,-1679760000,20.3(-0.98 %),7350,148070000,93050,1827830000,161761723,4.44
23/04/2020,-91290,-1857236000,20.7(1.97 %),5420,111963500,96710,1969199500,161852273,4.41
24/04/2020,490,9073000,20.25(-2.17 %),13830,277762000,13340,268689000,161851783,4.41
27/04/2020,16660,349740000,21(3.70 %),16660,349740000,0,0,161958973,4.38
28/04/2020,-24270,-496580000,20.6(-1.90 %),16000,332500000,40270,829080000,162039683,4.36
29/04/2020,24760,524812000,21.2(2.91 %),44860,949037500,20100,424225500,161834633,4.42
04/05/2020,21340,451100000,21(-0.94 %),30160,631830000,8820,180730000,161978003,4.38
05/05/2020,-7090,-169910000,21.95(4.52 %),16650,347630000,23740,517540000,162001623,4.37
06/05/2020,15250,332051000,22.15(0.91 %),37010,810509500,21760,478458500,162000003,4.37
07/05/2020,-270,-5411000,21.95(-0.90 %),10060,221074500,10330,226485500,162000273,4.37
08/05/2020,58790,1298266500,22.05(0.46 %),64150,1416322000,5360,118055500,161941483,4.39
11/05/2020,177490,4003420000,23.3(5.67 %),181990,4107050000,4500,103630000,161782833,4.43
12/05/2020,-16920,-387240000,23.35(0.21 %),10340,240790000,27260,628030000,161782823,4.43
13/05/2020,-6710,-149220000,23(-1.50 %),8340,190460000,15050,339680000,161779843,4.43
14/05/2020,11890,272250500,22.95(-0.22 %),16160,368081000,4270,95830500,161775733,4.43
15/05/2020,-35270,-802219500,23(0.22 %),10630,246022500,45900,1048242000,161811003,4.42
18/05/2020,-85850,-1949130000,23(0.00 %),4500,103500000,90350,2052630000,161795363,4.43
19/05/2020,-40150,-920750000,22.75(-1.09 %),7500,171230000,47650,1091980000,161792133,4.43
20/05/2020,-6120,-138487000,22.3(-1.98 %),12680,284830500,18800,423317500,161943123,4.39
21/05/2020,-40880,-913543000,22.2(-0.45 %),17300,385440000,58180,1298983000,161984003,4.38
22/05/2020,-3010,-56100000,22.75(2.48 %),31690,704310000,34700,760410000,161914363,4.39
25/05/2020,15800,375670000,23.3(2.42 %),52680,1234280000,36880,858610000,161880483,4.4
26/05/2020,-46630,-1065726000,23.5(0.86 %),16290,377563000,62920,1443289000,162017843,4.37
27/05/2020,-78370,-1783290000,22(-6.38 %),15850,354300000,94220,2137590000,161941223,4.39
28/05/2020,-82470,-1753550000,21(-4.55 %),22800,482460000,105270,2236010000,161955303,4.38
29/05/2020,-35900,-740250000,21.2(0.95 %),8860,186660000,44760,926910000,162009363,4.37
01/06/2020,56650,1212780000,21.35(0.71 %),61070,1307200000,4420,94420000,162042513,4.36
02/06/2020,399500,8599432500,21.7(1.64 %),399500,8599432500,0,0,161704083,4.45
03/06/2020,56070,1214840000,21.7(0.00 %),60940,1319550000,4870,104710000,161732103,4.44
04/06/2020,17070,381890000,22.1(1.84 %),82980,1828650000,65910,1446760000,161653543,4.47
05/06/2020,0,0,22.35(1.13 %),0,0,0,0,161630943,4.47
08/06/2020,85490,1960684500,23.1(3.36 %),97090,2227354500,11600,266670000,161545453,4.5
09/06/2020,16830,382770000,22.65(-1.95 %),16830,382770000,0,0,161499403,4.51
10/06/2020,93250,2128280000,23.25(2.65 %),99550,2273370000,6300,145090000,161411353,4.53
11/06/2020,-49500,-1103290000,21.65(-6.88 %),28280,641030000,77780,1744320000,161394673,4.54
12/06/2020,-102880,-2108120000,22.6(4.39 %),13500,273830000,116380,2381950000,161381173,4.54
15/06/2020,-195020,-4183593500,21.55(-4.65 %),12000,263100000,207020,4446693500,161799603,4.43
16/06/2020,-107040,-2279930000,21.6(0.23 %),3310,71230000,110350,2351160000,161449943,4.52
17/06/2020,-68740,-1436100000,21(-2.78 %),1000,20800000,69740,1456900000,161565323,4.49
18/06/2020,-47980,-982630000,21.05(0.24 %),5000,106500000,52980,1089130000,161767343,4.44
19/06/2020,-445510,-9419866000,21.15(0.48 %),89650,1898359500,535160,11318225500,162468873,4.24
22/06/2020,-50100,-1056130000,21.45(1.42 %),0,0,50100,1056130000,161857783,4.41
23/06/2020,13140,315534000,22.5(4.90 %),33230,740678500,20090,425144500,162505833,4.23
24/06/2020,-44920,-983792500,22.45(-0.22 %),9120,205314000,54040,1189106500,162550753,4.22
25/06/2020,-36950,-799567000,22.2(-1.11 %),1950,42067500,38900,841634500,162587703,4.21
26/06/2020,-69020,-1463692000,21.7(-2.25 %),1800,38160000,70820,1501852000,162656723,4.19
29/06/2020,-73500,-1507610000,22.9(5.53 %),12000,243650000,85500,1751260000,162516883,4.23
30/06/2020,-69020,-1463692000,21.3(-6.99 %),1800,38160000,70820,1501852000,162794763,4.15
01/07/2020,-18450,-383401500,20.5(-3.76 %),200,4100000,18650,387501500,162619703,4.2
02/07/2020,-21450,-442580000,20.55(0.24 %),0,0,21450,442580000,162705003,4.18
03/07/2020,92650,1930780000,21.05(2.43 %),92650,1930780000,0,0,162548503,4.22
06/07/2020,-24020,-503240000,21.05(0.00 %),5370,112890000,29390,616130000,162750913,4.16
07/07/2020,12410,262246500,20.9(-0.71 %),12410,262246500,0,0,162560113,4.22
08/07/2020,5130,106954500,20.75(-0.72 %),5250,109462500,120,2508000,162554983,4.22
09/07/2020,78070,1612060000,20.8(0.24 %),78070,1612060000,0,0,162476913,4.24
10/07/2020,44720,941441000,21.2(1.92 %),54720,1152941000,10000,211500000,162432193,4.25
13/07/2020,41620,907810000,21.8(2.83 %),60870,1327460000,19250,419650000,162590553,4.21
14/07/2020,-46690,-1000240000,21.35(-2.06 %),23600,506010000,70290,1506250000,162566953,4.21
15/07/2020,-12860,-275070000,21.7(1.64 %),10000,215500000,22860,490570000,162566953,4.21
16/07/2020,-10940,-236307500,22.05(1.61 %),44540,964672000,55480,1200979500,162461063,4.24
17/07/2020,45880,1007820000,22.05(0.00 %),58770,1290720000,12890,282900000,162553183,4.22
20/07/2020,4830,104811000,21.5(-2.49 %),4830,104811000,0,0,162410353,4.26
21/07/2020,250050,5461610000,22.45(4.42 %),389170,8530870000,139120,3069260000,162237523,4.31
22/07/2020,22310,505729500,22.2(-1.11 %),51290,1148274500,28980,642545000,162137993,4.33
23/07/2020,4870,107179500,21.95(-1.13 %),14340,314771000,9470,207591500,162133123,4.33
24/07/2020,61240,1264510000,20.65(-5.92 %),74260,1535970000,13020,271460000,162249643,4.3
27/07/2020,22970,442772500,19.25(-6.78 %),23970,462072500,1000,19300000,162048913,4.36
28/07/2020,-15050,-307550000,20(3.90 %),21690,408160000,36740,715710000,162242433,4.3
29/07/2020,-17280,-323550000,19(-5.00 %),16640,310850000,33920,634400000,162238813,4.31
30/07/2020,-17280,-323545500,19.05(0.26 %),16640,310852500,33920,634398000,162098523,4.34
31/07/2020,-370210,-7293052000,19.7(3.41 %),1000,18950000,371210,7312002000,162468733,4.24
03/08/2020,-900,-18080000,19.85(0.76 %),100,1970000,1000,20050000,162295033,4.29
04/08/2020,80380,1612792000,20(0.76 %),93140,1870302500,12760,257510500,162214753,4.31
05/08/2020,100080,2010830000,20.05(0.25 %),123070,2469030000,22990,458200000,162450243,4.25
06/08/2020,151100,3018560000,20.1(0.25 %),151100,3018560000,0,0,162300143,4.29
07/08/2020,42100,851674000,20.35(1.24 %),43520,880145000,1420,28471000,161921473,4.39
10/08/2020,93060,1917787000,20.6(1.23 %),94060,1938487000,1000,20700000,161828413,4.42
11/08/2020,-9090,-185430000,20.5(-0.49 %),12550,256240000,21640,441670000,162181143,4.32
12/08/2020,-55160,-1122460000,20.5(0.00 %),11920,243380000,67080,1365840000,162170643,4.32
13/08/2020,68900,1413334000,20.55(0.24 %),78250,1605009000,9350,191675000,161823763,4.42
14/08/2020,-10480,-213500000,20.4(-0.73 %),20960,427430000,31440,640930000,162094073,4.35
17/08/2020,-25480,-505275000,20(-1.96 %),9040,182006000,34520,687281000,161859723,4.41
18/08/2020,-42980,-856246500,19.95(-0.25 %),23500,469731500,66480,1325978000,161902703,4.4
19/08/2020,24540,488260000,20.25(1.50 %),75250,1493480000,50710,1005220000,162115993,4.34
20/08/2020,37800,756682000,20(-1.23 %),91400,1828380500,53600,1071698500,161840363,4.42
21/08/2020,29940,601960000,20.2(1.00 %),35720,718360000,5780,116400000,162089873,4.35
24/08/2020,124910,2550887000,20.4(0.99 %),124910,2550887000,0,0,161685513,4.46
25/08/2020,55610,1153860000,21(2.94 %),64820,1341490000,9210,187630000,162004453,4.37
26/08/2020,168910,3588204500,21.3(1.43 %),170110,3613894500,1200,25690000,161460993,4.52
27/08/2020,-9610,-199419000,21.4(0.47 %),30390,648581000,40000,848000000,161470603,4.52
28/08/2020,-51450,-1106389500,21.35(-0.23 %),57370,1216917500,108820,2323307000,161522053,4.5
31/08/2020,-215560,-4485463500,20.8(-2.58 %),2000,41900000,217560,4527363500,161737613,4.44
01/09/2020,152750,3173260000,20.85(0.24 %),155690,3233870000,2940,60610000,161663983,4.46
03/09/2020,181780,3802961000,20.95(0.48 %),227700,4765447000,45920,962486000,161637893,4.47
04/09/2020,11010,218540000,21.4(2.15 %),71460,1472710000,60450,1254170000,161691203,4.46
07/09/2020,17150,367183500,20.9(-2.34 %),197830,4144711000,180680,3777527500,161609733,4.48
08/09/2020,214780,4444214500,20.85(-0.24 %),250630,5183541500,35850,739327000,161394953,4.54
09/09/2020,80240,1650940000,20.7(-0.72 %),83330,1714380000,3090,63440000,161270633,4.57
10/09/2020,164860,3461314000,21.05(1.69 %),200150,4200466000,35290,739152000,161149853,4.61
11/09/2020,95210,2011324500,21.05(0.00 %),99990,2111951500,4780,100627000,161054643,4.63
14/09/2020,3330,69877500,20.8(-1.19 %),10940,229011500,7610,159134000,161051313,4.63
15/09/2020,-35800,-742510000,20.65(-0.72 %),11880,246560000,47680,989070000,161200713,4.59
16/09/2020,2590,52420000,20.55(-0.48 %),40000,825000000,37410,772580000,161165493,4.6
17/09/2020,-60570,-1246090000,20.5(-0.24 %),1840,37750000,62410,1283840000,161167483,4.6
18/09/2020,-785900,-16299797000,20.75(1.22 %),5310,109323000,791210,16409120000,161930993,4.39
21/09/2020,-17620,-362720000,20.85(0.48 %),17870,371870000,35490,734590000,161228553,4.58
22/09/2020,99070,2041528500,21.05(0.96 %),114880,2366717000,15810,325188500,161849543,4.41
23/09/2020,-107530,-2233370000,20.9(-0.71 %),0,0,107530,2233370000,161968443,4.38
24/09/2020,-29990,-619080000,20.65(-1.20 %),0,0,29990,619080000,162001263,4.37
25/09/2020,-26900,-549485000,20.7(0.24 %),3860,79361000,30760,628846000,162013963,4.37
28/09/2020,450,9350000,20.95(1.21 %),3040,62704000,2590,53354000,162013513,4.37
29/09/2020,-409690,-8808280000,21.5(2.63 %),69690,1491860000,479380,10300140000,162078003,4.35
30/09/2020,-95320,-2083700000,21.55(0.23 %),36130,764000000,131450,2847700000,162072933,4.35
01/10/2020,34150,716256500,21.45(-0.46 %),47740,1008113000,13590,291856500,162075523,4.35
02/10/2020,16890,347210000,21.6(0.70 %),17730,364910000,840,17700000,162489433,4.24
05/10/2020,-127080,-2722010000,21.1(-2.31 %),57450,1232040000,184530,3954050000,162563433,4.22
06/10/2020,355600,7604120000,21.55(2.13 %),380390,8136220000,24790,532100000,162196633,4.32
07/10/2020,18040,383220000,21.2(-1.62 %),19720,418960000,1680,35740000,162177753,4.32
08/10/2020,-78720,-1653910000,20.9(-1.42 %),5610,116780000,84330,1770690000,162356073,4.27
09/10/2020,-86760,-1779650000,21.3(1.91 %),53670,1134940000,140430,2914590000,162327193,4.28
12/10/2020,-136490,-2867820000,20.9(-1.88 %),32070,686670000,168560,3554490000,162296803,4.29
13/10/2020,4300,88870000,20.95(0.24 %),6400,132680000,2100,43810000,162374733,4.27
14/10/2020,-13010,-271087000,21.1(0.72 %),18570,385171000,31580,656258000,162122753,4.34
15/10/2020,76820,1628220000,21(-0.47 %),125870,2656810000,49050,1028590000,162539283,4.22
16/10/2020,-3570,-75453500,21.1(0.48 %),10340,213416000,13910,288869500,162049503,4.36
19/10/2020,4660,96314000,20.6(-2.37 %),5060,104574000,400,8260000,162044843,4.36
20/10/2020,107080,2208050000,20.9(1.46 %),108080,2228950000,1000,20900000,162497273,4.23
21/10/2020,20230,414160000,20.9(0.00 %),29730,612710000,9500,198550000,162481453,4.24
22/10/2020,60300,1236640000,20.45(-2.15 %),65300,1338890000,5000,102250000,162415053,4.26
23/10/2020,-47610,-976260000,20.5(0.24 %),4030,82724000,51640,1058984000,161904843,4.4
26/10/2020,96370,1995620000,20.05(-2.20 %),99310,2056140000,2940,60520000,162321613,4.28
27/10/2020,16220,222694560,19.6(-2.24 %),22620,333049440,6400,110354880,161792253,4.43
28/10/2020,-7000,-123018500,19(-3.06 %),22680,430918000,29680,553936500,161799253,4.43
29/10/2020,-32310,-600091500,18.7(-1.58 %),8510,158388500,40820,758480000,161831563,4.42
30/10/2020,-81010,-1499357000,18.5(-1.07 %),3430,63374000,84440,1562731000,161912573,4.4
02/11/2020,187360,3404730000,18(-2.70 %),197360,3586730000,10000,182000000,162162213,4.33
03/11/2020,98330,1809310000,18.6(3.33 %),133650,2464730000,35320,655420000,162069383,4.35
04/11/2020,41840,782700500,18.8(1.08 %),41840,782700500,0,0,162219403,4.31
05/11/2020,198480,3749390000,18.8(0.00 %),199480,3768440000,1000,19050000,161950443,4.38
06/11/2020,152730,2866550000,18.8(0.00 %),152730,2866550000,0,0,161868193,4.41
09/11/2020,58840,1106590000,18.8(0.00 %),60520,1138340000,1680,31750000,161772513,4.43
10/11/2020,43190,807249500,18.8(0.00 %),59200,1106887000,16010,299637500,161766163,4.44
11/11/2020,87110,1618810000,18.55(-1.33 %),88750,1649310000,1640,30500000,161625563,4.47
12/11/2020,106140,1971855000,18.7(0.81 %),122740,2280335000,16600,308480000,161572913,4.49
13/11/2020,38330,714034500,18.65(-0.27 %),48330,900034500,10000,186000000,161534583,4.5
16/11/2020,41250,764122500,18.1(-2.95 %),46050,852196500,4800,88074000,161493333,4.51
17/11/2020,42950,785769500,18.75(3.59 %),226990,4192690000,184040,3406920500,161450383,4.52
18/11/2020,95490,1800640000,18.85(0.53 %),125890,2371930000,30400,571290000,161106823,4.62
19/11/2020,-13510,-254122000,19(0.80 %),23700,442960000,37210,697082000,161368403,4.55
20/11/2020,480020,9571040000,20.3(6.84 %),488320,9735640000,8300,164600000,160793893,4.7
23/11/2020,230240,4798280000,20.85(2.71 %),242860,5062670000,12620,264390000,160583073,4.76
24/11/2020,-92080,-1870680000,20.1(-3.60 %),30260,613590000,122340,2484270000,160590023,4.76
25/11/2020,-212040,-4187090000,20.15(0.25 %),48230,957800000,260270,5144890000,160552143,4.77
26/11/2020,479020,9843910000,20.65(2.48 %),486910,10006140000,7890,162230000,160079493,4.9
27/11/2020,79010,1610260000,0(0.00 %),101080,2058000000,22070,447740000,160100753,4.89
30/11/2020,95920,1896750000,19.5(-3.47 %),153550,3050560000,57630,1153810000,160207473,4.86
01/12/2020,-404660,-7651019000,20.55(5.38 %),216220,4158750000,620880,11809769000,160215363,4.86
02/12/2020,-38874,-7753710000,20.05(-2.43 %),17632,3513530000,56506,11267240000,159845123,4.96
03/12/2020,-28050,-546850000,20.05(0.00 %),15040,297280000,43090,844130000,159887713,4.95
04/12/2020,46310,907380000,19.7(-1.75 %),55620,1088550000,9310,181170000,160452973,4.8
07/12/2020,77100,1504119000,19.75(0.25 %),135550,2641308500,58450,1137189500,160508743,4.78
08/12/2020,8970,173660000,19.45(-1.52 %),17120,331780000,8150,158120000,160906403,4.67
09/12/2020,1958,386130000,19.65(1.03 %),5263,1025380000,3305,639250000,160860213,4.69
10/12/2020,6152,1179150000,19.1(-2.80 %),11157,2145060000,5005,965910000,160805043,4.7
11/12/2020,69870,1338907500,19.15(0.26 %),79100,1515662000,9230,176754500,160348803,4.83
14/12/2020,37440,717961500,19.25(0.52 %),139080,2679807500,101640,1961846000,160311363,4.84
15/12/2020,86810,1668518000,19.1(-0.78 %),104320,2003849500,17510,335331500,160224553,4.86
16/12/2020,3531,675090000,19.1(0.00 %),3613,690790000,82,15700000,160546893,4.77
17/12/2020,-70070,-1332120000,19.15(0.26 %),99980,1908750000,170050,3240870000,160544503,4.77
18/12/2020,-69962,-13505440000,19.3(0.78 %),16943,3267080000,86905,16772520000,160395766,4.81
21/12/2020,70820,1368660000,19.3(0.00 %),83820,1619410000,13000,250750000,160323866,4.83
22/12/2020,23670,458748270,19.55(1.30 %),26170,497510270,2500,38762000,160864443,4.68
23/12/2020,376660,7682041000,20.3(3.84 %),428760,8747471500,52100,1065430500,160487783,4.79
24/12/2020,-102090,-2004227500,19.95(-1.72 %),89570,1788328500,191660,3792556000,160589873,4.76
25/12/2020,240790,4802408000,20(0.25 %),243240,4851370500,2450,48962500,160349083,4.83
28/12/2020,116110,2382700000,20.4(2.00 %),123130,2525960000,7020,143260000,160521436,4.78
29/12/2020,-6931,-1395310000,20.15(-1.23 %),580,116640000,7511,1511950000,160707296,4.73
30/12/2020,20670,4218180000,20.2(0.25 %),22633,4616710000,1963,398530000,160483416,4.79
31/12/2020,-177470,-3538176000,19.95(-1.24 %),17080,342896500,194550,3881072500,160660886,4.74
04/01/2021,41100,826075000,20.05(0.50 %),48100,966995000,7000,140920000,160500366,4.78
05/01/2021,-1610,-324450000,20.05(0.00 %),9050,1817820000,10660,2142270000,160429496,4.8
06/01/2021,537300,11397480000,20.8(3.74 %),684900,14490730000,147600,3093250000,159979166,4.93
07/01/2021,150400,3205365000,21.1(1.44 %),231500,4919105000,81100,1713740000,159828766,4.97
08/01/2021,18310,4175120000,22.55(6.87 %),40790,9109820000,22480,4934700000,159413346,5.08
11/01/2021,359100,8551455000,24.1(6.87 %),437100,10414030000,78000,1862575000,159286566,5.12
12/01/2021,705000,17714410000,25(3.73 %),918900,22973030000,213900,5258620000,158581566,5.31
13/01/2021,35400,884750000,24.15(-3.40 %),135900,3353610000,100500,2468860000,158546166,5.32
14/01/2021,609100,15347455000,25.7(6.42 %),630000,15869360000,20900,521905000,157937066,5.49
15/01/2021,40430,10743870000,26.4(2.72 %),50340,13366200000,9910,2622330000,157555850,5.6
18/01/2021,37300,1020530000,26.15(-0.95 %),70800,1897380000,33500,876850000,157495466,5.61
19/01/2021,42100,987220000,24.35(-6.88 %),128200,3157740000,86100,2170520000,157453366,5.62
20/01/2021,109000,2619125000,23.7(-2.67 %),301000,7007245000,192000,4388120000,157344366,5.65
21/01/2021,474200,11861200000,25.35(6.96 %),506600,12659950000,32400,798750000,156870166,5.26
22/01/2021,58120,15246610000,25.9(2.17 %),77460,20268270000,19340,5021660000,156130400,5.99
25/01/2021,-82300,-2118045000,25.95(0.19 %),84100,2178770000,166400,4296815000,156371266,5.92
26/01/2021,-20510,-5059470000,24.3(-6.36 %),1790,442010000,22300,5501480000,156285820,5.95
27/01/2021,89800,2247725000,23(-5.35 %),224300,5409135000,134500,3161410000,156486566,5.89
28/01/2021,-342900,-7262665000,21.4(-6.96 %),416400,8998490000,759300,16261155000,156829466,5.8
29/01/2021,55220,12687280000,21.95(2.57 %),102110,22353480000,46890,9666200000,155209740,6.24
01/02/2021,-310600,-6121215000,20.45(-6.83 %),283900,6161550000,594500,12282765000,156760240,5.81
02/02/2021,4170,903310000,21(2.69 %),23880,5014090000,19710,4110780000,155580840,6.14
03/02/2021,70990,15900520000,22.45(6.90 %),101950,22586510000,30960,6685990000,155030240,6.29
04/02/2021,-159900,-3551475000,22.35(-0.45 %),150000,3370945000,309900,6922420000,154468640,6.45
05/02/2021,17240,3881380000,22.55(0.89 %),20510,4613820000,3270,732440000,155466740,6.17
08/02/2021,-673200,-14334910000,21(-6.87 %),66900,1441035000,740100,15775945000,154969440,6.31
09/02/2021,-52950,-11210870000,21.3(1.43 %),15460,3289870000,68410,14500740000,155828740,6.07
17/02/2021,-168600,-3701800000,22.15(3.99 %),245200,5426720000,413800,9128520000,155667540,6.12
18/02/2021,40100,955030000,23.5(6.09 %),276100,6394750000,236000,5439720000,155627440,6.13
19/02/2021,-80400,-1881185000,23.3(-0.85 %),1900,44315000,82300,1925500000,155707840,6.1
22/02/2021,-303500,-7007260000,22.8(-2.15 %),58000,1340655000,361500,8347915000,156011340,6.02
23/02/2021,10720,2465660000,23(0.88 %),13700,3147580000,2980,681920000,157186960,5.7
24/02/2021,-9880,-2217620000,22.25(-3.26 %),5620,1282710000,15500,3500330000,157201060,5.69
25/02/2021,-157600,-3466135000,22.05(-0.90 %),9900,220945000,167500,3687080000,156160540,5.98
26/02/2021,-160400,-3473175000,21.8(-1.13 %),18200,395705000,178600,3868880000,156320940,5.94
01/03/2021,162400,3668000000,22.6(3.67 %),165700,3742275000,3300,74275000,157691260,5.56
02/03/2021,-96400,-2182835000,22.5(-0.44 %),39200,893180000,135600,3076015000,157787660,5.53
03/03/2021,6600,150730000,22.75(1.11 %),35000,794505000,28400,643775000,157781060,5.53
04/03/2021,-60900,-1347760000,21.8(-4.18 %),51500,1148110000,112400,2495870000,157841960,5.52
05/03/2021,-136900,-2956540000,21.95(0.69 %),86600,1898115000,223500,4854655000,157978860,5.48
08/03/2021,4790,1075580000,22.05(0.46 %),10810,2409320000,6020,1333740000,157680760,5.56
09/03/2021,-13000,-299095000,22.35(1.36 %),127600,2869425000,140600,3168520000,157943960,5.49
10/03/2021,-710,-157990000,22.7(1.57 %),5390,1222380000,6100,1380370000,157799160,5.53
11/03/2021,60400,1381860000,22.8(0.44 %),70600,1614500000,10200,232640000,157890660,5.5
12/03/2021,-8630,-1961860000,22.65(-0.66 %),250,57000000,8880,2018860000,157898860,5.5
15/03/2021,-2670,-605700000,22.7(0.22 %),250,56950000,2920,662650000,157957360,5.48
16/03/2021,-580,-143180000,23.6(3.96 %),15440,3638070000,16020,3781250000,157813160,5.52
17/03/2021,15050,3619460000,23.85(0.21 %),17860,4297930000,2810,678470000,157716160,5.55
18/03/2021,-100300,-2393855000,23.8(-0.21 %),3200,75850000,103500,2469705000,157959260,5.48
19/03/2021,-1127200,-26022855000,23(-3.36 %),13000,306340000,1140200,26329195000,159086460,5.17
22/03/2021,-103800,-2400985000,23.2(0.87 %),66800,1555895000,170600,3956880000,159190260,5.15
23/03/2021,-36040,-8204760000,22.65(-2.37 %),3110,719280000,39150,8924040000,157861430,5.51
24/03/2021,-125000,-2781825000,21.9(-3.31 %),15500,343800000,140500,3125625000,159675660,5.01
25/03/2021,-12600,-2748460000,21.8(-0.46 %),4270,936270000,16870,3684730000,159103180,5.17
26/03/2021,54600,1226190000,21.6(-0.92 %),108600,2356035000,54000,1129845000,159747060,4.99
29/03/2021,194300,4327640000,22.4(3.70 %),241200,5371900000,46900,1044260000,159552760,5.05
30/03/2021,-1000,-219510000,22.8(1.79 %),6520,1462000000,7520,1681510000,159394520,5.09
31/03/2021,27390,6284740000,22.9(0.44 %),46310,10649430000,18920,4364690000,158994280,5.2
01/04/2021,245700,5764565000,24.25(5.90 %),351500,8229540000,105800,2464975000,159039980,5.19
02/04/2021,30330,7268100000,24.2(-0.21 %),41800,10013430000,11470,2745330000,147550883,10.59
05/04/2021,7030,1654360000,24.55(1.45 %),35080,8547510000,28050,6893150000,147389283,10.63
06/04/2021,24400,5921990000,25.9(5.50 %),35100,8518920000,10700,2596930000,147144083,10.7
07/04/2021,423100,10707785000,26.4(1.93 %),441000,11172965000,17900,465180000,157999280,8.33
08/04/2021,29980,7742500000,26(-1.52 %),30630,7909990000,650,167490000,146923983,10.75
09/04/2021,18050,4548960000,26.4(1.54 %),27010,6855690000,8960,2306730000,146762883,10.8
12/04/2021,181700,4656000000,25.9(-1.89 %),222400,5698465000,40700,1042465000,157337280,8.51
13/04/2021,-7480,-1831350000,24.6(-5.02 %),40890,10274010000,48370,12105360000,146158383,10.95
14/04/2021,4070,1147800000,24.5(-0.41 %),40340,9876300000,36270,8728500000,145842983,11.04
15/04/2021,-6200,-50290000,23.95(-2.24 %),260200,6426870000,266400,6477160000,157377580,8.5
16/04/2021,528500,12392040000,22.95(-4.18 %),701400,16419115000,172900,4027075000,156849080,8.65
19/04/2021,-5060,-1186660000,23.35(1.74 %),19910,4624480000,24970,5811140000,145559333,11.11
20/04/2021,65200,1519155000,22.75(-2.57 %),172000,3987475000,106800,2468320000,156834480,8.65
22/04/2021,-49700,-10925080000,21.5(-5.49 %),14170,3157010000,63870,14082090000,145673833,11.08
23/04/2021,330400,7275245000,22.3(3.72 %),583200,12738985000,252800,5463740000,157001080,8.61
26/04/2021,-214600,-4638750000,21.5(-3.59 %),152100,3345925000,366700,7984675000,157215680,8.55
27/04/2021,15960,3539960000,21.75(1.16 %),43470,9461700000,27510,5921740000,145502233,11.12
28/04/2021,3120,704910000,22(1.15 %),29920,6571470000,26800,5866560000,145455833,11.14
29/04/2021,-171100,-3753890000,21.7(-1.36 %),179200,3925790000,350300,7679680000,157195980,8.55
04/05/2021,457500,10286185000,22.55(3.92 %),564400,12653630000,106900,2367445000,145910033,11.66
05/05/2021,-43800,-990085000,22.5(-0.22 %),23000,518780000,66800,1508865000,145953833,11.65
06/05/2021,173200,4047515000,22.7(0.89 %),760100,17532985000,586900,13485470000,145780633,11.7
07/05/2021,-588800,-13016320000,21.9(-3.52 %),280000,6152745000,868800,19169065000,146369433,11.53
10/05/2021,-224900,-4933885000,21.85(-0.23 %),4400,95950000,229300,5029835000,146594333,11.47
11/05/2021,-124100,-2764965000,22.1(1.14 %),26600,586600000,150700,3351565000,146718433,11.44
12/05/2021,-376900,-8388490000,22.3(0.90 %),53100,1178330000,430000,9566820000,147095333,11.33
13/05/2021,-52800,-1201195000,22(-1.35 %),56200,1251665000,109000,2452860000,147148133,11.32
14/05/2021,-14700,-333740000,22.5(2.27 %),8100,178410000,22800,512150000,147162833,11.32
17/05/2021,7520,1717300000,22.9(1.78 %),11000,2512000000,3480,794700000,147056153,10.72
18/05/2021,-29200,-619195000,22.2(-3.06 %),82900,1873000000,112100,2492195000,147116833,11.33
19/05/2021,-8550,-1872750000,21.85(-1.58 %),210,46090000,8760,1918840000,147099853,10.71
20/05/2021,-21000,-459435000,21.95(0.46 %),3300,70950000,24300,530385000,147223333,11.3
21/05/2021,-97900,-2163660000,22.5(2.51 %),57000,1257150000,154900,3420810000,147321233,11.27
24/05/2021,13170,2946350000,23.5(4.44 %),48880,11165300000,35710,8218950000,146780413,10.79
25/05/2021,-49900,-1157670000,23.5(0.00 %),75800,1776985000,125700,2934655000,147239433,11.29
26/05/2021,119100,2739035000,23(-2.13 %),126100,2900180000,7000,161145000,147120333,11.33
27/05/2021,80,140000,22.1(-3.91 %),22130,4901030000,22050,4900890000,146898313,10.76
28/05/2021,-27200,-605385000,22.5(1.81 %),84900,1906220000,112100,2511605000,147146733,11.32
31/05/2021,230,50410000,22.3(-0.89 %),710,156830000,480,106420000,146942013,10.75
01/06/2021,-110,-24040000,21.85(-2.02 %),450,99000000,560,123040000,147159213,10.69
02/06/2021,-2100,-47485000,22.2(1.60 %),12100,266870000,14200,314355000,147165813,10.69
03/06/2021,-530,-112720000,22.35(0.68 %),7460,1666400000,7990,1779120000,147190613,10.69
04/06/2021,41200,919745000,22.1(-1.12 %),58800,1307465000,17600,387720000,147129913,10.7
07/06/2021,4600,102530000,22.6(2.26 %),6600,147930000,2000,45400000,147125313,14.14
08/06/2021,-65200,-1443375000,21.9(-3.10 %),10000,224945000,75200,1668320000,147190513,12.6
09/06/2021,2500,55220000,22(0.46 %),79100,1739770000,76600,1684550000,147188013,12.6
10/06/2021,-17500,-380565000,21.8(-0.91 %),8800,192775000,26300,573340000,147205513,12.6
11/06/2021,380,82960000,21.9(0.46 %),380,82960000,0,0,139589228,14.03
14/06/2021,-4270,-951180000,22.2(1.37 %),12240,2695400000,16510,3646580000,139552428,14.61
15/06/2021,18800,448035000,22.3(0.45 %),231600,5086245000,212800,4638210000,147225613,12.59
16/06/2021,7630,1666220000,22.5(0.90 %),33800,7577630000,26170,5911410000,146992643,14.18
17/06/2021,-2150,-479910000,22.2(-1.33 %),1680,373870000,3830,853780000,147140043,14.14
18/06/2021,-100020,-23368530000,23.5(5.86 %),72080,16624570000,172100,39993100000,146738593,14.24
21/06/2021,-396700,-9188565000,22.8(-2.98 %),29400,685535000,426100,9874100000,148567713,13.78
22/06/2021,-56000,-1293845000,22.7(-0.44 %),370000,8490645000,426000,9784490000,148623713,13.77
23/06/2021,-9800,-2173270000,22.1(-2.64 %),2860,634080000,12660,2807350000,148236593,13.86
24/06/2021,3180,704380000,22.15(0.23 %),3980,881040000,800,176660000,148622893,13.77
25/06/2021,-1630,-361030000,22.05(-0.45 %),1010,222970000,2640,584000000,149038793,13.66
28/06/2021,-6590,-1449330000,22.05(0.00 %),1130,249030000,7720,1698360000,149156893,13.63
29/06/2021,-585000,-12854475000,21.9(-0.68 %),67000,1481165000,652000,14335640000,149357113,13.58
30/06/2021,-21800,-477635000,21.85(-0.23 %),18100,396460000,39900,874095000,149378913,13.58
01/07/2021,-97400,-2129340000,21.9(0.23 %),24000,524980000,121400,2654320000,149201393,13.62
02/07/2021,-22100,-479640000,21.85(-0.23 %),10500,229610000,32600,709250000,149223493,13.62
05/07/2021,-183400,-4048370200,21.3(-2.52 %),57600,1036830200,241000,5085200400,149406893,13.57
06/07/2021,-125800,-2619640000,20.6(-3.29 %),69500,1441010000,195300,4060650000,149532693,13.54
07/07/2021,182500,3966790000,21.9(6.31 %),317700,6659965000,135200,2693175000,149350193,13.59
08/07/2021,60200,984531600,21.05(-3.88 %),172000,2968320700,111800,1983789100,149289993,13.6
09/07/2021,-15270,-3071250000,20(-4.99 %),1980,404170000,17250,3475420000,149842493,13.46
12/07/2021,-4200,-85255000,18.75(-6.25 %),270800,5046845000,275000,5132100000,149446893,13.56
13/07/2021,77720,14997620000,19.65(4.80 %),79290,15292290000,1570,294670000,149008093,13.67
14/07/2021,-30200,-550205000,19.1(-2.80 %),119300,2317995000,149500,2868200000,148699893,13.75
15/07/2021,-62170,-11792540000,19.15(0.26 %),42230,8088110000,104400,19880650000,148885993,13.7
16/07/2021,55500,1080960000,19.2(0.26 %),141300,2736835000,85800,1655875000,149266093,13.61
19/07/2021,-34600,-634310000,18.05(-5.99 %),131100,2385325000,165700,3019635000,149300693,13.6
20/07/2021,-35340,-6185210000,18.85(4.43 %),31880,5979950000,67220,12165160000,149537573,13.54
21/07/2021,9600,1812590000,18.9(0.27 %),11640,2197380000,2040,384790000,149510973,13.55
22/07/2021,-472000,-8871480000,19.15(1.32 %),48200,918355000,520200,9789835000,150030093,13.42
23/07/2021,-10330,-1912070000,18.5(-3.39 %),1570,291770000,11900,2203840000,150284959,13.35
26/07/2021,-2660,-491320000,18.6(0.54 %),2970,549690000,5630,1041010000,150275659,13.35
27/07/2021,-6210,-1161220000,18.8(1.08 %),380,70860000,6590,1232080000,150792059,13.22
28/07/2021,-3260,-601660000,19.15(1.86 %),2160,412990000,5420,1014650000,150889459,13.2
29/07/2021,-82300,-1561165000,18.9(-1.31 %),200,3815000,82500,1564980000,150336993,13.34
30/07/2021,-346100,-6614635000,19.15(1.32 %),30400,586640000,376500,7201275000,150683093,13.25
02/08/2021,-208100,-3941725000,18.8(-1.83 %),9200,174380000,217300,4116105000,151047259,13.16
03/08/2021,-200600,-3778450000,19.2(2.13 %),1000,18800000,201600,3797250000,151247859,13.11
04/08/2021,-169100,-3200460000,18.9(-1.56 %),900,17040000,170000,3217500000,151416959,13.07
05/08/2021,-271500,-5140455000,18.95(0.26 %),4700,88840000,276200,5229295000,151688459,13.0
06/08/2021,-368000,-6956790000,18.85(-0.53 %),4500,84875000,372500,7041665000,152056459,12.91
09/08/2021,-429600,-8115670000,18.9(0.27 %),72400,1367490000,502000,9483160000,152486059,12.8
10/08/2021,-450800,-8803325000,19.65(3.97 %),50700,992650000,501500,9795975000,152936859,12.69
11/08/2021,-514700,-10196445000,19.8(0.76 %),31900,630330000,546600,10826775000,153451559,12.56
12/08/2021,-206100,-4022505000,19.5(-1.52 %),1000,19545000,207100,4042050000,153657659,12.51
13/08/2021,-219200,-4013683800,19.4(-0.51 %),3700,21044100,222900,4034727900,153876859,12.45
16/08/2021,-373800,-7213560000,19.2(-1.03 %),14200,274765000,388000,7488325000,154250659,12.36
17/08/2021,-540400,-10278370000,19.05(-0.78 %),8400,160300000,548800,10438670000,154957659,12.18
18/08/2021,-681200,-13072400000,19.3(1.31 %),80800,1552140000,762000,14624540000,154931859,12.19
19/08/2021,-321100,-6143880000,18.95(-1.81 %),3300,63130000,324400,6207010000,155252959,12.11
20/08/2021,-465600,-8785925000,19(0.26 %),7500,141085000,473100,8927010000,155718559,11.99
23/08/2021,-296000,-5541495000,18.8(-1.05 %),16000,297005000,312000,5838500000,156014559,11.92
24/08/2021,-414000,-7629925000,18.2(-3.19 %),4000,73385000,418000,7703310000,156428559,11.81
25/08/2021,-312700,-5732785000,18.35(0.82 %),6300,114860000,319000,5847645000,156741259,11.73
26/08/2021,-291500,-5353960000,18.3(-0.27 %),8500,155890000,300000,5509850000,157032759,11.66
27/08/2021,-246100,-4492945000,18.4(0.55 %),5400,97830000,251500,4590775000,157278859,11.6
30/08/2021,-322400,-6131830000,19(3.26 %),86180,1612812000,408580,7744642000,157601259,11.52
31/08/2021,-133500,-2548630000,19.5(2.63 %),175800,3422555000,309300,5971185000,157734759,11.48
01/09/2021,-323700,-6329585000,19.65(0.77 %),48900,960355000,372600,7289940000,158215659,11.36
06/09/2021,152700,3024855000,20.15(2.54 %),285600,5696000000,132900,2671145000,158062959,11.4
07/09/2021,-60300,-1169160000,19.4(-3.72 %),15700,310205000,76000,1479365000,158123259,11.39
08/09/2021,-116300,-2203985000,19(-2.06 %),4200,80845000,120500,2284830000,158239559,11.36
09/09/2021,-551700,-10240860000,18.5(-2.63 %),12400,230880000,564100,10471740000,158791259,11.22
10/09/2021,-766300,-13142045000,17.15(-7.30 %),6000,102900000,772300,13244945000,159557559,11.03
13/09/2021,-320100,-5512525000,17.25(0.58 %),68700,1225755000,388800,6738280000,159877659,10.95
14/09/2021,-1610300,-27237900000,17.45(1.16 %),37700,655820000,1648000,27893720000,161487959,10.54
15/09/2021,-570000,-10071925000,17.8(2.01 %),10200,180925000,580200,10252850000,162057959,10.4
16/09/2021,-857500,-14846465000,17.1(-3.93 %),13100,227820000,870600,15074285000,162915459,10.19
17/09/2021,-3657600,-62827040000,17.2(0.58 %),124400,2139675000,3782000,64966715000,166573059,9.27
20/09/2021,-296700,-5099885000,17.25(0.29 %),6000,103060000,302700,5202945000,166869759,9.2
21/09/2021,-82700,-1432095000,17.2(-0.29 %),45800,778700000,128500,2210795000,166952459,9.18
22/09/2021,-325600,-5601810000,17.25(0.29 %),1600,27440000,327200,5629250000,167278059,9.09
23/09/2021,-1532400,-27009260000,17.65(2.32 %),101100,1775085000,1633500,28784345000,168810459,8.71
24/09/2021,-484000,-8662550000,18.05(2.27 %),150200,2681635000,634200,11344185000,169294459,8.59
27/09/2021,-536300,-9578660000,17.9(-0.83 %),700,12650000,537000,9591310000,169830759,8.45
28/09/2021,-460000,-8191450000,18.05(0.84 %),28000,496150000,488000,8687600000,170290759,8.34
29/09/2021,-394000,-6949305000,17.8(-1.39 %),28400,499565000,422400,7448870000,170684759,8.24
30/09/2021,-269400,-4755630000,17.85(0.28 %),100,1760000,269500,4757390000,170954159,8.17
01/10/2021,-795800,-14153405000,17.9(0.28 %),21700,379765000,817500,14533170000,171317649,8.08
04/10/2021,1600,28045000,17.5(-2.23 %),1600,28045000,0,0,171316049,8.08
05/10/2021,-221000,-3857630000,17.55(0.29 %),500,8705000,221500,3866335000,171537049,8.03
06/10/2021,-200900,-3515995000,17.6(0.28 %),0,0,200900,3515995000,171737949,0.0
07/10/2021,-94800,-1650675000,17.3(-1.70 %),3400,59065000,98200,1709740000,171832749,0.0
08/10/2021,-13800,-238745000,17.05(-1.45 %),1200,20755000,15000,259500000,171846549,0.0
11/10/2021,-476700,-7839305000,17(-0.29 %),23300,396216500,500000,8235521500,172323249,0.0
12/10/2021,-679200,-11646035000,17.2(1.18 %),22800,390265000,702000,12036300000,173002449,0.0
13/10/2021,-558000,-9572650000,17.1(-0.58 %),3000,51550000,561000,9624200000,173560449,0.0
14/10/2021,-298100,-5118640000,17.15(0.29 %),5000,85800000,303100,5204440000,173858549,0.0
15/10/2021,-154200,-2638310000,17.05(-0.58 %),62300,1061275000,216500,3699585000,174012749,0.0
18/10/2021,-30900,-528880000,16.75(-1.76 %),26700,450635000,57600,979515000,174043649,0.0
19/10/2021,-59700,-996160000,16.55(-1.19 %),31200,520915000,90900,1517075000,174103349,0.0
20/10/2021,-212000,-3544910000,16.65(0.60 %),900,14895000,212900,3559805000,174315349,0.0
21/10/2021,-179200,-2990140000,16.65(0.00 %),20900,348480000,200100,3338620000,174282549,0.0
22/10/2021,-1243400,-21209795000,17(2.10 %),0,0,1243400,21209795000,175525949,0.0
25/10/2021,-793500,-13592210000,17(0.00 %),6500,111525000,800000,13703735000,176319449,0.0
26/10/2021,-26300,-447055000,16.85(-0.88 %),0,0,26300,447055000,176345749,0.0
27/10/2021,-89500,-1525565000,16.95(0.59 %),10500,179235000,100000,1704800000,176435249,0.0
28/10/2021,0,0,17.4(2.65 %),0,0,0,0,176435249,6.8
29/10/2021,-343800,-6063125000,17.85(2.59 %),11100,198325000,354900,6261450000,176779049,6.71
01/11/2021,114000,2122875000,18.85(5.60 %),366200,6862460000,252200,4739585000,178121349,6.38
02/11/2021,-174600,-3361230000,19.05(1.06 %),53300,1013015000,227900,4374245000,178295949,6.33
03/11/2021,0,0,18(-5.51 %),0,0,0,0,178295949,6.33
04/11/2021,43900,607992000,18(0.00 %),204100,3343956000,160200,2735964000,178252049,0.0
05/11/2021,0,0,18.5(2.78 %),0,0,0,0,178295949,34.38
08/11/2021,-265100,-5008060000,18.9(2.16 %),1000,19000000,266100,5027060000,178561049,34.32
09/11/2021,-415000,-7755045000,18.55(-1.85 %),2100,39720000,417100,7794765000,178976049,34.21
10/11/2021,0,0,19.15(3.23 %),0,0,0,0,178976049,34.21
11/11/2021,-36500,-775460000,20.45(6.79 %),89400,1796580000,125900,2572040000,179012549,34.2
12/11/2021,-48700,-1064095000,21.85(6.85 %),0,0,48700,1064095000,179061249,34.19
15/11/2021,-10400,-230660000,23.35(6.86 %),81200,1895720000,91600,2126380000,179071649,34.19
16/11/2021,-157700,-3967260000,23.3(-0.21 %),227000,5135075000,384700,9102335000,179229349,22.03
17/11/2021,57200,1312435000,23.8(2.15 %),111300,2571535000,54100,1259100000,179172149,22.04
18/11/2021,279900,7124250000,25.45(6.93 %),300600,7650265000,20700,526015000,178892249,22.09
19/11/2021,-267200,-7091265000,25.65(0.79 %),169700,4376605000,436900,11467870000,179159449,22.04
22/11/2021,91400,2299615000,23.9(-6.82 %),117100,2926215000,25700,626600000,179068049,22.06
23/11/2021,1295600,29352420000,23.5(-1.67 %),1335200,30277590000,39600,925170000,177772449,22.27
24/11/2021,-178700,-4208420000,22.5(-4.26 %),55600,1312860000,234300,5521280000,177951149,22.24
25/11/2021,-4651000,-111832135000,24.05(6.89 %),353500,8389435000,5004500,120221570000,182602149,21.49
26/11/2021,-801300,-19271145000,23.5(-2.29 %),2200,55550000,803500,19326695000,183403449,0.0
29/11/2021,0,0,23.3(-0.85 %),0,0,0,0,183403449,21.36
30/11/2021,-2367100,-57981520000,24.35(4.51 %),61700,1500305000,2428800,59481825000,185770549,20.98
01/12/2021,-918000,-22608600000,24.3(-0.21 %),25000,627025000,943000,23235625000,274936846,6.56
02/12/2021,-843200,-20505910000,24(-1.23 %),100,2440000,843300,20508350000,275780046,6.43
03/12/2021,-763500,-17594570000,22.35(-6.87 %),81800,1881380000,845300,19475950000,276543546,6.3
06/12/2021,175900,3185880000,20.8(-6.94 %),929100,19426610000,753200,16240730000,276367646,6.33
07/12/2021,-1056500,-22289795000,21.15(1.68 %),147000,3101200000,1203500,25390995000,277424146,6.16
08/12/2021,-2594900,-55049540000,20.85(-1.42 %),5200,111150000,2600100,55160690000,280019046,5.74
09/12/2021,-2762700,-60718700000,22.3(6.95 %),150600,3350655000,2913300,64069355000,282781746,0.0
10/12/2021,-4021000,-88928025000,22(-1.35 %),0,0,4021000,88928025000,286802746,4.65
13/12/2021,-2226200,-51292735000,23.5(6.82 %),710500,16685900000,2936700,67978635000,289028946,4.29
14/12/2021,-295500,-6819610000,24(2.13 %),1766800,42343995000,2062300,49163605000,289324446,4.24
15/12/2021,632100,14973935000,24.05(0.21 %),2155000,51303640000,1522900,36329705000,288692346,4.34
16/12/2021,-2555900,-63491520000,25.1(4.37 %),8000,197215000,2563900,63688735000,291248246,3.93
17/12/2021,1052900,26602200000,25.2(0.40 %),1617000,40842805000,564100,14240605000,290195346,4.1
20/12/2021,1495400,37116345000,24.7(-1.98 %),1564800,38837980000,69400,1721635000,288699946,4.34
21/12/2021,542300,13673955000,26.4(6.88 %),583500,14739930000,41200,1065975000,288157646,0.0
22/12/2021,91600,2593450000,28.2(6.82 %),179200,5052160000,87600,2458710000,288066046,4.44
23/12/2021,149100,4182404100,27.85(-1.24 %),165400,4639635400,16300,457231300,287916946,0.0
24/12/2021,0,0,27.65(-0.90 %),0,0,0,0,288066046,4.44
27/12/2021,288100,8219800000,29.55(6.68 %),509700,14307940000,221600,6088140000,293622156,3.54
28/12/2021,82300,2408930000,29.35(-0.84 %),183700,5420760000,101400,3011830000,293539856,3.56
29/12/2021,-21000,-604705000,28.5(-3.06 %),500,14425000,21500,619130000,293694206,3.53
30/12/2021,172600,4954665000,28.15(-1.23 %),206000,5908955000,33400,954290000,293589546,3.55
31/12/2021,335700,9295080000,27.45(-2.66 %),338700,9378980000,3000,83900000,293272296,3.6
04/01/2022,114100,3266385000,28.1(2.18 %),136500,3901455000,22400,635070000,293169196,3.62
05/01/2022,-77300,-2195925000,28.3(0.71 %),20100,574990000,97400,2770915000,293152111,3.62
06/01/2022,383200,11095920000,29(2.47 %),470800,13576010000,87600,2480090000,292703781,3.69
07/01/2022,-98700,-2854270000,28.5(-1.72 %),5200,151280000,103900,3005550000,292795981,3.68
10/01/2022,-176800,-5948005100,28(-1.75 %),35800,309025500,212600,6257030600,292847781,3.67
11/01/2022,307000,8753360000,28.3(1.07 %),579900,16649510000,272900,7896150000,292371781,3.75
12/01/2022,-280100,-7412680000,26.35(-6.89 %),111700,2962585000,391800,10375265000,292472758,3.73
13/01/2022,-539500,-13231050000,22.8(-6.56 %),237400,5543905000,776900,18774955000,292508258,3.72
14/01/2022,1099600,25825790000,23.8(4.39 %),1104400,25937800000,4800,112010000,291795658,3.84
17/01/2022,-462200,-10736735000,22.15(-6.93 %),27100,622265000,489300,11359000000,292545458,3.72
18/01/2022,343400,7344765000,20.6(-7.00 %),347400,7429765000,4000,85000000,292202858,3.77
19/01/2022,389400,8127990000,20.8(0.97 %),402600,8399770000,13200,271780000,292289558,3.76
20/01/2022,654600,14425105000,22.35(6.94 %),666600,14693305000,12000,268200000,291626883,3.87
21/01/2022,532200,12209190000,22.7(1.34 %),1735500,39282200000,1203300,27073010000,289904528,4.14
24/01/2022,-553600,-12029055000,21.15(-6.83 %),500,10745000,554100,12039800000,289914573,4.14
25/01/2022,386500,8136500000,21.25(0.24 %),475800,10030410000,89300,1893910000,290641823,4.03
26/01/2022,-121800,-2106663900,19.8(-7.04 %),12600,90609200,134400,2197273100,291183323,3.94
27/01/2022,-62400,-1233235000,19.5(-1.52 %),100,1930000,62500,1235165000,291272498,3.92
28/01/2022,-44000,-867765000,19.75(1.28 %),26500,515995000,70500,1383760000,291380353,3.91
07/02/2022,114800,2373400000,20.45(3.28 %),119600,2472335000,4800,98935000,291323253,3.92
08/02/2022,-65900,-1336710000,20.4(-0.49 %),9900,203850000,75800,1540560000,291383853,3.91
09/02/2022,288400,5946480000,21.05(3.19 %),289400,5967630000,1000,21150000,291099253,3.95
10/02/2022,-59400,-1257870000,21(-0.47 %),34900,736160000,94300,1994030000,291140153,3.94
11/02/2022,-30500,-634490000,20.7(-1.43 %),9700,201775000,40200,836265000,291131453,3.95
14/02/2022,-16000,-325545000,20.3(-1.93 %),4600,93655000,20600,419200000,291221153,3.93
15/02/2022,38500,794085000,20.75(2.22 %),46800,963850000,8300,169765000,291214553,3.93
16/02/2022,886300,18937265000,21.85(5.05 %),972400,20820000000,86100,1882735000,313711524,4.05
17/02/2022,451400,9862980000,21.75(-0.68 %),485500,10608475000,34100,745495000,313238224,4.12
18/02/2022,893300,19876465000,22.5(3.21 %),931500,20721940000,38200,845475000,312392824,4.25
21/02/2022,-10000,-229350000,22.65(0.67 %),19700,449325000,29700,678675000,312407224,4.25
22/02/2022,-150900,-3337700000,21.95(-3.30 %),3000,65400000,153900,3403100000,312442424,4.24
23/02/2022,91000,2033650000,22(0.00 %),91000,2033650000,0,0,312381124,4.25
24/02/2022,10600,225570000,21.3(-3.18 %),11000,234290000,400,8720000,312524024,4.23
25/02/2022,59600,1289970000,21.55(1.17 %),60600,1311620000,1000,21650000,312463424,4.24
28/02/2022,80200,1711190000,21.35(-1.16 %),96300,2056255000,16100,345065000,312367524,4.25
01/03/2022,-85800,-1870455000,21.6(0.93 %),18900,413905000,104700,2284360000,312349624,4.26
02/03/2022,-185300,-3976955000,21.15(-2.08 %),12800,271925000,198100,4248880000,312352924,4.26
03/03/2022,10600,225285000,21.4(0.94 %),11600,246835000,1000,21550000,312446024,4.24
04/03/2022,-325640,-7028011600,22.1(3.27 %),1000,21550000,326640,7049561600,312643124,4.21
07/03/2022,1600,32020000,22.3(0.90 %),16200,356890000,14600,324870000,312629846,4.21
08/03/2022,-97500,-2163065000,21.8(-2.24 %),3000,66780000,100500,2229845000,312953486,4.17
09/03/2022,13700,294555000,21.45(-1.61 %),14000,300990000,300,6435000,312954086,4.17
10/03/2022,59900,1302450000,21.55(0.23 %),68700,1492105000,8800,189655000,312987886,4.16
11/03/2022,3200,67375000,21(-2.78 %),6000,126900000,2800,59525000,312982248,4.16
14/03/2022,-63600,-1301545000,20.1(-4.29 %),12000,243775000,75600,1545320000,312979048,4.16
15/03/2022,-380700,-7766905000,20.4(1.49 %),14200,288290000,394900,8055195000,312967648,4.16
16/03/2022,-29200,-599620000,20.5(0.49 %),200,4115000,29400,603735000,313037925,4.15
17/03/2022,-3000,-62725000,20.75(1.22 %),0,0,3000,62725000,313432825,4.09
18/03/2022,-427600,-8860685000,20.7(-0.48 %),12000,248400000,439600,9109085000,313450225,4.09
21/03/2022,57200,1210770000,21.3(2.90 %),58900,1246510000,1700,35740000,313394411,4.1
22/03/2022,-2500,-53625000,21.1(-0.94 %),500,10575000,3000,64200000,313833586,4.03
23/03/2022,1400,30455000,21(-0.47 %),13200,278880000,11800,248425000,313822086,4.04
24/03/2022,20800,444850000,21.25(1.19 %),30200,641560000,9400,196710000,313794822,4.04
25/03/2022,545100,11993940000,21.9(2.82 %),550100,12102790000,5000,108850000,313256420,4.12
28/03/2022,65400,1430750000,21(-4.11 %),130200,2806450000,64800,1375700000,313135620,4.14
29/03/2022,39500,845225000,21.4(1.90 %),40500,866625000,1000,21400000,313100120,4.14
30/03/2022,-125600,-2623285000,20.35(-4.91 %),35400,748800000,161000,3372085000,313129466,4.14
31/03/2022,-49500,-1011555000,20.2(-0.98 %),3200,64920000,52700,1076475000,313127266,4.14
01/04/2022,-7300,-148555000,20.7(2.48 %),1600,32700000,8900,181255000,313286666,4.12
04/04/2022,-90500,-1873105000,20.6(-0.48 %),3600,74470000,94100,1947575000,313335766,4.11
05/04/2022,-42200,-858920000,20.35(-1.21 %),13000,266525000,55200,1125445000,313331421,4.11
06/04/2022,-16500,-334415000,20.2(-0.98 %),7000,141425000,23500,475840000,313418521,4.1
07/04/2022,-36700,-738470000,19.8(-1.98 %),9200,183630000,45900,922100000,313455221,4.09
08/04/2022,-71100,-1372795000,19(-4.04 %),7700,150525000,78800,1523320000,313479949,4.09
12/04/2022,-3100,-59225000,18.8(-1.05 %),200,3795000,3300,63020000,313483049,4.09
13/04/2022,-13500,-252955000,18.9(0.53 %),900,16940000,14400,269895000,313525709,4.08
14/04/2022,100,1900000,18.7(-1.06 %),100,1900000,0,0,313604959,4.07
15/04/2022,3500,0,18.05(-3.48 %),5200,0,1700,0,313614171,4.07
18/04/2022,246500,4168725000,16.8(-7.18 %),261700,4428760000,15200,260035000,313352471,4.11
19/04/2022,186500,3018865000,15.65(-6.85 %),195000,3160835000,8500,141970000,313159031,4.14
20/04/2022,440000,6925900000,15.6(-0.32 %),440000,6925900000,0,0,313164959,4.13
21/04/2022,183000,2771620000,15.4(-1.28 %),191800,2906810000,8800,135190000,312548832,4.23
22/04/2022,-42600,-664030000,15.85(2.92 %),3100,48725000,45700,712755000,312547727,4.23
25/04/2022,-175800,-2791000000,14.75(-7.23 %),15900,236420000,191700,3027420000,312540627,4.23
26/04/2022,151100,2261640000,15.55(5.07 %),189200,2840260000,38100,578620000,312397127,4.25
27/04/2022,-129900,-2041575000,15.9(1.92 %),3800,59850000,133700,2101425000,312585027,4.22
28/04/2022,-298000,-4722580000,15.7(-1.26 %),3200,51430000,301200,4774010000,312619927,4.22
29/04/2022,334100,5355545000,16.1(2.55 %),334600,5363570000,500,8025000,312419027,4.25
04/05/2022,-123200,-1938380000,15.6(-3.11 %),13500,213685000,136700,2152065000,312711727,4.2
05/05/2022,-169200,-2642030000,15.45(-0.96 %),13200,205765000,182400,2847795000,312880927,4.18
06/05/2022,14200,210160000,14.8(-4.52 %),68600,1015280000,54400,805120000,312767127,4.19
09/05/2022,-900,-12420000,13.8(-6.76 %),11500,158700000,12400,171120000,312938027,4.17
10/05/2022,273500,3760625000,13.75(-0.36 %),273500,3760625000,0,0,312718927,4.2
11/05/2022,-41500,-569825000,13.9(1.09 %),49800,694505000,91300,1264330000,312760427,4.19
12/05/2022,-156900,-2115880000,12.95(-6.83 %),4200,55375000,161100,2171255000,312917327,4.17
13/05/2022,135100,1593465000,12.05(-6.95 %),299400,3670920000,164300,2077455000,312471871,4.24
16/05/2022,274000,3274300000,11.95(-1.24 %),320200,3826390000,46200,552090000,312312771,4.26
17/05/2022,343000,4373250000,12.75(6.25 %),343300,4377075000,300,3825000,312136334,4.29
18/05/2022,-43700,-570285000,13.05(1.95 %),23300,304065000,67000,874350000,312158883,4.28
19/05/2022,-89900,-1164205000,12.95(-1.15 %),21000,271950000,110900,1436155000,312138183,4.29
20/05/2022,21800,289940000,13.3(2.31 %),26600,353780000,4800,63840000,312178583,4.28
23/05/2022,-91400,-1156210000,12.65(-4.89 %),16400,207460000,107800,1363670000,312275583,4.27
24/05/2022,-24200,-307340000,12.7(0.00 %),26400,335280000,50600,642620000,312253983,4.27
25/05/2022,135600,1837380000,13.55(6.69 %),167100,2264205000,31500,426825000,312194597,4.28
26/05/2022,-90200,-1253780000,13.9(2.21 %),11300,157070000,101500,1410850000,312233897,4.27
27/05/2022,-1900,-26505000,13.95(0.36 %),22700,316665000,24600,343170000,312242697,4.27
30/05/2022,1700,23630000,13.9(-0.71 %),6800,94520000,5100,70890000,312337397,4.26
31/05/2022,37000,505050000,13.65(-1.80 %),56800,775320000,19800,270270000,312305197,4.26
01/06/2022,-25900,-353535000,13.65(-0.36 %),29800,406770000,55700,760305000,312280497,4.27
02/06/2022,-123000,-1611300000,13.1(-4.38 %),11100,145410000,134100,1756710000,312289197,4.27
03/06/2022,-38200,-494690000,12.95(-1.15 %),6800,88060000,45000,582750000,312338097,4.26
06/06/2022,-255900,-3221595000,12.6(-3.08 %),44100,576235000,300000,3797830000,312428097,4.24
07/06/2022,-659700,-8378190000,12.7(0.79 %),100,1270000,659800,8379460000,312472997,4.24
08/06/2022,200200,2642640000,13.2(3.94 %),200200,2642640000,0,0,312572797,4.22
09/06/2022,-672400,-9077400000,13.5(2.27 %),11500,155250000,683900,9232650000,313221097,4.13
10/06/2022,-64400,-856520000,13.3(-1.48 %),0,0,64400,856520000,313221037,4.13
13/06/2022,-147500,-1829000000,12.4(-6.77 %),1100,13640000,148600,1842640000,313903837,4.02
14/06/2022,-119200,-1448280000,12.15(-2.02 %),20400,247860000,139600,1696140000,313947837,4.02
15/06/2022,-1455700,-16740550000,11.5(-5.74 %),8700,100050000,1464400,16840600000,314087031,4.0
16/06/2022,-373700,-4260180000,11.4(-0.87 %),0,0,373700,4260180000,314226631,3.98
17/06/2022,-403400,-4296210000,10.65(-6.58 %),281400,2996910000,684800,7293120000,315409631,3.8
20/06/2022,-430900,-4431883000,9.91(-7.38 %),42800,432544000,473700,4864427000,315740531,3.75
21/06/2022,336400,3330360000,9.9(0.00 %),336500,3331350000,100,990000,316088831,3.7
22/06/2022,117300,1237515000,10.55(6.57 %),121300,1279715000,4000,42200000,316443140,3.64
23/06/2022,35200,376640000,10.7(0.94 %),35800,383060000,600,6420000,316407440,3.65
24/06/2022,-105700,-1115135000,10.55(-1.40 %),16600,175130000,122300,1290265000,316394840,3.65
27/06/2022,237400,2583595000,11.25(6.13 %),239300,2604970000,1900,21375000,316156140,3.69
28/06/2022,-165600,-1904400000,11.5(1.77 %),57300,658950000,222900,2563350000,316221140,3.68
29/06/2022,-713200,-8039020000,11.2(-2.61 %),500,5600000,713700,8044620000,316222533,3.68
30/06/2022,-924400,-9891080000,10.7(-4.46 %),23200,248240000,947600,10139320000,316422233,3.65
01/07/2022,-719500,-7878525000,10.95(2.34 %),93500,1023825000,813000,8902350000,317042433,3.55
04/07/2022,-742900,-8209790000,11.05(0.45 %),30900,342470000,773800,8552260000,317042433,0.0
05/07/2022,-180500,-1913300000,10.6(-4.50 %),100,1060000,180600,1914360000,318774533,3.29
06/07/2022,82900,858015000,10.35(-2.36 %),103600,1072260000,20700,214245000,319444733,3.19
07/07/2022,6700,70350000,10.5(0.96 %),68200,716100000,61500,645750000,319557133,3.18
08/07/2022,-41500,15610000,11.2(6.67 %),49800,74705000,91300,59095000,319598633,0.0
11/07/2022,1400,15610000,11.15(-0.45 %),6700,74705000,5300,59095000,319438734,3.2
12/07/2022,46600,540560000,11.6(3.57 %),112000,1299200000,65400,758640000,320033734,3.11
13/07/2022,11000,124850000,11.35(-2.16 %),11000,124850000,0,0,320027802,3.11
14/07/2022,91200,1053360000,11.55(1.32 %),91200,1053360000,0,0,320002002,3.11
15/07/2022,50600,599610000,11.85(2.16 %),50600,599610000,0,0,319951402,3.12
18/07/2022,-33600,-394800000,11.75(-1.26 %),600,7050000,34200,401850000,319950738,3.12
19/07/2022,-153000,-1790100000,11.7(-0.85 %),4700,54990000,157700,1845090000,319946038,3.12
20/07/2022,852500,10357875000,12.15(3.85 %),897600,10905840000,45100,547965000,319082542,3.25
21/07/2022,-62400,-742560000,11.9(-2.46 %),600,7140000,63000,749700000,319242142,3.22
22/07/2022,35200,-251850000,11.5(-0.86 %),35800,1150000,600,253000000,319287142,3.22
25/07/2022,-105500,-1197425000,11.35(-1.30 %),3500,39725000,109000,1237150000,319349137,3.21
26/07/2022,-36200,-410870000,11.35(-0.44 %),100,1135000,36300,412005000,319371037,3.21
27/07/2022,0,-410870000,11.55(1.32 %),0,1135000,0,412005000,319480037,3.19
28/07/2022,156900,1851420000,11.8(1.72 %),156900,1851420000,0,0,319359437,3.21
29/07/2022,-6200,-73160000,11.8(0.00 %),2000,23600000,8200,96760000,319357437,3.21
01/08/2022,167500,2051875000,12.25(3.81 %),183500,2247875000,16000,196000000,319173937,3.23
02/08/2022,-109800,-1350540000,12.3(0.00 %),78500,965550000,188300,2316090000,319103637,3.25
03/08/2022,-1325400,-16302420000,12.3(0.00 %),206500,2539950000,1531900,18842370000,318913137,3.27
04/08/2022,-488000,-6075600000,12.45(1.22 %),71400,888930000,559400,6964530000,319030037,3.26
05/08/2022,-47000,-585150000,12.45(-0.40 %),21300,265185000,68300,850335000,320540637,3.03
08/08/2022,-80500,-990150000,12.3(-1.60 %),12100,148830000,92600,1138980000,321087937,2.95
09/08/2022,11500,144325000,12.55(2.03 %),17700,222135000,6200,77810000,321138537,2.94
10/08/2022,-45100,-568260000,12.6(0.00 %),2000,25200000,47100,593460000,321229137,2.93
11/08/2022,-188300,-2306675000,12.25(-2.78 %),44300,542675000,232600,2849350000,321190997,2.93
12/08/2022,154200,1904370000,12.35(0.41 %),154500,1908075000,300,3705000,321083597,2.95
15/08/2022,-58400,-727080000,12.45(0.40 %),0,0,58400,727080000,321316197,2.91
16/08/2022,3000,37200000,12.4(-0.80 %),3000,37200000,0,0,321313497,2.91
17/08/2022,-130100,-1606735000,12.35(-0.40 %),8300,102505000,138400,1709240000,321362488,2.91
18/08/2022,-105700,-1284255000,12.15(-2.02 %),1000,12150000,106700,1296405000,321361488,2.91
19/08/2022,-159100,-1901245000,11.95(-2.05 %),18800,224660000,177900,2125905000,321481088,2.89
22/08/2022,-172400,-2008460000,11.65(-2.92 %),400,4660000,172800,2013120000,321587388,2.87
23/08/2022,63700,767585000,12.05(2.99 %),63700,767585000,0,0,321701588,2.86
24/08/2022,85000,1028500000,12.1(0.00 %),89700,1085370000,4700,56870000,321784688,2.84
25/08/2022,-121700,-1515165000,12.45(2.89 %),178300,2219835000,300000,3735000000,321606388,2.87
26/08/2022,-215700,-2696250000,12.5(0.00 %),22800,285000000,238500,2981250000,321588288,2.87
29/08/2022,-119700,-1448370000,12.1(-3.20 %),18100,219010000,137800,1667380000,321899888,2.83
30/08/2022,-131600,-1566040000,11.9(-1.65 %),1000,11900000,132600,1577940000,322137388,2.79
31/08/2022,-69700,-843370000,12.1(1.68 %),1000,12100000,70700,855470000,322274188,2.77
05/09/2022,174800,2097600000,12(-0.83 %),259700,3116400000,84900,1018800000,322147088,2.79
06/09/2022,110800,1324060000,11.95(-0.42 %),111900,1337205000,1100,13145000,322105888,2.8
07/09/2022,-980600,-11276900000,11.5(-4.17 %),19400,223100000,1000000,11500000000,322171388,2.79
08/09/2022,-347200,-3888640000,11.2(-2.61 %),306400,3431680000,653600,7320320000,321866088,2.83
09/09/2022,-409800,-4548780000,11.1(-0.89 %),200,2220000,410000,4551000000,322867888,2.68
12/09/2022,-999490,-4548780000,11.1(0.00 %),5510,2220000,1005000,4551000000,323515978,2.59
13/09/2022,-1462300,-1537055000,11.1(0.00 %),57700,141440000,1520000,1678495000,323868278,2.53
14/09/2022,-317200,-1537055000,10.95(-1.35 %),132800,141440000,450000,1678495000,324740478,2.4
15/09/2022,13600,-3473340000,10.95(-0.45 %),13600,1454160000,0,4927500000,0,2.18
16/09/2022,-20477,-217056200,10.6(-3.64 %),202623,2147803800,223100,2364860000,326494255,2.14
19/09/2022,-636300,-6363000000,10(-5.66 %),28200,282000000,664500,6645000000,327130555,2.04
20/09/2022,-51058,-533556100,10.45(4.50 %),104800,1095160000,155858,1628716100,326584355,2.13
21/09/2022,11300,121475000,10.75(2.38 %),18500,198875000,7200,77400000,327230355,2.03
22/09/2022,-19100,-212965000,11.15(3.24 %),43000,479450000,62100,692415000,327343213,2.01
23/09/2022,-80821,-889031000,11(-1.79 %),0,0,80821,889031000,327350413,2.01
26/09/2022,161800,1852610000,11.45(4.09 %),163000,1866350000,1200,13740000,327249513,2.03
27/09/2022,116100,1404810000,12.1(5.22 %),125600,1519760000,9500,114950000,327206734,2.03
28/09/2022,-142869,-1664423850,11.65(-3.72 %),5231,60941150,148100,1725365000,327202703,2.03
29/09/2022,-105920,-1149232000,10.85(-7.26 %),10800,117180000,116720,1266412000,327201403,2.03
30/09/2022,268400,3032920000,11.3(3.67 %),268500,3034050000,100,1130000,327081003,2.05
03/10/2022,-28566,-308512800,10.8(-4.42 %),66899,722509200,95465,1031022000,327130824,2.04
04/10/2022,-320854,-3433137800,10.7(-0.93 %),22300,238610000,343154,3671747800,327108624,2.05
05/10/2022,26900,295900000,11(2.80 %),42200,464200000,15300,168300000,327161889,2.04
06/10/2022,-218000,-2234500000,10.25(-6.82 %),5100,52275000,223100,2286775000,327499943,1.99
07/10/2022,26100,249516000,9.56(-7.18 %),77500,740900000,51400,491384000,327439543,2.0
10/10/2022,-14600,-146000000,10(4.17 %),100,1000000,14700,147000000,327666543,1.96
11/10/2022,310700,2889510000,9.3(-7.00 %),310700,2889510000,0,0,327407243,2.0
12/10/2022,700100,6832976000,9.76(4.95 %),700100,6832976000,0,0,326721843,2.11
13/10/2022,122700,1192644000,9.72(-0.82 %),124400,1209168000,1700,16524000,326597443,2.12
14/10/2022,-6100,-59292000,9.72(0.21 %),100,972000,6200,60264000,326597343,2.12
17/10/2022,-7752,-74729280,9.64(-0.62 %),12500,120500000,20252,195229280,326586543,2.13
18/10/2022,39900,395409000,9.91(3.23 %),60800,602528000,20900,207119000,326531943,2.13
19/10/2022,-6200,-60794000,9.86(-0.40 %),3200,32320000,9400,93114000,326538143,2.13
20/10/2022,-3000,-29191000,9.71(-1.92 %),133400,1295299000,136400,1324490000,326556495,2.13
21/10/2022,0,0,9.05(-6.70 %),0,0,0,0,326440923,2.15
24/10/2022,5900,52002000,8.42(-7.47 %),6000,52850000,100,848000,326444423,2.15
25/10/2022,141800,1162844000,8.05(-4.17 %),141900,1163651000,100,807000,326302623,2.17
26/10/2022,289200,2242002000,7.55(-6.79 %),291000,2256852000,1800,14850000,326149723,2.19
27/10/2022,157800,1239561000,8.07(6.18 %),157800,1239561000,0,0,326001023,2.21
28/10/2022,-12969,-106734870,8.23(1.60 %),45500,374465000,58469,481199870,325957323,2.22
31/10/2022,-36200,-289600000,8(-2.44 %),9900,79200000,46100,368800000,325947423,2.22
01/11/2022,-10100,-82113000,8.13(1.62 %),99400,808122000,109500,890235000,325919992,2.23
02/11/2022,2800,22540000,8.05(-0.62 %),62600,503930000,59800,481390000,325903492,2.23
03/11/2022,-21400,-167990000,7.85(-3.09 %),14900,116965000,36300,284955000,325998092,2.21
04/11/2022,411100,3005141000,7.31(-7.47 %),420500,3073855000,9400,68714000,325637392,2.27
07/11/2022,272525,1853170000,6.8(-6.85 %),272600,1853680000,75,510000,325401092,2.3
08/11/2022,408408,2960958000,7.25(6.62 %),408608,2962408000,200,1450000,325001884,2.36
09/11/2022,68000,516120000,7.59(3.97 %),99100,752169000,31100,236049000,324902859,2.38
10/11/2022,-24300,-171558000,7.06(-7.11 %),13800,97428000,38100,268986000,324889259,2.38
11/11/2022,-192500,-1264725000,6.57(-7.46 %),11100,72927000,203600,1337652000,324909259,2.38
14/11/2022,347800,2128536000,6.12(-7.27 %),347800,2128536000,0,0,324599559,2.42
15/11/2022,198500,1131450000,5.7(-6.56 %),198500,1131450000,0,0,324604659,2.42
16/11/2022,404300,2462187000,6.09(6.84 %),404300,2462187000,0,0,324200359,2.48
17/11/2022,118300,770133000,6.51(6.72 %),135100,879501000,16800,109368000,324065259,2.5
18/11/2022,-124900,-869304000,6.96(7.08 %),130900,911064000,255800,1780368000,323934359,2.52
21/11/2022,-33400,-248496000,7.44(6.29 %),192800,1434432000,226200,1682928000,323758359,2.55
22/11/2022,276600,2201736000,7.96(7.57 %),302900,2411084000,26300,209348000,323711259,2.56
23/11/2022,-42400,-336656000,7.94(-0.75 %),90900,721746000,133300,1058402000,323846559,2.54
24/11/2022,120200,973620000,8.1(2.02 %),181300,1468530000,61100,494910000,323691559,2.56
25/11/2022,82573,711779260,8.62(6.42 %),94373,813495260,11800,101716000,323730486,2.55
28/11/2022,-148800,-1371936000,9.22(7.21 %),43400,400148000,192200,1772084000,323879286,0.0
29/11/2022,-37300,-337938000,9.06(-1.52 %),94700,857982000,132000,1195920000,323916586,2.53
30/11/2022,-1926900,-17534790000,9.1(0.00 %),237400,2160340000,2164300,19695130000,325843486,0.0
01/12/2022,20407,159786810,7.83(-0.89 %),67600,529308000,47193,369521190,323552486,0.0
02/12/2022,132900,1063200000,8(2.56 %),225700,1805600000,92800,742400000,323419586,2.6
05/12/2022,44537,345161750,7.75(-3.12 %),100800,781200000,56263,436038250,323375049,2.61
06/12/2022,108000,778680000,7.21(-7.56 %),142800,1029588000,34800,250908000,323267049,2.62
07/12/2022,-190631,-1279134010,6.71(-6.81 %),273300,1833843000,463931,3112977010,323457680,0.0
08/12/2022,461473,3308761410,7.17(7.01 %),476300,3415071000,14827,106309590,324860942,2.38
09/12/2022,31800,227052000,7.14(-0.83 %),58900,420546000,27100,193494000,325265973,2.32
12/12/2022,426200,3013234000,7.07(-0.42 %),543600,3843252000,117400,830018000,322538207,2.73
13/12/2022,-49380,-359980200,7.29(2.68 %),158620,1156339800,208000,1516320000,322587587,2.72
14/12/2022,15000,117000000,7.8(6.85 %),34300,267540000,19300,150540000,322572587,2.73
15/12/2022,-173800,-1336522000,7.69(-1.41 %),112900,868201000,286700,2204723000,322746387,0.0
16/12/2022,1909390,15084181000,7.9(2.60 %),1917400,15147460000,8010,63279000,320836997,2.99
19/12/2022,-92600,-680610000,7.35(-6.96 %),112100,823935000,204700,1504545000,320929597,2.97
20/12/2022,239500,1676500000,7(-5.41 %),267400,1871800000,27900,195300000,320690097,3.01
21/12/2022,-198500,-1371635000,6.91(-1.29 %),7000,48370000,205500,1420005000,320888597,2.98
22/12/2022,-45400,-317800000,7(1.45 %),21600,151200000,67000,469000000,320933997,2.97
23/12/2022,-158690,-1104482400,6.96(-0.57 %),25810,179637600,184500,1284120000,321092687,2.95
26/12/2022,26800,173664000,6.48(-7.43 %),38800,251424000,12000,77760000,321065887,2.95
27/12/2022,148640,1025616000,6.9(6.15 %),171040,1180176000,22400,154560000,320917247,2.97
28/12/2022,11900,82110000,6.9(0.00 %),27000,186300000,15100,104190000,320905347,0.0
29/12/2022,84900,582414000,6.86(-0.58 %),125900,863674000,41000,281260000,323107840,2.65
30/12/2022,-164400,-1116276000,6.79(-1.59 %),17500,118825000,181900,1235101000,323105440,2.65
03/01/2023,186700,1346107000,7.21(6.03 %),186700,1346107000,0,0,322918740,2.67
04/01/2023,45600,323760000,7.1(-1.39 %),45600,323760000,0,0,323096040,2.65
05/01/2023,236500,1681515000,7.11(0.14 %),240100,1707111000,3600,25596000,322855940,2.68
06/01/2023,-16200,-112752000,6.96(-1.97 %),85400,594384000,101600,707136000,322770540,2.7
09/01/2023,12300,85485000,6.95(-0.71 %),119700,831915000,107400,746430000,322654440,2.71
10/01/2023,150600,1063236000,7.06(0.86 %),226400,1598384000,75800,535148000,322529640,2.73
11/01/2023,134000,955420000,7.13(0.42 %),139700,996061000,5700,40641000,322497340,2.74
12/01/2023,177900,1252416000,7.04(-0.85 %),181300,1276352000,3400,23936000,322391840,2.75
13/01/2023,158690,1120351400,7.06(0.86 %),223800,1580028000,65110,459676600,322173740,2.79
16/01/2023,-423712,-2965984000,7(-1.41 %),55800,390600000,479512,3356584000,322121340,2.79
17/01/2023,389100,2867667000,7.37(5.29 %),389300,2869141000,200,1474000,321797150,2.84
18/01/2023,302000,2277080000,7.54(1.89 %),303100,2285374000,1100,8294000,321973562,2.82
19/01/2023,372400,2800448000,7.52(0.27 %),381300,2867376000,8900,66928000,321592462,2.87
27/01/2023,507000,3837990000,7.57(0.93 %),507200,3839504000,200,1514000,321086362,2.95
30/01/2023,87500,685125000,7.83(3.03 %),107500,841725000,20000,156600000,320987762,2.96
31/01/2023,121300,943714000,7.78(-0.26 %),166500,1295370000,45200,351656000,320823462,2.99
01/02/2023,302190,2296644000,7.6(-2.56 %),358500,2724600000,56310,427956000,320484962,3.04
02/02/2023,-219800,-1604540000,7.3(-3.95 %),53600,391280000,273400,1995820000,320476562,3.04
03/02/2023,104120,765282000,7.35(0.68 %),140020,1029147000,35900,263865000,320392852,3.05
06/02/2023,144600,1111974000,7.69(3.92 %),174400,1341136000,29800,229162000,320491852,3.04
07/02/2023,96300,719361000,7.47(-2.99 %),154500,1154115000,58200,434754000,320373252,3.06
08/02/2023,-93800,-695996000,7.42(-1.07 %),27700,205534000,121500,901530000,320375352,3.06
09/02/2023,314300,2344678000,7.46(0.81 %),314300,2344678000,0,0,320119252,3.09
10/02/2023,-75500,-549640000,7.28(-2.93 %),44700,325416000,120200,875056000,320196052,3.08
13/02/2023,-75500,-528500000,7(-4.11 %),61400,429800000,136900,958300000,320134652,3.09
14/02/2023,80500,563500000,7(0.00 %),125700,879900000,45200,316400000,320129152,3.09
15/02/2023,104700,753840000,7.2(2.86 %),115000,828000000,10300,74160000,320155052,3.09
16/02/2023,54000,388800000,7.2(0.00 %),57700,415440000,3700,26640000,320142552,3.09
17/02/2023,246200,1787412000,7.26(0.83 %),255100,1852026000,8900,64614000,319897752,3.13
20/02/2023,78000,605280000,7.76(6.30 %),85000,659600000,7000,54320000,319816452,3.14
21/02/2023,169500,1339050000,7.9(1.28 %),269400,2128260000,99900,789210000,319555952,3.18
22/02/2023,211700,1630090000,7.7(-2.53 %),319200,2457840000,107500,827750000,319243752,3.22
23/02/2023,-96870,-726525000,7.5(-2.60 %),15400,115500000,112270,842025000,319328252,3.21
24/02/2023,57200,418704000,7.32(-2.40 %),130200,953064000,73000,534360000,319271052,3.22
27/02/2023,-153500,-1074500000,7(-4.11 %),8100,56700000,161600,1131200000,319409722,3.2
28/02/2023,71610,500553900,6.99(-0.14 %),164010,1146429900,92400,645876000,319318712,3.21
01/03/2023,207200,1485624000,7.17(2.43 %),228200,1636194000,21000,150570000,319252112,3.22
02/03/2023,-3300,-23562000,7.14(-0.83 %),60800,434112000,64100,457674000,319283712,3.22
03/03/2023,57900,407616000,7.04(-0.85 %),79100,556864000,21200,149248000,319225612,3.23
06/03/2023,43300,310894000,7.18(2.57 %),46600,334588000,3300,23694000,319243112,3.22
07/03/2023,-38100,-271272000,7.12(-1.11 %),45000,320400000,83100,591672000,319219312,3.23
08/03/2023,34100,245520000,7.2(1.41 %),35300,254160000,1200,8640000,319187312,3.23
09/03/2023,13900,100636000,7.24(0.56 %),16900,122356000,3000,21720000,319253512,3.22
10/03/2023,-24756,-175520040,7.09(-1.53 %),6300,44667000,31056,220187040,319248412,3.22
13/03/2023,7059,49765950,7.05(-0.70 %),12500,88125000,5441,38359050,319241353,0.0
14/03/2023,-191044,-1323934920,6.93(-2.39 %),26700,185031000,217744,1508965920,319243268,3.22
15/03/2023,97900,703901000,7.19(4.20 %),102500,736975000,4600,33074000,319146209,3.24
16/03/2023,-720900,-5082345000,7.05(-2.08 %),38100,268605000,759000,5350950000,319325853,3.21
17/03/2023,-866700,-6092901000,7.03(-0.99 %),3348600,23540658000,4215300,29633559000,316981853,3.56
20/03/2023,3921,27760680,7.08(1.14 %),46421,328660680,42500,300900000,317694432,3.46
21/03/2023,18821,418704000,7.16(0.85 %),97821,953064000,79000,534360000,320811911,2.99
22/03/2023,61400,444543000,7.2(0.00 %),81400,589543000,20000,145000000,320750511,3.0
23/03/2023,139300,1004469000,7.29(1.25 %),139300,1004469000,0,0,320611211,3.02
24/03/2023,16500,121685000,7.34(0.55 %),34400,253311000,17900,131626000,320594711,3.02
27/03/2023,-775779,-5663186700,7.3(0.00 %),76421,557873300,852200,6221060000,321370490,0.0
28/03/2023,98121,725114190,7.39(1.23 %),98121,725114190,0,0,321272369,2.92
29/03/2023,-207976,-1536942640,7.39(-0.14 %),12424,91813360,220400,1628756000,321381385,2.9
30/03/2023,13900,102860000,7.4(0.00 %),16900,125060000,3000,22200000,321364485,2.91
31/03/2023,143372,1056651640,7.37(-0.41 %),149800,1104026000,6428,47374360,321435085,2.9
03/04/2023,162800,1238908000,7.61(2.84 %),199200,1515912000,36400,277004000,321238885,2.93
04/04/2023,230100,1760265000,7.65(0.66 %),292200,2235330000,62100,475065000,320953113,2.97
05/04/2023,215600,1662276000,7.71(0.13 %),217200,1674612000,1600,12336000,320772313,3.0
06/04/2023,-156400,-1227740000,7.85(1.95 %),283900,2228615000,440300,3456355000,320550513,3.03
07/04/2023,201790,1602212600,7.94(0.51 %),226100,1795234000,24310,193021400,320326013,3.06
10/04/2023,-203900,-1582264000,7.76(-1.77 %),6100,47336000,210000,1629600000,320760213,3.0
11/04/2023,-33800,-261950000,7.75(-0.64 %),29000,224750000,62800,486700000,320755523,3.0
12/04/2023,-90400,-697888000,7.72(-1.03 %),0,0,90400,697888000,320965623,2.97
13/04/2023,-114400,-875160000,7.65(-0.65 %),0,0,114400,875160000,321028423,2.96
14/04/2023,-416600,-3066176000,7.36(-4.42 %),66100,486496000,482700,3552672000,321052723,2.95
17/04/2023,45000,331650000,7.37(-0.41 %),53000,390610000,8000,58960000,321114123,2.94
18/04/2023,-136300,-1008620000,7.4(0.00 %),200,1480000,136500,1010100000,321596623,2.87
19/04/2023,-167400,-1225368000,7.32(-1.08 %),0,0,167400,1225368000,321604623,2.87
20/04/2023,-126100,-924599000,7.37(0.96 %),2200,16214000,128300,940813000,321730723,2.85
21/04/2023,-261700,-1926112000,7.36(-0.54 %),0,0,261700,1926112000,321906323,2.83
24/04/2023,-147229,-1090966890,7.41(0.14 %),100,741000,147329,1091707890,322034523,2.81
25/04/2023,-194000,-1433660000,7.39(-0.14 %),0,0,194000,1433660000,322296223,2.77
26/04/2023,-115000,-853300000,7.42(0.27 %),109800,814716000,224800,1668016000,322333752,2.76
27/04/2023,-55800,-422075000,7.62(2.70 %),113200,851311000,169000,1273386000,322389552,2.75
28/04/2023,110700,864301000,7.84(2.89 %),131700,1026141000,21000,161840000,322278852,2.77
04/05/2023,73600,591116000,7.95(1.40 %),138200,1107306000,64600,516190000,322507652,2.74
05/05/2023,-79400,-624143000,7.83(-1.51 %),58500,460498000,137900,1084641000,322500952,2.74
08/05/2023,311200,2507211000,8.15(4.09 %),316400,2549501000,5200,42290000,322249179,2.77
09/05/2023,-230600,-1866222000,8.04(-1.95 %),800,6496000,231400,1872718000,322386279,2.75
10/05/2023,376800,3114128000,8.26(3.25 %),400900,3311389000,24100,197261000,322009479,2.81
11/05/2023,-4500,-37136000,8.22(-0.96 %),12000,99780000,16500,136916000,322210009,2.78
12/05/2023,267600,2194336000,8.24(0.49 %),275200,2256798000,7600,62462000,321958969,2.82
15/05/2023,104500,866463000,8.1(-1.70 %),122300,1012787000,17800,146324000,321854469,2.83
16/05/2023,1400,11185000,8.11(0.12 %),3400,27585000,2000,16400000,321853069,2.83
17/05/2023,272900,2342028000,8.66(6.78 %),280900,2409568000,8000,67540000,321580169,2.87
18/05/2023,-337700,-2905792000,8.5(-1.85 %),37400,319240000,375100,3225032000,321917869,2.82
19/05/2023,-458000,-3839401000,8.4(-1.18 %),3400,28572000,461400,3867973000,322375869,2.76
22/05/2023,-200,-1854000,8.64(2.86 %),1000,8470000,1200,10324000,322376069,2.76
23/05/2023,-43000,-363608000,8.54(-1.16 %),54300,469718000,97300,833326000,322419069,2.75
24/05/2023,34300,292865000,8.57(0.35 %),40000,341600000,5700,48735000,322384769,2.75
25/05/2023,80800,689239000,8.49(-0.93 %),80800,689239000,0,0,322303969,2.77
26/05/2023,432100,3790079000,8.8(3.65 %),484400,4250309000,52300,460230000,321871869,2.83
29/05/2023,32200,291221000,8.98(2.05 %),59900,541859000,27700,250638000,321839669,2.84
30/05/2023,-339000,-3000385000,8.9(-0.89 %),13700,120672000,352700,3121057000,322178669,2.79
31/05/2023,59500,539503000,9.15(2.81 %),59500,539503000,0,0,322119169,2.79
01/06/2023,-181200,-1646804000,9.02(-1.42 %),11700,107077000,192900,1753881000,321790888,2.84
02/06/2023,-384500,-3433505000,8.81(-2.33 %),4300,38265000,388800,3471770000,322175388,2.79
05/06/2023,-14500,-127046000,8.85(0.45 %),85500,758354000,100000,885400000,322189888,2.78
06/06/2023,235600,2108943000,9.02(1.92 %),272200,2439045000,36600,330102000,321954288,2.82
07/06/2023,-50700,-466068000,9.18(1.77 %),34500,315307000,85200,781375000,322004988,2.81
08/06/2023,24300,228069000,9.02(-1.74 %),137100,1266693000,112800,1038624000,321980688,2.81
09/06/2023,-9600,-86317000,8.98(-0.44 %),7900,70739000,17500,157056000,321990288,2.81
12/06/2023,-230600,-2062191000,8.95(-0.33 %),200,1800000,230800,2063991000,322220888,2.78
13/06/2023,232200,2104467000,9.07(1.34 %),233500,2116206000,1300,11739000,321988688,2.81
14/06/2023,67200,613320000,8.95(-1.32 %),150500,1363613000,83300,750293000,321921488,2.82
15/06/2023,-284600,-2516802000,8.81(-1.56 %),15900,141122000,300500,2657924000,322206088,2.78
16/06/2023,-595400,-5174841000,8.71(-1.02 %),109000,962673000,704400,6137514000,322330472,2.76
19/06/2023,-262600,-2289721000,8.66(-0.46 %),2700,23491000,265300,2313212000,322628252,2.72
20/06/2023,5000,46160000,8.82(1.38 %),80900,709493000,75900,663333000,322623252,2.72
21/06/2023,240400,2149747000,8.98(2.05 %),240400,2149747000,0,0,323276654,2.62
22/06/2023,173200,1574588000,9.11(1.45 %),173200,1574588000,0,0,323103454,2.65
23/06/2023,-56700,-515751000,9.07(-0.33 %),34600,315612000,91300,831363000,323160154,2.64
26/06/2023,-265500,-2357015000,8.99(-1.21 %),40600,363065000,306100,2720080000,323104154,2.65
27/06/2023,700,5837000,8.95(-0.56 %),44300,397065000,43600,391228000,323103454,2.65
28/06/2023,251600,2283643000,9.06(0.67 %),263600,2391643000,12000,108000000,322851854,2.68
29/06/2023,-76100,-682543000,8.91(-2.09 %),20200,181796000,96300,864339000,322927954,2.67
30/06/2023,-16800,-148747000,8.89(-0.11 %),14400,127997000,31200,276744000,322944754,2.67
03/07/2023,-32400,-287833000,8.91(0.11 %),18300,162890000,50700,450723000,323214662,2.63
04/07/2023,5400,48465000,9.03(1.46 %),6900,62030000,1500,13565000,323209262,2.63
05/07/2023,157200,1427277000,9.07(0.78 %),173400,1574426000,16200,147149000,323052062,2.65
06/07/2023,193400,1800923000,9.39(3.19 %),263300,2461487000,69900,660564000,322932478,2.67
07/07/2023,-56600,-529535000,9.3(-1.06 %),11900,111268000,68500,640803000,322936778,2.67
10/07/2023,51500,484624000,9.4(1.08 %),79400,745961000,27900,261337000,322885278,2.68
11/07/2023,82200,786301000,9.51(1.17 %),82900,792965000,700,6664000,322803078,2.69
12/07/2023,-84100,-790022000,9.38(-1.26 %),37200,351261000,121300,1141283000,322887178,2.68
13/07/2023,8500,79584000,9.4(0.00 %),57000,535800000,48500,456216000,322878678,2.68
14/07/2023,14100,137601000,9.49(0.96 %),141500,1339746000,127400,1202145000,322827137,2.69
17/07/2023,204900,1965072000,9.61(1.16 %),255100,2448432000,50200,483360000,322622237,2.72
18/07/2023,6500,61479000,9.5(-1.04 %),121400,1155947000,114900,1094468000,322615737,2.72
19/07/2023,-386500,-3630836000,9.25(-2.63 %),17900,167319000,404400,3798155000,322658837,2.71
20/07/2023,-26600,-242274000,9.3(0.00 %),109800,1020383000,136400,1262657000,322685437,2.71
21/07/2023,-36100,-338237000,9.4(1.08 %),200,1868000,36300,340105000,322721537,2.7
24/07/2023,212000,2023319000,9.58(1.91 %),239700,2287025000,27700,263706000,322964837,2.67
25/07/2023,109400,1049982000,9.6(0.00 %),120700,1158413000,11300,108431000,322880437,2.68
26/07/2023,26300,260440000,9.9(3.12 %),27400,271389000,1100,10949000,322854137,2.68
27/07/2023,-45400,-470020000,10.3(4.04 %),81800,839625000,127200,1309645000,322899537,2.68
28/07/2023,-38100,-387250000,10.3(0.00 %),43100,448390000,81200,835640000,322937637,2.67
31/07/2023,436500,4740200000,10.9(5.83 %),485800,5271675000,49300,531475000,322501137,2.74
01/08/2023,-186500,-2002410000,10.5(-3.67 %),77100,836920000,263600,2839330000,322420637,2.75
02/08/2023,511500,5416415000,10.6(0.95 %),532900,5643195000,21400,226780000,321909137,2.83
03/08/2023,-34300,-367945000,10.7(0.94 %),0,0,34300,367945000,321943437,2.82
04/08/2023,143900,1644175000,11.4(6.54 %),183100,2085645000,39200,441470000,322042952,2.81
07/08/2023,-442200,-5290695000,12.15(6.58 %),93300,1123620000,535500,6414315000,322485152,2.74
08/08/2023,-476700,-5930530000,12.25(0.82 %),166500,2084625000,643200,8015155000,322961852,2.67
09/08/2023,162100,1995325000,12.4(1.22 %),196100,2411225000,34000,415900000,322799752,2.69
10/08/2023,80700,1009055000,11.9(-4.03 %),190500,2331700000,109800,1322645000,322719052,2.7
11/08/2023,166400,2021345000,12.7(6.72 %),283900,3478080000,117500,1456735000,322552652,2.73
14/08/2023,-495000,-6568395000,13.55(6.69 %),31700,424460000,526700,6992855000,322477039,2.74
15/08/2023,-901900,-11998145000,13.1(-3.68 %),54900,721535000,956800,12719680000,322539639,2.73
16/08/2023,105700,1386670000,13.15(0.38 %),145400,1909295000,39700,522625000,322920960,2.67
17/08/2023,-276500,-3646025000,12.95(-1.89 %),15300,200100000,291800,3846125000,323197460,2.63
18/08/2023,111000,1317030000,12.05(-7.31 %),198700,2410430000,87700,1093400000,323703390,2.56
21/08/2023,1431900,16807710000,11.9(-1.65 %),1470800,17269810000,38900,462100000,322524449,2.73
22/08/2023,259100,3251035000,12.7(6.72 %),397100,4931935000,138000,1680900000,322215049,2.78
23/08/2023,-109300,-1423260000,12.8(0.79 %),69600,894190000,178900,2317450000,322184349,2.78
24/08/2023,39800,517220000,13(1.56 %),138200,1791555000,98400,1274335000,322144549,2.79
25/08/2023,103100,1363555000,13.1(0.77 %),202900,2676725000,99800,1313170000,322165189,2.79
28/08/2023,44600,581010000,13(-0.76 %),98200,1277575000,53600,696565000,322120589,2.79
29/08/2023,607600,8211260000,13.45(3.46 %),705900,9514315000,98300,1303055000,321559396,2.88
30/08/2023,26700,370360000,13.95(3.72 %),58100,808480000,31400,438120000,321532696,2.88
31/08/2023,-1095500,-14720475000,13.3(-1.12 %),34200,455035000,1129700,15175510000,321618996,2.87
05/09/2023,-672900,-8942365000,13(-2.26 %),7700,101000000,680600,9043365000,321642696,2.87
06/09/2023,75700,1030190000,13.35(2.69 %),224200,2967480000,148500,1937290000,321566996,2.88
07/09/2023,-182800,-2467665000,13.35(0.00 %),49800,670165000,232600,3137830000,323178996,2.64
08/09/2023,-19100,-261750000,13.3(-0.37 %),35000,465500000,54100,727250000,323292496,2.62
11/09/2023,-422900,-5578015000,12.9(-3.01 %),35800,472285000,458700,6050300000,323489251,2.59
12/09/2023,586200,7697940000,13.35(3.49 %),607900,7979915000,21700,281975000,322935459,2.67
13/09/2023,-47200,-646320000,13.6(1.87 %),9200,127700000,56400,774020000,323384959,2.6
14/09/2023,37100,501110000,13.5(-0.74 %),37500,506610000,400,5500000,323369159,2.61
15/09/2023,-662300,-8848635000,13.3(-1.48 %),73700,990930000,736000,9839565000,323351862,2.61
18/09/2023,0,0,13.6(2.26 %),0,0,0,0,323351862,2.61
19/09/2023,-48800,-667415000,13.7(0.74 %),20400,277315000,69200,944730000,323208652,2.63
20/09/2023,18500,257330000,13.9(1.46 %),21300,295725000,2800,38395000,323190152,2.63
21/09/2023,45200,640985000,14.5(4.32 %),104700,1511505000,59500,870520000,323144952,2.64
22/09/2023,-31900,-450735000,13.5(-6.90 %),9900,134735000,41800,585470000,323822629,2.54
25/09/2023,-21000,-275710000,12.6(-6.67 %),9900,127490000,30900,403200000,323872311,2.53
26/09/2023,85900,1007075000,11.75(-6.75 %),294300,3538230000,208400,2531155000,323619811,2.57
27/09/2023,318300,3514180000,12.25(4.26 %),503100,5652535000,184800,2138355000,323301511,2.62
28/09/2023,-22600,-268710000,12(-2.04 %),6000,71585000,28600,340295000,323324111,2.61
29/09/2023,-112900,-1390720000,11.6(-3.33 %),130700,1516675000,243600,2907395000,323409260,2.6
02/10/2023,-95400,-1131870000,11.85(2.16 %),3600,43020000,99000,1174890000,323434353,2.6
03/10/2023,-394600,-4568775000,11.05(-6.75 %),38400,432820000,433000,5001595000,323639553,2.57
04/10/2023,434900,4885350000,11.3(2.26 %),605600,6741750000,170700,1856400000,323204653,2.63
05/10/2023,-36700,-415860000,11.1(-1.77 %),3800,42190000,40500,458050000,323576190,2.58
06/10/2023,162100,1886980000,11.85(6.76 %),183200,2133640000,21100,246660000,323414090,2.6
09/10/2023,-233500,-2827915000,12.2(2.95 %),36000,432090000,269500,3260005000,323647590,2.57
10/10/2023,-367800,-4503390000,11.95(-2.05 %),13000,159275000,380800,4662665000,323580790,2.58
11/10/2023,9500,115630000,12.15(1.67 %),24000,287455000,14500,171825000,323826290,2.54
12/10/2023,-299300,-3702340000,12.15(0.00 %),5900,72205000,305200,3774545000,324201190,2.48
13/10/2023,70800,856965000,12.2(0.41 %),104000,1257680000,33200,400715000,324120690,2.49
16/10/2023,3000,39415000,12.4(1.64 %),15400,191145000,12400,151730000,324410490,2.45
17/10/2023,1800,23185000,11.6(-6.45 %),13200,165015000,11400,141830000,324430490,2.45
18/10/2023,302900,3511385000,11.5(-0.86 %),330800,3837085000,27900,325700000,324112090,2.5
19/10/2023,42000,490325000,11.4(-0.87 %),112300,1299815000,70300,809490000,324011190,2.51
20/10/2023,87200,1010640000,11.9(4.39 %),89900,1042770000,2700,32130000,323958190,2.52
23/10/2023,-437200,-5228615000,11.8(-0.84 %),31100,370090000,468300,5598705000,323997390,2.51
24/10/2023,-100700,-1191930000,12(1.69 %),5500,65485000,106200,1257415000,324098090,2.5
25/10/2023,131900,1622790000,12.1(0.83 %),209900,2571465000,78000,948675000,323994590,2.51
26/10/2023,28800,324830000,11.3(-6.61 %),40200,458780000,11400,133950000,324323990,2.46
27/10/2023,3100,34800000,11.4(0.88 %),3100,34800000,0,0,324407890,2.45
30/10/2023,15700,175915000,10.9(-4.39 %),15700,175915000,0,0,324412590,2.45
31/10/2023,340900,3548720000,10.15(-6.88 %),342900,3570320000,2000,21600000,324073365,2.5
01/11/2023,581600,5939724000,10.55(3.94 %),581600,5939724000,0,0,323496265,2.59
02/11/2023,-29600,-330020000,11.25(6.64 %),3000,33300000,32600,363320000,323525865,2.58
03/11/2023,-124600,-1419430000,11.2(-0.44 %),146700,1663270000,271300,3082700000,323650465,2.56
06/11/2023,72300,806855000,11.35(1.34 %),176400,1983520000,104100,1176665000,323578165,2.58
07/11/2023,84600,959325000,11.1(-2.20 %),183500,2070385000,98900,1111060000,323493565,2.59
08/11/2023,302700,3496595000,11.85(6.76 %),485100,5560295000,182400,2063700000,322911565,2.68
09/11/2023,-74600,-922130000,12(1.27 %),259300,3136670000,333900,4058800000,322751165,2.7
10/11/2023,82300,1002200000,12.35(2.92 %),159000,1943305000,76700,941105000,322774565,2.7
13/11/2023,-585600,-7285900000,12.3(-0.40 %),500,6275000,586100,7292175000,323107965,2.65
14/11/2023,-156900,-1952755000,12.25(-0.41 %),5500,69100000,162400,2021855000,323517065,2.58
15/11/2023,-232700,-2868680000,12.2(-0.41 %),42900,537505000,275600,3406185000,323749765,2.55
16/11/2023,0,0,12.6(3.28 %),0,0,0,0,323749765,2.55
17/11/2023,-117400,-1530865000,12.6(0.00 %),6400,81280000,123800,1612145000,323934989,2.52
20/11/2023,155700,1957760000,12.9(2.38 %),207700,2616915000,52000,659155000,323741889,2.55
21/11/2023,-228400,-2973775000,12.9(0.00 %),0,0,228400,2973775000,323865689,2.53
22/11/2023,-101000,-1309865000,13(0.78 %),0,0,101000,1309865000,323917689,2.52
23/11/2023,220700,2740610000,12.1(-6.92 %),362400,4608100000,141700,1867490000,323696989,2.56
24/11/2023,108600,1289430000,12.3(1.65 %),109100,1295520000,500,6090000,323588389,2.57
27/11/2023,35500,432995000,11.9(-3.25 %),37700,460165000,2200,27170000,323552889,2.58
28/11/2023,113300,1344560000,12.05(1.26 %),113300,1344560000,0,0,323439589,2.6
29/11/2023,-14100,-172880000,12.25(1.66 %),1000,12250000,15100,185130000,323453689,2.59
30/11/2023,1608400,20030380000,12.45(1.63 %),1708400,21269580000,100000,1239200000,321845289,2.84
01/12/2023,-294700,-3628630000,12.2(-2.01 %),12900,158180000,307600,3786810000,322063589,2.8
04/12/2023,36300,476495000,12.75(4.51 %),131300,1668940000,95000,1192445000,322027289,2.81
05/12/2023,-1100,-13830000,12.5(-1.96 %),7300,92710000,8400,106540000,322028389,2.81
06/12/2023,6100,77525000,12.85(2.80 %),13000,166060000,6900,88535000,322022289,2.81
07/12/2023,-52400,-665640000,12.7(-1.17 %),85600,1105410000,138000,1771050000,322074689,2.8
08/12/2023,-16700,-217665000,12.95(1.97 %),4900,62950000,21600,280615000,322091389,2.8
11/12/2023,-16200,-209530000,12.8(-1.16 %),12500,161630000,28700,371160000,322107589,2.8
12/12/2023,-52000,-669230000,12.95(1.17 %),7500,96975000,59500,766205000,322159589,2.79
13/12/2023,-22700,-287810000,12.65(-2.32 %),67200,876820000,89900,1164630000,322182289,2.78
14/12/2023,-66900,-846980000,12.5(-1.19 %),34300,433750000,101200,1280730000,322249189,2.77
15/12/2023,-890300,-11157885000,12.55(0.40 %),174900,2210375000,1065200,13368260000,323139489,2.64
18/12/2023,-97800,-1252890000,12.9(2.79 %),1100,14300000,98900,1267190000,323237289,2.63
19/12/2023,-37100,-477270000,12.85(-0.39 %),800,10280000,37900,487550000,323274389,2.62
20/12/2023,432000,5635170000,13.15(2.33 %),478400,6240405000,46400,605235000,322842389,2.69
21/12/2023,-158200,-2118530000,13.2(0.38 %),40800,538720000,199000,2657250000,323000589,2.66
22/12/2023,238900,3129235000,13.15(-0.38 %),292500,3841135000,53600,711900000,322761689,2.7
25/12/2023,69600,915925000,13.15(0.00 %),78800,1037040000,9200,121115000,322692089,2.71
26/12/2023,-9200,-121360000,13.2(0.38 %),4600,60720000,13800,182080000,322701289,2.71
27/12/2023,682500,9169845000,13.25(0.38 %),685500,9210295000,3000,40450000,322018789,2.81
28/12/2023,-25800,-345030000,13.25(0.00 %),295700,3930905000,321500,4275935000,322044589,2.81
29/12/2023,195100,2576295000,13.2(-0.38 %),260600,3442460000,65500,866165000,321849489,2.83
02/01/2024,-4300,-56780000,13(-1.52 %),4900,63700000,9200,120480000,322401100,2.75
03/01/2024,-144800,-1885035000,13.05(0.38 %),12100,157565000,156900,2042600000,322229289,2.78
04/01/2024,-17400,-228530000,13.05(0.00 %),17100,224820000,34500,453350000,322246689,2.78
05/01/2024,-4600,-60640000,13.15(0.77 %),1200,15840000,5800,76480000,322251289,2.77
08/01/2024,10700,142995000,13.25(0.76 %),25700,342325000,15000,199330000,322240589,2.78
09/01/2024,210200,2870035000,13.5(1.89 %),231800,3162425000,21600,292390000,322385100,2.75
10/01/2024,-6200,-83700000,13.2(-2.22 %),7300,97275000,13500,180975000,322416800,2.75
11/01/2024,1800,24680000,13.05(-1.14 %),15800,208880000,14000,184200000,322423400,2.75
12/01/2024,32200,409315000,12.75(-2.30 %),76600,977620000,44400,568305000,321997689,2.81
15/01/2024,3900,50500000,12.9(1.18 %),4000,51800000,100,1300000,322370300,2.76
16/01/2024,46200,602610000,13.1(1.55 %),50000,651250000,3800,48640000,322364700,2.76
17/01/2024,183600,2397215000,13.05(-0.38 %),192600,2514965000,9000,117750000,322172200,2.79
18/01/2024,-28400,-370535000,13.15(0.77 %),24200,318165000,52600,688700000,321792389,2.84
19/01/2024,-25900,-339420000,13(-1.14 %),13200,172520000,39100,511940000,321818289,2.84
22/01/2024,-124000,-1603190000,12.85(-1.15 %),25600,330990000,149600,1934180000,321942289,2.82
23/01/2024,-85900,-1106670000,12.95(0.78 %),3400,43950000,89300,1150620000,322028189,2.81
24/01/2024,900,11650000,12.85(-0.77 %),4100,52890000,3200,41240000,322027289,2.81
25/01/2024,200,2560000,12.75(-0.78 %),200,2560000,0,0,322027089,2.81
26/01/2024,-8300,-105970000,12.9(1.18 %),19800,255085000,28100,361055000,322035389,2.81
29/01/2024,686300,8967700000,13.35(3.49 %),852400,11182455000,166100,2214755000,321575840,2.88
30/01/2024,99700,1353005000,13.5(1.12 %),136500,1851420000,36800,498415000,321467500,2.89
31/01/2024,20000,267780000,13.2(-2.22 %),24700,331185000,4700,63405000,321608864,2.87
01/02/2024,393400,5258020000,13.65(3.41 %),687900,9304395000,294500,4046375000,321608879,2.87
02/02/2024,-89300,-1225765000,13.65(0.00 %),2400,32840000,91700,1258605000,320957760,2.97
05/02/2024,24600,333205000,13.7(0.37 %),87600,1199420000,63000,866215000,320985652,2.96
06/02/2024,-320100,-4352190000,13.5(-1.46 %),321000,4415565000,641100,8767755000,320937664,2.97
07/02/2024,-11100,-149830000,13.4(-0.74 %),7800,105070000,18900,254900000,320992864,2.96
15/02/2024,-163900,-2265390000,13.6(1.49 %),67800,916105000,231700,3181495000,321566144,2.88
16/02/2024,528000,7259620000,13.7(0.74 %),553900,7613505000,25900,353885000,321031168,2.96
19/02/2024,10698,145212400,13.55(-1.09 %),47898,651282400,37200,506070000,321214944,2.93
20/02/2024,136500,1853215000,13.5(-0.37 %),179200,2432710000,42700,579495000,321061664,2.95
21/02/2024,-266900,-3611280000,13.4(-0.74 %),56400,759965000,323300,4371245000,321050464,2.95
22/02/2024,56300,760490000,13.35(-0.37 %),82800,1116100000,26500,355610000,321050464,2.95
23/02/2024,-919900,-12139980000,12.85(-3.75 %),75600,990915000,995500,13130895000,321936054,2.82
26/02/2024,-5600,-78005000,13(1.17 %),52800,679445000,58400,757450000,321231744,2.93
27/02/2024,10899,155506800,13.2(1.54 %),241100,3166535000,230201,3011028200,321930755,2.82
28/02/2024,177500,2324230000,13.1(-0.76 %),197700,2590870000,20200,266640000,321753255,2.85
29/02/2024,-432908,-5657998500,13.1(0.00 %),71400,927750000,504308,6585748500,322005664,2.81
01/03/2024,-140600,-1860105000,13.2(0.76 %),14500,191400000,155100,2051505000,321991155,2.81
04/03/2024,1234107,16721840200,13.4(1.52 %),1281100,17353600000,46993,631759800,320757048,3.0
05/03/2024,35100,472650000,13.45(0.37 %),35100,472650000,0,0,321354560,2.91
06/03/2024,93200,1235260000,13.1(-2.60 %),93200,1235260000,0,0,320628748,3.02
07/03/2024,-717800,-9393180000,13.1(0.00 %),87900,1155265000,805700,10548445000,321346548,2.91
08/03/2024,-494500,-6397690000,12.9(-1.53 %),55500,726325000,550000,7124015000,321841048,2.84
11/03/2024,-408900,-5245605000,12.8(-0.78 %),7000,90390000,415900,5335995000,322249948,2.77
12/03/2024,-383000,-4895965000,12.8(0.00 %),43100,551540000,426100,5447505000,322469760,2.74
13/03/2024,471400,6140110000,13.1(2.34 %),490500,6386655000,19100,246545000,322395156,2.75
14/03/2024,-377100,-4925850000,13.1(0.00 %),15400,201640000,392500,5127490000,322772256,2.7
15/03/2024,-272700,-3597820000,13.3(1.53 %),310200,4187400000,582900,7785220000,323044956,2.66
18/03/2024,4600500,63774350000,14.2(6.77 %),5428900,75285680000,828400,11511330000,317478368,3.49
19/03/2024,53100,766510000,14.15(-0.35 %),59600,860255000,6500,93745000,318001664,3.41
20/03/2024,2539900,36817155000,14.95(5.65 %),2551700,36988975000,11800,171820000,315851456,3.73
21/03/2024,-4239300,-63725035000,15(0.33 %),495800,7420390000,4735100,71145425000,320090756,3.1
22/03/2024,1201700,17948375000,14.9(-0.67 %),2033200,30369895000,831500,12421520000,318889056,3.28
25/03/2024,-1667300,-25012995000,14.7(-1.34 %),564200,8446755000,2231500,33459750000,317938600,3.42
26/03/2024,2271800,34439110000,15.4(4.76 %),2320600,35182120000,48800,743010000,322026156,2.81
27/03/2024,-1515900,-23516635000,15.45(0.32 %),46000,715065000,1561900,24231700000,318635136,3.32
28/03/2024,103200,1533825000,15.2(-1.62 %),399200,6111145000,296000,4577320000,318284736,3.37
29/03/2024,1547700,23910410000,15.7(3.29 %),1958400,30266260000,410700,6355850000,317888224,3.43
01/04/2024,-1961500,-31247025000,15.95(1.59 %),89300,1406350000,2050800,32653375000,318094900,3.4
02/04/2024,82100,1228885000,16.1(0.94 %),876900,13965480000,794800,12736595000,317806127,3.44
03/04/2024,-786500,-12564850000,15.7(-2.48 %),1008300,16169230000,1794800,28734080000,318671300,3.31
04/04/2024,4851500,78242590000,16.45(4.78 %),5276600,84933890000,425100,6691300000,313741127,4.05
05/04/2024,-896400,-14939620000,16.5(0.30 %),1271600,21169565000,2168000,36109185000,314712700,3.9
08/04/2024,84000,1351665000,16.2(-1.82 %),157800,2564540000,73800,1212875000,314553527,3.93
09/04/2024,-1200200,-19092080000,16.15(-0.31 %),442700,7043960000,1642900,26136040000,315753727,3.75
10/04/2024,-1441400,-23580205000,16.05(-0.62 %),215700,3508130000,1657100,27088335000,317195127,3.53
11/04/2024,5658100,94040600000,17(5.92 %),5909300,98162800000,251200,4122200000,312296960,4.26
12/04/2024,-938000,-16050415000,17.05(0.29 %),149100,2540540000,1087100,18590955000,313805000,4.04
15/04/2024,1852300,30395070000,15.9(-6.74 %),2053400,33790280000,201100,3395210000,310622727,4.51
16/04/2024,-2022200,-31487940000,15.8(-0.63 %),1608900,24632840000,3631100,56120780000,312644927,4.21
17/04/2024,-1011500,-16211815000,15.6(-1.27 %),1747300,27611275000,2758800,43823090000,311634227,4.36
19/04/2024,507200,7251750000,14.85(-4.81 %),2702400,40593380000,2195200,33341630000,311127027,4.44
22/04/2024,395500,5990050000,15.2(2.36 %),1045500,15847690000,650000,9857640000,312580700,4.22
23/04/2024,-1303900,-19599250000,14.55(-4.28 %),126900,1852105000,1430800,21451355000,314649152,3.91
24/04/2024,3231000,49151285000,15.55(6.87 %),3546400,53949610000,315400,4798325000,308804427,4.79
25/04/2024,12400,119700000,15.8(1.61 %),605000,9476640000,592600,9356940000,308792027,4.79
26/04/2024,460800,7352580000,16(1.27 %),628600,10029320000,167800,2676740000,312265400,4.27
02/05/2024,-907600,-14891320000,16.3(1.88 %),38300,624550000,945900,15515870000,312819744,4.19
03/05/2024,678000,11001805000,16.25(-0.31 %),1047500,17015105000,369500,6013300000,311940200,4.32
06/05/2024,212200,3479210000,17.35(6.77 %),366400,6100210000,154200,2621000000,312519700,4.23
07/05/2024,377900,6663505000,18.05(4.03 %),960800,17286230000,582900,10622725000,311928416,4.32
08/05/2024,3048400,55207440000,18.35(1.66 %),3642400,66234080000,594000,11026640000,308440200,4.84
09/05/2024,1824700,33132595000,18.2(-0.82 %),2288600,41585980000,463900,8453385000,306734500,5.1
10/05/2024,-727100,-13807570000,18.6(2.20 %),355600,6567735000,1082700,20375305000,306972832,5.06
13/05/2024,-2295400,-41836720000,18.2(-2.15 %),96700,1769755000,2392100,43606475000,307339968,5.01
14/05/2024,-298000,-5523480000,18.35(0.82 %),378700,6943370000,676700,12466850000,309444712,4.69
15/05/2024,1564000,29202620000,18.7(1.91 %),1873400,34968180000,309400,5765560000,307880712,4.92
16/05/2024,-2510400,-47434715000,18.65(-0.27 %),25000,472710000,2535400,47907425000,310391112,4.55
17/05/2024,-233500,-4471365000,19(1.88 %),107500,2022530000,341000,6493895000,309416320,4.7
20/05/2024,37800,845930000,19(0.00 %),1172800,23049040000,1135000,22203110000,310778900,4.49
21/05/2024,823200,15793410000,19.85(4.47 %),988500,18939260000,165300,3145850000,310131360,4.59
22/05/2024,-1300400,-25517190000,19.3(-2.77 %),118200,2296895000,1418600,27814085000,311148100,4.44
23/05/2024,-164200,-3186255000,19.6(1.55 %),567300,11005225000,731500,14191480000,310746048,4.5
24/05/2024,-1558000,-29684000000,18.4(-6.12 %),72700,1386560000,1630700,31070560000,310275812,4.57
27/05/2024,1726600,32579555000,19.15(4.08 %),1751900,33055415000,25300,475860000,311071360,4.45
28/05/2024,-136500,-2638855000,19.4(1.31 %),168300,3241650000,304800,5880505000,312533800,4.23
29/05/2024,2245400,44229260000,19.8(2.06 %),2389100,47113130000,143700,2883870000,310170000,4.58
30/05/2024,-110800,-2294175000,19.9(0.51 %),1036900,20202405000,1147700,22496580000,309437900,4.69
31/05/2024,-625300,-12531820000,19.7(-1.01 %),6000,119320000,631300,12651140000,309575700,4.67
03/06/2024,-963500,-19234815000,19.9(1.02 %),81100,1617145000,1044600,20851960000,309575712,4.67
04/06/2024,-174300,-3500465000,20(0.50 %),156100,3127450000,330400,6627915000,309750012,4.65
05/06/2024,-77600,-1528175000,19.65(-1.75 %),116600,2297530000,194200,3825705000,309827612,4.63
06/06/2024,53580,1039193500,19.4(-1.27 %),106750,2071517500,53170,1032324000,312269133,4.27
07/06/2024,-93825,-1833425100,20(3.09 %),134334,2608758600,228159,4442183700,312328999,4.26
10/06/2024,-229499,-4533281650,19.8(-1.00 %),483534,9632013350,713033,14165295000,312558498,4.22
11/06/2024,50915,1010046800,19.4(-2.02 %),228242,4471931650,177327,3461884850,312269133,4.27
12/06/2024,230600,4489560300,19.65(1.29 %),436100,8468235300,205500,3978675000,312175485,4.28
13/06/2024,0,0,19.65(0.00 %),0,0,0,0,311844487,4.33
14/06/2024,155366,3022568750,19(-3.31 %),372766,7280693750,217400,4258125000,311677221,4.36
17/06/2024,22528,365438350,18.7(-1.58 %),483828,9080018400,461300,8714580050,311532393,4.38
18/06/2024,1041070,20074850650,19.2(2.67 %),1256070,24205040650,215000,4130190000,310493723,4.53
19/06/2024,255700,5100265000,19.85(3.39 %),762700,15119730000,507000,10019465000,310192323,4.58
20/06/2024,5264961,108728367900,21.2(6.80 %),5497301,113453139900,232340,4724772000,304910022,5.37
21/06/2024,1532602,32026831800,21(-0.94 %),4449802,93460001800,2917200,61433170000,300967220,5.96
24/06/2024,1306651,26153541600,19.6(-6.67 %),1805597,36218647900,498946,10065106300,299393963,6.2
25/06/2024,-1070333,-20996631450,19.85(1.28 %),356420,6934550000,1426753,27931181450,301954743,5.81
26/06/2024,-1335917,-26190395600,19.5(-1.76 %),23236,452143200,1359153,26642538800,302430453,5.74
27/06/2024,-836200,-16302430000,19.45(-0.26 %),7000,135870000,843200,16438300000,303850206,5.53
28/06/2024,-1164918,-22345645200,19(-2.31 %),225319,4293515750,1390237,26639160950,304984040,5.36
04/07/2024,-290600,-5627210000,19.5(0.52 %),6800,131560000,297400,5758770000,307579977,0.0
05/07/2024,-55800,-1087915000,19.6(0.51 %),351500,6882170000,407300,7970085000,307635777,0.0
08/07/2024,-159900,-3165330000,19.9(1.53 %),20300,402915000,180200,3568245000,307795677,0.0
09/07/2024,-283800,-5831085000,20.3(2.01 %),252100,5112060000,535900,10943145000,308079477,0.0
10/07/2024,-552400,-11280055000,20.45(0.74 %),154600,3153410000,707000,14433465000,308631877,0.0
11/07/2024,-359500,-7456935000,20.3(-0.73 %),100200,2034145000,459700,9491080000,308991377,0.0
12/07/2024,136900,2760090000,20.5(0.99 %),140000,2822740000,3100,62650000,308854477,0.0
15/07/2024,49900,1025385000,20.6(0.49 %),69100,1421095000,19200,395710000,308804577,0.0
16/07/2024,284800,5867430000,20.4(-0.97 %),349300,7193535000,64500,1326105000,308519777,0.0
17/07/2024,-137000,-2694795000,19(-6.86 %),194300,3843920000,331300,6538715000,308656777,0.0
18/07/2024,181200,3403410000,19.45(2.37 %),575000,10824500000,393800,7421090000,308475577,0.0
19/07/2024,-200800,-3851085000,18.7(-3.86 %),61000,1139070000,261800,4990155000,308676377,0.0
22/07/2024,1519600,27219795000,18(-3.74 %),1687700,30252300000,168100,3032505000,307156777,0.0
23/07/2024,-1737500,-30692830000,17.2(-4.44 %),673900,11817855000,2411400,42510685000,308894277,0.0
24/07/2024,-1353200,-23754480000,17.8(3.49 %),1430800,24724820000,2784000,48479300000,310247477,0.0
25/07/2024,-980200,-17201100000,17.75(-0.28 %),146200,2563160000,1126400,19764260000,311227677,0.0
26/07/2024,-464500,-8229325000,17.9(0.85 %),80000,1430795000,544500,9660120000,311692177,0.0
29/07/2024,-829300,-15077685000,18.6(3.91 %),95400,1761320000,924700,16839005000,312521477,0.0
30/07/2024,-829300,-15077685000,18.4(-1.08 %),95400,1761320000,924700,16839005000,313350777,0.0
31/07/2024,-286700,-5292200000,18.1(-1.63 %),8400,152750000,295100,5444950000,313637477,0.0
01/08/2024,-1973200,-34126625000,16.85(-6.91 %),375100,6461545000,2348300,40588170000,314331314,0.0
02/08/2024,708900,11681075000,17.45(3.56 %),1060400,17792420000,351500,6111345000,313622414,0.0
05/08/2024,172500,2789260000,16.3(-6.59 %),265200,4381930000,92700,1592670000,313449914,0.0
06/08/2024,786400,13597755000,17.4(6.75 %),959700,16571500000,173300,2973745000,312663514,0.0
07/08/2024,-809000,-14019770000,17.8(2.30 %),491100,8634555000,1300100,22654325000,313472514,0.0
08/08/2024,-2017800,-33869440000,16.6(-6.74 %),29100,488840000,2046900,34358280000,315490314,0.0
09/08/2024,981300,15765820000,16.6(0.00 %),1245000,20183325000,263700,4417505000,314509014,0.0
12/08/2024,-233400,-3864725000,16.05(-3.31 %),560900,9003695000,794300,12868420000,314742414,0.0
13/08/2024,1737300,28454135000,16.6(3.43 %),1788600,29303660000,51300,849525000,313005114,0.0
14/08/2024,3026200,51201695000,17.05(2.71 %),3271900,55344855000,245700,4143160000,309978914,0.0
15/08/2024,1426800,24437560000,17.05(0.00 %),1916600,32807425000,489800,8369865000,308552114,0.0
16/08/2024,-610300,-10721595000,18.15(6.45 %),366100,6525255000,976400,17246850000,309162414,0.0
19/08/2024,-428900,-7795950000,18.05(-0.55 %),4000,71950000,432900,7867900000,309591314,0.0
20/08/2024,-254600,-4715235000,18.55(2.77 %),93300,1729900000,347900,6445135000,309845914,0.0
21/08/2024,1669100,31063670000,18.6(0.27 %),2270200,42121625000,601100,11057955000,308176814,0.0
22/08/2024,659100,12250295000,18.6(0.00 %),821400,15237895000,162300,2987600000,307517714,0.0
23/08/2024,1924900,35988305000,18.8(1.08 %),2009900,37552705000,85000,1564400000,305592814,0.0
26/08/2024,6400,105955000,18.4(-2.13 %),43000,794240000,36600,688285000,305586414,0.0
27/08/2024,1110900,20728615000,18.75(1.90 %),1213000,22652825000,102100,1924210000,304475514,0.0
28/08/2024,-71500,-1316855000,18.45(-1.60 %),1900,35120000,73400,1351975000,304547014,0.0
29/08/2024,225700,4132055000,18.3(-0.81 %),293800,5381405000,68100,1249350000,304321314,0.0
30/08/2024,1630700,30051600000,18.5(1.09 %),1848600,34027755000,217900,3976155000,302690614,0.0
04/09/2024,481200,8835455000,18.35(-0.81 %),661300,12113990000,180100,3278535000,306023551,0.0
05/09/2024,106700,1889235000,18.3(-0.27 %),293400,5350700000,186700,3461465000,305916851,0.0
06/09/2024,398000,7298105000,18.25(-0.27 %),796800,14509395000,398800,7211290000,305518851,0.0
09/09/2024,635700,11374085000,17.85(-2.19 %),761100,13636275000,125400,2262190000,304883151,0.0
10/09/2024,152400,2651405000,17.65(-1.12 %),288500,5072220000,136100,2420815000,304730751,0.0
11/09/2024,482600,8447525000,17.6(-0.28 %),610700,10675560000,128100,2228035000,304248151,0.0
12/09/2024,380700,6639700000,17.4(-1.14 %),383700,6692270000,3000,52570000,303867451,0.0
13/09/2024,974000,17221590000,17.8(2.30 %),1105600,19528580000,131600,2306990000,302893451,0.0
16/09/2024,-387900,-6836500000,17.35(-2.53 %),96000,1666355000,483900,8502855000,303281351,0.0
17/09/2024,-16100,-263345000,17.6(1.44 %),152400,2655250000,168500,2918595000,303297451,0.0
18/09/2024,-115700,-2049260000,17.7(0.57 %),700,12425000,116400,2061685000,303413151,0.0
19/09/2024,-108100,-1918405000,17.8(0.56 %),1000,17735000,109100,1936140000,303521251,0.0
20/09/2024,457600,8097115000,17.7(-0.56 %),701100,12409850000,243500,4312735000,303063651,0.0
23/09/2024,-16500,-288960000,17.4(-1.69 %),0,0,16500,288960000,303080151,0.0
24/09/2024,-39100,-675135000,17.5(0.57 %),285700,4986545000,324800,5661680000,303119251,0.0
25/09/2024,18000,322400000,17.8(1.71 %),73100,1296975000,55100,974575000,303101251,0.0
26/09/2024,-35800,-680860000,18.15(1.97 %),225700,4052500000,261500,4733360000,303137051,0.0
27/09/2024,-117400,-2135975000,18.05(-0.55 %),24200,439595000,141600,2575570000,303254451,0.0
30/09/2024,353800,6404520000,18.15(0.55 %),412100,7446090000,58300,1041570000,302900651,0.0
01/10/2024,-23300,-417295000,18.2(0.28 %),177100,3229970000,200400,3647265000,302687450,0.0
02/10/2024,91200,1636845000,17.85(-1.92 %),114000,2048085000,22800,411240000,302596250,0.0
03/10/2024,-14700,-255560000,17.2(-3.64 %),13600,237935000,28300,493495000,302610950,0.0
04/10/2024,110200,1899605000,17.2(0.00 %),191600,3306405000,81400,1406800000,302500750,0.0
07/10/2024,140000,2422140000,17.3(0.58 %),143200,2477270000,3200,55130000,302360750,0.0
08/10/2024,252300,4368460000,17.35(0.29 %),254000,4397735000,1700,29275000,302108450,0.0
09/10/2024,-160700,-2781905000,17.35(0.00 %),44800,777255000,205500,3559160000,302269150,0.0
10/10/2024,190100,3308780000,17.45(0.58 %),236900,4125440000,46800,816660000,302079050,0.0
11/10/2024,251200,4400675000,17.55(0.57 %),397800,6988165000,146600,2587490000,301827850,0.0
14/10/2024,361300,6111760000,16.45(-6.27 %),1342600,22210910000,981300,16099150000,301466550,0.0
15/10/2024,764000,12138995000,16.05(-2.43 %),837300,13322045000,73300,1183050000,300702550,0.0
16/10/2024,-20100,-338000000,16.2(0.93 %),139200,2259670000,159300,2597670000,300722650,0.0
17/10/2024,133200,2163255000,16.4(1.23 %),514800,8357735000,381600,6194480000,300589450,0.0
18/10/2024,-242900,-3962495000,16.2(-1.22 %),165400,2682910000,408300,6645405000,300832350,0.0
21/10/2024,-1822500,-28626760000,15.5(-4.32 %),9600,152780000,1832100,28779540000,302654850,0.0
22/10/2024,105000,1647685000,15.75(1.61 %),303800,4766650000,198800,3118965000,302549850,0.0
23/10/2024,-39300,-626170000,15.85(0.63 %),324400,5098750000,363700,5724920000,302589150,0.0
24/10/2024,316400,4974895000,15.75(-0.63 %),323800,5091860000,7400,116965000,302272750,0.0
25/10/2024,257200,4036880000,15.6(-0.95 %),388500,6093230000,131300,2056350000,302015550,0.0
28/10/2024,354100,5543080000,15.7(0.64 %),372100,5824780000,18000,281700000,301661450,0.0
29/10/2024,63700,1012825000,16.1(2.55 %),623300,10048055000,559600,9035230000,301597750,0.0
30/10/2024,-306300,-4957265000,16.1(0.00 %),1800,28955000,308100,4986220000,301904050,0.0
31/10/2024,-166600,-2677445000,16.15(0.31 %),200000,3230000000,366600,5907445000,302070650,0.0
01/11/2024,-779500,-12401180000,15.8(-2.17 %),2000,31950000,781500,12433130000,301619598,0.0
04/11/2024,-956000,-14689980000,15.25(-3.48 %),258900,3945835000,1214900,18635815000,302575598,0.0
05/11/2024,-262700,-4025380000,15.3(0.33 %),70700,1082265000,333400,5107645000,302838298,0.0
06/11/2024,207200,3193335000,15.5(1.31 %),254600,3924145000,47400,730810000,302631098,0.0
07/11/2024,-522300,-8174895000,15.5(0.00 %),172000,2668235000,694300,10843130000,303153398,0.0
08/11/2024,-278100,-4286295000,15.5(0.00 %),4000,61600000,282100,4347895000,303431498,0.0
11/11/2024,-84600,-1293195000,15.2(-1.94 %),104000,1580775000,188600,2873970000,303516098,0.0
12/11/2024,-1031500,-15641510000,15.1(-0.66 %),230400,3530035000,1261900,19171545000,305626535,5.26
13/11/2024,-96800,-1447060000,14.95(-0.99 %),192100,2867855000,288900,4314915000,304644398,0.0
14/11/2024,-153600,-2271320000,14.5(-3.01 %),25800,383800000,179400,2655120000,304797998,0.0
15/11/2024,1480600,21005905000,14.2(-2.07 %),1510700,21440475000,30100,434570000,303317398,0.0
18/11/2024,743300,10675765000,15.15(6.69 %),1005000,14579580000,261700,3903815000,302574098,0.0
19/11/2024,-214000,-3274420000,15.2(0.33 %),263200,3993745000,477200,7268165000,302788098,0.0
20/11/2024,-522000,-8393835000,15.75(3.62 %),805900,12454970000,1327900,20848805000,303310098,0.0
21/11/2024,-60800,-949815000,15.75(0.00 %),175800,2753085000,236600,3702900000,303370898,0.0
22/11/2024,-575300,-8868665000,15.5(-1.59 %),109900,1703880000,685200,10572545000,303946198,0.0
25/11/2024,-722400,-11022840000,15.25(-1.61 %),664100,10205240000,1386500,21228080000,304051111,5.5
26/11/2024,595400,9374635000,15.65(2.62 %),819000,12927025000,223600,3552390000,303917311,5.52
27/11/2024,-68400,-1064035000,15.6(-0.32 %),1800,28005000,70200,1092040000,305302011,5.31
28/11/2024,-136200,-2144345000,15.65(0.32 %),1000,15750000,137200,2160095000,305524611,5.28
29/11/2024,-75300,-1175475000,15.6(-0.32 %),106700,1664385000,182000,2839860000,305488111,5.28
02/12/2024,-88700,-1434265000,15.6(0.00 %),189100,2963345000,277800,4397610000,305436211,5.29
03/12/2024,-97100,-1524445000,15.5(-0.64 %),27400,428005000,124500,1952450000,305590811,5.27
04/12/2024,240900,3698590000,15.3(-1.29 %),299700,4607470000,58800,908880000,305568911,5.27
05/12/2024,935900,14651280000,16(4.58 %),983900,15394645000,48000,743365000,304709511,5.4
09/12/2024,-373000,-6000775000,15.9(0.63 %),403100,6387090000,776100,12387865000,304271635,5.47
10/12/2024,-699800,-11093600000,15.75(-0.94 %),7600,120050000,707400,11213650000,304858835,5.38
16/12/2024,-68100,-1050030000,15.3(-1.29 %),12400,189720000,80500,1239750000,306641335,5.11
17/12/2024,-203300,-3102040000,15.3(0.00 %),0,0,203300,3102040000,307247235,5.02
18/12/2024,-81000,-1240465000,15.5(1.31 %),139100,2140110000,220100,3380575000,307188635,5.03
19/12/2024,-1026600,-15575325000,15.1(-2.58 %),276000,4172230000,1302600,19747555000,307116026,5.04
20/12/2024,-768000,-11530180000,15(-0.66 %),0,0,768000,11530180000,307336126,5.01
24/12/2024,0,0,15.1(-1.31 %),0,0,0,0,308858815,4.78
25/12/2024,1366400,21070775000,15.6(3.31 %),1377100,21235225000,10700,164450000,307528415,4.98
26/12/2024,702300,10964910000,15.65(0.32 %),1043900,16268490000,341600,5303580000,306750615,5.09
27/12/2024,856600,13332100000,15.45(-1.28 %),1002100,15586270000,145500,2254170000,305759243,5.24
30/12/2024,-70300,-1082865000,15.25(-1.29 %),74300,1134240000,144600,2217105000,306026539,5.2
31/12/2024,-54500,-838170000,15.15(-0.66 %),51600,781820000,106100,1619990000,306120393,5.19
02/01/2025,-123000,-1865415000,15.15(0.00 %),100000,1515000000,223000,3380415000,306164993,5.18
03/01/2025,-594700,-8933450000,14.8(-2.31 %),8600,129145000,603300,9062595000,306262493,5.17
06/01/2025,38300,502860000,14.3(-3.38 %),175000,2502200000,136700,1999340000,306310493,5.16
07/01/2025,130700,1827700000,14.1(-1.40 %),203200,2861510000,72500,1033810000,306310493,5.16
08/01/2025,145400,2069490000,14.35(1.77 %),212700,3023730000,67300,954240000,306634582,5.11
09/01/2025,-238500,-3389315000,14.1(-1.74 %),2500,35625000,241000,3424940000,306704632,5.1
10/01/2025,-174000,-2458220000,13.5(-4.26 %),26000,351280000,200000,2809500000,306745932,5.09
13/01/2025,627800,8523515000,13.9(2.96 %),669900,9090325000,42100,566810000,306317032,5.16
14/01/2025,-97800,-1342825000,13.65(-1.80 %),5800,79435000,103600,1422260000,306511232,5.13
15/01/2025,-17500,-242940000,13.9(1.83 %),6500,89375000,24000,332315000,306546832,5.12
16/01/2025,-177700,-2507825000,13.8(-0.72 %),53900,744405000,231600,3252230000,306724532,0.0
17/01/2025,125800,1804300000,14.2(2.90 %),300600,4266310000,174800,2462010000,306319932,5.16
20/01/2025,-37000,-523190000,14(-1.41 %),7400,104520000,44400,627710000,306544132,5.12
21/01/2025,-26900,-379700000,14.1(0.71 %),3300,46280000,30200,425980000,306715680,5.1
22/01/2025,100500,1413670000,14(-0.71 %),181500,2552570000,81000,1138900000,306578580,5.12
23/01/2025,911100,13084620000,14.4(2.86 %),921900,13239065000,10800,154445000,305686880,5.25
24/01/2025,328600,4955730000,15.2(5.56 %),487000,7309880000,158400,2354150000,305480880,5.28
03/02/2025,-266400,-4010200000,0(0.00 %),20800,309920000,287200,4320120000,305470880,5.29
04/02/2025,66700,999225000,15.5(1.97 %),218600,3330170000,151900,2330945000,305410680,5.29
05/02/2025,72000,1128200000,15.65(0.97 %),311400,4880180000,239400,3751980000,305386480,5.3
06/02/2025,-37700,-590740000,15.45(-1.28 %),70100,1079540000,107800,1670280000,305490280,5.28
07/02/2025,61300,937555000,15.3(-0.97 %),94300,1444885000,33000,507330000,301986076,5.81
10/02/2025,467600,7080775000,15.1(-1.31 %),531100,8042295000,63500,961520000,300212076,6.07
11/02/2025,86000,1289155000,15.35(1.66 %),348300,5308220000,262300,4019065000,299896776,6.12
12/02/2025,-20500,-312290000,15.2(-0.98 %),61400,940755000,81900,1253045000,299898876,6.12
13/02/2025,-96900,-1481320000,15.4(1.32 %),111500,1697875000,208400,3179195000,298449676,6.34
14/02/2025,-358000,-5590800000,15.45(0.32 %),61700,962520000,419700,6553320000,298469876,6.33
17/02/2025,-175300,-2718595000,15.45(0.00 %),39100,604485000,214400,3323080000,298639176,6.31
18/02/2025,91600,1432835000,15.75(1.94 %),562000,8835420000,470400,7402585000,298488876,6.33
19/02/2025,2260100,37950095000,16.85(6.98 %),2565600,42904660000,305500,4954565000,295137676,6.83
20/02/2025,1160100,19630930000,16.9(0.30 %),1359600,23028060000,199500,3397130000,293248476,7.11
21/02/2025,176400,2872300000,17(0.59 %),691500,11613625000,515100,8741325000,292862476,7.17
24/02/2025,-509800,-8509690000,17(0.00 %),155100,2623120000,664900,11132810000,292906876,7.17
25/02/2025,-299500,-5146995000,17.1(0.59 %),180300,3098010000,479800,8245005000,293237676,7.12
26/02/2025,40200,684680000,17.05(-0.29 %),47300,806095000,7100,121415000,293855276,7.02
27/02/2025,2403300,41816290000,17.65(3.52 %),2552000,44411340000,148700,2595050000,291783146,7.33
28/02/2025,356300,6218865000,17.5(-0.85 %),1124200,19684675000,767900,13465810000,290666046,7.5
03/03/2025,2073100,36575895000,17.8(1.71 %),2189300,38620370000,116200,2044475000,288625446,7.81
04/03/2025,421200,7397595000,17.55(-1.40 %),579700,10187845000,158500,2790250000,288813646,7.78
05/03/2025,604800,10601230000,17.1(-2.56 %),809200,14176025000,204400,3574795000,288120646,7.88
06/03/2025,378000,6517670000,17.3(1.17 %),585300,10084810000,207300,3567140000,287693846,7.95
07/03/2025,3349400,59615535000,17.75(2.60 %),3468700,61724750000,119300,2109215000,284429546,8.43
10/03/2025,1201500,21446070000,17.85(0.56 %),1412800,25222415000,211300,3776345000,283224046,8.61
11/03/2025,246900,4399595000,17.9(0.28 %),520300,9226595000,273400,4827000000,283224046,8.61
12/03/2025,-123800,-2205505000,17.55(-1.96 %),743200,13106050000,867000,15311555000,282291157,8.75
13/03/2025,187871,3282268300,17.25(-1.71 %),234500,4103360000,46629,821091700,282330157,8.75
14/03/2025,111500,1909205000,17.3(0.29 %),244800,4205620000,133300,2296415000,282952957,8.66
17/03/2025,759700,13445235000,18(4.05 %),784700,13888415000,25000,443180000,282214586,8.77
18/03/2025,-143700,-2537205000,17.65(-1.94 %),41300,731740000,185000,3268945000,282306786,8.75
19/03/2025,269300,4649600000,17.4(-1.42 %),515100,8958775000,245800,4309175000,281816986,8.83
20/03/2025,-326400,-5671950000,17.3(-0.57 %),76300,1310780000,402700,6982730000,281925986,8.81
21/03/2025,-983900,-17296285000,17.35(0.29 %),77600,1347585000,1061500,18643870000,282094386,8.78
24/03/2025,959700,17049040000,17.65(1.73 %),1108400,19674480000,148700,2625440000,281389386,8.89
25/03/2025,-234900,-4234440000,17.8(0.85 %),210400,3723865000,445300,7958305000,282240036,8.76
26/03/2025,160300,2860730000,18.2(2.25 %),469300,8501170000,309000,5640440000,281919320,8.81
27/03/2025,-414600,-7399745000,18.8(3.30 %),693200,12935735000,1107800,20335480000,281671052,8.85
28/03/2025,341700,6644835000,18.7(-0.53 %),811900,15589740000,470200,8944905000,281168401,8.92
31/03/2025,-39000,-884235000,18(-3.74 %),336000,6113415000,375000,6997650000,281940101,8.81
01/04/2025,356300,6446385000,18.15(0.83 %),493100,8912385000,136800,2466000000,281919253,8.81
02/04/2025,-137300,-2588985000,18.3(0.83 %),202500,3730290000,339800,6319275000,282092550,8.78
03/04/2025,-375500,-6486140000,17.05(-6.83 %),148500,2562380000,524000,9048520000,282076850,8.79
04/04/2025,-354900,-5692680000,16.55(-2.93 %),386700,6247910000,741600,11940590000,282030150,8.79
08/04/2025,278500,4332415000,15.4(-6.95 %),381400,5917370000,102900,1584955000,282172980,8.77
09/04/2025,78600,1186280000,14.35(-6.82 %),588000,8504640000,509400,7318360000,282326580,8.75
10/04/2025,-10100,-155035000,15.35(6.97 %),0,0,10100,155035000,282423080,8.73
11/04/2025,449800,6965150000,16.3(6.19 %),911600,14202650000,461800,7237500000,282021155,8.79
14/04/2025,-166900,-2577655000,17(4.29 %),406700,6835245000,573600,9412900000,281624555,8.85
15/04/2025,-23000,-461465000,16.4(-3.53 %),191900,3117755000,214900,3579220000,281894455,8.81
16/04/2025,398400,6543855000,16.45(0.30 %),498800,8202655000,100400,1658800000,281969255,8.8
17/04/2025,-1980000,-32995685000,16.7(1.52 %),185000,3082905000,2165000,36078590000,281999155,8.8
18/04/2025,111100,1870645000,16.7(0.00 %),218000,3682790000,106900,1812145000,281881555,8.82
21/04/2025,169900,2887110000,16.95(1.50 %),505700,8529410000,335800,5642300000,283540855,8.57
22/04/2025,2143500,35144860000,16.75(-1.18 %),2783200,45893025000,639700,10748165000,280864525,8.97
23/04/2025,1836300,31794105000,17.45(4.18 %),1901900,32923295000,65600,1129190000,279302425,9.2
24/04/2025,1042400,18147465000,17.7(1.43 %),1395800,24354035000,353400,6206570000,278546325,9.31
25/04/2025,582600,10145605000,17.65(-0.28 %),1278900,22315155000,696300,12169550000,277333025,9.5
28/04/2025,-1073100,-18487265000,17.05(-3.40 %),1067600,18367640000,2140700,36854905000,276618825,9.6
29/04/2025,151900,2579490000,17.2(0.88 %),441300,7526800000,289400,4947310000,276873825,9.57
05/05/2025,156050,-24963442500,17.05(-0.87 %),156050,2657012500,0,27620455000,279014525,9.24
06/05/2025,521500,9101650000,17.2(0.88 %),631600,11018445000,110100,1916795000,278782425,9.28
07/05/2025,1871400,32740130000,17.55(2.03 %),2280600,39882805000,409200,7142675000,278378225,9.34
08/05/2025,1251000,22578465000,18.15(3.42 %),1587900,28665830000,336900,6087365000,277127225,9.53
09/05/2025,1092200,19095040000,17.65(-2.75 %),2642400,46722775000,1550200,27627735000,276035025,9.69
12/05/2025,-1393000,-24863450000,18(1.98 %),371400,6571980000,1764400,31435430000,276035025,9.69
13/05/2025,-1690500,-30295515000,18(0.00 %),846900,15233310000,2537400,45528825000,276035025,9.69
14/05/2025,2010800,36355465000,18.05(0.28 %),2024100,36595565000,13300,240100000,275417225,9.78
15/05/2025,217000,-52769178800,17.7(-1.94 %),217000,3863655000,0,56632833800,277107725,9.53
16/05/2025,5282800,92824590000,18.15(2.54 %),5282800,95458690000,0,2634100000,271972725,10.3
19/05/2025,235200,-13601704300,18(-0.83 %),235200,4280350000,0,17882054300,274941746,9.85
20/05/2025,187800,968595000,18.2(1.11 %),187800,3374660000,0,2406065000,274887446,9.86
21/05/2025,68800,-22664235000,18.2(0.00 %),68800,1243650000,0,23907885000,275632044,9.75
22/05/2025,1007600,1368480000,18.25(0.27 %),1007600,18467255000,0,17098775000,275551044,9.76
23/05/2025,2304800,42980020000,18.85(3.29 %),2492800,46457645000,188000,3477625000,274500744,9.92
26/05/2025,54600,-12305850000,19.9(5.57 %),54600,1044585000,0,13350435000,274500744,9.92
27/05/2025,-1381200,-27410435000,19.8(-0.50 %),294700,5865845000,1675900,33276280000,274500744,9.92
28/05/2025,380600,-14332870000,19.5(-1.52 %),380600,7447375000,0,21780245000,275148644,9.82
29/05/2025,1047100,4307000000,20.05(2.82 %),1047100,20682805000,0,16375805000,276304244,9.65
30/05/2025,401500,3557404500,19.8(-1.25 %),401500,7949710000,0,4392305500,276834809,9.57
02/06/2025,480200,5708635000,20.4(3.03 %),480200,9711335000,0,4002700000,276550209,9.61
03/06/2025,675350,-5153185000,20.4(0.00 %),675350,13684470000,0,18837655000,276550209,9.61
04/06/2025,105300,-1526390000,20.05(-1.72 %),105300,2124300000,0,3650690000,276550209,9.61
05/06/2025,763400,5370078050,19.8(-1.25 %),763400,15083930000,0,9713851950,276530509,9.62
06/06/2025,1052700,11614805000,19.9(0.51 %),1052700,20998700000,0,9383895000,276024909,9.69
09/06/2025,337800,5202045000,20.1(1.01 %),337800,6775195000,0,1573150000,275764409,9.73
10/06/2025,394900,1950974750,20(-0.50 %),394900,7934260000,0,5983285250,275665510,9.75
11/06/2025,-367200,-7337995000,19.7(-1.50 %),258400,5118465000,625600,12456460000,275665510,9.75
12/06/2025,978700,19510700000,19.9(1.02 %),1006100,20056250000,27400,545550000,274686810,9.89
13/06/2025,931700,17763535000,19.05(-4.27 %),1532500,29462505000,600800,11698970000,274122377,9.98
16/06/2025,428000,8315700000,19.45(2.10 %),754100,14554605000,326100,6238905000,273694377,10.04
17/06/2025,173900,3379360000,19.7(1.29 %),849200,16610085000,675300,13230725000,273520477,10.07
18/06/2025,801100,15753450000,19.7(0.00 %),994300,19535090000,193200,3781640000,272719377,10.19
19/06/2025,-337800,-6544190000,19.45(-1.27 %),105700,2055605000,443500,8599795000,272719377,10.19
20/06/2025,796800,15505745000,19.45(0.00 %),1379600,26734335000,582800,11228590000,271922577,10.31
23/06/2025,238600,4502130000,19.05(-2.06 %),590500,11251760000,351900,6749630000,272021777,10.29
24/06/2025,364900,7099635000,19.45(2.10 %),699800,13599570000,334900,6499935000,271656877,10.35
25/06/2025,191900,3623515000,19.3(-0.77 %),508600,9818480000,316700,6194965000,271464977,10.37
26/06/2025,-129900,-2518025000,19.45(0.78 %),14600,283180000,144500,2801205000,271464977,10.37
27/06/2025,1281500,25147070000,19.55(0.51 %),1562800,30686805000,281300,5539735000,270183527,10.57
30/06/2025,-88200,-1791465000,20(2.30 %),1198300,24018275000,1286500,25809740000,270313427,10.55
01/07/2025,56500,1101530000,19.9(-0.50 %),170700,3395995000,114200,2294465000,270256927,10.56
02/07/2025,-356200,-7105055000,20(0.50 %),0,0,356200,7105055000,270345127,10.54
03/07/2025,-494700,-9996030000,19.8(-1.00 %),257300,5215260000,752000,15211290000,270345127,10.54
04/07/2025,2387900,49430290000,20.9(5.56 %),2725500,56450880000,337600,7020590000,268313427,10.85
07/07/2025,602700,12946490000,22.35(6.94 %),1340400,29343970000,737700,16397480000,268205427,10.86
08/07/2025,1610100,36850235000,23(2.91 %),1922400,44092340000,312300,7242105000,266595327,11.1
09/07/2025,2010900,46480335000,23.05(0.22 %),2546300,58941640000,535400,12461305000,264584027,11.4
10/07/2025,1580700,36574105000,23.3(1.08 %),2145300,49704495000,564600,13130390000,264584027,11.4
11/07/2025,1205900,28225005000,23.85(2.36 %),2693700,63356195000,1487800,35131190000,261797427,11.82
14/07/2025,699100,16872250000,24.85(4.19 %),1946600,47067260000,1247500,30195010000,261098327,11.93
15/07/2025,-2963300,-72332195000,23.95(-3.62 %),113400,2750920000,3076700,75083115000,261098327,11.93
16/07/2025,626300,14918385000,24.15(0.84 %),1329600,31911870000,703300,16993485000,260472032,12.02
17/07/2025,1547000,38559455000,24.7(2.28 %),2341600,58251510000,794600,19692055000,260472032,12.02
18/07/2025,667100,16244485000,24.5(-0.81 %),1091800,26772520000,424700,10528035000,261219232,11.91
21/07/2025,675700,16300390000,24.05(-1.84 %),1070500,25983595000,394800,9683205000,260541932,12.01
22/07/2025,1716200,41298780000,24.6(2.29 %),1852700,44577795000,136500,3279015000,258825732,12.27
23/07/2025,-425400,-10750195000,24.95(1.42 %),617000,15435565000,1042400,26185760000,258825732,12.27
24/07/2025,-451600,-11013725000,25.25(1.20 %),649000,16320435000,1100600,27334160000,258825732,12.27
25/07/2025,-187500,-4618555000,25.6(1.39 %),1167000,29713510000,1354500,34332065000,259251180,12.2
28/07/2025,300900,8044820000,26.4(3.12 %),1285900,33799870000,985000,25755050000,259401880,12.18
29/07/2025,-1461700,-37090805000,24.6(-6.82 %),490400,12315165000,1952100,49405970000,259588611,12.15
30/07/2025,400400,9414270000,23.8(-3.25 %),693900,16630920000,293500,7216650000,259188211,12.21
31/07/2025,747700,17360330000,23.95(0.63 %),1187500,27809900000,439800,10449570000,259902211,12.11
01/08/2025,312900,7195695000,23(-3.97 %),849200,19911665000,536300,12715970000,259589311,12.15
04/08/2025,648700,15218140000,23.9(3.91 %),1065300,24996485000,416600,9778345000,258940611,12.25
05/08/2025,-1619300,-39063955000,23.6(-1.26 %),265300,6239880000,1884600,45303835000,258940611,12.25
06/08/2025,-312500,-7230095000,23.8(0.85 %),666900,15897600000,979400,23127695000,258940611,12.25
07/08/2025,-649200,-15655785000,24.15(1.47 %),371000,8920920000,1020200,24576705000,260559111,12.01
08/08/2025,-358600,-8860045000,24.8(2.69 %),1698800,41365900000,2057400,50225945000,260871611,11.96
11/08/2025,435400,10853330000,25(0.81 %),1203800,30334275000,768400,19480945000,261083811,11.93
12/08/2025,976200,24387900000,25.35(1.40 %),1373800,34278285000,397600,9890385000,260465475,12.02
13/08/2025,457400,11749885000,26(2.56 %),1003900,25865850000,546500,14115965000,260008075,12.09
14/08/2025,460600,11876655000,26(0.00 %),737600,19082830000,277000,7206175000,259547475,12.16
15/08/2025,581900,14685930000,24.7(-5.00 %),996000,25194825000,414100,10508895000,258965496,12.25
18/08/2025,1115800,27079935000,24.6(-0.40 %),1511300,36777165000,395500,9697230000,257849727,12.41
19/08/2025,371200,9054875000,25.05(1.83 %),1413400,35188180000,1042200,26133305000,257478495,12.47
20/08/2025,-2802400,-61675630000,22.2(2.78 %),678200,14809845000,3480600,76485475000,257477295,12.47
21/08/2025,-1684500,-36635470000,21.35(-3.83 %),93900,2036895000,1778400,38672365000,257476095,12.47
22/08/2025,-1852600,-37796815000,20.55(-3.75 %),2145700,43174445000,3998300,80971260000,257476095,12.47
25/08/2025,-1595300,-32001240000,20.35(-0.97 %),1641500,33131905000,3236800,65133145000,260278495,12.05
26/08/2025,-1944800,-39481150000,0(-100.00 %),875500,18586265000,2820300,58067415000,261962995,11.8
