Ngay,KLGDRong,GTDGRong,ThayDoi,KLMua,GtMua,KLBan,GtBan,RoomConLai,DangSoHuu
02/01/2007,0,0,0(0.00 %),0,0,0,0,0,0.0
03/01/2007,0,0,0(0.00 %),0,0,0,0,0,0.0
04/01/2007,0,0,0(0.00 %),0,0,0,0,0,0.0
05/01/2007,41000,6579000000,0(0.00 %),41000,6579000000,0,0,0,0.0
08/01/2007,20500,3287250000,0(0.00 %),20500,3287250000,0,0,0,0.0
09/01/2007,69800,12078490000,0(0.00 %),69800,12078490000,0,0,0,0.0
10/01/2007,300,54000000,0(0.00 %),300,54000000,0,0,0,0.0
11/01/2007,0,0,0(0.00 %),0,0,0,0,0,0.0
12/01/2007,60000,12476830000,0(0.00 %),100000,20916830000,40000,8440000000,0,0.0
15/01/2007,-90300,-19054610000,0(0.00 %),0,0,90300,19054610000,0,0.0
16/01/2007,-14900,-3382010000,0(0.00 %),100,22990000,15000,3405000000,0,0.0
18/01/2007,-78700,-15313080000,0(0.00 %),0,0,78700,15313080000,0,0.0
19/01/2007,0,0,0(0.00 %),0,0,0,0,0,0.0
22/01/2007,400,80600000,0(0.00 %),400,80600000,0,0,0,0.0
23/01/2007,0,0,0(0.00 %),0,0,0,0,0,0.0
25/01/2007,300,60800000,0(0.00 %),300,60800000,0,0,0,0.0
26/01/2007,0,0,0(0.00 %),0,0,0,0,0,0.0
29/01/2007,0,0,0(0.00 %),0,0,0,0,0,0.0
30/01/2007,300,66000000,0(0.00 %),300,66000000,0,0,0,0.0
31/01/2007,35000,8266800000,0(0.00 %),35000,8266800000,0,0,0,0.0
01/02/2007,15000,3540000000,0(0.00 %),15000,3540000000,0,0,0,0.0
02/02/2007,0,0,229(-3.25 %),0,0,0,0,0,0.0
05/02/2007,10000,2260000000,225(-0.09 %),10000,2260000000,0,0,0,0.0
06/02/2007,-3600,-810000000,223(-1.24 %),0,0,3600,810000000,0,0.0
07/02/2007,-10000,-2240000000,224.5(0.04 %),0,0,10000,2240000000,0,0.0
08/02/2007,-6000,-1331200000,220(-1.87 %),0,0,6000,1331200000,0,0.0
09/02/2007,-16900,-3806690000,225(0.49 %),0,0,16900,3806690000,0,0.0
12/02/2007,-300,-68700000,244(8.20 %),0,0,300,68700000,0,0.0
13/02/2007,0,0,248(4.82 %),0,0,0,0,0,0.0
14/02/2007,-100,-25000000,252(3.07 %),0,0,100,25000000,0,0.0
15/02/2007,0,0,276.7(9.98 %),0,0,0,0,0,0.0
26/02/2007,-3000,-912930000,304.3(9.97 %),600,182550000,3600,1095480000,0,0.0
27/02/2007,-400,-131800000,320(5.19 %),200,65600000,600,197400000,0,0.0
28/02/2007,-8600,-2709000000,313(-4.40 %),0,0,8600,2709000000,0,0.0
01/03/2007,0,0,294(-5.77 %),0,0,0,0,0,0.0
02/03/2007,-14300,-4247100000,297(1.19 %),0,0,14300,4247100000,0,0.0
05/03/2007,-52600,-15309240000,292(-0.88 %),100,30000000,52700,15339240000,0,0.0
06/03/2007,-20200,-5866700000,290(-0.51 %),0,0,20200,5866700000,0,0.0
07/03/2007,-100,-26500000,280(-3.95 %),0,0,100,26500000,0,0.0
08/03/2007,-1500,-423440000,285(-0.14 %),1500,432000000,3000,855440000,0,0.0
09/03/2007,300,85200000,284.9(-0.73 %),300,85200000,0,0,0,0.0
12/03/2007,0,0,284(-0.14 %),0,0,0,0,0,0.0
13/03/2007,0,0,280(-1.37 %),0,0,0,0,0,0.0
14/03/2007,-20000,-5400000000,274(-2.80 %),0,0,20000,5400000000,0,0.0
15/03/2007,-400,-104000000,245(-9.79 %),0,0,400,104000000,0,0.0
16/03/2007,0,0,270(7.40 %),0,0,0,0,0,0.0
19/03/2007,-25400,-6358500000,269.9(3.17 %),0,0,25400,6358500000,0,0.0
20/03/2007,0,0,260(-5.39 %),0,0,0,0,0,0.0
21/03/2007,0,0,255(-2.78 %),0,0,0,0,0,0.0
22/03/2007,-5000,-1275000000,249(1.34 %),0,0,5000,1275000000,0,0.0
23/03/2007,0,0,245.1(-2.93 %),0,0,0,0,0,0.0
26/03/2007,-2600,-628950000,223(-9.24 %),0,0,2600,628950000,0,0.0
27/03/2007,0,0,209.4(-9.97 %),0,0,0,0,0,0.0
28/03/2007,-24400,-5168400000,230.5(9.81 %),0,0,24400,5168400000,0,0.0
29/03/2007,-28800,-6664800000,236.6(10.00 %),16800,3880800000,45600,10545600000,0,0.0
30/03/2007,3200,783700000,230(-1.08 %),3200,783700000,0,0,0,0.0
02/04/2007,-5900,-1298000000,216(-10.00 %),0,0,5900,1298000000,0,0.0
03/04/2007,-50000,-10250200000,210(-3.85 %),0,0,50000,10250200000,0,0.0
04/04/2007,0,0,219.5(6.45 %),0,0,0,0,0,0.0
05/04/2007,20000,4440000000,215(-2.14 %),20000,4440000000,0,0,0,0.0
06/04/2007,0,0,218(-0.23 %),0,0,0,0,0,0.0
09/04/2007,2000,444000000,220(1.24 %),2000,444000000,0,0,0,0.0
10/04/2007,0,0,220(-0.45 %),0,0,0,0,0,0.0
11/04/2007,-13000,-2804800000,219(-1.40 %),0,0,13000,2804800000,0,0.0
12/04/2007,-5000,-1058860000,207(-4.65 %),0,0,5000,1058860000,0,0.0
13/04/2007,400,82600000,199.9(-3.85 %),400,82600000,0,0,0,0.0
16/04/2007,0,0,181(-9.59 %),0,0,0,0,0,0.0
17/04/2007,72400,13987780000,200.1(9.22 %),82400,15987780000,10000,2000000000,0,0.0
18/04/2007,-10000,-2062500000,206.5(9.96 %),0,0,10000,2062500000,0,0.0
19/04/2007,0,0,195(-5.43 %),0,0,0,0,0,0.0
20/04/2007,0,0,189(-5.12 %),0,0,0,0,0,0.0
23/04/2007,-50000,-8791420000,181(-4.03 %),0,0,50000,8791420000,0,0.0
24/04/2007,0,0,180(1.07 %),0,0,0,0,0,0.0
25/04/2007,40000,7356450000,182.6(2.58 %),40000,7356450000,0,0,0,0.0
02/05/2007,0,0,179(-2.51 %),0,0,0,0,0,0.0
03/05/2007,0,0,180(-0.44 %),0,0,0,0,0,0.0
04/05/2007,0,0,182.8(1.33 %),0,0,0,0,0,0.0
07/05/2007,-9000,-1691730000,189(4.02 %),0,0,9000,1691730000,0,0.0
08/05/2007,3900,785900000,198.5(6.04 %),20000,3983150000,16100,3197250000,0,0.0
09/05/2007,-13300,-2844420000,214(8.19 %),100,21480000,13400,2865900000,0,0.0
10/05/2007,-16500,-3482900000,210.8(-1.59 %),100,21270000,16600,3504170000,0,0.0
11/05/2007,1100,231900000,215(1.99 %),1100,231900000,0,0,0,0.0
14/05/2007,3800,821450000,217.5(2.30 %),3800,821450000,0,0,0,0.0
15/05/2007,-36200,-7693940000,210.5(-3.44 %),1700,365600000,37900,8059540000,0,0.0
16/05/2007,0,0,144(1.98 %),0,0,0,0,0,0.0
17/05/2007,0,0,141(-1.88 %),0,0,0,0,0,0.0
18/05/2007,-30800,-4301720000,139.5(-1.90 %),0,0,30800,4301720000,0,0.0
21/05/2007,0,0,137(-2.00 %),0,0,0,0,0,0.0
22/05/2007,41000,5649430000,138.9(1.61 %),41000,5649430000,0,0,0,0.0
23/05/2007,0,-14000000,141.5(2.69 %),20000,2824000000,20000,2838000000,0,0.0
24/05/2007,-26100,-3611440000,137.4(-2.97 %),0,0,26100,3611440000,0,0.0
25/05/2007,-58600,-7975050000,135.8(-1.16 %),0,0,58600,7975050000,0,0.0
28/05/2007,-67000,-9029450000,134(-1.47 %),33500,4516840000,100500,13546290000,0,0.0
29/05/2007,6200,815530000,133.6(-0.96 %),44600,5962950000,38400,5147420000,0,0.0
30/05/2007,34100,4534750000,134(0.07 %),35300,4695550000,1200,160800000,0,0.0
31/05/2007,17000,2278610000,134(0.75 %),17000,2278610000,0,0,0,0.0
01/06/2007,18000,2405700000,133.6(-0.37 %),18000,2405700000,0,0,0,0.0
04/06/2007,2200,290400000,131.2(-1.94 %),2200,290400000,0,0,0,0.0
05/06/2007,33800,4425090000,128.5(-2.73 %),33800,4425090000,0,0,0,0.0
06/06/2007,60000,7709460000,128.5(-1.53 %),60000,7709460000,0,0,0,0.0
07/06/2007,21000,2728240000,128.9(0.39 %),21000,2728240000,0,0,0,0.0
08/06/2007,35400,4561920000,128.5(-0.77 %),35400,4561920000,0,0,0,0.0
11/06/2007,0,0,126.2(-2.02 %),0,0,0,0,0,0.0
12/06/2007,30000,3744750000,124.2(-1.74 %),30000,3744750000,0,0,0,0.0
13/06/2007,0,0,122.1(-2.16 %),0,0,0,0,0,0.0
14/06/2007,35000,4273180000,122(-0.57 %),35000,4273180000,0,0,0,0.0
15/06/2007,800,97600000,125.5(2.87 %),800,97600000,0,0,0,0.0
18/06/2007,0,0,127(3.17 %),0,0,0,0,0,0.0
19/06/2007,78200,10020400000,128.5(0.86 %),78200,10020400000,0,0,0,0.0
20/06/2007,24300,3129700000,128.2(0.08 %),24300,3129700000,0,0,0,0.0
21/06/2007,2000,248760000,124.5(-3.26 %),2000,248760000,0,0,0,0.0
22/06/2007,-5200,-642020000,124.1(-1.12 %),1800,222740000,7000,864760000,0,0.0
25/06/2007,29100,3606780000,124.5(0.65 %),29100,3606780000,0,0,0,0.0
26/06/2007,8600,1063690000,123.6(-0.32 %),8600,1063690000,0,0,0,0.0
27/06/2007,44800,5537950000,123(-0.65 %),44800,5537950000,0,0,0,0.0
28/06/2007,15200,1868430000,123.2(-0.32 %),15200,1868430000,0,0,0,0.0
29/06/2007,20000,2471910000,124(1.06 %),20000,2471910000,0,0,0,0.0
02/07/2007,1600,191860000,119(-3.72 %),2100,250590000,500,58730000,0,0.0
03/07/2007,23200,2715700000,118.9(-1.25 %),23700,2773700000,500,58000000,0,0.0
04/07/2007,49700,6085960000,121(4.40 %),49700,6085960000,0,0,0,0.0
05/07/2007,100,11890000,119(-2.30 %),100,11890000,0,0,0,0.0
06/07/2007,0,0,120(0.42 %),0,0,0,0,0,0.0
09/07/2007,1100,131450000,119.1(0.00 %),1100,131450000,0,0,0,0.0
10/07/2007,0,0,121.5(1.67 %),0,0,0,0,0,0.0
11/07/2007,400,49200000,122.5(1.16 %),400,49200000,0,0,0,0.0
12/07/2007,5600,678590000,120.5(-1.95 %),5600,678590000,0,0,0,0.0
13/07/2007,3000,358550000,119.5(-0.17 %),3000,358550000,0,0,0,0.0
16/07/2007,4900,580650000,118.5(-1.09 %),6000,711000000,1100,130350000,0,0.0
17/07/2007,10000,1176000000,118(-0.08 %),10000,1176000000,0,0,0,0.0
18/07/2007,15900,1873670000,117.6(-0.08 %),22000,2591220000,6100,717550000,0,0.0
19/07/2007,9000,1054850000,116.6(-0.93 %),9000,1054850000,0,0,0,0.0
20/07/2007,18200,2125370000,116.5(-0.43 %),32200,3756910000,14000,1631540000,0,0.0
23/07/2007,11300,1310020000,115(-1.46 %),34000,3947660000,22700,2637640000,0,0.0
24/07/2007,-2300,-262160000,113(-2.42 %),5700,649840000,8000,912000000,0,0.0
25/07/2007,9400,1028100000,109.2(-3.02 %),9400,1028100000,0,0,0,0.0
26/07/2007,5800,610230000,102(-6.76 %),13900,1468190000,8100,857960000,0,0.0
27/07/2007,14400,1428400000,101.5(-2.12 %),14400,1428400000,0,0,0,0.0
30/07/2007,-6000,-583970000,98(-1.31 %),29000,2846800000,35000,3430770000,0,0.0
31/07/2007,-4000,-313960000,95(-3.36 %),86000,8101680000,90000,8415640000,0,0.0
01/08/2007,-36200,-3553580000,99.2(5.53 %),66200,6525700000,102400,10079280000,0,0.0
02/08/2007,26700,2680960000,97(-0.82 %),34300,3422110000,7600,741150000,0,0.0
03/08/2007,14400,1392260000,95.1(-3.26 %),14400,1392260000,0,0,0,0.0
06/08/2007,5000,476960000,95(-0.73 %),5000,476960000,0,0,0,0.0
07/08/2007,1000,95800000,96(1.05 %),1000,95800000,0,0,0,0.0
08/08/2007,25100,2432710000,97.3(1.46 %),25100,2432710000,0,0,0,0.0
09/08/2007,44900,4464470000,100(3.09 %),45000,4474320000,100,9850000,0,0.0
10/08/2007,72800,7288200000,100.9(1.41 %),72800,7288200000,0,0,0,0.0
13/08/2007,31200,3115640000,100(-0.30 %),31200,3115640000,0,0,0,0.0
14/08/2007,27300,2730540000,100.4(0.60 %),27300,2730540000,0,0,0,0.0
15/08/2007,0,0,100(-0.10 %),0,0,0,0,0,0.0
16/08/2007,20000,2000000000,100(-0.10 %),20000,2000000000,0,0,0,0.0
17/08/2007,10000,998360000,99.1(-1.00 %),10000,998360000,0,0,0,0.0
20/08/2007,0,0,99(-0.20 %),0,0,0,0,0,0.0
21/08/2007,10000,999800000,100(1.11 %),10000,999800000,0,0,0,0.0
22/08/2007,42600,4259560000,99.5(-0.40 %),42600,4259560000,0,0,0,0.0
23/08/2007,45700,4563130000,99.9(0.00 %),45700,4563130000,0,0,0,0.0
24/08/2007,8000,800000000,101(1.10 %),8000,800000000,0,0,0,0.0
27/08/2007,0,0,103(2.69 %),0,0,0,0,0,0.0
28/08/2007,17900,1858000000,108(5.99 %),17900,1858000000,0,0,0,0.0
29/08/2007,15000,1664290000,111(6.22 %),15000,1664290000,0,0,0,0.0
30/08/2007,17000,1952780000,114.1(3.63 %),17000,1952780000,0,0,0,0.0
31/08/2007,37100,4225620000,112(-2.27 %),37100,4225620000,0,0,0,0.0
04/09/2007,54400,6003280000,112(-0.97 %),54400,6003280000,0,0,0,0.0
05/09/2007,40000,4554870000,113.2(2.17 %),40200,4577270000,200,22400000,0,0.0
06/09/2007,1900,212990000,112.3(-1.23 %),1900,212990000,0,0,0,0.0
07/09/2007,42000,4717050000,112.4(0.27 %),42000,4717050000,0,0,0,0.0
10/09/2007,35100,3857050000,110.5(-0.63 %),35100,3857050000,0,0,0,0.0
11/09/2007,8100,891410000,110(0.36 %),10100,1111060000,2000,219650000,0,0.0
12/09/2007,1000,109350000,109(-0.91 %),1000,109350000,0,0,0,0.0
13/09/2007,10000,1094920000,108.5(0.09 %),10000,1094920000,0,0,0,0.0
14/09/2007,59700,6532250000,110(1.20 %),59700,6532250000,0,0,0,0.0
17/09/2007,19500,2139500000,111(1.46 %),21000,2304990000,1500,165490000,0,0.0
18/09/2007,0,0,110.9(0.73 %),0,0,0,0,0,0.0
19/09/2007,0,0,112.5(1.53 %),0,0,0,0,0,0.0
20/09/2007,18400,2079460000,112.9(0.53 %),18400,2079460000,0,0,0,0.0
21/09/2007,30500,3440310000,113(-0.44 %),30500,3440310000,0,0,0,0.0
24/09/2007,0,0,113.9(0.89 %),0,0,0,0,0,0.0
25/09/2007,0,0,118.3(3.86 %),0,0,0,0,0,0.0
26/09/2007,0,0,117(-0.59 %),0,0,0,0,0,0.0
27/09/2007,10000,1174980000,118(0.68 %),10000,1174980000,0,0,0,0.0
28/09/2007,0,0,128(9.12 %),0,0,0,0,0,0.0
01/10/2007,-7000,-962800000,139.1(9.96 %),3000,417300000,10000,1380100000,0,0.0
02/10/2007,-30700,-4287020000,138(-0.43 %),1300,176500000,32000,4463520000,0,0.0
03/10/2007,900,111010000,138(-0.22 %),11100,1518230000,10200,1407220000,0,0.0
04/10/2007,-4000,-553000000,137(0.37 %),0,0,4000,553000000,0,0.0
05/10/2007,13700,1844450000,132.5(-3.78 %),15000,2023550000,1300,179100000,0,0.0
08/10/2007,2000,261790000,131(-2.17 %),15300,2023240000,13300,1761450000,0,0.0
09/10/2007,8400,1091310000,136.1(3.03 %),31900,4270630000,23500,3179320000,0,0.0
10/10/2007,35200,4862620000,138.5(2.97 %),35200,4862620000,0,0,0,0.0
11/10/2007,-5700,-783950000,136(-1.45 %),300,41050000,6000,825000000,0,0.0
12/10/2007,18000,2437280000,136.3(-0.58 %),18000,2437280000,0,0,0,0.0
15/10/2007,5000,702600000,140.5(3.69 %),15000,2069920000,10000,1367320000,0,0.0
16/10/2007,-22200,-3285380000,148(7.17 %),1000,147500000,23200,3432880000,0,0.0
17/10/2007,8500,1134380000,141(-4.47 %),16400,2301800000,7900,1167420000,0,0.0
18/10/2007,-15400,-2094390000,136(-5.69 %),600,81800000,16000,2176190000,0,0.0
19/10/2007,-15200,-2098700000,138(1.32 %),200,27900000,15400,2126600000,0,0.0
22/10/2007,-26500,-3622630000,136.3(0.15 %),100,13700000,26600,3636330000,0,0.0
23/10/2007,-136500,-17751040000,131.8(-3.58 %),1000,130000000,137500,17881040000,0,0.0
24/10/2007,-7700,-1026300000,134.8(3.22 %),12400,1658050000,20100,2684350000,0,0.0
25/10/2007,-1500,-202370000,132.7(-0.60 %),15000,2009920000,16500,2212290000,0,0.0
26/10/2007,-33300,-4449390000,133.5(-0.07 %),100,13320000,33400,4462710000,0,0.0
29/10/2007,14500,1921990000,132(-1.27 %),24000,3181240000,9500,1259250000,0,0.0
30/10/2007,-36400,-4647910000,128.5(-2.95 %),9700,1287590000,46100,5935500000,0,0.0
31/10/2007,3100,399810000,128.1(-0.93 %),35000,4485870000,31900,4086060000,0,0.0
01/11/2007,-45000,-5803420000,128(-0.16 %),4000,527650000,49000,6331070000,0,0.0
02/11/2007,-9600,-1221350000,128.1(-1.39 %),33400,4289810000,43000,5511160000,0,0.0
05/11/2007,-5000,-614950000,125(-2.72 %),45000,5652900000,50000,6267850000,0,0.0
06/11/2007,0,0,124(-0.96 %),0,0,0,0,0,0.0
07/11/2007,0,0,126.4(3.35 %),0,0,0,0,0,0.0
08/11/2007,20000,2509260000,124(-2.13 %),20000,2509260000,0,0,0,0.0
09/11/2007,40000,4916460000,123(-1.99 %),40000,4916460000,0,0,0,0.0
12/11/2007,40200,4851690000,120.6(-1.71 %),40200,4851690000,0,0,0,0.0
13/11/2007,27100,3062300000,113.1(-6.30 %),27100,3062300000,0,0,0,0.0
14/11/2007,-45600,-5522850000,124.9(9.95 %),32100,3989590000,77700,9512440000,0,0.0
15/11/2007,13000,1534190000,119(-3.57 %),13000,1534190000,0,0,0,0.0
16/11/2007,0,0,118.6(-0.25 %),0,0,0,0,0,0.0
19/11/2007,-39000,-4560520000,117(-0.93 %),10000,1175520000,49000,5736040000,0,0.0
20/11/2007,2400,281690000,116.5(-0.60 %),3000,351890000,600,70200000,0,0.0
21/11/2007,-43200,-4983810000,115(-1.12 %),52600,6032350000,95800,11016160000,0,0.0
22/11/2007,-90000,-10364120000,115(0.79 %),50000,5750000000,140000,16114120000,0,0.0
23/11/2007,-41500,-4776430000,115(-0.61 %),10000,1150000000,51500,5926430000,0,0.0
26/11/2007,10000,1166900000,117(1.56 %),10000,1166900000,0,0,0,0.0
27/11/2007,500,59450000,116.5(-0.26 %),4000,467200000,3500,407750000,0,0.0
28/11/2007,10000,1171060000,116.9(-0.34 %),10000,1171060000,0,0,0,0.0
29/11/2007,5000,583750000,116(-0.09 %),5000,583750000,0,0,0,0.0
30/11/2007,-23700,-2746360000,115.5(-1.03 %),0,0,23700,2746360000,0,0.0
03/12/2007,-12200,-1418900000,116.2(0.09 %),0,0,12200,1418900000,0,0.0
04/12/2007,2400,288760000,117(0.78 %),18400,2188460000,16000,1899700000,0,0.0
05/12/2007,1500,174750000,116.5(-1.27 %),1500,174750000,0,0,0,0.0
06/12/2007,9800,1141950000,116.5(0.09 %),9800,1141950000,0,0,0,0.0
07/12/2007,0,0,116.4(-0.09 %),0,0,0,0,0,0.0
10/12/2007,0,0,114.6(-1.46 %),0,0,0,0,0,0.0
11/12/2007,-3100,-350540000,113.2(-1.48 %),300,34710000,3400,385250000,0,0.0
12/12/2007,0,0,113.9(0.44 %),0,0,0,0,0,0.0
13/12/2007,-500,-56150000,112(-1.41 %),0,0,500,56150000,0,0.0
14/12/2007,-20600,-2289440000,111.1(-1.24 %),0,0,20600,2289440000,0,0.0
17/12/2007,-800,-88800000,110(-1.08 %),0,0,800,88800000,0,0.0
18/12/2007,0,0,112(1.17 %),0,0,0,0,0,0.0
19/12/2007,0,1650000,114.9(3.98 %),40000,4615000000,40000,4613350000,0,0.0
20/12/2007,15400,1758310000,113.5(-1.82 %),75000,8596060000,59600,6837750000,0,0.0
21/12/2007,0,0,114(-0.26 %),0,0,0,0,0,0.0
24/12/2007,20000,2279960000,113.6(-0.35 %),20000,2279960000,0,0,0,0.0
25/12/2007,10500,1186750000,113.1(-0.79 %),10500,1186750000,0,0,0,0.0
26/12/2007,0,0,113.5(0.18 %),0,0,0,0,0,0.0
27/12/2007,4600,522100000,113.5(0.09 %),4600,522100000,0,0,0,0.0
28/12/2007,0,0,113.9(0.00 %),0,0,0,0,0,0.0
02/01/2008,0,0,113(-0.53 %),0,0,0,0,0,0.0
03/01/2008,-10000,-1112870000,110.2(-2.74 %),0,0,10000,1112870000,0,0.0
04/01/2008,-3400,-370420000,108.9(-2.16 %),0,0,3400,370420000,0,0.0
07/01/2008,-11900,-1235930000,103.8(-5.12 %),2900,309430000,14800,1545360000,0,0.0
08/01/2008,29700,3212950000,108(2.18 %),53800,5745850000,24100,2532900000,0,0.0
09/01/2008,6500,699860000,104.5(-1.88 %),6500,699860000,0,0,0,0.0
10/01/2008,0,0,102(-3.41 %),0,0,0,0,0,0.0
11/01/2008,0,0,101.5(-0.10 %),0,0,0,0,0,0.0
14/01/2008,200,20200000,99(-4.07 %),200,20200000,0,0,0,0.0
15/01/2008,-32900,-3059700000,93(-6.63 %),0,0,32900,3059700000,0,0.0
16/01/2008,-100000,-10131660000,102.3(10.00 %),0,0,100000,10131660000,0,0.0
17/01/2008,-41000,-3897240000,99(-2.27 %),40000,4011780000,81000,7909020000,0,0.0
18/01/2008,0,0,102(3.13 %),0,0,0,0,0,0.0
21/01/2008,0,0,99(-1.88 %),0,0,0,0,0,0.0
22/01/2008,-1100,-104350000,97.5(-1.32 %),100,9500000,1200,113850000,0,0.0
23/01/2008,0,0,94(-3.19 %),0,0,0,0,0,0.0
24/01/2008,0,0,94(-0.95 %),0,0,0,0,0,0.0
25/01/2008,0,0,95.1(-0.42 %),0,0,0,0,0,0.0
28/01/2008,0,0,95.3(-0.63 %),0,0,0,0,0,0.0
29/01/2008,0,0,98(3.05 %),0,0,0,0,0,0.0
30/01/2008,0,0,104(8.33 %),0,0,0,0,0,0.0
31/01/2008,0,0,103.5(-0.58 %),0,0,0,0,0,0.0
01/02/2008,0,0,105(2.64 %),0,0,0,0,0,0.0
12/02/2008,0,0,101(-2.79 %),0,0,0,0,0,0.0
13/02/2008,-500,-48500000,97(-3.58 %),0,0,500,48500000,0,0.0
14/02/2008,0,0,98(0.31 %),0,0,0,0,0,0.0
15/02/2008,0,0,96.5(-1.83 %),0,0,0,0,0,0.0
18/02/2008,0,0,92(-4.86 %),0,0,0,0,0,0.0
19/02/2008,58800,5316430000,91(-0.66 %),58800,5316430000,0,0,0,0.0
20/02/2008,84600,7537910000,89(-1.33 %),99600,8844860000,15000,1306950000,0,0.0
21/02/2008,106500,8613450000,81(-8.68 %),106500,8613450000,0,0,0,0.0
22/02/2008,2800,203280000,80.5(-0.12 %),2800,203280000,0,0,0,0.0
25/02/2008,34900,2990760000,86.1(9.96 %),34900,2990760000,0,0,0,0.0
26/02/2008,33400,2728700000,80.5(-5.63 %),33400,2728700000,0,0,0,0.0
27/02/2008,24000,1987000000,80.5(-1.11 %),24000,1987000000,0,0,0,0.0
28/02/2008,4000,323780000,81.7(-0.73 %),7000,568700000,3000,244920000,0,0.0
29/02/2008,7000,556720000,80.2(-2.91 %),7000,556720000,0,0,0,0.0
03/03/2008,20200,1509690000,75(-5.66 %),20200,1509690000,0,0,0,0.0
04/03/2008,-3800,-258200000,67.9(-9.95 %),0,0,3800,258200000,0,0.0
05/03/2008,0,0,67(-1.47 %),0,0,0,0,0,0.0
06/03/2008,0,0,68.8(9.90 %),0,0,0,0,0,0.0
07/03/2008,0,0,75.6(9.88 %),0,0,0,0,0,0.0
10/03/2008,-50000,-4155000000,80(5.82 %),0,0,50000,4155000000,0,0.0
11/03/2008,13600,1009450000,74.8(-8.45 %),16600,1232950000,3000,223500000,0,0.0
12/03/2008,-9600,-735400000,76.9(3.36 %),0,0,9600,735400000,0,0.0
13/03/2008,-13800,-1048750000,78(2.09 %),16200,1266390000,30000,2315140000,0,0.0
14/03/2008,15100,1169500000,77.8(-0.26 %),15100,1169500000,0,0,0,0.0
17/03/2008,20100,1468290000,72.5(-6.33 %),20100,1468290000,0,0,0,0.0
18/03/2008,35000,2304000000,66(-9.47 %),35000,2304000000,0,0,0,0.0
19/03/2008,0,0,67.8(2.88 %),0,0,0,0,0,0.0
20/03/2008,0,0,66.1(-4.62 %),0,0,0,0,0,0.0
21/03/2008,500,32500000,63.5(-6.34 %),500,32500000,0,0,0,0.0
24/03/2008,30000,1725780000,57.2(-9.64 %),30000,1725780000,0,0,0,0.0
25/03/2008,30000,1567000000,52.2(-9.84 %),30000,1567000000,0,0,0,0.0
26/03/2008,70000,3974040000,57.5(9.94 %),70000,3974040000,0,0,0,0.0
27/03/2008,0,0,57.3(1.96 %),0,0,0,0,0,0.0
28/03/2008,0,0,58.4(1.92 %),0,0,0,0,0,0.0
31/03/2008,0,0,59.5(1.88 %),0,0,0,0,0,0.0
01/04/2008,0,0,60.6(1.85 %),0,0,0,0,0,0.0
02/04/2008,0,0,61.8(1.98 %),0,0,0,0,0,0.0
03/04/2008,0,0,63(1.94 %),0,0,0,0,0,0.0
04/04/2008,0,0,64.2(1.90 %),0,0,0,0,0,0.0
07/04/2008,0,0,66.1(2.96 %),0,0,0,0,0,0.0
08/04/2008,0,0,66.7(0.91 %),0,0,0,0,0,0.0
09/04/2008,31000,2003000000,64.5(-2.86 %),31000,2003000000,0,0,0,0.0
10/04/2008,201000,12652800000,62.8(-2.94 %),201000,12652800000,0,0,0,0.0
11/04/2008,-100,-6110000,61.1(-2.86 %),100,6110000,200,12220000,0,0.0
16/04/2008,100,6000000,59.3(-2.95 %),100,6000000,0,0,0,0.0
17/04/2008,0,0,61(2.87 %),0,0,0,0,0,0.0
18/04/2008,-47600,-2752890000,57.8(-2.53 %),0,0,47600,2752890000,0,0.0
21/04/2008,-21800,-1238470000,56.8(-2.91 %),0,0,21800,1238470000,0,0.0
22/04/2008,-14200,-785600000,55.1(-2.99 %),0,0,14200,785600000,0,0.0
23/04/2008,0,0,53.7(-2.72 %),0,0,0,0,0,0.0
24/04/2008,-4000,-211700000,53.4(-0.56 %),0,0,4000,211700000,0,0.0
25/04/2008,-17000,-923000000,54.6(2.82 %),0,0,17000,923000000,0,0.0
28/04/2008,-10000,-558000000,55.8(2.95 %),0,0,10000,558000000,0,0.0
29/04/2008,0,0,56(0.36 %),0,0,0,0,0,0.0
05/05/2008,0,0,54.9(-2.83 %),0,0,0,0,0,0.0
06/05/2008,0,0,53.4(-2.91 %),0,0,0,0,0,0.0
07/05/2008,0,0,51.8(-3.00 %),0,0,0,0,0,0.0
08/05/2008,0,0,50.3(-2.90 %),0,0,0,0,0,0.0
09/05/2008,0,0,48.8(-2.98 %),0,0,0,0,0,0.0
12/05/2008,0,0,47.4(-2.87 %),0,0,0,0,0,0.0
13/05/2008,0,0,46(-2.95 %),0,0,0,0,0,0.0
14/05/2008,0,0,42.7(-2.95 %),0,0,0,0,0,0.0
15/05/2008,0,0,41.5(-2.81 %),0,0,0,0,0,0.0
16/05/2008,0,0,40.3(-2.89 %),0,0,0,0,0,0.0
19/05/2008,0,0,39.2(-2.97 %),0,0,0,0,0,0.0
20/05/2008,0,0,38.1(-2.81 %),0,0,0,0,0,0.0
21/05/2008,0,0,37(-2.89 %),0,0,0,0,0,0.0
22/05/2008,200,7180000,35.9(-2.97 %),200,7180000,0,0,0,0.0
23/05/2008,0,0,34.9(-2.79 %),0,0,0,0,0,0.0
26/05/2008,0,0,33.9(-2.87 %),0,0,0,0,0,0.0
27/05/2008,0,0,32.9(-2.95 %),0,0,0,0,0,0.0
28/05/2008,0,0,32(-2.74 %),0,0,0,0,0,0.0
29/05/2008,31000,964100000,31.1(-2.81 %),31000,964100000,0,0,0,0.0
30/05/2008,1100,33220000,30.2(-2.89 %),1100,33220000,0,0,0,0.0
02/06/2008,0,0,29.3(-2.98 %),0,0,0,0,0,0.0
03/06/2008,600,17100000,28.5(-2.73 %),600,17100000,0,0,0,0.0
04/06/2008,0,0,27.7(-2.81 %),0,0,0,0,0,0.0
05/06/2008,0,0,26.9(-2.89 %),0,0,0,0,0,0.0
06/06/2008,0,0,26.1(-2.97 %),0,0,0,0,0,0.0
09/06/2008,100,2540000,25.4(-2.68 %),100,2540000,0,0,0,0.0
10/06/2008,100,2470000,25.9(1.97 %),100,2470000,0,0,0,0.0
11/06/2008,0,0,25.5(2.82 %),0,0,0,0,0,0.0
12/06/2008,400,10360000,25.9(2.78 %),400,10360000,0,0,0,0.0
13/06/2008,0,0,26.6(2.70 %),0,0,0,0,0,0.0
16/06/2008,0,0,27.3(2.63 %),0,0,0,0,0,0.0
17/06/2008,0,0,28.1(2.93 %),0,0,0,0,0,0.0
18/06/2008,20600,595340000,27.3(-2.85 %),20600,595340000,0,0,0,0.0
19/06/2008,0,0,27.4(-3.86 %),174000,4767600000,174000,4767600000,0,0.0
20/06/2008,400,10560000,26.4(-3.65 %),400,10560000,0,0,0,0.0
23/06/2008,6700,184100000,27.4(3.79 %),8000,219200000,1300,35100000,0,0.0
24/06/2008,100,2800000,28(3.70 %),100,2800000,0,0,0,0.0
25/06/2008,0,0,29.1(3.93 %),0,0,0,0,0,0.0
26/06/2008,55000,1587100000,30.2(3.78 %),55000,1587100000,0,0,0,0.0
27/06/2008,400,11700000,30.4(3.75 %),400,11700000,0,0,0,0.0
30/06/2008,17400,532410000,30.6(3.73 %),21400,654810000,4000,122400000,0,0.0
01/07/2008,0,0,31.8(3.92 %),0,0,0,0,0,0.0
02/07/2008,-37100,-1222320000,33(3.77 %),32900,1085680000,70000,2308000000,0,0.0
03/07/2008,-20000,-686000000,34.3(3.94 %),0,0,20000,686000000,0,0.0
04/07/2008,0,0,35.6(3.79 %),0,0,0,0,0,0.0
07/07/2008,93000,3360840000,37(3.93 %),214500,7856340000,121500,4495500000,0,0.0
08/07/2008,74300,2600500000,37.8(3.85 %),74300,2600500000,0,0,0,0.0
09/07/2008,-225500,-8456250000,37.5(3.88 %),121000,4537500000,346500,12993750000,0,0.0
10/07/2008,0,0,39(4.00 %),0,0,0,0,0,0.0
11/07/2008,0,0,40.5(3.85 %),0,0,0,0,0,0.0
14/07/2008,0,0,42.1(3.95 %),0,0,0,0,0,0.0
15/07/2008,0,0,43.7(3.80 %),0,0,0,0,0,0.0
16/07/2008,8100,366100000,45.4(3.89 %),8100,366100000,0,0,0,0.0
17/07/2008,0,0,46.5(3.79 %),0,0,0,0,0,0.0
18/07/2008,-126600,-5976100000,45(-3.23 %),15000,690000000,141600,6666100000,0,0.0
21/07/2008,200,9020000,45.1(-3.84 %),200,9020000,0,0,0,0.0
22/07/2008,0,0,43.3(-3.99 %),0,0,0,0,0,0.0
23/07/2008,0,0,41.6(-3.93 %),0,0,0,0,0,0.0
24/07/2008,-14300,-578560000,40(-3.85 %),700,28560000,15000,607120000,0,0.0
25/07/2008,0,0,38.6(-3.98 %),0,0,0,0,0,0.0
28/07/2008,1000,38600000,40.1(3.89 %),1000,38600000,0,0,0,0.0
29/07/2008,0,0,40.2(3.88 %),0,0,0,0,0,0.0
30/07/2008,-9600,-401280000,41.8(3.98 %),0,0,9600,401280000,0,0.0
31/07/2008,-100000,-4340000000,43.4(3.83 %),0,0,100000,4340000000,0,0.0
01/08/2008,0,0,45.1(3.92 %),0,0,0,0,0,0.0
04/08/2008,-1000,-46900000,46.9(3.99 %),0,0,1000,46900000,0,0.0
05/08/2008,215600,9902740000,45.1(-3.84 %),215600,9902740000,0,0,0,0.0
06/08/2008,20000,952000000,47.6(3.93 %),20000,952000000,0,0,0,0.0
07/08/2008,0,0,48.9(3.82 %),0,0,0,0,0,0.0
08/08/2008,65500,3325550000,50.8(3.89 %),87300,4432110000,21800,1106560000,0,0.0
11/08/2008,0,0,52.7(3.94 %),0,0,0,0,0,0.0
12/08/2008,-30000,-1644000000,54.8(3.98 %),0,0,30000,1644000000,0,0.0
13/08/2008,-20000,-1138000000,56.9(3.83 %),0,0,20000,1138000000,0,0.0
14/08/2008,0,0,59.1(3.87 %),0,0,0,0,0,0.0
15/08/2008,0,0,61.4(3.89 %),0,0,0,0,0,0.0
18/08/2008,15000,984000000,65.6(6.84 %),15000,984000000,0,0,0,0.0
19/08/2008,56700,3945450000,70.1(6.86 %),86700,6039490000,30000,2094040000,0,0.0
20/08/2008,21900,1689610000,70(0.29 %),73100,5318010000,51200,3628400000,0,0.0
21/08/2008,-11800,-732070000,76.6(6.24 %),91200,6699610000,103000,7431680000,0,0.0
22/08/2008,800,101090000,74.5(0.81 %),46000,3454150000,45200,3353060000,0,0.0
25/08/2008,-13200,-999370000,79.7(6.98 %),17800,1387880000,31000,2387250000,0,0.0
26/08/2008,-55500,-4641700000,83.4(6.65 %),4500,374300000,60000,5016000000,0,0.0
27/08/2008,0,-65800000,77.5(-6.85 %),20000,1655000000,20000,1720800000,0,0.0
28/08/2008,100000,7730000000,77.3(-6.98 %),100000,7730000000,0,0,0,0.0
29/08/2008,-11600,-835040000,72.5(-6.21 %),0,0,11600,835040000,0,0.0
03/09/2008,-3200,-245190000,77(6.94 %),21200,1630900000,24400,1876090000,0,0.0
04/09/2008,133300,9558520000,71.4(-6.91 %),142300,10220020000,9000,661500000,0,0.0
05/09/2008,55000,3685000000,67(-6.94 %),55000,3685000000,0,0,0,0.0
08/09/2008,6700,418750000,62.5(-6.86 %),10000,625000000,3300,206250000,0,0.0
09/09/2008,33800,2170850000,63.9(2.24 %),69800,4557900000,36000,2387050000,0,0.0
10/09/2008,41400,2700340000,66.5(3.91 %),67700,4383010000,26300,1682670000,0,0.0
11/09/2008,68300,4319400000,63(-3.52 %),68300,4319400000,0,0,0,0.0
12/09/2008,-11500,-677100000,59(-6.65 %),10000,588000000,21500,1265100000,0,0.0
15/09/2008,-15000,-948000000,63.2(6.94 %),0,0,15000,948000000,0,0.0
16/09/2008,-88000,-5145790000,60(-3.54 %),0,0,88000,5145790000,0,0.0
17/09/2008,2000,109400000,54.7(-6.81 %),2000,109400000,0,0,0,0.0
18/09/2008,0,0,51.7(-6.85 %),0,0,0,0,0,0.0
19/09/2008,0,0,55.5(6.94 %),0,0,0,0,0,0.0
22/09/2008,0,0,56.2(6.84 %),0,0,0,0,0,0.0
23/09/2008,147600,8497790000,59.3(5.52 %),156300,9007090000,8700,509300000,0,0.0
24/09/2008,3900,213310000,58(-1.02 %),10000,569960000,6100,356650000,0,0.0
25/09/2008,59900,3652300000,61.6(6.94 %),82900,5029110000,23000,1376810000,0,0.0
26/09/2008,98900,6356700000,64.5(6.61 %),100500,6459100000,1600,102400000,0,0.0
29/09/2008,25400,1613160000,63.5(-1.09 %),28000,1776700000,2600,163540000,0,0.0
30/09/2008,32500,1920750000,59.1(-6.93 %),32500,1920750000,0,0,0,0.0
01/10/2008,-2000,-118000000,59(-0.17 %),0,0,2000,118000000,0,0.0
02/10/2008,-133600,-8087070000,60.3(1.34 %),20000,1236050000,153600,9323120000,0,0.0
03/10/2008,-1500,-89850000,59.3(-2.15 %),0,0,1500,89850000,0,0.0
06/10/2008,20100,1114900000,55.4(-6.89 %),20100,1114900000,0,0,0,0.0
07/10/2008,12000,622800000,52(-6.81 %),15000,778500000,3000,155700000,0,0.0
08/10/2008,-50500,-2535760000,49.1(-5.58 %),0,0,50500,2535760000,0,0.0
09/10/2008,0,0,53.3(6.81 %),0,0,0,0,0,0.0
10/10/2008,-55500,-2709110000,48.8(-6.87 %),5000,244000000,60500,2953110000,0,0.0
13/10/2008,-1000,-61800000,49(0.20 %),5000,242500000,6000,304300000,0,0.0
14/10/2008,-94000,-4944400000,52.6(6.91 %),50000,2630000000,144000,7574400000,0,0.0
15/10/2008,-237200,-12206560000,52.5(-0.19 %),0,0,237200,12206560000,0,0.0
16/10/2008,-57200,-2757700000,48.5(-6.01 %),30000,1440000000,87200,4197700000,0,0.0
17/10/2008,-40500,-2044330000,51.6(6.83 %),20000,1015500000,60500,3059830000,0,0.0
20/10/2008,-51700,-2605920000,49.5(-2.37 %),10000,499000000,61700,3104920000,0,0.0
21/10/2008,17000,865200000,51.2(1.39 %),17000,865200000,0,0,0,0.0
22/10/2008,-5600,-272950000,48.7(-4.88 %),0,0,5600,272950000,0,0.0
23/10/2008,30000,1381500000,45.4(-6.97 %),30000,1381500000,0,0,0,0.0
24/10/2008,-95300,-4068340000,42.6(-6.99 %),39700,1693190000,135000,5761530000,0,0.0
27/10/2008,-79600,-3193620000,40(-6.98 %),50400,2016000000,130000,5209620000,0,0.0
28/10/2008,-61200,-2388120000,40.7(1.50 %),8800,330000000,70000,2718120000,0,0.0
29/10/2008,0,0,41.3(6.99 %),0,0,0,0,0,0.0
30/10/2008,9700,440320000,43.8(6.83 %),31100,1325470000,21400,885150000,0,0.0
31/10/2008,-150600,-6508850000,44.5(3.73 %),14400,641600000,165000,7150450000,0,0.0
03/11/2008,600,25030000,43.9(0.46 %),600,25030000,0,0,0,0.0
04/11/2008,0,0,46.1(6.96 %),0,0,0,0,0,0.0
05/11/2008,0,0,48.3(6.86 %),0,0,0,0,0,0.0
06/11/2008,-800,-40000000,51(5.59 %),0,0,800,40000000,0,0.0
07/11/2008,20000,1006080000,47.8(-5.53 %),20000,1006080000,0,0,0,0.0
10/11/2008,5000,247000000,49(1.03 %),5000,247000000,0,0,0,0.0
11/11/2008,28000,1305190000,46(-6.88 %),28000,1305190000,0,0,0,0.0
12/11/2008,6200,264420000,44(-2.65 %),6200,264420000,0,0,0,0.0
13/11/2008,3000,128400000,45(3.21 %),3100,132650000,100,4250000,0,0.0
14/11/2008,0,0,45.3(3.90 %),0,0,0,0,0,0.0
17/11/2008,0,0,45(-1.96 %),0,0,0,0,0,0.0
18/11/2008,25400,1124760000,44.5(-0.22 %),25400,1124760000,0,0,0,0.0
19/11/2008,34800,1569680000,44.2(0.00 %),34800,1569680000,0,0,0,0.0
20/11/2008,0,0,43(-4.23 %),0,0,0,0,0,0.0
21/11/2008,-19200,-767490000,40.5(-4.93 %),30800,1266340000,50000,2033830000,0,0.0
24/11/2008,100,4030000,39.9(-2.21 %),5000,201500000,4900,197470000,0,0.0
25/11/2008,0,0,40.5(-0.25 %),0,0,0,0,0,0.0
26/11/2008,15000,594500000,37.8(-6.90 %),15000,594500000,0,0,0,0.0
27/11/2008,-25000,-895000000,35.8(-6.77 %),0,0,25000,895000000,0,0.0
28/11/2008,0,0,38.5(6.94 %),0,0,0,0,0,0.0
01/12/2008,5000,181500000,38.2(-0.52 %),5000,181500000,0,0,0,0.0
02/12/2008,0,0,36.1(-2.96 %),0,0,0,0,0,0.0
03/12/2008,0,0,36.5(1.11 %),0,0,0,0,0,0.0
04/12/2008,10000,362000000,36.3(0.55 %),10000,362000000,0,0,0,0.0
05/12/2008,0,0,34(-6.08 %),0,0,0,0,0,0.0
08/12/2008,0,0,32(-6.43 %),0,0,0,0,0,0.0
09/12/2008,5000,164980000,32.2(0.31 %),5000,164980000,0,0,0,0.0
10/12/2008,4100,127100000,31.1(-4.31 %),4100,127100000,0,0,0,0.0
11/12/2008,-800,-25120000,32.4(4.52 %),0,0,800,25120000,0,0.0
12/12/2008,8100,273780000,33.8(6.96 %),8100,273780000,0,0,0,0.0
15/12/2008,0,0,35.9(6.85 %),0,0,0,0,0,0.0
16/12/2008,100,3370000,33.4(-6.96 %),100,3370000,0,0,0,0.0
17/12/2008,0,0,34.9(2.65 %),0,0,0,0,0,0.0
18/12/2008,0,0,34.7(0.87 %),0,0,0,0,0,0.0
19/12/2008,0,0,35.7(4.08 %),0,0,0,0,0,0.0
22/12/2008,20000,752000000,37.6(6.82 %),20000,752000000,0,0,0,0.0
23/12/2008,23700,864050000,36.8(-1.87 %),23700,864050000,0,0,0,0.0
24/12/2008,19600,702680000,36.5(1.11 %),19600,702680000,0,0,0,0.0
25/12/2008,0,0,36(-0.28 %),0,0,0,0,0,0.0
26/12/2008,0,0,36(-0.55 %),0,0,0,0,0,0.0
29/12/2008,0,0,35.9(-0.55 %),0,0,0,0,0,0.0
30/12/2008,71000,2563570000,36.5(1.39 %),71000,2563570000,0,0,0,0.0
31/12/2008,10000,361000000,36.1(0.28 %),10000,361000000,0,0,0,0.0
02/01/2009,15000,542140000,36.2(-0.28 %),15000,542140000,0,0,7257778,15.51
05/01/2009,0,0,36.3(0.55 %),0,0,0,0,7257778,15.51
06/01/2009,40000,1495000000,38.4(6.08 %),40000,1495000000,0,0,7217778,15.69
07/01/2009,0,0,39.2(4.53 %),0,0,0,0,7217778,15.69
08/01/2009,5000,195000000,38.5(-2.53 %),5000,195000000,0,0,7212778,15.71
09/01/2009,0,0,38.8(1.04 %),0,0,0,0,7212778,15.71
12/01/2009,1100,42570000,37.9(-2.07 %),1100,42570000,0,0,7211678,15.72
13/01/2009,0,0,37.5(-1.32 %),0,0,0,0,7211678,15.72
14/01/2009,100,3750000,37.2(-0.27 %),100,3750000,0,0,7211578,15.72
15/01/2009,-15500,-566400000,36.3(-2.68 %),2700,98080000,18200,664480000,7227078,15.65
16/01/2009,5200,192180000,36.6(0.27 %),5200,192180000,0,0,7221878,15.67
19/01/2009,6000,218600000,36.4(-0.55 %),6000,218600000,0,0,7215878,15.7
20/01/2009,-15000,-543550000,36.1(-0.82 %),0,0,15000,543550000,7230878,15.63
21/01/2009,0,0,36(-0.55 %),0,0,0,0,7230878,15.63
22/01/2009,9400,345880000,36.9(2.50 %),9400,345880000,0,0,7221478,15.67
23/01/2009,0,0,36.5(-0.82 %),0,0,0,0,7221478,15.67
02/02/2009,-900,-32040000,35.5(-3.79 %),0,0,900,32040000,7222378,15.67
03/02/2009,-1700,-56610000,33.3(-6.72 %),0,0,1700,56610000,7224078,15.66
04/02/2009,0,0,32.9(-1.50 %),0,0,0,0,7224078,15.66
05/02/2009,5100,159720000,31(-6.34 %),5100,159720000,0,0,7218978,15.69
06/02/2009,0,0,32.7(4.14 %),0,0,0,0,7218978,15.69
09/02/2009,0,0,33.3(4.06 %),0,0,0,0,7218978,15.69
10/02/2009,0,0,32.1(-2.73 %),0,0,0,0,7218978,15.69
11/02/2009,-8200,-257760000,31.8(-1.85 %),0,0,8200,257760000,7227178,15.65
12/02/2009,800,25250000,31.4(0.00 %),800,25250000,0,0,7226378,15.65
13/02/2009,0,0,31.5(0.00 %),0,0,0,0,7226378,15.65
16/02/2009,0,0,31.5(-0.63 %),0,0,0,0,7226378,15.65
17/02/2009,-8500,-257500000,30.5(-3.48 %),0,0,8500,257500000,7234878,15.61
18/02/2009,-8200,-240070000,29.3(-3.93 %),0,0,8200,240070000,7243078,15.57
19/02/2009,-2400,-70500000,29.7(1.37 %),0,0,2400,70500000,7245478,15.56
20/02/2009,-11000,-319300000,29.3(-1.35 %),0,0,11000,319300000,7256478,15.51
23/02/2009,-6100,-169030000,27.5(-5.17 %),0,0,6100,169030000,7262578,15.48
24/02/2009,0,0,26.2(-5.42 %),0,0,0,0,7262578,15.48
25/02/2009,0,0,28.2(6.82 %),0,0,0,0,7262578,15.48
26/02/2009,0,0,28.2(0.71 %),0,0,0,0,7262578,15.48
27/02/2009,0,0,28.6(2.88 %),0,0,0,0,7262578,15.48
02/03/2009,2500,72800000,29.2(3.91 %),2500,72800000,0,0,7260078,15.5
03/03/2009,0,0,28.5(-1.04 %),0,0,0,0,7260078,15.5
04/03/2009,23400,693600000,30(5.63 %),23400,693600000,0,0,7236678,15.6
05/03/2009,-25000,-754690000,30(2.04 %),5000,150000000,30000,904690000,7261678,15.49
06/03/2009,-44000,-1285180000,29(-3.65 %),0,0,44000,1285180000,7305678,15.29
09/03/2009,-100500,-2902640000,29(-1.02 %),0,0,100500,2902640000,7406178,14.82
10/03/2009,-82200,-2393530000,29.6(2.07 %),0,0,82200,2393530000,7488378,14.44
11/03/2009,-59500,-1814060000,30.3(3.41 %),500,15650000,60000,1829710000,7547878,14.17
12/03/2009,0,0,29.4(-4.23 %),0,0,0,0,7547878,14.17
13/03/2009,0,0,29.7(0.34 %),0,0,0,0,7547878,14.17
16/03/2009,0,0,30.7(2.68 %),0,0,0,0,7547878,14.17
17/03/2009,67700,2197360000,32.5(6.91 %),67700,2197360000,0,0,7480178,14.48
18/03/2009,500,16750000,34.5(6.81 %),500,16750000,0,0,7479678,14.48
19/03/2009,0,0,33.9(-1.74 %),0,0,0,0,7479678,14.48
20/03/2009,0,0,33(-5.44 %),0,0,0,0,7479678,14.48
23/03/2009,0,0,31.5(-5.41 %),0,0,0,0,7479678,14.48
24/03/2009,39100,1326620000,34(6.92 %),39100,1326620000,0,0,7440578,14.66
25/03/2009,10000,351170000,35(2.94 %),10000,351170000,0,0,7430578,14.71
26/03/2009,0,0,37.4(5.35 %),0,0,0,0,7430578,14.71
27/03/2009,0,0,36.9(2.79 %),0,0,0,0,7430578,14.71
30/03/2009,0,0,36(-4.76 %),0,0,0,0,7430578,14.71
31/03/2009,-400,-14050000,36.2(0.56 %),100,3500000,500,17550000,7430978,14.71
01/04/2009,0,0,37.3(5.07 %),0,0,0,0,7430978,14.71
02/04/2009,0,0,37.7(2.17 %),0,0,0,0,7430978,14.71
03/04/2009,0,0,40.2(6.91 %),0,0,0,0,7430978,14.71
07/04/2009,0,0,42.8(7.00 %),0,0,0,0,7430978,14.71
08/04/2009,100,3960000,39.7(-4.57 %),100,3960000,0,0,7430878,14.71
09/04/2009,3000,124500000,39.8(-1.00 %),3000,124500000,0,0,7427878,14.72
10/04/2009,0,0,43(6.97 %),0,0,0,0,7427878,14.72
13/04/2009,0,0,46(6.98 %),0,0,0,0,7427878,14.72
14/04/2009,-100,-4660000,46(0.00 %),0,0,100,4660000,7427978,14.72
15/04/2009,0,0,44(-6.38 %),0,0,0,0,7427978,14.72
16/04/2009,0,0,44.2(0.00 %),0,0,0,0,7427978,14.72
17/04/2009,0,0,42.5(-4.92 %),0,0,0,0,7427978,14.72
20/04/2009,0,0,46.8(6.85 %),0,0,0,0,7427978,14.72
21/04/2009,0,0,49.5(6.00 %),0,0,0,0,7427978,14.72
22/04/2009,-10200,-506950000,52(6.12 %),9200,469900000,19400,976850000,7438178,14.67
23/04/2009,0,0,48.5(-6.37 %),0,0,0,0,7438178,14.67
24/04/2009,0,0,46.8(-5.26 %),0,0,0,0,7438178,14.67
27/04/2009,0,0,44.6(-3.88 %),0,0,0,0,7438178,14.67
28/04/2009,0,0,46.7(2.86 %),0,0,0,0,7438178,14.67
29/04/2009,10000,468530000,47.8(3.46 %),10000,468530000,0,0,7428178,14.72
04/05/2009,0,0,50.2(6.81 %),0,0,0,0,7428178,14.72
05/05/2009,0,0,53.7(6.97 %),0,0,0,0,7428178,14.72
06/05/2009,10000,550800000,53(-1.30 %),10000,550800000,0,0,7418178,14.77
07/05/2009,11600,663090000,57.7(6.85 %),11600,663090000,0,0,7406578,14.82
08/05/2009,62500,3489180000,56.4(3.68 %),62500,3489180000,0,0,7344078,15.11
11/05/2009,0,0,54.5(-2.15 %),0,0,0,0,7344078,15.11
12/05/2009,0,0,55.8(1.64 %),0,0,0,0,7344078,15.11
13/05/2009,-23900,-1285380000,53.8(-0.92 %),5100,274520000,29000,1559900000,7367978,15.0
14/05/2009,-21000,-1077860000,52.6(-2.59 %),0,0,21000,1077860000,7388978,14.9
15/05/2009,0,0,55.7(6.91 %),0,0,0,0,7388978,14.9
18/05/2009,7000,372200000,53.8(-1.82 %),10000,533000000,3000,160800000,7381978,14.93
19/05/2009,-21000,-1148240000,55(3.00 %),0,0,21000,1148240000,7402978,14.84
20/05/2009,-15000,-814000000,53.9(-3.23 %),0,0,15000,814000000,7417978,14.77
21/05/2009,0,0,54.6(0.55 %),0,0,0,0,7417978,14.77
22/05/2009,9500,503050000,53.4(-1.84 %),9500,503050000,0,0,7408478,14.81
25/05/2009,-111900,-6223330000,55.8(5.28 %),0,0,111900,6223330000,7520378,14.29
26/05/2009,34600,1935440000,54.9(-1.44 %),50000,2757500000,15400,822060000,7485778,14.45
27/05/2009,-21400,-1173570000,54.2(-1.81 %),0,0,21400,1173570000,7507178,14.36
28/05/2009,-9500,-501600000,53.2(-2.92 %),0,0,9500,501600000,7516678,14.31
29/05/2009,8300,439900000,55(3.58 %),8300,439900000,0,0,7508378,14.35
01/06/2009,0,0,58.1(7.00 %),0,0,0,0,7508378,14.35
02/06/2009,-36500,-2252050000,61.7(6.93 %),0,0,36500,2252050000,7544878,14.18
03/06/2009,17700,1151030000,66(6.97 %),17700,1151030000,0,0,7527178,14.26
04/06/2009,-200,-13590000,69.9(6.88 %),0,0,200,13590000,7527378,14.26
05/06/2009,1500,107000000,74.4(6.90 %),1500,107000000,0,0,7525878,14.27
08/06/2009,-100,-7740000,77.9(6.71 %),0,0,100,7740000,7525978,14.27
09/06/2009,25300,1850340000,72.3(-6.47 %),25300,1850340000,0,0,7500678,14.39
10/06/2009,11000,763090000,69.2(-6.11 %),11000,763090000,0,0,7489678,14.44
11/06/2009,3000,213020000,71.1(3.19 %),3000,213020000,0,0,7486678,14.45
12/06/2009,-17000,-1162100000,69(-2.40 %),0,0,17000,1162100000,7503678,14.37
15/06/2009,100,6880000,66.5(-4.32 %),100,6880000,0,0,7503578,14.37
16/06/2009,-170000,-10498980000,62(-5.34 %),0,0,170000,10498980000,7673578,13.59
17/06/2009,1000,62000000,66.3(6.94 %),1000,62000000,0,0,7672578,13.59
18/06/2009,-1200,-83640000,69.7(6.90 %),0,0,1200,83640000,7673778,13.59
19/06/2009,-53900,-3976400000,72(3.30 %),0,0,53900,3976400000,7727678,13.34
22/06/2009,-2900,-198140000,68.4(-6.94 %),100,7060000,3000,205200000,7730578,13.32
23/06/2009,-329200,-21124980000,63.9(-6.99 %),50000,3195000000,379200,24319980000,8059778,11.81
24/06/2009,0,0,68.5(6.86 %),0,0,0,0,8059778,11.81
25/06/2009,9900,643010000,66.4(-2.92 %),10000,650000000,100,6990000,8049878,11.85
26/06/2009,67000,4469590000,67(1.52 %),67000,4469590000,0,0,7982878,12.16
29/06/2009,115900,7735490000,67.5(1.50 %),143000,9552490000,27100,1817000000,7866978,12.69
30/06/2009,100100,6382530000,64(-4.33 %),100100,6382530000,0,0,7766878,13.16
01/07/2009,114300,7178360000,64(0.47 %),114300,7178360000,0,0,7652578,13.68
02/07/2009,-55600,-3610000000,65.9(4.77 %),44400,2881410000,100000,6491410000,7708178,13.43
03/07/2009,25000,1650000000,67.6(3.52 %),25000,1650000000,0,0,7683178,13.54
06/07/2009,23000,1546930000,70.3(6.03 %),35000,2392930000,12000,846000000,7660178,13.65
07/07/2009,154500,10733180000,69.6(-0.29 %),154500,10733180000,0,0,7505678,14.36
08/07/2009,213800,14842160000,69.4(0.14 %),213800,14842160000,0,0,7291878,15.35
09/07/2009,20600,1429710000,69.4(0.14 %),20600,1429710000,0,0,7271278,15.44
10/07/2009,48700,3359770000,69.3(-0.29 %),48700,3359770000,0,0,7222578,15.67
13/07/2009,80000,5513990000,68.7(-0.43 %),80000,5513990000,0,0,7142578,16.04
14/07/2009,43600,2983520000,68.6(-0.44 %),43600,2983520000,0,0,7098978,16.24
15/07/2009,23400,1621020000,69.4(1.17 %),23400,1621020000,0,0,7075578,16.35
16/07/2009,27000,1908500000,70.8(2.16 %),27000,1908500000,0,0,7048578,16.47
17/07/2009,48800,3446070000,71.6(0.70 %),48800,3446070000,0,0,6999778,16.7
20/07/2009,0,0,71.6(0.56 %),0,0,0,0,6999778,16.7
21/07/2009,40300,2896040000,71.9(1.41 %),40300,2896040000,0,0,6959478,16.88
22/07/2009,118100,8508180000,71.9(-0.55 %),118100,8508180000,0,0,6841378,17.43
23/07/2009,72800,5250040000,74.5(3.33 %),73000,5265040000,200,15000000,6768578,17.76
24/07/2009,105600,8265200000,78.3(6.97 %),120800,9455360000,15200,1190160000,6662978,18.25
27/07/2009,108900,8689390000,80.4(2.68 %),109400,8730390000,500,41000000,6554078,18.75
28/07/2009,144600,11466490000,78.3(-2.25 %),144900,11490340000,300,23850000,6409478,19.42
29/07/2009,259200,20320760000,78.3(-1.14 %),265100,20775910000,5900,455150000,6150278,20.62
30/07/2009,127600,9926040000,78.4(0.13 %),127600,9926040000,0,0,6022678,21.21
31/07/2009,50000,3979500000,79.7(2.44 %),50100,3987500000,100,8000000,5972678,21.44
03/08/2009,165800,13238890000,79.8(0.25 %),165800,13238890000,0,0,5806878,22.2
04/08/2009,268000,21719490000,82(2.76 %),268000,21719490000,0,0,5538878,23.44
05/08/2009,173400,14544850000,85.1(5.06 %),173900,14586850000,500,42000000,5365478,24.24
06/08/2009,125100,10611800000,84.5(0.48 %),125100,10611800000,0,0,5240378,24.82
07/08/2009,79800,6779080000,84.6(-0.35 %),79800,6779080000,0,0,5160578,25.18
10/08/2009,26300,2238760000,85.3(0.47 %),28600,2434860000,2300,196100000,5134278,25.31
11/08/2009,42300,3607780000,86(0.82 %),43400,3701510000,1100,93730000,5091978,25.5
12/08/2009,63300,5407030000,85.5(0.23 %),81000,6918600000,17700,1511570000,5028678,25.79
13/08/2009,154300,13391960000,87(1.99 %),154300,13391960000,0,0,4874378,26.51
14/08/2009,0,0,86.1(-0.69 %),0,0,0,0,4874378,26.51
17/08/2009,67300,5785550000,86(0.12 %),67300,5785550000,0,0,4807078,26.82
18/08/2009,7200,606790000,84.7(-1.40 %),54200,4609640000,47000,4002850000,4799878,26.85
19/08/2009,-35500,-3025430000,85.1(0.12 %),15000,1275810000,50500,4301240000,4835378,26.69
20/08/2009,-37900,-3226760000,85(-0.23 %),13500,1145450000,51400,4372210000,4873278,26.51
21/08/2009,-35300,-3024530000,84.7(-0.35 %),10500,895550000,45800,3920080000,4908578,26.35
24/08/2009,-52000,-4594510000,91(6.06 %),0,0,52000,4594510000,4960578,26.11
25/08/2009,-50000,-4647910000,92(4.07 %),0,0,50000,4647910000,5010578,25.88
26/08/2009,-50000,-4619900000,93(0.00 %),0,0,50000,4619900000,5060578,25.65
27/08/2009,-50500,-4538610000,88.9(-4.10 %),0,0,50500,4538610000,5111078,25.41
28/08/2009,-47700,-4320540000,90.5(0.67 %),0,0,47700,4320540000,5158778,25.19
31/08/2009,5000,459060000,92.5(2.10 %),5400,495700000,400,36640000,5153778,25.22
01/09/2009,-57400,-5171700000,90(-2.91 %),200,18920000,57600,5190620000,5211178,24.95
03/09/2009,-42400,-3744020000,88.5(-1.78 %),0,0,42400,3744020000,5253578,24.76
04/09/2009,1200,109140000,88(-0.45 %),1200,109140000,0,0,5252378,24.76
07/09/2009,0,0,87.5(-1.35 %),0,0,0,0,5252378,24.76
08/09/2009,-200,-17000000,92(5.26 %),0,0,200,17000000,5252578,24.76
09/09/2009,0,0,96.8(6.96 %),0,0,0,0,5252578,24.76
10/09/2009,-27500,-2650790000,97(1.15 %),0,0,27500,2650790000,5280078,24.63
11/09/2009,-5900,-561190000,97(0.31 %),9300,906750000,15200,1467940000,5285978,24.61
14/09/2009,-5000,-480000000,96.8(-0.10 %),0,0,5000,480000000,5290978,24.58
15/09/2009,-30400,-2912200000,95.6(-0.21 %),0,0,30400,2912200000,5321378,24.44
16/09/2009,700,67550000,96(0.21 %),700,67550000,0,0,5320678,24.45
17/09/2009,0,0,96(-0.41 %),0,0,0,0,5320678,24.45
18/09/2009,200,19400000,96(0.31 %),200,19400000,0,0,5320478,24.45
21/09/2009,-9900,-965430000,98.9(3.67 %),100,9570000,10000,975000000,5330378,24.4
22/09/2009,400,39200000,97.6(-0.10 %),400,39200000,0,0,5329978,24.4
23/09/2009,23000,2265490000,97(-1.12 %),23000,2265490000,0,0,5306978,24.51
24/09/2009,15900,1539940000,96.2(-2.04 %),16900,1636940000,1000,97000000,5291078,24.58
25/09/2009,15000,1440000000,96.1(-0.72 %),15000,1440000000,0,0,5276078,24.65
28/09/2009,15000,1439800000,96(-0.21 %),15000,1439800000,0,0,5261078,24.72
29/09/2009,39300,3819230000,98(2.08 %),41500,4031050000,2200,211820000,5221778,24.9
30/09/2009,25200,2476020000,99(1.75 %),28200,2770770000,3000,294750000,5196578,25.02
01/10/2009,129400,12778700000,99(0.10 %),132900,13122400000,3500,343700000,5067178,25.62
02/10/2009,62500,6041720000,99(0.30 %),62600,6051350000,100,9630000,5004678,25.9
05/10/2009,37700,3667900000,97.8(1.14 %),37700,3667900000,0,0,4966978,26.08
06/10/2009,10000,990000000,98.9(1.54 %),10000,990000000,0,0,4956978,26.12
07/10/2009,0,0,105.4(6.57 %),0,0,0,0,4374578,28.81
08/10/2009,0,0,105.6(2.13 %),0,0,0,0,4374578,38.91
09/10/2009,0,0,113(6.91 %),0,0,0,0,4956978,26.12
12/10/2009,50000,5861050000,119.8(6.96 %),50000,5861050000,0,0,4906978,26.35
13/10/2009,0,0,116(-1.69 %),0,0,0,0,4374578,28.81
14/10/2009,27200,3211840000,120(3.45 %),31800,3742400000,4600,530560000,4879778,26.48
15/10/2009,33200,4159230000,119(1.62 %),93200,11380700000,60000,7221470000,4846578,26.63
16/10/2009,10000,1223760000,116(-4.21 %),40000,4754900000,30000,3531140000,4364578,28.86
19/10/2009,-54800,-6443860000,117.5(-0.59 %),25200,2961100000,80000,9404960000,4429378,28.56
20/10/2009,0,0,125.7(6.98 %),0,0,0,0,4374578,28.81
21/10/2009,29500,3862550000,131.6(6.99 %),30000,3928350000,500,65800000,4345078,28.95
22/10/2009,102000,13981690000,135(2.90 %),102000,13981690000,0,0,4715078,27.24
23/10/2009,103800,14136230000,132(-3.72 %),110800,15095930000,7000,959700000,4270778,29.29
26/10/2009,29600,3919890000,130(-4.06 %),68300,8976290000,38700,5056400000,4241178,29.43
27/10/2009,53200,6818980000,129(-1.83 %),63200,8098980000,10000,1280000000,4187978,29.67
28/10/2009,176300,23034780000,133(4.15 %),186300,24344780000,10000,1310000000,4011678,30.49
29/10/2009,-300,-13060000,129(-1.38 %),40100,5106760000,40400,5119820000,4011978,30.49
30/10/2009,900,120360000,131.5(3.30 %),2000,266000000,1100,145640000,4011078,30.49
02/11/2009,-80000,-9876000000,123.4(-6.94 %),800,101940000,80800,9977940000,4091078,30.12
03/11/2009,-7700,-906580000,117.9(-4.61 %),133300,15479720000,141000,16386300000,4098778,30.08
04/11/2009,32000,3766350000,118.5(1.72 %),44000,5176450000,12000,1410100000,4066778,30.23
05/11/2009,18600,2247690000,124.9(6.30 %),48600,5970540000,30000,3722850000,4048178,30.32
06/11/2009,-18400,-2252850000,120(-2.52 %),1600,200200000,20000,2453050000,4066578,30.23
09/11/2009,44100,5117700000,116(-5.77 %),44100,5117700000,0,0,4022478,30.44
10/11/2009,65500,7653100000,117.9(1.99 %),65500,7653100000,0,0,3956978,30.74
11/11/2009,5000,587000000,120.2(3.09 %),15000,1777000000,10000,1190000000,3951978,30.76
12/11/2009,15100,1825590000,121.5(2.62 %),40500,4865100000,25400,3039510000,3936878,30.83
13/11/2009,144400,17931670000,125.5(4.32 %),154400,19161670000,10000,1230000000,3792478,31.5
16/11/2009,47600,5969390000,124(0.00 %),52600,6597390000,5000,628000000,3744878,31.72
17/11/2009,-3600,-442560000,123(-1.99 %),0,0,3600,442560000,3748478,31.7
18/11/2009,-5300,-648720000,124.9(1.38 %),100,12300000,5400,661020000,3753778,31.68
19/11/2009,29100,3591650000,124.4(1.30 %),60600,7517750000,31500,3926100000,3724678,31.81
20/11/2009,0,0,122(-1.77 %),0,0,0,0,3724678,31.81
23/11/2009,0,0,119(-3.02 %),0,0,0,0,3724678,31.81
24/11/2009,14400,1694770000,117.5(-0.34 %),14400,1694770000,0,0,3710278,31.88
25/11/2009,27700,3098280000,110(-6.62 %),27700,3098280000,0,0,3600678,32.38
26/11/2009,54200,5619250000,103.2(-6.86 %),210200,21849080000,156000,16229830000,3628378,32.26
27/11/2009,12800,1381980000,110(6.08 %),13300,1430320000,500,48340000,3615578,32.31
30/11/2009,16900,1808300000,110(4.27 %),16900,1808300000,0,0,3598678,32.39
01/12/2009,41700,4721060000,113(6.10 %),90600,10280630000,48900,5559570000,3556978,32.58
02/12/2009,39400,4350350000,107.9(-4.68 %),88800,9786290000,49400,5435940000,3517578,32.77
03/12/2009,23700,2593370000,108(-1.73 %),110000,11907080000,86300,9313710000,3493878,32.88
04/12/2009,-41700,-4366480000,106(-1.94 %),64700,6897600000,106400,11264080000,3535578,32.68
07/12/2009,-55700,-5852370000,104.7(-1.13 %),92200,9683830000,147900,15536200000,3591278,32.43
08/12/2009,28400,2938280000,102.5(-2.47 %),60000,6244130000,31600,3305850000,3562878,32.56
09/12/2009,300,19690000,97.2(-6.54 %),28300,2746650000,28000,2726960000,3562578,32.56
10/12/2009,-2900,-269340000,95.2(-2.36 %),5100,492050000,8000,761390000,3565478,32.55
11/12/2009,25500,2333000000,90.5(-6.31 %),25500,2333000000,0,0,3539978,32.66
14/12/2009,47000,4518690000,97.2(6.93 %),52000,4978690000,5000,460000000,3492978,32.88
15/12/2009,1200,114510000,95.3(0.74 %),21200,2014510000,20000,1900000000,3491778,32.89
16/12/2009,800,73800000,90(-5.26 %),800,73800000,0,0,3490978,32.89
17/12/2009,0,10000000,89.2(-1.55 %),10000,900000000,10000,890000000,3490978,32.89
18/12/2009,10700,1020300000,95.5(6.94 %),10700,1020300000,0,0,3480278,32.94
21/12/2009,19000,1928860000,101.8(6.93 %),19000,1928860000,0,0,3461278,33.03
22/12/2009,10000,1030000000,100(-0.70 %),10000,1030000000,0,0,3451278,33.07
23/12/2009,21600,2212500000,103(0.39 %),21600,2212500000,0,0,3429678,33.17
24/12/2009,32500,3412800000,106(3.52 %),35300,3698400000,2800,285600000,3397178,33.32
25/12/2009,400,25560000,111.7(6.99 %),10400,1142560000,10000,1117000000,3396778,33.32
28/12/2009,0,0,107.5(-2.89 %),0,0,0,0,3396778,33.32
29/12/2009,0,0,105(-3.23 %),0,0,0,0,3396778,33.32
30/12/2009,65200,7128480000,110(5.36 %),65200,7128480000,0,0,3331578,33.63
31/12/2009,30000,3180000000,109.2(0.09 %),30000,3180000000,0,0,3301578,33.76
04/01/2010,18000,2058400000,115.4(6.95 %),18000,2058400000,0,0,3283578,33.85
05/01/2010,200,23400000,117(4.46 %),200,23400000,0,0,3283378,33.85
06/01/2010,400,46600000,115(-3.20 %),400,46600000,0,0,3282978,33.85
07/01/2010,52900,6320020000,118(-0.25 %),65000,7731520000,12100,1411500000,3230078,34.09
08/01/2010,20000,2400500000,118(-0.51 %),20000,2400500000,0,0,3210078,34.19
11/01/2010,-32400,-3682590000,114(-2.90 %),1600,184160000,34000,3866750000,3242478,34.04
12/01/2010,19800,2257080000,109(-4.80 %),20000,2280000000,200,22920000,3222678,34.13
13/01/2010,7900,865500000,112(-0.62 %),7900,865500000,0,0,3214778,34.16
14/01/2010,0,0,113(3.57 %),0,0,0,0,3214778,34.16
15/01/2010,24000,2727000000,112.5(-1.92 %),24000,2727000000,0,0,3190778,34.27
18/01/2010,19600,2117000000,108(-5.26 %),20200,2181800000,600,64800000,3171178,34.37
19/01/2010,0,0,110(1.95 %),0,0,0,0,3171178,34.37
20/01/2010,15600,1684620000,107.5(-1.29 %),15800,1706400000,200,21780000,3155578,34.44
21/01/2010,53000,5616000000,104(-3.79 %),53000,5616000000,0,0,3102578,34.68
22/01/2010,7600,805610000,106.5(0.57 %),7600,805610000,0,0,3094978,34.72
25/01/2010,40200,4261200000,105.8(-0.19 %),40200,4261200000,0,0,3054778,34.9
26/01/2010,0,0,109.3(3.11 %),0,0,0,0,3054778,34.9
27/01/2010,0,290000,106.3(-2.30 %),100,11190000,100,10900000,3054778,34.9
28/01/2010,0,0,105(-1.13 %),0,0,0,0,3054778,34.9
29/01/2010,1900,195700000,105(-0.19 %),1900,195700000,0,0,3052878,34.91
01/02/2010,-11500,-1198230000,104.5(-0.10 %),100,10450000,11600,1208680000,3064378,34.86
02/02/2010,200,21200000,105(0.67 %),200,21200000,0,0,3064178,34.86
03/02/2010,800,84000000,106(1.24 %),800,84000000,0,0,3063378,34.86
04/02/2010,0,0,107.1(1.04 %),0,0,0,0,3063378,34.86
05/02/2010,0,0,106(-0.28 %),0,0,0,0,3063378,34.86
08/02/2010,10000,1060000000,106(0.47 %),10000,1060000000,0,0,3053378,34.91
09/02/2010,-9600,-999580000,104(-1.79 %),10400,1081600000,20000,2081180000,3062978,34.86
10/02/2010,7400,798000000,107(2.88 %),18400,1975400000,11000,1177400000,3055578,34.9
11/02/2010,16100,1715200000,107(-0.28 %),16100,1715200000,0,0,3039478,34.97
12/02/2010,8500,918180000,108(1.31 %),8500,918180000,0,0,3030978,35.01
22/02/2010,27900,3022200000,108(0.00 %),28000,3033000000,100,10800000,3003078,35.14
23/02/2010,5500,587000000,106(-2.03 %),5500,587000000,0,0,2997578,35.17
24/02/2010,14000,1493540000,107.1(0.47 %),14100,1504200000,100,10660000,2983578,35.23
25/02/2010,7200,770000000,107(0.19 %),7200,770000000,0,0,2976378,35.26
26/02/2010,1600,170550000,107(0.19 %),2300,245450000,700,74900000,3338978,35.27
01/03/2010,6400,688500000,108(1.03 %),7900,850500000,1500,162000000,3332578,33.62
02/03/2010,8500,913650000,107.5(-0.19 %),10500,1129050000,2000,215400000,3324078,33.66
03/03/2010,-900,-103350000,112(4.19 %),13400,1450600000,14300,1553950000,3324978,33.66
04/03/2010,20800,2281200000,109.5(0.83 %),22800,2505200000,2000,224000000,3304178,33.75
05/03/2010,7700,846850000,110(-0.45 %),8000,880000000,300,33150000,3296478,33.79
08/03/2010,10000,1100000000,111(1.09 %),10000,1100000000,0,0,3286478,33.83
09/03/2010,-1600,-179100000,112(1.54 %),0,0,1600,179100000,3288078,33.83
10/03/2010,7000,770000000,110.9(-0.63 %),7000,770000000,0,0,3281078,33.86
11/03/2010,5500,615500000,114.6(3.80 %),5500,615500000,0,0,3275578,33.88
12/03/2010,21900,2562200000,118.6(4.31 %),30700,3597720000,8800,1035520000,3253678,33.98
15/03/2010,25300,2957600000,117.3(-0.17 %),25300,2957600000,0,0,3228378,34.1
16/03/2010,0,0,112.3(-4.26 %),0,0,0,0,3228378,34.1
17/03/2010,21500,2467650000,113.8(0.00 %),21500,2467650000,0,0,3206878,34.2
18/03/2010,19300,2212270000,115(0.44 %),19300,2212270000,0,0,3187578,34.29
19/03/2010,0,0,112.5(-1.14 %),0,0,0,0,3187578,34.29
22/03/2010,0,0,110.5(-2.04 %),0,0,0,0,3187578,34.29
23/03/2010,34800,3830440000,110.5(-0.18 %),34800,3830440000,0,0,3152778,34.45
24/03/2010,0,0,110(0.00 %),0,0,0,0,3152778,34.45
25/03/2010,0,0,106.5(-3.01 %),0,0,0,0,3152778,34.45
26/03/2010,30000,3200700000,105(-1.87 %),30000,3200700000,0,0,3122778,34.59
29/03/2010,5000,525000000,105(-1.41 %),5000,525000000,0,0,3117778,34.61
30/03/2010,9300,976500000,105(-0.19 %),10000,1050000000,700,73500000,3108478,34.65
31/03/2010,0,0,104(-0.95 %),0,0,0,0,3108478,34.65
01/04/2010,0,0,107.3(1.23 %),0,0,0,0,3108478,34.65
02/04/2010,0,0,106(0.28 %),0,0,0,0,3108478,34.65
05/04/2010,0,0,105(-0.76 %),0,0,0,0,3108478,34.65
06/04/2010,0,0,105(0.48 %),0,0,0,0,3108478,34.65
07/04/2010,0,0,105.2(0.00 %),0,0,0,0,3108478,34.65
08/04/2010,0,0,106(0.76 %),0,0,0,0,3108478,34.65
09/04/2010,0,0,106.2(-0.47 %),0,0,0,0,3108478,34.65
12/04/2010,0,0,107(0.66 %),0,0,0,0,3108478,34.65
13/04/2010,0,0,106(-1.12 %),0,0,0,0,3108478,34.65
14/04/2010,0,0,107(0.00 %),0,0,0,0,3108478,34.65
15/04/2010,0,0,107.2(0.37 %),0,0,0,0,3108478,34.65
16/04/2010,0,0,107(-0.28 %),0,0,0,0,3108478,34.65
19/04/2010,0,0,106.9(0.00 %),0,0,0,0,3108478,34.65
20/04/2010,0,0,106.9(0.38 %),0,0,0,0,3108478,34.65
21/04/2010,-30000,-3181040000,106.7(0.57 %),0,0,30000,3181040000,3138478,34.52
22/04/2010,0,0,109(2.83 %),0,0,0,0,3138478,34.52
26/04/2010,500,54500000,108.4(-0.37 %),500,54500000,0,0,3137978,34.52
27/04/2010,0,0,108.8(-0.09 %),0,0,0,0,3137978,34.52
28/04/2010,600,65280000,108(-0.46 %),600,65280000,0,0,3137378,34.52
29/04/2010,0,0,109(1.02 %),0,0,0,0,3137378,34.52
04/05/2010,20000,2178700000,108.9(-0.09 %),20000,2178700000,0,0,3117378,34.61
05/05/2010,0,0,105.1(-3.49 %),0,0,0,0,3117378,34.61
06/05/2010,-1000,-106000000,107(0.75 %),0,0,1000,106000000,3118378,34.61
07/05/2010,0,0,105(-1.22 %),0,0,0,0,3118378,34.61
10/05/2010,300,33000000,100(-4.94 %),300,33000000,0,0,3118078,34.61
11/05/2010,0,0,103(2.59 %),0,0,0,0,3118078,34.61
12/05/2010,0,0,100(-2.15 %),0,0,0,0,3118078,34.61
13/05/2010,-100,-10000000,99(-1.00 %),0,0,100,10000000,3118178,34.61
14/05/2010,0,0,99(-0.50 %),0,0,0,0,3118178,34.61
17/05/2010,0,0,97(-1.92 %),0,0,0,0,3118178,34.61
18/05/2010,-200,-18900000,96(-2.04 %),50000,4842900000,50200,4861800000,3118378,34.61
19/05/2010,0,-1400000,93.5(-3.11 %),800,75050000,800,76450000,3118378,34.61
20/05/2010,10600,1009700000,96(1.48 %),10600,1009700000,0,0,3107778,34.66
21/05/2010,56200,5150700000,91.5(-3.07 %),56200,5150700000,0,0,3051578,34.92
24/05/2010,8600,793160000,93(1.53 %),8600,793160000,0,0,3042978,34.96
25/05/2010,19900,1840160000,92.5(0.11 %),19900,1840160000,0,0,3023078,35.05
26/05/2010,9800,966230000,98.4(6.38 %),10100,995030000,300,28800000,3013278,35.09
27/05/2010,2300,223560000,98(0.93 %),2800,272060000,500,48500000,3010978,35.1
28/05/2010,10000,1023000000,102.3(4.92 %),40000,4083000000,30000,3060000000,3000978,35.15
31/05/2010,5200,516800000,102(-0.10 %),15200,1537800000,10000,1021000000,2995778,35.17
01/06/2010,1000,99000000,99(-2.56 %),1000,99000000,0,0,2994778,35.18
02/06/2010,5400,531260000,97.5(-0.71 %),5400,531260000,0,0,2989378,35.2
04/06/2010,0,0,97(-0.41 %),0,0,0,0,2989378,35.2
07/06/2010,5300,491410000,91(-5.21 %),5300,491410000,0,0,2984078,35.23
08/06/2010,600,51740000,91.6(0.44 %),16400,1500700000,15800,1448960000,2983478,35.23
09/06/2010,20500,1906500000,93(1.53 %),20500,1906500000,0,0,2962978,35.33
10/06/2010,10500,980710000,93.9(0.97 %),17500,1633360000,7000,652650000,2952478,35.37
11/06/2010,16000,1503400000,94.5(1.18 %),16000,1503400000,0,0,2936478,35.45
14/06/2010,28500,2666600000,93.6(-0.43 %),77400,7248530000,48900,4581930000,2907978,35.58
15/06/2010,16400,1534200000,93.8(0.11 %),16400,1534200000,0,0,2891578,35.66
16/06/2010,3700,350620000,94.6(1.07 %),3700,350620000,0,0,2887878,35.67
17/06/2010,11700,1094200000,93.6(-1.27 %),13700,1281200000,2000,187000000,2876178,35.73
18/06/2010,600,56560000,94(0.43 %),1400,131600000,800,75040000,2875578,35.73
21/06/2010,10000,935000000,93.5(-0.43 %),10000,935000000,0,0,2865578,35.78
22/06/2010,25000,2300000000,91.8(-1.92 %),25000,2300000000,0,0,2840578,35.89
23/06/2010,0,0,92(0.00 %),0,0,0,0,2840578,35.89
24/06/2010,0,0,92.9(2.88 %),0,0,0,0,2840578,35.89
25/06/2010,0,0,93.7(1.41 %),0,0,0,0,2840578,35.89
28/06/2010,0,0,93(0.32 %),0,0,0,0,2840578,35.89
29/06/2010,0,0,99.5(6.99 %),0,0,0,0,2840578,35.89
30/06/2010,100,10030000,100.3(6.93 %),100,10030000,0,0,2840478,35.89
01/07/2010,5500,522690000,95(-2.46 %),5500,522690000,0,0,2834978,35.92
02/07/2010,3800,359050000,94(-1.98 %),10000,948050000,6200,589000000,2831178,35.93
05/07/2010,-1300,-123500000,93(-1.27 %),10000,944900000,11300,1068400000,2832478,35.93
06/07/2010,-11400,-1049050000,92(-1.81 %),5300,488200000,16700,1537250000,2843878,35.88
07/07/2010,-19600,-1794090000,91.5(-0.65 %),0,0,19600,1794090000,2863478,35.79
08/07/2010,-9400,-860900000,91.5(-0.22 %),0,0,9400,860900000,2872878,35.74
09/07/2010,-2100,-193180000,91.8(0.22 %),0,0,2100,193180000,2874978,35.73
12/07/2010,0,0,95(3.94 %),0,0,0,0,2874978,35.73
13/07/2010,-3500,-325500000,93(-2.11 %),0,0,3500,325500000,2878478,35.72
14/07/2010,0,0,91.8(-1.08 %),0,0,0,0,2878478,35.72
15/07/2010,-13300,-1220150000,91.7(-0.65 %),0,0,13300,1220150000,2891778,35.65
16/07/2010,-60400,-5608490000,92(0.22 %),0,0,60400,5608490000,2952178,35.38
19/07/2010,-10900,-1023000000,91.5(-1.61 %),25000,2288900000,35900,3311900000,2963078,35.33
20/07/2010,-9400,-865300000,91.3(-0.33 %),0,0,9400,865300000,2972478,35.28
21/07/2010,600,54780000,91.4(-0.54 %),600,54780000,0,0,2971878,35.29
22/07/2010,5100,463250000,91.1(-0.44 %),9600,873600000,4500,410350000,2966778,35.31
23/07/2010,-35800,-3345980000,95.8(5.16 %),0,0,35800,3345980000,3002578,35.14
26/07/2010,8500,799000000,94(0.11 %),8500,799000000,0,0,2994078,35.18
27/07/2010,1600,150400000,94.5(0.43 %),1600,150400000,0,0,2992478,35.19
28/07/2010,6600,619750000,94(-0.53 %),6600,619750000,0,0,2985878,35.22
29/07/2010,0,0,94.1(0.11 %),0,0,0,0,2985878,35.22
30/07/2010,0,0,94.3(0.32 %),0,0,0,0,2985878,35.22
02/08/2010,1000,93500000,93.5(-0.53 %),1000,93500000,0,0,2984878,35.23
03/08/2010,10000,930000000,93.1(-0.64 %),10000,930000000,0,0,2974878,35.27
04/08/2010,0,0,95(2.15 %),0,0,0,0,2974878,35.27
05/08/2010,0,0,94.1(-0.74 %),0,0,0,0,2974878,35.27
06/08/2010,0,0,93.8(-1.05 %),0,0,0,0,2974878,35.27
09/08/2010,0,0,92.5(-1.07 %),0,0,0,0,2974878,35.27
10/08/2010,2500,226860000,90.5(-2.79 %),2500,226860000,0,0,2972378,35.28
11/08/2010,1000,90000000,92(1.66 %),1000,90000000,0,0,2971378,35.29
12/08/2010,10000,886200000,86(-5.18 %),10000,886200000,0,0,2961378,35.33
13/08/2010,0,0,91(3.29 %),0,0,0,0,2961378,35.33
16/08/2010,0,0,92.5(4.05 %),0,0,0,0,2961378,35.33
17/08/2010,500,46250000,90(-3.54 %),500,46250000,0,0,2960878,35.34
18/08/2010,10000,867150000,86.6(-3.35 %),10000,867150000,0,0,2950878,35.38
19/08/2010,3000,261000000,87.3(0.11 %),3000,261000000,0,0,2947878,35.4
20/08/2010,0,0,87.5(0.34 %),0,0,0,0,2947878,35.4
23/08/2010,100,8750000,88.5(0.34 %),100,8750000,0,0,2947778,35.4
24/08/2010,0,0,86(-2.71 %),0,0,0,0,2947778,35.4
25/08/2010,-19400,-1564750000,81(-5.04 %),37300,3014650000,56700,4579400000,2967178,35.31
26/08/2010,0,0,81(-0.12 %),0,0,0,0,2967178,35.31
27/08/2010,-36400,-2911450000,81(-0.49 %),2000,160080000,38400,3071530000,3003578,35.14
30/08/2010,200,17120000,85.7(6.99 %),200,17120000,0,0,3003378,35.14
31/08/2010,21900,1940970000,88(2.92 %),21900,1940970000,0,0,2981478,35.24
01/09/2010,0,0,88.5(0.11 %),0,0,0,0,2981478,35.24
06/09/2010,9600,866300000,90.5(2.38 %),10200,920000000,600,53700000,2996178,35.29
07/09/2010,2500,220750000,87(-1.69 %),4000,353000000,1500,132250000,2969378,35.3
08/09/2010,1000,87600000,87.6(-0.90 %),1000,87600000,0,0,2968378,35.3
09/09/2010,0,0,86(-1.83 %),0,0,0,0,2968378,35.3
10/09/2010,500,43000000,84(-2.78 %),500,43000000,0,0,2967878,35.3
13/09/2010,8200,680660000,86.2(0.94 %),11900,999600000,3700,318940000,2959678,35.34
14/09/2010,-2000,-170000000,85(0.35 %),0,0,2000,170000000,2961678,35.33
15/09/2010,0,0,84.1(-1.06 %),0,0,0,0,2961678,35.33
16/09/2010,-2800,-232400000,83(-1.54 %),0,0,2800,232400000,2964478,35.32
17/09/2010,-3900,-325650000,84(1.57 %),0,0,3900,325650000,2968378,35.3
20/09/2010,0,0,85.2(2.16 %),0,0,0,0,2968378,35.3
21/09/2010,-13900,-1179790000,87(1.87 %),0,0,13900,1179790000,2982278,35.24
22/09/2010,-14700,-1271850000,86.5(0.58 %),0,0,14700,1271850000,2996978,35.17
23/09/2010,0,0,86(-0.58 %),0,0,0,0,2996978,35.17
24/09/2010,0,0,86(-0.23 %),0,0,0,0,2996978,35.17
27/09/2010,0,0,88(1.85 %),0,0,0,0,2996978,35.17
28/09/2010,0,0,87(-0.68 %),0,0,0,0,2996978,35.17
29/09/2010,1100,93500000,85(-4.17 %),1100,93500000,0,0,2995878,35.17
30/09/2010,-18700,-1560290000,83(-2.47 %),0,0,18700,1560290000,3038878,35.09
01/10/2010,-6900,-580980000,84.2(0.12 %),6000,505200000,12900,1086180000,3045778,34.94
04/10/2010,-1400,-114800000,82(-2.61 %),0,0,1400,114800000,3047178,34.94
05/10/2010,-66000,-5381980000,82(-0.49 %),0,0,66000,5381980000,3113178,34.63
06/10/2010,-10800,-891000000,83(1.72 %),0,0,10800,891000000,3123978,34.58
07/10/2010,0,0,82.5(0.00 %),0,0,0,0,3123978,34.58
08/10/2010,1200,103920000,82.5(-0.24 %),1200,103920000,0,0,3122778,34.59
11/10/2010,13200,1113500000,86(-0.35 %),15200,1280500000,2000,167000000,3109578,34.65
12/10/2010,1600,136000000,85(1.07 %),11600,966000000,10000,830000000,3107978,34.66
13/10/2010,-1000,-84000000,84(1.33 %),0,0,1000,84000000,3108978,34.65
14/10/2010,0,0,82.2(-2.03 %),0,0,0,0,3108978,34.65
15/10/2010,0,0,82.5(0.36 %),0,0,0,0,3108978,34.65
18/10/2010,0,0,82.8(0.12 %),0,0,0,0,3108978,34.65
19/10/2010,0,0,83(-0.95 %),0,0,0,0,3108978,34.65
20/10/2010,0,0,82.5(-0.36 %),0,0,0,0,3108978,34.65
21/10/2010,0,0,82.7(0.61 %),0,0,0,0,3108978,34.65
22/10/2010,-5000,-415000000,83(0.12 %),0,0,5000,415000000,3113978,34.63
25/10/2010,-5000,-414500000,82.9(0.00 %),0,0,5000,414500000,3118978,34.61
26/10/2010,-7000,-581200000,83.1(0.61 %),0,0,7000,581200000,3125978,34.57
27/10/2010,0,0,82.5(-0.60 %),0,0,0,0,3125978,34.57
28/10/2010,0,0,82.5(0.00 %),0,0,0,0,3125978,34.57
29/10/2010,-10000,-830000000,83(0.61 %),0,0,10000,830000000,3135978,34.53
01/11/2010,0,0,82.1(-0.97 %),0,0,0,0,3135978,34.53
02/11/2010,-4400,-365780000,82.7(0.73 %),7300,606170000,11700,971950000,3140378,34.51
03/11/2010,-3000,-249100000,82.9(0.00 %),2000,165900000,5000,415000000,3143378,34.49
04/11/2010,0,0,82.7(0.00 %),0,0,0,0,3143378,34.49
05/11/2010,5000,422780000,83.8(1.33 %),10000,837780000,5000,415000000,3138378,34.52
08/11/2010,9200,772800000,83.1(-0.84 %),23000,1929500000,13800,1156700000,3129178,34.56
09/11/2010,11300,924980000,81(-3.34 %),11300,924980000,0,0,3117878,34.61
10/11/2010,0,0,82(0.49 %),0,0,0,0,3117878,34.61
11/11/2010,0,0,81.3(-0.85 %),0,0,0,0,3117878,34.61
12/11/2010,18100,1465060000,81.3(0.00 %),18100,1465060000,0,0,3099778,34.69
15/11/2010,12600,1027540000,81(0.12 %),12600,1027540000,0,0,3087178,34.75
16/11/2010,11200,897720000,80.9(-0.37 %),11200,897720000,0,0,3075978,34.8
17/11/2010,0,0,82.4(2.87 %),0,0,0,0,3075978,34.8
18/11/2010,14200,1174600000,82.6(0.24 %),14200,1174600000,0,0,3061778,34.87
19/11/2010,9200,759210000,82.7(0.00 %),9200,759210000,0,0,3052578,34.91
22/11/2010,3200,263200000,82.4(-0.12 %),3200,263200000,0,0,3049378,34.93
23/11/2010,0,0,82.3(0.00 %),0,0,0,0,3049378,34.93
24/11/2010,500,41000000,82.5(0.24 %),500,41000000,0,0,3048878,34.93
25/11/2010,12600,1053040000,84.6(4.70 %),12600,1053040000,0,0,3036278,34.99
26/11/2010,5800,491330000,85(1.67 %),10800,909330000,5000,418000000,3030478,35.01
29/11/2010,-1400,-112920000,84(-0.24 %),0,0,1400,112920000,3031878,35.01
30/11/2010,2000,174000000,85(0.95 %),2000,174000000,0,0,3029878,35.02
01/12/2010,0,0,82.6(-4.29 %),0,0,0,0,3029878,35.02
02/12/2010,7300,621140000,86(3.61 %),7500,638140000,200,17000000,3022578,35.05
03/12/2010,0,0,85(0.71 %),0,0,0,0,3022578,35.05
06/12/2010,-700,-58800000,84(0.00 %),0,0,700,58800000,3023278,35.05
07/12/2010,-10000,-840000000,83.2(-0.95 %),0,0,10000,840000000,3033278,35.0
08/12/2010,600,49980000,82(-2.26 %),600,49980000,0,0,3032678,35.0
09/12/2010,0,0,82.6(-0.36 %),0,0,0,0,3032678,35.0
10/12/2010,100,8260000,85(3.28 %),100,8260000,0,0,3032578,35.0
13/12/2010,34300,3034730000,89.2(6.70 %),34300,3034730000,0,0,2998278,35.16
14/12/2010,0,0,86(-2.38 %),0,0,0,0,2998278,35.16
15/12/2010,50000,4349370000,86.5(0.12 %),50000,4349370000,0,0,2948278,35.39
16/12/2010,0,0,84(-3.45 %),0,0,0,0,2948278,35.39
17/12/2010,3800,321200000,86(2.02 %),3800,321200000,0,0,2944478,35.41
20/12/2010,8300,711330000,87(2.11 %),8300,711330000,0,0,2927878,35.49
21/12/2010,0,0,87(1.52 %),0,0,0,0,2936178,35.45
22/12/2010,0,0,88(2.56 %),0,0,0,0,2936178,35.45
23/12/2010,15000,1305000000,86.9(0.00 %),15000,1305000000,0,0,2921178,35.52
24/12/2010,300,25650000,89(2.53 %),300,25650000,0,0,2920878,35.52
27/12/2010,0,0,87(-1.14 %),0,0,0,0,2920878,35.52
28/12/2010,-200,-17800000,86(-1.15 %),0,0,200,17800000,2921078,35.52
29/12/2010,-400,-35800000,90(2.04 %),0,0,400,35800000,2921478,35.52
30/12/2010,-1200,-107980000,89.4(-0.22 %),0,0,1200,107980000,2922678,35.51
31/12/2010,-3800,-345630000,98(4.81 %),0,0,3800,345630000,2926478,35.49
04/01/2011,0,0,91.5(-4.49 %),0,0,0,0,2926478,35.49
05/01/2011,600,54350000,90.5(-3.00 %),600,54350000,0,0,2925878,35.5
06/01/2011,0,0,89(-2.63 %),0,0,0,0,2925878,35.5
07/01/2011,-2300,-201120000,86(-3.37 %),800,70320000,3100,271440000,2928178,35.49
10/01/2011,0,0,85.5(-2.95 %),0,0,0,0,2928178,35.49
11/01/2011,300,25500000,85(-1.05 %),300,25500000,0,0,2927878,35.49
12/01/2011,0,0,85(-0.82 %),0,0,0,0,2927878,35.49
13/01/2011,0,0,86.9(0.12 %),0,0,0,0,2927878,35.49
14/01/2011,0,0,86(-0.46 %),0,0,0,0,2927878,35.49
17/01/2011,0,0,88(1.62 %),0,0,0,0,2927878,35.49
18/01/2011,52300,4654700000,89(0.45 %),52300,4654700000,0,0,2875578,35.73
19/01/2011,28800,2565400000,88.5(-0.56 %),50000,4450000000,21200,1884600000,2846778,35.86
20/01/2011,-100,-8900000,87.1(-2.13 %),0,0,100,8900000,2846878,35.86
21/01/2011,-900,-80600000,89(-0.45 %),29800,2848880000,30700,2929480000,2847778,35.86
24/01/2011,-400,-35400000,87.1(-2.24 %),0,0,400,35400000,2848178,35.86
25/01/2011,-500,-45420000,90(1.81 %),300,26580000,800,72000000,2848678,35.85
26/01/2011,-1700,-76500000,45(0.67 %),0,0,1700,76500000,2850378,35.85
27/01/2011,0,0,45(-1.96 %),0,0,0,0,2850378,35.85
28/01/2011,-1000,-47000000,46.9(3.30 %),0,0,1000,47000000,2851378,35.84
08/02/2011,-100,-4730000,46(-2.75 %),0,0,100,4730000,2851478,35.84
09/02/2011,-2900,-134910000,46.3(0.22 %),0,0,2900,134910000,2854378,35.83
10/02/2011,-10300,-481100000,47(0.86 %),0,0,10300,481100000,2864678,35.78
11/02/2011,-3100,-143300000,46(-1.92 %),0,0,3100,143300000,2867778,35.77
14/02/2011,0,0,44.1(-4.55 %),0,0,0,0,2867778,35.77
15/02/2011,0,0,43.9(-2.44 %),0,0,0,0,2867778,35.77
16/02/2011,-100,-4500000,45(2.04 %),0,0,100,4500000,2867878,35.77
17/02/2011,-5400,-234950000,43.9(-2.44 %),100000,4300000000,105400,4534950000,2873278,35.74
18/02/2011,-4200,-180600000,43(-1.38 %),0,0,4200,180600000,2877478,35.72
21/02/2011,1500,63750000,41(-4.65 %),1500,63750000,0,0,2875978,35.73
22/02/2011,0,0,38.8(-6.73 %),50000,1935000000,50000,1935000000,2875978,35.73
23/02/2011,-3200,-128220000,40.5(3.85 %),1600,66080000,4800,194300000,2879178,35.71
24/02/2011,-5000,-195300000,39(-3.70 %),0,0,5000,195300000,2884178,35.69
25/02/2011,-8600,-347800000,40.5(4.65 %),0,0,8600,347800000,2892778,35.65
28/02/2011,-500,-21000000,41.5(2.47 %),0,0,500,21000000,2893278,35.65
01/03/2011,-9900,-404840000,40(-3.85 %),100,4050000,10000,408890000,2903178,35.6
02/03/2011,-400,-16350000,39.5(-3.42 %),0,0,400,16350000,2903578,35.6
03/03/2011,-2000,-79600000,39.8(1.02 %),0,0,2000,79600000,0,0.0
04/03/2011,-2000,-80150000,40(0.50 %),0,0,2000,80150000,0,0.0
07/03/2011,-11800,-479540000,40.5(-0.49 %),0,0,11800,479540000,0,0.0
08/03/2011,-1800,-72720000,40(-1.72 %),0,0,1800,72720000,0,0.0
09/03/2011,-5000,-200000000,40(-1.48 %),0,0,5000,200000000,0,0.0
10/03/2011,-5000,-200160000,40(0.00 %),0,0,5000,200160000,0,0.0
11/03/2011,-1500,-60300000,40.2(0.25 %),700,28140000,2200,88440000,0,0.0
14/03/2011,-3000,-120040000,40(-2.44 %),0,0,3000,120040000,0,0.0
15/03/2011,-900,-36000000,40(-0.50 %),0,0,900,36000000,0,0.0
16/03/2011,0,0,40.1(0.00 %),0,0,0,0,2923809,35.51
17/03/2011,0,0,39.4(0.00 %),0,0,0,0,2923809,35.51
18/03/2011,-5000,-197500000,39.9(1.53 %),0,0,5000,197500000,2928809,35.48
21/03/2011,-8700,-348000000,40(1.01 %),0,0,8700,348000000,2937509,35.44
22/03/2011,-12000,-475000000,39.5(-1.25 %),0,0,12000,475000000,2949509,35.39
23/03/2011,-5000,-197500000,39.5(-0.25 %),0,0,5000,197500000,2954509,35.37
24/03/2011,-3300,-129700000,39.2(-0.51 %),0,0,3300,129700000,2957809,35.35
25/03/2011,1600,61600000,39(-1.02 %),1600,61600000,0,0,2956209,35.36
28/03/2011,-1300,-51200000,39(0.78 %),0,0,1300,51200000,2957509,35.35
29/03/2011,-5000,-195000000,39(-1.02 %),0,0,5000,195000000,2962509,35.33
30/03/2011,-200,-7900000,39.5(1.02 %),0,0,200,7900000,2962709,35.33
31/03/2011,0,0,39(-1.27 %),0,0,0,0,2962709,35.33
01/04/2011,0,0,39.5(1.28 %),0,0,0,0,2963609,35.32
04/04/2011,-1700,-67160000,39.5(0.00 %),400,15680000,2100,82840000,2965309,35.32
05/04/2011,1700,66410000,39.3(-0.25 %),2000,78200000,300,11790000,2963609,35.32
06/04/2011,-6300,-245700000,39(-0.26 %),0,0,6300,245700000,2969909,35.29
07/04/2011,-100,-3900000,38.5(-1.28 %),0,0,100,3900000,2970009,35.29
08/04/2011,0,0,38(-1.30 %),0,0,0,0,2970009,35.29
13/04/2011,-6400,-243320000,38(-0.26 %),3000,114100000,9400,357420000,2976409,35.26
14/04/2011,0,0,37.9(-0.26 %),0,0,0,0,2976409,35.26
15/04/2011,0,0,39.9(3.64 %),0,0,0,0,2976409,35.26
18/04/2011,900,34500000,39(-2.26 %),31000,1208600000,30100,1174100000,2975509,35.27
19/04/2011,0,0,38.5(-1.28 %),0,0,0,0,2975509,35.27
20/04/2011,0,0,38.9(1.57 %),0,0,0,0,2975509,35.27
21/04/2011,0,0,38.3(-1.54 %),600,23040000,600,23040000,2975509,35.27
22/04/2011,0,0,37.8(-1.56 %),0,0,0,0,2975509,35.27
25/04/2011,-3300,-125070000,37.9(0.00 %),0,0,3300,125070000,2978809,35.25
26/04/2011,0,0,36.8(-2.90 %),0,0,0,0,2978809,35.25
27/04/2011,100,3620000,36.8(-0.81 %),200,7320000,100,3700000,2978709,35.25
28/04/2011,3100,114050000,36.8(0.00 %),10000,367970000,6900,253920000,2975609,35.27
29/04/2011,0,0,36.5(-0.82 %),0,0,0,0,2975609,35.27
04/05/2011,-800,-29200000,36(-1.37 %),0,0,800,29200000,5815818,22.16
05/05/2011,1400,48880000,35(-1.69 %),2000,70000000,600,21120000,5814418,22.17
06/05/2011,1000,33950000,34(-2.86 %),2000,68000000,1000,34050000,5813418,22.17
09/05/2011,0,0,33(-3.23 %),0,0,0,0,5813418,22.17
10/05/2011,3500,117100000,33.5(0.30 %),4000,133800000,500,16700000,5809918,22.19
11/05/2011,6500,211950000,32.5(-2.99 %),6500,211950000,0,0,5803418,22.22
12/05/2011,-1900,-63320000,33.1(1.22 %),4200,139400000,6100,202720000,5805318,22.21
13/05/2011,0,0,32.4(-2.11 %),61000,2019100000,61000,2019100000,5803418,22.22
16/05/2011,-1000,-32300000,32.3(0.00 %),3000,96900000,4000,129200000,5804418,22.21
17/05/2011,800,21940000,31(-4.02 %),3000,93000000,2200,71060000,5803618,22.22
18/05/2011,0,0,31.9(0.95 %),1500,48450000,1500,48450000,5803618,22.22
19/05/2011,-1700,-52680000,30.9(-2.22 %),0,0,1700,52680000,5805318,22.21
20/05/2011,14000,429710000,30.7(-0.97 %),21200,650750000,7200,221040000,5791318,22.27
23/05/2011,44800,1374740000,30.9(0.65 %),49800,1527540000,5000,152800000,5746518,22.48
24/05/2011,5200,150760000,29.2(-4.58 %),15200,443720000,10000,292960000,5741318,22.5
25/05/2011,19700,572790000,29(-1.36 %),71100,2073710000,51400,1500920000,5721618,22.6
26/05/2011,-10000,-295190000,29.6(1.72 %),0,0,10000,295190000,5731618,22.55
27/05/2011,19700,572790000,31.4(6.80 %),71100,2073710000,51400,1500920000,5711918,22.64
30/05/2011,2000,60000000,29.4(-3.29 %),2000,60000000,0,0,5709918,22.65
31/05/2011,14800,447380000,30.6(2.68 %),29800,905980000,15000,458600000,5695118,22.72
01/06/2011,400,22610000,31.7(4.28 %),30400,959260000,30000,936650000,5600518,23.15
02/06/2011,-600,-20320000,33.4(6.71 %),19900,657280000,20500,677600000,5601118,23.15
03/06/2011,9100,304520000,34.9(5.44 %),16500,562570000,7400,258050000,5592018,23.19
06/06/2011,2000,67000000,33(-3.51 %),2000,67000000,0,0,5590018,23.2
07/06/2011,-6300,-213850000,34(0.89 %),635000,21581960000,641300,21795810000,5596318,23.17
08/06/2011,-12900,-439240000,33.8(0.00 %),27300,935450000,40200,1374690000,5609218,23.11
09/06/2011,26400,897790000,33.6(-2.04 %),27400,931790000,1000,34000000,5582818,23.24
10/06/2011,20300,713220000,35.2(6.99 %),24300,853220000,4000,140000000,5562518,23.33
13/06/2011,0,0,36(2.56 %),0,0,0,0,5562518,23.33
14/06/2011,2500,87860000,35.8(-0.28 %),2500,87860000,0,0,5560018,23.34
15/06/2011,28400,996500000,35(-2.78 %),28400,996500000,0,0,5531618,23.47
16/06/2011,4000,140000000,36(2.56 %),4000,140000000,0,0,5527618,23.49
17/06/2011,11000,385000000,35(-0.57 %),11000,385000000,0,0,5516618,23.54
20/06/2011,13600,476000000,35(0.00 %),13600,476000000,0,0,5503018,23.6
21/06/2011,11500,402500000,35(0.00 %),11500,402500000,0,0,5491518,23.66
22/06/2011,19000,665000000,35(0.00 %),19000,665000000,0,0,5472518,23.74
23/06/2011,-600,-20700000,34.5(-1.43 %),11200,386400000,11800,407100000,5473118,23.74
24/06/2011,0,0,34.5(0.00 %),0,0,0,0,5473118,23.74
27/06/2011,3000,100000000,34(-1.45 %),12000,408000000,9000,308000000,5470118,23.76
28/06/2011,0,0,34(-0.58 %),0,0,0,0,5470118,23.76
29/06/2011,-1300,-44200000,34(0.00 %),0,0,1300,44200000,5471418,23.75
30/06/2011,0,0,34(-2.58 %),0,0,0,0,5471418,23.75
01/07/2011,9500,318050000,33.5(-4.83 %),14500,485750000,5000,167700000,5565518,23.32
04/07/2011,3000,99000000,33(-1.49 %),3000,99000000,0,0,5562518,23.33
05/07/2011,-2600,-86050000,33(0.00 %),50000,1650000000,52600,1736050000,5565118,23.32
06/07/2011,300,9900000,33(0.00 %),53100,1752300000,52800,1742400000,5564818,23.32
07/07/2011,-74500,-2304760000,30.8(-6.67 %),55000,1709500000,129500,4014260000,5639318,22.98
08/07/2011,-2600,-85800000,33(6.45 %),0,0,2600,85800000,5641918,22.96
11/07/2011,-2200,-69820000,32(-2.14 %),47800,1524300000,50000,1594120000,5644118,22.95
12/07/2011,-2900,-91320000,31.4(-1.57 %),29400,926100000,32300,1017420000,5647018,22.94
13/07/2011,-4900,-152120000,30.9(-1.90 %),29900,926900000,34800,1079020000,5651918,22.92
14/07/2011,-7000,-216070000,30.6(-1.29 %),30400,927230000,37400,1143300000,5658918,22.88
15/07/2011,-16900,-511180000,30.1(-2.27 %),75100,2219180000,92000,2730360000,5675818,22.81
18/07/2011,-36800,-1076670000,28.8(-5.26 %),31100,926780000,67900,2003450000,5712618,22.64
19/07/2011,-3000,-87900000,29.3(0.00 %),32200,943460000,35200,1031360000,5715618,22.62
20/07/2011,0,0,29(-1.02 %),260000,7358500000,260000,7358500000,5715618,22.62
21/07/2011,-2300,-67950000,29.6(2.07 %),159000,4690500000,161300,4758450000,5717918,35.81
22/07/2011,-1400,-40190000,29.5(-0.34 %),0,0,1400,40190000,5719318,35.8
25/07/2011,1100,31350000,29.1(0.00 %),1100,31350000,0,0,5718218,35.81
26/07/2011,0,0,29(1.40 %),50000,1430000000,50000,1430000000,5718218,35.81
27/07/2011,0,0,28.7(-1.03 %),0,0,0,0,5718218,35.81
28/07/2011,0,0,29.7(3.48 %),0,0,0,0,5718218,35.81
29/07/2011,0,0,29.3(-1.68 %),0,0,0,0,5718218,35.81
01/08/2011,0,0,29.3(0.00 %),0,0,0,0,5724518,35.79
02/08/2011,0,0,28.1(-4.10 %),250000,7275000000,250000,7275000000,5724518,35.79
03/08/2011,0,0,29(2.11 %),0,0,0,0,5724518,35.79
04/08/2011,0,0,30(4.53 %),0,0,0,0,5724518,35.79
05/08/2011,6200,185700000,29.9(3.82 %),106200,3185700000,100000,3000000000,5718318,35.81
08/08/2011,0,0,29(-3.01 %),0,0,0,0,5718318,35.81
09/08/2011,6400,188000000,29.3(1.03 %),34000,1001300000,27600,813300000,5711918,35.82
10/08/2011,0,0,30.4(3.40 %),0,0,0,0,5711918,35.82
11/08/2011,0,0,29.5(-2.96 %),0,0,0,0,5711918,35.82
12/08/2011,0,0,29.5(0.00 %),0,0,0,0,5711918,35.82
15/08/2011,0,0,29.5(0.00 %),0,0,0,0,5711918,35.82
16/08/2011,0,0,30(1.69 %),0,0,0,0,5711918,35.82
17/08/2011,0,0,31(3.33 %),0,0,0,0,5711918,35.82
18/08/2011,0,0,30.5(0.66 %),0,0,0,0,5711918,35.82
19/08/2011,0,0,30.1(-1.31 %),0,0,0,0,5711918,35.82
22/08/2011,200,6080000,30.6(0.66 %),200,6080000,0,0,5711718,35.82
23/08/2011,1100,33990000,30.4(-0.65 %),117000,3569100000,115900,3535110000,5710618,35.82
24/08/2011,0,0,30(-1.96 %),0,0,0,0,5710618,35.82
25/08/2011,0,0,30.2(0.00 %),0,0,0,0,5710618,35.82
26/08/2011,0,0,30.2(0.00 %),0,0,0,0,5710618,35.82
29/08/2011,0,0,31.8(5.30 %),0,0,0,0,5710618,35.82
30/08/2011,0,0,32.1(2.88 %),0,0,0,0,5710618,35.82
31/08/2011,0,0,31.5(-4.26 %),0,0,0,0,5710618,35.82
01/09/2011,0,0,32.2(1.90 %),0,0,0,0,5710618,35.82
05/09/2011,0,0,31.3(-2.80 %),0,0,0,0,5710618,35.82
06/09/2011,1500,47250000,31.2(-1.27 %),1500,47250000,0,0,5709118,35.83
07/09/2011,-2000,-63000000,30.6(-2.86 %),0,0,2000,63000000,5711118,35.82
08/09/2011,-24000,-744350000,31(-0.64 %),0,0,24000,744350000,5735118,35.77
09/09/2011,-5000,-155000000,31(0.00 %),0,0,5000,155000000,5740118,35.75
12/09/2011,-10000,-310500000,31.5(1.94 %),0,0,10000,310500000,5750118,35.73
13/09/2011,300,9600000,31.3(0.97 %),300,9600000,0,0,5749818,35.73
14/09/2011,-14400,-449620000,31.2(-2.19 %),0,0,14400,449620000,5764218,35.7
15/09/2011,0,0,31.3(0.00 %),0,0,0,0,5764218,35.7
16/09/2011,0,0,31(-0.96 %),0,0,0,0,5764218,35.7
19/09/2011,0,0,31.3(0.00 %),0,0,0,0,5764218,35.7
20/09/2011,0,0,31(-0.64 %),0,0,0,0,5764218,35.7
21/09/2011,4000,125200000,31.3(0.97 %),4000,125200000,0,0,5760218,35.71
22/09/2011,0,0,31.4(0.32 %),0,0,0,0,5760218,35.71
23/09/2011,0,0,31.4(0.00 %),0,0,0,0,5760218,35.71
26/09/2011,0,0,31(-0.64 %),0,0,0,0,5760218,35.71
27/09/2011,0,0,30(-3.23 %),79700,2470700000,79700,2470700000,5760218,35.71
28/09/2011,5200,162860000,31.5(6.42 %),5200,162860000,0,0,5755018,35.72
29/09/2011,1900,58900000,31(-1.27 %),2000,62000000,100,3100000,5753118,35.73
30/09/2011,0,0,30(-2.91 %),0,0,0,0,5753118,35.73
03/10/2011,500,14750000,29.5(-0.67 %),500,14750000,0,0,5752518,35.73
04/10/2011,1200,36480000,30.4(3.05 %),1200,36480000,0,0,5751318,35.73
05/10/2011,1000,30000000,30(-1.32 %),1000,30000000,0,0,5750318,35.73
06/10/2011,0,0,30.5(1.67 %),0,0,0,0,5750318,35.73
07/10/2011,10100,312700000,31(1.64 %),10100,312700000,0,0,5740218,35.75
10/10/2011,6300,197210000,31.4(1.62 %),6300,197210000,0,0,5733918,35.77
11/10/2011,0,0,29.6(-5.43 %),0,0,0,0,5733918,35.77
12/10/2011,0,0,30(1.35 %),0,0,0,0,5733918,35.77
13/10/2011,0,0,30(0.00 %),0,0,0,0,5733918,35.77
14/10/2011,0,0,30.5(1.33 %),0,0,0,0,5733918,35.77
17/10/2011,1600,48320000,29.6(-0.67 %),1600,48320000,0,0,5732318,35.77
18/10/2011,1000,29500000,30(0.67 %),1000,29500000,0,0,5731318,35.78
19/10/2011,0,0,29.8(0.00 %),0,0,0,0,5731318,35.78
20/10/2011,0,0,29.5(-1.01 %),0,0,0,0,5731318,35.78
21/10/2011,0,0,29.2(0.00 %),0,0,0,0,5731318,35.78
24/10/2011,0,0,29.7(1.71 %),0,0,0,0,5731318,35.78
25/10/2011,0,0,29.6(0.00 %),0,0,0,0,5731318,35.78
26/10/2011,0,0,29.5(-0.34 %),0,0,0,0,5731318,35.78
27/10/2011,0,0,29.5(0.00 %),0,0,0,0,5731318,35.78
28/10/2011,-200,-5800000,29(-1.69 %),0,0,200,5800000,5731518,35.77
31/10/2011,0,0,29.6(2.07 %),0,0,0,0,5731518,35.77
01/11/2011,0,0,31.2(4.35 %),0,0,0,0,5731418,35.78
02/11/2011,0,0,30(-3.85 %),0,0,0,0,5731418,35.78
03/11/2011,0,0,30(0.00 %),0,0,0,0,5731418,35.78
04/11/2011,0,0,29.3(-1.68 %),0,0,0,0,5731418,35.78
07/11/2011,0,0,30(0.67 %),0,0,0,0,5731418,35.78
08/11/2011,0,0,29.8(0.00 %),0,0,0,0,5731418,35.78
09/11/2011,0,0,29.4(0.00 %),0,0,0,0,5731418,35.78
10/11/2011,0,0,30(2.04 %),0,0,0,0,5731418,35.78
11/11/2011,0,0,29.1(0.00 %),0,0,0,0,5731418,35.78
14/11/2011,200,5760000,29.1(0.00 %),200,5760000,0,0,5731218,35.78
15/11/2011,1600,45600000,27(-6.90 %),1600,45600000,0,0,5729618,35.78
16/11/2011,2000,54000000,27(-5.59 %),2000,54000000,0,0,5727618,35.78
17/11/2011,0,0,27.1(-1.09 %),0,0,0,0,5727618,35.78
18/11/2011,55000,1486000000,27(-0.37 %),105000,2886000000,50000,1400000000,5672618,35.91
21/11/2011,56500,1525500000,27.3(0.00 %),56500,1525500000,0,0,5616118,36.04
22/11/2011,0,0,27.3(0.00 %),0,0,0,0,5616118,36.04
23/11/2011,0,0,27.3(0.00 %),0,0,0,0,5616118,36.04
24/11/2011,3800,105020000,28(2.56 %),3800,105020000,0,0,5612318,36.05
25/11/2011,0,0,29.1(6.59 %),0,0,0,0,5612318,36.05
28/11/2011,0,0,27.6(-2.82 %),0,0,0,0,5612318,36.05
29/11/2011,0,0,27.4(-2.84 %),0,0,0,0,5612318,36.05
30/11/2011,500,13700000,27.2(-2.86 %),500,13700000,0,0,5611818,36.05
01/12/2011,0,0,29.3(6.93 %),0,0,0,0,5612018,36.05
02/12/2011,0,0,29.3(0.00 %),0,0,0,0,5612018,36.05
05/12/2011,100,2900000,29(-1.02 %),100,2900000,0,0,5611918,36.05
06/12/2011,0,0,27.5(-5.17 %),0,0,0,0,5611918,36.05
07/12/2011,0,0,28.9(5.86 %),0,0,0,0,5611918,36.05
08/12/2011,0,0,30(3.81 %),0,0,0,0,5611918,36.05
09/12/2011,0,0,29(-3.33 %),0,0,0,0,5611918,36.05
12/12/2011,0,0,29.3(0.34 %),0,0,0,0,5611918,36.05
13/12/2011,0,0,29(-3.33 %),0,0,0,0,5611918,36.05
14/12/2011,0,0,29(0.00 %),0,0,0,0,5611918,36.05
15/12/2011,-600,-16380000,29(-1.02 %),0,0,600,16380000,5612518,36.05
16/12/2011,0,0,29(3.57 %),0,0,0,0,5612518,36.05
19/12/2011,0,0,30(4.17 %),0,0,0,0,5612518,36.05
20/12/2011,0,0,27.1(-6.55 %),0,0,0,0,5612518,36.05
21/12/2011,0,0,28.9(6.64 %),0,0,0,0,5612518,36.05
22/12/2011,-1200,-32280000,26.9(-5.28 %),0,0,1200,32280000,5613718,36.05
23/12/2011,6900,179870000,26.5(-3.64 %),6900,179870000,0,0,5606818,36.06
26/12/2011,-9800,-269980000,27.5(4.96 %),200,5020000,10000,275000000,5616618,36.04
27/12/2011,0,0,27.8(1.46 %),0,0,0,0,5616618,36.04
28/12/2011,0,0,30.8(6.57 %),0,0,0,0,5616618,36.04
29/12/2011,0,0,29(-3.65 %),0,0,0,0,5616618,36.04
30/12/2011,0,0,30(-5.36 %),0,0,0,0,5616618,36.04
03/01/2012,0,0,30.5(-6.73 %),0,0,0,0,5616618,36.04
04/01/2012,0,0,30.5(0.00 %),0,0,0,0,5616618,36.04
05/01/2012,0,0,28.5(-6.56 %),0,0,0,0,5616618,36.04
06/01/2012,-12300,-337840000,27.4(-6.80 %),500,13700000,12800,351540000,5628918,36.01
09/01/2012,0,0,27.5(0.00 %),0,0,0,0,5628918,36.01
10/01/2012,0,0,27(-1.82 %),0,0,0,0,5628918,36.01
11/01/2012,0,0,27.5(1.85 %),0,0,0,0,5628918,36.01
12/01/2012,0,0,27.5(0.73 %),0,0,0,0,5628918,36.01
13/01/2012,0,0,27.5(0.00 %),0,0,0,0,5628918,36.01
16/01/2012,0,0,28.7(4.36 %),0,0,0,0,5628918,36.01
17/01/2012,0,0,28.7(0.00 %),0,0,0,0,5628918,36.01
18/01/2012,0,0,28.8(0.00 %),0,0,0,0,5628918,36.01
19/01/2012,0,0,29(0.69 %),0,0,0,0,5628918,36.01
20/01/2012,0,0,28.4(-2.07 %),0,0,0,0,5628918,36.01
30/01/2012,0,0,29.3(0.00 %),0,0,0,0,5628918,36.01
31/01/2012,0,0,28.5(-2.73 %),0,0,0,0,5628918,36.01
01/02/2012,0,0,28.7(0.00 %),0,0,0,0,5628918,36.01
02/02/2012,0,0,30.5(6.27 %),0,0,0,0,5628918,36.01
03/02/2012,15000,460020000,30.7(0.99 %),15000,460020000,0,0,5613918,36.05
06/02/2012,0,0,30.7(0.00 %),0,0,0,0,5613918,36.05
07/02/2012,0,0,29.1(-5.21 %),0,0,0,0,5613918,36.05
08/02/2012,0,0,29.1(-3.00 %),0,0,0,0,5613918,36.05
09/02/2012,0,0,30(2.04 %),0,0,0,0,5613918,36.05
10/02/2012,0,0,29(-3.33 %),0,0,0,0,5613918,36.05
13/02/2012,1300,39530000,31.1(6.87 %),1500,45730000,200,6200000,5612618,36.05
14/02/2012,0,0,31.2(0.97 %),0,0,0,0,5612618,36.05
15/02/2012,0,0,31.4(1.29 %),0,0,0,0,5612618,36.05
16/02/2012,-89000,-2848000000,32.5(4.50 %),11000,352000000,100000,3200000000,5701618,35.84
17/02/2012,0,0,33.8(5.62 %),190000,6370000000,190000,6370000000,5701618,35.84
20/02/2012,4100,137350000,35.2(6.67 %),120300,4239210000,116200,4101860000,5697518,35.85
21/02/2012,0,0,34.8(0.58 %),0,0,0,0,5697518,35.85
22/02/2012,150300,5461430000,34.1(-0.87 %),152600,5539380000,2300,77950000,5547218,36.2
23/02/2012,-130000,-4406400000,33.9(-0.29 %),2000,68000000,132000,4474400000,5677218,35.9
24/02/2012,3000,102000000,34.2(0.88 %),3000,102000000,0,0,5674218,35.91
27/02/2012,1500,52700000,35.2(3.53 %),1500,52700000,0,0,5672718,35.91
28/02/2012,1500,53490000,36(4.05 %),1500,53490000,0,0,5671218,35.91
29/02/2012,117000,4445190000,38(6.74 %),180200,6846790000,63200,2401600000,5554218,36.18
01/03/2012,1100,42300000,38.8(3.74 %),1600,61800000,500,19500000,5489418,36.33
02/03/2012,-77000,-3083850000,40(3.09 %),0,0,77000,3083850000,5566418,36.16
05/03/2012,17100,718150000,42.5(5.99 %),57300,2406550000,40200,1688400000,5549318,36.2
06/03/2012,-1200,-27890000,44.5(5.95 %),100000,4490000000,101200,4517890000,5550518,36.19
07/03/2012,34700,1551090000,44.7(0.00 %),34700,1551090000,0,0,5515818,36.27
08/03/2012,120400,5418000000,41.5(-2.81 %),120400,5418000000,0,0,5395418,36.55
09/03/2012,0,0,43(0.47 %),0,0,0,0,5395418,36.55
12/03/2012,2000,101710000,43(1.65 %),27000,1119720000,25000,1018010000,5393418,36.55
13/03/2012,20000,880000000,43(4.37 %),20000,880000000,0,0,5373418,36.6
14/03/2012,200,9320000,42.6(-2.74 %),20000,935960000,19800,926640000,5373218,36.6
15/03/2012,4335600,205435650000,43.8(-4.99 %),9824300,463071800000,5488700,257636150000,1037618,46.61
16/03/2012,0,0,42.5(-2.52 %),0,0,0,0,1037618,46.61
19/03/2012,0,0,42.4(2.42 %),0,0,0,0,1037618,46.61
20/03/2012,700,30070000,44(5.01 %),1500,65270000,800,35200000,1036918,46.61
21/03/2012,1500,66200000,44.3(1.84 %),1500,66200000,0,0,1035418,46.61
22/03/2012,0,0,42(-5.19 %),0,0,0,0,1035418,46.61
23/03/2012,5900,263200000,44.8(6.67 %),5900,263200000,0,0,1029518,46.62
26/03/2012,16800,775200000,47.1(6.80 %),17300,798750000,500,23550000,1012718,46.66
27/03/2012,7200,340380000,47.3(0.42 %),7200,340380000,0,0,1005518,46.68
28/03/2012,-19900,-936390000,48(1.48 %),7500,360270000,27400,1296660000,1025418,46.63
29/03/2012,5000,232300000,45(-6.25 %),5000,232300000,0,0,1020418,46.65
30/03/2012,2000,88520000,47.5(4.17 %),14500,651020000,12500,562500000,1018418,46.65
03/04/2012,12000,558400000,46.5(-1.48 %),12000,558400000,0,0,1030218,46.62
04/04/2012,6800,311530000,47(1.08 %),6800,311530000,0,0,1023418,46.64
05/04/2012,-7400,-346960000,46.5(-0.43 %),1000,47000000,8400,393960000,1030818,46.62
06/04/2012,20000,930000000,46.5(0.00 %),20000,930000000,0,0,1010818,46.67
09/04/2012,23000,1059400000,46.2(-0.65 %),23000,1059400000,0,0,987818,46.72
10/04/2012,36300,1705210000,47.5(3.04 %),36300,1705210000,0,0,951518,46.8
11/04/2012,-31400,-1424400000,45(-4.46 %),30000,1388000000,61400,2812400000,982918,46.73
12/04/2012,-59200,-2697160000,45.5(-0.22 %),20000,915000000,79200,3612160000,1042118,46.6
13/04/2012,0,0,46.5(2.20 %),0,0,0,0,1042118,46.6
16/04/2012,0,0,46.2(-0.65 %),0,0,0,0,1042118,46.6
17/04/2012,0,0,44.7(-3.25 %),0,0,0,0,1042118,46.6
18/04/2012,-2600,-117000000,44.6(-0.22 %),0,0,2600,117000000,1044718,46.59
19/04/2012,0,0,44.1(-1.12 %),0,0,0,0,1044718,46.59
20/04/2012,2900,129230000,45(2.04 %),2900,129230000,0,0,1041818,46.6
23/04/2012,3000,137430000,45.9(2.23 %),3000,137430000,0,0,1038818,46.6
24/04/2012,4600,204200000,45.6(-0.22 %),4600,204200000,0,0,1034218,46.61
25/04/2012,25000,1154690000,47.2(3.51 %),25400,1172970000,400,18280000,1009218,46.67
26/04/2012,7900,372340000,47.2(0.00 %),7900,372340000,0,0,1001318,46.69
27/04/2012,22500,1074340000,47.6(0.00 %),22500,1074340000,0,0,978818,46.74
02/05/2012,13000,617350000,50.9(6.93 %),14000,666850000,1000,49500000,1004318,46.68
03/05/2012,-11400,-545560000,48.5(-3.96 %),2900,143530000,14300,689090000,1015718,46.66
04/05/2012,707900,33998100000,50(3.95 %),710900,34142450000,3000,144350000,307818,48.29
07/05/2012,22900,1164090000,49.9(-0.20 %),24900,1264590000,2000,100500000,284918,48.34
08/05/2012,20200,1019980000,49.8(-0.40 %),36600,1831710000,16400,811730000,264718,48.39
09/05/2012,16100,786380000,48.7(-0.20 %),16100,786380000,0,0,248618,48.43
10/05/2012,38600,1904110000,48.7(0.00 %),48600,2400110000,10000,496000000,210018,48.52
11/05/2012,17600,833440000,47.1(-3.29 %),17600,833440000,0,0,192418,48.56
14/05/2012,12000,566100000,48.7(3.40 %),12000,566100000,0,0,180418,48.58
15/05/2012,2200,101060000,45.3(-6.98 %),2200,101060000,0,0,178218,48.59
16/05/2012,18600,803880000,44(-2.87 %),18600,803880000,0,0,159618,48.63
17/05/2012,53600,2349960000,44(1.85 %),53600,2349960000,0,0,106018,48.76
18/05/2012,12500,535050000,42.5(-2.75 %),60000,2554200000,47500,2019150000,93518,48.78
21/05/2012,23000,991070000,45.1(6.12 %),23000,991070000,0,0,70518,48.84
22/05/2012,24400,1081270000,43.5(-3.33 %),24400,1081270000,0,0,46118,48.89
23/05/2012,0,0,41(-5.75 %),0,0,0,0,46118,48.89
24/05/2012,30700,1335190000,43.7(6.59 %),31200,1356690000,500,21500000,15418,48.96
25/05/2012,10500,446500000,42.2(-3.43 %),10500,446500000,0,0,4918,48.99
28/05/2012,2100,88150000,40.5(-5.59 %),2100,88150000,0,0,2818,48.99
29/05/2012,800,32300000,40.4(-3.12 %),800,32300000,0,0,2018,49.0
30/05/2012,200,8100000,42(3.70 %),200,8100000,0,0,1818,49.0
31/05/2012,1400,55250000,39(-2.99 %),1400,55250000,0,0,418,49.0
01/06/2012,0,0,39.3(0.00 %),0,0,0,0,1818,49.0
04/06/2012,0,0,40.5(3.05 %),0,0,0,0,1818,49.0
05/06/2012,0,0,42(3.70 %),0,0,0,0,1818,49.0
06/06/2012,0,0,41.8(-0.48 %),0,0,0,0,1818,49.0
07/06/2012,100,4060000,42.6(1.91 %),100,4060000,0,0,1718,49.0
08/06/2012,1000,40900000,40.8(-4.23 %),1000,40900000,0,0,718,49.0
11/06/2012,0,0,40.9(0.00 %),0,0,0,0,718,49.0
12/06/2012,200,8000000,40(-2.20 %),200,8000000,0,0,518,49.0
13/06/2012,0,0,40(0.00 %),0,0,0,0,518,49.0
14/06/2012,100,3950000,40(0.00 %),100,3950000,0,0,418,49.0
15/06/2012,-1200,-47350000,38.9(-2.75 %),0,0,1200,47350000,1618,49.0
18/06/2012,0,0,38.9(0.00 %),0,0,0,0,1618,49.0
19/06/2012,200,7600000,38(-2.31 %),200,7600000,0,0,1418,49.0
20/06/2012,0,0,40(5.26 %),0,0,0,0,1418,49.0
21/06/2012,0,0,40(0.00 %),15800,676240000,15800,676240000,1418,49.0
22/06/2012,-100,-4170000,41.7(4.25 %),0,0,100,4170000,1518,49.0
25/06/2012,0,0,39.3(-5.76 %),0,0,0,0,1518,49.0
26/06/2012,500,19300000,38.6(-1.78 %),500,19300000,0,0,1018,49.0
27/06/2012,0,0,38.5(-0.26 %),0,0,0,0,1018,49.0
28/06/2012,500,19000000,39.3(2.08 %),500,19000000,0,0,518,49.0
29/06/2012,0,0,39.3(0.00 %),0,0,0,0,518,49.0
02/07/2012,0,0,39.3(0.00 %),0,0,0,0,518,49.0
03/07/2012,0,0,39(-0.76 %),0,0,0,0,518,49.0
04/07/2012,500,19000000,38(-2.56 %),500,19000000,0,0,18,49.0
05/07/2012,0,0,38.5(1.32 %),0,0,0,0,18,49.0
06/07/2012,0,0,38.2(-0.78 %),0,0,0,0,18,49.0
09/07/2012,0,0,38.2(0.00 %),0,0,0,0,18,49.0
10/07/2012,0,0,37(-3.14 %),0,0,0,0,18,49.0
11/07/2012,0,0,37.1(0.27 %),0,0,0,0,18,49.0
12/07/2012,0,0,38.8(4.58 %),0,0,0,0,18,49.0
13/07/2012,0,0,39.8(2.58 %),0,0,0,0,18,49.0
16/07/2012,0,0,37.3(-6.28 %),0,0,0,0,18,49.0
17/07/2012,-400,-15600000,39.5(5.90 %),0,0,400,15600000,418,49.0
18/07/2012,0,0,39(-0.26 %),0,0,0,0,418,49.0
19/07/2012,0,0,39.2(0.51 %),0,0,0,0,418,49.0
20/07/2012,0,0,39(-0.51 %),0,0,0,0,418,49.0
23/07/2012,0,0,38.9(-0.26 %),0,0,0,0,418,49.0
24/07/2012,0,0,36.5(-5.68 %),0,0,0,0,418,49.0
25/07/2012,0,0,35.7(-2.19 %),0,0,0,0,418,49.0
26/07/2012,-100,-3700000,37(3.64 %),0,0,100,3700000,518,49.0
27/07/2012,400,14170000,35.5(-4.05 %),400,14170000,0,0,118,49.0
30/07/2012,0,0,34.1(-3.94 %),0,0,0,0,118,49.0
31/07/2012,0,0,34.1(0.00 %),0,0,0,0,118,49.0
01/08/2012,0,0,33.5(-1.76 %),0,0,0,0,118,49.0
02/08/2012,0,0,34.9(4.18 %),0,0,0,0,118,49.0
03/08/2012,-200,-7000000,35(0.29 %),0,0,200,7000000,318,49.0
06/08/2012,0,0,37(5.71 %),0,0,0,0,318,49.0
07/08/2012,-1500,-52750000,36(-2.70 %),0,0,1500,52750000,1818,49.0
08/08/2012,0,0,37.1(3.06 %),0,0,0,0,1818,49.0
09/08/2012,0,0,36(-2.96 %),0,0,0,0,1818,49.0
10/08/2012,0,0,36(0.00 %),0,0,0,0,1818,49.0
13/08/2012,0,0,36(0.00 %),0,0,0,0,1818,49.0
14/08/2012,0,0,36(0.00 %),0,0,0,0,1818,49.0
15/08/2012,1800,66600000,37(2.78 %),1800,66600000,0,0,18,49.0
16/08/2012,0,0,36.8(-0.54 %),0,0,0,0,18,49.0
17/08/2012,0,0,36.8(0.00 %),0,0,0,0,18,49.0
20/08/2012,0,0,36.5(-0.82 %),0,0,0,0,18,49.0
21/08/2012,0,0,35.6(-2.47 %),0,0,0,0,18,49.0
22/08/2012,0,0,35.6(-0.56 %),0,0,0,0,18,49.0
23/08/2012,0,0,33.3(-6.46 %),0,0,0,0,18,49.0
24/08/2012,0,0,34.1(2.40 %),0,0,0,0,18,49.0
27/08/2012,0,0,32.9(-3.52 %),0,0,0,0,18,49.0
28/08/2012,0,0,33.4(0.00 %),0,0,0,0,18,49.0
29/08/2012,0,0,35.3(5.69 %),0,0,0,0,18,49.0
30/08/2012,0,0,35.2(0.00 %),0,0,0,0,18,49.0
31/08/2012,0,0,35.2(0.00 %),0,0,0,0,18,49.0
04/09/2012,0,0,34.1(-3.12 %),0,0,0,0,18,49.0
05/09/2012,0,0,34.5(4.23 %),0,0,0,0,18,49.0
06/09/2012,0,0,32.6(-5.51 %),0,0,0,0,18,49.0
07/09/2012,0,0,32.5(-0.31 %),0,0,0,0,18,49.0
10/09/2012,0,0,32.3(-0.62 %),0,0,0,0,18,49.0
11/09/2012,0,0,31(-4.02 %),0,0,0,0,18,49.0
12/09/2012,0,0,31.1(0.32 %),0,0,0,0,18,49.0
13/09/2012,0,0,32(2.89 %),0,0,0,0,18,49.0
14/09/2012,0,0,33.8(5.62 %),0,0,0,0,18,49.0
17/09/2012,-300,-9690000,32.2(-4.73 %),0,0,300,9690000,318,49.0
18/09/2012,0,0,32(-0.62 %),0,0,0,0,318,49.0
19/09/2012,0,0,31.5(-1.56 %),0,0,0,0,318,49.0
20/09/2012,-800,-25200000,31.2(-0.95 %),0,0,800,25200000,1118,49.0
21/09/2012,0,0,31.4(0.00 %),0,0,0,0,1118,49.0
24/09/2012,0,0,31(-1.27 %),0,0,0,0,1118,49.0
25/09/2012,0,0,31(0.00 %),0,0,0,0,1118,49.0
26/09/2012,0,0,30.3(-2.26 %),0,0,0,0,1118,49.0
27/09/2012,0,0,30.5(0.66 %),0,0,0,0,1118,49.0
28/09/2012,0,0,31.1(1.97 %),0,0,0,0,1118,49.0
01/10/2012,1100,34320000,31(0.00 %),1100,34320000,0,0,18,49.0
02/10/2012,0,0,31(0.00 %),0,0,0,0,18,49.0
03/10/2012,0,0,30.1(-2.90 %),0,0,0,0,18,49.0
04/10/2012,0,0,31.9(5.98 %),0,0,0,0,18,49.0
05/10/2012,0,0,31.9(0.00 %),0,0,0,0,18,49.0
08/10/2012,0,0,29.8(-6.58 %),0,0,0,0,18,49.0
09/10/2012,0,0,30(0.33 %),0,0,0,0,18,49.0
10/10/2012,0,0,30(2.04 %),0,0,0,0,18,49.0
11/10/2012,0,0,29.7(-1.00 %),0,0,0,0,18,49.0
12/10/2012,0,0,30.9(4.04 %),0,0,0,0,18,49.0
15/10/2012,0,0,29.7(-3.57 %),0,0,0,0,18,49.0
16/10/2012,0,0,30.9(4.04 %),0,0,0,0,18,49.0
17/10/2012,0,0,30.1(-2.59 %),0,0,0,0,18,49.0
18/10/2012,0,0,30.2(0.33 %),0,0,0,0,18,49.0
19/10/2012,0,0,30.2(0.00 %),80000,2584000000,80000,2584000000,18,49.0
22/10/2012,0,0,30.2(0.00 %),0,0,0,0,18,49.0
23/10/2012,0,0,30.9(2.32 %),0,0,0,0,18,49.0
24/10/2012,0,0,30.7(0.66 %),0,0,0,0,18,49.0
25/10/2012,0,0,30.1(-1.95 %),0,0,0,0,18,49.0
26/10/2012,0,0,30.1(0.00 %),0,0,0,0,18,49.0
29/10/2012,0,0,30.2(0.33 %),0,0,0,0,18,49.0
30/10/2012,0,0,30(-0.66 %),0,0,0,0,18,49.0
31/10/2012,0,0,29.7(-1.00 %),0,0,0,0,18,49.0
01/11/2012,0,0,30.1(1.01 %),0,0,0,0,18,49.0
02/11/2012,-100,-3000000,29.8(-1.00 %),0,0,100,3000000,118,49.0
05/11/2012,0,0,31(4.03 %),0,0,0,0,118,49.0
06/11/2012,-100,-3020000,30.2(-1.63 %),0,0,100,3020000,218,49.0
07/11/2012,0,0,30.6(1.32 %),0,0,0,0,218,49.0
08/11/2012,0,0,30.6(0.00 %),0,0,0,0,218,49.0
09/11/2012,0,0,31.7(3.59 %),0,0,0,0,218,49.0
12/11/2012,0,0,31.7(0.63 %),0,0,0,0,218,49.0
13/11/2012,0,0,31.4(-0.95 %),0,0,0,0,218,49.0
14/11/2012,0,0,31.4(0.00 %),0,0,0,0,218,49.0
15/11/2012,0,0,31.5(0.32 %),0,0,0,0,218,49.0
16/11/2012,0,0,31.5(0.00 %),0,0,0,0,218,49.0
19/11/2012,0,0,31.3(-0.63 %),0,0,0,0,218,49.0
20/11/2012,-400,-12600000,31.5(0.00 %),0,0,400,12600000,618,49.0
21/11/2012,0,0,31.5(0.00 %),0,0,0,0,618,49.0
22/11/2012,0,0,31.5(0.00 %),0,0,0,0,618,49.0
23/11/2012,-400,-12800000,31.8(0.95 %),0,0,400,12800000,1018,49.0
26/11/2012,-500,-16250000,31.8(-0.62 %),0,0,500,16250000,1518,49.0
27/11/2012,0,0,31.6(-0.94 %),0,0,0,0,1518,49.0
28/11/2012,0,0,31.2(-1.27 %),0,0,0,0,1518,49.0
29/11/2012,0,0,31.3(0.32 %),0,0,0,0,1518,49.0
30/11/2012,0,0,31.4(0.32 %),0,0,0,0,1518,49.0
03/12/2012,0,0,31.4(0.00 %),0,0,0,0,1518,49.0
04/12/2012,0,0,31.6(0.64 %),0,0,0,0,1518,49.0
05/12/2012,0,0,32.8(3.80 %),0,0,0,0,1518,49.0
06/12/2012,0,0,32.3(-1.52 %),0,0,0,0,1518,49.0
07/12/2012,1500,48450000,31.6(-2.17 %),1500,48450000,0,0,18,49.0
10/12/2012,0,0,32.5(2.85 %),0,0,0,0,18,49.0
11/12/2012,0,0,31.8(-2.15 %),0,0,0,0,18,49.0
12/12/2012,0,0,33.5(5.35 %),0,0,0,0,18,49.0
13/12/2012,0,0,33(-1.20 %),0,0,0,0,18,49.0
14/12/2012,0,0,32.3(0.94 %),0,0,0,0,18,49.0
17/12/2012,0,0,32.2(-0.31 %),0,0,0,0,18,49.0
18/12/2012,0,0,32.5(0.93 %),0,0,0,0,18,49.0
19/12/2012,0,0,33(1.54 %),0,0,0,0,18,49.0
20/12/2012,-2000,-66000000,33.6(1.82 %),0,0,2000,66000000,2018,49.0
21/12/2012,0,0,34(1.19 %),54900,1866600000,54900,1866600000,2018,49.0
24/12/2012,0,0,33.3(-2.06 %),0,0,0,0,2018,49.0
25/12/2012,0,0,33.2(-0.30 %),0,0,0,0,2018,49.0
26/12/2012,0,0,34.5(3.92 %),0,0,0,0,2018,49.0
27/12/2012,500,17000000,34(-0.87 %),500,17000000,0,0,1518,49.0
28/12/2012,0,0,34(0.00 %),0,0,0,0,1518,49.0
02/01/2013,0,0,34(0.00 %),0,0,0,0,1518,49.0
03/01/2013,0,0,34(0.00 %),0,0,0,0,1518,49.0
04/01/2013,0,0,34.5(1.47 %),0,0,0,0,1518,49.0
07/01/2013,100,3690000,34.3(-0.58 %),100,3690000,0,0,1418,49.0
08/01/2013,0,0,36.7(7.00 %),0,0,0,0,1418,49.0
09/01/2013,500,18360000,37.5(2.18 %),500,18360000,0,0,918,49.0
10/01/2013,0,0,38(1.33 %),0,0,0,0,918,49.0
11/01/2013,0,0,38(0.00 %),0,0,0,0,918,49.0
14/01/2013,0,0,37(-2.63 %),0,0,0,0,918,49.0
15/01/2013,-1200,-41470000,38.2(3.24 %),0,0,1200,41470000,2118,49.0
16/01/2013,0,0,38.6(1.05 %),0,0,0,0,2118,49.0
17/01/2013,0,0,36.5(-5.19 %),0,0,0,0,2118,49.0
18/01/2013,-300,-10950000,37(1.37 %),0,0,300,10950000,2418,48.99
21/01/2013,0,0,37.3(0.81 %),0,0,0,0,2418,48.99
22/01/2013,-1500,-55700000,37.1(-0.54 %),0,0,1500,55700000,3918,48.99
23/01/2013,-300,-11160000,38.3(3.23 %),0,0,300,11160000,4218,48.99
24/01/2013,0,0,38.7(1.04 %),0,0,0,0,4218,48.99
25/01/2013,2000,78000000,41(5.94 %),2000,78000000,0,0,2218,48.99
28/01/2013,0,0,42.5(3.66 %),0,0,0,0,2218,48.99
29/01/2013,2200,102740000,39.6(-6.82 %),2200,102740000,0,0,18,49.0
30/01/2013,0,0,39.6(0.00 %),0,0,0,0,18,49.0
31/01/2013,0,0,40(1.01 %),0,0,0,0,18,49.0
01/02/2013,0,0,43(8.31 %),0,0,0,0,18,49.0
04/02/2013,0,0,42.9(-1.38 %),838200,39996860000,838200,39996860000,18,49.0
05/02/2013,0,0,43(0.23 %),0,0,0,0,18,49.0
06/02/2013,0,0,42.8(0.00 %),0,0,0,0,18,49.0
07/02/2013,0,0,42.8(0.00 %),0,0,0,0,18,49.0
08/02/2013,0,0,42.5(-0.70 %),0,0,0,0,18,49.0
18/02/2013,0,0,42(-1.64 %),0,0,0,0,18,49.0
19/02/2013,0,0,42.5(1.19 %),0,0,0,0,18,49.0
20/02/2013,0,0,42.5(0.00 %),0,0,0,0,18,49.0
21/02/2013,0,0,41(-3.53 %),0,0,0,0,18,49.0
22/02/2013,-2000,-79400000,39.6(-3.41 %),0,0,2000,79400000,2018,49.0
25/02/2013,-1000,-39350000,39.1(-1.26 %),0,0,1000,39350000,3018,48.99
26/02/2013,0,0,38(-3.06 %),0,0,0,0,3018,48.99
27/02/2013,0,0,37.9(-0.26 %),143700,6006660000,143700,6006660000,3018,48.99
28/02/2013,0,0,37.9(0.00 %),0,0,0,0,3018,48.99
01/03/2013,0,0,37.5(-1.06 %),0,0,0,0,3018,48.99
04/03/2013,2000,84300000,41.8(8.01 %),2000,84300000,0,0,1018,49.0
05/03/2013,0,0,41.5(0.00 %),0,0,0,0,1018,49.0
06/03/2013,0,0,41.5(0.00 %),0,0,0,0,1018,49.0
07/03/2013,-100,-4150000,41.5(0.00 %),0,0,100,4150000,1118,49.0
08/03/2013,1000,41500000,44.4(6.99 %),1000,41500000,0,0,118,49.0
11/03/2013,0,0,43(0.23 %),0,0,0,0,118,49.0
12/03/2013,0,0,41.3(-6.77 %),407100,19540800000,407100,19540800000,118,49.0
13/03/2013,-1000,-42000000,41.9(1.45 %),0,0,1000,42000000,1118,49.0
14/03/2013,-3700,-152450000,42(0.72 %),0,0,3700,152450000,4818,48.99
15/03/2013,0,0,43.4(3.33 %),0,0,0,0,4818,48.99
18/03/2013,0,0,43.6(0.46 %),39800,1898460000,39800,1898460000,4818,48.99
19/03/2013,0,0,44(0.92 %),0,0,0,0,4818,48.99
20/03/2013,4800,212500000,43.4(-0.69 %),144800,6912500000,140000,6700000000,18,49.0
21/03/2013,0,0,43.5(0.23 %),0,0,0,0,18,49.0
22/03/2013,0,0,42.7(-1.84 %),0,0,0,0,18,49.0
25/03/2013,0,0,42.7(0.00 %),450700,19244890000,450700,19244890000,18,49.0
26/03/2013,0,0,42.9(0.47 %),273300,11669910000,273300,11669910000,18,49.0
27/03/2013,0,0,42.8(0.23 %),0,0,0,0,18,49.0
28/03/2013,0,0,42.1(-1.64 %),0,0,0,0,18,49.0
29/03/2013,-4000,-153390000,42.2(0.24 %),0,0,4000,153390000,4018,48.99
01/04/2013,0,0,42.5(0.71 %),0,0,0,0,18,49.0
02/04/2013,0,0,43.2(1.65 %),0,0,0,0,18,49.0
03/04/2013,0,0,43.7(1.16 %),0,0,0,0,18,49.0
04/04/2013,4000,176000000,43.2(-1.14 %),4000,176000000,0,0,0,49.01
05/04/2013,0,0,43(-0.46 %),0,0,0,0,18,49.0
08/04/2013,0,0,42.6(-0.93 %),0,0,0,0,18,49.0
09/04/2013,0,0,43.2(1.41 %),0,0,0,0,18,49.0
10/04/2013,0,0,42.5(-1.16 %),0,0,0,0,18,49.0
11/04/2013,0,0,43(1.18 %),0,0,0,0,18,49.0
12/04/2013,0,0,44(2.33 %),0,0,0,0,18,49.0
15/04/2013,0,0,43(-1.83 %),1037000,45420600000,1037000,45420600000,18,49.0
16/04/2013,0,0,43.5(1.16 %),0,0,0,0,18,49.0
17/04/2013,0,0,44(2.09 %),0,0,0,0,18,49.0
18/04/2013,0,0,43.8(-0.23 %),0,0,0,0,18,49.0
22/04/2013,0,0,43.8(0.00 %),0,0,0,0,18,49.0
23/04/2013,0,0,44(0.46 %),0,0,0,0,18,49.0
24/04/2013,0,0,42.6(-3.18 %),0,0,0,0,18,49.0
25/04/2013,0,0,43.4(1.88 %),0,0,0,0,18,49.0
26/04/2013,0,0,43(-0.92 %),0,0,0,0,18,49.0
02/05/2013,0,0,43(0.00 %),0,0,0,0,18,49.0
03/05/2013,0,0,43(0.00 %),0,0,0,0,18,49.0
06/05/2013,0,0,43.8(1.86 %),0,0,0,0,18,49.0
07/05/2013,0,0,44(0.46 %),0,0,0,0,18,49.0
08/05/2013,0,0,43.1(-1.60 %),0,0,0,0,18,49.0
09/05/2013,0,0,43.5(0.93 %),0,0,0,0,18,49.0
10/05/2013,0,0,43.5(0.00 %),0,0,0,0,18,49.0
13/05/2013,0,0,42.1(-3.44 %),0,0,0,0,18,49.0
14/05/2013,0,0,42.2(0.24 %),0,0,0,0,18,49.0
15/05/2013,0,0,43(1.90 %),0,0,0,0,18,49.0
16/05/2013,0,0,43.4(0.93 %),0,0,0,0,18,49.0
17/05/2013,0,0,43.4(0.46 %),0,0,0,0,18,49.0
20/05/2013,-200,-8640000,43.4(0.00 %),0,0,200,8640000,218,49.0
21/05/2013,0,0,43.9(1.39 %),0,0,0,0,218,49.0
22/05/2013,0,0,43.1(-1.60 %),0,0,0,0,218,49.0
23/05/2013,0,0,43.5(0.93 %),0,0,0,0,218,49.0
24/05/2013,0,0,44.5(2.30 %),0,0,0,0,218,49.0
27/05/2013,0,0,45.6(2.47 %),0,0,0,0,218,49.0
28/05/2013,0,0,47.7(4.61 %),0,0,0,0,218,49.0
29/05/2013,0,0,48.5(1.68 %),0,0,0,0,218,49.0
30/05/2013,0,0,48(-1.03 %),0,0,0,0,218,49.0
31/05/2013,0,0,45.3(-5.62 %),0,0,0,0,218,49.0
03/06/2013,0,0,45.4(0.22 %),0,0,0,0,218,49.0
04/06/2013,0,0,46.2(1.76 %),0,0,0,0,218,49.0
05/06/2013,200,9100000,45.8(-0.22 %),200,9100000,0,0,18,49.0
06/06/2013,0,0,47(2.84 %),0,0,0,0,18,49.0
07/06/2013,0,0,46(2.22 %),0,0,0,0,18,49.0
10/06/2013,0,0,48.5(5.43 %),0,0,0,0,18,49.0
11/06/2013,0,0,47.4(0.00 %),0,0,0,0,18,49.0
12/06/2013,-1600,-79640000,49.7(4.85 %),0,0,1600,79640000,1618,49.0
13/06/2013,-200,-10240000,51.2(4.28 %),0,0,200,10240000,1818,49.0
14/06/2013,0,0,52(0.97 %),0,0,0,0,1818,49.0
17/06/2013,0,0,49(-5.77 %),0,0,0,0,1818,49.0
18/06/2013,0,0,48.7(-0.61 %),0,0,0,0,1818,49.0
19/06/2013,0,0,47.9(-1.64 %),239200,12199200000,239200,12199200000,1818,49.0
20/06/2013,0,0,46.8(-0.64 %),0,0,0,0,1818,49.0
21/06/2013,0,0,46.9(1.30 %),0,0,0,0,1818,49.0
24/06/2013,0,0,47.1(0.43 %),0,0,0,0,1818,49.0
25/06/2013,0,0,46.3(-1.70 %),0,0,0,0,1818,49.0
26/06/2013,0,0,46.4(0.22 %),0,0,0,0,1818,49.0
27/06/2013,0,0,47(1.29 %),0,0,0,0,1818,49.0
28/06/2013,0,0,46(-1.50 %),0,0,0,0,1818,49.0
01/07/2013,-200,-9220000,46.1(0.22 %),0,0,200,9220000,1818,49.0
02/07/2013,0,0,47.3(2.60 %),0,0,0,0,1818,49.0
03/07/2013,0,0,46.8(-0.64 %),0,0,0,0,1818,49.0
04/07/2013,0,0,46.3(-0.43 %),0,0,0,0,1818,49.0
05/07/2013,2000,93800000,47(1.51 %),2000,93800000,0,0,0,49.0
08/07/2013,0,0,47(0.00 %),0,0,0,0,18,49.0
09/07/2013,0,0,47(0.00 %),0,0,0,0,18,49.0
10/07/2013,0,0,46.9(0.00 %),0,0,0,0,18,49.0
11/07/2013,0,0,47.4(1.07 %),0,0,0,0,18,49.0
12/07/2013,0,0,48.2(1.69 %),0,0,0,0,18,49.0
15/07/2013,0,0,47(-2.29 %),0,0,0,0,18,49.0
16/07/2013,-1200,-55200000,47.5(0.42 %),0,0,1200,55200000,1218,49.0
17/07/2013,0,0,47(-1.05 %),0,0,0,0,1218,49.0
18/07/2013,0,0,47.3(0.64 %),0,0,0,0,1218,49.0
19/07/2013,0,0,48.5(2.75 %),0,0,0,0,1218,49.0
22/07/2013,-200,-10400000,51.2(5.57 %),0,0,200,10400000,1418,49.0
23/07/2013,0,0,53.9(5.27 %),0,0,0,0,1418,49.0
24/07/2013,0,0,52(-3.53 %),0,0,0,0,1418,49.0
25/07/2013,-7000,-360010000,51.2(-1.54 %),0,0,7000,360010000,8418,48.98
26/07/2013,0,0,50.8(-0.39 %),0,0,0,0,8418,48.98
29/07/2013,0,0,50.3(-0.98 %),0,0,0,0,8418,48.98
30/07/2013,0,0,50.5(0.40 %),0,0,0,0,8418,48.98
31/07/2013,100,5110000,53(4.95 %),100,5110000,0,0,8318,48.98
01/08/2013,200,10600000,53.1(0.19 %),200,10600000,0,0,1418,49.0
02/08/2013,700,37450000,56.6(6.59 %),700,37450000,0,0,718,49.0
05/08/2013,2000,113400000,61.3(8.30 %),2000,113400000,0,0,0,49.0
06/08/2013,-1100,-67660000,61.5(0.33 %),200,12340000,1300,80000000,1418,49.0
07/08/2013,0,0,59.1(-3.90 %),0,0,0,0,1418,49.0
08/08/2013,300,17700000,59(-0.17 %),300,17700000,0,0,1118,49.0
09/08/2013,-2000,-119900000,59.7(1.19 %),200,11900000,2200,131800000,3118,48.99
12/08/2013,-800,-48400000,60.9(2.01 %),0,0,800,48400000,3918,48.99
13/08/2013,500,30500000,60.5(-0.66 %),500,30500000,0,0,3418,48.99
14/08/2013,0,0,60.4(-0.17 %),0,0,0,0,3418,48.99
15/08/2013,0,0,61.5(1.82 %),0,0,0,0,3418,48.99
16/08/2013,8500,524450000,61.7(0.33 %),38500,2384450000,30000,1860000000,0,49.01
19/08/2013,0,0,63.5(2.92 %),100000,6300000000,100000,6300000000,1418,49.0
20/08/2013,0,0,62(-2.36 %),100000,6300000000,100000,6300000000,1418,49.0
21/08/2013,-2000,-124000000,62(0.00 %),0,0,2000,124000000,3418,48.99
22/08/2013,-200,-12000000,60(-3.23 %),0,0,200,12000000,3618,48.99
23/08/2013,0,0,62.6(4.33 %),0,0,0,0,3618,48.99
26/08/2013,0,0,65(3.83 %),0,0,0,0,3618,48.99
27/08/2013,-625100,-39381300000,63(-3.08 %),0,0,625100,39381300000,628718,47.55
28/08/2013,-500,-30500000,63(0.00 %),0,0,500,30500000,629218,47.55
29/08/2013,0,0,57(-9.52 %),0,0,0,0,629218,47.55
30/08/2013,0,0,58(1.75 %),0,0,0,0,629218,47.55
03/09/2013,0,0,58(0.00 %),0,0,0,0,1418,49.0
04/09/2013,0,0,56.3(-2.93 %),0,0,0,0,1418,49.0
05/09/2013,0,0,57.3(1.78 %),0,0,0,0,1418,49.0
06/09/2013,0,0,56(-2.27 %),0,0,0,0,1418,49.0
09/09/2013,0,0,54(-3.57 %),0,0,0,0,1418,49.0
10/09/2013,0,0,55.2(2.22 %),0,0,0,0,1418,49.0
11/09/2013,0,0,56.9(3.08 %),0,0,0,0,1418,49.0
12/09/2013,0,0,56.4(-0.88 %),0,0,0,0,1418,49.0
13/09/2013,-100,-5690000,58(2.84 %),0,0,100,5690000,1518,49.0
16/09/2013,0,0,58(0.00 %),0,0,0,0,1518,49.0
17/09/2013,0,0,58.5(0.86 %),0,0,0,0,1518,49.0
18/09/2013,0,0,58.9(0.68 %),0,0,0,0,1518,49.0
19/09/2013,0,0,60(1.87 %),0,0,0,0,1518,49.0
20/09/2013,0,0,59(-1.67 %),0,0,0,0,1518,49.0
23/09/2013,2100,123920000,59.2(0.34 %),2100,123920000,0,0,0,49.0
24/09/2013,0,0,59.5(0.51 %),0,0,0,0,1418,49.0
25/09/2013,6800,404420000,60.4(1.51 %),7000,416500000,200,12080000,0,49.01
26/09/2013,7000,416500000,59.9(-0.83 %),7000,416500000,0,0,1418,49.0
27/09/2013,7100,418900000,59.4(-0.83 %),7100,418900000,0,0,0,49.01
30/09/2013,0,0,59.3(-0.17 %),0,0,0,0,1418,49.0
01/10/2013,7000,415100000,58(-2.19 %),7000,415100000,0,0,1418,49.0
02/10/2013,0,0,58.7(1.21 %),0,0,0,0,1418,49.0
03/10/2013,0,0,59.1(0.68 %),0,0,0,0,1418,49.0
04/10/2013,4300,254120000,60.6(2.54 %),4300,254120000,0,0,0,49.01
07/10/2013,0,-270000,62.5(3.14 %),300,18180000,300,18450000,1418,49.0
08/10/2013,0,0,62.4(-0.16 %),0,0,0,0,1418,49.0
09/10/2013,900,56160000,61.5(-1.44 %),900,56160000,0,0,518,49.0
10/10/2013,-200,-12260000,61.6(0.16 %),0,0,200,12260000,718,49.0
11/10/2013,6800,414800000,60.7(-1.46 %),6800,414800000,0,0,0,49.01
14/10/2013,0,0,60(-1.15 %),0,0,0,0,1418,49.0
15/10/2013,0,0,60.5(0.83 %),0,0,0,0,1418,49.0
16/10/2013,6900,417450000,60.4(-0.17 %),6900,417450000,0,0,0,49.01
17/10/2013,6600,392500000,59.5(-1.49 %),7000,416500000,400,24000000,1418,49.0
18/10/2013,0,0,59.5(0.00 %),0,0,0,0,1418,49.0
21/10/2013,6000,358040000,59.8(0.50 %),6000,358040000,0,0,0,49.01
22/10/2013,7000,418600000,59.5(-0.50 %),7000,418600000,0,0,1418,49.0
23/10/2013,7200,430540000,59.5(0.00 %),7200,430540000,0,0,0,49.01
24/10/2013,7100,418900000,59(-0.84 %),7100,418900000,0,0,1418,49.0
25/10/2013,0,0,58.5(-0.85 %),0,0,0,0,1418,49.0
28/10/2013,11400,666550000,58.3(-0.34 %),11400,666550000,0,0,0,49.02
29/10/2013,4600,269000000,58.5(0.34 %),4600,269000000,0,0,1418,49.0
30/10/2013,0,0,58.1(-0.68 %),0,0,0,0,1418,49.0
31/10/2013,19500,1166400000,59.9(3.10 %),19500,1166400000,0,0,0,49.04
01/11/2013,14800,886440000,59.9(0.00 %),14800,886440000,0,0,1418,49.0
04/11/2013,9300,556760000,59.9(0.00 %),9300,556760000,0,0,0,49.02
05/11/2013,16300,975260000,59.9(0.00 %),16300,975260000,0,0,1418,49.0
06/11/2013,7700,461230000,59.9(0.00 %),7700,461230000,0,0,0,49.01
07/11/2013,300,17850000,59.5(-0.67 %),300,17850000,0,0,1418,49.0
08/11/2013,10500,627600000,59.8(0.50 %),10500,627600000,0,0,0,49.02
11/11/2013,0,0,59.9(0.17 %),0,0,0,0,1418,49.0
12/11/2013,62900,3765610000,59.9(0.00 %),62900,3765610000,0,0,0,49.14
13/11/2013,0,0,59.8(-0.17 %),0,0,0,0,1418,49.0
14/11/2013,0,0,59.8(0.00 %),0,0,0,0,1418,49.0
15/11/2013,0,0,59.8(0.00 %),0,0,0,0,1418,49.0
18/11/2013,0,0,59.1(-1.17 %),0,0,0,0,1418,49.0
19/11/2013,0,0,59.1(0.00 %),0,0,0,0,1418,49.0
20/11/2013,0,0,60(1.52 %),0,0,0,0,1418,49.0
21/11/2013,200,12000000,59.5(-0.83 %),200,12000000,0,0,1218,49.0
22/11/2013,0,0,59.5(0.00 %),0,0,0,0,1218,49.0
25/11/2013,0,0,59.5(0.00 %),0,0,0,0,1218,49.0
26/11/2013,0,0,59.6(0.17 %),0,0,0,0,1218,49.0
27/11/2013,0,0,59.9(0.50 %),0,0,0,0,1218,49.0
28/11/2013,-7400,-440840000,59.5(-0.67 %),0,0,7400,440840000,8618,48.98
29/11/2013,-600,-35700000,59.5(0.00 %),0,0,600,35700000,9218,48.98
02/12/2013,1400,83550000,59.5(0.00 %),9400,559300000,8000,475750000,1418,49.0
03/12/2013,0,0,60.5(1.68 %),0,0,0,0,1418,49.0
04/12/2013,0,0,60.5(0.00 %),0,0,0,0,1418,49.0
05/12/2013,0,0,59(0.00 %),0,0,0,0,1418,49.0
06/12/2013,-3400,-198550000,59(0.00 %),0,0,3400,198550000,4818,48.99
09/12/2013,0,0,59.9(1.53 %),0,0,0,0,4818,48.99
10/12/2013,0,0,58.5(-2.34 %),0,0,0,0,4818,48.99
11/12/2013,0,0,58.9(0.68 %),0,0,0,0,4818,48.99
12/12/2013,-2000,-117000000,59.5(1.02 %),0,0,2000,117000000,6818,48.98
13/12/2013,0,0,59.5(0.00 %),0,0,0,0,6818,48.98
16/12/2013,0,0,59.5(0.00 %),0,0,0,0,6818,48.98
17/12/2013,0,0,59.5(0.00 %),0,0,0,0,6818,48.98
18/12/2013,-200,-11800000,58.5(-1.68 %),0,0,200,11800000,7018,48.98
19/12/2013,0,0,58.5(0.00 %),0,0,0,0,7018,48.98
20/12/2013,0,0,58.5(0.00 %),0,0,0,0,7018,48.98
23/12/2013,25200,1501340000,59.5(1.71 %),25200,1501340000,0,0,0,49.04
24/12/2013,1000,59500000,59.4(-0.17 %),1000,59500000,0,0,1418,49.0
25/12/2013,0,0,59.7(0.51 %),0,0,0,0,1418,49.0
26/12/2013,0,0,59.5(-0.34 %),0,0,0,0,1418,49.0
27/12/2013,0,0,60(0.84 %),0,0,0,0,1418,49.0
30/12/2013,0,0,59.6(-0.67 %),0,0,0,0,1418,49.0
31/12/2013,0,0,59.9(0.50 %),0,0,0,0,1418,49.0
02/01/2014,0,0,59.6(-0.50 %),0,0,0,0,1418,49.0
03/01/2014,0,0,60(0.67 %),0,0,0,0,1418,49.0
06/01/2014,0,0,61.8(3.00 %),0,0,0,0,1418,49.0
07/01/2014,0,0,63.3(2.43 %),0,0,0,0,1418,49.0
08/01/2014,0,0,63(-0.47 %),0,0,0,0,1418,49.0
09/01/2014,0,0,64(1.59 %),0,0,0,0,1418,49.0
10/01/2014,-400,-25120000,62.8(-1.88 %),0,0,400,25120000,1818,49.0
13/01/2014,800,51220000,62.1(-1.11 %),800,51220000,0,0,1018,49.0
14/01/2014,0,0,68(9.50 %),0,0,0,0,1018,49.0
15/01/2014,0,0,66.9(-1.62 %),0,0,0,0,1018,49.0
16/01/2014,-3069400,-214551060000,68(1.64 %),0,0,3069400,214551060000,3070418,41.92
17/01/2014,0,0,67.3(-1.03 %),0,0,0,0,3070418,41.92
20/01/2014,-200,-13380000,66.9(-0.59 %),0,0,200,13380000,3070618,41.91
21/01/2014,0,0,64.3(-3.89 %),0,0,0,0,3070618,41.91
22/01/2014,0,0,64.8(0.78 %),0,0,0,0,3070618,41.91
23/01/2014,-6400,-414020000,64.5(-0.46 %),0,0,6400,414020000,3077018,41.9
24/01/2014,0,0,64(-0.78 %),0,0,0,0,3077018,41.9
27/01/2014,0,0,63(-1.56 %),0,0,0,0,3077018,41.9
06/02/2014,0,0,63(0.00 %),0,0,0,0,1418,49.0
07/02/2014,0,0,65.8(4.44 %),0,0,0,0,1418,49.0
10/02/2014,0,0,66.5(1.06 %),0,0,0,0,1418,49.0
11/02/2014,0,0,66(-0.75 %),0,0,0,0,1418,49.0
12/02/2014,500,33400000,64.2(-2.73 %),500,33400000,0,0,918,49.0
13/02/2014,0,0,65.9(2.65 %),0,0,0,0,918,49.0
14/02/2014,-400,-25800000,66(0.15 %),0,0,400,25800000,1318,49.0
17/02/2014,0,0,65.5(-0.76 %),0,0,0,0,1318,49.0
18/02/2014,6900,456000000,66.5(1.53 %),6900,456000000,0,0,0,49.01
19/02/2014,0,0,67.8(1.95 %),0,0,0,0,1418,49.0
20/02/2014,0,0,67.9(0.15 %),0,0,0,0,1418,49.0
21/02/2014,0,0,68.5(0.88 %),0,0,0,0,1418,49.0
24/02/2014,500,34000000,68.5(0.00 %),500,34000000,0,0,918,49.0
25/02/2014,0,0,68.5(0.00 %),0,0,0,0,918,49.0
26/02/2014,0,0,68.8(0.44 %),0,0,0,0,918,49.0
27/02/2014,0,0,68(-1.16 %),0,0,0,0,918,49.0
28/02/2014,0,0,67.5(-0.74 %),0,0,0,0,918,49.0
03/03/2014,-400,-26600000,66.9(-0.89 %),0,0,400,26600000,1418,49.0
04/03/2014,0,0,66.5(-0.60 %),0,0,0,0,1418,49.0
05/03/2014,0,0,66.8(0.45 %),0,0,0,0,1418,49.0
06/03/2014,0,0,66.7(-0.15 %),0,0,0,0,1418,49.0
07/03/2014,0,0,68.4(2.55 %),0,0,0,0,1418,49.0
10/03/2014,0,0,67.6(-1.17 %),0,0,0,0,1418,49.0
11/03/2014,0,0,68.4(1.18 %),0,0,0,0,1418,49.0
12/03/2014,0,0,68.1(-0.44 %),0,0,0,0,1418,49.0
13/03/2014,-4500,-300150000,67.9(-0.29 %),0,0,4500,300150000,5918,48.99
14/03/2014,0,0,69.9(2.95 %),0,0,0,0,5918,48.99
17/03/2014,20000,1440000000,70(0.14 %),20000,1440000000,0,0,0,49.03
18/03/2014,0,0,72(2.86 %),0,0,0,0,1418,49.0
19/03/2014,3700,265800000,72.8(1.11 %),3700,265800000,0,0,0,49.01
20/03/2014,300,21600000,73(0.27 %),300,21600000,0,0,1418,49.0
21/03/2014,1200,86400000,72.1(-1.23 %),1200,86400000,0,0,218,49.0
24/03/2014,14700,1057600000,72(-0.14 %),14700,1057600000,0,0,0,49.03
25/03/2014,13600,979200000,72(0.00 %),13600,979200000,0,0,1418,49.0
26/03/2014,7500,534780000,70.1(-2.64 %),7500,534780000,0,0,0,49.01
27/03/2014,19300,1354630000,72(2.71 %),19300,1354630000,0,0,1418,49.0
28/03/2014,5900,423840000,71.9(-0.14 %),10500,755340000,4600,331500000,0,49.01
31/03/2014,9600,690240000,71.9(0.00 %),14600,1050240000,5000,360000000,1418,49.0
01/04/2014,3900,280480000,71.9(0.00 %),140000,10079680000,136100,9799200000,1418,49.0
02/04/2014,16100,1159500000,72.8(1.25 %),49000,3528300000,32900,2368800000,0,49.03
03/04/2014,1000,72000000,72.5(-0.41 %),1000,72000000,0,0,1418,49.0
04/04/2014,0,0,74(2.07 %),0,0,0,0,1418,49.0
07/04/2014,-1900,-137750000,72.5(-2.03 %),2500,181750000,4400,319500000,3318,48.99
08/04/2014,1800,127450000,72.5(0.00 %),6100,439200000,4300,311750000,1518,49.0
10/04/2014,5000,362090000,72.5(0.00 %),25000,1812090000,20000,1450000000,0,49.01
11/04/2014,4300,308600000,72(-0.69 %),14300,1029600000,10000,721000000,1418,49.0
14/04/2014,6900,496500000,72.1(0.14 %),9900,712800000,3000,216300000,0,49.01
15/04/2014,1700,122200000,72(-0.14 %),2100,151200000,400,29000000,1418,49.0
16/04/2014,19400,1394850000,72(0.00 %),21500,1546700000,2100,151850000,0,49.04
17/04/2014,200,14400000,72(0.00 %),200,14400000,0,0,1418,49.0
18/04/2014,-400,-28800000,72.5(0.69 %),0,0,400,28800000,1818,49.0
21/04/2014,2400,174000000,72.8(0.41 %),17400,1261500000,15000,1087500000,0,49.0
22/04/2014,0,0,72.3(-0.69 %),0,0,0,0,1418,49.0
23/04/2014,800,57600000,72.1(-0.28 %),800,57600000,0,0,618,49.0
24/04/2014,4700,338400000,72(-0.14 %),4700,338400000,0,0,0,49.01
25/04/2014,0,0,72.1(0.14 %),0,0,0,0,1418,49.0
28/04/2014,2100,151200000,72(-0.14 %),3600,259200000,1500,108000000,0,49.0
29/04/2014,0,0,73(1.39 %),0,0,0,0,1418,49.0
05/05/2014,8900,640600000,72(-1.37 %),10900,784600000,2000,144000000,1418,49.0
06/05/2014,14600,1048250000,72(0.00 %),17800,1275450000,3200,227200000,0,49.03
07/05/2014,-8000,-576000000,72(0.00 %),7000,504000000,15000,1080000000,1418,49.0
08/05/2014,35500,2521660000,71.3(-0.97 %),35500,2521660000,0,0,0,49.08
09/05/2014,5200,366700000,72.5(1.68 %),5200,366700000,0,0,1418,49.0
12/05/2014,0,0,71(-2.07 %),0,0,0,0,1418,49.0
13/05/2014,0,0,71(0.00 %),0,0,0,0,1418,49.0
14/05/2014,21900,1554900000,71(0.00 %),21900,1554900000,0,0,0,49.05
15/05/2014,9800,694540000,70.5(-0.70 %),9800,694540000,0,0,1418,49.0
16/05/2014,6600,468170000,71(0.71 %),6600,468170000,0,0,0,49.01
19/05/2014,3900,279810000,71.5(0.70 %),3900,279810000,0,0,1418,49.0
20/05/2014,3600,257200000,72.5(1.40 %),3600,257200000,0,0,0,49.01
21/05/2014,2900,209000000,72(-0.69 %),2900,209000000,0,0,1418,49.0
22/05/2014,8000,578670000,70.1(-2.64 %),10000,718870000,2000,140200000,0,49.02
23/05/2014,8000,567040000,71(1.28 %),8000,567040000,0,0,1418,49.0
26/05/2014,15000,1064780000,71(0.00 %),15000,1064780000,0,0,0,49.03
27/05/2014,20000,1420170000,71.3(0.42 %),20000,1420170000,0,0,3145118,41.74
28/05/2014,0,0,52.5(-2.23 %),0,0,0,0,3127118,41.78
29/05/2014,800,42400000,53(0.95 %),800,42400000,0,0,3127118,41.78
30/05/2014,0,0,51.5(-2.83 %),0,0,0,0,3126318,41.79
02/06/2014,0,0,51.5(0.00 %),0,0,0,0,3126318,41.79
03/06/2014,2500,132260000,53.4(3.69 %),2500,132260000,0,0,3126318,41.79
04/06/2014,0,0,53.4(0.00 %),0,0,0,0,3123818,41.79
05/06/2014,0,0,53.4(0.00 %),0,0,0,0,3123818,41.79
06/06/2014,0,0,53.4(0.00 %),0,0,0,0,3123818,41.79
09/06/2014,0,0,50(-6.37 %),0,0,0,0,3123818,41.79
10/06/2014,8100,429110000,53(6.00 %),8100,429110000,0,0,3123818,41.79
11/06/2014,400,21200000,53(0.00 %),400,21200000,0,0,3115718,41.81
12/06/2014,800,42400000,53(0.00 %),800,42400000,0,0,3114518,41.81
13/06/2014,1300,68900000,53(0.00 %),1300,68900000,0,0,3114518,41.81
16/06/2014,-400,-20400000,51(-3.77 %),0,0,400,20400000,3113218,41.82
17/06/2014,0,0,51(0.00 %),0,0,0,0,3113218,41.82
18/06/2014,0,0,52.5(2.94 %),0,0,0,0,3113218,41.82
19/06/2014,100,5250000,52.5(0.00 %),100,5250000,0,0,3113218,41.82
20/06/2014,0,0,52.5(0.00 %),0,0,0,0,3113518,41.82
23/06/2014,0,0,52.5(0.00 %),0,0,0,0,3113518,41.82
24/06/2014,0,0,52.5(0.00 %),0,0,0,0,3113518,41.82
25/06/2014,0,0,52.5(0.00 %),0,0,0,0,3113518,41.82
26/06/2014,0,0,52.5(0.00 %),0,0,0,0,3113518,41.82
27/06/2014,0,0,52.5(0.00 %),0,0,0,0,3113518,41.82
30/06/2014,0,0,52.5(0.00 %),0,0,0,0,3113518,41.82
01/07/2014,0,0,52.5(0.00 %),0,0,0,0,3113518,41.82
02/07/2014,0,0,52.5(0.00 %),0,0,0,0,3113518,41.82
03/07/2014,0,0,52.5(0.00 %),0,0,0,0,3113518,41.82
04/07/2014,0,0,52.5(0.00 %),0,0,0,0,3113518,41.82
07/07/2014,0,0,52.5(0.00 %),0,0,0,0,3113518,41.82
08/07/2014,0,0,53.9(2.67 %),0,0,0,0,4051602,39.65
09/07/2014,0,0,53.9(0.00 %),0,0,0,0,4051602,39.65
10/07/2014,0,0,53.9(0.00 %),0,0,0,0,4051602,39.65
11/07/2014,0,0,53.9(0.00 %),0,0,0,0,4051602,39.65
14/07/2014,0,0,53.9(0.00 %),0,0,0,0,4051602,39.65
16/07/2014,0,0,53.9(0.00 %),0,0,0,0,4051602,39.65
17/07/2014,0,0,52(-3.53 %),0,0,0,0,4051602,39.65
18/07/2014,0,0,52(0.00 %),0,0,0,0,4051602,39.65
21/07/2014,0,0,53.9(3.65 %),0,0,0,0,4051602,39.65
22/07/2014,0,0,53.9(0.00 %),0,0,0,0,4051602,41.81
23/07/2014,-2100,-102550000,49.2(-8.72 %),0,0,2100,102550000,4051602,41.81
24/07/2014,-120,-5806000,50.2(2.03 %),0,0,120,5806000,4051602,41.81
25/07/2014,0,0,51.1(1.79 %),0,0,0,0,4051602,41.81
28/07/2014,0,0,47.5(-7.05 %),0,0,0,0,4051602,41.81
29/07/2014,0,0,47.5(0.00 %),0,0,0,0,4053702,41.8
30/07/2014,0,0,50(5.26 %),0,0,0,0,4053822,41.8
31/07/2014,0,0,50.4(0.80 %),0,0,0,0,4053822,41.8
01/08/2014,0,0,51.3(1.79 %),0,0,0,0,4053822,41.8
04/08/2014,-1700,-80770000,51.5(0.39 %),200,10300000,1900,91070000,4053622,41.8
05/08/2014,-220,-10248000,47.5(-7.77 %),0,0,220,10248000,4053622,41.8
06/08/2014,0,0,50.9(7.16 %),0,0,0,0,4053622,41.8
07/08/2014,0,0,47.5(-6.68 %),0,0,0,0,4053622,41.8
08/08/2014,-3400,-163200000,48(1.05 %),0,0,3400,163200000,4055522,41.8
11/08/2014,0,0,47(-2.08 %),0,0,0,0,4055742,41.8
12/08/2014,-18300,-869270000,47.5(1.06 %),0,0,18300,869270000,4055742,41.8
13/08/2014,0,0,47.1(-0.84 %),0,0,0,0,4055742,41.8
15/08/2014,0,0,47.6(-0.42 %),0,0,0,0,4059142,41.8
18/08/2014,-1100,-52250000,47(-1.26 %),200,9500000,1300,61750000,4077242,41.76
19/08/2014,0,0,47(0.00 %),0,0,0,0,4077242,41.76
20/08/2014,0,0,47.1(0.21 %),0,0,0,0,4077242,41.76
21/08/2014,0,0,47(-0.21 %),0,0,0,0,4077242,41.76
26/08/2014,0,0,46.7(0.65 %),0,0,0,0,4077242,41.76
29/08/2014,800,37600000,46(-3.16 %),800,37600000,0,0,4075842,41.77
04/09/2014,-900,-41360000,46.1(0.22 %),100,4640000,1000,46000000,4075742,41.77
05/09/2014,0,0,45.9(-0.43 %),0,0,0,0,4075742,41.77
10/09/2014,0,0,47(-1.05 %),0,0,0,0,4009842,41.88
11/09/2014,0,0,46.1(-1.91 %),0,0,0,0,4009842,41.88
12/09/2014,200,9220000,46.1(0.00 %),200,9220000,0,0,4009642,41.88
15/09/2014,0,0,46.2(0.22 %),0,0,0,0,4009642,41.88
16/09/2014,0,0,46.2(0.00 %),0,0,0,0,4009642,41.88
17/09/2014,200,9240000,46.6(0.87 %),200,9240000,0,0,4009442,41.88
18/09/2014,200,9240000,46.3(-0.64 %),200,9240000,0,0,4009242,41.88
19/09/2014,0,0,46.4(0.22 %),0,0,0,0,4009242,41.88
22/09/2014,-700,-32410000,46.4(0.00 %),0,0,700,32410000,4009242,41.88
23/09/2014,-1620,-75180000,46.4(0.00 %),0,0,1620,75180000,4009242,41.88
24/09/2014,0,0,46.2(-0.43 %),0,0,0,0,4009242,41.88
25/09/2014,-500,-23000000,46.1(-0.22 %),0,0,500,23000000,4009242,41.88
26/09/2014,200,9400000,46.1(0.00 %),200,9400000,0,0,4009742,41.88
29/09/2014,0,0,46(-0.22 %),0,0,0,0,4009742,41.88
30/09/2014,0,0,46(0.00 %),0,0,0,0,4009742,41.88
01/10/2014,0,0,46.5(1.09 %),0,0,0,0,4011862,41.88
02/10/2014,0,0,47(1.08 %),0,0,0,0,4011862,41.88
03/10/2014,0,0,49.2(4.68 %),0,0,0,0,4011862,41.88
06/10/2014,1950,95590000,48(-2.44 %),1950,95590000,0,0,4009912,41.88
07/10/2014,0,0,49.2(2.50 %),0,0,0,0,4009912,41.88
08/10/2014,0,0,49.1(-0.20 %),0,0,0,0,4009912,41.88
09/10/2014,200,9800000,49(-0.20 %),200,9800000,0,0,4009712,41.88
10/10/2014,0,0,47(-4.08 %),0,0,0,0,4009712,41.88
13/10/2014,0,0,49(4.26 %),0,0,0,0,4009712,41.88
14/10/2014,5700,279290000,49(0.00 %),1085990,48900079000,1080290,48620789000,4004012,41.89
15/10/2014,0,0,48.6(-0.82 %),0,0,0,0,4004012,41.89
16/10/2014,0,0,48.6(0.00 %),749120,36089232000,749120,36089232000,4004012,41.89
20/10/2014,0,0,46.5(0.00 %),0,0,0,0,4004012,41.89
21/10/2014,0,0,46.5(0.00 %),0,0,0,0,4004012,41.89
22/10/2014,0,0,49(5.38 %),0,0,0,0,4004012,41.89
23/10/2014,0,0,47(-4.08 %),0,0,0,0,4004012,41.89
24/10/2014,0,0,46.6(-0.85 %),0,0,0,0,4004012,41.89
27/10/2014,-60,-2520000,46.6(0.00 %),0,0,60,2520000,4004072,41.89
29/10/2014,0,0,46.7(0.00 %),0,0,0,0,4004072,41.89
30/10/2014,0,0,46.7(0.00 %),0,0,0,0,4004072,41.89
31/10/2014,-770000,-37730000000,46.9(0.43 %),0,0,770000,37730000000,4774072,40.53
03/11/2014,7300,355430000,49(4.48 %),7300,355430000,0,0,3996772,41.91
04/11/2014,0,0,49(0.00 %),0,0,0,0,3996772,41.91
05/11/2014,0,0,49(0.00 %),0,0,0,0,3996772,41.91
06/11/2014,2800,139700000,49.5(1.02 %),5000,247500000,2200,107800000,3993972,41.91
07/11/2014,29400,1449810000,49.2(-0.61 %),29400,1449810000,0,0,3964572,41.96
10/11/2014,0,0,49.2(0.00 %),0,0,0,0,3964572,41.96
11/11/2014,0,0,49(-0.41 %),0,0,0,0,3964572,41.96
12/11/2014,10000,494920000,50(2.04 %),10000,494920000,0,0,3954572,41.98
13/11/2014,5000,250000000,50(0.00 %),5000,250000000,0,0,3949572,41.99
14/11/2014,0,0,50(0.00 %),0,0,0,0,3949572,41.99
17/11/2014,3300,169600000,51.5(3.00 %),5000,254800000,1700,85200000,3946272,42.0
18/11/2014,4400,226600000,56.5(9.71 %),5000,257500000,600,30900000,3941872,42.0
19/11/2014,13500,704400000,52(-7.96 %),13500,704400000,0,0,3928372,42.03
20/11/2014,0,0,52(0.00 %),0,0,0,0,4696072,40.66
21/11/2014,0,0,50.5(-2.88 %),0,0,0,0,4697772,40.66
24/11/2014,1400,70000000,50.5(0.00 %),1400,70000000,0,0,4696372,40.66
25/11/2014,5100,274100000,55(8.91 %),5100,274100000,0,0,4691872,40.67
26/11/2014,0,0,51.5(-6.36 %),0,0,0,0,4691872,40.67
27/11/2014,0,0,51.5(0.00 %),0,0,0,0,4691872,40.67
28/11/2014,0,0,49(-4.85 %),0,0,0,0,4691872,40.67
01/12/2014,0,0,52.5(7.14 %),0,0,0,0,4691872,40.67
02/12/2014,0,0,50(-4.76 %),0,0,0,0,4691872,40.67
03/12/2014,0,0,50(0.00 %),0,0,0,0,4691872,40.67
04/12/2014,0,0,50(0.00 %),0,0,0,0,4691872,40.67
05/12/2014,0,0,49.3(-1.40 %),0,0,0,0,4691872,40.67
08/12/2014,100,4900000,49(-0.61 %),100,4900000,0,0,4691772,40.67
09/12/2014,0,0,49(0.00 %),0,0,0,0,4691772,40.67
10/12/2014,0,0,49(0.00 %),0,0,0,0,4691772,40.67
11/12/2014,-58100,-2881900000,51(4.08 %),13800,676200000,71900,3558100000,4677972,40.7
12/12/2014,-8000,-414000000,51(0.00 %),1080000,59400000000,1088000,59814000000,4677972,40.7
15/12/2014,-2000,-102000000,50(-1.96 %),170000,9350000000,172000,9452000000,4677972,40.7
16/12/2014,-3000,-153000000,50(0.00 %),0,0,3000,153000000,4677972,40.7
17/12/2014,100,5000000,50(0.00 %),5000,250000000,4900,245000000,4744872,40.58
18/12/2014,-2300,-115400000,51(2.00 %),0,0,2300,115400000,4752872,40.56
19/12/2014,6300,318450000,50.5(-0.98 %),9300,471450000,3000,153000000,4745572,40.58
22/12/2014,0,0,50.2(-0.59 %),0,0,0,0,4748572,40.57
23/12/2014,0,0,50.5(0.60 %),0,0,0,0,4753472,40.56
24/12/2014,0,0,50.5(0.00 %),0,0,0,0,4755772,40.56
25/12/2014,100,5100000,51(0.99 %),100,5100000,0,0,4758672,40.55
26/12/2014,0,0,51(0.00 %),0,0,0,0,4758672,40.55
29/12/2014,0,0,51(0.00 %),0,0,0,0,4758672,40.55
30/12/2014,0,0,51(0.00 %),0,0,0,0,4758672,40.55
31/12/2014,16000,848370000,53.4(4.71 %),16000,848370000,0,0,4742672,40.58
05/01/2015,8700,454000000,53(-0.75 %),8700,454000000,0,0,4733972,40.6
06/01/2015,0,0,53(0.00 %),0,0,0,0,4733972,40.6
07/01/2015,0,0,52.5(-0.94 %),0,0,0,0,4733972,40.6
08/01/2015,0,0,52.5(0.00 %),0,0,0,0,4733972,40.6
09/01/2015,0,0,52(-0.95 %),0,0,0,0,4733972,40.6
12/01/2015,-200,-10120000,50.6(-2.69 %),0,0,200,10120000,4733972,40.6
13/01/2015,0,0,51(0.79 %),0,0,0,0,4733972,40.6
14/01/2015,0,0,50.1(-1.76 %),0,0,0,0,4733972,40.6
15/01/2015,0,0,51(1.80 %),0,0,0,0,4733972,40.6
16/01/2015,0,0,51(0.00 %),0,0,0,0,4734172,40.6
19/01/2015,-2543660,-133542150000,49.5(-2.94 %),0,0,2543660,133542150000,4734172,40.6
20/01/2015,-60,-2676000,50(1.01 %),0,0,60,2676000,4734172,40.6
21/01/2015,0,0,50.6(1.20 %),0,0,0,0,4734172,40.6
22/01/2015,200,10120000,52.8(4.35 %),200,10120000,0,0,4733972,40.6
23/01/2015,200,10320000,52.5(-0.57 %),200,10320000,0,0,7277432,36.08
26/01/2015,18100,946830000,52.5(0.00 %),18100,946830000,0,0,7259392,36.11
27/01/2015,25500,1341710000,53.5(1.90 %),29500,1551420000,4000,209710000,7229892,36.17
28/01/2015,-71400,-3631000000,53.5(0.00 %),5000,265400000,76400,3896400000,7224892,36.18
29/01/2015,100,5750000,54(0.93 %),5000,267900000,4900,262150000,7219892,36.18
30/01/2015,0,0,51(-5.56 %),0,0,0,0,7219892,36.18
02/02/2015,-2800,-137530000,52.9(5.80 %),0,0,2800,137530000,7223892,36.18
03/02/2015,0,0,50(-5.48 %),0,0,0,0,7300292,36.04
04/02/2015,0,0,50(0.00 %),0,0,0,0,7305192,36.03
05/02/2015,0,0,50(0.00 %),0,0,0,0,7305192,36.03
06/02/2015,0,0,50(0.00 %),0,0,0,0,7307992,36.03
09/02/2015,0,0,50.7(1.40 %),0,0,0,0,7307992,36.03
10/02/2015,0,0,50.7(0.00 %),0,0,0,0,7307992,36.03
11/02/2015,0,0,50.7(0.00 %),0,0,0,0,7307992,36.03
12/02/2015,0,0,50.7(0.00 %),0,0,0,0,7307992,36.03
13/02/2015,0,0,53.5(5.52 %),0,0,0,0,7307992,36.03
24/02/2015,0,0,53.5(0.00 %),0,0,0,0,7307992,36.03
25/02/2015,0,0,50.1(-6.36 %),0,0,0,0,7307992,36.03
26/02/2015,0,0,50.5(0.80 %),0,0,0,0,7307992,36.03
27/02/2015,0,0,52.3(3.56 %),0,0,0,0,7307992,36.03
02/03/2015,0,0,52.4(0.19 %),0,0,0,0,7307992,36.03
03/03/2015,0,0,52.2(-0.38 %),0,0,0,0,7307992,36.03
04/03/2015,-1000,-52000000,52(-0.38 %),0,0,1000,52000000,7307992,36.03
05/03/2015,-560,-28000000,50(-3.85 %),0,0,560,28000000,7307992,36.03
06/03/2015,0,0,51(2.00 %),0,0,0,0,7307992,36.03
09/03/2015,0,0,51(0.00 %),0,0,0,0,7307992,36.03
10/03/2015,-1000,-51000000,51(0.00 %),0,0,1000,51000000,7308992,36.03
11/03/2015,0,0,51(0.00 %),0,0,0,0,7309552,36.03
12/03/2015,0,0,51(0.00 %),0,0,0,0,7309552,36.03
13/03/2015,0,0,51(0.00 %),0,0,0,0,7309552,36.03
16/03/2015,0,0,51(0.00 %),0,0,0,0,7310552,36.02
17/03/2015,0,0,51(0.00 %),0,0,0,0,7310552,36.02
18/03/2015,0,0,51(0.00 %),0,0,0,0,7310552,36.02
19/03/2015,-1800,-90000000,50(-1.96 %),0,0,1800,90000000,7310552,36.02
20/03/2015,0,0,50(0.00 %),0,0,0,0,7310552,36.02
23/03/2015,0,0,50(0.00 %),0,0,0,0,7310552,36.02
24/03/2015,-1500,-74500000,50(0.00 %),2700,131600000,4200,206100000,7307852,36.03
25/03/2015,0,0,50(0.00 %),0,0,0,0,7309652,36.03
26/03/2015,0,0,50(0.00 %),0,0,0,0,7309652,36.03
27/03/2015,0,0,50(0.00 %),0,0,0,0,7309652,36.03
30/03/2015,1000,50500000,50.5(1.00 %),1000,50500000,0,0,7312852,36.02
31/03/2015,2500,125750000,50(-0.99 %),2500,125750000,0,0,7310352,36.02
01/04/2015,100,4950000,49.5(-1.00 %),100,4950000,0,0,7310252,36.02
02/04/2015,700,34650000,49.5(0.00 %),700,34650000,0,0,7309552,36.03
03/04/2015,1200,60000000,50(1.01 %),1200,60000000,0,0,7308352,36.03
06/04/2015,0,0,50(0.00 %),0,0,0,0,7308352,36.03
07/04/2015,0,0,50(0.00 %),0,0,0,0,7308352,36.03
08/04/2015,1100,55000000,50(0.00 %),1100,55000000,0,0,7307252,36.03
09/04/2015,400,20000000,50(0.00 %),400,20000000,0,0,7306852,36.03
10/04/2015,0,0,50.1(0.20 %),0,0,0,0,7306852,36.03
13/04/2015,200,10020000,50.1(0.00 %),200,10020000,0,0,7306652,36.03
14/04/2015,200,10040000,50.2(0.20 %),200,10040000,0,0,7306452,36.03
15/04/2015,-5400,-270000000,50(-0.40 %),3900,195000000,9300,465000000,7302552,36.04
16/04/2015,640,32160000,49.8(-0.40 %),700,34860000,60,2700000,7301852,36.04
17/04/2015,0,0,49.8(0.00 %),0,0,0,0,7301852,36.04
20/04/2015,0,0,49.8(0.00 %),0,0,0,0,7301852,36.04
21/04/2015,0,0,49.8(0.00 %),0,0,0,0,7311152,36.02
22/04/2015,0,0,49.8(0.00 %),0,0,0,0,7311212,36.02
23/04/2015,0,0,49.8(0.00 %),0,0,0,0,7311212,36.02
24/04/2015,0,0,49.8(0.00 %),0,0,0,0,7311212,36.02
27/04/2015,0,0,49.8(0.00 %),0,0,0,0,7311212,36.02
04/05/2015,-3380,-153232000,47.2(-5.22 %),0,0,3380,153232000,7311212,36.02
05/05/2015,0,0,47.2(0.00 %),0,0,0,0,7311212,36.02
06/05/2015,0,0,49(3.81 %),0,0,0,0,7311212,36.02
07/05/2015,12000,610600000,50.9(3.88 %),12000,610600000,0,0,7299212,36.04
08/05/2015,14200,718510000,50(-1.77 %),14200,718510000,0,0,7288392,36.06
11/05/2015,0,0,46.5(-7.00 %),0,0,0,0,7288392,36.06
12/05/2015,0,0,51(9.68 %),0,0,0,0,7288392,36.06
13/05/2015,0,0,50(-1.96 %),0,0,0,0,7288392,36.06
14/05/2015,0,0,49.1(-1.80 %),0,0,0,0,7288392,36.06
15/05/2015,50,2500000,48.1(-2.04 %),50,2500000,0,0,7288342,36.06
18/05/2015,200,9660000,48.3(0.42 %),200,9660000,0,0,7288142,36.06
19/05/2015,100,4800000,48(-0.62 %),100,4800000,0,0,7288042,36.06
20/05/2015,200,9980000,48(0.00 %),200,9980000,0,0,7287842,36.06
21/05/2015,0,0,49.9(3.96 %),0,0,0,0,7287842,36.06
22/05/2015,0,0,49(-1.80 %),0,0,0,0,7287842,36.06
25/05/2015,0,0,49(0.00 %),0,0,0,0,7287842,36.06
26/05/2015,0,0,48(8.84 %),0,0,0,0,7287842,36.06
27/05/2015,0,0,47.9(-0.21 %),0,0,0,0,7287842,36.06
28/05/2015,200,9660000,48.1(0.42 %),200,9660000,0,0,7287642,36.06
29/05/2015,0,0,47.8(-0.62 %),0,0,0,0,7287642,36.06
01/06/2015,0,0,47.8(0.00 %),0,0,0,0,7287642,36.06
02/06/2015,0,0,47.8(0.00 %),0,0,0,0,7287642,36.06
03/06/2015,0,0,47(-1.67 %),0,0,0,0,7287642,36.06
04/06/2015,200,9700000,46(-2.13 %),200,9700000,0,0,7287442,36.07
05/06/2015,500,23000000,46(0.00 %),500,23000000,0,0,7286942,36.07
08/06/2015,0,0,46(0.00 %),0,0,0,0,7286942,36.07
09/06/2015,0,0,46(0.00 %),0,0,0,0,7286942,36.07
10/06/2015,-2000,-92000000,46(0.00 %),0,0,2000,92000000,7286942,36.07
11/06/2015,-800,-36800000,45.1(-1.96 %),4600,207230000,5400,244030000,7282342,36.07
12/06/2015,0,0,45.1(0.00 %),0,0,0,0,7282342,36.07
15/06/2015,200,9040000,45.2(0.22 %),200,9040000,0,0,7282142,36.07
16/06/2015,0,0,45.3(0.22 %),0,0,0,0,7284142,36.07
17/06/2015,0,0,45.3(0.00 %),0,0,0,0,7289542,36.06
18/06/2015,200,9000000,45(-0.66 %),200,9000000,0,0,7289342,36.06
19/06/2015,0,0,45(0.00 %),0,0,0,0,7289342,36.06
22/06/2015,0,0,45(0.00 %),0,0,0,0,7289342,36.06
23/06/2015,2600,122000000,47(4.44 %),2700,126700000,100,4700000,7286642,36.07
24/06/2015,-1000,-46000000,46(-2.13 %),0,0,1000,46000000,7286642,36.07
25/06/2015,-2800,-126100000,45(-2.17 %),100,4500000,2900,130600000,7286542,36.07
26/06/2015,0,0,45(0.00 %),0,0,0,0,7286542,36.07
29/06/2015,0,0,45(0.00 %),0,0,0,0,7286642,36.07
30/06/2015,0,0,45(0.00 %),0,0,0,0,7287642,36.06
01/07/2015,13200,613610000,47(4.44 %),20000,933210000,6800,319600000,7270542,36.1
02/07/2015,3700,173900000,47(0.00 %),3700,173900000,0,0,7266842,36.1
03/07/2015,0,0,45.1(-4.04 %),0,0,0,0,7266842,36.1
06/07/2015,0,0,45.1(0.00 %),0,0,0,0,7266842,36.1
07/07/2015,-8900,-400500000,45(-0.22 %),39100,1759500000,48000,2160000000,7271242,36.09
08/07/2015,0,0,45(0.00 %),0,0,0,0,7271242,36.09
09/07/2015,0,0,45(0.00 %),0,0,0,0,7271242,36.09
10/07/2015,-100,-4500000,45(0.00 %),0,0,100,4500000,7271242,36.09
13/07/2015,0,0,45(0.00 %),48500,2226150000,48500,2226150000,7282542,36.07
14/07/2015,0,0,45(0.00 %),400,18080000,400,18080000,7282142,36.07
15/07/2015,-50,-2025000,45(0.00 %),0,0,50,2025000,7282142,36.07
16/07/2015,0,0,45(0.00 %),0,0,0,0,7282242,36.07
17/07/2015,3700,176830000,47(4.44 %),53700,2572430000,50000,2395600000,7274542,36.09
20/07/2015,-3800,-170820000,47(0.00 %),2100,98680000,5900,269500000,8001565,34.8
21/07/2015,1300,62100000,48(2.13 %),3300,158100000,2000,96000000,7998315,34.8
22/07/2015,4900,235200000,48(0.00 %),5000,240000000,100,4800000,7993315,34.81
23/07/2015,0,0,48(0.00 %),0,0,0,0,7997315,34.81
24/07/2015,-27100,-1328650000,50(4.17 %),2900,143110000,30000,1471760000,8000315,34.8
27/07/2015,-17700,-895110000,50.4(0.80 %),21800,1090700000,39500,1985810000,8000615,34.8
28/07/2015,200,10160000,50.8(0.79 %),200,10160000,0,0,8000515,34.8
29/07/2015,-4100,-196950000,48.1(-5.31 %),500,24050000,4600,221000000,8000015,34.8
30/07/2015,0,0,49.4(2.70 %),0,0,0,0,8030015,34.75
31/07/2015,0,0,48(-2.83 %),0,0,0,0,8049415,34.71
03/08/2015,2300,113440000,48.8(1.67 %),2300,113440000,0,0,8047115,34.72
04/08/2015,9000,439100000,48.8(0.00 %),9000,439100000,0,0,8042715,36.02
05/08/2015,-200,-8860000,49.4(1.23 %),100,4940000,300,13800000,8042615,36.02
06/08/2015,0,0,48(-2.83 %),0,0,0,0,8042615,36.02
07/08/2015,-200,-9600000,48(0.00 %),0,0,200,9600000,8042615,36.02
10/08/2015,-6200,-291610000,47(-2.08 %),300,14390000,6500,306000000,8042315,36.02
11/08/2015,-10305,-482807500,47(0.00 %),20,940000,10325,483747500,8042595,36.02
12/08/2015,-12000,-563500000,46.7(-0.64 %),0,0,12000,563500000,8042595,36.02
13/08/2015,-7900,-366550000,46.5(-0.43 %),0,0,7900,366550000,8042795,36.02
14/08/2015,-34600,-1609130000,46.7(0.43 %),2000,93990000,36600,1703120000,8047295,36.01
17/08/2015,0,0,46.5(-0.43 %),0,0,0,0,8057620,36.0
18/08/2015,-1600,-75200000,47(1.08 %),1500,70500000,3100,145700000,8068120,35.98
19/08/2015,-2100,-99200000,45.1(-4.04 %),1900,88800000,4000,188000000,8074120,35.97
20/08/2015,12400,581280000,46.9(3.99 %),20700,971380000,8300,390100000,8090020,35.95
21/08/2015,100,4690000,46.9(0.00 %),100,4690000,0,0,8089920,35.95
24/08/2015,-8300,-418090000,45.7(-2.56 %),37400,1619970000,45700,2038060000,8055620,36.0
25/08/2015,2300,105740000,45.5(-0.44 %),2300,105740000,0,0,8057320,36.0
26/08/2015,0,0,45.5(0.00 %),0,0,0,0,8065620,35.99
27/08/2015,0,0,45.5(0.00 %),0,0,0,0,8065620,35.99
28/08/2015,1110,50990000,46(1.10 %),10000,458880000,8890,407890000,8101320,35.93
31/08/2015,-2800,-127680000,45.6(-0.87 %),0,0,2800,127680000,8101320,35.93
01/09/2015,-17000,-775200000,45.6(0.00 %),1000,45600000,18000,820800000,8100320,35.93
03/09/2015,300,13650000,49(7.46 %),300,13650000,0,0,8100020,35.93
04/09/2015,0,0,49(0.00 %),0,0,0,0,8108910,35.92
07/09/2015,46300,2290110000,48.8(-0.41 %),65900,3241610000,19600,951500000,8045810,36.02
08/09/2015,-7800,-359820000,46(-5.74 %),0,0,7800,359820000,8063810,35.99
09/09/2015,0,0,46(0.00 %),0,0,0,0,8063810,35.99
10/09/2015,0,0,45.5(-1.09 %),0,0,0,0,8063810,35.99
11/09/2015,-7500,-341500000,45.5(0.00 %),0,0,7500,341500000,8083410,35.96
14/09/2015,-66300,-3122400000,47(3.30 %),0,0,66300,3122400000,8091210,35.94
15/09/2015,-44600,-2096170000,47(0.00 %),0,0,44600,2096170000,8091210,35.94
16/09/2015,-40000,-1845000000,46(-2.13 %),0,0,40000,1845000000,8091210,35.94
17/09/2015,-500,-23250000,46.5(1.09 %),0,0,500,23250000,8098710,35.93
18/09/2015,-30000,-1380000000,46(-1.08 %),0,0,30000,1380000000,8165010,35.82
21/09/2015,-23200,-1046820000,45.2(-1.74 %),0,0,23200,1046820000,8209610,35.75
22/09/2015,-19300,-887350000,46.2(2.21 %),30000,1378000000,49300,2265350000,8219610,35.74
23/09/2015,2520,118292000,47(1.73 %),70000,3265220000,67480,3146928000,8150110,35.85
24/09/2015,-20600,-968200000,47(0.00 %),31300,1471100000,51900,2439300000,8148810,35.85
25/09/2015,24000,1208420000,47(0.00 %),104700,5018620000,80700,3810200000,8067310,35.98
28/09/2015,-46700,-2194900000,46.6(-0.85 %),0,0,46700,2194900000,8116610,35.9
29/09/2015,-200,-9320000,46.6(0.00 %),0,0,200,9320000,8184090,35.79
30/09/2015,-28700,-1310160000,45.6(-2.15 %),0,0,28700,1310160000,8235990,35.71
01/10/2015,-27500,-1253540000,46(0.88 %),0,0,27500,1253540000,8316690,35.58
02/10/2015,-48000,-2286100000,48.4(5.22 %),0,0,48000,2286100000,8363390,35.5
05/10/2015,-95700,-4758350000,51(5.37 %),5000,248100000,100700,5006450000,8358590,35.51
06/10/2015,-34600,-1766720000,51.5(0.98 %),4400,227080000,39000,1993800000,8382890,35.47
07/10/2015,2000,100200000,50.3(-2.33 %),2000,100200000,0,0,8408390,35.43
08/10/2015,2000,100640000,50.9(1.19 %),2000,100640000,0,0,8454390,35.36
09/10/2015,0,0,49.4(-2.95 %),0,0,0,0,8555090,35.2
12/10/2015,0,0,49.9(1.01 %),0,0,0,0,8594090,35.13
13/10/2015,0,0,49.6(-0.60 %),0,0,0,0,8594090,35.13
14/10/2015,-39930,-2130600000,53.3(7.46 %),0,0,39930,2130600000,8594090,35.13
15/10/2015,-4004,-214546000,53.2(-0.19 %),2200,115500000,6204,330046000,8591890,35.14
16/10/2015,-22500,-1196400000,53.1(-0.19 %),3000,159000000,25500,1355400000,8588890,35.14
19/10/2015,-44100,-2411840000,57(7.34 %),0,0,44100,2411840000,8588890,35.14
20/10/2015,-10200,-601900000,61(7.02 %),3300,197720000,13500,799620000,8625520,35.08
21/10/2015,-2000,-118200000,61.1(0.16 %),0,0,2000,118200000,8631724,35.07
22/10/2015,-56600,-3393120000,58.6(-4.09 %),0,0,56600,3393120000,8657224,35.03
23/10/2015,-42800,-2532290000,61.1(4.27 %),0,0,42800,2532290000,8701324,34.96
26/10/2015,-34000,-2083560000,60.4(-1.15 %),0,0,34000,2083560000,8714824,34.94
27/10/2015,-1700,-101150000,59.2(-1.99 %),0,0,1700,101150000,8716824,34.93
28/10/2015,0,0,60(1.35 %),0,0,0,0,8773424,34.84
29/10/2015,0,0,64.9(8.17 %),0,0,0,0,8816224,34.77
30/10/2015,-2000,-130200000,64.6(-0.46 %),0,0,2000,130200000,8850224,34.72
02/11/2015,0,0,59.8(-7.43 %),0,0,0,0,8851924,34.72
03/11/2015,-25600,-1551500000,61(2.01 %),4400,270730000,30000,1822230000,8847524,34.72
04/11/2015,0,0,60(-1.64 %),0,0,0,0,8847524,34.72
05/11/2015,1100,67600000,59.5(-0.83 %),4100,244900000,3000,177300000,8845424,34.73
06/11/2015,0,0,57.9(-2.69 %),0,0,0,0,8845424,34.73
09/11/2015,2300,132730000,57.1(-1.38 %),2300,132730000,0,0,8873124,34.68
10/11/2015,2600,149650000,57.5(0.70 %),2600,149650000,0,0,8870524,34.69
11/11/2015,1000,57500000,57.5(0.00 %),1000,57500000,0,0,8872524,34.68
12/11/2015,2900,170310000,59(2.61 %),2900,170310000,0,0,8869624,34.69
13/11/2015,1000,62800000,62.3(5.59 %),6000,364100000,5000,301300000,8863624,34.7
16/11/2015,-200,-8000000,65(4.33 %),4000,256000000,4200,264000000,8859624,34.7
17/11/2015,-200,-6180000,64.9(-0.15 %),6800,441820000,7000,448000000,8852824,34.72
18/11/2015,1800,122630000,66(1.69 %),7800,500630000,6000,378000000,8845024,34.73
19/11/2015,-4300,-273900000,65(-1.52 %),1000,65400000,5300,339300000,8849024,34.72
20/11/2015,-20,-1280000,64.9(-0.15 %),0,0,20,1280000,8853224,34.71
23/11/2015,-2000,-127000000,62.8(-3.24 %),0,0,2000,127000000,8860224,34.7
24/11/2015,-5200,-317160000,61(-2.87 %),2000,126740000,7200,443900000,8864224,34.7
25/11/2015,-12100,-720620000,60(-1.64 %),2200,137150000,14300,857770000,8867324,34.69
26/11/2015,900,60100000,59.1(-1.50 %),4300,261610000,3400,201510000,8863044,34.7
27/11/2015,1100,65750000,59.8(1.18 %),1100,65750000,0,0,8863944,34.7
30/11/2015,2400,142390000,58.5(-2.17 %),2400,142390000,0,0,8868744,34.69
01/12/2015,0,0,58.5(0.00 %),0,0,0,0,8883044,34.67
02/12/2015,-10100,-593580000,58.3(-0.34 %),2000,117800000,12100,711380000,8884444,34.66
03/12/2015,2500,151100000,60.4(3.60 %),2500,151100000,0,0,8881944,34.67
04/12/2015,1600,96030000,60(-0.66 %),1600,96030000,0,0,8880344,34.67
07/12/2015,0,0,59.4(-1.00 %),0,0,0,0,8880344,34.67
08/12/2015,-100,-2400000,62(4.38 %),1900,117800000,2000,120200000,8890544,34.65
09/12/2015,-9400,-577730000,60(-3.23 %),3100,192800000,12500,770530000,8887444,34.66
10/12/2015,4800,288710000,60(0.00 %),4800,288710000,0,0,8882644,34.67
11/12/2015,0,0,60.7(1.17 %),0,0,0,0,8882644,34.67
14/12/2015,-4300,-258750000,60.5(-0.33 %),800,48400000,5100,307150000,8883844,34.66
15/12/2015,-3100,-185900000,60.5(0.00 %),2400,146160000,5500,332060000,8893944,34.65
16/12/2015,-900,-53700000,60.7(0.33 %),1100,67100000,2000,120800000,8892844,34.65
17/12/2015,3200,197380000,61.6(1.48 %),3200,197380000,0,0,8889644,34.66
18/12/2015,10100,632650000,62.7(1.79 %),12600,788000000,2500,155350000,8882144,34.67
21/12/2015,11500,714780000,62(-1.12 %),14000,867620000,2500,152840000,8873644,34.68
22/12/2015,-3743,-228918600,60.9(-1.77 %),900,54810000,4643,283728600,8874744,34.68
23/12/2015,-100,-6150000,60.5(-0.66 %),900,54450000,1000,60600000,8873844,34.68
24/12/2015,0,0,60.7(0.33 %),0,0,0,0,8876344,34.68
25/12/2015,0,0,60.1(-0.99 %),0,0,0,0,8878844,34.67
28/12/2015,-1200,-71000000,60.5(0.67 %),800,48400000,2000,119400000,8882687,34.67
29/12/2015,2700,165430000,61(0.83 %),4700,285830000,2000,120400000,8878987,34.67
30/12/2015,800,48610000,60.3(-1.15 %),800,48610000,0,0,8878187,34.67
31/12/2015,600,36480000,60.2(-0.17 %),600,36480000,0,0,8877587,34.68
04/01/2016,1900,115690000,60.3(0.17 %),1900,115690000,0,0,8877687,34.67
05/01/2016,2500,149500000,59.1(0.51 %),2500,149500000,0,0,8877187,34.68
06/01/2016,200,11770000,58.6(-0.85 %),200,11770000,0,0,8876987,34.68
07/01/2016,2200,129580000,58.4(-0.34 %),2200,129580000,0,0,8874787,34.68
08/01/2016,100,5800000,58(-0.68 %),100,5800000,0,0,8874687,34.68
11/01/2016,0,0,54(-6.90 %),0,0,0,0,8874687,34.68
12/01/2016,5300,291200000,55(1.85 %),5300,291200000,0,0,8869387,34.69
13/01/2016,5900,334650000,55.2(0.36 %),8000,454130000,2100,119480000,8861387,34.7
14/01/2016,-3500,-187170000,53.5(-3.08 %),1500,81270000,5000,268440000,8859887,34.7
15/01/2016,-100,-5290000,52.9(-1.12 %),0,0,100,5290000,8859887,34.7
18/01/2016,18600,960660000,51.1(-3.40 %),18600,960660000,0,0,8843387,34.73
19/01/2016,-4900,-249490000,51.2(0.20 %),1500,76800000,6400,326290000,8846887,34.72
20/01/2016,-2600,-130930000,51.3(0.20 %),1500,77250000,4100,208180000,8845487,34.73
21/01/2016,6300,324350000,51.1(-0.39 %),8300,426750000,2000,102400000,8837187,34.74
22/01/2016,31600,1668390000,55(7.63 %),31600,1668390000,0,0,8811987,34.78
25/01/2016,23500,1325040000,56(1.82 %),23500,1325040000,0,0,8792587,34.81
26/01/2016,5000,272770000,53.1(-5.18 %),8000,434470000,3000,161700000,8786587,34.82
27/01/2016,100,5320000,53.4(0.56 %),100,5320000,0,0,8786487,34.82
28/01/2016,0,0,52.6(-1.50 %),0,0,0,0,8786487,34.82
29/01/2016,1000,53900000,54(2.66 %),1000,53900000,0,0,8788487,34.82
01/02/2016,0,0,54(0.00 %),0,0,0,0,8788487,34.82
02/02/2016,100,5300000,53.4(-1.11 %),100,5300000,0,0,8788387,34.82
03/02/2016,0,0,53.4(0.00 %),0,0,0,0,8788387,34.82
04/02/2016,0,0,55.3(3.56 %),0,0,0,0,8788387,34.82
05/02/2016,0,0,53.1(-3.98 %),0,0,0,0,8788387,34.82
15/02/2016,3900,209550000,53.5(0.75 %),3900,209550000,0,0,8784487,34.83
16/02/2016,16400,894200000,55(2.80 %),16400,894200000,0,0,8768087,34.85
17/02/2016,18900,1047670000,56.6(2.91 %),18900,1047670000,0,0,8749187,34.88
18/02/2016,2500,141420000,56.5(-0.18 %),2500,141420000,0,0,8746687,34.89
19/02/2016,32991,1912376500,58.5(3.54 %),34500,1997590000,1509,85213500,8712187,34.94
22/02/2016,-8200,-484190000,59(0.85 %),26800,1580910000,35000,2065100000,8695387,34.97
23/02/2016,38900,2292360000,58.9(-0.17 %),48900,2882050000,10000,589690000,8656487,35.03
24/02/2016,1000,58110000,58.2(-1.19 %),11000,639530000,10000,581420000,8656996,35.03
25/02/2016,600,35150000,56.9(-2.23 %),7000,398130000,6400,362980000,8674996,35.0
26/02/2016,3000,169400000,56.4(-0.88 %),3000,169400000,0,0,8671996,35.01
29/02/2016,1500,84500000,56.1(-0.53 %),1500,84500000,0,0,8670496,35.01
01/03/2016,1000,56550000,57.5(2.50 %),1000,56550000,0,0,8675896,35.0
02/03/2016,22000,1286540000,58.9(2.43 %),22000,1286540000,0,0,8653896,35.04
03/03/2016,18500,1091370000,59.3(0.68 %),18500,1091370000,0,0,8635396,35.07
04/03/2016,1900,112370000,58.9(-0.67 %),1900,112370000,0,0,8633496,35.07
07/03/2016,4500,263140000,57.6(-2.21 %),4500,263140000,0,0,8628996,35.08
08/03/2016,-12420,-705142000,56.5(-1.91 %),5700,324620000,18120,1029762000,8623296,35.09
09/03/2016,2000,115020000,57.9(2.48 %),2000,115020000,0,0,8621296,35.09
10/03/2016,1700,97190000,57.6(-0.52 %),1700,97190000,0,0,8619596,35.09
11/03/2016,0,0,57.6(0.00 %),0,0,0,0,8637716,35.06
14/03/2016,10,576000,57.8(0.35 %),10,576000,0,0,8637706,35.06
15/03/2016,1000,57000000,56.9(-1.56 %),1000,57000000,0,0,8636706,35.06
16/03/2016,2000,114800000,57(0.18 %),2000,114800000,0,0,8634706,35.07
17/03/2016,4800,273170000,56.7(-0.53 %),4800,273170000,0,0,8629906,35.07
18/03/2016,0,0,58(2.29 %),0,0,0,0,8629906,35.07
21/03/2016,8900,533410000,60.3(3.97 %),10900,651410000,2000,118000000,8619006,35.09
22/03/2016,24300,1483190000,62(2.82 %),24300,1483190000,0,0,8594706,35.13
23/03/2016,4500,275900000,61.8(-0.32 %),4500,275900000,0,0,8590206,35.14
24/03/2016,19800,1241400000,63(1.94 %),19800,1241400000,0,0,8572406,35.17
25/03/2016,1600,98350000,62.7(-0.48 %),1600,98350000,0,0,8570806,35.17
28/03/2016,26400,1790400000,68.9(9.89 %),26400,1790400000,0,0,8544406,35.21
29/03/2016,-27400,-1923100000,67.7(-1.74 %),60000,4200000000,87400,6123100000,8544406,35.21
30/03/2016,2700,161180000,69.1(2.07 %),23000,1583690000,20300,1422510000,8521406,35.25
31/03/2016,2100,141760000,67.5(-2.32 %),73000,5036200000,70900,4894440000,8517406,35.26
01/04/2016,20000,1334270000,66.1(-2.07 %),20000,1334270000,0,0,8524806,35.24
04/04/2016,0,0,66(-0.15 %),0,0,0,0,8545106,35.21
05/04/2016,1000,66000000,66(0.00 %),1000,66000000,0,0,8546006,35.21
06/04/2016,1600,107810000,68.9(4.39 %),7600,521810000,6000,414000000,8538406,35.22
07/04/2016,-1200,-83180000,69(0.15 %),6100,420520000,7300,503700000,8532306,35.23
08/04/2016,-49700,-3431620000,69.1(0.14 %),8100,560160000,57800,3991780000,8524206,35.25
11/04/2016,-31400,-2165020000,68.8(-0.43 %),8100,558240000,39500,2723260000,8522106,35.25
12/04/2016,-11700,-809080000,69(0.29 %),0,0,11700,809080000,8529406,35.24
13/04/2016,26000,1772100000,68(-1.45 %),27000,1841300000,1000,69200000,8560206,35.19
14/04/2016,25400,1773020000,72(5.88 %),25400,1773020000,0,0,8574306,35.16
15/04/2016,-3600,-262800000,71.9(-0.14 %),0,0,3600,262800000,8586006,35.15
19/04/2016,7800,560960000,70.6(-1.81 %),7800,560960000,0,0,8579206,35.16
20/04/2016,0,0,70(-0.85 %),0,0,0,0,8579206,35.16
21/04/2016,4700,335880000,72(2.86 %),8100,571380000,3400,235500000,8574706,35.16
22/04/2016,0,0,71.9(-0.14 %),0,0,0,0,8574706,35.16
25/04/2016,-7043,-491856400,69(-4.03 %),7000,489960000,14043,981816400,8567706,35.18
26/04/2016,-100,-6850000,68.8(-0.29 %),0,0,100,6850000,8571106,35.17
27/04/2016,0,0,67.5(-1.89 %),0,0,0,0,8571106,35.17
28/04/2016,100,6750000,68.2(1.04 %),100,6750000,0,0,8585049,35.15
29/04/2016,0,0,67.1(-1.61 %),0,0,0,0,8585149,35.15
04/05/2016,-7900,-528530000,67.7(0.89 %),2100,140700000,10000,669230000,8583049,35.15
05/05/2016,0,0,69.4(2.51 %),0,0,0,0,8583049,35.15
06/05/2016,0,0,69.4(0.00 %),0,0,0,0,8583049,35.15
09/05/2016,0,0,69.2(-0.29 %),0,0,0,0,8593049,35.13
10/05/2016,1000,69300000,68.1(-1.59 %),1000,69300000,0,0,8592049,35.14
11/05/2016,0,0,68.4(0.44 %),0,0,0,0,8592049,35.14
12/05/2016,0,0,67.6(-1.17 %),0,0,0,0,8592049,35.14
13/05/2016,0,0,67.7(0.15 %),0,0,0,0,8592049,35.14
16/05/2016,0,0,67.8(0.15 %),0,0,0,0,8592049,35.14
17/05/2016,-2000,-130480000,67.9(0.15 %),4400,298320000,6400,428800000,8587649,35.14
18/05/2016,3900,264220000,67(-1.33 %),3900,264220000,0,0,8583749,35.15
19/05/2016,200,13400000,66(-1.49 %),200,13400000,0,0,8583549,35.15
20/05/2016,6400,426230000,68(3.03 %),6400,426230000,0,0,8583549,35.15
23/05/2016,10800,639960000,58.9(5.56 %),10800,639960000,0,0,8572749,35.17
24/05/2016,0,0,58.8(-0.17 %),0,0,0,0,8572749,35.17
25/05/2016,0,0,58(-1.36 %),0,0,0,0,8572749,35.17
26/05/2016,3200,185410000,57.8(-0.34 %),3200,185410000,0,0,8569549,35.17
27/05/2016,0,0,57.7(-0.17 %),0,0,0,0,8569549,35.17
30/05/2016,0,0,57.6(-0.17 %),0,0,0,0,8569549,35.17
31/05/2016,1600,91200000,57.6(0.00 %),1600,91200000,0,0,8567949,35.17
01/06/2016,-600,-34560000,57.5(-0.17 %),0,0,600,34560000,8567949,35.17
02/06/2016,-9600,-534900000,57.3(-0.35 %),0,0,9600,534900000,8567949,35.17
03/06/2016,-3700,-209080000,56.9(-0.70 %),0,0,3700,209080000,8567949,35.17
06/06/2016,-8000,-455370000,56.8(-0.18 %),0,0,8000,455370000,8568549,35.17
07/06/2016,-1000,-56800000,56.7(-0.18 %),0,0,1000,56800000,8578149,35.16
08/06/2016,13000,754150000,58.5(3.17 %),14000,811650000,1000,57500000,8567849,35.17
09/06/2016,4500,261400000,59(0.85 %),4500,261400000,0,0,8571349,35.17
10/06/2016,5000,299360000,60.9(3.22 %),5000,299360000,0,0,8567349,35.18
13/06/2016,-900,-48930000,61.9(1.64 %),2200,135970000,3100,184900000,8566149,35.18
14/06/2016,1900,118230000,61(-1.45 %),1900,118230000,0,0,8564249,35.18
15/06/2016,1800,111260000,62.3(2.13 %),1800,111260000,0,0,8562449,35.18
16/06/2016,14500,925940000,64(2.73 %),14500,925940000,0,0,8551049,35.2
17/06/2016,7000,449220000,64(0.00 %),19200,1231160000,12200,781940000,8531849,35.23
20/06/2016,0,0,63.8(-0.31 %),0,0,0,0,8531849,35.23
21/06/2016,-1400,-90560000,65(1.88 %),9600,616440000,11000,707000000,10238781,32.48
22/06/2016,-11000,-706570000,64(-1.54 %),0,0,11000,706570000,10250981,32.46
23/06/2016,0,0,66(3.12 %),0,0,0,0,10250981,32.46
24/06/2016,8843,589009000,66.3(0.45 %),20443,1352989000,11600,763980000,10241538,32.47
27/06/2016,-900,-56700000,64(-3.47 %),0,0,900,56700000,10252538,32.46
28/06/2016,0,0,64.1(0.16 %),0,0,0,0,10252538,32.46
29/06/2016,-60,-3768000,65(1.40 %),0,0,60,3768000,10264138,32.44
30/06/2016,0,20000,65.8(1.23 %),100,6500000,100,6480000,10264938,32.44
01/07/2016,-4000,-260110000,65.9(0.15 %),0,0,4000,260110000,10264938,32.44
04/07/2016,-800,-53100000,65.5(-0.61 %),200,13200000,1000,66300000,10264798,32.44
05/07/2016,-806000,-54195410000,68(3.82 %),0,0,806000,54195410000,10264898,32.44
06/07/2016,2995,207178500,69.4(2.06 %),4500,309060000,1505,101881500,10264398,32.44
07/07/2016,-159806,-10641494000,71.5(3.03 %),4000,277760000,163806,10919254000,10261398,35.2
08/07/2016,12800,903870000,68.5(-4.20 %),13100,924870000,300,21000000,11054298,34.14
11/07/2016,2300,158780000,65(-5.11 %),2400,165280000,100,6500000,11053403,34.14
12/07/2016,-420,-26670000,65.5(0.77 %),0,0,420,26670000,11217209,33.92
13/07/2016,450,29500000,64.5(-1.53 %),450,29500000,0,0,11217059,33.92
14/07/2016,-1900,-122230000,66.9(3.72 %),16100,1083400000,18000,1205630000,11201059,33.94
15/07/2016,0,0,65.2(-2.54 %),0,0,0,0,11201479,33.94
18/07/2016,0,0,65(-0.31 %),0,0,0,0,11201479,33.94
19/07/2016,30000,1962090000,66(1.54 %),30000,1962090000,0,0,11189479,33.95
20/07/2016,15600,1011680000,66(0.00 %),15600,1011680000,0,0,11173879,33.97
21/07/2016,2400,154920000,65.9(-0.15 %),3600,234000000,1200,79080000,11170279,33.98
22/07/2016,30000,1930580000,65.4(-0.76 %),30000,1930580000,0,0,11140279,34.02
25/07/2016,21600,1401160000,65(-0.61 %),21600,1401160000,0,0,11118679,34.05
26/07/2016,26900,1740970000,64.8(-0.31 %),30000,1941690000,3100,200720000,11089879,34.09
27/07/2016,22700,1473630000,65(0.31 %),22700,1473630000,0,0,11067179,34.12
28/07/2016,0,0,65.1(0.15 %),42000,2728026000,42000,2728026000,11067179,34.12
29/07/2016,300,19500000,65.9(1.23 %),300,19500000,0,0,11069979,34.11
01/08/2016,41500,2714400000,65.5(-0.61 %),41500,2714400000,0,0,11028479,34.17
02/08/2016,30040,1923008000,64.1(-2.14 %),30040,1923008000,0,0,10998439,34.21
03/08/2016,20000,1279300000,63.8(-0.47 %),20000,1279300000,0,0,10978439,34.24
04/08/2016,62100,4006760000,64(0.31 %),62100,4006760000,0,0,10916339,34.32
05/08/2016,19400,1245020000,64.8(1.25 %),19400,1245020000,0,0,10896939,34.35
08/08/2016,19200,1247000000,65(0.31 %),19200,1247000000,0,0,10877739,34.37
09/08/2016,700,45520000,65.2(0.31 %),700,45520000,0,0,10877039,34.37
10/08/2016,-179476,-11702907700,65.2(0.00 %),16800,1094560000,196276,12797467700,10860239,34.4
11/08/2016,-55900,-3762500000,67.9(4.14 %),32500,2192320000,88400,5954820000,10827739,34.44
12/08/2016,20800,1397780000,67.8(-0.15 %),20800,1397780000,0,0,10806939,34.47
15/08/2016,14500,973350000,68(0.29 %),15000,1006900000,500,33550000,10988215,34.22
16/08/2016,9300,644840000,69.5(2.21 %),9300,644840000,0,0,11067315,34.12
17/08/2016,1500,106650000,74.3(6.91 %),1600,113600000,100,6950000,11065715,34.12
18/08/2016,-14900,-1092120000,73.2(-1.48 %),0,0,14900,1092120000,11066215,34.12
19/08/2016,-16200,-1186370000,73.3(0.14 %),0,0,16200,1186370000,11066215,34.12
22/08/2016,0,0,72.7(-0.82 %),0,0,0,0,11066315,34.12
23/08/2016,0,0,72.7(0.00 %),0,0,0,0,11081215,34.1
24/08/2016,-1000,-74000000,73(0.41 %),0,0,1000,74000000,11097415,34.08
25/08/2016,0,0,72(-1.37 %),0,0,0,0,11097415,34.08
26/08/2016,0,0,70.7(-1.81 %),0,0,0,0,11097415,34.08
29/08/2016,100,7200000,71.1(0.57 %),100,7200000,0,0,11098315,34.08
30/08/2016,1100,78100000,71.8(0.98 %),1100,78100000,0,0,11097215,34.08
31/08/2016,4000,288000000,75(4.46 %),4000,288000000,0,0,11093215,34.08
01/09/2016,-2370,-176539000,74.6(-0.53 %),30,2241000,2400,178780000,11093185,34.08
05/09/2016,-3020,-230780000,77(3.22 %),0,0,3020,230780000,11093185,34.08
06/09/2016,0,0,78.1(1.43 %),0,0,0,0,11093185,34.08
07/09/2016,-1900,-149120000,79.7(2.05 %),2000,159400000,3900,308520000,11093585,34.08
08/09/2016,0,0,80(0.38 %),0,0,0,0,11096606,34.08
09/09/2016,-4500,-360000000,79(-1.25 %),0,0,4500,360000000,11096606,34.08
12/09/2016,200,15400000,76.1(-3.67 %),200,15400000,0,0,11100306,34.07
13/09/2016,1600,125120000,78.5(3.15 %),1600,125120000,0,0,11098706,34.08
14/09/2016,500,38900000,78.4(-0.13 %),500,38900000,0,0,11102706,34.07
15/09/2016,-5000,-395000000,79(0.77 %),0,0,5000,395000000,11102706,34.07
16/09/2016,0,0,78.2(-1.01 %),0,0,0,0,11102706,34.07
19/09/2016,0,0,80.8(3.32 %),0,0,0,0,11102706,34.07
20/09/2016,-900,-68080000,82(1.49 %),10000,819340000,10900,887420000,11097706,34.08
21/09/2016,-2896,-231057200,82.8(0.98 %),22400,1853380000,25296,2084437200,11075306,34.11
22/09/2016,0,0,82(-0.97 %),0,0,0,0,11075306,34.11
23/09/2016,588,48154400,81(-1.22 %),600,49130000,12,975600,11085606,34.09
26/09/2016,-3300,-265650000,81.5(0.62 %),0,0,3300,265650000,11110902,34.06
27/09/2016,100,8250000,82.4(1.10 %),100,8250000,0,0,11110802,34.06
28/09/2016,300,24750000,82(-0.49 %),300,24750000,0,0,11110514,34.06
29/09/2016,-6000,-502610000,84(2.44 %),0,0,6000,502610000,11113814,34.06
30/09/2016,-70,-6006000,86(2.38 %),0,0,70,6006000,11113814,34.06
03/10/2016,0,0,87.4(1.63 %),0,0,0,0,11113814,34.06
04/10/2016,-10000,-885770000,86.5(-1.03 %),0,0,10000,885770000,11119814,34.05
05/10/2016,0,0,86.4(-0.12 %),0,0,0,0,11119884,34.05
06/10/2016,0,0,87.8(1.62 %),0,0,0,0,11119884,34.05
07/10/2016,0,0,85.6(-2.51 %),0,0,0,0,11129884,34.03
10/10/2016,-9300,-781290000,82.4(-3.74 %),0,0,9300,781290000,11129884,34.03
11/10/2016,0,0,83(0.73 %),0,0,0,0,11129884,34.03
12/10/2016,-5000,-415000000,82.1(-1.08 %),0,0,5000,415000000,11129884,34.03
13/10/2016,-21200,-1745290000,83(1.10 %),0,0,21200,1745290000,11139184,34.02
14/10/2016,-51000,-4270140000,83.4(0.48 %),0,0,51000,4270140000,11139184,34.02
17/10/2016,0,0,83.9(0.60 %),0,0,0,0,11144184,34.01
18/10/2016,0,0,84(0.12 %),0,0,0,0,11165454,33.99
19/10/2016,0,0,84.8(0.95 %),0,0,0,0,11216283,33.92
20/10/2016,-16000,-1338050000,83.1(-2.00 %),0,0,16000,1338050000,11216283,33.92
21/10/2016,0,0,82.5(-0.72 %),0,0,0,0,11216283,33.92
24/10/2016,0,0,79.8(-3.27 %),0,0,0,0,11216283,33.92
25/10/2016,0,0,79(-1.00 %),0,0,0,0,11232283,33.9
26/10/2016,0,0,78.4(-0.76 %),0,0,0,0,11232283,33.9
27/10/2016,-100,-7840000,79.8(1.79 %),0,0,100,7840000,11232283,33.9
28/10/2016,0,0,80.5(0.88 %),0,0,0,0,11232283,33.9
31/10/2016,0,0,80.7(0.25 %),0,0,0,0,11232283,33.9
01/11/2016,0,0,80.4(-0.37 %),0,0,0,0,11232383,33.9
02/11/2016,-3999,-315679500,78.4(-2.49 %),1001,80080500,5000,395760000,11231382,33.9
03/11/2016,0,0,77(-1.79 %),0,0,0,0,11231382,33.9
04/11/2016,-4300,-332820000,77(0.00 %),0,0,4300,332820000,11231382,33.9
07/11/2016,0,0,77.7(0.91 %),0,0,0,0,11236382,33.89
08/11/2016,0,0,77.9(0.26 %),0,0,0,0,11236382,33.89
09/11/2016,0,0,77.1(-1.03 %),0,0,0,0,11240682,33.88
10/11/2016,-1,-78500,79.9(3.63 %),0,0,1,78500,11240682,33.88
11/11/2016,0,0,79.9(0.00 %),0,0,0,0,11240682,33.88
14/11/2016,0,0,80(0.13 %),0,0,0,0,11240682,33.88
15/11/2016,0,0,82(2.50 %),0,0,0,0,11240683,33.88
16/11/2016,-14000,-1149000000,81.5(-0.61 %),0,0,14000,1149000000,11240683,33.88
17/11/2016,-3400,-275900000,81.1(-0.49 %),0,0,3400,275900000,11240683,33.88
18/11/2016,0,0,81.1(0.00 %),0,0,0,0,11240683,33.88
21/11/2016,-5600,-455670000,80.6(-0.62 %),0,0,5600,455670000,11254683,33.87
22/11/2016,-13400,-1081480000,80.6(0.00 %),0,0,13400,1081480000,11258083,33.86
23/11/2016,0,0,81.4(0.99 %),0,0,0,0,11258083,33.86
24/11/2016,-4200,-338520000,80.4(-1.23 %),0,0,4200,338520000,11263683,33.85
25/11/2016,-11200,-903110000,80.5(0.12 %),1080000,78192000000,1091200,79095110000,11277083,33.84
28/11/2016,-15000,-1169290000,76.3(-5.22 %),0,0,15000,1169290000,11277083,33.84
29/11/2016,0,0,77(0.92 %),0,0,0,0,11281283,33.83
30/11/2016,0,0,78(1.30 %),380882,26395122600,380882,26395122600,11292483,33.82
01/12/2016,-50600,-3945350000,77.6(-0.51 %),0,0,50600,3945350000,11307483,33.8
02/12/2016,-31600,-2454560000,78.8(1.55 %),0,0,31600,2454560000,11307483,33.8
05/12/2016,-1000,-77060000,77.2(-0.13 %),0,0,1000,77060000,11307483,33.8
06/12/2016,0,0,76.6(-0.78 %),0,0,0,0,11358083,33.73
07/12/2016,-8280,-629520000,77(0.52 %),0,0,8280,629520000,11389683,33.68
08/12/2016,100,7780000,77.7(0.91 %),100,7780000,0,0,11390597,33.68
09/12/2016,0,0,77.7(0.00 %),0,0,0,0,11390597,33.68
12/12/2016,0,0,77.6(-0.13 %),0,0,0,0,11398877,33.67
13/12/2016,0,0,77(-0.77 %),0,0,0,0,11398877,33.67
14/12/2016,5000,388860000,78(1.30 %),5000,388860000,0,0,11393877,33.68
15/12/2016,0,0,77.9(-0.13 %),0,0,0,0,11393877,33.68
16/12/2016,-1600,-123520000,77.8(-0.13 %),0,0,1600,123520000,11393877,33.68
19/12/2016,0,0,78.6(1.03 %),0,0,0,0,11393877,33.68
20/12/2016,20,1572000,78.1(-0.64 %),20,1572000,0,0,11393857,33.68
21/12/2016,0,0,79(1.15 %),0,0,0,0,11395457,33.68
22/12/2016,0,0,79(0.00 %),0,0,0,0,11395457,33.68
23/12/2016,0,0,77.7(-1.65 %),0,0,0,0,11395457,33.68
26/12/2016,100,7800000,77.5(-0.26 %),100,7800000,0,0,11395357,33.68
27/12/2016,0,0,77(-0.65 %),0,0,0,0,11395357,33.68
28/12/2016,0,0,77.5(0.65 %),0,0,0,0,11395357,33.68
29/12/2016,0,0,77.5(0.00 %),0,0,0,0,11395357,33.68
30/12/2016,0,0,77.5(0.00 %),0,0,0,0,11395357,33.68
03/01/2017,0,0,77.5(0.00 %),0,0,0,0,11395357,33.68
04/01/2017,0,0,77.8(0.39 %),0,0,0,0,11395357,33.68
05/01/2017,0,0,77.5(-0.39 %),0,0,0,0,11395357,33.68
06/01/2017,-23900,-1844350000,77.4(-0.13 %),0,0,23900,1844350000,11395357,33.68
09/01/2017,0,0,77.1(-0.39 %),0,0,0,0,11395357,33.68
10/01/2017,-8400,-650160000,77(-0.13 %),0,0,8400,650160000,11395357,33.68
11/01/2017,-3436,-264244200,76.6(-0.52 %),0,0,3436,264244200,11419257,33.64
12/01/2017,-17500,-1352750000,77.2(0.78 %),0,0,17500,1352750000,11419257,33.64
13/01/2017,-3100,-239940000,77.4(0.26 %),0,0,3100,239940000,11427657,33.63
16/01/2017,-1100,-85110000,77(-0.52 %),800,61760000,1900,146870000,11430293,33.63
17/01/2017,0,0,77.1(0.13 %),0,0,0,0,11447793,33.61
18/01/2017,0,0,77(-0.13 %),0,0,0,0,11450893,33.6
19/01/2017,0,0,76.8(-0.26 %),0,0,0,0,11452793,33.6
20/01/2017,0,0,76(-1.04 %),0,0,0,0,11452793,33.6
23/01/2017,0,0,76(0.00 %),0,0,0,0,11452793,33.6
24/01/2017,0,0,76.2(0.26 %),0,0,0,0,11452793,33.6
25/01/2017,10,836000,77.4(1.57 %),10,836000,0,0,11452783,33.6
02/02/2017,0,0,77.2(-0.26 %),0,0,0,0,11452783,33.6
03/02/2017,0,0,76(-1.55 %),0,0,0,0,11452783,33.6
06/02/2017,0,0,75(-1.32 %),0,0,0,0,11452783,33.6
07/02/2017,10900,827810000,75.6(0.80 %),10900,827810000,0,0,11441883,33.61
08/02/2017,100,7600000,76.9(1.72 %),100,7600000,0,0,11441783,33.61
09/02/2017,0,0,74.6(-2.99 %),0,0,0,0,11441783,33.61
10/02/2017,-4100,-305860000,74.5(-0.13 %),0,0,4100,305860000,11441783,33.61
13/02/2017,-21000,-1564530000,74.5(0.00 %),0,0,21000,1564530000,11441783,33.61
14/02/2017,-18800,-1405000000,74.5(0.00 %),0,0,18800,1405000000,11441783,33.61
15/02/2017,-59480,-4432468000,74.5(0.00 %),0,0,59480,4432468000,11445883,33.61
16/02/2017,-30000,-2261890000,74.5(0.00 %),100,7450000,30100,2269340000,11466783,33.58
17/02/2017,-12243,-912082000,74.5(0.00 %),0,0,12243,912082000,11485583,33.56
20/02/2017,200,14900000,74.1(-0.54 %),200,14900000,0,0,11544863,33.48
21/02/2017,-7600,-563750000,73.5(-0.81 %),100,7400000,7700,571150000,11574863,33.44
22/02/2017,0,0,73.2(-0.41 %),0,0,0,0,11587106,33.42
23/02/2017,100,7300000,73(-0.27 %),100,7300000,0,0,11587006,33.42
24/02/2017,100,7300000,72(-1.37 %),100,7300000,0,0,11594606,33.41
27/02/2017,100,7200000,71.8(-0.28 %),100,7200000,0,0,11594506,33.41
28/02/2017,0,0,70.5(-1.81 %),0,0,0,0,11594506,33.41
01/03/2017,0,0,70.3(-0.28 %),0,0,0,0,11594506,33.41
02/03/2017,0,0,70(-0.43 %),0,0,0,0,11594506,33.41
03/03/2017,0,0,70.1(0.14 %),0,0,0,0,11594506,33.41
06/03/2017,-300,-21300000,71.1(1.43 %),0,0,300,21300000,11594506,33.41
07/03/2017,-4900,-348320000,71.1(0.00 %),100,7130000,5000,355450000,11594406,33.41
08/03/2017,0,0,73.7(3.66 %),0,0,0,0,11594406,33.41
09/03/2017,0,0,72(-2.31 %),0,0,0,0,11594706,33.41
10/03/2017,-6100,-436030000,71.3(-0.97 %),0,0,6100,436030000,11599706,33.4
13/03/2017,-20000,-1425620000,71.3(0.00 %),0,0,20000,1425620000,11599706,33.4
14/03/2017,-20000,-1432880000,71.6(0.42 %),0,0,20000,1432880000,11599706,33.4
15/03/2017,0,0,72.3(0.98 %),0,0,0,0,11605806,33.39
16/03/2017,5000,369050000,73.9(2.21 %),5000,369050000,0,0,11620806,33.37
17/03/2017,0,0,73.5(-0.54 %),0,0,0,0,11640806,33.35
20/03/2017,-100,-7200000,73.4(-0.14 %),0,0,100,7200000,11640806,33.35
21/03/2017,0,0,73.1(-0.41 %),0,0,0,0,11640806,33.35
22/03/2017,0,0,72.8(-0.41 %),0,0,0,0,11640806,33.35
23/03/2017,0,0,73(0.27 %),0,0,0,0,11640906,33.35
24/03/2017,0,0,75(2.74 %),0,0,0,0,11640906,33.35
27/03/2017,-23000,-1708200000,73(-2.67 %),0,0,23000,1708200000,11640906,33.35
28/03/2017,0,0,74.7(2.33 %),0,0,0,0,11640906,33.35
29/03/2017,0,0,75.1(0.54 %),0,0,0,0,11640906,33.35
30/03/2017,-20000,-1508950000,77.9(3.73 %),0,0,20000,1508950000,11663906,33.32
31/03/2017,-6000,-475000000,78(0.13 %),0,0,6000,475000000,11663906,33.32
03/04/2017,-20000,-1513420000,75.3(-3.46 %),0,0,20000,1513420000,11663906,33.32
04/04/2017,0,0,76.7(1.86 %),0,0,0,0,11683906,33.29
05/04/2017,0,0,75.7(-1.30 %),0,0,0,0,11689906,33.28
07/04/2017,0,0,76(0.40 %),0,0,0,0,11709906,33.25
10/04/2017,-1420,-107920000,76(0.00 %),0,0,1420,107920000,11709906,33.25
11/04/2017,-20,-1500000,76(0.00 %),0,0,20,1500000,11709906,33.25
12/04/2017,-38100,-2894300000,75.7(-0.39 %),0,0,38100,2894300000,11709906,33.25
13/04/2017,-80000,-6022420000,75.8(0.13 %),0,0,80000,6022420000,11711326,33.25
14/04/2017,0,0,75.1(-0.92 %),0,0,0,0,11711346,33.25
17/04/2017,0,0,75(-0.13 %),0,0,0,0,11749446,33.2
18/04/2017,-1710,-128515000,75.5(0.67 %),0,0,1710,128515000,11829446,33.09
19/04/2017,-524,-39562000,75.6(0.13 %),0,0,524,39562000,11829446,33.09
20/04/2017,-600,-45600000,76(0.53 %),0,0,600,45600000,11829446,33.09
21/04/2017,0,0,76.3(0.39 %),0,0,0,0,11831156,33.09
24/04/2017,-300,-22770000,75.9(-0.52 %),0,0,300,22770000,11831680,33.09
25/04/2017,-800,-60400000,75.5(-0.53 %),0,0,800,60400000,11832280,33.09
26/04/2017,-210,-15750000,74.9(-0.79 %),0,0,210,15750000,11832280,33.09
27/04/2017,0,0,75(0.13 %),0,0,0,0,11832580,33.09
28/04/2017,0,0,75.5(0.67 %),0,0,0,0,11833380,33.09
03/05/2017,520,39010000,75(-0.66 %),520,39010000,0,0,11833070,33.09
04/05/2017,0,0,73.1(-2.53 %),0,0,0,0,11833070,33.09
05/05/2017,0,0,73.8(0.96 %),0,0,0,0,11833070,33.09
08/05/2017,-20000,-1461000000,73(-1.08 %),0,0,20000,1461000000,11833070,33.09
09/05/2017,0,0,73.5(0.68 %),0,0,0,0,11833070,33.09
10/05/2017,0,0,74(0.68 %),0,0,0,0,11833070,33.09
11/05/2017,0,0,74(0.00 %),0,0,0,0,11853070,33.06
12/05/2017,-600,-43800000,76.7(3.65 %),0,0,600,43800000,11853070,33.06
15/05/2017,0,0,78(1.69 %),0,0,0,0,11853070,33.06
16/05/2017,-4300,-326800000,77(-1.28 %),0,0,4300,326800000,11853070,33.06
17/05/2017,40,3080000,77(0.00 %),40,3080000,0,0,11853630,33.06
18/05/2017,10,760000,76.9(-0.13 %),10,760000,0,0,11853620,33.06
19/05/2017,220,16772000,77.4(0.65 %),220,16772000,0,0,11857700,33.06
22/05/2017,18,1386000,77(-0.52 %),18,1386000,0,0,11857682,33.06
23/05/2017,2513,193690800,77.5(0.65 %),4013,309200800,1500,115510000,11853669,33.06
24/05/2017,-1000,-76260000,76.5(-1.29 %),0,0,1000,76260000,11853669,33.06
25/05/2017,0,0,75.9(-0.78 %),0,0,0,0,11853669,33.06
26/05/2017,0,0,76.5(0.79 %),0,0,0,0,11855169,33.06
29/05/2017,5460,422394000,76.6(0.13 %),5500,425490000,40,3096000,11850669,33.06
30/05/2017,3560,274577000,78(1.83 %),3600,277680000,40,3103000,11847069,33.07
31/05/2017,5500,431720000,79.5(1.92 %),5500,431720000,0,0,11841569,33.08
01/06/2017,-5550,-367582000,66.4(1.53 %),0,0,5550,367582000,11841609,33.08
02/06/2017,-4699,-308833600,65.3(-1.66 %),1,66400,4700,308900000,11841648,33.08
05/06/2017,0,0,64.1(-1.84 %),0,0,0,0,11841648,33.08
06/06/2017,0,0,65(1.40 %),0,0,0,0,11847198,33.07
07/06/2017,-7600,-494000000,65(0.00 %),0,0,7600,494000000,11851898,33.06
08/06/2017,-10,-650000,66(1.54 %),0,0,10,650000,11851898,33.06
09/06/2017,0,0,65.9(-0.15 %),0,0,0,0,11851898,33.06
12/06/2017,0,0,65.5(-0.61 %),0,0,0,0,11859498,33.05
13/06/2017,-31000,-2009620000,65.5(0.00 %),0,0,31000,2009620000,11859508,33.05
14/06/2017,-28000,-1820370000,65(-0.76 %),0,0,28000,1820370000,11859508,33.05
15/06/2017,0,0,65.5(0.77 %),0,0,0,0,11859508,33.05
16/06/2017,0,0,65.2(-0.46 %),0,0,0,0,11890508,33.01
19/06/2017,0,0,65(-0.31 %),0,0,0,0,11918508,32.97
20/06/2017,10,650000,65.2(0.31 %),20,1310000,10,660000,11918488,32.97
21/06/2017,600,39240000,65.5(0.46 %),600,39240000,0,0,11917888,32.97
22/06/2017,0,0,65.5(0.00 %),0,0,0,0,11917888,32.97
23/06/2017,-600,-39300000,65.5(0.00 %),0,0,600,39300000,11917898,32.97
26/06/2017,0,0,66.4(1.37 %),0,0,0,0,11917898,32.97
27/06/2017,0,0,65.5(-1.36 %),0,0,0,0,11917898,32.97
28/06/2017,-25000,-1637560000,65.5(0.00 %),0,0,25000,1637560000,11918498,32.97
29/06/2017,0,0,66.3(1.22 %),0,0,0,0,11918498,32.97
30/06/2017,0,0,67(1.06 %),0,0,0,0,11918498,32.97
03/07/2017,0,0,66.1(-1.34 %),0,0,0,0,11943498,32.94
04/07/2017,0,0,66(-0.15 %),0,0,0,0,11943498,32.94
05/07/2017,0,0,65.8(-0.30 %),0,0,0,0,14311632,29.76
06/07/2017,-45400,-2973690000,65.5(-0.46 %),0,0,45400,2973690000,14311632,29.76
07/07/2017,0,0,66(0.76 %),0,0,0,0,14311632,29.76
10/07/2017,0,0,66(0.00 %),0,0,0,0,14311632,29.76
11/07/2017,4300,283200000,66(0.00 %),4300,283200000,0,0,14352732,29.7
12/07/2017,0,0,65.5(-0.76 %),0,0,0,0,14352732,32.92
13/07/2017,-706,-46014000,66(0.76 %),0,0,706,46014000,14352732,32.92
14/07/2017,-4000,-264000000,66(0.00 %),0,0,4000,264000000,14352732,32.92
17/07/2017,5000,347530000,68.1(3.18 %),20000,1364580000,15000,1017050000,14332732,32.94
18/07/2017,0,0,68(-0.15 %),0,0,0,0,14333438,32.94
19/07/2017,0,0,68(0.00 %),0,0,0,0,14337438,32.93
20/07/2017,0,0,68(0.00 %),0,0,0,0,14352438,32.92
21/07/2017,0,0,68(0.00 %),0,0,0,0,14352438,32.92
24/07/2017,0,0,67(-1.47 %),0,0,0,0,14352438,32.92
25/07/2017,-300,-19800000,66.5(-0.75 %),0,0,300,19800000,14352438,32.92
26/07/2017,-520,-34830000,67(0.75 %),0,0,520,34830000,14352438,32.92
27/07/2017,0,0,67.3(0.45 %),0,0,0,0,14352438,32.92
28/07/2017,-1215,-82255500,67.9(0.89 %),0,0,1215,82255500,14352738,32.92
31/07/2017,1000,67850000,67.9(0.00 %),1000,67850000,0,0,14352258,32.92
01/08/2017,0,0,66.9(-1.47 %),0,0,0,0,14352258,32.92
02/08/2017,0,0,66.9(0.00 %),0,0,0,0,14353473,32.92
03/08/2017,0,0,66.5(-0.60 %),0,0,0,0,14353473,32.92
04/08/2017,10700,708750000,66.3(-0.30 %),15500,1026510000,4800,317760000,14337973,32.93
07/08/2017,23381,1561516000,66.8(0.75 %),24000,1602910000,619,41394000,14313973,32.96
08/08/2017,-21200,-1411300000,66.6(-0.30 %),0,0,21200,1411300000,14313973,32.96
09/08/2017,-6800,-450260000,66.1(-0.75 %),0,0,6800,450260000,14318773,32.95
10/08/2017,0,0,66.1(0.00 %),0,0,0,0,14319392,32.95
11/08/2017,0,0,66.2(0.15 %),0,0,0,0,14340592,32.93
14/08/2017,0,0,66.2(0.00 %),0,0,0,0,14347392,32.92
15/08/2017,-14,-928200,66.8(0.91 %),0,0,14,928200,14347392,32.92
16/08/2017,15000,1009210000,67(0.30 %),15000,1009210000,0,0,14332392,32.94
17/08/2017,200,13200000,62(-7.46 %),200,13200000,0,0,14332192,32.94
18/08/2017,2400,158400000,66(6.45 %),2400,158400000,0,0,14329806,32.94
21/08/2017,6500,429000000,66(0.00 %),26500,1749000000,20000,1320000000,14303306,32.97
22/08/2017,18800,1240800000,66(0.00 %),23800,1570800000,5000,330000000,14279506,33.0
23/08/2017,-19200,-1267200000,65(-1.52 %),0,0,19200,1267200000,14279506,33.0
24/08/2017,2000,130000000,64(-1.54 %),2000,130000000,0,0,14297506,32.98
25/08/2017,0,0,63(-1.56 %),0,0,0,0,14302506,32.97
28/08/2017,0,0,64.5(2.38 %),0,0,0,0,14321706,32.95
29/08/2017,-7120,-460644000,65(0.78 %),2080,134696000,9200,595340000,14319626,32.95
30/08/2017,0,0,65(0.00 %),0,0,0,0,14319626,32.95
31/08/2017,-12200,-817400000,67(3.08 %),0,0,12200,817400000,14319626,32.95
01/09/2017,50,3296200,67(0.00 %),50,3296200,0,0,14328776,32.94
05/09/2017,0,0,68(1.49 %),0,0,0,0,14328776,32.94
06/09/2017,3000,204100000,68.1(0.15 %),3000,204100000,0,0,14337976,32.93
07/09/2017,3000,210950000,69(1.32 %),3000,210950000,0,0,14334976,32.94
08/09/2017,3530,246675000,69.8(1.16 %),3530,246675000,0,0,14331446,32.94
11/09/2017,3001,207669100,69.4(-0.57 %),3001,207669100,0,0,14328445,32.94
12/09/2017,-28,-1870400,69.5(0.14 %),0,0,28,1870400,14328445,32.94
13/09/2017,2600,180100000,68.5(-1.44 %),2600,180100000,0,0,14325845,32.95
14/09/2017,9,616500,68.5(0.00 %),9,616500,0,0,14325836,32.95
15/09/2017,0,0,68.5(0.00 %),0,0,0,0,14325864,32.95
18/09/2017,1000,70000000,69(0.73 %),1000,70000000,0,0,14324864,32.95
19/09/2017,0,0,67.2(-2.61 %),0,0,0,0,14324864,32.95
20/09/2017,0,0,68.5(1.93 %),0,0,0,0,14324864,32.95
21/09/2017,-4600,-322000000,69(0.73 %),0,0,4600,322000000,14324864,32.95
22/09/2017,-350,-23975000,69(0.00 %),0,0,350,23975000,14324864,32.95
25/09/2017,-1095700,-80894770000,68.6(-0.58 %),0,0,1095700,80894770000,14324864,32.95
26/09/2017,-891534,-65853985800,69.3(1.02 %),0,0,891534,65853985800,14329464,32.94
27/09/2017,-3188500,-235630140000,71.2(2.74 %),28900,2092410000,3217400,237722550000,14300914,32.97
28/09/2017,-1815100,-134067400000,71.5(0.42 %),3400,244800000,1818500,134312200000,15393214,31.75
29/09/2017,-6700,-474250000,71.5(0.00 %),0,0,6700,474250000,16284748,30.75
02/10/2017,34620,2509484000,72.5(1.40 %),52300,3795800000,17680,1286316000,19449848,27.21
03/10/2017,-14300,-1031910000,72(-0.69 %),0,0,14300,1031910000,21268348,25.17
04/10/2017,-30800,-2224740000,72.4(0.56 %),5000,361500000,35800,2586240000,21270048,25.17
05/10/2017,0,0,72(-0.55 %),0,0,0,0,21287728,25.15
06/10/2017,-10000,-719200000,72(0.00 %),0,0,10000,719200000,21302028,25.13
09/10/2017,-5289147,-390912463300,71.8(-0.28 %),27000,1942400000,5316147,392854863300,21310828,25.12
10/10/2017,-6900,-492820000,71.5(-0.42 %),100,7170000,7000,499990000,21310728,25.12
11/10/2017,1100,79910000,71.8(0.42 %),5700,410130000,4600,330220000,21315028,25.12
12/10/2017,-20980,-1489838000,71.9(0.14 %),9015771,666258366900,9036751,667748204900,26628675,19.16
13/10/2017,-5000,-357640000,71.8(-0.14 %),0,0,5000,357640000,26635675,19.15
16/10/2017,-1000,-71300000,71.3(-0.70 %),0,0,1000,71300000,26640275,19.15
17/10/2017,0,0,74(3.79 %),0,0,0,0,26663755,19.12
18/10/2017,4372775,323148072500,73.3(-0.95 %),4372775,323148072500,0,0,22295980,24.02
19/10/2017,-5000,-361810000,73(-0.41 %),0,0,5000,361810000,22296980,24.01
20/10/2017,-25900,-1766354800,76(4.11 %),4100,307655200,30000,2074010000,22292880,24.02
23/10/2017,-6800,-513340000,76(0.00 %),200,15000000,7000,528340000,22292680,24.02
24/10/2017,-21500,-1594370000,75(-1.32 %),100,7400000,21600,1601770000,22297580,24.01
25/10/2017,-11200,-822260000,73.4(-2.13 %),2100,153920000,13300,976180000,22325480,23.98
26/10/2017,-23300,-1709180000,77(4.90 %),5000,361000000,28300,2070180000,22327480,23.98
27/10/2017,-300,-22200000,74(-3.90 %),0,0,300,22200000,22349080,23.96
30/10/2017,0,0,73.5(-0.68 %),0,0,0,0,22362380,23.94
31/10/2017,0,0,73.2(-0.41 %),0,0,0,0,22390680,23.91
01/11/2017,-8200,-589340000,72.8(-0.55 %),0,0,8200,589340000,22390980,23.91
02/11/2017,-4620,-325950000,72(-1.10 %),0,0,4620,325950000,22390980,23.91
03/11/2017,-3500,-246200000,72(0.00 %),0,0,3500,246200000,22390980,23.91
06/11/2017,-861,-61931000,72(0.00 %),0,0,861,61931000,22399180,23.9
07/11/2017,-100,-7070000,71.5(1.42 %),0,0,100,7070000,22403800,23.89
08/11/2017,0,0,71.9(0.56 %),0,0,0,0,22407300,23.89
09/11/2017,-6,-426600,71.8(-0.14 %),0,0,6,426600,22408161,23.89
10/11/2017,10600,773950000,73.2(1.95 %),17000,1240920000,6400,466970000,22391261,23.91
13/11/2017,-20420,-1584400700,80.5(9.97 %),25000,1939420000,45420,3523820700,22366261,23.94
14/11/2017,-44400,-3661810000,79(-1.86 %),20000,1650000000,64400,5311810000,22346267,23.96
15/11/2017,-4900,-393220000,81(2.53 %),100,7900000,5000,401120000,22352567,23.95
16/11/2017,-20000,-1591140000,80.3(-0.86 %),1000,79200000,21000,1670340000,22396987,23.9
17/11/2017,-1000,-75490000,80.9(0.75 %),4000,321800000,5000,397290000,22457387,23.83
20/11/2017,10500,841350000,80.9(0.00 %),16500,1324500000,6000,483150000,22445887,23.85
21/11/2017,-560,-45210000,82.5(1.98 %),1000,81700000,1560,126910000,22465887,23.83
22/11/2017,-4820,-390820000,82(-0.61 %),180,14680000,5000,405500000,22470707,23.82
23/11/2017,-2400,-197290000,83(1.22 %),2000,164000000,4400,361290000,22474707,23.82
24/11/2017,-25000,-2050480000,82.5(-0.60 %),0,0,25000,2050480000,22476267,23.81
27/11/2017,-24900,-2060000000,82.7(0.24 %),2200,182060000,27100,2242060000,22479067,23.81
28/11/2017,-41400,-3429040000,82.9(0.24 %),100,8260000,41500,3437300000,22483367,23.81
29/11/2017,-96200,-8091960000,87.7(5.79 %),8000,688000000,104200,8779960000,22500367,23.79
30/11/2017,-21900,-1917160000,85.6(-2.39 %),5100,434250000,27000,2351410000,22522367,23.76
01/12/2017,-9000,-742870000,82.4(-3.74 %),1000,82500000,10000,825370000,22562867,23.72
04/12/2017,-5200,-411370000,81(-1.70 %),8800,711060000,14000,1122430000,22658267,23.61
05/12/2017,-4000,-297660000,77(-4.94 %),50000,3948100000,54000,4245760000,22635267,23.64
06/12/2017,-27700,-2159860000,78.9(2.47 %),0,0,27700,2159860000,22645267,23.62
07/12/2017,2000,156100000,76.7(-2.79 %),2000,156100000,0,0,22657267,23.61
08/12/2017,-44400,-3318980000,73.8(-3.78 %),5600,421920000,50000,3740900000,22705667,23.56
11/12/2017,-12200,-884760000,72.5(-1.76 %),0,0,12200,884760000,22733367,23.53
12/12/2017,1089,77162400,74.5(2.76 %),12100,883950000,11011,806787600,22721267,23.54
13/12/2017,-47400,-3506960000,73.9(-0.81 %),0,0,47400,3506960000,22771267,23.48
14/12/2017,-20000,-1481440000,73.9(0.00 %),0,0,20000,1481440000,22783467,23.47
15/12/2017,-5000,-371000000,75(1.49 %),0,0,5000,371000000,22794478,23.46
18/12/2017,-10000,-748760000,75.2(0.27 %),0,0,10000,748760000,22841878,23.4
19/12/2017,0,0,72.9(-3.06 %),0,0,0,0,22861878,23.38
20/12/2017,-50000,-3599060000,72.5(-0.55 %),0,0,50000,3599060000,22866878,23.38
21/12/2017,-15000,-1083550000,72.6(0.14 %),0,0,15000,1083550000,22876878,23.36
22/12/2017,-37100,-2640220000,72.6(0.00 %),100,7090000,37200,2647310000,22876778,23.36
25/12/2017,-6000,-428400000,71.5(-1.52 %),0,0,6000,428400000,22926778,23.31
26/12/2017,-16059,-1120989600,70(-2.10 %),24800,1737070000,40859,2858059600,22916978,23.32
27/12/2017,-20205,-1381063500,68(-2.86 %),100,7040000,20305,1388103500,22954078,23.28
28/12/2017,-24700,-1720530000,71(4.41 %),13300,904750000,38000,2625280000,22946778,23.29
29/12/2017,-43000,-2978490000,70(-1.41 %),31400,2166740000,74400,5145230000,22956237,23.28
02/01/2018,-37600,-2570540000,67.7(-3.29 %),100,7050000,37700,2577590000,22976442,23.25
03/01/2018,-24937,-1674111400,66.1(-2.36 %),100,6730000,25037,1680841400,23014342,23.21
04/01/2018,-22800,-1517960000,66.2(0.15 %),10200,677440000,33000,2195400000,23078542,23.14
05/01/2018,-7490,-492973000,66.2(0.00 %),15000,996480000,22490,1489453000,23101242,23.11
08/01/2018,-4800,-303570000,66.3(0.15 %),30700,2051840000,35500,2355410000,23095579,23.12
09/01/2018,-36420,-2414030000,66.3(0.00 %),0,0,36420,2414030000,23128579,23.08
10/01/2018,-2100,-139230000,68.3(3.02 %),0,0,2100,139230000,23151069,23.06
11/01/2018,0,0,69(1.02 %),0,0,0,0,23186569,23.02
12/01/2018,500,34600000,68.8(-0.29 %),500,34600000,0,0,23222489,22.98
15/01/2018,0,0,69(0.29 %),0,0,0,0,23224589,22.98
16/01/2018,0,0,68.9(-0.14 %),0,0,0,0,23224589,22.98
17/01/2018,4800,332250000,68(-1.31 %),4800,332250000,0,0,23219789,22.98
18/01/2018,1500,102900000,68(0.00 %),1500,102900000,0,0,23218289,22.98
19/01/2018,1100,74670000,67.7(-0.44 %),1100,74670000,0,0,23217189,22.98
22/01/2018,1100,76840000,69.3(2.36 %),1100,76840000,0,0,23216089,22.98
23/01/2018,4000,282120000,70(1.01 %),4000,282120000,0,0,23212089,22.99
24/01/2018,700,49000000,70(0.00 %),700,49000000,0,0,23211389,22.99
25/01/2018,900,61800000,69(-1.43 %),1000,68700000,100,6900000,23210389,22.99
26/01/2018,0,0,68(-1.45 %),0,0,0,0,23210389,22.99
29/01/2018,0,0,67.5(-0.74 %),0,0,0,0,23210389,22.99
30/01/2018,0,0,68(0.74 %),0,0,0,0,23210489,22.99
31/01/2018,1900,127410000,67(-1.47 %),1900,127410000,0,0,23208589,22.99
01/02/2018,-1500,-100200000,66.4(-0.90 %),500,33400000,2000,133600000,23208089,22.99
02/02/2018,-2400,-158720000,65.6(-1.20 %),400,26240000,2800,184960000,23207689,22.99
05/02/2018,800,52000000,63(-3.96 %),800,52000000,0,0,23206889,23.0
06/02/2018,41000,2423500000,60(-4.76 %),41000,2423500000,0,0,23167889,23.04
07/02/2018,0,0,63(5.00 %),0,0,0,0,23170689,23.04
08/02/2018,0,0,64.8(2.86 %),0,0,0,0,23170689,23.04
09/02/2018,18000,1137320000,64(-1.23 %),18000,1137320000,0,0,23152689,23.06
12/02/2018,0,0,64.5(0.78 %),0,0,0,0,23152689,23.06
13/02/2018,-4000,-274000000,68.5(6.20 %),0,0,4000,274000000,23152689,23.06
21/02/2018,-3600,-246600000,69.4(1.31 %),0,0,3600,246600000,23152689,23.06
22/02/2018,16500,1152200000,68.2(-1.73 %),16500,1152200000,0,0,23136189,23.07
23/02/2018,15000,1046880000,69.9(2.49 %),15000,1046880000,0,0,23125189,23.09
26/02/2018,1600,109300000,67.6(-3.29 %),1600,109300000,0,0,23127189,23.08
27/02/2018,0,0,68.6(1.48 %),0,0,0,0,23127189,23.08
28/02/2018,0,0,68.7(0.15 %),0,0,0,0,23127189,23.08
01/03/2018,800,54400000,67.7(-1.46 %),1000,68000000,200,13600000,23126189,23.09
02/03/2018,4000,268100000,67(-1.03 %),4000,268100000,0,0,23122189,23.09
05/03/2018,100,6770000,68.7(2.54 %),100,6770000,0,0,23122089,23.09
06/03/2018,900,60930000,67(-2.47 %),900,60930000,0,0,23121389,23.09
07/03/2018,0,0,66.4(-0.90 %),0,0,0,0,23121389,23.09
08/03/2018,0,0,66(-0.60 %),0,0,0,0,23121389,23.09
09/03/2018,2400,157200000,67(1.52 %),2400,157200000,0,0,23118989,23.09
12/03/2018,0,0,65.5(-2.24 %),0,0,0,0,23118989,23.09
13/03/2018,0,0,65(-0.76 %),0,0,0,0,23118989,23.09
14/03/2018,0,0,65.8(1.23 %),0,0,0,0,23118989,23.09
15/03/2018,0,0,64.5(-1.98 %),0,0,0,0,23118989,23.09
16/03/2018,0,0,64.5(0.00 %),0,0,0,0,23118989,23.09
19/03/2018,0,0,63.8(-1.09 %),0,0,0,0,23118989,23.09
20/03/2018,0,0,63(-1.25 %),0,0,0,0,23118989,23.09
21/03/2018,-100,-6330000,63.2(0.32 %),68720,4343104000,68820,4349434000,23118989,23.09
22/03/2018,0,0,63.5(0.47 %),0,0,0,0,23118989,23.09
23/03/2018,16800,1054200000,64(0.79 %),22000,1377640000,5200,323440000,23096989,23.12
26/03/2018,-5100,-321300000,63.1(-1.41 %),0,0,5100,321300000,23097089,23.12
27/03/2018,0,0,62(-1.74 %),0,0,0,0,23097089,23.12
28/03/2018,1200,75600000,62.5(0.81 %),1200,75600000,0,0,23101089,23.11
29/03/2018,0,0,62(-0.80 %),0,0,0,0,23106189,23.11
30/03/2018,0,0,62(0.00 %),0,0,0,0,23106189,23.11
02/04/2018,2700,167820000,62(0.00 %),2700,167820000,0,0,23103489,23.11
03/04/2018,-6000,-366000000,61.2(-1.29 %),18144,1106784000,24144,1472784000,23103489,23.11
04/04/2018,0,0,61.2(0.00 %),0,0,0,0,23103489,23.11
05/04/2018,38300,2358410000,61.5(0.49 %),46300,2850810000,8000,492400000,23057189,23.16
06/04/2018,8000,496000000,62(0.81 %),10000,620000000,2000,124000000,23053189,23.17
09/04/2018,10000,620000000,62(0.00 %),10000,620000000,0,0,23043189,23.18
10/04/2018,-2000,-122000000,61(-1.61 %),0,0,2000,122000000,23051189,23.17
11/04/2018,-2000,-121910000,60.2(-1.31 %),1700,102340000,3700,224250000,23051489,23.17
12/04/2018,-800,-48020000,60(-0.33 %),200,12040000,1000,60060000,23051289,23.17
13/04/2018,-4900,-288760000,58.4(-2.67 %),100,5860000,5000,294620000,23053189,23.17
16/04/2018,-14000,-801030000,56.5(-3.25 %),0,0,14000,801030000,23056889,23.16
17/04/2018,-5600,-315260000,57.6(1.95 %),0,0,5600,315260000,23057889,23.16
18/04/2018,-5900,-332870000,56(-2.78 %),0,0,5900,332870000,23062889,23.16
19/04/2018,-19900,-1111930000,55.8(-0.36 %),0,0,19900,1111930000,23076889,23.14
20/04/2018,-5700,-319480000,56.3(0.90 %),0,0,5700,319480000,23082489,23.13
23/04/2018,-11800,-661380000,55(-2.31 %),0,0,11800,661380000,23088389,23.13
24/04/2018,-12500,-688600000,55(0.00 %),1000,55400000,13500,744000000,23107289,23.11
26/04/2018,6100,344150000,56(1.82 %),11000,617580000,4900,273430000,23101989,23.11
27/04/2018,5500,313320000,57(1.79 %),15200,858450000,9700,545130000,23098589,23.12
02/05/2018,-3300,-187260000,56.6(-0.70 %),0,0,3300,187260000,23112089,23.1
03/05/2018,-5600,-316400000,56.1(-0.88 %),0,0,5600,316400000,23116989,23.1
04/05/2018,-3500,-197700000,56.7(1.07 %),0,0,3500,197700000,23126689,23.08
07/05/2018,-2500,-140530000,57(0.53 %),0,0,2500,140530000,23129989,23.08
08/05/2018,-8200,-461060000,55.9(-1.93 %),0,0,8200,461060000,23135589,23.07
09/05/2018,-3000,-161400000,54.5(-2.50 %),0,0,3000,161400000,23139089,23.07
10/05/2018,-1200,-64870000,54(-0.92 %),0,0,1200,64870000,23141589,23.07
11/05/2018,0,0,53(-1.85 %),0,0,0,0,23149789,23.06
14/05/2018,0,0,53(0.00 %),0,0,0,0,23152789,23.06
15/05/2018,-1200,-64800000,54(1.89 %),0,0,1200,64800000,23153989,23.05
16/05/2018,0,0,54(0.00 %),0,0,0,0,23153989,23.05
17/05/2018,0,0,53.5(-0.93 %),0,0,0,0,23153989,23.05
18/05/2018,0,0,54(0.93 %),0,0,0,0,23155189,23.05
21/05/2018,0,0,53.3(-1.30 %),0,0,0,0,23155189,23.05
22/05/2018,0,0,52.8(-0.94 %),0,0,0,0,23155189,23.05
23/05/2018,-1200,-61550000,52(-1.52 %),0,0,1200,61550000,23155189,23.05
24/05/2018,0,0,52.1(0.19 %),0,0,0,0,23155189,23.05
25/05/2018,0,0,51.9(-0.38 %),0,0,0,0,23155189,23.05
28/05/2018,400,20800000,50.1(-3.47 %),400,20800000,0,0,23155989,23.05
29/05/2018,0,0,51.4(5.76 %),0,0,0,0,23155989,23.05
30/05/2018,0,0,53(3.11 %),0,0,0,0,23155989,23.05
31/05/2018,0,0,53(0.00 %),0,0,0,0,23155989,23.05
01/06/2018,0,0,53(0.00 %),0,0,0,0,23155989,23.05
04/06/2018,1800,95120000,52.9(-0.19 %),1900,100410000,100,5290000,23154089,23.05
05/06/2018,-1100,-55900000,51(-3.59 %),0,0,1100,55900000,23154089,23.05
06/06/2018,-4900,-250020000,51.2(0.39 %),0,0,4900,250020000,23154089,23.05
07/06/2018,-15302,-780201000,51(-0.39 %),0,0,15302,780201000,23154189,23.05
08/06/2018,-1300,-66300000,51(0.00 %),0,0,1300,66300000,23155289,23.05
11/06/2018,-2300,-117450000,51(0.00 %),0,0,2300,117450000,23160189,23.05
12/06/2018,-7200,-365240000,50.5(-0.98 %),0,0,7200,365240000,23175491,23.03
13/06/2018,0,0,49.9(-1.19 %),0,0,0,0,23176791,23.03
14/06/2018,-10300,-512670000,49.9(0.00 %),0,0,10300,512670000,23179091,23.03
15/06/2018,-2400,-117200000,48.5(-2.81 %),0,0,2400,117200000,23186291,23.02
18/06/2018,0,0,48.4(-0.21 %),0,0,0,0,23186291,23.02
19/06/2018,-4200,-193570000,47.5(-1.86 %),0,0,4200,193570000,23196591,23.01
20/06/2018,0,0,47.9(0.84 %),0,0,0,0,23198991,23.0
21/06/2018,-1100,-50900000,46.2(-3.55 %),0,0,1100,50900000,23198991,23.0
22/06/2018,800,39320000,49.4(6.93 %),800,39320000,0,0,23202391,23.0
25/06/2018,0,0,46.8(-5.26 %),0,0,0,0,23202391,23.0
26/06/2018,0,0,48(2.56 %),0,0,0,0,23203491,23.0
27/06/2018,0,0,47.5(-1.04 %),0,0,0,0,23203491,23.0
28/06/2018,-900,-41400000,46(-3.16 %),0,0,900,41400000,23203491,23.0
29/06/2018,-1000,-45990000,46(0.00 %),0,0,1000,45990000,23203491,23.0
02/07/2018,-100,-4600000,44.7(-2.83 %),0,0,100,4600000,23203491,23.0
03/07/2018,-200,-8900000,40.4(-9.62 %),0,0,200,8900000,23204391,23.0
04/07/2018,0,0,42(3.96 %),0,0,0,0,23205391,23.0
05/07/2018,0,0,41(-2.38 %),0,0,0,0,23205491,23.0
06/07/2018,-2900,-120470000,41(0.00 %),0,0,2900,120470000,23205691,23.0
09/07/2018,-2300,-96590000,42.4(3.41 %),0,0,2300,96590000,23205691,23.0
10/07/2018,-500,-21500000,43(1.42 %),0,0,500,21500000,23205691,23.0
11/07/2018,0,0,42(-2.33 %),0,0,0,0,23208591,22.99
12/07/2018,0,0,42.5(1.19 %),0,0,0,0,23210891,22.99
13/07/2018,-2059,-86389500,43(1.18 %),0,0,2059,86389500,23211391,22.99
16/07/2018,0,0,43.4(0.93 %),0,0,0,0,23211391,22.99
17/07/2018,0,0,43.5(0.23 %),0,0,0,0,23211391,22.99
18/07/2018,0,0,43.8(0.69 %),0,0,0,0,23213450,22.99
19/07/2018,-10700,-453670000,42.3(-3.42 %),0,0,10700,453670000,23213450,22.99
20/07/2018,0,0,42.5(0.47 %),0,0,0,0,23213450,22.99
23/07/2018,0,0,43.5(2.35 %),0,0,0,0,23213450,22.99
24/07/2018,0,0,42.7(-1.84 %),0,0,0,0,23224150,22.98
25/07/2018,0,0,42.3(-0.94 %),0,0,0,0,23224150,22.98
26/07/2018,0,0,42.6(0.71 %),0,0,0,0,23224150,22.98
27/07/2018,0,0,43.6(2.35 %),0,0,0,0,23224150,22.98
30/07/2018,0,0,44.2(1.38 %),0,0,0,0,23224150,22.98
31/07/2018,0,0,44.2(0.00 %),0,0,0,0,23224150,22.98
01/08/2018,0,0,44.5(-1.98 %),0,0,0,0,23224150,22.98
02/08/2018,0,0,44.5(0.00 %),0,0,0,0,23224150,22.98
03/08/2018,4100,176300000,44.7(0.45 %),4100,176300000,0,0,23220050,22.98
06/08/2018,0,0,44.7(0.00 %),0,0,0,0,23220050,22.98
07/08/2018,0,0,44.7(0.00 %),0,0,0,0,23220050,22.98
08/08/2018,3700,165760000,44(-1.57 %),3700,165760000,0,0,23216350,22.98
09/08/2018,0,0,45.4(3.18 %),0,0,0,0,23216350,22.98
10/08/2018,0,0,44.5(-1.98 %),0,0,0,0,23216350,22.98
13/08/2018,0,0,45(1.12 %),0,0,0,0,23216350,22.98
14/08/2018,0,0,44.8(-0.44 %),0,0,0,0,23216350,22.98
15/08/2018,0,0,43.6(-2.68 %),0,0,0,0,23216350,22.98
16/08/2018,0,0,44(0.92 %),0,0,0,0,23216350,22.98
17/08/2018,0,0,43.9(-0.23 %),0,0,0,0,23216350,22.98
20/08/2018,-900,-39510000,44(0.23 %),0,0,900,39510000,23216350,22.98
21/08/2018,0,0,44(0.00 %),0,0,0,0,23216350,22.98
22/08/2018,0,0,44(0.00 %),0,0,0,0,23216350,22.98
23/08/2018,-8500,-370250000,44.5(1.14 %),100,4330000,8600,374580000,23217150,22.98
24/08/2018,0,0,45(1.12 %),0,0,0,0,23217150,22.98
27/08/2018,10000,459050000,45.5(1.11 %),10000,459050000,0,0,23207150,22.99
28/08/2018,0,0,46.4(1.98 %),0,0,0,0,23215750,22.99
29/08/2018,13500,644500000,48.4(4.31 %),13500,644500000,0,0,23202250,23.0
30/08/2018,-2,-90200,48.4(0.00 %),0,0,2,90200,23202250,23.0
31/08/2018,20,968000,48.4(0.00 %),20,968000,0,0,23202230,23.0
04/09/2018,0,0,48.3(-0.21 %),0,0,0,0,23202230,23.0
05/09/2018,0,0,48(-0.62 %),0,0,0,0,23202232,23.0
06/09/2018,16000,772830000,48.5(1.04 %),16000,772830000,0,0,23186232,23.02
07/09/2018,6000,291150000,48.3(-0.41 %),6000,291150000,0,0,23180232,23.02
10/09/2018,0,0,46.7(-3.31 %),0,0,0,0,23180232,23.02
11/09/2018,-100,-4800000,49.6(6.21 %),0,0,100,4800000,23180232,23.02
12/09/2018,0,0,49.6(0.00 %),0,0,0,0,23180232,23.02
13/09/2018,0,0,49.6(0.00 %),0,0,0,0,23180232,23.02
14/09/2018,0,0,45.8(-7.66 %),0,0,0,0,23180332,23.02
17/09/2018,0,0,47.9(4.59 %),0,0,0,0,23180332,23.02
18/09/2018,4900,242320000,48.1(0.42 %),5000,247110000,100,4790000,23175332,23.03
19/09/2018,-1900,-91200000,48.5(0.83 %),5000,240000000,6900,331200000,23170332,23.04
20/09/2018,1000,48500000,48.5(0.00 %),1000,48500000,0,0,23169332,23.04
21/09/2018,11020,554638000,51.5(6.19 %),11020,554638000,0,0,23158412,23.05
24/09/2018,200,9800000,50.9(-1.17 %),200,9800000,0,0,23165112,23.04
25/09/2018,15300,780500000,51.6(1.38 %),15500,790680000,200,10180000,23149612,23.06
26/09/2018,0,0,50(-3.10 %),0,0,0,0,23149612,23.06
27/09/2018,0,0,49.5(-1.00 %),0,0,0,0,23149612,23.06
28/09/2018,200,9900000,49.4(-0.20 %),200,9900000,0,0,23149612,23.06
01/10/2018,0,0,51.8(4.86 %),0,0,0,0,23149612,23.06
02/10/2018,0,0,51.8(0.00 %),0,0,0,0,23149612,23.06
03/10/2018,0,0,50(-3.47 %),0,0,0,0,23149612,23.06
04/10/2018,400,19960000,49.9(-0.20 %),400,19960000,0,0,23149212,23.06
05/10/2018,0,0,47.6(-4.61 %),0,0,0,0,23149212,23.06
08/10/2018,0,0,49.8(4.62 %),0,0,0,0,23149212,23.06
09/10/2018,300,14430000,49(-1.61 %),300,14430000,0,0,23148912,23.06
10/10/2018,0,0,48.1(-1.84 %),0,0,0,0,23148912,23.06
11/10/2018,0,0,47.5(-1.25 %),0,0,0,0,23148912,23.06
12/10/2018,0,0,47.5(0.00 %),0,0,0,0,23148912,23.06
15/10/2018,200,9120000,45.6(-4.00 %),200,9120000,0,0,23148712,23.06
16/10/2018,-10,-456000,47(3.07 %),0,0,10,456000,23148712,23.06
17/10/2018,-30,-1350000,45.1(-4.04 %),0,0,30,1350000,23148712,23.06
18/10/2018,0,0,47.9(6.21 %),0,0,0,0,23148712,23.06
19/10/2018,0,0,45.2(-5.64 %),0,0,0,0,23148722,23.06
22/10/2018,0,0,45.3(0.22 %),0,0,0,0,23148752,23.06
23/10/2018,600,27180000,45(-0.66 %),600,27180000,0,0,23148152,23.06
24/10/2018,0,0,45(0.00 %),0,0,0,0,23148152,23.06
25/10/2018,0,0,43(-4.44 %),0,0,0,0,23148152,23.06
26/10/2018,-3900,-167700000,43(0.00 %),0,0,3900,167700000,23148152,23.06
29/10/2018,0,0,43(0.00 %),0,0,0,0,23148152,23.06
30/10/2018,0,0,43(0.00 %),0,0,0,0,23148152,23.06
31/10/2018,0,0,45.9(6.74 %),0,0,0,0,23152052,23.06
01/11/2018,0,0,42.6(-7.19 %),0,0,0,0,23152052,23.06
02/11/2018,0,0,44(3.29 %),0,0,0,0,23152052,23.06
05/11/2018,0,0,40.6(-7.73 %),0,0,0,0,23152052,23.06
06/11/2018,-40,-1638000,40.7(0.25 %),0,0,40,1638000,23152052,23.06
07/11/2018,0,0,41.5(1.97 %),0,0,0,0,23152052,23.06
08/11/2018,0,0,42.2(1.69 %),0,0,0,0,23152052,23.06
09/11/2018,0,0,42.2(0.00 %),0,0,0,0,23152092,23.06
12/11/2018,0,0,42(-0.47 %),0,0,0,0,23152092,23.06
13/11/2018,0,0,41.5(-1.19 %),0,0,0,0,23152092,23.06
14/11/2018,-200,-8380000,41.5(0.00 %),0,0,200,8380000,23152092,23.06
15/11/2018,-900,-37440000,43.8(5.54 %),0,0,900,37440000,23152092,23.06
16/11/2018,300,13350000,44.5(1.60 %),1000,44080000,700,30730000,23151092,23.06
19/11/2018,-600,-24960000,41.5(-6.74 %),0,0,600,24960000,23151292,23.06
20/11/2018,-700,-29500000,42(1.20 %),0,0,700,29500000,23152192,23.06
21/11/2018,-100,-4230000,42.3(0.71 %),0,0,100,4230000,23152892,23.06
22/11/2018,-300,-12520000,42(-0.71 %),0,0,300,12520000,23153492,23.05
23/11/2018,0,0,43.9(4.52 %),0,0,0,0,23154192,23.05
26/11/2018,-300,-12300000,41(-6.61 %),0,0,300,12300000,23154292,23.05
27/11/2018,-600,-24850000,42(2.44 %),0,0,600,24850000,23154592,23.05
28/11/2018,-200,-8200000,41(-2.38 %),0,0,200,8200000,23154592,23.05
29/11/2018,-700,-28900000,43(4.88 %),0,0,700,28900000,23154892,23.05
03/12/2018,0,0,43(2.63 %),0,0,0,0,23155692,23.05
04/12/2018,-700,-30100000,43(0.00 %),0,0,700,30100000,23156392,23.05
05/12/2018,0,0,43.5(1.16 %),0,0,0,0,23156392,23.05
06/12/2018,-600,-24960000,42(-3.45 %),0,0,600,24960000,23156392,23.05
07/12/2018,0,0,42(0.00 %),0,0,0,0,23157092,23.05
10/12/2018,-400,-16800000,42(0.00 %),0,0,400,16800000,23157092,23.05
11/12/2018,4000,168000000,42(0.00 %),4000,168000000,0,0,23153692,23.05
12/12/2018,0,0,42(0.00 %),0,0,0,0,23153692,23.05
13/12/2018,0,0,42(0.00 %),0,0,0,0,23154092,23.05
14/12/2018,100,4200000,42(0.00 %),100,4200000,0,0,23153992,23.05
17/12/2018,0,0,42(0.00 %),0,0,0,0,23153992,23.05
18/12/2018,-2300,-94200000,42(0.00 %),100,4200000,2400,98400000,23153892,23.05
19/12/2018,-300,-12600000,42.5(1.19 %),0,0,300,12600000,23153892,23.05
20/12/2018,0,0,42.7(0.47 %),0,0,0,0,23153892,23.05
21/12/2018,0,0,42.7(0.00 %),0,0,0,0,23156292,23.05
24/12/2018,200,8220000,41(-3.98 %),200,8220000,0,0,23156392,23.05
25/12/2018,-900,-36450000,40.5(-1.22 %),0,0,900,36450000,23156392,23.05
26/12/2018,0,0,41(1.23 %),0,0,0,0,23156392,23.05
27/12/2018,-10000,-410000000,40.5(-1.22 %),0,0,10000,410000000,23156392,23.05
28/12/2018,-400,-16200000,40.5(0.00 %),0,0,400,16200000,23157292,23.05
02/01/2019,0,0,40.5(0.00 %),0,0,0,0,23157292,23.05
03/01/2019,0,0,40.2(-0.74 %),0,0,0,0,23157292,23.05
04/01/2019,0,0,40.2(0.00 %),0,0,0,0,23157292,23.05
07/01/2019,600,24300000,40.5(0.75 %),600,24300000,0,0,23156692,23.05
08/01/2019,0,0,42.5(4.94 %),0,0,0,0,23156692,23.05
09/01/2019,0,0,41(-3.53 %),0,0,0,0,23156692,23.05
10/01/2019,0,0,40.8(-0.49 %),0,0,0,0,23156692,23.05
11/01/2019,0,0,41(0.49 %),0,0,0,0,23156692,23.05
14/01/2019,0,0,40.8(-0.49 %),0,0,0,0,23156692,23.05
15/01/2019,0,0,42.2(3.43 %),0,0,0,0,23156692,23.05
16/01/2019,0,0,42.2(0.00 %),0,0,0,0,23156692,23.05
17/01/2019,0,0,41.1(-2.61 %),0,0,0,0,23156692,23.05
18/01/2019,0,0,41(-0.24 %),0,0,0,0,23156692,23.05
21/01/2019,0,0,41(0.00 %),0,0,0,0,23156692,0.01
22/01/2019,-1400,-57400000,41(0.00 %),0,0,1400,57400000,23158092,23.05
23/01/2019,0,0,41(0.00 %),0,0,0,0,23158092,23.05
24/01/2019,-2400,-98400000,41(0.00 %),0,0,2400,98400000,23160492,0.01
25/01/2019,-700,-28800000,41(0.00 %),0,0,700,28800000,23161192,23.05
28/01/2019,-100,-4110000,41.1(0.24 %),0,0,100,4110000,23161292,0.01
29/01/2019,-200,-8200000,41(-0.24 %),0,0,200,8200000,23161492,23.05
30/01/2019,0,0,41(0.00 %),0,0,0,0,23161492,0.01
31/01/2019,0,0,41(0.00 %),0,0,0,0,23161492,23.05
01/02/2019,-12058,-494343200,41(0.00 %),0,0,12058,494343200,23171692,23.03
11/02/2019,0,0,41(0.00 %),0,0,0,0,23171692,23.03
12/02/2019,-19500,-798750000,40.5(-1.22 %),0,0,19500,798750000,23191192,23.01
13/02/2019,-5900,-240320000,40.5(0.00 %),0,0,5900,240320000,23197092,23.01
14/02/2019,-151900,-6144030000,39.7(-1.98 %),0,0,151900,6144030000,23348992,22.84
15/02/2019,-155300,-6057320000,39(-1.76 %),0,0,155300,6057320000,23504292,22.66
18/02/2019,-52800,-2073400000,39(0.00 %),0,0,52800,2073400000,23557092,22.6
19/02/2019,-23900,-930860000,39(0.00 %),0,0,23900,930860000,23580992,22.58
20/02/2019,-4500,-174700000,38.6(-1.03 %),0,0,4500,174700000,23585492,22.57
21/02/2019,-15300,-588410000,37.1(-3.89 %),0,0,15300,588410000,23600792,22.55
22/02/2019,0,0,37.2(0.27 %),0,0,0,0,23600792,0.0
25/02/2019,-6100,-237900000,39(4.84 %),0,0,6100,237900000,23606892,22.55
26/02/2019,-19244,-748622000,38.9(-0.26 %),20000,772800000,39244,1521422000,23626136,22.53
27/02/2019,-4500,-173000000,38.8(-0.26 %),0,0,4500,173000000,23630636,22.52
28/02/2019,-1200,-46070000,38(-2.06 %),0,0,1200,46070000,23631836,22.52
01/03/2019,-2900,-110450000,38(0.00 %),0,0,2900,110450000,23638394,22.51
04/03/2019,-5100,-193230000,37.5(-1.32 %),100,3800000,5200,197030000,23643494,22.51
05/03/2019,-6100,-231190000,37.7(0.53 %),0,0,6100,231190000,23649594,0.0
06/03/2019,-3100,-115740000,37.3(-1.06 %),0,0,3100,115740000,23652694,22.5
07/03/2019,-3900,-144980000,37.4(0.27 %),0,0,3900,144980000,23656594,0.0
08/03/2019,-1100,-42350000,37.5(0.27 %),0,0,1100,42350000,23657694,0.0
11/03/2019,-3600,-136800000,37.6(0.27 %),0,0,3600,136800000,23661294,0.0
12/03/2019,-15600,-592800000,37.9(0.80 %),1500,57000000,17100,649800000,23676894,22.47
13/03/2019,-2900,-110380000,38(0.26 %),0,0,2900,110380000,23679794,22.47
14/03/2019,-23400,-889720000,38(0.00 %),0,0,23400,889720000,23703194,22.44
15/03/2019,-31900,-1212200000,38(0.00 %),1000,38000000,32900,1250200000,23735094,0.0
18/03/2019,0,0,38.5(1.32 %),0,0,0,0,23735094,22.4
19/03/2019,-13800,-531300000,38.5(0.00 %),0,0,13800,531300000,23748894,22.39
20/03/2019,-9200,-352160000,38.2(-0.78 %),0,0,9200,352160000,23758094,0.0
21/03/2019,-17700,-676140000,38.2(0.00 %),0,0,17700,676140000,23775794,22.36
22/03/2019,-1500,-57300000,38(-0.52 %),0,0,1500,57300000,23777294,22.36
25/03/2019,-1100,-41800000,38(0.00 %),0,0,1100,41800000,23778394,0.0
26/03/2019,-2200,-83600000,38(0.00 %),0,0,2200,83600000,23780594,22.35
27/03/2019,-4700,-178600000,38(0.00 %),0,0,4700,178600000,23785294,22.35
28/03/2019,-8400,-319200000,38(0.00 %),0,0,8400,319200000,23793694,22.34
29/03/2019,-56240,-2137120000,38(0.00 %),0,0,56240,2137120000,23849934,22.27
01/04/2019,-1500,-57000000,38(0.00 %),0,0,1500,57000000,23789194,22.34
02/04/2019,-1000,-38000000,38(0.00 %),0,0,1000,38000000,23790194,22.34
03/04/2019,0,0,38(0.00 %),0,0,0,0,23790194,22.34
04/04/2019,-6100,-231800000,38(0.00 %),0,0,6100,231800000,23796294,22.33
05/04/2019,-3519,-133722000,38(0.00 %),0,0,3519,133722000,23799813,22.33
08/04/2019,-200,-7600000,37.9(-0.26 %),100,3800000,300,11400000,23800013,22.33
09/04/2019,-15510,-589380000,37.9(0.00 %),400,15200000,15910,604580000,23815523,22.31
10/04/2019,-8500,-323000000,37.9(0.00 %),0,0,8500,323000000,23824023,22.3
11/04/2019,-70,-2618000,37.9(0.00 %),0,0,70,2618000,23824093,22.3
12/04/2019,0,0,37.9(0.00 %),0,0,0,0,23824093,22.3
16/04/2019,0,0,37.2(-1.85 %),0,0,0,0,23824093,0.08
17/04/2019,0,0,37.2(0.00 %),0,0,0,0,23824093,22.3
18/04/2019,0,0,37.4(0.54 %),0,0,0,0,23824093,22.3
19/04/2019,-10,-374000,36.7(-1.87 %),0,0,10,374000,23824103,22.3
22/04/2019,-5400,-205200000,37.9(3.27 %),0,0,5400,205200000,23829503,22.3
23/04/2019,0,0,37.8(-0.26 %),0,0,0,0,23829503,22.3
24/04/2019,0,0,37.7(-0.26 %),0,0,0,0,23829503,22.3
25/04/2019,0,0,37.5(-0.53 %),0,0,0,0,23829503,22.3
26/04/2019,0,0,36.9(-1.60 %),0,0,0,0,23829503,22.3
02/05/2019,-100,-3690000,36.9(0.00 %),0,0,100,3690000,23900343,0.0
03/05/2019,-34200,-1202070000,35(-5.15 %),0,0,34200,1202070000,23934543,22.18
06/05/2019,-900,-31040000,35(0.00 %),0,0,900,31040000,23935443,22.18
07/05/2019,-2200,-75118800,34.9(-0.29 %),0,0,2200,75118800,23937643,22.18
08/05/2019,-2500,-85150000,34.1(-2.29 %),0,0,2500,85150000,23940143,22.17
09/05/2019,0,0,34.6(1.47 %),0,0,0,0,23940143,22.17
10/05/2019,-600,-20520000,34.2(-1.16 %),0,0,600,20520000,23940743,22.17
13/05/2019,-700,-23940000,34.2(0.00 %),0,0,700,23940000,23941443,22.17
14/05/2019,-800,-27290000,34(-0.58 %),0,0,800,27290000,23942243,22.17
15/05/2019,-1400,-47670000,34.3(0.88 %),0,0,1400,47670000,23943643,22.17
16/05/2019,0,0,34.3(0.00 %),0,0,0,0,23943643,22.17
17/05/2019,-59064,-2024300400,34(-0.87 %),0,0,59064,2024300400,24002707,22.1
20/05/2019,-400,-13600000,34(0.00 %),0,0,400,13600000,24003107,22.1
27/05/2019,-9900,-346740000,35(-2.23 %),0,0,9900,346740000,24013007,22.09
28/05/2019,-257300,-9006510000,35.1(0.29 %),0,0,257300,9006510000,24270307,21.8
29/05/2019,0,0,34.6(-1.42 %),0,0,0,0,24270307,21.8
30/05/2019,5100,178900000,35.2(1.73 %),5100,178900000,0,0,24265207,21.81
31/05/2019,0,0,35(-0.57 %),0,0,0,0,24265207,21.81
03/06/2019,-500,-17500000,34.5(-1.43 %),0,0,500,17500000,24783896,21.23
04/06/2019,0,0,33.3(-3.48 %),0,0,0,0,24783896,21.23
05/06/2019,0,0,34.7(4.20 %),0,0,0,0,24783896,21.23
06/06/2019,0,0,34.5(-0.58 %),0,0,0,0,24783896,21.23
07/06/2019,0,0,34.6(0.29 %),0,0,0,0,24783896,21.23
10/06/2019,0,0,34.6(0.00 %),0,0,0,0,24783896,21.23
11/06/2019,0,0,34.8(0.58 %),0,0,0,0,24783896,21.23
12/06/2019,0,0,34.8(0.00 %),0,0,0,0,24783896,21.23
13/06/2019,-2200,-77000000,35(0.57 %),0,0,2200,77000000,24786096,21.23
14/06/2019,-2000,-70000000,35(0.00 %),0,0,2000,70000000,24788096,21.22
17/06/2019,-200,-6860000,34.8(-0.57 %),0,0,200,6860000,24788296,21.22
18/06/2019,-800,-28000000,34.9(0.29 %),0,0,800,28000000,24789096,21.22
19/06/2019,0,0,34.9(0.00 %),0,0,0,0,24789096,21.22
20/06/2019,0,0,34.8(-0.29 %),0,0,0,0,24789096,21.22
21/06/2019,-5000,-175000000,34.8(0.00 %),0,0,5000,175000000,24794096,21.22
24/06/2019,-1100,-38500000,35(0.57 %),0,0,1100,38500000,24795196,21.22
25/06/2019,-6600,-231000000,34.9(-0.29 %),0,0,6600,231000000,24801796,21.21
26/06/2019,0,0,34.8(-0.29 %),0,0,0,0,24801796,21.21
27/06/2019,-24400,-849120000,34.7(-0.29 %),0,0,24400,849120000,24826196,21.18
28/06/2019,-12100,-413140000,34(-2.02 %),0,0,12100,413140000,24838296,0.0
01/07/2019,-14400,-489600000,34(0.00 %),0,0,14400,489600000,24802296,21.21
02/07/2019,-3800,-129190000,33.9(-0.29 %),15900,539010000,19700,668200000,24806096,21.2
03/07/2019,-9400,-320110000,33.9(0.00 %),9000,305490000,18400,625600000,24815496,21.19
04/07/2019,-2000,-68000000,34(0.29 %),0,0,2000,68000000,24817496,0.01
05/07/2019,-6000,-204000000,34(0.00 %),150000,5025000000,156000,5229000000,24823496,21.18
08/07/2019,0,0,34.5(1.47 %),0,0,0,0,24823496,21.18
09/07/2019,-7200,-244800000,34(-1.45 %),0,0,7200,244800000,24830696,21.18
10/07/2019,-1932,-65274800,34(0.00 %),3500,119900000,5432,185174800,24832628,21.17
11/07/2019,-34200,-1164530000,34(0.00 %),0,0,34200,1164530000,24866828,21.13
12/07/2019,-8800,-299400000,34(0.00 %),0,0,8800,299400000,24875628,21.13
15/07/2019,-14800,-503780000,34(0.00 %),0,0,14800,503780000,24890428,21.11
16/07/2019,-31700,-1080290000,34.4(1.18 %),0,0,31700,1080290000,24922128,21.07
17/07/2019,0,0,36(4.65 %),0,0,0,0,24922128,21.07
18/07/2019,0,0,36(0.00 %),0,0,0,0,24922128,21.07
19/07/2019,100,3640000,36.1(0.28 %),100,3640000,0,0,24922028,21.07
22/07/2019,-100,-3610000,39.1(8.31 %),0,0,100,3610000,24922128,21.07
23/07/2019,0,0,40.1(2.56 %),0,0,0,0,24922128,21.07
24/07/2019,0,0,39.9(-0.50 %),0,0,0,0,24922128,21.07
25/07/2019,0,0,39.5(-1.00 %),0,0,0,0,24922128,21.07
26/07/2019,0,0,40.2(1.77 %),0,0,0,0,24922128,21.07
29/07/2019,0,0,39.8(1.53 %),0,0,0,0,24922128,21.07
30/07/2019,0,0,37(-7.04 %),0,0,0,0,24922128,21.07
31/07/2019,0,0,39(5.41 %),0,0,0,0,24922128,21.07
01/08/2019,0,0,39.3(0.77 %),0,0,0,0,24973028,21.02
02/08/2019,0,0,38(-3.31 %),0,0,0,0,24973028,21.02
05/08/2019,0,0,38(0.00 %),0,0,0,0,24973028,21.02
06/08/2019,0,0,37.8(-0.53 %),0,0,0,0,24973028,21.02
07/08/2019,0,0,37.8(0.00 %),0,0,0,0,24973028,21.02
08/08/2019,0,0,41.5(9.79 %),0,0,0,0,24973028,21.02
09/08/2019,0,0,41(-1.20 %),0,0,0,0,24973028,21.02
12/08/2019,0,0,39.9(-2.68 %),0,0,0,0,24973028,21.02
13/08/2019,0,0,39(-2.26 %),0,0,0,0,24973028,0.0
14/08/2019,0,0,39.2(0.51 %),0,0,0,0,24973028,0.0
15/08/2019,0,0,38.6(-1.53 %),0,0,0,0,24973028,0.0
16/08/2019,0,0,39.5(2.33 %),0,0,0,0,24973028,21.02
19/08/2019,2900,114930000,39.7(0.51 %),2900,114930000,0,0,24970128,21.02
20/08/2019,0,0,39.7(0.00 %),0,0,0,0,24970128,21.02
21/08/2019,0,0,38.3(-3.53 %),0,0,0,0,24970128,21.02
22/08/2019,0,0,38.7(1.04 %),0,0,0,0,24970128,21.02
23/08/2019,0,0,38.5(-0.52 %),0,0,0,0,24970128,21.02
26/08/2019,0,0,38.4(-0.26 %),0,0,0,0,24970128,21.02
27/08/2019,0,0,38.3(-0.26 %),0,0,0,0,24970128,21.02
28/08/2019,0,0,37(-3.39 %),0,0,0,0,24970128,0.0
29/08/2019,0,0,36.7(-0.81 %),0,0,0,0,24970128,21.02
30/08/2019,0,0,37.9(3.27 %),0,0,0,0,24970128,21.02
03/09/2019,0,0,37.2(-1.85 %),0,0,0,0,24970128,21.02
04/09/2019,0,0,36.7(-1.34 %),0,0,0,0,24970128,21.02
05/09/2019,0,0,36.9(0.54 %),0,0,0,0,24970128,21.02
06/09/2019,0,0,37(0.27 %),0,0,0,0,24970128,21.02
09/09/2019,0,0,36.9(-0.27 %),0,0,0,0,24970128,21.02
10/09/2019,2700,99900000,36.8(-0.27 %),2700,99900000,0,0,24967428,21.02
11/09/2019,0,0,37.2(1.09 %),0,0,0,0,24967428,21.02
12/09/2019,-1,-36800,37.1(-0.27 %),0,0,1,36800,24967429,21.02
13/09/2019,0,0,37.9(2.16 %),0,0,0,0,24967429,0.0
16/09/2019,0,0,37.9(0.00 %),0,0,0,0,24967429,21.02
17/09/2019,100,3730000,37.6(-0.79 %),100,3730000,0,0,24967329,21.02
18/09/2019,5400,210180000,39.3(4.52 %),5400,210180000,0,0,24961929,21.03
19/09/2019,2800,109390000,39.1(-0.51 %),2800,109390000,0,0,24959129,21.03
20/09/2019,2800,109200000,38.6(-1.28 %),2800,109200000,0,0,24956329,21.03
23/09/2019,0,0,37.5(-2.85 %),0,0,0,0,24956329,21.03
24/09/2019,8600,325860000,38.2(1.87 %),8600,325860000,0,0,24947729,21.04
25/09/2019,5700,217410000,38.5(0.79 %),5700,217410000,0,0,24942029,21.05
26/09/2019,0,0,38.3(-0.52 %),0,0,0,0,24942029,21.05
27/09/2019,28104,1078401200,38.4(0.26 %),28200,1082030000,96,3628800,24913925,21.08
30/09/2019,8800,338470000,38.8(1.04 %),8800,338470000,0,0,24905125,21.09
01/10/2019,1300,49530000,38.5(-0.77 %),1300,49530000,0,0,24905029,21.09
02/10/2019,0,0,38.2(-0.78 %),0,0,0,0,24905029,21.09
03/10/2019,0,0,37.9(-0.79 %),0,0,0,0,24905029,21.09
04/10/2019,2400,93380000,39(2.90 %),2400,93380000,0,0,24902629,21.09
07/10/2019,2100,81900000,39(0.00 %),2100,81900000,0,0,24900529,21.1
08/10/2019,-200,-7800000,38.9(-0.26 %),0,0,200,7800000,24900729,21.1
09/10/2019,0,0,39.5(1.54 %),0,0,0,0,24900729,21.1
10/10/2019,-71500,-2878190000,40.4(2.28 %),1900,76330000,73400,2954520000,24972229,21.02
11/10/2019,-4900,-197480000,39.6(-1.98 %),0,0,4900,197480000,24977129,21.01
14/10/2019,-43700,-1730640000,39(-1.52 %),800,31250000,44500,1761890000,25020829,20.96
15/10/2019,-49000,-1943480000,39.7(1.79 %),2000,79200000,51000,2022680000,25069829,20.91
16/10/2019,-46000,-1829080000,39.9(0.50 %),0,0,46000,1829080000,25115829,20.86
17/10/2019,-49900,-1981530000,39.7(-0.50 %),0,0,49900,1981530000,25165729,20.8
18/10/2019,-8800,-347690000,39.4(-0.76 %),1100,43990000,9900,391680000,25174529,20.79
21/10/2019,-11200,-425860000,37.1(-5.84 %),6200,229920000,17400,655780000,25185729,20.78
22/10/2019,-9900,-370940000,37.6(1.35 %),0,0,9900,370940000,25195629,20.77
23/10/2019,-4700,-176450000,37.3(-0.80 %),0,0,4700,176450000,25200329,20.76
24/10/2019,-9600,-356450000,37(-0.80 %),0,0,9600,356450000,25209929,20.75
25/10/2019,-3400,-116400000,33.8(0.60 %),0,0,3400,116400000,25213329,20.75
28/10/2019,-5100,-172940000,33.7(-0.30 %),0,0,5100,172940000,25218429,20.74
29/10/2019,-25200,-837960000,33.1(-1.78 %),0,0,25200,837960000,25243629,20.71
30/10/2019,0,0,33.2(0.30 %),0,0,0,0,25243629,20.71
31/10/2019,-10300,-341960000,33(-0.60 %),0,0,10300,341960000,25253929,20.7
01/11/2019,0,0,32.8(-0.61 %),0,0,0,0,25242425,20.71
04/11/2019,-19000,-621380000,32.1(-2.13 %),0,0,19000,621380000,25261425,20.69
05/11/2019,0,0,32.1(0.00 %),0,0,0,0,25261425,20.69
06/11/2019,0,0,32.2(0.31 %),0,0,0,0,25261425,20.69
07/11/2019,-12699,-400528500,31.9(-0.93 %),0,0,12699,400528500,25274124,20.68
08/11/2019,-68,-2145000,32(0.31 %),0,0,68,2145000,25274192,20.68
11/11/2019,0,0,31.9(-0.31 %),0,0,0,0,25274192,20.68
12/11/2019,0,0,31.9(0.00 %),0,0,0,0,25274192,20.68
13/11/2019,0,0,32.4(1.57 %),0,0,0,0,25274192,20.68
14/11/2019,-4700,-151070000,32.3(-0.31 %),0,0,4700,151070000,25278892,20.67
15/11/2019,0,0,32.3(0.00 %),0,0,0,0,25278892,20.67
18/11/2019,-1400,-44800000,31.9(-1.24 %),0,0,1400,44800000,25280292,20.67
19/11/2019,-100,-3200000,32(0.31 %),0,0,100,3200000,25280392,20.67
20/11/2019,-6900,-221060000,31.9(-0.31 %),100,3200000,7000,224260000,25287292,20.66
21/11/2019,-600,-19500000,32.5(1.88 %),0,0,600,19500000,25287892,20.66
22/11/2019,-400,-12800000,31.7(-2.46 %),0,0,400,12800000,25288292,20.66
25/11/2019,0,0,31.8(0.32 %),0,0,0,0,25288292,20.66
26/11/2019,-14900,-475330000,31.8(0.00 %),0,0,14900,475330000,25303192,25.55
27/11/2019,0,0,31.8(0.00 %),0,0,0,0,25303192,25.55
28/11/2019,0,0,31.7(-0.31 %),0,0,0,0,25303192,25.55
29/11/2019,0,0,31.5(-0.63 %),0,0,0,0,25303192,25.55
02/12/2019,0,0,31.5(0.00 %),0,0,0,0,27834162,22.71
03/12/2019,-200,-6300000,31.9(1.27 %),0,0,200,6300000,27834362,22.71
04/12/2019,0,0,31.6(-0.94 %),0,0,0,0,27834362,0.0
05/12/2019,-6900,-218050000,31.4(-0.63 %),0,0,6900,218050000,27841262,20.64
06/12/2019,-11000,-346600000,31.4(0.00 %),0,0,11000,346600000,27852262,20.63
09/12/2019,-6106,-192331200,31.4(0.00 %),0,0,6106,192331200,27858368,20.62
10/12/2019,-3400,-107440000,31.5(0.32 %),0,0,3400,107440000,27861768,20.62
11/12/2019,-100,-3150000,31.6(0.32 %),0,0,100,3150000,27861868,20.62
12/12/2019,100,3200000,32.5(2.85 %),100,3200000,0,0,27861768,20.62
13/12/2019,80,2600000,32.7(0.62 %),80,2600000,0,0,27861688,20.62
16/12/2019,130,4199000,32.3(-1.22 %),130,4199000,0,0,27861558,20.62
17/12/2019,0,0,32.2(-0.31 %),0,0,0,0,27861558,20.62
18/12/2019,0,0,32.2(0.00 %),0,0,0,0,27861558,20.62
19/12/2019,-400,-12340000,32.4(0.62 %),0,0,400,12340000,27861958,20.62
20/12/2019,-100,-3220000,32.4(0.00 %),0,0,100,3220000,27862058,20.62
23/12/2019,-60100,-1947220000,32.4(0.00 %),0,0,60100,1947220000,27922158,0.0
24/12/2019,-62000,-2008580000,32.4(0.00 %),0,0,62000,2008580000,27984158,20.49
25/12/2019,-43600,-1409690000,32.1(-0.93 %),0,0,43600,1409690000,28027758,20.45
26/12/2019,-13400,-434160000,32.4(0.93 %),0,0,13400,434160000,28041158,20.43
27/12/2019,-9000,-291600000,32.4(0.00 %),0,0,9000,291600000,28050158,20.43
30/12/2019,-15200,-492480000,32.4(0.00 %),0,0,15200,492480000,28065358,20.41
31/12/2019,-15990,-518031000,32.3(-0.31 %),0,0,15990,518031000,28081348,20.39
02/01/2020,-9100,-291840000,32(-0.93 %),0,0,9100,291840000,28050158,20.43
03/01/2020,0,0,31.5(1.61 %),0,0,0,0,28050158,20.43
06/01/2020,0,0,31.5(0.00 %),0,0,0,0,28050158,20.43
07/01/2020,-9100,-282160000,31.4(-0.32 %),0,0,9100,282160000,28059258,20.42
08/01/2020,5600,170800000,31.3(-0.32 %),5600,170800000,0,0,28053658,20.42
09/01/2020,0,0,30.7(-1.92 %),0,0,0,0,28053658,20.42
10/01/2020,-3000,-93200000,30.9(0.65 %),0,0,3000,93200000,28056658,20.42
13/01/2020,2102,65161800,31.3(1.29 %),2102,65161800,0,0,28054556,20.42
14/01/2020,-100,-3090000,30.9(-1.28 %),0,0,100,3090000,28054656,20.42
15/01/2020,0,0,30.5(-1.29 %),0,0,0,0,28054656,20.42
16/01/2020,1,31000,30.7(0.66 %),1,31000,0,0,28094845,20.38
17/01/2020,-15600,-479700000,30.8(0.33 %),5000,155000000,20600,634700000,28089945,20.38
20/01/2020,0,0,31.9(3.57 %),0,0,0,0,28089945,20.38
21/01/2020,-44000,-1386400000,31.8(-0.31 %),0,0,44000,1386400000,28089945,20.38
22/01/2020,-493,-15447400,31.8(0.00 %),7,222600,500,15670000,28090438,20.38
30/01/2020,-2100,-65200000,32(0.63 %),0,0,2100,65200000,28092538,20.38
31/01/2020,-25700,-786240000,30.3(-5.31 %),0,0,25700,786240000,28118238,20.36
03/02/2020,-52890,-1510712000,28.5(-5.94 %),3010,85728000,55900,1596440000,28155038,20.32
04/02/2020,-59980,-1709430000,28.5(0.00 %),20,570000,60000,1710000000,28215018,20.26
05/02/2020,-61588,-1755308000,28.5(0.00 %),12,342000,61600,1755650000,28276606,20.19
06/02/2020,-66092,-1916168000,29(1.75 %),8,232000,66100,1916400000,28342698,20.13
07/02/2020,-89760,-2603160000,29(0.00 %),40,1160000,89800,2604320000,28432458,20.04
10/02/2020,-74100,-2148500000,29(0.00 %),0,0,74100,2148500000,28506558,19.96
11/02/2020,-63100,-1829980000,29(0.00 %),0,0,63100,1829980000,28569658,19.9
12/02/2020,-77200,-2239670000,29(0.00 %),0,0,77200,2239670000,28646858,19.82
13/02/2020,-83600,-2424400000,29(0.00 %),0,0,83600,2424400000,28730458,19.73
14/02/2020,-64100,-1858900000,29(0.00 %),500,14500000,64600,1873400000,28794558,19.67
17/02/2020,-149700,-4341630000,29(0.00 %),0,0,149700,4341630000,28944258,19.51
18/02/2020,-486336,-14141254000,31(6.90 %),0,0,486336,14141254000,29430594,19.02
19/02/2020,-100,-3150000,31(0.00 %),0,0,100,3150000,29430694,19.02
20/02/2020,0,0,31(0.00 %),0,0,0,0,29430694,19.02
21/02/2020,0,0,30.3(-2.26 %),0,0,0,0,29430694,0.08
24/02/2020,0,0,28.7(-5.28 %),0,0,0,0,29430694,0.08
25/02/2020,0,0,29.1(1.39 %),0,0,0,0,29430694,19.02
26/02/2020,-3200,-92770000,29(-0.34 %),0,0,3200,92770000,29433894,19.02
27/02/2020,-37000,-1073000000,28.9(-0.34 %),0,0,37000,1073000000,29470894,18.98
28/02/2020,0,0,28.7(-0.69 %),0,0,0,0,29470894,18.98
02/03/2020,-43100,-1230090000,28.5(-0.70 %),0,0,43100,1230090000,29514584,0.0
03/03/2020,-70700,-2016330000,28.5(0.00 %),7000,199800000,77700,2216130000,29585284,18.86
04/03/2020,-148529,-4232576500,28.5(0.00 %),0,0,148529,4232576500,29733813,18.71
05/03/2020,0,0,30.2(5.96 %),0,0,0,0,29733813,18.71
06/03/2020,0,0,29.2(-3.31 %),0,0,0,0,29733813,18.71
09/03/2020,0,0,28(-4.11 %),0,0,0,0,29733813,18.71
10/03/2020,-900,-25200000,28.3(1.07 %),0,0,900,25200000,29734713,18.71
11/03/2020,3000,84900000,28.2(-0.35 %),3000,84900000,0,0,29810913,18.63
12/03/2020,-67300,-1756530000,28(-0.71 %),0,0,67300,1756530000,29810913,18.63
13/03/2020,0,0,27(-3.57 %),0,0,0,0,29810913,18.63
16/03/2020,0,0,27(0.00 %),0,0,0,0,29810913,18.63
17/03/2020,0,0,27.2(0.74 %),0,0,0,0,29810913,18.63
18/03/2020,0,0,28.1(3.31 %),0,0,0,0,29810913,18.63
19/03/2020,-5000,-140000000,28(-0.36 %),0,0,5000,140000000,29815913,18.63
20/03/2020,0,0,27.9(-0.36 %),0,0,0,0,29815913,18.63
23/03/2020,1500,42000000,27(-3.23 %),1500,42000000,0,0,29814413,18.63
24/03/2020,1600,43200000,27(0.00 %),1600,43200000,0,0,29812813,18.63
25/03/2020,0,0,27.6(2.22 %),0,0,0,0,29812813,18.63
26/03/2020,0,0,27.5(-0.36 %),0,0,0,0,29812813,18.63
27/03/2020,0,0,27.5(0.00 %),0,0,0,0,29812813,18.63
30/03/2020,0,0,27.1(-1.45 %),0,0,0,0,29812813,18.63
31/03/2020,-9860,-268483600,27.1(0.00 %),0,0,9860,268483600,29822673,0.06
01/04/2020,400,10880000,27.2(0.37 %),400,10880000,0,0,29881013,18.56
03/04/2020,0,0,28.1(3.31 %),0,0,0,0,29881013,18.56
06/04/2020,-2100,-58800000,28.2(0.36 %),0,0,2100,58800000,29883113,18.56
07/04/2020,1100,31240000,28.4(0.71 %),1100,31240000,0,0,29882013,18.56
08/04/2020,100,5350000,28.6(0.70 %),7100,201740000,7000,196390000,29881913,18.56
09/04/2020,-9700,-287720000,30.3(5.94 %),0,0,9700,287720000,29891613,18.55
10/04/2020,0,0,29.6(-2.31 %),0,0,0,0,29891613,0.0
13/04/2020,0,0,30.1(1.69 %),0,0,0,0,29891613,18.55
14/04/2020,-4100,-123560000,29.3(-2.66 %),0,0,4100,123560000,29895713,18.55
15/04/2020,0,0,30.6(4.44 %),0,0,0,0,29895713,18.55
16/04/2020,0,0,31.4(2.61 %),0,0,0,0,29895713,18.55
17/04/2020,0,0,32.9(4.78 %),0,0,0,0,29895713,18.55
20/04/2020,0,0,32.7(-0.61 %),0,0,0,0,29895713,18.55
21/04/2020,0,0,31.3(-4.28 %),0,0,0,0,29895713,18.55
22/04/2020,-8000,-252700000,31.5(0.64 %),0,0,8000,252700000,29903713,18.54
23/04/2020,-4800,-154950000,32.7(3.81 %),200,6500000,5000,161450000,29908513,18.53
24/04/2020,-5926,-191968000,32.4(-0.92 %),0,0,5926,191968000,29914439,18.53
28/04/2020,-5000,-162690000,32.8(0.31 %),0,0,5000,162690000,29919439,18.52
29/04/2020,-200,-6680000,33.4(1.83 %),0,0,200,6680000,29919639,18.52
04/05/2020,-5700,-186400000,32.2(-3.59 %),0,0,5700,186400000,29928899,18.51
05/05/2020,-4000,-128860000,32.8(1.86 %),0,0,4000,128860000,29932899,18.51
06/05/2020,-5000,-163800000,32.8(0.00 %),0,0,5000,163800000,29937899,18.5
07/05/2020,-2600,-84840000,32.7(-0.30 %),2400,79440000,5000,164280000,29940499,18.5
08/05/2020,-11000,-370230000,33.3(1.83 %),0,0,11000,370230000,29951499,18.49
11/05/2020,37000,1238120000,33.5(0.60 %),37000,1238120000,0,0,29914499,0.03
12/05/2020,3000,112530000,35.4(5.67 %),8300,297500000,5300,184970000,29911499,18.53
13/05/2020,0,0,35.4(0.00 %),0,0,0,0,29911499,18.53
14/05/2020,15300,542960000,35.9(1.41 %),15300,542960000,0,0,29896199,18.54
15/05/2020,-8300,-285220000,35(-2.51 %),0,0,8300,285220000,29904499,0.0
18/05/2020,0,0,35(0.00 %),0,0,0,0,29904499,18.54
19/05/2020,35000,1225000000,35.3(0.86 %),35000,1225000000,0,0,29869499,18.57
20/05/2020,0,0,35.7(1.13 %),0,0,0,0,29869499,18.57
21/05/2020,0,0,35.2(-1.40 %),0,0,0,0,29869499,18.57
22/05/2020,6500,226760000,34.4(-2.27 %),6500,226760000,0,0,29862999,18.58
25/05/2020,-5100,-172890000,34.2(-0.58 %),0,0,5100,172890000,29868099,18.57
26/05/2020,100,3430000,34.8(1.75 %),100,3430000,0,0,29867999,18.57
27/05/2020,92100,3222280000,34.9(0.29 %),183900,6426100000,91800,3203820000,29689899,18.75
28/05/2020,80200,2832480000,35.5(1.72 %),80200,2832480000,0,0,29609699,18.84
29/05/2020,0,0,35.5(0.00 %),0,0,0,0,29609699,0.01
01/06/2020,0,0,36.2(1.97 %),0,0,0,0,29706599,18.74
02/06/2020,20200,728240000,36.2(0.00 %),20200,728240000,0,0,29686399,18.76
03/06/2020,0,0,36.2(0.00 %),0,0,0,0,29686399,18.76
04/06/2020,27100,986230000,36(2.27 %),27100,986230000,0,0,29659299,18.79
05/06/2020,7300,271270000,37.5(4.17 %),7300,271270000,0,0,29651999,18.79
08/06/2020,0,0,37.7(0.53 %),0,0,0,0,29651999,0.0
09/06/2020,-5800,-218611900,38.2(1.33 %),49,1839300,5849,220451200,29657799,0.0
10/06/2020,36800,1409890000,38.5(0.79 %),36800,1409890000,0,0,29620999,18.82
11/06/2020,0,0,37(-3.90 %),0,0,0,0,29620999,18.82
12/06/2020,-2200,-81180000,37(0.00 %),200,7400000,2400,88580000,29623199,18.82
15/06/2020,0,0,36.9(-0.27 %),0,0,0,0,29623199,18.82
16/06/2020,500,18510000,37.1(0.54 %),500,18510000,0,0,29622699,18.82
18/06/2020,47200,1795920000,37.9(0.80 %),47200,1795920000,0,0,29575499,18.87
19/06/2020,200,7700000,39.3(3.69 %),200,7700000,0,0,29575299,18.87
22/06/2020,1000,37810000,39.9(1.53 %),11000,437810000,10000,400000000,29574299,18.87
23/06/2020,15700,629990000,40.1(0.50 %),15700,629990000,0,0,29558599,18.89
24/06/2020,0,0,39(-2.74 %),0,0,0,0,29558599,18.89
25/06/2020,0,0,32.6(0.31 %),0,0,0,0,29558599,18.89
26/06/2020,0,0,34(4.29 %),0,0,0,0,29558599,18.89
29/06/2020,3400,108800000,32(-5.88 %),3400,108800000,0,0,29555199,0.0
30/06/2020,1500,48060000,31.7(-0.94 %),1500,48060000,0,0,29553699,18.89
01/07/2020,100,3280000,32.3(1.89 %),100,3280000,0,0,29555199,18.89
02/07/2020,0,0,32.7(1.24 %),0,0,0,0,29555199,18.89
03/07/2020,0,0,32.3(-1.22 %),0,0,0,0,29555199,18.89
06/07/2020,0,0,32.2(-0.31 %),0,0,0,0,29555199,18.89
07/07/2020,0,0,32(-0.62 %),0,0,0,0,29555199,18.89
08/07/2020,0,0,31(-3.12 %),0,0,0,0,29555199,18.89
09/07/2020,-15,-465000,31.2(0.65 %),0,0,15,465000,29555214,0.0
10/07/2020,1800,56160000,31(-0.64 %),1800,56160000,0,0,29553414,18.89
13/07/2020,0,0,31.6(1.94 %),0,0,0,0,29553414,18.89
14/07/2020,0,0,31.2(-1.27 %),0,0,0,0,29553414,18.89
15/07/2020,0,0,31.4(0.64 %),0,0,0,0,29553414,18.89
16/07/2020,0,0,30.7(-2.23 %),0,0,0,0,29553414,18.89
17/07/2020,0,0,30.7(0.00 %),0,0,0,0,29553414,18.89
20/07/2020,0,0,31.4(2.28 %),0,0,0,0,29553414,0.0
21/07/2020,0,0,30.9(-1.59 %),0,0,0,0,29553414,18.89
22/07/2020,0,0,30.4(-1.62 %),0,0,0,0,29553414,18.89
23/07/2020,-64600,-1943790000,30.1(-0.99 %),0,0,64600,1943790000,29618014,18.83
24/07/2020,-9300,-275460000,28.4(-5.65 %),100,2840000,9400,278300000,29551714,18.9
27/07/2020,4700,123340000,25.7(-9.51 %),5000,131500000,300,8160000,29547014,6.03
28/07/2020,0,0,27.9(8.56 %),0,0,0,0,35522846,12.81
29/07/2020,4000,106400000,26.6(-4.66 %),4000,106400000,0,0,35518846,22.62
30/07/2020,100,2720000,27.2(2.26 %),100,2720000,0,0,35518746,22.62
31/07/2020,0,0,28.5(4.78 %),0,0,0,0,35518746,22.62
03/08/2020,3300,94800000,28.5(0.00 %),3300,94800000,0,0,35528446,22.61
04/08/2020,4500,129150000,28.7(0.70 %),4500,129150000,0,0,35523946,22.61
05/08/2020,0,0,29.1(1.39 %),0,0,0,0,35523946,22.61
06/08/2020,0,0,29(-0.34 %),0,0,0,0,35523946,0.0
07/08/2020,1000,29000000,28.6(-1.38 %),1000,29000000,0,0,35522946,22.61
10/08/2020,0,0,29.1(1.75 %),0,0,0,0,35522946,0.0
11/08/2020,0,0,29(-0.34 %),0,0,0,0,35522946,22.61
12/08/2020,0,0,29(0.00 %),0,0,0,0,35522946,22.61
13/08/2020,0,0,29.1(0.34 %),0,0,0,0,35522946,22.61
14/08/2020,0,0,29(-0.34 %),0,0,0,0,35522946,22.61
17/08/2020,0,0,28.8(-0.69 %),0,0,0,0,35522946,22.61
18/08/2020,-407,-11902000,29.8(3.47 %),0,0,407,11902000,35523353,22.61
19/08/2020,-7500,-223510000,29.8(0.00 %),0,0,7500,223510000,35530853,22.6
20/08/2020,-3500,-103600000,29.7(-0.34 %),0,0,3500,103600000,35534353,22.6
21/08/2020,0,0,29.9(0.67 %),0,0,0,0,35534353,22.6
24/08/2020,0,0,30.5(2.01 %),0,0,0,0,35534353,22.6
25/08/2020,-300,-9000000,30.5(0.00 %),0,0,300,9000000,35534653,22.6
26/08/2020,0,0,30.8(0.98 %),0,0,0,0,35534653,22.6
27/08/2020,-38720,-1189120000,31(0.65 %),0,0,38720,1189120000,35573373,22.56
28/08/2020,0,0,31.6(1.94 %),0,0,0,0,35573373,22.56
31/08/2020,0,0,31.4(-0.63 %),0,0,0,0,35573373,22.56
01/09/2020,0,0,30.9(-1.59 %),0,0,0,0,35570193,22.56
03/09/2020,21780,676988000,31.2(0.97 %),25000,777200000,3220,100212000,35548413,18.82
04/09/2020,0,0,31.2(0.00 %),0,0,0,0,35548413,18.82
07/09/2020,37600,1185010000,31.1(-0.32 %),37600,1185010000,0,0,35510813,18.85
08/09/2020,0,0,31.5(1.29 %),0,0,0,0,35510813,18.85
09/09/2020,32700,1032520000,31.7(0.63 %),42900,1350730000,10200,318210000,35467913,18.89
10/09/2020,22100,708310000,32(0.95 %),22100,708310000,0,0,35445813,18.91
11/09/2020,2200,70200000,31.9(-0.31 %),2200,70200000,0,0,35443613,18.91
14/09/2020,22600,720000000,32(0.31 %),22700,723250000,100,3250000,35421013,18.93
15/09/2020,-20998,-681222200,32.7(2.19 %),38400,1244320000,59398,1925542200,35442011,18.91
16/09/2020,-2300,-91560000,33(0.92 %),22700,730940000,25000,822500000,35444311,18.91
17/09/2020,0,-1310000,33.2(0.61 %),1900,62340000,1900,63650000,35444311,18.91
18/09/2020,0,0,33.3(0.30 %),0,0,0,0,35444311,18.91
21/09/2020,-65700,-2241790000,34.1(2.40 %),200,6760000,65900,2248550000,35510011,18.85
22/09/2020,1910,64891000,34(-0.29 %),1910,64891000,0,0,35508101,0.0
23/09/2020,2500,85160000,33.9(-0.29 %),2500,85160000,0,0,35505601,18.86
24/09/2020,-3000,-99000000,33.6(-0.88 %),0,0,3000,99000000,35508601,18.86
25/09/2020,26200,867730000,33.2(-1.19 %),26200,867730000,0,0,35482401,18.88
28/09/2020,20700,689960000,33.7(1.51 %),20700,689960000,0,0,35461701,18.9
29/09/2020,0,0,33.3(-1.19 %),0,0,0,0,35461701,18.9
30/09/2020,1100,36300000,32.7(-1.80 %),1100,36300000,0,0,35460601,18.9
01/10/2020,24932,847845200,33.6(2.75 %),53000,1766230000,28068,918384800,35421477,18.93
02/10/2020,28000,925000000,33.5(-0.30 %),28000,925000000,0,0,35393477,18.95
05/10/2020,16700,562370000,33.7(0.60 %),16700,562370000,0,0,35376777,18.97
06/10/2020,0,0,33.5(-0.59 %),0,0,0,0,35376777,0.08
07/10/2020,100,3350000,33.5(0.00 %),100,3350000,0,0,35376677,18.97
08/10/2020,-5900,-194540000,33(-1.49 %),2100,69330000,8000,263870000,35382577,18.96
09/10/2020,-7900,-258100000,32.7(-0.91 %),0,0,7900,258100000,35390477,18.96
12/10/2020,40500,1327350000,32.8(0.31 %),41600,1364480000,1100,37130000,35349977,18.99
13/10/2020,10800,352080000,32.6(-0.61 %),10800,352080000,0,0,35339177,19.0
14/10/2020,3400,110770000,32.6(0.00 %),3500,114100000,100,3330000,35335777,19.0
15/10/2020,1100,36590000,32.9(0.92 %),19000,618380000,17900,581790000,35334677,19.0
16/10/2020,33900,1125440000,33.3(1.22 %),33900,1125440000,0,0,35300777,19.03
19/10/2020,40000,1367980000,34.2(2.70 %),40000,1367980000,0,0,35260777,19.07
20/10/2020,0,0,34.4(0.58 %),0,0,0,0,35260777,19.07
21/10/2020,100,3390000,34(-1.16 %),100,3390000,0,0,35260677,19.07
22/10/2020,0,0,33.8(-0.59 %),0,0,0,0,35260677,19.07
23/10/2020,0,0,34.5(2.07 %),0,0,0,0,35260677,19.07
26/10/2020,-31800,-1127390000,36.5(5.80 %),1100,40450000,32900,1167840000,35292477,19.04
27/10/2020,19600,715840000,36.2(-0.82 %),26200,958540000,6600,242700000,35272877,0.03
28/10/2020,-20000,-699900000,34.6(-4.42 %),0,0,20000,699900000,35292877,0.0
29/10/2020,-9600,-334080000,33.9(-2.02 %),0,0,9600,334080000,35302477,19.03
30/10/2020,12300,418760000,34.6(2.06 %),12400,422140000,100,3380000,35290177,19.04
02/11/2020,-200,-7040000,35(1.16 %),0,0,200,7040000,35316225,19.02
03/11/2020,8700,294670000,33.6(0.30 %),8700,294670000,0,0,35307525,19.03
04/11/2020,9300,312650000,33.6(0.00 %),9300,312650000,0,0,35298225,19.03
05/11/2020,0,0,33.1(-1.49 %),0,0,0,0,35298225,19.03
06/11/2020,0,0,33(-0.30 %),0,0,0,0,35298225,19.03
09/11/2020,1600,52850000,33.1(0.30 %),1600,52850000,0,0,35296625,19.04
10/11/2020,0,0,32.9(-0.60 %),0,0,0,0,35296625,19.04
11/11/2020,0,0,32.8(-0.30 %),0,0,0,0,35296625,19.04
12/11/2020,400,13200000,32.7(-0.30 %),400,13200000,0,0,35296225,19.04
13/11/2020,6000,195600000,32.6(-0.31 %),6000,195600000,0,0,35290225,19.04
16/11/2020,100,3250000,32.5(-0.31 %),100,3250000,0,0,35290125,19.04
17/11/2020,0,0,32.7(0.62 %),0,0,0,0,35290125,19.04
18/11/2020,0,0,32.7(0.00 %),0,0,0,0,35290125,0.01
19/11/2020,-39700,-1329360000,33.5(2.45 %),0,0,39700,1329360000,35329825,19.01
20/11/2020,5100,170410000,33.8(0.90 %),14700,495850000,9600,325440000,35324725,19.01
23/11/2020,-100,-3410000,33.8(0.00 %),0,0,100,3410000,35292925,19.04
24/11/2020,6000,200490000,33.3(-1.48 %),6000,200490000,0,0,35326625,19.01
25/11/2020,-300,-8900000,33.2(-0.30 %),2900,97010000,3200,105910000,35333325,19.0
26/11/2020,-5500,-188620000,33.8(1.81 %),44000,1484480000,49500,1673100000,35338825,19.0
27/11/2020,-25051,-864264200,34.5(2.07 %),0,0,25051,864264200,35289425,19.04
30/11/2020,-1100,-38950000,34.6(0.29 %),0,0,1100,38950000,35290525,19.04
01/12/2020,-10800,-372600000,34.6(0.00 %),0,0,10800,372600000,35342125,19.0
02/12/2020,-15300,-523260000,34.4(-0.58 %),4700,161110000,20000,684370000,35357425,18.98
03/12/2020,-21930,-772536000,35.1(2.03 %),70,2464000,22000,775000000,35379355,18.97
04/12/2020,8020,284916000,36.1(2.85 %),9020,321116000,1000,36200000,35371335,18.97
07/12/2020,1000,36930000,37.3(3.32 %),1100,40900000,100,3970000,35370335,18.97
08/12/2020,4930,180445000,36.8(-1.34 %),5000,183000000,70,2555000,35365405,18.98
09/12/2020,0,0,36.8(0.00 %),0,0,0,0,35365405,18.98
10/12/2020,0,0,36.5(-0.82 %),0,0,0,0,35365405,18.98
11/12/2020,4900,178340000,36.9(1.10 %),4900,178340000,0,0,35360505,18.98
14/12/2020,9810,359962000,36.9(0.00 %),12930,474528000,3120,114566000,35350695,18.99
15/12/2020,0,0,36.7(-0.54 %),0,0,0,0,35350695,18.99
16/12/2020,100,3650000,36.5(-0.54 %),100,3650000,0,0,35350595,18.99
17/12/2020,-3460,-125571600,36.4(-0.27 %),20,740000,3480,126311600,35354055,18.99
18/12/2020,0,0,36.3(-0.27 %),0,0,0,0,35354055,18.99
21/12/2020,4500,164500000,36.3(0.00 %),4500,164500000,0,0,35349555,18.99
22/12/2020,0,0,36.3(0.00 %),0,0,0,0,35349555,0.03
23/12/2020,0,0,36(-0.83 %),0,0,0,0,35349555,18.99
25/12/2020,9800,354420000,36(0.28 %),9800,354420000,0,0,35339755,19.0
28/12/2020,9100,327950000,36.2(0.56 %),9400,338900000,300,10950000,35330655,19.01
29/12/2020,0,0,36.1(-0.28 %),0,0,0,0,35330655,0.01
30/12/2020,480,17380000,36(-0.28 %),500,18100000,20,720000,35337806,19.0
31/12/2020,491,17623800,36(0.00 %),511,18343800,20,720000,35337315,0.0
04/01/2021,700,26060000,37.1(3.06 %),800,29680000,100,3620000,35336795,0.0
05/01/2021,-100,-3720000,37.2(0.27 %),100,3700000,200,7420000,35336895,19.0
06/01/2021,-47240,-1737598000,36.6(-1.61 %),12300,453092400,59540,2190690400,35384135,18.96
07/01/2021,6000,219600000,36.9(0.82 %),6000,219600000,0,0,35378135,18.97
08/01/2021,0,0,36.6(-0.81 %),0,0,0,0,35378135,18.97
11/01/2021,-100,-3700000,36.8(0.55 %),0,0,100,3700000,35378235,18.97
12/01/2021,0,0,36.9(0.27 %),0,0,0,0,35378235,18.97
13/01/2021,-1300,-50020000,38.6(4.61 %),0,0,1300,50020000,35379535,18.97
14/01/2021,2400,92640000,38.2(-1.04 %),2400,92640000,0,0,35377135,18.97
15/01/2021,0,0,38.2(0.00 %),0,0,0,0,35377135,18.97
18/01/2021,2300,87130000,37.4(-2.09 %),2300,87130000,0,0,35374835,18.97
19/01/2021,2100,78050000,36(-3.74 %),2600,96200000,500,18150000,35372735,18.97
20/01/2021,200,7100000,36(0.00 %),200,7100000,0,0,35372535,18.97
21/01/2021,-14200,-508770000,36.9(2.50 %),0,0,14200,508770000,35386735,18.96
22/01/2021,0,0,36.7(-0.54 %),0,0,0,0,35386735,18.96
25/01/2021,-11200,-405510000,36.5(-0.54 %),0,0,11200,405510000,35397935,18.95
26/01/2021,7700,282030000,36(-1.37 %),17700,640760000,10000,358730000,35390235,18.96
27/01/2021,10000,356750000,35.9(-0.28 %),20000,714140000,10000,357390000,35380235,18.96
28/01/2021,35000,1196190000,32.4(-9.75 %),45000,1532050000,10000,335860000,35345235,18.99
29/01/2021,100,3310000,34.5(6.48 %),100,3310000,0,0,35345135,18.99
01/02/2021,0,0,34.1(-1.16 %),0,0,0,0,35335275,19.0
02/02/2021,0,0,34.1(0.00 %),0,0,0,0,35335275,19.0
03/02/2021,0,0,34.4(0.88 %),0,0,0,0,35335275,19.0
04/02/2021,700,24010000,34.1(-0.87 %),700,24010000,0,0,35334575,19.0
05/02/2021,0,0,34.1(0.00 %),0,0,0,0,35334575,19.0
08/02/2021,-3528,-121413600,34(-0.29 %),0,0,3528,121413600,35344575,19.0
09/02/2021,660,22646000,34.4(1.18 %),700,24010000,40,1364000,35343875,19.0
17/02/2021,-6900,-239430000,34.6(0.58 %),0,0,6900,239430000,35350775,0.0
18/02/2021,-500,-17500000,36(4.05 %),0,0,500,17500000,35344375,19.0
19/02/2021,0,0,36.5(1.39 %),0,0,0,0,35344375,19.0
22/02/2021,0,0,36.1(-1.10 %),0,0,0,0,35344375,19.0
23/02/2021,0,0,36.2(0.28 %),0,0,0,0,35344375,19.0
24/02/2021,0,0,35.9(-0.83 %),0,0,0,0,35344375,19.0
25/02/2021,0,0,35.6(-0.84 %),0,0,0,0,35344375,19.0
26/02/2021,0,0,35.8(0.56 %),0,0,0,0,35344375,19.0
01/03/2021,0,0,35.8(0.00 %),0,0,0,0,35354843,18.99
02/03/2021,2800,101540000,36.1(0.84 %),7800,280760000,5000,179220000,35352043,18.99
03/03/2021,-5000,-179730000,36(-0.28 %),0,0,5000,179730000,35357043,18.98
04/03/2021,9200,336170000,36.3(0.83 %),14200,515730000,5000,179560000,35347843,18.99
05/03/2021,-100,-3700000,37.3(2.75 %),0,0,100,3700000,35347943,18.99
08/03/2021,-200,-7520000,37.3(0.00 %),0,0,200,7520000,35348143,18.99
09/03/2021,0,0,37.1(-0.54 %),0,0,0,0,35348143,18.99
10/03/2021,-18800,-689520000,36.7(-1.08 %),1200,44520000,20000,734040000,35366943,18.98
11/03/2021,0,0,37(0.82 %),0,0,0,0,35366943,18.98
12/03/2021,-6000,-220200000,36.6(-1.08 %),0,0,6000,220200000,35372943,18.97
15/03/2021,-6000,-219750000,36.5(-0.27 %),0,0,6000,219750000,35378943,18.97
16/03/2021,-10000,-363730000,36.3(-0.55 %),0,0,10000,363730000,35388943,18.96
17/03/2021,-6000,-216900000,36.2(-0.28 %),0,0,6000,216900000,35394943,18.95
18/03/2021,-6000,-217130000,36.3(0.28 %),0,0,6000,217130000,35400943,18.95
19/03/2021,-5000,-180690000,36.4(0.28 %),0,0,5000,180690000,35405943,18.94
22/03/2021,-11200,-406900000,36.3(-0.27 %),0,0,11200,406900000,35395027,18.95
23/03/2021,0,0,36.2(-0.28 %),0,0,0,0,35395027,18.95
24/03/2021,0,0,35.9(-0.83 %),0,0,0,0,35395027,18.95
25/03/2021,-6000,-214580000,35.7(-0.56 %),0,0,6000,214580000,35401027,18.95
26/03/2021,-8600,-306230000,36(0.84 %),0,0,8600,306230000,35409627,18.94
29/03/2021,0,0,36.3(0.83 %),0,0,0,0,35409627,18.94
30/03/2021,-7000,-252850000,36(-0.83 %),0,0,7000,252850000,35416627,18.93
31/03/2021,-2000,-71650000,36(0.00 %),4000,144730000,6000,216380000,35418627,18.93
01/04/2021,0,0,36.2(0.56 %),0,0,0,0,35427827,18.92
02/04/2021,0,0,36.3(0.28 %),0,0,0,0,35427827,18.92
05/04/2021,0,0,36.3(0.00 %),0,0,0,0,35427827,18.92
06/04/2021,0,0,36.2(-0.28 %),0,0,0,0,35427827,18.92
07/04/2021,-8280,-298539000,36.4(0.55 %),0,0,8280,298539000,35436107,18.92
08/04/2021,0,0,36.2(-0.55 %),0,0,0,0,35436107,18.92
09/04/2021,-5000,-180970000,36.2(0.00 %),0,0,5000,180970000,35441107,18.91
12/04/2021,-200,-7210000,35.9(-0.83 %),0,0,200,7210000,35441307,18.91
13/04/2021,0,0,35.6(-0.84 %),0,0,0,0,35441307,18.91
14/04/2021,0,0,35.6(0.00 %),0,0,0,0,35441307,18.91
15/04/2021,-1000,-35500000,35.5(-0.28 %),0,0,1000,35500000,35442307,18.91
16/04/2021,0,0,34.8(-1.97 %),0,0,0,0,35442307,18.91
19/04/2021,0,0,34.7(-0.29 %),0,0,0,0,35442307,18.91
20/04/2021,2500,87000000,34.6(-0.29 %),2500,87000000,0,0,35439807,18.91
22/04/2021,-2900,-103720000,35.4(2.31 %),0,0,2900,103720000,35442707,18.91
23/04/2021,6600,235920000,35.1(-0.85 %),12900,457910000,6300,221990000,35436107,18.92
26/04/2021,100,3270000,35(-0.28 %),1300,45870000,1200,42600000,35436007,18.92
27/04/2021,111200,4000790000,36.2(3.43 %),124300,4472080000,13100,471290000,35324807,19.01
28/04/2021,0,0,35.2(-2.76 %),0,0,0,0,35324807,19.01
29/04/2021,3800,135330000,35.8(1.70 %),4300,153080000,500,17750000,35321007,19.02
04/05/2021,-1300,-48440000,36.3(1.40 %),4900,176500000,6200,224940000,35333507,19.0
05/05/2021,164678,6096045000,37.6(3.58 %),166200,6152370000,1522,56325000,35168829,19.14
06/05/2021,7700,286070000,37.2(-1.06 %),7800,289820000,100,3750000,35161129,19.15
07/05/2021,11222,409069000,36(-0.55 %),11600,422710000,378,13641000,35149907,19.16
10/05/2021,135888,5007814000,37(2.78 %),139600,5138740000,3712,130926000,35014019,19.28
11/05/2021,5500,200200000,36.6(-1.08 %),5500,200200000,0,0,35008519,19.28
12/05/2021,0,0,36.1(-1.37 %),0,0,0,0,35008519,19.28
13/05/2021,85500,3141400000,36(-0.28 %),85500,3141400000,0,0,34923019,19.35
14/05/2021,0,0,36(0.00 %),0,0,0,0,34923019,19.35
17/05/2021,0,0,35.8(-0.56 %),0,0,0,0,34923019,19.35
18/05/2021,68300,2484650000,37.5(4.75 %),68300,2484650000,0,0,34854719,19.41
19/05/2021,0,0,39.5(5.33 %),0,0,0,0,34854719,19.41
20/05/2021,0,0,40.6(2.78 %),0,0,0,0,34854719,19.41
21/05/2021,300,12540000,41.9(3.20 %),300,12540000,0,0,34854419,19.41
24/05/2021,500,20950000,43(2.63 %),500,20950000,0,0,34853919,19.41
25/05/2021,1100,56830000,42(-2.33 %),7200,316080000,6100,259250000,34852819,19.41
26/05/2021,0,0,43.8(4.29 %),0,0,0,0,34852819,19.41
27/05/2021,43900,1987340000,45(2.74 %),53400,2408470000,9500,421130000,34808919,19.45
28/05/2021,10000,443180000,44.6(-0.89 %),20700,919700000,10700,476520000,34798919,19.46
31/05/2021,-3100,-135270000,45.2(1.35 %),10300,449140000,13400,584410000,34802019,19.46
01/06/2021,29391,1370939500,44(-2.65 %),54800,2493940000,25409,1123000500,34780519,19.47
02/06/2021,-24100,-1074350000,45.3(2.95 %),0,0,24100,1074350000,34804619,19.45
03/06/2021,-29500,-1375550000,47.4(4.64 %),0,0,29500,1375550000,34834119,19.43
04/06/2021,-22900,-1052120000,46.2(-2.53 %),8800,418720000,31700,1470840000,34857019,19.41
07/06/2021,-20000,-929770000,47.7(3.25 %),0,0,20000,929770000,34877019,19.39
08/06/2021,3800,182380000,47(-1.47 %),3800,182380000,0,0,34873219,19.4
09/06/2021,-13000,-625260000,48.5(3.19 %),10800,522650000,23800,1147910000,34886219,19.38
10/06/2021,-20000,-969760000,48.9(0.82 %),0,0,20000,969760000,34906219,19.37
11/06/2021,-800,-40000000,49.4(1.02 %),0,0,800,40000000,34907019,19.37
14/06/2021,-7200,-367600000,50.5(2.23 %),15900,807420000,23100,1175020000,34914219,19.36
15/06/2021,-7000,-363260000,51.8(2.57 %),0,0,7000,363260000,34921219,19.35
16/06/2021,-4600,-234670000,50.6(-2.32 %),0,0,4600,234670000,34925819,19.35
17/06/2021,4300,220800000,51.5(1.78 %),4300,220800000,0,0,34921519,19.35
18/06/2021,-11400,-609840000,53.9(4.66 %),600,30960000,12000,640800000,34932919,19.34
21/06/2021,0,0,52.6(-2.41 %),0,0,0,0,34914828,19.36
22/06/2021,500,26400000,53(0.76 %),500,26400000,0,0,34914328,19.36
23/06/2021,1500,79100000,52.1(-1.70 %),2500,131200000,1000,52100000,34912828,19.36
24/06/2021,-470,-26081000,51.7(-0.77 %),500,25300000,970,51381000,34913298,19.36
25/06/2021,17500,915140000,52.5(1.55 %),19700,1031430000,2200,116290000,34895798,19.38
28/06/2021,200,10360000,52(-0.95 %),200,10360000,0,0,34895598,19.38
29/06/2021,0,0,50.7(-2.50 %),0,0,0,0,34895598,19.38
30/06/2021,0,0,50.8(0.20 %),0,0,0,0,34895598,19.38
01/07/2021,0,0,50.4(-0.79 %),0,0,0,0,34907598,19.37
02/07/2021,0,0,50.2(-0.40 %),0,0,0,0,34907598,0.0
05/07/2021,0,0,49.9(-0.60 %),0,0,0,0,34907598,0.0
06/07/2021,1600,79620000,49.4(-1.00 %),2500,124250000,900,44630000,34905998,0.0
07/07/2021,-1500,-74100000,51.2(3.64 %),0,0,1500,74100000,34907498,19.37
08/07/2021,0,0,50.2(-1.95 %),0,0,0,0,34905098,19.37
09/07/2021,0,0,51(1.59 %),0,0,0,0,34905098,19.37
12/07/2021,-11270,-558865000,47.8(-6.27 %),0,0,11270,558865000,34916368,19.36
13/07/2021,0,0,49.6(3.77 %),0,0,0,0,34916368,19.36
14/07/2021,-600,-29820000,51(2.82 %),0,0,600,29820000,34916968,19.36
15/07/2021,-42710,-2114275000,51(0.00 %),500,24800000,43210,2139075000,34959678,19.32
16/07/2021,0,0,50.9(-0.20 %),0,0,0,0,34959678,19.32
19/07/2021,-28100,-1388140000,49.9(-1.96 %),0,0,28100,1388140000,34987778,19.3
20/07/2021,0,0,50.7(1.60 %),0,0,0,0,34987778,19.3
21/07/2021,300,15600000,51.5(1.58 %),300,15600000,0,0,34987478,19.3
22/07/2021,-86600,-4332250000,51.7(0.39 %),1400,69960000,88000,4402210000,35074078,19.22
23/07/2021,0,0,51.7(0.00 %),0,0,0,0,35074078,19.22
26/07/2021,2400,124530000,51.8(0.19 %),2700,140050000,300,15520000,35071678,19.23
27/07/2021,-15800,-797100000,50.3(-2.90 %),400,20120000,16200,817220000,35087478,19.21
28/07/2021,0,0,49.5(-1.59 %),0,0,0,0,35087478,19.21
29/07/2021,-1900,-93900000,50.8(2.63 %),0,0,1900,93900000,35089378,19.21
30/07/2021,0,0,49.9(-1.77 %),0,0,0,0,35089378,19.21
02/08/2021,-174400,-8473110000,48.5(-2.81 %),0,0,174400,8473110000,35089878,19.21
03/08/2021,-100,-4830000,49.7(2.47 %),0,0,100,4830000,35089978,19.21
04/08/2021,800,39400000,49.6(-0.20 %),1000,49100000,200,9700000,35089178,19.21
05/08/2021,-180570,-8706780000,48.9(-1.41 %),0,0,180570,8706780000,35269748,19.06
06/08/2021,500,24300000,48.9(0.00 %),500,24300000,0,0,35269248,19.06
09/08/2021,-22600,-1090550000,48.9(0.00 %),100,4800000,22700,1095350000,35291848,19.04
10/08/2021,39900,1954510000,49.2(0.61 %),39900,1954510000,0,0,35251948,19.07
11/08/2021,47900,2354930000,49.4(0.41 %),47900,2354930000,0,0,35204048,19.11
12/08/2021,0,0,48.8(-1.21 %),0,0,0,0,35204048,19.11
13/08/2021,0,0,48.5(-0.61 %),0,0,0,0,35204048,0.15
16/08/2021,-37400,-1843200000,52.2(7.63 %),0,0,37400,1843200000,35241448,19.08
17/08/2021,0,0,52.6(0.77 %),0,0,0,0,35241448,19.08
18/08/2021,-700,-37100000,52.9(0.57 %),0,0,700,37100000,35242148,19.08
19/08/2021,0,0,51(-3.59 %),0,0,0,0,35242148,19.08
20/08/2021,0,0,50.5(-0.98 %),0,0,0,0,35242148,19.08
23/08/2021,-38550,-1911741000,50.7(0.40 %),0,0,38550,1911741000,35280698,19.05
24/08/2021,0,0,50(-1.38 %),0,0,0,0,35280698,19.05
25/08/2021,0,0,50.9(1.80 %),0,0,0,0,35280698,19.05
26/08/2021,-118300,-5855880000,50.8(-0.20 %),0,0,118300,5855880000,35398998,18.95
27/08/2021,0,0,50.8(0.00 %),0,0,0,0,35398998,18.95
30/08/2021,-2000,-99150000,49.8(-1.97 %),0,0,2000,99150000,35400998,18.95
31/08/2021,27000,1400650000,52(4.42 %),27000,1400650000,0,0,35373998,18.97
01/09/2021,0,0,51.6(-0.77 %),0,0,0,0,35548298,0.0
06/09/2021,-59300,-2986150000,51.6(0.00 %),2000,102000000,61300,3088150000,35607598,18.77
07/09/2021,0,0,51(-1.16 %),0,0,0,0,35607598,0.0
08/09/2021,0,0,51(0.00 %),0,0,0,0,35607598,0.0
09/09/2021,-10100,-513420000,51.9(1.76 %),800,41510000,10900,554930000,35617698,18.76
10/09/2021,1200,61200000,0(0.00 %),2000,102000000,800,40800000,35616498,18.76
14/09/2021,-600,-30400000,51.6(0.19 %),0,0,600,30400000,35617098,18.76
15/09/2021,0,0,51.9(0.58 %),0,0,0,0,35617098,18.76
16/09/2021,-2200,-113540000,51.9(0.00 %),0,0,2200,113540000,35619298,18.76
17/09/2021,-100,-5100000,52(0.19 %),0,0,100,5100000,35619398,18.76
20/09/2021,-1100,-57430000,52(0.00 %),0,0,1100,57430000,35620498,18.76
21/09/2021,0,0,52(0.00 %),0,0,0,0,35621498,18.76
22/09/2021,-2700,-138270000,51.7(-0.58 %),0,0,2700,138270000,35624198,18.76
23/09/2021,-26900,-1361060000,50.9(-1.55 %),0,0,26900,1361060000,35651098,18.73
24/09/2021,0,0,50.8(-0.20 %),0,0,0,0,35651098,0.0
27/09/2021,-2208,-110678400,49.8(-1.97 %),0,0,2208,110678400,35653306,18.73
28/09/2021,0,0,54.7(9.84 %),0,0,0,0,35653306,18.73
29/09/2021,0,0,50(-8.59 %),0,0,0,0,35653306,0.0
30/09/2021,0,0,50.7(1.40 %),0,0,0,0,35653306,18.73
01/10/2021,100,5070000,50.6(-0.20 %),76504,3496732800,76404,3491662800,35654406,18.73
04/10/2021,0,0,49.1(-2.96 %),0,0,0,0,35654406,18.73
05/10/2021,0,0,50(1.83 %),0,0,0,0,35654406,18.73
06/10/2021,-500,-25400000,51(2.00 %),0,0,500,25400000,35654406,18.73
07/10/2021,-3,-147900,51(0.00 %),0,0,3,147900,35654406,18.73
08/10/2021,2000,100000000,50.6(-0.78 %),2000,100000000,0,0,35652406,18.73
11/10/2021,0,0,50.1(-0.99 %),0,0,0,0,35652906,18.73
12/10/2021,0,0,50.4(0.60 %),0,0,0,0,35652909,18.73
13/10/2021,-2600,-131900000,51.2(1.59 %),0,0,2600,131900000,35655509,0.0
14/10/2021,0,0,51.4(0.39 %),0,0,0,0,35655509,0.0
15/10/2021,0,0,51.4(0.00 %),0,0,0,0,35655509,0.0
19/10/2021,0,0,50.8(-1.36 %),0,0,0,0,35655509,0.0
20/10/2021,-1900,-95950000,50.7(-0.20 %),0,0,1900,95950000,35657409,0.0
21/10/2021,0,0,50.8(0.20 %),0,0,0,0,35655509,0.0
22/10/2021,0,0,51.4(1.18 %),0,0,0,0,35655509,0.0
25/10/2021,-800,-47250000,56.5(9.92 %),700,36850000,1500,84100000,35656309,0.0
26/10/2021,-40100,-2471460000,61.9(9.56 %),1100,67740000,41200,2539200000,35696409,0.0
27/10/2021,300,16110000,61(-1.45 %),2300,139960000,2000,123850000,35696109,18.7
28/10/2021,-100,-5880000,58.4(-4.26 %),0,0,100,5880000,35696209,0.0
29/10/2021,-18300,-1084570000,59(1.03 %),1700,102050000,20000,1186620000,35714509,18.68
01/11/2021,-300,-17700000,58.5(-0.85 %),0,0,300,17700000,35696009,18.7
02/11/2021,-116100,-6610250000,57.1(-2.39 %),5200,296400000,121300,6906650000,35812109,18.6
03/11/2021,-2600,-149720000,57.1(0.00 %),2000,117000000,4600,266720000,35814709,18.6
04/11/2021,0,0,56(0.72 %),0,0,0,0,35814709,0.0
05/11/2021,0,0,56.6(1.07 %),0,0,0,0,35814709,18.6
08/11/2021,0,0,56.7(0.18 %),0,0,0,0,35814709,18.6
09/11/2021,916,51737200,56.9(0.35 %),1000,56500000,84,4762800,35813793,18.6
10/11/2021,-7900,-473480000,60.5(6.33 %),100,5720000,8000,479200000,35821693,18.59
11/11/2021,-4900,-299950000,60(-0.83 %),100,6050000,5000,306000000,35826593,18.59
12/11/2021,-2000,-124040000,59(-1.67 %),100,5950000,2100,129990000,35828593,18.58
15/11/2021,-12800,-798420000,61(3.39 %),0,0,12800,798420000,35841393,18.57
16/11/2021,4400,267710000,62.8(2.95 %),4400,267710000,0,0,35836993,18.58
17/11/2021,4900,308700000,63.7(1.43 %),5000,315000000,100,6300000,35832093,18.58
18/11/2021,-1900,-126690000,63.5(-0.31 %),5200,325300000,7100,451990000,35833993,18.58
19/11/2021,2900,177770000,62(-2.36 %),5000,308000000,2100,130230000,35831093,18.58
22/11/2021,-23,-1339900,60.5(-2.42 %),0,0,23,1339900,35831116,18.58
23/11/2021,0,0,60.9(0.66 %),0,0,0,0,35831116,18.58
24/11/2021,-21000,-1347100000,64(5.09 %),0,0,21000,1347100000,35852116,18.56
25/11/2021,-5000,-323000000,65(1.56 %),0,0,5000,323000000,35857116,18.56
26/11/2021,-3600,-230040000,64(-1.54 %),0,0,3600,230040000,35851826,18.56
29/11/2021,-1800,-115020000,63.1(-1.41 %),0,0,1800,115020000,35853626,18.56
30/11/2021,-4200,-275780000,64.4(2.06 %),4000,252200000,8200,527980000,35857826,18.56
01/12/2021,0,0,63.7(-1.09 %),0,0,0,0,35877826,18.54
02/12/2021,800,50420000,62.8(-1.41 %),1000,63000000,200,12580000,35877026,18.54
03/12/2021,0,0,61.6(-1.91 %),0,0,0,0,35877026,18.54
06/12/2021,-1000,-60500000,60.5(-1.79 %),0,0,1000,60500000,35878026,18.54
07/12/2021,-100,-6100000,61(0.83 %),0,0,100,6100000,35878126,18.54
08/12/2021,-100,-6100000,61(0.00 %),0,0,100,6100000,35878226,18.54
09/12/2021,0,0,61.4(0.66 %),0,0,0,0,35887626,18.53
10/12/2021,0,0,61(-0.65 %),0,0,0,0,35887626,18.53
13/12/2021,5000,302500000,61(0.00 %),5000,302500000,0,0,35882626,18.54
14/12/2021,0,0,60.8(-0.33 %),0,0,0,0,35882626,18.54
15/12/2021,0,0,60.7(-0.16 %),0,0,0,0,35882626,18.54
16/12/2021,0,0,60.6(-0.16 %),0,0,0,0,35882626,18.54
17/12/2021,0,0,60(-0.99 %),0,0,0,0,35882626,18.54
20/12/2021,0,0,59.6(-0.67 %),0,0,0,0,35882626,18.54
21/12/2021,0,0,57.8(-3.02 %),0,0,0,0,35882826,18.54
22/12/2021,-700,-39900000,60(3.81 %),0,0,700,39900000,35883526,18.54
23/12/2021,0,0,58.4(-2.67 %),0,0,0,0,35883526,0.0
24/12/2021,0,0,58.8(0.68 %),0,0,0,0,35883526,0.0
27/12/2021,0,0,57.7(-1.87 %),0,0,0,0,35883526,18.54
28/12/2021,0,0,58(0.52 %),0,0,0,0,35883526,18.54
29/12/2021,500,29920000,59.6(2.76 %),600,35880000,100,5960000,35882926,18.54
30/12/2021,0,0,60.1(0.84 %),0,0,0,0,35882926,18.54
31/12/2021,0,0,60(-0.17 %),0,0,0,0,35883026,18.54
04/01/2022,-1600,-96160000,60.2(0.33 %),0,0,1600,96160000,35883026,18.54
05/01/2022,-500,-30040000,60.3(0.17 %),0,0,500,30040000,35883026,18.54
06/01/2022,-100,-6010000,60(-0.50 %),0,0,100,6010000,35884626,18.54
07/01/2022,-500,-30550000,61.5(2.50 %),0,0,500,30550000,35885126,18.54
10/01/2022,2000,123000000,60.5(-1.63 %),2000,123000000,0,0,35883226,18.54
11/01/2022,-60000,-3609000000,60.7(0.33 %),0,0,60000,3609000000,35883726,18.54
12/01/2022,2000,123980000,60.7(0.00 %),2000,123980000,0,0,35881726,18.54
13/01/2022,-6400,-410520000,63.9(5.27 %),1200,77400000,7600,487920000,35940526,18.49
14/01/2022,-123100,-7805170000,64.4(0.78 %),0,0,123100,7805170000,35940526,18.49
17/01/2022,-320100,-20448660000,65(0.93 %),300,19620000,320400,20468280000,35947826,18.48
18/01/2022,0,0,65(0.00 %),0,0,0,0,36070926,18.38
19/01/2022,200,13000000,64.4(-0.92 %),200,13000000,0,0,36391126,18.11
20/01/2022,0,0,64.4(0.00 %),0,0,0,0,36391126,18.11
21/01/2022,0,0,65.2(1.24 %),0,0,0,0,36391126,18.11
24/01/2022,-180000,-11280360000,63.6(-2.45 %),0,0,180000,11280360000,36391126,18.11
25/01/2022,0,0,64(0.63 %),0,0,0,0,36391126,18.11
26/01/2022,-126,-7945400,63.5(-0.78 %),0,0,126,7945400,36571126,17.95
27/01/2022,0,0,63(-0.79 %),0,0,0,0,36571126,17.95
28/01/2022,-4100,-284130000,69.3(10.00 %),0,0,4100,284130000,36571252,17.95
07/02/2022,800,55360000,66.3(-4.33 %),800,55360000,0,0,36570452,17.95
08/02/2022,-100,-6520000,65.8(-0.75 %),0,0,100,6520000,36574552,17.95
09/02/2022,0,0,65.8(0.00 %),0,0,0,0,36574552,17.95
10/02/2022,0,0,65.7(-0.15 %),0,0,0,0,36574652,17.95
11/02/2022,-8300,-552230000,67.2(2.28 %),0,0,8300,552230000,36574652,17.95
14/02/2022,-5600,-374190000,65(-3.27 %),1600,107160000,7200,481350000,36573052,17.95
15/02/2022,-200,-12980000,64.9(-0.15 %),0,0,200,12980000,36581352,17.95
16/02/2022,-200,-12960000,65.5(0.92 %),0,0,200,12960000,36588552,17.94
17/02/2022,-1300,-83110000,65.2(-0.46 %),0,0,1300,83110000,36588752,17.94
18/02/2022,0,0,64.5(-1.07 %),0,0,0,0,36588952,17.94
21/02/2022,-2800,-180400000,64.3(-0.31 %),0,0,2800,180400000,36590252,17.94
22/02/2022,-200,-12790000,63.5(-1.24 %),0,0,200,12790000,36590252,17.94
23/02/2022,0,0,63.8(0.47 %),0,0,0,0,36593052,17.94
24/02/2022,-7000,-439460000,62(-2.82 %),0,0,7000,439460000,36593252,17.94
25/02/2022,-800,-50400000,63(1.61 %),0,0,800,50400000,36593252,17.94
28/02/2022,0,0,62.9(-0.16 %),0,0,0,0,36600252,17.93
01/03/2022,-3100,-194050000,61.8(-1.75 %),0,0,3100,194050000,36601052,17.93
02/03/2022,-200,-12360000,62.5(1.13 %),0,0,200,12360000,36601052,17.93
03/03/2022,1000,62900000,63.3(1.28 %),5000,314500000,4000,251600000,36599152,17.93
04/03/2022,0,0,62.7(-0.95 %),0,0,0,0,36599352,17.93
07/03/2022,0,0,62.1(-0.96 %),0,0,0,0,36603352,17.93
08/03/2022,0,0,61.6(-0.81 %),0,0,0,0,36603352,17.93
09/03/2022,0,0,61.5(-0.16 %),0,0,0,0,36603352,17.93
10/03/2022,0,0,61.5(0.00 %),0,0,0,0,36603352,17.93
11/03/2022,0,0,60.1(-2.28 %),0,0,0,0,36603352,17.93
14/03/2022,0,0,59.4(-1.16 %),0,0,0,0,36603352,17.93
15/03/2022,6800,395590000,65(9.43 %),6800,395590000,0,0,36596552,17.93
16/03/2022,-26900,-1614590000,59.2(-8.92 %),8000,477200000,34900,2091790000,36588552,17.94
17/03/2022,0,0,60(1.35 %),0,0,0,0,36588552,17.94
18/03/2022,0,0,59.8(-0.33 %),0,0,0,0,36623452,17.91
21/03/2022,2200,127820000,58.5(-2.17 %),2200,127820000,0,0,36621252,17.91
22/03/2022,0,0,58.8(0.51 %),0,0,0,0,36621252,17.91
23/03/2022,0,0,59(0.34 %),0,0,0,0,36621252,17.91
24/03/2022,-500,-29550000,61.2(3.73 %),0,0,500,29550000,36621252,17.91
25/03/2022,0,0,60.5(-1.14 %),0,0,0,0,36621252,17.91
28/03/2022,400,23880000,58.7(-2.98 %),400,23880000,0,0,36621352,17.91
29/03/2022,0,0,58.6(-0.17 %),0,0,0,0,36621352,17.91
30/03/2022,-100,-5860000,58.8(0.34 %),0,0,100,5860000,36621352,17.91
31/03/2022,0,0,58.3(-0.85 %),0,0,0,0,36621352,17.91
01/04/2022,0,0,57.5(-1.37 %),0,0,0,0,36621452,17.91
04/04/2022,1000,57500000,57.5(0.00 %),1000,57500000,0,0,36620452,17.91
05/04/2022,0,0,58.2(1.22 %),0,0,0,0,36620552,17.91
06/04/2022,0,0,57.9(-0.52 %),0,0,0,0,36620552,17.91
07/04/2022,0,0,56.8(-1.90 %),0,0,0,0,36620552,17.91
08/04/2022,0,0,56.5(-0.53 %),0,0,0,0,36620552,17.91
12/04/2022,0,0,54.9(-2.83 %),0,0,0,0,36620552,16.28
13/04/2022,0,0,55(0.18 %),0,0,0,0,36620552,17.91
14/04/2022,0,0,56(1.82 %),0,0,0,0,36620552,17.91
15/04/2022,0,0,0(0.00 %),0,0,0,0,36620552,17.91
18/04/2022,-5000,-282500000,0(0.00 %),0,0,5000,282500000,36620552,17.91
19/04/2022,0,0,55.8(-0.89 %),0,0,0,0,36620552,17.91
20/04/2022,-101,-5555000,55(-1.43 %),0,0,101,5555000,36620552,17.91
21/04/2022,0,0,53.8(-2.18 %),0,0,0,0,36625552,17.91
22/04/2022,0,0,53(-1.49 %),0,0,0,0,36625653,17.91
25/04/2022,0,0,49(-7.55 %),0,0,0,0,36625653,17.91
26/04/2022,700,33680000,49.5(1.02 %),700,33680000,0,0,36624953,17.91
27/04/2022,0,0,50.5(2.02 %),0,0,0,0,36624953,17.91
28/04/2022,100,5050000,50.4(-0.20 %),100,5050000,0,0,36624853,17.91
29/04/2022,-200,-10080000,53.8(6.75 %),0,0,200,10080000,36624853,17.91
04/05/2022,3500,188960000,53.6(-0.37 %),3500,188960000,0,0,36621353,17.91
05/05/2022,100,5360000,53.9(0.56 %),100,5360000,0,0,36621453,17.91
06/05/2022,0,0,53(-1.67 %),0,0,0,0,36621453,17.91
09/05/2022,900,45010000,49.8(-6.04 %),900,45010000,0,0,36620553,17.91
10/05/2022,300,14770000,50.4(1.20 %),300,14770000,0,0,36620253,17.91
11/05/2022,100,4930000,49.3(-2.18 %),100,4930000,0,0,36620153,17.91
12/05/2022,-3800,-184340000,48.6(-1.42 %),200,9660000,4000,194000000,36619953,17.91
13/05/2022,600,28150000,47(-3.29 %),600,28150000,0,0,36619353,17.91
16/05/2022,100,4650000,46.7(-0.64 %),100,4650000,0,0,36623253,17.91
17/05/2022,0,0,47.1(0.86 %),0,0,0,0,36623253,17.91
18/05/2022,-7400,-337880000,46.7(1.30 %),0,0,7400,337880000,36623253,17.91
19/05/2022,-5800,-265490000,46(-1.50 %),0,0,5800,265490000,36623253,17.91
20/05/2022,-9601,-436955800,45.5(-1.09 %),0,0,9601,436955800,36630653,17.9
23/05/2022,-24000,-1071520000,44.6(-1.98 %),100,4440000,24100,1075960000,36636353,17.9
24/05/2022,-25000,-1092300000,44(-1.35 %),0,0,25000,1092300000,36645954,17.89
25/05/2022,-29500,-1288920000,44(0.00 %),0,0,29500,1288920000,36670054,17.87
26/05/2022,-28800,-1277950000,45.8(4.09 %),700,31110000,29500,1309060000,36694354,17.85
27/05/2022,-10100,-455240000,45.5(-0.66 %),200,9000000,10300,464240000,36723654,17.82
30/05/2022,-12000,-539240000,44.9(-1.32 %),0,0,12000,539240000,36753154,17.8
31/05/2022,-13000,-575150000,44.8(-0.22 %),0,0,13000,575150000,36763454,17.79
01/06/2022,-6800,-299100000,44.5(-0.67 %),200,8900000,7000,308000000,36775254,17.78
02/06/2022,-6100,-269850000,43.8(-1.57 %),0,0,6100,269850000,36788254,17.77
03/06/2022,-12900,-556730000,43.8(0.00 %),2000,87240000,14900,643970000,36793254,17.77
06/06/2022,100,4400000,43.9(0.23 %),100,4400000,0,0,36799254,17.76
07/06/2022,200,8700000,43.7(-0.46 %),200,8700000,0,0,36813954,17.75
08/06/2022,0,0,43.5(-0.46 %),0,0,0,0,36813954,17.75
09/06/2022,0,0,43.1(-0.92 %),0,0,0,0,36813954,17.75
10/06/2022,200,8600000,43.4(0.70 %),200,8600000,0,0,36813754,17.75
13/06/2022,200,8120000,42(-3.23 %),200,8120000,0,0,36813554,17.75
14/06/2022,200,8190000,41(-2.38 %),200,8190000,0,0,36813354,17.75
15/06/2022,300,11670000,40(-2.44 %),300,11670000,0,0,36813054,17.75
16/06/2022,0,0,38.9(-2.75 %),0,0,0,0,36813054,17.75
17/06/2022,300,11670000,38.9(0.00 %),300,11670000,0,0,36812754,17.75
20/06/2022,0,0,38.7(-0.51 %),0,0,0,0,36812754,17.75
21/06/2022,2900,111970000,38.6(-0.26 %),2900,111970000,0,0,36809854,17.75
22/06/2022,0,0,38(-1.55 %),0,0,0,0,36809854,17.75
23/06/2022,1800,66060000,37.4(-1.58 %),1800,66060000,0,0,36808054,17.75
24/06/2022,0,0,37.1(-0.80 %),0,0,0,0,36808054,17.75
27/06/2022,0,0,38(2.43 %),0,0,0,0,36808054,17.75
28/06/2022,2800,105920000,36.9(-2.89 %),2800,105920000,0,0,36805254,17.76
29/06/2022,100,3760000,37.5(1.63 %),100,3760000,0,0,36805154,17.76
30/06/2022,100,3740000,37.1(-1.07 %),100,3740000,0,0,36805054,17.76
01/07/2022,0,0,37.4(0.81 %),0,0,0,0,36805054,17.76
04/07/2022,0,0,37.8(1.07 %),0,0,0,0,36805054,17.76
05/07/2022,0,0,37.9(0.26 %),0,0,0,0,36805054,17.76
06/07/2022,0,0,37.8(-0.26 %),0,0,0,0,36805054,17.76
07/07/2022,700,26340000,37.7(-0.26 %),700,26340000,0,0,36804354,17.76
08/07/2022,-2000,-76000000,38.1(1.06 %),0,0,2000,76000000,36804354,17.76
11/07/2022,0,0,34.7(0.29 %),0,0,0,0,36804354,17.76
12/07/2022,0,0,35.3(1.73 %),0,0,0,0,36806354,17.75
13/07/2022,0,0,36.4(3.12 %),0,0,0,0,36806354,17.75
14/07/2022,0,0,37(1.65 %),0,0,0,0,36806354,17.75
15/07/2022,2000,73800000,36.5(-1.35 %),2000,73800000,0,0,36804354,17.76
18/07/2022,200,7780000,37.2(1.92 %),200,7780000,0,0,36804154,17.76
19/07/2022,0,0,37.3(0.27 %),0,0,0,0,36804154,17.76
20/07/2022,5200,197710000,38.5(3.22 %),5200,197710000,0,0,36798954,17.76
21/07/2022,10000,389320000,40.8(5.97 %),10000,389320000,0,0,36788954,17.77
22/07/2022,0,0,41.5(1.72 %),0,0,0,0,36788954,17.77
25/07/2022,0,0,41.1(-0.96 %),0,0,0,0,36788954,17.77
26/07/2022,0,0,40.6(-1.22 %),0,0,0,0,36788954,17.77
27/07/2022,-9000,-350460000,39.1(-3.69 %),0,0,9000,350460000,36788954,17.77
28/07/2022,0,0,39(-0.26 %),0,0,0,0,36788954,17.77
29/07/2022,5000,199990000,39.9(2.31 %),5000,199990000,0,0,36792954,17.77
01/08/2022,-1700,-74050000,41.4(3.76 %),4600,188660000,6300,262710000,36788354,17.77
02/08/2022,100,4100000,41.1(-0.72 %),300,12360000,200,8260000,36788054,17.77
03/08/2022,0,0,41.4(0.73 %),0,0,0,0,36794354,17.76
04/08/2022,0,0,40.7(-1.69 %),0,0,0,0,36794554,17.76
05/08/2022,1500,61950000,40.9(0.49 %),1500,61950000,0,0,36793054,17.77
08/08/2022,0,0,40.5(-0.98 %),0,0,0,0,36793054,17.77
09/08/2022,0,0,40.5(0.00 %),0,0,0,0,36793054,17.77
10/08/2022,0,0,40.7(0.49 %),0,0,0,0,36793054,17.77
11/08/2022,-1500,-60600000,40.2(-1.23 %),0,0,1500,60600000,36793054,17.77
12/08/2022,-14000,-595120000,42.8(6.47 %),0,0,14000,595120000,36793054,17.77
15/08/2022,-9000,-395600000,44(2.80 %),1000,43900000,10000,439500000,36793554,17.77
16/08/2022,-5000,-219500000,44.1(0.23 %),0,0,5000,219500000,36807554,17.75
17/08/2022,0,0,43.5(-1.36 %),0,0,0,0,36817554,17.74
18/08/2022,0,0,43.8(0.69 %),0,0,0,0,36822554,17.74
19/08/2022,0,0,43.5(-0.68 %),0,0,0,0,36822554,17.74
22/08/2022,-26,-1112800,43(-1.15 %),0,0,26,1112800,36822554,17.74
23/08/2022,0,0,43.5(1.16 %),0,0,0,0,40502989,17.74
24/08/2022,8000,344500000,43.1(-0.92 %),8000,344500000,0,0,40495015,17.75
25/08/2022,200,8620000,43.4(0.70 %),200,8620000,0,0,40494815,17.75
26/08/2022,0,0,43.3(-0.23 %),0,0,0,0,40494815,17.75
29/08/2022,0,0,42.7(-1.39 %),0,0,0,0,40494815,17.75
30/08/2022,0,0,43.7(2.34 %),0,0,0,0,40494815,17.75
31/08/2022,-4700,-204890000,43.8(0.23 %),300,13110000,5000,218000000,40494515,17.75
05/09/2022,4500,197530000,43.6(-0.46 %),4500,197530000,0,0,40490015,17.75
06/09/2022,0,0,43.2(-0.92 %),0,0,0,0,40495015,17.75
07/09/2022,0,0,41.8(-3.24 %),0,0,0,0,40495015,17.75
08/09/2022,3300,137940000,41.6(-0.48 %),3300,137940000,0,0,40491715,17.75
09/09/2022,0,0,41.5(-0.24 %),0,0,0,0,40491715,17.75
12/09/2022,42,1747200,41.5(0.00 %),60,2496000,18,748800,40491655,17.75
13/09/2022,-25,-1002500,40.5(-2.41 %),0,0,25,1002500,40491655,17.75
14/09/2022,0,0,40.4(-0.25 %),0,0,0,0,40491673,17.75
15/09/2022,994,40325400,40.5(0.25 %),1000,40560000,6,234600,0,17.75
16/09/2022,-1217,-49373900,40.7(0.49 %),0,0,1217,49373900,40490698,17.75
19/09/2022,5400,211140000,38.3(-5.90 %),5400,211140000,0,0,40485298,0.0
20/09/2022,-22,-849200,39(1.83 %),0,0,22,849200,40486521,17.75
21/09/2022,-100,-3940000,39.3(0.77 %),0,0,100,3940000,40486521,17.75
22/09/2022,2200,86280000,39.3(0.00 %),2200,86280000,0,0,40484343,17.76
23/09/2022,0,0,39.3(0.00 %),0,0,0,0,40484343,17.76
26/09/2022,500,19250000,38.5(-2.04 %),500,19250000,0,0,40483943,17.76
27/09/2022,-340,-12527200,38.8(0.78 %),0,0,340,12527200,40483943,17.76
28/09/2022,-3200,-123860000,38.3(-1.29 %),100,3850000,3300,127710000,40483843,17.76
29/09/2022,-3700,-143190000,38(-0.78 %),0,0,3700,143190000,40484183,17.76
30/09/2022,-2400,-91040000,37.9(-0.26 %),300,11290000,2700,102330000,40487183,17.75
03/10/2022,3000,110120000,36.1(-4.75 %),3100,113770000,100,3650000,40487783,17.75
04/10/2022,4000,145200000,36(-0.28 %),4000,145200000,0,0,40486483,17.75
05/10/2022,-150,-5468600,36.9(2.50 %),0,0,150,5468600,40486583,17.75
06/10/2022,8100,300750000,36.7(-0.54 %),13600,505350000,5500,204600000,40472983,17.76
07/10/2022,4200,151570000,35.5(-3.27 %),4200,151570000,0,0,40468933,17.77
10/10/2022,0,0,35.9(1.13 %),0,0,0,0,40474433,17.76
11/10/2022,-5900,-212470000,34.5(-3.90 %),0,0,5900,212470000,40474433,17.76
12/10/2022,100,3550000,35.5(2.90 %),100,3550000,0,0,40474333,17.76
13/10/2022,0,0,35.6(0.28 %),0,0,0,0,40480233,17.76
14/10/2022,700,25340000,37.5(5.34 %),700,25340000,0,0,40479533,17.76
17/10/2022,-1,-36300,37.9(1.07 %),0,0,1,36300,40479533,17.76
18/10/2022,-10,-364100,37.5(-1.06 %),0,0,10,364100,40479533,17.76
19/10/2022,0,0,37.5(0.00 %),0,0,0,0,40479534,17.76
20/10/2022,0,0,37.6(0.27 %),0,0,0,0,40479544,17.76
21/10/2022,-92,-3347000,35(-6.91 %),0,0,92,3347000,40479544,17.76
24/10/2022,0,0,35.2(0.57 %),0,0,0,0,40479544,17.76
25/10/2022,-100,-3380000,35(-0.57 %),200,7030000,300,10410000,40479436,17.76
26/10/2022,0,0,34.5(-1.43 %),0,0,0,0,40479436,17.76
27/10/2022,0,0,35.7(3.48 %),0,0,0,0,40479736,17.76
28/10/2022,-100,-3630000,35.7(0.00 %),0,0,100,3630000,40479736,17.76
31/10/2022,-200,-7040000,35.1(-1.68 %),0,0,200,7040000,40479736,17.76
01/11/2022,0,0,36.3(3.42 %),0,0,0,0,40479836,17.76
02/11/2022,0,0,35.5(-2.20 %),0,0,0,0,40480036,17.76
03/11/2022,0,0,35.8(0.85 %),0,0,0,0,40480036,17.76
04/11/2022,-200,-7140000,35.4(-1.12 %),0,0,200,7140000,40480036,17.76
07/11/2022,13300,465560000,34.9(-1.41 %),13900,486500000,600,20940000,40466136,17.77
08/11/2022,0,0,34.8(-0.29 %),0,0,0,0,40466136,17.77
09/11/2022,-400,-14080000,34.8(0.00 %),0,0,400,14080000,40466936,17.77
10/11/2022,8700,271050000,31.4(-9.77 %),9500,298810000,800,27760000,40457436,17.78
11/11/2022,0,0,31.8(1.27 %),0,0,0,0,40457836,17.78
14/11/2022,5200,150800000,29(-8.81 %),5200,150800000,0,0,40453436,17.78
15/11/2022,0,0,27.2(-6.21 %),0,0,0,0,40453436,17.78
16/11/2022,0,0,29.8(9.56 %),0,0,0,0,40453436,17.78
17/11/2022,0,0,31(4.03 %),0,0,0,0,40453436,17.78
18/11/2022,0,0,30.5(-1.61 %),0,0,0,0,40453436,17.78
21/11/2022,0,0,31(1.64 %),0,0,0,0,40453436,17.78
22/11/2022,-4000,-125200000,31.3(0.97 %),0,0,4000,125200000,40453436,17.78
23/11/2022,0,0,31.3(0.00 %),0,0,0,0,40453436,17.78
24/11/2022,-1700,-53210000,31.3(0.00 %),0,0,1700,53210000,40457436,17.78
25/11/2022,-6900,-219810000,32.3(3.19 %),1100,34870000,8000,254680000,40456336,17.78
28/11/2022,-10800,-366120000,34.1(5.57 %),0,0,10800,366120000,40456336,0.0
29/11/2022,300,10290000,34.3(0.59 %),300,10290000,0,0,40457736,0.0
30/11/2022,100,3300000,32.7(-0.30 %),100,3300000,0,0,40465636,0.0
01/12/2022,0,0,32.1(-1.83 %),0,0,0,0,40476436,0.0
02/12/2022,0,0,31.5(-1.87 %),0,0,0,0,40476436,0.0
05/12/2022,0,0,32.9(4.44 %),0,0,0,0,40476436,0.0
06/12/2022,-114,-3738000,32(-2.74 %),0,0,114,3738000,40476436,0.0
07/12/2022,9600,310560000,32(0.00 %),9600,310560000,0,0,40466836,0.0
08/12/2022,6400,205440000,32(0.00 %),6400,205440000,0,0,40460550,17.77
09/12/2022,-100,-3250000,32.5(1.56 %),0,0,100,3250000,40460550,17.77
12/12/2022,1000,33300000,32.5(0.00 %),1000,33300000,0,0,40459550,0.0
13/12/2022,-300,-9720000,32.2(-0.92 %),0,0,300,9720000,40459550,0.0
14/12/2022,0,0,32.4(0.62 %),0,0,0,0,40459650,0.0
15/12/2022,1000,32400000,32.4(0.00 %),1000,32400000,0,0,40458650,0.0
16/12/2022,0,0,32.3(-0.31 %),0,0,0,0,40458950,0.0
19/12/2022,-1300,-41730000,32.3(0.00 %),0,0,1300,41730000,40458950,0.0
20/12/2022,-1400,-44800000,32(-0.93 %),0,0,1400,44800000,40458950,0.0
21/12/2022,0,0,31.9(-0.31 %),0,0,0,0,40458950,0.0
22/12/2022,0,0,31.8(-0.31 %),0,0,0,0,40460250,0.0
23/12/2022,-100,-2929500,31.8(0.00 %),0,0,100,2929500,40461650,0.0
26/12/2022,0,0,32(0.63 %),0,0,0,0,40461650,0.0
27/12/2022,600,18900000,32(0.00 %),600,18900000,0,0,40461050,0.0
28/12/2022,0,0,32(0.00 %),0,0,0,0,40461150,17.77
29/12/2022,0,0,32.2(0.62 %),0,0,0,0,40461150,17.77
30/12/2022,0,0,32(-0.62 %),0,0,0,0,40461150,17.77
03/01/2023,0,0,32.4(1.25 %),0,0,0,0,40461150,0.0
04/01/2023,500,16200000,32.4(0.00 %),500,16200000,0,0,40460650,17.77
05/01/2023,0,0,32.4(0.00 %),0,0,0,0,40460650,17.77
06/01/2023,0,0,32.5(0.31 %),0,0,0,0,40460650,17.77
09/01/2023,0,0,32.3(-0.62 %),0,0,0,0,40460650,17.77
10/01/2023,-32,-1014400,32.1(-0.62 %),0,0,32,1014400,40460650,17.77
11/01/2023,0,0,32.1(0.00 %),0,0,0,0,40460650,17.77
12/01/2023,0,0,32.3(0.62 %),0,0,0,0,40460682,17.77
13/01/2023,0,0,32(-0.93 %),0,0,0,0,40460682,17.77
16/01/2023,0,0,32.3(0.94 %),0,0,0,0,40460682,17.77
17/01/2023,0,0,34(5.26 %),0,0,0,0,40460682,17.77
18/01/2023,0,0,34(0.00 %),0,0,0,0,40460682,17.77
19/01/2023,-100,-3390000,33.5(-1.47 %),0,0,100,3390000,40460682,17.77
27/01/2023,2000,67600000,33.6(0.30 %),2000,67600000,0,0,40458682,17.78
30/01/2023,0,0,33.8(0.60 %),0,0,0,0,40458782,17.78
31/01/2023,0,0,33.9(0.30 %),0,0,0,0,40458782,17.78
01/02/2023,100,3400000,33.5(-1.18 %),100,3400000,0,0,40458682,17.78
02/02/2023,0,0,33.1(-1.19 %),0,0,0,0,40458682,17.78
03/02/2023,2000,66200000,33.1(0.00 %),2000,66200000,0,0,40456682,17.78
06/02/2023,0,0,33(-0.30 %),0,0,0,0,40456682,17.78
07/02/2023,0,0,32.8(-0.61 %),0,0,0,0,40456682,17.78
08/02/2023,0,0,32.6(-0.61 %),0,0,0,0,40456682,17.78
09/02/2023,0,0,32.3(-0.92 %),0,0,0,0,40456682,17.78
10/02/2023,0,0,31.7(-1.86 %),0,0,0,0,40456682,17.78
13/02/2023,0,0,31.9(0.63 %),0,0,0,0,40456682,17.78
14/02/2023,0,0,31.7(-0.63 %),0,0,0,0,40456682,17.78
15/02/2023,0,0,31.7(0.00 %),0,0,0,0,40456682,17.78
16/02/2023,0,0,31.9(0.63 %),0,0,0,0,40456682,17.78
17/02/2023,0,0,32(0.31 %),0,0,0,0,40456682,17.78
20/02/2023,0,0,32.3(0.94 %),0,0,0,0,40456682,17.78
21/02/2023,-38,-1208400,32.2(-0.31 %),0,0,38,1208400,40456682,17.78
22/02/2023,2000,64310000,32.2(0.00 %),2000,64310000,0,0,40454682,17.78
23/02/2023,0,0,31.8(-1.24 %),0,0,0,0,40454720,17.78
24/02/2023,0,0,32(0.63 %),0,0,0,0,40454720,0.0
27/02/2023,0,0,32(0.00 %),0,0,0,0,40454720,17.78
28/02/2023,0,0,31.9(-0.31 %),0,0,0,0,40454720,17.78
01/03/2023,0,0,31.8(-0.31 %),0,0,0,0,40454720,17.78
02/03/2023,0,0,32(0.63 %),0,0,0,0,40454720,17.78
03/03/2023,0,0,31.7(-0.94 %),0,0,0,0,40454720,17.78
06/03/2023,0,0,31.5(-0.63 %),0,0,0,0,40454720,17.78
07/03/2023,0,0,31.7(0.63 %),0,0,0,0,40454720,17.78
08/03/2023,0,0,31.8(0.32 %),0,0,0,0,40454720,17.78
09/03/2023,0,0,31.9(0.31 %),0,0,0,0,40454720,17.78
10/03/2023,400,12740000,31.5(-1.25 %),400,12740000,0,0,40454320,17.78
13/03/2023,0,0,31.5(0.00 %),0,0,0,0,40454320,0.0
14/03/2023,0,0,31.2(-0.95 %),0,0,0,0,40454320,17.78
15/03/2023,-900,-28230000,31.3(0.32 %),0,0,900,28230000,40454320,17.78
16/03/2023,0,0,31.5(0.64 %),0,0,0,0,40454320,17.78
17/03/2023,0,0,31.3(-0.63 %),0,0,0,0,40455220,17.78
20/03/2023,0,0,30.8(-1.60 %),0,0,0,0,40455220,17.78
21/03/2023,0,0,30.8(0.00 %),0,0,0,0,40455220,17.78
22/03/2023,0,0,31.4(1.95 %),0,0,0,0,40455220,17.78
23/03/2023,0,0,31.1(-0.96 %),0,0,0,0,40455220,17.78
24/03/2023,0,0,31(-0.32 %),0,0,0,0,40455220,17.78
27/03/2023,0,0,30.9(-0.32 %),0,0,0,0,40455220,17.78
28/03/2023,0,0,30.9(0.00 %),0,0,0,0,40455220,0.0
29/03/2023,0,0,31(0.32 %),0,0,0,0,40455220,17.78
30/03/2023,0,0,31.3(0.97 %),0,0,0,0,40455220,17.78
31/03/2023,0,0,31.2(-0.32 %),0,0,0,0,40455220,17.78
03/04/2023,0,0,31.1(-0.32 %),0,0,0,0,40455220,17.78
04/04/2023,0,0,31.5(1.29 %),0,0,0,0,40455220,17.78
05/04/2023,0,0,31.5(0.00 %),0,0,0,0,40455220,17.78
06/04/2023,0,0,31.7(0.63 %),0,0,0,0,40455220,17.78
07/04/2023,800,25200000,31.5(-0.63 %),800,25200000,0,0,40454420,17.78
10/04/2023,0,0,31.6(0.32 %),0,0,0,0,40454420,17.78
11/04/2023,200,6320000,32.4(2.53 %),200,6320000,0,0,40454220,17.78
12/04/2023,0,0,32(-1.23 %),0,0,0,0,40454220,17.78
13/04/2023,0,0,32.2(0.62 %),0,0,0,0,40454220,17.78
14/04/2023,-81,-2497700,31.9(-0.93 %),0,0,81,2497700,40454220,17.78
17/04/2023,0,0,31.8(-0.31 %),0,0,0,0,40454220,17.78
18/04/2023,1000,31950000,32(0.63 %),1000,31950000,0,0,40453301,17.78
19/04/2023,0,0,32.6(1.88 %),0,0,0,0,40453301,17.78
20/04/2023,-500,-16950000,34.3(5.21 %),0,0,500,16950000,40453801,17.78
21/04/2023,-1500,-51900000,34.9(1.75 %),0,0,1500,51900000,40453301,17.78
24/04/2023,-3200,-109220000,34(-2.58 %),0,0,3200,109220000,40453801,17.78
25/04/2023,0,0,33.3(-2.06 %),0,0,0,0,40455301,17.78
26/04/2023,0,0,35.8(7.51 %),0,0,0,0,40458501,17.78
27/04/2023,0,0,35.4(-1.12 %),0,0,0,0,40458501,17.78
28/04/2023,0,0,34.7(-1.98 %),0,0,0,0,40458501,17.78
04/05/2023,2700,96930000,35.9(3.46 %),2700,96930000,0,0,40458501,17.78
05/05/2023,0,0,35.3(-1.67 %),0,0,0,0,40455801,17.78
08/05/2023,100,3480000,34.8(-1.42 %),100,3480000,0,0,40455701,17.78
09/05/2023,0,0,35(0.57 %),0,0,0,0,40455701,17.78
10/05/2023,600,20940000,35.5(1.43 %),600,20940000,0,0,40455101,17.78
11/05/2023,0,0,35(-1.41 %),0,0,0,0,40455101,17.78
12/05/2023,0,0,35.5(1.43 %),0,0,0,0,40455101,17.78
15/05/2023,200,7100000,35.1(-1.13 %),200,7100000,0,0,40454901,17.78
16/05/2023,0,0,35.4(0.85 %),0,0,0,0,40454901,17.78
17/05/2023,2000,70400000,35.6(0.56 %),2000,70400000,0,0,40452901,17.78
18/05/2023,0,0,35.5(-0.28 %),0,0,0,0,40452901,17.78
19/05/2023,-1300,-45760000,35(-1.41 %),0,0,1300,45760000,40454201,17.78
22/05/2023,-2620,-92100000,35(0.00 %),0,0,2620,92100000,40456821,17.78
23/05/2023,0,0,34.9(-0.29 %),0,0,0,0,40456821,17.78
24/05/2023,400,13800000,34.7(-0.57 %),400,13800000,0,0,40456421,17.78
25/05/2023,0,0,35.2(1.44 %),0,0,0,0,40456421,17.78
26/05/2023,0,0,35.2(0.00 %),0,0,0,0,40456421,17.78
29/05/2023,0,0,35.2(0.00 %),0,0,0,0,40456421,17.78
30/05/2023,0,0,35.2(0.00 %),0,0,0,0,40456421,17.78
31/05/2023,0,0,35(0.86 %),0,0,0,0,40456421,17.78
01/06/2023,0,0,35(0.00 %),0,0,0,0,40456421,17.78
02/06/2023,1000,34900000,35.4(1.14 %),2000,70000000,1000,35100000,40455421,17.78
05/06/2023,1693,59428500,35.5(0.28 %),1700,59670000,7,241500,40453728,17.78
06/06/2023,5000,176000000,35.5(0.00 %),5000,176000000,0,0,40448728,17.78
07/06/2023,0,0,35.7(0.56 %),0,0,0,0,40448728,17.78
08/06/2023,0,0,35.7(0.00 %),0,0,0,0,40448728,17.78
09/06/2023,0,0,35.7(0.00 %),0,0,0,0,40448728,17.78
12/06/2023,-1700,-64600000,39.2(9.80 %),0,0,1700,64600000,40450428,17.78
13/06/2023,-7200,-282500000,39.3(0.26 %),600,23820000,7800,306320000,40457628,17.78
14/06/2023,-1000,-39000000,37.7(-4.07 %),0,0,1000,39000000,40458628,17.78
15/06/2023,0,0,37.4(-0.80 %),0,0,0,0,40458628,18.78
16/06/2023,0,0,37.2(-0.53 %),0,0,0,0,41754382,17.78
19/06/2023,0,0,38(2.15 %),0,0,0,0,41754382,17.78
20/06/2023,0,0,37.9(-0.26 %),0,0,0,0,41754382,17.78
21/06/2023,1100,41030000,37.8(-0.26 %),1100,41030000,0,0,41753282,17.78
22/06/2023,4400,165270000,37.8(0.00 %),4400,165270000,0,0,41748882,17.78
23/06/2023,0,0,37.6(-0.53 %),0,0,0,0,41749482,17.78
26/06/2023,-616,-23216800,38.4(2.13 %),0,0,616,23216800,41749482,17.78
27/06/2023,0,0,38.5(0.26 %),0,0,0,0,41749482,17.78
28/06/2023,-13,-494000,37.8(-1.82 %),0,0,13,494000,41750098,17.78
29/06/2023,0,0,37.2(-1.59 %),0,0,0,0,41750098,17.78
30/06/2023,0,0,37.5(0.81 %),0,0,0,0,41750111,17.78
03/07/2023,0,0,38.6(2.93 %),0,0,0,0,41750111,17.78
04/07/2023,0,0,39.8(3.11 %),0,0,0,0,41750111,17.78
05/07/2023,0,-30000,41(3.02 %),100,4050000,100,4080000,41750011,17.78
06/07/2023,-1100,-44960000,40.5(-1.22 %),700,28580000,1800,73540000,41749311,17.78
07/07/2023,1600,66810000,42.6(5.19 %),1600,66810000,0,0,41747811,17.78
10/07/2023,0,0,42.4(-0.47 %),0,0,0,0,41749611,17.78
11/07/2023,3200,132410000,41.3(-2.59 %),3200,132410000,0,0,41746411,17.78
12/07/2023,-100,-4130000,42.4(2.66 %),0,0,100,4130000,41746411,17.78
13/07/2023,2100,89670000,42.1(-0.71 %),3000,127500000,900,37830000,41743411,17.78
14/07/2023,2800,117310000,42(-0.24 %),3000,125700000,200,8390000,41740511,17.79
17/07/2023,-200,-8420000,42.5(1.19 %),0,0,200,8420000,41741411,17.79
18/07/2023,2800,117290000,42(-1.18 %),3000,125700000,200,8410000,41738611,17.79
19/07/2023,-1100,-47520000,43.9(4.52 %),0,0,1100,47520000,41738811,17.79
20/07/2023,400,17320000,43.3(-1.37 %),400,17320000,0,0,41738611,17.79
21/07/2023,-694,-30472800,42.8(-1.15 %),500,20550000,1194,51022800,41739211,17.79
24/07/2023,10700,447050000,42(-1.87 %),12000,501840000,1300,54790000,41727211,17.8
25/07/2023,7000,294760000,42.5(1.19 %),7000,294760000,0,0,41721405,17.8
26/07/2023,1600,66560000,41.8(-1.65 %),2500,104500000,900,37940000,41719805,17.8
27/07/2023,2200,91380000,41.5(-0.72 %),3000,124800000,800,33420000,41717605,17.8
28/07/2023,1565,63857500,41.7(0.48 %),3000,123900000,1435,60042500,41714205,0.0
31/07/2023,3312,135788400,41.7(0.00 %),4012,164888400,700,29100000,41711893,17.81
01/08/2023,-200,-8400000,41.4(-0.72 %),0,0,200,8400000,41713328,17.81
02/08/2023,-400,-16900000,41.3(-0.24 %),0,0,400,16900000,41714028,17.81
03/08/2023,0,40000,41.2(-0.24 %),100,4160000,100,4120000,41714128,17.81
04/08/2023,-100,-4150000,41.9(1.70 %),0,0,100,4150000,41714528,17.81
07/08/2023,0,0,41.9(0.00 %),0,0,0,0,41714528,17.81
08/08/2023,0,0,41.7(-0.48 %),0,0,0,0,41714528,17.81
09/08/2023,0,0,42(0.72 %),100,4170000,100,4170000,41714528,17.81
10/08/2023,-2200,-92400000,42.3(0.71 %),2100,88200000,4300,180600000,41716728,17.81
11/08/2023,0,0,41.7(-1.42 %),0,0,0,0,41716728,17.81
14/08/2023,-100,-4200000,42.1(0.96 %),0,0,100,4200000,41716928,17.8
15/08/2023,0,0,42(-0.24 %),0,0,0,0,41716928,17.8
16/08/2023,0,0,41.9(-0.24 %),0,0,0,0,41717028,17.8
17/08/2023,-200,-8320000,41.6(-0.72 %),0,0,200,8320000,41717028,17.8
18/08/2023,25,1000000,39(-6.25 %),25,1000000,0,0,41717003,17.8
21/08/2023,-2000,-76000000,38.7(-0.77 %),0,0,2000,76000000,41717203,17.8
22/08/2023,0,0,38.3(-1.03 %),0,0,0,0,41717203,17.8
23/08/2023,1500,57000000,38(-0.78 %),1500,57000000,0,0,41717703,17.8
24/08/2023,-89,-3320100,38.7(1.84 %),0,0,89,3320100,41717703,17.8
25/08/2023,4200,160030000,38(-1.81 %),4200,160030000,0,0,41713503,0.0
28/08/2023,0,0,37.6(-1.05 %),0,0,0,0,41713592,17.81
29/08/2023,0,0,38.5(2.39 %),0,0,0,0,41713592,17.81
30/08/2023,4200,161730000,38.8(0.78 %),4300,165580000,100,3850000,41709292,17.81
31/08/2023,3000,115040000,38.4(-1.03 %),3100,118920000,100,3880000,41706192,17.81
05/09/2023,0,0,38.7(0.78 %),0,0,0,0,41706292,17.81
06/09/2023,-400,-16000000,39.9(3.10 %),0,0,400,16000000,41706292,0.0
07/09/2023,1000,38780000,39.8(-0.25 %),1400,55440000,400,16660000,41704992,17.81
08/09/2023,5990,234507000,39.4(-1.01 %),6000,234900000,10,393000,41699392,17.82
11/09/2023,3900,152490000,38.9(-1.27 %),3900,152490000,0,0,41695892,17.82
12/09/2023,-300,-11670000,38.6(-0.77 %),0,0,300,11670000,41695902,17.82
13/09/2023,-2300,-90100000,39.2(1.55 %),0,0,2300,90100000,41695902,17.82
14/09/2023,0,0,39.4(0.51 %),0,0,0,0,41696202,17.82
15/09/2023,0,0,38.5(-2.28 %),0,0,0,0,41695502,17.82
18/09/2023,9,342900,38.3(-0.52 %),9,342900,0,0,41695493,17.82
19/09/2023,2800,106680000,0(0.00 %),2800,106680000,0,0,41692693,17.82
20/09/2023,4917,187057700,38.4(-0.26 %),4917,187057700,0,0,41687776,17.83
21/09/2023,30,1152000,38.4(0.00 %),30,1152000,0,0,41687746,17.83
22/09/2023,2000,74000000,38.2(-0.52 %),2000,74000000,0,0,41685746,17.83
25/09/2023,-12,-449100,35.8(-6.28 %),0,0,12,449100,41685746,17.83
26/09/2023,100,3600000,35.8(0.00 %),100,3600000,0,0,41685646,17.83
27/09/2023,0,0,36.5(1.96 %),0,0,0,0,41685646,0.0
28/09/2023,90,3320000,36.9(1.10 %),100,3690000,10,370000,41685558,0.0
29/09/2023,0,0,36.4(-1.36 %),0,0,0,0,41685558,17.83
02/10/2023,2900,105090000,37(1.65 %),2900,105090000,0,0,41682668,17.83
03/10/2023,3100,112240000,36.1(-2.43 %),3100,112240000,0,0,41679568,17.83
04/10/2023,2100,76130000,36.6(1.39 %),2100,76130000,0,0,41677468,17.84
05/10/2023,3200,117100000,36.7(0.27 %),3200,117100000,0,0,41674268,17.84
06/10/2023,100,3660000,35.8(-2.45 %),100,3660000,0,0,41674168,17.84
09/10/2023,0,0,35.9(0.28 %),0,0,0,0,41674168,17.84
10/10/2023,3000,107700000,36(0.28 %),3000,107700000,0,0,41671168,17.84
11/10/2023,0,0,36(0.00 %),0,0,0,0,41671168,17.84
12/10/2023,0,0,36.1(0.28 %),0,0,0,0,41671168,17.84
13/10/2023,0,0,35.9(-0.55 %),0,0,0,0,41671168,17.84
16/10/2023,0,0,35.6(-0.84 %),0,0,0,0,41671168,17.84
17/10/2023,0,0,35.6(0.00 %),0,0,0,0,41671168,17.84
18/10/2023,330,11673000,35.1(-1.40 %),330,11673000,0,0,41670838,17.84
19/10/2023,0,0,34.9(-0.57 %),0,0,0,0,41670838,17.84
20/10/2023,0,0,35.8(2.58 %),0,0,0,0,41670838,17.84
23/10/2023,0,0,36.9(3.07 %),0,0,0,0,41670838,17.84
24/10/2023,0,0,36.9(0.00 %),0,0,0,0,41670838,0.0
25/10/2023,0,0,37.4(1.36 %),0,0,0,0,41670838,17.84
26/10/2023,0,0,36.4(-2.67 %),0,0,0,0,41670838,17.84
27/10/2023,0,0,0(0.00 %),0,0,0,0,41670838,17.84
30/10/2023,-1700,-61410000,36.8(1.38 %),300,10870000,2000,72280000,41670538,17.84
31/10/2023,-1400,-51520000,36.8(0.00 %),0,0,1400,51520000,41670538,17.84
01/11/2023,0,0,36.7(-0.27 %),0,0,0,0,41672538,17.84
02/11/2023,-300,-11090000,37.4(1.91 %),0,0,300,11090000,41673938,17.84
03/11/2023,0,0,37.4(0.00 %),0,0,0,0,41673938,17.84
06/11/2023,0,0,37.4(0.00 %),0,0,0,0,41674238,17.84
07/11/2023,0,0,37(-1.07 %),0,0,0,0,41674238,17.84
08/11/2023,4000,148800000,37.5(1.35 %),4000,148800000,0,0,41670238,17.84
09/11/2023,-3200,-123200000,38.5(2.67 %),0,0,3200,123200000,41670238,17.84
10/11/2023,0,0,38.2(-0.78 %),0,0,0,0,41670238,17.84
13/11/2023,0,0,37.8(-1.05 %),0,0,0,0,41673438,17.84
14/11/2023,-27,-1028700,37.9(0.26 %),0,0,27,1028700,41673438,17.84
15/11/2023,-100,-3800000,37.8(-0.26 %),0,0,100,3800000,41673438,17.84
16/11/2023,0,0,38.3(1.32 %),0,0,0,0,41673438,17.84
17/11/2023,-7100,-277610000,39.1(2.09 %),0,0,7100,277610000,41673565,17.84
20/11/2023,0,0,38.6(-1.28 %),0,0,0,0,41673565,17.84
21/11/2023,0,0,38.8(0.52 %),0,0,0,0,41680665,17.83
22/11/2023,0,0,38.4(-1.03 %),0,0,0,0,41680665,17.83
23/11/2023,5300,203470000,38.2(-0.52 %),5300,203470000,0,0,41675365,17.84
24/11/2023,0,0,37.9(-0.79 %),0,0,0,0,41675365,17.84
27/11/2023,0,0,37.6(-0.79 %),0,0,0,0,41675365,17.84
28/11/2023,0,0,37.5(-0.27 %),0,0,0,0,41675365,17.84
29/11/2023,0,0,37.4(-0.27 %),0,0,0,0,41675365,17.84
30/11/2023,0,0,37.5(0.27 %),0,0,0,0,41675365,17.84
01/12/2023,-100,-3760000,37.6(0.27 %),0,0,100,3760000,41675365,17.84
04/12/2023,0,0,36.7(1.66 %),0,0,0,0,41675365,17.84
05/12/2023,0,0,36.5(-0.54 %),0,0,0,0,41675365,17.84
06/12/2023,0,0,36.4(-0.27 %),0,0,0,0,41675365,17.84
07/12/2023,-500,-18400000,37.3(2.47 %),0,0,500,18400000,41675865,17.84
08/12/2023,-600,-22380000,37(-0.80 %),0,0,600,22380000,41676465,17.84
11/12/2023,0,0,36.9(-0.27 %),0,0,0,0,41676465,17.84
12/12/2023,22700,842120000,36.9(0.00 %),22700,842120000,0,0,41653765,17.85
13/12/2023,0,0,36.8(-0.27 %),0,0,0,0,41653765,17.85
14/12/2023,-6,-219600,36.5(-0.82 %),0,0,6,219600,41653771,17.85
15/12/2023,-11,-398200,36.1(-1.10 %),0,0,11,398200,41653782,17.85
18/12/2023,-28,-1008200,36.1(0.00 %),0,0,28,1008200,41653810,17.85
19/12/2023,-28,-1010000,36.1(0.00 %),0,0,28,1010000,41653838,17.85
20/12/2023,0,0,36.3(0.55 %),0,0,0,0,41653838,0.0
21/12/2023,0,0,36(-0.83 %),0,0,0,0,41653838,17.85
22/12/2023,0,0,36.6(1.67 %),0,0,0,0,41653838,17.85
25/12/2023,0,0,37.1(1.37 %),0,0,0,0,41653838,17.85
26/12/2023,0,0,37(-0.27 %),0,0,0,0,41653938,17.85
27/12/2023,0,0,36.6(-1.08 %),0,0,0,0,41653938,0.0
28/12/2023,-2900,-112860000,38.6(5.46 %),4000,153600000,6900,266460000,41649938,0.0
29/12/2023,1500,58950000,39.5(2.33 %),1500,58950000,0,0,41648438,17.86
02/01/2024,0,0,39.4(-0.25 %),0,0,0,0,41655336,17.85
03/01/2024,0,0,39.4(0.00 %),0,0,0,0,41648438,17.86
04/01/2024,-500,-19600000,38.9(-1.27 %),0,0,500,19600000,41648938,17.86
05/01/2024,0,0,38.5(-1.03 %),0,0,0,0,41648938,17.86
08/01/2024,-3000,-119750000,39.6(2.86 %),1500,59550000,4500,179300000,41651938,17.86
09/01/2024,-6800,-284830000,41.3(4.29 %),0,0,6800,284830000,41654336,17.85
10/01/2024,1500,62400000,41.2(-0.24 %),1500,62400000,0,0,41657336,17.85
11/01/2024,-23,-949900,41.1(-0.24 %),0,0,23,949900,41664136,17.85
12/01/2024,-14300,-610630000,42.2(2.68 %),0,0,14300,610630000,41671561,17.84
15/01/2024,-1800,-77150000,42.8(1.42 %),2200,95050000,4000,172200000,41663460,17.85
16/01/2024,0,0,43.1(0.70 %),0,0,0,0,41677760,17.84
17/01/2024,-300,-12900000,42.6(-1.16 %),0,0,300,12900000,41681760,17.83
18/01/2024,-1000,-43410000,43.3(1.64 %),1100,47730000,2100,91140000,41674661,17.84
19/01/2024,200,8720000,43.3(0.00 %),200,8720000,0,0,41674461,17.84
22/01/2024,-5400,-235070000,43.6(0.69 %),0,0,5400,235070000,41679861,17.83
23/01/2024,-300,-13240000,42.9(-1.61 %),100,4300000,400,17540000,41680161,17.83
24/01/2024,-3500,-148700000,42.1(-1.86 %),0,0,3500,148700000,41683661,17.83
25/01/2024,-1400,-59220000,42.3(0.48 %),0,0,1400,59220000,41685061,17.83
26/01/2024,-1600,-68800000,43.5(2.84 %),3400,146100000,5000,214900000,41686661,17.83
29/01/2024,-800,-34800000,43.2(-0.69 %),0,0,800,34800000,41690060,17.83
30/01/2024,-100,-4320000,42.6(-1.39 %),0,0,100,4320000,41695060,17.82
31/01/2024,-1500,-64370000,43.5(2.11 %),2600,113100000,4100,177470000,41693260,17.82
01/02/2024,0,0,43.6(0.23 %),0,0,0,0,41695061,17.82
02/02/2024,0,0,44.7(2.52 %),0,0,0,0,41693360,17.82
05/02/2024,2000,89800000,44.5(-0.45 %),2000,89800000,0,0,41695461,0.0
06/02/2024,-900,-39780000,44.5(0.00 %),0,0,900,39780000,41695460,17.82
07/02/2024,-4000,-178060000,44.6(0.22 %),0,0,4000,178060000,41695460,17.82
15/02/2024,1300,58500000,44.4(-0.45 %),1300,58500000,0,0,41695060,17.82
16/02/2024,0,0,44.5(0.23 %),0,0,0,0,41699060,17.82
19/02/2024,0,0,44(-1.12 %),0,0,0,0,41699060,17.82
20/02/2024,-2200,-96580000,44(0.00 %),0,0,2200,96580000,41699060,17.82
21/02/2024,2200,96170000,43.3(-1.59 %),2200,96170000,0,0,41696860,17.82
22/02/2024,9500,416250000,44.2(2.08 %),11700,512680000,2200,96430000,41696860,17.82
23/02/2024,-1100,-48620000,44(-0.45 %),0,0,1100,48620000,41687361,0.0
26/02/2024,21700,971140000,46(4.55 %),22600,1011870000,900,40730000,41666960,17.84
27/02/2024,-7346,-347576400,47.3(2.83 %),11900,560340000,19246,907916400,41655061,0.0
28/02/2024,-3900,-184540000,46.9(-0.85 %),200,9500000,4100,194040000,41655961,0.0
29/02/2024,1600,74080000,47(0.21 %),1600,74080000,0,0,41674508,17.84
01/03/2024,-4200,-194740000,46.6(-0.85 %),200,9300000,4400,204040000,41674307,0.0
04/03/2024,1700,80100000,46.5(-0.21 %),4500,210500000,2800,130400000,41673907,0.0
05/03/2024,-10100,-466770000,46(-1.08 %),500,23190000,10600,489960000,41677810,17.84
06/03/2024,3400,154860000,46.3(0.65 %),4800,220710000,1400,65850000,41673007,0.0
07/03/2024,-9100,-417810000,45.7(-1.30 %),0,0,9100,417810000,41675807,0.0
08/03/2024,29200,1342500000,45.6(-0.22 %),31400,1443420000,2200,100920000,41655007,0.0
11/03/2024,8200,374680000,45.4(-0.44 %),9300,425030000,1100,50350000,41647107,0.0
12/03/2024,-600,-26340000,45.4(0.00 %),2500,113770000,3100,140110000,41655908,17.85
13/03/2024,13100,592360000,45.7(0.66 %),13200,596990000,100,4630000,41643807,17.86
14/03/2024,14800,678500000,45.8(0.22 %),15200,697050000,400,18550000,41628607,0.0
15/03/2024,-4600,-208780000,45.1(-1.53 %),0,0,4600,208780000,41631707,0.0
18/03/2024,-17900,-788110000,43.3(-3.99 %),2900,128050000,20800,916160000,41629308,17.87
19/03/2024,-1100,-50320000,43.1(-0.46 %),5100,219870000,6200,270190000,41628810,17.87
20/03/2024,2700,116680000,43.5(0.93 %),3100,134040000,400,17360000,41625707,0.0
21/03/2024,100,6100000,43.4(-0.23 %),8500,370920000,8400,364820000,41638007,0.0
22/03/2024,-6800,-294770000,43.5(0.23 %),0,0,6800,294770000,41644207,0.0
25/03/2024,-6400,-275080000,42.8(-1.61 %),6200,268280000,12600,543360000,41646810,17.86
26/03/2024,-8900,-380880000,43.5(1.64 %),0,0,8900,380880000,41646807,0.0
27/03/2024,1400,60790000,43.4(-0.23 %),5200,225380000,3800,164590000,41661010,17.85
28/03/2024,-9600,-415670000,43.3(-0.23 %),0,0,9600,415670000,41669908,17.84
29/03/2024,1400,59350000,43(-0.69 %),1900,80940000,500,21590000,41671810,17.84
01/04/2024,-3400,-144870000,42.7(-0.70 %),0,0,3400,144870000,41681410,17.83
02/04/2024,4900,205800000,42.6(-0.23 %),5000,210120000,100,4320000,41676407,0.0
03/04/2024,4600,201000000,43.3(1.64 %),5600,243600000,1000,42600000,41674708,17.84
04/04/2024,-1000,-43300000,43.8(1.15 %),0,0,1000,43300000,41674707,0.0
05/04/2024,200,5940000,42.7(-2.51 %),5100,218810000,4900,212870000,41670708,17.84
08/04/2024,600,24920000,41.8(-2.11 %),700,29120000,100,4200000,41670007,0.0
09/04/2024,-3000,-125350000,42(0.48 %),0,0,3000,125350000,41671007,0.0
10/04/2024,0,0,41.6(-0.95 %),0,0,0,0,41675907,0.0
11/04/2024,-900,-37230000,41.4(-0.48 %),0,0,900,37230000,41679010,17.83
12/04/2024,0,820000,42(1.45 %),1000,41820000,1000,41000000,41678010,17.83
15/04/2024,-1104,-46148400,40.5(-3.57 %),0,0,1104,46148400,41678007,0.0
16/04/2024,-2100,-84440000,39.7(-1.98 %),600,23580000,2700,108020000,41678307,0.0
17/04/2024,0,0,39.1(-1.51 %),0,0,0,0,41679307,0.0
19/04/2024,-2600,-101400000,38.1(-2.56 %),0,0,2600,101400000,41680411,0.0
22/04/2024,300,11430000,38.5(1.05 %),300,11430000,0,0,41682812,17.83
23/04/2024,-100,-4030000,39.2(1.82 %),0,0,100,4030000,41685412,17.83
24/04/2024,-40800,-1614790000,39.9(1.79 %),4600,181700000,45400,1796490000,41680811,0.0
25/04/2024,-700,-28000000,40(0.25 %),0,0,700,28000000,41680811,0.0
26/04/2024,-400,-16100000,40.8(2.00 %),0,0,400,16100000,41726310,17.8
02/05/2024,1000,40930000,41.3(1.23 %),1000,40930000,0,0,41726012,17.8
03/05/2024,0,0,41.7(0.97 %),0,0,0,0,41726412,17.8
06/05/2024,-200,-8300000,41.8(0.24 %),0,0,200,8300000,41726412,17.8
07/05/2024,-300,-12690000,42.3(1.20 %),0,0,300,12690000,41726412,17.8
08/05/2024,0,0,42.2(-0.24 %),0,0,0,0,41726612,17.8
09/05/2024,0,0,42(-0.47 %),0,0,0,0,41726910,17.8
10/05/2024,0,0,42.2(0.48 %),0,0,0,0,41726910,17.8
13/05/2024,-100,-4220000,42.3(0.24 %),0,0,100,4220000,41726910,17.8
14/05/2024,-200,-8450000,42.3(0.00 %),0,0,200,8450000,41726911,0.0
15/05/2024,-400,-17050000,42.5(0.47 %),100,4250000,500,21300000,41726811,0.0
16/05/2024,-600,-25470000,42.7(0.47 %),400,17030000,1000,42500000,41726511,0.0
17/05/2024,-2053,-87655800,42.8(0.23 %),0,0,2053,87655800,41727212,17.8
20/05/2024,-100,-4700000,47(9.81 %),0,0,100,4700000,41728212,17.8
21/05/2024,-10300,-518790000,49(4.26 %),0,0,10300,518790000,41730264,17.79
22/05/2024,-66670,-3543373000,53.9(10.00 %),6000,308100000,72670,3851473000,41724364,17.8
23/05/2024,-1596,-87220000,59.2(9.83 %),0,0,1596,87220000,41734664,17.79
24/05/2024,800,49580000,62.6(5.74 %),1000,62580000,200,13000000,41733664,0.0
27/05/2024,-8700,-528660000,58.5(-6.55 %),2500,147430000,11200,676090000,41805430,17.74
28/05/2024,600,34920000,58.5(0.00 %),600,34920000,0,0,41805030,17.74
29/05/2024,600,35940000,58.9(0.68 %),600,35940000,0,0,41815630,17.73
30/05/2024,-1800,-103870000,53.6(-7.43 %),0,0,1800,103870000,41815630,17.73
31/05/2024,-100,-6990000,55.5(3.54 %),2300,123280000,2400,130270000,41813330,17.73
03/06/2024,-1200,-67040000,56(0.90 %),0,0,1200,67040000,41813330,0.0
04/06/2024,-700,-39380000,55.3(-1.25 %),0,0,700,39380000,41815130,0.0
05/06/2024,-55356,-3374360000,60.7(9.76 %),4000,222020000,59356,3596380000,41813530,0.0
06/06/2024,-48900,-2963890000,60(-1.15 %),200,12320000,49100,2976210000,41815230,17.73
07/06/2024,0,0,58.3(-2.83 %),0,0,0,0,41874586,17.68
10/06/2024,-700,-43920000,59(1.20 %),2600,151700000,3300,195620000,41871986,0.0
11/06/2024,0,0,57.8(-2.03 %),0,0,0,0,41871986,17.69
12/06/2024,-82200,-4885300000,59.2(2.42 %),0,0,82200,4885300000,41924401,17.64
13/06/2024,2800,169390000,62.5(5.57 %),104054,5749900000,101254,5580510000,41919001,17.65
14/06/2024,-14500,-889330000,63.9(2.24 %),40500,2659400000,55000,3548730000,41960701,17.62
17/06/2024,-32000,-1956280000,61.2(-4.23 %),38000,2396660000,70000,4352940000,41925301,17.64
18/06/2024,-2800,-172880000,61.8(0.98 %),0,0,2800,172880000,41980301,17.6
19/06/2024,1200,71120000,61.6(-0.32 %),8100,498450000,6900,427330000,42042201,17.55
20/06/2024,0,0,62.9(2.11 %),0,0,0,0,42045001,17.55
21/06/2024,100,6320000,62.2(-1.11 %),100,6320000,0,0,42051801,17.55
24/06/2024,-57200,-3368370000,56.6(-9.00 %),900,50960000,58100,3419330000,42050901,17.55
25/06/2024,-18500,-1063310000,58.5(3.36 %),2000,115880000,20500,1179190000,42048901,17.55
26/06/2024,-5880,-337678200,58.5(0.00 %),0,0,5880,337678200,42107001,17.5
27/06/2024,0,0,58.9(0.68 %),0,0,0,0,42127501,17.49
28/06/2024,2200,125200000,57.2(-2.89 %),3300,188270000,1100,63070000,42130081,17.49
03/07/2024,26700,1546040000,57.6(-0.86 %),26700,1546040000,0,0,42128381,17.49
04/07/2024,23700,1370110000,58(0.69 %),24500,1416480000,800,46370000,42104681,0.0
05/07/2024,-16300,-1032260000,60.9(5.00 %),123400,7314450000,139700,8346710000,42120981,0.0
08/07/2024,-33700,-1948530000,57.2(3.25 %),0,0,33700,1948530000,42154681,0.0
09/07/2024,-41400,-2367860000,56.4(-1.40 %),0,0,41400,2367860000,42196081,0.0
10/07/2024,-43700,-2502130000,57.8(2.48 %),9400,546040000,53100,3048170000,42239781,0.0
11/07/2024,-51300,-2981200000,57.9(0.17 %),0,0,51300,2981200000,42291081,0.0
12/07/2024,-1800,-104650000,57.2(-1.21 %),0,0,1800,104650000,42292881,0.0
15/07/2024,-10400,-593820000,56.6(-1.05 %),0,0,10400,593820000,42303281,0.0
16/07/2024,600,33970000,56(-1.06 %),700,39670000,100,5700000,42302681,0.0
17/07/2024,80400,4587370000,54.7(-2.32 %),82700,4719330000,2300,131960000,42222281,0.0
18/07/2024,2200,122520000,56.5(3.29 %),3500,194900000,1300,72380000,42220081,0.0
19/07/2024,1700,90770000,54.1(-4.25 %),2300,124430000,600,33660000,42218381,0.0
22/07/2024,-22100,-1216870000,54.8(1.29 %),20000,1088060000,42100,2304930000,42240481,0.0
23/07/2024,1700,92920000,54.3(-0.91 %),5900,321390000,4200,228470000,42238781,0.0
24/07/2024,3200,185530000,57.3(5.52 %),5900,333620000,2700,148090000,42235581,0.0
25/07/2024,80900,4959220000,61(6.46 %),99500,6047630000,18600,1088410000,42154681,0.0
26/07/2024,25900,1562430000,61.5(0.82 %),32200,1954210000,6300,391780000,42128781,0.0
29/07/2024,-288800,-17563860000,60.1(-2.28 %),10400,642550000,299200,18206410000,42417581,0.0
30/07/2024,66500,4178160000,62.5(3.99 %),78400,4918870000,11900,740710000,42351081,0.0
31/07/2024,-14600,-918060000,61.4(-1.76 %),3000,183600000,17600,1101660000,42365681,0.0
01/08/2024,34000,1942720000,56.4(-8.14 %),69300,3986030000,35300,2043310000,42310381,0.0
02/08/2024,-62800,-3621200000,58.7(4.08 %),10600,601480000,73400,4222680000,42373181,0.0
05/08/2024,-32900,-1900510000,55.2(-5.96 %),13600,757400000,46500,2657910000,42406081,0.0
06/08/2024,-2700,-138250000,57(3.26 %),15300,872880000,18000,1011130000,42408781,0.0
07/08/2024,-45500,-2724730000,60.9(6.84 %),9100,547950000,54600,3272680000,42454281,0.0
08/08/2024,-20000,-1203430000,60(-1.48 %),1700,101800000,21700,1305230000,42474281,0.0
09/08/2024,-15700,-981010000,60.3(0.50 %),2800,172400000,18500,1153410000,42489981,0.0
12/08/2024,6300,380550000,61.8(2.49 %),10200,616810000,3900,236260000,42483681,0.0
13/08/2024,14000,851330000,61.3(-0.81 %),17800,1084040000,3800,232710000,42469681,0.0
14/08/2024,107600,6918690000,64(4.40 %),113000,7257680000,5400,338990000,42362081,0.0
15/08/2024,32700,2084650000,64.5(0.78 %),40200,2573520000,7500,488870000,42329381,0.0
16/08/2024,58300,4130730000,70.9(9.92 %),74900,5199390000,16600,1068660000,42271081,0.0
19/08/2024,-152900,-10849220000,70.9(0.00 %),54100,3837350000,207000,14686570000,42423981,0.0
20/08/2024,-55700,-3943920000,69.7(-1.69 %),31800,2219420000,87500,6163340000,42479681,0.0
21/08/2024,-192600,-13463370000,70.3(0.86 %),39800,2768190000,232400,16231560000,42672281,0.0
22/08/2024,-67600,-4832540000,70.4(0.14 %),4900,347470000,72500,5180010000,42739881,0.0
23/08/2024,-63600,-4470290000,69.4(-1.42 %),3800,265090000,67400,4735380000,42803481,0.0
26/08/2024,8900,589010000,67.7(-2.45 %),19800,1343330000,10900,754320000,42794581,0.0
27/08/2024,17800,1264960000,70.4(3.99 %),75400,5214880000,57600,3949920000,42776781,0.0
28/08/2024,-46900,-3250230000,68.9(-2.13 %),200,13800000,47100,3264030000,42823681,0.0
29/08/2024,-21000,-1443960000,68.7(-0.29 %),0,0,21000,1443960000,42844681,0.0
30/08/2024,-28400,-1967870000,69.5(1.16 %),3900,268690000,32300,2236560000,42873081,0.0
04/09/2024,-30812,-2099754900,67.9(-2.30 %),500,33800000,31312,2133554900,47074535,0.0
05/09/2024,-1370,-101021000,66.4(-2.21 %),5900,388010000,7270,489031000,47075905,0.0
06/09/2024,3893,263993200,68.5(3.16 %),7700,516730000,3807,252736800,47072012,0.0
09/09/2024,-400,-27250000,67.3(-1.75 %),0,0,400,27250000,47072412,0.0
10/09/2024,2600,179000000,68.7(2.08 %),8700,596970000,6100,417970000,47069812,0.0
11/09/2024,-200,4870000,69.2(0.73 %),19000,1318320000,19200,1313450000,47070012,0.0
12/09/2024,51881,3825398200,71.7(3.61 %),140000,10163960000,88119,6338561800,47018131,0.0
13/09/2024,24300,1731730000,71.3(-0.56 %),29500,2107610000,5200,375880000,46993831,0.0
16/09/2024,-7270,-541630000,70(-1.82 %),11700,822520000,18970,1364150000,47001101,0.0
17/09/2024,-145300,-9689460000,64(-8.57 %),15900,1030030000,161200,10719490000,47146401,0.0
18/09/2024,-122000,-7890420000,63.9(-0.16 %),12900,843580000,134900,8734000000,47268401,0.0
19/09/2024,-9200,-585860000,66.4(3.91 %),3800,251180000,13000,837040000,47277601,0.0
20/09/2024,-18800,-1256930000,66.4(0.00 %),0,0,18800,1256930000,47296401,0.0
23/09/2024,10000,655870000,65.3(-1.66 %),10100,662460000,100,6590000,47286401,0.0
24/09/2024,39400,2568110000,66.2(1.38 %),39500,2574630000,100,6520000,47247001,0.0
25/09/2024,-1600,-107430000,65.5(-1.06 %),2500,162500000,4100,269930000,47248601,0.0
26/09/2024,5900,384070000,64.9(-0.92 %),5900,384070000,0,0,47242701,0.0
27/09/2024,-220,-14224800,64(-1.39 %),0,0,220,14224800,47242921,0.0
30/09/2024,3000,177990000,61.3(-4.22 %),10500,646920000,7500,468930000,47239921,0.0
01/10/2024,700,39660000,60.6(-1.14 %),4900,299180000,4200,259520000,47366313,0.0
02/10/2024,36400,2159190000,59.2(-2.31 %),39300,2333080000,2900,173890000,47329913,0.0
03/10/2024,37200,2142750000,59.4(0.34 %),49100,2849840000,11900,707090000,47292713,0.0
04/10/2024,53900,3228790000,60.3(1.52 %),61600,3683390000,7700,454600000,47238813,0.0
07/10/2024,-37900,-2287930000,59.5(-1.33 %),4500,270000000,42400,2557930000,47276713,0.0
08/10/2024,-40100,-2419090000,61.5(3.36 %),3900,235900000,44000,2654990000,47316813,0.0
09/10/2024,-26700,-1629000000,60.9(-0.98 %),0,0,26700,1629000000,47343513,0.0
10/10/2024,-23600,-1440230000,60.4(-0.82 %),0,0,23600,1440230000,47367113,0.0
11/10/2024,-6200,-375830000,60.7(0.50 %),0,0,6200,375830000,47373313,0.0
14/10/2024,-300,-23200000,60.4(-0.49 %),14000,852350000,14300,875550000,47373613,0.0
15/10/2024,600,35590000,60.4(0.00 %),700,41650000,100,6060000,47373013,0.0
16/10/2024,57000,3532500000,62(2.65 %),58200,3606500000,1200,74000000,47316013,0.0
17/10/2024,28600,1791520000,63(1.61 %),28600,1791520000,0,0,47287413,0.0
18/10/2024,0,0,61.9(-1.75 %),0,0,0,0,47287413,0.0
21/10/2024,-37600,-2283680000,59.7(-3.55 %),0,0,37600,2283680000,47325013,0.0
22/10/2024,-100,-8360000,59.6(-0.17 %),3200,191040000,3300,199400000,47325113,0.0
23/10/2024,1400,83270000,59.5(-0.17 %),1500,89250000,100,5980000,47323713,0.0
24/10/2024,3400,204670000,59.6(0.17 %),3500,210660000,100,5990000,47320313,0.0
25/10/2024,-3400,-203690000,59(-1.01 %),0,0,3400,203690000,47323713,0.0
28/10/2024,-2000,-117400000,58.2(-1.36 %),0,0,2000,117400000,47325713,0.0
29/10/2024,9000,529700000,59(1.37 %),13500,795110000,4500,265410000,47316713,0.0
30/10/2024,2400,142380000,59(0.00 %),6800,401650000,4400,259270000,47314313,0.0
31/10/2024,900,53030000,59(0.00 %),1400,82580000,500,29550000,47313413,0.0
01/11/2024,-20400,-1190370000,57.8(-2.03 %),700,41300000,21100,1231670000,47312433,0.0
04/11/2024,-15700,-899580000,56.1(-2.94 %),0,0,15700,899580000,47328133,0.0
05/11/2024,3600,204300000,56.7(1.07 %),5600,317030000,2000,112730000,47324533,0.0
06/11/2024,23200,1341480000,58.8(3.70 %),23200,1341480000,0,0,47301333,0.0
07/11/2024,-2200,-129480000,58.1(-1.19 %),0,0,2200,129480000,47303533,0.0
08/11/2024,-60400,-3459350000,57.8(-0.52 %),1500,85420000,61900,3544770000,47363933,0.0
11/11/2024,20300,1192120000,59.9(3.63 %),29900,1763600000,9600,571480000,47343633,0.0
12/11/2024,-15986,-955788800,58.6(-2.17 %),3300,194040000,19286,1149828800,47417819,16.73
13/11/2024,-700,-42870000,59.3(1.19 %),3700,218390000,4400,261260000,47360319,0.0
14/11/2024,60100,3655580000,60.8(2.53 %),69300,4210280000,9200,554700000,47300219,0.0
15/11/2024,-25000,-1517190000,59.6(-1.97 %),100,5970000,25100,1523160000,47325219,0.0
18/11/2024,-400,-38630000,58.9(-1.17 %),11300,654670000,11700,693300000,47325619,0.0
19/11/2024,-30300,-1751740000,57.2(-2.89 %),0,0,30300,1751740000,47355919,0.0
20/11/2024,-24400,-1402660000,57.8(1.05 %),4400,253440000,28800,1656100000,47380319,0.0
21/11/2024,-9600,-552880000,57.8(0.00 %),0,0,9600,552880000,47389919,0.0
22/11/2024,-7300,-420040000,58.3(0.87 %),600,34500000,7900,454540000,47397219,0.0
25/11/2024,12100,708150000,59(1.20 %),18100,1059140000,6000,350990000,47399619,16.74
26/11/2024,-1800,-109540000,59.2(0.34 %),9100,539570000,10900,649110000,47398419,16.75
27/11/2024,-600,-35520000,58.5(-1.18 %),0,0,600,35520000,47404419,16.74
28/11/2024,36400,2174180000,60.2(2.91 %),36600,2185960000,200,11780000,47378719,16.76
29/11/2024,-1400,-85900000,60.3(0.17 %),4700,282940000,6100,368840000,47374619,16.76
02/12/2024,-6600,-397110000,60.2(-0.17 %),0,0,6600,397110000,47374819,16.76
03/12/2024,11500,679620000,61.6(2.33 %),42100,2581020000,30600,1901400000,47338819,16.79
04/12/2024,-19000,-1195010000,62.9(2.11 %),6200,389550000,25200,1584560000,47339219,16.79
05/12/2024,-5700,-363850000,64(1.75 %),200,12780000,5900,376630000,47369619,16.77
09/12/2024,-6400,-410490000,63.5(-1.40 %),0,0,6400,410490000,47380619,16.76
10/12/2024,3451,218372500,63.6(0.16 %),3900,247140000,449,28767500,47419919,16.73
16/12/2024,2600,166300000,64.4(-0.92 %),9900,639850000,7300,473550000,47321879,16.8
17/12/2024,4100,265480000,64.9(0.78 %),19900,1292870000,15800,1027390000,47309379,16.81
18/12/2024,-2300,-148780000,64.3(-0.92 %),0,0,2300,148780000,47316679,16.8
19/12/2024,-65600,-4164390000,64(-0.47 %),4600,290150000,70200,4454540000,47327879,16.79
20/12/2024,16200,1027040000,63.4(-0.94 %),16200,1027040000,0,0,47313979,16.8
24/12/2024,0,0,66.6(-1.04 %),0,0,0,0,47268379,16.84
25/12/2024,4100,249610000,65.3(-1.95 %),21600,1407310000,17500,1157700000,47257179,16.84
26/12/2024,-23500,-1548110000,65.3(0.00 %),300,19770000,23800,1567880000,47265579,16.84
27/12/2024,-14700,-954550000,64.4(-1.38 %),0,0,14700,954550000,47283079,16.83
30/12/2024,-14600,-935310000,63.9(-0.78 %),200,12780000,14800,948090000,47306679,16.81
31/12/2024,-20620,-1333296000,64(0.16 %),2180,141674000,22800,1474970000,47319199,16.8
02/01/2025,-7800,-506160000,65.4(2.19 %),0,0,7800,506160000,47333999,16.79
03/01/2025,-26433,-1730436900,65(-0.61 %),0,0,26433,1730436900,47356799,16.77
06/01/2025,-15900,-1015510000,60.5(-4.72 %),12400,749780000,28300,1765290000,47352199,16.78
07/01/2025,-3600,-220730000,60.6(0.17 %),1400,85540000,5000,306270000,47355799,0.0
08/01/2025,5100,308960000,60.4(-0.33 %),5200,315080000,100,6120000,47400332,16.74
09/01/2025,-7100,-429470000,60.3(-0.17 %),0,0,7100,429470000,47405332,16.74
10/01/2025,100,-1330000,57.9(-3.98 %),7700,450220000,7600,451550000,47397732,16.75
13/01/2025,12800,733950000,58(0.17 %),17800,1021080000,5000,287130000,47387032,16.75
14/01/2025,4200,243170000,57.7(-0.52 %),4500,260580000,300,17410000,47390132,16.75
15/01/2025,-2700,-159100000,58.7(1.73 %),4700,273500000,7400,432600000,47390432,16.75
16/01/2025,-12100,-716390000,58.7(0.00 %),2300,135470000,14400,851860000,47388132,0.0
17/01/2025,2600,150760000,59.3(1.02 %),7400,433960000,4800,283200000,47388432,16.75
20/01/2025,-3100,-184710000,58.9(-0.67 %),0,0,3100,184710000,47402832,16.74
21/01/2025,27200,1638840000,60.3(2.38 %),27700,1668770000,500,29930000,47379932,16.76
22/01/2025,-7900,-475510000,59.2(-1.82 %),0,0,7900,475510000,47383032,16.76
23/01/2025,-1500,-90510000,60.2(1.69 %),0,0,1500,90510000,47383532,16.76
24/01/2025,-300,-19470000,61(1.33 %),8600,524890000,8900,544360000,47382832,16.76
03/02/2025,0,0,0(0.00 %),0,0,0,0,47380232,16.76
04/02/2025,5200,315730000,61.9(2.15 %),9100,557920000,3900,242190000,47380032,16.76
05/02/2025,-4300,-269140000,61.7(-0.32 %),6800,420130000,11100,689270000,47380532,16.76
06/02/2025,18800,1160170000,61.8(0.16 %),23300,1437410000,4500,277240000,47361132,16.77
07/02/2025,-2700,-165860000,61(-1.29 %),0,0,2700,165860000,47372232,16.76
10/02/2025,-3700,-223220000,59.7(-2.13 %),300,18040000,4000,241260000,47376432,16.76
11/02/2025,-16300,-992960000,61(2.18 %),1700,103340000,18000,1096300000,47377432,16.76
12/02/2025,1400,85220000,60.6(-0.66 %),1800,109540000,400,24320000,47379632,16.76
13/02/2025,5900,358920000,61.2(0.99 %),6300,383280000,400,24360000,47391332,16.75
14/02/2025,25600,1587270000,62.6(2.29 %),33800,2095550000,8200,508280000,47357932,16.77
17/02/2025,16200,1034960000,63.8(1.92 %),17600,1123380000,1400,88420000,47340732,16.79
18/02/2025,-6300,-401750000,62.9(-1.41 %),0,0,6300,401750000,47348932,16.78
19/02/2025,-6900,-449020000,64.1(1.91 %),9600,607550000,16500,1056570000,47340732,16.79
20/02/2025,-17700,-1135260000,64(-0.16 %),0,0,17700,1135260000,47347032,16.78
21/02/2025,-17000,-1104120000,64.5(0.78 %),4100,263360000,21100,1367480000,47359432,16.77
24/02/2025,7700,489430000,64.2(-0.47 %),14900,950190000,7200,460760000,47362232,16.77
25/02/2025,40400,2568910000,63.5(-1.09 %),42700,2717930000,2300,149020000,47340632,16.79
26/02/2025,80600,5230940000,64.8(2.05 %),80600,5230940000,0,0,47267232,16.84
27/02/2025,34900,2287040000,65.9(1.70 %),39800,2613620000,4900,326580000,47229732,16.86
28/02/2025,-38400,-2503330000,64.7(-1.82 %),100,6430000,38500,2509760000,47229632,16.86
03/03/2025,-45800,-2928360000,63.5(-1.85 %),0,0,45800,2928360000,47234532,16.86
04/03/2025,28900,1842560000,64.3(1.26 %),43200,2761250000,14300,918690000,47229832,16.86
05/03/2025,206200,13471030000,66.3(3.11 %),231100,15092450000,24900,1621420000,47044532,16.99
06/03/2025,100300,6755350000,67(1.06 %),145100,9795610000,44800,3040260000,46913732,17.09
07/03/2025,234800,15929130000,68.4(2.09 %),254400,17242690000,19600,1313560000,46684232,17.25
10/03/2025,-63400,-4312550000,67.2(-1.75 %),0,0,63400,4312550000,46729032,17.22
11/03/2025,307700,21350560000,70(4.17 %),324300,22454820000,16600,1104260000,46729032,17.22
12/03/2025,-30100,-2083140000,68.9(-1.57 %),4600,318250000,34700,2401390000,46483132,17.39
13/03/2025,14400,967800000,66.3(-3.77 %),21300,1438350000,6900,470550000,46478432,17.39
14/03/2025,-3500,-233750000,65.2(-1.66 %),1900,126240000,5400,359990000,46511232,17.37
17/03/2025,0,0,0(0.00 %),0,0,0,0,46457532,17.41
18/03/2025,33000,2180340000,65.8(-1.20 %),38700,2557040000,5700,376700000,46424232,17.43
19/03/2025,-4000,-270630000,66.1(0.46 %),4000,263700000,8000,534330000,46424532,17.43
20/03/2025,18800,1239250000,68(2.87 %),32600,2172590000,13800,933340000,46397632,17.45
21/03/2025,-15600,-1059010000,67.3(-1.03 %),2300,155610000,17900,1214620000,46403332,17.44
24/03/2025,-13600,-904700000,66.3(-1.49 %),3600,237600000,17200,1142300000,46413532,17.44
25/03/2025,27700,1852630000,67.1(1.21 %),34100,2282900000,6400,430270000,46397332,17.45
26/03/2025,54800,3689140000,67.6(0.75 %),61500,4144520000,6700,455380000,46353032,17.48
27/03/2025,7100,478950000,67.5(-0.15 %),22000,1489460000,14900,1010510000,46337432,17.49
28/03/2025,43200,2928550000,67.8(0.44 %),60600,4134200000,17400,1205650000,46283532,17.53
31/03/2025,-77000,-5136660000,66(-2.65 %),0,0,77000,5136660000,46298432,17.52
01/04/2025,30300,2014710000,66.9(1.36 %),39800,2642610000,9500,627900000,46276032,17.53
02/04/2025,61500,4151590000,67.5(0.90 %),61900,4178350000,400,26760000,46291132,17.52
03/04/2025,52700,3199170000,60.8(-9.93 %),95900,5977240000,43200,2778070000,46204732,17.58
04/04/2025,29800,1710130000,60(-1.32 %),54200,3178430000,24400,1468300000,46150932,17.62
08/04/2025,30600,1653080000,54(-10.00 %),59300,3282160000,28700,1629080000,46134832,17.63
09/04/2025,82600,4435930000,54.6(1.11 %),148600,8011880000,66000,3575950000,46010632,17.72
10/04/2025,-8300,-495520000,60(9.89 %),0,0,8300,495520000,46039332,17.7
11/04/2025,-54800,-3289880000,61.5(2.50 %),11000,664970000,65800,3954850000,46094332,17.66
14/04/2025,-9400,-577700000,62.8(2.11 %),13800,850690000,23200,1428390000,46088832,17.66
15/04/2025,98200,6112180000,62.5(-0.48 %),121300,7545850000,23100,1433670000,46033332,17.7
16/04/2025,105500,6709390000,63.9(2.24 %),132700,8448810000,27200,1739420000,45923832,17.78
17/04/2025,204200,13210170000,65.5(2.50 %),235800,15255310000,31600,2045140000,45711132,17.93
18/04/2025,175600,11722300000,65.5(0.00 %),227600,15206470000,52000,3484170000,45510732,18.07
21/04/2025,392400,26537800000,68(3.82 %),400700,27099480000,8300,561680000,45141632,18.33
22/04/2025,271300,18132510000,68(0.00 %),300600,20116230000,29300,1983720000,44893032,18.5
23/04/2025,50100,3504100000,70.8(4.12 %),80500,5651040000,30400,2146940000,44820832,18.55
24/04/2025,198800,14390200000,72.7(2.68 %),277500,20099010000,78700,5708810000,44572632,18.73
25/04/2025,1800,118620000,71.2(-2.06 %),21300,1515470000,19500,1396850000,44581732,18.72
28/04/2025,30500,2172270000,72(1.12 %),80300,5724950000,49800,3552680000,44580132,18.72
29/04/2025,-152800,-10908270000,72.6(0.83 %),123600,9043440000,276400,19951710000,44476032,18.8
05/05/2025,0,0,73.9(1.79 %),0,0,0,0,44525832,18.76
06/05/2025,-3900,-286500000,73.7(-0.27 %),100,7390000,4000,293890000,44802232,18.57
07/05/2025,-65800,-4804960000,72.8(-1.22 %),0,0,65800,4804960000,44804032,18.57
08/05/2025,-48300,-3355650000,70.8(-2.75 %),115500,8242400000,163800,11598050000,44807932,18.56
09/05/2025,0,0,71.4(0.85 %),0,0,0,0,44873732,18.52
12/05/2025,0,0,71.4(0.00 %),0,0,0,0,44922032,18.48
13/05/2025,86200,6254780000,72.7(1.82 %),114100,8272230000,27900,2017450000,44836132,18.54
14/05/2025,19400,1402380000,72.2(-0.69 %),42000,3039330000,22600,1636950000,44816732,18.56
15/05/2025,-163100,-11580200000,70.8(-1.94 %),3000,212900000,166100,11793100000,44816732,18.56
16/05/2025,-57000,-4031660000,72.3(2.12 %),58300,4208370000,115300,8240030000,44816732,18.56
19/05/2025,1000,112480000,72.8(0.69 %),86000,6356220000,85000,6243740000,44978832,18.44
20/05/2025,-154500,-11051690000,72(-1.10 %),0,0,154500,11051690000,45035832,18.4
21/05/2025,-67900,-4968260000,73(1.39 %),0,0,67900,4968260000,45035832,18.4
22/05/2025,-64300,-4728030000,73.1(0.14 %),0,0,64300,4728030000,45190392,18.29
23/05/2025,-136000,-10510020000,76.8(5.06 %),10100,777900000,146100,11287920000,45258292,18.25
26/05/2025,-61900,-4808290000,76.7(-0.13 %),0,0,61900,4808290000,45322592,18.2
27/05/2025,-91500,-7078440000,77(0.39 %),0,0,91500,7078440000,45498592,18.08
28/05/2025,-57700,-4366130000,74.8(-2.86 %),2000,149600000,59700,4515730000,45560492,18.03
29/05/2025,-4000,-297870000,74.7(-0.13 %),0,0,4000,297870000,45651992,17.97
30/05/2025,24100,1811270000,75.3(0.80 %),28700,2157060000,4600,345790000,45685592,17.95
02/06/2025,-43800,-3223370000,74.1(-1.59 %),13400,990710000,57200,4214080000,45689592,17.94
03/06/2025,98100,7403750000,75.9(2.43 %),102500,7736150000,4400,332400000,45591492,18.01
04/06/2025,45400,3439780000,75.5(-0.53 %),48800,3697160000,3400,257380000,45589980,18.01
05/06/2025,12300,920980000,75.5(0.00 %),22900,1713680000,10600,792700000,45577680,18.02
06/06/2025,12800,971830000,75(-0.66 %),21500,1623670000,8700,651840000,45564880,18.03
09/06/2025,17500,1301210000,73.3(-2.27 %),28100,2081410000,10600,780200000,45547380,18.04
10/06/2025,37900,2798210000,74.3(1.36 %),42400,3129770000,4500,331560000,45509480,18.07
11/06/2025,40400,2988160000,74.4(0.13 %),50300,3719770000,9900,731610000,45469080,18.1
12/06/2025,46100,3435420000,74.5(0.13 %),54700,4080580000,8600,645160000,45422980,18.13
13/06/2025,111100,8297600000,74.9(1.90 %),124700,9297610000,13600,1000010000,45311880,18.21
16/06/2025,258900,20176800000,79.2(5.74 %),267400,20831690000,8500,654890000,45052980,18.39
17/06/2025,167600,13602210000,81(2.27 %),366400,29294600000,198800,15692390000,44885380,18.51
18/06/2025,23900,1912070000,79.5(-1.85 %),33500,2681540000,9600,769470000,44861480,18.53
19/06/2025,34300,2740130000,79.9(0.50 %),37400,2987220000,3100,247090000,44827180,18.55
20/06/2025,-11900,-945280000,77.5(-3.00 %),4900,384760000,16800,1330040000,44827180,18.55
23/06/2025,77900,5995100000,76.4(-1.42 %),102500,7885110000,24600,1890010000,44749280,18.6
24/06/2025,-51000,-3860790000,75.6(-1.05 %),0,0,51000,3860790000,44761180,18.6
25/06/2025,-9700,-741070000,76.2(0.79 %),13800,1042480000,23500,1783550000,44761180,18.6
26/06/2025,102700,7925820000,77.6(1.84 %),150700,11640660000,48000,3714840000,44709480,18.63
27/06/2025,-80400,-5259530000,64.7(0.00 %),8300,549250000,88700,5808780000,44719180,18.63
30/06/2025,-4300,-281890000,65.5(1.24 %),5100,333630000,9400,615520000,44719180,18.63
01/07/2025,-29900,-1949980000,64.7(-1.22 %),100,6550000,30000,1956530000,44799580,18.57
02/07/2025,-41700,-2703880000,64.9(0.31 %),2100,136030000,43800,2839910000,44803880,18.57
03/07/2025,-8700,-562120000,64.1(-1.23 %),600,38770000,9300,600890000,44833780,18.54
04/07/2025,39700,2553980000,64.5(0.62 %),55900,3591980000,16200,1038000000,44835780,18.54
07/07/2025,-16700,-1077610000,65.5(1.55 %),2200,142060000,18900,1219670000,44844480,18.54
08/07/2025,-41900,-2776710000,67.5(3.05 %),2400,158200000,44300,2934910000,44844480,18.54
09/07/2025,-81200,-5474990000,66.7(-1.19 %),100,6770000,81300,5481760000,44861180,18.53
10/07/2025,-35000,-2310340000,65.8(-1.35 %),500,33000000,35500,2343340000,44861180,18.53
11/07/2025,-7800,-508100000,66.6(1.22 %),900,59040000,8700,567140000,44984280,18.44
14/07/2025,-8900,-586820000,65.9(-1.05 %),2900,191500000,11800,778320000,45019280,18.41
15/07/2025,-17600,-1153490000,65.4(-0.76 %),900,59130000,18500,1212620000,45027080,18.41
16/07/2025,-16900,-1112290000,66(0.92 %),0,0,16900,1112290000,45035980,18.4
17/07/2025,120900,8168910000,68.5(3.79 %),121600,8215810000,700,46900000,45035980,18.4
18/07/2025,-44600,-3055670000,68.9(0.58 %),300,20320000,44900,3075990000,44949580,18.46
21/07/2025,151600,10370840000,68.9(0.00 %),200500,13720060000,48900,3349220000,44797980,18.57
22/07/2025,-70400,-4763690000,67.6(-1.89 %),0,0,70400,4763690000,44842580,18.54
23/07/2025,93700,6462540000,69(2.07 %),118700,8186380000,25000,1723840000,44748880,18.6
24/07/2025,-20200,-1419150000,70(1.45 %),9300,655530000,29500,2074680000,53762884,18.57
25/07/2025,88800,6174680000,69(-1.43 %),100200,6969350000,11400,794670000,53674084,18.62
28/07/2025,-17800,-1215970000,68.3(-1.01 %),2200,150610000,20000,1366580000,53694272,18.61
29/07/2025,34400,2298200000,65.2(-4.54 %),56500,3798770000,22100,1500570000,53659872,18.63
30/07/2025,23200,1500280000,65.2(0.00 %),31400,2040020000,8200,539740000,53654472,18.63
31/07/2025,13500,878240000,65.2(0.00 %),14100,917120000,600,38880000,53640972,18.64
01/08/2025,-12100,-796250000,65.4(0.31 %),6600,434600000,18700,1230850000,53640972,18.64
04/08/2025,17200,1132080000,65.7(0.46 %),33300,2191100000,16100,1059020000,53623772,18.65
05/08/2025,-243700,-15936000000,65(-1.07 %),8300,543380000,252000,16479380000,53635872,18.64
06/08/2025,-158700,-10292190000,65(0.00 %),0,0,158700,10292190000,53635872,18.64
07/08/2025,-1500,-97950000,65.4(0.62 %),0,0,1500,97950000,53879572,18.5
08/08/2025,18700,1214150000,65.2(-0.31 %),19900,1292590000,1200,78440000,54019772,18.42
11/08/2025,21500,1403250000,66.3(1.69 %),23900,1561650000,2400,158400000,53999772,18.43
12/08/2025,-69600,-4580010000,65.6(-1.06 %),11900,782630000,81500,5362640000,53999772,18.43
13/08/2025,-23100,-1513290000,65.1(-0.76 %),0,0,23100,1513290000,53999772,18.43
14/08/2025,-216900,-14037690000,64.5(-0.92 %),0,0,216900,14037690000,54069372,18.39
15/08/2025,-223400,-14220880000,63.2(-2.02 %),0,0,223400,14220880000,54092472,18.37
18/08/2025,300,19210000,63.8(0.95 %),400,25560000,100,6350000,54309072,18.25
19/08/2025,4600,292690000,62.7(-1.72 %),5600,355390000,1000,62700000,54527872,18.12
20/08/2025,-186500,-11396500000,61(-2.71 %),23100,1415370000,209600,12811870000,54527872,18.12
21/08/2025,-85300,-5138290000,59.7(-2.13 %),51500,3089470000,136800,8227760000,54527872,18.12
22/08/2025,32800,1953740000,60.3(1.01 %),52000,3123020000,19200,1169280000,54527872,18.12
25/08/2025,-20300,-1241860000,61(1.16 %),1500,91200000,21800,1333060000,54681570,18.03
