Ngay,KLGDRong,GTDGRong,ThayDoi,KLMua,GtMua,KLBan,GtBan,RoomConLai,DangSoHuu
18/01/2010,0,0,0(0.00 %),0,0,0,0,2660974,22.16
19/01/2010,-400000,-19120000000,0(0.00 %),0,0,400000,19120000000,3060974,18.12
20/01/2010,-158630,-7927362000,0(0.00 %),30086,1504300000,188716,9431662000,3219604,16.52
21/01/2010,-7700,-368748000,0(0.00 %),10,477000,7710,369225000,3227304,16.44
22/01/2010,-9800,-443460000,0(0.00 %),200,9040000,10000,452500000,3237104,16.34
25/01/2010,4800,206880000,0(0.00 %),4800,206880000,0,0,3232304,16.39
26/01/2010,-7100,-319500000,0(0.00 %),0,0,7100,319500000,3239404,16.32
27/01/2010,0,0,0(0.00 %),0,0,0,0,3239404,16.32
28/01/2010,-2000,-81605000,40.8(-4.90 %),0,0,2000,81605000,3241404,16.3
29/01/2010,0,0,41.1(0.74 %),0,0,0,0,3241404,16.3
01/02/2010,0,0,43.1(4.87 %),0,0,0,0,3241404,16.3
02/02/2010,0,0,43.5(0.93 %),0,0,0,0,3241404,16.3
03/02/2010,0,0,43.9(0.92 %),0,0,0,0,3241404,16.3
04/02/2010,-5000,-214743000,42.9(-2.28 %),0,0,5000,214743000,3246404,16.25
05/02/2010,-1000,-42800000,41.1(-4.20 %),1000,42800000,2000,85600000,3247404,16.24
08/02/2010,2100,85050000,41.2(0.24 %),2100,85050000,0,0,3245304,16.26
09/02/2010,0,0,40(-2.91 %),0,0,0,0,3245304,16.26
10/02/2010,17310,697081000,40.5(1.25 %),17310,697081000,0,0,3227994,16.44
11/02/2010,3710,155820000,42(3.70 %),3710,155820000,0,0,3224284,16.47
12/02/2010,0,0,42(0.00 %),0,0,0,0,3224284,16.47
22/02/2010,0,0,41.1(-2.14 %),0,0,0,0,3224284,16.47
23/02/2010,0,0,40(-2.68 %),0,0,0,0,3224284,16.47
24/02/2010,510,20500000,39.9(-0.25 %),2010,80400000,1500,59900000,3223774,16.48
25/02/2010,0,0,39.8(-0.25 %),0,0,0,0,3223774,16.48
26/02/2010,1040,40872000,40.5(1.76 %),1040,40872000,0,0,3222274,16.49
01/03/2010,0,0,42.5(4.94 %),0,0,0,0,3222274,16.49
02/03/2010,0,0,42(-1.18 %),0,0,0,0,3222274,16.49
03/03/2010,-4000,-167800000,42(0.00 %),0,0,4000,167800000,3226274,16.45
04/03/2010,-4000,-168821000,42.1(0.24 %),1000,43200000,5000,212021000,3230274,16.41
05/03/2010,-78600,-3291785000,42(-0.24 %),0,0,78600,3291785000,3308874,15.62
08/03/2010,-52400,-2295700000,43.9(4.52 %),0,0,52400,2295700000,3361274,15.09
09/03/2010,2500,109750000,45.3(3.19 %),2500,109750000,0,0,3358774,15.12
10/03/2010,2980,138990000,47.5(4.86 %),2980,138990000,0,0,3355794,15.15
11/03/2010,1500,70650000,46.3(-2.53 %),1500,70650000,0,0,3354294,15.16
12/03/2010,0,0,46.5(0.43 %),0,0,0,0,3354294,15.16
15/03/2010,0,0,45.8(-1.51 %),0,0,0,0,3354294,15.16
16/03/2010,-5470,-250526000,44.5(-2.84 %),0,0,5470,250526000,3359764,15.11
17/03/2010,0,0,45(1.12 %),0,0,0,0,3359764,15.11
18/03/2010,0,0,45.3(0.67 %),0,0,0,0,3359764,15.11
19/03/2010,-31880,-1442174000,45.4(0.22 %),140,6440000,32020,1448614000,3391644,14.78
22/03/2010,0,0,45.5(0.22 %),0,0,0,0,3391644,14.78
23/03/2010,0,0,44.2(-2.86 %),0,0,0,0,3391644,14.78
24/03/2010,0,0,45(1.81 %),0,0,0,0,3391644,14.78
25/03/2010,0,0,43.1(-4.22 %),0,0,0,0,3391644,14.78
26/03/2010,0,0,43.6(1.16 %),0,0,0,0,3391644,14.78
29/03/2010,400,17480000,43.1(-1.15 %),400,17480000,0,0,3391244,14.79
30/03/2010,-7630,-330531000,42.9(-0.46 %),0,0,7630,330531000,3398874,14.71
31/03/2010,0,0,40.8(-4.90 %),0,0,0,0,3398874,14.71
01/04/2010,0,0,42.8(4.90 %),0,0,0,0,3398874,14.71
02/04/2010,0,0,44.3(3.50 %),0,0,0,0,3398874,14.71
05/04/2010,0,0,44(-0.68 %),0,0,0,0,3398874,14.71
06/04/2010,0,0,43.6(-0.91 %),0,0,0,0,3398874,14.71
07/04/2010,-4000,-174800000,43.5(-0.23 %),0,0,4000,174800000,3402874,14.67
08/04/2010,0,0,45.6(4.83 %),0,0,0,0,3402874,14.67
09/04/2010,0,0,46.5(1.97 %),0,0,0,0,3402874,14.67
12/04/2010,-2500,-115750000,44.5(-4.30 %),0,0,2500,115750000,3405374,14.65
13/04/2010,0,0,44.6(0.22 %),0,0,0,0,3405374,14.65
14/04/2010,0,0,44(-1.35 %),0,0,0,0,3405374,14.65
15/04/2010,0,0,45.6(3.64 %),0,0,0,0,3405374,14.65
16/04/2010,0,0,45.2(-0.88 %),0,0,0,0,3405374,14.65
19/04/2010,0,0,47.4(4.87 %),0,0,0,0,3405374,14.65
20/04/2010,-2000,-99400000,49.7(4.85 %),0,0,2000,99400000,3407374,14.63
21/04/2010,-10420,-549130000,51.5(3.62 %),15580,802370000,26000,1351500000,3417794,14.52
22/04/2010,-2000,-103000000,49(-4.85 %),0,0,2000,103000000,3419794,14.5
26/04/2010,1500,73500000,48.3(-1.43 %),1500,73500000,0,0,3418294,14.52
27/04/2010,1000,51674000,49(1.45 %),3000,148474000,2000,96800000,3417294,14.53
28/04/2010,0,0,50.5(3.06 %),0,0,0,0,3417294,14.53
29/04/2010,0,0,53(4.95 %),0,0,0,0,3417294,14.53
04/05/2010,-40000,-2222500000,55.5(4.72 %),10000,552500000,50000,2775000000,3457294,14.12
05/05/2010,-43000,-2499000000,58(4.50 %),7000,401000000,50000,2900000000,3500294,13.69
06/05/2010,3000,178500000,58.5(0.86 %),3000,178500000,0,0,3497294,13.72
07/05/2010,-23000,-1299500000,60(2.56 %),0,0,23000,1299500000,3520294,13.49
10/05/2010,-9980,-573770000,57(-5.00 %),20,1230000,10000,575000000,3530274,13.39
11/05/2010,-40370,-2369330000,58.5(2.63 %),500,29500000,40870,2398830000,3570644,12.98
12/05/2010,5020,281640000,58.5(0.00 %),7020,396640000,2000,115000000,3565624,13.03
13/05/2010,-6220,-356650000,56(-4.27 %),1000,58500000,7220,415150000,3571844,12.97
14/05/2010,-21000,-1186500000,56.5(0.89 %),0,0,21000,1186500000,3592844,12.75
17/05/2010,-2000,-110825000,55(-2.65 %),0,0,2000,110825000,3594844,12.73
18/05/2010,-1000,-55750000,54.5(-0.91 %),1000,54250000,2000,110000000,3595844,12.72
19/05/2010,-8500,-443000000,52(-4.59 %),0,0,8500,443000000,3604344,12.64
20/05/2010,-14000,-718200000,52(0.00 %),0,0,14000,718200000,3618344,12.5
21/05/2010,1000,49900000,49.4(-5.00 %),1000,49900000,0,0,3617344,12.51
24/05/2010,500,24250000,47.2(-4.45 %),500,24250000,0,0,3616844,12.51
25/05/2010,-9000,-426000000,49.5(4.87 %),0,0,9000,426000000,3625844,12.42
26/05/2010,-4000,-206000000,51.5(4.04 %),0,0,4000,206000000,3629844,12.38
27/05/2010,-7000,-365500000,52.5(1.94 %),0,0,7000,365500000,3636844,12.31
28/05/2010,1200,66800000,55(4.76 %),6200,336800000,5000,270000000,3635644,12.32
31/05/2010,400,22200000,55.5(0.91 %),400,22200000,0,0,3635244,12.33
01/06/2010,0,0,54.5(-1.80 %),0,0,0,0,3635244,12.33
02/06/2010,1000,53000000,53.5(-1.83 %),1000,53000000,0,0,3634244,12.34
03/06/2010,1500,81000000,53.5(0.00 %),1500,81000000,0,0,3632744,12.35
04/06/2010,0,0,53(-0.93 %),0,0,0,0,3632744,12.35
07/06/2010,18000,923000000,51(-3.77 %),20000,1025000000,2000,102000000,3614744,12.53
08/06/2010,5100,258550000,51.5(0.98 %),5100,258550000,0,0,3609644,12.59
09/06/2010,6000,309000000,51(-0.97 %),6000,309000000,0,0,3603644,12.65
10/06/2010,0,0,51(0.00 %),0,0,0,0,3603644,12.65
11/06/2010,0,0,51(0.00 %),0,0,0,0,3603644,12.65
14/06/2010,3000,156500000,53.5(4.90 %),3000,156500000,0,0,3600644,12.68
15/06/2010,15350,819050000,55(2.80 %),15350,819050000,0,0,3585294,12.83
16/06/2010,37000,2101500000,57.5(4.55 %),37000,2101500000,0,0,3548294,13.2
17/06/2010,134860,7986880000,59.5(3.48 %),134860,7986880000,0,0,3413434,14.56
18/06/2010,0,0,57(-4.20 %),0,0,0,0,3383434,14.87
21/06/2010,0,0,58(1.75 %),0,0,0,0,3413434,14.56
22/06/2010,30000,1710000000,55.5(-4.31 %),30000,1710000000,0,0,3383434,14.87
23/06/2010,4000,218000000,54(-2.70 %),4000,218000000,0,0,3379434,14.91
24/06/2010,34500,1896500000,55(1.85 %),34500,1896500000,0,0,3344934,15.26
25/06/2010,0,0,52.5(-4.55 %),0,0,0,0,3344934,15.26
28/06/2010,1000,52500000,52.5(0.00 %),1000,52500000,0,0,3343934,15.27
29/06/2010,0,0,53(0.95 %),0,0,0,0,3343934,15.27
30/06/2010,-25000,-1275000000,51(-3.77 %),0,0,25000,1275000000,3368934,15.01
01/07/2010,100,5150000,53.5(4.90 %),100,5150000,0,0,3368834,15.01
02/07/2010,0,0,54.5(1.87 %),0,0,0,0,3368834,15.01
05/07/2010,0,0,54.5(0.00 %),0,0,0,0,3368834,15.01
06/07/2010,0,0,52.5(-3.67 %),0,0,0,0,3368834,15.01
07/07/2010,0,0,51.5(-1.90 %),0,0,0,0,3368834,15.01
08/07/2010,0,0,53(2.91 %),0,0,0,0,3368834,15.01
09/07/2010,-1300,-68250000,53.5(0.94 %),0,0,1300,68250000,3370134,15.0
12/07/2010,0,0,53(-0.93 %),0,0,0,0,3370134,15.0
13/07/2010,0,0,53.5(0.94 %),0,0,0,0,3370134,15.0
14/07/2010,4000,223000000,56(4.67 %),4000,223000000,0,0,3366134,15.04
15/07/2010,-5000,-281500000,58(3.57 %),0,0,5000,281500000,3371134,14.99
16/07/2010,-1000,-60500000,60.5(4.31 %),0,0,1000,60500000,3372134,14.98
19/07/2010,-9000,-571500000,63.5(4.96 %),0,0,9000,571500000,3381134,14.89
20/07/2010,0,0,66.5(4.72 %),0,0,0,0,3381134,14.89
21/07/2010,-95400,-6613100000,67.5(1.50 %),0,0,95400,6613100000,3476534,13.93
22/07/2010,-4280,-285710000,66.5(-1.48 %),0,0,4280,285710000,3480814,13.88
23/07/2010,-70000,-4843000000,68(2.26 %),5000,332500000,75000,5175500000,3550814,13.18
26/07/2010,0,0,69(1.47 %),0,0,0,0,3550814,13.18
27/07/2010,-134450,-9641400000,72(4.35 %),0,0,134450,9641400000,3685264,11.82
28/07/2010,-196000,-14797500000,75.5(4.86 %),0,0,196000,14797500000,3881264,9.85
29/07/2010,-199860,-15246360000,77.5(2.65 %),0,0,199860,15246360000,4081124,7.83
30/07/2010,-1000,-75000000,77.5(0.00 %),0,0,1000,75000000,4082124,7.82
02/08/2010,3000,228000000,77.5(0.00 %),3000,228000000,0,0,4079124,7.85
03/08/2010,-1480,-118440000,80(3.23 %),20,1560000,1500,120000000,4080604,7.83
04/08/2010,-2980,-238380000,80(0.00 %),20,1620000,3000,240000000,4083584,7.8
05/08/2010,-9980,-758400000,76(-5.00 %),20,1600000,10000,760000000,4093564,7.7
06/08/2010,-6000,-448200000,76.5(0.66 %),0,0,6000,448200000,4099564,7.64
09/08/2010,-11000,-841000000,73(-4.58 %),0,0,11000,841000000,4110564,7.53
10/08/2010,0,-3000000,65(-4.41 %),1000,65000000,1000,68000000,4110564,7.53
11/08/2010,5000,319000000,64(-1.54 %),5000,319000000,0,0,0,49.09
12/08/2010,0,0,61(-4.69 %),0,0,0,0,4105564,7.58
13/08/2010,-9000,-522000000,63(3.28 %),0,0,9000,522000000,4114564,7.49
16/08/2010,-2000,-126000000,65.5(3.97 %),0,0,2000,126000000,4116564,7.47
17/08/2010,5190,332160000,65(-0.76 %),6190,396160000,1000,64000000,0,49.05
18/08/2010,500,31000000,62(-4.62 %),500,31000000,0,0,4110874,7.53
19/08/2010,-1000,-60000000,59(-4.84 %),0,0,1000,60000000,4111874,7.52
20/08/2010,-500,-29500000,60(1.69 %),1500,85500000,2000,115000000,0,0.0
23/08/2010,4000,230000000,57(-5.00 %),4000,230000000,0,0,0,49.04
24/08/2010,0,0,54.5(-4.39 %),0,0,0,0,0,0.0
25/08/2010,1500,78000000,52(-4.59 %),1500,78000000,0,0,0,0.0
26/08/2010,35730,1837960000,52.5(0.96 %),35730,1837960000,0,0,0,49.42
27/08/2010,6100,315050000,53(0.95 %),6100,315050000,0,0,0,49.48
30/08/2010,0,0,55.5(4.72 %),0,0,0,0,0,49.48
31/08/2010,0,0,58(4.50 %),0,0,0,0,0,49.48
01/09/2010,5500,332750000,60.5(4.31 %),5500,332750000,0,0,0,49.53
06/09/2010,3000,190500000,63.5(4.96 %),3000,190500000,0,0,4053004,49.56
07/09/2010,0,0,66(3.94 %),0,0,0,0,0,49.56
08/09/2010,-15230,-968990000,64(-3.03 %),500,32000000,15730,1000990000,0,49.41
09/09/2010,-500,-32450000,64(0.00 %),0,0,500,32450000,0,49.4
10/09/2010,0,0,61(-4.69 %),0,0,0,0,0,49.4
13/09/2010,0,0,61(0.00 %),0,0,0,0,0,49.4
14/09/2010,0,0,63.5(4.10 %),0,0,0,0,0,49.4
15/09/2010,0,0,63(-0.79 %),0,0,0,0,0,49.4
16/09/2010,0,0,61(-3.17 %),0,0,0,0,0,49.4
17/09/2010,5000,315000000,63(3.28 %),5000,315000000,0,0,0,49.45
20/09/2010,0,0,63(0.00 %),0,0,0,0,0,49.45
21/09/2010,1000,62000000,62(-1.59 %),1000,62000000,0,0,0,49.47
22/09/2010,-9290,-575980000,61.5(-0.81 %),0,0,9290,575980000,0,49.37
23/09/2010,0,0,59(-4.07 %),0,0,0,0,0,49.37
24/09/2010,2500,153750000,61.5(4.24 %),2500,153750000,0,0,0,49.4
27/09/2010,0,0,64.5(4.88 %),0,0,0,0,0,49.4
28/09/2010,0,0,67.5(4.65 %),0,0,0,0,0,49.4
29/09/2010,2800,181400000,66(-2.22 %),4800,315400000,2000,134000000,0,49.42
30/09/2010,-900,-58500000,66(0.00 %),0,0,900,58500000,4067624,49.42
01/10/2010,3800,253300000,66.5(0.76 %),5000,331900000,1200,78600000,4063824,8.0
04/10/2010,-32000,-2032000000,63.5(-4.51 %),0,0,32000,2032000000,4095824,7.68
05/10/2010,1000,63000000,63.5(0.00 %),1000,63000000,0,0,4094824,7.69
06/10/2010,-30250,-2012125000,66.5(4.72 %),1000,66000000,31250,2078125000,4125074,7.39
07/10/2010,0,0,64.5(-3.01 %),0,0,0,0,4125074,7.39
08/10/2010,-2400,-159600000,64.5(0.00 %),0,0,2400,159600000,4127474,7.36
11/10/2010,2000,131000000,65.5(1.55 %),2000,131000000,0,0,4125474,7.38
12/10/2010,0,1500000,64(-2.29 %),1000,65500000,1000,64000000,4125474,7.38
13/10/2010,1000,62500000,63.5(-0.78 %),1000,62500000,0,0,4124474,7.39
14/10/2010,0,0,63(-0.79 %),0,0,0,0,4124474,7.39
15/10/2010,1000,63000000,62(-1.59 %),1000,63000000,0,0,4123474,7.4
18/10/2010,1000,62000000,61.5(-0.81 %),1000,62000000,0,0,4122474,7.41
19/10/2010,-1500,-93750000,58.5(-4.88 %),500,29250000,2000,123000000,4123974,7.4
20/10/2010,-6000,-336000000,56(-4.27 %),1000,56000000,7000,392000000,4129974,7.34
21/10/2010,0,0,56(0.00 %),0,0,0,0,4129974,7.34
22/10/2010,-4000,-221000000,54(-3.57 %),0,0,4000,221000000,4133974,7.3
25/10/2010,0,0,56.5(4.63 %),0,0,0,0,4133974,7.3
26/10/2010,0,0,59(4.42 %),0,0,0,0,4133974,7.3
27/10/2010,0,0,58(-1.69 %),0,0,0,0,4133974,7.3
28/10/2010,0,0,57(-1.72 %),0,0,0,0,4133974,7.3
29/10/2010,-40000,-2380000000,59.5(4.39 %),0,0,40000,2380000000,4173974,6.89
01/11/2010,0,0,60.5(1.68 %),0,0,0,0,4173974,6.89
02/11/2010,1000,58000000,59(-2.48 %),1000,58000000,0,0,4172974,6.9
03/11/2010,0,0,59(0.00 %),0,0,0,0,4172974,6.9
04/11/2010,1500,89250000,59(0.00 %),1500,89250000,0,0,4171474,6.92
05/11/2010,0,0,59.5(0.85 %),0,0,0,0,4171474,6.92
08/11/2010,0,0,59(-0.84 %),0,0,0,0,4171474,6.92
09/11/2010,0,0,56.5(-4.24 %),0,0,0,0,4171474,6.92
10/11/2010,-1500,-84110000,56(-0.88 %),0,0,1500,84110000,4172974,6.9
11/11/2010,500,27500000,56(0.00 %),500,27500000,0,0,4172474,6.91
12/11/2010,1000,53500000,56(0.00 %),1000,53500000,0,0,4171474,6.92
15/11/2010,-14000,-757220000,54.5(-2.68 %),0,0,14000,757220000,4185474,6.78
16/11/2010,-3000,-160500000,55(0.92 %),0,0,3000,160500000,4188474,6.75
17/11/2010,-5000,-274000000,55(0.00 %),0,0,5000,274000000,4193474,6.7
18/11/2010,0,0,55.5(0.91 %),0,0,0,0,4193474,6.7
19/11/2010,0,0,55(-0.90 %),0,0,0,0,4193474,6.7
22/11/2010,0,0,54(-1.82 %),0,0,0,0,4193474,6.7
23/11/2010,0,0,56.5(4.63 %),0,0,0,0,4193474,6.7
24/11/2010,200,11200000,56.5(0.00 %),200,11200000,0,0,4193274,6.7
25/11/2010,0,0,59(4.42 %),0,0,0,0,4193274,6.7
26/11/2010,0,0,59(0.00 %),0,0,0,0,4193274,6.7
29/11/2010,0,0,60(1.69 %),0,0,0,0,4193274,6.7
30/11/2010,-24300,-1531600000,61.5(2.50 %),700,43400000,25000,1575000000,4217574,6.45
01/12/2010,-600,-36400000,60.5(-1.63 %),200,12000000,800,48400000,4218174,6.45
02/12/2010,2130,127800000,62(2.48 %),2130,127800000,0,0,4216044,6.47
03/12/2010,0,0,63(1.61 %),0,0,0,0,4216044,6.47
06/12/2010,10130,634460000,63.5(0.79 %),10130,634460000,0,0,4205914,6.57
07/12/2010,0,0,60.5(-4.72 %),0,0,0,0,4205914,6.57
08/12/2010,1000,60500000,58(-4.13 %),1000,60500000,0,0,4204914,6.58
09/12/2010,1000,58000000,59(1.72 %),1000,58000000,0,0,4203914,6.59
10/12/2010,0,0,61(3.39 %),0,0,0,0,4203914,6.59
13/12/2010,3000,192000000,63.5(4.10 %),3000,192000000,0,0,4200914,6.62
14/12/2010,0,0,61(-3.94 %),0,0,0,0,4200914,6.62
15/12/2010,1000,61000000,61(0.00 %),1000,61000000,0,0,4199914,6.63
16/12/2010,0,0,60.5(-0.82 %),0,0,0,0,4199914,6.63
17/12/2010,1000,60000000,61.5(1.65 %),1000,60000000,0,0,4198914,6.64
20/12/2010,0,0,61.5(0.00 %),0,0,0,0,4198914,6.64
21/12/2010,14530,891565000,62(0.81 %),14530,891565000,0,0,4184384,6.79
22/12/2010,0,0,60(-3.23 %),0,0,0,0,4184384,6.79
23/12/2010,1000,59500000,60(0.00 %),1000,59500000,0,0,4183384,6.8
24/12/2010,0,0,60(0.00 %),0,0,0,0,4183384,6.8
27/12/2010,0,0,59(-1.67 %),0,0,0,0,4183384,6.8
28/12/2010,0,0,60(1.69 %),0,0,0,0,4183384,6.8
29/12/2010,1000,60000000,59.5(-0.83 %),1000,60000000,0,0,4182384,6.81
30/12/2010,-1100,-64350000,60(0.84 %),0,0,1100,64350000,4183484,6.8
31/12/2010,1000,60000000,63(5.00 %),1000,60000000,0,0,4182484,6.81
04/01/2011,0,0,62.5(-0.79 %),0,0,0,0,4182484,6.81
05/01/2011,0,0,63.5(1.60 %),0,0,0,0,4182484,6.81
06/01/2011,0,0,63.5(0.00 %),0,0,0,0,4182484,6.81
07/01/2011,0,0,63.5(0.00 %),0,0,0,0,4182484,6.81
10/01/2011,300,19250000,63(-0.79 %),300,19250000,0,0,4182184,6.81
11/01/2011,-2200,-134550000,61(-3.17 %),1300,79950000,3500,214500000,4184384,6.79
12/01/2011,3600,219600000,61.5(0.82 %),3600,219600000,0,0,4180784,6.82
13/01/2011,2180,138070000,63(2.44 %),4180,261070000,2000,123000000,4178604,6.85
14/01/2011,16870,1081995000,66(4.76 %),16870,1081995000,0,0,4161734,38.53
17/01/2011,-13500,-924935000,68.5(3.79 %),470,32010000,13970,956945000,4175234,38.49
18/01/2011,0,0,23.2(4.98 %),0,0,0,0,4175234,6.88
19/01/2011,0,0,24.3(4.74 %),0,0,0,0,4175234,6.88
20/01/2011,-154780,-3946890000,25.5(4.94 %),0,0,154780,3946890000,4330014,5.32
21/01/2011,0,0,26.7(4.71 %),0,0,0,0,4330014,5.32
24/01/2011,-15000,-404060000,27.2(1.87 %),5000,140000000,20000,544060000,4345014,5.17
25/01/2011,-15280,-399690000,25.9(-4.78 %),0,0,15280,399690000,4360294,5.01
26/01/2011,-1900,-48770000,27.1(4.63 %),100,2530000,2000,51300000,4362194,47.02
27/01/2011,-1000,-27700000,28.1(3.69 %),0,0,1000,27700000,4363194,4.98
28/01/2011,-5000,-132265000,27.9(-0.71 %),5000,142000000,10000,274265000,4368194,4.93
08/02/2011,-1000,-27900000,27.5(-1.43 %),0,0,1000,27900000,4369194,4.92
09/02/2011,-10000,-262320000,26.5(-3.64 %),0,0,10000,262320000,4379194,37.98
10/02/2011,-3000,-77808000,26.5(0.00 %),0,0,3000,77808000,4382194,4.79
11/02/2011,-4000,-104136000,26(-1.89 %),0,0,4000,104136000,4386194,37.96
14/02/2011,-2800,-72095000,26(0.00 %),1200,31200000,4000,103295000,4388994,4.72
15/02/2011,-2570,-66820000,26(0.00 %),0,0,2570,66820000,4391564,4.7
16/02/2011,-14430,-377012000,26.3(1.15 %),0,0,14430,377012000,4405994,4.55
17/02/2011,0,0,25(-4.94 %),0,0,0,0,4405994,4.55
18/02/2011,5000,127898000,25.1(0.40 %),5000,127898000,0,0,4400994,4.6
21/02/2011,200,4790000,23.9(-4.78 %),200,4790000,0,0,4400794,4.6
22/02/2011,-4630,-106490000,23.9(0.00 %),0,0,4630,106490000,4405424,4.56
23/02/2011,0,0,23.8(-0.42 %),0,0,0,0,4405424,4.56
24/02/2011,0,0,23.8(0.00 %),0,0,0,0,4405424,4.56
25/02/2011,0,0,23.2(-2.52 %),0,0,0,0,4405424,4.56
28/02/2011,5000,121000000,23.7(2.16 %),5000,121000000,0,0,4400424,4.61
01/03/2011,0,0,23.7(0.00 %),0,0,0,0,4400424,4.61
02/03/2011,100,2260000,22.6(-4.64 %),100,2260000,0,0,4400324,4.61
03/03/2011,0,0,23.3(3.10 %),0,0,0,0,0,0.0
04/03/2011,0,0,23.6(1.29 %),0,0,0,0,0,0.0
07/03/2011,200,4720000,23.7(0.42 %),1000,23600000,800,18880000,0,0.0
08/03/2011,0,0,23.1(-2.53 %),0,0,0,0,0,0.0
09/03/2011,0,0,23.6(2.16 %),0,0,0,0,0,0.0
10/03/2011,600,14400000,24.7(4.66 %),600,14400000,0,0,0,0.0
11/03/2011,0,0,25.9(4.86 %),0,0,0,0,0,0.0
14/03/2011,1000,25900000,27(4.25 %),1000,25900000,0,0,0,0.0
15/03/2011,-2500,-67250000,26.9(-0.37 %),0,0,2500,67250000,0,0.0
16/03/2011,0,0,27.3(1.49 %),0,0,0,0,4402528,4.59
17/03/2011,-2500,-68295000,27.5(0.73 %),0,0,2500,68295000,4405028,4.56
18/03/2011,0,0,28(1.82 %),0,0,0,0,4405028,4.56
21/03/2011,0,0,29.2(4.29 %),0,0,0,0,4405028,4.56
22/03/2011,1500,45000000,30.1(3.08 %),1500,45000000,0,0,4403528,4.58
23/03/2011,0,0,30.8(2.33 %),0,0,0,0,4403528,4.58
24/03/2011,-700,-22550000,32.3(4.87 %),0,0,700,22550000,4404228,4.57
25/03/2011,-100,-3390000,33.8(4.64 %),0,0,100,3390000,4404328,4.57
28/03/2011,0,0,33.5(-0.89 %),0,0,0,0,4404328,4.57
29/03/2011,-100,-3320000,33.5(0.00 %),0,0,100,3320000,4404428,4.57
30/03/2011,3010,100220000,33.1(-1.19 %),3010,100220000,0,0,4401418,4.6
31/03/2011,3900,129900000,33.1(0.00 %),3900,129900000,0,0,4397518,4.64
01/04/2011,2100,69090000,32.9(-0.60 %),2100,69090000,0,0,4399918,4.61
04/04/2011,0,0,33(0.30 %),0,0,0,0,4399918,4.61
05/04/2011,-5000,-160475000,33(0.00 %),0,0,5000,160475000,4404918,4.56
06/04/2011,0,0,34.6(4.85 %),0,0,0,0,4404918,4.56
07/04/2011,300,10410000,34.3(-0.87 %),300,10410000,0,0,4404618,4.57
08/04/2011,0,0,34.3(0.00 %),0,0,0,0,4404618,4.57
13/04/2011,0,0,34.3(0.00 %),0,0,0,0,4404618,4.57
14/04/2011,0,0,34(-0.87 %),0,0,0,0,4404618,4.57
15/04/2011,0,0,33.8(-0.59 %),0,0,0,0,4404618,4.57
18/04/2011,0,0,33.4(-1.18 %),0,0,0,0,4404618,4.57
19/04/2011,0,0,33.4(0.00 %),0,0,0,0,4404618,4.57
20/04/2011,0,0,33.4(0.00 %),0,0,0,0,4404618,4.57
21/04/2011,-8120,-269708000,33.5(0.30 %),0,0,8120,269708000,4412738,4.48
22/04/2011,0,0,33.4(-0.30 %),0,0,0,0,4412738,4.48
25/04/2011,0,0,34.8(4.19 %),0,0,0,0,4412738,4.48
26/04/2011,3000,103500000,34.4(-1.15 %),3000,103500000,0,0,4409738,4.51
27/04/2011,0,0,34(-1.16 %),0,0,0,0,4409738,4.51
28/04/2011,0,0,33.9(-0.29 %),0,0,0,0,4409738,4.51
29/04/2011,2000,68400000,34.2(0.88 %),2000,68400000,0,0,4407738,4.53
04/05/2011,-100,-3420000,33.1(-3.22 %),0,0,100,3420000,17348046,21.41
05/05/2011,0,0,33.9(2.42 %),0,0,0,0,17348046,21.41
06/05/2011,-1500,-51000000,34(0.29 %),0,0,1500,51000000,17349546,21.4
09/05/2011,0,0,34.2(0.59 %),0,0,0,0,17349546,21.4
10/05/2011,1000,35000000,35.8(4.68 %),1000,35000000,0,0,17348546,21.41
11/05/2011,2000,73800000,37.4(4.47 %),2000,73800000,0,0,17346546,21.43
12/05/2011,-1000,-39000000,39.1(4.55 %),0,0,1000,39000000,17347546,21.42
13/05/2011,0,0,40(2.30 %),0,0,0,0,17347546,21.42
16/05/2011,-3100,-122482000,39.5(-1.25 %),0,0,3100,122482000,17350646,21.39
17/05/2011,2000,76400000,41.3(4.56 %),3000,114000000,1000,37600000,17348646,21.41
18/05/2011,2000,78600000,41(-0.73 %),2000,78600000,0,0,17346646,21.43
19/05/2011,790,30810000,41(0.00 %),790,30810000,0,0,17345856,21.44
20/05/2011,2210,86390000,39(-4.88 %),2210,86390000,0,0,17343646,21.46
23/05/2011,0,0,37.1(-4.87 %),0,0,0,0,17343646,21.46
24/05/2011,0,0,35.3(-4.85 %),0,0,0,0,17343646,21.46
25/05/2011,100,3360000,33.6(-4.82 %),100,3360000,0,0,17343546,21.46
26/05/2011,100,3200000,32(-4.76 %),100,3200000,0,0,17343446,21.46
27/05/2011,0,0,30.4(-5.00 %),0,0,0,0,17343446,21.46
30/05/2011,0,0,28.9(-4.93 %),0,0,0,0,17343446,21.46
31/05/2011,0,0,27.5(-4.84 %),0,0,0,0,17343446,21.46
01/06/2011,0,0,26.2(-4.73 %),0,0,0,0,17343546,21.46
02/06/2011,830,21617000,27.5(4.96 %),830,21617000,0,0,17342716,21.47
03/06/2011,-2000,-49000000,27.9(1.45 %),9000,257700000,11000,306700000,17344716,5.35
06/06/2011,-4840,-129520000,27.5(-1.43 %),160,4480000,5000,134000000,17349556,5.34
07/06/2011,0,0,27(-1.82 %),0,0,0,0,17349556,5.34
08/06/2011,-5030,-129280000,25.7(-4.81 %),0,0,5030,129280000,17354586,5.33
09/06/2011,-1000,-22700000,26.8(4.28 %),3000,77700000,4000,100400000,17355586,5.32
10/06/2011,15000,411600000,27.4(2.24 %),15000,411600000,0,0,17340586,5.36
13/06/2011,0,0,27.4(0.00 %),0,0,0,0,17340586,5.36
14/06/2011,5000,138280000,26.5(-3.28 %),15000,405000000,10000,266720000,17335586,5.37
15/06/2011,0,0,25.2(-4.91 %),0,0,0,0,17335586,5.37
16/06/2011,0,0,26.4(4.76 %),0,0,0,0,17335586,5.37
17/06/2011,0,0,25.5(-3.41 %),0,0,0,0,17335586,5.37
20/06/2011,-2000,-48600000,24.3(-4.71 %),0,0,2000,48600000,17337586,5.37
21/06/2011,-6840,-172268000,25.5(4.94 %),0,0,6840,172268000,17344426,5.35
22/06/2011,0,0,25.4(-0.39 %),0,0,0,0,17344426,5.35
23/06/2011,-200,-5000000,24.4(-3.94 %),0,0,200,5000000,17344626,5.35
24/06/2011,0,0,24.4(0.00 %),0,0,0,0,17344626,5.35
27/06/2011,0,0,24.4(0.00 %),0,0,0,0,17344626,5.35
28/06/2011,4500,109600000,24(-1.64 %),4500,109600000,0,0,17340126,5.36
29/06/2011,0,0,23.1(-3.75 %),0,0,0,0,17340126,5.36
30/06/2011,0,0,22.2(-3.90 %),0,0,0,0,17340126,5.36
01/07/2011,-10000,-211000000,22(-0.90 %),0,0,10000,211000000,17340126,5.36
04/07/2011,0,0,21.8(-0.91 %),0,0,0,0,17340126,5.36
05/07/2011,0,0,22.8(4.59 %),0,0,0,0,17340126,5.36
06/07/2011,0,0,21.9(-3.95 %),0,0,0,0,17340126,5.36
07/07/2011,0,0,22.3(1.83 %),0,0,0,0,17340126,5.36
08/07/2011,0,0,22.1(-0.90 %),0,0,0,0,17340126,5.36
11/07/2011,0,0,22.1(0.00 %),0,0,0,0,17340126,5.36
12/07/2011,0,0,21.5(-2.71 %),0,0,0,0,17340126,5.36
13/07/2011,0,0,21.9(1.86 %),0,0,0,0,17340126,5.36
14/07/2011,0,0,22(0.46 %),0,0,0,0,17340126,5.36
15/07/2011,0,0,22(0.00 %),0,0,0,0,17340126,5.36
18/07/2011,0,0,22(0.00 %),0,0,0,0,17340126,5.36
19/07/2011,0,0,21.9(-0.45 %),0,0,0,0,17340126,5.36
20/07/2011,0,0,22(0.46 %),0,0,0,0,17340126,5.36
21/07/2011,0,0,21.9(-0.45 %),0,0,0,0,17340126,5.36
22/07/2011,0,0,21.8(-0.46 %),0,0,0,0,17340126,5.36
25/07/2011,0,0,21.4(-1.83 %),0,0,0,0,17340126,5.36
26/07/2011,0,0,21.5(0.47 %),0,0,0,0,17340126,5.36
27/07/2011,0,0,21.3(-0.93 %),0,0,0,0,17340126,5.36
28/07/2011,0,0,21.3(0.00 %),0,0,0,0,17340126,5.36
29/07/2011,0,0,21.3(0.00 %),0,0,0,0,17340126,5.36
01/08/2011,0,0,21(-1.41 %),0,0,0,0,17350126,5.34
02/08/2011,0,0,20.8(-0.95 %),0,0,0,0,17350126,5.34
03/08/2011,2000,41600000,20.5(-1.44 %),2000,41600000,0,0,17348126,5.34
04/08/2011,0,0,21.5(4.88 %),0,0,0,0,17348126,5.34
05/08/2011,0,0,21.7(0.93 %),0,0,0,0,17348126,5.34
08/08/2011,-3000,-64200000,21.3(-1.84 %),0,0,3000,64200000,17351126,5.33
09/08/2011,-4000,-82000000,20.4(-4.23 %),0,0,4000,82000000,17355126,5.32
10/08/2011,0,0,20.8(1.96 %),0,0,0,0,17355126,5.32
11/08/2011,0,0,20.8(0.00 %),0,0,0,0,17355126,5.32
12/08/2011,0,0,20.7(-0.48 %),0,0,0,0,17355126,5.32
15/08/2011,0,0,20.4(-1.45 %),0,0,0,0,17355126,5.32
16/08/2011,0,0,20.7(1.47 %),0,0,0,0,17355126,5.32
17/08/2011,-3000,-63000000,21.5(3.86 %),0,0,3000,63000000,17358126,5.32
18/08/2011,-3000,-66300000,22(2.33 %),0,0,3000,66300000,17361126,5.31
19/08/2011,0,0,21.4(-2.73 %),0,0,0,0,17361126,5.31
22/08/2011,-2000,-43800000,22.2(3.74 %),0,0,2000,43800000,17363126,5.3
23/08/2011,0,0,22.2(0.00 %),0,0,0,0,17363126,5.3
24/08/2011,-21400,-475080000,22(-0.90 %),0,0,21400,475080000,17384526,5.25
25/08/2011,-1600,-35200000,22.2(0.91 %),0,0,1600,35200000,17386126,5.25
26/08/2011,0,0,21.9(-1.35 %),0,0,0,0,17386126,5.25
29/08/2011,-1000,-21900000,22.9(4.57 %),0,0,1000,21900000,17387126,5.24
30/08/2011,0,0,23.3(1.75 %),0,0,0,0,17387126,5.24
31/08/2011,0,0,23.7(1.72 %),0,0,0,0,17387126,5.24
01/09/2011,0,0,24(1.27 %),0,0,0,0,17386126,5.25
05/09/2011,0,0,23.2(-3.33 %),0,0,0,0,17386126,5.25
06/09/2011,0,0,22.8(-1.72 %),0,0,0,0,17386126,5.25
07/09/2011,0,0,23.5(3.07 %),0,0,0,0,17386126,5.25
08/09/2011,0,0,24.3(3.40 %),0,0,0,0,17386126,5.25
09/09/2011,10,235000,24.3(0.00 %),10,235000,0,0,17386116,5.25
12/09/2011,-12000,-295200000,24.7(1.65 %),0,0,12000,295200000,17398116,5.22
13/09/2011,0,0,25.9(4.86 %),0,0,0,0,17398116,5.22
14/09/2011,-20000,-542000000,27.1(4.63 %),0,0,20000,542000000,17418116,5.17
15/09/2011,-27400,-750730000,28.4(4.80 %),600,16980000,28000,767710000,17445516,5.1
16/09/2011,-160,-4512000,27.9(-1.76 %),0,0,160,4512000,17445676,5.1
19/09/2011,1080,31212000,29(3.94 %),1080,31212000,0,0,17444596,5.1
20/09/2011,-4000,-110800000,27.7(-4.48 %),0,0,4000,110800000,17448596,5.09
21/09/2011,-3000,-82200000,27.4(-1.08 %),0,0,3000,82200000,17451596,5.08
22/09/2011,0,0,27.8(1.46 %),0,0,0,0,17451596,5.08
23/09/2011,-38450,-1053498000,27.2(-2.16 %),0,0,38450,1053498000,17490046,4.98
26/09/2011,0,0,26.9(-1.10 %),0,0,0,0,17490046,4.98
27/09/2011,0,0,26.3(-2.23 %),0,0,0,0,17490046,4.98
28/09/2011,-5000,-131500000,26.7(1.52 %),0,0,5000,131500000,17495046,4.97
29/09/2011,0,0,26.5(-0.75 %),0,0,0,0,17495046,4.97
30/09/2011,520,13884000,26.4(-0.38 %),520,13884000,0,0,17494526,4.97
03/10/2011,0,0,26(-1.52 %),0,0,0,0,17490526,4.98
04/10/2011,0,0,25.9(-0.38 %),0,0,0,0,17490526,4.98
05/10/2011,0,0,26(0.39 %),0,0,0,0,17490526,4.98
06/10/2011,-3300,-87120000,26.4(1.54 %),0,0,3300,87120000,17493826,4.98
07/10/2011,0,0,26.5(0.38 %),0,0,0,0,17493826,4.98
10/10/2011,0,0,26(-1.89 %),0,0,0,0,17493826,4.98
11/10/2011,0,0,26.1(0.38 %),0,0,0,0,17493826,4.98
12/10/2011,0,0,26.2(0.38 %),0,0,0,0,17493826,4.98
13/10/2011,-48230,-1231688000,25.6(-2.29 %),0,0,48230,1231688000,17542056,4.85
14/10/2011,-8470,-216615000,25.8(0.78 %),0,0,8470,216615000,17550526,4.83
17/10/2011,0,0,25.1(-2.71 %),0,0,0,0,17550526,4.83
18/10/2011,0,0,23.9(-4.78 %),0,0,0,0,17550526,4.83
19/10/2011,0,0,24.8(3.77 %),0,0,0,0,17550526,4.83
20/10/2011,0,0,25(0.81 %),0,0,0,0,17550526,4.83
21/10/2011,0,0,25.7(2.80 %),0,0,0,0,17550526,4.83
24/10/2011,0,0,25.8(0.39 %),0,0,0,0,17550526,4.83
25/10/2011,0,0,24.6(-4.65 %),0,0,0,0,17550526,4.83
26/10/2011,0,0,24(-2.44 %),0,0,0,0,17550526,4.83
27/10/2011,0,0,24.5(2.08 %),0,0,0,0,17550526,4.83
28/10/2011,0,0,25.3(3.27 %),0,0,0,0,17550526,4.83
31/10/2011,0,0,24.9(-1.58 %),0,0,0,0,17550526,4.83
01/11/2011,0,0,24.9(0.00 %),0,0,0,0,17555526,4.82
02/11/2011,0,0,24.2(-2.81 %),0,0,0,0,17555526,4.82
03/11/2011,0,0,24(-0.83 %),0,0,0,0,17555526,4.82
04/11/2011,-5000,-119500000,24.3(1.25 %),0,0,5000,119500000,17560526,4.81
07/11/2011,2250,56475000,25.1(3.29 %),2250,56475000,0,0,17558276,4.81
08/11/2011,0,0,24(-4.38 %),0,0,0,0,17558276,4.81
09/11/2011,0,0,23.3(-2.92 %),0,0,0,0,17558276,4.81
10/11/2011,0,0,24(3.00 %),0,0,0,0,17558276,4.81
11/11/2011,-18370,-440034000,24.1(0.42 %),0,0,18370,440034000,17576646,4.77
14/11/2011,-9000,-211331000,23.7(-1.66 %),0,0,9000,211331000,17585646,4.74
15/11/2011,-7000,-163215000,23.8(0.42 %),0,0,7000,163215000,17592646,4.73
16/11/2011,-16000,-374023000,23.8(0.00 %),0,0,16000,374023000,17608646,4.69
17/11/2011,-10000,-232294000,23.8(0.00 %),0,0,10000,232294000,17618646,4.66
18/11/2011,0,0,23.2(-2.52 %),0,0,0,0,17618646,4.66
21/11/2011,0,0,23.1(-0.43 %),0,0,0,0,17618646,4.66
22/11/2011,0,0,23.1(0.00 %),0,0,0,0,17618646,4.66
23/11/2011,0,0,23.1(0.00 %),0,0,0,0,17618646,4.66
24/11/2011,0,0,23.1(0.00 %),0,0,0,0,17618646,4.66
25/11/2011,0,0,23(-0.43 %),0,0,0,0,17618646,4.66
28/11/2011,0,0,22.8(-0.87 %),0,0,0,0,17618646,4.66
29/11/2011,0,0,22.8(0.00 %),0,0,0,0,17618646,4.66
30/11/2011,0,0,22.8(0.00 %),0,0,0,0,17618646,4.66
01/12/2011,0,0,22.7(-0.44 %),0,0,0,0,17618646,4.66
02/12/2011,0,0,22.4(-1.32 %),0,0,0,0,17618646,4.66
05/12/2011,0,0,23.5(4.91 %),0,0,0,0,17618646,4.66
06/12/2011,0,0,24(2.13 %),0,0,0,0,17618646,4.66
07/12/2011,0,0,23.2(-3.33 %),0,0,0,0,17618646,4.66
08/12/2011,0,0,23.4(0.86 %),0,0,0,0,17618646,4.66
09/12/2011,0,0,23(-1.71 %),0,0,0,0,17618646,4.66
12/12/2011,0,0,22.9(-0.43 %),0,0,0,0,17618646,4.66
13/12/2011,0,0,22.9(0.00 %),0,0,0,0,17618646,4.66
14/12/2011,0,0,22.8(-0.44 %),0,0,0,0,17618646,4.66
15/12/2011,0,0,22.8(0.00 %),0,0,0,0,17618646,4.66
16/12/2011,0,0,23.2(1.75 %),0,0,0,0,17618646,4.66
19/12/2011,0,0,23(-0.86 %),0,0,0,0,17618646,4.66
20/12/2011,0,0,22.5(-2.17 %),0,0,0,0,17618646,4.66
21/12/2011,0,0,22.4(-0.44 %),0,0,0,0,17618646,4.66
22/12/2011,0,0,21.9(-2.23 %),0,0,0,0,17618646,4.66
23/12/2011,0,0,21.9(0.00 %),0,0,0,0,17618646,4.66
26/12/2011,0,0,21.9(0.00 %),0,0,0,0,17618646,4.66
27/12/2011,0,0,21(-4.11 %),0,0,0,0,17618646,4.66
28/12/2011,0,0,21.7(3.33 %),0,0,0,0,17618646,4.66
29/12/2011,0,0,21.8(0.46 %),0,0,0,0,17618646,4.66
30/12/2011,0,0,22.3(2.29 %),0,0,0,0,17618646,4.66
03/01/2012,0,0,22.4(0.45 %),0,0,0,0,17618646,4.66
04/01/2012,-200,-4420000,22.1(-1.34 %),0,0,200,4420000,17618846,4.66
05/01/2012,0,0,21.9(-0.90 %),0,0,0,0,17618846,4.66
06/01/2012,0,0,21.8(-0.46 %),0,0,0,0,17618846,4.66
09/01/2012,-400,-8580000,21(-3.67 %),0,0,400,8580000,17619246,4.66
10/01/2012,0,0,21.1(0.48 %),0,0,0,0,17619246,4.66
11/01/2012,0,0,21(-0.47 %),0,0,0,0,17619246,4.66
12/01/2012,0,0,20.1(-4.29 %),0,0,0,0,17619246,4.66
13/01/2012,0,0,21(4.48 %),0,0,0,0,17619246,4.66
16/01/2012,0,0,21.5(2.38 %),0,0,0,0,17619246,4.66
17/01/2012,0,0,21.3(-0.93 %),0,0,0,0,17619246,4.66
18/01/2012,0,0,21.3(0.00 %),0,0,0,0,17619246,4.66
19/01/2012,0,0,21.3(0.00 %),0,0,0,0,17619246,4.66
20/01/2012,0,0,21.3(0.00 %),0,0,0,0,17619246,4.66
30/01/2012,0,0,21.7(1.88 %),0,0,0,0,17619246,4.66
31/01/2012,0,0,21.5(-0.92 %),0,0,0,0,17619246,4.66
01/02/2012,0,0,20.5(-4.65 %),0,0,0,0,17619246,4.66
02/02/2012,-3000,-63300000,21.4(4.39 %),0,0,3000,63300000,17622246,4.65
03/02/2012,0,0,21(-1.87 %),0,0,0,0,17622246,4.65
06/02/2012,0,0,21(0.00 %),0,0,0,0,17622246,4.65
07/02/2012,-10,-211000,20.7(-1.43 %),0,0,10,211000,17622256,4.65
08/02/2012,-5000,-104000000,21.2(2.42 %),0,0,5000,104000000,17627256,4.64
09/02/2012,0,0,20.5(-3.30 %),0,0,0,0,17627256,4.64
10/02/2012,-60,-1236000,19.6(-4.39 %),0,0,60,1236000,17627316,4.64
13/02/2012,0,0,20.5(4.59 %),0,0,0,0,17627316,4.64
14/02/2012,-10000,-208468000,20.9(1.95 %),0,0,10000,208468000,17637316,4.61
15/02/2012,0,0,20(-4.31 %),0,0,0,0,17637316,4.61
16/02/2012,-4930,-99758000,20.6(3.00 %),0,0,4930,99758000,17642246,4.6
17/02/2012,0,0,20.5(-0.49 %),0,0,0,0,17642246,4.6
20/02/2012,-5000,-102500000,20.6(0.49 %),0,0,5000,102500000,17647246,4.59
21/02/2012,-2030,-41818000,19.7(-4.37 %),0,0,2030,41818000,17649276,4.58
22/02/2012,-2970,-59400000,20.3(3.05 %),0,0,2970,59400000,17652246,4.58
23/02/2012,0,0,20.8(2.46 %),0,0,0,0,17652246,4.58
24/02/2012,0,0,21.3(2.40 %),0,0,0,0,17652246,4.58
27/02/2012,0,0,22.3(4.69 %),0,0,0,0,17652246,4.58
28/02/2012,0,0,23(3.14 %),0,0,0,0,17652246,4.58
29/02/2012,-5000,-116500000,24(4.35 %),0,0,5000,116500000,17657246,4.56
01/03/2012,0,0,24.9(3.75 %),0,0,0,0,17652246,4.58
02/03/2012,0,0,25.8(3.61 %),0,0,0,0,17652246,4.58
05/03/2012,0,0,26.8(3.88 %),0,0,0,0,17652246,4.58
06/03/2012,0,0,25.5(-4.85 %),0,0,0,0,17652246,4.58
07/03/2012,-5000,-122000000,24.6(-3.53 %),0,0,5000,122000000,17657246,4.56
08/03/2012,0,0,23.4(-4.88 %),0,0,0,0,17657246,4.56
09/03/2012,0,0,22.7(-2.99 %),0,0,0,0,17657246,4.56
12/03/2012,850,18700000,21.9(-3.52 %),850,18700000,0,0,17656396,4.57
13/03/2012,0,0,22.3(1.83 %),0,0,0,0,17656396,4.57
14/03/2012,0,0,21.2(-4.93 %),0,0,0,0,17656396,4.57
15/03/2012,0,0,22.2(4.72 %),0,0,0,0,17656396,4.57
16/03/2012,0,0,22.7(2.25 %),0,0,0,0,17656396,4.57
19/03/2012,0,0,22.6(-0.44 %),0,0,0,0,17656396,4.57
20/03/2012,0,0,22.6(0.00 %),0,0,0,0,17656396,4.57
21/03/2012,0,0,23.7(4.87 %),0,0,0,0,17656396,4.57
22/03/2012,0,0,23.6(-0.42 %),0,0,0,0,17656396,4.57
23/03/2012,-4500,-106800000,24(1.69 %),0,0,4500,106800000,17660896,4.55
26/03/2012,-5000,-115500000,23.8(-0.83 %),0,0,5000,115500000,17665896,4.54
27/03/2012,-3000,-68400000,22.7(-4.62 %),0,0,3000,68400000,17668896,4.53
28/03/2012,0,0,22.4(-1.32 %),0,0,0,0,17668896,4.53
29/03/2012,0,0,22(-1.79 %),0,0,0,0,17668896,4.53
30/03/2012,0,0,22(0.00 %),0,0,0,0,17668896,4.53
03/04/2012,0,0,22(0.00 %),0,0,0,0,17673896,4.52
04/04/2012,0,0,22(0.00 %),0,0,0,0,17673896,4.52
05/04/2012,-1200,-26640000,22.3(1.36 %),0,0,1200,26640000,17675096,4.52
06/04/2012,0,0,22.8(2.24 %),0,0,0,0,17675096,4.52
09/04/2012,0,0,23.2(1.75 %),0,0,0,0,17675096,4.52
10/04/2012,0,0,23.6(1.72 %),0,0,0,0,17675096,4.52
11/04/2012,0,0,24.5(3.81 %),0,0,0,0,17675096,4.52
12/04/2012,0,0,24.3(-0.82 %),0,0,0,0,17675096,4.52
13/04/2012,0,0,23.7(-2.47 %),0,0,0,0,17675096,4.52
16/04/2012,0,0,23.8(0.42 %),0,0,0,0,17675096,4.52
17/04/2012,0,0,24.1(1.26 %),0,0,0,0,17675096,4.52
18/04/2012,0,0,23(-4.56 %),0,0,0,0,17675096,4.52
19/04/2012,0,0,22.3(-3.04 %),0,0,0,0,17675096,4.52
20/04/2012,0,0,22.4(0.45 %),0,0,0,0,17675096,4.52
23/04/2012,10000,223000000,22.4(0.00 %),10000,223000000,0,0,17665096,4.54
24/04/2012,5000,112000000,22.6(0.89 %),5000,112000000,0,0,17660096,4.56
25/04/2012,15800,364580000,23.7(4.87 %),15800,364580000,0,0,17644296,4.6
26/04/2012,10,246000,24.8(4.64 %),10,246000,0,0,17644286,4.6
27/04/2012,0,0,26(4.84 %),0,0,0,0,17644286,4.6
02/05/2012,0,0,25.3(-2.69 %),0,0,0,0,17644286,4.6
03/05/2012,0,0,24.6(-2.77 %),0,0,0,0,17644286,4.6
04/05/2012,-20,-478000,24.7(0.41 %),0,0,20,478000,17644306,4.6
07/05/2012,0,0,25.8(4.45 %),0,0,0,0,17644306,4.6
08/05/2012,0,0,24.9(-3.49 %),0,0,0,0,17644306,4.6
09/05/2012,0,0,24(-3.61 %),0,0,0,0,17644306,4.6
10/05/2012,0,0,23.1(-3.75 %),0,0,0,0,17644306,4.6
11/05/2012,0,0,22(-4.76 %),0,0,0,0,17644306,4.6
14/05/2012,0,0,20.9(-5.00 %),0,0,0,0,17644306,4.6
15/05/2012,-2800,-55720000,19.9(-4.78 %),2200,43780000,5000,99500000,17647106,4.59
16/05/2012,-4000,-82100000,19(-4.52 %),3000,57000000,7000,139100000,17651106,4.58
17/05/2012,25000,452500000,18.1(-4.74 %),25000,452500000,0,0,17626106,4.64
18/05/2012,0,0,17.2(-4.97 %),0,0,0,0,17626106,4.64
21/05/2012,700,11480000,17.5(1.74 %),700,11480000,0,0,17625406,4.64
22/05/2012,0,0,16.7(-4.57 %),0,0,0,0,17625406,4.64
23/05/2012,0,0,15.9(-4.79 %),0,0,0,0,17625406,4.64
24/05/2012,0,0,15.2(-4.40 %),0,0,0,0,17625406,4.64
25/05/2012,0,0,15.9(4.61 %),0,0,0,0,17625406,4.64
28/05/2012,-700,-11480000,16.6(4.40 %),0,0,700,11480000,17626106,4.64
29/05/2012,0,0,16.2(-2.41 %),0,0,0,0,17626106,4.64
30/05/2012,0,0,15.8(-2.47 %),0,0,0,0,17626106,4.64
31/05/2012,10,155000,15.1(-4.43 %),10,155000,0,0,17626096,4.64
01/06/2012,10,151000,14.4(-4.64 %),10,151000,0,0,17626092,4.64
04/06/2012,0,0,13.7(-4.86 %),0,0,0,0,17626092,4.64
05/06/2012,20,286000,14.3(4.38 %),20,286000,0,0,17626072,4.64
06/06/2012,20,297000,15(4.90 %),20,297000,0,0,17626052,4.64
07/06/2012,4010,62957000,15.7(4.67 %),4010,62957000,0,0,17622042,4.65
08/06/2012,3610,59203000,16(1.91 %),3610,59203000,0,0,17618432,4.66
11/06/2012,-30,-477000,15.7(-1.88 %),0,0,30,477000,17618462,4.66
12/06/2012,-20,-306000,15.1(-3.82 %),0,0,20,306000,17618482,4.66
13/06/2012,10,151000,14.9(-1.32 %),10,151000,0,0,17618472,4.66
14/06/2012,0,0,15(0.67 %),0,0,0,0,17618472,4.66
15/06/2012,-20,-311000,15.4(2.67 %),0,0,20,311000,17618492,4.66
18/06/2012,1000,15600000,15.4(0.00 %),1000,15600000,0,0,17617492,4.66
19/06/2012,1410,21389000,14.9(-3.25 %),5010,75749000,3600,54360000,17616082,4.67
20/06/2012,0,0,15.1(1.34 %),0,0,0,0,17616082,4.67
21/06/2012,10,149000,14.9(-1.32 %),10,149000,0,0,17616072,4.67
22/06/2012,-20,-290000,14.2(-4.70 %),0,0,20,290000,17616092,4.67
25/06/2012,5000,71000000,13.6(-4.23 %),5000,71000000,0,0,17611092,4.68
26/06/2012,2000,26000000,13(-4.41 %),2000,26000000,0,0,17609092,4.69
27/06/2012,-1000,-14148000,13(0.00 %),5000,66000000,6000,80148000,17610092,4.68
28/06/2012,0,0,12.8(-1.54 %),0,0,0,0,17610092,4.68
29/06/2012,0,0,13.3(3.91 %),0,0,0,0,17610092,4.68
02/07/2012,0,0,12.7(-4.51 %),0,0,0,0,17604092,4.7
03/07/2012,0,0,12.1(-4.72 %),0,0,0,0,17604092,4.7
04/07/2012,0,0,11.5(-4.96 %),0,0,0,0,17604092,4.7
05/07/2012,0,0,12(4.35 %),0,0,0,0,17604092,4.7
06/07/2012,3990,49076000,12.1(0.83 %),4000,49200000,10,124000,17600102,4.71
09/07/2012,-5000,-58000000,11.5(-4.96 %),0,0,5000,58000000,17605102,4.7
10/07/2012,0,0,11.1(-3.48 %),0,0,0,0,17605102,4.7
11/07/2012,0,0,11.1(0.00 %),0,0,0,0,17605102,4.7
12/07/2012,0,0,11.6(4.50 %),0,0,0,0,17605102,4.7
13/07/2012,200,2320000,12.1(4.31 %),200,2320000,0,0,17604902,4.7
16/07/2012,-5000,-62500000,12.4(2.48 %),0,0,5000,62500000,17609902,4.68
17/07/2012,0,0,12.9(4.03 %),0,0,0,0,17609902,4.68
18/07/2012,0,0,12.5(-3.10 %),0,0,0,0,17609902,4.68
19/07/2012,0,0,13.1(4.80 %),0,0,0,0,17609902,4.68
20/07/2012,0,0,12.8(-2.29 %),0,0,0,0,17609902,4.68
23/07/2012,0,0,12.3(-3.91 %),0,0,0,0,17609902,4.68
24/07/2012,0,0,11.7(-4.88 %),0,0,0,0,17609902,4.68
25/07/2012,0,0,11.6(-0.85 %),0,0,0,0,17609902,4.68
26/07/2012,15000,179000000,12(3.45 %),15000,179000000,0,0,17594902,4.72
27/07/2012,-400,-4680000,11.7(-2.50 %),0,0,400,4680000,17595302,4.72
30/07/2012,0,0,11.7(0.00 %),0,0,0,0,17595302,4.72
31/07/2012,0,0,11.6(-0.85 %),0,0,0,0,17595302,4.72
01/08/2012,0,0,11.5(-0.86 %),0,0,0,0,17600902,4.71
02/08/2012,0,0,11.6(0.87 %),0,0,0,0,17600902,4.71
03/08/2012,0,0,11.6(0.00 %),0,0,0,0,17600902,4.71
06/08/2012,0,0,12.1(4.31 %),0,0,0,0,17600902,4.71
07/08/2012,0,0,11.9(-1.65 %),0,0,0,0,17600902,4.71
08/08/2012,0,0,12(0.84 %),0,0,0,0,17600902,4.71
09/08/2012,0,0,12.4(3.33 %),0,0,0,0,17600902,4.71
10/08/2012,30,372000,12.3(-0.81 %),30,372000,0,0,17600872,4.71
13/08/2012,0,0,12(-2.44 %),0,0,0,0,17600872,4.71
14/08/2012,0,0,12.1(0.83 %),0,0,0,0,17600872,4.71
15/08/2012,0,0,12.1(0.00 %),0,0,0,0,17600872,4.71
16/08/2012,0,0,12.1(0.00 %),0,0,0,0,17600872,4.71
17/08/2012,0,0,12.5(3.31 %),0,0,0,0,17600872,4.71
20/08/2012,-15000,-196000000,13(4.00 %),0,0,15000,196000000,17615872,4.67
21/08/2012,0,0,12.4(-4.62 %),0,0,0,0,17615872,4.67
22/08/2012,0,0,11.8(-4.84 %),0,0,0,0,17615872,4.67
23/08/2012,0,0,11.3(-4.24 %),0,0,0,0,17615872,4.67
24/08/2012,0,0,10.9(-3.54 %),0,0,0,0,17615872,4.67
27/08/2012,0,0,10.4(-4.59 %),0,0,0,0,17615872,4.67
28/08/2012,-680,-6868000,9.9(-4.81 %),0,0,680,6868000,17616552,4.67
29/08/2012,0,0,10.3(4.04 %),0,0,0,0,17616552,4.67
30/08/2012,0,0,10.2(-0.97 %),0,0,0,0,17616552,4.67
31/08/2012,0,0,9.9(-2.94 %),0,0,0,0,17616552,4.67
04/09/2012,0,0,10.2(3.03 %),0,0,0,0,17616952,4.67
05/09/2012,0,0,9.8(-3.92 %),0,0,0,0,17616952,4.67
06/09/2012,0,0,9.4(-4.08 %),0,0,0,0,17616952,4.67
07/09/2012,0,0,9(-4.26 %),0,0,0,0,17616952,4.67
10/09/2012,0,0,8.6(-4.44 %),0,0,0,0,17616952,4.67
11/09/2012,0,0,8.2(-4.65 %),0,0,0,0,17616952,4.67
12/09/2012,0,0,7.9(-3.66 %),0,0,0,0,17616952,4.67
13/09/2012,0,0,8.2(3.80 %),0,0,0,0,17616952,4.67
14/09/2012,0,0,8.6(4.88 %),0,0,0,0,17616952,4.67
17/09/2012,2000,18000000,8.8(2.33 %),2000,18000000,0,0,17614952,4.67
18/09/2012,0,0,8.6(-2.27 %),0,0,0,0,17614952,4.67
19/09/2012,0,0,9(4.65 %),0,0,0,0,17614952,4.67
20/09/2012,0,0,9(0.00 %),0,0,0,0,17614952,4.67
21/09/2012,-2000,-18000000,9.1(1.11 %),0,0,2000,18000000,17616952,4.67
24/09/2012,0,0,8.7(-4.40 %),0,0,0,0,17616952,4.67
25/09/2012,0,0,8.5(-2.30 %),0,0,0,0,17616952,4.67
26/09/2012,0,0,8.8(3.53 %),0,0,0,0,17616952,4.67
27/09/2012,0,0,8.6(-2.27 %),0,0,0,0,17616952,4.67
28/09/2012,0,0,8.6(0.00 %),0,0,0,0,17616952,4.67
01/10/2012,0,0,8.2(-4.65 %),0,0,0,0,17616952,4.67
02/10/2012,0,0,8.2(0.00 %),0,0,0,0,17616952,4.67
03/10/2012,0,0,8.4(2.44 %),0,0,0,0,17616952,4.67
04/10/2012,0,0,8.2(-2.38 %),0,0,0,0,17616952,4.67
05/10/2012,0,0,8.1(-1.22 %),0,0,0,0,17616952,4.67
08/10/2012,0,0,8.5(4.94 %),0,0,0,0,17616952,4.67
09/10/2012,0,0,8.7(2.35 %),0,0,0,0,17616952,4.67
10/10/2012,0,0,8.9(2.30 %),0,0,0,0,17616952,4.67
11/10/2012,0,0,8.8(-1.12 %),0,0,0,0,17616952,4.67
12/10/2012,0,0,8.7(-1.14 %),0,0,0,0,17616952,4.67
15/10/2012,0,0,8.5(-2.30 %),0,0,0,0,17616952,4.67
16/10/2012,0,0,8.9(4.71 %),0,0,0,0,17616952,4.67
17/10/2012,0,0,8.7(-2.25 %),0,0,0,0,17616952,4.67
18/10/2012,0,0,8.8(1.15 %),0,0,0,0,17616952,4.67
19/10/2012,0,0,8.5(-3.41 %),0,0,0,0,17616952,4.67
22/10/2012,0,0,8.3(-2.35 %),0,0,0,0,17616952,4.67
23/10/2012,0,0,8.4(1.20 %),0,0,0,0,17616952,4.67
24/10/2012,0,0,8.2(-2.38 %),0,0,0,0,17616952,4.67
25/10/2012,0,0,8.1(-1.22 %),10,82000,10,82000,17616952,4.67
26/10/2012,0,0,8.1(0.00 %),0,0,0,0,17616952,0.52
29/10/2012,0,0,8.1(0.00 %),0,0,0,0,17616952,4.67
30/10/2012,0,0,8.2(1.23 %),0,0,0,0,17616952,4.67
31/10/2012,0,0,8(-2.44 %),0,0,0,0,17616952,4.67
01/11/2012,0,0,8(0.00 %),0,0,0,0,17616952,4.67
02/11/2012,0,0,7.6(-5.00 %),0,0,0,0,17616952,4.67
05/11/2012,0,0,7.3(-3.95 %),0,0,0,0,17616952,4.67
06/11/2012,0,0,7.6(4.11 %),0,0,0,0,17616952,4.67
07/11/2012,0,0,7.8(2.63 %),0,0,0,0,17616952,4.67
08/11/2012,0,0,7.7(-1.28 %),0,0,0,0,17616952,4.67
09/11/2012,0,0,7.8(1.30 %),0,0,0,0,17616952,4.67
12/11/2012,0,0,8.1(3.85 %),0,0,0,0,17616952,4.67
13/11/2012,0,0,8.1(0.00 %),0,0,0,0,17616952,4.67
14/11/2012,0,0,8.1(0.00 %),0,0,0,0,17616952,4.67
15/11/2012,0,0,7.9(-2.47 %),0,0,0,0,17616952,4.67
16/11/2012,0,0,8(1.27 %),0,0,0,0,17616952,4.67
19/11/2012,0,0,7.8(-2.50 %),0,0,0,0,17616952,4.67
20/11/2012,0,0,8(2.56 %),0,0,0,0,17616952,4.67
21/11/2012,0,0,7.9(-1.25 %),0,0,0,0,17616952,4.67
22/11/2012,0,0,8(1.27 %),0,0,0,0,17616952,4.67
23/11/2012,0,0,7.9(-1.25 %),0,0,0,0,17616952,4.67
26/11/2012,0,0,7.8(-1.27 %),0,0,0,0,17616952,4.67
27/11/2012,0,0,7.8(0.00 %),0,0,0,0,17616952,4.67
28/11/2012,0,0,7.8(0.00 %),0,0,0,0,17616952,4.67
29/11/2012,0,0,7.8(0.00 %),0,0,0,0,17616952,4.67
30/11/2012,0,0,7.8(0.00 %),0,0,0,0,17616952,4.67
03/12/2012,0,0,7.8(0.00 %),0,0,0,0,17616952,4.67
04/12/2012,0,0,8(2.56 %),0,0,0,0,17616952,4.67
05/12/2012,0,0,8(0.00 %),0,0,0,0,17616952,4.67
06/12/2012,0,0,8(0.00 %),0,0,0,0,17616952,4.67
07/12/2012,0,0,8(0.00 %),0,0,0,0,17616952,4.67
10/12/2012,0,0,8.4(5.00 %),0,0,0,0,17616952,4.67
11/12/2012,310,2697000,8.5(1.19 %),310,2697000,0,0,17616642,4.67
12/12/2012,0,0,8.8(3.53 %),0,0,0,0,17616642,4.67
13/12/2012,0,0,8.5(-3.41 %),0,0,0,0,17616642,4.67
14/12/2012,0,0,8.3(-2.35 %),0,0,0,0,17616642,4.67
17/12/2012,0,0,8.4(1.20 %),0,0,0,0,17616642,4.67
18/12/2012,0,0,8.3(-1.19 %),0,0,0,0,17616642,4.67
19/12/2012,0,0,8.7(4.82 %),0,0,0,0,17616642,4.67
20/12/2012,0,0,8.5(-2.30 %),0,0,0,0,17616642,4.67
21/12/2012,0,0,8.4(-1.18 %),0,0,0,0,17616642,4.67
24/12/2012,0,0,8.5(1.19 %),0,0,0,0,17616642,4.67
25/12/2012,0,0,8.4(-1.18 %),0,0,0,0,17616642,4.67
26/12/2012,0,0,8.6(2.38 %),0,0,0,0,17616642,4.67
27/12/2012,0,0,8.7(1.16 %),0,0,0,0,17616642,4.67
28/12/2012,0,0,8.7(0.00 %),0,0,0,0,17616642,4.67
02/01/2013,0,0,9.1(4.60 %),0,0,0,0,17616642,4.67
03/01/2013,0,0,8.9(-2.20 %),0,0,0,0,17616642,4.67
04/01/2013,0,0,9(1.12 %),0,0,0,0,17616642,4.67
07/01/2013,0,0,8.9(-1.11 %),0,0,0,0,17616642,4.67
08/01/2013,0,0,9(1.12 %),0,0,0,0,17616642,4.67
09/01/2013,4000,35800000,8.7(-3.33 %),5000,45000000,1000,9200000,17612642,4.68
10/01/2013,-2000,-17200000,8.7(0.00 %),0,0,2000,17200000,17614642,4.67
11/01/2013,-2000,-17600000,8.8(1.15 %),0,0,2000,17600000,17616642,4.67
14/01/2013,-2000,-17100000,8.7(-1.14 %),0,0,2000,17100000,17618642,4.66
15/01/2013,19000,170100000,8.9(2.30 %),20000,179000000,1000,8900000,17599642,4.71
16/01/2013,0,0,9.5(6.74 %),0,0,0,0,17599642,4.71
17/01/2013,-6000,-60500000,9.7(2.11 %),0,0,6000,60500000,17605642,4.69
18/01/2013,4000,37600000,9.4(-3.09 %),5000,47000000,1000,9400000,17601642,4.7
21/01/2013,-1000,-9400000,9.2(-2.13 %),0,0,1000,9400000,17602642,4.7
22/01/2013,3000,26500000,8.7(-5.43 %),4000,35600000,1000,9100000,17599642,4.71
23/01/2013,-1000,-8801000,8.6(-1.15 %),0,0,1000,8801000,17600642,4.71
24/01/2013,-1000,-8700000,8.9(3.49 %),0,0,1000,8700000,17601642,4.7
25/01/2013,-1000,-8900000,9.1(2.25 %),0,0,1000,8900000,17602642,4.7
28/01/2013,1000,8900000,8.9(-2.20 %),2000,18000000,1000,9100000,17601642,4.7
29/01/2013,-1000,-8900000,8.9(0.00 %),0,0,1000,8900000,17602642,4.7
30/01/2013,-1000,-8900000,9.3(4.49 %),0,0,1000,8900000,17603642,4.7
31/01/2013,-1000,-9000000,9(-3.23 %),0,0,1000,9000000,17604642,4.7
01/02/2013,-7400,-65120000,8.9(-1.11 %),0,0,7400,65120000,17601642,4.7
04/02/2013,-1000,-8900000,8.8(-1.12 %),0,0,1000,8900000,17602642,4.7
05/02/2013,0,0,8.5(-3.41 %),0,0,0,0,17602642,4.7
06/02/2013,-1000,-8500000,8.7(2.35 %),0,0,1000,8500000,17603642,4.7
07/02/2013,-1000,-8700000,8.7(0.00 %),0,0,1000,8700000,17604642,4.7
08/02/2013,-1000,-8700000,9.1(4.60 %),0,0,1000,8700000,17605642,4.69
18/02/2013,-900,-8170000,9.2(1.10 %),100,930000,1000,9100000,17606542,4.69
19/02/2013,15000,138000000,9.2(0.00 %),15000,138000000,0,0,17591542,4.73
20/02/2013,15000,136500000,9.1(-1.09 %),15000,136500000,0,0,17576542,4.77
21/02/2013,-6000,-61100000,8.6(-5.49 %),15000,132000000,21000,193100000,17582542,4.75
22/02/2013,0,0,8.6(0.00 %),0,0,0,0,17582542,4.75
25/02/2013,100,850000,8.5(-1.16 %),100,850000,0,0,17582442,4.75
26/02/2013,0,0,8(-5.88 %),0,0,0,0,17582442,4.75
27/02/2013,0,0,7.9(-1.25 %),0,0,0,0,17582442,4.75
28/02/2013,0,0,8(1.27 %),0,0,0,0,17582442,4.75
01/03/2013,0,0,7.8(-2.50 %),0,0,0,0,17592842,4.73
04/03/2013,150,1155000,7.4(-5.13 %),160,1230000,10,75000,17592692,4.73
05/03/2013,0,0,7.1(-4.05 %),0,0,0,0,17592692,4.73
06/03/2013,4000,28800000,7.2(1.41 %),4000,28800000,0,0,17588692,4.74
07/03/2013,0,0,7(-2.78 %),0,0,0,0,17588692,4.74
08/03/2013,60,426000,7.2(2.86 %),60,426000,0,0,17588632,4.74
11/03/2013,0,0,7.5(4.17 %),0,0,0,0,17588632,4.74
12/03/2013,0,0,7.3(-2.67 %),0,0,0,0,17588632,4.74
13/03/2013,0,0,7.3(0.00 %),0,0,0,0,17588632,4.74
14/03/2013,-3080,-22376000,7.4(1.37 %),0,0,3080,22376000,17591712,4.73
15/03/2013,0,0,7.3(-1.35 %),0,0,0,0,17591712,4.73
18/03/2013,4000,29600000,7.3(0.00 %),4000,29600000,0,0,17587712,4.74
19/03/2013,0,0,7.2(-1.37 %),0,0,0,0,17587712,4.74
20/03/2013,-1000,-7300000,7.2(0.00 %),0,0,1000,7300000,17588712,4.74
21/03/2013,-1000,-7200000,7.2(0.00 %),0,0,1000,7200000,17589712,4.73
22/03/2013,-1000,-7200000,7.1(-1.39 %),0,0,1000,7200000,17590712,4.73
25/03/2013,0,0,7.1(0.00 %),0,0,0,0,17590712,4.73
26/03/2013,0,0,7.1(0.00 %),0,0,0,0,17590712,4.73
27/03/2013,0,0,6.9(-2.82 %),0,0,0,0,17590712,4.73
28/03/2013,0,0,6.8(-1.45 %),0,0,0,0,17590712,4.73
29/03/2013,2000,13200000,6.7(-1.47 %),2000,13200000,0,0,17588712,4.74
01/04/2013,0,0,7(4.48 %),0,0,0,0,17588712,4.74
02/04/2013,0,0,6.8(-2.86 %),0,0,0,0,17588712,4.74
03/04/2013,-19000,-129200000,6.8(0.00 %),0,0,19000,129200000,17607712,4.69
04/04/2013,0,0,6.6(-2.94 %),0,0,0,0,17607712,4.69
05/04/2013,0,0,6.6(0.00 %),0,0,0,0,17607712,4.69
08/04/2013,0,0,6.6(0.00 %),0,0,0,0,17607712,4.69
09/04/2013,0,0,6.7(1.52 %),0,0,0,0,17607712,4.69
10/04/2013,0,0,6.5(-2.99 %),0,0,0,0,17607712,4.69
11/04/2013,0,0,6.5(0.00 %),0,0,0,0,17607712,4.69
12/04/2013,0,0,6.4(-1.54 %),0,0,0,0,17607712,4.69
15/04/2013,33900,213570000,6.3(-1.56 %),33900,213570000,0,0,17573812,4.77
16/04/2013,0,0,6.3(0.00 %),0,0,0,0,17573812,4.77
17/04/2013,0,0,6.2(-1.59 %),0,0,0,0,17573812,4.77
18/04/2013,0,0,6.2(0.00 %),0,0,0,0,17573812,4.77
22/04/2013,0,0,6.2(0.00 %),0,0,0,0,17573812,4.77
23/04/2013,0,0,6.3(1.61 %),0,0,0,0,17573812,4.77
24/04/2013,0,0,6.4(1.59 %),0,0,0,0,17573812,4.77
25/04/2013,0,0,6.4(0.00 %),0,0,0,0,17573812,4.77
26/04/2013,0,0,6.3(-1.56 %),0,0,0,0,17573812,4.77
02/05/2013,16000,100800000,6.3(0.00 %),16000,100800000,0,0,17557812,4.81
03/05/2013,-72390,-448818000,6.3(0.00 %),0,0,72390,448818000,17630202,4.63
06/05/2013,0,0,6.6(4.76 %),0,0,0,0,17630202,4.63
07/05/2013,-16000,-104000000,6.5(-1.52 %),0,0,16000,104000000,17646202,4.59
08/05/2013,0,0,6.4(-1.54 %),0,0,0,0,17646202,4.59
09/05/2013,2000,13000000,6.4(0.00 %),2000,13000000,0,0,17644202,4.6
10/05/2013,0,0,6.4(0.00 %),0,0,0,0,17644202,4.6
13/05/2013,100,640000,6.4(0.00 %),100,640000,0,0,17644102,4.6
14/05/2013,11080,70832000,6.2(-3.12 %),11080,70832000,0,0,17633022,4.62
15/05/2013,0,0,6.3(1.61 %),0,0,0,0,17633022,4.62
16/05/2013,0,0,6.7(6.35 %),0,0,0,0,17633022,4.62
17/05/2013,-10280,-70932000,6.8(1.49 %),0,0,10280,70932000,17643302,4.6
20/05/2013,0,0,6.8(0.00 %),0,0,0,0,17643302,4.6
21/05/2013,-45000,-306000000,6.7(-1.47 %),0,0,45000,306000000,17688302,4.49
22/05/2013,101690,711830000,7(4.48 %),101690,711830000,0,0,17586612,4.74
23/05/2013,8100,56530000,7.3(4.29 %),14000,99400000,5900,42870000,17578512,4.76
24/05/2013,1210,9196000,7.6(4.11 %),1210,9196000,0,0,17577302,4.77
27/05/2013,-34690,-274351000,8(5.26 %),0,0,34690,274351000,17611992,4.68
28/05/2013,-20000,-162000000,8.4(5.00 %),0,0,20000,162000000,17631992,4.63
29/05/2013,0,0,8(-4.76 %),0,0,0,0,17631992,4.63
30/05/2013,0,0,8.3(3.75 %),0,0,0,0,17631992,4.63
31/05/2013,0,0,8(-3.61 %),0,0,0,0,17631992,4.63
03/06/2013,0,0,8(0.00 %),0,0,0,0,17631992,4.63
04/06/2013,-1120,-8736000,7.5(-6.25 %),0,0,1120,8736000,17633112,4.62
05/06/2013,1150,8625000,7.5(0.00 %),1150,8625000,0,0,17631962,4.63
06/06/2013,-50000,-387000000,7.8(4.00 %),0,0,50000,387000000,17681962,4.5
07/06/2013,0,0,7.7(-1.28 %),0,0,0,0,17681962,4.5
10/06/2013,-5000,-39000000,7.6(-1.30 %),0,0,5000,39000000,17686962,4.49
11/06/2013,0,0,7.6(0.00 %),0,0,0,0,17686962,4.49
12/06/2013,0,0,7.7(1.32 %),0,0,0,0,17686962,4.49
13/06/2013,0,0,7.7(0.00 %),0,0,0,0,17686962,4.49
14/06/2013,0,0,7.5(-2.60 %),0,0,0,0,17686962,4.49
17/06/2013,3000,21600000,7.1(-5.33 %),3000,21600000,0,0,17683962,4.5
18/06/2013,0,0,7.1(0.00 %),0,0,0,0,17683962,4.5
19/06/2013,32130,228123000,7.1(0.00 %),32130,228123000,0,0,17651832,4.58
20/06/2013,0,0,6.9(-2.82 %),0,0,0,0,17651832,4.58
21/06/2013,-30000,-210000000,6.9(0.00 %),0,0,30000,210000000,17681832,4.5
24/06/2013,-32130,-221697000,6.8(-1.45 %),0,0,32130,221697000,17713962,4.42
25/06/2013,0,0,6.6(-2.94 %),0,0,0,0,17713962,4.42
26/06/2013,0,0,6.7(1.52 %),0,0,0,0,17713962,4.42
27/06/2013,0,0,6.7(0.00 %),0,0,0,0,17713962,4.42
28/06/2013,0,0,6.7(0.00 %),0,0,0,0,17713962,4.42
01/07/2013,-100,-660000,6.6(-1.49 %),0,0,100,660000,17713962,4.42
02/07/2013,-10540,-71672000,6.8(3.03 %),0,0,10540,71672000,17724502,4.39
03/07/2013,0,0,6.6(-2.94 %),0,0,0,0,17724502,4.39
04/07/2013,0,0,6.5(-1.52 %),0,0,0,0,17724502,4.39
05/07/2013,0,0,6.7(3.08 %),0,0,0,0,17724502,4.39
08/07/2013,0,0,6.7(0.00 %),0,0,0,0,17724502,4.39
09/07/2013,0,0,6.8(1.49 %),0,0,0,0,17724502,4.39
10/07/2013,0,0,6.9(1.47 %),0,0,0,0,17724502,4.39
11/07/2013,0,0,7.2(4.35 %),0,0,0,0,17724502,4.39
12/07/2013,0,0,7.3(1.39 %),0,0,0,0,17724502,4.39
15/07/2013,500,3650000,7.1(-2.74 %),500,3650000,0,0,17724002,4.4
16/07/2013,0,0,7.4(4.23 %),0,0,0,0,17724002,4.4
17/07/2013,-10000,-73000000,7.3(-1.35 %),0,0,10000,73000000,17734002,4.37
18/07/2013,-2000,-14600000,7.2(-1.37 %),0,0,2000,14600000,17736002,4.37
19/07/2013,-8980,-64656000,7(-2.78 %),0,0,8980,64656000,17744982,4.34
22/07/2013,0,0,7(0.00 %),0,0,0,0,17744982,4.34
23/07/2013,0,0,6.8(-2.86 %),0,0,0,0,17744982,4.34
24/07/2013,0,0,6.6(-2.94 %),0,0,0,0,17744982,4.34
25/07/2013,0,0,6.7(1.52 %),0,0,0,0,17744982,4.34
26/07/2013,0,0,6.7(0.00 %),0,0,0,0,17744982,4.34
29/07/2013,0,0,6.4(-4.48 %),0,0,0,0,17744982,4.34
30/07/2013,0,0,6.5(1.56 %),0,0,0,0,17744982,4.34
31/07/2013,0,0,6.5(0.00 %),0,0,0,0,17744982,4.34
01/08/2013,0,0,6.5(0.00 %),0,0,0,0,17745082,4.34
02/08/2013,0,0,6.5(0.00 %),0,0,0,0,17745082,4.34
05/08/2013,0,0,6.6(1.54 %),0,0,0,0,17745082,4.34
06/08/2013,0,0,6.6(0.00 %),0,0,0,0,17745082,4.34
07/08/2013,0,0,6.4(-3.03 %),0,0,0,0,17745082,4.34
08/08/2013,0,0,6.5(1.56 %),0,0,0,0,17745082,4.34
09/08/2013,0,0,6.5(0.00 %),0,0,0,0,17745082,4.34
12/08/2013,0,0,6.5(0.00 %),0,0,0,0,17745082,4.34
13/08/2013,0,0,6.3(-3.08 %),0,0,0,0,17745082,4.34
14/08/2013,0,0,6.4(1.59 %),0,0,0,0,17745082,4.34
15/08/2013,-500,-3400000,6.7(4.69 %),0,0,500,3400000,17745582,4.34
16/08/2013,0,0,6.7(0.00 %),0,0,0,0,17745582,4.34
19/08/2013,0,0,6.9(2.99 %),0,0,0,0,17745582,4.34
20/08/2013,0,0,6.8(-1.45 %),0,0,0,0,17745582,4.34
21/08/2013,0,0,6.7(-1.47 %),0,0,0,0,17745582,4.34
22/08/2013,0,0,6.4(-4.48 %),0,0,0,0,17745582,4.34
23/08/2013,0,0,6.5(1.56 %),0,0,0,0,17745582,4.34
26/08/2013,0,0,6.6(1.54 %),0,0,0,0,17745582,4.34
27/08/2013,0,0,6.4(-3.03 %),0,0,0,0,17745582,4.34
28/08/2013,-20000,-126000000,6.4(0.00 %),0,0,20000,126000000,17765582,4.29
29/08/2013,-20000,-128000000,6.3(-1.56 %),0,0,20000,128000000,17785582,4.24
30/08/2013,0,0,6.4(1.59 %),0,0,0,0,17785582,4.24
03/09/2013,0,0,6.4(0.00 %),0,0,0,0,17745582,4.34
04/09/2013,0,0,6.3(-1.56 %),0,0,0,0,17745582,4.34
05/09/2013,0,0,6.2(-1.59 %),0,0,0,0,17745582,4.34
06/09/2013,0,0,6.4(3.23 %),0,0,0,0,17745582,4.34
09/09/2013,0,0,6.3(-1.56 %),0,0,0,0,17745582,4.34
10/09/2013,0,0,6.3(0.00 %),0,0,0,0,17745582,4.34
11/09/2013,0,0,6.3(0.00 %),0,0,0,0,17745582,4.34
12/09/2013,0,0,6.3(0.00 %),0,0,0,0,17745582,4.34
13/09/2013,0,0,6.2(-1.59 %),0,0,0,0,17745582,4.34
16/09/2013,0,0,6.2(0.00 %),0,0,0,0,17745582,4.34
17/09/2013,0,0,6.2(0.00 %),0,0,0,0,17745582,4.34
18/09/2013,0,0,6.1(-1.61 %),0,0,0,0,17745582,4.34
19/09/2013,0,0,6(-1.64 %),0,0,0,0,17745582,4.34
20/09/2013,0,0,5.9(-1.67 %),0,0,0,0,17745582,4.34
23/09/2013,0,0,6.2(5.08 %),0,0,0,0,17745582,4.34
24/09/2013,0,0,6(-3.23 %),0,0,0,0,17745582,4.34
25/09/2013,0,0,6.3(5.00 %),0,0,0,0,17745582,4.34
26/09/2013,0,0,6.3(0.00 %),0,0,0,0,17745582,4.34
27/09/2013,0,0,6.2(-1.59 %),0,0,0,0,17745582,4.34
30/09/2013,0,0,6.3(1.61 %),0,0,0,0,17745582,4.34
01/10/2013,0,0,6.7(6.35 %),0,0,0,0,17785582,4.24
02/10/2013,0,0,7(4.48 %),0,0,0,0,17785582,4.24
03/10/2013,-9000,-63000000,6.8(-2.86 %),0,0,9000,63000000,17794582,4.22
04/10/2013,0,0,6.8(0.00 %),0,0,0,0,17794582,4.22
07/10/2013,0,0,6.7(-1.47 %),0,0,0,0,17794582,4.22
08/10/2013,0,0,6.7(0.00 %),0,0,0,0,17794582,4.22
09/10/2013,0,0,6.7(0.00 %),0,0,0,0,17794582,4.22
10/10/2013,0,0,6.7(0.00 %),0,0,0,0,17794582,4.22
11/10/2013,0,0,6.5(-2.99 %),0,0,0,0,17794582,4.22
14/10/2013,0,0,6.4(-1.54 %),0,0,0,0,17794582,4.22
15/10/2013,0,0,6.5(1.56 %),0,0,0,0,17794582,4.22
16/10/2013,0,0,6.6(1.54 %),0,0,0,0,17794582,4.22
17/10/2013,0,0,6.6(0.00 %),0,0,0,0,17794582,4.22
18/10/2013,0,0,6.7(1.52 %),0,0,0,0,17794582,4.22
21/10/2013,0,0,6.8(1.49 %),0,0,0,0,17794582,4.22
22/10/2013,0,0,6.9(1.47 %),0,0,0,0,17794582,4.22
23/10/2013,0,0,6.9(0.00 %),0,0,0,0,17794582,4.22
24/10/2013,0,0,6.7(-2.90 %),0,0,0,0,17794582,4.22
25/10/2013,0,0,6.7(0.00 %),0,0,0,0,17794582,4.22
28/10/2013,0,0,6.6(-1.49 %),0,0,0,0,17794582,4.22
29/10/2013,0,0,6.7(1.52 %),0,0,0,0,17794582,4.22
30/10/2013,0,0,6.6(-1.49 %),0,0,0,0,17794582,4.22
31/10/2013,0,0,6.8(3.03 %),0,0,0,0,17794582,4.22
01/11/2013,0,0,6.8(0.00 %),0,0,0,0,17794582,4.22
04/11/2013,0,0,7.1(4.41 %),0,0,0,0,17794582,4.22
05/11/2013,0,0,7.3(2.82 %),0,0,0,0,17794582,4.22
06/11/2013,-20000,-149500000,7.5(2.74 %),0,0,20000,149500000,17814582,4.17
07/11/2013,-40000,-296000000,7.2(-4.00 %),0,0,40000,296000000,17854582,4.07
08/11/2013,-20000,-146000000,7.3(1.39 %),0,0,20000,146000000,17874582,4.02
11/11/2013,-20000,-148000000,7.5(2.74 %),0,0,20000,148000000,17894582,3.97
12/11/2013,-20000,-150000000,7.4(-1.33 %),0,0,20000,150000000,17914582,3.92
13/11/2013,100,730000,7.2(-2.70 %),100,730000,0,0,17914482,3.92
14/11/2013,0,0,7.2(0.00 %),0,0,0,0,17914482,3.92
15/11/2013,0,0,6.3(5.00 %),0,0,0,0,17914482,3.92
18/11/2013,0,0,6.4(1.59 %),0,0,0,0,17914482,3.92
19/11/2013,0,0,6.5(1.56 %),0,0,0,0,17914482,3.92
20/11/2013,0,0,6.5(0.00 %),0,0,0,0,17914482,3.92
21/11/2013,0,0,6.4(-1.54 %),0,0,0,0,17914482,3.92
22/11/2013,0,0,6.5(1.56 %),0,0,0,0,17914482,3.92
25/11/2013,0,0,6.3(-3.08 %),0,0,0,0,17914482,3.92
26/11/2013,0,0,6.3(0.00 %),0,0,0,0,17914482,3.92
27/11/2013,0,0,6.3(0.00 %),0,0,0,0,17914482,3.92
28/11/2013,0,0,6.3(0.00 %),0,0,0,0,17914482,3.92
29/11/2013,0,0,6.4(1.59 %),0,0,0,0,17914482,3.92
02/12/2013,0,0,6.3(-1.56 %),0,0,0,0,17914482,3.92
03/12/2013,0,0,6.4(1.59 %),0,0,0,0,17914482,3.92
04/12/2013,0,0,6.4(0.00 %),0,0,0,0,17914482,3.92
05/12/2013,0,0,6.6(3.12 %),0,0,0,0,17914482,3.92
06/12/2013,0,0,6.7(1.52 %),0,0,0,0,17914482,3.92
09/12/2013,0,0,6.5(-2.99 %),0,0,0,0,17914482,3.92
10/12/2013,0,0,6.4(-1.54 %),0,0,0,0,17914482,3.92
11/12/2013,15000,99000000,6.5(1.56 %),15000,99000000,0,0,17899482,3.95
12/12/2013,0,0,6.5(0.00 %),0,0,0,0,17899482,3.95
13/12/2013,0,0,6.5(0.00 %),0,0,0,0,17899482,3.95
16/12/2013,0,0,6.5(0.00 %),0,0,0,0,17899482,3.95
17/12/2013,4500,29250000,6.7(3.08 %),4500,29250000,0,0,17894982,3.97
18/12/2013,0,0,6.6(-1.49 %),0,0,0,0,17894982,3.97
19/12/2013,0,0,7(6.06 %),0,0,0,0,17894982,3.97
20/12/2013,0,0,7.3(4.29 %),0,0,0,0,17894982,3.97
23/12/2013,-15000,-111000000,7.3(0.00 %),0,0,15000,111000000,17909982,3.93
24/12/2013,0,0,7.1(-2.74 %),0,0,0,0,17909982,3.93
25/12/2013,0,0,7(-1.41 %),0,0,0,0,17909982,3.93
26/12/2013,0,0,6.9(-1.43 %),0,0,0,0,17909982,3.93
27/12/2013,0,0,6.6(-4.35 %),0,0,0,0,17909982,3.93
30/12/2013,0,0,6.5(-1.52 %),0,0,0,0,17909982,3.93
31/12/2013,0,0,6.8(4.62 %),0,0,0,0,17909982,3.93
02/01/2014,0,0,6.7(-1.47 %),0,0,0,0,17909982,3.93
03/01/2014,0,0,6.7(0.00 %),0,0,0,0,17909982,3.93
06/01/2014,0,0,6.8(1.49 %),0,0,0,0,17909982,3.93
07/01/2014,0,0,6.7(-1.47 %),0,0,0,0,17909982,3.93
08/01/2014,0,0,6.7(0.00 %),0,0,0,0,17909982,3.93
09/01/2014,0,0,6.8(1.49 %),0,0,0,0,17909982,3.93
10/01/2014,0,0,6.8(0.00 %),0,0,0,0,17909982,3.93
13/01/2014,0,0,6.8(0.00 %),0,0,0,0,17909982,3.93
14/01/2014,0,0,6.8(0.00 %),0,0,0,0,17909982,3.93
15/01/2014,0,0,6.8(0.00 %),0,0,0,0,17909982,3.93
16/01/2014,0,0,6.8(0.00 %),0,0,0,0,17909982,3.93
17/01/2014,0,0,6.6(-2.94 %),0,0,0,0,17909982,3.93
20/01/2014,0,0,6.4(-3.03 %),0,0,0,0,17909982,3.93
21/01/2014,-7360,-49312000,6.7(4.69 %),0,0,7360,49312000,17917342,13.71
22/01/2014,0,0,6.7(0.00 %),0,0,0,0,17917342,13.71
23/01/2014,0,0,6.7(0.00 %),0,0,0,0,17917342,13.71
24/01/2014,0,0,6.7(0.00 %),0,0,0,0,17917342,13.71
27/01/2014,0,0,6.6(-1.49 %),0,0,0,0,17917342,11.42
06/02/2014,-270,-1755000,6.9(4.55 %),0,0,270,1755000,21500240,3.91
07/02/2014,0,0,7.2(4.35 %),0,0,0,0,21500240,3.91
10/02/2014,0,0,7.3(1.39 %),0,0,0,0,21500240,3.91
11/02/2014,0,0,7.1(-2.74 %),0,0,0,0,21500240,3.91
12/02/2014,0,0,7.4(4.23 %),0,0,0,0,21500240,3.91
13/02/2014,0,0,7.6(2.70 %),0,0,0,0,21500240,3.91
14/02/2014,0,0,7.5(-1.32 %),0,0,0,0,21500240,3.91
17/02/2014,0,0,7.6(1.33 %),0,0,0,0,21500240,3.91
18/02/2014,-1470,-11907000,8.1(6.58 %),0,0,1470,11907000,21501710,3.91
19/02/2014,0,0,8.5(4.94 %),0,0,0,0,21501710,3.91
20/02/2014,0,0,8(-5.88 %),0,0,0,0,21501710,3.91
21/02/2014,19000,148200000,7.8(-2.50 %),19000,148200000,0,0,21482710,3.95
24/02/2014,0,0,8.2(5.13 %),0,0,0,0,21482710,3.95
25/02/2014,0,0,8.3(1.22 %),0,0,0,0,21482710,3.95
26/02/2014,0,0,8.3(0.00 %),0,0,0,0,21482710,3.95
27/02/2014,0,0,8.3(0.00 %),0,0,0,0,21482710,3.95
28/02/2014,0,0,8.3(0.00 %),0,0,0,0,21482710,3.95
03/03/2014,0,0,7.9(-4.82 %),0,0,0,0,21482986,3.95
04/03/2014,0,0,8.1(2.53 %),0,0,0,0,21482986,3.95
05/03/2014,0,0,8.6(6.17 %),0,0,0,0,21482986,3.95
06/03/2014,-100000,-920000000,9.2(6.98 %),0,0,100000,920000000,21582986,3.74
07/03/2014,10,97000,9.5(3.26 %),10,97000,0,0,21582976,3.74
10/03/2014,1000,9400000,9.7(2.11 %),1000,9400000,0,0,21581976,3.74
11/03/2014,0,0,9.8(1.03 %),0,0,0,0,21581976,3.74
12/03/2014,0,0,9.6(-2.04 %),0,0,0,0,21581976,3.74
13/03/2014,-369000,-3699900000,10.2(6.25 %),0,0,369000,3699900000,21950976,2.97
14/03/2014,0,0,10.8(5.88 %),0,0,0,0,21950976,2.97
17/03/2014,-10,-109000,11.1(2.78 %),0,0,10,109000,21950986,2.97
18/03/2014,0,0,10.9(-1.80 %),0,0,0,0,21950986,2.97
19/03/2014,10000,109000000,11.2(2.75 %),10000,109000000,0,0,21940986,2.99
20/03/2014,0,0,10.9(-2.68 %),0,0,0,0,21940986,2.99
21/03/2014,0,0,11.6(6.42 %),0,0,0,0,21940986,2.99
24/03/2014,-9000,-106300000,11.8(1.72 %),1000,11700000,10000,118000000,21949986,2.97
25/03/2014,2800,34160000,11.8(0.00 %),2800,34160000,0,0,21947186,2.97
26/03/2014,16000,190400000,11.1(-5.93 %),16000,190400000,0,0,21931186,3.01
27/03/2014,0,0,11.8(6.31 %),0,0,0,0,21931186,3.01
28/03/2014,7600,92960000,12.1(2.54 %),7600,92960000,0,0,21923586,3.02
31/03/2014,0,0,11.6(-4.13 %),0,0,0,0,21923586,3.02
01/04/2014,0,0,11.3(-2.59 %),0,0,0,0,21923586,3.02
02/04/2014,1000,11300000,11.1(-1.77 %),1000,11300000,0,0,21922586,3.02
03/04/2014,0,0,11.8(6.31 %),0,0,0,0,21922586,3.02
04/04/2014,0,0,11.6(-1.69 %),0,0,0,0,21922586,3.02
07/04/2014,0,0,11.7(0.86 %),0,0,0,0,21922586,3.02
08/04/2014,0,0,11.6(-0.85 %),0,0,0,0,21922586,3.02
10/04/2014,0,0,11.5(-0.86 %),0,0,0,0,21922586,3.02
11/04/2014,0,0,12.1(5.22 %),0,0,0,0,21922586,3.02
14/04/2014,5000,63000000,12.6(4.13 %),5000,63000000,0,0,21917586,3.04
15/04/2014,0,0,12.3(-2.38 %),0,0,0,0,21917586,3.04
16/04/2014,0,0,11.5(-6.50 %),0,0,0,0,21917586,3.04
17/04/2014,-5000,-59136000,11.9(3.48 %),0,0,5000,59136000,21922586,3.02
18/04/2014,500,5850000,11.1(-6.72 %),500,5850000,0,0,21922086,3.03
21/04/2014,0,0,10.4(-6.31 %),0,0,0,0,21922086,3.03
22/04/2014,0,0,10.8(3.85 %),0,0,0,0,21922086,3.03
23/04/2014,4500,47800000,10.4(-3.70 %),5000,53000000,500,5200000,21917586,3.04
24/04/2014,2000,20400000,10.2(-1.92 %),2000,20400000,0,0,21915586,3.04
25/04/2014,0,0,10.4(1.96 %),0,0,0,0,21915586,3.04
28/04/2014,0,0,10.7(2.88 %),0,0,0,0,21915586,3.04
29/04/2014,0,0,10.8(0.93 %),0,0,0,0,21915586,3.04
05/05/2014,0,0,10.1(-6.48 %),0,0,0,0,21915586,3.04
06/05/2014,0,0,9.4(-6.93 %),0,0,0,0,21915586,3.04
07/05/2014,200,1880000,9.3(-1.06 %),200,1880000,0,0,21915386,3.04
08/05/2014,0,0,8.7(-6.45 %),0,0,0,0,21915386,3.04
09/05/2014,0,0,8.5(-2.30 %),0,0,0,0,21915386,3.04
12/05/2014,0,0,8(-5.88 %),0,0,0,0,21915386,3.04
13/05/2014,0,0,7.5(-6.25 %),0,0,0,0,21915386,3.04
14/05/2014,-200,-1500000,7.7(2.67 %),0,0,200,1500000,21915586,3.04
15/05/2014,10470,77819000,7.2(-6.49 %),10470,77819000,0,0,21905116,3.06
16/05/2014,20000,149000000,7.7(6.94 %),20000,149000000,0,0,21885116,3.1
19/05/2014,0,0,8.2(6.49 %),0,0,0,0,21885116,3.1
20/05/2014,-10460,-89956000,8.7(6.10 %),0,0,10460,89956000,21895576,3.08
21/05/2014,-2000,-18600000,9.3(6.90 %),0,0,2000,18600000,21897576,3.08
22/05/2014,-18000,-173300000,9.3(0.00 %),0,0,18000,173300000,21915576,3.04
23/05/2014,20000,186000000,9.3(0.00 %),20000,186000000,0,0,21895576,3.08
26/05/2014,210000,2042830000,9.8(5.38 %),210000,2042830000,0,0,21685576,3.52
27/05/2014,800,7760000,10.2(4.08 %),800,7760000,0,0,21684776,3.52
28/05/2014,-20000,-199000000,10(-1.96 %),0,0,20000,199000000,21704776,3.48
29/05/2014,0,4000000,9.4(-6.00 %),20000,200000000,20000,196000000,21704776,3.48
30/05/2014,0,0,9.2(-2.13 %),0,0,0,0,21704776,3.48
02/06/2014,0,0,9.3(1.09 %),0,0,0,0,21664776,3.57
03/06/2014,0,0,9.3(0.00 %),0,0,0,0,21664776,3.57
04/06/2014,-20000,-184595000,8.9(-4.30 %),0,0,20000,184595000,21684776,3.52
05/06/2014,15000,136500000,9(1.12 %),15000,136500000,0,0,21669776,3.55
06/06/2014,3000,28500000,9.5(5.56 %),3000,28500000,0,0,21666776,3.56
09/06/2014,7000,65800000,9.6(1.05 %),7000,65800000,0,0,21659776,3.58
10/06/2014,-15000,-141728000,9.3(-3.12 %),0,0,15000,141728000,21674776,3.54
11/06/2014,19210,185416000,9.7(4.30 %),19210,185416000,0,0,21655566,3.58
12/06/2014,5000,49000000,10(3.09 %),10000,99000000,5000,50000000,21650566,3.6
13/06/2014,0,0,10.1(1.00 %),0,0,0,0,21650566,3.6
16/06/2014,-9210,-91100000,10.2(0.99 %),10000,102000000,19210,193100000,21659776,3.58
17/06/2014,0,0,10.7(4.90 %),0,0,0,0,21659776,3.58
18/06/2014,-10000,-106600000,10.4(-2.80 %),0,0,10000,106600000,21669776,3.55
19/06/2014,-10000,-101720000,10.1(-2.88 %),0,0,10000,101720000,21679776,3.53
20/06/2014,0,0,9.9(-1.98 %),0,0,0,0,21679776,3.53
23/06/2014,0,0,9.9(0.00 %),0,0,0,0,21679776,3.53
24/06/2014,0,0,10(1.01 %),0,0,0,0,21679776,3.53
25/06/2014,0,0,10.2(2.00 %),0,0,0,0,21679776,3.53
26/06/2014,0,0,10(-1.96 %),0,0,0,0,21679776,3.53
27/06/2014,0,0,10.3(3.00 %),0,0,0,0,21679776,3.53
30/06/2014,0,0,10.3(0.00 %),0,0,0,0,21679776,3.53
01/07/2014,12200,125380000,10.4(0.97 %),15000,154500000,2800,29120000,21704776,3.48
02/07/2014,58000,609000000,10.5(0.96 %),58000,609000000,0,0,21646776,3.6
03/07/2014,0,0,10.6(0.95 %),0,0,0,0,21646776,3.6
04/07/2014,-15000,-160500000,10.8(1.89 %),0,0,15000,160500000,21661776,3.57
07/07/2014,-20000,-218000000,10.7(-0.93 %),0,0,20000,218000000,21681776,3.53
08/07/2014,52000,558630000,10.8(0.93 %),52000,558630000,0,0,21629776,3.64
09/07/2014,4500,48600000,10.7(-0.93 %),4500,48600000,0,0,21625276,3.65
10/07/2014,0,0,10.4(-2.80 %),0,0,0,0,21608076,3.68
11/07/2014,0,0,10.3(-0.96 %),0,0,0,0,21628076,0.0
14/07/2014,0,0,10.3(0.00 %),0,0,0,0,21628076,3.64
15/07/2014,-2000,-21000000,10.5(1.94 %),0,0,2000,21000000,21630076,3.64
16/07/2014,0,0,10.6(0.95 %),0,0,0,0,21628076,0.0
17/07/2014,0,0,11.3(6.60 %),0,0,0,0,21628076,3.64
18/07/2014,0,0,11.2(-0.88 %),0,0,0,0,21628076,3.64
21/07/2014,0,0,11.1(-0.89 %),0,0,0,0,21630076,3.64
22/07/2014,0,0,11.1(0.00 %),0,0,0,0,21630076,0.0
23/07/2014,0,0,11.6(4.50 %),0,0,0,0,21630076,3.64
24/07/2014,0,0,11.6(0.00 %),0,0,0,0,21630076,0.0
25/07/2014,2000,23000000,11(-5.17 %),2000,23000000,0,0,21628076,0.0
28/07/2014,-200,-2180000,10.6(-3.64 %),0,0,200,2180000,21628076,0.0
29/07/2014,0,0,10.5(-0.94 %),0,0,0,0,21628076,0.0
30/07/2014,0,0,10.7(1.90 %),0,0,0,0,21628076,0.0
31/07/2014,0,0,10.9(1.87 %),0,0,0,0,21628076,0.0
01/08/2014,0,0,10.9(0.00 %),0,0,0,0,21628276,0.0
04/08/2014,1000,10900000,11(0.92 %),1000,10900000,0,0,21627276,0.0
05/08/2014,0,0,11.3(2.73 %),0,0,0,0,21627276,0.0
06/08/2014,0,0,11.1(-1.77 %),0,0,0,0,21627276,3.64
07/08/2014,0,0,11.4(2.70 %),0,0,0,0,21627276,3.64
08/08/2014,0,0,11.6(1.75 %),0,0,0,0,21627276,0.0
11/08/2014,-10000,-114000000,11.4(-1.72 %),0,0,10000,114000000,21627276,0.0
12/08/2014,0,0,11.4(0.00 %),0,0,0,0,21627276,0.0
13/08/2014,0,0,11.5(0.88 %),0,0,0,0,21627276,0.0
14/08/2014,0,0,11.5(0.00 %),0,0,0,0,21627276,3.64
15/08/2014,0,0,11.8(2.61 %),0,0,0,0,21637276,3.62
18/08/2014,1620,18630000,11.5(-2.54 %),1620,18630000,0,0,21635656,0.0
19/08/2014,0,0,11.4(-0.87 %),0,0,0,0,21635656,0.0
20/08/2014,0,0,11.5(0.88 %),0,0,0,0,21635656,0.0
21/08/2014,-500,-5800000,11.5(0.00 %),0,0,500,5800000,21635656,0.0
22/08/2014,0,0,11.5(0.00 %),0,0,0,0,21635656,3.63
25/08/2014,0,0,11.5(0.00 %),0,0,0,0,21635656,3.63
26/08/2014,0,0,11.3(-1.74 %),0,0,0,0,21635656,3.63
27/08/2014,0,0,11.3(0.00 %),0,0,0,0,21636156,3.63
28/08/2014,30000,349500000,11.9(5.31 %),30000,349500000,0,0,21636156,3.63
29/08/2014,0,0,12.1(1.68 %),0,0,0,0,21606156,0.0
03/09/2014,0,0,12.5(3.31 %),0,0,0,0,21606156,3.69
04/09/2014,-37700,-475620000,13(4.00 %),0,0,37700,475620000,21606156,0.0
05/09/2014,0,0,13.3(2.31 %),0,0,0,0,21606156,0.0
08/09/2014,1000,13300000,13(-2.26 %),1000,13300000,0,0,21606156,3.69
09/09/2014,0,0,12.8(-1.54 %),0,0,0,0,21605156,3.69
10/09/2014,0,0,13.5(5.47 %),0,0,0,0,21642856,0.0
11/09/2014,0,0,13.3(-1.48 %),0,0,0,0,21642856,0.0
12/09/2014,2000,26600000,13.7(3.01 %),2000,26600000,0,0,21640856,0.0
15/09/2014,17100,234690000,13.8(0.73 %),17100,234690000,0,0,21640856,3.62
16/09/2014,12890,175793000,13.9(0.72 %),12890,175793000,0,0,21610866,0.0
17/09/2014,10,138000,14(0.72 %),10,138000,0,0,21610856,0.0
18/09/2014,-16820,-191748000,11.4(-18.57 %),0,0,16820,191748000,21610856,0.0
19/09/2014,-190000,-2204000000,11.5(0.88 %),0,0,190000,2204000000,21610856,0.0
22/09/2014,0,0,11.2(-2.61 %),0,0,0,0,21610856,0.0
23/09/2014,-12900,-149640000,11.5(2.68 %),0,0,12900,149640000,21610856,0.0
24/09/2014,0,0,11.5(0.00 %),0,0,0,0,21610856,3.68
25/09/2014,-90000,-1026000000,11.5(0.00 %),0,0,90000,1026000000,21700856,3.49
26/09/2014,0,0,11.6(0.87 %),0,0,0,0,21700856,3.49
29/09/2014,0,0,11.5(-0.86 %),0,0,0,0,21830576,0.0
30/09/2014,0,0,11.8(2.61 %),0,0,0,0,21830576,0.0
01/10/2014,0,0,12.1(2.54 %),0,0,0,0,21920576,0.0
02/10/2014,0,0,12.4(2.48 %),0,0,0,0,21920576,0.0
03/10/2014,0,0,12.4(0.00 %),0,0,0,0,21920576,0.0
06/10/2014,100,1290000,12.8(3.23 %),100,1290000,0,0,21920476,0.0
07/10/2014,0,0,12.8(0.00 %),0,0,0,0,21920476,0.0
08/10/2014,10,125000,12.6(-1.56 %),10,125000,0,0,21920466,0.0
09/10/2014,0,0,12.4(-1.59 %),0,0,0,0,21920466,0.0
10/10/2014,0,0,11.9(-4.03 %),0,0,0,0,21920466,0.0
13/10/2014,0,0,11.9(0.00 %),0,0,0,0,21920466,3.03
14/10/2014,-6400,-77440000,11.8(-0.84 %),0,0,6400,77440000,21926866,3.02
15/10/2014,600,7000000,11.8(0.00 %),600,7000000,0,0,21926266,3.02
16/10/2014,300,3480000,11(-6.78 %),300,3480000,0,0,21925966,3.02
17/10/2014,0,0,11.3(2.73 %),0,0,0,0,21925966,3.02
20/10/2014,0,0,11.3(0.00 %),0,0,0,0,21925966,3.02
21/10/2014,4000,46400000,11.6(2.65 %),4000,46400000,0,0,21921966,3.03
22/10/2014,0,0,11.6(0.00 %),0,0,0,0,21921966,3.03
23/10/2014,0,0,11.2(-3.45 %),0,0,0,0,21921966,3.03
24/10/2014,300,3280000,10.9(-2.68 %),300,3280000,0,0,21921666,3.03
27/10/2014,0,0,10.2(-6.42 %),0,0,0,0,21921666,3.03
29/10/2014,0,0,10.6(1.92 %),0,0,0,0,21921666,12.83
30/10/2014,0,0,10.8(1.89 %),0,0,0,0,21921666,12.83
31/10/2014,0,0,11.1(2.78 %),0,0,0,0,21921666,12.83
03/11/2014,0,0,11(-0.90 %),0,0,0,0,26253843,3.74
04/11/2014,-1000,-10900000,10.8(-1.82 %),0,0,1000,10900000,26254843,3.74
05/11/2014,0,0,10.6(-1.85 %),0,0,0,0,26254843,3.74
06/11/2014,0,0,10.8(1.89 %),0,0,0,0,26254843,3.74
07/11/2014,-10580,-113748000,10.9(0.93 %),0,0,10580,113748000,26265423,3.1
10/11/2014,-10,-110000,10.8(-0.92 %),0,0,10,110000,26265433,3.1
11/11/2014,0,0,10.8(0.00 %),0,0,0,0,26265433,3.1
12/11/2014,0,0,11.3(4.63 %),0,0,0,0,26265433,3.1
13/11/2014,2000,23200000,11.4(0.88 %),2000,23200000,0,0,26263433,3.1
14/11/2014,0,0,11.1(-2.63 %),0,0,0,0,26263433,3.1
17/11/2014,0,0,11.1(0.00 %),0,0,0,0,26263433,3.1
18/11/2014,0,0,10.8(-2.70 %),0,0,0,0,26263433,3.1
19/11/2014,-2000,-21600000,10.7(-0.93 %),0,0,2000,21600000,26265433,3.1
20/11/2014,-38000,-410400000,11.2(4.67 %),0,0,38000,410400000,26263433,0.0
21/11/2014,0,0,10.7(-4.46 %),0,0,0,0,26263433,0.0
24/11/2014,0,0,10.6(-0.93 %),0,0,0,0,26263433,0.0
25/11/2014,0,0,10.7(0.94 %),0,0,0,0,26265433,0.0
26/11/2014,500,5400000,10.6(-0.93 %),500,5400000,0,0,26302933,0.0
27/11/2014,0,0,10.7(0.94 %),0,0,0,0,26302933,0.0
28/11/2014,1650,17680000,10.8(0.93 %),1650,17680000,0,0,26301283,0.0
01/12/2014,0,0,10.7(-0.93 %),0,0,0,0,26301283,0.0
02/12/2014,8700,92220000,10.6(-0.93 %),8700,92220000,0,0,26292583,0.0
03/12/2014,-1950,-20670000,10.7(0.94 %),0,0,1950,20670000,26292583,0.0
04/12/2014,0,0,10.6(-0.93 %),0,0,0,0,26292583,0.0
05/12/2014,5000,52500000,10.5(-0.94 %),5000,52500000,0,0,26287583,0.0
08/12/2014,-200,-2100000,10.3(-1.90 %),0,0,200,2100000,50479815,0.0
09/12/2014,0,0,9.7(-5.83 %),0,0,0,0,50481765,0.0
10/12/2014,500,4850000,10.2(5.15 %),500,4850000,0,0,50481265,0.0
11/12/2014,0,0,10(-1.96 %),0,0,0,0,50481265,0.0
12/12/2014,0,0,10(0.00 %),0,0,0,0,50481265,3.65
15/12/2014,-2000,-20000000,9.9(-1.00 %),0,0,2000,20000000,50481465,0.0
16/12/2014,12000,113790000,9.3(-6.06 %),12000,113790000,0,0,50469465,0.0
17/12/2014,5000,43500000,8.7(-6.45 %),5000,43500000,0,0,50464465,0.0
18/12/2014,0,0,8.9(2.30 %),0,0,0,0,50464465,0.0
19/12/2014,-20760,-183940000,8.3(-6.74 %),3240,27260000,24000,211200000,50463225,0.0
22/12/2014,-8000,-69300000,8.6(3.61 %),0,0,8000,69300000,50471225,1.96
23/12/2014,-3000,-26400000,8.6(0.00 %),0,0,3000,26400000,50463225,0.0
24/12/2014,0,0,8.6(0.00 %),0,0,0,0,50463225,0.0
25/12/2014,-9150,-77890000,8.5(-1.16 %),0,0,9150,77890000,50487225,0.0
26/12/2014,0,0,8.1(-4.71 %),0,0,0,0,50487225,1.94
29/12/2014,-10000,-78000000,7.6(-6.17 %),0,0,10000,78000000,50497225,1.93
30/12/2014,0,0,8.1(6.58 %),0,0,0,0,50497225,1.93
31/12/2014,0,0,8.6(6.17 %),0,0,0,0,50497225,1.93
05/01/2015,0,0,8.9(3.49 %),0,0,0,0,50507375,1.92
06/01/2015,0,0,9(1.12 %),0,0,0,0,50507375,1.92
07/01/2015,0,0,9(0.00 %),0,0,0,0,50507375,1.92
08/01/2015,0,0,8.9(-1.11 %),0,0,0,0,50507375,1.92
09/01/2015,0,0,9(1.12 %),0,0,0,0,50507375,1.92
12/01/2015,0,0,8.6(-4.44 %),0,0,0,0,50507375,1.92
13/01/2015,-10000,-87000000,8.7(1.16 %),0,0,10000,87000000,50517375,1.91
14/01/2015,-15000,-130500000,8.8(1.15 %),0,0,15000,130500000,50532375,1.9
15/01/2015,7600,68640000,9(2.27 %),10000,90000000,2400,21360000,50524775,1.91
16/01/2015,0,0,8.9(-1.11 %),0,0,0,0,50524775,1.91
19/01/2015,0,0,8.7(-2.25 %),0,0,0,0,50524775,1.91
20/01/2015,-10000,-87000000,8.8(1.15 %),0,0,10000,87000000,50534775,1.9
21/01/2015,-2000,-17400000,8.7(-1.14 %),0,0,2000,17400000,50536775,1.9
22/01/2015,-4500,-39150000,8.8(1.15 %),0,0,4500,39150000,50541275,1.89
23/01/2015,20000,182000000,9.2(4.55 %),20000,182000000,0,0,50521275,1.91
26/01/2015,0,0,9.6(4.35 %),0,0,0,0,50521275,1.91
27/01/2015,0,0,9.1(-5.21 %),0,0,0,0,50521275,1.91
28/01/2015,-17000,-157800000,9.5(4.40 %),0,0,17000,157800000,50538275,1.89
29/01/2015,-3000,-28500000,9.5(0.00 %),0,0,3000,28500000,50541275,1.89
30/01/2015,0,0,9.2(-3.16 %),0,0,0,0,50541275,1.89
02/02/2015,0,0,8.9(-3.26 %),0,0,0,0,50531275,1.9
03/02/2015,0,0,8.9(0.00 %),0,0,0,0,50531275,1.9
04/02/2015,5000,44500000,9(1.12 %),5000,44500000,0,0,50526275,1.91
05/02/2015,0,0,9(0.00 %),0,0,0,0,50526275,1.91
06/02/2015,0,0,9.1(1.11 %),0,0,0,0,50526275,1.91
09/02/2015,0,0,9(-1.10 %),0,0,0,0,50526275,1.91
10/02/2015,0,0,8.9(-1.11 %),0,0,0,0,50526275,1.91
11/02/2015,10000,90000000,9.3(4.49 %),10000,90000000,0,0,50516275,1.92
12/02/2015,0,0,9.2(-1.08 %),0,0,0,0,50516275,1.92
13/02/2015,39350,368020000,9.4(2.17 %),39350,368020000,0,0,50476925,1.95
24/02/2015,0,0,9.8(4.26 %),0,0,0,0,50476925,1.95
25/02/2015,0,0,9.5(-3.06 %),0,0,0,0,50476925,1.95
26/02/2015,101320,972672000,9.6(1.05 %),101320,972672000,0,0,50375605,2.05
27/02/2015,4800,46560000,9.6(0.00 %),4800,46560000,0,0,50370805,2.05
02/03/2015,5000,48000000,9.5(-1.04 %),5000,48000000,0,0,50385805,2.04
03/03/2015,3000,28800000,9.8(3.16 %),3000,28800000,0,0,50382805,2.04
04/03/2015,10000,99000000,9.8(0.00 %),10000,99000000,0,0,50372805,2.05
05/03/2015,0,0,10.1(3.06 %),0,0,0,0,50372805,2.05
06/03/2015,20000,202000000,10.1(0.00 %),20000,202000000,0,0,50352805,2.07
09/03/2015,-10000,-101500000,10(-0.99 %),0,0,10000,101500000,50362805,2.06
10/03/2015,3000,29700000,9.9(-1.00 %),3000,29700000,0,0,50359805,2.06
11/03/2015,-20000,-198000000,9.9(0.00 %),0,0,20000,198000000,50379805,2.04
12/03/2015,0,0,9.9(0.00 %),0,0,0,0,50379805,2.04
13/03/2015,0,0,10(1.01 %),0,0,0,0,50379805,2.04
16/03/2015,0,0,9.7(-3.00 %),0,0,0,0,50379805,2.04
17/03/2015,0,0,9.7(0.00 %),0,0,0,0,50379805,2.04
18/03/2015,0,0,9.7(0.00 %),0,0,0,0,50379805,2.04
19/03/2015,-11120,-106664000,9.5(-2.06 %),0,0,11120,106664000,50390925,2.03
20/03/2015,-17000,-162500000,9.7(2.11 %),0,0,17000,162500000,50407925,2.02
23/03/2015,-2000,-19500000,9.5(-2.06 %),0,0,2000,19500000,50409925,2.01
24/03/2015,-20150,-189410000,9.4(-1.05 %),0,0,20150,189410000,50430075,2.0
25/03/2015,-20150,-189410000,9.4(0.00 %),0,0,20150,189410000,50450225,1.98
26/03/2015,-2000,-18800000,9.3(-1.06 %),0,0,2000,18800000,50452225,1.97
27/03/2015,-50000,-464900000,9(-3.23 %),0,0,50000,464900000,50502225,1.93
30/03/2015,-2000,-17900000,8.6(-4.44 %),0,0,2000,17900000,50504225,1.93
31/03/2015,0,0,8.5(-1.16 %),0,0,0,0,50504225,1.93
01/04/2015,0,0,8.1(-4.71 %),0,0,0,0,50434075,1.99
02/04/2015,0,0,8.5(4.94 %),0,0,0,0,50434075,1.99
03/04/2015,0,0,8.6(1.18 %),0,0,0,0,50434075,1.99
06/04/2015,-1000,-8400000,8.3(-3.49 %),1000,8500000,2000,16900000,50435075,1.99
07/04/2015,0,0,8.6(3.61 %),0,0,0,0,50435075,1.99
08/04/2015,-500,-4300000,8.5(-1.16 %),0,0,500,4300000,50435575,1.99
09/04/2015,0,0,8.7(2.35 %),0,0,0,0,50435575,1.99
10/04/2015,-960,-8448000,8.7(0.00 %),0,0,960,8448000,50436535,1.99
13/04/2015,-1000,-8700000,8.6(-1.15 %),0,0,1000,8700000,50437535,1.99
14/04/2015,4000,34500000,8.4(-2.33 %),5000,43000000,1000,8500000,50433535,1.99
15/04/2015,0,0,8.4(0.00 %),0,0,0,0,50433535,1.99
16/04/2015,0,0,8.5(1.19 %),0,0,0,0,50433535,1.99
17/04/2015,-10,-84000,8.5(0.00 %),0,0,10,84000,50433545,1.99
20/04/2015,0,0,8.4(-1.18 %),0,0,0,0,50433545,1.99
21/04/2015,-11520,-96768000,8.3(-1.19 %),0,0,11520,96768000,50445065,1.98
22/04/2015,-5360,-43952000,8.2(-1.20 %),0,0,5360,43952000,50450425,1.98
23/04/2015,0,0,8.2(0.00 %),0,0,0,0,50450425,1.98
24/04/2015,-3180,-26158000,8.2(0.00 %),820,6642000,4000,32800000,50453605,1.97
27/04/2015,1280,10468000,8.2(0.00 %),1280,10468000,0,0,50452325,1.97
04/05/2015,3200,24640000,7.7(-6.10 %),3200,24640000,0,0,50497125,1.93
05/05/2015,0,0,7.6(-1.30 %),0,0,0,0,50497125,1.93
06/05/2015,0,0,7.2(-5.26 %),0,0,0,0,50497125,1.8
07/05/2015,0,0,7.2(0.00 %),0,0,0,0,50497125,1.8
08/05/2015,0,0,7.7(6.94 %),0,0,0,0,50497125,1.8
11/05/2015,0,0,7.6(-1.30 %),0,0,0,0,50497125,1.8
12/05/2015,0,0,7.5(-1.32 %),0,0,0,0,50497125,1.8
13/05/2015,0,0,7.3(-2.67 %),0,0,0,0,50497125,1.8
14/05/2015,0,0,7.2(-1.37 %),0,0,0,0,50497125,1.8
15/05/2015,0,0,6.9(-4.17 %),0,0,0,0,50497125,1.8
18/05/2015,4000,26000000,6.6(-4.35 %),4000,26000000,0,0,50493125,1.8
19/05/2015,-4000,-27200000,6.8(3.03 %),0,0,4000,27200000,50497125,1.8
20/05/2015,-4000,-28800000,7.2(5.88 %),0,0,4000,28800000,50501125,1.8
21/05/2015,3900,28860000,7.3(1.39 %),3900,28860000,0,0,50497225,1.8
22/05/2015,0,0,7.4(1.37 %),0,0,0,0,50497225,1.8
25/05/2015,0,0,7.6(2.70 %),0,0,0,0,50497225,1.8
26/05/2015,-4000,-32000000,7.9(3.95 %),0,0,4000,32000000,50501225,1.8
27/05/2015,0,0,7.9(0.00 %),0,0,0,0,50501225,1.8
28/05/2015,0,0,8.4(6.33 %),0,0,0,0,50501225,1.8
29/05/2015,0,0,8.3(-1.19 %),0,0,0,0,50501225,1.8
01/06/2015,3000,25200000,8.5(2.41 %),3000,25200000,0,0,50502231,1.8
02/06/2015,3000,25200000,8.5(0.00 %),3000,25200000,0,0,50499231,1.8
03/06/2015,0,0,8.5(0.00 %),0,0,0,0,50499231,1.8
04/06/2015,0,0,8.5(0.00 %),0,0,0,0,50499231,1.8
05/06/2015,0,0,8.7(2.35 %),0,0,0,0,50499231,1.8
08/06/2015,0,0,8.8(1.15 %),0,0,0,0,50499231,1.8
09/06/2015,0,0,8.6(-2.27 %),0,0,0,0,50499231,1.8
10/06/2015,0,0,8.6(0.00 %),0,0,0,0,50499231,1.8
11/06/2015,0,0,8.7(1.16 %),0,0,0,0,50499231,1.8
12/06/2015,0,0,8.6(-1.15 %),0,0,0,0,50499231,1.8
15/06/2015,0,0,8.6(0.00 %),0,0,0,0,50499231,1.8
16/06/2015,0,0,8.5(-1.16 %),0,0,0,0,50499231,1.8
17/06/2015,0,0,8.4(-1.18 %),0,0,0,0,50499231,1.8
18/06/2015,3000,25500000,8.5(1.19 %),3000,25500000,0,0,50496231,1.8
19/06/2015,0,0,8.6(1.18 %),0,0,0,0,50496231,1.8
22/06/2015,-2000,-17200000,8.7(1.16 %),0,0,2000,17200000,50498231,1.8
23/06/2015,0,0,8.7(0.00 %),0,0,0,0,50498231,1.8
24/06/2015,-3000,-25800000,8.6(-1.15 %),0,0,3000,25800000,50501231,1.8
25/06/2015,0,0,8.6(0.00 %),0,0,0,0,50501231,1.8
26/06/2015,0,0,8.3(-3.49 %),0,0,0,0,50501231,1.8
29/06/2015,0,0,8.4(1.20 %),0,0,0,0,50501231,1.8
30/06/2015,0,0,8.3(-1.19 %),0,0,0,0,50501231,1.8
01/07/2015,0,0,8.3(0.00 %),0,0,0,0,50501231,1.8
02/07/2015,0,0,8.4(1.20 %),0,0,0,0,50501231,1.93
03/07/2015,0,0,8.4(0.00 %),0,0,0,0,50501231,1.93
06/07/2015,10000,83000000,8.3(-1.19 %),10000,83000000,0,0,50491231,1.94
07/07/2015,-5280,-43824000,8.4(1.20 %),0,0,5280,43824000,50496511,1.93
08/07/2015,0,0,8.4(0.00 %),0,0,0,0,50496511,1.93
09/07/2015,-20000,-166000000,8.4(0.00 %),0,0,20000,166000000,50516511,1.91
10/07/2015,0,0,8.3(-1.19 %),0,0,0,0,50516511,1.91
13/07/2015,0,0,8.3(0.00 %),0,0,0,0,50516511,1.91
14/07/2015,-200,-1640000,8.1(-2.41 %),0,0,200,1640000,50516711,1.91
15/07/2015,-590,-4661000,8(-1.23 %),0,0,590,4661000,50517301,1.91
16/07/2015,-68000,-537200000,7.9(-1.25 %),0,0,68000,537200000,50585301,1.85
17/07/2015,-2280,-18696000,8.2(3.80 %),0,0,2280,18696000,50587581,1.85
20/07/2015,0,0,8.2(0.00 %),0,0,0,0,50587581,1.85
21/07/2015,-5000,-40500000,8.1(-1.22 %),0,0,5000,40500000,50592581,1.84
22/07/2015,-4000,-31800000,8(-1.23 %),0,0,4000,31800000,50596581,1.84
23/07/2015,-6000,-48000000,7.9(-1.25 %),0,0,6000,48000000,50602581,1.83
24/07/2015,2000,15800000,7.7(-2.53 %),2000,15800000,0,0,50600581,1.84
27/07/2015,-11800,-89880000,7.6(-1.30 %),1000,7400000,12800,97280000,50612381,1.83
28/07/2015,-1940,-15132000,8.1(6.58 %),0,0,1940,15132000,50614321,1.82
29/07/2015,3820,30942000,8.2(1.23 %),3820,30942000,0,0,50610501,1.83
30/07/2015,-6000,-51000000,8.7(6.10 %),0,0,6000,51000000,50616501,1.82
31/07/2015,0,0,8.8(6.02 %),0,0,0,0,50616501,1.82
03/08/2015,0,0,9.3(5.68 %),0,0,0,0,50610503,1.83
04/08/2015,-200000,-1920000000,9.6(3.23 %),0,0,200000,1920000000,50810503,1.64
05/08/2015,0,0,10.2(6.25 %),0,0,0,0,50810503,1.64
06/08/2015,-59020,-582600000,9.5(-6.86 %),0,0,59020,582600000,50869523,1.59
07/08/2015,-36720,-342610000,10.1(6.32 %),0,0,36720,342610000,50906243,1.55
10/08/2015,0,0,10.2(0.99 %),0,0,0,0,50906243,1.55
11/08/2015,0,0,10.2(0.00 %),0,0,0,0,50906243,1.55
12/08/2015,0,0,10(-1.96 %),0,0,0,0,50906243,1.55
13/08/2015,0,0,9.3(-7.00 %),0,0,0,0,50906243,1.55
14/08/2015,0,0,9.8(5.38 %),0,0,0,0,50906243,1.55
17/08/2015,0,0,9.6(-2.04 %),0,0,0,0,50906243,1.55
18/08/2015,0,0,9.7(1.04 %),0,0,0,0,50906243,1.55
19/08/2015,0,0,9.5(-2.06 %),0,0,0,0,50906243,1.55
20/08/2015,1100,10450000,9.5(0.00 %),1100,10450000,0,0,50905143,1.55
21/08/2015,0,0,9.5(0.00 %),0,0,0,0,50905143,3.81
24/08/2015,-8000,-73600000,9.5(0.00 %),0,0,8000,73600000,50913143,3.8
25/08/2015,0,0,9.4(-1.05 %),0,0,0,0,50913143,3.8
26/08/2015,-1560,-15290000,9.4(0.00 %),0,0,1560,15290000,50914703,3.8
27/08/2015,0,0,9.3(-1.06 %),0,0,0,0,50914703,3.8
28/08/2015,0,0,9.8(5.38 %),0,0,0,0,50914703,3.8
31/08/2015,0,0,9.7(-1.02 %),0,0,0,0,50914703,3.8
01/09/2015,0,0,10(3.09 %),0,0,0,0,53451540,1.55
03/09/2015,-2440,-23910000,9.8(-2.00 %),0,0,2440,23910000,53453980,1.55
04/09/2015,0,0,9.7(-1.02 %),0,0,0,0,53453980,1.55
07/09/2015,-500,-4900000,9.7(0.00 %),0,0,500,4900000,53454480,1.55
08/09/2015,-9340,-91530000,9.7(0.00 %),0,0,9340,91530000,53463820,1.54
09/09/2015,0,0,9.5(-2.06 %),0,0,0,0,53463820,1.54
10/09/2015,2930,27830000,9.5(0.00 %),5000,47500000,2070,19670000,53460890,1.54
11/09/2015,0,0,9.5(0.00 %),0,0,0,0,53460890,1.54
14/09/2015,0,0,9.4(-1.05 %),0,0,0,0,53460890,1.54
15/09/2015,0,0,9.5(1.06 %),0,0,0,0,53460890,1.54
16/09/2015,0,0,9.5(0.00 %),0,0,0,0,53460890,1.54
17/09/2015,0,0,9.3(-2.11 %),0,0,0,0,53460890,1.54
18/09/2015,-2500,-23750000,9.5(2.15 %),0,0,2500,23750000,53463390,1.54
21/09/2015,0,0,9.6(1.05 %),0,0,0,0,53463390,1.54
22/09/2015,0,0,9.5(-1.04 %),0,0,0,0,53463390,1.54
23/09/2015,-2500,-23750000,9.5(0.00 %),0,0,2500,23750000,53465890,1.54
24/09/2015,0,0,9.1(-4.21 %),0,0,0,0,53465890,1.54
25/09/2015,0,0,9.4(3.30 %),0,0,0,0,53465890,1.54
28/09/2015,0,0,9.3(-1.06 %),0,0,0,0,53465890,1.54
29/09/2015,0,0,9.4(1.08 %),0,0,0,0,53465890,1.54
30/09/2015,-940,-9020000,9.7(3.19 %),0,0,940,9020000,53466830,1.54
01/10/2015,0,0,10(3.09 %),0,0,0,0,53465897,1.54
02/10/2015,0,0,10(0.00 %),0,0,0,0,53465897,1.54
05/10/2015,20000,201000000,10.1(1.00 %),20000,201000000,0,0,53445897,1.56
06/10/2015,20000,206500000,10.6(4.95 %),20000,206500000,0,0,53425897,24.71
07/10/2015,0,0,10.5(-0.94 %),0,0,0,0,53425897,24.71
08/10/2015,-5000,-51500000,10.7(1.90 %),5000,53500000,10000,105000000,53430897,24.71
09/10/2015,-30000,-318000000,10.7(0.00 %),0,0,30000,318000000,53460897,24.69
12/10/2015,30000,326000000,11.3(5.61 %),30000,326000000,0,0,53430897,24.71
13/10/2015,-5000,-57800000,11.5(1.77 %),0,0,5000,57800000,53435897,24.7
14/10/2015,-1840,-21160000,11.9(3.48 %),0,0,1840,21160000,53437737,24.7
15/10/2015,-30000,-349880000,11.6(-2.52 %),0,0,30000,349880000,53467737,24.69
16/10/2015,0,0,11.4(-1.72 %),0,0,0,0,53467737,24.69
19/10/2015,0,0,11.5(0.88 %),0,0,0,0,53467737,24.69
20/10/2015,1000,11200000,11.3(-1.74 %),1000,11200000,0,0,53466737,24.69
21/10/2015,0,0,11.3(0.00 %),0,0,0,0,53466737,24.69
22/10/2015,5250,60900000,11.7(3.54 %),5250,60900000,0,0,53461487,24.69
23/10/2015,0,0,11.8(0.85 %),0,0,0,0,53461487,24.69
26/10/2015,5000,59000000,11.9(0.85 %),5000,59000000,0,0,53456487,24.69
27/10/2015,-6250,-74580000,12.3(3.36 %),0,0,6250,74580000,53462737,24.69
28/10/2015,0,0,12.2(-0.81 %),0,0,0,0,53462737,24.69
29/10/2015,0,0,12.6(3.28 %),0,0,0,0,53462737,24.69
30/10/2015,3000,38100000,12.4(-1.59 %),3000,38100000,0,0,53459737,24.69
02/11/2015,0,0,12.4(0.00 %),0,0,0,0,105962550,0.82
03/11/2015,4000,50800000,13(4.84 %),4000,50800000,0,0,105958550,0.82
04/11/2015,-1000,-13000000,12.8(-1.54 %),0,0,1000,13000000,105959550,0.82
05/11/2015,8000,106000000,13.1(2.34 %),10000,132000000,2000,26000000,105951550,0.83
06/11/2015,0,0,13.1(0.00 %),0,0,0,0,105951550,0.83
09/11/2015,2500,33500000,13.4(2.29 %),2500,33500000,0,0,105949050,0.83
10/11/2015,0,0,13.1(-2.24 %),0,0,0,0,105949050,0.83
11/11/2015,0,0,13.1(0.00 %),0,0,0,0,105949050,0.83
12/11/2015,90,960000,13.4(2.29 %),4090,54400000,4000,53440000,105948960,0.83
13/11/2015,0,0,13.4(0.00 %),0,0,0,0,105948960,0.83
16/11/2015,0,0,13.5(0.75 %),0,0,0,0,105948960,0.83
17/11/2015,-5000,-67000000,13.4(-0.74 %),0,0,5000,67000000,105953960,0.83
18/11/2015,-9090,-121720000,13.3(-0.75 %),0,0,9090,121720000,105963050,0.82
19/11/2015,0,0,13.3(0.00 %),0,0,0,0,105963050,0.82
20/11/2015,500,6650000,13.4(0.75 %),500,6650000,0,0,105962550,0.82
23/11/2015,0,0,14(4.48 %),0,0,0,0,105962550,0.82
24/11/2015,5000,70500000,14.2(1.43 %),5000,70500000,0,0,105957550,0.82
25/11/2015,1000,14300000,14.2(0.00 %),1000,14300000,0,0,105956550,0.82
26/11/2015,0,0,14.3(0.70 %),0,0,0,0,105956550,0.82
27/11/2015,0,0,14.1(-1.40 %),0,0,0,0,105956550,0.82
30/11/2015,-5000,-69500000,13.9(-1.42 %),0,0,5000,69500000,105956550,0.82
01/12/2015,0,0,13.9(0.00 %),0,0,0,0,105956550,0.82
02/12/2015,-3820,-53100000,14.1(1.44 %),0,0,3820,53100000,105956550,0.82
03/12/2015,0,0,14.1(0.00 %),0,0,0,0,105956550,0.82
04/12/2015,0,0,14(-0.71 %),0,0,0,0,105961550,0.82
07/12/2015,0,0,13.9(-0.71 %),0,0,0,0,105961550,0.82
08/12/2015,0,0,14.6(5.04 %),0,0,0,0,105965370,0.82
09/12/2015,0,0,14.4(-1.37 %),0,0,0,0,105965370,0.82
10/12/2015,0,0,14.4(0.00 %),0,0,0,0,105965370,0.82
11/12/2015,-47649,-686150000,15(4.17 %),0,0,47649,686150000,105965370,0.82
14/12/2015,0,0,15(0.00 %),0,0,0,0,105965370,0.82
15/12/2015,-2100,-31290000,15(0.00 %),0,0,2100,31290000,105965370,0.82
16/12/2015,500,7450000,15(0.00 %),500,7450000,0,0,105964870,0.82
17/12/2015,0,0,14.9(-0.67 %),0,0,0,0,106012519,0.8
18/12/2015,0,0,14.8(-0.67 %),0,0,0,0,106012519,0.8
21/12/2015,0,0,15.1(2.03 %),0,0,0,0,106014619,0.8
22/12/2015,0,0,15.2(0.66 %),0,0,0,0,106014619,0.8
23/12/2015,0,0,15.2(0.00 %),0,0,0,0,106014619,0.8
24/12/2015,0,0,15.4(1.32 %),0,0,0,0,106014619,0.8
25/12/2015,1000,15500000,15.8(2.60 %),1000,15500000,0,0,106013619,0.8
28/12/2015,0,0,15.7(-0.63 %),0,0,0,0,106013619,0.8
29/12/2015,0,0,16.4(4.46 %),0,0,0,0,106013619,0.8
30/12/2015,0,0,16.3(-0.61 %),0,0,0,0,106013619,0.8
31/12/2015,0,0,16.5(1.23 %),0,0,0,0,106013619,0.8
04/01/2016,151350,2536400000,17.1(3.64 %),151350,2536400000,0,0,105862269,0.87
05/01/2016,0,0,17(-0.58 %),0,0,0,0,105862269,0.87
06/01/2016,0,0,18(5.88 %),0,0,0,0,105862269,0.87
07/01/2016,0,0,17.6(-2.22 %),0,0,0,0,105862269,0.87
08/01/2016,0,0,16.9(-3.98 %),0,0,0,0,105862269,0.87
11/01/2016,88000,1492830000,17.3(2.37 %),88000,1492830000,0,0,105774269,0.91
12/01/2016,0,280000,17.8(2.89 %),10000,175280000,10000,175000000,105764269,0.91
13/01/2016,11000,191000000,17.2(-3.37 %),11000,191000000,0,0,105753269,0.92
14/01/2016,0,0,17.2(0.00 %),0,0,0,0,105753269,0.92
15/01/2016,0,0,17.1(-0.58 %),0,0,0,0,105763269,0.91
18/01/2016,-10000,-165000000,16.6(-2.92 %),0,0,10000,165000000,105763269,0.91
19/01/2016,-1000,-16500000,16.6(0.00 %),0,0,1000,16500000,105763269,0.91
20/01/2016,0,0,16.6(0.00 %),0,0,0,0,105763269,0.91
21/01/2016,71480,1175870000,16.2(-2.41 %),71480,1175870000,0,0,105701789,0.94
22/01/2016,0,0,16.2(0.00 %),0,0,0,0,105702789,0.94
25/01/2016,62000,1022000000,17(4.94 %),64000,1056000000,2000,34000000,105638789,0.97
26/01/2016,0,0,16.8(-1.18 %),0,0,0,0,105638789,0.97
27/01/2016,69540,1185180000,17.2(2.38 %),71040,1210680000,1500,25500000,105567749,1.0
28/01/2016,0,0,17.1(-0.58 %),0,0,0,0,105569749,1.0
29/01/2016,0,0,17.2(0.58 %),0,0,0,0,105569749,1.0
01/02/2016,0,0,17.1(-0.58 %),0,0,0,0,105571249,1.0
02/02/2016,-3000,-51000000,16.9(-1.17 %),0,0,3000,51000000,105571249,1.0
03/02/2016,-3000,-50100000,16.9(0.00 %),0,0,3000,50100000,105571249,1.0
04/02/2016,52000,889200000,17.1(1.18 %),52000,889200000,0,0,105519249,1.02
05/02/2016,129000,2222590000,17.6(2.92 %),129000,2222590000,0,0,105393249,1.08
15/02/2016,0,0,17.6(0.00 %),0,0,0,0,105396249,1.08
16/02/2016,119680,2141730000,18(2.27 %),119680,2141730000,0,0,105276569,1.13
17/02/2016,104880,1903840000,17.8(-1.11 %),110000,1996000000,5120,92160000,105166569,1.18
18/02/2016,0,0,17.9(0.56 %),0,0,0,0,105166569,1.18
19/02/2016,0,0,17.6(-1.68 %),0,0,0,0,105166569,1.18
22/02/2016,0,0,17.8(1.14 %),0,0,0,0,105171689,1.18
23/02/2016,23600,420280000,17.7(-0.56 %),23600,420280000,0,0,105148089,1.19
24/02/2016,0,0,17.8(0.56 %),0,0,0,0,105148089,1.19
25/02/2016,0,0,17.7(-0.56 %),0,0,0,0,105148089,1.19
26/02/2016,0,0,17.9(1.13 %),0,0,0,0,105148089,1.19
29/02/2016,0,0,17.9(0.00 %),0,0,0,0,105148089,1.19
01/03/2016,189360,3445180000,18.5(3.35 %),195000,3546700000,5640,101520000,104953089,1.28
02/03/2016,331500,6276600000,18.9(2.16 %),331500,6276600000,0,0,104621589,1.43
03/03/2016,13800,259540000,18.8(-0.53 %),13800,259540000,0,0,104607789,1.44
04/03/2016,59300,1124430000,19.2(2.13 %),59300,1124430000,0,0,104554129,1.46
07/03/2016,149330,2868000000,19.3(0.52 %),149330,2868000000,0,0,104404799,1.53
08/03/2016,76980,1470320000,19.1(-1.04 %),87480,1670870000,10500,200550000,104317319,1.57
09/03/2016,153100,2911100000,19(-0.52 %),153100,2911100000,0,0,104164219,1.64
10/03/2016,92950,1770350000,19.1(0.53 %),92950,1770350000,0,0,104071269,1.68
11/03/2016,123970,2362160000,19.1(0.00 %),123970,2362160000,0,0,103957799,1.73
14/03/2016,154930,2955760000,19.1(0.00 %),154930,2955760000,0,0,103802869,1.8
15/03/2016,0,0,18.9(-1.05 %),0,0,0,0,103802869,1.8
16/03/2016,1700,32130000,18.9(0.00 %),1700,32130000,0,0,103801169,1.8
17/03/2016,95000,1800300000,18.9(0.00 %),95000,1800300000,0,0,103706169,1.85
18/03/2016,6664540,123960450000,18.6(-1.59 %),6709180,124790750000,44640,830300000,96996989,4.9
21/03/2016,-55670,-1013790000,17.5(-5.91 %),0,0,55670,1013790000,96996989,4.9
22/03/2016,-29750,-509490000,17.1(-2.29 %),120700,2081610000,150450,2591100000,96876289,4.95
23/03/2016,-170590,-2904320000,17.4(1.75 %),7700,130900000,178290,3035220000,96913229,4.94
24/03/2016,-176300,-3020880000,17.2(-1.15 %),0,0,176300,3020880000,96968899,4.91
25/03/2016,-131580,-2245520000,17.2(0.00 %),0,0,131580,2245520000,97119349,4.84
28/03/2016,200800,3443210000,17.1(-0.58 %),200800,3443210000,0,0,97096839,4.85
29/03/2016,0,0,17(-0.58 %),0,0,0,0,97273139,4.77
30/03/2016,162400,2777000000,17.3(1.76 %),171200,2926600000,8800,149600000,97233519,4.79
31/03/2016,-24650,-420120000,17(-1.73 %),0,0,24650,420120000,97233519,4.79
01/04/2016,0,0,17.1(0.59 %),0,0,0,0,97233519,4.79
04/04/2016,130300,2263460000,17.3(1.17 %),130300,2263460000,0,0,97112019,4.85
05/04/2016,0,0,17.5(1.16 %),0,0,0,0,97136669,4.83
06/04/2016,0,0,17.6(0.57 %),0,0,0,0,97136669,4.83
07/04/2016,6900,121440000,17.5(-0.57 %),6900,121440000,0,0,97129769,4.84
08/04/2016,6900,120060000,17.3(-1.14 %),6900,120060000,0,0,97122869,4.84
11/04/2016,-12000,-207600000,17.7(2.31 %),0,0,12000,207600000,97122869,4.84
12/04/2016,0,0,17.8(0.56 %),0,0,0,0,97122869,4.84
13/04/2016,29610,525030000,17.6(-1.12 %),38900,688530000,9290,163500000,97083969,4.86
14/04/2016,70180,1258610000,18(2.27 %),70180,1258610000,0,0,97025789,4.89
15/04/2016,209700,3797570000,18.2(1.11 %),209700,3797570000,0,0,96816089,4.98
19/04/2016,252530,4545540000,18(-1.10 %),252530,4545540000,0,0,96572849,5.09
20/04/2016,7630,136580000,17.9(-0.56 %),7630,136580000,0,0,96565219,5.09
21/04/2016,9400,169200000,18(0.56 %),9400,169200000,0,0,96555819,5.1
22/04/2016,-20,-360000,18(0.00 %),0,0,20,360000,96555819,5.1
25/04/2016,0,0,18(0.00 %),0,0,0,0,96555819,5.1
26/04/2016,-2500,-44500000,17.6(-2.22 %),0,0,2500,44500000,96555819,5.1
27/04/2016,32100,564960000,17.4(-1.14 %),32100,564960000,0,0,96523739,5.11
28/04/2016,2190,38090000,17.3(-0.57 %),15700,271810000,13510,233720000,96508039,5.12
29/04/2016,189900,3500670000,18.5(6.94 %),189900,3500670000,0,0,96320639,5.21
04/05/2016,-10240,-183370000,18(-2.70 %),0,0,10240,183370000,96320639,5.21
05/05/2016,-49240,-872020000,17.9(-0.56 %),0,0,49240,872020000,96334149,5.2
06/05/2016,-30,-540000,17.8(-0.56 %),0,0,30,540000,96334149,5.2
09/05/2016,0,0,17.5(-1.69 %),0,0,0,0,96344389,5.2
10/05/2016,0,0,17.5(0.00 %),0,0,0,0,96393629,5.17
11/05/2016,0,0,17.7(1.14 %),0,0,0,0,96393659,5.17
12/05/2016,0,0,17.6(-0.56 %),0,0,0,0,96393659,5.17
13/05/2016,-27850,-484110000,17.1(-2.84 %),0,0,27850,484110000,96393659,5.17
16/05/2016,300,5070000,17.4(1.75 %),300,5070000,0,0,96393359,5.17
17/05/2016,-1000,-17200000,17.6(1.15 %),0,0,1000,17200000,96393359,5.17
18/05/2016,6410,111530000,17.4(-1.14 %),6410,111530000,0,0,96414799,5.16
19/05/2016,-59050,-1007470000,17(-2.30 %),0,0,59050,1007470000,96414799,5.16
20/05/2016,-58040,-977090000,16.7(-1.76 %),1000,17200000,59040,994290000,96414799,5.16
23/05/2016,14430,243870000,16.9(1.20 %),14430,243870000,0,0,96400369,5.17
24/05/2016,-59150,-979260000,16.6(-1.78 %),0,0,59150,979260000,96459419,5.14
25/05/2016,0,0,16.6(0.00 %),0,0,0,0,96518459,5.12
26/05/2016,0,0,16.5(-0.60 %),0,0,0,0,96518459,5.12
27/05/2016,0,0,16.9(2.42 %),0,0,0,0,96577609,5.09
30/05/2016,0,0,17(0.59 %),0,0,0,0,96577609,5.09
31/05/2016,0,0,16.9(-0.59 %),0,0,0,0,96577609,5.09
01/06/2016,0,0,16.6(-1.78 %),0,0,0,0,96577609,5.09
02/06/2016,0,0,16.7(0.60 %),0,0,0,0,96577609,5.09
03/06/2016,130,2160000,16.5(-1.20 %),130,2160000,0,0,96577479,5.09
06/06/2016,10,170000,16.5(0.00 %),20,330000,10,160000,96577459,5.09
07/06/2016,10,170000,16.5(0.00 %),10,170000,0,0,96577449,5.09
08/06/2016,185230,3057300000,16.7(1.21 %),185230,3057300000,0,0,96392219,5.17
09/06/2016,50,840000,16.6(-0.60 %),50,840000,0,0,96392179,5.17
10/06/2016,0,0,16.5(-0.60 %),0,0,0,0,96392179,5.17
13/06/2016,-59130,-961390000,16.2(-1.82 %),40,660000,59170,962050000,96392139,5.17
14/06/2016,30,490000,16.2(0.00 %),30,490000,0,0,96392109,5.17
15/06/2016,0,0,16.2(0.00 %),0,0,0,0,96392109,5.17
16/06/2016,-1150,-18980000,16.6(2.47 %),50,820000,1200,19800000,96451229,5.15
17/06/2016,-265610,-4116980000,15.5(-6.63 %),20,330000,265630,4117310000,96451209,5.15
20/06/2016,-22900,-364660000,16(3.23 %),30,470000,22930,365130000,96451179,5.15
21/06/2016,30,480000,16.3(1.88 %),30,480000,0,0,96452349,5.15
22/06/2016,20,330000,16(-1.84 %),20,330000,0,0,96717959,5.03
23/06/2016,0,0,16(0.00 %),0,0,0,0,96740889,5.01
24/06/2016,0,0,15.7(-1.88 %),0,0,0,0,96740889,5.01
27/06/2016,0,0,15.5(-1.27 %),0,0,0,0,96740889,5.01
28/06/2016,-30,-460000,15.2(-1.94 %),0,0,30,460000,96740889,5.01
29/06/2016,-71040,-1077700000,15.3(0.66 %),0,0,71040,1077700000,96740889,5.01
30/06/2016,0,0,15.1(-1.31 %),0,0,0,0,96740889,5.01
01/07/2016,100,1540000,15.5(2.65 %),100,1540000,0,0,96740819,5.01
04/07/2016,-140,-2140000,15.5(0.00 %),0,0,140,2140000,96811859,4.98
05/07/2016,0,0,15.4(-0.65 %),0,0,0,0,96811859,4.98
06/07/2016,-2940,-44700000,15.3(-0.65 %),0,0,2940,44700000,96811859,4.98
07/07/2016,0,0,15.6(1.96 %),0,0,0,0,96811999,4.98
08/07/2016,0,0,15.6(0.00 %),0,0,0,0,96811999,4.98
11/07/2016,0,0,15.4(-1.28 %),0,0,0,0,96811999,4.98
12/07/2016,0,0,15.4(0.00 %),0,0,0,0,96814939,4.98
13/07/2016,0,0,15.5(0.65 %),0,0,0,0,96814939,4.98
14/07/2016,94000,1455000000,15.5(0.00 %),94000,1455000000,0,0,96720939,5.02
15/07/2016,0,0,15.4(-0.65 %),0,0,0,0,96720939,5.02
18/07/2016,-4420,-67630000,15.3(-0.65 %),0,0,4420,67630000,96720939,5.02
19/07/2016,-7530,-115210000,15.3(0.00 %),0,0,7530,115210000,96720939,5.02
20/07/2016,-11540,-176130000,15.3(0.00 %),0,0,11540,176130000,96720939,5.02
21/07/2016,0,0,15.2(-0.65 %),0,0,0,0,96725359,5.02
22/07/2016,0,0,15.2(0.00 %),0,0,0,0,96732889,5.02
25/07/2016,0,0,15.2(0.00 %),0,0,0,0,96744429,5.01
26/07/2016,20,300000,15.2(0.00 %),20,300000,0,0,96744409,5.01
27/07/2016,0,0,15.2(0.00 %),0,0,0,0,96744409,5.01
28/07/2016,0,0,15.1(-0.66 %),0,0,0,0,96744409,5.01
29/07/2016,0,0,15.1(0.00 %),0,0,0,0,96744409,5.01
01/08/2016,-4000,-60400000,15.1(0.00 %),0,0,4000,60400000,96744409,5.01
02/08/2016,9560,143800000,15.1(0.00 %),9560,143800000,0,0,96734849,5.02
03/08/2016,0,0,15.1(0.00 %),0,0,0,0,96734849,5.02
04/08/2016,-63680,-948840000,14.8(-1.99 %),0,0,63680,948840000,96738849,5.02
05/08/2016,-88030,-1298880000,14.8(0.00 %),0,0,88030,1298880000,96738849,5.02
08/08/2016,-62710,-923790000,14.9(0.68 %),0,0,62710,923790000,96738849,5.02
09/08/2016,0,0,15.1(1.34 %),0,0,0,0,96802529,4.99
10/08/2016,0,0,15.4(1.99 %),0,0,0,0,96890559,4.95
11/08/2016,7760,121060000,15.6(1.30 %),7760,121060000,0,0,96945509,4.92
12/08/2016,0,0,15.5(-0.64 %),0,0,0,0,96945509,4.92
15/08/2016,-81140,-1256170000,15.4(-0.65 %),0,0,81140,1256170000,96945509,4.92
16/08/2016,0,0,15.6(1.30 %),0,0,0,0,96945509,4.92
17/08/2016,0,0,15.5(-0.64 %),0,0,0,0,96945509,4.92
18/08/2016,0,0,15.7(1.29 %),0,0,0,0,97026649,4.88
19/08/2016,-100000,-1561450000,15.8(0.64 %),0,0,100000,1561450000,97026649,4.88
22/08/2016,-20,-310000,15.7(-0.63 %),0,0,20,310000,97026649,4.88
23/08/2016,-3950,-61620000,15.6(-0.64 %),0,0,3950,61620000,97026649,4.88
24/08/2016,-11100,-170940000,15.6(0.00 %),0,0,11100,170940000,97126649,4.84
25/08/2016,14880,233430000,15.7(0.64 %),15530,243570000,650,10140000,97111139,4.85
26/08/2016,0,0,15.8(0.64 %),0,0,0,0,97115089,4.84
29/08/2016,5500,89100000,16.2(2.53 %),5500,89100000,0,0,97120689,4.84
30/08/2016,0,0,16.3(0.62 %),0,0,0,0,97121339,4.84
31/08/2016,-2100,-34440000,16.4(0.61 %),400,6560000,2500,41000000,97120939,4.84
01/09/2016,0,0,15.9(-3.05 %),0,0,0,0,97120939,4.84
05/09/2016,1370,21340000,15.4(-3.14 %),5300,82650000,3930,61310000,97115639,4.84
06/09/2016,-31500,-483230000,15.2(-1.30 %),0,0,31500,483230000,97118139,4.84
07/09/2016,-31500,-481970000,15.3(0.66 %),0,0,31500,481970000,97118139,4.84
08/09/2016,-28130,-424760000,15.5(1.31 %),0,0,28130,424760000,97122069,4.84
09/09/2016,11230,174070000,15.5(0.00 %),11230,174070000,0,0,97142339,4.83
12/09/2016,-3000,-45900000,15.5(0.00 %),0,0,3000,45900000,97173839,4.82
13/09/2016,-1650,-25250000,15.5(0.00 %),0,0,1650,25250000,97201969,4.81
14/09/2016,0,0,15.4(-0.65 %),0,0,0,0,97201969,4.81
15/09/2016,0,0,15.2(-1.30 %),0,0,0,0,97204969,4.8
16/09/2016,-1310900,-18637900000,14.15(-6.91 %),266740,3774370000,1577640,22412270000,96939879,4.92
19/09/2016,0,0,15.1(6.71 %),0,0,0,0,96939879,4.92
20/09/2016,17270,263990000,15.3(1.32 %),17270,263990000,0,0,96922609,4.93
21/09/2016,-400,-6000000,15.2(-0.65 %),0,0,400,6000000,98500249,4.21
22/09/2016,0,0,15.2(0.00 %),0,0,0,0,98500249,4.21
23/09/2016,40,610000,15.2(0.00 %),40,610000,0,0,98500209,4.21
26/09/2016,0,0,15.2(0.00 %),0,0,0,0,98500609,4.21
27/09/2016,0,0,15.4(1.32 %),0,0,0,0,98500609,4.21
28/09/2016,-24510,-383500000,15.65(1.62 %),0,0,24510,383500000,98500609,4.21
29/09/2016,3000,47250000,15.75(0.64 %),3000,47250000,0,0,98497609,4.22
30/09/2016,0,0,15.65(-0.63 %),0,0,0,0,98497609,4.22
03/10/2016,-60120,-943680000,15.7(0.32 %),0,0,60120,943680000,98522119,4.2
04/10/2016,0,0,15.65(-0.32 %),0,0,0,0,98522119,4.2
05/10/2016,-5930,-92340000,15.55(-0.64 %),0,0,5930,92340000,98522119,4.2
06/10/2016,0,0,15.7(0.96 %),0,0,0,0,98582239,4.18
07/10/2016,0,0,15.6(-0.64 %),0,0,0,0,98582239,4.18
10/10/2016,0,0,15.8(1.28 %),0,0,0,0,98588169,4.17
11/10/2016,-500,-7880000,15.75(-0.32 %),0,0,500,7880000,98588169,4.17
12/10/2016,0,0,15.75(0.00 %),0,0,0,0,98588169,4.17
13/10/2016,10260,165780000,16.25(3.17 %),10260,165780000,0,0,98577909,4.18
14/10/2016,-23790,-383420000,16.15(-0.62 %),0,0,23790,383420000,98578409,4.18
17/10/2016,0,0,16.15(0.00 %),0,0,0,0,98578409,4.18
18/10/2016,0,0,16.15(0.00 %),0,0,0,0,98578409,4.18
19/10/2016,-17370,-276840000,15.5(-4.02 %),22730,361000000,40100,637840000,98602199,4.17
20/10/2016,6250,98440000,15.75(1.61 %),6250,98440000,0,0,98595949,4.17
21/10/2016,0,0,15.6(-0.95 %),0,0,0,0,98595949,4.17
24/10/2016,50,790000,15.65(0.32 %),50,790000,0,0,98613269,4.16
25/10/2016,0,0,15.65(0.00 %),0,0,0,0,98613269,4.16
26/10/2016,0,0,15.7(0.32 %),0,0,0,0,98613269,4.16
27/10/2016,-800,-12520000,15.65(-0.32 %),0,0,800,12520000,98613269,4.16
28/10/2016,0,0,15.45(-1.28 %),0,0,0,0,98613269,4.16
31/10/2016,-111000,-1713660000,15.5(0.32 %),0,0,111000,1713660000,98613269,4.16
01/11/2016,0,0,15.6(0.65 %),0,0,0,0,98614069,4.16
02/11/2016,0,0,15.7(0.64 %),0,0,0,0,98614069,4.16
03/11/2016,-19790,-310700000,15.7(0.00 %),0,0,19790,310700000,98725069,4.11
04/11/2016,0,0,15.6(-0.64 %),0,0,0,0,98725069,4.11
07/11/2016,0,0,15.6(0.00 %),0,0,0,0,98725069,4.11
08/11/2016,0,0,15.65(0.32 %),0,0,0,0,98744859,4.1
09/11/2016,-7210,-111760000,15.4(-1.60 %),0,0,7210,111760000,98744859,4.1
10/11/2016,-4650,-71610000,15.4(0.00 %),0,0,4650,71610000,98744859,4.1
11/11/2016,-43280,-661730000,15.5(0.65 %),0,0,43280,661730000,98744859,4.1
14/11/2016,945910,14817040000,15.7(1.29 %),1000000,15657000000,54090,839960000,97752069,4.56
15/11/2016,0,0,15.7(0.00 %),0,0,0,0,97756719,4.55
16/11/2016,0,0,15.7(0.00 %),0,0,0,0,97799999,4.53
17/11/2016,-23330,-360440000,15.45(-1.59 %),40,620000,23370,361060000,97854049,4.51
18/11/2016,-100000,-1526830000,15.3(-0.97 %),0,0,100000,1526830000,97854049,4.51
21/11/2016,-36380,-553870000,15.25(-0.33 %),40,610000,36420,554480000,97854009,4.51
22/11/2016,0,0,15.6(2.30 %),0,0,0,0,97877379,4.5
23/11/2016,0,0,15.7(0.64 %),0,0,0,0,97977379,4.45
24/11/2016,0,0,15.7(0.00 %),0,0,0,0,98013799,4.44
25/11/2016,-100680,-1545780000,15.3(-2.55 %),0,0,100680,1545780000,98013799,4.44
28/11/2016,-90120,-1358130000,15.3(0.00 %),0,0,90120,1358130000,98013799,4.44
29/11/2016,-283830,-4190690000,15.3(0.00 %),0,0,283830,4190690000,98013799,4.44
30/11/2016,-48760,-744820000,15.4(0.65 %),0,0,48760,744820000,98114479,4.39
01/12/2016,-43830,-672410000,15.4(0.00 %),0,0,43830,672410000,98204599,4.35
02/12/2016,-61100,-928290000,15.2(-1.30 %),0,0,61100,928290000,98488429,4.22
05/12/2016,-141640,-2099500000,14.95(-1.64 %),0,0,141640,2099500000,98537189,4.2
06/12/2016,-69270,-1032750000,14.9(-0.33 %),0,0,69270,1032750000,98581019,4.18
07/12/2016,-84990,-1262280000,14.95(0.34 %),0,0,84990,1262280000,98642119,4.15
08/12/2016,-148460,-2202840000,14.95(0.00 %),3000,44250000,151460,2247090000,98780759,4.09
09/12/2016,-146540,-2164670000,14.8(-1.00 %),0,0,146540,2164670000,98850029,4.06
12/12/2016,-196280,-2892970000,14.75(-0.34 %),0,0,196280,2892970000,98935019,4.02
13/12/2016,-246500,-3620160000,14.7(-0.34 %),0,0,246500,3620160000,99086479,3.95
14/12/2016,-85300,-1249470000,14.7(0.00 %),0,0,85300,1249470000,99233019,3.88
15/12/2016,-43310,-634590000,14.7(0.00 %),0,0,43310,634590000,99429299,3.79
16/12/2016,209790,3083910000,14.7(0.00 %),209790,3083910000,0,0,99594619,3.72
19/12/2016,0,0,14.7(0.00 %),0,0,0,0,99551309,3.74
20/12/2016,-45530,-667480000,14.6(-0.68 %),0,0,45530,667480000,99594619,3.72
21/12/2016,-45520,-665040000,14.6(0.00 %),0,0,45520,665040000,99594619,3.72
22/12/2016,-17170,-250950000,14.65(0.34 %),0,0,17170,250950000,99594619,3.72
23/12/2016,0,0,14.65(0.00 %),0,0,0,0,99640149,3.7
26/12/2016,0,0,14.7(0.34 %),0,0,0,0,99702839,3.67
27/12/2016,-860,-12600000,14.65(-0.34 %),0,0,860,12600000,99702839,3.67
28/12/2016,-66990,-977450000,14.7(0.34 %),0,0,66990,977450000,99702839,3.67
29/12/2016,0,0,14.7(0.00 %),0,0,0,0,99702839,3.67
30/12/2016,6680,98200000,14.7(0.00 %),6680,98200000,0,0,99697019,3.67
03/01/2017,-28460,-415520000,14.6(-0.68 %),0,0,28460,415520000,99764009,3.64
04/01/2017,28340,422270000,14.9(2.05 %),28340,422270000,0,0,99735669,3.65
05/01/2017,0,0,15.05(1.01 %),0,0,0,0,99735669,3.65
06/01/2017,0,0,15.05(0.00 %),0,0,0,0,99764129,3.64
09/01/2017,0,0,15.05(0.00 %),0,0,0,0,99764129,3.64
10/01/2017,-44270,-660190000,14.85(-1.33 %),0,0,44270,660190000,99764129,3.64
11/01/2017,-14380,-213890000,14.9(0.34 %),0,0,14380,213890000,99764129,3.64
12/01/2017,0,0,14.8(-0.67 %),0,0,0,0,99764129,3.64
13/01/2017,0,0,14.8(0.00 %),0,0,0,0,99808399,3.62
16/01/2017,0,0,14.8(0.00 %),0,0,0,0,99822779,3.61
17/01/2017,0,0,14.9(0.68 %),0,0,0,0,99822779,3.61
18/01/2017,0,0,14.95(0.34 %),0,0,0,0,99822779,3.61
19/01/2017,-34310,-507790000,14.8(-1.00 %),0,0,34310,507790000,99822779,3.61
20/01/2017,0,0,14.85(0.34 %),0,0,0,0,99822779,3.61
23/01/2017,0,0,14.85(0.00 %),0,0,0,0,99822779,3.61
24/01/2017,0,0,14.9(0.34 %),0,0,0,0,99857089,3.6
25/01/2017,0,0,15.1(1.34 %),0,0,0,0,99857089,3.6
02/02/2017,7660,116050000,15.2(0.66 %),7660,116050000,0,0,99849429,3.6
03/02/2017,-34100,-516860000,15.2(0.00 %),0,0,34100,516860000,99849429,3.6
06/02/2017,0,0,15.3(0.66 %),0,0,0,0,99849429,3.6
07/02/2017,0,0,15.3(0.00 %),0,0,0,0,99849429,3.6
08/02/2017,250,3810000,15.25(-0.33 %),250,3810000,0,0,99883279,3.59
09/02/2017,0,0,15.25(0.00 %),0,0,0,0,99883279,3.59
10/02/2017,-33100,-502850000,15.25(0.00 %),1000,15200000,34100,518050000,99882279,3.59
13/02/2017,0,0,15.2(-0.33 %),0,0,0,0,99882279,3.59
14/02/2017,-4430,-67110000,15.2(0.00 %),0,0,4430,67110000,99882279,3.59
15/02/2017,0,0,15.15(-0.33 %),0,0,0,0,99916379,3.57
16/02/2017,-4100,-61910000,15.15(0.00 %),0,0,4100,61910000,99916379,3.57
17/02/2017,0,0,15.15(0.00 %),0,0,0,0,99920809,3.57
20/02/2017,0,0,15.15(0.00 %),0,0,0,0,99920809,3.57
21/02/2017,0,0,15.1(-0.33 %),0,0,0,0,99924909,3.57
22/02/2017,-34110,-517070000,15.1(0.00 %),0,0,34110,517070000,99924909,3.57
23/02/2017,0,0,15.3(1.32 %),0,0,0,0,99924909,3.57
24/02/2017,0,0,15.3(0.00 %),0,0,0,0,99924909,3.57
27/02/2017,-63410,-963020000,15.15(-0.98 %),0,0,63410,963020000,99959019,3.55
28/02/2017,-33960,-513320000,15.15(0.00 %),0,0,33960,513320000,99959019,3.55
01/03/2017,0,0,15.15(0.00 %),0,0,0,0,99959019,3.55
02/03/2017,-44870,-675030000,15.05(-0.66 %),8320,124820000,53190,799850000,100014109,3.53
03/03/2017,-5350,-81050000,15.2(1.00 %),0,0,5350,81050000,100048069,3.51
06/03/2017,0,0,15.35(0.99 %),0,0,0,0,100048069,3.51
07/03/2017,0,0,15.8(2.93 %),0,0,0,0,100101259,3.49
08/03/2017,-32170,-514690000,16.1(1.90 %),70,1130000,32240,515820000,100106539,3.48
09/03/2017,0,0,16.5(2.48 %),0,0,0,0,100106539,3.48
10/03/2017,-9000,-146250000,16.25(-1.52 %),0,0,9000,146250000,100106539,3.48
13/03/2017,-22460,-360500000,15.95(-1.85 %),0,0,22460,360500000,100138779,3.47
14/03/2017,0,0,16.05(0.63 %),0,0,0,0,100138779,3.47
15/03/2017,0,0,16(-0.31 %),0,0,0,0,100147779,3.47
16/03/2017,0,0,15.8(-1.25 %),0,0,0,0,100170239,3.46
17/03/2017,-342280,-5134170000,15(-5.06 %),109650,1644780000,451930,6778950000,100170239,3.46
20/03/2017,0,0,15.6(4.00 %),0,0,0,0,100170239,3.46
21/03/2017,-6410,-100870000,15.9(1.92 %),0,0,6410,100870000,100170239,3.46
22/03/2017,-21720,-340850000,15.6(-1.89 %),0,0,21720,340850000,100170239,3.46
23/03/2017,0,0,15.65(0.32 %),0,0,0,0,100170239,3.46
24/03/2017,0,0,15.65(0.00 %),0,0,0,0,100170239,3.46
27/03/2017,0,0,15.75(0.64 %),0,0,0,0,100170239,3.46
28/03/2017,-33380,-518560000,15.5(-1.59 %),100,1550000,33480,520110000,100170239,3.46
29/03/2017,0,0,15.5(0.00 %),0,0,0,0,100170239,3.46
30/03/2017,0,0,15.6(0.65 %),0,0,0,0,100170239,3.46
31/03/2017,0,0,15.4(-1.28 %),0,0,0,0,100170239,3.46
03/04/2017,-30000,-463140000,15.5(0.65 %),0,0,30000,463140000,100574029,3.27
04/04/2017,-3540,-54870000,15.45(-0.32 %),0,0,3540,54870000,100574029,3.27
05/04/2017,-33460,-514940000,15.35(-0.65 %),0,0,33460,514940000,100574029,3.27
07/04/2017,300,4620000,15.5(0.98 %),300,4620000,0,0,100603729,3.26
10/04/2017,0,0,15.5(0.00 %),0,0,0,0,100607269,3.26
11/04/2017,-5890,-90980000,15.5(0.00 %),0,0,5890,90980000,100640729,3.24
12/04/2017,-33450,-509450000,15.3(-1.29 %),0,0,33450,509450000,100640729,3.24
13/04/2017,0,0,15.25(-0.33 %),0,0,0,0,100640729,3.24
14/04/2017,1300,19830000,15.25(0.00 %),1300,19830000,0,0,100645319,3.24
17/04/2017,1000,15250000,15.25(0.00 %),1000,15250000,0,0,100677769,3.22
18/04/2017,2500,38130000,15.25(0.00 %),2500,38130000,0,0,100675269,3.23
19/04/2017,0,0,15.3(0.33 %),0,0,0,0,100675269,3.23
20/04/2017,-75000,-1142130000,15.2(-0.65 %),0,0,75000,1142130000,100675269,3.23
21/04/2017,0,0,15.25(0.33 %),0,0,0,0,100675269,3.23
24/04/2017,-78000,-1181880000,15.2(-0.33 %),0,0,78000,1181880000,100675269,3.23
25/04/2017,-59080,-889970000,15.2(0.00 %),0,0,59080,889970000,100750269,3.19
26/04/2017,0,0,15.2(0.00 %),0,0,0,0,100750269,3.19
27/04/2017,0,0,15.15(-0.33 %),0,0,0,0,100828269,3.16
28/04/2017,0,0,15.3(0.99 %),0,0,0,0,100887349,3.13
03/05/2017,-3000,-45900000,15.4(0.65 %),0,0,3000,45900000,100887349,3.13
04/05/2017,-33120,-503430000,15.3(-0.65 %),300,4600000,33420,508030000,100887049,3.13
05/05/2017,0,0,15.35(0.33 %),0,0,0,0,100887049,3.13
08/05/2017,0,0,15.35(0.00 %),0,0,0,0,100890049,3.13
09/05/2017,0,0,15.15(-1.30 %),0,0,0,0,100923469,3.11
10/05/2017,0,0,15.25(0.66 %),0,0,0,0,100923469,3.11
11/05/2017,0,0,15.3(0.33 %),0,0,0,0,100923469,3.11
12/05/2017,-34190,-517390000,15.15(-0.98 %),0,0,34190,517390000,100923469,3.11
15/05/2017,0,0,15.1(-0.33 %),0,0,0,0,100923469,3.11
16/05/2017,-1000,-15100000,14.8(-1.99 %),0,0,1000,15100000,100923469,3.11
17/05/2017,0,0,14.5(-2.03 %),0,0,0,0,100957659,3.1
18/05/2017,40,570000,14.2(-2.07 %),40,570000,0,0,100957619,3.1
19/05/2017,-36460,-508050000,14(-1.41 %),0,0,36460,508050000,100958619,3.1
22/05/2017,0,0,14.2(1.43 %),0,0,0,0,100958619,3.1
23/05/2017,0,0,14.3(0.70 %),0,0,0,0,100958619,3.1
24/05/2017,-46640,-662420000,14.15(-1.05 %),0,0,46640,662420000,100995079,3.08
25/05/2017,0,0,14.1(-0.35 %),0,0,0,0,100995079,3.08
26/05/2017,0,0,14.2(0.71 %),0,0,0,0,100995079,3.08
29/05/2017,0,0,14.2(0.00 %),0,0,0,0,101041719,3.06
30/05/2017,0,0,14(-1.41 %),0,0,0,0,101041719,3.06
31/05/2017,0,0,14(0.00 %),0,0,0,0,101041719,3.06
01/06/2017,0,0,14.1(0.71 %),0,0,0,0,101041719,3.06
02/06/2017,-4620,-65140000,14.1(0.00 %),0,0,4620,65140000,101041719,3.06
05/06/2017,0,0,14.05(-0.35 %),0,0,0,0,101041719,3.06
06/06/2017,0,0,14.1(0.36 %),0,0,0,0,101041719,3.06
07/06/2017,-40,-570000,14.3(1.42 %),0,0,40,570000,101046339,3.06
08/06/2017,0,0,14.5(1.40 %),0,0,0,0,101046339,3.06
09/06/2017,0,0,14.5(0.00 %),0,0,0,0,101046339,3.06
12/06/2017,0,0,14.45(-0.34 %),0,0,0,0,101046379,3.06
13/06/2017,30,430000,14.2(-1.73 %),30,430000,0,0,101046349,3.06
14/06/2017,-41060,-580850000,14.2(0.00 %),0,0,41060,580850000,101046349,3.06
15/06/2017,1500,21250000,14.2(0.00 %),1500,21250000,0,0,101044849,3.06
16/06/2017,-291430,-4080020000,14(-1.41 %),35280,493920000,326710,4573940000,101009569,3.07
19/06/2017,31120,437520000,14.1(0.71 %),31120,437520000,0,0,101019509,3.07
20/06/2017,-6920,-97320000,14.1(0.00 %),0,0,6920,97320000,101019509,3.07
21/06/2017,-18730,-262700000,14.05(-0.35 %),430,6020000,19160,268720000,101345789,2.92
22/06/2017,500,7000000,14.05(0.00 %),500,7000000,0,0,101345289,2.92
23/06/2017,0,0,14.05(0.00 %),0,0,0,0,101352209,2.92
26/06/2017,5000,70250000,14.05(0.00 %),5000,70250000,0,0,101366369,2.91
27/06/2017,2850,39790000,14(-0.36 %),2850,39790000,0,0,101363519,2.91
28/06/2017,0,0,14(0.00 %),0,0,0,0,101363519,2.91
29/06/2017,0,0,14.05(0.36 %),0,0,0,0,101363519,2.91
30/06/2017,7000,98700000,14.1(0.36 %),7000,98700000,0,0,101356519,2.92
03/07/2017,0,0,14.1(0.00 %),0,0,0,0,101356519,2.92
04/07/2017,130,1820000,14.05(-0.35 %),130,1820000,0,0,101356389,2.92
05/07/2017,0,0,14(-0.36 %),0,0,0,0,101356389,2.92
06/07/2017,500,6980000,14(0.00 %),500,6980000,0,0,101355889,2.92
07/07/2017,0,0,13.8(-1.43 %),0,0,0,0,101355889,2.92
10/07/2017,-22690,-310790000,13.7(-0.72 %),2180,29870000,24870,340660000,101094119,3.04
11/07/2017,259590,3556380000,13.6(-0.73 %),509210,6951210000,249620,3394830000,101094119,3.04
12/07/2017,510000,7021000000,13.4(-1.47 %),510000,7021000000,0,0,100584119,3.27
13/07/2017,500,6700000,13.2(-1.49 %),500,6700000,0,0,100608489,3.26
14/07/2017,0,0,13.1(-0.76 %),0,0,0,0,100608489,3.26
17/07/2017,4040,52620000,13(-0.76 %),252600,3283900000,248560,3231280000,100604449,3.26
18/07/2017,0,0,12.85(-1.15 %),248060,3187570000,248060,3187570000,100604449,3.26
19/07/2017,-500,-6400000,12.8(-0.39 %),251490,3219070000,251990,3225470000,100604449,3.26
20/07/2017,0,0,12.8(0.00 %),0,0,0,0,100604449,3.26
21/07/2017,0,0,12.8(0.00 %),0,0,0,0,100604449,3.26
24/07/2017,50,640000,12.8(0.00 %),50,640000,0,0,100604899,3.26
25/07/2017,-30,-390000,12.8(0.00 %),0,0,30,390000,100604899,3.26
26/07/2017,0,0,12.85(0.39 %),0,0,0,0,100604899,3.26
27/07/2017,0,0,12.85(0.00 %),0,0,0,0,100604899,3.26
28/07/2017,-40,-510000,12.85(0.00 %),0,0,40,510000,100604929,3.26
31/07/2017,0,0,12.85(0.00 %),0,0,0,0,100604929,3.26
01/08/2017,-2350,-29800000,12.7(-1.17 %),600,7670000,2950,37470000,100604329,3.26
02/08/2017,50,630000,12.5(-1.57 %),50,630000,0,0,100604319,3.26
03/08/2017,-50,-640000,12.8(2.40 %),0,0,50,640000,100604319,3.26
04/08/2017,10,130000,12.9(0.78 %),10,130000,0,0,100607259,3.26
07/08/2017,0,0,13.1(1.55 %),0,0,0,0,100607259,3.26
08/08/2017,0,0,12.9(-1.53 %),0,0,0,0,100607309,3.26
09/08/2017,0,0,12.65(-1.94 %),0,0,0,0,100607309,3.26
10/08/2017,300,3750000,12.4(-1.98 %),300,3750000,0,0,100607009,3.26
11/08/2017,1700,20910000,12.2(-1.61 %),1700,20910000,0,0,100605309,3.26
14/08/2017,3520,43650000,12.4(1.64 %),3530,43770000,10,120000,100601779,3.26
15/08/2017,0,0,12.2(-1.61 %),0,0,0,0,100601779,3.26
16/08/2017,300,3660000,12.2(0.00 %),300,3660000,0,0,100601479,3.26
17/08/2017,0,0,12.05(-1.23 %),0,0,0,0,100601489,3.26
18/08/2017,530,6360000,12.1(0.41 %),530,6360000,0,0,100600959,3.26
21/08/2017,-20,-250000,12.25(1.24 %),0,0,20,250000,100600959,3.26
22/08/2017,200,2470000,12.3(0.41 %),200,2470000,0,0,100600759,3.26
23/08/2017,3900,48170000,12.4(0.81 %),3900,48170000,0,0,100596859,3.26
24/08/2017,0,0,12.4(0.00 %),0,0,0,0,100596879,3.26
25/08/2017,300,3690000,12.25(-1.21 %),300,3690000,0,0,100596579,3.26
28/08/2017,50,610000,12.05(-1.63 %),50,610000,0,0,100596529,3.26
29/08/2017,50,610000,12.05(0.00 %),50,610000,0,0,100596479,3.26
30/08/2017,0,0,12.1(0.41 %),0,0,0,0,100596479,3.26
31/08/2017,0,0,12.15(0.41 %),0,0,0,0,100596479,3.26
01/09/2017,0,0,12.1(-0.41 %),0,0,0,0,100596479,3.26
05/09/2017,0,0,12.1(0.00 %),0,0,0,0,100596479,3.26
06/09/2017,-8990,-108330000,12.1(0.00 %),0,0,8990,108330000,100596479,3.26
07/09/2017,-3910,-47510000,12.2(0.83 %),0,0,3910,47510000,100596479,3.26
08/09/2017,0,0,12.1(-0.82 %),0,0,0,0,100596479,3.26
11/09/2017,-23690,-287360000,12.1(0.00 %),0,0,23690,287360000,100605469,3.26
12/09/2017,-17300,-208590000,12.1(0.00 %),0,0,17300,208590000,100609379,3.26
13/09/2017,-20,-250000,12.5(3.31 %),0,0,20,250000,100609379,3.26
14/09/2017,-47810,-589710000,12.45(-0.40 %),0,0,47810,589710000,100633069,3.25
15/09/2017,-85890,-1047860000,12.2(-2.01 %),0,0,85890,1047860000,100650369,3.24
18/09/2017,0,0,12.2(0.00 %),0,0,0,0,100650389,3.24
19/09/2017,-769090,-9264120000,12(-1.64 %),500,6030000,769590,9270150000,100697699,3.22
20/09/2017,-32180,-387770000,12.05(0.42 %),0,0,32180,387770000,100783589,3.18
21/09/2017,-4000,-48230000,12.15(0.83 %),0,0,4000,48230000,100783589,3.18
22/09/2017,0,0,12.05(-0.82 %),0,0,0,0,101553179,2.83
25/09/2017,0,0,11.2(2.28 %),0,0,0,0,101585359,2.81
26/09/2017,0,0,11.15(-0.45 %),0,0,0,0,101589359,2.81
27/09/2017,14690,163790000,11.1(-0.45 %),14690,163790000,0,0,101574669,2.82
28/09/2017,0,0,10.95(-1.35 %),0,0,0,0,101574669,2.82
29/09/2017,700,7630000,10.9(-0.46 %),700,7630000,0,0,101573969,2.82
02/10/2017,0,0,10.75(-1.38 %),0,0,0,0,101573969,2.82
03/10/2017,4000,42730000,10.7(-0.47 %),4000,42730000,0,0,101569969,2.82
04/10/2017,-40,-440000,10.85(1.40 %),0,0,40,440000,101569969,2.82
05/10/2017,30,320000,10.8(-0.46 %),30,320000,0,0,101569939,2.82
06/10/2017,0,0,10.7(-0.93 %),0,0,0,0,101569939,2.82
09/10/2017,2950,31860000,10.8(0.93 %),2950,31860000,0,0,101567029,2.82
10/10/2017,0,0,10.6(-1.85 %),0,0,0,0,101567029,2.82
11/10/2017,40,430000,10.65(0.47 %),40,430000,0,0,101566989,2.82
12/10/2017,0,0,10.7(0.47 %),0,0,0,0,101566989,2.82
13/10/2017,0,0,10.7(0.00 %),0,0,0,0,101566989,2.82
16/10/2017,-2400,-25560000,10.65(-0.47 %),0,0,2400,25560000,101566989,2.82
17/10/2017,0,0,10.75(0.94 %),0,0,0,0,101566989,2.82
18/10/2017,0,0,10.75(0.00 %),0,0,0,0,101566989,2.82
19/10/2017,0,0,10.75(0.00 %),0,0,0,0,101569389,2.82
20/10/2017,0,0,10.75(0.00 %),0,0,0,0,101569389,2.82
23/10/2017,0,0,10.7(-0.47 %),0,0,0,0,101569389,2.82
24/10/2017,-26680,-283690000,10.7(0.00 %),0,0,26680,283690000,101569389,2.82
25/10/2017,2570,29320000,11.4(6.54 %),2600,29640000,30,320000,101566789,2.82
26/10/2017,-7230,-82090000,11.3(-0.88 %),7000,79540000,14230,161630000,101559789,2.82
27/10/2017,-40,-460000,12(6.19 %),0,0,40,460000,101586469,2.81
30/10/2017,1000,11300000,11.4(-5.00 %),1000,11300000,0,0,101585499,2.81
31/10/2017,1000,10900000,10.65(-6.58 %),1000,10900000,0,0,101598729,2.81
01/11/2017,-52940,-561110000,10.9(2.35 %),0,0,52940,561110000,101598769,2.81
02/11/2017,0,0,10.7(-1.83 %),0,0,0,0,111757723,3.09
03/11/2017,-36610,-387870000,10.6(-0.93 %),0,0,36610,387870000,111757723,3.09
06/11/2017,-2210,-23090000,10.5(-0.94 %),0,0,2210,23090000,111810663,2.78
07/11/2017,0,0,10.5(0.00 %),0,0,0,0,111810663,2.78
08/11/2017,0,0,10.4(-0.95 %),0,0,0,0,111847273,2.77
09/11/2017,500,5450000,10.8(3.85 %),500,5450000,0,0,111848983,2.77
10/11/2017,1000,11050000,10.9(0.93 %),1000,11050000,0,0,111847983,2.77
13/11/2017,0,0,11.05(1.38 %),0,0,0,0,111847983,2.77
14/11/2017,0,0,10.75(-2.71 %),0,0,0,0,111847983,2.77
15/11/2017,-13960,-147980000,10.6(-1.40 %),0,0,13960,147980000,111847983,2.77
16/11/2017,590,6370000,10.7(0.94 %),1000,10800000,410,4430000,111846983,2.77
17/11/2017,-950,-10300000,10.65(-0.47 %),8000,85550000,8950,95850000,111838994,2.77
20/11/2017,0,0,10.7(0.47 %),0,0,0,0,111852959,2.77
21/11/2017,-1000,-10500000,10.55(-1.40 %),0,0,1000,10500000,111853369,2.77
22/11/2017,0,0,10.55(0.00 %),0,0,0,0,111862319,2.76
23/11/2017,0,0,10.55(0.00 %),0,0,0,0,111862328,2.76
24/11/2017,0,0,10.65(0.95 %),0,0,0,0,111863328,2.76
27/11/2017,40870,435510000,10.7(0.47 %),40870,435510000,0,0,111822458,2.78
28/11/2017,0,0,10.65(-0.47 %),0,0,0,0,111822458,2.78
29/11/2017,1600,16880000,10.65(0.00 %),1600,16880000,0,0,111820858,2.78
30/11/2017,0,0,10.65(0.00 %),0,0,0,0,111820858,2.78
01/12/2017,500,5300000,10.6(-0.47 %),500,5300000,0,0,111820358,2.78
04/12/2017,0,0,11.3(6.60 %),0,0,0,0,111820358,2.78
05/12/2017,-8170,-97630000,11.65(3.10 %),0,0,8170,97630000,111820358,2.78
06/12/2017,-43120,-505220000,11.7(0.43 %),1000,11540000,44120,516760000,111819358,2.78
07/12/2017,-51790,-590880000,11.5(-1.71 %),0,0,51790,590880000,111819358,2.78
08/12/2017,0,0,11.15(-3.04 %),0,0,0,0,111827529,2.78
11/12/2017,-19770,-217470000,11(-1.35 %),10000,110000000,29770,327470000,111861648,2.76
12/12/2017,20960,226070000,10.95(-0.45 %),20960,226070000,0,0,111892478,2.75
13/12/2017,0,0,10.95(0.00 %),0,0,0,0,111892478,2.75
14/12/2017,2990,34090000,11.4(4.11 %),3010,34310000,20,220000,111919238,2.74
15/12/2017,-1420460,-15299270000,10.65(-6.58 %),923860,9844610000,2344320,25143880000,110995379,3.12
18/12/2017,0,0,11.35(6.57 %),0,0,0,0,110995379,3.12
19/12/2017,0,0,11.15(-1.76 %),0,0,0,0,110995399,3.12
20/12/2017,-39750,-429270000,10.85(-2.69 %),250,2730000,40000,432000000,113339469,2.15
21/12/2017,200,2180000,10.65(-1.84 %),200,2180000,0,0,113339269,2.15
22/12/2017,1000,10650000,10.7(0.47 %),1000,10650000,0,0,113338269,2.15
25/12/2017,0,0,10.6(-0.93 %),0,0,0,0,113378275,2.14
26/12/2017,6800,72080000,10.7(0.94 %),6800,72080000,0,0,113371475,2.14
27/12/2017,0,0,10.6(-0.93 %),0,0,0,0,113371475,2.14
28/12/2017,20050,211530000,10.6(0.00 %),20050,211530000,0,0,113351425,2.15
29/12/2017,-1000,-10550000,10.6(0.00 %),0,0,1000,10550000,113351425,2.15
02/01/2018,0,0,10.65(0.47 %),0,0,0,0,113351425,2.15
03/01/2018,100,1060000,10.9(2.35 %),100,1060000,0,0,113351325,2.15
04/01/2018,500,5500000,11.05(1.38 %),500,5500000,0,0,113351825,2.15
05/01/2018,3900,42490000,10.85(-1.81 %),4400,47960000,500,5470000,113347425,2.15
08/01/2018,0,0,10.8(-0.46 %),0,0,0,0,113347425,2.15
09/01/2018,-248350,-2715710000,11(1.85 %),750,8100000,249100,2723810000,113346675,2.15
10/01/2018,-141000,-1566190000,11.15(1.36 %),0,0,141000,1566190000,113347175,2.15
11/01/2018,-20000,-221780000,11.1(-0.45 %),5500,61300000,25500,283080000,113341675,2.15
12/01/2018,-439000,-5097800000,11.25(1.35 %),0,0,439000,5097800000,113590775,2.05
15/01/2018,5780,65740000,11.45(1.78 %),5780,65740000,0,0,113725995,1.99
16/01/2018,-220,-2510000,11.4(-0.44 %),0,0,220,2510000,113751495,1.98
17/01/2018,0,0,10.9(-4.39 %),0,0,0,0,114190495,1.8
18/01/2018,0,0,11.1(1.83 %),0,0,0,0,114190495,1.8
19/01/2018,0,0,11.1(0.00 %),0,0,0,0,114190715,1.8
22/01/2018,2000,22000000,10.95(-1.35 %),2000,22000000,0,0,114188715,1.8
25/01/2018,-500,-5350000,10.95(0.00 %),500,5500000,1000,10850000,114188223,1.8
26/01/2018,5000,54500000,10.95(0.00 %),5000,54500000,0,0,114183223,1.8
29/01/2018,0,0,10.95(0.00 %),0,0,0,0,114183223,1.8
30/01/2018,0,0,10.8(-1.37 %),0,0,0,0,114184223,1.8
31/01/2018,0,0,10.6(-1.85 %),0,0,0,0,114184223,1.8
01/02/2018,5000,52500000,10.45(-1.42 %),5000,52500000,0,0,114179223,1.81
02/02/2018,0,0,10.4(-0.48 %),0,0,0,0,114179223,1.81
05/02/2018,-500,-5180000,10.2(-1.92 %),0,0,500,5180000,114179223,1.81
06/02/2018,-2000,-18980000,9.49(-6.96 %),0,0,2000,18980000,114179223,1.81
07/02/2018,3500,34720000,9.8(3.27 %),4100,40630000,600,5910000,114175123,1.81
08/02/2018,-500,-4800000,9.6(-2.04 %),0,0,500,4800000,114175623,1.81
09/02/2018,0,0,9.6(0.00 %),0,0,0,0,114177623,1.81
12/02/2018,0,0,9.95(3.65 %),0,0,0,0,114178223,1.81
13/02/2018,0,0,10.2(2.51 %),0,0,0,0,114178723,1.81
21/02/2018,0,0,10.25(0.49 %),0,0,0,0,114178723,1.81
22/02/2018,-690,-7000000,10.2(-0.49 %),0,0,690,7000000,114178723,1.81
23/02/2018,0,0,10.1(-0.98 %),0,0,0,0,114178723,1.81
26/02/2018,20000,202000000,10(-0.99 %),20000,202000000,0,0,114158723,1.81
27/02/2018,4000,39800000,9.99(-0.10 %),5000,49900000,1000,10100000,114154413,1.82
28/02/2018,0,0,9.92(-0.70 %),0,0,0,0,114154413,1.82
01/03/2018,5000,49250000,9.8(-1.21 %),5000,49250000,0,0,114149413,1.82
02/03/2018,0,0,9.73(-0.71 %),0,0,0,0,114150413,1.82
05/03/2018,9000,88130000,10(2.77 %),9000,88130000,0,0,114141413,1.82
06/03/2018,16000,161000000,10.15(1.50 %),18000,180900000,2000,19900000,114123413,1.83
07/03/2018,5200,53300000,10.15(0.00 %),5200,53300000,0,0,114118213,1.83
08/03/2018,-6280,-63880000,10.1(-0.49 %),2720,27470000,9000,91350000,114115493,1.83
09/03/2018,-18000,-180900000,10.1(0.00 %),0,0,18000,180900000,114117493,1.83
12/03/2018,-23300,-234890000,10.1(0.00 %),1000,10150000,24300,245040000,114116493,1.83
13/03/2018,13830,123790000,10.8(6.93 %),43000,437500000,29170,313710000,114082493,1.85
14/03/2018,12460,145270000,11.3(4.63 %),50100,563620000,37640,418350000,114050393,1.86
15/03/2018,-62970,-705760000,11.2(-0.88 %),0,0,62970,705760000,114074693,1.85
16/03/2018,-47900,-534070000,11.3(0.89 %),0,0,47900,534070000,114103863,1.84
19/03/2018,-75200,-822680000,11(-2.65 %),0,0,75200,822680000,114141503,1.82
20/03/2018,-5580,-60510000,11(0.00 %),20000,219000000,25580,279510000,114184473,1.8
21/03/2018,-25930,-287050000,11(0.00 %),0,0,25930,287050000,114232373,1.78
22/03/2018,-26400,-288240000,10.8(-1.82 %),641520,7024640000,667920,7312880000,114307573,1.75
23/03/2018,-31100,-318010000,10.05(-6.94 %),10000,100500000,41100,418510000,114323153,1.75
26/03/2018,-27070,-271600000,10.7(6.47 %),0,0,27070,271600000,114349083,1.74
27/03/2018,-27600,-289940000,10.5(-1.87 %),0,0,27600,289940000,114375483,1.72
28/03/2018,-32480,-334600000,10.45(-0.48 %),0,0,32480,334600000,114416583,1.71
29/03/2018,-142190,-1459350000,10.4(-0.48 %),5000,51000000,147190,1510350000,114438653,1.7
30/03/2018,-27410,-300750000,11.1(6.73 %),40000,429500000,67410,730250000,114426253,1.7
02/04/2018,-30790,-349560000,11.35(2.25 %),0,0,30790,349560000,114458733,1.69
03/04/2018,-37170,-429540000,12.1(6.61 %),0,0,37170,429540000,114605923,1.63
04/04/2018,-74850,-932150000,12.4(2.48 %),0,0,74850,932150000,114673333,1.6
05/04/2018,-1900,-23870000,12.9(4.03 %),770,9550000,2670,33420000,114703353,1.59
06/04/2018,-8000,-102100000,12.6(-2.33 %),2000,25900000,10000,128000000,114738523,1.57
09/04/2018,-43910,-566640000,13.45(6.75 %),0,0,43910,566640000,114813373,1.54
10/04/2018,6110,82410000,14(4.09 %),7160,96750000,1050,14340000,114808883,1.55
11/04/2018,-30,-420000,13.5(-3.57 %),659340,9004610000,659370,9005030000,114818883,1.54
12/04/2018,0,0,13.7(1.48 %),0,0,0,0,114862793,1.52
13/04/2018,0,0,13.6(-0.73 %),100,1370000,100,1370000,114863743,1.52
16/04/2018,3150,42210000,13.6(0.00 %),3150,42210000,0,0,114860623,1.52
17/04/2018,0,0,13.6(0.00 %),0,0,0,0,114860623,1.52
18/04/2018,12180,163940000,13.9(2.21 %),18600,252890000,6420,88950000,114842123,1.53
19/04/2018,0,0,13.8(-0.72 %),0,0,0,0,114842123,1.53
20/04/2018,7900,109260000,14.65(6.16 %),7900,109260000,0,0,114834223,1.53
23/04/2018,-4200,-63150000,14(-4.44 %),10800,158100000,15000,221250000,114829843,1.54
24/04/2018,-5030,-75930000,14.5(3.57 %),4970,70070000,10000,146000000,114824873,1.54
26/04/2018,20200,294820000,14.6(0.69 %),20500,299130000,300,4310000,114804373,1.55
27/04/2018,-27250,-402550000,14.8(1.37 %),0,0,27250,402550000,114819379,1.54
02/05/2018,-940,-13720000,13.8(-6.76 %),200,2950000,1140,16670000,114829179,1.54
03/05/2018,-13560,-184200000,14.2(2.90 %),6440,90800000,20000,275000000,114823039,1.54
04/05/2018,1600,24240000,15.15(6.69 %),1600,24240000,0,0,114848689,1.53
07/05/2018,3090,46760000,15.05(-0.66 %),3600,54560000,510,7800000,114846229,1.53
08/05/2018,3000,45000000,14.25(-5.32 %),425191,6260920000,422191,6215920000,114863229,1.52
09/05/2018,0,0,14(-1.75 %),0,0,0,0,114863229,1.52
10/05/2018,-1300,-18200000,13.25(-5.36 %),0,0,1300,18200000,114863739,1.52
11/05/2018,200,2660000,13.8(4.15 %),200,2660000,0,0,114863539,1.52
14/05/2018,700,9630000,13.6(-1.45 %),700,9630000,0,0,114862839,1.52
15/05/2018,0,0,13.5(-0.74 %),0,0,0,0,114864139,1.52
16/05/2018,-6000,-80100000,13.3(-1.48 %),0,0,6000,80100000,114864139,1.52
17/05/2018,50,670000,13.35(0.38 %),50,670000,0,0,114864089,1.52
18/05/2018,750,10040000,13.6(1.87 %),1000,13400000,250,3360000,114863089,1.52
21/05/2018,19000,258400000,13.6(0.00 %),19000,258400000,0,0,114850089,1.53
22/05/2018,-5250,-70160000,13.2(-2.94 %),1900,25270000,7150,95430000,114848189,1.53
23/05/2018,0,0,13.6(3.03 %),0,0,0,0,114848439,1.53
24/05/2018,-19200,-257330000,13.4(-1.47 %),0,0,19200,257330000,114848439,1.53
25/05/2018,1000,12450000,12.7(-5.22 %),1900,24510000,900,12060000,114853689,1.53
28/05/2018,-7860,-97860000,11.85(-6.69 %),0,0,7860,97860000,114853689,1.53
29/05/2018,0,0,12.5(5.49 %),0,0,0,0,114872889,1.52
30/05/2018,0,0,12.05(-3.60 %),0,0,0,0,114873789,1.52
31/05/2018,0,0,12.6(4.56 %),0,0,0,0,114881649,1.52
01/06/2018,-300,-3810000,12.7(0.79 %),0,0,300,3810000,114881649,1.52
04/06/2018,0,0,13(2.36 %),0,0,0,0,114881649,1.52
05/06/2018,10,140000,13.9(6.92 %),10,140000,0,0,114881639,1.52
06/06/2018,0,0,14(0.72 %),0,0,0,0,114881939,1.52
07/06/2018,0,0,13.7(-2.14 %),0,0,0,0,114881939,1.52
08/06/2018,170,2330000,14.3(4.38 %),170,2330000,0,0,114881769,1.52
11/06/2018,-14690,-212270000,14.3(0.00 %),0,0,14690,212270000,114881769,1.52
12/06/2018,0,0,14.2(-0.70 %),0,0,0,0,114881769,1.52
13/06/2018,0,0,14.2(0.00 %),0,0,0,0,114881769,1.52
14/06/2018,-93100,-1299770000,14(-1.41 %),2500,34880000,95600,1334650000,114893959,1.51
15/06/2018,0,0,13.85(-1.07 %),0,0,0,0,114893959,1.51
18/06/2018,0,0,13.4(-3.25 %),0,0,0,0,114893959,1.51
19/06/2018,90,1130000,12.6(-5.97 %),90,1130000,0,0,114989469,1.47
20/06/2018,0,0,12.9(2.38 %),0,0,0,0,114989469,1.47
21/06/2018,100,1260000,12.5(-3.10 %),100,1260000,0,0,114989369,1.47
22/06/2018,0,0,12.8(2.40 %),0,0,0,0,114989369,1.47
25/06/2018,0,0,12.8(0.00 %),0,0,0,0,114989369,1.47
26/06/2018,170,2190000,12.9(0.78 %),170,2190000,0,0,114989199,1.47
27/06/2018,0,0,13(0.78 %),0,0,0,0,114989199,1.47
28/06/2018,0,0,12.75(-1.92 %),0,0,0,0,114989199,1.47
29/06/2018,0,0,12.75(0.00 %),0,0,0,0,114989199,1.47
02/07/2018,0,0,12.15(-4.71 %),0,0,0,0,114989199,1.47
03/07/2018,10170,120010000,11.65(-4.12 %),10170,120010000,0,0,114979029,1.48
04/07/2018,0,0,11.95(2.58 %),0,0,0,0,114979029,1.48
05/07/2018,0,0,11.65(-2.51 %),0,0,0,0,114979029,1.48
06/07/2018,-10000,-116890000,12.1(3.86 %),0,0,10000,116890000,114979029,1.48
09/07/2018,17000,204850000,11.85(-2.07 %),17000,204850000,0,0,114962029,1.48
10/07/2018,0,0,11.8(-0.42 %),0,0,0,0,114962029,1.48
11/07/2018,0,0,11.35(-3.81 %),0,0,0,0,114972029,1.48
12/07/2018,0,0,11(-3.08 %),0,0,0,0,114972029,0.0
13/07/2018,0,0,11.1(0.91 %),0,0,0,0,114972029,1.48
16/07/2018,0,0,11(-0.90 %),0,0,0,0,114972029,1.48
17/07/2018,2920,32160000,11.75(6.82 %),2920,32160000,0,0,114969109,1.48
18/07/2018,1500,18220000,12.55(6.81 %),1500,18220000,0,0,114967609,0.0
19/07/2018,0,0,12.8(1.99 %),0,0,0,0,114967609,1.48
20/07/2018,-1900,-23750000,12.7(-0.78 %),0,0,1900,23750000,114967609,1.48
23/07/2018,0,0,12.55(-1.18 %),0,0,0,0,114967609,0.0
24/07/2018,0,0,12.35(-1.59 %),0,0,0,0,114967609,1.48
25/07/2018,-22000,-282650000,12.7(2.83 %),0,0,22000,282650000,114989609,0.0
26/07/2018,0,0,12.5(-1.57 %),0,0,0,0,114969509,1.48
27/07/2018,0,0,12.8(2.40 %),0,0,0,0,114969509,1.48
30/07/2018,-200,-2640000,13.5(5.47 %),0,0,200,2640000,114969709,0.0
31/07/2018,51000,692800000,13.55(0.37 %),51000,692800000,0,0,114918709,0.0
01/08/2018,98000,1334450000,13.8(1.85 %),98000,1334450000,0,0,100170239,3.14
02/08/2018,0,0,13.8(0.00 %),0,0,0,0,100170239,3.14
03/08/2018,-37000,-513900000,13.2(-4.35 %),0,0,37000,513900000,100207239,3.13
06/08/2018,5000,65250000,12.8(-3.03 %),5000,65250000,0,0,100202239,3.13
07/08/2018,-8740,-109348000,12.35(-3.52 %),6260,78902000,15000,188250000,100210979,3.12
08/08/2018,0,0,12.9(4.45 %),0,0,0,0,100210979,3.12
09/08/2018,6000,78250000,12.85(-0.39 %),11000,143000000,5000,64750000,100204979,3.13
10/08/2018,-5260,-66280000,12.6(-1.95 %),0,0,5260,66280000,114872449,1.52
13/08/2018,0,0,12.4(-1.59 %),0,0,0,0,114872449,0.0
14/08/2018,-10,-130000,12.65(2.02 %),0,0,10,130000,114877449,1.52
15/08/2018,0,0,12.4(-1.98 %),0,0,0,0,114882709,1.51
16/08/2018,0,0,12.5(0.81 %),0,0,0,0,114882709,1.51
17/08/2018,0,0,12.4(-0.80 %),0,0,0,0,114882709,0.0
20/08/2018,38000,474100000,12.6(1.61 %),38000,474100000,0,0,114844709,0.0
21/08/2018,0,0,12.55(-0.40 %),0,0,0,0,114844709,0.0
22/08/2018,50500,643050000,12.8(1.99 %),50500,643050000,0,0,114794219,1.55
23/08/2018,30000,388500000,12.8(0.00 %),30000,388500000,0,0,114764219,1.56
24/08/2018,0,0,12.7(-0.78 %),0,0,0,0,114764219,0.0
27/08/2018,-50500,-638825000,12.7(0.00 %),0,0,50500,638825000,114814719,0.0
28/08/2018,42190,532181000,12.5(-1.57 %),42190,532181000,0,0,114772529,0.0
29/08/2018,0,0,12.45(-0.40 %),0,0,0,0,114772529,0.0
30/08/2018,0,0,12.55(0.80 %),0,0,0,0,114772529,1.56
31/08/2018,-20000,-255500000,12.7(1.20 %),0,0,20000,255500000,114792529,0.0
04/09/2018,40000,516250000,12.9(1.57 %),50000,646000000,10000,129750000,100170239,3.14
05/09/2018,0,0,12.75(-1.16 %),0,0,0,0,100170239,3.14
06/09/2018,-1000,-12750000,13.1(2.75 %),0,0,1000,12750000,100171239,3.14
07/09/2018,-50000,-659500000,13.3(1.53 %),0,0,50000,659500000,100221239,3.12
10/09/2018,5000,65500000,13.2(-0.75 %),5000,65500000,0,0,114747529,1.57
11/09/2018,0,0,13.15(-0.38 %),0,0,0,0,114748529,1.57
12/09/2018,-2000,-26500000,12.7(-3.42 %),0,0,2000,26500000,114798529,1.55
13/09/2018,0,0,12.8(0.79 %),0,0,0,0,114798529,1.55
14/09/2018,100,1270000,12.7(-0.78 %),100,1270000,0,0,114798429,1.55
17/09/2018,20520,265730000,12.8(0.79 %),20520,265730000,0,0,114779909,1.56
18/09/2018,60000,760000000,12.7(-0.78 %),60000,760000000,0,0,114719909,1.58
19/09/2018,12000,152300000,12.7(0.00 %),12000,152300000,0,0,114707909,1.59
20/09/2018,-1000,-12500000,12.6(-0.79 %),0,0,1000,12500000,114708909,0.0
21/09/2018,8000,100400000,12.8(1.59 %),8000,100400000,0,0,114700909,1.59
24/09/2018,400,5080000,12.75(-0.39 %),400,5080000,0,0,114699509,1.59
25/09/2018,0,0,12.75(0.00 %),0,0,0,0,114699509,1.59
26/09/2018,0,0,13.05(2.35 %),0,0,0,0,114699509,1.59
27/09/2018,-70470,-922860000,13.15(0.77 %),0,0,70470,922860000,114769979,1.56
28/09/2018,6700,87900000,12.85(-2.28 %),6700,87900000,0,0,114763279,1.56
01/10/2018,23730,302296470,12.65(-1.56 %),23730,302296470,0,0,114656691,1.61
02/10/2018,1600,20225000,12.5(-1.19 %),1600,20225000,0,0,114655091,1.61
03/10/2018,5120,67000000,12.5(0.00 %),30120,379500000,25000,312500000,114649971,1.61
04/10/2018,-9000,-113150000,12.6(0.80 %),0,0,9000,113150000,114658971,1.61
05/10/2018,0,0,12.5(-0.79 %),0,0,0,0,114658971,1.61
08/10/2018,-29100,-357805000,12.3(-1.60 %),900,11195000,30000,369000000,114688071,1.6
09/10/2018,0,0,12.1(-1.63 %),0,0,0,0,114728541,1.58
10/10/2018,-830,-9777000,11.85(-2.07 %),1170,13923000,2000,23700000,114729371,1.58
11/10/2018,-12140,-134884500,11.05(-6.75 %),330,3663000,12470,138547500,114741511,1.57
12/10/2018,100,1085000,11.1(0.45 %),100,1085000,0,0,114741411,1.57
15/10/2018,-1280,-14111000,11.05(-0.45 %),220,2464000,1500,16575000,114742691,1.57
16/10/2018,0,0,11.35(2.71 %),0,0,0,0,114742691,1.57
17/10/2018,0,0,11.4(0.44 %),0,0,0,0,114742691,1.57
18/10/2018,20,222000,11(-3.51 %),20,222000,0,0,114742671,1.57
19/10/2018,10,108000,10.8(-1.82 %),10,108000,0,0,114742661,1.57
22/10/2018,0,0,10.6(-1.85 %),0,0,0,0,114742661,1.57
23/10/2018,0,0,10.15(-4.25 %),0,0,0,0,114742661,1.57
24/10/2018,0,0,10.85(6.90 %),0,0,0,0,114742661,1.57
25/10/2018,-7000,-73500000,10.8(-0.46 %),0,0,7000,73500000,114749661,1.57
26/10/2018,0,0,10.4(-3.70 %),0,0,0,0,114749661,1.57
29/10/2018,0,0,10.1(-2.88 %),0,0,0,0,114749661,1.57
30/10/2018,0,0,10.15(0.50 %),0,0,0,0,114749661,1.57
31/10/2018,-16480,-172188000,10.6(4.43 %),33520,355312000,50000,527500000,114766141,1.56
01/11/2018,4700,50730000,10.8(1.89 %),5000,54000000,300,3270000,114741141,1.57
02/11/2018,0,0,11.2(3.70 %),0,0,0,0,114741141,1.57
05/11/2018,-660,-7359000,11.1(-0.89 %),0,0,660,7359000,114741801,1.57
06/11/2018,-5000,-55500000,10.85(-2.25 %),0,0,5000,55500000,114746801,1.57
07/11/2018,1000,10700000,10.7(-1.38 %),1000,10700000,0,0,114745801,1.57
08/11/2018,0,0,10.85(1.40 %),0,0,0,0,114745801,1.57
09/11/2018,200,2170000,10.8(-0.46 %),200,2170000,0,0,114745601,1.57
12/11/2018,2350,24787000,10.65(-1.39 %),2350,24787000,0,0,114743251,1.57
13/11/2018,3000,31650000,10.6(-0.47 %),3000,31650000,0,0,114740251,1.57
14/11/2018,0,0,10.6(0.00 %),0,0,0,0,114740251,1.57
15/11/2018,3000,31200000,10.35(-2.36 %),3000,31200000,0,0,114737251,1.57
16/11/2018,0,0,10.35(0.00 %),0,0,0,0,114737251,1.57
19/11/2018,132600,1394490000,10.55(1.93 %),132600,1394490000,0,0,114654951,1.61
20/11/2018,1490,15570000,10.5(-0.47 %),3190,33340000,1700,17770000,114651761,1.61
21/11/2018,0,0,10.5(0.00 %),0,0,0,0,114651761,1.61
22/11/2018,0,0,10.55(0.48 %),0,0,0,0,114651761,1.61
23/11/2018,700,7420000,10.75(1.90 %),700,7420000,0,0,114651061,1.61
26/11/2018,1600,16880000,10.5(-2.33 %),1600,16880000,0,0,114649461,1.61
27/11/2018,1000,10500000,10.3(-1.90 %),1000,10500000,0,0,114648461,1.61
28/11/2018,6200,63550000,10.2(-0.97 %),6200,63550000,0,0,114642261,1.61
29/11/2018,-356000,-3647235000,10.25(0.49 %),0,0,356000,3647235000,114998261,1.47
30/11/2018,-409980,-4151403000,10.2(-0.49 %),990,10048500,410970,4161451500,115408241,1.3
03/12/2018,7300,75080000,10.4(1.96 %),7500,77150000,200,2070000,114635471,1.62
04/12/2018,-528560,-5446703000,10.4(0.00 %),950,9832500,529510,5456535500,115164031,1.4
05/12/2018,0,0,10.25(-1.44 %),0,0,0,0,115164031,1.4
06/12/2018,-96240,-982549000,10.25(0.00 %),590,6047500,96830,988596500,115260271,1.36
07/12/2018,-422190,-4309838000,10.45(1.95 %),0,0,422190,4309838000,115682461,1.18
10/12/2018,0,0,10.35(-0.96 %),0,0,0,0,115682461,1.18
11/12/2018,600,6180000,10.3(-0.48 %),600,6180000,0,0,115681861,1.18
12/12/2018,1000,10250000,10.5(1.94 %),1000,10250000,0,0,115680861,1.18
13/12/2018,20200,214820000,10.6(0.95 %),20200,214820000,0,0,115660661,1.19
14/12/2018,7300,76467000,10.4(-1.89 %),10320,108328000,3020,31861000,115653361,1.2
17/12/2018,1000,10350000,10.2(-1.92 %),1000,10350000,0,0,115652361,1.2
18/12/2018,0,0,10(-1.96 %),0,0,0,0,115652361,1.2
19/12/2018,0,0,9.8(-2.00 %),0,0,0,0,115652361,1.2
20/12/2018,-5000,-49000000,9.8(0.00 %),0,0,5000,49000000,115657361,1.19
21/12/2018,201850,1952364000,9.73(-0.71 %),220000,2128229900,18150,175865900,115455511,1.28
24/12/2018,0,0,9.5(-2.36 %),0,0,0,0,115455511,1.28
25/12/2018,210,1900000,8.84(-6.95 %),210,1900000,0,0,116204321,0.97
26/12/2018,100,839000,8.4(-4.98 %),100,839000,0,0,116204221,0.97
27/12/2018,3000,25321000,8(-4.76 %),3000,25321000,0,0,116201221,0.97
28/12/2018,1000,7920000,7.8(-2.50 %),1000,7920000,0,0,116200221,0.97
02/01/2019,6080,47718000,7.85(0.64 %),6080,47718000,0,0,116212291,0.97
03/01/2019,4500,33445000,7.31(-6.88 %),4500,33445000,0,0,116207791,0.97
04/01/2019,72900,500501400,6.8(-6.98 %),72900,500501400,0,0,116134891,1.0
07/01/2019,5900,40120000,7.27(6.91 %),6900,46920000,1000,6800000,116128991,1.0
08/01/2019,10000,75287000,7.77(6.88 %),10000,75287000,0,0,116118991,1.0
09/01/2019,1200,9862000,8.28(6.56 %),1500,12340000,300,2478000,116117791,1.0
10/01/2019,129000,1081530000,8.34(0.72 %),129000,1081530000,0,0,115988491,1.06
11/01/2019,141000,1167010000,8.2(-1.68 %),141000,1167010000,0,0,115847491,1.12
14/01/2019,0,0,8(-2.44 %),0,0,0,0,115847491,1.12
15/01/2019,1000,8170000,8.19(2.38 %),1000,8170000,0,0,115846491,1.12
16/01/2019,12020,98894800,8.28(1.10 %),12020,98894800,0,0,115834471,1.12
17/01/2019,500,4110000,8.04(-2.90 %),500,4110000,0,0,115833971,1.12
18/01/2019,-260,-2090000,8.06(0.25 %),0,0,260,2090000,115834277,1.12
21/01/2019,10000,80650000,8.05(-0.12 %),10000,80650000,0,0,115824277,1.13
22/01/2019,0,0,7.75(-3.73 %),0,0,0,0,115824277,1.13
23/01/2019,5000,39570000,8(3.23 %),5000,39570000,0,0,115819537,1.13
24/01/2019,16600,132922700,8(0.00 %),16600,132922700,0,0,115802677,1.13
25/01/2019,500,4062000,8.05(0.62 %),500,4062000,0,0,115802177,1.13
28/01/2019,10000,81550000,8.08(0.37 %),10000,81550000,0,0,115792437,1.14
29/01/2019,0,0,8(-0.99 %),0,0,0,0,115792437,1.14
30/01/2019,9700,78650000,8.14(1.75 %),10000,81050000,300,2400000,115782477,1.14
31/01/2019,-80000,-652320000,8.15(0.12 %),0,0,80000,652320000,115782437,1.14
01/02/2019,-7000,-57030000,8.16(0.12 %),0,0,7000,57030000,115782437,1.14
11/02/2019,15000,126700000,8.5(4.17 %),15000,126700000,0,0,115767737,1.15
12/02/2019,25000,219930000,8.86(4.24 %),25000,219930000,0,0,115822737,1.13
13/02/2019,1500,13050000,8.88(0.23 %),6500,57950000,5000,44900000,115823237,1.13
14/02/2019,-5000,-43750000,8.71(-1.91 %),0,0,5000,43750000,115823237,1.13
15/02/2019,20000,172990000,8.7(-0.11 %),26000,225430000,6000,52440000,115797237,1.14
18/02/2019,23000,200800000,8.7(0.00 %),23000,200800000,0,0,115779237,1.14
19/02/2019,0,0,8.54(-1.84 %),0,0,0,0,115784237,1.14
20/02/2019,0,-1590000,8.41(-1.52 %),10000,84120000,10000,85710000,115780237,1.14
21/02/2019,2300,19150000,8.15(-3.09 %),8800,72130000,6500,52980000,115771437,1.15
22/02/2019,6500,51750000,8.18(0.37 %),6500,51750000,0,0,115764937,1.15
25/02/2019,-3000,-24540000,8.22(0.49 %),0,0,3000,24540000,115774937,1.15
26/02/2019,5510,45182000,8.15(-0.85 %),5510,45182000,0,0,115691627,1.18
27/02/2019,3000,24400000,8.1(-0.61 %),3000,24400000,0,0,115772927,1.15
28/02/2019,-5300,-42851900,8.05(-0.62 %),500,4070100,5800,46922000,115693927,1.18
01/03/2019,4180,34070000,8.15(1.24 %),4180,34070000,0,0,115771247,1.15
04/03/2019,-3180,-27907100,8.3(1.84 %),16820,137992900,20000,165900000,115778607,1.14
05/03/2019,10000,82300000,8.35(0.60 %),10000,82300000,0,0,115768607,1.15
06/03/2019,1200,11320000,8.58(2.75 %),6200,53120000,5000,41800000,115744027,1.16
07/03/2019,-5000,-43250000,8.69(1.28 %),5000,43950000,10000,87200000,115777407,1.15
08/03/2019,-28240,-240936000,8.4(-3.34 %),5760,48784000,34000,289720000,115805647,1.13
11/03/2019,-3220,-27384800,8.4(0.00 %),10000,83304800,13220,110689600,115808867,1.13
12/03/2019,-6000,-50850000,8.47(0.83 %),0,0,6000,50850000,115814867,1.13
13/03/2019,11000,93500000,8.49(0.24 %),11000,93500000,0,0,115803867,1.13
14/03/2019,6000,50700000,8.4(-1.06 %),6000,50700000,0,0,115797867,1.14
15/03/2019,200,1680000,8.28(-1.43 %),200,1680000,0,0,115794287,1.14
18/03/2019,-78000,-644910000,8.21(-0.85 %),0,0,78000,644910000,115875667,1.1
19/03/2019,-10500,-83980000,8(-2.56 %),0,0,10500,83980000,115794287,1.14
20/03/2019,-6000,-47520000,7.95(-0.62 %),0,0,6000,47520000,115892167,1.1
21/03/2019,6860,54167600,7.8(-1.89 %),9500,75050000,2640,20882400,115885307,1.1
22/03/2019,-830,-6450000,7.76(-0.51 %),0,0,830,6450000,115873287,1.11
25/03/2019,-5000,-37250000,7.3(-5.93 %),0,0,5000,37250000,115891137,1.1
26/03/2019,-10000,-73280000,7.27(-0.41 %),0,0,10000,73280000,115881927,1.1
27/03/2019,0,0,7.4(1.79 %),0,0,0,0,115901137,1.09
28/03/2019,0,0,7.4(0.00 %),0,0,0,0,115901137,1.09
29/03/2019,-28260,-209303000,7.4(0.00 %),0,0,28260,209303000,115929397,1.08
01/04/2019,-1120,-8690000,7.88(6.49 %),0,0,1120,8690000,115897757,1.1
02/04/2019,-500,-3980000,7.7(-2.28 %),0,0,500,3980000,115897757,1.1
03/04/2019,0,0,7.77(0.91 %),0,0,0,0,115926017,1.08
04/04/2019,-38450,-296620000,7.79(0.26 %),0,0,38450,296620000,115927137,1.08
05/04/2019,0,0,7.73(-0.77 %),0,0,0,0,115936707,1.08
08/04/2019,1000,7730000,7.7(-0.39 %),1000,7730000,0,0,115935707,1.08
09/04/2019,-500,-3840000,7.7(0.00 %),0,0,500,3840000,115965087,1.07
10/04/2019,760,5931400,7.8(1.30 %),800,6243000,40,311600,115935447,1.08
11/04/2019,0,0,7.95(1.92 %),0,0,0,0,115964287,1.07
12/04/2019,0,0,7.9(-0.63 %),0,0,0,0,115964787,1.07
16/04/2019,0,0,7.77(-1.65 %),0,0,0,0,115964827,1.07
17/04/2019,0,0,7.8(0.39 %),0,0,0,0,124075247,1.07
18/04/2019,0,0,7.75(-0.64 %),0,0,0,0,124075247,1.07
19/04/2019,2000,15500000,7.76(0.13 %),2000,15500000,0,0,124073247,1.07
22/04/2019,-500,-3830000,7.5(-3.35 %),0,0,500,3830000,124073247,1.07
23/04/2019,-1720,-12870000,7.55(0.67 %),0,0,1720,12870000,124073247,1.07
24/04/2019,2340,17670000,7.55(0.00 %),2340,17670000,0,0,124070907,1.07
25/04/2019,220,1650000,7.45(-1.32 %),220,1650000,0,0,124071187,1.07
26/04/2019,500,3740000,7.47(0.27 %),500,3740000,0,0,124072407,1.07
02/05/2019,-159280,-1209183600,7.58(1.47 %),0,0,159280,1209183600,124072407,1.07
03/05/2019,0,0,7.58(0.00 %),0,0,0,0,124072407,1.07
06/05/2019,0,0,7.41(-2.24 %),0,0,0,0,124072407,1.07
07/05/2019,-26250,-194737500,7.44(0.40 %),1750,13072500,28000,207810000,124098657,1.06
08/05/2019,10,74300,7.4(-0.54 %),10,74300,0,0,124098647,1.06
09/05/2019,30,221700,7.3(-1.35 %),30,221700,0,0,124098617,1.06
10/05/2019,590,4325000,7.32(0.27 %),2400,17544600,1810,13219600,124098027,1.06
13/05/2019,90670,671770000,7.45(1.78 %),90700,671990000,30,220000,124164797,1.04
14/05/2019,-3320,-24510000,7.52(0.94 %),500,3690000,3820,28200000,124164297,1.04
15/05/2019,75600,577470000,7.75(3.06 %),75600,577470000,0,0,124090507,1.06
16/05/2019,9030,70232500,7.65(-1.29 %),9030,70232500,0,0,123926047,1.13
17/05/2019,7220,55210000,7.58(-0.92 %),7220,55210000,0,0,124078109,1.07
20/05/2019,-5410,-40920000,7.58(0.00 %),4900,36900000,10310,77820000,124073209,1.07
21/05/2019,100,750000,7.49(-1.19 %),100,750000,0,0,124073109,1.07
22/05/2019,-4380,-32860000,7.49(0.00 %),0,0,4380,32860000,124073109,1.07
23/05/2019,-6070,-45380000,7.65(2.14 %),0,0,6070,45380000,124083419,1.07
24/05/2019,0,0,7.5(-1.96 %),0,0,0,0,124083430,1.07
27/05/2019,0,0,7.5(0.00 %),0,0,0,0,124087810,1.07
28/05/2019,0,0,7.5(0.00 %),0,0,0,0,124093889,1.06
29/05/2019,500,3750000,7.49(-0.13 %),500,3750000,0,0,124093389,1.06
30/05/2019,0,0,7.46(-0.40 %),0,0,0,0,124093389,1.06
31/05/2019,0,0,7.37(-1.21 %),0,0,0,0,124093389,1.06
03/06/2019,-140000,-1008100000,7.1(-3.66 %),0,0,140000,1008100000,124093389,1.06
04/06/2019,-30920,-219313600,7.1(0.00 %),0,0,30920,219313600,124124309,1.05
05/06/2019,-10000,-71000000,7.1(0.00 %),0,0,10000,71000000,124134309,1.05
06/06/2019,0,0,7.09(-0.14 %),0,0,0,0,124233389,1.01
07/06/2019,0,0,7.15(0.85 %),0,0,0,0,124264309,1.0
10/06/2019,500,3570000,7.1(-0.70 %),500,3570000,0,0,124273809,0.99
11/06/2019,1060,7530000,7.11(0.14 %),1060,7530000,0,0,124272749,0.99
12/06/2019,0,0,7.08(-0.42 %),0,0,0,0,124272749,0.99
13/06/2019,0,0,7.04(-0.56 %),0,0,0,0,124272739,0.99
14/06/2019,1200,8450000,7.04(0.00 %),1200,8450000,0,0,124271539,0.99
17/06/2019,400,2820000,7.04(0.00 %),400,2820000,0,0,124271136,0.99
18/06/2019,0,0,7.02(-0.28 %),0,0,0,0,124271136,0.99
19/06/2019,38550,271371000,7.02(0.00 %),38550,271371000,0,0,124092599,1.06
20/06/2019,0,0,7.08(0.85 %),0,0,0,0,124232586,1.01
21/06/2019,0,0,7.08(0.00 %),0,0,0,0,124232586,1.01
24/06/2019,6210,43902800,7.05(-0.42 %),6220,43973400,10,70600,124086389,1.07
25/06/2019,0,0,7(-0.71 %),0,0,0,0,124226366,1.01
26/06/2019,0,0,7(0.00 %),0,0,0,0,124226366,1.01
27/06/2019,0,0,7.09(1.29 %),0,0,0,0,124226376,1.01
28/06/2019,1780,12590000,7.06(-0.42 %),1780,12590000,0,0,124224596,1.01
01/07/2019,0,0,7.09(0.42 %),0,0,0,0,124224596,1.01
02/07/2019,1200,8500000,7.07(-0.28 %),1200,8500000,0,0,124223396,1.01
03/07/2019,0,0,7.06(-0.14 %),0,0,0,0,124223396,1.01
04/07/2019,4600,32614000,7.06(0.00 %),4600,32614000,0,0,124218796,1.01
05/07/2019,0,0,7.08(0.28 %),0,0,0,0,124218796,1.01
08/07/2019,-1400,-9912000,7.05(-0.42 %),0,0,1400,9912000,124220196,1.01
09/07/2019,0,0,6.99(-0.85 %),0,0,0,0,124220196,1.01
10/07/2019,-6600,-46190000,7.06(1.00 %),0,0,6600,46190000,124218796,1.01
11/07/2019,0,0,7.07(0.14 %),0,0,0,0,124226796,1.01
12/07/2019,0,0,7.03(-0.57 %),0,0,0,0,124226796,1.01
15/07/2019,0,0,7(-0.43 %),0,0,0,0,124226796,1.01
16/07/2019,19500,136740000,6.92(-1.14 %),20000,140200000,500,3460000,124207296,1.02
17/07/2019,4000,27680000,6.92(0.00 %),5000,34600000,1000,6920000,124203296,1.02
18/07/2019,0,0,6.97(0.72 %),0,0,0,0,124203296,1.02
19/07/2019,15000,104700000,6.98(0.14 %),15000,104700000,0,0,124188296,1.03
22/07/2019,-400,-2780000,6.99(0.14 %),0,0,400,2780000,124188696,1.03
23/07/2019,9620,66930000,6.99(0.00 %),10120,70440000,500,3510000,124178176,1.03
24/07/2019,0,0,6.96(-0.43 %),0,0,0,0,124179076,1.03
25/07/2019,500,3470000,6.9(-0.86 %),500,3470000,0,0,124178082,1.03
26/07/2019,0,0,6.9(0.00 %),0,0,0,0,124178582,1.03
29/07/2019,0,0,6.8(-1.45 %),0,0,0,0,124178582,1.03
30/07/2019,0,0,6.7(-1.47 %),0,0,0,0,124178582,1.03
31/07/2019,-5890,-38640000,6.45(-3.73 %),0,0,5890,38640000,124178582,1.03
01/08/2019,20000,125600000,6.25(-3.10 %),20000,125600000,0,0,124178582,1.03
02/08/2019,0,0,6.03(-3.52 %),0,0,0,0,124178582,1.03
05/08/2019,0,0,6.38(5.80 %),0,0,0,0,124178582,1.03
06/08/2019,21200,134700000,6.34(-0.63 %),21200,134700000,0,0,124143272,1.04
07/08/2019,0,0,6.24(-1.58 %),0,0,0,0,124157382,1.04
08/08/2019,0,0,6.22(-0.32 %),0,0,0,0,124157382,1.04
09/08/2019,0,0,6.22(0.00 %),0,0,0,0,124157382,1.04
12/08/2019,-100,-620000,6.22(0.00 %),0,0,100,620000,124143272,1.04
13/08/2019,-20000,-123410600,6.21(-0.16 %),0,0,20000,123410600,124177482,1.03
14/08/2019,0,0,6.22(0.16 %),0,0,0,0,124177482,1.03
15/08/2019,0,0,6.21(-0.16 %),0,0,0,0,124177482,1.03
16/08/2019,0,0,6.21(0.00 %),0,0,0,0,124177482,1.03
19/08/2019,0,0,6.2(-0.16 %),0,0,0,0,124177482,1.03
20/08/2019,0,0,6.24(0.65 %),0,0,0,0,124177482,1.03
21/08/2019,0,0,6.57(5.29 %),0,0,0,0,124177482,1.03
22/08/2019,0,0,6.5(-1.07 %),0,0,0,0,124177482,1.03
23/08/2019,0,0,6.39(-1.69 %),0,0,0,0,124177482,1.03
26/08/2019,0,0,6.26(-2.03 %),0,0,0,0,124177482,1.03
27/08/2019,10,62600,6.3(0.64 %),10,62600,0,0,124177472,1.03
28/08/2019,0,0,6.31(0.16 %),0,0,0,0,124177472,1.03
29/08/2019,0,0,6.31(0.00 %),0,0,0,0,124177472,1.03
30/08/2019,0,0,6.25(-0.95 %),0,0,0,0,124177472,1.03
03/09/2019,340,2123600,6.25(0.00 %),340,2123600,0,0,124163362,1.04
04/09/2019,0,0,6.15(-1.60 %),0,0,0,0,124163362,1.04
05/09/2019,0,0,6.15(0.00 %),0,0,0,0,124163362,1.04
06/09/2019,0,0,6.11(-0.65 %),0,0,0,0,124163362,1.04
09/09/2019,12000,73320000,6.04(-1.15 %),12000,73320000,0,0,124151362,1.04
10/09/2019,0,0,5.98(-0.99 %),0,0,0,0,124151362,1.04
11/09/2019,0,0,6(0.33 %),0,0,0,0,124151362,1.04
12/09/2019,-920,-5510800,6(0.00 %),0,0,920,5510800,124152282,1.04
13/09/2019,20000,120000000,5.95(-0.83 %),20000,120000000,0,0,124132282,1.05
16/09/2019,0,0,6.3(5.88 %),0,0,0,0,124132282,1.05
17/09/2019,0,0,6.36(0.95 %),0,0,0,0,124132282,1.05
18/09/2019,0,0,6.7(5.35 %),0,0,0,0,124132282,1.05
19/09/2019,24880,175130500,7.16(6.87 %),24880,175130500,0,0,124107402,1.06
20/09/2019,83280,641096700,7.61(6.28 %),103980,796341700,20700,155245000,124024122,1.09
23/09/2019,7500,57730000,7.28(-4.34 %),10000,77000000,2500,19270000,124016622,1.09
24/09/2019,87390,629134100,7.23(-0.69 %),87390,629134100,0,0,123929232,1.13
25/09/2019,115860,828140000,7.23(0.00 %),117860,842440000,2000,14300000,123808521,1.17
26/09/2019,16790,121450000,7.45(3.04 %),20840,151300000,4050,29850000,123790181,1.18
27/09/2019,-170,-1280000,7.49(0.54 %),0,0,170,1280000,123790181,1.18
30/09/2019,30040,223501000,7.48(-0.13 %),30040,223501000,0,0,123766712,1.19
01/10/2019,72460,542450000,7.59(1.47 %),72460,542450000,0,0,123766191,1.19
02/10/2019,0,0,7.52(-0.92 %),0,0,0,0,123766191,1.19
03/10/2019,0,0,7.48(-0.53 %),0,0,0,0,123766191,1.19
04/10/2019,-18510,-138640000,7.5(0.27 %),100,750000,18610,139390000,123693801,1.22
07/10/2019,-8160,-65010000,7.98(6.40 %),20,160000,8180,65170000,123693781,1.22
08/10/2019,5960,47370000,7.99(0.13 %),5960,47370000,0,0,123687821,1.22
09/10/2019,0,0,8(0.13 %),0,0,0,0,123786901,1.18
10/10/2019,-20000,-166600000,8.15(1.88 %),0,0,20000,166600000,123806901,1.17
11/10/2019,1540,12910000,8.3(1.84 %),1540,12910000,0,0,123713071,1.21
14/10/2019,260,2181400,8.37(0.84 %),260,2181400,0,0,123805101,1.17
15/10/2019,-53220,-439300000,8.25(-1.43 %),40080,328260000,93300,767560000,123692731,1.22
16/10/2019,155000,1282290000,8.23(-0.24 %),155000,1282290000,0,0,123537731,1.28
17/10/2019,1810,14900000,8.17(-0.73 %),1810,14900000,0,0,123535921,1.28
18/10/2019,28540,235512200,8.31(1.71 %),28540,235512200,0,0,123672971,1.23
21/10/2019,24000,199920000,8.34(0.36 %),24000,199920000,0,0,123648971,1.23
22/10/2019,-23080,-190810000,8.25(-1.08 %),20000,164600000,43080,355410000,123672051,1.23
23/10/2019,-61190,-512740400,8.02(-2.79 %),60530,485320400,121720,998060800,123733241,1.2
24/10/2019,1000,8030000,8.01(-0.12 %),1000,8030000,0,0,123732241,1.2
25/10/2019,62680,502490000,8.04(0.37 %),63180,506510000,500,4020000,123475051,1.3
28/10/2019,19890,160510000,8.03(-0.12 %),21390,172590000,1500,12080000,123575381,1.26
29/10/2019,22150,156240000,7.05(-12.20 %),162150,1143970000,140000,987730000,123413231,1.33
30/10/2019,-17650,-119510000,6.8(-3.55 %),12350,86590000,30000,206100000,123401381,1.33
31/10/2019,-25000,-165640000,6.7(-1.47 %),5000,33000000,30000,198640000,123670171,1.23
01/11/2019,-1230,-8003300,6.6(-1.49 %),1270,8521700,2500,16525000,123537881,1.28
04/11/2019,-3650,-23940000,6.39(-3.18 %),0,0,3650,23940000,123566611,1.27
05/11/2019,-5000,-31740000,6.49(1.56 %),1000,6350000,6000,38090000,123595611,1.26
06/11/2019,73080,475713700,6.53(0.62 %),83080,540613700,10000,64900000,123473451,1.3
07/11/2019,42260,276710000,6.59(0.92 %),59730,390990000,17470,114280000,123458951,1.31
08/11/2019,87910,579090400,6.58(-0.15 %),87910,579090400,0,0,123343281,1.35
11/11/2019,-53390,-348270000,6.55(-0.46 %),25100,164460000,78490,512730000,123361941,1.35
12/11/2019,91840,592049900,6.49(-0.92 %),131000,846250000,39160,254200100,123304831,1.37
13/11/2019,31620,204419400,6.42(-1.08 %),45200,292012000,13580,87592600,123273211,1.38
14/11/2019,-18100,-115051500,6.29(-2.02 %),2250,14400000,20350,129451500,123291311,1.37
15/11/2019,30400,189374000,6.17(-1.91 %),30400,189374000,0,0,123260911,1.38
18/11/2019,91460,566360000,6.2(0.49 %),91460,566360000,0,0,123210339,1.4
19/11/2019,28390,176430000,6.27(1.13 %),31090,193330000,2700,16900000,123199600,1.41
20/11/2019,137670,890243000,6.7(6.86 %),137670,890243000,0,0,123003391,1.48
21/11/2019,380,2580400,6.74(0.60 %),580,3940400,200,1360000,123003011,1.48
22/11/2019,-270,-1753800,6.67(-1.04 %),830,5594200,1100,7348000,123003281,1.48
25/11/2019,-42870,-276561500,6.5(-2.55 %),1070,6984700,43940,283546200,123046151,1.47
26/11/2019,3360,21890000,6.49(-0.15 %),3360,21890000,0,0,123058990,1.46
27/11/2019,48580,315698400,6.49(0.00 %),50000,324900000,1420,9201600,122994211,1.49
28/11/2019,0,0,6.46(-0.46 %),0,0,0,0,123054030,1.46
29/11/2019,-7180,-46210000,6.35(-1.70 %),1000,6450000,8180,52660000,123053030,1.46
02/12/2019,510,3222000,6.28(-1.10 %),510,3222000,0,0,123054450,1.46
03/12/2019,900,5624000,6.25(-0.48 %),900,5624000,0,0,123053550,1.46
04/12/2019,-1880,-12144000,6.46(3.36 %),150,931500,2030,13075500,123055430,1.46
05/12/2019,25000,161500000,6.37(-1.39 %),25000,161500000,0,0,123036070,1.47
06/12/2019,17000,108113800,6.34(-0.47 %),17000,108113800,0,0,123013430,1.48
09/12/2019,-3650,-23109500,6.35(0.16 %),100,632000,3750,23741500,123017080,1.48
10/12/2019,700,4430000,6.35(0.00 %),700,4430000,0,0,123020300,1.48
11/12/2019,0,0,6.4(0.79 %),0,0,0,0,123020300,1.48
12/12/2019,9600,61270000,6.4(0.00 %),9600,61270000,0,0,123014450,1.48
13/12/2019,1800,10839500,6.71(4.84 %),4900,31671500,3100,20832000,123004980,1.48
16/12/2019,5200,35500500,6.9(2.83 %),5650,38574500,450,3074000,122999780,1.49
17/12/2019,-5420,-37522100,6.94(0.58 %),2840,19871200,8260,57393300,123005200,1.48
18/12/2019,300,2034000,6.7(-3.46 %),300,2034000,0,0,123004900,1.48
19/12/2019,9000,59850000,6.69(-0.15 %),9000,59850000,0,0,122995900,1.49
20/12/2019,1070,7436500,6.95(3.89 %),1070,7436500,0,0,122994830,1.49
23/12/2019,5500,38450000,6.9(-0.72 %),5500,38450000,0,0,122997000,1.49
24/12/2019,800,5460000,6.79(-1.59 %),800,5460000,0,0,122996200,1.49
25/12/2019,-39690,-265910000,6.61(-2.65 %),200,1350000,39890,267260000,122996000,1.49
26/12/2019,59330,389823200,6.65(0.61 %),59330,389823200,0,0,122968890,1.5
27/12/2019,17070,115933300,6.76(1.65 %),17270,117263300,200,1330000,122951820,1.5
30/12/2019,4410,30190000,6.79(0.44 %),4410,30190000,0,0,122954880,1.5
31/12/2019,-48710,-327780600,6.69(-1.47 %),70,470400,48780,328251000,122999730,1.49
02/01/2020,640,4520000,6.68(-0.15 %),20010,134070000,19370,129550000,122935000,1.51
03/01/2020,-2070,-13683700,6.64(-0.60 %),15700,105023000,17770,118706700,122957080,1.5
06/01/2020,-30210,-194539600,6.51(-1.96 %),7600,50404000,37810,244943600,122987290,1.49
07/01/2020,2030,13442600,6.64(2.00 %),2030,13442600,0,0,122985260,1.49
08/01/2020,-22210,-144660000,6.5(-2.11 %),450,2930000,22660,147590000,122995140,1.49
09/01/2020,500,3272000,6.5(0.00 %),500,3272000,0,0,123006970,1.48
10/01/2020,330,2152200,6.4(-1.54 %),330,2152200,0,0,123006640,1.48
13/01/2020,720,4591800,6.19(-3.28 %),900,5724000,180,1132200,123005920,1.48
14/01/2020,7430,46210000,6.23(0.65 %),7430,46210000,0,0,123046450,1.47
15/01/2020,64500,401200000,6.23(0.00 %),64500,401200000,0,0,122981950,1.49
16/01/2020,-1860,-11570000,6.23(0.00 %),450,2820000,2310,14390000,122981680,1.49
17/01/2020,4150,25790000,6.2(-0.48 %),4150,25790000,0,0,122977530,1.49
20/01/2020,300,1860000,6.2(0.00 %),300,1860000,0,0,122977230,1.49
21/01/2020,40,250000,6.34(2.26 %),40,250000,0,0,122979500,1.49
22/01/2020,12200,77964000,6.5(2.52 %),12200,77964000,0,0,122967300,1.5
30/01/2020,7820,50939000,6.38(-1.85 %),13640,88220000,5820,37281000,122959480,1.5
31/01/2020,-259350,-1584420000,5.94(-6.90 %),2690,16660000,262040,1601080000,122950970,1.5
03/02/2020,27410,153125500,5.63(-5.22 %),27410,153125500,0,0,122950970,1.5
04/02/2020,60390,342272700,5.66(0.53 %),65700,372431500,5310,30158800,122890580,1.53
05/02/2020,-4170,-24171000,5.66(0.00 %),10060,56940000,14230,81111000,122894750,1.53
06/02/2020,27000,153420000,5.86(3.53 %),27000,153420000,0,0,123088660,1.45
07/02/2020,-13740,-80370000,5.81(-0.85 %),110,640000,13850,81010000,123093860,1.45
10/02/2020,-36050,-205590200,5.7(-1.89 %),1060,6042600,37110,211632800,122917540,1.52
11/02/2020,-19990,-113850000,5.7(0.00 %),10,60000,20000,113910000,123107020,1.44
12/02/2020,0,0,5.75(0.88 %),0,0,0,0,123120870,1.44
13/02/2020,2000,11640000,5.84(1.57 %),2000,11640000,0,0,123155978,1.43
14/02/2020,0,0,5.8(-0.68 %),0,0,0,0,123175978,1.42
17/02/2020,1500,8620000,5.75(-0.86 %),1500,8620000,0,0,123174478,1.42
18/02/2020,11790,67790400,5.79(0.70 %),11790,67790400,0,0,122922240,1.52
19/02/2020,44710,261334400,5.87(1.38 %),44710,261334400,0,0,122877530,1.53
20/02/2020,50900,303350000,5.98(1.87 %),50900,303350000,0,0,123067078,1.46
21/02/2020,400,2344000,5.85(-2.17 %),400,2344000,0,0,122826230,1.55
24/02/2020,-34510,-195110000,5.5(-5.98 %),4050,22780000,38560,217890000,123062628,1.46
25/02/2020,-9390,-50800000,5.52(0.36 %),0,0,9390,50800000,123062628,1.46
26/02/2020,-9240,-50360000,5.45(-1.27 %),0,0,9240,50360000,123062628,1.46
27/02/2020,0,0,5.6(2.75 %),0,0,0,0,123101188,1.45
28/02/2020,-742300,-4310190000,5.8(3.57 %),1800,10340000,744100,4320530000,123108778,1.44
02/03/2020,-1450,-8280000,5.74(-1.03 %),0,0,1450,8280000,123118018,1.44
03/03/2020,109490,635794900,5.82(1.39 %),119490,693231800,10000,57436900,123008528,1.48
04/03/2020,-102350,-594040000,5.77(-0.86 %),0,0,102350,594040000,123742628,1.2
05/03/2020,2850,16660000,5.68(-1.56 %),3650,21210000,800,4550000,123740428,1.2
06/03/2020,947050,5441444800,5.94(4.58 %),947050,5441444800,0,0,122160978,1.81
09/03/2020,24230,134500000,5.53(-6.90 %),24230,134500000,0,0,122881498,1.53
10/03/2020,15800,88249000,5.61(1.45 %),21500,119682600,5700,31433600,122120948,1.82
11/03/2020,20,111000,5.55(-1.07 %),20,111000,0,0,122120928,1.82
12/03/2020,-6780,-35990000,5.2(-6.31 %),2720,14280000,9500,50270000,122858058,1.54
13/03/2020,1910,9569200,5.2(0.00 %),2000,10012000,90,442800,122125798,1.82
16/03/2020,-3360,-17272500,5.1(-1.92 %),0,0,3360,17272500,122129158,1.82
17/03/2020,480,2443200,5.13(0.59 %),480,2443200,0,0,122128678,1.82
18/03/2020,320,1650600,5.14(0.19 %),320,1650600,0,0,122128358,1.82
19/03/2020,320,1650600,4.95(-3.70 %),320,1650600,0,0,122128038,1.82
20/03/2020,10000,49300000,4.95(0.00 %),10000,49300000,0,0,122863798,1.54
23/03/2020,7200,33524000,4.61(-6.87 %),7200,33524000,0,0,122110838,1.83
24/03/2020,0,0,4.4(-4.56 %),0,0,0,0,122856658,1.54
25/03/2020,282180,1273490000,4.52(2.73 %),282180,1273490000,0,0,122574478,1.65
26/03/2020,32950,148710000,4.23(-6.42 %),32950,148710000,0,0,122541528,1.66
27/03/2020,40580,172794800,3.94(-6.86 %),40580,172794800,0,0,121755128,1.97
30/03/2020,29880,110190000,3.67(-6.85 %),29880,110190000,0,0,122471068,1.69
31/03/2020,50450,180813100,3.42(-6.81 %),74340,263353800,23890,82540700,121674798,2.0
01/04/2020,152360,516540000,3.4(-0.58 %),152360,516540000,0,0,122244368,1.78
03/04/2020,-8650,-31400000,3.63(6.76 %),0,0,8650,31400000,122244368,1.78
06/04/2020,0,0,3.88(6.89 %),0,0,0,0,122405378,1.72
07/04/2020,102100,423715000,4.15(6.96 %),107810,447411500,5710,23696500,122303278,1.75
08/04/2020,-21720,-92802900,4.3(3.61 %),9040,37872400,30760,130675300,122324998,1.75
09/04/2020,-4230,-18086500,4.38(1.86 %),9380,41593700,13610,59680200,122329228,1.74
10/04/2020,25660,110670000,4.25(-2.97 %),29640,127480000,3980,16810000,122126748,1.82
13/04/2020,99400,423404400,4.26(0.24 %),99400,423404400,0,0,122204168,1.79
14/04/2020,56200,243020000,4.55(6.81 %),56200,243020000,0,0,122015518,1.87
15/04/2020,-10520,-50210000,4.78(5.05 %),1050,4980000,11570,55190000,122018448,1.86
16/04/2020,-277940,-1308757500,4.8(0.42 %),107170,500462900,385110,1809220400,122436428,1.7
17/04/2020,-29560,-140910000,4.76(-0.83 %),520,2490000,30080,143400000,121910758,1.91
20/04/2020,-15370,-72420000,4.75(-0.21 %),11460,55240000,26830,127660000,121910868,1.91
21/04/2020,-7250,-33680000,4.42(-6.95 %),30820,136290000,38070,169970000,122265158,1.77
22/04/2020,62370,277663100,4.57(3.39 %),65350,291311500,2980,13648400,122426238,1.71
23/04/2020,-57040,-260160000,4.51(-1.31 %),8000,36520000,65040,296680000,122248718,1.78
24/04/2020,20020,90510000,4.51(0.00 %),25790,116260000,5770,25750000,122260998,1.77
27/04/2020,43480,199762600,4.59(1.77 %),43480,199762600,0,0,122419778,1.71
28/04/2020,12000,56132000,4.64(1.09 %),15810,73810400,3810,17678400,122407778,1.71
29/04/2020,-140510,-654196400,4.64(0.00 %),23240,109852000,163750,764048400,122548288,1.66
04/05/2020,-868970,-4308790000,4.96(6.90 %),33780,167380000,902750,4476170000,122218478,1.79
05/05/2020,-5410,-26608500,5(0.81 %),6870,34372000,12280,60980500,122257668,1.77
06/05/2020,-10900,-54116000,5(0.00 %),6930,34781800,17830,88897800,122268568,1.77
07/05/2020,-78660,-398450400,5.12(2.40 %),26870,135722700,105530,534173100,122347228,1.74
08/05/2020,3540,18520000,5.07(-0.98 %),3540,18520000,0,0,123256858,1.39
11/05/2020,-29600,-152920000,5.19(2.37 %),0,0,29600,152920000,123274688,1.38
12/05/2020,50110,260962700,5.2(0.19 %),50110,260962700,0,0,122323178,1.75
13/05/2020,-35750,-193246100,5.38(3.46 %),54570,288543900,90320,481790000,122358928,1.73
14/05/2020,27580,153132400,5.63(4.65 %),27580,153132400,0,0,122331348,1.74
15/05/2020,-78300,-429841100,5.39(-4.26 %),0,0,78300,429841100,122409648,1.71
18/05/2020,36940,199490000,5.43(0.74 %),49700,268210000,12760,68720000,123318178,1.36
19/05/2020,-17260,-93420200,5.38(-0.92 %),14500,79640700,31760,173060900,122389968,1.72
20/05/2020,-31540,-169390000,5.38(0.00 %),0,0,31540,169390000,123381978,1.34
21/05/2020,-5450,-29424900,5.41(0.56 %),0,0,5450,29424900,122426958,1.71
22/05/2020,-20230,-108709300,5.35(-1.11 %),1040,5601000,21270,114310300,122447188,1.7
25/05/2020,128190,692200000,5.44(1.68 %),128190,692200000,0,0,123328808,1.36
26/05/2020,39580,219441200,5.55(2.02 %),46580,258361200,7000,38920000,122279418,1.76
27/05/2020,-96020,-526300000,5.42(-2.34 %),0,0,96020,526300000,123308948,1.37
28/05/2020,23520,128733900,5.41(-0.18 %),23520,128733900,0,0,122351918,1.74
29/05/2020,68680,368134600,5.37(-0.74 %),68680,368134600,0,0,122283238,1.76
01/06/2020,136690,753020500,5.74(6.89 %),136690,753020500,0,0,123319768,1.36
02/06/2020,-76970,-449792200,5.83(1.57 %),18710,112004100,95680,561796300,123396738,1.33
03/06/2020,-23270,-134950000,5.85(0.34 %),0,0,23270,134950000,123164366,1.42
04/06/2020,101840,598340000,5.88(0.51 %),102840,604200000,1000,5860000,123061526,1.46
05/06/2020,128530,762040000,6.22(5.78 %),128530,762040000,0,0,123028676,1.47
08/06/2020,50580,324920000,6.65(6.91 %),52580,337650000,2000,12730000,122999366,1.49
09/06/2020,-119210,-783630000,6.59(-0.90 %),0,0,119210,783630000,123000366,1.49
10/06/2020,143340,942846800,6.65(0.91 %),143980,947102800,640,4256000,123124248,1.44
11/06/2020,16430,106160000,6.2(-6.77 %),64710,420210000,48280,314050000,122793676,1.57
12/06/2020,69110,413150900,5.88(-5.16 %),69110,413150900,0,0,123038708,1.47
15/06/2020,-34600,-208060700,5.6(-4.76 %),100500,576830000,135100,784890700,123073308,1.46
16/06/2020,163070,946740000,5.81(3.75 %),174590,1012080000,11520,65340000,122617606,1.63
17/06/2020,-20950,-69234200,5.79(-0.34 %),200,1163600,21150,70397800,122931188,1.51
18/06/2020,2210,14053800,5.71(-1.38 %),29620,171054300,27410,157000500,122928978,1.51
19/06/2020,102490,603890000,5.94(4.03 %),144220,846760000,41730,242870000,122590186,1.64
22/06/2020,-9060,-54920000,6.08(2.36 %),8720,53260000,17780,108180000,122602616,1.64
23/06/2020,-15900,-95250000,6.15(1.15 %),26900,165470000,42800,260720000,122603126,1.64
24/06/2020,-76140,-460358500,5.99(-2.60 %),250,1531000,76390,461889500,122927588,1.51
25/06/2020,-48560,-283982700,5.86(-2.17 %),750,4403000,49310,288385700,122976148,1.49
26/06/2020,-110370,-643402400,5.76(-1.71 %),300,1754000,110670,645156400,123086518,1.45
29/06/2020,-42820,-238790000,5.48(-4.86 %),16210,88890000,59030,327680000,122764323,1.58
30/06/2020,17540,97570000,5.4(-1.46 %),40690,222640000,23150,125070000,122772943,1.57
01/07/2020,87310,477940000,5.51(2.04 %),87310,477940000,0,0,122796303,1.56
02/07/2020,-20000,-112080700,5.67(2.90 %),14470,80491200,34470,192571900,122903613,1.52
03/07/2020,-62640,-360600000,5.7(0.53 %),0,0,62640,360600000,122864013,1.54
06/07/2020,-25340,-143952900,5.71(0.18 %),0,0,25340,143952900,122991593,1.49
07/07/2020,-27300,-154060000,5.6(-1.93 %),19280,109900000,46580,263960000,122879203,1.53
08/07/2020,38980,218390000,5.57(-0.54 %),38980,218390000,0,0,122902863,1.52
09/07/2020,23810,134960000,5.74(3.05 %),23810,134960000,0,0,122904393,1.52
10/07/2020,-30390,-171760000,5.66(-1.39 %),10,60000,30400,171820000,122950963,1.5
13/07/2020,-40860,-231430000,5.68(0.35 %),3350,19200000,44210,250630000,122947613,1.51
14/07/2020,-5820,-32770000,5.64(-0.70 %),0,0,5820,32770000,122947613,1.51
15/07/2020,-4110,-22950000,5.63(-0.18 %),4000,22520000,8110,45470000,122974013,1.5
16/07/2020,-67980,-381311000,5.63(0.00 %),0,0,67980,381311000,123105263,1.44
17/07/2020,-600,-3380000,5.64(0.18 %),0,0,600,3380000,123024043,1.48
20/07/2020,-43270,-242170000,5.58(-1.06 %),500,2790000,43770,244960000,123031653,1.47
21/07/2020,-16150,-89720000,5.56(-0.36 %),0,0,16150,89720000,123099633,1.45
22/07/2020,-60250,-333020400,5.54(-0.36 %),0,0,60250,333020400,123225533,1.4
23/07/2020,-25280,-136410000,5.4(-2.53 %),500,2750000,25780,139160000,123143503,1.43
24/07/2020,-60420,-310602800,5.03(-6.85 %),1100,5633000,61520,316235800,123311233,1.37
27/07/2020,83710,396330000,4.68(-6.96 %),83710,396330000,0,0,123135086,1.43
28/07/2020,89820,424280000,4.88(4.27 %),89820,424280000,0,0,123071046,1.46
29/07/2020,2400,11800000,4.54(-6.97 %),13300,61380000,10900,49580000,123119266,1.44
30/07/2020,2400,11793500,4.75(4.63 %),13300,61377800,10900,49584300,123132903,1.43
31/07/2020,-28120,-132980000,5.08(6.95 %),17120,86170000,45240,219150000,123102146,1.45
03/08/2020,15990,83030000,5.43(6.89 %),21290,111170000,5300,28140000,123091756,1.45
04/08/2020,-128990,-705680000,5.35(-1.47 %),0,0,128990,705680000,123124746,1.44
05/08/2020,-54190,-290680000,5.36(0.19 %),7380,39810000,61570,330490000,123162592,1.42
06/08/2020,52950,286344200,5.42(1.12 %),52950,286344200,0,0,123243276,1.39
07/08/2020,-6040,-32440000,5.43(0.18 %),7060,38560000,13100,71000000,123236872,1.39
10/08/2020,-5550,-31360000,5.68(4.60 %),0,0,5550,31360000,123298442,1.37
11/08/2020,-19810,-114934100,5.88(3.52 %),0,0,19810,114934100,123274676,1.38
12/08/2020,-76950,-475354100,6.09(3.57 %),1000,6050000,77950,481404100,123351626,1.35
13/08/2020,16770,102550000,6(-1.48 %),16770,102550000,0,0,123299322,1.37
14/08/2020,-70070,-406100000,5.84(-2.67 %),0,0,70070,406100000,123319132,1.36
17/08/2020,55860,319770000,5.82(-0.34 %),55870,319830000,10,60000,123341212,1.35
18/08/2020,44210,263334100,5.94(2.06 %),44210,263334100,0,0,123304856,1.37
19/08/2020,56110,333240000,5.9(-0.67 %),56110,333240000,0,0,123310962,1.37
20/08/2020,-2430,-13150000,5.86(-0.68 %),54500,320710000,56930,333860000,123256472,1.39
21/08/2020,93110,556681800,6(2.39 %),93110,556681800,0,0,123158066,1.42
24/08/2020,22770,139820200,6.12(2.00 %),24010,147421400,1240,7601200,123135296,1.43
25/08/2020,2590,15952700,6.13(0.16 %),2600,16014000,10,61300,123132706,1.43
26/08/2020,46590,287322100,6.21(1.31 %),46760,288391400,170,1069300,123086116,1.45
27/08/2020,-2920,-18020000,6.21(0.00 %),9770,61380000,12690,79400000,123138392,1.43
28/08/2020,-12700,-78458200,6.15(-0.97 %),3690,22812300,16390,101270500,123101736,1.45
31/08/2020,-27610,-169060000,6.1(-0.81 %),400,2480000,28010,171540000,123134482,1.43
01/09/2020,69190,423530000,6.15(0.82 %),69190,423530000,0,0,123077982,1.46
03/09/2020,-200,-60000,6.17(0.33 %),15000,93440000,15200,93500000,123079372,1.45
04/09/2020,70940,434693600,6.12(-0.81 %),70940,434693600,0,0,123076432,1.46
07/09/2020,62470,393214600,6.3(2.94 %),62470,393214600,0,0,123013962,1.48
08/09/2020,32050,203280000,6.35(0.79 %),32590,206700000,540,3420000,122956577,1.5
09/09/2020,29230,185550000,6.37(0.31 %),39730,252230000,10500,66680000,122916847,1.52
10/09/2020,39660,265620000,6.68(4.87 %),41410,277350000,1750,11730000,122875437,1.53
11/09/2020,-55270,-367410900,6.71(0.45 %),28760,197191200,84030,564602100,122968292,1.5
14/09/2020,5710,40449700,7.17(6.86 %),10810,74834700,5100,34385000,122962582,1.5
15/09/2020,-113460,-838760000,7.45(3.91 %),14000,102360000,127460,941120000,122834657,1.55
16/09/2020,-90100,-687216800,7.97(6.98 %),11680,92122000,101780,779338800,123166142,1.42
17/09/2020,-125800,-1057550000,8.36(4.89 %),29130,245680000,154930,1303230000,122882977,1.53
18/09/2020,-20020,-169177400,8.25(-1.32 %),6140,51140400,26160,220317800,123311962,1.36
21/09/2020,-40630,-330590000,7.85(-4.85 %),3850,31270000,44480,361860000,123102227,1.45
22/09/2020,475260,3757630000,7.94(1.15 %),484360,3829730000,9100,72100000,122772797,1.57
23/09/2020,96090,786650000,8.15(2.64 %),96290,788300000,200,1650000,122702667,1.6
24/09/2020,381230,3134503300,8.25(1.23 %),381230,3134503300,0,0,122400012,1.72
25/09/2020,-63870,-520179400,8.17(-0.97 %),230,1903100,64100,522082500,122463882,1.69
28/09/2020,-57630,-462880000,8.05(-1.47 %),38400,312430000,96030,775310000,122336587,1.74
29/09/2020,-26170,-199055400,8.19(1.74 %),98730,816352800,124900,1015408200,122547682,1.66
30/09/2020,284620,2391740000,8.76(6.96 %),287200,2414260000,2580,22520000,122014757,1.87
01/10/2020,143420,1326810000,9.37(6.96 %),185030,1710270000,41610,383460000,121925757,1.9
02/10/2020,-63890,-599750700,9.98(6.51 %),150510,1449623600,214400,2049374300,122174677,1.8
05/10/2020,-92420,-945970000,10.25(2.71 %),13020,130720000,105440,1076690000,121889707,1.91
06/10/2020,-147100,-1463361300,9.96(-2.83 %),1550,15614500,148650,1478975800,122414197,1.71
07/10/2020,257600,2587190000,10.05(0.90 %),264280,2652340000,6680,65150000,121879887,1.92
08/10/2020,-93990,-928998600,9.83(-2.19 %),12440,125110500,106430,1054109100,122250587,1.77
09/10/2020,209120,2065821000,9.84(0.10 %),209120,2065821000,0,0,122041467,1.86
12/10/2020,-50270,-501515100,9.87(0.30 %),71150,707474600,121420,1208989700,122091737,1.84
13/10/2020,15500,155280000,9.87(0.00 %),23380,233190000,7880,77910000,121930997,1.9
14/10/2020,-22150,-216200000,9.79(-0.81 %),24360,241330000,46510,457530000,121906637,1.91
15/10/2020,-46860,-440700000,9.27(-5.31 %),300,2930000,47160,443630000,122027757,1.86
16/10/2020,234890,2199110000,9.45(1.94 %),245920,2299630000,11030,100520000,121789709,1.95
19/10/2020,-89470,-844190000,9.33(-1.27 %),200,1910000,89670,846100000,121836019,1.94
20/10/2020,136960,1284040000,9.46(1.39 %),138460,1298230000,1500,14190000,121744719,1.97
21/10/2020,-85750,-799611800,9.24(-2.33 %),1060,9924600,86810,809536400,121948617,1.89
22/10/2020,83730,783580000,9.55(3.35 %),83730,783580000,0,0,121760629,1.96
23/10/2020,101580,1001360000,9.8(2.62 %),105720,1041920000,4140,40560000,121656409,2.0
26/10/2020,-128780,-1241034300,9.35(-4.59 %),300,2943000,129080,1243977300,121892087,1.91
27/10/2020,-24080,-223150000,9.25(-1.07 %),1000,9280000,25080,232430000,121741919,1.97
28/10/2020,-102510,-930830000,8.7(-5.95 %),0,0,102510,930830000,121746059,1.97
29/10/2020,256420,2238940000,9.03(3.79 %),256420,2238940000,0,0,121618719,2.02
30/10/2020,-110690,-994570200,9(-0.33 %),0,0,110690,994570200,121872947,1.92
02/11/2020,1460,12702100,8.75(-2.78 %),6270,54891800,4810,42189700,121746309,1.97
03/11/2020,157150,1403070000,9.02(3.09 %),162580,1451860000,5430,48790000,121577459,2.03
04/11/2020,63130,579640000,9.38(3.99 %),63130,579640000,0,0,121625019,2.02
05/11/2020,-67240,-619750000,9.14(-2.56 %),2000,18760000,69240,638510000,121627829,2.02
06/11/2020,-57100,-517463300,9.06(-0.88 %),0,0,57100,517463300,121650369,2.01
09/11/2020,38960,357883900,9.17(1.21 %),41460,380782600,2500,22898700,121611409,2.02
10/11/2020,-77470,-709550000,9.07(-1.09 %),1000,9060000,78470,718610000,121660032,2.0
11/11/2020,-21190,-191420000,9.05(-0.22 %),17320,157450000,38510,348870000,121699812,1.99
12/11/2020,-41020,-371110000,9.06(0.11 %),0,0,41020,371110000,121702312,1.99
13/11/2020,12790,120652100,9.69(6.95 %),13290,125242100,500,4590000,121738299,1.97
16/11/2020,-207290,-2089604400,10.05(3.72 %),20220,204572000,227510,2294176400,121945589,1.89
17/11/2020,125480,1349550000,10.75(6.97 %),137190,1467360000,11710,117810000,121689612,1.99
18/11/2020,30510,334840000,10.9(1.40 %),34500,377980000,3990,43140000,121655612,2.0
19/11/2020,51730,551157500,10.6(-2.75 %),85280,910400000,33550,359242500,121737869,1.97
20/11/2020,164420,1737862500,11.25(6.13 %),166920,1764332500,2500,26470000,121573449,2.04
23/11/2020,35290,393162000,11.1(-1.33 %),35290,393162000,0,0,121538159,2.05
24/11/2020,300030,3385090000,11.2(0.90 %),304490,3434830000,4460,49740000,121340392,2.13
25/11/2020,59540,677810000,11.6(3.57 %),63730,726950000,4190,49140000,121279162,2.15
26/11/2020,123930,1438770000,11.45(-1.29 %),123930,1438770000,0,0,121155232,2.2
27/11/2020,-37570,-426230000,11.55(0.87 %),53760,628320000,91330,1054550000,121105932,2.22
30/11/2020,37580,437150000,11.2(-3.03 %),69180,797100000,31600,359950000,121040942,2.24
01/12/2020,164150,1862456500,11.45(2.23 %),166350,1886761500,2200,24305000,121040942,2.24
02/12/2020,335670,3885892000,11.6(1.31 %),338370,3916972000,2700,31080000,120705272,2.37
03/12/2020,364370,4400430000,12.4(6.90 %),364580,4403030000,210,2600000,120294572,2.53
04/12/2020,-88960,-1103100000,12.4(0.00 %),10200,127730000,99160,1230830000,120286572,2.53
07/12/2020,579130,7311161000,12.85(3.63 %),579130,7311161000,0,0,119850732,2.7
08/12/2020,122530,1573818500,12.75(-0.78 %),122630,1575093500,100,1275000,119728202,2.75
09/12/2020,384710,5097660000,13.2(3.53 %),510490,6734280000,125780,1636620000,119176392,2.96
10/12/2020,-164520,-2156882000,12.7(-3.79 %),11980,154690000,176500,2311572000,119508012,2.83
11/12/2020,136060,1747300000,13(2.36 %),136150,1748450000,90,1150000,119028362,3.02
14/12/2020,-111250,-1503625000,13.7(5.38 %),2200,29711500,113450,1533336500,119483202,2.84
15/12/2020,56590,792320000,13.95(1.82 %),56860,796080000,270,3760000,119271582,2.93
16/12/2020,11700,167936500,14.7(5.38 %),12060,173202000,360,5265500,119414912,2.87
17/12/2020,-106960,-1589326000,14.9(1.36 %),10190,152652000,117150,1741978000,119521872,2.83
18/12/2020,18070,294254500,15.9(6.71 %),39170,616303000,21100,322048500,119503802,2.84
21/12/2020,-67030,-1118172500,17(6.92 %),23540,399830000,90570,1518002500,119570832,2.81
22/12/2020,-48630,-857500000,18.15(6.76 %),29710,536760000,78340,1394260000,119388232,2.88
23/12/2020,-248080,-4581443000,17(-6.34 %),8850,165471500,256930,4746914500,119867542,2.7
24/12/2020,-62180,-1052580000,16(-5.88 %),55260,887930000,117440,1940510000,119435722,2.86
25/12/2020,142010,2366350000,17.1(6.88 %),160590,2674890000,18580,308540000,119353472,2.89
28/12/2020,-161010,-2799085500,17.5(2.34 %),41300,724954000,202310,3524039500,119948722,2.66
29/12/2020,-28880,-496770000,17.2(-1.71 %),11410,196780000,40290,693550000,119675132,2.77
30/12/2020,-355660,-5915230000,16.25(-5.52 %),5070,83750000,360730,5998980000,119688642,2.76
31/12/2020,151320,2507896500,16.9(4.00 %),164800,2732617500,13480,224721000,119537322,2.82
04/01/2021,-126100,-2164565000,17.1(1.18 %),17100,292945000,143200,2457510000,119749342,2.74
05/01/2021,-355800,-6012935000,16.85(-1.46 %),44900,759875000,400700,6772810000,120105142,2.6
06/01/2021,-71300,-1186665000,16.7(-0.89 %),39500,660860000,110800,1847525000,120176442,2.58
07/01/2021,234500,4172745000,17.85(6.89 %),234800,4178050000,300,5305000,119941942,2.67
08/01/2021,-82400,-1480205000,18.15(1.68 %),33600,610670000,116000,2090875000,120024342,2.63
11/01/2021,-223000,-3990590000,17.8(-1.93 %),4800,85845000,227800,4076435000,120247342,2.55
12/01/2021,-46700,-810415000,17.7(-0.56 %),100,1745000,46800,812160000,120294042,2.53
13/01/2021,-99400,-1741465000,17.5(-1.13 %),23000,414615000,122400,2156080000,120393442,2.49
14/01/2021,97100,1768835000,18.15(3.71 %),148600,2663505000,51500,894670000,120296342,2.53
15/01/2021,-41400,-742720000,18.1(-0.28 %),8500,157875000,49900,900595000,120337742,2.51
18/01/2021,-28500,-499855000,18.7(3.31 %),33300,615015000,61800,1114870000,120366242,2.5
19/01/2021,-46800,-817965000,17.9(-4.28 %),3100,57890000,49900,875855000,120413042,2.48
20/01/2021,-197400,-3511480000,17.85(-0.28 %),0,0,197400,3511480000,120610442,2.41
21/01/2021,-199000,-3592830000,18(0.84 %),1000,18100000,200000,3610930000,120809442,2.33
22/01/2021,225300,4316965000,19.2(6.67 %),288300,5529715000,63000,1212750000,120584142,2.42
25/01/2021,11500,253190000,20.5(6.77 %),140300,2834930000,128800,2581740000,120572642,2.42
26/01/2021,-130700,-2756835000,21.1(2.93 %),1500,32000000,132200,2788835000,120703342,2.37
27/01/2021,-250900,-5097600000,19.65(-6.87 %),600,12290000,251500,5109890000,120954242,2.28
28/01/2021,200,3660000,18.3(-6.87 %),200,3660000,0,0,120954042,2.28
29/01/2021,-33100,-563740000,17.05(-6.83 %),59700,1027290000,92800,1591030000,120987142,2.26
01/02/2021,-78000,-1271175000,15.9(-6.74 %),3700,59010000,81700,1330185000,121411598,2.1
02/02/2021,-65400,-976215000,14.8(-6.92 %),40400,611620000,105800,1587835000,121476998,2.07
03/02/2021,-38000,-559055000,15.8(6.76 %),88100,1381510000,126100,1940565000,121514998,2.06
04/02/2021,-308900,-5070275000,16.15(2.22 %),4400,71395000,313300,5141670000,121823898,1.94
05/02/2021,-67700,-1088775000,16(-0.93 %),4200,67895000,71900,1156670000,121891598,1.91
08/02/2021,-173900,-2652515000,14.9(-6.88 %),5700,85505000,179600,2738020000,122065498,1.85
09/02/2021,135200,1924410000,14.25(-4.36 %),141400,2011460000,6200,87050000,121930298,1.9
17/02/2021,83400,1222010000,15.2(6.67 %),91200,1338050000,7800,116040000,121846898,1.93
18/02/2021,-149900,-2345675000,15.6(2.63 %),27000,424550000,176900,2770225000,121996798,1.87
19/02/2021,-212300,-3232680000,15.25(-2.24 %),2500,38705000,214800,3271385000,122209098,1.79
22/02/2021,-165000,-2525475000,15.3(0.33 %),0,0,165000,2525475000,122374098,1.73
23/02/2021,66500,1041430000,15.95(4.25 %),72500,1133080000,6000,91650000,122307598,1.75
24/02/2021,-251100,-3986285000,15.7(-1.57 %),200,3250000,251300,3989535000,122558698,1.66
25/02/2021,-161300,-2512755000,15.5(-1.27 %),700,10885000,162000,2523640000,122719998,1.59
26/02/2021,11400,178610000,15.45(-0.32 %),50500,770940000,39100,592330000,122708598,1.6
01/03/2021,82400,1298125000,15.9(2.91 %),87700,1380760000,5300,82635000,122678298,1.61
02/03/2021,-517500,-8125660000,15.65(-1.57 %),300,4680000,517800,8130340000,123195798,1.41
03/03/2021,17300,301995000,16.7(6.71 %),36500,608600000,19200,306605000,123178498,1.42
04/03/2021,-103300,-1710845000,16.8(0.60 %),44600,744905000,147900,2455750000,123281798,1.38
05/03/2021,-103400,-1670030000,16.7(-0.60 %),2500,41475000,105900,1711505000,123385198,1.34
08/03/2021,-115000,-1923940000,16.6(-0.60 %),2000,33250000,117000,1957190000,123500198,1.29
09/03/2021,20500,346395000,16.8(1.20 %),29800,504265000,9300,157870000,123479698,1.3
10/03/2021,2000,33730000,16.85(0.30 %),2100,35415000,100,1685000,123477698,1.3
11/03/2021,-2100,-35730000,16.7(-0.89 %),2000,33300000,4100,69030000,123479798,1.3
12/03/2021,21700,359565000,16.4(-1.80 %),28400,471145000,6700,111580000,123458098,1.31
15/03/2021,46300,764420000,16.45(0.30 %),46300,764420000,0,0,123411798,1.33
16/03/2021,48000,792110000,16.45(0.00 %),50500,833110000,2500,41000000,123363798,1.34
17/03/2021,35500,586240000,16.45(0.00 %),35600,587885000,100,1645000,123328298,1.36
18/03/2021,83200,1412315000,16.9(2.74 %),88200,1498790000,5000,86475000,123245098,1.39
19/03/2021,-55600,-925725000,16.7(-1.18 %),1000,16650000,56600,942375000,123300698,1.37
22/03/2021,-33800,-558380000,16.5(-1.20 %),2200,36310000,36000,594690000,123334498,1.36
23/03/2021,-73300,-1184005000,16.15(-2.12 %),2600,42345000,75900,1226350000,123407798,1.33
24/03/2021,4200,44935000,15.2(-5.88 %),31200,470025000,27000,425090000,123403598,1.33
25/03/2021,-13300,-201050000,15(-1.32 %),2300,34930000,15600,235980000,123416898,1.32
26/03/2021,13300,188055000,15(0.00 %),16300,231255000,3000,43200000,123403598,1.33
29/03/2021,11400,172315000,15.2(1.33 %),17700,267730000,6300,95415000,123392198,1.33
30/03/2021,500,7580000,15.1(-0.66 %),2600,39395000,2100,31815000,123391698,1.33
31/03/2021,33000,501090000,15.15(0.33 %),33000,501090000,0,0,123358698,1.35
01/04/2021,60000,925010000,15.7(3.63 %),61000,940635000,1000,15625000,123475402,1.3
02/04/2021,1500,27800000,15.6(-0.64 %),18500,294375000,17000,266575000,123473902,1.3
05/04/2021,-36400,-565730000,15.4(-1.28 %),700,10900000,37100,576630000,123510302,1.29
06/04/2021,131900,2036960000,15.35(-0.32 %),131900,2036960000,0,0,123378402,1.34
07/04/2021,48400,762455000,15.85(3.26 %),51600,812345000,3200,49890000,123330002,1.36
08/04/2021,29800,490060000,16.55(4.42 %),42200,694620000,12400,204560000,123300202,1.37
09/04/2021,-84700,-1396650000,16.5(-0.30 %),0,0,84700,1396650000,123384902,1.34
12/04/2021,-24800,-402750000,16.3(-1.21 %),13900,225535000,38700,628285000,123409702,1.33
13/04/2021,-21500,-330210000,15.7(-3.68 %),6800,109855000,28300,440065000,123431202,1.32
14/04/2021,-17200,-264485000,15.7(0.00 %),7600,119320000,24800,383805000,123448402,1.31
15/04/2021,-12800,-198850000,15.4(-1.91 %),4200,65440000,17000,264290000,123461202,0.96
16/04/2021,49600,753055000,15.05(-2.27 %),66800,1012945000,17200,259890000,123411602,1.33
19/04/2021,110800,1678025000,15.6(3.65 %),110800,1678025000,0,0,123300802,1.37
20/04/2021,46900,726995000,15.3(-1.92 %),53200,824800000,6300,97805000,123253902,1.39
22/04/2021,40600,610210000,14.5(-5.23 %),40600,610210000,0,0,123213302,1.4
23/04/2021,-25300,-365080000,14.8(2.07 %),12800,186990000,38100,552070000,123238602,1.39
26/04/2021,27000,391440000,14.15(-4.39 %),27300,395670000,300,4230000,123211602,1.4
27/04/2021,64400,910635000,14.4(1.77 %),65400,924635000,1000,14000000,123147202,1.43
28/04/2021,-9500,-140010000,14.55(1.04 %),2000,29040000,11500,169050000,123156702,1.42
29/04/2021,-338200,-4826590000,14.3(-1.72 %),2300,32815000,340500,4859405000,123494902,1.29
04/05/2021,-113500,-1541465000,13.55(-5.24 %),6300,84920000,119800,1626385000,123084957,1.45
05/05/2021,-2900,-36830000,13.9(2.58 %),10100,140420000,13000,177250000,123087857,1.45
06/05/2021,1400,19770000,13.55(-2.52 %),2600,36150000,1200,16380000,123086457,1.45
07/05/2021,36200,492275000,13.45(-0.74 %),43800,595250000,7600,102975000,123050257,1.47
10/05/2021,-20600,-267495000,12.9(-4.09 %),1100,14385000,21700,281880000,123070857,1.46
11/05/2021,-155200,-2074875000,13.05(1.16 %),96800,1285350000,252000,3360225000,123226057,1.4
12/05/2021,-360500,-4722015000,13.25(1.53 %),92100,1215415000,452600,5937430000,123586557,1.26
13/05/2021,-2600,-35135000,13.45(1.51 %),800,10830000,3400,45965000,123589157,1.26
14/05/2021,-110600,-1482940000,13.3(-1.12 %),0,0,110600,1482940000,123699757,1.22
17/05/2021,-83600,-1092165000,12.9(-3.01 %),8200,106100000,91800,1198265000,123783357,1.18
18/05/2021,17300,215550000,12.4(-3.88 %),18700,233245000,1400,17695000,123766057,1.19
19/05/2021,8100,97070000,12(-3.23 %),12100,145070000,4000,48000000,123757957,1.19
20/05/2021,12600,147090000,11.5(-4.17 %),18800,219480000,6200,72390000,123745357,1.2
21/05/2021,-5400,-63275000,12.3(6.96 %),200,2270000,5600,65545000,123750757,1.2
24/05/2021,1000,13150000,13.15(6.91 %),1000,13150000,0,0,123749757,1.2
25/05/2021,28200,389030000,13.65(3.80 %),46400,639845000,18200,250815000,123721557,1.21
26/05/2021,5500,73000000,13(-4.76 %),6000,79700000,500,6700000,123716057,1.21
27/05/2021,-2500,-32875000,12.85(-1.15 %),0,0,2500,32875000,123718557,1.21
28/05/2021,15700,202840000,12.95(0.78 %),16200,209240000,500,6400000,123702857,1.21
31/05/2021,46200,622285000,13.75(6.18 %),46700,628935000,500,6650000,123656657,1.23
01/06/2021,46700,648150000,13.6(-1.09 %),51200,710950000,4500,62800000,124121021,1.05
02/06/2021,120600,1659920000,13.9(2.21 %),122500,1686025000,1900,26105000,124000421,1.1
03/06/2021,-20000,-290740000,14.85(6.83 %),7100,105060000,27100,395800000,124020421,1.09
04/06/2021,-19000,-257185000,14.7(-1.01 %),24400,365965000,43400,623150000,124039421,1.08
07/06/2021,-11200,-161660000,14.25(-3.06 %),0,0,11200,161660000,124050621,1.08
08/06/2021,1000,13675000,13.3(-6.67 %),1000,13675000,0,0,124049621,1.08
09/06/2021,106300,1427540000,13.6(2.26 %),115400,1549670000,9100,122130000,123943321,1.12
10/06/2021,-10700,-142140000,14.2(4.41 %),12100,164030000,22800,306170000,123954021,1.12
11/06/2021,0,0,14(-1.41 %),0,0,0,0,123954021,1.12
14/06/2021,19600,273330000,13.9(-0.71 %),20300,283055000,700,9725000,123934421,1.12
15/06/2021,22300,305500000,13.65(-1.80 %),22300,305500000,0,0,123912121,1.13
16/06/2021,4000,59655000,13.95(2.20 %),13600,192955000,9600,133300000,123908121,1.13
17/06/2021,99900,1425640000,14.5(3.94 %),107700,1537985000,7800,112345000,123808221,1.17
18/06/2021,-72100,-1045160000,14.35(-1.03 %),14900,216695000,87000,1261855000,123880321,1.15
21/06/2021,20800,311755000,14.8(3.14 %),40600,602445000,19800,290690000,123859521,1.15
22/06/2021,-1700,-24780000,14.7(-0.68 %),3300,49470000,5000,74250000,123861221,1.15
23/06/2021,100,1450000,14.35(-2.38 %),100,1450000,0,0,123861121,1.15
24/06/2021,-132800,-1855125000,13.95(-2.79 %),0,0,132800,1855125000,123993921,1.1
25/06/2021,-198400,-2748635000,13.85(-0.72 %),4600,63510000,203000,2812145000,124192321,1.02
28/06/2021,-269800,-3735500000,13.95(0.72 %),0,0,269800,3735500000,124462121,0.92
29/06/2021,7800,112265000,14.2(1.79 %),7800,112265000,0,0,124454321,0.92
30/06/2021,-54400,-765020000,13.9(-2.11 %),4700,66045000,59100,831065000,124508721,0.9
01/07/2021,3800,53010000,13.95(0.36 %),3800,53010000,0,0,124403921,0.94
02/07/2021,0,0,13.85(-0.72 %),0,0,0,0,124403921,0.94
05/07/2021,126700,1511077600,13.55(-2.17 %),134700,1619301600,8000,108224000,124277221,0.99
06/07/2021,-8200,-110215000,13(-3.35 %),2800,37835000,11000,148050000,124285421,0.99
07/07/2021,19700,250970000,12.6(-3.08 %),20700,263670000,1000,12700000,124265721,1.0
08/07/2021,100,1289600,12.75(1.19 %),10100,130249600,10000,128960000,124265621,1.0
09/07/2021,19400,245405000,12.25(-3.92 %),19500,246670000,100,1265000,124246221,1.0
12/07/2021,7600,89325000,11.4(-6.94 %),21100,245300000,13500,155975000,124238621,1.01
13/07/2021,-30200,-345195000,11.5(0.88 %),100,1120000,30300,346315000,124268821,1.0
14/07/2021,-37000,-430580000,11.6(0.87 %),11000,126000000,48000,556580000,124305821,0.98
15/07/2021,500,5935000,12.1(4.31 %),500,5935000,0,0,124305321,0.98
16/07/2021,9900,118750000,12.5(3.31 %),10000,120000000,100,1250000,124295421,0.98
19/07/2021,6800,81595000,11.75(-6.00 %),6800,81595000,0,0,124288621,0.99
20/07/2021,9300,110700000,12.1(2.98 %),12500,149120000,3200,38420000,124279321,0.99
21/07/2021,12700,155795000,12.35(2.07 %),26300,321035000,13600,165240000,124266621,1.0
22/07/2021,2800,36840000,13.2(6.88 %),2900,38135000,100,1295000,124263821,1.0
23/07/2021,-5500,-77020000,13.4(1.52 %),6200,84910000,11700,161930000,124269321,1.0
26/07/2021,-10000,-130080000,13.15(-1.87 %),0,0,10000,130080000,124279321,0.99
27/07/2021,-4700,-61935000,13.15(0.00 %),0,0,4700,61935000,124284021,0.99
28/07/2021,3000,38935000,12.8(-2.66 %),3300,42820000,300,3885000,124281021,0.99
29/07/2021,26600,343730000,12.9(0.78 %),27100,350215000,500,6485000,124254421,1.0
30/07/2021,23900,307980000,12.7(-1.55 %),25400,327420000,1500,19440000,124230521,1.01
02/08/2021,61800,816075000,13.05(2.76 %),72900,962600000,11100,146525000,124283891,0.99
03/08/2021,-32100,-421050000,13(-0.38 %),31300,408155000,63400,829205000,124315991,0.98
04/08/2021,61900,817755000,13.2(1.54 %),76900,1013005000,15000,195250000,124254091,1.0
05/08/2021,15000,200215000,13.4(1.52 %),15100,201555000,100,1340000,124239091,1.01
06/08/2021,0,0,13.3(-0.75 %),0,0,0,0,124239091,1.01
09/08/2021,66600,894610000,14.2(6.77 %),77300,1046220000,10700,151610000,124172491,1.03
10/08/2021,-179400,-2594965000,14.4(1.41 %),15900,230060000,195300,2825025000,124351891,0.96
11/08/2021,900,12900000,14.95(3.82 %),2000,29350000,1100,16450000,124350991,0.96
12/08/2021,-112100,-1711670000,15.5(3.68 %),0,0,112100,1711670000,124463091,0.92
13/08/2021,8200,125919200,15.6(0.65 %),16700,256445200,8500,130526000,124454891,0.92
16/08/2021,-10800,-167615000,15.25(-2.24 %),400,6235000,11200,173850000,124465691,0.92
17/08/2021,2000,30545000,15.4(0.98 %),3500,53900000,1500,23355000,124450891,0.92
18/08/2021,3700,56500000,15.6(1.30 %),10000,154095000,6300,97595000,124461991,0.92
19/08/2021,1300,20430000,15.75(0.96 %),2500,39400000,1200,18970000,124460691,0.92
20/08/2021,-36300,-533830000,14.75(-6.35 %),5300,80800000,41600,614630000,124496991,0.91
23/08/2021,83600,1210190000,14(-5.08 %),89700,1298335000,6100,88145000,124413391,0.94
24/08/2021,113000,1546110000,13.8(-1.43 %),113000,1546110000,0,0,124300391,0.98
25/08/2021,14600,198755000,14.35(3.99 %),25600,357155000,11000,158400000,124285791,0.99
26/08/2021,15500,230005000,14.25(-0.70 %),60300,869900000,44800,639895000,124270291,0.99
27/08/2021,72800,1064460000,15.2(6.67 %),73300,1071660000,500,7200000,124197491,1.02
30/08/2021,-142500,-2263650000,15.85(4.28 %),3800,58955000,146300,2322605000,124339991,0.97
31/08/2021,-54600,-883400000,15.95(0.63 %),12500,200745000,67100,1084145000,124394591,0.95
01/09/2021,204600,3360285000,17.05(6.90 %),234400,3854210000,29800,493925000,123884931,1.14
06/09/2021,-268100,-4639180000,17.05(0.00 %),100000,1740190000,368100,6379370000,124153031,1.04
07/09/2021,-204000,-3365400000,15.9(-6.74 %),6200,101680000,210200,3467080000,124357031,0.96
08/09/2021,205800,3286115000,16.15(1.57 %),207600,3314915000,1800,28800000,124151231,1.04
09/09/2021,12500,198480000,16.5(2.17 %),29500,476630000,17000,278150000,124138731,1.05
10/09/2021,83600,1397085000,16.35(-0.91 %),102700,1709630000,19100,312545000,124055131,1.08
13/09/2021,62700,1002810000,15.75(-3.67 %),157900,2509310000,95200,1506500000,123992431,1.1
14/09/2021,357300,5645390000,15.9(0.95 %),357300,5645390000,0,0,123635131,1.24
15/09/2021,239100,3863645000,16.25(2.20 %),243100,3928645000,4000,65000000,123396031,1.33
16/09/2021,-115500,-1862975000,16.25(0.00 %),100,1590000,115600,1864565000,123511531,1.29
17/09/2021,39900,659645000,16.4(0.92 %),45900,758595000,6000,98950000,123471631,1.3
20/09/2021,31700,532250000,16.05(-2.13 %),70900,1171440000,39200,639190000,123439931,1.32
21/09/2021,105100,1684000000,15.85(-1.25 %),146100,2328875000,41000,644875000,123334831,1.36
22/09/2021,149700,2461020000,16.5(4.10 %),161900,2655690000,12200,194670000,123185131,1.41
23/09/2021,-105300,-1724660000,16.2(-1.82 %),19300,321365000,124600,2046025000,123290431,1.37
24/09/2021,-96200,-1545565000,15.85(-2.16 %),1500,24030000,97700,1569595000,123386631,1.34
27/09/2021,-274300,-4261010000,14.75(-6.94 %),2300,35020000,276600,4296030000,123660931,1.23
28/09/2021,170800,2519155000,14.95(1.36 %),174100,2568040000,3300,48885000,123490131,1.3
29/09/2021,-283400,-4242610000,15.2(1.67 %),400,5950000,283800,4248560000,123773531,1.19
30/09/2021,-178000,-2710590000,15.2(0.00 %),300,4560000,178300,2715150000,123951531,1.12
01/10/2021,-78700,-1181855000,14.95(-1.64 %),77253,1093224950,155953,2275079950,123732476,1.2
04/10/2021,5300,98015000,15.4(3.01 %),55000,844995000,49700,746980000,123727176,1.2
05/10/2021,-95200,-1470225000,15.45(0.32 %),100,1540000,95300,1471765000,123822376,1.17
06/10/2021,4700,77130000,15.95(3.24 %),30800,487260000,26100,410130000,123817676,0.0
07/10/2021,41400,677705000,16.3(2.19 %),42500,695560000,1100,17855000,123776276,0.0
08/10/2021,-58700,-944215000,15.95(-2.15 %),23000,371735000,81700,1315950000,123834976,0.0
11/10/2021,17300,-34845800,15.75(-1.25 %),26100,104537400,8800,139383200,123817676,0.0
12/10/2021,-39900,-628145000,16.1(2.22 %),900,14175000,40800,642320000,123857576,0.0
13/10/2021,-23300,-391905000,16.6(3.11 %),34800,576555000,58100,968460000,123880876,0.0
14/10/2021,-10100,-167440000,16.5(-0.60 %),11500,191140000,21600,358580000,123890976,0.0
15/10/2021,179800,3111590000,17.3(4.85 %),203600,3525650000,23800,414060000,123711176,0.0
18/10/2021,64700,1132960000,17.35(0.29 %),110300,1924665000,45600,791705000,123646476,0.0
19/10/2021,13600,234610000,17.15(-1.15 %),13700,236330000,100,1720000,123632876,0.0
20/10/2021,22700,391810000,17.15(0.00 %),25000,430680000,2300,38870000,123610176,0.0
21/10/2021,935800,16376360000,17.7(3.21 %),940200,16453985000,4400,77625000,122697076,0.0
22/10/2021,-57100,-1034115000,18.15(2.54 %),200,3535000,57300,1037650000,122754176,0.0
25/10/2021,-111500,-2019750000,18(-0.83 %),8200,148755000,119700,2168505000,122865676,0.0
26/10/2021,-99000,-1739295000,18(0.00 %),18500,327205000,117500,2066500000,122964676,0.0
27/10/2021,-50700,-906200000,17.85(-0.83 %),11000,197000000,61700,1103200000,123015376,0.0
28/10/2021,-38800,-698465000,18.05(1.12 %),100,1800000,38900,700265000,123054176,1.46
29/10/2021,42400,772010000,18.7(3.60 %),48700,888805000,6300,116795000,123011776,1.48
01/11/2021,-220500,-4206060000,19.25(2.94 %),0,0,220500,4206060000,123484826,1.3
02/11/2021,-500,-9725000,19.25(0.00 %),0,0,500,9725000,123485326,1.3
03/11/2021,-52600,-1017960000,18(-6.49 %),500,9335000,53100,1027295000,123537926,0.0
04/11/2021,102100,1844874000,18.55(3.06 %),103400,1868387100,1300,23513100,123383226,0.0
05/11/2021,-1500,-27900000,18.6(0.27 %),0,0,1500,27900000,123486826,0.0
08/11/2021,13100,266275000,19.2(3.23 %),71200,1370350000,58100,1104075000,123472226,1.3
09/11/2021,-70300,-1379495000,19.65(2.34 %),300,5895000,70600,1385390000,123542526,1.28
10/11/2021,69400,1380157800,20.35(3.56 %),78400,1559140800,9000,178983000,123473126,0.0
11/11/2021,-9700,-190060000,20.55(0.98 %),70600,1455410000,80300,1645470000,123552226,1.27
12/11/2021,61000,1254680000,20.55(0.00 %),61200,1258780000,200,4100000,123491226,1.3
15/11/2021,8600,186755000,21.65(5.35 %),13300,285800000,4700,99045000,123482626,1.3
16/11/2021,54700,1121045000,21.1(-2.54 %),151700,3186440000,97000,2065395000,123427926,1.32
17/11/2021,436000,9337420000,21.4(1.42 %),468500,10023930000,32500,686510000,122991926,1.49
18/11/2021,3200,65630000,22.85(6.78 %),10500,232335000,7300,166705000,122988726,1.49
19/11/2021,500,6790000,23(0.66 %),61500,1468605000,61000,1461815000,122988226,1.49
22/11/2021,-22800,-530045000,21.4(-6.96 %),1700,37110000,24500,567155000,123011026,1.48
23/11/2021,23100,459110000,22.5(5.14 %),34200,707580000,11100,248470000,122987926,1.49
24/11/2021,-19500,-447000000,22(-2.22 %),21700,492420000,41200,939420000,123007426,1.48
25/11/2021,-400,-9380000,22(0.00 %),400,8980000,800,18360000,123007826,1.48
26/11/2021,-25800,-568070000,21.3(-3.18 %),1800,38280000,27600,606350000,123033626,0.0
29/11/2021,39900,852583200,21.6(1.41 %),43500,929508000,3600,76924800,122993726,0.0
30/11/2021,47400,1039280000,21.45(-0.69 %),51900,1135955000,4500,96675000,122986226,1.49
01/12/2021,200,4300000,21.35(-0.47 %),200,4300000,0,0,123082246,1.45
02/12/2021,-90100,-1954045000,21.8(2.11 %),1100,23630000,91200,1977675000,123172346,1.42
03/12/2021,1000,19640000,20.3(-6.88 %),3300,68895000,2300,49255000,123171346,1.42
06/12/2021,17800,342670000,18.9(-6.90 %),18700,359995000,900,17325000,123153546,1.43
07/12/2021,265400,5103960000,19.75(4.50 %),266800,5130270000,1400,26310000,122888146,1.53
08/12/2021,3300,65430000,19.65(-0.51 %),3300,65430000,0,0,122884846,1.53
09/12/2021,12200,246565000,20.25(3.05 %),12200,246565000,0,0,122872646,0.0
10/12/2021,-49200,-945490000,20.4(0.74 %),141500,2936835000,190700,3882325000,122921846,1.52
13/12/2021,92700,1969190000,21.6(5.88 %),174300,3723485000,81600,1754295000,122829146,1.55
14/12/2021,33700,747520000,21.35(-1.16 %),50200,1103060000,16500,355540000,122795446,1.56
15/12/2021,118600,2606815000,21.65(1.41 %),119000,2615540000,400,8725000,122676846,1.61
16/12/2021,-7900,-170850000,21.7(0.23 %),0,0,7900,170850000,122684746,1.61
17/12/2021,-14900,-320350000,21.3(-1.84 %),2000,43160000,16900,363510000,122699646,1.6
20/12/2021,16900,360140000,21.1(-0.94 %),22000,469025000,5100,108885000,122682746,1.61
21/12/2021,50100,1063475000,21.25(0.71 %),50200,1065575000,100,2100000,122632646,0.0
22/12/2021,-52100,-1213105000,22.7(6.57 %),108800,2435800000,160900,3648905000,122684746,1.61
23/12/2021,-128000,-2975490000,23.4(3.08 %),54000,1244990000,182000,4220480000,122812746,0.0
24/12/2021,130200,3045638400,23.1(-1.28 %),154600,3616403200,24400,570764800,122554546,0.0
27/12/2021,-64300,-1452495000,22.55(-2.38 %),25300,571110000,89600,2023605000,122600924,1.64
28/12/2021,144600,3352035000,22.85(1.11 %),145600,3375380000,1000,23345000,122456324,1.7
29/12/2021,-44300,-1009880000,22.4(-2.18 %),17900,412145000,62200,1422025000,122561424,1.65
30/12/2021,73000,1652000000,22.6(0.89 %),78900,1785690000,5900,133690000,122483524,1.68
31/12/2021,-26800,-612875000,22.85(1.11 %),5800,133115000,32600,745990000,122539924,1.66
04/01/2022,5700,128485000,23(0.44 %),45200,1049945000,39500,921460000,122500624,1.68
05/01/2022,130000,3052090000,24.6(6.96 %),130800,3071260000,800,19170000,122402427,1.72
06/01/2022,-44600,-1117040000,24.8(0.81 %),36800,924160000,81400,2041200000,122405127,1.72
07/01/2022,68700,1729005000,25(0.81 %),74100,1864545000,5400,135540000,122331827,1.74
10/01/2022,-48900,-1284764000,23.8(-4.80 %),42300,968514400,91200,2253278400,122370927,1.73
11/01/2022,203600,4769290000,23(-3.36 %),220400,5159855000,16800,390565000,122155927,1.81
12/01/2022,476100,10587420000,22(-4.35 %),485900,10807920000,9800,220500000,121761227,1.96
13/01/2022,136800,3055200000,21.25(-3.41 %),201200,4471155000,64400,1415955000,121576827,2.04
14/01/2022,-50300,-854940000,17.25(5.83 %),5900,99120000,56200,954060000,121580727,2.03
17/01/2022,-121400,-2046935000,16.05(-6.96 %),56300,907380000,177700,2954315000,121588827,2.03
18/01/2022,78600,1204700000,14.95(-6.85 %),79100,1212250000,500,7550000,121565927,2.04
19/01/2022,36800,531870000,14.25(-5.00 %),48000,691630000,11200,159760000,121695627,1.99
20/01/2022,11700,179515000,15.15(6.69 %),19000,286170000,7300,106655000,121676921,2.0
21/01/2022,-54000,-848560000,15.7(3.29 %),1400,21975000,55400,870535000,121686705,1.99
24/01/2022,67700,1007435000,14.65(-6.69 %),105100,1561855000,37400,554420000,121588905,2.03
25/01/2022,5900,87475000,14.8(0.68 %),6900,102075000,1000,14600000,121637400,2.01
26/01/2022,-17900,0,14.45(-2.36 %),500,0,18400,0,121674300,2.0
27/01/2022,0,0,14.6(0.69 %),0,0,0,0,121675300,2.0
28/01/2022,4600,67745000,14.85(1.71 %),5900,86790000,1300,19045000,121687800,1.99
07/02/2022,-5700,-92385000,15.65(5.03 %),27100,421430000,32800,513815000,121660700,2.0
08/02/2022,-100,-1610000,15.9(1.27 %),0,0,100,1610000,121662000,2.0
09/02/2022,87100,1403040000,16.2(1.89 %),100000,1609415000,12900,206375000,121594800,2.03
10/02/2022,-2800,-43035000,16.1(-0.62 %),16700,270540000,19500,313575000,121578200,2.03
11/02/2022,-9000,-143610000,16(-0.62 %),500,7950000,9500,151560000,121590600,2.03
14/02/2022,-3300,-52470000,16.1(0.62 %),5600,90760000,8900,143230000,121604500,2.02
15/02/2022,68000,1104200000,16.25(0.93 %),68000,1104200000,0,0,121546000,2.05
16/02/2022,221000,3787545000,17.3(6.13 %),221700,3799390000,700,11845000,121333200,2.13
17/02/2022,-100,-1705000,17.1(-1.16 %),0,0,100,1705000,121333200,2.13
18/02/2022,8900,154455000,17.6(2.92 %),9900,172065000,1000,17610000,121324000,2.13
21/02/2022,477500,8600255000,18(2.27 %),500100,9004410000,22600,404155000,120824000,2.33
22/02/2022,-9300,-163365000,17.5(-2.78 %),0,0,9300,163365000,120825000,2.33
23/02/2022,0,0,17.65(0.86 %),0,0,0,0,120847600,2.32
24/02/2022,49800,855670000,17(-3.95 %),52400,899430000,2600,43760000,120804500,2.33
25/02/2022,125900,2185390000,17.2(1.18 %),137000,2376365000,11100,190975000,120667500,2.39
28/02/2022,8200,145700000,17.65(2.62 %),13200,233950000,5000,88250000,157151517,2.3
01/03/2022,13400,240180000,18.1(2.26 %),17700,317790000,4300,77610000,157144917,2.3
02/03/2022,-31800,-572300000,17.95(-0.83 %),0,0,31800,572300000,157149917,2.3
03/03/2022,55100,1020660000,18.6(3.33 %),56100,1038960000,1000,18300000,157098117,2.32
04/03/2022,-17500,-319970000,18.3(-1.61 %),100,1835000,17600,321805000,157129817,2.31
07/03/2022,-239400,-4291595000,17.95(-1.91 %),6800,122540000,246200,4414135000,157124017,2.31
08/03/2022,-54500,-959980000,17.2(-4.44 %),2500,44375000,57000,1004355000,157139117,2.31
09/03/2022,-600,-9290000,17.5(1.74 %),2300,40020000,2900,49310000,157383017,2.23
10/03/2022,118400,2148985000,18.15(3.71 %),118900,2158085000,500,9100000,157321117,2.25
11/03/2022,4200,82900000,18.5(1.65 %),13000,248110000,8800,165210000,157311017,2.25
14/03/2022,-118700,-2203835000,18.55(0.27 %),25600,477975000,144300,2681810000,157285917,2.26
15/03/2022,-55600,-1023375000,18.6(0.00 %),500,9300000,56100,1032675000,157294217,2.26
16/03/2022,367100,7135545000,19.9(6.99 %),379100,7365400000,12000,229855000,157058545,2.33
17/03/2022,35200,765455000,20.5(3.02 %),105000,2193985000,69800,1428530000,157009645,2.34
18/03/2022,25800,514830000,20.65(0.73 %),133100,2737150000,107300,2222320000,156888545,2.38
21/03/2022,105300,2241385000,20.85(0.72 %),108800,2315385000,3500,74000000,156849575,2.39
22/03/2022,-19400,-383610000,20.9(0.00 %),76700,1603745000,96100,1987355000,156880175,2.38
23/03/2022,290600,6299455000,22.35(6.94 %),336800,7306270000,46200,1006815000,156546875,2.48
24/03/2022,-400600,-9068720000,21.85(-2.46 %),23000,525740000,423600,9594460000,156619975,2.46
25/03/2022,179900,4102375000,23.3(6.39 %),240000,5469320000,60100,1366945000,156426175,2.52
28/03/2022,-87500,-2091130000,24.9(6.87 %),104000,2451170000,191500,4542300000,156745937,2.42
29/03/2022,-48300,-1201885000,24.5(-1.61 %),179400,4450305000,227700,5652190000,156626637,2.46
30/03/2022,280900,6690315000,24(-2.04 %),307000,7310110000,26100,619795000,156511137,2.49
31/03/2022,104200,2569760000,24.8(3.33 %),121300,2987250000,17100,417490000,156617537,2.46
01/04/2022,119200,3006650000,25.7(3.63 %),178500,4513265000,59300,1506615000,156465137,2.51
04/04/2022,-448900,-11400595000,23.95(-6.81 %),29200,735150000,478100,12135745000,156453087,2.51
05/04/2022,379000,9139670000,24.8(3.33 %),390000,9402220000,11000,262550000,156122387,2.61
06/04/2022,186500,4393905000,23.1(-6.85 %),231200,5464410000,44700,1070505000,156369287,2.53
07/04/2022,47300,1114480000,21.5(-6.93 %),283600,6418690000,236300,5304210000,156321987,2.43
08/04/2022,329700,7056595000,21.8(1.40 %),490800,10536450000,161100,3479855000,155650402,2.75
12/04/2022,-118500,-2682970000,22.6(3.67 %),26200,586110000,144700,3269080000,155768902,2.58
13/04/2022,-89700,-2029880000,23.75(5.09 %),30300,718540000,120000,2748420000,155860502,2.69
14/04/2022,-628500,-14807500000,23.35(-1.89 %),7200,171370000,635700,14978870000,156127822,2.61
15/04/2022,-406600,-9108707400,23.9(2.14 %),11500,276897000,418100,9385604400,156236362,2.57
18/04/2022,-315700,-7736370000,24(0.42 %),17600,431595000,333300,8167965000,156854462,2.39
19/04/2022,-492700,-11675825000,22.35(-6.87 %),13000,311460000,505700,11987285000,157259522,2.27
20/04/2022,-16300,-422765000,20.8(-6.94 %),95700,2017655000,112000,2440420000,156459822,2.39
21/04/2022,205500,4002005000,19.35(-6.97 %),226500,4409755000,21000,407750000,157776322,2.12
22/04/2022,331100,6285795000,18.1(-6.46 %),360700,6853925000,29600,568130000,157527622,2.19
25/04/2022,415400,7235570000,16.85(-6.91 %),451200,7896525000,35800,660955000,157097422,2.32
26/04/2022,677500,11150185000,18(6.51 %),719000,11869155000,41500,718970000,156408022,2.52
27/04/2022,-436700,-8067640000,18.95(5.28 %),1400,25820000,438100,8093460000,156442422,2.51
28/04/2022,-322400,-6132165000,18.55(-2.37 %),2700,50730000,325100,6182895000,156481222,2.5
29/04/2022,-79300,-1455290000,19.5(4.84 %),111300,2158665000,190600,3613955000,156808022,2.4
04/05/2022,-154300,-3097515000,19.95(2.31 %),10800,217460000,165100,3314975000,157122322,2.31
05/05/2022,-32300,-774395000,19.15(-4.25 %),231700,4436550000,264000,5210945000,157154622,2.19
06/05/2022,48200,923030000,19.15(-0.26 %),94000,1800100000,45800,877070000,157152322,2.3
09/05/2022,-62000,-1106700000,17.85(-7.03 %),3700,66045000,65700,1172745000,157412622,2.22
10/05/2022,212600,3964990000,18.65(4.19 %),219700,4097405000,7100,132415000,157238722,2.28
11/05/2022,-216800,-4023120000,18.4(-1.34 %),6700,123635000,223500,4146755000,157455522,2.11
12/05/2022,-20200,-369790000,17.15(-6.79 %),5200,93260000,25400,463050000,157475722,2.1
13/05/2022,1400,50820000,15.95(-7.00 %),91100,1484300000,89700,1433480000,157432082,2.22
16/05/2022,-64100,-951885000,14.85(-7.19 %),107400,1594890000,171500,2546775000,157350082,2.24
17/05/2022,145800,2310930000,15.85(6.38 %),266800,4228780000,121000,1917850000,157172982,2.3
18/05/2022,-94600,-1532520000,16.2(1.89 %),4500,72900000,99100,1605420000,157339752,2.25
19/05/2022,-18800,-303620000,16.15(-0.31 %),2200,35530000,21000,339150000,157458552,2.21
20/05/2022,-171600,-2797080000,16.3(0.62 %),31200,508560000,202800,3305640000,157526452,2.19
23/05/2022,-49800,-841620000,16.9(3.68 %),16600,280540000,66400,1122160000,157530852,2.19
24/05/2022,-171700,-2996165000,17.45(3.25 %),9100,158795000,180800,3154960000,157724552,2.13
25/05/2022,-50000,-922500000,18.45(5.43 %),15000,276750000,65000,1199250000,157775952,2.12
26/05/2022,-8200,-148010000,18.05(-2.43 %),5500,99275000,13700,247285000,157951252,2.06
27/05/2022,-4000,-72800000,18.2(0.55 %),500,9100000,4500,81900000,158015752,2.05
30/05/2022,3200,58400000,18.25(0.27 %),3200,58400000,0,0,158026252,2.04
31/05/2022,190600,3430800000,18(-1.64 %),213100,3835800000,22500,405000000,157817652,2.1
01/06/2022,36500,697150000,19.1(6.11 %),36500,697150000,0,0,157781152,2.11
02/06/2022,41300,780570000,18.9(-1.05 %),41300,780570000,0,0,157762352,2.12
03/06/2022,-8600,-162540000,18.9(0.00 %),3700,69930000,12300,232470000,157758652,2.12
06/06/2022,-35400,-675055000,18.4(-2.65 %),500,9430000,35900,684485000,157758152,2.12
07/06/2022,77100,1503450000,19.5(5.98 %),77400,1509300000,300,5850000,157693052,2.14
08/06/2022,33900,691560000,20.4(4.62 %),38200,779280000,4300,87720000,157690752,2.14
09/06/2022,4000,81800000,20.45(0.25 %),4000,81800000,0,0,157687052,2.14
10/06/2022,-5600,-107520000,19.2(-6.34 %),37100,712320000,42700,819840000,157654252,2.15
13/06/2022,-33200,-594280000,17.9(-6.77 %),87400,1564460000,120600,2158740000,157566852,2.18
14/06/2022,59900,1036270000,17.3(-3.35 %),59900,1036270000,0,0,157549652,2.18
15/06/2022,-38500,-648725000,16.85(-2.60 %),4000,67400000,42500,716125000,157666152,2.15
16/06/2022,-141800,-2424780000,17.1(1.18 %),36800,629280000,178600,3054060000,157629352,2.16
17/06/2022,-109000,-1738550000,15.95(-6.73 %),28800,459360000,137800,2197910000,157643052,2.16
20/06/2022,45900,727950000,16(0.00 %),45900,727950000,0,0,157775752,2.12
21/06/2022,54100,806090000,14.9(-6.88 %),89800,1338020000,35700,531930000,157823752,2.1
22/06/2022,-6300,-88200000,14(-6.04 %),23100,323400000,29400,411600000,157800691,2.11
23/06/2022,56800,849160000,14.95(6.79 %),81400,1216930000,24600,367770000,157754991,2.12
24/06/2022,-202700,-3081040000,15.2(1.33 %),0,0,202700,3081040000,157784391,2.11
27/06/2022,-387200,-5976785000,15.45(1.64 %),12900,200520000,400100,6177305000,157796091,2.11
28/06/2022,-51800,-797720000,15.4(-0.65 %),15400,237160000,67200,1034880000,157983391,2.05
29/06/2022,-186700,-2879500000,15.4(0.00 %),16200,248735000,202900,3128235000,158367291,1.94
30/06/2022,-6700,-100500000,15(-2.60 %),5600,84000000,12300,184500000,158428891,1.92
01/07/2022,-85700,-1285500000,15(0.00 %),20800,312000000,106500,1597500000,158610991,1.87
04/07/2022,-193000,-2897305000,14.8(-1.33 %),4900,72560000,197900,2969865000,158610891,0.0
05/07/2022,19700,275800000,14(-5.41 %),21000,294000000,1300,18200000,158703891,1.84
06/07/2022,-4800,-63840000,13.3(-5.00 %),17300,230090000,22100,293930000,158884491,1.79
07/07/2022,6300,81270000,12.9(-3.01 %),9100,117390000,2800,36120000,158876691,1.79
08/07/2022,-216800,48060000,13.45(4.26 %),6700,48060000,223500,0,159093491,1.64
11/07/2022,3600,48060000,13.35(-1.11 %),3600,48060000,0,0,158891611,1.78
12/07/2022,77500,1104375000,14.25(6.34 %),86000,1225500000,8500,121125000,158805611,1.81
13/07/2022,20900,299915000,14.35(0.35 %),21100,302785000,200,2870000,158784421,1.82
14/07/2022,17400,251430000,14.45(0.35 %),19500,281775000,2100,30345000,158773421,1.82
15/07/2022,-94800,-1369860000,14.45(-0.34 %),500,7225000,95300,1377085000,158773121,1.82
18/07/2022,45000,670500000,14.9(2.76 %),55100,820990000,10100,150490000,158720121,1.84
19/07/2022,-14500,-214600000,14.8(-0.67 %),17100,253080000,31600,467680000,158798321,1.81
20/07/2022,16600,251490000,15.15(2.36 %),43500,659025000,26900,407535000,158764921,1.82
21/07/2022,-43100,-640035000,14.85(-2.30 %),5600,83160000,48700,723195000,158790921,1.81
22/07/2022,56800,327800000,14.9(0.00 %),81400,332270000,24600,4470000,158795521,1.81
25/07/2022,-47600,-702100000,14.75(-1.01 %),1000,14750000,48600,716850000,158843201,1.8
26/07/2022,200,2850000,14.25(-3.72 %),200,2850000,0,0,158843301,1.8
27/07/2022,53100,769950000,14.5(1.40 %),53100,769950000,0,0,158838801,1.8
28/07/2022,55800,823050000,14.75(1.72 %),73100,1078225000,17300,255175000,158765701,1.82
29/07/2022,33500,515900000,15.4(4.05 %),34000,523600000,500,7700000,158731701,1.83
01/08/2022,-104900,-1641685000,15.65(1.62 %),2000,31300000,106900,1672985000,158747001,1.83
02/08/2022,23800,373660000,15.7(0.00 %),53100,833670000,29300,460010000,158694401,1.84
03/08/2022,88400,1436500000,16.25(3.50 %),102600,1667250000,14200,230750000,158698701,1.84
04/08/2022,-37500,-596250000,15.9(-2.45 %),20900,332310000,58400,928560000,158707101,1.84
05/08/2022,5200,83720000,16.1(1.26 %),43500,700350000,38300,616630000,158677801,1.85
08/08/2022,12100,200255000,16.55(2.80 %),25200,417060000,13100,216805000,158711001,1.84
09/08/2022,22700,374550000,16.5(-0.60 %),67300,1110450000,44600,735900000,158682001,1.85
10/08/2022,20000,326000000,16.3(-1.21 %),26100,425430000,6100,99430000,158669001,1.85
11/08/2022,-39900,-630420000,15.8(-3.07 %),32900,519820000,72800,1150240000,158680701,1.85
12/08/2022,208600,3368890000,16.15(2.22 %),223200,3604680000,14600,235790000,158463601,1.91
15/08/2022,-43700,-710125000,16.25(0.31 %),0,0,43700,710125000,158536401,1.89
16/08/2022,51800,831390000,16.05(-1.53 %),56800,911640000,5000,80250000,158494201,1.9
17/08/2022,19600,317520000,16.2(0.62 %),35000,567000000,15400,249480000,158502741,1.9
18/08/2022,-36300,-578985000,15.95(-1.54 %),1000,15950000,37300,594935000,158506741,1.9
19/08/2022,-63200,-992240000,15.7(-1.88 %),9000,141300000,72200,1133540000,158513141,1.9
22/08/2022,-65800,-996870000,15.15(-3.50 %),14500,219675000,80300,1216545000,158535941,1.89
23/08/2022,170100,2670570000,15.7(3.29 %),170100,2670570000,0,0,158438041,1.92
24/08/2022,-11200,-175840000,15.7(0.00 %),3500,54950000,14700,230790000,158514841,1.9
25/08/2022,10800,171180000,15.85(0.96 %),10800,171180000,0,0,158504041,1.9
26/08/2022,-8500,-133025000,15.65(-1.57 %),52300,818495000,60800,951520000,158466441,1.91
29/08/2022,-121800,-1863540000,15.3(-2.55 %),18500,283050000,140300,2146590000,158461441,1.91
30/08/2022,5200,78780000,15.15(-0.98 %),26300,398445000,21100,319665000,158495941,1.9
31/08/2022,50300,789710000,15.7(3.29 %),50500,792850000,200,3140000,158585741,1.88
05/09/2022,-23400,-372060000,15.9(1.27 %),12000,190800000,35400,562860000,158594841,1.87
06/09/2022,23000,371450000,16.15(1.57 %),24000,387600000,1000,16150000,158571041,1.88
07/09/2022,-33700,-522350000,15.5(-4.32 %),12000,186000000,45700,708350000,158594441,1.87
08/09/2022,-42200,-639330000,15.15(-2.26 %),28000,424200000,70200,1063530000,158567441,1.88
09/09/2022,-15200,-242440000,15.95(4.93 %),0,0,15200,242440000,158613141,1.87
12/09/2022,154290,-242440000,16.4(2.50 %),154700,0,410,242440000,158528641,1.89
13/09/2022,252779,2010743000,17.4(6.10 %),252800,2011100000,21,357000,158291041,1.96
14/09/2022,3000,2010743000,17.6(1.15 %),10800,2011100000,7800,357000,158280651,1.97
15/09/2022,86200,52800000,17.3(-1.70 %),181300,190080000,95100,137280000,0,2.02
16/09/2022,13090,221221000,16.9(-2.31 %),45700,772330000,32610,551109000,158061472,2.03
19/09/2022,102240,1738080000,17(0.59 %),105400,1791800000,3160,53720000,157959232,1.96
20/09/2022,366200,6335260000,17.3(1.76 %),449500,7776350000,83300,1441090000,157634282,2.16
21/09/2022,-149000,-2473400000,16.6(-4.05 %),1600,26560000,150600,2499960000,157635842,2.16
22/09/2022,24589,424160250,17.25(3.92 %),37600,648600000,13011,224439750,157681542,2.14
23/09/2022,-131899,-2202713300,16.7(-3.47 %),7201,120256700,139100,2322970000,157824941,2.1
26/09/2022,-153800,-2391590000,15.55(-6.89 %),59800,929890000,213600,3321480000,157778152,2.12
27/09/2022,-705,-10680750,15.15(-2.88 %),18515,280502250,19220,291183000,157898737,2.08
28/09/2022,-10600,-160060000,15.1(-0.66 %),6200,93620000,16800,253680000,158106137,2.02
29/09/2022,2420,34606000,14.3(-5.30 %),8550,122265000,6130,87659000,158116807,2.02
30/09/2022,151800,2246640000,14.8(3.50 %),152500,2257000000,700,10360000,157981107,2.06
03/10/2022,53180,776428000,14.6(-1.35 %),63800,931480000,10620,155052000,157923437,2.07
04/10/2022,-5500,-78650000,14.3(-2.05 %),19200,274560000,24700,353210000,157904937,2.08
05/10/2022,-79300,-1177605000,14.85(3.85 %),3200,47520000,82500,1225125000,157912357,2.08
06/10/2022,-2901,-41194200,14.2(-4.70 %),8300,117860000,11201,159054200,157928757,2.07
07/10/2022,29500,349575000,11.85(-6.69 %),43700,517845000,14200,168270000,157968357,2.06
10/10/2022,-17390,-205202000,11.8(-0.84 %),300,3540000,17690,208742000,157979258,2.06
11/10/2022,4921,54131000,11(-6.78 %),10000,110000000,5079,55869000,157983458,2.05
12/10/2022,52361,599533450,11.45(4.09 %),97300,1114085000,44939,514551550,157903848,2.08
13/10/2022,5100,58395000,11.45(-0.43 %),6100,69845000,1000,11450000,157902827,2.08
14/10/2022,-3900,-45630000,11.7(1.74 %),100,1170000,4000,46800000,157947666,2.07
17/10/2022,-34200,-400140000,11.7(0.00 %),6500,76050000,40700,476190000,157942166,2.07
18/10/2022,-127500,-1523625000,11.95(2.14 %),4100,48995000,131600,1572620000,157942066,2.07
19/10/2022,17100,201750000,11.6(-3.33 %),17900,211190000,800,9440000,157924966,1.97
20/10/2022,128700,1497195000,11.5(-0.86 %),128700,1497195000,0,0,157838166,2.0
21/10/2022,43500,485460000,10.7(-6.96 %),45800,510185000,2300,24725000,157926266,1.97
24/10/2022,31800,322448000,9.96(-6.92 %),32900,333414000,1100,10966000,157892966,1.98
25/10/2022,176200,1665537000,9.37(-6.30 %),199300,1892860000,23100,227323000,157716766,2.03
26/10/2022,91800,824020000,8.87(-5.64 %),96900,873355000,5100,49335000,157623866,2.06
27/10/2022,258100,2354367000,9.49(6.63 %),296400,2709634000,38300,355267000,157330626,2.25
28/10/2022,-137800,-1325636000,9.62(1.26 %),9300,89466000,147100,1415102000,157326426,2.25
31/10/2022,-73550,-732558000,9.96(3.75 %),17050,169818000,90600,902376000,157347676,2.24
01/11/2022,-171314,-1706287440,9.96(-0.40 %),21500,214140000,192814,1920427440,157479276,2.2
02/11/2022,-52600,-515480000,9.8(-2.00 %),13800,135240000,66400,650720000,157556076,2.18
03/11/2022,-500,-4805000,9.61(-1.94 %),31200,299832000,31700,304637000,157717690,2.13
04/11/2022,8510,79143000,9.3(-3.12 %),16910,157263000,8400,78120000,157767180,2.12
07/11/2022,95691,827727150,8.65(-6.99 %),95700,827805000,9,77850,157703180,2.14
08/11/2022,154450,1346804000,8.72(0.23 %),155800,1358576000,1350,11772000,157555780,2.18
09/11/2022,-12900,-113391000,8.79(1.03 %),31300,275127000,44200,388518000,157524489,2.19
10/11/2022,14000,114520000,8.18(-7.05 %),17700,144786000,3700,30266000,157508139,2.2
11/11/2022,143600,1092796000,7.61(-7.20 %),152400,1159764000,8800,66968000,157399939,2.23
14/11/2022,13920,98553600,7.08(-6.84 %),25820,182805600,11900,84252000,157377819,2.23
15/11/2022,7420,48897800,6.59(-7.18 %),7420,48897800,0,0,157379199,2.23
16/11/2022,299500,2111475000,7.05(6.82 %),343900,2424495000,44400,313020000,157047199,2.33
17/11/2022,-176180,-1250878000,7.1(0.00 %),28820,204622000,205000,1455500000,157018379,2.34
18/11/2022,17120,125318400,7.32(3.10 %),72820,533042400,55700,407724000,156989959,2.35
21/11/2022,-60000,-444000000,7.4(1.37 %),21900,162060000,81900,606060000,157173059,2.3
22/11/2022,107200,825440000,7.7(4.05 %),113200,871640000,6000,46200000,157115559,2.31
23/11/2022,-32657,-237089820,7.26(-5.71 %),54343,394530180,87000,631620000,157143116,2.3
24/11/2022,11420,82452400,7.22(-0.55 %),53320,384970400,41900,302518000,157095796,2.32
25/11/2022,-30400,-231040000,7.6(5.56 %),51700,392920000,82100,623960000,157131096,2.31
28/11/2022,73600,598368000,8.13(6.97 %),93900,763407000,20300,165039000,157057496,0.0
29/11/2022,-54500,-447445000,8.21(1.36 %),52000,426920000,106500,874365000,157111996,2.2
30/11/2022,24900,210903000,8.47(3.29 %),65400,553938000,40500,343035000,157087096,2.21
01/12/2022,-104908,-917945000,8.75(2.94 %),29900,261625000,134808,1179570000,157034196,2.22
02/12/2022,-95880,-853332000,8.9(1.14 %),97520,867928000,193400,1721260000,157130076,2.2
05/12/2022,-113100,-1023555000,9.05(1.69 %),100,905000,113200,1024460000,157243176,2.17
06/12/2022,-81732,-739674600,9.05(-0.55 %),27700,250685000,109432,990359600,157324908,0.0
07/12/2022,-70800,-598260000,8.45(-7.14 %),33600,283920000,104400,882180000,157395708,0.0
08/12/2022,-18700,-161942000,8.66(1.88 %),15000,129900000,33700,291842000,157558116,2.18
09/12/2022,87900,768246000,8.74(0.46 %),97900,855646000,10000,87400000,157564616,2.18
12/12/2022,33800,298116000,8.82(1.38 %),37500,330750000,3700,32634000,157292708,2.15
13/12/2022,-34630,-315133000,9.1(3.41 %),5300,48230000,39930,363363000,157327338,2.14
14/12/2022,-79700,-716503000,8.99(-1.21 %),5800,52142000,85500,768645000,157407038,0.0
15/12/2022,-57180,-502612200,8.79(-2.33 %),18320,161032800,75500,663645000,157464218,0.0
16/12/2022,46400,412496000,8.89(1.02 %),52800,469392000,6400,56896000,157417818,0.0
19/12/2022,185600,1707520000,9.2(3.37 %),211600,1946720000,26000,239200000,157232218,0.0
20/12/2022,-27500,-239250000,8.7(-5.43 %),2300,20010000,29800,259260000,157259718,2.16
21/12/2022,-4200,-34230000,8.15(-6.32 %),38000,309700000,42200,343930000,157263918,2.16
22/12/2022,-116380,-943841800,8.11(-1.10 %),90520,734117200,206900,1677959000,157380298,2.13
23/12/2022,27600,224388000,8.13(0.37 %),33200,269916000,5600,45528000,157352698,2.13
26/12/2022,9100,68887000,7.57(-6.54 %),9100,68887000,0,0,157343598,2.14
27/12/2022,115100,906988000,7.88(3.68 %),141100,1111868000,26000,204880000,157228498,2.17
28/12/2022,21700,174034000,8.02(1.52 %),32200,258244000,10500,84210000,157206798,0.0
29/12/2022,3700,28897000,7.81(-2.38 %),3700,28897000,0,0,157474406,2.21
30/12/2022,-155300,-1195810000,7.7(-1.28 %),7500,57750000,162800,1253560000,157477406,2.21
03/01/2023,106300,874849000,8.23(6.88 %),109700,902831000,3400,27982000,157367706,2.13
04/01/2023,-300,-2523000,8.41(2.56 %),12600,105966000,12900,108489000,157517906,2.19
05/01/2023,39320,331467600,8.43(0.36 %),39320,331467600,0,0,157481986,2.2
06/01/2023,-90100,-764048000,8.48(0.95 %),20200,171296000,110300,935344000,157474686,2.21
09/01/2023,233600,1950560000,8.35(-1.76 %),325500,2717925000,91900,767365000,157149186,2.3
10/01/2023,467826,3990555780,8.53(1.55 %),498520,4252375600,30694,261819820,156760966,2.42
11/01/2023,-24300,-208980000,8.6(1.18 %),0,0,24300,208980000,156852866,2.39
12/01/2023,88800,790320000,8.9(3.49 %),92100,819690000,3300,29370000,156791460,2.41
13/01/2023,-76400,-668500000,8.75(-1.69 %),0,0,76400,668500000,156815760,2.4
16/01/2023,114900,1001928000,8.72(-0.91 %),114900,1001928000,0,0,156704160,2.43
17/01/2023,223120,1992461600,8.93(2.64 %),223120,1992461600,0,0,156557440,2.48
18/01/2023,86100,822255000,9.55(7.30 %),86100,822255000,0,0,156471340,2.5
19/01/2023,693200,6848816000,9.88(2.92 %),741000,7321080000,47800,472264000,155730340,2.72
27/01/2023,5700,55746000,9.78(-1.21 %),45700,446946000,40000,391200000,155684640,2.74
30/01/2023,-11800,-114342000,9.69(-1.12 %),30000,290700000,41800,405042000,155702440,2.73
31/01/2023,-61200,-599760000,9.8(1.03 %),30000,294000000,91200,893760000,155712440,2.73
01/02/2023,-94800,-864576000,9.12(-6.94 %),43700,398544000,138500,1263120000,155710540,2.73
02/02/2023,-45800,-403040000,8.8(-3.30 %),20200,177760000,66000,580800000,155781540,2.71
03/02/2023,-18380,-160457400,8.73(-0.80 %),24220,211440600,42600,371898000,155895820,2.68
06/02/2023,26100,232029000,8.89(2.18 %),26100,232029000,0,0,155935720,2.66
07/02/2023,51900,461391000,8.89(-0.11 %),51900,461391000,0,0,155926420,2.67
08/02/2023,44000,388520000,8.83(-0.79 %),47100,415893000,3100,27373000,155879320,2.68
09/02/2023,139700,1285240000,9.2(4.55 %),152300,1401160000,12600,115920000,155727020,2.73
10/02/2023,-27500,-245025000,8.91(-3.15 %),1000,8910000,28500,253935000,155729120,2.72
13/02/2023,-109520,-907920800,8.29(-6.85 %),23500,194815000,133020,1102735800,155718220,2.73
14/02/2023,192599,1637091500,8.5(2.41 %),293200,2492200000,100601,855108500,155453520,2.81
15/02/2023,50600,434654000,8.59(1.06 %),102000,876180000,51400,441526000,155484540,2.8
16/02/2023,-32500,-282100000,8.68(0.93 %),0,0,32500,282100000,155585141,2.77
17/02/2023,7100,61344000,8.64(-0.69 %),7100,61344000,0,0,155629441,2.75
20/02/2023,270800,2469696000,9.12(6.05 %),289300,2638416000,18500,168720000,155372641,2.83
21/02/2023,-292790,-2658533200,9.08(-0.22 %),2900,26332000,295690,2684865200,155369741,2.83
22/02/2023,-47900,-416730000,8.7(-4.40 %),50900,442830000,98800,859560000,155337341,2.84
23/02/2023,-253965,-2189178300,8.62(-0.92 %),1325,11421500,255290,2200599800,155631706,2.75
24/02/2023,-55260,-468052200,8.47(-1.51 %),40,338800,55300,468391000,155686966,0.0
27/02/2023,-46600,-384450000,8.25(-2.94 %),2400,19800000,49000,404250000,155983356,2.65
28/02/2023,53464,443751200,8.3(0.00 %),191514,1589566200,138050,1145815000,155847142,2.69
01/03/2023,28400,240832000,8.48(2.17 %),43500,368880000,15100,128048000,155852642,2.69
02/03/2023,-4380,-36354000,8.3(-2.35 %),19520,162016000,23900,198370000,155971172,2.65
03/03/2023,15600,129636000,8.31(0.12 %),27000,224370000,11400,94734000,155959272,2.66
06/03/2023,-31600,-263860000,8.35(0.60 %),5300,44255000,36900,308115000,155977872,2.65
07/03/2023,-176685,-1484154000,8.4(0.00 %),22095,185598000,198780,1669752000,155967177,2.65
08/03/2023,16800,141960000,8.45(0.60 %),16800,141960000,0,0,155987277,2.65
09/03/2023,-40700,-350020000,8.6(1.18 %),7100,61060000,47800,411080000,156178957,2.59
10/03/2023,-500,-4275000,8.55(-0.58 %),0,0,500,4275000,156178957,2.59
13/03/2023,-40800,-343536000,8.42(-2.09 %),108400,912728000,149200,1256264000,156219757,0.0
14/03/2023,-112320,-910915200,8.11(-3.45 %),8640,70070400,120960,980985600,156110217,2.61
15/03/2023,18400,155296000,8.44(4.20 %),18400,155296000,0,0,156241017,2.57
16/03/2023,-17730,-145740600,8.22(-2.14 %),3400,27948000,21130,173688600,156358577,2.54
17/03/2023,0,-145740600,8.26(0.73 %),0,27948000,0,173688600,156358577,2.54
20/03/2023,89200,730548000,8.19(-1.33 %),107100,877149000,17900,146601000,156272607,2.56
21/03/2023,7500,-468052200,8.26(0.73 %),10000,338800,2500,468391000,156262607,2.57
22/03/2023,0,0,8.2(-1.20 %),0,0,0,0,156262607,2.44
23/03/2023,111600,919327000,8.24(0.49 %),111600,919327000,0,0,156151007,2.47
24/03/2023,6000,49860000,8.28(0.98 %),6000,49860000,0,0,156145007,2.48
27/03/2023,47100,390930000,8.3(0.00 %),47100,390930000,0,0,156097907,0.0
28/03/2023,-45170,-374459300,8.29(-0.12 %),34420,285341800,79590,659801100,156143077,0.0
29/03/2023,-371900,-3034704000,8.16(-1.69 %),4200,34272000,376100,3068976000,156079637,2.62
30/03/2023,-45290,-369113500,8.15(-0.61 %),0,0,45290,369113500,156159227,2.6
31/03/2023,-1648,-13299360,8.07(-1.59 %),18952,152942640,20600,166242000,156516375,2.49
03/04/2023,-99900,-834165000,8.35(3.09 %),87700,732295000,187600,1566460000,156473965,2.5
04/04/2023,-84600,-721638000,8.53(1.55 %),134700,1148991000,219300,1870629000,156359865,2.54
05/04/2023,35300,306757000,8.69(2.24 %),35700,310233000,400,3476000,156511765,2.49
06/04/2023,-6396,-55389360,8.66(-0.46 %),10004,86634640,16400,142024000,156721061,2.43
07/04/2023,46600,399828000,8.58(-1.38 %),51600,442728000,5000,42900000,156669861,2.45
10/04/2023,-598000,-5083000000,8.5(-1.16 %),300300,2552550000,898300,7635550000,156385961,2.53
11/04/2023,97600,846192000,8.67(2.00 %),160900,1395003000,63300,548811000,156230061,2.58
12/04/2023,36400,320684000,8.81(1.26 %),57900,510099000,21500,189415000,157070461,2.33
13/04/2023,-29700,-255717000,8.61(-2.16 %),9000,77490000,38700,333207000,157124761,2.31
14/04/2023,-20600,-175100000,8.5(-1.16 %),30000,255000000,50600,430100000,157116261,2.31
17/04/2023,-451880,-3786754400,8.38(-1.41 %),120,1005600,452000,3787760000,157154841,2.3
18/04/2023,-27800,-236300000,8.5(1.19 %),46400,394400000,74200,630700000,157159041,2.3
19/04/2023,-95700,-794310000,8.3(-2.35 %),100200,831660000,195900,1625970000,157510841,2.2
20/04/2023,-138400,-1149307000,8.3(0.00 %),1100,9130000,139500,1158437000,157649241,2.05
21/04/2023,-107200,-882256000,8.23(-0.84 %),2000,16460000,109200,898716000,157777841,2.12
24/04/2023,-27225,-225967500,8.3(1.22 %),1000,8300000,28225,234267500,157916371,2.07
25/04/2023,-12400,-102424000,8.26(-0.48 %),100,826000,12500,103250000,158025471,2.04
26/04/2023,-358000,-2946340000,8.23(-0.84 %),10000,82300000,368000,3028640000,158043696,2.04
27/04/2023,9200,76503000,8.32(1.09 %),10000,83150000,800,6647000,158034496,1.94
28/04/2023,83400,704448000,8.55(2.76 %),102400,865893000,19000,161445000,157951096,1.97
04/05/2023,-14200,-120100000,8.46(-1.63 %),2200,18703000,16400,138803000,158311796,1.86
05/05/2023,85300,737380000,8.61(1.77 %),85300,737380000,0,0,158244096,1.98
08/05/2023,13200,115512000,8.67(0.81 %),35400,308652000,22200,193140000,158225096,1.98
09/05/2023,6600,57005000,8.55(-1.72 %),6600,57005000,0,0,158218496,1.98
10/05/2023,248000,2182786000,9.02(4.88 %),248000,2182786000,0,0,157970496,1.96
11/05/2023,-67500,-611674000,9.01(0.11 %),15000,135878000,82500,747552000,157977786,2.06
12/05/2023,61300,552401000,9.15(1.67 %),62100,559622000,800,7221000,157915686,2.07
15/05/2023,-64100,-583964000,8.88(-2.95 %),9100,83486000,73200,667450000,157979786,1.96
16/05/2023,76800,697619000,9.05(1.91 %),76800,697619000,0,0,157902986,1.98
17/05/2023,-137800,-1261915000,9.08(0.33 %),15000,137520000,152800,1399435000,158040786,1.94
18/05/2023,-158800,-1442514000,8.95(-1.43 %),0,0,158800,1442514000,158199586,1.9
19/05/2023,-220700,-1965487000,8.9(-0.56 %),2700,24108000,223400,1989595000,158420286,1.83
22/05/2023,-2000,-17820000,9(1.12 %),0,0,2000,17820000,158422286,1.83
23/05/2023,-30900,-279804000,9.1(1.11 %),0,0,30900,279804000,158453186,1.82
24/05/2023,-400,-3632000,9.05(-0.55 %),0,0,400,3632000,158453586,1.82
25/05/2023,-10000,-90900000,9.13(0.88 %),0,0,10000,90900000,158463586,1.82
26/05/2023,-47100,-438328000,9.26(1.42 %),100,933000,47200,439261000,158510686,1.81
29/05/2023,44000,424234000,9.62(3.89 %),45400,437534000,1400,13300000,158466686,1.82
30/05/2023,51400,489928000,9.53(-0.94 %),53200,507028000,1800,17100000,158415286,1.83
31/05/2023,-16600,-170078000,9.59(0.63 %),34000,326640000,50600,496718000,158431886,1.83
01/06/2023,-10900,-104671000,9.62(0.31 %),38500,371868000,49400,476539000,158463000,1.82
02/06/2023,-5800,-54019000,9.58(-0.42 %),28200,273250000,34000,327269000,158468800,1.82
05/06/2023,-7500,-71650000,9.69(1.15 %),2500,24150000,10000,95800000,158476300,1.82
06/06/2023,43500,431052000,9.83(1.44 %),89300,878232000,45800,447180000,158432800,1.83
07/06/2023,-28000,-276838000,9.85(0.20 %),0,0,28000,276838000,158460800,1.82
08/06/2023,-17000,-178820000,10.5(6.60 %),5600,57955000,22600,236775000,158477800,1.82
09/06/2023,-165000,-1769735000,10.7(1.90 %),3000,31800000,168000,1801535000,158642800,1.77
12/06/2023,-18700,-206515000,11.2(4.67 %),5100,56110000,23800,262625000,158661500,1.76
13/06/2023,13500,149660000,11(-1.79 %),13500,149660000,0,0,158648000,1.77
14/06/2023,13700,149145000,10.5(-4.55 %),14100,153485000,400,4340000,158634300,1.77
15/06/2023,269000,2833635000,10.65(1.43 %),299000,3152635000,30000,319000000,158365300,1.85
16/06/2023,-16700,-178375000,10.55(-1.40 %),3300,35625000,20000,214000000,158395313,1.93
19/06/2023,5100,54330000,10.6(0.00 %),7000,74375000,1900,20045000,158418313,1.93
20/06/2023,264700,2877425000,11(3.77 %),268200,2914900000,3500,37475000,158153613,1.91
21/06/2023,-78500,-864910000,11.1(0.91 %),50700,562725000,129200,1427635000,158121313,2.01
22/06/2023,-90300,-1012080000,11(-0.90 %),52700,587800000,143000,1599880000,158211613,1.89
23/06/2023,-12200,-135500000,10.9(-0.91 %),800,8800000,13000,144300000,158223813,1.89
26/06/2023,52400,557390000,10.7(-1.83 %),65500,697685000,13100,140295000,158278174,1.97
27/06/2023,-27200,-295365000,10.9(1.87 %),0,0,27200,295365000,158305374,1.87
28/06/2023,7000,76685000,11.05(1.38 %),10600,116335000,3600,39650000,158298374,1.87
29/06/2023,51500,549805000,10.65(-4.05 %),51600,550890000,100,1085000,158246874,1.88
30/06/2023,57700,614505000,10.6(-0.93 %),68900,733785000,11200,119280000,158189174,1.9
03/07/2023,28500,308215000,11(3.77 %),33200,359135000,4700,50920000,158203974,1.89
04/07/2023,-1900,-20940000,11(0.00 %),300,3310000,2200,24250000,158205874,1.89
05/07/2023,149600,1729440000,11.55(5.00 %),156600,1809940000,7000,80500000,158056274,1.94
06/07/2023,-89900,-1023535000,11.35(-2.16 %),17800,202950000,107700,1226485000,158014274,2.05
07/07/2023,-23100,-260095000,11.5(0.88 %),45700,527650000,68800,787745000,157975574,2.06
10/07/2023,22100,265355000,11.5(0.00 %),153000,1782400000,130900,1517045000,157953474,1.96
11/07/2023,51000,583665000,11.35(-1.30 %),54600,625415000,3600,41750000,157902474,1.98
12/07/2023,1800,20665000,11.3(-0.88 %),5000,56785000,3200,36120000,157900674,1.98
13/07/2023,117100,1356910000,11.6(2.65 %),117100,1356910000,0,0,157783574,2.01
14/07/2023,-10000,-117500000,11.7(0.86 %),0,0,10000,117500000,157960074,2.06
17/07/2023,-165200,-1926730000,11.65(-0.43 %),2600,30250000,167800,1956980000,158125274,1.92
18/07/2023,-87200,-999580000,11.5(-1.71 %),4000,46500000,91200,1046080000,158212474,1.89
19/07/2023,6600,75340000,11.2(-2.61 %),8700,99280000,2100,23940000,158122624,2.01
20/07/2023,3500,38640000,11.25(0.45 %),18500,209420000,15000,170780000,158119124,1.92
21/07/2023,136100,1557335000,11.5(1.77 %),136100,1557335000,0,0,157983024,1.96
24/07/2023,62100,722975000,11.7(1.74 %),91000,1060810000,28900,337835000,157985324,2.05
25/07/2023,225600,2632790000,11.65(-0.43 %),225600,2632790000,0,0,157759724,2.12
26/07/2023,-39500,-453440000,11.5(-1.29 %),62000,721930000,101500,1175370000,157799224,2.01
27/07/2023,-54500,-618970000,11.65(1.30 %),49200,567475000,103700,1186445000,157853724,1.99
28/07/2023,-81200,-977525000,12(2.56 %),13700,165525000,94900,1143050000,157934924,1.97
31/07/2023,-91100,-1093425000,11.75(-2.08 %),8700,102930000,99800,1196355000,158026024,1.94
01/08/2023,10200,109650000,11.4(-3.39 %),63800,738245000,53600,628595000,157864250,1.99
02/08/2023,2000,20665000,11.55(1.32 %),41600,472790000,39600,452125000,157862250,1.99
03/08/2023,-57000,-656865000,11.45(-1.29 %),0,0,57000,656865000,157919250,1.97
04/08/2023,13600,160140000,11.6(1.31 %),31900,370040000,18300,209900000,158014850,2.05
07/08/2023,26800,318850000,11.9(2.59 %),27300,324775000,500,5925000,157988050,1.95
08/08/2023,-400,-4830000,11.9(0.00 %),0,0,400,4830000,157988450,1.95
09/08/2023,-9500,-113405000,11.8(-0.84 %),0,0,9500,113405000,157997950,1.95
10/08/2023,-38300,-445430000,11.5(-2.54 %),8500,100235000,46800,545665000,158036250,1.94
11/08/2023,2200,25130000,11.5(0.00 %),2200,25130000,0,0,158034050,1.94
14/08/2023,63600,744255000,11.6(0.87 %),63600,744255000,0,0,158045756,2.04
15/08/2023,6000,69625000,11.6(0.00 %),6000,69625000,0,0,158039756,2.04
16/08/2023,22100,256210000,11.45(-1.29 %),23100,267910000,1000,11700000,158016656,2.04
17/08/2023,-63200,-718685000,11.3(-1.74 %),2000,22890000,65200,741575000,158079856,1.93
18/08/2023,-61100,-629465000,10.55(-6.64 %),92400,1006085000,153500,1635550000,157923180,2.07
21/08/2023,-73800,-756746000,10(-5.66 %),61400,615729000,135200,1372475000,157926980,2.07
22/08/2023,-246100,-2428612000,10(0.00 %),35900,356229000,282000,2784841000,158044580,2.04
23/08/2023,43600,436380000,9.99(-0.10 %),43600,436380000,0,0,158136180,2.01
24/08/2023,-15500,-156305000,10.2(2.10 %),500,5035000,16000,161340000,158151680,1.91
25/08/2023,-74100,-791645000,10.65(4.41 %),300,3225000,74400,794870000,158417330,1.93
28/08/2023,-20900,-219990000,10.7(0.47 %),15000,160150000,35900,380140000,158438230,1.83
29/08/2023,400,3240000,10.7(0.00 %),15900,170250000,15500,167010000,158476860,1.91
30/08/2023,27600,300840000,10.9(1.87 %),27600,300840000,0,0,158449260,1.82
31/08/2023,-3600,-39240000,10.85(-0.46 %),0,0,3600,39240000,158500649,1.9
05/09/2023,9000,98575000,10.85(0.00 %),9500,104025000,500,5450000,158491149,1.9
06/09/2023,20400,220945000,10.95(0.92 %),27200,295645000,6800,74700000,158470749,1.82
07/09/2023,40600,450765000,11.1(1.37 %),50000,555500000,9400,104735000,158418089,1.93
08/09/2023,-22500,-253375000,11.05(-0.45 %),24400,271560000,46900,524935000,158400489,1.93
11/09/2023,7400,81250000,10.95(-0.90 %),20000,222750000,12600,141500000,158389889,1.93
12/09/2023,74300,817690000,11.2(2.28 %),74300,817690000,0,0,158362489,1.94
13/09/2023,-3200,-37750000,10.95(-2.23 %),17200,189635000,20400,227385000,158357889,1.94
14/09/2023,17400,190655000,10.8(-1.37 %),17500,191745000,100,1090000,158340389,1.95
15/09/2023,21700,235675000,10.8(0.00 %),31000,336115000,9300,100440000,158329789,1.95
18/09/2023,0,0,10.8(0.00 %),0,0,0,0,158329789,1.86
19/09/2023,-1900,-19565000,10.75(-0.46 %),13100,140935000,15000,160500000,158325789,1.86
20/09/2023,165200,1851740000,11.25(4.65 %),181400,2033280000,16200,181540000,158160589,1.91
21/09/2023,-16400,-192180000,11.6(3.11 %),10100,114135000,26500,306315000,158176989,1.9
22/09/2023,-31200,-365800000,11.2(-3.45 %),18400,208110000,49600,573910000,158179889,2.0
25/09/2023,-140900,-1566170000,10.45(-6.70 %),22600,246225000,163500,1812395000,158183789,2.0
26/09/2023,22800,235187000,9.8(-6.22 %),30200,312602000,7400,77415000,158203189,1.99
27/09/2023,12500,119572000,9.99(1.94 %),26700,259421000,14200,139849000,158190689,1.9
28/09/2023,11400,114500000,10(0.10 %),11400,114500000,0,0,158179289,1.9
29/09/2023,-7700,-79655000,10.05(0.50 %),15000,151500000,22700,231155000,158335129,1.95
02/10/2023,-7900,-82155000,10.25(1.99 %),1000,10300000,8900,92455000,158334129,1.95
03/10/2023,44900,449340000,9.8(-4.39 %),57600,577110000,12700,127770000,158299229,1.96
04/10/2023,2300,22640000,10.2(4.08 %),2300,22640000,0,0,158296929,1.87
05/10/2023,14300,141624000,9.99(-2.06 %),30300,304824000,16000,163200000,158292229,1.96
06/10/2023,7000,69988000,10.1(1.10 %),7000,69988000,0,0,158285229,1.87
09/10/2023,-11800,-120175000,10.15(0.50 %),5200,52535000,17000,172710000,158297029,1.87
10/10/2023,-700,-8745000,10.2(0.49 %),15800,161880000,16500,170625000,158282307,1.97
11/10/2023,700,6365000,10.35(1.47 %),10700,109365000,10000,103000000,158288607,1.96
12/10/2023,-900,-8675000,10.3(-0.48 %),9100,95325000,10000,104000000,158296007,1.96
13/10/2023,14700,150185000,10.2(-0.97 %),21100,215525000,6400,65340000,158288907,1.96
16/10/2023,3700,36645000,10.05(-1.47 %),10100,101765000,6400,65120000,158288807,1.96
17/10/2023,27600,270760000,9.8(-2.49 %),27600,270760000,0,0,158267607,1.97
18/10/2023,36500,343404000,9.2(-6.12 %),55300,527889000,18800,184485000,158218707,1.98
19/10/2023,13500,122475000,8.81(-4.24 %),23900,218013000,10400,95538000,158194807,1.99
20/10/2023,98500,864981000,9.15(3.86 %),108500,954381000,10000,89400000,158109065,2.02
23/10/2023,50700,461874000,9.09(-0.66 %),58700,534652000,8000,72778000,158060765,2.03
24/10/2023,2400,22000000,9.13(0.44 %),2400,22000000,0,0,158058365,1.94
25/10/2023,-84600,-775205000,9.1(-0.33 %),7300,66824000,91900,842029000,158068365,2.03
26/10/2023,-166200,-1412461000,8.47(-6.92 %),16600,142114000,182800,1554575000,158052525,2.03
27/10/2023,-83600,-705198000,8.7(2.72 %),32000,269477000,115600,974675000,158116347,2.02
30/10/2023,3800,32478000,8.31(-4.48 %),3800,32478000,0,0,158299347,1.96
31/10/2023,61600,498745000,8(-3.73 %),63000,510351000,1400,11606000,158353547,1.94
01/11/2023,6300,52418000,8.18(2.25 %),23700,191302000,17400,138884000,158331847,1.95
02/11/2023,44000,374704000,8.7(6.36 %),48200,409816000,4200,35112000,158287847,1.87
03/11/2023,-7100,-62614000,8.66(-0.46 %),5000,43524000,12100,106138000,158294947,1.87
06/11/2023,67900,589616000,8.66(0.00 %),79700,691831000,11800,102215000,158227047,1.89
07/11/2023,-426600,-3687122000,8.58(-0.92 %),12700,109040000,439300,3796162000,158653647,1.77
08/11/2023,-6800,-55058000,9.1(6.06 %),42600,375045000,49400,430103000,158190547,1.99
09/11/2023,-38500,-352980000,9.13(0.33 %),16100,146740000,54600,499720000,158613747,1.87
10/11/2023,30600,277822000,9.2(0.77 %),69000,636875000,38400,359053000,158594147,1.87
13/11/2023,-25900,-240286000,9.15(-0.54 %),12100,110324000,38000,350610000,158636647,1.86
14/11/2023,-15600,-143977000,9.2(0.55 %),11900,109728000,27500,253705000,158635647,1.77
15/11/2023,3000,27886000,9.27(0.76 %),9800,91543000,6800,63657000,158632647,1.77
16/11/2023,0,0,9.33(0.65 %),0,0,0,0,158632647,1.77
17/11/2023,18200,169133000,9.24(-0.96 %),20000,185893000,1800,16760000,158643297,1.86
20/11/2023,58100,532477000,9.19(-0.54 %),58800,538897000,700,6420000,158588497,1.87
21/11/2023,2100,19306000,9.26(0.76 %),3900,35956000,1800,16650000,158586397,1.88
22/11/2023,18300,170209000,9.29(0.32 %),24500,227511000,6200,57302000,158562597,1.88
23/11/2023,58500,550301000,9.25(-0.43 %),69900,657459000,11400,107158000,158504097,1.81
24/11/2023,-40000,-366925000,9.16(-0.97 %),38600,351599000,78600,718524000,158544097,1.8
27/11/2023,-2900,-28680000,9.04(-1.31 %),32300,292908000,35200,321588000,158546997,1.8
28/11/2023,-14400,-130549000,8.98(-0.66 %),34800,310735000,49200,441284000,158561397,1.79
29/11/2023,18500,168483000,9.11(1.45 %),27800,253108000,9300,84625000,158542897,1.8
30/11/2023,-45100,-410527000,9.05(-0.66 %),6800,61752000,51900,472279000,158587997,1.79
01/12/2023,12800,115320000,9.03(-0.22 %),16800,151520000,4000,36200000,158534797,1.8
04/12/2023,76600,710594000,9.3(2.99 %),107000,993284000,30400,282690000,158458197,1.82
05/12/2023,-48600,-451912000,9.25(-0.54 %),2000,18580000,50600,470492000,158506797,1.81
06/12/2023,1716500,16795796000,9.89(6.92 %),1738000,17006231000,21500,210435000,156790297,2.29
07/12/2023,56900,568250000,10.25(3.64 %),163600,1649320000,106700,1081070000,156733397,2.31
08/12/2023,-17000,-171846000,10(-2.44 %),2100,21164000,19100,193010000,156750397,2.31
11/12/2023,-11100,-112260000,10.2(2.00 %),4300,43390000,15400,155650000,156761497,2.3
12/12/2023,-4600,-48140000,10.35(1.47 %),0,0,4600,48140000,156766097,2.3
13/12/2023,19800,198372000,10.05(-2.90 %),21800,218772000,2000,20400000,156746297,2.31
14/12/2023,10400,104840000,9.96(-0.90 %),10400,104840000,0,0,156735897,2.31
15/12/2023,237000,2362853000,9.99(0.30 %),237000,2362853000,0,0,156498897,2.38
18/12/2023,-5900,-58722000,9.92(-0.70 %),12100,120920000,18000,179642000,156504797,2.37
19/12/2023,8000,77978000,9.87(-0.50 %),10400,101946000,2400,23968000,156496797,2.38
20/12/2023,-36200,-356711000,9.97(1.01 %),1000,9860000,37200,366571000,156532997,2.37
21/12/2023,-30100,-305227000,10.05(0.80 %),8000,80400000,38100,385627000,156563097,2.36
22/12/2023,-117000,-1179298000,9.98(-0.70 %),4200,42015000,121200,1221313000,156680097,2.33
25/12/2023,36800,373430000,10.15(1.70 %),39400,399790000,2600,26360000,156643297,2.34
26/12/2023,71400,736405000,10.25(0.99 %),84600,872895000,13200,136490000,156571897,2.36
27/12/2023,200,2080000,10.2(-0.49 %),1400,14420000,1200,12340000,156571697,2.36
28/12/2023,12400,126960000,10.4(1.96 %),12800,131120000,400,4160000,156559297,2.36
29/12/2023,-82000,-851075000,10.4(0.00 %),2900,30160000,84900,881235000,156641297,2.34
02/01/2024,400,3930000,10.25(-1.44 %),8800,91305000,8400,87375000,153591952,3.36
03/01/2024,39200,405685000,10.5(2.44 %),40300,417110000,1100,11425000,153561157,3.21
04/01/2024,-178700,-1884825000,10.55(0.48 %),51200,542110000,229900,2426935000,153739857,3.16
05/01/2024,-56700,-606010000,11(4.27 %),7400,78545000,64100,684555000,153796557,3.14
08/01/2024,10000,110030000,11.1(0.91 %),17700,195015000,7700,84985000,153786557,3.14
09/01/2024,-62200,-685345000,10.8(-2.70 %),4200,45930000,66400,731275000,145609568,5.73
10/01/2024,-17500,-189685000,10.65(-1.39 %),3600,38740000,21100,228425000,145625664,5.73
11/01/2024,54500,579010000,10.65(0.00 %),55300,587450000,800,8440000,141887168,6.84
12/01/2024,6500,69230000,10.65(0.00 %),11800,126730000,5300,57500000,153796457,3.14
15/01/2024,-200,-2140000,10.5(-1.41 %),0,0,200,2140000,141897264,6.83
16/01/2024,-14800,-154690000,10.55(0.48 %),300,3135000,15100,157825000,141902272,6.83
17/01/2024,-46800,-492530000,10.5(-0.47 %),9300,98540000,56100,591070000,141893200,6.84
18/01/2024,200500,2125565000,10.6(0.95 %),201300,2134005000,800,8440000,153657757,3.18
19/01/2024,12200,129160000,10.55(-0.47 %),12200,129160000,0,0,153645557,3.18
22/01/2024,2200,23160000,10.3(-2.37 %),13200,138145000,11000,114985000,153643357,3.18
23/01/2024,-1200,-12340000,10.4(0.97 %),0,0,1200,12340000,153644557,3.18
24/01/2024,-11900,-123080000,10.3(-0.96 %),0,0,11900,123080000,153656457,3.18
25/01/2024,-3600,-37260000,10.35(0.49 %),500,5175000,4100,42435000,153660057,3.18
26/01/2024,201600,2119080000,10.55(1.93 %),201600,2119080000,0,0,153458457,3.24
29/01/2024,-7800,-83455000,10.7(1.42 %),8200,86920000,16000,170375000,141556448,6.94
30/01/2024,-86800,-923205000,10.65(-0.47 %),1000,10600000,87800,933805000,141555440,6.94
31/01/2024,105400,1089145000,10.35(-2.82 %),122200,1265810000,16800,176665000,138949248,7.71
01/02/2024,-13500,-141025000,10.5(1.45 %),1600,16640000,15100,157665000,138949243,7.34
02/02/2024,-54697,-572908500,10.35(-1.43 %),40003,414531500,94700,987440000,139035440,7.69
05/02/2024,-59200,-613400000,10.2(-1.45 %),52500,538395000,111700,1151795000,139061540,7.31
06/02/2024,-1180,-12091000,10.2(0.00 %),800,8200000,1980,20291000,139068736,7.68
07/02/2024,4100,42145000,10.25(0.49 %),4900,50385000,800,8240000,139175536,7.64
15/02/2024,87600,916860000,10.45(1.95 %),98800,1032380000,11200,115520000,139078720,7.67
16/02/2024,400000,4292020000,10.8(3.35 %),419100,4495665000,19100,203645000,138660416,7.8
19/02/2024,2100,22700000,10.9(0.93 %),4100,44400000,2000,21700000,138667520,7.79
20/02/2024,-60900,-661125000,10.9(0.00 %),9500,103550000,70400,764675000,138677120,7.79
21/02/2024,-173103,-1864767400,10.8(-0.92 %),19200,207360000,192303,2072127400,138663920,7.8
22/02/2024,4457100,49000155000,11(1.85 %),4469700,49136145000,12600,135990000,138663920,7.8
23/02/2024,-391100,-4248220000,10.65(-3.18 %),52200,569630000,443300,4817850000,134736923,8.53
26/02/2024,439600,4932500000,11.35(6.57 %),539100,6036595000,99500,1104095000,133878224,9.22
27/02/2024,-307800,-3543820000,11.45(0.88 %),6900,78790000,314700,3622610000,134605123,8.57
28/02/2024,62500,701005000,11.3(-1.31 %),121700,1375015000,59200,674010000,134542623,8.59
29/02/2024,1925300,22107740000,11.6(2.65 %),2370000,27255300000,444700,5147560000,132237120,9.71
01/03/2024,-63920,-736915950,11.7(0.86 %),0,0,63920,736915950,132237123,9.24
04/03/2024,-199099,-2322753350,11.55(-1.28 %),7101,84101650,206200,2406855000,132436222,9.18
05/03/2024,-18400,-215395000,11.6(0.43 %),2400,27740000,20800,243135000,132795440,9.54
06/03/2024,6801,77391550,11.3(-2.59 %),6801,77391550,0,0,132447821,9.18
07/03/2024,135700,1533915000,11.35(0.89 %),143300,1619875000,7600,85960000,132312121,9.22
08/03/2024,113410,1262874000,11.1(-2.20 %),117010,1303714000,3600,40840000,132198711,9.25
11/03/2024,666500,7632645000,11.3(1.80 %),674200,7720810000,7700,88165000,131532211,9.44
12/03/2024,17000,189720000,11.25(-0.44 %),49200,553675000,32200,363955000,132042632,9.76
13/03/2024,-1400,-19400000,11.45(1.78 %),62800,721560000,64200,740960000,131987531,9.78
14/03/2024,271000,3170375000,11.7(2.18 %),439300,5136410000,168300,1966035000,131716531,9.39
15/03/2024,-499400,-5789475000,11.65(-0.43 %),2000,23100000,501400,5812575000,132215931,9.25
18/03/2024,-53900,-547025000,11.3(-3.00 %),289000,3364750000,342900,3911775000,131521944,9.92
19/03/2024,-385300,-4374350000,11.4(0.88 %),13400,150415000,398700,4524765000,130010016,10.37
20/03/2024,30300,345330000,11.45(0.44 %),56300,640345000,26000,295015000,132624831,9.13
21/03/2024,61200,644470000,12.25(6.99 %),274700,3197210000,213500,2552740000,132563631,9.15
22/03/2024,454700,5565495000,12.3(0.41 %),477900,5849910000,23200,284415000,132108931,9.28
25/03/2024,119300,1429540000,12(-2.44 %),155900,1876455000,36600,446915000,130026352,10.36
26/03/2024,264600,3309680000,12.8(6.67 %),299200,3746890000,34600,437210000,132210031,9.25
27/03/2024,-136900,-1770070000,12.8(0.00 %),110600,1421355000,247500,3191425000,129676352,10.47
28/03/2024,-192300,-2500820000,13.35(4.30 %),194500,2541960000,386800,5042780000,128286280,10.88
29/03/2024,-380000,-5016175000,13.05(-2.25 %),24300,315930000,404300,5332105000,128509480,10.81
01/04/2024,-47000,-622990000,12.9(-1.15 %),232600,3006155000,279600,3629145000,128663680,10.77
02/04/2024,89500,1166135000,13.2(2.33 %),190300,2487955000,100800,1321820000,128419979,10.32
03/04/2024,-299900,-4004275000,12.9(-2.27 %),5000,66250000,304900,4070525000,129152280,10.62
04/04/2024,239500,2981895000,12.5(-3.10 %),415600,5243355000,176100,2261460000,128480379,10.3
05/04/2024,3544300,46132860000,13(4.00 %),4231700,55135625000,687400,9002765000,124910776,11.88
08/04/2024,66000,840875000,12.75(-1.92 %),152800,1954280000,86800,1113405000,124870079,11.32
09/04/2024,-335200,-4280585000,13(1.96 %),10700,136285000,345900,4416870000,125205279,11.23
10/04/2024,-1035400,-13235395000,12.8(-1.54 %),1200,15240000,1036600,13250635000,126240679,10.94
11/04/2024,-258900,-3269940000,12.65(-1.17 %),124000,1555455000,382900,4825395000,125918280,11.58
12/04/2024,99900,1293760000,13(2.77 %),160900,2086200000,61000,792440000,123729576,12.23
15/04/2024,146500,1759530000,12.1(-6.92 %),180000,2184585000,33500,425055000,126253179,10.93
16/04/2024,1600,-21485000,11.35(-6.20 %),123800,1413070000,122200,1434555000,126251579,10.93
17/04/2024,-115900,-1325240000,10.95(-3.52 %),42400,473225000,158300,1798465000,126369079,10.9
19/04/2024,375400,3970765000,10.5(-4.11 %),535800,5687975000,160400,1717210000,125993679,11.01
22/04/2024,-215100,-2313615000,10.8(2.86 %),162800,1759965000,377900,4073580000,123442680,12.32
23/04/2024,-92100,-1001510000,10.8(0.00 %),3000,32590000,95100,1034100000,123600088,12.27
24/04/2024,44900,494515000,11.3(4.63 %),308800,3439655000,263900,2945140000,126255979,10.93
25/04/2024,-99100,-1099830000,11.2(-0.88 %),28900,319810000,128000,1419640000,126355079,10.9
26/04/2024,-38000,-420315000,11.05(-1.34 %),5900,65105000,43900,485420000,121493392,12.9
02/05/2024,-45000,-497140000,11.05(0.00 %),300,3315000,45300,500455000,121621088,12.86
03/05/2024,46300,524095000,11(-0.45 %),100400,1123800000,54100,599705000,121564592,12.88
06/05/2024,344500,3825380000,11.25(2.27 %),371300,4124225000,26800,298845000,121238592,12.97
07/05/2024,-25600,-291985000,11.6(3.11 %),12400,138075000,38000,430060000,121280288,12.96
08/05/2024,-562100,-6523310000,11.45(-1.29 %),0,0,562100,6523310000,121307088,12.95
09/05/2024,175400,2098165000,11.75(2.62 %),508100,6032770000,332700,3934605000,120837024,13.09
10/05/2024,-12100,-143875000,11.65(-0.85 %),24100,279815000,36200,423690000,121375024,12.93
13/05/2024,84600,969710000,11.55(-0.86 %),91100,1044235000,6500,74525000,121616624,12.86
14/05/2024,1300,4510000,11.3(-2.16 %),66100,749790000,64800,745280000,121441088,12.29
15/05/2024,-23000,-266135000,11.5(1.77 %),13700,158255000,36700,424390000,121464088,12.29
16/05/2024,-35100,-404465000,11.55(0.43 %),28500,330665000,63600,735130000,121499188,12.28
17/05/2024,-248800,-2949835000,11.7(1.30 %),45100,527615000,293900,3477450000,121607456,12.86
20/05/2024,59200,691995000,11.85(1.28 %),180800,2159650000,121600,1467655000,121490256,12.9
21/05/2024,37700,429780000,12.1(2.11 %),156100,1844360000,118400,1414580000,121628064,12.86
22/05/2024,-54600,-726370000,11.85(-2.07 %),128100,1519075000,182700,2245445000,121621560,12.86
23/05/2024,18900,222345000,12(1.27 %),120600,1438475000,101700,1216130000,121619360,12.86
24/05/2024,-127800,-1521195000,11.55(-3.75 %),114600,1357890000,242400,2879085000,121779488,12.2
27/05/2024,-155000,-1803935000,11.6(0.43 %),0,0,155000,1803935000,121789160,12.81
28/05/2024,323300,3802600000,11.85(2.16 %),336000,3952350000,12700,149750000,121695560,12.84
29/05/2024,58500,693635000,12.05(1.69 %),237700,2881915000,179200,2188280000,121612864,12.86
30/05/2024,17700,209725000,12.3(2.07 %),20200,240600000,2500,30875000,121605360,12.86
31/05/2024,-51500,-633750000,12.2(-0.81 %),10800,132840000,62300,766590000,121773760,12.81
03/06/2024,-156000,-1916725000,12.15(-0.41 %),2800,34480000,158800,1951205000,121773760,12.2
04/06/2024,-17700,-217545000,12.1(-0.41 %),200,2420000,17900,219965000,121791460,12.2
05/06/2024,167900,2039665000,12.05(-0.41 %),167900,2039665000,0,0,121623560,12.24
06/06/2024,11200,134830000,11.95(-0.83 %),11200,134830000,0,0,121833153,12.8
07/06/2024,108200,1292595000,12(0.42 %),108200,1292595000,0,0,121724953,12.83
10/06/2024,-49100,-644100000,12.4(3.33 %),131800,1613985000,180900,2258085000,121774053,12.2
11/06/2024,-10800,-132705000,12.05(-2.82 %),2300,27965000,13100,160670000,121833153,12.8
12/06/2024,-102300,-1242635000,12.15(0.83 %),2200,26580000,104500,1269215000,121769553,12.82
13/06/2024,0,0,12.05(-0.82 %),0,0,0,0,121748153,12.82
14/06/2024,92600,1080205000,11.75(-2.49 %),121200,1425050000,28600,344845000,121731453,12.83
17/06/2024,41200,480025000,11.6(-1.28 %),41200,480025000,0,0,121813453,12.8
18/06/2024,10000,115935000,11.65(0.43 %),42500,496705000,32500,380770000,121799553,12.81
19/06/2024,-39400,-466715000,11.7(0.43 %),2900,33930000,42300,500645000,121796653,12.81
20/06/2024,11000,125950000,11.55(-1.28 %),11000,125950000,0,0,121818153,12.8
21/06/2024,-15400,-178450000,11.5(-0.43 %),0,0,15400,178450000,121860453,12.79
24/06/2024,-433300,-4857225000,10.95(-4.78 %),32100,360010000,465400,5217235000,121828353,12.8
25/06/2024,73800,815455000,11.1(1.37 %),74600,824360000,800,8905000,121769153,12.82
26/06/2024,-206600,-2292970000,11.15(0.45 %),71500,794190000,278100,3087160000,122163053,12.7
27/06/2024,57600,642125000,11.1(-0.45 %),120400,1342305000,62800,700180000,122043453,12.73
28/06/2024,-44777,-493103250,10.95(-1.35 %),1600,17700000,46377,510803250,122351853,12.64
04/07/2024,62200,705990000,11.3(-0.44 %),63400,719550000,1200,13560000,122428430,0.0
05/07/2024,1600,18220000,11.35(0.44 %),2400,27220000,800,9000000,122426830,0.0
08/07/2024,-35900,-410075000,11.3(-0.44 %),1600,18160000,37500,428235000,122462730,0.0
09/07/2024,-46200,-535120000,11.4(0.88 %),23600,271400000,69800,806520000,122508930,0.0
10/07/2024,-85200,-969575000,11.3(-0.88 %),3500,39925000,88700,1009500000,122594130,0.0
11/07/2024,788200,9074630000,11.55(2.21 %),789400,9088470000,1200,13840000,121805930,0.0
12/07/2024,390400,4507830000,11.5(-0.43 %),390500,4509000000,100,1170000,121415530,0.0
15/07/2024,-43600,-460190000,10.45(0.00 %),1900,19915000,45500,480105000,121459130,0.0
16/07/2024,-307200,-3196390000,10.3(-1.44 %),3300,34280000,310500,3230670000,121766330,0.0
17/07/2024,-842700,-8603384000,9.82(-4.66 %),14000,142214000,856700,8745598000,122609030,0.0
18/07/2024,-251300,-2488116000,10(1.83 %),9500,93654000,260800,2581770000,122860330,0.0
19/07/2024,-900,-10855000,9.8(-2.00 %),12100,118862000,13000,129717000,122861230,0.0
22/07/2024,35800,344210000,9.6(-2.04 %),35800,344210000,0,0,122825430,0.0
23/07/2024,-6900,-66854000,9.58(-0.21 %),0,0,6900,66854000,122832330,0.0
24/07/2024,22100,211780000,9.65(0.73 %),32200,307499000,10100,95719000,122810230,0.0
25/07/2024,-2100,-20180000,9.67(0.21 %),400,3844000,2500,24024000,122812330,0.0
26/07/2024,-8100,-79205000,9.79(1.24 %),2000,19532000,10100,98737000,122820430,0.0
29/07/2024,800,7872000,9.81(0.20 %),800,7872000,0,0,122819630,0.0
30/07/2024,800,7872000,9.62(-1.94 %),800,7872000,0,0,122818830,0.0
31/07/2024,72400,699831000,9.62(0.00 %),72500,700795000,100,964000,122746430,0.0
01/08/2024,-6800,-65223000,9.23(-4.05 %),2900,27403000,9700,92626000,122695590,0.0
02/08/2024,5600,51425000,9.24(0.11 %),18400,168207000,12800,116782000,122689990,0.0
05/08/2024,-43200,-381736000,8.6(-6.93 %),37800,332664000,81000,714400000,122733190,0.0
06/08/2024,67500,589300000,8.72(1.40 %),76100,664011000,8600,74711000,122665690,0.0
07/08/2024,-700,-6146000,8.83(1.26 %),0,0,700,6146000,122666390,0.0
08/08/2024,-23400,-207386000,8.81(-0.23 %),6700,59534000,30100,266920000,122689790,0.0
09/08/2024,-45700,-403885000,8.84(0.34 %),4600,40618000,50300,444503000,122735490,0.0
12/08/2024,-2100,-18661000,8.86(0.23 %),0,0,2100,18661000,122737590,0.0
13/08/2024,-26700,-237703000,8.9(0.45 %),7700,68396000,34400,306099000,122764290,0.0
14/08/2024,-6800,-61293000,8.9(0.00 %),3300,29398000,10100,90691000,122771090,0.0
15/08/2024,5900,52281000,8.9(0.00 %),6400,56724000,500,4443000,122765190,0.0
16/08/2024,175100,1596999000,9.27(4.16 %),184600,1682712000,9500,85713000,122590090,0.0
19/08/2024,-3100,-29084000,9.3(0.32 %),900,8289000,4000,37373000,122593190,0.0
20/08/2024,-20700,-199521000,9.53(2.47 %),3800,35416000,24500,234937000,122613890,0.0
21/08/2024,-57300,-545964000,9.54(0.10 %),800,7608000,58100,553572000,122671190,0.0
22/08/2024,-22000,-207738000,9.36(-1.89 %),6900,64645000,28900,272383000,122693190,0.0
23/08/2024,-109400,-1029020000,9.32(-0.43 %),3500,32674000,112900,1061694000,122802590,0.0
26/08/2024,59400,559900000,9.45(1.39 %),116300,1100650000,56900,540750000,122743190,0.0
27/08/2024,-21800,-206148000,9.46(0.11 %),7600,71896000,29400,278044000,122764990,0.0
28/08/2024,66300,627898000,9.51(0.53 %),78400,742289000,12100,114391000,122698690,0.0
29/08/2024,-155500,-1477966000,9.43(-0.84 %),9200,87175000,164700,1565141000,122854190,0.0
30/08/2024,15900,148939000,9.38(-0.53 %),23700,222771000,7800,73832000,122838290,0.0
04/09/2024,-75600,-697988000,9.18(-2.13 %),300,2760000,75900,700748000,134857947,0.0
05/09/2024,5000,45471000,9.12(-0.65 %),7400,67563000,2400,22092000,134852947,0.0
06/09/2024,35800,324164000,9.04(-0.88 %),36000,325984000,200,1820000,134817147,0.0
09/09/2024,5400,48871000,9.02(-0.22 %),19500,176509000,14100,127638000,134811747,0.0
10/09/2024,-26800,-244591000,9.01(-0.11 %),12800,115314000,39600,359905000,134838547,0.0
11/09/2024,-43200,-385915000,9(-0.11 %),4100,36774000,47300,422689000,134881747,0.0
12/09/2024,-5900,-53447000,9.01(0.11 %),400,3604000,6300,57051000,134887647,0.0
13/09/2024,52400,475082000,9.02(0.11 %),54300,492254000,1900,17172000,134835247,0.0
16/09/2024,33900,306565000,8.95(-0.78 %),35000,316504000,1100,9939000,134801347,0.0
17/09/2024,-165800,-1490458000,9.03(0.89 %),61800,558272000,227600,2048730000,134967147,0.0
18/09/2024,38200,349984000,9.11(0.89 %),41900,383645000,3700,33661000,134928947,0.0
19/09/2024,10000,91461000,9.13(0.22 %),17000,155627000,7000,64166000,134918947,0.0
20/09/2024,-2600,-24181000,9.22(0.99 %),26300,242244000,28900,266425000,134921547,0.0
23/09/2024,-54900,-504824000,9.15(-0.76 %),8400,77833000,63300,582657000,134976447,0.0
24/09/2024,5200,47602000,9.15(0.00 %),13500,123660000,8300,76058000,134971247,0.0
25/09/2024,121500,1122118000,9.27(1.31 %),122300,1129478000,800,7360000,134849747,0.0
26/09/2024,43500,404732000,9.31(0.43 %),52400,487932000,8900,83200000,134806247,0.0
27/09/2024,71300,669794000,9.4(0.97 %),72400,680189000,1100,10395000,134734947,0.0
30/09/2024,-98000,-919972000,9.33(-0.74 %),600,5646000,98600,925618000,134832947,0.0
01/10/2024,3600,34355000,9.37(0.43 %),35400,333055000,31800,298700000,134989804,0.0
02/10/2024,-24500,-229448000,9.32(-0.53 %),20900,196175000,45400,425623000,135014304,0.0
03/10/2024,-57600,-533884000,9.13(-2.04 %),3100,28347000,60700,562231000,135071904,0.0
04/10/2024,-47000,-429292000,9.11(-0.22 %),0,0,47000,429292000,135118904,0.0
07/10/2024,-51600,-471285000,9.1(-0.11 %),0,0,51600,471285000,135170504,0.0
08/10/2024,-39400,-359007000,9.1(0.00 %),400,3644000,39800,362651000,135209904,0.0
09/10/2024,-42900,-391646000,9.12(0.22 %),400,3648000,43300,395294000,135252804,0.0
10/10/2024,-9700,-88558000,9.1(-0.22 %),3000,27416000,12700,115974000,135262504,0.0
11/10/2024,11200,102097000,9.14(0.44 %),12600,114867000,1400,12770000,135251304,0.0
14/10/2024,17600,162634000,9.24(1.09 %),25000,230786000,7400,68152000,135233704,0.0
15/10/2024,-16900,-155297000,9.16(-0.87 %),2400,22015000,19300,177312000,135250604,0.0
16/10/2024,-8500,-77656000,9.13(-0.33 %),400,3656000,8900,81312000,135259104,0.0
17/10/2024,-24100,-219879000,9.16(0.33 %),400,3648000,24500,223527000,135283204,0.0
18/10/2024,900,8240000,9.11(-0.55 %),900,8240000,0,0,135282304,0.0
21/10/2024,15000,136623000,9.1(-0.11 %),16700,152119000,1700,15496000,135267304,0.0
22/10/2024,-3600,-32814000,9.02(-0.88 %),2400,21648000,6000,54462000,135270904,0.0
23/10/2024,300,2695000,9.03(0.11 %),700,6299000,400,3604000,135270604,0.0
24/10/2024,-1700,-15248000,8.76(-2.99 %),1100,9848000,2800,25096000,135272304,0.0
25/10/2024,48000,420000000,8.79(0.34 %),48000,420000000,0,0,135224304,0.0
28/10/2024,7700,67564000,8.76(-0.34 %),10900,95911000,3200,28347000,135216604,0.0
29/10/2024,7600,66899000,8.82(0.68 %),7700,67778000,100,879000,135209004,0.0
30/10/2024,1500,13228000,8.8(-0.23 %),1500,13228000,0,0,135207504,0.0
31/10/2024,900,7929000,8.78(-0.23 %),900,7929000,0,0,135206604,0.0
01/11/2024,48100,425450000,8.84(0.68 %),55000,486170000,6900,60720000,135302747,0.0
04/11/2024,500,4379000,8.75(-1.02 %),1300,11387000,800,7008000,135302247,0.0
05/11/2024,-66200,-576140000,8.7(-0.57 %),1000,8740000,67200,584880000,135368447,0.0
06/11/2024,-63700,-557400000,8.87(1.95 %),1300,11499000,65000,568899000,135432147,0.0
07/11/2024,7800,69465000,8.86(-0.11 %),9400,83721000,1600,14256000,135424347,0.0
08/11/2024,-26200,-233146000,8.82(-0.45 %),5000,44400000,31200,277546000,135450547,0.0
11/11/2024,-10300,-91198000,8.85(0.34 %),200,1772000,10500,92970000,135460847,0.0
12/11/2024,120400,1102585000,9.12(3.05 %),137500,1258752000,17100,156167000,135388970,12.43
13/11/2024,-13900,-126900000,9.05(-0.77 %),3200,28672000,17100,155572000,135354347,0.0
14/11/2024,-13300,-123307000,8.82(-2.54 %),16000,141327000,29300,264634000,135367647,0.0
15/11/2024,-77900,-684417000,8.62(-2.27 %),7800,67076000,85700,751493000,135445547,0.0
18/11/2024,1000,9180000,8.62(0.00 %),25600,220916000,24600,211736000,135444547,0.0
19/11/2024,-17400,-149802000,8.5(-1.39 %),600,5122000,18000,154924000,135461947,0.0
20/11/2024,22900,194766000,8.59(1.06 %),38300,326016000,15400,131250000,135439047,0.0
21/11/2024,-14100,-121758000,8.61(0.23 %),2100,18089000,16200,139847000,135453147,0.0
22/11/2024,3400,29204000,8.56(-0.58 %),3400,29204000,0,0,135449747,0.0
25/11/2024,-16000,-137764000,8.57(0.12 %),100,857000,16100,138621000,135401670,12.42
26/11/2024,45900,397485000,8.66(1.05 %),58900,510065000,13000,112580000,135342770,12.44
27/11/2024,-39100,-336621000,8.61(-0.58 %),5000,43251000,44100,379872000,135353870,12.44
28/11/2024,2500,21568000,8.61(0.00 %),2500,21568000,0,0,135364370,12.43
29/11/2024,-37300,-324123000,8.68(0.81 %),9700,84209000,47000,408332000,135398770,12.42
02/12/2024,-9500,-83433000,8.7(0.23 %),700,6118000,10200,89551000,135398070,12.42
03/12/2024,20300,177004000,8.7(0.00 %),27800,242617000,7500,65613000,135417270,12.42
04/12/2024,0,-12000,8.66(-0.46 %),600,5220000,600,5232000,135426870,12.42
05/12/2024,54700,481462000,8.86(2.31 %),59700,525012000,5000,43550000,135374670,12.43
09/12/2024,13200,117813000,8.92(0.22 %),15300,136624000,2100,18811000,135343970,12.44
10/12/2024,-6800,-61467000,8.98(0.67 %),16500,147963000,23300,209430000,135391370,12.43
16/12/2024,-43300,-377564000,8.68(-0.80 %),2300,20034000,45600,397598000,135419745,12.42
17/12/2024,-33600,-291870000,8.72(0.46 %),200,1735000,33800,293605000,135448845,12.41
18/12/2024,-18700,-162788000,8.73(0.11 %),100,869000,18800,163657000,135494345,12.4
19/12/2024,-21500,-186766000,8.61(-1.37 %),12700,108430000,34200,295196000,135515445,12.39
20/12/2024,-45300,-390955000,8.63(0.23 %),2000,17196000,47300,408151000,135532245,12.39
24/12/2024,0,0,8.55(-0.58 %),0,0,0,0,135607545,12.37
25/12/2024,31000,268790000,8.65(1.17 %),39900,346030000,8900,77240000,135569045,12.38
26/12/2024,-54000,-479715000,8.85(2.31 %),77700,683052000,131700,1162767000,135504545,12.39
27/12/2024,-2000,-17669000,8.75(-1.13 %),0,0,2000,17669000,135513445,12.39
30/12/2024,-41500,-362432000,8.69(-0.69 %),0,0,41500,362432000,135645145,12.36
31/12/2024,-54500,-471737000,8.6(-1.04 %),400,3460000,54900,475197000,135646745,12.36
02/01/2025,-9500,-81700000,8.65(0.58 %),0,0,9500,81700000,135688245,12.35
03/01/2025,-2200,-18946000,8.56(-1.04 %),0,0,2200,18946000,135743145,12.33
06/01/2025,4800,38741000,8.49(-0.82 %),11600,97209000,6800,58468000,135741045,12.33
07/01/2025,300,2490000,8.36(-1.53 %),300,2490000,0,0,135741045,12.33
08/01/2025,17400,144695000,8.35(-0.12 %),17400,144695000,0,0,135732345,12.33
09/01/2025,-7400,-61702000,8.25(-1.20 %),0,0,7400,61702000,135732345,12.33
10/01/2025,-18400,-150477000,8(-3.03 %),3200,25946000,21600,176423000,135729143,12.33
13/01/2025,1700,12036000,7.89(-1.38 %),25400,201110000,23700,189074000,135711143,12.34
14/01/2025,-1700,-13270000,7.89(0.00 %),2600,20579000,4300,33849000,135730143,12.33
15/01/2025,15700,124287000,7.98(1.14 %),17900,141831000,2200,17544000,135735943,12.33
16/01/2025,-22500,-181415000,8.02(0.50 %),6300,50700000,28800,232115000,135758443,0.0
17/01/2025,-100,-819000,8.03(0.12 %),200,1605000,300,2424000,135735943,12.33
20/01/2025,100,782000,8.03(0.00 %),5700,46055000,5600,45273000,135759043,12.33
21/01/2025,-16300,-131204000,7.95(-1.00 %),400,3216000,16700,134420000,135758943,12.33
22/01/2025,0,0,7.86(-1.13 %),0,0,0,0,135764543,12.32
23/01/2025,0,-13000,7.91(0.64 %),1900,14991000,1900,15004000,135779343,12.32
24/01/2025,22800,180048000,7.88(-0.38 %),24200,191094000,1400,11046000,135755143,12.33
03/02/2025,-11600,-91078000,0(0.00 %),500,3925000,12100,95003000,135756542,12.33
04/02/2025,85600,681440000,8.04(2.03 %),94700,753442000,9100,72002000,135663242,12.35
05/02/2025,21700,175510000,8.1(0.75 %),41800,338245000,20100,162735000,135633542,12.36
06/02/2025,7300,58234000,8.04(-0.74 %),10200,81813000,2900,23579000,135632442,12.36
07/02/2025,29800,241319000,8.07(0.37 %),36200,292896000,6400,51577000,135616342,12.36
10/02/2025,-45500,-365621000,8.02(-0.62 %),3900,31329000,49400,396950000,135615342,12.36
11/02/2025,-37000,-296233000,7.95(-0.87 %),2600,20779000,39600,317012000,135619142,12.36
12/02/2025,-25800,-206059000,7.95(0.00 %),1000,7960000,26800,214019000,135667542,12.35
13/02/2025,-17000,-135212000,7.92(-0.38 %),600,4769000,17600,139981000,135706542,12.34
14/02/2025,218900,1762886000,8.16(3.03 %),220500,1775922000,1600,13036000,135512842,12.39
17/02/2025,86400,708408000,8.22(0.74 %),93600,767422000,7200,59014000,135436842,12.41
18/02/2025,66500,551077000,8.26(0.49 %),66500,551077000,0,0,135371942,12.43
19/02/2025,-84600,-700052000,8.27(0.12 %),13800,114002000,98400,814054000,135365342,12.43
20/02/2025,-55700,-467166000,8.3(0.36 %),28100,233288000,83800,700454000,135337242,12.44
21/02/2025,-70500,-584164000,8.23(-0.84 %),11400,94226000,81900,678390000,135424242,12.42
24/02/2025,42900,353789000,8.23(0.00 %),61700,508052000,18800,154263000,135446342,12.41
25/02/2025,109500,908969000,8.27(0.49 %),110600,918101000,1100,9132000,135417642,12.42
26/02/2025,15400,127018000,8.2(-0.85 %),16400,135307000,1000,8289000,135420042,12.42
27/02/2025,-12300,-100815000,8.2(0.00 %),5700,46781000,18000,147596000,135415442,12.42
28/02/2025,184600,1531815000,8.43(2.80 %),213500,1775160000,28900,243345000,135202942,12.48
03/03/2025,-187400,-1572468000,8.37(-0.71 %),1000,8370000,188400,1580838000,135219942,12.47
04/03/2025,-74800,-617804000,8.21(-1.91 %),8300,68148000,83100,685952000,135240542,12.47
05/03/2025,-205500,-1681187000,8.12(-1.10 %),4600,37617000,210100,1718804000,135424342,12.42
06/03/2025,-18000,-146940000,8.14(0.25 %),8100,65782000,26100,212722000,135499342,12.4
07/03/2025,71400,588773000,8.17(0.37 %),78000,642995000,6600,54222000,135631442,12.36
10/03/2025,-4100,-33096000,8.12(-0.61 %),15000,122665000,19100,155761000,135642542,12.36
11/03/2025,-12300,-99429000,8.1(-0.25 %),900,7281000,13200,106710000,135642542,12.36
12/03/2025,-34200,-278522000,8.1(0.00 %),12400,100932000,46600,379454000,135654942,12.35
13/03/2025,-15200,-123278000,8.07(-0.37 %),0,0,15200,123278000,135668142,12.35
14/03/2025,6900,55676000,8.04(-0.37 %),10000,80600000,3100,24924000,135704758,12.34
17/03/2025,37000,297855000,8.1(0.75 %),37600,302685000,600,4830000,135682358,12.35
18/03/2025,-500,-4170000,8.14(0.49 %),1600,13008000,2100,17178000,135683858,12.35
19/03/2025,5600,45448000,8.14(0.00 %),30200,247203000,24600,201755000,135654258,12.35
20/03/2025,-78800,-642532000,8.07(-0.86 %),0,0,78800,642532000,135656358,12.35
21/03/2025,-2500,-20180000,8.06(-0.12 %),0,0,2500,20180000,135680958,12.35
24/03/2025,-16300,-131291000,8.05(-0.12 %),0,0,16300,131291000,135759758,12.33
25/03/2025,0,0,8.03(-0.25 %),0,0,0,0,135762258,12.33
26/03/2025,-100,-766000,7.95(-1.00 %),4700,37586000,4800,38352000,135773858,12.32
27/03/2025,-3500,-27750000,8.02(0.88 %),0,0,3500,27750000,135773804,12.32
28/03/2025,-7900,-63089000,7.93(-1.12 %),300,2383000,8200,65472000,135778304,12.32
31/03/2025,-18100,-142963000,7.81(-1.51 %),300,2350000,18400,145313000,135781498,12.32
01/04/2025,2900,22712000,7.87(0.77 %),3500,27440000,600,4728000,135786198,12.32
02/04/2025,-4000,-31467000,7.86(-0.13 %),300,2373000,4300,33840000,135804298,12.31
03/04/2025,27800,202684000,7.31(-7.00 %),38900,285915000,11100,83231000,135765998,12.32
04/04/2025,1000,6800000,6.8(-6.98 %),4500,30600000,3500,23800000,135765798,12.32
08/04/2025,126500,801935000,6.33(-6.91 %),130900,829794000,4400,27859000,135645998,12.36
09/04/2025,74800,438511000,5.89(-6.95 %),121600,718524000,46800,280013000,135527898,12.39
10/04/2025,-1000,-6300000,6.3(6.96 %),0,0,1000,6300000,135532298,12.39
11/04/2025,54500,345925000,6.73(6.83 %),146800,939878000,92300,593953000,135432298,12.41
14/04/2025,-23400,-155053000,6.71(-0.30 %),36500,245127000,59900,400180000,135396798,12.42
15/04/2025,45500,303334000,6.55(-2.38 %),45500,303334000,0,0,135443632,12.41
16/04/2025,-136400,-884065000,6.4(-2.29 %),10400,67426000,146800,951491000,135493132,12.4
17/04/2025,166400,1049273000,6.34(-0.94 %),172100,1085641000,5700,36368000,135321032,12.44
18/04/2025,140800,911603000,6.49(2.37 %),149100,965468000,8300,53865000,135318732,12.44
21/04/2025,62200,401343000,6.4(-1.39 %),82400,532163000,20200,130820000,135242032,12.47
22/04/2025,-114000,-697913000,6.15(-3.91 %),93300,587852000,207300,1285765000,135157032,12.49
23/04/2025,99500,621300000,6.3(2.44 %),140000,874878000,40500,253578000,135037232,12.52
24/04/2025,283500,1849899000,6.6(4.76 %),286900,1872192000,3400,22293000,134957632,12.54
25/04/2025,127300,853506000,6.76(2.42 %),143800,963769000,16500,110263000,134854332,12.57
28/04/2025,-6800,-46305000,6.7(-0.89 %),24700,166160000,31500,212465000,134833032,12.58
29/04/2025,32400,217486000,6.7(0.00 %),32800,220173000,400,2687000,134816732,12.58
05/05/2025,29900,143048000,6.72(0.30 %),29900,200408000,0,57360000,134826892,12.58
06/05/2025,77200,527624000,6.82(1.49 %),94600,646320000,17400,118696000,134750092,12.6
07/05/2025,24400,168281000,6.83(0.15 %),48100,330740000,23700,162459000,134725692,12.61
08/05/2025,-181000,-1240579000,6.84(0.15 %),54100,370740000,235100,1611319000,134725692,12.61
09/05/2025,19200,131707000,6.85(0.15 %),24100,165516000,4900,33809000,134706492,12.61
12/05/2025,29800,206646000,6.85(0.00 %),140000,960625000,110200,753979000,134857692,12.57
13/05/2025,237300,1651777000,7.15(4.38 %),318300,2233074000,81000,581297000,134620392,12.63
14/05/2025,242600,1729498000,7.14(-0.14 %),249800,1780921000,7200,51423000,134377792,12.7
15/05/2025,118250,619103500,7.21(0.98 %),118250,842555500,0,223452000,134290842,12.72
16/05/2025,8500,-130161000,7.12(-1.25 %),8500,60756000,0,190917000,134290842,12.72
19/05/2025,43000,91011000,7.06(-0.84 %),43000,303716000,0,212705000,134277942,12.73
20/05/2025,37900,30400000,7.09(0.42 %),37900,269252000,0,238852000,134292042,12.72
21/05/2025,12100,-215655000,7.06(-0.42 %),12100,85738000,0,301393000,134292042,12.72
22/05/2025,5000,-135249000,7.01(-0.71 %),5000,35150000,0,170399000,134292042,12.72
23/05/2025,-149300,-1043084000,6.97(-0.57 %),0,0,149300,1043084000,134322442,12.71
26/05/2025,246100,618254500,7.45(6.89 %),246100,1734620000,0,1116365500,134253392,12.73
27/05/2025,-183600,-1382903000,7.54(1.21 %),0,0,183600,1382903000,134402692,12.69
28/05/2025,24700,-422597000,7.45(-1.19 %),24700,184398000,0,606995000,134402692,12.69
29/05/2025,39200,102920000,7.42(-0.40 %),39200,293605000,0,190685000,134572692,12.65
30/05/2025,56200,30386000,7.27(-2.02 %),56200,409930000,0,379544000,134624392,12.63
02/06/2025,42500,215066000,7.31(0.55 %),42500,309780000,0,94714000,134594892,12.64
03/06/2025,2700,-303864000,7.34(0.41 %),2700,19845000,0,323709000,134594892,12.64
04/06/2025,81900,537193000,7.36(0.27 %),81900,601966000,0,64773000,134521792,12.66
05/06/2025,94200,589626000,7.45(1.22 %),94200,698705000,0,109079000,134483592,12.67
06/06/2025,0,-1548602000,7.32(-1.74 %),0,0,0,1548602000,134483592,12.67
09/06/2025,0,-1154995000,7.11(-2.87 %),0,0,0,1154995000,134483592,12.67
10/06/2025,1500,-425355000,7.07(-0.56 %),1500,10695000,0,436050000,134693192,12.61
11/06/2025,-21200,-149748000,7.03(-0.57 %),0,0,21200,149748000,134853192,12.57
12/06/2025,81900,580808000,7.13(1.42 %),98400,698327000,16500,117519000,134831192,12.58
13/06/2025,-173200,-1219497000,7.03(-1.40 %),4000,28200000,177200,1247697000,134852392,12.57
16/06/2025,96200,683623000,7.14(1.56 %),96900,688607000,700,4984000,134756192,12.6
17/06/2025,76700,549010000,7.14(0.00 %),80500,576199000,3800,27189000,134852752,12.57
18/06/2025,-35900,-255502000,7.12(-0.28 %),24500,175601000,60400,431103000,134852752,12.57
19/06/2025,-116100,-821140000,7.07(-0.70 %),5000,35289000,121100,856429000,134852752,12.57
20/06/2025,-39600,-271033000,7.34(3.82 %),83900,607587000,123500,878620000,134888652,12.56
23/06/2025,-123600,-888804000,7.17(-2.32 %),0,0,123600,888804000,135004752,12.53
24/06/2025,-46700,-338027000,7.2(0.42 %),0,0,46700,338027000,135044352,12.52
25/06/2025,-45500,-329319000,7.22(0.28 %),0,0,45500,329319000,135167952,12.49
26/06/2025,4800,38448000,7.25(0.42 %),71900,523816000,67100,485368000,135209852,12.47
27/06/2025,-41300,-306569000,7.34(1.24 %),12400,91597000,53700,398166000,135255352,12.46
30/06/2025,47800,357434000,7.47(1.77 %),52800,394834000,5000,37400000,135207552,12.48
01/07/2025,-67700,-511085000,7.33(-1.87 %),4200,31542000,71900,542627000,135248852,12.46
02/07/2025,395100,2995720000,7.68(4.77 %),441700,3354406000,46600,358686000,134853741,12.57
03/07/2025,-38000,-289613000,7.45(-2.99 %),17300,130424000,55300,420037000,134921441,12.55
04/07/2025,-4200,-31503000,7.4(-0.67 %),0,0,4200,31503000,134921441,12.55
07/07/2025,-167700,-1251147000,7.49(1.22 %),0,0,167700,1251147000,134959441,12.54
08/07/2025,-52000,-391610000,7.59(1.34 %),13500,101963000,65500,493573000,134963641,12.54
09/07/2025,54300,413141000,7.59(0.00 %),100500,763608000,46200,350467000,135077036,12.51
10/07/2025,-13900,-118090000,7.72(1.71 %),149600,1146776000,163500,1264866000,135077036,12.51
11/07/2025,148900,1156515000,7.84(1.55 %),232100,1807874000,83200,651359000,134980136,12.54
14/07/2025,-80100,-629788000,7.89(0.64 %),49300,386992000,129400,1016780000,134994036,12.53
15/07/2025,20500,164298000,7.91(0.25 %),114000,912780000,93500,748482000,134973536,12.54
16/07/2025,36900,288391000,8.07(2.02 %),134200,1066622000,97300,778231000,135016736,12.53
17/07/2025,161400,1326178000,8.22(1.86 %),236200,1941019000,74800,614841000,135016736,12.53
18/07/2025,-27100,-222165000,8.17(-0.61 %),112100,917133000,139200,1139298000,134855336,12.57
21/07/2025,15300,129176000,8.06(-1.35 %),108800,890708000,93500,761532000,134840036,12.57
22/07/2025,413800,3366901000,8.18(1.49 %),467800,3804375000,54000,437474000,134453336,12.68
23/07/2025,-30700,-245917000,8.14(-0.49 %),124700,1024102000,155400,1270019000,134453336,12.68
24/07/2025,58400,487724000,8.34(2.46 %),143400,1197200000,85000,709476000,134394936,12.69
25/07/2025,-213200,-1780903000,8.32(-0.24 %),9700,81130000,222900,1862033000,134425636,12.69
28/07/2025,178600,1285799000,8.72(4.81 %),647300,5385246000,468700,4099447000,134247036,12.73
29/07/2025,-273500,-2401350000,8.2(-5.96 %),100100,854444000,373600,3255794000,134460236,12.68
30/07/2025,21600,171549000,8.18(-0.24 %),31300,251410000,9700,79861000,134438636,12.68
31/07/2025,-406000,-3293336000,8.07(-1.34 %),32700,265552000,438700,3558888000,134712156,12.61
01/08/2025,139700,1129828000,8.01(-0.74 %),190400,1538954000,50700,409126000,134572456,12.65
04/08/2025,35000,283697000,8.18(2.12 %),71600,582902000,36600,299205000,134943456,12.55
05/08/2025,-125200,-1018433000,8.1(-0.98 %),173300,1425626000,298500,2444059000,134943456,12.55
06/08/2025,104500,890878000,8.4(3.70 %),344800,2899244000,240300,2008366000,134838956,12.57
07/08/2025,290500,2523453000,8.72(3.81 %),367100,3183141000,76600,659688000,134673656,12.62
08/08/2025,534100,4605980000,8.75(0.34 %),655000,5664446000,120900,1058466000,134139556,12.76
11/08/2025,72100,630135000,8.66(-1.03 %),317800,2788784000,245700,2158649000,134067451,12.78
12/08/2025,-48200,-421691000,8.58(-0.92 %),131400,1139252000,179600,1560943000,134067451,12.78
13/08/2025,288800,2497011000,8.79(2.45 %),531700,4597668000,242900,2100657000,133778499,12.86
14/08/2025,-121500,-1088982000,9.03(2.73 %),262700,2362685000,384200,3451667000,133826699,12.85
15/08/2025,-526600,-4668849000,8.69(-3.77 %),43700,383194000,570300,5052043000,133826699,12.85
18/08/2025,46900,407764000,8.7(0.12 %),300800,2620098000,253900,2212334000,133901299,12.83
19/08/2025,406900,3622874000,8.93(2.64 %),525700,4688643000,118800,1065769000,134021097,12.8
20/08/2025,-239300,-2150869000,8.58(-3.92 %),287300,2441702000,526600,4592571000,134021097,12.8
21/08/2025,-374700,-3174911000,8.3(-3.26 %),52600,449191000,427300,3624102000,134021097,12.8
22/08/2025,68200,531361000,8.13(-2.05 %),614600,4977109000,546400,4445748000,134021097,12.8
25/08/2025,-150700,-1229703000,8.04(-1.11 %),16900,137566000,167600,1367269000,134192197,12.75
26/08/2025,223700,1812614000,0(-100.00 %),307400,2489595000,83700,676981000,134566897,12.65
