Ngay,KLGDRong,GTDGRong,ThayDoi,KLMua,GtMua,KLBan,GtBan,RoomConLai,DangSoHuu
11/07/2006,-3900,-261300,0(0.00 %),20000,1340000,23900,1601300,0,0.0
12/07/2006,10720,744925,0(0.00 %),10720,744925,0,0,0,0.0
13/07/2006,1200,81600,0(0.00 %),1200,81600,0,0,0,0.0
14/07/2006,100,6600,0(0.00 %),100,6600,0,0,0,0.0
17/07/2006,-5060,-323840,0(0.00 %),0,0,5060,323840,0,0.0
18/07/2006,5060,313720,0(0.00 %),20000,1240000,14940,926280,0,0.0
19/07/2006,120060,7443690,0(0.00 %),120060,7443690,0,0,0,0.0
20/07/2006,-1000,-59000,0(0.00 %),0,0,1000,59000,0,0.0
25/07/2006,50000,2869745,0(0.00 %),50000,2869745,0,0,0,0.0
26/07/2006,15000,840000,0(0.00 %),15000,840000,0,0,0,0.0
28/07/2006,18900,1159850,0(0.00 %),18900,1159850,0,0,0,0.0
31/07/2006,11480,671580,0(0.00 %),11480,671580,0,0,0,0.0
01/08/2006,1000,57070,0(0.00 %),7000,399070,6000,342000,0,0.0
02/08/2006,18950,1095350,0(0.00 %),18950,1095350,0,0,0,0.0
03/08/2006,13920,845700,0(0.00 %),13920,845700,0,0,0,0.0
04/08/2006,9000,569500,0(0.00 %),9000,569500,0,0,0,0.0
07/08/2006,6010,373010,0(0.00 %),6010,373010,0,0,0,0.0
08/08/2006,3340,208870,0(0.00 %),4050,253600,710,44730,0,0.0
09/08/2006,8000,500000,0(0.00 %),8000,500000,0,0,0,0.0
10/08/2006,29510,1858625,0(0.00 %),29510,1858625,0,0,0,0.0
11/08/2006,12570,805980,0(0.00 %),12570,805980,0,0,0,0.0
14/08/2006,-16000,-1081000,0(0.00 %),2000,134000,18000,1215000,0,0.0
15/08/2006,450,30150,0(0.00 %),450,30150,0,0,0,0.0
16/08/2006,-2000,-129825,0(0.00 %),25000,1712500,27000,1842325,0,0.0
17/08/2006,51240,3533210,0(0.00 %),75200,5186450,23960,1653240,0,0.0
18/08/2006,12630,865155,0(0.00 %),12630,865155,0,0,0,0.0
21/08/2006,-23000,-1587000,0(0.00 %),4000,276000,27000,1863000,0,0.0
22/08/2006,51600,3534600,0(0.00 %),52600,3603100,1000,68500,0,0.0
23/08/2006,-1000,-70500,0(0.00 %),2000,138000,3000,208500,0,0.0
25/08/2006,14400,1036800,0(0.00 %),15000,1080000,600,43200,0,0.0
28/08/2006,-19800,-1465200,0(0.00 %),0,0,19800,1465200,0,0.0
29/08/2006,32370,2423615,0(0.00 %),35370,2650115,3000,226500,0,0.0
30/08/2006,-19800,-1524600,0(0.00 %),0,0,19800,1524600,0,0.0
31/08/2006,400,29600,0(0.00 %),400,29600,0,0,0,0.0
01/09/2006,5200,400900,0(0.00 %),5200,400900,0,0,0,0.0
05/09/2006,115900,9287550,0(0.00 %),135900,10868550,20000,1581000,0,0.0
06/09/2006,-13500,-1077750,0(0.00 %),500,39750,14000,1117500,0,0.0
07/09/2006,117850,9251225,0(0.00 %),117850,9251225,0,0,0,0.0
08/09/2006,17950,1418050,0(0.00 %),18950,1497050,1000,79000,0,0.0
11/09/2006,-9000,-733500,0(0.00 %),0,0,9000,733500,0,0.0
12/09/2006,15320,1217940,0(0.00 %),15320,1217940,0,0,0,0.0
13/09/2006,2500,207500,0(0.00 %),10360,844160,7860,636660,0,0.0
14/09/2006,4200,340200,0(0.00 %),4200,340200,0,0,0,0.0
15/09/2006,3400,256700,0(0.00 %),3400,256700,0,0,0,0.0
19/09/2006,500,38000,0(0.00 %),500,38000,0,0,0,0.0
21/09/2006,30,2310,76.5(-0.65 %),30,2310,0,0,0,0.0
22/09/2006,-3000,-229500,76.5(0.00 %),0,0,3000,229500,0,0.0
25/09/2006,-3990,-308240,76(-0.65 %),1010,76760,5000,385000,0,0.0
26/09/2006,3190,245630,77(1.32 %),3190,245630,0,0,0,0.0
27/09/2006,29490,2308370,78.5(1.95 %),29490,2308370,0,0,0,0.0
28/09/2006,19530,1533105,79(0.64 %),19530,1533105,0,0,0,0.0
29/09/2006,10860,857940,79(0.00 %),10860,857940,0,0,0,0.0
02/10/2006,17670,1402090,80(1.27 %),17670,1402090,0,0,0,0.0
03/10/2006,5250,425250,81(1.25 %),5250,425250,0,0,0,0.0
04/10/2006,39940,3252610,81.5(0.62 %),42040,3423760,2100,171150,0,0.0
05/10/2006,-6000,-474000,79(-3.07 %),3000,237000,9000,711000,0,0.0
06/10/2006,-800,-64000,79.5(0.63 %),0,0,800,64000,0,0.0
09/10/2006,17800,1424500,80(0.63 %),19000,1520500,1200,96000,0,0.0
10/10/2006,62960,4983840,79(-1.25 %),62960,4983840,0,0,0,0.0
12/10/2006,20000,1600000,80(0.00 %),20000,1600000,0,0,0,0.0
13/10/2006,-10000,-800000,80.5(0.62 %),0,0,10000,800000,0,0.0
16/10/2006,11770,941600,80.5(0.00 %),11770,941600,0,0,0,0.0
17/10/2006,30990,2463705,79.5(-1.24 %),32990,2622705,2000,159000,0,0.0
18/10/2006,42000,3345000,80(0.63 %),42000,3345000,0,0,0,0.0
19/10/2006,1880,150400,81(1.25 %),1880,150400,0,0,0,0.0
20/10/2006,10000,817500,81.5(0.62 %),10000,817500,0,0,0,0.0
23/10/2006,8000,652000,81.5(0.00 %),8000,652000,0,0,0,0.0
24/10/2006,5300,430800,81(-0.61 %),5300,430800,0,0,0,0.0
25/10/2006,5100,413100,81(0.00 %),9100,737100,4000,324000,0,0.0
26/10/2006,27300,2211300,81(0.00 %),27300,2211300,0,0,0,0.0
27/10/2006,6640,539340,81(0.00 %),15640,1268340,9000,729000,0,0.0
30/10/2006,47790,3870990,81(0.00 %),47790,3870990,0,0,0,0.0
31/10/2006,6320,511800,81(0.00 %),11320,911800,5000,400000,0,0.0
02/11/2006,5000,400000,80(-1.23 %),5000,400000,0,0,0,0.0
03/11/2006,20000,1610000,80.5(0.62 %),20000,1610000,0,0,0,0.0
06/11/2006,31070,2544705,82(1.86 %),31070,2544705,0,0,0,0.0
07/11/2006,23700,1978650,83.5(1.83 %),23700,1978650,0,0,0,0.0
08/11/2006,18400,1568000,87(4.19 %),18400,1568000,0,0,0,0.0
09/11/2006,13780,1249830,91(4.60 %),13780,1249830,0,0,0,0.0
10/11/2006,12670,1129480,89(-2.20 %),12670,1129480,0,0,0,0.0
13/11/2006,6960,639000,93(4.49 %),20960,1923000,14000,1284000,0,0.0
14/11/2006,10490,1015505,96.5(3.76 %),10490,1015505,0,0,0,0.0
15/11/2006,76860,7261010,93.5(-3.11 %),81860,7728510,5000,467500,0,0.0
16/11/2006,42090,3946560,94(0.53 %),42090,3946560,0,0,0,0.0
17/11/2006,49370,4749015,96(2.13 %),67370,6450015,18000,1701000,0,0.0
20/11/2006,133430,13260560,100(4.17 %),187430,18660560,54000,5400000,0,0.0
21/11/2006,20230,2124150,105(5.00 %),38230,4014150,18000,1890000,0,0.0
22/11/2006,-7570,-832700,110(4.76 %),10430,1147300,18000,1980000,0,0.0
23/11/2006,-9680,-1113200,115(4.55 %),35320,4061800,45000,5175000,0,0.0
24/11/2006,-13750,-1650000,120(4.35 %),41300,4956000,55050,6606000,0,0.0
27/11/2006,2870,327180,114(-5.00 %),2870,327180,0,0,0,0.0
28/11/2006,-20170,-2317430,111(-2.63 %),980,106820,21150,2424250,0,0.0
29/11/2006,51230,5430380,106(-4.50 %),54230,5748380,3000,318000,0,0.0
30/11/2006,58870,6511750,111(4.72 %),61370,6786750,2500,275000,0,0.0
01/12/2006,36140,4004320,110(-0.90 %),56890,6295020,20750,2290700,0,0.0
04/12/2006,42620,4751620,111(0.91 %),42720,4762720,100,11100,0,0.0
05/12/2006,20570,2276270,109(-1.80 %),30570,3366270,10000,1090000,0,0.0
06/12/2006,12990,1447160,114(4.59 %),12990,1447160,0,0,0,0.0
07/12/2006,-26920,-3203480,119(4.39 %),80,9520,27000,3213000,0,0.0
08/12/2006,2310,286440,124(4.20 %),29310,3634440,27000,3348000,0,0.0
11/12/2006,119890,15585700,130(4.84 %),121690,15819700,1800,234000,0,0.0
12/12/2006,43450,5894700,126(-3.08 %),44450,6030700,1000,136000,0,0.0
13/12/2006,-1800,-238600,132(4.76 %),26200,3455400,28000,3694000,0,0.0
14/12/2006,46080,6359040,138(4.55 %),95930,13238340,49850,6879300,0,0.0
15/12/2006,70000,10080000,144(4.35 %),90090,12972960,20090,2892960,0,0.0
18/12/2006,97040,13944060,144(0.00 %),106040,15240060,9000,1296000,0,0.0
19/12/2006,97780,14764380,151(4.86 %),97950,14790050,170,25670,0,0.0
20/12/2006,74100,11686180,158(4.64 %),94000,14810380,19900,3124200,0,0.0
21/12/2006,134100,21181200,158(0.00 %),134100,21181200,0,0,0,0.0
22/12/2006,-101514,-16068682,151(-4.43 %),4210,635710,105724,16704392,0,0.0
25/12/2006,-13500,-1944000,144(-4.64 %),0,0,13500,1944000,0,0.0
26/12/2006,-6650,-461930,151(4.86 %),32130,4851630,38780,5313560,0,0.0
27/12/2006,10400,1601600,154(1.99 %),50000,7700000,39600,6098400,0,0.0
28/12/2006,2900,449180,150(-2.60 %),41400,6249240,38500,5800060,0,0.0
29/12/2006,1320,192720,146(-2.67 %),1320,192720,0,0,0,0.0
01/03/2007,-9820,-2344360000,240(0.84 %),5590,1332260000,15410,3676620000,0,0.0
02/03/2007,32700,8177200000,250(4.17 %),34240,8556500000,1540,379300000,0,0.0
05/03/2007,-2910,-721000000,245(-2.00 %),30420,7605000000,33330,8326000000,0,0.0
06/03/2007,47960,11790670000,245(0.00 %),61070,15038650000,13110,3247980000,0,0.0
07/03/2007,-23150,-5456950000,233(-4.90 %),2560,596480000,25710,6053430000,0,0.0
08/03/2007,-6400,-1483710000,231(-0.86 %),10720,2569380000,17120,4053090000,0,0.0
09/03/2007,16310,3941720000,242(4.76 %),24710,5973920000,8400,2032200000,0,0.0
12/03/2007,1970,482650000,245(1.24 %),1970,482650000,0,0,0,0.0
13/03/2007,820,200900000,234(-4.49 %),2240,548800000,1420,347900000,0,0.0
14/03/2007,-11140,-2516070000,223(-4.70 %),2620,597260000,13760,3113330000,0,0.0
15/03/2007,4510,956120000,212(-4.93 %),4510,956120000,0,0,0,0.0
16/03/2007,-44770,-9346790000,222(4.72 %),500,101000000,45270,9447790000,0,0.0
19/03/2007,-67060,-14216720000,212(-4.50 %),630,133560000,67690,14350280000,0,0.0
20/03/2007,6270,1380340000,212(0.00 %),6270,1380340000,0,0,0,0.0
21/03/2007,8450,1853850000,215(1.42 %),8450,1853850000,0,0,0,0.0
22/03/2007,31110,6688650000,215(0.00 %),31110,6688650000,0,0,0,0.0
23/03/2007,22610,4902030000,218(1.40 %),22610,4902030000,0,0,0,0.0
26/03/2007,41210,8991790000,220(0.92 %),48010,10474190000,6800,1482400000,0,0.0
27/03/2007,46850,10307000000,220(0.00 %),46850,10307000000,0,0,0,0.0
28/03/2007,100,21000000,210(-4.55 %),100,21000000,0,0,0,0.0
29/03/2007,-18490,-3746000000,220(4.76 %),21510,4662200000,40000,8408200000,0,0.0
30/03/2007,40690,8984190000,220(0.00 %),41170,9089790000,480,105600000,0,0.0
02/04/2007,0,0,210(-4.55 %),0,0,0,0,0,0.0
03/04/2007,100,20000000,200(-4.76 %),100,20000000,0,0,0,0.0
04/04/2007,-1280,-228560000,201(0.50 %),2900,582360000,4180,810920000,0,0.0
05/04/2007,22320,4594860000,207(2.99 %),22720,4677260000,400,82400000,0,0.0
06/04/2007,130,26910000,198(-4.35 %),130,26910000,0,0,0,0.0
09/04/2007,4080,807840000,198(0.00 %),4580,906840000,500,99000000,0,0.0
10/04/2007,24370,4995850000,205(3.54 %),24370,4995850000,0,0,0,0.0
11/04/2007,1730,354650000,205(0.00 %),3350,686750000,1620,332100000,0,0.0
12/04/2007,37780,7754580000,206(0.49 %),37780,7754580000,0,0,0,0.0
13/04/2007,-7420,-1436800000,204(-0.97 %),7590,1505160000,15010,2941960000,0,0.0
16/04/2007,2960,581360000,196(-3.92 %),2960,581360000,0,0,0,0.0
17/04/2007,-8410,-1572670000,187(-4.59 %),14480,2707760000,22890,4280430000,0,0.0
18/04/2007,-1040,-203840000,196(4.81 %),50,9800000,1090,213640000,0,0.0
19/04/2007,2770,570740000,188(-4.08 %),2950,604580000,180,33840000,0,0.0
20/04/2007,4420,847760000,188(0.00 %),12940,2432320000,8520,1584560000,0,0.0
23/04/2007,3080,566720000,184(-2.13 %),20000,3680000000,16920,3113280000,0,0.0
24/04/2007,-14370,-2514750000,175(-4.89 %),860,150500000,15230,2665250000,0,0.0
25/04/2007,-15070,-2516690000,167(-4.57 %),22300,3724100000,37370,6240790000,0,0.0
02/05/2007,-4840,-803040000,163(-2.40 %),22300,3773500000,27140,4576540000,0,0.0
03/05/2007,12070,2046330000,171(4.91 %),29720,4964520000,17650,2918190000,0,0.0
04/05/2007,5520,1131080000,179(4.68 %),36920,6360000000,31400,5228920000,0,0.0
07/05/2007,10350,1868310000,183(2.23 %),29490,5364550000,19140,3496240000,0,0.0
08/05/2007,21390,4087680000,192(4.92 %),24500,4674800000,3110,587120000,0,0.0
09/05/2007,28390,5699930000,201(4.69 %),78390,15749410000,50000,10049480000,0,0.0
10/05/2007,19960,4011960000,201(0.00 %),19960,4011960000,0,0,0,0.0
11/05/2007,25690,5151690000,201(0.00 %),25690,5151690000,0,0,0,0.0
14/05/2007,35610,7433280000,211(4.98 %),55610,11653280000,20000,4220000000,0,0.0
15/05/2007,24660,5423460000,218(3.32 %),73510,16191920000,48850,10768460000,0,0.0
16/05/2007,29360,6603640000,218(0.00 %),42900,9561360000,13540,2957720000,0,0.0
17/05/2007,-100,-21000000,210(-3.67 %),0,0,100,21000000,0,0.0
18/05/2007,-9020,-1860170000,205(-2.38 %),20000,4146950000,29020,6007120000,0,0.0
21/05/2007,9820,2111300000,215(4.88 %),9920,2132800000,100,21500000,0,0.0
22/05/2007,51290,11458570000,225(4.65 %),52470,11724070000,1180,265500000,0,0.0
23/05/2007,100,22500000,220(-2.22 %),100,22500000,0,0,0,0.0
24/05/2007,17680,3883200000,220(0.00 %),27260,5974340000,9580,2091140000,0,0.0
25/05/2007,1570,346850000,220(0.00 %),1860,409200000,290,62350000,0,0.0
28/05/2007,820,188100000,215(-2.27 %),1180,265500000,360,77400000,0,0.0
29/05/2007,-1000,-215000000,215(0.00 %),0,0,1000,215000000,0,0.0
30/05/2007,6370,1402050000,210(-2.33 %),9580,2111460000,3210,709410000,0,0.0
31/05/2007,-4960,-1042250000,211(0.48 %),290,62350000,5250,1104600000,0,0.0
01/06/2007,360,77400000,212(0.47 %),360,77400000,0,0,0,0.0
04/06/2007,-450,-83700000,210(-0.94 %),1000,222000000,1450,305700000,0,0.0
05/06/2007,2510,527100000,210(0.00 %),3210,674100000,700,147000000,0,0.0
06/06/2007,-9740,-1985950000,205(-2.38 %),5250,1102500000,14990,3088450000,0,0.0
07/06/2007,-13200,-2706000000,205(0.00 %),0,0,13200,2706000000,0,0.0
08/06/2007,-550,-117150000,208(1.46 %),1450,308850000,2000,426000000,0,0.0
11/06/2007,-180,-44800000,210(0.96 %),700,140000000,880,184800000,0,0.0
12/06/2007,1940,412430000,208(-0.95 %),14990,3125360000,13050,2712930000,0,0.0
13/06/2007,-8000,-1600000000,200(-3.85 %),10670,2134000000,18670,3734000000,0,0.0
14/06/2007,-10720,-2144000000,200(0.00 %),4530,906000000,15250,3050000000,0,0.0
15/06/2007,-15730,-3106800000,196(-2.00 %),880,174240000,16610,3281040000,0,0.0
18/06/2007,-62860,-11754820000,187(-4.59 %),13050,2440350000,75910,14195170000,0,0.0
19/06/2007,-6730,-1319080000,196(4.81 %),15590,3055640000,22320,4374720000,0,0.0
20/06/2007,-13040,-2603640000,199(1.53 %),0,0,13040,2603640000,0,0.0
21/06/2007,-19400,-3727020000,193(-3.02 %),0,0,19400,3727020000,0,0.0
22/06/2007,3890,750770000,193(0.00 %),17980,3470140000,14090,2719370000,0,0.0
25/06/2007,-12970,-2468840000,190(-1.55 %),660,125400000,13630,2594240000,0,0.0
26/06/2007,11130,2174160000,196(3.16 %),24650,4824080000,13520,2649920000,0,0.0
27/06/2007,-4270,-824020000,192(-2.04 %),7050,1368270000,11320,2192290000,0,0.0
28/06/2007,1930,377690000,193(0.52 %),14870,2866610000,12940,2488920000,0,0.0
29/06/2007,22620,4410900000,195(1.04 %),33590,6550050000,10970,2139150000,0,0.0
02/07/2007,13440,2643100000,195(0.00 %),25000,4905000000,11560,2261900000,0,0.0
03/07/2007,31230,6038600000,194(-0.51 %),31720,6132500000,490,93900000,0,0.0
04/07/2007,11380,2236330000,196(1.03 %),15290,3002690000,3910,766360000,0,0.0
05/07/2007,21790,4292630000,197(0.51 %),22060,4345820000,270,53190000,0,0.0
06/07/2007,0,0,192(-2.54 %),0,0,0,0,0,0.0
09/07/2007,-11110,-2087220000,190(-1.04 %),3400,643520000,14510,2730740000,0,0.0
10/07/2007,9280,1817550000,195(2.63 %),10000,1957950000,720,140400000,0,0.0
11/07/2007,3850,748410000,192(-1.54 %),3850,748410000,0,0,0,0.0
12/07/2007,-170,-32640000,192(0.00 %),600,115200000,770,147840000,0,0.0
13/07/2007,1880,362160000,195(1.56 %),2060,397260000,180,35100000,0,0.0
16/07/2007,150,29250000,191(-2.05 %),150,29250000,0,0,0,0.0
17/07/2007,5250,1002750000,191(0.00 %),5250,1002750000,0,0,0,0.0
18/07/2007,2190,422480000,192(1.05 %),3000,578000000,810,155520000,0,0.0
19/07/2007,3430,659700000,190(-1.04 %),4160,798720000,730,139020000,0,0.0
20/07/2007,5000,949370000,189(-0.53 %),5000,949370000,0,0,0,0.0
23/07/2007,-4590,-861510000,188(-0.53 %),5120,967560000,9710,1829070000,0,0.0
24/07/2007,15260,2896850000,190(1.06 %),23140,4394050000,7880,1497200000,0,0.0
25/07/2007,9510,1806980000,190(0.00 %),14710,2790740000,5200,983760000,0,0.0
26/07/2007,390,73420000,188(-1.05 %),390,73420000,0,0,0,0.0
27/07/2007,-22380,-4012240000,179(-4.79 %),1000,179000000,23380,4191240000,0,0.0
30/07/2007,-5450,-946350000,171(-4.47 %),2640,451440000,8090,1397790000,0,0.0
31/07/2007,-17550,-2895750000,165(-3.51 %),0,0,17550,2895750000,0,0.0
01/08/2007,-13170,-2254410000,173(4.85 %),18420,3057720000,31590,5312130000,0,0.0
02/08/2007,210,35390000,175(1.16 %),5850,1039310000,5640,1003920000,0,0.0
03/08/2007,8280,1454960000,169(-3.43 %),8280,1454960000,0,0,0,0.0
06/08/2007,17230,3016850000,170(0.59 %),17550,3071250000,320,54400000,0,0.0
07/08/2007,23740,4225720000,178(4.71 %),23740,4225720000,0,0,0,0.0
08/08/2007,14000,2604000000,186(4.49 %),14000,2604000000,0,0,0,0.0
09/08/2007,4080,771070000,189(1.61 %),4080,771070000,0,0,0,0.0
10/08/2007,4940,934190000,188(-0.53 %),5800,1095870000,860,161680000,0,0.0
13/08/2007,11050,2013950000,180(-4.26 %),11050,2013950000,0,0,0,0.0
14/08/2007,0,0,180(0.00 %),0,0,0,0,0,0.0
15/08/2007,0,0,177(-1.67 %),0,0,0,0,0,0.0
16/08/2007,480,85680000,177(0.00 %),500,89220000,20,3540000,0,0.0
17/08/2007,-2460,-429120000,177(0.00 %),200,34800000,2660,463920000,0,0.0
20/08/2007,-25090,-4343080000,173(-2.26 %),160,27680000,25250,4370760000,0,0.0
21/08/2007,0,0,175(1.16 %),0,0,0,0,0,0.0
22/08/2007,-290,-50750000,175(0.00 %),0,0,290,50750000,0,0.0
23/08/2007,0,0,176(0.57 %),0,0,0,0,0,0.0
24/08/2007,27930,5139120000,177(0.57 %),27930,5139120000,0,0,0,0.0
27/08/2007,0,0,178(0.56 %),0,0,0,0,0,0.0
28/08/2007,290,51820000,178(0.00 %),290,51820000,0,0,0,0.0
29/08/2007,0,0,176(-1.12 %),0,0,0,0,0,0.0
30/08/2007,0,0,177(0.57 %),0,0,0,0,0,0.0
31/08/2007,-45160,-7918580000,175(-1.13 %),0,0,45160,7918580000,0,0.0
04/09/2007,-5000,-882050000,178(1.71 %),0,0,5000,882050000,0,0.0
05/09/2007,0,0,178(0.00 %),0,0,0,0,0,0.0
06/09/2007,0,0,176(-1.12 %),0,0,0,0,0,0.0
07/09/2007,45160,8309440000,182(3.41 %),45160,8309440000,0,0,0,0.0
10/09/2007,3000,537000000,179(-1.65 %),3000,537000000,0,0,0,0.0
11/09/2007,-720,-128160000,178(-0.56 %),0,0,720,128160000,0,0.0
12/09/2007,0,0,179(0.56 %),0,0,0,0,0,0.0
13/09/2007,0,0,179(0.00 %),0,0,0,0,0,0.0
14/09/2007,100,17900000,178(-0.56 %),100,17900000,0,0,0,0.0
17/09/2007,100,17900000,179(0.56 %),100,17900000,0,0,0,0.0
18/09/2007,0,0,178(-0.56 %),0,0,0,0,0,0.0
19/09/2007,-2010,-357780000,178(0.00 %),0,0,2010,357780000,0,0.0
20/09/2007,1800,322200000,179(0.56 %),1800,322200000,0,0,0,0.0
21/09/2007,0,0,178(-0.56 %),0,0,0,0,0,0.0
24/09/2007,-12200,-2182300000,179(0.56 %),0,0,12200,2182300000,0,0.0
25/09/2007,2010,365820000,180(0.56 %),2010,365820000,0,0,0,0.0
26/09/2007,-200,-36200000,182(1.11 %),0,0,200,36200000,0,0.0
27/09/2007,0,0,180(-1.10 %),0,0,0,0,0,0.0
28/09/2007,11200,2073000000,184(2.22 %),12200,2257000000,1000,184000000,0,0.0
01/10/2007,0,0,190(3.26 %),0,0,0,0,0,0.0
02/10/2007,-100,-19000000,189(-0.53 %),200,38000000,300,57000000,0,0.0
03/10/2007,-100,-18700000,185(-2.12 %),0,0,100,18700000,0,0.0
04/10/2007,-49100,-8727800000,178(-3.78 %),1000,190000000,50100,8917800000,0,0.0
05/10/2007,-40,-7440000,186(4.49 %),0,0,40,7440000,0,0.0
08/10/2007,300,55800000,182(-2.15 %),300,55800000,0,0,0,0.0
09/10/2007,100,18800000,187(2.75 %),100,18800000,0,0,0,0.0
10/10/2007,50100,9669300000,189(1.07 %),50100,9669300000,0,0,0,0.0
11/10/2007,0,0,188(-0.53 %),0,0,0,0,0,0.0
12/10/2007,0,0,188(0.00 %),0,0,0,0,0,0.0
15/10/2007,0,0,187(-0.53 %),0,0,0,0,0,0.0
16/10/2007,-3860,-714340000,186(-0.53 %),40,7440000,3900,721780000,0,0.0
17/10/2007,0,0,187(0.54 %),0,0,0,0,0,0.0
18/10/2007,0,0,186(-0.53 %),0,0,0,0,0,0.0
19/10/2007,0,0,186(0.00 %),0,0,0,0,0,0.0
22/10/2007,3900,721500000,184(-1.08 %),3900,721500000,0,0,0,0.0
23/10/2007,-960,-173760000,181(-1.63 %),0,0,960,173760000,0,0.0
24/10/2007,-5360,-980880000,183(1.10 %),0,0,5360,980880000,0,0.0
25/10/2007,-1030,-188430000,183(0.00 %),0,0,1030,188430000,0,0.0
26/10/2007,-440,-79200000,182(-0.55 %),0,0,440,79200000,0,0.0
29/10/2007,-15550,-2714650000,178(-2.20 %),960,166080000,16510,2880730000,0,0.0
30/10/2007,-30660,-5357810000,174(-2.25 %),39670,6924020000,70330,12281830000,0,0.0
31/10/2007,-23980,-4177120000,179(2.87 %),1030,179220000,25010,4356340000,0,0.0
01/11/2007,-29890,-5215320000,174(-2.79 %),440,77000000,30330,5292320000,0,0.0
02/11/2007,-46540,-7976080000,170(-2.30 %),16510,2872740000,63050,10848820000,0,0.0
05/11/2007,18840,3334680000,176(3.53 %),92240,16270260000,73400,12935580000,0,0.0
06/11/2007,25010,4501800000,179(1.70 %),25010,4501800000,0,0,0,0.0
07/11/2007,30330,5520060000,179(0.00 %),30330,5520060000,0,0,0,0.0
08/11/2007,47030,8454360000,179(0.00 %),47030,8454360000,0,0,0,0.0
09/11/2007,33200,5976000000,179(0.00 %),33200,5976000000,0,0,0,0.0
12/11/2007,0,0,175(-2.23 %),0,0,0,0,0,0.0
13/11/2007,-1000,-172000000,172(-1.71 %),0,0,1000,172000000,0,0.0
14/11/2007,-2000,-348000000,174(1.16 %),0,0,2000,348000000,0,0.0
15/11/2007,0,0,174(0.00 %),50000,9100000000,50000,9100000000,0,0.0
16/11/2007,-320,-55040000,172(-1.15 %),0,0,320,55040000,0,0.0
19/11/2007,1000,171000000,173(0.58 %),1000,171000000,0,0,0,0.0
20/11/2007,1800,297400000,173(0.00 %),52000,8982000000,50200,8684600000,0,0.0
21/11/2007,-320,-55040000,172(-0.58 %),0,0,320,55040000,0,0.0
22/11/2007,-7340,-1256720000,171(-0.58 %),320,55360000,7660,1312080000,0,0.0
23/11/2007,-850,-146200000,171(0.00 %),0,0,850,146200000,0,0.0
26/11/2007,200,34800000,172(0.58 %),200,34800000,0,0,0,0.0
27/11/2007,320,55680000,172(0.00 %),320,55680000,0,0,0,0.0
28/11/2007,7660,1332840000,173(0.58 %),7660,1332840000,0,0,0,0.0
29/11/2007,850,147900000,172(-0.58 %),850,147900000,0,0,0,0.0
30/11/2007,0,0,172(0.00 %),0,0,0,0,0,0.0
03/12/2007,0,0,173(0.58 %),0,0,0,0,0,0.0
04/12/2007,0,0,173(0.00 %),0,0,0,0,0,0.0
05/12/2007,-25710,-4319280000,171(-1.16 %),0,0,25710,4319280000,0,0.0
06/12/2007,-770,-131670000,171(0.00 %),0,0,770,131670000,0,0.0
07/12/2007,-15000,-2554200000,170(-0.58 %),0,0,15000,2554200000,0,0.0
10/12/2007,-350,-59500000,168(-1.18 %),0,0,350,59500000,0,0.0
11/12/2007,10710,1809990000,168(0.00 %),25710,4344990000,15000,2535000000,0,0.0
12/12/2007,-13720,-2296050000,167(-0.60 %),770,126280000,14490,2422330000,0,0.0
13/12/2007,8660,1477800000,164(-1.80 %),15000,2535000000,6340,1057200000,0,0.0
14/12/2007,-18740,-3058790000,161(-1.83 %),350,57400000,19090,3116190000,0,0.0
17/12/2007,15000,2520000000,168(4.35 %),15000,2520000000,0,0,0,0.0
18/12/2007,14490,2347380000,164(-2.38 %),14490,2347380000,0,0,0,0.0
19/12/2007,60,28920000,165(0.61 %),6340,1065120000,6280,1036200000,0,0.0
20/12/2007,9090,1554390000,166(0.61 %),19090,3264390000,10000,1710000000,0,0.0
21/12/2007,0,0,165(-0.60 %),0,0,0,0,0,0.0
24/12/2007,-10000,-1635390000,165(0.00 %),0,0,10000,1635390000,0,0.0
25/12/2007,-9950,-1619930000,162(-1.82 %),50,8250000,10000,1628180000,0,0.0
26/12/2007,-11100,-1776000000,160(-1.23 %),900,144000000,12000,1920000000,0,0.0
27/12/2007,5330,879450000,165(3.12 %),15330,2529450000,10000,1650000000,0,0.0
28/12/2007,50,8250000,165(0.00 %),50,8250000,0,0,0,0.0
02/01/2008,19210,3269400000,165(0.00 %),19950,3391500000,740,122100000,0,0.0
03/01/2008,10140,1709100000,165(0.00 %),12000,2016000000,1860,306900000,0,0.0
04/01/2008,-6140,-998220000,163(-1.21 %),10000,1640000000,16140,2638220000,0,0.0
07/01/2008,0,0,160(-1.84 %),0,0,0,0,0,0.0
08/01/2008,740,121360000,161(0.62 %),740,121360000,0,0,0,0.0
09/01/2008,1860,299460000,161(0.00 %),1860,299460000,0,0,0,0.0
10/01/2008,-31550,-4827280000,153(-4.97 %),15380,2353140000,46930,7180420000,0,0.0
11/01/2008,-380,-58900000,155(1.31 %),0,0,380,58900000,0,0.0
14/01/2008,140,21280000,150(-3.23 %),140,21280000,0,0,0,0.0
15/01/2008,0,0,143(-4.67 %),0,0,0,0,0,0.0
16/01/2008,-15320,-2294500000,150(4.90 %),500,75000000,15820,2369500000,0,0.0
17/01/2008,-8080,-1155620000,143(-4.67 %),4000,608000000,12080,1763620000,0,0.0
18/01/2008,4490,657070000,143(0.00 %),5000,730000000,510,72930000,0,0.0
21/01/2008,3500,514500000,147(2.80 %),3500,514500000,0,0,0,0.0
22/01/2008,-13900,-1951330000,141(-4.08 %),0,0,13900,1951330000,0,0.0
23/01/2008,-1230,-166120000,134(-4.96 %),1000,134000000,2230,300120000,0,0.0
24/01/2008,-2450,-321050000,131(-2.24 %),100,13000000,2550,334050000,0,0.0
25/01/2008,-17610,-2258910000,128(-2.29 %),0,0,17610,2258910000,0,0.0
28/01/2008,-49960,-6113480000,122(-4.69 %),500,64000000,50460,6177480000,0,0.0
29/01/2008,880,131360000,128(4.92 %),4000,512000000,3120,380640000,0,0.0
30/01/2008,70,9380000,134(4.69 %),3600,482400000,3530,473020000,0,0.0
31/01/2008,1290,164130000,137(2.24 %),1800,234000000,510,69870000,0,0.0
01/02/2008,1650,227800000,138(0.73 %),1650,227800000,0,0,0,0.0
12/02/2008,-2610,-349110000,133(-3.62 %),100,13500000,2710,362610000,0,0.0
13/02/2008,0,0,128(-3.76 %),0,0,0,0,0,0.0
14/02/2008,-1540,-203890000,133(3.91 %),0,0,1540,203890000,0,0.0
15/02/2008,250,33500000,134(0.75 %),250,33500000,0,0,0,0.0
18/02/2008,-1570,-200960000,128(-4.48 %),250,32000000,1820,232960000,0,0.0
19/02/2008,0,0,126(-1.56 %),0,0,0,0,0,0.0
20/02/2008,0,0,122(-3.17 %),0,0,0,0,0,0.0
21/02/2008,0,0,116(-4.92 %),0,0,0,0,0,0.0
22/02/2008,1520,168720000,111(-4.31 %),1520,168720000,0,0,0,0.0
25/02/2008,2430,278520000,115(3.60 %),2750,315320000,320,36800000,0,0.0
26/02/2008,5510,607120000,112(-2.61 %),5510,607120000,0,0,0,0.0
27/02/2008,100,11200000,112(0.00 %),100,11200000,0,0,0,0.0
28/02/2008,0,0,107(-4.46 %),0,0,0,0,0,0.0
29/02/2008,31270,3287600000,105(-1.87 %),31270,3287600000,0,0,0,0.0
03/03/2008,5000,500000000,100(-4.76 %),5000,500000000,0,0,0,0.0
04/03/2008,0,0,95(-5.00 %),0,0,0,0,0,0.0
05/03/2008,48000,4344000000,90.5(-4.74 %),48000,4344000000,0,0,0,0.0
06/03/2008,35060,3330700000,95(4.97 %),35060,3330700000,0,0,0,0.0
07/03/2008,-20140,-2003930000,99.5(4.74 %),14400,1432800000,34540,3436730000,0,0.0
10/03/2008,1760,183040000,95(-4.52 %),6780,705120000,5020,522080000,0,0.0
11/03/2008,0,0,92(-3.16 %),0,0,0,0,0,0.0
12/03/2008,-12640,-1151120000,92(0.00 %),0,0,12640,1151120000,0,0.0
13/03/2008,24480,2297235000,88(-4.35 %),34500,3208500000,10020,911265000,0,0.0
14/03/2008,5000,450000000,91(3.41 %),5000,450000000,0,0,0,0.0
17/03/2008,0,0,89(-2.20 %),60,5220000,60,5220000,0,0.0
18/03/2008,10690,908400000,85(-4.49 %),12000,1020000000,1310,111600000,0,0.0
19/03/2008,10000,890000000,85(0.00 %),10000,890000000,0,0,0,0.0
20/03/2008,-2350,-194580000,83(-2.35 %),600,49800000,2950,244380000,0,0.0
21/03/2008,0,0,79.5(-4.22 %),0,0,0,0,0,0.0
24/03/2008,-15660,-1190160000,76(-4.40 %),1430,108680000,17090,1298840000,0,0.0
25/03/2008,0,0,72.5(-4.61 %),0,0,0,0,0,0.0
26/03/2008,-46190,-3258525000,73.5(1.38 %),2950,203550000,49140,3462075000,0,0.0
27/03/2008,-2130,-155490000,74(0.68 %),0,0,2130,155490000,0,0.0
28/03/2008,-13290,-990180000,74.5(0.68 %),16710,1237320000,30000,2227500000,0,0.0
31/03/2008,-15470,-1160250000,75(0.67 %),380,28500000,15850,1188750000,0,0.0
01/04/2008,-8280,-625140000,75.5(0.67 %),17500,1321250000,25780,1946390000,0,0.0
02/04/2008,-11600,-881600000,76(0.66 %),18400,1398400000,30000,2280000000,0,0.0
03/04/2008,-30000,-2295000000,76.5(0.66 %),0,0,30000,2295000000,0,0.0
04/04/2008,0,0,77(0.65 %),0,0,0,0,0,0.0
07/04/2008,0,0,78.5(1.95 %),0,0,0,0,0,0.0
08/04/2008,39110,3128800000,80(1.91 %),84110,6728800000,45000,3600000000,0,0.0
09/04/2008,1910,152490000,79(-1.25 %),1910,152490000,0,0,0,0.0
10/04/2008,60980,4817570000,77.5(-1.90 %),60980,4817570000,0,0,0,0.0
11/04/2008,0,0,76(-1.94 %),0,0,0,0,0,0.0
16/04/2008,32490,2514665000,77.5(1.97 %),33490,2592165000,1000,77500000,0,0.0
17/04/2008,11510,874760000,79(1.94 %),11510,874760000,0,0,0,0.0
18/04/2008,0,0,77.5(-1.90 %),0,0,0,0,0,0.0
21/04/2008,0,0,76(-1.94 %),0,0,0,0,0,0.0
22/04/2008,-1030,-79825000,77.5(1.97 %),0,0,1030,79825000,0,0.0
23/04/2008,0,0,76(-1.94 %),0,0,0,0,0,0.0
24/04/2008,0,0,74.5(-1.97 %),0,0,0,0,0,0.0
25/04/2008,0,0,73.5(-1.34 %),0,0,0,0,0,0.0
28/04/2008,0,0,72.5(-1.36 %),0,0,0,0,0,0.0
29/04/2008,0,0,72(-0.69 %),0,0,0,0,0,0.0
05/05/2008,0,0,72(0.00 %),0,0,0,0,0,0.0
06/05/2008,0,0,71(-1.39 %),0,0,0,0,0,0.0
07/05/2008,0,0,70(-1.41 %),0,0,0,0,0,0.0
08/05/2008,0,0,69(-1.43 %),0,0,0,0,0,0.0
09/05/2008,0,0,68(-1.45 %),0,0,0,0,0,0.0
12/05/2008,0,0,67(-1.47 %),0,0,0,0,0,0.0
13/05/2008,-100,-6600000,66(-1.49 %),0,0,100,6600000,0,0.0
14/05/2008,0,0,65(-1.52 %),0,0,0,0,0,0.0
15/05/2008,-100,-6400000,64(-1.54 %),0,0,100,6400000,0,0.0
16/05/2008,-13150,-828450000,63(-1.56 %),0,0,13150,828450000,0,0.0
19/05/2008,-1050,-65100000,62(-1.59 %),0,0,1050,65100000,0,0.0
20/05/2008,-17680,-1078480000,61(-1.61 %),0,0,17680,1078480000,0,0.0
21/05/2008,0,0,60(-1.64 %),0,0,0,0,0,0.0
22/05/2008,5480,328800000,59(-1.67 %),5480,328800000,0,0,0,0.0
23/05/2008,1050,61950000,58(-1.69 %),1050,61950000,0,0,0,0.0
26/05/2008,2000,114500000,57(-1.72 %),2500,143500000,500,29000000,0,0.0
27/05/2008,0,0,57(0.00 %),0,0,0,0,0,0.0
28/05/2008,0,0,57(0.00 %),0,0,0,0,0,0.0
29/05/2008,0,0,57(0.00 %),0,0,0,0,0,0.0
30/05/2008,-650,-36400000,56(-1.75 %),100,5600000,750,42000000,0,0.0
02/06/2008,0,0,55(-1.79 %),1600,88000000,1600,88000000,0,0.0
03/06/2008,5000,270000000,54(-1.82 %),6100,329400000,1100,59400000,0,0.0
04/06/2008,-60,-3180000,53(-1.85 %),1200,63600000,1260,66780000,0,0.0
05/06/2008,0,0,52(-1.89 %),200,10400000,200,10400000,0,0.0
06/06/2008,950,48450000,51(-1.92 %),1700,87050000,750,38600000,0,0.0
09/06/2008,-10,-500000,50(-1.96 %),80,4000000,90,4500000,0,0.0
10/06/2008,-360,-17640000,49(-2.00 %),0,0,360,17640000,0,0.0
11/06/2008,-19000,-913900000,48.1(-1.84 %),9610,462241000,28610,1376141000,0,0.0
12/06/2008,-250,-11800000,47.2(-1.87 %),750,35400000,1000,47200000,0,0.0
13/06/2008,90,4167000,46.3(-1.91 %),90,4167000,0,0,0,0.0
16/06/2008,-4020,-152358000,39.3(1.81 %),360,13644000,4380,166002000,0,0.0
17/06/2008,5570,222800000,40(1.78 %),5570,222800000,0,0,0,0.0
18/06/2008,24040,980832000,39.2(-2.00 %),24040,980832000,0,0,0,0.0
19/06/2008,0,0,38.1(-2.81 %),0,0,0,0,0,0.0
20/06/2008,4380,162060000,37(-2.89 %),4380,162060000,0,0,0,0.0
23/06/2008,0,0,35.9(-2.97 %),0,0,0,0,0,0.0
24/06/2008,0,0,36.9(2.79 %),0,0,0,0,0,0.0
25/06/2008,0,0,38(2.98 %),0,0,0,0,0,0.0
26/06/2008,-20030,-768455000,36.9(-2.89 %),0,0,20030,768455000,0,0.0
27/06/2008,0,0,38(2.98 %),0,0,0,0,0,0.0
30/06/2008,-11980,-445424000,39.1(2.89 %),0,0,11980,445424000,0,0.0
01/07/2008,0,0,40.2(2.81 %),0,0,0,0,0,0.0
02/07/2008,850,35190000,41.4(2.99 %),1000,41400000,150,6210000,0,0.0
03/07/2008,0,0,42.6(2.90 %),0,0,0,0,0,0.0
04/07/2008,2700,118260000,43.8(2.82 %),2700,118260000,0,0,0,0.0
07/07/2008,27890,1257784000,42.5(-2.97 %),27890,1257784000,0,0,0,0.0
08/07/2008,570,23541000,43.7(2.82 %),570,23541000,0,0,0,0.0
09/07/2008,0,0,45(2.97 %),0,0,0,0,0,0.0
10/07/2008,0,0,46.3(2.89 %),0,0,0,0,0,0.0
11/07/2008,0,0,47.6(2.81 %),0,0,0,0,0,0.0
14/07/2008,0,0,49(2.94 %),0,0,0,0,0,0.0
15/07/2008,0,0,50(2.04 %),0,0,0,0,0,0.0
16/07/2008,0,0,51.5(3.00 %),0,0,0,0,0,0.0
17/07/2008,-45000,-2385000000,53(2.91 %),0,0,45000,2385000000,0,0.0
18/07/2008,0,0,51.5(-2.83 %),0,0,0,0,0,0.0
21/07/2008,0,0,50(-2.91 %),0,0,0,0,0,0.0
22/07/2008,-100,-4850000,48.5(-3.00 %),0,0,100,4850000,0,0.0
23/07/2008,9430,457355000,47.1(-2.89 %),9430,457355000,0,0,0,0.0
24/07/2008,-3880,-177316000,45.7(-2.97 %),600,27420000,4480,204736000,0,0.0
25/07/2008,500,22200000,44.4(-2.84 %),1500,66600000,1000,44400000,0,0.0
28/07/2008,8670,381607000,45.7(2.93 %),8670,381607000,0,0,0,0.0
29/07/2008,0,0,47(2.84 %),0,0,0,0,0,0.0
30/07/2008,0,0,48.4(2.98 %),0,0,0,0,0,0.0
31/07/2008,0,0,49.8(2.89 %),0,0,0,0,0,0.0
01/08/2008,1100,56100000,50.5(1.41 %),1100,56100000,0,0,0,0.0
04/08/2008,3280,164770000,51.5(1.98 %),3280,164770000,0,0,0,0.0
05/08/2008,-2470,-123500000,50(-2.91 %),1780,89000000,4250,212500000,0,0.0
06/08/2008,300,15000000,51.5(3.00 %),300,15000000,0,0,0,0.0
07/08/2008,400,21000000,52(0.97 %),400,21000000,0,0,0,0.0
08/08/2008,-10,-210000,51(-1.92 %),600,30900000,610,31110000,0,0.0
11/08/2008,1200,63000000,52.5(2.94 %),1200,63000000,0,0,0,0.0
12/08/2008,5660,305640000,54(2.86 %),5960,321840000,300,16200000,0,0.0
13/08/2008,19710,1093905000,55.5(2.78 %),20010,1110555000,300,16650000,0,0.0
14/08/2008,510,29070000,57(2.70 %),610,34770000,100,5700000,0,0.0
15/08/2008,0,0,58.5(2.63 %),0,0,0,0,0,0.0
18/08/2008,200,12200000,61(4.27 %),300,18300000,100,6100000,0,0.0
19/08/2008,300,17550000,58.5(-4.10 %),300,17550000,0,0,0,0.0
20/08/2008,100,5600000,57(-2.56 %),100,5600000,0,0,0,0.0
21/08/2008,0,0,59(3.51 %),0,0,0,0,0,0.0
22/08/2008,-3000,-179250000,59(0.00 %),100,6150000,3100,185400000,0,0.0
25/08/2008,-360,-21780000,61.5(4.24 %),0,0,360,21780000,0,0.0
26/08/2008,0,0,64.5(4.88 %),0,0,0,0,0,0.0
27/08/2008,0,0,67(3.88 %),0,0,0,0,0,0.0
28/08/2008,19590,1312530000,64(-4.48 %),19590,1312530000,0,0,0,0.0
29/08/2008,-1180,-71980000,61(-4.69 %),360,21960000,1540,93940000,0,0.0
03/09/2008,-1600,-102400000,64(4.92 %),0,0,1600,102400000,0,0.0
04/09/2008,-400,-26800000,66(3.12 %),0,0,400,26800000,0,0.0
05/09/2008,-2080,-131040000,63(-4.55 %),0,0,2080,131040000,0,0.0
08/09/2008,300,18000000,60(-4.76 %),300,18000000,0,0,0,0.0
09/09/2008,800,50400000,60(0.00 %),800,50400000,0,0,0,0.0
10/09/2008,0,0,59(-1.67 %),0,0,0,0,0,0.0
11/09/2008,-1140,-64410000,56.5(-4.24 %),400,22600000,1540,87010000,0,0.0
12/09/2008,0,0,54(-4.42 %),0,0,0,0,0,0.0
15/09/2008,-39060,-2048940000,51.5(-4.63 %),300,15450000,39360,2064390000,0,0.0
16/09/2008,-7010,-343490000,49(-4.85 %),200,9800000,7210,353290000,0,0.0
17/09/2008,0,0,46.6(-4.51 %),0,0,0,0,0,0.0
18/09/2008,0,0,44.3(-4.94 %),0,0,0,0,0,0.0
19/09/2008,-6100,-254582000,46.5(4.97 %),1000,46000000,7100,300582000,0,0.0
22/09/2008,100,4880000,48.8(4.95 %),480,23424000,380,18544000,0,0.0
23/09/2008,47270,2394520000,46.5(-4.52 %),50250,2546500000,2980,151980000,0,0.0
24/09/2008,0,0,46.6(0.22 %),0,0,0,0,0,0.0
25/09/2008,-380,-18468000,48.9(4.94 %),0,0,380,18468000,0,0.0
26/09/2008,7100,362100000,51(4.62 %),7480,381480000,380,19380000,0,0.0
29/09/2008,2980,151980000,51(0.00 %),2980,151980000,0,0,0,0.0
30/09/2008,-1500,-72750000,48.5(-4.90 %),0,0,1500,72750000,0,0.0
01/10/2008,-4160,-201265000,48(-0.62 %),380,18925000,4540,220190000,0,0.0
02/10/2008,-18280,-875162000,48.4(1.26 %),380,18240000,18660,893402000,0,0.0
03/10/2008,0,0,48.4(0.31 %),0,0,0,0,0,0.0
06/10/2008,-170,-7718000,46(-4.66 %),1500,69900000,1670,77618000,0,0.0
07/10/2008,-7050,-308085000,43.7(-5.00 %),4540,198398000,11590,506483000,0,0.0
08/10/2008,-1580,-65728000,41.6(-4.81 %),0,0,1580,65728000,0,0.0
09/10/2008,-19350,-767580000,39.6(-4.81 %),0,0,19350,767580000,0,0.0
10/10/2008,-890,-33553000,37.7(-4.80 %),0,0,890,33553000,0,0.0
13/10/2008,-23750,-852625000,35.9(-4.77 %),200,7180000,23950,859805000,0,0.0
14/10/2008,-5220,-189285000,37.6(4.74 %),0,0,5220,189285000,0,0.0
15/10/2008,-49830,-1786942000,39.4(4.79 %),5120,184320000,54950,1971262000,0,0.0
16/10/2008,550,20625000,37.6(-4.57 %),550,20625000,0,0,0,0.0
17/10/2008,200,7400000,37(-1.60 %),200,7400000,0,0,0,0.0
20/10/2008,0,0,35.9(-2.97 %),0,0,0,0,0,0.0
21/10/2008,20000,752000000,37.6(4.74 %),20000,752000000,0,0,0,0.0
22/10/2008,4990,183750000,37.6(0.00 %),4990,183750000,0,0,0,0.0
23/10/2008,-5500,-197500000,35.8(-4.79 %),300,10800000,5800,208300000,0,0.0
24/10/2008,-8740,-299430000,34.1(-4.75 %),250,8625000,8990,308055000,0,0.0
27/10/2008,-1180,-38232000,32.4(-4.99 %),0,0,1180,38232000,0,0.0
28/10/2008,-14860,-457688000,30.8(-4.94 %),0,0,14860,457688000,0,0.0
29/10/2008,-21480,-693804000,32.3(4.87 %),0,0,21480,693804000,0,0.0
30/10/2008,0,0,33.9(4.95 %),0,0,0,0,0,0.0
31/10/2008,-7340,-260570000,35.5(4.72 %),200,7100000,7540,267670000,0,0.0
03/11/2008,-10000,-341000000,35(-1.41 %),0,0,10000,341000000,0,0.0
04/11/2008,0,0,36.7(4.86 %),0,0,0,0,0,0.0
05/11/2008,0,0,38.5(4.90 %),0,0,0,0,0,0.0
06/11/2008,0,0,38.5(0.00 %),0,0,0,0,0,0.0
07/11/2008,-380,-13908000,36.6(-4.94 %),0,0,380,13908000,0,0.0
10/11/2008,0,0,37.9(3.55 %),0,0,0,0,0,0.0
11/11/2008,0,0,36.1(-4.75 %),0,0,0,0,0,0.0
12/11/2008,-254450,-8727635000,34.3(-4.99 %),0,0,254450,8727635000,0,0.0
13/11/2008,-4460,-151640000,34(-0.87 %),0,0,4460,151640000,0,0.0
14/11/2008,-12460,-442679000,35.5(4.41 %),300,10020000,12760,452699000,0,0.0
17/11/2008,-3270,-111220000,33.8(-4.79 %),200,6760000,3470,117980000,0,0.0
18/11/2008,0,0,32.3(-4.44 %),0,0,0,0,0,0.0
19/11/2008,1410,51651000,31.4(-2.79 %),3000,101100000,1590,49449000,0,0.0
20/11/2008,0,0,29.9(-4.78 %),0,0,0,0,0,0.0
21/11/2008,-2070,-58995000,30(0.33 %),0,0,2070,58995000,0,0.0
24/11/2008,-18000,-540670000,31.4(4.67 %),0,0,18000,540670000,0,0.0
25/11/2008,-26480,-785906000,29.9(-4.78 %),3000,97200000,29480,883106000,0,0.0
26/11/2008,1470,42630000,28.9(0.00 %),1470,42630000,0,0,0,0.0
27/11/2008,-5610,-154547000,27.5(-4.84 %),200,5540000,5810,160087000,0,0.0
28/11/2008,0,0,28.7(4.36 %),0,0,0,0,0,0.0
01/12/2008,0,0,28.4(-1.05 %),159422,4352220600,159422,4352220600,0,0.0
02/12/2008,-100180,-2705332000,27(-4.93 %),200,5400000,100380,2710732000,0,0.0
03/12/2008,-1380,-39054000,28.3(4.81 %),0,0,1380,39054000,0,0.0
04/12/2008,-300,-8790000,29.7(4.95 %),0,0,300,8790000,0,0.0
05/12/2008,0,0,29.4(-1.01 %),0,0,0,0,0,0.0
08/12/2008,5500,154000000,29(-1.36 %),5500,154000000,0,0,0,0.0
09/12/2008,-610,-17324000,30(3.45 %),0,0,610,17324000,0,0.0
10/12/2008,1050,29930000,28.5(-5.00 %),1050,29930000,0,0,0,0.0
11/12/2008,100,2730000,29.5(3.51 %),100,2730000,0,0,0,0.0
12/12/2008,-1500,-45750000,30.5(3.39 %),0,0,1500,45750000,0,0.0
15/12/2008,-13800,-422528000,31(1.64 %),0,0,13800,422528000,0,0.0
16/12/2008,8640,258444000,29.6(-4.52 %),10840,323564000,2200,65120000,0,0.0
17/12/2008,-14440,-412040000,28.5(-3.72 %),1890,53865000,16330,465905000,0,0.0
18/12/2008,-530,-15370000,29(1.75 %),0,0,530,15370000,0,0.0
19/12/2008,-910,-26845000,29.5(1.72 %),0,0,910,26845000,0,0.0
22/12/2008,-4810,-146741000,29.5(0.00 %),40,1184000,4850,147925000,0,0.0
23/12/2008,4060,118470000,29(-1.69 %),4250,124075000,190,5605000,0,0.0
24/12/2008,5520,161814000,29.5(1.72 %),5520,161814000,0,0,0,0.0
25/12/2008,0,0,29.9(1.36 %),0,0,0,0,0,0.0
26/12/2008,1480,44172000,30(0.33 %),1480,44172000,0,0,0,0.0
29/12/2008,2740,83144000,30(0.00 %),2810,85286000,70,2142000,0,0.0
30/12/2008,3050,92820000,30.4(1.33 %),3370,102548000,320,9728000,0,0.0
31/12/2008,2980,90631000,30.4(0.00 %),3680,111806000,700,21175000,0,0.0
02/01/2009,2870,88370000,30.5(0.33 %),2870,88370000,0,0,600677,45.41
05/01/2009,-17570,-511287000,29.1(-4.59 %),2430,70813000,20000,582100000,618247,45.31
06/01/2009,-320,-9310000,30.5(4.81 %),0,0,320,9310000,618567,45.31
07/01/2009,-21520,-665620000,31(1.64 %),200,6200000,21720,671820000,640087,45.18
08/01/2009,0,0,30.4(-1.94 %),0,0,0,0,640087,45.18
09/01/2009,0,0,30.4(0.00 %),0,0,0,0,640087,45.18
12/01/2009,0,0,30.3(-0.33 %),0,0,0,0,640087,45.18
13/01/2009,0,0,30.5(0.66 %),0,0,0,0,640087,45.18
14/01/2009,-300,-9000000,30.4(-0.33 %),0,0,300,9000000,640387,45.17
15/01/2009,0,0,29.5(-2.96 %),0,0,0,0,640387,45.17
16/01/2009,-300,-8880000,29.7(0.68 %),0,0,300,8880000,640687,45.17
19/01/2009,0,0,29.9(0.67 %),0,0,0,0,640687,45.17
20/01/2009,0,0,29.8(-0.33 %),0,0,0,0,640687,45.17
21/01/2009,-13640,-391012000,28.5(-4.36 %),0,0,13640,391012000,654327,45.09
22/01/2009,-350,-9975000,29.8(4.56 %),0,0,350,9975000,654677,45.09
23/01/2009,-180,-5364000,29.9(0.34 %),0,0,180,5364000,654857,45.09
02/02/2009,-1600,-45760000,29.9(0.00 %),0,0,1600,45760000,656457,45.08
03/02/2009,-1120,-31920000,28.5(-4.68 %),0,0,1120,31920000,657577,45.07
04/02/2009,-2130,-60918000,28.6(0.35 %),0,0,2130,60918000,659707,45.06
05/02/2009,1290,36654000,27.2(-4.90 %),1690,47934000,400,11280000,658417,45.07
06/02/2009,230,6256000,27.2(0.00 %),230,6256000,0,0,658187,45.07
09/02/2009,0,0,28.5(4.78 %),0,0,0,0,658187,45.07
10/02/2009,0,0,28(-1.75 %),0,0,0,0,658187,45.07
11/02/2009,-2400,-65490000,27.4(-2.14 %),0,0,2400,65490000,660587,45.05
12/02/2009,0,0,27.6(0.73 %),0,0,0,0,660587,45.05
13/02/2009,-13800,-373500000,27.1(-1.81 %),170,4607000,13970,378107000,674387,44.97
16/02/2009,-3820,-101612000,26.5(-2.21 %),0,0,3820,101612000,678207,44.95
17/02/2009,2620,71264000,25.5(-3.77 %),3000,81600000,380,10336000,675587,44.96
18/02/2009,-16490,-400735000,24.3(-4.71 %),200,4860000,16690,405595000,692077,44.87
19/02/2009,-5960,-142626000,23.3(-4.12 %),0,0,5960,142626000,698037,44.83
20/02/2009,-5050,-115955000,23(-1.29 %),0,0,5050,115955000,703087,44.8
23/02/2009,-16120,-357399000,21.9(-4.78 %),60,1368000,16180,358767000,719207,44.7
24/02/2009,-8000,-169000000,22(0.46 %),0,0,8000,169000000,727207,44.66
25/02/2009,-35030,-779636000,22.1(0.45 %),0,0,35030,779636000,762237,44.45
26/02/2009,-14540,-319914000,21.8(-1.36 %),0,0,14540,319914000,776777,44.36
27/02/2009,-12200,-266057000,21.9(0.46 %),0,0,12200,266057000,788977,44.29
02/03/2009,-29240,-642196000,22(0.46 %),100,2180000,29340,644376000,818217,44.11
03/03/2009,-16100,-341700000,21.1(-4.09 %),0,0,16100,341700000,834317,44.02
04/03/2009,-5890,-129653000,22.1(4.74 %),7420,162498000,13310,292151000,840207,43.98
05/03/2009,-26010,-603432000,23.2(4.98 %),0,0,26010,603432000,866217,43.83
06/03/2009,-2740,-63840000,23.5(1.29 %),500,11300000,3240,75140000,868957,43.81
09/03/2009,-4620,-106423000,23.1(-1.70 %),1000,22900000,5620,129323000,873577,43.78
10/03/2009,-9840,-231240000,23.5(1.73 %),0,0,9840,231240000,883417,43.72
11/03/2009,-34500,-831350000,24(2.13 %),1000,24500000,35500,855850000,917917,43.52
12/03/2009,-13480,-325926000,24(0.00 %),0,0,13480,325926000,931397,43.44
13/03/2009,-43460,-1043070000,23.9(-0.42 %),0,0,43460,1043070000,974857,43.18
16/03/2009,-17550,-431216000,25(4.60 %),8600,211830000,26150,643046000,992407,43.07
17/03/2009,1350,34928000,26.2(4.80 %),22680,593774000,21330,558846000,991057,43.08
18/03/2009,-3890,-106976000,27.5(4.96 %),16220,445900000,20110,552876000,994947,43.06
19/03/2009,13670,379311000,26.8(-2.55 %),22210,619975000,8540,240664000,981277,43.14
20/03/2009,-1630,-43158000,26.2(-2.24 %),0,0,1630,43158000,982907,43.13
23/03/2009,-590,-14708000,26.2(0.00 %),160,4192000,750,18900000,983497,43.13
24/03/2009,-10500,-288750000,27.5(4.96 %),0,0,10500,288750000,993997,43.06
25/03/2009,-10000,-281000000,28.2(2.55 %),0,0,10000,281000000,1003997,43.0
26/03/2009,-12690,-362165000,28.5(1.06 %),0,0,12690,362165000,1016687,42.93
27/03/2009,-2050,-59374000,28.8(1.05 %),300,8498000,2350,67872000,1018737,42.91
30/03/2009,0,0,27.5(-4.51 %),0,0,0,0,1018737,42.91
31/03/2009,-170,-4693000,27.8(1.09 %),1000,27800000,1170,32493000,1018907,42.91
01/04/2009,0,0,29(4.32 %),0,0,0,0,1018907,42.91
02/04/2009,20000,589000000,30(3.45 %),20000,589000000,0,0,998907,43.03
03/04/2009,14600,459900000,31.5(5.00 %),24600,774900000,10000,315000000,984307,43.12
07/04/2009,22400,737200000,33(4.76 %),22400,737200000,0,0,961907,43.25
08/04/2009,12040,402540000,32(-3.03 %),12040,402540000,0,0,949867,43.33
09/04/2009,-900,-28800000,32(0.00 %),100,3200000,1000,32000000,950767,43.32
10/04/2009,12200,409920000,33.6(5.00 %),12200,409920000,0,0,938567,43.39
13/04/2009,20,704000,35.2(4.76 %),20,704000,0,0,938547,43.39
14/04/2009,28350,1045579000,36.9(4.83 %),28390,1047055000,40,1476000,910197,43.56
15/04/2009,23980,923828000,38(2.98 %),23980,923828000,0,0,886217,43.71
16/04/2009,-1010,-39697000,39.6(4.21 %),300,11910000,1310,51607000,887227,43.7
17/04/2009,200,8160000,38(-4.04 %),200,8160000,0,0,887027,43.7
20/04/2009,-19910,-720080000,36.1(-5.00 %),1100,39710000,21010,759790000,906937,43.58
21/04/2009,-550,-18989000,35.7(-1.11 %),30,1029000,580,20018000,907487,43.58
22/04/2009,3400,127160000,37.4(4.76 %),3500,130900000,100,3740000,904087,43.6
23/04/2009,10120,388918000,37.8(1.07 %),10120,388918000,0,0,893967,43.66
24/04/2009,-18790,-704922000,37(-2.12 %),540,20286000,19330,725208000,912757,43.55
27/04/2009,0,0,37.5(1.35 %),0,0,0,0,912757,43.55
28/04/2009,14920,559500000,37.5(0.00 %),15000,562500000,80,3000000,897837,43.64
29/04/2009,0,0,39.3(4.80 %),0,0,0,0,897837,43.64
04/05/2009,-19960,-822352000,41.2(4.83 %),0,0,19960,822352000,917797,43.52
05/05/2009,0,0,43.2(4.85 %),0,0,0,0,917797,43.52
06/05/2009,1600,72480000,45.3(4.86 %),21640,980292000,20040,907812000,916197,43.53
07/05/2009,0,0,47.5(4.86 %),0,0,0,0,916197,43.53
08/05/2009,0,-2000000,49.8(4.84 %),10000,496000000,10000,498000000,916197,43.53
11/05/2009,15520,806640000,52(4.42 %),17000,883000000,1480,76360000,900677,43.62
12/05/2009,5940,313890000,54.5(4.81 %),5940,313890000,0,0,894737,43.66
13/05/2009,43300,2459840000,56(2.75 %),67060,3794160000,23760,1334320000,851437,43.91
14/05/2009,24940,1334290000,53.5(-4.46 %),49460,2646110000,24520,1311820000,826497,44.06
15/05/2009,8020,433740000,56(4.67 %),11680,631380000,3660,197640000,818477,44.11
18/05/2009,17990,966960000,53.5(-4.46 %),20050,1077730000,2060,110770000,800487,44.22
19/05/2009,23340,1237300000,53(-0.93 %),23840,1264050000,500,26750000,777147,44.36
20/05/2009,20720,1093565000,52(-1.89 %),20920,1104165000,200,10600000,756427,44.48
21/05/2009,-6800,-366350000,54.5(4.81 %),5000,272500000,11800,638850000,763227,44.44
22/05/2009,0,0,53.5(-1.83 %),0,0,0,0,763227,44.44
25/05/2009,-4500,-252000000,56(4.67 %),0,0,4500,252000000,767727,44.41
26/05/2009,5910,334155000,56.5(0.89 %),10000,565500000,4090,231345000,761817,44.45
27/05/2009,400,21800000,56(-0.88 %),1000,56000000,600,34200000,761417,44.45
28/05/2009,-100,-5400000,54(-3.57 %),306330,17154480000,306430,17159880000,761517,44.45
29/05/2009,-6980,-383070000,54(0.00 %),25000,1349760000,31980,1732830000,768497,44.41
01/06/2009,1190,67045000,56.5(4.63 %),1190,67045000,0,0,767307,44.42
02/06/2009,-21352,-1259768000,59(4.42 %),0,0,21352,1259768000,788659,44.29
03/06/2009,-34502,-2121873000,61.5(4.24 %),38186,2348439000,72688,4470312000,823161,44.08
04/06/2009,-44105,-2844773000,64.5(4.88 %),1870,120615000,45975,2965388000,867266,43.82
05/06/2009,0,0,67.5(4.65 %),0,0,0,0,867266,43.82
08/06/2009,20,1410000,70.5(4.44 %),20,1410000,0,0,867246,43.82
09/06/2009,9370,678710000,70.5(0.00 %),30420,2200310000,21050,1521600000,857876,43.88
10/06/2009,3420,229350000,67(-4.96 %),3420,229350000,0,0,854456,43.9
11/06/2009,-19930,-1360310000,68(1.49 %),10070,681690000,30000,2042000000,874386,43.78
12/06/2009,120,8900000,70(2.94 %),2120,148400000,2000,139500000,874266,43.78
15/06/2009,-180,-12060000,66.5(-5.00 %),20,1360000,200,13420000,874446,43.78
16/06/2009,-1820,-115480000,63.5(-4.51 %),5020,321280000,6840,436760000,876266,43.77
17/06/2009,-1100,-73150000,66.5(4.72 %),400,26600000,1500,99750000,877366,43.76
18/06/2009,-1890,-131355000,69.5(4.51 %),0,0,1890,131355000,879256,43.75
19/06/2009,-3050,-217125000,70(0.72 %),20,1440000,3070,218565000,882306,43.73
22/06/2009,110,7370000,67.5(-3.57 %),110,7370000,0,0,882196,43.73
23/06/2009,-4910,-318600000,64.5(-4.44 %),20,1290000,4930,319890000,887106,43.7
24/06/2009,12010,810675000,67.5(4.65 %),12580,849150000,570,38475000,875096,43.77
25/06/2009,320,20950000,65.5(-2.96 %),320,20950000,0,0,874776,43.77
26/06/2009,-90,-5940000,67.5(3.05 %),10,660000,100,6600000,874866,43.77
29/06/2009,-14300,-950335000,67.5(0.00 %),0,0,14300,950335000,889166,43.69
30/06/2009,-660,-42570000,64.5(-4.44 %),0,0,660,42570000,889826,43.68
01/07/2009,-300,-19200000,64.5(0.00 %),0,0,300,19200000,890126,43.68
02/07/2009,0,0,67(3.88 %),0,0,0,0,890126,43.68
03/07/2009,800,52800000,67.5(0.75 %),800,52800000,0,0,889326,43.69
06/07/2009,600,42300000,70.5(4.44 %),600,42300000,0,0,888186,43.69
07/07/2009,-60,-4380000,70.5(0.00 %),0,0,60,4380000,888786,43.69
08/07/2009,-2290,-161155000,70.5(0.00 %),0,0,2290,161155000,891076,43.68
09/07/2009,0,0,70(-0.71 %),0,0,0,0,891076,43.68
10/07/2009,-600,-41740000,68(-0.73 %),0,0,600,41740000,891676,43.67
13/07/2009,7040,474700000,67.5(-0.74 %),7040,474700000,0,0,884636,43.72
14/07/2009,-1390,-93825000,68(0.74 %),0,0,1390,93825000,886026,43.71
15/07/2009,0,0,68.5(0.74 %),0,0,0,0,886026,43.71
16/07/2009,-830,-59595000,71(3.65 %),490,34785000,1320,94380000,886856,43.7
17/07/2009,-380,-27020000,69.5(-2.11 %),0,0,380,27020000,887236,43.7
20/07/2009,-490,-34300000,70(0.72 %),0,0,490,34300000,887726,43.7
21/07/2009,38640,2793425000,73.5(5.00 %),39380,2847815000,740,54390000,849086,43.93
22/07/2009,40180,3025840000,74.5(1.36 %),40400,3042560000,220,16720000,808906,44.17
23/07/2009,200,14600000,75(0.67 %),200,14600000,0,0,808706,44.17
24/07/2009,20700,1615100000,78.5(4.67 %),22000,1717000000,1300,101900000,788006,44.29
27/07/2009,68740,5614825000,82(4.46 %),69240,5655825000,500,41000000,719266,44.7
28/07/2009,32850,2653500000,80(-2.44 %),32850,2653500000,0,0,686416,44.9
29/07/2009,65540,5238850000,80(0.00 %),66340,5303450000,800,64600000,620876,45.29
30/07/2009,57250,4585350000,80.5(0.62 %),63100,5053350000,5850,468000000,563626,45.63
31/07/2009,3000,243000000,81(0.62 %),3000,243000000,0,0,560626,45.65
03/08/2009,7050,564000000,80(-1.23 %),7050,564000000,0,0,553576,45.69
04/08/2009,34950,2831125000,81.5(1.88 %),34950,2831125000,0,0,518626,45.9
05/08/2009,62000,5138450000,83.5(2.45 %),62000,5138450000,0,0,456626,46.27
06/08/2009,0,0,87.5(4.79 %),0,0,0,0,456626,46.27
07/08/2009,0,0,87(-0.57 %),0,0,0,0,456626,46.27
10/08/2009,-30,-2360000,87(0.00 %),970,84390000,1000,86750000,456656,46.27
11/08/2009,11490,1018935000,90(3.45 %),14590,1293785000,3100,274850000,445166,46.34
12/08/2009,35380,3291640000,94.5(5.00 %),38100,3546040000,2720,254400000,409786,46.55
13/08/2009,4910,466210000,95(0.53 %),5150,489250000,240,23040000,404876,46.58
14/08/2009,35000,3220000000,95(0.00 %),35000,3220000000,0,0,369876,46.79
17/08/2009,17810,1681245000,95(0.00 %),17810,1681245000,0,0,352066,46.9
18/08/2009,-28820,-2681525000,92(-3.16 %),3150,289800000,31970,2971325000,380886,46.72
19/08/2009,-3100,-294300000,92.5(0.54 %),8100,746700000,11200,1041000000,383986,46.71
20/08/2009,15800,1460000000,92.5(0.00 %),18800,1739000000,3000,279000000,368186,46.8
21/08/2009,6690,619730000,92.5(0.00 %),10000,927060000,3310,307330000,361496,46.84
24/08/2009,11930,1102525000,92.5(0.00 %),12740,1177450000,810,74925000,349566,46.91
25/08/2009,-11440,-1063885000,93(0.54 %),70,6545000,11510,1070430000,372466,46.78
26/08/2009,-20,-1840000,92(-1.08 %),0,0,20,1840000,361026,46.84
27/08/2009,-13670,-1237660000,90(-2.17 %),2400,217000000,16070,1454660000,374696,46.76
28/08/2009,-12490,-1124625000,90(0.00 %),440,39840000,12930,1164465000,387186,46.69
31/08/2009,-420,-38745000,93(3.33 %),80,7455000,500,46200000,387606,46.68
01/09/2009,-16350,-1494390000,91(-2.15 %),3850,351000000,20200,1845390000,403956,46.59
03/09/2009,39360,3563040000,89(-2.20 %),40000,3620000000,640,56960000,364596,46.82
04/09/2009,-510,-40450000,86(-3.37 %),1640,146600000,2150,187050000,365106,46.82
07/09/2009,0,0,86(0.00 %),0,0,0,0,365106,46.82
08/09/2009,29690,2672100000,90(4.65 %),61290,5516100000,31600,2844000000,335416,47.0
09/09/2009,-2000,-188000000,94(4.44 %),1000,94000000,3000,282000000,337416,46.98
10/09/2009,0,0,93.5(-0.53 %),0,0,0,0,337416,46.98
11/09/2009,9150,851605000,94.5(1.07 %),17000,1592500000,7850,740895000,328266,47.04
14/09/2009,7510,718150000,99(4.76 %),34300,3370360000,26790,2652210000,320756,47.08
15/09/2009,84240,8676720000,103(4.04 %),95000,9785000000,10760,1108280000,236516,47.59
16/09/2009,30480,3291140000,108(4.85 %),50480,5451140000,20000,2160000000,206036,47.77
17/09/2009,46300,5105300000,112(3.70 %),58800,6501600000,12500,1396300000,159736,48.05
18/09/2009,5500,618000000,117(4.46 %),7000,789000000,1500,171000000,154236,48.08
21/09/2009,-20,-2380000,119(1.71 %),0,0,20,2380000,154256,48.08
22/09/2009,-1140,-134660000,117(-1.68 %),0,0,1140,134660000,155396,48.07
23/09/2009,-16000,-1804000000,112(-4.27 %),0,0,16000,1804000000,171396,47.98
24/09/2009,-68990,-7467930000,108(-3.57 %),0,0,68990,7467930000,240386,47.56
25/09/2009,0,0,108(0.00 %),0,0,0,0,240386,49.22
28/09/2009,0,0,105(-2.78 %),0,0,0,0,296166,49.06
29/09/2009,-1870,-174660000,110(4.76 %),13450,1468500000,15320,1643160000,308596,47.16
30/09/2009,-46940,-5207690000,114(3.64 %),38400,4268940000,85340,9476630000,355536,46.88
01/10/2009,-1110,-113540000,109(-4.39 %),10000,1112000000,11110,1225540000,356646,46.87
02/10/2009,-62620,-6547280000,105(-3.67 %),6270,652080000,68890,7199360000,419266,46.5
05/10/2009,-2620,-274080000,105(0.00 %),0,0,2620,274080000,421886,46.48
06/10/2009,-4890,-516040000,104(-0.95 %),10,1060000,4900,517100000,426776,46.45
07/10/2009,29300,3139850000,109(4.81 %),29450,3156200000,150,16350000,397476,46.63
08/10/2009,14710,1631410000,112(2.75 %),14900,1652500000,190,21090000,382766,46.71
09/10/2009,14560,1699520000,117(4.46 %),14560,1699520000,0,0,368206,46.8
12/10/2009,38930,4679220000,122(4.27 %),40020,4811020000,1090,131800000,329276,47.03
13/10/2009,66210,8234250000,126(3.28 %),66210,8234250000,0,0,263066,47.43
14/10/2009,13420,1702640000,128(1.59 %),14000,1775140000,580,72500000,249646,47.51
15/10/2009,23400,3032200000,125(-2.34 %),24000,3112000000,600,79800000,226246,47.65
16/10/2009,650,79300000,120(-4.00 %),650,79300000,0,0,246156,47.53
19/10/2009,-3130,-373930000,122(1.67 %),100,11900000,3230,385830000,228726,47.63
20/10/2009,0,0,127(4.10 %),0,0,0,0,228726,47.63
21/10/2009,-13790,-1736360000,126(-0.79 %),16210,2056270000,30000,3792630000,242516,47.55
22/10/2009,-11440,-1510080000,132(4.76 %),0,0,11440,1510080000,253956,47.48
23/10/2009,14200,1957600000,138(4.55 %),48050,6628900000,33850,4671300000,239756,47.57
26/10/2009,-7050,-1024200000,139(0.72 %),10150,1451600000,17200,2475800000,246806,47.53
27/10/2009,76950,11020220000,145(4.32 %),184340,26548170000,107390,15527950000,169856,47.99
28/10/2009,-18460,-2787440000,150(3.45 %),11440,1738880000,29900,4526320000,188316,47.88
29/10/2009,25170,3732510000,150(0.00 %),25170,3732510000,0,0,163146,48.03
30/10/2009,3150,472970000,146(-2.67 %),3150,472970000,0,0,159996,48.04
02/11/2009,-190,-26790000,139(-4.79 %),0,0,190,26790000,160186,48.04
03/11/2009,-6980,-944320000,133(-4.32 %),20,2680000,7000,947000000,167166,48.0
04/11/2009,19900,2517200000,128(-3.76 %),33800,4292600000,13900,1775400000,147266,48.12
05/11/2009,-13280,-1738830000,133(3.91 %),300,38700000,13580,1777530000,160546,48.04
06/11/2009,6000,810000000,133(0.00 %),6000,810000000,0,0,154546,48.08
09/11/2009,-28580,-3636260000,127(-4.51 %),3200,406400000,31780,4042660000,183126,47.91
10/11/2009,-15060,-1894420000,123(-3.15 %),670,85090000,15730,1979510000,198186,47.82
11/11/2009,15000,1916240000,129(4.88 %),15000,1916240000,0,0,183186,47.91
12/11/2009,17790,2381360000,134(3.88 %),17840,2388060000,50,6700000,165396,48.01
13/11/2009,12150,1665820000,137(2.24 %),22750,3058700000,10600,1392880000,153246,48.08
16/11/2009,10650,1448400000,135(-1.46 %),10650,1448400000,0,0,142596,48.15
17/11/2009,-50,-6550000,133(-1.48 %),0,0,50,6550000,142646,48.15
18/11/2009,14600,1974860000,137(3.01 %),15500,2095460000,900,120600000,128046,48.24
19/11/2009,-16720,-2264180000,135(-1.46 %),0,0,16720,2264180000,144766,48.14
20/11/2009,-860,-116100000,133(-1.48 %),0,0,860,116100000,145626,48.13
23/11/2009,-160,-20480000,128(-3.76 %),0,0,160,20480000,145786,48.13
24/11/2009,59660,7711410000,131(2.34 %),60000,7754930000,340,43520000,86126,48.49
25/11/2009,-31510,-3944760000,125(-4.58 %),3120,390620000,34630,4335380000,117636,48.3
26/11/2009,-12230,-1455370000,119(-4.80 %),50000,5950000000,62230,7405370000,129866,48.22
27/11/2009,19830,2271120000,120(0.84 %),21070,2412480000,1240,141360000,110036,48.34
30/11/2009,-11720,-1392350000,120(0.00 %),0,0,11720,1392350000,121756,48.27
01/12/2009,-200,-24900000,125(4.17 %),100,12300000,300,37200000,121956,48.27
02/12/2009,96770,12567070000,119(-4.80 %),100000,12973510000,3230,406440000,25186,48.85
03/12/2009,7570,905280000,119(0.00 %),10070,1199580000,2500,294300000,17616,48.89
04/12/2009,-10880,-1271920000,117(-1.68 %),11720,1395580000,22600,2667500000,28496,48.83
07/12/2009,-48110,-5594440000,116(-0.85 %),0,0,48110,5594440000,76606,48.54
08/12/2009,3380,384990000,112(-3.45 %),3530,402390000,150,17400000,73226,48.56
09/12/2009,-94880,-10152160000,107(-4.46 %),2500,267500000,97380,10419660000,168106,48.0
10/12/2009,20630,2194880000,106(-0.93 %),22600,2402670000,1970,207790000,147476,48.12
11/12/2009,500,52640000,103(-2.83 %),500,52640000,0,0,146976,48.12
14/12/2009,2400,252000000,108(4.85 %),2400,252000000,0,0,144576,48.14
15/12/2009,1940,214300000,108(0.00 %),2400,264800000,460,50500000,142636,48.15
16/12/2009,1020,110160000,104(-3.70 %),1020,110160000,0,0,141616,48.15
17/12/2009,180,17820000,101(-2.88 %),180,17820000,0,0,141436,48.16
18/12/2009,-16250,-1723530000,106(4.95 %),850,88400000,17100,1811930000,157686,48.06
21/12/2009,-16860,-1871460000,111(4.72 %),3140,348540000,20000,2220000000,174546,47.96
22/12/2009,4930,547160000,113(1.80 %),5300,588600000,370,41440000,169616,47.99
23/12/2009,2500,277500000,112(-0.88 %),2500,277500000,0,0,167116,48.0
24/12/2009,3860,418820000,110(-1.79 %),5000,545000000,1140,126180000,163256,48.02
25/12/2009,5600,639400000,115(4.55 %),5600,639400000,0,0,157656,48.06
28/12/2009,-140,-8400000,60(4.35 %),0,0,140,8400000,157796,48.06
29/12/2009,-102380,-6449940000,63(5.00 %),30120,1897560000,132500,8347500000,260176,47.45
30/12/2009,-28600,-1836560000,63(0.00 %),1400,91700000,30000,1928260000,288776,47.28
31/12/2009,-70410,-4634580000,65.5(3.97 %),1000,64000000,71410,4698580000,359186,46.85
04/01/2010,900,61050000,68.5(4.58 %),900,61050000,0,0,358286,46.86
05/01/2010,990,70785000,71(3.65 %),990,70785000,0,0,357296,46.87
06/01/2010,3840,261015000,71.5(0.70 %),12820,910220000,8980,649205000,353456,46.89
07/01/2010,0,0,69(-3.50 %),0,0,0,0,353456,46.89
08/01/2010,-70830,-4770190000,66(-4.35 %),6730,463870000,77560,5234060000,424286,46.47
11/01/2010,-22260,-1467290000,65(-1.52 %),0,0,22260,1467290000,446546,46.33
12/01/2010,-41790,-2678175000,63(-3.08 %),3650,235425000,45440,2913600000,488336,46.08
13/01/2010,-69000,-4279150000,62.5(-0.79 %),800,48800000,69800,4327950000,557336,45.67
14/01/2010,-100,-6550000,65.5(4.80 %),0,0,100,6550000,557436,45.67
15/01/2010,13010,855825000,65.5(0.00 %),15010,987825000,2000,132000000,544426,45.75
18/01/2010,11710,758505000,63(-3.82 %),11710,758505000,0,0,532716,45.82
19/01/2010,31290,2020415000,65(3.17 %),31500,2033645000,210,13230000,501426,46.0
20/01/2010,14580,960420000,63(-3.08 %),16070,1058760000,1490,98340000,486846,46.09
21/01/2010,45000,2838500000,64(1.59 %),45000,2838500000,0,0,441846,46.36
22/01/2010,-18160,-1139790000,62(-3.12 %),2000,128950000,20160,1268740000,460006,46.25
25/01/2010,-2170,-133405000,62(0.00 %),100,6200000,2270,139605000,462176,46.24
26/01/2010,-8820,-569390000,65(4.84 %),1180,75610000,10000,645000000,470996,46.19
27/01/2010,-9900,-613520000,62.5(-3.85 %),6030,396935000,15930,1010455000,480896,46.13
28/01/2010,2220,134530000,60.5(-3.20 %),2220,134530000,0,0,478676,46.14
29/01/2010,-12800,-774650000,60.5(0.00 %),0,0,12800,774650000,491476,46.06
01/02/2010,19390,1227675000,63.5(4.96 %),22990,1446975000,3600,219300000,472086,46.18
02/02/2010,107720,7032200000,65.5(3.15 %),127110,8283965000,19390,1251765000,364366,46.82
03/02/2010,33620,2240030000,66.5(1.53 %),33620,2240030000,0,0,330746,47.02
04/02/2010,25900,1729850000,67(0.75 %),27000,1803000000,1100,73150000,304846,47.18
05/02/2010,-7760,-503630000,65(-2.99 %),85000,5521500000,92760,6025130000,312606,47.13
08/02/2010,8210,530630000,63(-3.08 %),8210,530630000,0,0,304396,47.18
09/02/2010,770,53590000,62(-1.59 %),15200,950325000,14430,896735000,303626,47.19
10/02/2010,38150,2463555000,64.5(4.03 %),38150,2463555000,0,0,265476,47.41
11/02/2010,8250,542910000,65(0.78 %),8250,542910000,0,0,257226,47.46
12/02/2010,10510,699895000,66.5(2.31 %),10510,699895000,0,0,246716,47.53
22/02/2010,7720,515925000,66.5(0.00 %),10250,685700000,2530,169775000,238996,47.57
23/02/2010,5250,340660000,64(-3.76 %),5250,340660000,0,0,233746,47.6
24/02/2010,4240,270770000,64(0.00 %),4240,270770000,0,0,229506,47.63
25/02/2010,34750,2224425000,64(0.00 %),125400,7825350000,90650,5600925000,194756,47.84
26/02/2010,5050,327670000,63(-1.56 %),30160,1908710000,25110,1581040000,941794,21.28
01/03/2010,15240,952000000,62.5(-0.79 %),15240,952000000,0,0,926554,46.28
02/03/2010,-1110,-69125000,62(-0.80 %),200,12500000,1310,81625000,927664,46.28
03/03/2010,1000,62500000,62.5(0.81 %),1000,62500000,0,0,926664,46.28
04/03/2010,-710,-44775000,62.5(0.00 %),1090,68325000,1800,113100000,927374,46.28
05/03/2010,5500,346750000,63(0.80 %),10000,630000000,4500,283250000,921874,46.3
08/03/2010,12000,767000000,65(3.17 %),12000,767000000,0,0,909874,46.33
09/03/2010,-3010,-196150000,66(1.54 %),290,19050000,3300,215200000,912884,46.32
10/03/2010,0,0,65(-1.52 %),0,0,0,0,912884,46.32
11/03/2010,-380,-24510000,64.5(-0.77 %),0,0,380,24510000,913264,46.32
12/03/2010,800,54400000,67.5(4.65 %),1400,93100000,600,38700000,912464,46.33
15/03/2010,-29200,-1971250000,67.5(0.00 %),1100,74000000,30300,2045250000,941664,46.24
16/03/2010,23090,1515570000,64.5(-4.44 %),23090,1515570000,0,0,918574,46.31
17/03/2010,-790,-50225000,63.5(-1.55 %),0,0,790,50225000,919364,46.31
18/03/2010,-2450,-157500000,64.5(1.57 %),0,0,2450,157500000,921814,46.3
19/03/2010,-16600,-1059900000,63.5(-1.55 %),0,0,16600,1059900000,938414,46.25
22/03/2010,-35560,-2212580000,62(-2.36 %),0,0,35560,2212580000,973974,46.15
23/03/2010,0,0,61.5(-0.81 %),0,0,0,0,973974,46.15
24/03/2010,30,1875000,62(0.81 %),30,1875000,0,0,973944,46.15
25/03/2010,-20000,-1215685000,60(-3.23 %),0,0,20000,1215685000,993944,46.09
26/03/2010,-1930,-115800000,60(0.00 %),1650,99000000,3580,214800000,995874,46.08
29/03/2010,0,0,60(0.00 %),0,0,0,0,995874,46.08
30/03/2010,5000,295000000,59(-1.67 %),5000,295000000,0,0,990874,46.1
31/03/2010,-19480,-1149160000,59(0.00 %),1720,102340000,21200,1251500000,1010354,46.04
01/04/2010,-14000,-830500000,60(1.69 %),0,0,14000,830500000,1024354,46.0
02/04/2010,1000,59500000,59.5(-0.83 %),1000,59500000,0,0,1023354,46.0
05/04/2010,-50000,-2950000000,58.5(-1.68 %),0,0,50000,2950000000,1073354,45.85
06/04/2010,-15000,-887615000,59.5(1.71 %),0,0,15000,887615000,1088354,45.81
07/04/2010,-26120,-1551080000,59(-0.84 %),0,0,26120,1551080000,1114474,45.73
08/04/2010,-29620,-1762795000,59.5(0.85 %),0,0,29620,1762795000,1144094,45.65
09/04/2010,8680,519035000,60.5(1.68 %),14600,876000000,5920,356965000,1135414,45.67
12/04/2010,8940,535370000,60.5(0.00 %),11200,672100000,2260,136730000,1126474,45.7
13/04/2010,17730,1060750000,60(-0.83 %),28330,1699800000,10600,639050000,1108744,45.75
14/04/2010,59470,3568000000,60(0.00 %),59870,3592200000,400,24200000,1049274,45.93
15/04/2010,-90000,-5354415000,60(0.00 %),10000,600500000,100000,5954915000,1139274,45.66
16/04/2010,-103210,-6117645000,58.5(-2.50 %),7220,434360000,110430,6552005000,1242484,45.36
19/04/2010,-5460,-317680000,58(-0.85 %),5000,292500000,10460,610180000,1247944,45.34
20/04/2010,-149390,-8479205000,57(-1.72 %),16420,919520000,165810,9398725000,1397334,44.91
21/04/2010,-32790,-1850245000,56(-1.75 %),400,23000000,33190,1873245000,1430124,44.81
22/04/2010,-2800,-158000000,58.5(4.46 %),0,0,2800,158000000,1432924,44.8
26/04/2010,-61600,-3573555000,57.5(-1.71 %),10600,618800000,72200,4192355000,1494524,44.62
27/04/2010,23140,1339720000,58(0.87 %),80000,4581670000,56860,3241950000,1471384,44.69
28/04/2010,-92000,-5252550000,57(-1.72 %),30000,1717175000,122000,6969725000,1563384,44.42
29/04/2010,45650,2613575000,57.5(0.88 %),48500,2776525000,2850,162950000,1517734,44.55
04/05/2010,17840,1026390000,58(0.87 %),20080,1155810000,2240,129420000,1499894,44.6
05/05/2010,27170,1575225000,58(0.00 %),29270,1696525000,2100,121300000,1472724,44.68
06/05/2010,28030,1619465000,57.5(-0.86 %),39160,2261695000,11130,642230000,1444694,44.77
07/05/2010,-7950,-447425000,56(-2.61 %),1000,56500000,8950,503925000,1452644,44.74
10/05/2010,37510,2063260000,55.5(-0.89 %),42680,2349280000,5170,286020000,1415134,44.85
11/05/2010,-36510,-2033885000,56.5(1.80 %),21000,1178000000,57510,3211885000,1451644,44.75
12/05/2010,-2240,-123820000,55(-2.65 %),600,33300000,2840,157120000,1453884,44.74
13/05/2010,-900,-49500000,54.5(-0.91 %),10000,550000000,10900,599500000,1454784,44.74
14/05/2010,50050,2714700000,54(-0.92 %),50050,2714700000,0,0,1404734,44.88
17/05/2010,-42640,-2242435000,52.5(-2.78 %),0,0,42640,2242435000,1447374,44.76
18/05/2010,75090,3846005000,51.5(-1.90 %),75090,3846005000,0,0,1372284,44.98
19/05/2010,-36540,-1836520000,50(-2.91 %),33460,1680480000,70000,3517000000,1408824,44.87
20/05/2010,84850,4279604000,52.5(5.00 %),91030,4588704000,6180,309100000,1323974,45.12
21/05/2010,99730,5149015000,51(-2.86 %),102010,5264015000,2280,115000000,1224244,45.41
24/05/2010,8880,455880000,51.5(0.98 %),8880,455880000,0,0,1215364,45.44
25/05/2010,25710,1324065000,51.5(0.00 %),25710,1324065000,0,0,1189654,45.51
26/05/2010,-61000,-3155000000,52(0.97 %),1000,51500000,62000,3206500000,1250654,45.34
27/05/2010,16280,864260000,53.5(2.88 %),60000,3174680000,43720,2310420000,1234374,45.38
28/05/2010,6510,361740000,56(4.67 %),6810,378540000,300,16800000,1227864,45.4
31/05/2010,10570,577935000,55(-1.79 %),14130,773735000,3560,195800000,1217294,45.43
01/06/2010,18520,1000070000,54(-1.82 %),19520,1054570000,1000,54500000,1198774,45.49
02/06/2010,7720,422130000,54.5(0.93 %),10500,572250000,2780,150120000,1191054,45.51
03/06/2010,26150,1444325000,55(0.92 %),26150,1444325000,0,0,1164904,45.59
04/06/2010,0,0,55(0.00 %),0,0,0,0,1164904,45.59
07/06/2010,-94150,-4944345000,52.5(-4.55 %),10400,546000000,104550,5490345000,1259054,45.31
08/06/2010,-8580,-443320000,52(-0.95 %),0,0,8580,443320000,1267634,45.29
09/06/2010,-1480,-76960000,51.5(-0.96 %),0,0,1480,76960000,1269114,45.28
10/06/2010,-39320,-1988765000,51(-0.97 %),0,0,39320,1988765000,1308434,45.17
11/06/2010,0,0,51.5(0.98 %),43556,2112466000,43556,2112466000,1308434,45.17
14/06/2010,-300,-15450000,51.5(0.00 %),0,0,300,15450000,1308734,45.17
15/06/2010,-7730,-396520000,51.5(0.00 %),0,0,7730,396520000,1316464,45.14
16/06/2010,290,15080000,51.5(0.00 %),290,15080000,0,0,1316174,45.14
17/06/2010,16360,848290000,52(0.97 %),59916,2982534000,43556,2134244000,1299814,45.19
18/06/2010,15600,811200000,52.5(0.96 %),15600,811200000,0,0,1233844,45.38
21/06/2010,-3020,-158780000,52(-0.95 %),15480,804960000,18500,963740000,1287234,45.23
22/06/2010,37790,1975080000,52.5(0.96 %),37790,1975080000,0,0,1249444,45.34
23/06/2010,5110,265220000,52.5(0.00 %),6110,317720000,1000,52500000,1244334,45.35
24/06/2010,25000,1317390000,53(0.95 %),25000,1317390000,0,0,1219334,45.43
25/06/2010,11360,590720000,52(-1.89 %),12360,642720000,1000,52000000,1207974,45.46
28/06/2010,20960,1090170000,52(0.00 %),31460,1635920000,10500,545750000,1187014,45.52
29/06/2010,20950,1084620000,52.5(0.96 %),50540,2631330000,29590,1546710000,1166064,45.58
30/06/2010,-23440,-1214410000,52(-0.95 %),43920,2278010000,67360,3492420000,1189504,45.51
01/07/2010,29040,1510580000,52(0.00 %),29040,1510580000,0,0,1160464,45.6
02/07/2010,40790,2121080000,52(0.00 %),188570,9805640000,147780,7684560000,1119674,45.72
05/07/2010,-55490,-2827155000,50(-3.85 %),112970,5822860000,168460,8650015000,1175164,45.56
06/07/2010,0,0,51.5(3.00 %),4000,204000000,4000,204000000,1175164,45.56
07/07/2010,17790,910790000,51(-0.97 %),17790,910790000,0,0,1157374,45.61
08/07/2010,2370,121710000,51.5(0.98 %),6540,335380000,4170,213670000,1155004,45.62
09/07/2010,25950,1336135000,51.5(0.00 %),30040,1545725000,4090,209590000,1129054,45.69
12/07/2010,2660,135810000,51(-0.97 %),2660,135810000,0,0,1126394,45.7
13/07/2010,42330,2158995000,52(1.96 %),45000,2296500000,2670,137505000,1084064,45.82
14/07/2010,19110,997165000,51.5(-0.96 %),24110,1256665000,5000,259500000,1064954,45.88
15/07/2010,-2730,-140220000,51(-0.97 %),11990,615725000,14720,755945000,1067684,45.87
16/07/2010,7230,368730000,51(0.00 %),26230,1337730000,19000,969000000,1060454,45.89
19/07/2010,7930,404425000,51(0.00 %),12530,639030000,4600,234605000,1052524,45.92
20/07/2010,5110,260610000,51(0.00 %),10310,525810000,5200,265200000,1047414,45.93
21/07/2010,11270,574770000,51(0.00 %),17990,917490000,6720,342720000,1036144,45.96
22/07/2010,8520,432140000,50.5(-0.98 %),11610,589185000,3090,157045000,1027624,45.99
23/07/2010,920,47420000,51(0.99 %),7230,368730000,6310,321310000,1026704,45.99
26/07/2010,8790,453685000,51.5(0.98 %),12790,661185000,4000,207500000,1017914,46.02
27/07/2010,12110,623915000,51.5(0.00 %),16310,839115000,4200,215200000,1005804,46.05
28/07/2010,17840,912540000,51(-0.97 %),21440,1097440000,3600,184900000,987964,46.1
29/07/2010,13330,685995000,51.5(0.98 %),17330,891245000,4000,205250000,974634,46.14
30/07/2010,30540,1587460000,52.5(1.94 %),36190,1879435000,5650,291975000,944094,46.23
02/08/2010,-170,-8745000,51(-2.86 %),4230,215730000,4400,224475000,944264,46.23
03/08/2010,12450,637375000,51(0.00 %),15000,767700000,2550,130325000,931814,46.27
04/08/2010,22490,1134295000,51(0.00 %),22700,1144900000,210,10605000,909324,46.34
05/08/2010,0,0,50.5(-0.98 %),0,0,0,0,909324,46.34
06/08/2010,-4720,-235300000,49.8(-1.39 %),0,0,4720,235300000,914044,46.32
09/08/2010,5200,259920000,49.6(-0.40 %),5200,259920000,0,0,908844,46.34
10/08/2010,55100,2727040000,49.8(0.40 %),88040,4363770000,32940,1636730000,853744,46.5
11/08/2010,9710,484288000,49.9(0.20 %),9710,484288000,0,0,661264,47.06
12/08/2010,73170,3600300000,49.2(-1.40 %),79810,3927890000,6640,327590000,770864,46.74
13/08/2010,8240,405200000,49.5(0.61 %),8240,405200000,0,0,762624,46.77
16/08/2010,0,0,51(3.03 %),0,0,0,0,762624,46.77
17/08/2010,3740,187000000,51(0.00 %),3740,187000000,0,0,677304,47.02
18/08/2010,26110,1305500000,50(-1.96 %),26110,1305500000,0,0,732774,46.85
19/08/2010,3040,153128000,50(0.00 %),4450,222500000,1410,69372000,729734,46.86
20/08/2010,48690,2414060000,50(0.00 %),73690,3661560000,25000,1247500000,681044,47.0
23/08/2010,10070,503253000,49.9(-0.20 %),11070,553253000,1000,50000000,670974,47.03
24/08/2010,19890,985734000,49.8(-0.20 %),24890,1234734000,5000,249000000,651084,47.09
25/08/2010,-16790,-812620000,48.5(-2.61 %),33210,1607110000,50000,2419730000,667874,47.04
26/08/2010,-40950,-1952625000,48(-1.03 %),32090,1506980000,73040,3459605000,708824,46.92
27/08/2010,0,0,49.8(3.75 %),0,0,0,0,708824,46.92
30/08/2010,24040,1236910000,51.5(3.41 %),26000,1337850000,1960,100940000,684784,46.99
31/08/2010,15500,798000000,51.5(0.00 %),15500,798000000,0,0,669284,47.04
01/09/2010,0,0,51(-0.97 %),0,0,0,0,669284,47.04
06/09/2010,-4970,-247650000,51(0.00 %),8500,431950000,13470,679600000,688784,47.02
07/09/2010,-6310,-320830000,50.5(-0.98 %),7250,366450000,13560,687280000,680564,47.01
08/09/2010,-8270,-412885000,50.5(0.00 %),5930,297785000,14200,710670000,688834,46.98
09/09/2010,-2200,-109150000,50.5(0.00 %),5820,293570000,8020,402720000,691034,46.98
10/09/2010,320,16000000,49(-2.97 %),500,25000000,180,9000000,690714,46.98
13/09/2010,10650,528325000,49.2(0.41 %),22000,1090400000,11350,562075000,680064,47.01
14/09/2010,5780,285532000,49.5(0.61 %),10000,494000000,4220,208468000,674284,47.02
15/09/2010,-3030,-150168000,49.5(0.00 %),6210,307032000,9240,457200000,677314,47.02
16/09/2010,3100,152188000,49.1(-0.81 %),3100,152188000,0,0,674214,47.02
17/09/2010,-3940,-195439000,49.5(0.81 %),21090,1043546000,25030,1238985000,678154,47.01
20/09/2010,1360,65500000,50(1.01 %),20860,1042750000,19500,977250000,676794,47.02
21/09/2010,1330,66500000,50(0.00 %),26330,1316500000,25000,1250000000,675464,47.02
22/09/2010,7600,382500000,50.5(1.00 %),7600,382500000,0,0,667864,47.04
23/09/2010,-7890,-390805000,49.4(-2.18 %),17110,846295000,25000,1237100000,675754,47.02
24/09/2010,6140,303538000,49.4(0.00 %),6240,308488000,100,4950000,669614,47.04
27/09/2010,7010,351794000,50.5(2.23 %),7010,351794000,0,0,662604,47.06
28/09/2010,109000,5502000000,50.5(0.00 %),109000,5502000000,0,0,553604,47.38
29/09/2010,9280,464000000,50(-0.99 %),18280,914500000,9000,450500000,544324,47.4
30/09/2010,25800,1289454000,50(0.00 %),26920,1345454000,1120,56000000,533054,47.48
01/10/2010,7850,393060000,50(0.00 %),27230,1362250000,19380,969190000,525204,47.46
04/10/2010,20430,1021484000,50(0.00 %),88490,4424484000,68060,3403000000,504774,47.52
05/10/2010,96370,4818300000,50(0.00 %),101470,5073300000,5100,255000000,408404,47.8
06/10/2010,17160,860510000,49.9(-0.20 %),82600,4131930000,65440,3271420000,391244,47.85
07/10/2010,48510,2425419000,50(0.20 %),100000,4999800000,51490,2574381000,342734,48.0
08/10/2010,8160,407096000,50(0.00 %),8160,407096000,0,0,334574,48.02
11/10/2010,14450,721755000,49.9(-0.20 %),14450,721755000,0,0,320124,48.06
12/10/2010,17230,859154000,49.9(0.00 %),47230,2353154000,30000,1494000000,302894,48.11
13/10/2010,15670,780763000,49.7(-0.40 %),44600,2220370000,28930,1439607000,287224,48.16
14/10/2010,330,16386000,49.8(0.20 %),330,16386000,0,0,286894,48.16
15/10/2010,26320,1310836000,49.8(0.00 %),26320,1310836000,0,0,260574,48.24
18/10/2010,19650,979276000,49.9(0.20 %),19650,979276000,0,0,240924,48.29
19/10/2010,1860,93367000,49.6(-0.60 %),4860,240667000,3000,147300000,239064,48.3
20/10/2010,-9000,-430055000,47.8(-3.63 %),11000,531400000,20000,961455000,248064,48.27
21/10/2010,-22200,-1065180000,47.3(-1.05 %),0,0,22200,1065180000,270264,48.21
22/10/2010,-500,-23950000,47.9(1.27 %),0,0,500,23950000,270764,48.21
25/10/2010,-14500,-694050000,48(0.21 %),130000,6290000000,144500,6984050000,285264,48.16
26/10/2010,-6930,-334249000,48.3(0.62 %),0,0,6930,334249000,292194,48.14
27/10/2010,-5910,-286624000,48.4(0.21 %),0,0,5910,286624000,298104,48.13
28/10/2010,-2830,-134550000,48(-0.83 %),0,0,2830,134550000,300934,48.12
29/10/2010,1810,87300000,48(0.00 %),6100,293570000,4290,206270000,299124,48.12
01/11/2010,-250,-12014000,48(0.00 %),100,4780000,350,16794000,299374,48.12
02/11/2010,6610,317280000,48(0.00 %),18980,911040000,12370,593760000,292764,48.14
03/11/2010,4130,198236000,48.1(0.21 %),26780,1287340000,22650,1089104000,288634,48.15
04/11/2010,-7420,-358166000,48.4(0.62 %),9980,482034000,17400,840200000,296054,48.13
05/11/2010,1050,51450000,49(1.24 %),19000,931000000,17950,879550000,295004,48.14
08/11/2010,16530,826708000,50.5(3.06 %),55070,2742428000,38540,1915720000,278474,48.18
09/11/2010,27610,1401295000,51.5(1.98 %),132170,6636135000,104560,5234840000,250864,48.26
10/11/2010,1710,86400000,50(-2.91 %),4600,230900000,2890,144500000,249154,48.27
11/11/2010,10210,495029000,48.4(0.83 %),18710,907129000,8500,412100000,238944,48.3
12/11/2010,1900,92100000,48(-0.83 %),63510,3052110000,61610,2960010000,237044,48.31
15/11/2010,27470,1317560000,48(0.00 %),201898,9624890000,174428,8307330000,209574,48.39
16/11/2010,18010,870319000,48.5(1.04 %),19140,925124000,1130,54805000,191564,48.44
17/11/2010,11150,540775000,48.5(0.00 %),11150,540775000,0,0,180414,48.47
18/11/2010,20910,1041859000,50(3.09 %),20910,1041859000,0,0,159504,48.53
19/11/2010,26650,1347500000,50.5(1.00 %),26650,1347500000,0,0,132854,48.61
22/11/2010,32710,1662750000,51(0.99 %),32710,1662750000,0,0,100144,48.71
23/11/2010,4400,219930000,50(-1.96 %),4400,219930000,0,0,95744,48.72
24/11/2010,3880,192020000,49.5(-1.00 %),3880,192020000,0,0,91864,48.73
25/11/2010,10220,517380000,51(3.03 %),11220,565580000,1000,48200000,81644,48.76
26/11/2010,53480,2734685000,51.5(0.98 %),53480,2734685000,0,0,28164,48.92
29/11/2010,39660,2034975000,51.5(0.00 %),40000,2052485000,340,17510000,0,49.03
30/11/2010,5390,281935000,49(-4.85 %),5390,281935000,0,0,0,49.05
01/12/2010,-1750,-86635000,49.5(1.02 %),1000,50500000,2750,137135000,0,49.04
02/12/2010,-380,-18625000,50(1.01 %),0,0,380,18625000,0,49.04
03/12/2010,340,17340000,49.5(-1.00 %),340,17340000,0,0,0,49.04
06/12/2010,-14310,-709606000,48.9(-1.21 %),0,0,14310,709606000,0,49.0
07/12/2010,1750,89250000,49(0.20 %),2750,140250000,1000,51000000,0,49.01
08/12/2010,380,19190000,49.5(1.02 %),380,19190000,0,0,0,49.01
09/12/2010,0,0,50.5(2.02 %),0,0,0,0,0,49.01
10/12/2010,14310,758430000,51.5(1.98 %),14310,758430000,0,0,0,49.05
13/12/2010,980,52460000,51.5(0.00 %),1000,53500000,20,1040000,0,49.05
14/12/2010,0,0,50(-2.91 %),50000,2575000000,50000,2575000000,0,49.05
15/12/2010,-910,-45100000,49.2(-1.60 %),20000,1000000000,20910,1045100000,0,49.05
16/12/2010,-2010,-98462000,48.6(-1.22 %),20000,980420000,22010,1078882000,0,49.04
17/12/2010,-12260,-596085000,48.6(0.00 %),20,972000,12280,597057000,0,49.01
20/12/2010,-6080,-296288000,48.5(-0.21 %),50000,2433850000,56080,2730138000,3054,48.99
21/12/2010,-13140,-629116000,47.7(-1.65 %),0,0,13140,629116000,16194,48.95
22/12/2010,-3330,-157201000,47.7(0.00 %),2920,144540000,6250,301741000,19524,48.94
23/12/2010,6640,331710000,47.6(-0.21 %),62280,3064710000,55640,2733000000,12884,48.96
24/12/2010,6080,297920000,47.8(0.42 %),67230,3290846000,61150,2992926000,6804,48.98
27/12/2010,13140,650430000,48.1(0.63 %),189480,9379084000,176340,8728654000,0,49.02
28/12/2010,3530,170146000,48.4(0.62 %),103530,4994546000,100000,4824400000,0,49.03
29/12/2010,3600,176380000,48.8(0.83 %),103600,5061680000,100000,4885300000,0,49.04
30/12/2010,4700,227950000,48.5(-0.61 %),4700,227950000,0,0,0,49.05
31/12/2010,-1100,-52250000,47.5(-2.06 %),0,0,1100,52250000,0,49.05
04/01/2011,60,2850000,47.7(0.42 %),60,2850000,0,0,0,49.05
05/01/2011,-4000,-190450000,47.6(-0.21 %),42920,2042992000,46920,2233442000,0,49.04
06/01/2011,-2800,-131650000,47(-1.26 %),0,0,2800,131650000,0,49.03
07/01/2011,-12100,-561487000,46.2(-1.70 %),79120,3673931000,91220,4235418000,1774,48.99
10/01/2011,-5980,-275476000,46(-0.43 %),66000,3037188000,71980,3312664000,7754,48.98
11/01/2011,4000,185200000,46.2(0.43 %),4000,185200000,0,0,3754,48.99
12/01/2011,250,11545000,46(-0.43 %),2800,129360000,2550,117815000,3504,48.99
13/01/2011,-50000,-2300000000,47.1(2.39 %),0,0,50000,2300000000,53504,48.84
14/01/2011,19180,916014000,49.3(4.67 %),19180,916014000,0,0,34324,49.82
17/01/2011,0,0,48.7(-1.22 %),0,0,0,0,34324,49.82
18/01/2011,2550,125715000,47.5(-2.46 %),2550,125715000,0,0,31774,48.91
19/01/2011,3930,188205000,48.6(2.32 %),3930,188205000,0,0,27844,48.92
20/01/2011,26340,1319220000,50(2.88 %),27080,1354000000,740,34780000,1504,49.0
21/01/2011,12150,607500000,48.2(-3.60 %),18990,949500000,6840,342000000,0,49.03
24/01/2011,-12230,-592919000,47.6(-1.24 %),0,0,12230,592919000,1584,49.0
25/01/2011,-21540,-1028708000,47.5(-0.21 %),45000,2149380000,66540,3178088000,23124,48.93
26/01/2011,-5260,-250376000,49(3.16 %),740,35224000,6000,285600000,28384,48.94
27/01/2011,-2190,-109445000,49.4(0.82 %),6840,336037000,9030,445482000,30574,48.91
28/01/2011,260,11836000,48.2(-2.43 %),12230,595966000,11970,584130000,30314,48.91
08/02/2011,0,0,49.4(2.49 %),0,0,0,0,30314,48.91
09/02/2011,630,30850000,48.5(-1.82 %),630,30850000,0,0,29684,49.84
10/02/2011,-30010,-1456871000,49.2(1.44 %),19990,970129000,50000,2427000000,59694,48.83
11/02/2011,-6050,-296560000,49(-0.41 %),13300,651590000,19350,948150000,65744,49.73
14/02/2011,-9880,-479120000,48.4(-1.22 %),11000,533500000,20880,1012620000,75624,48.78
15/02/2011,0,0,48(-0.83 %),0,0,0,0,75624,48.78
16/02/2011,24860,1193270000,48(0.00 %),25600,1228790000,740,35520000,50764,48.85
17/02/2011,19890,954720000,48(0.00 %),19890,954720000,0,0,30874,48.91
18/02/2011,1540,73920000,48(0.00 %),2130,102240000,590,28320000,29334,48.91
21/02/2011,430,20740000,46(-4.17 %),19400,912330000,18970,891590000,28904,48.92
22/02/2011,4100,187780000,46(0.00 %),5300,242380000,1200,54600000,24804,48.93
23/02/2011,-16300,-774273000,47.4(3.04 %),15000,711933000,31300,1486206000,41104,48.88
24/02/2011,7860,371878000,47.3(-0.21 %),7860,371878000,0,0,33244,48.9
25/02/2011,5060,240683000,47.5(0.42 %),5060,240683000,0,0,28184,48.92
28/02/2011,-1480,-68820000,47.5(0.00 %),0,0,1480,68820000,29664,48.91
01/03/2011,-1200,-56400000,47(-1.05 %),0,0,1200,56400000,30864,48.91
02/03/2011,0,0,46.5(-1.06 %),0,0,0,0,30864,48.91
03/03/2011,18070,833559000,47.2(1.51 %),18070,833559000,0,0,0,0.0
04/03/2011,-350,-15820000,46(-2.54 %),400,18080000,750,33900000,0,0.0
07/03/2011,5750,271200000,46(0.00 %),5750,271200000,0,0,0,0.0
08/03/2011,70,3220000,46(0.00 %),70,3220000,0,0,0,0.0
09/03/2011,5000,226018000,45.4(-1.30 %),5000,226018000,0,0,0,0.0
10/03/2011,-18000,-812460000,47(3.52 %),8000,361945000,26000,1174405000,0,0.0
11/03/2011,-370,-16724000,47(0.00 %),0,0,370,16724000,0,0.0
14/03/2011,0,0,47(0.00 %),0,0,0,0,0,0.0
15/03/2011,0,0,45.7(-2.77 %),0,0,0,0,0,0.0
16/03/2011,-640,-28549000,45.1(-1.31 %),150,7080000,790,35629000,38554,49.81
17/03/2011,-250,-10850000,45(-0.22 %),150,6750000,400,17600000,38804,49.81
18/03/2011,300,13650000,46(2.22 %),300,13650000,0,0,38504,49.81
21/03/2011,0,0,46.5(1.09 %),0,0,0,0,38504,49.81
22/03/2011,3000,140045000,46.7(0.43 %),3000,140045000,0,0,35504,49.82
23/03/2011,0,0,46.7(0.00 %),0,0,0,0,35504,49.82
24/03/2011,-3630,-165130000,45(-3.64 %),0,0,3630,165130000,39134,49.81
25/03/2011,-6430,-288350000,45(0.00 %),1500,67500000,7930,355850000,45564,49.79
28/03/2011,-440,-19440000,44.1(-2.00 %),0,0,440,19440000,46004,49.79
29/03/2011,-100,-4430000,44.3(0.45 %),0,0,100,4430000,46104,49.79
30/03/2011,-4350,-186250000,43(-2.93 %),0,0,4350,186250000,50454,49.78
31/03/2011,-5640,-241634000,43.2(0.47 %),0,0,5640,241634000,56094,49.76
01/04/2011,0,0,43.2(0.00 %),0,0,0,0,47018,49.79
04/04/2011,-770,-32002000,41.6(-3.70 %),3230,135460000,4000,167462000,47788,49.78
05/04/2011,-4220,-172582000,40.6(-2.40 %),50,2030000,4270,174612000,52008,49.77
06/04/2011,10,406000,41.5(2.22 %),10,406000,0,0,51998,49.77
07/04/2011,0,0,41.4(-0.24 %),300,12300000,300,12300000,51998,49.77
08/04/2011,-11870,-486816000,40.6(-1.93 %),7500,307497000,19370,794313000,63868,49.74
13/04/2011,-20240,-814662000,40(-1.48 %),50000,2005850000,70240,2820512000,84108,49.68
14/04/2011,-9490,-378446000,39.8(-0.50 %),4280,169882000,13770,548328000,93598,49.65
15/04/2011,0,0,39.5(-0.75 %),0,0,0,0,93598,49.65
18/04/2011,-1560,-60025000,38.5(-2.53 %),100,3980000,1660,64005000,95158,49.64
19/04/2011,-5900,-230100000,39(1.30 %),0,0,5900,230100000,101058,49.63
20/04/2011,-3430,-134650000,39.3(0.77 %),50000,1953522000,53430,2088172000,104488,49.62
21/04/2011,-3560,-138840000,39(-0.76 %),21500,838500000,25060,977340000,108048,49.61
22/04/2011,8340,321075000,38.5(-1.28 %),33740,1299990000,25400,978915000,99708,49.63
25/04/2011,-6510,-251390000,39(1.30 %),5000,195000000,11510,446390000,106218,49.61
26/04/2011,43360,1688718000,38.9(-0.26 %),55100,2143404000,11740,454686000,62858,49.74
27/04/2011,2190,85087000,38.8(-0.26 %),56600,2202495000,54410,2117408000,60668,49.75
28/04/2011,-71320,-2765816000,38.8(0.00 %),10270,397676000,81590,3163492000,131988,49.54
29/04/2011,-2020,-79341000,39.3(1.29 %),39500,1535600000,41520,1614941000,134008,49.53
04/05/2011,-370,-14060000,38(-3.31 %),0,0,370,14060000,46578,49.79
05/05/2011,4300,164540000,38.1(0.26 %),4300,164540000,0,0,42278,49.8
06/05/2011,3250,123830000,38.2(0.26 %),3250,123830000,0,0,39028,49.81
09/05/2011,2000,76400000,38.2(0.00 %),2000,76400000,0,0,37028,49.81
10/05/2011,2830,109238000,38.6(1.05 %),2830,109238000,0,0,34198,49.82
11/05/2011,8750,342518000,39(1.04 %),58750,2272518000,50000,1930000000,25448,49.85
12/05/2011,-6700,-261300000,39(0.00 %),29930,1167270000,36630,1428570000,32148,49.83
13/05/2011,2990,116865000,39.1(0.26 %),7140,277870000,4150,161005000,29158,49.84
16/05/2011,12270,475149000,38.7(-1.02 %),12860,497982000,590,22833000,16888,49.87
17/05/2011,18010,684880000,38.5(-0.52 %),18010,684880000,0,0,0,49.93
18/05/2011,12050,463904000,38.5(0.00 %),12050,463904000,0,0,105358,49.61
19/05/2011,12640,486640000,38.5(0.00 %),12840,494340000,200,7700000,92718,49.65
20/05/2011,19260,741510000,38.5(0.00 %),20000,770000000,740,28490000,73458,49.71
23/05/2011,10500,404800000,37.2(-3.38 %),10500,404800000,0,0,62958,49.74
24/05/2011,15390,567545000,37(-0.54 %),16240,598570000,850,31025000,47568,49.78
25/05/2011,11340,413490000,35.2(-4.86 %),50330,1803451000,38990,1389961000,36228,49.82
26/05/2011,740,25160000,36.6(3.98 %),740,25160000,0,0,35488,49.82
27/05/2011,0,0,36.6(0.00 %),0,0,0,0,35488,49.82
30/05/2011,660,24156000,36.6(0.00 %),660,24156000,0,0,34828,49.82
31/05/2011,39180,1504512000,38.3(4.64 %),39180,1504512000,0,0,0,49.94
01/06/2011,0,0,38.4(0.26 %),0,0,0,0,8,49.92
02/06/2011,0,0,37.2(-3.12 %),0,0,0,0,8,49.92
03/06/2011,0,0,37.3(0.27 %),0,0,0,0,8,49.92
06/06/2011,0,0,36.4(-2.41 %),0,0,0,0,8,49.92
07/06/2011,-1180,-43777000,37(1.65 %),0,0,1180,43777000,1188,49.92
08/06/2011,0,0,37.2(0.54 %),0,0,0,0,1188,49.92
09/06/2011,-300,-10770000,37(-0.54 %),0,0,300,10770000,1488,49.92
10/06/2011,-400,-14400000,38(2.70 %),0,0,400,14400000,1888,49.92
13/06/2011,330,12630000,38.5(1.32 %),1180,44930000,850,32300000,1558,49.92
14/06/2011,0,0,39(1.30 %),0,0,0,0,1558,49.92
15/06/2011,300,11700000,37.1(-4.87 %),300,11700000,0,0,1258,49.92
16/06/2011,400,14840000,38(2.43 %),400,14840000,0,0,858,49.92
17/06/2011,0,0,38(0.00 %),0,0,0,0,858,49.92
20/06/2011,0,0,38.5(1.32 %),0,0,0,0,858,49.92
21/06/2011,20,780000,38.8(0.78 %),20,780000,0,0,838,49.92
22/06/2011,-610,-22871000,37.3(-3.87 %),0,0,610,22871000,1448,49.92
23/06/2011,-250,-8925000,38(1.88 %),0,0,250,8925000,1698,49.92
24/06/2011,0,0,38(0.00 %),0,0,0,0,1698,49.92
27/06/2011,0,0,36.2(-4.74 %),0,0,0,0,1698,49.92
28/06/2011,0,0,36.2(0.00 %),0,0,0,0,1698,49.92
29/06/2011,0,0,36(-0.55 %),0,0,0,0,1698,49.92
30/06/2011,-1850,-66450000,36(0.00 %),0,0,1850,66450000,3548,49.91
01/07/2011,-3490,-120729000,34.4(-4.44 %),0,0,3490,120729000,1698,49.92
04/07/2011,-2050,-68896000,34.8(1.16 %),0,0,2050,68896000,3748,49.91
05/07/2011,-1650,-58008000,36(3.45 %),230000,8395000000,231650,8453008000,5398,49.91
06/07/2011,0,0,36(0.00 %),20500,738000000,20500,738000000,5398,49.91
07/07/2011,4720,176141000,36(0.00 %),7030,257298000,2310,81157000,678,49.92
08/07/2011,1980,71205000,36.5(1.39 %),1980,71205000,0,0,0,49.93
11/07/2011,1240,44877000,36.4(-0.27 %),1240,44877000,0,0,1728,49.92
12/07/2011,480,17280000,36(-1.10 %),480,17280000,0,0,1248,49.92
13/07/2011,2300,82810000,36(0.00 %),2310,83160000,10,350000,0,49.93
14/07/2011,0,0,36(0.00 %),0,0,0,0,8,49.92
15/07/2011,0,0,36(0.00 %),0,0,0,0,8,49.92
18/07/2011,0,0,36(0.00 %),0,0,0,0,8,49.92
19/07/2011,10,355000,35.5(-1.39 %),10,355000,0,0,0,49.0
20/07/2011,0,0,35.5(0.00 %),0,0,0,0,8,49.92
21/07/2011,-700,-24150000,35.5(0.00 %),0,0,700,24150000,708,49.92
22/07/2011,0,0,35.3(-0.56 %),0,0,0,0,708,49.92
25/07/2011,-1770,-60193000,34(-3.68 %),0,0,1770,60193000,2478,49.92
26/07/2011,0,0,35(2.94 %),125000,4462500000,125000,4462500000,2478,49.92
27/07/2011,90,2995000,34(-2.86 %),60700,2225800000,60610,2222805000,2388,49.92
28/07/2011,0,0,35.4(4.12 %),0,0,0,0,2388,49.92
29/07/2011,650,22800000,34.9(-1.41 %),83010,3075954000,82360,3053154000,1738,49.92
01/08/2011,0,0,34(-2.58 %),0,0,0,0,618,49.92
02/08/2011,-480,-16008000,32.7(-3.82 %),610,20435000,1090,36443000,1098,49.92
03/08/2011,-10260,-320083000,31.1(-4.89 %),0,0,10260,320083000,11358,49.89
04/08/2011,0,-58000,31.9(2.57 %),1120,35280000,1120,35338000,11358,49.89
05/08/2011,-1030,-32906000,31.9(0.00 %),0,0,1030,32906000,12388,49.89
08/08/2011,-21010,-640508000,30.6(-4.08 %),1090,33749000,22100,674257000,33398,49.83
09/08/2011,-17720,-496752000,29.5(-3.59 %),10260,327294000,27980,824046000,51118,49.77
10/08/2011,-6710,-197805000,29.5(0.00 %),1000,29540000,7710,227345000,57828,49.75
11/08/2011,-5650,-158515000,28.3(-4.07 %),51150,1578925000,56800,1737440000,63478,49.74
12/08/2011,2060,68112000,28.6(1.06 %),219476,6470475000,217416,6402363000,61418,49.74
15/08/2011,7000,200200000,29(1.40 %),10000,286000000,3000,85800000,54418,49.76
16/08/2011,-3550,-102870000,29(0.00 %),5850,171405000,9400,274275000,57968,49.75
17/08/2011,1500,44050000,29.9(3.10 %),21500,652050000,20000,608000000,56468,49.76
18/08/2011,33910,1061383000,31.3(4.68 %),84870,2656431000,50960,1595048000,22558,49.86
19/08/2011,-4810,-151778000,31.3(0.00 %),1050,32865000,5860,184643000,27368,49.84
22/08/2011,-3000,-98202000,32.7(4.47 %),1000,32500000,4000,130702000,30368,49.83
23/08/2011,-5000,-168200000,33.8(3.36 %),90000,3006000000,95000,3174200000,35368,49.82
24/08/2011,6380,225852000,34(0.59 %),50000,1770000000,43620,1544148000,28988,49.84
25/08/2011,3670,129790000,35(2.94 %),49500,1764806000,45830,1635016000,25318,49.85
26/08/2011,-2000,-73000000,36.5(4.29 %),0,0,2000,73000000,27318,49.84
29/08/2011,-12190,-435120000,36.5(0.00 %),0,0,12190,435120000,39508,49.81
30/08/2011,-310,-11780000,36(-1.37 %),0,0,310,11780000,39818,49.81
31/08/2011,-3000,-108000000,36(0.00 %),0,0,3000,108000000,42818,49.8
01/09/2011,0,0,36.9(2.50 %),0,0,0,0,28438,49.84
05/09/2011,0,0,36.4(-1.36 %),0,0,0,0,28438,49.84
06/09/2011,-2000,-72800000,36.4(0.00 %),0,0,2000,72800000,30438,49.83
07/09/2011,2000,72800000,36.3(-0.27 %),2000,72800000,0,0,28438,49.84
08/09/2011,13360,465128000,35(-3.58 %),35780,1252300000,22420,787172000,15078,49.88
09/09/2011,20,720000,36(2.86 %),20,720000,0,0,15058,49.88
12/09/2011,0,0,36(0.00 %),0,0,0,0,15058,49.88
13/09/2011,0,0,36(0.00 %),0,0,0,0,15058,49.88
14/09/2011,0,0,35(-2.78 %),0,0,0,0,15058,49.88
15/09/2011,-740,-25287000,34(-2.86 %),0,0,740,25287000,15798,49.88
16/09/2011,1000,35420000,34.5(1.47 %),1000,35420000,0,0,14798,49.88
19/09/2011,14250,509985000,36(4.35 %),14250,509985000,0,0,548,49.92
20/09/2011,5510,195350000,35.1(-2.50 %),105510,3925350000,100000,3730000000,0,49.94
21/09/2011,2790,97929000,35.1(0.00 %),2790,97929000,0,0,10540,49.89
22/09/2011,4570,157508000,35.9(2.28 %),4570,157508000,0,0,5970,49.91
23/09/2011,2660,93366000,35.1(-2.23 %),2660,93366000,0,0,3310,49.91
26/09/2011,-3400,-115237000,35(-0.28 %),100000,3680000000,103400,3795237000,6710,49.9
27/09/2011,520,18200000,34.1(-2.57 %),520,18200000,0,0,6190,49.91
28/09/2011,-590,-20060000,35(2.64 %),0,0,590,20060000,6780,49.9
29/09/2011,0,0,34.7(-0.86 %),0,0,0,0,6780,49.9
30/09/2011,2380,82382000,34.9(0.58 %),203400,7397980000,201020,7315598000,4400,49.91
03/10/2011,0,0,34.9(0.00 %),0,0,0,0,4400,49.91
04/10/2011,-1180,-39622000,33.3(-4.58 %),590,19883000,1770,59505000,5580,49.91
05/10/2011,0,0,33.9(1.80 %),0,0,0,0,5580,49.91
06/10/2011,380,12780000,34(0.29 %),500,16800000,120,4020000,5200,49.91
07/10/2011,-1250,-42130000,32.5(-4.41 %),520,17565000,1770,59695000,6450,49.9
10/10/2011,-1440,-46512000,32.3(-0.62 %),760,24548000,2200,71060000,7890,49.9
11/10/2011,0,0,32.5(0.62 %),0,0,0,0,7890,49.9
12/10/2011,0,0,32.5(0.00 %),0,0,0,0,7890,49.9
13/10/2011,450,15210000,33.8(4.00 %),450,15210000,0,0,7440,49.9
14/10/2011,4650,161820000,34.5(2.07 %),4650,161820000,0,0,2790,49.92
17/10/2011,0,0,34.5(0.00 %),0,0,0,0,2790,49.92
18/10/2011,0,0,34.5(0.00 %),0,0,0,0,2790,49.92
19/10/2011,0,0,34.2(-0.87 %),0,0,0,0,2790,49.92
20/10/2011,0,0,34.4(0.58 %),0,0,0,0,2790,49.92
21/10/2011,0,0,34.5(0.29 %),0,0,0,0,2790,49.92
24/10/2011,0,0,34.5(0.00 %),0,0,0,0,2790,49.92
25/10/2011,0,0,34.5(0.00 %),0,0,0,0,2790,49.92
26/10/2011,0,0,34.5(0.00 %),0,0,0,0,2790,49.92
27/10/2011,0,0,35(1.45 %),0,0,0,0,2790,49.92
28/10/2011,-1460,-49640000,35(0.00 %),0,0,1460,49640000,4250,49.91
31/10/2011,0,0,36.3(3.71 %),0,0,0,0,4250,49.91
01/11/2011,0,0,35.7(-1.65 %),0,0,0,0,4250,49.91
02/11/2011,-13120,-460228000,35(-1.96 %),0,0,13120,460228000,17370,49.87
03/11/2011,1460,51830000,35.5(1.43 %),1460,51830000,0,0,15910,49.88
04/11/2011,0,0,35.5(0.00 %),0,0,0,0,15910,49.88
07/11/2011,0,0,35.5(0.00 %),0,0,0,0,15910,49.88
08/11/2011,13120,472320000,36(1.41 %),13120,472320000,0,0,2790,49.92
09/11/2011,0,0,35.5(-1.39 %),0,0,0,0,2790,49.92
10/11/2011,0,0,34.9(-1.69 %),0,0,0,0,2790,49.92
11/11/2011,-240,-8424000,36.2(3.72 %),0,0,240,8424000,3030,49.91
14/11/2011,-1000,-34400000,34.4(-4.97 %),0,0,1000,34400000,4030,49.91
15/11/2011,0,0,35(1.74 %),46000,1633000000,46000,1633000000,4030,49.91
16/11/2011,0,0,35(0.00 %),0,0,0,0,4030,49.91
17/11/2011,-1830,-61735000,33.5(-4.29 %),0,0,1830,61735000,5860,49.91
18/11/2011,1200,40200000,35(4.48 %),1200,40200000,0,0,4660,49.91
21/11/2011,57850,2107978000,36.7(4.86 %),75860,2739328000,18010,631350000,0,50.39
22/11/2011,29210,1121338000,38.5(4.90 %),29210,1121338000,0,0,29216,50.15
23/11/2011,0,0,37.3(-3.12 %),0,0,0,0,29216,50.15
24/11/2011,0,0,37(-0.80 %),0,0,0,0,29216,50.15
25/11/2011,10210,378970000,37(0.00 %),10210,378970000,0,0,19006,48.95
28/11/2011,7750,294621000,38(2.70 %),9630,365181000,1880,70560000,11256,48.97
29/11/2011,0,0,36.5(-3.95 %),0,0,0,0,11256,48.97
30/11/2011,0,0,36.2(4.93 %),0,0,0,0,11256,48.97
01/12/2011,0,0,36(-0.55 %),0,0,0,0,6,49.0
02/12/2011,1880,67680000,36(0.00 %),21880,797680000,20000,730000000,0,49.01
05/12/2011,0,0,36(0.00 %),0,0,0,0,6,49.0
06/12/2011,0,0,36(0.00 %),30000,1095000000,30000,1095000000,6,49.0
07/12/2011,-400,-13800000,35.5(-1.39 %),30000,1095000000,30400,1108800000,406,49.0
08/12/2011,-60,-2041000,36(1.41 %),0,0,60,2041000,466,49.0
09/12/2011,0,0,35.9(-0.28 %),0,0,0,0,466,49.0
12/12/2011,0,0,35(-2.51 %),0,0,0,0,466,49.0
13/12/2011,-350,-10380000,36(2.86 %),262000,9170600000,262350,9180980000,816,49.0
14/12/2011,-590,-20237000,34.3(-4.72 %),0,0,590,20237000,1406,49.0
15/12/2011,-120,-3936000,35.9(4.66 %),0,0,120,3936000,1526,49.0
16/12/2011,-590,-20945000,35.9(0.00 %),0,0,590,20945000,2116,48.99
19/12/2011,440,15400000,35(-2.51 %),810,28350000,370,12950000,1676,49.0
20/12/2011,-600,-22190000,35.4(1.14 %),500,16750000,1100,38940000,2276,48.99
21/12/2011,210,7350000,35(-1.13 %),210,7350000,0,0,2066,48.99
22/12/2011,200,6800000,35.2(0.57 %),200,6800000,0,0,1866,48.99
23/12/2011,760,26752000,35(-0.57 %),760,26752000,0,0,1106,49.0
26/12/2011,1100,39490000,35.9(2.57 %),1100,39490000,0,0,6,49.0
27/12/2011,0,0,35.9(0.00 %),0,0,0,0,6,49.0
28/12/2011,0,0,35(-2.51 %),0,0,0,0,6,49.0
29/12/2011,0,0,35.7(2.00 %),0,0,0,0,6,49.0
30/12/2011,-990,-34650000,35(-1.96 %),0,0,990,34650000,996,49.0
03/01/2012,0,0,34.9(-0.29 %),0,0,0,0,6,49.0
04/01/2012,0,0,34.6(-0.86 %),0,0,0,0,6,49.0
05/01/2012,-590,-19692000,33(-4.62 %),0,0,590,19692000,596,49.0
06/01/2012,990,32755000,33(0.00 %),990,32755000,0,0,0,49.0
09/01/2012,0,0,33.9(2.73 %),0,0,0,0,1018,49.0
10/01/2012,-460,-15180000,33.5(-1.18 %),0,0,460,15180000,466,49.0
11/01/2012,0,0,33.4(-0.30 %),0,0,0,0,466,49.0
12/01/2012,0,0,31.8(-4.79 %),0,0,0,0,466,49.0
13/01/2012,530,17596000,33.2(4.40 %),530,17596000,0,0,0,49.0
16/01/2012,-730,-24455000,33.5(0.90 %),0,0,730,24455000,528,49.0
17/01/2012,0,0,33.5(0.00 %),0,0,0,0,528,49.0
18/01/2012,0,0,33.5(0.00 %),0,0,0,0,528,49.0
19/01/2012,0,0,32(-4.48 %),0,0,0,0,528,49.0
20/01/2012,-6690,-206782000,30.5(-4.69 %),200,6640000,6890,213422000,7218,48.98
30/01/2012,0,0,32(4.92 %),0,0,0,0,7218,48.98
31/01/2012,0,0,33.6(5.00 %),0,0,0,0,7218,48.98
01/02/2012,350,11760000,33.6(0.00 %),350,11760000,0,0,708,49.0
02/02/2012,7590,267168000,35(4.17 %),27590,971168000,20000,704000000,0,49.02
03/02/2012,0,0,34.1(-2.57 %),261600,9156000000,261600,9156000000,8,49.0
06/02/2012,-4190,-136594000,32.6(-4.40 %),0,0,4190,136594000,4198,48.99
07/02/2012,0,0,32.3(-0.92 %),0,0,0,0,4198,48.99
08/02/2012,-100,-3260000,32.7(1.24 %),0,0,100,3260000,4298,48.99
09/02/2012,-590,-19057000,34(3.98 %),0,0,590,19057000,4888,48.99
10/02/2012,4100,133250000,34(0.00 %),4100,133250000,0,0,788,49.0
13/02/2012,0,0,33(-2.94 %),0,0,0,0,788,49.0
14/02/2012,-1140,-37271000,32.8(-0.61 %),30,988000,1170,38259000,1928,48.99
15/02/2012,100,3300000,32.7(-0.30 %),100,3300000,0,0,1828,48.99
16/02/2012,-490,-16023000,32.5(-0.61 %),100,3270000,590,19293000,2318,48.99
17/02/2012,0,0,33(1.54 %),0,0,0,0,2318,48.99
20/02/2012,1720,56244000,33.3(0.91 %),1720,56244000,0,0,598,49.0
21/02/2012,-5030,-167660000,32.5(-2.40 %),0,0,5030,167660000,5628,48.98
22/02/2012,590,19411000,33(1.54 %),590,19411000,0,0,5038,48.99
23/02/2012,0,0,33.9(2.73 %),0,0,0,0,5038,48.99
24/02/2012,-590,-19824000,35(3.24 %),0,0,590,19824000,5628,48.98
27/02/2012,3950,138950000,35.3(0.86 %),3950,138950000,0,0,1678,49.0
28/02/2012,0,0,35(-0.85 %),0,0,0,0,1678,49.0
29/02/2012,-4760,-162125000,33.9(-3.14 %),1000,35000000,5760,197125000,6438,48.98
01/03/2012,0,0,34.8(2.65 %),0,0,0,0,678,49.0
02/03/2012,-650,-22230000,35(0.57 %),0,0,650,22230000,1328,49.0
05/03/2012,670,23978000,36.7(4.86 %),670,23978000,0,0,658,49.0
06/03/2012,5760,221184000,38.5(4.90 %),5760,221184000,0,0,0,49.01
07/03/2012,0,0,40.4(4.94 %),0,0,0,0,8,49.0
08/03/2012,650,26925000,40.9(1.24 %),650,26925000,0,0,0,49.0
09/03/2012,0,0,41.5(1.47 %),0,0,0,0,8,49.0
12/03/2012,-150,-6300000,42(1.20 %),0,0,150,6300000,158,49.0
13/03/2012,-2210,-97461000,44.1(5.00 %),0,0,2210,97461000,2368,48.99
14/03/2012,0,0,43(-2.49 %),0,0,0,0,2368,48.99
15/03/2012,-7490,-330185000,44(2.33 %),0,0,7490,330185000,9858,48.97
16/03/2012,-2710,-120495000,44.4(0.91 %),90,4005000,2800,124500000,12568,48.96
19/03/2012,2200,97140000,43.5(-2.03 %),2200,97140000,0,0,10368,48.97
20/03/2012,0,0,41.4(-4.83 %),0,0,0,0,10368,48.97
21/03/2012,7220,313068000,43.4(4.83 %),7560,327348000,340,14280000,3148,48.99
22/03/2012,2210,95299000,43.2(-0.46 %),2800,120905000,590,25606000,938,49.0
23/03/2012,0,0,43(-0.46 %),0,0,0,0,938,49.0
26/03/2012,0,0,44(2.33 %),0,0,0,0,938,49.0
27/03/2012,-250,-10410000,43.7(-0.68 %),340,14960000,590,25370000,1188,49.0
28/03/2012,0,0,43.5(-0.46 %),0,0,0,0,1188,49.0
29/03/2012,0,0,42.5(-2.30 %),0,0,0,0,1188,49.0
30/03/2012,-930,-40176000,43.2(1.65 %),0,0,930,40176000,2118,48.99
03/04/2012,300,12960000,43.3(0.23 %),300,12960000,0,0,888,49.0
04/04/2012,500,21250000,43.9(1.39 %),500,21250000,0,0,388,49.0
05/04/2012,300,12900000,43.9(0.00 %),300,12900000,0,0,88,49.0
06/04/2012,0,0,43.9(0.00 %),0,0,0,0,88,49.0
09/04/2012,0,0,43.7(-0.46 %),0,0,0,0,88,49.0
10/04/2012,200,8700000,43.9(0.46 %),200,8700000,0,0,0,49.0
11/04/2012,0,0,43.9(0.00 %),20000,920000000,20000,920000000,818,49.0
12/04/2012,810,35559000,43.9(0.00 %),810,35559000,0,0,8,49.0
13/04/2012,0,0,44(0.23 %),0,0,0,0,8,49.0
16/04/2012,0,0,43.8(-0.45 %),0,0,0,0,8,49.0
17/04/2012,0,0,43.3(-1.14 %),0,0,0,0,8,49.0
18/04/2012,0,0,43.5(0.46 %),0,0,0,0,8,49.0
19/04/2012,0,0,43.3(-0.46 %),0,0,0,0,8,49.0
20/04/2012,0,0,42.5(-1.85 %),0,0,0,0,8,49.0
23/04/2012,0,0,42.5(0.00 %),0,0,0,0,8,49.0
24/04/2012,-2120,-90100000,42.5(0.00 %),0,0,2120,90100000,2128,48.99
25/04/2012,0,0,42.6(0.24 %),0,0,0,0,2128,48.99
26/04/2012,-5100,-224910000,44.7(4.93 %),0,0,5100,224910000,7228,48.98
27/04/2012,0,0,46.4(3.80 %),0,0,0,0,7228,48.98
02/05/2012,2120,98368000,48.1(3.66 %),2120,98368000,0,0,8,49.0
03/05/2012,-6330,-302118000,48.4(0.62 %),0,0,6330,302118000,6338,48.98
04/05/2012,5100,249900000,50.5(4.34 %),5100,249900000,0,0,1238,49.0
07/05/2012,0,0,51(0.99 %),0,0,0,0,1238,49.0
08/05/2012,0,0,53(3.92 %),0,0,0,0,1238,49.0
09/05/2012,6330,335490000,52(-1.89 %),27140,1490445000,20810,1154955000,0,49.01
10/05/2012,0,0,50.5(-2.88 %),0,0,0,0,8,49.0
11/05/2012,-200,-9660000,48.9(-3.17 %),0,0,200,9660000,208,49.0
14/05/2012,0,0,47.1(-3.68 %),0,0,0,0,208,49.0
15/05/2012,0,0,44.8(-4.88 %),0,0,0,0,208,49.0
16/05/2012,0,0,46.7(4.24 %),0,0,0,0,208,49.0
17/05/2012,0,0,44.4(-4.93 %),0,0,0,0,208,49.0
18/05/2012,190,8040000,42.2(-4.95 %),200,8480000,10,440000,18,49.0
21/05/2012,-2040,-85628000,44.2(4.74 %),0,0,2040,85628000,2058,48.99
22/05/2012,0,0,45(1.81 %),0,0,0,0,2058,48.99
23/05/2012,0,0,44.5(-1.11 %),0,0,0,0,2058,48.99
24/05/2012,0,0,42.3(-4.94 %),0,0,0,0,2058,48.99
25/05/2012,2050,87125000,43(1.65 %),2050,87125000,0,0,8,49.0
28/05/2012,0,0,40.9(-4.88 %),0,0,0,0,8,49.0
29/05/2012,0,0,41.8(2.20 %),0,0,0,0,8,49.0
30/05/2012,0,0,41.7(-0.24 %),0,0,0,0,8,49.0
31/05/2012,-730,-29273000,40.3(-3.36 %),0,0,730,29273000,738,49.0
01/06/2012,0,0,40.3(0.00 %),0,0,0,0,8,49.0
04/06/2012,0,0,39.5(-1.99 %),0,0,0,0,8,49.0
05/06/2012,-480,-19200000,41.2(4.30 %),0,0,480,19200000,488,49.0
06/06/2012,-1460,-59200000,41.9(1.70 %),730,30660000,2190,89860000,1948,48.99
07/06/2012,-1000,-41900000,42(0.24 %),0,0,1000,41900000,2948,48.99
08/06/2012,0,0,42(0.00 %),0,0,0,0,2948,48.99
11/06/2012,0,0,41.6(-0.95 %),0,0,0,0,2948,48.99
12/06/2012,0,0,41.6(0.00 %),0,0,0,0,2948,48.99
13/06/2012,0,0,41.5(-0.24 %),0,0,0,0,2948,48.99
14/06/2012,3670,153309000,42.3(1.93 %),3670,153309000,0,0,0,49.0
15/06/2012,0,0,43(1.65 %),0,0,0,0,8,49.0
18/06/2012,0,0,43.1(0.23 %),0,0,0,0,8,49.0
19/06/2012,0,0,42.9(-0.46 %),0,0,0,0,8,49.0
20/06/2012,0,0,42.1(-1.86 %),0,0,0,0,8,49.0
21/06/2012,-3000,-127650000,42.5(0.95 %),0,0,3000,127650000,3008,48.99
22/06/2012,0,0,43.1(1.41 %),0,0,0,0,3008,48.99
25/06/2012,0,0,42.3(-1.86 %),0,0,0,0,3008,48.99
26/06/2012,0,0,42.2(-0.24 %),0,0,0,0,3008,48.99
27/06/2012,3000,129000000,42.8(1.42 %),3000,129000000,0,0,8,49.0
28/06/2012,0,0,42.5(-0.70 %),0,0,0,0,8,49.0
29/06/2012,-920,-37904000,41.2(-3.06 %),0,0,920,37904000,928,49.0
02/07/2012,0,0,40.8(-0.97 %),0,0,0,0,8,49.0
03/07/2012,-220,-8990000,42.1(3.19 %),0,0,220,8990000,228,49.0
04/07/2012,0,0,42(-0.24 %),0,0,0,0,228,49.0
05/07/2012,0,0,42(0.00 %),0,0,0,0,228,49.0
06/07/2012,0,0,41.9(-0.24 %),0,0,0,0,228,49.0
09/07/2012,-9640,-387245000,41.9(0.00 %),1140,46170000,10780,433415000,9868,48.97
10/07/2012,-5820,-238009000,41.9(0.00 %),0,0,5820,238009000,15688,48.96
11/07/2012,0,0,41.7(-0.48 %),0,0,0,0,15688,48.96
12/07/2012,0,0,41.9(0.48 %),0,0,0,0,15688,48.96
13/07/2012,10780,458150000,42(0.24 %),10780,458150000,0,0,4908,48.99
16/07/2012,5820,253170000,42(0.00 %),5820,253170000,0,0,0,49.0
17/07/2012,0,0,43.5(3.57 %),20810,874020000,20810,874020000,8,49.0
18/07/2012,-1170,-49314000,43(-1.15 %),0,0,1170,49314000,1178,49.0
19/07/2012,0,0,45(4.65 %),0,0,0,0,1178,49.0
20/07/2012,0,0,46.4(3.11 %),0,0,0,0,1178,49.0
23/07/2012,0,0,46.5(0.22 %),0,0,0,0,1178,49.0
24/07/2012,0,0,45.4(-2.37 %),20810,1015528000,20810,1015528000,1178,49.0
25/07/2012,1170,53586000,44.7(-1.54 %),1170,53586000,0,0,8,49.0
26/07/2012,-50,-2235000,44.7(0.00 %),0,0,50,2235000,58,49.0
27/07/2012,0,0,44(-1.57 %),0,0,0,0,58,49.0
30/07/2012,0,0,44.2(0.45 %),0,0,0,0,58,49.0
31/07/2012,0,0,44.3(0.23 %),0,0,0,0,58,49.0
01/08/2012,-490,-21560000,44.4(0.23 %),20000,930000000,20490,951560000,58,49.0
02/08/2012,50,2250000,44.7(0.68 %),50,2250000,0,0,8,49.0
03/08/2012,-140,-6566000,46.9(4.92 %),0,0,140,6566000,148,49.0
06/08/2012,0,0,48.6(3.62 %),0,0,0,0,148,49.0
07/08/2012,0,0,49.5(1.85 %),0,0,0,0,148,49.0
08/08/2012,-580,-28250000,47.5(-4.04 %),0,0,580,28250000,728,49.0
09/08/2012,0,0,47.3(-0.42 %),0,0,0,0,728,49.0
10/08/2012,0,0,47.5(0.42 %),0,0,0,0,728,49.0
13/08/2012,0,0,47(-1.05 %),0,0,0,0,728,49.0
14/08/2012,-3480,-164720000,47.9(1.91 %),1210,56870000,4690,221590000,4208,48.99
15/08/2012,0,0,47.9(0.00 %),0,0,0,0,4208,48.99
16/08/2012,-3000,-147950000,49.6(3.55 %),0,0,3000,147950000,7208,48.98
17/08/2012,-1160,-57768000,49.7(0.20 %),0,0,1160,57768000,8368,48.98
20/08/2012,4690,234031000,49(-1.41 %),4690,234031000,0,0,3678,48.99
21/08/2012,0,0,46.6(-4.90 %),0,0,0,0,3678,48.99
22/08/2012,3000,135000000,46.5(-0.21 %),3000,135000000,0,0,678,49.0
23/08/2012,1160,52200000,44.2(-4.95 %),1160,52200000,0,0,0,49.0
24/08/2012,0,0,46.2(4.52 %),0,0,0,0,12,49.0
27/08/2012,0,0,43.9(-4.98 %),0,0,0,0,12,49.0
28/08/2012,0,0,43.8(-0.23 %),0,0,0,0,12,49.0
29/08/2012,0,0,45.3(3.42 %),0,0,0,0,12,49.0
30/08/2012,0,0,44.4(-1.99 %),0,0,0,0,12,49.0
31/08/2012,0,0,44.5(0.23 %),30000,1398000000,30000,1398000000,12,49.0
04/09/2012,0,0,45.7(2.70 %),0,0,0,0,12,49.0
05/09/2012,0,0,47(2.84 %),0,0,0,0,12,49.0
06/09/2012,0,0,48.1(2.34 %),0,0,0,0,12,49.0
07/09/2012,0,0,47.1(-2.08 %),0,0,0,0,12,49.0
10/09/2012,-350,-16185000,45(-4.46 %),0,0,350,16185000,362,49.0
11/09/2012,0,0,44.5(-1.11 %),0,0,0,0,362,49.0
12/09/2012,-370,-15540000,41(-1.20 %),0,0,370,15540000,732,49.0
13/09/2012,-300,-12200000,41.2(0.49 %),0,0,300,12200000,1032,49.0
14/09/2012,360,14868000,42.1(2.18 %),360,14868000,0,0,672,49.0
17/09/2012,-490,-20580000,40.4(-4.04 %),0,0,490,20580000,1162,49.0
18/09/2012,370,14874000,38.4(-4.95 %),370,14874000,0,0,792,49.0
19/09/2012,-1710,-62828000,37(-3.65 %),300,11190000,2010,74018000,2502,48.99
20/09/2012,0,0,37.1(0.27 %),0,0,0,0,2502,48.99
21/09/2012,490,18254000,37.4(0.81 %),490,18254000,0,0,2012,48.99
24/09/2012,0,0,37.2(-0.53 %),0,0,0,0,2012,48.99
25/09/2012,2010,75174000,37.5(0.81 %),2010,75174000,0,0,2,49.0
26/09/2012,0,0,37.4(-0.27 %),0,0,0,0,2,49.0
27/09/2012,0,0,37.4(0.00 %),0,0,0,0,2,49.0
28/09/2012,-890,-33197000,37.5(0.27 %),0,0,890,33197000,892,49.0
01/10/2012,0,0,37.4(-0.27 %),0,0,0,0,2,49.0
02/10/2012,0,0,38.4(2.67 %),0,0,0,0,2,49.0
03/10/2012,0,0,38.5(0.26 %),0,0,0,0,2,49.0
04/10/2012,890,34354000,38.2(-0.78 %),890,34354000,0,0,0,49.0
05/10/2012,0,0,38.1(-0.26 %),0,0,0,0,2,49.0
08/10/2012,0,0,38.7(1.57 %),0,0,0,0,2,49.0
09/10/2012,0,0,38.6(-0.26 %),0,0,0,0,2,49.0
10/10/2012,0,0,38.4(-0.52 %),20000,810000000,20000,810000000,2,49.0
11/10/2012,0,0,38.4(0.00 %),0,0,0,0,2,49.0
12/10/2012,0,0,38.2(-0.52 %),0,0,0,0,2,49.0
15/10/2012,0,0,38.4(0.52 %),0,0,0,0,2,49.0
16/10/2012,0,0,39.3(2.34 %),0,0,0,0,2,49.0
17/10/2012,0,0,39.2(-0.25 %),0,0,0,0,2,49.0
18/10/2012,0,0,38(-3.06 %),0,0,0,0,2,49.0
19/10/2012,0,0,38.3(0.79 %),0,0,0,0,2,49.0
22/10/2012,0,0,38.7(1.04 %),0,0,0,0,2,49.0
23/10/2012,-100,-3880000,39.2(1.29 %),0,0,100,3880000,102,49.0
24/10/2012,-10,-405000,40(2.04 %),0,0,10,405000,112,49.0
25/10/2012,0,0,39.3(-1.75 %),0,0,0,0,112,49.0
26/10/2012,-10040,-397180000,39.4(0.25 %),0,0,10040,397180000,10152,20.93
29/10/2012,0,0,39.3(-0.25 %),0,0,0,0,10152,48.97
30/10/2012,0,0,39.1(-0.51 %),0,0,0,0,10152,48.97
31/10/2012,-590,-22892000,39(-0.26 %),0,0,590,22892000,10742,48.97
01/11/2012,10150,401940000,39.2(0.51 %),10150,401940000,0,0,2,49.0
02/11/2012,-730,-28032000,38.3(-2.30 %),0,0,730,28032000,732,49.0
05/11/2012,-730,-28032000,38.3(0.00 %),0,0,730,28032000,1462,49.0
06/11/2012,-3510,-134671000,38.7(1.04 %),590,22833000,4100,157504000,4972,48.99
07/11/2012,0,0,38.8(0.26 %),0,0,0,0,4972,48.99
08/11/2012,730,28470000,38.7(-0.26 %),730,28470000,0,0,4242,48.99
09/11/2012,-1650,-63617000,38.9(0.52 %),730,28251000,2380,91868000,5892,48.98
12/11/2012,4100,161540000,38.9(0.00 %),4100,161540000,0,0,1792,48.99
13/11/2012,0,0,39.2(0.77 %),0,0,0,0,1792,48.99
14/11/2012,0,0,40.9(4.34 %),0,0,0,0,1792,48.99
15/11/2012,2380,97580000,41.2(0.73 %),2380,97580000,0,0,0,49.0
16/11/2012,-5660,-227532000,40.9(-0.73 %),0,0,5660,227532000,2,49.0
19/11/2012,0,0,39.8(-2.69 %),0,0,0,0,2,49.0
20/11/2012,0,0,39.4(-1.01 %),0,0,0,0,2,49.0
21/11/2012,0,0,40(1.52 %),0,0,0,0,2,49.0
22/11/2012,5660,230928000,41(2.50 %),5660,230928000,0,0,0,49.02
23/11/2012,0,0,41(0.00 %),0,0,0,0,2,49.0
26/11/2012,0,0,40.8(-0.49 %),0,0,0,0,2,49.0
27/11/2012,0,0,40.4(-0.98 %),0,0,0,0,2,49.0
28/11/2012,0,0,40.5(0.25 %),285322,10956365000,285322,10956365000,2,49.0
29/11/2012,0,0,41(1.23 %),0,0,0,0,2,49.0
30/11/2012,0,0,41(0.00 %),0,0,0,0,2,49.0
03/12/2012,0,0,40.5(-1.22 %),0,0,0,0,2,49.0
04/12/2012,0,0,40.6(0.25 %),0,0,0,0,2,49.0
05/12/2012,0,0,40.7(0.25 %),0,0,0,0,2,49.0
06/12/2012,0,0,40.9(0.49 %),0,0,0,0,2,49.0
07/12/2012,0,0,40.9(0.00 %),0,0,0,0,2,49.0
10/12/2012,0,0,40.9(0.00 %),0,0,0,0,2,49.0
11/12/2012,0,0,40.9(0.00 %),0,0,0,0,2,49.0
12/12/2012,0,0,42.9(4.89 %),0,0,0,0,2,49.0
13/12/2012,0,0,43.9(2.33 %),0,0,0,0,2,49.0
14/12/2012,0,0,42.1(-4.10 %),249332,10945675000,249332,10945675000,2,49.0
17/12/2012,0,0,42.9(1.90 %),0,0,0,0,2,49.0
18/12/2012,0,0,42.5(-0.93 %),0,0,0,0,2,49.0
19/12/2012,0,0,42.8(0.71 %),0,0,0,0,2,49.0
20/12/2012,-580,-24534000,42.4(-0.93 %),0,0,580,24534000,582,49.0
21/12/2012,-1540,-64218000,41.7(-1.65 %),0,0,1540,64218000,2122,48.99
24/12/2012,-150,-6285000,42.8(2.64 %),0,0,150,6285000,2272,48.99
25/12/2012,0,0,42.8(0.00 %),0,0,0,0,2272,48.99
26/12/2012,580,24940000,42.5(-0.70 %),580,24940000,0,0,1692,49.0
27/12/2012,1540,66220000,43.1(1.41 %),1540,66220000,0,0,152,49.0
28/12/2012,150,6570000,44.5(3.25 %),150,6570000,0,0,2,49.0
02/01/2013,-610,-26535000,44(-1.12 %),0,0,610,26535000,2,49.0
03/01/2013,-10,-449000,44.9(2.05 %),0,0,10,449000,12,49.0
04/01/2013,-220,-9900000,45(0.22 %),0,0,220,9900000,232,49.0
07/01/2013,0,0,45.4(0.89 %),0,0,0,0,232,49.0
08/01/2013,510,22995000,47.6(4.85 %),30610,1455755000,30100,1432760000,0,49.0
09/01/2013,-200,-9700000,48.5(1.89 %),0,0,200,9700000,12,49.0
10/01/2013,230,11408000,49.1(1.24 %),230,11408000,0,0,0,49.0
11/01/2013,-1000,-49500000,48.4(-1.43 %),0,0,1000,49500000,2,49.0
14/01/2013,0,0,48(-0.83 %),0,0,0,0,2,49.0
15/01/2013,20,968000,47.7(-0.62 %),300,14520000,280,13552000,0,49.0
16/01/2013,0,0,47.5(-0.42 %),0,0,0,0,2,49.0
17/01/2013,-3650,-171545000,47(-1.05 %),1000,48400000,4650,219945000,3652,48.99
18/01/2013,-300,-14550000,48(2.13 %),0,0,300,14550000,3952,48.99
21/01/2013,-110,-4970000,48.7(1.46 %),280,14140000,390,19110000,4062,48.99
22/01/2013,-2000,-96000000,48.9(0.41 %),0,0,2000,96000000,6062,48.98
23/01/2013,4450,219880000,49(0.20 %),4650,229710000,200,9830000,1612,49.0
24/01/2013,-500,-24740000,49.9(1.84 %),300,14700000,800,39440000,2112,48.99
25/01/2013,390,19500000,52.5(5.21 %),69190,3665900000,68800,3646400000,1722,49.0
28/01/2013,2000,109000000,54(2.86 %),2000,109000000,0,0,0,49.0
29/01/2013,0,0,51.5(-4.63 %),0,0,0,0,202,49.0
30/01/2013,1000,51500000,53.5(3.88 %),1000,51500000,0,0,0,49.0
31/01/2013,-40,-2060000,52(-2.80 %),0,0,40,2060000,2,49.0
01/02/2013,0,0,51(-1.92 %),0,0,0,0,2,49.0
04/02/2013,0,0,52(1.96 %),0,0,0,0,2,49.0
05/02/2013,0,0,53(1.92 %),0,0,0,0,2,49.0
06/02/2013,-620,-32470000,54(1.89 %),40,2180000,660,34650000,622,49.0
07/02/2013,0,0,54(0.00 %),0,0,0,0,622,49.0
08/02/2013,0,0,55(1.85 %),0,0,0,0,622,49.0
18/02/2013,0,0,56(1.82 %),0,0,0,0,622,49.0
19/02/2013,660,37290000,55.5(-0.89 %),660,37290000,0,0,0,49.0
20/02/2013,0,0,55(-0.90 %),0,0,0,0,2,49.0
21/02/2013,-1450,-79750000,53(-3.64 %),0,0,1450,79750000,1452,49.0
22/02/2013,0,0,54(1.89 %),0,0,0,0,1452,49.0
25/02/2013,0,0,54.5(0.93 %),0,0,0,0,1452,49.0
26/02/2013,0,0,51.5(-5.50 %),0,0,0,0,1452,49.0
27/02/2013,1450,75400000,53(2.91 %),1450,75400000,0,0,2,49.0
28/02/2013,0,0,54(1.89 %),0,0,0,0,2,49.0
01/03/2013,0,0,54(0.00 %),0,0,0,0,2,49.0
04/03/2013,0,0,51.5(-4.63 %),0,0,0,0,2,49.0
05/03/2013,0,0,51(-0.97 %),0,0,0,0,2,49.0
06/03/2013,-580,-29580000,51(0.00 %),0,0,580,29580000,582,49.0
07/03/2013,-1290,-66220000,52(1.96 %),0,0,1290,66220000,1872,48.99
08/03/2013,-580,-29580000,52(0.00 %),0,0,580,29580000,2452,48.99
11/03/2013,-740,-38480000,54(3.85 %),0,0,740,38480000,3192,48.99
12/03/2013,580,31320000,53(-1.85 %),580,31320000,0,0,2612,48.99
13/03/2013,-3010,-165550000,55(3.77 %),1290,70950000,4300,236500000,5622,48.98
14/03/2013,-20,-1110000,58.5(6.36 %),580,32190000,600,33300000,5642,48.98
15/03/2013,740,46250000,62(5.98 %),740,46250000,0,0,4902,48.99
18/03/2013,-2580,-159960000,61.5(-0.81 %),0,0,2580,159960000,7482,48.98
19/03/2013,4300,264450000,61.5(0.00 %),4300,264450000,0,0,3182,48.99
20/03/2013,600,36600000,61(-0.81 %),600,36600000,0,0,2582,48.99
21/03/2013,0,0,63(3.28 %),0,0,0,0,2582,48.99
22/03/2013,2580,162540000,62(-1.59 %),2580,162540000,0,0,2,49.0
25/03/2013,-660,-40920000,62(0.00 %),0,0,660,40920000,662,49.0
26/03/2013,0,0,66(6.45 %),0,0,0,0,662,49.0
27/03/2013,-5250,-345500000,65.5(-0.76 %),0,0,5250,345500000,5912,48.98
28/03/2013,-480,-31440000,65.5(0.00 %),0,0,480,31440000,6392,48.98
29/03/2013,-200,-12670000,65(-0.76 %),660,43230000,860,55900000,6592,48.98
01/04/2013,0,0,69.5(6.92 %),20000,1360460000,20000,1360460000,2,49.0
02/04/2013,5250,367500000,67.5(-2.88 %),5250,367500000,0,0,0,49.01
03/04/2013,480,32640000,68(0.74 %),480,32640000,0,0,2,49.0
04/04/2013,860,58910000,65.5(-3.68 %),860,58910000,0,0,0,49.0
05/04/2013,0,0,66.5(1.53 %),0,0,0,0,2,49.0
08/04/2013,0,0,67(0.75 %),0,0,0,0,2,49.0
09/04/2013,-40,-2680000,67.5(0.75 %),0,0,40,2680000,42,49.0
10/04/2013,-9290,-659590000,68(0.74 %),0,0,9290,659590000,9332,48.97
11/04/2013,0,0,68(0.00 %),0,0,0,0,9332,48.97
12/04/2013,0,0,69(1.47 %),0,0,0,0,9332,48.97
15/04/2013,40,2780000,67(-2.90 %),40,2780000,0,0,9292,48.97
16/04/2013,9290,617785000,66(-1.49 %),9290,617785000,0,0,2,49.0
17/04/2013,0,0,65(-1.52 %),0,0,0,0,2,49.0
18/04/2013,-3120,-201680000,67(3.08 %),0,0,3120,201680000,3122,48.99
22/04/2013,-4000,-268000000,66(-1.49 %),0,0,4000,268000000,7122,48.98
23/04/2013,0,0,66(0.00 %),0,0,0,0,7122,48.98
24/04/2013,0,0,67(1.52 %),0,0,0,0,7122,48.98
25/04/2013,2620,179470000,67(0.00 %),3120,213720000,500,34250000,4502,48.99
26/04/2013,4000,270000000,66(-1.49 %),4000,270000000,0,0,502,49.0
02/05/2013,0,0,65(-1.52 %),0,0,0,0,2,49.0
03/05/2013,-720,-45720000,65(0.00 %),0,0,720,45720000,722,49.0
06/05/2013,-220,-14300000,65.5(0.77 %),500,32500000,720,46800000,942,49.0
07/05/2013,0,0,66(0.76 %),0,0,0,0,942,49.0
08/05/2013,0,0,66.5(0.76 %),0,0,0,0,942,49.0
09/05/2013,720,47880000,66.5(0.00 %),720,47880000,0,0,222,49.0
10/05/2013,720,48240000,66(-0.75 %),720,48240000,0,0,0,49.0
13/05/2013,0,0,65.5(-0.76 %),0,0,0,0,2,49.0
14/05/2013,-300,-19650000,64.5(-1.53 %),0,0,300,19650000,302,49.0
15/05/2013,0,0,65(0.78 %),0,0,0,0,302,49.0
16/05/2013,0,0,65(0.00 %),0,0,0,0,302,49.0
17/05/2013,0,0,64(-1.54 %),0,0,0,0,302,49.0
20/05/2013,30,2070000,64.5(0.78 %),300,19350000,270,17280000,272,49.0
21/05/2013,0,0,67(3.88 %),0,0,0,0,272,49.0
22/05/2013,0,0,67.5(0.75 %),0,0,0,0,272,49.0
23/05/2013,0,0,68(0.74 %),0,0,0,0,272,49.0
24/05/2013,270,18360000,70(2.94 %),270,18360000,0,0,2,49.0
27/05/2013,0,0,71.5(2.14 %),0,0,0,0,2,49.0
28/05/2013,0,0,72(0.70 %),26070,1994355000,26070,1994355000,2,49.0
29/05/2013,-7080,-508720000,71.5(-0.69 %),0,0,7080,508720000,7082,48.98
30/05/2013,0,0,72(0.70 %),0,0,0,0,7082,48.98
31/05/2013,-600,-43200000,71.5(-0.69 %),0,0,600,43200000,7682,48.98
03/06/2013,0,0,72(0.70 %),0,0,0,0,6,49.0
04/06/2013,4340,316820000,73(1.39 %),7080,516840000,2740,200020000,0,49.01
05/06/2013,0,0,73(0.00 %),0,0,0,0,6,49.0
06/06/2013,-660,-48510000,76(4.11 %),600,44100000,1260,92610000,666,49.0
07/06/2013,0,0,77(1.32 %),0,0,0,0,666,49.0
10/06/2013,2740,220570000,81(5.19 %),2740,220570000,0,0,0,49.01
11/06/2013,-710,-59210000,83.5(3.09 %),0,0,710,59210000,8,49.0
12/06/2013,1260,105840000,89(6.59 %),1260,105840000,0,0,0,49.0
13/06/2013,0,0,91.5(2.81 %),0,0,0,0,8,49.0
14/06/2013,0,0,89.5(-2.19 %),0,0,0,0,8,49.0
17/06/2013,-970,-80515000,84(-6.15 %),610,51735000,1580,132250000,978,49.0
18/06/2013,0,0,84(0.00 %),0,0,0,0,978,49.0
19/06/2013,0,0,67(6.35 %),41264,2764688000,41264,2764688000,978,49.0
20/06/2013,0,0,65(-2.99 %),0,0,0,0,978,49.0
21/06/2013,1680,110040000,63(-3.08 %),1680,110040000,0,0,0,49.0
24/06/2013,-13970,-883215000,63(0.00 %),0,0,13970,883215000,8,49.0
25/06/2013,-21530,-1278790000,60(-4.76 %),0,0,21530,1278790000,21538,48.94
26/06/2013,-2260,-135600000,60(0.00 %),0,0,2260,135600000,23798,48.93
27/06/2013,0,0,61.5(2.50 %),0,0,0,0,23798,48.93
28/06/2013,13970,873125000,63.5(3.25 %),13970,873125000,0,0,9828,48.97
01/07/2013,21530,1388685000,64(0.79 %),21530,1388685000,0,0,8,49.0
02/07/2013,1150,73045000,65.5(2.34 %),2260,144640000,1110,71595000,0,49.0
03/07/2013,0,0,65.5(0.00 %),0,0,0,0,8,49.0
04/07/2013,0,0,66(0.76 %),0,0,0,0,8,49.0
05/07/2013,0,0,65.5(-0.76 %),0,0,0,0,8,49.0
08/07/2013,1110,72705000,65(-0.76 %),1110,72705000,0,0,0,49.0
09/07/2013,0,0,64(-1.54 %),0,0,0,0,8,49.0
10/07/2013,0,0,64(0.00 %),0,0,0,0,8,49.0
11/07/2013,0,0,64(0.00 %),0,0,0,0,8,49.0
12/07/2013,0,0,65.5(2.34 %),0,0,0,0,8,49.0
15/07/2013,0,0,65(-0.76 %),0,0,0,0,8,49.0
16/07/2013,0,0,65.5(0.77 %),0,0,0,0,8,49.0
17/07/2013,0,0,66(0.76 %),0,0,0,0,8,49.0
18/07/2013,0,0,69.5(5.30 %),20000,1380000000,20000,1380000000,8,49.0
19/07/2013,0,0,73(5.04 %),20000,1446000000,20000,1446000000,8,49.0
22/07/2013,-200,-14800000,74.5(2.05 %),0,0,200,14800000,208,49.0
23/07/2013,-660,-48840000,73(-2.01 %),32000,2336000000,32660,2384840000,868,49.0
24/07/2013,0,0,72(-1.37 %),0,0,0,0,868,49.0
25/07/2013,0,0,72(0.00 %),0,0,0,0,868,49.0
26/07/2013,200,14300000,72(0.00 %),200,14300000,0,0,668,49.0
29/07/2013,660,46200000,71(-1.39 %),660,46200000,0,0,8,49.0
30/07/2013,0,0,72(1.41 %),0,0,0,0,8,49.0
31/07/2013,200,14400000,72(0.00 %),200,14400000,0,0,267,49.0
01/08/2013,260,19370000,74(2.78 %),260,19370000,0,0,7,49.0
02/08/2013,0,0,74.5(0.68 %),0,0,0,0,7,49.0
05/08/2013,0,0,77(3.36 %),0,0,0,0,7,49.0
06/08/2013,0,0,79(2.60 %),0,0,0,0,7,49.0
07/08/2013,0,0,76(-3.80 %),0,0,0,0,7,49.0
08/08/2013,0,0,75.5(-0.66 %),0,0,0,0,7,49.0
09/08/2013,-940,-70970000,76.5(1.32 %),0,0,940,70970000,947,49.0
12/08/2013,0,0,78(1.96 %),0,0,0,0,947,49.0
13/08/2013,0,0,78.5(0.64 %),0,0,0,0,947,49.0
14/08/2013,0,0,78(-0.64 %),0,0,0,0,947,49.0
15/08/2013,830,64740000,78(0.00 %),940,73320000,110,8580000,117,49.0
16/08/2013,-750,-58125000,78(0.00 %),0,0,750,58125000,867,49.0
19/08/2013,-350,-28350000,82(5.13 %),0,0,350,28350000,1217,49.0
20/08/2013,-10,-815000,82(0.00 %),0,0,10,815000,1227,49.0
21/08/2013,-890,-73035000,82(0.00 %),110,8965000,1000,82000000,2117,49.0
22/08/2013,750,61500000,80(-2.44 %),750,61500000,0,0,1367,49.0
23/08/2013,350,28000000,76.5(-4.38 %),350,28000000,0,0,1017,49.0
26/08/2013,10,750000,76.5(0.00 %),85010,6545750000,85000,6545000000,1007,49.0
27/08/2013,-1280,-94830000,74.5(-2.61 %),780,59670000,2060,154500000,2287,48.99
28/08/2013,-4500,-317020000,71(-4.70 %),230,16445000,4730,333465000,6787,48.99
29/08/2013,-40080,-2824680000,70.5(-0.70 %),0,0,40080,2824680000,46867,48.9
30/08/2013,-220,-15400000,73(3.55 %),0,0,220,15400000,47087,48.9
03/09/2013,2060,151410000,72.5(-0.68 %),2060,151410000,0,0,45027,48.9
04/09/2013,4730,345290000,71(-2.07 %),4730,345290000,0,0,40297,48.91
05/09/2013,38200,2751340000,72.5(2.11 %),40080,2885760000,1880,134420000,2097,49.0
06/09/2013,200,14400000,72.5(0.00 %),200,14400000,0,0,1897,49.0
09/09/2013,20,1420000,70.5(-2.76 %),20,1420000,0,0,1877,49.0
10/09/2013,-6750,-489000000,73(3.55 %),0,0,6750,489000000,8627,48.98
11/09/2013,-1340,-98490000,73.5(0.68 %),1880,138180000,3220,236670000,9967,48.98
12/09/2013,-1910,-140385000,73(-0.68 %),0,0,1910,140385000,11877,48.97
13/09/2013,0,0,74.5(2.05 %),0,0,0,0,11877,48.97
16/09/2013,6750,509625000,75(0.67 %),6750,509625000,0,0,5127,48.99
17/09/2013,3220,243110000,75.5(0.67 %),3220,243110000,0,0,1907,49.0
18/09/2013,1910,145160000,77(1.99 %),1910,145160000,0,0,0,49.0
19/09/2013,0,0,77.5(0.65 %),0,0,0,0,0,49.0
20/09/2013,0,0,76.5(-1.29 %),0,0,0,0,0,49.0
23/09/2013,-390,-29835000,77.5(1.31 %),0,0,390,29835000,0,49.0
24/09/2013,-130,-10075000,77.5(0.00 %),0,0,130,10075000,0,49.0
25/09/2013,0,0,78(0.65 %),0,0,0,0,0,49.0
26/09/2013,0,0,78(0.00 %),0,0,0,0,0,49.0
27/09/2013,0,0,77(-1.28 %),0,0,0,0,390,49.0
30/09/2013,0,0,77(0.00 %),0,0,0,0,390,49.0
01/10/2013,0,0,77(0.00 %),0,0,0,0,520,49.0
02/10/2013,-1080,-82605000,77(0.00 %),30,2310000,1110,84915000,1600,49.0
03/10/2013,0,0,77(0.00 %),0,0,0,0,1600,49.0
04/10/2013,0,0,76.5(-0.65 %),0,0,0,0,1600,49.0
07/10/2013,0,0,76.5(0.00 %),0,0,0,0,1600,49.0
08/10/2013,1600,122400000,76.5(0.00 %),1600,122400000,0,0,0,49.0
09/10/2013,0,0,76.5(0.00 %),0,0,0,0,0,49.0
10/10/2013,0,0,76(-0.65 %),0,0,0,0,0,49.0
11/10/2013,-2810,-212155000,75.5(-0.66 %),0,0,2810,212155000,0,49.0
14/10/2013,-480,-36240000,75.5(0.00 %),0,0,480,36240000,0,49.0
15/10/2013,0,0,75.5(0.00 %),0,0,0,0,0,49.0
16/10/2013,0,0,75(-0.66 %),0,0,0,0,0,49.0
17/10/2013,2490,186750000,74(-1.33 %),2810,210750000,320,24000000,0,49.0
18/10/2013,-1780,-126300000,69(-6.76 %),480,33580000,2260,159880000,0,49.0
21/10/2013,-1050,-72525000,69.5(0.72 %),0,0,1050,72525000,0,49.0
22/10/2013,0,0,71(2.16 %),0,0,0,0,0,49.0
23/10/2013,0,0,70.5(-0.70 %),0,0,0,0,320,49.0
24/10/2013,-11870,-820925000,69(-2.13 %),2580,181890000,14450,1002815000,12190,48.97
25/10/2013,1050,72450000,67(-2.90 %),1050,72450000,0,0,11140,48.98
28/10/2013,0,0,67(0.00 %),0,0,0,0,11140,48.98
29/10/2013,-230,-15410000,67(0.00 %),0,0,230,15410000,11370,48.97
30/10/2013,12270,829315000,68.5(2.24 %),14450,975375000,2180,146060000,0,49.0
31/10/2013,0,0,67.5(-1.46 %),0,0,0,0,0,49.0
01/11/2013,0,0,67.5(0.00 %),0,0,0,0,0,49.0
04/11/2013,-390,-26325000,67.5(0.00 %),0,0,390,26325000,230,49.0
05/11/2013,2410,162675000,67(-0.74 %),2410,162675000,0,0,0,49.0
06/11/2013,0,0,67(0.00 %),0,0,0,0,0,49.0
07/11/2013,0,0,67(0.00 %),0,0,0,0,0,49.0
08/11/2013,0,0,68(1.49 %),20000,1400000000,20000,1400000000,390,49.0
11/11/2013,-510,-34425000,67.5(-0.74 %),0,0,510,34425000,900,49.0
12/11/2013,-2470,-166920000,67(0.75 %),390,26130000,2860,193050000,3370,48.99
13/11/2013,0,0,66(-1.49 %),0,0,0,0,3370,48.99
14/11/2013,0,0,66.5(0.76 %),0,0,0,0,3370,48.99
15/11/2013,0,0,68(2.26 %),0,0,0,0,3370,48.99
18/11/2013,2020,139380000,70(2.94 %),3370,232530000,1350,93150000,1350,49.0
19/11/2013,0,0,69.5(-0.71 %),0,0,0,0,1350,49.0
20/11/2013,0,0,69(-0.72 %),0,0,0,0,1350,49.0
21/11/2013,-3150,-215775000,69(0.00 %),0,0,3150,215775000,4500,48.99
22/11/2013,1350,93150000,69(0.00 %),1350,93150000,0,0,3150,48.99
25/11/2013,0,0,68.5(-0.72 %),0,0,0,0,3150,48.99
26/11/2013,0,0,69.5(1.46 %),0,0,0,0,3150,48.99
27/11/2013,3150,220500000,69.5(0.00 %),42500,3132400000,39350,2911900000,0,49.0
28/11/2013,-2900,-201550000,69.5(0.00 %),0,0,2900,201550000,0,49.0
29/11/2013,0,0,69.5(0.00 %),0,0,0,0,0,49.0
02/12/2013,-2000,-138000000,69.5(0.00 %),0,0,2000,138000000,0,49.0
03/12/2013,0,0,72.5(4.32 %),20000,1480000000,20000,1480000000,0,49.0
04/12/2013,2900,213150000,73.5(1.38 %),2900,213150000,0,0,0,49.0
05/12/2013,0,0,72.5(-1.36 %),42016,3298256000,42016,3298256000,0,49.0
06/12/2013,2000,145000000,71.5(-1.38 %),2000,145000000,0,0,0,49.0
09/12/2013,0,0,71.5(0.00 %),0,0,0,0,0,49.0
10/12/2013,-310,-22010000,72(0.70 %),0,0,310,22010000,0,49.0
11/12/2013,0,0,71(-1.39 %),87000,6481500000,87000,6481500000,0,49.0
12/12/2013,0,0,71.5(0.70 %),0,0,0,0,0,49.0
13/12/2013,-3500,-250250000,71.5(0.00 %),0,0,3500,250250000,0,49.0
16/12/2013,0,0,71(-0.70 %),0,0,0,0,310,49.0
17/12/2013,-310,-22010000,70.5(-0.70 %),0,0,310,22010000,620,49.0
18/12/2013,310,21855000,70.5(0.00 %),310,21855000,0,0,310,49.0
19/12/2013,1400,102200000,70.5(0.00 %),3500,250250000,2100,148050000,0,49.0
20/12/2013,-1560,-109200000,70(-0.71 %),0,0,1560,109200000,0,49.0
23/12/2013,0,0,70(0.00 %),0,0,0,0,310,49.0
24/12/2013,0,0,70(0.00 %),0,0,0,0,310,49.0
25/12/2013,2410,171110000,70(0.00 %),2410,171110000,0,0,0,49.0
26/12/2013,0,0,70(0.00 %),0,0,0,0,1560,49.0
27/12/2013,1560,111540000,70.5(0.71 %),1560,111540000,0,0,0,49.0
30/12/2013,0,0,69.5(-1.42 %),0,0,0,0,0,49.0
31/12/2013,-1060,-74200000,70(0.72 %),0,0,1060,74200000,0,49.0
02/01/2014,0,0,70(0.00 %),0,0,0,0,0,49.0
03/01/2014,0,0,70(0.00 %),0,0,0,0,0,49.0
06/01/2014,0,0,70.5(0.71 %),0,0,0,0,0,49.0
07/01/2014,130,9695000,70.5(0.00 %),1060,75260000,930,65565000,0,49.0
08/01/2014,0,0,71(0.71 %),0,0,0,0,0,49.0
09/01/2014,0,0,71(0.00 %),0,0,0,0,0,49.0
10/01/2014,-12090,-864535000,71.5(0.70 %),0,0,12090,864535000,0,49.0
13/01/2014,560,40270000,72(0.70 %),560,40270000,0,0,370,49.0
14/01/2014,0,0,73.5(2.08 %),0,0,0,0,370,49.0
15/01/2014,0,0,73(-0.68 %),0,0,0,0,370,49.0
16/01/2014,11100,821400000,73.5(0.68 %),12460,922040000,1360,100640000,0,49.02
17/01/2014,-150,-11175000,75(2.04 %),0,0,150,11175000,0,49.0
20/01/2014,0,0,76.5(2.00 %),0,0,0,0,0,49.0
21/01/2014,-500,-38500000,77(0.65 %),0,0,500,38500000,0,49.0
22/01/2014,1360,104720000,76(-1.30 %),1360,104720000,0,0,0,49.0
23/01/2014,0,0,76(0.00 %),0,0,0,0,150,49.0
24/01/2014,0,0,76.5(0.66 %),20000,1600000000,20000,1600000000,150,49.0
27/01/2014,-3030,-231260000,77(0.65 %),320,24480000,3350,255740000,3180,48.99
06/02/2014,140,10820000,77(0.00 %),300,23300000,160,12480000,30,49.0
07/02/2014,-3100,-235120000,76(-1.30 %),20982,1720389000,24082,1955509000,3130,48.99
10/02/2014,0,0,76(0.00 %),0,0,0,0,3130,48.99
11/02/2014,3350,257950000,76(0.00 %),3350,257950000,0,0,0,49.0
12/02/2014,-590,-44305000,76(0.00 %),160,12320000,750,56625000,0,49.0
13/02/2014,3130,241010000,76.5(0.66 %),3130,241010000,0,0,0,49.0
14/02/2014,-3500,-268250000,77(0.65 %),20000,1630000000,23500,1898250000,0,49.0
17/02/2014,0,0,76(-1.30 %),0,0,0,0,0,49.0
18/02/2014,750,57375000,76.5(0.66 %),750,57375000,0,0,0,49.0
19/02/2014,0,0,76.5(0.00 %),0,0,0,0,0,49.0
20/02/2014,1420,109340000,75(-1.96 %),3500,269500000,2080,160160000,0,49.0
21/02/2014,-250,-18750000,75(0.00 %),0,0,250,18750000,0,49.0
24/02/2014,0,0,78.5(4.67 %),0,0,0,0,0,49.0
25/02/2014,-510,-39525000,78(-0.64 %),0,0,510,39525000,0,49.0
26/02/2014,2080,163280000,78(0.00 %),2080,163280000,0,0,0,49.0
27/02/2014,210,16380000,76.5(-1.92 %),210,16380000,0,0,40,49.0
28/02/2014,-2000,-151000000,76.5(0.00 %),0,0,2000,151000000,2040,49.0
03/03/2014,0,0,75(-1.96 %),0,0,0,0,550,49.0
04/03/2014,-830,-62335000,75(0.00 %),170,12665000,1000,75000000,1380,49.0
05/03/2014,-370,-27560000,75(0.00 %),380,28690000,750,56250000,1750,49.0
06/03/2014,2000,152000000,75.5(0.67 %),2000,152000000,0,0,0,49.0
07/03/2014,0,0,75.5(0.00 %),28000,2100000000,28000,2100000000,0,49.0
10/03/2014,1000,75500000,75(-0.66 %),21000,1685500000,20000,1610000000,0,49.0
11/03/2014,750,57000000,77(2.67 %),750,57000000,0,0,0,49.0
12/03/2014,0,0,77.5(0.65 %),35000,2870000000,35000,2870000000,0,49.0
13/03/2014,0,0,82.5(6.45 %),39799,3283418000,39799,3283418000,0,49.0
14/03/2014,-200,-16700000,84(1.82 %),0,0,200,16700000,0,49.0
17/03/2014,-850,-70550000,85.5(1.79 %),0,0,850,70550000,0,49.0
18/03/2014,-3900,-327600000,84.5(-1.17 %),0,0,3900,327600000,0,49.0
19/03/2014,-4380,-371860000,84.5(0.00 %),0,0,4380,371860000,0,49.0
20/03/2014,200,17100000,83(-1.78 %),200,17100000,0,0,0,49.0
21/03/2014,850,70975000,83.5(0.60 %),850,70975000,0,0,0,49.0
24/03/2014,880,74360000,83(-0.60 %),880,74360000,0,0,3020,48.99
25/03/2014,6880,578700000,82(-1.20 %),7400,621600000,520,42900000,0,49.01
26/03/2014,0,0,79(-3.66 %),0,0,0,0,0,49.0
27/03/2014,0,0,79(0.00 %),0,0,0,0,0,49.0
28/03/2014,0,0,80(1.27 %),0,0,0,0,0,49.0
31/03/2014,-540,-43200000,79(-1.25 %),520,41600000,1060,84800000,0,49.0
01/04/2014,0,0,78.5(-0.63 %),0,0,0,0,0,49.0
02/04/2014,0,0,81(3.18 %),0,0,0,0,0,49.0
03/04/2014,-3060,-247830000,81(0.00 %),0,0,3060,247830000,0,49.0
04/04/2014,1060,85875000,81(0.00 %),1060,85875000,0,0,0,49.0
07/04/2014,-1000,-82000000,82.5(1.85 %),0,0,1000,82000000,0,49.0
08/04/2014,-600,-49500000,83(0.61 %),0,0,600,49500000,0,49.0
10/04/2014,3060,253980000,82.5(-0.60 %),3060,253980000,0,0,0,49.0
11/04/2014,0,0,81(-1.82 %),0,0,0,0,0,49.0
14/04/2014,1000,80500000,80(-1.23 %),1000,80500000,0,0,0,49.0
15/04/2014,-150,-11975000,79.5(-0.62 %),600,47275000,750,59250000,0,49.0
16/04/2014,0,0,79(-0.63 %),0,0,0,0,0,49.0
17/04/2014,-12900,-1022650000,80(1.27 %),0,0,12900,1022650000,0,49.0
18/04/2014,0,0,79.5(-0.62 %),0,0,0,0,0,49.0
21/04/2014,0,0,75.5(-5.03 %),20000,1660000000,20000,1660000000,750,49.0
22/04/2014,0,0,77(1.99 %),0,0,0,0,750,49.0
23/04/2014,11720,902440000,76.5(-0.65 %),13650,1051050000,1930,148610000,0,49.02
24/04/2014,0,0,77(0.65 %),0,0,0,0,0,49.0
25/04/2014,0,0,77(0.00 %),0,0,0,0,0,49.0
28/04/2014,0,0,74(-3.90 %),0,0,0,0,0,49.0
29/04/2014,1930,143785000,75(1.35 %),1930,143785000,0,0,0,49.0
05/05/2014,0,0,73.5(-2.00 %),0,0,0,0,0,49.0
06/05/2014,0,0,72(-2.04 %),0,0,0,0,0,49.0
07/05/2014,0,0,72.5(0.69 %),0,0,0,0,0,49.0
08/05/2014,0,0,67.5(-6.90 %),0,0,0,0,0,49.0
09/05/2014,0,0,69(2.22 %),0,0,0,0,0,49.0
12/05/2014,0,0,65(-5.80 %),0,0,0,0,0,49.0
13/05/2014,0,0,65(0.00 %),0,0,0,0,0,49.0
14/05/2014,0,0,67(3.08 %),0,0,0,0,0,49.0
15/05/2014,0,0,65(0.00 %),0,0,0,0,0,49.0
16/05/2014,-750,-47625000,64.5(-0.77 %),0,0,750,47625000,0,49.0
19/05/2014,0,0,65(0.78 %),0,0,0,0,0,49.0
20/05/2014,0,0,66(1.54 %),0,0,0,0,0,49.0
21/05/2014,0,0,66.5(0.76 %),0,0,0,0,0,49.0
22/05/2014,750,50625000,67(0.75 %),750,50625000,0,0,0,49.0
23/05/2014,0,0,66(-1.49 %),0,0,0,0,0,49.0
26/05/2014,0,0,66(0.00 %),0,0,0,0,0,49.0
27/05/2014,0,0,66(0.00 %),56000,3948000000,56000,3948000000,0,49.0
28/05/2014,-2130,-141145000,66.5(0.76 %),0,0,2130,141145000,0,49.0
29/05/2014,0,0,66(-0.75 %),0,0,0,0,0,49.0
30/05/2014,0,0,67(1.52 %),0,0,0,0,0,49.0
02/06/2014,0,0,65.5(-2.24 %),0,0,0,0,0,49.0
03/06/2014,2130,139515000,67(2.29 %),2130,139515000,0,0,0,49.0
04/06/2014,0,0,67.5(0.75 %),0,0,0,0,0,49.0
05/06/2014,0,0,68(0.74 %),0,0,0,0,0,49.0
06/06/2014,0,0,71.5(5.15 %),0,0,0,0,0,49.0
09/06/2014,-70,-4900000,70.5(-1.40 %),0,0,70,4900000,0,49.0
10/06/2014,-2500,-172350000,68.5(-2.84 %),0,0,2500,172350000,0,49.0
11/06/2014,-1400,-94500000,67.5(-1.46 %),0,0,1400,94500000,0,49.0
12/06/2014,0,0,68.5(1.48 %),0,0,0,0,0,49.0
13/06/2014,-1800,-123050000,68(-0.73 %),0,0,1800,123050000,70,49.0
16/06/2014,2570,176045000,69(1.47 %),2570,176045000,0,0,0,49.01
17/06/2014,1400,96275000,69(0.00 %),1400,96275000,0,0,0,49.0
18/06/2014,0,0,69(0.00 %),0,0,0,0,0,49.0
19/06/2014,1800,124000000,68.5(-0.72 %),1800,124000000,0,0,0,49.0
20/06/2014,0,0,69(0.73 %),0,0,0,0,0,49.0
23/06/2014,0,0,70.5(2.17 %),0,0,0,0,0,49.0
24/06/2014,0,0,70.5(0.00 %),0,0,0,0,0,49.0
25/06/2014,0,0,70(-0.71 %),0,0,0,0,0,49.0
26/06/2014,-100,-7125000,72(2.86 %),0,0,100,7125000,0,49.0
27/06/2014,0,0,71.5(-0.69 %),0,0,0,0,0,49.0
30/06/2014,0,0,70(-2.10 %),0,0,0,0,0,49.0
01/07/2014,0,0,69(-1.43 %),0,0,0,0,0,49.0
02/07/2014,50,3500000,70(1.45 %),50,3500000,0,0,50,49.0
03/07/2014,50,3550000,70(0.00 %),50,3550000,0,0,0,49.0
04/07/2014,-100,-7125000,70.5(0.71 %),0,0,100,7125000,0,49.0
07/07/2014,-2020,-142410000,70.5(0.00 %),0,0,2020,142410000,0,49.0
08/07/2014,-50,-3550000,71(0.71 %),0,0,50,3550000,0,49.0
09/07/2014,-1670,-118105000,71(0.00 %),0,0,1670,118105000,0,49.0
10/07/2014,-1650,-117075000,71(0.00 %),100,7150000,1750,124225000,100,49.0
11/07/2014,1920,136370000,71(0.00 %),2020,143420000,100,7050000,0,0.0
14/07/2014,-50,-3575000,71.5(0.70 %),0,0,50,3575000,1720,49.0
15/07/2014,1000,72500000,72(0.70 %),1000,72500000,0,0,720,49.0
16/07/2014,2470,180310000,72(0.00 %),2470,180310000,0,0,0,0.0
17/07/2014,-400,-29250000,73(1.39 %),100,7250000,500,36500000,0,49.0
18/07/2014,50,3625000,72(-1.37 %),20050,1563625000,20000,1560000000,50,49.0
21/07/2014,0,0,72.5(0.69 %),0,0,0,0,0,49.0
22/07/2014,0,0,73(0.69 %),0,0,0,0,0,0.0
23/07/2014,500,36250000,72(-1.37 %),500,36250000,0,0,500,49.0
24/07/2014,-100,-7300000,73(1.39 %),0,0,100,7300000,0,0.0
25/07/2014,0,0,71.5(-2.05 %),0,0,0,0,0,0.0
28/07/2014,0,0,69(-3.50 %),0,0,0,0,0,0.0
29/07/2014,0,0,69.5(0.72 %),0,0,0,0,0,0.0
30/07/2014,100,7050000,70(0.72 %),100,7050000,0,0,0,0.0
31/07/2014,0,0,70.5(0.71 %),0,0,0,0,0,0.0
01/08/2014,0,0,69(-2.13 %),0,0,0,0,0,0.0
04/08/2014,0,0,68.5(-0.72 %),61264,4411008000,61264,4411008000,0,0.0
05/08/2014,0,0,68.5(0.00 %),0,0,0,0,0,0.0
06/08/2014,0,0,69(0.73 %),0,0,0,0,0,49.0
07/08/2014,0,0,69(0.00 %),0,0,0,0,0,49.0
08/08/2014,0,0,69(0.00 %),177830,13070505000,177830,13070505000,0,0.0
11/08/2014,0,0,69.5(0.72 %),0,0,0,0,0,0.0
12/08/2014,0,0,69(-0.72 %),0,0,0,0,0,0.0
13/08/2014,0,0,69(0.00 %),0,0,0,0,0,0.0
14/08/2014,0,0,69(0.00 %),0,0,0,0,0,49.0
15/08/2014,0,0,68.5(-0.72 %),0,0,0,0,0,49.0
18/08/2014,0,0,68.5(0.00 %),0,0,0,0,0,0.0
19/08/2014,-80,-5480000,68.5(0.00 %),0,0,80,5480000,0,0.0
20/08/2014,-2070,-141795000,68.5(0.00 %),0,0,2070,141795000,0,0.0
21/08/2014,0,0,69(0.73 %),0,0,0,0,0,0.0
22/08/2014,0,0,69(0.00 %),0,0,0,0,0,49.0
25/08/2014,80,5520000,69(0.00 %),80,5520000,0,0,80,49.0
26/08/2014,-160,-9925000,69(0.00 %),2070,142830000,2230,152755000,2070,49.0
27/08/2014,0,0,69.5(0.72 %),0,0,0,0,0,49.0
28/08/2014,0,0,70.5(1.44 %),0,0,0,0,0,49.0
29/08/2014,-740,-52370000,71.5(1.42 %),0,0,740,52370000,0,0.0
03/09/2014,1490,108765000,71.5(0.00 %),64230,4904675000,62740,4795910000,2230,49.0
04/09/2014,-740,-51800000,70(-2.10 %),0,0,740,51800000,0,0.0
05/09/2014,0,0,71(1.43 %),0,0,0,0,0,0.0
08/09/2014,-260,-17460000,70(-1.41 %),740,52540000,1000,70000000,740,49.0
09/09/2014,740,52540000,68(-2.86 %),740,52540000,0,0,740,49.0
10/09/2014,740,51060000,68.5(0.74 %),740,51060000,0,0,0,0.0
11/09/2014,0,0,68.5(0.00 %),0,0,0,0,0,0.0
12/09/2014,1000,69500000,69(0.73 %),97000,7077500000,96000,7008000000,0,0.0
15/09/2014,0,0,68.5(-0.72 %),0,0,0,0,0,49.0
16/09/2014,0,0,68.5(0.00 %),0,0,0,0,0,0.0
17/09/2014,0,0,69.5(1.46 %),0,0,0,0,0,0.0
18/09/2014,0,0,69(-0.72 %),0,0,0,0,0,0.0
19/09/2014,-930,-63240000,69(0.00 %),0,0,930,63240000,0,0.0
22/09/2014,0,0,69.5(0.72 %),0,0,0,0,0,0.0
23/09/2014,0,0,69(-0.72 %),0,0,0,0,0,0.0
24/09/2014,0,0,69(0.00 %),0,0,0,0,0,49.0
25/09/2014,930,64170000,69(0.00 %),930,64170000,0,0,0,49.0
26/09/2014,0,0,69(0.00 %),0,0,0,0,0,49.0
29/09/2014,0,0,69(0.00 %),0,0,0,0,0,0.0
30/09/2014,0,0,68.5(-0.72 %),0,0,0,0,0,0.0
01/10/2014,-1020,-69870000,69(0.73 %),0,0,1020,69870000,0,0.0
02/10/2014,0,0,69(0.00 %),20000,1470000000,20000,1470000000,0,0.0
03/10/2014,-10,-690000,69.5(0.72 %),0,0,10,690000,0,0.0
06/10/2014,0,0,69.5(0.00 %),0,0,0,0,0,0.0
07/10/2014,1020,71400000,70(0.72 %),1020,71400000,0,0,0,0.0
08/10/2014,0,0,70(0.00 %),0,0,0,0,0,0.0
09/10/2014,0,0,70(0.00 %),0,0,0,0,16,0.0
10/10/2014,0,0,69(-1.43 %),59829,3918800000,59829,3918800000,16,0.0
13/10/2014,10,695000,69.5(0.72 %),20010,1470695000,20000,1470000000,6,49.0
14/10/2014,0,0,69.5(0.00 %),0,0,0,0,6,49.0
15/10/2014,-650,-44850000,69(-0.72 %),0,0,650,44850000,656,49.0
16/10/2014,0,0,67(-2.90 %),0,0,0,0,656,49.0
17/10/2014,-870,-58125000,67(0.00 %),0,0,870,58125000,1526,49.0
20/10/2014,-7170,-483975000,67.5(0.75 %),0,0,7170,483975000,8696,48.98
21/10/2014,130,8905000,68(0.74 %),650,44525000,520,35620000,8566,48.98
22/10/2014,0,0,68(0.00 %),0,0,0,0,8566,48.98
23/10/2014,870,59595000,68(0.00 %),870,59595000,0,0,7696,48.98
24/10/2014,7170,483975000,68(0.00 %),7170,483975000,0,0,526,49.0
27/10/2014,520,35360000,65(-4.41 %),520,35360000,0,0,6,49.0
29/10/2014,0,0,66(0.00 %),0,0,0,0,6,49.0
30/10/2014,0,0,66(0.00 %),0,0,0,0,6,49.0
31/10/2014,-650,-42575000,66.5(0.76 %),0,0,650,42575000,656,49.0
03/11/2014,0,0,67(0.75 %),0,0,0,0,6,49.0
04/11/2014,0,0,66(-1.49 %),100332,7173738000,100332,7173738000,6,49.0
05/11/2014,0,0,67(1.52 %),0,0,0,0,6,49.0
06/11/2014,-520,-34840000,66.5(-0.75 %),650,43550000,1170,78390000,526,49.0
07/11/2014,-310,-20460000,67(0.75 %),0,0,310,20460000,836,49.0
10/11/2014,0,0,67(1.52 %),0,0,0,0,836,49.0
11/11/2014,0,0,66.5(-0.75 %),0,0,0,0,836,49.0
12/11/2014,1170,78390000,66.5(0.00 %),1170,78390000,0,0,0,49.0
13/11/2014,310,20925000,67.5(1.50 %),310,20925000,0,0,6,49.0
14/11/2014,0,0,67.5(0.00 %),0,0,0,0,6,49.0
17/11/2014,-950,-63175000,66(-2.22 %),0,0,950,63175000,956,49.0
18/11/2014,0,0,66.5(0.76 %),0,0,0,0,956,49.0
19/11/2014,0,0,66(-0.75 %),0,0,0,0,956,49.0
20/11/2014,0,0,66(0.00 %),0,0,0,0,6,0.0
21/11/2014,950,63180000,66.5(0.76 %),950,63180000,0,0,6,0.0
24/11/2014,0,0,66(-0.75 %),0,0,0,0,6,0.0
25/11/2014,0,0,66.5(0.76 %),0,0,0,0,6,0.0
26/11/2014,0,0,66.5(0.00 %),0,0,0,0,6,0.0
27/11/2014,0,0,66(-0.75 %),0,0,0,0,6,0.0
28/11/2014,0,0,66.5(0.76 %),0,0,0,0,6,0.0
01/12/2014,0,0,71(6.77 %),0,0,0,0,6,0.0
02/12/2014,-740,-52910000,72(1.41 %),59829,4517090000,60569,4570000000,12,0.0
03/12/2014,0,0,72(0.00 %),0,0,0,0,12,0.0
04/12/2014,-820,-58870000,73.5(2.08 %),0,0,820,58870000,12,0.0
05/12/2014,10,720000,72(-2.04 %),10,720000,0,0,2,0.0
08/12/2014,540,39120000,73(1.39 %),740,54020000,200,14900000,2,0.0
09/12/2014,0,0,69.5(-4.79 %),0,0,0,0,2,0.0
10/12/2014,820,56580000,71.5(2.88 %),820,56580000,0,0,2,0.0
11/12/2014,-400,-28200000,71(-0.70 %),0,0,400,28200000,2,0.0
12/12/2014,200,14400000,72(1.41 %),200,14400000,0,0,0,49.0
15/12/2014,0,0,72.5(0.69 %),0,0,0,0,2,0.0
16/12/2014,-970,-69890000,73(0.69 %),0,0,970,69890000,2,0.0
17/12/2014,-150,-10800000,73(0.00 %),0,0,150,10800000,402,0.0
18/12/2014,400,29200000,71(-2.74 %),400,29200000,0,0,2,0.0
19/12/2014,0,0,70.5(-0.70 %),0,0,0,0,2,0.0
22/12/2014,980,70070000,71.5(1.42 %),980,70070000,0,0,0,49.0
23/12/2014,-280,-19950000,72(0.70 %),0,0,280,19950000,150,0.0
24/12/2014,-540,-38880000,72(0.00 %),0,0,540,38880000,150,0.0
25/12/2014,-8640,-622650000,72(0.00 %),0,0,8640,622650000,150,0.0
26/12/2014,0,0,72(0.00 %),0,0,0,0,150,49.0
29/12/2014,430,30960000,70(-2.78 %),430,30960000,0,0,0,49.0
30/12/2014,540,38880000,72(2.86 %),540,38880000,0,0,0,49.0
31/12/2014,8540,619100000,73(1.39 %),8640,626400000,100,7300000,0,49.0
05/01/2015,0,0,73.5(0.68 %),0,0,0,0,0,49.0
06/01/2015,-9390,-688730000,75.5(2.72 %),0,0,9390,688730000,0,49.0
07/01/2015,0,0,77(1.99 %),28000,2254000000,28000,2254000000,0,49.0
08/01/2015,100,7750000,77(0.00 %),27100,2221750000,27000,2214000000,0,49.0
09/01/2015,-10840,-820840000,77.5(0.65 %),26000,2132000000,36840,2952840000,0,49.0
12/01/2015,8890,693420000,77(-0.65 %),9390,732420000,500,39000000,0,49.0
13/01/2015,0,0,77.5(0.65 %),0,0,0,0,0,49.0
14/01/2015,-410,-31775000,77(-0.65 %),0,0,410,31775000,0,49.0
15/01/2015,10840,840100000,77(0.00 %),10840,840100000,0,0,0,49.0
16/01/2015,500,39000000,77(0.00 %),500,39000000,0,0,0,49.0
19/01/2015,0,0,77(0.00 %),0,0,0,0,0,49.0
20/01/2015,410,31775000,77.5(0.65 %),410,31775000,0,0,0,49.0
21/01/2015,0,0,76.5(-1.29 %),0,0,0,0,0,49.0
22/01/2015,0,0,77(0.65 %),0,0,0,0,0,49.0
23/01/2015,0,0,76(-1.30 %),26100,2140200000,26100,2140200000,0,49.0
26/01/2015,0,0,76(0.00 %),26400,2138400000,26400,2138400000,0,49.0
27/01/2015,0,0,79(3.95 %),23400,1895400000,23400,1895400000,0,49.0
28/01/2015,-2010,-155770000,78(-1.27 %),50600,4275700000,52610,4431470000,0,49.0
29/01/2015,-2760,-217070000,78.5(0.64 %),0,0,2760,217070000,0,49.0
30/01/2015,0,0,78.5(0.00 %),0,0,0,0,0,49.0
02/02/2015,0,0,79(0.64 %),0,0,0,0,0,49.0
03/02/2015,2010,160800000,76(-3.80 %),2010,160800000,0,0,0,49.0
04/02/2015,2760,212520000,78.5(3.29 %),2760,212520000,0,0,0,49.0
05/02/2015,0,0,79(0.64 %),20000,1670000000,20000,1670000000,0,49.0
06/02/2015,-1480,-116180000,81(2.53 %),0,0,1480,116180000,0,49.0
09/02/2015,0,0,81(0.00 %),0,0,0,0,0,49.0
10/02/2015,0,0,79.5(-1.85 %),0,0,0,0,0,49.0
11/02/2015,-2690,-214895000,80(0.63 %),20000,1700000000,22690,1914895000,0,49.0
12/02/2015,1480,119140000,82(2.50 %),51480,4394140000,50000,4275000000,0,49.0
13/02/2015,0,0,82(0.00 %),80000,6800000000,80000,6800000000,0,49.0
24/02/2015,-9750,-781395000,81.5(-0.61 %),0,0,9750,781395000,0,49.0
25/02/2015,2300,188035000,80(-1.84 %),72690,6169235000,70390,5981200000,0,49.0
26/02/2015,-1070,-85600000,80(0.00 %),0,0,1070,85600000,0,49.0
27/02/2015,0,0,80(0.00 %),0,0,0,0,0,49.0
02/03/2015,9750,780000000,79(-1.25 %),9750,780000000,0,0,0,49.0
03/03/2015,390,30810000,80(1.27 %),390,30810000,0,0,0,49.0
04/03/2015,-28920,-2313600000,81(1.25 %),1070,85600000,29990,2399200000,0,49.0
05/03/2015,-72950,-5955755000,82(1.23 %),56102,4544262000,129052,10500017000,0,49.0
06/03/2015,0,0,81.5(-0.61 %),0,0,0,0,0,49.0
09/03/2015,0,0,81(-0.61 %),27000,2214000000,27000,2214000000,0,49.0
10/03/2015,29990,2459180000,81(0.00 %),29990,2459180000,0,0,0,49.0
11/03/2015,61890,5006360000,80.5(-0.62 %),65000,5254845000,3110,248485000,7950,48.98
12/03/2015,7950,639975000,79(-1.86 %),7950,639975000,0,0,0,49.0
13/03/2015,-15610,-1233595000,80(1.27 %),0,0,15610,1233595000,0,49.0
16/03/2015,-740,-58090000,80(0.00 %),0,0,740,58090000,0,49.0
17/03/2015,1270,103380000,79(-1.25 %),3110,248800000,1840,145420000,0,49.0
18/03/2015,0,0,80(1.27 %),0,0,0,0,0,49.0
19/03/2015,-2100,-166200000,79(-1.25 %),120,9540000,2220,175740000,15490,48.97
20/03/2015,-500,-39000000,79(0.00 %),0,0,500,39000000,15990,48.96
23/03/2015,18070,1427530000,77.5(-1.90 %),18070,1427530000,0,0,0,49.0
24/03/2015,-3200,-246900000,76.5(-1.29 %),0,0,3200,246900000,0,49.0
25/03/2015,-3200,-246900000,78(1.96 %),0,0,3200,246900000,0,49.0
26/03/2015,500,39250000,79(1.28 %),500,39250000,0,0,0,49.0
27/03/2015,0,0,79.5(0.63 %),0,0,0,0,0,49.0
30/03/2015,-14680,-1150220000,79(-0.63 %),320,25280000,15000,1175500000,2880,48.99
31/03/2015,-380,-30305000,78.5(-0.63 %),2880,225605000,3260,255910000,3260,48.99
01/04/2015,0,0,78.5(0.00 %),0,0,0,0,3260,48.99
02/04/2015,0,0,78.5(0.00 %),0,0,0,0,3260,48.99
03/04/2015,15000,1195965000,80.5(2.55 %),15000,1195965000,0,0,0,49.03
06/04/2015,3260,260910000,80(-0.62 %),3260,260910000,0,0,0,49.0
07/04/2015,-3050,-242200000,79.5(-0.62 %),0,0,3050,242200000,0,49.0
08/04/2015,0,0,80.5(1.26 %),0,0,0,0,0,49.0
09/04/2015,0,0,81.5(1.24 %),0,0,0,0,0,49.0
10/04/2015,0,0,81(-0.61 %),0,0,0,0,0,49.0
13/04/2015,1080,89400000,78.5(-3.09 %),2000,163000000,920,73600000,1050,49.0
14/04/2015,0,0,80.5(2.55 %),0,0,0,0,1050,49.0
15/04/2015,1050,84525000,78.5(-2.48 %),1050,84525000,0,0,0,49.0
16/04/2015,-920,-72220000,78(-0.64 %),0,0,920,72220000,0,49.0
17/04/2015,0,0,79.5(1.92 %),0,0,0,0,920,49.0
20/04/2015,920,73140000,79.5(0.00 %),920,73140000,0,0,0,49.0
21/04/2015,0,0,78(-1.89 %),0,0,0,0,0,49.0
22/04/2015,-3750,-293350000,79.5(1.92 %),920,71760000,4670,365110000,0,49.0
23/04/2015,0,0,78(-1.89 %),0,0,0,0,0,49.0
24/04/2015,0,0,77.5(-0.64 %),0,0,0,0,0,49.0
27/04/2015,0,0,78.5(1.29 %),0,0,0,0,0,49.0
04/05/2015,4670,368720000,75(-4.46 %),4670,368720000,0,0,0,49.0
05/05/2015,0,0,76(1.33 %),0,0,0,0,0,49.0
06/05/2015,0,0,75.5(-0.66 %),0,0,0,0,0,49.0
07/05/2015,0,0,76(0.66 %),0,0,0,0,0,49.0
08/05/2015,-740,-56240000,75.5(-0.66 %),0,0,740,56240000,0,49.0
11/05/2015,0,0,74(-1.99 %),0,0,0,0,0,49.0
12/05/2015,0,0,73(-1.35 %),0,0,0,0,0,49.0
13/05/2015,0,0,73(0.00 %),0,0,0,0,0,49.0
14/05/2015,740,54020000,74(1.37 %),740,54020000,0,0,0,49.0
15/05/2015,-5060,-378720000,74.5(0.68 %),0,0,5060,378720000,0,49.0
18/05/2015,0,0,73.5(-1.34 %),0,0,0,0,0,49.0
19/05/2015,0,0,73(2.82 %),29012,2190406000,29012,2190406000,0,49.0
20/05/2015,0,0,74(1.37 %),0,0,0,0,0,49.0
21/05/2015,5060,374440000,76.5(3.38 %),5060,374440000,0,0,0,49.0
22/05/2015,0,0,75(-1.96 %),0,0,0,0,0,49.0
25/05/2015,0,0,75(0.00 %),0,0,0,0,0,49.0
26/05/2015,0,0,74(-1.33 %),0,0,0,0,0,49.0
27/05/2015,0,0,74(0.00 %),0,0,0,0,0,49.0
28/05/2015,0,0,74.5(0.68 %),0,0,0,0,0,49.0
29/05/2015,0,0,74.5(0.00 %),0,0,0,0,0,49.0
01/06/2015,-810,-59540000,74.5(0.00 %),0,0,810,59540000,0,49.0
02/06/2015,-1480,-109520000,74(-0.67 %),0,0,1480,109520000,0,49.0
03/06/2015,-370,-27195000,74.5(0.68 %),0,0,370,27195000,0,49.0
04/06/2015,0,0,74.5(0.00 %),0,0,0,0,0,49.0
05/06/2015,810,60750000,75(0.67 %),810,60750000,0,0,0,49.0
08/06/2015,1480,113960000,76(1.33 %),1480,113960000,0,0,0,49.0
09/06/2015,-2400,-176860000,74(-2.63 %),370,28120000,2770,204980000,0,49.0
10/06/2015,0,0,74.5(0.68 %),0,0,0,0,0,49.0
11/06/2015,0,0,75.5(1.34 %),0,0,0,0,0,49.0
12/06/2015,-1700,-126650000,75(-0.66 %),0,0,1700,126650000,0,49.0
15/06/2015,-830,-56710000,75(0.00 %),2770,213290000,3600,270000000,0,49.0
16/06/2015,-3990,-299380000,75(0.00 %),0,0,3990,299380000,0,49.0
17/06/2015,-2130,-158055000,74.5(-0.67 %),0,0,2130,158055000,0,49.0
18/06/2015,-8300,-612500000,74.5(0.00 %),1700,127500000,10000,740000000,0,49.0
19/06/2015,3600,271800000,75.5(1.34 %),3600,271800000,0,0,0,49.0
22/06/2015,3990,303240000,75.5(0.00 %),3990,303240000,0,0,0,49.0
23/06/2015,2130,161880000,75.5(0.00 %),2130,161880000,0,0,0,49.0
24/06/2015,10000,760000000,75.5(0.00 %),345400,27759700000,335400,26999700000,0,49.0
25/06/2015,0,0,75.5(0.00 %),0,0,0,0,0,49.0
26/06/2015,0,0,77.5(2.65 %),0,0,0,0,0,49.0
29/06/2015,0,0,79.5(2.58 %),0,0,0,0,0,49.0
30/06/2015,-910,-72345000,78(-1.89 %),63860,5428100000,64770,5500445000,0,49.0
01/07/2015,0,0,82(5.13 %),0,0,0,0,0,49.0
02/07/2015,0,0,82(0.00 %),0,0,0,0,0,49.0
03/07/2015,0,0,82(0.00 %),50600,4149200000,50600,4149200000,0,49.0
06/07/2015,-29090,-2378880000,82(0.00 %),910,74620000,30000,2453500000,0,49.0
07/07/2015,-8170,-660895000,80(-2.44 %),20000,1650000000,28170,2310895000,0,49.0
08/07/2015,0,0,80.5(0.62 %),27300,2224950000,27300,2224950000,0,49.0
09/07/2015,-2420,-194810000,80.5(0.00 %),27100,2208650000,29520,2403460000,0,49.0
10/07/2015,30000,2430000000,80.5(0.00 %),30000,2430000000,0,0,0,49.0
13/07/2015,8170,661770000,81(0.62 %),8170,661770000,0,0,0,49.0
14/07/2015,0,0,80.5(-0.62 %),0,0,0,0,0,49.0
15/07/2015,2420,196020000,80(-0.62 %),2420,196020000,0,0,0,49.0
16/07/2015,0,0,80(0.00 %),0,0,0,0,0,49.0
17/07/2015,0,0,85.5(6.88 %),0,0,0,0,0,49.0
20/07/2015,-25600,-2223595000,86.5(1.17 %),0,0,25600,2223595000,0,49.0
21/07/2015,-1050,-90455000,86.5(0.00 %),23210,2042480000,24260,2132935000,0,49.0
22/07/2015,-2960,-258870000,88.5(2.31 %),0,0,2960,258870000,0,49.0
23/07/2015,-30480,-2728130000,89.5(1.13 %),0,0,30480,2728130000,0,49.0
24/07/2015,-21150,-1952600000,95(6.15 %),2750,253250000,23900,2205850000,23900,48.95
27/07/2015,-400,-11925000,95.5(0.53 %),23900,2280425000,24300,2292350000,24300,48.95
28/07/2015,2960,280780000,94(-1.57 %),25960,2488780000,23000,2208000000,21340,48.95
29/07/2015,30480,2873275000,94(0.00 %),30480,2873275000,0,0,0,49.02
30/07/2015,23900,2283470000,94.5(0.53 %),23900,2283470000,0,0,0,49.0
31/07/2015,24300,2308500000,93.5(-1.06 %),46800,4502250000,22500,2193750000,0,49.0
03/08/2015,0,0,90.5(-3.21 %),20000,1900000000,20000,1900000000,0,49.0
04/08/2015,-7770,-703020000,91(0.55 %),0,0,7770,703020000,0,49.0
05/08/2015,0,0,92(1.10 %),20000,1900000000,20000,1900000000,0,49.0
06/08/2015,-2210,-202220000,91.5(-0.54 %),23800,2261000000,26010,2463220000,0,49.0
07/08/2015,0,0,93(1.64 %),23300,2213500000,23300,2213500000,0,49.0
10/08/2015,7770,730380000,96(3.23 %),30270,2912880000,22500,2182500000,0,49.0
11/08/2015,0,0,96(0.00 %),0,0,0,0,0,49.0
12/08/2015,2210,212160000,97.5(1.56 %),24110,2402160000,21900,2190000000,0,49.0
13/08/2015,0,0,99(1.54 %),0,0,0,0,0,49.0
14/08/2015,-13980,-1425960000,101(2.02 %),21000,2184000000,34980,3609960000,0,49.0
17/08/2015,-119650,-12244770000,103(1.98 %),0,0,119650,12244770000,0,49.0
18/08/2015,-15000,-1515000000,100(-2.91 %),23210,2413840000,38210,3928840000,0,49.0
19/08/2015,-21500,-2128500000,101(1.00 %),20000,2080000000,41500,4208500000,0,49.0
20/08/2015,13980,1411980000,104(2.97 %),13980,1411980000,0,0,0,49.0
21/08/2015,119650,12613250000,102(-1.92 %),119650,12613250000,0,0,0,49.0
24/08/2015,-39670,-3771890000,95(-6.86 %),15000,1500000000,54670,5271890000,0,49.0
25/08/2015,21500,2021000000,95(0.00 %),21500,2021000000,0,0,0,49.0
26/08/2015,-6500,-614250000,97(2.11 %),0,0,6500,614250000,0,49.0
27/08/2015,0,0,99(2.06 %),30000,3090000000,30000,3090000000,0,49.0
28/08/2015,54670,5467000000,100(1.01 %),54670,5467000000,0,0,1,49.0
31/08/2015,-7000,-693000000,99(-1.00 %),0,0,7000,693000000,7001,48.98
01/09/2015,6500,640250000,97.5(-1.52 %),6500,640250000,0,0,6,49.0
03/09/2015,0,0,96(-1.54 %),0,0,0,0,6,49.0
04/09/2015,0,0,98(2.08 %),0,0,0,0,6,49.0
07/09/2015,7000,684300000,97(-1.02 %),7000,684300000,0,0,0,49.02
08/09/2015,0,0,97(0.00 %),0,0,0,0,6,49.0
09/09/2015,-2210,-214370000,98(1.03 %),0,0,2210,214370000,2216,49.0
10/09/2015,0,0,101(3.06 %),0,0,0,0,2216,49.0
11/09/2015,0,0,99(-1.98 %),0,0,0,0,2216,49.0
14/09/2015,10,990000,98(-1.01 %),10,990000,0,0,2206,49.0
15/09/2015,2210,218790000,99.5(1.53 %),2210,218790000,0,0,0,49.0
16/09/2015,0,0,99(-0.50 %),0,0,0,0,0,49.0
17/09/2015,0,0,99(0.00 %),0,0,0,0,0,49.0
18/09/2015,0,0,102(3.03 %),21000,2184000000,21000,2184000000,0,49.0
21/09/2015,0,0,102(0.00 %),0,0,0,0,0,49.0
22/09/2015,0,0,106(3.92 %),20000,2160000000,20000,2160000000,0,49.0
23/09/2015,-7580,-803480000,105(-0.94 %),310000,33480000000,317580,34283480000,0,49.0
24/09/2015,-14420,-1536520000,107(1.90 %),0,0,14420,1536520000,0,49.0
25/09/2015,-27210,-2926690000,109(1.87 %),0,0,27210,2926690000,0,49.0
28/09/2015,0,0,109(0.00 %),0,0,0,0,0,49.0
29/09/2015,-260,-26450000,109(0.00 %),7580,820270000,7840,846720000,0,49.0
30/09/2015,13530,1473320000,111(1.83 %),14420,1572110000,890,98790000,0,49.0
01/10/2015,25630,2843870000,113(1.80 %),27210,3020310000,1580,176440000,0,49.0
02/10/2015,0,0,115(1.77 %),0,0,0,0,0,49.0
05/10/2015,7630,877870000,114(-0.87 %),7840,901600000,210,23730000,0,49.0
06/10/2015,890,101460000,111(-2.63 %),890,101460000,0,0,0,49.0
07/10/2015,-15260,-1707860000,113(1.80 %),21580,2475380000,36840,4183240000,0,49.0
08/10/2015,-21090,-2362080000,112(-0.88 %),0,0,21090,2362080000,0,49.0
09/10/2015,210,23310000,111(-0.89 %),210,23310000,0,0,0,49.0
12/10/2015,-2560,-284160000,111(0.00 %),54000,6102000000,56560,6386160000,8,49.0
13/10/2015,16840,1886080000,115(3.60 %),56840,6526080000,40000,4640000000,0,49.04
14/10/2015,-23820,-2853940000,120(4.35 %),21090,2530800000,44910,5384740000,8,49.0
15/10/2015,0,0,120(0.00 %),0,0,0,0,8,49.0
16/10/2015,-9360,-1170880000,122(1.67 %),2560,307200000,11920,1478080000,9368,48.98
19/10/2015,-1060,-129320000,122(0.00 %),0,0,1060,129320000,10428,48.98
20/10/2015,34910,4330840000,124(1.64 %),84910,10538840000,50000,6208000000,0,49.05
21/10/2015,0,0,123(-0.81 %),0,0,0,0,8,49.0
22/10/2015,11920,1466160000,122(-0.81 %),11920,1466160000,0,0,0,49.03
23/10/2015,1060,131440000,124(1.64 %),1060,131440000,0,0,8,49.0
26/10/2015,10000,1250000000,123(-0.81 %),10000,1250000000,0,0,0,49.02
27/10/2015,-150,-18300000,123(0.00 %),0,0,150,18300000,8,49.0
28/10/2015,0,0,124(0.81 %),0,0,0,0,8,49.0
29/10/2015,-22000,-2772000000,126(1.61 %),0,0,22000,2772000000,22008,48.95
30/10/2015,0,0,129(2.38 %),0,0,0,0,22008,48.95
02/11/2015,150,19400000,123(-4.65 %),150,19400000,0,0,8,49.0
03/11/2015,0,0,124(0.81 %),0,0,0,0,8,49.0
04/11/2015,22000,2772000000,124(0.00 %),22000,2772000000,0,0,0,49.05
05/11/2015,0,0,124(0.00 %),0,0,0,0,8,49.0
06/11/2015,-3120,-381560000,124(0.00 %),0,0,3120,381560000,3128,48.99
09/11/2015,0,0,123(-0.81 %),0,0,0,0,3128,48.99
10/11/2015,-240,-29040000,121(-1.63 %),0,0,240,29040000,3368,48.99
11/11/2015,-11690,-1425180000,122(0.83 %),0,0,11690,1425180000,15058,48.97
12/11/2015,3120,380640000,125(2.46 %),3120,380640000,0,0,11938,48.97
13/11/2015,-16250,-2119000000,133(6.40 %),70000,8850000000,86250,10969000000,28188,48.94
16/11/2015,-14820,-2005480000,138(3.76 %),130240,16282680000,145060,18288160000,43008,48.91
17/11/2015,7810,1076900000,135(-2.17 %),7810,1076900000,0,0,35198,48.92
18/11/2015,3880,512160000,139(2.96 %),3880,512160000,0,0,31318,48.93
19/11/2015,14950,2051610000,136(-2.16 %),16250,2228410000,1300,176800000,16368,48.96
20/11/2015,15060,2062820000,136(0.00 %),15060,2062820000,0,0,1308,49.0
23/11/2015,0,0,136(0.00 %),0,0,0,0,1308,49.0
24/11/2015,0,0,132(-2.94 %),0,0,0,0,8,49.0
25/11/2015,400,52890000,132(0.00 %),1300,170790000,900,117900000,8,49.0
26/11/2015,0,0,128(-3.03 %),0,0,0,0,8,49.0
27/11/2015,0,0,127(-0.78 %),0,0,0,0,8,49.0
30/11/2015,0,0,123(-3.15 %),20000,2560000000,20000,2560000000,8,49.0
01/12/2015,900,112500000,124(0.81 %),900,112500000,0,0,8,49.0
02/12/2015,0,0,127(2.42 %),0,0,0,0,8,49.0
03/12/2015,-130,-16510000,128(0.79 %),0,0,130,16510000,8,49.0
04/12/2015,0,0,127(-0.78 %),0,0,0,0,8,49.0
07/12/2015,0,0,127(0.00 %),0,0,0,0,8,49.0
08/12/2015,0,0,131(3.15 %),0,0,0,0,8,49.0
09/12/2015,-4350,-579110000,131(0.00 %),130,17290000,4480,596400000,8,49.0
10/12/2015,0,0,129(-1.53 %),0,0,0,0,8,49.0
11/12/2015,0,0,131(1.55 %),20000,2640000000,20000,2640000000,8,49.0
14/12/2015,0,0,130(-0.76 %),0,0,0,0,8,49.0
15/12/2015,4480,591300000,134(3.08 %),4480,591300000,0,0,8,49.0
16/12/2015,-740,-99160000,134(0.00 %),0,0,740,99160000,8,49.0
17/12/2015,0,0,136(1.49 %),0,0,0,0,8,49.0
18/12/2015,0,0,136(0.00 %),0,0,0,0,8,49.0
21/12/2015,0,0,134(-1.47 %),0,0,0,0,8,49.0
22/12/2015,-3700,-491700000,132(-1.49 %),400,53600000,4100,545300000,348,49.0
23/12/2015,340,44370000,129(-0.76 %),340,44370000,0,0,8,49.0
24/12/2015,0,0,128(-0.78 %),0,0,0,0,8,49.0
25/12/2015,0,0,129(0.78 %),0,0,0,0,8,49.0
28/12/2015,4100,541100000,132(2.33 %),4100,541100000,0,0,8,49.0
29/12/2015,0,0,133(0.76 %),0,0,0,0,8,49.0
30/12/2015,0,0,131(-1.50 %),0,0,0,0,8,49.0
31/12/2015,0,0,131(0.00 %),0,0,0,0,8,49.0
04/01/2016,0,0,128(-2.29 %),0,0,0,0,8,49.0
05/01/2016,-1560,-198120000,126(-1.56 %),0,0,1560,198120000,8,49.0
06/01/2016,-730,-92710000,128(1.59 %),0,0,730,92710000,8,49.0
07/01/2016,0,0,125(-2.34 %),0,0,0,0,8,49.0
08/01/2016,-2100,-258890000,125(0.00 %),1500,186300000,3600,445190000,68,49.0
11/01/2016,-710,-84250000,122(-2.40 %),790,98750000,1500,183000000,8,49.0
12/01/2016,-10680,-1302960000,124(1.64 %),0,0,10680,1302960000,8,49.0
13/01/2016,-1710,-227970000,127(2.42 %),103600,13013900000,105310,13241870000,8,49.0
14/01/2016,1500,190500000,125(-1.57 %),1500,190500000,0,0,8,49.0
15/01/2016,4500,573980000,123(-1.60 %),10690,1336250000,6190,762270000,2,49.0
18/01/2016,5310,642510000,120(-2.44 %),125310,15905510000,120000,15263000000,2,49.0
19/01/2016,-1550,-186500000,121(0.83 %),0,0,1550,186500000,2,49.0
20/01/2016,-2500,-295760000,120(-0.83 %),6190,748990000,8690,1044750000,2,49.0
21/01/2016,0,0,118(-1.67 %),0,0,0,0,2,49.0
22/01/2016,-4510,-513720000,118(0.00 %),1550,184450000,6060,698170000,4,49.0
25/01/2016,8690,1025420000,120(1.69 %),8690,1025420000,0,0,4,49.0
26/01/2016,-3430,-399340000,116(-3.33 %),0,0,3430,399340000,4,49.0
27/01/2016,6060,709020000,117(0.86 %),6060,709020000,0,0,4,49.0
28/01/2016,-650,-76700000,118(0.85 %),25000,3125000000,25650,3201700000,4,49.0
29/01/2016,3430,404740000,121(2.54 %),3430,404740000,0,0,4,49.0
01/02/2016,0,0,119(-1.65 %),0,0,0,0,4,49.0
02/02/2016,-4350,-514300000,118(-0.84 %),650,76700000,5000,591000000,4,49.0
03/02/2016,-1500,-181500000,122(3.39 %),0,0,1500,181500000,4,49.0
04/02/2016,0,0,122(0.00 %),0,0,0,0,4,49.0
05/02/2016,5000,605000000,122(0.00 %),5000,605000000,0,0,4,49.0
15/02/2016,400,49540000,121(-0.82 %),1500,183000000,1100,133460000,4,49.0
16/02/2016,0,0,125(3.31 %),0,0,0,0,4,49.0
17/02/2016,-5000,-640000000,128(2.40 %),0,0,5000,640000000,4,49.0
18/02/2016,-1280,-165120000,129(0.78 %),1100,141900000,2380,307020000,4,49.0
19/02/2016,0,0,128(-0.78 %),20000,2660000000,20000,2660000000,4,49.0
22/02/2016,5000,640000000,131(2.34 %),5000,640000000,0,0,4,49.0
23/02/2016,2380,316540000,130(-0.76 %),2380,316540000,0,0,4,49.0
24/02/2016,0,0,129(-0.77 %),0,0,0,0,4,49.0
25/02/2016,-130,-16900000,130(0.78 %),0,0,130,16900000,4,49.0
26/02/2016,0,0,130(0.00 %),21440,2830080000,21440,2830080000,4,49.0
29/02/2016,-4740,-611460000,130(0.00 %),0,0,4740,611460000,4,49.0
01/03/2016,-16770,-2230800000,135(3.85 %),130,16900000,16900,2247700000,4,49.0
02/03/2016,-3400,-468810000,138(2.22 %),0,0,3400,468810000,4,49.0
03/03/2016,810,111780000,138(0.00 %),4740,654120000,3930,542340000,4,49.0
04/03/2016,-9440,-1308020000,139(0.72 %),7280,1004540000,16720,2312560000,9624,48.98
07/03/2016,11900,1657980000,135(-2.88 %),12870,1788930000,970,130950000,154,49.0
08/03/2016,4000,540000000,135(0.00 %),4000,540000000,0,0,84,49.0
09/03/2016,20,2700000,134(-0.74 %),20,2700000,0,0,16784,48.96
10/03/2016,0,0,135(0.75 %),0,0,0,0,17754,48.96
11/03/2016,17750,2414000000,135(0.00 %),17750,2414000000,0,0,4,49.0
14/03/2016,0,0,136(0.74 %),0,0,0,0,4,49.0
15/03/2016,0,0,135(-0.74 %),0,0,0,0,4,49.0
16/03/2016,0,0,136(0.74 %),0,0,0,0,4,49.0
17/03/2016,-2420,-329290000,137(0.74 %),48000,6576000000,50420,6905290000,4,49.0
18/03/2016,0,0,143(4.38 %),0,0,0,0,4,49.0
21/03/2016,0,0,144(0.70 %),0,0,0,0,4,49.0
22/03/2016,770,110110000,141(-2.08 %),172270,25739780000,171500,25629670000,654,49.0
23/03/2016,650,91650000,142(0.71 %),650,91650000,0,0,4,49.0
24/03/2016,-26080,-3938080000,150(5.63 %),110000,16610000000,136080,20548080000,4,49.0
25/03/2016,1000,149000000,151(0.67 %),115733,17438950000,114733,17289950000,4,49.0
28/03/2016,-124500,-18951850000,153(1.32 %),150000,22780000000,274500,41731850000,4,49.0
29/03/2016,19080,2976240000,152(-0.65 %),26080,4042400000,7000,1066160000,4,49.0
30/03/2016,-1990,-301880000,152(0.00 %),0,0,1990,301880000,6,49.0
31/03/2016,5810,886210000,145(-4.61 %),9630,1460760000,3820,574550000,114876,48.75
01/04/2016,0,0,145(0.00 %),0,0,0,0,121876,48.73
04/04/2016,0,0,144(-0.69 %),0,0,0,0,123866,48.73
05/04/2016,900,133200000,148(2.78 %),71900,10552660000,71000,10419460000,126786,48.72
06/04/2016,-29650,-4437760000,150(1.35 %),100,15100000,29750,4452860000,126686,48.72
07/04/2016,-2270,-335670000,151(0.67 %),60500,9132300000,62770,9467970000,116186,48.74
08/04/2016,7700,1146800000,150(-0.66 %),79700,11778800000,72000,10632000000,106486,48.77
11/04/2016,1340,201000000,151(0.67 %),1340,201000000,0,0,134896,48.7
12/04/2016,-20000,-3000000000,150(-0.66 %),0,0,20000,3000000000,147666,48.68
13/04/2016,330,48510000,147(-2.00 %),330,48510000,0,0,149336,48.67
14/04/2016,-11380,-1660100000,144(-2.04 %),0,0,11380,1660100000,149336,48.67
15/04/2016,38950,5643750000,146(1.39 %),40600,5883000000,1650,239250000,128736,48.72
19/04/2016,-36920,-5157980000,137(-6.16 %),0,0,36920,5157980000,128736,48.72
20/04/2016,-13610,-1835950000,133(-2.92 %),10,1370000,13620,1837320000,140106,48.69
21/04/2016,-10500,-1424000000,135(1.50 %),13500,1811000000,24000,3235000000,128256,48.72
22/04/2016,0,0,140(3.70 %),0,0,0,0,165176,48.64
25/04/2016,-2020,-284800000,140(0.00 %),440,61600000,2460,346400000,178356,48.61
26/04/2016,0,0,139(-0.71 %),0,0,0,0,202356,48.56
27/04/2016,-10,110000,138(-0.72 %),1430,197540000,1440,197430000,200926,48.56
28/04/2016,0,0,138(0.00 %),0,0,0,0,203386,48.55
29/04/2016,42640,5926670000,141(2.17 %),42640,5926670000,0,0,160746,48.65
04/05/2016,24230,3383080000,141(0.00 %),24690,3447020000,460,63940000,137498,48.7
05/05/2016,11170,1610790000,146(3.55 %),13800,1986880000,2630,376090000,123698,48.73
06/05/2016,4980,722280000,143(-2.05 %),4980,722280000,0,0,118718,48.74
09/05/2016,39400,5671050000,144(0.70 %),39400,5671050000,0,0,79778,48.82
10/05/2016,13000,1858170000,144(0.00 %),13000,1858170000,0,0,69408,48.85
11/05/2016,69070,9968730000,145(0.69 %),69070,9968730000,0,0,338,49.0
12/05/2016,160,23200000,144(-0.69 %),330,47850000,170,24650000,8,49.0
13/05/2016,-17400,-2486960000,143(-0.69 %),0,0,17400,2486960000,8,49.0
16/05/2016,-17100,-2452400000,144(0.70 %),0,0,17100,2452400000,8,49.0
17/05/2016,70,10150000,145(0.69 %),70,10150000,0,0,108,49.0
18/05/2016,17500,2555000000,145(0.00 %),17500,2555000000,0,0,8,49.0
19/05/2016,17100,2411100000,141(-2.76 %),17100,2411100000,0,0,8,49.0
20/05/2016,0,0,140(-0.71 %),0,0,0,0,13,49.0
23/05/2016,0,0,140(0.00 %),0,0,0,0,13,49.0
24/05/2016,-910,-129220000,142(1.43 %),0,0,910,129220000,13,49.0
25/05/2016,0,0,141(-0.70 %),0,0,0,0,13,49.0
26/05/2016,10,1390000,137(-2.84 %),10,1390000,0,0,3,49.0
27/05/2016,910,123760000,138(0.73 %),910,123760000,0,0,3,49.0
30/05/2016,0,0,138(0.00 %),0,0,0,0,3,49.0
31/05/2016,0,0,139(0.72 %),0,0,0,0,3,49.0
01/06/2016,0,0,136(-2.16 %),0,0,0,0,3,49.0
02/06/2016,0,0,137(0.74 %),0,0,0,0,3,49.0
03/06/2016,0,0,134(-2.19 %),0,0,0,0,3,49.0
06/06/2016,0,0,133(-0.75 %),0,0,0,0,3,49.0
07/06/2016,-30,-3960000,135(1.50 %),68900,9701120000,68930,9705080000,3,49.0
08/06/2016,-90,-12150000,135(0.00 %),50000,7000000000,50090,7012150000,3,49.0
09/06/2016,0,0,135(0.00 %),0,0,0,0,3,49.0
10/06/2016,30,4080000,135(0.00 %),30,4080000,0,0,3,49.0
13/06/2016,90,12240000,135(0.00 %),70090,9692240000,70000,9680000000,3,49.0
14/06/2016,-910,-122850000,135(0.00 %),0,0,910,122850000,3,49.0
15/06/2016,-5000,-700000000,141(4.44 %),0,0,5000,700000000,3,49.0
16/06/2016,-170,-23890000,140(-0.71 %),0,0,170,23890000,3,49.0
17/06/2016,910,127400000,140(0.00 %),910,127400000,0,0,3,49.0
20/06/2016,0,0,144(2.86 %),5000,710000000,5000,710000000,3,49.0
21/06/2016,-5370,-785560000,145(0.69 %),170,24820000,5540,810380000,3,49.0
22/06/2016,-10,-1450000,146(0.69 %),0,0,10,1450000,3,49.0
23/06/2016,5000,730000000,146(0.00 %),5000,730000000,0,0,3,49.0
24/06/2016,4460,660880000,144(-1.37 %),5540,808840000,1080,147960000,3,49.0
27/06/2016,0,0,141(-2.08 %),0,0,0,0,13,49.0
28/06/2016,10,1410000,146(3.55 %),30010,4501410000,30000,4500000000,3,49.0
29/06/2016,1080,157680000,145(-0.68 %),1080,157680000,0,0,3,49.0
30/06/2016,-800,-116800000,146(0.69 %),0,0,800,116800000,3,49.0
01/07/2016,-7600,-1117200000,149(2.05 %),0,0,7600,1117200000,5,49.0
04/07/2016,-5000,-760000000,159(6.71 %),0,0,5000,760000000,5,49.0
05/07/2016,-1200,-196400000,162(1.89 %),800,129600000,2000,326000000,5,49.0
06/07/2016,4300,697430000,161(-0.62 %),7600,1231200000,3300,533770000,5,49.0
07/07/2016,3000,499000000,163(1.24 %),5000,825000000,2000,326000000,5,49.0
08/07/2016,1000,161000000,163(0.00 %),2000,326000000,1000,165000000,5,49.0
11/07/2016,3300,537900000,156(-4.29 %),3300,537900000,0,0,5,49.0
12/07/2016,1130,180890000,158(1.28 %),2000,314000000,870,133110000,5,49.0
13/07/2016,1000,160000000,159(0.63 %),1000,160000000,0,0,5,49.0
14/07/2016,0,0,161(1.26 %),0,0,0,0,5,49.0
15/07/2016,870,140940000,166(3.11 %),870,140940000,0,0,5,49.0
18/07/2016,0,0,167(0.60 %),0,0,0,0,5,49.0
19/07/2016,0,0,163(-2.40 %),0,0,0,0,5,49.0
20/07/2016,0,0,163(0.00 %),0,0,0,0,5,49.0
21/07/2016,0,0,167(2.45 %),0,0,0,0,5,49.0
22/07/2016,0,0,163(-2.40 %),0,0,0,0,5,49.0
25/07/2016,0,0,159(-2.45 %),0,0,0,0,5,49.0
26/07/2016,0,0,158(-0.63 %),0,0,0,0,5,49.0
27/07/2016,0,0,160(1.27 %),0,0,0,0,5,49.0
28/07/2016,0,0,164(2.50 %),0,0,0,0,5,49.0
29/07/2016,-1400,-229600000,163(-0.61 %),73000,11972000000,74400,12201600000,5,49.0
01/08/2016,-1000,-158000000,155(-4.91 %),0,0,1000,158000000,5,49.0
02/08/2016,-1170,-173400000,147(-5.16 %),0,0,1170,173400000,5,49.0
03/08/2016,1400,207200000,146(-0.68 %),1400,207200000,0,0,5,49.0
04/08/2016,-2430,-354780000,145(-0.68 %),1000,146000000,3430,500780000,5,49.0
05/08/2016,1170,167310000,147(1.38 %),1170,167310000,0,0,5,49.0
08/08/2016,-5430,-787350000,144(-2.04 %),73000,11461000000,78430,12248350000,5,49.0
09/08/2016,3430,493920000,148(2.78 %),3430,493920000,0,0,5,49.0
10/08/2016,0,0,149(0.68 %),0,0,0,0,5,49.0
11/08/2016,5310,796140000,154(3.36 %),5430,814500000,120,18360000,5,49.0
12/08/2016,0,0,151(-1.95 %),0,0,0,0,5,49.0
15/08/2016,0,0,148(-1.99 %),0,0,0,0,5,49.0
16/08/2016,120,18000000,149(0.68 %),120,18000000,0,0,5,49.0
17/08/2016,0,0,159(6.71 %),0,0,0,0,5,49.0
18/08/2016,-2190,-350400000,160(0.63 %),0,0,2190,350400000,5,49.0
19/08/2016,0,0,157(-1.88 %),0,0,0,0,5,49.0
22/08/2016,-1640,-254200000,155(-1.27 %),0,0,1640,254200000,5,49.0
23/08/2016,2200,341000000,158(1.94 %),2200,341000000,0,0,2,49.0
24/08/2016,-4370,-690460000,157(-0.63 %),0,0,4370,690460000,2,49.0
25/08/2016,1640,255840000,158(0.64 %),57350,9559410000,55710,9303570000,2,49.0
26/08/2016,0,0,160(1.27 %),0,0,0,0,5,49.0
29/08/2016,4370,699200000,158(-1.25 %),4370,699200000,0,0,5,49.0
30/08/2016,-1830,-289140000,158(0.00 %),0,0,1830,289140000,5,49.0
31/08/2016,-730,-115340000,163(3.16 %),0,0,730,115340000,5,49.0
01/09/2016,-1090,-176580000,164(0.61 %),0,0,1090,176580000,5,49.0
05/09/2016,1830,301950000,164(0.00 %),1830,301950000,0,0,5,49.0
06/09/2016,-2270,-388750000,170(3.66 %),730,121250000,3000,510000000,5,49.0
07/09/2016,1090,186390000,171(0.59 %),21090,3646390000,20000,3460000000,5,49.0
08/09/2016,-2190,-376680000,171(0.00 %),0,0,2190,376680000,5,49.0
09/09/2016,-2110,-366000000,171(0.00 %),3000,510000000,5110,876000000,5,49.0
12/09/2016,-16920,-2841850000,168(-1.75 %),0,0,16920,2841850000,5,49.0
13/09/2016,-7460,-1242450000,168.5(0.30 %),2190,370110000,9650,1612560000,5,49.0
14/09/2016,3650,613640000,172.4(2.31 %),5110,863590000,1460,249950000,5,49.0
15/09/2016,6090,1067270000,174.9(1.45 %),16920,2944080000,10830,1876810000,5,49.0
16/09/2016,9650,1685750000,174.5(-0.23 %),9650,1685750000,0,0,5,49.0
19/09/2016,240,41280000,170.5(-2.29 %),240,41280000,0,0,1225,49.0
20/09/2016,10590,1829110000,171.5(0.59 %),12050,2079830000,1460,250720000,7,49.0
21/09/2016,-5100,-884140000,173.9(1.40 %),0,0,5100,884140000,7,49.0
22/09/2016,0,0,175(0.63 %),0,0,0,0,7,49.0
23/09/2016,-3540,-622200000,175.5(0.29 %),1460,255500000,5000,877700000,7,49.0
26/09/2016,-20890,-3772390000,179(1.99 %),195100,35360730000,215990,39133120000,7,49.0
27/09/2016,-6380,-1156970000,182(1.68 %),60000,10926000000,66380,12082970000,7,49.0
28/09/2016,-9060,-1663700000,185(1.65 %),5000,915000000,14060,2578700000,7,49.0
29/09/2016,10190,1970830000,193.8(4.76 %),25990,5009640000,15800,3038810000,7,49.0
30/09/2016,4560,894570000,193.8(0.00 %),6380,1247290000,1820,352720000,7,49.0
03/10/2016,-6440,-1259170000,196(1.14 %),750,144000000,7190,1403170000,13317,48.97
04/10/2016,23340,4653850000,194(-1.02 %),29110,5792620000,5770,1138770000,7,49.0
05/10/2016,-6460,-1246880000,194(0.00 %),0,0,6460,1246880000,1827,49.0
06/10/2016,-2670,-520940000,197(1.55 %),9010,1765960000,11680,2286900000,7,49.0
07/10/2016,-17440,-3430970000,196(-0.51 %),100,19410000,17540,3450380000,5677,48.99
10/10/2016,0,0,192(-2.04 %),0,0,0,0,12137,48.97
11/10/2016,0,0,192.2(0.10 %),0,0,0,0,23817,48.95
12/10/2016,0,0,195.8(1.87 %),0,0,0,0,41357,48.91
13/10/2016,-27040,-5277400000,197(0.61 %),210,40740000,27250,5318140000,41147,48.91
14/10/2016,-18580,-3717820000,200(1.52 %),1150,227130000,19730,3944950000,39997,48.91
17/10/2016,-11820,-2381540000,203(1.50 %),0,0,11820,2381540000,39997,48.91
18/10/2016,4820,977980000,203(0.00 %),4820,977980000,0,0,62427,48.86
19/10/2016,10680,2183130000,205.7(1.33 %),15050,3083120000,4370,899990000,67099,48.85
20/10/2016,-710,-144840000,203.5(-1.07 %),55156,11345560000,55866,11490400000,78899,48.83
21/10/2016,-2910,-592270000,203.3(-0.10 %),90,18230000,3000,610500000,78809,48.83
24/10/2016,53420,10682760000,200(-1.62 %),69660,13930050000,16240,3247290000,13519,48.97
25/10/2016,-910,-177810000,199(-0.50 %),0,0,910,177810000,14249,48.97
26/10/2016,9720,1915240000,199.5(0.25 %),9720,1915240000,0,0,7529,48.98
27/10/2016,19800,3965500000,200.8(0.65 %),19800,3965500000,0,0,3969,48.99
28/10/2016,4870,972000000,200.8(0.00 %),84870,16972000000,80000,16000000000,9,49.0
31/10/2016,0,0,201.8(0.50 %),0,0,0,0,9,49.0
01/11/2016,0,0,201.7(-0.05 %),0,0,0,0,9,49.0
02/11/2016,0,0,200.6(-0.55 %),0,0,0,0,9,49.0
03/11/2016,-10,-1970000,196(-2.29 %),0,0,10,1970000,9,49.0
04/11/2016,-2530,-499420000,198(1.02 %),50000,9850000000,52530,10349420000,9,49.0
07/11/2016,0,0,202(2.02 %),24030,4878090000,24030,4878090000,9,49.0
08/11/2016,0,0,202(0.00 %),0,0,0,0,19,49.0
09/11/2016,2540,512830000,200(-0.99 %),22540,4532830000,20000,4020000000,9,49.0
10/11/2016,0,0,201(0.50 %),0,0,0,0,9,49.0
11/11/2016,-9070,-1814740000,200(-0.50 %),0,0,9070,1814740000,9,49.0
14/11/2016,-3550,-701880000,197.3(-1.35 %),0,0,3550,701880000,9,49.0
15/11/2016,-5400,-1061670000,196(-0.66 %),0,0,5400,1061670000,9,49.0
16/11/2016,-2430,-475850000,196.5(0.26 %),800,157600000,3230,633450000,8279,48.98
17/11/2016,-14460,-2830390000,195(-0.76 %),50000,9800000000,64460,12630390000,11829,48.97
18/11/2016,-11570,-2246370000,194.9(-0.05 %),0,0,11570,2246370000,17229,48.96
21/11/2016,60,11670000,194.5(-0.21 %),60,11670000,0,0,20399,48.96
22/11/2016,-5620,-1078910000,194.4(-0.05 %),4300,828070000,9920,1906980000,30559,48.93
23/11/2016,-3030,-587300000,195(0.31 %),2810,545610000,5840,1132910000,39319,48.91
24/11/2016,1480,288680000,195.3(0.15 %),1480,288680000,0,0,37839,48.92
25/11/2016,210,40680000,195(-0.15 %),210,40680000,0,0,47549,48.9
28/11/2016,10220,1986790000,194.5(-0.26 %),10220,1986790000,0,0,43169,48.91
29/11/2016,120,23310000,194.5(0.00 %),120,23310000,0,0,43049,48.91
30/11/2016,34010,6613130000,195(0.26 %),34010,6613130000,0,0,9039,48.98
01/12/2016,0,0,194.5(-0.26 %),0,0,0,0,9039,48.98
02/12/2016,-500,-96700000,194.5(0.00 %),0,0,500,96700000,9039,48.98
05/12/2016,0,0,194(-0.26 %),0,0,0,0,9039,48.98
06/12/2016,7240,1393850000,190(-2.06 %),9030,1736610000,1790,342760000,9,49.0
07/12/2016,-400,-74590000,189(-0.53 %),500,94700000,900,169290000,9,49.0
08/12/2016,0,0,187.5(-0.79 %),0,0,0,0,9,49.0
09/12/2016,1790,341710000,190.7(1.71 %),1790,341710000,0,0,9,49.0
12/12/2016,900,171630000,189.9(-0.42 %),900,171630000,0,0,9,49.0
13/12/2016,-520,-99300000,195(2.69 %),0,0,520,99300000,9,49.0
14/12/2016,-2580,-489620000,193(-1.03 %),20165,3831350000,22745,4320970000,9,49.0
15/12/2016,0,0,193(0.00 %),0,0,0,0,9,49.0
16/12/2016,520,98850000,195(1.04 %),520,98850000,0,0,9,49.0
19/12/2016,2580,506970000,195(0.00 %),2580,506970000,0,0,9,49.0
20/12/2016,0,0,193.5(-0.77 %),0,0,0,0,9,49.0
21/12/2016,-6800,-1297130000,194.9(0.72 %),0,0,6800,1297130000,18,49.0
22/12/2016,0,0,193.9(-0.51 %),10,1950000,10,1950000,8,49.0
23/12/2016,-10,-1920000,193.8(-0.05 %),0,0,10,1920000,8,49.0
26/12/2016,6800,1326000000,193.9(0.05 %),6800,1326000000,0,0,8,49.0
27/12/2016,10,1930000,193(-0.46 %),10,1930000,0,0,8,49.0
28/12/2016,10,1930000,192.9(-0.05 %),10,1930000,0,0,8,49.0
29/12/2016,-7000,-1342180000,192.9(0.00 %),0,0,7000,1342180000,8,49.0
30/12/2016,0,0,191(0.06 %),0,0,0,0,8,49.0
03/01/2017,-1250,-237200000,190(-0.52 %),0,0,1250,237200000,8,49.0
04/01/2017,7000,1336300000,190.6(0.32 %),7000,1336300000,0,0,8,49.0
05/01/2017,-20130,-3793930000,190.5(-0.05 %),0,0,20130,3793930000,8,49.0
06/01/2017,-18880,-3527210000,185.1(-2.83 %),58000,11243380000,76880,14770590000,8,49.0
09/01/2017,-7330,-1339260000,185(-0.05 %),0,0,7330,1339260000,8,49.0
10/01/2017,1790,316890000,184.8(-0.11 %),16790,3063910000,15000,2747020000,3348,48.99
11/01/2017,-18400,-3420600000,185.4(0.32 %),20100,3727580000,38500,7148180000,3378,48.99
12/01/2017,10180,1911320000,189.3(2.10 %),10700,2009390000,520,98070000,8,49.0
13/01/2017,340,65920000,189.3(0.00 %),35000,6622470000,34660,6556550000,8,49.0
16/01/2017,19310,3699430000,188.5(-0.42 %),38210,7240910000,18900,3541480000,298,49.0
17/01/2017,-8230,-1531680000,185(-1.86 %),0,0,8230,1531680000,818,49.0
18/01/2017,-10240,-1883930000,185(0.00 %),15470,2906990000,25710,4790920000,8,49.0
19/01/2017,-4000,-711240000,185.2(0.11 %),18900,3546270000,22900,4257510000,8,49.0
20/01/2017,-8670,-1631900000,189.5(2.32 %),8230,1544920000,16900,3176820000,8,49.0
23/01/2017,1390,269130000,193(1.85 %),18290,3509500000,16900,3240370000,7428,48.98
24/01/2017,27320,5279680000,195(1.04 %),27320,5279680000,0,0,3008,48.99
25/01/2017,7120,1418960000,193(-1.03 %),19900,3889120000,12780,2470160000,8,49.0
02/02/2017,14360,2772710000,193.3(0.16 %),267990,51730220000,253630,48957510000,548,49.0
03/02/2017,400,77250000,192.5(-0.41 %),400,77250000,0,0,148,49.0
06/02/2017,-7510,-1448870000,194.5(1.04 %),110,21120000,7620,1469990000,12818,48.97
07/02/2017,510,99890000,196(0.77 %),510,99890000,0,0,14308,48.97
08/02/2017,1040,204710000,195.9(-0.05 %),1040,204710000,0,0,13268,48.97
09/02/2017,200,39180000,194.9(-0.51 %),200,39180000,0,0,20688,48.95
10/02/2017,6700,1299750000,193.5(-0.72 %),6700,1299750000,0,0,13988,48.97
13/02/2017,13750,2676510000,195.3(0.93 %),13750,2676510000,0,0,238,49.0
14/02/2017,210,40770000,194.7(-0.31 %),210,40770000,0,0,28,49.0
15/02/2017,-300,-58380000,194.7(0.00 %),0,0,300,58380000,28,49.0
16/02/2017,10,1940000,193.7(-0.51 %),10,1940000,0,0,18,49.0
17/02/2017,-16500,-3162690000,191.5(-1.14 %),0,0,16500,3162690000,18,49.0
20/02/2017,-14250,-2712160000,190(-0.78 %),0,0,14250,2712160000,318,49.0
21/02/2017,-33920,-6408390000,190(0.00 %),0,0,33920,6408390000,318,49.0
22/02/2017,-21320,-4010120000,188(-1.05 %),1300,246390000,22620,4256510000,15518,48.97
23/02/2017,-36770,-6911570000,187(-0.53 %),450,84210000,37220,6995780000,29318,48.94
24/02/2017,-12710,-2380490000,188.4(0.75 %),190,35720000,12900,2416210000,63048,48.86
27/02/2017,-1610,-301490000,188(-0.21 %),1540,287940000,3150,589430000,132510,48.71
28/02/2017,-47140,-8699480000,187(-0.53 %),240,44380000,47380,8743860000,121108,48.73
01/03/2017,-69200,-13100410000,189(1.07 %),1500,283850000,70700,13384260000,132510,48.71
02/03/2017,-19920,-3770090000,188.2(-0.42 %),1830,346410000,21750,4116500000,133830,48.71
03/03/2017,110,20720000,189.8(0.85 %),110,20720000,0,0,181100,48.6
06/03/2017,-29210,-5465820000,188.8(-0.53 %),190,35880000,29400,5501700000,251610,48.45
07/03/2017,-2870,-534270000,187.9(-0.48 %),130,24240000,3000,558510000,273230,48.4
08/03/2017,-790,-147940000,187.7(-0.11 %),1140,213810000,1930,361750000,272090,48.4
09/03/2017,-2540,-475090000,187(-0.37 %),30,5630000,2570,480720000,301460,48.34
10/03/2017,-1140,-211870000,186(-0.53 %),830,154550000,1970,366420000,303630,48.33
13/03/2017,20,3720000,187(0.54 %),20,3720000,0,0,305540,48.33
14/03/2017,-9600,-1824050000,190.5(1.87 %),0,0,9600,1824050000,308110,48.32
15/03/2017,-2850,-542030000,190.5(0.00 %),80,15170000,2930,557200000,310000,48.32
16/03/2017,-2120,-404240000,189.9(-0.31 %),8030,1524260000,10150,1928500000,301970,48.34
17/03/2017,16150,3051390000,189.8(-0.05 %),16150,3051390000,0,0,301970,48.34
20/03/2017,-9840,-1869800000,189.9(0.05 %),13130,2494500000,22970,4364300000,301970,48.34
21/03/2017,16730,3231930000,193.5(1.90 %),21820,4216850000,5090,984920000,301970,48.34
22/03/2017,-1680,-316860000,193(-0.26 %),11320,2187810000,13000,2504670000,301970,48.34
23/03/2017,18610,3631330000,197.9(2.54 %),72520,14079540000,53910,10448210000,301970,48.34
24/03/2017,10710,2125190000,198(0.05 %),23890,4726080000,13180,2600890000,301970,48.34
27/03/2017,58210,11812310000,205.5(3.79 %),58210,11812310000,0,0,301970,48.34
28/03/2017,29460,6065840000,205.5(0.00 %),29460,6065840000,0,0,301970,48.34
29/03/2017,19010,3903310000,205(-0.24 %),19010,3903310000,0,0,301970,48.34
30/03/2017,-33690,-6863170000,203.1(-0.93 %),22810,4707300000,56500,11570470000,301970,48.34
31/03/2017,12010,2487680000,205.7(1.28 %),98090,20196970000,86080,17709290000,301970,48.34
03/04/2017,4650,993320000,202.1(-1.75 %),40650,8353550000,36000,7360230000,90640,48.8
04/04/2017,-16680,-3316400000,196(-3.02 %),1220,242000000,17900,3558400000,145920,48.68
05/04/2017,120,23230000,195(-0.51 %),120,23230000,0,0,146980,48.68
07/04/2017,1500,292220000,195(0.00 %),1500,292220000,0,0,181480,48.6
10/04/2017,73000,14464380000,200(2.56 %),73000,14464380000,0,0,126380,48.72
11/04/2017,19100,3795590000,199.3(-0.35 %),19100,3795590000,0,0,107280,48.76
12/04/2017,11050,2187980000,198.5(-0.40 %),11050,2187980000,0,0,96230,48.79
13/04/2017,5540,1099020000,198.9(0.20 %),35540,7039020000,30000,5940000000,90690,48.8
14/04/2017,-2790,-543770000,198.8(-0.05 %),10,1950000,2800,545720000,90680,48.8
17/04/2017,0,0,197(-0.91 %),0,0,0,0,90680,48.8
18/04/2017,-10,-1970000,196(-0.51 %),0,0,10,1970000,90680,48.8
19/04/2017,0,0,194.6(-0.71 %),10000,1950000000,10000,1950000000,83480,48.82
20/04/2017,130,25150000,191.2(-1.75 %),130,25150000,0,0,83350,48.82
21/04/2017,-21330,-4010900000,188.5(-1.41 %),5670,1070040000,27000,5080940000,77690,48.83
24/04/2017,-18180,-3358930000,184.8(-1.96 %),100,18500000,18280,3377430000,87590,48.81
25/04/2017,2370,436020000,188(1.73 %),2370,436020000,0,0,85220,48.81
26/04/2017,-27370,-5122770000,187.9(-0.05 %),2630,495910000,30000,5618680000,109590,48.76
27/04/2017,-22270,-4151030000,187(-0.48 %),79080,14787910000,101350,18938940000,127790,48.72
28/04/2017,-8310,-1539730000,187(0.00 %),190,35300000,8500,1575030000,127600,48.72
03/05/2017,-31110,-5760280000,185(-1.07 %),30030,5570550000,61140,11330830000,127570,48.72
04/05/2017,-66640,-12205880000,182.8(-1.19 %),21250,3890980000,87890,16096860000,128670,48.72
05/05/2017,-37300,-6760430000,182.4(-0.22 %),30190,5467190000,67490,12227620000,146980,48.68
08/05/2017,-32200,-5799210000,180(-1.32 %),3100,558170000,35300,6357380000,195020,48.57
09/05/2017,-36470,-6576230000,182(1.11 %),15510,2805650000,51980,9381880000,267400,48.41
10/05/2017,-30550,-5561120000,181.9(-0.05 %),30,5440000,30580,5566560000,304860,48.33
11/05/2017,-21240,-3842150000,181.9(0.00 %),1750,316750000,22990,4158900000,338410,48.26
12/05/2017,-64010,-11682200000,185.5(1.98 %),7800,1434030000,71810,13116230000,382590,48.16
15/05/2017,-18240,-3388410000,185.5(0.00 %),1820,339360000,20060,3727770000,411350,48.1
16/05/2017,-26000,-4795590000,185(-0.27 %),4000,739680000,30000,5535270000,430340,48.05
17/05/2017,-13500,-2467200000,183(-1.08 %),3500,646510000,17000,3113710000,498650,47.9
18/05/2017,-39450,-7193180000,183.9(0.49 %),11350,2073110000,50800,9266290000,507360,47.88
19/05/2017,-33250,-6060030000,182.5(-0.76 %),3160,577490000,36410,6637520000,534200,47.83
22/05/2017,-16330,-2931240000,181(-0.82 %),53310,9642580000,69640,12573820000,497890,47.91
23/05/2017,-45830,-8133690000,178(-1.66 %),740,133860000,46570,8267550000,547950,47.8
24/05/2017,-177110,-31080620000,174.2(-2.13 %),670,117450000,177780,31198070000,583690,47.72
25/05/2017,-32790,-5705190000,174(-0.11 %),1210,211560000,34000,5916750000,652120,47.57
26/05/2017,-3490,-624050000,183(5.17 %),10,1750000,3500,625800000,698680,47.46
29/05/2017,3790,695310000,180.5(-1.37 %),42500,7764310000,38710,7069000000,863960,47.1
30/05/2017,-40400,-7316060000,180.7(0.11 %),1600,291160000,42000,7607220000,896360,47.03
31/05/2017,-1590,-286240000,180.6(-0.06 %),138610,25030870000,140200,25317110000,897450,47.03
01/06/2017,45620,8393180000,185(2.44 %),45620,8393180000,0,0,860540,47.11
02/06/2017,-36420,-6661780000,183.9(-0.59 %),8420,1544980000,44840,8206760000,894120,47.03
05/06/2017,9370,1728020000,183.8(-0.05 %),9460,1744750000,90,16730000,888660,47.05
06/06/2017,7620,1401900000,183.9(0.05 %),7620,1401900000,0,0,881040,47.06
07/06/2017,-25020,-4605690000,185(0.60 %),9980,1843220000,35000,6448910000,915900,46.99
08/06/2017,-53540,-9847650000,183.8(-0.65 %),8910,1642130000,62450,11489780000,907080,47.01
09/06/2017,-35490,-6528380000,184(0.11 %),7810,1439950000,43300,7968330000,899270,47.02
12/06/2017,9760,1803130000,184(0.00 %),12120,2237850000,2360,434720000,922150,46.97
13/06/2017,-61070,-6394210000,107.5(6.32 %),2770,291670000,63840,6685880000,981830,46.84
14/06/2017,-2680,-281070000,106.8(-0.65 %),320,34040000,3000,315110000,1024810,46.75
15/06/2017,310,32500000,104.9(-1.78 %),310,32500000,0,0,1026860,46.74
16/06/2017,-25260,-2598870000,103.5(-1.33 %),1740,179330000,27000,2778200000,1088960,46.61
19/06/2017,1380,142760000,103.4(-0.10 %),1980,205100000,600,62340000,1089980,46.6
20/06/2017,-82960,-8439580000,101(-2.32 %),560,57110000,83520,8496690000,1089420,46.6
21/06/2017,-64860,-6424400000,98.5(-2.48 %),140,13830000,65000,6438230000,1116280,46.55
22/06/2017,-20950,-2065070000,98.3(-0.20 %),50,4890000,21000,2069960000,1116830,46.54
23/06/2017,1330,135320000,102(3.76 %),1330,135320000,0,0,1199020,46.36
26/06/2017,-14800,-1507100000,102(0.00 %),200,20350000,15000,1527450000,1263820,46.22
27/06/2017,-23360,-2344470000,101.4(-0.59 %),2960,297730000,26320,2642200000,1281860,46.18
28/06/2017,-13500,-1344550000,99.6(-1.78 %),0,0,13500,1344550000,1281860,46.18
29/06/2017,-13920,-1385310000,99.5(-0.10 %),2080,207150000,16000,1592460000,1294780,46.15
30/06/2017,-11260,-1120450000,99(-0.50 %),50560,5018140000,61820,6138590000,1320540,46.1
03/07/2017,-38130,-3743380000,97.9(-1.11 %),50,4920000,38180,3748300000,1333997,46.07
04/07/2017,-82110,-7979520000,97.3(-0.61 %),1750,169620000,83860,8149140000,1348247,46.04
05/07/2017,-59490,-5808310000,98.5(1.23 %),510,49920000,60000,5858230000,1359557,46.01
06/07/2017,260,25810000,99.5(1.02 %),260,25810000,0,0,1397477,45.93
07/07/2017,580,57540000,98.5(-1.01 %),580,57540000,0,0,1480757,45.74
10/07/2017,-42420,-4119500000,97.9(-0.61 %),1110,108170000,43530,4227670000,1537207,45.62
11/07/2017,-20380,-1977320000,96(-1.94 %),2440,238090000,22820,2215410000,1537207,45.62
12/07/2017,-24940,-2411290000,96(0.00 %),1460,140820000,26400,2552110000,1535747,45.62
13/07/2017,-22480,-2091460000,93.5(-2.60 %),8280,779900000,30760,2871360000,1570997,45.55
14/07/2017,-86750,-7937060000,90(-3.74 %),3390,309380000,90140,8246440000,1590427,45.5
17/07/2017,-103040,-8916050000,86.7(-3.67 %),7650,672510000,110690,9588560000,1609177,45.46
18/07/2017,-143280,-11634360000,80.7(-6.92 %),5460,444590000,148740,12078950000,1634477,45.41
19/07/2017,-45240,-3650660000,80.6(-0.12 %),21480,1742860000,66720,5393520000,1703137,45.26
20/07/2017,-10570,-893190000,76(-5.71 %),197800,14900810000,208370,15794000000,1616027,45.45
21/07/2017,-97550,-7169520000,72.2(-5.00 %),29400,2193110000,126950,9362630000,1735367,45.18
24/07/2017,25890,1919840000,77.2(6.93 %),26160,1939810000,270,19970000,2600023,82.48
25/07/2017,21760,1767870000,82.6(6.99 %),22260,1809170000,500,41300000,2786133,82.07
26/07/2017,21050,1761570000,82.6(0.00 %),21350,1786620000,300,25050000,2866803,45.5
27/07/2017,25200,2045300000,80.3(-2.78 %),25200,2045300000,0,0,2866803,45.5
28/07/2017,41890,3361940000,81.8(1.87 %),41890,3361940000,0,0,2825413,45.55
31/07/2017,51470,4098710000,79.5(-2.81 %),51470,4098710000,0,0,2774243,45.61
01/08/2017,-13390,-1056800000,79.5(0.00 %),22750,1800720000,36140,2857520000,2751493,45.64
02/08/2017,-33900,-2652140000,78(-1.89 %),32230,2521060000,66130,5173200000,2719263,45.68
03/08/2017,-13790,-1074110000,78(0.00 %),23030,1791810000,36820,2865920000,2696235,45.71
04/08/2017,-32900,-2537280000,77(-1.28 %),29430,2271880000,62330,4809160000,2702945,45.7
07/08/2017,-41220,-3090500000,77(0.00 %),2940,220520000,44160,3311020000,2766135,45.62
08/08/2017,-3520,-273120000,76.1(-1.17 %),20800,1584710000,24320,1857830000,2782155,45.6
09/08/2017,13900,1060490000,77.5(1.84 %),14970,1141830000,1070,81340000,2829515,45.54
10/08/2017,38470,3007550000,78.9(1.81 %),47770,3734780000,9300,727230000,2825905,45.55
11/08/2017,42660,3349650000,78.8(-0.13 %),53720,4218790000,11060,869140000,2796505,45.58
14/08/2017,38080,3042740000,80.8(2.54 %),66610,5321980000,28530,2279240000,2730965,45.66
15/08/2017,72730,5913780000,82(1.49 %),73010,5936560000,280,22780000,2667255,45.74
16/08/2017,51980,4234520000,81.9(-0.12 %),134750,10997730000,82770,6763210000,2543565,45.89
17/08/2017,36720,3025120000,82.4(0.61 %),104610,8631970000,67890,5606850000,2467485,45.99
18/08/2017,113160,9234440000,81.3(-1.33 %),135430,11045890000,22270,1811450000,2332335,46.15
21/08/2017,52560,4238830000,80.5(-0.98 %),97450,7854040000,44890,3615210000,2317655,46.17
22/08/2017,50320,3983390000,80.2(-0.37 %),75320,5972390000,25000,1989000000,2310229,46.18
23/08/2017,44100,3496880000,79.9(-0.37 %),94510,7531820000,50410,4034940000,2237989,46.27
24/08/2017,-4370,-340720000,79(-1.13 %),60650,4810800000,65020,5151520000,2222229,46.29
25/08/2017,-20070,-1556680000,77(-2.53 %),78210,6072520000,98280,7629200000,2169019,46.35
28/08/2017,40360,3030710000,76.6(-0.52 %),100310,7558940000,59950,4528230000,2119119,46.41
29/08/2017,78120,5823980000,74.2(-3.13 %),138890,10351040000,60770,4527060000,2045249,46.5
30/08/2017,61550,4610060000,74.7(0.67 %),86390,6473060000,24840,1863000000,2057139,46.49
31/08/2017,-27740,-2074150000,74(-0.94 %),61950,4587350000,89690,6661500000,2055140,46.49
01/09/2017,-53830,-3977410000,73.5(-0.68 %),4460,329890000,58290,4307300000,2111450,46.42
05/09/2017,-23040,-1696330000,73.4(-0.14 %),160,11810000,23200,1708140000,2136130,46.39
06/09/2017,-83430,-6069450000,72.3(-1.50 %),25950,1894580000,109380,7964030000,2199870,46.31
07/09/2017,-132950,-9681440000,72.7(0.55 %),26960,1944020000,159910,11625460000,2231200,46.27
08/09/2017,-70500,-5075770000,72.3(-0.55 %),31500,2264470000,102000,7340240000,2222900,46.28
11/09/2017,-229640,-16262530000,70(-3.18 %),5250,370760000,234890,16633290000,2327030,46.16
12/09/2017,-26390,-1858650000,70.8(1.14 %),56920,3980910000,83310,5839560000,2450020,46.01
13/09/2017,-232930,-17633520000,75.7(6.92 %),2710,204430000,235640,17837950000,2549310,45.89
14/09/2017,-80320,-6078140000,74.5(-1.59 %),10790,824360000,91110,6902500000,2773410,45.61
15/09/2017,-269790,-20800490000,77(3.36 %),7930,608100000,277720,21408590000,2828794,45.54
18/09/2017,-51430,-3940130000,76(-1.30 %),10090,774920000,61520,4715050000,3054344,45.27
19/09/2017,-195520,-15084920000,78.6(3.42 %),9120,713740000,204640,15798660000,3136334,45.17
20/09/2017,-4760,-380040000,81(3.05 %),5620,446780000,10380,826820000,3408434,44.84
21/09/2017,-40460,-3294520000,79(-2.47 %),19170,1546440000,59630,4840960000,3450784,44.78
22/09/2017,-54590,-4331140000,79.2(0.25 %),17210,1361390000,71800,5692530000,3638214,44.56
25/09/2017,-43540,-3410210000,77.9(-1.64 %),29650,2315870000,73190,5726080000,3618944,44.58
26/09/2017,-177190,-13581540000,76.4(-1.93 %),13480,1035980000,190670,14617520000,45414173,44.52
27/09/2017,-52980,-4023390000,76(-0.52 %),66800,5083680000,119780,9107070000,45419173,44.52
28/09/2017,39600,3045240000,76.9(1.18 %),39610,3046010000,10,770000,45452756,44.48
29/09/2017,-58950,-4566220000,77.5(0.78 %),20020,1551590000,78970,6117810000,45623406,44.27
02/10/2017,10000,783990000,78(0.65 %),20000,1567500000,10000,783510000,45723186,44.15
03/10/2017,2190,193630000,77.9(-0.13 %),53050,4147710000,50860,3954080000,45670146,44.21
04/10/2017,10260,774650000,76.5(-1.80 %),40540,3082230000,30280,2307580000,45708576,44.16
05/10/2017,56350,4304500000,76(-0.65 %),56550,4319800000,200,15300000,45662026,44.22
06/10/2017,-32000,-2424650000,75.7(-0.39 %),3000,227850000,35000,2652500000,45709886,44.16
09/10/2017,-94490,-7070510000,74.6(-1.45 %),0,0,94490,7070510000,45740167,44.12
10/10/2017,-45130,-3371730000,75(0.54 %),28470,2128310000,73600,5500040000,45711897,44.16
11/10/2017,-49150,-3718240000,75.4(0.53 %),3000,228000000,52150,3946240000,45743897,44.12
12/10/2017,-46770,-3560490000,77(2.12 %),230,17510000,47000,3578000000,45838157,44.0
13/10/2017,-84380,-6607760000,78.3(1.69 %),6320,497150000,90700,7104910000,45905437,43.92
16/10/2017,-169510,-13094650000,77(-1.66 %),1650,129200000,171160,13223850000,45955937,43.86
17/10/2017,-159460,-12131710000,76.2(-1.04 %),2640,200380000,162100,12332090000,46000297,43.81
18/10/2017,6230,473720000,76.2(0.00 %),131440,10001190000,125210,9527470000,45959557,43.86
19/10/2017,105700,8298110000,79(3.67 %),200500,15739760000,94800,7441650000,45930217,43.89
20/10/2017,-22680,-1774060000,78.6(-0.51 %),77050,6029950000,99730,7804010000,46015267,43.79
23/10/2017,45670,3543530000,77(-2.04 %),53470,4145620000,7800,602090000,46087007,43.7
24/10/2017,60210,4633090000,78(1.30 %),60770,4676210000,560,43120000,46121037,43.66
25/10/2017,12520,967700000,76.8(-1.54 %),12520,967700000,0,0,46208247,43.55
26/10/2017,25550,1937820000,76(-1.04 %),25550,1937820000,0,0,46190497,43.57
27/10/2017,38330,2892810000,75.6(-0.53 %),38330,2892810000,0,0,46152727,43.62
30/10/2017,66880,5001220000,74.6(-1.32 %),76480,5720220000,9600,719000000,46076247,43.71
31/10/2017,19150,1423970000,73.9(-0.94 %),19410,1443340000,260,19370000,46056846,43.74
01/11/2017,10380,773290000,74.1(0.27 %),11380,847790000,1000,74500000,46045470,43.75
02/11/2017,49790,3713040000,75(1.21 %),65490,4882040000,15700,1169000000,45989586,43.82
03/11/2017,1300,97260000,74(-1.33 %),1300,97260000,0,0,45988546,43.82
06/11/2017,95950,7297230000,77.2(4.32 %),106000,8058660000,10050,761430000,45883554,43.95
07/11/2017,6860,529050000,77.3(0.13 %),6860,529050000,0,0,45892400,43.94
08/11/2017,100,7730000,77.4(0.13 %),100,7730000,0,0,45892300,43.94
09/11/2017,-10480,-837300000,80.2(3.62 %),700,54460000,11180,891760000,45901650,43.93
10/11/2017,174820,14440740000,83.8(4.49 %),186000,15369330000,11180,928590000,45715650,44.15
13/11/2017,319130,28223080000,89.6(6.92 %),356770,31555800000,37640,3332720000,45358880,44.59
14/11/2017,-218110,-19299750000,87(-1.25 %),99070,8788910000,317180,28088660000,45270990,44.7
15/11/2017,-94290,-8286880000,88.9(2.18 %),9580,845340000,103870,9132220000,45272596,44.7
16/11/2017,-129110,-11512900000,89.4(0.56 %),11280,1009460000,140390,12522360000,45298956,44.66
17/11/2017,-163480,-14365590000,87(-2.68 %),13310,1170340000,176790,15535930000,45602826,44.29
20/11/2017,-277800,-24938700000,92.5(6.32 %),26330,2325870000,304130,27264570000,45680369,44.2
21/11/2017,-281560,-25866120000,90.5(-2.16 %),8870,816860000,290430,26682980000,45811889,44.04
22/11/2017,-191050,-17464560000,92(1.66 %),400,36680000,191450,17501240000,45988279,43.82
23/11/2017,-239930,-22073250000,92(0.00 %),25240,2331490000,265170,24404740000,46267169,43.48
24/11/2017,-162730,-14862280000,91.3(-0.76 %),1300,119240000,164030,14981520000,46556299,43.13
27/11/2017,-166590,-15386200000,92.5(1.31 %),8100,751220000,174690,16137420000,46739649,42.9
28/11/2017,-17380,-1633060000,93.4(0.97 %),11990,1129260000,29370,2762320000,46992829,42.59
29/11/2017,-158690,-14946710000,97.1(3.96 %),39750,3868610000,198440,18815320000,47117112,42.44
30/11/2017,6830,689520000,96(-1.13 %),53930,5280260000,47100,4590740000,47237872,42.29
01/12/2017,-68000,-6528330000,95.6(-0.42 %),5700,545750000,73700,7074080000,47261542,42.27
04/12/2017,-3040,-291810000,97.3(1.78 %),23560,2286900000,26600,2578710000,47436422,42.05
05/12/2017,-98510,-9333680000,91.5(-5.96 %),31490,2994790000,130000,12328470000,47452032,42.03
06/12/2017,87390,8062310000,92.2(0.77 %),91050,8399610000,3660,337300000,47434682,42.05
07/12/2017,24620,2284300000,93.2(1.08 %),24620,2284300000,0,0,47436662,42.05
08/12/2017,77380,7027310000,89(-4.51 %),79280,7200450000,1900,173140000,47487382,41.99
11/12/2017,-6100,-498560000,86(-3.37 %),32250,2821630000,38350,3320190000,47458796,42.03
12/12/2017,64920,5610820000,87.4(1.63 %),82680,7143750000,17760,1532930000,47376116,42.13
13/12/2017,1680,160220000,88.5(1.26 %),23730,2080320000,22050,1920100000,47354286,42.15
14/12/2017,4170,373360000,90(1.69 %),12960,1163780000,8790,790420000,47379676,42.12
15/12/2017,611980,55161820000,89.6(-0.44 %),920060,82872110000,308080,27710290000,46477376,43.22
18/12/2017,-2580,-230700000,89.1(-0.56 %),710,63550000,3290,294250000,46498716,43.2
19/12/2017,-74110,-6421040000,85.3(-4.26 %),3830,333350000,77940,6754390000,46503676,43.19
20/12/2017,-53690,-4558830000,83.2(-2.46 %),6890,582320000,60580,5141150000,46804866,42.82
21/12/2017,3180,267440000,83.8(0.72 %),3180,267440000,0,0,46804976,42.82
22/12/2017,-65130,-5433930000,83.2(-0.72 %),440,36630000,65570,5470560000,46882476,42.73
25/12/2017,5690,469900000,81.9(-1.56 %),5690,469900000,0,0,46937366,42.66
26/12/2017,-110,-9020000,80.5(-1.71 %),160,12800000,270,21820000,46937206,42.66
27/12/2017,11000,876590000,79(-1.86 %),15530,1237040000,4530,360450000,46987246,42.6
28/12/2017,192760,16005600000,84.5(6.96 %),206760,17179700000,14000,1174100000,46780486,42.85
29/12/2017,243540,20890140000,85.6(1.30 %),246000,21100000000,2460,209860000,46534756,43.15
02/01/2018,309290,26816460000,87.8(2.57 %),324390,28131400000,15100,1314940000,46214896,43.54
03/01/2018,63960,5532780000,86(-2.05 %),72950,6314420000,8990,781640000,46155946,43.62
04/01/2018,36260,3110150000,85.7(-0.35 %),40300,3453620000,4040,343470000,46118106,43.66
05/01/2018,-6150,-520810000,83(-3.15 %),560,46980000,6710,567790000,46132646,43.65
08/01/2018,4640,381000000,84(1.20 %),13870,1149520000,9230,768520000,46127766,43.65
09/01/2018,31530,2642280000,83.9(-0.12 %),54690,4576710000,23160,1934430000,46077116,43.71
10/01/2018,-26360,-2216040000,83.6(-0.36 %),38290,3201270000,64650,5417310000,46045536,43.75
11/01/2018,3630,313760000,83.5(-0.12 %),74900,6235900000,71270,5922140000,45979866,43.83
12/01/2018,20570,1685250000,82.8(-0.84 %),102320,8462210000,81750,6776960000,45900706,43.93
15/01/2018,-81860,-6803420000,83(0.24 %),11560,960940000,93420,7764360000,45953796,43.86
16/01/2018,-187710,-16011890000,85.2(2.65 %),65090,5530650000,252800,21542540000,45959976,43.86
17/01/2018,33680,2832630000,84(-1.41 %),152580,12967920000,118900,10135290000,45947646,43.87
18/01/2018,-19470,-1627710000,83.5(-0.60 %),59550,4940910000,79020,6568620000,45981516,43.83
19/01/2018,-15750,-1307290000,84.2(0.84 %),109890,9304520000,125640,10611810000,46124426,43.66
22/01/2018,-38500,-3428010000,88.7(5.34 %),53460,4755680000,91960,8183690000,46131366,43.65
25/01/2018,188830,16844870000,88.9(0.23 %),285930,25560570000,97100,8715700000,46142056,43.63
26/01/2018,112880,9861150000,87(-2.14 %),124200,10854180000,11320,993030000,46017856,43.79
29/01/2018,1430,133580000,85.1(-2.18 %),93450,7994080000,92020,7860500000,45924406,43.9
30/01/2018,18480,1624670000,86.4(1.53 %),96000,8336330000,77520,6711660000,45925506,43.9
31/01/2018,21120,1806100000,85(-1.62 %),74100,6334960000,52980,4528860000,45862726,43.97
01/02/2018,-7880,-679090000,85.4(0.47 %),109270,9292410000,117150,9971500000,45845476,44.0
02/02/2018,-44000,-3761870000,86.1(0.82 %),3380,288640000,47380,4050510000,45919616,43.91
05/02/2018,-130,-30740000,80.3(-6.74 %),5000,409410000,5130,440150000,45967596,43.85
06/02/2018,289470,22117150000,80(-0.37 %),295470,22576830000,6000,459680000,45789276,44.06
07/02/2018,21300,1746180000,82.8(3.50 %),109750,9070570000,88450,7324390000,45726906,44.14
08/02/2018,71310,5863390000,82.2(-0.72 %),100400,8254800000,29090,2391410000,45631636,44.26
09/02/2018,-57070,-4565070000,81(-1.46 %),36000,2915400000,93070,7480470000,45601636,44.29
12/02/2018,-82310,-6808340000,85(4.94 %),20800,1767200000,103110,8575540000,45669286,44.21
13/02/2018,-120200,-10911640000,90.9(6.94 %),28920,2628370000,149120,13540010000,45669460,44.21
21/02/2018,-76250,-7087060000,92(1.21 %),100,9280000,76350,7096340000,45762430,44.1
22/02/2018,-19780,-1804890000,89.3(-2.93 %),720,65830000,20500,1870720000,45864820,43.97
23/02/2018,-97960,-9065010000,93.4(4.59 %),5080,465990000,103040,9531000000,46008860,43.8
26/02/2018,-32810,-3080990000,91.8(-1.71 %),100,9300000,32910,3090290000,46085126,43.7
27/02/2018,-169400,-15615350000,92(0.22 %),700,64710000,170100,15680060000,46104926,43.68
28/02/2018,-43060,-4091400000,93.8(1.96 %),12650,1190250000,55710,5281650000,46195316,43.57
01/03/2018,-80570,-7409870000,91(-2.99 %),150,13660000,80720,7423530000,46228076,43.53
02/03/2018,-92180,-8234180000,89.2(-1.98 %),3030,271970000,95210,8506150000,46395146,43.32
05/03/2018,-74940,-6779930000,88.1(-1.23 %),2250,201620000,77190,6981550000,46448606,43.26
06/03/2018,-8620,-750760000,87.1(-1.14 %),3380,299380000,12000,1050140000,46525946,43.16
07/03/2018,-70,-3710000,86.8(-0.34 %),3240,278540000,3310,282250000,46617916,43.05
08/03/2018,-77890,-6744570000,86(-0.92 %),20,1730000,77910,6746300000,46695086,42.96
09/03/2018,530,43960000,82.7(-3.84 %),530,43960000,0,0,46706556,42.94
12/03/2018,-32170,-2534620000,78.5(-5.08 %),10350,823170000,42520,3357790000,46699516,42.95
13/03/2018,-108200,-8221910000,75.6(-3.69 %),9700,745900000,117900,8967810000,46767727,42.87
14/03/2018,-120150,-9315460000,78.9(4.37 %),20350,1550820000,140500,10866280000,46747377,42.89
15/03/2018,-88400,-6816430000,76.9(-2.53 %),21600,1665600000,110000,8482030000,46768297,42.87
16/03/2018,-222030,-16679170000,75(-2.47 %),47480,3568140000,269510,20247310000,46838717,42.78
19/03/2018,-78270,-5815880000,74(-1.33 %),12630,935060000,90900,6750940000,46966587,42.63
20/03/2018,-98780,-7430350000,76(2.70 %),4560,344480000,103340,7774830000,22932104,71.99
21/03/2018,69920,5404850000,77.6(2.11 %),95320,7369010000,25400,1964160000,23106302,71.77
22/03/2018,1340,101880000,75.3(-2.96 %),1340,101880000,0,0,23195862,71.66
23/03/2018,-70,1340000,73.8(-1.99 %),11170,829340000,11240,828000000,23288032,71.55
26/03/2018,-200,-12880000,73.6(-0.27 %),4000,298340000,4200,311220000,23309432,71.53
27/03/2018,-25580,-1875550000,73(-0.82 %),27420,2020150000,53000,3895700000,23282012,71.56
28/03/2018,-34370,-2500620000,72.5(-0.68 %),15630,1137930000,50000,3638550000,23277622,71.56
29/03/2018,-5620,-406140000,70(-3.45 %),46680,3289190000,52300,3695330000,23235142,71.62
30/03/2018,-11690,-801990000,68.8(-1.71 %),4930,341780000,16620,1143770000,23283212,71.56
02/04/2018,-3500,-247280000,71(3.20 %),6100,432830000,9600,680110000,23327112,71.5
03/04/2018,-43100,-3108270000,72.1(1.55 %),9460,682240000,52560,3790510000,23369952,71.45
04/04/2018,-36020,-2563920000,70(-2.91 %),13980,998510000,50000,3562430000,23372592,71.45
05/04/2018,-67210,-4768690000,71(1.43 %),43740,3053730000,110950,7822420000,23338452,71.49
06/04/2018,-13430,-950430000,70.9(-0.14 %),64980,4614280000,78410,5564710000,23326032,71.51
09/04/2018,71180,5044020000,70.9(0.00 %),121180,8584410000,50000,3540390000,23254852,71.59
10/04/2018,60110,4284880000,70.9(0.00 %),147110,10439370000,87000,6154490000,23218692,71.64
11/04/2018,57070,4096090000,70(-1.27 %),140320,10017020000,83250,5920930000,23156782,71.71
12/04/2018,176710,12605110000,71.3(1.86 %),256710,18274230000,80000,5669120000,22950072,71.96
13/04/2018,17030,1229290000,69.5(-2.52 %),95360,6792290000,78330,5563000000,22941712,71.97
16/04/2018,-23720,-1639160000,68.6(-1.29 %),5100,349880000,28820,1989040000,23019862,71.88
17/04/2018,-18070,-1230790000,66.4(-3.21 %),1580,105440000,19650,1336230000,23098282,71.78
18/04/2018,-61140,-3983880000,63.6(-4.22 %),78950,5139130000,140090,9123010000,23097662,71.78
19/04/2018,-137480,-8449530000,60.5(-4.87 %),21390,1294420000,158870,9743950000,23105092,71.78
20/04/2018,-170670,-10448270000,61.3(1.32 %),21010,1285520000,191680,11733790000,23103732,71.78
23/04/2018,1480,92130000,57.1(-6.85 %),14280,850330000,12800,758200000,23229542,71.62
24/04/2018,-31850,-1773840000,55(-3.68 %),22120,1223720000,53970,2997560000,23366300,71.46
26/04/2018,-57760,-3108950000,52.3(-4.91 %),21950,1147890000,79710,4256840000,23536030,71.25
27/04/2018,-95890,-5061420000,53.3(1.91 %),43520,2312940000,139410,7374360000,23505310,71.29
02/05/2018,-69340,-3765800000,53.5(0.38 %),35200,1900670000,104540,5666470000,23524080,71.26
03/05/2018,-110010,-5862810000,53.8(0.56 %),1200,63650000,111210,5926460000,23602590,71.17
04/05/2018,-78370,-4143480000,52(-3.35 %),3600,190280000,81970,4333760000,23738401,71.0
07/05/2018,-88500,-4623010000,52.5(0.96 %),8250,427490000,96750,5050500000,23834691,70.88
08/05/2018,-34870,-1855640000,53.5(1.90 %),65600,3493910000,100470,5349550000,23880301,70.83
09/05/2018,-56920,-3053160000,53.5(0.00 %),200,10740000,57120,3063900000,23962071,70.73
10/05/2018,-35190,-1880280000,52.6(-1.68 %),9010,480600000,44200,2360880000,24049811,70.62
11/05/2018,15860,817010000,0(0.00 %),29990,1558880000,14130,741870000,24120291,70.54
14/05/2018,48920,2694240000,56.1(6.86 %),56760,3115330000,7840,421090000,24120651,70.53
15/05/2018,114280,6836330000,60(6.95 %),117280,7016330000,3000,180000000,24047571,70.62
16/05/2018,18640,1115180000,60(0.00 %),19620,1175550000,980,60370000,24042073,70.63
17/05/2018,59350,3491910000,59.1(-1.50 %),59350,3491910000,0,0,23990563,70.69
18/05/2018,113780,6572440000,58(-1.86 %),115580,6676200000,1800,103760000,23877983,70.83
21/05/2018,26730,1542410000,57.6(-0.69 %),27360,1579270000,630,36860000,23851603,70.86
22/05/2018,237330,13889990000,58.9(2.26 %),339460,19804330000,102130,5914340000,23512143,71.28
23/05/2018,138920,8299320000,60.3(2.38 %),140070,8367710000,1150,68390000,23373873,71.45
24/05/2018,80250,4804520000,59.7(-1.00 %),82250,4925220000,2000,120700000,23292255,71.55
25/05/2018,190130,11381600000,59.7(0.00 %),190130,11381600000,0,0,23204255,71.65
28/05/2018,212090,12475950000,58.5(-2.01 %),212090,12475950000,0,0,22993315,71.91
29/05/2018,217810,12929210000,59.6(1.88 %),218810,12988340000,1000,59130000,22776505,72.18
30/05/2018,153730,9188990000,60(0.67 %),153730,9188990000,0,0,22622775,72.36
31/05/2018,158320,9795620000,63.5(5.83 %),162340,10047080000,4020,251460000,22460435,72.56
01/06/2018,-1930,-116520000,62.1(-2.20 %),6400,406460000,8330,522980000,22455035,72.57
04/06/2018,25520,1551550000,61.2(-1.45 %),40740,2486840000,15220,935290000,22414295,72.62
05/06/2018,53140,3237860000,62.6(2.29 %),55890,3405600000,2750,167740000,22362425,72.68
06/06/2018,2830,180290000,64(2.24 %),4640,294000000,1810,113710000,22366115,72.68
07/06/2018,-3300,-211710000,63.3(-1.09 %),10,640000,3310,212350000,22381325,72.66
08/06/2018,24710,1535720000,62.5(-1.26 %),27340,1700020000,2630,164300000,22356735,72.69
11/06/2018,-9840,-608430000,61.6(-1.44 %),290,17940000,10130,626370000,22358255,72.69
12/06/2018,12250,734650000,59.6(-3.25 %),20150,1209020000,7900,474370000,22341415,72.71
13/06/2018,9650,586250000,61(2.35 %),12710,769030000,3060,182780000,22331335,72.72
14/06/2018,78700,4861650000,61(0.00 %),81690,5045000000,2990,183350000,22259775,72.81
15/06/2018,61100,3795470000,62.3(2.13 %),84650,5258270000,23550,1462800000,22183025,72.9
18/06/2018,54270,3377850000,61.8(-0.80 %),54990,3422760000,720,44910000,22131095,72.97
19/06/2018,78650,4707160000,59.7(-3.40 %),79150,4737870000,500,30710000,22054935,73.06
20/06/2018,-3100,-183150000,60(0.50 %),340,20330000,3440,203480000,22078145,73.03
21/06/2018,28090,1628570000,58.2(-3.00 %),30090,1745290000,2000,116720000,22048775,73.07
22/06/2018,36450,2163650000,59(1.37 %),46450,2750650000,10000,587000000,22002825,73.12
25/06/2018,-10,-760000,59.1(0.17 %),2030,119810000,2040,120570000,22004235,73.12
26/06/2018,131370,7801850000,59.7(1.02 %),132370,7860850000,1000,59000000,21873865,73.28
27/06/2018,49320,2955360000,59.6(-0.17 %),51420,3080760000,2100,125400000,21832449,73.33
28/06/2018,583920,34984580000,59.5(-0.17 %),587920,35224000000,4000,239420000,21246569,74.05
29/06/2018,77750,4658096000,58.6(-1.51 %),82750,4951789000,5000,293693000,21168819,1.36
02/07/2018,36790,2120648000,57.5(-1.88 %),38820,2236415000,2030,115767000,301970,26.85
03/07/2018,52190,2984050000,56.5(-1.74 %),77100,4382400000,24910,1398350000,21054999,74.28
04/07/2018,94090,5399810000,58(2.65 %),96090,5513330000,2000,113520000,20963909,74.39
05/07/2018,169130,9978780000,59.5(2.59 %),173090,10207460000,3960,228680000,20792849,74.6
06/07/2018,-16400,-951870000,58(-2.52 %),0,0,16400,951870000,20817759,74.57
09/07/2018,-36300,-2056570000,56.2(-3.10 %),60,3410000,36360,2059980000,20819699,74.57
10/07/2018,-66460,-3687600000,55.1(-1.96 %),8550,475030000,75010,4162630000,20815109,74.57
11/07/2018,-440,-24280000,52.1(-5.44 %),60,3220000,500,27500000,20831449,74.55
12/07/2018,4470,232711000,52(-0.19 %),5790,300751000,1320,68040000,20826979,1.78
13/07/2018,13010,693040000,53.3(2.50 %),13070,696240000,60,3200000,20923961,74.44
16/07/2018,1090,57900000,53.3(0.00 %),8600,459000000,7510,401100000,20915861,74.45
17/07/2018,-11800,-625900000,53(-0.56 %),7550,400870000,19350,1026770000,20909631,74.46
18/07/2018,-22710,-1202837000,53.5(0.94 %),1870,99851000,24580,1302688000,20932341,1.65
19/07/2018,10080,546740000,54.6(2.06 %),10140,550000000,60,3260000,20905191,74.46
20/07/2018,81200,4506790000,55.3(1.28 %),86230,4782440000,5030,275650000,20838311,74.54
23/07/2018,50510,2817199000,55.3(0.00 %),52330,2918605000,1820,101406000,20787801,1.83
24/07/2018,74650,4111670000,55.2(-0.18 %),80650,4442180000,6000,330510000,20729971,74.68
25/07/2018,104360,5757520000,54.8(-0.72 %),104360,5757520000,0,0,20625611,2.03
26/07/2018,83630,4592880000,55.1(0.55 %),84330,4631310000,700,38430000,20548131,74.9
27/07/2018,31670,1755220000,55.6(0.91 %),31670,1755220000,0,0,20522461,74.93
30/07/2018,40000,2285384000,57.6(3.60 %),40000,2285384000,0,0,20482461,2.2
31/07/2018,1380,80138000,57(-1.04 %),2770,159368000,1390,79230000,20481081,2.2
01/08/2018,4030,229700000,56.8(-0.35 %),4030,229700000,0,0,301970,26.85
02/08/2018,13760,770088000,56.5(-0.53 %),13860,775688000,100,5600000,288210,26.87
03/08/2018,-1380,-76992000,55.4(-1.95 %),100,5650000,1480,82642000,289590,26.87
06/08/2018,50,2800000,55.8(0.72 %),50,2800000,0,0,289540,26.87
07/08/2018,-130,-7278000,55.2(-1.08 %),30,1650000,160,8928000,289670,26.87
08/08/2018,-1280,-70067000,54.6(-1.09 %),180,9810000,1460,79877000,290950,26.87
09/08/2018,-26410,-1434948000,54.3(-0.55 %),530,28718000,26940,1463666000,317360,26.83
10/08/2018,-6690,-359960000,53.5(-1.47 %),30,1610000,6720,361570000,20464711,75.0
13/08/2018,-530,-28210000,52.5(-1.87 %),200,10760000,730,38970000,20465971,75.0
14/08/2018,-2270,-120710000,53.7(2.29 %),800,42400000,3070,163110000,20492111,74.97
15/08/2018,-2510,-136270000,54(0.56 %),10,540000,2520,136810000,20498821,74.96
16/08/2018,-3450,-183980000,53.5(-0.93 %),500,26700000,3950,210680000,20499051,74.96
17/08/2018,8330,442545000,52.8(-1.31 %),11980,635172000,3650,192627000,20490721,2.19
20/08/2018,-3820,-200941000,52.7(-0.19 %),5850,308307000,9670,509248000,20494541,2.19
21/08/2018,49260,2610648000,53.1(0.76 %),50020,2650966000,760,40318000,20445281,2.25
22/08/2018,-3090,-165000000,54.1(1.88 %),20,1070000,3110,166070000,20444371,75.03
23/08/2018,-2260,-121690000,53.5(-1.11 %),30,1610000,2290,123300000,20454011,75.01
24/08/2018,-20450,-1084809000,53.5(0.00 %),130,6890000,20580,1091699000,20474461,2.21
27/08/2018,-55700,-2956924000,53.3(-0.37 %),2890,153280000,58590,3110204000,20530161,2.14
28/08/2018,-81390,-4359400000,54(1.31 %),340,18154000,81730,4377554000,20611551,2.04
29/08/2018,-44750,-2392179000,53.4(-1.11 %),36920,1986933000,81670,4379112000,20656301,1.99
30/08/2018,-112060,-5991270000,54.2(1.50 %),35240,1893220000,147300,7884490000,20463799,75.0
31/08/2018,-7150,-403600000,56.2(3.69 %),930,52276000,8080,455876000,20470949,2.22
04/09/2018,28670,1612458000,56.8(1.07 %),30460,1713668000,1790,101210000,301970,26.85
05/09/2018,89170,5041692000,56.8(0.00 %),89900,5082849000,730,41157000,212800,26.96
06/09/2018,81660,4572231000,55.5(-2.29 %),82390,4613076000,730,40845000,131140,27.06
07/09/2018,107440,6011123000,56.5(1.80 %),120440,6738528000,13000,727405000,23700,27.19
10/09/2018,9530,532660000,56.2(-0.53 %),25330,1416010000,15800,883350000,20435649,75.04
11/09/2018,34040,1903830000,55.9(-0.53 %),34040,1903830000,0,0,20402339,75.08
12/09/2018,-6520,-363980000,55.5(-0.72 %),0,0,6520,363980000,20415339,75.06
13/09/2018,-720,-40230000,56(0.90 %),0,0,720,40230000,20431139,75.04
14/09/2018,2150,116330000,58.3(4.11 %),207230,11951370000,205080,11835040000,20424139,75.05
17/09/2018,-344410,-21478560000,58.3(0.00 %),13150,767250000,357560,22245810000,20417509,75.06
18/09/2018,2970,171760000,58.6(0.51 %),3000,173500000,30,1740000,20415229,75.06
19/09/2018,7490,442910000,58.8(0.34 %),8190,484340000,700,41430000,20411889,75.07
20/09/2018,350770,19295762000,59.2(0.68 %),351480,19337808000,710,42046000,20061119,2.72
21/09/2018,122750,7269721000,60.2(1.69 %),874000,52493651000,751250,45223930000,19938369,75.64
24/09/2018,193440,12084680000,63(4.65 %),193500,12088394000,60,3714000,20100459,75.45
25/09/2018,148040,9284624680,62.2(-1.27 %),148040,9284624680,0,0,19952419,75.63
26/09/2018,141000,8944053000,63.8(2.57 %),168540,10690997820,27540,1746944820,19811419,75.8
27/09/2018,72600,4645076000,63.9(0.16 %),73630,4711087000,1030,66011000,19738819,75.89
28/09/2018,67200,4276636000,63.5(-0.63 %),67200,4276636000,0,0,19671619,75.97
01/10/2018,91690,5799300810,62.8(-1.10 %),91720,5801198280,30,1897470,19551128,76.12
02/10/2018,231790,14994960000,65.9(4.94 %),253860,16451157000,22070,1456197000,19319338,76.4
03/10/2018,281130,19296780000,68.5(3.95 %),312300,21429508000,31170,2132728000,19038208,76.74
04/10/2018,19060,1297298000,67.6(-1.31 %),32000,2180018000,12940,882720000,19019148,76.77
05/10/2018,45020,3056486000,67.6(0.00 %),58090,3947654000,13070,891168000,18974128,76.82
08/10/2018,56060,3805770000,68(0.59 %),78070,5309410000,22010,1503640000,18871108,76.95
09/10/2018,34220,2323810000,66.6(-2.06 %),34620,2350850000,400,27040000,18849428,76.97
10/10/2018,700,50328000,63(-5.41 %),5990,395508000,5290,345180000,18848728,76.97
11/10/2018,-34700,-2049613000,58.6(-6.98 %),34330,2018147000,69030,4067760000,18883428,76.93
12/10/2018,59880,3525635000,60.5(3.24 %),61150,3599090000,1270,73455000,18823548,77.01
15/10/2018,60790,3689645000,61(0.83 %),60850,3693278000,60,3633000,18762758,77.08
16/10/2018,15600,942759000,60.8(-0.33 %),15600,942759000,0,0,18747158,77.1
17/10/2018,205000,13004432000,64.4(5.92 %),210980,13375170000,5980,370738000,18542158,77.35
18/10/2018,270,17037000,62.8(-2.48 %),300,18930000,30,1893000,18541888,77.35
19/10/2018,40000,2469900000,61.7(-1.75 %),43000,2654600000,3000,184700000,18501888,77.4
22/10/2018,28210,1727535000,59(-4.38 %),29590,1812069000,1380,84534000,18473678,77.43
23/10/2018,9500,549658000,57.6(-2.37 %),10000,578908000,500,29250000,18464178,77.44
24/10/2018,-3900,-222446000,56.6(-1.74 %),100,5700000,4000,228146000,18468078,77.44
25/10/2018,-100,-5251000,55.7(-1.59 %),700,38509000,800,43760000,18468178,77.44
26/10/2018,11180,629791760,56.5(1.44 %),12640,712036480,1460,82244720,18456998,77.45
29/10/2018,490,27770000,56.3(-0.35 %),1040,58780000,550,31010000,18487856,77.42
30/10/2018,-660,-36821000,55.9(-0.71 %),70,3944000,730,40765000,18488516,77.41
31/10/2018,-6070,-346555000,57(1.97 %),1130,63745000,7200,410300000,18494586,77.41
01/11/2018,850,48875000,55.4(-2.81 %),1150,65785000,300,16910000,18487746,77.42
02/11/2018,-830,-44232000,56.3(1.62 %),1700,96390000,2530,140622000,18488576,77.41
05/11/2018,-30,-1700000,56.8(0.89 %),0,0,30,1700000,18494946,77.41
06/11/2018,3210,186383000,57.7(1.58 %),3210,186383000,0,0,18491736,77.41
07/11/2018,1190,68052000,56.7(-1.73 %),1210,69202000,20,1150000,18490546,77.41
08/11/2018,360,19886000,57(0.53 %),2100,120806000,1740,100920000,18490186,77.41
09/11/2018,3630,204796000,56.7(-0.53 %),7140,404512000,3510,199716000,18486556,77.42
12/11/2018,-130,-7293000,56.1(-1.06 %),0,0,130,7293000,18486686,77.42
13/11/2018,40,2180000,56(-0.18 %),60,3312000,20,1132000,18486646,77.42
14/11/2018,-3690,-206736000,55.4(-1.07 %),0,0,3690,206736000,18490336,77.41
15/11/2018,120,6665000,54.8(-1.08 %),120,6665000,0,0,18490216,77.41
16/11/2018,2000,111800000,55.5(1.28 %),2000,111800000,0,0,18488216,77.42
19/11/2018,850,47080000,55.3(-0.36 %),850,47080000,0,0,18490226,77.41
20/11/2018,-13720,-755780000,55.1(-0.36 %),0,0,13720,755780000,18490226,77.41
21/11/2018,-36830,-2063040000,56.5(2.54 %),1000,56000000,37830,2119040000,18489226,77.41
22/11/2018,-19640,-1109693000,56.7(0.35 %),0,0,19640,1109693000,18508866,77.39
23/11/2018,-25530,-1428633000,55.9(-1.41 %),0,0,25530,1428633000,18534396,77.36
26/11/2018,-26010,-1478816000,57(1.97 %),1000,57300000,27010,1536116000,18560406,77.33
27/11/2018,-33030,-1871221000,56.3(-1.23 %),0,0,33030,1871221000,18593436,77.29
28/11/2018,-30660,-1715898000,55.6(-1.24 %),280,15694000,30940,1731592000,18624096,77.25
29/11/2018,-13730,-766162000,55.5(-0.18 %),130,7225000,13860,773387000,18637826,77.23
30/11/2018,-39370,-2173426000,55.2(-0.54 %),0,0,39370,2173426000,18677196,77.18
03/12/2018,-29140,-1638891000,56.4(2.17 %),12030,678479000,41170,2317370000,18663486,77.2
04/12/2018,-58230,-3346813000,58(2.84 %),12720,735048000,70950,4081861000,18721716,77.13
05/12/2018,-42740,-2476497000,58.5(0.86 %),7820,457108000,50560,2933605000,18764456,77.08
06/12/2018,-51030,-2940785000,57.4(-1.88 %),6760,388458000,57790,3329243000,18815486,77.02
07/12/2018,-35510,-2019260000,56.8(1.61 %),620,35340000,36130,2054600000,18850996,76.97
10/12/2018,1030,58695000,56.8(0.00 %),1030,58695000,0,0,18849966,76.97
11/12/2018,13480,769485000,56.7(-0.18 %),26560,1515460000,13080,745975000,18836486,76.99
12/12/2018,20750,1178686000,57.3(1.06 %),23680,1345047000,2930,166361000,18815736,77.02
13/12/2018,5460,317385000,58(1.22 %),7460,433236000,2000,115851000,18810276,77.02
14/12/2018,-7850,-447512000,57.3(-1.21 %),6110,351968000,13960,799480000,18818126,77.01
17/12/2018,11450,648894000,56(-2.27 %),12610,714602000,1160,65708000,18806676,77.03
18/12/2018,26530,1473825000,55.3(-1.25 %),30330,1684225000,3800,210400000,18780146,77.06
19/12/2018,-49890,-2740983000,54.9(-0.72 %),100300,5500330000,150190,8241313000,18830036,77.0
20/12/2018,-13750,-750255000,54.7(-0.36 %),26370,1457397000,40120,2207652000,18843786,76.98
21/12/2018,-11560,-625218000,54.9(0.37 %),20200,1096680000,31760,1721898000,18855346,76.97
24/12/2018,-11380,-623852000,54.1(-1.46 %),120,6600000,11500,630452000,18866726,76.95
25/12/2018,-49780,-2561060000,52(-3.88 %),100,5160000,49880,2566220000,18917764,76.89
26/12/2018,-27040,-1405542000,51.7(-0.58 %),15000,780000000,42040,2185542000,18944804,76.86
27/12/2018,-19690,-1032655000,52.5(1.55 %),140,7306000,19830,1039961000,18964494,76.83
28/12/2018,-10910,-573090000,52.6(0.19 %),1000,53000000,11910,626090000,18994764,76.8
02/01/2019,-10860,-555853000,50.7(-3.61 %),1140,58255000,12000,614108000,19055494,76.72
03/01/2019,20570,1029832000,49.2(-2.96 %),59160,2971623000,38590,1941791000,19034924,76.75
04/01/2019,-36810,-1802006500,48.85(-0.71 %),20100,978940500,56910,2780947000,19071734,76.7
07/01/2019,-5440,-265530000,49.25(0.82 %),31120,1559540500,36560,1825070500,19077174,76.7
08/01/2019,-11260,-554294000,49.1(-0.30 %),10,492000,11270,554786000,19088434,76.68
09/01/2019,7060,352082000,50.1(2.04 %),18000,897300000,10940,545218000,19081374,76.69
10/01/2019,-8280,-420180000,50.8(1.40 %),9000,458270000,17280,878450000,19074074,76.7
11/01/2019,2640,139417000,50.6(-0.39 %),20040,1024237000,17400,884820000,19071434,76.7
14/01/2019,16040,811136000,50.2(-0.79 %),20040,1011536000,4000,200400000,19055394,76.72
15/01/2019,290,13129000,50.5(0.60 %),23800,1192000000,23510,1178871000,19055104,76.72
16/01/2019,-31590,-1584353000,50(-0.99 %),29810,1492310000,61400,3076663000,19086694,76.68
17/01/2019,-20480,-1010545500,49.2(-1.60 %),30100,1497650000,50580,2508195500,19107174,76.66
18/01/2019,-12380,-607970000,49(-0.41 %),22470,1101610000,34850,1709580000,19012214,76.77
21/01/2019,-29590,-1430480000,48.1(-1.84 %),700,34160000,30290,1464640000,19072914,76.7
22/01/2019,-33610,-1616120000,48.2(0.21 %),24480,1180300000,58090,2796420000,19099014,76.67
23/01/2019,-10170,-494840000,48.6(0.83 %),20030,968970000,30200,1463810000,19113842,76.65
24/01/2019,8800,426780000,48.6(0.00 %),8800,426780000,0,0,19135332,76.62
25/01/2019,25100,1210780000,48.5(-0.21 %),25100,1210780000,0,0,19168322,76.58
28/01/2019,200,9550000,47(-3.09 %),200,9550000,0,0,19198322,76.55
29/01/2019,-10890,-510660000,46(-2.13 %),21130,972510000,32020,1483170000,19177192,76.57
30/01/2019,-27310,-1250380000,45.8(-0.43 %),2720,124850000,30030,1375230000,19174472,76.58
31/01/2019,0,0,46(0.44 %),0,0,0,0,19174472,76.58
01/02/2019,18890,861020000,45.6(-0.87 %),19920,908630000,1030,47610000,19186572,76.56
11/02/2019,-24670,-1137410000,46.2(1.32 %),6650,307420000,31320,1444830000,19209952,76.53
12/02/2019,-9530,-456610000,48.2(4.33 %),20560,969906000,30090,1426516000,19240692,76.5
13/02/2019,61850,3092431500,50.8(5.39 %),62390,3119158500,540,26727000,19178842,76.57
14/02/2019,50680,2554829000,50.4(-0.79 %),60710,3058349000,10030,503520000,19128162,76.63
15/02/2019,16370,828308000,50.6(0.40 %),16370,828308000,0,0,19111792,76.65
18/02/2019,-39060,-1970888000,50(-1.19 %),320040,16002538000,359100,17973426000,19150852,76.61
19/02/2019,24190,1184564500,49.2(-1.60 %),130160,6444091000,105970,5259526500,19126662,76.64
20/02/2019,11350,561720000,49.8(1.22 %),13150,650650000,1800,88930000,19078522,76.69
21/02/2019,4590,227520000,49.5(-0.60 %),6090,302020000,1500,74500000,19112592,76.65
22/02/2019,-4410,-215887500,49(-1.01 %),1290,63012000,5700,278899500,19115132,76.65
25/02/2019,-41710,-2040750000,48.4(-1.22 %),290,14170000,42000,2054920000,19118782,76.64
26/02/2019,-18910,-928711000,50(3.31 %),1200,59280000,20110,987991000,19175752,76.58
27/02/2019,-90130,-4649328000,52.5(5.00 %),20000,1042800000,110130,5692128000,19265882,76.47
28/02/2019,-123020,-6547068000,53(0.95 %),25000,1348880000,148020,7895948000,19388902,76.31
01/03/2019,-14890,-793517000,54(1.89 %),20000,1058783000,34890,1852300000,19141892,76.62
04/03/2019,-39570,-2127140000,53.1(-1.67 %),220,11750000,39790,2138890000,19231802,76.51
05/03/2019,-58310,-3162660000,54(1.69 %),90,4910000,58400,3167570000,19379732,76.33
06/03/2019,-29100,-1558916100,53.3(-1.30 %),130,6964230,29230,1565880330,19268872,76.46
07/03/2019,-28380,-1527137000,54(1.31 %),13500,732426000,41880,2259563000,19297252,76.43
08/03/2019,-21120,-1120168000,52.7(-2.41 %),4040,213312000,25160,1333480000,19318372,76.4
11/03/2019,2000,105200000,52.8(0.19 %),10000,529200000,8000,424000000,19316372,76.4
12/03/2019,7400,390830000,53(0.38 %),12700,671730000,5300,280900000,19546152,76.12
13/03/2019,-1940,-103400000,53.1(0.19 %),70000,3710000000,71940,3813400000,19310912,76.41
14/03/2019,-9340,-505779000,54(1.69 %),12460,677162000,21800,1182941000,19320252,76.4
15/03/2019,-8120,-438700000,54(0.00 %),20,1080000,8140,439780000,19572132,76.09
18/03/2019,-108450,-5772390000,52.8(-2.22 %),1550,82620000,110000,5855010000,19572522,76.09
19/03/2019,-21320,-1095408000,51.2(-3.03 %),11000,568889000,32320,1664297000,19458142,76.23
20/03/2019,-21730,-1120020000,51.8(1.17 %),0,0,21730,1120020000,19591462,76.07
21/03/2019,-22270,-1140784000,50(-3.47 %),1000,51452000,23270,1192236000,19502142,76.18
22/03/2019,0,-30000,50.2(0.40 %),30,1500000,30,1530000,19732752,75.89
25/03/2019,-820,-40295500,48.6(-3.19 %),180,8890000,1000,49185500,19502962,76.18
26/03/2019,-25380,-1228670000,48.5(-0.21 %),2010,97490000,27390,1326160000,19775562,75.84
27/03/2019,-17140,-835350000,48.6(0.21 %),2000,97700000,19140,933050000,19773592,75.84
28/03/2019,10600,516328000,48.55(-0.10 %),25600,1242100000,15000,725772000,19534882,76.14
29/03/2019,7030,339990000,48.55(0.00 %),29030,1413162500,22000,1073172500,19527852,76.15
01/04/2019,0,0,49.7(2.37 %),0,0,0,0,19766492,75.85
02/04/2019,-8990,-445671000,49.4(-0.60 %),0,0,8990,445671000,19775482,75.84
03/04/2019,-17270,-844850000,48.9(-1.01 %),2130,104430000,19400,949280000,19753892,75.87
04/04/2019,-7230,-354072000,49(0.20 %),10700,523520500,17930,877592500,19799982,75.81
05/04/2019,-11080,-541490000,49(0.00 %),20,980000,11100,542470000,19777002,75.84
08/04/2019,-31340,-1556198000,49.9(1.84 %),10,493000,31350,1556691000,19842402,75.76
09/04/2019,36540,1826040000,49.9(0.00 %),46020,2297870000,9480,471830000,19768302,75.85
10/04/2019,-2500,-121837500,49.4(-1.00 %),20000,990000000,22500,1111837500,19808362,75.8
11/04/2019,4410,213903000,48.3(-2.23 %),4410,213903000,0,0,19803952,75.81
12/04/2019,10,493000,48.7(0.83 %),150,7283000,140,6790000,19803942,75.81
16/04/2019,11020,535324500,49.2(1.03 %),11020,535324500,0,0,19792922,75.82
17/04/2019,-21850,-1073560000,48.05(-2.34 %),24780,1197720000,46630,2271280000,19782372,75.83
18/04/2019,-59620,-2817268500,46.8(-2.60 %),380,18024500,60000,2835293000,19874392,75.72
19/04/2019,-131400,-6141110000,47(0.43 %),11300,529130000,142700,6670240000,19770832,75.85
22/04/2019,-15040,-699250000,46.65(-0.74 %),10040,467980000,25080,1167230000,19807422,75.8
23/04/2019,500,23460000,47(0.75 %),500,23460000,0,0,19866922,75.73
24/04/2019,-27970,-1315860000,47(0.00 %),120,5650000,28090,1321510000,20009502,75.56
25/04/2019,0,0,46.6(-0.85 %),0,0,0,0,20034582,75.53
26/04/2019,100,4650000,47.4(1.72 %),100,4650000,0,0,20048202,75.51
02/05/2019,-21130,-993228000,46.7(-1.48 %),27260,1281342000,48390,2274570000,20062572,75.49
03/05/2019,-2300,-107462000,46.85(0.32 %),100,4660000,2400,112122000,20064872,75.49
06/05/2019,-240,-11124000,45.5(-2.88 %),40,1860000,280,12984000,20065112,75.49
07/05/2019,-24980,-1145110000,45.7(0.44 %),20,920000,25000,1146030000,20083542,75.47
08/05/2019,13870,620840000,44.65(-2.30 %),13870,620840000,0,0,20072072,75.48
09/05/2019,-15970,-715814500,44.7(0.11 %),2070,92529000,18040,808343500,20092192,75.46
10/05/2019,-53880,-2406000000,44.7(0.00 %),126120,5606000000,180000,8012000000,20146072,75.39
13/05/2019,-33960,-1518590000,44.65(-0.11 %),40,1790000,34000,1520380000,20069122,75.48
14/05/2019,-169880,-7576430000,44.55(-0.22 %),1610,71890000,171490,7648320000,20085552,75.46
15/05/2019,-387950,-17487785500,45.5(2.13 %),740,33429000,388690,17521214500,20737862,74.67
16/05/2019,-181480,-8372950000,46.2(1.54 %),3520,162790000,185000,8535740000,20195292,75.33
17/05/2019,140,6450000,46(-0.43 %),140,6450000,0,0,20366642,75.12
20/05/2019,1000,45100000,45.35(-1.41 %),1000,45100000,0,0,20754332,74.65
21/05/2019,-150350,-7007520000,46.65(2.87 %),0,0,150350,7007520000,20939332,74.42
22/05/2019,-640,-29950000,46.3(-0.75 %),10,470000,650,30420000,20939322,74.42
23/05/2019,3240,149480000,46.15(-0.32 %),3540,163330000,300,13850000,20935782,74.43
24/05/2019,610,28040000,45.4(-1.63 %),610,28040000,0,0,21085522,74.24
27/05/2019,-24380,-1108922500,46.25(1.87 %),62130,2880400500,86510,3989323000,20959552,74.4
28/05/2019,-81340,-3772910000,46.05(-0.43 %),72020,3343900000,153360,7116810000,20952322,74.4
29/05/2019,24300,1138074000,47.5(3.15 %),66004,3065248800,41704,1927174800,21016592,74.33
30/05/2019,49460,2346220000,47.25(-0.53 %),149460,7096220000,100000,4750000000,20963372,74.39
31/05/2019,2830,133633000,47(-0.53 %),2860,135055000,30,1422000,20964302,74.39
03/06/2019,20500,962045000,46.7(-0.64 %),20500,962045000,0,0,21095080,74.23
04/06/2019,-5080,-218880000,43(-7.92 %),130,5750000,5210,224630000,21094950,74.23
05/06/2019,-26500,-1126352500,41.5(-3.49 %),4400,188540000,30900,1314892500,21126660,74.19
06/06/2019,25330,1065150000,42.5(2.41 %),25330,1065150000,0,0,21065250,74.27
07/06/2019,52830,2321730000,44.5(4.71 %),109010,4806370000,56180,2484640000,20991450,74.36
10/06/2019,47500,2132410000,44.2(-0.67 %),50020,2245810000,2520,113400000,20972330,74.38
11/06/2019,-30,-1329000,44(-0.45 %),0,0,30,1329000,21001030,74.35
12/06/2019,10000,445000000,44.35(0.80 %),190000,8455000000,180000,8010000000,20988510,74.36
13/06/2019,-270,-11893500,44(-0.79 %),0,0,270,11893500,20991300,74.36
14/06/2019,100,4395000,43.6(-0.91 %),100,4395000,0,0,20991200,74.36
17/06/2019,1500,65600000,43.7(0.23 %),1500,65600000,0,0,20989460,74.36
18/06/2019,2730,118183500,42.5(-2.75 %),2740,118616500,10,433000,20986970,74.36
19/06/2019,-2640,-113240000,43(1.18 %),0,0,2640,113240000,20986990,74.36
20/06/2019,1200,51995000,43(0.00 %),1200,51995000,0,0,20988410,74.36
21/06/2019,400,17328500,42.8(-0.47 %),1300,55795000,900,38466500,20988010,74.36
24/06/2019,7530,322180000,42.7(-0.23 %),7570,323910000,40,1730000,20979570,74.37
25/06/2019,23920,1029660000,43.3(1.41 %),23950,1030960000,30,1300000,20955620,74.4
26/06/2019,24090,1039490000,43(-0.69 %),340740,14750420000,316650,13710930000,20932380,74.43
27/06/2019,35700,1538459500,43(0.00 %),36000,1551374500,300,12915000,20896770,74.47
28/06/2019,-9310,-398300000,42.6(-0.93 %),8620,369450000,17930,767750000,20887830,74.48
01/07/2019,5300,227270000,43(0.94 %),5400,231530000,100,4260000,20882480,74.49
02/07/2019,15740,676750000,43(0.00 %),15740,676750000,0,0,20867040,74.51
03/07/2019,-34400,-1492334000,43.3(0.70 %),8800,381520000,43200,1873854000,20906540,74.46
04/07/2019,-42460,-1880850000,44.5(2.77 %),67780,2995680000,110240,4876530000,20873490,74.5
05/07/2019,140040,6360167500,45.6(2.47 %),141100,6407970500,1060,47803000,20808960,74.58
08/07/2019,37410,1693020500,45.2(-0.88 %),37410,1693020500,0,0,20771550,74.63
09/07/2019,128910,5910223000,46.3(2.43 %),133470,6115637500,4560,205414500,20642640,74.78
10/07/2019,70300,3251626500,46.4(0.22 %),70300,3251626500,0,0,20572340,74.87
11/07/2019,36490,1694800000,46.3(-0.22 %),37000,1718530000,510,23730000,20543710,74.9
12/07/2019,467370,22421007000,48.3(4.32 %),469640,22529967000,2270,108960000,20068480,75.48
15/07/2019,249250,12368950000,50(3.52 %),252190,12515330000,2940,146380000,19826440,75.78
16/07/2019,195510,9969790000,50.5(1.00 %),197700,10081460000,2190,111670000,19629250,76.02
17/07/2019,152390,7612317000,50.1(-0.79 %),207390,10354805000,55000,2742488000,19471330,76.21
18/07/2019,38720,1908441000,49.5(-1.20 %),38960,1920299000,240,11858000,19432610,76.26
19/07/2019,18830,930300000,49.85(0.71 %),50290,2492730000,31460,1562430000,19340010,76.37
22/07/2019,34790,1708790000,49.2(-1.30 %),50110,2462050000,15320,753260000,19344900,76.37
23/07/2019,18870,954542000,50.1(1.83 %),121130,6107023000,102260,5152481000,19360120,76.35
24/07/2019,20850,1044300000,50.3(0.40 %),21850,1094300000,1000,50000000,19233620,76.5
25/07/2019,20980,1027432000,49.5(-1.59 %),45480,2237222000,24500,1209790000,19318290,76.4
26/07/2019,37200,1833020000,49.7(0.40 %),37200,1833020000,0,0,19268520,76.46
29/07/2019,35000,1716292500,48.8(-1.81 %),35000,1716292500,0,0,19246090,76.49
30/07/2019,40000,1932350000,47.85(-1.95 %),40000,1932350000,0,0,19219020,76.52
31/07/2019,71450,3428561000,48.5(1.36 %),71450,3428561000,0,0,19134640,76.63
01/08/2019,46000,2233330000,48.7(0.41 %),46000,2233330000,0,0,19101570,76.67
02/08/2019,36390,1772650000,48.9(0.41 %),37800,1840510000,1410,67860000,19063770,76.71
05/08/2019,260,12480000,48(-1.84 %),260,12480000,0,0,19063510,76.71
06/08/2019,24400,1161340000,47.4(-1.25 %),24400,1161340000,0,0,19039110,76.74
07/08/2019,25000,1211770000,49.2(3.80 %),25000,1211770000,0,0,19015520,76.77
08/08/2019,5140,269600000,52.3(6.30 %),6900,360270000,1760,90670000,19008620,76.78
09/08/2019,16100,835370000,51.9(-0.76 %),19500,1012260000,3400,176890000,18989120,76.8
12/08/2019,7810,398310000,51.2(-1.35 %),7810,398310000,0,0,18981310,76.81
13/08/2019,31100,1561860000,50.5(-1.37 %),31100,1561860000,0,0,18951970,76.85
14/08/2019,-34090,-1727185000,50.4(-0.20 %),0,0,34090,1727185000,19035460,76.75
15/08/2019,0,0,50.5(0.20 %),0,0,0,0,19035460,76.75
16/08/2019,25080,1300170000,51.7(2.38 %),26080,1351870000,1000,51700000,18929290,76.88
19/08/2019,720,37710000,51(-1.35 %),720,37710000,0,0,18962660,76.84
20/08/2019,24360,1249707000,51.9(1.76 %),24410,1252252000,50,2545000,18985300,76.81
21/08/2019,1230,63310000,50.8(-2.12 %),1230,63310000,0,0,18938020,76.87
22/08/2019,0,0,50.6(-0.39 %),0,0,0,0,18984070,76.81
23/08/2019,44510,2265760000,50.7(0.20 %),44860,2283650000,350,17890000,18893210,76.92
26/08/2019,4580,227350000,50.4(-0.59 %),20000,1006803000,15420,779453000,18934980,76.87
27/08/2019,27200,1354006000,49.2(-2.38 %),32200,1607046000,5000,253040000,18907780,76.9
28/08/2019,45310,2185430000,48.3(-1.83 %),50310,2429910000,5000,244480000,18791050,77.05
29/08/2019,1280,61078000,47.65(-1.35 %),6280,300812000,5000,239734000,18861190,76.96
30/08/2019,67980,3377200000,50(4.93 %),73980,3669400000,6000,292200000,18731210,77.12
03/09/2019,16010,792840000,49.3(-1.40 %),21010,1037750000,5000,244910000,18715200,77.14
04/09/2019,10000,494634500,49.1(-0.41 %),15000,737756500,5000,243122000,18726210,77.12
05/09/2019,124720,6224211500,50(1.83 %),127180,6345797500,2460,121586000,18601490,77.28
06/09/2019,26430,1313570000,49.7(-0.60 %),35930,1785570000,9500,472000000,18553090,77.34
09/09/2019,89870,4469803000,49.5(-0.40 %),91870,4569603000,2000,99800000,18485190,77.42
10/09/2019,73610,3604560000,48.7(-1.62 %),74360,3641690000,750,37130000,18394320,77.53
11/09/2019,40680,2004550000,49.65(1.95 %),40680,2004550000,0,0,18363140,77.57
12/09/2019,5330,266666000,50.2(1.11 %),5330,266666000,0,0,18365570,77.56
13/09/2019,0,0,50.2(0.00 %),0,0,0,0,18365570,77.56
16/09/2019,26930,1367053000,51.8(3.19 %),27430,1392054000,500,25001000,18338640,77.6
17/09/2019,35600,1829990000,51.3(-0.97 %),35600,1829990000,0,0,18297530,77.65
18/09/2019,55890,2939849000,53.3(3.90 %),56390,2966549000,500,26700000,18247150,77.71
19/09/2019,7950,422008000,53(-0.56 %),9060,480907000,1110,58899000,18239200,77.72
20/09/2019,18090,955729000,52.8(-0.38 %),29090,1535559000,11000,579830000,18221110,77.74
23/09/2019,5080,264184000,51.5(-2.46 %),5080,264184000,0,0,18216030,77.75
24/09/2019,16120,837452000,51.7(0.39 %),19490,1010698000,3370,173246000,18199910,77.77
25/09/2019,25630,1331603000,52.5(1.55 %),26430,1372963000,800,41360000,18174280,77.8
26/09/2019,20100,1047400000,52(-0.95 %),20100,1047400000,0,0,18145003,77.83
27/09/2019,-3780,-194010000,50.6(-2.69 %),3920,199310000,7700,393320000,18144453,77.84
30/09/2019,29860,1527807000,51.2(1.19 %),40820,2082979000,10960,555172000,18128100,77.86
01/10/2019,86370,4470650000,51.7(0.98 %),88760,4593260000,2390,122610000,18015773,77.99
02/10/2019,87080,4497343000,51.5(-0.39 %),87080,4497343000,0,0,18017453,77.99
03/10/2019,33040,1701310000,51.6(0.19 %),33040,1701310000,0,0,17914313,78.12
04/10/2019,138700,7405541000,53.2(3.10 %),141100,7531261000,2400,125720000,17845713,78.2
07/10/2019,87280,4696340000,53.5(0.56 %),104330,5612750000,17050,916410000,17671273,78.41
08/10/2019,41250,2188169000,53.1(-0.75 %),42310,2244491000,1060,56322000,17717183,78.36
09/10/2019,66540,3597300000,54.8(3.20 %),71380,3859720000,4840,262420000,17559983,78.55
10/10/2019,81220,4466820000,54.8(0.00 %),82510,4537470000,1290,70650000,17494523,78.63
11/10/2019,38870,2113134000,54.2(-1.09 %),45280,2461780000,6410,348646000,17530553,78.58
14/10/2019,117140,6353100000,53.5(-1.29 %),141360,7673000000,24220,1319900000,17313783,78.85
15/10/2019,43830,2344360000,54(0.93 %),52330,2799110000,8500,454750000,17262743,78.91
16/10/2019,37950,2038530000,53.7(-0.56 %),44250,2377600000,6300,339070000,17224903,78.96
17/10/2019,68260,3681730000,53.8(0.19 %),71260,3843230000,3000,161500000,17177863,79.02
18/10/2019,65050,3484044000,53.4(-0.74 %),68050,3644544000,3000,160500000,17198323,78.99
21/10/2019,29700,1570580000,52.6(-1.50 %),32700,1729380000,3000,158800000,17168623,79.03
22/10/2019,66670,3569690000,53.8(2.28 %),68170,3649040000,1500,79350000,17026743,79.2
23/10/2019,23990,1286480000,53.2(-1.12 %),55590,2971110000,31600,1684630000,16974153,79.26
24/10/2019,20000,1056450000,52.9(-0.56 %),40000,2115800000,20000,1059350000,17057963,79.16
25/10/2019,20140,1066906000,53.2(0.57 %),20140,1066906000,0,0,17037823,79.19
28/10/2019,36870,1960841000,53.1(-0.19 %),39860,2120056000,2990,159215000,17000953,79.23
29/10/2019,39800,2106890000,53(-0.19 %),58300,3086770000,18500,979880000,16871953,79.39
30/10/2019,141880,7577235000,53.4(0.75 %),160630,8563331000,18750,986096000,16819273,79.45
31/10/2019,40230,2148624000,53.1(-0.56 %),44370,2368608000,4140,219984000,16779043,79.5
01/11/2019,53920,2858520000,53(-0.19 %),53920,2858520000,0,0,16634523,79.68
04/11/2019,102560,5407448000,52.6(-0.75 %),107650,5676705000,5090,269257000,16585883,79.74
05/11/2019,51670,2723728000,52.8(0.38 %),52270,2755528000,600,31800000,16534213,79.8
06/11/2019,67260,3591463000,53.5(1.33 %),108760,5800286000,41500,2208823000,16466953,79.88
07/11/2019,25970,1386421000,53.4(-0.19 %),25970,1386421000,0,0,16440983,79.92
08/11/2019,11380,603960000,53(-0.75 %),11380,603960000,0,0,16357073,80.02
11/11/2019,43200,2274580000,52.7(-0.57 %),86040,4528550000,42840,2253970000,16312533,80.07
12/11/2019,18980,995946000,52.4(-0.57 %),19000,997000000,20,1054000,16367423,80.01
13/11/2019,47940,2494450000,51.8(-1.15 %),48100,2502750000,160,8300000,16245433,80.15
14/11/2019,26510,1369920000,51.6(-0.39 %),27000,1395250000,490,25330000,16261273,80.14
15/11/2019,35970,1880340000,52.8(2.33 %),35970,1880340000,0,0,16257003,80.14
18/11/2019,24690,1293887000,52.3(-0.95 %),24690,1293887000,0,0,16232313,80.17
19/11/2019,87700,4688936000,54(3.25 %),108420,5795240000,20720,1106304000,16144613,80.28
20/11/2019,52450,2852500000,54.4(0.74 %),52450,2852500000,0,0,16040413,80.41
21/11/2019,56440,3045879000,53.9(-0.92 %),56440,3045879000,0,0,16035723,80.41
22/11/2019,70100,3731830000,52.1(-3.34 %),75090,3998300000,4990,266470000,15929603,80.54
25/11/2019,4890,257020000,52.4(0.58 %),7560,396660000,2670,139640000,15922043,80.55
26/11/2019,-1370,-71980000,52.5(0.19 %),1100,57530000,2470,129510000,15920943,80.55
27/11/2019,420,21866000,52.2(-0.57 %),2800,146480000,2380,124614000,15961683,80.5
28/11/2019,-11470,-594405000,51.6(-1.15 %),600,31120000,12070,625525000,15973153,80.49
29/11/2019,5170,268100000,52.1(0.97 %),5900,305777000,730,37677000,15967983,80.49
02/12/2019,2800,146000000,51.9(-0.38 %),3290,171570000,490,25570000,15920863,80.55
03/12/2019,-36550,-1874127000,50.9(-1.93 %),3300,170704000,39850,2044831000,15960703,80.5
04/12/2019,-11110,-549670000,49.7(-2.36 %),620,30660000,11730,580330000,15929743,80.54
05/12/2019,-3590,-177702000,49.1(-1.21 %),0,0,3590,177702000,15975403,80.48
06/12/2019,-2970,-144672000,48.35(-1.53 %),0,0,2970,144672000,15978373,80.48
09/12/2019,-29450,-1394310000,47(-2.79 %),35130,1663490500,64580,3057800500,16007823,80.45
10/12/2019,-2020,-95620000,47.1(0.21 %),100,4710000,2120,100330000,15950173,80.52
11/12/2019,1010,47462000,46.8(-0.64 %),1010,47462000,0,0,16008833,80.44
12/12/2019,-1400,-66310000,49(4.70 %),500,23600000,1900,89910000,16016213,80.43
13/12/2019,-1000,-48080000,47.9(-2.24 %),0,0,1000,48080000,16018333,80.43
16/12/2019,20690,986843500,47.8(-0.21 %),23600,1125845000,2910,139001500,15990543,80.47
17/12/2019,-800,-38080000,47.4(-0.84 %),0,0,800,38080000,15991343,80.47
18/12/2019,9700,455398500,46.3(-2.32 %),10150,476622000,450,21223500,15981643,80.48
19/12/2019,28970,1360350000,46.6(0.65 %),29970,1406650000,1000,46300000,15960423,80.5
20/12/2019,-4680,-220428000,47.1(1.07 %),20,942000,4700,221370000,15957353,80.51
23/12/2019,13830,649820000,47.1(0.00 %),25160,1183670000,11330,533850000,15936493,80.53
24/12/2019,1880,87440000,46.7(-0.85 %),1880,87440000,0,0,15935613,80.53
25/12/2019,-4170,-194060500,46.65(-0.11 %),0,0,4170,194060500,15945813,80.52
26/12/2019,810,37800000,46.95(0.64 %),1200,56130000,390,18330000,15945003,80.52
27/12/2019,-970,-44780000,46.15(-1.70 %),200,9220000,1170,54000000,15950243,80.52
30/12/2019,1880,87438000,45.55(-1.30 %),1880,87438000,0,0,15944093,80.52
31/12/2019,3200,144790000,45.2(-0.77 %),3200,144790000,0,0,15940893,80.53
02/01/2020,-26580,-1198420000,45.15(-0.11 %),12780,576700000,39360,1775120000,15932343,80.54
03/01/2020,-14490,-650981500,45(-0.33 %),5310,243058500,19800,894040000,15959613,80.5
06/01/2020,2120,95050000,44.7(-0.67 %),2180,97730000,60,2680000,15924853,80.55
07/01/2020,-39150,-1741121500,44.7(0.00 %),13530,604056000,52680,2345177500,15996643,80.46
08/01/2020,6100,268630000,44(-1.57 %),11600,510820000,5500,242190000,15958883,80.5
09/01/2020,15510,697630000,45(2.27 %),16200,728550000,690,30920000,15942743,80.52
10/01/2020,15740,716630000,45.8(1.78 %),16000,728340000,260,11710000,15979423,80.48
13/01/2020,-2500,-112744000,45(-1.75 %),280,12656000,2780,125400000,15961793,80.5
14/01/2020,13510,614390000,45.5(1.11 %),13510,614390000,0,0,15971823,80.49
15/01/2020,13840,630820000,45.5(0.00 %),13840,630820000,0,0,15934443,80.53
16/01/2020,1320,60000000,45.3(-0.44 %),1320,60000000,0,0,15959703,80.5
17/01/2020,18000,819770000,45.7(0.88 %),18000,819770000,0,0,15941703,80.53
20/01/2020,-3110,-139410000,45.4(-0.66 %),930,42390000,4040,181800000,15940773,80.53
21/01/2020,1010,45450000,45.4(0.00 %),1010,45450000,0,0,15939763,80.53
22/01/2020,-330,-15037000,45.4(0.00 %),330,14975000,660,30012000,15940093,80.53
30/01/2020,-2100,-92905000,44.5(-1.98 %),1200,53030000,3300,145935000,15942193,80.53
31/01/2020,-4760,-204947000,42.5(-4.49 %),1300,55980000,6060,260927000,15946953,80.52
03/02/2020,48610,1982685500,42.2(-0.71 %),48910,1994710500,300,12025000,15941633,80.53
04/02/2020,30070,1269410000,42.5(0.71 %),35000,1479290000,4930,209880000,15861023,80.62
05/02/2020,18000,760000000,42(-1.18 %),18000,760000000,0,0,15849083,80.64
06/02/2020,-57410,-2411995500,42(0.00 %),11270,473497000,68680,2885492500,15950973,80.51
07/02/2020,-33920,-1425531500,41.5(-1.19 %),24380,1017601500,58300,2443133000,15984893,80.47
10/02/2020,-92600,-3782551500,40.65(-2.05 %),10650,441690000,103250,4224241500,16077493,80.36
11/02/2020,-88590,-3603257000,40.6(-0.12 %),13600,552930000,102190,4156187000,16166083,80.25
12/02/2020,-143260,-5907750000,41.3(1.72 %),48320,1997310000,191580,7905060000,15873073,80.61
13/02/2020,-13070,-541730000,41.1(-0.48 %),42610,1756450000,55680,2298180000,15933713,80.54
14/02/2020,-39280,-1609756500,40.9(-0.49 %),28830,1177104500,68110,2786861000,16361693,80.01
17/02/2020,-89800,-3721280000,41.5(1.47 %),21400,877520000,111200,4598800000,16177253,80.24
18/02/2020,-286700,-12306039000,44(6.02 %),15280,657630500,301980,12963669500,16738193,79.55
19/02/2020,-29440,-1286517500,43.8(-0.45 %),0,0,29440,1286517500,16767633,79.52
20/02/2020,-47090,-2064427500,44.3(1.14 %),1470,64874000,48560,2129301500,16814723,79.46
21/02/2020,116170,5200089000,44.5(0.45 %),163510,7312515000,47340,2112426000,16698553,79.6
24/02/2020,-6890,-292149000,42(-5.62 %),26380,1124368500,33270,1416517500,16705443,79.59
25/02/2020,-66830,-2774576000,42.4(0.95 %),4330,177424000,71160,2952000000,16772273,79.51
26/02/2020,-29700,-1231287000,41.7(-1.65 %),3000,123750000,32700,1355037000,16801973,79.47
27/02/2020,-21570,-904666500,41.8(0.24 %),3320,138842000,24890,1043508500,16823543,79.45
28/02/2020,-20360,-836175500,40.9(-2.15 %),0,0,20360,836175500,16843903,79.42
02/03/2020,-211330,-8562984500,40.5(-0.98 %),31240,1267352500,242570,9830337000,16728167,79.57
03/03/2020,17610,730819500,41.4(2.22 %),19760,818134500,2150,87315000,16710557,79.59
04/03/2020,2690,112326500,41.8(0.97 %),2690,112326500,0,0,16707867,79.59
05/03/2020,13240,554015500,41.9(0.24 %),13240,554015500,0,0,16694627,79.61
06/03/2020,-930,-38700000,41.95(0.12 %),4420,184990000,5350,223690000,16978034,79.26
09/03/2020,5790,227778500,39.05(-6.91 %),13190,522509000,7400,294730500,16689767,79.61
10/03/2020,-8740,-339480000,40.1(2.69 %),140,5370000,8880,344850000,16964699,79.28
11/03/2020,8150,321110000,39.4(-1.75 %),10210,402274000,2060,81164000,16690357,79.61
12/03/2020,6800,244700000,36.9(-6.35 %),13050,480740000,6250,236040000,16954189,79.29
13/03/2020,55820,2006330500,37(0.27 %),59040,2119954500,3220,113624000,16627737,79.69
16/03/2020,-10910,-404890000,36(-2.70 %),400,14580000,11310,419470000,16905689,79.35
17/03/2020,-14060,-506235000,36.5(1.39 %),5140,187485000,19200,693720000,16652707,79.66
18/03/2020,-39620,-1451770000,36.8(0.82 %),9170,335950000,48790,1787720000,16900849,79.35
19/03/2020,-39620,-1451773000,36.05(-2.04 %),9170,335951000,48790,1787724000,16731947,79.56
20/03/2020,-9340,-335510000,35.7(-0.97 %),8860,318090000,18200,653600000,16907139,79.35
23/03/2020,11120,373790000,33.25(-6.86 %),12220,410590000,1100,36800000,16943709,79.3
24/03/2020,-10700,-354810000,33.5(0.75 %),1100,36630000,11800,391440000,16972459,79.27
25/03/2020,70210,2470936000,35.15(4.93 %),82910,2914080500,12700,443144500,16670657,79.64
26/03/2020,70920,2513040000,35.3(0.43 %),86940,3083310000,16020,570270000,16821909,79.45
27/03/2020,27700,972460000,35(-0.85 %),37010,1301450000,9310,328990000,16796699,79.48
30/03/2020,13780,469197000,34.35(-1.86 %),32590,1110266000,18810,641069000,16558257,79.77
31/03/2020,-40450,-1377840000,33.95(-1.16 %),22100,751780000,62550,2129620000,16770729,79.51
01/04/2020,-19490,-678300000,35(3.09 %),5890,204340000,25380,882640000,16774149,79.51
03/04/2020,-20290,-728480000,36(2.86 %),5020,178190000,25310,906670000,16787939,79.49
06/04/2020,-18700,-703195500,37.95(5.42 %),17670,663217500,36370,1366413000,16819029,79.45
07/04/2020,-19720,-771870000,39.2(3.29 %),65340,2560270000,85060,3332140000,16792859,79.49
08/04/2020,12790,504858000,40(2.04 %),42780,1679129500,29990,1174271500,16825959,79.45
09/04/2020,-9200,-368606500,40.7(1.75 %),27020,1104218500,36220,1472825000,16835159,79.43
10/04/2020,-49340,-1973677500,39.6(-2.70 %),45160,1809452500,94500,3783130000,16884499,79.37
13/04/2020,-55740,-2208870000,39.55(-0.13 %),16590,657370000,72330,2866240000,16838039,79.43
14/04/2020,-10840,-425742500,39.45(-0.25 %),17100,676681500,27940,1102424000,16951079,79.29
15/04/2020,5860,234185000,40.7(3.17 %),7170,287502000,1310,53317000,16945219,79.3
16/04/2020,45880,1923516500,42.3(3.93 %),90010,3752583000,44130,1829066500,16899339,79.36
17/04/2020,42910,1884230000,45(6.38 %),123820,5461400000,80910,3577170000,16860929,79.4
20/04/2020,-32810,-1497810000,44.8(-0.44 %),6130,280510000,38940,1778320000,16856109,79.41
21/04/2020,-28190,-1254856000,43(-4.02 %),3160,141774500,31350,1396630500,16917429,79.33
22/04/2020,-11980,-513650000,44.45(3.37 %),19130,826840000,31110,1340490000,16928859,79.32
23/04/2020,-42170,-1910030000,45.05(1.35 %),0,0,42170,1910030000,16967799,79.27
24/04/2020,-1900,-84464000,45.4(0.78 %),11410,516021500,13310,600485500,16973479,79.27
27/04/2020,-20910,-953116500,45.7(0.66 %),410,18573000,21320,971689500,16994389,79.24
28/04/2020,-21030,-964286500,46.2(1.09 %),1040,47536000,22070,1011822500,17015419,79.21
29/04/2020,-29720,-1408320000,47.2(2.16 %),19240,908410000,48960,2316730000,17053639,79.17
04/05/2020,-50450,-2366030000,46.7(-1.06 %),14860,696659000,65310,3062689000,17074959,79.14
05/05/2020,8940,397330000,45(-3.64 %),15830,702950000,6890,305620000,17066339,79.15
06/05/2020,5980,270900000,44.35(-1.44 %),32760,1465830000,26780,1194930000,17082539,79.13
07/05/2020,41630,1858950000,44.5(0.34 %),73850,3290850000,32220,1431900000,17074000,79.14
08/05/2020,43920,1954693500,44.55(0.11 %),53730,2391385500,9810,436692000,16974489,79.26
11/05/2020,28400,1215323320,45(1.01 %),46920,1987690910,18520,772367590,16946089,79.3
12/05/2020,11110,524830000,47(4.44 %),38320,1788530000,27210,1263700000,17000920,79.23
13/05/2020,12460,585990000,47.5(1.06 %),41530,1966200000,29070,1380210000,16969200,79.27
14/05/2020,37900,1791650000,46.8(-1.47 %),67820,3203060000,29920,1411410000,16919900,79.33
15/05/2020,55440,2563770000,46.45(-0.75 %),63820,2952360000,8380,388590000,16883290,79.38
18/05/2020,59830,2768140000,46.75(0.65 %),71640,3315870000,11810,547730000,16840720,79.43
19/05/2020,98770,4647680500,46.8(0.11 %),103360,4864293500,4590,216613000,16670579,79.64
20/05/2020,26350,1227939500,46.8(0.00 %),197760,9284141000,171410,8056201500,16644229,79.67
21/05/2020,47710,2227430000,46.55(-0.53 %),58030,2709380000,10320,481950000,16531680,79.81
22/05/2020,247100,11529270000,46.75(0.43 %),356260,16657380000,109160,5128110000,16280010,80.11
25/05/2020,127400,5926470000,47(0.53 %),139510,6490630000,12110,564160000,16311910,80.07
26/05/2020,7540,355980000,48.6(3.40 %),23090,1098840000,15550,742860000,16299140,80.09
27/05/2020,-9680,-467550000,48.35(-0.51 %),8560,415789500,18240,883339500,16224159,80.18
28/05/2020,-10790,-514150000,47.8(-1.14 %),8480,406400000,19270,920550000,16303370,80.08
29/05/2020,-1640,-78856000,47.7(-0.21 %),8390,398551500,10030,477407500,16236589,80.17
01/06/2020,-15590,-743870000,47.6(-0.21 %),8880,424240000,24470,1168110000,16319890,80.06
02/06/2020,21830,1038490000,47.5(-0.21 %),201250,9573760000,179420,8535270000,16306860,80.08
03/06/2020,41420,1966040000,47.7(0.42 %),58940,2797420000,17520,831380000,16257950,80.14
04/06/2020,22230,1086559500,49.2(3.14 %),33400,1631415500,11170,544856000,16243290,80.16
05/06/2020,0,0,50.7(3.05 %),0,0,0,0,16243290,80.16
08/06/2020,30670,1600550000,52.6(3.75 %),70380,3685520000,39710,2084970000,16125940,80.3
09/06/2020,92650,4817710000,52(-1.14 %),104730,5446310000,12080,628600000,16032380,80.42
10/06/2020,45540,2349090000,51.6(-0.77 %),58880,3037430000,13340,688340000,15988320,80.47
11/06/2020,114620,5868160000,50.5(-2.13 %),144170,7384150000,29550,1515990000,15883860,80.6
12/06/2020,5370,264790000,49.7(-1.58 %),12890,636454500,7520,371664500,16047090,80.4
15/06/2020,29580,1437310000,48.8(-1.81 %),46270,2261680000,16690,824370000,15850120,80.64
16/06/2020,43790,2199020000,49.7(1.84 %),69780,3494890000,25990,1295870000,15809890,80.69
17/06/2020,83040,4265230000,49.7(0.00 %),85260,4379560000,2220,114330000,15732150,80.78
18/06/2020,59420,3044730000,51.5(3.62 %),59420,3044730000,0,0,15689420,80.83
19/06/2020,42520,2255618000,54(4.85 %),104020,5562353000,61500,3306735000,15788740,80.71
22/06/2020,16120,867170000,55(1.85 %),87660,4797730000,71540,3930560000,15525950,81.03
23/06/2020,61580,3364380000,54.7(-0.55 %),91000,4973630000,29420,1609250000,15434950,81.14
24/06/2020,139300,7684200000,54.5(-0.37 %),144210,7954050000,4910,269850000,15353920,81.24
25/06/2020,44580,2410850000,54(-0.92 %),49000,2649600000,4420,238750000,15376460,81.22
26/06/2020,59380,3233611000,54.5(0.93 %),70000,3810890000,10620,577279000,15467780,81.1
29/06/2020,84760,4513780000,52.8(-3.12 %),105220,5610260000,20460,1096480000,15235570,81.39
30/06/2020,59380,3233611000,51.9(-1.70 %),70000,3810890000,10620,577279000,15349020,81.25
01/07/2020,51200,2747190000,53.8(3.66 %),58200,3123090000,7000,375900000,15181710,81.45
02/07/2020,48090,2611071000,54.2(0.74 %),50190,2725301000,2100,114230000,15191820,81.44
03/07/2020,35900,1959650000,56(3.32 %),50000,2750650000,14100,791000000,15107970,81.54
06/07/2020,-4980,-272260000,54.2(-3.21 %),300,16740000,5280,289000000,15114670,81.54
07/07/2020,46000,2523668000,54.2(0.00 %),50100,2749639000,4100,225971000,15114900,81.54
08/07/2020,-90,-4850000,54.3(0.18 %),70,3830000,160,8680000,15080700,81.58
09/07/2020,21210,1155800000,54.3(0.00 %),27850,1517780000,6640,361980000,15058130,81.61
10/07/2020,20630,1117091000,53.9(-0.74 %),25650,1388536000,5020,271445000,15073150,81.59
13/07/2020,7900,428636000,54.4(0.93 %),8400,455460000,500,26824000,15065250,81.6
14/07/2020,-4640,-249089000,54(-0.74 %),1320,71298000,5960,320387000,15069890,81.59
15/07/2020,8620,460840000,53.5(-0.93 %),10320,552180000,1700,91340000,15028360,81.64
16/07/2020,-3890,-210440000,54(0.93 %),0,0,3890,210440000,15028860,81.64
17/07/2020,24450,1307740000,53.5(-0.93 %),26370,1409930000,1920,102190000,15008450,81.67
20/07/2020,-8300,-440960000,52.7(-1.50 %),0,0,8300,440960000,15010142,81.66
21/07/2020,21980,1155142000,53.2(0.95 %),25230,1326002000,3250,170860000,15027030,81.64
22/07/2020,27280,1447190000,52.5(-1.32 %),36300,1926720000,9020,479530000,14954422,81.73
23/07/2020,4710,248670000,52.5(0.00 %),8020,422530000,3310,173860000,14954702,81.73
24/07/2020,6130,308045000,50.5(-3.81 %),16070,818913000,9940,510868000,14988910,81.69
27/07/2020,350,14490000,47(-6.93 %),2300,109890000,1950,95400000,14948602,81.74
28/07/2020,63800,3132970000,50.2(6.81 %),63800,3132970000,0,0,14888112,81.81
29/07/2020,38110,1840750000,48.8(-2.79 %),44060,2129290000,5950,288540000,14853992,81.85
30/07/2020,22910,1125390000,49.4(1.23 %),23230,1141060000,320,15670000,14832712,81.88
31/07/2020,45890,2264920000,49.1(-0.61 %),55700,2748980000,9810,484060000,14777012,81.95
03/08/2020,38420,1917972000,50(1.83 %),41120,2051892000,2700,133920000,14782962,81.94
04/08/2020,57360,2887360000,50.5(1.00 %),57640,2901450000,280,14090000,14684522,82.06
05/08/2020,93830,4843940000,51.5(1.98 %),93840,4844440000,10,500000,14600492,82.16
06/08/2020,22460,1160648000,51.3(-0.39 %),31630,1633641000,9170,472993000,14609312,82.15
07/08/2020,72160,3757254000,51.9(1.17 %),100000,5206099000,27840,1448845000,14537152,82.24
10/08/2020,43670,2271240000,51.9(0.00 %),48440,2518940000,4770,247700000,14423412,82.38
11/08/2020,72490,3740650000,51.7(-0.39 %),76930,3970400000,4440,229750000,14355652,82.46
12/08/2020,48970,2537900000,51.7(0.00 %),80000,4140950000,31030,1603050000,14303492,82.53
13/08/2020,24430,1262210000,51.9(0.39 %),24460,1263760000,30,1550000,14283802,82.55
14/08/2020,32920,1701913000,51.7(-0.39 %),33940,1754572000,1020,52659000,14314672,82.51
17/08/2020,36520,1907710000,54.3(5.03 %),71470,3791350000,34950,1883640000,14213862,82.64
18/08/2020,58340,3170396000,54(-0.55 %),76000,4128777000,17660,958381000,14219812,82.63
19/08/2020,30210,1630180000,54.1(0.19 %),30220,1630720000,10,540000,14108692,82.77
20/08/2020,94570,5119778000,55.3(2.22 %),97440,5274531000,2870,154753000,14095032,82.78
21/08/2020,46810,2638460000,57.2(3.44 %),95070,5333470000,48260,2695010000,13968792,82.94
24/08/2020,24700,1427550000,57.8(1.05 %),105400,6066240000,80700,4638690000,13863402,83.06
25/08/2020,-1060,-60520000,57.1(-1.21 %),150,8570000,1210,69090000,13866122,83.06
26/08/2020,3430,195400000,57(-0.18 %),4130,235230000,700,39830000,13910252,83.01
27/08/2020,-24050,-1379379000,57(0.00 %),4550,260163000,28600,1639542000,14045202,82.84
28/08/2020,130,7235000,57.3(0.53 %),640,36560000,510,29325000,14045072,82.84
31/08/2020,-19690,-1096998000,56(-2.27 %),46660,2648315000,66350,3745313000,14064762,82.82
01/09/2020,35230,1994930000,56.9(1.61 %),36730,2079380000,1500,84450000,13932882,82.98
03/09/2020,5990,341341000,56.7(-0.35 %),60750,3459530000,54760,3118189000,13963622,82.94
04/09/2020,21290,1201091000,56.4(-0.53 %),201290,11339951000,180000,10138860000,13942332,82.97
07/09/2020,1610,98008000,55(-2.48 %),73090,4114191000,71480,4016183000,13940722,82.97
08/09/2020,-37130,-2054999000,55.3(0.55 %),38870,2151590000,76000,4206589000,13977852,82.92
09/09/2020,-77750,-4375740000,56.5(2.17 %),23250,1307560000,101000,5683300000,13858822,83.07
10/09/2020,-75580,-4276410000,56.3(-0.35 %),0,0,75580,4276410000,13910302,83.01
11/09/2020,-36540,-2054310000,56.2(-0.18 %),13460,757080000,50000,2811390000,13972912,82.93
14/09/2020,-101100,-5768244000,57.5(2.31 %),8030,455748000,109130,6223992000,14268822,82.57
15/09/2020,-246600,-14784860000,59.7(3.83 %),213270,12744380000,459870,27529240000,14128192,82.74
16/09/2020,-102760,-6107950000,59.1(-1.01 %),100350,5965260000,203110,12073210000,14177842,82.68
17/09/2020,4080,239379000,58.6(-0.85 %),8920,523399000,4840,284020000,14514102,82.27
18/09/2020,-56990,-3470170000,61(4.10 %),203720,12374320000,260710,15844490000,14484202,82.31
21/09/2020,73460,4519504000,61(0.00 %),124140,7636646000,50680,3117142000,14497632,82.29
22/09/2020,-370,-22412000,60.4(-0.98 %),350,21290000,720,43702000,14498002,82.29
23/09/2020,-1960,-118390000,60.2(-0.33 %),62190,3756247000,64150,3874637000,14499962,82.29
24/09/2020,3060,184127000,60.2(0.00 %),4100,246486000,1040,62359000,14496902,82.29
25/09/2020,1440,88500000,60.2(0.00 %),2480,151140000,1040,62640000,14623462,82.14
28/09/2020,12200,738490000,60.5(0.50 %),12200,738490000,0,0,14613512,82.15
29/09/2020,-30170,-1827260000,59.3(-1.98 %),1790,106410000,31960,1933670000,14612762,82.15
30/09/2020,21620,1288160000,60.9(2.70 %),21820,1300100000,200,11940000,14591982,82.17
01/10/2020,-29580,-1834810000,62.2(2.13 %),11420,708210000,41000,2543020000,14580562,82.19
02/10/2020,-16550,-1021420000,61.8(-0.64 %),3780,234530000,20330,1255950000,14608742,82.15
05/10/2020,-125100,-7737610000,61.9(0.16 %),374720,23250300000,499820,30987910000,14597762,82.17
06/10/2020,-212980,-13137370000,61.4(-0.81 %),80310,4966660000,293290,18104030000,14629652,82.13
07/10/2020,-221280,-12784626000,57.4(-6.51 %),154360,8914760000,375640,21699386000,15167892,81.47
08/10/2020,-95570,-5444890000,57.1(-0.52 %),145750,8280780000,241320,13725670000,14736152,82.0
09/10/2020,-27490,-1568140000,56.9(-0.35 %),5040,288830000,32530,1856970000,14953202,81.73
12/10/2020,-51950,-2890689000,55.2(-2.99 %),14660,821667000,66610,3712356000,15342902,81.26
13/10/2020,-5230,-288510000,55.4(0.36 %),11840,656030000,17070,944540000,15293662,81.32
14/10/2020,-127430,-6924540000,54(-2.53 %),11720,637750000,139150,7562290000,15314472,81.29
15/10/2020,1740,97002000,54.2(0.37 %),117730,6350992000,115990,6253990000,15473822,81.1
16/10/2020,-1480,-80480000,54.4(0.37 %),480,26050000,1960,106530000,15279942,81.33
19/10/2020,5700,309521000,54(-0.74 %),8010,434432000,2310,124911000,15469602,81.1
20/10/2020,51060,2763678000,54(0.00 %),102340,5533151000,51280,2769473000,15418542,81.16
21/10/2020,-13980,-752200000,53.7(-0.56 %),13010,701110000,26990,1453310000,15413682,81.17
22/10/2020,-17910,-960360000,53.7(0.00 %),19510,1045710000,37420,2006070000,15396482,81.19
23/10/2020,-53560,-2919624000,57.4(6.89 %),10660,580440000,64220,3500064000,15503992,81.06
26/10/2020,-5120,-282170000,55.5(-3.31 %),8920,505710000,14040,787880000,15455172,81.12
27/10/2020,-24140,-1329830000,55(-0.90 %),6470,357370000,30610,1687200000,15486122,81.08
28/10/2020,-19560,-1057557000,53.9(-2.00 %),470,25662000,20030,1083219000,15552812,81.0
29/10/2020,42540,2300080000,54.5(1.11 %),45370,2452630000,2830,152550000,15518402,81.04
30/10/2020,-14610,-791259000,54.3(-0.37 %),25410,1374503000,40020,2165762000,15524882,81.04
02/11/2020,340,16848000,54.3(0.00 %),41020,2221484000,40680,2204636000,15543632,81.01
03/11/2020,-81000,-4377680000,53.8(-0.92 %),7920,427700000,88920,4805380000,15497522,81.07
04/11/2020,-102660,-5551130000,54.2(0.74 %),440,23850000,103100,5574980000,15537102,81.02
05/11/2020,-44800,-2405520000,53.6(-1.11 %),10700,574630000,55500,2980150000,15567082,80.98
06/11/2020,-11190,-600230000,53.5(-0.19 %),80590,4310940000,91780,4911170000,15575412,80.97
09/11/2020,-46290,-2501660000,54.5(1.87 %),7070,382020000,53360,2883680000,15671442,80.86
10/11/2020,15620,869952000,56(2.75 %),17620,981752000,2000,111800000,15813952,80.68
11/11/2020,75230,4220722000,55.2(-1.43 %),98330,5515322000,23100,1294600000,15738722,80.77
12/11/2020,-2010,-110867000,54.7(-0.91 %),1230,67556000,3240,178423000,15740732,80.77
13/11/2020,7490,410840000,54.7(0.00 %),8490,465640000,1000,54800000,15748412,80.76
16/11/2020,-490,-26720000,55.2(0.91 %),3120,172612000,3610,199332000,15733732,80.78
17/11/2020,65390,3753430000,58(5.07 %),68890,3954130000,3500,200700000,15702742,80.82
18/11/2020,56910,3290044000,58.4(0.69 %),59140,3418915000,2230,128871000,15611432,80.93
19/11/2020,22760,1322473000,58.2(-0.34 %),24120,1401919000,1360,79446000,15588672,80.96
20/11/2020,98780,5846074000,59.4(2.06 %),104180,6166249000,5400,320175000,15489892,81.08
23/11/2020,27730,1641530000,59.2(-0.34 %),29940,1772760000,2210,131230000,15495702,81.07
24/11/2020,125830,7385014000,58.6(-1.01 %),125830,7385014000,0,0,15336332,81.27
25/11/2020,124900,7293680000,58.5(-0.17 %),137440,8029240000,12540,735560000,15239192,81.38
26/11/2020,50380,2930361000,58.3(-0.34 %),60350,3511102000,9970,580741000,15188812,81.45
27/11/2020,81900,4899210000,60.9(4.46 %),138040,8277570000,56140,3378360000,15043012,81.62
30/11/2020,-5060,-310930000,60.9(0.00 %),46450,2830710000,51510,3141640000,15048072,81.62
01/12/2020,53140,3214260000,60.7(-0.33 %),53220,3219060000,80,4800000,14965852,81.72
02/12/2020,40556,24999810000,61.7(1.65 %),42494,26194870000,1938,1195060000,14597132,82.17
03/12/2020,68000,4221383000,62.1(0.65 %),70840,4398753000,2840,177370000,14545512,82.23
04/12/2020,17693,10951120000,61.8(-0.48 %),22963,14218830000,5270,3267710000,14348252,82.47
07/12/2020,272540,16991743000,62.7(1.46 %),280540,17489243000,8000,497500000,14096042,82.78
08/12/2020,12572,7982360000,65(3.67 %),12679,8051540000,107,69180000,13963142,82.94
09/12/2020,165370,10678641480,66.5(2.31 %),178750,11554122450,13380,875480970,13804952,83.14
10/12/2020,-20520,-1328034000,65.5(-1.50 %),6800,441625000,27320,1769659000,13825472,83.11
11/12/2020,-56390,-3638020000,64.5(-1.53 %),87720,5649850000,144110,9287870000,13781642,83.16
14/12/2020,-60120,-3877478000,64.4(-0.16 %),31580,2032446000,91700,5909924000,13941982,82.97
15/12/2020,46830,3066071000,64.7(0.47 %),56610,3705340000,9780,639269000,13895152,83.03
16/12/2020,3542,2278930000,64.6(-0.15 %),3675,2364530000,133,85600000,13811512,83.13
17/12/2020,34830,2228138000,63.5(-1.70 %),45080,2883203000,10250,655065000,13824902,83.11
18/12/2020,1049,657910000,64.3(1.26 %),1511,953370000,462,295460000,13852802,83.08
21/12/2020,-600,-37305000,63.7(-0.93 %),8150,519076000,8750,556381000,13815012,83.12
22/12/2020,2130,156168180,64(0.47 %),12540,796076820,10410,639908640,13812882,83.13
23/12/2020,-14890,-965429000,64.7(1.09 %),2850,181765000,17740,1147194000,13827772,83.11
24/12/2020,12350,813960000,63(-2.63 %),49260,3136430000,36910,2322470000,13824932,83.11
25/12/2020,11460,725863000,63.6(0.95 %),18010,1138481000,6550,412618000,13803962,83.14
28/12/2020,1241,782780000,63.4(-0.31 %),2061,1302920000,820,520140000,13814465,83.12
29/12/2020,-5210,-334607000,63.4(0.00 %),5040,317731000,10250,652338000,13796762,83.15
30/12/2020,-4925,-3112580000,62.8(-0.95 %),1603,1011680000,6528,4124260000,13816855,83.12
31/12/2020,-2701,-1686040000,62.6(-0.32 %),1712,1067400000,4413,2753440000,13807935,83.13
04/01/2021,-12200,-776650000,64(2.24 %),3900,247500000,16100,1024150000,13814285,83.12
05/01/2021,-7200,-4627730000,64.5(0.78 %),1210,775900000,8410,5403630000,13867465,83.06
06/01/2021,-331100,-21040580000,62.9(-2.48 %),6200,392990000,337300,21433570000,14217385,82.63
07/01/2021,-328200,-20417880000,61.8(-1.75 %),44600,2779540000,372800,23197420000,14545585,82.23
08/01/2021,-34500,-2161960000,62.4(0.97 %),4900,303490000,39400,2465450000,14580085,82.19
11/01/2021,-151800,-9415880000,62(-0.64 %),31500,1954350000,183300,11370230000,14731885,82.0
12/01/2021,-17130,-10670840000,62.9(1.45 %),3590,2226060000,20720,12896900000,14598745,82.17
13/01/2021,-7590,-4918620000,64.9(3.18 %),14860,9596350000,22450,14514970000,14609545,82.15
14/01/2021,-124100,-8051910000,64.8(-0.15 %),17300,1115800000,141400,9167710000,15103185,81.55
15/01/2021,-76700,-4918290000,64.1(-1.08 %),33500,2149220000,110200,7067510000,15179885,81.46
18/01/2021,4600,291330000,63.2(-1.40 %),23500,1495600000,18900,1204270000,15175285,81.46
19/01/2021,5470,3347550000,59.8(-5.38 %),15140,9427110000,9670,6079560000,15104545,81.55
20/01/2021,8060,4752300000,60(0.33 %),8400,4955470000,340,203170000,15130745,81.52
21/01/2021,-190400,-11352680000,60(0.00 %),39400,2371860000,229800,13724540000,15230385,81.39
22/01/2021,7080,4414840000,62.4(4.00 %),7120,4439640000,40,24800000,15051365,81.61
25/01/2021,26400,1661040000,63.4(1.60 %),26900,1692570000,500,31530000,15133185,81.51
26/01/2021,47700,2993830000,62.2(-1.89 %),55600,3485090000,7900,491260000,15085485,81.57
27/01/2021,15530,9574300000,61.5(-1.13 %),17630,10869900000,2100,1295600000,15026242,81.64
28/01/2021,108800,6373910000,57.2(-6.99 %),124400,7292260000,15600,918350000,14821385,81.89
29/01/2021,36700,2172070000,59.6(4.20 %),60200,3559180000,23500,1387110000,14784685,81.94
01/02/2021,-18400,-1099940000,60(0.67 %),9900,592020000,28300,1691960000,14871062,81.83
02/02/2021,-3070,-1820030000,61.6(2.67 %),1620,966320000,4690,2786350000,14860562,81.85
03/02/2021,-1910,-1170100000,62(0.65 %),200,122930000,2110,1293030000,14882062,81.82
04/02/2021,-38500,-2316390000,60.1(-3.06 %),2800,169580000,41300,2485970000,14959362,81.73
05/02/2021,7510,4567890000,60.8(1.16 %),8790,5338010000,1280,770120000,14866562,81.84
08/02/2021,73200,4446850000,59.9(-1.48 %),198400,11930680000,125200,7483830000,14811062,81.91
09/02/2021,4190,2557730000,60.1(0.33 %),9920,6012750000,5730,3455020000,14631362,82.13
17/02/2021,-158700,-9672420000,62(3.16 %),15000,914040000,173700,10586460000,14927862,81.76
18/02/2021,1300,811270000,63(1.61 %),1350,842770000,50,31500000,14740882,81.99
19/02/2021,19000,1208750000,64(1.59 %),19900,1265650000,900,56900000,14895862,81.8
22/02/2021,6500,413110000,63.4(-0.94 %),19300,1229440000,12800,816330000,14889362,81.81
23/02/2021,-1600,-102710000,62.8(-0.95 %),18000,1131600000,19600,1234310000,14890962,81.81
24/02/2021,-630,-395820000,61.3(-2.39 %),4270,2641760000,4900,3037580000,14873382,81.83
25/02/2021,56900,3514940000,62(1.14 %),64300,3970290000,7400,455350000,14840362,81.87
26/02/2021,40800,2556130000,63(1.61 %),57300,3575530000,16500,1019400000,14799562,81.92
01/03/2021,74500,4697450000,63.6(0.95 %),125000,7878900000,50500,3181450000,14833182,81.88
02/03/2021,70,28480000,64.9(2.04 %),17300,11156510000,17230,11128030000,14542582,82.24
03/03/2021,1190,796130000,65.2(0.46 %),58610,38769040000,57420,37972910000,14490682,82.3
04/03/2021,-8900,-582210000,63.5(-2.61 %),32200,2061160000,41100,2643370000,14829482,81.88
05/03/2021,-8890,-5560360000,62.6(-1.42 %),21020,13147270000,29910,18707630000,14671082,82.08
08/03/2021,-2820,-1767250000,62(-0.96 %),5730,3582850000,8550,5350100000,14670282,82.08
09/03/2021,-41200,-2552630000,61.3(-1.13 %),227300,13938000000,268500,16490630000,14987782,81.69
10/03/2021,-51400,-3181400000,61.8(0.82 %),7900,485280000,59300,3666680000,15039182,81.63
11/03/2021,-3520,-2178750000,61.8(0.00 %),1090,673580000,4610,2852330000,14849962,81.86
12/03/2021,-5630,-3508190000,62.2(0.65 %),25380,15794340000,31010,19302530000,14914662,81.78
15/03/2021,-10400,-645640000,61.9(-0.48 %),22100,1368310000,32500,2013950000,15141082,81.5
16/03/2021,-4050,-2488830000,61.3(-0.97 %),3000,1842200000,7050,4331030000,14967962,81.72
17/03/2021,-4780,-2923390000,61(-0.33 %),1300,793600000,6080,3716990000,15015062,81.66
18/03/2021,-28600,-1747950000,61(0.00 %),284900,17421335000,313500,19169285000,15257982,81.36
19/03/2021,-16000,-970950000,60.8(-0.33 %),18600,1129920000,34600,2100870000,15273982,81.34
22/03/2021,-43000,-2603420000,60.4(-0.66 %),24200,1463700000,67200,4067120000,15316982,81.29
23/03/2021,500,27430000,60.2(-0.33 %),24300,1460410000,23800,1432980000,15316482,81.29
24/03/2021,17600,1052530000,59.6(-1.00 %),24000,1436000000,6400,383470000,15298882,81.31
25/03/2021,18900,1121740000,59.5(-0.17 %),25800,1532540000,6900,410800000,15279982,81.33
26/03/2021,11800,696570000,58.4(-1.85 %),22100,1298230000,10300,601660000,15268182,81.35
29/03/2021,-175600,-10301910000,58.7(0.51 %),1000,58700000,176600,10360610000,15443782,81.13
30/03/2021,-35500,-2081940000,58.7(0.00 %),10200,596520000,45700,2678460000,15479282,81.09
31/03/2021,-720,-430790000,58.3(-0.68 %),3130,1826700000,3850,2257490000,15175205,81.46
01/04/2021,-3160,-1861340000,59.2(1.54 %),750,442250000,3910,2303590000,15344305,81.26
02/04/2021,-30200,-1807880000,60(1.35 %),8300,497030000,38500,2304910000,15382005,81.21
05/04/2021,-3680,-2195290000,59.6(-0.67 %),2790,1661200000,6470,3856490000,15392305,81.2
06/04/2021,3930,2339420000,60(0.67 %),6790,4041110000,2860,1701690000,15363505,81.23
07/04/2021,54300,3329700000,61.6(2.67 %),67800,4145850000,13500,816150000,15325205,81.28
08/04/2021,0,-360000,61.5(-0.16 %),460,282580000,460,282940000,15394305,81.19
09/04/2021,120,73770000,61.5(0.00 %),410,251950000,290,178180000,15418805,81.16
12/04/2021,5850,3582300000,61.5(0.00 %),6150,3765300000,300,183000000,15370805,81.22
13/04/2021,55600,3367840000,60.2(-2.11 %),58500,3543700000,2900,175860000,15209905,81.42
14/04/2021,-4400,-265240000,60.4(0.33 %),6000,360930000,10400,626170000,15214305,81.41
15/04/2021,73900,4520630000,60.6(0.33 %),80600,4926960000,6700,406330000,15140405,81.5
16/04/2021,88500,5383310000,60.6(0.00 %),90500,5504410000,2000,121100000,15051905,81.61
19/04/2021,-260,-156040000,60.1(-0.83 %),1030,621580000,1290,777620000,15148705,81.49
20/04/2021,-39700,-2374600000,60(-0.17 %),70400,4230400000,110100,6605000000,15094205,81.56
22/04/2021,-7170,-4234940000,59(-1.67 %),3870,2285070000,11040,6520010000,15048305,81.62
23/04/2021,-780,-458850000,58.8(-0.34 %),20,11640000,800,470490000,15061005,81.6
26/04/2021,-3170,-1850130000,58.8(0.00 %),5950,3461070000,9120,5311200000,15111765,81.54
27/04/2021,7800,451080000,58.5(-0.51 %),14300,833180000,6500,382100000,15197605,81.43
28/04/2021,63900,3798790000,59.2(1.20 %),84400,5016250000,20500,1217460000,15133705,81.51
29/04/2021,8170,4864250000,59.3(0.17 %),11800,7019990000,3630,2155740000,15104745,81.55
04/05/2021,61100,3600880000,59.1(-0.34 %),76100,4486690000,15000,885810000,15111245,81.54
05/05/2021,51500,3067050000,59.6(0.85 %),54500,3244620000,3000,177570000,15059745,81.6
06/05/2021,4750,2827250000,59.4(-0.34 %),4850,2887250000,100,60000000,14988945,81.69
07/05/2021,1150,681520000,58.6(-1.35 %),1230,728890000,80,47370000,14991645,81.69
10/05/2021,7960,4712000000,58.1(-0.85 %),9460,5584730000,1500,872730000,14900045,81.8
11/05/2021,-4330,-2499500000,58.2(0.17 %),3150,1821620000,7480,4321120000,14869545,81.84
12/05/2021,410,240320000,58.4(0.34 %),590,345660000,180,105340000,14864445,81.84
13/05/2021,-370,-217010000,58.8(0.68 %),300,176050000,670,393060000,14876395,81.83
14/05/2021,26800,1573740000,58.8(0.00 %),26800,1573740000,0,0,14937245,81.75
17/05/2021,-3500,-200460000,57.2(-2.72 %),0,0,3500,200460000,14940745,81.75
18/05/2021,4840,2782940000,57.7(0.87 %),5140,2956040000,300,173100000,14881495,81.82
19/05/2021,32700,1880850000,57.2(-0.87 %),36000,2070410000,3300,189560000,14859645,81.85
20/05/2021,8920,5038180000,56.6(-1.05 %),8930,5043860000,10,5680000,14759695,81.97
21/05/2021,500,28100000,56.9(0.53 %),700,39480000,200,11380000,14769945,81.96
24/05/2021,3340,1923680000,57.8(1.58 %),3370,1940930000,30,17250000,14731595,82.0
25/05/2021,70900,4150460000,59(2.08 %),71500,4185510000,600,35050000,14665645,82.08
26/05/2021,5220,3037400000,58.7(-0.51 %),5220,3037400000,0,0,14608195,82.15
27/05/2021,13000,754430000,57.8(-1.53 %),13200,766120000,200,11690000,14600445,82.16
28/05/2021,6800,3959110000,58.6(1.38 %),7120,4144640000,320,185530000,14524695,82.26
31/05/2021,56600,3292440000,58.1(-0.85 %),63200,3674390000,6600,381950000,14475845,82.32
01/06/2021,3820,2210080000,57.8(-0.52 %),4210,2435860000,390,225780000,14419595,82.39
02/06/2021,3160,1832870000,58.3(0.87 %),3620,2098530000,460,265660000,14386595,82.43
03/06/2021,-25400,-1470060000,57.6(-1.20 %),301300,17383700000,326700,18853760000,14455495,82.34
04/06/2021,990,569450000,57.4(-0.35 %),990,569450000,0,0,14345895,82.48
07/06/2021,13700,783990000,57.3(-0.17 %),16200,927580000,2500,143590000,14431895,82.37
08/06/2021,2240,1279000000,56.7(-1.05 %),22430,12047630000,20190,10768630000,14376695,82.44
09/06/2021,2490,1411480000,56.6(-0.18 %),2510,1422820000,20,11340000,14351595,82.47
10/06/2021,38800,2208840000,57(0.71 %),39200,2231640000,400,22800000,14345795,82.48
11/06/2021,30,16640000,57.8(1.40 %),120,68750000,90,52110000,14315603,82.51
14/06/2021,6670,3846730000,58.1(0.52 %),7100,4095420000,430,248690000,14244803,82.6
15/06/2021,35400,2077320000,60.5(4.13 %),40600,2388960000,5200,311640000,14243395,82.6
16/06/2021,2790,1694860000,61(0.83 %),3220,1956640000,430,261780000,14173303,82.69
17/06/2021,8260,4981520000,61.4(0.66 %),10850,6515350000,2590,1533830000,14069103,82.81
18/06/2021,4870,2986400000,60.9(-0.81 %),4970,3047500000,100,61100000,14024603,82.87
21/06/2021,84100,5114460000,60.6(-0.49 %),85600,5205240000,1500,90780000,14000095,82.9
22/06/2021,44100,2679600000,60.8(0.33 %),44300,2691780000,200,12180000,13955995,82.95
23/06/2021,4010,2422230000,59.7(-1.81 %),4080,2464500000,70,42270000,13885103,83.04
24/06/2021,3810,2271480000,59.3(-0.67 %),3810,2271480000,0,0,13848503,83.08
25/06/2021,13000,769270000,59.5(0.34 %),13700,810780000,700,41510000,13864795,83.06
28/06/2021,80,47600000,60.1(1.01 %),80,47600000,0,0,13834903,83.1
29/06/2021,-1800,-108490000,59.3(-1.33 %),100,5930000,1900,114420000,13865795,83.06
30/06/2021,-16400,-975000000,59.3(0.00 %),1200,72000000,17600,1047000000,13882195,83.04
01/07/2021,-320,-189580000,58.9(-0.67 %),10,5910000,330,195490000,13834203,83.1
02/07/2021,3400,200210000,58.8(-0.17 %),3600,211950000,200,11740000,13830903,83.1
05/07/2021,-1140,-660730000,57.6(-2.04 %),990,575990000,2130,1236720000,13840203,83.09
06/07/2021,18100,1066740000,57.4(-0.35 %),53300,3093700000,35200,2026960000,13824203,83.11
07/07/2021,53200,3052210000,57.6(0.35 %),54200,3110010000,1000,57800000,13771003,83.18
08/07/2021,22200,607729800,57.2(-0.69 %),41800,1502124600,19600,894394800,13748803,83.2
09/07/2021,11600,665510000,57(-0.35 %),24300,1396320000,12700,730810000,13737203,83.22
12/07/2021,7460,4159720000,55(-3.51 %),7880,4393900000,420,234180000,13648803,83.33
13/07/2021,1900,1067510000,55.9(1.64 %),2270,1274890000,370,207380000,13645703,83.33
14/07/2021,15700,885970000,55.1(-1.43 %),18000,1015400000,2300,129430000,13627903,83.35
15/07/2021,200,11170000,56.5(2.54 %),200,11170000,0,0,13627703,83.35
16/07/2021,60,33990000,56.8(0.53 %),110,62400000,50,28410000,13647003,83.33
19/07/2021,1070,602010000,55.5(-2.29 %),1170,657950000,100,55940000,13637603,83.34
20/07/2021,17400,972980000,56.5(1.80 %),18400,1028780000,1000,55800000,13599003,83.39
21/07/2021,-12000,-678440000,56.1(-0.71 %),0,0,12000,678440000,13611003,83.37
22/07/2021,20,11210000,56.3(0.36 %),50,28160000,30,16950000,13620203,83.36
23/07/2021,6900,389230000,56.4(0.18 %),13000,733900000,6100,344670000,13603903,83.38
26/07/2021,-300,-17100000,56.8(0.71 %),900,50940000,1200,68040000,13604203,83.38
27/07/2021,13100,756820000,57.9(1.94 %),18100,1042820000,5000,286000000,13591103,83.4
28/07/2021,1940,1101580000,57(-1.55 %),2050,1164150000,110,62570000,13587103,83.4
29/07/2021,3200,179250000,55.8(-2.11 %),3800,212970000,600,33720000,13568503,83.42
30/07/2021,3990,2252090000,56.2(0.72 %),3990,2252090000,0,0,13549603,83.45
02/08/2021,89400,5131040000,57.2(1.78 %),89700,5148170000,300,17130000,13550703,83.45
03/08/2021,-300,-17140000,56.8(-0.70 %),600,34120000,900,51260000,13551003,83.45
04/08/2021,17500,994410000,56.8(0.00 %),18900,1073160000,1400,78750000,13533503,83.47
05/08/2021,15700,890250000,56.8(0.00 %),19200,1088700000,3500,198450000,13517803,83.49
06/08/2021,24600,1395850000,56.8(0.00 %),24600,1395850000,0,0,13493203,83.52
09/08/2021,-17800,-1008650000,56.7(-0.18 %),8100,457280000,25900,1465930000,13511003,83.5
10/08/2021,26500,1506300000,57.2(0.88 %),26600,1511970000,100,5670000,13484503,83.53
11/08/2021,52600,3011700000,57.8(1.05 %),60500,3462840000,7900,451140000,13431903,83.59
12/08/2021,46400,2677030000,57.7(-0.17 %),46400,2677030000,0,0,13385503,83.65
13/08/2021,9900,0,57.6(-0.17 %),21900,0,12000,0,13375603,83.66
16/08/2021,17100,978740000,57.3(-0.52 %),32600,1865760000,15500,887020000,13358503,83.68
17/08/2021,10000,571640000,56.8(-0.87 %),58900,3366330000,48900,2794690000,13355603,83.69
18/08/2021,7500,437970000,55.8(-1.76 %),78100,4397270000,70600,3959300000,13351003,83.69
19/08/2021,15200,845790000,55.8(0.00 %),34000,1890190000,18800,1044400000,13335803,83.71
20/08/2021,-3900,-226590000,55.3(-0.90 %),31400,1743270000,35300,1969860000,13339703,83.7
23/08/2021,75600,4101730000,53.5(-3.25 %),144700,7857260000,69100,3755530000,13264103,83.8
24/08/2021,15700,833550000,53(-0.93 %),16200,860050000,500,26500000,13248403,83.82
25/08/2021,40600,2142640000,53.6(1.13 %),42500,2244600000,1900,101960000,13207803,83.87
26/08/2021,-3700,-198810000,53.5(-0.19 %),500,26800000,4200,225610000,13211503,83.86
27/08/2021,3400,180340000,53.4(-0.19 %),12800,679330000,9400,498990000,13208103,83.87
30/08/2021,-11400,-614560000,53.6(0.37 %),6600,352660000,18000,967220000,13219503,83.85
31/08/2021,-2200,-117800000,53.7(0.19 %),37400,2015750000,39600,2133550000,13221703,83.85
01/09/2021,15500,843850000,54.5(1.49 %),35300,1919190000,19800,1075340000,13030003,84.08
06/09/2021,2000,117450000,55.7(2.20 %),27400,1521350000,25400,1403900000,13028003,84.09
07/09/2021,11800,650780000,55(-1.26 %),453300,25034500000,441500,24383720000,13016203,84.1
08/09/2021,-46400,-2512830000,53.9(-2.00 %),28100,1520350000,74500,4033180000,13062603,84.04
09/09/2021,8100,435830000,53.9(0.00 %),20300,1092550000,12200,656720000,13054503,84.05
10/09/2021,-7500,-404490000,53.9(0.00 %),0,0,7500,404490000,13062003,84.04
13/09/2021,6700,360870000,54.1(0.37 %),21800,1174660000,15100,813790000,13055303,84.05
14/09/2021,7300,390740000,53.9(-0.37 %),19900,1068630000,12600,677890000,13048003,84.06
15/09/2021,-6000,-324630000,54.5(1.11 %),100,5380000,6100,330010000,13054003,84.05
16/09/2021,-1500,-81640000,54.2(-0.55 %),15900,860720000,17400,942360000,13055503,84.05
17/09/2021,-14800,-798260000,53.9(-0.55 %),43300,2341730000,58100,3139990000,13070303,84.03
20/09/2021,-17300,-934880000,53.8(-0.19 %),10000,541000000,27300,1475880000,13087603,84.01
21/09/2021,16300,881560000,54.4(1.12 %),52600,2840330000,36300,1958770000,13071303,84.03
22/09/2021,-26800,-1441170000,54(-0.74 %),23000,1241540000,49800,2682710000,13098103,84.0
23/09/2021,-20300,-1096360000,53.9(-0.19 %),28900,1561310000,49200,2657670000,13118403,83.97
24/09/2021,-6600,-355280000,53.6(-0.56 %),29200,1569340000,35800,1924620000,13125003,83.97
27/09/2021,-6300,-336310000,53.2(-0.75 %),23600,1261120000,29900,1597430000,13131303,83.96
28/09/2021,-13200,-701000000,53.1(-0.19 %),18900,1003290000,32100,1704290000,13144503,83.94
29/09/2021,-52500,-2775790000,52.8(-0.56 %),23400,1236090000,75900,4011880000,13197003,83.88
30/09/2021,-46500,-2459000000,52.8(0.00 %),8100,427760000,54600,2886760000,13243503,83.82
01/10/2021,-48000,-2534310000,52.9(0.19 %),156311,7687075650,204311,10221385650,13189203,83.89
04/10/2021,-74100,-3861390000,51.9(-1.89 %),2800,145780000,76900,4007170000,13263303,83.8
05/10/2021,-56500,-2924670000,51.8(-0.19 %),33100,1714300000,89600,4638970000,13319803,83.73
06/10/2021,-21600,-1127210000,52.1(0.58 %),2000,104400000,23600,1231610000,13341403,0.0
07/10/2021,-9000,-476200000,53(1.73 %),6000,317360000,15000,793560000,13350403,0.0
08/10/2021,-20200,-1073790000,53.1(0.19 %),8700,461050000,28900,1534840000,13370603,0.0
11/10/2021,-12100,-514197000,53(-0.19 %),17500,927675000,29600,1441872000,13382703,0.0
12/10/2021,-31500,-1669750000,53(0.00 %),27000,1430700000,58500,3100450000,13414203,0.0
13/10/2021,-25200,-1337440000,53(0.00 %),86100,4567630000,111300,5905070000,13439403,0.0
14/10/2021,-23200,-1231830000,53.1(0.19 %),52400,2781570000,75600,4013400000,13462603,0.0
15/10/2021,-32400,-1720720000,53.1(0.00 %),25800,1371080000,58200,3091800000,13495003,0.0
18/10/2021,2100,111080000,53.1(0.00 %),14200,753700000,12100,642620000,13492903,0.0
19/10/2021,-200,-11150000,52.8(-0.56 %),15100,799800000,15300,810950000,13493103,0.0
20/10/2021,10900,579950000,53.3(0.95 %),34800,1847140000,23900,1267190000,13482203,0.0
21/10/2021,45700,2450720000,55.5(4.13 %),47300,2537020000,1600,86300000,13447403,0.0
22/10/2021,-21500,-1171120000,54.7(-1.44 %),28500,1566520000,50000,2737640000,13468903,0.0
25/10/2021,4500,247140000,55.3(1.10 %),5200,285640000,700,38500000,13464403,0.0
26/10/2021,700,38790000,56.9(2.89 %),6300,353970000,5600,315180000,13463703,0.0
27/10/2021,1100,62600000,56.9(0.00 %),3400,193060000,2300,130460000,13462603,0.0
28/10/2021,271400,15784420000,59.6(4.75 %),278000,16165790000,6600,381370000,13191203,83.89
29/10/2021,69000,4095630000,60(0.67 %),71400,4237220000,2400,141590000,13122203,83.97
01/11/2021,18300,1094680000,60(0.00 %),36500,2191190000,18200,1096510000,13282123,83.77
02/11/2021,79500,4779440000,60.4(0.67 %),81500,4898880000,2000,119440000,13202623,83.87
03/11/2021,124700,7520890000,61(0.99 %),125700,7581290000,1000,60400000,13077923,0.0
04/11/2021,0,0,62.2(1.97 %),0,0,0,0,13202623,83.87
05/11/2021,0,0,62.9(1.13 %),0,0,0,0,13202623,83.87
08/11/2021,-1200,-77520000,63(0.16 %),2400,151440000,3600,228960000,13203823,83.87
09/11/2021,28400,1778000000,62.1(-1.43 %),37800,2366030000,9400,588030000,13175423,83.91
10/11/2021,0,0,62.5(0.64 %),0,0,0,0,13175423,83.91
11/11/2021,-56400,-3529390000,62.5(0.00 %),12100,755070000,68500,4284460000,13231823,83.84
12/11/2021,-11900,-742090000,61.8(-1.12 %),2100,129960000,14000,872050000,13243723,83.82
15/11/2021,-9400,-577230000,59.1(-4.37 %),4700,279180000,14100,856410000,13253123,83.81
16/11/2021,46900,2782500000,60(1.52 %),47100,2794340000,200,11840000,13206223,83.87
17/11/2021,2500,149960000,59.6(-0.67 %),3500,209860000,1000,59900000,13203723,83.87
18/11/2021,-5500,-334540000,59.6(0.00 %),6100,363670000,11600,698210000,13209223,83.86
19/11/2021,-3900,-237530000,59.4(-0.34 %),4700,278420000,8600,515950000,13213123,83.86
22/11/2021,-3300,-189600000,58.5(-1.52 %),7100,415510000,10400,605110000,13216423,83.86
23/11/2021,16100,951210000,59.7(2.05 %),17300,1021570000,1200,70360000,13200323,83.87
24/11/2021,2900,171870000,59.1(-1.01 %),3000,177810000,100,5940000,13197423,83.88
25/11/2021,66400,3946780000,60.5(2.37 %),121000,7173280000,54600,3226500000,13131023,0.0
26/11/2021,11200,667210000,60(-0.83 %),51300,3077110000,40100,2409900000,13119823,0.0
29/11/2021,-1400,0,59.1(-1.50 %),100,0,1500,0,13121223,0.0
30/11/2021,-44800,-2689480000,60(1.52 %),2200,130560000,47000,2820040000,13164623,83.92
01/12/2021,-6000,-359960000,59.4(-1.00 %),0,0,6000,359960000,12797737,84.37
02/12/2021,-30900,-1823560000,58.7(-1.18 %),100,5910000,31000,1829470000,12828637,84.33
03/12/2021,-1300,-75930000,58(-1.19 %),0,0,1300,75930000,12829937,84.33
06/12/2021,4800,271020000,56(-3.45 %),7000,396460000,2200,125440000,12825137,84.33
07/12/2021,7600,432210000,57.5(2.68 %),7600,432210000,0,0,12817537,84.34
08/12/2021,25700,1489930000,58(0.87 %),27700,1605770000,2000,115840000,12791837,84.37
09/12/2021,16000,934250000,58.7(1.21 %),16800,980390000,800,46140000,12775837,0.0
10/12/2021,8000,468370000,58.4(-0.51 %),8000,468370000,0,0,12767837,84.4
13/12/2021,6400,374610000,58.1(-0.51 %),6600,386310000,200,11700000,12761437,84.41
14/12/2021,-6100,-380150000,60(3.27 %),10800,633170000,16900,1013320000,12767537,84.4
15/12/2021,-11900,-711650000,60.2(0.33 %),0,0,11900,711650000,12779437,84.39
16/12/2021,800,48290000,59.8(-0.66 %),12000,718570000,11200,670280000,12778637,84.39
17/12/2021,58100,3498680000,60.5(1.17 %),59800,3600870000,1700,102190000,12720537,84.46
20/12/2021,24000,1485700000,62.2(2.81 %),34500,2134210000,10500,648510000,12696537,84.49
21/12/2021,29900,1871530000,62.2(0.00 %),40800,2553490000,10900,681960000,12666637,0.0
22/12/2021,28600,1753170000,61(-1.93 %),72400,4438580000,43800,2685410000,12638037,84.56
23/12/2021,0,0,58.5(-4.10 %),0,0,0,0,12638037,84.56
24/12/2021,3800,218055400,58.5(0.00 %),3800,218055400,0,0,12634237,0.0
27/12/2021,34600,2042540000,59.4(1.54 %),35800,2113690000,1200,71150000,12662707,84.53
28/12/2021,44600,2669910000,59.9(0.84 %),47700,2855540000,3100,185630000,12618107,84.59
29/12/2021,4200,250930000,58.8(-1.84 %),11400,674590000,7200,423660000,12604807,84.6
30/12/2021,35600,2108970000,59.5(1.19 %),35700,2114940000,100,5970000,12572207,84.64
31/12/2021,10400,622600000,59.9(0.67 %),10400,622600000,0,0,12569007,84.65
04/01/2022,-3400,-203030000,59(-1.50 %),1000,59470000,4400,262500000,12568107,84.65
05/01/2022,2300,134650000,58.9(-0.17 %),184400,10885520000,182100,10750870000,12383721,84.87
06/01/2022,51400,3023030000,58.5(-0.68 %),51400,3023030000,0,0,12336721,84.93
07/01/2022,400,23740000,58.4(-0.17 %),1000,58800000,600,35060000,12517821,84.71
10/01/2022,-3000,-151171800,58.2(-0.34 %),1000,58143000,4000,209314800,12516821,84.71
11/01/2022,-1900,-109920000,57.8(-0.69 %),0,0,1900,109920000,12517421,84.71
12/01/2022,-1100,-63950000,58(0.35 %),500,28890000,1600,92840000,12520921,84.7
13/01/2022,23700,1403700000,59.1(1.90 %),27200,1611160000,3500,207460000,12495621,84.74
14/01/2022,-1900,-109650000,57.7(-0.17 %),300,17270000,2200,126920000,12496921,84.73
17/01/2022,11300,652450000,55.9(-3.12 %),21300,1229350000,10000,576900000,12479121,84.76
18/01/2022,44000,2471710000,55.8(-0.18 %),44000,2471710000,0,0,12437321,84.81
19/01/2022,7600,425760000,56.9(1.97 %),7800,437120000,200,11360000,12439521,84.8
20/01/2022,13700,790350000,57.8(1.40 %),14000,807510000,300,17160000,12425521,84.82
21/01/2022,17100,988470000,57.6(-1.03 %),17800,1028850000,700,40380000,12407921,84.84
24/01/2022,8700,499170000,57.3(-0.52 %),11600,664850000,2900,165680000,12396621,84.86
25/01/2022,38400,2182290000,57.1(-0.35 %),38400,2182290000,0,0,12358951,84.9
26/01/2022,152500,8613955800,59(3.33 %),226500,10407088500,74000,1793132700,12135351,85.18
27/01/2022,24300,1440550000,59.6(1.02 %),146800,8761750000,122500,7321200000,11988551,85.35
28/01/2022,18300,1116990000,61.5(3.19 %),149300,9137140000,131000,8020150000,11913251,85.45
07/02/2022,73800,4589000000,62.4(1.46 %),185200,11517480000,111400,6928480000,11850551,85.52
08/02/2022,-152200,-9191880000,60(-3.85 %),5500,340440000,157700,9532320000,11976051,85.37
09/02/2022,-20400,-1239020000,60.6(1.00 %),2000,120640000,22400,1359660000,12085451,85.24
10/02/2022,-5000,-302570000,60.5(-0.17 %),10400,630630000,15400,933200000,12232751,85.06
11/02/2022,-20600,-1240540000,60(-0.83 %),2000,120000000,22600,1360540000,12253151,85.03
14/02/2022,-25600,-1518030000,58.8(-2.00 %),0,0,25600,1518030000,12268551,85.01
15/02/2022,-10400,-609420000,58.9(0.17 %),700,41030000,11100,650450000,12290451,84.99
16/02/2022,20000,1190730000,59(0.17 %),20000,1190730000,0,0,12296051,84.98
17/02/2022,4500,268470000,59.3(0.51 %),4600,274440000,100,5970000,12302551,84.97
18/02/2022,89200,5431140000,61.5(3.71 %),90600,5515990000,1400,84850000,12211951,85.08
21/02/2022,-5700,-360250000,63.3(2.93 %),3800,240900000,9500,601150000,12208251,85.09
22/02/2022,104000,6664700000,64.2(1.42 %),225400,14463860000,121400,7799160000,12034251,85.3
23/02/2022,86500,5625790000,65.5(2.02 %),170900,11154140000,84400,5528350000,11872851,85.5
24/02/2022,94900,6119610000,64.1(-2.14 %),154000,9917180000,59100,3797570000,11840251,85.54
25/02/2022,43700,2815550000,64.3(0.31 %),46400,2990700000,2700,175150000,11878251,85.49
28/02/2022,27100,1742770000,64.1(-0.31 %),35200,2265400000,8100,522630000,11852151,85.52
01/03/2022,-68300,-4339410000,63.3(-1.25 %),7900,504210000,76200,4843620000,11846951,85.53
02/03/2022,-86900,-5371120000,60.8(-3.95 %),68700,4163330000,155600,9534450000,11840351,85.54
03/03/2022,5400,330480000,62.2(2.30 %),5400,330480000,0,0,11911151,85.45
04/03/2022,-43300,-2698810000,62.5(0.48 %),11800,737270000,55100,3436080000,12000951,85.34
07/03/2022,-61600,-3766200000,60.7(-2.88 %),12000,732000000,73600,4498200000,11988951,85.35
08/03/2022,-2200,-133050000,59.8(-1.48 %),100,6010000,2300,139060000,12043951,85.29
09/03/2022,-2100,-125040000,61.5(2.84 %),0,0,2100,125040000,12117551,85.2
10/03/2022,-29700,-1815290000,61(-0.81 %),300,18210000,30000,1833500000,12119551,85.19
11/03/2022,2200,131740000,59.8(-1.97 %),2700,162190000,500,30450000,12118951,85.2
14/03/2022,-4700,-280450000,59(-1.34 %),0,0,4700,280450000,12148951,85.16
15/03/2022,-1300,-77560000,60(1.69 %),0,0,1300,77560000,12149451,85.16
16/03/2022,-92800,-5563010000,59.8(-0.33 %),3000,180120000,95800,5743130000,12151151,85.16
17/03/2022,-10100,-599560000,59.9(0.17 %),47200,2805340000,57300,3404900000,12139551,85.17
18/03/2022,-8100,-484950000,59.2(-1.17 %),0,0,8100,484950000,12235351,85.05
21/03/2022,3600,212950000,59.1(-0.17 %),3800,224850000,200,11900000,12254551,85.03
22/03/2022,-10600,-628850000,59.1(0.00 %),1400,83370000,12000,712220000,12261251,85.02
23/03/2022,0,0,59.6(0.85 %),0,0,0,0,12261451,85.02
24/03/2022,-21500,-1333650000,61(2.35 %),349700,21014010000,371200,22347660000,12223751,85.07
25/03/2022,28000,1729190000,61.8(1.31 %),128000,7879190000,100000,6150000000,12195751,85.1
28/03/2022,26700,1630030000,60.5(-2.10 %),804000,49120728100,777300,47490698100,12240251,85.05
29/03/2022,-1700,-102460000,60.7(0.33 %),117700,7099714000,119400,7202174000,12226551,85.06
30/03/2022,9800,587560000,60.5(-0.33 %),10100,605530000,300,17970000,12216451,85.08
31/03/2022,25200,1531420000,61.4(1.49 %),25200,1531420000,0,0,12206651,85.09
01/04/2022,62100,3867850000,65.2(6.19 %),81200,5097970000,19100,1230120000,12125751,85.19
04/04/2022,24000,1553280000,64.6(-0.92 %),26100,1689040000,2100,135760000,12099651,85.22
05/04/2022,-1700,-109510000,63.5(-1.70 %),200,12880000,1900,122390000,12118551,85.2
06/04/2022,19400,1244400000,63.3(-0.31 %),25000,1600530000,5600,356130000,12095651,85.22
07/04/2022,24200,1543260000,63.6(0.47 %),52000,3320590000,27800,1777330000,12071451,85.25
08/04/2022,-14900,-929850000,61.7(-2.99 %),20500,1277040000,35400,2206890000,12030650,85.3
12/04/2022,28300,1754480000,61.3(-0.65 %),36000,2227720000,7700,473240000,12002350,85.34
13/04/2022,17300,1069030000,61.8(0.82 %),26200,1619580000,8900,550550000,12022450,85.31
14/04/2022,37700,2366220000,63.2(2.27 %),41000,2573760000,3300,207540000,11998350,85.34
15/04/2022,5100,164447400,63.8(0.95 %),7100,164447400,2000,0,12000150,85.34
18/04/2022,15500,978940000,63.2(-0.94 %),16100,1016960000,600,38020000,11987350,85.36
19/04/2022,3000,187000000,63.4(0.32 %),4500,282000000,1500,95000000,11984850,85.36
20/04/2022,24800,1552140000,62.8(-0.95 %),25400,1588880000,600,36740000,11958050,85.39
21/04/2022,72700,4533460000,62.8(0.00 %),78700,4897650000,6000,364190000,11882850,85.48
22/04/2022,29400,1822630000,62.4(-0.64 %),31200,1932910000,1800,110280000,11852250,85.52
25/04/2022,21800,1283960000,58.9(-5.61 %),27800,1646010000,6000,362050000,11830450,85.55
26/04/2022,21700,1290350000,60(1.87 %),23000,1367350000,1300,77000000,11809250,85.57
27/04/2022,-1000,-59820000,60.1(0.17 %),400,24040000,1400,83860000,11814850,85.57
28/04/2022,15300,942140000,61.5(2.33 %),29000,1784120000,13700,841980000,11787150,85.6
29/04/2022,24800,1531880000,61.6(0.16 %),26200,1618060000,1400,86180000,11762350,85.63
04/05/2022,-800,-48570000,60.7(-1.46 %),900,54950000,1700,103520000,11775150,85.62
05/05/2022,-1700,-101050000,59.6(-1.81 %),1000,60700000,2700,161750000,11776850,85.61
06/05/2022,-1200,-70200000,58.5(-1.85 %),0,0,1200,70200000,11777250,85.61
09/05/2022,-8300,-460650000,55.5(-5.13 %),3500,194250000,11800,654900000,11776450,85.61
10/05/2022,1000,56600000,56.6(1.98 %),2500,141500000,1500,84900000,11775150,85.62
11/05/2022,-1000,-56050000,55.6(-1.77 %),0,0,1000,56050000,11776150,85.61
12/05/2022,-3900,-215870000,54.5(-1.98 %),0,0,3900,215870000,11780050,85.61
13/05/2022,3900,209940000,53.3(-2.20 %),6100,328280000,2200,118340000,11783350,85.61
16/05/2022,6000,318000000,53(-0.56 %),7600,402800000,1600,84800000,11779650,85.61
17/05/2022,-22300,-1204200000,54(1.89 %),5000,270000000,27300,1474200000,11776850,85.61
18/05/2022,24400,1351760000,55.4(2.59 %),25200,1396080000,800,44320000,11753250,85.64
19/05/2022,-5500,-301950000,54.9(-0.90 %),1900,104310000,7400,406260000,11778650,85.61
20/05/2022,16100,882280000,54.8(-0.18 %),18900,1035720000,2800,153440000,11760550,85.63
23/05/2022,22300,1235420000,55.4(1.09 %),25800,1429320000,3500,193900000,11742150,85.66
24/05/2022,10000,560000000,56(1.08 %),13600,761600000,3600,201600000,11731350,85.67
25/05/2022,21400,1221940000,57.1(1.96 %),21800,1244780000,400,22840000,11713050,85.69
26/05/2022,10600,628580000,59.3(3.85 %),11300,670090000,700,41510000,11705350,85.7
27/05/2022,4300,254990000,59.3(0.00 %),55300,3279290000,51000,3024300000,11650450,85.77
30/05/2022,700,41510000,59.3(0.00 %),5800,343940000,5100,302430000,11645350,85.77
31/05/2022,4700,281060000,59.8(0.84 %),5600,334880000,900,53820000,11690750,85.72
01/06/2022,-4000,-239200000,59.8(0.00 %),8500,508300000,12500,747500000,11687350,85.72
02/06/2022,7700,459690000,59.7(-0.17 %),8000,477600000,300,17910000,11680250,85.73
03/06/2022,6700,399990000,59.7(0.00 %),7300,435810000,600,35820000,11685450,85.73
06/06/2022,900,53830000,59.2(-0.84 %),1700,101490000,800,47660000,11684050,85.73
07/06/2022,0,0,58.5(-1.18 %),0,0,0,0,11684650,85.73
08/06/2022,12600,745920000,59.2(1.20 %),13000,769600000,400,23680000,11672450,85.74
09/06/2022,15800,943260000,59.7(0.84 %),17700,1056690000,1900,113430000,11655250,85.76
10/06/2022,-1200,-70200000,58.5(-2.01 %),0,0,1200,70200000,11655650,85.76
13/06/2022,0,0,56(-4.27 %),1700,95200000,1700,95200000,11655850,85.76
14/06/2022,-33000,-1801800000,54.6(-2.50 %),10100,551460000,43100,2353260000,11646950,85.77
15/06/2022,-51900,-2740320000,52.8(-3.30 %),6000,316800000,57900,3057120000,11642650,85.78
16/06/2022,-10000,-560000000,56(6.06 %),15100,845600000,25100,1405600000,11670650,85.74
17/06/2022,-500,-27250000,54.5(-2.68 %),0,0,500,27250000,11728550,85.67
20/06/2022,-13900,-754360000,54(-0.92 %),9500,517650000,23400,1272010000,11744150,85.65
21/06/2022,-8000,-431200000,53.9(-0.19 %),0,0,8000,431200000,11744650,85.65
22/06/2022,-9300,-502200000,54(0.19 %),6900,372600000,16200,874800000,11761150,85.63
23/06/2022,-9100,-490490000,53.9(-0.19 %),1200,64680000,10300,555170000,11767950,85.62
24/06/2022,-1200,-64800000,54(0.19 %),0,0,1200,64800000,11784150,85.6
27/06/2022,-400,-21620000,55.5(2.78 %),0,0,400,21620000,11794450,85.59
28/06/2022,-1000,-55000000,55(-0.90 %),0,0,1000,55000000,11795650,85.59
29/06/2022,-300,-17250000,56.2(2.18 %),4000,220430000,4300,237680000,11792050,85.6
30/06/2022,3900,225030000,57.7(2.67 %),5000,288500000,1100,63470000,11788050,85.6
01/07/2022,7800,446160000,57.2(-0.87 %),8800,503360000,1000,57200000,11783550,85.61
04/07/2022,-1100,-61800000,57.1(-0.17 %),0,0,1100,61800000,11783550,85.61
05/07/2022,-1300,-73580000,56.6(-0.88 %),0,0,1300,73580000,11785650,85.6
06/07/2022,-37700,-2148900000,57(0.71 %),2700,153900000,40400,2302800000,11784050,85.6
07/07/2022,-19700,-1120930000,56.9(-0.18 %),6100,347090000,25800,1468020000,11779250,85.61
08/07/2022,-1000,-87840000,56.9(0.00 %),0,10980000,1000,98820000,11780250,0.0
11/07/2022,-1600,-87840000,54.9(-3.51 %),200,10980000,1800,98820000,11845250,85.53
12/07/2022,600,33300000,55.5(1.09 %),20000,1110000000,19400,1076700000,11825250,85.55
13/07/2022,-7700,-427350000,55.5(0.00 %),12700,704850000,20400,1132200000,11814350,85.57
14/07/2022,-1100,-61600000,56(0.90 %),30800,1724800000,31900,1786400000,11802950,85.58
15/07/2022,-40000,-2240000000,56(0.00 %),30000,1680000000,70000,3920000000,11793350,85.59
18/07/2022,-26300,-1472800000,56(0.00 %),10500,588000000,36800,2060800000,11814750,85.57
19/07/2022,-1200,-66720000,55.6(-0.71 %),0,0,1200,66720000,11884750,85.48
20/07/2022,-300,-17100000,57(2.52 %),0,0,300,17100000,11921550,85.44
21/07/2022,-9400,-540500000,57.5(0.88 %),0,0,9400,540500000,11922750,85.44
22/07/2022,-9100,-620600000,58(0.87 %),1200,29000000,10300,649600000,11922550,85.44
25/07/2022,400,23560000,58.9(1.55 %),1000,58900000,600,35340000,11930950,85.43
26/07/2022,-400,-23600000,59(0.17 %),0,0,400,23600000,11942150,85.41
27/07/2022,-200,-11760000,58.8(-0.34 %),0,0,200,11760000,11942750,85.41
28/07/2022,-600,-35040000,58.4(-0.68 %),500,29200000,1100,64240000,11942650,85.41
29/07/2022,-100,-5990000,59.9(2.57 %),0,0,100,5990000,11942850,85.41
01/08/2022,-1300,-79950000,61.5(2.67 %),100,6150000,1400,86100000,11943850,85.41
02/08/2022,900,54720000,60.8(-1.14 %),1400,85120000,500,30400000,11942550,85.41
03/08/2022,700,44030000,62.9(3.45 %),3100,194990000,2400,150960000,11940850,85.41
04/08/2022,-5300,-333370000,62.9(0.00 %),3600,226440000,8900,559810000,11937770,85.42
05/08/2022,-300,-18870000,62.9(0.00 %),700,44030000,1000,62900000,11939470,85.41
08/08/2022,0,-18870000,62.1(-1.27 %),0,44030000,0,62900000,11948370,85.4
09/08/2022,2100,132300000,63(1.45 %),2500,157500000,400,25200000,11946870,85.41
10/08/2022,-1900,-120460000,63.4(0.63 %),2200,139480000,4100,259940000,11944670,85.41
11/08/2022,14600,927100000,63.5(0.16 %),19500,1238250000,4900,311150000,11925570,85.43
12/08/2022,-12700,-850900000,67(5.51 %),12600,844200000,25300,1695100000,11917070,85.44
15/08/2022,-32200,-2163840000,67.2(0.30 %),100,6720000,32300,2170560000,11921870,85.44
16/08/2022,-26000,-1721200000,66.2(-1.49 %),38800,2568560000,64800,4289760000,11908370,85.45
17/08/2022,-64800,-4212000000,65(-1.81 %),3500,227500000,68300,4439500000,11937170,85.42
18/08/2022,-7200,-470880000,65.4(0.62 %),5100,333540000,12300,804420000,11996870,85.34
19/08/2022,-10600,-679460000,64.1(-1.99 %),0,0,10600,679460000,12065170,85.26
22/08/2022,3100,201500000,65(1.40 %),3100,201500000,0,0,12074370,85.25
23/08/2022,-48500,-3176750000,65.5(0.77 %),6000,393000000,54500,3569750000,12078970,85.24
24/08/2022,-19900,-1281560000,64.4(-1.68 %),4400,283360000,24300,1564920000,12074570,85.25
25/08/2022,2900,184150000,63.5(-1.40 %),2900,184150000,0,0,12126170,85.19
26/08/2022,18600,1195980000,64.3(1.26 %),18600,1195980000,0,0,12131870,85.18
29/08/2022,3200,203840000,63.7(-0.93 %),3200,203840000,0,0,12128670,85.18
30/08/2022,4500,292500000,65(2.04 %),4500,292500000,0,0,12124170,85.19
31/08/2022,1500,97500000,65(0.00 %),1500,97500000,0,0,12122670,85.19
05/09/2022,4000,262000000,65.5(0.77 %),4000,262000000,0,0,12118670,85.2
06/09/2022,-21100,-1371500000,65(-0.76 %),2000,130000000,23100,1501500000,12116670,85.2
07/09/2022,6500,403000000,62(-4.62 %),7500,465000000,1000,62000000,12109170,85.21
08/09/2022,2700,165240000,61.2(-1.29 %),2700,165240000,0,0,12129570,85.18
09/09/2022,3000,185700000,61.9(1.14 %),3700,229030000,700,43330000,12126870,85.19
12/09/2022,570,185700000,61.6(-0.48 %),800,229030000,230,43330000,12126070,85.19
13/09/2022,697,12300000,62.5(1.46 %),1300,49200000,603,36900000,12125470,85.19
14/09/2022,1400,12300000,62.2(-0.48 %),1400,49200000,0,36900000,12124300,85.19
15/09/2022,-29700,87080000,62.9(1.13 %),500,87080000,30200,0,0,85.19
16/09/2022,-200,-12460000,62.3(-0.95 %),0,0,200,12460000,12124403,85.19
19/09/2022,-1900,-116090000,61.1(-1.93 %),100,6110000,2000,122200000,12126303,85.19
20/09/2022,-439,-26822900,61.1(0.00 %),100,6110000,539,32932900,12154603,85.15
21/09/2022,-1293,-79131600,61.2(0.16 %),10,612000,1303,79743600,12156593,85.15
22/09/2022,0,-79131600,60.3(-1.47 %),0,612000,0,79743600,12157132,85.15
23/09/2022,-1800,-107820000,59.9(-0.66 %),0,0,1800,107820000,12158435,85.15
26/09/2022,200,11700000,58.5(-2.34 %),200,11700000,0,0,12158235,85.15
27/09/2022,32500,1917500000,59(0.85 %),40000,2360000000,7500,442500000,12120035,85.19
28/09/2022,-600,-34500000,57.5(-2.54 %),0,0,600,34500000,12120035,85.19
29/09/2022,-11400,-655500000,57.5(0.00 %),9400,540500000,20800,1196000000,12118135,85.2
30/09/2022,-20700,-1192320000,57.6(0.17 %),1000,57600000,21700,1249920000,12117735,85.2
03/10/2022,24400,1344440000,55.1(-4.34 %),48200,2655820000,23800,1311380000,12090335,85.23
04/10/2022,-13135,-722425000,55(-0.18 %),1400,77000000,14535,799425000,12110635,85.21
05/10/2022,900,50490000,56.1(2.00 %),1100,61710000,200,11220000,12133335,85.18
06/10/2022,71985,4074351000,56.6(0.89 %),75500,4273300000,3515,198949000,12072370,85.25
07/10/2022,19900,1114400000,56(-1.06 %),22000,1232000000,2100,117600000,12050770,85.28
10/10/2022,4000,227600000,56.9(1.61 %),10000,569000000,6000,341400000,12044285,85.29
11/10/2022,-2200,-119900000,54.5(-4.22 %),0,0,2200,119900000,12046385,85.28
12/10/2022,-1900,-107350000,56.5(3.67 %),0,0,1900,107350000,12052385,85.28
13/10/2022,-2200,-128040000,58.2(3.01 %),0,0,2200,128040000,12054585,85.27
14/10/2022,7900,468470000,59.3(1.89 %),10000,593000000,2100,124530000,12046485,85.28
17/10/2022,4100,241490000,58.9(-0.67 %),11300,665570000,7200,424080000,12037385,85.3
18/10/2022,17500,1058750000,60.5(2.72 %),21000,1270500000,3500,211750000,12018485,85.32
19/10/2022,9000,546280000,60.1(-0.66 %),10000,606850000,1000,60570000,12009485,85.33
20/10/2022,5300,321210000,60.9(1.33 %),7000,424010000,1700,102800000,12010885,85.33
21/10/2022,-4200,-253610000,59.8(-1.81 %),0,0,4200,253610000,12016885,85.32
24/10/2022,10600,630320000,59.8(0.00 %),10700,636340000,100,6020000,12003085,85.34
25/10/2022,9300,559580000,60.4(1.00 %),10700,643950000,1400,84370000,11993785,85.35
26/10/2022,1500,88580000,59(2.97 %),10800,642100000,9300,553520000,11993894,85.35
27/10/2022,-4700,-283480000,63.1(6.95 %),4300,269890000,9000,553370000,11985776,85.36
28/10/2022,1440,89424000,62.1(-1.58 %),7200,447120000,5760,357696000,11987876,85.36
31/10/2022,-1400,-85400000,61(-1.77 %),1500,91500000,2900,176900000,11995376,85.35
01/11/2022,5320,346864000,65.2(6.89 %),13800,899760000,8480,552896000,11988836,85.35
02/11/2022,-1400,-87780000,62.7(-3.83 %),2000,125400000,3400,213180000,11989736,85.35
03/11/2022,600,36900000,61.5(-1.91 %),1100,67650000,500,30750000,11997116,85.34
04/11/2022,-2700,-164700000,61(-0.81 %),1400,85400000,4100,250100000,11999116,85.34
07/11/2022,-22200,-1260960000,56.8(-6.89 %),12200,692960000,34400,1953920000,11987416,85.36
08/11/2022,-19200,-1017600000,53(-6.69 %),27200,1441600000,46400,2459200000,11964316,85.38
09/11/2022,600,33300000,55.5(4.72 %),13300,738150000,12700,704850000,11985416,85.36
10/11/2022,-2800,-144760000,51.7(-6.85 %),400,20680000,3200,165440000,12031416,85.3
11/11/2022,39182,2045300400,52.2(0.97 %),45500,2375100000,6318,329799600,11998616,85.34
14/11/2022,72600,3811500000,52.5(0.57 %),74700,3921750000,2100,110250000,11927116,85.43
15/11/2022,195300,10155600000,52(-0.95 %),209800,10909600000,14500,754000000,11723634,85.68
16/11/2022,-2400,-129600000,54(3.85 %),5800,313200000,8200,442800000,11719934,85.68
17/11/2022,-6300,-349020000,55.4(2.59 %),800,44320000,7100,393340000,11733634,85.67
18/11/2022,-28600,-1535820000,53.7(-3.07 %),1000,53700000,29600,1589520000,11740834,85.66
21/11/2022,-25000,-1347500000,53.9(0.37 %),0,0,25000,1347500000,11747934,85.65
22/11/2022,20600,1128880000,54.8(1.67 %),83800,4592240000,63200,3463360000,11693734,85.72
23/11/2022,-28500,-1496250000,52.5(-4.20 %),0,0,28500,1496250000,11718734,85.68
24/11/2022,-1800,-93600000,52(-0.95 %),0,0,1800,93600000,11781934,85.61
25/11/2022,8200,442800000,54(3.85 %),21700,1171800000,13500,729000000,11788734,85.6
28/11/2022,740,40700000,55(1.85 %),4300,236500000,3560,195800000,11787994,85.6
29/11/2022,35300,1959150000,55.5(0.91 %),38500,2136750000,3200,177600000,11752694,85.64
30/11/2022,56700,3362310000,59.3(6.85 %),63400,3759620000,6700,397310000,11695994,85.71
01/12/2022,700,40950000,58.5(-1.35 %),5700,333450000,5000,292500000,11695694,85.71
02/12/2022,-49754,-2835978000,57(-2.56 %),15300,872100000,65054,3708078000,11745448,85.65
05/12/2022,-433,-24854200,57.4(0.70 %),17900,1027460000,18333,1052314200,11745881,0.0
06/12/2022,-9849,-542679900,55.1(-4.01 %),3451,190150100,13300,732830000,11755730,85.64
07/12/2022,60600,3429960000,56.6(2.72 %),61500,3480900000,900,50940000,11695130,0.0
08/12/2022,62300,3650780000,58.6(3.53 %),62600,3668360000,300,17580000,11646530,85.77
09/12/2022,27200,1593920000,58.6(0.00 %),88700,5197820000,61500,3603900000,11558730,85.88
12/12/2022,21600,1222560000,56.6(-3.41 %),79800,4516680000,58200,3294120000,11584030,85.85
13/12/2022,-200,-11360000,56.8(0.35 %),900,51120000,1100,62480000,11584230,85.85
14/12/2022,5500,315150000,57.3(0.88 %),15500,888150000,10000,573000000,11578730,85.86
15/12/2022,42867,2503432800,58.4(1.92 %),93700,5472080000,50833,2968647200,11535863,0.0
16/12/2022,23393,1380187000,59(1.03 %),73900,4360100000,50507,2979913000,11512470,0.0
19/12/2022,400,24000000,60(1.69 %),12400,744000000,12000,720000000,11512070,85.94
20/12/2022,10100,593880000,58.8(-2.00 %),12400,729120000,2300,135240000,11501970,85.95
21/12/2022,34400,2043360000,59.4(1.02 %),49900,2964060000,15500,920700000,11467570,85.99
22/12/2022,-700,-42070000,60.1(1.18 %),11300,679130000,12000,721200000,11468270,85.99
23/12/2022,9300,563580000,60.6(0.83 %),11300,684780000,2000,121200000,11458970,86.0
26/12/2022,44500,2656650000,59.7(-1.49 %),44600,2662620000,100,5970000,11414470,86.06
27/12/2022,16800,1014720000,60.4(1.17 %),17100,1032840000,300,18120000,11397670,86.08
28/12/2022,65117,3978648700,61.1(1.16 %),66317,4051968700,1200,73320000,11332553,86.16
29/12/2022,46199,2776559900,60.1(-1.64 %),89000,5348900000,42801,2572340100,11257253,86.25
30/12/2022,-3400,-204000000,60(-0.17 %),2200,132000000,5600,336000000,11256253,86.25
03/01/2023,-2400,-148080000,61.7(2.83 %),40200,2480340000,42600,2628420000,11216053,0.0
04/01/2023,-900,-54720000,60.8(-1.46 %),300,18240000,1200,72960000,11264154,86.24
05/01/2023,8500,518500000,61(0.33 %),27900,1701900000,19400,1183400000,11278854,86.22
06/01/2023,3800,231800000,61(0.00 %),4000,244000000,200,12200000,11276054,86.23
09/01/2023,3900,240630000,61.7(1.15 %),17100,1055070000,13200,814440000,11278354,86.22
10/01/2023,25860,1592976000,61.6(-0.16 %),54600,3363360000,28740,1770384000,11223954,86.29
11/01/2023,14200,860520000,60.6(-1.62 %),30200,1830120000,16000,969600000,11206954,86.31
12/01/2023,-4300,-259720000,60.4(-0.33 %),1800,108720000,6100,368440000,11233894,86.28
13/01/2023,35000,2121000000,60.6(0.33 %),108700,6587220000,73700,4466220000,11141194,86.39
16/01/2023,-57000,-3534000000,62(2.31 %),1400,86800000,58400,3620800000,11145894,86.38
17/01/2023,-162900,-10507050000,64.5(4.03 %),26800,1728600000,189700,12235650000,11192794,86.33
18/01/2023,-12500,-793750000,63.5(-1.55 %),300,19050000,12800,812800000,11250894,86.26
19/01/2023,-8900,-564260000,63.4(-0.16 %),102500,6498500000,111400,7062760000,11422494,86.05
27/01/2023,-111100,-7099290000,63.9(0.79 %),2400,153360000,113500,7252650000,11432894,86.03
30/01/2023,-274500,-18446400000,67.2(5.16 %),4600,309120000,279100,18755520000,11455294,86.01
31/01/2023,-225500,-14657500000,65(-3.27 %),300,19500000,225800,14677000000,11568494,85.87
01/02/2023,-218007,-13429231200,61.6(-5.23 %),23600,1453760000,241607,14882991200,11823994,85.56
02/02/2023,-59600,-3576000000,60(-2.60 %),140600,8436000000,200200,12012000000,11909194,85.45
03/02/2023,-126800,-7557280000,59.6(-0.67 %),16900,1007240000,143700,8564520000,12133901,85.18
06/02/2023,-95300,-5575050000,58.5(-1.85 %),95100,5563350000,190400,11138400000,12239001,85.05
07/02/2023,754,44712200,59.3(1.37 %),3000,177900000,2246,133187800,12379701,84.88
08/02/2023,12500,762500000,61(2.87 %),15500,945500000,3000,183000000,12554601,84.66
09/02/2023,61700,3751360000,60.8(-0.33 %),62700,3812160000,1000,60800000,12494147,84.74
10/02/2023,58300,3498000000,60(-1.32 %),60900,3654000000,2600,156000000,12436247,84.81
13/02/2023,126200,7471040000,59.2(-1.33 %),127200,7530240000,1000,59200000,12310047,84.96
14/02/2023,71200,4414400000,62(4.73 %),72100,4470200000,900,55800000,12240547,85.05
15/02/2023,33400,2070800000,62(0.00 %),33700,2089400000,300,18600000,12207847,85.09
16/02/2023,59600,3725000000,62.5(0.81 %),71600,4475000000,12000,750000000,12137147,85.17
17/02/2023,-7400,-449920000,60.8(-2.72 %),2100,127680000,9500,577600000,12135347,85.18
20/02/2023,-2200,-134640000,61.2(0.66 %),2800,171360000,5000,306000000,12144547,85.16
21/02/2023,28700,1773660000,61.8(0.98 %),32800,2027040000,4100,253380000,12121247,85.19
22/02/2023,20800,1268800000,61(-1.29 %),25000,1525000000,4200,256200000,12101247,85.22
23/02/2023,4500,274050000,60.9(-0.16 %),31200,1900080000,26700,1626030000,12074147,85.25
24/02/2023,-2300,-138230000,60.1(-1.31 %),0,0,2300,138230000,12076447,85.25
27/02/2023,152900,9143420000,59.8(-0.50 %),155900,9322820000,3000,179400000,11949147,85.4
28/02/2023,6900,412620000,59.8(0.00 %),7200,430560000,300,17940000,11944247,85.41
01/03/2023,700,42840000,61.2(2.34 %),1900,116280000,1200,73440000,11945347,85.41
02/03/2023,2300,139840000,60.8(-0.65 %),4600,279680000,2300,139840000,11941047,85.41
03/03/2023,1900,113810000,59.9(-1.48 %),8100,485190000,6200,371380000,11934147,85.42
06/03/2023,22039,1315728300,59.7(-0.33 %),96900,5784930000,74861,4469201700,11839547,85.54
07/03/2023,63700,3822000000,60(0.50 %),72700,4362000000,9000,540000000,11773047,85.62
08/03/2023,9010,541501000,60.1(0.17 %),10400,625040000,1390,83539000,11837508,85.54
09/03/2023,2700,160650000,59.5(-1.00 %),51100,3040450000,48400,2879800000,11795408,85.59
10/03/2023,-2297,-135752700,59.1(-0.67 %),40003,2364177300,42300,2499930000,11756795,85.64
13/03/2023,-3600,-210600000,58.5(-1.02 %),100,5850000,3700,216450000,11760395,0.0
14/03/2023,9383,542337400,57.8(-1.20 %),64000,3699200000,54617,3156862600,11783395,85.61
15/03/2023,-13600,-795600000,58.5(1.21 %),2400,140400000,16000,936000000,11784695,85.6
16/03/2023,-23600,-1347560000,57.1(-2.39 %),1900,108490000,25500,1456050000,11837412,85.54
17/03/2023,-31700,-1819580000,57.4(0.53 %),3400,195160000,35100,2014740000,11850012,85.52
20/03/2023,100,5740000,57.4(0.00 %),100,5740000,0,0,11875412,85.49
21/03/2023,-490,-138230000,57.7(0.52 %),10,0,500,138230000,11910502,85.45
22/03/2023,-1000,-57990000,58.3(1.04 %),100,5780000,1100,63770000,11911502,85.45
23/03/2023,-24600,-1414210000,58.1(-0.34 %),300,17220000,24900,1431430000,11936102,85.42
24/03/2023,-15900,-915360000,57.5(-1.03 %),100200,5761600000,116100,6676960000,11952002,85.4
27/03/2023,-20500,-1203350000,58.7(2.09 %),2400,140880000,22900,1344230000,11972502,0.0
28/03/2023,-3600,-210240000,58.4(-0.51 %),20000,1168000000,23600,1378240000,11976102,85.37
29/03/2023,-5100,-297330000,58.3(-0.17 %),200,11660000,5300,308990000,11972802,85.37
30/03/2023,-14400,-836640000,58.1(-0.34 %),100,5810000,14500,842450000,11976302,85.37
31/03/2023,6500,379600000,58.4(0.52 %),24500,1430800000,18000,1051200000,11957102,85.39
03/04/2023,-19100,-1119260000,58.6(0.34 %),1200,70320000,20300,1189580000,11970402,85.38
04/04/2023,-4290,-255684000,59.6(1.71 %),1210,72116000,5500,327800000,11987192,85.36
05/04/2023,13100,789930000,60.3(1.17 %),13200,795960000,100,6030000,11994292,85.35
06/04/2023,1400,84980000,60.7(0.66 %),1500,91050000,100,6070000,11998292,85.34
07/04/2023,-20000,-1254000000,62.7(3.29 %),3200,200640000,23200,1454640000,11995192,85.35
10/04/2023,-26501,-1648362200,62.2(-0.80 %),1200,74640000,27701,1723002200,11994092,85.35
11/04/2023,-7300,-454790000,62.3(0.16 %),0,0,7300,454790000,12017292,85.32
12/04/2023,-9700,-608190000,62.7(0.64 %),1600,100320000,11300,708510000,12043393,85.29
13/04/2023,-1700,-105740000,62.2(-0.80 %),10100,628220000,11800,733960000,12040593,85.29
14/04/2023,-7300,-455520000,62.4(0.32 %),4400,274560000,11700,730080000,12047493,85.28
17/04/2023,-47079,-2933021700,62.3(-0.16 %),3800,236740000,50879,3169761700,12055493,85.27
18/04/2023,-12800,-796160000,62.2(-0.16 %),113200,7041040000,126000,7837200000,12058993,85.27
19/04/2023,-659760,-43874040000,66.5(6.91 %),28600,1901900000,688360,45775940000,12081272,85.24
20/04/2023,-119900,-8286080000,69.4(4.36 %),68700,4748880000,188600,13034960000,12201172,85.1
21/04/2023,-168806,-12491644000,74(6.63 %),13800,1021200000,182606,13512844000,12708132,84.48
24/04/2023,-222900,-16494600000,74(0.00 %),6300,466200000,229200,16960800000,12890438,84.25
25/04/2023,-495320,-35811636000,72.3(-2.30 %),6200,448260000,501520,36259896000,13066844,84.04
26/04/2023,-421880,-32611324000,77.3(6.92 %),294800,22788040000,716680,55399364000,13171644,83.91
27/04/2023,42500,3367030000,78.6(1.68 %),89400,7113260000,46900,3746230000,13129144,83.96
28/04/2023,-44100,-3429130000,77.4(-1.53 %),89500,6956870000,133600,10386000000,13173244,83.91
04/05/2023,-33900,-2788600000,82.4(6.46 %),37300,3032110000,71200,5820710000,14040544,82.85
05/05/2023,-112300,-9196570000,81.5(-1.09 %),800,65290000,113100,9261860000,14182994,82.67
08/05/2023,-96000,-7832930000,81.6(0.12 %),0,0,96000,7832930000,14254194,82.59
09/05/2023,-133500,-10638480000,80.9(-0.86 %),41800,3343420000,175300,13981900000,14325494,82.5
10/05/2023,21600,1788050000,82.4(1.85 %),114600,9375910000,93000,7587860000,14303894,82.53
11/05/2023,-32600,-2749070000,82.8(0.49 %),145900,12174950000,178500,14924020000,14336294,82.49
12/05/2023,41700,3426800000,82.2(-0.72 %),51700,4249280000,10000,822480000,14377594,82.44
15/05/2023,2600,222700000,82.9(0.85 %),15600,1306610000,13000,1083910000,14374994,82.44
16/05/2023,86800,7380990000,86.9(4.83 %),131200,11196050000,44400,3815060000,14288194,82.55
17/05/2023,52900,4536610000,85(-2.19 %),113600,9713770000,60700,5177160000,14235294,82.61
18/05/2023,21400,1839760000,85(0.00 %),22200,1908850000,800,69090000,14213894,82.64
19/05/2023,-29900,-2268140000,75.5(-11.18 %),4400,332730000,34300,2600870000,14243794,82.6
22/05/2023,62700,4737990000,76.4(1.19 %),85300,6433400000,22600,1695410000,14181094,82.68
23/05/2023,16900,1303260000,75.9(-0.65 %),21900,1685380000,5000,382120000,14164194,82.7
24/05/2023,22400,1678460000,74.3(-2.11 %),22400,1678460000,0,0,14141794,82.72
25/05/2023,-128200,-10114520000,78.4(5.52 %),23700,1807310000,151900,11921830000,14269994,82.57
26/05/2023,9600,747370000,77.6(-1.02 %),29300,2288540000,19700,1541170000,14260394,82.58
29/05/2023,11400,891360000,78.3(0.90 %),11500,899350000,100,7990000,14248994,82.59
30/05/2023,40900,3228450000,79(0.89 %),115700,9128460000,74800,5900010000,14208094,82.64
31/05/2023,-26000,-2077270000,79.8(1.01 %),800,63900000,26800,2141170000,14234094,82.61
01/06/2023,-8400,-667750000,78.5(-1.63 %),10200,802920000,18600,1470670000,14321144,82.51
02/06/2023,34400,2676820000,76(-3.18 %),124100,9588350000,89700,6911530000,14286744,82.55
05/06/2023,-97800,-7368160000,74.8(-1.58 %),9200,694640000,107000,8062800000,14384544,82.43
06/06/2023,173200,13441960000,78.4(4.81 %),178900,13888040000,5700,446080000,14211344,82.64
07/06/2023,85500,6678200000,78.6(0.26 %),85500,6678200000,0,0,14125844,82.74
08/06/2023,16100,1326590000,82.6(5.09 %),27000,2227940000,10900,901350000,14109744,82.76
09/06/2023,50000,4257550000,88.3(6.90 %),59300,5058990000,9300,801440000,14059744,82.82
12/06/2023,90500,8171550000,89.9(1.81 %),189400,17120560000,98900,8949010000,13969244,82.94
13/06/2023,43800,3911990000,92(2.34 %),135400,12157060000,91600,8245070000,13925444,82.99
14/06/2023,26800,2391710000,88(-4.35 %),32900,2935850000,6100,544140000,13898644,83.02
15/06/2023,44200,3901370000,89.8(2.05 %),48000,4232840000,3800,331470000,13854444,83.08
16/06/2023,27900,2478970000,89.4(-0.45 %),36000,3203660000,8100,724690000,13924560,82.99
19/06/2023,24300,2104280000,86.7(-3.02 %),32700,2837270000,8400,732990000,13895660,83.03
20/06/2023,-15100,-1280930000,88.1(1.61 %),53000,4609010000,68100,5889940000,13910760,83.01
21/06/2023,100,310000,88.3(0.23 %),122000,10698060000,121900,10697750000,13737160,83.22
22/06/2023,7900,697500000,87(-1.47 %),11100,979740000,3200,282240000,13729260,83.23
23/06/2023,14700,1276410000,89.1(2.41 %),25200,2198760000,10500,922350000,13714560,83.25
26/06/2023,500,36000000,93.5(4.94 %),4900,442550000,4400,406550000,13889160,83.03
27/06/2023,-53800,-4988090000,92.3(-1.28 %),18000,1670170000,71800,6658260000,13942960,82.97
28/06/2023,1100,102160000,91.9(-0.43 %),1100,102160000,0,0,13941860,82.97
29/06/2023,134600,12131970000,89(-3.16 %),146400,13200370000,11800,1068400000,13807260,83.13
30/06/2023,10500,948420000,92.4(3.82 %),18500,1686360000,8000,737940000,13796760,83.15
03/07/2023,-11700,-1086670000,92.4(0.00 %),600,55380000,12300,1142050000,13791820,83.15
04/07/2023,51400,4677880000,91.6(-0.87 %),60000,5461930000,8600,784050000,13740420,83.21
05/07/2023,8200,760900000,91.5(-0.11 %),9500,881710000,1300,120810000,13732220,83.22
06/07/2023,-42600,-3921010000,92.3(0.87 %),14800,1362160000,57400,5283170000,13747619,83.21
07/07/2023,-191300,-18090140000,94(1.84 %),11100,1040770000,202400,19130910000,13737863,83.22
10/07/2023,-32700,-3077240000,94(0.00 %),16000,1506100000,48700,4583340000,13770563,83.18
11/07/2023,-11500,-1057840000,93.1(-0.96 %),41000,3850590000,52500,4908430000,13782063,83.16
12/07/2023,5100,468930000,93.1(0.00 %),81100,7531430000,76000,7062500000,13776963,83.17
13/07/2023,-4000,-366430000,94.9(1.93 %),37900,3618610000,41900,3985040000,13780963,83.17
14/07/2023,50400,4741290000,95(0.11 %),61600,5794330000,11200,1053040000,13937264,82.97
17/07/2023,76100,7204610000,95(0.00 %),79600,7535050000,3500,330440000,13861164,83.07
18/07/2023,43000,4068390000,95(0.00 %),43400,4106250000,400,37860000,13818164,83.12
19/07/2023,74100,7244050000,101.6(6.95 %),85100,8350840000,11000,1106790000,13785764,83.16
20/07/2023,100600,10366490000,102.7(1.08 %),117300,12080280000,16700,1713790000,13685164,83.28
21/07/2023,30600,3033360000,100.8(-1.85 %),117900,11771960000,87300,8738600000,13654564,83.32
24/07/2023,29900,2961510000,102(1.19 %),43200,4299390000,13300,1337880000,13535520,83.47
25/07/2023,58800,6176440000,103(0.98 %),64200,6732250000,5400,555810000,13558620,83.44
26/07/2023,-30000,-3041190000,102(-0.97 %),0,0,30000,3041190000,13588620,83.4
27/07/2023,-7300,-724100000,99(-2.94 %),11200,1119780000,18500,1843880000,13595920,83.39
28/07/2023,60100,5890160000,98(-1.01 %),66700,6536370000,6600,646210000,13535820,83.46
31/07/2023,92300,8841700000,98(0.00 %),110500,10604200000,18200,1762500000,13443520,83.58
01/08/2023,-8900,-871200000,96.8(-1.22 %),6500,634750000,15400,1505950000,13438420,83.58
02/08/2023,145800,13984160000,95.8(-1.03 %),251800,24177570000,106000,10193410000,13292620,83.76
03/08/2023,-57800,-5371430000,89.5(-6.58 %),7100,639110000,64900,6010540000,13350420,83.69
04/08/2023,-63500,-5622650000,87.9(-1.79 %),1100,97880000,64600,5720530000,13318089,83.73
07/08/2023,-18100,-1598420000,89.5(1.82 %),2100,185820000,20200,1784240000,13336189,83.71
08/08/2023,20700,1905570000,92.8(3.69 %),27000,2486710000,6300,581140000,13315489,83.73
09/08/2023,7600,704270000,91.4(-1.51 %),20800,1921250000,13200,1216980000,13307889,83.74
10/08/2023,-32100,-2896660000,89.3(-2.30 %),14200,1274960000,46300,4171620000,13339989,83.7
11/08/2023,-189800,-16648250000,87.6(-1.90 %),8600,756130000,198400,17404380000,13529789,83.47
14/08/2023,-11700,-1038090000,88.9(1.48 %),11600,1032060000,23300,2070150000,13449633,83.57
15/08/2023,32400,2899120000,90.4(1.69 %),63700,5704040000,31300,2804920000,13584333,83.41
16/08/2023,2800,248610000,88.8(-1.77 %),8700,774260000,5900,525650000,13598933,83.39
17/08/2023,-140900,-12220170000,85.4(-3.83 %),27300,2362250000,168200,14582420000,13739833,83.22
18/08/2023,-5800,-501250000,85.7(0.35 %),16200,1387090000,22000,1888340000,13592633,83.4
21/08/2023,-36400,-3101280000,85.5(-0.23 %),16300,1392610000,52700,4493890000,13744533,83.21
22/08/2023,4600,339300000,85(-0.58 %),70600,5902010000,66000,5562710000,13695933,83.27
23/08/2023,-42200,-3570980000,83(-2.35 %),9400,788270000,51600,4359250000,13739233,83.22
24/08/2023,-43800,-3652090000,83.9(1.08 %),13300,1108090000,57100,4760180000,13783033,83.16
25/08/2023,-81700,-7030040000,88.3(5.24 %),1300,110390000,83000,7140430000,13842233,83.09
28/08/2023,-5600,-488150000,87.5(-0.91 %),15600,1371000000,21200,1859150000,13847833,83.08
29/08/2023,46900,4219640000,90(2.86 %),69000,6196850000,22100,1977210000,13897804,83.02
30/08/2023,-6800,-606110000,89.2(-0.89 %),4700,423190000,11500,1029300000,13904604,83.01
31/08/2023,200,16810000,88.1(-1.23 %),7200,643000000,7000,626190000,13929265,82.98
05/09/2023,35000,3072490000,87.6(-0.57 %),45200,3969270000,10200,896780000,13895565,83.03
06/09/2023,60500,5495110000,93.7(6.96 %),63700,5786180000,3200,291070000,13835065,83.1
07/09/2023,-36100,-3447970000,94.4(0.75 %),33100,3184140000,69200,6632110000,13815965,83.12
08/09/2023,43200,4110480000,95.9(1.59 %),63400,6046410000,20200,1935930000,13755765,83.2
11/09/2023,60500,5740350000,93.1(-2.92 %),66700,6331060000,6200,590710000,13758345,83.19
12/09/2023,-47000,-4300920000,91.8(-1.40 %),19300,1782480000,66300,6083400000,13759245,83.19
13/09/2023,-52200,-4822870000,91.5(-0.33 %),6300,578580000,58500,5401450000,13759145,83.19
14/09/2023,-123700,-11222720000,88.2(-3.61 %),3400,312530000,127100,11535250000,13822045,83.12
15/09/2023,-5100,-450000000,86.3(-2.15 %),200,17240000,5300,467240000,13880345,83.04
18/09/2023,0,0,87.2(1.04 %),0,0,0,0,13880345,83.04
19/09/2023,-11500,-995540000,87.1(-0.11 %),800,69760000,12300,1065300000,14017661,82.88
20/09/2023,-10000,-891010000,90(3.33 %),12800,1148990000,22800,2040000000,14027661,82.86
21/09/2023,-14900,-1349220000,90.9(1.00 %),300,27000000,15200,1376220000,14042561,82.85
22/09/2023,24700,2176350000,88.5(-2.64 %),31000,2732440000,6300,556090000,14002433,82.89
25/09/2023,16500,1368510000,85.1(-3.84 %),43200,3739700000,26700,2371190000,13974443,82.93
26/09/2023,60200,5118620000,85.3(0.24 %),81100,6896750000,20900,1778130000,13899643,83.02
27/09/2023,14700,1268690000,87(1.99 %),27400,2345140000,12700,1076450000,13884943,83.04
28/09/2023,-1200,-103210000,87.3(0.34 %),3900,338700000,5100,441910000,13886143,83.04
29/09/2023,-63300,-5467370000,86(-1.49 %),2600,225830000,65900,5693200000,13926099,82.99
02/10/2023,-14300,-1236890000,86.7(0.81 %),900,78060000,15200,1314950000,13930299,82.98
03/10/2023,-9200,-786190000,83.8(-3.34 %),5200,443460000,14400,1229650000,13990999,82.91
04/10/2023,48100,4064580000,84.7(1.07 %),49100,4149080000,1000,84500000,13942899,82.97
05/10/2023,-4300,-370780000,86.6(2.24 %),600,52020000,4900,422800000,13971909,82.93
06/10/2023,7900,692910000,88.6(2.31 %),10600,929720000,2700,236810000,13964009,82.94
09/10/2023,-1600,-143980000,88.6(0.00 %),2600,231300000,4200,375280000,13965609,82.94
10/10/2023,29200,2623520000,90.2(1.81 %),30200,2713000000,1000,89480000,13937659,82.97
11/10/2023,24800,2312330000,93.5(3.66 %),34400,3187710000,9600,875380000,13907459,83.01
12/10/2023,52900,5004040000,92(-1.60 %),53800,5088280000,900,84240000,13854659,83.08
13/10/2023,-19200,-1748120000,92.1(0.11 %),900,81720000,20100,1829840000,13864359,83.06
16/10/2023,65400,5909310000,89.1(-3.26 %),77700,7017490000,12300,1108180000,13787559,83.16
17/10/2023,34400,3078280000,89.1(0.00 %),34400,3078280000,0,0,13773259,83.17
18/10/2023,59100,5260670000,86(-3.48 %),62000,5515050000,2900,254380000,13723559,83.24
19/10/2023,-2600,-220950000,84.8(-1.40 %),3100,266460000,5700,487410000,13720459,83.24
20/10/2023,-8000,-672110000,85(0.24 %),4700,395170000,12700,1067280000,13719659,83.24
23/10/2023,-11600,-987510000,83.9(-1.29 %),3000,252600000,14600,1240110000,13722359,83.24
24/10/2023,-3600,-303460000,85.2(1.55 %),600,51030000,4200,354490000,13725959,83.23
25/10/2023,100,8540000,86.7(1.76 %),1100,95030000,1000,86490000,13734459,83.22
26/10/2023,36300,2960740000,82(-5.42 %),54000,4429320000,17700,1468580000,13698159,83.27
27/10/2023,39500,3243270000,82.9(1.10 %),101500,8327390000,62000,5084120000,13598659,83.39
30/10/2023,-22000,-1802020000,81.3(-1.93 %),1500,123270000,23500,1925290000,13615859,83.37
31/10/2023,34000,2718670000,78.5(-3.44 %),39500,3161510000,5500,442840000,13638759,83.34
01/11/2023,24300,1920920000,80.5(2.55 %),32500,2565860000,8200,644940000,13630259,83.35
02/11/2023,-25500,-2145490000,85.5(6.21 %),55600,4721590000,81100,6867080000,13655759,83.32
03/11/2023,51900,4505270000,88(2.92 %),54700,4747490000,2800,242220000,13603859,83.38
06/11/2023,34100,3018970000,88.9(1.02 %),59200,5232850000,25100,2213880000,13569759,83.42
07/11/2023,-17500,-1601750000,91(2.36 %),15800,1408920000,33300,3010670000,13587259,83.4
08/11/2023,142100,13266330000,94(3.30 %),144400,13481770000,2300,215440000,13423259,83.6
09/11/2023,99000,9328190000,94(0.00 %),206200,19410400000,107200,10082210000,13250359,83.81
10/11/2023,226100,21538390000,95.3(1.38 %),227900,21711070000,1800,172680000,13024759,84.09
13/11/2023,222100,21448380000,97(1.78 %),226600,21882090000,4500,433710000,12905379,84.23
14/11/2023,68900,6559790000,95.6(-1.44 %),150000,14244860000,81100,7685070000,12733759,84.44
15/11/2023,154400,14738830000,96.3(0.73 %),186000,17735610000,31600,2996780000,12579359,84.63
16/11/2023,0,0,95(-1.35 %),0,0,0,0,12579359,84.63
17/11/2023,203600,19398260000,96(1.05 %),210200,20018200000,6600,619940000,12477259,84.76
20/11/2023,-21000,-1880340000,89.9(0.45 %),600,53740000,21600,1934080000,12505959,84.72
21/11/2023,64200,5990980000,93.9(4.45 %),76000,7067840000,11800,1076860000,12436559,84.81
22/11/2023,-13100,-1216570000,92.5(-1.49 %),3000,278300000,16100,1494870000,12455159,84.78
23/11/2023,25200,2238690000,86.1(-6.92 %),40300,3630350000,15100,1391660000,12429959,84.82
24/11/2023,38500,3366180000,89(3.37 %),44000,3847650000,5500,481470000,12391459,84.86
27/11/2023,-500,-44130000,87.4(-1.80 %),700,61890000,1200,106020000,12391959,84.86
28/11/2023,-55000,-4735930000,86.4(-1.14 %),2700,231040000,57700,4966970000,12446959,84.79
29/11/2023,-9000,-784820000,87.4(1.16 %),400,35000000,9400,819820000,12455959,84.78
30/11/2023,-23200,-2030030000,86.8(-0.69 %),3900,341260000,27100,2371290000,12479159,84.76
01/12/2023,3300,287880000,87.2(0.46 %),5100,444300000,1800,156420000,12470559,84.77
04/12/2023,147000,13348020000,92.1(5.62 %),155100,14068130000,8100,720110000,12323559,84.95
05/12/2023,5100,466170000,90.9(-1.30 %),13400,1222860000,8300,756690000,12318459,84.95
06/12/2023,17700,1618330000,91.7(0.88 %),20900,1909200000,3200,290870000,12300759,84.97
07/12/2023,2200,217900000,91.1(-0.65 %),46600,4215160000,44400,3997260000,12298559,84.98
08/12/2023,57300,5228070000,92(0.99 %),57600,5255300000,300,27230000,12241259,85.05
11/12/2023,12500,1141460000,91.3(-0.76 %),15100,1381160000,2600,239700000,12228759,85.06
12/12/2023,11500,1050830000,91.4(0.11 %),15800,1443330000,4300,392500000,12217259,85.08
13/12/2023,17900,1621260000,90.5(-0.98 %),19400,1757950000,1500,136690000,12199359,85.1
14/12/2023,16100,1453540000,90(-0.55 %),20600,1860530000,4500,406990000,12183259,85.12
15/12/2023,17200,1540720000,89.1(-1.00 %),17200,1540720000,0,0,12166059,85.14
18/12/2023,8800,781100000,88.2(-1.01 %),13400,1188880000,4600,407780000,12157259,85.15
19/12/2023,8800,774890000,88.3(0.11 %),10700,941950000,1900,167060000,12148459,85.16
20/12/2023,37600,3443440000,92.4(4.64 %),39400,3606880000,1800,163440000,12110859,85.21
21/12/2023,44000,4066790000,93.5(1.19 %),51600,4769800000,7600,703010000,12066859,85.26
22/12/2023,135300,12888700000,100(6.95 %),162100,15540460000,26800,2651760000,11931559,85.42
25/12/2023,75800,7911950000,105.4(5.40 %),104600,10912110000,28800,3000160000,11855759,85.52
26/12/2023,82300,8659050000,105.8(0.38 %),136100,14339580000,53800,5680530000,11773459,85.62
27/12/2023,109700,11553780000,106(0.19 %),139800,14708040000,30100,3154260000,11663759,85.75
28/12/2023,75300,8188500000,106.2(0.19 %),86100,9362510000,10800,1174010000,11588459,85.84
29/12/2023,17600,1828970000,104.3(-1.79 %),52800,5521270000,35200,3692300000,11570859,85.87
02/01/2024,47100,5085230000,109(4.51 %),50600,5446780000,3500,361550000,11520046,85.93
03/01/2024,10600,1142520000,107(-1.83 %),12700,1369490000,2100,226970000,11549246,85.89
04/01/2024,7700,802450000,104.4(-2.43 %),21400,2256060000,13700,1453610000,11541546,85.9
05/01/2024,-48100,-4972270000,103.6(-0.77 %),9800,1006830000,57900,5979100000,11589646,85.84
08/01/2024,32200,3389900000,106(2.32 %),42900,4523120000,10700,1133220000,11557446,85.88
09/01/2024,6100,644080000,104.9(-1.04 %),7200,758980000,1100,114900000,11538441,85.9
10/01/2024,-800,-83340000,104.2(-0.67 %),5300,554330000,6100,637670000,11546841,85.89
11/01/2024,47900,5073420000,106.6(2.30 %),59500,6292690000,11600,1219270000,11488541,85.97
12/01/2024,-8200,-861840000,106.3(-0.28 %),2700,283520000,10900,1145360000,11461846,86.0
15/01/2024,-12700,-1383320000,107.1(0.75 %),0,0,12700,1383320000,11503541,85.95
16/01/2024,-2700,-289060000,108(0.84 %),400,42520000,3100,331580000,11514041,85.93
17/01/2024,73100,7909230000,109(0.93 %),101400,10961350000,28300,3052120000,11425341,86.04
18/01/2024,40700,4407400000,108.9(-0.09 %),43000,4656710000,2300,249310000,11363446,86.12
19/01/2024,18400,1987920000,108(-0.83 %),23700,2558690000,5300,570770000,11345046,86.14
22/01/2024,6900,747400000,113.3(4.91 %),20800,2268330000,13900,1520930000,11338146,86.15
23/01/2024,-37900,-4228960000,112(-1.15 %),1900,212700000,39800,4441660000,11376046,86.1
24/01/2024,-32500,-3587820000,108.8(-2.86 %),1300,143800000,33800,3731620000,11408546,86.06
25/01/2024,-28600,-3099730000,104.4(-4.04 %),14700,1541260000,43300,4640990000,11437146,86.03
26/01/2024,-8200,-873660000,105(0.57 %),36600,3799380000,44800,4673040000,11445346,86.02
29/01/2024,-21600,-2256630000,103.7(-1.24 %),10500,1101890000,32100,3358520000,11442731,86.02
30/01/2024,13900,1449830000,103.8(0.10 %),21900,2279410000,8000,829580000,11465640,85.99
31/01/2024,-7600,-781380000,103.2(-0.58 %),12500,1292880000,20100,2074260000,11485240,85.97
01/02/2024,5800,628650000,107.1(3.78 %),14000,1483510000,8200,854860000,11485240,85.97
02/02/2024,-30100,-3211400000,106.3(-0.75 %),2700,288150000,32800,3499550000,11479240,85.98
05/02/2024,108300,11656430000,108(1.60 %),109800,11816780000,1500,160350000,11393040,86.08
06/02/2024,-29961,-3202601400,106.4(-1.48 %),18000,1935850000,47961,5138451400,11409840,86.06
07/02/2024,-2595,-279075500,106(-0.38 %),685305,72643984500,687900,72923060000,11408035,86.06
15/02/2024,-107320,-11236088000,104(-1.89 %),472900,49184270000,580220,60420358000,11454096,86.01
16/02/2024,-1100,-114480000,104.5(0.48 %),6200,649380000,7300,763860000,11453796,86.01
19/02/2024,-48200,-4988160000,103.7(-0.77 %),5300,550460000,53500,5538620000,11557716,85.88
20/02/2024,-48510,-5048409000,104(0.29 %),2800,292580000,51310,5340989000,11562216,85.88
21/02/2024,-5200,-546940000,105.1(1.06 %),3700,387800000,8900,934740000,11613016,85.81
22/02/2024,61970,6709700000,110(4.66 %),124700,13597000000,62730,6887300000,11613016,85.81
23/02/2024,33700,3837790000,115.5(5.00 %),37000,4211560000,3300,373770000,11540256,85.9
26/02/2024,26450,3066850000,119(3.03 %),33900,3938080000,7450,871230000,11540356,85.9
27/02/2024,-66500,-7809060000,117.1(-1.60 %),8900,1036880000,75400,8845940000,11580306,85.85
28/02/2024,-79915,-9182957900,113.5(-3.07 %),8400,960320000,88315,10143277900,11660221,85.76
29/02/2024,179900,20960760000,117(3.08 %),260800,30196630000,80900,9235870000,11348406,86.14
01/03/2024,-49100,-5640250000,115(-1.71 %),2400,277100000,51500,5917350000,11346006,86.14
04/03/2024,-80300,-9191330000,114(-0.87 %),4700,539180000,85000,9730510000,11426306,86.04
05/03/2024,-10900,-1246690000,116(1.75 %),34000,3928450000,44900,5175140000,11528021,85.92
06/03/2024,-1320,-145379000,113.9(-1.81 %),5200,602650000,6520,748029000,11438526,86.03
07/03/2024,21614,2561734400,116.6(2.19 %),49100,5714230000,27486,3152495600,11416912,86.05
08/03/2024,-89800,-10242650000,113(-3.09 %),13400,1538290000,103200,11780940000,11506712,85.94
11/03/2024,26800,3051060000,112.6(-0.35 %),28900,3289400000,2100,238340000,11479912,85.98
12/03/2024,145900,16771590000,116(3.02 %),176200,20236720000,30300,3465130000,11522527,85.92
13/03/2024,-56600,-6673350000,116.1(0.09 %),69500,8213600000,126100,14886950000,11455127,86.01
14/03/2024,-3400,-365480000,114.2(-1.64 %),18000,2104830000,21400,2470310000,11458527,86.0
15/03/2024,-34100,-3874420000,113.7(-0.44 %),400,45680000,34500,3920100000,11492627,85.96
18/03/2024,-30600,-3387840000,109.1(-4.05 %),15000,1646800000,45600,5034640000,11599537,85.83
19/03/2024,-26900,-2965720000,110(0.82 %),1500,164950000,28400,3130670000,11632537,85.79
20/03/2024,-66200,-7278790000,110.6(0.55 %),40300,4433690000,106500,11712480000,11616327,85.81
21/03/2024,-49200,-5494430000,111.3(0.63 %),5600,626110000,54800,6120540000,11665527,85.75
22/03/2024,-56700,-6316670000,111.1(-0.18 %),10900,1214310000,67600,7530980000,11722227,85.68
25/03/2024,-73900,-8123750000,109(-1.89 %),6200,681650000,80100,8805400000,11804837,85.58
26/03/2024,-13400,-1456290000,108.5(-0.46 %),7600,825250000,21000,2281540000,11686627,85.72
27/03/2024,-44400,-4945400000,112.4(3.59 %),9400,1036930000,53800,5982330000,11935537,85.42
28/03/2024,-24600,-2781140000,113(0.53 %),5900,666920000,30500,3448060000,11998137,85.34
29/03/2024,-20800,-2321280000,110(-2.65 %),8000,889190000,28800,3210470000,12043937,85.29
01/04/2024,200,20350000,112.2(2.00 %),10400,1154710000,10200,1134360000,12064037,85.26
02/04/2024,32800,3750860000,115.7(3.12 %),66600,7650350000,33800,3899490000,12011137,85.33
03/04/2024,-15000,-1734390000,114.5(-1.04 %),2900,335500000,17900,2069890000,12083597,85.24
04/04/2024,11600,1303970000,115.9(1.22 %),19900,2251680000,8300,947710000,12014537,85.32
05/04/2024,-66000,-7461810000,112(-3.36 %),27700,3165210000,93700,10627020000,12137697,85.17
08/04/2024,-16200,-1821210000,111.7(-0.27 %),2400,272490000,18600,2093700000,12096737,85.22
09/04/2024,15800,1798780000,114(2.06 %),16100,1833120000,300,34340000,12080937,85.24
10/04/2024,-9900,-1119120000,112.8(-1.05 %),5500,626770000,15400,1745890000,12090837,85.23
11/04/2024,-44500,-5023140000,112.5(-0.27 %),9800,1108250000,54300,6131390000,12224797,85.07
12/04/2024,136300,16220910000,120.3(6.93 %),145500,17301240000,9200,1080330000,12094697,85.23
15/04/2024,-11400,-1418210000,117(-2.74 %),22300,2690690000,33700,4108900000,12010437,85.33
16/04/2024,-72200,-8490470000,116.9(-0.09 %),24300,2832210000,96500,11322680000,12082637,85.24
17/04/2024,-67400,-7748540000,113.2(-3.17 %),2600,299030000,70000,8047570000,12077837,85.25
19/04/2024,-69500,-7752490000,105.3(-6.98 %),135400,14432330000,204900,22184820000,12147337,85.16
22/04/2024,-62500,-6627540000,106(0.66 %),47600,5107730000,110100,11735270000,12126197,85.19
23/04/2024,42800,4628450000,107(0.94 %),62000,6670420000,19200,2041970000,12269097,85.01
24/04/2024,-85400,-9302090000,109.9(2.71 %),8100,877570000,93500,10179660000,12252437,85.03
25/04/2024,-19800,-2167920000,109(-0.82 %),4100,444510000,23900,2612430000,12272237,85.01
26/04/2024,-76500,-8243380000,109(0.00 %),6300,679290000,82800,8922670000,12473397,84.76
02/05/2024,-63000,-6977690000,111.4(2.20 %),4800,534990000,67800,7512680000,12492497,84.74
03/05/2024,4300,531290000,116(4.13 %),56100,6418950000,51800,5887660000,12519197,84.71
06/05/2024,-16400,-1903280000,116(0.00 %),800,92890000,17200,1996170000,12586192,84.62
07/05/2024,-29400,-3416930000,117(0.86 %),3100,357100000,32500,3774030000,12634891,84.57
08/05/2024,-113300,-13103270000,115.3(-1.45 %),4600,531960000,117900,13635230000,12647491,84.55
09/05/2024,-60900,-7076540000,116(0.61 %),58500,6850430000,119400,13926970000,12621491,84.58
10/05/2024,4800,564000000,116(0.00 %),15400,1794640000,10600,1230640000,12723991,84.46
13/05/2024,-5600,-654890000,117.4(1.21 %),2000,235520000,7600,890410000,12841391,84.31
14/05/2024,-82800,-9648570000,116.3(-0.94 %),6900,807800000,89700,10456370000,12772697,84.4
15/05/2024,-74500,-8653260000,119(2.32 %),13100,1526890000,87600,10180150000,12847197,84.31
16/05/2024,-28800,-3443160000,119.1(0.08 %),7000,838650000,35800,4281810000,12875997,84.27
17/05/2024,-21400,-2443020000,112.8(-0.18 %),6700,759790000,28100,3202810000,13003201,84.12
20/05/2024,8100,900120000,111.4(-1.24 %),16400,1832620000,8300,932500000,13022591,84.09
21/05/2024,-75300,-8259210000,109.6(-1.62 %),8100,895300000,83400,9154510000,13042591,84.07
22/05/2024,-5600,-612750000,109.6(0.00 %),13300,1468860000,18900,2081610000,13037591,84.07
23/05/2024,-8000,-879590000,112(2.19 %),1800,199300000,9800,1078890000,13119191,83.97
24/05/2024,-4500,-501690000,109.8(-1.96 %),3000,329060000,7500,830750000,12953897,84.18
27/05/2024,-700,-77500000,110(0.18 %),500,54980000,1200,132480000,13144391,83.94
28/05/2024,-9500,-1017110000,111(0.91 %),20000,2250000000,29500,3267110000,13131891,83.96
29/05/2024,-68900,-7567970000,109.1(-1.71 %),400,43820000,69300,7611790000,13132691,83.96
30/05/2024,-4400,-477340000,108.8(-0.27 %),0,0,4400,477340000,13162191,83.92
31/05/2024,2700,293750000,108.1(-0.64 %),4600,500950000,1900,207200000,13226891,83.84
03/06/2024,-49900,-5418450000,108.3(0.19 %),1400,152340000,51300,5570790000,13226891,83.84
04/06/2024,4000,435450000,110.5(2.03 %),4400,479230000,400,43780000,13222891,83.85
05/06/2024,26500,2966550000,112(1.36 %),28500,3187920000,2000,221370000,13196391,83.88
06/06/2024,-19300,-2152800000,110.4(-1.43 %),2700,302080000,22000,2454880000,13247901,83.82
07/06/2024,-42400,-4655180000,109(-1.27 %),1200,131500000,43600,4786680000,13248701,83.82
10/06/2024,-26100,-2841310000,108.8(-0.18 %),5500,599550000,31600,3440860000,13274801,83.78
11/06/2024,-44300,-4813410000,108.3(-0.46 %),400,43380000,44700,4856790000,13247901,83.82
12/06/2024,-57700,-6208600000,107.4(-0.83 %),2200,236630000,59900,6445230000,13338301,83.71
13/06/2024,0,0,107(-0.37 %),0,0,0,0,13382201,83.65
14/06/2024,2100,225710000,107(0.00 %),2600,279750000,500,54040000,13439501,83.58
17/06/2024,250,23760000,105.8(-1.12 %),2600,277260000,2350,253500000,13503301,83.5
18/06/2024,2700,288000000,107(1.13 %),3000,319890000,300,31890000,13500801,83.51
19/06/2024,12800,1384940000,108.5(1.40 %),14200,1535840000,1400,150900000,13487951,83.52
20/06/2024,-12400,-1360760000,109.8(1.20 %),1000,108990000,13400,1469750000,13487451,83.52
21/06/2024,-47500,-5163490000,107.5(-2.09 %),400,43650000,47900,5207140000,13488451,83.52
24/06/2024,-3900,-416210000,105.1(-2.23 %),6800,722090000,10700,1138300000,13495051,83.51
25/06/2024,-600,-63500000,104.7(-0.38 %),200,21020000,800,84520000,13542751,83.46
26/06/2024,-2400,-253020000,104.5(-0.19 %),2000,207260000,4400,460280000,13551451,83.45
27/06/2024,-2100,-213710000,103(-1.44 %),5100,531720000,7200,745430000,13547151,83.45
28/06/2024,5400,547430000,100(-2.91 %),7900,802360000,2500,254930000,13541651,83.46
04/07/2024,-12900,-1304040000,100.2(-0.79 %),900,90540000,13800,1394580000,13521851,0.0
05/07/2024,-4800,-478920000,99.2(-1.00 %),600,59760000,5400,538680000,13526651,0.0
08/07/2024,-7300,-722520000,98(-1.21 %),1500,147780000,8800,870300000,13533951,0.0
09/07/2024,-32200,-3167390000,98.3(0.31 %),15200,1494180000,47400,4661570000,13566151,0.0
10/07/2024,-27100,-2669480000,98(-0.31 %),11100,1096790000,38200,3766270000,13593251,0.0
11/07/2024,-43800,-4286100000,97.4(-0.61 %),2600,254940000,46400,4541040000,13637051,0.0
12/07/2024,-17500,-1707230000,97.5(0.10 %),1600,156070000,19100,1863300000,13654551,0.0
15/07/2024,-53000,-5141640000,96.2(-1.33 %),900,88190000,53900,5229830000,13707551,0.0
16/07/2024,-31500,-3033740000,96.4(0.21 %),2100,202320000,33600,3236060000,13739051,0.0
17/07/2024,-126800,-12664200000,98.6(2.28 %),80300,8042730000,207100,20706930000,13865851,0.0
18/07/2024,12400,1231240000,99(0.41 %),40000,3962550000,27600,2731310000,13853451,0.0
19/07/2024,-43900,-4289410000,97.3(-1.72 %),17700,1730160000,61600,6019570000,13897351,0.0
22/07/2024,-66900,-6453640000,96.5(-0.82 %),1800,173830000,68700,6627470000,13964251,0.0
23/07/2024,-61000,-5812440000,93.6(-3.01 %),9200,888230000,70200,6700670000,14025251,0.0
24/07/2024,-60100,-5599780000,93.7(0.11 %),27000,2527340000,87100,8127120000,14085351,0.0
25/07/2024,-4700,-438060000,93.2(-0.53 %),1200,111890000,5900,549950000,14090051,0.0
26/07/2024,-12000,-1122210000,94.4(1.29 %),13400,1258540000,25400,2380750000,14102051,0.0
29/07/2024,-34600,-3301150000,96.1(1.80 %),6900,657850000,41500,3959000000,14136651,0.0
30/07/2024,-34600,-3301150000,95.7(-0.42 %),6900,657850000,41500,3959000000,14171251,0.0
31/07/2024,-300,-29600000,96.8(1.15 %),2300,221270000,2600,250870000,14171551,0.0
01/08/2024,-48600,-4599610000,95.8(-1.03 %),11800,1127920000,60400,5727530000,14224709,0.0
02/08/2024,-14900,-1403680000,95.8(0.00 %),21200,2001380000,36100,3405060000,14239609,0.0
05/08/2024,-33800,-3145570000,91(-5.01 %),8100,753500000,41900,3899070000,14273409,0.0
06/08/2024,-26000,-2377430000,93(2.20 %),7000,642410000,33000,3019840000,14299409,0.0
07/08/2024,-17400,-1604180000,92.9(-0.11 %),9000,832330000,26400,2436510000,14316809,0.0
08/08/2024,300,30620000,92.9(0.00 %),27000,2501700000,26700,2471080000,14316509,0.0
09/08/2024,3500,329480000,93.7(0.86 %),29000,2707330000,25500,2377850000,14313009,0.0
12/08/2024,54600,5213910000,97(3.52 %),56600,5403590000,2000,189680000,14258409,0.0
13/08/2024,-1500,-143410000,96.7(-0.31 %),61700,5954150000,63200,6097560000,14259909,0.0
14/08/2024,-25600,-2459910000,95.9(-0.83 %),19600,1883290000,45200,4343200000,14285509,0.0
15/08/2024,2600,251100000,96.8(0.94 %),35200,3409770000,32600,3158670000,14282909,0.0
16/08/2024,59700,5994530000,101.5(4.86 %),152500,15343160000,92800,9348630000,14223209,0.0
19/08/2024,-2500,-248870000,101.7(0.20 %),11600,1191820000,14100,1440690000,14225709,0.0
20/08/2024,66200,6785850000,102.6(0.88 %),66600,6826860000,400,41010000,14159509,0.0
21/08/2024,63600,6567840000,103.4(0.78 %),74100,7649950000,10500,1082110000,14095909,0.0
22/08/2024,102200,10841150000,107(3.48 %),108500,11504580000,6300,663430000,13993709,0.0
23/08/2024,8800,930470000,105.2(-1.68 %),34900,3701470000,26100,2771000000,13984909,0.0
26/08/2024,31100,3258550000,104.5(-0.67 %),53600,5631120000,22500,2372570000,13953809,0.0
27/08/2024,13700,1430960000,104.8(0.29 %),27100,2828500000,13400,1397540000,13940109,0.0
28/08/2024,1600,164310000,104(-0.76 %),5000,520480000,3400,356170000,13938509,0.0
29/08/2024,-4000,-413860000,103.1(-0.87 %),6100,630300000,10100,1044160000,13942509,0.0
30/08/2024,1600,163330000,104(0.87 %),6800,701400000,5200,538070000,13940909,0.0
04/09/2024,-300,-31400000,103.8(-0.19 %),3500,360860000,3800,392260000,14022179,0.0
05/09/2024,400,39070000,102(-1.73 %),3900,400030000,3500,360960000,14021779,0.0
06/09/2024,26500,2738030000,103.9(1.86 %),43000,4419540000,16500,1681510000,13995279,0.0
09/09/2024,10800,1113030000,102.6(-1.25 %),14200,1464990000,3400,351960000,13984479,0.0
10/09/2024,237200,25349450000,106.8(4.09 %),239300,25572830000,2100,223380000,13747279,0.0
11/09/2024,56700,6108130000,108.8(1.87 %),63900,6883470000,7200,775340000,13690579,0.0
12/09/2024,49300,5416470000,109(0.18 %),64000,7051160000,14700,1634690000,13641279,0.0
13/09/2024,39000,4345510000,111.9(2.66 %),72000,8009310000,33000,3663800000,13602279,0.0
16/09/2024,175300,20137910000,115.1(2.86 %),227800,26124510000,52500,5986600000,13426979,0.0
17/09/2024,166200,19118040000,115.7(0.52 %),198500,22807790000,32300,3689750000,13260779,0.0
18/09/2024,43000,4887020000,113.7(-1.73 %),46500,5288790000,3500,401770000,13217779,0.0
19/09/2024,115400,13772470000,121.6(6.95 %),148800,17725280000,33400,3952810000,13102379,0.0
20/09/2024,25000,3059720000,122.6(0.82 %),39600,4856410000,14600,1796690000,13077379,0.0
23/09/2024,87600,10828060000,127.9(4.32 %),95900,11869580000,8300,1041520000,12989779,0.0
24/09/2024,-30900,-3891900000,124.5(-2.66 %),17400,2180080000,48300,6071980000,13020679,0.0
25/09/2024,17200,2126580000,123.5(-0.80 %),41600,5158730000,24400,3032150000,13003479,0.0
26/09/2024,67800,8377380000,127.3(3.08 %),70400,8699970000,2600,322590000,12935679,0.0
27/09/2024,6600,809190000,123.3(-3.14 %),38200,4731140000,31600,3921950000,12929079,0.0
30/09/2024,-2000,-251430000,118.6(-3.81 %),38700,4618330000,40700,4869760000,12931079,0.0
01/10/2024,-23400,-2783140000,117(-1.35 %),24600,2908500000,48000,5691640000,12857789,0.0
02/10/2024,-20500,-2415150000,115.5(-1.28 %),45500,5294180000,66000,7709330000,12878289,0.0
03/10/2024,-62700,-7357390000,116.2(0.61 %),8600,1004650000,71300,8362040000,12940989,0.0
04/10/2024,-39500,-4585530000,115.8(-0.34 %),16400,1904440000,55900,6489970000,12980489,0.0
07/10/2024,-81400,-9357180000,113.7(-1.81 %),9800,1114830000,91200,10472010000,13061889,0.0
08/10/2024,-35800,-4072250000,121.6(6.95 %),145800,17108760000,181600,21181010000,13097689,0.0
09/10/2024,52100,6289070000,121.6(0.00 %),123800,14988150000,71700,8699080000,13045589,0.0
10/10/2024,-6000,-718910000,119.9(-1.40 %),10100,1212850000,16100,1931760000,13051589,0.0
11/10/2024,71600,8791850000,122.9(2.50 %),113400,13879270000,41800,5087420000,12979989,0.0
14/10/2024,19900,2446890000,122(-0.73 %),51400,6304270000,31500,3857380000,12960089,0.0
15/10/2024,-3800,-453510000,122(0.00 %),11900,1449910000,15700,1903420000,12963889,0.0
16/10/2024,106200,13244750000,124.9(2.38 %),136100,16960470000,29900,3715720000,12857689,0.0
17/10/2024,139900,17958270000,130(4.08 %),173000,22203900000,33100,4245630000,12717789,0.0
18/10/2024,200,37750000,128.4(-1.23 %),23800,3049220000,23600,3011470000,12717589,0.0
21/10/2024,161500,21363260000,132.5(3.19 %),271800,35814270000,110300,14451010000,12556089,0.0
22/10/2024,61200,8141670000,129.1(-2.57 %),123300,16433900000,62100,8292230000,12494889,0.0
23/10/2024,126100,16523400000,133.5(3.41 %),139400,18228590000,13300,1705190000,12368789,0.0
24/10/2024,17200,2305890000,133(-0.37 %),57600,7673940000,40400,5368050000,12351589,0.0
25/10/2024,15700,2070790000,132.8(-0.15 %),30800,4061930000,15100,1991140000,12335889,0.0
28/10/2024,160800,21481150000,135.7(2.18 %),180200,24075930000,19400,2594780000,12175089,0.0
29/10/2024,39400,5386910000,135.9(0.15 %),76700,10483660000,37300,5096750000,12135689,0.0
30/10/2024,150800,20554080000,137.3(1.03 %),176500,24040450000,25700,3486370000,11984889,0.0
31/10/2024,11400,1530540000,134.5(-2.04 %),87600,11877530000,76200,10346990000,11973489,0.0
01/11/2024,303600,40671640000,133.7(-0.59 %),344400,46139920000,40800,5468280000,12466529,0.0
04/11/2024,-114500,-14952090000,130(-2.77 %),64100,8348250000,178600,23300340000,12581029,0.0
05/11/2024,-34200,-4444270000,130.2(0.15 %),40200,5242750000,74400,9687020000,12615229,0.0
06/11/2024,-18300,-2415750000,132(1.38 %),18400,2430660000,36700,4846410000,12633529,0.0
07/11/2024,-78900,-10351300000,130.6(-1.06 %),9100,1198960000,88000,11550260000,12712429,0.0
08/11/2024,3000,391780000,132(1.07 %),17600,2303690000,14600,1911910000,12709429,0.0
11/11/2024,-53200,-7029030000,133(0.76 %),5900,778450000,59100,7807480000,12762629,0.0
12/11/2024,-300,-38400000,132.5(-0.38 %),73700,9747580000,74000,9785980000,13033938,84.08
13/11/2024,-34400,-4288070000,125(-1.39 %),13400,1673290000,47800,5961360000,12797329,0.0
14/11/2024,37600,4693590000,123.5(-1.20 %),49300,6143830000,11700,1450240000,12759729,0.0
15/11/2024,2200,249810000,121(-2.02 %),32700,3939050000,30500,3689240000,12757529,0.0
18/11/2024,76700,9046090000,118.6(-1.98 %),78700,9283530000,2000,237440000,12680829,0.0
19/11/2024,6000,694760000,116.6(-1.69 %),33100,3868450000,27100,3173690000,12674829,0.0
20/11/2024,15300,1800420000,119.6(2.57 %),32900,3889680000,17600,2089260000,12659529,0.0
21/11/2024,-15100,-1788310000,120(0.33 %),9200,1097640000,24300,2885950000,12674629,0.0
22/11/2024,-10900,-1301380000,119.5(-0.42 %),3300,395950000,14200,1697330000,12685529,0.0
25/11/2024,-40100,-4743380000,117.6(-1.59 %),3800,450600000,43900,5193980000,12983903,84.14
26/11/2024,500,49980000,120.3(2.30 %),8500,1005460000,8000,955480000,12977403,84.15
27/11/2024,-41800,-4997160000,119(-1.08 %),9000,1078970000,50800,6076130000,13012313,84.1
28/11/2024,-6700,-831550000,123.6(3.87 %),24300,2966900000,31000,3798450000,12996013,84.12
29/11/2024,6900,881410000,126.5(2.35 %),69000,8666760000,62100,7785350000,12977813,84.15
02/12/2024,-29700,-3711980000,125(-1.19 %),16100,2042330000,45800,5754310000,12992703,84.13
03/12/2024,11300,1406510000,123.4(-1.28 %),34000,4214840000,22700,2808330000,13020803,84.09
04/12/2024,29600,3723720000,127.2(3.08 %),44500,5614490000,14900,1890770000,13022103,84.09
05/12/2024,600,55910000,126(-0.94 %),20700,2653940000,20100,2598030000,13024103,84.09
09/12/2024,-2500,-320870000,125.5(-0.87 %),6400,805150000,8900,1126020000,13030938,84.08
10/12/2024,-37500,-4689750000,126(0.40 %),15500,1936160000,53000,6625910000,13054138,84.05
16/12/2024,-20700,-2584290000,124(-1.27 %),2800,349580000,23500,2933870000,13112836,83.98
17/12/2024,-92400,-11365540000,122(-1.61 %),12900,1585450000,105300,12950990000,13124236,83.97
18/12/2024,3400,425770000,124(1.64 %),17700,2171820000,14300,1746050000,13130036,83.96
19/12/2024,-5800,-728560000,125(0.81 %),4900,604700000,10700,1333260000,13230404,83.84
20/12/2024,-2200,-269840000,125(0.00 %),17100,2139410000,19300,2409250000,13225404,83.84
24/12/2024,0,0,135.2(1.12 %),0,0,0,0,12951404,84.18
25/12/2024,50400,6815590000,137.5(1.70 %),67600,9142240000,17200,2326650000,12968204,84.16
26/12/2024,-24400,-3304720000,133.6(-2.84 %),5600,757320000,30000,4062040000,13013804,84.1
27/12/2024,29200,3956550000,134.8(0.90 %),112800,14976540000,83600,11019990000,12918194,84.22
30/12/2024,-13500,-1795970000,132.7(-1.56 %),2800,371840000,16300,2167810000,12945394,84.19
31/12/2024,-7700,-1043180000,131.1(-1.21 %),8800,1161480000,16500,2204660000,13020210,84.09
02/01/2025,12500,1646240000,133.1(1.53 %),19400,2557820000,6900,911580000,13017110,84.1
03/01/2025,7800,1035850000,133.3(0.15 %),18600,2481200000,10800,1445350000,13015007,84.1
06/01/2025,12900,1705620000,131(-1.73 %),49600,6585140000,36700,4879520000,12972307,84.15
07/01/2025,90900,12196570000,134.9(2.98 %),95200,12765170000,4300,568600000,12972307,84.15
08/01/2025,28900,3938920000,137(1.56 %),59400,8026140000,30500,4087220000,12865213,84.28
09/01/2025,23900,3239630000,135(-1.46 %),57600,7808020000,33700,4568390000,12811913,84.35
10/01/2025,-4200,-566080000,130(-3.70 %),7500,990210000,11700,1556290000,12834993,84.32
13/01/2025,13100,1677980000,128(-1.54 %),24800,3186030000,11700,1508050000,12843893,84.31
14/01/2025,-77100,-9758160000,124(-3.12 %),10100,1281670000,87200,11039830000,12845493,84.31
15/01/2025,-110900,-13759310000,124.6(0.48 %),19800,2448700000,130700,16208010000,12837393,84.32
16/01/2025,-18100,-2281370000,126.8(1.77 %),1100,137700000,19200,2419070000,12855493,0.0
17/01/2025,-13500,-1705500000,127.4(0.47 %),5200,659220000,18700,2364720000,13048993,84.06
20/01/2025,-126400,-15896220000,125(-1.88 %),4100,516230000,130500,16412450000,13061093,84.04
21/01/2025,-5500,-690190000,125.9(0.72 %),6500,820350000,12000,1510540000,13073293,84.03
22/01/2025,-18200,-2288390000,125.2(-0.56 %),2800,352790000,21000,2641180000,13201033,83.87
23/01/2025,-19900,-2458500000,125.6(0.32 %),8300,1028480000,28200,3486980000,13204733,83.87
24/01/2025,-132300,-16440310000,126.8(0.96 %),8900,1105460000,141200,17545770000,13216833,83.85
03/02/2025,-62500,-7745410000,0(0.00 %),6400,799860000,68900,8545270000,13238633,83.83
04/02/2025,-33900,-4170280000,124(0.81 %),19600,2415590000,53500,6585870000,13360233,83.68
05/02/2025,5400,670590000,124.5(0.40 %),8900,1104640000,3500,434050000,13420283,83.61
06/02/2025,-4700,-583130000,123.7(-0.64 %),6800,842610000,11500,1425740000,13466983,83.55
07/02/2025,-33200,-4090650000,123(-0.57 %),5800,714870000,39000,4805520000,13464733,83.55
10/02/2025,-13100,-1584420000,119(-3.25 %),9700,1162990000,22800,2747410000,13466533,83.55
11/02/2025,2000,221070000,119.2(0.17 %),16700,1983640000,14700,1762570000,13488833,83.52
12/02/2025,-4300,-516350000,119.4(0.17 %),1400,167640000,5700,683990000,13510233,83.5
13/02/2025,-19500,-2328550000,119.3(-0.08 %),700,83460000,20200,2412010000,13524233,83.48
14/02/2025,-32800,-3922070000,118.6(-0.59 %),700,83750000,33500,4005820000,13529233,83.47
17/02/2025,-61200,-7308130000,118.6(0.00 %),5500,657290000,66700,7965420000,13540933,83.46
18/02/2025,-101300,-11980030000,117.7(-0.76 %),3700,435830000,105000,12415860000,13569733,83.42
19/02/2025,-73300,-8646860000,118(0.25 %),37700,4449290000,111000,13096150000,13595733,83.39
20/02/2025,-72400,-8674510000,119.4(1.19 %),7100,847830000,79500,9522340000,13691833,83.27
21/02/2025,-95300,-11365320000,118.5(-0.75 %),13300,1585720000,108600,12951040000,13786481,83.16
24/02/2025,16000,1909490000,119.3(0.68 %),34200,4071390000,18200,2161900000,13828781,83.11
25/02/2025,-81800,-9717720000,118.4(-0.75 %),3300,392730000,85100,10110450000,13934081,82.98
26/02/2025,-40700,-4980010000,121.1(2.28 %),61700,7445420000,102400,12425430000,13887581,83.04
27/02/2025,-23800,-2891280000,121.2(0.08 %),32100,3897260000,55900,6788540000,13940581,82.97
28/02/2025,12700,1520730000,119.5(-1.40 %),26500,3178350000,13800,1657620000,14016481,82.88
03/03/2025,-37600,-4505300000,119.6(0.08 %),32500,3915430000,70100,8420730000,14039881,82.85
04/03/2025,-2000,-238520000,120.6(0.84 %),57700,6959160000,59700,7197680000,13992991,82.91
05/03/2025,-37700,-4712330000,125.9(4.39 %),78800,9725260000,116500,14437590000,13984291,82.92
06/03/2025,-57500,-7255080000,125.9(0.00 %),2000,252560000,59500,7507640000,14040491,82.85
07/03/2025,-111400,-13914920000,124(-1.51 %),6400,800490000,117800,14715410000,14149091,82.72
10/03/2025,-72000,-8847180000,122.1(-1.53 %),4500,551250000,76500,9398430000,14202586,82.65
11/03/2025,-19000,-2368770000,124.3(1.80 %),14400,1748730000,33400,4117500000,14202586,82.65
12/03/2025,7200,881920000,122.6(-1.37 %),9100,1116140000,1900,234220000,14371886,82.44
13/03/2025,2900,350720000,120.3(-1.88 %),8800,1070110000,5900,719390000,14395086,82.42
14/03/2025,-120000,-14306330000,119(-1.08 %),8500,1020040000,128500,15326370000,14387186,82.42
17/03/2025,2600,309410000,119(0.00 %),6500,772530000,3900,463120000,14385086,82.43
18/03/2025,7500,899190000,120.2(1.01 %),13900,1667900000,6400,768710000,14500286,82.29
19/03/2025,6700,797890000,119.5(-0.58 %),14400,1717340000,7700,919450000,14489807,82.3
20/03/2025,-6600,-786630000,119.5(0.00 %),1200,144260000,7800,930890000,14495007,82.29
21/03/2025,-12700,-1531310000,120.8(1.09 %),48500,5863240000,61200,7394550000,14454307,82.34
24/03/2025,-4100,-492960000,120(-0.66 %),4100,492460000,8200,985420000,14457978,82.34
25/03/2025,-31200,-3733790000,119.5(-0.42 %),6100,730880000,37300,4464670000,14513407,82.27
26/03/2025,-38200,-4543920000,119.1(-0.33 %),5900,703330000,44100,5247250000,14515869,82.27
27/03/2025,-21500,-2555660000,119(-0.08 %),400,47600000,21900,2603260000,14549939,82.23
28/03/2025,54700,6732520000,123.4(3.70 %),72500,8919880000,17800,2187360000,14520139,82.26
31/03/2025,-18300,-2214940000,119.3(-3.32 %),6500,794040000,24800,3008980000,14535619,82.24
01/04/2025,90300,10886180000,122.5(2.68 %),97800,11796790000,7500,910610000,14455519,82.34
02/04/2025,-25200,-3077330000,121.4(-0.90 %),100,12130000,25300,3089460000,14479003,82.31
03/04/2025,31600,3604170000,113(-6.92 %),108500,12414770000,76900,8810600000,14376503,82.44
04/04/2025,61900,7003420000,114.7(1.50 %),89800,10140170000,27900,3136750000,14306103,82.52
08/04/2025,221400,23969160000,106.7(-6.97 %),224600,24319670000,3200,350510000,14146454,82.72
09/04/2025,181300,20279560000,114.1(6.94 %),228700,25509790000,47400,5230230000,13933654,82.98
10/04/2025,20900,2550570000,122(6.92 %),44000,5367900000,23100,2817330000,13880384,83.04
11/04/2025,119300,14581310000,124.8(2.30 %),203400,24830050000,84100,10248740000,13724428,83.23
14/04/2025,41700,5191930000,124.8(0.00 %),69300,8634900000,27600,3442970000,13678278,83.29
15/04/2025,10300,1277080000,124(-0.64 %),30400,3780660000,20100,2503580000,13732028,83.23
16/04/2025,151800,19304470000,128.8(3.87 %),181100,22998510000,29300,3694040000,13578528,83.41
17/04/2025,293300,38817590000,134.5(4.43 %),343400,45426190000,50100,6608600000,13255228,83.81
18/04/2025,159100,21634190000,129.8(-3.49 %),267500,36178320000,108400,14544130000,13017028,84.1
21/04/2025,318700,42451080000,133.9(3.16 %),351200,46784900000,32500,4333820000,12715628,84.47
22/04/2025,236500,31010090000,135(0.82 %),308700,40442840000,72200,9432750000,12515328,84.71
23/04/2025,331700,47021420000,144.4(6.96 %),441000,62384830000,109300,15363410000,12106828,85.21
24/04/2025,52500,7568850000,143.5(-0.62 %),127700,18399640000,75200,10830790000,12031328,85.3
25/04/2025,25200,3584260000,142.7(-0.56 %),154500,21843760000,129300,18259500000,11986128,85.36
28/04/2025,-500,-66020000,141.4(-0.91 %),35500,4983880000,36000,5049900000,12025827,85.31
29/04/2025,51900,7530900000,144.6(2.26 %),113200,16322100000,61300,8791200000,12041927,85.29
05/05/2025,51110,5640217000,145(0.28 %),51110,7327630000,0,1687413000,12038618,85.29
06/05/2025,41200,5967150000,144(-0.69 %),54900,7947980000,13700,1980830000,12058508,85.27
07/05/2025,37800,5492090000,143.7(-0.21 %),61700,9009880000,23900,3517790000,12020708,85.32
08/05/2025,83700,12019120000,144(0.21 %),98500,14141540000,14800,2122420000,11937008,85.42
09/05/2025,75500,10982740000,146.9(2.01 %),80500,11710060000,5000,727320000,11861508,85.51
12/05/2025,44800,6536200000,146.8(-0.07 %),57100,8333300000,12300,1797100000,11816565,85.57
13/05/2025,68600,10296750000,151.1(2.93 %),148400,22244720000,79800,11947970000,11747985,85.65
14/05/2025,26100,3960390000,151(-0.07 %),76900,11583510000,50800,7623120000,11721886,85.68
15/05/2025,85800,6690670000,149(-1.32 %),85800,12870950000,0,6180280000,11677286,85.74
16/05/2025,31000,-830880000,146.8(-1.48 %),31000,4575030000,0,5405910000,11677286,85.74
19/05/2025,87700,2066810000,141(0.28 %),87700,12524010000,0,10457200000,11662986,85.75
20/05/2025,57700,-1562493800,144(2.13 %),57700,8300750000,0,9863243800,11668686,85.75
21/05/2025,34700,-2327730000,142.2(-1.25 %),34700,4970330000,0,7298060000,11668686,85.75
22/05/2025,53388,-16308880000,138(-2.95 %),53388,7385520000,0,23694400000,11679487,85.73
23/05/2025,138300,19606160000,142.8(3.48 %),178300,25284220000,40000,5678060000,11557467,85.88
26/05/2025,40114,-4505830800,142.7(-0.07 %),40114,5833429200,0,10339260000,11673279,85.74
27/05/2025,38500,5485180000,142.6(-0.07 %),90300,12890710000,51800,7405530000,11634779,85.79
28/05/2025,7100,-6726090000,140.4(-1.54 %),7100,1002680000,0,7728770000,11665965,85.75
29/05/2025,13400,-8318520000,138.3(-1.50 %),13400,1858530000,0,10177050000,11665965,85.75
30/05/2025,8800,-13956102600,137(-0.94 %),8800,1209180000,0,15165282600,11713665,85.69
02/06/2025,30800,963902900,135.6(-1.02 %),30800,4178040000,0,3214137100,11766345,85.63
03/06/2025,89600,10030960000,139.6(2.95 %),89600,12446600000,0,2415640000,11795641,85.59
04/06/2025,62450,5381625000,138(-1.15 %),62450,8681765000,0,3300140000,11756891,85.64
05/06/2025,15200,-8802220000,135.7(-1.67 %),15200,2068860000,0,10871080000,11757691,85.64
06/06/2025,52800,3019440000,137.1(1.03 %),52800,7236630000,0,4217190000,11735791,85.66
09/06/2025,1600,-10317230000,133.1(-2.92 %),1600,215360000,0,10532590000,11800391,85.58
10/06/2025,25500,1418668800,134(0.68 %),25500,3431490000,0,2012821200,11789853,85.6
11/06/2025,-7400,-982470000,134(0.00 %),31100,4184430000,38500,5166900000,11866653,85.5
12/06/2025,200,37790000,136.5(1.87 %),77100,10514480000,76900,10476690000,11866453,85.5
13/06/2025,16500,2248720000,136.5(0.00 %),26200,3567770000,9700,1319050000,11857343,85.52
16/06/2025,-51500,-7020570000,136.6(0.07 %),39900,5464050000,91400,12484620000,11857343,85.52
17/06/2025,62900,8758970000,139.5(2.12 %),78500,10937520000,15600,2178550000,11794443,85.59
18/06/2025,-9000,-1251750000,138.4(-0.79 %),20800,2879700000,29800,4131450000,11845943,85.53
19/06/2025,85700,11980390000,140(1.16 %),112100,15680240000,26400,3699850000,11760243,85.63
20/06/2025,-10500,-1470090000,139.4(-0.43 %),9200,1285250000,19700,2755340000,11769243,85.62
23/06/2025,-133400,-18186790000,135.8(-2.58 %),22900,3126600000,156300,21313390000,11769243,85.62
24/06/2025,93800,13069580000,139(2.36 %),240200,33440750000,146400,20371170000,11685940,85.72
25/06/2025,-20200,-2775880000,138.9(-0.07 %),53900,7455620000,74100,10231500000,11819640,85.56
26/06/2025,46900,6556230000,138.9(0.00 %),52300,7305840000,5400,749610000,11772740,85.62
27/06/2025,-12200,-1687380000,139(0.07 %),12700,1762700000,24900,3450080000,11792940,85.59
30/06/2025,800,125770000,140.3(0.94 %),35500,4977890000,34700,4852120000,11792182,85.59
01/07/2025,64100,8947470000,140.4(0.07 %),69400,9687390000,5300,739920000,11740299,85.66
02/07/2025,12300,1727690000,140.9(0.36 %),20600,2890820000,8300,1163130000,11727999,85.67
03/07/2025,6400,900210000,139.4(-1.06 %),14100,1983310000,7700,1083100000,11721599,85.68
04/07/2025,5300,741930000,139(-0.29 %),15800,2205400000,10500,1463470000,11716299,85.69
07/07/2025,16500,2311020000,140.3(0.94 %),29100,4059200000,12600,1748180000,11699879,85.71
08/07/2025,3600,396290000,144.9(3.28 %),97300,13906200000,93700,13509910000,11696279,85.71
09/07/2025,-22700,-3259780000,143.9(-0.69 %),24800,3566650000,47500,6826430000,11696179,85.71
10/07/2025,9800,1394210000,142.3(-1.11 %),35200,5038540000,25400,3644330000,11696179,85.71
11/07/2025,23400,3374310000,144.3(1.41 %),57200,8197860000,33800,4823550000,11685664,85.72
14/07/2025,16400,2375890000,144(-0.21 %),25200,3642390000,8800,1266500000,11669264,85.75
15/07/2025,-13900,-1983550000,141.9(-1.46 %),15000,2141110000,28900,4124660000,11669264,85.75
16/07/2025,-2700,-380290000,140.6(-0.92 %),18400,2598220000,21100,2978510000,11669264,85.75
17/07/2025,12100,1700840000,140.3(-0.21 %),71000,9994580000,58900,8293740000,11669264,85.75
18/07/2025,19600,2806440000,142.6(1.64 %),25800,3687250000,6200,880810000,11653679,85.76
21/07/2025,52800,7688040000,145.9(2.31 %),66600,9692490000,13800,2004450000,11600479,85.83
22/07/2025,-32100,-4617170000,143.8(-1.44 %),1600,230050000,33700,4847220000,11600479,85.83
23/07/2025,27900,4026420000,144.1(0.21 %),38300,5526080000,10400,1499660000,11572579,85.86
24/07/2025,10200,1489560000,146(1.32 %),28800,4221100000,18600,2731540000,11594529,85.84
25/07/2025,18500,2700500000,145.3(-0.48 %),32000,4670390000,13500,1969890000,11576025,85.86
28/07/2025,-49300,-7073920000,143.4(-1.31 %),21600,3097970000,70900,10171890000,11575625,85.86
29/07/2025,4200,585880000,143.3(-0.07 %),27600,3989740000,23400,3403860000,11571225,85.86
30/07/2025,-22700,-3231110000,142.6(-0.49 %),1200,172020000,23900,3403130000,11620525,85.8
31/07/2025,-2900,-407970000,140.7(-1.33 %),15300,2160310000,18200,2568280000,11620525,85.8
01/08/2025,-3100,-439080000,140.7(0.00 %),5500,775870000,8600,1214950000,11643315,85.78
04/08/2025,1000,140610000,141.1(0.28 %),6400,906530000,5400,765920000,11645214,85.77
05/08/2025,-77000,-10870510000,140.7(-0.28 %),24000,3392090000,101000,14262600000,11648314,85.77
06/08/2025,-10600,-1492040000,141.1(0.28 %),2000,281040000,12600,1773080000,11648314,85.77
07/08/2025,-120700,-16985360000,141.9(0.57 %),7200,1018880000,127900,18004240000,11725208,85.68
08/08/2025,3800,540200000,141.8(-0.07 %),17500,2477370000,13700,1937170000,11732008,85.67
11/08/2025,-18900,-2655390000,140.7(-0.78 %),14300,2017730000,33200,4673120000,11852658,85.52
12/08/2025,-102700,-14393250000,140.5(-0.14 %),45000,6318080000,147700,20711330000,11852658,85.52
13/08/2025,-41000,-5708640000,139.4(-0.78 %),16300,2275630000,57300,7984270000,11871554,85.5
14/08/2025,-184900,-25509140000,137.6(-1.29 %),82800,11412340000,267700,36921480000,11974254,85.37
15/08/2025,-139600,-19041200000,135.5(-1.53 %),85400,11635270000,225000,30676470000,12014944,85.32
18/08/2025,-700,-95190000,135.9(0.30 %),14300,1942430000,15000,2037620000,12199842,85.1
19/08/2025,-15400,-2079030000,136(0.07 %),37700,5102440000,53100,7181470000,12339422,84.93
20/08/2025,-144300,-19264180000,132.6(-2.50 %),38100,5086640000,182400,24350820000,12337822,84.93
21/08/2025,-70800,-9363500000,131(-1.21 %),73900,9764840000,144700,19128340000,12352772,84.91
22/08/2025,36500,4848720000,134.5(2.67 %),64100,8496890000,27600,3648170000,12352772,84.91
25/08/2025,44600,6126520000,138(2.60 %),50000,6866090000,5400,739570000,12460542,84.78
26/08/2025,30000,4137360000,0(-100.00 %),38100,5252490000,8100,1115130000,12486488,84.75
