Ngay,KLGDRong,GTDGRong,ThayDoi,KLMua,GtMua,KLBan,GtBan,RoomConLai,DangSoHuu
25/09/2018,-126200,-2638270000,21(40.00 %),14000,292960000,140200,2931230000,1141693512,-1.88
26/09/2018,100,2390000,23.9(14.90 %),100,2390000,0,0,1141693412,0.0
27/09/2018,-15000,-411000000,27.4(14.64 %),0,0,15000,411000000,1141693412,-1.88
28/09/2018,-105400,-3095750000,28.2(2.92 %),16600,479750000,122000,3575500000,1141817012,-1.89
01/10/2018,-4400,-136500000,26.8(-8.53 %),10100,271640000,14500,408140000,1141806912,0.0
02/10/2018,4600,120430000,26(-4.06 %),4600,120430000,0,0,1141802312,0.0
03/10/2018,4850,120920000,23.5(-10.31 %),8150,197690000,3300,76770000,1141797462,0.0
04/10/2018,4850,120920000,23.6(-1.26 %),8150,197690000,3300,76770000,1141792612,0.0
05/10/2018,700,16320000,25.5(9.91 %),6700,169020000,6000,152700000,1141934932,-1.89
08/10/2018,-1000,-24100000,24.8(-1.20 %),2000,50300000,3000,74400000,1141935932,0.0
09/10/2018,1900,44770000,24.4(-2.40 %),7200,173240000,5300,128470000,1141929432,-1.89
10/10/2018,-1400,-33000000,23.5(-2.49 %),1100,26080000,2500,59080000,1141934332,-1.89
11/10/2018,17000,373300000,21.4(-9.32 %),19000,418000000,2000,44700000,1141918332,-1.89
12/10/2018,24300,515780000,23(5.50 %),28800,616530000,4500,100750000,1141894832,-1.89
15/10/2018,11650,266040000,22.7(3.18 %),17800,406760000,6150,140720000,1141879532,-1.89
16/10/2018,-1000,-22820000,22.8(0.00 %),110,2478000,1110,25298000,1141881422,-1.89
17/10/2018,34700,786910000,22.7(0.44 %),37200,843810000,2500,56900000,1141848722,-1.89
18/10/2018,10200,227450000,22.4(-1.32 %),10200,227450000,0,0,1141844672,-1.89
19/10/2018,7300,157060000,21.9(-1.79 %),11800,254360000,4500,97300000,1141833982,-1.89
22/10/2018,1200,26660000,21.5(0.00 %),1200,26660000,0,0,1141835282,-1.89
23/10/2018,6000,126490000,21.2(-2.30 %),6000,126490000,0,0,1141829282,-1.89
24/10/2018,-11725,-236723500,20.2(-5.16 %),2000,41240000,13725,277963500,1141831782,-1.89
25/10/2018,9000,172720000,19.2(-5.88 %),9000,172720000,0,0,1141822782,-1.89
26/10/2018,3300,63220000,19.1(0.53 %),4500,87150000,1200,23930000,1141818282,-1.89
29/10/2018,53000,1007000000,19(-2.06 %),53000,1007000000,0,0,1141779007,-1.89
30/10/2018,1700,32150000,18.8(-1.05 %),2100,39690000,400,7540000,1141776907,-1.89
31/10/2018,3000,55900000,18.1(-4.23 %),3000,55900000,0,0,1141775107,-1.89
01/11/2018,4900,87160000,17.3(-6.99 %),4900,87160000,0,0,1141770207,-1.89
02/11/2018,5000,84000000,17.1(-3.93 %),6000,101100000,1000,17100000,1141764607,-1.89
05/11/2018,1800,32440000,18(6.51 %),1800,32440000,0,0,1141762807,-1.88
06/11/2018,11200,206560000,18.1(1.12 %),11200,206560000,0,0,1141751607,-1.88
07/11/2018,3200,57140000,18(-1.64 %),3200,57140000,0,0,1141749407,-1.88
08/11/2018,8100,145050000,17.9(0.56 %),8500,152250000,400,7200000,1141740907,-1.88
09/11/2018,2800,49840000,17.7(-1.12 %),2800,49840000,0,0,1141738107,-1.88
12/11/2018,-900,-15620000,17.4(-2.25 %),2600,44740000,3500,60360000,1141735507,-1.88
13/11/2018,5200,90720000,17(-1.16 %),10200,174720000,5000,84000000,1141725707,-1.88
14/11/2018,500,8350000,16.9(0.00 %),500,8350000,0,0,1141725207,-1.88
15/11/2018,9000,152100000,16.6(-1.19 %),9000,152100000,0,0,1141719707,-1.88
16/11/2018,-4000,-67750000,17.2(1.78 %),1400,23520000,5400,91270000,1141723307,-1.88
19/11/2018,2900,49580000,17(0.00 %),2900,49580000,0,0,1141720407,-1.88
20/11/2018,100,1740000,17(-0.58 %),500,8500000,400,6760000,1141719907,-1.88
21/11/2018,400,6700000,16.7(-1.18 %),400,6700000,0,0,1141724907,-1.88
22/11/2018,-9000,-149690000,16.8(0.00 %),11000,184310000,20000,334000000,1141713907,-1.88
23/11/2018,2300,38540000,16.8(0.00 %),2300,38540000,0,0,1141712007,-1.88
26/11/2018,2900,48730000,16.8(0.00 %),2900,48730000,0,0,1141709107,-1.88
27/11/2018,8700,145220000,16.6(-0.60 %),8700,145220000,0,0,1141720407,-1.88
28/11/2018,-16490,-270394000,16.4(-0.61 %),3510,57606000,20000,328000000,1141716897,-1.88
29/11/2018,-3400,-55110000,16.1(-1.83 %),1300,21500000,4700,76610000,1141715597,-1.88
30/11/2018,0,0,16(-1.84 %),0,0,0,0,1141715597,0.0
03/12/2018,1500,23350000,15.8(-0.63 %),10700,169240000,9200,145890000,1141723297,-1.88
04/12/2018,24800,391740000,15.9(0.00 %),40100,633480000,15300,241740000,1141687897,-1.88
05/12/2018,24200,383640000,15.9(0.63 %),28000,444060000,3800,60420000,1141659897,-1.88
06/12/2018,6600,104330000,15.9(0.00 %),6600,104330000,0,0,1141662497,-1.88
07/12/2018,1600,25420000,15.9(0.63 %),1600,25420000,0,0,1141676197,-1.88
10/12/2018,1200,18840000,15.6(-1.89 %),1200,18840000,0,0,1141678797,-1.88
11/12/2018,2900,45070000,15.5(-1.27 %),2900,45070000,0,0,1141675897,-1.88
12/12/2018,28400,438700000,15.5(0.00 %),28400,438700000,0,0,1141647497,-1.88
13/12/2018,-700,-11190000,15.5(0.00 %),700,10790000,1400,21980000,1141646797,-1.88
14/12/2018,-300,-4650000,15.4(-0.65 %),0,0,300,4650000,1141646797,-1.88
17/12/2018,5500,82950000,15(-2.60 %),5500,82950000,0,0,1141641297,-1.88
18/12/2018,6300,86940000,13.9(-7.95 %),6300,86940000,0,0,1141636397,-1.88
19/12/2018,7200,99310000,14(1.45 %),7300,100710000,100,1400000,1141629397,-1.88
20/12/2018,0,0,13.8(-1.43 %),0,0,0,0,1141629397,-1.88
21/12/2018,-13500,-172700000,12.9(-6.52 %),6500,81300000,20000,254000000,1141622897,-1.88
24/12/2018,100,1240000,12.4(-3.12 %),100,1240000,0,0,1141622897,-1.88
25/12/2018,65400,754520000,12(-4.00 %),65900,760390000,500,5870000,1141556997,-1.88
26/12/2018,7600,90580000,12.3(6.03 %),7600,90580000,0,0,1141569397,-1.88
27/12/2018,7350,100195000,13.8(15.00 %),7350,100195000,0,0,1141562047,-1.88
28/12/2018,1800,24430000,13.4(-2.19 %),1800,24430000,0,0,1141560747,-1.88
02/01/2019,5250,71242400,13.2(-3.65 %),5250,71242400,0,0,1549555497,-20.06
03/01/2019,0,0,13(-4.41 %),0,0,0,0,1549555497,0.0
04/01/2019,0,0,12.6(-3.82 %),0,0,0,0,1549555497,0.0
07/01/2019,0,0,13(2.36 %),0,0,0,0,1549555497,0.0
08/01/2019,0,0,13.1(2.34 %),0,0,0,0,1549555497,0.0
10/01/2019,9200,124710000,13.5(1.50 %),9200,124710000,0,0,1549546297,0.0
11/01/2019,41400,575970000,14.3(5.93 %),41400,575970000,0,0,1549504897,0.0
14/01/2019,26200,397240000,15.6(11.43 %),26200,397240000,0,0,1549478697,0.0
15/01/2019,6010,94764000,16(4.58 %),9110,145574000,3100,50810000,1549472687,0.0
16/01/2019,13205,207861000,15.7(-2.48 %),13205,207861000,0,0,1549459482,0.0
17/01/2019,10800,165480000,15.3(-3.77 %),11700,179250000,900,13770000,1549448682,0.0
18/01/2019,1600,24080000,15.3(0.00 %),2000,30200000,400,6120000,1549447082,0.0
21/01/2019,6400,94580000,14.3(-5.92 %),6500,96050000,100,1470000,1549440682,0.0
22/01/2019,4000,57700000,14.7(0.68 %),4000,57700000,0,0,1549436682,0.0
24/01/2019,0,0,15.1(-1.95 %),0,0,0,0,1549436682,0.0
25/01/2019,11800,178180000,15(-2.60 %),11800,178180000,0,0,1549424882,0.0
28/01/2019,12100,180100000,14.8(-1.99 %),12100,180100000,0,0,1549412782,0.0
29/01/2019,8200,119740000,14.8(-0.67 %),8200,119740000,0,0,1549404582,0.0
30/01/2019,100,1460000,15.2(3.40 %),100,1460000,0,0,1549404482,0.0
31/01/2019,5200,79530000,15.4(2.67 %),5500,84150000,300,4620000,1549399282,0.0
01/02/2019,5100,78210000,16.3(7.24 %),8100,125990000,3000,47780000,1549391557,0.0
11/02/2019,3270,55676800,17(5.59 %),11570,195946800,8300,140270000,1549388287,0.0
12/02/2019,-18800,-312120000,16.6(-1.78 %),9700,163050000,28500,475170000,1549407087,0.0
13/02/2019,11100,199550000,18.1(8.38 %),14300,253900000,3200,54350000,1549395987,0.0
14/02/2019,4200,78030000,18.7(6.86 %),10100,187870000,5900,109840000,1549391787,0.0
15/02/2019,11500,214520000,18.3(-1.08 %),16200,299120000,4700,84600000,1549380287,0.0
18/02/2019,12053,235967000,19.4(6.01 %),14653,286657000,2600,50690000,1549368234,0.0
19/02/2019,24800,484920000,18.9(-1.56 %),29900,581490000,5100,96570000,1549343434,0.0
20/02/2019,4000,74130000,18.9(-1.56 %),4200,77950000,200,3820000,1549339434,0.0
21/02/2019,6000,112600000,19(1.60 %),6000,112600000,0,0,1549333434,0.0
22/02/2019,34500,655290000,19(0.00 %),43900,834110000,9400,178820000,1549298934,0.0
25/02/2019,-8880,-167822000,18.6(-2.11 %),11620,217738000,20500,385560000,1549307814,0.0
26/02/2019,-3700,-67130000,18(-4.26 %),12500,225900000,16200,293030000,1549311514,0.0
27/02/2019,-48690,-903984000,18.4(1.66 %),310,5736000,49000,909720000,1549360204,0.0
28/02/2019,7300,138490000,19(2.15 %),20500,391210000,13200,252720000,1549352904,0.13
01/03/2019,-44620,-969212000,21.9(14.66 %),6380,138938000,51000,1108150000,1549287624,0.0
04/03/2019,-17000,-374090000,23(9.00 %),14100,327240000,31100,701330000,1549304624,0.0
05/03/2019,9438,212527000,22(-4.35 %),15938,355447000,6500,142920000,1549295186,0.0
06/03/2019,-9630,-204789000,21.6(-2.70 %),4970,105061000,14600,309850000,1549304816,0.0
07/03/2019,-600,-14000000,21.9(3.30 %),6800,149400000,7400,163400000,1549305416,0.0
08/03/2019,-17500,-396780000,23.3(5.43 %),6000,139200000,23500,535980000,1549322916,0.0
11/03/2019,7800,179961000,23.4(2.18 %),9400,216730000,1600,36769000,1549315116,0.0
12/03/2019,800,18930000,23.3(0.43 %),10100,233610000,9300,214680000,1549314316,0.0
13/03/2019,-24900,-568390000,22.9(-1.29 %),2700,61630000,27600,630020000,1549339216,0.0
14/03/2019,-19600,-480200000,24.7(7.86 %),2700,65310000,22300,545510000,1549358816,0.0
15/03/2019,14500,363260000,25.4(4.96 %),15400,385730000,900,22470000,1549344316,0.0
18/03/2019,46070,1226510000,27.6(9.96 %),46570,1239810000,500,13300000,1549298246,0.01
19/03/2019,-21020,-527900000,25.4(-5.93 %),22680,600980000,43700,1128880000,1549319266,0.0
20/03/2019,5042,129434000,25.9(-0.77 %),11842,302054000,6800,172620000,1549314224,0.0
21/03/2019,27600,722400000,26(2.77 %),27700,725050000,100,2650000,1549286624,0.0
22/03/2019,3700,92810000,25.4(-3.05 %),5000,125730000,1300,32920000,1549282924,0.0
25/03/2019,-20400,-427787000,22.6(-9.96 %),17950,410620000,38350,838407000,1549303324,0.0
26/03/2019,-11603,-252907500,21.9(-4.78 %),11797,264422500,23400,517330000,1549314927,0.0
27/03/2019,-6794,-156842000,23.7(7.73 %),9406,220698000,16200,377540000,1549321721,0.0
28/03/2019,1700,39050000,22.9(-2.55 %),2200,50400000,500,11350000,1549320021,0.0
29/03/2019,6600,156860000,23.5(2.17 %),8100,192430000,1500,35570000,1549313421,0.0
01/04/2019,900,21990000,24.9(4.62 %),2600,64580000,1700,42590000,1549422021,0.0
02/04/2019,-12000,-292190000,24.5(-2.00 %),2200,53450000,14200,345640000,1549434021,0.0
03/04/2019,-3770,-93818400,25(2.04 %),2030,49861600,5800,143680000,1549437791,0.0
04/04/2019,-13800,-346290000,25.2(2.44 %),600,15120000,14400,361410000,1549451591,0.0
05/04/2019,-366,-9099800,25(-1.19 %),134,3350200,500,12450000,1549451957,0.0
08/04/2019,-3814,-95835800,24.8(-0.80 %),115,2845000,3929,98680800,1549455771,0.0
09/04/2019,4539,112082300,24.1(-3.21 %),4539,112082300,0,0,1549451232,0.0
10/04/2019,2736,64581400,23.9(-2.85 %),4236,100281400,1500,35700000,1549448496,0.0
11/04/2019,-700,-16860000,24(0.84 %),300,7140000,1000,24000000,1549449196,0.0
12/04/2019,540,12776000,23.7(-1.25 %),540,12776000,0,0,1549448656,0.0
16/04/2019,2900,66660000,23.4(-1.68 %),6900,159460000,4000,92800000,1549445756,0.0
17/04/2019,2200,50190000,23(-0.43 %),3200,73990000,1000,23800000,1549443556,0.0
18/04/2019,2500,56760000,22.3(-3.88 %),3500,79560000,1000,22800000,1549441056,0.0
19/04/2019,9230,206775000,22.5(0.00 %),9230,206775000,0,0,1549431826,0.0
22/04/2019,-10400,-226920000,22.1(-2.21 %),6100,136080000,16500,363000000,1549442226,0.0
23/04/2019,1640,35920000,21.7(-2.25 %),1640,35920000,0,0,1549440586,0.0
24/04/2019,-670,-14697000,22.2(2.78 %),30,663000,700,15360000,1549441256,0.0
25/04/2019,600,13980000,23.3(5.91 %),1000,23300000,400,9320000,1549440656,0.0
26/04/2019,4100,93890000,23.4(1.30 %),4100,93890000,0,0,1549436556,0.0
02/05/2019,-2900,-66680000,22.8(-1.30 %),100,2320000,3000,69000000,1549439756,0.0
03/05/2019,900,20270000,22.5(-2.60 %),900,20270000,0,0,1549438856,0.0
06/05/2019,1100,24100000,21.9(-3.10 %),1800,39730000,700,15630000,1549437756,0.0
07/05/2019,-400,-8960000,22.6(2.26 %),0,0,400,8960000,1549438156,0.0
08/05/2019,10,-142000,24.1(8.07 %),1310,30788000,1300,30930000,1549438146,0.0
09/05/2019,-2000,-50600000,24.1(2.12 %),6300,153930000,8300,204530000,1549440146,0.0
10/05/2019,-3900,-93360000,24(-1.64 %),16100,384640000,20000,478000000,1549444046,0.0
13/05/2019,11550,290910000,25.2(5.00 %),17800,447140000,6250,156230000,1549432496,0.0
14/05/2019,7503,186456800,25.7(2.39 %),27603,701886800,20100,515430000,1549424993,0.0
15/05/2019,29300,751540000,25.7(0.78 %),44300,1139710000,15000,388170000,1549395693,0.0
16/05/2019,14223,366243400,25.2(-2.70 %),21823,560613400,7600,194370000,1549381470,0.0
17/05/2019,-2200,-54900000,25.2(-0.79 %),2300,58900000,4500,113800000,1549383670,0.0
20/05/2019,-1096,-28269200,25.3(-0.78 %),4304,107730800,5400,136000000,1549384766,0.0
21/05/2019,28606,755212000,26.5(5.58 %),36906,978972000,8300,223760000,1549356160,0.0
22/05/2019,19870,528813000,26.3(-1.50 %),25210,670135000,5340,141322000,1549336290,0.0
23/05/2019,-15700,-412210000,26.5(0.38 %),600,15740000,16300,427950000,1549351990,0.0
24/05/2019,6150,167930500,26.9(2.28 %),7550,205910500,1400,37980000,1549345840,0.0
27/05/2019,50800,1371610000,28(2.94 %),73200,1980130000,22400,608520000,1549295040,0.0
28/05/2019,64630,1866363400,29.2(6.18 %),68130,1967513400,3500,101150000,1549230410,0.0
29/05/2019,20365,596934300,27.8(-3.81 %),24860,728174000,4495,131239700,1549210045,0.0
30/05/2019,5810,157388000,27.2(-5.23 %),12510,343928000,6700,186540000,1549204235,0.0
31/05/2019,-17942,-485801000,26.2(-4.73 %),10058,266299000,28000,752100000,1549222177,0.0
03/06/2019,3000,79310000,26.6(0.00 %),9000,236610000,6000,157300000,1549181877,0.0
04/06/2019,-500,-13400000,26.7(1.52 %),0,0,500,13400000,1549182377,0.0
05/06/2019,-9700,-261490000,26.6(-0.75 %),1300,35110000,11000,296600000,1549192077,0.0
06/06/2019,-3990,-105739000,27(0.00 %),2010,53941000,6000,159680000,1549196067,0.0
07/06/2019,8300,231050000,28.1(4.85 %),10900,302960000,2600,71910000,1549187767,0.0
10/06/2019,-19000,-529500000,27.8(0.72 %),5800,162620000,24800,692120000,1549206767,0.0
11/06/2019,3400,94530000,27.9(-0.36 %),13000,365250000,9600,270720000,1549203367,0.0
12/06/2019,-6780,-188336000,27.2(-2.86 %),2920,81114000,9700,269450000,1549213547,0.0
13/06/2019,-3500,-99880000,27.4(-0.36 %),10500,283620000,14000,383500000,1549217047,0.0
14/06/2019,-200,-6750000,27.4(0.74 %),3600,98050000,3800,104800000,1549217247,0.0
17/06/2019,2410,65525000,28.2(2.92 %),3800,104300000,1390,38775000,1549214837,0.0
18/06/2019,1800,50030000,28.7(2.87 %),3400,95420000,1600,45390000,1549213037,0.0
19/06/2019,-6000,-168360000,28.5(0.35 %),10200,292790000,16200,461150000,1549219037,0.0
20/06/2019,4100,117040000,28(-2.78 %),4100,117040000,0,0,1549214937,0.0
21/06/2019,100,2860000,28(-1.06 %),800,22530000,700,19670000,1549214837,0.0
24/06/2019,3804,106692400,27.9(0.00 %),4204,117932400,400,11240000,1549211033,0.0
25/06/2019,924,25702000,27.9(-0.36 %),924,25702000,0,0,1549210109,0.0
26/06/2019,-9090,-257607000,28.3(1.43 %),8610,244483000,17700,502090000,1549219199,0.0
27/06/2019,400,11160000,27.9(-1.41 %),400,11160000,0,0,1549218799,0.0
28/06/2019,-8790,-240352000,27.2(-2.51 %),1210,32848000,10000,273200000,1549227589,0.0
01/07/2019,9000,243850000,26.9(-1.47 %),10200,276630000,1200,32780000,1549244689,0.0
02/07/2019,4800,129670000,27(0.37 %),4800,129670000,0,0,1549239889,0.0
03/07/2019,5771,155217000,26.5(-2.21 %),5771,155217000,0,0,1549234118,0.0
04/07/2019,-4870,-130611000,26.8(0.00 %),6530,172709000,11400,303320000,1549238988,0.0
05/07/2019,0,0,27.4(2.24 %),0,0,0,0,1549238988,0.0
08/07/2019,3100,84590000,27(-1.10 %),3100,84590000,0,0,1549235888,0.0
09/07/2019,2800,77220000,27.8(2.96 %),3000,82780000,200,5560000,1549233088,0.0
10/07/2019,7539,211853700,28.2(2.17 %),7810,219483000,271,7629300,1549225549,0.0
11/07/2019,-3700,-102640000,27.8(-1.07 %),1300,36360000,5000,139000000,1549229249,0.0
12/07/2019,3700,102180000,27.8(-0.71 %),8200,227730000,4500,125550000,1549225549,0.0
15/07/2019,-20800,-610410000,29.5(6.12 %),3200,93880000,24000,704290000,1549246349,0.0
16/07/2019,2366,68387000,29.3(0.69 %),16900,499790000,14534,431403000,1549243983,0.0
17/07/2019,-9100,-268060000,29.3(-0.68 %),4600,135240000,13700,403300000,1549253083,0.0
18/07/2019,2900,82690000,30.6(4.44 %),17600,528440000,14700,445750000,1549250183,0.0
19/07/2019,-5200,-158790000,28.4(-5.96 %),34200,1047310000,39400,1206100000,1549255383,0.0
22/07/2019,-29100,-831590000,29.5(-1.01 %),2100,61430000,31200,893020000,1549284483,0.0
23/07/2019,-800,-23440000,29.4(1.73 %),3200,93760000,4000,117200000,1549285283,0.0
24/07/2019,-13800,-415020000,30.7(4.78 %),2000,59100000,15800,474120000,1549299083,0.0
25/07/2019,-45180,-1422046000,30.8(2.67 %),22470,699809000,67650,2121855000,1549344263,0.0
26/07/2019,-1900,-59520000,31.1(-0.32 %),3300,100640000,5200,160160000,1549346163,0.0
29/07/2019,-11144,-346507200,31.4(1.95 %),1100,34020000,12244,380527200,1549357307,0.0
30/07/2019,4800,146840000,30.2(-3.21 %),9800,298840000,5000,152000000,1549352507,0.0
31/07/2019,-6700,-199180000,29.9(-1.97 %),800,23910000,7500,223090000,1549359207,0.0
01/08/2019,-6000,-182300000,30.4(2.01 %),1000,30500000,7000,212800000,1549393807,0.0
02/08/2019,-3150,-95849400,33.1(9.24 %),13000,405240000,16150,501089400,1549396957,0.0
05/08/2019,-10800,-362910000,36.5(13.35 %),19700,700690000,30500,1063600000,1549407757,0.0
06/08/2019,-102303,-3838557900,36.5(3.69 %),13800,534150000,116103,4372707900,1549510060,0.0
07/08/2019,-29200,-1017900000,34.8(-6.95 %),14600,515450000,43800,1533350000,1549539260,0.0
08/08/2019,-29067,-1047325500,35.6(1.42 %),11733,427284500,40800,1474610000,1549568327,0.0
09/08/2019,-83273,-2955854800,35.1(-3.04 %),227,8035200,83500,2963890000,1549651600,0.0
12/08/2019,-16900,-593100000,35.1(-1.13 %),300,10500000,17200,603600000,1549668500,0.0
13/08/2019,-19800,-666210000,33.7(-3.99 %),4600,154460000,24400,820670000,1549688300,0.0
14/08/2019,10400,357310000,34.3(2.39 %),11900,409360000,1500,52050000,1549677900,0.0
15/08/2019,8000,275260000,37(7.56 %),13100,454510000,5100,179250000,1549669900,0.0
16/08/2019,22500,842020000,36.9(3.36 %),22700,849520000,200,7500000,1549647400,0.0
19/08/2019,500,18410000,36.9(-1.34 %),600,22100000,100,3690000,1549646900,0.0
20/08/2019,150,5510000,37.1(0.54 %),200,7380000,50,1870000,1549646750,0.0
21/08/2019,-310,-11752000,36.2(-2.69 %),1300,47540000,1610,59292000,1549647060,0.0
22/08/2019,-1266,-45735000,37.6(3.01 %),1204,45986000,2470,91721000,1549648326,0.0
23/08/2019,500,18780000,37.7(1.07 %),500,18780000,0,0,1549647826,0.0
26/08/2019,-4700,-173880000,37.3(-1.06 %),300,11090000,5000,184970000,1549652526,0.0
27/08/2019,2210,82939000,37.3(0.27 %),3410,127699000,1200,44760000,1549650316,0.0
28/08/2019,-16300,-598350000,36.7(-2.65 %),5100,189830000,21400,788180000,1549666616,0.0
29/08/2019,700,25450000,36.1(-2.17 %),700,25450000,0,0,1549665916,0.0
30/08/2019,3200,115060000,35.9(-0.83 %),3200,115060000,0,0,1549662716,0.0
03/09/2019,2891,101190100,34.3(-4.72 %),4760,167436000,1869,66245900,1549677456,0.0
04/09/2019,14200,478780000,33.6(-4.27 %),15800,532040000,1600,53260000,1549663256,0.0
05/09/2019,-5500,-181770000,33(-0.30 %),500,16830000,6000,198600000,1549668756,0.0
06/09/2019,-1900,-54150000,32.3(-3.29 %),7800,259830000,9700,313980000,1549670656,0.0
09/09/2019,9070,278616000,30.3(-7.06 %),9570,294146000,500,15530000,1549661586,0.0
10/09/2019,-9500,-291230000,28.2(-8.14 %),9500,269250000,19000,560480000,1549671086,0.0
11/09/2019,-6300,-184190000,31.9(10.38 %),3700,111990000,10000,296180000,1549677386,0.0
12/09/2019,14500,463360000,32(5.61 %),18000,577260000,3500,113900000,1549662886,0.0
13/09/2019,-3300,-104440000,31.4(-2.79 %),3200,100310000,6500,204750000,1549666186,0.0
16/09/2019,11800,367370000,31.5(-0.32 %),13500,420690000,1700,53320000,1549654386,0.0
17/09/2019,7300,225970000,31.2(-0.32 %),7300,225970000,0,0,1549647086,0.0
18/09/2019,15800,493420000,31.8(2.25 %),17200,537340000,1400,43920000,1549631286,0.0
19/09/2019,1800,57450000,31.8(0.63 %),4800,152320000,3000,94870000,1549629486,0.0
20/09/2019,2900,91640000,31.6(0.00 %),3400,107440000,500,15800000,1549626586,0.0
23/09/2019,-17400,-540970000,30.9(-2.52 %),200,6230000,17600,547200000,1549643986,0.0
24/09/2019,2400,72690000,30.5(-1.93 %),4000,121650000,1600,48960000,1549641586,0.0
25/09/2019,-4230,-128230000,31(1.64 %),0,0,4230,128230000,1549645816,0.0
26/09/2019,-3000,-92700000,31(0.65 %),0,0,3000,92700000,1549648816,0.0
27/09/2019,-100,-3040000,31.1(0.32 %),300,9360000,400,12400000,1549648916,0.0
30/09/2019,-7980,-261760000,33.1(6.09 %),20,650000,8000,262410000,1549656896,0.0
01/10/2019,1930,63846000,33(1.23 %),1930,63846000,0,0,1549648435,0.0
02/10/2019,1550,50510000,32.4(-2.11 %),1600,52150000,50,1640000,1549646885,0.0
03/10/2019,2411,76903900,32(-1.84 %),2711,86443900,300,9540000,1549644474,0.0
04/10/2019,450,14775000,32.8(3.14 %),1400,46040000,950,31265000,1549644024,0.0
07/10/2019,1719,55919400,32.3(-1.82 %),1719,55919400,0,0,1549642305,0.0
08/10/2019,6800,217620000,32.3(-0.62 %),6800,217620000,0,0,1549635505,0.0
09/10/2019,9100,305940000,33.6(4.35 %),9600,322740000,500,16800000,1549626405,0.0
10/10/2019,1950,65760000,33.4(0.00 %),2000,67450000,50,1690000,1549624455,0.0
11/10/2019,300,9900000,33.3(-1.19 %),300,9900000,0,0,1549624155,0.0
14/10/2019,510,17208000,33.4(0.60 %),1010,34158000,500,16950000,1549623645,0.0
15/10/2019,13500,442190000,33.7(0.00 %),13500,442190000,0,0,1549610145,0.0
16/10/2019,1500,48940000,32.6(0.00 %),1500,48940000,0,0,1549608645,0.0
17/10/2019,-9800,-313540000,32.3(-0.92 %),200,6460000,10000,320000000,1549618445,0.0
18/10/2019,700,22400000,31.9(-0.93 %),700,22400000,0,0,1549617745,0.0
21/10/2019,11550,364295000,31.5(-1.87 %),21200,667750000,9650,303455000,1549606195,0.0
22/10/2019,-30,-951000,31.6(0.32 %),0,0,30,951000,1549606225,0.0
23/10/2019,450,14350000,31.9(0.95 %),500,15950000,50,1600000,1549605775,0.0
24/10/2019,1000,32100000,32.7(2.51 %),1000,32100000,0,0,1549604775,0.0
25/10/2019,300,9840000,32.4(0.31 %),300,9840000,0,0,1549604475,0.0
28/10/2019,700,22540000,32.1(-1.23 %),1200,38590000,500,16050000,1549603775,0.0
29/10/2019,1100,35160000,31.7(-1.55 %),1400,44700000,300,9540000,1549602675,0.0
30/10/2019,1170,37064900,31.9(0.00 %),1200,38020000,30,955100,1549601505,0.0
31/10/2019,500,15940000,32.1(1.26 %),600,19200000,100,3260000,1549601005,0.0
01/11/2019,22000,706120000,32.1(-1.23 %),22000,706120000,0,0,1549587275,0.0
04/11/2019,-900,-28250000,31.4(-2.18 %),600,18950000,1500,47200000,1549588175,0.0
05/11/2019,-2200,-69710000,31.7(0.32 %),2500,79220000,4700,148930000,1549590375,0.0
06/11/2019,400,12680000,31.7(0.32 %),400,12680000,0,0,1549589975,0.0
07/11/2019,7800,247260000,31.8(-0.31 %),7800,247260000,0,0,1549582175,0.0
08/11/2019,-1700,-54190000,31.7(0.32 %),700,22190000,2400,76380000,1549583875,0.0
11/11/2019,-500,-15800000,31.5(-0.94 %),100,3160000,600,18960000,1549584375,0.0
12/11/2019,-18990,-595334000,31.5(-0.32 %),1010,31816000,20000,627150000,1549603365,0.0
13/11/2019,0,0,31.4(0.00 %),0,0,0,0,1549603365,0.0
14/11/2019,2700,82630000,30.4(-2.88 %),2700,82630000,0,0,1549600665,0.0
15/11/2019,10829,323240000,30(-2.28 %),20829,623220000,10000,299980000,1549589836,0.0
18/11/2019,5640,164612000,29.2(-2.34 %),5640,164612000,0,0,1549584196,0.0
19/11/2019,7600,227580000,29.8(1.71 %),7600,227580000,0,0,1549576596,0.0
20/11/2019,1000,29500000,29.9(1.01 %),1000,29500000,0,0,1549575596,0.0
21/11/2019,500,14790000,29.4(-1.34 %),500,14790000,0,0,1549575096,0.0
22/11/2019,2090,60487000,28.5(-3.39 %),2090,60487000,0,0,1549573006,0.0
25/11/2019,6500,182440000,28(-3.45 %),6500,182440000,0,0,1549566506,0.0
26/11/2019,5220,146231000,28(-0.36 %),6220,174231000,1000,28000000,1549561286,0.0
27/11/2019,-12200,-332880000,26.9(-3.93 %),400,10810000,12600,343690000,1549573486,0.0
28/11/2019,-45900,-1226430000,26.5(-2.93 %),5100,135270000,51000,1361700000,1549619386,0.0
29/11/2019,400,10780000,26.9(0.75 %),1400,37580000,1000,26800000,1549618986,0.0
02/12/2019,3500,92600000,26.6(0.00 %),4300,113700000,800,21100000,1549562816,0.0
03/12/2019,-6900,-165710000,24.4(-5.43 %),8200,202620000,15100,368330000,1549569716,0.0
04/12/2019,700,16830000,25.3(3.27 %),1700,42030000,1000,25200000,1549569016,0.0
05/12/2019,4700,120530000,25(1.21 %),4700,120530000,0,0,1549564316,0.0
06/12/2019,6900,172990000,25.1(-1.57 %),6900,172990000,0,0,1549557416,0.0
09/12/2019,-8200,-203470000,24.8(-0.80 %),100,2500000,8300,205970000,1549565616,0.0
10/12/2019,-7160,-172322000,24.1(-2.43 %),1540,37078000,8700,209400000,1549572776,0.0
11/12/2019,16100,422200000,26.3(8.68 %),16500,432560000,400,10360000,1549556676,0.0
12/12/2019,2900,78320000,26.8(5.10 %),3400,91720000,500,13400000,1549553776,0.0
13/12/2019,7350,198415000,26.5(-1.49 %),7400,199760000,50,1345000,1549546426,0.0
16/12/2019,-3600,-93500000,25.9(-3.00 %),400,10500000,4000,104000000,1549550026,0.0
17/12/2019,0,0,25.7(-0.77 %),0,0,0,0,1549550026,0.0
18/12/2019,700,17620000,25(-2.72 %),1700,42820000,1000,25200000,1549549326,0.0
19/12/2019,400,10080000,25.2(-0.40 %),400,10080000,0,0,1549548926,0.0
20/12/2019,-3685,-92122000,25.2(0.40 %),315,7878000,4000,100000000,1549552611,0.0
23/12/2019,0,200000,25(-0.40 %),1000,25300000,1000,25100000,1549552611,0.0
24/12/2019,-900,-22480000,24.7(-1.59 %),0,0,900,22480000,1549553511,0.0
25/12/2019,1000,24800000,24.6(-0.81 %),1000,24800000,0,0,1549552511,0.0
26/12/2019,700,17080000,25.2(2.44 %),1000,24700000,300,7620000,1549551811,0.0
27/12/2019,-200,-4890000,25(-0.79 %),300,7560000,500,12450000,1549552011,0.0
30/12/2019,4500,112500000,25(0.00 %),4500,112500000,0,0,1549547511,0.0
31/12/2019,-6000,-149130000,24.7(-1.20 %),0,0,6000,149130000,1549553511,0.0
02/01/2020,-600,-14890000,25.3(2.85 %),700,17640000,1300,32530000,1549599611,0.0
03/01/2020,-700,-18290000,25(-0.40 %),1400,34840000,2100,53130000,1549600311,0.0
06/01/2020,-1100,-27060000,24.6(-1.60 %),1000,24540000,2100,51600000,1549601411,0.0
07/01/2020,-18000,-441000000,24.5(-0.41 %),100,2450000,18100,443450000,1549619411,0.0
08/01/2020,2500,58210000,23.2(-4.92 %),3200,74520000,700,16310000,1549616911,0.0
09/01/2020,300,6870000,23.2(-0.85 %),300,6870000,0,0,1549616611,0.0
10/01/2020,-20800,-482410000,23.1(-0.43 %),1000,23350000,21800,505760000,1549637411,0.0
13/01/2020,0,0,22.7(-2.16 %),0,0,0,0,1549637411,0.0
14/01/2020,-3070,-72559000,23.7(3.49 %),130,2981000,3200,75540000,1549640481,0.0
15/01/2020,-930,-22523000,24.2(3.42 %),170,4097000,1100,26620000,1549641411,0.0
16/01/2020,50,1225000,24.5(1.66 %),50,1225000,0,0,1549644361,-1.91
17/01/2020,523,12656600,24.1(-1.63 %),523,12656600,0,0,1549647038,-1.91
20/01/2020,8350,201775000,24.2(0.41 %),8350,201775000,0,0,1549639788,-1.91
21/01/2020,-1970,-50438000,25.8(6.61 %),30,762000,2000,51200000,1549639758,-1.91
22/01/2020,927,24020200,26.6(4.72 %),1000,25940000,73,1919800,1549638831,0.0
30/01/2020,3200,82180000,25.5(-2.67 %),3500,89800000,300,7620000,1549635631,0.0
31/01/2020,2146,55587600,25(-1.96 %),2146,55587600,0,0,1549633485,0.0
03/02/2020,2320,55212000,23.6(-8.17 %),6320,146172000,4000,90960000,1549628865,0.0
04/02/2020,1800,42670000,24.2(4.76 %),2300,54570000,500,11900000,1549627065,0.0
05/02/2020,4500,111300000,24.6(2.93 %),5500,136100000,1000,24800000,1549622565,0.0
06/02/2020,3200,79360000,25.1(1.62 %),5100,127240000,1900,47880000,1549619365,0.0
07/02/2020,3600,92200000,25.6(1.99 %),3800,97300000,200,5100000,1549615765,0.0
10/02/2020,660,16664000,25.3(-0.78 %),660,16664000,0,0,1549615105,0.0
11/02/2020,-12400,-342160000,27.9(10.71 %),2900,79660000,15300,421820000,1549627505,0.0
12/02/2020,-2000,-57390000,27.9(1.82 %),9600,268370000,11600,325760000,1549629505,0.0
13/02/2020,4380,123878000,28.2(1.08 %),4800,135640000,420,11762000,1549625125,0.0
14/02/2020,24700,695150000,28.3(0.35 %),31700,891350000,7000,196200000,1549600425,0.0
17/02/2020,13300,390090000,29.4(4.63 %),13600,398880000,300,8790000,1549587125,0.0
18/02/2020,2947,86578600,28.7(-2.05 %),3947,115678600,1000,29100000,1549584178,0.0
19/02/2020,11100,322090000,30.1(3.79 %),19200,561720000,8100,239630000,1549573078,0.0
20/02/2020,4800,144110000,30(1.69 %),4800,144110000,0,0,1549568278,0.0
21/02/2020,-27070,-796377000,29.2(-2.99 %),1230,36193000,28300,832570000,1549595348,0.0
24/02/2020,4290,116302000,26.1(-10.92 %),12090,327002000,7800,210700000,1549591058,0.0
25/02/2020,-2950,-86435000,27.8(2.58 %),7050,191565000,10000,278000000,1549594008,0.0
26/02/2020,-8390,-232651000,27.9(3.33 %),6610,181949000,15000,414600000,1549602398,0.0
27/02/2020,2900,80490000,27.9(1.09 %),5000,138750000,2100,58260000,1549599498,0.0
28/02/2020,-3000,-81000000,27.3(-1.44 %),0,0,3000,81000000,1549602498,0.0
02/03/2020,100,1040000,26.9(-1.10 %),5100,135140000,5000,134100000,1549596598,0.0
03/03/2020,5600,155370000,27.6(2.99 %),7600,210570000,2000,55200000,1549590998,0.0
04/03/2020,-3900,-106070000,27.3(-1.44 %),1000,27050000,4900,133120000,1549594898,0.0
05/03/2020,-3300,-92850000,27.5(1.48 %),700,19150000,4000,112000000,1549598198,0.0
06/03/2020,-900,-24560000,27.5(-0.36 %),1500,41050000,2400,65610000,1549599098,0.0
09/03/2020,-12600,-314840000,23.7(-12.87 %),3600,87240000,16200,402080000,1549611698,0.0
10/03/2020,-3000,-66800000,24.8(0.40 %),3900,95260000,6900,162060000,1549614698,0.0
11/03/2020,0,0,0(0.00 %),0,0,0,0,1549614698,0.0
12/03/2020,0,0,22.3(-9.35 %),0,0,0,0,1549614698,0.0
13/03/2020,-2040,-42277000,21.8(-2.68 %),5310,104843000,7350,147120000,1549616738,0.0
16/03/2020,2500,55600000,21.9(5.80 %),3600,79820000,1100,24220000,1549614238,0.0
17/03/2020,1810,38869000,22.1(0.00 %),4210,90879000,2400,52010000,1549612428,0.0
18/03/2020,-7600,-169668000,22.4(3.23 %),4100,94092000,11700,263760000,1549620028,0.0
19/03/2020,-52300,-1131700000,21.8(-3.96 %),5000,109100000,57300,1240800000,1549672328,0.0
20/03/2020,25700,567050000,22(1.38 %),26000,573670000,300,6620000,1549646628,0.0
23/03/2020,21210,418992000,19(-13.64 %),23110,457042000,1900,38050000,1549625418,0.0
24/03/2020,8300,166170000,20.4(2.51 %),11000,220600000,2700,54430000,1549617118,0.0
25/03/2020,6600,139920000,21.8(9.00 %),7600,161320000,1000,21400000,1549610518,0.0
26/03/2020,-9900,-205260000,20.4(-5.12 %),2600,54090000,12500,259350000,1549620418,0.0
27/03/2020,0,-70000,20(-3.85 %),6500,130680000,6500,130750000,1549620418,0.0
30/03/2020,-300,-4530000,19.3(-4.46 %),11000,209900000,11300,214430000,1549620718,0.0
31/03/2020,3100,58910000,19.4(2.11 %),8200,157490000,5100,98580000,1549617618,0.09
01/04/2020,2500,46900000,20.1(3.61 %),3000,56800000,500,9900000,1549610468,0.0
03/04/2020,-10800,-221540000,20.8(4.52 %),1900,38570000,12700,260110000,1549621268,0.0
06/04/2020,-13596,-295776500,22.3(8.25 %),5604,123103500,19200,418880000,1549634864,0.0
07/04/2020,13900,313030000,22.6(3.20 %),13900,313030000,0,0,1549620964,0.0
08/04/2020,-8560,-187990000,22.4(-0.44 %),340,7510000,8900,195500000,1549629524,0.0
09/04/2020,-500,-11370000,22.5(1.81 %),700,15770000,1200,27140000,1549630024,0.0
10/04/2020,-1240,-27447000,21.9(-2.67 %),3410,76023000,4650,103470000,1549631264,0.09
13/04/2020,1430,30892000,22.3(0.45 %),2430,53592000,1000,22700000,1549629834,0.0
14/04/2020,-7800,-187060000,25.4(13.39 %),800,19000000,8600,206060000,1549637634,0.0
15/04/2020,3800,107120000,25.9(7.47 %),11800,314120000,8000,207000000,1549633834,0.0
16/04/2020,11300,295500000,26.3(0.00 %),11300,295500000,0,0,1549622534,0.0
17/04/2020,5470,145932000,26.4(1.54 %),6070,161882000,600,15950000,1549617064,0.0
20/04/2020,5100,135020000,26.3(-1.13 %),9100,240220000,4000,105200000,1549611964,0.0
21/04/2020,-8900,-231770000,24.4(-6.51 %),10800,266330000,19700,498100000,1549620864,0.0
22/04/2020,10200,249870000,25.7(3.21 %),13300,324580000,3100,74710000,1549610664,0.0
23/04/2020,1200,30940000,25.6(3.23 %),2200,57140000,1000,26200000,1549609464,0.0
24/04/2020,-6990,-181936000,26.2(1.16 %),2010,52064000,9000,234000000,1549616454,0.0
27/04/2020,125,3197500,26.1(0.00 %),725,19097500,600,15900000,1549616329,0.0
28/04/2020,18000,464020000,25.8(-2.27 %),18000,464020000,0,0,1549598329,0.0
29/04/2020,800,20640000,25.8(0.00 %),2800,72640000,2000,52000000,1549597529,0.0
04/05/2020,1600,41230000,25.7(-0.77 %),2100,54180000,500,12950000,1549610329,0.0
05/05/2020,1500,38200000,25.6(-0.39 %),1500,38200000,0,0,1549608829,0.0
06/05/2020,8900,230490000,26.4(3.53 %),10000,259000000,1100,28510000,1549600829,-1.91
07/05/2020,10100,274160000,27.9(6.90 %),11100,301750000,1000,27590000,1549590729,0.0
08/05/2020,18400,514050000,27.5(-0.36 %),20400,569850000,2000,55800000,1549572329,0.0
11/05/2020,500,13610000,27.9(0.00 %),500,13610000,0,0,1549571829,0.0
12/05/2020,-21500,-601880000,28(2.19 %),1500,41850000,23000,643730000,1549593329,0.0
13/05/2020,-10599,-298752000,27.7(-0.36 %),601,16848000,11200,315600000,1549603928,0.0
14/05/2020,-14000,-382370000,27.2(-2.51 %),2100,58140000,16100,440510000,1549617928,0.0
15/05/2020,1000,27100000,27.2(-0.73 %),1000,27100000,0,0,1549616928,0.0
18/05/2020,-15400,-438320000,28.6(5.15 %),15000,430500000,30400,868820000,1549632328,0.0
19/05/2020,-1800,-51330000,28.1(-1.06 %),6000,170000000,7800,221330000,1549634128,0.0
20/05/2020,-21292,-657734400,30.7(8.10 %),2008,61245600,23300,718980000,1549655420,0.0
21/05/2020,700,19200000,30(-1.64 %),10000,300000000,9300,280800000,1549654720,0.0
22/05/2020,-10800,-318720000,29.8(-1.32 %),7300,218970000,18100,537690000,1549665520,0.0
25/05/2020,16730,501969000,30.2(1.00 %),21300,639840000,4570,137871000,1549648790,0.0
26/05/2020,700,21200000,30.2(0.33 %),700,21200000,0,0,1549648090,0.0
27/05/2020,4800,145150000,29.6(-2.63 %),9300,281510000,4500,136360000,1549643290,0.0
28/05/2020,21100,626140000,29.6(-1.99 %),21100,626140000,0,0,1549622190,0.0
29/05/2020,1300,38470000,29.6(0.00 %),1400,41440000,100,2970000,1549620890,0.09
01/06/2020,-10890,-331765000,30.7(3.37 %),4710,144085000,15600,475850000,1549617680,0.0
02/06/2020,-7100,-213940000,30.1(-1.63 %),8900,272460000,16000,486400000,1549624780,0.0
03/06/2020,-21000,-628850000,30(-1.96 %),1500,44950000,22500,673800000,1549645780,0.0
04/06/2020,-15630,-474949000,30(0.00 %),7700,232340000,23330,707289000,1549661410,0.0
05/06/2020,-1100,-32810000,30.8(1.99 %),1300,39240000,2400,72050000,1549662510,0.0
08/06/2020,3000,94170000,31.4(3.29 %),3100,97300000,100,3130000,1549659510,0.0
09/06/2020,-4690,-142728000,30.8(-1.60 %),10310,320672000,15000,463400000,1549664200,0.0
10/06/2020,1100,34148000,30.5(-1.61 %),1310,40536000,210,6388000,1549663100,0.0
11/06/2020,54950,1562707000,28.1(-8.17 %),61550,1754417000,6600,191710000,1549608150,0.0
12/06/2020,40700,1143440000,28.5(-2.73 %),48200,1348980000,7500,205540000,1549567450,0.0
15/06/2020,-1000,-26920000,27.1(-3.21 %),2300,63840000,3300,90760000,1549568450,0.0
16/06/2020,11100,311590000,28.2(1.81 %),11100,311590000,0,0,1549557350,0.0
17/06/2020,5600,156660000,27.8(-0.71 %),5700,159460000,100,2800000,1549551750,0.0
18/06/2020,9400,260230000,27.8(-0.36 %),9400,260230000,0,0,1549542350,0.0
19/06/2020,1200,30720000,28.7(3.99 %),9200,257620000,8000,226900000,1549541150,0.0
22/06/2020,7100,203420000,28.9(2.12 %),10700,306930000,3600,103510000,1549534050,0.0
23/06/2020,-1200,-34140000,28.6(-0.35 %),1800,51660000,3000,85800000,1549535250,0.0
24/06/2020,-1000,-28560000,28(-2.10 %),2600,73320000,3600,101880000,1549536250,0.0
25/06/2020,4000,111030000,27.9(-1.06 %),5000,138730000,1000,27700000,1549540350,-1.91
26/06/2020,800,22340000,27.9(0.72 %),1800,50640000,1000,28300000,1549539550,0.0
29/06/2020,3200,86530000,27(-3.23 %),4200,114230000,1000,27700000,1549536350,0.0
30/06/2020,5400,146260000,27(-0.74 %),5400,146260000,0,0,1549530950,0.0
01/07/2020,900,24670000,27.6(2.22 %),900,24670000,0,0,1549536650,0.0
02/07/2020,-500,-14070000,27.9(2.20 %),500,13930000,1000,28000000,1549537150,0.0
03/07/2020,-1100,-30860000,27.7(-0.72 %),400,11140000,1500,42000000,1549538250,0.0
06/07/2020,13500,380680000,28.4(1.79 %),13700,386300000,200,5620000,1549524750,0.0
07/07/2020,1400,39570000,28.2(0.00 %),1600,45250000,200,5680000,1549523350,0.0
08/07/2020,-5900,-172680000,29.3(3.53 %),100,2820000,6000,175500000,1549529250,0.0
09/07/2020,1300,37790000,29.3(1.03 %),1300,37790000,0,0,1549527950,0.0
10/07/2020,-270,-8123000,28.5(-2.40 %),2230,64127000,2500,72250000,1549528220,0.0
13/07/2020,-700,-20150000,28.7(0.00 %),300,8550000,1000,28700000,1549528920,0.0
14/07/2020,-8695,-245997500,28.4(-1.05 %),305,8702500,9000,254700000,1549537615,0.0
15/07/2020,600,17200000,28.7(1.06 %),600,17200000,0,0,1549537015,0.0
16/07/2020,-5121,-145716900,28.6(0.00 %),1100,31650000,6221,177366900,1549542136,0.0
17/07/2020,-39619,-1154489100,29.1(1.75 %),600,17490000,40219,1171979100,1549581755,0.0
20/07/2020,300,8690000,29(-0.34 %),300,8690000,0,0,1549581455,0.0
21/07/2020,1100,31680000,28.9(-1.03 %),1100,31680000,0,0,1549580355,0.0
22/07/2020,4300,124270000,28.3(-2.08 %),4300,124270000,0,0,1549576055,0.0
23/07/2020,-100,-2930000,28.1(-2.09 %),700,19730000,800,22660000,1549576155,0.0
24/07/2020,5000,134440000,26.8(-4.96 %),5000,134440000,0,0,1549571155,0.0
27/07/2020,38800,963890000,24.1(-11.40 %),38800,963890000,0,0,1549532355,0.0
28/07/2020,9700,266840000,26.1(5.24 %),21400,551110000,11700,284270000,1549522655,0.0
29/07/2020,6800,171530000,24.9(-2.35 %),13800,342530000,7000,171000000,1549515855,0.0
30/07/2020,800,20220000,25.2(1.61 %),800,20220000,0,0,1549515055,0.0
31/07/2020,4940,123130000,24.7(-1.98 %),4940,123130000,0,0,1549510115,0.0
03/08/2020,2700,68500000,25.5(2.82 %),3000,76030000,300,7530000,1549508115,0.0
04/08/2020,3300,85400000,26.1(3.57 %),4300,111400000,1000,26000000,1549504815,0.0
05/08/2020,2200,57070000,26.3(1.15 %),2200,57070000,0,0,1549502615,0.0
06/08/2020,800,20960000,26(-0.38 %),800,20960000,0,0,1549501815,0.0
07/08/2020,5150,132330000,26(0.00 %),5450,140100000,300,7770000,1549496665,0.0
10/08/2020,1500,39150000,26.5(2.32 %),1500,39150000,0,0,1549495165,0.0
11/08/2020,1300,34330000,26.3(-0.38 %),1300,34330000,0,0,1549493865,0.0
12/08/2020,4800,126470000,26.4(0.00 %),4800,126470000,0,0,1549489065,0.0
13/08/2020,30,798000,26.5(1.15 %),30,798000,0,0,1549489035,0.0
14/08/2020,5200,141030000,26.9(1.51 %),5200,141030000,0,0,1549483835,0.0
17/08/2020,5700,151790000,26.9(-0.37 %),5700,151790000,0,0,1549478135,0.0
18/08/2020,100,2660000,26.6(-0.37 %),200,5320000,100,2660000,1549478035,0.0
19/08/2020,-1700,-44990000,26.7(0.38 %),400,10660000,2100,55650000,1549479735,0.0
20/08/2020,3200,84590000,26.7(0.38 %),14900,396640000,11700,312050000,1549476535,0.0
21/08/2020,-21700,-581620000,26.9(1.13 %),0,0,21700,581620000,1549498235,0.0
24/08/2020,-4100,-112750000,27.6(2.60 %),800,22000000,4900,134750000,1549502335,0.0
25/08/2020,8900,245290000,27.5(0.00 %),8900,245290000,0,0,1549493435,0.0
26/08/2020,1010,27773000,27.3(-0.73 %),1010,27773000,0,0,1549492425,0.0
27/08/2020,3100,84010000,27.1(-0.37 %),3100,84010000,0,0,1549489325,0.0
28/08/2020,-9600,-261560000,27.2(0.37 %),2600,70860000,12200,332420000,1549498925,0.0
31/08/2020,-6200,-173000000,27.9(2.57 %),0,0,6200,173000000,1549505125,0.0
01/09/2020,16600,464800000,28(0.36 %),16600,464800000,0,0,1549470425,0.0
03/09/2020,-1300,-35430000,28(0.00 %),3700,104710000,5000,140140000,1549471725,0.0
04/09/2020,-15318,-421980400,27.8(-1.07 %),2200,60520000,17518,482500400,1549487043,0.0
07/09/2020,1310,35744000,27.1(-1.45 %),1310,35744000,0,0,1549485733,0.0
08/09/2020,10771,291254100,27.1(-0.73 %),14200,383840000,3429,92585900,1549474962,0.0
10/09/2020,3000,81060000,27.1(1.12 %),3000,81060000,0,0,1549471962,0.0
11/09/2020,65,1760500,27.1(0.00 %),65,1760500,0,0,1549471897,0.0
14/09/2020,290,8087000,27.3(1.11 %),1390,37897000,1100,29810000,1549471607,0.0
15/09/2020,1400,38470000,27.3(0.37 %),1800,49390000,400,10920000,1549470207,0.0
16/09/2020,-1600,-43520000,27.3(-0.36 %),400,10880000,2000,54400000,1549471807,0.0
17/09/2020,600,16320000,27.1(-0.37 %),600,16320000,0,0,1549471207,0.0
18/09/2020,-13200,-357720000,27.1(0.00 %),500,13550000,13700,371270000,1549484407,0.0
21/09/2020,-2300,-62840000,27.4(1.11 %),500,13700000,2800,76540000,1549486707,0.0
22/09/2020,300,8130000,27.1(-0.73 %),300,8130000,0,0,1549486407,0.0
23/09/2020,-2000,-54600000,27.8(2.58 %),0,0,2000,54600000,1549488407,0.0
24/09/2020,-10000,-276400000,27.6(0.36 %),0,0,10000,276400000,1549498407,0.0
25/09/2020,-3200,-88940000,27.6(-1.08 %),0,0,3200,88940000,1549501607,0.0
28/09/2020,418,11453200,27.5(0.00 %),518,14193200,100,2740000,1549501189,0.0
29/09/2020,4960,134797300,27(-1.46 %),5560,151237300,600,16440000,1549496229,0.0
30/09/2020,650,17885000,27.8(2.21 %),1000,27600000,350,9715000,1549495579,0.0
02/10/2020,-1090,-29954000,28(-1.75 %),110,3146000,1200,33100000,1549477519,0.0
05/10/2020,1190,33688000,28.2(-0.35 %),1800,50890000,610,17202000,1549476329,0.0
06/10/2020,3200,90280000,28.4(0.71 %),3200,90280000,0,0,1549473129,0.0
07/10/2020,640,17954000,28.1(-1.06 %),640,17954000,0,0,1549472489,0.0
08/10/2020,1960,54630000,27.9(-0.71 %),1960,54630000,0,0,1549470529,0.0
09/10/2020,2700,75050000,27.7(-1.07 %),2700,75050000,0,0,1549467829,0.0
12/10/2020,32600,894330000,27.4(-1.44 %),32700,897100000,100,2770000,1549435229,0.0
13/10/2020,-5560,-151870000,27.4(-0.72 %),3140,85780000,8700,237650000,1549440789,0.0
14/10/2020,5040,139200000,27.7(1.09 %),5340,147510000,300,8310000,1549435749,0.0
15/10/2020,13740,378094000,27.6(-0.36 %),13840,380844000,100,2750000,1549422009,0.0
16/10/2020,0,-110000,27.6(0.36 %),2100,57850000,2100,57960000,1549422009,0.0
19/10/2020,-2100,-57540000,27.4(-0.36 %),0,0,2100,57540000,1549424109,0.0
20/10/2020,1800,48510000,27.5(0.36 %),10600,290470000,8800,241960000,1549422309,0.0
21/10/2020,2000,55760000,27.8(1.46 %),2000,55760000,0,0,1549420309,0.0
22/10/2020,300,8310000,28.6(2.51 %),300,8310000,0,0,1549420009,0.0
23/10/2020,-80650,-2350670000,29.2(3.91 %),1500,43900000,82150,2394570000,1549500659,0.0
26/10/2020,4400,128050000,28.6(-2.05 %),4400,128050000,0,0,1549496259,0.0
27/10/2020,11300,316340000,28.2(-2.76 %),25000,706020000,13700,389680000,1549484959,0.0
28/10/2020,44330,1221720000,27(-4.93 %),65730,1797920000,21400,576200000,1549440629,0.0
29/10/2020,-20560,-547904000,26.9(-2.18 %),12640,342146000,33200,890050000,1549461189,0.0
30/10/2020,540,14718000,27.6(2.22 %),540,14718000,0,0,1549460649,0.0
02/11/2020,-41790,-1175297000,28(2.56 %),10,283000,41800,1175580000,1549449189,0.0
03/11/2020,-6060,-168822000,27.9(-1.06 %),6640,184448000,12700,353270000,1549455249,0.0
04/11/2020,100,2790000,27.8(-0.71 %),100,2790000,0,0,1549455149,0.0
05/11/2020,90,2502000,27.7(-1.07 %),90,2502000,0,0,1549455059,0.0
06/11/2020,140,3878000,27.5(-0.72 %),140,3878000,0,0,1549454919,0.0
09/11/2020,-2750,-75970000,28.7(4.36 %),1450,40120000,4200,116090000,1549457669,0.0
10/11/2020,740,21060000,28.2(-0.35 %),740,21060000,0,0,1549456929,0.0
11/11/2020,-1290,-36706000,28.3(-0.70 %),710,20094000,2000,56800000,1549458219,0.0
12/11/2020,300,8340000,28.1(-0.71 %),300,8340000,0,0,1549457919,0.0
13/11/2020,-900,-25190000,28(0.72 %),100,2810000,1000,28000000,1549458819,0.0
16/11/2020,700,19400000,27.6(-1.43 %),700,19400000,0,0,1549458119,0.0
17/11/2020,-1000,-27800000,28(0.72 %),0,0,1000,27800000,1549459119,0.0
18/11/2020,0,0,27.7(0.00 %),0,0,0,0,1549459119,0.0
19/11/2020,-5200,-144350000,28(0.72 %),900,24930000,6100,169280000,1549464319,0.0
20/11/2020,-64160,-1899360000,0(0.00 %),5740,169460000,69900,2068820000,1549528479,0.0
24/11/2020,0,0,32(3.56 %),0,0,0,0,1549528479,0.0
25/11/2020,-1500,-46970000,30.7(-3.15 %),16300,506110000,17800,553080000,1549529979,0.0
26/11/2020,4780,145647400,30.7(-0.97 %),8800,267460000,4020,121812600,1549525199,0.0
30/11/2020,15484,478619600,30.9(-0.96 %),16494,510129600,1010,31510000,1549509715,0.0
01/12/2020,6626,205992400,31.4(1.29 %),7670,238264000,1044,32271600,1549602544,0.0
02/12/2020,10000,322090000,32.7(5.83 %),12200,393760000,2200,71670000,1549592544,0.0
03/12/2020,36689,1195668500,32.3(-0.31 %),36849,1200872500,160,5204000,1549555855,0.0
04/12/2020,2400,77090000,32.1(-0.93 %),4200,135060000,1800,57970000,1549553455,0.0
07/12/2020,-81320,-2629763000,32.5(0.93 %),950,30945000,82270,2660708000,1549634775,0.0
08/12/2020,4100,130920000,32.1(-1.53 %),10200,326760000,6100,195840000,1549630675,0.0
09/12/2020,-1690,-54618000,32.2(0.31 %),500,16200000,2190,70818000,1549632365,0.0
10/12/2020,500,16550000,32.7(0.93 %),500,16550000,0,0,1549631865,0.0
11/12/2020,-2000,-65600000,33.5(1.52 %),0,0,2000,65600000,1549633865,0.0
14/12/2020,-800,-25840000,33.5(1.21 %),5700,191740000,6500,217580000,1549634665,0.0
15/12/2020,-17000,-559630000,32.9(-2.08 %),2900,95460000,19900,655090000,1549651665,0.0
17/12/2020,-1790,-58271000,32.6(0.00 %),1010,32629000,2800,90900000,1549653455,0.0
18/12/2020,2200,71580000,32.9(1.23 %),2700,87880000,500,16300000,1549651255,0.0
21/12/2020,-12000,-398400000,33.2(1.84 %),0,0,12000,398400000,1549663255,0.0
22/12/2020,2840,99473000,35.3(6.65 %),8050,281265000,5210,181792000,1549660415,0.0
23/12/2020,7200,248310000,34(-1.73 %),7200,248310000,0,0,1549653215,0.0
24/12/2020,14980,488422000,33.1(-3.50 %),15000,489090000,20,668000,1549638235,0.0
25/12/2020,-955,-32453500,33.7(2.74 %),900,29520000,1855,61973500,1549639190,0.0
28/12/2020,8100,271100000,33.4(0.60 %),9300,311180000,1200,40080000,1549631090,0.0
29/12/2020,-11200,-372130000,33.4(0.00 %),2900,95990000,14100,468120000,1549642290,0.0
31/12/2020,-520,-17372000,33.5(0.60 %),0,0,520,17372000,1549642810,0.0
04/01/2021,-2400,-81360000,34.6(3.90 %),1100,38080000,3500,119440000,1549698744,0.0
05/01/2021,900,30670000,34.4(0.00 %),2200,75340000,1300,44670000,1549697844,0.0
06/01/2021,2700,92970000,34.8(1.46 %),6800,236580000,4100,143610000,1549695144,0.0
07/01/2021,-100,-3410000,35(0.00 %),1100,38150000,1200,41560000,1549695244,0.0
08/01/2021,500,22650000,38(9.51 %),15100,543130000,14600,520480000,1549694744,0.0
11/01/2021,31510,1306797000,41.7(13.62 %),34080,1413153000,2570,106356000,1549663234,0.0
12/01/2021,17500,741400000,43(5.39 %),20100,854120000,2600,112720000,1549645734,0.0
13/01/2021,-15800,-660277500,42.8(-0.23 %),7100,305272500,22900,965550000,1549661534,0.0
14/01/2021,5950,256082500,43.6(2.11 %),7550,325512500,1600,69430000,1549655584,0.0
15/01/2021,17120,750796000,44.5(3.01 %),21120,927846000,4000,177050000,1549638464,0.0
18/01/2021,-25300,-1195700000,47.5(7.95 %),15600,742290000,40900,1937990000,1549663764,0.0
19/01/2021,4413,212145000,44.9(-4.47 %),17113,774025000,12700,561880000,1549659351,0.0
20/01/2021,2810,121266200,46(1.32 %),21310,954026200,18500,832760000,1549656541,0.0
21/01/2021,8100,377040000,47(4.44 %),8200,381740000,100,4700000,1549648441,0.0
22/01/2021,15900,745300000,46.5(0.00 %),23100,1082560000,7200,337260000,1549632541,0.0
25/01/2021,7300,332720000,45.1(-3.84 %),13800,629170000,6500,296450000,1549625241,0.0
26/01/2021,18573,774645000,42(-7.89 %),24683,1038890200,6110,264245200,1549606668,0.0
27/01/2021,18910,739245500,38.2(-10.54 %),21510,846745500,2600,107500000,1549587758,0.0
28/01/2021,20650,716415000,33.8(-14.86 %),22750,788365000,2100,71950000,1549567108,0.0
29/01/2021,13112,479976000,37.9(8.60 %),14212,519576000,1100,39600000,1549553996,0.0
01/02/2021,12100,454320000,35.5(-2.47 %),16300,606560000,4200,152240000,1549538526,0.0
02/02/2021,20000,717440000,37(1.09 %),20200,724540000,200,7100000,1549520426,0.0
03/02/2021,8000,303900000,39.5(10.64 %),8100,307700000,100,3800000,1549512426,0.0
04/02/2021,19100,753740000,39(2.09 %),19400,765380000,300,11640000,1549493326,0.0
05/02/2021,-6000,-231960000,38.3(-2.79 %),15800,603600000,21800,835560000,1549499326,0.0
09/02/2021,16400,619940000,37.9(0.53 %),22700,852510000,6300,232570000,1549457826,-1.91
17/02/2021,-12900,-496620000,38.8(4.02 %),4600,176630000,17500,673250000,1549470726,0.0
18/02/2021,-1461,-51747700,40.9(6.79 %),2539,104012300,4000,155760000,1549459287,0.0
19/02/2021,13900,558860000,41.1(1.23 %),23400,949630000,9500,390770000,1549445387,0.0
22/02/2021,-10000,-408260000,40.4(-1.94 %),3400,138930000,13400,547190000,1549455387,0.0
23/02/2021,-10800,-435310000,40.7(0.00 %),500,20060000,11300,455370000,1549466187,0.0
24/02/2021,5400,216970000,39.8(-1.24 %),5500,220910000,100,3940000,1549460787,0.0
25/02/2021,2300,92150000,39.9(-0.75 %),9700,384450000,7400,292300000,1549458487,0.0
26/02/2021,-2900,-107900000,39.4(-0.76 %),7100,279210000,10000,387110000,1549461387,0.0
01/03/2021,1612,65962400,40.7(4.09 %),2612,105762400,1000,39800000,1549487375,0.0
02/03/2021,-19100,-778470000,40.8(1.75 %),500,20510000,19600,798980000,1549506475,0.0
03/03/2021,-4700,-190230000,40.8(-0.24 %),300,12130000,5000,202360000,1549511175,0.0
04/03/2021,-18900,-815240000,43.5(7.41 %),5000,216200000,23900,1031440000,1549530075,0.0
05/03/2021,-6800,-293700000,43.5(1.64 %),4700,204380000,11500,498080000,1549536875,0.0
08/03/2021,-9200,-402320000,43.5(0.46 %),2800,122630000,12000,524950000,1549546075,0.0
09/03/2021,17600,752100000,42.6(-2.74 %),18300,781990000,700,29890000,1549528475,0.0
10/03/2021,-300,-12980000,43.3(1.41 %),0,0,300,12980000,1549528775,0.0
11/03/2021,38000,1643910000,44(1.38 %),42700,1847420000,4700,203510000,1549490775,0.0
12/03/2021,500,22170000,43.6(0.23 %),4500,197770000,4000,175600000,1549490275,0.0
15/03/2021,415,18398000,44(0.23 %),1365,60133000,950,41735000,1549489860,0.0
16/03/2021,2600,112320000,43.1(-2.49 %),3400,146720000,800,34400000,1549487260,0.0
17/03/2021,21700,918030000,43.5(0.93 %),21700,918030000,0,0,1549465560,0.0
18/03/2021,0,0,43.4(1.64 %),0,0,0,0,1549465560,0.0
19/03/2021,-8300,-361440000,43.5(0.93 %),1100,47850000,9400,409290000,1549473860,0.0
22/03/2021,-2000,-87370000,43.4(-0.46 %),100,4360000,2100,91730000,1549475860,0.0
23/03/2021,100,4310000,42.7(-2.06 %),100,4310000,0,0,1549475760,0.0
24/03/2021,63700,2605530000,40.9(-4.44 %),67000,2743910000,3300,138380000,1549412060,0.0
25/03/2021,-2900,-116260000,39.6(-2.70 %),4200,166820000,7100,283080000,1549414960,0.0
26/03/2021,-2900,-114570000,0(0.00 %),0,0,2900,114570000,1549417860,0.0
29/03/2021,6100,238330000,39.3(2.34 %),6700,261730000,600,23400000,1549411760,0.0
30/03/2021,900,35210000,39(0.00 %),2200,86040000,1300,50830000,1549410860,0.0
31/03/2021,1300,50530000,38.9(-0.51 %),1300,50530000,0,0,1549409560,0.0
01/04/2021,-3600,-149900000,40.3(3.87 %),6000,235900000,9600,385800000,1549422460,0.0
02/04/2021,8900,362150000,40.5(2.27 %),9600,390570000,700,28420000,1549413560,0.0
05/04/2021,45369,1820670700,40.3(-0.74 %),80769,3241990700,35400,1421320000,1549368191,0.0
06/04/2021,13300,528720000,39.8(-1.00 %),13600,540690000,300,11970000,1549354891,0.0
07/04/2021,3100,120380000,39.4(-0.76 %),5600,218510000,2500,98130000,1549351791,0.0
08/04/2021,-6700,-268170000,39.8(1.02 %),300,11830000,7000,280000000,1549358491,0.0
09/04/2021,0,0,0(0.00 %),0,0,0,0,1549358491,0.0
12/04/2021,-1350,-53105000,39.3(-0.76 %),250,9855000,1600,62960000,1549359841,0.0
13/04/2021,23825,922365000,38.1(-3.30 %),23925,926225000,100,3860000,1549336016,0.0
14/04/2021,8800,334270000,38.5(-0.26 %),14500,550840000,5700,216570000,1549327216,0.0
16/04/2021,48600,1794040000,37.2(-2.11 %),51400,1897680000,2800,103640000,1549278616,0.0
19/04/2021,26000,941700000,36.2(-1.63 %),27500,996210000,1500,54510000,1549252616,0.0
20/04/2021,7800,286460000,35.8(-1.38 %),19200,698540000,11400,412080000,1549244816,0.0
22/04/2021,30800,1063260000,33.6(-7.18 %),58300,2025310000,27500,962050000,1549214016,0.0
23/04/2021,6000,199460000,34.5(-0.58 %),7900,264060000,1900,64600000,1549208016,0.0
26/04/2021,-75400,-2546170000,34(0.59 %),5400,185380000,80800,2731550000,1549283416,0.0
27/04/2021,28500,963750000,33.7(-1.17 %),28500,963750000,0,0,1549254916,0.0
28/04/2021,1000,32790000,32.6(-3.26 %),3000,98990000,2000,66200000,1549253916,0.0
29/04/2021,1400,44970000,32(-3.03 %),1400,44970000,0,0,1549252516,0.0
04/05/2021,27900,864450000,30.8(-4.35 %),28400,880050000,500,15600000,1549231604,0.0
05/05/2021,7300,241080000,33.3(7.77 %),7500,247460000,200,6380000,1549224304,0.0
06/05/2021,10100,343360000,34.3(5.86 %),13900,474730000,3800,131370000,1549214204,0.0
07/05/2021,12800,422700000,33(-3.79 %),13300,439400000,500,16700000,1549201404,0.0
10/05/2021,18200,583940000,32.2(-3.30 %),22600,723860000,4400,139920000,1549183204,0.0
11/05/2021,-5800,-190320000,32.7(1.87 %),300,9860000,6100,200180000,1549189004,0.0
12/05/2021,6200,200710000,32.8(-0.30 %),6500,210430000,300,9720000,1549182804,0.0
13/05/2021,800,26280000,32.4(0.00 %),800,26280000,0,0,1549182004,0.0
14/05/2021,4100,131280000,32.3(-0.92 %),4200,134510000,100,3230000,1549177904,0.0
17/05/2021,3100,97120000,31.3(-2.80 %),3900,122720000,800,25600000,1549174804,0.0
18/05/2021,1300,39890000,30.7(-2.54 %),1300,39890000,0,0,1549173504,0.0
19/05/2021,5400,165460000,30.5(-0.65 %),5500,168590000,100,3130000,1549168104,0.0
20/05/2021,11700,345580000,29.4(-4.23 %),11800,348540000,100,2960000,1549156404,0.0
21/05/2021,6100,190660000,31.3(5.74 %),7700,241400000,1600,50740000,1549150304,0.0
24/05/2021,3200,100430000,31.5(1.29 %),3700,116180000,500,15750000,1549147104,0.0
25/05/2021,-4300,-136080000,31.6(0.32 %),700,21920000,5000,158000000,1549151404,0.0
26/05/2021,19300,593080000,30.9(-1.90 %),20900,642430000,1600,49350000,1549132104,0.0
27/05/2021,5300,162260000,30.8(0.00 %),11500,351240000,6200,188980000,1549126804,0.0
28/05/2021,24000,730850000,30.7(0.00 %),24800,755330000,800,24480000,1549102804,0.0
31/05/2021,-9200,-280560000,30.9(1.31 %),10800,336740000,20000,617300000,1549112004,0.0
01/06/2021,3000,92070000,30.7(-1.29 %),3300,101250000,300,9180000,1549090204,0.0
02/06/2021,-33000,-1075640000,33.4(9.15 %),1600,48700000,34600,1124340000,1549123204,0.0
03/06/2021,-28400,-956970000,33.8(4.97 %),6400,218170000,34800,1175140000,1549151604,0.0
04/06/2021,-73300,-2467010000,33.8(-0.59 %),6300,211180000,79600,2678190000,1549224904,0.0
07/06/2021,-2090,-69675000,34.1(1.49 %),910,30925000,3000,100600000,1549226994,0.0
08/06/2021,2700,108570000,33.6(-0.59 %),25900,894750000,23200,786180000,1549224294,0.0
09/06/2021,-25800,-844570000,33.6(-2.33 %),2300,77970000,28100,922540000,1549250094,0.0
10/06/2021,-800,-26860000,33.6(0.60 %),200,6640000,1000,33500000,1549250894,0.0
11/06/2021,-2500,-79650000,34.6(2.98 %),9500,329150000,12000,408800000,1549253394,0.0
14/06/2021,-14900,-530870000,35(1.16 %),6100,215430000,21000,746300000,1549268294,0.0
15/06/2021,-35100,-1213110000,34.6(-2.26 %),1000,34600000,36100,1247710000,1549303394,0.0
16/06/2021,-700,-23980000,33.8(-2.59 %),0,0,700,23980000,1549304094,0.0
17/06/2021,-5000,-171000000,34.6(1.47 %),0,0,5000,171000000,1549309094,0.0
18/06/2021,-18500,-665460000,35.7(4.39 %),0,0,18500,665460000,1549327594,0.0
22/06/2021,-5000,-174500000,34.8(-0.85 %),0,0,5000,174500000,1549332594,0.0
23/06/2021,-2700,-92340000,34.4(-1.71 %),0,0,2700,92340000,1549335294,0.0
24/06/2021,0,0,33.4(-2.62 %),0,0,0,0,1549335294,0.0
25/06/2021,-5000,-162500000,32.6(-2.98 %),0,0,5000,162500000,1549340294,0.0
28/06/2021,-2900,-95890000,33.3(2.15 %),0,0,2900,95890000,1549343194,0.0
29/06/2021,-100,-3330000,33(0.00 %),0,0,100,3330000,1549343294,0.0
30/06/2021,-74700,-2438370000,32.6(-1.81 %),0,0,74700,2438370000,1549417994,0.0
01/07/2021,-20000,-646000000,32.5(-0.61 %),0,0,20000,646000000,1549437994,0.0
02/07/2021,-4000,-128800000,32(-1.23 %),0,0,4000,128800000,1549441994,0.0
05/07/2021,0,0,31(-3.43 %),0,0,0,0,1549441994,0.0
06/07/2021,-310,-9791000,30.4(-2.56 %),0,0,310,9791000,1549442304,0.0
07/07/2021,-2000,-60420000,30.8(-1.28 %),0,0,2000,60420000,1549444304,0.0
08/07/2021,-1500,-46050000,30.4(0.66 %),0,0,1500,46050000,1549444304,-1.9
09/07/2021,-18900,-553770000,29.3(-3.62 %),0,0,18900,553770000,1549463204,0.0
12/07/2021,-15500,-414100000,27.1(-9.06 %),0,0,15500,414100000,1549478704,0.0
13/07/2021,0,0,28(1.82 %),0,0,0,0,1549478704,0.0
14/07/2021,-100,-2740000,28(1.45 %),0,0,100,2740000,1549478804,0.0
15/07/2021,0,0,28.2(1.44 %),0,0,0,0,1549478804,0.0
16/07/2021,0,0,29.3(5.02 %),0,0,0,0,1549478804,0.0
19/07/2021,-500,-13850000,27.7(-4.15 %),0,0,500,13850000,1549479304,0.0
20/07/2021,-1300,-36140000,28.3(1.43 %),0,0,1300,36140000,1549480604,0.0
21/07/2021,0,0,28(0.36 %),0,0,0,0,1549480604,0.0
22/07/2021,-20300,-574490000,28.6(1.06 %),0,0,20300,574490000,1549500904,0.0
23/07/2021,0,0,28.3(-0.35 %),0,0,0,0,1549500904,0.0
26/07/2021,0,0,28.3(-0.35 %),0,0,0,0,1549500904,0.0
27/07/2021,0,0,29.5(5.36 %),0,0,0,0,1549500904,0.0
28/07/2021,-1200,-36480000,30.4(3.75 %),0,0,1200,36480000,1549502104,0.0
29/07/2021,0,0,30.2(-0.98 %),0,0,0,0,1549502104,0.0
30/07/2021,0,0,30(0.00 %),0,0,0,0,1549502104,0.0
02/08/2021,0,0,31.4(4.32 %),0,0,0,0,1549502104,0.0
03/08/2021,0,0,31.1(-0.32 %),0,0,0,0,1549502104,0.0
04/08/2021,0,0,30.9(0.00 %),0,0,0,0,1549502104,0.0
05/08/2021,-1500,-46050000,30.8(-0.65 %),0,0,1500,46050000,1549503604,0.0
06/08/2021,-3500,-107500000,30.5(-0.65 %),0,0,3500,107500000,1549507104,0.0
09/08/2021,0,0,31.4(2.28 %),0,0,0,0,1549507104,0.0
10/08/2021,0,0,31.8(2.25 %),0,0,0,0,1549507104,0.0
11/08/2021,-5000,-163500000,32.7(3.15 %),0,0,5000,163500000,1549512104,0.0
12/08/2021,0,0,32.5(-0.61 %),0,0,0,0,1549512104,0.0
13/08/2021,0,0,32.3(-0.62 %),0,0,0,0,1549512104,-1.91
16/08/2021,0,0,32.8(2.82 %),0,0,0,0,1549512104,0.0
17/08/2021,-200,-6720000,33.5(2.76 %),0,0,200,6720000,1549512304,0.0
18/08/2021,-3000,-99300000,33.1(-1.78 %),0,0,3000,99300000,1549515304,0.0
19/08/2021,0,0,33.2(0.30 %),0,0,0,0,1549515304,0.0
20/08/2021,0,0,31.2(-6.31 %),0,0,0,0,1549515304,0.0
23/08/2021,-2400,-74400000,29.8(-6.88 %),0,0,2400,74400000,1549517704,0.0
24/08/2021,-40000,-1178800000,29.5(-3.28 %),0,0,40000,1178800000,1549557704,0.0
25/08/2021,-111000,-3207150000,29.3(-1.68 %),0,0,111000,3207150000,1549668704,0.0
26/08/2021,0,0,29.5(1.72 %),0,0,0,0,1549668704,0.0
27/08/2021,-20000,-605470000,30.3(1.34 %),0,0,20000,605470000,1549688704,0.0
30/08/2021,-200,-6170000,31(4.03 %),0,0,200,6170000,1549688904,0.0
31/08/2021,-300,-9420000,31.3(1.62 %),0,0,300,9420000,1549689204,0.0
01/09/2021,0,0,31.2(-0.64 %),0,0,0,0,1549689204,0.0
06/09/2021,-3100,-98590000,32.7(5.14 %),0,0,3100,98590000,1549692304,0.0
07/09/2021,0,0,32.3(0.00 %),0,0,0,0,1549692304,0.0
08/09/2021,-700,-22340000,31.8(-2.45 %),0,0,700,22340000,1549693004,0.0
09/09/2021,-100,-3230000,32.6(2.19 %),0,0,100,3230000,1549693104,0.0
10/09/2021,-25200,-879980000,34.8(7.74 %),0,0,25200,879980000,1549718304,0.0
13/09/2021,-4100,-140690000,34.4(0.00 %),0,0,4100,140690000,1549722404,0.0
14/09/2021,-13600,-487990000,36(3.75 %),0,0,13600,487990000,1549736004,0.0
15/09/2021,0,0,35.8(0.00 %),0,0,0,0,1549736004,0.0
16/09/2021,0,0,35.5(-0.56 %),0,0,0,0,1549736004,0.0
17/09/2021,-34000,-1244050000,36.3(2.54 %),0,0,34000,1244050000,1549770004,0.0
20/09/2021,0,0,35.4(-2.21 %),0,0,0,0,1549770004,0.0
21/09/2021,0,0,34.7(-3.07 %),0,0,0,0,1549770004,0.0
22/09/2021,-1100,-38830000,35.2(2.33 %),0,0,1100,38830000,1549771104,0.0
23/09/2021,-10000,-354000000,35(0.57 %),0,0,10000,354000000,1549781104,0.0
24/09/2021,0,0,34.1(-3.12 %),0,0,0,0,1549781104,0.0
27/09/2021,0,0,33.5(-2.90 %),0,0,0,0,1549781104,0.0
28/09/2021,0,0,33.9(2.73 %),0,0,0,0,1549781104,0.0
29/09/2021,0,0,34.2(2.40 %),0,0,0,0,1549781104,0.0
30/09/2021,0,0,34.3(0.59 %),0,0,0,0,1549781104,0.0
01/10/2021,0,0,34.3(0.00 %),0,0,0,0,1549781104,0.0
04/10/2021,0,0,35.5(3.20 %),0,0,0,0,1549781104,0.0
05/10/2021,-16700,-605710000,36.1(2.27 %),0,0,16700,605710000,1549797804,0.0
06/10/2021,0,0,36.1(-0.28 %),0,0,0,0,1549797804,-1.92
07/10/2021,-1600,-57990000,37(2.49 %),0,0,1600,57990000,1549797804,-1.92
08/10/2021,0,0,36.6(-1.08 %),0,0,0,0,1549797804,0.0
11/10/2021,0,0,36.7(-0.27 %),0,0,0,0,1549797804,0.0
12/10/2021,0,0,36.2(-1.63 %),0,0,0,0,1549797804,0.0
13/10/2021,0,0,38(5.26 %),0,0,0,0,1549797804,0.0
14/10/2021,0,0,37.9(2.43 %),0,0,0,0,1549797804,0.0
15/10/2021,0,0,38.2(0.26 %),0,0,0,0,1549797804,0.0
18/10/2021,0,0,38.6(2.12 %),0,0,0,0,1549797804,0.0
19/10/2021,0,0,38.6(0.00 %),0,0,0,0,1549797804,0.0
20/10/2021,0,0,38.3(0.26 %),0,0,0,0,1549797804,0.0
21/10/2021,-200,-7580000,37.8(0.00 %),0,0,200,7580000,1549798004,0.0
22/10/2021,0,0,37.5(-0.27 %),0,0,0,0,1549798004,0.0
25/10/2021,0,0,36.9(-1.07 %),0,0,0,0,1549798004,0.0
26/10/2021,-10800,-397800000,37.4(0.81 %),0,0,10800,397800000,1549808804,0.0
27/10/2021,-7200,-270720000,37.5(1.35 %),0,0,7200,270720000,1549816004,0.0
28/10/2021,0,0,38.1(1.33 %),0,0,0,0,1549816004,0.0
29/10/2021,-1000,-38900000,39(2.90 %),0,0,1000,38900000,1549817004,0.0
01/11/2021,-32000,-1241200000,38.7(-1.02 %),0,0,32000,1241200000,1549849004,0.0
02/11/2021,0,0,38.8(-0.26 %),0,0,0,0,1549849004,0.0
03/11/2021,-7800,-299520000,37.5(-2.60 %),0,0,7800,299520000,1549856804,0.0
04/11/2021,-1000,-37800000,37.9(-0.79 %),0,0,1000,37800000,1549857804,0.0
05/11/2021,-5000,-189500000,37.7(0.53 %),0,0,5000,189500000,1549862804,0.0
08/11/2021,0,0,37.7(-0.53 %),0,0,0,0,1549862804,0.0
09/11/2021,-100,-3760000,37.6(0.27 %),0,0,100,3760000,1549862904,0.0
10/11/2021,0,0,37.3(-0.53 %),0,0,0,0,1549862904,0.0
11/11/2021,0,0,36.6(-1.88 %),0,0,0,0,1549862904,0.0
12/11/2021,-4400,-160070000,36.4(-0.82 %),0,0,4400,160070000,1549867304,0.0
15/11/2021,-100,-3680000,37.2(2.76 %),0,0,100,3680000,1549867404,0.0
16/11/2021,0,0,36.7(-0.54 %),0,0,0,0,1549867404,0.0
17/11/2021,-1100,-41580000,37.7(2.45 %),0,0,1100,41580000,1549868504,0.0
18/11/2021,-400,-14920000,37.4(0.00 %),0,0,400,14920000,1549868904,0.0
19/11/2021,-8200,-305560000,36.3(-2.94 %),0,0,8200,305560000,1549877104,0.0
22/11/2021,0,0,33.6(-8.70 %),0,0,0,0,1549877104,0.0
23/11/2021,0,0,34.6(-0.86 %),0,0,0,0,1549877104,0.0
24/11/2021,0,0,34.6(1.17 %),0,0,0,0,1549877104,0.0
25/11/2021,0,0,34.9(0.58 %),0,0,0,0,1549877104,0.0
26/11/2021,0,0,34.4(-1.43 %),0,0,0,0,1549877104,0.0
29/11/2021,0,0,33.9(-1.17 %),0,0,0,0,1549877104,0.0
30/11/2021,0,0,34.7(2.97 %),0,0,0,0,1549877104,0.0
01/12/2021,0,0,34.8(0.58 %),0,0,0,0,1549877104,0.0
02/12/2021,0,0,34.9(0.00 %),0,0,0,0,1549877104,0.0
03/12/2021,-500,-16900000,33.4(-4.02 %),0,0,500,16900000,1549877604,0.0
06/12/2021,0,0,31.9(-6.45 %),0,0,0,0,1549877604,0.0
07/12/2021,0,0,32.4(-0.92 %),0,0,0,0,1549877604,0.0
08/12/2021,0,0,32.2(0.00 %),0,0,0,0,1549877604,0.0
09/12/2021,0,0,32.5(0.93 %),0,0,0,0,1549877604,0.0
10/12/2021,0,0,32.8(2.18 %),0,0,0,0,1549877604,0.0
13/12/2021,0,0,33.4(2.45 %),0,0,0,0,1549877604,0.0
14/12/2021,0,0,33.1(0.00 %),0,0,0,0,1549877604,0.0
15/12/2021,0,0,32.5(-1.22 %),0,0,0,0,1549877604,0.0
16/12/2021,0,0,32.4(-0.61 %),0,0,0,0,1549877604,0.0
17/12/2021,0,0,32.6(0.62 %),0,0,0,0,1549877604,0.0
20/12/2021,0,0,32.7(0.93 %),0,0,0,0,1549877604,0.0
21/12/2021,0,0,32.5(-0.31 %),0,0,0,0,1549877604,0.0
22/12/2021,0,0,32.3(-0.92 %),0,0,0,0,1549877604,0.0
23/12/2021,0,0,31.6(-1.86 %),0,0,0,0,1549877604,-1.92
24/12/2021,0,0,31.5(-0.32 %),0,0,0,0,1549877604,-1.92
27/12/2021,0,0,32.4(3.18 %),0,0,0,0,-2396308,0.08
28/12/2021,0,0,0(0.00 %),0,0,0,0,0,49.0
29/12/2021,0,0,31.8(-0.93 %),0,0,0,0,0,0.08
30/12/2021,0,0,31.8(0.32 %),0,0,0,0,0,0.08
31/12/2021,0,0,32.7(3.15 %),0,0,0,0,-2396308,0.08
04/01/2022,0,0,33.4(2.14 %),0,0,0,0,-2396308,0.08
05/01/2022,0,0,33(-1.20 %),0,0,0,0,-2396308,0.08
06/01/2022,0,0,32.8(-1.20 %),0,0,0,0,-2395808,0.08
07/01/2022,0,0,32.5(-0.61 %),0,0,0,0,-2395808,0.08
10/01/2022,0,0,32.2(-0.92 %),0,0,0,0,-2395808,0.08
11/01/2022,0,0,31.8(-2.15 %),0,0,0,0,-2395808,0.08
12/01/2022,0,0,31.4(-1.26 %),0,0,0,0,-2395808,0.08
13/01/2022,0,0,31.7(1.93 %),0,0,0,0,-2395808,0.08
14/01/2022,-3100,-96100000,31.3(-0.63 %),0,0,3100,96100000,-2395808,0.08
17/01/2022,0,0,30.3(-3.19 %),0,0,0,0,-2395808,0.08
18/01/2022,0,0,30(-2.60 %),0,0,0,0,-2392708,0.08
19/01/2022,0,0,29.4(-2.00 %),0,0,0,0,-2392708,0.08
20/01/2022,0,0,30.4(2.36 %),0,0,0,0,-2392708,0.08
21/01/2022,0,0,30.5(2.69 %),0,0,0,0,-2392708,0.08
24/01/2022,0,0,29.4(-3.92 %),0,0,0,0,0,0.08
25/01/2022,0,0,29.6(0.00 %),0,0,0,0,0,0.08
26/01/2022,0,0,29.7(1.71 %),0,0,0,0,0,0.08
27/01/2022,0,0,29.8(0.34 %),0,0,0,0,0,0.08
28/01/2022,0,0,30(0.67 %),0,0,0,0,-2392708,0.08
07/02/2022,-200,-6060000,31(3.68 %),0,0,200,6060000,-2392708,0.08
08/02/2022,0,0,32.5(5.86 %),0,0,0,0,-2392708,0.08
09/02/2022,-500,-16200000,32.5(0.93 %),0,0,500,16200000,-2392508,0.08
10/02/2022,0,0,32(-1.23 %),0,0,0,0,0,0.08
11/02/2022,0,0,31.8(-0.93 %),0,0,0,0,-2392008,0.08
14/02/2022,-3000,-95400000,32(0.63 %),0,0,3000,95400000,-2392008,0.08
15/02/2022,0,0,32.1(0.00 %),0,0,0,0,-2392008,0.08
16/02/2022,0,0,31.8(-0.31 %),0,0,0,0,-2389008,0.08
17/02/2022,0,0,32(0.00 %),0,0,0,0,-2389008,0.08
18/02/2022,-100,-3190000,32.9(3.13 %),0,0,100,3190000,-2389008,0.08
21/02/2022,-600,-19710000,32.8(-0.30 %),0,0,600,19710000,-2389008,0.08
22/02/2022,0,0,32.2(-2.13 %),0,0,0,0,-2388908,0.08
23/02/2022,0,0,32.3(0.31 %),0,0,0,0,-2388308,0.08
24/02/2022,-3400,-106790000,31.4(-2.48 %),0,0,3400,106790000,-2388308,0.08
25/02/2022,0,0,31.8(0.00 %),0,0,0,0,-2388308,0.08
28/02/2022,-500,-15870000,31.9(0.63 %),0,0,500,15870000,-2384908,0.08
01/03/2022,-20000,-632000000,31.7(-0.31 %),0,0,20000,632000000,-2384908,0.08
02/03/2022,0,0,31.3(-0.95 %),0,0,0,0,-2384408,0.08
03/03/2022,-100,-3110000,31.5(0.32 %),0,0,100,3110000,-2364408,0.08
04/03/2022,0,0,32(2.24 %),0,0,0,0,-2364408,0.08
07/03/2022,0,0,32.5(2.20 %),0,0,0,0,-2364308,0.08
08/03/2022,0,0,33.8(4.97 %),0,0,0,0,-2364308,0.08
09/03/2022,-6500,-217750000,33.7(-0.88 %),0,0,6500,217750000,-2364308,0.08
10/03/2022,0,0,34.2(2.09 %),0,0,0,0,-2364308,0.08
11/03/2022,0,0,33(-3.79 %),0,0,0,0,-2357808,0.08
14/03/2022,0,0,32.2(-3.88 %),0,0,0,0,-2357808,0.08
15/03/2022,0,0,32.2(-0.62 %),0,0,0,0,-2357808,0.08
16/03/2022,0,0,32.4(2.21 %),0,0,0,0,-2357808,0.08
17/03/2022,-100,-3270000,32.8(1.23 %),0,0,100,3270000,-2357808,0.08
18/03/2022,0,0,33.2(1.22 %),0,0,0,0,-2357808,0.08
21/03/2022,0,0,32.9(-1.20 %),0,0,0,0,-2357708,0.08
22/03/2022,0,0,32.7(-0.61 %),0,0,0,0,-2357708,0.08
23/03/2022,0,0,32.7(0.31 %),0,0,0,0,-2357708,0.08
24/03/2022,0,0,32.6(0.31 %),0,0,0,0,-2357708,0.08
25/03/2022,0,0,33.3(2.15 %),0,0,0,0,-2357708,0.08
28/03/2022,0,0,35.1(5.41 %),0,0,0,0,-2357708,0.08
29/03/2022,0,0,35.3(1.44 %),0,0,0,0,0,0.08
30/03/2022,-2200,-80520000,35.6(0.85 %),0,0,2200,80520000,0,0.08
31/03/2022,0,0,36.2(0.56 %),0,0,0,0,0,0.08
01/04/2022,-100,-3610000,35.9(-0.28 %),0,0,100,3610000,-2355508,0.08
04/04/2022,-4000,-151800000,38(5.26 %),0,0,4000,151800000,-2355508,0.08
05/04/2022,-1000,-38600000,38(1.60 %),0,0,1000,38600000,-2355408,0.08
06/04/2022,-72000,-2765130000,38.1(0.00 %),0,0,72000,2765130000,-2351408,0.08
07/04/2022,0,0,36.5(-5.19 %),0,0,0,0,-2350408,0.08
08/04/2022,0,0,37.5(0.00 %),0,0,0,0,-2278408,0.07
12/04/2022,0,0,37.6(0.00 %),0,0,0,0,0,49.0
13/04/2022,0,0,38.2(0.79 %),0,0,0,0,-2278408,0.07
14/04/2022,-10000,-398500000,40.2(7.20 %),0,0,10000,398500000,-2278408,0.07
15/04/2022,0,0,0(0.00 %),0,0,0,0,0,0.07
18/04/2022,0,0,0(0.00 %),0,0,0,0,-2268408,0.07
19/04/2022,0,0,40.7(-3.55 %),0,0,0,0,0,0.07
20/04/2022,-3400,-136200000,38.7(-7.86 %),0,0,3400,136200000,0,49.07
21/04/2022,0,0,38.2(-5.21 %),0,0,0,0,0,0.07
22/04/2022,0,0,35(-9.56 %),0,0,0,0,0,0.07
25/04/2022,0,0,30.6(-14.76 %),0,0,0,0,0,0.07
26/04/2022,0,0,32.5(2.52 %),0,0,0,0,0,0.07
27/04/2022,0,0,32.5(8.33 %),0,0,0,0,0,0.07
28/04/2022,0,0,31.8(0.63 %),0,0,0,0,-2242608,0.07
29/04/2022,0,0,35(10.06 %),0,0,0,0,-2242608,0.07
04/05/2022,0,0,35.5(3.80 %),0,0,0,0,-2242608,0.07
05/05/2022,0,0,34.2(-4.20 %),0,0,0,0,-2242608,0.07
06/05/2022,0,0,32.2(-6.94 %),0,0,0,0,-2242608,0.07
09/05/2022,0,0,28.5(-13.11 %),0,0,0,0,-2242608,0.07
10/05/2022,0,0,30.6(2.34 %),0,0,0,0,-2242608,0.07
11/05/2022,0,0,31.1(6.87 %),0,0,0,0,-2242608,0.07
12/05/2022,-14100,-420180000,28.6(-7.14 %),0,0,14100,420180000,-2242608,0.07
13/05/2022,0,0,26.3(-10.24 %),0,0,0,0,-2242608,0.07
16/05/2022,0,0,27.9(2.20 %),0,0,0,0,-2228508,0.07
17/05/2022,0,0,30.2(7.47 %),0,0,0,0,0,0.07
18/05/2022,0,0,30(2.39 %),0,0,0,0,0,0.07
19/05/2022,0,0,29.7(-4.50 %),0,0,0,0,0,0.07
20/05/2022,0,0,29.6(0.34 %),0,0,0,0,0,0.07
23/05/2022,0,0,28.6(-4.03 %),0,0,0,0,-2228508,0.07
24/05/2022,0,0,29.9(1.01 %),0,0,0,0,-2228508,0.07
25/05/2022,-1300,-39260000,30.7(5.14 %),0,0,1300,39260000,-2228508,0.07
26/05/2022,-10000,-314000000,31.4(4.67 %),0,0,10000,314000000,-2228508,0.07
27/05/2022,0,0,31.4(-1.26 %),0,0,0,0,-2227208,0.07
30/05/2022,0,0,31.1(-1.58 %),0,0,0,0,-2217208,0.07
31/05/2022,0,0,30.3(-2.88 %),0,0,0,0,-2217208,0.07
01/06/2022,0,0,30.3(-1.62 %),0,0,0,0,0,0.07
02/06/2022,-10300,-314330000,30.7(1.99 %),0,0,10300,314330000,0,0.07
03/06/2022,0,0,30.4(-0.65 %),0,0,0,0,-2217208,0.07
06/06/2022,0,0,30.1(-0.33 %),0,0,0,0,-2206908,0.07
07/06/2022,-22600,-657660000,29.6(-1.99 %),0,0,22600,657660000,-2206908,0.07
08/06/2022,0,0,30(1.69 %),0,0,0,0,-2206908,0.07
09/06/2022,-200,-6000000,30.2(0.67 %),0,0,200,6000000,-2184308,0.07
10/06/2022,0,0,29.3(-2.33 %),0,0,0,0,-2184308,0.07
13/06/2022,0,0,27.2(-8.11 %),0,0,0,0,-2184108,0.07
14/06/2022,-100,-2740000,27.4(-1.08 %),0,0,100,2740000,-2184108,0.07
15/06/2022,0,0,26.4(-2.94 %),0,0,0,0,-2184108,0.07
16/06/2022,0,0,26.9(1.89 %),0,0,0,0,-2184008,0.07
17/06/2022,0,0,25.9(-4.07 %),0,0,0,0,-2184008,0.07
20/06/2022,0,0,24(-7.69 %),0,0,0,0,-2184008,0.07
21/06/2022,0,0,23(-6.88 %),0,0,0,0,-2184008,0.07
22/06/2022,0,0,23.8(-0.42 %),0,0,0,0,-2184008,0.07
23/06/2022,0,0,24.8(4.20 %),0,0,0,0,0,0.07
24/06/2022,0,0,24.3(0.41 %),0,0,0,0,-2184008,0.07
27/06/2022,0,0,24.8(0.00 %),0,0,0,0,-2184008,0.07
28/06/2022,0,0,25.5(2.82 %),0,0,0,0,0,0.07
29/06/2022,0,0,24.8(-2.36 %),0,0,0,0,0,0.07
30/06/2022,0,0,24(-3.61 %),0,0,0,0,0,0.07
01/07/2022,0,0,23.9(-2.05 %),0,0,0,0,0,0.07
04/07/2022,0,0,24.6(4.24 %),0,0,0,0,0,0.07
05/07/2022,0,0,24.4(0.00 %),0,0,0,0,0,0.07
06/07/2022,0,0,24.6(0.41 %),0,0,0,0,-2184008,0.07
07/07/2022,-900,-24270000,27.4(10.93 %),0,0,900,24270000,-2184008,0.07
08/07/2022,0,0,29.5(9.26 %),0,0,0,0,-2184008,0.07
11/07/2022,0,0,29.6(1.72 %),0,0,0,0,-2183108,0.07
12/07/2022,0,0,30.1(0.00 %),0,0,0,0,-2183108,0.07
13/07/2022,0,0,31.4(5.37 %),0,0,0,0,-2183108,0.07
14/07/2022,0,0,31.2(0.00 %),0,0,0,0,-2183108,0.07
15/07/2022,0,0,30.8(-0.96 %),0,0,0,0,-2183108,0.07
18/07/2022,0,0,30.6(-1.61 %),0,0,0,0,-2183108,0.07
19/07/2022,-500,-16000000,32.4(6.93 %),0,0,500,16000000,-2183108,0.07
20/07/2022,0,0,32.6(3.16 %),0,0,0,0,-2183108,0.07
21/07/2022,0,0,32.8(0.00 %),0,0,0,0,-2182608,0.07
22/07/2022,0,0,32.5(-0.31 %),0,0,0,0,-2182608,0.07
25/07/2022,0,0,31.4(-3.98 %),0,0,0,0,-2182608,0.07
26/07/2022,0,0,31.8(1.27 %),0,0,0,0,-2182608,0.07
27/07/2022,0,0,32.3(1.57 %),0,0,0,0,-2182608,0.07
28/07/2022,0,0,33.1(4.09 %),0,0,0,0,-2182608,0.07
29/07/2022,0,0,33.2(-0.30 %),0,0,0,0,-2182608,0.07
01/08/2022,0,0,33(0.00 %),0,0,0,0,0,0.07
02/08/2022,0,0,33.7(3.06 %),0,0,0,0,-2182608,0.07
03/08/2022,0,0,33.4(-1.76 %),0,0,0,0,-2182608,0.07
04/08/2022,0,0,32.7(-0.61 %),0,0,0,0,-2182608,0.07
05/08/2022,0,0,31.9(-2.45 %),0,0,0,0,-2182608,0.07
08/08/2022,0,0,31.7(-0.94 %),0,0,0,0,-2182608,0.07
09/08/2022,-30,-945000,32.7(4.81 %),0,0,30,945000,-2182608,0.07
10/08/2022,0,0,33.5(4.69 %),0,0,0,0,-2182608,0.07
11/08/2022,0,0,32.5(-2.11 %),0,0,0,0,-2182578,0.07
12/08/2022,0,0,33(0.00 %),0,0,0,0,-2182578,0.07
15/08/2022,0,0,34.6(6.13 %),0,0,0,0,0,0.07
16/08/2022,0,0,34.8(1.75 %),0,0,0,0,0,0.07
17/08/2022,0,0,33.8(-1.74 %),0,0,0,0,-2182578,0.07
18/08/2022,0,0,33.6(-3.17 %),0,0,0,0,-2182578,0.07
19/08/2022,0,0,32.7(-2.97 %),0,0,0,0,-2182578,0.07
22/08/2022,0,0,32.9(-1.20 %),0,0,0,0,-2182578,0.07
23/08/2022,0,0,33.8(3.68 %),0,0,0,0,-2182578,0.07
24/08/2022,0,0,33.5(1.21 %),0,0,0,0,-2182578,0.07
25/08/2022,0,0,34.1(2.10 %),0,0,0,0,0,0.07
26/08/2022,0,0,32.9(-4.08 %),0,0,0,0,-2182578,0.07
29/08/2022,0,0,32.3(-3.00 %),0,0,0,0,-2182578,0.07
30/08/2022,0,0,32.2(0.94 %),0,0,0,0,-2182578,0.07
31/08/2022,0,0,32.1(-0.31 %),0,0,0,0,-2182578,0.07
05/09/2022,0,0,31.7(-0.63 %),0,0,0,0,-2182578,0.07
06/09/2022,0,0,31.4(-1.57 %),0,0,0,0,-2182578,0.07
07/09/2022,0,0,29.6(-6.33 %),0,0,0,0,-2182578,0.07
08/09/2022,0,0,29.1(-5.21 %),0,0,0,0,-2182578,0.07
09/09/2022,0,0,30(1.35 %),0,0,0,0,-2182578,0.07
12/09/2022,0,0,30.1(2.38 %),0,0,0,0,-2182578,0.07
13/09/2022,0,0,30(-0.33 %),0,0,0,0,-2182578,0.07
14/09/2022,0,0,29.6(-1.00 %),0,0,0,0,-2182578,0.07
15/09/2022,0,0,29.6(1.02 %),0,0,0,0,0,0.07
16/09/2022,-100,-2920000,29(-2.36 %),0,0,100,2920000,-2182578,0.07
19/09/2022,0,0,27.6(-5.15 %),0,0,0,0,-2182578,0.0
20/09/2022,0,0,28.2(0.71 %),0,0,0,0,-2182478,0.07
21/09/2022,0,0,28(0.72 %),0,0,0,0,-2182478,0.07
22/09/2022,0,0,28.4(1.79 %),0,0,0,0,-2182478,0.07
23/09/2022,0,0,29.3(5.02 %),0,0,0,0,0,49.0
26/09/2022,0,0,28.3(-3.41 %),0,0,0,0,-2182478,0.07
27/09/2022,0,0,28.6(2.14 %),0,0,0,0,-2182478,0.07
28/09/2022,0,0,28(-1.75 %),0,0,0,0,-2182478,0.07
29/09/2022,0,0,28.9(2.48 %),0,0,0,0,-2182478,0.07
30/09/2022,0,0,30.5(5.17 %),0,0,0,0,-2182478,0.07
03/10/2022,-100,-3050000,29.6(0.00 %),0,0,100,3050000,-2182478,0.07
04/10/2022,0,0,28.8(-4.64 %),0,0,0,0,-2182478,0.07
05/10/2022,0,0,30.1(1.35 %),0,0,0,0,-2182378,0.07
06/10/2022,0,0,29.1(-3.00 %),0,0,0,0,-2182378,0.07
07/10/2022,0,0,26.8(-11.26 %),0,0,0,0,-2182378,0.07
10/10/2022,0,0,27.6(0.00 %),0,0,0,0,-2182378,0.07
11/10/2022,0,0,25(-7.75 %),0,0,0,0,-2182378,0.07
12/10/2022,0,0,26.3(1.15 %),0,0,0,0,-2182378,0.07
13/10/2022,0,0,26.2(0.38 %),0,0,0,0,-2182378,0.07
14/10/2022,0,0,26.3(0.77 %),0,0,0,0,-2182378,0.07
17/10/2022,0,0,26.6(0.76 %),0,0,0,0,-2182378,0.07
18/10/2022,0,0,26.9(2.67 %),0,0,0,0,-2182378,0.07
19/10/2022,0,0,27.3(1.11 %),0,0,0,0,0,0.07
20/10/2022,-3000,-80700000,26.9(-1.10 %),0,0,3000,80700000,0,0.07
21/10/2022,0,0,24.6(-9.23 %),0,0,0,0,0,0.07
24/10/2022,0,0,22.7(-9.92 %),0,0,0,0,-2179378,0.07
25/10/2022,0,0,23.1(-1.28 %),0,0,0,0,-2179378,0.07
26/10/2022,0,0,23(0.44 %),0,0,0,0,-2179378,0.07
27/10/2022,0,0,23.9(4.37 %),0,0,0,0,-2179378,0.07
28/10/2022,0,0,23.9(1.70 %),0,0,0,0,-2179378,0.07
31/10/2022,0,0,23.9(-0.83 %),0,0,0,0,-2179378,0.07
01/11/2022,0,0,25.9(9.28 %),0,0,0,0,-2179378,0.07
02/11/2022,0,0,25.9(1.17 %),0,0,0,0,-2179378,0.07
03/11/2022,0,0,25.4(-3.05 %),0,0,0,0,-2179378,0.07
04/11/2022,0,0,24.2(-4.72 %),0,0,0,0,-2179378,0.07
07/11/2022,-1000,-23500000,22.6(-6.61 %),0,0,1000,23500000,-2179378,0.07
08/11/2022,0,0,23.7(2.60 %),0,0,0,0,-2179378,0.07
09/11/2022,-19100,-448850000,23.5(0.43 %),0,0,19100,448850000,-2178378,0.07
10/11/2022,0,0,21.2(-10.55 %),0,0,0,0,-2178378,0.07
11/11/2022,0,0,22.5(1.81 %),0,0,0,0,-2159278,0.07
14/11/2022,0,0,20.1(-12.23 %),0,0,0,0,-2159278,0.07
15/11/2022,0,0,17.5(-14.63 %),0,0,0,0,-2159278,0.07
16/11/2022,0,0,18.5(3.93 %),0,0,0,0,-2159278,0.07
17/11/2022,0,0,19(14.46 %),0,0,0,0,-2159278,0.07
18/11/2022,0,0,18.9(1.61 %),0,0,0,0,-2159278,0.07
21/11/2022,-3000,-57000000,19.1(5.52 %),0,0,3000,57000000,-2159278,0.07
22/11/2022,0,0,19.8(4.21 %),0,0,0,0,-2159278,0.07
23/11/2022,0,0,18.5(-6.57 %),0,0,0,0,-2156278,0.07
24/11/2022,0,0,19(-0.52 %),0,0,0,0,-2156278,0.07
25/11/2022,0,0,19.9(6.99 %),0,0,0,0,-2156278,0.07
28/11/2022,0,0,20.9(7.18 %),0,0,0,0,-2156278,0.0
29/11/2022,0,0,21(1.94 %),0,0,0,0,-2156278,0.0
30/11/2022,0,0,21.4(3.88 %),0,0,0,0,-2156278,0.0
01/12/2022,0,0,20.5(-2.38 %),0,0,0,0,-2156278,0.0
02/12/2022,0,0,21.6(1.89 %),0,0,0,0,-2156278,0.0
05/12/2022,0,0,21.7(3.83 %),0,0,0,0,-2156278,0.0
06/12/2022,0,0,20.3(-6.45 %),0,0,0,0,-2156278,0.0
07/12/2022,0,0,20.2(-2.88 %),0,0,0,0,-2156278,0.0
08/12/2022,0,0,20.8(2.97 %),0,0,0,0,-2156278,0.07
09/12/2022,0,0,20.4(-2.39 %),0,0,0,0,-2156278,0.07
12/12/2022,0,0,20(-1.96 %),0,0,0,0,-2156278,0.0
13/12/2022,0,0,20.4(-0.49 %),0,0,0,0,-2156278,0.0
14/12/2022,0,0,22.9(13.93 %),0,0,0,0,-2156278,0.0
15/12/2022,0,0,22.7(4.13 %),0,0,0,0,-2156278,0.0
16/12/2022,0,0,22.6(-1.31 %),0,0,0,0,-2156278,0.0
19/12/2022,0,0,21.6(-5.26 %),0,0,0,0,-2156278,0.0
20/12/2022,0,0,20.9(-5.86 %),0,0,0,0,-2156278,0.0
21/12/2022,0,0,20.9(-0.48 %),0,0,0,0,-2156278,0.0
22/12/2022,0,0,21(2.44 %),0,0,0,0,-2156278,0.0
23/12/2022,0,0,20.8(-0.48 %),0,0,0,0,-2156278,0.0
26/12/2022,0,0,19.7(-5.29 %),0,0,0,0,-2156278,0.0
27/12/2022,0,0,20.6(2.49 %),0,0,0,0,-2156278,0.0
28/12/2022,0,0,20.3(1.50 %),0,0,0,0,-2156278,0.07
29/12/2022,0,0,19.9(-1.97 %),0,0,0,0,-2156278,0.07
30/12/2022,0,0,20(-0.50 %),0,0,0,0,-2156278,0.07
03/01/2023,0,0,21.3(6.50 %),0,0,0,0,-2156278,0.0
04/01/2023,0,0,21.9(4.29 %),0,0,0,0,-2156278,0.07
05/01/2023,0,0,21.8(-0.46 %),0,0,0,0,-2156278,0.07
06/01/2023,0,0,21.7(0.46 %),0,0,0,0,-2156278,0.07
09/01/2023,0,0,21.6(-1.37 %),0,0,0,0,-2156278,0.07
10/01/2023,0,0,21.4(-0.93 %),0,0,0,0,-2156278,0.07
11/01/2023,0,0,21.5(0.94 %),0,0,0,0,-2156278,0.07
12/01/2023,-10,-214700,21.6(0.47 %),0,0,10,214700,-2156278,0.07
13/01/2023,0,0,22.4(4.67 %),0,0,0,0,-2156278,0.07
16/01/2023,0,0,22.3(0.00 %),0,0,0,0,-2156268,0.07
17/01/2023,0,0,22.7(1.34 %),0,0,0,0,-2156268,0.07
18/01/2023,0,0,23.1(2.21 %),0,0,0,0,-2156268,0.07
19/01/2023,0,0,23.1(0.00 %),0,0,0,0,-2156268,0.07
27/01/2023,-400,-9240000,23.2(1.31 %),0,0,400,9240000,-2156268,0.07
30/01/2023,0,0,22.6(-2.59 %),0,0,0,0,-2156268,0.07
31/01/2023,0,0,22.8(-0.44 %),0,0,0,0,-2155868,0.07
01/02/2023,0,0,21.8(-2.68 %),0,0,0,0,0,0.07
02/02/2023,0,0,21.3(-4.91 %),0,0,0,0,0,0.07
03/02/2023,0,0,21.3(-0.47 %),0,0,0,0,-2155868,0.07
06/02/2023,0,0,20.7(-2.36 %),0,0,0,0,-2155868,0.07
07/02/2023,0,0,20.8(0.48 %),0,0,0,0,-2155868,0.07
08/02/2023,0,0,20.8(-0.48 %),0,0,0,0,-2155868,0.07
09/02/2023,-100,-2110000,21.1(1.93 %),0,0,100,2110000,-2155868,0.07
10/02/2023,0,0,20.8(-0.95 %),0,0,0,0,-2155868,0.07
13/02/2023,0,0,20.4(-2.39 %),0,0,0,0,-2155768,0.07
14/02/2023,-7200,-146880000,20.6(1.98 %),0,0,7200,146880000,-2155768,0.07
15/02/2023,0,0,21(2.94 %),0,0,0,0,-2155768,0.07
16/02/2023,0,0,21.3(1.91 %),0,0,0,0,-2148568,0.07
17/02/2023,0,0,21.1(0.00 %),0,0,0,0,-2148568,0.07
20/02/2023,0,0,21.8(3.32 %),0,0,0,0,-2148568,0.07
21/02/2023,0,0,21.6(0.47 %),0,0,0,0,-2148568,0.07
22/02/2023,0,0,20.6(-4.63 %),0,0,0,0,-2148568,0.07
23/02/2023,0,0,20.9(0.00 %),0,0,0,0,-2148568,0.07
24/02/2023,-4400,-89320000,20.4(0.00 %),0,0,4400,89320000,-2148568,0.0
27/02/2023,0,0,20(-2.44 %),0,0,0,0,0,0.07
28/02/2023,0,0,20.1(0.00 %),0,0,0,0,-2144168,0.07
01/03/2023,0,0,20.5(1.99 %),0,0,0,0,0,0.07
02/03/2023,0,0,20.4(0.99 %),0,0,0,0,-2144168,0.07
03/03/2023,0,0,20.3(-0.49 %),0,0,0,0,-2144168,0.07
06/03/2023,-46000,-935500000,20.4(0.49 %),0,0,46000,935500000,-2144168,0.07
07/03/2023,0,0,20.4(0.00 %),0,0,0,0,-2144168,0.07
08/03/2023,0,0,20.5(0.49 %),0,0,0,0,0,0.07
09/03/2023,0,0,20.7(1.97 %),0,0,0,0,0,0.07
10/03/2023,0,0,20.7(0.49 %),0,0,0,0,-2098168,0.07
13/03/2023,0,0,20.3(-2.40 %),0,0,0,0,-2098168,0.0
14/03/2023,-1000,-20100000,20(-1.48 %),0,0,1000,20100000,-2098168,0.07
15/03/2023,0,0,20.6(3.00 %),0,0,0,0,-2098168,0.07
16/03/2023,0,0,20.4(0.00 %),0,0,0,0,-2097168,0.07
17/03/2023,0,0,20.3(0.50 %),0,0,0,0,-2097168,0.07
20/03/2023,0,0,19.9(-1.49 %),0,0,0,0,-2097168,0.07
21/03/2023,0,0,20.1(0.50 %),0,0,0,0,0,0.07
22/03/2023,0,0,20(0.50 %),0,0,0,0,-2097168,0.07
23/03/2023,0,0,20(0.00 %),0,0,0,0,-2097168,0.07
24/03/2023,0,0,20(0.50 %),0,0,0,0,-2097168,0.07
27/03/2023,0,0,20.2(0.50 %),0,0,0,0,-2097168,0.07
28/03/2023,0,0,20.2(0.00 %),0,0,0,0,-2097168,0.0
29/03/2023,0,0,20.1(-0.50 %),0,0,0,0,-2097168,0.07
30/03/2023,0,0,20.2(0.50 %),0,0,0,0,-2097168,0.07
31/03/2023,-2500,-52500000,21.3(5.45 %),0,0,2500,52500000,-2097168,0.07
03/04/2023,0,0,21.5(1.90 %),0,0,0,0,-2097168,0.07
04/04/2023,-700,-14980000,21.3(-0.93 %),0,0,700,14980000,-2094668,0.07
05/04/2023,0,0,21.7(2.36 %),0,0,0,0,-2094668,0.07
06/04/2023,0,0,21.3(-1.84 %),0,0,0,0,-2093968,0.07
07/04/2023,0,0,21.1(-1.86 %),0,0,0,0,-2093968,0.07
10/04/2023,0,0,21(0.00 %),0,0,0,0,-2093968,0.07
11/04/2023,0,0,21.2(0.00 %),0,0,0,0,-2093968,0.07
12/04/2023,0,0,21.8(3.81 %),0,0,0,0,0,49.0
13/04/2023,0,0,21.8(0.46 %),0,0,0,0,-2093968,0.07
14/04/2023,0,0,20.9(-5.00 %),0,0,0,0,-2093968,0.07
17/04/2023,0,0,21(-1.41 %),0,0,0,0,-2093968,0.07
18/04/2023,-100,-2090000,21.1(0.96 %),0,0,100,2090000,-2093968,0.07
19/04/2023,0,0,21(0.00 %),0,0,0,0,-2093968,0.07
20/04/2023,0,0,21.1(0.00 %),0,0,0,0,0,49.0
21/04/2023,0,0,20.9(-0.95 %),0,0,0,0,-2093868,0.07
24/04/2023,0,0,20.9(-0.48 %),0,0,0,0,-2093868,0.07
25/04/2023,0,0,20.8(-0.48 %),0,0,0,0,-2093868,0.07
26/04/2023,-10000,-205000000,20.8(-0.48 %),0,0,10000,205000000,-2093868,0.07
27/04/2023,0,0,21(1.94 %),0,0,0,0,0,49.0
28/04/2023,0,0,21.1(0.00 %),0,0,0,0,0,49.0
04/05/2023,0,0,21.3(1.43 %),0,0,0,0,0,49.0
05/05/2023,0,0,21.3(0.00 %),0,0,0,0,-2083868,0.07
08/05/2023,0,0,22.3(5.19 %),0,0,0,0,-2083868,0.07
09/05/2023,0,0,22.1(-0.45 %),0,0,0,0,-2083868,0.07
10/05/2023,0,0,22.4(1.36 %),0,0,0,0,0,49.0
11/05/2023,0,0,22.1(-0.45 %),0,0,0,0,0,49.0
12/05/2023,0,0,22.5(1.35 %),0,0,0,0,-2083868,0.07
15/05/2023,0,0,22.1(-0.90 %),0,0,0,0,0,49.0
16/05/2023,0,0,21.9(-2.23 %),0,0,0,0,0,49.0
17/05/2023,0,0,21.8(-0.91 %),0,0,0,0,0,49.0
18/05/2023,-5500,-121000000,22(0.00 %),0,0,5500,121000000,0,49.0
19/05/2023,-1000,-22000000,22(0.46 %),0,0,1000,22000000,0,49.0
22/05/2023,0,0,22.8(4.11 %),0,0,0,0,0,49.0
23/05/2023,0,0,22.3(-1.76 %),0,0,0,0,0,49.0
24/05/2023,-2000,-44600000,22.2(-1.33 %),0,0,2000,44600000,0,49.0
25/05/2023,-1000,-22500000,22.5(0.90 %),0,0,1000,22500000,0,49.0
26/05/2023,0,0,23.2(3.57 %),0,0,0,0,0,49.0
29/05/2023,-300,-6960000,23.2(0.43 %),0,0,300,6960000,0,49.0
30/05/2023,-1000,-23400000,23.4(0.86 %),0,0,1000,23400000,0,49.0
31/05/2023,0,0,23.3(0.87 %),0,0,0,0,0,49.0
01/06/2023,0,0,23.2(0.00 %),0,0,0,0,0,49.0
02/06/2023,0,0,23.9(3.91 %),0,0,0,0,0,49.0
05/06/2023,0,0,23.8(-0.42 %),0,0,0,0,0,49.0
06/06/2023,-5000,-118500000,23.8(0.00 %),0,0,5000,118500000,0,49.0
07/06/2023,0,0,23.9(1.27 %),0,0,0,0,0,49.0
08/06/2023,-1000,-23880000,23(-3.36 %),0,0,1000,23880000,0,49.0
09/06/2023,0,0,23(-2.13 %),0,0,0,0,0,49.0
12/06/2023,0,0,23.5(2.62 %),0,0,0,0,0,49.0
13/06/2023,-800,-18640000,23.4(0.43 %),0,0,800,18640000,0,49.0
14/06/2023,0,0,22.9(-2.14 %),0,0,0,0,0,49.0
15/06/2023,0,0,22.9(-0.87 %),0,0,0,0,0,49.0
16/06/2023,-50,-1144000,22.6(-0.88 %),0,0,50,1144000,-2066268,0.07
19/06/2023,0,0,22.4(-1.75 %),0,0,0,0,-2066268,0.07
20/06/2023,-50000,-1124930000,22.8(1.33 %),0,0,50000,1124930000,-2066218,0.07
21/06/2023,0,0,23.2(2.65 %),0,0,0,0,-2066218,0.07
22/06/2023,0,0,23.3(1.30 %),0,0,0,0,0,49.0
23/06/2023,0,0,23.7(2.16 %),0,0,0,0,-2016218,0.07
26/06/2023,-11500,-280600000,24.6(4.68 %),0,0,11500,280600000,-2016218,0.07
27/06/2023,-100,-2450000,24.6(0.82 %),0,0,100,2450000,-2016218,0.07
28/06/2023,-5700,-140220000,24.5(-0.81 %),0,0,5700,140220000,-2004718,0.07
29/06/2023,0,0,23.6(-3.67 %),0,0,0,0,0,0.0
30/06/2023,0,0,23.4(-2.90 %),0,0,0,0,-1998918,0.07
03/07/2023,-5800,-137460000,24.2(2.98 %),0,0,5800,137460000,-1998918,0.07
04/07/2023,0,0,24.1(1.69 %),0,0,0,0,-1998918,0.07
05/07/2023,0,0,24.3(1.25 %),0,0,0,0,-1993118,0.07
06/07/2023,0,0,24.3(0.41 %),0,0,0,0,-1993118,0.07
07/07/2023,0,0,25.6(4.92 %),0,0,0,0,-1993118,0.07
10/07/2023,-500,-13000000,25.9(1.97 %),0,0,500,13000000,-1993118,0.07
11/07/2023,-200,-5160000,25.8(-0.77 %),0,0,200,5160000,-1993118,0.07
12/07/2023,0,0,26.6(3.10 %),0,0,0,0,-1992618,0.07
13/07/2023,0,0,26.5(1.53 %),0,0,0,0,-1992418,0.07
14/07/2023,0,0,26.4(0.00 %),0,0,0,0,-1992418,0.07
17/07/2023,0,0,26.3(0.00 %),0,0,0,0,-1992418,0.07
18/07/2023,-10000,-263000000,26.3(0.00 %),0,0,10000,263000000,-1992418,0.07
19/07/2023,0,0,25.9(-2.26 %),0,0,0,0,-1992418,0.07
20/07/2023,0,0,26.1(0.00 %),0,0,0,0,0,0.0
21/07/2023,0,0,26.4(2.33 %),0,0,0,0,-1982418,0.07
24/07/2023,0,0,26.4(0.76 %),0,0,0,0,-1982418,0.07
25/07/2023,0,0,26.6(0.76 %),0,0,0,0,-1982418,0.07
26/07/2023,-20,-528000,26.1(-2.61 %),0,0,20,528000,0,49.0
27/07/2023,-2500,-65000000,26.3(0.00 %),0,0,2500,65000000,0,49.0
28/07/2023,0,0,26.4(0.38 %),0,0,0,0,0,0.0
31/07/2023,0,0,26.4(0.38 %),0,0,0,0,-1979898,0.07
01/08/2023,0,0,0(0.00 %),0,0,0,0,-1979898,0.07
02/08/2023,0,0,0(0.00 %),0,0,0,0,-1979898,0.07
03/08/2023,0,0,25(-1.57 %),0,0,0,0,-1979898,0.07
04/08/2023,0,0,25.2(0.40 %),0,0,0,0,0,0.07
07/08/2023,-600,-15230000,25.3(1.20 %),0,0,600,15230000,0,49.0
08/08/2023,0,0,25.5(1.19 %),0,0,0,0,0,49.0
09/08/2023,0,0,25.5(0.39 %),0,0,0,0,0,49.0
10/08/2023,0,0,24.9(-2.35 %),0,0,0,0,0,49.0
11/08/2023,-1500,-37500000,25.1(0.00 %),0,0,1500,37500000,0,49.0
14/08/2023,0,0,25.3(1.61 %),0,0,0,0,0,0.07
15/08/2023,0,0,25.1(-0.40 %),0,0,0,0,-1977798,0.06
16/08/2023,0,0,26.2(3.97 %),0,0,0,0,-1977798,0.06
17/08/2023,0,0,25.9(-0.38 %),0,0,0,0,-1977798,0.06
18/08/2023,-7300,-185480000,23.9(-8.08 %),0,0,7300,185480000,-1977798,0.06
21/08/2023,0,0,24(-2.44 %),0,0,0,0,-1977798,0.06
22/08/2023,0,0,23.7(-1.25 %),0,0,0,0,-1970498,0.06
23/08/2023,0,0,23.5(0.43 %),0,0,0,0,-1970498,0.06
24/08/2023,0,0,24(1.27 %),0,0,0,0,-1970498,0.06
25/08/2023,-500,-12200000,24.2(2.11 %),0,0,500,12200000,-1970498,0.06
28/08/2023,0,0,24.7(2.92 %),0,0,0,0,-1970498,0.06
29/08/2023,0,0,24.2(-1.22 %),0,0,0,0,-1969998,0.06
30/08/2023,0,0,24.7(1.23 %),0,0,0,0,-1969998,0.06
31/08/2023,0,0,24.8(1.22 %),0,0,0,0,-1969998,0.06
05/09/2023,-1700,-42330000,25(0.81 %),0,0,1700,42330000,-1969998,0.06
06/09/2023,0,0,25.4(2.01 %),0,0,0,0,0,0.0
07/09/2023,-30000,-755000000,25.2(1.20 %),0,0,30000,755000000,-1968298,0.06
08/09/2023,0,0,25.2(0.00 %),0,0,0,0,-1968298,0.06
11/09/2023,-100,-2510000,24.6(-1.99 %),0,0,100,2510000,-1938298,0.06
12/09/2023,0,0,24.9(-0.40 %),0,0,0,0,-1938298,0.06
13/09/2023,0,0,24.8(0.40 %),0,0,0,0,-1938198,0.06
14/09/2023,0,0,24.4(-2.01 %),0,0,0,0,-1938198,0.06
15/09/2023,0,0,24.2(-1.63 %),0,0,0,0,-1938198,0.06
18/09/2023,0,0,23.7(-2.07 %),0,0,0,0,0,49.0
19/09/2023,0,0,24.3(1.67 %),0,0,0,0,0,49.0
20/09/2023,0,0,24.7(3.35 %),0,0,0,0,0,49.0
21/09/2023,0,0,24.7(0.82 %),0,0,0,0,-1938198,0.06
22/09/2023,0,0,23.8(-3.25 %),0,0,0,0,-1938198,0.06
25/09/2023,0,0,23.4(-2.09 %),0,0,0,0,-1938198,0.06
26/09/2023,0,0,23.1(-2.12 %),0,0,0,0,-1938198,0.06
27/09/2023,0,0,23.4(0.86 %),0,0,0,0,0,0.0
28/09/2023,0,0,23.4(2.63 %),0,0,0,0,0,0.0
29/09/2023,0,0,23.1(-0.43 %),0,0,0,0,-1938198,0.06
02/10/2023,0,0,23.2(-0.43 %),0,0,0,0,-1938198,0.06
03/10/2023,0,0,23.1(-1.28 %),0,0,0,0,-1938198,0.06
04/10/2023,0,0,22.8(-0.87 %),0,0,0,0,-1938198,0.06
05/10/2023,0,0,22.8(4.59 %),0,0,0,0,-1938198,0.06
06/10/2023,0,0,23.2(1.75 %),0,0,0,0,-1938198,0.06
09/10/2023,0,0,23.9(3.46 %),0,0,0,0,-1938198,0.06
10/10/2023,0,0,25.5(8.97 %),0,0,0,0,-1938198,0.06
11/10/2023,0,0,26(4.42 %),0,0,0,0,-1938198,0.06
12/10/2023,0,0,27.2(6.25 %),0,0,0,0,-1938198,0.06
13/10/2023,0,0,29(8.21 %),0,0,0,0,-1938198,0.06
16/10/2023,0,0,29.6(5.71 %),0,0,0,0,-1938198,0.06
17/10/2023,-100,-2940000,28.3(-3.08 %),0,0,100,2940000,-1938198,0.06
18/10/2023,0,0,29(0.00 %),0,0,0,0,-1938198,0.06
19/10/2023,0,0,28.4(0.00 %),0,0,0,0,-1938098,0.06
20/10/2023,0,0,28.8(0.70 %),0,0,0,0,-1938098,0.06
23/10/2023,0,0,28(-1.06 %),0,0,0,0,-1938098,0.06
24/10/2023,0,0,28(0.36 %),0,0,0,0,0,0.0
25/10/2023,0,0,29(3.57 %),0,0,0,0,-1938098,0.06
26/10/2023,0,0,27.7(-4.81 %),0,0,0,0,-1938098,0.06
27/10/2023,0,0,27.2(-2.86 %),0,0,0,0,-1938098,0.06
30/10/2023,0,0,26.3(-1.13 %),0,0,0,0,-1938098,0.06
31/10/2023,0,0,24.7(-7.14 %),0,0,0,0,-1938098,0.06
01/11/2023,0,0,24.3(-4.33 %),0,0,0,0,-1938098,0.06
02/11/2023,0,0,25.2(6.78 %),0,0,0,0,-1938098,0.06
03/11/2023,0,0,25(1.63 %),0,0,0,0,-1938098,0.06
06/11/2023,0,0,25.6(2.81 %),0,0,0,0,-1938098,0.06
07/11/2023,0,0,24.9(-1.19 %),0,0,0,0,0,49.0
08/11/2023,0,0,26.2(4.80 %),0,0,0,0,-1938098,0.06
09/11/2023,0,0,26.7(5.12 %),0,0,0,0,-1938098,0.06
10/11/2023,0,0,25.7(-2.65 %),0,0,0,0,-1938098,0.06
13/11/2023,0,0,26(-0.76 %),0,0,0,0,-1938098,0.06
14/11/2023,0,0,26.2(1.95 %),0,0,0,0,-1938098,0.06
15/11/2023,0,0,26.2(1.16 %),0,0,0,0,-1938098,0.06
16/11/2023,0,0,27.4(3.79 %),0,0,0,0,0,49.0
17/11/2023,0,0,27(0.37 %),0,0,0,0,-1938098,0.06
20/11/2023,0,0,26.8(0.00 %),0,0,0,0,-1938098,0.06
21/11/2023,0,0,26.9(2.67 %),0,0,0,0,-1938098,0.06
22/11/2023,0,0,26.9(-0.74 %),0,0,0,0,-1938098,0.06
23/11/2023,0,0,26(-2.99 %),0,0,0,0,0,49.0
24/11/2023,0,0,26.6(-0.37 %),0,0,0,0,0,49.0
27/11/2023,0,0,26.1(0.77 %),0,0,0,0,0,49.0
28/11/2023,0,0,26(0.00 %),0,0,0,0,0,49.0
29/11/2023,0,0,26.2(1.55 %),0,0,0,0,0,49.0
30/11/2023,0,0,25.9(-0.77 %),0,0,0,0,0,49.0
01/12/2023,0,0,25.8(-0.77 %),0,0,0,0,0,49.0
04/12/2023,0,0,26.1(1.95 %),0,0,0,0,0,49.0
05/12/2023,-30000,-788500000,26.4(1.54 %),0,0,30000,788500000,0,49.0
06/12/2023,0,0,27.3(4.20 %),0,0,0,0,0,49.0
07/12/2023,0,0,26.5(-2.21 %),0,0,0,0,0,49.0
08/12/2023,0,0,26.3(-1.13 %),0,0,0,0,0,49.0
11/12/2023,-10000,-263000000,26.4(0.00 %),0,0,10000,263000000,0,49.0
12/12/2023,0,0,26.1(-1.14 %),0,0,0,0,0,49.0
13/12/2023,0,0,25.5(-2.67 %),0,0,0,0,0,49.0
14/12/2023,0,0,25.5(-1.16 %),0,0,0,0,0,49.0
15/12/2023,0,0,25.2(-1.56 %),0,0,0,0,0,49.0
18/12/2023,0,0,24.6(-3.15 %),0,0,0,0,0,49.0
19/12/2023,0,0,25(0.40 %),0,0,0,0,0,49.0
20/12/2023,0,0,25.2(1.61 %),0,0,0,0,0,49.0
21/12/2023,0,0,25.1(0.00 %),0,0,0,0,0,49.0
22/12/2023,0,0,25.5(1.59 %),0,0,0,0,0,49.0
25/12/2023,0,0,25.8(1.18 %),0,0,0,0,0,49.0
26/12/2023,0,0,25.9(0.39 %),0,0,0,0,-1898098,0.06
27/12/2023,0,0,25.7(-1.15 %),0,0,0,0,0,0.0
28/12/2023,0,0,25.6(-0.78 %),0,0,0,0,0,0.0
29/12/2023,0,0,25.8(0.78 %),0,0,0,0,-1898098,0.06
02/01/2024,0,0,25.8(-0.39 %),0,0,0,0,-1898098,0.06
03/01/2024,0,0,27.3(5.81 %),0,0,0,0,0,49.0
04/01/2024,0,0,26.9(1.13 %),0,0,0,0,0,49.0
05/01/2024,0,0,26.6(-1.85 %),0,0,0,0,0,49.0
08/01/2024,0,0,26.8(0.37 %),0,0,0,0,0,49.0
09/01/2024,0,0,26.9(0.75 %),0,0,0,0,-1898098,0.06
10/01/2024,0,0,26.5(-2.21 %),0,0,0,0,-1898098,0.06
11/01/2024,0,0,26.5(-0.38 %),0,0,0,0,-1898098,0.06
12/01/2024,0,0,26(-2.26 %),0,0,0,0,0,49.0
15/01/2024,0,0,26.1(0.00 %),0,0,0,0,-1898098,0.06
16/01/2024,0,0,26.7(1.91 %),0,0,0,0,-1898098,0.06
17/01/2024,0,0,26.6(1.14 %),0,0,0,0,-1898098,0.06
18/01/2024,-9033,-240277800,26.6(-0.75 %),0,0,9033,240277800,0,49.0
19/01/2024,0,0,26.7(0.38 %),0,0,0,0,0,49.0
22/01/2024,0,0,27.2(2.26 %),0,0,0,0,0,49.0
23/01/2024,0,0,27.4(1.11 %),0,0,0,0,0,49.0
24/01/2024,-120,-3268400,27.1(-1.81 %),0,0,120,3268400,0,49.0
25/01/2024,0,0,27(-0.37 %),0,0,0,0,0,49.0
26/01/2024,0,0,26.9(0.00 %),0,0,0,0,0,49.0
29/01/2024,0,0,27(0.00 %),0,0,0,0,-1888945,0.06
30/01/2024,-20000,-537989600,26.9(0.00 %),0,0,20000,537989600,-1888945,0.06
31/01/2024,-9500,-264500000,27.7(2.97 %),0,0,9500,264500000,-1888945,0.06
01/02/2024,0,0,28.1(1.08 %),0,0,0,0,0,49.0
02/02/2024,0,0,27.6(-2.13 %),0,0,0,0,-1868945,0.06
05/02/2024,-55,-1495800,27.7(-0.36 %),0,0,55,1495800,0,0.0
06/02/2024,0,0,27.7(0.73 %),0,0,0,0,-1859445,0.06
07/02/2024,0,0,27.5(-0.72 %),0,0,0,0,-1859390,0.06
15/02/2024,0,0,27.6(0.36 %),0,0,0,0,-1859390,0.06
16/02/2024,0,0,27.5(0.00 %),0,0,0,0,-1859390,0.06
19/02/2024,0,0,28(1.82 %),0,0,0,0,-1859390,0.06
20/02/2024,0,0,28.8(3.60 %),0,0,0,0,-1859390,0.06
21/02/2024,-15000,-427500000,28.3(-1.39 %),0,0,15000,427500000,-1859390,0.06
22/02/2024,0,0,28.7(1.06 %),0,0,0,0,-1859390,0.06
23/02/2024,0,0,28.7(0.00 %),0,0,0,0,0,0.0
26/02/2024,0,0,30.1(3.44 %),0,0,0,0,-1844390,0.06
27/02/2024,-100,-3180000,32.3(9.49 %),0,0,100,3180000,0,0.0
28/02/2024,-13500,-442600000,32.5(2.20 %),0,0,13500,442600000,0,0.0
29/02/2024,0,0,32.9(0.92 %),0,0,0,0,-1844290,0.06
01/03/2024,-100,-3390000,34.1(6.23 %),0,0,100,3390000,0,0.0
04/03/2024,0,0,35.4(4.42 %),0,0,0,0,0,0.0
05/03/2024,0,0,38.9(10.83 %),0,0,0,0,-1830690,0.06
06/03/2024,-125650,-4844005000,39(3.45 %),0,0,125650,4844005000,0,0.0
07/03/2024,0,0,38.2(-1.80 %),0,0,0,0,0,0.0
08/03/2024,0,0,36.1(-4.50 %),0,0,0,0,0,0.0
11/03/2024,-13600,-533050000,38.5(5.48 %),0,0,13600,533050000,0,0.0
12/03/2024,-41400,-1636450000,39.6(3.94 %),0,0,41400,1636450000,-1705040,0.06
13/03/2024,-10000,-388000000,39.1(-1.76 %),0,0,10000,388000000,-1691440,0.06
14/03/2024,-5200,-201320000,38.4(-1.54 %),0,0,5200,201320000,0,0.0
15/03/2024,-5000,-190000000,37.6(-2.08 %),0,0,5000,190000000,0,0.0
18/03/2024,0,0,35(-7.16 %),0,0,0,0,-1634840,0.05
19/03/2024,0,0,35.5(0.28 %),0,0,0,0,-1629840,0.05
20/03/2024,0,0,35.8(-0.56 %),0,0,0,0,0,0.0
21/03/2024,-200,-7320000,37(4.52 %),0,0,200,7320000,0,0.0
22/03/2024,-3000,-113100000,36.9(0.82 %),0,0,3000,113100000,0,0.0
25/03/2024,0,0,35.9(-3.23 %),0,0,0,0,-1629640,0.05
26/03/2024,0,0,37.1(2.77 %),0,0,0,0,0,0.0
27/03/2024,-4000,-161590000,40(9.59 %),0,0,4000,161590000,-1626640,0.05
28/03/2024,-400,-16920000,42(7.69 %),0,0,400,16920000,-1626640,0.05
29/03/2024,-2000,-86700000,44.2(5.74 %),0,0,2000,86700000,-1622640,0.05
01/04/2024,-10000,-444000000,45(4.17 %),0,0,10000,444000000,-1622240,0.05
02/04/2024,-11700,-538370000,49.1(10.59 %),0,0,11700,538370000,0,0.0
03/04/2024,-100200,-5132800000,53.4(14.84 %),0,0,100200,5132800000,-1610240,0.05
04/04/2024,-100,-5570000,54.4(2.84 %),0,0,100,5570000,0,0.0
05/04/2024,-300,-16460000,54.8(-1.08 %),0,0,300,16460000,-1498340,0.05
08/04/2024,0,0,48.5(-11.66 %),0,0,0,0,0,0.0
09/04/2024,-1000,-48600000,49(-3.92 %),0,0,1000,48600000,0,0.0
10/04/2024,-25900,-1347300000,49.3(1.86 %),0,0,25900,1347300000,0,0.0
11/04/2024,0,0,52.2(3.37 %),0,0,0,0,-1496940,0.05
12/04/2024,-5500,-293950000,53(4.54 %),0,0,5500,293950000,-1471040,0.05
15/04/2024,0,0,49.6(-6.24 %),0,0,0,0,0,0.0
16/04/2024,-3000,-148800000,52(1.96 %),0,0,3000,148800000,0,0.0
17/04/2024,-100,-5140000,51.8(2.57 %),0,0,100,5140000,0,0.0
19/04/2024,-27982,-1455964900,52.2(0.97 %),0,0,27982,1455964900,0,0.0
22/04/2024,-5000,-264600000,53.4(2.69 %),0,0,5000,264600000,-1462440,0.05
23/04/2024,-4000,-215600000,57.8(9.26 %),0,0,4000,215600000,-1434458,0.05
24/04/2024,-9993,-596575500,55.6(0.00 %),0,0,9993,596575500,0,0.0
25/04/2024,-29978,-1865936100,63.3(5.15 %),0,0,29978,1865936100,0,0.0
26/04/2024,-100,-6790000,67.6(6.79 %),0,0,100,6790000,-1415465,0.05
02/05/2024,-4500,-303720000,68.8(4.40 %),0,0,4500,303720000,-1385487,0.05
03/05/2024,-10500,-714420000,66(-2.80 %),0,0,10500,714420000,-1385387,0.05
06/05/2024,-10000,-661110000,66.4(-1.04 %),0,0,10000,661110000,-1380887,0.05
07/05/2024,-72078,-4940683400,69(3.60 %),0,0,72078,4940683400,-1370387,0.05
08/05/2024,-109681,-7614710300,70(2.19 %),0,0,109681,7614710300,-1360387,0.04
09/05/2024,-95993,-6628493000,67.6(-2.87 %),0,0,95993,6628493000,-1288309,0.04
10/05/2024,-290,-19546000,69.6(1.46 %),0,0,290,19546000,-1178628,0.04
13/05/2024,-64800,-4603600000,71.4(4.39 %),0,0,64800,4603600000,-1082635,0.04
14/05/2024,-21993,-1574526700,73(2.96 %),0,0,21993,1574526700,0,0.0
15/05/2024,-19985,-1463684800,77.5(7.79 %),0,0,19985,1463684800,0,0.0
16/05/2024,-300,-24230000,81.2(7.55 %),0,0,300,24230000,0,0.0
17/05/2024,-200,-17560000,89(10.83 %),0,0,200,17560000,-975567,0.03
20/05/2024,-20136,-1832817700,92.6(6.68 %),0,0,20136,1832817700,-975267,0.03
21/05/2024,-500,-44450000,91.9(0.00 %),0,0,500,44450000,-975067,0.03
22/05/2024,-5100,-479530000,94.2(6.08 %),0,0,5100,479530000,-954931,0.03
23/05/2024,-11800,-1116600000,92(-2.13 %),0,0,11800,1116600000,-954431,0.03
24/05/2024,-600,-55200000,86.4(-6.19 %),0,0,600,55200000,0,0.0
27/05/2024,-1200,-102520000,87.8(0.00 %),0,0,1200,102520000,-937531,0.03
28/05/2024,-172062,-15242185700,90.5(6.10 %),0,0,172062,15242185700,-936931,0.03
29/05/2024,-1585,-140593900,87(-2.47 %),0,0,1585,140593900,-935731,0.03
30/05/2024,-3100,-268030000,87.4(-1.47 %),0,0,3100,268030000,-763669,0.03
31/05/2024,-19900,-1715254500,87.3(1.39 %),0,0,19900,1715254500,-762084,0.03
03/06/2024,-100,-8870000,88.4(1.38 %),0,0,100,8870000,0,0.0
04/06/2024,-400,-36230000,91.6(3.27 %),0,0,400,36230000,0,0.0
05/06/2024,-100,-9340000,92(1.21 %),0,0,100,9340000,0,0.0
06/06/2024,0,0,90.1(-3.43 %),0,0,0,0,-738584,0.02
07/06/2024,0,0,90.3(-0.66 %),0,0,0,0,-738484,0.02
10/06/2024,0,0,89.5(0.11 %),0,0,0,0,0,0.0
11/06/2024,0,0,88.5(-1.01 %),0,0,0,0,0,49.0
12/06/2024,0,0,89.7(0.56 %),0,0,0,0,-738483,0.02
13/06/2024,0,0,91(3.29 %),0,0,0,0,-738483,0.02
14/06/2024,-1000,-99500000,100(10.01 %),0,0,1000,99500000,-738483,0.02
17/06/2024,-5100,-533890000,107(10.54 %),0,0,5100,533890000,-738483,0.02
18/06/2024,-30100,-3373320000,105.9(0.86 %),0,0,30100,3373320000,-737483,0.02
19/06/2024,0,0,108.9(0.09 %),0,0,0,0,-732383,0.02
20/06/2024,0,0,111(4.03 %),0,0,0,0,-702283,0.02
21/06/2024,-200,-22240000,109.7(0.00 %),0,0,200,22240000,-702283,0.02
24/06/2024,0,0,104(-5.37 %),0,0,0,0,-702283,0.02
25/06/2024,-500,-51400000,104.8(0.58 %),0,0,500,51400000,-702083,0.02
26/06/2024,0,0,106.9(3.59 %),0,0,0,0,-702083,0.02
27/06/2024,-600,-63730000,106.8(0.85 %),0,0,600,63730000,-701583,0.02
28/06/2024,-10000,-1037680000,103.3(-3.00 %),0,0,10000,1037680000,-701583,0.02
03/07/2024,0,0,105.1(-0.47 %),0,0,0,0,0,49.0
04/07/2024,0,0,109(3.61 %),0,0,0,0,0,0.0
05/07/2024,-100,-10990000,107.9(0.47 %),0,0,100,10990000,0,0.0
08/07/2024,0,0,107.3(-1.20 %),0,0,0,0,0,0.0
09/07/2024,-100,-10760000,107.9(0.00 %),0,0,100,10760000,0,0.0
10/07/2024,-100,-11020000,111(3.74 %),0,0,100,11020000,0,0.0
11/07/2024,0,0,110.6(0.00 %),0,0,0,0,0,0.0
12/07/2024,0,0,108.6(-2.16 %),0,0,0,0,0,0.0
15/07/2024,0,0,107.8(-1.01 %),0,0,0,0,0,0.0
16/07/2024,0,0,102.3(-5.28 %),0,0,0,0,0,0.0
17/07/2024,0,0,94.6(-9.13 %),0,0,0,0,0,0.0
18/07/2024,0,0,95.9(-1.44 %),0,0,0,0,0,0.0
19/07/2024,0,0,92.5(0.98 %),0,0,0,0,0,0.0
22/07/2024,0,0,82.8(-11.82 %),0,0,0,0,0,0.0
23/07/2024,-1,-73000,72.4(-14.92 %),0,0,1,73000,0,0.0
24/07/2024,-900,-59950000,72.5(-1.49 %),0,0,900,59950000,0,0.0
25/07/2024,0,0,73.1(10.93 %),0,0,0,0,0,0.0
26/07/2024,0,0,72.7(-0.14 %),0,0,0,0,0,0.0
29/07/2024,-2200,-159570000,75.4(6.35 %),0,0,2200,159570000,0,0.0
30/07/2024,0,0,76.7(3.65 %),0,0,0,0,0,0.0
31/07/2024,0,0,72.5(-5.48 %),0,0,0,0,0,0.0
01/08/2024,0,0,63(-14.63 %),0,0,0,0,0,0.0
02/08/2024,-20200,-1226140000,64.2(-2.28 %),0,0,20200,1226140000,0,0.0
05/08/2024,0,0,60.5(-1.47 %),0,0,0,0,0,0.0
06/08/2024,0,0,62.8(1.95 %),0,0,0,0,0,0.0
07/08/2024,0,0,63(0.80 %),0,0,0,0,0,0.0
08/08/2024,0,0,60.9(-3.64 %),0,0,0,0,0,0.0
09/08/2024,0,0,63.3(2.59 %),0,0,0,0,0,0.0
12/08/2024,0,0,63.4(1.44 %),0,0,0,0,0,0.0
13/08/2024,0,0,67.5(6.64 %),0,0,0,0,0,0.0
14/08/2024,0,0,67.1(0.60 %),0,0,0,0,0,0.0
15/08/2024,0,0,63.8(-5.90 %),0,0,0,0,0,0.0
16/08/2024,0,0,67.8(4.79 %),0,0,0,0,0,0.0
19/08/2024,0,0,68.2(2.40 %),0,0,0,0,0,0.0
20/08/2024,0,0,68(-0.44 %),0,0,0,0,0,0.0
21/08/2024,-100,-7080000,70(3.24 %),0,0,100,7080000,0,0.0
22/08/2024,0,0,69.3(-1.00 %),0,0,0,0,0,0.0
23/08/2024,0,0,68.4(-1.58 %),0,0,0,0,0,0.0
26/08/2024,0,0,67.4(-1.32 %),0,0,0,0,0,0.0
27/08/2024,0,0,66.3(-2.50 %),0,0,0,0,0,0.0
28/08/2024,0,0,68(1.95 %),0,0,0,0,0,0.0
29/08/2024,0,0,67.6(0.30 %),0,0,0,0,0,0.0
30/08/2024,0,0,67.6(-0.59 %),0,0,0,0,0,0.0
04/09/2024,0,0,65.9(-2.51 %),0,0,0,0,0,0.0
05/09/2024,0,0,64(-3.18 %),0,0,0,0,0,0.0
06/09/2024,-500,-31600000,63.5(-2.16 %),0,0,500,31600000,0,0.0
09/09/2024,0,0,62.7(-0.79 %),0,0,0,0,0,0.0
10/09/2024,0,0,62.2(-0.80 %),0,0,0,0,0,0.0
11/09/2024,0,0,61.8(-1.12 %),0,0,0,0,0,0.0
12/09/2024,0,0,62.5(1.63 %),0,0,0,0,0,0.0
13/09/2024,0,0,62.1(-0.80 %),0,0,0,0,0,0.0
16/09/2024,0,0,60.9(-2.09 %),0,0,0,0,0,0.0
17/09/2024,0,0,61.8(0.82 %),0,0,0,0,0,0.0
18/09/2024,0,0,67.5(9.76 %),0,0,0,0,0,0.0
19/09/2024,0,0,67.9(2.88 %),0,0,0,0,0,0.0
20/09/2024,0,0,66.5(-2.78 %),0,0,0,0,0,0.0
23/09/2024,0,0,65.5(-2.82 %),0,0,0,0,0,0.0
24/09/2024,0,0,67(1.82 %),0,0,0,0,0,0.0
25/09/2024,0,0,66.5(-0.89 %),0,0,0,0,0,0.0
26/09/2024,0,0,66(-0.75 %),0,0,0,0,0,0.0
27/09/2024,0,0,65(-2.11 %),0,0,0,0,0,0.0
30/09/2024,-7300,-473770000,64.3(-1.38 %),0,0,7300,473770000,0,0.0
01/10/2024,-2700,-173880000,65.6(1.86 %),0,0,2700,173880000,0,0.0
02/10/2024,0,0,64.7(-1.82 %),0,0,0,0,0,0.0
03/10/2024,0,0,64(-0.93 %),0,0,0,0,0,0.0
04/10/2024,0,0,64.7(0.78 %),0,0,0,0,0,0.0
07/10/2024,-10,-643000,64(-0.47 %),0,0,10,643000,0,0.0
08/10/2024,0,0,63.6(-0.78 %),0,0,0,0,0,0.0
09/10/2024,-100,-6490000,66.2(4.09 %),0,0,100,6490000,0,0.0
10/10/2024,-100,-6710000,66.4(0.45 %),0,0,100,6710000,0,0.0
11/10/2024,0,0,67.5(1.20 %),0,0,0,0,0,0.0
14/10/2024,0,0,69.3(3.43 %),0,0,0,0,0,0.0
15/10/2024,0,0,66.8(-4.30 %),0,0,0,0,0,0.0
16/10/2024,0,0,66.9(-1.76 %),0,0,0,0,0,0.0
17/10/2024,0,0,67.5(0.90 %),0,0,0,0,0,0.0
18/10/2024,0,0,67.1(0.75 %),0,0,0,0,0,0.0
21/10/2024,0,0,66.2(-2.36 %),0,0,0,0,0,0.0
22/10/2024,0,0,65(-2.40 %),0,0,0,0,0,0.0
23/10/2024,0,0,65.3(0.15 %),0,0,0,0,0,0.0
24/10/2024,0,0,65.2(0.15 %),0,0,0,0,0,0.0
25/10/2024,0,0,66.4(0.91 %),0,0,0,0,0,0.0
28/10/2024,-600,-41160000,69(4.39 %),0,0,600,41160000,0,0.0
29/10/2024,-100,-6990000,73.4(6.53 %),0,0,100,6990000,0,0.0
30/10/2024,0,0,72.3(0.00 %),0,0,0,0,0,0.0
31/10/2024,0,0,71.5(-0.69 %),0,0,0,0,0,0.0
01/11/2024,0,0,69.3(-4.68 %),0,0,0,0,0,0.0
04/11/2024,-200,-14000000,70.9(1.29 %),0,0,200,14000000,0,0.0
05/11/2024,-15000,-1078500000,72.7(4.01 %),0,0,15000,1078500000,0,0.0
06/11/2024,0,0,72.8(0.83 %),0,0,0,0,0,0.0
07/11/2024,-100,-7920000,78.4(7.10 %),0,0,100,7920000,0,0.0
08/11/2024,0,0,82.8(7.39 %),0,0,0,0,0,0.0
11/11/2024,-700,-59330000,83.3(2.08 %),0,0,700,59330000,0,0.0
12/11/2024,0,0,87.3(2.59 %),0,0,0,0,-618272,0.02
13/11/2024,-500,-42900000,86(0.82 %),0,0,500,42900000,0,0.0
14/11/2024,0,0,81.8(-5.32 %),0,0,0,0,0,0.0
15/11/2024,0,0,85.1(1.07 %),0,0,0,0,0,0.0
18/11/2024,0,0,84.9(2.17 %),0,0,0,0,0,0.0
19/11/2024,0,0,79.8(-6.23 %),0,0,0,0,0,0.0
20/11/2024,0,0,77.8(-6.15 %),0,0,0,0,0,0.0
21/11/2024,-100,-8190000,82.3(7.16 %),0,0,100,8190000,0,0.0
22/11/2024,0,0,82.9(2.85 %),0,0,0,0,0,0.0
25/11/2024,-10000,-824000000,82.6(-0.36 %),0,0,10000,824000000,-639172,0.02
26/11/2024,-5000,-412000000,82(-0.49 %),0,0,5000,412000000,-639172,0.02
27/11/2024,0,0,84.4(1.44 %),0,0,0,0,-629172,0.02
28/11/2024,0,0,88(5.26 %),0,0,0,0,-624172,0.02
29/11/2024,-5300,-479900000,91(4.84 %),0,0,5300,479900000,-624172,0.02
02/12/2024,0,0,0(0.00 %),0,0,0,0,-624172,0.02
03/12/2024,0,0,0(0.00 %),0,0,0,0,-618872,0.02
04/12/2024,0,0,0(0.00 %),0,0,0,0,-618872,0.02
05/12/2024,-500,-44050000,0(0.00 %),0,0,500,44050000,-618872,0.02
09/12/2024,-100,-9110000,92(1.88 %),0,0,100,9110000,-618372,0.02
10/12/2024,-10,-911000,92.5(1.43 %),0,0,10,911000,-618372,0.02
16/12/2024,-500,-44750000,90.3(1.01 %),0,0,500,44750000,-618262,0.02
17/12/2024,0,0,90.8(1.57 %),0,0,0,0,-618262,0.02
18/12/2024,0,0,90.9(0.00 %),0,0,0,0,-617762,0.02
19/12/2024,-500,-47000000,94.1(3.98 %),0,0,500,47000000,-617762,0.02
20/12/2024,0,0,95.9(3.23 %),0,0,0,0,-617762,0.02
24/12/2024,0,0,95(-0.52 %),0,0,0,0,-617262,0.02
25/12/2024,0,0,94.8(0.32 %),0,0,0,0,-617262,0.02
26/12/2024,0,0,93.7(-1.26 %),0,0,0,0,-615762,0.02
27/12/2024,0,0,90.1(-4.15 %),0,0,0,0,-615762,0.02
30/12/2024,0,0,92(0.77 %),0,0,0,0,-615762,0.02
31/12/2024,0,0,91.7(1.21 %),0,0,0,0,-615762,0.02
02/01/2025,0,0,92.1(1.10 %),0,0,0,0,-615762,0.02
03/01/2025,-100,-9240000,91.6(0.11 %),0,0,100,9240000,-615762,0.02
06/01/2025,0,0,91.4(-0.98 %),0,0,0,0,-615762,0.02
07/01/2025,0,0,90.2(-2.80 %),0,0,0,0,0,0.0
08/01/2025,0,0,89(-2.20 %),0,0,0,0,-615662,0.02
09/01/2025,0,0,88.6(0.00 %),0,0,0,0,-615662,0.02
10/01/2025,0,0,85.2(-4.59 %),0,0,0,0,-615662,0.02
13/01/2025,0,0,84(-3.56 %),0,0,0,0,-615662,0.02
14/01/2025,-100,-8480000,83.9(0.00 %),0,0,100,8480000,-615662,0.02
15/01/2025,0,0,83.2(-1.54 %),0,0,0,0,-615662,0.02
16/01/2025,0,0,86.2(3.61 %),0,0,0,0,0,0.0
17/01/2025,0,0,88.1(3.28 %),0,0,0,0,-615562,0.02
20/01/2025,-200,-17480000,86.8(-1.14 %),0,0,200,17480000,-615562,0.02
21/01/2025,0,0,90.5(4.14 %),0,0,0,0,-615562,0.02
22/01/2025,0,0,92.2(3.48 %),0,0,0,0,-615362,0.02
23/01/2025,0,0,91.2(-0.98 %),0,0,0,0,-615362,0.02
24/01/2025,0,0,91.6(0.00 %),0,0,0,0,-615362,0.02
03/02/2025,0,0,0(0.00 %),0,0,0,0,-615362,0.02
04/02/2025,-400,-35800000,90.1(1.24 %),0,0,400,35800000,-615362,0.02
05/02/2025,-1000,-90500000,91.3(2.13 %),0,0,1000,90500000,-615362,0.02
06/02/2025,-200,-18400000,91.1(0.55 %),0,0,200,18400000,-614962,0.02
07/02/2025,0,0,89.9(-2.39 %),0,0,0,0,-613962,0.02
10/02/2025,0,0,85.3(-5.43 %),0,0,0,0,-613762,0.02
11/02/2025,0,0,86(-0.12 %),0,0,0,0,-613762,0.02
12/02/2025,0,0,86.3(0.58 %),0,0,0,0,-613762,0.02
13/02/2025,0,0,84.7(-1.97 %),0,0,0,0,-613762,0.02
14/02/2025,0,0,85.8(1.06 %),0,0,0,0,-613762,0.02
17/02/2025,0,0,83.6(-1.76 %),0,0,0,0,-613762,0.02
18/02/2025,0,0,84(0.00 %),0,0,0,0,-613762,0.02
19/02/2025,0,0,85(1.67 %),0,0,0,0,-613762,0.02
20/02/2025,0,0,84.5(0.00 %),0,0,0,0,-613762,0.02
21/02/2025,0,0,83.9(-0.71 %),0,0,0,0,-613762,0.02
24/02/2025,-100,-8080000,80.5(-4.05 %),0,0,100,8080000,-613762,0.02
25/02/2025,0,0,79(-1.99 %),0,0,0,0,-613762,0.02
26/02/2025,0,0,81.7(3.42 %),0,0,0,0,-613662,0.02
27/02/2025,-100,-8050000,80.8(-0.62 %),0,0,100,8050000,-613662,0.02
28/02/2025,0,0,81.7(1.24 %),0,0,0,0,-613662,0.02
03/03/2025,0,0,83(2.09 %),0,0,0,0,-613562,0.02
04/03/2025,0,0,82.4(0.00 %),0,0,0,0,-613562,0.02
05/03/2025,-30,-2475000,82(-0.73 %),0,0,30,2475000,-613562,0.02
06/03/2025,0,0,82.7(0.73 %),0,0,0,0,-613562,0.02
07/03/2025,-130,-10740000,82.8(0.61 %),0,0,130,10740000,-613532,0.02
10/03/2025,0,0,81.5(-1.57 %),0,0,0,0,-613532,0.02
11/03/2025,0,0,80.6(-1.71 %),0,0,0,0,-613532,0.02
12/03/2025,0,0,79.7(-0.75 %),0,0,0,0,-613402,0.02
13/03/2025,0,0,79.2(-0.88 %),0,0,0,0,-613402,0.02
14/03/2025,0,0,77.2(-3.02 %),0,0,0,0,-613402,0.02
17/03/2025,0,0,0(0.00 %),0,0,0,0,-613402,0.02
18/03/2025,0,0,77.7(2.78 %),0,0,0,0,-613402,0.02
19/03/2025,-100,-7780000,76.2(-1.42 %),0,0,100,7780000,-613402,0.02
20/03/2025,-30,-2313000,76.8(-0.26 %),0,0,30,2313000,-613402,0.02
21/03/2025,-100,-7790000,77.8(2.10 %),0,0,100,7790000,-613302,0.02
24/03/2025,0,0,77.6(-0.39 %),0,0,0,0,-613272,0.02
25/03/2025,0,0,76.7(-0.39 %),0,0,0,0,-613172,0.02
26/03/2025,0,0,76.9(0.00 %),0,0,0,0,-613172,0.02
27/03/2025,0,0,76(-1.30 %),0,0,0,0,-613172,0.02
28/03/2025,0,0,75(-1.45 %),0,0,0,0,-613172,0.02
31/03/2025,-20,-1450100,73(-2.93 %),0,0,20,1450100,-613172,0.02
01/04/2025,0,0,71.4(-0.14 %),0,0,0,0,-613172,0.02
02/04/2025,-110,-7964000,72.4(1.26 %),0,0,110,7964000,-613152,0.02
03/04/2025,0,0,61.9(-14.38 %),0,0,0,0,-613152,0.02
04/04/2025,-100,-6250000,63.3(-1.25 %),0,0,100,6250000,-613042,0.02
08/04/2025,-100,-5690000,55.5(-7.65 %),0,0,100,5690000,-613042,0.02
09/04/2025,0,0,56.2(-2.94 %),0,0,0,0,-612942,0.02
10/04/2025,0,0,64.4(15.00 %),0,0,0,0,-612842,0.02
11/04/2025,0,0,68.3(6.39 %),0,0,0,0,-612842,0.02
14/04/2025,0,0,68.2(1.19 %),0,0,0,0,-612842,0.02
15/04/2025,0,0,65.9(-3.80 %),0,0,0,0,-612842,0.02
16/04/2025,0,0,64.8(-2.11 %),0,0,0,0,0,0.02
17/04/2025,0,0,64.4(-1.38 %),0,0,0,0,0,0.02
18/04/2025,0,0,65.4(2.99 %),0,0,0,0,0,0.02
21/04/2025,0,0,64.6(-1.52 %),0,0,0,0,0,0.02
22/04/2025,0,0,62.8(-3.24 %),0,0,0,0,-612842,0.02
23/04/2025,-200,-13460000,67.5(9.93 %),0,0,200,13460000,-612842,0.02
24/04/2025,-100,-6850000,69.4(4.20 %),0,0,100,6850000,-612842,0.02
25/04/2025,-200,-13700000,68.3(-2.71 %),0,0,200,13700000,-612642,0.02
28/04/2025,0,0,68.1(-0.73 %),0,0,0,0,-612542,0.02
29/04/2025,0,0,68(-1.16 %),0,0,0,0,-612342,0.02
05/05/2025,0,0,68.4(1.03 %),0,0,0,0,-612342,0.02
06/05/2025,0,0,70.1(2.79 %),0,0,0,0,-612342,0.02
07/05/2025,0,0,69.7(-0.57 %),0,0,0,0,-612342,0.02
08/05/2025,0,0,70(0.43 %),0,0,0,0,-612342,0.02
09/05/2025,0,0,70.4(0.86 %),0,0,0,0,-612342,0.02
12/05/2025,0,0,70.3(-0.42 %),0,0,0,0,-612342,0.02
13/05/2025,0,0,70.6(0.57 %),0,0,0,0,-612342,0.02
14/05/2025,0,0,73.1(3.10 %),0,0,0,0,-612342,0.02
15/05/2025,0,0,72.5(0.55 %),0,0,0,0,-612342,0.02
16/05/2025,0,0,72.2(-0.41 %),0,0,0,0,-612342,0.02
19/05/2025,0,0,70.6(-2.49 %),0,0,0,0,-612342,0.02
20/05/2025,0,0,70.2(-1.13 %),0,0,0,0,-612342,0.02
21/05/2025,0,0,69(-1.71 %),0,0,0,0,-612242,0.02
22/05/2025,0,0,68(-2.02 %),0,0,0,0,-612242,0.02
23/05/2025,0,0,68.3(0.00 %),0,0,0,0,-612242,0.02
26/05/2025,0,0,69.5(1.31 %),0,0,0,0,0,0.02
27/05/2025,0,0,68.9(0.73 %),0,0,0,0,0,0.02
28/05/2025,0,0,68.6(-0.29 %),0,0,0,0,0,0.02
29/05/2025,0,0,68.8(0.00 %),0,0,0,0,-611752,0.02
30/05/2025,0,0,68(-1.45 %),0,0,0,0,-611752,0.02
02/06/2025,0,0,67.8(-0.59 %),0,0,0,0,-611752,0.02
03/06/2025,0,0,68(0.89 %),0,0,0,0,-611752,0.02
04/06/2025,0,0,69.3(1.76 %),0,0,0,0,-611752,0.02
05/06/2025,0,0,71.2(3.04 %),0,0,0,0,-611752,0.02
06/06/2025,0,0,70.8(-0.14 %),0,0,0,0,-611752,0.02
09/06/2025,0,0,69.4(-3.34 %),0,0,0,0,-611752,0.02
10/06/2025,0,0,71.7(2.72 %),0,0,0,0,-611752,0.02
11/06/2025,0,0,76(5.85 %),0,0,0,0,-611752,0.02
12/06/2025,0,0,74.9(-0.40 %),0,0,0,0,-611752,0.02
13/06/2025,0,0,72.2(-3.99 %),0,0,0,0,-611752,0.02
16/06/2025,0,0,74.4(2.62 %),0,0,0,0,-611752,0.02
17/06/2025,0,0,73.6(0.00 %),0,0,0,0,-611752,0.02
18/06/2025,0,0,72.6(-1.36 %),0,0,0,0,-611752,0.02
19/06/2025,0,0,72.5(-1.09 %),0,0,0,0,-611752,0.02
20/06/2025,0,0,71.9(-0.83 %),0,0,0,0,-611752,0.02
23/06/2025,0,0,71(-1.66 %),0,0,0,0,-611752,0.02
24/06/2025,0,0,72(1.41 %),0,0,0,0,-611752,0.02
25/06/2025,0,0,71.9(-0.14 %),0,0,0,0,-611752,0.02
26/06/2025,0,0,72.1(-0.14 %),0,0,0,0,-611752,0.02
27/06/2025,0,0,73.6(2.08 %),0,0,0,0,-611752,0.02
30/06/2025,0,0,74.3(1.09 %),0,0,0,0,-611752,0.02
01/07/2025,0,0,73.2(-1.88 %),0,0,0,0,-611752,0.02
02/07/2025,0,0,73.5(-0.14 %),0,0,0,0,-611752,0.02
03/07/2025,0,0,74(0.95 %),0,0,0,0,-611752,0.02
04/07/2025,0,0,75.2(1.48 %),0,0,0,0,-611722,0.02
07/07/2025,0,0,75.3(0.40 %),0,0,0,0,-611722,0.02
08/07/2025,0,0,74.8(-1.19 %),0,0,0,0,-611722,0.02
09/07/2025,0,0,74.7(-0.53 %),0,0,0,0,-611622,0.02
10/07/2025,-100,-7690000,75.9(1.20 %),0,0,100,7690000,-611622,0.02
11/07/2025,0,0,75.5(-1.18 %),0,0,0,0,-611622,0.02
14/07/2025,0,0,75.8(-0.39 %),0,0,0,0,-611522,0.02
15/07/2025,0,0,74.5(-1.32 %),0,0,0,0,-611522,0.02
16/07/2025,0,0,74.7(0.00 %),0,0,0,0,-611522,0.02
17/07/2025,0,0,75.2(0.53 %),0,0,0,0,-611522,0.02
18/07/2025,0,0,74.7(-0.80 %),0,0,0,0,-611522,0.02
21/07/2025,0,0,73.4(-1.87 %),0,0,0,0,-611522,0.02
22/07/2025,0,0,74.3(0.41 %),0,0,0,0,-611522,0.02
23/07/2025,-100,-7400000,74.3(1.09 %),0,0,100,7400000,-611522,0.02
24/07/2025,0,0,74.2(-0.13 %),0,0,0,0,-611522,0.02
25/07/2025,0,0,77.2(3.21 %),0,0,0,0,-611422,0.02
28/07/2025,0,0,78.1(2.09 %),0,0,0,0,-611422,0.02
29/07/2025,0,0,73.1(-6.64 %),0,0,0,0,-611422,0.02
30/07/2025,0,0,74.2(-2.11 %),0,0,0,0,-611422,0.02
31/07/2025,0,0,72.6(-1.89 %),0,0,0,0,-611422,0.02
01/08/2025,0,0,72.8(-0.27 %),0,0,0,0,-611422,0.02
04/08/2025,0,0,73.2(0.41 %),0,0,0,0,-611422,0.02
05/08/2025,0,0,73.2(0.14 %),0,0,0,0,-611422,0.02
06/08/2025,-100,-7460000,76.8(5.21 %),0,0,100,7460000,-611422,0.02
07/08/2025,0,0,76.1(0.93 %),0,0,0,0,-611372,0.02
08/08/2025,0,0,81.4(6.27 %),0,0,0,0,-611272,0.02
11/08/2025,0,0,81.1(1.25 %),0,0,0,0,-611272,0.02
12/08/2025,0,0,80.4(-1.35 %),0,0,0,0,-611272,0.02
13/08/2025,0,0,82(2.63 %),0,0,0,0,-611272,0.02
14/08/2025,0,0,80.8(-0.25 %),0,0,0,0,-611272,0.02
15/08/2025,0,0,78.8(-2.35 %),0,0,0,0,-611272,0.02
18/08/2025,0,0,77.2(-2.53 %),0,0,0,0,-611222,0.02
19/08/2025,0,0,77.9(0.13 %),0,0,0,0,-611222,0.02
20/08/2025,0,0,75.1(-2.72 %),0,0,0,0,0,0.02
21/08/2025,0,0,74(-2.12 %),0,0,0,0,0,0.02
22/08/2025,-100,-7370000,72.9(-1.49 %),0,0,100,7370000,0,0.02
25/08/2025,0,0,73(-0.95 %),0,0,0,0,-611197,0.02
