Ngay,KLGDRong,GTDGRong,ThayDoi,KLMua,GtMua,KLBan,GtBan,RoomConLai,DangSoHuu
30/05/2017,0,0,0(0.00 %),0,0,0,0,8820000,0.0
31/05/2017,0,0,0(0.00 %),0,0,0,0,8820000,0.0
01/06/2017,0,0,0(0.00 %),0,0,0,0,8820000,0.0
02/06/2017,0,0,0(0.00 %),0,0,0,0,8820000,0.0
05/06/2017,0,0,0(0.00 %),0,0,0,0,8820000,0.0
06/06/2017,0,0,0(0.00 %),0,0,0,0,8820000,0.0
07/06/2017,0,0,0(0.00 %),0,0,0,0,8820000,0.0
08/06/2017,0,0,23(6.98 %),0,0,0,0,8820000,0.0
09/06/2017,10200,250920000,24.6(6.96 %),10200,250920000,0,0,8809800,0.06
12/06/2017,2700,71010000,26.3(6.91 %),2700,71010000,0,0,8807100,0.07
13/06/2017,3500,98350000,28.1(6.84 %),3500,98350000,0,0,8803600,0.09
14/06/2017,1250,37560000,30.05(6.94 %),5250,157760000,4000,120200000,8798350,0.12
15/06/2017,-1000,-32150000,32.15(6.99 %),0,0,1000,32150000,8798350,0.12
16/06/2017,6000,206400000,34.4(7.00 %),6000,206400000,0,0,8792350,0.15
19/06/2017,2450,90160000,36.8(6.98 %),2450,90160000,0,0,8793900,0.14
20/06/2017,-1800,-70830000,39.35(6.93 %),200,7870000,2000,78700000,8794700,0.14
21/06/2017,-6530,-246200000,36.6(-6.99 %),300,12630000,6830,258830000,8794400,0.14
22/06/2017,-60,-2040000,34.05(-6.97 %),0,0,60,2040000,8794400,0.14
23/06/2017,0,0,31.7(-6.90 %),0,0,0,0,8796400,0.13
26/06/2017,-6070,-179070000,29.5(-6.94 %),3000,88500000,9070,267570000,8800230,0.11
27/06/2017,-1390,-38160000,27.45(-6.95 %),1000,27450000,2390,65610000,8799290,0.12
28/06/2017,0,0,25.55(-6.92 %),0,0,0,0,8799290,0.12
29/06/2017,-2490,-59360000,24(-6.07 %),10,240000,2500,59600000,8808350,0.06
30/06/2017,0,0,25.65(6.87 %),0,0,0,0,8810740,0.05
03/07/2017,0,0,27.4(6.82 %),0,0,0,0,8810740,0.05
04/07/2017,6000,175800000,29.3(6.93 %),6000,175800000,0,0,8807240,0.07
05/07/2017,1230,37940000,31.3(6.83 %),2520,78300000,1290,40360000,8804720,0.08
06/07/2017,-2620,-76590000,30.5(-2.56 %),380,11170000,3000,87760000,8804340,0.09
07/07/2017,-5400,-157870000,29.4(-3.61 %),300,8850000,5700,166720000,8804040,0.09
10/07/2017,-720,-20880000,29(-1.36 %),0,0,720,20880000,8814030,0.03
11/07/2017,0,0,28.4(-2.07 %),0,0,0,0,8808330,0.06
12/07/2017,-380,-11060000,29.5(3.87 %),0,0,380,11060000,8814030,0.03
13/07/2017,0,0,30.5(3.39 %),0,0,0,0,8814750,0.03
14/07/2017,-140,-3930000,28.4(-6.89 %),30,910000,170,4840000,8814720,0.03
17/07/2017,20,560000,26.85(-5.46 %),20,560000,0,0,8815080,0.03
18/07/2017,-300,-8100000,28.4(5.77 %),0,0,300,8100000,8815080,0.03
19/07/2017,0,0,28.9(1.76 %),0,0,0,0,8815250,0.03
20/07/2017,-1640,-44550000,26.9(-6.92 %),0,0,1640,44550000,8815250,0.03
21/07/2017,0,0,28.3(5.20 %),0,0,0,0,8815550,0.02
24/07/2017,0,0,27.4(-3.18 %),0,0,0,0,8815550,0.02
25/07/2017,0,0,27.5(0.36 %),0,0,0,0,8817190,0.02
26/07/2017,0,0,28.5(3.64 %),0,0,0,0,8817190,0.02
27/07/2017,0,0,28.5(0.00 %),0,0,0,0,8817190,0.02
28/07/2017,0,0,27.95(-1.93 %),0,0,0,0,8817190,0.02
31/07/2017,0,0,28.3(1.25 %),0,0,0,0,8817190,0.02
01/08/2017,0,0,28(-1.06 %),0,0,0,0,8817190,0.02
02/08/2017,0,0,27.9(-0.36 %),0,0,0,0,8817190,0.02
03/08/2017,0,0,27.85(-0.18 %),0,0,0,0,8817190,0.02
04/08/2017,0,0,27.8(-0.18 %),0,0,0,0,8817190,0.02
07/08/2017,0,0,27.8(0.00 %),0,0,0,0,8817190,0.02
08/08/2017,0,0,27.4(-1.44 %),0,0,0,0,8817190,0.02
09/08/2017,0,0,27.7(1.09 %),0,0,0,0,8817190,0.02
10/08/2017,0,0,29(4.69 %),0,0,0,0,8817190,0.02
11/08/2017,0,0,29.2(0.69 %),0,0,0,0,8817190,0.02
14/08/2017,0,0,29.4(0.68 %),0,0,0,0,8817190,0.02
15/08/2017,0,0,29.7(1.02 %),0,0,0,0,8817190,0.02
16/08/2017,0,0,29.9(0.67 %),0,0,0,0,8817190,0.02
17/08/2017,0,0,29.7(-0.67 %),0,0,0,0,8817190,0.02
18/08/2017,0,0,27.65(-6.90 %),0,0,0,0,8817190,0.02
21/08/2017,0,0,27.65(0.00 %),0,0,0,0,8817190,0.02
22/08/2017,0,0,27.65(0.00 %),0,0,0,0,8817190,0.02
23/08/2017,0,0,28(1.27 %),0,0,0,0,8817190,0.02
24/08/2017,0,0,28.1(0.36 %),0,0,0,0,8817190,0.02
25/08/2017,0,0,29.2(3.91 %),0,0,0,0,8817190,0.02
28/08/2017,0,0,29(-0.68 %),0,0,0,0,8817190,0.02
29/08/2017,0,0,29.2(0.69 %),0,0,0,0,8817190,0.02
30/08/2017,0,0,29.25(0.17 %),0,0,0,0,8817190,0.02
31/08/2017,0,0,29.2(-0.17 %),0,0,0,0,8817190,0.02
01/09/2017,0,0,29.2(0.00 %),0,0,0,0,8817190,0.02
05/09/2017,-2000,-54710000,29.5(1.03 %),0,0,2000,54710000,8817190,0.02
06/09/2017,-700,-19270000,28(-5.08 %),0,0,700,19270000,8817190,0.02
07/09/2017,0,0,29(3.57 %),0,0,0,0,8817190,0.02
08/09/2017,0,0,29(0.00 %),0,0,0,0,8819190,0.0
11/09/2017,0,0,29.1(0.34 %),0,0,0,0,8819890,0.0
12/09/2017,0,0,29.4(1.03 %),0,0,0,0,8819890,0.0
13/09/2017,0,0,29(-1.36 %),0,0,0,0,8819890,0.0
14/09/2017,1900,55480000,29(0.00 %),1900,55480000,0,0,8817990,0.01
15/09/2017,0,0,28.8(-0.69 %),0,0,0,0,8817990,0.01
18/09/2017,0,0,27(-6.25 %),0,0,0,0,8817990,0.01
19/09/2017,0,0,26(-3.70 %),0,0,0,0,8817990,0.01
20/09/2017,-2000,-51710000,25.7(-1.15 %),0,0,2000,51710000,8817990,0.01
21/09/2017,0,0,27(5.06 %),0,0,0,0,8817990,0.01
22/09/2017,0,0,27.5(1.85 %),0,0,0,0,8817990,0.01
25/09/2017,0,0,27.9(1.45 %),0,0,0,0,8819990,0.0
26/09/2017,0,0,28.5(2.15 %),0,0,0,0,8819990,0.0
27/09/2017,180,5170000,29(1.75 %),180,5170000,0,0,8819810,0.0
28/09/2017,0,0,29.5(1.72 %),0,0,0,0,8819810,0.0
29/09/2017,0,0,29.7(0.68 %),0,0,0,0,8819810,0.0
02/10/2017,0,0,29.9(0.67 %),0,0,0,0,8819810,0.0
03/10/2017,0,0,30(0.33 %),0,0,0,0,8819810,0.0
04/10/2017,0,0,30(0.00 %),0,0,0,0,8819810,0.0
05/10/2017,0,0,29.9(-0.33 %),0,0,0,0,8819810,0.0
06/10/2017,0,0,29.8(-0.33 %),0,0,0,0,8819810,0.0
09/10/2017,0,0,29.9(0.34 %),0,0,0,0,8819810,0.0
10/10/2017,0,0,29.9(0.00 %),0,0,0,0,8819810,0.0
11/10/2017,0,0,29.9(0.00 %),0,0,0,0,8819810,0.0
12/10/2017,0,0,29.9(0.00 %),0,0,0,0,8819810,0.0
13/10/2017,0,0,30(0.33 %),0,0,0,0,8819810,0.0
16/10/2017,0,0,29.5(-1.67 %),0,0,0,0,8819810,0.0
17/10/2017,0,0,28.5(-3.39 %),0,0,0,0,8819810,0.0
18/10/2017,0,0,27.5(-3.51 %),0,0,0,0,8819810,0.0
19/10/2017,0,0,27(-1.82 %),0,0,0,0,8819810,0.0
20/10/2017,0,0,26.8(-0.74 %),0,0,0,0,8819810,0.0
23/10/2017,0,0,26.7(-0.37 %),0,0,0,0,8819810,0.0
24/10/2017,0,0,26.45(-0.94 %),0,0,0,0,8819810,0.0
25/10/2017,0,0,26.2(-0.95 %),0,0,0,0,8819810,0.0
26/10/2017,0,0,26.15(-0.19 %),0,0,0,0,8819810,0.0
27/10/2017,0,0,25.15(0.00 %),0,0,0,0,8819810,0.0
30/10/2017,0,0,23.5(-6.56 %),0,0,0,0,8819810,0.0
31/10/2017,0,0,24(2.13 %),0,0,0,0,8819810,0.0
01/11/2017,0,0,23.5(-2.08 %),0,0,0,0,8819810,0.0
02/11/2017,0,0,23.3(-0.85 %),0,0,0,0,8819810,0.0
03/11/2017,0,0,22.9(-1.72 %),0,0,0,0,8819810,0.0
06/11/2017,0,0,22(-3.93 %),0,0,0,0,8819810,0.0
07/11/2017,0,0,21.7(-1.36 %),0,0,0,0,8819810,0.0
08/11/2017,0,0,20.2(-6.91 %),0,0,0,0,8819810,0.0
09/11/2017,10,190000,18.8(-6.93 %),10,190000,0,0,8819800,0.0
10/11/2017,0,0,18(-4.26 %),0,0,0,0,8819800,0.0
13/11/2017,0,0,17(-5.56 %),0,0,0,0,8819800,0.0
14/11/2017,1800,29840000,16(-5.88 %),1800,29840000,0,0,8818000,0.01
15/11/2017,0,0,16.3(1.88 %),0,0,0,0,8818000,0.01
16/11/2017,5460,90750000,16.9(3.68 %),5460,90750000,0,0,8812540,0.04
17/11/2017,0,0,16.85(-0.30 %),0,0,0,0,8812540,0.04
20/11/2017,11700,198860000,17.1(1.48 %),11700,198860000,0,0,8800840,0.11
21/11/2017,1000,16000000,17(-0.58 %),1000,16000000,0,0,8799840,0.11
22/11/2017,0,0,16.8(-1.18 %),0,0,0,0,8799840,0.11
23/11/2017,1200,18840000,16.8(0.00 %),1200,18840000,0,0,8798640,0.12
24/11/2017,-1000,-17200000,17.5(4.17 %),0,0,1000,17200000,8798640,0.12
27/11/2017,0,-100000,18.2(4.00 %),1000,17100000,1000,17200000,8797640,0.12
28/11/2017,-990,-18120000,18.6(2.20 %),10,180000,1000,18300000,8797630,0.12
29/11/2017,-500,-9200000,18.8(1.08 %),0,0,500,9200000,8798630,0.12
30/11/2017,650,12480000,19.2(2.13 %),650,12480000,0,0,8798980,0.12
01/12/2017,-140,-2720000,19.3(0.52 %),0,0,140,2720000,8799980,0.11
04/12/2017,-360,-7040000,20(3.63 %),0,0,360,7040000,8800480,0.11
05/12/2017,0,0,19.2(-4.00 %),0,0,0,0,8800480,0.11
06/12/2017,0,0,18.9(-1.56 %),0,0,0,0,8800620,0.11
07/12/2017,0,0,19.1(1.06 %),0,0,0,0,8800980,0.11
08/12/2017,0,0,19.4(1.57 %),0,0,0,0,8800980,0.11
11/12/2017,500,9030000,19(-2.06 %),500,9030000,0,0,8800480,0.11
12/12/2017,1000,18500000,18.7(-1.58 %),1000,18500000,0,0,8799480,0.11
13/12/2017,0,0,18.9(1.07 %),0,0,0,0,8799480,0.11
14/12/2017,0,0,20.2(6.88 %),0,0,0,0,8799480,0.11
15/12/2017,-1500,-30300000,21.5(6.44 %),0,0,1500,30300000,8799480,0.11
18/12/2017,0,0,21.9(1.86 %),0,0,0,0,8799480,0.11
19/12/2017,0,0,22(0.46 %),0,0,0,0,8799480,0.11
20/12/2017,0,0,22.5(2.27 %),0,0,0,0,8800980,0.11
21/12/2017,0,0,24(6.67 %),0,0,0,0,8800980,0.11
22/12/2017,1000,24700000,24.6(2.50 %),1000,24700000,0,0,8799980,0.11
25/12/2017,0,0,24.3(-1.22 %),0,0,0,0,8799980,0.11
26/12/2017,0,0,24.2(-0.41 %),0,0,0,0,8799980,0.11
27/12/2017,-1000,-23800000,24.4(0.83 %),0,0,1000,23800000,8799980,0.11
28/12/2017,0,0,24.6(0.82 %),0,0,0,0,8799980,0.11
29/12/2017,0,0,24.7(0.41 %),0,0,0,0,8799980,0.11
02/01/2018,0,0,23.4(-5.26 %),0,0,0,0,8800980,0.11
03/01/2018,0,0,23.4(0.00 %),0,0,0,0,8800980,0.11
04/01/2018,0,0,23.4(0.00 %),0,0,0,0,8800980,0.11
05/01/2018,0,0,23.4(0.00 %),0,0,0,0,8800980,0.11
08/01/2018,0,0,22.6(-3.42 %),0,0,0,0,8800980,0.11
09/01/2018,0,0,22.6(0.00 %),0,0,0,0,8800980,0.11
10/01/2018,0,0,21.6(-4.42 %),0,0,0,0,8800980,0.11
11/01/2018,0,0,21.8(0.93 %),0,0,0,0,8800980,0.11
12/01/2018,0,0,21.3(-2.29 %),0,0,0,0,8800980,0.11
15/01/2018,0,0,21(-1.41 %),0,0,0,0,8800980,0.11
16/01/2018,0,0,20.8(-0.95 %),0,0,0,0,8800980,0.11
17/01/2018,0,0,19.35(-6.97 %),0,0,0,0,8800980,0.11
18/01/2018,0,0,19.4(0.26 %),0,0,0,0,8800980,0.11
19/01/2018,0,0,19.7(1.55 %),0,0,0,0,8800980,0.11
22/01/2018,-180,-3580000,19.9(1.02 %),0,0,180,3580000,8800980,0.11
25/01/2018,0,0,20.2(1.51 %),0,0,0,0,8801160,0.1
26/01/2018,0,0,20.3(0.50 %),0,0,0,0,8801160,0.1
29/01/2018,-1080,-21820000,20.2(-0.49 %),0,0,1080,21820000,8801160,0.1
30/01/2018,0,0,20.2(0.00 %),0,0,0,0,8801160,0.1
31/01/2018,-400,-8000000,20(-0.99 %),0,0,400,8000000,8801160,0.1
01/02/2018,-2000,-39680000,20(0.00 %),0,0,2000,39680000,8802240,0.1
02/02/2018,0,0,20(0.00 %),0,0,0,0,8802240,0.1
05/02/2018,0,0,20(0.00 %),0,0,0,0,8802640,0.1
06/02/2018,0,0,19.6(-2.00 %),0,0,0,0,8804640,0.09
07/02/2018,0,0,19.5(-0.51 %),0,0,0,0,8804640,0.09
08/02/2018,0,0,19.4(-0.51 %),0,0,0,0,8804640,0.09
09/02/2018,0,0,19(-2.06 %),0,0,0,0,8804640,0.09
12/02/2018,0,0,19(0.00 %),0,0,0,0,8804640,0.09
13/02/2018,180,3400000,18.5(-2.63 %),180,3400000,0,0,8804460,0.09
21/02/2018,0,0,18.4(-0.54 %),0,0,0,0,8804460,0.09
22/02/2018,0,0,18.4(0.00 %),0,0,0,0,8804460,0.09
23/02/2018,0,0,18.5(0.54 %),0,0,0,0,8804460,0.09
26/02/2018,0,0,18.5(0.00 %),0,0,0,0,8804460,0.09
27/02/2018,0,0,18.5(0.00 %),0,0,0,0,8804460,0.09
28/02/2018,0,0,17.5(-5.41 %),0,0,0,0,8804460,0.09
01/03/2018,1400,24500000,17.5(0.00 %),1400,24500000,0,0,8803060,0.09
02/03/2018,0,0,17.5(0.00 %),0,0,0,0,8803060,0.09
05/03/2018,0,0,17.5(0.00 %),0,0,0,0,8803060,0.09
06/03/2018,0,0,17.4(-0.57 %),0,0,0,0,8803060,0.09
07/03/2018,270,4800000,17.6(1.15 %),2000,34900000,1730,30100000,8801060,0.11
08/03/2018,-1900,-33280000,17.8(1.14 %),0,0,1900,33280000,8801060,0.11
09/03/2018,0,0,17.5(-1.69 %),0,0,0,0,8801060,0.11
12/03/2018,0,0,18.7(6.86 %),0,0,0,0,8802790,0.1
13/03/2018,-11700,-218790000,18.2(-2.67 %),0,0,11700,218790000,8804690,0.09
14/03/2018,0,0,19.4(6.59 %),0,0,0,0,8804690,0.09
15/03/2018,-1550,-30610000,20(3.09 %),1850,35890000,3400,66500000,8802840,0.1
16/03/2018,4120,84460000,20.5(2.50 %),4120,84460000,0,0,8810420,0.05
19/03/2018,0,0,21(2.44 %),0,0,0,0,8810420,0.05
20/03/2018,0,0,20.9(-0.48 %),0,0,0,0,8813820,0.03
21/03/2018,-1850,-38850000,21(0.48 %),0,0,1850,38850000,8813820,0.03
22/03/2018,-3120,-66100000,22.4(6.67 %),1000,21100000,4120,87200000,8812820,0.04
23/03/2018,0,0,23.9(6.70 %),0,0,0,0,8812820,0.04
26/03/2018,0,0,25(4.60 %),0,0,0,0,8814670,0.03
27/03/2018,0,0,24.9(-0.40 %),0,0,0,0,8818790,0.01
28/03/2018,0,0,24.5(-1.61 %),0,0,0,0,8818790,0.01
29/03/2018,0,0,24.1(-1.63 %),0,0,0,0,8818790,0.01
30/03/2018,0,0,23.4(-2.90 %),0,0,0,0,8818790,0.01
02/04/2018,0,0,22(-5.98 %),0,0,0,0,8818790,0.01
03/04/2018,0,0,23(4.55 %),0,0,0,0,8818790,0.01
04/04/2018,0,0,22.5(-2.17 %),0,0,0,0,8818790,0.01
05/04/2018,0,0,22.95(2.00 %),0,0,0,0,8818790,0.01
06/04/2018,0,0,22.95(0.00 %),0,0,0,0,8818790,0.01
09/04/2018,0,0,21.4(-6.75 %),0,0,0,0,8818790,0.01
10/04/2018,0,0,21.5(0.47 %),0,0,0,0,8818790,0.01
11/04/2018,0,0,21.5(0.00 %),0,0,0,0,8818790,0.01
12/04/2018,0,0,21.8(1.40 %),0,0,0,0,8818790,0.01
13/04/2018,-10,-220000,21.6(-0.92 %),0,0,10,220000,8818790,0.01
16/04/2018,0,0,21.2(-1.85 %),0,0,0,0,8818790,0.01
17/04/2018,0,0,21.4(0.94 %),0,0,0,0,8818790,0.01
18/04/2018,0,0,20(-6.54 %),0,0,0,0,8818800,0.01
19/04/2018,0,0,20.7(3.50 %),0,0,0,0,8818800,0.01
20/04/2018,0,0,19.35(-6.52 %),0,0,0,0,8818800,0.01
23/04/2018,0,0,19(-1.81 %),0,0,0,0,8818800,0.01
24/04/2018,0,0,17.75(-6.58 %),0,0,0,0,8818800,0.01
26/04/2018,0,0,17.5(-1.41 %),0,0,0,0,8818800,0.01
27/04/2018,0,0,18.6(6.29 %),0,0,0,0,8818800,0.01
02/05/2018,0,0,18.7(0.54 %),0,0,0,0,8818800,0.01
03/05/2018,0,0,18.7(0.00 %),0,0,0,0,8818800,0.01
04/05/2018,0,0,18.8(0.53 %),0,0,0,0,8818800,0.01
07/05/2018,0,0,19(1.06 %),0,0,0,0,8818800,0.01
08/05/2018,0,0,18.8(-1.05 %),0,0,0,0,8818800,0.01
09/05/2018,0,0,18.2(-3.19 %),0,0,0,0,8818800,0.01
10/05/2018,0,0,19.3(6.04 %),0,0,0,0,8818800,0.01
11/05/2018,0,0,18.35(-4.92 %),0,0,0,0,8818800,0.01
14/05/2018,0,0,18.5(0.82 %),0,0,0,0,8818800,0.01
15/05/2018,0,0,18(-2.70 %),0,0,0,0,8818800,0.01
16/05/2018,0,0,18.2(1.11 %),0,0,0,0,8818800,0.01
17/05/2018,0,0,19.4(6.59 %),0,0,0,0,8818800,0.01
18/05/2018,0,0,18.6(-4.12 %),0,0,0,0,8818800,0.01
21/05/2018,0,0,19.9(6.99 %),0,0,0,0,8818800,0.01
22/05/2018,0,0,21.25(6.78 %),0,0,0,0,8818800,0.01
23/05/2018,0,0,22.6(6.35 %),0,0,0,0,8818800,0.01
24/05/2018,0,0,22.7(0.44 %),0,0,0,0,8818800,0.01
25/05/2018,0,0,22.5(-0.88 %),0,0,0,0,8818800,0.01
28/05/2018,0,0,22.5(0.00 %),0,0,0,0,8818800,0.01
29/05/2018,0,0,22.5(0.00 %),0,0,0,0,8818800,0.01
30/05/2018,0,0,22.5(0.00 %),0,0,0,0,8818800,0.01
31/05/2018,0,0,22.5(0.00 %),0,0,0,0,8818800,0.01
01/06/2018,0,0,22.5(0.00 %),0,0,0,0,8818800,0.01
04/06/2018,0,0,22.5(0.00 %),0,0,0,0,8818800,0.01
05/06/2018,0,0,20.95(-6.89 %),0,0,0,0,8818800,0.01
06/06/2018,0,0,20(-4.53 %),0,0,0,0,8818800,0.01
07/06/2018,0,0,20(0.00 %),0,0,0,0,8818800,0.01
08/06/2018,0,0,20(0.00 %),0,0,0,0,8818800,0.01
11/06/2018,0,0,20(0.00 %),0,0,0,0,8818800,0.01
12/06/2018,0,0,20(0.00 %),0,0,0,0,8818800,0.01
13/06/2018,0,0,20(0.00 %),0,0,0,0,8818800,0.01
14/06/2018,-20,-400000,20(0.00 %),0,0,20,400000,8818800,0.01
15/06/2018,0,0,18.7(-6.50 %),0,0,0,0,8818800,0.01
18/06/2018,0,0,18.7(0.00 %),0,0,0,0,8818800,0.01
19/06/2018,0,0,17.8(-4.81 %),0,0,0,0,8818820,0.01
20/06/2018,0,0,17.2(-3.37 %),0,0,0,0,8818820,0.01
21/06/2018,0,0,17.2(0.00 %),0,0,0,0,8818820,0.01
22/06/2018,0,0,18.2(5.81 %),0,0,0,0,8818820,0.01
25/06/2018,0,0,17.3(-4.95 %),0,0,0,0,8818820,0.01
26/06/2018,0,0,17.3(0.00 %),0,0,0,0,8818820,0.01
27/06/2018,0,0,17.2(-0.58 %),0,0,0,0,8818820,0.01
28/06/2018,0,0,17.3(0.58 %),0,0,0,0,8818820,0.01
29/06/2018,0,0,17.1(-1.16 %),0,0,0,0,8818820,0.01
02/07/2018,0,0,17(-0.58 %),0,0,0,0,8818820,0.01
03/07/2018,0,0,16.9(-0.59 %),0,0,0,0,8818820,0.01
04/07/2018,0,0,17(0.59 %),0,0,0,0,8818820,0.01
05/07/2018,0,0,17(0.00 %),0,0,0,0,8818820,0.01
06/07/2018,0,0,18(5.88 %),0,0,0,0,8818820,0.01
09/07/2018,0,0,18(0.00 %),0,0,0,0,8818820,0.01
10/07/2018,0,0,17.15(-4.72 %),0,0,0,0,8818820,0.01
11/07/2018,0,0,17.15(0.00 %),0,0,0,0,8818820,0.01
12/07/2018,0,0,17.15(0.00 %),0,0,0,0,8818820,0.01
13/07/2018,0,0,17.9(4.37 %),0,0,0,0,8818820,0.01
16/07/2018,0,0,19(6.15 %),0,0,0,0,8818820,0.01
17/07/2018,0,0,19(0.00 %),0,0,0,0,8818820,0.01
18/07/2018,0,0,18.9(-0.53 %),0,0,0,0,8818820,0.01
19/07/2018,0,0,19.5(3.17 %),0,0,0,0,8818820,0.01
20/07/2018,0,0,18.4(-5.64 %),0,0,0,0,8818820,0.01
23/07/2018,0,0,19(3.26 %),0,0,0,0,8818820,0.01
24/07/2018,0,0,20.25(6.58 %),0,0,0,0,8818820,0.01
25/07/2018,0,0,21.6(6.67 %),0,0,0,0,8818820,0.01
26/07/2018,0,0,22.95(6.25 %),0,0,0,0,8818820,0.01
27/07/2018,0,0,23(0.22 %),0,0,0,0,8818820,0.01
30/07/2018,0,0,22.85(-0.65 %),0,0,0,0,8818820,0.01
31/07/2018,0,0,22.85(0.00 %),0,0,0,0,8818820,0.01
01/08/2018,0,0,22(-3.72 %),0,0,0,0,8818820,0.01
02/08/2018,0,0,22(0.00 %),0,0,0,0,8818820,0.01
03/08/2018,0,0,23(4.55 %),0,0,0,0,8818820,0.01
06/08/2018,0,0,22(-4.35 %),0,0,0,0,8818820,0.01
07/08/2018,0,0,22(0.00 %),0,0,0,0,8818820,0.01
08/08/2018,0,0,22(0.00 %),0,0,0,0,8818820,0.01
09/08/2018,0,0,22(0.00 %),0,0,0,0,8818820,0.01
10/08/2018,0,0,21.8(-0.91 %),0,0,0,0,8818820,0.01
13/08/2018,0,0,23(5.50 %),0,0,0,0,8818820,0.01
14/08/2018,0,0,21.4(-6.96 %),0,0,0,0,8818820,0.01
15/08/2018,0,0,22.8(6.54 %),0,0,0,0,8818820,0.01
16/08/2018,0,0,22.8(0.00 %),0,0,0,0,8818820,0.01
17/08/2018,0,0,21.25(-6.80 %),0,0,0,0,8818820,0.01
20/08/2018,0,0,21.25(0.00 %),0,0,0,0,8818820,0.01
21/08/2018,0,0,22.7(6.82 %),0,0,0,0,8818820,0.01
22/08/2018,0,0,22.7(0.00 %),0,0,0,0,8818820,0.01
23/08/2018,0,0,22.8(0.44 %),0,0,0,0,8818820,0.01
24/08/2018,0,0,22.8(0.00 %),0,0,0,0,8818820,0.01
27/08/2018,0,0,23.5(3.07 %),0,0,0,0,8818820,0.01
28/08/2018,0,0,23(-2.13 %),0,0,0,0,8818820,0.01
29/08/2018,0,0,22.5(2.27 %),0,0,0,0,8818820,0.01
30/08/2018,0,0,22.5(0.00 %),0,0,0,0,8818820,0.01
31/08/2018,0,0,22.5(0.00 %),0,0,0,0,8818820,0.01
04/09/2018,0,0,23.4(4.00 %),0,0,0,0,8818820,0.01
05/09/2018,0,0,23.1(-1.28 %),0,0,0,0,8818820,0.01
06/09/2018,0,0,22.1(-4.33 %),0,0,0,0,8818820,0.01
07/09/2018,0,0,22.6(2.26 %),0,0,0,0,8818820,0.01
10/09/2018,0,0,22.3(-1.33 %),0,0,0,0,8818820,0.01
11/09/2018,0,0,22(-1.35 %),0,0,0,0,8818820,0.01
12/09/2018,0,0,22(0.00 %),0,0,0,0,8818820,0.01
13/09/2018,0,0,23(4.55 %),0,0,0,0,8818820,0.01
14/09/2018,0,0,22.4(-2.61 %),0,0,0,0,8818820,0.01
17/09/2018,0,0,22.4(0.00 %),0,0,0,0,8818820,0.01
18/09/2018,0,0,22.4(0.00 %),0,0,0,0,8818820,0.01
19/09/2018,0,0,23.3(4.02 %),0,0,0,0,8818820,0.01
20/09/2018,0,0,24(3.00 %),0,0,0,0,8818820,0.01
21/09/2018,0,0,25.4(5.83 %),0,0,0,0,8818820,0.01
24/09/2018,0,0,24.4(-3.94 %),0,0,0,0,8818820,0.01
25/09/2018,0,0,24(-1.64 %),0,0,0,0,8818820,0.01
26/09/2018,0,0,23.3(-2.92 %),0,0,0,0,8818820,0.01
27/09/2018,0,0,23.5(0.86 %),0,0,0,0,8818820,0.01
28/09/2018,0,0,24.5(4.26 %),0,0,0,0,8818820,0.01
01/10/2018,0,0,24.5(0.00 %),0,0,0,0,8818820,0.01
02/10/2018,0,0,24.5(0.00 %),0,0,0,0,8818820,0.01
03/10/2018,0,0,24(-2.04 %),0,0,0,0,8818820,0.01
04/10/2018,0,0,23.9(-0.42 %),0,0,0,0,8818820,0.01
05/10/2018,520,12376000,22.4(-6.28 %),520,12376000,0,0,8818300,0.01
08/10/2018,0,0,23.85(6.47 %),0,0,0,0,8818300,0.01
09/10/2018,0,0,23.9(0.21 %),0,0,0,0,8818300,0.01
10/10/2018,0,0,24(0.42 %),0,0,0,0,8818300,0.01
11/10/2018,0,0,23.55(-1.88 %),0,0,0,0,8818300,0.01
12/10/2018,0,0,23.55(0.00 %),0,0,0,0,8818300,0.01
15/10/2018,0,0,23.9(1.49 %),0,0,0,0,8818300,0.01
16/10/2018,0,0,23.9(0.00 %),0,0,0,0,8818300,0.01
17/10/2018,-520,-11631000,23.9(0.00 %),0,0,520,11631000,8818820,0.01
18/10/2018,0,0,22.5(-5.86 %),0,0,0,0,8818300,0.01
19/10/2018,0,0,23.95(6.44 %),0,0,0,0,8818300,0.01
22/10/2018,0,0,23.9(-0.21 %),0,0,0,0,8818300,0.01
23/10/2018,0,0,23.95(0.21 %),0,0,0,0,8818300,0.01
24/10/2018,0,0,24(0.21 %),0,0,0,0,8818300,0.01
25/10/2018,0,0,24(0.00 %),0,0,0,0,8818300,0.01
26/10/2018,0,0,24(0.00 %),0,0,0,0,8818820,0.01
29/10/2018,0,0,23.9(-0.42 %),0,0,0,0,8818820,0.01
30/10/2018,0,0,23.9(0.00 %),0,0,0,0,8818820,0.01
31/10/2018,0,0,23.45(-1.88 %),0,0,0,0,8818820,0.01
01/11/2018,0,0,23.45(0.00 %),0,0,0,0,8818820,0.01
02/11/2018,0,0,23.9(1.92 %),0,0,0,0,8818820,0.01
05/11/2018,0,0,23.9(0.00 %),0,0,0,0,8818820,0.01
06/11/2018,0,0,24.2(1.26 %),0,0,0,0,8818820,0.01
07/11/2018,0,0,23.9(-1.24 %),0,0,0,0,8818820,0.01
08/11/2018,0,0,25(4.60 %),0,0,0,0,8818820,0.01
09/11/2018,0,0,23.3(-6.80 %),0,0,0,0,8818820,0.01
12/11/2018,0,0,24(3.00 %),0,0,0,0,8818820,0.01
13/11/2018,0,0,23.8(-0.83 %),0,0,0,0,8818820,0.01
14/11/2018,0,0,23.8(0.00 %),0,0,0,0,8818820,0.01
15/11/2018,0,0,23.8(0.00 %),0,0,0,0,8818820,0.01
16/11/2018,0,0,24(0.84 %),0,0,0,0,8818820,0.01
19/11/2018,0,0,24(0.00 %),0,0,0,0,8818820,0.01
20/11/2018,0,0,24(0.00 %),0,0,0,0,8818820,0.01
21/11/2018,0,0,23.5(-2.08 %),0,0,0,0,8818820,0.01
22/11/2018,0,0,24.8(5.53 %),0,0,0,0,8818820,0.01
23/11/2018,0,0,24.85(0.20 %),0,0,0,0,8818820,0.01
26/11/2018,0,0,23.5(-5.43 %),0,0,0,0,8818820,0.01
27/11/2018,0,0,23.7(0.85 %),0,0,0,0,8818820,0.01
28/11/2018,0,0,24(1.27 %),0,0,0,0,8818820,0.01
29/11/2018,0,0,23.5(-2.08 %),0,0,0,0,8818820,0.01
30/11/2018,-160,-3533000,23.7(0.85 %),0,0,160,3533000,8818980,0.01
03/12/2018,0,0,17.35(6.90 %),0,0,0,0,8818820,0.01
04/12/2018,0,0,18.55(6.92 %),0,0,0,0,8818820,0.01
05/12/2018,420,8022000,19.5(5.12 %),420,8022000,0,0,8818400,0.01
06/12/2018,500,9800000,19.8(1.54 %),500,9800000,0,0,8817900,0.01
07/12/2018,100,2000000,20.5(3.54 %),100,2000000,0,0,8817800,0.01
10/12/2018,-100,-2100000,21(2.44 %),0,0,100,2100000,8817900,0.01
11/12/2018,-820,-17384000,22.45(6.90 %),0,0,820,17384000,8818720,0.01
12/12/2018,-100,-2270000,22.7(1.11 %),0,0,100,2270000,8818820,0.01
13/12/2018,0,0,23.5(3.52 %),0,0,0,0,8818820,0.01
14/12/2018,0,0,22.9(-2.55 %),0,0,0,0,8818820,0.01
17/12/2018,0,0,22.7(-0.87 %),0,0,0,0,8818820,0.01
18/12/2018,0,0,22.55(-0.66 %),0,0,0,0,8818820,0.01
19/12/2018,0,0,23.3(3.33 %),0,0,0,0,8818820,0.01
20/12/2018,0,0,24(3.00 %),0,0,0,0,8818980,0.01
21/12/2018,0,0,23.85(-0.62 %),0,0,0,0,8818980,0.01
24/12/2018,0,0,23.5(-1.47 %),0,0,0,0,8818980,0.01
25/12/2018,0,0,23.5(0.00 %),0,0,0,0,8818980,0.01
26/12/2018,0,0,23.5(0.00 %),0,0,0,0,8818980,0.01
27/12/2018,0,0,23.5(0.00 %),0,0,0,0,8818980,0.01
28/12/2018,0,0,23.5(0.00 %),0,0,0,0,8818980,0.01
02/01/2019,0,0,23.5(0.00 %),0,0,0,0,8818980,0.01
03/01/2019,0,0,23.1(-1.70 %),0,0,0,0,8818980,0.01
04/01/2019,0,0,22.9(-0.87 %),0,0,0,0,8818980,0.01
07/01/2019,0,0,23(0.44 %),0,0,0,0,8818980,0.01
08/01/2019,0,0,23(0.00 %),0,0,0,0,8818980,0.01
09/01/2019,0,0,23(0.00 %),0,0,0,0,8818980,0.01
10/01/2019,0,0,22.9(-0.43 %),0,0,0,0,8818980,0.01
11/01/2019,0,0,23(0.44 %),0,0,0,0,8818980,0.01
14/01/2019,0,0,23(0.00 %),0,0,0,0,8818980,0.01
15/01/2019,0,0,22.5(-2.17 %),0,0,0,0,8818980,0.01
16/01/2019,0,0,22.8(1.33 %),0,0,0,0,8818980,0.01
17/01/2019,0,0,23(0.88 %),0,0,0,0,8818980,0.01
18/01/2019,0,0,22.95(-0.22 %),0,0,0,0,8818980,0.01
21/01/2019,0,0,23(0.22 %),0,0,0,0,8818980,0.01
22/01/2019,0,0,23(0.00 %),0,0,0,0,8818980,0.01
23/01/2019,0,0,23(0.00 %),0,0,0,0,8818980,0.01
24/01/2019,0,0,21.5(-6.52 %),0,0,0,0,8818980,0.01
25/01/2019,0,0,23(6.98 %),0,0,0,0,8818980,0.01
28/01/2019,0,0,23(0.00 %),0,0,0,0,8818980,0.01
29/01/2019,0,0,23(0.00 %),0,0,0,0,8818980,0.01
30/01/2019,0,0,23(0.00 %),0,0,0,0,8818980,0.01
31/01/2019,0,0,23(0.00 %),0,0,0,0,19401758,0.01
01/02/2019,0,0,23(0.00 %),0,0,0,0,19401758,0.01
11/02/2019,0,0,23.9(3.91 %),0,0,0,0,19401758,0.01
12/02/2019,0,0,25.55(6.90 %),0,0,0,0,19401758,0.01
13/02/2019,0,0,27(5.68 %),0,0,0,0,19401758,0.01
14/02/2019,0,0,26(-3.70 %),0,0,0,0,19401758,0.01
15/02/2019,100,2600000,26(0.00 %),100,2600000,0,0,19401658,0.01
18/02/2019,0,0,26(0.00 %),0,0,0,0,19401658,0.01
19/02/2019,0,0,26(0.00 %),0,0,0,0,19401658,0.01
20/02/2019,0,0,26(0.00 %),0,0,0,0,19401658,0.01
21/02/2019,0,0,26(0.00 %),0,0,0,0,19401658,0.01
22/02/2019,0,0,26(0.00 %),0,0,0,0,19401658,0.01
25/02/2019,0,0,26(0.00 %),0,0,0,0,19401658,0.01
26/02/2019,0,0,26(0.00 %),0,0,0,0,19401658,0.01
27/02/2019,0,0,26(0.00 %),0,0,0,0,19401658,0.01
28/02/2019,0,0,26(0.00 %),0,0,0,0,19401658,0.01
01/03/2019,0,0,26(0.00 %),0,0,0,0,19401658,0.01
04/03/2019,0,0,26(0.00 %),0,0,0,0,19401658,0.01
05/03/2019,0,0,25(-3.85 %),0,0,0,0,19401658,0.01
06/03/2019,0,0,25(0.00 %),0,0,0,0,19401658,0.01
07/03/2019,0,0,25(0.00 %),0,0,0,0,19401658,0.01
08/03/2019,0,0,25(0.00 %),0,0,0,0,19401658,0.01
11/03/2019,0,0,24.8(-0.80 %),0,0,0,0,19401658,0.01
12/03/2019,0,0,24(-3.23 %),0,0,0,0,19401658,0.01
13/03/2019,0,0,24(0.00 %),0,0,0,0,19401658,0.01
14/03/2019,0,0,24(0.00 %),0,0,0,0,19401658,0.01
15/03/2019,0,0,23.95(-0.21 %),0,0,0,0,19401658,0.01
18/03/2019,0,0,23.95(0.00 %),0,0,0,0,19401658,0.01
19/03/2019,0,0,24(0.21 %),0,0,0,0,19401658,0.01
20/03/2019,0,0,24(0.00 %),0,0,0,0,19401658,0.01
21/03/2019,0,0,24(0.00 %),0,0,0,0,19401658,0.01
22/03/2019,0,0,23.95(-0.21 %),0,0,0,0,19401658,0.01
25/03/2019,0,0,23.9(-0.21 %),0,0,0,0,19401658,0.01
26/03/2019,0,0,23.85(-0.21 %),0,0,0,0,19401658,0.01
27/03/2019,0,0,23.85(0.00 %),0,0,0,0,19401658,0.01
28/03/2019,0,0,23.85(0.00 %),0,0,0,0,19401658,0.01
29/03/2019,0,0,23.85(0.00 %),0,0,0,0,19401658,0.01
01/04/2019,0,0,23.95(0.42 %),0,0,0,0,19401658,0.01
02/04/2019,0,0,24(0.21 %),0,0,0,0,19401658,0.01
03/04/2019,0,0,24(0.00 %),0,0,0,0,19401658,0.01
04/04/2019,0,0,24(0.00 %),0,0,0,0,19401658,0.01
05/04/2019,0,0,24(0.00 %),0,0,0,0,19401658,0.01
08/04/2019,0,0,24(0.00 %),0,0,0,0,19401658,0.01
09/04/2019,0,0,23.5(-2.08 %),0,0,0,0,19401658,0.01
10/04/2019,0,0,23.95(1.91 %),0,0,0,0,19401658,0.01
11/04/2019,0,0,24(0.21 %),0,0,0,0,19401658,0.01
12/04/2019,0,0,23(-4.17 %),0,0,0,0,19401658,0.01
16/04/2019,0,0,23.8(3.48 %),0,0,0,0,19401658,0.01
17/04/2019,0,0,23.95(0.63 %),0,0,0,0,19401658,0.01
18/04/2019,0,0,23.95(0.00 %),0,0,0,0,19401658,0.01
19/04/2019,0,0,22.5(-6.05 %),0,0,0,0,19401658,0.01
22/04/2019,0,0,22.9(1.78 %),0,0,0,0,19401658,0.01
23/04/2019,0,0,23.25(1.53 %),0,0,0,0,19401658,0.01
24/04/2019,0,0,22.6(-2.80 %),0,0,0,0,19401658,0.01
25/04/2019,0,0,23(1.77 %),0,0,0,0,19401658,0.01
26/04/2019,0,0,23(0.00 %),0,0,0,0,19401658,0.01
02/05/2019,4100,96350000,23.95(4.13 %),4100,96350000,0,0,19401658,0.01
03/05/2019,0,0,23.9(-0.21 %),0,0,0,0,19401658,0.01
06/05/2019,0,0,23.3(-2.51 %),0,0,0,0,19401658,0.01
07/05/2019,-10,-234500,23.45(0.64 %),0,0,10,234500,19401668,0.01
08/05/2019,0,0,23.9(1.92 %),0,0,0,0,19401668,0.01
09/05/2019,0,0,23.9(0.00 %),0,0,0,0,19401668,0.01
10/05/2019,-300,-7170000,23(-3.77 %),0,0,300,7170000,19401968,0.01
13/05/2019,-100,-2400000,23.95(4.13 %),0,0,100,2400000,19397568,0.02
14/05/2019,0,0,23.5(-1.88 %),0,0,0,0,19402068,0.0
15/05/2019,0,0,24(2.13 %),0,0,0,0,19402068,0.0
16/05/2019,0,0,22.4(-6.67 %),0,0,0,0,19402068,0.0
17/05/2019,-10,-230000,23.4(4.46 %),0,0,10,230000,19397968,0.02
20/05/2019,0,0,22(-5.98 %),0,0,0,0,19397968,0.02
21/05/2019,-1010,-23130000,22.95(4.32 %),0,0,1010,23130000,19397968,0.02
22/05/2019,0,0,22.5(-1.96 %),0,0,0,0,19397978,0.02
23/05/2019,0,0,22(-2.22 %),0,0,0,0,19397978,0.02
24/05/2019,0,0,23(4.55 %),0,0,0,0,19398988,0.01
27/05/2019,-770,-17290000,23.5(2.17 %),0,0,770,17290000,19398988,0.01
28/05/2019,0,0,23.5(0.00 %),0,0,0,0,19398988,0.01
29/05/2019,0,0,23.8(1.28 %),0,0,0,0,19398988,0.01
30/05/2019,0,0,25(5.04 %),0,0,0,0,19399758,0.01
31/05/2019,0,0,25(0.00 %),0,0,0,0,19399758,0.01
03/06/2019,0,0,23.5(-6.00 %),0,0,0,0,19399758,0.01
04/06/2019,0,0,22.9(-2.55 %),0,0,0,0,19399758,0.01
05/06/2019,0,0,22.9(0.00 %),0,0,0,0,19399758,0.01
06/06/2019,0,0,22.9(0.00 %),0,0,0,0,19399758,0.01
07/06/2019,0,0,22.9(0.00 %),0,0,0,0,19399758,0.01
10/06/2019,0,0,22.7(-0.87 %),0,0,0,0,19399758,0.01
11/06/2019,0,0,22.5(-0.88 %),0,0,0,0,19399758,0.01
12/06/2019,0,0,22.6(0.44 %),0,0,0,0,19399758,0.01
13/06/2019,0,0,23(1.77 %),0,0,0,0,19399758,0.01
14/06/2019,0,0,24.6(6.96 %),0,0,0,0,19399758,0.01
17/06/2019,0,0,22.85(-7.11 %),0,0,0,0,19399758,0.01
18/06/2019,0,0,22.9(0.22 %),0,0,0,0,19399758,0.01
19/06/2019,0,0,22.9(0.00 %),0,0,0,0,19399758,0.01
20/06/2019,0,0,23.1(0.87 %),0,0,0,0,19399758,0.01
21/06/2019,0,0,22.5(-2.60 %),0,0,0,0,19399758,0.01
24/06/2019,0,0,22(-2.22 %),0,0,0,0,19399758,0.01
25/06/2019,0,0,22.2(0.91 %),0,0,0,0,19399758,0.01
26/06/2019,0,0,21.95(-1.13 %),0,0,0,0,19399758,0.01
27/06/2019,0,0,21.95(0.00 %),0,0,0,0,19399758,0.01
28/06/2019,0,0,22.3(1.59 %),0,0,0,0,19399758,0.01
01/07/2019,0,0,22.3(0.00 %),0,0,0,0,19399758,0.01
02/07/2019,0,0,22.4(0.45 %),0,0,0,0,19399758,0.01
03/07/2019,0,0,22.5(0.45 %),0,0,0,0,19399758,0.01
04/07/2019,0,0,21(-6.67 %),0,0,0,0,19399758,0.01
05/07/2019,0,0,22(4.76 %),0,0,0,0,22309706,0.01
08/07/2019,0,0,22.5(2.27 %),0,0,0,0,22309706,0.01
09/07/2019,0,0,22.5(0.00 %),0,0,0,0,22309706,0.01
10/07/2019,0,0,22.8(1.33 %),0,0,0,0,22309706,0.01
11/07/2019,0,0,23(0.88 %),0,0,0,0,22309706,0.01
12/07/2019,0,0,23.2(0.87 %),0,0,0,0,22309706,0.01
15/07/2019,0,0,24.7(6.47 %),0,0,0,0,22309706,0.01
16/07/2019,0,0,23(-6.88 %),0,0,0,0,22309706,0.01
17/07/2019,0,0,23(0.00 %),0,0,0,0,22309706,0.01
18/07/2019,0,0,22(-4.35 %),0,0,0,0,22309706,0.01
19/07/2019,0,0,23.4(6.36 %),0,0,0,0,22309706,0.01
22/07/2019,0,0,22.9(-2.14 %),0,0,0,0,22309706,0.01
23/07/2019,0,0,22.5(-1.75 %),0,0,0,0,22309706,0.01
24/07/2019,3000,67420000,21.9(-2.67 %),3000,67420000,0,0,22306706,0.02
25/07/2019,0,0,22(0.46 %),0,0,0,0,22306706,0.02
26/07/2019,0,0,22.5(2.27 %),0,0,0,0,22306706,0.02
29/07/2019,0,0,22.3(-0.89 %),0,0,0,0,22306706,0.02
30/07/2019,0,0,21.85(-2.02 %),0,0,0,0,22306706,0.02
31/07/2019,0,0,20.4(-6.64 %),0,0,0,0,22306706,0.02
01/08/2019,0,0,21(2.94 %),0,0,0,0,22306706,0.02
02/08/2019,0,0,20.85(-0.71 %),0,0,0,0,22306706,0.02
05/08/2019,0,0,21.05(0.96 %),0,0,0,0,22306706,0.02
06/08/2019,0,0,21.95(4.28 %),0,0,0,0,22306706,0.02
07/08/2019,0,0,21.95(0.00 %),0,0,0,0,22306706,0.02
08/08/2019,0,0,21.95(0.00 %),0,0,0,0,22306706,0.02
09/08/2019,0,0,21.95(0.00 %),0,0,0,0,22306706,0.02
12/08/2019,0,0,21.5(-2.05 %),0,0,0,0,22306706,0.02
13/08/2019,0,0,21.8(1.40 %),0,0,0,0,22306706,0.02
14/08/2019,100,2100000,21.8(0.00 %),100,2100000,0,0,22306606,0.02
15/08/2019,0,0,21.3(-2.29 %),0,0,0,0,22306606,0.02
16/08/2019,0,0,20(-6.10 %),0,0,0,0,22306606,0.02
19/08/2019,-100,-2020000,20.55(2.75 %),0,0,100,2020000,22306706,0.02
20/08/2019,-3000,-61650000,21.25(3.41 %),0,0,3000,61650000,22309706,0.01
21/08/2019,0,0,21.3(0.24 %),0,0,0,0,22309706,0.01
22/08/2019,0,0,21.35(0.23 %),0,0,0,0,22309706,0.01
23/08/2019,0,0,21.3(-0.23 %),0,0,0,0,22309706,0.01
26/08/2019,0,0,21(-1.41 %),0,0,0,0,22309706,0.01
27/08/2019,0,0,20.9(-0.48 %),0,0,0,0,22309706,0.01
28/08/2019,0,0,20.9(0.00 %),0,0,0,0,22309706,0.01
29/08/2019,0,0,20.9(0.00 %),0,0,0,0,22309706,0.01
30/08/2019,0,0,20.7(-0.96 %),0,0,0,0,22309706,0.01
03/09/2019,-30,-614000,20.3(-1.93 %),0,0,30,614000,22309706,0.01
04/09/2019,0,0,20.3(0.00 %),0,0,0,0,22309706,0.01
05/09/2019,0,0,20.8(2.46 %),0,0,0,0,22309706,0.01
06/09/2019,0,0,20.4(-1.92 %),0,0,0,0,22309736,0.01
09/09/2019,0,0,20.5(0.49 %),0,0,0,0,22309736,0.01
10/09/2019,0,0,20.4(-0.49 %),0,0,0,0,22309736,0.01
11/09/2019,0,0,20.4(0.00 %),0,0,0,0,22309736,0.01
12/09/2019,0,0,20.4(0.00 %),0,0,0,0,22309736,0.01
13/09/2019,0,0,20.4(0.00 %),0,0,0,0,22309736,0.01
16/09/2019,0,0,20.7(1.47 %),0,0,0,0,22309736,0.01
17/09/2019,0,0,20.6(-0.48 %),0,0,0,0,22309736,0.01
18/09/2019,0,0,20.6(0.00 %),0,0,0,0,22309736,0.01
19/09/2019,0,0,20.5(-0.49 %),0,0,0,0,22309736,0.01
20/09/2019,0,0,20.45(-0.24 %),0,0,0,0,22309736,0.01
23/09/2019,0,0,20.45(0.00 %),0,0,0,0,22309736,0.01
24/09/2019,0,0,20.45(0.00 %),0,0,0,0,22309736,0.01
25/09/2019,0,0,21.8(6.60 %),0,0,0,0,22309736,0.01
26/09/2019,0,0,21.35(-2.06 %),0,0,0,0,22309736,0.01
27/09/2019,0,0,22.5(5.39 %),0,0,0,0,22309736,0.01
30/09/2019,0,0,22.4(-0.44 %),0,0,0,0,22309736,0.01
01/10/2019,500,11480000,23.95(6.92 %),500,11480000,0,0,22309236,0.01
02/10/2019,0,0,23.7(-1.04 %),0,0,0,0,22309736,0.01
03/10/2019,0,0,23.7(0.00 %),0,0,0,0,22309736,0.01
04/10/2019,0,0,23.7(0.00 %),0,0,0,0,22309736,0.01
07/10/2019,0,0,23(-2.95 %),0,0,0,0,22309736,0.01
08/10/2019,0,0,23.4(1.74 %),0,0,0,0,22309736,0.01
09/10/2019,0,0,23.7(1.28 %),0,0,0,0,22309736,0.01
10/10/2019,0,0,23.85(0.63 %),0,0,0,0,22309736,0.01
11/10/2019,0,0,22.3(-6.50 %),0,0,0,0,22309736,0.01
14/10/2019,0,0,22.5(0.90 %),0,0,0,0,22309736,0.01
15/10/2019,0,0,23.3(3.56 %),0,0,0,0,22309736,0.01
16/10/2019,0,0,23(-1.29 %),0,0,0,0,22309736,0.01
17/10/2019,0,0,22.05(-4.13 %),0,0,0,0,22309736,0.01
18/10/2019,0,0,23(4.31 %),0,0,0,0,22309736,0.01
21/10/2019,0,0,23(0.00 %),0,0,0,0,22309736,0.01
22/10/2019,0,0,22.5(-2.17 %),0,0,0,0,22309736,0.01
23/10/2019,0,0,22.5(0.00 %),0,0,0,0,22309736,0.01
24/10/2019,0,0,22.5(0.00 %),0,0,0,0,22309736,0.01
25/10/2019,0,0,22.5(0.00 %),0,0,0,0,22309736,0.01
28/10/2019,-4700,-103000000,22.4(-0.44 %),0,0,4700,103000000,22314436,0.0
29/10/2019,0,0,21.9(-2.23 %),0,0,0,0,22314436,0.0
30/10/2019,0,0,21.95(0.23 %),0,0,0,0,22314436,0.0
31/10/2019,0,0,22.25(1.37 %),0,0,0,0,22314436,0.0
01/11/2019,0,0,22.3(0.22 %),0,0,0,0,22313936,0.0
04/11/2019,0,0,22.5(0.90 %),0,0,0,0,22313936,0.0
05/11/2019,0,0,23(2.22 %),0,0,0,0,22313936,0.0
06/11/2019,30,670000,23.1(0.43 %),30,670000,0,0,22313906,0.0
07/11/2019,0,0,23.1(0.00 %),0,0,0,0,22313906,0.0
08/11/2019,0,0,23.25(0.65 %),0,0,0,0,22313906,0.0
11/11/2019,0,0,24(3.23 %),0,0,0,0,22313906,0.0
12/11/2019,1200,27330000,23(-4.17 %),1200,27330000,0,0,22312706,0.0
13/11/2019,200,4510000,23.35(1.52 %),200,4510000,0,0,22312506,0.0
14/11/2019,1550,34500000,22.05(-5.57 %),1550,34500000,0,0,22310956,0.01
15/11/2019,3400,75800000,22(-0.23 %),4000,89000000,600,13200000,22307556,0.02
18/11/2019,0,0,22.7(3.18 %),0,0,0,0,22307556,0.02
19/11/2019,0,0,22.8(0.44 %),0,0,0,0,22307556,0.02
20/11/2019,2630,58799000,22.8(0.00 %),3000,67050000,370,8251000,22304926,0.02
21/11/2019,-1680,-37550000,22.5(-1.32 %),0,0,1680,37550000,22304556,0.02
22/11/2019,-40,-920000,21.9(-2.67 %),0,0,40,920000,22304556,0.02
25/11/2019,-1350,-28732500,21.95(0.23 %),0,0,1350,28732500,22307996,0.01
26/11/2019,-20,-440000,21.95(0.00 %),0,0,20,440000,22306606,0.02
27/11/2019,0,0,22.5(2.51 %),0,0,0,0,22308016,0.01
28/11/2019,-450,-9830000,21.9(-2.67 %),0,0,450,9830000,22307996,0.01
29/11/2019,-4590,-99080000,21.95(0.23 %),0,0,4590,99080000,22308016,0.01
02/12/2019,-880,-19320000,22.7(3.42 %),0,0,880,19320000,22308016,0.01
03/12/2019,30120,705941000,23.3(2.64 %),30120,705941000,0,0,22277896,0.08
04/12/2019,0,0,23.45(0.64 %),0,0,0,0,22282936,0.07
05/12/2019,0,0,23(-1.92 %),0,0,0,0,22283816,0.07
06/12/2019,260,5850000,23(0.00 %),260,5850000,0,0,22283556,0.07
09/12/2019,87360,2011924500,23.9(3.91 %),87360,2011924500,0,0,22190276,0.27
10/12/2019,0,0,23.8(-0.42 %),0,0,0,0,22196196,0.26
11/12/2019,-260,-5924000,23.9(0.42 %),0,0,260,5924000,22190536,0.27
12/12/2019,-1760,-40270000,22.75(-4.81 %),0,0,1760,40270000,22196196,0.26
13/12/2019,-190,-4320500,22.95(0.88 %),0,0,190,4320500,22192486,0.27
16/12/2019,-440,-9990000,22.7(-1.09 %),0,0,440,9990000,22196456,0.26
17/12/2019,-870,-19412000,22.95(1.10 %),0,0,870,19412000,22193796,0.27
18/12/2019,-440,-9722000,22.8(-0.65 %),0,0,440,9722000,22194236,0.26
19/12/2019,-500,-11350000,22.9(0.44 %),0,0,500,11350000,22198846,0.25
20/12/2019,-3120,-70824000,22.7(-0.87 %),0,0,3120,70824000,22197856,0.26
23/12/2019,-520,-11470000,22.1(-2.64 %),0,0,520,11470000,22200156,0.25
24/12/2019,-220,-4840000,22.2(0.45 %),0,0,220,4840000,22200656,0.25
25/12/2019,-620,-13901000,22.5(1.35 %),0,0,620,13901000,22199216,0.25
26/12/2019,-160,-3712000,23.2(3.11 %),0,0,160,3712000,22199376,0.25
27/12/2019,0,0,23.35(0.65 %),0,0,0,0,22204516,0.24
30/12/2019,-260,-6080000,23.4(0.21 %),0,0,260,6080000,22205136,0.24
31/12/2019,0,0,23.3(-0.43 %),0,0,0,0,22205296,0.24
02/01/2020,-190,-4460000,23.5(0.86 %),0,0,190,4460000,22205296,0.24
03/01/2020,-4870,-108850000,22.25(-5.32 %),380,8510000,5250,117360000,22205176,0.24
06/01/2020,0,0,22.25(0.00 %),0,0,0,0,22210166,0.23
07/01/2020,-11850,-259130000,21.7(-2.47 %),0,0,11850,259130000,22205366,0.24
08/01/2020,-380,-8344000,22.5(3.69 %),0,0,380,8344000,22222396,0.2
09/01/2020,50,1130000,22.6(0.44 %),50,1130000,0,0,22222346,0.2
10/01/2020,20,440000,22.9(1.33 %),20,440000,0,0,22222396,0.2
13/01/2020,190,4280000,22.95(0.22 %),190,4280000,0,0,22222586,0.2
14/01/2020,0,0,23.15(0.87 %),0,0,0,0,22222586,0.2
15/01/2020,-20,-460000,22.8(-1.51 %),0,0,20,460000,22222586,0.2
16/01/2020,0,0,22.85(0.22 %),0,0,0,0,22222586,0.2
17/01/2020,2890,65940000,22.75(-0.44 %),2890,65940000,0,0,22219701,0.21
20/01/2020,1000,22900000,22.9(0.66 %),1000,22900000,0,0,22218701,0.21
21/01/2020,2990,67680000,22.8(-0.44 %),2990,67680000,0,0,22215731,0.22
22/01/2020,11900,268460000,23.2(1.75 %),11900,268460000,0,0,22203831,0.24
30/01/2020,60,1371000,22.85(-1.51 %),60,1371000,0,0,22203771,0.24
31/01/2020,-1110,-25310000,22.75(-0.44 %),0,0,1110,25310000,22203771,0.24
03/02/2020,-3980,-89167000,23.1(1.54 %),0,0,3980,89167000,22203771,0.24
04/02/2020,-1640,-36384000,22.6(-2.16 %),0,0,1640,36384000,22205411,0.24
05/02/2020,-2040,-45900000,23.5(3.98 %),0,0,2040,45900000,22204881,0.24
06/02/2020,-1790,-40232500,23.55(0.21 %),0,0,1790,40232500,22209241,0.23
07/02/2020,-3260,-73190000,22.45(-4.67 %),0,0,3260,73190000,22210501,0.23
10/02/2020,-2210,-48992500,22.8(1.56 %),0,0,2210,48992500,22214711,0.22
11/02/2020,-1850,-41240000,22.3(-2.19 %),0,0,1850,41240000,22214331,0.22
12/02/2020,-280,-6150000,22.2(-0.45 %),0,0,280,6150000,22217591,0.21
13/02/2020,-540,-12070000,23(3.60 %),0,0,540,12070000,22219801,0.21
14/02/2020,0,0,22.2(-3.48 %),0,0,0,0,22221651,0.2
17/02/2020,-80,-1760000,21.85(-1.58 %),0,0,80,1760000,22221931,0.2
18/02/2020,0,0,22.7(3.89 %),0,0,0,0,22222471,0.2
19/02/2020,-250,-5800000,23.3(2.64 %),0,0,250,5800000,22222471,0.2
20/02/2020,0,0,22.5(-3.43 %),0,0,0,0,22222551,0.2
21/02/2020,0,0,22.7(0.89 %),0,0,0,0,22222551,0.2
24/02/2020,0,0,22(-3.08 %),0,0,0,0,22222801,0.2
25/02/2020,0,0,22.6(2.73 %),0,0,0,0,22222801,0.2
26/02/2020,0,0,22.6(0.00 %),0,0,0,0,22222801,0.2
27/02/2020,0,0,22.6(0.00 %),0,0,0,0,22222801,0.2
28/02/2020,0,0,22.7(0.44 %),0,0,0,0,22222801,0.2
02/03/2020,0,0,22.7(0.00 %),0,0,0,0,22222801,0.2
03/03/2020,-50,-1130000,22.6(-0.44 %),0,0,50,1130000,22222851,0.2
04/03/2020,0,0,22.65(0.22 %),0,0,0,0,22222851,0.2
05/03/2020,1790,39730000,22.05(-2.65 %),1790,39730000,0,0,22221011,0.21
06/03/2020,-7460,-162550000,21.8(-1.13 %),0,0,7460,162550000,22221061,0.21
09/03/2020,270,5550000,22.7(4.13 %),270,5550000,0,0,22220791,0.21
10/03/2020,-740,-16470000,22.3(-1.76 %),0,0,740,16470000,22220791,0.21
11/03/2020,-600,-13380000,22.3(0.00 %),0,0,600,13380000,22229591,0.19
12/03/2020,-90,-1960000,21.75(-2.47 %),0,0,90,1960000,22228251,0.19
13/03/2020,-230,-4793500,20.75(-4.60 %),0,0,230,4793500,22229911,0.19
16/03/2020,-400,-8300000,21.2(2.17 %),0,0,400,8300000,22230311,0.19
17/03/2020,0,0,21.5(1.42 %),0,0,0,0,22230311,0.19
18/03/2020,0,0,21.6(0.47 %),0,0,0,0,22230311,0.19
19/03/2020,0,0,21.9(1.39 %),0,0,0,0,22230311,0.19
20/03/2020,0,0,22.2(1.37 %),0,0,0,0,22230311,0.19
23/03/2020,0,0,22.2(0.00 %),0,0,0,0,22230311,0.19
24/03/2020,0,0,22.35(0.68 %),0,0,0,0,22230311,0.19
25/03/2020,1000,21600000,22.55(0.89 %),1000,21600000,0,0,22229311,0.19
26/03/2020,4310,94750000,22.55(0.00 %),4310,94750000,0,0,22225001,0.2
27/03/2020,3110,68701000,22(-2.44 %),3110,68701000,0,0,22221891,0.2
30/03/2020,-490,-10700000,21.85(-0.68 %),0,0,490,10700000,22221891,0.2
31/03/2020,1920,40992000,21.85(0.00 %),1920,40992000,0,0,22220461,0.21
01/04/2020,1500,32117000,22(0.69 %),1880,40420000,380,8303000,22219971,0.21
03/04/2020,0,0,22(0.00 %),0,0,0,0,22219971,0.21
06/04/2020,6570,141550000,22.3(1.36 %),6790,146430000,220,4880000,22211791,0.23
07/04/2020,100,2240000,22.4(0.45 %),100,2240000,0,0,22213301,0.22
08/04/2020,6550,142620000,22(-1.79 %),6550,142620000,0,0,22205521,0.24
09/04/2020,-200,-4830000,22.05(0.23 %),1300,28020000,1500,32850000,22204441,0.24
10/04/2020,-1490,-32610000,22.5(2.04 %),0,0,1490,32610000,22204441,0.24
13/04/2020,-7190,-155090000,22.5(0.00 %),0,0,7190,155090000,22204441,0.24
14/04/2020,-3650,-78170500,22.7(0.89 %),0,0,3650,78170500,22219281,0.21
15/04/2020,-3470,-75824000,21.75(-4.19 %),0,0,3470,75824000,22222751,0.2
16/04/2020,-730,-15760000,22(1.15 %),0,0,730,15760000,22214621,0.22
17/04/2020,-200,-4333500,21.7(-1.36 %),0,0,200,4333500,22223681,0.2
20/04/2020,-1010,-21554000,21.4(-1.38 %),0,0,1010,21554000,22224691,0.2
21/04/2020,-320,-6630000,22.6(5.61 %),0,0,320,6630000,22222471,0.2
22/04/2020,0,0,22.6(0.00 %),0,0,0,0,22225011,0.2
23/04/2020,-2680,-58840000,22.5(-0.44 %),0,0,2680,58840000,22223421,0.2
24/04/2020,-2130,-45240000,22.7(0.89 %),0,0,2130,45240000,22223741,0.2
27/04/2020,-1750,-39392500,22.2(-2.20 %),0,0,1750,39392500,22231571,0.18
28/04/2020,0,0,22.15(-0.23 %),0,0,0,0,22231571,0.18
29/04/2020,-14290,-295390000,22.4(1.13 %),2530,53030000,16820,348420000,22226021,0.19
04/05/2020,-15990,-334330000,22.8(1.79 %),0,0,15990,334330000,22227771,0.19
05/05/2020,0,0,22.4(-1.75 %),0,0,0,0,22227771,0.19
06/05/2020,-10740,-224110000,21.85(-2.46 %),0,0,10740,224110000,22244591,0.15
07/05/2020,-42680,-875270000,22.5(2.97 %),0,0,42680,875270000,22260581,0.12
08/05/2020,0,0,22.25(-1.11 %),0,0,0,0,22281191,0.07
11/05/2020,0,0,21.3(-4.27 %),0,0,0,0,22281191,0.07
12/05/2020,1710,36020000,20.8(-2.35 %),1710,36020000,0,0,22312291,0.01
13/05/2020,1290,27030000,20.75(-0.24 %),1290,27030000,0,0,22311001,0.01
14/05/2020,8340,174272000,21.15(1.93 %),8340,174272000,0,0,22269851,0.1
15/05/2020,2100,43660000,21.5(1.65 %),2100,43660000,0,0,22300561,0.03
18/05/2020,-1740,-36410500,21.35(-0.70 %),0,0,1740,36410500,22269491,0.1
19/05/2020,-750,-16050000,21.25(-0.47 %),0,0,750,16050000,22300561,0.03
20/05/2020,-2100,-44720000,21.3(0.24 %),420,8720000,2520,53440000,22300141,0.03
21/05/2020,0,0,21.3(0.00 %),0,0,0,0,22301881,0.03
22/05/2020,-4150,-87080000,21(-1.41 %),750,15490000,4900,102570000,22301881,0.03
25/05/2020,-2940,-61200000,21.25(1.19 %),0,0,2940,61200000,22304401,0.02
26/05/2020,-1010,-21453000,21.3(0.24 %),0,0,1010,21453000,22280441,0.07
27/05/2020,-750,-16012500,21.2(-0.47 %),0,0,750,16012500,22281191,0.07
28/05/2020,0,0,21.25(0.24 %),0,0,0,0,22312241,0.01
29/05/2020,470,9660000,21.25(0.00 %),470,9660000,0,0,22312781,0.0
01/06/2020,0,0,21.25(0.00 %),0,0,0,0,22313531,0.0
02/06/2020,0,0,21.3(0.24 %),0,0,0,0,22313531,0.0
03/06/2020,-130,-2762500,21.25(-0.23 %),0,0,130,2762500,22313661,0.0
04/06/2020,0,0,21.25(0.00 %),0,0,0,0,22313661,0.0
05/06/2020,5620,116910000,21.3(0.24 %),5620,116910000,0,0,22307911,0.01
08/06/2020,800,16439500,21.4(0.47 %),860,17711000,60,1271500,22312861,0.0
09/06/2020,710,14800000,21.3(-0.47 %),710,14800000,0,0,22306471,0.02
10/06/2020,370,7660000,21.4(0.47 %),420,8720000,50,1060000,22306051,0.02
11/06/2020,-1360,-28980000,20.75(-3.04 %),0,0,1360,28980000,22306111,0.02
12/06/2020,-5610,-116164000,21(1.20 %),0,0,5610,116164000,22319461,0.0
15/06/2020,-140,-3022500,20.4(-2.86 %),200,4100000,340,7122500,22319601,0.0
16/06/2020,-530,-11103500,20.7(1.47 %),0,0,530,11103500,22320131,0.0
17/06/2020,410,8410000,20.5(-0.97 %),410,8410000,0,0,22312521,0.0
18/06/2020,3520,73683000,21.1(2.93 %),3520,73683000,0,0,22316201,0.0
19/06/2020,0,0,21.15(0.24 %),0,0,0,0,22316201,0.0
22/06/2020,8940,189080000,21.25(0.47 %),8940,189080000,0,0,22300931,0.03
23/06/2020,2090,44002500,21.4(0.71 %),2090,44002500,0,0,22305171,0.02
24/06/2020,-1650,-35310500,21.4(0.00 %),400,8320000,2050,43630500,22306821,0.02
25/06/2020,-500,-10700000,21.35(-0.23 %),0,0,500,10700000,22298441,0.04
26/06/2020,-4240,-89612000,21.25(-0.47 %),0,0,4240,89612000,22311561,0.01
29/06/2020,-4240,-89612000,21.05(-0.94 %),0,0,4240,89612000,22315801,0.0
30/06/2020,-4430,-92490000,21(-0.24 %),0,0,4430,92490000,22300991,0.03
01/07/2020,0,0,21(0.00 %),0,0,0,0,22305231,0.02
02/07/2020,0,0,21(0.00 %),0,0,0,0,22308881,0.01
03/07/2020,2500,52290000,21(0.00 %),2500,52290000,0,0,22310811,0.01
06/07/2020,1490,31200000,21.05(0.24 %),1490,31200000,0,0,22309321,0.01
07/07/2020,9930,210481000,20.7(-1.66 %),9930,210481000,0,0,22291311,0.05
08/07/2020,4300,89760000,21(1.45 %),4300,89760000,0,0,22295091,0.04
09/07/2020,2840,59990000,21.5(2.38 %),3130,66170000,290,6180000,22291961,0.05
10/07/2020,-10,-220000,21.35(-0.70 %),0,0,10,220000,22291961,0.05
13/07/2020,-10,-214500,21.5(0.70 %),0,0,10,214500,22284191,0.07
14/07/2020,10,210000,21.3(-0.93 %),10,210000,0,0,22292241,0.05
15/07/2020,3980,83580000,21.35(0.23 %),3980,83580000,0,0,22288271,0.06
16/07/2020,-900,-19260000,21.5(0.70 %),0,0,900,19260000,22288281,0.06
17/07/2020,-930,-19860000,21.45(-0.23 %),0,0,930,19860000,22288281,0.06
20/07/2020,-710,-15123000,21.25(-0.93 %),0,0,710,15123000,22282741,0.07
21/07/2020,-2180,-46140500,21.35(0.47 %),0,0,2180,46140500,22284921,0.07
22/07/2020,-3200,-68120000,21.2(-0.70 %),0,0,3200,68120000,22290111,0.05
23/07/2020,0,0,21.35(0.71 %),0,0,0,0,22290821,0.05
24/07/2020,-990,-20920000,21.05(-1.41 %),0,0,990,20920000,22293001,0.05
27/07/2020,2200,46400000,21.05(0.00 %),2200,46400000,0,0,22294001,0.05
28/07/2020,14450,304763500,21.35(1.43 %),14450,304763500,0,0,22272461,0.09
29/07/2020,0,0,21.2(-0.70 %),0,0,0,0,22280541,0.07
30/07/2020,310,6300000,21.4(0.94 %),900,18810000,590,12510000,22279641,0.08
31/07/2020,9240,194040000,21.45(0.23 %),9240,194040000,0,0,22270401,0.1
03/08/2020,7330,153620000,21.5(0.23 %),7330,153620000,0,0,22270401,0.1
04/08/2020,8010,171930000,21.4(-0.47 %),8010,171930000,0,0,22255651,0.13
05/08/2020,8180,175920000,21.6(0.93 %),8180,175920000,0,0,22247471,0.15
06/08/2020,8580,181450000,21.75(0.69 %),8580,181450000,0,0,22238891,0.17
07/08/2020,7920,168800000,21.8(0.23 %),7920,168800000,0,0,22230971,0.18
10/08/2020,4140,91660000,22.2(1.83 %),4140,91660000,0,0,22226831,0.19
11/08/2020,-1030,-22940000,23(3.60 %),10,230000,1040,23170000,22226821,0.19
12/08/2020,-5130,-112784000,21.8(-5.22 %),0,0,5130,112784000,22239731,0.16
13/08/2020,-5320,-115190000,21.9(0.46 %),0,0,5320,115190000,22226821,0.19
14/08/2020,-5300,-113101000,21.3(-2.74 %),0,0,5300,113101000,22250351,0.14
17/08/2020,-400,-8540000,21.9(2.82 %),0,0,400,8540000,22250751,0.14
18/08/2020,660,14251500,21.55(-1.60 %),660,14251500,0,0,22250091,0.14
19/08/2020,1590,34344000,21.65(0.46 %),1590,34344000,0,0,22248501,0.15
20/08/2020,11260,242304500,21.2(-2.08 %),11260,242304500,0,0,22237241,0.17
21/08/2020,2600,54080000,22(3.77 %),2600,54080000,0,0,22234641,0.18
24/08/2020,3340,72603500,21.05(-4.32 %),3340,72603500,0,0,22231301,0.18
25/08/2020,12310,265810000,21.5(2.14 %),12310,265810000,0,0,22212251,0.22
26/08/2020,-3110,-66753000,21.5(0.00 %),0,0,3110,66753000,22222101,0.2
27/08/2020,-1520,-32610000,21.5(0.00 %),0,0,1520,32610000,22212251,0.22
28/08/2020,0,0,21.4(-0.47 %),0,0,0,0,22223621,0.2
31/08/2020,0,0,21.35(-0.23 %),0,0,0,0,22223621,0.2
01/09/2020,-6980,-147420000,21.3(-0.23 %),0,0,6980,147420000,22216881,0.21
03/09/2020,-420,-8957000,21.35(0.23 %),470,10011000,890,18968000,22217301,0.21
04/09/2020,-700,-14810000,21.25(-0.47 %),0,0,700,14810000,22216411,0.22
07/09/2020,0,0,21.2(-0.24 %),0,0,0,0,22223391,0.2
08/09/2020,0,0,21.25(0.24 %),0,0,0,0,22224281,0.2
09/09/2020,0,0,21.3(0.24 %),0,0,0,0,22224981,0.2
10/09/2020,10560,225790000,21.5(0.94 %),10950,234160000,390,8370000,22214031,0.22
11/09/2020,820,17640000,21.6(0.47 %),890,19140000,70,1500000,22213141,0.22
14/09/2020,800,16830000,21.1(-2.31 %),1000,21150000,200,4320000,22212141,0.22
15/09/2020,1640,34500000,21.4(1.42 %),1690,35570000,50,1070000,22210841,0.23
16/09/2020,1440,30520000,21.45(0.23 %),1440,30520000,0,0,22209471,0.23
17/09/2020,8790,186493000,21.4(-0.23 %),8790,186493000,0,0,22193951,0.26
18/09/2020,-4670,-98950000,21.35(-0.23 %),0,0,4670,98950000,22200931,0.25
21/09/2020,-2100,-44772000,21.3(-0.23 %),100,2140000,2200,46912000,22200721,0.25
22/09/2020,-910,-19313000,21.35(0.23 %),0,0,910,19313000,22201631,0.25
23/09/2020,-20,-423000,21.25(-0.47 %),0,0,20,423000,22201651,0.25
24/09/2020,-1890,-39760000,21.3(0.24 %),0,0,1890,39760000,22207701,0.23
25/09/2020,-1220,-25790500,21.2(-0.47 %),0,0,1220,25790500,22204761,0.24
28/09/2020,-3860,-80840000,21.1(-0.47 %),700,14630000,4560,95470000,22207931,0.23
29/09/2020,-7110,-148164500,21.1(0.00 %),2160,44820000,9270,192984500,22215731,0.22
30/09/2020,-9790,-204090000,21.1(0.00 %),60,1260000,9850,205350000,22208821,0.23
01/10/2020,200,3670000,21.2(0.47 %),1600,33280000,1400,29610000,22213381,0.22
02/10/2020,-3570,-74250000,21.1(-0.47 %),0,0,3570,74250000,22221051,0.21
05/10/2020,-1010,-21210000,21(-0.47 %),0,0,1010,21210000,22230901,0.18
06/10/2020,-1150,-23800000,21(0.00 %),0,0,1150,23800000,22232301,0.18
07/10/2020,-910,-19030000,20.9(-0.48 %),100,2070000,1010,21100000,22235771,0.17
08/10/2020,-2170,-47520000,22(5.26 %),0,0,2170,47520000,22236781,0.17
09/10/2020,-2460,-51682000,20.65(-6.14 %),0,0,2460,51682000,22224651,0.2
12/10/2020,-8180,-169940000,20.7(0.24 %),0,0,8180,169940000,22238941,0.17
13/10/2020,-4850,-100040000,20.55(-0.72 %),0,0,4850,100040000,22241111,0.16
14/10/2020,-9350,-194650500,21.1(2.68 %),0,0,9350,194650500,22247031,0.15
15/10/2020,-6470,-132920000,21(-0.47 %),0,0,6470,132920000,22251751,0.14
16/10/2020,-7320,-151200000,21.05(0.24 %),0,0,7320,151200000,22256601,0.13
19/10/2020,-1950,-40640000,20.7(-1.66 %),0,0,1950,40640000,22265951,0.11
20/10/2020,-5300,-109090000,20.8(0.48 %),0,0,5300,109090000,22272421,0.09
21/10/2020,-100,-2070000,20.8(0.00 %),0,0,100,2070000,22279741,0.08
22/10/2020,-9190,-189500500,20.8(0.00 %),0,0,9190,189500500,22277361,0.08
23/10/2020,-7280,-150093500,20.8(0.00 %),0,0,7280,150093500,22284641,0.07
26/10/2020,-7990,-164000000,20.8(0.00 %),0,0,7990,164000000,22287091,0.06
27/10/2020,-240,-4940000,20.8(0.00 %),0,0,240,4940000,22296281,0.04
28/10/2020,0,0,20.8(0.00 %),0,0,0,0,22303561,0.02
29/10/2020,-1360,-28220000,20.75(-0.24 %),0,0,1360,28220000,22311551,0.01
30/10/2020,0,0,20.75(0.00 %),0,0,0,0,22311791,0.01
02/11/2020,1480,30192000,20.75(0.00 %),1480,30192000,0,0,22311791,0.01
03/11/2020,0,0,20.75(0.00 %),0,0,0,0,22311791,0.01
04/11/2020,0,0,20.75(0.00 %),0,0,0,0,22311791,0.01
05/11/2020,-1480,-30562000,20.65(-0.48 %),0,0,1480,30562000,22313271,0.0
06/11/2020,0,0,20.55(-0.48 %),0,0,0,0,22313271,0.0
09/11/2020,0,0,20.55(0.00 %),0,0,0,0,22313271,0.0
10/11/2020,0,0,20.55(0.00 %),0,0,0,0,22313271,0.0
11/11/2020,0,0,20.55(0.00 %),0,0,0,0,22313271,0.0
12/11/2020,0,0,20.55(0.00 %),0,0,0,0,22313271,0.0
13/11/2020,0,0,20.55(0.00 %),0,0,0,0,22313271,0.0
16/11/2020,0,0,20.55(0.00 %),0,0,0,0,22313271,0.0
17/11/2020,0,0,20.5(-0.24 %),0,0,0,0,22313271,0.0
18/11/2020,1080,21804000,20.5(0.00 %),1080,21804000,0,0,22312191,0.01
19/11/2020,570,11490000,20.5(0.00 %),570,11490000,0,0,22311501,0.01
20/11/2020,0,0,20.5(0.00 %),0,0,0,0,22311621,0.01
23/11/2020,-100,-2050000,20.5(0.00 %),0,0,100,2050000,22311721,0.01
24/11/2020,-1550,-31542500,20.5(0.00 %),0,0,1550,31542500,22313271,0.0
25/11/2020,0,0,20.5(0.00 %),0,0,0,0,22313271,0.0
26/11/2020,0,0,20.55(0.24 %),0,0,0,0,22313271,0.0
27/11/2020,820,16560000,20.5(-0.24 %),820,16560000,0,0,22312331,0.0
30/11/2020,0,0,20.5(0.00 %),0,0,0,0,22312331,0.0
01/12/2020,0,0,20.5(0.00 %),0,0,0,0,22312331,0.0
02/12/2020,-200,-4080000,20.4(-0.49 %),0,0,200,4080000,22312531,0.0
03/12/2020,0,0,20.4(0.00 %),0,0,0,0,22312531,0.0
04/12/2020,0,0,20.3(-0.49 %),0,0,0,0,22312531,0.0
07/12/2020,0,0,20.1(-0.99 %),0,0,0,0,22312531,0.0
08/12/2020,-620,-12590000,20.5(1.99 %),0,0,620,12590000,22312531,0.0
09/12/2020,80,1640000,21(2.44 %),80,1640000,0,0,22312451,0.0
10/12/2020,0,0,21.2(0.95 %),0,0,0,0,22313071,0.0
11/12/2020,0,0,21.3(0.47 %),0,0,0,0,22313071,0.0
14/12/2020,-80,-1704000,21.45(0.70 %),0,0,80,1704000,22313151,0.0
15/12/2020,1370,28770000,21.45(0.00 %),1370,28770000,0,0,22311781,0.01
16/12/2020,570,12084000,21.4(-0.23 %),570,12084000,0,0,22311211,0.01
17/12/2020,320,6912000,21.85(2.10 %),320,6912000,0,0,22310891,0.01
18/12/2020,-650,-14260000,22(0.69 %),0,0,650,14260000,22310891,0.01
21/12/2020,200,4030000,21.65(-1.59 %),290,5990000,90,1960000,22310601,0.01
22/12/2020,1210,25080000,22(1.62 %),1210,25080000,0,0,22309391,0.01
23/12/2020,-380,-8450000,22(0.00 %),0,0,380,8450000,22310041,0.01
24/12/2020,-290,-6310000,22.9(4.09 %),20,440000,310,6750000,22310111,0.01
25/12/2020,-1120,-22107000,19.9(-13.10 %),1210,22463000,2330,44570000,22311921,0.01
28/12/2020,0,0,20.1(1.01 %),0,0,0,0,22311921,0.01
29/12/2020,0,0,20(-0.50 %),0,0,0,0,22311921,0.01
30/12/2020,-320,-6240000,19.4(-3.00 %),0,0,320,6240000,22311921,0.01
31/12/2020,-390,-7644500,19.8(2.06 %),0,0,390,7644500,22312311,0.0
04/01/2021,0,0,19.95(0.76 %),0,0,0,0,22311921,0.01
05/01/2021,0,0,19.65(-1.50 %),0,0,0,0,22312241,0.01
06/01/2021,0,0,20(1.78 %),0,0,0,0,22312631,0.0
07/01/2021,0,0,20(0.00 %),0,0,0,0,22312631,0.0
08/01/2021,0,0,20(0.00 %),0,0,0,0,22312631,0.0
11/01/2021,0,0,20(0.00 %),0,0,0,0,22312631,0.0
12/01/2021,0,0,20(0.00 %),0,0,0,0,22312631,0.0
13/01/2021,-500,-9900000,20.1(0.50 %),0,0,500,9900000,22312421,0.0
14/01/2021,-700,-13825000,20.05(-0.25 %),0,0,700,13825000,22313121,0.0
15/01/2021,0,0,20(-0.25 %),0,0,0,0,22313121,0.0
18/01/2021,100,1970000,20.3(1.50 %),100,1970000,0,0,22313021,0.0
19/01/2021,0,0,20.1(-0.99 %),0,0,0,0,22313731,0.0
20/01/2021,0,0,20(-0.50 %),0,0,0,0,22313731,0.0
21/01/2021,0,0,20(0.00 %),0,0,0,0,22313021,0.0
22/01/2021,100,1925000,20(0.00 %),100,1925000,0,0,22312921,0.0
25/01/2021,5900,116540000,20(0.00 %),5900,116540000,0,0,22307021,0.02
26/01/2021,0,0,20(0.00 %),0,0,0,0,22307731,0.02
27/01/2021,-200,-3975000,20(0.00 %),0,0,200,3975000,22307221,0.02
28/01/2021,-500,-9775000,20(0.00 %),0,0,500,9775000,22307721,0.02
29/01/2021,100,1980000,20(0.00 %),100,1980000,0,0,22307621,0.02
01/02/2021,2900,56460000,20(0.00 %),2900,56460000,0,0,22307831,0.01
02/02/2021,0,0,20(0.00 %),0,0,0,0,22307831,0.01
03/02/2021,1200,24005000,20.8(4.00 %),2000,40200000,800,16195000,22306631,0.02
04/02/2021,-300,-6290000,21(0.96 %),100,1995000,400,8285000,22306931,0.02
05/02/2021,-300,-6370000,20.9(-0.48 %),200,3980000,500,10350000,22307231,0.02
08/02/2021,900,17215000,20.2(-3.35 %),1900,37465000,1000,20250000,22306331,0.02
09/02/2021,-2000,-41695000,20.3(0.50 %),300,5940000,2300,47635000,22308331,0.01
17/02/2021,1800,35995000,20.25(-0.25 %),1900,38000000,100,2005000,22306531,0.02
18/02/2021,500,10125000,20.25(0.00 %),500,10125000,0,0,22306031,0.02
19/02/2021,4800,95345000,20.1(-0.74 %),5500,109450000,700,14105000,22301231,0.03
22/02/2021,-300,-5955000,20(-0.50 %),300,6060000,600,12015000,22301531,0.03
23/02/2021,-3500,-67900000,20.45(2.25 %),100,1950000,3600,69850000,22305031,0.02
24/02/2021,-300,-6095000,20.5(0.24 %),0,0,300,6095000,22305331,0.02
25/02/2021,-3800,-77165000,20.9(1.95 %),0,0,3800,77165000,22309131,24.5
26/02/2021,-200,-4220000,20.6(-1.44 %),300,5930000,500,10150000,22309331,24.5
01/03/2021,1200,24080000,20.45(-0.73 %),1200,24080000,0,0,33454712,0.03
02/03/2021,300,5905000,20.3(-0.73 %),500,9975000,200,4070000,33454412,0.03
03/03/2021,1500,30500000,20.4(0.49 %),1500,30500000,0,0,33452912,0.03
04/03/2021,2400,49240000,20.4(0.00 %),2400,49240000,0,0,33450512,0.04
05/03/2021,400,8060000,20.4(0.00 %),400,8060000,0,0,33450112,0.04
08/03/2021,3700,74325000,20.5(0.49 %),3700,74325000,0,0,33446412,0.05
09/03/2021,300,6015000,21(2.44 %),300,6015000,0,0,33446112,0.05
10/03/2021,800,15685000,20.95(-0.24 %),1700,34095000,900,18410000,33445312,0.05
11/03/2021,-700,-14220000,20.45(-2.39 %),100,2005000,800,16225000,33446012,0.05
12/03/2021,0,0,20.35(-0.49 %),0,0,0,0,33447412,0.03
15/03/2021,2400,48100000,20.4(0.25 %),2400,48100000,0,0,33443612,0.05
16/03/2021,500,9950000,20.3(-0.49 %),500,9950000,0,0,33443112,0.05
17/03/2021,3600,71920000,20.2(-0.49 %),4000,80000000,400,8080000,33439512,0.04
18/03/2021,2000,40000000,20.35(0.74 %),2000,40000000,0,0,33437512,0.04
19/03/2021,0,0,20.35(0.00 %),0,0,0,0,33440212,0.04
22/03/2021,0,0,20.25(-0.49 %),0,0,0,0,33440612,0.04
23/03/2021,1900,36905000,19.8(-2.22 %),2100,40845000,200,3940000,33435612,0.05
24/03/2021,0,150000,20.2(2.02 %),1400,27300000,1400,27150000,33435612,0.05
25/03/2021,-300,-5895000,20.1(-0.50 %),0,0,300,5895000,33435912,0.05
26/03/2021,-2200,-42225000,20(-0.50 %),0,0,2200,42225000,33438112,0.04
29/03/2021,0,0,19.9(-0.50 %),0,0,0,0,33438712,0.04
30/03/2021,1000,18565000,21.2(6.53 %),1500,28390000,500,9825000,33437112,0.04
31/03/2021,-2400,-47635000,20.5(-3.30 %),400,7960000,2800,55595000,33439512,0.04
01/04/2021,100,1940000,20.35(-0.73 %),100,1940000,0,0,33439312,0.04
02/04/2021,0,355000,20.1(-1.23 %),1500,28950000,1500,28595000,33439312,0.04
05/04/2021,-3800,-72545000,20.2(0.50 %),0,0,3800,72545000,33443112,0.03
06/04/2021,-1300,-25260000,20.2(0.00 %),0,0,1300,25260000,33444412,0.03
07/04/2021,-800,-15470000,20(-0.99 %),0,0,800,15470000,33445212,0.03
08/04/2021,-3200,-61780000,19.9(-0.50 %),0,0,3200,61780000,33448412,0.03
09/04/2021,-1600,-31275000,19.9(0.00 %),0,0,1600,31275000,33450012,0.02
12/04/2021,700,13475000,19.9(0.00 %),700,13475000,0,0,33449312,0.03
13/04/2021,900,17370000,19.9(0.00 %),900,17370000,0,0,33448412,0.03
14/04/2021,2200,42795000,19.9(0.00 %),2200,42795000,0,0,33446212,0.03
15/04/2021,1200,23470000,19.9(0.00 %),2000,39110000,800,15640000,33445012,0.0
16/04/2021,-1100,-21670000,19.9(0.00 %),0,0,1100,21670000,33446112,0.03
19/04/2021,3300,64520000,19.9(0.00 %),3300,64520000,0,0,33442812,0.04
20/04/2021,2700,52770000,20(0.50 %),2700,52770000,0,0,33440112,0.04
22/04/2021,800,15355000,20.05(0.25 %),2700,52775000,1900,37420000,33439312,0.04
23/04/2021,-4300,-84205000,20(-0.25 %),300,5865000,4600,90070000,33443612,0.03
26/04/2021,-2500,-48795000,19.95(-0.25 %),0,0,2500,48795000,33446112,0.03
27/04/2021,0,0,19.8(-0.75 %),0,0,0,0,33446112,0.03
28/04/2021,500,9575000,19.7(-0.51 %),1100,21335000,600,11760000,33445612,0.03
29/04/2021,-600,-11850000,20(1.52 %),400,7680000,1000,19530000,33446212,0.03
04/05/2021,1000,19275000,19.85(-0.75 %),1100,21245000,100,1970000,33447732,0.03
05/05/2021,1400,27095000,19.85(0.00 %),1400,27095000,0,0,33446332,0.03
06/05/2021,1600,31050000,19.8(-0.25 %),1800,34990000,200,3940000,33444732,0.03
07/05/2021,2800,54330000,19.75(-0.25 %),2900,56290000,100,1960000,33441932,0.04
10/05/2021,400,7340000,19.65(-0.51 %),1800,34830000,1400,27490000,33441532,0.04
11/05/2021,2300,44430000,19.05(-3.05 %),2300,44430000,0,0,33439232,0.04
12/05/2021,2500,47900000,19.5(2.36 %),2700,51770000,200,3870000,33436732,0.04
13/05/2021,1300,25060000,19.7(1.03 %),1300,25060000,0,0,33435432,0.05
14/05/2021,-2100,-40750000,19.6(-0.51 %),0,0,2100,40750000,33437532,0.04
17/05/2021,-2600,-50270000,19.5(-0.51 %),0,0,2600,50270000,33440132,0.04
18/05/2021,-3900,-75660000,19.4(-0.51 %),0,0,3900,75660000,33444032,0.03
19/05/2021,-800,-15400000,20(3.09 %),0,0,800,15400000,33444832,0.03
20/05/2021,0,0,20.1(0.50 %),0,0,0,0,33444832,0.03
21/05/2021,-2000,-39390000,20.1(0.00 %),0,0,2000,39390000,33446832,0.03
24/05/2021,6700,133420000,20(-0.50 %),6700,133420000,0,0,33440132,0.04
25/05/2021,500,9900000,20(0.00 %),500,9900000,0,0,33439632,0.04
26/05/2021,4100,81180000,20.1(0.50 %),4100,81180000,0,0,33435532,0.05
27/05/2021,1700,33705000,19.95(-0.75 %),1700,33705000,0,0,33433832,0.05
28/05/2021,0,0,20.3(1.75 %),0,0,0,0,33434432,0.05
31/05/2021,1000,19850000,20.3(0.00 %),1000,19850000,0,0,33432832,0.05
01/06/2021,2000,40200000,20.05(-1.23 %),2000,40200000,0,0,33433432,0.05
02/06/2021,1400,27440000,20.1(0.25 %),1400,27440000,0,0,33432032,0.05
03/06/2021,3600,72720000,20.5(1.99 %),3600,72720000,0,0,33428432,0.06
04/06/2021,11800,241580000,20.5(0.00 %),11800,241580000,0,0,33416632,0.07
07/06/2021,4800,98310000,20.4(-0.49 %),4800,98310000,0,0,33411832,0.08
08/06/2021,7300,149240000,20.4(0.00 %),7300,149240000,0,0,33404532,0.09
09/06/2021,11900,243100000,20.45(0.25 %),11900,243100000,0,0,33392632,0.11
10/06/2021,12000,247640000,20.45(0.00 %),13000,268290000,1000,20650000,33380632,0.13
11/06/2021,7300,149570000,20.5(0.24 %),7300,149570000,0,0,33373332,0.14
14/06/2021,7000,144520000,20.5(0.00 %),7000,144520000,0,0,33366332,0.15
15/06/2021,14500,298175000,20.5(0.00 %),14500,298175000,0,0,33351832,0.17
16/06/2021,300,6135000,20.4(-0.49 %),300,6135000,0,0,33351532,0.17
17/06/2021,12400,254040000,20.4(0.00 %),12400,254040000,0,0,33339132,0.19
18/06/2021,7100,145125000,20.5(0.49 %),7100,145125000,0,0,33332032,0.2
21/06/2021,2900,59450000,20.3(-0.98 %),4400,90200000,1500,30750000,33329132,0.2
22/06/2021,2100,42570000,20.4(0.49 %),2700,54810000,600,12240000,33327032,0.2
23/06/2021,5100,103360000,20.3(-0.49 %),5100,103360000,0,0,33321932,0.21
24/06/2021,4900,99775000,20.75(2.22 %),4900,99775000,0,0,33317032,0.22
25/06/2021,-1900,-39250000,20.8(0.24 %),0,0,1900,39250000,33318932,0.22
28/06/2021,0,0,20.9(0.48 %),0,0,0,0,33318932,0.22
29/06/2021,2400,49100000,20.6(-1.44 %),3400,69700000,1000,20600000,33316532,0.22
30/06/2021,-1200,-24720000,20.45(-0.73 %),0,0,1200,24720000,33317732,0.22
01/07/2021,5900,119770000,20.6(0.73 %),5900,119770000,0,0,33313532,0.22
02/07/2021,9300,191160000,20.6(0.00 %),9600,197355000,300,6195000,33304232,0.24
05/07/2021,-2000,-2059600,20.5(-0.49 %),1100,0,3100,2059600,33306232,0.24
06/07/2021,-500,-10275000,20.45(-0.73 %),0,0,500,10275000,33306732,0.23
07/07/2021,14500,296150000,20.55(0.49 %),14500,296150000,0,0,33292232,0.26
08/07/2021,6600,0,20.4(-0.73 %),6700,0,100,0,33285632,0.27
09/07/2021,500,10095000,20.3(-0.49 %),1400,28275000,900,18180000,33285132,0.27
12/07/2021,20100,406165000,20.25(-0.25 %),20100,406165000,0,0,33265032,0.3
13/07/2021,0,0,20.25(0.00 %),0,0,0,0,33265032,0.3
14/07/2021,100,2015000,20.2(-0.25 %),100,2015000,0,0,33264932,0.3
15/07/2021,4100,83050000,20.3(0.50 %),4100,83050000,0,0,33260832,0.3
16/07/2021,0,0,20.4(0.49 %),0,0,0,0,33260832,0.3
19/07/2021,0,0,20.2(-0.98 %),0,0,0,0,33260832,0.3
20/07/2021,1800,36360000,20.25(0.25 %),1800,36360000,0,0,33259032,0.3
21/07/2021,10100,204035000,20.3(0.25 %),10100,204035000,0,0,33248932,0.32
22/07/2021,4900,98580000,20.25(-0.25 %),4900,98580000,0,0,33244032,0.33
23/07/2021,5300,106580000,20.3(0.25 %),5300,106580000,0,0,33238732,0.33
26/07/2021,7700,156025000,20.4(0.49 %),7700,156025000,0,0,33231032,0.35
27/07/2021,18700,381625000,20.7(1.47 %),18800,383690000,100,2065000,33212332,0.37
28/07/2021,800,16480000,20.7(0.00 %),800,16480000,0,0,33211532,0.37
29/07/2021,3000,61205000,20.75(0.24 %),3100,63260000,100,2055000,33208532,0.38
30/07/2021,0,0,20.35(-1.93 %),0,0,0,0,33208532,0.38
02/08/2021,1300,21350000,20.35(0.00 %),6400,124975000,5100,103625000,33204732,0.38
03/08/2021,-100,-2030000,20.3(-0.25 %),0,0,100,2030000,33204832,0.38
04/08/2021,-3300,-66600000,20.1(-0.99 %),0,0,3300,66600000,33208132,0.38
05/08/2021,-300,-5970000,20.1(-0.74 %),0,0,300,5970000,33208432,0.38
06/08/2021,-1000,-19935000,20.05(-0.25 %),0,0,1000,19935000,33209432,0.38
09/08/2021,3000,60150000,20.05(0.00 %),3000,60150000,0,0,33206432,0.38
10/08/2021,1900,37610000,20.05(0.00 %),2000,39600000,100,1990000,33204532,0.38
11/08/2021,200,3950000,20(-0.25 %),200,3950000,0,0,33204332,0.38
12/08/2021,-1000,-19860000,20(0.00 %),0,0,1000,19860000,33205332,0.38
13/08/2021,-10200,-201327600,20(0.00 %),0,0,10200,201327600,33215532,0.37
16/08/2021,2000,38790000,20(0.00 %),4000,78690000,2000,39900000,33213532,0.37
17/08/2021,3000,59150000,20.1(0.50 %),3000,59150000,0,0,33209532,0.38
18/08/2021,2000,39780000,20(-0.50 %),2000,39780000,0,0,33211532,0.37
19/08/2021,8500,169780000,20.1(0.50 %),8500,169780000,0,0,33203032,0.39
20/08/2021,11900,235265000,19.95(-0.75 %),12200,241190000,300,5925000,33191132,0.4
23/08/2021,-5000,-98310000,20.1(0.75 %),0,0,5000,98310000,33196132,0.4
24/08/2021,-3100,-61595000,20.1(0.00 %),2700,53865000,5800,115460000,33199232,0.39
25/08/2021,1500,29925000,20.05(-0.25 %),1500,29925000,0,0,33197732,0.39
26/08/2021,20900,417710000,20.05(0.00 %),20900,417710000,0,0,33176832,0.42
27/08/2021,15300,304650000,20.1(0.25 %),15300,304650000,0,0,33161532,0.45
30/08/2021,12100,242155000,20.15(0.25 %),12100,242155000,0,0,33149432,0.46
31/08/2021,8200,163905000,20.1(-0.25 %),8200,163905000,0,0,33141232,0.48
01/09/2021,9400,186375000,20.1(0.00 %),9400,186375000,0,0,33127632,0.5
06/09/2021,27100,542230000,20.2(0.50 %),27100,542230000,0,0,33100532,0.54
07/09/2021,-1100,-22165000,20.2(0.00 %),0,0,1100,22165000,33101632,0.53
08/09/2021,-8600,-172860000,20.1(-0.50 %),0,0,8600,172860000,33110232,0.52
09/09/2021,0,0,20.05(-0.25 %),0,0,0,0,33110232,0.52
10/09/2021,900,17855000,20.05(0.00 %),1000,19850000,100,1995000,33109332,0.52
13/09/2021,1600,31725000,20.05(0.00 %),1600,31725000,0,0,33107732,0.53
14/09/2021,2000,39800000,20.1(0.25 %),2000,39800000,0,0,33105732,0.53
15/09/2021,2000,39800000,20.1(0.00 %),2000,39800000,0,0,33103732,0.53
16/09/2021,1600,31840000,20.1(0.00 %),1600,31840000,0,0,33102132,0.53
17/09/2021,-2300,-45850000,20.1(0.00 %),0,0,2300,45850000,33104432,0.53
20/09/2021,9700,193370000,20.15(0.25 %),9700,193370000,0,0,33094732,0.55
21/09/2021,-3000,-59850000,20.1(-0.25 %),0,0,3000,59850000,33097732,0.54
22/09/2021,-6100,-121390000,20.15(0.25 %),0,0,6100,121390000,33103832,0.53
23/09/2021,-8600,-171605000,20.1(-0.25 %),0,0,8600,171605000,33112432,0.52
24/09/2021,-12400,-246030000,20.05(-0.25 %),0,0,12400,246030000,33124832,0.5
27/09/2021,-22700,-444535000,20(-0.25 %),0,0,22700,444535000,33147532,0.47
28/09/2021,-2400,-46870000,19.55(-2.25 %),0,0,2400,46870000,33149932,0.46
29/09/2021,-15800,-304345000,19.9(1.79 %),1600,30610000,17400,334955000,33165732,0.44
30/09/2021,-2700,-53595000,19.95(0.25 %),0,0,2700,53595000,33168432,0.44
01/10/2021,-3200,-63260000,19.95(0.00 %),0,0,3200,63260000,33148332,0.47
04/10/2021,-3900,-76855000,19.9(-0.25 %),0,0,3900,76855000,33152232,0.46
05/10/2021,-7400,-145420000,19.9(0.00 %),0,0,7400,145420000,33159632,0.45
06/10/2021,-2000,-39700000,19.9(0.00 %),0,0,2000,39700000,33161632,0.0
07/10/2021,0,0,19.9(0.00 %),0,0,0,0,33161632,0.0
08/10/2021,1500,29700000,19.9(0.00 %),1500,29700000,0,0,33160132,0.0
11/10/2021,8800,0,20(0.50 %),8800,0,0,0,33151332,0.0
12/10/2021,-400,-8015000,20.05(0.25 %),0,0,400,8015000,33151732,0.0
13/10/2021,0,0,20.1(0.25 %),0,0,0,0,33151732,0.0
14/10/2021,0,0,20.1(0.00 %),0,0,0,0,33151732,0.0
15/10/2021,1900,37795000,20.1(0.00 %),2000,39800000,100,2005000,33149832,0.0
18/10/2021,0,0,20.1(0.00 %),0,0,0,0,33149832,0.0
19/10/2021,-200,-4010000,20.1(0.00 %),0,0,200,4010000,33150032,0.0
20/10/2021,-100,-2005000,20.1(0.00 %),0,0,100,2005000,33150132,0.0
21/10/2021,-1400,-27880000,20.05(-0.25 %),0,0,1400,27880000,33151432,0.0
22/10/2021,0,0,20.05(0.00 %),0,0,0,0,33151432,0.0
25/10/2021,6900,137150000,20.05(0.00 %),6900,137150000,0,0,33144532,0.0
26/10/2021,0,0,20.05(0.00 %),0,0,0,0,33144532,0.0
27/10/2021,9300,185900000,20.2(0.75 %),9300,185900000,0,0,33135232,0.0
28/10/2021,0,0,20.35(0.74 %),0,0,0,0,33135232,0.49
29/10/2021,0,0,20.45(0.49 %),0,0,0,0,33135232,0.49
01/11/2021,-400,-8180000,20.5(0.24 %),0,0,400,8180000,33158632,0.45
02/11/2021,-3200,-65110000,20.5(0.00 %),0,0,3200,65110000,33161832,0.45
03/11/2021,700,14070000,20.45(-0.24 %),2700,54370000,2000,40300000,33161132,0.0
04/11/2021,1100,0,20.4(-0.24 %),2700,0,1600,0,33160732,0.0
05/11/2021,4300,86430000,20.4(0.00 %),4300,86430000,0,0,33157532,0.0
08/11/2021,4000,80800000,20.4(0.00 %),4000,80800000,0,0,33157832,0.45
09/11/2021,9100,183875000,20.2(-0.98 %),9100,183875000,0,0,33148732,0.47
10/11/2021,0,0,20.3(0.50 %),0,0,0,0,33148732,0.47
11/11/2021,7600,153520000,20.3(0.00 %),7600,153520000,0,0,33141132,0.48
12/11/2021,12400,250290000,20.35(0.25 %),12400,250290000,0,0,33128732,0.5
15/11/2021,7900,159810000,20.35(0.00 %),7900,159810000,0,0,33120832,0.51
16/11/2021,16700,344000000,21.7(6.63 %),16700,344000000,0,0,33104132,0.53
17/11/2021,1900,40850000,21.65(-0.23 %),1900,40850000,0,0,33102232,0.53
18/11/2021,-9600,-200350000,21.2(-2.08 %),0,0,9600,200350000,33111832,0.52
19/11/2021,-10000,-202695000,20.8(-1.89 %),0,0,10000,202695000,33121832,0.51
22/11/2021,-3600,-72270000,20.8(0.00 %),0,0,3600,72270000,33125432,0.5
23/11/2021,-6100,-125440000,20.8(0.00 %),0,0,6100,125440000,33131532,0.49
24/11/2021,-7600,-155685000,20.9(0.48 %),700,14140000,8300,169825000,33139132,0.48
25/11/2021,-1700,-35255000,20.95(0.24 %),0,0,1700,35255000,33140832,0.48
26/11/2021,-10700,-221290000,21(0.24 %),0,0,10700,221290000,33151532,0.0
29/11/2021,-200,0,20.8(-0.95 %),0,0,200,0,33151732,0.0
30/11/2021,12200,252945000,20.9(0.48 %),12200,252945000,0,0,33139332,0.48
01/12/2021,600,12300000,20.8(-0.48 %),600,12300000,0,0,33133632,0.49
02/12/2021,-100,-2065000,21(0.96 %),0,0,100,2065000,33133732,0.49
03/12/2021,0,0,21.55(2.62 %),0,0,0,0,33133732,0.49
06/12/2021,-6300,-127900000,20.4(0.34 %),300,6120000,6600,134020000,33140032,0.48
07/12/2021,-13300,-268305000,20.4(0.00 %),1000,19850000,14300,288155000,33153332,0.46
08/12/2021,-3300,-66180000,20.25(-0.74 %),0,0,3300,66180000,33156632,0.45
09/12/2021,-800,-16070000,20.1(-0.74 %),1900,37780000,2700,53850000,33157432,0.0
10/12/2021,4800,95020000,20(-0.50 %),5000,99000000,200,3980000,33152632,0.46
13/12/2021,1100,21705000,20(0.00 %),1200,23700000,100,1995000,33151532,0.46
14/12/2021,-3700,-73090000,20(0.00 %),0,0,3700,73090000,33155232,0.43
15/12/2021,-4800,-94800000,20(0.00 %),0,0,4800,94800000,33160032,0.42
16/12/2021,-2300,-44970000,19.8(-1.00 %),0,0,2300,44970000,33162332,0.42
17/12/2021,-3700,-72620000,20(1.01 %),0,0,3700,72620000,33166032,0.42
20/12/2021,-14100,-277675000,20(0.00 %),0,0,14100,277675000,33180132,0.4
21/12/2021,800,15700000,19.8(-1.00 %),800,15700000,0,0,33179332,0.0
22/12/2021,700,13650000,20(1.01 %),700,13650000,0,0,33178632,0.4
23/12/2021,-500,-9925000,20.1(0.50 %),0,0,500,9925000,33179132,0.0
24/12/2021,0,0,20.3(1.00 %),0,0,0,0,33178632,0.4
27/12/2021,2600,52375000,20.45(0.74 %),2600,52375000,0,0,33175332,0.43
28/12/2021,100,2045000,20.55(0.24 %),100,2045000,0,0,33175232,0.4
29/12/2021,5300,107040000,20.55(-0.24 %),5300,107040000,0,0,35159925,0.44
30/12/2021,4400,89065000,20.65(0.24 %),4600,93180000,200,4115000,35155325,0.44
31/12/2021,2200,45100000,20.2(-2.42 %),2200,45100000,0,0,35153125,0.44
04/01/2022,14100,285470000,21(3.96 %),14100,285470000,0,0,35139225,0.46
05/01/2022,11200,232120000,21.25(1.19 %),11200,232120000,0,0,35128025,0.48
06/01/2022,5000,103500000,20.95(-1.64 %),5000,103500000,0,0,35123025,0.49
07/01/2022,-2300,-47955000,20.5(-2.38 %),0,0,2300,47955000,35123025,0.49
10/01/2022,-4600,0,20.55(0.24 %),400,0,5000,0,35122625,0.49
11/01/2022,0,0,20.45(-0.73 %),0,0,0,0,35124925,0.48
12/01/2022,400,8120000,20.2(-1.46 %),400,8120000,0,0,35129525,0.48
13/01/2022,0,0,20.2(0.00 %),0,0,0,0,35129525,0.48
14/01/2022,16700,334805000,20.2(0.00 %),16900,338845000,200,4040000,35112625,0.5
17/01/2022,-3500,-70025000,20.2(0.00 %),0,0,3500,70025000,35112625,0.5
18/01/2022,-3100,-62035000,20.2(0.00 %),0,0,3100,62035000,35112825,0.5
19/01/2022,-15400,-306155000,20.2(0.00 %),0,0,15400,306155000,35116325,0.5
20/01/2022,-9700,-196125000,20.3(-0.98 %),0,0,9700,196125000,35119425,0.49
21/01/2022,0,0,20.3(-0.98 %),0,0,0,0,35134825,0.47
24/01/2022,0,0,20.3(0.00 %),0,0,0,0,35144525,0.46
25/01/2022,0,0,20.35(0.25 %),0,0,0,0,35144525,0.46
26/01/2022,0,0,20.45(0.25 %),0,0,0,0,35144525,0.46
27/01/2022,-7700,-157305000,20.5(0.00 %),400,8080000,8100,165385000,35144125,0.46
28/01/2022,0,0,20.55(0.24 %),0,0,0,0,35144125,0.46
07/02/2022,11400,237520000,21.95(6.55 %),11400,237520000,0,0,35140825,0.46
08/02/2022,-3400,-76260000,22.55(2.50 %),300,6585000,3700,82845000,35140525,0.46
09/02/2022,200,4225000,22.95(1.55 %),1300,28990000,1100,24765000,35139225,0.46
10/02/2022,16600,382330000,22.95(-0.22 %),16600,382330000,0,0,35126325,0.48
11/02/2022,27700,633930000,22.5(-2.17 %),28000,640680000,300,6750000,35099425,0.52
14/02/2022,4800,108835000,22.7(0.89 %),4800,108835000,0,0,35094625,0.53
15/02/2022,28500,649765000,23.95(5.51 %),28500,649765000,0,0,35066425,0.56
16/02/2022,5900,138160000,22.9(-4.58 %),7200,168840000,1300,30680000,35059219,0.57
17/02/2022,12600,289910000,23(0.44 %),12600,289910000,0,0,35046619,0.59
18/02/2022,900,20370000,23.2(0.87 %),2300,53025000,1400,32655000,35045619,0.59
21/02/2022,20100,473550000,23.3(0.43 %),22800,539390000,2700,65840000,35022819,0.62
22/02/2022,4600,107900000,22(-5.58 %),5600,130550000,1000,22650000,35018619,0.63
23/02/2022,-15400,-336620000,22.05(0.23 %),2100,45650000,17500,382270000,35019219,0.63
24/02/2022,-14300,-317970000,21.8(-1.36 %),0,0,14300,317970000,35020219,0.63
25/02/2022,3800,84400000,22.05(1.15 %),3800,84400000,0,0,35033919,0.61
28/02/2022,2400,52245000,22.1(0.00 %),3200,69815000,800,17570000,35045019,0.59
01/03/2022,-1400,-30315000,21.75(-1.58 %),0,0,1400,30315000,35045019,0.59
02/03/2022,-6200,-134540000,21.75(-0.23 %),0,0,6200,134540000,35045819,0.59
03/03/2022,9200,199815000,21.8(0.00 %),10200,221595000,1000,21780000,35037019,0.6
04/03/2022,16300,363785000,22.55(3.44 %),16300,363785000,0,0,35026919,0.62
07/03/2022,3800,83990000,22.45(-0.66 %),3800,83990000,0,0,35024119,0.62
08/03/2022,-100,-2220000,22.5(0.00 %),0,0,100,2220000,35024119,0.62
09/03/2022,-10100,-223730000,22(-2.22 %),0,0,10100,223730000,35024119,0.62
10/03/2022,-22700,-493640000,22(0.00 %),0,0,22700,493640000,35024219,0.62
11/03/2022,1600,34790000,22(0.00 %),1600,34790000,0,0,35032719,0.61
14/03/2022,0,0,21.65(-1.59 %),0,0,0,0,35055419,0.58
15/03/2022,-1000,-22000000,21.8(0.46 %),2000,43400000,3000,65400000,35053419,0.58
16/03/2022,19800,441100000,22.45(2.98 %),19800,441100000,0,0,35033619,0.61
17/03/2022,2600,59130000,22.9(1.78 %),2600,59130000,0,0,35034019,0.61
18/03/2022,1700,38930000,22.9(0.00 %),1700,38930000,0,0,35032319,0.61
21/03/2022,8700,200505000,22.95(0.22 %),8700,200505000,0,0,35023619,0.62
22/03/2022,20000,442435000,24.55(6.74 %),21200,471000000,1200,28565000,35002419,0.65
23/03/2022,8500,203675000,24(-2.44 %),8700,208505000,200,4830000,34993719,0.66
24/03/2022,3000,60095000,25.3(5.42 %),11200,261065000,8200,200970000,34983719,0.68
25/03/2022,1900,48380000,25.8(1.98 %),4700,119750000,2800,71370000,34979211,0.68
28/03/2022,10200,260310000,25.85(0.19 %),10900,278395000,700,18085000,34976511,0.69
29/03/2022,11600,301665000,26.2(1.16 %),11600,301665000,0,0,34967711,0.7
30/03/2022,3500,92225000,26.6(1.53 %),3500,92225000,0,0,34964911,0.7
31/03/2022,3200,82940000,26.9(1.13 %),5600,146680000,2400,63740000,34959311,0.71
01/04/2022,9800,264780000,27.2(1.12 %),9800,264780000,0,0,34949511,0.73
04/04/2022,-11100,-293815000,25.55(-6.07 %),0,0,11100,293815000,34951911,0.72
05/04/2022,9700,244035000,25.4(-0.78 %),9700,244035000,0,0,34942211,0.74
06/04/2022,1400,34905000,25.65(0.98 %),2700,67905000,1300,33000000,34950611,0.72
07/04/2022,-3000,-75265000,25.1(-2.33 %),300,7410000,3300,82675000,34953611,0.72
08/04/2022,-200,-4880000,24.85(-1.00 %),2200,54605000,2400,59485000,34949411,0.73
12/04/2022,-14500,-357560000,24.85(0.00 %),0,0,14500,357560000,34963911,0.67
13/04/2022,-5100,-126680000,25.05(0.60 %),0,0,5100,126680000,34952711,0.72
14/04/2022,400,9585000,24.9(-0.80 %),2300,57860000,1900,48275000,34967311,0.7
15/04/2022,-4600,-116810000,25.1(0.80 %),800,19560000,5400,136370000,34971611,0.7
18/04/2022,-6400,-161040000,25.05(-0.20 %),1800,44730000,8200,205770000,34971711,0.7
19/04/2022,-2300,-57040000,24.6(-1.99 %),0,0,2300,57040000,34977111,0.69
20/04/2022,3700,88345000,25.1(2.03 %),3700,88345000,0,0,34974611,0.69
21/04/2022,-10300,-253105000,24.7(-1.59 %),0,0,10300,253105000,34983911,0.68
22/04/2022,-6700,-164675000,25.05(1.42 %),1600,38800000,8300,203475000,34982311,0.68
25/04/2022,-12500,-305830000,24.7(-1.59 %),0,0,12500,305830000,34992611,0.67
26/04/2022,6600,158760000,24.6(-0.40 %),6600,158760000,0,0,34994311,0.66
27/04/2022,6200,151610000,24.2(-1.63 %),6200,151610000,0,0,35000611,0.66
28/04/2022,-1500,-37365000,25(3.31 %),1800,43475000,3300,80840000,34998811,0.66
29/04/2022,7500,188355000,25.55(2.20 %),10200,256735000,2700,68380000,34988611,0.67
04/05/2022,1800,44870000,25.5(-0.39 %),2400,60145000,600,15275000,34989511,0.67
05/05/2022,-6100,-155140000,25.6(0.39 %),900,22815000,7000,177955000,34995611,0.0
06/05/2022,-1000,-25550000,25.55(-0.20 %),1100,28105000,2100,53655000,34990811,0.67
09/05/2022,0,0,24.7(-3.52 %),0,0,0,0,34997811,0.66
10/05/2022,-10400,-254800000,24.5(-0.81 %),0,0,10400,254800000,34999911,0.66
11/05/2022,-7200,-176560000,24.65(0.61 %),200,4920000,7400,181480000,35007111,0.0
12/05/2022,-4900,-120545000,24.75(0.41 %),0,0,4900,120545000,35012011,0.0
13/05/2022,-200,-4995000,24.75(0.00 %),100,2430000,300,7425000,35017411,0.63
16/05/2022,14000,351400000,25.1(1.21 %),15100,379010000,1100,27610000,35007211,0.65
17/05/2022,2000,51300000,25.65(2.19 %),5700,146205000,3700,94905000,35001811,0.65
18/05/2022,8500,218450000,25.7(0.00 %),8500,218450000,0,0,34994411,0.66
19/05/2022,-8400,-217560000,25.9(0.78 %),0,0,8400,217560000,34998111,0.66
20/05/2022,-2900,-76125000,26.25(1.35 %),0,0,2900,76125000,34998111,0.66
23/05/2022,1200,30660000,25.55(-2.85 %),2300,58765000,1100,28105000,35004211,0.65
24/05/2022,-800,-20440000,25.55(-0.20 %),2200,56210000,3000,76650000,35004911,0.65
25/05/2022,1700,43520000,25.6(0.00 %),1800,46080000,100,2560000,35004211,0.65
26/05/2022,-2900,-74530000,25.7(0.39 %),6900,177330000,9800,251860000,35000311,0.66
27/05/2022,-1300,-33670000,25.9(0.78 %),0,0,1300,33670000,35000411,0.66
30/05/2022,-3000,-78600000,26.2(1.16 %),1300,34060000,4300,112660000,35008911,0.64
31/05/2022,-3800,-96900000,25.5(-2.67 %),200,5100000,4000,102000000,35010011,0.64
01/06/2022,-7700,-195580000,25.4(-0.39 %),0,0,7700,195580000,35014311,0.64
02/06/2022,-5700,-144495000,25.35(-0.20 %),0,0,5700,144495000,35018311,0.63
03/06/2022,-19500,-486525000,24.95(-1.77 %),0,0,19500,486525000,35026011,0.62
06/06/2022,-15600,-390515000,25.05(0.20 %),0,0,15600,390515000,35031711,0.61
07/06/2022,-19800,-496980000,25.1(0.00 %),0,0,19800,496980000,35051211,0.59
08/06/2022,-6600,-166320000,25.2(0.40 %),0,0,6600,166320000,35066811,0.56
09/06/2022,-9900,-249480000,25.2(0.00 %),0,0,9900,249480000,35086611,0.54
10/06/2022,-4300,-107930000,25.1(-0.40 %),0,0,4300,107930000,35093211,0.53
13/06/2022,-31500,-790650000,25.1(0.00 %),0,0,31500,790650000,35103111,0.51
14/06/2022,-14900,-375480000,25.2(0.40 %),0,0,14900,375480000,35107411,0.51
15/06/2022,-13100,-330120000,25.2(0.00 %),700,17640000,13800,347760000,35138211,0.47
16/06/2022,5500,140800000,25.6(1.59 %),5500,140800000,0,0,35147611,0.45
17/06/2022,200,5020000,25.1(-1.95 %),200,5020000,0,0,35161211,0.43
20/06/2022,-2800,-70145000,25.1(0.00 %),0,0,2800,70145000,35161211,0.43
21/06/2022,-6700,-168170000,25.1(0.00 %),0,0,6700,168170000,35161211,0.43
22/06/2022,-2600,-65000000,25(-0.40 %),0,0,2600,65000000,35164011,0.43
23/06/2022,-11000,-275000000,25(0.00 %),0,0,11000,275000000,35170711,0.42
24/06/2022,1700,43180000,25.4(1.60 %),3200,81280000,1500,38100000,35170111,0.42
27/06/2022,3400,87195000,26.2(3.15 %),3400,87195000,0,0,35177711,0.41
28/06/2022,4400,116600000,26.5(1.15 %),6300,166950000,1900,50350000,35172911,0.42
29/06/2022,4800,125010000,26.4(-0.38 %),5100,132855000,300,7845000,35167811,0.42
30/06/2022,-6300,-171360000,27.2(3.03 %),400,10880000,6700,182240000,35169311,0.42
01/07/2022,-5000,-142500000,28.5(4.78 %),3200,91200000,8200,233700000,35166411,0.43
04/07/2022,7700,214945000,28.5(0.00 %),18500,522965000,10800,308020000,35164911,0.0
05/07/2022,2600,70200000,27(-5.26 %),3100,83700000,500,13500000,35159711,0.44
06/07/2022,-8300,-208745000,25.15(-6.85 %),2900,72935000,11200,281680000,35167611,0.42
07/07/2022,-15200,-385320000,25.35(0.60 %),2900,73515000,18100,458835000,35165211,0.43
08/07/2022,-7200,-752895000,25.35(-0.20 %),200,30420000,7400,783315000,35172411,0.42
11/07/2022,-29700,-752895000,25.35(-0.20 %),1200,30420000,30900,783315000,35189311,0.39
12/07/2022,-39500,-948000000,24(-0.41 %),0,0,39500,948000000,35217911,0.35
13/07/2022,-28200,-707820000,25.1(4.58 %),1500,37650000,29700,745470000,35247311,0.31
14/07/2022,-29100,-731865000,25.15(0.20 %),1700,42755000,30800,774620000,35285111,0.26
15/07/2022,-23700,-637530000,26.9(6.75 %),2000,53800000,25700,691330000,35312811,0.22
18/07/2022,-36800,-1023040000,27.8(3.35 %),1600,44480000,38400,1067520000,35342011,0.18
19/07/2022,-18200,-480480000,26.4(-5.04 %),0,0,18200,480480000,35367711,0.15
20/07/2022,-31900,-813450000,25.5(-3.41 %),1000,25500000,32900,838950000,35405111,0.1
21/07/2022,-2900,-69745000,24.05(-5.69 %),0,0,2900,69745000,35423311,0.07
22/07/2022,-11000,-190400000,22.4(-7.05 %),0,8960000,11000,199360000,35455811,0.03
25/07/2022,3000,68700000,22.9(2.23 %),3000,68700000,0,0,35455711,0.03
26/07/2022,1000,21750000,21.75(-5.02 %),1000,21750000,0,0,35463611,0.02
27/07/2022,100,2025000,20.25(-7.11 %),100,2025000,0,0,35463511,0.02
28/07/2022,3300,68640000,20.8(2.46 %),3500,72800000,200,4160000,35460011,0.02
29/07/2022,-2200,-44770000,20.35(-2.16 %),0,0,2200,44770000,35460011,0.02
01/08/2022,0,-44770000,20.7(1.47 %),0,0,0,44770000,35460211,0.02
02/08/2022,-1700,-35360000,20.8(0.48 %),1800,37440000,3500,72800000,35460611,0.02
03/08/2022,0,-35360000,20.4(-1.92 %),0,37440000,0,72800000,37222997,0.03
04/08/2022,0,-35360000,20.5(0.49 %),0,37440000,0,72800000,37226497,0.03
05/08/2022,-1800,-37080000,20.6(0.49 %),0,0,1800,37080000,37226497,0.03
08/08/2022,0,-37080000,20.6(0.00 %),0,0,0,37080000,37226497,0.03
09/08/2022,0,-37080000,20.1(-2.43 %),0,0,0,37080000,37228297,0.03
10/08/2022,100,2035000,20.35(1.24 %),100,2035000,0,0,37228197,0.03
11/08/2022,0,2035000,20.35(-0.25 %),0,2035000,0,0,37228197,0.03
12/08/2022,0,2035000,20.4(0.00 %),0,2035000,0,0,37228197,0.03
15/08/2022,15400,314160000,20.4(0.00 %),15400,314160000,0,0,37212797,0.05
16/08/2022,20000,408000000,20.4(0.00 %),20000,408000000,0,0,37192797,0.07
17/08/2022,3600,73620000,20.45(0.25 %),3600,73620000,0,0,37189197,0.08
18/08/2022,3400,70040000,20.6(0.49 %),3400,70040000,0,0,37185797,0.08
19/08/2022,-1100,-22990000,20.9(1.46 %),0,0,1100,22990000,37185797,0.08
22/08/2022,-1700,-35530000,20.9(0.00 %),4200,87780000,5900,123310000,37181597,0.09
23/08/2022,500,10425000,20.85(-0.24 %),500,10425000,0,0,37182197,0.09
24/08/2022,1300,27170000,20.9(0.00 %),1300,27170000,0,0,37186797,0.08
25/08/2022,7700,160930000,20.9(0.00 %),7700,160930000,0,0,37179097,0.09
26/08/2022,5800,119770000,20.65(-1.20 %),5800,119770000,0,0,37173297,0.1
29/08/2022,-2100,-41790000,19.9(-3.86 %),0,0,2100,41790000,37173297,0.1
30/08/2022,2900,58000000,20(0.50 %),6100,122000000,3200,64000000,37167197,0.11
31/08/2022,-1500,-30000000,20(0.00 %),100,2000000,1600,32000000,37169197,0.1
05/09/2022,13800,274620000,19.9(-0.50 %),13800,274620000,0,0,37158597,0.12
06/09/2022,600,11760000,19.6(-1.51 %),600,11760000,0,0,37159597,0.12
07/09/2022,-11200,-213920000,19.1(-2.55 %),0,0,11200,213920000,37159597,0.12
08/09/2022,-2500,-47750000,19.1(0.00 %),100,1910000,2600,49660000,37159497,0.12
09/09/2022,5800,110200000,19(-0.52 %),5800,110200000,0,0,37164897,0.11
12/09/2022,10806,110200000,18.95(-0.26 %),10900,110200000,94,0,37156597,0.12
13/09/2022,2350,42320000,18.4(-3.16 %),2350,42320000,0,0,37154247,0.12
14/09/2022,700,42320000,18.6(1.09 %),700,42320000,0,0,37153641,0.12
15/09/2022,4000,13020000,18.5(-0.54 %),4000,13020000,0,0,0,0.13
16/09/2022,0,13020000,18.4(-0.54 %),0,13020000,0,0,37149641,0.13
19/09/2022,-3200,-59680000,18.65(1.36 %),0,0,3200,59680000,37152841,0.13
20/09/2022,3100,58590000,18.9(1.07 %),4100,77490000,1000,18900000,37145541,0.14
21/09/2022,0,58590000,19.1(1.06 %),0,77490000,0,18900000,37148741,0.13
22/09/2022,300,5790000,19.3(1.05 %),300,5790000,0,0,37149441,0.13
23/09/2022,7500,150750000,20.1(4.15 %),8500,170850000,1000,20100000,37140941,0.14
26/09/2022,-10400,-221520000,21.3(5.97 %),700,14910000,11100,236430000,37140241,0.14
27/09/2022,-10600,-230550000,21.75(2.11 %),1000,21750000,11600,252300000,37140241,0.14
28/09/2022,1900,42750000,22.5(3.21 %),3000,67500000,1100,24750000,37148341,0.13
29/09/2022,-7300,-167900000,23(2.22 %),0,0,7300,167900000,37159941,0.12
30/09/2022,-8600,-198230000,23.05(0.22 %),1600,36880000,10200,235110000,37159441,0.12
03/10/2022,700,15575000,22.25(-3.68 %),3000,66750000,2300,51175000,37163741,0.11
04/10/2022,6900,153525000,22.25(-0.22 %),6900,153525000,0,0,37167041,0.11
05/10/2022,23000,547400000,23.8(6.73 %),23000,547400000,0,0,37146341,0.13
06/10/2022,600,14640000,24.4(2.52 %),4600,112240000,4000,97600000,37141741,0.14
07/10/2022,-3200,-77440000,24.2(-0.82 %),200,4840000,3400,82280000,37141541,0.14
10/10/2022,900,22050000,24.5(1.24 %),3400,83300000,2500,61250000,37142141,0.14
11/10/2022,-6500,-154700000,23.8(-2.86 %),0,0,6500,154700000,37145541,0.14
12/10/2022,-15900,-374445000,23.55(-1.05 %),0,0,15900,374445000,37148041,0.13
13/10/2022,-5000,-117500000,23.5(-0.42 %),0,0,5000,117500000,37154541,0.12
14/10/2022,21900,525600000,24(2.13 %),21900,525600000,0,0,37148541,0.13
17/10/2022,2000,48200000,24.1(0.42 %),2000,48200000,0,0,37151541,0.13
18/10/2022,0,48200000,24(-0.41 %),0,48200000,0,0,37151541,0.13
19/10/2022,-9600,-230885000,24.05(0.21 %),300,7200000,9900,238085000,37161141,0.12
20/10/2022,5800,142890000,24.55(1.87 %),5800,142890000,0,0,37145441,0.14
21/10/2022,3000,74190000,24.55(-0.20 %),3000,74190000,0,0,37142441,0.14
24/10/2022,7000,171980000,24.3(-1.22 %),7200,176890000,200,4910000,37145341,0.14
25/10/2022,15300,375140000,24.6(1.23 %),15500,380060000,200,4920000,37130041,0.16
26/10/2022,-3900,-95160000,24.3(-1.22 %),0,0,3900,95160000,37133741,0.15
27/10/2022,-1800,-43910000,25(2.88 %),0,0,1800,43910000,37130056,0.16
28/10/2022,30,753000,25.1(0.40 %),30,753000,0,0,37133926,0.15
31/10/2022,14100,363780000,25.8(2.79 %),14100,363780000,0,0,37121626,0.17
01/11/2022,-22400,-582400000,26(0.78 %),0,0,22400,582400000,37121626,0.17
02/11/2022,-21700,-557690000,25.7(-1.15 %),2700,69390000,24400,627080000,37118926,0.17
03/11/2022,0,-557690000,25.7(0.00 %),0,69390000,0,627080000,37141326,0.14
04/11/2022,-5800,-148770000,25.65(-0.19 %),100,2565000,5900,151335000,37165626,0.11
07/11/2022,-27200,-689520000,25.35(-1.36 %),0,0,27200,689520000,37165626,0.11
08/11/2022,9900,252945000,25.55(0.59 %),10100,258055000,200,5110000,37161426,0.11
09/11/2022,8800,225720000,25.65(0.20 %),13400,343710000,4600,117990000,37175226,0.1
10/11/2022,-9500,-242250000,25.5(-0.78 %),0,0,9500,242250000,37175426,0.1
11/11/2022,3700,94350000,25.5(0.00 %),4200,107100000,500,12750000,37175826,0.1
14/11/2022,173,4523950,26.15(2.55 %),2700,70605000,2527,66081050,37182626,0.09
15/11/2022,5900,153105000,25.95(-0.95 %),6600,171270000,700,18165000,37176526,0.09
16/11/2022,-1900,-50540000,26.6(2.31 %),5100,135660000,7000,186200000,37173953,0.1
17/11/2022,-800,-21280000,26.6(0.00 %),300,7980000,1100,29260000,37174353,0.1
18/11/2022,-16200,-429300000,26.5(-0.38 %),0,0,16200,429300000,37181353,0.09
21/11/2022,0,-429300000,26(-1.89 %),0,0,0,429300000,37182453,0.09
22/11/2022,15300,400860000,26.2(0.77 %),15300,400860000,0,0,37183353,0.09
23/11/2022,16695,442417500,26.5(1.15 %),16700,442550000,5,132500,37166653,0.11
24/11/2022,19300,526890000,27.3(3.02 %),19300,526890000,0,0,37147353,0.13
25/11/2022,0,526890000,27.45(0.55 %),0,526890000,0,0,37147358,0.13
28/11/2022,-4500,-121950000,27.1(-1.45 %),0,0,4500,121950000,37151858,0.0
29/11/2022,9400,266960000,28.4(4.80 %),15700,445880000,6300,178920000,37142458,0.14
30/11/2022,5200,146640000,28.2(-0.70 %),5200,146640000,0,0,37137258,0.15
01/12/2022,6800,189040000,27.8(-1.42 %),7900,219620000,1100,30580000,37123058,0.17
02/12/2022,24400,679540000,27.85(0.18 %),24400,679540000,0,0,37098658,0.2
05/12/2022,3300,91410000,27.7(-0.72 %),3300,91410000,0,0,37095358,0.2
06/12/2022,0,91410000,27.7(0.00 %),0,91410000,0,0,37095358,0.2
07/12/2022,32400,889380000,27.45(-0.90 %),32400,889380000,0,0,37062958,0.24
08/12/2022,17600,482240000,27.4(-0.36 %),17600,482240000,0,0,37052758,0.26
09/12/2022,22900,634330000,27.7(1.09 %),22900,634330000,0,0,37029858,0.29
12/12/2022,22300,615480000,27.6(-0.36 %),22300,615480000,0,0,37000158,0.33
13/12/2022,24800,685720000,27.65(0.18 %),24800,685720000,0,0,36975358,0.36
14/12/2022,7800,215280000,27.6(-0.36 %),7800,215280000,0,0,36967558,0.0
15/12/2022,20400,563040000,27.6(0.00 %),20400,563040000,0,0,36947158,0.0
16/12/2022,9700,270145000,27.85(0.91 %),9700,270145000,0,0,36937458,0.41
19/12/2022,53400,1524570000,28.55(2.33 %),53400,1524570000,0,0,36884058,0.48
20/12/2022,12200,344650000,28.25(-1.22 %),12200,344650000,0,0,36871858,0.5
21/12/2022,0,344650000,28.15(-0.53 %),0,344650000,0,0,36871858,0.5
22/12/2022,6800,199240000,29.3(3.90 %),6800,199240000,0,0,36865058,0.5
23/12/2022,17000,510000000,30(2.39 %),17400,522000000,400,12000000,36848058,0.0
26/12/2022,-5200,-154960000,29.8(-0.67 %),4800,143040000,10000,298000000,36853258,0.52
27/12/2022,20100,613050000,30.5(2.35 %),20100,613050000,0,0,36833158,0.55
28/12/2022,1500,45450000,30.3(-0.66 %),1500,45450000,0,0,36831658,0.55
29/12/2022,41300,1300950000,31.5(3.96 %),41300,1300950000,0,0,36797758,0.59
30/12/2022,73900,2431310000,32.9(4.44 %),73900,2431310000,0,0,36723858,0.69
03/01/2023,-14000,-454300000,32.45(-1.37 %),3300,107085000,17300,561385000,36720558,0.69
04/01/2023,-13300,-424270000,31.9(-1.85 %),7700,245630000,21000,669900000,36712858,0.7
05/01/2023,10800,343980000,31.85(-0.16 %),14200,452270000,3400,108290000,36715958,0.7
06/01/2023,800,25320000,31.65(-0.78 %),800,25320000,0,0,36736158,0.67
09/01/2023,15800,465310000,29.45(-7.10 %),15800,465310000,0,0,36723758,0.69
10/01/2023,55100,1691570000,30.7(4.07 %),74400,2284080000,19300,592510000,36649358,0.79
11/01/2023,5000,154500000,30.9(0.65 %),20400,630360000,15400,475860000,36628958,0.82
12/01/2023,4300,132010000,30.7(-0.65 %),4800,147360000,500,15350000,36643458,0.8
13/01/2023,21700,667275000,30.75(0.16 %),25400,781050000,3700,113775000,36633458,0.81
16/01/2023,14700,455700000,31(0.65 %),14700,455700000,0,0,36619258,0.83
17/01/2023,34400,1095640000,31.85(2.74 %),40600,1293110000,6200,197470000,36582358,0.88
18/01/2023,-400,-12740000,31.85(-0.16 %),5300,168805000,5700,181545000,36577058,0.88
19/01/2023,0,-12740000,31.9(0.00 %),0,168805000,0,181545000,36583258,0.88
27/01/2023,28400,920160000,32.4(1.57 %),28400,920160000,0,0,36560558,0.91
30/01/2023,100,3235000,32.35(-0.15 %),100,3235000,0,0,36560458,0.91
31/01/2023,0,3235000,32.5(0.31 %),0,3235000,0,0,36560458,0.91
01/02/2023,-800,-26800000,33.5(3.08 %),0,0,800,26800000,36560458,0.91
02/02/2023,800,26880000,33.6(0.30 %),1000,33600000,200,6720000,36559458,0.91
03/02/2023,8300,286350000,34.5(2.68 %),8300,286350000,0,0,36551958,0.92
06/02/2023,-2700,-94230000,34.9(1.16 %),2200,76780000,4900,171010000,36549958,0.92
07/02/2023,6500,223600000,34.4(-1.43 %),6500,223600000,0,0,36543458,0.93
08/02/2023,7900,270180000,34.2(-0.58 %),8200,280440000,300,10260000,36540158,0.93
09/02/2023,13400,456940000,34.1(-0.29 %),13400,456940000,0,0,36526758,0.95
10/02/2023,34700,1191945000,34.35(0.73 %),34700,1191945000,0,0,36492358,0.99
13/02/2023,3800,130910000,34.45(0.15 %),3800,130910000,0,0,36488558,1.0
14/02/2023,14600,504430000,34.55(0.14 %),15100,521705000,500,17275000,36473458,1.02
15/02/2023,14200,504810000,35.55(2.75 %),14200,504810000,0,0,36459258,1.04
16/02/2023,20700,731745000,35.35(-0.70 %),20700,731745000,0,0,36439058,1.06
17/02/2023,400,14160000,35.4(0.00 %),400,14160000,0,0,36438658,1.07
20/02/2023,-25200,-882000000,35(-1.13 %),2100,73500000,27300,955500000,36436558,1.07
21/02/2023,-24500,-844025000,34.45(-1.57 %),400,13780000,24900,857805000,36436158,1.07
22/02/2023,-3600,-123840000,34.4(-0.29 %),900,30960000,4500,154800000,36462558,1.03
23/02/2023,0,-123840000,34.25(-0.44 %),0,30960000,0,154800000,36487458,1.0
24/02/2023,102,3513900,34.45(0.44 %),102,3513900,0,0,36487356,1.0
27/02/2023,-22300,-758200000,34(-1.45 %),0,0,22300,758200000,36491856,1.0
28/02/2023,200,6840000,34.2(0.59 %),200,6840000,0,0,36491656,1.0
01/03/2023,0,6840000,34.25(0.15 %),0,6840000,0,0,36513956,0.97
02/03/2023,-200,-6880000,34.4(0.29 %),0,0,200,6880000,36513956,0.97
03/03/2023,16800,591360000,35.2(2.33 %),17200,605440000,400,14080000,36496756,0.99
06/03/2023,18200,642460000,35.3(0.28 %),18200,642460000,0,0,36478756,1.01
07/03/2023,-36300,-1259610000,34.7(-1.70 %),0,0,36300,1259610000,36479156,1.01
08/03/2023,-1800,-62460000,34.7(0.00 %),200,6940000,2000,69400000,36478956,1.01
09/03/2023,-10500,-364350000,34.7(0.00 %),200,6940000,10700,371290000,36515056,0.96
10/03/2023,-1800,-63090000,35.05(1.01 %),100,3505000,1900,66595000,36516956,0.96
13/03/2023,-3090,-107686500,34.85(-0.71 %),0,0,3090,107686500,36520046,0.0
14/03/2023,-38800,-1338600000,34.5(-1.15 %),500,17250000,39300,1355850000,36529056,0.95
15/03/2023,-13800,-478170000,34.65(0.43 %),0,0,13800,478170000,36532146,0.94
16/03/2023,-18965,-654292500,34.5(-0.58 %),135,4657500,19100,658950000,36571311,0.89
17/03/2023,-5700,-198075000,34.75(0.72 %),700,24325000,6400,222400000,36584411,0.87
20/03/2023,0,-198075000,34.7(-0.29 %),0,24325000,0,222400000,36603511,0.85
21/03/2023,-100,3513900,34.9(0.58 %),0,3513900,100,0,36609911,0.84
22/03/2023,-100,-3500000,35.2(0.86 %),0,0,100,3500000,36610011,0.0
23/03/2023,2300,81325000,35.5(0.85 %),7900,278670000,5600,197345000,36607711,0.0
24/03/2023,38700,1395510000,36.3(2.25 %),44100,1588150000,5400,192640000,36569011,0.0
27/03/2023,25400,916940000,36.1(-0.55 %),27400,989140000,2000,72200000,36543611,0.0
28/03/2023,-17600,-631840000,35.9(-0.55 %),0,0,17600,631840000,36561211,0.0
29/03/2023,-5900,-209745000,35.55(-0.97 %),600,21330000,6500,231075000,36543111,0.93
30/03/2023,-12300,-435420000,35.4(-0.56 %),0,0,12300,435420000,36560711,0.9
31/03/2023,-24200,-847000000,35(-1.13 %),700,24500000,24900,871500000,36566511,0.9
03/04/2023,-29900,-1046500000,35(0.00 %),300,10500000,30200,1057000000,36578511,0.88
04/04/2023,-12800,-448000000,35(0.00 %),0,0,12800,448000000,36603411,0.85
05/04/2023,700,24745000,35.35(1.00 %),1000,35350000,300,10605000,36632611,0.81
06/04/2023,1400,49420000,35.3(-0.28 %),1400,49420000,0,0,36644011,0.8
07/04/2023,-14100,-497730000,35.3(0.00 %),0,0,14100,497730000,36644311,0.79
10/04/2023,0,-497730000,35(-0.85 %),0,0,0,497730000,36644311,0.79
11/04/2023,-46700,-1620490000,34.7(-0.86 %),0,0,46700,1620490000,36658411,0.78
12/04/2023,-33000,-1133550000,34.35(-1.01 %),100,3435000,33100,1136985000,36658311,0.78
13/04/2023,-31700,-1114255000,35.15(2.18 %),200,7030000,31900,1121285000,36704811,0.72
14/04/2023,87800,3248600000,37(5.11 %),88600,3278200000,800,29600000,36649311,0.79
17/04/2023,55800,2114820000,37.9(2.43 %),56900,2156510000,1100,41690000,36624311,0.82
18/04/2023,43500,1631250000,37.5(-1.06 %),43700,1638750000,200,7500000,36581411,0.88
19/04/2023,-2200,-82500000,37.5(0.00 %),8300,311250000,10500,393750000,36574211,0.89
20/04/2023,-3900,-146115000,37.6(0.27 %),0,0,3900,146115000,36578111,0.88
21/04/2023,47600,1830220000,38.45(2.26 %),53600,2060920000,6000,230700000,36531311,0.94
24/04/2023,-19300,-725680000,37.6(-2.34 %),0,0,19300,725680000,36535211,0.94
25/04/2023,-11700,-429390000,36.7(-2.39 %),2000,73400000,13700,502790000,36539211,0.93
26/04/2023,-33000,-1197900000,36.3(-1.09 %),0,0,33000,1197900000,36558511,0.91
27/04/2023,-11900,-429335000,36.6(0.83 %),800,28950000,12700,458285000,36570411,0.0
28/04/2023,-22300,-807520000,36.3(-0.82 %),600,21770000,22900,829290000,36592711,0.0
04/05/2023,-33700,-1209910000,35.5(-2.20 %),200,7205000,33900,1217115000,36603811,0.0
05/05/2023,-29200,-1035085000,35.5(0.00 %),0,0,29200,1035085000,36639211,0.8
08/05/2023,-31800,-1120180000,35.05(-1.27 %),200,7025000,32000,1127205000,36672911,0.76
09/05/2023,100,3415000,35.5(1.14 %),700,24595000,600,21180000,36701411,0.72
10/05/2023,-7800,-279630000,35.8(0.85 %),0,0,7800,279630000,36709211,0.0
11/05/2023,-8000,-285445000,35.8(0.00 %),800,28495000,8800,313940000,36733211,0.68
12/05/2023,-11400,-406415000,35.6(-0.56 %),400,14270000,11800,420685000,36740611,0.67
15/05/2023,-25600,-907840000,35.45(-0.42 %),1100,38885000,26700,946725000,36766211,0.63
16/05/2023,-7500,-264750000,35.35(-0.28 %),0,0,7500,264750000,36773711,0.62
17/05/2023,-23200,-817475000,35.2(-0.42 %),0,0,23200,817475000,36796911,0.59
18/05/2023,0,0,35.3(0.28 %),0,0,0,0,36796911,0.59
19/05/2023,0,0,35.35(0.14 %),0,0,0,0,36796911,0.59
22/05/2023,4800,170880000,35.6(0.71 %),4800,170880000,0,0,36792111,0.6
23/05/2023,3100,110005000,35.3(-0.84 %),3100,110005000,0,0,36789011,0.6
24/05/2023,-16200,-571610000,35.35(0.14 %),600,21140000,16800,592750000,36805211,0.58
25/05/2023,-200,-7075000,35.3(-0.14 %),0,0,200,7075000,36805411,0.58
26/05/2023,100,3520000,35.3(0.00 %),100,3520000,0,0,36805311,0.58
29/05/2023,100,3520000,35.4(0.28 %),100,3520000,0,0,36805211,0.58
30/05/2023,-9800,-346570000,35.3(-0.28 %),100,3520000,9900,350090000,36815011,0.57
31/05/2023,200,7045000,35.5(0.57 %),200,7045000,0,0,36814811,0.57
01/06/2023,3400,120010000,35.45(-0.14 %),3400,120010000,0,0,36825511,0.56
02/06/2023,-1200,-42430000,35.3(-0.42 %),100,3530000,1300,45960000,36826711,0.55
05/06/2023,-26900,-946995000,35.2(-0.28 %),0,0,26900,946995000,36853611,0.52
06/06/2023,-30300,-1063740000,35.15(-0.14 %),100,3505000,30400,1067245000,36883911,0.48
07/06/2023,-100,-3630000,35.7(1.56 %),100,3500000,200,7130000,36884011,0.48
08/06/2023,10200,369650000,36.3(1.68 %),10200,369650000,0,0,36873811,0.49
09/06/2023,10400,376285000,36.5(0.55 %),10600,383585000,200,7300000,36863411,0.51
12/06/2023,0,0,36.2(-0.82 %),0,0,0,0,36863411,0.51
13/06/2023,-700,-25490000,36.3(0.28 %),0,0,700,25490000,36864111,0.51
14/06/2023,-400,-14485000,36.15(-0.41 %),0,0,400,14485000,36864511,0.51
15/06/2023,-1400,-50640000,36.3(0.41 %),0,0,1400,50640000,36865911,0.5
16/06/2023,16700,614085000,37.45(3.17 %),18500,680285000,1800,66200000,36852511,0.52
19/06/2023,21300,797430000,37.7(0.53 %),21300,797430000,0,0,36832611,0.55
20/06/2023,0,0,37.75(0.13 %),0,0,0,0,36832611,0.55
21/06/2023,12800,484530000,38.1(0.79 %),23300,885080000,10500,400550000,36811111,0.58
22/06/2023,20400,778875000,37.8(-0.79 %),20400,778875000,0,0,36790711,0.6
23/06/2023,1900,71780000,37.9(0.26 %),1900,71780000,0,0,36788811,0.6
26/06/2023,-4600,-172420000,37.45(-1.19 %),0,0,4600,172420000,36799311,0.59
27/06/2023,-6100,-225650000,37.1(-1.07 %),0,0,6100,225650000,36805411,0.58
28/06/2023,-8500,-314455000,37.15(0.13 %),0,0,8500,314455000,36813911,0.57
29/06/2023,-300,-11135000,37(-0.54 %),0,0,300,11135000,36814211,0.57
30/06/2023,-12000,-444140000,37.8(2.16 %),0,0,12000,444140000,36826211,0.56
03/07/2023,-7400,-279495000,37.75(-0.13 %),0,0,7400,279495000,36818511,0.57
04/07/2023,-26900,-985275000,36.6(-3.17 %),0,0,26900,985275000,36845411,0.53
05/07/2023,-49100,-1784970000,36.05(-1.50 %),0,0,49100,1784970000,36894511,0.47
06/07/2023,-29900,-1076230000,36.1(0.00 %),0,0,29900,1076230000,36865111,0.5
07/07/2023,-15100,-543000000,36.1(0.00 %),0,0,15100,543000000,36914211,0.44
10/07/2023,-84400,-2949565000,34.1(-5.54 %),0,0,84400,2949565000,36998611,0.33
11/07/2023,-14200,-454260000,31.75(-6.89 %),1500,47930000,15700,502190000,37012811,0.31
12/07/2023,28500,840380000,30.1(-5.35 %),57500,1699125000,29000,858745000,36984311,0.35
13/07/2023,300,9105000,30.25(0.50 %),300,9105000,0,0,36984011,0.35
14/07/2023,-17200,-519855000,30(-0.99 %),0,0,17200,519855000,37029011,0.29
17/07/2023,-31100,-934185000,30.05(0.17 %),0,0,31100,934185000,37060111,0.25
18/07/2023,-100,-2990000,30(-0.33 %),0,0,100,2990000,37060211,0.25
19/07/2023,0,0,30.05(0.17 %),0,0,0,0,37077311,0.23
20/07/2023,-18800,-563075000,30.05(-0.17 %),0,0,18800,563075000,37096111,0.2
21/07/2023,-4300,-129000000,30.2(0.33 %),0,0,4300,129000000,37100411,0.19
24/07/2023,-9500,-284900000,30(-0.66 %),0,0,9500,284900000,37096211,0.2
25/07/2023,0,0,30(0.00 %),0,0,0,0,37100511,0.19
26/07/2023,-9200,-275595000,30(0.00 %),0,0,9200,275595000,37109711,0.18
27/07/2023,-600,-17970000,29.95(-0.17 %),0,0,600,17970000,37110311,0.18
28/07/2023,-600,-17975000,30(0.00 %),0,0,600,17975000,37110911,0.18
31/07/2023,0,0,30(0.00 %),0,0,0,0,37110911,0.18
01/08/2023,0,0,30(0.00 %),0,0,0,0,37119811,0.0
02/08/2023,0,0,30(0.00 %),0,0,0,0,37119811,0.0
03/08/2023,46300,1465925000,32(6.67 %),46300,1465925000,0,0,37073511,0.0
04/08/2023,3300,106025000,32.2(0.62 %),3300,106025000,0,0,37233241,2.35
07/08/2023,-5200,-163920000,31.4(-2.48 %),1400,44310000,6600,208230000,37238441,0.0
08/08/2023,-1000,-31230000,31.3(-0.32 %),0,0,1000,31230000,37239441,0.0
09/08/2023,100,3135000,32.35(3.35 %),100,3135000,0,0,37239341,0.0
10/08/2023,-2200,-69610000,32.1(-0.77 %),2000,65000000,4200,134610000,37241541,0.0
11/08/2023,0,0,32(-0.31 %),0,0,0,0,37241541,0.0
14/08/2023,-9600,-304930000,31.75(-0.78 %),0,0,9600,304930000,37241541,2.34
15/08/2023,0,0,31.75(-0.16 %),0,0,0,0,37241541,2.34
16/08/2023,-16800,-531300000,31.45(-1.10 %),0,0,16800,531300000,37251142,2.33
17/08/2023,-14500,-453730000,31.35(-0.48 %),0,0,14500,453730000,37265642,0.0
18/08/2023,-13200,-410890000,31(-1.27 %),0,0,13200,410890000,37267951,2.31
21/08/2023,-3200,-98880000,30.9(-0.32 %),0,0,3200,98880000,37282451,2.29
22/08/2023,0,0,30.75(-0.49 %),0,0,0,0,37295651,2.27
23/08/2023,-3100,-95125000,30.8(0.16 %),0,0,3100,95125000,37298851,2.27
24/08/2023,0,0,31(0.65 %),0,0,0,0,37298851,0.0
25/08/2023,4600,142200000,31(0.00 %),4600,142200000,0,0,37297351,2.27
28/08/2023,9800,306060000,31.4(1.29 %),9800,306060000,0,0,37287551,0.0
29/08/2023,2000,62800000,31.3(-0.32 %),2000,62800000,0,0,37285551,2.29
30/08/2023,1200,37440000,31.3(0.00 %),1200,37440000,0,0,37284351,0.0
31/08/2023,16600,518975000,31.3(0.00 %),16600,518975000,0,0,37267751,2.31
05/09/2023,19400,606800000,31.65(1.12 %),19400,606800000,0,0,37248351,2.33
06/09/2023,34600,1106825000,32.45(2.53 %),34600,1106825000,0,0,37213751,0.0
07/09/2023,4400,143045000,32.25(-0.62 %),4800,156045000,400,13000000,37208951,2.38
08/09/2023,0,0,32.25(0.00 %),0,0,0,0,37208951,2.38
11/09/2023,26300,853835000,32.6(1.09 %),26300,853835000,0,0,37183051,2.42
12/09/2023,1700,55095000,32.35(-0.77 %),1700,55095000,0,0,37181351,2.42
13/09/2023,4900,157300000,32.1(-0.77 %),4900,157300000,0,0,37176451,2.42
14/09/2023,4400,142900000,32.65(1.71 %),4400,142900000,0,0,37172051,2.43
15/09/2023,21200,699230000,33.2(1.68 %),21200,699230000,0,0,37150851,2.46
18/09/2023,0,0,33.1(-0.30 %),0,0,0,0,37150851,2.58
19/09/2023,-700,-23105000,33.1(0.00 %),0,0,700,23105000,37151551,0.0
20/09/2023,-4700,-154780000,33.2(0.30 %),1600,53120000,6300,207900000,37156251,0.0
21/09/2023,10700,353050000,32.9(-0.90 %),10700,353050000,0,0,37145551,0.0
22/09/2023,0,0,32.9(0.00 %),0,0,0,0,37145551,2.46
25/09/2023,1500,48900000,32.9(0.00 %),1500,48900000,0,0,37144051,2.46
26/09/2023,-400,-13045000,32.8(-0.30 %),200,6575000,600,19620000,37143851,2.46
27/09/2023,100,3270000,32.8(0.00 %),100,3270000,0,0,37143751,0.0
28/09/2023,0,0,32.75(-0.15 %),0,0,0,0,37143751,0.0
29/09/2023,0,0,32.7(-0.15 %),0,0,0,0,37144351,2.46
02/10/2023,-300,-9855000,32.7(0.00 %),0,0,300,9855000,37144351,2.46
03/10/2023,-7600,-248660000,32.75(0.15 %),0,0,7600,248660000,37144351,2.46
04/10/2023,-700,-22910000,32.75(0.00 %),0,0,700,22910000,37145051,0.0
05/10/2023,-8000,-260865000,32.7(-0.15 %),0,0,8000,260865000,37152251,2.45
06/10/2023,-7600,-248300000,32.7(0.00 %),0,0,7600,248300000,37159851,2.18
09/10/2023,-9100,-296780000,32.65(-0.15 %),0,0,9100,296780000,37168951,2.17
10/10/2023,-9600,-311930000,32.5(-0.46 %),0,0,9600,311930000,37168551,2.43
11/10/2023,-13600,-439620000,32.4(-0.31 %),0,0,13600,439620000,37177651,2.42
12/10/2023,-8900,-259995000,30(3.70 %),0,0,8900,259995000,37187251,2.41
13/10/2023,-3000,-91050000,30.1(0.33 %),0,0,3000,91050000,37200851,2.39
16/10/2023,700,20855000,29.9(-0.66 %),1000,29780000,300,8925000,37208897,2.38
17/10/2023,-11300,-336160000,29.8(-0.33 %),0,0,11300,336160000,37211897,2.38
18/10/2023,-14400,-424465000,29.1(-2.35 %),0,0,14400,424465000,37212197,2.38
19/10/2023,-14800,-429255000,29.5(1.37 %),0,0,14800,429255000,37223497,2.36
20/10/2023,-5700,-165825000,29.4(-0.34 %),0,0,5700,165825000,37237897,2.35
23/10/2023,-5700,-167865000,29.4(0.00 %),0,0,5700,167865000,37252697,2.33
24/10/2023,-7000,-205770000,29.5(0.34 %),0,0,7000,205770000,37259697,2.07
25/10/2023,-2000,-58880000,29.35(-0.51 %),0,0,2000,58880000,37258397,2.32
26/10/2023,-10300,-300900000,29.4(0.17 %),0,0,10300,300900000,41735121,2.31
27/10/2023,-5400,-158360000,29.5(0.34 %),0,0,5400,158360000,41737121,2.31
30/10/2023,-1400,-41240000,29.75(0.85 %),0,0,1400,41240000,41747421,2.3
31/10/2023,0,0,29.7(-0.17 %),0,0,0,0,41752821,2.29
01/11/2023,4000,118800000,29.8(0.34 %),4000,118800000,0,0,41750221,2.3
02/11/2023,0,0,29.8(0.00 %),0,0,0,0,41750221,2.3
03/11/2023,0,0,29.8(0.00 %),0,0,0,0,41750221,2.3
06/11/2023,0,0,29.65(-0.50 %),0,0,0,0,41750221,2.3
07/11/2023,-300,-8880000,29.6(-0.17 %),0,0,300,8880000,41750521,2.3
08/11/2023,-200,-5900000,29.55(-0.17 %),0,0,200,5900000,41750221,2.3
09/11/2023,-3800,-111720000,29.5(-0.17 %),0,0,3800,111720000,41750521,2.3
10/11/2023,0,0,29.4(-0.34 %),0,0,0,0,41750721,2.3
13/11/2023,0,0,29.25(-0.51 %),0,0,0,0,41754521,2.29
14/11/2023,-5600,-162975000,29.2(-0.17 %),0,0,5600,162975000,41756321,2.29
15/11/2023,-4700,-138385000,29.4(0.68 %),0,0,4700,138385000,41761021,2.29
16/11/2023,0,0,29.5(0.34 %),0,0,0,0,41761021,2.69
17/11/2023,-600,-17730000,29.6(0.34 %),0,0,600,17730000,41764821,2.28
20/11/2023,0,0,29.45(-0.51 %),0,0,0,0,41764821,2.28
21/11/2023,0,0,29.45(0.00 %),0,0,0,0,41765421,2.28
22/11/2023,0,0,29.4(-0.17 %),0,0,0,0,41765421,2.28
23/11/2023,0,0,29.3(-0.34 %),0,0,0,0,41765421,2.68
24/11/2023,0,0,29.35(0.17 %),0,0,0,0,41765421,2.68
27/11/2023,0,0,29.3(-0.17 %),0,0,0,0,41765421,2.68
28/11/2023,0,0,29.25(-0.17 %),0,0,0,0,41765421,2.68
29/11/2023,0,0,29.4(0.51 %),0,0,0,0,41765421,2.68
30/11/2023,-14700,-428505000,29.15(-0.85 %),0,0,14700,428505000,41780121,2.66
01/12/2023,0,0,29.1(-0.17 %),0,0,0,0,41765421,2.68
04/12/2023,145700,4099060000,30.1(3.44 %),150000,4222500000,4300,123440000,41619721,2.87
05/12/2023,-300,-8985000,31.1(3.32 %),0,0,300,8985000,41620021,2.87
06/12/2023,1500,45930000,31.3(0.64 %),1500,45930000,0,0,41618521,2.87
07/12/2023,12800,393925000,31(-0.96 %),12800,393925000,0,0,41605721,2.89
08/12/2023,12800,392690000,31.2(0.65 %),12800,392690000,0,0,41592921,2.91
11/12/2023,-20100,-643120000,31.1(-0.32 %),44900,1387880000,65000,2031000000,41613021,2.88
12/12/2023,0,0,31.05(-0.16 %),0,0,0,0,41613021,2.88
13/12/2023,0,0,31(-0.16 %),0,0,0,0,41613021,2.88
14/12/2023,0,0,31.05(0.16 %),0,0,0,0,41613021,2.88
15/12/2023,1700,52755000,31.2(0.48 %),1700,52755000,0,0,41611321,2.88
18/12/2023,25800,803345000,31.5(0.96 %),25800,803345000,0,0,41585521,2.92
19/12/2023,12000,373095000,31.25(-0.79 %),12000,373095000,0,0,41573521,2.93
20/12/2023,0,0,31(-0.80 %),0,0,0,0,41573521,2.93
21/12/2023,19900,608915000,30.7(-0.97 %),20000,612000000,100,3085000,41553621,2.96
22/12/2023,-6600,-202755000,31.4(2.28 %),700,21385000,7300,224140000,41560221,2.95
25/12/2023,27000,848355000,31.7(0.96 %),27000,848355000,0,0,41533221,2.99
26/12/2023,37100,1173865000,31.95(0.79 %),37100,1173865000,0,0,41496121,3.04
27/12/2023,48900,1565345000,32.1(0.47 %),48900,1565345000,0,0,41447221,3.1
28/12/2023,20200,648275000,32.2(0.31 %),20200,648275000,0,0,41427021,3.13
29/12/2023,14000,448705000,32.1(-0.31 %),14000,448705000,0,0,41413021,3.15
02/01/2024,0,0,32(-0.31 %),0,0,0,0,41427840,2.66
03/01/2024,0,0,31.9(-0.31 %),0,0,0,0,41427841,3.13
04/01/2024,100,3215000,32.2(0.94 %),100,3215000,0,0,41427741,3.13
05/01/2024,14900,477360000,32.2(0.00 %),14900,477360000,0,0,41412841,3.15
08/01/2024,11100,355660000,32.2(0.00 %),11100,355660000,0,0,41401741,3.16
09/01/2024,11700,374540000,32.05(-0.47 %),11700,374540000,0,0,41390040,2.7
10/01/2024,300,9540000,32.1(0.16 %),300,9540000,0,0,41389740,2.7
11/01/2024,400,12860000,32.1(0.00 %),400,12860000,0,0,41389340,2.7
12/01/2024,18400,589265000,32.15(0.16 %),18400,589265000,0,0,41370941,3.2
15/01/2024,0,0,32.1(-0.16 %),0,0,0,0,41370940,2.72
16/01/2024,-1300,-41470000,31.35(-2.34 %),0,0,1300,41470000,41370940,2.72
17/01/2024,-4700,-147915000,31.4(0.16 %),3800,117800000,8500,265715000,41367140,2.73
18/01/2024,-15400,-483590000,31.45(0.16 %),0,0,15400,483590000,41392341,3.17
19/01/2024,-16600,-520955000,31.3(-0.48 %),0,0,16600,520955000,41408941,3.15
22/01/2024,-43500,-1363185000,31.35(0.16 %),0,0,43500,1363185000,41452441,3.09
23/01/2024,0,0,31.3(-0.16 %),0,0,0,0,41452441,3.09
24/01/2024,-200,-6250000,31.25(-0.16 %),0,0,200,6250000,41452641,3.09
25/01/2024,-20700,-644380000,31.15(-0.32 %),0,0,20700,644380000,41473341,3.07
26/01/2024,-11100,-344690000,31(-0.48 %),0,0,11100,344690000,41484441,3.05
29/01/2024,-21600,-664390000,31(0.00 %),0,0,21600,664390000,41473376,2.61
30/01/2024,-69900,-2139930000,30.6(-1.29 %),0,0,69900,2139930000,41484476,2.59
31/01/2024,-100,-3060000,30.65(0.16 %),0,0,100,3060000,41506076,2.57
01/02/2024,-16400,-501550000,30.5(-0.49 %),0,0,16400,501550000,41506076,3.02
02/02/2024,-2900,-88445000,30.5(0.00 %),0,0,2900,88445000,41575976,2.49
05/02/2024,-2700,-82240000,30.3(-0.66 %),0,0,2700,82240000,41511676,3.02
06/02/2024,-2400,-72660000,30.4(0.33 %),0,0,2400,72660000,41595376,2.47
07/02/2024,-2300,-69990000,30.95(1.81 %),0,0,2300,69990000,41598076,2.47
15/02/2024,0,0,30.85(-0.32 %),0,0,0,0,41600476,2.47
16/02/2024,-700,-21480000,30.75(-0.32 %),0,0,700,21480000,41602776,2.46
19/02/2024,-2200,-66965000,30.55(-0.65 %),200,6110000,2400,73075000,41602576,2.46
20/02/2024,-2300,-70020000,30.5(-0.16 %),0,0,2300,70020000,41603276,2.46
21/02/2024,-6860,-207830000,30.3(-0.66 %),0,0,6860,207830000,41605676,2.46
22/02/2024,-2400,-71905000,30(-0.99 %),0,0,2400,71905000,41605676,2.46
23/02/2024,-4500,-134715000,30(0.00 %),0,0,4500,134715000,41535336,2.98
26/02/2024,-1600,-47920000,30(0.00 %),0,0,1600,47920000,41617236,2.45
27/02/2024,-1500,-44890000,30(0.00 %),0,0,1500,44890000,41538436,2.98
28/02/2024,-6000,-179655000,30(0.00 %),0,0,6000,179655000,41544436,2.97
29/02/2024,-2500,-74570000,30(0.00 %),0,0,2500,74570000,41624836,2.44
01/03/2024,-4600,-137340000,29.75(-0.83 %),0,0,4600,137340000,41624836,2.87
04/03/2024,-2512,-74605400,29.75(0.00 %),0,0,2512,74605400,41627348,2.86
05/03/2024,-800,-23985000,29.8(0.17 %),0,0,800,23985000,41637936,2.42
06/03/2024,-3400,-101785000,29.8(0.00 %),0,0,3400,101785000,41631548,2.86
07/03/2024,327000,9777300000,29.75(-0.34 %),327000,9777300000,0,0,41304548,3.29
08/03/2024,-4400,-130240000,29.75(0.00 %),0,0,4400,130240000,41308948,3.28
11/03/2024,-100,-2950000,29.75(0.00 %),0,0,100,2950000,41309048,3.28
12/03/2024,-400,-11840000,29.75(0.00 %),0,0,400,11840000,41199050,2.91
13/03/2024,-800,-23760000,29.5(-0.84 %),0,0,800,23760000,41199148,2.91
14/03/2024,-800,-23550000,29.45(-0.17 %),0,0,800,23550000,41199948,3.43
15/03/2024,-8600,-251700000,29.5(0.17 %),0,0,8600,251700000,41208548,3.41
18/03/2024,-300,-8800000,29.4(-0.34 %),0,0,300,8800000,41201148,2.91
19/03/2024,-4300,-126315000,29.4(0.00 %),0,0,4300,126315000,41209748,2.9
20/03/2024,-400,-11780000,29.35(-0.17 %),0,0,400,11780000,41213548,3.41
21/03/2024,-1000,-29990000,30(2.21 %),1600,47200000,2600,77190000,41214548,3.41
22/03/2024,0,0,29.65(-1.17 %),0,0,0,0,41214548,3.41
25/03/2024,0,0,29.65(0.00 %),0,0,0,0,41215748,2.9
26/03/2024,0,0,29.75(0.34 %),0,0,0,0,41214148,3.41
27/03/2024,0,0,29.95(0.67 %),0,0,0,0,41215748,2.9
28/03/2024,-1600,-47920000,29.95(0.00 %),0,0,1600,47920000,41215748,2.9
29/03/2024,-6300,-187530000,30(0.17 %),0,0,6300,187530000,41215748,2.9
01/04/2024,-800,-23880000,29.5(-1.67 %),0,0,800,23880000,41217348,2.89
02/04/2024,-4600,-136000000,29.6(0.34 %),0,0,4600,136000000,41220348,3.4
03/04/2024,-1000,-29535000,29.5(-0.34 %),0,0,1000,29535000,41224450,2.89
04/04/2024,-6000,-175215000,29.05(-1.53 %),0,0,6000,175215000,41227348,3.39
05/04/2024,-3200,-92970000,28.9(-0.52 %),0,0,3200,92970000,41230050,2.88
08/04/2024,-3400,-99125000,29.3(1.38 %),0,0,3400,99125000,41233948,3.38
09/04/2024,0,0,29.4(0.34 %),0,0,0,0,41233948,3.38
10/04/2024,0,0,29.5(0.34 %),0,0,0,0,41233948,3.38
11/04/2024,-200,-5900000,29.5(0.00 %),100,2935000,300,8835000,41242548,2.87
12/04/2024,1100,32265000,29.5(0.00 %),1100,32265000,0,0,41241450,2.87
15/04/2024,-800,-23360000,29.4(-0.34 %),0,0,800,23360000,41233848,3.38
16/04/2024,-5100,-148420000,29.5(0.34 %),1400,40600000,6500,189020000,41238948,3.37
17/04/2024,-200,-5920000,29.5(0.00 %),0,0,200,5920000,41234048,3.38
19/04/2024,-3100,-91095000,29.4(-0.34 %),0,0,3100,91095000,41237148,3.38
22/04/2024,-6000,-180070000,29.9(1.70 %),0,0,6000,180070000,41147850,2.97
23/04/2024,-1200,-35775000,29.9(0.00 %),0,0,1200,35775000,41150948,2.97
24/04/2024,700,20720000,29.9(0.00 %),700,20720000,0,0,41243648,3.37
25/04/2024,5100,151395000,30.4(1.67 %),5100,151395000,0,0,41238548,3.37
26/04/2024,1800,54040000,30.35(-0.16 %),2000,60120000,200,6080000,41150348,2.97
02/05/2024,1300,39670000,30.7(1.15 %),1300,39670000,0,0,41148948,2.97
03/05/2024,6100,185565000,30.65(-0.16 %),6100,185565000,0,0,41143050,2.98
06/05/2024,3300,100165000,30.6(-0.16 %),3300,100165000,0,0,41139748,2.98
07/05/2024,6400,194335000,30.5(-0.33 %),6400,194335000,0,0,41133348,2.99
08/05/2024,8100,245625000,30.5(0.00 %),8100,245625000,0,0,41125250,3.0
09/05/2024,5800,176160000,30.7(0.66 %),5800,176160000,0,0,41119450,3.0
10/05/2024,2300,69805000,30.65(-0.16 %),2300,69805000,0,0,41117148,3.01
13/05/2024,0,0,30.4(-0.82 %),0,0,0,0,41117148,3.01
14/05/2024,7500,227950000,30.25(-0.49 %),7500,227950000,0,0,41110848,3.54
15/05/2024,3500,105955000,30.15(-0.33 %),3600,109035000,100,3080000,41107348,3.55
16/05/2024,1900,57380000,30.5(1.16 %),1900,57380000,0,0,41105448,3.55
17/05/2024,6900,208410000,30.5(0.00 %),6900,208410000,0,0,41097348,3.03
20/05/2024,10300,312115000,30.5(0.00 %),10300,312115000,0,0,41087050,3.04
21/05/2024,11700,355455000,30.6(0.33 %),11700,355455000,0,0,41075348,3.05
22/05/2024,5800,175970000,30.45(-0.49 %),6000,182100000,200,6130000,41069348,3.06
23/05/2024,-300,-9295000,30.1(-1.15 %),700,21205000,1000,30500000,41068650,3.06
24/05/2024,-1200,-36300000,30.25(0.50 %),0,0,1200,36300000,41074148,3.59
27/05/2024,-800,-24160000,30.2(-0.17 %),0,0,800,24160000,41069850,3.06
28/05/2024,-1000,-30250000,30.3(0.33 %),0,0,1000,30250000,41071050,3.06
29/05/2024,-3400,-103230000,30.4(0.33 %),0,0,3400,103230000,41071850,3.06
30/05/2024,0,0,30.4(0.00 %),0,0,0,0,41072850,3.06
31/05/2024,-2700,-81930000,30.35(-0.16 %),0,0,2700,81930000,41076250,3.05
03/06/2024,0,0,30.3(-0.16 %),0,0,0,0,41076248,3.59
04/06/2024,-1600,-48235000,30.15(-0.50 %),0,0,1600,48235000,41077848,3.59
05/06/2024,-1700,-51255000,30.1(-0.17 %),0,0,1700,51255000,41079548,3.58
06/06/2024,-500,-15000000,29.9(-0.66 %),0,0,500,15000000,41080596,3.05
07/06/2024,-1900,-56935000,29.9(0.00 %),0,0,1900,56935000,41082296,3.04
10/06/2024,-6300,-188420000,30(0.33 %),0,0,6300,188420000,41088596,3.57
11/06/2024,-3700,-110340000,30.2(0.67 %),0,0,3700,110340000,41080596,3.05
12/06/2024,-2300,-69875000,30.6(1.32 %),3400,102555000,5700,172430000,41087596,3.04
13/06/2024,0,0,32(4.58 %),0,0,0,0,41003196,3.13
14/06/2024,53900,1728540000,32.1(0.31 %),53900,1728540000,0,0,40954996,3.19
17/06/2024,53700,1727445000,32.45(1.09 %),53700,1727445000,0,0,40901296,3.25
18/06/2024,24300,792360000,32.85(1.23 %),24300,792360000,0,0,40876996,3.27
19/06/2024,10800,351695000,32.75(-0.30 %),17200,561390000,6400,209695000,40859796,3.29
20/06/2024,-29000,-948510000,32.75(0.00 %),7000,228485000,36000,1176995000,40852796,3.3
21/06/2024,60700,2005320000,33.4(1.98 %),60900,2011890000,200,6570000,40798296,3.36
24/06/2024,-15000,-499385000,33.35(-0.15 %),2300,76575000,17300,575960000,40831996,3.32
25/06/2024,28900,969725000,33.65(0.90 %),28900,969725000,0,0,40803296,3.36
26/06/2024,-12000,-398865000,33.35(-0.89 %),4200,141310000,16200,540175000,40816396,3.34
27/06/2024,29500,982965000,33.3(-0.15 %),31000,1032915000,1500,49950000,40785396,3.38
28/06/2024,-19000,-630335000,33.25(-0.15 %),6600,218705000,25600,849040000,40794996,3.37
04/07/2024,31500,1075865000,34.4(0.58 %),37700,1289455000,6200,213590000,40755396,0.0
05/07/2024,10100,346375000,34.1(-0.87 %),17300,594415000,7200,248040000,40745296,0.0
08/07/2024,-44600,-1515880000,34.1(0.00 %),7700,261240000,52300,1777120000,40789896,0.0
09/07/2024,-77700,-2629455000,34(-0.29 %),100,3375000,77800,2632830000,40867596,0.0
10/07/2024,6200,211740000,34.2(0.59 %),26400,899195000,20200,687455000,40861396,0.0
11/07/2024,7700,266905000,34.35(0.44 %),14000,484600000,6300,217695000,40853696,0.0
12/07/2024,-18500,-633350000,34.3(-0.15 %),0,0,18500,633350000,40872196,0.0
15/07/2024,-16700,-567450000,34(-0.87 %),0,0,16700,567450000,40888896,0.0
16/07/2024,-77800,-2541460000,31.9(-6.18 %),0,0,77800,2541460000,40966696,0.0
17/07/2024,-24000,-740940000,31.1(-2.51 %),0,0,24000,740940000,40990696,0.0
18/07/2024,-3600,-111565000,31.3(0.64 %),4700,144305000,8300,255870000,40994296,0.0
19/07/2024,-8300,-259060000,31.8(1.60 %),3600,111600000,11900,370660000,41002596,0.0
22/07/2024,-5400,-169465000,31.75(-0.16 %),0,0,5400,169465000,41007996,0.0
23/07/2024,-17300,-541070000,31.6(-0.47 %),0,0,17300,541070000,41025296,0.0
24/07/2024,-10800,-334580000,31.2(-1.27 %),0,0,10800,334580000,41036096,0.0
25/07/2024,-4300,-133115000,31.2(0.00 %),0,0,4300,133115000,41040396,0.0
26/07/2024,22800,699885000,31.2(0.00 %),27200,836045000,4400,136160000,41017596,0.0
29/07/2024,-1200,-37530000,31.2(0.00 %),300,9345000,1500,46875000,41018796,0.0
30/07/2024,-1200,-37530000,31.2(0.00 %),300,9345000,1500,46875000,41019996,0.0
31/07/2024,-13200,-408650000,31.15(-0.16 %),0,0,13200,408650000,41033196,0.0
01/08/2024,-27900,-853505000,30.85(-0.96 %),800,24000000,28700,877505000,40982896,0.0
02/08/2024,-12700,-387050000,30.45(-1.30 %),0,0,12700,387050000,40995596,0.0
05/08/2024,-4100,-123920000,30.05(-1.31 %),200,5940000,4300,129860000,40999696,0.0
06/08/2024,16000,472435000,30.05(0.00 %),23600,699595000,7600,227160000,40983696,0.0
07/08/2024,25000,740265000,30(-0.17 %),28500,844935000,3500,104670000,40958696,0.0
08/08/2024,-800,-23860000,30.15(0.50 %),0,0,800,23860000,40959496,0.0
09/08/2024,-25800,-771485000,30(-0.50 %),2700,79515000,28500,851000000,40985296,0.0
12/08/2024,-4800,-143165000,30(0.00 %),700,20755000,5500,163920000,40990096,0.0
13/08/2024,-12200,-363020000,29.8(-0.67 %),200,5920000,12400,368940000,41002296,0.0
14/08/2024,-5600,-166725000,30(0.67 %),0,0,5600,166725000,41007896,0.0
15/08/2024,-5400,-160990000,30(0.00 %),0,0,5400,160990000,41013296,0.0
16/08/2024,-7600,-227130000,29.7(-1.00 %),0,0,7600,227130000,41020896,0.0
19/08/2024,-4100,-122555000,29.9(0.67 %),0,0,4100,122555000,41024996,0.0
20/08/2024,-3200,-95605000,29.9(0.00 %),0,0,3200,95605000,41028196,0.0
21/08/2024,-1200,-35790000,29.7(-0.67 %),0,0,1200,35790000,41029396,0.0
22/08/2024,-1900,-56575000,29.8(0.34 %),0,0,1900,56575000,41031296,0.0
23/08/2024,-900,-27010000,29.85(0.17 %),1800,53235000,2700,80245000,41032196,0.0
26/08/2024,-7100,-211930000,29.8(-0.17 %),0,0,7100,211930000,41039296,0.0
27/08/2024,-1000,-29685000,29.5(-1.01 %),0,0,1000,29685000,41040296,0.0
28/08/2024,-5400,-160055000,29.85(1.19 %),0,0,5400,160055000,41045696,0.0
29/08/2024,-1700,-50420000,29.85(0.00 %),0,0,1700,50420000,41047396,0.0
30/08/2024,8900,264680000,29.9(0.17 %),12000,357090000,3100,92410000,41038496,0.0
04/09/2024,4200,125580000,30(0.33 %),4200,125580000,0,0,41079507,0.0
05/09/2024,11800,354960000,30(0.00 %),11800,354960000,0,0,41067707,0.0
06/09/2024,-6400,-191030000,30(0.00 %),500,14950000,6900,205980000,41074107,0.0
09/09/2024,-2300,-68715000,29.85(-0.50 %),0,0,2300,68715000,41076407,0.0
10/09/2024,-8000,-236390000,29.45(-1.34 %),0,0,8000,236390000,41084407,0.0
11/09/2024,-11000,-323880000,29.65(0.68 %),0,0,11000,323880000,41095407,0.0
12/09/2024,-700,-20940000,29.85(0.67 %),400,11840000,1100,32780000,41096107,0.0
13/09/2024,-100,-2980000,29.8(-0.17 %),0,0,100,2980000,41096207,0.0
16/09/2024,0,0,29.8(0.00 %),0,0,0,0,41096207,0.0
17/09/2024,-1500,-44550000,29.75(-0.17 %),0,0,1500,44550000,41097707,0.0
18/09/2024,0,0,30(0.84 %),0,0,0,0,41097707,0.0
19/09/2024,800,24000000,30.2(0.67 %),800,24000000,0,0,41096907,0.0
20/09/2024,0,0,30.3(0.33 %),0,0,0,0,41096907,0.0
23/09/2024,1100,33110000,30(-0.99 %),1100,33110000,0,0,41095807,0.0
24/09/2024,0,0,30.35(1.17 %),0,0,0,0,41095807,0.0
25/09/2024,-1000,-30275000,30.2(-0.49 %),0,0,1000,30275000,41096807,0.0
26/09/2024,-400,-12120000,30.05(-0.50 %),0,0,400,12120000,41097207,0.0
27/09/2024,-1800,-54050000,30.1(0.17 %),0,0,1800,54050000,41099007,0.0
30/09/2024,-7200,-215755000,29.8(-1.00 %),0,0,7200,215755000,41106207,0.0
01/10/2024,-200,-5970000,29.8(0.00 %),0,0,200,5970000,41097807,0.0
02/10/2024,-11900,-354525000,30.05(0.84 %),0,0,11900,354525000,41109707,0.0
03/10/2024,-5400,-161545000,30.1(0.17 %),300,8910000,5700,170455000,41115107,0.0
04/10/2024,-2400,-72120000,29.9(-0.66 %),0,0,2400,72120000,41117507,0.0
07/10/2024,300,8890000,30.15(0.84 %),800,23840000,500,14950000,41117207,0.0
08/10/2024,-123100,-3726225000,30.6(1.49 %),6900,207690000,130000,3933915000,41240307,0.0
09/10/2024,-23700,-723135000,30.8(0.65 %),11700,356190000,35400,1079325000,41264007,0.0
10/10/2024,-87200,-2620825000,29.95(-2.76 %),1100,33230000,88300,2654055000,41351207,0.0
11/10/2024,-2200,-65885000,30(0.17 %),0,0,2200,65885000,41353407,0.0
14/10/2024,0,0,30(0.00 %),0,0,0,0,41353407,0.0
15/10/2024,-700,-20995000,30(0.00 %),0,0,700,20995000,41354107,0.0
16/10/2024,-300,-9000000,30.15(0.50 %),0,0,300,9000000,41354407,0.0
17/10/2024,-3000,-90215000,30.1(-0.17 %),0,0,3000,90215000,41357407,0.0
18/10/2024,2000,59770000,30.2(0.33 %),2200,65795000,200,6025000,41355407,0.0
21/10/2024,14600,438630000,30.1(-0.33 %),14600,438630000,0,0,41340807,0.0
22/10/2024,10700,321800000,30.25(0.50 %),10700,321800000,0,0,41330107,0.0
23/10/2024,56700,1697575000,30.3(0.17 %),59600,1784970000,2900,87395000,41273407,0.0
24/10/2024,2800,83640000,30.5(0.66 %),2900,86655000,100,3015000,41270607,0.0
25/10/2024,2800,83210000,30.6(0.33 %),6000,180680000,3200,97470000,41267807,0.0
28/10/2024,2200,66455000,30.7(0.33 %),2200,66455000,0,0,41265607,0.0
29/10/2024,1200,36370000,30.65(-0.16 %),1400,42490000,200,6120000,41264407,0.0
30/10/2024,800,24280000,29.8(-2.77 %),800,24280000,0,0,41263607,0.0
31/10/2024,-20500,-622025000,30(0.67 %),1200,35400000,21700,657425000,41284107,0.0
01/11/2024,-3800,-113395000,30(0.00 %),0,0,3800,113395000,40771607,0.0
04/11/2024,-9700,-289485000,29.75(-0.83 %),0,0,9700,289485000,40781307,0.0
05/11/2024,-2700,-80730000,29.95(0.67 %),0,0,2700,80730000,40784007,0.0
06/11/2024,-1800,-53760000,30.25(1.00 %),0,0,1800,53760000,40785807,0.0
07/11/2024,-3000,-89890000,32.3(6.78 %),0,0,3000,89890000,40788807,0.0
08/11/2024,-2800,-88460000,32(-0.93 %),1700,52750000,4500,141210000,40791607,0.0
11/11/2024,61000,1848710000,29.8(-6.88 %),69700,2115490000,8700,266780000,40730607,0.0
12/11/2024,-4400,-128000000,28(-6.04 %),14800,418465000,19200,546465000,40807107,3.35
13/11/2024,-24100,-663270000,28.8(2.86 %),0,0,24100,663270000,40759107,0.0
14/11/2024,2100,60545000,27(-6.25 %),13800,377850000,11700,317305000,40757007,0.0
15/11/2024,-17800,-476900000,27.45(1.67 %),0,0,17800,476900000,40774807,0.0
18/11/2024,-1900,-49900000,26.3(-4.19 %),10800,280055000,12700,329955000,40776707,0.0
19/11/2024,-17200,-427975000,24.5(-6.84 %),1800,44100000,19000,472075000,40793907,0.0
20/11/2024,0,0,22.8(-6.94 %),0,0,0,0,40793907,0.0
21/11/2024,-3500,-79215000,22.85(0.22 %),1000,21510000,4500,100725000,40797407,0.0
22/11/2024,15600,357230000,23.1(1.09 %),19000,437120000,3400,79890000,40781807,0.0
25/11/2024,-3300,-81970000,23.15(0.22 %),6900,157495000,10200,239465000,40797007,3.36
26/11/2024,1400,32160000,23.2(0.22 %),4100,94930000,2700,62770000,40796307,3.36
27/11/2024,-15300,-349655000,23.1(-0.43 %),200,4570000,15500,354225000,40806307,3.35
28/11/2024,-7200,-165575000,23(-0.43 %),0,0,7200,165575000,40809007,3.35
29/11/2024,-1500,-34420000,23.05(0.22 %),0,0,1500,34420000,40824507,3.33
02/12/2024,5300,122025000,23.2(0.65 %),5300,122025000,0,0,40826407,3.33
03/12/2024,5000,115555000,23.3(0.43 %),5200,120165000,200,4610000,40822707,3.34
04/12/2024,12600,293085000,23.7(1.72 %),13400,311855000,800,18770000,40809307,3.35
05/12/2024,8800,205210000,23.7(0.00 %),11000,256630000,2200,51420000,40798507,3.36
09/12/2024,-4600,-104030000,22.9(0.66 %),0,0,4600,104030000,40796507,3.36
10/12/2024,-1100,-25045000,22.9(0.00 %),0,0,1100,25045000,40802707,3.36
16/12/2024,-39000,-820380000,21.5(0.23 %),500,10000000,39500,830380000,40809707,3.35
17/12/2024,-6000,-127450000,21.9(1.86 %),0,0,6000,127450000,40822207,3.34
18/12/2024,200,4320000,21.9(0.00 %),600,13080000,400,8760000,40861107,3.29
19/12/2024,11300,247150000,22(0.46 %),11600,253685000,300,6535000,40855507,3.3
20/12/2024,0,0,22.05(0.23 %),0,0,0,0,40855907,3.3
24/12/2024,0,0,21.75(-0.46 %),0,0,0,0,43712142,3.3
25/12/2024,-10600,-230565000,21.95(0.92 %),0,0,10600,230565000,43712242,3.3
26/12/2024,1600,34560000,21.4(-2.51 %),1800,38930000,200,4370000,43710642,3.3
27/12/2024,-32800,-698365000,21.95(2.57 %),0,0,32800,698365000,43721242,3.29
30/12/2024,-16800,-357310000,21.8(-0.68 %),200,4300000,17000,361610000,43721242,3.29
31/12/2024,-13800,-294110000,22(0.92 %),0,0,13800,294110000,43754042,3.26
02/01/2025,-21000,-451365000,22(0.00 %),0,0,21000,451365000,43771042,3.24
03/01/2025,-18400,-395005000,21.85(-0.68 %),1100,23595000,19500,418600000,43783742,3.23
06/01/2025,-16000,-342445000,21.8(-0.23 %),0,0,16000,342445000,43804742,3.2
07/01/2025,-25600,-547960000,21.75(-0.23 %),400,8540000,26000,556500000,43804742,3.2
08/01/2025,-26100,-557955000,21.8(0.23 %),0,0,26100,557955000,43839842,3.17
09/01/2025,-17800,-382500000,21.9(0.46 %),4200,90300000,22000,472800000,43861642,3.15
10/01/2025,-75000,-1630655000,21.95(0.23 %),0,0,75000,1630655000,43887742,3.12
13/01/2025,-152500,-3238465000,21(-4.33 %),0,0,152500,3238465000,43909742,3.1
14/01/2025,-13000,-275800000,21.3(1.43 %),0,0,13000,275800000,43984742,3.02
15/01/2025,-8200,-172380000,21(-1.41 %),0,0,8200,172380000,44137292,2.86
16/01/2025,-17100,-359260000,21(0.00 %),0,0,17100,359260000,44154392,0.0
17/01/2025,-4200,-88200000,21(0.00 %),0,0,4200,88200000,44158492,2.84
20/01/2025,-2200,-46200000,21(0.00 %),0,0,2200,46200000,44175592,2.82
21/01/2025,-22600,-468950000,20.75(-1.19 %),0,0,22600,468950000,44179792,2.81
22/01/2025,0,0,20.9(0.72 %),0,0,0,0,44181992,2.81
23/01/2025,0,0,20.95(0.24 %),0,0,0,0,44204664,2.79
24/01/2025,0,0,20.95(0.00 %),0,0,0,0,44204664,2.79
03/02/2025,-30000,-626000000,0(0.00 %),0,0,30000,626000000,44204664,2.79
04/02/2025,-29300,-604405000,20.5(-1.91 %),10700,211950000,40000,816355000,44193964,2.8
05/02/2025,0,0,20.9(1.95 %),0,0,0,0,44223964,2.77
06/02/2025,-4300,-88280000,20.9(0.00 %),0,0,4300,88280000,44263964,2.72
07/02/2025,-1000,-20510000,20.8(-0.48 %),1000,20450000,2000,40960000,44262964,2.73
10/02/2025,-2300,-47125000,20.65(-0.72 %),0,0,2300,47125000,44267264,2.72
11/02/2025,2200,43700000,20.15(-2.42 %),4200,84630000,2000,40930000,44265064,2.72
12/02/2025,-1900,-37810000,19.05(-5.46 %),2000,39750000,3900,77560000,44265364,2.72
13/02/2025,20200,364855000,18.3(-3.94 %),20200,364855000,0,0,44247164,2.74
14/02/2025,-400,-7635000,19.2(4.92 %),3800,69775000,4200,77410000,44247264,2.74
17/02/2025,600,11335000,19.9(3.65 %),1100,21035000,500,9700000,44246164,2.74
18/02/2025,-4100,-81335000,20.2(1.51 %),2100,42000000,6200,123335000,44248264,2.74
19/02/2025,-112600,-2276135000,20.45(1.24 %),1000,20050000,113600,2296185000,44247764,2.74
20/02/2025,-152900,-3145655000,20.85(1.96 %),300,6000000,153200,3151655000,44253664,2.74
21/02/2025,-177600,-3647310000,20.7(-0.72 %),8800,180515000,186400,3827825000,44358464,2.63
24/02/2025,-47800,-983840000,20.9(0.97 %),0,0,47800,983840000,44511664,2.47
25/02/2025,-49100,-1019205000,21(0.48 %),0,0,49100,1019205000,44698064,2.27
26/02/2025,-71100,-1465810000,20.9(-0.48 %),300,6150000,71400,1471960000,44745564,2.22
27/02/2025,-20500,-423220000,20.9(0.00 %),300,6155000,20800,429375000,44794364,2.17
28/02/2025,-58400,-1199255000,20.75(-0.72 %),800,16440000,59200,1215695000,44864964,2.1
03/03/2025,-39100,-801685000,20.7(-0.24 %),0,0,39100,801685000,44885764,2.07
04/03/2025,-69800,-1440805000,20.75(0.24 %),100,2055000,69900,1442860000,44944864,2.01
05/03/2025,-52000,-1067135000,20.6(-0.72 %),2000,41000000,54000,1108135000,44981964,1.97
06/03/2025,-31600,-646865000,20.85(1.21 %),500,10200000,32100,657065000,45051364,1.9
07/03/2025,-25100,-517620000,20.8(-0.24 %),3700,76220000,28800,593840000,45101664,1.85
10/03/2025,-101100,-2063485000,20.5(-1.44 %),3200,64880000,104300,2128365000,45130564,1.82
11/03/2025,-27700,-560385000,20.5(0.00 %),800,16160000,28500,576545000,45130564,1.82
12/03/2025,-45000,-908185000,20.1(-1.95 %),0,0,45000,908185000,45262864,1.68
13/03/2025,-31700,-639905000,20.4(1.49 %),0,0,31700,639905000,45291364,1.65
14/03/2025,-32300,-655690000,20.4(0.00 %),0,0,32300,655690000,45336364,1.6
17/03/2025,-35000,-704025000,20.1(-1.47 %),9600,193730000,44600,897755000,45358464,1.58
18/03/2025,1500,28855000,20(-0.50 %),8300,164945000,6800,136090000,45382464,1.56
19/03/2025,9200,182215000,20.35(1.75 %),9200,182215000,0,0,45417864,1.52
20/03/2025,-22100,-446845000,20.5(0.74 %),31000,620725000,53100,1067570000,45393664,1.54
21/03/2025,-93600,-1876055000,20.45(-0.24 %),37700,756495000,131300,2632550000,45355964,1.58
24/03/2025,-44700,-896130000,20.6(0.73 %),26000,521515000,70700,1417645000,45383064,1.55
25/03/2025,-62000,-1252660000,20.2(-1.94 %),24200,488505000,86200,1741165000,45490164,1.44
26/03/2025,-77900,-1558920000,20(-0.99 %),18500,370715000,96400,1929635000,45542364,1.39
27/03/2025,10400,207455000,19.9(-0.50 %),12400,247380000,2000,39925000,45616164,1.31
28/03/2025,34700,690610000,20.2(1.51 %),34700,690610000,0,0,45677864,1.25
31/03/2025,-37100,-747580000,20.2(0.00 %),2800,55960000,39900,803540000,45677064,1.25
01/04/2025,-24000,-479255000,20(-0.99 %),0,0,24000,479255000,45677064,1.25
02/04/2025,-300,-6000000,20.15(0.75 %),0,0,300,6000000,45716964,1.21
03/04/2025,-15000,-288775000,18.75(-6.95 %),0,0,15000,288775000,45740964,1.18
04/04/2025,-23400,-428970000,19.9(6.13 %),2600,45890000,26000,474860000,45738664,1.18
08/04/2025,-15300,-290445000,19(-4.52 %),0,0,15300,290445000,45753664,1.17
09/04/2025,-22300,-418620000,18.9(-0.53 %),0,0,22300,418620000,45779664,1.14
10/04/2025,-27300,-539865000,19.75(4.50 %),35600,713115000,62900,1252980000,45759364,1.16
11/04/2025,-92200,-1870780000,20.5(3.80 %),22000,439665000,114200,2310445000,45759664,1.16
14/04/2025,-120400,-2450385000,20.6(0.49 %),11900,240745000,132300,2691130000,45810664,1.11
15/04/2025,-113800,-2308500000,20.6(0.00 %),5500,110835000,119300,2419335000,45919364,0.99
16/04/2025,-6000,-123725000,20.5(-0.49 %),6600,132990000,12600,256715000,46045064,0.86
17/04/2025,10400,208725000,20.4(-0.49 %),16700,336280000,6300,127555000,46147685,0.76
18/04/2025,77800,1587750000,20.5(0.49 %),78200,1595835000,400,8085000,46082085,0.82
21/04/2025,26800,544745000,20.5(0.00 %),28800,585345000,2000,40600000,46059585,0.85
22/04/2025,72500,1487295000,21(2.44 %),78100,1601235000,5600,113940000,45981885,0.93
23/04/2025,71000,1517815000,21.9(4.29 %),81300,1737265000,10300,219450000,45902585,1.01
24/04/2025,51400,1130960000,22(0.46 %),62700,1378605000,11300,247645000,45845485,1.07
25/04/2025,-6900,-154900000,22.1(0.45 %),24000,528130000,30900,683030000,45831785,1.09
28/04/2025,-7700,-180825000,22(-0.45 %),35500,769280000,43200,950105000,45807585,1.11
29/04/2025,13400,287170000,21.9(-0.45 %),30200,653495000,16800,366325000,45808285,1.11
05/05/2025,24100,391495000,21.9(0.00 %),24100,519695000,0,128200000,45833285,1.08
06/05/2025,-1400,-30775000,21.85(-0.23 %),3300,71115000,4700,101890000,45850085,1.07
07/05/2025,-13500,-292390000,21.9(0.23 %),2300,49340000,15800,341730000,45850085,1.07
08/05/2025,19800,425980000,22(0.46 %),31600,681265000,11800,255285000,45831685,1.09
09/05/2025,27400,594145000,21.95(-0.23 %),36500,792985000,9100,198840000,45817785,1.1
12/05/2025,-7900,-172090000,21.95(0.00 %),2000,43380000,9900,215470000,45817785,1.1
13/05/2025,8700,188615000,21.9(-0.23 %),17500,379750000,8800,191135000,45809085,1.11
14/05/2025,68700,1501725000,21.9(0.00 %),70200,1534275000,1500,32550000,45748285,1.17
15/05/2025,18900,411075000,21.65(-1.14 %),18900,411075000,0,0,45729385,1.19
16/05/2025,11700,211810000,21.35(-1.39 %),11700,250510000,0,38700000,45719485,1.2
19/05/2025,14000,22050000,21.8(2.11 %),14000,298715000,0,276665000,45718385,1.2
20/05/2025,40500,613095000,22.4(2.75 %),40500,901290000,0,288195000,45691085,1.23
21/05/2025,24200,146645000,22.8(1.79 %),24200,543630000,0,396985000,45684585,1.24
22/05/2025,46000,729110000,22.4(-1.75 %),46000,1043935000,0,314825000,45652485,1.27
23/05/2025,26800,593885000,22.1(-1.34 %),34300,759740000,7500,165855000,45625685,1.3
26/05/2025,33700,-5000,21.8(-1.36 %),33700,729695000,0,729700000,45625485,1.3
27/05/2025,2700,56785000,22.3(2.29 %),14500,313245000,11800,256460000,45622785,1.3
28/05/2025,1400,-3273620000,22.5(0.90 %),1400,30660000,0,3304280000,45622785,1.3
29/05/2025,9900,-1735885000,22.55(0.22 %),9900,221330000,0,1957215000,45622785,1.3
30/05/2025,10300,-536500000,22.45(-0.44 %),10300,228875000,0,765375000,45770185,1.15
02/06/2025,11700,123365000,22.1(-1.56 %),11700,259140000,0,135775000,45841885,1.08
03/06/2025,85600,1874205000,22.3(0.90 %),85600,1883045000,0,8840000,45780585,1.14
04/06/2025,23600,493160000,22.1(-0.90 %),23600,521900000,0,28740000,45758285,1.16
05/06/2025,3000,-282240000,21.7(-1.81 %),3000,65700000,0,347940000,45758285,1.16
06/06/2025,31100,-422605000,21.6(-0.46 %),31100,667410000,0,1090015000,45758285,1.16
09/06/2025,0,-1830790000,21.75(0.69 %),0,0,0,1830790000,45771085,1.15
10/06/2025,4700,-1215675000,21.95(0.92 %),4700,101050000,0,1316725000,45790585,1.13
11/06/2025,-32500,-701980000,21.9(-0.23 %),0,0,32500,701980000,45876385,1.04
12/06/2025,-18500,-406905000,22(0.46 %),20200,437570000,38700,844475000,45932785,0.98
13/06/2025,-27800,-606625000,21.6(-1.82 %),0,0,27800,606625000,45965285,0.95
16/06/2025,-21800,-469790000,21.8(0.93 %),0,0,21800,469790000,45983785,0.93
17/06/2025,-4500,-97470000,21.75(-0.23 %),0,0,4500,97470000,46011585,0.9
18/06/2025,-2100,-45290000,21.5(-1.15 %),0,0,2100,45290000,46033385,0.88
19/06/2025,-14400,-309650000,21.8(1.40 %),0,0,14400,309650000,46037885,0.87
20/06/2025,-20200,-436300000,21.8(0.00 %),0,0,20200,436300000,46039985,0.87
23/06/2025,-6100,-131910000,21.8(0.00 %),0,0,6100,131910000,46054385,0.85
24/06/2025,-51600,-1115060000,21.75(-0.23 %),0,0,51600,1115060000,46074585,0.83
25/06/2025,-7000,-152050000,21.8(0.23 %),0,0,7000,152050000,46080685,0.83
26/06/2025,13000,280800000,21.65(-0.69 %),13000,280800000,0,0,46119285,0.79
27/06/2025,0,0,21.75(0.46 %),0,0,0,0,46126285,0.78
30/06/2025,91100,1981510000,21.85(0.46 %),91100,1981510000,0,0,46035185,0.87
01/07/2025,45500,991230000,21.9(0.23 %),45500,991230000,0,0,45989685,0.92
02/07/2025,103100,2257900000,21.95(0.23 %),103100,2257900000,0,0,45886585,1.03
03/07/2025,12300,270385000,22.1(0.68 %),155100,3556080000,142800,3285695000,45874285,1.04
04/07/2025,-21300,-476510000,22.3(0.90 %),12800,285575000,34100,762085000,45874285,1.04
07/07/2025,-49300,-1091315000,21.9(-1.79 %),15700,345600000,65000,1436915000,45874285,1.04
08/07/2025,-53800,-1174830000,21.8(-0.46 %),27400,588905000,81200,1763735000,45895585,1.02
09/07/2025,-102500,-2240695000,22.3(2.29 %),7500,161995000,110000,2402690000,45944885,0.97
10/07/2025,-53600,-1190030000,22.1(-0.90 %),23800,521085000,77400,1711115000,45944885,0.97
11/07/2025,86700,1885735000,22.35(1.13 %),91000,1980420000,4300,94685000,46014485,0.89
14/07/2025,41600,943790000,22.5(0.67 %),74700,1686215000,33100,742425000,46026485,0.88
15/07/2025,11300,256360000,22.35(-0.67 %),27700,624240000,16400,367880000,46015185,0.89
16/07/2025,39700,881315000,21.95(-1.79 %),39700,881315000,0,0,45975485,0.94
17/07/2025,36900,776950000,22.25(1.37 %),94400,2040170000,57500,1263220000,45975485,0.94
18/07/2025,-55900,-1230185000,21.95(-1.35 %),1300,28405000,57200,1258590000,45938585,0.97
21/07/2025,-53600,-1204015000,22(0.23 %),25800,569500000,79400,1773515000,45938585,0.97
22/07/2025,-41800,-937130000,22.4(1.82 %),8000,176035000,49800,1113165000,45994485,0.92
23/07/2025,1200,24630000,22.2(-0.89 %),15700,344985000,14500,320355000,46046885,0.86
24/07/2025,-24700,-546330000,22.05(-0.68 %),400,8780000,25100,555110000,46088685,0.82
25/07/2025,-21200,-465265000,22(-0.23 %),10600,232745000,31800,698010000,46088685,0.82
28/07/2025,-2500,-54735000,22.1(0.45 %),5900,129645000,8400,184380000,46113385,0.79
29/07/2025,-27000,-585590000,21.95(-0.68 %),6100,133850000,33100,719440000,46134585,0.77
30/07/2025,-54600,-1186050000,21.8(-0.68 %),0,0,54600,1186050000,46137085,0.77
31/07/2025,-10400,-226555000,21.8(0.00 %),0,0,10400,226555000,46164085,0.74
01/08/2025,8300,180940000,21.75(-0.23 %),9700,211460000,1400,30520000,46210385,0.69
04/08/2025,-3200,-70660000,21.75(0.00 %),5600,120685000,8800,191345000,46220785,0.68
05/08/2025,-5200,-112860000,21.7(-0.23 %),0,0,5200,112860000,46220785,0.68
06/08/2025,-9500,-205260000,21.65(-0.23 %),0,0,9500,205260000,46223985,0.68
07/08/2025,-2800,-60340000,21.55(-0.46 %),0,0,2800,60340000,46229185,0.67
08/08/2025,500,10800000,21.4(-0.70 %),3100,66495000,2600,55695000,46238185,0.66
11/08/2025,-3500,-74905000,21.35(-0.23 %),100,2145000,3600,77050000,46240985,0.66
12/08/2025,1700,35975000,21.35(0.00 %),7800,166005000,6100,130030000,46239285,0.66
13/08/2025,-22900,-487060000,21.2(-0.70 %),0,0,22900,487060000,46242785,0.66
14/08/2025,-1000,-21325000,21(-0.94 %),0,0,1000,21325000,46242785,0.66
15/08/2025,-7800,-161470000,20.7(-1.43 %),0,0,7800,161470000,46265685,0.63
18/08/2025,0,0,21.25(2.66 %),0,0,0,0,46266685,0.63
19/08/2025,3100,64665000,20.85(-1.88 %),3100,64665000,0,0,46271385,0.63
20/08/2025,0,0,20.9(0.24 %),0,0,0,0,46271385,0.63
21/08/2025,0,0,21(0.48 %),0,0,0,0,46271385,0.63
22/08/2025,-1400,-29440000,21(0.00 %),900,18495000,2300,47935000,46271385,0.63
25/08/2025,0,0,21(0.00 %),0,0,0,0,46271385,0.63
