Ngay,KLGDRong,GTDGRong,ThayDoi,KLMua,GtMua,KLBan,GtBan,RoomConLai,DangSoHuu
20/01/2010,120,13680000,0(0.00 %),120,13680000,0,0,3959460,27.54
21/01/2010,57300,6566090000,0(0.00 %),60000,6878290000,2700,312200000,3902160,27.85
22/01/2010,2000,224000000,0(0.00 %),2000,224000000,0,0,3900160,27.86
25/01/2010,100,10900000,0(0.00 %),100,10900000,0,0,3900060,27.86
26/01/2010,-17590,-1997460000,0(0.00 %),100,11200000,17690,2008660000,3917650,27.77
27/01/2010,200,22100000,0(0.00 %),200,22100000,0,0,3917450,27.77
28/01/2010,-1230,-129740000,0(0.00 %),200,20900000,1430,150640000,3918680,27.76
29/01/2010,29000,3075000000,0(0.00 %),29000,3075000000,0,0,3889680,27.92
01/02/2010,20630,2342660000,114(4.59 %),25500,2893970000,4870,551310000,3869050,28.03
02/02/2010,30800,3527560000,117(2.63 %),30800,3527560000,0,0,3838250,28.2
03/02/2010,1100,128400000,117(0.00 %),1100,128400000,0,0,3837150,28.2
04/02/2010,23200,2712400000,117(0.00 %),24200,2829400000,1000,117000000,3813950,28.33
05/02/2010,31500,3633000000,114(-2.56 %),32000,3691000000,500,58000000,3782450,28.5
08/02/2010,0,0,113(-0.88 %),0,0,0,0,3782450,28.5
09/02/2010,-80,-8840000,113(0.00 %),20,2260000,100,11100000,3782530,28.5
10/02/2010,33000,3788500000,116(2.65 %),33000,3788500000,0,0,3749530,28.68
11/02/2010,1000,115500000,116(0.00 %),1000,115500000,0,0,3748530,28.68
12/02/2010,0,0,117(0.86 %),0,0,0,0,3748530,28.68
22/02/2010,23440,2757000000,117(0.00 %),23440,2757000000,0,0,3725090,28.81
23/02/2010,0,0,114(-2.56 %),0,0,0,0,3725090,28.81
24/02/2010,155860,18278890000,118(3.51 %),155860,18278890000,0,0,3569230,29.65
25/02/2010,122690,14741470000,123(4.24 %),122690,14741470000,0,0,3446540,30.32
26/02/2010,190140,24476630000,129(4.88 %),190140,24476630000,0,0,3446540,31.35
01/03/2010,25550,3333280000,129(0.00 %),31600,4121200000,6050,787920000,3420990,30.46
02/03/2010,20400,2625200000,128(-0.78 %),20400,2625200000,0,0,3400590,30.57
03/03/2010,42740,5569460000,130(1.56 %),43240,5633960000,500,64500000,3357850,30.8
04/03/2010,37260,4828520000,130(0.00 %),37760,4893020000,500,64500000,3320590,31.0
05/03/2010,70900,9270590000,132(1.54 %),70900,9270590000,0,0,3249690,31.39
08/03/2010,24600,3197500000,129(-2.27 %),27000,3512000000,2400,314500000,3225090,31.52
09/03/2010,-400,-52400000,130(0.78 %),0,0,400,52400000,3225490,31.52
10/03/2010,12000,1560000000,130(0.00 %),12000,1560000000,0,0,3213490,31.58
11/03/2010,10000,1300000000,130(0.00 %),10000,1300000000,0,0,3203490,31.64
12/03/2010,10390,1353940000,133(2.31 %),10690,1393840000,300,39900000,3193100,31.69
15/03/2010,9800,1308200000,133(0.00 %),10000,1335000000,200,26800000,3183300,31.75
16/03/2010,0,0,131(-1.50 %),0,0,0,0,3183300,31.75
17/03/2010,10000,1290000000,129(-1.53 %),10000,1290000000,0,0,3173300,31.8
18/03/2010,0,0,131(1.55 %),0,0,0,0,3173300,31.8
19/03/2010,0,0,129(-1.53 %),0,0,0,0,3173300,31.8
22/03/2010,23220,3013600000,130(0.78 %),23220,3013600000,0,0,3150080,31.93
23/03/2010,53530,6941220000,129(-0.77 %),53530,6941220000,0,0,3096550,32.22
24/03/2010,29500,3831730000,131(1.55 %),29500,3831730000,0,0,3067050,32.38
25/03/2010,48870,6342530000,129(-1.53 %),51870,6732530000,3000,390000000,3018180,32.64
26/03/2010,49500,6443000000,131(1.55 %),49500,6443000000,0,0,2968680,32.91
29/03/2010,30610,3979300000,130(-0.76 %),30610,3979300000,0,0,2938070,33.08
30/03/2010,0,0,129(-0.77 %),0,0,0,0,2938070,33.08
31/03/2010,12770,1662550000,131(1.55 %),14170,1843150000,1400,180600000,2925300,33.14
01/04/2010,4150,546500000,132(0.76 %),4150,546500000,0,0,2921150,33.17
02/04/2010,0,0,132(0.00 %),0,0,0,0,2921150,33.17
05/04/2010,0,0,131(-0.76 %),0,0,0,0,2921150,33.17
06/04/2010,19100,2511100000,131(0.00 %),21800,2864800000,2700,353700000,2902050,33.27
07/04/2010,500,65500000,131(0.00 %),500,65500000,0,0,2901550,33.27
08/04/2010,1350,181900000,134(2.29 %),1350,181900000,0,0,2900200,33.28
09/04/2010,-4700,-658000000,140(4.48 %),300,42000000,5000,700000000,2904900,33.26
12/04/2010,24400,3516800000,144(2.86 %),25000,3605000000,600,88200000,2880500,33.39
13/04/2010,2000,288000000,143(-0.69 %),2000,288000000,0,0,2878500,33.4
14/04/2010,15800,2329900000,147(2.80 %),16300,2402400000,500,72500000,2862700,33.48
15/04/2010,49950,7492650000,150(2.04 %),50250,7536750000,300,44100000,2812750,33.75
16/04/2010,1500,223500000,146(-2.67 %),1500,223500000,0,0,2811250,33.76
19/04/2010,14030,1922370000,139(-4.79 %),40430,5620470000,26400,3698100000,2797220,33.84
20/04/2010,91050,12752450000,139(0.00 %),117650,16469850000,26600,3717400000,2706170,34.33
21/04/2010,850,117700000,138(-0.72 %),850,117700000,0,0,2705320,34.34
22/04/2010,23000,3244400000,140(1.45 %),25000,3524400000,2000,280000000,2682320,34.46
26/04/2010,57000,8037800000,140(0.00 %),57000,8037800000,0,0,2625320,34.77
27/04/2010,7500,1065000000,142(1.43 %),7500,1065000000,0,0,2617820,34.81
28/04/2010,45700,6469560000,139(-2.11 %),50200,7104060000,4500,634500000,2572120,35.06
29/04/2010,0,0,140(0.72 %),0,0,0,0,2572120,35.06
04/05/2010,1000,142000000,139(-0.71 %),1000,142000000,0,0,2571120,35.06
05/05/2010,55600,7784600000,140(0.72 %),55600,7784600000,0,0,2515520,35.37
06/05/2010,40630,5688200000,140(0.00 %),40630,5688200000,0,0,2474890,35.59
07/05/2010,-100,1000000,139(-0.71 %),14900,2086000000,15000,2085000000,2474990,35.59
10/05/2010,53410,7460040000,139(0.00 %),53410,7460040000,0,0,2421580,35.87
11/05/2010,27790,3891900000,140(0.72 %),27790,3891900000,0,0,2393790,36.03
12/05/2010,25510,3539890000,138(-1.43 %),30000,4160000000,4490,620110000,2368280,36.16
13/05/2010,2200,308000000,139(0.72 %),2200,308000000,0,0,2366080,36.18
14/05/2010,1000,138000000,140(0.72 %),1000,138000000,0,0,2365080,36.18
17/05/2010,-3540,-484980000,137(-2.14 %),0,0,3540,484980000,2368620,36.16
18/05/2010,120,16640000,137(0.00 %),120,16640000,0,0,2368500,36.16
19/05/2010,1450,198650000,133(-2.92 %),1450,198650000,0,0,2367050,36.17
20/05/2010,-11380,-1511520000,133(0.00 %),17820,2314780000,29200,3826300000,2378430,36.11
21/05/2010,400,51600000,127(-4.51 %),400,51600000,0,0,2378030,36.11
24/05/2010,7400,954950000,133(4.72 %),7400,954950000,0,0,2370630,36.15
25/05/2010,0,0,78.5(-0.63 %),0,0,0,0,2370630,36.15
26/05/2010,-2300,-179190000,78.5(0.00 %),200,15600000,2500,194790000,2372930,36.14
27/05/2010,-2000,-156000000,78(-0.64 %),0,0,2000,156000000,2374930,36.13
28/05/2010,0,0,79(1.28 %),0,0,0,0,2374930,36.13
31/05/2010,0,0,79(0.00 %),0,0,0,0,2374930,36.13
01/06/2010,30000,2370000000,79(0.00 %),30000,2370000000,0,0,2344930,36.29
02/06/2010,0,0,79(0.00 %),0,0,0,0,2344930,36.29
03/06/2010,0,0,79(0.00 %),0,0,0,0,2344930,36.29
04/06/2010,700,54950000,79(0.00 %),700,54950000,0,0,2344230,36.29
07/06/2010,0,0,78.5(-0.63 %),0,0,0,0,2344230,36.29
08/06/2010,400,31050000,77.5(-1.27 %),400,31050000,0,0,2343830,36.3
09/06/2010,300,22950000,76.5(-1.29 %),300,22950000,0,0,2343530,36.3
10/06/2010,5000,387120000,77(0.65 %),5000,387120000,0,0,2338530,36.33
11/06/2010,700,56000000,77.5(0.65 %),700,56000000,0,0,2337830,36.33
14/06/2010,300,23400000,78(0.65 %),300,23400000,0,0,2337530,36.33
15/06/2010,300,23400000,78(0.00 %),300,23400000,0,0,2337230,36.33
16/06/2010,0,0,78.5(0.64 %),0,0,0,0,2337230,36.33
17/06/2010,2000,157000000,78.5(0.00 %),113100,8878350000,111100,8721350000,2335230,36.34
18/06/2010,1400,109900000,78(-0.64 %),1400,109900000,0,0,2306130,36.5
21/06/2010,1400,110600000,78(0.00 %),1400,110600000,0,0,2332430,36.36
22/06/2010,24900,1942400000,78(0.00 %),25000,1950000000,100,7600000,2307530,36.49
23/06/2010,100180,7813900000,77(-1.28 %),100180,7813900000,0,0,2207350,37.04
24/06/2010,10000,780000000,78.5(1.95 %),10000,780000000,0,0,2197350,37.09
25/06/2010,0,0,78.5(0.00 %),0,0,0,0,2197350,37.09
28/06/2010,100,7800000,82(4.46 %),100,7800000,0,0,2197250,37.09
29/06/2010,0,0,83.5(1.83 %),0,0,0,0,2197250,37.09
30/06/2010,100,7950000,81.5(-2.40 %),100,7950000,0,0,2197150,37.09
01/07/2010,0,0,81(-0.61 %),0,0,0,0,2197150,37.09
02/07/2010,10,800000,80(-1.23 %),10,800000,0,0,2197140,37.09
05/07/2010,7700,608605000,78.5(-1.88 %),7700,608605000,0,0,2189440,37.13
06/07/2010,4000,314470000,78(-0.64 %),7000,548470000,3000,234000000,2185440,37.15
07/07/2010,-3150,-239810000,75(-3.85 %),900,68150000,4050,307960000,2188590,37.14
08/07/2010,100,7800000,78(4.00 %),100,7800000,0,0,2188490,37.14
09/07/2010,100,7800000,75(-3.85 %),100,7800000,0,0,2188390,37.14
12/07/2010,250,19500000,78(4.00 %),250,19500000,0,0,2188140,37.14
13/07/2010,11510,894055000,78(0.00 %),11510,894055000,0,0,2176630,37.2
14/07/2010,25200,1965265000,78(0.00 %),25200,1965265000,0,0,3440165,18.21
15/07/2010,0,0,77(-1.28 %),0,0,0,0,3440165,37.81
16/07/2010,0,0,75.5(-1.95 %),0,0,0,0,3440165,37.81
19/07/2010,1620,122250000,75.5(0.00 %),1620,122250000,0,0,3438545,37.82
20/07/2010,4430,331300000,78(3.31 %),4430,331300000,0,0,3434115,37.83
21/07/2010,200,15600000,75.5(-3.21 %),200,15600000,0,0,3433915,37.83
22/07/2010,-3000,-223500000,74(-1.99 %),0,0,3000,223500000,3436915,37.82
23/07/2010,5220,391665000,75(1.35 %),6920,517465000,1700,125800000,3431695,37.84
26/07/2010,6030,452250000,75(0.00 %),6830,512250000,800,60000000,3425665,37.86
27/07/2010,13060,994800000,75.5(0.67 %),18200,1367450000,5140,372650000,3412605,37.9
28/07/2010,15110,1133030000,75(-0.66 %),15110,1133030000,0,0,3397495,37.95
29/07/2010,9900,742700000,75(0.00 %),10000,750000000,100,7300000,3387595,37.98
30/07/2010,15000,1134000000,75(0.00 %),15000,1134000000,0,0,3372595,38.03
02/08/2010,203343,15841454000,75(0.00 %),203343,15841454000,0,0,3169252,38.69
03/08/2010,19020,1438810000,75.5(0.67 %),19020,1438810000,0,0,3150232,38.76
04/08/2010,2290,172995000,75(-0.66 %),2290,172995000,0,0,3147942,38.76
05/08/2010,21450,1608750000,75(0.00 %),21450,1608750000,0,0,3126492,38.83
06/08/2010,1220,91080000,74(-1.33 %),1420,105780000,200,14700000,3125272,38.84
09/08/2010,11080,819920000,72.5(-2.03 %),11080,819920000,0,0,3114192,38.87
10/08/2010,1100,77400000,73(0.69 %),1100,77400000,0,0,3113092,38.88
11/08/2010,0,0,74(1.37 %),0,0,0,0,3032092,39.14
12/08/2010,24800,1749425000,73(-1.35 %),98866,7156243000,74066,5406818000,3088292,38.96
13/08/2010,20300,1458700000,73(0.00 %),20400,1466000000,100,7300000,3067992,39.02
16/08/2010,35700,2630300000,74(1.37 %),35700,2630300000,0,0,3032292,39.14
17/08/2010,0,0,71(-4.05 %),0,0,0,0,3032092,39.14
18/08/2010,200,14700000,71(0.00 %),200,14700000,0,0,3032092,39.14
19/08/2010,0,0,72(1.41 %),0,0,0,0,3032092,39.14
20/08/2010,0,0,71.5(-0.69 %),0,0,0,0,3032092,0.0
23/08/2010,0,0,71.5(0.00 %),0,0,0,0,0,0.0
24/08/2010,15070,1042615000,68(-4.90 %),21570,1486760000,6500,444145000,0,49.05
25/08/2010,40700,2646100000,65(-4.41 %),40700,2646100000,0,0,0,49.18
26/08/2010,16490,1069790000,65(0.00 %),16490,1069790000,0,0,0,49.23
27/08/2010,-10500,-668770000,65(0.00 %),0,0,10500,668770000,0,49.2
30/08/2010,-330,-22440000,68(4.62 %),500,34000000,830,56440000,0,49.2
31/08/2010,12200,856970000,70(4.48 %),59700,4129970000,47500,3273000000,0,49.24
01/09/2010,0,0,72(2.86 %),0,0,0,0,0,49.24
06/09/2010,50,3700000,72.5(0.69 %),50,3700000,0,0,2958412,49.24
07/09/2010,-200,-14400000,72(-0.69 %),0,0,200,14400000,0,49.24
08/09/2010,2500,178400000,71.5(-0.69 %),2500,178400000,0,0,0,49.25
09/09/2010,500,35500000,69.5(-2.80 %),500,35500000,0,0,0,49.25
10/09/2010,2500,176900000,70.5(1.44 %),2500,176900000,0,0,0,49.26
13/09/2010,1000,70500000,70.5(0.00 %),1000,70500000,0,0,0,49.26
14/09/2010,10880,767940000,71(0.71 %),14300,1009050000,3420,241110000,0,49.3
15/09/2010,0,0,71(0.00 %),0,0,0,0,0,49.3
16/09/2010,7700,546200000,71(0.00 %),20200,1427450000,12500,881250000,0,49.32
17/09/2010,0,0,71.5(0.70 %),0,0,0,0,0,49.32
20/09/2010,0,0,71.5(0.00 %),0,0,0,0,0,49.32
21/09/2010,0,0,71.5(0.00 %),0,0,0,0,0,49.32
22/09/2010,19800,1405800000,71(-0.70 %),19800,1405800000,0,0,0,49.38
23/09/2010,30000,2130000000,71.5(0.70 %),30000,2130000000,0,0,0,49.48
24/09/2010,4320,304560000,70.5(-1.40 %),4320,304560000,0,0,0,49.5
27/09/2010,6000,417500000,70(-0.71 %),6000,417500000,0,0,0,49.52
28/09/2010,8290,580300000,71(1.43 %),8290,580300000,0,0,0,49.54
29/09/2010,16140,1140930000,71(0.00 %),16140,1140930000,0,0,0,49.6
30/09/2010,0,0,70.5(-0.70 %),0,0,0,0,2848982,49.6
01/10/2010,-5000,-352500000,70.5(0.00 %),0,0,5000,352500000,2853982,39.72
04/10/2010,-100,-6700000,70(-0.71 %),0,0,100,6700000,2854082,39.72
05/10/2010,-17060,-1185170000,69(-1.43 %),0,0,17060,1185170000,2871142,39.66
06/10/2010,7000,488250000,69(0.00 %),11000,765000000,4000,276750000,2864142,39.69
07/10/2010,16500,1154970000,69.5(0.72 %),21500,1504970000,5000,350000000,2847642,39.74
08/10/2010,11250,789475000,69.5(0.00 %),15250,1067475000,4000,278000000,2836392,39.78
11/10/2010,-1070,-74290000,69.5(0.00 %),150,10500000,1220,84790000,2837462,39.77
12/10/2010,-600,-41700000,68(-2.16 %),0,0,600,41700000,2838062,39.77
13/10/2010,5050,352510000,69(1.47 %),7030,485070000,1980,132560000,2833012,39.79
14/10/2010,-100,-6950000,69(0.00 %),0,0,100,6950000,2833112,39.79
15/10/2010,3200,219450000,68.5(-0.72 %),7500,509250000,4300,289800000,2829912,39.8
18/10/2010,3800,254650000,67(-2.19 %),5000,335000000,1200,80350000,2826112,39.81
19/10/2010,100,6800000,68(1.49 %),100,6800000,0,0,2826012,39.81
20/10/2010,0,0,68(0.00 %),0,0,0,0,2826012,39.81
21/10/2010,7910,537130000,67.5(-0.74 %),17300,1172750000,9390,635620000,2818102,39.84
22/10/2010,-1800,-121000000,67(-0.74 %),100,6800000,1900,127800000,2819902,39.83
25/10/2010,-560,-37540000,67.5(0.75 %),0,0,560,37540000,2820462,39.83
26/10/2010,8900,613100000,68.5(1.48 %),25000,1712500000,16100,1099400000,2811562,39.86
27/10/2010,-150,-10075000,68(-0.73 %),500,34000000,650,44075000,2811712,39.86
28/10/2010,-500,-33750000,67.5(-0.74 %),0,0,500,33750000,2812212,39.85
29/10/2010,-3660,-245470000,67(-0.74 %),255000,17210000000,258660,17455470000,2815872,39.84
01/11/2010,-1550,-102800000,66(-1.49 %),2700,178200000,4250,281000000,2817422,39.84
02/11/2010,-3000,-198000000,66(0.00 %),0,0,3000,198000000,2820422,39.83
03/11/2010,430,28380000,66(0.00 %),430,28380000,0,0,2819992,39.83
04/11/2010,0,0,66.5(0.76 %),0,0,0,0,2819992,39.83
05/11/2010,18170,1229225000,68(2.26 %),18170,1229225000,0,0,2801822,39.89
08/11/2010,0,0,67(-1.47 %),0,0,0,0,2801822,39.89
09/11/2010,5000,337500000,67.5(0.75 %),318000,21308500000,313000,20971000000,2796822,39.9
10/11/2010,-5000,-331000000,66.5(-1.48 %),0,0,5000,331000000,2801822,39.89
11/11/2010,8780,570700000,65(-2.26 %),8780,570700000,0,0,2793042,39.92
12/11/2010,-11960,-742770000,62(-4.62 %),23440,1453280000,35400,2196050000,2805002,39.88
15/11/2010,1320,81840000,62(0.00 %),1320,81840000,0,0,2803682,39.88
16/11/2010,-11490,-683020000,59.5(-4.03 %),18720,1104480000,30210,1787500000,2815172,39.84
17/11/2010,0,0,60(0.84 %),332000,19754000000,332000,19754000000,2815172,39.84
18/11/2010,9930,625590000,63(5.00 %),9930,625590000,0,0,2805242,39.88
19/11/2010,5000,315000000,63(0.00 %),5000,315000000,0,0,2800242,39.89
22/11/2010,10000,617420000,63(0.00 %),10000,617420000,0,0,2790242,39.93
23/11/2010,0,0,63(0.00 %),0,0,0,0,2790242,39.93
24/11/2010,0,0,63(0.00 %),0,0,0,0,2790242,39.93
25/11/2010,20000,1260650000,63.5(0.79 %),20000,1260650000,0,0,2770242,39.99
26/11/2010,0,0,64(0.79 %),315000,20002500000,315000,20002500000,2770242,39.99
29/11/2010,15000,970000000,65(1.56 %),15000,970000000,0,0,2755242,40.04
30/11/2010,10000,660000000,65.5(0.77 %),10000,660000000,0,0,2745242,40.07
01/12/2010,4440,290990000,65.5(0.00 %),4440,290990000,0,0,2740802,40.09
02/12/2010,12000,798570000,67(2.29 %),12000,798570000,0,0,2728802,40.13
03/12/2010,39150,2692770000,69.5(3.73 %),39150,2692770000,0,0,2689652,40.25
06/12/2010,10000,697500000,69.5(0.00 %),261000,18142000000,251000,17444500000,2679652,40.29
07/12/2010,3200,222250000,69.5(0.00 %),5900,409900000,2700,187650000,2676452,40.3
08/12/2010,20000,1330000000,66.5(-4.32 %),20000,1330000000,0,0,2656452,40.36
09/12/2010,7000,469000000,67(0.75 %),7000,469000000,0,0,2649452,40.38
10/12/2010,77900,5386650000,69.5(3.73 %),77900,5386650000,0,0,2571552,40.64
13/12/2010,1300,92350000,69.5(0.00 %),1300,92350000,0,0,2570252,40.64
14/12/2010,19000,1330000000,70(0.72 %),308000,21415500000,289000,20085500000,2551252,40.7
15/12/2010,6050,423500000,70(0.00 %),38000,2660000000,31950,2236500000,2545202,40.72
16/12/2010,5000,345000000,69(-1.43 %),5000,345000000,0,0,2540202,40.74
17/12/2010,10000,710000000,71(2.90 %),10000,710000000,0,0,2530202,40.77
20/12/2010,490,35080000,71(0.00 %),690,48880000,200,13800000,2529712,40.77
21/12/2010,12730,899780000,71(0.00 %),22730,1609780000,10000,710000000,2516982,40.81
22/12/2010,23890,1691045000,71(0.00 %),24060,1703115000,170,12070000,2493092,40.89
23/12/2010,0,0,69(-2.82 %),0,0,0,0,2493092,40.89
24/12/2010,-430,-28115000,70(1.45 %),2020,138400000,2450,166515000,2493522,40.89
27/12/2010,0,0,70(0.00 %),0,0,0,0,2493522,40.89
28/12/2010,-6000,-420000000,70(0.00 %),0,0,6000,420000000,2499522,40.87
29/12/2010,-25000,-1750000000,69(-1.43 %),0,0,25000,1750000000,2524522,40.79
30/12/2010,-25000,-1725000000,69.5(0.72 %),0,0,25000,1725000000,2549522,40.71
31/12/2010,-6380,-441600000,70(0.72 %),0,0,6380,441600000,2555902,40.69
04/01/2011,0,0,68(-2.86 %),0,0,0,0,2555902,40.69
05/01/2011,-10000,-677500000,67.5(-0.74 %),0,0,10000,677500000,2565902,40.66
06/01/2011,410,28290000,69(2.22 %),410,28290000,0,0,2565492,40.66
07/01/2011,0,0,69(0.00 %),0,0,0,0,2565492,40.66
10/01/2011,-5830,-393525000,69(0.00 %),1170,78975000,7000,472500000,2571322,40.64
11/01/2011,-5500,-371330000,68(-1.45 %),4330,294025000,9830,665355000,2576822,40.62
12/01/2011,-312150,-21076200000,68(0.00 %),7850,533800000,320000,21610000000,2888972,39.6
13/01/2011,0,0,68.5(0.74 %),0,0,0,0,2888972,39.6
14/01/2011,-10,-685000,68.5(0.00 %),0,0,10,685000,2888982,39.6
17/01/2011,-510,-34935000,68.5(0.00 %),0,0,510,34935000,2889492,39.6
18/01/2011,-14010,-952685000,68.5(0.00 %),3000,204000000,17010,1156685000,2903502,39.56
19/01/2011,-1000,-68500000,68.5(0.00 %),0,0,1000,68500000,2904502,39.55
20/01/2011,16520,1163640000,69.5(1.46 %),53000,3681850000,36480,2518210000,2887982,39.61
21/01/2011,0,0,69(-0.72 %),20000,1380000000,20000,1380000000,2887982,39.61
24/01/2011,0,0,68(-1.45 %),0,0,0,0,2887982,39.61
25/01/2011,100,6700000,67(-1.47 %),100,6700000,0,0,2887882,39.61
26/01/2011,200,13660000,68(1.49 %),200,13660000,0,0,2887682,42.32
27/01/2011,-1000,-67500000,67.5(-0.74 %),0,0,1000,67500000,2888682,39.61
28/01/2011,-25880,-1742180000,68(0.74 %),0,0,25880,1742180000,2914562,39.52
08/02/2011,0,0,68(0.00 %),0,0,0,0,2914562,39.52
09/02/2011,-2100,-139680000,66.5(-2.21 %),0,0,2100,139680000,2916662,39.51
10/02/2011,-2700,-176850000,67(0.75 %),0,0,2700,176850000,2919362,39.51
11/02/2011,-9480,-625745000,65.5(-2.24 %),0,0,9480,625745000,2928842,39.48
14/02/2011,0,0,66(0.76 %),0,0,0,0,2928842,39.48
15/02/2011,-39620,-2617980000,66.5(0.76 %),0,0,39620,2617980000,2968462,39.35
16/02/2011,-14610,-955455000,65.5(-1.50 %),0,0,14610,955455000,2983072,39.3
17/02/2011,-50000,-3191670000,63(-3.82 %),0,0,50000,3191670000,3033072,39.14
18/02/2011,-26600,-1636050000,61(-3.17 %),0,0,26600,1636050000,3059672,39.05
21/02/2011,-24180,-1444750000,60(-1.64 %),0,0,24180,1444750000,3083852,38.97
22/02/2011,-8700,-502790000,62(3.33 %),10300,594750000,19000,1097540000,3092552,38.94
23/02/2011,-2000,-119600000,59.5(-4.03 %),0,0,2000,119600000,3094552,38.94
24/02/2011,-19330,-1107220000,57(-4.20 %),0,0,19330,1107220000,3113882,38.87
25/02/2011,-9490,-548745000,58(1.75 %),0,0,9490,548745000,3123372,38.84
28/02/2011,-34440,-1988080000,57.5(-0.86 %),0,0,34440,1988080000,3157812,38.73
01/03/2011,-6270,-359775000,57.5(0.00 %),3500,200750000,9770,560525000,3164082,38.71
02/03/2011,-5090,-289515000,57(-0.87 %),2800,158850000,7890,448365000,3169172,38.69
03/03/2011,2800,158250000,56(-1.75 %),5200,293400000,2400,135150000,0,0.0
04/03/2011,-34110,-1853630000,55(-1.79 %),2000,110700000,36110,1964330000,0,0.0
07/03/2011,-24000,-1288000000,53(-3.64 %),0,0,24000,1288000000,0,0.0
08/03/2011,-510,-27030000,53(0.00 %),0,0,510,27030000,0,0.0
09/03/2011,-1000,-52500000,52(-1.89 %),0,0,1000,52500000,0,0.0
10/03/2011,-8710,-454920000,54(3.85 %),0,0,8710,454920000,0,0.0
11/03/2011,-9390,-494055000,53(-1.85 %),0,0,9390,494055000,0,0.0
14/03/2011,10200,551860000,53(0.00 %),14000,755500000,3800,203640000,0,0.0
15/03/2011,-1200,-63600000,53(0.00 %),0,0,1200,63600000,0,0.0
16/03/2011,-1300,-68750000,53(0.00 %),200,10500000,1500,79250000,3202202,38.59
17/03/2011,-3500,-183500000,52.5(-0.94 %),0,0,3500,183500000,3205702,38.57
18/03/2011,-1000,-52400000,52.5(0.00 %),0,0,1000,52400000,3206702,38.57
21/03/2011,-500,-26500000,53(0.95 %),0,0,500,26500000,3207202,38.57
22/03/2011,-1600,-83290000,53(0.00 %),0,0,1600,83290000,3208802,38.56
23/03/2011,-100,-5300000,53(0.00 %),0,0,100,5300000,3208902,38.56
24/03/2011,11080,611410000,53.5(0.94 %),26000,1385500000,14920,774090000,3197822,38.6
25/03/2011,-1700,-90100000,53(-0.93 %),0,0,1700,90100000,3199522,38.6
28/03/2011,-800,-41900000,53(0.00 %),0,0,800,41900000,3200322,38.59
29/03/2011,-910,-46775000,51.5(-2.83 %),90,4725000,1000,51500000,3201232,38.59
30/03/2011,-1600,-81335000,50(-2.91 %),100,5150000,1700,86485000,3202832,38.58
31/03/2011,-11900,-594788000,50(0.00 %),50,2500000,11950,597288000,3214732,38.55
01/04/2011,-2620,-128590000,48(-4.00 %),0,0,2620,128590000,3215972,38.54
04/04/2011,-17470,-833160000,48(0.00 %),0,0,17470,833160000,3233442,38.48
05/04/2011,0,0,48(0.00 %),0,0,0,0,3233442,38.48
06/04/2011,0,0,47.9(-0.21 %),0,0,0,0,3233442,38.48
07/04/2011,0,0,48(0.21 %),0,0,0,0,3233442,38.48
08/04/2011,0,0,48(0.00 %),0,0,0,0,3233442,38.48
13/04/2011,-5000,-241325000,49.9(3.96 %),0,0,5000,241325000,3238442,38.47
14/04/2011,0,0,51(2.20 %),0,0,0,0,3238442,38.47
15/04/2011,0,0,51.5(0.98 %),100000,5100000000,100000,5100000000,3238442,38.47
18/04/2011,0,0,52.5(1.94 %),0,0,0,0,3238442,38.47
19/04/2011,0,0,52.5(0.00 %),0,0,0,0,3238442,38.47
20/04/2011,0,0,52(-0.95 %),0,0,0,0,3238442,38.47
21/04/2011,0,0,49.4(-5.00 %),0,0,0,0,3238442,38.47
22/04/2011,0,0,49.3(-0.20 %),0,0,0,0,3238442,38.47
25/04/2011,0,0,50(1.42 %),0,0,0,0,3238442,38.47
26/04/2011,-50,-2410000,49.5(-1.00 %),0,0,50,2410000,3238492,38.47
27/04/2011,0,0,49(-1.01 %),0,0,0,0,3238492,38.47
28/04/2011,0,0,51(4.08 %),0,0,0,0,3238492,38.47
29/04/2011,0,0,53.5(4.90 %),0,0,0,0,3238492,38.47
04/05/2011,-1000000,-56000000000,53.5(0.00 %),0,0,1000000,56000000000,3255762,38.41
05/05/2011,25000,1275000000,53(-0.93 %),25000,1275000000,0,0,3230762,38.49
06/05/2011,0,0,53(0.00 %),0,0,0,0,3230762,38.49
09/05/2011,0,0,53(1.92 %),0,0,0,0,3230762,38.49
10/05/2011,4630,233815000,50.5(-4.72 %),4630,233815000,0,0,3226132,38.51
11/05/2011,-10240,-535640000,52.5(3.96 %),0,0,10240,535640000,3236372,38.48
12/05/2011,-2137940,-117591425000,50.5(-3.81 %),1050,53025000,2138990,117644450000,5374312,31.52
13/05/2011,49730,2411365000,48.5(-3.96 %),50000,2425000000,270,13635000,5324582,31.68
16/05/2011,0,0,47(-3.09 %),0,0,0,0,5324582,31.68
17/05/2011,0,0,46.6(-0.85 %),0,0,0,0,5324582,31.68
18/05/2011,0,0,48(3.00 %),0,0,0,0,5324582,31.68
19/05/2011,0,0,46(-4.17 %),0,0,0,0,5324582,31.68
20/05/2011,1000,45000000,45.5(-1.09 %),1000,45000000,0,0,5323582,31.69
23/05/2011,50000,2225000000,44(-3.30 %),50000,2225000000,0,0,5273582,31.85
24/05/2011,25000,1062500000,41.8(-5.00 %),25000,1062500000,0,0,5248582,31.93
25/05/2011,25000,995000000,39.8(-4.78 %),25000,995000000,0,0,5223582,32.01
26/05/2011,30,1197000,39.9(0.25 %),30,1197000,0,0,5223552,32.01
27/05/2011,0,0,41.5(4.01 %),0,0,0,0,5223552,32.01
30/05/2011,1000,41500000,41(-1.20 %),1000,41500000,0,0,5222552,32.02
31/05/2011,0,0,41(0.00 %),0,0,0,0,5222552,32.02
01/06/2011,0,0,41.5(1.22 %),0,0,0,0,6222552,28.76
02/06/2011,10000,415000000,41.5(0.00 %),10000,415000000,0,0,6212552,28.8
03/06/2011,22000,909000000,41.5(0.00 %),22000,909000000,0,0,6190552,28.87
06/06/2011,0,0,43(3.61 %),0,0,0,0,6190552,28.87
07/06/2011,500,21500000,43.5(1.16 %),500,21500000,0,0,6190052,28.87
08/06/2011,0,0,43.5(0.00 %),0,0,0,0,6190052,28.87
09/06/2011,0,0,43.5(0.00 %),0,0,0,0,6190052,28.87
10/06/2011,0,0,44(1.15 %),0,0,0,0,6190052,28.87
13/06/2011,0,0,44(0.00 %),0,0,0,0,6190052,28.87
14/06/2011,0,0,44(0.00 %),0,0,0,0,6190052,28.87
15/06/2011,0,0,41.8(-5.00 %),0,0,0,0,6190052,28.87
16/06/2011,0,0,42(0.48 %),0,0,0,0,6190052,28.87
17/06/2011,0,0,42(0.00 %),0,0,0,0,6190052,28.87
20/06/2011,0,0,40(-4.76 %),0,0,0,0,6190052,28.87
21/06/2011,0,0,41.4(3.50 %),0,0,0,0,6190052,28.87
22/06/2011,0,0,41(-0.97 %),0,0,0,0,6190052,28.87
23/06/2011,0,0,40(-2.44 %),0,0,0,0,6190052,28.87
24/06/2011,0,0,39.8(-0.50 %),0,0,0,0,6190052,28.87
27/06/2011,-300,-12120000,40.4(1.51 %),0,0,300,12120000,6190352,28.87
28/06/2011,-200,-7700000,38.5(-4.70 %),7800,300300000,8000,308000000,6190552,28.87
29/06/2011,-5700,-210149000,40(3.90 %),0,0,5700,210149000,6196252,28.85
30/06/2011,0,0,40(0.00 %),0,0,0,0,6196252,28.85
01/07/2011,0,0,40(0.00 %),0,0,0,0,6182552,28.89
04/07/2011,-60000,-2280000000,40(0.00 %),0,0,60000,2280000000,6242552,28.7
05/07/2011,0,0,41(2.50 %),0,0,0,0,6242552,28.7
06/07/2011,0,0,41(0.00 %),0,0,0,0,6242552,28.7
07/07/2011,0,0,41.5(1.22 %),0,0,0,0,6242552,28.7
08/07/2011,0,0,41.9(0.96 %),0,0,0,0,6242552,28.7
11/07/2011,15000,632955000,42.6(1.67 %),15000,632955000,0,0,6227552,28.75
12/07/2011,88650,3801300000,43(0.94 %),112700,4826475000,24050,1025175000,6138902,29.04
13/07/2011,0,0,42.9(-0.23 %),0,0,0,0,6138902,29.04
14/07/2011,24520,1051908000,42(-2.10 %),24520,1051908000,0,0,6114382,29.12
15/07/2011,0,0,42(0.00 %),0,0,0,0,6114382,29.12
18/07/2011,0,0,42(0.00 %),0,0,0,0,6114382,29.12
19/07/2011,0,0,40(-4.76 %),0,0,0,0,6114382,29.12
20/07/2011,0,0,39.9(-0.25 %),0,0,0,0,6114382,29.12
21/07/2011,740,29590000,38.2(-4.26 %),740,29590000,0,0,6113642,29.12
22/07/2011,0,0,38.1(-0.26 %),0,0,0,0,6113642,29.12
25/07/2011,0,0,39(2.36 %),0,0,0,0,6113642,29.12
26/07/2011,0,0,37.5(-3.85 %),0,0,0,0,6113642,29.12
27/07/2011,0,0,36.5(-2.67 %),0,0,0,0,6113642,29.12
28/07/2011,0,0,36.1(-1.10 %),0,0,0,0,6113642,29.12
29/07/2011,0,0,36(-0.28 %),0,0,0,0,6113642,29.12
01/08/2011,0,0,37.4(3.89 %),0,0,0,0,6128082,29.07
02/08/2011,0,0,37.4(0.00 %),0,0,0,0,6128082,29.07
03/08/2011,0,0,37.4(0.00 %),0,0,0,0,6128082,29.07
04/08/2011,0,0,38.5(2.94 %),0,0,0,0,6128082,29.07
05/08/2011,0,0,39(1.30 %),0,0,0,0,6128082,29.07
08/08/2011,0,0,39.8(2.05 %),0,0,0,0,6128082,29.07
09/08/2011,0,0,37.9(-4.77 %),0,0,0,0,6128082,29.07
10/08/2011,0,0,37.7(-0.53 %),0,0,0,0,6128082,29.07
11/08/2011,0,0,38.3(1.59 %),0,0,0,0,6128082,29.07
12/08/2011,0,0,38.3(0.00 %),0,0,0,0,6128082,29.07
15/08/2011,0,0,37.7(-1.57 %),0,0,0,0,6128082,29.07
16/08/2011,0,0,37.7(0.00 %),0,0,0,0,6128082,29.07
17/08/2011,0,0,37.7(0.00 %),0,0,0,0,6128082,29.07
18/08/2011,0,0,37.6(-0.27 %),0,0,0,0,6128082,29.07
19/08/2011,0,0,37.6(0.00 %),0,0,0,0,6128082,29.07
22/08/2011,0,0,37.9(0.80 %),0,0,0,0,6128082,29.07
23/08/2011,0,0,37.9(0.00 %),0,0,0,0,6128082,29.07
24/08/2011,0,0,37(-2.37 %),0,0,0,0,6128082,29.07
25/08/2011,150,5475000,36.7(-0.81 %),150,5475000,0,0,6127932,29.07
26/08/2011,0,0,36.5(-0.54 %),0,0,0,0,6127932,29.07
29/08/2011,70,2541000,36.4(-0.27 %),70,2541000,0,0,6127862,29.07
30/08/2011,0,0,36.3(-0.27 %),0,0,0,0,6127862,29.07
31/08/2011,0,0,36.3(0.00 %),0,0,0,0,6127862,29.07
01/09/2011,25000,907500000,36.3(0.00 %),25000,907500000,0,0,6127862,29.07
05/09/2011,0,0,36(-0.83 %),0,0,0,0,6127862,29.07
06/09/2011,0,0,35.6(-1.11 %),0,0,0,0,6127862,29.07
07/09/2011,1000,36000000,36(1.12 %),1000,36000000,0,0,6126862,29.08
08/09/2011,500,18200000,36.4(1.11 %),500,18200000,0,0,6126362,29.08
09/09/2011,0,0,36.6(0.55 %),0,0,0,0,6126362,29.08
12/09/2011,0,0,36.5(-0.27 %),0,0,0,0,6126362,29.08
13/09/2011,0,0,36.7(0.55 %),0,0,0,0,6126362,29.08
14/09/2011,-240,-8540000,36.7(0.00 %),0,0,240,8540000,6126602,29.08
15/09/2011,0,0,35.3(-3.81 %),0,0,0,0,6126602,29.08
16/09/2011,0,0,35.5(0.57 %),0,0,0,0,6126602,29.08
19/09/2011,0,0,35.5(0.00 %),0,0,0,0,6126602,29.08
20/09/2011,0,0,35.5(0.00 %),0,0,0,0,6126602,29.08
21/09/2011,0,0,36(1.41 %),0,0,0,0,6126602,29.08
22/09/2011,0,0,35(-2.78 %),0,0,0,0,6126602,29.08
23/09/2011,-970,-33950000,35(0.00 %),0,0,970,33950000,6127572,29.07
26/09/2011,-500,-17250000,33.7(-3.71 %),0,0,500,17250000,6128072,29.07
27/09/2011,0,0,35(3.86 %),0,0,0,0,6128072,29.07
28/09/2011,-670,-23450000,35(0.00 %),0,0,670,23450000,6128742,29.07
29/09/2011,-450,-15365000,34.1(-2.57 %),0,0,450,15365000,6129192,30.69
30/09/2011,0,-50000,33.9(-0.59 %),4000,134000000,4000,134050000,6129192,30.69
03/10/2011,-29820,-999381000,33.5(-1.18 %),0,0,29820,999381000,6598872,29.17
04/10/2011,16680,527840000,32(-4.48 %),25000,800000000,8320,272160000,6582192,29.22
05/10/2011,24910,772210000,31.1(-2.81 %),25000,775000000,90,2790000,6557282,29.3
06/10/2011,25000,775000000,31.5(1.29 %),25000,775000000,0,0,6532282,29.38
07/10/2011,9600,303360000,31.6(0.32 %),9600,303360000,0,0,6522682,29.41
10/10/2011,27500,853000000,31.8(0.63 %),27500,853000000,0,0,6495182,29.5
11/10/2011,200,6360000,31.6(-0.63 %),200,6360000,0,0,6494982,29.5
12/10/2011,28840,878468000,30.4(-3.80 %),28840,878468000,0,0,6466142,29.6
13/10/2011,960,29280000,30.7(0.99 %),960,29280000,0,0,6465182,29.6
14/10/2011,-970,-29973000,30.9(0.65 %),0,0,970,29973000,6466152,29.6
17/10/2011,-3000,-91981000,30.2(-2.27 %),52000,1530553000,55000,1622534000,6469152,29.59
18/10/2011,-6430,-189858000,29.5(-2.32 %),900,26550000,7330,216408000,6475582,29.57
19/10/2011,-53860,-1570899000,29(-1.69 %),0,0,53860,1570899000,6529442,29.39
20/10/2011,-80940,-2288587000,28.9(-0.34 %),100000,2760000000,180940,5048587000,6610382,29.13
21/10/2011,-33220,-935918000,28.1(-2.77 %),10000,282000000,43220,1217918000,6643602,29.02
24/10/2011,-110,-3180000,28.9(2.85 %),0,0,110,3180000,6643712,29.02
25/10/2011,-19890,-567369000,28.6(-1.04 %),0,0,19890,567369000,6663602,28.96
26/10/2011,0,0,28(-2.10 %),0,0,0,0,6663602,28.03
27/10/2011,0,0,26.7(-4.64 %),25000,665000000,25000,665000000,6663602,28.03
28/10/2011,0,0,27(1.12 %),0,0,0,0,6663602,28.03
31/10/2011,0,0,26.9(-0.37 %),0,0,0,0,6663602,28.03
01/11/2011,-10000,-260200000,26(-3.35 %),0,0,10000,260200000,6698542,27.92
02/11/2011,-34500,-862946000,25(-3.85 %),25100,627660000,59600,1490606000,6733042,27.81
03/11/2011,-1330,-32369000,24(-4.00 %),0,0,1330,32369000,6734372,27.8
04/11/2011,0,0,24(0.00 %),0,0,0,0,6734372,27.8
07/11/2011,2250,54000000,24(0.00 %),2250,54000000,0,0,6732122,27.81
08/11/2011,60,1434000,23.5(-2.08 %),60,1434000,0,0,6732062,27.81
09/11/2011,0,0,23.5(0.00 %),0,0,0,0,6732062,27.81
10/11/2011,0,0,23(-2.13 %),0,0,0,0,6732062,27.81
11/11/2011,-12880,-287770000,21.9(-4.78 %),0,0,12880,287770000,6744942,27.77
14/11/2011,-9660,-203398000,21(-4.11 %),0,0,9660,203398000,6754602,27.74
15/11/2011,-22000,-446697000,20.3(-3.33 %),2000,41400000,24000,488097000,6776602,27.67
16/11/2011,0,0,21.3(4.93 %),0,0,0,0,6776602,27.67
17/11/2011,0,0,21.5(0.94 %),0,0,0,0,6776602,27.67
18/11/2011,0,0,21.6(0.47 %),0,0,0,0,6776602,27.67
21/11/2011,0,0,22.6(4.63 %),0,0,0,0,6776602,27.67
22/11/2011,0,0,23.7(4.87 %),0,0,0,0,6776602,27.67
23/11/2011,-156966,-3753094000,24.8(4.64 %),0,0,156966,3753094000,6933568,27.18
24/11/2011,-50000,-1300000000,26(4.84 %),0,0,50000,1300000000,6983568,27.02
25/11/2011,-49000,-1285018000,26.4(1.54 %),0,0,49000,1285018000,7032568,26.86
28/11/2011,14000,367400000,26.5(0.38 %),40000,1056000000,26000,688600000,7018568,26.91
29/11/2011,50000,1350000000,27(1.89 %),50000,1350000000,0,0,6968568,27.07
30/11/2011,34990,937730000,26.4(-2.22 %),35000,938000000,10,270000,6933578,27.18
01/12/2011,-2000,-54000000,26.8(1.52 %),0,0,2000,54000000,6917568,27.23
02/12/2011,0,0,28(4.48 %),0,0,0,0,6917568,27.23
05/12/2011,0,0,29.4(5.00 %),0,0,0,0,6917568,27.23
06/12/2011,-1700,-51860000,30.8(4.76 %),0,0,1700,51860000,6919268,27.22
07/12/2011,-1640,-52972000,32.3(4.87 %),0,0,1640,52972000,6920908,27.22
08/12/2011,-100,-3230000,30.9(-4.33 %),0,0,100,3230000,6921008,27.22
09/12/2011,0,0,29.4(-4.85 %),0,0,0,0,6921008,27.22
12/12/2011,350,9870000,28(-4.76 %),350,9870000,0,0,6920658,27.22
13/12/2011,0,0,29(3.57 %),0,0,0,0,6920658,27.22
14/12/2011,0,0,28.3(-2.41 %),0,0,0,0,6920658,27.22
15/12/2011,0,0,28(-1.06 %),0,0,0,0,6920658,27.22
16/12/2011,100,2750000,27.5(-1.79 %),100,2750000,0,0,6920558,27.22
19/12/2011,0,0,27.4(-0.36 %),0,0,0,0,6920558,27.22
20/12/2011,0,0,27.2(-0.73 %),0,0,0,0,6920558,27.22
21/12/2011,0,0,28.2(3.68 %),0,0,0,0,6920558,27.22
22/12/2011,0,0,29.6(4.96 %),0,0,0,0,6920558,27.22
23/12/2011,0,0,28.5(-3.72 %),0,0,0,0,6920558,27.22
26/12/2011,0,0,29(1.75 %),0,0,0,0,6920558,27.22
27/12/2011,0,0,29.7(2.41 %),0,0,0,0,6920558,27.22
28/12/2011,0,0,30(1.01 %),0,0,0,0,6920558,27.22
29/12/2011,0,0,29.1(-3.00 %),0,0,0,0,6920558,27.22
30/12/2011,0,0,30(3.09 %),0,0,0,0,6920558,27.22
03/01/2012,2000,61770000,29.1(-3.00 %),2000,61770000,0,0,6948568,27.13
04/01/2012,0,0,29.1(0.00 %),0,0,0,0,6948568,27.13
05/01/2012,0,0,29(-0.34 %),0,0,0,0,6948568,27.13
06/01/2012,-809009,-23461261000,28.6(-1.38 %),0,0,809009,23461261000,7757577,24.58
09/01/2012,-1850,-51030000,29.5(3.15 %),150,4170000,2000,55200000,7759427,24.58
10/01/2012,0,0,28.6(-3.05 %),0,0,0,0,7759427,24.58
11/01/2012,0,0,29.4(2.80 %),0,0,0,0,7759427,24.58
12/01/2012,-43750,-1226150000,28.1(-4.42 %),0,0,43750,1226150000,7803177,24.44
13/01/2012,0,0,28.1(0.00 %),0,0,0,0,7803177,24.44
16/01/2012,0,0,28.5(1.42 %),0,0,0,0,7803177,24.44
17/01/2012,0,0,28.5(0.00 %),0,0,0,0,7803177,24.44
18/01/2012,0,0,29.3(2.81 %),0,0,0,0,7803177,24.44
19/01/2012,0,0,29.3(0.00 %),0,0,0,0,7803177,24.44
20/01/2012,0,0,29(-1.02 %),0,0,0,0,7803177,24.44
30/01/2012,0,0,29(0.00 %),0,0,0,0,7803177,24.44
31/01/2012,0,0,29(0.00 %),0,0,0,0,7803177,24.44
01/02/2012,-5940,-172382000,29(0.00 %),0,0,5940,172382000,7801183,24.44
02/02/2012,-3300,-96010000,29(0.00 %),0,0,3300,96010000,7804483,24.43
03/02/2012,0,0,29.4(1.38 %),0,0,0,0,7804483,24.43
06/02/2012,0,0,29(-1.36 %),0,0,0,0,7804483,24.43
07/02/2012,1000,29300000,29.2(0.69 %),1000,29300000,0,0,7803483,24.44
08/02/2012,0,0,30.6(4.79 %),5000,150000000,5000,150000000,7803483,24.44
09/02/2012,0,0,30.5(-0.33 %),0,0,0,0,7803483,24.44
10/02/2012,0,0,29.5(-3.28 %),0,0,0,0,7803483,24.44
13/02/2012,100,2940000,29(-1.69 %),100,2940000,0,0,7803383,24.44
14/02/2012,0,0,29(0.00 %),0,0,0,0,7803383,24.44
15/02/2012,0,0,29(0.00 %),0,0,0,0,7803383,24.44
16/02/2012,-11630,-337270000,29(0.00 %),0,0,11630,337270000,7815013,24.4
17/02/2012,-50000,-1452140000,29(0.00 %),0,0,50000,1452140000,7865013,24.24
20/02/2012,0,0,29.5(1.72 %),0,0,0,0,7865013,24.24
21/02/2012,0,0,29.6(0.34 %),0,0,0,0,7865013,24.24
22/02/2012,0,0,29.7(0.34 %),0,0,0,0,7865013,24.24
23/02/2012,0,0,31.1(4.71 %),0,0,0,0,7865013,24.24
24/02/2012,490,14798000,30.2(-2.89 %),490,14798000,0,0,7864523,24.25
27/02/2012,4470,137444000,31(2.65 %),4470,137444000,0,0,7860053,24.26
28/02/2012,3320,101535000,30.4(-1.94 %),4470,135895000,1150,34360000,7856733,24.27
29/02/2012,4470,139188000,31.5(3.62 %),4470,139188000,0,0,7852263,24.28
01/03/2012,3480,110216000,30.8(-2.22 %),3970,125406000,490,15190000,7855589,24.27
02/03/2012,0,0,31.5(2.27 %),0,0,0,0,7855589,24.27
05/03/2012,0,0,33(4.76 %),0,0,0,0,7855589,24.27
06/03/2012,0,0,31.6(-4.24 %),0,0,0,0,7855589,24.27
07/03/2012,0,0,31.4(-0.63 %),0,0,0,0,7855589,24.27
08/03/2012,0,0,32.8(4.46 %),0,0,0,0,7855589,24.27
09/03/2012,100,3250000,32(-2.44 %),100,3250000,0,0,7855489,24.27
12/03/2012,0,0,31.4(-1.88 %),0,0,0,0,7855489,24.27
13/03/2012,0,0,31.2(-0.64 %),0,0,0,0,7855489,24.27
14/03/2012,0,0,32.7(4.81 %),0,0,0,0,7855489,24.27
15/03/2012,0,0,34.3(4.89 %),0,0,0,0,7855489,24.27
16/03/2012,0,0,36(4.96 %),0,0,0,0,7855489,24.27
19/03/2012,29540,1116612000,37.8(5.00 %),33540,1267812000,4000,151200000,7825949,24.37
20/03/2012,4410,169524000,38.5(1.85 %),4410,169524000,0,0,7821539,24.38
21/03/2012,6060,232322000,36.6(-4.94 %),6060,232322000,0,0,7815479,24.4
22/03/2012,25530,919260000,37.4(2.19 %),25530,919260000,0,0,7789949,24.48
23/03/2012,5530,207746000,38(1.60 %),5530,207746000,0,0,7784419,24.5
26/03/2012,66790,2532308000,38.4(1.05 %),66790,2532308000,0,0,7717629,24.71
27/03/2012,15400,588200000,38.5(0.26 %),15400,588200000,0,0,7702229,24.76
28/03/2012,0,0,37.5(-2.60 %),0,0,0,0,7702229,24.76
29/03/2012,4300,161250000,37.6(0.27 %),5520,207000000,1220,45750000,7697929,24.77
30/03/2012,22510,844122000,37.8(0.53 %),23510,881625000,1000,37503000,7675419,24.84
03/04/2012,0,0,37.9(0.26 %),0,0,0,0,7672342,24.85
04/04/2012,0,0,37.5(-1.06 %),0,0,0,0,7672342,24.85
05/04/2012,0,0,37.9(1.07 %),0,0,0,0,7672342,24.85
06/04/2012,500,19000000,37.6(-0.79 %),500,19000000,0,0,7671842,24.85
09/04/2012,0,0,38.5(2.39 %),0,0,0,0,7671842,24.85
10/04/2012,0,0,38.2(-0.78 %),0,0,0,0,7671842,24.85
11/04/2012,0,0,38.6(1.05 %),0,0,0,0,7671842,24.85
12/04/2012,-56330,-2208589000,40.2(4.15 %),1500,60350000,57830,2268939000,7728172,24.67
13/04/2012,0,0,42(4.48 %),0,0,0,0,7728172,24.67
16/04/2012,0,0,42(0.00 %),0,0,0,0,7728172,40.76
17/04/2012,-330,-13860000,42(0.00 %),0,0,330,13860000,7728502,40.76
18/04/2012,20,840000,40(-4.76 %),20,840000,0,0,7728482,30.69
19/04/2012,0,0,38.3(0.79 %),0,0,0,0,7728482,30.69
20/04/2012,3610,137486000,38.3(0.00 %),3610,137486000,0,0,7724872,30.69
23/04/2012,3690,140477000,37.5(-2.09 %),3690,140477000,0,0,7721182,30.7
24/04/2012,1190,46309000,38(1.33 %),3540,133414000,2350,87105000,7719992,30.71
25/04/2012,3720,140850000,37.5(-1.32 %),3720,140850000,0,0,7716272,30.71
26/04/2012,4550,177564000,39.3(4.80 %),4550,177564000,0,0,7711722,30.73
27/04/2012,3530,138985000,39.2(-0.25 %),3560,140164000,30,1179000,7708192,30.73
02/05/2012,11100,440498000,40(2.04 %),11100,440498000,0,0,2380982,43.36
03/05/2012,11770,467752000,40.4(1.00 %),11770,467752000,0,0,2369212,43.39
04/05/2012,12740,524547000,41.8(3.47 %),12860,529388000,120,4841000,2356472,43.42
07/05/2012,10880,462600000,42.5(1.67 %),10880,462600000,0,0,2345592,43.44
08/05/2012,7040,294196000,41.6(-2.12 %),7040,294196000,0,0,2338552,43.46
09/05/2012,2000,82000000,41.9(0.72 %),3000,123000000,1000,41000000,2336552,43.46
10/05/2012,7320,293542000,40.4(-3.58 %),9500,383018000,2180,89476000,2329232,43.48
11/05/2012,2430,95539000,39.3(-2.72 %),2430,95539000,0,0,2326802,43.49
14/05/2012,1000,37700000,37.7(-4.07 %),1500,57000000,500,19300000,2325802,43.49
15/05/2012,8500,320550000,37.7(0.00 %),8500,320550000,0,0,2317302,43.51
16/05/2012,29460,1112108000,39.2(3.98 %),30460,1150108000,1000,38000000,2287842,43.58
17/05/2012,0,0,38(-3.06 %),0,0,0,0,2287842,43.58
18/05/2012,11620,442925000,38.3(0.79 %),11620,442925000,0,0,2276222,43.61
21/05/2012,0,0,40(4.44 %),0,0,0,0,2276222,43.61
22/05/2012,0,0,39(-2.50 %),0,0,0,0,2276222,43.61
23/05/2012,0,0,39.9(2.31 %),0,0,0,0,2276222,43.61
24/05/2012,0,0,39.9(0.00 %),0,0,0,0,2276222,43.61
25/05/2012,0,0,38.3(-4.01 %),0,0,0,0,2276222,43.61
28/05/2012,0,0,38.5(0.52 %),0,0,0,0,2276222,43.61
29/05/2012,0,0,38.5(0.00 %),0,0,0,0,2276222,43.61
30/05/2012,0,0,39.7(3.12 %),0,0,0,0,2276222,43.61
31/05/2012,0,0,39.7(0.00 %),0,0,0,0,2276222,43.61
01/06/2012,0,0,37.8(-4.79 %),0,0,0,0,2275252,43.61
04/06/2012,0,0,39.4(4.23 %),0,0,0,0,2275252,43.61
05/06/2012,0,0,39.4(0.00 %),0,0,0,0,2275252,43.61
06/06/2012,0,0,39.4(0.00 %),0,0,0,0,2275252,43.61
07/06/2012,0,0,38.9(-1.27 %),0,0,0,0,2275252,43.61
08/06/2012,0,0,38(-2.31 %),0,0,0,0,2275252,43.61
11/06/2012,0,0,37.5(-1.32 %),0,0,0,0,2275252,43.61
12/06/2012,0,0,37.3(-0.53 %),0,0,0,0,2275252,43.61
13/06/2012,0,0,37.4(0.27 %),0,0,0,0,2275252,43.61
14/06/2012,0,0,37.3(-0.27 %),0,0,0,0,2275252,43.61
15/06/2012,-1480,-54778000,36.7(-1.61 %),0,0,1480,54778000,2276732,43.6
18/06/2012,0,0,35.5(-3.27 %),0,0,0,0,2276732,43.6
19/06/2012,0,0,36.2(1.97 %),0,0,0,0,2276732,43.6
20/06/2012,0,0,36.2(0.00 %),0,0,0,0,2276732,43.6
21/06/2012,0,0,36(-0.55 %),0,0,0,0,2276732,43.6
22/06/2012,0,0,35.6(-1.11 %),0,0,0,0,2276732,43.6
25/06/2012,0,0,34.7(-2.53 %),0,0,0,0,2276732,43.6
26/06/2012,0,0,33.1(-4.61 %),0,0,0,0,2276732,43.6
27/06/2012,0,0,34.3(3.63 %),0,0,0,0,2276732,43.6
28/06/2012,0,0,32.8(-4.37 %),0,0,0,0,2276732,43.6
29/06/2012,0,0,33(0.61 %),0,0,0,0,2276732,43.6
02/07/2012,600,20160000,33.8(2.42 %),7480,252704000,6880,232544000,2269255,43.62
03/07/2012,0,0,33.8(0.00 %),0,0,0,0,2269255,43.62
04/07/2012,0,0,33.5(-0.89 %),0,0,0,0,2269255,43.62
05/07/2012,0,0,34(1.49 %),0,0,0,0,2269255,43.62
06/07/2012,0,0,33(-2.94 %),0,0,0,0,2269255,43.62
09/07/2012,100,3300000,34.4(4.24 %),100,3300000,0,0,2269155,43.62
10/07/2012,0,0,35(1.74 %),0,0,0,0,2269155,43.62
11/07/2012,0,0,35.1(0.29 %),0,0,0,0,2269155,43.62
12/07/2012,0,0,35.1(0.00 %),0,0,0,0,2269155,43.62
13/07/2012,0,0,35.1(0.00 %),0,0,0,0,2269155,43.62
16/07/2012,0,0,34.9(-0.57 %),0,0,0,0,2269155,43.62
17/07/2012,0,0,33.5(-4.01 %),0,0,0,0,2269155,43.62
18/07/2012,0,0,33.5(0.00 %),0,0,0,0,2269155,43.62
19/07/2012,0,0,34.9(4.18 %),0,0,0,0,2269155,43.62
20/07/2012,0,0,36(3.15 %),0,0,0,0,2269155,43.62
23/07/2012,0,0,34.2(-5.00 %),0,0,0,0,2269155,43.62
24/07/2012,0,0,35.2(2.92 %),0,0,0,0,2269155,43.62
25/07/2012,0,0,33.7(-4.26 %),0,0,0,0,2269155,43.62
26/07/2012,0,0,32.5(-3.56 %),0,0,0,0,2269155,43.62
27/07/2012,0,0,34.1(4.92 %),0,0,0,0,2269155,43.62
30/07/2012,0,0,33.8(-0.88 %),0,0,0,0,2269155,43.62
31/07/2012,0,0,34.9(3.25 %),0,0,0,0,2269155,43.62
01/08/2012,0,0,33.2(-4.87 %),0,0,0,0,2276041,43.61
02/08/2012,0,0,33.2(0.00 %),0,0,0,0,2276041,43.61
03/08/2012,0,0,33(-0.60 %),0,0,0,0,2276041,43.61
06/08/2012,0,0,32.5(-1.52 %),0,0,0,0,2276041,43.61
07/08/2012,0,0,32.5(0.00 %),0,0,0,0,2276041,43.61
08/08/2012,0,0,33.8(4.00 %),0,0,0,0,2276041,43.61
09/08/2012,0,0,34.5(2.07 %),0,0,0,0,2276041,43.61
10/08/2012,0,0,32.9(-4.64 %),0,0,0,0,2276041,43.61
13/08/2012,0,0,33(0.30 %),0,0,0,0,2276041,43.61
14/08/2012,6800,220850000,32.5(-1.52 %),6800,220850000,0,0,2269241,43.62
15/08/2012,0,0,32.6(0.31 %),0,0,0,0,2269241,43.62
16/08/2012,900,28800000,32.6(0.00 %),900,28800000,0,0,2268341,43.62
17/08/2012,0,0,32.5(-0.31 %),0,0,0,0,2268341,43.62
20/08/2012,0,0,32.1(-1.23 %),0,0,0,0,2268341,43.62
21/08/2012,3980,123570000,30.5(-4.98 %),3980,123570000,0,0,2264361,43.63
22/08/2012,0,0,30.5(0.00 %),0,0,0,0,2264361,43.63
23/08/2012,0,0,29(-4.92 %),0,0,0,0,2264361,43.63
24/08/2012,0,0,30.3(4.48 %),0,0,0,0,2264361,43.63
27/08/2012,0,0,30.3(0.00 %),0,0,0,0,2264361,43.63
28/08/2012,0,0,30.3(0.00 %),0,0,0,0,2264361,43.63
29/08/2012,0,0,30.3(0.00 %),0,0,0,0,2264361,43.63
30/08/2012,0,0,30.8(1.65 %),0,0,0,0,2264361,43.63
31/08/2012,0,0,31(0.65 %),0,0,0,0,2264361,43.63
04/09/2012,0,0,32(3.23 %),0,0,0,0,2264361,43.63
05/09/2012,4050,124000000,30.5(-4.69 %),4050,124000000,0,0,2260311,43.64
06/09/2012,0,0,30.5(0.00 %),0,0,0,0,2260311,43.64
07/09/2012,0,0,30.5(0.00 %),0,0,0,0,2260311,43.64
10/09/2012,0,0,29(-4.92 %),0,0,0,0,2260311,43.64
11/09/2012,0,0,29.3(1.03 %),0,0,0,0,2260311,43.64
12/09/2012,0,0,30(2.39 %),0,0,0,0,2260311,43.64
13/09/2012,0,0,30(0.00 %),0,0,0,0,2260311,43.64
14/09/2012,0,0,30(0.00 %),0,0,0,0,2260311,43.64
17/09/2012,0,0,30.8(2.67 %),0,0,0,0,2260311,43.64
18/09/2012,0,0,29.5(-4.22 %),0,0,0,0,2260311,43.64
19/09/2012,0,0,30(1.69 %),0,0,0,0,2260311,43.64
20/09/2012,0,0,30.5(1.67 %),0,0,0,0,2260311,43.64
21/09/2012,-4050,-120080000,29.6(-2.95 %),0,0,4050,120080000,2264361,43.63
24/09/2012,0,0,30(1.35 %),0,0,0,0,2264361,43.63
25/09/2012,0,0,30(0.00 %),0,0,0,0,2264361,43.63
26/09/2012,0,0,30(0.00 %),0,0,0,0,2264361,43.63
27/09/2012,0,0,30.3(1.00 %),0,0,0,0,2264361,43.63
28/09/2012,600,18180000,30(-0.99 %),600,18180000,0,0,2263761,43.64
01/10/2012,300,9000000,30(0.00 %),300,9000000,0,0,2263461,43.64
02/10/2012,0,0,30(0.00 %),0,0,0,0,2263461,43.64
03/10/2012,0,0,29.6(-1.33 %),0,0,0,0,2263461,43.64
04/10/2012,0,0,29.5(-0.34 %),0,0,0,0,2263461,43.64
05/10/2012,0,0,29.5(0.00 %),0,0,0,0,2263461,43.64
08/10/2012,-31700,-954186000,30(1.69 %),160,4800000,31860,958986000,2295161,43.56
09/10/2012,0,0,30(0.00 %),0,0,0,0,2295161,43.56
10/10/2012,-18300,-542255000,29(-3.33 %),6980,209295000,25280,751550000,2313461,43.52
11/10/2012,0,0,30(3.45 %),0,0,0,0,2313461,43.52
12/10/2012,0,0,30(0.00 %),0,0,0,0,2313461,43.52
15/10/2012,0,0,30(0.00 %),0,0,0,0,2313461,43.52
16/10/2012,0,0,29.8(-0.67 %),0,0,0,0,2313461,43.52
17/10/2012,-1100,-32780000,29.8(0.00 %),0,0,1100,32780000,2314561,43.52
18/10/2012,0,0,29.8(0.00 %),0,0,0,0,2314561,43.52
19/10/2012,0,0,29.7(-0.34 %),0,0,0,0,2314561,43.52
22/10/2012,0,0,29.9(0.67 %),0,0,0,0,2314561,43.52
23/10/2012,0,0,29.9(0.00 %),0,0,0,0,2314561,43.52
24/10/2012,0,0,28.6(-4.35 %),0,0,0,0,2314561,43.52
25/10/2012,0,0,29.8(4.20 %),0,0,0,0,2314561,43.52
26/10/2012,0,0,29.7(-0.34 %),0,0,0,0,2314561,24.57
29/10/2012,3500,104098000,29.8(0.34 %),3500,104098000,0,0,2311061,43.52
30/10/2012,-5000,-145000000,29.5(-1.01 %),0,0,5000,145000000,2316061,43.51
31/10/2012,0,0,29(-1.69 %),0,0,0,0,2316061,43.51
01/11/2012,0,0,29(0.00 %),0,0,0,0,2311061,43.52
02/11/2012,0,0,27.6(-4.83 %),0,0,0,0,2311061,43.52
05/11/2012,0,0,28.2(2.17 %),0,0,0,0,2311061,43.52
06/11/2012,0,0,28.5(1.06 %),0,0,0,0,2311061,43.52
07/11/2012,0,0,29.2(2.46 %),0,0,0,0,2311061,43.52
08/11/2012,0,0,29.2(0.00 %),0,0,0,0,2311061,43.52
09/11/2012,1070,31244000,29.2(0.00 %),3000,87407000,1930,56163000,2309991,43.53
12/11/2012,-840,-24444000,29.1(-0.34 %),0,0,840,24444000,2310831,43.52
13/11/2012,0,0,29.1(0.00 %),0,0,0,0,2310831,43.52
14/11/2012,0,0,29.1(0.00 %),0,0,0,0,2310831,43.52
15/11/2012,0,0,29.1(0.00 %),0,0,0,0,2310831,43.52
16/11/2012,-60,-1745000,29(-0.34 %),0,0,60,1745000,2310891,43.52
19/11/2012,0,0,29(0.00 %),0,0,0,0,2310891,43.52
20/11/2012,-500,-14500000,29(0.00 %),0,0,500,14500000,2311391,43.52
21/11/2012,0,0,29(0.00 %),0,0,0,0,2311391,43.52
22/11/2012,0,0,29(0.00 %),0,0,0,0,2311391,43.52
23/11/2012,-600,-17220000,28.7(-1.03 %),0,0,600,17220000,2311991,43.52
26/11/2012,0,0,28.9(0.70 %),0,0,0,0,2311991,43.52
27/11/2012,0,0,28.9(0.00 %),0,0,0,0,2311991,43.52
28/11/2012,0,0,28.9(0.00 %),0,0,0,0,2311991,43.52
29/11/2012,0,0,29.8(3.11 %),0,0,0,0,2311991,43.52
30/11/2012,0,0,29.8(0.00 %),0,0,0,0,2311991,43.52
03/12/2012,0,0,29.8(0.00 %),0,0,0,0,2316991,43.51
04/12/2012,0,0,29.8(0.00 %),0,0,0,0,2316991,43.51
05/12/2012,0,0,29.8(0.00 %),0,0,0,0,2316991,43.51
06/12/2012,0,0,28.6(-4.03 %),0,0,0,0,2316991,43.51
07/12/2012,0,0,29.8(4.20 %),0,0,0,0,2316991,43.51
10/12/2012,1500,44850000,29.9(0.34 %),1500,44850000,0,0,2315491,43.51
11/12/2012,0,0,29(-3.01 %),0,0,0,0,2315491,43.51
12/12/2012,0,0,29.2(0.69 %),0,0,0,0,2315491,43.51
13/12/2012,0,0,29.2(0.00 %),0,0,0,0,2315491,43.51
14/12/2012,980,28616000,29.3(0.34 %),980,28616000,0,0,2314511,43.52
17/12/2012,0,0,29.4(0.34 %),0,0,0,0,2314511,43.52
18/12/2012,0,0,29.5(0.34 %),0,0,0,0,2314511,43.52
19/12/2012,0,0,29(-1.69 %),0,0,0,0,2314511,43.52
20/12/2012,0,0,29.8(2.76 %),0,0,0,0,2314511,43.52
21/12/2012,0,0,29.8(0.00 %),0,0,0,0,2314511,43.52
24/12/2012,0,0,29.3(-1.68 %),0,0,0,0,2314511,43.52
25/12/2012,0,0,29.3(0.00 %),0,0,0,0,2314511,43.52
26/12/2012,0,0,29.4(0.34 %),0,0,0,0,2314511,43.52
27/12/2012,0,0,29.4(0.00 %),0,0,0,0,2314511,43.52
28/12/2012,0,0,29.7(1.02 %),0,0,0,0,2314511,43.52
02/01/2013,2250,67950000,30.2(1.68 %),2250,67950000,0,0,2312261,43.52
03/01/2013,6050,190475000,31.5(4.30 %),6050,190475000,0,0,2306211,43.54
04/01/2013,0,0,30.5(-3.17 %),0,0,0,0,2306211,43.54
07/01/2013,4010,125815000,31.4(2.95 %),4010,125815000,0,0,2302201,43.54
08/01/2013,400,12710000,31(-1.27 %),400,12710000,0,0,2301801,43.55
09/01/2013,490,15395000,31.5(1.61 %),490,15395000,0,0,2301311,43.55
10/01/2013,0,0,31.5(0.00 %),0,0,0,0,2301311,43.55
11/01/2013,310,10715000,32.4(2.86 %),550,17935000,240,7220000,2301001,43.55
14/01/2013,260,8060000,30(-4.46 %),260,8060000,0,0,2300741,43.55
15/01/2013,100,3050000,31(3.33 %),100,3050000,0,0,2300641,43.55
16/01/2013,0,0,31.4(1.29 %),0,0,0,0,2300641,43.55
17/01/2013,1300,40790000,31.5(0.32 %),1300,40790000,0,0,2299341,43.55
18/01/2013,0,0,31.5(0.00 %),0,0,0,0,2299341,43.55
21/01/2013,1100,34230000,31.3(-0.63 %),1100,34230000,0,0,2298241,43.55
22/01/2013,-1000,-29324000,30.9(-1.28 %),0,0,1000,29324000,2299241,43.55
23/01/2013,-520,-15051000,30.5(-1.29 %),0,0,520,15051000,2299761,43.55
24/01/2013,-480,-14160000,29.5(-3.28 %),0,0,480,14160000,2300241,43.55
25/01/2013,-1200,-35250000,30.5(3.39 %),0,0,1200,35250000,2301441,43.55
28/01/2013,110,3741000,29.2(-4.26 %),260,8213000,150,4472000,2301331,43.55
29/01/2013,0,0,30(2.74 %),0,0,0,0,2301331,43.55
30/01/2013,-3150,-92945000,30(0.00 %),0,0,3150,92945000,2304481,43.54
31/01/2013,-3000,-88503000,30.2(0.67 %),0,0,3000,88503000,2307481,43.53
01/02/2013,0,0,31.5(4.30 %),0,0,0,0,2301331,43.55
04/02/2013,0,0,32.1(1.90 %),0,0,0,0,2301331,43.55
05/02/2013,0,0,32(-0.31 %),0,0,0,0,2301331,43.55
06/02/2013,0,0,30(-6.25 %),0,0,0,0,2301331,43.55
07/02/2013,0,0,31.5(5.00 %),0,0,0,0,2301331,43.55
08/02/2013,-2260,-70060000,31.8(0.95 %),0,0,2260,70060000,2303591,43.54
18/02/2013,0,0,31.9(0.31 %),0,0,0,0,2303591,43.54
19/02/2013,0,0,32.3(1.25 %),0,0,0,0,2303591,43.54
20/02/2013,2940,95256000,32(-0.93 %),2940,95256000,0,0,2300651,43.55
21/02/2013,0,0,32(0.00 %),0,0,0,0,2300651,43.55
22/02/2013,-5040,-161080000,32(0.00 %),0,0,5040,161080000,2305691,43.54
25/02/2013,0,0,32.5(1.56 %),0,0,0,0,2305691,43.54
26/02/2013,0,0,31.8(-2.15 %),0,0,0,0,2305691,43.54
27/02/2013,22190,720277000,32.5(2.20 %),22190,720277000,0,0,2283501,43.59
28/02/2013,0,0,32.5(0.00 %),0,0,0,0,2283501,43.59
01/03/2013,0,0,32.5(0.00 %),0,0,0,0,2289651,43.57
04/03/2013,2100,68520000,32.5(0.00 %),2100,68520000,0,0,2287551,43.58
05/03/2013,16000,520000000,32.5(0.00 %),16000,520000000,0,0,2271551,43.62
06/03/2013,0,0,32.5(0.00 %),0,0,0,0,2271551,43.62
07/03/2013,0,0,32.2(-0.92 %),0,0,0,0,2271551,43.62
08/03/2013,50,1630000,30.7(-4.66 %),50,1630000,0,0,2271501,43.62
11/03/2013,100,3190000,31.8(3.58 %),100,3190000,0,0,2271401,43.62
12/03/2013,550,18125000,33.5(5.35 %),550,18125000,0,0,2270851,43.62
13/03/2013,90950,3251860000,35.8(6.87 %),279630,10006604000,188680,6754744000,2179901,43.83
14/03/2013,22130,839610000,38.2(6.70 %),47130,1777110000,25000,937500000,2157771,43.89
15/03/2013,23670,896860000,38.4(0.52 %),23670,896860000,0,0,2134101,43.94
18/03/2013,127790,4904841000,38.7(0.78 %),127790,4904841000,0,0,2006311,44.25
19/03/2013,0,0,37.3(-3.62 %),0,0,0,0,2006311,44.25
20/03/2013,0,0,36.2(-2.95 %),0,0,0,0,2006311,44.25
21/03/2013,0,0,37(2.21 %),0,0,0,0,2006311,44.25
22/03/2013,0,0,35.9(-2.97 %),0,0,0,0,2006311,44.25
25/03/2013,220,8095000,36.8(2.51 %),220,8095000,0,0,2006091,44.25
26/03/2013,60,2215000,36.9(0.27 %),60,2215000,0,0,2006031,44.25
27/03/2013,0,0,37(0.27 %),0,0,0,0,2006031,44.25
28/03/2013,-1000,-36800000,36.9(-0.27 %),0,0,1000,36800000,2007031,44.24
29/03/2013,0,0,37(0.27 %),0,0,0,0,2007031,44.24
01/04/2013,100,3630000,36.3(-1.89 %),100,3630000,0,0,2005931,44.25
02/04/2013,200,7340000,36.4(0.28 %),200,7340000,0,0,2005731,44.25
03/04/2013,0,234000,36(-1.10 %),1010,36795000,1010,36561000,2005731,44.25
04/04/2013,0,0,35.5(-1.39 %),0,0,0,0,2005731,44.25
05/04/2013,0,0,34.2(-3.66 %),0,0,0,0,2005731,44.25
08/04/2013,200,7100000,35(2.34 %),200,7100000,0,0,2005531,44.25
09/04/2013,0,0,36.2(3.43 %),0,0,0,0,2005531,44.25
10/04/2013,1680,60964000,36(-0.55 %),1680,60964000,0,0,2003851,44.25
11/04/2013,-7000,-251850000,35.9(-0.28 %),0,0,7000,251850000,2010851,44.23
12/04/2013,-240,-8640000,36(0.28 %),0,0,240,8640000,2011091,44.23
15/04/2013,0,0,35.8(-0.56 %),0,0,0,0,2011091,44.23
16/04/2013,0,0,35.8(0.00 %),0,0,0,0,2011091,44.23
17/04/2013,0,0,36(0.56 %),0,0,0,0,2011091,44.23
18/04/2013,0,0,36(0.00 %),0,0,0,0,2011091,44.23
22/04/2013,-60,-2058000,36(0.00 %),0,0,60,2058000,2011151,44.23
23/04/2013,0,0,35(-2.78 %),0,0,0,0,2011151,44.23
24/04/2013,100,3740000,36.8(5.14 %),100,3740000,0,0,2011051,44.23
25/04/2013,0,0,36.8(0.00 %),0,0,0,0,2011051,44.23
26/04/2013,0,0,34.8(-5.43 %),0,0,0,0,2011051,44.23
02/05/2013,0,0,36.4(4.60 %),0,0,0,0,2012051,44.23
03/05/2013,0,0,35.3(-3.02 %),0,0,0,0,2012051,44.23
06/05/2013,0,0,36.3(2.83 %),0,0,0,0,2012051,44.23
07/05/2013,0,0,36.4(0.28 %),0,0,0,0,2012051,44.23
08/05/2013,0,0,36.3(-0.27 %),0,0,0,0,2012051,44.23
09/05/2013,0,0,36.5(0.55 %),0,0,0,0,2012051,44.23
10/05/2013,0,0,36.5(0.00 %),0,0,0,0,2012051,44.23
13/05/2013,0,0,36.1(-1.10 %),0,0,0,0,2012051,44.23
14/05/2013,0,0,36.5(1.11 %),0,0,0,0,2012051,44.23
15/05/2013,0,0,36.5(0.00 %),0,0,0,0,2012051,44.23
16/05/2013,0,0,36.6(0.27 %),0,0,0,0,2012051,44.23
17/05/2013,0,0,36.1(-1.37 %),0,0,0,0,2012051,44.23
20/05/2013,0,0,36.5(1.11 %),0,0,0,0,2012051,44.23
21/05/2013,0,0,36.2(-0.82 %),0,0,0,0,2012051,44.23
22/05/2013,-27000,-909900000,36.4(0.55 %),0,0,27000,909900000,2039051,44.17
23/05/2013,10,362000,36.2(-0.55 %),10,362000,0,0,2039041,44.17
24/05/2013,7000,262500000,37.5(3.59 %),7000,262500000,0,0,2032041,44.18
27/05/2013,25000,980500000,40(6.67 %),25000,980500000,0,0,2007041,44.24
28/05/2013,38130,1683108000,40(0.00 %),67500,2862500000,29370,1179392000,1968911,44.33
29/05/2013,-38650,-1468378000,37.8(-5.50 %),1650,63842000,40300,1532220000,2007561,44.24
30/05/2013,0,0,37.2(1.09 %),0,0,0,0,2007561,44.24
31/05/2013,200,7900000,37.8(1.61 %),200,7900000,0,0,2007361,44.24
03/06/2013,-243830,-9210771000,37.7(-0.26 %),5000,189000000,248830,9399771000,1962061,44.35
04/06/2013,0,0,37.7(0.00 %),0,0,0,0,1962061,44.35
05/06/2013,3390,129193000,38(0.80 %),3390,129193000,0,0,1958671,44.36
06/06/2013,0,0,38.6(1.58 %),0,0,0,0,1958671,44.36
07/06/2013,1500,57750000,38(-1.55 %),1500,57750000,0,0,1957171,44.36
10/06/2013,250,9520000,38.8(2.11 %),250,9520000,0,0,1956921,44.36
11/06/2013,-50,-1820000,37(-4.64 %),0,0,50,1820000,1956971,44.36
12/06/2013,-770,-27250000,37(0.00 %),630,24550000,1400,51800000,1957741,44.36
13/06/2013,-1600,-59200000,37(0.00 %),0,0,1600,59200000,1959341,44.36
14/06/2013,0,0,37(0.00 %),0,0,0,0,1959341,44.36
17/06/2013,-1330,-49226000,37.8(2.16 %),0,0,1330,49226000,1960671,44.35
18/06/2013,0,0,37.1(-1.85 %),0,0,0,0,1960671,44.35
19/06/2013,0,0,37.1(0.00 %),0,0,0,0,1960671,44.35
20/06/2013,0,0,36.8(-0.81 %),0,0,0,0,1960671,44.35
21/06/2013,0,0,37(0.54 %),0,0,0,0,1960671,44.35
24/06/2013,-50,-1850000,37(0.00 %),0,0,50,1850000,1960721,44.35
25/06/2013,0,0,36(-2.70 %),0,0,0,0,1960721,44.35
26/06/2013,-48000,-1608000000,36.2(0.56 %),0,0,48000,1608000000,2008721,44.24
27/06/2013,-300,-9970000,35.2(-2.76 %),300,11150000,600,21120000,2009021,44.24
28/06/2013,0,0,36.9(4.83 %),0,0,0,0,2009021,44.24
01/07/2013,-100,-3570000,35.7(-3.25 %),0,0,100,3570000,2249554,43.67
02/07/2013,100,3800000,38(6.44 %),100,3800000,0,0,2249454,43.67
03/07/2013,50,1930000,37.8(-0.53 %),50,1930000,0,0,2249404,43.67
04/07/2013,0,0,37(-2.12 %),0,0,0,0,2249404,43.67
05/07/2013,0,0,37(0.00 %),0,0,0,0,2249404,43.67
08/07/2013,0,0,37(0.00 %),0,0,0,0,2249404,43.67
09/07/2013,-2100,-75700000,37(0.00 %),0,0,2100,75700000,2251504,43.66
10/07/2013,-1920,-69240000,37(0.00 %),100,3700000,2020,72940000,2253424,43.66
11/07/2013,0,0,37(0.00 %),0,0,0,0,2253424,43.66
12/07/2013,-12650,-455468000,36(-2.70 %),0,0,12650,455468000,2266074,43.63
15/07/2013,0,0,36(0.00 %),0,0,0,0,2266074,43.63
16/07/2013,100,3700000,37(2.78 %),100,3700000,0,0,2265974,43.63
17/07/2013,0,0,36(-2.70 %),0,0,0,0,2265974,43.63
18/07/2013,0,0,36.9(2.50 %),0,0,0,0,2265974,43.63
19/07/2013,40000,1475980000,36.9(0.00 %),40000,1475980000,0,0,2225974,43.73
22/07/2013,0,0,36(-2.44 %),0,0,0,0,2225974,43.73
23/07/2013,2040,75494000,37.5(4.17 %),2040,75494000,0,0,2223934,43.73
24/07/2013,0,0,37.5(0.00 %),0,0,0,0,2223934,43.73
25/07/2013,970,36137000,37.4(-0.27 %),970,36137000,0,0,2222964,43.73
26/07/2013,0,0,37.4(0.00 %),0,0,0,0,2222964,43.73
29/07/2013,0,0,37.4(0.00 %),0,0,0,0,2222964,43.73
30/07/2013,0,0,37.3(-0.27 %),0,0,0,0,2222964,43.73
31/07/2013,0,0,37.2(-0.27 %),0,0,0,0,2222964,43.73
01/08/2013,0,0,37(-0.54 %),0,0,0,0,2271664,43.62
02/08/2013,-10000,-363220000,36.2(-2.16 %),2000,72400000,12000,435620000,2281664,43.59
05/08/2013,-20000,-674030000,37(2.21 %),7000,250900000,27000,924930000,2301664,43.55
06/08/2013,0,0,37.8(2.16 %),0,0,0,0,2301664,43.55
07/08/2013,90,3380000,38(0.53 %),90,3380000,0,0,2301574,43.55
08/08/2013,-2010,-74378000,37.8(-0.53 %),0,0,2010,74378000,2303584,43.54
09/08/2013,16900,625300000,37.4(-1.06 %),19090,706330000,2190,81030000,2286684,43.58
12/08/2013,-5090,-183224000,37.9(1.34 %),0,0,5090,183224000,2291774,43.57
13/08/2013,-5000,-179000000,35.8(-5.54 %),0,0,5000,179000000,2296774,43.56
14/08/2013,-25000,-846954000,35(-2.23 %),0,0,25000,846954000,2321774,43.5
15/08/2013,0,0,35(0.00 %),0,0,0,0,2321774,43.5
16/08/2013,0,0,37(5.71 %),0,0,0,0,2321774,43.5
19/08/2013,180,6689000,36.2(-2.16 %),210,7775000,30,1086000,2321594,43.5
20/08/2013,-3400,-123300000,36.2(0.00 %),100,3700000,3500,127000000,2324994,43.49
21/08/2013,0,0,36.3(0.28 %),0,0,0,0,2324994,43.49
22/08/2013,2400,87320000,36.4(0.28 %),2400,87320000,0,0,2322594,43.5
23/08/2013,0,0,36.5(0.27 %),1080,39312000,1080,39312000,2322594,43.5
26/08/2013,-1080,-38877000,36.1(-1.10 %),4020,144922000,5100,183799000,2323674,43.49
27/08/2013,14530,532887000,36.7(1.66 %),14530,532887000,0,0,2309144,43.53
28/08/2013,-5600,-202320000,36.2(-1.36 %),0,0,5600,202320000,2314744,43.51
29/08/2013,0,0,35(-3.31 %),0,0,0,0,2314744,43.51
30/08/2013,0,0,35(0.00 %),0,0,0,0,2314744,43.51
03/09/2013,0,319000,37(5.71 %),100,3619000,100,3300000,2309044,43.53
04/09/2013,-10,-345000,37(0.00 %),6000,210000000,6010,210345000,2309054,43.53
05/09/2013,0,0,34.7(-6.22 %),0,0,0,0,2309054,43.53
06/09/2013,-13210,-435143000,35(0.86 %),6100,207400000,19310,642543000,2322264,43.5
09/09/2013,0,0,34(-2.86 %),0,0,0,0,2322264,43.5
10/09/2013,0,0,36.3(6.76 %),0,0,0,0,2322264,43.5
11/09/2013,0,0,37.3(2.75 %),0,0,0,0,2322264,43.5
12/09/2013,0,0,37.3(0.00 %),0,0,0,0,2322264,43.5
13/09/2013,0,0,37.3(0.00 %),0,0,0,0,2322264,43.5
16/09/2013,160,5728000,35.8(-4.02 %),5260,188308000,5100,182580000,2322104,43.5
17/09/2013,0,0,35.8(0.00 %),0,0,0,0,2322104,43.5
18/09/2013,0,0,35.8(0.00 %),0,0,0,0,2322104,43.5
19/09/2013,0,0,35.8(0.00 %),0,0,0,0,2322104,43.5
20/09/2013,0,0,35.8(0.00 %),0,0,0,0,2322104,43.5
23/09/2013,10,355000,35.5(-0.84 %),10,355000,0,0,2322094,43.5
24/09/2013,0,0,35.5(0.00 %),0,0,0,0,2322094,43.5
25/09/2013,10,355000,36(1.41 %),10,355000,0,0,2322084,43.5
26/09/2013,0,0,37.5(4.17 %),0,0,0,0,2322084,43.5
27/09/2013,0,0,37(-1.33 %),0,0,0,0,2322084,43.5
30/09/2013,0,0,37.5(1.35 %),0,0,0,0,2322084,43.5
01/10/2013,0,0,37.5(0.00 %),0,0,0,0,2327784,43.48
02/10/2013,34830,1323290000,38(1.33 %),34830,1323290000,0,0,2292954,43.57
03/10/2013,49970,1929730000,40.3(6.05 %),49970,1929730000,0,0,2242984,43.68
04/10/2013,0,0,41.2(2.23 %),0,0,0,0,2242984,43.68
07/10/2013,28200,1182432000,43(4.37 %),28200,1182432000,0,0,2214784,43.75
08/10/2013,63000,2703000000,42.3(-1.63 %),92000,3950000000,29000,1247000000,2151784,43.9
09/10/2013,0,0,42(-0.71 %),0,0,0,0,2151784,43.9
10/10/2013,0,0,42.5(1.19 %),0,0,0,0,2151784,43.9
11/10/2013,0,0,42.3(-0.47 %),0,0,0,0,2151784,43.9
14/10/2013,-100,-4160000,42.4(0.24 %),0,0,100,4160000,2151884,43.9
15/10/2013,-100,-4200000,42.3(-0.24 %),0,0,100,4200000,2151984,43.9
16/10/2013,0,0,45.1(6.62 %),0,0,0,0,2151984,43.9
17/10/2013,0,0,44.7(-0.89 %),0,0,0,0,2151984,43.9
18/10/2013,0,0,45(0.67 %),0,0,0,0,2151984,43.9
21/10/2013,-1000,-45000000,43.8(-2.67 %),0,0,1000,45000000,2152984,43.9
22/10/2013,6600,287100000,44.4(1.37 %),6600,287100000,0,0,2146384,43.91
23/10/2013,9600,417600000,43(-3.15 %),9600,417600000,0,0,2136784,43.94
24/10/2013,0,0,43.8(1.86 %),0,0,0,0,2136784,43.94
25/10/2013,10000,420000000,42.9(-2.05 %),10000,420000000,0,0,2126784,43.96
28/10/2013,0,0,42(-2.10 %),0,0,0,0,2126784,43.96
29/10/2013,0,0,42.7(1.67 %),0,0,0,0,2126784,43.96
30/10/2013,0,0,42.7(0.00 %),0,0,0,0,2126784,43.96
31/10/2013,0,0,42.7(0.00 %),0,0,0,0,2126784,43.96
01/11/2013,0,0,42.5(-0.47 %),0,0,0,0,2126784,43.96
04/11/2013,0,0,43(1.18 %),0,0,0,0,2126784,43.96
05/11/2013,21200,921957000,44.1(2.56 %),21200,921957000,0,0,2105584,44.01
06/11/2013,19630,863720000,44(-0.23 %),19630,863720000,0,0,2085954,44.06
07/11/2013,9020,396880000,44(0.00 %),9020,396880000,0,0,2076934,44.08
08/11/2013,14900,655600000,44(0.00 %),14900,655600000,0,0,2062034,44.11
11/11/2013,28060,1249140000,45.4(3.18 %),28060,1249140000,0,0,2033974,44.18
12/11/2013,10070,450577000,45(-0.88 %),10070,450577000,0,0,2023904,44.2
13/11/2013,1210,53390000,45(0.00 %),1210,53390000,0,0,2022694,44.21
14/11/2013,22900,1027710000,45.1(0.22 %),22900,1027710000,0,0,1999794,44.26
15/11/2013,15000,675000000,45.5(0.89 %),15000,675000000,0,0,1984794,44.3
18/11/2013,10100,459550000,46(1.10 %),10100,459550000,0,0,1974694,44.32
19/11/2013,16000,733900000,46.4(0.87 %),16000,733900000,0,0,1958694,44.36
20/11/2013,22690,1048416000,46.4(0.00 %),22690,1048416000,0,0,1936004,44.41
21/11/2013,100,4640000,46.4(0.00 %),100,4640000,0,0,1935904,44.41
22/11/2013,0,0,45.9(-1.08 %),0,0,0,0,1935904,44.41
25/11/2013,0,0,45.3(-1.31 %),0,0,0,0,1935904,44.41
26/11/2013,0,0,45.4(0.22 %),0,0,0,0,1935904,44.41
27/11/2013,25930,1162125000,44.7(-1.54 %),25930,1162125000,0,0,1909974,44.47
28/11/2013,8000,360000000,45(0.67 %),8000,360000000,0,0,1901974,44.49
29/11/2013,32670,1470750000,45.3(0.67 %),32670,1470750000,0,0,1869304,44.57
02/12/2013,1200,54360000,45.2(-0.22 %),1200,54360000,0,0,1868104,44.57
03/12/2013,3210,144192000,45.2(0.00 %),3210,144192000,0,0,1864894,44.58
04/12/2013,33010,1514751000,45.9(1.55 %),33010,1514751000,0,0,1831884,44.66
05/12/2013,0,0,46.5(1.31 %),0,0,0,0,1831884,44.66
06/12/2013,700,32530000,46.5(0.00 %),700,32530000,0,0,1831184,44.66
09/12/2013,0,0,46.3(-0.43 %),0,0,0,0,1831184,44.66
10/12/2013,0,0,45.5(-1.73 %),0,0,0,0,1831184,44.66
11/12/2013,0,0,45(-1.10 %),0,0,0,0,1831184,44.66
12/12/2013,0,0,45.5(1.11 %),0,0,0,0,1831184,44.66
13/12/2013,28500,1308550000,45.9(0.88 %),28500,1308550000,0,0,1802684,44.73
16/12/2013,0,0,45.7(-0.44 %),0,0,0,0,1802684,44.73
17/12/2013,0,0,46.9(2.63 %),0,0,0,0,1802684,44.73
18/12/2013,14540,683426000,47.9(2.13 %),14540,683426000,0,0,1788144,44.76
19/12/2013,3450,166209000,48.4(1.04 %),3500,168600000,50,2391000,1784694,44.77
20/12/2013,21300,1021930000,48(-0.83 %),21300,1021930000,0,0,1763394,44.82
23/12/2013,2000,96800000,48.3(0.62 %),2000,96800000,0,0,1761394,44.83
24/12/2013,7880,378240000,48.2(-0.21 %),7880,378240000,0,0,1753514,44.84
25/12/2013,0,0,48.3(0.21 %),0,0,0,0,1753514,44.84
26/12/2013,0,0,49.4(2.28 %),0,0,0,0,1753514,44.84
27/12/2013,5500,275300000,49.9(1.01 %),5500,275300000,0,0,1748014,44.86
30/12/2013,0,0,49.9(0.00 %),0,0,0,0,1748014,44.86
31/12/2013,0,0,50.5(1.20 %),0,0,0,0,1748014,44.86
02/01/2014,0,0,51(0.99 %),0,0,0,0,1748014,44.86
03/01/2014,200,10200000,54.5(6.86 %),200,10200000,0,0,1747814,44.86
06/01/2014,-16900,-946265000,56(2.75 %),1000,57000000,17900,1003265000,1764714,44.82
07/01/2014,-2000,-112000000,55.5(-0.89 %),0,0,2000,112000000,1766714,44.81
08/01/2014,15000,835200000,55.5(0.00 %),30000,1667700000,15000,832500000,1751714,44.85
09/01/2014,11970,661980000,55.5(0.00 %),21100,1169130000,9130,507150000,1739744,44.88
10/01/2014,18600,1030050000,55.5(0.00 %),18600,1030050000,0,0,1721144,44.92
13/01/2014,32210,1805660000,57(2.70 %),32210,1805660000,0,0,1688934,45.0
14/01/2014,37820,2187760000,59(3.51 %),37820,2187760000,0,0,1651114,45.09
15/01/2014,1500,91500000,59(0.00 %),1500,91500000,0,0,1649614,45.09
16/01/2014,61870,3754150000,62(5.08 %),61870,3754150000,0,0,1587744,45.24
17/01/2014,23000,1426100000,62.5(0.81 %),23000,1426100000,0,0,1564744,45.29
20/01/2014,60970,3741510000,62.5(0.00 %),67290,4130190000,6320,388680000,1503774,45.44
21/01/2014,2450,152475000,62.5(0.00 %),11400,703800000,8950,551325000,1501324,45.44
22/01/2014,16400,997400000,60.5(-3.20 %),19000,1156000000,2600,158600000,1484924,45.48
23/01/2014,33610,2076290000,62.5(3.31 %),33610,2076290000,0,0,1451314,45.56
24/01/2014,105160,6628080000,63(0.80 %),105160,6628080000,0,0,1346154,45.81
27/01/2014,26080,1678080000,66(4.76 %),26080,1678080000,0,0,1320074,45.87
06/02/2014,25980,1792630000,69.5(5.30 %),25980,1792630000,0,0,1294094,45.93
07/02/2014,33150,2316375000,69.5(0.00 %),33150,2316375000,0,0,1260944,46.01
10/02/2014,0,0,69.5(0.00 %),0,0,0,0,1260944,46.01
11/02/2014,2000,134000000,66.5(-4.32 %),2000,134000000,0,0,1258944,46.02
12/02/2014,35000,2325500000,68(2.26 %),35000,2325500000,0,0,1223944,46.1
13/02/2014,9500,628500000,64(-5.88 %),9500,628500000,0,0,1214444,46.12
14/02/2014,31600,2086730000,66.5(3.91 %),31600,2086730000,0,0,1182844,46.2
17/02/2014,14350,952125000,65(-2.26 %),14350,952125000,0,0,1168494,46.23
18/02/2014,29850,1938325000,65(0.00 %),30000,1948000000,150,9675000,1138644,46.3
19/02/2014,0,0,64(-1.54 %),0,0,0,0,1138644,46.3
20/02/2014,33420,2154660000,64(0.00 %),47860,3087020000,14440,932360000,1105224,46.38
21/02/2014,0,0,64(1.59 %),0,0,0,0,1105224,46.38
24/02/2014,6240,405360000,64(0.00 %),8000,518500000,1760,113140000,1098984,46.4
25/02/2014,0,0,63(-1.56 %),0,0,0,0,1098984,46.4
26/02/2014,250,15750000,63(0.00 %),250,15750000,0,0,1098734,46.4
27/02/2014,30000,1889000000,62.5(-0.79 %),30000,1889000000,0,0,1068734,46.47
28/02/2014,0,0,63(0.80 %),0,0,0,0,1068734,46.47
03/03/2014,30050,1874140000,63(0.00 %),30050,1874140000,0,0,1040730,46.53
04/03/2014,0,0,61(-3.17 %),0,0,0,0,1040730,46.53
05/03/2014,24000,1488000000,62(1.64 %),24000,1488000000,0,0,1016730,46.59
06/03/2014,30700,1918400000,63(1.61 %),30700,1918400000,0,0,986030,46.66
07/03/2014,65580,4101250000,63.5(0.79 %),65580,4101250000,0,0,920450,46.82
10/03/2014,30000,1920965000,67.5(6.30 %),30000,1920965000,0,0,890450,46.89
11/03/2014,7410,501915000,67.5(0.00 %),7410,501915000,0,0,883040,46.91
12/03/2014,2000,135550000,67.5(0.00 %),2000,135550000,0,0,881040,46.91
13/03/2014,200,13300000,66.5(-1.48 %),200,13300000,0,0,880840,46.91
14/03/2014,38000,2510100000,66(-0.75 %),38000,2510100000,0,0,842840,47.0
17/03/2014,-600,-37600000,64(-3.03 %),1000,64000000,1600,101600000,843440,47.0
18/03/2014,42000,2716500000,65(1.56 %),45000,2909500000,3000,193000000,801440,47.1
19/03/2014,118380,7823185000,68(4.62 %),119380,7888685000,1000,65500000,683060,47.38
20/03/2014,83000,5495500000,66(-2.94 %),83000,5495500000,0,0,600060,47.58
21/03/2014,71280,4732580000,66(0.00 %),71330,4735930000,50,3350000,528780,47.75
24/03/2014,73760,4867960000,66(0.00 %),73760,4867960000,0,0,455020,47.92
25/03/2014,68610,4556505000,66.5(0.76 %),68610,4556505000,0,0,386410,48.08
26/03/2014,384320,25579665000,66.5(0.00 %),384320,25579665000,0,0,2090,49.0
27/03/2014,50,3200000,66(-0.75 %),50,3200000,0,0,2040,49.0
28/03/2014,0,0,64(-3.03 %),0,0,0,0,2040,49.0
31/03/2014,-830,-52290000,63(-1.56 %),0,0,830,52290000,2870,48.99
01/04/2014,0,0,64(1.59 %),0,0,0,0,2870,48.99
02/04/2014,0,0,62(-3.12 %),0,0,0,0,2870,48.99
03/04/2014,0,0,63(1.61 %),0,0,0,0,2870,48.99
04/04/2014,500,31750000,65(3.17 %),500,31750000,0,0,2370,48.99
07/04/2014,330,21450000,65(0.00 %),330,21450000,0,0,2040,49.0
08/04/2014,0,0,66(1.54 %),0,0,0,0,2040,49.0
10/04/2014,-1000,-67500000,67.5(2.27 %),0,0,1000,67500000,3040,48.99
11/04/2014,0,0,68(0.74 %),0,0,0,0,3040,48.99
14/04/2014,0,0,67.5(-0.74 %),0,0,0,0,3040,48.99
15/04/2014,0,0,67(-0.74 %),0,0,0,0,3040,48.99
16/04/2014,1000,67000000,66.5(-0.75 %),1000,67000000,0,0,2040,49.0
17/04/2014,0,0,64(-3.76 %),0,0,0,0,2040,49.0
18/04/2014,-150,-9375000,63(-1.56 %),0,0,150,9375000,2190,48.99
21/04/2014,0,0,62.5(-0.79 %),0,0,0,0,2190,48.99
22/04/2014,0,0,62.5(0.00 %),0,0,0,0,2190,48.99
23/04/2014,0,0,63(0.80 %),0,0,0,0,2190,48.99
24/04/2014,150,9450000,63(0.00 %),150,9450000,0,0,2040,49.0
25/04/2014,0,0,63(0.00 %),0,0,0,0,2040,49.0
28/04/2014,0,0,61.5(-2.38 %),0,0,0,0,2040,49.0
29/04/2014,0,0,62(0.81 %),0,0,0,0,2040,49.0
05/05/2014,0,0,60(-3.23 %),0,0,0,0,3,49.0
06/05/2014,-720,-41050000,58(-3.33 %),0,0,720,41050000,723,49.0
07/05/2014,0,0,59(1.72 %),0,0,0,0,723,49.0
08/05/2014,0,0,55(-6.78 %),0,0,0,0,723,49.0
09/05/2014,0,0,58(5.45 %),0,0,0,0,723,49.0
12/05/2014,720,41760000,55(-5.17 %),720,41760000,0,0,3,49.0
13/05/2014,-2000,-110000000,55(0.00 %),0,0,2000,110000000,2003,49.0
14/05/2014,0,0,57.5(4.55 %),0,0,0,0,2003,49.0
15/05/2014,0,0,57(-0.87 %),0,0,0,0,2003,49.0
16/05/2014,-4000,-228000000,57(0.00 %),0,0,4000,228000000,6003,48.99
19/05/2014,-1030,-58710000,56.5(-0.88 %),2000,113050000,3030,171760000,7033,48.98
20/05/2014,0,0,57.5(1.77 %),0,0,0,0,7033,48.98
21/05/2014,-4000,-228585000,57.5(0.00 %),0,0,4000,228585000,11033,48.97
22/05/2014,1000,61500000,57.5(0.00 %),4000,230000000,3000,168500000,10033,48.98
23/05/2014,3030,177255000,58.5(1.74 %),37000,2266410000,33970,2089155000,7003,48.98
26/05/2014,0,0,58.5(0.00 %),0,0,0,0,7003,48.98
27/05/2014,4000,244000000,61(4.27 %),4000,244000000,0,0,3003,48.99
28/05/2014,3000,186000000,61(0.00 %),3000,186000000,0,0,3,49.0
29/05/2014,0,0,61.5(0.82 %),0,0,0,0,3,49.0
30/05/2014,0,0,62(0.81 %),0,0,0,0,3,49.0
02/06/2014,0,0,61.5(-0.81 %),0,0,0,0,6,49.0
03/06/2014,0,0,61.5(0.00 %),0,0,0,0,6,49.0
04/06/2014,0,0,59.5(-3.25 %),0,0,0,0,6,49.0
05/06/2014,0,0,61.5(3.36 %),0,0,0,0,6,49.0
06/06/2014,0,0,61.5(0.00 %),0,0,0,0,6,49.0
09/06/2014,0,0,61.5(0.00 %),0,0,0,0,6,49.0
10/06/2014,0,0,61.5(0.00 %),0,0,0,0,6,49.0
11/06/2014,0,0,61.5(0.00 %),0,0,0,0,6,49.0
12/06/2014,0,0,61.5(0.00 %),0,0,0,0,6,49.0
13/06/2014,0,0,61.5(0.00 %),0,0,0,0,6,49.0
16/06/2014,0,0,61(-0.81 %),0,0,0,0,6,49.0
17/06/2014,0,0,64.5(5.74 %),0,0,0,0,6,49.0
18/06/2014,0,0,62(-3.88 %),0,0,0,0,6,49.0
19/06/2014,0,0,61(-1.61 %),0,0,0,0,6,49.0
20/06/2014,-100,-6300000,61.5(0.82 %),0,0,100,6300000,106,49.0
23/06/2014,-3000,-186000000,62(0.81 %),0,0,3000,186000000,3106,48.99
24/06/2014,-1000,-63000000,63(1.61 %),0,0,1000,63000000,4106,48.99
25/06/2014,0,0,64(3.23 %),0,0,0,0,4106,48.99
26/06/2014,-1910,-118925000,62.5(-2.34 %),100,6250000,2010,125175000,6016,48.99
27/06/2014,0,0,62.5(0.00 %),0,0,0,0,6016,48.99
30/06/2014,2010,125610000,61.5(-1.60 %),24000,1580980000,21990,1455370000,4006,48.99
01/07/2014,0,0,63(2.44 %),0,0,0,0,6,49.0
02/07/2014,2010,126630000,63.5(0.79 %),2010,126630000,0,0,0,49.0
03/07/2014,0,0,63.5(0.00 %),0,0,0,0,6,49.0
04/07/2014,0,0,62(-2.36 %),0,0,0,0,6,49.0
07/07/2014,1990,125370000,63(1.61 %),1990,125370000,0,0,0,49.0
08/07/2014,0,0,62(-1.59 %),0,0,0,0,6,49.0
09/07/2014,0,0,63(1.61 %),0,0,0,0,6,49.0
10/07/2014,0,0,62.5(-0.79 %),0,0,0,0,6,49.0
11/07/2014,0,0,62.5(0.00 %),0,0,0,0,0,0.0
14/07/2014,0,0,62.5(0.00 %),0,0,0,0,6,49.0
15/07/2014,0,0,62(-0.80 %),0,0,0,0,6,49.0
16/07/2014,0,0,62.5(0.81 %),0,0,0,0,0,0.0
17/07/2014,0,0,62.5(0.00 %),0,0,0,0,6,49.0
18/07/2014,0,0,62.5(0.00 %),0,0,0,0,6,49.0
21/07/2014,0,0,61.5(-1.60 %),0,0,0,0,6,49.0
22/07/2014,0,0,62.5(1.63 %),0,0,0,0,0,0.0
23/07/2014,0,0,62.5(0.00 %),0,0,0,0,6,49.0
24/07/2014,0,0,62.5(0.00 %),0,0,0,0,0,0.0
25/07/2014,0,0,62.5(0.00 %),0,0,0,0,0,0.0
28/07/2014,0,0,62.5(0.00 %),0,0,0,0,0,0.0
29/07/2014,0,0,62.5(0.00 %),0,0,0,0,0,0.0
30/07/2014,0,0,62.5(0.00 %),0,0,0,0,0,0.0
31/07/2014,0,0,62.5(0.00 %),0,0,0,0,0,0.0
01/08/2014,0,0,61(-2.40 %),0,0,0,0,0,0.0
04/08/2014,0,0,61(0.00 %),0,0,0,0,0,0.0
05/08/2014,0,0,62(1.64 %),0,0,0,0,0,0.0
06/08/2014,0,0,61(-1.61 %),0,0,0,0,6,49.0
07/08/2014,0,0,61(0.00 %),0,0,0,0,6,49.0
08/08/2014,0,0,61.5(0.82 %),0,0,0,0,0,0.0
11/08/2014,0,0,61.5(0.00 %),0,0,0,0,0,0.0
12/08/2014,0,0,61(-0.81 %),0,0,0,0,0,0.0
13/08/2014,0,0,60.5(-0.82 %),0,0,0,0,0,0.0
14/08/2014,0,0,61(0.83 %),0,0,0,0,6,49.0
15/08/2014,0,0,60.5(-0.82 %),0,0,0,0,6,49.0
18/08/2014,0,0,60(-0.83 %),0,0,0,0,0,0.0
19/08/2014,0,0,61(1.67 %),0,0,0,0,0,0.0
20/08/2014,0,0,60(-1.64 %),0,0,0,0,0,0.0
21/08/2014,0,0,59.5(-0.83 %),0,0,0,0,0,0.0
22/08/2014,0,0,61.5(3.36 %),0,0,0,0,6,49.0
25/08/2014,0,0,61(-0.81 %),0,0,0,0,6,49.0
26/08/2014,0,0,61(0.00 %),0,0,0,0,6,49.0
27/08/2014,-3500,-213500000,61(0.00 %),0,0,3500,213500000,6,49.0
28/08/2014,0,0,62(1.64 %),0,0,0,0,6,49.0
29/08/2014,0,0,62(0.00 %),0,0,0,0,0,0.0
03/09/2014,-3000,-181500000,61.5(-0.81 %),0,0,3000,181500000,6,49.0
04/09/2014,-2300,-139150000,61.5(0.00 %),0,0,2300,139150000,3506,0.0
05/09/2014,3500,215250000,61.5(0.00 %),3500,215250000,0,0,0,0.0
08/09/2014,0,0,61.5(0.00 %),0,0,0,0,6,49.0
09/09/2014,-1800,-109750000,61.5(0.00 %),200,12250000,2000,122000000,3006,48.99
10/09/2014,5100,318750000,61.5(0.00 %),5100,318750000,0,0,0,0.0
11/09/2014,0,0,62(0.81 %),0,0,0,0,12,0.0
12/09/2014,-500,-32750000,65.5(5.65 %),0,0,500,32750000,12,0.0
15/09/2014,-8000,-500000000,62.5(-4.58 %),1854173,129792110000,1862173,130292110000,2012,49.0
16/09/2014,0,0,62.5(0.00 %),0,0,0,0,2012,0.0
17/09/2014,0,0,62.5(0.00 %),0,0,0,0,2012,0.0
18/09/2014,320,20000000,62.5(0.00 %),320,20000000,0,0,2192,0.0
19/09/2014,10190,652160000,63(0.80 %),10190,652160000,0,0,0,0.0
22/09/2014,-5500,-357500000,65(3.17 %),0,0,5500,357500000,0,0.0
23/09/2014,-1310,-84460000,64(-1.54 %),158580,11021310000,159890,11105770000,0,0.0
24/09/2014,0,0,65(1.56 %),0,0,0,0,2,49.0
25/09/2014,0,0,65(0.00 %),0,0,0,0,2,49.0
26/09/2014,5000,330000000,66(1.54 %),5500,363000000,500,33000000,0,49.01
29/09/2014,1310,87115000,66(0.00 %),1310,87115000,0,0,0,0.0
30/09/2014,0,0,66(0.00 %),0,0,0,0,2,0.0
01/10/2014,0,0,65.5(-0.76 %),0,0,0,0,2,0.0
02/10/2014,300,19650000,63(-3.82 %),500,32750000,200,13100000,2,0.0
03/10/2014,0,0,63.5(0.79 %),0,0,0,0,0,0.0
06/10/2014,0,0,63.5(0.00 %),0,0,0,0,0,0.0
07/10/2014,0,0,63(-0.79 %),0,0,0,0,0,0.0
08/10/2014,200,12600000,63.5(0.79 %),200,12600000,0,0,0,0.0
09/10/2014,0,0,62.5(-1.57 %),0,0,0,0,0,0.0
10/10/2014,-3000,-184500000,61.5(-1.60 %),0,0,3000,184500000,0,0.0
13/10/2014,0,0,61.5(0.00 %),0,0,0,0,2,49.0
14/10/2014,0,0,62.5(1.63 %),0,0,0,0,2,49.0
15/10/2014,0,0,62(-0.80 %),0,0,0,0,2,49.0
16/10/2014,3000,187500000,61(-1.61 %),3000,187500000,0,0,0,49.01
17/10/2014,0,0,60.5(-0.82 %),0,0,0,0,2,49.0
20/10/2014,0,0,60.5(0.00 %),0,0,0,0,2,49.0
21/10/2014,0,0,62(2.48 %),0,0,0,0,2,49.0
22/10/2014,0,0,61.5(-0.81 %),0,0,0,0,2,49.0
23/10/2014,0,0,62(0.81 %),0,0,0,0,2,49.0
24/10/2014,0,0,61(-1.61 %),0,0,0,0,2,49.0
27/10/2014,0,0,61(0.00 %),0,0,0,0,2,49.0
29/10/2014,0,0,60(0.00 %),0,0,0,0,2,49.0
30/10/2014,0,0,61(1.67 %),0,0,0,0,2,49.0
31/10/2014,0,0,60.5(-0.82 %),0,0,0,0,2,49.0
03/11/2014,0,0,61(0.83 %),0,0,0,0,2,49.0
04/11/2014,0,0,60(-1.64 %),0,0,0,0,2,49.0
05/11/2014,0,0,61(1.67 %),0,0,0,0,2,49.0
06/11/2014,0,0,61(0.00 %),0,0,0,0,2,49.0
07/11/2014,0,0,61.5(0.82 %),0,0,0,0,2,49.0
10/11/2014,-1510,-90600000,60(-2.44 %),95000,6222500000,96510,6313100000,1512,49.0
11/11/2014,0,0,61(1.67 %),0,0,0,0,1512,49.0
12/11/2014,0,0,62(1.64 %),0,0,0,0,1512,49.0
13/11/2014,0,0,62(0.00 %),0,0,0,0,1512,49.0
14/11/2014,1510,94375000,62.5(0.81 %),1510,94375000,0,0,2,49.0
17/11/2014,0,0,62(-0.80 %),0,0,0,0,2,49.0
18/11/2014,0,0,62.5(0.81 %),0,0,0,0,2,49.0
19/11/2014,0,0,62(-0.80 %),0,0,0,0,2,49.0
20/11/2014,0,0,60(-3.23 %),0,0,0,0,2,0.0
21/11/2014,0,0,60(0.00 %),0,0,0,0,2,0.0
24/11/2014,0,0,59(-1.67 %),0,0,0,0,2,0.0
25/11/2014,0,0,60.5(2.54 %),0,0,0,0,2,0.0
26/11/2014,0,0,61(0.83 %),0,0,0,0,2,0.0
27/11/2014,0,0,61(0.00 %),0,0,0,0,2,0.0
28/11/2014,0,0,61(0.00 %),0,0,0,0,2,0.0
01/12/2014,0,0,62(1.64 %),0,0,0,0,2,0.0
02/12/2014,0,0,60.5(-2.42 %),0,0,0,0,2,0.0
03/12/2014,0,0,60(-0.83 %),0,0,0,0,2,0.0
04/12/2014,-2940,-176400000,60(0.00 %),0,0,2940,176400000,2,0.0
05/12/2014,0,0,60(0.00 %),0,0,0,0,2,0.0
08/12/2014,0,0,60.5(0.83 %),0,0,0,0,2,0.0
09/12/2014,0,0,60(-0.83 %),0,0,0,0,2,0.0
10/12/2014,2940,177870000,61(1.67 %),2940,177870000,0,0,2,0.0
11/12/2014,0,0,60(-1.64 %),0,0,0,0,2,0.0
12/12/2014,0,0,59.5(-0.83 %),0,0,0,0,2,49.0
15/12/2014,0,0,60.5(1.68 %),0,0,0,0,2,0.0
16/12/2014,0,0,60.5(0.00 %),0,0,0,0,2,0.0
17/12/2014,0,0,59.5(-1.65 %),0,0,0,0,2,0.0
18/12/2014,0,0,58(-2.52 %),0,0,0,0,2,0.0
19/12/2014,0,0,59(1.72 %),0,0,0,0,2,0.0
22/12/2014,0,0,58.5(-0.85 %),0,0,0,0,2,49.0
23/12/2014,0,0,57.5(-1.71 %),0,0,0,0,2,0.0
24/12/2014,0,0,59(2.61 %),0,0,0,0,2,0.0
25/12/2014,0,0,58.5(-0.85 %),0,0,0,0,2,0.0
26/12/2014,0,0,59(0.85 %),0,0,0,0,2,49.0
29/12/2014,0,0,58.5(-0.85 %),0,0,0,0,2,49.0
30/12/2014,0,0,58.5(0.00 %),0,0,0,0,2,49.0
31/12/2014,0,0,57(-2.56 %),0,0,0,0,2,49.0
05/01/2015,0,0,57(0.00 %),0,0,0,0,2,49.0
06/01/2015,-5000,-287500000,59(3.51 %),0,0,5000,287500000,5002,48.99
07/01/2015,-2100,-121900000,58.5(-0.85 %),0,0,2100,121900000,7102,48.98
08/01/2015,-9560,-545400000,58.5(0.00 %),0,0,9560,545400000,16662,48.96
09/01/2015,0,0,61.5(5.13 %),0,0,0,0,16662,48.96
12/01/2015,5000,307500000,60.5(-1.63 %),5000,307500000,0,0,11662,48.97
13/01/2015,2100,127050000,60.5(0.00 %),2100,127050000,0,0,9562,48.98
14/01/2015,9560,583160000,60.5(0.00 %),9560,583160000,0,0,2,49.0
15/01/2015,0,0,60.5(0.00 %),0,0,0,0,2,49.0
16/01/2015,0,0,60(-0.83 %),0,0,0,0,2,49.0
19/01/2015,0,0,60(0.00 %),0,0,0,0,2,49.0
20/01/2015,0,0,61.5(2.50 %),0,0,0,0,2,49.0
21/01/2015,0,0,61(-0.81 %),0,0,0,0,2,49.0
22/01/2015,0,0,60(-1.64 %),0,0,0,0,2,49.0
23/01/2015,0,0,60(0.00 %),0,0,0,0,2,49.0
26/01/2015,0,0,60(0.00 %),0,0,0,0,2,49.0
27/01/2015,0,0,62.5(4.17 %),0,0,0,0,2,49.0
28/01/2015,0,0,62(-0.80 %),0,0,0,0,2,49.0
29/01/2015,0,0,60(-3.23 %),0,0,0,0,2,49.0
30/01/2015,0,0,60(0.00 %),0,0,0,0,2,49.0
02/02/2015,0,0,60(0.00 %),0,0,0,0,8,49.0
03/02/2015,0,0,62(3.33 %),0,0,0,0,8,49.0
04/02/2015,0,0,60(-3.23 %),0,0,0,0,8,49.0
05/02/2015,0,0,60(0.00 %),0,0,0,0,8,49.0
06/02/2015,-400,-23800000,59(-1.67 %),0,0,400,23800000,408,49.0
09/02/2015,0,0,60(1.69 %),0,0,0,0,408,49.0
10/02/2015,0,0,60(0.00 %),0,0,0,0,408,49.0
11/02/2015,0,0,60(0.00 %),0,0,0,0,408,49.0
12/02/2015,400,25200000,60(0.00 %),50400,3225200000,50000,3200000000,8,49.0
13/02/2015,0,0,60(0.00 %),0,0,0,0,8,49.0
24/02/2015,0,0,60(0.00 %),0,0,0,0,8,49.0
25/02/2015,0,0,60.5(0.83 %),0,0,0,0,8,49.0
26/02/2015,0,0,61(0.83 %),0,0,0,0,8,49.0
27/02/2015,0,0,60(-1.64 %),0,0,0,0,8,49.0
02/03/2015,0,0,60(0.00 %),0,0,0,0,8,49.0
03/03/2015,0,0,60(0.00 %),0,0,0,0,8,49.0
04/03/2015,0,0,60(0.00 %),0,0,0,0,8,49.0
05/03/2015,0,0,60.5(0.83 %),0,0,0,0,8,49.0
06/03/2015,0,0,60(-0.83 %),0,0,0,0,8,49.0
09/03/2015,0,0,60(0.00 %),0,0,0,0,8,49.0
10/03/2015,0,0,64(6.67 %),0,0,0,0,8,49.0
11/03/2015,0,0,64.5(0.78 %),0,0,0,0,8,49.0
12/03/2015,0,0,65.5(1.55 %),50000,3450000000,50000,3450000000,8,49.0
13/03/2015,0,0,65(-0.76 %),0,0,0,0,8,49.0
16/03/2015,0,0,65(0.00 %),0,0,0,0,8,49.0
17/03/2015,0,0,67(3.08 %),0,0,0,0,8,49.0
18/03/2015,0,0,71.5(6.72 %),0,0,0,0,8,49.0
19/03/2015,0,0,73(2.10 %),40000,3060000000,40000,3060000000,8,49.0
20/03/2015,0,0,73(0.00 %),0,0,0,0,8,49.0
23/03/2015,-50,-3600000,71.5(-2.05 %),0,0,50,3600000,58,49.0
24/03/2015,-1800,-126900000,71.5(0.00 %),0,0,1800,126900000,1858,49.0
25/03/2015,-1800,-126900000,70(-2.10 %),0,0,1800,126900000,3658,48.99
26/03/2015,-230000,-15065000000,70(0.00 %),270000,17685000000,500000,32750000000,233658,48.45
27/03/2015,0,0,70(0.00 %),0,0,0,0,233658,48.45
30/03/2015,1860,132060000,70(0.00 %),1860,132060000,0,0,231798,48.45
31/03/2015,0,0,70.5(0.71 %),0,0,0,0,231798,48.45
01/04/2015,74490,5558000000,75(6.38 %),74490,5558000000,0,0,155511,48.63
02/04/2015,36200,2807855000,77.5(3.33 %),46200,3587855000,10000,780000000,119311,48.72
03/04/2015,63330,4835385000,74.5(-3.87 %),63330,4835385000,0,0,55981,48.87
06/04/2015,9410,699765000,74(-0.67 %),11760,872990000,2350,173225000,46571,48.89
07/04/2015,30820,2342510000,75.5(2.03 %),34220,2598860000,3400,256350000,15751,48.96
08/04/2015,10000,770470000,76(0.66 %),10000,770470000,0,0,5751,48.99
09/04/2015,0,0,77(1.32 %),0,0,0,0,5751,48.99
10/04/2015,1350,105200000,74.5(-3.25 %),2350,180950000,1000,75750000,4401,48.99
13/04/2015,3400,261800000,75.5(1.34 %),3400,261800000,0,0,1001,49.0
14/04/2015,0,0,76(0.66 %),0,0,0,0,1001,49.0
15/04/2015,-14300,-1072500000,75.5(-0.66 %),0,0,14300,1072500000,15301,48.96
16/04/2015,1000,76000000,75.5(0.00 %),1000,76000000,0,0,14301,48.97
17/04/2015,-3000,-228000000,75.5(0.00 %),0,0,3000,228000000,17301,48.96
20/04/2015,0,0,76(0.66 %),0,0,0,0,17301,48.96
21/04/2015,14300,1108250000,77(1.32 %),71966,5779196000,57666,4670946000,3001,48.99
22/04/2015,-1000,-76500000,76(-1.30 %),0,0,1000,76500000,4001,48.99
23/04/2015,3000,232500000,76.5(0.66 %),3000,232500000,0,0,1001,49.0
24/04/2015,0,0,76.5(0.00 %),0,0,0,0,1001,49.0
27/04/2015,-450,-34200000,77(0.65 %),0,0,450,34200000,1451,49.0
04/05/2015,1000,77000000,76.5(-0.65 %),1000,77000000,0,0,1,49.0
05/05/2015,0,0,76(-0.65 %),0,0,0,0,1,49.0
06/05/2015,0,0,75.5(-0.66 %),0,0,0,0,1,49.08
07/05/2015,0,0,75(-0.66 %),0,0,0,0,1,49.08
08/05/2015,450,33750000,74(-1.33 %),450,33750000,0,0,0,49.08
11/05/2015,-500,-37250000,74(0.00 %),40000,3160000000,40500,3197250000,1,49.08
12/05/2015,-50,-3650000,74(0.00 %),0,0,50,3650000,51,49.08
13/05/2015,0,0,74(0.00 %),0,0,0,0,51,49.08
14/05/2015,0,0,74(0.00 %),0,0,0,0,51,49.08
15/05/2015,500,37500000,74.5(0.68 %),500,37500000,0,0,0,49.08
18/05/2015,0,0,74(-0.67 %),0,0,0,0,51,49.08
19/05/2015,50,3700000,74(0.00 %),50,3700000,0,0,1,49.08
20/05/2015,-500,-37000000,75.5(2.03 %),0,0,500,37000000,501,49.08
21/05/2015,0,0,76(0.66 %),0,0,0,0,501,49.08
22/05/2015,0,0,75.5(-0.66 %),0,0,0,0,501,49.08
25/05/2015,-3000,-229000000,77.5(2.65 %),0,0,3000,229000000,3501,49.07
26/05/2015,-850,-65050000,79.5(2.58 %),500,39750000,1350,104800000,4351,49.07
27/05/2015,0,0,77.5(-2.52 %),0,0,0,0,4351,49.07
28/05/2015,0,0,77.5(0.00 %),0,0,0,0,4351,49.07
29/05/2015,3000,232500000,79(1.94 %),3000,232500000,0,0,1351,49.07
01/06/2015,350,28650000,78.5(-0.63 %),1350,106650000,1000,78000000,1,49.08
02/06/2015,-2500,-195000000,78.5(0.00 %),0,0,2500,195000000,2501,49.07
03/06/2015,0,0,74.5(1.36 %),0,0,0,0,2501,49.07
04/06/2015,0,0,74.5(0.00 %),0,0,0,0,2501,49.07
05/06/2015,1000,74500000,74(-0.67 %),1000,74500000,0,0,1501,49.07
08/06/2015,2500,186250000,74.5(0.68 %),2500,186250000,0,0,0,49.08
09/06/2015,0,0,74(-0.67 %),0,0,0,0,1,49.08
10/06/2015,0,0,73(-1.35 %),0,0,0,0,1,49.08
11/06/2015,0,0,75.5(3.42 %),0,0,0,0,1,49.08
12/06/2015,-500,-36500000,75(-0.66 %),0,0,500,36500000,501,49.08
15/06/2015,0,0,74(-1.33 %),0,0,0,0,501,49.08
16/06/2015,0,0,73.5(-0.68 %),0,0,0,0,501,49.08
17/06/2015,0,0,73.5(0.00 %),0,0,0,0,501,49.08
18/06/2015,500,36750000,74(0.68 %),500,36750000,0,0,1,49.08
19/06/2015,-3250,-236725000,74(0.00 %),0,0,3250,236725000,3251,49.07
22/06/2015,0,0,74(0.00 %),0,0,0,0,3251,49.07
23/06/2015,0,0,74.5(0.68 %),0,0,0,0,3251,49.07
24/06/2015,0,0,74.5(0.00 %),0,0,0,0,3251,49.07
25/06/2015,3250,243750000,74.5(0.00 %),3250,243750000,0,0,1,49.08
26/06/2015,0,0,75(0.67 %),0,0,0,0,1,49.08
29/06/2015,0,0,76(1.33 %),0,0,0,0,1,49.08
30/06/2015,-100,-7500000,76.5(0.66 %),24402,1866753000,24502,1874253000,101,49.08
01/07/2015,0,0,77.5(1.31 %),0,0,0,0,1,49.0
02/07/2015,0,0,77.5(0.00 %),0,0,0,0,1,49.0
03/07/2015,0,0,78(0.65 %),0,0,0,0,1,49.0
06/07/2015,100,8000000,77.5(-0.64 %),100,8000000,0,0,0,49.0
07/07/2015,0,0,77(-0.65 %),0,0,0,0,1,49.0
08/07/2015,0,0,77.5(0.65 %),0,0,0,0,1,49.0
09/07/2015,0,0,77(-0.65 %),0,0,0,0,1,49.0
10/07/2015,0,0,76(-1.30 %),0,0,0,0,1,49.0
13/07/2015,0,0,78(2.63 %),0,0,0,0,1,49.0
14/07/2015,0,0,78(0.00 %),0,0,0,0,1,49.0
15/07/2015,0,0,78(0.00 %),0,0,0,0,1,49.0
16/07/2015,0,0,80(2.56 %),0,0,0,0,1,49.0
17/07/2015,0,0,85.5(6.88 %),0,0,0,0,1,49.0
20/07/2015,0,0,89(4.09 %),0,0,0,0,1,49.0
21/07/2015,0,0,84(-5.62 %),0,0,0,0,1,49.0
22/07/2015,0,0,87(3.57 %),0,0,0,0,1,49.0
23/07/2015,0,0,88.5(1.72 %),0,0,0,0,1,49.0
24/07/2015,0,0,90(1.69 %),0,0,0,0,1,49.0
27/07/2015,0,0,88(-2.22 %),0,0,0,0,1,49.0
28/07/2015,0,0,88.5(0.57 %),0,0,0,0,1,49.0
29/07/2015,0,0,89(0.56 %),0,0,0,0,1,49.0
30/07/2015,0,0,88(-1.12 %),0,0,0,0,1,49.0
31/07/2015,0,0,86(-2.27 %),0,0,0,0,1,49.0
03/08/2015,-2000,-168500000,88(2.33 %),0,0,2000,168500000,1,49.0
04/08/2015,0,0,88(0.00 %),0,0,0,0,1,49.0
05/08/2015,0,0,88(0.00 %),0,0,0,0,1,49.0
06/08/2015,-300,-27250000,90(2.27 %),0,0,300,27250000,301,49.0
07/08/2015,500,51500000,92(2.22 %),2000,189000000,1500,137500000,0,49.0
10/08/2015,-1000,-91000000,91(-1.09 %),0,0,1000,91000000,1,49.0
11/08/2015,-2200,-200200000,90(-1.10 %),0,0,2200,200200000,2201,48.99
12/08/2015,-12700,-1121080000,89(-1.11 %),300,27150000,13000,1148230000,14901,48.96
13/08/2015,1500,133500000,90(1.12 %),1500,133500000,0,0,13401,48.97
14/08/2015,-14100,-1291900000,92(2.22 %),1000,90000000,15100,1381900000,27501,48.93
17/08/2015,-27300,-2547300000,94(2.17 %),2200,205700000,29500,2753000000,54801,48.87
18/08/2015,2120,222450000,96(2.13 %),13000,1274000000,10880,1051550000,52681,48.88
19/08/2015,-14830,-1413680000,96(0.00 %),0,0,14830,1413680000,67511,48.84
20/08/2015,5100,499600000,95(-1.04 %),15100,1449600000,10000,950000000,62411,48.85
21/08/2015,20500,1962250000,95.5(0.53 %),29500,2817250000,9000,855000000,41911,48.9
24/08/2015,128380,11730340000,93(-2.62 %),131400,12012720000,3020,282380000,0,49.2
25/08/2015,28580,2732750000,96(3.23 %),62080,5919750000,33500,3187000000,348201,48.19
26/08/2015,51720,5098040000,99(3.12 %),196720,19398040000,145000,14300000000,296481,48.31
27/08/2015,96530,9570850000,96(-3.03 %),170480,16936520000,73950,7365670000,199951,48.54
28/08/2015,-8100,-780700000,96.5(0.52 %),900,86800000,9000,867500000,208051,48.52
31/08/2015,11920,1161680000,97(0.52 %),35620,3474750000,23700,2313070000,196131,48.55
01/09/2015,13240,1282420000,97(0.00 %),74750,7238890000,61510,5956470000,70251,48.84
03/09/2015,114630,10970970000,95(-2.06 %),144200,13816760000,29570,2845790000,0,49.1
04/09/2015,-1830,-169410000,94(-1.05 %),9000,846110000,10830,1015520000,1,49.0
07/09/2015,-27990,-2538300000,90.5(-3.72 %),273700,24894850000,301690,27433150000,27991,48.94
08/09/2015,24510,2360920000,95(4.97 %),61510,5843450000,37000,3482530000,3481,48.99
09/09/2015,18470,1755650000,94(-1.05 %),29570,2810200000,11100,1054550000,0,49.03
10/09/2015,2830,265050000,92.5(-1.60 %),10830,1012050000,8000,747000000,1,49.0
11/09/2015,31680,2958180000,93(0.54 %),51690,4826610000,20010,1868430000,0,49.07
14/09/2015,-700,-64750000,92.5(-0.54 %),350,32400000,1050,97150000,36651,48.92
15/09/2015,-490,-45320000,92(-0.54 %),10,930000,500,46250000,37141,48.91
16/09/2015,-4100,-379250000,92.5(0.54 %),200,18500000,4300,397750000,41241,48.9
17/09/2015,-2850,-266340000,93.5(1.08 %),3930,366590000,6780,632930000,44091,48.9
18/09/2015,18170,1720820000,94.5(1.07 %),72670,6849820000,54500,5129000000,25921,48.94
21/09/2015,-110,-10400000,93.5(-1.06 %),500,46750000,610,57150000,26031,48.94
22/09/2015,-11000,-1028750000,94(0.53 %),1000,93500000,12000,1122250000,37031,48.91
23/09/2015,-75800,-7203170000,95.5(1.60 %),3990,377550000,79790,7580720000,112831,48.74
24/09/2015,-14000,-1339900000,95(-0.52 %),60000,5760100000,74000,7100000000,126831,48.71
25/09/2015,-26990,-2586470000,96.5(1.58 %),51000,4895000000,77990,7481470000,153821,48.64
28/09/2015,-93460,-9119080000,97(0.52 %),9000,882000000,102460,10001080000,247281,48.43
29/09/2015,-23340,-2268980000,97(0.00 %),51760,5020220000,75100,7289200000,270621,48.37
30/09/2015,-47020,-4643150000,98.5(1.55 %),102810,10090660000,149830,14733810000,317641,48.27
01/10/2015,-78290,-7719920000,99.5(1.02 %),30410,3016880000,108700,10736800000,1,49.0
02/10/2015,15380,1632340000,106(6.53 %),50380,5144840000,35000,3512500000,0,49.04
05/10/2015,90900,9741800000,108(1.89 %),94500,10126400000,3600,384600000,32681,48.92
06/10/2015,127500,14138630000,115(6.48 %),129500,14361630000,2000,223000000,0,49.22
07/10/2015,6680,748220000,111(-3.48 %),28100,3150200000,21420,2401980000,133611,48.69
08/10/2015,50930,5702050000,112(0.90 %),135500,15148030000,84570,9445980000,82681,48.81
09/10/2015,28580,3172380000,110(-1.79 %),28580,3172380000,0,0,54101,48.87
12/10/2015,-6580,-723800000,110(0.00 %),10130,1114300000,16710,1838100000,60681,48.86
13/10/2015,-27610,-3061350000,113(2.73 %),21420,2440040000,49030,5501390000,88291,48.8
14/10/2015,-5270,-606960000,116(2.65 %),15080,1742540000,20350,2349500000,93561,48.78
15/10/2015,15900,1868060000,118(1.72 %),15900,1868060000,0,0,77661,48.82
16/10/2015,18850,2233780000,117(-0.85 %),32050,3803480000,13200,1569700000,58811,48.86
19/10/2015,46130,5525340000,120(2.56 %),59200,7098740000,13070,1573400000,12681,48.97
20/10/2015,27830,3533980000,122(1.67 %),48430,6094780000,20600,2560800000,0,49.04
21/10/2015,-17850,-2214700000,124(1.64 %),0,0,17850,2214700000,1,49.0
22/10/2015,7500,952500000,127(2.42 %),13200,1676400000,5700,723900000,0,49.02
23/10/2015,4920,624840000,128(0.79 %),13070,1659890000,8150,1035050000,1,49.0
26/10/2015,3600,460000000,129(0.78 %),20600,2678000000,17000,2218000000,0,49.01
27/10/2015,17850,2302650000,130(0.78 %),17850,2302650000,0,0,1,49.0
28/10/2015,5680,755480000,129(-0.77 %),5700,758100000,20,2620000,0,49.01
29/10/2015,8150,1051350000,124(-3.88 %),8150,1051350000,0,0,1,49.0
30/10/2015,16930,2099320000,125(0.81 %),17000,2108000000,70,8680000,0,49.04
02/11/2015,0,0,123(-1.60 %),0,0,0,0,1,49.0
03/11/2015,20,2440000,124(0.81 %),20,2440000,0,0,0,49.0
04/11/2015,0,0,125(0.81 %),0,0,0,0,1,49.0
05/11/2015,0,0,124(-0.80 %),0,0,0,0,1,49.0
06/11/2015,70,8680000,123(-0.81 %),70,8680000,0,0,0,49.0
09/11/2015,0,0,123(0.00 %),0,0,0,0,1,49.0
10/11/2015,0,0,124(0.81 %),0,0,0,0,1,49.0
11/11/2015,0,0,124(0.00 %),0,0,0,0,1,49.0
12/11/2015,0,0,132(6.45 %),0,0,0,0,1,49.0
13/11/2015,-48130,-6739750000,140(6.06 %),100000,13950000000,148130,20689750000,48131,48.89
16/11/2015,-140490,-20158470000,143(2.14 %),0,0,140490,20158470000,188621,48.56
17/11/2015,-51090,-7244690000,141(-1.40 %),40000,5656000000,91090,12900690000,239711,48.45
18/11/2015,-50550,-7119440000,141(0.00 %),120000,16920000000,170550,24039440000,290261,48.33
19/11/2015,48130,7026980000,150(6.38 %),48130,7026980000,0,0,242131,48.44
20/11/2015,29900,4635540000,154(2.67 %),140490,21650770000,110590,17015230000,212231,48.51
23/11/2015,28990,4552950000,159(3.25 %),29000,4554530000,10,1580000,183241,48.58
24/11/2015,3980,623610000,155(-2.52 %),3980,623610000,0,0,68661,48.84
25/11/2015,68660,10705020000,155(0.00 %),68660,10705020000,0,0,1,49.0
26/11/2015,-11660,-1762350000,150(-3.23 %),90050,13957750000,101710,15720100000,110541,48.74
27/11/2015,-16570,-2418290000,148(-1.33 %),9230,1338350000,25800,3756640000,127111,48.71
30/11/2015,22990,3346970000,148(0.00 %),22990,3346970000,0,0,78331,48.82
01/12/2015,30000,4439120000,149(0.68 %),30000,4439120000,0,0,48331,48.89
02/12/2015,30000,4482550000,150(0.67 %),30000,4482550000,0,0,30041,48.93
03/12/2015,6400,947160000,147(-2.00 %),33850,5035310000,27450,4088150000,21991,48.95
04/12/2015,-5120,-739520000,146(-0.68 %),11530,1691930000,16650,2431450000,10461,48.98
07/12/2015,-18000,-2581000000,143(-2.05 %),26000,3754240000,44000,6335240000,4461,48.99
08/12/2015,-3440,-547220000,150(4.90 %),4460,637780000,7900,1185000000,1,49.0
09/12/2015,-2430,-362490000,146(-2.67 %),1570,235080000,4000,597570000,25881,48.94
10/12/2015,-12580,-1825010000,144(-1.37 %),2720,395590000,15300,2220600000,39811,48.91
11/12/2015,3220,463680000,145(0.69 %),3220,463680000,0,0,60591,48.86
14/12/2015,0,0,151(4.14 %),0,0,0,0,68491,48.84
15/12/2015,-2310,-346500000,150(-0.66 %),200,30000000,2510,376500000,72291,48.83
16/12/2015,-2890,-449810000,155(3.33 %),2610,404310000,5500,854120000,84981,48.8
17/12/2015,170,32340000,158(1.94 %),9370,1476740000,9200,1444400000,75611,48.83
18/12/2015,-61030,-9637740000,157(-0.63 %),38170,6023860000,99200,15661600000,37441,48.91
21/12/2015,560,87920000,157(0.00 %),11170,1753690000,10610,1665770000,28781,48.93
22/12/2015,-21900,-3384280000,153(-2.55 %),0,0,21900,3384280000,34281,48.92
23/12/2015,-5340,-810930000,151(-1.31 %),50000,7575000000,55340,8385930000,43481,48.9
24/12/2015,-500,-75500000,151(0.00 %),0,0,500,75500000,142681,48.67
25/12/2015,3100,471100000,150(-0.66 %),3100,471100000,0,0,150191,48.65
28/12/2015,0,0,151(0.67 %),0,0,0,0,172091,48.6
29/12/2015,400,60400000,151(0.00 %),400,60400000,0,0,177031,48.59
30/12/2015,0,0,153(1.32 %),0,0,0,0,177531,48.59
31/12/2015,0,0,153(0.00 %),0,0,0,0,177531,48.59
04/01/2016,1720,262560000,152(-0.65 %),1720,262560000,0,0,175811,48.59
05/01/2016,9010,1371960000,151(-0.66 %),26480,4018230000,17470,2646270000,149331,48.65
06/01/2016,14500,2245740000,155(2.65 %),24500,3788350000,10000,1542610000,124831,48.71
07/01/2016,36770,5636590000,154(-0.65 %),36770,5636590000,0,0,88061,48.8
08/01/2016,0,0,154(0.00 %),0,0,0,0,105531,48.76
11/01/2016,-21370,-3236450000,149(-3.25 %),20900,3156900000,42270,6393350000,1880850,48.73
12/01/2016,-76470,-11496920000,151(1.34 %),6880,1029180000,83350,12526100000,1873970,48.75
13/01/2016,-86070,-12993100000,151(0.00 %),35430,5348700000,121500,18341800000,1838540,48.83
14/01/2016,-62140,-9244530000,148(-1.99 %),29420,4365940000,91560,13610470000,1831390,48.85
15/01/2016,-680,-97360000,145(-2.03 %),39920,5840970000,40600,5938330000,1899820,48.69
18/01/2016,90,26240000,142(-2.07 %),26990,3812540000,26900,3786300000,1994330,48.47
19/01/2016,-35560,-5062080000,142(0.00 %),10000,1425000000,45560,6487080000,2075890,48.28
20/01/2016,-5230,-742650000,142(0.00 %),0,0,5230,742650000,2091490,48.25
21/01/2016,-17200,-2442430000,142(0.00 %),4380,623790000,21580,3066220000,2114010,48.2
22/01/2016,-16650,-2381820000,142(0.00 %),30000,4231500000,46650,6613320000,2129570,48.16
25/01/2016,-24670,-3562920000,143(0.70 %),59100,8529420000,83770,12092340000,2156280,48.1
26/01/2016,-24270,-3393530000,140(-2.10 %),0,0,24270,3393530000,2156280,48.1
27/01/2016,-48620,-6806800000,139(-0.71 %),0,0,48620,6806800000,2202930,47.99
28/01/2016,-8980,-1230260000,137(-1.44 %),0,0,8980,1230260000,2227700,47.93
29/01/2016,-10000,-1362100000,137(0.00 %),0,0,10000,1362100000,2251970,47.88
01/02/2016,-27950,-3829150000,137(0.00 %),16300,2233100000,44250,6062250000,2284290,47.8
02/02/2016,-19790,-2701440000,136(-0.73 %),140,19180000,19930,2720620000,2293130,47.78
03/02/2016,-19150,-2584190000,135(-0.74 %),29440,3974400000,48590,6558590000,2273690,47.83
04/02/2016,-90000,-12600010000,140(3.70 %),0,0,90000,12600010000,2317940,47.72
05/02/2016,-82510,-11561010000,141(0.71 %),2500,350000000,85010,11911010000,2335370,47.68
15/02/2016,5690,837310000,146(3.55 %),9500,1397380000,3810,560070000,2374460,47.59
16/02/2016,-20440,-2984020000,146(0.00 %),150,22050000,20590,3006070000,2464310,47.39
17/02/2016,-1000,-148500000,146(0.00 %),500,73500000,1500,222000000,2548820,47.19
18/02/2016,1650,241450000,147(0.68 %),1650,241450000,0,0,2550980,47.19
19/02/2016,710,103660000,147(0.00 %),710,103660000,0,0,2570860,47.14
22/02/2016,0,0,152(3.40 %),0,0,0,0,2572360,47.14
23/02/2016,0,0,156(2.63 %),0,0,0,0,2572360,47.14
24/02/2016,4830,748650000,154(-1.28 %),5000,775000000,170,26350000,2567360,47.15
25/02/2016,-10950,-1676120000,153(-0.65 %),0,0,10950,1676120000,2567360,47.15
26/02/2016,-6440,-992760000,154(0.65 %),0,0,6440,992760000,2567360,47.15
29/02/2016,0,0,153(-0.65 %),0,0,0,0,2567530,47.15
01/03/2016,52390,8380740000,163(6.54 %),134780,21619530000,82390,13238790000,2493700,47.32
02/03/2016,26370,4376840000,169(3.68 %),51430,8611920000,25060,4235080000,2473710,47.36
03/03/2016,8610,1440370000,167(-1.18 %),13610,2273370000,5000,833000000,2460100,47.4
04/03/2016,-2690,-452040000,167(0.00 %),8310,1386960000,11000,1839000000,2484180,47.34
07/03/2016,-6410,-1091540000,168(0.60 %),9590,1653830000,16000,2745370000,2474650,47.36
08/03/2016,12240,2167970000,174(3.57 %),105240,17961280000,93000,15793310000,2439410,47.44
09/03/2016,-8030,-1354620000,171(-1.72 %),50000,8526670000,58030,9881290000,2400410,47.53
10/03/2016,360,66560000,173(1.17 %),97560,16712760000,97200,16646200000,2395050,47.55
11/03/2016,-28810,-4907640000,174(0.58 %),32820,5647550000,61630,10555190000,2414850,47.5
14/03/2016,15370,2629750000,170(-2.30 %),60850,10541950000,45480,7912200000,2452030,47.41
15/03/2016,-1020,-170770000,167(-1.76 %),10,1700000,1030,172470000,2473020,47.37
16/03/2016,22600,3828020000,170(1.80 %),23000,3896020000,400,68000000,2487038,47.33
17/03/2016,3620,627390000,175(2.94 %),44700,7719510000,41080,7092120000,2447818,47.42
18/03/2016,9860,1718200000,174(-0.57 %),9860,1718200000,0,0,2438988,47.44
21/03/2016,6000,1045000000,174(0.00 %),6000,1045000000,0,0,2433388,47.46
22/03/2016,10900,1876500000,171(-1.72 %),12200,2098800000,1300,222300000,2462268,47.39
23/03/2016,31250,5463300000,175(2.34 %),32980,5766050000,1730,302750000,2429288,47.47
24/03/2016,24140,4300950000,183(4.57 %),25150,4487810000,1010,186860000,2404138,47.53
25/03/2016,2000,366860000,185(1.09 %),2000,366860000,0,0,2403438,47.53
28/03/2016,26320,5076070000,193(4.32 %),39310,7579680000,12990,2503610000,2365858,47.61
29/03/2016,-38340,-7395090000,188(-2.59 %),7690,1487950000,46030,8883040000,2359178,47.63
30/03/2016,3840,728460000,191(1.60 %),3840,728460000,0,0,2355338,47.64
31/03/2016,1250,232190000,188(-1.57 %),8750,1659690000,7500,1427500000,2359578,47.63
01/04/2016,-6500,-1205500000,187(-0.53 %),0,0,6500,1205500000,2405608,47.52
04/04/2016,-26900,-5063620000,183(-2.14 %),21670,4093840000,48570,9157460000,2383938,47.57
05/04/2016,-37510,-6694670000,180(-1.64 %),15710,2815490000,53220,9510160000,2375728,47.59
06/04/2016,-64120,-11491480000,178(-1.11 %),3800,679060000,67920,12170540000,2378428,47.58
07/04/2016,-12430,-2226970000,178(0.00 %),12920,2308730000,25350,4535700000,2414078,47.5
08/04/2016,-43000,-7641440000,177(-0.56 %),0,0,43000,7641440000,2467298,47.38
11/04/2016,-69850,-12461130000,179(1.13 %),100,17700000,69950,12478830000,2535118,47.22
12/04/2016,-61740,-11300890000,181(1.12 %),9460,1720360000,71200,13021250000,2551008,47.19
13/04/2016,-40010,-7029370000,176(-2.76 %),40300,7146900000,80310,14176270000,2553708,47.18
14/04/2016,-33480,-5783320000,172(-2.27 %),69360,12016530000,102840,17799850000,2574298,47.13
15/04/2016,11710,1970270000,167(-2.91 %),38710,6537810000,27000,4567540000,2626788,47.01
19/04/2016,-135740,-22566870000,167(0.00 %),28050,4639650000,163790,27206520000,2679048,46.89
20/04/2016,-111160,-18889420000,170(1.80 %),45500,7723800000,156660,26613220000,2716388,46.8
21/04/2016,-245900,-43192360000,170(0.00 %),24300,4298000000,270200,47490360000,2699088,46.84
22/04/2016,-92140,-15680280000,170(0.00 %),4140,704550000,96280,16384830000,2858738,46.47
25/04/2016,-99920,-17046840000,170(0.00 %),63510,10799500000,163430,27846340000,2951888,46.26
26/04/2016,-96110,-16557170000,173(1.76 %),330,56530000,96440,16613700000,3221758,45.63
27/04/2016,-27600,-4853030000,176(1.73 %),43300,7598570000,70900,12451600000,3274738,45.51
28/04/2016,-48790,-8526490000,174(-1.14 %),200,35000000,48990,8561490000,3437968,45.13
29/04/2016,-33270,-5768000000,174(0.00 %),39300,6809620000,72570,12577620000,3495108,45.0
04/05/2016,-43770,-7630220000,174(0.00 %),28600,4980060000,72370,12610280000,3537408,44.91
05/05/2016,-17410,-2998750000,172(-1.15 %),1970,342500000,19380,3341250000,3584428,44.8
06/05/2016,-1790,-310930000,175(1.74 %),0,0,1790,310930000,3656998,44.63
09/05/2016,9050,1553930000,172(1.47 %),9950,1709230000,900,155300000,3719418,44.48
10/05/2016,4700,799200000,169(-1.74 %),5500,935580000,800,136380000,3733298,44.45
11/05/2016,57400,9986440000,179(5.92 %),102600,17992040000,45200,8005600000,3632488,44.69
12/05/2016,-8160,-1464230000,177(-1.12 %),6780,1203260000,14940,2667490000,3626608,44.7
13/05/2016,-24940,-4389060000,176(-0.56 %),500,88000000,25440,4477060000,3626908,44.7
16/05/2016,980,168460000,174(-1.14 %),68500,12048000000,67520,11879540000,3663608,44.61
17/05/2016,48380,8432650000,176(1.15 %),88380,15432650000,40000,7000000000,3630168,44.69
18/05/2016,1150,202400000,174(-1.14 %),2150,376400000,1000,174000000,3653458,44.64
19/05/2016,-1260,-216970000,172(-1.15 %),1450,250350000,2710,467320000,3659528,44.62
20/05/2016,-920,-158240000,172(0.00 %),500,86000000,1420,244240000,3659028,44.62
23/05/2016,-1390,-237550000,173(0.58 %),1130,193890000,2520,431440000,3658898,44.62
24/05/2016,-47520,-8329000000,175(1.16 %),0,0,47520,8329000000,3661608,44.62
25/05/2016,37450,6603220000,177(1.14 %),99880,17588170000,62430,10984950000,3587448,44.79
26/05/2016,11700,2054920000,175(-1.13 %),12000,2107420000,300,52500000,3577968,44.81
27/05/2016,5780,1012900000,175(0.00 %),5790,1014650000,10,1750000,3619698,44.71
30/05/2016,20170,3501080000,173(-1.14 %),21170,3674080000,1000,173000000,3599528,44.76
31/05/2016,5450,961340000,176(1.73 %),9460,1657960000,4010,696620000,3594078,44.77
01/06/2016,67300,11897350000,178(1.14 %),67300,11897350000,0,0,3560208,44.85
02/06/2016,20010,3542270000,177(-0.56 %),20710,3666170000,700,123900000,3540198,41.44
03/06/2016,3340,596960000,179(1.13 %),4740,844760000,1400,247800000,3539768,41.45
06/06/2016,-14860,-2659940000,178(-0.56 %),140,25060000,15000,2685000000,3539628,41.45
07/06/2016,13590,2432520000,180(1.12 %),14270,2554240000,680,121720000,3526064,41.47
08/06/2016,10200,1800600000,189(5.00 %),25300,4639500000,15100,2838900000,3502164,41.53
09/06/2016,2140,403710000,186(-1.59 %),2640,496710000,500,93000000,3514524,41.5
10/06/2016,10450,1959640000,187(0.54 %),10450,1959640000,0,0,3504754,41.52
13/06/2016,-56930,-10400530000,182(-2.67 %),23470,4363790000,80400,14764320000,3516384,41.5
14/06/2016,3630,661420000,184(1.10 %),3630,661420000,0,0,3513254,41.5
15/06/2016,1700,326250000,192(4.35 %),1700,326250000,0,0,3511554,41.51
16/06/2016,34420,6801940000,196(2.08 %),34420,6801940000,0,0,3537534,41.45
17/06/2016,990,194230000,195(-0.51 %),1990,387230000,1000,193000000,3535544,41.45
20/06/2016,1940,382860000,200(2.56 %),2240,442560000,300,59700000,3533304,41.46
21/06/2016,-15200,-2997330000,197(-1.50 %),1900,380770000,17100,3378100000,3531404,41.46
22/06/2016,-3320,-655550000,198(0.51 %),7680,1520450000,11000,2176000000,3524724,41.48
23/06/2016,2100,416900000,200(1.01 %),2100,416900000,0,0,3522924,41.48
24/06/2016,-2920,-550080000,195(-2.50 %),28380,5480820000,31300,6030900000,3511644,41.51
27/06/2016,-33070,-6289340000,189(-3.08 %),27230,5161960000,60300,11451300000,3495420,41.54
28/06/2016,9030,1731210000,193(2.12 %),10690,2046610000,1660,315400000,3484730,41.56
29/06/2016,-39880,-7791900000,195(1.04 %),120,23300000,40000,7815200000,3515910,41.5
30/06/2016,12300,2407600000,193(-1.03 %),12300,2407600000,0,0,3563910,41.39
01/07/2016,12710,2492020000,196(1.55 %),19710,3871020000,7000,1379000000,3545860,41.43
04/07/2016,-29720,-5806400000,195(-0.51 %),2620,513600000,32340,6320000000,3583240,41.35
05/07/2016,25340,5064920000,201(3.08 %),26340,5263920000,1000,199000000,3556900,41.41
06/07/2016,-15440,-3130160000,204(1.49 %),4580,925840000,20020,4056000000,3559320,41.4
07/07/2016,17130,3557350000,210(2.94 %),19730,4098250000,2600,540900000,3571930,41.38
08/07/2016,29640,6198010000,210(0.00 %),29840,6240010000,200,42000000,3543090,41.44
11/07/2016,180,38550000,206(-1.90 %),380,79150000,200,40600000,3543090,41.44
12/07/2016,6280,1288750000,208(0.97 %),6280,1288750000,0,0,3559050,41.4
13/07/2016,1110,235120000,212(1.92 %),1110,235120000,0,0,3558140,41.41
14/07/2016,16090,3453170000,215(1.42 %),16090,3453170000,0,0,3542250,41.44
15/07/2016,310,62960000,213(-0.93 %),1310,274960000,1000,212000000,3540940,41.44
18/07/2016,16170,3504720000,218(2.35 %),16170,3504720000,0,0,3524770,41.48
19/07/2016,2000,440000000,217(-0.46 %),2000,440000000,0,0,3522770,41.48
20/07/2016,6310,1380790000,220(1.38 %),16310,3571790000,10000,2191000000,3507460,41.51
21/07/2016,-21090,-4724350000,225(2.27 %),10340,2393870000,31430,7118220000,3497120,41.54
22/07/2016,3190,709490000,224(-0.44 %),3190,709490000,0,0,3493930,41.54
25/07/2016,16510,3678080000,222(-0.89 %),30400,6776250000,13890,3098170000,3473530,41.59
26/07/2016,9130,2026120000,222(0.00 %),9770,2166280000,640,140160000,3495190,41.54
27/07/2016,2490,552680000,225(1.35 %),12130,2716360000,9640,2163680000,3483060,41.57
28/07/2016,-1860,-416810000,225(0.00 %),7410,1672560000,9270,2089370000,3489540,41.55
29/07/2016,-8800,-1968960000,222(-1.33 %),2100,470090000,10900,2439050000,3488080,41.56
01/08/2016,2900,640950000,222(0.00 %),2900,640950000,0,0,3494820,41.54
02/08/2016,16220,3540040000,216(-2.70 %),16220,3540040000,0,0,3487870,41.56
03/08/2016,3440,732920000,212(-1.85 %),3780,805340000,340,72420000,3494990,41.54
04/08/2016,-21020,-4415220000,209(-1.42 %),6240,1326320000,27260,5741540000,3488750,41.55
05/08/2016,-35020,-7153010000,206(-1.44 %),0,0,35020,7153010000,3488750,41.55
08/08/2016,-14250,-2887620000,203(-1.46 %),1450,293980000,15700,3181600000,3487640,41.56
09/08/2016,5210,1070780000,206(1.48 %),8670,1778680000,3460,707900000,3506230,41.52
10/08/2016,40180,8435340000,212(2.91 %),47680,10022340000,7500,1587000000,3493570,41.54
11/08/2016,69450,14751300000,215(1.42 %),82450,17525300000,13000,2774000000,3426820,41.69
12/08/2016,3530,763450000,213(-0.93 %),4250,917550000,720,154100000,3426030,41.69
15/08/2016,3080,652960000,215(0.94 %),3080,652960000,0,0,3430450,41.68
16/08/2016,180,39880000,216(0.47 %),2280,492380000,2100,452500000,3441170,41.66
17/08/2016,28820,6263900000,222(2.78 %),28820,6263900000,0,0,3413070,41.72
18/08/2016,31040,7011990000,228(2.70 %),42680,9619350000,11640,2607360000,3370390,41.81
19/08/2016,80,18270000,224(-1.75 %),90,20520000,10,2250000,3372400,41.8
22/08/2016,4830,1074250000,221(-1.34 %),5680,1263450000,850,189200000,3366720,41.81
23/08/2016,-25290,-5515520000,220(-0.45 %),710,156070000,26000,5671590000,3377650,41.79
24/08/2016,5460,1208890000,224(1.82 %),5460,1208890000,0,0,3372200,41.8
25/08/2016,1600,378320000,227(1.34 %),29600,6658720000,28000,6280400000,3343450,41.86
26/08/2016,1950,443020000,227(0.00 %),1950,443020000,0,0,3367500,41.81
29/08/2016,13200,3064920000,227(0.00 %),15200,3525020000,2000,460100000,3352300,41.85
30/08/2016,16290,3762820000,237(4.41 %),16290,3762820000,0,0,3364010,41.82
31/08/2016,8600,2054230000,243(2.53 %),11080,2642970000,2480,588740000,3352930,41.84
01/09/2016,32290,7951550000,248(2.06 %),32290,7951550000,0,0,3322640,41.91
05/09/2016,4220,1061470000,254(2.42 %),20030,5079530000,15810,4018060000,3302610,41.95
06/09/2016,22000,5602680000,257(1.18 %),25540,6503080000,3540,900400000,3279550,42.0
07/09/2016,36510,9357150000,258(0.39 %),38110,9763650000,1600,406500000,4387815,42.08
08/09/2016,21300,5617480000,265(2.71 %),40520,10598740000,19220,4981260000,4363105,42.14
09/09/2016,-11770,-3143500000,266(0.38 %),18730,5014330000,30500,8157830000,4347915,40.16
12/09/2016,-25490,-6654350000,258(-3.01 %),430,112540000,25920,6766890000,4349085,40.16
13/09/2016,-58000,-14528400000,251(-2.71 %),540,137410000,58540,14665810000,4367765,40.12
14/09/2016,-10000,-2517980000,255(1.59 %),6820,1735650000,16820,4253630000,4391445,40.07
15/09/2016,-26300,-6762540000,257.4(0.94 %),600,152960000,26900,6915500000,4416765,40.02
16/09/2016,-68180,-17803810000,260.7(1.28 %),80,20960000,68260,17824770000,4475225,39.9
19/09/2016,-28110,-7274710000,255(-2.19 %),520,134500000,28630,7409210000,4491525,39.87
20/09/2016,4750,1215340000,257(0.78 %),5400,1382390000,650,167050000,4513025,39.83
21/09/2016,-132640,-33642980000,249(-3.11 %),22580,5646210000,155220,39289190000,4558705,39.73
22/09/2016,-29330,-7328380000,248.9(-0.04 %),650,162050000,29980,7490430000,4586685,39.68
23/09/2016,-16000,-3927920000,242(-2.77 %),640,158720000,16640,4086640000,4586695,39.68
26/09/2016,-84990,-20936300000,246.5(1.86 %),35150,8534520000,120140,29470820000,4736185,39.37
27/09/2016,-20990,-5208840000,252(2.23 %),1010,250780000,22000,5459620000,4765155,39.31
28/09/2016,-17100,-4427650000,258.5(2.58 %),3490,893060000,20590,5320710000,4778305,39.29
29/09/2016,19870,5172190000,260(0.58 %),20370,5301440000,500,129250000,4848655,39.14
30/09/2016,4070,1054070000,259.6(-0.15 %),4180,1082560000,110,28490000,4866475,39.11
03/10/2016,5170,1414070000,269.7(3.89 %),7080,1929770000,1910,515700000,4879985,39.08
04/10/2016,-60730,-16225410000,262(-2.86 %),51970,13888740000,112700,30114150000,4828515,39.19
05/10/2016,-24340,-6305320000,259.5(-0.95 %),4410,1143430000,28750,7448750000,4824215,39.19
06/10/2016,-50440,-12872220000,253(-2.50 %),960,245650000,51400,13117870000,4825165,39.19
07/10/2016,-52450,-12924650000,249(-1.58 %),620,153460000,53070,13078110000,4937245,38.96
10/10/2016,-40320,-9859170000,243.9(-2.05 %),1240,308800000,41560,10167970000,4964755,38.91
11/10/2016,-82710,-20206380000,250(2.50 %),10100,2475000000,92810,22681380000,5006055,38.82
12/10/2016,-25600,-6371200000,250(0.00 %),26690,6655670000,52290,13026870000,5032435,38.77
13/10/2016,-110700,-27904220000,254(1.60 %),34500,8702960000,145200,36607180000,5039495,38.76
14/10/2016,-75560,-19273310000,255.1(0.43 %),25710,6566860000,101270,25840170000,5106595,38.62
17/10/2016,-32260,-6246590000,191.9(0.30 %),2490,481330000,34750,6727920000,5156395,38.52
18/10/2016,-49990,-9350080000,187(-2.55 %),1000,187090000,50990,9537170000,5300595,38.23
19/10/2016,-41370,-7798670000,188(0.53 %),1400,264300000,42770,8062970000,5400447,38.02
20/10/2016,-112310,-20772050000,182.5(-2.93 %),4310,799780000,116620,21571830000,5430887,37.96
21/10/2016,-109220,-19503250000,176(-3.56 %),1520,270820000,110740,19774070000,5480357,37.86
24/10/2016,-105760,-18073780000,170(-3.41 %),11840,2021930000,117600,20095710000,1083551,37.8
25/10/2016,-110330,-18772560000,176(3.53 %),6130,1041280000,116460,19813840000,1194041,37.57
26/10/2016,-6210,-1090720000,177(0.57 %),7070,1249670000,13280,2340390000,1297711,37.36
27/10/2016,22080,3922730000,179.4(1.36 %),22080,3922730000,0,0,1393231,37.17
28/10/2016,29240,5350090000,186(3.68 %),29950,5481220000,710,131130000,1479741,36.99
31/10/2016,214850,41053740000,195(4.84 %),217350,41541080000,2500,487340000,1275671,37.41
01/11/2016,-10,-3050000,190(-2.56 %),4510,861930000,4520,864980000,1271161,37.42
02/11/2016,9880,1861490000,185(-2.63 %),23080,4358830000,13200,2497340000,1248791,37.46
03/11/2016,-60650,-10891460000,180.2(-2.59 %),5100,928860000,65750,11820320000,1246191,37.47
04/11/2016,-24390,-4383650000,179.5(-0.39 %),0,0,24390,4383650000,1250711,37.46
07/11/2016,6140,1125400000,182.5(1.67 %),41400,7557430000,35260,6432030000,1222511,37.52
08/11/2016,10500,1924820000,182.3(-0.11 %),17000,3113700000,6500,1188880000,1271261,37.42
09/11/2016,-6950,-1231210000,179(-1.81 %),12100,2159500000,19050,3390710000,1600332,50.06
10/11/2016,-49200,-8912450000,180.9(1.06 %),7720,1402010000,56920,10314460000,1627872,37.52
11/11/2016,7150,1290970000,180.3(-0.33 %),7150,1290970000,0,0,1627222,37.52
14/11/2016,16600,2985830000,180(-0.17 %),33100,5931090000,16500,2945260000,1613172,37.54
15/11/2016,11180,2001270000,178.2(-1.00 %),61100,10921310000,49920,8920040000,1608992,37.55
16/11/2016,-24690,-4364550000,175.5(-1.52 %),3150,557340000,27840,4921890000,1605842,37.55
17/11/2016,7430,1304000000,175.8(0.17 %),7920,1390420000,490,86420000,1614422,37.54
18/11/2016,-14290,-2503760000,173.8(-1.14 %),10100,1747180000,24390,4250940000,1654242,37.48
21/11/2016,-2690,-467600000,173.8(0.00 %),13440,2345140000,16130,2812740000,1668642,37.46
22/11/2016,7590,1316700000,172.1(-0.98 %),13620,2361910000,6030,1045210000,1655512,37.48
23/11/2016,10110,1740880000,173(0.52 %),10160,1749550000,50,8670000,1669742,37.45
24/11/2016,-2360,-406180000,170.5(-1.45 %),740,127340000,3100,533520000,1685132,37.43
25/11/2016,-11080,-1854320000,168.8(-1.00 %),11170,1893520000,22250,3747840000,1679992,37.44
28/11/2016,29040,4823080000,167.5(-0.77 %),30040,4989480000,1000,166400000,1650002,37.48
29/11/2016,-13960,-2313050000,165.1(-1.43 %),5040,835780000,19000,3148830000,1648062,37.49
30/11/2016,3930,635560000,172(4.18 %),12040,2024640000,8110,1389080000,1658280,37.47
01/12/2016,-1820,-313390000,171.5(-0.29 %),1720,295490000,3540,608880000,1657566,37.47
02/12/2016,1640,274760000,168.9(-1.52 %),2640,445260000,1000,170500000,1673926,37.45
05/12/2016,-1000,-168900000,167.2(-1.01 %),0,0,1000,168900000,0,47.0
06/12/2016,-1100,-185240000,168(0.48 %),0,0,1100,185240000,0,47.0
07/12/2016,0,0,171.5(2.08 %),0,0,0,0,0,47.0
08/12/2016,-1860,-318800000,171.9(0.23 %),0,0,1860,318800000,0,40.0
09/12/2016,7750,1360350000,177.5(3.26 %),9150,1607330000,1400,246980000,5924727,41.31
12/12/2016,30030,5364440000,178(0.28 %),31030,5544440000,1000,180000000,5893697,41.35
13/12/2016,14390,2537770000,175.5(-1.40 %),14390,2537770000,0,0,5881170,41.37
14/12/2016,2840,494390000,178(1.42 %),3190,556000000,350,61610000,5879380,41.37
15/12/2016,2970,523310000,177.4(-0.34 %),2970,523310000,0,0,5877396,41.37
16/12/2016,85340,15511800000,183.5(3.44 %),93090,16912670000,7750,1400870000,5765056,41.52
19/12/2016,11680,2175680000,183(-0.27 %),19500,3608380000,7820,1432700000,5765156,41.52
20/12/2016,200,36380000,181.6(-0.77 %),200,36380000,0,0,5764956,41.52
21/12/2016,-33890,-6140510000,181.6(0.00 %),5010,901810000,38900,7042320000,5767696,41.51
22/12/2016,-2740,-496810000,182(0.22 %),16250,2962560000,18990,3459370000,5759266,41.53
23/12/2016,33580,6111500000,182.4(0.22 %),38800,7063190000,5220,951690000,5720466,41.58
26/12/2016,6210,1136430000,184.3(1.04 %),11210,2049560000,5000,913130000,5768500,41.51
27/12/2016,1350,247980000,181(-1.79 %),1350,247980000,0,0,5768500,41.51
28/12/2016,-6140,-1102400000,178.8(-1.22 %),5660,1015030000,11800,2117430000,5765360,41.52
29/12/2016,-15120,-2700060000,179.9(0.62 %),5340,950510000,20460,3650570000,5765020,41.52
30/12/2016,61540,11117300000,182.5(1.45 %),65260,11794070000,3720,676770000,5699760,41.6
03/01/2017,6140,1114230000,182.2(-0.16 %),6140,1114230000,0,0,5705420,41.6
04/01/2017,-4020,-731320000,182.3(0.05 %),1810,327900000,5830,1059220000,5724070,41.57
05/01/2017,21220,3841940000,181.5(-0.44 %),21220,3841940000,0,0,5706570,41.59
06/01/2017,2210,395500000,178.2(-1.82 %),2210,395500000,0,0,5704360,41.6
09/01/2017,-3220,-569360000,174.8(-1.91 %),2500,438500000,5720,1007860000,5707690,41.59
10/01/2017,-800,-138950000,176(0.69 %),200,35050000,1000,174000000,5707490,41.59
11/01/2017,18560,3302310000,179(1.70 %),20060,3569390000,1500,267080000,5687430,41.62
12/01/2017,-25140,-4509490000,179(0.00 %),5320,950380000,30460,5459870000,5687830,41.62
13/01/2017,780,139560000,179(0.00 %),2830,505230000,2050,365670000,5686002,41.62
16/01/2017,5370,955810000,178(-0.56 %),5370,955810000,0,0,5682132,41.63
17/01/2017,17700,3162750000,179.4(0.79 %),20000,3573660000,2300,410910000,5692592,41.61
18/01/2017,-2000,-358850000,179.4(0.00 %),0,0,2000,358850000,5694645,41.61
19/01/2017,124960,22726150000,183.1(2.06 %),129660,23585950000,4700,859800000,5564985,41.78
20/01/2017,74200,13740500000,186.9(2.08 %),76700,14202520000,2500,462020000,5490585,41.87
23/01/2017,31310,5834700000,187(0.05 %),35190,6554850000,3880,720150000,5457395,41.92
24/01/2017,109590,20733760000,189.8(1.50 %),109610,20737520000,20,3760000,5352485,42.05
25/01/2017,111720,21551230000,193.5(1.95 %),115230,22229210000,3510,677980000,5239755,42.2
02/02/2017,40840,7924390000,193.6(0.05 %),40840,7924390000,0,0,5202795,42.25
03/02/2017,68780,13164640000,189.5(-2.12 %),77070,14747500000,8290,1582860000,5125745,42.35
06/02/2017,23980,4573770000,191(0.79 %),25040,4776230000,1060,202460000,5104215,42.38
07/02/2017,31930,6123310000,190(-0.52 %),32270,6188430000,340,65120000,5071945,42.42
08/02/2017,9040,1718200000,190.9(0.47 %),11530,2192290000,2490,474090000,5068705,42.42
09/02/2017,1170,228500000,195.8(2.57 %),3290,636830000,2120,408330000,5066475,42.42
10/02/2017,630,124170000,198.6(1.43 %),640,126150000,10,1980000,5066175,42.42
13/02/2017,550,110400000,199.7(0.55 %),3130,623690000,2580,513290000,5065535,42.43
14/02/2017,-11910,-2348150000,197.3(-1.20 %),11140,2216250000,23050,4564400000,5056515,42.44
15/02/2017,580,114540000,200(1.37 %),620,122370000,40,7830000,5055905,42.44
16/02/2017,48950,10036450000,201.1(0.55 %),60380,12355590000,11430,2319140000,4998105,42.51
17/02/2017,-5030,-1023980000,206(2.44 %),10140,2068040000,15170,3092020000,5011021,42.5
20/02/2017,-2410,-504500000,209.5(1.70 %),410,85970000,2820,590470000,5010651,42.5
21/02/2017,10190,2124370000,208(-0.72 %),10610,2212150000,420,87780000,5011471,42.5
22/02/2017,6660,1398620000,209(0.48 %),23520,4925320000,16860,3526700000,5003121,42.51
23/02/2017,-27460,-5643450000,204(-2.39 %),4460,912750000,31920,6556200000,5001481,42.51
24/02/2017,-880,-175990000,203(-0.49 %),2120,431940000,3000,607930000,4999781,42.51
27/02/2017,5970,1225560000,205.5(1.23 %),9240,1897760000,3270,672200000,5029341,42.47
28/02/2017,6460,1322070000,201(-2.19 %),11460,2337870000,5000,1015800000,5027861,42.47
01/03/2017,1520,302770000,201.9(0.45 %),1520,302770000,0,0,5029341,42.47
02/03/2017,-100,-21000000,202.3(0.20 %),900,181800000,1000,202800000,5031711,42.47
03/03/2017,-1860,-375390000,202.6(0.15 %),60,12100000,1920,387490000,5036675,42.46
06/03/2017,-77980,-15530490000,196(-3.26 %),44220,8800150000,122200,24330640000,4992455,42.52
07/03/2017,-242110,-47713730000,197.2(0.61 %),48030,9470420000,290140,57184150000,4945425,42.58
08/03/2017,-46650,-9156290000,195.8(-0.71 %),5680,1114230000,52330,10270520000,4941665,42.59
09/03/2017,-69050,-13379090000,192.5(-1.69 %),8810,1706260000,77860,15085350000,5055055,42.44
10/03/2017,-40430,-7844900000,194(0.78 %),53620,10413530000,94050,18258430000,5291575,42.13
13/03/2017,-8340,-1604770000,199.9(3.04 %),1600,310100000,9940,1914870000,5342305,42.07
14/03/2017,-8740,-1746050000,200(0.05 %),620,123290000,9360,1869340000,5419545,41.97
15/03/2017,-40840,-8082230000,197(-1.50 %),440,87440000,41280,8169670000,5513155,41.84
16/03/2017,23970,4765040000,198.5(0.76 %),23970,4765040000,0,0,5499125,41.86
17/03/2017,47030,9399560000,200(0.76 %),62030,12409490000,15000,3009930000,5499125,41.86
20/03/2017,81580,15533000000,203.5(1.75 %),81990,15615840000,410,82840000,5499125,41.86
21/03/2017,35520,7314380000,205(0.74 %),36520,7519850000,1000,205470000,5499125,41.86
22/03/2017,28830,5932200000,202.9(-1.02 %),28830,5932200000,0,0,5499125,41.86
23/03/2017,70300,14266810000,203.5(0.30 %),79100,16052650000,8800,1785840000,5499125,41.86
24/03/2017,121230,24960340000,206(1.23 %),122970,25319740000,1740,359400000,5499125,41.86
27/03/2017,136400,27576650000,215(4.37 %),137440,27795050000,1040,218400000,5499125,41.86
28/03/2017,33840,7202810000,212(-1.40 %),46500,9895240000,12660,2692430000,5499125,41.86
29/03/2017,29120,6189950000,212(0.00 %),29120,6189950000,0,0,5499125,41.86
30/03/2017,2020,423960000,208(-1.89 %),3020,635960000,1000,212000000,5499125,41.86
31/03/2017,25490,5333480000,209.4(0.67 %),25490,5333480000,0,0,5499125,41.86
03/04/2017,-1930,-397010000,205.5(-1.86 %),3100,644160000,5030,1041170000,4934308,42.6
04/04/2017,45680,9328410000,204(-0.73 %),52830,10779490000,7150,1451080000,4882478,42.66
05/04/2017,-66340,-13314960000,199.8(-2.06 %),47090,9416110000,113430,22731070000,4835388,42.72
07/04/2017,205640,39630100000,203(1.60 %),207040,39910530000,1400,280430000,4633384,42.99
10/04/2017,40270,8212740000,205.7(1.33 %),50060,10214240000,9790,2001500000,4590474,43.04
11/04/2017,340910,66167890000,205(-0.34 %),342390,66472840000,1480,304950000,4361514,43.34
12/04/2017,39460,7989870000,201.9(-1.51 %),43860,8873970000,4400,884100000,4319054,43.39
13/04/2017,42790,8661450000,202(0.05 %),45090,9124460000,2300,463010000,4283754,43.44
14/04/2017,35990,7186670000,199(-1.49 %),38570,7700950000,2580,514280000,4246664,43.49
17/04/2017,61070,12207970000,199(0.00 %),61070,12207970000,0,0,4189994,43.56
18/04/2017,-48070,-9463660000,201(1.01 %),53430,10568020000,101500,20031680000,4138864,43.63
19/04/2017,11370,2296490000,202.5(0.75 %),16070,3242550000,4700,946060000,4125374,43.65
20/04/2017,105160,20503970000,204.3(0.89 %),106480,20773610000,1320,269640000,4018894,43.78
21/04/2017,5670,1157710000,204.4(0.05 %),9790,1999460000,4120,841750000,4110604,43.67
24/04/2017,71270,13701900000,202.2(-1.08 %),74580,14369910000,3310,668010000,4040724,43.76
25/04/2017,6870,1397770000,203.7(0.74 %),7030,1430350000,160,32580000,4035014,43.76
26/04/2017,47190,9654690000,204(0.15 %),49620,10152110000,2430,497420000,3989514,43.82
27/04/2017,33490,6891490000,205(0.49 %),34290,7054770000,800,163280000,3958534,43.86
28/04/2017,2040,414800000,204(-0.49 %),3910,798260000,1870,383460000,3954784,43.87
03/05/2017,1100,223790000,202.2(-0.88 %),2100,426290000,1000,202500000,3955114,43.87
04/05/2017,-62410,-12515770000,199.8(-1.19 %),19310,3864240000,81720,16380010000,3936604,43.89
05/05/2017,-2820,-565830000,200.5(0.35 %),6050,1214220000,8870,1780050000,3932424,43.9
08/05/2017,113420,21910360000,201.5(0.50 %),119070,23043980000,5650,1133620000,3814354,44.05
09/05/2017,34700,7046550000,203.5(0.99 %),35400,7188980000,700,142430000,3860674,43.99
10/05/2017,17810,3634110000,202.5(-0.49 %),18210,3715250000,400,81140000,3851334,44.0
11/05/2017,35000,7039390000,201.5(-0.49 %),36500,7341310000,1500,301920000,3820484,44.04
12/05/2017,21170,4260110000,201(-0.25 %),22920,4611910000,1750,351800000,3798264,44.07
15/05/2017,56350,11335060000,203(1.00 %),59150,11900050000,2800,564990000,3739514,44.15
16/05/2017,22910,4646080000,201(-0.99 %),22910,4646080000,0,0,3718104,44.17
17/05/2017,9930,2016890000,203.4(1.19 %),12080,2452730000,2150,435840000,3707774,44.19
18/05/2017,48860,9742510000,202.5(-0.44 %),48860,9742510000,0,0,3661714,44.25
19/05/2017,28680,5654860000,202(-0.25 %),29150,5749800000,470,94940000,3632564,44.29
22/05/2017,3570,717070000,200.7(-0.64 %),9770,1960620000,6200,1243550000,3624944,44.3
23/05/2017,11540,2309750000,200(-0.35 %),15050,3011850000,3510,702100000,3609894,44.31
24/05/2017,64200,12084930000,201(0.50 %),64950,12235460000,750,150530000,3545414,44.4
25/05/2017,30740,6266440000,210(4.48 %),32740,6685440000,2000,419000000,3518874,44.43
26/05/2017,54470,11590380000,213(1.43 %),55670,11843740000,1200,253360000,3466714,44.5
29/05/2017,23050,4912660000,213(0.00 %),24410,5201030000,1360,288370000,3443054,44.53
30/05/2017,12900,2748520000,208(-2.35 %),13400,2856020000,500,107500000,3431660,44.55
31/05/2017,56990,12028390000,214(2.88 %),74000,15657170000,17010,3628780000,3358860,44.64
01/06/2017,-1380,-286530000,213.5(-0.23 %),8100,1727730000,9480,2014260000,3352120,44.65
02/06/2017,78720,16312270000,213(-0.23 %),78820,16333620000,100,21350000,3273797,44.75
05/06/2017,4300,897880000,209.3(-1.74 %),13870,2908630000,9570,2010750000,3276937,44.75
06/06/2017,11700,2468790000,211.1(0.86 %),13700,2884910000,2000,416120000,3272717,44.75
07/06/2017,29830,6338320000,212(0.43 %),53590,11359270000,23760,5020950000,3219227,44.82
08/06/2017,25650,5432250000,211.6(-0.19 %),25650,5432250000,0,0,3203147,44.84
09/06/2017,19820,4162620000,209.3(-1.09 %),21730,4564370000,1910,401750000,3183417,44.87
12/06/2017,23700,4954090000,209.6(0.14 %),25800,5391550000,2100,437460000,3181377,44.87
13/06/2017,11770,2470780000,210.3(0.33 %),16100,3380110000,4330,909330000,3165277,44.89
14/06/2017,89850,19302630000,217.3(3.33 %),97740,20992190000,7890,1689560000,3069447,45.02
15/06/2017,-2430,-521160000,216(-0.60 %),7280,1580890000,9710,2102050000,3064267,45.02
16/06/2017,33560,7324990000,217(0.46 %),34850,7605890000,1290,280900000,3033747,45.06
19/06/2017,86180,18702160000,217(0.00 %),86280,18723810000,100,21650000,2955357,45.16
20/06/2017,10100,2164940000,216.2(-0.37 %),58450,12665930000,48350,10500990000,2906617,45.23
21/06/2017,56800,11481030000,215(-0.56 %),60400,12253800000,3600,772770000,2847507,45.3
22/06/2017,5510,1187580000,215.2(0.09 %),9160,1972890000,3650,785310000,2838447,45.32
23/06/2017,31100,6805410000,218.5(1.53 %),33100,7243350000,2000,437940000,2853697,45.3
26/06/2017,2770,603110000,218(-0.23 %),3310,720240000,540,117130000,2853987,45.3
27/06/2017,1650,358450000,218.5(0.23 %),5450,1185090000,3800,826640000,2801027,45.36
28/06/2017,50940,11127240000,218.7(0.09 %),53160,11612530000,2220,485290000,2801027,45.36
29/06/2017,-21520,-4698040000,218.8(0.05 %),3840,837250000,25360,5535290000,2797727,45.37
30/06/2017,56850,12334720000,216.5(-1.05 %),58350,12660400000,1500,325680000,2743177,45.44
03/07/2017,27160,5784720000,211.5(-2.31 %),34600,7373590000,7440,1588870000,2710797,45.48
04/07/2017,63070,13393700000,213.5(0.95 %),68070,14447700000,5000,1054000000,2668087,45.54
05/07/2017,77870,16713890000,216(1.17 %),81850,17567190000,3980,853300000,2587737,45.64
06/07/2017,52660,11389970000,217.5(0.69 %),68820,14884300000,16160,3494330000,2526357,45.72
07/07/2017,-1740,-371950000,215(-1.15 %),8320,1805560000,10060,2177510000,2523037,45.73
10/07/2017,1010,218590000,214(-0.47 %),3010,645410000,2000,426820000,2492940,45.76
11/07/2017,37990,8135210000,213.5(-0.23 %),57290,12257690000,19300,4122480000,2482877,45.78
12/07/2017,1140,249460000,213(-0.23 %),7550,1615710000,6410,1366250000,2485390,45.77
13/07/2017,34830,7436720000,215(0.94 %),44840,9567060000,10010,2130340000,2442550,45.83
14/07/2017,640,137070000,214.9(-0.05 %),670,143490000,30,6420000,2461180,45.81
17/07/2017,1750,363000000,213.9(-0.47 %),18500,3912560000,16750,3549560000,2449090,45.82
18/07/2017,5510,1158980000,210(-1.82 %),5560,1169560000,50,10580000,2453540,45.82
19/07/2017,5010,1055400000,208.5(-0.71 %),5010,1055400000,0,0,2448560,45.82
20/07/2017,-9760,-1955750000,202(-3.12 %),16760,3405970000,26520,5361720000,2448550,45.82
21/07/2017,14450,2821740000,195(-3.47 %),40950,8112080000,26500,5290340000,2407650,45.88
24/07/2017,-10460,-1981690000,197.5(1.28 %),12240,2390410000,22700,4372100000,2395410,45.89
25/07/2017,-34450,-6721970000,196(-0.76 %),14470,2826310000,48920,9548280000,2407460,45.88
26/07/2017,-7530,-1484610000,197.9(0.97 %),4020,797480000,11550,2282090000,2443080,45.83
27/07/2017,-2840,-556910000,199(0.56 %),9560,1898550000,12400,2455460000,2443080,45.83
28/07/2017,34750,7009310000,204(2.51 %),35750,7211310000,1000,202000000,2456250,45.81
31/07/2017,60980,12556050000,208.3(2.11 %),63680,13107460000,2700,551410000,2404120,45.88
01/08/2017,67880,14180190000,209.9(0.77 %),77520,16174270000,9640,1994080000,2339000,45.96
02/08/2017,7090,1545030000,209.8(-0.05 %),78650,16426460000,71560,14881430000,2261350,46.07
03/08/2017,54530,11431240000,208.8(-0.48 %),54830,11494030000,300,62790000,2209220,46.13
04/08/2017,8610,1792630000,209(0.10 %),8840,1840700000,230,48070000,2210020,46.13
07/08/2017,10820,2280800000,211(0.96 %),12040,2536400000,1220,255600000,2269540,46.05
08/08/2017,32550,6885010000,211.7(0.33 %),34050,7203010000,1500,318000000,2235790,46.1
09/08/2017,-14570,-3032220000,208.9(-1.32 %),4000,837390000,18570,3869610000,2232020,46.1
10/08/2017,13410,2814080000,210(0.53 %),13410,2814080000,0,0,2219830,46.12
11/08/2017,-1460,-305600000,208.3(-0.81 %),200,41760000,1660,347360000,2221130,46.12
14/08/2017,-4640,-966200000,208.8(0.24 %),4560,951980000,9200,1918180000,2235140,46.1
15/08/2017,52500,10469910000,208.6(-0.10 %),56400,11283530000,3900,813620000,2178740,46.17
16/08/2017,16200,3394250000,211.8(1.53 %),24660,5177230000,8460,1782980000,2155740,46.2
17/08/2017,-22560,-4793860000,210(-0.85 %),8480,1798180000,31040,6592040000,2156460,46.2
18/08/2017,-7200,-1509210000,209(-0.48 %),21670,4552890000,28870,6062100000,2138690,46.22
21/08/2017,-32280,-6759060000,209.4(0.19 %),302500,63404190000,334780,70163250000,2144650,46.22
22/08/2017,5680,1197440000,210(0.29 %),8800,1852390000,3120,654950000,2166890,46.19
23/08/2017,4830,1020340000,211(0.48 %),6630,1398470000,1800,378130000,2189130,46.16
24/08/2017,5480,1164470000,214(1.42 %),6510,1384580000,1030,220110000,2217400,46.12
25/08/2017,-2500,-534540000,215(0.47 %),1850,394490000,4350,929030000,2218670,46.12
28/08/2017,-530,-112350000,214.9(-0.05 %),7350,1579290000,7880,1691640000,2213120,46.13
29/08/2017,-7970,-1708760000,213.5(-0.65 %),3070,655510000,11040,2364270000,2211080,46.13
30/08/2017,54800,11454260000,208.9(0.19 %),79070,16529540000,24270,5075280000,2136360,46.23
31/08/2017,41990,8775660000,209(0.05 %),82760,17297740000,40770,8522080000,2061480,46.32
01/09/2017,620,129690000,208.1(-0.43 %),620,129690000,0,0,2071900,46.31
05/09/2017,17330,3618370000,209(0.43 %),17730,3702370000,400,84000000,2078440,46.3
06/09/2017,17280,3601260000,208.2(-0.38 %),17280,3601260000,0,0,2101930,46.27
07/09/2017,2360,491650000,208.3(0.05 %),3600,749810000,1240,258160000,2098330,46.28
08/09/2017,16670,3498180000,209.4(0.53 %),25670,5372880000,9000,1874700000,2073060,46.31
11/09/2017,2180,458820000,208.7(-0.33 %),4780,1005190000,2600,546370000,2068280,46.32
12/09/2017,34070,7119450000,209(0.14 %),48470,10128580000,14400,3009130000,2021050,46.38
13/09/2017,65920,13907970000,211(0.96 %),67570,14254030000,1650,346060000,1962480,46.45
14/09/2017,16360,3450220000,213(0.95 %),19260,4063230000,2900,613010000,1945820,46.47
15/09/2017,19180,4086520000,213.1(0.05 %),21280,4534430000,2100,447910000,1938940,46.48
18/09/2017,-6500,-1371010000,211(-0.99 %),1780,376160000,8280,1747170000,1938810,46.48
19/09/2017,610,129710000,210(-0.47 %),4120,865110000,3510,735400000,1937590,46.49
20/09/2017,6580,1377180000,209.9(-0.05 %),8680,1816580000,2100,439400000,1931031,46.49
21/09/2017,12110,2544340000,209.7(-0.10 %),12170,2556940000,60,12600000,1927141,46.5
22/09/2017,23280,4884160000,210(0.14 %),24290,5096270000,1010,212110000,1906361,46.53
25/09/2017,-1920,-402250000,208.7(-0.62 %),170,35610000,2090,437860000,1908291,46.52
26/09/2017,12250,2559010000,209.1(0.19 %),16190,3382030000,3940,823020000,1892161,46.54
27/09/2017,38410,8066820000,209.8(0.33 %),38640,8114900000,230,48080000,1854531,46.59
28/09/2017,100,20850000,208.1(-0.81 %),100,20850000,0,0,1856521,46.59
29/09/2017,18940,3943410000,208(-0.05 %),20980,4367950000,2040,424540000,1839481,46.61
02/10/2017,-2340,-484790000,207(-0.48 %),500,103650000,2840,588440000,1839211,46.61
03/10/2017,-62910,-12892690000,204.5(-1.21 %),6430,1319600000,69340,14212290000,1832787,46.62
04/10/2017,1860,388830000,208(1.71 %),3960,815340000,2100,426510000,1830867,46.62
05/10/2017,51520,10618880000,206(-0.96 %),55080,11354260000,3560,735380000,1778627,46.69
06/10/2017,-6190,-1258030000,203.1(-1.41 %),1010,208040000,7200,1466070000,1846957,46.6
09/10/2017,-2740,-556490000,203(-0.05 %),0,0,2740,556490000,1849057,46.6
10/10/2017,-2440,-494290000,203(0.00 %),280,56690000,2720,550980000,1852337,46.6
11/10/2017,9960,2061220000,207(1.97 %),11960,2471370000,2000,410150000,1847577,46.6
12/10/2017,4650,963530000,207(0.00 %),5350,1108430000,700,144900000,1844967,46.61
13/10/2017,92740,19184650000,207(0.00 %),96820,20027110000,4080,842460000,1750873,46.73
16/10/2017,-20380,-4246750000,210.9(1.88 %),3950,828050000,24330,5074800000,1748923,46.73
17/10/2017,84310,17176030000,212.4(0.71 %),85480,17424820000,1170,248790000,1664143,46.84
18/10/2017,10210,2176700000,213(0.28 %),11350,2419630000,1140,242930000,1656873,46.85
19/10/2017,1090,231970000,213(0.00 %),1240,263850000,150,31880000,1679963,46.82
20/10/2017,13440,2882890000,214(0.47 %),13880,2977400000,440,94510000,1667253,46.84
23/10/2017,8140,1721490000,207.9(-2.85 %),8300,1755890000,160,34400000,1660093,46.85
24/10/2017,29830,6219270000,210(1.01 %),32950,6872320000,3120,653050000,1627293,46.89
25/10/2017,-1030,-215490000,210(0.00 %),2570,540310000,3600,755800000,1625163,46.89
26/10/2017,11940,2505670000,210(0.00 %),83526,17533260000,71586,15027590000,1605063,46.92
27/10/2017,3310,705250000,214(1.90 %),4110,873250000,800,168000000,1604073,46.92
30/10/2017,-51120,-11180760000,222.9(4.16 %),30980,6796220000,82100,17976980000,1576693,46.95
31/10/2017,13120,2914960000,218(-2.20 %),13780,3063460000,660,148500000,1571233,46.96
01/11/2017,23600,5228020000,222(1.83 %),24600,5448020000,1000,220000000,1547433,46.99
02/11/2017,109110,24523270000,226(1.80 %),110110,24749070000,1000,225800000,1519423,47.03
03/11/2017,31050,7017300000,225(-0.44 %),36650,8282900000,5600,1265600000,1483433,47.07
06/11/2017,37840,8739580000,238(5.78 %),43780,10092830000,5940,1353250000,1440653,47.13
07/11/2017,14880,3510160000,235.7(-0.97 %),60350,14130190000,45470,10620030000,1381303,47.21
08/11/2017,24300,5789370000,236(0.13 %),66610,15870870000,42310,10081500000,1320293,47.29
09/11/2017,2110,479090000,230(-2.54 %),59160,13763790000,57050,13284700000,1311073,47.3
10/11/2017,55620,12981890000,231(0.43 %),56350,13150210000,730,168320000,1300193,47.31
13/11/2017,3890,901830000,235(1.73 %),4930,1145210000,1040,243380000,1337573,47.26
14/11/2017,68660,15794790000,239(1.70 %),144180,33825800000,75520,18031010000,1206443,47.43
15/11/2017,-220,-55030000,237.7(-0.54 %),4040,965260000,4260,1020290000,1203133,47.44
16/11/2017,330,77840000,234(-1.56 %),1170,274480000,840,196640000,1203003,47.44
17/11/2017,-7950,-1846240000,231(-1.28 %),1540,358780000,9490,2205020000,1276983,47.34
20/11/2017,9060,2051100000,227.6(-1.47 %),68610,15636090000,59550,13584990000,1262636,47.36
21/11/2017,48830,11413780000,230.7(1.36 %),60580,14127050000,11750,2713270000,1202896,47.44
22/11/2017,1820,424590000,232.9(0.95 %),3320,771610000,1500,347020000,1209066,47.43
23/11/2017,470430,109522610000,234(0.47 %),600980,140145400000,130550,30622790000,717636,48.07
24/11/2017,62380,14598180000,234.3(0.13 %),323220,75809670000,260840,61211490000,656166,48.15
27/11/2017,36910,8573490000,231.5(-1.20 %),36910,8573490000,0,0,620756,48.19
28/11/2017,24260,5584770000,228.9(-1.12 %),25800,5939790000,1540,355020000,625506,48.19
29/11/2017,30670,7078270000,231(0.92 %),48420,11125250000,17750,4046980000,587926,48.24
30/11/2017,35490,8189870000,227.3(-1.60 %),99870,23035440000,64380,14845570000,508056,48.34
01/12/2017,8090,1835820000,227.4(0.04 %),49710,11312980000,41620,9477160000,482266,48.37
04/12/2017,41790,9433550000,226(-0.62 %),73290,16564160000,31500,7130610000,426726,48.45
05/12/2017,940,199220000,225(-0.44 %),49450,11228460000,48510,11029240000,421656,48.45
06/12/2017,-2750,-615270000,222.5(-1.11 %),7130,1593910000,9880,2209180000,433766,48.44
07/12/2017,20540,4492700000,216.9(-2.52 %),93040,20332580000,72500,15839880000,12226,48.98
08/12/2017,-16410,-3527510000,214.1(-1.29 %),13380,2858210000,29790,6385720000,47356,48.94
11/12/2017,-58780,-12726990000,215(0.42 %),1220,263940000,60000,12990930000,56016,48.93
12/12/2017,-600,-127690000,218.1(1.44 %),510,110160000,1110,237850000,6,49.0
13/12/2017,8950,2028550000,218.2(0.05 %),29040,6448610000,20090,4420060000,756,49.0
14/12/2017,-16680,-3674010000,222.1(1.79 %),5850,1277400000,22530,4951410000,54906,48.93
15/12/2017,48940,11065350000,226(1.76 %),108420,24605670000,59480,13540320000,596,49.0
18/12/2017,2070,464770000,226.5(0.22 %),6890,1559860000,4820,1095090000,13796,48.98
19/12/2017,-21740,-4940880000,223.9(-1.15 %),30320,6836810000,52060,11777690000,6,49.0
20/12/2017,-60,-150000,218(-2.64 %),6480,1450440000,6540,1450590000,6,49.0
21/12/2017,4530,989160000,218(0.00 %),84820,18593180000,80290,17604020000,6,49.0
22/12/2017,-44340,-9535360000,214.3(-1.70 %),52060,11248070000,96400,20783430000,6,49.0
25/12/2017,2540,556020000,219(2.19 %),6540,1425720000,4000,869700000,6,49.0
26/12/2017,-6860,-1494130000,219(0.00 %),290,63750000,7150,1557880000,6,49.0
27/12/2017,30400,6719380000,219(0.00 %),78110,17174690000,47710,10455310000,6,49.0
28/12/2017,1510,331900000,223(1.83 %),69910,15457130000,68400,15125230000,6,49.0
29/12/2017,7120,1607460000,226.5(1.57 %),7150,1614220000,30,6760000,6,49.0
02/01/2018,0,0,227.5(0.44 %),75000,17025000000,75000,17025000000,6,49.0
03/01/2018,-12720,-2891400000,227(-0.22 %),2490,568970000,15210,3460370000,6,49.0
04/01/2018,-71330,-16226440000,230(1.32 %),100030,22756820000,171360,38983260000,6,49.0
05/01/2018,-76800,-17728380000,227.5(-1.09 %),0,0,76800,17728380000,6,49.0
08/01/2018,-7070,-1580010000,225(-1.10 %),15210,3445400000,22280,5025410000,6,49.0
09/01/2018,53290,11996400000,226(0.44 %),57770,13001530000,4480,1005130000,13596,48.98
10/01/2018,6640,1480970000,224(-0.88 %),6770,1510120000,130,29150000,83626,48.89
11/01/2018,-24390,-5366720000,218(-2.68 %),31160,6827650000,55550,12194370000,94746,48.88
12/01/2018,43910,9654700000,221(1.38 %),149220,32712660000,105310,23057960000,6,49.0
15/01/2018,-9940,-2183870000,220.9(-0.05 %),40050,8782580000,49990,10966450000,6,49.0
16/01/2018,-114830,-25032540000,216.2(-2.13 %),72280,15815180000,187110,40847720000,13276,48.98
17/01/2018,-163100,-35002830000,214(-1.02 %),6720,1442620000,169820,36445450000,61866,48.92
18/01/2018,-203160,-42755170000,210(-1.87 %),19980,4197070000,223140,46952240000,51956,48.93
19/01/2018,-69780,-14720380000,211(0.48 %),75760,15912850000,145540,30633230000,113306,48.85
22/01/2018,-39690,-8229810000,206(-2.37 %),39930,8262000000,79620,16491810000,243196,48.68
25/01/2018,-177230,-35357710000,199(-3.40 %),96050,19236890000,273280,54594600000,639446,48.17
26/01/2018,-189050,-36778980000,191(-4.02 %),30860,5929900000,219910,42708880000,608586,48.21
29/01/2018,-596103,-110281680000,192(0.52 %),175630,32450450000,771733,142732130000,432956,48.44
30/01/2018,-514160,-99095820000,205.4(6.98 %),36280,7167370000,550440,106263190000,625956,48.19
31/01/2018,3560,724200000,201(-2.14 %),26260,5340230000,22700,4616030000,1459056,47.14
01/02/2018,-108010,-20769860000,194(-3.48 %),39100,7538240000,147110,28308100000,2191689,46.2
02/02/2018,-67610,-12762440000,186(-4.12 %),206630,38928200000,274240,51690640000,2735499,45.51
05/02/2018,74620,14161960000,188.1(1.13 %),84330,15989490000,9710,1827530000,2673869,45.59
06/02/2018,-56610,-9850580000,175(-6.96 %),95080,16945020000,151690,26795600000,2725899,45.52
07/02/2018,1740,326060000,180.4(3.09 %),6920,1253790000,5180,927730000,2793219,45.44
08/02/2018,25400,4542360000,177(-1.88 %),25430,4547660000,30,5300000,2777499,45.46
09/02/2018,-11770,-2118520000,181(2.26 %),34930,6202480000,46700,8321000000,2894259,45.31
12/02/2018,-19350,-3620630000,187.6(3.65 %),20200,3791180000,39550,7411810000,2879239,45.33
13/02/2018,-13110,-2481100000,189.3(0.91 %),6750,1275980000,19860,3757080000,2872519,45.33
21/02/2018,-72100,-13439490000,185(-2.27 %),34960,6540540000,107060,19980030000,2884259,45.32
22/02/2018,-138410,-25026870000,179.9(-2.76 %),26070,4711810000,164480,29738680000,2897739,45.3
23/02/2018,-63800,-11404610000,181(0.61 %),38050,6808270000,101850,18212880000,2879549,45.32
26/02/2018,-28140,-5105460000,180(-0.55 %),6850,1242050000,34990,6347510000,2979762,45.2
27/02/2018,36750,6714440000,184(2.22 %),61960,11293080000,25210,4578640000,3082282,45.07
28/02/2018,-32800,-5943120000,181(-1.63 %),15960,2887930000,48760,8831050000,3168172,44.96
01/03/2018,-96950,-17145700000,175.8(-2.87 %),850,150840000,97800,17296540000,3202312,44.91
02/03/2018,-64290,-11155030000,173.8(-1.14 %),1150,200660000,65440,11355690000,3226372,44.88
05/03/2018,-43640,-7776610000,178.5(2.70 %),8200,1472220000,51840,9248830000,3266932,44.83
06/03/2018,-104083,-18660000000,181(1.40 %),13810,2504160000,117893,21164160000,3350922,44.72
07/03/2018,40070,7150480000,178(-1.66 %),246300,43916730000,206230,36766250000,3314722,44.77
08/03/2018,31100,5788240000,182(2.25 %),203620,36412460000,172520,30624220000,3162942,44.96
09/03/2018,86590,15823130000,179.1(-1.59 %),202190,36756290000,115600,20933160000,3078648,45.07
12/03/2018,-39410,-6989450000,175.8(-1.84 %),70990,12618840000,110400,19608290000,3069228,45.08
13/03/2018,-237420,-41027890000,171.9(-2.22 %),6740,1170110000,244160,42198000000,3235008,44.87
14/03/2018,-170820,-28916560000,167.1(-2.79 %),48740,8211990000,219560,37128550000,3301868,44.79
15/03/2018,-373590,-60871430000,165(-1.26 %),153060,25200980000,526650,86072410000,3259208,44.84
16/03/2018,-205270,-33101120000,161.5(-2.12 %),15190,2459600000,220460,35560720000,3488178,44.55
19/03/2018,-102780,-16661770000,161.6(0.06 %),31930,5164440000,134710,21826210000,3675808,44.31
20/03/2018,-106520,-17624720000,166(2.72 %),71730,11873410000,178250,29498130000,4130728,43.73
21/03/2018,52610,9004000000,171.8(3.49 %),77570,13294030000,24960,4290030000,4273618,43.55
22/03/2018,44500,7588310000,169.5(-1.34 %),138056,23531440000,93556,15943130000,4341258,43.46
23/03/2018,59770,9892380000,165.5(-2.36 %),61250,10136760000,1480,244380000,4458264,43.31
26/03/2018,-30860,-5046870000,161.6(-2.36 %),60680,9880000000,91540,14926870000,4422544,43.36
27/03/2018,-133860,-21445050000,158(-2.23 %),9450,1529670000,143310,22974720000,4435664,43.34
28/03/2018,-201940,-30976690000,152.1(-3.73 %),38230,5870290000,240170,36846980000,4398914,43.39
29/03/2018,-180480,-26969610000,149.1(-1.97 %),42210,6299200000,222690,33268810000,4448244,43.32
30/03/2018,17830,2770430000,157.9(5.90 %),28100,4367710000,10270,1597280000,4563454,43.18
02/04/2018,42350,6654110000,157(-0.57 %),107250,16824070000,64900,10169960000,4696374,43.01
03/04/2018,-11460,-1759180000,153(-2.55 %),50610,7823910000,62070,9583090000,4868454,42.79
04/04/2018,-188120,-28004150000,147(-3.92 %),9390,1403920000,197510,29408070000,4869334,42.79
05/04/2018,106170,16047600000,152(3.40 %),147640,22333640000,41470,6286040000,4786600,42.89
06/04/2018,8860,1373900000,155(1.97 %),56860,8822630000,48000,7448730000,4791810,42.88
09/04/2018,73880,11432130000,152.1(-1.87 %),104690,16157670000,30810,4725540000,4884630,42.77
10/04/2018,-15220,-2283290000,156.1(2.63 %),81200,12504630000,96420,14787920000,4844900,42.82
11/04/2018,-52190,-8471830000,160.2(2.63 %),282910,45328130000,335100,53799960000,4710790,42.99
12/04/2018,13660,2195470000,158(-1.37 %),66630,10623960000,52970,8428490000,4674970,43.03
13/04/2018,-10940,-1663470000,153(-3.16 %),35090,5470570000,46030,7134040000,4736300,42.96
16/04/2018,-33770,-5042190000,150(-1.96 %),6390,962610000,40160,6004800000,4964210,42.66
17/04/2018,-67430,-10195800000,151.2(0.80 %),18060,2729440000,85490,12925240000,4999120,42.62
18/04/2018,-78990,-11762610000,146(-3.44 %),17110,2517780000,96100,14280390000,5028040,42.58
19/04/2018,-280160,-38882170000,138.2(-5.34 %),18950,2629930000,299110,41512100000,5049250,42.56
20/04/2018,-34480,-4857680000,147.8(6.95 %),5560,781160000,40040,5638840000,5129180,42.45
23/04/2018,10630,1444830000,140(-5.28 %),63990,8992730000,53360,7547900000,5161290,42.41
24/04/2018,-69630,-9606060000,137.5(-1.79 %),1800,248440000,71430,9854500000,5458600,42.03
26/04/2018,-80420,-10807660000,133.1(-3.20 %),12160,1635140000,92580,12442800000,5486480,42.0
27/04/2018,-35650,-4819570000,135(1.43 %),1110,150050000,36760,4969620000,5538730,41.93
02/05/2018,-15370,-2065540000,132.1(-2.15 %),710,96760000,16080,2162300000,5609450,41.84
03/05/2018,-22280,-2882160000,129.9(-1.67 %),57060,7424820000,79340,10306980000,5644970,41.8
04/05/2018,-14740,-1943090000,134.5(3.54 %),1320,175000000,16060,2118090000,5680410,41.75
07/05/2018,-18240,-2484980000,137(1.86 %),1760,235020000,20000,2720000000,5694730,41.73
08/05/2018,-59380,-8133180000,135.7(-0.95 %),3490,483580000,62870,8616760000,5770580,41.64
09/05/2018,-154010,-21229990000,142(4.64 %),1130,152840000,155140,21382830000,5785510,41.62
10/05/2018,-276640,-39242190000,142.1(0.07 %),0,0,276640,39242190000,5805510,41.59
11/05/2018,-142800,-20515160000,144.7(1.83 %),630,90290000,143430,20605450000,5867750,41.51
14/05/2018,-38940,-5795940000,148(2.28 %),36720,5461650000,75660,11257590000,5986170,41.36
15/05/2018,-24410,-3652430000,149.9(1.28 %),840,125110000,25250,3777540000,6261970,41.01
16/05/2018,-47390,-6881610000,145.6(-2.87 %),640,94800000,48030,6976410000,6404760,40.83
17/05/2018,-20020,-2872440000,144(-1.10 %),590,84680000,20610,2957120000,6479830,40.73
18/05/2018,-8340,-1188050000,144(0.00 %),7000,991400000,15340,2179450000,6498080,40.71
21/05/2018,-11520,-1681390000,144.6(0.42 %),8090,1188640000,19610,2870030000,6538020,40.66
22/05/2018,24930,3627820000,144.6(0.00 %),26950,3919890000,2020,292070000,6531680,40.66
23/05/2018,94540,13096080000,138(-4.56 %),163040,22509390000,68500,9413310000,6383980,40.85
24/05/2018,-147800,-19258110000,129.5(-6.16 %),66060,8684520000,213860,27942630000,6337530,40.91
25/05/2018,-253460,-31926080000,122(-5.79 %),68430,8640660000,321890,40566740000,6271120,41.0
28/05/2018,-139530,-17184350000,124(1.64 %),20070,2483150000,159600,19667500000,6319550,40.93
29/05/2018,-7580,-1144530000,132.6(6.94 %),102710,13132400000,110290,14276930000,6430700,40.79
30/05/2018,6920,1001490000,138(4.07 %),56920,7766420000,50000,6764930000,6695670,40.45
31/05/2018,56310,8000130000,142(2.90 %),73280,10389920000,16970,2389790000,6781990,40.34
01/06/2018,106310,15093110000,142.6(0.42 %),121180,17187510000,14870,2094400000,6771100,40.36
04/06/2018,81830,12022640000,147(3.09 %),303520,44630120000,221690,32607480000,6517580,40.68
05/06/2018,135970,20301260000,156(6.12 %),199010,30054720000,63040,9753460000,6335540,40.91
06/06/2018,105270,17020520000,164(5.13 %),155580,25120930000,50310,8100410000,6194830,41.09
07/06/2018,104740,17101800000,159.7(-2.62 %),131730,21482060000,26990,4380260000,6284790,40.98
08/06/2018,71900,11257460000,157.5(-1.38 %),83060,13005020000,11160,1747560000,6264770,41.0
11/06/2018,86230,13967810000,160.1(1.65 %),103960,16855980000,17730,2888170000,6211120,41.07
12/06/2018,1500,234170000,156.7(-2.12 %),11000,1734260000,9500,1500090000,6227110,41.05
13/06/2018,143300,22907670000,161(2.74 %),143420,22926860000,120,19190000,6094854,41.22
14/06/2018,62120,9951290000,160(-0.62 %),62230,9969060000,110,17770000,6050354,41.28
15/06/2018,50710,8248820000,161.2(0.75 %),50710,8248820000,0,0,6009150,41.33
18/06/2018,-68790,-10600720000,151.2(-6.20 %),52710,8211430000,121500,18812150000,5956560,41.4
19/06/2018,23500,3434190000,150(-0.79 %),30750,4490350000,7250,1056160000,5925920,41.44
20/06/2018,53310,8205570000,157(4.67 %),58830,9040660000,5520,835090000,5867090,41.51
21/06/2018,92950,14481680000,155.1(-1.21 %),93020,14492590000,70,10910000,5895570,41.48
22/06/2018,18400,2853240000,155(-0.06 %),21780,3376700000,3380,523460000,5881040,41.49
25/06/2018,55800,8814890000,158(1.94 %),55800,8814890000,0,0,5830760,41.56
26/06/2018,1390,215550000,155.3(-1.71 %),3820,595580000,2430,380030000,5827013,41.56
27/06/2018,109510,17276960000,156(0.45 %),111510,17592360000,2000,315400000,5718883,41.7
28/06/2018,1210,176740000,151(-3.21 %),14870,2266480000,13660,2089740000,5704013,41.72
29/06/2018,64150,9809578000,152.4(0.93 %),138240,21162385000,74090,11352807000,5639863,40.99
02/07/2018,20650,3088586000,148(-2.89 %),20650,3088586000,0,0,5499125,41.17
03/07/2018,9150,1323210000,142(-4.05 %),9410,1360800000,260,37590000,5553803,41.91
04/07/2018,-48990,-6814870000,138.5(-2.46 %),112710,15743960000,161700,22558830000,5515183,41.96
05/07/2018,-240090,-32370240000,134.5(-2.89 %),340,46620000,240430,32416860000,5514843,41.96
06/07/2018,-208850,-27595760000,138.9(3.27 %),1830,248200000,210680,27843960000,5513273,41.96
09/07/2018,50970,7205650000,141(1.51 %),50970,7205650000,0,0,5624003,41.82
10/07/2018,70910,10085160000,142(0.71 %),120910,17188360000,50000,7103200000,5788523,41.61
11/07/2018,29100,4040630000,138.6(-2.39 %),30350,4214280000,1250,173650000,5968853,41.38
12/07/2018,16120,2251676000,139.5(0.65 %),16130,2253066000,10,1390000,5952733,40.59
13/07/2018,109710,15543380000,142(1.79 %),125350,17752440000,15640,2209060000,5832373,41.56
16/07/2018,67080,9718560000,145.5(2.46 %),79080,11455250000,12000,1736690000,5754543,41.66
17/07/2018,32050,4669350000,146(0.34 %),46950,6828240000,14900,2158890000,5707603,41.72
18/07/2018,107390,15987175000,149.5(2.40 %),118390,17627338000,11000,1640163000,5600213,41.04
19/07/2018,75720,11404210000,151.5(1.34 %),86820,13078020000,11100,1673810000,5530033,41.94
20/07/2018,20800,3129830000,151(-0.33 %),25900,3899960000,5100,770130000,5519033,41.96
23/07/2018,10550,1569934000,147.1(-2.58 %),10550,1569934000,0,0,5508483,41.15
24/07/2018,26060,3803040000,145(-1.43 %),26060,3803040000,0,0,5504523,41.97
25/07/2018,260,38230000,147.5(1.72 %),14760,2181202000,14500,2142972000,5504263,41.16
26/07/2018,-13960,-2041250000,145.1(-1.63 %),140,20440000,14100,2061690000,5494729,41.99
27/07/2018,34500,5113440000,147(1.31 %),72500,10725640000,38000,5612200000,5422229,42.08
30/07/2018,-2700,-400345000,149.6(1.77 %),15480,2310265000,18180,2710610000,5424929,41.26
31/07/2018,-87040,-13156003000,151.9(1.54 %),60680,9115753000,147720,22271756000,5511969,41.15
01/08/2018,31080,4807767000,155.5(2.37 %),84230,13048511000,53150,8240744000,5499125,41.17
02/08/2018,99260,15691270000,159(2.25 %),181150,28616650000,81890,12925380000,5215469,42.34
03/08/2018,-94820,-15275551000,161(1.26 %),148320,23883026000,243140,39158577000,5310289,41.41
06/08/2018,-2060,-272614000,156.5(-2.80 %),53070,8545007000,55130,8817621000,5312349,41.4
07/08/2018,-17770,-2733411000,154.8(-1.09 %),104730,16301889000,122500,19035300000,5330119,41.38
08/08/2018,12210,1894028000,154.2(-0.39 %),58410,9049375000,46200,7155347000,5317909,41.4
09/08/2018,19450,3055617000,157(1.82 %),181980,28417443000,162530,25361826000,5298459,41.42
10/08/2018,16030,2537690000,157(0.00 %),101900,16059590000,85870,13521900000,5400589,42.11
13/08/2018,92640,14372990000,156(2.62 %),214590,33053940000,121950,18680950000,5292199,42.25
14/08/2018,258430,40752120000,158(1.28 %),262510,41394840000,4080,642720000,5062219,42.54
15/08/2018,8390,1309440000,153(-3.16 %),10690,1670840000,2300,361400000,5087399,42.51
16/08/2018,350,52740000,153.5(0.33 %),1390,211420000,1040,158680000,5147959,42.43
17/08/2018,27600,4232692000,153.5(0.00 %),38080,5840272000,10480,1607580000,5120359,41.65
20/08/2018,31340,4809952000,153(-0.33 %),40200,6158379000,8860,1348427000,5089019,41.69
21/08/2018,14700,2235897000,152(-0.65 %),16700,2540097000,2000,304200000,5074319,41.71
22/08/2018,48150,7470230000,155(1.97 %),50010,7753510000,1860,283280000,5020869,42.59
23/08/2018,38430,5952720000,155(0.00 %),38490,5961990000,60,9270000,4991239,42.63
24/08/2018,202730,32082680000,160(3.23 %),210740,33339803000,8010,1257123000,4788509,42.07
27/08/2018,77060,12452362000,161.8(1.12 %),80830,13061287000,3770,608925000,4711449,42.17
28/08/2018,151360,24814600000,164.9(1.92 %),153840,25222743000,2480,408143000,4560089,42.36
29/08/2018,11570,1888930000,162.1(-1.70 %),21620,3526940000,10050,1638010000,4536139,43.21
30/08/2018,162620,26879840000,168.5(3.95 %),184720,30545700000,22100,3665860000,4355189,43.44
31/08/2018,2000,335523000,165.5(-1.78 %),2310,387420000,310,51897000,4353189,42.63
04/09/2018,3320,543580000,163(-1.51 %),3320,543580000,0,0,5499125,41.17
05/09/2018,37540,6211883000,164(0.61 %),39260,6490783000,1720,278900000,5461585,41.21
06/09/2018,-10800,-1773678000,163(-0.61 %),4200,685204000,15000,2458882000,5472385,41.2
07/09/2018,-11770,-1923066000,164.2(0.74 %),55700,9105278000,67470,11028344000,5484155,41.18
10/09/2018,-3040,-501650000,162.3(-1.16 %),5390,876080000,8430,1377730000,4331675,43.47
11/09/2018,-7730,-1257210000,164(1.05 %),770720,126068660000,778450,127325870000,4345955,43.45
12/09/2018,-16020,-2634400000,164(0.00 %),0,0,16020,2634400000,4363425,43.43
13/09/2018,-4760,-776320000,163.2(-0.49 %),0,0,4760,776320000,4371855,43.42
14/09/2018,-300,-58800000,163(-0.12 %),16200,2640800000,16500,2699600000,4364105,43.43
17/09/2018,8440,1354210000,160.1(-1.78 %),22870,3673930000,14430,2319720000,4357255,43.44
18/09/2018,4110,656310000,162.5(1.50 %),4110,656310000,0,0,4357905,43.44
19/09/2018,-8060,-1314190000,162.5(0.00 %),210,34340000,8270,1348530000,4374195,43.42
20/09/2018,30200,4918120000,163(0.31 %),30200,4918120000,0,0,4358425,43.44
21/09/2018,178390,29323170000,167(2.45 %),179530,29512350000,1140,189180000,4178895,43.67
24/09/2018,75690,12766765000,169.8(1.68 %),76300,12869336000,610,102571000,4103205,43.76
25/09/2018,750,127041000,168(-1.06 %),770,130428760,20,3387760,4102455,43.76
26/09/2018,37000,6202162000,166(-1.19 %),37000,6202162000,0,0,4065455,43.81
27/09/2018,51300,8598578000,168.3(1.39 %),52400,8781178000,1100,182600000,4014155,43.88
28/09/2018,2430,409570000,166(-1.37 %),2430,409570000,0,0,4011725,43.88
01/10/2018,0,0,164.8(-0.72 %),0,0,0,0,3977191,43.92
02/10/2018,11740,1921881000,163.5(-0.79 %),17790,2913036000,6050,991155000,3965451,43.94
03/10/2018,-8200,-1340695000,163.5(0.00 %),50,8180000,8250,1348875000,3973651,43.93
04/10/2018,4410,724746000,164.8(0.80 %),7100,1166064000,2690,441318000,3969241,43.93
05/10/2018,26920,4511550000,166(0.73 %),27010,4526499000,90,14949000,3942321,43.97
08/10/2018,74970,12537710000,166.1(0.06 %),76380,12772450000,1410,234740000,3864531,44.07
09/10/2018,50,8300000,165.8(-0.18 %),50,8300000,0,0,3867171,44.06
10/10/2018,-1560,-258713000,165.8(0.00 %),340,56409000,1900,315122000,3868731,44.06
11/10/2018,-22280,-3541108000,156.5(-5.61 %),12490,1976904000,34770,5518012000,3891011,44.03
12/10/2018,11430,1793495000,156.1(-0.26 %),11650,1827785000,220,34290000,3879581,44.05
15/10/2018,39390,6154091000,156(-0.06 %),39440,6161956000,50,7865000,3840191,44.1
16/10/2018,10780,1691153000,157.2(0.77 %),10930,1714553000,150,23400000,3829411,44.11
17/10/2018,9200,1453666000,157.5(0.19 %),9210,1455246000,10,1580000,3820211,44.12
18/10/2018,44570,7034720000,156(-0.95 %),44570,7034720000,0,0,3776981,44.18
19/10/2018,35950,5560478000,154.5(-0.96 %),36950,5715478000,1000,155000000,3741031,44.23
22/10/2018,26780,4079821000,151.9(-1.68 %),27420,4177753000,640,97932000,3714251,44.26
23/10/2018,10500,1565366000,147(-3.23 %),15470,2296776000,4970,731410000,3703751,44.27
24/10/2018,6200,897273000,145(-1.36 %),7700,1118000000,1500,220727000,3697551,44.28
25/10/2018,2950,421132000,144(-0.69 %),4300,612843000,1350,191711000,3694601,44.28
26/10/2018,18420,2684160000,142(-1.39 %),30280,4391450000,11860,1707290000,3661631,44.33
29/10/2018,29230,4098810000,139.1(-2.04 %),30400,4263340000,1170,164530000,3632731,44.36
30/10/2018,4690,669510000,140(0.65 %),8720,1235812000,4030,566302000,3628041,44.37
31/10/2018,10440,1500987000,145.6(4.00 %),10500,1509613000,60,8626000,3617601,44.38
01/11/2018,450,65310000,147(0.96 %),930,135630000,480,70320000,3627491,44.37
02/11/2018,-8730,-1320283000,151.5(3.06 %),3500,529852000,12230,1850135000,3636221,44.36
05/11/2018,19210,2907570000,151.2(-0.20 %),20220,3059070000,1010,151500000,3607331,44.4
06/11/2018,-100,-14652000,152(0.53 %),3700,560728000,3800,575380000,3607431,44.4
07/11/2018,1630,248558000,152(0.00 %),23560,3582068000,21930,3333510000,3605801,44.4
08/11/2018,-8530,-1295960000,152(0.00 %),7770,1178941000,16300,2474901000,3614331,44.39
09/11/2018,250,37700000,149.9(-1.38 %),800,120220000,550,82520000,3614081,44.39
12/11/2018,440,65120000,147.7(-1.47 %),440,65120000,0,0,3613641,44.39
13/11/2018,0,0,145(-1.83 %),0,0,0,0,3613641,44.39
14/11/2018,-3560,-522488000,146(0.69 %),2110,310888000,5670,833376000,3617201,44.38
15/11/2018,130,19097000,145.5(-0.34 %),130,19097000,0,0,3617071,44.38
16/11/2018,-3320,-487730000,147.9(1.65 %),0,0,3320,487730000,3620391,44.38
19/11/2018,3190,483480000,150(1.42 %),11210,1677340000,8020,1193860000,3619581,44.38
20/11/2018,-104770,-15724820000,151(0.67 %),2890,433380000,107660,16158200000,3616691,44.38
21/11/2018,-147130,-22421600000,153.5(1.66 %),2870,437160000,150000,22858760000,3617141,44.38
22/11/2018,-250,-38375000,153.5(0.00 %),0,0,250,38375000,3617391,44.38
23/11/2018,0,0,151.7(-1.17 %),0,0,0,0,3617391,44.38
26/11/2018,-21890,-3219706000,150.5(-0.79 %),210,31794000,22100,3251500000,3639281,44.36
27/11/2018,-87590,-13575537000,155(2.99 %),810,126326000,88400,13701863000,3726871,44.24
28/11/2018,1980,312035000,157.3(1.48 %),65830,10380403000,63850,10068368000,3724891,44.25
29/11/2018,5360,846819000,157(-0.19 %),15960,2515663000,10600,1668844000,3719531,44.25
30/11/2018,640,99200000,155.5(-0.96 %),640,99200000,0,0,3718891,44.25
03/12/2018,16240,2548111000,159(2.25 %),20040,3145211000,3800,597100000,3953931,43.95
04/12/2018,43330,6847980000,157(-1.26 %),43730,6910903000,400,62923000,3910601,44.01
05/12/2018,-44600,-6955736000,157(0.00 %),250,38880000,44850,6994616000,3955201,43.95
06/12/2018,-17000,-2654047000,157(0.00 %),0,0,17000,2654047000,3972201,43.93
07/12/2018,9020,1442914000,158.5(0.96 %),30520,4829157000,21500,3386243000,3963181,43.94
10/12/2018,-42870,-6710599000,155(-2.21 %),16070,2516570000,58940,9227169000,4006051,43.89
11/12/2018,-36600,-5738685000,156.6(1.03 %),4170,650820000,40770,6389505000,4042651,43.84
12/12/2018,-5300,-828608000,156.8(0.13 %),62250,9773473000,67550,10602081000,4047951,43.83
13/12/2018,-91815,-14501270000,159.4(1.66 %),4420,701238000,96235,15202508000,4139766,43.72
14/12/2018,-36971,-5957370000,161.5(1.32 %),19240,3100494000,56211,9057864000,4176737,43.67
17/12/2018,5500,869492000,160.1(-0.87 %),26500,4242300000,21000,3372808000,4171237,43.68
18/12/2018,245440,39282077000,160.5(0.25 %),269190,43085677000,23750,3803600000,3925797,43.99
19/12/2018,-49290,-7846816000,157.5(-1.87 %),6010,955291000,55300,8802107000,3975087,43.93
20/12/2018,30170,4768600000,158(0.32 %),30370,4799900000,200,31300000,3880048,44.05
21/12/2018,165510,26203004000,158.5(0.32 %),271250,42936398440,105740,16733394440,3714538,44.26
24/12/2018,269860,42959070000,159.2(0.44 %),275170,43805420000,5310,846350000,3514348,44.51
25/12/2018,-10730,-1681450000,157.6(-1.01 %),150,23700000,10880,1705150000,3514398,44.51
26/12/2018,257280,40517428000,158(0.25 %),277920,43775384000,20640,3257956000,3257118,44.84
27/12/2018,376100,60126755000,160.2(1.39 %),442000,70689224000,65900,10562469000,2881018,45.32
28/12/2018,339780,54371050000,160(-0.12 %),350100,56021190000,10320,1650140000,2464638,45.85
02/01/2019,128270,20460671000,160(0.00 %),230540,36792206000,102270,16331535000,2420638,45.91
03/01/2019,227160,36160897000,159.5(-0.31 %),227160,36160897000,0,0,2193478,46.2
04/01/2019,28900,4571251000,159.5(0.00 %),45000,7116523000,16100,2545272000,2164578,46.24
07/01/2019,96400,15416525000,160(0.31 %),428400,68515567000,332000,53099042000,2068178,46.36
08/01/2019,-2640,-422310000,159.9(-0.06 %),360,57190000,3000,479500000,2070818,46.36
09/01/2019,195040,31401709000,160(0.06 %),200000,32196996000,4960,795287000,1875778,46.61
10/01/2019,427100,65079830000,160(0.00 %),488400,74903400000,61300,9823570000,1441486,47.16
11/01/2019,-7690,-1228257000,158.5(-0.94 %),310,49210000,8000,1277467000,1449176,47.15
14/01/2019,20,3140000,156(-1.58 %),20,3140000,0,0,1449116,47.15
15/01/2019,-800,-124581000,154.5(-0.96 %),320,49620000,1120,174201000,1449916,47.15
16/01/2019,-19620,-2984221000,149.2(-3.43 %),50,7515000,19670,2991736000,1469536,47.12
17/01/2019,-50,-8060000,148.2(-0.67 %),630,93840000,680,101900000,1467936,47.13
18/01/2019,-6000,-889450000,147.9(-0.20 %),4230,626190000,10230,1515640000,1464826,47.13
21/01/2019,273810,38204570000,149.4(1.01 %),288810,40440695000,15000,2236125000,1191016,47.48
22/01/2019,-38400,-5610935000,143(-4.28 %),600,88500000,39000,5699435000,1229416,47.43
23/01/2019,-100470,-13970060000,137.1(-4.13 %),6460,890560000,106930,14860620000,1199536,47.47
24/01/2019,-127330,-17081761000,131.5(-4.08 %),8860,1202365000,136190,18284126000,1457216,47.14
25/01/2019,-193160,-25414440000,131.5(0.00 %),110,14430000,193270,25428870000,1244566,47.41
28/01/2019,-26150,-3510230000,136.9(4.11 %),44900,6086030000,71050,9596260000,1349596,47.28
29/01/2019,-1680,-228010000,136.3(-0.44 %),2460,336850000,4140,564860000,1483326,47.11
30/01/2019,1830,247014000,134.5(-1.32 %),1920,259092000,90,12078000,1676376,46.86
31/01/2019,2470,332840000,134.8(0.22 %),2570,346330000,100,13490000,1700156,46.83
01/02/2019,-6450,-853644000,132.4(-1.78 %),3550,474389000,10000,1328033000,1704296,46.82
11/02/2019,12180,1638186000,135.3(2.19 %),17180,2310696000,5000,672510000,1692116,46.84
12/02/2019,-40960,-5528292000,134.6(-0.52 %),1330,179638000,42290,5707930000,1733076,46.79
13/02/2019,-77780,-10455895000,133.9(-0.52 %),12650,1702948000,90430,12158843000,1810856,46.69
14/02/2019,-38800,-5244052000,137.3(2.54 %),27360,3746292000,66160,8990344000,1849656,46.64
15/02/2019,3850,536510000,139.5(1.60 %),6260,873380000,2410,336870000,1693446,46.84
18/02/2019,1720,241726000,139.6(0.07 %),2120,297784000,400,56058000,1844086,46.65
19/02/2019,-17560,-2415620000,136.8(-2.01 %),1550,215430000,19110,2631050000,1846366,46.64
20/02/2019,-7170,-980550000,137.1(0.22 %),300,41220000,7470,1021770000,1848476,46.64
21/02/2019,-24910,-3405355000,137(-0.07 %),50,6815000,24960,3412170000,1893726,46.58
22/02/2019,-31610,-4291430000,134.2(-2.04 %),230,31290000,31840,4322720000,1867706,46.62
25/02/2019,-11880,-1617860000,136(1.34 %),3020,410730000,14900,2028590000,1872156,46.61
26/02/2019,-10270,-1409061000,135.6(-0.29 %),4010,545510000,14280,1954571000,1947486,46.51
27/02/2019,4330,591037000,136.5(0.66 %),9330,1272160000,5000,681123000,1943156,46.52
28/02/2019,-8860,-1214820000,133.8(-1.98 %),3240,442340000,12100,1657160000,1927276,46.54
01/03/2019,-3700,-496820000,134.2(0.30 %),1000,134240000,4700,631060000,1940556,46.52
04/03/2019,-100350,-13525660000,134.2(0.00 %),1430,193320000,101780,13718980000,1944126,46.52
05/03/2019,-88680,-11888820000,133.5(-0.52 %),4820,654300000,93500,12543120000,1951406,46.51
06/03/2019,-101400,-13483665000,133(-0.37 %),790,105050250,102190,13588715250,2231986,46.15
07/03/2019,-3750,-508329000,135.5(1.88 %),30620,4091178000,34370,4599507000,2235736,46.15
08/03/2019,177820,24919700000,141.1(4.13 %),184690,25886060000,6870,966360000,1935286,46.53
11/03/2019,43620,6125250000,141(-0.07 %),43620,6125250000,0,0,1995016,46.45
12/03/2019,108880,15404790000,141.9(0.64 %),111280,15743240000,2400,338450000,1905416,47.13
13/03/2019,90510,12833870000,142(0.07 %),93100,13201630000,2590,367760000,2272879,46.13
14/03/2019,32560,4687710000,144.2(1.55 %),53980,7764410000,21420,3076700000,2218899,46.2
15/03/2019,53800,7684232000,142(-1.53 %),56420,8060421000,2620,376189000,1728546,46.82
18/03/2019,56920,8078526000,141.7(-0.21 %),61820,8774082000,4900,695556000,1671626,46.89
19/03/2019,116340,16583522000,142.3(0.42 %),126810,18073245000,10470,1489723000,1555286,47.04
20/03/2019,43450,6133830000,141.9(-0.28 %),44480,6280770000,1030,146940000,1958399,46.53
21/03/2019,144830,20556410000,142(0.07 %),146850,20842850000,2020,286440000,1816440,46.71
22/03/2019,96640,13723972000,142.9(0.63 %),96640,13723972000,0,0,1270366,47.4
25/03/2019,44100,6199854000,138(-3.43 %),47100,6618054000,3000,418200000,1226266,47.45
26/03/2019,32440,4529518000,140.4(1.74 %),39640,5527346000,7200,997828000,1193826,47.49
27/03/2019,32220,4547720000,142(1.14 %),32220,4547720000,0,0,1161606,47.53
28/03/2019,117710,17007273000,146(2.82 %),117830,17024693000,120,17420000,1043896,47.68
29/03/2019,21590,3099947000,143.4(-1.78 %),21690,3114432000,100,14485000,1022306,47.71
01/04/2019,0,0,141.9(-1.05 %),0,0,0,0,1485040,47.13
02/04/2019,22100,3133200000,142.5(0.42 %),56260,7982760000,34160,4849560000,1399470,47.23
03/04/2019,10130,1434780000,142.4(-0.07 %),40230,5693790000,30100,4259010000,1359340,47.28
04/04/2019,-4190,-593400000,140.9(-1.05 %),25810,3650570000,30000,4243970000,1336530,47.31
05/04/2019,68650,9720353000,140.7(-0.14 %),76140,10785431000,7490,1065078000,1388350,47.25
08/04/2019,3830,538324000,140.7(0.00 %),3830,538324000,0,0,1384520,47.25
09/04/2019,-242370,-31597143000,130.9(-6.97 %),96490,12882372000,338860,44479515000,1626890,46.95
10/04/2019,-420220,-51337470000,121.8(-6.95 %),34930,4314650000,455150,55652120000,1226890,47.45
11/04/2019,-545110,-66320818000,121.7(-0.08 %),159480,19306124000,704590,85626942000,2592220,45.73
12/04/2019,20210,2521358000,126.1(3.62 %),50710,6333871000,30500,3812513000,2572010,45.75
16/04/2019,2380,295238000,124(-1.67 %),2380,295238000,0,0,2569630,45.76
17/04/2019,350,42876000,121.6(-1.94 %),530,64800000,180,21924000,2569280,45.76
18/04/2019,59610,7188311000,120.6(-0.82 %),93020,11222762000,33410,4034451000,2509670,45.83
19/04/2019,11850,1416890000,121.5(0.75 %),85800,10363260000,73950,8946370000,2364070,46.02
22/04/2019,187630,22420700000,119.5(-1.65 %),213090,25460130000,25460,3039430000,2151160,46.29
23/04/2019,18960,2266991000,120.1(0.50 %),51460,6169830000,32500,3902839000,2291230,46.11
24/04/2019,24760,2976770000,121(0.75 %),40000,4820770000,15240,1844000000,2167060,46.27
25/04/2019,7240,877919000,120.9(-0.08 %),20120,2439739000,12880,1561820000,2259230,46.15
26/04/2019,-29250,-3539420000,120.8(-0.08 %),750,90620000,30000,3630040000,2204150,46.22
02/05/2019,2280,274870000,120.5(-0.25 %),2440,294200000,160,19330000,2216950,46.2
03/05/2019,-15400,-1864653000,121.5(0.83 %),5600,676157000,21000,2540810000,2234790,46.18
06/05/2019,1900,227160000,119.5(-1.65 %),1900,227160000,0,0,2232890,46.18
07/05/2019,940,112620000,119.2(-0.25 %),1000,119800000,60,7180000,2251490,46.16
08/05/2019,190,22026000,118.2(-0.84 %),1020,120796000,830,98770000,2231760,46.18
09/05/2019,620,73045000,117(-1.02 %),620,73045000,0,0,2231140,46.18
10/05/2019,-61050,-7224780000,117.2(0.17 %),80,9490000,61130,7234270000,2270830,46.13
13/05/2019,1180,137930000,116.6(-0.51 %),4860,572170000,3680,434240000,2266800,46.14
14/05/2019,-690,-79290000,114.5(-1.80 %),350,40520000,1040,119810000,2266450,46.14
15/05/2019,-1830,-211800000,117(2.18 %),80,9400000,1910,221200000,2327500,46.06
16/05/2019,-100,-11818000,119(1.71 %),30,3558000,130,15376000,2293630,46.11
17/05/2019,-15010,-1763570000,118(-0.84 %),30,3530000,15040,1767100000,2332160,46.06
20/05/2019,1150,134560000,117.5(-0.42 %),1420,166420000,270,31860000,2332650,46.06
21/05/2019,-60930,-7044270000,115.7(-1.53 %),1730,200240000,62660,7244510000,2331050,46.06
22/05/2019,-850,-98420000,115.3(-0.35 %),100,11580000,950,110000000,2345990,46.04
23/05/2019,850,98010000,115.2(-0.09 %),1000,115400000,150,17390000,2345260,46.04
24/05/2019,-2120,-244670000,115.2(0.00 %),130,14980000,2250,259650000,2407790,45.96
27/05/2019,-1680,-191929000,114(-1.04 %),190,21812000,1870,213741000,2349060,46.04
28/05/2019,-1260,-143517000,113(-0.88 %),120,13680000,1380,157197000,2350320,46.03
29/05/2019,5300,588937000,111.1(-1.68 %),5500,611232000,200,22295000,2345020,46.04
30/05/2019,1040,117350000,112(0.81 %),1100,124080000,60,6730000,2406100,45.96
31/05/2019,130,14530000,111(-0.89 %),270,30240000,140,15710000,2407210,45.96
03/06/2019,33710,3704170000,110.9(-0.09 %),35210,3869470000,1500,165300000,2372200,46.01
04/06/2019,4740,506820000,106.3(-4.15 %),5660,608940000,920,102120000,2367460,46.01
05/06/2019,-480,-52290000,107(0.66 %),550,59380000,1030,111670000,2367940,46.01
06/06/2019,40,4280000,107(0.00 %),40,4280000,0,0,2367650,46.01
07/06/2019,1730,183320000,105.6(-1.31 %),1730,183320000,0,0,2366840,46.01
10/06/2019,-2480,-263050000,106.1(0.47 %),100,10600000,2580,273650000,2367770,46.01
11/06/2019,180,19080000,106.1(0.00 %),180,19080000,0,0,2368470,46.01
12/06/2019,9250,980665000,105.9(-0.19 %),9250,980665000,0,0,2359220,46.02
13/06/2019,480,50484000,104.3(-1.51 %),480,50484000,0,0,2358740,46.02
14/06/2019,-2230,-228479000,102.3(-1.92 %),280,28804000,2510,257283000,2360970,46.02
17/06/2019,-10340,-1027980000,99.1(-3.13 %),520,51390000,10860,1079370000,2359640,46.02
18/06/2019,2000,193560000,96.8(-2.32 %),3000,292220000,1000,98660000,2369310,46.01
19/06/2019,-2830,-276664000,97.5(0.72 %),0,0,2830,276664000,2372140,46.01
20/06/2019,-6090,-595270000,97(-0.51 %),300,29250000,6390,624520000,2369710,46.01
21/06/2019,10360,1005440000,97.5(0.52 %),10970,1064610000,610,59170000,2359740,46.02
24/06/2019,1330,129320000,98(0.51 %),1330,129320000,0,0,2366540,46.01
25/06/2019,41830,4225920000,102(4.08 %),43420,4386972000,1590,161052000,2324710,46.07
26/06/2019,100170,10225073000,102.4(0.39 %),100200,10228152000,30,3079000,2224540,45.64
27/06/2019,31820,3267410000,102.1(-0.29 %),31820,3267410000,0,0,2192806,46.23
28/06/2019,89080,9289490000,107(4.80 %),289250,30175430000,200170,20885940000,2065146,46.39
01/07/2019,6250,657953000,104.7(-2.15 %),6760,711454000,510,53501000,2065176,46.39
02/07/2019,52380,5469220000,104.6(-0.10 %),52380,5469220000,0,0,2006036,46.47
03/07/2019,-40490,-4346360000,106.8(2.10 %),211200,22391690000,251690,26738050000,1995006,46.48
04/07/2019,80,8580000,107(0.19 %),200,21500000,120,12920000,1995316,46.48
05/07/2019,-2780,-292700000,105.2(-1.68 %),153080,16188120000,155860,16480820000,1995096,46.48
08/07/2019,-1410,-146070000,104.3(-0.86 %),10,1030000,1420,147100000,2086776,46.37
09/07/2019,-18180,-1892200000,104.4(0.10 %),78000,8151000000,96180,10043200000,2086896,46.37
10/07/2019,105240,11139837000,107(2.49 %),137890,14606868000,32650,3467031000,1970336,46.51
11/07/2019,257040,27816837000,108.5(1.40 %),267480,28952461000,10440,1135624000,1713296,46.28
12/07/2019,176940,19454090000,110.8(2.12 %),213940,23527890000,37000,4073800000,1490195,47.12
15/07/2019,78110,8584643000,110.4(-0.36 %),85680,9420628000,7570,835985000,1458246,47.16
16/07/2019,75600,8352070000,110.4(0.00 %),101300,11206000000,25700,2853930000,1346305,47.3
17/07/2019,112520,12590930000,112.5(1.90 %),149800,16769660000,37280,4178730000,1233505,47.44
18/07/2019,253580,27400330000,111(-1.33 %),552363,59056230000,298783,31655900000,827855,47.96
19/07/2019,245500,27290104000,111.1(0.09 %),246830,27438089000,1330,147985000,771046,47.47
22/07/2019,46200,5161224000,112(0.81 %),97920,10748880000,51720,5587656000,724846,47.53
23/07/2019,138310,15478660000,112.2(0.18 %),218810,24333927000,80500,8855267000,586536,47.7
24/07/2019,90970,10195070000,112.5(0.27 %),91170,10217570000,200,22500000,495566,48.37
25/07/2019,136240,15350210000,113(0.44 %),216760,24337404000,80520,8987194000,359326,48.55
26/07/2019,77270,8699832000,112.7(-0.27 %),77450,8719920000,180,20088000,282056,48.64
29/07/2019,207340,23746181000,115(2.04 %),213860,24467453000,6520,721272000,74716,48.91
30/07/2019,-27990,-4360980000,114(-0.87 %),102040,11632420000,130030,15993400000,8,49.0
31/07/2019,-1320,-147964000,113(-0.88 %),180,20256000,1500,168220000,104026,48.87
01/08/2019,6030,675460000,112(-0.88 %),105460,11811500000,99430,11136040000,8,49.0
02/08/2019,109910,12391144000,113(0.89 %),110010,12402194000,100,11050000,0,49.13
05/08/2019,249290,28578650000,115(1.77 %),305000,35308330000,55710,6729680000,46528,48.94
06/08/2019,33760,3815577000,113(-1.74 %),7841500,964154500000,7807740,960338923000,12768,48.43
07/08/2019,-11260,-1254947000,110.1(-2.57 %),1160,131002000,12420,1385949000,24028,48.97
08/08/2019,-230,-25484000,107(-2.82 %),0,0,230,25484000,24258,48.97
09/08/2019,-10290,-1090890000,105.3(-1.59 %),240,25500000,10530,1116390000,34548,48.4
12/08/2019,-5260,-548856000,102(-3.13 %),820,84293000,6080,633149000,39808,48.95
13/08/2019,190,19270000,99.2(-2.75 %),190,19270000,0,0,24208,48.97
14/08/2019,-110,-10899000,102(2.82 %),200,20380000,310,31279000,39728,48.95
15/08/2019,-900,-91300000,101.9(-0.10 %),20,2010000,920,93310000,40598,48.95
16/08/2019,20,2040000,102(0.10 %),20,2040000,0,0,40578,48.95
19/08/2019,-490,-49843000,103(0.98 %),0,0,490,49843000,41098,48.95
20/08/2019,-980,-100570000,101.7(-1.26 %),20,2030000,1000,102600000,41788,48.95
21/08/2019,-4150,-421130000,101.9(0.20 %),80,8120000,4230,429250000,41708,48.95
22/08/2019,-13260,-1330120000,100(-1.86 %),510,51300000,13770,1381420000,41688,48.95
23/08/2019,-2580,-257072000,99.9(-0.10 %),20,1988000,2600,259060000,62068,48.92
26/08/2019,0,0,97(-2.90 %),0,0,0,0,46898,48.94
27/08/2019,80,7780000,97(0.00 %),150,14590000,70,6810000,60518,48.92
28/08/2019,-900,-87220000,97.3(0.31 %),0,0,900,87220000,63118,48.92
29/08/2019,-180,-17460000,96.4(-0.92 %),20,1940000,200,19400000,63098,48.92
30/08/2019,-380,-36566000,94.7(-1.76 %),20,1914000,400,38480000,63448,48.92
03/09/2019,-1350,-127062000,93.8(-0.95 %),1850,175181000,3200,302243000,64048,48.92
04/09/2019,-6130,-565160000,91.8(-2.13 %),910,82980000,7040,648140000,61488,48.92
05/09/2019,180,16770000,92.5(0.76 %),180,16770000,0,0,69998,48.91
06/09/2019,-1410,-133056000,97(4.86 %),90,8469000,1500,141525000,71408,48.91
09/09/2019,-1230,-119535000,97.1(0.10 %),370,36490000,1600,156025000,72638,48.91
10/09/2019,-380,-37260000,96(-1.13 %),20,1940000,400,39200000,71471,48.91
11/09/2019,-760,-71986000,94.5(-1.56 %),0,0,760,71986000,73778,48.91
12/09/2019,-6780,-642195000,94.6(0.11 %),0,0,6780,642195000,80558,48.9
13/09/2019,0,-272347000,95.5(0.95 %),0,0,0,272347000,80558,48.9
16/09/2019,-1870,-179062000,96(0.52 %),1400,134930000,3270,313992000,82478,48.9
17/09/2019,150,14550000,97(1.04 %),300,29100000,150,14550000,80823,48.9
18/09/2019,-1970,-191280000,97.1(0.10 %),830,81070000,2800,272350000,80043,48.9
19/09/2019,-11640,-1131868000,97(-0.10 %),660,64089000,12300,1195957000,95938,48.88
20/09/2019,-450,-44308000,98.1(1.13 %),110,10740000,560,55048000,96388,48.88
23/09/2019,0,0,99(0.92 %),0,0,0,0,96388,48.88
24/09/2019,2790,273272000,96.7(-2.32 %),6120,605321000,3330,332049000,93598,48.88
25/09/2019,550,54440000,99(2.38 %),1200,118700000,650,64260000,91045,48.89
26/09/2019,-2730,-264850000,96.3(-2.73 %),270,26150000,3000,291000000,90775,48.89
27/09/2019,110,10529000,95.4(-0.93 %),110,10529000,0,0,95668,48.88
30/09/2019,-6880,-653470000,95(-0.42 %),220,20690000,7100,674160000,94425,48.88
01/10/2019,330,31120000,94(-1.05 %),330,31120000,0,0,97545,48.88
02/10/2019,110,10320000,93(-1.06 %),110,10320000,0,0,97105,48.88
03/10/2019,-200,-18500000,92.6(-0.43 %),100,9250000,300,27750000,97635,48.88
04/10/2019,-19100,-1755820000,91.2(-1.51 %),100,9200000,19200,1765020000,104005,48.87
07/10/2019,-9970,-926700000,91.2(0.00 %),1650,151910000,11620,1078610000,102355,48.87
08/10/2019,-4030,-366300000,90.6(-0.66 %),2070,188790000,6100,555090000,100585,48.87
09/10/2019,-7370,-668761000,90(-0.66 %),2900,262460000,10270,931221000,138105,48.83
10/10/2019,1010,90880000,89.8(-0.22 %),3170,285270000,2160,194390000,137095,48.83
11/10/2019,-28760,-2592059000,90(0.22 %),3100,278990000,31860,2871049000,165855,48.79
14/10/2019,-25150,-2263850000,89.8(-0.22 %),1010,90860000,26160,2354710000,137395,48.83
15/10/2019,-4040,-361479000,89.8(0.00 %),1480,132418000,5520,493897000,195045,48.75
16/10/2019,-21470,-1919840000,89(-0.89 %),1050,94130000,22520,2013970000,168885,48.79
17/10/2019,-2480,-220590000,88(-1.12 %),30,2660000,2510,223250000,195015,48.75
18/10/2019,-3070,-268216000,87.3(-0.80 %),1000,87570000,4070,355786000,222065,48.72
21/10/2019,990,85340000,85.7(-1.83 %),1220,105400000,230,20060000,220838,48.72
22/10/2019,-3630,-296270000,82.8(-3.38 %),7130,590000000,10760,886270000,216224,48.73
23/10/2019,1090,90380000,83(0.24 %),1830,151780000,740,61400000,218464,48.72
24/10/2019,-7460,-621400000,83.3(0.36 %),2560,213370000,10020,834770000,216134,48.73
25/10/2019,-7280,-599330000,82(-1.56 %),1210,99820000,8490,699150000,225684,48.72
28/10/2019,-2270,-183370000,79.5(-3.05 %),40,3240000,2310,186610000,226384,48.71
29/10/2019,-2850,-226960000,78.7(-1.01 %),1050,82980000,3900,309940000,235354,48.7
30/10/2019,430,34908000,79.3(0.76 %),1230,97658000,800,62750000,243045,48.69
31/10/2019,670,53470000,79(-0.38 %),1860,147480000,1190,94010000,243064,48.69
01/11/2019,-38480,-2987120000,76.1(-3.67 %),1020,79360000,39500,3066480000,245944,48.69
04/11/2019,-44750,-3375890000,74.5(-2.10 %),14410,1080440000,59160,4456330000,232334,48.71
05/11/2019,-185860,-14008630000,74.5(0.00 %),30480,2277190000,216340,16285820000,203056,48.74
06/11/2019,-88850,-6675150000,75.1(0.81 %),15720,1181600000,104570,7856750000,226836,48.71
07/11/2019,-58910,-4444710000,75(-0.13 %),6440,484690000,65350,4929400000,279556,48.65
08/11/2019,-28450,-2136244000,74.5(-0.67 %),1930,144966000,30380,2281210000,653784,48.18
11/11/2019,-15550,-1148450000,73(-2.01 %),4370,323230000,19920,1471680000,594166,48.25
12/11/2019,-21270,-1530360000,71.3(-2.33 %),13910,996040000,35180,2526400000,645606,48.19
13/11/2019,-88820,-6293542000,70.2(-1.54 %),3140,221983000,91960,6515525000,779424,48.02
14/11/2019,-21370,-1464551000,69(-1.71 %),2730,188337000,24100,1652888000,800794,47.99
15/11/2019,-470,-32072000,68.9(-0.14 %),3530,242728000,4000,274800000,801264,47.99
18/11/2019,-48810,-3489386000,70.7(2.61 %),5790,411374000,54600,3900760000,850074,47.93
19/11/2019,-35880,-2548435000,71(0.42 %),3760,266870000,39640,2815305000,885954,47.88
20/11/2019,-1030,-73514000,70.9(-0.14 %),1430,100830000,2460,174344000,886984,47.88
21/11/2019,1920,134210000,68(-4.09 %),4100,284000000,2180,149790000,880166,47.89
22/11/2019,-62940,-4204580000,65.6(-3.53 %),8150,543440000,71090,4748020000,911656,47.85
25/11/2019,4360,292252000,66.7(1.68 %),4400,294852000,40,2600000,943644,47.81
26/11/2019,3180,213590000,66.7(0.00 %),3180,213590000,0,0,908716,47.85
27/11/2019,1580,105929000,66.3(-0.60 %),2270,152129000,690,46200000,938884,47.82
28/11/2019,-22810,-1476115000,64(-3.47 %),160,10501000,22970,1486616000,961694,47.79
29/11/2019,2020,126380000,63.5(-0.78 %),4890,309740000,2870,183360000,972526,47.77
02/12/2019,6280,397533000,63(-0.79 %),6480,410121000,200,12588000,973216,47.77
03/12/2019,2410,151680000,62.5(-0.79 %),5790,363060000,3380,211380000,983916,47.76
04/12/2019,2540,158715000,62.5(0.00 %),5250,328312000,2710,169597000,968266,47.78
05/12/2019,5470,349797000,63.7(1.92 %),7970,508313000,2500,158516000,962796,47.79
06/12/2019,6630,431772000,65.4(2.67 %),6730,438152000,100,6380000,956166,47.79
09/12/2019,1840,120140000,64.4(-1.53 %),3360,219900000,1520,99760000,969816,47.78
10/12/2019,160,9959000,62.8(-2.48 %),5050,321585000,4890,311626000,954166,47.8
11/12/2019,-1650,-102881000,62.5(-0.48 %),2500,155687000,4150,258568000,955816,47.79
12/12/2019,180,11401000,63(0.80 %),230,14536000,50,3135000,955636,47.79
13/12/2019,-10500,-657670000,62(-1.59 %),3690,232450000,14190,890120000,967406,47.78
16/12/2019,-500,-31149000,62.9(1.45 %),790,48988000,1290,80137000,966636,47.78
17/12/2019,-1520,-95034000,61.9(-1.59 %),330,20736000,1850,115770000,968156,47.78
18/12/2019,1320,81563000,61.7(-0.32 %),3100,191982000,1780,110419000,966836,47.78
19/12/2019,-1380,-85153000,61(-1.13 %),1770,109096000,3150,194249000,968216,47.78
20/12/2019,-1630,-94540000,58(-4.92 %),320,18560000,1950,113100000,969846,47.78
23/12/2019,-4500,-257013000,55.7(-3.97 %),860,49508000,5360,306521000,974346,47.77
24/12/2019,-54750,-2925936000,53.1(-4.67 %),1450,77732000,56200,3003668000,1029096,47.7
25/12/2019,4890,269850000,55.5(4.52 %),10160,560820000,5270,290970000,977916,47.77
26/12/2019,-30600,-1691254000,55.2(-0.54 %),5660,313624000,36260,2004878000,1054806,47.67
27/12/2019,-38650,-2095475000,53.9(-2.36 %),160,8705000,38810,2104180000,1093456,47.62
30/12/2019,-54750,-2925936000,52.9(-1.86 %),1450,77732000,56200,3003668000,1148206,47.55
31/12/2019,-20200,-1043503000,51.3(-3.02 %),70,3610000,20270,1047113000,1168406,47.53
02/01/2020,-68700,-3632400000,52.8(2.92 %),6860,362080000,75560,3994480000,1106996,47.6
03/01/2020,-14400,-779480000,53.3(0.95 %),18100,976040000,32500,1755520000,1110116,47.6
06/01/2020,1860,98011000,52.6(-1.31 %),1870,98538000,10,527000,1126396,47.58
07/01/2020,-190,-10540000,51.5(-2.09 %),7700,398900000,7890,409440000,1196776,47.49
08/01/2020,-6450,-327090000,50.4(-2.14 %),240,12260000,6690,339350000,1229356,47.45
09/01/2020,-28040,-1417276000,50.2(-0.40 %),0,0,28040,1417276000,1161076,47.54
10/01/2020,-78490,-3833637000,49.55(-1.29 %),30910,1502264500,109400,5335901500,1239566,47.44
13/01/2020,-23070,-1155230000,49.7(0.30 %),7860,395825000,30930,1551055000,1262636,47.41
14/01/2020,-24230,-1211870000,49.6(-0.20 %),3010,150120000,27240,1361990000,1230846,47.45
15/01/2020,-1060,-52494500,49.45(-0.30 %),1620,80352500,2680,132847000,1287926,47.37
16/01/2020,-5490,-269120000,49.3(-0.30 %),500,24670000,5990,293790000,1369056,47.27
17/01/2020,-73170,-3811770000,52.7(6.90 %),6920,362190000,80090,4173960000,1389856,47.25
20/01/2020,-16070,-864080000,53.5(1.52 %),3610,195230000,19680,1059310000,1389166,47.25
21/01/2020,-52920,-2798130000,53(-0.93 %),420,22510000,53340,2820640000,1395136,47.24
22/01/2020,-32470,-1737813000,53.4(0.75 %),7340,386889000,39810,2124702000,1427606,47.2
30/01/2020,3500,175700000,52.9(-0.94 %),29950,1592420000,26450,1416720000,1457616,47.16
31/01/2020,-42890,-2402179000,55.7(5.29 %),22000,1201374000,64890,3603553000,1466996,47.15
03/02/2020,-43150,-2265069000,52.2(-6.28 %),79850,4288239000,123000,6553308000,1529006,47.07
04/02/2020,-105490,-5443650000,50.1(-4.02 %),58540,2976440000,164030,8420090000,1417066,47.21
05/02/2020,-24980,-1265601000,50.6(1.00 %),9300,472684000,34280,1738285000,1659476,46.91
06/02/2020,10460,544480000,53.1(4.94 %),43240,2250990000,32780,1706510000,1552816,47.04
07/02/2020,9420,519063000,56.8(6.97 %),9920,547143000,500,28080000,1639596,46.93
10/02/2020,23240,1396867000,60.7(6.87 %),32440,1946407000,9200,549540000,1616356,46.96
11/02/2020,-6090,-384940000,63(3.79 %),11870,754370000,17960,1139310000,1730636,46.82
12/02/2020,12890,805749000,65(3.17 %),17280,1078961000,4390,273212000,1609556,46.97
13/02/2020,-4810,-314168000,64.3(-1.08 %),5680,367832000,10490,682000000,1614366,46.96
14/02/2020,9230,592780000,64.2(-0.16 %),9230,592780000,0,0,1727786,46.82
17/02/2020,16710,1105130000,68(5.92 %),18200,1203040000,1490,97910000,1714536,46.84
18/02/2020,1180,84594000,70(2.94 %),8240,584103000,7060,499509000,1587246,47.0
19/02/2020,-1890,-130072000,70(0.00 %),2010,141390000,3900,271462000,1589136,46.99
20/02/2020,-6350,-435139000,67.6(-3.43 %),1200,82600000,7550,517739000,1595486,46.99
21/02/2020,-7970,-528952000,66.9(-1.04 %),1250,84812000,9220,613764000,1603456,46.98
24/02/2020,1360,84880000,62.3(-6.88 %),2560,162080000,1200,77200000,1723256,46.83
25/02/2020,5810,354723000,63.8(2.41 %),11130,672815000,5320,318092000,1596286,46.99
26/02/2020,5920,370830000,62.5(-2.04 %),6100,381990000,180,11160000,1722796,46.83
27/02/2020,1610,104678000,64.9(3.84 %),6210,399431000,4600,294753000,1588756,47.0
28/02/2020,3280,199520000,62.3(-4.01 %),15260,948880000,11980,749360000,1708566,46.84
02/03/2020,-33950,-2169150000,64(2.73 %),1000,63030000,34950,2232180000,1707746,46.85
03/03/2020,-36660,-2507540000,68.4(6.88 %),0,0,36660,2507540000,1712346,46.84
04/03/2020,-31370,-2231318000,68.5(0.15 %),1130,80534000,32500,2311852000,1775776,46.76
05/03/2020,-4960,-340560000,67.2(-1.90 %),4500,306750000,9460,647310000,1753644,46.79
06/03/2020,5370,376190000,70(4.17 %),8690,599200000,3320,223010000,1781614,46.75
09/03/2020,3820,247898000,65.1(-7.00 %),5190,339471000,1370,91573000,1771546,46.76
10/03/2020,10790,699112000,65(-0.15 %),11690,755315000,900,56203000,1760756,46.78
11/03/2020,290,15240000,60.5(-6.92 %),2700,166000000,2410,150760000,1807308,46.72
12/03/2020,-22660,-1328770000,56.3(-6.94 %),470,26800000,23130,1355570000,1808208,46.72
13/03/2020,-2070,-110589000,54.7(-2.84 %),12980,681601000,15050,792190000,1785196,46.75
16/03/2020,990,51420000,51.6(-5.67 %),1800,94500000,810,43080000,1796338,46.73
17/03/2020,310,16287000,54.7(6.01 %),820,42162000,510,25875000,1783896,46.75
18/03/2020,12400,684695000,55.1(0.73 %),13020,719106000,620,34411000,1771496,46.76
19/03/2020,1380,70030000,53(-3.81 %),6340,334710000,4960,264680000,1814348,46.71
20/03/2020,-18320,-975010000,53.8(1.51 %),7530,401590000,25850,1376600000,1807328,46.72
23/03/2020,950,47054000,50.1(-6.88 %),3420,171694000,2470,124640000,1776466,46.76
24/03/2020,4820,248510000,51.3(2.40 %),5020,258530000,200,10020000,1804468,46.72
25/03/2020,-1410,-75796000,53(3.31 %),3830,205640000,5240,281436000,1773056,46.76
26/03/2020,-5440,-285810000,51.8(-2.26 %),5630,291720000,11070,577530000,1823328,46.7
27/03/2020,-280,-14840000,51.1(-1.35 %),210,10740000,490,25580000,1823318,46.7
30/03/2020,-1130,-53373000,48.3(-5.48 %),3220,155102500,4350,208475500,1779906,46.75
31/03/2020,-110860,-5111490000,44.95(-6.94 %),60,2900000,110920,5114390000,1836348,46.68
01/04/2020,-100680,-4503091000,45.1(0.33 %),3150,141870000,103830,4644961000,1836838,46.68
03/04/2020,3190,152184500,48.25(6.98 %),6260,297437000,3070,145252500,1833648,46.69
06/04/2020,-1000,-51600000,51.6(6.94 %),0,0,1000,51600000,1834648,46.69
07/04/2020,-1070,-57994000,54.2(5.04 %),980,53116000,2050,111110000,1835718,46.68
08/04/2020,11440,608480000,53.8(-0.74 %),11760,625430000,320,16950000,2035738,46.43
09/04/2020,-18600,-1021300000,54.3(0.93 %),4580,251460000,23180,1272760000,2032158,46.44
10/04/2020,2390,129250000,53.5(-1.47 %),4860,262300000,2470,133050000,2029348,46.44
13/04/2020,-8860,-472200000,53.5(0.00 %),4090,221170000,12950,693370000,2025178,46.44
14/04/2020,-7040,-372500000,53(-0.93 %),1380,73030000,8420,445530000,2046978,46.42
15/04/2020,-62750,-3429766000,56.7(6.98 %),8720,483711000,71470,3913477000,1919138,46.58
16/04/2020,14730,871090000,59.4(4.76 %),14730,871090000,0,0,2038948,46.43
17/04/2020,21510,1321090000,61.7(3.87 %),22720,1394590000,1210,73500000,2024648,46.45
20/04/2020,3580,220610000,61.7(0.00 %),4140,254380000,560,33770000,2091978,46.36
21/04/2020,-81610,-4814900000,57.4(-6.97 %),4990,294660000,86600,5109560000,2086988,46.37
22/04/2020,5490,311740000,56.7(-1.22 %),10560,597340000,5070,285600000,2077958,46.38
23/04/2020,-34700,-1980910000,56.7(0.00 %),3550,205850000,38250,2186760000,2074968,46.38
24/04/2020,26360,1515090000,60.6(6.88 %),26770,1539040000,410,23950000,2134798,46.31
27/04/2020,81640,5159939000,64(5.61 %),93210,5884143000,11570,724204000,1882138,46.63
28/04/2020,9500,603443000,63.8(-0.31 %),9900,628678000,400,25235000,1872638,46.64
29/04/2020,3020,187730000,62.7(-1.72 %),6320,397970000,3300,210240000,2068698,46.39
04/05/2020,5080,316342000,61(-2.71 %),9170,572354000,4090,256012000,2080268,46.38
05/05/2020,-2120,-127939000,61(0.00 %),2130,130429000,4250,258368000,2082388,46.37
06/05/2020,7700,493089000,65.2(6.89 %),9980,636786000,2280,143697000,2074688,46.38
07/05/2020,73760,4977704000,67(2.76 %),76600,5167698000,2840,189994000,2000928,46.48
08/05/2020,-6530,-433500000,65.5(-2.24 %),8590,573240000,15120,1006740000,1985838,46.49
11/05/2020,13000,864045000,66.3(1.22 %),13100,870691500,100,6646500,1994458,46.48
12/05/2020,20520,1377900000,69(4.07 %),26720,1789180000,6200,411280000,1951978,46.54
13/05/2020,-12250,-872200000,70.6(2.32 %),8620,608290000,20870,1480490000,1959598,46.53
14/05/2020,-10930,-763440000,69(-2.27 %),930,65030000,11860,828470000,1958768,46.53
15/05/2020,-12430,-859700000,67(-2.90 %),7350,506080000,19780,1365780000,1957618,46.53
18/05/2020,13240,897982000,68.5(2.24 %),13440,911462000,200,13480000,1996308,46.48
19/05/2020,3430,239270000,68(-0.73 %),4960,344570000,1530,105300000,1971948,46.51
20/05/2020,23150,1590470000,69.7(2.50 %),23650,1625220000,500,34750000,1968078,46.52
21/05/2020,7740,542170000,69.5(-0.29 %),11420,797230000,3680,255060000,1957068,46.53
22/05/2020,-8620,-592685000,68.1(-2.01 %),1070,73618000,9690,666303000,1970608,46.51
25/05/2020,-16160,-1097210000,68(-0.15 %),1780,121090000,17940,1218300000,1956948,46.53
26/05/2020,950,65422000,69.3(1.91 %),4540,312528000,3590,247106000,1985818,46.49
27/05/2020,-30040,-2200150000,74.1(6.93 %),14540,1061620000,44580,3261770000,1951938,46.54
28/05/2020,69530,5339570000,76.8(3.64 %),74530,5720790000,5000,381220000,1893948,46.61
29/05/2020,2740,208413000,76(-1.04 %),8110,612259000,5370,403846000,1943588,46.55
01/06/2020,-1540,-117680000,77.3(1.71 %),10700,819330000,12240,937010000,1922328,46.57
02/06/2020,1860,150472000,71.9(-6.99 %),12260,930383000,10400,779911000,1931168,46.56
03/06/2020,-189000,-12758310000,67.3(-6.40 %),44850,3012540000,233850,15770850000,1875028,46.63
04/06/2020,-27820,-1921116000,72(6.98 %),25690,1820784000,53510,3741900000,2147988,46.29
05/06/2020,9510,701760000,73.2(1.67 %),12960,954640000,3450,252880000,1858668,46.65
08/06/2020,5440,392170000,71.9(-1.78 %),9560,688770000,4120,296600000,2082958,46.37
09/06/2020,10370,736730000,70.5(-1.95 %),11400,809710000,1030,72980000,2124018,46.32
10/06/2020,7540,524038000,69.4(-1.56 %),23880,1648769000,16340,1124731000,2135008,46.31
11/06/2020,15510,1048340000,67(-3.46 %),28970,1975650000,13460,927310000,2078388,46.38
12/06/2020,-6210,-409140000,67.5(0.75 %),9350,634450000,15560,1043590000,2070068,46.39
15/06/2020,-82220,-5316800000,62.8(-6.96 %),7720,505760000,89940,5822560000,2078338,46.38
16/06/2020,-1990,-124807000,63.8(1.59 %),2310,145646000,4300,270453000,2209918,46.21
17/06/2020,-6470,-436164560,62.7(-1.72 %),630,6963440,7100,443128000,2216388,46.2
18/06/2020,16250,1007920000,62.6(-0.16 %),19390,1196980000,3140,189060000,2174408,46.26
19/06/2020,15250,971562000,63.4(1.28 %),16150,1028837000,900,57275000,2184888,46.24
22/06/2020,23530,1531220000,67.8(6.94 %),29290,1914460000,5760,383240000,2140368,46.3
23/06/2020,-14640,-1047222000,72.5(6.93 %),10670,772064000,25310,1819286000,2175998,46.25
24/06/2020,-102100,-7609570000,72(-0.69 %),2840,208380000,104940,7817950000,2278098,46.13
25/06/2020,-11590,-798320000,67.6(-6.11 %),12700,865510000,24290,1663830000,2125428,46.32
26/06/2020,10340,702130000,66.8(-1.18 %),12540,853210000,2200,151080000,2138198,46.3
29/06/2020,10340,702134000,70(4.79 %),12540,853211000,2200,151077000,2269008,46.14
30/06/2020,11480,812970000,69.6(-0.57 %),13950,988400000,2470,175430000,2248178,46.16
01/07/2020,-29080,-2163553000,74.4(6.90 %),2000,148799000,31080,2312352000,2250028,46.16
02/07/2020,-24930,-1984430000,79.6(6.99 %),0,0,24930,1984430000,2270858,46.13
03/07/2020,-161610,-13773063000,79.9(0.38 %),11250,921957000,172860,14695020000,2436568,45.93
06/07/2020,-17030,-1365285000,78.2(-2.13 %),0,0,17030,1365285000,2453598,45.9
07/07/2020,15050,1216320000,79.7(1.92 %),15540,1255720000,490,39400000,2301778,46.1
08/07/2020,18030,1463780000,80.1(0.50 %),18390,1493080000,360,29300000,2455758,45.9
09/07/2020,8020,636513000,79.4(-0.87 %),8100,642915000,80,6402000,2412498,45.96
10/07/2020,-23760,-1897150000,79(-0.50 %),1100,88370000,24860,1985520000,2463378,45.89
13/07/2020,-11060,-893520000,80.8(2.28 %),1590,125940000,12650,1019460000,2462148,45.89
14/07/2020,-18260,-1471180000,80.2(-0.74 %),200,16140000,18460,1487320000,2462518,45.89
15/07/2020,31340,2573970000,83.5(4.11 %),55690,4605420000,24350,2031450000,2432178,45.93
16/07/2020,5010,420540000,83.5(0.00 %),12090,1016930000,7080,596390000,2433648,45.93
17/07/2020,16570,1393451000,84.6(1.32 %),24790,2086877000,8220,693426000,2412658,45.96
20/07/2020,-26270,-2197511000,81(-4.26 %),2810,236299000,29080,2433810000,2438928,45.92
21/07/2020,26020,2129190000,82.5(1.85 %),28070,2296950000,2050,167760000,2427868,45.94
22/07/2020,-1330,-97100000,79(-4.24 %),6960,565708000,8290,662808000,2414238,45.95
23/07/2020,3210,263097000,79.1(0.13 %),15510,1230533000,12300,967436000,2411028,45.96
24/07/2020,-11080,-842766000,73.6(-6.95 %),10990,831604000,22070,1674370000,2422108,45.94
27/07/2020,57680,4040797000,68.5(-6.93 %),59260,4151060000,1580,110263000,2364428,46.02
28/07/2020,35540,2475559000,71(3.65 %),37640,2620409000,2100,144850000,2328888,46.06
29/07/2020,-39910,-2657007000,67(-5.63 %),11260,754411000,51170,3411418000,2368798,46.01
30/07/2020,-26080,-1784200000,68.2(1.79 %),990,68410000,27070,1852610000,2369654,46.01
31/07/2020,-19700,-1321370000,66.8(-2.05 %),13020,871741000,32720,2193111000,2428408,45.94
03/08/2020,3680,255120000,70.1(4.94 %),4390,303850000,710,48730000,2405514,45.96
04/08/2020,-7940,-569090000,73.5(4.85 %),9000,651890000,16940,1220980000,2423584,45.94
05/08/2020,288150,21769736000,76.6(4.22 %),302490,22854559000,14340,1084823000,2129694,46.31
06/08/2020,238630,18312263000,76.5(-0.13 %),301220,23086167000,62590,4773904000,1891064,46.61
07/08/2020,148450,11504042000,78.6(2.75 %),162350,12584094000,13900,1080052000,1742614,46.8
10/08/2020,-4020,-323350000,77.2(-1.78 %),42420,3309400000,46440,3632750000,1632814,46.94
11/08/2020,8190,631670000,78.1(1.17 %),8450,651534000,260,19864000,1738444,46.81
12/08/2020,4670,348451000,77(-1.41 %),25650,1976252000,20980,1627801000,1733774,46.81
13/08/2020,15450,1218109000,78.7(2.21 %),23340,1836469000,7890,618360000,1718324,46.83
14/08/2020,560,48160000,78.5(-0.25 %),5280,418520000,4720,370360000,1692264,46.86
17/08/2020,-15180,-1194040000,80(1.91 %),4820,382210000,20000,1576250000,1708424,46.84
18/08/2020,-12460,-998891000,80(0.00 %),1250,100394000,13710,1099285000,1745404,46.8
19/08/2020,-10420,-827610000,79.5(-0.62 %),900,71684000,11320,899294000,1755824,46.78
20/08/2020,-7000,-553584000,78.2(-1.64 %),730,57720000,7730,611304000,1762824,46.78
21/08/2020,2860,223270000,78.1(-0.13 %),5260,411050000,2400,187780000,1745584,46.8
24/08/2020,31730,2529449000,79.9(2.30 %),32050,2554976000,320,25527000,1728234,46.82
25/08/2020,5530,437110000,81.7(2.25 %),10010,801230000,4480,364120000,1722574,46.83
26/08/2020,30620,2467670000,80.4(-1.59 %),31720,2556470000,1100,88800000,1693254,46.86
27/08/2020,-160020,-12763553000,79.5(-1.12 %),13170,1055132000,173190,13818685000,1852104,46.66
28/08/2020,11300,879273000,77.5(-2.52 %),11300,879273000,0,0,1840804,46.68
31/08/2020,-2840,-218520000,76.2(-1.68 %),2160,166900000,5000,385420000,1672524,46.89
01/09/2020,-18820,-1420880000,75(-1.57 %),8700,656430000,27520,2077310000,1835994,46.68
03/09/2020,2570,188670000,75.2(0.27 %),12110,905560000,9540,716890000,1823884,46.7
04/09/2020,-1140,-90780000,75.3(0.13 %),3860,292020000,5000,382800000,1825024,46.7
07/09/2020,-7480,-565770000,74.3(-1.33 %),5570,417920000,13050,983690000,1846294,46.67
08/09/2020,35930,2625310000,73.1(-1.62 %),40200,2940820000,4270,315510000,1815704,46.71
09/09/2020,35660,2613850000,73.3(0.27 %),35660,2613850000,0,0,1785044,46.75
10/09/2020,25630,1893069000,73.8(0.68 %),25680,1896754000,50,3685000,1753524,46.79
11/09/2020,34230,2525156000,73.7(-0.14 %),35250,2600432000,1020,75276000,1719294,46.83
14/09/2020,16570,1213760000,72.7(-1.36 %),21110,1549270000,4540,335510000,1718694,46.83
15/09/2020,-9560,-698561000,72.9(0.28 %),40,2914000,9600,701475000,1712284,46.84
16/09/2020,-650,-47370000,72.9(0.00 %),350,25530000,1000,72900000,1719374,46.83
17/09/2020,-7260,-533594000,73.2(0.41 %),350,25645000,7610,559239000,1720194,46.83
18/09/2020,1040,76170000,73.3(0.14 %),2820,206640000,1780,130470000,1727964,46.82
21/09/2020,-6100,-448577000,73.6(0.41 %),400,29400000,6500,477977000,1725254,46.82
22/09/2020,1200,87570000,72.7(-1.22 %),1210,88300000,10,730000,1734964,46.81
23/09/2020,20830,1526620000,73.1(0.55 %),21000,1539100000,170,12480000,1716094,46.83
24/09/2020,10800,787250000,72.9(-0.27 %),10800,787250000,0,0,1692424,46.86
25/09/2020,-4930,-351380000,71.3(-2.19 %),79770,5736550000,84700,6087930000,1631564,46.94
28/09/2020,-2600,-180112000,69.2(-2.95 %),2480,172109000,5080,352221000,1699954,46.86
29/09/2020,-123940,-8390103000,67(-3.18 %),7190,485598000,131130,8875701000,1823894,46.7
30/09/2020,2320,157170000,69.2(3.28 %),6220,421620000,3900,264450000,1699864,46.86
01/10/2020,4370,299955000,69(-0.29 %),5810,399410000,1440,99455000,1704604,46.85
02/10/2020,80,12414000,68.7(-0.43 %),7380,504691000,7300,492277000,1704524,46.85
05/10/2020,7560,511732000,67(-2.47 %),7560,511732000,0,0,1696964,46.86
06/10/2020,66630,4340601000,64.5(-3.73 %),68030,4432321000,1400,91720000,1630334,46.94
07/10/2020,-31900,-1946390000,60.5(-6.20 %),112370,6902930000,144270,8849320000,1647224,46.92
08/10/2020,-170890,-10631708000,61.1(0.99 %),66860,4122544000,237750,14754252000,1833124,46.69
09/10/2020,103450,6395850000,61.4(0.49 %),104290,6447220000,840,51370000,1477134,47.14
12/10/2020,-43790,-2805179000,64.5(5.05 %),14870,958187000,58660,3763366000,1773464,46.76
13/10/2020,-178940,-11334197000,62.7(-2.79 %),2600,163901000,181540,11498098000,1952404,46.54
14/10/2020,-93470,-5748660000,61.3(-2.23 %),9200,568150000,102670,6316810000,1832984,46.69
15/10/2020,-6930,-405714000,58(-5.38 %),148670,8764996000,155600,9170710000,2052804,46.41
16/10/2020,-81660,-4495133000,54.4(-6.21 %),34190,1885551000,115850,6380684000,2134464,46.31
19/10/2020,12210,672739000,57.8(6.25 %),33970,1903639000,21760,1230900000,2122254,46.32
20/10/2020,198540,11788530000,59.8(3.46 %),203910,12108270000,5370,319740000,1910714,46.59
21/10/2020,39180,2313894000,58.3(-2.51 %),160260,9458275000,121080,7144381000,1884534,46.62
22/10/2020,18100,1042734000,57.8(-0.86 %),18900,1088874000,800,46140000,1866434,46.65
23/10/2020,67390,3864544000,56.9(-1.56 %),68190,3910474000,800,45930000,1799044,46.73
26/10/2020,3210,183252000,56.5(-0.70 %),3430,195834000,220,12582000,1795834,46.73
27/10/2020,-8150,-454650000,55.8(-1.24 %),3840,215340000,11990,669990000,1920954,46.58
28/10/2020,-16430,-919970000,55.8(0.00 %),1930,108260000,18360,1028230000,1919684,46.58
29/10/2020,28520,1616223000,56.5(1.25 %),29820,1689183000,1300,72960000,1791894,46.74
30/10/2020,-198900,-11240605000,56.4(-0.18 %),3390,193238000,202290,11433843000,1990794,46.49
02/11/2020,-2940,-163050000,56.5(0.18 %),1170,64410000,4110,227460000,1915874,46.58
03/11/2020,-15820,-884990000,55.9(-1.06 %),2870,161220000,18690,1046210000,1914304,46.58
04/11/2020,6460,361794000,55.9(0.00 %),7820,437838000,1360,76044000,1926404,46.57
05/11/2020,19230,1105354000,57(1.97 %),21030,1208644000,1800,103290000,1907174,46.59
06/11/2020,-128660,-7321610000,56.8(-0.35 %),930,52940000,129590,7374550000,2109614,46.34
09/11/2020,27880,1608151000,58.2(2.46 %),27880,1608151000,0,0,2007954,46.47
10/11/2020,-124630,-7556985000,61(4.81 %),29470,1767015000,154100,9324000000,2132584,46.31
11/11/2020,-20540,-1288250000,61.6(0.98 %),12180,751560000,32720,2039810000,2170377,46.26
12/11/2020,2400,147610000,62(0.65 %),4120,252730000,1720,105120000,2166257,46.27
13/11/2020,8590,528921000,61.6(-0.65 %),10990,677351000,2400,148430000,2142134,46.3
16/11/2020,-139680,-8783980000,62.8(1.95 %),38730,2445180000,178410,11229160000,2301307,46.1
17/11/2020,-17300,-1089430000,62.8(0.00 %),18140,1139191000,35440,2228621000,2299114,46.1
18/11/2020,9560,593980000,63.3(0.80 %),61580,3896123000,52020,3302143000,2289554,46.11
19/11/2020,-161120,-10121607000,61.8(-2.37 %),17220,1082536000,178340,11204143000,2450674,45.91
20/11/2020,1970,118993000,61.2(-0.97 %),9820,600478000,7850,481485000,2448704,45.91
23/11/2020,88730,5533290000,63.1(3.10 %),162110,10109050000,73380,4575760000,2297917,46.1
24/11/2020,100750,6333166000,62.9(-0.32 %),119390,7511666000,18640,1178500000,2259224,46.15
25/11/2020,2710,141180000,63.8(1.43 %),49710,3132480000,47000,2991300000,2315007,46.08
26/11/2020,-43790,-2825270000,64(0.31 %),2310,147970000,46100,2973240000,2386077,45.99
27/11/2020,-24980,-1597150000,63.7(-0.47 %),520,33280000,25500,1630430000,2404197,45.97
30/11/2020,19160,1226560000,64.2(0.78 %),25620,1642630000,6460,416070000,2425577,45.94
01/12/2020,15840,996941000,64.1(-0.16 %),141730,9064190000,125890,8067249000,2471677,45.88
02/12/2020,60330,3849234000,63.8(-0.47 %),106640,6778128000,46310,2928894000,2411347,45.96
03/12/2020,12060,752020000,62.6(-1.88 %),49290,3071720000,37230,2319700000,2206063,46.22
04/12/2020,-40720,-2540171000,61.8(-1.28 %),440,27518000,41160,2567689000,2440007,45.92
07/12/2020,82230,5151490000,62.6(1.29 %),219900,13754700000,137670,8603210000,2157923,46.28
08/12/2020,-15168,-9623550000,66.9(6.87 %),5332,3487210000,20500,13110760000,2141833,46.3
09/12/2020,-11730,-799770000,70(4.63 %),7960,544920000,19690,1344690000,2175033,46.26
10/12/2020,3640,253930000,70.5(0.71 %),29950,2094230000,26310,1840300000,2282753,46.12
11/12/2020,13150,930714000,70.5(0.00 %),34770,2440411000,21620,1509697000,2504397,45.84
14/12/2020,-21120,-1483744000,70.3(-0.28 %),3380,238190000,24500,1721934000,2525517,45.81
15/12/2020,105340,7433494000,71.2(1.28 %),134000,9462516000,28660,2029022000,2420177,45.95
16/12/2020,35940,2591661000,72.4(1.69 %),58600,4211316000,22660,1619655000,2384237,45.99
17/12/2020,10320,745100000,70.4(-2.76 %),24230,1722080000,13910,976980000,2324893,46.07
18/12/2020,3086,2198420000,70.8(0.57 %),3086,2198420000,0,0,2322693,46.07
21/12/2020,-25910,-1854162000,71.1(0.42 %),3480,251268000,29390,2105430000,2368967,46.01
22/12/2020,390,284220000,71.5(0.56 %),1930,1373940000,1540,1089720000,2336486,46.05
23/12/2020,-9480,-696900000,73.8(3.22 %),12100,863300000,21580,1560200000,2324386,46.07
24/12/2020,-3163,-2276040000,73.9(0.14 %),1326,947840000,4489,3223880000,2340516,46.05
25/12/2020,97000,7157999000,74(0.14 %),99520,7344617000,2520,186618000,2309177,46.09
28/12/2020,1716,1264430000,74.8(1.08 %),2430,1792460000,714,528030000,2253676,46.16
29/12/2020,38780,2968010000,79.5(6.28 %),40930,3132580000,2150,164570000,2257636,46.15
30/12/2020,666,527890000,79.3(-0.25 %),880,696170000,214,168280000,2251356,46.16
31/12/2020,2396,1860720000,77.7(-2.02 %),2664,2070500000,268,209780000,2231856,46.18
04/01/2021,-321700,-24898460000,76.5(-1.54 %),4400,340110000,326100,25238570000,2229606,46.19
05/01/2021,7420,5693360000,76.5(0.00 %),17340,13318700000,9920,7625340000,2058346,46.4
06/01/2021,4720,3621030000,76.2(-0.39 %),5020,3849550000,300,228520000,2010826,46.46
07/01/2021,-16590,-12572070000,75.8(-0.52 %),4010,3034370000,20600,15606440000,2296826,46.1
08/01/2021,-13060,-9975960000,76.9(1.45 %),3530,2689270000,16590,12665230000,2360726,46.02
11/01/2021,1350,1048520000,78.6(2.21 %),2030,1575440000,680,526920000,2343426,46.04
12/01/2021,65600,5222380000,84.1(7.00 %),84200,6714990000,18600,1492610000,2325606,46.07
13/01/2021,64600,5445560000,84.2(0.12 %),104500,8851300000,39900,3405740000,2261006,46.15
14/01/2021,13200,1099410000,84(-0.24 %),119900,10031630000,106700,8932220000,2247806,46.16
15/01/2021,19600,1670780000,83.1(-1.07 %),38000,3213940000,18400,1543160000,2228206,46.19
18/01/2021,43700,3697630000,84(1.08 %),46200,3905320000,2500,207690000,2184506,46.24
19/01/2021,11600,968920000,78.3(-6.79 %),20400,1666180000,8800,697260000,2172906,46.26
20/01/2021,70400,5468720000,78.3(0.00 %),79800,6190570000,9400,721850000,2102506,46.35
21/01/2021,-194300,-15393300000,80(2.17 %),10900,868700000,205200,16262000000,2296806,46.1
22/01/2021,-4510,-3584600000,79.9(-0.12 %),130,105300000,4640,3689900000,2411376,45.96
25/01/2021,-16870,-13758940000,80.5(0.75 %),3810,3117080000,20680,16876020000,2382766,45.99
26/01/2021,-1680,-1340570000,79.2(-1.61 %),240,192410000,1920,1532980000,2585566,45.74
27/01/2021,31100,2373750000,75.8(-4.29 %),79600,6077490000,48500,3703740000,2496306,45.85
28/01/2021,6800,489450000,70.5(-6.99 %),20300,1453850000,13500,964400000,2489506,45.86
29/01/2021,47400,3329880000,74(4.96 %),54300,3817270000,6900,487390000,2442106,45.92
01/02/2021,-47000,-3244770000,68.9(-6.89 %),18000,1268030000,65000,4512800000,2752216,45.53
02/02/2021,-80,-47450000,68(-1.31 %),4870,3260340000,4950,3307790000,2699016,45.59
03/02/2021,-16800,-1157570000,71(4.41 %),200,13730000,17000,1171300000,2769816,45.51
04/02/2021,-1710,-1205770000,70.3(-0.99 %),610,433840000,2320,1639610000,2764616,45.51
05/02/2021,-1160,-816440000,71.4(1.56 %),20,14200000,1180,830640000,2813916,45.45
08/02/2021,-41100,-2825200000,68.6(-3.92 %),1700,116730000,42800,2941930000,2839616,45.42
09/02/2021,17500,1213490000,69(0.58 %),20800,1439440000,3300,225950000,2822116,45.44
17/02/2021,29100,2103630000,72.3(4.78 %),34600,2495480000,5500,391850000,2793016,45.48
18/02/2021,-10700,-777910000,73.2(1.24 %),100,7330000,10800,785240000,2803716,45.46
19/02/2021,-24100,-1758330000,72.9(-0.41 %),700,50940000,24800,1809270000,2827816,45.43
22/02/2021,-370,-281110000,75.8(3.98 %),170,129080000,540,410190000,2857786,45.39
23/02/2021,-50100,-3819540000,76.1(0.40 %),1100,83580000,51200,3903120000,2881616,45.36
24/02/2021,-38400,-2886790000,75(-1.45 %),1900,141260000,40300,3028050000,2920016,45.32
25/02/2021,-14300,-1060760000,74.8(-0.27 %),4900,364480000,19200,1425240000,2934316,45.3
26/02/2021,1410,1044610000,73.9(-1.20 %),2460,1814420000,1050,769810000,2917486,45.32
01/03/2021,4470,3333900000,75.4(2.03 %),4710,3512700000,240,178800000,2910686,45.33
02/03/2021,-22300,-1676260000,75.2(-0.27 %),6900,517390000,29200,2193650000,2980086,45.24
03/03/2021,5900,438230000,74.8(-0.53 %),14300,1065410000,8400,627180000,2974186,45.25
04/03/2021,-1600,-121180000,72.9(-2.54 %),4800,356920000,6400,478100000,2975786,45.25
05/03/2021,-31000,-2224320000,71.9(-1.37 %),3100,221030000,34100,2445350000,3006786,45.21
08/03/2021,14800,1089910000,73.1(1.67 %),18000,1325750000,3200,235840000,2991986,45.22
09/03/2021,-1800,-148270000,78.2(6.98 %),11100,857220000,12900,1005490000,2993786,45.22
10/03/2021,-3630,-2855760000,78.2(0.00 %),240,188600000,3870,3044360000,2960286,45.26
11/03/2021,4330,3357660000,78(-0.26 %),4620,3582400000,290,224740000,2917316,45.32
12/03/2021,990,782830000,77.8(-0.26 %),1460,1149460000,470,366630000,2915616,45.32
15/03/2021,900,80470000,79.5(2.19 %),5700,455110000,4800,374640000,2975986,45.25
16/03/2021,33900,2661950000,78.9(-0.75 %),47000,3694900000,13100,1032950000,2942086,45.29
17/03/2021,3300,258990000,77.9(-1.02 %),5300,415150000,2000,156160000,2938786,45.29
18/03/2021,10600,824080000,77.8(-0.13 %),10600,824080000,0,0,2928186,45.31
19/03/2021,-190,-136020000,77.8(0.00 %),1570,1238600000,1760,1374620000,2895366,45.35
22/03/2021,-2800,-215070000,76(-2.31 %),3700,281640000,6500,496710000,2932886,45.3
23/03/2021,-6500,-489100000,75.9(-0.13 %),1100,83590000,7600,572690000,2939386,45.29
24/03/2021,-1880,-1389160000,73.3(-3.43 %),410,304230000,2290,1693390000,2904866,45.33
25/03/2021,-750,-548690000,73.1(-0.27 %),1730,1274770000,2480,1823460000,2894066,45.35
26/03/2021,-1930,-1386730000,71.1(-2.74 %),260,188190000,2190,1574920000,2898746,45.34
29/03/2021,-1780,-1284350000,73.5(3.38 %),200,144920000,1980,1429270000,2919646,45.32
30/03/2021,-1890,-1392710000,73.7(0.27 %),460,339640000,2350,1732350000,2939846,45.29
31/03/2021,-2600,-1909830000,72.9(-1.09 %),190,139760000,2790,2049590000,2959886,45.27
01/04/2021,3720,2722060000,73.9(1.37 %),3770,2758810000,50,36750000,2941586,45.29
02/04/2021,6500,480590000,73.6(-0.41 %),6500,480590000,0,0,2972786,45.25
05/04/2021,-3670,-2676420000,72.3(-1.77 %),740,542840000,4410,3219260000,2979086,45.24
06/04/2021,-1160,-833580000,72(-0.41 %),100,71800000,1260,905380000,2978586,45.24
07/04/2021,1900,138360000,73(1.39 %),2200,160260000,300,21900000,3019186,45.19
08/04/2021,-7000,-505080000,72.2(-1.10 %),900,64820000,7900,569900000,3026186,45.18
09/04/2021,-11300,-811450000,71.7(-0.69 %),3600,259150000,14900,1070600000,3037486,45.17
12/04/2021,-4760,-3343240000,70.7(-1.39 %),450,319400000,5210,3662640000,3024429,45.18
13/04/2021,1200,87020000,68.8(-2.69 %),4200,294620000,3000,207600000,3083886,45.11
14/04/2021,-109800,-7608160000,70(1.74 %),7400,518670000,117200,8126830000,3193686,44.97
15/04/2021,-19100,-1320100000,69.5(-0.71 %),76100,5260590000,95200,6580690000,3212786,0.0
16/04/2021,23700,1628410000,67.9(-2.30 %),24500,1683760000,800,55350000,3189086,44.98
19/04/2021,-40200,-2747360000,68.1(0.29 %),4500,307540000,44700,3054900000,3229286,44.93
20/04/2021,8800,611760000,69.2(1.62 %),9100,632420000,300,20660000,3220486,44.94
22/04/2021,270,186330000,66.5(-3.90 %),370,254430000,100,68100000,3183539,44.98
23/04/2021,2800,187410000,67.5(1.50 %),2800,187410000,0,0,3214986,44.94
26/04/2021,4400,295520000,64.1(-5.04 %),8300,550920000,3900,255400000,3210586,44.95
27/04/2021,7200,457550000,62.5(-2.50 %),7200,457550000,0,0,3203386,44.96
28/04/2021,700,44110000,63.5(1.60 %),2200,138760000,1500,94650000,3202686,44.96
29/04/2021,-6100,-388910000,64.2(1.10 %),100,6340000,6200,395250000,3208786,44.95
04/05/2021,-30700,-1919760000,62.2(-3.12 %),3300,206480000,34000,2126240000,3211409,44.95
05/05/2021,-8280,-5192730000,62.6(0.64 %),2760,1732990000,11040,6925720000,3182009,44.99
06/05/2021,31200,1947540000,62.5(-0.16 %),78300,4903200000,47100,2955660000,3263009,44.88
07/05/2021,70,38840000,58.6(-6.24 %),380,230590000,310,191750000,3140109,45.04
10/05/2021,20200,1152670000,57.3(-2.22 %),23800,1358650000,3600,205980000,3242109,44.91
11/05/2021,-114100,-6786190000,59.2(3.32 %),21000,1244550000,135100,8030740000,3356209,44.77
12/05/2021,1640,970740000,59.7(0.84 %),1700,1006280000,60,35540000,3238909,44.91
13/05/2021,-57500,-3357260000,57.7(-3.35 %),2500,146740000,60000,3504000000,3397309,44.71
14/05/2021,-4100,-234780000,57(-1.21 %),3000,172570000,7100,407350000,3401409,44.71
17/05/2021,-26100,-1479970000,56(-1.75 %),9800,555230000,35900,2035200000,3427509,44.68
18/05/2021,-48600,-2658400000,54.5(-2.68 %),9000,494740000,57600,3153140000,3476109,44.61
19/05/2021,3600,197570000,54.3(-0.37 %),3900,214010000,300,16440000,3472509,44.62
20/05/2021,320,164370000,52.8(-2.76 %),620,329070000,300,164700000,3446909,44.65
21/05/2021,12700,688890000,53.8(1.89 %),12900,699800000,200,10910000,3456609,44.64
24/05/2021,49900,2796750000,57(5.95 %),57100,3187650000,7200,390900000,3406709,44.7
25/05/2021,1410,822370000,58(1.75 %),1730,1008550000,320,186180000,3420509,44.68
26/05/2021,-1040,-595070000,58(0.00 %),190,109240000,1230,704310000,3418809,44.69
27/05/2021,-160,-94480000,57.9(-0.17 %),70,40420000,230,134900000,3425309,44.68
28/05/2021,-2190,-1254220000,59.1(2.07 %),670,394870000,2860,1649090000,3421809,44.68
31/05/2021,-21900,-1348000000,62(4.91 %),200,11800000,22100,1359800000,3448409,44.65
01/06/2021,-3460,-2143310000,61.3(-1.13 %),210,130530000,3670,2273840000,3433109,44.67
02/06/2021,-17320,-10578000000,61.7(0.65 %),40,24320000,17360,10602320000,3456309,44.64
03/06/2021,-190,-119460000,62.9(1.94 %),2020,1254460000,2210,1373920000,3458209,44.64
04/06/2021,-26600,-16437750000,62.1(-1.27 %),10,6250000,26610,16444000000,3494809,44.59
07/06/2021,5200,319820000,61.3(-1.29 %),5300,326010000,100,6190000,3871109,44.12
08/06/2021,-2710,-1674120000,61.6(0.49 %),210,129460000,2920,1803580000,3683109,44.35
09/06/2021,-890,-540200000,61.8(0.32 %),690,427240000,1580,967440000,3942309,44.03
10/06/2021,-3700,-226570000,61.8(0.00 %),100,6180000,3800,232750000,3910809,44.07
11/06/2021,8500,536340000,62.8(1.62 %),8500,536340000,0,0,3902309,44.08
14/06/2021,5700,362730000,63(0.32 %),5800,369130000,100,6400000,3896609,44.08
15/06/2021,4400,279670000,62.9(-0.16 %),8900,564060000,4500,284390000,3892209,44.09
16/06/2021,-2300,-140610000,62.9(0.00 %),3900,242830000,6200,383440000,3894509,44.09
17/06/2021,620,389240000,62.5(-0.64 %),630,395530000,10,6290000,3954309,44.01
18/06/2021,2100,131250000,62.5(0.00 %),2400,149910000,300,18660000,3886209,44.1
21/06/2021,-2600,-164440000,62.6(0.16 %),2800,175000000,5400,339440000,3888809,44.09
22/06/2021,-240,-150520000,62.7(0.16 %),460,289800000,700,440320000,3953809,44.01
23/06/2021,-11800,-764370000,65.4(4.31 %),4300,281790000,16100,1046160000,3903009,44.08
24/06/2021,40,26340000,65.5(0.15 %),5680,3748590000,5640,3722250000,3949809,44.02
25/06/2021,-470,-306950000,65.4(-0.15 %),70,45290000,540,352240000,3956109,44.01
28/06/2021,4980,3285130000,66(0.92 %),5400,3560320000,420,275190000,3918209,44.06
29/06/2021,-4200,-279990000,64.9(-1.67 %),10300,669510000,14500,949500000,3861709,44.13
30/06/2021,2400,155900000,64.7(-0.31 %),2500,162430000,100,6530000,3859309,44.13
01/07/2021,-10700,-693380000,64.8(0.15 %),100,6460000,10800,699840000,3914009,44.06
02/07/2021,-100,-64330000,64.5(-0.46 %),30,19260000,130,83590000,3928109,44.04
05/07/2021,-120,-75730000,62.8(-2.64 %),30,18850000,150,94580000,3927909,44.04
06/07/2021,-3400,-212620000,61(-2.87 %),300,18600000,3700,231220000,3919609,44.05
07/07/2021,2000,120110000,61(0.00 %),4000,240110000,2000,120000000,3917609,44.06
08/07/2021,-2500,-42964600,62.9(3.11 %),300,0,2800,42964600,3920109,44.05
09/07/2021,-200,-12670000,63.8(1.43 %),200,12600000,400,25270000,3920309,44.05
12/07/2021,-180,-111060000,62(-2.82 %),140,86210000,320,197270000,3941009,44.03
13/07/2021,-300,-18300000,61(-1.61 %),100,6100000,400,24400000,3922409,44.05
14/07/2021,-400,-24500000,59.6(-2.30 %),100,6000000,500,30500000,3922809,44.05
15/07/2021,-8650,-5211570000,60.5(1.51 %),100,60000000,8750,5271570000,3946209,44.02
16/07/2021,-19500,-1176370000,60.2(-0.50 %),0,0,19500,1176370000,4028809,43.92
19/07/2021,-300,-17910000,59.5(-1.16 %),0,0,300,17910000,4029109,43.92
20/07/2021,0,490000,59.8(0.50 %),1100,65170000,1100,64680000,4029109,43.92
21/07/2021,-27600,-1643960000,59.6(-0.33 %),5900,351620000,33500,1995580000,4056709,43.88
22/07/2021,-36300,-2186770000,60.2(1.01 %),16100,971420000,52400,3158190000,4093009,43.84
23/07/2021,-3480,-2071370000,60(-0.33 %),30,17880000,3510,2089250000,4032109,43.91
26/07/2021,300,18470000,59.5(-0.83 %),2200,131160000,1900,112690000,4127509,43.79
27/07/2021,3300,196570000,59.6(0.17 %),4500,268160000,1200,71590000,4124209,43.8
28/07/2021,-8700,-515890000,59.3(-0.50 %),800,47510000,9500,563400000,4132909,43.79
29/07/2021,40,23740000,59.5(0.34 %),50,29670000,10,5930000,4145009,43.77
30/07/2021,1500,95620000,63(5.88 %),12900,808260000,11400,712640000,4131009,43.79
02/08/2021,13300,829040000,62.7(-0.48 %),13300,829040000,0,0,4142809,43.77
03/08/2021,6200,393500000,64.5(2.87 %),8100,514730000,1900,121230000,4136609,43.78
04/08/2021,3900,252680000,63.9(-0.93 %),4400,284580000,500,31900000,4132709,43.79
05/08/2021,2400,152980000,63.6(-0.47 %),3400,216380000,1000,63400000,4130309,43.79
06/08/2021,5600,361840000,65.4(2.83 %),7400,481480000,1800,119640000,4124709,43.8
09/08/2021,-5700,-372860000,65.9(0.76 %),1900,125210000,7600,498070000,4130409,43.79
10/08/2021,-10100,-661330000,64.9(-1.52 %),6800,442400000,16900,1103730000,4140509,43.78
11/08/2021,4600,306560000,66(1.69 %),11000,729190000,6400,422630000,4135909,43.78
12/08/2021,21500,1449960000,68.1(3.18 %),26300,1776010000,4800,326050000,4114409,43.81
13/08/2021,-3800,0,68(-0.15 %),0,0,3800,0,4118209,43.8
16/08/2021,-4200,-284430000,67.5(-0.74 %),0,0,4200,284430000,4122409,43.8
17/08/2021,-17100,-1144450000,67.1(-0.59 %),4500,301900000,21600,1446350000,4152409,43.76
18/08/2021,-54500,-3624660000,66.8(-0.45 %),8000,528800000,62500,4153460000,4176909,43.73
19/08/2021,8600,577130000,67.3(0.75 %),9600,643750000,1000,66620000,4168309,43.74
20/08/2021,-41100,-2697680000,66.8(-0.74 %),10800,717740000,51900,3415420000,4209409,43.69
23/08/2021,-11800,-772100000,65(-2.69 %),0,0,11800,772100000,4221209,43.67
24/08/2021,-58100,-3676540000,64.6(-0.62 %),7300,462050000,65400,4138590000,4279309,43.6
25/08/2021,2500,161900000,65.2(0.93 %),2500,161900000,0,0,4276809,43.6
26/08/2021,-10100,-656820000,64.7(-0.77 %),3100,201800000,13200,858620000,4286909,43.59
27/08/2021,7800,512900000,66.3(2.47 %),8700,571600000,900,58700000,4279109,43.6
30/08/2021,180200,12268960000,69.1(4.22 %),205174,13930736200,24974,1661776200,4098909,43.83
31/08/2021,160500,11254240000,70.4(1.88 %),170600,11959990000,10100,705750000,3938409,44.03
01/09/2021,900,62730000,70(-0.57 %),3400,236950000,2500,174220000,3937709,44.03
06/09/2021,30600,2154220000,71(1.43 %),31600,2224800000,1000,70580000,3907109,44.07
07/09/2021,49900,3485600000,69.4(-2.25 %),62000,4331130000,12100,845530000,3857209,44.13
08/09/2021,23900,1646000000,68.1(-1.87 %),44200,3043330000,20300,1397330000,3833309,44.16
09/09/2021,31000,2118660000,68.7(0.88 %),31000,2118660000,0,0,3802309,44.2
10/09/2021,154900,10758730000,69.8(1.60 %),155000,10765680000,100,6950000,3647409,44.4
13/09/2021,73100,5043390000,68.7(-1.58 %),91200,6296320000,18100,1252930000,3574309,44.49
14/09/2021,33200,2267510000,68(-1.02 %),46500,3175370000,13300,907860000,3541109,44.53
15/09/2021,35100,2384190000,68(0.00 %),39300,2668910000,4200,284720000,3506009,44.58
16/09/2021,25600,1753240000,68.2(0.29 %),27300,1869420000,1700,116180000,3480409,44.61
17/09/2021,26800,1834620000,68.3(0.15 %),27600,1889430000,800,54810000,3453609,44.64
20/09/2021,50500,3453610000,67.5(-1.17 %),51100,3494810000,600,41200000,3403109,44.71
21/09/2021,8300,557420000,67.5(0.00 %),9200,617900000,900,60480000,3394809,44.72
22/09/2021,-600,-32360000,68.3(2.71 %),5800,394880000,6400,427240000,3395409,44.72
23/09/2021,47700,3259290000,68.2(-0.15 %),56800,3879560000,9100,620270000,3347709,44.78
24/09/2021,21000,1434650000,68.4(0.29 %),40000,2734950000,19000,1300300000,3326709,44.8
27/09/2021,-15700,-1064530000,66.5(-2.78 %),100,6800000,15800,1071330000,3342409,44.78
28/09/2021,10500,717080000,67.4(1.35 %),83600,5605380000,73100,4888300000,3331909,44.8
29/09/2021,1900,126310000,68.5(1.63 %),3100,207080000,1200,80770000,3330009,44.8
30/09/2021,700,47480000,68.1(-0.58 %),700,47480000,0,0,3329309,44.8
01/10/2021,-8700,-586590000,67.3(-1.17 %),333138,21120949200,341838,21707539200,3325252,44.8
04/10/2021,3500,234780000,70(4.01 %),6400,437780000,2900,203000000,3321752,44.81
05/10/2021,3800,273630000,71.5(2.14 %),8500,610330000,4700,336700000,3317952,44.81
06/10/2021,-3200,-228360000,71.5(0.00 %),0,0,3200,228360000,3321152,0.0
07/10/2021,-13300,-945720000,70.5(-1.40 %),4300,304660000,17600,1250380000,3334452,0.0
08/10/2021,700,49180000,70.3(-0.28 %),900,63270000,200,14090000,3333752,0.0
11/10/2021,-3100,-182306800,69.4(-1.28 %),2400,147247800,5500,329554600,3336852,0.0
12/10/2021,900,62730000,69.5(0.14 %),900,62730000,0,0,3335952,0.0
13/10/2021,-2500,-174110000,70(0.72 %),2600,181490000,5100,355600000,3338452,0.0
14/10/2021,-7500,-526160000,69.6(-0.57 %),6000,420340000,13500,946500000,3345952,0.0
15/10/2021,-3700,-257230000,69.2(-0.57 %),200,13840000,3900,271070000,3349652,0.0
18/10/2021,-2800,-192590000,68.2(-1.45 %),600,41240000,3400,233830000,3352452,0.0
19/10/2021,1000,67990000,68.2(0.00 %),1100,74810000,100,6820000,3351452,0.0
20/10/2021,19900,1365190000,69(1.17 %),21000,1441040000,1100,75850000,3331552,0.0
21/10/2021,33900,2322760000,68.6(-0.58 %),39800,2726940000,5900,404180000,3317552,0.0
22/10/2021,48000,3359410000,70.5(2.77 %),48000,3359410000,0,0,3269552,0.0
25/10/2021,-1100,-77940000,70.4(-0.14 %),0,0,1100,77940000,3270652,0.0
26/10/2021,10800,762810000,71(0.85 %),10800,762810000,0,0,3259852,0.0
27/10/2021,12700,912070000,72(1.41 %),12900,926410000,200,14340000,3247152,0.0
28/10/2021,0,0,71.5(-0.69 %),0,0,0,0,3247152,44.9
29/10/2021,-20100,-1444310000,71.9(0.56 %),3000,214930000,23100,1659240000,3267252,44.88
01/11/2021,0,-2000000,73.1(1.67 %),1200,85780000,1200,87780000,3227612,44.93
02/11/2021,7700,560590000,72.1(-1.37 %),7700,560590000,0,0,3219912,44.94
03/11/2021,0,0,71.5(-0.83 %),0,0,0,0,3219912,44.94
04/11/2021,0,0,71.6(0.14 %),0,0,0,0,3219912,44.94
05/11/2021,7400,533020000,72.5(1.26 %),9900,711510000,2500,178490000,3212512,0.0
08/11/2021,16600,1212100000,72.7(0.28 %),16800,1226600000,200,14500000,3203312,44.96
09/11/2021,5400,392250000,73.3(0.83 %),7300,531500000,1900,139250000,3197912,44.97
10/11/2021,0,0,73.5(0.27 %),0,0,0,0,3197912,44.97
11/11/2021,-9500,-698110000,74.3(1.09 %),2300,169460000,11800,867570000,3207412,44.95
12/11/2021,-27100,-2000300000,73.7(-0.81 %),13400,994470000,40500,2994770000,3234512,44.92
15/11/2021,-14300,-1041390000,72.6(-1.49 %),1200,87080000,15500,1128470000,3248812,44.9
16/11/2021,-17400,-1241060000,71.9(-0.96 %),600,42900000,18000,1283960000,3266212,44.88
17/11/2021,148600,11083800000,75.7(5.29 %),170500,12722900000,21900,1639100000,3117612,45.07
18/11/2021,3000,229030000,75(-0.92 %),25100,1908560000,22100,1679530000,3114612,45.07
19/11/2021,-2100,-144560000,72(-4.00 %),8200,612490000,10300,757050000,3116712,45.07
22/11/2021,279700,19486540000,68.5(-4.86 %),297500,20724650000,17800,1238110000,2837012,45.42
23/11/2021,170700,11876250000,68(-0.73 %),170800,11883240000,100,6990000,2666312,45.64
24/11/2021,-1700,-121380000,72.7(6.91 %),0,0,1700,121380000,2668012,45.63
25/11/2021,-7800,-593500000,75.2(3.44 %),13000,972330000,20800,1565830000,2675812,45.62
26/11/2021,-9100,-664930000,74(-1.60 %),3900,288420000,13000,953350000,2684912,0.0
29/11/2021,0,0,74.8(1.08 %),0,0,0,0,2684912,45.61
30/11/2021,202000,16063960000,80(6.95 %),214900,17086630000,12900,1022670000,2482912,45.87
01/12/2021,5400,451790000,80(0.00 %),14000,1143230000,8600,691440000,2451492,45.91
02/12/2021,-13100,-1018860000,77.9(-2.63 %),11100,877700000,24200,1896560000,2464592,45.89
03/12/2021,42400,3292920000,77(-1.16 %),43000,3339720000,600,46800000,2422192,45.94
06/12/2021,-51300,-3992520000,76(-1.30 %),37000,2859620000,88300,6852140000,2473492,45.88
07/12/2021,-62300,-4807020000,77(1.32 %),22600,1726350000,84900,6533370000,2535792,45.8
08/12/2021,-83600,-6643660000,81.5(5.84 %),7500,589140000,91100,7232800000,2619392,45.69
09/12/2021,-13200,-1110110000,87.2(6.99 %),59300,5120010000,72500,6230120000,2632592,0.0
10/12/2021,118400,10441400000,89.9(3.10 %),145700,12868290000,27300,2426890000,2514192,45.83
13/12/2021,203300,18526344000,90.5(0.67 %),247300,24380074000,44000,5853730000,2310892,0.0
14/12/2021,90400,8020950000,88.3(-2.43 %),108900,9657960000,18500,1637010000,2220492,48.98
15/12/2021,109800,10022110000,91.2(3.28 %),113400,10349750000,3600,327640000,2110692,49.13
16/12/2021,22800,2069670000,91.3(0.11 %),27200,2470250000,4400,400580000,2087892,49.16
17/12/2021,42900,3951430000,91.3(0.00 %),60100,5495790000,17200,1544360000,2044992,49.22
20/12/2021,-10900,-965400000,88.8(-2.74 %),4200,378190000,15100,1343590000,2055892,49.2
21/12/2021,-102300,-8976230000,89.1(0.34 %),575100,49978770000,677400,58955000000,2158192,0.0
22/12/2021,14400,1332480000,90.5(1.57 %),28300,2589430000,13900,1256950000,2143792,49.08
23/12/2021,77000,7091084000,95.7(5.75 %),91800,8454045600,14800,1362961600,2066792,0.0
24/12/2021,11000,1070531000,96.7(1.04 %),27700,2695791700,16700,1625260700,2132792,0.0
27/12/2021,-20600,-2034790000,99.8(3.21 %),4900,488780000,25500,2523570000,2051502,46.41
28/12/2021,91900,9405240000,103.9(4.11 %),99600,10206570000,7700,801330000,1959602,49.33
29/12/2021,40300,4252550000,106(2.02 %),84700,8991590000,44400,4739040000,1908002,46.59
30/12/2021,163100,17343240000,107.5(1.42 %),185900,19753090000,22800,2409850000,1729802,46.82
31/12/2021,-22000,-2438380000,109.5(1.86 %),4700,514890000,26700,2953270000,1769502,46.77
04/01/2022,9600,1024870000,106(-3.20 %),65000,7140030000,55400,6115160000,1727302,46.82
05/01/2022,24500,2621740000,106(0.00 %),42700,4549530000,18200,1927790000,1711302,46.84
06/01/2022,194400,21420660000,113.4(6.98 %),251600,27859040000,57200,6438380000,1515102,47.09
07/01/2022,35800,3980240000,113.6(0.18 %),128600,14498080000,92800,10517840000,1404702,47.23
10/01/2022,-7000,-2170142200,106.3(-6.43 %),48700,4060626900,55700,6230769100,1413202,47.22
11/01/2022,33500,3582460000,106.5(0.19 %),101300,10998740000,67800,7416280000,1404702,47.23
12/01/2022,107100,11608100000,112(5.16 %),109900,11909500000,2800,301400000,1350582,47.3
13/01/2022,-23600,-2571320000,106.9(-4.55 %),61200,6697480000,84800,9268800000,1357212,47.29
14/01/2022,1600,78450000,107(0.09 %),74200,8038600000,72600,7960150000,1282312,47.38
17/01/2022,15600,1639900000,101(-5.61 %),32800,3481090000,17200,1841190000,1330812,47.32
18/01/2022,60700,5961130000,99(-1.98 %),103300,10221060000,42600,4259930000,1300112,47.36
19/01/2022,151800,15059810000,99(0.00 %),167800,16640620000,16000,1580810000,1149512,47.55
20/01/2022,35800,3658590000,106(6.96 %),40500,4148290000,4700,489700000,1151612,47.55
21/01/2022,-24000,-2598990000,109.9(3.68 %),20000,2176920000,44000,4775910000,1147612,47.55
24/01/2022,35700,3837540000,105.3(-4.19 %),57400,6164460000,21700,2326920000,1094862,47.62
25/01/2022,-146900,-16223720000,110(4.46 %),70900,7737100000,217800,23960820000,1067962,47.65
26/01/2022,-139100,-15692100000,108.7(-1.18 %),24900,2367580000,164000,18059680000,1064762,47.66
27/01/2022,-3400,-349690000,102.7(-5.52 %),19000,1961830000,22400,2311520000,1263562,47.41
28/01/2022,-29300,-2866160000,99(-3.60 %),20600,1995850000,49900,4862010000,1406962,47.22
07/02/2022,-97200,-9421890000,95.6(-3.43 %),36500,3537960000,133700,12959850000,1392862,47.24
08/02/2022,50300,4702520000,94.5(-1.15 %),57900,5400130000,7600,697610000,1384862,47.25
09/02/2022,45000,4283420000,97(2.65 %),48500,4624610000,3500,341190000,1470862,47.14
10/02/2022,36300,3521450000,97(0.00 %),54700,5305480000,18400,1784030000,1431762,47.19
11/02/2022,100,9710000,95(-2.06 %),900,86190000,800,76480000,1434362,47.19
14/02/2022,13100,1221930000,92.8(-2.32 %),13900,1296770000,800,74840000,1438862,47.18
15/02/2022,-8800,-827560000,92.5(-0.32 %),400,37320000,9200,864880000,1439262,47.18
16/02/2022,5700,540080000,94.3(1.95 %),8300,781930000,2600,241850000,1430162,47.2
17/02/2022,-18000,-1718530000,95(0.74 %),2300,220160000,20300,1938690000,1437062,47.19
18/02/2022,-49300,-4642260000,94(-1.05 %),2100,197680000,51400,4839940000,1437562,47.19
21/02/2022,-199800,-19064610000,94.8(0.85 %),11900,1136970000,211700,20201580000,1445162,47.18
22/02/2022,-98200,-9432600000,96.1(1.37 %),13600,1298910000,111800,10731510000,1482962,47.13
23/02/2022,-44300,-4330550000,98.3(2.29 %),32700,3200390000,77000,7530940000,1661962,46.9
24/02/2022,-145500,-14275220000,97.1(-1.22 %),2300,225740000,147800,14500960000,1775462,46.76
25/02/2022,-4100,-403690000,98.4(1.34 %),3900,378310000,8000,782000000,1868562,46.64
28/02/2022,-11800,-1150850000,96.8(-1.63 %),800,78010000,12600,1228860000,2015562,46.46
01/03/2022,7200,696600000,95.8(-1.03 %),7200,696600000,0,0,2016362,46.46
02/03/2022,-83200,-7757920000,92.5(-3.44 %),12400,1153450000,95600,8911370000,2016562,46.46
03/03/2022,-26700,-2436880000,90.1(-2.59 %),4100,375240000,30800,2812120000,2011662,46.46
04/03/2022,5000,471340000,93(3.22 %),10700,991060000,5700,519720000,2096562,46.35
07/03/2022,-8600,-778920000,90.5(-2.69 %),5700,518210000,14300,1297130000,2118462,46.33
08/03/2022,-116700,-10508660000,89(-1.66 %),300,26880000,117000,10535540000,2123862,46.32
09/03/2022,-82600,-7200560000,85.8(-3.60 %),1300,114630000,83900,7315190000,2136862,46.3
10/03/2022,-88500,-7614290000,85(-0.93 %),1400,120420000,89900,7734710000,2252462,46.16
11/03/2022,-99900,-8549290000,85(0.00 %),3500,298230000,103400,8847520000,2332862,46.06
14/03/2022,-89200,-7639970000,86.1(1.29 %),1400,120700000,90600,7760670000,2421362,45.94
15/03/2022,-107770,-9329510440,87.4(1.51 %),5900,509750000,113670,9839260440,2518862,45.82
16/03/2022,-4600,-400110000,86.8(-0.69 %),400,34920000,5000,435030000,2609056,45.71
17/03/2022,27000,2351320000,87.2(0.46 %),32000,2789260000,5000,437940000,2690726,45.6
18/03/2022,21400,1877460000,87(-0.23 %),31700,2777200000,10300,899740000,2664026,45.64
21/03/2022,13100,1132560000,86.4(-0.69 %),13200,1141200000,100,8640000,2683826,45.61
22/03/2022,18200,1595130000,87.5(1.27 %),18500,1621080000,300,25950000,2675626,45.62
23/03/2022,-87500,-8016400000,91(4.00 %),54200,4946530000,141700,12962930000,2653526,45.65
24/03/2022,-83500,-7771120000,92.5(1.65 %),16500,1537580000,100000,9308700000,2637326,45.67
25/03/2022,16500,1516120000,91.8(-0.76 %),19500,1792120000,3000,276000000,2759526,45.52
28/03/2022,20000,1823260000,90.8(-1.09 %),21500,1960000000,1500,136740000,2857226,45.39
29/03/2022,15400,1417020000,97.1(6.94 %),19000,1747170000,3600,330150000,2841226,45.42
30/03/2022,-8900,-839770000,97.7(0.62 %),20400,1990320000,29300,2830090000,2822326,45.44
31/03/2022,21500,2091430000,96.6(-1.13 %),29000,2823980000,7500,732550000,2796926,45.47
01/04/2022,-7200,-718250000,98.2(1.66 %),8900,883950000,16100,1602200000,2823726,45.44
04/04/2022,-79400,-7989120000,99(0.81 %),50900,5056690000,130300,13045810000,2796326,45.47
05/04/2022,43600,4220780000,95(-4.04 %),69700,6720720000,26100,2499940000,2753661,45.53
06/04/2022,-165300,-15190230000,88.9(-6.42 %),38700,3598700000,204000,18788930000,2861261,45.39
07/04/2022,9200,813350000,86(-3.26 %),10200,901350000,1000,88000000,2852061,48.14
08/04/2022,12700,1107790000,86(0.00 %),27300,2372960000,14600,1265170000,3053861,45.15
12/04/2022,-39200,-3238520000,80(-6.98 %),1400,112530000,40600,3351050000,3093061,47.81
13/04/2022,29100,2210960000,76.2(-4.75 %),84500,6378090000,55400,4167130000,3069461,45.13
14/04/2022,-40100,-3060900000,75(-1.57 %),11500,889010000,51600,3949910000,3030261,45.18
15/04/2022,9800,689930000,69.8(-6.93 %),49000,3522860000,39200,2832930000,3036661,45.17
18/04/2022,98600,6535490000,65(-6.88 %),127100,8400850000,28500,1865360000,2961161,45.26
19/04/2022,45900,3029070000,66.1(1.69 %),96900,6467940000,51000,3438870000,2903461,45.34
20/04/2022,75300,5045730000,64(-3.18 %),118100,7906090000,42800,2860360000,2846561,48.14
21/04/2022,69700,4385610000,61.2(-4.38 %),118500,7473320000,48800,3087710000,2746361,45.53
22/04/2022,-11300,-901470000,57(-6.86 %),88800,5224360000,100100,6125830000,2704361,45.59
25/04/2022,232400,13101740000,54.9(-3.68 %),282500,15932110000,50100,2830370000,2481861,45.87
26/04/2022,146200,8188050000,58.7(6.92 %),288700,16191810000,142500,8003760000,2301261,46.1
27/04/2022,44000,2529810000,58.8(0.17 %),148100,8675160000,104100,6145350000,2216861,46.2
28/04/2022,-145600,-8510230000,58(-1.36 %),4200,244950000,149800,8755180000,2355161,46.03
29/04/2022,-56800,-3285140000,55.5(-4.31 %),7400,425850000,64200,3710990000,2451861,45.91
04/05/2022,24300,1392350000,57.8(4.14 %),38600,2213360000,14300,821010000,2563061,45.77
05/05/2022,-69900,-3984890000,56.5(-2.25 %),8900,514230000,78800,4499120000,2632961,0.0
06/05/2022,-72500,-3878750000,53.5(-5.31 %),3500,187250000,76000,4066000000,2629161,45.68
09/05/2022,-21200,-1055760000,49.8(-6.92 %),14200,707160000,35400,1762920000,2693761,45.6
10/05/2022,-349300,-17045840000,48.8(-2.01 %),47200,2303360000,396500,19349200000,2722561,45.56
11/05/2022,-26100,-1296610000,49.6(1.64 %),80600,3965600000,106700,5262210000,2748661,0.0
12/05/2022,-56100,-2745120000,46.15(-6.96 %),8500,397655000,64600,3142775000,2804761,0.0
13/05/2022,-35900,-1536690000,42.95(-6.93 %),28000,1245000000,63900,2781690000,3144061,45.03
16/05/2022,-14700,-634305000,43.15(0.35 %),57400,2476810000,72100,3111115000,3151261,45.02
17/05/2022,63000,2907450000,46.15(6.83 %),115600,5334940000,52600,2427490000,3099561,45.09
18/05/2022,1500,71700000,47.8(3.46 %),31100,1486580000,29600,1414880000,3140561,45.04
19/05/2022,-16100,-768775000,47.75(-0.10 %),50100,2392275000,66200,3161050000,3143061,45.03
20/05/2022,-64100,-3063980000,47.8(0.00 %),7900,377620000,72000,3441600000,3164761,45.01
23/05/2022,-45300,-2104185000,46.45(-2.82 %),3600,167220000,48900,2271405000,3227361,44.93
24/05/2022,-36000,-1648800000,45.8(-1.51 %),5600,256480000,41600,1905280000,3293761,44.84
25/05/2022,33900,1661100000,49(6.99 %),43600,2136400000,9700,475300000,3299061,44.84
26/05/2022,-21800,-1076920000,49.4(0.82 %),600,29640000,22400,1106560000,3340064,44.79
27/05/2022,-31000,-1531400000,49.4(0.00 %),3300,163020000,34300,1694420000,3346464,44.78
30/05/2022,10100,514090000,50.9(3.04 %),10100,514090000,0,0,3358764,44.76
31/05/2022,-14700,-799680000,54.4(6.88 %),300,16320000,15000,816000000,3392764,44.72
01/06/2022,-65200,-3599040000,55.2(1.47 %),29500,1628400000,94700,5227440000,3363264,44.76
02/06/2022,111700,6322220000,56.6(2.54 %),138500,7839100000,26800,1516880000,3239764,44.91
03/06/2022,336200,19365120000,57.6(1.77 %),357700,20603520000,21500,1238400000,2976764,45.24
06/06/2022,139500,8107010000,57.5(-0.17 %),160200,9310680000,20700,1203670000,2843364,45.41
07/06/2022,65200,3612080000,55.4(-3.65 %),105000,5817000000,39800,2204920000,2759864,45.52
08/06/2022,349100,19759060000,56.6(2.17 %),349200,19764720000,100,5660000,2431364,45.93
09/06/2022,265500,15186600000,57.2(1.06 %),274800,15718560000,9300,531960000,2196364,46.23
10/06/2022,300100,17105700000,57(-0.35 %),307300,17516100000,7200,410400000,1889114,46.62
13/06/2022,311700,16707120000,53.6(-5.96 %),356400,19103040000,44700,2395920000,1542014,47.05
14/06/2022,356500,19928350000,55.9(4.29 %),379000,21186100000,22500,1257750000,1170214,47.52
15/06/2022,7400,407000000,55(-1.61 %),52400,2882000000,45000,2475000000,1162514,47.53
16/06/2022,190500,10572750000,55.5(0.91 %),208700,11582850000,18200,1010100000,976314,47.77
17/06/2022,105100,5622850000,53.5(-3.60 %),113600,6077600000,8500,454750000,907714,47.85
20/06/2022,-53800,-2795420000,49.8(-6.92 %),61300,3056600000,115100,5852020000,864614,47.91
21/06/2022,297600,15028800000,50.5(1.41 %),300300,15165150000,2700,136350000,572814,48.28
22/06/2022,-22700,-1148620000,50.6(0.20 %),3100,156860000,25800,1305480000,684814,48.14
23/06/2022,105900,5485620000,51.8(2.37 %),125600,6506080000,19700,1020460000,561914,48.29
24/06/2022,10700,556400000,52(0.39 %),11200,582400000,500,26000000,576514,48.27
27/06/2022,177200,9484580000,53.9(3.65 %),185700,9935410000,8500,450830000,410514,48.48
28/06/2022,218100,11995500000,55(2.04 %),225600,12408000000,7500,412500000,185414,48.77
29/06/2022,181700,9959130000,55.9(1.64 %),185400,10161660000,3700,202530000,8514,48.99
30/06/2022,-12800,-688640000,53.8(-3.76 %),6800,365840000,19600,1054480000,9214,48.99
01/07/2022,700,37660000,53.8(0.00 %),9200,494960000,8500,457300000,3714,49.0
04/07/2022,-37500,-2028800000,54.1(0.56 %),0,0,37500,2028800000,0,51.96
05/07/2022,8300,458160000,55.2(2.03 %),23300,1286160000,15000,828000000,8514,48.99
06/07/2022,-9700,-536410000,55.3(0.18 %),8500,470050000,18200,1006460000,37514,48.95
07/07/2022,-5400,-319140000,59.1(6.87 %),20800,1229280000,26200,1548420000,31714,48.96
08/07/2022,-26100,948640000,60.7(2.71 %),80600,2482480000,106700,1533840000,57814,0.0
11/07/2022,15400,948640000,61.6(1.48 %),40300,2482480000,24900,1533840000,26214,48.97
12/07/2022,-20800,-1289600000,62(0.65 %),26200,1624400000,47000,2914000000,34714,48.96
13/07/2022,-400,-24720000,61.8(-0.32 %),34700,2144460000,35100,2169180000,24914,48.97
14/07/2022,-83900,-5210190000,62.1(0.49 %),16200,1006020000,100100,6216210000,55714,48.93
15/07/2022,-144200,-8507800000,59(-4.99 %),7000,413000000,151200,8920800000,83814,48.89
18/07/2022,-43000,-2580000000,60(1.69 %),80000,4800000000,123000,7380000000,103914,48.87
19/07/2022,23800,1425620000,59.9(-0.17 %),100000,5990000000,76200,4564380000,155114,48.8
20/07/2022,-118100,-7156860000,60.6(1.17 %),5000,303000000,123100,7459860000,273114,48.66
21/07/2022,-156000,-9172800000,58.8(-2.97 %),2000,117600000,158000,9290400000,347314,48.56
22/07/2022,105900,-1943000000,58(-1.36 %),125600,17400000,19700,1960400000,470114,48.41
25/07/2022,41900,2338020000,55.8(-3.79 %),78900,4402620000,37000,2064600000,549214,48.31
26/07/2022,-3200,-180480000,56.4(1.08 %),900,50760000,4100,231240000,582114,48.27
27/07/2022,93800,5534200000,59(4.61 %),107700,6354300000,13900,820100000,511414,48.35
28/07/2022,97800,5868000000,60(1.69 %),105600,6336000000,7800,468000000,409914,48.48
29/07/2022,208700,12584610000,60.3(0.50 %),209700,12644910000,1000,60300000,214114,48.73
01/08/2022,92500,5735000000,62(2.82 %),95200,5902400000,2700,167400000,126714,48.84
02/08/2022,-42400,-2577920000,60.8(-1.94 %),600,36480000,43000,2614400000,127114,48.84
03/08/2022,69500,4336800000,62.4(2.63 %),74900,4673760000,5400,336960000,54914,48.93
04/08/2022,50800,3235960000,63.7(2.08 %),54900,3497130000,4100,261170000,43014,48.95
05/08/2022,43000,2717600000,63.2(-0.78 %),43000,2717600000,0,0,5414,48.99
08/08/2022,-7100,-447300000,63(-0.32 %),1300,81900000,8400,529200000,8214,48.99
09/08/2022,8000,510400000,63.8(1.27 %),8000,510400000,0,0,214,49.0
10/08/2022,-7200,-455760000,63.3(-0.78 %),0,0,7200,455760000,8614,48.99
11/08/2022,-18400,-1133440000,61.6(-2.69 %),8600,529760000,27000,1663200000,14,49.0
12/08/2022,0,-1133440000,62.2(0.97 %),0,529760000,0,1663200000,7214,48.99
15/08/2022,7000,441000000,63(1.29 %),7100,447300000,100,6300000,27114,48.97
16/08/2022,18200,1226680000,67.4(6.98 %),27100,1826540000,8900,599860000,14,49.0
17/08/2022,-42100,-2833330000,67.3(-0.15 %),0,0,42100,2833330000,114,49.0
18/08/2022,-3500,-233800000,66.8(-0.74 %),100,6680000,3600,240480000,8914,48.99
19/08/2022,7400,523180000,70.7(5.84 %),8900,629230000,1500,106050000,42114,48.95
22/08/2022,10000,707000000,70.7(0.00 %),42100,2976470000,32100,2269470000,3614,49.0
23/08/2022,-4500,-326250000,72.5(2.55 %),3600,261000000,8100,587250000,1514,49.0
24/08/2022,-28300,-2034770000,71.9(-0.83 %),1500,107850000,29800,2142620000,32114,48.96
25/08/2022,-100,-7180000,71.8(-0.14 %),32100,2304780000,32200,2311960000,8114,48.99
26/08/2022,4200,294840000,70.2(-2.23 %),8100,568620000,3900,273780000,29814,48.96
29/08/2022,26400,1842720000,69.8(-0.57 %),29800,2080040000,3400,237320000,34914,48.96
30/08/2022,15800,1098100000,69.5(-0.43 %),34900,2425550000,19100,1327450000,3914,49.0
31/08/2022,3600,260280000,72.3(4.03 %),3900,281970000,300,21690000,3414,49.0
05/09/2022,-28000,-1996400000,71.3(-1.38 %),3400,242420000,31400,2238820000,19114,48.98
06/09/2022,-8900,-634570000,71.3(0.00 %),19100,1361830000,28000,1996400000,314,49.0
07/09/2022,-14700,-986370000,67.1(-5.89 %),300,20130000,15000,1006500000,31414,48.96
08/09/2022,19900,1333300000,67(-0.15 %),31200,2090400000,11300,757100000,28214,48.96
09/09/2022,25700,1750170000,68.1(1.64 %),25700,1750170000,0,0,17514,48.98
12/09/2022,17443,1750170000,69.3(1.76 %),17500,1750170000,57,0,11314,48.99
13/09/2022,10710,747360000,68.8(-0.72 %),11300,781960000,590,34600000,14,49.0
14/09/2022,-5,747360000,71(3.20 %),0,781960000,5,34600000,71,49.0
15/09/2022,-2103,-355000,72.1(1.55 %),0,0,2103,355000,0,49.0
16/09/2022,600,42180000,70.3(-2.50 %),600,42180000,0,0,66,49.0
19/09/2022,0,42180000,67.9(-3.41 %),0,42180000,0,0,66,51.95
20/09/2022,2100,142170000,67.7(-0.29 %),2100,142170000,0,0,69,49.0
21/09/2022,0,142170000,67.5(-0.30 %),0,142170000,0,0,69,49.0
22/09/2022,-610,-41480000,68(0.74 %),0,0,610,41480000,69,49.0
23/09/2022,-276,-19099200,69.2(1.76 %),0,0,276,19099200,69,49.0
26/09/2022,-5,-335000,67(-3.18 %),0,0,5,335000,679,49.0
27/09/2022,-3500,-235900000,67.4(0.60 %),600,40440000,4100,276340000,355,49.0
28/09/2022,-9200,-576840000,62.7(-6.97 %),300,18810000,9500,595650000,60,49.0
29/09/2022,-4200,-245280000,58.4(-6.86 %),70000,4088000000,74200,4333280000,4160,48.99
30/09/2022,3400,196180000,57.7(-1.20 %),4100,236570000,700,40390000,9560,48.99
03/10/2022,-4004,-215014800,53.7(-6.93 %),700,37590000,4704,252604800,13060,48.98
04/10/2022,12400,620000000,50(-6.89 %),13000,650000000,600,30000000,760,49.0
05/10/2022,520,27404000,52.7(5.40 %),700,36890000,180,9486000,4764,48.99
06/10/2022,4100,208690000,50.9(-3.42 %),4700,239230000,600,30540000,664,49.0
07/10/2022,-1400,-66290000,47.35(-6.97 %),600,28410000,2000,94700000,244,49.0
10/10/2022,-2506,-117030200,46.7(-1.48 %),200,9340000,2706,126370200,644,49.0
11/10/2022,-3200,-139040000,43.45(-6.96 %),600,26070000,3800,165110000,2044,49.0
12/10/2022,-5700,-252225000,44.25(1.72 %),2000,88500000,7700,340725000,2750,49.0
13/10/2022,2717,125661250,46.25(4.40 %),2717,125661250,0,0,3833,49.0
14/10/2022,300,13950000,46.5(0.43 %),3800,176700000,3500,162750000,7733,48.99
17/10/2022,100,4720000,47.2(1.51 %),100,4720000,0,0,7633,48.99
18/10/2022,3700,176490000,47.7(1.06 %),4000,190800000,300,14310000,7133,48.99
19/10/2022,2600,124270000,46.55(-2.41 %),2700,129060000,100,4790000,4533,51.95
20/10/2022,600,27790000,46.55(-0.11 %),700,32440000,100,4650000,3833,51.95
21/10/2022,-4300,-189460000,43.3(-7.08 %),1800,79105000,6100,268565000,8333,51.94
24/10/2022,-600,-24395000,40.3(-6.93 %),2300,93835000,2900,118230000,2933,51.95
25/10/2022,-2500,-98740000,40.5(0.50 %),100,3915000,2600,102655000,5433,51.94
26/10/2022,1000,39400000,40.3(-0.49 %),2000,80600000,1000,41200000,1633,51.95
27/10/2022,3500,146105000,43.1(6.95 %),7000,287855000,3500,141750000,2633,49.0
28/10/2022,1900,83600000,44(2.09 %),1900,83600000,0,0,1733,49.0
31/10/2022,0,0,42.1(-4.32 %),1600,67360000,1600,67360000,3633,49.0
01/11/2022,-1100,-46090000,41.9(-0.48 %),700,29330000,1800,75420000,2933,49.0
02/11/2022,-34200,-1438110000,42.05(0.36 %),0,0,34200,1438110000,4533,48.99
03/11/2022,-139300,-5850600000,42(-0.24 %),2600,109200000,141900,5959800000,3733,49.0
04/11/2022,-210,-8274000,39.4(-6.19 %),700,27580000,910,35854000,37233,48.95
07/11/2022,-110200,-4038830000,36.65(-6.98 %),7300,267545000,117500,4306375000,171833,48.78
08/11/2022,4480,152768000,34.1(-7.08 %),5900,201190000,1420,48422000,166843,48.79
09/11/2022,6000,201000000,33.5(-1.76 %),6300,211050000,300,10050000,278043,48.65
10/11/2022,-80566,-2513659200,31.2(-6.87 %),11600,361920000,92166,2875579200,267863,48.66
11/11/2022,45100,1310155000,29.05(-6.89 %),56100,1629705000,11000,319550000,212063,48.73
14/11/2022,11710,316755500,27.05(-7.04 %),11710,316755500,0,0,292519,48.63
15/11/2022,3900,98280000,25.2(-7.01 %),3900,98280000,0,0,299619,48.62
16/11/2022,45700,1231615000,26.95(6.94 %),52100,1404095000,6400,172480000,247519,48.69
17/11/2022,-7500,-213750000,28.5(5.56 %),18100,515850000,25600,729600000,229419,48.71
18/11/2022,1650,46860000,28.4(-0.35 %),5950,168980000,4300,122120000,229869,48.71
21/11/2022,-10654,-303639000,28.5(0.35 %),15200,433200000,25854,736839000,240269,48.7
22/11/2022,16500,488400000,29.6(3.86 %),23500,695600000,7000,207200000,221069,48.72
23/11/2022,218400,6464640000,29.6(0.00 %),221000,6541600000,2600,76960000,25923,48.97
24/11/2022,1300,37700000,29(-2.03 %),25900,751100000,24600,713400000,7023,48.99
25/11/2022,-45800,-1396900000,30.5(5.17 %),6400,195200000,52200,1592100000,3223,49.0
28/11/2022,-6100,-198860000,32.6(6.89 %),1600,52160000,7700,251020000,9323,0.0
29/11/2022,-19600,-644840000,32.9(0.92 %),1000,32900000,20600,677740000,28923,51.91
30/11/2022,63000,2205000000,35(6.38 %),77400,2709000000,14400,504000000,-34077,52.0
01/12/2022,-12280,-434712000,35.4(1.14 %),7500,265500000,19780,700212000,226,0.0
02/12/2022,9397,347689000,37(4.52 %),11100,410700000,1703,63011000,-9171,51.96
05/12/2022,20774,749941400,36.1(-2.43 %),24100,870010000,3326,120068600,26,51.95
06/12/2022,19700,661920000,33.6(-6.93 %),19800,665280000,100,3360000,-19674,51.98
07/12/2022,1400,44940000,32.1(-4.46 %),1700,54570000,300,9630000,9,0.0
08/12/2022,3300,113190000,34.3(6.85 %),3300,113190000,0,0,135,49.0
09/12/2022,-2400,-88080000,36.7(7.00 %),100,3670000,2500,91750000,335,49.0
12/12/2022,-4200,-164850000,39.25(6.95 %),100,3925000,4300,168775000,4235,51.95
13/12/2022,200,7840000,39.2(-0.25 %),200,7840000,0,0,4035,51.95
14/12/2022,0,7840000,39.7(1.28 %),0,7840000,0,0,4035,51.67
15/12/2022,0,7840000,38.3(-3.53 %),0,7840000,0,0,4035,51.67
16/12/2022,-2536,-99411200,39.2(2.35 %),0,0,2536,99411200,6571,51.67
19/12/2022,-2000,-74400000,37.2(-5.10 %),0,0,2000,74400000,8571,51.66
20/12/2022,-1700,-58990000,34.7(-6.72 %),0,0,1700,58990000,10271,51.66
21/12/2022,0,-58990000,33.5(-3.46 %),0,0,0,58990000,10271,51.66
22/12/2022,-200,-6770000,33.85(1.04 %),0,0,200,6770000,10471,51.66
23/12/2022,0,-6770000,34.4(1.47 %),0,0,0,6770000,10471,51.66
26/12/2022,-800,-26040000,32.55(-5.38 %),0,0,800,26040000,11271,51.66
27/12/2022,-3200,-107680000,33.65(3.22 %),0,0,3200,107680000,14471,0.0
28/12/2022,-7000,-233100000,33.3(-1.19 %),0,0,7000,233100000,21471,51.65
29/12/2022,0,-233100000,33.25(-0.15 %),0,0,0,233100000,-190587,49.24
30/12/2022,0,-233100000,32.9(-1.20 %),0,0,0,233100000,-183587,49.23
03/01/2023,0,-233100000,35.2(6.99 %),0,0,0,233100000,0,51.67
04/01/2023,0,-233100000,35.2(0.00 %),0,0,0,233100000,-183587,49.23
05/01/2023,-1500,-52650000,35.1(-0.28 %),0,0,1500,52650000,-183587,49.23
06/01/2023,0,-52650000,33.9(-3.42 %),0,0,0,52650000,-183587,49.23
09/01/2023,-2000,-67600000,33.8(-0.29 %),0,0,2000,67600000,-182087,49.23
10/01/2023,-6,-212100,35.35(4.59 %),0,0,6,212100,-182087,49.23
11/01/2023,-1000,-35350000,35.35(-0.14 %),0,0,1000,35350000,-180087,49.23
12/01/2023,0,-35350000,34.85(-1.55 %),0,0,0,35350000,-180081,49.23
13/01/2023,0,-35350000,34.85(-0.14 %),0,0,0,35350000,-179081,49.23
16/01/2023,0,-35350000,35.4(1.43 %),0,0,0,35350000,-179081,49.23
17/01/2023,-1500,-56775000,37.85(6.92 %),0,0,1500,56775000,-179081,49.23
18/01/2023,-2600,-99450000,38.25(0.92 %),0,0,2600,99450000,-179081,49.23
19/01/2023,0,-99450000,38.75(1.17 %),0,0,0,99450000,-177581,49.23
27/01/2023,-1700,-67150000,39.5(1.80 %),0,0,1700,67150000,-174981,49.22
30/01/2023,-10100,-396930000,39.3(-0.51 %),0,0,10100,396930000,-174981,49.22
31/01/2023,-100,-3930000,39.3(0.00 %),0,0,100,3930000,-173281,49.22
01/02/2023,0,-3930000,36.55(-7.00 %),0,0,0,3930000,0,49.21
02/02/2023,0,-3930000,36.75(0.41 %),0,0,0,3930000,0,49.21
03/02/2023,0,-3930000,36.9(0.27 %),0,0,0,3930000,-163081,49.21
06/02/2023,0,-3930000,37(0.27 %),0,0,0,3930000,-163081,49.21
07/02/2023,-1000,-36000000,36(-2.70 %),0,0,1000,36000000,-163081,49.21
08/02/2023,0,-36000000,35.95(-0.14 %),0,0,0,36000000,-163081,49.21
09/02/2023,-2000,-72100000,36.05(0.14 %),0,0,2000,72100000,-162081,49.21
10/02/2023,0,-72100000,35.45(-1.80 %),0,0,0,72100000,-162081,49.21
13/02/2023,0,-72100000,33(-7.04 %),0,0,0,72100000,-160081,49.2
14/02/2023,-90,-3015000,33.5(1.52 %),0,0,90,3015000,-160081,49.2
15/02/2023,-20,-686000,34.3(2.39 %),0,0,20,686000,-160081,49.2
16/02/2023,0,-686000,34.75(1.31 %),0,0,0,686000,-159991,49.2
17/02/2023,0,-686000,35.05(0.72 %),0,0,0,686000,-159971,49.2
20/02/2023,0,-686000,37.2(5.98 %),0,0,0,686000,-159971,49.2
21/02/2023,0,-686000,37.55(0.94 %),0,0,0,686000,-159971,49.2
22/02/2023,-1503,-54859500,36.5(-2.93 %),0,0,1503,54859500,-159971,49.2
23/02/2023,0,-54859500,35.5(-2.74 %),0,0,0,54859500,-159971,49.2
24/02/2023,-3,-105000,35(-1.41 %),0,0,3,105000,0,0.0
27/02/2023,0,-105000,33.5(-4.29 %),0,0,0,105000,0,49.2
28/02/2023,-5000,-168250000,33.65(0.45 %),0,0,5000,168250000,-158465,49.2
01/03/2023,0,-168250000,35.6(5.64 %),0,0,0,168250000,0,49.2
02/03/2023,-1600,-56080000,35.05(-1.54 %),0,0,1600,56080000,-153465,49.19
03/03/2023,0,-56080000,35.1(0.00 %),0,0,0,56080000,-153465,49.19
06/03/2023,0,-56080000,36.05(2.71 %),0,0,0,56080000,-151865,49.19
07/03/2023,0,-56080000,36(-0.28 %),0,0,0,56080000,-151865,49.19
08/03/2023,0,-56080000,36.8(2.22 %),0,0,0,56080000,0,49.19
09/03/2023,-41000,-1564150000,38.15(3.67 %),0,0,41000,1564150000,0,49.19
10/03/2023,0,-1564150000,37.95(-0.65 %),0,0,0,1564150000,-151865,49.19
13/03/2023,0,-1564150000,37.4(-1.58 %),0,0,0,1564150000,0,51.67
14/03/2023,-200,-7240000,36.2(-3.21 %),0,0,200,7240000,-110865,49.14
15/03/2023,0,-7240000,37.6(3.87 %),0,0,0,7240000,-110865,49.14
16/03/2023,0,-7240000,36.9(-1.86 %),0,0,0,7240000,-110665,49.14
17/03/2023,0,-7240000,37.2(0.81 %),0,0,0,7240000,-110665,49.14
20/03/2023,-300,-10995000,36.65(-1.48 %),0,0,300,10995000,-110665,49.14
21/03/2023,0,-105000,37.25(1.50 %),0,0,0,105000,0,49.14
22/03/2023,-2400,-93015000,38.6(3.49 %),0,0,2400,93015000,0,0.0
23/03/2023,0,0,40(3.63 %),0,0,0,0,0,0.0
24/03/2023,-100,-3985000,39.4(-1.50 %),0,0,100,3985000,0,0.0
27/03/2023,-2700,-108000000,40(1.52 %),0,0,2700,108000000,0,51.67
28/03/2023,0,-108000000,39.6(-1.00 %),0,0,0,108000000,0,51.67
29/03/2023,-2000,-82500000,41.25(4.17 %),0,0,2000,82500000,-105165,49.13
30/03/2023,-800,-35280000,44.1(6.78 %),0,0,800,35280000,-105165,49.13
31/03/2023,-1100,-48070000,43.7(-0.91 %),0,0,1100,48070000,-103165,49.13
03/04/2023,-1500,-67350000,44.9(2.75 %),0,0,1500,67350000,-102365,49.13
04/04/2023,0,-67350000,45.7(1.78 %),0,0,0,67350000,-101265,49.13
05/04/2023,-400,-19000000,47.5(3.94 %),0,0,400,19000000,-99765,49.13
06/04/2023,-200,-9340000,46.7(-1.68 %),0,0,200,9340000,-99765,49.13
07/04/2023,-500,-23700000,47.4(1.50 %),0,0,500,23700000,-99365,49.13
10/04/2023,-2000,-94000000,47(-0.84 %),0,0,2000,94000000,-99165,49.13
11/04/2023,-86,-4153800,48.3(2.77 %),0,0,86,4153800,-98665,49.13
12/04/2023,-170,-8143000,47.9(-0.83 %),0,0,170,8143000,-96665,49.12
13/04/2023,0,-8143000,46(-3.97 %),0,0,0,8143000,-96579,49.12
14/04/2023,-300,-13755000,45.85(-0.33 %),0,0,300,13755000,-96409,49.12
17/04/2023,0,-13755000,48(4.58 %),0,0,0,13755000,-96409,49.12
18/04/2023,0,-13755000,51.3(6.87 %),0,0,0,13755000,-96109,49.12
19/04/2023,0,-13755000,53(3.31 %),0,0,0,13755000,-96109,49.12
20/04/2023,0,0,53.3(0.57 %),0,0,0,0,0,51.67
21/04/2023,0,-13755000,55(3.19 %),0,0,0,13755000,-96109,49.12
24/04/2023,-29350,-1725780000,58.8(6.91 %),0,0,29350,1725780000,-96109,49.12
25/04/2023,-1240,-71920000,58(-1.36 %),0,0,1240,71920000,-96109,49.12
26/04/2023,-200,-11700000,58.5(0.86 %),0,0,200,11700000,-66759,49.08
27/04/2023,-600,-35150000,59.3(1.37 %),0,0,600,35150000,0,0.0
28/04/2023,-2000,-120000000,59(-0.51 %),0,0,2000,120000000,0,0.0
04/05/2023,0,0,56.7(-3.90 %),0,0,0,0,0,0.0
05/05/2023,-200,-11800000,59.6(5.11 %),0,0,200,11800000,-62719,49.08
08/05/2023,-500,-29700000,59(-1.01 %),0,0,500,29700000,-62699,49.08
09/05/2023,-30500,-1782090000,57.9(-1.86 %),0,0,30500,1782090000,-62499,49.08
10/05/2023,-42000,-2437840000,58(0.17 %),0,0,42000,2437840000,0,0.0
11/05/2023,-178000,-10535290000,62(6.90 %),0,0,178000,10535290000,-31499,49.04
12/05/2023,-103700,-6604500000,64.6(4.19 %),0,0,103700,6604500000,10501,48.99
15/05/2023,-123300,-7838430000,63.2(-2.17 %),1400,88680000,124700,7927110000,133801,51.12
16/05/2023,1600,102240000,63.4(0.32 %),1600,102240000,0,0,132201,51.12
17/05/2023,0,0,64(0.95 %),0,0,0,0,132201,51.12
18/05/2023,7000,447870000,64(0.00 %),7000,447870000,0,0,125201,51.13
19/05/2023,-3700,-233970000,63.3(-1.09 %),0,0,3700,233970000,128901,51.12
22/05/2023,-1000,-63100000,63.4(0.16 %),0,0,1000,63100000,129901,51.12
23/05/2023,-3300,-214330000,66(4.10 %),1100,71500000,4400,285830000,133201,51.12
24/05/2023,-2400,-157980000,64.8(-1.82 %),100,6520000,2500,164500000,135601,51.11
25/05/2023,0,0,64(-1.23 %),0,0,0,0,135601,51.11
26/05/2023,-8600,-548140000,64(0.00 %),0,0,8600,548140000,144201,51.1
29/05/2023,-4700,-299390000,63.7(-0.47 %),0,0,4700,299390000,148901,51.1
30/05/2023,-7700,-486820000,65.5(2.83 %),500,32500000,8200,519320000,156601,51.09
31/05/2023,-2100,-136010000,64(-2.29 %),0,0,2100,136010000,158701,51.08
01/06/2023,0,0,64(0.00 %),0,0,0,0,430101,50.72
02/06/2023,-900,-57070000,63.6(-0.62 %),1800,115040000,2700,172110000,431001,50.72
05/06/2023,243800,15826390000,64.8(1.89 %),245600,15943060000,1800,116670000,187201,51.04
06/06/2023,5600,362920000,66.5(2.62 %),5700,369720000,100,6800000,181601,51.05
07/06/2023,1200,78720000,65.6(-1.35 %),1200,78720000,0,0,180401,51.05
08/06/2023,126200,8285860000,65.5(-0.15 %),130200,8547270000,4000,261410000,54201,51.22
09/06/2023,59200,3859120000,66.5(1.53 %),60500,3943560000,1300,84440000,-4999,51.3
12/06/2023,-10900,-724420000,69.8(4.96 %),0,0,10900,724420000,1,51.29
13/06/2023,800,55400000,68(-2.58 %),800,55400000,0,0,-799,51.29
14/06/2023,-900,-60460000,65.8(-3.24 %),600,39740000,1500,100200000,4551,51.29
15/06/2023,5000,327500000,66.2(0.61 %),5000,327500000,0,0,-449,51.29
16/06/2023,-800,-53350000,65.7(-0.76 %),900,59580000,1700,112930000,10461,48.99
19/06/2023,-500,-32550000,64.2(-2.28 %),0,0,500,32550000,10521,48.99
20/06/2023,700,44940000,65(1.25 %),700,44940000,0,0,9821,51.28
21/06/2023,8100,529780000,67.7(4.15 %),11500,755450000,3400,225670000,521,49.0
22/06/2023,0,0,67.7(0.00 %),0,0,0,0,521,51.29
23/06/2023,-200,-13540000,70(3.40 %),0,0,200,13540000,721,51.29
26/06/2023,3900,268170000,68.8(-1.71 %),3900,268170000,0,0,33,49.0
27/06/2023,-3900,-267280000,68.8(0.00 %),0,0,3900,267280000,3933,51.29
28/06/2023,-12600,-877620000,69.3(0.73 %),0,0,12600,877620000,16533,51.27
29/06/2023,200,13800000,68.6(-1.01 %),200,13800000,0,0,16333,51.27
30/06/2023,1700,115760000,68.9(0.44 %),3900,266800000,2200,151040000,14633,51.27
03/07/2023,11600,814590000,70(1.60 %),12600,883590000,1000,69000000,12650,51.28
04/07/2023,-25300,-1771000000,70(0.00 %),0,0,25300,1771000000,37950,51.24
05/07/2023,-3900,-273050000,69.7(-0.43 %),2200,154000000,6100,427050000,41850,51.24
06/07/2023,1000,70000000,69.5(-0.29 %),1000,70000000,0,0,25301,48.97
07/07/2023,15100,1012350000,74(6.47 %),25300,1757910000,10200,745560000,6101,48.99
10/07/2023,6100,457270000,75(1.35 %),6100,457270000,0,0,1,51.29
11/07/2023,-1800,-138500000,77.3(3.07 %),0,0,1800,138500000,1801,51.29
12/07/2023,7900,613940000,78(0.91 %),8300,645420000,400,31480000,-6099,51.3
13/07/2023,1200,93920000,77.7(-0.38 %),1200,93920000,0,0,1914,51.29
14/07/2023,-1200,-99090000,80(2.96 %),2500,194160000,3700,293250000,400,49.0
17/07/2023,-4500,-351320000,78(-2.50 %),400,31600000,4900,382920000,4900,51.29
18/07/2023,-900,-70490000,78.5(0.64 %),0,0,900,70490000,5800,51.29
19/07/2023,-4300,-339400000,77.7(-1.02 %),3700,288600000,8000,628000000,4900,48.99
20/07/2023,4000,310560000,79(1.67 %),4900,382200000,900,71640000,900,51.29
21/07/2023,900,71400000,79.2(0.25 %),900,71400000,0,0,0,51.29
24/07/2023,3900,315080000,73.7(-6.94 %),8000,624000000,4100,308920000,900,49.0
25/07/2023,900,65030000,74(0.41 %),900,65030000,0,0,10,49.0
26/07/2023,-5000,-366450000,72.8(-1.62 %),0,0,5000,366450000,5010,51.29
27/07/2023,3700,269880000,68.8(-5.49 %),4100,297240000,400,27360000,1310,51.29
28/07/2023,-460000,-31999840000,73.6(6.98 %),0,0,460000,31999840000,461310,50.68
31/07/2023,-595000,-42548140000,71.9(-2.31 %),5000,355000000,600000,42903140000,1056310,49.89
01/08/2023,-1307300,-87954980000,66.9(-6.95 %),400,27980000,1307700,87982960000,480,51.29
02/08/2023,-332500,-21484580000,63.3(-5.38 %),8700,550750000,341200,22035330000,332980,50.85
03/08/2023,-496800,-31957050000,64(1.11 %),20400,1306250000,517200,33263300000,829780,50.19
04/08/2023,-506900,-32554230000,64.6(0.94 %),1800,115720000,508700,32669950000,2728159,45.54
07/08/2023,-334800,-21442470000,64(-0.93 %),6100,390800000,340900,21833270000,3062959,47.23
08/08/2023,-889600,-58447710000,66.8(4.38 %),27000,1781660000,916600,60229370000,3952559,46.04
09/08/2023,-4100,-269310000,66(-1.20 %),1400,91900000,5500,361210000,3956659,46.04
10/08/2023,398800,26640110000,68.2(3.33 %),398800,26640110000,0,0,3557859,46.57
11/08/2023,90300,6079160000,67.4(-1.17 %),109100,7334480000,18800,1255320000,3467559,46.69
14/08/2023,207100,13984290000,67.3(-0.15 %),207400,14004620000,300,20330000,4305399,43.54
15/08/2023,65300,4361500000,66.9(-0.59 %),65700,4388090000,400,26590000,4258499,43.6
16/08/2023,143100,9635060000,67(0.15 %),156000,10493000000,12900,857940000,4102809,43.8
17/08/2023,-23500,-1556810000,65.5(-2.24 %),1600,105940000,25100,1662750000,4126309,45.81
18/08/2023,155500,9470620000,61(-6.87 %),159700,9743710000,4200,273090000,3954809,43.98
21/08/2023,93800,5665040000,59.2(-2.95 %),94900,5731970000,1100,66930000,3885009,44.07
22/08/2023,71300,4052360000,58.5(-1.18 %),71400,4058160000,100,5800000,3817809,44.16
23/08/2023,37900,2226130000,59(0.85 %),40400,2372630000,2500,146500000,3778509,44.21
24/08/2023,11200,656920000,59.5(0.85 %),25700,1506470000,14500,849550000,3767309,46.29
25/08/2023,-26800,-1673170000,62.4(4.87 %),2000,125750000,28800,1798920000,3753422,44.24
28/08/2023,-36400,-2269540000,62.4(0.00 %),0,0,36400,2269540000,3789822,46.26
29/08/2023,-16900,-1060710000,62.5(0.16 %),0,0,16900,1060710000,3796867,44.18
30/08/2023,6800,426670000,61.7(-1.28 %),11000,683530000,4200,256860000,3790067,46.26
31/08/2023,3700,236140000,63.1(2.27 %),4700,298140000,1000,62000000,3834467,44.14
05/09/2023,2300,148160000,65.3(3.49 %),4600,297160000,2300,149000000,3834067,44.14
06/09/2023,2300,153470000,67(2.60 %),2800,186920000,500,33450000,3831767,46.21
07/09/2023,-2700,-180370000,66.4(-0.90 %),0,0,2700,180370000,3834567,44.14
08/09/2023,2000,135200000,66.8(0.60 %),3700,249570000,1700,114370000,3831367,44.14
11/09/2023,-65500,-4340990000,64.5(-3.44 %),8900,593550000,74400,4934540000,3825167,44.15
12/09/2023,52400,3422740000,66.2(2.64 %),52400,3422740000,0,0,3774467,44.21
13/09/2023,7300,494350000,66.8(0.91 %),11400,772010000,4100,277660000,3837467,44.13
14/09/2023,-3600,-239540000,65.2(-2.40 %),0,0,3600,239540000,3837467,44.13
15/09/2023,16900,1130620000,67.5(3.53 %),19700,1320180000,2800,189560000,3821867,44.15
18/09/2023,0,0,70.8(4.89 %),0,0,0,0,3821867,46.22
19/09/2023,-31100,-2192110000,70.5(-0.42 %),4400,308610000,35500,2500720000,3856567,46.17
20/09/2023,-9300,-653820000,72(2.13 %),1300,91300000,10600,745120000,3865867,46.16
21/09/2023,-17700,-1270820000,70.6(-1.94 %),800,56800000,18500,1327620000,3883567,46.14
22/09/2023,30100,2062660000,68.4(-3.12 %),30300,2076320000,200,13660000,3852467,44.11
25/09/2023,3200,244120000,63.7(-6.87 %),25900,1742970000,22700,1498850000,3845067,44.12
26/09/2023,256600,16366570000,63.4(-0.47 %),258200,16468970000,1600,102400000,3587067,44.45
27/09/2023,11100,706510000,63(-0.63 %),28400,1775320000,17300,1068810000,3575967,46.54
28/09/2023,-3800,-183095000,48.3(2.22 %),3000,144905000,6800,328000000,3579767,35.01
29/09/2023,-48500,-2335005000,47.8(-1.04 %),1500,71675000,50000,2406680000,3595847,44.44
02/10/2023,-8200,-395635000,47.8(0.00 %),0,0,8200,395635000,3602647,44.43
03/10/2023,-500,-23460000,46.1(-3.56 %),400,18120000,900,41580000,3652247,44.37
04/10/2023,1200,55740000,47.4(2.82 %),1200,55740000,0,0,3651047,34.94
05/10/2023,-1300,-64030000,49.4(4.22 %),0,0,1300,64030000,3660146,44.36
06/10/2023,-6600,-326040000,51.5(4.25 %),0,0,6600,326040000,3666746,34.82
09/10/2023,-500,-26000000,51.7(0.39 %),0,0,500,26000000,3667246,34.82
10/10/2023,-700,-37490000,51.1(-1.16 %),1700,87910000,2400,125400000,3666346,44.35
11/10/2023,6100,317700000,54.3(6.26 %),9600,506500000,3500,188800000,3657246,44.36
12/10/2023,-17100,-921380000,53.8(-0.92 %),0,0,17100,921380000,3659646,44.36
13/10/2023,-5500,-292400000,54.9(2.04 %),9100,495090000,14600,787490000,3654046,44.36
16/10/2023,-9700,-533920000,54.7(-0.36 %),0,0,9700,533920000,3671146,44.34
17/10/2023,1100,57570000,51.2(-6.40 %),1100,57570000,0,0,3684646,44.33
18/10/2023,35800,1801535000,49.5(-3.32 %),43200,2169280000,7400,367745000,3651146,44.37
19/10/2023,24200,1167380000,49.2(-0.61 %),26500,1281345000,2300,113965000,3624646,44.4
20/10/2023,20600,1015795000,51(3.66 %),22100,1088990000,1500,73195000,3609946,44.42
23/10/2023,-33200,-1677840000,49.5(-2.94 %),0,0,33200,1677840000,3612246,44.42
24/10/2023,-2700,-139155000,52.9(6.87 %),4700,236190000,7400,375345000,3614946,35.29
25/10/2023,47300,2585220000,55(3.97 %),68400,3755850000,21100,1170630000,3609046,44.42
26/10/2023,-1200,-67030000,51.3(-6.73 %),5300,277600000,6500,344630000,4053668,45.09
27/10/2023,27600,1517520000,54.8(6.82 %),35700,1952260000,8100,434740000,4039068,45.1
30/10/2023,9000,501460000,52.1(-4.93 %),9500,529660000,500,28200000,4036068,45.11
31/10/2023,43800,2238470000,50.6(-2.88 %),47800,2447880000,4000,209410000,3996368,45.14
01/11/2023,-7900,-400660000,50.3(-0.59 %),2800,138590000,10700,539250000,3994041,45.15
02/11/2023,-6600,-353770000,53.8(6.96 %),0,0,6600,353770000,4000641,47.15
03/11/2023,71900,4108990000,57.5(6.88 %),127700,7212310000,55800,3103320000,3928741,47.22
06/11/2023,23700,1382650000,58.7(2.09 %),24300,1417710000,600,35060000,3905041,47.25
07/11/2023,-127500,-7849560000,61.1(4.09 %),59900,3659280000,187400,11508840000,4032541,47.12
08/11/2023,-37700,-2354830000,63(3.11 %),32600,1997480000,70300,4352310000,3827236,45.31
09/11/2023,-198600,-12497740000,62(-1.59 %),48800,3072720000,247400,15570460000,3965856,45.17
10/11/2023,-73000,-4530560000,63(1.61 %),13800,883580000,86800,5414140000,4022396,45.12
13/11/2023,-21800,-1379800000,62.3(-1.11 %),500,31300000,22300,1411100000,4269371,44.88
14/11/2023,-19659,-1248614400,63.4(1.77 %),3007,190946600,22666,1439561000,4063855,47.09
15/11/2023,-64700,-4085410000,61.8(-2.52 %),8100,502650000,72800,4588060000,4128555,47.02
16/11/2023,0,0,63(1.94 %),0,0,0,0,4128555,61.95
17/11/2023,-2100,-134360000,62(-1.59 %),0,0,2100,134360000,4449905,44.71
20/11/2023,67200,4185240000,62.5(0.81 %),70200,4375740000,3000,190500000,4424238,44.73
21/11/2023,-171300,-11142600000,65.8(5.28 %),600,39300000,171900,11181900000,4425771,44.73
22/11/2023,-11800,-778520000,66(0.30 %),0,0,11800,778520000,4428775,44.73
23/11/2023,-64400,-4189350000,61.4(-6.97 %),12500,805260000,76900,4994610000,4493175,61.47
24/11/2023,3200,192760000,62.5(1.79 %),10200,606370000,7000,413610000,4489975,61.47
27/11/2023,-2700,-169610000,60(-4.00 %),4900,300720000,7600,470330000,4492675,61.47
28/11/2023,110300,6749790000,61.9(3.17 %),117300,7177210000,7000,427420000,4382375,61.61
29/11/2023,75100,4672450000,61.9(0.00 %),82300,5118130000,7200,445680000,4307275,61.71
30/11/2023,29400,1832100000,62(0.16 %),35500,2217010000,6100,384910000,4277875,61.75
01/12/2023,16800,1058580000,62.5(0.81 %),25100,1578580000,8300,520000000,4448484,61.52
04/12/2023,88400,5790720000,65.5(4.80 %),97600,6393590000,9200,602870000,4360084,61.64
05/12/2023,-33700,-2186870000,64.4(-1.68 %),7500,485060000,41200,2671930000,4393784,61.6
06/12/2023,3200,208870000,65.7(2.02 %),3300,215310000,100,6440000,4390584,61.6
07/12/2023,-1900,-97530000,65.7(0.00 %),72200,4749210000,74100,4846740000,4392484,61.6
08/12/2023,3500,231440000,64.3(-2.13 %),3500,231440000,0,0,4388984,61.6
11/12/2023,-3600,-229660000,63.8(-0.78 %),100,6470000,3700,236130000,4392584,61.6
12/12/2023,-6600,-422040000,64.1(0.47 %),200,12780000,6800,434820000,4399184,61.59
13/12/2023,9000,580710000,62.4(-2.65 %),17500,1123030000,8500,542320000,4390184,61.6
14/12/2023,-4800,-299960000,62.1(-0.48 %),10000,626400000,14800,926360000,4394984,61.6
15/12/2023,31600,1968540000,62(-0.16 %),32300,2011860000,700,43320000,4363384,61.64
18/12/2023,16100,1037790000,63.6(2.58 %),42300,2694610000,26200,1656820000,4347284,61.66
19/12/2023,-174200,-11041050000,63.8(0.31 %),0,0,174200,11041050000,4521484,61.43
20/12/2023,-92700,-5935660000,63.8(0.00 %),7700,494410000,100400,6430070000,4614184,61.3
21/12/2023,5700,358650000,63.9(0.16 %),34600,2210570000,28900,1851920000,4608484,61.31
22/12/2023,-165800,-10868580000,65.2(2.03 %),9600,630280000,175400,11498860000,4774284,61.09
25/12/2023,-62200,-4083480000,65.8(0.92 %),6400,421760000,68600,4505240000,4836484,61.01
26/12/2023,-265700,-18173780000,69.5(5.62 %),150900,10368760000,416600,28542540000,5102184,60.66
27/12/2023,92600,6440420000,69.7(0.29 %),109800,7637950000,17200,1197530000,5009584,60.78
28/12/2023,16200,1109440000,68.6(-1.58 %),32200,2220960000,16000,1111520000,4993384,60.8
29/12/2023,-9400,-639600000,68.8(0.29 %),30000,2063500000,39400,2703100000,5002784,60.79
02/01/2024,-35300,-2428740000,67.7(-1.60 %),9100,617670000,44400,3046410000,4951185,44.22
03/01/2024,-1500,-97830000,71(4.87 %),11200,791790000,12700,889620000,4945785,60.86
04/01/2024,140500,9914180000,70(-1.41 %),153400,10823930000,12900,909750000,4805285,61.05
05/01/2024,100,6960000,70(0.00 %),200,13960000,100,7000000,4805185,61.05
08/01/2024,-11200,-777340000,69.9(-0.14 %),0,0,11200,777340000,4816385,61.04
09/01/2024,-3900,-266040000,69.8(-0.14 %),4000,283020000,7900,549060000,4891990,44.28
10/01/2024,-11700,-818480000,67.7(-3.01 %),21200,1432600000,32900,2251080000,4881990,44.29
11/01/2024,-30100,-2031160000,69(1.92 %),100,6730000,30200,2037890000,4889823,44.28
12/01/2024,-1600,-111790000,67.6(-2.03 %),5200,350930000,6800,462720000,4854585,60.99
15/01/2024,-18300,-1236210000,66(-2.37 %),300,20010000,18600,1256220000,4947423,44.23
16/01/2024,14300,955260000,68(3.03 %),28300,1885570000,14000,930310000,4925923,44.25
17/01/2024,-12000,-813660000,68(0.00 %),3600,244440000,15600,1058100000,4940923,44.23
18/01/2024,45700,3114930000,68.6(0.88 %),54200,3689650000,8500,574720000,4824885,61.02
19/01/2024,-52100,-3591410000,69(0.58 %),1300,90230000,53400,3681640000,4876985,60.96
22/01/2024,-39100,-2646820000,67.9(-1.59 %),600,40610000,39700,2687430000,4916085,60.9
23/01/2024,-37200,-2523230000,68(0.15 %),100,6730000,37300,2529960000,4953285,60.85
24/01/2024,-479000,-32183630000,67(-1.47 %),4600,309640000,483600,32493270000,5432285,60.22
25/01/2024,-10100,-679080000,67.8(1.19 %),0,0,10100,679080000,5442385,60.2
26/01/2024,-1000,-68000000,67.7(-0.15 %),0,0,1000,68000000,5443385,60.2
29/01/2024,38500,2624870000,68.9(1.77 %),44900,3064630000,6400,439760000,5497460,43.7
30/01/2024,-18800,-1297200000,69.1(0.29 %),3300,226440000,22100,1523640000,5495160,43.7
31/01/2024,18600,1272950000,67.5(-2.32 %),33200,2289760000,14600,1016810000,5468360,43.72
01/02/2024,-23100,-1565490000,67.2(-0.44 %),0,0,23100,1565490000,5468360,60.17
02/02/2024,21600,1450150000,66.9(-0.45 %),30000,2014500000,8400,564350000,5490526,43.7
05/02/2024,-47500,-3137090000,64.8(-3.14 %),2300,152530000,49800,3289620000,5494260,60.14
06/02/2024,86100,5605210000,66.5(2.62 %),88100,5735910000,2000,130700000,5416226,43.77
07/02/2024,-50400,-3336700000,66.2(-0.45 %),0,0,50400,3336700000,5466026,43.73
15/02/2024,2700,181040000,67(1.21 %),6200,415100000,3500,234060000,5461826,43.73
16/02/2024,-77700,-5199610000,66.3(-1.04 %),300,20070000,78000,5219680000,5511926,43.68
19/02/2024,-11300,-748690000,66.3(0.00 %),6000,398740000,17300,1147430000,5509426,43.68
20/02/2024,54334,3797797600,68.8(3.77 %),293800,19877330000,239466,16079532400,5293626,43.89
21/02/2024,-197600,-13560740000,68.7(-0.15 %),2400,164160000,200000,13724900000,5309526,43.88
22/02/2024,269700,18605050000,68.9(0.29 %),269700,18605050000,0,0,5309526,43.88
23/02/2024,-135400,-9217460000,65.8(-4.50 %),158500,10682380000,293900,19899840000,5553826,60.06
26/02/2024,123200,8070810000,65.6(-0.30 %),128500,8420360000,5300,349550000,5185292,44.0
27/02/2024,252034,16872921000,67.3(2.59 %),357400,23849490000,105366,6976569000,5178592,60.56
28/02/2024,19800,1346110000,67.2(-0.15 %),46600,3143890000,26800,1797780000,5158792,60.58
29/02/2024,-12470,-836638000,66.7(-0.74 %),6230,414452000,18700,1251090000,5179628,44.0
01/03/2024,403800,27648280000,69(3.45 %),441800,30227870000,38000,2579590000,4737828,61.14
04/03/2024,311400,22681540000,72(4.35 %),352300,25646280000,40900,2964740000,4426428,61.55
05/03/2024,703468,50823580400,72.9(1.25 %),715400,51685790000,11932,862209600,3753628,45.38
06/03/2024,-190510,-13622088600,70.9(-2.74 %),54690,3902641400,245200,17524730000,3913470,62.24
07/03/2024,-285100,-20172760000,70.6(0.00 %),29500,2087270000,314600,22260030000,4198570,61.86
08/03/2024,-268300,-18755170000,69(-2.27 %),20000,1400830000,288300,20156000000,4466870,61.5
11/03/2024,66600,4639750000,69.2(0.29 %),118100,8198120000,51500,3558370000,4400270,61.59
12/03/2024,2000,143450000,70.8(2.31 %),10600,744010000,8600,600560000,4415970,44.74
13/03/2024,79800,5946230000,75.7(6.92 %),132300,9809160000,52500,3862930000,4335170,44.82
14/03/2024,338200,25843630000,77(1.72 %),507100,38842590000,168900,12998960000,3996970,62.12
15/03/2024,416300,31833640000,76.9(-0.13 %),439200,33604880000,22900,1771240000,3580670,62.68
18/03/2024,-4800,-323330000,71.6(-6.89 %),183100,13489290000,187900,13812620000,3435728,45.68
19/03/2024,-398300,-28429220000,70.3(-1.82 %),18400,1294360000,416700,29723580000,3440327,45.68
20/03/2024,-250600,-17779190000,71.9(2.28 %),68700,4892530000,319300,22671720000,4234370,61.81
21/03/2024,-299600,-21540250000,71.8(-0.14 %),3800,274820000,303400,21815070000,4533970,61.41
22/03/2024,-261800,-18770230000,71.6(-0.28 %),50600,3661620000,312400,22431850000,4795770,61.06
25/03/2024,196500,14203650000,72.5(1.26 %),245400,17751110000,48900,3547460000,4299173,44.85
26/03/2024,6200,453030000,73.3(1.10 %),24300,1773040000,18100,1320010000,4080670,62.01
27/03/2024,-37600,-2790540000,73.5(0.27 %),21600,1595110000,59200,4385650000,4614586,44.55
28/03/2024,-37300,-2712160000,72.7(-1.09 %),22400,1666140000,59700,4378300000,4610286,44.55
29/03/2024,-10400,-771740000,73(0.41 %),25100,1846580000,35500,2618320000,4564386,44.6
01/04/2024,-17000,-1236620000,71.6(-1.92 %),1300,92780000,18300,1329400000,4622786,44.54
02/04/2024,-600,-43030000,71.9(0.42 %),600,42630000,1200,85660000,4564986,61.37
03/04/2024,-232700,-16616860000,70.7(-1.67 %),300,21300000,233000,16638160000,4675726,44.49
04/04/2024,10600,747170000,70.4(-0.42 %),11200,789580000,600,42410000,4787086,61.08
05/04/2024,-3400,-247200000,70.4(0.00 %),18400,1291360000,21800,1538560000,4880266,44.29
08/04/2024,-10200,-718300000,69.9(-0.71 %),3700,261210000,13900,979510000,4800686,61.06
09/04/2024,-13100,-922400000,71.5(2.29 %),600,42110000,13700,964510000,4813786,61.04
10/04/2024,-4700,-333310000,70.3(-1.68 %),900,63520000,5600,396830000,4818486,61.03
11/04/2024,-6500,-452920000,69.6(-1.00 %),900,62730000,7400,515650000,4924299,44.25
12/04/2024,-25500,-1817180000,70.9(1.87 %),700,49630000,26200,1866810000,4929199,44.24
15/04/2024,5300,351040000,66(-6.91 %),5700,379240000,400,28200000,4845186,61.0
16/04/2024,77100,5017230000,66(0.00 %),78300,5095050000,1200,77820000,4768086,61.1
17/04/2024,5500,356670000,64(-3.03 %),15500,1010600000,10000,653930000,4839686,61.01
19/04/2024,62900,3912230000,61(-4.69 %),68700,4274610000,5800,362380000,4776786,61.09
22/04/2024,230100,14388090000,62.9(3.11 %),246100,15379790000,16000,991700000,4560139,44.6
23/04/2024,280900,17572310000,62.9(0.00 %),300600,18803870000,19700,1231560000,4265432,44.88
24/04/2024,262200,16897480000,65.4(3.97 %),263800,17000430000,1600,102950000,4003586,62.12
25/04/2024,71300,4659430000,65.1(-0.46 %),174500,11307360000,103200,6647930000,3932286,62.21
26/04/2024,-24000,-1600260000,66.3(1.84 %),17000,1122500000,41000,2722760000,3847432,45.29
02/05/2024,-6500,-429720000,66.5(0.30 %),0,0,6500,429720000,3950632,45.19
03/05/2024,-17300,-1154660000,66(-0.75 %),3000,200010000,20300,1354670000,3988698,45.15
06/05/2024,35300,2370440000,67.2(1.82 %),37300,2504440000,2000,134000000,3957898,45.18
07/05/2024,23800,1628160000,68.7(2.23 %),40100,2748350000,16300,1120190000,3938098,45.2
08/05/2024,-16700,-1144060000,68.4(-0.44 %),2300,157710000,19000,1301770000,3937798,45.2
09/05/2024,-84900,-5834070000,68.1(-0.44 %),0,0,84900,5834070000,3954098,45.18
10/05/2024,-12300,-832100000,68.2(0.15 %),2400,163090000,14700,995190000,3970698,45.17
13/05/2024,-109000,-7364740000,67(-1.76 %),5200,350760000,114200,7715500000,4050398,45.09
14/05/2024,-106700,-7163060000,67.4(0.60 %),7800,524340000,114500,7687400000,4135232,61.94
15/05/2024,-119100,-8198270000,68.2(1.19 %),3600,246750000,122700,8445020000,4254332,61.78
16/05/2024,-201600,-13751360000,68(-0.29 %),2900,197690000,204500,13949050000,4455932,61.51
17/05/2024,50600,3505320000,70.7(3.97 %),177900,12475770000,127300,8970450000,4224470,44.92
20/05/2024,49600,3525250000,70.7(0.00 %),182300,12967250000,132700,9442000000,4246707,44.9
21/05/2024,35900,2542340000,72.9(3.11 %),100000,7220610000,64100,4678270000,4274007,44.88
22/05/2024,40500,2920280000,71.8(-1.51 %),105500,7630640000,65000,4710360000,4301236,44.85
23/05/2024,-12600,-911450000,73(1.67 %),4600,331940000,17200,1243390000,4360736,44.79
24/05/2024,189600,13638700000,71.5(-2.05 %),214000,15394250000,24400,1755550000,3900732,62.25
27/05/2024,53200,3749050000,71.3(-0.28 %),53200,3749050000,0,0,4175732,44.97
28/05/2024,156500,11551550000,75.2(5.47 %),160100,11817770000,3600,266220000,4040022,45.1
29/05/2024,137000,10292430000,73.8(-1.86 %),219200,16334020000,82200,6041590000,3820822,45.31
30/05/2024,71300,5168340000,72.4(-1.90 %),107200,7771170000,35900,2602830000,3717226,45.41
31/05/2024,8500,604410000,72.5(0.14 %),11200,799940000,2700,195530000,3788292,45.34
03/06/2024,3500,255480000,73.1(0.83 %),5800,423480000,2300,168000000,3788292,62.4
04/06/2024,-59600,-4463020000,73(-0.14 %),15900,1173060000,75500,5636080000,3847892,62.32
05/06/2024,9700,709720000,72.3(-0.96 %),9700,709720000,0,0,3838192,62.34
06/06/2024,242100,17561430000,72.3(0.00 %),242400,17583240000,300,21810000,3620892,45.51
07/06/2024,111147,8017013400,72.6(0.41 %),111200,8020840000,53,3826600,3509692,45.61
10/06/2024,186400,13808240000,74.4(2.48 %),186900,13845490000,500,37250000,3323292,63.02
11/06/2024,-55433,-4151211800,74.2(-0.27 %),10500,785200000,65933,4936411800,3620892,45.51
12/06/2024,9100,676310000,74(-0.27 %),16900,1249710000,7800,573400000,3289245,45.83
13/06/2024,0,0,73.4(-0.81 %),0,0,0,0,3354578,45.76
14/06/2024,200,14420000,72.6(-1.09 %),900,66750000,700,52330000,3361478,45.76
17/06/2024,200,14430000,72(-0.83 %),200,14430000,0,0,3503878,45.62
18/06/2024,214500,15810980000,73.5(2.08 %),216000,15920900000,1500,109920000,3288578,45.83
19/06/2024,348807,26415330500,76.3(3.81 %),351500,26620030000,2693,204699500,2937078,46.17
20/06/2024,361500,27725840000,76.5(0.26 %),369200,28315750000,7700,589910000,2569378,46.52
21/06/2024,91300,7020710000,76.2(-0.39 %),114600,8827500000,23300,1806790000,2457471,46.63
24/06/2024,236000,17435760000,73(-4.20 %),242300,17904770000,6300,469010000,2222871,46.86
25/06/2024,60623,4428705200,72.6(-0.55 %),63800,4659320000,3177,230614800,2182371,46.89
26/06/2024,-106800,-7765480000,73.1(0.69 %),200,14560000,107000,7780040000,2188471,46.89
27/06/2024,34200,2504930000,72.7(-0.55 %),35400,2592160000,1200,87230000,2156248,46.92
28/06/2024,-62700,-4488540000,70.1(-3.58 %),2400,170930000,65100,4659470000,2260848,46.82
04/07/2024,3000,216830000,72(-0.28 %),3000,216830000,0,0,2177848,0.0
05/07/2024,14000,1003750000,71.8(-0.28 %),17100,1226220000,3100,222470000,2163848,0.0
08/07/2024,11500,837430000,72.7(1.25 %),15400,1119310000,3900,281880000,2152348,0.0
09/07/2024,-5300,-392120000,74.3(2.20 %),0,0,5300,392120000,2157648,0.0
10/07/2024,-37500,-2767460000,73(-1.75 %),2000,147670000,39500,2915130000,2195148,0.0
11/07/2024,218400,16027540000,73.2(0.27 %),218800,16056890000,400,29350000,1976748,0.0
12/07/2024,137700,10179320000,73.6(0.55 %),138200,10216360000,500,37040000,1839048,0.0
15/07/2024,-5300,-385770000,73.1(-0.68 %),100,7350000,5400,393120000,1844348,0.0
16/07/2024,-4400,-327160000,73.8(0.96 %),1200,88750000,5600,415910000,1848748,0.0
17/07/2024,-30400,-2202400000,71.6(-2.98 %),5300,382230000,35700,2584630000,1879148,0.0
18/07/2024,8500,578680000,71.6(0.00 %),38800,2747110000,30300,2168430000,1870648,0.0
19/07/2024,-57700,-4039810000,69.9(-2.37 %),10300,718440000,68000,4758250000,1928348,0.0
22/07/2024,-163400,-11190850000,66.8(-4.43 %),11200,757140000,174600,11947990000,2091748,0.0
23/07/2024,-99400,-6669620000,65.5(-1.95 %),1900,126080000,101300,6795700000,2191148,0.0
24/07/2024,28700,1882750000,66.5(1.53 %),39400,2580050000,10700,697300000,2162448,0.0
25/07/2024,-14500,-948630000,66.5(0.00 %),10100,668060000,24600,1616690000,2176948,0.0
26/07/2024,16800,1117910000,67.2(1.05 %),17400,1157830000,600,39920000,2160148,0.0
29/07/2024,-900,-58830000,67.4(0.30 %),11700,791850000,12600,850680000,2161048,0.0
30/07/2024,-900,-58830000,67.2(-0.30 %),11700,791850000,12600,850680000,2161948,0.0
31/07/2024,-9800,-671580000,65(-3.27 %),28200,1837030000,38000,2508610000,2171748,0.0
01/08/2024,-43000,-2775370000,64.5(-0.77 %),19400,1262330000,62400,4037700000,2138504,0.0
02/08/2024,-34700,-2192020000,63.7(-1.24 %),26100,1650950000,60800,3842970000,2173204,0.0
05/08/2024,-4200,-263300000,59.3(-6.91 %),900,55230000,5100,318530000,2177404,0.0
06/08/2024,170200,10251440000,60.1(1.35 %),188500,11346820000,18300,1095380000,2007204,0.0
07/08/2024,-16600,-998490000,60.3(0.33 %),48000,2888280000,64600,3886770000,2023804,0.0
08/08/2024,-22600,-1374540000,60.5(0.33 %),24900,1536520000,47500,2911060000,2046404,0.0
09/08/2024,-47600,-2913160000,61.3(1.32 %),2600,159290000,50200,3072450000,2094004,0.0
12/08/2024,-800,-49260000,61.7(0.65 %),0,0,800,49260000,2094804,0.0
13/08/2024,100,10620000,61.3(-0.65 %),32600,1993300000,32500,1982680000,2094704,0.0
14/08/2024,94500,5780720000,61.5(0.33 %),97000,5933270000,2500,152550000,2000204,0.0
15/08/2024,46000,2806850000,61(-0.81 %),48600,2966500000,2600,159650000,1954204,0.0
16/08/2024,84800,5342900000,63.5(4.10 %),89000,5603190000,4200,260290000,1869404,0.0
19/08/2024,-34000,-2196500000,64.2(1.10 %),300,19050000,34300,2215550000,1903404,0.0
20/08/2024,17300,1125520000,65.4(1.87 %),19000,1235470000,1700,109950000,1886104,0.0
21/08/2024,-141800,-9220310000,64.8(-0.92 %),1800,116820000,143600,9337130000,2027904,0.0
22/08/2024,-166200,-10650330000,63.8(-1.54 %),1600,102470000,167800,10752800000,2194104,0.0
23/08/2024,-98400,-6257570000,63.7(-0.16 %),3600,228990000,102000,6486560000,2292504,0.0
26/08/2024,-6200,-397600000,64.3(0.94 %),1700,109140000,7900,506740000,2298704,0.0
27/08/2024,9600,611710000,64.2(-0.16 %),12800,816970000,3200,205260000,2289104,0.0
28/08/2024,-3000,-192110000,63.7(-0.78 %),1800,115150000,4800,307260000,2292104,0.0
29/08/2024,13200,841270000,63.8(0.16 %),13200,841270000,0,0,2278904,0.0
30/08/2024,1300,83040000,63.5(-0.47 %),2100,134060000,800,51020000,2277604,0.0
04/09/2024,7700,486020000,63.7(0.31 %),10400,655850000,2700,169830000,2382692,0.0
05/09/2024,-13400,-860680000,63.1(-0.94 %),1300,83380000,14700,944060000,2396092,0.0
06/09/2024,700,43850000,62.6(-0.79 %),700,43850000,0,0,2395392,0.0
09/09/2024,-3800,-237670000,61.8(-1.28 %),1300,80960000,5100,318630000,2399192,0.0
10/09/2024,-8000,-497950000,61(-1.29 %),10900,666220000,18900,1164170000,2407192,0.0
11/09/2024,9600,637120000,62(1.64 %),124400,7651250000,114800,7014130000,2397592,0.0
12/09/2024,47300,2959480000,62.3(0.48 %),50600,3165270000,3300,205790000,2350292,0.0
13/09/2024,-49200,-3033020000,61.6(-1.12 %),4400,270660000,53600,3303680000,2399492,0.0
16/09/2024,4300,248420000,59(-4.22 %),11900,705790000,7600,457370000,2395192,0.0
17/09/2024,3000,178400000,60.3(2.20 %),3400,202240000,400,23840000,2392192,0.0
18/09/2024,1400,85040000,60.6(0.50 %),1900,115560000,500,30520000,2390792,0.0
19/09/2024,1300,80550000,61.5(1.49 %),3200,196260000,1900,115710000,2389492,0.0
20/09/2024,-51600,-3188940000,61.7(0.33 %),200,12400000,51800,3201340000,2441092,0.0
23/09/2024,100,6170000,61.4(-0.49 %),100,6170000,0,0,2440992,0.0
24/09/2024,106500,6752520000,64.1(4.40 %),109500,6941030000,3000,188510000,2334492,0.0
25/09/2024,-1300,-83490000,64.2(0.16 %),500,32080000,1800,115570000,2335792,0.0
26/09/2024,6700,430320000,64.6(0.62 %),7100,456120000,400,25800000,2329092,0.0
27/09/2024,-64100,-4136620000,64.5(-0.15 %),600,38720000,64700,4175340000,2393192,0.0
30/09/2024,-9000,-579470000,63.8(-1.09 %),5000,321090000,14000,900560000,2402192,0.0
01/10/2024,-19500,-1242820000,63.7(-0.16 %),10700,688330000,30200,1931150000,2367204,0.0
02/10/2024,-31400,-1965490000,62.6(-1.73 %),100,6270000,31500,1971760000,2398604,0.0
03/10/2024,73500,4530660000,61.7(-1.44 %),81600,5040910000,8100,510250000,2325104,0.0
04/10/2024,-28500,-1762150000,61.5(-0.32 %),1400,86380000,29900,1848530000,2353604,0.0
07/10/2024,-183700,-11283520000,61.4(-0.16 %),4000,246950000,187700,11530470000,2537304,0.0
08/10/2024,36800,2279990000,62(0.98 %),66800,4130560000,30000,1850570000,2500504,0.0
09/10/2024,4900,303920000,62.4(0.65 %),16100,997630000,11200,693710000,2495604,0.0
10/10/2024,-78900,-4895530000,61.9(-0.80 %),200,12400000,79100,4907930000,2574504,0.0
11/10/2024,70100,4458310000,63.2(2.10 %),120800,7656520000,50700,3198210000,2504404,0.0
14/10/2024,75900,4890840000,64.5(2.06 %),75900,4890840000,0,0,2428504,0.0
15/10/2024,-8500,-540880000,63.3(-1.86 %),600,38110000,9100,578990000,2437004,0.0
16/10/2024,34800,2192430000,63.2(-0.16 %),35100,2211400000,300,18970000,2402204,0.0
17/10/2024,-82800,-5182250000,63.1(-0.16 %),9800,618480000,92600,5800730000,2485004,0.0
18/10/2024,15200,962930000,63.4(0.48 %),15200,962930000,0,0,2469804,0.0
21/10/2024,348500,22702370000,65(2.52 %),349600,22772480000,1100,70110000,2121304,0.0
22/10/2024,708900,47480320000,67.1(3.23 %),751200,50289900000,42300,2809580000,1412404,0.0
23/10/2024,129500,8641230000,66.8(-0.45 %),136900,9134780000,7400,493550000,1282904,0.0
24/10/2024,252100,16924270000,66(-1.20 %),308200,20686570000,56100,3762300000,1030804,0.0
25/10/2024,441500,29644560000,67.6(2.42 %),447300,30030570000,5800,386010000,589304,0.0
28/10/2024,192300,13064900000,68.1(0.74 %),201000,13657130000,8700,592230000,397004,0.0
29/10/2024,553800,38241120000,67.6(-0.73 %),558800,38586840000,5000,345720000,-156796,0.0
30/10/2024,4500,304960000,67(-0.89 %),5800,392270000,1300,87310000,5820,0.0
31/10/2024,6000,407750000,67.2(0.30 %),8700,590540000,2700,182790000,-180,0.0
01/11/2024,3500,234700000,67.9(1.04 %),5000,334900000,1500,100200000,5066,0.0
04/11/2024,-6000,-397540000,66.6(-1.91 %),1300,86840000,7300,484380000,11066,0.0
05/11/2024,2400,160610000,66.7(0.15 %),2700,180630000,300,20020000,8666,0.0
06/11/2024,-800,-53760000,68.4(2.55 %),1500,100950000,2300,154710000,9466,0.0
07/11/2024,-28500,-1993910000,69.7(1.90 %),7300,507740000,35800,2501650000,37966,0.0
08/11/2024,-3200,-222640000,69.7(0.00 %),300,20940000,3500,243580000,41166,0.0
11/11/2024,200,15400000,69.3(-0.57 %),2300,159850000,2100,144450000,40966,0.0
12/11/2024,30100,2089370000,70.5(1.73 %),35800,2489920000,5700,400550000,8300,48.99
13/11/2024,-1800,-126230000,70.5(0.00 %),3500,243850000,5300,370080000,12666,0.0
14/11/2024,-700,-47720000,66.3(-5.96 %),2000,140260000,2700,187980000,13366,0.0
15/11/2024,5700,378060000,66(-0.45 %),5700,378060000,0,0,7666,0.0
18/11/2024,4800,317800000,65.5(-0.76 %),5300,349800000,500,32000000,2866,0.0
19/11/2024,2100,138210000,64.5(-1.53 %),2700,176850000,600,38640000,766,0.0
20/11/2024,0,0,65.4(1.40 %),0,0,0,0,766,0.0
21/11/2024,500,32600000,65.4(0.00 %),500,32600000,0,0,266,0.0
22/11/2024,600,39240000,65.3(-0.15 %),600,39240000,0,0,-334,0.0
25/11/2024,-100,-6530000,65.9(0.92 %),0,0,100,6530000,0,49.0
26/11/2024,0,0,66.2(0.46 %),0,0,0,0,0,49.0
27/11/2024,-400,-26280000,65.5(-1.06 %),0,0,400,26280000,153,49.0
28/11/2024,100,6580000,65.4(-0.15 %),100,6580000,0,0,33,49.0
29/11/2024,-2800,-183400000,65.8(0.61 %),0,0,2800,183400000,400,49.0
02/12/2024,-1000,-67360000,67(1.82 %),400,26440000,1400,93800000,0,49.0
03/12/2024,-4000,-266000000,66.9(-0.15 %),0,0,4000,266000000,2800,49.0
04/12/2024,-1800,-118890000,66.5(-0.60 %),2800,187260000,4600,306150000,1433,49.0
05/12/2024,-2800,-186570000,67.4(1.35 %),1400,92730000,4200,279300000,4033,49.0
09/12/2024,-3700,-246480000,67.8(0.89 %),4600,311420000,8300,557900000,4266,49.0
10/12/2024,4200,287280000,68.3(0.74 %),4200,287280000,0,0,100,49.0
16/12/2024,-600,-39800000,66.5(0.61 %),0,0,600,39800000,0,49.0
17/12/2024,0,0,67.1(0.90 %),0,0,0,0,0,49.0
18/12/2024,-2000,-133740000,66.9(-0.30 %),0,0,2000,133740000,608,49.0
19/12/2024,-2600,-173230000,66.2(-1.05 %),600,39520000,3200,212750000,0,49.0
20/12/2024,-1300,-85930000,67.3(1.66 %),0,0,1300,85930000,2013,49.0
24/12/2024,0,0,66.3(-0.30 %),0,0,0,0,1333,49.0
25/12/2024,-3400,-227620000,68.8(3.77 %),1300,89410000,4700,317030000,33,49.0
26/12/2024,-3200,-218600000,69(0.29 %),0,0,3200,218600000,0,49.0
27/12/2024,0,0,68.2(-1.16 %),0,0,0,0,84700,48.92
30/12/2024,83700,5729180000,68.8(0.88 %),84700,5797980000,1000,68800000,3200,49.0
31/12/2024,-32600,-2239010000,68.7(-0.15 %),3200,219840000,35800,2458850000,0,49.0
02/01/2025,0,0,69.6(1.31 %),0,0,0,0,1000,49.0
03/01/2025,1000,69900000,68.2(-2.01 %),1000,69900000,0,0,35800,48.97
06/01/2025,35000,2400490000,69.2(1.47 %),35800,2455880000,800,55390000,0,49.0
07/01/2025,-100,-6870000,68.8(-0.58 %),0,0,100,6870000,0,49.0
08/01/2025,-100,-6790000,68.1(-1.02 %),0,0,100,6790000,829,49.0
09/01/2025,300,20430000,69(1.32 %),800,54720000,500,34290000,100,49.0
10/01/2025,-700,-49160000,69.3(0.43 %),100,6880000,800,56040000,124,49.0
13/01/2025,-1700,-121600000,71.2(2.74 %),100,6920000,1800,128520000,524,49.0
14/01/2025,-400,-28270000,70.8(-0.56 %),500,35860000,900,64130000,824,49.0
15/01/2025,-4800,-339890000,71.4(0.85 %),700,50040000,5500,389930000,1899,49.0
16/01/2025,-800,-58070000,72.9(2.10 %),1800,129280000,2600,187350000,2699,0.0
17/01/2025,-1400,-103630000,74(1.51 %),900,65610000,2300,169240000,5500,48.99
20/01/2025,5400,400220000,73.2(-1.08 %),5500,407550000,100,7330000,2604,49.0
21/01/2025,1900,139670000,73.2(0.00 %),2600,191270000,700,51600000,2353,49.0
22/01/2025,2300,169280000,72.9(-0.41 %),2300,169280000,0,0,100,49.0
23/01/2025,100,7290000,73.2(0.41 %),100,7290000,0,0,832,49.0
24/01/2025,-29300,-2147850000,73.3(0.14 %),800,58480000,30100,2206330000,0,49.0
03/02/2025,-100,-7280000,0(0.00 %),0,0,100,7280000,0,49.0
04/02/2025,-1200,-91740000,76.8(6.96 %),0,0,1200,91740000,30100,48.97
05/02/2025,23100,1816880000,79.9(4.04 %),30100,2377900000,7000,561020000,100,49.0
06/02/2025,-14600,-1187930000,81.9(2.50 %),100,8000000,14700,1195930000,1242,49.0
07/02/2025,-9300,-761950000,81.9(0.00 %),1200,99110000,10500,861060000,7042,48.99
10/02/2025,4700,373490000,81.6(-0.37 %),7000,563500000,2300,190010000,14783,48.99
11/02/2025,14400,1183260000,84(2.94 %),14700,1208340000,300,25080000,10532,48.99
12/02/2025,6900,581600000,84.7(0.83 %),10500,885150000,3600,303550000,2300,49.0
13/02/2025,1000,84680000,90(6.26 %),2300,195960000,1300,111280000,300,49.0
14/02/2025,-18500,-1708930000,92.1(2.33 %),300,26730000,18800,1735660000,3626,49.0
17/02/2025,-148700,-13378440000,88.6(-3.80 %),3600,329020000,152300,13707460000,1301,49.0
18/02/2025,-54100,-4855830000,90.2(1.81 %),1300,115700000,55400,4971530000,17880,48.98
19/02/2025,-142000,-13006290000,91.4(1.33 %),17800,1650710000,159800,14657000000,152300,48.85
20/02/2025,148300,13870370000,91.5(0.11 %),152300,14240050000,4000,369680000,55664,48.95
21/02/2025,0,0,95(3.83 %),0,0,0,0,159800,48.85
24/02/2025,148300,14219150000,94.1(-0.95 %),159800,15331140000,11500,1111990000,4000,49.0
25/02/2025,2700,257790000,94.5(0.43 %),4000,380000000,1300,122210000,0,49.0
26/02/2025,-1400,-131760000,92.6(-2.01 %),0,0,1400,131760000,11566,48.99
27/02/2025,6900,635110000,93.6(1.08 %),11500,1061450000,4600,426340000,1300,49.0
28/02/2025,-21100,-1953480000,92(-1.71 %),1300,120900000,22400,2074380000,1400,49.0
03/03/2025,1100,102000000,89(-3.26 %),1400,128940000,300,26940000,4600,49.0
04/03/2025,4500,404980000,91.5(2.81 %),4600,414000000,100,9020000,22400,48.98
05/03/2025,22400,2072000000,91.4(-0.11 %),22400,2072000000,0,0,300,49.0
06/03/2025,-8300,-780820000,96(5.03 %),300,27510000,8600,808330000,180,49.0
07/03/2025,-26200,-2490510000,94(-2.08 %),100,9650000,26300,2500160000,0,49.0
10/03/2025,-40900,-3775300000,91.3(-2.87 %),0,0,40900,3775300000,8600,48.99
11/03/2025,-1800,-176580000,91.5(0.22 %),8600,774000000,10400,950580000,8600,48.99
12/03/2025,25900,2383630000,89(-2.73 %),26300,2419600000,400,35970000,40900,48.96
13/03/2025,-221100,-19063010000,84.9(-4.61 %),29800,2636070000,250900,21699080000,21600,48.98
14/03/2025,-109200,-9144470000,83(-2.24 %),21600,1826180000,130800,10970650000,400,49.0
17/03/2025,-190100,-15878940000,84(1.20 %),400,33150000,190500,15912090000,250900,48.76
18/03/2025,-5100,-411210000,83.2(-0.95 %),97000,8147790000,102100,8559000000,284700,48.73
19/03/2025,-2600,-196140000,84.2(1.20 %),45300,3836040000,47900,4032180000,429900,48.59
20/03/2025,136300,11668350000,86.9(3.21 %),245000,20937100000,108700,9268750000,287900,48.72
21/03/2025,287400,25153370000,87(0.12 %),287900,25196940000,500,43570000,47940,48.95
24/03/2025,30200,2613660000,86.2(-0.92 %),47800,4132620000,17600,1518960000,109239,48.89
25/03/2025,86600,7510570000,86.2(0.00 %),109100,9464340000,22500,1953770000,680,49.0
26/03/2025,-22200,-1919910000,86.5(0.35 %),600,51720000,22800,1971630000,17600,48.98
27/03/2025,-59700,-5259470000,86.8(0.35 %),17500,1520460000,77200,6779930000,22583,48.98
28/03/2025,-15100,-1288980000,84.6(-2.53 %),22500,1950750000,37600,3239730000,22900,48.98
31/03/2025,6100,508420000,85(0.47 %),22900,1912150000,16800,1403730000,77200,48.93
01/04/2025,65700,5611110000,85.5(0.59 %),75100,6410030000,9400,798920000,39678,48.96
02/04/2025,35300,3033660000,85.8(0.35 %),38200,3283350000,2900,249690000,18263,48.98
03/04/2025,-207400,-16589940000,79.8(-6.99 %),16300,1302500000,223700,17892440000,10763,48.99
04/04/2025,-214800,-15961640000,74.3(-6.89 %),10700,796660000,225500,16758300000,2900,49.0
08/04/2025,-6300,-454040000,69.1(-7.00 %),2800,195030000,9100,649070000,223704,48.78
09/04/2025,201400,13083770000,64.3(-6.95 %),223700,14534810000,22300,1451040000,225570,48.78
10/04/2025,0,0,68.8(7.00 %),0,0,0,0,233970,48.77
11/04/2025,207900,14882180000,73.5(6.83 %),233800,16736640000,25900,1854460000,23101,48.98
14/04/2025,-73400,-5356400000,74.2(0.95 %),23100,1720950000,96500,7077350000,0,49.0
15/04/2025,-1800,-135580000,77.6(4.58 %),0,0,1800,135580000,25900,48.98
16/04/2025,-159400,-12253440000,76.6(-1.29 %),3100,238350000,162500,12491790000,119213,48.88
17/04/2025,111600,8632260000,77.8(1.57 %),119200,9217370000,7600,585110000,1910,49.0
18/04/2025,-100,-8640000,76.4(-1.80 %),1900,147630000,2000,156270000,162508,48.84
21/04/2025,162000,12494080000,77.8(1.83 %),162400,12525180000,400,31100000,7708,48.99
22/04/2025,-53700,-3999070000,77.2(-0.77 %),7700,596340000,61400,4595410000,2009,49.0
23/04/2025,-300,-24120000,79.4(2.85 %),2000,156200000,2300,180320000,409,49.0
24/04/2025,-41400,-3325590000,81.5(2.64 %),400,31920000,41800,3357510000,61409,48.94
25/04/2025,-13900,-1080850000,84.1(3.19 %),61400,5065500000,75300,6146350000,2309,49.0
28/04/2025,-200,-16520000,82.6(-1.78 %),0,0,200,16520000,44156,48.96
29/04/2025,30100,2498460000,80.9(-2.06 %),30300,2514900000,200,16440000,89189,48.91
05/05/2025,59057,1324655900,81(0.12 %),59057,4642955900,0,3318300000,72632,48.93
06/05/2025,9800,784800000,80.1(-1.11 %),10000,801000000,200,16200000,63032,48.94
07/05/2025,-393100,-30815490000,77.9(-2.75 %),6200,489770000,399300,31305260000,63032,48.94
08/05/2025,-300100,-23506950000,78.2(0.39 %),5700,447260000,305800,23954210000,63032,48.94
09/05/2025,5900,469450000,78.5(0.38 %),17400,1378890000,11500,909440000,450192,48.57
12/05/2025,20000,1568110000,78.6(0.13 %),24100,1891700000,4100,323590000,730308,48.3
13/05/2025,138100,11074830000,82(4.33 %),155800,12500490000,17700,1425660000,592248,48.43
14/05/2025,-227400,-18449900000,81(-1.22 %),4200,343550000,231600,18793450000,592248,48.43
15/05/2025,27100,-12959550000,82.4(1.73 %),27100,2213170000,0,15172720000,592248,48.43
16/05/2025,12300,-24557630000,81(-1.70 %),12300,1015430000,0,25573060000,855988,48.17
19/05/2025,163400,11754217600,81.2(0.25 %),163400,13478640000,0,1724422400,873189,48.16
20/05/2025,11300,-3677610000,81.7(0.62 %),11300,924850000,0,4602460000,1171989,47.87
21/05/2025,54447,-100595300,78.8(-3.55 %),54447,4340924700,0,4441520000,1171989,47.87
22/05/2025,2707,-21062676500,78.2(-0.76 %),2707,213253500,0,21275930000,1217089,47.83
23/05/2025,-500,-39390000,78.2(0.00 %),1000,78640000,1500,118030000,1218842,47.82
26/05/2025,216500,10893760000,79.8(2.05 %),216500,17366160000,0,6472400000,1350135,47.7
27/05/2025,529100,43433040000,83.6(4.76 %),634300,52139280000,105200,8706240000,821614,48.21
28/05/2025,261800,14620220000,82.6(-1.20 %),261800,21615980000,0,6995760000,644414,48.38
29/05/2025,100000,3204260000,82.3(-0.36 %),100000,8256210000,0,5051950000,605314,48.42
30/05/2025,778,-15241226600,79.3(-3.65 %),778,62283400,0,15303510000,605314,48.42
02/06/2025,12107,838707400,79.9(0.76 %),12107,966567400,0,127860000,594807,48.43
03/06/2025,127600,10206435300,81.3(1.75 %),127600,10368340000,0,161904700,658528,48.36
04/06/2025,100000,7289810000,81.3(0.00 %),100000,8165410000,0,875600000,569228,48.45
05/06/2025,123100,10178928500,81.6(0.37 %),123100,10216310000,0,37381500,447378,48.57
06/06/2025,100,-3780790000,80.3(-1.59 %),100,8090000,0,3788880000,447378,48.57
09/06/2025,3900,282430000,79.3(-1.25 %),3900,314350000,0,31920000,443878,48.57
10/06/2025,345,-2368816000,79(-0.38 %),345,27475400,0,2396291400,490378,48.53
11/06/2025,-30100,-2432970000,80.8(2.28 %),34400,2765600000,64500,5198570000,490378,48.53
12/06/2025,-24300,-1991260000,81.1(0.37 %),31600,2584500000,55900,4575760000,520119,48.5
13/06/2025,172000,13757400000,80.2(-1.11 %),174400,13950300000,2400,192900000,378215,48.64
16/06/2025,2200,180500000,82(2.24 %),37000,3003030000,34800,2822530000,400434,48.61
17/06/2025,-13400,-1101210000,82.2(0.24 %),17500,1439220000,30900,2540430000,400434,48.61
18/06/2025,183600,15581140000,86(4.62 %),286800,24390380000,103200,8809240000,217023,48.79
19/06/2025,-104900,-8945310000,85(-1.16 %),900,76780000,105800,9022090000,230423,48.78
20/06/2025,-23600,-2007990000,83.5(-1.76 %),3000,256200000,26600,2264190000,230423,48.78
23/06/2025,-43600,-3663220000,83.2(-0.36 %),2000,167240000,45600,3830460000,335323,48.68
24/06/2025,-10900,-915900000,82.8(-0.48 %),1000,83940000,11900,999840000,358923,48.65
25/06/2025,-42200,-3569330000,83(0.24 %),10200,859550000,52400,4428880000,403123,48.61
26/06/2025,-98800,-8183720000,83.9(1.08 %),37600,3143080000,136400,11326800000,414056,48.6
27/06/2025,43000,3630590000,84(0.12 %),48500,4093650000,5500,463060000,413269,48.6
30/06/2025,236400,20259030000,85.5(1.79 %),243500,20867530000,7100,608500000,275735,48.73
01/07/2025,-45800,-3937260000,84.8(-0.82 %),7500,646940000,53300,4584200000,275735,48.73
02/07/2025,-28600,-2407670000,84.3(-0.59 %),2200,184980000,30800,2592650000,275735,48.73
03/07/2025,-85100,-7156880000,83.2(-1.30 %),149600,12655470000,234700,19812350000,321685,48.69
04/07/2025,35100,2941730000,84.2(1.20 %),86300,7223690000,51200,4281960000,315145,48.7
07/07/2025,27600,2344330000,84(-0.24 %),48000,4072040000,20400,1727710000,372665,48.64
08/07/2025,49600,4216200000,85.7(2.02 %),56700,4823340000,7100,607140000,323005,48.69
09/07/2025,15000,1291180000,85.1(-0.70 %),72400,6202300000,57400,4911120000,307935,48.7
10/07/2025,-62800,-5322490000,84.3(-0.94 %),3800,324010000,66600,5646500000,307935,48.7
11/07/2025,-86400,-7246140000,83.4(-1.07 %),3200,268880000,89600,7515020000,307935,48.7
14/07/2025,1800,142050000,84.9(1.80 %),74000,6152170000,72200,6010120000,368806,48.64
15/07/2025,50200,4254980000,83.5(-1.65 %),56800,4815840000,6600,560860000,404980,48.61
16/07/2025,70800,6048760000,84.9(1.68 %),93500,7965640000,22700,1916880000,334218,48.68
17/07/2025,88200,7482040000,87.7(3.30 %),156700,13442020000,68500,5959980000,334218,48.68
18/07/2025,-5600,-489930000,86.1(-1.82 %),2200,193790000,7800,683720000,245518,48.76
21/07/2025,-44100,-3786520000,84.5(-1.86 %),1300,110270000,45400,3896790000,245518,48.76
22/07/2025,-46200,-3918480000,85.2(0.83 %),1500,127100000,47700,4045580000,251143,48.76
23/07/2025,-228400,-19679370000,85.4(0.23 %),51800,4454270000,280200,24133640000,295212,48.72
24/07/2025,-28600,-2443280000,85.1(-0.35 %),400,34320000,29000,2477600000,341431,48.67
25/07/2025,-399600,-33965770000,84.2(-1.06 %),3600,304870000,403200,34270640000,569831,48.45
28/07/2025,-248200,-21012830000,84.5(0.36 %),18800,1590820000,267000,22603650000,598031,48.42
29/07/2025,-137900,-11215590000,78.7(-6.86 %),11900,1002400000,149800,12217990000,997660,48.04
30/07/2025,-1000,-77100000,79.2(0.64 %),3800,301230000,4800,378330000,1245900,47.8
31/07/2025,127900,10334400000,81(2.27 %),188700,15247910000,60800,4913510000,1255856,47.79
01/08/2025,48600,3904490000,82(1.23 %),188100,15302680000,139500,11398190000,1208139,47.83
04/08/2025,-144900,-11787770000,81.2(-0.98 %),57700,4692930000,202600,16480700000,1208139,47.83
05/08/2025,47500,4016760000,80.1(-1.35 %),470000,38342400000,422500,34325640000,1160705,47.88
06/08/2025,68400,5685460000,81.8(2.12 %),293500,24030660000,225100,18345200000,1237074,47.81
07/08/2025,-1500,-128470000,83(1.47 %),53600,4429270000,55100,4557740000,1236974,47.81
08/08/2025,-51000,-4236920000,82.6(-0.48 %),4000,333070000,55000,4569990000,1236974,47.81
11/08/2025,-129500,-10742270000,83.2(0.73 %),23700,1978700000,153200,12720970000,1238474,47.8
12/08/2025,-93300,-7742340000,82.7(-0.60 %),85800,7095520000,179100,14837860000,1289467,47.76
13/08/2025,-179800,-14985570000,83.1(0.48 %),84200,7028790000,264000,22014360000,1418967,47.63
14/08/2025,-82400,-6792170000,82.3(-0.96 %),4800,396040000,87200,7188210000,1512320,47.54
15/08/2025,37900,3135030000,80.7(-1.94 %),56400,4648560000,18500,1513530000,1653920,47.4
18/08/2025,-153200,-12433970000,80.9(0.25 %),1000,80890000,154200,12514860000,1736320,47.32
19/08/2025,-373300,-29886670000,79.2(-2.10 %),17600,1414750000,390900,31301420000,1736320,47.32
20/08/2025,-133200,-10495820000,78.6(-0.76 %),14400,1135030000,147600,11630850000,1889573,47.18
21/08/2025,-202300,-15683520000,77(-2.04 %),100,7770000,202400,15691290000,2262473,46.82
22/08/2025,4700,334410000,74.5(-3.25 %),12600,938300000,7900,603890000,2262473,46.82
25/08/2025,22500,1691900000,74.1(-0.54 %),30000,2252870000,7500,560970000,2390973,46.69
26/08/2025,-1600,-121240000,0(-100.00 %),4700,353360000,6300,474600000,2570506,46.52
