Ngay,KLGDRong,GTDGRong,ThayDoi,KLMua,GtMua,KLBan,GtBan,RoomConLai,DangSoHuu
28/01/2021,219300,4163985000,0(0.00 %),219300,4163985000,0,0,5470375,19.5
29/01/2021,324400,6339240000,0(0.00 %),324400,6339240000,0,0,5145975,19.53
01/02/2021,380800,7805130000,0(0.00 %),380800,7805130000,0,0,4926675,19.55
02/02/2021,553900,11098980000,0(0.00 %),563000,11282505000,9100,183525000,4372775,19.6
03/02/2021,582000,12132755000,0(0.00 %),582000,12132755000,0,0,3790775,19.65
04/02/2021,475900,10097405000,0(0.00 %),476000,10099505000,100,2100000,3314875,19.7
05/02/2021,162200,3412505000,0(0.00 %),162200,3412505000,0,0,3152675,19.71
08/02/2021,111600,2266455000,20(-4.08 %),111600,2266455000,0,0,3041075,19.72
09/02/2021,9100,189075000,20.9(4.50 %),11600,241050000,2500,51975000,3031975,21.72
17/02/2021,183600,3909645000,21.1(0.96 %),217200,4623645000,33600,714000000,2848375,21.74
18/02/2021,123900,2617965000,21(-0.47 %),123900,2617965000,0,0,2724475,21.75
19/02/2021,88500,1864415000,21.05(0.24 %),88500,1864415000,0,0,2635975,21.76
22/02/2021,-113800,-2420755000,21.35(1.43 %),76300,1634785000,190100,4055540000,2749775,21.75
23/02/2021,8400,179795000,21.45(0.47 %),11700,250365000,3300,70570000,2741375,21.75
24/02/2021,40300,859090000,20.9(-2.56 %),50300,1070090000,10000,211000000,2701075,21.75
25/02/2021,342400,7149675000,20.9(0.00 %),343100,7164285000,700,14610000,2358675,21.78
26/02/2021,70000,1443115000,20.9(0.00 %),71100,1465660000,1100,22545000,2288675,21.79
01/03/2021,104400,2216060000,21.3(1.91 %),104900,2226595000,500,10535000,23824202,19.83
02/03/2021,43600,927600000,21.1(-0.94 %),44900,955175000,1300,27575000,23780602,19.83
03/03/2021,44400,928780000,21(-0.47 %),44900,939255000,500,10475000,23736202,19.83
04/03/2021,12200,255100000,20.65(-1.67 %),12700,265575000,500,10475000,23724002,19.84
05/03/2021,-51900,-1088160000,21.15(2.42 %),3900,80925000,55800,1169085000,23775902,19.83
08/03/2021,11200,238710000,21.45(1.42 %),11200,238710000,0,0,23764702,19.83
09/03/2021,-10800,-243440000,22.95(6.99 %),79200,1760060000,90000,2003500000,23775502,19.83
10/03/2021,251400,6054720000,24.15(5.23 %),251400,6054720000,0,0,23524102,19.85
11/03/2021,143300,3468365000,24.3(0.62 %),150300,3637390000,7000,169025000,23380802,19.87
12/03/2021,126100,3056905000,24.7(1.65 %),127100,3081105000,1000,24200000,23254702,19.88
15/03/2021,81500,2015385000,24.8(0.40 %),86900,2149845000,5400,134460000,23173202,19.89
16/03/2021,86100,2113755000,24.7(-0.40 %),88500,2172770000,2400,59015000,23087102,19.89
17/03/2021,736200,18132405000,24.7(0.20 %),736200,18132405000,0,0,22350902,19.96
18/03/2021,1600,39795000,24.8(0.40 %),1900,47295000,300,7500000,22349302,19.96
19/03/2021,711700,17712270000,24.9(0.40 %),712600,17734545000,900,22275000,21637602,20.03
22/03/2021,222900,5617750000,25.2(1.20 %),222900,5617750000,0,0,21414702,20.05
23/03/2021,95000,2344775000,24.6(-2.38 %),95000,2344775000,0,0,21319702,20.05
24/03/2021,98100,2383345000,23.85(-3.05 %),104900,2549245000,6800,165900000,21221602,20.06
25/03/2021,220900,5255165000,23.55(-1.26 %),226000,5377280000,5100,122115000,21000702,20.08
26/03/2021,386700,9050150000,23.55(0.00 %),386900,9054800000,200,4650000,20614002,20.12
29/03/2021,14400,343085000,23.95(1.70 %),15400,366935000,1000,23850000,20599602,20.12
30/03/2021,411800,9876665000,24.1(0.63 %),411800,9876665000,0,0,20187802,20.16
31/03/2021,797300,19296740000,24.15(0.21 %),797400,19299160000,100,2420000,19390502,20.23
01/04/2021,431600,10529690000,24.5(1.45 %),432100,10541940000,500,12250000,19287539,20.24
02/04/2021,106100,2622785000,24.7(0.82 %),107100,2647485000,1000,24700000,19181439,20.25
05/04/2021,-29700,-736880000,24.6(-0.40 %),32700,807555000,62400,1544435000,19211139,20.25
06/04/2021,-11100,-272095000,24.5(-0.41 %),3200,78755000,14300,350850000,19222239,20.25
07/04/2021,82700,2024470000,24.55(0.20 %),82700,2024470000,0,0,19139539,20.25
08/04/2021,31400,776990000,24.75(0.81 %),31400,776990000,0,0,19108139,20.26
09/04/2021,43500,1074720000,24.7(-0.20 %),43500,1074720000,0,0,19064639,20.26
12/04/2021,67300,1658975000,24.75(0.20 %),72300,1782225000,5000,123250000,18997339,20.27
13/04/2021,114100,2882185000,25.05(1.21 %),114600,2894935000,500,12750000,18883239,20.28
14/04/2021,112200,2844200000,25.35(1.20 %),163700,4151750000,51500,1307550000,18771039,20.29
15/04/2021,-375100,-9391435000,24.9(-1.78 %),18300,462860000,393400,9854295000,19146139,16.2
16/04/2021,6700,165760000,24(-3.61 %),18800,455745000,12100,289985000,19139439,20.25
19/04/2021,-97300,-2326500000,24.3(1.25 %),30600,737285000,127900,3063785000,19236739,20.24
20/04/2021,-6000,-144110000,23.7(-2.47 %),9600,228025000,15600,372135000,19242739,20.24
22/04/2021,386600,9016240000,22.05(-6.96 %),416900,9721635000,30300,705395000,18856139,20.28
23/04/2021,420200,9499580000,23(4.31 %),455100,10293830000,34900,794250000,18435939,20.32
26/04/2021,-12800,-289295000,22.5(-2.17 %),2500,56815000,15300,346110000,18448739,20.32
27/04/2021,36800,837165000,22.8(1.33 %),38100,866505000,1300,29340000,18411939,20.32
28/04/2021,-9300,-214930000,23.35(2.41 %),10400,243405000,19700,458335000,18421239,20.32
29/04/2021,173100,4079710000,23.5(0.64 %),276800,6528135000,103700,2448425000,18248139,20.33
04/05/2021,187300,4332295000,23.25(-1.06 %),402300,9320590000,215000,4988295000,17693239,20.39
05/05/2021,470900,11203170000,23.85(2.58 %),529900,12603175000,59000,1400005000,17222339,20.43
06/05/2021,488200,11606980000,23.65(-0.84 %),590400,14036045000,102200,2429065000,16734139,20.47
07/05/2021,844700,19797165000,23.4(-1.06 %),916400,21478090000,71700,1680925000,15889439,20.55
10/05/2021,538600,12886705000,24.15(3.21 %),600500,14342540000,61900,1455835000,15350839,20.6
11/05/2021,57000,1317920000,23.9(-1.04 %),120500,2854540000,63500,1536620000,15293839,20.6
12/05/2021,142600,3412435000,24.1(0.84 %),147000,3517275000,4400,104840000,15151239,20.62
13/05/2021,-10200,-244540000,24(-0.41 %),34200,823915000,44400,1068455000,15161439,20.62
14/05/2021,-39000,-937195000,24.15(0.62 %),20000,481400000,59000,1418595000,15200439,20.61
17/05/2021,-97100,-2401670000,24.8(2.69 %),15200,374965000,112300,2776635000,15297539,20.6
18/05/2021,-48300,-1188325000,24.55(-1.01 %),13700,338175000,62000,1526500000,15345839,20.6
19/05/2021,-44000,-1073245000,24.6(0.20 %),4200,102490000,48200,1175735000,15389839,20.6
20/05/2021,-33500,-836615000,25.9(5.28 %),33000,813385000,66500,1650000000,15423339,20.59
21/05/2021,1034200,27606240000,26.25(1.35 %),1044300,27874785000,10100,268545000,14389139,20.69
24/05/2021,-18800,-491970000,26.2(-0.19 %),10400,273425000,29200,765395000,14407939,20.69
25/05/2021,181500,4742175000,26.5(1.15 %),295600,7761365000,114100,3019190000,14226439,20.7
26/05/2021,-17400,-448505000,27(1.89 %),135200,3653805000,152600,4102310000,14243839,20.7
27/05/2021,-18100,-538950000,27.2(0.74 %),133600,3693320000,151700,4232270000,14261939,20.7
28/05/2021,163100,4556200000,28.2(3.68 %),197800,5521925000,34700,965725000,14098839,20.71
31/05/2021,320100,9090735000,28.85(2.30 %),360200,10227690000,40100,1136955000,13778739,20.74
01/06/2021,710300,20754450000,29(0.52 %),710300,20754450000,0,0,13639960,20.76
02/06/2021,1366100,39190415000,28.8(-0.69 %),1380000,39592115000,13900,401700000,12273860,20.88
03/06/2021,1899300,57481055000,30.8(6.94 %),1902600,57579535000,3300,98480000,10374560,21.05
04/06/2021,2086800,67110125000,32.3(4.87 %),2211300,71101820000,124500,3991695000,8287760,21.24
07/06/2021,2598100,82944455000,31.75(-1.70 %),2650700,84655645000,52600,1711190000,5689660,21.48
08/06/2021,2939600,90471660000,29.6(-6.77 %),3038000,93547075000,98400,3075415000,2750060,21.75
09/06/2021,1917200,56371915000,30.65(3.55 %),1963500,57749950000,46300,1378035000,832860,21.92
10/06/2021,31600,936010000,29.85(-2.61 %),52600,1578000000,21000,641990000,801260,21.93
11/06/2021,25400,684400000,31.55(5.70 %),98400,2971680000,73000,2287280000,775860,21.93
14/06/2021,33700,1085950000,30.85(-2.22 %),46300,1479285000,12600,393335000,742160,21.93
15/06/2021,-95000,-2888010000,30.1(-2.43 %),21000,647850000,116000,3535860000,837160,21.92
16/06/2021,73000,2197300000,29.35(-2.49 %),73000,2197300000,0,0,764160,21.93
17/06/2021,10600,304480000,29.95(2.04 %),12600,362880000,2000,58400000,753560,21.93
18/06/2021,98900,3046790000,29.95(0.00 %),116000,3561200000,17100,514410000,654660,21.94
21/06/2021,-193500,-5706195000,29.35(-2.00 %),0,0,193500,5706195000,848160,21.92
22/06/2021,-13300,-388330000,29.8(1.53 %),2000,59000000,15300,447330000,861460,21.92
23/06/2021,11800,353880000,29.75(-0.17 %),17100,511290000,5300,157410000,849660,21.92
24/06/2021,-5000,-119435000,30(0.84 %),193500,5843700000,198500,5963135000,854660,21.92
25/06/2021,-34700,-1038605000,30.1(0.33 %),15300,459000000,50000,1497605000,889360,21.92
28/06/2021,-89700,-2784505000,31.2(3.65 %),5300,161650000,95000,2946155000,979060,21.91
29/06/2021,74300,2446720000,31.05(-0.48 %),198500,6332150000,124200,3885430000,904760,21.92
30/06/2021,18100,574915000,30.7(-1.13 %),50000,1555000000,31900,980085000,886660,21.92
01/07/2021,-54500,-1604225000,30.9(0.65 %),95000,2926000000,149500,4530225000,95060,21.99
02/07/2021,124000,3868780000,31.3(1.29 %),124200,3875040000,200,6260000,-28940,22.0
05/07/2021,18600,-419149500,31.75(1.44 %),31900,0,13300,419149500,-18540,22.0
06/07/2021,10900,376395000,29.55(-6.93 %),181400,5841080000,170500,5464685000,60,22.0
07/07/2021,-100,-2900000,30.6(3.55 %),200,6040000,300,8940000,160,22.0
08/07/2021,-225700,-6840064200,30.2(-1.31 %),13300,403069800,239000,7243134000,225860,21.98
09/07/2021,166700,4966395000,29.45(-2.48 %),170500,5080900000,3800,114505000,59160,21.99
12/07/2021,-49400,-1372805000,27.4(-6.96 %),300,8730000,49700,1381535000,108560,21.99
13/07/2021,150100,4228585000,27.5(0.36 %),239000,6668100000,88900,2439515000,0,22.0
14/07/2021,-8800,-229585000,26.2(-4.73 %),3800,104500000,12600,334085000,3860,22.0
15/07/2021,49700,1297170000,27.4(4.58 %),49700,1297170000,0,0,0,22.0
16/07/2021,-50000,-1357390000,27.45(0.18 %),88900,2471420000,138900,3828810000,88960,21.99
19/07/2021,-64100,-1696110000,26.45(-3.64 %),12600,335790000,76700,2031900000,153060,21.99
20/07/2021,0,0,27.5(3.97 %),0,0,0,0,153060,21.99
21/07/2021,34000,985045000,27.8(1.09 %),138900,3889200000,104900,2904155000,119060,21.99
22/07/2021,32400,927870000,28.55(2.70 %),76700,2182115000,44300,1254245000,86660,21.99
23/07/2021,0,0,28.3(-0.88 %),0,0,0,0,86660,21.99
26/07/2021,104800,2960590000,28.35(0.18 %),104900,2963425000,100,2835000,0,22.0
27/07/2021,44300,1269195000,28.6(0.88 %),44300,1269195000,0,0,44360,22.0
28/07/2021,-8000,-232250000,29.5(3.15 %),0,0,8000,232250000,52360,22.0
29/07/2021,-449800,-13693115000,30.4(3.05 %),100,3135000,449900,13696250000,502160,21.95
30/07/2021,-31000,-939795000,30(-1.32 %),0,0,31000,939795000,533160,21.95
02/08/2021,-32300,-792425000,24.3(-19.00 %),8000,192000000,40300,984425000,8060,26.79
03/08/2021,446900,10948750000,24.65(1.44 %),449900,11022550000,3000,73800000,-438840,26.84
04/08/2021,30800,760780000,24.65(0.00 %),31000,765700000,200,4920000,31060,26.79
05/08/2021,40300,995410000,24.7(0.20 %),40300,995410000,0,0,-9240,26.8
06/08/2021,3000,74400000,24.5(-0.81 %),3000,74400000,0,0,3060,26.79
09/08/2021,-3000,-72910000,24.7(0.82 %),200,4900000,3200,77810000,6060,26.79
10/08/2021,-10300,-258000000,25.2(2.02 %),0,0,10300,258000000,16360,26.79
11/08/2021,-4100,-103320000,25.2(0.00 %),0,0,4100,103320000,20460,26.79
12/08/2021,-16800,-421000000,24.7(-1.98 %),3200,80000000,20000,501000000,37260,26.79
13/08/2021,10300,0,24.6(-0.40 %),10300,0,0,0,26960,26.79
16/08/2021,3700,91390000,25.1(2.03 %),4100,101270000,400,9880000,23260,26.79
17/08/2021,20000,510000000,25(-0.40 %),20000,510000000,0,0,-13040,26.8
18/08/2021,0,0,25(0.00 %),0,0,0,0,23260,26.79
19/08/2021,-7600,-188040000,24.8(-0.80 %),400,9960000,8000,198000000,30860,26.79
20/08/2021,-27200,-666330000,23.8(-4.03 %),0,0,27200,666330000,58060,26.79
23/08/2021,0,0,22.6(-5.04 %),0,0,0,0,58060,26.79
24/08/2021,8000,180800000,22.9(1.33 %),8000,180800000,0,0,50060,26.79
25/08/2021,27200,625600000,23.1(-27.36 %),27200,625600000,0,0,22860,26.79
26/08/2021,0,0,22.7(-1.73 %),0,0,0,0,22860,26.79
27/08/2021,0,0,22.5(-0.88 %),0,0,0,0,22860,26.79
30/08/2021,-121700,-2733285000,22.9(1.78 %),107900,2427750000,229600,5161035000,144560,26.78
31/08/2021,-99800,-2261855000,22.65(-1.09 %),0,0,99800,2261855000,244360,26.77
01/09/2021,-600,-13575000,22.6(-0.22 %),0,0,600,13575000,60,26.79
06/09/2021,-291600,-6556350000,22.6(0.00 %),121700,2776665000,413300,9333015000,291660,26.76
07/09/2021,87700,2005845000,23.3(3.10 %),99800,2286575000,12100,280730000,203960,26.77
08/09/2021,-32400,-752345000,22.95(-1.50 %),600,13885000,33000,766230000,236360,26.77
09/09/2021,110000,2523795000,22.95(0.00 %),110000,2523795000,0,0,126360,26.78
10/09/2021,800,18425000,22.8(-0.65 %),1100,25310000,300,6885000,125560,26.78
13/09/2021,-87800,-1985515000,22.55(-1.10 %),8100,183275000,95900,2168790000,213360,26.77
14/09/2021,-137600,-3092280000,22.35(-0.89 %),12400,277975000,150000,3370255000,350960,26.76
15/09/2021,8400,186955000,22.25(-0.45 %),11100,247030000,2700,60075000,342560,26.76
16/09/2021,24000,539090000,22.4(0.67 %),24000,539090000,0,0,318560,26.76
17/09/2021,0,4450000,22.85(2.01 %),16300,372200000,16300,367750000,318560,26.76
20/09/2021,-17900,-422565000,23.75(3.94 %),13100,311935000,31000,734500000,336460,26.76
21/09/2021,-12600,-302980000,24.35(2.53 %),3600,86905000,16200,389885000,349060,26.76
22/09/2021,45400,1095795000,24.05(-1.23 %),67400,1629695000,22000,533900000,303660,26.76
23/09/2021,400,5000000,24.3(1.04 %),5300,124880000,4900,119880000,303260,26.76
24/09/2021,10600,260935000,24.65(1.44 %),11700,288230000,1100,27295000,292660,26.76
27/09/2021,106500,2600975000,23.75(-3.65 %),106500,2600975000,0,0,186160,26.77
28/09/2021,56100,1325625000,23.9(0.63 %),71100,1679845000,15000,354220000,130060,26.78
29/09/2021,341600,8120450000,23.8(-0.42 %),341600,8120450000,0,0,0,26.82
30/09/2021,0,0,23.9(0.42 %),0,0,0,0,60,26.79
01/10/2021,15000,358895000,23.15(-3.14 %),525100,11708620000,510100,11349725000,60,26.79
04/10/2021,-13500,-307050000,23.1(-0.22 %),0,0,13500,307050000,13560,26.79
05/10/2021,-81000,-1888920000,23.5(1.73 %),0,0,81000,1888920000,94560,26.78
06/10/2021,0,0,23.5(0.00 %),0,0,0,0,94560,0.0
07/10/2021,-18300,-428065000,23.6(0.43 %),5700,133880000,24000,561945000,112860,0.0
08/10/2021,300,7180000,24.15(2.33 %),300,7180000,0,0,112560,0.0
11/10/2021,-1000,0,24.7(2.28 %),5900,0,6900,0,113560,0.0
12/10/2021,2100,51430000,24.8(0.40 %),53200,1325355000,51100,1273925000,111460,0.0
13/10/2021,51900,1293965000,24.6(-0.81 %),51900,1293965000,0,0,59560,0.0
14/10/2021,-19300,-473250000,24.55(-0.20 %),6500,159250000,25800,632500000,78860,0.0
15/10/2021,53000,1314400000,25.7(4.68 %),53000,1314400000,0,0,25860,0.0
18/10/2021,-300,-7800000,25.75(0.19 %),0,0,300,7800000,26160,0.0
19/10/2021,23800,606615000,25.5(-0.97 %),25800,657715000,2000,51100000,2360,0.0
20/10/2021,-103000,-2678000000,26.6(4.31 %),0,0,103000,2678000000,105360,0.0
21/10/2021,300,8175000,27.35(2.82 %),300,8175000,0,0,2060,0.0
22/10/2021,-547300,-14795800000,27.05(-1.10 %),202000,5474080000,749300,20269880000,549360,0.0
25/10/2021,-313600,-8503100000,27(-0.18 %),287900,7793290000,601500,16296390000,862960,0.0
26/10/2021,-46600,-1247695000,26.85(-0.56 %),53400,1424200000,100000,2671895000,909560,0.0
27/10/2021,-600,-15815000,27.1(0.93 %),300,8005000,900,23820000,910160,0.0
28/10/2021,-257000,-6967535000,26.9(-0.74 %),156500,4232240000,413500,11199775000,1167160,25.58
29/10/2021,-75700,-2037530000,26.6(-1.12 %),24300,657000000,100000,2694530000,1242860,25.57
01/11/2021,-34500,-972715000,26.85(0.94 %),57500,1500475000,92000,2473190000,954587,25.59
02/11/2021,26700,683350000,26.95(0.37 %),400800,10752640000,374100,10069290000,927887,25.6
03/11/2021,-1107400,-31321375000,28.8(6.86 %),305100,8755300000,1412500,40076675000,2035287,0.0
04/11/2021,-25400,-733260800,28.5(-1.04 %),2400,63014600,27800,796275400,953287,0.0
05/11/2021,3500,101090000,28.5(0.00 %),3500,101090000,0,0,924387,0.0
08/11/2021,-100500,-2921515000,28.5(0.00 %),114800,3215410000,215300,6136925000,1028387,25.59
09/11/2021,-109400,-3092500000,28(-1.75 %),295800,8418480000,405200,11510980000,1137787,25.58
10/11/2021,-56300,-1552979200,27.3(-2.50 %),157100,4333446400,213400,5886425600,1194087,0.0
11/11/2021,133100,3572135000,26.35(-3.48 %),510825,13474790000,377725,9902655000,1004687,0.0
12/11/2021,-72700,-2296165000,26.9(2.09 %),217300,5823835000,290000,8120000000,1077387,0.0
15/11/2021,8000,218930000,26.6(-1.12 %),23000,620190000,15000,401260000,779387,25.61
16/11/2021,600,16000000,26.65(0.19 %),600,16000000,0,0,778787,25.61
17/11/2021,83700,2209325000,26.45(-0.75 %),112000,2961060000,28300,751735000,695087,25.62
18/11/2021,123200,3245785000,26.3(-0.57 %),123400,3251055000,200,5270000,571887,25.63
19/11/2021,95300,2498020000,26.6(1.14 %),122900,3240060000,27600,742040000,476587,25.63
22/11/2021,-1800,-30625000,27.35(2.82 %),53700,1502385000,55500,1533010000,478387,25.63
23/11/2021,-50300,-1358165000,28(2.38 %),132900,3689515000,183200,5047680000,528687,25.63
24/11/2021,165100,4875870000,29.95(6.96 %),230600,6817905000,65500,1942035000,363587,25.64
25/11/2021,1171300,35925365000,30.5(1.84 %),1236200,37912245000,64900,1986880000,0,25.74
26/11/2021,288900,8854575000,30.4(-0.33 %),916600,28256460000,627700,19401885000,0,0.0
29/11/2021,233600,6887228800,29.5(-2.96 %),249200,7347163600,15600,459934800,0,0.0
30/11/2021,-734300,-21189000000,27.9(-5.42 %),58500,1701325000,792800,22890325000,983537,25.59
01/12/2021,13900,372445000,28.45(1.97 %),59500,1643975000,45600,1271530000,634137,25.62
02/12/2021,506300,14497775000,28.5(0.18 %),506300,14497775000,0,0,127837,25.66
03/12/2021,2800,77810000,27.5(-3.51 %),8600,240850000,5800,163040000,125037,25.66
06/12/2021,339300,9055020000,26(-5.45 %),351200,9377390000,11900,322370000,0,25.69
07/12/2021,129400,3372275000,26.8(3.08 %),138700,3618725000,9300,246450000,562587,25.63
08/12/2021,-29700,-824105000,27.2(1.49 %),25100,665450000,54800,1489555000,592287,25.62
09/12/2021,500,10305000,27.35(0.55 %),40600,1103320000,40100,1093015000,591787,0.0
10/12/2021,-89600,-2436270000,27.05(-1.10 %),700,19160000,90300,2455430000,681387,25.62
13/12/2021,219900,5922890000,26.95(-0.37 %),254400,6853160000,34500,930270000,461487,25.64
14/12/2021,-483825,-13010331650,26.6(-1.30 %),104900,2799800000,588725,15810131650,945312,0.0
15/12/2021,-22700,-611585000,26.95(1.32 %),2400,64460000,25100,676045000,947987,21.93
16/12/2021,-58700,-1578080000,27(0.19 %),600,16220000,59300,1594300000,1006687,21.93
17/12/2021,-28100,-754395000,26.8(-0.74 %),13200,353500000,41300,1107895000,1034787,21.92
20/12/2021,199500,5295080000,26.6(-0.75 %),245200,6510965000,45700,1215885000,835287,21.94
21/12/2021,300900,7906310000,26.25(-1.32 %),403900,10605310000,103000,2699000000,534387,0.0
22/12/2021,-13700,-352940000,25.65(-2.47 %),10600,277215000,24300,630155000,548087,21.96
23/12/2021,22400,569130000,24.7(-3.89 %),26400,668930000,4000,99800000,525687,0.0
24/12/2021,-100,0,25.9(4.86 %),3500,0,3600,0,548187,0.0
27/12/2021,-25400,-657270000,25.85(-0.19 %),7700,199805000,33100,857075000,424779,21.97
28/12/2021,-28100,-727260000,26.3(1.54 %),8700,222950000,36800,950210000,452879,21.97
29/12/2021,199300,5293230000,26.5(0.76 %),227900,6051960000,28600,758730000,231879,21.98
30/12/2021,100,2660000,26.6(0.38 %),100,2660000,0,0,268579,21.98
31/12/2021,-4000,-109310000,27.3(2.63 %),4000,110900000,8000,220210000,293079,21.98
04/01/2022,113500,3209855000,27.95(2.38 %),195600,5500505000,82100,2290650000,97529,21.99
05/01/2022,-15700,-433120000,27.5(-1.79 %),2700,74805000,18400,507925000,102829,21.99
06/01/2022,-26900,-719835000,27(-1.82 %),76100,2060865000,103000,2780700000,108829,21.99
07/01/2022,54900,1482480000,26.9(-0.37 %),108500,2924575000,53600,1442095000,22129,22.0
10/01/2022,-137700,-3380346700,26.1(-2.97 %),22100,585009100,159800,3965355800,103029,21.99
11/01/2022,-12900,-317105000,26(-0.38 %),103000,2724120000,115900,3041225000,53629,22.0
12/01/2022,-1048200,-27602930000,27(3.85 %),53600,1409395000,1101800,29012325000,159829,21.99
13/01/2022,106900,2965255000,26.9(-0.37 %),159800,4408560000,52900,1443305000,115929,21.99
14/01/2022,-91100,-2418680000,26.65(-0.93 %),115900,3092485000,207000,5511165000,1101829,21.92
17/01/2022,-63300,-1653015000,25.5(-4.32 %),35000,932610000,98300,2585625000,1119729,21.92
18/01/2022,-23800,-619110000,25.55(0.20 %),6200,159390000,30000,778500000,1320529,21.9
19/01/2022,-53400,-1370905000,25.55(-0.20 %),700,18090000,54100,1388995000,1418129,21.9
20/01/2022,90700,2366755000,26(1.17 %),122300,3176720000,31600,809965000,1325816,21.9
21/01/2022,236200,6277250000,26.7(3.09 %),258800,6881995000,22600,604745000,1120616,21.92
24/01/2022,-198100,-5324820000,26.4(-1.12 %),52000,1395140000,250100,6719960000,1099991,21.92
25/01/2022,-65100,-1722895000,27.2(3.03 %),58900,1588355000,124000,3311250000,1063691,21.92
26/01/2022,525100,11519379400,28(2.94 %),536700,11843239800,11600,323860400,780591,21.94
27/01/2022,167200,4667325000,27.5(-1.79 %),682200,18880275000,515000,14212950000,222391,21.98
28/01/2022,55900,1554140000,27.65(0.55 %),111800,3091040000,55900,1536900000,122191,21.99
07/02/2022,27600,762410000,27.75(0.18 %),28400,784520000,800,22110000,608791,21.96
08/02/2022,291300,8372980000,28.8(3.60 %),400800,11512210000,109500,3139230000,263891,21.98
09/02/2022,209900,6078190000,28.5(-1.04 %),235000,6797380000,25100,719190000,29691,22.0
10/02/2022,-58300,-1652095000,28.4(-0.35 %),26400,748385000,84700,2400480000,112791,21.99
11/02/2022,50900,1451990000,28.6(0.70 %),102000,2909070000,51100,1457080000,35891,22.0
14/02/2022,-102600,-2836485000,27(-5.59 %),35800,1003350000,138400,3839835000,84791,21.99
15/02/2022,11700,319205000,27.25(0.93 %),22200,603605000,10500,284400000,113691,21.99
16/02/2022,29600,804665000,27.25(-0.18 %),29600,804665000,0,0,222216,21.98
17/02/2022,222200,6065770000,27.3(0.00 %),222200,6065770000,0,0,23491,22.0
18/02/2022,18400,502175000,27.3(0.00 %),23400,638675000,5000,136500000,91,22.0
21/02/2022,-45700,-1241655000,27.4(0.37 %),0,0,45700,1241655000,91,22.0
22/02/2022,-12800,-351230000,27.6(0.73 %),0,0,12800,351230000,5091,22.0
23/02/2022,5000,138500000,27.45(-0.54 %),5000,138500000,0,0,45791,22.0
24/02/2022,11300,309290000,26.85(-2.36 %),45700,1239050000,34400,929760000,12891,22.0
25/02/2022,12800,345195000,26.9(0.00 %),12800,345195000,0,0,91,22.0
28/02/2022,-2000,-53300000,26.55(-1.30 %),0,0,2000,53300000,34491,22.0
01/03/2022,13800,366285000,26.5(-0.38 %),13800,366285000,0,0,20691,22.0
02/03/2022,20000,521345000,26(-1.89 %),20600,537130000,600,15785000,2091,22.0
03/03/2022,800,21040000,26.2(0.77 %),2000,52300000,1200,31260000,3016,22.0
04/03/2022,2700,70695000,26.45(0.95 %),3000,78600000,300,7905000,616,22.0
07/03/2022,0,0,26.05(-1.70 %),600,15660000,600,15660000,4216,22.0
08/03/2022,-395300,-10290730000,25.9(-0.77 %),4200,108780000,399500,10399510000,316,22.0
09/03/2022,300,7770000,25.75(-0.58 %),300,7770000,0,0,616,22.0
10/03/2022,-4100,-106290000,25.85(0.19 %),600,15780000,4700,122070000,399516,21.97
11/03/2022,392000,10163740000,26(0.39 %),399500,10357845000,7500,194105000,16,22.0
14/03/2022,-17800,-457285000,25.6(-1.54 %),0,0,17800,457285000,4716,22.0
15/03/2022,-146000,-3755435000,25.75(0.59 %),2900,74530000,148900,3829965000,9316,22.0
16/03/2022,-3100,-80465000,26.05(0.97 %),1200,31150000,4300,111615000,25916,22.0
17/03/2022,1300,34120000,26.1(0.00 %),1300,34120000,0,0,173516,21.99
18/03/2022,49900,1304110000,26.1(0.00 %),56800,1484500000,6900,180390000,121016,21.99
21/03/2022,-142700,-3702055000,26.05(-0.19 %),33500,870845000,176200,4572900000,87516,21.99
22/03/2022,-130800,-3426405000,26.4(1.15 %),6200,162770000,137000,3589175000,88216,21.99
23/03/2022,43500,1150465000,26.3(-0.38 %),88200,2329650000,44700,1179185000,176266,21.99
24/03/2022,167300,4417345000,26.45(0.57 %),567400,14975995000,400100,10558650000,145758,21.99
25/03/2022,5000,131445000,26.15(-1.32 %),5000,131445000,0,0,185458,21.99
28/03/2022,-54900,-1420020000,25.7(-1.91 %),7800,201015000,62700,1621035000,177758,21.99
29/03/2022,4300,108810000,25.75(0.19 %),11300,288830000,7000,180020000,166458,21.99
30/03/2022,5100,126910000,25.35(-1.74 %),18300,464600000,13200,337690000,210858,21.98
31/03/2022,19600,498450000,25.4(0.00 %),23700,603000000,4100,104550000,194158,21.99
01/04/2022,6500,166540000,25.7(1.18 %),12900,330825000,6400,164285000,197458,21.99
04/04/2022,196900,5163350000,26.2(1.95 %),197400,5176400000,500,13050000,4208,22.0
05/04/2022,4100,106900000,26(-0.76 %),4200,109510000,100,2610000,6358,22.0
06/04/2022,-1700,-44625000,26.1(0.38 %),6300,163425000,8000,208050000,558,22.0
07/04/2022,-1400,-36960000,26.05(-0.19 %),500,13100000,1900,50060000,1958,22.0
08/04/2022,-5200,-134195000,25.8(-1.15 %),100,2605000,5300,136800000,8008,22.0
12/04/2022,-2300,-56340000,25.2(-2.33 %),8000,206400000,10300,262740000,10308,22.0
13/04/2022,-50200,-1264220000,25.4(0.79 %),1900,48355000,52100,1312575000,1908,22.0
14/04/2022,3100,78020000,25.7(1.18 %),5300,135390000,2200,57370000,10308,22.0
15/04/2022,4700,0,25.6(-0.39 %),4700,0,0,0,57708,22.0
18/04/2022,-31000,-758425000,24.5(-4.30 %),13900,346360000,44900,1104785000,46008,22.0
19/04/2022,1200,34185000,24.1(-1.63 %),38800,962775000,37600,928590000,7208,22.0
20/04/2022,-153100,-3681765000,23.2(-3.73 %),7200,173190000,160300,3854955000,163408,21.99
21/04/2022,-1480100,-33531175000,23.5(1.29 %),40200,913885000,1520300,34445060000,42308,22.0
22/04/2022,-1458500,-34100750000,24(2.13 %),42300,987765000,1500800,35088515000,160308,21.99
25/04/2022,-1441300,-32978315000,22.35(-6.87 %),1100,24740000,1442400,33003055000,1679508,21.88
26/04/2022,7600,163830000,22.75(1.56 %),9100,197880000,1500,34050000,3171208,21.77
27/04/2022,-29500,-663900000,22.6(-0.88 %),1500,33450000,31000,697350000,4612108,21.66
28/04/2022,-29600,-665440000,23(1.77 %),3300,73825000,32900,739265000,4610308,21.66
29/04/2022,-9300,-210290000,23.9(3.91 %),7800,182390000,17100,392680000,4633508,21.66
04/05/2022,327900,7576360000,23.05(-3.56 %),327900,7576360000,0,0,4338508,21.68
05/05/2022,2800,64290000,23.65(2.38 %),3100,71145000,300,6855000,4335708,21.68
06/05/2022,-3900,-86580000,22.2(-6.33 %),1600,35520000,5500,122100000,4350908,21.68
09/05/2022,60800,1255520000,20.65(-6.98 %),60800,1255520000,0,0,4290408,21.69
10/05/2022,67100,1328580000,19.8(-4.35 %),71800,1421640000,4700,93060000,4224108,21.69
11/05/2022,2000,39880000,19.9(0.51 %),4100,81520000,2100,41640000,4222108,21.69
12/05/2022,-72500,-1422105000,18.55(-6.78 %),6900,129455000,79400,1551560000,4294608,21.69
13/05/2022,74300,1306175000,17.3(-6.74 %),94900,1666220000,20600,360045000,4175008,21.7
16/05/2022,99200,1716160000,17.3(0.00 %),101800,1761140000,2600,44980000,4190608,21.69
17/05/2022,178100,3294850000,18.5(6.94 %),178100,3294850000,0,0,4043183,21.7
18/05/2022,40000,758000000,18.95(2.43 %),58200,1102890000,18200,344890000,4035471,21.71
19/05/2022,-28000,-565600000,20.2(6.32 %),14200,286840000,42200,852440000,4046271,21.7
20/05/2022,256100,5198830000,20.3(0.50 %),360000,7308000000,103900,2109170000,3714471,21.73
23/05/2022,-98000,-1960000000,20(-1.48 %),15400,308000000,113400,2268000000,3761271,21.73
24/05/2022,14700,295470000,20.1(0.50 %),22700,456270000,8000,160800000,3855471,21.72
25/05/2022,31100,634440000,20.4(1.49 %),31100,634440000,0,0,3950771,21.71
26/05/2022,4100,82615000,20.15(-1.23 %),4200,84630000,100,2015000,3954571,21.71
27/05/2022,41800,848540000,20.3(0.50 %),41800,848540000,0,0,3912771,21.71
30/05/2022,5200,105820000,20.35(0.25 %),25500,518925000,20300,413105000,3887371,21.72
31/05/2022,55300,1100470000,19.9(-2.45 %),70500,1402950000,15200,302480000,3846871,21.72
01/06/2022,-16200,-324000000,20(0.50 %),11600,232000000,27800,556000000,3870571,21.72
02/06/2022,6800,133960000,19.7(-1.50 %),11000,216700000,4200,82740000,3879771,21.72
03/06/2022,9900,193050000,19.5(-1.02 %),10500,204750000,600,11700000,3897071,21.72
06/06/2022,16800,327025000,19.25(-1.28 %),16800,327025000,0,0,3884471,21.72
07/06/2022,-1100,-21010000,19.1(-1.04 %),500,9550000,1600,30560000,3884571,21.72
08/06/2022,11500,225400000,19.6(2.62 %),57300,1123080000,45800,897680000,3827271,21.72
09/06/2022,700,13685000,19.55(-0.26 %),9100,177905000,8400,164220000,3819771,21.72
10/06/2022,-10600,-200340000,18.9(-3.57 %),2000,37800000,12600,238140000,3863571,21.72
13/06/2022,-56600,-996160000,17.6(-6.88 %),4500,79200000,61100,1075360000,3877471,21.72
14/06/2022,144300,2518035000,17.45(-0.85 %),145000,2530250000,700,12215000,3755071,21.73
15/06/2022,288100,4897700000,17(-2.86 %),406100,6903700000,118000,2006000000,3414971,21.75
16/06/2022,-60600,-1024140000,16.9(-0.59 %),16400,277160000,77000,1301300000,3404271,21.75
17/06/2022,-9900,-159885000,16.15(-4.44 %),26800,432820000,36700,592705000,3495471,21.74
20/06/2022,37000,579740000,16.15(-0.31 %),38800,608505000,1800,28765000,3533671,21.74
21/06/2022,112400,1809640000,16.1(-0.62 %),112800,1816080000,400,6440000,3457521,21.75
22/06/2022,-12900,-212850000,16.5(2.48 %),65100,1074150000,78000,1287000000,3408946,21.75
23/06/2022,-1700,-28560000,16.8(1.82 %),35600,598080000,37300,626640000,3393746,21.75
24/06/2022,-756800,-12562880000,16.6(-1.19 %),2200,36520000,759000,12599400000,3479546,21.75
27/06/2022,28300,474385000,16.6(0.00 %),37400,625445000,9100,151060000,3484521,21.75
28/06/2022,179500,3105350000,17.3(4.22 %),291700,5046410000,112200,1941060000,3956821,21.71
29/06/2022,269200,4673370000,17.45(0.87 %),271200,4707970000,2000,34600000,3694721,21.73
30/06/2022,-14300,-240240000,16.8(-4.00 %),57500,966000000,71800,1206240000,3749421,21.73
01/07/2022,11200,190960000,17.05(1.49 %),20700,352935000,9500,161975000,3730721,21.73
04/07/2022,-6200,-105545000,17.05(-0.29 %),700,12040000,6900,117585000,3727721,0.0
05/07/2022,12200,208620000,17.1(0.00 %),12500,213750000,300,5130000,3845821,21.72
06/07/2022,-9800,-162190000,16.55(-3.22 %),13900,230045000,23700,392235000,3838821,21.72
07/07/2022,-134200,-2227720000,16.6(0.00 %),3200,53120000,137400,2280840000,3835921,21.72
08/07/2022,2000,710200000,16.5(-0.60 %),4100,710200000,2100,0,3833921,21.72
11/07/2022,42400,710200000,16.75(1.52 %),42400,710200000,0,0,3955821,21.71
12/07/2022,56000,957600000,17.1(1.79 %),58000,991800000,2000,34200000,4525821,21.67
13/07/2022,37100,658525000,17.75(3.80 %),40600,720650000,3500,62125000,4485121,21.67
14/07/2022,-2900,-51475000,17.75(-0.28 %),10400,184600000,13300,236075000,4476721,21.67
15/07/2022,-46900,-818405000,17.45(-1.97 %),23700,413565000,70600,1231970000,4456521,21.67
18/07/2022,258400,4496160000,17.4(-0.57 %),258700,4501380000,300,5220000,4211121,21.69
19/07/2022,11300,194925000,17.25(-0.86 %),18000,310500000,6700,115575000,4263721,21.69
20/07/2022,13300,232750000,17.5(1.16 %),85300,1492750000,72000,1260000000,4178721,21.69
21/07/2022,-25400,-443230000,17.45(-0.29 %),45700,797465000,71100,1240695000,4143721,21.7
22/07/2022,-1700,3741760000,17.6(0.57 %),35600,5392640000,37300,1650880000,3909321,21.71
25/07/2022,149800,2636480000,17.6(0.00 %),248400,4371840000,98600,1735360000,3736021,21.73
26/07/2022,213600,3738000000,17.5(-0.57 %),240000,4200000000,26400,462000000,3589821,21.74
27/07/2022,267200,4689360000,17.55(0.29 %),272100,4775355000,4900,85995000,3422321,21.75
28/07/2022,89000,1593100000,17.9(1.70 %),160600,2874740000,71600,1281640000,3288121,21.76
29/07/2022,-107400,-1949310000,18.15(1.40 %),6600,119790000,114000,2069100000,3286421,21.76
01/08/2022,-53400,-966540000,18.1(-0.55 %),73600,1332160000,127000,2298700000,3284421,21.76
02/08/2022,93000,1683300000,18.1(0.00 %),100800,1824480000,7800,141180000,3297621,21.76
03/08/2022,-46300,-840345000,18.15(0.28 %),54000,980100000,100300,1820445000,3370621,21.75
04/08/2022,42800,776820000,18.15(-0.27 %),42800,776820000,0,0,3335621,21.76
05/08/2022,43100,773645000,17.95(-1.37 %),43100,773645000,0,0,3392821,21.75
08/08/2022,47400,860310000,18.15(0.83 %),47900,869385000,500,9075000,3344921,21.76
09/08/2022,13700,247970000,18.1(-0.55 %),13800,249780000,100,1810000,3331121,21.76
10/08/2022,292200,5288820000,18.1(0.00 %),292400,5292440000,200,3620000,3039221,21.78
11/08/2022,311400,5620770000,18.05(-0.28 %),311400,5620770000,0,0,2727921,21.8
12/08/2022,4500,81225000,18.05(-0.28 %),4500,81225000,0,0,2723621,21.8
15/08/2022,59500,1094800000,18.4(1.66 %),59500,1094800000,0,0,2664121,21.81
16/08/2022,29900,545675000,18.25(-0.82 %),29900,545675000,0,0,2634221,21.81
17/08/2022,14200,258440000,18.2(-0.55 %),14200,258440000,0,0,2619771,21.81
18/08/2022,-10900,-195655000,17.95(-1.37 %),3900,70005000,14800,265660000,2615871,21.81
19/08/2022,-15700,-281815000,17.95(-0.28 %),2000,35900000,17700,317715000,2613871,21.81
22/08/2022,-481600,-8403920000,17.45(-3.06 %),4200,73290000,485800,8477210000,2624471,21.81
23/08/2022,5800,102080000,17.6(0.57 %),5800,102080000,0,0,2638871,21.81
24/08/2022,-64300,-1138110000,17.7(0.57 %),19300,341610000,83600,1479720000,3105371,21.77
25/08/2022,118800,2126520000,17.9(1.13 %),123800,2216020000,5000,89500000,2981571,21.78
26/08/2022,9600,171840000,17.9(0.00 %),9600,171840000,0,0,3055571,21.78
29/08/2022,-73500,-1293600000,17.6(-1.68 %),500,8800000,74000,1302400000,3116771,21.77
30/08/2022,-71500,-1251250000,17.5(-0.57 %),1600,28000000,73100,1279250000,3117671,21.77
31/08/2022,15300,270045000,17.65(0.86 %),15300,270045000,0,0,3176371,21.77
05/09/2022,1300,22815000,17.55(-0.85 %),18300,321165000,17000,298350000,3231171,21.76
06/09/2022,-35300,-621280000,17.6(0.00 %),0,0,35300,621280000,3231171,21.76
07/09/2022,-74600,-1275660000,17.1(-2.84 %),33100,566010000,107700,1841670000,3215071,21.77
08/09/2022,-52600,-891570000,16.95(-0.88 %),3300,55935000,55900,947505000,3247071,21.76
09/09/2022,-114500,-1952225000,17.05(0.29 %),3500,59675000,118000,2011900000,3357271,21.75
12/09/2022,-200,-1952225000,17.05(-0.29 %),18000,59675000,18200,2011900000,3395171,21.75
13/09/2022,-725700,-5126580000,17.1(0.00 %),4500,8550000,730200,5135130000,3508671,21.74
14/09/2022,3835,-5126580000,17(-0.58 %),6135,8550000,2300,5135130000,3520736,21.74
15/09/2022,-463625,65195000,16.9(-0.59 %),1975,104295000,465600,39100000,0,21.69
16/09/2022,-513400,-8573780000,16.7(-1.18 %),4000,66800000,517400,8640580000,4247261,21.69
19/09/2022,-70475,-1141695000,16.2(-2.99 %),9800,158760000,80275,1300455000,4317736,21.68
20/09/2022,151000,2483950000,16.45(1.54 %),159000,2615550000,8000,131600000,5061461,21.63
21/09/2022,-3435,-55647000,16.2(-1.82 %),265,4293000,3700,59940000,5141471,21.62
22/09/2022,-1096825,-17658882500,16.1(-0.62 %),1015100,16343110000,2111925,34001992500,4134371,21.7
23/09/2022,144000,2354400000,16.35(1.55 %),144000,2354400000,0,0,3994071,21.71
26/09/2022,347900,5479425000,15.75(-3.96 %),360800,5682600000,12900,203175000,5745196,21.58
27/09/2022,-800,-12600000,15.75(-0.32 %),0,0,800,12600000,5748696,21.58
28/09/2022,-34400,-536640000,15.6(-1.27 %),600,9360000,35000,546000000,5760996,21.58
29/09/2022,-2000,-30600000,15.3(-1.92 %),8600,131580000,10600,162180000,5753196,21.58
30/09/2022,74775,1144057500,15.3(0.00 %),74800,1144440000,25,382500,5713396,21.58
03/10/2022,40100,575435000,14.35(-6.21 %),40300,578305000,200,2870000,5744196,21.58
04/10/2022,115300,1625730000,14.1(-2.08 %),115400,1627140000,100,1410000,5650821,21.59
05/10/2022,44100,635040000,14.4(2.13 %),44100,635040000,0,0,5626721,21.59
06/10/2022,44600,606560000,13.6(-5.56 %),50900,692240000,6300,85680000,5603421,21.59
07/10/2022,117100,1487170000,12.7(-6.62 %),118000,1498600000,900,11430000,5510621,21.6
10/10/2022,-96600,-1226820000,12.7(0.00 %),103400,1313180000,200000,2540000000,5448021,21.6
11/10/2022,-198125,-2436937500,12.3(-3.15 %),2900,35670000,201025,2472607500,5468021,21.6
12/10/2022,-81400,-1041920000,12.8(4.07 %),119700,1532160000,201100,2574080000,5548321,21.59
13/10/2022,-365400,-4713660000,12.9(0.78 %),60600,781740000,426000,5495400000,5688746,21.58
14/10/2022,13300,176890000,13.3(3.10 %),13300,176890000,0,0,5876546,21.57
17/10/2022,3300,44220000,13.4(0.75 %),27300,365820000,24000,321600000,6275246,21.54
18/10/2022,18700,252450000,13.5(0.75 %),42200,569700000,23500,317250000,6233046,21.54
19/10/2022,110100,1479445000,13.5(0.00 %),110600,1486145000,500,6700000,6122946,21.55
20/10/2022,14900,199660000,13.55(0.37 %),20000,268000000,5100,68340000,6161546,21.55
21/10/2022,-700,-6900000,13.4(-1.47 %),11000,145955000,11700,152855000,6208146,21.55
24/10/2022,-11600,-150595000,13.2(-1.49 %),10600,138600000,22200,289195000,6230546,21.55
25/10/2022,46800,604890000,13.25(0.38 %),49400,639350000,2600,34460000,6183746,21.55
26/10/2022,18300,241320000,12.9(-3.01 %),28300,371705000,10000,130385000,6148396,21.55
27/10/2022,22700,297780000,13.45(4.26 %),24800,325290000,2100,27510000,6188696,21.55
28/10/2022,-25425,-335610000,13.2(-2.22 %),11875,156750000,37300,492360000,6186821,21.55
31/10/2022,39100,516120000,13.2(0.00 %),58300,769560000,19200,253440000,6130621,21.55
01/11/2022,9100,128310000,14.1(6.82 %),55000,775500000,45900,647190000,6191921,21.55
02/11/2022,-164400,-2342700000,14.25(1.06 %),200,2850000,164600,2345550000,6265921,21.54
03/11/2022,-2500,-34500000,13.8(-3.50 %),1600,22080000,4100,56580000,6310221,21.54
04/11/2022,1531300,21208505000,13.85(0.36 %),2002000,27727700000,470700,6519195000,4472821,21.67
07/11/2022,-49000,-656600000,13.4(-3.60 %),36700,491780000,85700,1148380000,4440221,21.68
08/11/2022,-1257000,-16969500000,13.5(0.75 %),63100,851850000,1320100,17821350000,4847821,21.65
09/11/2022,-819400,-11102870000,13.55(0.37 %),34600,468830000,854000,11571700000,4898921,21.64
10/11/2022,54800,712400000,13(-4.41 %),88100,1145300000,33300,432900000,6130921,21.55
11/11/2022,-153300,-2038890000,13.3(2.31 %),99400,1322020000,252700,3360910000,6947021,21.49
14/11/2022,69200,906520000,13.1(-1.50 %),102300,1340130000,33100,433610000,6953021,21.49
15/11/2022,-252125,-3302837500,13.1(0.00 %),117800,1543180000,369925,4846017500,7159921,21.48
16/11/2022,146200,2017560000,13.8(5.34 %),206200,2845560000,60000,828000000,7064821,21.48
17/11/2022,127100,1842950000,14.5(5.07 %),137100,1987950000,10000,145000000,7372646,21.46
18/11/2022,38800,556780000,14.35(-1.03 %),83600,1199660000,44800,642880000,7379046,21.46
21/11/2022,-400,-5740000,14.35(-0.35 %),16100,231035000,16500,236775000,7402946,21.46
22/11/2022,17500,254625000,14.55(1.04 %),55700,810435000,38200,555810000,7422046,21.46
23/11/2022,-25100,-371480000,14.8(1.37 %),15900,235320000,41000,606800000,7437646,21.46
24/11/2022,-4500,-67500000,15(1.35 %),29800,447000000,34300,514500000,7506046,21.45
25/11/2022,15900,240885000,15.15(1.00 %),40100,607515000,24200,366630000,7596946,21.45
28/11/2022,40550,620415000,15.3(0.66 %),46850,716805000,6300,96390000,7556396,0.0
29/11/2022,100500,1522575000,15.15(-0.98 %),103900,1574085000,3400,51510000,7455896,21.46
30/11/2022,170875,2614387500,15.3(0.66 %),171000,2616300000,125,1912500,7285021,21.47
01/12/2022,43000,662200000,15.4(0.65 %),158300,2437820000,115300,1775620000,7279196,0.0
02/12/2022,146300,2304225000,15.75(2.27 %),146300,2304225000,0,0,7132896,21.48
05/12/2022,343140,5490240000,16(1.27 %),375600,6009600000,32460,519360000,6789756,21.5
06/12/2022,-31100,-496045000,15.95(-0.31 %),27100,432245000,58200,928290000,6820856,21.5
07/12/2022,-44600,-706910000,15.85(-0.94 %),0,0,44600,706910000,6865456,21.5
08/12/2022,17300,281990000,16.3(2.52 %),18300,298290000,1000,16300000,7063881,21.48
09/12/2022,-18300,-296460000,16.2(-0.61 %),10900,176580000,29200,473040000,7102581,21.48
12/12/2022,-49800,-801780000,16.1(-0.62 %),0,0,49800,801780000,6916256,21.5
13/12/2022,3000,48600000,16.2(0.62 %),5700,92340000,2700,43740000,6913256,21.5
14/12/2022,-37300,-593070000,15.9(-1.85 %),1200,19080000,38500,612150000,6950556,21.49
15/12/2022,-3900,-61425000,15.75(-0.94 %),6000,94500000,9900,155925000,6954456,0.0
16/12/2022,12100,190575000,15.75(-0.32 %),12100,190575000,0,0,6942356,21.49
19/12/2022,4600,71990000,15.65(-0.95 %),19200,300480000,14600,228490000,6937756,0.0
20/12/2022,-34200,-536940000,15.7(0.00 %),38200,599740000,72400,1136680000,6971956,0.0
21/12/2022,-113600,-1755120000,15.45(-1.59 %),1600,24720000,115200,1779840000,7085556,21.48
22/12/2022,-7700,-122430000,15.9(2.58 %),0,0,7700,122430000,7093256,21.48
23/12/2022,-18300,-296460000,16.2(1.89 %),0,0,18300,296460000,7111556,21.48
26/12/2022,-53400,-849060000,15.9(-1.85 %),0,0,53400,849060000,7164956,21.48
27/12/2022,1000,16800000,16.8(5.66 %),1400,23520000,400,6720000,7163956,21.48
28/12/2022,-25700,-457460000,17.8(5.95 %),0,0,25700,457460000,7189656,21.48
29/12/2022,-68300,-1225985000,17.95(0.84 %),700,12565000,69000,1238550000,7424581,21.46
30/12/2022,-19400,-349200000,18(0.00 %),200,3600000,19600,352800000,7472581,21.45
03/01/2023,300,5415000,18.05(0.28 %),2400,43320000,2100,37905000,7470181,21.45
04/01/2023,1800,32400000,18(-0.55 %),4900,88200000,3100,55800000,7553881,21.45
05/01/2023,9200,163760000,17.8(-1.11 %),15000,267000000,5800,103240000,7545981,21.45
06/01/2023,-13500,-241650000,17.9(0.56 %),17300,309670000,30800,551320000,7531781,21.45
09/01/2023,-5100,-91290000,17.9(0.00 %),0,0,5100,91290000,7542581,21.45
10/01/2023,22300,396940000,17.8(-0.56 %),24900,443220000,2600,46280000,7548481,21.45
11/01/2023,-200,-3580000,17.9(0.56 %),300,5370000,500,8950000,7553281,21.45
12/01/2023,105000,1853250000,17.65(-1.40 %),111000,1959150000,6000,105900000,7444881,21.46
13/01/2023,86700,1504245000,17.35(-1.98 %),114600,1988310000,27900,484065000,7330781,21.46
16/01/2023,92300,1606020000,17.4(0.00 %),100300,1745220000,8000,139200000,7236481,21.47
17/01/2023,3275,58295000,17.8(2.30 %),13800,245640000,10525,187345000,7250581,21.47
18/01/2023,100000,1770000000,17.7(-0.56 %),105500,1867350000,5500,97350000,7153081,21.48
19/01/2023,-2300,-40940000,17.8(0.56 %),700,12460000,3000,53400000,7162906,21.48
27/01/2023,-10000,-187000000,18.7(5.06 %),32800,613360000,42800,800360000,7135606,21.48
30/01/2023,99000,1836450000,18.55(-0.80 %),100700,1867985000,1700,31535000,7037906,21.49
31/01/2023,106025,1993270000,18.8(1.08 %),145100,2727880000,39075,734610000,6940106,21.49
01/02/2023,100500,1819050000,18.1(-3.72 %),106800,1933080000,6300,114030000,6835006,21.5
02/02/2023,600,11280000,18.8(3.87 %),8000,150400000,7400,139120000,6866081,21.5
03/02/2023,42200,818680000,19.4(3.19 %),100500,1949700000,58300,1131020000,6771881,21.51
06/02/2023,96300,1868220000,19.4(0.00 %),101700,1972980000,5400,104760000,6677581,21.51
07/02/2023,94100,1750260000,18.6(-4.12 %),101500,1887900000,7400,137640000,6634381,21.52
08/02/2023,104700,1895070000,18.1(-2.69 %),108200,1958420000,3500,63350000,6531581,21.52
09/02/2023,58400,1080400000,18.5(2.21 %),67600,1250600000,9200,170200000,6471381,21.53
10/02/2023,98700,1786470000,18.1(-2.16 %),101500,1837150000,2800,50680000,6373381,21.53
13/02/2023,9800,165130000,16.85(-6.91 %),23600,397660000,13800,232530000,6358981,21.54
14/02/2023,93900,1629165000,17.35(2.66 %),100100,1736735000,6200,107570000,6261681,21.54
15/02/2023,-300,-5160000,17.2(-1.15 %),1800,30960000,2100,36120000,6279681,21.54
16/02/2023,-1700,-29070000,17.1(-0.58 %),1000,17100000,2700,46170000,6284881,21.54
17/02/2023,-400,-6900000,17.25(0.88 %),3400,58650000,3800,65550000,6283581,21.54
20/02/2023,10400,183560000,17.65(2.02 %),12900,227685000,2500,44125000,6273381,21.54
21/02/2023,-1700,-29580000,17.4(-1.69 %),300,5220000,2000,34800000,6276881,21.54
22/02/2023,-600,-10140000,16.9(-2.87 %),1300,21970000,1900,32110000,6278081,21.54
23/02/2023,-48000,-832800000,17.35(2.66 %),1000,17350000,49000,850150000,6279081,21.54
24/02/2023,3000,50550000,16.85(-3.16 %),3000,50550000,0,0,6276081,21.54
27/02/2023,-8200,-134070000,16.35(-3.25 %),2400,39240000,10600,173310000,6324581,21.54
28/02/2023,-247275,-4018218750,16.25(-0.91 %),1600,26000000,248875,4044218750,6276981,21.54
01/03/2023,-492100,-7898205000,16.05(-1.53 %),10200,163710000,502300,8061915000,6277381,21.54
02/03/2023,-334900,-5425380000,16.2(0.62 %),1800,29160000,336700,5454540000,6498456,21.53
03/03/2023,-128500,-2068850000,16.1(-0.62 %),6800,109480000,135300,2178330000,6993956,21.49
06/03/2023,-119600,-1913600000,16(-0.62 %),55900,894400000,175500,2808000000,7251756,21.47
07/03/2023,-76800,-1228800000,16(0.00 %),0,0,76800,1228800000,7387056,21.46
08/03/2023,-96900,-1555245000,16.05(0.31 %),12100,194205000,109000,1749450000,7550456,21.45
09/03/2023,-48900,-804405000,16.45(2.17 %),15600,256620000,64500,1061025000,7611656,21.44
10/03/2023,5400,87480000,16.2(-1.82 %),7900,127980000,2500,40500000,7712756,21.44
13/03/2023,-19600,-311640000,15.9(-1.85 %),1000,15900000,20600,327540000,7732356,0.0
14/03/2023,-28800,-446400000,15.5(-2.52 %),5000,77500000,33800,523900000,7821456,21.43
15/03/2023,15000,240000000,16(3.23 %),15400,246400000,400,6400000,7780656,21.43
16/03/2023,-152200,-2381930000,15.65(-2.19 %),6500,101725000,158700,2483655000,7807956,21.43
17/03/2023,0,-2381930000,15.6(-0.64 %),0,101725000,0,2483655000,7808356,21.43
20/03/2023,-10300,-158105000,15.35(-1.60 %),2000,30700000,12300,188805000,7942056,21.42
21/03/2023,-19500,50550000,15.4(0.00 %),0,50550000,19500,0,7942056,21.42
22/03/2023,0,0,15.4(0.00 %),0,0,0,0,7942056,21.42
23/03/2023,500,7755000,15.6(1.30 %),800,12360000,300,4605000,7941556,21.42
24/03/2023,8200,128575000,15.8(1.28 %),10100,158575000,1900,30000000,7933356,21.42
27/03/2023,1300,20475000,15.75(-0.32 %),2500,39375000,1200,18900000,7932056,0.0
28/03/2023,-1400,-22120000,15.8(0.00 %),500,7900000,1900,30020000,7933456,21.42
29/03/2023,161052,2617095000,16.25(2.85 %),161052,2617095000,0,0,7802284,21.43
30/03/2023,99900,1618380000,16.2(-0.61 %),102600,1662120000,2700,43740000,7701584,21.44
31/03/2023,134400,2231040000,16.6(2.47 %),137400,2280840000,3000,49800000,7564184,21.45
03/04/2023,215400,3618720000,16.8(1.20 %),315900,5307120000,100500,1688400000,7250984,21.47
04/04/2023,-24900,-417075000,16.75(-0.30 %),30600,512550000,55500,929625000,7223384,21.47
05/04/2023,178400,2988200000,16.75(-0.30 %),326400,5467200000,148000,2479000000,6997484,21.49
06/04/2023,-26110,-428204000,16.4(-2.38 %),314200,5152880000,340310,5581084000,6938784,21.49
07/04/2023,-151800,-2565420000,16.9(3.05 %),13700,231530000,165500,2796950000,7073084,21.48
10/04/2023,-256100,-4328090000,16.9(0.00 %),85900,1451710000,342000,5779800000,7127494,21.48
11/04/2023,-109700,-1853930000,16.9(0.00 %),11700,197730000,121400,2051660000,7281294,21.47
12/04/2023,-128300,-2129780000,16.6(-1.78 %),6300,104580000,134600,2234360000,7617494,21.44
13/04/2023,-370300,-6146980000,16.6(0.00 %),11400,189240000,381700,6336220000,7739194,21.44
14/04/2023,-754300,-12445950000,16.5(-0.60 %),27800,458700000,782100,12904650000,7852294,21.43
17/04/2023,-108400,-1777760000,16.4(-0.61 %),24800,406720000,133200,2184480000,8209194,21.4
18/04/2023,-88100,-1449245000,16.45(0.30 %),15000,246750000,103100,1695995000,8976294,21.34
19/04/2023,-144300,-2337660000,16.2(-1.82 %),0,0,144300,2337660000,9117594,21.33
20/04/2023,26400,425425000,16.4(1.23 %),51900,841135000,25500,415710000,9091194,21.34
21/04/2023,-79600,-1297480000,16.3(-0.61 %),13400,218420000,93000,1515900000,9299694,21.32
24/04/2023,-145300,-2361125000,16.25(-0.31 %),15500,251875000,160800,2613000000,9309744,21.32
25/04/2023,-89900,-1451885000,16.15(-0.92 %),600,9690000,90500,1461575000,9298844,21.32
26/04/2023,-1900,-30400000,16(-1.23 %),150700,2411200000,152600,2441600000,9308944,21.32
27/04/2023,21300,346970000,16.05(0.31 %),154400,2498310000,133100,2151340000,9287644,21.32
28/04/2023,-51900,-831120000,15.65(-2.49 %),2400,38730000,54300,869850000,9339544,21.32
04/05/2023,-120800,-1919470000,15.75(0.64 %),2300,36570000,123100,1956040000,9395244,21.31
05/05/2023,-95100,-1502305000,15.75(0.00 %),5800,91390000,100900,1593695000,9574496,21.3
08/05/2023,-143000,-2263940000,15.95(1.27 %),3500,55825000,146500,2319765000,9694076,21.29
09/05/2023,-103300,-1645205000,15.85(-0.94 %),700,11095000,104000,1656300000,9775276,21.29
10/05/2023,-214900,-3443785000,16.25(2.20 %),5500,89075000,220400,3532860000,9990176,21.27
11/05/2023,-348000,-5757790000,16.5(1.23 %),23000,381365000,371000,6139155000,9981776,21.27
12/05/2023,-307800,-5052780000,16.5(0.00 %),26200,429610000,334000,5482390000,10160476,21.26
15/05/2023,-891000,-15205710000,17(3.03 %),22700,388270000,913700,15593980000,11051476,18.54
16/05/2023,-21200,-363215000,17.05(0.29 %),31800,542785000,53000,906000000,11072676,18.54
17/05/2023,-40900,-694510000,17(-0.29 %),11600,197970000,52500,892480000,11113576,18.54
18/05/2023,6300,109935000,17(0.00 %),96300,1641950000,90000,1532015000,11107276,18.54
19/05/2023,-78500,-1329605000,17(0.00 %),12500,212715000,91000,1542320000,11185776,18.53
22/05/2023,-39900,-680640000,17.2(1.18 %),22500,384960000,62400,1065600000,11225676,18.53
23/05/2023,-63200,-1081520000,17(-1.16 %),11500,196875000,74700,1278395000,11288876,18.52
24/05/2023,-67700,-1147935000,16.85(-0.88 %),16300,276315000,84000,1424250000,11356576,18.52
25/05/2023,-48300,-809015000,16.7(-0.89 %),24700,415900000,73000,1224915000,11404876,18.52
26/05/2023,15900,266325000,16.8(0.60 %),15900,266325000,0,0,11388976,18.52
29/05/2023,-57700,-973450000,16.95(0.89 %),38100,643365000,95800,1616815000,11446676,18.51
30/05/2023,-66600,-1128300000,17(0.29 %),12900,219000000,79500,1347300000,11513276,18.51
31/05/2023,-55600,-942740000,16.95(-0.29 %),4400,74630000,60000,1017370000,11568876,18.51
01/06/2023,-66800,-1138550000,18(6.19 %),53800,940265000,120600,2078815000,11984497,18.48
02/06/2023,659500,12130075000,18.45(2.50 %),740100,13616635000,80600,1486560000,11324997,18.52
05/06/2023,197100,3607780000,18.1(-1.90 %),293000,5359860000,95900,1752080000,11127897,18.53
06/06/2023,720500,13298320000,18.65(3.04 %),796700,14692305000,76200,1393985000,10407397,18.58
07/06/2023,-66500,-1224895000,18.45(-1.07 %),12500,230970000,79000,1455865000,10473897,18.58
08/06/2023,-41200,-757400000,18.3(-0.81 %),20800,382355000,62000,1139755000,10515097,18.57
09/06/2023,36600,670305000,18.5(1.09 %),103200,1893020000,66600,1222715000,10478497,18.58
12/06/2023,-107000,-1965625000,18.45(-0.27 %),71700,1325560000,178700,3291185000,10585497,18.57
13/06/2023,-44700,-821755000,18.4(-0.27 %),56300,1036635000,101000,1858390000,10630197,18.57
14/06/2023,-67100,-1256995000,18.55(0.82 %),35000,652205000,102100,1909200000,10697297,18.56
15/06/2023,-61100,-1126705000,18.45(-0.54 %),38900,719975000,100000,1846680000,10758397,18.56
16/06/2023,28600,535710000,18.45(-0.27 %),129600,2414080000,101000,1878370000,10629891,21.22
19/06/2023,-99800,-1836595000,18.35(-0.81 %),200,3685000,100000,1840280000,10748661,21.22
20/06/2023,-103000,-1884155000,18.3(-0.54 %),0,0,103000,1884155000,10851661,21.21
21/06/2023,-160500,-2925400000,18.3(0.00 %),0,0,160500,2925400000,11044640,21.19
22/06/2023,41300,764495000,18.55(1.37 %),41300,764495000,0,0,11003340,18.54
23/06/2023,-66700,-1245390000,18.6(0.00 %),35300,657390000,102000,1902780000,11070040,21.19
26/06/2023,-156100,-2907965000,18.8(1.08 %),28500,528970000,184600,3436935000,11207126,21.18
27/06/2023,-122800,-2301450000,18.7(-0.53 %),0,0,122800,2301450000,11329926,21.17
28/06/2023,-123700,-2296705000,18.5(-1.07 %),400,7480000,124100,2304185000,11453626,21.16
29/06/2023,-100600,-1859050000,18.35(-0.81 %),0,0,100600,1859050000,11554226,21.16
30/06/2023,-104100,-1908475000,18.3(-0.54 %),0,0,104100,1908475000,11658326,21.15
03/07/2023,-104500,-1908235000,18.35(0.27 %),2100,38490000,106600,1946725000,11702301,21.15
04/07/2023,5700,104365000,18.4(0.00 %),15700,288865000,10000,184500000,11696601,21.15
05/07/2023,-1600,-28910000,18.2(-1.09 %),21900,402615000,23500,431525000,11698201,21.15
06/07/2023,45000,815600000,18.05(-0.82 %),45000,815600000,0,0,11976901,21.13
07/07/2023,-420900,-7590920000,18.1(0.00 %),30600,551580000,451500,8142500000,11988801,21.12
10/07/2023,-440500,-8015610000,18.35(1.38 %),112500,2053985000,553000,10069595000,12429301,21.09
11/07/2023,50800,938750000,18.4(0.00 %),50800,938750000,0,0,12378501,21.1
12/07/2023,-11600,-212690000,18.4(0.00 %),400,7360000,12000,220050000,12390101,21.1
13/07/2023,76500,1410700000,18.5(0.54 %),76800,1416250000,300,5550000,12313601,21.1
14/07/2023,54300,1005460000,18.2(-1.62 %),55300,1023410000,1000,17950000,12723901,21.07
17/07/2023,17100,311795000,18.25(0.27 %),20000,364575000,2900,52780000,12706801,21.07
18/07/2023,-58400,-1063160000,18.35(0.27 %),41600,760835000,100000,1823995000,12765201,21.07
19/07/2023,-49300,-903000000,18.2(-1.09 %),52700,964750000,102000,1867750000,12656901,21.08
20/07/2023,-90400,-1636985000,18.1(-0.55 %),9600,173760000,100000,1810745000,12747301,21.07
21/07/2023,-74700,-1355625000,18.3(1.10 %),26700,487275000,101400,1842900000,12822001,21.06
24/07/2023,-112000,-2053805000,18.4(0.55 %),8800,162360000,120800,2216165000,12949801,21.05
25/07/2023,56100,1076415000,19.05(3.53 %),161400,3078230000,105300,2001815000,12889801,21.06
26/07/2023,-92600,-1749320000,18.9(-0.79 %),7400,139810000,100000,1889130000,12982401,21.05
27/07/2023,-89300,-1674960000,18.7(-1.06 %),18200,342810000,107500,2017770000,13071701,21.05
28/07/2023,183600,3455295000,18.85(0.80 %),283900,5337975000,100300,1882680000,12888101,21.06
31/07/2023,-1082600,-20852800000,19.1(1.06 %),162400,3113965000,1245000,23966765000,13970701,20.98
01/08/2023,-324800,-6234035000,18.95(-0.79 %),33500,642360000,358300,6876395000,12933551,21.06
02/08/2023,-140800,-2706080000,19.1(0.53 %),159900,3042335000,300700,5748415000,13074351,21.05
03/08/2023,-99900,-1894495000,18.8(-1.57 %),100,1890000,100000,1896385000,13174251,21.04
04/08/2023,32900,608280000,18.55(-1.33 %),98700,1843815000,65800,1235535000,14645601,20.93
07/08/2023,-57900,-1116805000,19.05(2.70 %),109600,2092195000,167500,3209000000,14703501,20.93
08/08/2023,-311200,-6037290000,19.25(1.05 %),211900,4103980000,523100,10141270000,15014701,20.9
09/08/2023,-262700,-5055570000,19.2(-0.26 %),14400,277225000,277100,5332795000,15277401,20.88
10/08/2023,-59900,-1118160000,19.55(1.82 %),95300,1878235000,155200,2996395000,15337301,20.88
11/08/2023,-38300,-749415000,19.8(1.28 %),200,3910000,38500,753325000,15375601,20.88
14/08/2023,16900,342945000,19.95(0.76 %),62800,1253075000,45900,910130000,15434497,20.87
15/08/2023,-287200,-5670090000,19.55(-2.25 %),3000,59850000,290200,5729940000,15469997,20.87
16/08/2023,-229400,-4471775000,19.6(0.00 %),70600,1378860000,300000,5850635000,15403297,20.88
17/08/2023,-322700,-6288455000,19.4(-1.02 %),4300,83850000,327000,6372305000,15725997,20.85
18/08/2023,-74000,-1399710000,18.2(-6.19 %),31300,580470000,105300,1980180000,15920097,20.84
21/08/2023,59100,1080255000,18.3(0.55 %),67400,1232015000,8300,151760000,16179707,20.82
22/08/2023,32500,602210000,18.35(0.27 %),85100,1555660000,52600,953450000,16171897,20.82
23/08/2023,-6700,-124435000,18.35(0.00 %),2900,53265000,9600,177700000,16151097,20.82
24/08/2023,-69900,-1283890000,18.5(0.82 %),15100,278335000,85000,1562225000,16220997,20.82
25/08/2023,-47000,-863735000,18.4(-0.54 %),0,0,47000,863735000,16163197,20.82
28/08/2023,-19900,-359490000,18.6(1.09 %),41200,759455000,61100,1118945000,16183097,20.82
29/08/2023,142600,2671350000,18.75(0.81 %),199000,3729710000,56400,1058360000,16026997,20.83
30/08/2023,-104400,-2012420000,19.3(2.93 %),14600,275440000,119000,2287860000,16131397,20.82
31/08/2023,-106700,-2065820000,19.6(1.55 %),22800,440200000,129500,2506020000,16107122,20.82
05/09/2023,-121200,-2424680000,20(2.04 %),185000,3717360000,306200,6142040000,16041122,20.83
06/09/2023,407700,8418315000,20.7(3.50 %),717600,14729610000,309900,6311295000,15633422,20.86
07/09/2023,566600,11942885000,21.2(2.42 %),669700,14114615000,103100,2171730000,15061522,20.9
08/09/2023,408300,8693570000,21.3(0.47 %),412500,8782240000,4200,88670000,14944922,20.91
11/09/2023,-77100,-1691890000,21.9(2.82 %),24600,543265000,101700,2235155000,15001422,20.9
12/09/2023,560100,12204260000,22(0.46 %),804400,17531465000,244300,5327205000,14201207,20.96
13/09/2023,55900,1254865000,22(0.00 %),291500,6485165000,235600,5230300000,13983407,20.98
14/09/2023,-15300,-343740000,21.8(-0.91 %),201900,4425070000,217200,4768810000,14025807,20.98
15/09/2023,-67600,-1475335000,21.7(-0.46 %),140900,3066340000,208500,4541675000,14120507,20.97
18/09/2023,0,0,21.3(-1.84 %),0,0,0,0,14120507,18.34
19/09/2023,844100,17882020000,20.9(-1.88 %),1063800,22548365000,219700,4666345000,12906207,14.04
20/09/2023,667800,9563945000,14.5(4.09 %),950900,13605520000,283100,4041575000,12238407,14.07
21/09/2023,1519700,22143265000,14.7(1.38 %),1739600,25340010000,219900,3196745000,10718707,14.15
22/09/2023,468500,6619915000,14.2(-3.40 %),670800,9491015000,202300,2871100000,10275307,21.25
25/09/2023,-69200,-994020000,13.45(-5.28 %),194100,2675100000,263300,3669120000,10301157,21.25
26/09/2023,638700,8597805000,13.45(0.00 %),713400,9602115000,74700,1004310000,9799057,21.28
27/09/2023,-83300,-1098620000,13.5(0.37 %),39800,527755000,123100,1626375000,9882357,14.19
28/09/2023,-124100,-1660290000,13.4(-0.74 %),12700,169055000,136800,1829345000,10006457,14.18
29/09/2023,-44400,-599455000,13.4(0.00 %),10000,135000000,54400,734455000,10225657,21.25
02/10/2023,247600,3361090000,13.65(1.87 %),303600,4122930000,56000,761840000,10058857,21.27
03/10/2023,-65000,-867455000,13(-4.76 %),50000,665695000,115000,1533150000,10063257,21.27
04/10/2023,2900,37690000,13.25(1.92 %),37900,496565000,35000,458875000,10060357,14.18
05/10/2023,-112600,-1484505000,12.95(-2.26 %),9800,128955000,122400,1613460000,10217557,21.25
06/10/2023,-35700,-466500000,13.25(2.32 %),15000,196480000,50700,662980000,10253257,16.53
09/10/2023,-103600,-1363660000,13.25(0.00 %),10400,137985000,114000,1501645000,10356857,16.53
10/10/2023,-66500,-885485000,13.25(0.00 %),23100,308150000,89600,1193635000,10389157,21.24
11/10/2023,-44400,-583370000,13.2(-0.38 %),37000,487175000,81400,1070545000,10466157,21.24
12/10/2023,-101100,-1334245000,13.1(-0.76 %),11200,147800000,112300,1482045000,10544557,21.23
13/10/2023,-96900,-1261740000,13(-0.76 %),8000,104320000,104900,1366060000,10641957,21.22
16/10/2023,-104900,-1354300000,12.8(-1.54 %),7200,93540000,112100,1447840000,10747057,21.22
17/10/2023,6900,81285000,12.6(-1.56 %),34900,441120000,28000,359835000,10817057,21.21
18/10/2023,1000,12645000,12.1(-3.97 %),42500,530380000,41500,517735000,10886657,21.21
19/10/2023,236100,2886150000,12.15(0.41 %),242400,2963015000,6300,76865000,10672257,21.22
20/10/2023,357400,4395440000,12.6(3.70 %),378100,4649915000,20700,254475000,10380657,21.24
23/10/2023,-100300,-1244990000,12.4(-1.59 %),76700,951965000,177000,2196955000,10310257,21.25
24/10/2023,-225800,-2929445000,13(4.84 %),52100,651795000,277900,3581240000,10536057,16.52
25/10/2023,-59700,-762960000,12.8(-1.54 %),396200,5167885000,455900,5930845000,10278857,21.25
26/10/2023,223300,2747570000,12.3(-3.91 %),318400,3925240000,95100,1177670000,10026157,21.27
27/10/2023,67500,828860000,12.5(1.63 %),124100,1530810000,56600,701950000,10383757,21.24
30/10/2023,97600,1239385000,12.55(0.40 %),221600,2801980000,124000,1562595000,10281257,21.25
31/10/2023,-385300,-4936080000,12.75(1.59 %),185600,2361230000,570900,7297310000,10161857,21.26
01/11/2023,-536100,-6864910000,12.8(0.39 %),93000,1186335000,629100,8051245000,10204857,21.26
02/11/2023,-770300,-9906160000,13.2(3.12 %),5800,74550000,776100,9980710000,10975157,16.49
03/11/2023,-615100,-8443605000,13.9(5.30 %),532000,7242460000,1147100,15686065000,11590257,16.46
06/11/2023,-1380200,-18901560000,13.65(-1.80 %),39900,548490000,1420100,19450050000,12970457,16.38
07/11/2023,-1037800,-13950980000,13.35(-2.20 %),5500,74585000,1043300,14025565000,14008257,16.32
08/11/2023,-830300,-11155635000,13.8(3.37 %),244600,3307460000,1074900,14463095000,13920334,20.98
09/11/2023,-700400,-9624890000,13.65(-1.09 %),526300,7218900000,1226700,16843790000,14937334,20.91
10/11/2023,865200,11796410000,13.75(0.73 %),1867400,25477530000,1002200,13681120000,14144834,20.97
13/11/2023,753200,10357540000,13.75(0.00 %),1975500,27149855000,1222300,16792315000,13432334,21.02
14/11/2023,-1020100,-14308150000,13.9(1.09 %),24100,333870000,1044200,14642020000,14411734,16.3
15/11/2023,1683200,23590790000,14(0.72 %),3348000,46848695000,1664800,23257905000,12728534,16.39
16/11/2023,0,0,14.1(0.71 %),0,0,0,0,12728534,18.43
17/11/2023,1192700,16623540000,13.8(-2.13 %),1601100,22355665000,408400,5732125000,11090334,21.19
20/11/2023,750600,10226215000,13.7(-0.72 %),873700,11912685000,123100,1686470000,11281634,21.18
21/11/2023,69800,957185000,13.8(0.73 %),905900,12428925000,836100,11471740000,10784193,21.21
22/11/2023,211000,2894215000,13.75(-0.36 %),1102700,15114735000,891700,12220520000,9804616,21.28
23/11/2023,1128800,15442125000,13.65(-0.73 %),1514800,20731100000,386000,5288975000,8675816,18.69
24/11/2023,765300,10177320000,13.55(-0.73 %),872300,11600510000,107000,1423190000,7910516,18.74
27/11/2023,532900,7154775000,13.35(-1.48 %),586800,7879580000,53900,724805000,7377616,18.77
28/11/2023,666900,8839445000,13.35(0.00 %),703100,9320475000,36200,481030000,6710716,18.82
29/11/2023,575000,7750905000,13.6(1.87 %),598000,8061810000,23000,310905000,6135716,18.85
30/11/2023,-45000,-606140000,13.35(-1.84 %),400,5400000,45400,611540000,6180716,18.85
01/12/2023,27800,372710000,13.35(0.00 %),118300,1579975000,90500,1207265000,7851191,18.74
04/12/2023,-41900,-561770000,13.55(1.50 %),9700,131410000,51600,693180000,7893091,18.74
05/12/2023,-65700,-894780000,13.65(0.74 %),22100,300645000,87800,1195425000,7958791,18.74
06/12/2023,1056700,14652800000,14(2.56 %),1093700,15164470000,37000,511670000,6902091,18.8
07/12/2023,2048500,28807320000,14.1(0.71 %),2077700,29218475000,29200,411155000,4853591,18.94
08/12/2023,644700,9111620000,14.1(0.00 %),1036300,14638340000,391600,5526720000,4208891,18.98
11/12/2023,-385400,-5305710000,13.9(-1.42 %),28400,395140000,413800,5700850000,4594291,18.95
12/12/2023,-21800,-298680000,13.9(0.00 %),4700,64910000,26500,363590000,4616091,18.95
13/12/2023,-46800,-645220000,13.65(-1.80 %),24000,330240000,70800,975460000,4662891,18.95
14/12/2023,145400,1981565000,13.55(-0.73 %),196100,2673770000,50700,692205000,4517491,18.96
15/12/2023,-174500,-2338640000,13.4(-1.11 %),600,8040000,175100,2346680000,4691991,18.95
18/12/2023,-253000,-3349670000,13.15(-1.87 %),1500,19800000,254500,3369470000,4944991,18.93
19/12/2023,-180400,-2382105000,13.2(0.38 %),2400,31680000,182800,2413785000,5125391,18.92
20/12/2023,-122600,-1619590000,13.2(0.00 %),0,0,122600,1619590000,5247991,18.91
21/12/2023,-378600,-4983260000,13.25(0.38 %),0,0,378600,4983260000,5626591,18.89
22/12/2023,-286600,-3774405000,13.1(-1.13 %),37200,492900000,323800,4267305000,5913191,18.87
25/12/2023,-161900,-2131325000,13.2(0.76 %),64400,855455000,226300,2986780000,6075091,28.48
26/12/2023,-39400,-516925000,13.25(0.38 %),64800,862080000,104200,1379005000,6114491,28.48
27/12/2023,-46900,-621120000,13.3(0.38 %),16200,216270000,63100,837390000,6161391,28.47
28/12/2023,-47700,-629930000,13.3(0.00 %),98700,1315840000,146400,1945770000,6209091,28.47
29/12/2023,-153500,-2047480000,13.3(0.00 %),1100,14730000,154600,2062210000,6362591,28.46
02/01/2024,-54300,-729335000,13.45(1.13 %),32700,439540000,87000,1168875000,12753189,21.38
03/01/2024,479500,6532720000,13.85(2.97 %),513100,6992890000,33600,460170000,12159964,28.09
04/01/2024,171100,2419285000,14.05(1.44 %),257000,3625170000,85900,1205885000,11988864,28.1
05/01/2024,2973200,42107805000,14.25(1.42 %),3559300,50391710000,586100,8283905000,9015664,28.29
08/01/2024,3022300,43550025000,14.6(2.46 %),3613000,51976005000,590700,8425980000,5993364,28.49
09/01/2024,2155000,31434550000,14.5(-0.68 %),2286800,33357340000,131800,1922790000,3502239,21.83
10/01/2024,411600,5989300000,14.6(0.69 %),524800,7604650000,113200,1615350000,3586139,21.83
11/01/2024,3471100,51856925000,14.85(1.71 %),3586100,53577555000,115000,1720630000,30209,22.0
12/01/2024,-76400,-1150250000,14.9(0.34 %),30200,443940000,106600,1594190000,30209,28.87
15/01/2024,-22200,-354070000,15.3(2.68 %),64600,969380000,86800,1323450000,61014,22.0
16/01/2024,-16300,-228340000,15.1(-1.31 %),61000,939400000,77300,1167740000,52625,22.0
17/01/2024,-95300,-1420565000,14.85(-1.66 %),52600,802150000,147900,2222715000,32800,22.0
18/01/2024,14000,212005000,14.7(-1.01 %),32800,491885000,18800,279880000,150009,28.86
19/01/2024,72800,1090590000,15(2.04 %),77300,1157415000,4500,66825000,77209,28.86
22/01/2024,147900,2223995000,14.95(-0.33 %),147900,2223995000,0,0,-70691,28.87
23/01/2024,11600,175080000,14.85(-0.67 %),18800,282000000,7200,106920000,18800,28.87
24/01/2024,-158900,-2346405000,14.55(-2.02 %),4500,66375000,163400,2412780000,177700,28.86
25/01/2024,-27300,-396950000,14.6(0.34 %),0,0,27300,396950000,205000,28.85
26/01/2024,-5300,-77010000,14.6(0.00 %),7200,105840000,12500,182850000,210300,28.85
29/01/2024,-130100,-1904095000,14.75(1.03 %),3000,43900000,133100,1947995000,187700,21.99
30/01/2024,150400,2232895000,15.3(3.73 %),187700,2795615000,37300,562720000,12500,22.0
31/01/2024,-491100,-7363745000,14.85(-2.94 %),9100,136330000,500200,7500075000,136500,21.99
01/02/2024,-516900,-7617570000,14.8(-0.34 %),9700,143560000,526600,7761130000,136500,28.86
02/02/2024,-266750,-3895077500,14.5(-2.03 %),164150,2399467500,430900,6294545000,164150,21.99
05/02/2024,-150500,-2210165000,14.95(3.10 %),256000,3777740000,406500,5987905000,544050,28.83
06/02/2024,-174600,-2612690000,14.85(-0.67 %),4800,71760000,179400,2684450000,1196950,21.94
07/02/2024,-100900,-1504925000,15.1(1.68 %),55500,831575000,156400,2336500000,1547950,21.92
15/02/2024,1473300,23041545000,15.9(5.30 %),1547900,24211840000,74600,1170295000,131450,21.99
16/02/2024,-116300,-1842335000,15.7(-1.26 %),69500,1085805000,185800,2928140000,218350,21.99
19/02/2024,-164700,-2611630000,15.75(0.32 %),76000,1193140000,240700,3804770000,216950,21.99
20/02/2024,-1141212,-17734522200,15.55(-1.27 %),10000,155500000,1151212,17890022200,392750,21.98
21/02/2024,-545550,-8504120000,15.7(0.96 %),170200,2655290000,715750,11159410000,463250,21.98
22/02/2024,-176300,-2755220000,15.5(-1.27 %),103100,1612600000,279400,4367820000,463250,21.98
23/02/2024,374250,5915062500,15.2(-1.94 %),728500,11429015000,354250,5513952500,1715462,28.76
26/02/2024,-264000,-4014940000,15.1(-0.66 %),52900,796650000,316900,4811590000,1653112,21.92
27/02/2024,-212750,-3229347650,15.2(0.66 %),5500,83350000,218250,3312697650,2192212,28.73
28/02/2024,210350,3217255000,15.4(1.32 %),338100,5164970000,127750,1947715000,1981862,28.74
29/02/2024,-439050,-6702507500,15.15(-1.62 %),176800,2749095000,615850,9451602500,2016312,21.9
01/03/2024,-309400,-4680695000,15.15(0.00 %),400,6040000,309800,4686735000,2015912,28.74
04/03/2024,-220437,-3341089250,15.15(0.00 %),20200,306040000,240637,3647129250,2236349,28.72
05/03/2024,-245900,-3713775000,15.15(0.00 %),1000,15115000,246900,3728890000,3048112,21.85
06/03/2024,307400,4708000000,15.15(0.00 %),409400,6258830000,102000,1550830000,2174849,28.73
07/03/2024,-56700,-856170000,15.1(-0.33 %),1000,15100000,57700,871270000,2231549,28.73
08/03/2024,-319900,-4773370000,14.8(-1.99 %),11200,167075000,331100,4940445000,2551449,28.7
11/03/2024,-393200,-5741665000,14.5(-2.03 %),12200,177965000,405400,5919630000,2944649,28.68
12/03/2024,839800,12226760000,14.65(1.03 %),903900,13162050000,64100,935290000,2699649,21.87
13/03/2024,1127000,16668185000,15(2.39 %),1159800,17153510000,32800,485325000,1945149,21.91
14/03/2024,-101000,-1491900000,14.75(-1.67 %),92400,1366205000,193400,2858105000,2046149,28.74
15/03/2024,-700700,-10252340000,14.6(-1.02 %),8000,116800000,708700,10369140000,2746849,28.69
18/03/2024,-373600,-5088160000,14.7(0.68 %),889800,13076060000,1263400,18164220000,1245299,21.94
19/03/2024,-541900,-7782075000,14.25(-3.06 %),11400,162500000,553300,7944575000,1918599,21.91
20/03/2024,647300,9401760000,14.5(1.75 %),811000,11760250000,163700,2358490000,3015049,28.68
21/03/2024,2346600,34658590000,14.9(2.76 %),2370900,35017235000,24300,358645000,668449,28.83
22/03/2024,-277600,-4107970000,14.8(-0.67 %),354800,5254510000,632400,9362480000,946049,28.81
25/03/2024,-215400,-3171455000,14.65(-1.01 %),86000,1273575000,301400,4445030000,252599,21.99
26/03/2024,238600,3528240000,14.8(1.02 %),252500,3735090000,13900,206850000,1292549,28.79
27/03/2024,546700,8265990000,15(1.35 %),632400,9560060000,85700,1294070000,301400,21.99
28/03/2024,301400,4567435000,15.15(1.00 %),301400,4567435000,0,0,13900,22.0
29/03/2024,13900,209750000,14.95(-1.32 %),13900,209750000,0,0,85700,22.0
01/04/2024,63700,956230000,14.85(-0.67 %),85700,1283030000,22000,326800000,0,22.0
02/04/2024,-52800,-779290000,14.8(-0.34 %),0,0,52800,779290000,138500,28.86
03/04/2024,-362500,-5300410000,14.5(-2.03 %),0,0,362500,5300410000,22000,22.0
04/04/2024,-8900,-129880000,14.45(-0.34 %),22000,319715000,30900,449595000,509900,28.84
05/04/2024,-178600,-2563390000,14.4(-0.35 %),28800,415940000,207400,2979330000,362500,21.98
08/04/2024,359500,5178220000,14.4(0.00 %),362500,5221420000,3000,43200000,329000,28.85
09/04/2024,21100,302525000,14.6(1.39 %),22500,322965000,1400,20440000,307900,28.85
10/04/2024,206000,3012180000,14.65(0.34 %),211500,3092705000,5500,80525000,101900,28.86
11/04/2024,7300,105845000,14.6(-0.34 %),7300,105845000,0,0,1400,22.0
12/04/2024,800,11595000,14.85(1.71 %),1400,20500000,600,8905000,5500,22.0
15/04/2024,-451200,-6527520000,14.05(-5.39 %),4900,72710000,456100,6600230000,545000,28.83
16/04/2024,-516500,-7165755000,13.65(-2.85 %),600,8490000,517100,7174245000,1061500,28.8
17/04/2024,-381600,-5275095000,13.75(0.73 %),600,8240000,382200,5283335000,926600,28.81
19/04/2024,202300,2756390000,13.5(-1.82 %),315300,4293280000,113000,1536890000,724300,28.82
22/04/2024,0,-40000,13.75(1.85 %),800,10960000,800,11000000,978387,21.95
23/04/2024,-76900,-1044350000,13.5(-1.82 %),56800,770555000,133700,1814905000,1034587,21.95
24/04/2024,266300,3713655000,13.85(2.59 %),710800,9801975000,444500,6088320000,534900,28.83
25/04/2024,156500,2199675000,13.6(-1.81 %),324500,4501725000,168000,2302050000,378400,28.84
26/04/2024,-82300,-1121565000,13.65(0.37 %),103700,1410765000,186000,2532330000,474500,21.98
02/05/2024,-21500,-293450000,13.65(0.00 %),111500,1512270000,133000,1805720000,531000,21.97
03/05/2024,272000,3736995000,13.7(0.37 %),531000,7296640000,259000,3559645000,186000,21.99
06/05/2024,-128600,-1793985000,13.95(1.82 %),186000,2585000000,314600,4378985000,133000,21.99
07/05/2024,-100300,-1401910000,14.1(1.08 %),4400,61610000,104700,1463520000,3747,21.98
08/05/2024,-180500,-2517380000,14.05(-0.35 %),5800,81030000,186300,2598410000,683500,21.97
09/05/2024,-326500,-4548415000,14(-0.36 %),3700,51510000,330200,4599925000,784500,21.96
10/05/2024,-177300,-2469380000,13.9(-0.71 %),1700,23630000,179000,2493010000,969100,21.95
13/05/2024,-192200,-2660120000,13.85(-0.36 %),0,0,192200,2660120000,1299300,21.94
14/05/2024,-186300,-2583795000,13.8(-0.36 %),0,0,186300,2583795000,1494200,28.77
15/05/2024,700,7445000,13.85(0.36 %),133700,1853065000,133000,1845620000,1493500,28.77
16/05/2024,-54000,-733660000,14.5(4.69 %),453800,6492300000,507800,7225960000,1547500,28.77
17/05/2024,-63500,-921675000,14.5(0.00 %),217200,3145590000,280700,4067265000,1185150,21.94
20/05/2024,-382300,-5643545000,14.55(0.34 %),4000,58800000,386300,5702345000,1689087,21.92
21/05/2024,-288300,-4151320000,14.4(-1.03 %),50000,722500000,338300,4873820000,1919787,21.91
22/05/2024,-47700,-692250000,14.4(0.00 %),91200,1311980000,138900,2004230000,2214887,21.89
23/05/2024,3500,50225000,14.5(0.69 %),3700,53095000,200,2870000,2549537,21.88
24/05/2024,-205100,-2990820000,14.45(-0.34 %),18800,272150000,223900,3262970000,2476900,28.71
27/05/2024,-22000,-317080000,14.55(0.69 %),28000,404200000,50000,721280000,2641837,21.87
28/05/2024,-22900,-336430000,14.7(1.03 %),11200,164115000,34100,500545000,2854537,21.86
29/05/2024,-301800,-4424450000,14.5(-1.36 %),0,0,301800,4424450000,2904537,21.86
30/05/2024,-146900,-2134045000,14.65(1.03 %),53200,767400000,200100,2901445000,2885474,21.86
31/05/2024,-1200,-17910000,14.75(0.68 %),2400,35160000,3600,53070000,3184924,21.85
03/06/2024,848100,12896445000,15.3(3.73 %),1080300,16378255000,232200,3481810000,3184924,28.66
04/06/2024,-17500,-268280000,15.2(-0.65 %),4000,61150000,21500,329430000,3202424,28.66
05/06/2024,474000,7337290000,15.4(1.32 %),697700,10767445000,223700,3430155000,2728424,28.69
06/06/2024,38300,573355000,15.25(-0.97 %),265500,4056480000,227200,3483125000,1594899,21.92
07/06/2024,-132000,-2005740000,15.45(1.31 %),102500,1576165000,234500,3581905000,1716099,21.92
10/06/2024,-36900,-575020000,15.35(-0.65 %),165700,2547915000,202600,3122935000,1752999,28.76
11/06/2024,95138,1460406400,15.2(-0.98 %),253700,3887610000,158562,2427203600,1594899,21.92
12/06/2024,89400,1386975000,15.4(1.32 %),300000,4590000000,210600,3203025000,1660999,21.92
13/06/2024,0,0,15.6(1.30 %),0,0,0,0,158661,21.99
14/06/2024,-226500,-3503140000,15.2(-2.56 %),20000,308000000,246500,3811140000,349261,21.98
17/06/2024,306400,4645540000,14.9(-1.97 %),323900,4911810000,17500,266270000,269291,21.99
18/06/2024,80238,1199433750,14.9(0.00 %),81000,1210830000,762,11396250,434791,21.98
19/06/2024,105400,1563515000,14.8(-0.67 %),108700,1612700000,3300,49185000,314591,21.98
20/06/2024,10700,159190000,14.75(-0.34 %),17200,255885000,6500,96695000,300553,21.99
21/06/2024,108700,1584215000,14.5(-1.69 %),129600,1891770000,20900,307555000,174253,21.99
24/06/2024,64300,917750000,14.3(-1.38 %),174200,2508505000,109900,1590755000,6553,22.0
25/06/2024,-119100,-1730860000,14.55(1.75 %),6500,93515000,125600,1824375000,20953,22.0
26/06/2024,-4950,-71667500,14.3(-1.72 %),20900,299120000,25850,370787500,109953,21.99
27/06/2024,79800,1137950000,14.3(0.00 %),79900,1139380000,100,1430000,155653,21.99
28/06/2024,133400,1890470000,14.1(-1.40 %),155600,2205710000,22200,315240000,0,22.0
04/07/2024,-465900,-6765490000,14.45(0.35 %),11000,162000000,476900,6927490000,11000,0.0
05/07/2024,-211000,-3058730000,14.65(1.38 %),10000,145700000,221000,3204430000,222000,0.0
08/07/2024,-195900,-2839920000,14.65(0.00 %),4200,61530000,200100,2901450000,417900,0.0
09/07/2024,-84400,-1226120000,14.5(-1.02 %),123100,1788870000,207500,3014990000,502300,0.0
10/07/2024,-320700,-4666070000,14.65(1.03 %),0,0,320700,4666070000,823000,0.0
11/07/2024,-148900,-2172285000,14.55(-0.68 %),6100,88450000,155000,2260735000,971900,0.0
12/07/2024,-281900,-4090040000,14.45(-0.69 %),1000,14500000,282900,4104540000,1253800,0.0
15/07/2024,-185400,-2688265000,14.4(-0.35 %),600,8680000,186000,2696945000,1439200,0.0
16/07/2024,-397800,-5768100000,14.45(0.35 %),400,5800000,398200,5773900000,1837000,0.0
17/07/2024,-359800,-5239205000,14.5(0.35 %),51500,746835000,411300,5986040000,2196800,0.0
18/07/2024,-281100,-4084790000,14.55(0.34 %),60000,872500000,341100,4957290000,2477900,0.0
19/07/2024,-295000,-4295490000,15.1(3.78 %),815700,12342970000,1110700,16638460000,2772900,0.0
22/07/2024,-880200,-13257665000,15.2(0.66 %),15800,240120000,896000,13497785000,3653100,0.0
23/07/2024,-485500,-7277205000,14.5(-4.61 %),38800,559025000,524300,7836230000,4138600,0.0
24/07/2024,-338500,-4917935000,14.6(0.69 %),47600,690015000,386100,5607950000,4477100,0.0
25/07/2024,-435900,-6324440000,14.55(-0.34 %),1100,15950000,437000,6340390000,4913000,0.0
26/07/2024,-447000,-6508910000,14.8(1.72 %),17400,254425000,464400,6763335000,5360000,0.0
29/07/2024,-246000,-3645275000,14.9(0.68 %),1200,17800000,247200,3663075000,5606000,0.0
30/07/2024,-246000,-3645275000,14.8(-0.67 %),1200,17800000,247200,3663075000,5852000,0.0
31/07/2024,-399800,-5813295000,14.5(-2.03 %),13900,200975000,413700,6014270000,6251800,0.0
01/08/2024,21800,315075000,14.45(-0.34 %),53500,773995000,31700,458920000,7062237,0.0
02/08/2024,99700,1418820000,14.65(1.38 %),99800,1420265000,100,1445000,6962537,0.0
05/08/2024,-23000,-324565000,13.85(-5.46 %),15000,211200000,38000,535765000,6985537,0.0
06/08/2024,330800,4669205000,14.2(2.53 %),359400,5067730000,28600,398525000,6654737,0.0
07/08/2024,64700,915510000,14.25(0.35 %),75400,1066375000,10700,150865000,6590037,0.0
08/08/2024,-106900,-1523450000,14.3(0.35 %),43400,614110000,150300,2137560000,6696937,0.0
09/08/2024,-217200,-3143550000,14.45(1.05 %),54200,785615000,271400,3929165000,6914137,0.0
12/08/2024,-575800,-8350885000,14.55(0.69 %),0,0,575800,8350885000,7489937,0.0
13/08/2024,-372900,-5437745000,14.5(-0.34 %),400,5860000,373300,5443605000,7862837,0.0
14/08/2024,59600,866055000,14.55(0.34 %),488400,7093800000,428800,6227745000,7803237,0.0
15/08/2024,-147300,-2135550000,14.4(-1.03 %),0,0,147300,2135550000,7950537,0.0
16/08/2024,-568200,-8246880000,14.45(0.35 %),182900,2650970000,751100,10897850000,8518737,0.0
19/08/2024,-79000,-1148460000,14.5(0.35 %),57400,829540000,136400,1978000000,8597737,0.0
20/08/2024,-313400,-4545895000,14.45(-0.34 %),584100,8461280000,897500,13007175000,8911137,0.0
21/08/2024,-651200,-9421620000,14.5(0.35 %),128200,1855530000,779400,11277150000,9562337,0.0
22/08/2024,-2217400,-32240890000,14.5(0.00 %),56700,827720000,2274100,33068610000,11779737,0.0
23/08/2024,-1438100,-20887415000,14.5(0.00 %),88700,1288915000,1526800,22176330000,13217837,0.0
26/08/2024,-1225500,-17792690000,14.45(-0.34 %),12200,176645000,1237700,17969335000,14443337,0.0
27/08/2024,-1785800,-25618510000,14.25(-1.38 %),25000,360565000,1810800,25979075000,16229137,0.0
28/08/2024,-422500,-6049135000,14.35(0.70 %),78500,1122545000,501000,7171680000,16651637,0.0
29/08/2024,-217900,-2635965000,12(0.33 %),2200,26515000,220100,2662480000,16869537,0.0
30/08/2024,-49100,-592215000,11.9(-0.83 %),3000,35850000,52100,628065000,16918637,0.0
04/09/2024,-203100,-2381350000,11.75(-1.26 %),2500,29445000,205600,2410795000,17315047,0.0
05/09/2024,-558100,-6558620000,11.7(-0.43 %),9100,107030000,567200,6665650000,17873147,0.0
06/09/2024,-68000,-794240000,11.6(-0.85 %),100,1160000,68100,795400000,17941147,0.0
09/09/2024,-91300,-1059525000,11.6(0.00 %),0,0,91300,1059525000,18032447,0.0
10/09/2024,-23800,-275290000,11.5(-0.86 %),100,1155000,23900,276445000,18056247,0.0
11/09/2024,-1009500,-11451070000,11.3(-1.74 %),900,10270000,1010400,11461340000,19065747,0.0
12/09/2024,-55000,-626950000,11.4(0.88 %),0,0,55000,626950000,19120747,0.0
13/09/2024,-46100,-525400000,11.4(0.00 %),1000,11400000,47100,536800000,19166847,0.0
16/09/2024,-60000,-685840000,11.35(-0.44 %),27200,311600000,87200,997440000,19226847,0.0
17/09/2024,-100200,-1148755000,11.6(2.20 %),3800,43890000,104000,1192645000,19327047,0.0
18/09/2024,-75100,-869665000,11.6(0.00 %),30000,348000000,105100,1217665000,19402147,0.0
19/09/2024,-40000,-464250000,11.6(0.00 %),0,0,40000,464250000,19442147,0.0
20/09/2024,44100,513420000,11.65(0.43 %),158100,1843815000,114000,1330395000,19398047,0.0
23/09/2024,-38000,-439580000,11.55(-0.86 %),42800,494910000,80800,934490000,19436047,0.0
24/09/2024,-74300,-862015000,11.65(0.87 %),5700,65985000,80000,928000000,19510347,0.0
25/09/2024,-1676400,-19612055000,11.65(0.00 %),32100,377050000,1708500,19989105000,21186747,0.0
26/09/2024,-672700,-8099100000,12(3.00 %),271000,3197085000,943700,11296185000,21859447,0.0
27/09/2024,-1382700,-16783805000,12.05(0.42 %),51700,635785000,1434400,17419590000,23242147,0.0
30/09/2024,-1574300,-19071280000,12.1(0.41 %),1000,12150000,1575300,19083430000,24816447,0.0
01/10/2024,-764200,-9251285000,12.1(0.00 %),1300,15780000,765500,9267065000,22279555,0.0
02/10/2024,-293700,-3535545000,11.95(-1.24 %),187700,2247415000,481400,5782960000,22573255,0.0
03/10/2024,-4629800,-58588545000,12.75(6.69 %),0,0,4629800,58588545000,27203055,0.0
04/10/2024,-1069200,-13805090000,12.8(0.39 %),186200,2394125000,1255400,16199215000,28272255,0.0
07/10/2024,-2559800,-32356085000,12.55(-1.95 %),152600,1929260000,2712400,34285345000,30832055,0.0
08/10/2024,-2161500,-27445575000,12.55(0.00 %),225800,2858495000,2387300,30304070000,32993555,0.0
09/10/2024,-1000600,-12543340000,12.65(0.80 %),3000,37500000,1003600,12580840000,33994155,0.0
10/10/2024,-1014000,-12776895000,12.4(-1.98 %),259600,3259215000,1273600,16036110000,35008155,0.0
11/10/2024,-1441400,-17698545000,12.25(-1.21 %),72200,889955000,1513600,18588500000,36449555,0.0
14/10/2024,-834400,-10232955000,12.2(-0.41 %),54900,672630000,889300,10905585000,37283955,0.0
15/10/2024,-629100,-7755090000,12.25(0.41 %),195200,2401630000,824300,10156720000,37913055,0.0
16/10/2024,-207300,-2544865000,12.25(0.00 %),3300,40325000,210600,2585190000,38120355,0.0
17/10/2024,-1028500,-12599090000,12.35(0.82 %),77900,957225000,1106400,13556315000,39148855,0.0
18/10/2024,-1359500,-17007125000,12.35(0.00 %),1200,14880000,1360700,17022005000,40508355,0.0
21/10/2024,-777100,-9560040000,12.2(-1.21 %),30000,368500000,807100,9928540000,41285455,0.0
22/10/2024,-2042600,-24550545000,11.75(-3.69 %),15000,179580000,2057600,24730125000,43328055,0.0
23/10/2024,-188300,-2213800000,11.75(0.00 %),53500,631250000,241800,2845050000,43516355,0.0
24/10/2024,-743000,-8731455000,11.5(-2.13 %),57500,667120000,800500,9398575000,44259355,0.0
25/10/2024,-299000,-3445495000,11.4(-0.87 %),24600,283200000,323600,3728695000,44558355,0.0
28/10/2024,-22800,-262010000,11.5(0.88 %),14300,164450000,37100,426460000,44581155,0.0
29/10/2024,425200,4926510000,11.65(1.30 %),635300,7359385000,210100,2432875000,44155955,0.0
30/10/2024,-113600,-1302595000,11.55(-0.86 %),139300,1612350000,252900,2914945000,44269555,0.0
31/10/2024,-74000,-854730000,11.45(-0.87 %),300,3460000,74300,858190000,44343555,0.0
01/11/2024,436000,4866265000,11.15(-2.62 %),465400,5201065000,29400,334800000,51222169,0.0
04/11/2024,-2680600,-29253440000,10.85(-2.69 %),17300,188315000,2697900,29441755000,53902769,0.0
05/11/2024,-1276900,-13728560000,10.7(-1.38 %),7900,85285000,1284800,13813845000,55179669,0.0
06/11/2024,-1726100,-18575870000,10.8(0.93 %),278200,3002970000,2004300,21578840000,56905769,0.0
07/11/2024,-1913900,-20645030000,10.7(-0.93 %),86100,927830000,2000000,21572860000,58819669,0.0
08/11/2024,-1941700,-20694880000,10.6(-0.93 %),73300,779375000,2015000,21474255000,60761369,0.0
11/11/2024,-496700,-5227340000,10.55(-0.47 %),93900,988630000,590600,6215970000,61258069,0.0
12/11/2024,87500,946235000,10.75(1.90 %),129500,1397870000,42000,451635000,63456510,19.43
13/11/2024,55900,597030000,10.75(0.00 %),85100,909060000,29200,312030000,61114669,0.0
14/11/2024,-1145500,-12172940000,10.5(-2.33 %),32500,345995000,1178000,12518935000,62260169,0.0
15/11/2024,48400,496240000,10.35(-1.43 %),52200,536140000,3800,39900000,62211769,0.0
18/11/2024,247200,2582570000,10.5(1.45 %),286000,2989140000,38800,406570000,61964569,0.0
19/11/2024,6500,67750000,10.35(-1.43 %),7500,78250000,1000,10500000,61958069,0.0
20/11/2024,162600,1714575000,10.45(0.97 %),280100,2935900000,117500,1221325000,61795469,0.0
21/11/2024,-704800,-7349735000,10.45(0.00 %),97200,1011010000,802000,8360745000,62500269,0.0
22/11/2024,52400,547030000,10.4(-0.48 %),53400,557530000,1000,10500000,62447869,0.0
25/11/2024,112400,1177175000,10.4(0.00 %),115500,1209625000,3100,32450000,62122881,19.48
26/11/2024,247900,2605375000,10.55(1.44 %),249900,2626525000,2000,21150000,61813040,19.49
27/11/2024,-113500,-1192950000,10.5(-0.47 %),34500,361975000,148000,1554925000,61781640,19.49
28/11/2024,32700,343940000,10.5(0.00 %),32800,344990000,100,1050000,61750840,19.5
29/11/2024,-118400,-1267660000,10.75(2.38 %),86100,925075000,204500,2192735000,61812740,19.49
02/12/2024,-140300,-1506075000,10.75(0.00 %),60200,646150000,200500,2152225000,61752640,19.5
03/12/2024,103700,1117765000,10.8(0.47 %),142000,1527800000,38300,410035000,61815140,19.49
04/12/2024,33700,358660000,10.65(-1.39 %),50400,537775000,16700,179115000,61965300,19.49
05/12/2024,-341300,-3665500000,10.85(1.88 %),142500,1521705000,483800,5187205000,61861110,19.49
09/12/2024,-923700,-10156635000,11.1(2.30 %),45100,498110000,968800,10654745000,62015910,19.48
10/12/2024,-943900,-10467645000,11.2(0.90 %),21200,233715000,965100,10701360000,62529710,19.46
16/12/2024,-146700,-1596475000,10.9(0.00 %),30000,325000000,176700,1921475000,66772854,19.29
17/12/2024,-70400,-765650000,10.8(-0.92 %),20000,216500000,90400,982150000,68382054,19.23
18/12/2024,-150700,-1633110000,10.85(0.46 %),16000,172800000,166700,1805910000,68542754,19.22
19/12/2024,-272300,-2915730000,10.75(-0.92 %),4100,43820000,276400,2959550000,68629176,19.22
20/12/2024,-66400,-713080000,10.7(-0.47 %),155700,1668470000,222100,2381550000,68629164,19.22
24/12/2024,0,0,10.9(0.46 %),0,0,0,0,69048564,19.2
25/12/2024,90200,975450000,11(0.92 %),196900,2149690000,106700,1174240000,69044764,19.2
26/12/2024,-110800,-1218970000,10.9(-0.91 %),32000,351800000,142800,1570770000,69119044,19.2
27/12/2024,-436800,-4815820000,10.95(0.46 %),44000,484000000,480800,5299820000,69181744,19.19
30/12/2024,-133600,-1463540000,11(0.46 %),27500,298400000,161100,1761940000,69297044,19.19
31/12/2024,-167200,-1843350000,11.4(3.64 %),6800,74120000,174000,1917470000,69771044,19.17
02/01/2025,-543900,-6018900000,11.05(-3.07 %),37100,411810000,581000,6430710000,69895044,19.17
03/01/2025,-107700,-1177955000,10.85(-1.81 %),43100,470735000,150800,1648690000,70025944,19.16
06/01/2025,1400,12355000,10.7(-1.38 %),27100,292025000,25700,279670000,70579844,19.14
07/01/2025,151400,1613565000,10.65(-0.47 %),153300,1633895000,1900,20330000,70579844,19.14
08/01/2025,125200,1338475000,10.75(0.94 %),136000,1453495000,10800,115020000,70467044,19.14
09/01/2025,3100,33275000,10.7(-0.47 %),8100,86775000,5000,53500000,70460844,19.14
10/01/2025,-37600,-402620000,10.55(-1.40 %),3000,31800000,40600,434420000,70468644,19.14
13/01/2025,15700,160990000,10.45(-0.95 %),35700,371325000,20000,210335000,70437944,19.14
14/01/2025,-300,-3150000,10.45(0.00 %),0,0,300,3150000,70478544,19.14
15/01/2025,0,0,10.55(0.96 %),0,0,0,0,70498544,19.14
16/01/2025,-40900,-434505000,10.6(0.47 %),0,0,40900,434505000,70539444,0.0
17/01/2025,-15300,-163475000,10.65(0.47 %),4000,42700000,19300,206175000,70494844,19.14
20/01/2025,5000,53300000,10.6(-0.47 %),5000,53300000,0,0,70505744,19.14
21/01/2025,17900,190560000,10.75(1.42 %),19400,206610000,1500,16050000,70505644,19.14
22/01/2025,2000,21600000,10.8(0.47 %),2000,21600000,0,0,70503644,19.14
23/01/2025,37500,403750000,10.9(0.93 %),37900,408070000,400,4320000,70467244,19.14
24/01/2025,-879600,-9864820000,11.2(2.75 %),139800,1545670000,1019400,11410490000,70327444,19.15
03/02/2025,346100,3804435000,0(0.00 %),718800,7906795000,372700,4102360000,69609044,19.18
04/02/2025,-1179700,-13102530000,11.2(1.36 %),13200,147240000,1192900,13249770000,70615244,19.14
05/02/2025,-995200,-11256150000,11.4(1.79 %),51700,577495000,1046900,11833645000,70936244,19.12
06/02/2025,-335300,-3843600000,11.5(0.88 %),289800,3321900000,625100,7165500000,71918344,19.08
07/02/2025,173100,1998475000,11.5(0.00 %),1178000,13518700000,1004900,11520225000,61093158,19.52
10/02/2025,142700,1617715000,11.35(-1.30 %),218900,2490205000,76200,872490000,57499448,19.67
11/02/2025,-152800,-1740225000,11.4(0.44 %),375600,4285210000,528400,6025435000,58128748,19.64
12/02/2025,-692300,-7892220000,11.4(0.00 %),0,0,692300,7892220000,58205008,19.64
13/02/2025,-160200,-1812510000,11.25(-1.32 %),3500,39700000,163700,1852210000,56882208,19.69
14/02/2025,451800,5148715000,11.4(1.33 %),806800,9180090000,355000,4031375000,55440408,19.75
17/02/2025,371000,4249035000,11.45(0.44 %),468600,5361750000,97600,1112715000,55105508,19.77
18/02/2025,65300,732140000,11.6(1.31 %),318600,3674315000,253300,2942175000,55112908,19.76
19/02/2025,2197100,25815575000,11.8(1.72 %),2547000,29925575000,349900,4110000000,50797308,19.94
20/02/2025,-822400,-9639560000,11.6(-1.69 %),2000,23450000,824400,9663010000,49414608,20.0
21/02/2025,-417200,-4825355000,11.55(-0.43 %),85700,990415000,502900,5815770000,49644808,19.99
24/02/2025,-276400,-3184055000,11.45(-0.87 %),235200,2715375000,511600,5899430000,50200008,19.96
25/02/2025,-438200,-5036970000,11.45(0.00 %),127700,1468525000,565900,6505495000,50562208,19.95
26/02/2025,-694100,-7940135000,11.35(-0.87 %),600,6820000,694700,7946955000,51039208,19.93
27/02/2025,-523700,-5944245000,11.35(0.00 %),500,5675000,524200,5949920000,51604608,19.91
28/02/2025,-654500,-7380420000,11.25(-0.88 %),9800,110715000,664300,7491135000,52289508,19.88
03/03/2025,-476800,-5351505000,11.2(-0.44 %),220200,2477705000,697000,7829210000,52593508,19.87
04/03/2025,-417700,-4705380000,11.35(1.34 %),225300,2550310000,643000,7255690000,52998508,19.85
05/03/2025,-517700,-5881240000,11.3(-0.44 %),44000,501620000,561700,6382860000,53651508,19.82
06/03/2025,-342000,-3851400000,11.35(0.44 %),161300,1819220000,503300,5670620000,54116208,19.81
07/03/2025,221100,2599845000,11.45(0.88 %),1341500,15424430000,1120400,12824585000,53323408,19.84
10/03/2025,-121300,-1382030000,11.45(0.00 %),878700,10076045000,1000000,11458075000,52931008,19.85
11/03/2025,-743400,-8396900000,11.35(-0.87 %),277900,3148285000,1021300,11545185000,52931008,19.85
12/03/2025,-910200,-10207780000,11.2(-1.32 %),90900,1022415000,1001100,11230195000,54665608,19.78
13/03/2025,-794500,-8824010000,11(-1.79 %),363500,4057470000,1158000,12881480000,55306408,19.76
14/03/2025,89900,1000250000,11.15(1.36 %),106900,1189055000,17000,188805000,56184008,19.72
17/03/2025,-1220600,-13931205000,11.45(2.69 %),289700,3311530000,1510300,17242735000,57035208,19.69
18/03/2025,-361800,-4080920000,11.3(-1.31 %),659300,7480545000,1021100,11561465000,56386008,19.71
19/03/2025,123700,1392575000,11.25(-0.44 %),124100,1397055000,400,4480000,57772208,19.66
20/03/2025,-328000,-3667985000,11.15(-0.89 %),65200,736335000,393200,4404320000,58728786,19.62
21/03/2025,-1317200,-14613010000,11(-1.35 %),21000,232060000,1338200,14845070000,58708286,19.62
24/03/2025,-197700,-2197385000,11.15(1.36 %),72000,795415000,269700,2992800000,59029486,19.61
25/03/2025,75700,848995000,11.2(0.45 %),155300,1743545000,79600,894550000,60212886,19.56
26/03/2025,563200,6356075000,11.25(0.45 %),566400,6392235000,3200,36160000,59914786,19.57
27/03/2025,-61100,-682580000,11.2(-0.44 %),5500,61600000,66600,744180000,59954986,19.57
28/03/2025,-98600,-1097885000,11.1(-0.89 %),16100,178865000,114700,1276750000,59925086,19.57
31/03/2025,-248500,-2764070000,11.15(0.45 %),29500,327470000,278000,3091540000,59962186,19.57
01/04/2025,-1783300,-20257415000,11.3(1.35 %),103400,1168460000,1886700,21425875000,59973686,19.57
02/04/2025,-424400,-4764570000,11.3(0.00 %),1013900,11509930000,1438300,16274500000,59220786,19.6
03/04/2025,-3176000,-33579220000,10.55(-6.64 %),39200,420000000,3215200,33999220000,61022786,19.53
04/04/2025,-527600,-5316637000,10.25(-2.84 %),34900,353311000,562500,5669948000,62358186,19.47
08/04/2025,-1208700,-11791556000,9.54(-6.93 %),49800,489490000,1258500,12281046000,65388105,19.35
09/04/2025,199000,1879419000,9.58(0.42 %),417900,3973292000,218900,2093873000,65396705,19.35
10/04/2025,0,0,10.25(6.99 %),0,0,0,0,66473705,19.3
11/04/2025,-718600,-7390890000,10.75(4.88 %),236500,2472125000,955100,9863015000,66456144,19.3
14/04/2025,-129700,-1401945000,10.65(-0.93 %),1225500,13012255000,1355200,14414200000,65230644,19.35
15/04/2025,-83400,-869000000,10.55(-0.94 %),44400,463525000,127800,1332525000,66141344,19.32
16/04/2025,375100,3919205000,10.5(-0.47 %),1003100,10512550000,628000,6593345000,66493444,19.3
17/04/2025,-586600,-6120980000,10.5(0.00 %),163800,1710755000,750400,7831735000,66457444,19.3
18/04/2025,-2261800,-23792920000,10.6(0.95 %),198000,2080370000,2459800,25873290000,66887446,19.29
21/04/2025,-893900,-9393920000,10.5(-0.94 %),49700,521410000,943600,9915330000,67578796,19.26
22/04/2025,-1268600,-12995012000,10.45(-0.48 %),520800,5210274000,1789400,18205286000,69517796,19.18
23/04/2025,30700,318930000,10.55(0.96 %),128800,1352400000,98100,1033470000,70345596,19.15
24/04/2025,85000,895005000,10.5(-0.47 %),85000,895005000,0,0,72049996,19.08
25/04/2025,171800,1785515000,10.3(-1.90 %),200000,2078795000,28200,293280000,71948096,19.08
28/04/2025,165200,1713495000,10.4(0.97 %),173600,1800830000,8400,87335000,71774496,19.09
29/04/2025,185000,1926390000,10.4(0.00 %),185000,1926390000,0,0,71617696,19.1
05/05/2025,45000,-477610000,10.4(0.00 %),45000,468000000,0,945610000,71626096,19.1
06/05/2025,356900,3735010000,10.45(0.48 %),370900,3881410000,14000,146400000,71269196,19.11
07/05/2025,63200,660040000,10.5(0.48 %),63200,660040000,0,0,71251896,19.11
08/05/2025,120800,1268205000,10.5(0.00 %),125500,1317555000,4700,49350000,71131096,19.12
09/05/2025,615700,6489135000,10.55(0.48 %),634300,6684485000,18600,195350000,70515396,19.14
12/05/2025,8800,92760000,10.6(0.47 %),14500,153035000,5700,60275000,70506596,19.14
13/05/2025,396500,4230540000,10.75(1.42 %),490600,5242105000,94100,1011565000,70110096,19.16
14/05/2025,521300,5626325000,10.9(1.40 %),521300,5626325000,0,0,69588796,19.18
15/05/2025,430400,4359490000,11(0.92 %),430400,4731155000,0,371665000,69192196,19.19
16/05/2025,1603,-1930582300,10.85(-1.36 %),1603,17497700,0,1948080000,69192196,19.19
19/05/2025,134001,604880800,10.8(-0.46 %),134001,1457480800,0,852600000,69136495,19.2
20/05/2025,674900,7333590000,10.9(0.93 %),674900,7337940000,0,4350000,68638892,19.22
21/05/2025,61000,-524515000,10.85(-0.46 %),61000,667150000,0,1191665000,68638892,19.22
22/05/2025,14700,-1011845000,10.75(-0.92 %),14700,158760000,0,1170605000,68638892,19.22
23/05/2025,-75500,-807760000,10.7(-0.47 %),0,0,75500,807760000,68687692,19.21
26/05/2025,1427800,8271885000,10.85(1.40 %),1427800,15305970000,0,7034085000,68017292,19.24
27/05/2025,-421500,-4632425000,10.9(0.46 %),3000,32645000,424500,4665070000,68092792,19.24
28/05/2025,10600,-1092085000,10.85(-0.46 %),10600,115010000,0,1207095000,68092792,19.24
29/05/2025,79900,-206296000,10.8(-0.46 %),79900,863030000,0,1069326000,68514221,19.22
30/05/2025,63121,-8143479600,10.6(-1.85 %),63121,672471800,0,8815951400,68614621,19.22
02/06/2025,1735500,16290108600,10.95(3.30 %),1735500,18893160000,0,2603051400,67140563,19.28
03/06/2025,137900,-369840000,10.95(0.00 %),137900,1516900000,0,1886740000,67901444,19.25
04/06/2025,155701,1069971000,10.9(-0.46 %),155701,1704901000,0,634930000,67803743,19.25
05/06/2025,1300,-1655776800,10.85(-0.46 %),1300,14170000,0,1669946800,67847743,19.25
06/06/2025,900,-1158080000,10.75(-0.92 %),900,9730000,0,1167810000,67847743,19.25
09/06/2025,1243700,12250700000,10.75(0.00 %),1243700,13369775000,0,1119075000,66860745,19.29
10/06/2025,2785009,29593084450,11(2.33 %),2785009,30524834450,0,931750000,64267796,19.39
11/06/2025,-194600,-2132310000,10.9(-0.91 %),8000,87600000,202600,2219910000,64267796,19.39
12/06/2025,1929400,21596295000,11.45(5.05 %),2299200,25732700000,369800,4136405000,62338396,19.47
13/06/2025,208200,2334290000,11.3(-1.31 %),419700,4718000000,211500,2383710000,62324863,19.47
16/06/2025,-810200,-9236795000,11.45(1.33 %),153200,1749620000,963400,10986415000,62324863,19.47
17/06/2025,-482200,-5563990000,11.7(2.18 %),541900,6290265000,1024100,11854255000,62324863,19.47
18/06/2025,-979700,-11482100000,11.65(-0.43 %),11100,130980000,990800,11613080000,63135063,19.44
19/06/2025,130600,1515790000,11.65(0.00 %),145700,1691395000,15100,175605000,63486663,19.43
20/06/2025,-370800,-4388790000,11.6(-0.43 %),338000,3962765000,708800,8351555000,64466363,19.39
23/06/2025,1239900,14661905000,11.9(2.59 %),1570300,18487945000,330400,3826040000,63226463,19.44
24/06/2025,-323300,-3862735000,11.85(-0.42 %),14700,175715000,338000,4038450000,63597263,19.42
25/06/2025,206100,2445870000,11.8(-0.42 %),300500,3571400000,94400,1125530000,63394853,19.43
26/06/2025,119200,1390170000,11.7(-0.85 %),438600,5150915000,319400,3760745000,63599903,19.42
27/06/2025,776400,9199245000,11.7(0.00 %),778800,9227655000,2400,28410000,62823503,19.45
30/06/2025,-400400,-4691965000,11.7(0.00 %),4700,55015000,405100,4746980000,62823503,19.45
01/07/2025,630900,7430200000,11.8(0.85 %),709700,8354660000,78800,924460000,62192603,19.48
02/07/2025,-572900,-6872015000,11.95(1.27 %),364800,4374960000,937700,11246975000,62593003,19.46
03/07/2025,-447200,-5352915000,12(0.42 %),78000,935350000,525200,6288265000,62593003,19.46
04/07/2025,448500,5399350000,12.1(0.83 %),598500,7206850000,150000,1807500000,62717402,19.46
07/07/2025,-156800,-1933120000,12.4(2.48 %),304500,3734690000,461300,5667810000,63164602,19.44
08/07/2025,-961400,-11895085000,12.35(-0.40 %),2800,34300000,964200,11929385000,63164602,19.44
09/07/2025,532100,6698950000,12.7(2.83 %),835400,10551175000,303300,3852225000,62771742,19.45
10/07/2025,-251900,-3227220000,12.8(0.79 %),377300,4807935000,629200,8035155000,62771742,19.45
11/07/2025,-30500,-397280000,12.75(-0.39 %),123600,1569810000,154100,1967090000,63733142,19.42
14/07/2025,2078200,26865415000,13.1(2.75 %),2194100,28366850000,115900,1501435000,61906841,19.49
15/07/2025,1040000,13844205000,13.5(3.05 %),1257400,16705435000,217400,2861230000,60897421,19.53
16/07/2025,395600,5322615000,13.6(0.74 %),706000,9484345000,310400,4161730000,60474821,19.55
17/07/2025,-35800,-420965000,12.4(-3.88 %),1873400,23768400000,1909200,24189365000,60474821,19.55
18/07/2025,692500,8393205000,12.2(-1.61 %),998800,12177020000,306300,3783815000,59775321,19.58
21/07/2025,137400,1677470000,12.15(-0.41 %),493700,6065485000,356300,4388015000,59668121,19.58
22/07/2025,342700,4158500000,12.2(0.41 %),527100,6399485000,184400,2240985000,59325421,19.59
23/07/2025,86300,1053640000,12.25(0.41 %),578500,7114855000,492200,6061215000,59239135,19.6
24/07/2025,1808100,22684110000,12.95(5.71 %),2962800,37531485000,1154700,14847375000,57431035,19.67
25/07/2025,79600,1030175000,12.95(0.00 %),420600,5446355000,341000,4416180000,57351455,19.67
28/07/2025,3977500,53902615000,13.85(6.95 %),4253400,57610600000,275900,3707985000,53369155,19.84
29/07/2025,-371200,-4734735000,12.9(-6.86 %),1817600,24284720000,2188800,29019455000,53366355,19.84
30/07/2025,910300,11773715000,13.3(3.10 %),1446100,18824300000,535800,7050585000,52456055,19.87
31/07/2025,-1136600,-14990840000,13.15(-1.13 %),611600,7973460000,1748200,22964300000,52827255,19.86
01/08/2025,-1080000,-13974920000,12.7(-3.42 %),649800,8384620000,1729800,22359540000,52827255,19.86
04/08/2025,628300,8223205000,13.35(5.12 %),988400,12899945000,360100,4676740000,53335588,19.84
05/08/2025,-1583500,-21431815000,13.2(-1.12 %),470100,6392275000,2053600,27824090000,54415588,19.79
06/08/2025,-149100,-1997350000,13.3(0.76 %),189300,2526490000,338400,4523840000,54415588,19.79
07/08/2025,-59200,-753925000,13.6(2.26 %),541400,7326485000,600600,8080410000,55997488,19.73
08/08/2025,-2810200,-36549445000,13(3.17 %),27600,364180000,2837800,36913625000,56146588,19.72
11/08/2025,2132900,27646375000,12.95(-0.38 %),3150500,40842695000,1017600,13196320000,54069720,19.81
12/08/2025,-728000,-9410685000,12.8(-1.16 %),153800,1976650000,881800,11387335000,56878315,19.69
13/08/2025,229100,2901845000,12.7(-0.78 %),352900,4481430000,123800,1579585000,56649215,19.7
14/08/2025,1475100,19212325000,13.2(3.94 %),1485900,19351970000,10800,139645000,55902115,19.73
15/08/2025,-481300,-6337895000,13(-1.52 %),185700,2404130000,667000,8742025000,55899815,19.73
18/08/2025,-412600,-5307625000,12.75(-1.92 %),83000,1056615000,495600,6364240000,55899815,19.73
19/08/2025,-959700,-12293355000,12.8(0.39 %),226200,2895960000,1185900,15189315000,56381115,19.71
20/08/2025,2189800,28919830000,13.65(6.64 %),3582400,47456660000,1392600,18536830000,54583275,19.79
21/08/2025,652200,9501385000,14.6(6.96 %),828300,12063285000,176100,2561900000,54888247,19.77
22/08/2025,970400,13750940000,14.55(-0.34 %),2227000,32358080000,1256600,18607140000,54888247,19.77
25/08/2025,-2967700,-41790840000,13.55(-6.87 %),401200,5597665000,3368900,47388505000,53917947,19.81
26/08/2025,-93600,-1454650000,0(-100.00 %),1176700,15515745000,1270300,16970395000,53914947,19.81
