Ngay,KLGDRong,GTDGRong,ThayDoi,KLMua,GtMua,KLBan,GtBan,RoomConLai,DangSoHuu
17/10/2006,10,500,0(0.00 %),10,500,0,0,0,0.0
18/10/2006,28350,1346625,0(0.00 %),28350,1346625,0,0,0,0.0
19/10/2006,29540,1417420,0(0.00 %),29540,1417420,0,0,0,0.0
20/10/2006,100,4850,0(0.00 %),100,4850,0,0,0,0.0
23/10/2006,34000,1644720,0(0.00 %),34000,1644720,0,0,0,0.0
24/10/2006,60100,2746700,0(0.00 %),60100,2746700,0,0,0,0.0
25/10/2006,1400,65550,0(0.00 %),1400,65550,0,0,0,0.0
26/10/2006,2100,94500,0(0.00 %),2100,94500,0,0,0,0.0
27/10/2006,700,31500,0(0.00 %),700,31500,0,0,0,0.0
30/10/2006,770,34650,0(0.00 %),770,34650,0,0,0,0.0
09/11/2006,-4000,-174400,0(0.00 %),0,0,4000,174400,0,0.0
10/11/2006,-3000,-129900,0(0.00 %),0,0,3000,129900,0,0.0
15/11/2006,100,4400,0(0.00 %),100,4400,0,0,0,0.0
16/11/2006,600,26100,0(0.00 %),600,26100,0,0,0,0.0
20/11/2006,650,28200,0(0.00 %),650,28200,0,0,0,0.0
21/11/2006,5650,234496,0(0.00 %),5650,234496,0,0,0,0.0
22/11/2006,-10000,-435000,0(0.00 %),0,0,10000,435000,0,0.0
23/11/2006,-8000,-334400,0(0.00 %),0,0,8000,334400,0,0.0
28/11/2006,10000,431000,0(0.00 %),10000,431000,0,0,0,0.0
29/11/2006,8000,342780,0(0.00 %),8000,342780,0,0,0,0.0
04/12/2006,-2000,-85000,0(0.00 %),0,0,2000,85000,0,0.0
05/12/2006,-1530,-63495,0(0.00 %),0,0,1530,63495,0,0.0
06/12/2006,-5700,-236550,0(0.00 %),0,0,5700,236550,0,0.0
07/12/2006,-4770,-197570,0(0.00 %),0,0,4770,197570,0,0.0
08/12/2006,2000,88000,0(0.00 %),2000,88000,0,0,0,0.0
11/12/2006,1040,46220,0(0.00 %),1040,46220,0,0,0,0.0
12/12/2006,2000,84000,0(0.00 %),2000,84000,0,0,0,0.0
13/12/2006,3100,131750,0(0.00 %),3100,131750,0,0,0,0.0
15/12/2006,-11340,-478950,0(0.00 %),0,0,11340,478950,0,0.0
18/12/2006,5000,215000,0(0.00 %),5000,215000,0,0,0,0.0
19/12/2006,-180,-7750,0(0.00 %),320,13600,500,21350,0,0.0
20/12/2006,-5960,-244470,42(-1.18 %),540,22680,6500,267150,0,0.0
21/12/2006,300,12300,39.9(-5.00 %),300,12300,0,0,0,0.0
22/12/2006,11000,458700,41.7(4.51 %),11000,458700,0,0,0,0.0
26/12/2006,1000,42800,42.8(-0.47 %),1000,42800,0,0,0,0.0
27/12/2006,400,16880,42(-1.87 %),400,16880,0,0,0,0.0
28/12/2006,1000,40100,41(-2.38 %),1000,40100,0,0,0,0.0
29/12/2006,4600,197540,43(4.88 %),4600,197540,0,0,0,0.0
01/03/2007,-5000,-236500000,47.3(4.88 %),0,0,5000,236500000,0,0.0
02/03/2007,-8000,-396800000,49.6(4.86 %),0,0,8000,396800000,0,0.0
05/03/2007,-9000,-468000000,52(4.84 %),0,0,9000,468000000,0,0.0
06/03/2007,0,0,54.5(4.81 %),0,0,0,0,0,0.0
07/03/2007,0,0,57(4.59 %),0,0,0,0,0,0.0
08/03/2007,-51000,-3034500000,59.5(4.39 %),0,0,51000,3034500000,0,0.0
09/03/2007,0,-13670000,61(2.52 %),10000,595000000,10000,608670000,0,0.0
12/03/2007,-8000,-512000000,63.5(4.10 %),167000,10688000000,175000,11200000000,0,0.0
13/03/2007,-38200,-2540300000,66.5(4.72 %),0,0,38200,2540300000,0,0.0
14/03/2007,-8500,-590750000,66(-0.75 %),1500,104250000,10000,695000000,0,0.0
15/03/2007,900,56700000,63(-4.55 %),900,56700000,0,0,0,0.0
16/03/2007,-15760,-1040160000,66(4.76 %),0,0,15760,1040160000,0,0.0
19/03/2007,70,4480000,64(-3.03 %),16011,1072527000,15941,1068047000,0,0.0
20/03/2007,-830,-54780000,66(3.12 %),170,11220000,1000,66000000,0,0.0
21/03/2007,190,11970000,63(-4.55 %),190,11970000,0,0,0,0.0
22/03/2007,0,0,60(-4.76 %),0,0,0,0,0,0.0
23/03/2007,-10000,-570000000,57(-5.00 %),0,0,10000,570000000,0,0.0
26/03/2007,0,0,54.5(-4.39 %),0,0,0,0,0,0.0
27/03/2007,0,0,52(-4.59 %),0,0,0,0,0,0.0
28/03/2007,1000,50000000,49.4(-5.00 %),1000,50000000,0,0,0,0.0
29/03/2007,-2990,-148005000,51.5(4.25 %),10,495000,3000,148500000,0,0.0
30/03/2007,100,5400000,51(-0.97 %),100,5400000,0,0,0,0.0
02/04/2007,100,4850000,48.5(-4.90 %),100,4850000,0,0,0,0.0
03/04/2007,0,0,46.1(-4.95 %),0,0,0,0,0,0.0
04/04/2007,-470,-21855000,46.5(0.87 %),0,0,470,21855000,0,0.0
05/04/2007,0,0,47.2(1.51 %),0,0,0,0,0,0.0
06/04/2007,3000,141600000,46.9(-0.64 %),3000,141600000,0,0,0,0.0
09/04/2007,50,2250000,45(-4.05 %),50,2250000,0,0,0,0.0
10/04/2007,0,0,44.5(-1.11 %),0,0,0,0,0,0.0
11/04/2007,-50,-2225000,45.4(2.02 %),0,0,50,2225000,0,0.0
12/04/2007,0,0,45(-0.88 %),0,0,0,0,0,0.0
13/04/2007,200,8840000,43.6(-3.11 %),200,8840000,0,0,0,0.0
16/04/2007,0,0,41.5(-4.82 %),0,0,0,0,0,0.0
17/04/2007,0,-930000,43(3.61 %),600,24870000,600,25800000,0,0.0
18/04/2007,1000,45000000,45.1(4.88 %),1000,45000000,0,0,0,0.0
19/04/2007,15000,678000000,45.2(0.22 %),15000,678000000,0,0,0,0.0
20/04/2007,2000,90000000,45(-0.44 %),2000,90000000,0,0,0,0.0
23/04/2007,0,0,43(-4.44 %),0,0,0,0,0,0.0
24/04/2007,0,0,41.5(-3.49 %),0,0,0,0,0,0.0
25/04/2007,0,0,42.6(2.65 %),0,0,0,0,0,0.0
02/05/2007,10000,443600000,44.4(4.23 %),10000,443600000,0,0,0,0.0
03/05/2007,-500,-22500000,43.5(-2.03 %),0,0,500,22500000,0,0.0
04/05/2007,500,21000000,42(-3.45 %),500,21000000,0,0,0,0.0
07/05/2007,0,0,42.5(1.19 %),0,0,0,0,0,0.0
08/05/2007,0,0,43.5(2.35 %),0,0,0,0,0,0.0
09/05/2007,600,25800000,43(-1.15 %),600,25800000,0,0,0,0.0
10/05/2007,0,0,43(0.00 %),0,0,0,0,0,0.0
11/05/2007,500,21750000,43.5(1.16 %),500,21750000,0,0,0,0.0
14/05/2007,0,0,44(1.15 %),0,0,0,0,0,0.0
15/05/2007,0,0,44(0.00 %),0,0,0,0,0,0.0
16/05/2007,0,0,43(-2.27 %),0,0,0,0,0,0.0
17/05/2007,90,3870000,43.2(0.47 %),90,3870000,0,0,0,0.0
18/05/2007,0,0,44(1.85 %),0,0,0,0,0,0.0
21/05/2007,300,13620000,46.2(5.00 %),300,13620000,0,0,0,0.0
22/05/2007,-200,-9700000,48.5(4.98 %),0,0,200,9700000,0,0.0
23/05/2007,0,0,50.5(4.12 %),0,0,0,0,0,0.0
24/05/2007,0,0,52(2.97 %),100,5300000,100,5300000,0,0.0
25/05/2007,1000,53000000,53(1.92 %),1000,53000000,0,0,0,0.0
28/05/2007,1500,82000000,54(1.89 %),2000,109000000,500,27000000,0,0.0
29/05/2007,200,9150000,54.5(0.93 %),700,36400000,500,27250000,0,0.0
30/05/2007,4600,250900000,54(-0.92 %),5100,277900000,500,27000000,0,0.0
31/05/2007,4100,221200000,54(0.00 %),4100,221200000,0,0,0,0.0
01/06/2007,0,0,53(-1.85 %),0,0,0,0,0,0.0
04/06/2007,5000,265000000,53(0.00 %),5000,265000000,0,0,0,0.0
05/06/2007,-1000,-50500000,50.5(-4.72 %),0,0,1000,50500000,0,0.0
06/06/2007,0,0,51(0.99 %),0,0,0,0,0,0.0
07/06/2007,-3000,-154500000,51.5(0.98 %),0,0,3000,154500000,0,0.0
08/06/2007,30500,1570750000,51.5(0.00 %),31000,1596500000,500,25750000,0,0.0
11/06/2007,10000,515000000,51.5(0.00 %),10000,515000000,0,0,0,0.0
12/06/2007,14450,758625000,52.5(1.94 %),14450,758625000,0,0,0,0.0
13/06/2007,31000,1627500000,52.5(0.00 %),32000,1680000000,1000,52500000,0,0.0
14/06/2007,64900,3407350000,52.5(0.00 %),65000,3412500000,100,5150000,0,0.0
15/06/2007,59000,3097500000,52.5(0.00 %),60000,3150000000,1000,52500000,0,0.0
18/06/2007,0,0,52(-0.95 %),0,0,0,0,0,0.0
19/06/2007,51460,2799130000,54.5(4.81 %),51760,2815480000,300,16350000,0,0.0
20/06/2007,-2450,-128625000,52.5(-3.67 %),550,28875000,3000,157500000,0,0.0
21/06/2007,-730,-37960000,53(0.95 %),1270,66040000,2000,104000000,0,0.0
22/06/2007,0,0,52.5(-0.94 %),0,0,0,0,0,0.0
25/06/2007,200,10500000,52.5(0.00 %),200,10500000,0,0,0,0.0
26/06/2007,0,0,52.5(0.00 %),0,0,0,0,0,0.0
27/06/2007,0,0,51(-2.86 %),0,0,0,0,0,0.0
28/06/2007,350,17850000,51(0.00 %),450,22950000,100,5100000,0,0.0
29/06/2007,0,0,51(0.00 %),0,0,0,0,0,0.0
02/07/2007,7160,353172000,49.2(-1.80 %),7160,353172000,0,0,0,0.0
03/07/2007,0,0,51.5(4.67 %),0,0,0,0,0,0.0
04/07/2007,0,0,51.5(0.00 %),0,0,0,0,0,0.0
05/07/2007,0,0,50(-2.91 %),0,0,0,0,0,0.0
06/07/2007,100,5000000,51.5(3.00 %),100,5000000,0,0,0,0.0
09/07/2007,0,0,51.5(0.00 %),0,0,0,0,0,0.0
10/07/2007,-2000,-103000000,51.5(0.00 %),0,0,2000,103000000,0,0.0
11/07/2007,0,0,51.5(0.00 %),0,0,0,0,0,0.0
12/07/2007,0,0,50.5(-1.94 %),0,0,0,0,0,0.0
13/07/2007,0,0,51(0.99 %),0,0,0,0,0,0.0
16/07/2007,1470,75320000,51(0.00 %),1470,75320000,0,0,0,0.0
17/07/2007,-1570,-80070000,51(0.00 %),500,25500000,2070,105570000,0,0.0
18/07/2007,0,0,50(-1.96 %),0,0,0,0,0,0.0
19/07/2007,30,1500000,50.5(1.00 %),30,1500000,0,0,0,0.0
20/07/2007,-930,-46500000,50.5(0.00 %),0,0,930,46500000,0,0.0
23/07/2007,640,32640000,51.5(1.98 %),640,32640000,0,0,0,0.0
24/07/2007,660,33990000,50.5(-1.94 %),660,33990000,0,0,0,0.0
25/07/2007,300,15000000,50(-0.99 %),300,15000000,0,0,0,0.0
26/07/2007,0,0,49.1(-1.80 %),0,0,0,0,0,0.0
27/07/2007,250,10000000,40(-2.20 %),250,10000000,0,0,0,0.0
30/07/2007,0,0,39.5(-1.25 %),0,0,0,0,0,0.0
31/07/2007,400,15800000,39.5(0.00 %),400,15800000,0,0,0,0.0
01/08/2007,750,29625000,40(1.27 %),750,29625000,0,0,0,0.0
02/08/2007,0,0,39(-2.50 %),0,0,0,0,0,0.0
03/08/2007,0,0,38(-2.56 %),0,0,0,0,0,0.0
06/08/2007,0,0,39.5(3.95 %),0,0,0,0,0,0.0
07/08/2007,0,0,38(-3.80 %),0,0,0,0,0,0.0
08/08/2007,0,0,39(2.63 %),0,0,0,0,0,0.0
09/08/2007,0,0,39(0.00 %),0,0,0,0,0,0.0
10/08/2007,0,0,38.9(-0.26 %),0,0,0,0,0,0.0
13/08/2007,0,0,37.5(-3.60 %),0,0,0,0,0,0.0
14/08/2007,0,0,38.5(2.67 %),0,0,0,0,0,0.0
15/08/2007,0,0,38.4(-0.26 %),0,0,0,0,0,0.0
16/08/2007,0,0,37.1(-3.39 %),0,0,0,0,0,0.0
17/08/2007,0,0,37(-0.27 %),0,0,0,0,0,0.0
20/08/2007,0,0,37(0.00 %),0,0,0,0,0,0.0
21/08/2007,0,0,36.8(-0.54 %),0,0,0,0,0,0.0
22/08/2007,0,0,36.8(0.00 %),0,0,0,0,0,0.0
23/08/2007,0,0,38(3.26 %),0,0,0,0,0,0.0
24/08/2007,0,0,37.4(-1.58 %),0,0,0,0,0,0.0
27/08/2007,0,0,37(-1.07 %),0,0,0,0,0,0.0
28/08/2007,0,0,36.5(-1.35 %),0,0,0,0,0,0.0
29/08/2007,0,0,36.7(0.55 %),0,0,0,0,0,0.0
30/08/2007,0,0,36.8(0.27 %),0,0,0,0,0,0.0
31/08/2007,0,0,36.8(0.00 %),0,0,0,0,0,0.0
04/09/2007,0,0,37.9(2.99 %),0,0,0,0,0,0.0
05/09/2007,-1000,-37900000,37.5(-1.06 %),0,0,1000,37900000,0,0.0
06/09/2007,0,0,37.5(0.00 %),0,0,0,0,0,0.0
07/09/2007,0,0,38.5(2.67 %),0,0,0,0,0,0.0
10/09/2007,0,0,38.9(1.04 %),0,0,0,0,0,0.0
11/09/2007,0,0,40.5(4.11 %),0,0,0,0,0,0.0
12/09/2007,1000,42000000,41(1.23 %),1000,42000000,0,0,0,0.0
13/09/2007,0,0,39.5(-3.66 %),0,0,0,0,0,0.0
14/09/2007,0,0,39.5(0.00 %),0,0,0,0,0,0.0
17/09/2007,0,0,39.5(0.00 %),0,0,0,0,0,0.0
18/09/2007,0,0,39.4(-0.25 %),0,0,0,0,0,0.0
19/09/2007,0,0,40.5(2.79 %),0,0,0,0,0,0.0
20/09/2007,0,0,40(-1.23 %),0,0,0,0,0,0.0
21/09/2007,0,0,39.5(-1.25 %),0,0,0,0,0,0.0
24/09/2007,-5880,-230878000,39.3(-0.51 %),0,0,5880,230878000,0,0.0
25/09/2007,-120,-4860000,40.5(3.05 %),0,0,120,4860000,0,0.0
26/09/2007,0,0,41(1.23 %),0,0,0,0,0,0.0
27/09/2007,0,0,40.5(-1.22 %),0,0,0,0,0,0.0
28/09/2007,0,0,40.5(0.00 %),0,0,0,0,0,0.0
01/10/2007,0,0,42(3.70 %),0,0,0,0,0,0.0
02/10/2007,0,0,44(4.76 %),0,0,0,0,0,0.0
03/10/2007,0,0,46.2(5.00 %),0,0,0,0,0,0.0
04/10/2007,0,0,48.4(4.76 %),0,0,0,0,0,0.0
05/10/2007,0,0,46.2(-4.55 %),0,0,0,0,0,0.0
08/10/2007,0,0,44.1(-4.55 %),0,0,0,0,0,0.0
09/10/2007,0,0,44.5(0.91 %),0,0,0,0,0,0.0
10/10/2007,0,0,46.1(3.60 %),0,0,0,0,0,0.0
11/10/2007,0,0,44.9(-2.60 %),0,0,0,0,0,0.0
12/10/2007,0,0,45(0.22 %),0,0,0,0,0,0.0
15/10/2007,0,0,46.5(3.33 %),0,0,0,0,0,0.0
16/10/2007,0,0,46.8(0.65 %),0,0,0,0,0,0.0
17/10/2007,0,0,47(0.43 %),0,0,0,0,0,0.0
18/10/2007,0,0,45.6(-2.98 %),0,0,0,0,0,0.0
19/10/2007,0,0,44.6(-2.19 %),0,0,0,0,0,0.0
22/10/2007,0,0,44.5(-0.22 %),0,0,0,0,0,0.0
23/10/2007,0,0,43(-3.37 %),0,0,0,0,0,0.0
24/10/2007,0,0,43.2(0.47 %),0,0,0,0,0,0.0
25/10/2007,0,0,43.6(0.93 %),0,0,0,0,0,0.0
26/10/2007,0,0,43(-1.38 %),0,0,0,0,0,0.0
29/10/2007,-210,-9009000,42(-2.33 %),0,0,210,9009000,0,0.0
30/10/2007,-1690,-70575000,41(-2.38 %),0,0,1690,70575000,0,0.0
31/10/2007,0,0,43(4.88 %),0,0,0,0,0,0.0
01/11/2007,-10,-435000,43(0.00 %),0,0,10,435000,0,0.0
02/11/2007,0,0,42.9(-0.23 %),0,0,0,0,0,0.0
05/11/2007,0,0,41.5(-3.26 %),0,0,0,0,0,0.0
06/11/2007,0,0,43.5(4.82 %),0,0,0,0,0,0.0
07/11/2007,0,0,42.5(-2.30 %),0,0,0,0,0,0.0
08/11/2007,0,0,42.2(-0.71 %),0,0,0,0,0,0.0
09/11/2007,0,0,41(-2.84 %),0,0,0,0,0,0.0
12/11/2007,0,0,39.6(-3.41 %),0,0,0,0,0,0.0
13/11/2007,0,0,38(-4.04 %),0,0,0,0,0,0.0
14/11/2007,0,0,39.9(5.00 %),0,0,0,0,0,0.0
15/11/2007,0,0,40.5(1.50 %),0,0,0,0,0,0.0
16/11/2007,0,0,40.4(-0.25 %),0,0,0,0,0,0.0
19/11/2007,-600,-24000000,40(-0.99 %),0,0,600,24000000,0,0.0
20/11/2007,-600,-23400000,39.6(-1.00 %),0,0,600,23400000,0,0.0
21/11/2007,0,0,38.5(-2.78 %),0,0,0,0,0,0.0
22/11/2007,0,0,38.5(0.00 %),0,0,0,0,0,0.0
23/11/2007,0,0,38.6(0.26 %),0,0,0,0,0,0.0
26/11/2007,0,0,39(1.04 %),0,0,0,0,0,0.0
27/11/2007,-2400,-93600000,39(0.00 %),0,0,2400,93600000,0,0.0
28/11/2007,0,0,38.9(-0.26 %),0,0,0,0,0,0.0
29/11/2007,0,0,38.5(-1.03 %),0,0,0,0,0,0.0
30/11/2007,0,0,38.6(0.26 %),0,0,0,0,0,0.0
03/12/2007,0,0,39.5(2.33 %),0,0,0,0,0,0.0
04/12/2007,0,0,39.7(0.51 %),0,0,0,0,0,0.0
05/12/2007,0,0,39.4(-0.76 %),0,0,0,0,0,0.0
06/12/2007,0,0,38.5(-2.28 %),0,0,0,0,0,0.0
07/12/2007,0,0,38.7(0.52 %),0,0,0,0,0,0.0
10/12/2007,0,0,38.5(-0.52 %),0,0,0,0,0,0.0
11/12/2007,0,0,38(-1.30 %),0,0,0,0,0,0.0
12/12/2007,0,0,38.5(1.32 %),0,0,0,0,0,0.0
13/12/2007,-3400,-129715000,38(-1.30 %),0,0,3400,129715000,0,0.0
14/12/2007,-600,-22800000,37.1(-2.37 %),0,0,600,22800000,0,0.0
17/12/2007,-240,-8832000,36.8(1.38 %),0,0,240,8832000,0,0.0
18/12/2007,0,0,37.4(1.63 %),0,0,0,0,0,0.0
19/12/2007,0,0,37.4(0.00 %),0,0,0,0,0,0.0
20/12/2007,0,0,37(-1.07 %),0,0,0,0,0,0.0
21/12/2007,0,0,37.3(0.81 %),0,0,0,0,0,0.0
24/12/2007,4030,150319000,37.5(0.54 %),4030,150319000,0,0,0,0.0
25/12/2007,0,0,37.4(-0.27 %),0,0,0,0,0,0.0
26/12/2007,0,0,37.4(0.00 %),0,0,0,0,0,0.0
27/12/2007,0,0,37.4(0.00 %),0,0,0,0,0,0.0
28/12/2007,0,0,37.5(0.27 %),0,0,0,0,0,0.0
02/01/2008,0,0,37.5(0.00 %),0,0,0,0,0,0.0
03/01/2008,0,0,37.4(-0.27 %),0,0,0,0,0,0.0
04/01/2008,0,0,37(-1.07 %),0,0,0,0,0,0.0
07/01/2008,0,0,37(0.00 %),0,0,0,0,0,0.0
08/01/2008,-500,-18250000,37.5(1.35 %),0,0,500,18250000,0,0.0
09/01/2008,-500,-18100000,36(-4.00 %),0,0,500,18100000,0,0.0
10/01/2008,0,0,36(0.00 %),0,0,0,0,0,0.0
11/01/2008,0,0,36.3(0.83 %),0,0,0,0,0,0.0
14/01/2008,0,0,34.7(-4.41 %),0,0,0,0,0,0.0
15/01/2008,0,0,33(-4.90 %),0,0,0,0,0,0.0
16/01/2008,0,0,34.6(4.85 %),0,0,0,0,0,0.0
17/01/2008,0,0,33.3(-3.76 %),0,0,0,0,0,0.0
18/01/2008,0,0,34(2.10 %),0,0,0,0,0,0.0
21/01/2008,400,13920000,34(0.00 %),400,13920000,0,0,0,0.0
22/01/2008,0,0,33.9(-0.29 %),0,0,0,0,0,0.0
23/01/2008,200,6780000,32.3(-4.72 %),200,6780000,0,0,0,0.0
24/01/2008,0,0,33(2.17 %),0,0,0,0,0,0.0
25/01/2008,0,0,32.1(-2.73 %),0,0,0,0,0,0.0
28/01/2008,-4080,-130560000,31.7(-1.25 %),0,0,4080,130560000,0,0.0
29/01/2008,0,0,33.2(4.73 %),0,0,0,0,0,0.0
30/01/2008,0,0,34.8(4.82 %),0,0,0,0,0,0.0
31/01/2008,0,0,34.9(0.29 %),0,0,0,0,0,0.0
01/02/2008,0,0,35(0.29 %),0,0,0,0,0,0.0
12/02/2008,0,0,33.5(-4.29 %),0,0,0,0,0,0.0
13/02/2008,3980,132630000,32.6(-2.69 %),4480,150080000,500,17450000,0,0.0
14/02/2008,-500,-16500000,32.7(0.31 %),0,0,500,16500000,0,0.0
15/02/2008,0,0,32.8(0.31 %),0,0,0,0,0,0.0
18/02/2008,-1000,-31200000,31.3(-4.57 %),0,0,1000,31200000,0,0.0
19/02/2008,0,0,30.8(-1.60 %),0,0,0,0,0,0.0
20/02/2008,50,1570000,30.4(-1.30 %),50,1570000,0,0,0,0.0
21/02/2008,0,0,30(-1.32 %),0,0,0,0,0,0.0
22/02/2008,1370,39045000,28.5(-5.00 %),1370,39045000,0,0,0,0.0
25/02/2008,0,0,29.9(4.91 %),0,0,0,0,0,0.0
26/02/2008,0,0,28.5(-4.68 %),0,0,0,0,0,0.0
27/02/2008,-200,-5800000,28.5(0.00 %),0,0,200,5800000,0,0.0
28/02/2008,0,0,28(-1.75 %),0,0,0,0,0,0.0
29/02/2008,0,0,27(-3.57 %),0,0,0,0,0,0.0
03/03/2008,-650,-16845000,25.9(-4.07 %),250,6465000,900,23310000,0,0.0
04/03/2008,0,0,26(0.39 %),0,0,0,0,0,0.0
05/03/2008,0,0,24.7(-5.00 %),0,0,0,0,0,0.0
06/03/2008,0,0,25.9(4.86 %),0,0,0,0,0,0.0
07/03/2008,0,0,27.1(4.63 %),0,0,0,0,0,0.0
10/03/2008,0,0,28(3.32 %),0,0,0,0,0,0.0
11/03/2008,100,2660000,28(0.00 %),100,2660000,0,0,0,0.0
12/03/2008,100,2700000,27.5(-1.79 %),100,2700000,0,0,0,0.0
13/03/2008,0,0,28.5(3.64 %),0,0,0,0,0,0.0
14/03/2008,0,0,29.5(3.51 %),0,0,0,0,0,0.0
17/03/2008,0,0,28.1(-4.75 %),0,0,0,0,0,0.0
18/03/2008,0,0,26.7(-4.98 %),0,0,0,0,0,0.0
19/03/2008,0,0,25.4(-4.87 %),0,0,0,0,0,0.0
20/03/2008,0,0,25(-1.57 %),0,0,0,0,0,0.0
21/03/2008,0,0,23.8(-4.80 %),0,0,0,0,0,0.0
24/03/2008,0,0,22.7(-4.62 %),0,0,0,0,0,0.0
25/03/2008,100,2160000,21.6(-4.85 %),100,2160000,0,0,0,0.0
26/03/2008,0,0,22.4(3.70 %),0,0,0,0,0,0.0
27/03/2008,0,0,22.6(0.89 %),0,0,0,0,0,0.0
28/03/2008,0,0,22.8(0.88 %),0,0,0,0,0,0.0
31/03/2008,0,0,23(0.88 %),0,0,0,0,0,0.0
01/04/2008,0,0,23.2(0.87 %),0,0,0,0,0,0.0
02/04/2008,0,0,23.4(0.86 %),0,0,0,0,0,0.0
03/04/2008,0,0,23.6(0.85 %),0,0,0,0,0,0.0
04/04/2008,0,0,23.8(0.85 %),0,0,0,0,0,0.0
07/04/2008,0,0,24.2(1.68 %),0,0,0,0,0,0.0
08/04/2008,310,7626000,23.8(-1.65 %),310,7626000,0,0,0,0.0
09/04/2008,0,0,23.4(-1.68 %),0,0,0,0,0,0.0
10/04/2008,200,4600000,23(-1.71 %),200,4600000,0,0,0,0.0
11/04/2008,0,0,22.6(-1.74 %),0,0,0,0,0,0.0
16/04/2008,50,1110000,22.2(-1.77 %),50,1110000,0,0,0,0.0
17/04/2008,570,12426000,22.6(1.80 %),570,12426000,0,0,0,0.0
18/04/2008,0,0,22.2(-1.77 %),0,0,0,0,0,0.0
21/04/2008,0,0,21.8(-1.80 %),0,0,0,0,0,0.0
22/04/2008,0,0,21.4(-1.83 %),0,0,0,0,0,0.0
23/04/2008,0,0,21(-1.87 %),0,0,0,0,0,0.0
24/04/2008,0,0,20.6(-1.90 %),0,0,0,0,0,0.0
25/04/2008,0,0,20.2(-1.94 %),0,0,0,0,0,0.0
28/04/2008,-500,-9900000,19.8(-1.98 %),0,0,500,9900000,0,0.0
29/04/2008,0,0,19.5(-1.52 %),0,0,0,0,0,0.0
05/05/2008,0,0,19.2(-1.54 %),0,0,0,0,0,0.0
06/05/2008,0,0,18.9(-1.56 %),0,0,0,0,0,0.0
07/05/2008,0,0,18.6(-1.59 %),0,0,0,0,0,0.0
08/05/2008,100,1860000,18.3(-1.61 %),100,1860000,0,0,0,0.0
09/05/2008,400,7200000,18(-1.64 %),400,7200000,0,0,0,0.0
12/05/2008,0,0,17.7(-1.67 %),0,0,0,0,0,0.0
13/05/2008,0,0,17.4(-1.69 %),0,0,0,0,0,0.0
14/05/2008,0,0,17.1(-1.72 %),0,0,0,0,0,0.0
15/05/2008,0,0,16.8(-1.75 %),0,0,0,0,0,0.0
16/05/2008,0,0,16.5(-1.79 %),0,0,0,0,0,0.0
19/05/2008,0,0,16.2(-1.82 %),0,0,0,0,0,0.0
20/05/2008,0,0,15.9(-1.85 %),0,0,0,0,0,0.0
21/05/2008,0,0,15.6(-1.89 %),0,0,0,0,0,0.0
22/05/2008,0,0,15.3(-1.92 %),0,0,0,0,0,0.0
23/05/2008,0,0,15(-1.96 %),0,0,0,0,0,0.0
26/05/2008,0,0,14.7(-2.00 %),0,0,0,0,0,0.0
27/05/2008,0,0,14.7(0.00 %),0,0,0,0,0,0.0
28/05/2008,0,0,14.7(0.00 %),0,0,0,0,0,0.0
29/05/2008,0,0,14.7(0.00 %),0,0,0,0,0,0.0
30/05/2008,0,0,14.5(-1.36 %),0,0,0,0,0,0.0
02/06/2008,0,0,14.5(0.00 %),0,0,0,0,0,0.0
03/06/2008,0,0,14.3(-1.38 %),0,0,0,0,0,0.0
04/06/2008,0,0,14.1(-1.40 %),0,0,0,0,0,0.0
05/06/2008,0,0,13.9(-1.42 %),0,0,0,0,0,0.0
06/06/2008,0,0,13.7(-1.44 %),0,0,0,0,0,0.0
09/06/2008,0,0,13.5(-1.46 %),0,0,0,0,0,0.0
10/06/2008,0,0,13.3(-1.48 %),0,0,0,0,0,0.0
11/06/2008,0,0,13.1(-1.50 %),0,0,0,0,0,0.0
12/06/2008,0,0,13.2(0.76 %),0,0,0,0,0,0.0
13/06/2008,0,0,13.4(1.52 %),0,0,0,0,0,0.0
16/06/2008,0,0,13.6(1.49 %),0,0,0,0,0,0.0
17/06/2008,0,0,13.8(1.47 %),0,0,0,0,0,0.0
18/06/2008,0,0,13.6(-1.45 %),0,0,0,0,0,0.0
19/06/2008,0,0,13.2(-2.94 %),0,0,0,0,0,0.0
20/06/2008,0,0,12.9(-2.27 %),0,0,0,0,0,0.0
23/06/2008,0,0,12.6(-2.33 %),0,0,0,0,0,0.0
24/06/2008,0,0,12.6(0.00 %),0,0,0,0,0,0.0
25/06/2008,0,0,12.9(2.38 %),0,0,0,0,0,0.0
26/06/2008,0,0,12.6(-2.33 %),0,0,0,0,0,0.0
27/06/2008,0,0,12.4(-1.59 %),0,0,0,0,0,0.0
30/06/2008,0,0,12.1(-2.42 %),0,0,0,0,0,0.0
01/07/2008,0,0,12.4(2.48 %),0,0,0,0,0,0.0
02/07/2008,-200,-2540000,12.7(2.42 %),0,0,200,2540000,0,0.0
03/07/2008,0,0,13(2.36 %),0,0,0,0,0,0.0
04/07/2008,0,0,13.3(2.31 %),0,0,0,0,0,0.0
07/07/2008,0,0,13(-2.26 %),0,0,0,0,0,0.0
08/07/2008,200,2540000,12.7(-2.31 %),200,2540000,0,0,0,0.0
09/07/2008,0,0,12.6(-0.79 %),0,0,0,0,0,0.0
10/07/2008,0,0,12.6(0.00 %),0,0,0,0,0,0.0
11/07/2008,0,0,12.9(2.38 %),0,0,0,0,0,0.0
14/07/2008,0,0,13.2(2.33 %),0,0,0,0,0,0.0
15/07/2008,0,0,13.5(2.27 %),0,0,0,0,0,0.0
16/07/2008,0,0,13.7(1.48 %),0,0,0,0,0,0.0
17/07/2008,0,0,13.3(-2.92 %),0,0,0,0,0,0.0
18/07/2008,0,0,13(-2.26 %),0,0,0,0,0,0.0
21/07/2008,0,0,12.7(-2.31 %),0,0,0,0,0,0.0
22/07/2008,0,0,12.4(-2.36 %),0,0,0,0,0,0.0
23/07/2008,0,0,12.1(-2.42 %),0,0,0,0,0,0.0
24/07/2008,0,0,11.8(-2.48 %),0,0,0,0,0,0.0
25/07/2008,0,0,11.5(-2.54 %),0,0,0,0,0,0.0
28/07/2008,0,0,11.8(2.61 %),0,0,0,0,0,0.0
29/07/2008,0,0,12.1(2.54 %),0,0,0,0,0,0.0
30/07/2008,0,0,11.8(-2.48 %),0,0,0,0,0,0.0
31/07/2008,0,0,11.5(-2.54 %),0,0,0,0,0,0.0
01/08/2008,0,0,11.8(2.61 %),0,0,0,0,0,0.0
04/08/2008,0,0,12.1(2.54 %),0,0,0,0,0,0.0
05/08/2008,0,0,11.8(-2.48 %),0,0,0,0,0,0.0
06/08/2008,0,0,12(1.69 %),0,0,0,0,0,0.0
07/08/2008,0,0,12(0.00 %),0,0,0,0,0,0.0
08/08/2008,0,0,12.1(0.83 %),0,0,0,0,0,0.0
11/08/2008,0,0,12.4(2.48 %),0,0,0,0,0,0.0
12/08/2008,0,0,12.2(-1.61 %),0,0,0,0,0,0.0
13/08/2008,0,0,12(-1.64 %),0,0,0,0,0,0.0
14/08/2008,0,0,12.2(1.67 %),0,0,0,0,0,0.0
15/08/2008,0,0,12.5(2.46 %),0,0,0,0,0,0.0
18/08/2008,0,0,12.3(-1.60 %),0,0,0,0,0,0.0
19/08/2008,0,0,11.8(-4.07 %),0,0,0,0,0,0.0
20/08/2008,0,0,11.5(-2.54 %),0,0,0,0,0,0.0
21/08/2008,0,0,12(4.35 %),0,0,0,0,0,0.0
22/08/2008,0,0,12.6(5.00 %),0,0,0,0,0,0.0
25/08/2008,0,0,13.2(4.76 %),0,0,0,0,0,0.0
26/08/2008,0,0,13.8(4.55 %),0,0,0,0,0,0.0
27/08/2008,0,0,14.4(4.35 %),0,0,0,0,0,0.0
28/08/2008,0,0,13.7(-4.86 %),0,0,0,0,0,0.0
29/08/2008,0,0,13.7(0.00 %),0,0,0,0,0,0.0
03/09/2008,0,0,14.3(4.38 %),0,0,0,0,0,0.0
04/09/2008,0,0,14.5(1.40 %),0,0,0,0,0,0.0
05/09/2008,0,0,15.2(4.83 %),0,0,0,0,0,0.0
08/09/2008,0,0,15.9(4.61 %),0,0,0,0,0,0.0
09/09/2008,0,0,16.1(1.26 %),0,0,0,0,0,0.0
10/09/2008,0,0,15.3(-4.97 %),0,0,0,0,0,0.0
11/09/2008,0,0,14.6(-4.58 %),0,0,0,0,0,0.0
12/09/2008,0,0,13.9(-4.79 %),0,0,0,0,0,0.0
15/09/2008,0,0,13.3(-4.32 %),0,0,0,0,0,0.0
16/09/2008,-11890,-151003000,12.7(-4.51 %),0,0,11890,151003000,0,0.0
17/09/2008,0,0,12.1(-4.72 %),0,0,0,0,0,0.0
18/09/2008,0,0,11.5(-4.96 %),0,0,0,0,0,0.0
19/09/2008,0,0,12(4.35 %),0,0,0,0,0,0.0
22/09/2008,0,0,12.6(5.00 %),0,0,0,0,0,0.0
23/09/2008,1100,13860000,12.6(0.00 %),1100,13860000,0,0,0,0.0
24/09/2008,700,8540000,12.2(-3.17 %),700,8540000,0,0,0,0.0
25/09/2008,0,0,12.5(2.46 %),0,0,0,0,0,0.0
26/09/2008,8260,108206000,13.1(4.80 %),8260,108206000,0,0,0,0.0
29/09/2008,1830,23973000,13.3(1.53 %),1830,23973000,0,0,0,0.0
30/09/2008,0,0,12.7(-4.51 %),0,0,0,0,0,0.0
01/10/2008,0,0,13(2.36 %),0,0,0,0,0,0.0
02/10/2008,0,0,12.8(-1.54 %),0,0,0,0,0,0.0
03/10/2008,0,0,12.4(-3.12 %),0,0,0,0,0,0.0
06/10/2008,0,0,11.8(-4.84 %),0,0,0,0,0,0.0
07/10/2008,-100,-1130000,11.3(-4.24 %),0,0,100,1130000,0,0.0
08/10/2008,0,0,10.8(-4.42 %),0,0,0,0,0,0.0
09/10/2008,0,0,10.8(0.00 %),0,0,0,0,0,0.0
10/10/2008,-14870,-153161000,10.3(-4.63 %),0,0,14870,153161000,0,0.0
13/10/2008,100,1070000,10.3(0.00 %),100,1070000,0,0,0,0.0
14/10/2008,0,0,10.8(4.85 %),0,0,0,0,0,0.0
15/10/2008,-58070,-598331000,10.3(-4.63 %),0,0,58070,598331000,0,0.0
16/10/2008,-25300,-247940000,9.8(-4.85 %),1800,17640000,27100,265580000,0,0.0
17/10/2008,1600,16320000,10.2(4.08 %),1600,16320000,0,0,0,0.0
20/10/2008,0,0,10.7(4.90 %),0,0,0,0,0,0.0
21/10/2008,0,0,10.3(-3.74 %),0,0,0,0,0,0.0
22/10/2008,0,0,10(-2.91 %),0,0,0,0,0,0.0
23/10/2008,-22580,-215091000,9.5(-5.00 %),0,0,22580,215091000,0,0.0
24/10/2008,100,910000,9.2(-3.16 %),100,910000,0,0,0,0.0
27/10/2008,160,1408000,8.8(-4.35 %),160,1408000,0,0,0,0.0
28/10/2008,0,0,8.8(0.00 %),0,0,0,0,0,0.0
29/10/2008,200,1840000,9.2(4.55 %),200,1840000,0,0,0,0.0
30/10/2008,700,6590000,9.6(4.35 %),700,6590000,0,0,0,0.0
31/10/2008,100,920000,9.6(0.00 %),100,920000,0,0,0,0.0
03/11/2008,0,0,9.2(-4.17 %),0,0,0,0,0,0.0
04/11/2008,150,1350000,9.6(4.35 %),150,1350000,0,0,0,0.0
05/11/2008,100,1000000,10(4.17 %),100,1000000,0,0,0,0.0
06/11/2008,1000,9500000,10(0.00 %),1100,10450000,100,950000,0,0.0
07/11/2008,3000,28500000,9.5(-5.00 %),3000,28500000,0,0,0,0.0
10/11/2008,0,0,9.1(-4.21 %),100,910000,100,910000,0,0.0
11/11/2008,100,890000,9.2(1.10 %),100,890000,0,0,0,0.0
12/11/2008,0,0,8.9(-3.26 %),0,0,0,0,0,0.0
13/11/2008,0,0,9(1.12 %),0,0,0,0,0,0.0
14/11/2008,0,0,9(0.00 %),0,0,0,0,0,0.0
17/11/2008,0,0,8.6(-4.44 %),0,0,0,0,0,0.0
18/11/2008,0,0,8.3(-3.49 %),0,0,0,0,0,0.0
19/11/2008,0,0,8.1(-2.41 %),0,0,0,0,0,0.0
20/11/2008,830,6557000,7.9(-2.47 %),830,6557000,0,0,0,0.0
21/11/2008,0,0,8(1.27 %),0,0,0,0,0,0.0
24/11/2008,100,830000,8.1(1.25 %),100,830000,0,0,0,0.0
25/11/2008,10,80000,8.2(1.23 %),10,80000,0,0,0,0.0
26/11/2008,150,1220000,8.1(-1.22 %),150,1220000,0,0,0,0.0
27/11/2008,0,0,8(-1.23 %),0,0,0,0,0,0.0
28/11/2008,20,164000,8.2(2.50 %),20,164000,0,0,0,0.0
01/12/2008,0,0,8.2(0.00 %),0,0,0,0,0,0.0
02/12/2008,0,0,8.2(0.00 %),0,0,0,0,0,0.0
03/12/2008,0,0,7.8(-4.88 %),0,0,0,0,0,0.0
04/12/2008,0,0,7.9(1.28 %),0,0,0,0,0,0.0
05/12/2008,100,760000,7.7(-2.53 %),100,760000,0,0,0,0.0
08/12/2008,100,770000,7.9(2.60 %),100,770000,0,0,0,0.0
09/12/2008,0,0,7.9(0.00 %),0,0,0,0,0,0.0
10/12/2008,0,0,7.9(0.00 %),0,0,0,0,0,0.0
11/12/2008,0,0,7.6(-3.80 %),0,0,0,0,0,0.0
12/12/2008,0,0,7.9(3.95 %),0,0,0,0,0,0.0
15/12/2008,0,0,8(1.27 %),0,0,0,0,0,0.0
16/12/2008,100,820000,8.2(2.50 %),100,820000,0,0,0,0.0
17/12/2008,100,780000,7.8(-4.88 %),100,780000,0,0,0,0.0
18/12/2008,90,702000,7.5(-3.85 %),90,702000,0,0,0,0.0
19/12/2008,-200,-1560000,7.8(4.00 %),0,0,200,1560000,0,0.0
22/12/2008,0,0,7.8(0.00 %),0,0,0,0,0,0.0
23/12/2008,0,0,7.8(0.00 %),0,0,0,0,0,0.0
24/12/2008,0,0,7.8(0.00 %),0,0,0,0,0,0.0
25/12/2008,190,1425000,7.9(1.28 %),190,1425000,0,0,0,0.0
26/12/2008,1330,10108000,7.6(-3.80 %),1330,10108000,0,0,0,0.0
29/12/2008,0,0,7.4(-2.63 %),0,0,0,0,0,0.0
30/12/2008,0,0,7.7(4.05 %),0,0,0,0,0,0.0
31/12/2008,0,0,7.7(0.00 %),0,0,0,0,0,0.0
02/01/2009,-40,-312000,7.8(1.30 %),0,0,40,312000,116450,47.31
05/01/2009,-40,-320000,8(2.56 %),0,0,40,320000,116490,47.31
06/01/2009,60,484000,7.9(-1.25 %),100,800000,40,316000,116430,47.31
07/01/2009,-40,-312000,8.2(3.80 %),0,0,40,312000,116470,47.31
08/01/2009,-40,-312000,7.8(-4.88 %),0,0,40,312000,116510,47.31
09/01/2009,-20,-152000,8(2.56 %),0,0,20,152000,116530,47.31
12/01/2009,-80,-632000,7.9(-1.25 %),0,0,80,632000,116610,47.3
13/01/2009,0,0,7.6(-3.80 %),0,0,0,0,116610,47.3
14/01/2009,1490,11175000,7.5(-1.32 %),1490,11175000,0,0,115120,47.33
15/01/2009,260,1872000,7.2(-4.00 %),260,1872000,0,0,114860,47.33
16/01/2009,0,0,7.5(4.17 %),0,0,0,0,114860,47.33
19/01/2009,0,0,7.7(2.67 %),0,0,0,0,114860,47.33
20/01/2009,0,0,7.7(0.00 %),0,0,0,0,114860,47.33
21/01/2009,0,0,7.5(-2.60 %),0,0,0,0,114860,47.33
22/01/2009,0,0,7.4(-1.33 %),0,0,0,0,114860,47.33
23/01/2009,0,0,7.3(-1.35 %),0,0,0,0,114860,47.33
02/02/2009,0,0,7.5(2.74 %),0,0,0,0,114860,47.33
03/02/2009,0,0,7.3(-2.67 %),0,0,0,0,114860,47.33
04/02/2009,1600,11520000,7.5(2.74 %),1600,11520000,0,0,113260,47.35
05/02/2009,0,0,7.2(-4.00 %),0,0,0,0,113260,47.35
06/02/2009,0,0,7(-2.78 %),0,0,0,0,113260,47.35
09/02/2009,0,0,7.2(2.86 %),0,0,0,0,113260,47.35
10/02/2009,0,0,7(-2.78 %),0,0,0,0,113260,47.35
11/02/2009,200,1385000,6.8(-2.86 %),200,1385000,0,0,113060,47.36
12/02/2009,0,0,6.9(1.47 %),0,0,0,0,113060,47.36
13/02/2009,0,0,6.6(-4.35 %),0,0,0,0,113060,47.36
16/02/2009,0,0,6.3(-4.55 %),0,0,0,0,113060,47.36
17/02/2009,0,0,6.3(0.00 %),0,0,0,0,113060,47.36
18/02/2009,0,0,6.5(3.17 %),0,0,0,0,113060,47.36
19/02/2009,0,0,6.2(-4.62 %),0,0,0,0,113060,47.36
20/02/2009,-100,-590000,5.9(-4.84 %),0,0,100,590000,113160,47.35
23/02/2009,0,0,6.1(3.39 %),0,0,0,0,113160,47.35
24/02/2009,0,0,6.4(4.92 %),0,0,0,0,113160,47.35
25/02/2009,280,1848000,6.4(0.00 %),280,1848000,0,0,112880,47.36
26/02/2009,0,0,6.1(-4.69 %),0,0,0,0,112880,47.36
27/02/2009,0,0,6.2(1.64 %),0,0,0,0,112880,47.36
02/03/2009,0,0,6.2(0.00 %),0,0,0,0,112880,47.36
03/03/2009,0,0,6.2(0.00 %),0,0,0,0,112880,47.36
04/03/2009,0,0,6.4(3.23 %),0,0,0,0,112880,47.36
05/03/2009,0,0,6.4(0.00 %),0,0,0,0,112880,47.36
06/03/2009,0,0,6.3(-1.56 %),0,0,0,0,112880,47.36
09/03/2009,0,0,6.4(1.59 %),0,0,0,0,112880,47.36
10/03/2009,300,1920000,6.4(0.00 %),300,1920000,0,0,112580,47.36
11/03/2009,0,0,6.5(1.56 %),0,0,0,0,112580,47.36
12/03/2009,0,0,6.2(-4.62 %),0,0,0,0,112580,47.36
13/03/2009,1000,6500000,6.5(4.84 %),1000,6500000,0,0,111580,47.38
16/03/2009,0,0,6.5(0.00 %),0,0,0,0,111580,47.38
17/03/2009,0,0,6.5(0.00 %),0,0,0,0,111580,47.38
18/03/2009,500,3300000,6.7(3.08 %),500,3300000,0,0,111080,47.38
19/03/2009,0,0,6.7(0.00 %),0,0,0,0,111080,47.38
20/03/2009,0,0,6.4(-4.48 %),0,0,0,0,111080,47.38
23/03/2009,50,335000,6.7(4.69 %),50,335000,0,0,111030,47.39
24/03/2009,0,0,6.5(-2.99 %),0,0,0,0,111030,47.39
25/03/2009,0,0,6.3(-3.08 %),0,0,0,0,111030,47.39
26/03/2009,0,0,6.3(0.00 %),0,0,0,0,111030,47.39
27/03/2009,100,630000,6.6(4.76 %),100,630000,0,0,110930,47.39
30/03/2009,30,192000,6.5(-1.52 %),30,192000,0,0,110900,47.39
31/03/2009,0,0,6.5(0.00 %),0,0,0,0,110900,47.39
01/04/2009,0,0,6.5(0.00 %),0,0,0,0,110900,47.39
02/04/2009,0,0,6.8(4.62 %),0,0,0,0,110900,47.39
03/04/2009,50,350000,7.1(4.41 %),50,350000,0,0,110850,47.39
07/04/2009,100,710000,7.4(4.23 %),100,710000,0,0,110750,47.39
08/04/2009,-100,97000,7.1(-4.05 %),5000,37000000,5100,36903000,110850,47.39
09/04/2009,9000,61200000,6.8(-4.23 %),9000,61200000,0,0,101850,47.52
10/04/2009,-38190,-263899000,7.1(4.41 %),10000,71000000,48190,334899000,140040,46.96
13/04/2009,0,0,7.4(4.23 %),0,0,0,0,140040,46.96
14/04/2009,840,6186000,7.7(4.05 %),940,6956000,100,770000,139200,46.98
15/04/2009,450,3330000,7.4(-3.90 %),500,3700000,50,370000,138750,46.98
16/04/2009,400,3000000,7.1(-4.05 %),400,3000000,0,0,138350,46.99
17/04/2009,-5600,-38080000,6.8(-4.23 %),0,0,5600,38080000,143950,46.91
20/04/2009,0,0,6.5(-4.41 %),0,0,0,0,143950,46.91
21/04/2009,0,0,6.3(-3.08 %),0,0,0,0,143950,46.91
22/04/2009,0,0,6.6(4.76 %),0,0,0,0,143950,46.91
23/04/2009,0,0,6.8(3.03 %),0,0,0,0,143950,46.91
24/04/2009,0,0,6.7(-1.47 %),0,0,0,0,143950,46.91
27/04/2009,0,0,6.5(-2.99 %),0,0,0,0,143950,46.91
28/04/2009,-7700,-49439000,6.4(-1.54 %),1900,12350000,9600,61789000,151650,46.79
29/04/2009,0,0,6.5(1.56 %),0,0,0,0,151650,46.79
04/05/2009,0,0,6.8(4.62 %),0,0,0,0,151650,46.79
05/05/2009,0,0,7.1(4.41 %),25636,182016000,25636,182016000,151650,46.79
06/05/2009,-34067,-252096000,7.4(4.23 %),2260,16724000,36327,268820000,185717,46.3
07/05/2009,0,0,7.7(4.05 %),0,0,0,0,185717,46.3
08/05/2009,0,0,8(3.90 %),0,0,0,0,185717,46.3
11/05/2009,-2100,-17640000,8.4(5.00 %),0,0,2100,17640000,187817,46.27
12/05/2009,0,0,8.8(4.76 %),0,0,0,0,187817,46.27
13/05/2009,0,0,9.2(4.55 %),0,0,0,0,187817,46.27
14/05/2009,2000,19000000,9.2(0.00 %),2000,19000000,0,0,185817,46.3
15/05/2009,250,2400000,9.6(4.35 %),500,4800000,250,2400000,185567,46.3
18/05/2009,7130,69835000,10(4.17 %),7130,69835000,0,0,178437,46.4
19/05/2009,0,0,10.5(5.00 %),0,0,0,0,178437,46.4
20/05/2009,4500,49500000,11(4.76 %),4500,49500000,0,0,173937,46.47
21/05/2009,-7000,-80500000,11.5(4.55 %),0,0,7000,80500000,180937,46.37
22/05/2009,0,0,11(-4.35 %),0,0,0,0,180937,46.37
25/05/2009,0,0,11.5(4.55 %),0,0,0,0,180937,46.37
26/05/2009,-1500,-17050000,11.5(0.00 %),500,5750000,2000,22800000,182437,46.35
27/05/2009,500,5500000,11(-4.35 %),500,5500000,0,0,181937,46.35
28/05/2009,0,0,10.5(-4.55 %),0,0,0,0,181937,46.35
29/05/2009,1000,10000000,10(-4.76 %),1000,10000000,0,0,180937,46.37
01/06/2009,0,0,10.5(5.00 %),0,0,0,0,180937,46.37
02/06/2009,0,0,11(4.76 %),0,0,0,0,180937,46.37
03/06/2009,9300,107300000,11.5(4.55 %),11300,129300000,2000,22000000,171637,46.5
04/06/2009,0,0,11.9(3.48 %),0,0,0,0,171637,46.5
05/06/2009,-10000,-124000000,12.4(4.20 %),0,0,10000,124000000,181637,46.36
08/06/2009,0,0,13(4.84 %),0,0,0,0,181637,46.36
09/06/2009,-10000,-127336000,13(0.00 %),0,0,10000,127336000,191637,46.21
10/06/2009,500,6200000,12.4(-4.62 %),500,6200000,0,0,191137,46.22
11/06/2009,-540,-6750000,13(4.84 %),0,0,540,6750000,191677,46.21
12/06/2009,9350,122265000,13.6(4.62 %),9350,122265000,0,0,182327,46.35
15/06/2009,1000,13000000,13(-4.41 %),1000,13000000,0,0,181327,46.36
16/06/2009,0,0,12.4(-4.62 %),0,0,0,0,181327,46.36
17/06/2009,1000,11800000,11.8(-4.84 %),1000,11800000,0,0,180327,46.38
18/06/2009,-8950,-105535000,12.3(4.24 %),2000,23500000,10950,129035000,189277,46.25
19/06/2009,3850,47855000,12(-2.44 %),3850,47855000,0,0,185427,46.3
22/06/2009,0,0,11.4(-5.00 %),0,0,0,0,185427,46.3
23/06/2009,0,0,10.9(-4.39 %),0,0,0,0,185427,46.3
24/06/2009,0,0,11.4(4.59 %),0,0,0,0,185427,46.3
25/06/2009,2000,23600000,11.8(3.51 %),2000,23600000,0,0,183427,46.33
26/06/2009,0,0,12(1.69 %),0,0,0,0,183427,46.33
29/06/2009,0,0,11.4(-5.00 %),0,0,0,0,183427,46.33
30/06/2009,-8990,-97991000,10.9(-4.39 %),0,0,8990,97991000,192417,46.2
01/07/2009,0,0,10.4(-4.59 %),0,0,0,0,192417,46.2
02/07/2009,0,0,10.4(0.00 %),0,0,0,0,192417,46.2
03/07/2009,0,0,10.4(0.00 %),0,0,0,0,192417,46.2
06/07/2009,0,0,10.9(4.81 %),0,0,0,0,192417,46.2
07/07/2009,0,0,11.2(2.75 %),0,0,0,0,192417,46.2
08/07/2009,0,0,11.5(2.68 %),0,0,0,0,192417,46.2
09/07/2009,0,0,11(-4.35 %),0,0,0,0,192417,46.2
10/07/2009,-15920,-167657000,10.5(-4.55 %),0,0,15920,167657000,208337,45.97
13/07/2009,0,0,10.7(1.90 %),0,0,0,0,208337,45.97
14/07/2009,-8680,-88564000,10.2(-4.67 %),0,0,8680,88564000,217017,45.84
15/07/2009,50,495000,10.4(1.96 %),50,495000,0,0,216967,45.84
16/07/2009,10100,107040000,10.6(1.92 %),10100,107040000,0,0,206867,45.99
17/07/2009,0,0,10.5(-0.94 %),0,0,0,0,206867,45.99
20/07/2009,0,0,10.1(-3.81 %),0,0,0,0,206867,45.99
21/07/2009,0,0,10.4(2.97 %),0,0,0,0,206867,45.99
22/07/2009,0,0,10(-3.85 %),0,0,0,0,206867,45.99
23/07/2009,0,0,10.2(2.00 %),0,0,0,0,206867,45.99
24/07/2009,0,0,10.7(4.90 %),0,0,0,0,206867,45.99
27/07/2009,0,0,10.8(0.93 %),0,0,0,0,206867,45.99
28/07/2009,30,312000,10.3(-4.63 %),30,312000,0,0,206837,45.99
29/07/2009,7090,74445000,10.5(1.94 %),7090,74445000,0,0,199747,46.09
30/07/2009,2810,29505000,10.4(-0.95 %),2810,29505000,0,0,196937,46.14
31/07/2009,1000,10500000,10.6(1.92 %),1000,10500000,0,0,195937,46.15
03/08/2009,0,0,10.3(-2.83 %),0,0,0,0,195937,46.15
04/08/2009,0,0,10.4(0.97 %),0,0,0,0,195937,46.15
05/08/2009,0,0,10.5(0.96 %),0,0,0,0,195937,46.15
06/08/2009,0,0,10.4(-0.95 %),0,0,0,0,195937,46.15
07/08/2009,1000,9900000,10.1(-2.88 %),1000,9900000,0,0,194937,46.16
10/08/2009,2500,25400000,10.1(0.00 %),2500,25400000,0,0,192437,46.2
11/08/2009,-17200,-172000000,10.4(2.97 %),0,0,17200,172000000,209637,45.95
12/08/2009,0,0,10(-3.85 %),0,0,0,0,209637,45.95
13/08/2009,290,2958000,10.5(5.00 %),290,2958000,0,0,209347,45.96
14/08/2009,0,0,10.5(0.00 %),0,0,0,0,209347,45.96
17/08/2009,2500,26250000,10.5(0.00 %),2500,26250000,0,0,206847,45.99
18/08/2009,0,0,10.3(-1.90 %),0,0,0,0,206847,45.99
19/08/2009,0,0,10.5(1.94 %),0,0,0,0,206847,45.99
20/08/2009,0,0,10.5(0.00 %),0,0,0,0,206847,45.99
21/08/2009,3100,32550000,10.6(0.95 %),3100,32550000,0,0,203747,46.04
24/08/2009,9010,94407000,10.7(0.94 %),10000,105000000,990,10593000,194737,46.17
25/08/2009,1300,13910000,10.7(0.00 %),1300,13910000,0,0,193437,46.19
26/08/2009,0,0,10.7(0.00 %),0,0,0,0,194737,46.17
27/08/2009,0,0,10.6(-0.93 %),0,0,0,0,194737,46.17
28/08/2009,6900,73640000,11.1(4.72 %),6900,73640000,0,0,187837,46.27
31/08/2009,0,0,11.6(4.50 %),0,0,0,0,187837,46.27
01/09/2009,0,0,11.3(-2.59 %),0,0,0,0,187837,46.27
03/09/2009,0,0,11(-2.65 %),0,0,0,0,187837,46.27
04/09/2009,1610,17710000,10.8(-1.82 %),1610,17710000,0,0,186227,46.29
07/09/2009,0,0,10.4(-3.70 %),0,0,0,0,186227,46.29
08/09/2009,-620,-6448000,10.8(3.85 %),0,0,620,6448000,186847,46.28
09/09/2009,0,0,10.9(0.93 %),0,0,0,0,186847,46.28
10/09/2009,0,0,10.7(-1.83 %),0,0,0,0,186847,46.28
11/09/2009,0,0,10.7(0.00 %),0,0,0,0,186847,46.28
14/09/2009,2740,29318000,10.9(1.87 %),2900,31030000,160,1712000,184107,46.32
15/09/2009,100,1060000,10.9(0.00 %),100,1060000,0,0,184007,46.32
16/09/2009,300,3130000,10.7(-1.83 %),300,3130000,0,0,183707,46.33
17/09/2009,200,2100000,10.7(0.00 %),200,2100000,0,0,183507,46.33
18/09/2009,0,0,10.8(0.93 %),0,0,0,0,183507,46.33
21/09/2009,400,4210000,10.9(0.93 %),400,4210000,0,0,183107,46.34
22/09/2009,100,1050000,10.7(-1.83 %),100,1050000,0,0,183007,46.34
23/09/2009,0,0,11.2(4.67 %),0,0,0,0,183007,46.34
24/09/2009,0,0,10.8(-3.57 %),0,0,0,0,183007,46.34
25/09/2009,0,0,10.9(0.93 %),0,0,0,0,183007,46.34
28/09/2009,0,0,10.7(-1.83 %),0,0,0,0,183007,46.34
29/09/2009,-1490,-16172000,10.8(0.93 %),400,4240000,1890,20412000,185697,46.3
30/09/2009,0,0,10.9(0.93 %),0,0,0,0,185697,46.3
01/10/2009,0,0,10.6(-2.75 %),0,0,0,0,185697,46.3
02/10/2009,170,1751000,10.2(-3.77 %),200,2060000,30,309000,185527,46.3
05/10/2009,0,0,10.7(4.90 %),0,0,0,0,185527,46.3
06/10/2009,-1200,-12360000,10.7(0.00 %),0,0,1200,12360000,186727,46.28
07/10/2009,0,0,11.2(4.67 %),0,0,0,0,186727,46.28
08/10/2009,0,0,11.7(4.46 %),0,0,0,0,186727,46.28
09/10/2009,-5000,-57000000,11.9(1.71 %),0,0,5000,57000000,191727,46.21
12/10/2009,-5000,-58000000,12(0.84 %),0,0,5000,58000000,196727,46.14
13/10/2009,-5000,-57500000,11.5(-4.17 %),0,0,5000,57500000,201727,46.07
14/10/2009,-4980,-57266000,11.8(2.61 %),20,234000,5000,57500000,206707,45.99
15/10/2009,-5400,-64800000,11.9(0.85 %),0,0,5400,64800000,212107,45.91
16/10/2009,-4000,-46400000,11.7(-1.68 %),0,0,4000,46400000,231787,45.63
19/10/2009,200,2310000,11.7(0.00 %),200,2310000,0,0,215907,45.86
20/10/2009,-7750,-93520000,12.2(4.27 %),150,1790000,7900,95310000,223657,45.75
21/10/2009,2000,25600000,12.8(4.92 %),2000,25600000,0,0,221657,45.78
22/10/2009,200,2680000,13.4(4.69 %),200,2680000,0,0,221457,45.78
23/10/2009,-11500,-161000000,14(4.48 %),2100,29400000,13600,190400000,232957,45.61
26/10/2009,5170,74599000,14.7(5.00 %),5600,80920000,430,6321000,227787,45.69
27/10/2009,0,0,14(-4.76 %),0,0,0,0,227787,45.69
28/10/2009,0,0,13.3(-5.00 %),0,0,0,0,227787,45.69
29/10/2009,0,0,12.7(-4.51 %),0,0,0,0,227787,45.69
30/10/2009,-23630,-288936000,12.3(-3.15 %),2000,24200000,25630,313136000,251417,45.34
02/11/2009,17600,205920000,11.7(-4.88 %),17700,207090000,100,1170000,233817,45.6
03/11/2009,19100,218640000,11.8(0.85 %),19100,218640000,0,0,214717,45.88
04/11/2009,5000,60600000,12.2(3.39 %),5000,60600000,0,0,209717,45.95
05/11/2009,9600,120960000,12.6(3.28 %),10000,126000000,400,5040000,200117,46.09
06/11/2009,0,0,12.6(0.00 %),0,0,0,0,200117,46.09
09/11/2009,0,0,12(-4.76 %),0,0,0,0,200117,46.09
10/11/2009,500,5700000,11.4(-5.00 %),500,5700000,0,0,199617,46.1
11/11/2009,350,3850000,10.9(-4.39 %),350,3850000,0,0,199267,46.1
12/11/2009,40,448000,11.2(2.75 %),40,448000,0,0,199227,46.1
13/11/2009,0,0,11.7(4.46 %),0,0,0,0,199227,46.1
16/11/2009,0,0,11.7(0.00 %),0,0,0,0,199227,46.1
17/11/2009,0,0,11.7(0.00 %),0,0,0,0,199227,46.1
18/11/2009,0,0,11.7(0.00 %),0,0,0,0,199227,46.1
19/11/2009,0,0,11.4(-2.56 %),0,0,0,0,199227,46.1
20/11/2009,0,0,11(-3.51 %),0,0,0,0,199227,46.1
23/11/2009,0,0,11.3(2.73 %),0,0,0,0,199227,46.1
24/11/2009,0,0,10.9(-3.54 %),0,0,0,0,199227,46.1
25/11/2009,3140,33020000,10.4(-4.59 %),3200,33680000,60,660000,196087,46.15
26/11/2009,0,0,9.9(-4.81 %),0,0,0,0,196087,46.15
27/11/2009,6150,58425000,10.1(2.02 %),6150,58425000,0,0,189937,46.24
30/11/2009,0,0,10.1(0.00 %),0,0,0,0,189937,46.24
01/12/2009,100,1030000,10.3(1.98 %),100,1030000,0,0,189837,46.24
02/12/2009,0,0,10(-2.91 %),0,0,0,0,189837,46.24
03/12/2009,0,0,9.9(-1.00 %),0,0,0,0,189837,46.24
04/12/2009,0,0,10.1(2.02 %),0,0,0,0,189837,46.24
07/12/2009,0,0,10.3(1.98 %),0,0,0,0,189837,46.24
08/12/2009,0,0,9.8(-4.85 %),0,0,0,0,189837,46.24
09/12/2009,7840,76196000,9.9(1.02 %),7840,76196000,0,0,181997,46.35
10/12/2009,0,0,9.9(0.00 %),0,0,0,0,181997,46.35
11/12/2009,1010,9595000,9.9(0.00 %),1010,9595000,0,0,180987,46.37
14/12/2009,200,1980000,9.9(0.00 %),200,1980000,0,0,180787,46.37
15/12/2009,0,0,9.5(-4.04 %),0,0,0,0,180787,46.37
16/12/2009,0,0,9.1(-4.21 %),0,0,0,0,180787,46.37
17/12/2009,0,0,8.7(-4.40 %),0,0,0,0,180787,46.37
18/12/2009,-50,-450000,9(3.45 %),0,0,50,450000,180837,46.37
21/12/2009,0,0,9.3(3.33 %),0,0,0,0,180837,46.37
22/12/2009,0,0,9.3(0.00 %),0,0,0,0,180837,46.37
23/12/2009,0,0,8.9(-4.30 %),0,0,0,0,180837,46.37
24/12/2009,0,0,8.8(-1.12 %),0,0,0,0,180837,46.37
25/12/2009,0,0,9.2(4.55 %),0,0,0,0,180837,46.37
28/12/2009,1060,9964000,9.1(-1.09 %),1060,9964000,0,0,179777,46.39
29/12/2009,0,0,8.9(-2.20 %),0,0,0,0,179777,46.39
30/12/2009,0,0,9.3(4.49 %),0,0,0,0,179777,46.39
31/12/2009,0,0,9.4(1.08 %),0,0,0,0,179777,46.39
04/01/2010,0,0,9.8(4.26 %),0,0,0,0,179777,46.39
05/01/2010,400,4080000,10(2.04 %),400,4080000,0,0,179377,46.39
06/01/2010,300,2880000,9.9(-1.00 %),300,2880000,0,0,179077,46.4
07/01/2010,0,0,10(1.01 %),0,0,0,0,179077,46.4
08/01/2010,510,5100000,9.9(-1.00 %),510,5100000,0,0,178567,46.4
11/01/2010,0,0,9.5(-4.04 %),0,0,0,0,178567,46.4
12/01/2010,0,0,9.1(-4.21 %),0,0,0,0,178567,46.4
13/01/2010,-50,-470000,9.4(3.30 %),0,0,50,470000,178617,46.4
14/01/2010,0,0,9.4(0.00 %),0,0,0,0,178617,46.4
15/01/2010,0,0,9.5(1.06 %),0,0,0,0,178617,46.4
18/01/2010,-14230,-129493000,9.1(-4.21 %),0,0,14230,129493000,192847,46.2
19/01/2010,160,1504000,9.2(1.10 %),160,1504000,0,0,192687,46.2
20/01/2010,0,0,9(-2.17 %),0,0,0,0,192687,46.2
21/01/2010,0,0,9(0.00 %),0,0,0,0,192687,46.2
22/01/2010,200,1740000,8.6(-4.44 %),200,1740000,0,0,192487,46.2
25/01/2010,0,0,8.9(3.49 %),0,0,0,0,192487,46.2
26/01/2010,0,0,9.1(2.25 %),0,0,0,0,192487,46.2
27/01/2010,0,0,9(-1.10 %),0,0,0,0,192487,46.2
28/01/2010,1600,14080000,8.6(-4.44 %),1600,14080000,0,0,190887,46.22
29/01/2010,1390,12232000,8.8(2.33 %),1390,12232000,0,0,189497,46.24
01/02/2010,150,1320000,9(2.27 %),150,1320000,0,0,189347,46.25
02/02/2010,0,0,9(0.00 %),0,0,0,0,189347,46.25
03/02/2010,0,0,8.9(-1.11 %),0,0,0,0,189347,46.25
04/02/2010,-200,-1720000,8.8(-1.12 %),0,0,200,1720000,189547,46.24
05/02/2010,0,0,8.5(-3.41 %),0,0,0,0,189547,46.24
08/02/2010,930,7719000,8.5(0.00 %),930,7719000,0,0,188617,46.26
09/02/2010,-1570,-12874000,8.3(-2.35 %),0,0,1570,12874000,190187,46.23
10/02/2010,0,0,8.5(2.41 %),0,0,0,0,190187,46.23
11/02/2010,0,0,8.7(2.35 %),0,0,0,0,190187,46.23
12/02/2010,200,1740000,9(3.45 %),200,1740000,0,0,189987,46.24
22/02/2010,0,0,8.6(-4.44 %),0,0,0,0,189987,46.24
23/02/2010,0,0,8.8(2.33 %),0,0,0,0,189987,46.24
24/02/2010,0,0,8.8(0.00 %),0,0,0,0,189987,46.24
25/02/2010,0,0,8.8(0.00 %),0,0,0,0,189987,46.24
26/02/2010,0,0,8.4(-4.55 %),0,0,0,0,182972,46.24
01/03/2010,0,0,8.8(4.76 %),0,0,0,0,182972,46.34
02/03/2010,0,0,8.7(-1.14 %),0,0,0,0,182972,46.34
03/03/2010,0,0,8.7(0.00 %),0,0,0,0,182972,46.34
04/03/2010,100,850000,8.6(-1.15 %),100,850000,0,0,182872,46.34
05/03/2010,100,850000,8.6(0.00 %),100,850000,0,0,182772,46.34
08/03/2010,0,0,9(4.65 %),0,0,0,0,182772,46.34
09/03/2010,0,0,9(0.00 %),0,0,0,0,182772,46.34
10/03/2010,0,0,9(0.00 %),0,0,0,0,182772,46.34
11/03/2010,-1000,-8700000,8.7(-3.33 %),0,0,1000,8700000,183772,46.33
12/03/2010,100,880000,8.7(0.00 %),100,880000,0,0,183672,46.33
15/03/2010,-19000,-161452000,8.8(1.15 %),1000,8700000,20000,170152000,202672,46.05
16/03/2010,0,0,8.8(0.00 %),0,0,0,0,202672,46.05
17/03/2010,0,0,8.7(-1.14 %),0,0,0,0,202672,46.05
18/03/2010,0,0,9.1(4.60 %),0,0,0,0,202672,46.05
19/03/2010,0,0,9.5(4.40 %),0,0,0,0,202672,46.05
22/03/2010,3000,29700000,9.9(4.21 %),3000,29700000,0,0,199672,46.1
23/03/2010,-1000,-9900000,9.9(0.00 %),0,0,1000,9900000,200672,46.08
24/03/2010,-210,-2100000,9.8(-1.01 %),0,0,210,2100000,200882,46.08
25/03/2010,0,0,9.6(-2.04 %),0,0,0,0,200882,46.08
26/03/2010,0,0,9.2(-4.17 %),0,0,0,0,200882,46.08
29/03/2010,0,0,8.8(-4.35 %),0,0,0,0,200882,46.08
30/03/2010,-7000,-61600000,9.1(3.41 %),0,0,7000,61600000,207882,45.98
31/03/2010,0,0,8.9(-2.20 %),0,0,0,0,207882,45.98
01/04/2010,0,0,9.1(2.25 %),0,0,0,0,207882,45.98
02/04/2010,0,0,8.7(-4.40 %),0,0,0,0,207882,45.98
05/04/2010,-1500,-13050000,8.9(2.30 %),0,0,1500,13050000,209382,45.95
06/04/2010,0,0,8.8(-1.12 %),0,0,0,0,209382,45.95
07/04/2010,0,0,8.8(0.00 %),0,0,0,0,209382,45.95
08/04/2010,-1500,-13050000,8.7(-1.14 %),0,0,1500,13050000,210882,45.93
09/04/2010,0,0,9(3.45 %),0,0,0,0,210882,45.93
12/04/2010,0,0,8.7(-3.33 %),0,0,0,0,210882,45.93
13/04/2010,0,0,8.9(2.30 %),0,0,0,0,210882,45.93
14/04/2010,2000,17700000,8.9(0.00 %),2000,17700000,0,0,208882,45.96
15/04/2010,0,0,9.3(4.49 %),0,0,0,0,208882,45.96
16/04/2010,0,0,9.7(4.30 %),0,0,0,0,208882,45.96
19/04/2010,1000,9900000,10.1(4.12 %),1000,9900000,0,0,207882,45.98
20/04/2010,0,0,10.6(4.95 %),0,0,0,0,207882,45.98
21/04/2010,0,0,11.1(4.72 %),0,0,0,0,207882,45.98
22/04/2010,-400,-4640000,11.6(4.50 %),0,0,400,4640000,208282,45.97
26/04/2010,430,4997000,11.7(0.86 %),430,4997000,0,0,207422,45.98
27/04/2010,0,0,11.5(-1.71 %),0,0,0,0,207852,45.98
28/04/2010,0,0,11(-4.35 %),0,0,0,0,207852,45.98
29/04/2010,0,0,10.7(-2.73 %),0,0,0,0,207852,45.98
04/05/2010,1300,14060000,11.2(4.67 %),1300,14060000,0,0,206552,46.0
05/05/2010,-1200,-14040000,11.7(4.46 %),0,0,1200,14040000,207752,45.98
06/05/2010,-100,-1220000,12.2(4.27 %),0,0,100,1220000,207852,45.98
07/05/2010,0,0,12.5(2.46 %),0,0,0,0,207852,45.98
10/05/2010,-12500,-161000000,13.1(4.80 %),1000,12000000,13500,173000000,220352,45.8
12/05/2010,0,0,13.1(-4.38 %),0,0,0,0,220352,45.8
13/05/2010,0,0,12.5(-4.58 %),0,0,0,0,220352,45.8
14/05/2010,-1000,-12700000,13.1(4.80 %),0,0,1000,12700000,221352,45.78
17/05/2010,0,0,12.5(-4.58 %),0,0,0,0,221352,45.78
18/05/2010,-2000,-23805000,12.5(0.00 %),0,0,2000,23805000,223352,45.75
19/05/2010,0,0,12.3(-1.60 %),0,0,0,0,223352,45.75
20/05/2010,0,0,12.4(0.81 %),0,0,0,0,223352,45.75
21/05/2010,0,0,11.8(-4.84 %),0,0,0,0,223352,45.75
24/05/2010,0,0,11.8(0.00 %),0,0,0,0,223352,45.75
25/05/2010,0,0,11.3(-4.24 %),0,0,0,0,223352,45.75
26/05/2010,0,0,11.8(4.42 %),0,0,0,0,223352,45.75
27/05/2010,160,1920000,12.3(4.24 %),160,1920000,0,0,223192,45.75
28/05/2010,0,0,12.7(3.25 %),0,0,0,0,223192,45.75
31/05/2010,100,1220000,12.1(-4.72 %),100,1220000,0,0,223092,45.76
01/06/2010,0,0,12.6(4.13 %),0,0,0,0,223092,45.76
02/06/2010,0,0,12(-4.76 %),0,0,0,0,223092,45.76
03/06/2010,0,0,12.5(4.17 %),0,0,0,0,223092,45.76
04/06/2010,0,0,13.1(4.80 %),0,0,0,0,223092,45.76
07/06/2010,6000,76200000,13(-0.76 %),6000,76200000,0,0,217092,45.84
08/06/2010,0,0,12.9(-0.77 %),0,0,0,0,217092,45.84
09/06/2010,0,0,12.3(-4.65 %),0,0,0,0,217092,45.84
10/06/2010,0,0,12(-2.44 %),0,0,0,0,217092,45.84
11/06/2010,0,0,12.3(2.50 %),0,0,0,0,217092,45.84
14/06/2010,0,0,12.3(0.00 %),0,0,0,0,217092,45.84
15/06/2010,0,0,12.3(0.00 %),0,0,0,0,217092,45.84
16/06/2010,0,0,12.3(0.00 %),0,0,0,0,217092,45.84
17/06/2010,0,0,12.3(0.00 %),0,0,0,0,217092,45.84
18/06/2010,0,0,12.3(0.00 %),0,0,0,0,217092,45.84
21/06/2010,0,0,12.9(4.88 %),0,0,0,0,217092,45.84
22/06/2010,0,0,12.5(-3.10 %),0,0,0,0,217092,45.84
23/06/2010,100,1260000,12.3(-1.60 %),100,1260000,0,0,216992,45.84
24/06/2010,0,0,12.2(-0.81 %),0,0,0,0,216992,45.84
25/06/2010,0,0,11.8(-3.28 %),0,0,0,0,216992,45.84
28/06/2010,0,0,12(1.69 %),0,0,0,0,216992,45.84
29/06/2010,-1000,-12000000,12.2(1.67 %),0,0,1000,12000000,217992,45.83
30/06/2010,0,0,12(-1.64 %),0,0,0,0,217992,45.83
01/07/2010,0,0,11.8(-1.67 %),0,0,0,0,217992,45.83
02/07/2010,0,0,12(1.69 %),0,0,0,0,217992,45.83
05/07/2010,0,0,11.9(-0.83 %),0,0,0,0,217992,45.83
06/07/2010,0,0,11.6(-2.52 %),0,0,0,0,217992,45.83
07/07/2010,0,0,11.2(-3.45 %),0,0,0,0,217992,45.83
08/07/2010,0,0,11.7(4.46 %),0,0,0,0,217992,45.83
09/07/2010,0,0,11.4(-2.56 %),0,0,0,0,217992,45.83
12/07/2010,0,0,11.6(1.75 %),0,0,0,0,217992,45.83
13/07/2010,0,0,12(3.45 %),0,0,0,0,217992,45.83
14/07/2010,0,0,11.5(-4.17 %),0,0,0,0,217992,45.83
15/07/2010,0,0,11.8(2.61 %),0,0,0,0,217992,45.83
16/07/2010,0,0,11.8(0.00 %),0,0,0,0,217992,45.83
19/07/2010,0,0,11.6(-1.69 %),0,0,0,0,217992,45.83
20/07/2010,0,0,11.7(0.86 %),0,0,0,0,217992,45.83
21/07/2010,0,0,12.1(3.42 %),0,0,0,0,217992,45.83
22/07/2010,-100,-1180000,11.7(-3.31 %),0,0,100,1180000,218092,45.83
23/07/2010,0,0,11.9(1.71 %),0,0,0,0,218092,45.83
26/07/2010,0,0,11.6(-2.52 %),0,0,0,0,218092,45.83
27/07/2010,0,0,11.9(2.59 %),0,0,0,0,218092,45.83
28/07/2010,0,0,11.5(-3.36 %),0,0,0,0,218092,45.83
29/07/2010,0,0,11.3(-1.74 %),0,0,0,0,218092,45.83
30/07/2010,150,1725000,11.3(0.00 %),150,1725000,0,0,217942,45.83
02/08/2010,0,0,11(-2.65 %),0,0,0,0,217942,45.83
03/08/2010,200,2280000,11.3(2.73 %),200,2280000,0,0,217742,45.83
04/08/2010,0,0,11.4(0.88 %),0,0,0,0,217742,45.83
05/08/2010,0,0,11.3(-0.88 %),0,0,0,0,217742,45.83
06/08/2010,0,0,11.3(0.00 %),0,0,0,0,217742,45.83
09/08/2010,0,0,10.8(-4.42 %),0,0,0,0,217742,45.83
10/08/2010,-2000,-20800000,10.3(-4.63 %),0,0,2000,20800000,219742,45.8
11/08/2010,0,0,10.8(4.85 %),0,0,0,0,0,49.0
12/08/2010,0,0,10.3(-4.63 %),0,0,0,0,219742,45.8
13/08/2010,17000,166600000,9.8(-4.85 %),23000,225400000,6000,58800000,202742,46.05
16/08/2010,14280,134232000,9.4(-4.08 %),14280,134232000,0,0,188462,46.26
17/08/2010,0,0,0(0.00 %),0,0,0,0,0,49.0
18/08/2010,0,0,0(0.00 %),0,0,0,0,188462,46.26
19/08/2010,0,0,0(0.00 %),0,0,0,0,0,0.0
20/08/2010,0,0,0(0.00 %),0,0,0,0,0,49.0
23/08/2010,0,0,0(0.00 %),0,0,0,0,0,0.0
26/01/2011,0,0,9.6(2.13 %),0,0,0,0,0,49.0
27/01/2011,-1000,-10000000,10(4.17 %),0,0,1000,10000000,1000,48.99
28/01/2011,0,0,10.5(5.00 %),0,0,0,0,1000,48.99
08/02/2011,-4600,-50600000,11(4.76 %),0,0,4600,50600000,5600,48.92
09/02/2011,0,0,11.5(4.55 %),0,0,0,0,5600,48.92
10/02/2011,0,0,12(4.35 %),0,0,0,0,5600,48.92
11/02/2011,0,0,12.6(5.00 %),0,0,0,0,5600,48.92
14/02/2011,0,0,13.2(4.76 %),0,0,0,0,5600,48.92
15/02/2011,0,0,12.6(-4.55 %),0,0,0,0,203065,46.05
16/02/2011,0,0,12(-4.76 %),0,0,0,0,203065,46.05
17/02/2011,0,0,11.4(-5.00 %),0,0,0,0,203065,46.05
18/02/2011,0,0,10.9(-4.39 %),0,0,0,0,203065,46.05
21/02/2011,-800,-8320000,10.4(-4.59 %),0,0,800,8320000,203865,46.03
22/02/2011,0,0,10(-3.85 %),0,0,0,0,203065,46.05
23/02/2011,0,0,10.5(5.00 %),0,0,0,0,203065,46.05
24/02/2011,0,0,11(4.76 %),0,0,0,0,203065,46.05
25/02/2011,0,0,11.4(3.64 %),0,0,0,0,203065,46.05
28/02/2011,0,0,10.9(-4.39 %),0,0,0,0,203065,46.05
01/03/2011,0,0,11.4(4.59 %),0,0,0,0,203065,46.05
02/03/2011,0,0,11.9(4.39 %),0,0,0,0,203065,46.05
03/03/2011,0,0,12.4(4.20 %),0,0,0,0,0,0.0
04/03/2011,0,0,13(4.84 %),0,0,0,0,0,0.0
07/03/2011,0,0,13.6(4.62 %),0,0,0,0,0,0.0
08/03/2011,0,0,14.2(4.41 %),0,0,0,0,0,0.0
09/03/2011,0,0,13.7(-3.52 %),0,0,0,0,0,0.0
10/03/2011,0,0,14.3(4.38 %),0,0,0,0,0,0.0
11/03/2011,-200,-3000000,15(4.90 %),200,3000000,400,6000000,0,0.0
14/03/2011,0,0,15.7(4.67 %),0,0,0,0,0,0.0
15/03/2011,2000,30000000,15(-4.46 %),2000,30000000,0,0,0,0.0
16/03/2011,0,0,14.3(-4.67 %),0,0,0,0,201665,46.07
17/03/2011,-41140,-559504000,13.6(-4.90 %),0,0,41140,559504000,242805,45.47
18/03/2011,0,0,14(2.94 %),0,0,0,0,242805,45.47
21/03/2011,0,0,14.7(5.00 %),0,0,0,0,242805,45.47
22/03/2011,0,0,15.4(4.76 %),0,0,0,0,242805,45.47
23/03/2011,1000,14700000,14.7(-4.55 %),1000,14700000,0,0,241805,45.48
24/03/2011,0,0,15.2(3.40 %),0,0,0,0,241805,45.48
25/03/2011,0,0,14.7(-3.29 %),0,0,0,0,241805,45.48
28/03/2011,0,0,15.4(4.76 %),0,0,0,0,241805,45.48
29/03/2011,0,0,14.8(-3.90 %),0,0,0,0,241805,45.48
30/03/2011,300,4650000,15.5(4.73 %),300,4650000,0,0,241505,45.49
31/03/2011,0,0,15.5(0.00 %),0,0,0,0,241505,45.49
01/04/2011,1700,27030000,15.9(2.58 %),1700,27030000,0,0,241905,45.48
04/04/2011,0,0,16.5(3.77 %),0,0,0,0,241905,45.48
05/04/2011,2000,31600000,15.8(-4.24 %),2000,31600000,0,0,239905,45.51
06/04/2011,0,0,16.5(4.43 %),0,0,0,0,239905,45.51
07/04/2011,0,0,15.7(-4.85 %),0,0,0,0,239905,45.51
08/04/2011,0,0,15.2(-3.18 %),0,0,0,0,239905,45.51
13/04/2011,0,0,15.2(0.00 %),0,0,0,0,239905,45.51
14/04/2011,0,0,15(-1.32 %),0,0,0,0,239905,45.51
15/04/2011,0,0,15.2(1.33 %),0,0,0,0,239905,45.51
18/04/2011,0,0,14.8(-2.63 %),0,0,0,0,239905,45.51
19/04/2011,0,0,14.7(-0.68 %),0,0,0,0,239905,45.51
20/04/2011,0,0,14.6(-0.68 %),0,0,0,0,239905,45.51
21/04/2011,0,0,15.3(4.79 %),0,0,0,0,239905,45.51
22/04/2011,0,0,15.3(0.00 %),0,0,0,0,239905,45.51
25/04/2011,-500,-8000000,16(4.58 %),0,0,500,8000000,240405,45.5
26/04/2011,0,0,15.4(-3.75 %),0,0,0,0,240405,45.5
27/04/2011,0,0,14.9(-3.25 %),0,0,0,0,240405,45.5
28/04/2011,0,0,14.9(0.00 %),0,0,0,0,240405,45.5
29/04/2011,500,7200000,14.4(-3.36 %),500,7200000,0,0,239905,45.51
04/05/2011,0,0,15.1(4.86 %),0,0,0,0,238207,45.54
05/05/2011,3000,47100000,15.7(3.97 %),3000,47100000,0,0,235207,45.58
06/05/2011,500,7850000,15.7(0.00 %),500,7850000,0,0,234707,45.59
09/05/2011,0,0,15.2(-3.18 %),0,0,0,0,234707,45.59
10/05/2011,500,7500000,15(-1.32 %),500,7500000,0,0,234207,45.59
11/05/2011,0,0,14.3(-4.67 %),0,0,0,0,234207,45.59
12/05/2011,0,0,13.6(-4.90 %),0,0,0,0,234207,45.59
13/05/2011,0,0,13.6(0.00 %),0,0,0,0,234207,45.59
16/05/2011,0,0,13.6(0.00 %),0,0,0,0,234207,45.59
17/05/2011,0,0,13(-4.41 %),0,0,0,0,234207,45.59
18/05/2011,0,0,12.6(-3.08 %),0,0,0,0,234207,45.59
19/05/2011,0,0,12.6(0.00 %),0,0,0,0,234207,45.59
20/05/2011,0,0,13.2(4.76 %),0,0,0,0,234207,45.59
23/05/2011,0,0,12.7(-3.79 %),0,0,0,0,234207,45.59
24/05/2011,0,0,12.2(-3.94 %),0,0,0,0,234207,45.59
25/05/2011,0,0,12(-1.64 %),0,0,0,0,234207,45.59
26/05/2011,50,630000,12.6(5.00 %),50,630000,0,0,234157,45.59
27/05/2011,0,0,13.2(4.76 %),0,0,0,0,234157,45.59
30/05/2011,-1000,-12600000,12.6(-4.55 %),0,0,1000,12600000,235157,45.58
31/05/2011,-13900,-168190000,12.1(-3.97 %),0,0,13900,168190000,249057,45.38
01/06/2011,-550,-6655000,12.1(0.00 %),0,0,550,6655000,234157,45.59
02/06/2011,0,0,12.1(0.00 %),0,0,0,0,234157,45.59
03/06/2011,-3500,-42000000,12(-0.83 %),0,0,3500,42000000,237657,45.54
06/06/2011,0,0,12(0.00 %),0,0,0,0,237657,45.54
07/06/2011,175890,2005146000,12(0.00 %),175890,2005146000,0,0,61767,48.1
08/06/2011,1100,13860000,12.6(5.00 %),1100,13860000,0,0,60667,48.12
09/06/2011,0,0,12.6(0.00 %),0,0,0,0,60667,48.12
10/06/2011,0,0,12.6(0.00 %),0,0,0,0,60667,48.12
13/06/2011,1000,12700000,12.7(0.79 %),1000,12700000,0,0,59667,48.13
14/06/2011,6000,76200000,12.7(0.00 %),6000,76200000,0,0,53667,48.22
15/06/2011,0,0,12.8(0.79 %),0,0,0,0,53667,48.22
16/06/2011,20,256000,12.8(0.00 %),120,1536000,100,1280000,53647,48.22
17/06/2011,0,0,12.9(0.78 %),0,0,0,0,53647,48.22
20/06/2011,2800,36680000,13.1(1.55 %),2800,36680000,0,0,50847,48.26
21/06/2011,100,1260000,12.6(-3.82 %),100,1260000,0,0,50747,48.26
22/06/2011,6000,79200000,13.2(4.76 %),6000,79200000,0,0,44747,48.35
23/06/2011,0,0,12.6(-4.55 %),0,0,0,0,44747,48.35
24/06/2011,700,8540000,12.2(-3.17 %),700,8540000,0,0,44047,48.36
27/06/2011,480,5616000,11.7(-4.10 %),480,5616000,0,0,43567,48.37
28/06/2011,0,0,11.4(-2.56 %),0,0,0,0,43567,48.37
29/06/2011,100,1180000,11.8(3.51 %),100,1180000,0,0,43467,48.37
30/06/2011,58917,665762000,11.8(0.00 %),58917,665762000,0,0,0,49.22
01/07/2011,0,0,11.8(0.00 %),0,0,0,0,0,49.0
04/07/2011,0,0,11.4(-3.39 %),0,0,0,0,0,49.0
05/07/2011,0,0,11(-3.51 %),0,0,0,0,0,49.0
06/07/2011,0,0,11(0.00 %),0,0,0,0,0,49.0
07/07/2011,0,0,10.5(-4.55 %),0,0,0,0,0,49.0
08/07/2011,0,0,10(-4.76 %),0,0,0,0,0,49.0
11/07/2011,0,0,9.5(-5.00 %),0,0,0,0,0,49.0
12/07/2011,0,0,9.1(-4.21 %),0,0,0,0,0,49.0
13/07/2011,0,0,8.7(-4.40 %),0,0,0,0,0,49.0
14/07/2011,0,0,8.3(-4.60 %),0,0,0,0,0,49.0
15/07/2011,0,0,8.3(0.00 %),0,0,0,0,0,49.0
18/07/2011,0,0,8.3(0.00 %),0,0,0,0,0,49.0
19/07/2011,0,0,8(-3.61 %),0,0,0,0,0,49.0
20/07/2011,0,0,7.6(-5.00 %),0,0,0,0,0,49.0
21/07/2011,0,0,7.5(-1.32 %),0,0,0,0,0,49.0
22/07/2011,0,0,7.5(0.00 %),0,0,0,0,0,49.0
25/07/2011,0,0,7.2(-4.00 %),0,0,0,0,0,49.0
26/07/2011,0,0,6.9(-4.17 %),0,0,0,0,0,49.0
27/07/2011,0,0,6.8(-1.45 %),0,0,0,0,0,49.0
28/07/2011,0,0,6.5(-4.41 %),0,0,0,0,0,49.0
29/07/2011,0,0,6.8(4.62 %),0,0,0,0,0,49.0
01/08/2011,0,0,6.5(-4.41 %),0,0,0,0,0,49.0
02/08/2011,0,0,6.2(-4.62 %),0,0,0,0,0,49.0
03/08/2011,0,0,6.2(0.00 %),0,0,0,0,0,49.0
04/08/2011,0,0,6.2(0.00 %),0,0,0,0,0,49.0
05/08/2011,0,0,6.5(4.84 %),0,0,0,0,0,49.0
08/08/2011,0,0,6.3(-3.08 %),0,0,0,0,0,49.0
09/08/2011,0,0,6(-4.76 %),0,0,0,0,0,49.0
10/08/2011,0,0,5.7(-5.00 %),2568812,14642228000,2568812,14642228000,0,49.0
11/08/2011,0,0,5.5(-3.51 %),0,0,0,0,0,49.0
12/08/2011,0,0,5.3(-3.64 %),0,0,0,0,0,49.0
15/08/2011,0,0,5.4(1.89 %),0,0,0,0,0,49.0
16/08/2011,0,0,5.3(-1.85 %),0,0,0,0,0,49.0
17/08/2011,0,0,5.3(0.00 %),0,0,0,0,0,49.0
18/08/2011,0,0,5.1(-3.77 %),0,0,0,0,0,49.0
19/08/2011,0,0,4.9(-3.92 %),0,0,0,0,0,49.0
22/08/2011,0,0,4.7(-4.08 %),0,0,0,0,0,49.0
23/08/2011,0,0,4.7(0.00 %),0,0,0,0,0,49.0
24/08/2011,0,0,4.5(-4.26 %),0,0,0,0,0,49.0
25/08/2011,0,0,4.5(0.00 %),0,0,0,0,0,49.0
26/08/2011,0,0,4.5(0.00 %),0,0,0,0,0,49.0
29/08/2011,0,0,4.7(4.44 %),0,0,0,0,0,49.0
30/08/2011,0,0,4.5(-4.26 %),0,0,0,0,0,49.0
31/08/2011,0,0,4.5(0.00 %),0,0,0,0,0,49.0
01/09/2011,0,0,4.5(0.00 %),0,0,0,0,0,49.0
05/09/2011,0,0,4.3(-4.44 %),0,0,0,0,0,49.0
06/09/2011,0,0,4.5(4.65 %),0,0,0,0,0,49.0
07/09/2011,0,0,4.5(0.00 %),0,0,0,0,0,49.0
08/09/2011,0,0,4.4(-2.22 %),0,0,0,0,0,49.0
09/09/2011,0,0,4.4(0.00 %),0,0,0,0,0,49.0
12/09/2011,0,0,4.6(4.55 %),0,0,0,0,0,49.0
13/09/2011,0,0,4.8(4.35 %),0,0,0,0,0,49.0
14/09/2011,0,0,5(4.17 %),0,0,0,0,0,49.0
15/09/2011,0,0,5.2(4.00 %),0,0,0,0,0,49.0
16/09/2011,0,0,5.4(3.85 %),0,0,0,0,0,49.0
19/09/2011,0,0,5.2(-3.70 %),0,0,0,0,0,49.0
20/09/2011,0,0,5(-3.85 %),0,0,0,0,0,49.0
21/09/2011,0,0,5(0.00 %),0,0,0,0,0,49.0
22/09/2011,0,0,5(0.00 %),0,0,0,0,0,49.0
23/09/2011,0,0,5(0.00 %),0,0,0,0,0,49.0
26/09/2011,0,0,5.2(4.00 %),0,0,0,0,0,49.0
27/09/2011,0,0,5.2(0.00 %),0,0,0,0,0,49.0
28/09/2011,0,0,5.2(0.00 %),0,0,0,0,0,49.0
29/09/2011,0,0,5.4(3.85 %),0,0,0,0,0,49.0
30/09/2011,0,0,5.4(0.00 %),0,0,0,0,0,49.0
03/10/2011,0,0,5.4(0.00 %),0,0,0,0,0,49.0
04/10/2011,0,0,5.4(0.00 %),0,0,0,0,0,49.0
05/10/2011,0,0,5.4(0.00 %),0,0,0,0,0,49.0
06/10/2011,-500,-2800000,5.6(3.70 %),0,0,500,2800000,0,49.0
07/10/2011,0,0,5.6(0.00 %),0,0,0,0,0,49.0
10/10/2011,0,0,5.6(0.00 %),0,0,0,0,0,49.0
11/10/2011,0,0,5.6(0.00 %),0,0,0,0,0,49.0
12/10/2011,0,0,5.6(0.00 %),0,0,0,0,500,48.99
13/10/2011,0,0,5.6(0.00 %),0,0,0,0,500,48.99
14/10/2011,0,0,5.6(0.00 %),0,0,0,0,500,48.99
17/10/2011,0,0,5.6(0.00 %),0,0,0,0,500,48.99
18/10/2011,0,0,5.6(0.00 %),0,0,0,0,500,48.99
19/10/2011,0,0,5.6(0.00 %),0,0,0,0,500,48.99
20/10/2011,0,0,5.6(0.00 %),0,0,0,0,500,48.99
21/10/2011,0,0,5.6(0.00 %),0,0,0,0,500,48.99
24/10/2011,0,0,5.6(0.00 %),0,0,0,0,500,48.99
25/10/2011,0,0,5.6(0.00 %),0,0,0,0,500,48.99
26/10/2011,0,0,5.6(0.00 %),0,0,0,0,500,48.99
27/10/2011,0,0,5.6(0.00 %),0,0,0,0,500,48.99
28/10/2011,0,0,5.6(0.00 %),0,0,0,0,500,48.99
31/10/2011,0,0,5.6(0.00 %),0,0,0,0,500,48.99
01/11/2011,0,0,5.6(0.00 %),0,0,0,0,500,48.99
02/11/2011,0,0,5.8(3.57 %),0,0,0,0,500,48.99
03/11/2011,0,0,5.6(-3.45 %),0,0,0,0,500,48.99
04/11/2011,0,0,5.6(0.00 %),0,0,0,0,500,48.99
07/11/2011,0,0,5.6(0.00 %),0,0,0,0,500,48.99
08/11/2011,0,0,5.6(0.00 %),0,0,0,0,500,48.99
09/11/2011,0,0,5.6(0.00 %),0,0,0,0,500,48.99
10/11/2011,0,0,5.6(0.00 %),0,0,0,0,500,48.99
11/11/2011,0,0,5.6(0.00 %),0,0,0,0,500,48.99
14/11/2011,0,0,5.6(0.00 %),0,0,0,0,500,48.99
15/11/2011,0,0,5.4(-3.57 %),0,0,0,0,500,48.99
16/11/2011,0,0,5.4(0.00 %),0,0,0,0,500,48.99
17/11/2011,0,0,5.4(0.00 %),0,0,0,0,500,48.99
18/11/2011,0,0,5.4(0.00 %),0,0,0,0,500,48.99
21/11/2011,0,0,5.4(0.00 %),0,0,0,0,500,48.99
22/11/2011,0,0,5.4(0.00 %),0,0,0,0,500,48.99
23/11/2011,0,0,5.4(0.00 %),0,0,0,0,500,48.99
24/11/2011,0,0,5.4(0.00 %),0,0,0,0,500,48.99
25/11/2011,0,0,5.4(0.00 %),0,0,0,0,500,48.99
28/11/2011,0,0,5.2(-3.70 %),0,0,0,0,500,48.99
29/11/2011,0,0,5.4(3.85 %),0,0,0,0,500,48.99
30/11/2011,0,0,5.4(0.00 %),0,0,0,0,500,48.99
01/12/2011,0,0,5.4(0.00 %),0,0,0,0,500,48.99
02/12/2011,0,0,5.4(0.00 %),0,0,0,0,500,48.99
05/12/2011,0,0,5.4(0.00 %),0,0,0,0,500,48.99
06/12/2011,0,0,5.6(3.70 %),0,0,0,0,500,48.99
07/12/2011,0,0,5.8(3.57 %),0,0,0,0,500,48.99
08/12/2011,0,0,5.6(-3.45 %),0,0,0,0,500,48.99
09/12/2011,0,0,5.8(3.57 %),0,0,0,0,500,48.99
12/12/2011,0,0,5.6(-3.45 %),0,0,0,0,500,48.99
13/12/2011,0,0,5.8(3.57 %),0,0,0,0,500,48.99
14/12/2011,0,0,5.8(0.00 %),0,0,0,0,500,48.99
15/12/2011,0,0,6(3.45 %),0,0,0,0,500,48.99
16/12/2011,0,0,6.3(5.00 %),0,0,0,0,500,48.99
19/12/2011,0,0,6.6(4.76 %),0,0,0,0,500,48.99
20/12/2011,0,0,6.3(-4.55 %),0,0,0,0,500,48.99
21/12/2011,0,0,6(-4.76 %),0,0,0,0,500,48.99
22/12/2011,0,0,5.7(-5.00 %),0,0,0,0,500,48.99
23/12/2011,0,0,5.5(-3.51 %),0,0,0,0,500,48.99
26/12/2011,0,0,5.3(-3.64 %),0,0,0,0,500,48.99
27/12/2011,0,0,5.1(-3.77 %),0,0,0,0,500,48.99
28/12/2011,0,0,4.9(-3.92 %),0,0,0,0,500,48.99
29/12/2011,-9600,-45120000,4.7(-4.08 %),0,0,9600,45120000,10100,48.85
30/12/2011,0,0,4.7(0.00 %),0,0,0,0,10100,48.85
03/01/2012,0,0,4.9(4.26 %),0,0,0,0,500,48.99
04/01/2012,0,0,4.9(0.00 %),0,0,0,0,500,48.99
05/01/2012,0,0,5.1(4.08 %),0,0,0,0,500,48.99
06/01/2012,0,0,5.3(3.92 %),0,0,0,0,500,48.99
09/01/2012,0,0,5.1(-3.77 %),0,0,0,0,500,48.99
10/01/2012,0,0,4.9(-3.92 %),0,0,0,0,500,48.99
11/01/2012,0,0,4.7(-4.08 %),0,0,0,0,500,48.99
12/01/2012,0,0,4.7(0.00 %),0,0,0,0,500,48.99
13/01/2012,0,0,4.5(-4.26 %),0,0,0,0,500,48.99
16/01/2012,0,0,4.3(-4.44 %),0,0,0,0,500,48.99
17/01/2012,0,0,4.1(-4.65 %),0,0,0,0,500,48.99
18/01/2012,0,0,4.1(0.00 %),0,0,0,0,500,48.99
19/01/2012,0,0,4.1(0.00 %),0,0,0,0,500,48.99
20/01/2012,0,0,4.1(0.00 %),0,0,0,0,500,48.99
30/01/2012,0,0,4.1(0.00 %),0,0,0,0,500,48.99
31/01/2012,0,0,4(-2.44 %),0,0,0,0,500,48.99
01/02/2012,0,0,3.8(-5.00 %),0,0,0,0,10100,48.85
02/02/2012,0,0,3.7(-2.63 %),0,0,0,0,10100,48.85
03/02/2012,0,0,3.7(0.00 %),0,0,0,0,10100,48.85
06/02/2012,0,0,3.6(-2.70 %),0,0,0,0,10100,48.85
07/02/2012,0,0,3.7(2.78 %),0,0,0,0,10100,48.85
08/02/2012,0,0,3.8(2.70 %),0,0,0,0,10100,48.85
09/02/2012,0,0,3.8(0.00 %),0,0,0,0,10100,48.85
10/02/2012,0,0,3.8(0.00 %),0,0,0,0,10100,48.85
13/02/2012,0,0,3.8(0.00 %),1237469,4578635000,1237469,4578635000,10100,48.85
14/02/2012,0,0,3.8(0.00 %),0,0,0,0,10100,48.85
15/02/2012,0,0,3.8(0.00 %),0,0,0,0,10100,48.85
16/02/2012,0,0,3.8(0.00 %),0,0,0,0,10100,48.85
17/02/2012,0,0,3.9(2.63 %),0,0,0,0,10100,48.85
20/02/2012,0,0,4(2.56 %),0,0,0,0,10100,48.85
21/02/2012,0,0,4.2(5.00 %),0,0,0,0,10100,48.85
22/02/2012,0,0,4(-4.76 %),0,0,0,0,10100,48.85
23/02/2012,0,0,4.2(5.00 %),0,0,0,0,10100,48.85
24/02/2012,0,0,4.4(4.76 %),0,0,0,0,10100,48.85
27/02/2012,0,0,4.6(4.55 %),0,0,0,0,10100,48.85
28/02/2012,0,0,4.4(-4.35 %),0,0,0,0,10100,48.85
29/02/2012,0,0,4.6(4.55 %),0,0,0,0,10100,48.85
01/03/2012,0,0,4.8(4.35 %),0,0,0,0,10100,48.85
02/03/2012,0,0,5(4.17 %),0,0,0,0,10100,48.85
05/03/2012,0,0,5(0.00 %),0,0,0,0,10100,48.85
06/03/2012,0,0,4.8(-4.00 %),0,0,0,0,10100,48.85
07/03/2012,0,0,5(4.17 %),0,0,0,0,10100,48.85
08/03/2012,0,0,5(0.00 %),0,0,0,0,10100,48.85
09/03/2012,0,0,5.2(4.00 %),0,0,0,0,10100,48.85
12/03/2012,0,0,5.4(3.85 %),0,0,0,0,10100,48.85
13/03/2012,0,0,5.6(3.70 %),0,0,0,0,10100,48.85
14/03/2012,0,0,5.4(-3.57 %),0,0,0,0,10100,48.85
15/03/2012,0,0,5.6(3.70 %),0,0,0,0,10100,48.85
16/03/2012,0,0,5.4(-3.57 %),0,0,0,0,10100,48.85
19/03/2012,0,0,5.4(0.00 %),0,0,0,0,10100,48.85
20/03/2012,0,0,5.3(-1.85 %),0,0,0,0,10100,48.85
21/03/2012,0,0,5.3(0.00 %),0,0,0,0,10100,48.85
22/03/2012,0,0,5.1(-3.77 %),0,0,0,0,10100,48.85
23/03/2012,0,0,5.1(0.00 %),0,0,0,0,10100,48.85
26/03/2012,0,0,4.9(-3.92 %),0,0,0,0,10100,48.85
27/03/2012,0,0,4.9(0.00 %),0,0,0,0,10100,48.85
28/03/2012,0,0,4.7(-4.08 %),0,0,0,0,10100,48.85
29/03/2012,-2200,-10340000,4.7(0.00 %),0,0,2200,10340000,12300,48.82
30/03/2012,0,0,4.7(0.00 %),0,0,0,0,12300,48.82
03/04/2012,0,0,4.7(0.00 %),0,0,0,0,10100,48.85
04/04/2012,0,0,4.5(-4.26 %),0,0,0,0,10100,48.85
05/04/2012,0,0,4.7(4.44 %),0,0,0,0,10100,48.85
06/04/2012,0,0,4.7(0.00 %),0,0,0,0,10100,48.85
09/04/2012,0,0,4.9(4.26 %),0,0,0,0,10100,48.85
10/04/2012,0,0,5.1(4.08 %),0,0,0,0,10100,48.85
11/04/2012,0,0,5.3(3.92 %),0,0,0,0,10100,48.85
12/04/2012,0,0,5.5(3.77 %),0,0,0,0,10100,48.85
13/04/2012,0,0,5.7(3.64 %),0,0,0,0,10100,48.85
16/04/2012,0,0,5.9(3.51 %),0,0,0,0,10100,48.85
17/04/2012,0,0,6.1(3.39 %),0,0,0,0,10100,48.85
18/04/2012,0,0,6.4(4.92 %),0,0,0,0,10100,48.85
19/04/2012,0,0,6.7(4.69 %),0,0,0,0,10100,48.85
20/04/2012,0,0,7(4.48 %),0,0,0,0,10100,48.85
23/04/2012,0,0,7(0.00 %),0,0,0,0,10100,48.85
24/04/2012,0,0,7.3(4.29 %),0,0,0,0,10100,48.85
25/04/2012,0,0,7(-4.11 %),0,0,0,0,10100,48.85
26/04/2012,0,0,6.7(-4.29 %),0,0,0,0,10100,48.85
27/04/2012,0,0,6.5(-2.99 %),0,0,0,0,10100,48.85
02/05/2012,0,0,6.2(-4.62 %),0,0,0,0,12300,48.82
03/05/2012,0,0,5.9(-4.84 %),0,0,0,0,12300,48.82
04/05/2012,0,0,6.1(3.39 %),0,0,0,0,12300,48.82
07/05/2012,0,0,6.4(4.92 %),0,0,0,0,12300,48.82
08/05/2012,0,0,6.7(4.69 %),0,0,0,0,12300,48.82
09/05/2012,0,0,6.4(-4.48 %),0,0,0,0,12300,48.82
10/05/2012,0,0,6.1(-4.69 %),0,0,0,0,12300,48.82
11/05/2012,0,0,5.8(-4.92 %),0,0,0,0,12300,48.82
14/05/2012,0,0,5.6(-3.45 %),0,0,0,0,12300,48.82
15/05/2012,0,0,5.4(-3.57 %),0,0,0,0,12300,48.82
16/05/2012,0,0,5.2(-3.70 %),0,0,0,0,12300,48.82
17/05/2012,0,0,5(-3.85 %),0,0,0,0,12300,48.82
18/05/2012,0,0,4.8(-4.00 %),0,0,0,0,12300,48.82
21/05/2012,0,0,4.6(-4.17 %),0,0,0,0,12300,48.82
22/05/2012,0,0,4.4(-4.35 %),0,0,0,0,12300,48.82
23/05/2012,0,0,4.2(-4.55 %),0,0,0,0,12300,48.82
24/05/2012,0,0,4(-4.76 %),0,0,0,0,12300,48.82
25/05/2012,0,0,3.8(-5.00 %),0,0,0,0,12300,48.82
28/05/2012,0,0,3.8(0.00 %),0,0,0,0,12300,48.82
29/05/2012,0,0,3.7(-2.63 %),0,0,0,0,12300,48.82
30/05/2012,0,0,3.7(0.00 %),0,0,0,0,12300,48.82
31/05/2012,0,0,3.7(0.00 %),0,0,0,0,12300,48.82
01/06/2012,0,0,3.7(0.00 %),0,0,0,0,12300,48.82
04/06/2012,0,0,3.7(0.00 %),0,0,0,0,12300,48.82
05/06/2012,0,0,3.7(0.00 %),0,0,0,0,12300,48.82
06/06/2012,0,0,3.7(0.00 %),0,0,0,0,12300,48.82
07/06/2012,0,0,3.7(0.00 %),0,0,0,0,12300,48.82
08/06/2012,0,0,3.7(0.00 %),0,0,0,0,12300,48.82
11/06/2012,990,3663000,3.7(0.00 %),990,3663000,0,0,11310,48.84
12/06/2012,0,0,3.7(0.00 %),0,0,0,0,11310,48.84
13/06/2012,0,0,3.8(2.70 %),0,0,0,0,11310,48.84
14/06/2012,0,0,3.8(0.00 %),0,0,0,0,11310,48.84
15/06/2012,0,0,3.9(2.63 %),0,0,0,0,11310,48.84
18/06/2012,0,0,4(2.56 %),0,0,0,0,11310,48.84
19/06/2012,10,40000,4(0.00 %),10,40000,0,0,11300,48.84
20/06/2012,100,400000,4(0.00 %),100,400000,0,0,11200,48.84
21/06/2012,30,126000,4.2(5.00 %),30,126000,0,0,11170,48.84
22/06/2012,0,0,4.2(0.00 %),0,0,0,0,11170,48.84
25/06/2012,550,2310000,4.2(0.00 %),550,2310000,0,0,10620,48.85
26/06/2012,620,2604000,4.2(0.00 %),620,2604000,0,0,10000,48.85
27/06/2012,150,660000,4.4(4.76 %),150,660000,0,0,9850,48.86
28/06/2012,10,46000,4.6(4.55 %),40,184000,30,138000,9840,48.86
29/06/2012,10,48000,4.8(4.35 %),10,48000,0,0,9830,48.86
02/07/2012,0,0,5(4.17 %),1938327,8916304000,1938327,8916304000,9800,48.86
03/07/2012,10,50000,5(0.00 %),2510,12550000,2500,12500000,9790,48.86
04/07/2012,0,0,5.2(4.00 %),0,0,0,0,9790,48.86
05/07/2012,10,54000,5.4(3.85 %),10,54000,0,0,9780,48.86
06/07/2012,10,56000,5.6(3.70 %),10,56000,0,0,9770,48.86
09/07/2012,10,58000,5.8(3.57 %),10,58000,0,0,9760,48.86
10/07/2012,240,1440000,6(3.45 %),240,1440000,0,0,9520,48.86
11/07/2012,920,5520000,6(0.00 %),920,5520000,0,0,8600,48.87
12/07/2012,0,0,6.3(5.00 %),0,0,0,0,8600,48.87
13/07/2012,300,1980000,6.6(4.76 %),300,1980000,0,0,8300,48.88
16/07/2012,0,0,6.9(4.55 %),0,0,0,0,8300,48.88
17/07/2012,410,2952000,7.2(4.35 %),410,2952000,0,0,7890,48.89
18/07/2012,2530,18975000,7.5(4.17 %),2530,18975000,0,0,5360,48.92
19/07/2012,610,4758000,7.8(4.00 %),610,4758000,0,0,4750,48.93
20/07/2012,0,0,8.1(3.85 %),0,0,0,0,4750,48.93
23/07/2012,0,0,8.5(4.94 %),0,0,0,0,4750,48.93
24/07/2012,0,0,8.9(4.71 %),0,0,0,0,4750,48.93
25/07/2012,0,0,8.9(0.00 %),0,0,0,0,4750,48.93
26/07/2012,0,0,9(1.12 %),0,0,0,0,4750,48.93
27/07/2012,0,0,8.6(-4.44 %),0,0,0,0,4750,48.93
30/07/2012,0,0,8.6(0.00 %),0,0,0,0,4750,48.93
31/07/2012,0,0,8.2(-4.65 %),0,0,0,0,4750,48.93
01/08/2012,0,0,8.6(4.88 %),0,0,0,0,4780,48.93
02/08/2012,0,0,9(4.65 %),0,0,0,0,4780,48.93
03/08/2012,0,0,9.4(4.44 %),0,0,0,0,4780,48.93
06/08/2012,0,0,9.8(4.26 %),0,0,0,0,4780,48.93
07/08/2012,0,0,10.2(4.08 %),0,0,0,0,4780,48.93
08/08/2012,1000,10700000,10.7(4.90 %),1000,10700000,0,0,3780,48.95
09/08/2012,0,0,11.2(4.67 %),0,0,0,0,3780,48.95
10/08/2012,3780,44226000,11.7(4.46 %),3780,44226000,0,0,0,49.0
13/08/2012,-100,-1220000,12.2(4.27 %),0,0,100,1220000,0,49.0
14/08/2012,0,0,12.2(0.00 %),0,0,0,0,0,49.0
15/08/2012,0,0,12.2(0.00 %),0,0,0,0,0,49.0
16/08/2012,0,0,12.2(0.00 %),0,0,0,0,0,49.0
17/08/2012,-900,-11520000,12.8(4.92 %),0,0,900,11520000,100,49.0
20/08/2012,100,1220000,12.2(-4.69 %),100,1220000,0,0,0,49.0
21/08/2012,-4000,-46400000,11.6(-4.92 %),0,0,4000,46400000,0,49.0
22/08/2012,0,0,11.5(-0.86 %),0,0,0,0,0,49.0
23/08/2012,0,0,11.5(0.00 %),0,0,0,0,900,48.99
24/08/2012,0,0,11.5(0.00 %),0,0,0,0,900,48.99
27/08/2012,0,0,11.5(0.00 %),0,0,0,0,900,48.99
28/08/2012,0,0,11(-4.35 %),0,0,0,0,900,48.99
29/08/2012,1000,10600000,10.6(-3.64 %),1000,10600000,0,0,0,49.0
30/08/2012,0,0,10.6(0.00 %),0,0,0,0,3900,48.94
31/08/2012,0,0,10.2(-3.77 %),0,0,0,0,3900,48.94
04/09/2012,0,0,10.2(0.00 %),0,0,0,0,3900,48.94
05/09/2012,0,0,10.2(0.00 %),0,0,0,0,3900,48.94
06/09/2012,0,0,10.2(0.00 %),0,0,0,0,3900,48.94
07/09/2012,0,0,10.2(0.00 %),0,0,0,0,3900,48.94
10/09/2012,-1000,-10200000,10.2(0.00 %),0,0,1000,10200000,4900,48.93
11/09/2012,0,0,9.7(-4.90 %),0,0,0,0,4900,48.93
12/09/2012,10,97000,9.7(0.00 %),10,97000,0,0,4890,48.93
13/09/2012,0,0,9.7(0.00 %),0,0,0,0,4890,48.93
14/09/2012,0,0,9.7(0.00 %),0,0,0,0,4890,48.93
17/09/2012,0,0,9.3(-4.12 %),0,0,0,0,4890,48.93
18/09/2012,0,0,8.9(-4.30 %),0,0,0,0,4890,48.93
19/09/2012,0,0,9.3(4.49 %),0,0,0,0,4890,48.93
20/09/2012,0,0,9.7(4.30 %),0,0,0,0,4890,48.93
21/09/2012,0,0,10.1(4.12 %),0,0,0,0,4890,48.93
24/09/2012,0,0,10.6(4.95 %),0,0,0,0,4890,48.93
25/09/2012,-4500,-49950000,11.1(4.72 %),0,0,4500,49950000,9390,48.86
26/09/2012,500,5550000,11.1(0.00 %),500,5550000,0,0,8890,48.87
27/09/2012,0,0,11.6(4.50 %),0,0,0,0,8890,48.87
28/09/2012,400,4840000,12.1(4.31 %),400,4840000,0,0,8490,48.88
01/10/2012,0,0,12.7(4.96 %),0,0,0,0,8490,48.88
02/10/2012,3290,43757000,13.3(4.72 %),3290,43757000,0,0,5200,48.92
03/10/2012,0,0,13.9(4.51 %),0,0,0,0,5200,48.92
04/10/2012,0,0,13.9(0.00 %),0,0,0,0,5200,48.92
05/10/2012,0,0,14.5(4.32 %),0,0,0,0,5200,48.92
08/10/2012,0,0,14.5(0.00 %),0,0,0,0,5200,48.92
09/10/2012,0,0,15.2(4.83 %),0,0,0,0,5200,48.92
10/10/2012,0,0,15.9(4.61 %),0,0,0,0,5200,48.92
11/10/2012,0,0,15.2(-4.40 %),0,0,0,0,5200,48.92
12/10/2012,0,0,14.5(-4.61 %),0,0,0,0,5200,48.92
15/10/2012,0,0,13.8(-4.83 %),0,0,0,0,5200,48.92
16/10/2012,0,0,13.2(-4.35 %),0,0,0,0,5200,48.92
17/10/2012,0,0,12.6(-4.55 %),0,0,0,0,5200,48.92
18/10/2012,0,0,12(-4.76 %),0,0,0,0,5200,48.92
19/10/2012,0,0,12(0.00 %),0,0,0,0,5200,48.92
22/10/2012,0,0,12(0.00 %),0,0,0,0,5200,48.92
23/10/2012,0,0,12.5(4.17 %),0,0,0,0,5200,48.92
24/10/2012,0,0,12.5(0.00 %),0,0,0,0,5200,48.92
25/10/2012,0,0,12.5(0.00 %),0,0,0,0,5200,48.92
26/10/2012,0,0,12.5(0.00 %),0,0,0,0,5200,3.86
29/10/2012,0,0,12.5(0.00 %),0,0,0,0,5200,48.92
30/10/2012,0,0,13.1(4.80 %),0,0,0,0,5200,48.92
31/10/2012,0,0,13.1(0.00 %),0,0,0,0,5200,48.92
01/11/2012,0,0,13.7(4.58 %),0,0,0,0,5200,48.92
02/11/2012,0,0,14.3(4.38 %),0,0,0,0,5200,48.92
05/11/2012,0,0,15(4.90 %),0,0,0,0,5200,48.92
06/11/2012,0,0,15.7(4.67 %),0,0,0,0,5200,48.92
07/11/2012,0,0,15.7(0.00 %),0,0,0,0,5200,48.92
08/11/2012,0,0,15.7(0.00 %),0,0,0,0,5200,48.92
09/11/2012,0,0,15(-4.46 %),0,0,0,0,5200,48.92
12/11/2012,-1610,-23023000,14.3(-4.67 %),0,0,1610,23023000,6810,48.9
13/11/2012,0,0,14.3(0.00 %),0,0,0,0,6810,48.9
14/11/2012,0,0,14.3(0.00 %),0,0,0,0,6810,48.9
15/11/2012,0,0,14.3(0.00 %),0,0,0,0,6810,48.9
16/11/2012,0,0,14.3(0.00 %),0,0,0,0,6810,48.9
19/11/2012,0,0,13.6(-4.90 %),0,0,0,0,6810,48.9
20/11/2012,0,0,13(-4.41 %),0,0,0,0,6810,48.9
21/11/2012,0,0,12.4(-4.62 %),0,0,0,0,6810,48.9
22/11/2012,10,124000,12.4(0.00 %),10,124000,0,0,6800,48.9
23/11/2012,0,0,12.4(0.00 %),0,0,0,0,6800,48.9
26/11/2012,0,0,12.4(0.00 %),0,0,0,0,6800,48.9
27/11/2012,0,0,12.4(0.00 %),0,0,0,0,6800,48.9
28/11/2012,0,0,12.4(0.00 %),0,0,0,0,6800,48.9
29/11/2012,0,0,12.4(0.00 %),0,0,0,0,6800,48.9
30/11/2012,0,0,12.4(0.00 %),0,0,0,0,6800,48.9
03/12/2012,0,0,12.4(0.00 %),0,0,0,0,6800,48.9
04/12/2012,0,0,12.4(0.00 %),0,0,0,0,6800,48.9
05/12/2012,0,0,12.4(0.00 %),0,0,0,0,6800,48.9
06/12/2012,0,0,12.4(0.00 %),0,0,0,0,6800,48.9
07/12/2012,0,0,12.4(0.00 %),0,0,0,0,6800,48.9
10/12/2012,0,0,12.4(0.00 %),0,0,0,0,6800,48.9
11/12/2012,0,0,13(4.84 %),0,0,0,0,6800,48.9
12/12/2012,0,0,13(0.00 %),0,0,0,0,6800,48.9
13/12/2012,0,0,13.6(4.62 %),0,0,0,0,6800,48.9
14/12/2012,0,0,13.6(0.00 %),0,0,0,0,6800,48.9
17/12/2012,0,0,14.2(4.41 %),0,0,0,0,6800,48.9
18/12/2012,0,0,14.9(4.93 %),0,0,0,0,6800,48.9
19/12/2012,0,0,14.9(0.00 %),0,0,0,0,6800,48.9
20/12/2012,0,0,14.9(0.00 %),0,0,0,0,6800,48.9
21/12/2012,0,0,14.9(0.00 %),0,0,0,0,6800,48.9
24/12/2012,0,0,14.9(0.00 %),0,0,0,0,6800,48.9
25/12/2012,0,0,14.9(0.00 %),0,0,0,0,6800,48.9
26/12/2012,0,0,14.9(0.00 %),0,0,0,0,6800,48.9
27/12/2012,0,0,14.9(0.00 %),0,0,0,0,6800,48.9
28/12/2012,0,0,14.9(0.00 %),0,0,0,0,6800,48.9
02/01/2013,0,0,15.5(4.03 %),0,0,0,0,6800,48.9
03/01/2013,0,0,15.5(0.00 %),0,0,0,0,6800,48.9
04/01/2013,0,0,15.5(0.00 %),0,0,0,0,6800,48.9
07/01/2013,0,0,16(3.23 %),0,0,0,0,6800,48.9
08/01/2013,0,0,16(0.00 %),0,0,0,0,6800,48.9
09/01/2013,0,0,16.5(3.12 %),0,0,0,0,6800,48.9
10/01/2013,0,0,15.7(-4.85 %),0,0,0,0,6800,48.9
11/01/2013,0,0,15(-4.46 %),0,0,0,0,6800,48.9
14/01/2013,0,0,14.3(-4.67 %),0,0,0,0,6800,48.9
15/01/2013,0,0,13.3(-6.99 %),0,0,0,0,6800,48.9
16/01/2013,0,0,13.3(0.00 %),0,0,0,0,6800,48.9
17/01/2013,0,0,12.4(-6.77 %),0,0,0,0,6800,48.9
18/01/2013,40,496000,12.4(0.00 %),40,496000,0,0,6760,48.9
21/01/2013,0,0,12.4(0.00 %),0,0,0,0,6760,48.9
22/01/2013,0,0,11.8(-4.84 %),0,0,0,0,6760,48.9
23/01/2013,0,0,11.8(0.00 %),0,0,0,0,6760,48.9
24/01/2013,0,0,11.8(0.00 %),0,0,0,0,6760,48.9
25/01/2013,0,0,11.8(0.00 %),0,0,0,0,6760,48.9
28/01/2013,0,0,11.8(0.00 %),0,0,0,0,6760,48.9
29/01/2013,0,0,11.8(0.00 %),0,0,0,0,6760,48.9
30/01/2013,0,0,11(-6.78 %),0,0,0,0,6760,48.9
31/01/2013,0,0,11(0.00 %),0,0,0,0,6760,48.9
01/02/2013,-10390,-107017000,10.3(-6.36 %),0,0,10390,107017000,6760,48.9
04/02/2013,0,0,10.3(0.00 %),0,0,0,0,6760,48.9
05/02/2013,0,0,10.3(0.00 %),0,0,0,0,6760,48.9
06/02/2013,0,0,10.3(0.00 %),0,0,0,0,6760,48.9
07/02/2013,0,0,10.3(0.00 %),0,0,0,0,6760,48.9
08/02/2013,0,0,10.3(0.00 %),0,0,0,0,6760,48.9
18/02/2013,0,0,10.3(0.00 %),0,0,0,0,6760,48.9
19/02/2013,0,0,10.3(0.00 %),0,0,0,0,6760,48.9
20/02/2013,0,0,10.3(0.00 %),0,0,0,0,6760,48.9
21/02/2013,-2200,-21340000,9.7(-5.83 %),0,0,2200,21340000,8960,48.87
22/02/2013,0,0,9.7(0.00 %),0,0,0,0,8960,48.87
25/02/2013,0,0,9.7(0.00 %),0,0,0,0,8960,48.87
26/02/2013,0,0,9.7(0.00 %),0,0,0,0,8960,48.87
27/02/2013,0,0,9.7(0.00 %),0,0,0,0,8960,48.87
28/02/2013,0,0,9.7(0.00 %),0,0,0,0,8960,48.87
01/03/2013,60,588000,9.8(1.03 %),60,588000,0,0,19290,48.72
04/03/2013,0,0,9.8(0.00 %),0,0,0,0,19290,48.72
05/03/2013,0,0,9.8(0.00 %),0,0,0,0,19290,48.72
06/03/2013,0,0,9.8(0.00 %),0,0,0,0,19290,48.72
07/03/2013,0,0,9.8(0.00 %),0,0,0,0,19290,48.72
08/03/2013,0,0,9.8(0.00 %),0,0,0,0,19290,48.72
11/03/2013,0,0,9.8(0.00 %),0,0,0,0,19290,48.72
12/03/2013,0,0,9.8(0.00 %),0,0,0,0,19290,48.72
13/03/2013,0,0,9.8(0.00 %),0,0,0,0,19290,48.72
14/03/2013,0,0,9.8(0.00 %),0,0,0,0,19290,48.72
15/03/2013,0,0,9.8(0.00 %),0,0,0,0,19290,48.72
18/03/2013,0,0,9.8(0.00 %),0,0,0,0,19290,48.72
19/03/2013,0,0,9.8(0.00 %),0,0,0,0,19290,48.72
20/03/2013,0,0,9.8(0.00 %),0,0,0,0,19290,48.72
21/03/2013,0,0,9.8(0.00 %),0,0,0,0,19290,48.72
22/03/2013,0,0,9.8(0.00 %),0,0,0,0,19290,48.72
25/03/2013,0,0,9.8(0.00 %),0,0,0,0,19290,48.72
26/03/2013,0,0,9.8(0.00 %),0,0,0,0,19290,48.72
27/03/2013,0,0,9.8(0.00 %),0,0,0,0,19290,48.72
28/03/2013,0,0,9.8(0.00 %),0,0,0,0,19290,48.72
29/03/2013,0,0,9.8(0.00 %),0,0,0,0,19290,48.72
01/04/2013,0,0,9.2(-6.12 %),0,0,0,0,19290,48.72
02/04/2013,-4800,-47040000,9.8(6.52 %),0,0,4800,47040000,24090,48.65
03/04/2013,-3000,-27600000,9.2(-6.12 %),0,0,3000,27600000,27090,48.61
04/04/2013,0,0,9.2(0.00 %),0,0,0,0,27090,48.61
05/04/2013,0,0,9.2(0.00 %),0,0,0,0,27090,48.61
08/04/2013,0,0,8.6(-6.52 %),0,0,0,0,27090,48.61
09/04/2013,7750,66650000,8.6(0.00 %),7800,67080000,50,430000,19340,48.72
10/04/2013,0,0,8.1(-5.81 %),0,0,0,0,19340,48.72
11/04/2013,-1200,-9120000,7.6(-6.17 %),0,0,1200,9120000,20540,48.7
12/04/2013,15590,118484000,7.6(0.00 %),19290,146604000,3700,28120000,4950,48.93
15/04/2013,0,0,7.6(0.00 %),0,0,0,0,4950,48.93
16/04/2013,0,0,7.6(0.00 %),0,0,0,0,4950,48.93
17/04/2013,-16750,-135675000,8.1(6.58 %),1250,10125000,18000,145800000,21700,48.68
18/04/2013,3700,31820000,8.6(6.17 %),3700,31820000,0,0,18000,48.74
22/04/2013,-900,-7740000,8.6(0.00 %),0,0,900,7740000,18900,48.73
23/04/2013,0,0,8(-6.98 %),0,0,0,0,18900,48.73
24/04/2013,18000,151200000,8.4(5.00 %),18000,151200000,0,0,900,48.99
25/04/2013,0,0,8.9(5.95 %),0,0,0,0,900,48.99
26/04/2013,900,8550000,9.5(6.74 %),900,8550000,0,0,0,49.0
02/05/2013,-2890,-27455000,9.5(0.00 %),0,0,2890,27455000,0,49.0
16/11/2016,0,0,3(0.00 %),0,0,0,0,533272,48.39
17/11/2016,0,0,3(0.00 %),0,0,0,0,533272,48.39
18/11/2016,0,0,4.2(40.00 %),0,0,0,0,533272,48.39
21/11/2016,0,0,4.8(14.29 %),0,0,0,0,533272,48.39
22/11/2016,0,0,4.8(0.00 %),0,0,0,0,533272,48.39
23/11/2016,0,0,5.5(14.58 %),0,0,0,0,533272,48.39
24/11/2016,0,0,5.5(0.00 %),0,0,0,0,533272,48.39
25/11/2016,-500,-3150000,6.3(14.55 %),0,0,500,3150000,533272,48.39
28/11/2016,0,0,7.2(14.29 %),0,0,0,0,533272,48.39
29/11/2016,0,0,7.2(0.00 %),0,0,0,0,533272,48.39
30/11/2016,0,0,8.2(13.89 %),0,0,0,0,533772,48.39
01/12/2016,100,940000,9.4(14.63 %),100,940000,0,0,533672,48.39
02/12/2016,700,7560000,10.8(14.89 %),700,7560000,0,0,532972,48.39
05/12/2016,0,0,12.4(14.81 %),0,0,0,0,532972,48.39
06/12/2016,500,6150000,14.1(14.63 %),500,6150000,0,0,532472,48.39
07/12/2016,0,0,15.8(14.49 %),0,0,0,0,532472,48.39
08/12/2016,-800,-13600000,17.1(14.00 %),0,0,800,13600000,532472,48.39
09/12/2016,0,0,17.9(5.29 %),0,0,0,0,532472,48.39
12/12/2016,-500,-7800000,15.6(-14.75 %),0,0,500,7800000,532472,48.39
13/12/2016,100,1330000,13.3(-14.74 %),100,1330000,0,0,533172,48.39
14/12/2016,900,10260000,14.8(10.45 %),900,10260000,0,0,532272,48.39
15/12/2016,500,6100000,12.6(1.61 %),500,6100000,0,0,532272,48.39
16/12/2016,0,0,12.2(0.00 %),0,0,0,0,532272,48.39
19/12/2016,0,0,12.2(0.00 %),0,0,0,0,532272,48.39
20/12/2016,500,5200000,10.4(-14.75 %),500,5200000,0,0,531772,48.39
21/12/2016,1300,12350000,8.9(-14.42 %),2000,19000000,700,6650000,529772,48.39
22/12/2016,0,0,9.2(0.00 %),0,0,0,0,529772,48.39
23/12/2016,180,1422000,7.9(-14.13 %),900,7110000,720,5688000,528872,48.39
26/12/2016,0,0,9(13.92 %),0,0,0,0,529572,48.39
27/12/2016,100,1000000,10.3(14.44 %),100,1000000,0,0,529472,48.39
28/12/2016,0,0,11(8.91 %),0,0,0,0,530192,48.39
29/12/2016,0,0,9.4(-14.55 %),0,0,0,0,530192,48.39
30/12/2016,0,0,8.6(-14.00 %),0,0,0,0,530192,48.39
03/01/2017,0,0,7.7(-10.47 %),0,0,0,0,530192,48.39
04/01/2017,0,0,8.8(14.29 %),0,0,0,0,530192,48.39
05/01/2017,0,0,6.9(0.00 %),0,0,0,0,530192,48.39
06/01/2017,0,0,7.9(14.49 %),0,0,0,0,530192,48.39
09/01/2017,-600,-5400000,9(13.92 %),0,0,600,5400000,530192,48.39
10/01/2017,0,0,10.3(14.44 %),0,0,0,0,530192,48.39
11/01/2017,-1500,-15100000,10(-2.91 %),0,0,1500,15100000,530192,48.39
12/01/2017,0,0,10(-1.96 %),0,0,0,0,530792,48.39
13/01/2017,0,0,10.1(1.00 %),0,0,0,0,530792,48.39
16/01/2017,-100,-1000000,10(0.00 %),0,0,100,1000000,532292,48.39
17/01/2017,0,0,10.1(0.00 %),0,0,0,0,532292,48.39
18/01/2017,0,0,10.1(0.00 %),0,0,0,0,532292,48.39
19/01/2017,0,0,11.3(11.88 %),0,0,0,0,532392,48.39
20/01/2017,0,0,11.8(4.42 %),0,0,0,0,532392,48.39
23/01/2017,0,0,12(1.69 %),0,0,0,0,532392,48.39
24/01/2017,0,0,12(0.00 %),0,0,0,0,532392,48.39
25/01/2017,0,0,13.8(15.00 %),0,0,0,0,532392,48.39
02/02/2017,0,0,13.8(0.00 %),0,0,0,0,532392,48.39
03/02/2017,0,0,11.8(-14.49 %),0,0,0,0,532392,48.39
06/02/2017,0,0,10.1(-14.41 %),0,0,0,0,532392,48.39
07/02/2017,0,0,8.6(-14.85 %),0,0,0,0,532392,48.39
08/02/2017,0,0,8.7(0.00 %),0,0,0,0,532392,48.39
09/02/2017,0,0,8.7(0.00 %),0,0,0,0,532392,48.39
10/02/2017,100,900000,9(3.45 %),100,900000,0,0,532292,48.39
13/02/2017,0,0,8.9(0.00 %),0,0,0,0,532292,48.39
14/02/2017,-300,-2580000,8.9(0.00 %),0,0,300,2580000,532292,48.39
15/02/2017,-6000,-46300000,7.8(-9.30 %),0,0,6000,46300000,532292,48.39
16/02/2017,0,0,8.8(14.29 %),0,0,0,0,532292,48.39
17/02/2017,0,0,8(-9.09 %),0,0,0,0,532592,48.39
20/02/2017,0,0,8(0.00 %),0,0,0,0,538592,48.38
21/02/2017,0,0,7.5(-6.25 %),0,0,0,0,538592,48.38
22/02/2017,0,0,7.5(0.00 %),0,0,0,0,538592,48.38
23/02/2017,0,0,7.5(0.00 %),0,0,0,0,538592,48.38
24/02/2017,0,0,7.2(-4.00 %),0,0,0,0,538592,48.38
27/02/2017,0,0,7.2(0.00 %),0,0,0,0,538592,48.38
28/02/2017,0,0,7.2(0.00 %),0,0,0,0,538592,48.38
01/03/2017,0,0,8.1(12.50 %),0,0,0,0,538592,48.38
02/03/2017,0,0,8(0.00 %),0,0,0,0,538592,48.38
03/03/2017,0,0,9(12.50 %),0,0,0,0,538592,48.38
06/03/2017,0,0,9(0.00 %),0,0,0,0,538592,48.38
07/03/2017,0,0,9(0.00 %),0,0,0,0,538592,48.38
08/03/2017,0,0,9(0.00 %),0,0,0,0,538592,48.38
09/03/2017,0,0,9(0.00 %),0,0,0,0,538592,48.38
10/03/2017,0,0,8(-11.11 %),0,0,0,0,538592,48.38
13/03/2017,0,0,8.4(0.00 %),0,0,0,0,538592,48.38
14/03/2017,0,0,8(-4.76 %),0,0,0,0,538592,48.38
15/03/2017,0,0,8(0.00 %),0,0,0,0,538592,48.38
16/03/2017,0,0,8(0.00 %),0,0,0,0,538592,48.38
17/03/2017,0,0,8(0.00 %),0,0,0,0,538592,48.38
20/03/2017,0,0,9(12.50 %),0,0,0,0,538592,48.38
21/03/2017,0,0,8.8(-2.22 %),0,0,0,0,538592,48.38
22/03/2017,0,0,9(2.27 %),0,0,0,0,538592,48.38
23/03/2017,0,0,9(0.00 %),0,0,0,0,538592,48.38
24/03/2017,0,0,9(0.00 %),0,0,0,0,538592,48.38
27/03/2017,0,0,9(0.00 %),0,0,0,0,538592,48.38
28/03/2017,0,0,9(0.00 %),0,0,0,0,538592,48.38
29/03/2017,0,0,7.7(-14.44 %),0,0,0,0,538592,48.38
30/03/2017,0,0,6.6(-14.29 %),0,0,0,0,538592,48.38
31/03/2017,0,0,6(-9.09 %),0,0,0,0,538592,48.38
03/04/2017,0,0,6(0.00 %),0,0,0,0,538592,48.38
04/04/2017,0,0,5.7(-5.00 %),0,0,0,0,538592,48.38
05/04/2017,0,0,6.1(7.02 %),0,0,0,0,538592,48.38
07/04/2017,-100,-660000,6.6(11.86 %),0,0,100,660000,538592,48.38
10/04/2017,0,0,7.7(14.93 %),0,0,0,0,538592,48.38
11/04/2017,0,0,8.8(14.29 %),0,0,0,0,538592,48.38
12/04/2017,0,0,7.9(0.00 %),0,0,0,0,538692,48.38
13/04/2017,0,0,7.9(0.00 %),0,0,0,0,538692,48.38
14/04/2017,-1000,-8400000,8(-5.88 %),0,0,1000,8400000,538692,48.38
17/04/2017,0,0,8.1(0.00 %),0,0,0,0,538692,48.38
18/04/2017,0,0,7(-13.58 %),0,0,0,0,538692,48.38
19/04/2017,0,0,7(0.00 %),0,0,0,0,539692,48.38
20/04/2017,0,0,7(0.00 %),0,0,0,0,539692,48.38
21/04/2017,0,0,7(0.00 %),0,0,0,0,539692,48.38
24/04/2017,0,0,7(0.00 %),0,0,0,0,539692,48.38
25/04/2017,0,0,7(0.00 %),0,0,0,0,539692,48.38
26/04/2017,0,0,7(0.00 %),0,0,0,0,539692,48.38
27/04/2017,0,0,7(0.00 %),0,0,0,0,539692,48.38
28/04/2017,0,0,7(0.00 %),0,0,0,0,539692,48.38
03/05/2017,0,0,6.5(-7.14 %),0,0,0,0,539692,48.38
04/05/2017,0,0,6.5(0.00 %),0,0,0,0,539692,48.38
05/05/2017,0,0,6.5(0.00 %),0,0,0,0,539692,48.38
08/05/2017,0,0,6.5(0.00 %),0,0,0,0,539692,48.38
09/05/2017,0,0,7(7.69 %),0,0,0,0,539692,48.38
10/05/2017,0,0,7(0.00 %),0,0,0,0,539692,48.38
11/05/2017,0,0,7(0.00 %),0,0,0,0,539692,48.38
12/05/2017,0,0,7(0.00 %),0,0,0,0,539692,48.38
15/05/2017,-400,-2640000,6.7(-4.29 %),0,0,400,2640000,539692,48.38
16/05/2017,0,0,7.5(13.64 %),0,0,0,0,539692,48.38
17/05/2017,0,0,7.4(0.00 %),0,0,0,0,539692,48.38
18/05/2017,0,0,7.4(0.00 %),0,0,0,0,540092,48.38
19/05/2017,0,0,6.5(-12.16 %),0,0,0,0,540092,48.38
22/05/2017,0,0,7.2(10.77 %),0,0,0,0,540092,48.38
23/05/2017,0,0,6.6(-7.04 %),0,0,0,0,540092,48.38
24/05/2017,0,0,6.6(0.00 %),0,0,0,0,540092,48.38
25/05/2017,0,0,6.6(0.00 %),0,0,0,0,540092,48.38
26/05/2017,0,0,6.6(0.00 %),0,0,0,0,540092,48.38
29/05/2017,0,0,6.6(0.00 %),0,0,0,0,540092,48.38
30/05/2017,0,0,7.5(13.64 %),0,0,0,0,540092,48.38
31/05/2017,0,0,7.5(0.00 %),0,0,0,0,540092,48.38
01/06/2017,400,3000000,7.5(0.00 %),400,3000000,0,0,539692,48.38
02/06/2017,0,0,7(-6.67 %),0,0,0,0,539692,48.38
05/06/2017,100,710000,7.2(2.86 %),100,710000,0,0,539592,48.38
06/06/2017,100,700000,7(-2.78 %),100,700000,0,0,539492,48.38
07/06/2017,0,0,8(14.29 %),0,0,0,0,539492,48.38
08/06/2017,0,0,8(0.00 %),0,0,0,0,539492,48.38
09/06/2017,-50,-340000,8(0.00 %),0,0,50,340000,539492,48.38
12/06/2017,0,0,9(12.50 %),0,0,0,0,539492,48.38
13/06/2017,0,0,9(0.00 %),0,0,0,0,539492,48.38
14/06/2017,0,0,9(0.00 %),0,0,0,0,539542,48.38
16/06/2017,0,0,7.6(-1.30 %),0,0,0,0,539542,48.38
19/06/2017,0,0,7.6(0.00 %),0,0,0,0,539542,48.38
20/06/2017,0,0,7.6(0.00 %),0,0,0,0,539542,48.38
21/06/2017,0,0,7.6(0.00 %),0,0,0,0,539542,48.38
22/06/2017,0,0,7.6(0.00 %),0,0,0,0,539542,48.38
23/06/2017,0,0,7.6(0.00 %),0,0,0,0,539542,48.38
26/06/2017,400,2600000,6.5(-14.47 %),400,2600000,0,0,539142,48.38
27/06/2017,0,0,6.5(0.00 %),0,0,0,0,539142,48.38
28/06/2017,500,3250000,6.5(0.00 %),500,3250000,0,0,538642,48.38
29/06/2017,0,0,6.5(0.00 %),0,0,0,0,538642,48.38
30/06/2017,-1500,-9750000,6.5(0.00 %),0,0,1500,9750000,538642,48.38
03/07/2017,-300,-2220000,7.1(9.23 %),0,0,300,2220000,538642,48.38
04/07/2017,0,0,7.3(0.00 %),0,0,0,0,538642,48.38
05/07/2017,0,0,7.3(0.00 %),0,0,0,0,540142,48.38
06/07/2017,0,0,7.3(0.00 %),0,0,0,0,540442,48.38
07/07/2017,0,0,7.3(0.00 %),0,0,0,0,540442,48.38
10/07/2017,-100,-730000,6.8(-6.85 %),0,0,100,730000,540442,48.38
11/07/2017,0,0,6.9(0.00 %),0,0,0,0,540442,48.38
12/07/2017,-1000,-6600000,6.6(-4.35 %),0,0,1000,6600000,540442,48.38
13/07/2017,0,0,6.6(0.00 %),0,0,0,0,540542,48.38
14/07/2017,600,3960000,6.6(0.00 %),600,3960000,0,0,539942,48.38
17/07/2017,0,0,6.6(0.00 %),0,0,0,0,540942,48.38
18/07/2017,0,0,6.6(0.00 %),0,0,0,0,540942,48.38
19/07/2017,1000,6700000,6.8(3.03 %),1000,6700000,0,0,539942,48.38
20/07/2017,0,0,6.8(0.00 %),0,0,0,0,539942,48.38
21/07/2017,0,0,6.8(0.00 %),0,0,0,0,539942,48.38
24/07/2017,0,0,6.8(0.00 %),0,0,0,0,539942,48.38
25/07/2017,0,0,6.8(0.00 %),0,0,0,0,539942,48.38
26/07/2017,0,0,6.8(0.00 %),0,0,0,0,539942,48.38
27/07/2017,0,0,6.8(0.00 %),0,0,0,0,539942,48.38
28/07/2017,300,2780000,7.8(14.71 %),1400,10920000,1100,8140000,538542,48.38
31/07/2017,0,0,8.8(14.29 %),0,0,0,0,538542,48.38
01/08/2017,0,0,10.1(14.77 %),0,0,0,0,538542,48.38
02/08/2017,0,0,11.6(14.85 %),0,0,0,0,539642,48.38
03/08/2017,0,0,13.3(14.66 %),0,0,0,0,539642,48.38
04/08/2017,0,0,11.4(-14.29 %),0,0,0,0,539642,48.38
07/08/2017,0,0,12.6(0.00 %),0,0,0,0,539642,48.38
08/08/2017,0,0,10.8(-14.29 %),0,0,0,0,539642,48.38
09/08/2017,0,0,9.2(-14.81 %),0,0,0,0,539642,48.38
10/08/2017,4000,31600000,7.9(-14.13 %),4000,31600000,0,0,535642,48.39
11/08/2017,0,0,7.9(0.00 %),0,0,0,0,535642,48.39
14/08/2017,0,0,9(13.92 %),0,0,0,0,535642,48.39
15/08/2017,-120,-1060000,9(0.00 %),0,0,120,1060000,535642,48.39
16/08/2017,200,1560000,7.8(-13.33 %),200,1560000,0,0,535442,48.39
17/08/2017,0,0,8.9(0.00 %),0,0,0,0,535442,48.39
18/08/2017,0,0,8.9(0.00 %),0,0,0,0,535562,48.39
21/08/2017,0,0,8.9(0.00 %),0,0,0,0,535562,48.39
22/08/2017,0,0,8.9(0.00 %),0,0,0,0,535562,48.39
23/08/2017,100,900000,9(1.12 %),100,900000,0,0,535462,48.39
24/08/2017,0,0,9(0.00 %),0,0,0,0,535462,48.39
25/08/2017,0,0,9(0.00 %),0,0,0,0,535462,48.39
28/08/2017,0,0,8.8(-2.22 %),0,0,0,0,535462,48.39
29/08/2017,0,0,7.7(-12.50 %),0,0,0,0,535462,48.39
30/08/2017,0,0,7.8(0.00 %),0,0,0,0,535462,48.39
31/08/2017,0,0,7.8(0.00 %),0,0,0,0,535462,48.39
01/09/2017,0,0,8.1(3.85 %),0,0,0,0,535462,48.39
05/09/2017,0,0,7.1(-12.35 %),0,0,0,0,535462,48.39
06/09/2017,0,0,7.1(0.00 %),0,0,0,0,535462,48.39
07/09/2017,0,0,7.1(0.00 %),0,0,0,0,535462,48.39
08/09/2017,-300,-2430000,8.1(14.08 %),0,0,300,2430000,535462,48.39
12/09/2017,-38,-239400,8.3(13.70 %),0,0,38,239400,535462,48.39
13/09/2017,0,0,8.3(0.00 %),0,0,0,0,535762,48.39
14/09/2017,0,0,8.3(0.00 %),0,0,0,0,535762,48.39
15/09/2017,0,0,8.3(0.00 %),0,0,0,0,535800,48.39
18/09/2017,-8000,-76000000,9.5(14.46 %),0,0,8000,76000000,535800,48.39
19/09/2017,-200,-2180000,10.9(14.74 %),0,0,200,2180000,535800,48.39
20/09/2017,-7800,-97500000,12.5(14.68 %),0,0,7800,97500000,535800,48.39
21/09/2017,0,0,12(-4.00 %),0,0,0,0,543800,48.38
22/09/2017,0,-100000,13.8(9.52 %),100,1150000,100,1250000,543900,48.38
25/09/2017,-500,-6500000,12(-0.83 %),0,0,500,6500000,551700,48.37
26/09/2017,0,0,13.1(0.00 %),0,0,0,0,551700,48.37
27/09/2017,400,4480000,11.2(-14.50 %),400,4480000,0,0,551400,48.37
28/09/2017,-1800,-23220000,12.9(14.16 %),0,0,1800,23220000,551900,48.37
29/09/2017,0,0,12.9(0.00 %),0,0,0,0,551900,48.37
02/10/2017,0,0,11.1(-13.95 %),0,0,0,0,551900,48.37
03/10/2017,0,0,12.5(12.61 %),0,0,0,0,553700,48.36
04/10/2017,-200,-2530000,11.1(-11.90 %),0,0,200,2530000,553700,48.36
05/10/2017,0,0,12.1(0.00 %),0,0,0,0,553700,48.36
06/10/2017,0,0,12.1(0.00 %),0,0,0,0,553700,48.36
09/10/2017,0,0,12(0.00 %),0,0,0,0,553900,48.36
10/10/2017,0,0,11.3(-5.83 %),0,0,0,0,553900,48.36
11/10/2017,0,0,9.3(-14.68 %),0,0,0,0,553900,48.36
12/10/2017,0,0,11.8(14.56 %),0,0,0,0,553900,48.36
16/10/2017,0,0,11.3(-4.24 %),0,0,0,0,553800,48.36
17/10/2017,0,0,10(-13.79 %),0,0,0,0,553800,48.36
18/10/2017,500,5000000,9.5(-5.00 %),500,5000000,0,0,553300,48.37
19/10/2017,0,0,9.8(0.00 %),0,0,0,0,553300,48.37
20/10/2017,200,2240000,11.2(14.29 %),200,2240000,0,0,553100,48.37
23/10/2017,0,0,9.7(-5.83 %),0,0,0,0,553100,48.37
24/10/2017,2000,22000000,11(14.58 %),2000,22000000,0,0,551100,48.37
25/10/2017,0,0,10.9(0.00 %),0,0,0,0,551100,48.37
26/10/2017,1000,10000000,10(-8.26 %),1000,10000000,0,0,550100,48.37
27/10/2017,0,0,9.5(-5.00 %),0,0,0,0,550100,48.37
30/10/2017,0,0,9.5(0.00 %),0,0,0,0,550100,48.37
31/10/2017,0,0,10.9(14.74 %),0,0,0,0,550100,48.37
01/11/2017,0,0,11.4(7.55 %),0,0,0,0,550100,48.37
02/11/2017,-400,-4480000,11.2(-0.88 %),0,0,400,4480000,550100,48.37
03/11/2017,0,0,11.1(0.00 %),0,0,0,0,550100,48.37
06/11/2017,0,0,11.1(0.00 %),0,0,0,0,550100,48.37
07/11/2017,0,0,11.1(0.00 %),0,0,0,0,550500,48.37
08/11/2017,0,0,12(8.11 %),0,0,0,0,550500,48.37
09/11/2017,0,0,12(0.00 %),0,0,0,0,550500,48.37
10/11/2017,0,0,10.2(-15.00 %),0,0,0,0,550500,48.37
13/11/2017,0,0,10(-2.91 %),0,0,0,0,550500,48.37
14/11/2017,200,1960000,9.6(-4.00 %),200,1960000,0,0,550300,48.37
15/11/2017,0,0,9.6(0.00 %),0,0,0,0,550300,48.37
16/11/2017,0,0,9(-6.25 %),0,0,0,0,550300,48.37
17/11/2017,0,0,10.3(14.44 %),0,0,0,0,550300,48.37
20/11/2017,0,0,10.1(-1.94 %),0,0,0,0,550300,48.37
21/11/2017,0,0,11.6(10.48 %),0,0,0,0,550300,48.37
22/11/2017,0,0,10.1(-14.41 %),0,0,0,0,550300,48.37
23/11/2017,0,0,10.3(0.00 %),0,0,0,0,550300,48.37
24/11/2017,0,0,10.3(0.00 %),0,0,0,0,550300,48.37
27/11/2017,0,0,9.5(-7.77 %),0,0,0,0,550300,48.37
28/11/2017,0,0,9.5(0.00 %),0,0,0,0,550300,48.37
29/11/2017,0,0,9.5(0.00 %),0,0,0,0,550300,48.37
30/11/2017,0,0,9.5(0.00 %),0,0,0,0,550300,48.37
01/12/2017,0,0,9.5(0.00 %),0,0,0,0,550300,48.37
04/12/2017,0,0,9.5(0.00 %),0,0,0,0,550300,48.37
05/12/2017,0,0,9.5(0.00 %),0,0,0,0,550300,48.37
06/12/2017,0,0,10(5.26 %),0,0,0,0,550300,48.37
07/12/2017,0,0,10(0.00 %),0,0,0,0,550300,48.37
08/12/2017,0,0,10(0.00 %),0,0,0,0,550300,48.37
11/12/2017,0,0,10(0.00 %),0,0,0,0,550300,48.37
12/12/2017,100,1100000,11(10.00 %),100,1100000,0,0,550200,48.37
13/12/2017,0,0,11(0.00 %),0,0,0,0,550200,48.37
14/12/2017,-200,-2000000,11.5(4.55 %),0,0,200,2000000,550200,48.37
15/12/2017,0,0,10(-9.91 %),0,0,0,0,550200,48.37
18/12/2017,0,0,10(0.00 %),0,0,0,0,550200,48.37
19/12/2017,0,0,10(0.00 %),0,0,0,0,550400,48.37
20/12/2017,0,0,10(0.00 %),0,0,0,0,550400,48.37
21/12/2017,0,0,9(-10.00 %),0,0,0,0,550400,48.37
22/12/2017,0,0,10(11.11 %),0,0,0,0,550400,48.37
25/12/2017,0,0,10(0.00 %),0,0,0,0,550400,48.37
26/12/2017,0,0,10(0.00 %),0,0,0,0,550400,48.37
27/12/2017,0,0,10(0.00 %),0,0,0,0,550400,48.37
28/12/2017,0,0,10(1.01 %),0,0,0,0,550400,48.37
29/12/2017,0,0,10(0.00 %),0,0,0,0,550400,48.37
02/01/2018,0,0,9(-10.00 %),0,0,0,0,550400,48.37
03/01/2018,0,0,9(0.00 %),0,0,0,0,550400,48.37
04/01/2018,0,0,9(0.00 %),0,0,0,0,550400,48.37
05/01/2018,0,0,9(0.00 %),0,0,0,0,550400,48.37
08/01/2018,0,0,10(11.11 %),0,0,0,0,550400,48.37
09/01/2018,-1000,-10500000,11(10.00 %),0,0,1000,10500000,550400,48.37
10/01/2018,0,0,9.2(-14.81 %),0,0,0,0,550400,48.37
11/01/2018,0,0,9.2(0.00 %),0,0,0,0,550400,48.37
12/01/2018,0,0,9.2(0.00 %),0,0,0,0,551400,48.37
15/01/2018,0,0,9.2(0.00 %),0,0,0,0,551400,48.37
16/01/2018,0,0,8.6(-6.52 %),0,0,0,0,551400,48.37
17/01/2018,0,0,8.6(0.00 %),0,0,0,0,551400,48.37
18/01/2018,0,0,9.3(8.14 %),0,0,0,0,551400,48.37
19/01/2018,0,0,9.3(0.00 %),0,0,0,0,551400,48.37
22/01/2018,0,0,9.5(2.15 %),0,0,0,0,551400,48.37
23/01/2018,0,0,9(-5.26 %),0,0,0,0,551400,48.37
24/01/2018,0,0,8.9(0.00 %),0,0,0,0,551400,48.37
25/01/2018,0,0,8.9(0.00 %),0,0,0,0,551400,48.37
26/01/2018,0,0,8.9(0.00 %),0,0,0,0,551400,48.37
29/01/2018,2000,17600000,8.9(0.00 %),2000,17600000,0,0,549400,48.37
30/01/2018,300,2550000,8.5(-3.41 %),300,2550000,0,0,549100,48.37
31/01/2018,0,0,8.6(0.00 %),0,0,0,0,549100,48.37
01/02/2018,0,0,9(4.65 %),0,0,0,0,549100,48.37
02/02/2018,0,0,9.2(2.22 %),0,0,0,0,549100,48.37
05/02/2018,0,0,9.2(0.00 %),0,0,0,0,549100,48.37
06/02/2018,0,0,9.2(0.00 %),0,0,0,0,549100,48.37
07/02/2018,0,0,8(-13.04 %),0,0,0,0,549100,48.37
08/02/2018,1000,9200000,9.2(15.00 %),1000,9200000,0,0,548100,48.37
09/02/2018,0,0,8.9(0.00 %),0,0,0,0,548100,48.37
12/02/2018,0,0,8.9(0.00 %),0,0,0,0,548100,48.37
13/02/2018,0,0,8.9(0.00 %),0,0,0,0,548100,48.37
21/02/2018,0,0,10.2(14.61 %),0,0,0,0,548100,48.37
22/02/2018,0,0,10.4(1.96 %),0,0,0,0,548100,48.37
23/02/2018,0,0,10.4(0.00 %),0,0,0,0,548100,48.37
26/02/2018,0,0,10.4(0.00 %),0,0,0,0,548100,48.37
27/02/2018,0,0,10.4(0.00 %),0,0,0,0,548100,48.37
28/02/2018,0,0,10.4(0.00 %),0,0,0,0,548100,48.37
01/03/2018,0,0,8.9(-14.42 %),0,0,0,0,548100,48.37
02/03/2018,0,0,9(0.00 %),0,0,0,0,548100,48.37
05/03/2018,0,0,9(0.00 %),0,0,0,0,548100,48.37
06/03/2018,0,0,9(0.00 %),0,0,0,0,548100,48.37
07/03/2018,0,0,9(0.00 %),0,0,0,0,548100,48.37
08/03/2018,0,0,9(0.00 %),0,0,0,0,548100,48.37
09/03/2018,0,0,9(0.00 %),0,0,0,0,548100,48.37
12/03/2018,0,0,9(0.00 %),0,0,0,0,548100,48.37
13/03/2018,0,0,8(-11.11 %),0,0,0,0,548100,48.37
14/03/2018,0,0,8(0.00 %),0,0,0,0,548100,48.37
15/03/2018,0,0,8(0.00 %),0,0,0,0,548100,48.37
16/03/2018,0,0,8(0.00 %),0,0,0,0,548100,48.37
19/03/2018,0,0,9(12.50 %),0,0,0,0,548100,48.37
20/03/2018,0,0,9(0.00 %),0,0,0,0,548100,48.37
21/03/2018,0,0,9(0.00 %),0,0,0,0,548100,48.37
22/03/2018,0,0,9(0.00 %),0,0,0,0,548100,48.37
23/03/2018,0,0,9(0.00 %),0,0,0,0,548100,48.37
26/03/2018,0,0,9(0.00 %),0,0,0,0,548100,48.37
27/03/2018,0,0,9(0.00 %),0,0,0,0,548100,48.37
28/03/2018,0,0,9(0.00 %),0,0,0,0,548100,48.37
29/03/2018,0,0,9(0.00 %),0,0,0,0,548100,48.37
30/03/2018,0,0,9(0.00 %),0,0,0,0,548100,48.37
02/04/2018,0,0,9(0.00 %),0,0,0,0,548100,48.37
03/04/2018,0,0,9(0.00 %),0,0,0,0,548100,48.37
04/04/2018,0,0,8(-11.11 %),0,0,0,0,548100,48.37
05/04/2018,0,0,9(7.14 %),0,0,0,0,548100,48.37
06/04/2018,0,0,9(0.00 %),0,0,0,0,548100,48.37
09/04/2018,0,0,9(0.00 %),0,0,0,0,548100,48.37
10/04/2018,0,0,9.1(1.11 %),0,0,0,0,548100,48.37
11/04/2018,0,0,9(0.00 %),0,0,0,0,548100,48.37
12/04/2018,0,0,9(0.00 %),0,0,0,0,548100,48.37
13/04/2018,0,0,8.5(-5.56 %),0,0,0,0,548100,48.37
16/04/2018,0,0,8.5(0.00 %),0,0,0,0,548100,48.37
17/04/2018,0,0,8.5(0.00 %),0,0,0,0,548100,48.37
18/04/2018,0,0,8.5(0.00 %),0,0,0,0,548100,48.37
19/04/2018,0,0,8.1(-4.71 %),0,0,0,0,548100,48.37
20/04/2018,0,0,8.1(0.00 %),0,0,0,0,548100,48.37
23/04/2018,0,0,9(11.11 %),0,0,0,0,548100,48.37
24/04/2018,0,0,9(0.00 %),0,0,0,0,548100,48.37
26/04/2018,0,0,8.9(-1.11 %),0,0,0,0,548100,48.37
27/04/2018,0,0,8.9(0.00 %),0,0,0,0,548100,48.37
02/05/2018,0,0,9.8(8.89 %),0,0,0,0,548100,48.37
03/05/2018,0,0,8.7(-11.22 %),0,0,0,0,548100,48.37
04/05/2018,0,0,8.6(-1.15 %),0,0,0,0,548100,48.37
07/05/2018,0,0,8.6(0.00 %),0,0,0,0,548100,48.37
08/05/2018,0,0,8.7(1.16 %),0,0,0,0,548100,48.37
09/05/2018,0,0,8.5(-2.30 %),0,0,0,0,548100,48.37
10/05/2018,0,0,9.5(11.76 %),0,0,0,0,548100,48.37
11/05/2018,0,0,9.5(0.00 %),0,0,0,0,548100,48.37
14/05/2018,400,3800000,9.5(0.00 %),400,3800000,0,0,547700,48.37
15/05/2018,0,0,8.7(-8.42 %),0,0,0,0,547700,48.37
16/05/2018,0,0,10(14.94 %),0,0,0,0,547700,48.37
17/05/2018,0,0,10.5(7.14 %),0,0,0,0,547700,48.37
18/05/2018,0,0,10.3(0.00 %),0,0,0,0,547700,48.37
21/05/2018,-900,-8100000,9(-12.62 %),0,0,900,8100000,547700,48.37
22/05/2018,-60,-480000,9(0.00 %),0,0,60,480000,547700,48.37
23/05/2018,0,0,10(11.11 %),0,0,0,0,547700,48.37
24/05/2018,0,0,10(0.00 %),0,0,0,0,548600,48.37
25/05/2018,0,0,10(0.00 %),0,0,0,0,548660,48.37
29/05/2018,0,0,11(14.58 %),0,0,0,0,548660,48.37
30/05/2018,0,0,10(-9.09 %),0,0,0,0,548660,48.37
31/05/2018,0,0,10(0.00 %),0,0,0,0,548660,48.37
01/06/2018,0,0,10(1.01 %),0,0,0,0,548660,48.37
04/06/2018,0,0,10(0.00 %),0,0,0,0,548660,48.37
05/06/2018,0,0,10(0.00 %),0,0,0,0,548660,48.37
06/06/2018,0,0,10(0.00 %),0,0,0,0,548660,48.37
07/06/2018,0,0,10(0.00 %),0,0,0,0,548660,48.37
08/06/2018,600,6520000,11(10.00 %),600,6520000,0,0,548060,48.37
11/06/2018,500,5000000,10(-8.26 %),500,5000000,0,0,547560,48.37
12/06/2018,0,0,9.5(-5.00 %),0,0,0,0,547560,48.37
13/06/2018,0,0,9.5(0.00 %),0,0,0,0,547560,48.37
14/06/2018,0,0,9.5(0.00 %),0,0,0,0,547560,48.37
15/06/2018,0,0,9.5(0.00 %),0,0,0,0,547560,48.37
18/06/2018,0,0,9.5(0.00 %),0,0,0,0,547560,48.37
19/06/2018,0,0,9.5(0.00 %),0,0,0,0,547560,48.37
20/06/2018,0,0,9.5(0.00 %),0,0,0,0,547560,48.37
21/06/2018,0,0,9.5(0.00 %),0,0,0,0,547560,48.37
22/06/2018,1000,9500000,9.5(0.00 %),1000,9500000,0,0,546560,48.37
25/06/2018,0,0,9.8(3.16 %),0,0,0,0,546560,48.37
26/06/2018,0,0,9.5(-3.06 %),0,0,0,0,546560,48.37
27/06/2018,0,0,9.5(0.00 %),0,0,0,0,546560,48.37
28/06/2018,0,0,9.5(0.00 %),0,0,0,0,546560,48.37
29/06/2018,0,0,9.5(0.00 %),0,0,0,0,546560,48.37
02/07/2018,0,0,9.5(0.00 %),0,0,0,0,546560,48.37
03/07/2018,0,0,9.5(0.00 %),0,0,0,0,546560,48.37
04/07/2018,0,0,9.5(0.00 %),0,0,0,0,546560,48.37
05/07/2018,0,0,9(-5.26 %),0,0,0,0,546560,48.37
06/07/2018,0,0,9(0.00 %),0,0,0,0,546560,48.37
09/07/2018,0,0,9(0.00 %),0,0,0,0,546560,48.37
10/07/2018,0,0,9(0.00 %),0,0,0,0,546560,48.37
11/07/2018,0,0,9(0.00 %),0,0,0,0,546560,48.37
12/07/2018,0,0,9(0.00 %),0,0,0,0,546560,48.37
13/07/2018,0,0,9(0.00 %),0,0,0,0,546560,48.37
16/07/2018,0,0,9(0.00 %),0,0,0,0,546560,48.37
17/07/2018,0,0,9(0.00 %),0,0,0,0,546560,48.37
18/07/2018,-1000,-9000000,9(0.00 %),0,0,1000,9000000,546560,48.37
19/07/2018,-500,-4500000,9(0.00 %),0,0,500,4500000,546560,48.37
20/07/2018,800,7240000,9.1(1.11 %),9900,90090000,9100,82850000,536660,48.38
23/07/2018,-2200,-19800000,9(-1.10 %),3000,27000000,5200,46800000,534660,48.39
24/07/2018,-1100,-9900000,9(0.00 %),0,0,1100,9900000,535160,48.39
25/07/2018,100,920000,9.2(2.22 %),100,920000,0,0,544160,48.38
26/07/2018,0,0,9.7(6.59 %),0,0,0,0,549360,48.37
27/07/2018,0,0,10.9(14.74 %),0,0,0,0,550460,48.37
30/07/2018,0,0,12(14.29 %),0,0,0,0,550460,48.37
31/07/2018,-11100,-148740000,13(11.11 %),2300,30820000,13400,179560000,561560,48.36
01/08/2018,-5900,-79600000,13.4(0.00 %),0,0,5900,79600000,548160,48.37
02/08/2018,0,0,11.5(-14.81 %),0,0,0,0,548160,48.37
03/08/2018,0,0,11.3(-6.61 %),0,0,0,0,561560,48.36
06/08/2018,0,0,11.3(0.00 %),0,0,0,0,567460,48.35
07/08/2018,0,0,11(-2.65 %),0,0,0,0,567460,48.35
08/08/2018,100,1160000,11.6(5.45 %),100,1160000,0,0,567360,48.35
09/08/2018,-100,-1300000,11(-5.17 %),0,0,100,1300000,567360,48.35
10/08/2018,0,0,11(-1.79 %),0,0,0,0,567360,48.35
13/08/2018,0,0,10.7(0.00 %),0,0,0,0,567360,48.35
14/08/2018,0,0,11(2.80 %),0,0,0,0,567360,48.35
15/08/2018,-2900,-34800000,11.4(3.64 %),0,0,2900,34800000,570260,48.35
16/08/2018,0,0,11.8(0.00 %),0,0,0,0,567460,48.35
17/08/2018,0,0,11.8(0.00 %),0,0,0,0,567460,48.35
20/08/2018,0,0,11.8(0.00 %),0,0,0,0,570360,48.35
21/08/2018,0,0,12(1.69 %),0,0,0,0,570360,48.35
22/08/2018,0,0,12(0.00 %),0,0,0,0,570360,48.35
23/08/2018,-800,-9390000,11.7(-2.50 %),0,0,800,9390000,570360,48.35
24/08/2018,0,0,10.2(-12.82 %),0,0,0,0,570360,48.35
27/08/2018,-10400,-117480000,11.3(11.88 %),0,0,10400,117480000,570360,48.35
28/08/2018,-9200,-108400000,11.5(1.77 %),0,0,9200,108400000,571160,48.34
29/08/2018,-1500,-17700000,11.8(0.00 %),0,0,1500,17700000,571160,48.34
30/08/2018,-200,-2360000,10.5(-11.02 %),0,0,200,2360000,581560,48.33
31/08/2018,0,0,11(-2.65 %),0,0,0,0,590760,48.32
04/09/2018,0,0,11.2(0.90 %),0,0,0,0,538592,48.38
05/09/2018,-1000,-11500000,11.5(2.68 %),0,0,1000,11500000,592460,48.32
06/09/2018,0,0,11.4(0.00 %),0,0,0,0,592460,48.32
07/09/2018,0,0,11.4(0.00 %),0,0,0,0,592460,48.32
10/09/2018,-5000,-58000000,11.6(1.75 %),0,0,5000,58000000,593460,48.32
11/09/2018,100,1250000,11.4(-1.72 %),100,1250000,0,0,593360,48.32
12/09/2018,-4000,-47200000,11.8(2.61 %),0,0,4000,47200000,593360,48.32
13/09/2018,0,0,11.8(0.00 %),0,0,0,0,0,0.0
14/09/2018,0,0,11.3(-4.24 %),0,0,0,0,598360,48.31
17/09/2018,-2900,-34800000,12(6.19 %),100,1200000,3000,36000000,602260,48.31
18/09/2018,100,1320000,11.3(-5.83 %),100,1320000,0,0,602160,48.31
19/09/2018,-1000,-11500000,11.5(-6.50 %),0,0,1000,11500000,602160,48.31
20/09/2018,0,0,11.5(0.00 %),0,0,0,0,602160,48.31
21/09/2018,-200,-2400000,12(4.35 %),0,0,200,2400000,605160,48.31
24/09/2018,0,0,11.9(0.00 %),0,0,0,0,606160,48.3
25/09/2018,0,0,11.8(-0.84 %),0,0,0,0,606160,48.3
26/09/2018,0,0,11.8(0.00 %),0,0,0,0,606360,48.3
27/09/2018,0,0,12(1.69 %),0,0,0,0,606360,48.3
28/09/2018,-300,-3600000,12(0.00 %),0,0,300,3600000,606360,48.3
01/10/2018,0,0,12(0.00 %),0,0,0,0,606360,48.3
02/10/2018,0,0,12(0.00 %),0,0,0,0,606360,48.3
03/10/2018,10,120000,12.2(1.67 %),10,120000,0,0,606650,48.3
04/10/2018,0,0,12.1(0.00 %),0,0,0,0,606650,48.3
05/10/2018,0,0,12.1(0.00 %),0,0,0,0,606650,48.3
08/10/2018,-600,-7800000,13(7.44 %),0,0,600,7800000,606650,48.3
09/10/2018,0,0,13(0.00 %),0,0,0,0,606650,48.3
10/10/2018,0,0,13(0.00 %),0,0,0,0,606650,48.3
11/10/2018,0,0,12(-7.69 %),0,0,0,0,607250,48.3
12/10/2018,0,0,12(0.00 %),0,0,0,0,607250,48.3
15/10/2018,0,0,11.8(4.42 %),0,0,0,0,607250,48.3
16/10/2018,0,0,13(10.17 %),0,0,0,0,607250,48.3
17/10/2018,0,0,13(0.00 %),0,0,0,0,607250,48.3
18/10/2018,0,0,12.8(-1.54 %),0,0,0,0,607250,48.3
19/10/2018,0,0,12.8(0.00 %),0,0,0,0,607250,48.3
22/10/2018,0,0,13(2.36 %),0,0,0,0,607250,48.3
23/10/2018,0,0,13.8(6.15 %),0,0,0,0,607250,48.3
24/10/2018,0,0,13.6(0.00 %),0,0,0,0,607250,48.3
25/10/2018,100,1380000,13.3(-2.21 %),100,1380000,0,0,607150,48.3
26/10/2018,0,0,12(-8.40 %),0,0,0,0,607150,48.3
29/10/2018,0,0,12(0.00 %),0,0,0,0,607150,48.3
30/10/2018,0,0,12(0.00 %),0,0,0,0,607150,48.3
31/10/2018,0,0,12.3(2.50 %),0,0,0,0,607150,48.3
01/11/2018,0,0,12.3(0.00 %),0,0,0,0,607150,48.3
02/11/2018,0,0,12.3(0.00 %),0,0,0,0,607150,48.3
05/11/2018,0,0,12.3(0.00 %),0,0,0,0,607150,48.3
06/11/2018,0,0,12.3(0.00 %),0,0,0,0,607150,48.3
07/11/2018,0,0,12.3(0.00 %),0,0,0,0,607150,48.3
08/11/2018,0,0,12(-2.44 %),0,0,0,0,607150,48.3
09/11/2018,0,0,12(0.00 %),0,0,0,0,607150,48.3
12/11/2018,300,3600000,12(0.00 %),300,3600000,0,0,606850,48.3
13/11/2018,0,0,10.2(-15.00 %),0,0,0,0,606850,48.3
14/11/2018,0,0,12.5(9.65 %),0,0,0,0,606850,48.3
15/11/2018,0,0,12.5(0.00 %),0,0,0,0,606850,48.3
16/11/2018,0,0,12.5(0.00 %),0,0,0,0,606850,48.3
19/11/2018,0,0,12.5(0.00 %),0,0,0,0,606850,48.3
20/11/2018,0,0,12.5(0.00 %),0,0,0,0,606850,48.3
21/11/2018,0,0,12.5(0.00 %),0,0,0,0,606850,48.3
22/11/2018,0,0,12.5(0.00 %),0,0,0,0,606850,48.3
23/11/2018,0,0,12.5(0.00 %),0,0,0,0,606850,48.3
26/11/2018,0,0,11.5(-8.00 %),0,0,0,0,606850,48.3
27/11/2018,0,0,11.5(0.00 %),0,0,0,0,606850,48.3
28/11/2018,0,0,11.5(0.00 %),0,0,0,0,606850,48.3
29/11/2018,0,0,11.5(0.00 %),0,0,0,0,606850,48.3
30/11/2018,0,0,11.5(0.00 %),0,0,0,0,606850,48.3
03/12/2018,0,0,11.5(0.00 %),0,0,0,0,606850,48.3
04/12/2018,0,0,11.5(0.00 %),0,0,0,0,606850,48.3
05/12/2018,0,0,11.5(0.00 %),0,0,0,0,606850,48.3
06/12/2018,0,0,11.5(0.00 %),0,0,0,0,606850,48.3
07/12/2018,0,0,11.5(0.00 %),0,0,0,0,606850,48.3
10/12/2018,0,0,11.5(0.00 %),0,0,0,0,606850,48.3
11/12/2018,0,0,12(4.35 %),0,0,0,0,606850,48.3
12/12/2018,0,0,12(0.00 %),0,0,0,0,606850,48.3
13/12/2018,0,0,12(0.00 %),0,0,0,0,606850,48.3
14/12/2018,0,0,12(0.00 %),0,0,0,0,606850,48.3
17/12/2018,0,0,11(-8.33 %),0,0,0,0,606850,48.3
18/12/2018,0,0,11(0.00 %),0,0,0,0,606850,48.3
19/12/2018,0,0,12(9.09 %),0,0,0,0,606850,48.3
20/12/2018,0,0,12(0.00 %),0,0,0,0,606850,48.3
21/12/2018,0,0,12(0.00 %),0,0,0,0,606850,48.3
24/12/2018,0,0,12(0.00 %),0,0,0,0,606850,48.3
25/12/2018,0,0,12(0.00 %),0,0,0,0,606850,48.3
26/12/2018,0,0,12(0.00 %),0,0,0,0,606850,48.3
27/12/2018,0,0,12(0.00 %),0,0,0,0,606850,48.3
28/12/2018,0,0,12(0.00 %),0,0,0,0,606850,48.3
02/01/2019,-9500,-118750000,12.5(4.17 %),0,0,9500,118750000,606850,48.3
03/01/2019,0,0,12.8(2.40 %),0,0,0,0,606850,48.3
04/01/2019,0,0,12.8(0.00 %),0,0,0,0,606850,48.3
07/01/2019,0,0,12.8(0.00 %),0,0,0,0,606850,48.3
08/01/2019,0,0,11.1(-13.28 %),0,0,0,0,606850,48.3
10/01/2019,0,0,11.1(0.00 %),0,0,0,0,606850,48.3
11/01/2019,0,0,11.1(0.00 %),0,0,0,0,606850,48.3
14/01/2019,0,0,11.1(0.00 %),0,0,0,0,606850,0.01
15/01/2019,0,0,11.1(0.00 %),0,0,0,0,606850,0.01
16/01/2019,0,0,12(8.11 %),0,0,0,0,606850,0.01
17/01/2019,0,0,12.2(1.67 %),0,0,0,0,606850,0.01
18/01/2019,0,0,12.2(0.00 %),0,0,0,0,606850,0.01
21/01/2019,0,0,11.1(-9.02 %),0,0,0,0,606850,0.01
22/01/2019,0,0,11.1(0.00 %),0,0,0,0,606850,0.01
24/01/2019,0,0,11.3(0.00 %),0,0,0,0,606850,0.01
25/01/2019,0,0,11.3(0.00 %),0,0,0,0,606850,0.01
28/01/2019,0,0,11.3(0.00 %),0,0,0,0,606850,0.01
29/01/2019,0,0,11.3(0.00 %),0,0,0,0,606850,0.01
30/01/2019,0,0,11.3(0.00 %),0,0,0,0,606850,0.01
31/01/2019,0,0,11.3(0.00 %),0,0,0,0,606850,0.01
01/02/2019,0,0,11.5(1.77 %),0,0,0,0,616350,0.0
11/02/2019,0,0,11.5(0.00 %),0,0,0,0,616350,0.0
12/02/2019,0,0,11.5(0.00 %),0,0,0,0,616350,0.0
13/02/2019,0,0,11.5(0.00 %),0,0,0,0,616350,0.0
14/02/2019,0,0,12.8(11.30 %),0,0,0,0,616350,0.0
15/02/2019,0,0,12.8(0.00 %),0,0,0,0,616350,0.0
18/02/2019,0,0,12.8(0.00 %),0,0,0,0,616350,0.0
19/02/2019,0,0,12.8(0.00 %),0,0,0,0,616350,0.0
20/02/2019,0,0,12.8(0.00 %),0,0,0,0,616350,0.0
21/02/2019,0,0,12.8(0.00 %),0,0,0,0,616350,0.0
22/02/2019,0,0,12.8(0.00 %),0,0,0,0,616350,0.0
25/02/2019,0,0,12.8(0.00 %),0,0,0,0,616350,0.0
26/02/2019,0,0,12.8(0.00 %),0,0,0,0,616350,0.0
27/02/2019,0,0,12.8(0.00 %),0,0,0,0,616350,0.0
28/02/2019,0,0,14.7(14.84 %),0,0,0,0,616350,99.29
01/03/2019,0,0,14.5(0.00 %),0,0,0,0,616350,0.0
04/03/2019,0,0,14.5(0.00 %),0,0,0,0,616350,0.0
05/03/2019,0,0,14.5(0.00 %),0,0,0,0,616350,0.0
06/03/2019,0,0,14.5(0.00 %),0,0,0,0,616350,0.0
07/03/2019,0,0,14.5(0.00 %),0,0,0,0,616350,0.0
08/03/2019,0,0,14.2(-2.07 %),0,0,0,0,616350,0.0
11/03/2019,0,0,12.5(-11.97 %),0,0,0,0,616350,0.0
12/03/2019,0,0,12.5(0.00 %),0,0,0,0,616350,0.0
13/03/2019,0,0,12.5(0.00 %),0,0,0,0,616350,0.0
14/03/2019,0,0,13.5(8.00 %),0,0,0,0,616350,0.0
15/03/2019,0,0,13.5(0.00 %),0,0,0,0,616350,0.0
18/03/2019,0,0,13.5(0.00 %),3026997,34810465500,3026997,34810465500,616350,0.0
19/03/2019,0,0,13.5(0.00 %),0,0,0,0,616350,0.0
20/03/2019,0,0,13.5(0.00 %),0,0,0,0,616350,0.0
21/03/2019,0,0,13.5(0.00 %),0,0,0,0,616350,0.0
22/03/2019,0,0,13.5(0.00 %),0,0,0,0,616350,0.0
25/03/2019,0,0,13.5(0.00 %),0,0,0,0,616350,0.0
26/03/2019,0,0,14(3.70 %),0,0,0,0,616350,0.0
27/03/2019,0,0,12.9(0.00 %),0,0,0,0,616350,0.0
28/03/2019,0,0,12.9(0.00 %),0,0,0,0,616350,0.0
29/03/2019,0,0,13.6(5.43 %),0,0,0,0,616350,0.0
01/04/2019,0,0,13(-4.41 %),0,0,0,0,616350,0.0
02/04/2019,0,0,13.2(0.00 %),0,0,0,0,616350,0.0
03/04/2019,0,0,13.2(0.00 %),0,0,0,0,616350,0.0
04/04/2019,0,0,13.1(-0.76 %),0,0,0,0,616350,0.0
05/04/2019,0,0,13(0.00 %),0,0,0,0,616350,0.0
08/04/2019,1000,14000000,14(7.69 %),1000,14000000,0,0,615350,0.0
09/04/2019,0,0,14(0.00 %),0,0,0,0,615350,0.0
10/04/2019,0,0,14(0.00 %),0,0,0,0,615350,0.0
11/04/2019,0,0,14.2(1.43 %),0,0,0,0,615350,0.0
12/04/2019,0,0,14.2(0.00 %),0,0,0,0,615350,0.0
16/04/2019,0,0,14.2(0.00 %),0,0,0,0,615350,0.0
17/04/2019,-4000,-52000000,13(1.56 %),0,0,4000,52000000,619350,0.0
18/04/2019,0,0,13(0.00 %),0,0,0,0,619350,0.0
19/04/2019,0,0,13(0.00 %),0,0,0,0,619350,0.0
22/04/2019,0,0,13(0.00 %),0,0,0,0,619350,0.0
23/04/2019,0,0,13(0.00 %),0,0,0,0,619350,0.0
24/04/2019,0,0,13(0.00 %),0,0,0,0,619350,0.0
25/04/2019,0,0,14.2(9.23 %),0,0,0,0,619350,0.0
26/04/2019,0,0,14.2(0.00 %),0,0,0,0,619350,0.0
02/05/2019,0,0,14.2(0.00 %),0,0,0,0,619350,0.0
03/05/2019,0,0,14.2(0.00 %),0,0,0,0,619350,0.0
06/05/2019,0,0,14.2(0.00 %),0,0,0,0,619350,0.0
07/05/2019,0,0,14.2(0.00 %),0,0,0,0,619350,0.0
08/05/2019,-100,-1630000,16.3(14.79 %),0,0,100,1630000,619450,0.0
09/05/2019,0,0,16.1(0.00 %),0,0,0,0,619450,0.0
10/05/2019,0,0,16.1(0.00 %),0,0,0,0,619450,0.0
13/05/2019,0,0,15.5(-3.73 %),0,0,0,0,619450,0.0
14/05/2019,600,9300000,15.6(4.00 %),600,9300000,0,0,618850,0.0
15/05/2019,0,0,16(2.56 %),0,0,0,0,618850,0.0
16/05/2019,1000,16900000,17(8.28 %),1000,16900000,0,0,617850,0.0
17/05/2019,0,0,16.1(-4.73 %),0,0,0,0,617850,0.0
20/05/2019,0,0,18(7.78 %),0,0,0,0,617850,0.0
21/05/2019,0,0,17.5(-2.78 %),0,0,0,0,617850,0.0
22/05/2019,1400,24920000,17.8(4.09 %),1400,24920000,0,0,616450,0.0
23/05/2019,1000,17600000,17.6(-1.12 %),1000,17600000,0,0,615450,0.0
24/05/2019,100,1770000,17.6(0.00 %),100,1770000,0,0,615350,0.0
27/05/2019,1000,17600000,17(-3.41 %),1000,17600000,0,0,614350,0.0
28/05/2019,0,0,17.4(0.00 %),0,0,0,0,614350,0.0
29/05/2019,0,0,17.4(0.00 %),0,0,0,0,614350,0.0
30/05/2019,0,0,17.3(0.00 %),0,0,0,0,614350,0.0
31/05/2019,0,0,17.1(-1.16 %),0,0,0,0,614350,0.0
03/06/2019,0,0,17.3(0.00 %),0,0,0,0,614350,0.0
04/06/2019,-700,-11970000,16.3(-5.78 %),0,0,700,11970000,615050,0.0
05/06/2019,-62,-930000,16.5(4.43 %),0,0,62,930000,615112,0.0
06/06/2019,0,0,16.5(0.00 %),0,0,0,0,615112,0.0
07/06/2019,0,0,17.5(6.06 %),0,0,0,0,615112,0.0
10/06/2019,-100,-1750000,17.8(0.00 %),0,0,100,1750000,615212,0.0
11/06/2019,0,0,17.4(0.00 %),0,0,0,0,615212,0.0
12/06/2019,1000,17990000,18.1(4.02 %),1000,17990000,0,0,614212,0.0
13/06/2019,0,0,18(1.12 %),0,0,0,0,614212,0.0
14/06/2019,0,0,17.6(-2.22 %),0,0,0,0,614212,0.0
17/06/2019,3000,56520000,18.5(3.35 %),3000,56520000,0,0,611212,0.0
18/06/2019,0,0,19(1.06 %),0,0,0,0,611212,0.0
19/06/2019,0,0,19(0.00 %),0,0,0,0,611212,0.0
20/06/2019,4000,79000000,20(5.26 %),4000,79000000,0,0,607212,0.0
21/06/2019,0,0,18.6(-5.10 %),0,0,0,0,607212,0.0
24/06/2019,0,0,19.4(0.00 %),0,0,0,0,607212,0.0
25/06/2019,2900,58870000,20.5(5.67 %),2900,58870000,0,0,604312,0.0
26/06/2019,0,0,21.8(5.31 %),0,0,0,0,604312,0.0
27/06/2019,8000,198680000,24.9(14.75 %),10800,268400000,2800,69720000,596312,0.01
28/06/2019,-200,-5000000,25(0.81 %),0,0,200,5000000,596512,0.0
01/07/2019,0,0,26(3.59 %),0,0,0,0,593512,0.0
02/07/2019,-1700,-40300000,22.1(-12.30 %),0,0,1700,40300000,595212,0.0
03/07/2019,0,0,23.8(0.00 %),0,0,0,0,595212,0.0
04/07/2019,1200,26490000,23.8(0.00 %),1500,33150000,300,6660000,594012,0.0
05/07/2019,0,0,19.3(-12.67 %),0,0,0,0,594012,48.32
08/07/2019,-500,-10050000,20.1(4.15 %),0,0,500,10050000,594512,0.0
09/07/2019,-3000,-60300000,20(-0.50 %),0,0,3000,60300000,597512,0.0
10/07/2019,0,0,20.2(0.50 %),0,0,0,0,597512,0.0
11/07/2019,0,0,23.2(14.85 %),0,0,0,0,597512,0.0
12/07/2019,-10,-200000,23.2(0.00 %),0,0,10,200000,597522,0.0
15/07/2019,0,0,23.4(0.86 %),0,0,0,0,597522,0.0
16/07/2019,4800,115200000,25(6.84 %),4800,115200000,0,0,592722,0.01
17/07/2019,200,4980000,24.9(3.75 %),200,4980000,0,0,592522,0.0
18/07/2019,0,0,24.8(0.00 %),0,0,0,0,592522,0.0
19/07/2019,300,7470000,24.9(0.40 %),300,7470000,0,0,592222,0.0
22/07/2019,-5000,-110500000,22.5(-9.64 %),0,0,5000,110500000,597222,0.0
23/07/2019,1000,23000000,22.3(0.00 %),1000,23000000,0,0,596222,0.0
24/07/2019,0,0,21.8(-4.39 %),0,0,0,0,596222,0.0
25/07/2019,500,12450000,23(5.50 %),500,12450000,0,0,595722,0.0
26/07/2019,0,0,24.4(0.00 %),0,0,0,0,595722,0.0
29/07/2019,0,0,24.4(0.00 %),0,0,0,0,595722,0.0
30/07/2019,4500,108000000,23.5(-3.69 %),4500,108000000,0,0,591222,0.01
31/07/2019,0,0,21.1(-11.72 %),0,0,0,0,591222,0.0
01/08/2019,0,0,24(7.14 %),0,0,0,0,594222,0.0
02/08/2019,0,0,24(0.00 %),0,0,0,0,594222,0.0
05/08/2019,0,0,21.1(-12.08 %),0,0,0,0,594222,0.0
06/08/2019,0,0,21(-0.47 %),0,0,0,0,594222,0.0
07/08/2019,0,0,22.9(9.05 %),0,0,0,0,594222,0.0
08/08/2019,0,0,22.8(-0.44 %),0,0,0,0,594222,0.0
09/08/2019,0,0,22.8(0.00 %),0,0,0,0,594222,0.0
12/08/2019,0,0,22.8(0.00 %),0,0,0,0,594222,0.0
13/08/2019,0,0,20(-12.28 %),0,0,0,0,594222,0.0
14/08/2019,-4400,-88440000,20.1(0.50 %),0,0,4400,88440000,598622,0.0
15/08/2019,0,0,20(-0.50 %),0,0,0,0,598622,0.0
16/08/2019,-1600,-32540000,20.2(-4.72 %),0,0,1600,32540000,600222,0.0
19/08/2019,200,4620000,23.1(13.79 %),200,4620000,0,0,600022,0.0
20/08/2019,4700,119810000,25.8(11.69 %),4700,119810000,0,0,595322,0.0
21/08/2019,1800,46260000,25.6(0.39 %),1800,46260000,0,0,593522,0.0
22/08/2019,0,0,25.6(0.00 %),0,0,0,0,593522,0.0
23/08/2019,0,0,25.6(0.00 %),0,0,0,0,593522,0.0
26/08/2019,0,0,24(-6.25 %),0,0,0,0,593522,0.0
27/08/2019,-1400,-32680000,23(0.00 %),0,0,1400,32680000,594922,0.0
28/08/2019,2000,47990000,24(1.69 %),5000,119990000,3000,72000000,592922,0.0
29/08/2019,0,0,24(0.00 %),0,0,0,0,592922,0.0
30/08/2019,-700,-16100000,23(-4.17 %),0,0,700,16100000,593622,0.0
03/09/2019,0,0,23(0.00 %),0,0,0,0,592922,0.0
04/09/2019,-500,-11460000,22.4(-2.61 %),0,0,500,11460000,593422,0.0
05/09/2019,0,0,22.7(0.00 %),0,0,0,0,593422,0.0
06/09/2019,0,0,22.9(0.88 %),0,0,0,0,593422,0.0
09/09/2019,0,0,23(3.60 %),0,0,0,0,593422,0.0
10/09/2019,0,0,25.8(12.66 %),0,0,0,0,593422,0.0
11/09/2019,0,0,25.8(0.00 %),0,0,0,0,593422,0.0
12/09/2019,0,0,24.8(-3.88 %),0,0,0,0,593422,0.0
13/09/2019,0,0,24.4(0.00 %),0,0,0,0,593422,0.0
16/09/2019,0,0,24.4(0.00 %),0,0,0,0,593422,0.0
17/09/2019,0,0,24.4(0.00 %),0,0,0,0,593422,0.0
18/09/2019,0,0,24.4(0.00 %),0,0,0,0,593422,0.0
19/09/2019,0,0,24.4(0.00 %),0,0,0,0,593422,0.0
20/09/2019,300,7290000,24.3(-0.41 %),300,7290000,0,0,593122,0.0
23/09/2019,0,0,24.3(0.00 %),0,0,0,0,593122,0.0
24/09/2019,0,0,24.3(0.00 %),0,0,0,0,593122,0.0
25/09/2019,0,0,24.3(0.00 %),0,0,0,0,593122,0.0
26/09/2019,0,0,22.1(-9.05 %),0,0,0,0,593122,0.0
27/09/2019,0,0,22.2(0.45 %),0,0,0,0,593122,0.0
30/09/2019,0,0,23.2(4.50 %),0,0,0,0,593122,0.0
01/10/2019,0,0,23(2.68 %),0,0,0,0,593822,0.0
02/10/2019,-600,-14200000,23(0.00 %),0,0,600,14200000,594422,0.0
03/10/2019,-300,-7000000,23(-2.95 %),0,0,300,7000000,594722,0.0
04/10/2019,-100,-2420000,22.1(-7.53 %),0,0,100,2420000,594822,0.0
07/10/2019,0,0,23.4(0.00 %),0,0,0,0,594822,0.0
08/10/2019,0,0,23.4(0.00 %),0,0,0,0,594822,0.0
09/10/2019,-100,-2340000,23.4(0.00 %),0,0,100,2340000,594922,0.0
10/10/2019,-100,-2350000,23.5(0.43 %),0,0,100,2350000,595022,0.0
11/10/2019,0,0,22(-7.56 %),0,0,0,0,595022,0.0
14/10/2019,0,0,22(0.00 %),0,0,0,0,595022,0.0
15/10/2019,-300,-6600000,0(0.00 %),0,0,300,6600000,595322,0.0
16/10/2019,-420,-9360000,22.3(1.36 %),0,0,420,9360000,595742,0.0
17/10/2019,-100,-2200000,22(-1.35 %),0,0,100,2200000,595842,0.0
18/10/2019,0,0,22(0.00 %),0,0,0,0,595842,0.0
21/10/2019,0,0,22(0.00 %),0,0,0,0,595842,0.0
22/10/2019,-800,-17600000,22(0.00 %),0,0,800,17600000,596642,0.0
23/10/2019,0,0,22(0.00 %),0,0,0,0,596642,0.0
24/10/2019,-1000,-22000000,22(0.00 %),0,0,1000,22000000,597642,0.0
25/10/2019,-6600,-150220000,22(0.00 %),0,0,6600,150220000,604242,0.0
28/10/2019,0,0,22(-3.93 %),1000,23000000,1000,23000000,604242,0.0
29/10/2019,1000,22500000,22(-2.65 %),2000,44500000,1000,22000000,603242,0.0
30/10/2019,-1000,-22360000,22.6(1.80 %),0,0,1000,22360000,604242,0.0
31/10/2019,0,0,22(-2.22 %),0,0,0,0,604242,0.0
01/11/2019,-1000,-21900000,21.9(-0.45 %),0,0,1000,21900000,603242,0.0
04/11/2019,0,0,21.9(-0.45 %),0,0,0,0,603242,0.0
05/11/2019,0,0,22(0.00 %),0,0,0,0,603242,0.0
06/11/2019,0,0,22(0.00 %),0,0,0,0,603242,0.0
07/11/2019,-1800,-39000000,21.8(-0.91 %),0,0,1800,39000000,605042,0.0
08/11/2019,-1400,-30360000,21.7(0.93 %),0,0,1400,30360000,606442,0.0
11/11/2019,0,0,21.7(0.00 %),0,0,0,0,606442,0.0
12/11/2019,-140,-3002000,20.9(-3.69 %),5000,107500000,5140,110502000,606582,0.0
13/11/2019,260,5446000,20.9(-2.34 %),4400,91960000,4140,86514000,606322,0.0
14/11/2019,200,4180000,20(-4.31 %),600,12540000,400,8360000,606122,0.0
15/11/2019,-500,-9900000,19.8(-1.49 %),0,0,500,9900000,606622,0.0
18/11/2019,0,0,20(1.52 %),0,0,0,0,606622,0.0
19/11/2019,0,0,20(0.00 %),0,0,0,0,606622,0.0
20/11/2019,0,0,20(0.00 %),0,0,0,0,606622,0.0
21/11/2019,-2400,-48000000,20(0.00 %),0,0,2400,48000000,609022,0.0
22/11/2019,0,0,20(0.00 %),0,0,0,0,609022,0.0
25/11/2019,800,16000000,20(0.00 %),800,16000000,0,0,608222,0.0
26/11/2019,-500,-9900000,19.8(-1.00 %),0,0,500,9900000,608722,0.0
27/11/2019,0,0,19.9(0.00 %),0,0,0,0,608722,0.0
28/11/2019,0,50000,19.5(-2.01 %),500,9800000,500,9750000,608722,0.0
29/11/2019,0,0,19.5(0.00 %),0,0,0,0,608722,0.0
02/12/2019,0,0,19.5(0.00 %),0,0,0,0,610222,0.0
03/12/2019,-1100,-20040000,18.4(-5.64 %),0,0,1100,20040000,611322,0.0
04/12/2019,0,0,18.2(0.00 %),0,0,0,0,611322,0.0
05/12/2019,0,0,18.2(0.00 %),0,0,0,0,611322,0.0
06/12/2019,-300,-5700000,19(4.40 %),0,0,300,5700000,611622,0.0
09/12/2019,-100,-1900000,19(0.00 %),0,0,100,1900000,611722,0.0
10/12/2019,0,0,19.1(0.00 %),0,0,0,0,611722,0.0
11/12/2019,0,0,19.1(0.00 %),0,0,0,0,611722,0.0
12/12/2019,0,0,19.1(0.00 %),0,0,0,0,611722,0.0
13/12/2019,0,0,19.1(0.00 %),0,0,0,0,611722,0.0
16/12/2019,-1500,-28650000,19.1(0.00 %),0,0,1500,28650000,613222,0.0
17/12/2019,0,0,18.6(0.00 %),0,0,0,0,613222,0.0
18/12/2019,0,0,18.6(0.00 %),0,0,0,0,613222,0.0
19/12/2019,0,0,18.6(0.00 %),0,0,0,0,613222,0.0
20/12/2019,0,0,18.6(0.00 %),0,0,0,0,613222,0.0
23/12/2019,0,0,18.6(0.00 %),0,0,0,0,613222,0.0
24/12/2019,-1000,-19000000,19(2.15 %),0,0,1000,19000000,614222,0.0
25/12/2019,-1500,-28800000,19(0.00 %),4000,75640000,5500,104440000,615722,0.0
26/12/2019,0,0,18.9(0.00 %),0,0,0,0,615722,0.0
27/12/2019,-2000,-36000000,18(-4.76 %),0,0,2000,36000000,617722,0.0
30/12/2019,0,0,18(0.00 %),0,0,0,0,617722,0.0
31/12/2019,0,0,18(0.00 %),0,0,0,0,617722,0.0
02/01/2020,0,0,18(0.00 %),0,0,0,0,618222,0.0
03/01/2020,-700,-13230000,18.9(5.00 %),0,0,700,13230000,618922,0.0
06/01/2020,0,0,18.9(0.00 %),0,0,0,0,618922,0.0
07/01/2020,0,0,18.9(0.00 %),0,0,0,0,618922,0.0
08/01/2020,-100,-1700000,19.1(1.06 %),0,0,100,1700000,619022,0.0
09/01/2020,0,0,18.1(0.00 %),0,0,0,0,619022,0.0
10/01/2020,0,0,18.1(0.00 %),0,0,0,0,619022,0.0
13/01/2020,-700,-12710000,18.3(1.10 %),0,0,700,12710000,619722,0.0
14/01/2020,0,0,18.1(0.00 %),0,0,0,0,619722,0.0
15/01/2020,-8600,-155880000,18.1(0.00 %),0,0,8600,155880000,628322,0.0
16/01/2020,0,0,18.1(0.00 %),0,0,0,0,619722,48.29
17/01/2020,0,0,18.1(0.00 %),0,0,0,0,619722,48.29
20/01/2020,0,0,18.1(0.00 %),0,0,0,0,628322,48.28
21/01/2020,0,0,18.1(0.00 %),0,0,0,0,628322,48.28
22/01/2020,-1500,-27050000,18.1(0.00 %),0,0,1500,27050000,629822,0.0
30/01/2020,0,0,18(0.00 %),0,0,0,0,629822,0.0
31/01/2020,0,0,18(0.00 %),0,0,0,0,629822,0.0
03/02/2020,-600,-10800000,18(0.00 %),0,0,600,10800000,629822,0.0
04/02/2020,-100,-1800000,18(0.00 %),0,0,100,1800000,629922,0.0
05/02/2020,0,0,18(0.00 %),0,0,0,0,629922,0.0
06/02/2020,0,0,18(0.00 %),0,0,0,0,629922,0.0
07/02/2020,-2800,-51800000,18.5(2.78 %),5000,92500000,7800,144300000,632722,0.0
10/02/2020,-3000,-55500000,18.5(0.00 %),5000,92500000,8000,148000000,635722,0.0
11/02/2020,-5000,-92500000,18.5(0.00 %),0,0,5000,92500000,640722,0.0
12/02/2020,100,1890000,18.9(2.16 %),100,1890000,0,0,640622,0.0
13/02/2020,0,0,18.8(-0.53 %),600,11280000,600,11280000,640622,0.0
14/02/2020,0,0,18.9(0.00 %),0,0,0,0,640622,0.0
17/02/2020,600,11280000,18.8(-0.53 %),1100,20680000,500,9400000,640022,0.0
18/02/2020,200,3760000,18.8(0.00 %),200,3760000,0,0,639822,0.0
19/02/2020,-7000,-131600000,18.8(0.00 %),1000,18800000,8000,150400000,646822,0.0
20/02/2020,0,0,18.8(0.00 %),0,0,0,0,646822,0.0
21/02/2020,-200,-3760000,18.8(0.00 %),0,0,200,3760000,647022,0.0
24/02/2020,0,0,18.8(0.00 %),0,0,0,0,647022,0.0
25/02/2020,-700,-12950000,18.5(-1.60 %),0,0,700,12950000,647722,0.0
26/02/2020,0,0,18.5(0.00 %),0,0,0,0,647722,0.0
27/02/2020,0,0,18.5(0.00 %),0,0,0,0,647722,0.0
28/02/2020,0,0,18.5(0.00 %),0,0,0,0,647722,0.0
02/03/2020,0,0,18.5(0.00 %),0,0,0,0,648322,0.0
03/03/2020,0,0,18.5(0.00 %),0,0,0,0,648322,0.0
04/03/2020,100,1850000,18.5(0.00 %),100,1850000,0,0,648222,0.0
05/03/2020,-300,-5300000,18(-2.70 %),200,3700000,500,9000000,648522,0.0
06/03/2020,-100,-1820000,18.2(0.55 %),0,0,100,1820000,648622,0.0
09/03/2020,0,0,18.2(0.00 %),0,0,0,0,648622,0.0
10/03/2020,0,0,18.2(0.00 %),0,0,0,0,648622,0.0
11/03/2020,0,0,18.2(0.00 %),0,0,0,0,648622,48.26
12/03/2020,0,0,17.5(-3.85 %),0,0,0,0,648622,48.26
13/03/2020,0,0,17.5(0.00 %),0,0,0,0,648622,0.0
16/03/2020,-200,-3500000,17.5(0.00 %),0,0,200,3500000,648822,0.0
17/03/2020,0,0,17.5(0.00 %),0,0,0,0,648822,0.0
18/03/2020,0,0,17.5(0.00 %),0,0,0,0,648822,0.0
19/03/2020,0,0,17.5(0.00 %),0,0,0,0,648822,0.0
20/03/2020,0,0,17.5(0.00 %),0,0,0,0,648822,0.0
23/03/2020,0,0,17.5(0.00 %),0,0,0,0,648822,0.0
24/03/2020,-300,-4500000,15(-14.29 %),0,0,300,4500000,649122,0.0
25/03/2020,2000,32000000,16(4.58 %),2000,32000000,0,0,647122,0.0
26/03/2020,0,0,16(0.00 %),0,0,0,0,647122,0.0
27/03/2020,0,0,16(11.11 %),0,0,0,0,647122,0.0
30/03/2020,0,0,16(0.00 %),0,0,0,0,647122,0.0
31/03/2020,0,0,16(0.00 %),0,0,0,0,647122,99.26
01/04/2020,0,0,16(0.00 %),0,0,0,0,647122,0.0
03/04/2020,0,0,15.9(-0.62 %),0,0,0,0,647122,0.0
06/04/2020,-2800,-39180000,14(-12.50 %),200,2820000,3000,42000000,649922,0.0
07/04/2020,-200,-3100000,15.5(12.32 %),0,0,200,3100000,650122,0.0
08/04/2020,500,7130000,15.2(-2.56 %),2000,30000000,1500,22870000,649622,0.0
09/04/2020,-1500,-22700000,15.2(0.00 %),0,0,1500,22700000,651122,0.0
10/04/2020,-300,-4650000,15.5(2.65 %),0,0,300,4650000,651422,99.25
13/04/2020,-300,-4800000,15.9(2.58 %),0,0,300,4800000,651722,0.0
14/04/2020,0,0,16(0.00 %),0,0,0,0,651722,0.0
15/04/2020,-1200,-19200000,16(0.00 %),0,0,1200,19200000,652922,0.0
16/04/2020,-400,-6520000,16.3(1.24 %),0,0,400,6520000,653322,0.0
17/04/2020,100,2240000,16.5(0.61 %),500,8800000,400,6560000,653222,0.0
20/04/2020,0,0,17(0.00 %),0,0,0,0,653222,0.0
21/04/2020,900,14850000,16.5(-2.94 %),1000,16500000,100,1650000,652322,0.0
22/04/2020,0,0,17(3.03 %),0,0,0,0,652322,0.0
23/04/2020,0,0,17.6(3.53 %),0,0,0,0,652322,0.0
24/04/2020,1400,21590000,15.6(-11.36 %),5000,78000000,3600,56410000,650922,0.0
27/04/2020,0,0,15.7(0.00 %),0,0,0,0,650922,0.0
28/04/2020,-1500,-23430000,15.6(-0.64 %),0,0,1500,23430000,652422,0.0
29/04/2020,0,0,15.9(0.00 %),0,0,0,0,652422,0.0
04/05/2020,0,0,15.9(0.00 %),0,0,0,0,650922,0.0
05/05/2020,0,0,15.9(0.00 %),0,0,0,0,650922,0.0
06/05/2020,-500,-5950000,15(-5.66 %),2000,31600000,2500,37550000,650422,48.25
07/05/2020,0,0,16.3(5.16 %),0,0,0,0,650422,0.0
08/05/2020,-500,-8000000,16(-1.84 %),0,0,500,8000000,650922,0.0
11/05/2020,-1600,-24000000,15(-6.25 %),0,0,1600,24000000,652522,0.0
12/05/2020,-3000,-47140000,15.1(0.67 %),0,0,3000,47140000,655522,0.0
13/05/2020,-1000,-15720000,15.7(0.00 %),0,0,1000,15720000,656522,0.0
14/05/2020,0,0,15.8(0.00 %),0,0,0,0,656522,0.0
15/05/2020,0,0,15.8(0.00 %),0,0,0,0,656522,0.0
18/05/2020,-1000,-15800000,15.8(0.00 %),0,0,1000,15800000,657522,0.0
19/05/2020,-400,-6280000,15.7(-0.63 %),0,0,400,6280000,657922,0.0
20/05/2020,-900,-14130000,15.7(0.00 %),0,0,900,14130000,658822,0.0
21/05/2020,-2600,-41240000,16(1.91 %),0,0,2600,41240000,661422,0.0
22/05/2020,0,0,16.2(1.25 %),0,0,0,0,661422,0.0
25/05/2020,0,0,16.5(3.12 %),0,0,0,0,661422,0.0
26/05/2020,0,0,16.5(0.00 %),0,0,0,0,661422,0.0
27/05/2020,-30800,-465080000,16.5(0.00 %),0,0,30800,465080000,692222,0.0
28/05/2020,0,0,15.9(5.30 %),0,0,0,0,692222,0.0
29/05/2020,0,0,16.5(3.77 %),0,0,0,0,692222,99.21
01/06/2020,100,1650000,16.5(0.00 %),100,1650000,0,0,694622,0.0
02/06/2020,200,3180000,15.9(-3.05 %),200,3180000,0,0,694422,0.0
03/06/2020,100,1610000,16.1(1.26 %),100,1610000,0,0,694322,0.0
04/06/2020,0,0,17.5(0.00 %),0,0,0,0,694322,0.0
05/06/2020,0,0,17.5(0.00 %),0,0,0,0,694322,0.0
08/06/2020,0,0,17.5(0.00 %),0,0,0,0,694322,0.0
09/06/2020,1200,23020000,20.1(14.86 %),1200,23020000,0,0,693122,0.0
10/06/2020,300,6090000,20.3(10.93 %),300,6090000,0,0,692822,0.0
11/06/2020,1300,23950000,17.3(-14.78 %),1400,26000000,100,2050000,691522,0.0
12/06/2020,100,1570000,15.6(-13.33 %),100,1570000,0,0,691422,0.0
15/06/2020,0,0,16.1(0.62 %),0,0,0,0,691422,0.0
16/06/2020,0,0,16.1(0.00 %),0,0,0,0,691422,0.0
17/06/2020,0,0,16.3(1.24 %),0,0,0,0,691422,0.0
18/06/2020,0,0,17(4.94 %),0,0,0,0,691422,0.0
19/06/2020,0,0,17(0.00 %),0,0,0,0,691422,0.0
22/06/2020,0,0,17(0.00 %),0,0,0,0,691422,0.0
23/06/2020,0,0,17(0.00 %),0,0,0,0,691422,0.0
24/06/2020,0,0,17.5(2.94 %),0,0,0,0,691422,0.0
25/06/2020,0,0,17.5(1.16 %),0,0,0,0,691422,48.21
26/06/2020,0,0,19.5(11.43 %),0,0,0,0,691422,0.0
29/06/2020,500,9000000,18(-7.69 %),500,9000000,0,0,690922,0.0
30/06/2020,0,0,18(0.00 %),0,0,0,0,690922,0.0
01/07/2020,0,0,18.5(2.78 %),0,0,0,0,690922,0.0
02/07/2020,0,0,18.5(0.00 %),0,0,0,0,690922,0.0
03/07/2020,0,0,18.5(0.00 %),0,0,0,0,690922,0.0
06/07/2020,0,0,18.5(0.00 %),0,0,0,0,690922,0.0
07/07/2020,0,0,18.5(0.00 %),0,0,0,0,690922,0.0
08/07/2020,0,0,17.8(-3.78 %),0,0,0,0,690922,0.0
09/07/2020,0,0,19.5(5.41 %),0,0,0,0,690922,0.0
10/07/2020,0,0,19.5(0.00 %),0,0,0,0,690922,0.0
13/07/2020,0,0,19.5(0.00 %),0,0,0,0,690922,0.0
14/07/2020,0,0,17.3(-11.28 %),0,0,0,0,690922,0.0
15/07/2020,0,0,17.5(0.00 %),0,0,0,0,690922,0.0
16/07/2020,0,0,17.5(0.00 %),0,0,0,0,690922,0.0
17/07/2020,0,0,19(2.70 %),0,0,0,0,690922,0.0
20/07/2020,0,0,19(0.00 %),0,0,0,0,690922,0.0
21/07/2020,0,0,19(0.00 %),0,0,0,0,690922,0.0
22/07/2020,0,0,19(0.00 %),0,0,0,0,690922,0.0
23/07/2020,0,0,19(0.00 %),0,0,0,0,690922,0.0
24/07/2020,0,0,18(-5.26 %),0,0,0,0,690922,0.0
27/07/2020,0,0,18(0.00 %),0,0,0,0,690922,0.0
28/07/2020,0,0,18(0.00 %),0,0,0,0,690922,0.0
29/07/2020,0,0,18(0.00 %),0,0,0,0,690922,0.0
30/07/2020,0,0,18(0.00 %),0,0,0,0,690922,0.0
31/07/2020,0,0,18(0.00 %),0,0,0,0,690922,0.0
03/08/2020,-200,-3800000,19(5.56 %),0,0,200,3800000,690922,0.0
04/08/2020,0,0,19(0.00 %),0,0,0,0,690922,0.0
05/08/2020,0,0,19(0.00 %),0,0,0,0,690922,0.0
06/08/2020,0,0,19(0.00 %),0,0,0,0,690922,0.0
07/08/2020,0,0,19(0.00 %),0,0,0,0,690922,0.0
10/08/2020,0,0,19(0.00 %),0,0,0,0,690922,0.0
11/08/2020,0,0,18.2(-4.21 %),0,0,0,0,690922,0.0
12/08/2020,0,0,18.2(0.00 %),0,0,0,0,690922,0.0
13/08/2020,0,0,18.2(0.00 %),0,0,0,0,690922,0.0
14/08/2020,0,0,18.2(0.00 %),0,0,0,0,690922,0.0
17/08/2020,-100,-2090000,18.2(0.00 %),0,0,100,2090000,691022,0.0
18/08/2020,0,0,18.7(0.00 %),0,0,0,0,691022,0.0
19/08/2020,0,0,20.5(9.63 %),0,0,0,0,691022,0.0
20/08/2020,0,0,18.2(-11.22 %),0,0,0,0,691022,0.0
21/08/2020,0,0,18.4(1.10 %),0,0,0,0,691022,0.0
24/08/2020,-100,-2080000,20.8(14.92 %),0,0,100,2080000,691122,0.0
25/08/2020,500,9700000,19(-2.56 %),500,9700000,0,0,690622,0.0
26/08/2020,100,1900000,19(-1.55 %),100,1900000,0,0,690522,0.0
27/08/2020,-204,-3868800,19(0.00 %),0,0,204,3868800,690726,0.0
28/08/2020,0,0,20.4(6.81 %),0,0,0,0,690726,0.0
31/08/2020,100,1950000,19.2(-5.88 %),100,1950000,0,0,690626,0.0
01/09/2020,0,0,19.2(0.00 %),0,0,0,0,690826,0.0
03/09/2020,0,0,19.5(1.56 %),0,0,0,0,690826,0.0
04/09/2020,-100,-2240000,19.5(0.00 %),0,0,100,2240000,690926,0.0
07/09/2020,0,0,19.8(0.00 %),0,0,0,0,690926,0.0
08/09/2020,100,1950000,19.5(-1.52 %),100,1950000,0,0,690826,0.0
09/09/2020,0,0,21(7.69 %),0,0,0,0,690826,48.21
10/09/2020,0,0,18.1(-13.81 %),0,0,0,0,690826,0.0
11/09/2020,100,2050000,20.5(13.26 %),100,2050000,0,0,690726,0.0
14/09/2020,0,0,20.5(0.00 %),0,0,0,0,690726,0.0
15/09/2020,100,2000000,20(-2.44 %),100,2000000,0,0,690626,0.0
16/09/2020,0,0,20(0.00 %),0,0,0,0,690626,0.0
17/09/2020,0,0,20(0.00 %),0,0,0,0,690626,0.0
18/09/2020,0,0,20(0.00 %),0,0,0,0,690626,0.0
21/09/2020,0,0,20(0.00 %),0,0,0,0,690626,0.0
22/09/2020,0,0,20(0.00 %),0,0,0,0,690626,0.0
23/09/2020,100,1990000,19.9(-0.50 %),100,1990000,0,0,690526,0.0
24/09/2020,100,1980000,19.8(-0.50 %),100,1980000,0,0,690426,0.0
25/09/2020,0,0,19.8(0.00 %),0,0,0,0,690426,0.0
28/09/2020,0,0,19.8(0.00 %),0,0,0,0,690426,0.0
29/09/2020,200,3700000,18(-9.09 %),200,3700000,0,0,690226,0.0
30/09/2020,0,0,18.1(0.00 %),0,0,0,0,690226,0.0
01/10/2020,200,3460000,17.2(-4.97 %),200,3460000,0,0,690026,48.21
02/10/2020,100,1940000,19.4(10.86 %),100,1940000,0,0,689926,0.0
05/10/2020,0,0,16.7(-13.92 %),0,0,0,0,689926,0.0
06/10/2020,0,0,16.9(0.00 %),0,0,0,0,689926,0.0
07/10/2020,0,0,16.9(0.00 %),0,0,0,0,689926,0.0
08/10/2020,0,0,16.9(0.00 %),0,0,0,0,689926,0.0
09/10/2020,0,0,17.9(5.92 %),0,0,0,0,689926,0.0
12/10/2020,0,0,17.8(-0.56 %),0,0,0,0,689926,0.0
13/10/2020,0,0,17.8(0.00 %),0,0,0,0,689926,0.0
14/10/2020,0,0,18(1.12 %),0,0,0,0,689926,0.0
15/10/2020,0,0,18(0.00 %),0,0,0,0,689926,0.0
16/10/2020,0,0,18(0.00 %),0,0,0,0,689926,0.0
19/10/2020,0,0,18(0.00 %),0,0,0,0,689926,0.0
20/10/2020,0,0,18(0.00 %),0,0,0,0,689926,0.0
21/10/2020,0,0,18(0.00 %),0,0,0,0,689926,0.0
22/10/2020,0,0,18(0.00 %),0,0,0,0,689926,0.0
23/10/2020,0,0,18(0.00 %),0,0,0,0,689926,0.0
26/10/2020,0,0,18(0.00 %),0,0,0,0,689926,0.0
27/10/2020,0,0,18(0.00 %),0,0,0,0,689926,0.0
28/10/2020,0,0,18(0.00 %),0,0,0,0,689926,0.0
29/10/2020,0,0,17.5(-2.78 %),0,0,0,0,689926,0.0
30/10/2020,0,0,17.5(0.00 %),0,0,0,0,689926,0.0
02/11/2020,0,0,17.5(0.00 %),0,0,0,0,689926,0.0
03/11/2020,0,0,17.5(0.00 %),0,0,0,0,689926,0.0
04/11/2020,0,0,17.5(0.00 %),0,0,0,0,689926,0.0
05/11/2020,0,0,17.5(0.00 %),0,0,0,0,689926,0.0
06/11/2020,0,0,17.5(0.00 %),0,0,0,0,689926,0.0
09/11/2020,0,0,17.5(0.00 %),0,0,0,0,689926,0.0
10/11/2020,0,0,17.5(0.00 %),0,0,0,0,689926,0.0
11/11/2020,0,0,17.5(0.00 %),0,0,0,0,689926,0.0
12/11/2020,-100,-2000000,20(14.29 %),0,0,100,2000000,690026,0.0
13/11/2020,0,0,20(0.00 %),0,0,0,0,690026,0.0
16/11/2020,0,0,20(0.00 %),0,0,0,0,690026,0.0
17/11/2020,0,0,20(0.00 %),0,0,0,0,690026,0.0
18/11/2020,0,0,20(0.00 %),0,0,0,0,690026,0.0
19/11/2020,0,0,20(0.00 %),0,0,0,0,690026,0.0
20/11/2020,0,0,19.9(-0.50 %),0,0,0,0,690026,0.0
25/11/2020,0,0,19.9(0.00 %),0,0,0,0,690026,0.0
26/11/2020,0,0,17.2(-13.57 %),0,0,0,0,690026,0.0
30/11/2020,0,0,17.2(-0.58 %),0,0,0,0,690026,0.0
01/12/2020,-500,-8660000,17.4(0.58 %),0,0,500,8660000,690026,0.0
02/12/2020,-2100,-36210000,17.1(-1.16 %),2200,37200000,4300,73410000,692126,0.0
03/12/2020,-1700,-29220000,17.7(4.12 %),0,0,1700,29220000,693826,0.0
04/12/2020,-300,-5250000,17.5(2.94 %),0,0,300,5250000,694126,0.0
07/12/2020,-900,-15470000,17.3(1.17 %),0,0,900,15470000,695026,0.0
08/12/2020,0,0,16.9(0.00 %),0,0,0,0,695026,0.0
09/12/2020,-200,-3400000,17.5(3.55 %),0,0,200,3400000,695226,0.0
10/12/2020,0,0,17(0.00 %),0,0,0,0,695226,0.0
11/12/2020,-1000,-17000000,17(0.00 %),0,0,1000,17000000,696226,0.0
14/12/2020,-1500,-25350000,16.7(-1.18 %),700,11550000,2200,36900000,697726,0.0
15/12/2020,0,0,18.4(10.18 %),0,0,0,0,697726,0.0
16/12/2020,100,1830000,18.3(-0.54 %),100,1830000,0,0,696526,48.2
17/12/2020,200,3340000,17.2(-6.01 %),1000,17000000,800,13660000,696326,0.0
18/12/2020,-300,-5170000,17.3(1.76 %),100,1720000,400,6890000,696626,0.0
21/12/2020,100,1700000,17(-1.16 %),100,1700000,0,0,696526,0.0
22/12/2020,-100,-1720000,17.2(1.18 %),0,0,100,1720000,696626,0.0
23/12/2020,-1300,-22360000,17.4(1.75 %),100,1720000,1400,24080000,697926,0.0
24/12/2020,0,0,17(0.00 %),0,0,0,0,697926,0.0
25/12/2020,0,0,17(0.00 %),0,0,0,0,697926,0.0
28/12/2020,200,3500000,17.5(2.94 %),200,3500000,0,0,697726,0.0
29/12/2020,100,1750000,17.5(0.00 %),100,1750000,0,0,697626,0.0
31/12/2020,-500,-8160000,16.1(-7.47 %),0,0,500,8160000,698126,0.0
04/01/2021,-4300,-70120000,16.6(3.11 %),2100,34540000,6400,104660000,697726,0.0
05/01/2021,-500,-8250000,17.1(4.27 %),3400,55760000,3900,64010000,698226,0.0
06/01/2021,-1800,-29660000,16.5(0.00 %),2700,44310000,4500,73970000,700026,0.0
07/01/2021,0,0,16.9(2.42 %),0,0,0,0,700026,0.0
08/01/2021,-200,-3260000,17.3(2.37 %),300,5190000,500,8450000,700226,0.0
11/01/2021,-600,-10580000,16.7(-1.76 %),2100,35200000,2700,45780000,700826,0.01
12/01/2021,0,0,16.7(-2.34 %),0,0,0,0,700826,0.0
13/01/2021,1300,21010000,16.8(0.60 %),2800,45960000,1500,24950000,699526,0.01
14/01/2021,-10000,-168020000,16.6(0.00 %),0,0,10000,168020000,709526,0.0
15/01/2021,-1900,-32370000,17(1.19 %),0,0,1900,32370000,711426,0.0
18/01/2021,-2000,-33180000,17(-1.73 %),3500,58820000,5500,92000000,713426,0.0
19/01/2021,0,0,16.8(0.00 %),0,0,0,0,713426,0.0
20/01/2021,-5500,-92100000,17(1.19 %),500,8250000,6000,100350000,718926,0.0
21/01/2021,0,0,16.7(0.00 %),0,0,0,0,718926,0.0
22/01/2021,-500,-8600000,16.9(1.20 %),1000,16750000,1500,25350000,719426,0.0
25/01/2021,1100,18450000,16.9(-0.59 %),1700,28590000,600,10140000,718326,0.01
26/01/2021,-400,-6440000,16.5(-1.79 %),900,15030000,1300,21470000,718726,0.01
27/01/2021,-700,-11720000,16.8(1.20 %),0,0,700,11720000,719426,0.0
28/01/2021,-2300,-38020000,16.3(-2.98 %),0,0,2300,38020000,721726,0.0
29/01/2021,-3200,-51710000,16.2(-2.41 %),0,0,3200,51710000,724926,0.0
01/02/2021,-11500,-191850000,16.9(4.32 %),0,0,11500,191850000,726326,0.0
02/02/2021,0,0,16.7(0.00 %),0,0,0,0,726326,0.0
03/02/2021,0,0,17(1.80 %),0,0,0,0,726326,0.01
04/02/2021,-1000,-17010000,17(0.00 %),0,0,1000,17010000,727326,0.02
05/02/2021,1100,23250000,17.1(0.00 %),4000,76000000,2900,52750000,726226,0.02
17/02/2021,-400,-6800000,17(-9.09 %),0,0,400,6800000,726626,0.02
18/02/2021,0,0,18.9(11.18 %),0,0,0,0,743226,0.0
19/02/2021,-400,-6710000,17.3(-8.47 %),300,5400000,700,12110000,743626,0.0
22/02/2021,-100,-1330000,17.2(-2.82 %),300,5550000,400,6880000,743726,0.0
23/02/2021,-500,-8700000,17.4(-2.25 %),1300,22680000,1800,31380000,744226,0.0
24/02/2021,0,0,19.4(10.86 %),0,0,0,0,744226,0.0
25/02/2021,0,0,19.5(0.00 %),0,0,0,0,744226,0.0
26/02/2021,-1400,-25210000,18(-7.69 %),0,0,1400,25210000,745626,0.0
01/03/2021,-1300,-23400000,18(0.00 %),0,0,1300,23400000,744626,0.0
02/03/2021,-700,-12600000,18(0.00 %),0,0,700,12600000,745326,0.0
03/03/2021,-200,-3600000,18(0.00 %),100,1850000,300,5450000,745526,0.0
04/03/2021,0,0,18.4(0.00 %),0,0,0,0,745526,0.0
05/03/2021,-600,-11040000,18.4(0.00 %),0,0,600,11040000,746126,0.0
08/03/2021,-300,-5520000,0(0.00 %),0,0,300,5520000,746426,0.0
09/03/2021,0,0,18.5(0.54 %),0,0,0,0,746426,0.0
10/03/2021,0,0,19(2.70 %),0,0,0,0,746426,0.0
11/03/2021,0,0,19(0.00 %),0,0,0,0,746426,0.0
12/03/2021,0,0,19(0.00 %),0,0,0,0,746426,0.0
15/03/2021,-4400,-77110000,17.8(-6.32 %),1000,17500000,5400,94610000,750826,0.0
16/03/2021,0,0,19(7.95 %),0,0,0,0,750826,0.0
17/03/2021,0,0,19(0.00 %),0,0,0,0,750826,0.0
18/03/2021,200,3770000,18.8(-1.05 %),200,3770000,0,0,750626,0.0
19/03/2021,-3800,-66320000,17.8(-5.82 %),100,1790000,3900,68110000,754426,0.0
22/03/2021,-900,-15840000,17.6(-1.12 %),0,0,900,15840000,755326,0.0
23/03/2021,-400,-7040000,17.6(0.00 %),100,1760000,500,8800000,755726,0.0
24/03/2021,0,0,17.6(0.00 %),0,0,0,0,755726,0.0
25/03/2021,0,0,17.2(-2.27 %),0,0,0,0,755726,0.0
26/03/2021,0,0,17.2(0.00 %),0,0,0,0,755726,0.0
29/03/2021,-3100,-53250000,17.3(-1.14 %),0,0,3100,53250000,758826,0.0
30/03/2021,-1000,-17950000,18(4.65 %),0,0,1000,17950000,759826,0.0
31/03/2021,-400,-6980000,17.3(-3.35 %),0,0,400,6980000,760226,0.0
01/04/2021,-400,-7200000,18(2.86 %),0,0,400,7200000,761326,0.0
02/04/2021,-2100,-37530000,17.5(-2.78 %),0,0,2100,37530000,763426,0.0
05/04/2021,-3800,-67540000,17.8(-0.56 %),100,1790000,3900,69330000,767226,0.0
06/04/2021,-9300,-171520000,19(6.74 %),500,9500000,9800,181020000,776526,0.0
07/04/2021,-2500,-48080000,19.4(4.86 %),0,0,2500,48080000,779026,0.0
08/04/2021,-6100,-122040000,20(3.09 %),500,10000000,6600,132040000,785126,0.0
09/04/2021,-1100,-21920000,20.1(0.00 %),1000,20100000,2100,42020000,786226,0.0
12/04/2021,-600,-12310000,20.1(0.00 %),0,0,600,12310000,786826,0.0
13/04/2021,-1500,-30230000,19.7(-3.90 %),1500,30050000,3000,60280000,788326,0.0
14/04/2021,-4200,-81670000,20.1(0.00 %),0,0,4200,81670000,792526,0.0
15/04/2021,-1300,-25250000,19.6(1.03 %),0,0,1300,25250000,787726,48.1
16/04/2021,-1300,-25220000,19.4(-0.51 %),0,0,1300,25220000,789026,0.0
19/04/2021,-1200,-23430000,19.6(1.03 %),0,0,1200,23430000,790226,0.01
20/04/2021,-500,-9710000,19.4(-0.51 %),0,0,500,9710000,790726,0.01
22/04/2021,-1500,-29200000,19.3(-0.52 %),0,0,1500,29200000,792226,0.01
23/04/2021,-1000,-19220000,19.4(0.00 %),0,0,1000,19220000,793226,0.01
26/04/2021,-400,-7420000,18.6(-2.62 %),0,0,400,7420000,793626,0.01
27/04/2021,0,-10000,18.3(-1.08 %),400,7320000,400,7330000,793626,0.01
28/04/2021,-400,-7370000,18.4(0.00 %),100,1830000,500,9200000,794026,0.01
29/04/2021,-600,-11040000,18.4(0.55 %),0,0,600,11040000,794626,0.01
04/05/2021,-1700,-31280000,18(-2.17 %),0,0,1700,31280000,802026,0.0
05/05/2021,0,0,18.1(-1.09 %),0,0,0,0,802026,0.0
06/05/2021,-500,-9700000,19.4(7.18 %),0,0,500,9700000,802526,0.0
07/05/2021,-500,-9740000,18.7(-2.60 %),0,0,500,9740000,803026,0.0
10/05/2021,-1600,-29160000,0(0.00 %),1000,18360000,2600,47520000,804626,0.0
11/05/2021,-2300,-45970000,19.1(4.95 %),500,10000000,2800,55970000,806926,0.0
12/05/2021,500,10000000,19.1(-6.37 %),500,10000000,0,0,806426,0.0
13/05/2021,1200,23100000,19.4(-3.00 %),3000,57900000,1800,34800000,805226,0.0
14/05/2021,-300,-5820000,19(-1.55 %),0,0,300,5820000,805526,0.0
17/05/2021,100,1900000,19(-2.06 %),100,1900000,0,0,805426,0.0
18/05/2021,-400,-7680000,19.2(0.00 %),0,0,400,7680000,805826,0.0
19/05/2021,0,0,19(0.00 %),0,0,0,0,805826,0.0
20/05/2021,-5000,-103010000,19.1(0.53 %),300,5710000,5300,108720000,810826,0.0
21/05/2021,-300,-6110000,19.3(-5.85 %),600,12300000,900,18410000,811126,0.0
24/05/2021,-1100,-22340000,19.6(-3.92 %),0,0,1100,22340000,812226,0.0
25/05/2021,0,0,20.4(0.00 %),0,0,0,0,812226,0.0
26/05/2021,-600,-12200000,20(-1.96 %),0,0,600,12200000,812826,0.0
27/05/2021,100,2000000,20(-1.96 %),100,2000000,0,0,812726,0.0
28/05/2021,-800,-16380000,20(0.00 %),200,3920000,1000,20300000,813526,0.0
31/05/2021,100,1990000,19.9(-2.45 %),100,1990000,0,0,813426,0.0
01/06/2021,-2400,-48300000,19.8(-0.50 %),1800,35590000,4200,83890000,813426,0.0
02/06/2021,-700,-14450000,20(-0.99 %),100,1970000,800,16420000,814126,0.0
03/06/2021,0,0,20.6(0.00 %),0,0,0,0,814126,0.0
04/06/2021,-2500,-50000000,20.1(-2.43 %),600,12040000,3100,62040000,816626,0.0
07/06/2021,0,0,20.2(-1.46 %),0,0,0,0,816626,0.0
08/06/2021,-800,-16800000,20.2(0.00 %),4000,79400000,4800,96200000,817426,0.0
09/06/2021,-200,-4000000,20(0.00 %),1500,29550000,1700,33550000,817626,0.0
10/06/2021,-600,-12330000,20.1(2.03 %),0,0,600,12330000,818226,0.0
11/06/2021,-1500,-30760000,21(0.96 %),0,0,1500,30760000,819726,0.0
14/06/2021,-1100,-22660000,23.5(14.08 %),100,2350000,1200,25010000,820826,0.0
15/06/2021,0,0,20.2(-0.98 %),0,0,0,0,820826,0.0
16/06/2021,0,0,20.5(1.49 %),0,0,0,0,820826,0.0
17/06/2021,0,0,20.5(0.00 %),0,0,0,0,820826,0.01
18/06/2021,0,0,22(7.32 %),0,0,0,0,820826,0.01
22/06/2021,0,0,21.8(0.00 %),0,0,0,0,820826,0.01
23/06/2021,-1100,-23700000,21.8(0.00 %),0,0,1100,23700000,821926,0.0
24/06/2021,-1100,-23830000,21.6(0.47 %),0,0,1100,23830000,823026,0.01
25/06/2021,-4400,-95660000,21.8(0.46 %),0,0,4400,95660000,827426,0.0
28/06/2021,-1000,-21800000,21.8(0.46 %),0,0,1000,21800000,828426,0.0
29/06/2021,-500,-10900000,21.8(0.00 %),0,0,500,10900000,828926,0.0
30/06/2021,-2100,-45710000,21.8(0.00 %),0,0,2100,45710000,831026,0.01
01/07/2021,-1400,-30770000,22(0.92 %),0,0,1400,30770000,838526,0.0
02/07/2021,-400,-8680000,21.7(-1.36 %),0,0,400,8680000,838926,0.0
05/07/2021,-1600,-34720000,21.7(0.00 %),0,0,1600,34720000,840526,0.0
06/07/2021,0,0,21.7(0.00 %),0,0,0,0,840526,0.0
07/07/2021,-3000,-63720000,21.2(-2.30 %),0,0,3000,63720000,843526,0.0
08/07/2021,-6700,-143520000,22(2.80 %),0,0,6700,143520000,844526,48.03
09/07/2021,0,0,21.4(0.00 %),0,0,0,0,844526,0.0
12/07/2021,0,0,21.9(2.34 %),0,0,0,0,844526,0.0
13/07/2021,0,0,21.8(-0.46 %),0,0,0,0,844526,0.01
14/07/2021,-900,-18950000,21.5(-1.38 %),0,0,900,18950000,845426,0.01
15/07/2021,-700,-14980000,21.4(1.90 %),0,0,700,14980000,846126,0.01
16/07/2021,-400,-8560000,21.4(0.00 %),0,0,400,8560000,846526,0.01
19/07/2021,-300,-6420000,21.4(0.00 %),0,0,300,6420000,846826,0.01
20/07/2021,0,0,21.2(0.00 %),0,0,0,0,846826,0.01
21/07/2021,0,0,21.2(0.00 %),0,0,0,0,846826,0.01
22/07/2021,0,0,21.2(0.00 %),0,0,0,0,846826,0.01
23/07/2021,-700,-15300000,22(3.77 %),0,0,700,15300000,847526,0.01
26/07/2021,0,0,21.8(0.00 %),0,0,0,0,847526,0.01
27/07/2021,-900,-19800000,22(0.92 %),0,0,900,19800000,848426,0.01
28/07/2021,0,0,22(0.00 %),0,0,0,0,848426,0.01
29/07/2021,0,0,22(0.00 %),0,0,0,0,848426,0.01
30/07/2021,0,0,22.1(0.45 %),0,0,0,0,848426,0.01
02/08/2021,0,0,22.5(1.81 %),0,0,0,0,858126,0.0
03/08/2021,-700,-15470000,22.1(-1.78 %),0,0,700,15470000,858826,0.0
04/08/2021,0,0,22(0.00 %),0,0,0,0,858826,0.0
05/08/2021,0,0,21.5(-2.27 %),0,0,0,0,858826,0.0
06/08/2021,0,0,21.5(0.00 %),0,0,0,0,858826,0.0
09/08/2021,-500,-10750000,21.5(0.00 %),0,0,500,10750000,859326,0.0
10/08/2021,0,0,22(2.33 %),0,0,0,0,859326,0.0
11/08/2021,-1200,-26400000,22(0.00 %),0,0,1200,26400000,860526,0.0
12/08/2021,-500,-11250000,22.5(2.27 %),0,0,500,11250000,861026,0.0
13/08/2021,0,0,22.5(0.00 %),0,0,0,0,859326,48.01
16/08/2021,-800,-18000000,22.5(0.00 %),0,0,800,18000000,860126,0.0
17/08/2021,0,0,0(0.00 %),0,0,0,0,860126,0.0
18/08/2021,-1400,-31500000,21.8(-7.23 %),0,0,1400,31500000,861526,0.0
19/08/2021,0,0,23.7(3.04 %),0,0,0,0,861526,0.0
20/08/2021,-1800,-39320000,22.2(-6.33 %),0,0,1800,39320000,863326,0.0
23/08/2021,200,4560000,22.8(4.11 %),400,9120000,200,4560000,863126,0.0
24/08/2021,0,0,22.8(0.00 %),0,0,0,0,863126,0.0
25/08/2021,0,0,22.8(0.00 %),0,0,0,0,863126,0.0
26/08/2021,-800,-18200000,22.6(-0.88 %),0,0,800,18200000,863926,0.0
27/08/2021,-1500,-35090000,23.5(3.52 %),0,0,1500,35090000,865426,0.0
30/08/2021,-1900,-44550000,23.5(0.43 %),0,0,1900,44550000,867326,0.0
31/08/2021,-3200,-75210000,23.5(0.00 %),0,0,3200,75210000,870526,0.0
01/09/2021,-300,-7080000,23.6(0.43 %),0,0,300,7080000,867126,0.0
06/09/2021,-7200,-172510000,24.6(4.24 %),0,0,7200,172510000,874326,0.0
07/09/2021,-600,-15880000,27.4(14.64 %),0,0,600,15880000,874926,0.0
08/09/2021,-600,-15370000,28.5(7.95 %),3000,85080000,3600,100450000,875526,0.0
09/09/2021,-3100,-84100000,27.2(-3.89 %),0,0,3100,84100000,878626,0.0
10/09/2021,-1000,-26800000,26.7(-1.84 %),0,0,1000,26800000,879626,0.0
13/09/2021,0,0,28(4.09 %),0,0,0,0,879626,0.0
14/09/2021,-1000,-25500000,25(-10.71 %),0,0,1000,25500000,880626,0.0
15/09/2021,-600,-15300000,25.5(0.39 %),0,0,600,15300000,881226,47.99
16/09/2021,0,0,25.2(0.00 %),0,0,0,0,880626,0.01
17/09/2021,-200,-5100000,26(3.17 %),0,0,200,5100000,880826,0.01
20/09/2021,-1500,-37500000,25.5(0.00 %),0,0,1500,37500000,882326,0.0
21/09/2021,-2500,-62750000,25.1(0.40 %),0,0,2500,62750000,884826,0.0
22/09/2021,-700,-17600000,25.2(0.40 %),0,0,700,17600000,885526,0.0
23/09/2021,-500,-12690000,25.2(0.40 %),0,0,500,12690000,886026,0.0
24/09/2021,-7800,-195780000,25.1(-1.57 %),0,0,7800,195780000,893826,0.0
27/09/2021,0,0,25.1(0.00 %),0,0,0,0,893826,0.0
28/09/2021,-200,-5000000,25(-0.40 %),0,0,200,5000000,894026,0.0
29/09/2021,-700,-17500000,25(0.00 %),0,0,700,17500000,894726,0.01
30/09/2021,0,0,25(0.00 %),0,0,0,0,894726,0.01
01/10/2021,0,0,25(0.00 %),0,0,0,0,900026,0.0
04/10/2021,-6600,-155760000,23.6(-5.60 %),0,0,6600,155760000,906626,0.0
05/10/2021,-1500,-37160000,25(5.93 %),0,0,1500,37160000,908126,0.0
06/10/2021,0,0,27.3(10.08 %),0,0,0,0,900726,47.97
07/10/2021,-7300,-183580000,26.9(-1.82 %),0,0,7300,183580000,907326,47.96
08/10/2021,-3600,-91800000,25.5(1.19 %),0,0,3600,91800000,910926,0.0
11/10/2021,0,0,25.5(0.00 %),0,0,0,0,910926,0.0
12/10/2021,-2200,-55220000,25.1(-1.57 %),0,0,2200,55220000,913126,0.0
13/10/2021,0,0,25.1(0.00 %),0,0,0,0,913126,0.0
14/10/2021,-1000,-24850000,25(-0.40 %),0,0,1000,24850000,914126,0.0
15/10/2021,0,0,24.8(0.00 %),0,0,0,0,914126,0.0
18/10/2021,-5200,-131020000,25.2(1.61 %),0,0,5200,131020000,919326,0.0
19/10/2021,0,0,25.2(0.00 %),0,0,0,0,919326,0.0
20/10/2021,0,0,25.2(0.00 %),0,0,0,0,919326,0.0
21/10/2021,0,0,25.7(1.98 %),0,0,0,0,919326,0.0
22/10/2021,0,0,26.4(2.72 %),0,0,0,0,919326,0.0
25/10/2021,0,0,25.8(-0.77 %),0,0,0,0,919326,0.0
26/10/2021,-4300,-110460000,25.2(-2.33 %),0,0,4300,110460000,923626,0.0
27/10/2021,0,0,25.5(0.00 %),0,0,0,0,923626,0.01
28/10/2021,-4100,-104800000,25.1(-1.57 %),0,0,4100,104800000,927726,0.0
29/10/2021,-500,-12650000,25.3(-1.17 %),0,0,500,12650000,928226,0.0
01/11/2021,0,0,25.4(0.00 %),0,0,0,0,932426,0.0
02/11/2021,0,0,25.4(0.00 %),0,0,0,0,932426,0.0
03/11/2021,-7900,-201450000,25.5(0.39 %),0,0,7900,201450000,940326,0.0
04/11/2021,-4000,-101810000,25.5(0.00 %),0,0,4000,101810000,944326,0.0
05/11/2021,-4000,-102400000,25.6(0.79 %),0,0,4000,102400000,948326,0.0
08/11/2021,-6700,-171900000,25.5(-0.39 %),0,0,6700,171900000,955026,0.0
09/11/2021,0,0,25.6(0.00 %),0,0,0,0,955026,0.0
10/11/2021,-2300,-58650000,25.5(-0.39 %),0,0,2300,58650000,957326,0.0
11/11/2021,0,0,25.4(-0.39 %),0,0,0,0,957326,0.0
12/11/2021,-1200,-30600000,25.5(0.39 %),0,0,1200,30600000,958526,0.0
15/11/2021,-400,-10210000,25.5(0.00 %),0,0,400,10210000,958926,0.0
16/11/2021,-1000,-25500000,25.5(0.00 %),0,0,1000,25500000,959926,0.0
17/11/2021,-200,-5120000,25.6(0.39 %),0,0,200,5120000,960126,0.0
18/11/2021,-3800,-96280000,25.5(-0.39 %),0,0,3800,96280000,963926,0.0
19/11/2021,-1700,-42990000,25.1(-0.79 %),0,0,1700,42990000,965626,0.0
22/11/2021,0,0,25.2(0.00 %),0,0,0,0,965626,0.0
23/11/2021,-7400,-190030000,25.9(2.78 %),0,0,7400,190030000,973026,0.0
24/11/2021,-1000,-25410000,25.5(-1.16 %),100,2580000,1100,27990000,974026,0.0
25/11/2021,400,10900000,27(5.88 %),400,10900000,0,0,973626,0.0
26/11/2021,400,10810000,27(-1.10 %),400,10810000,0,0,973226,0.0
29/11/2021,100,2700000,26.8(-1.11 %),100,2700000,0,0,973126,0.01
30/11/2021,-200,-4480000,24.7(-6.44 %),200,5400000,400,9880000,973326,0.01
01/12/2021,0,0,25.4(0.00 %),0,0,0,0,977526,0.0
02/12/2021,0,0,27.7(9.06 %),0,0,0,0,977526,0.0
03/12/2021,0,0,27.7(0.00 %),0,0,0,0,977526,0.0
06/12/2021,-300,-7230000,26.3(-5.05 %),100,2690000,400,9920000,977826,0.0
07/12/2021,100,2620000,26.2(3.97 %),100,2620000,0,0,977726,0.0
08/12/2021,100,2690000,26.9(2.67 %),100,2690000,0,0,977626,0.0
09/12/2021,100,2640000,26.4(-0.38 %),100,2640000,0,0,977526,0.0
10/12/2021,-100,-2460000,25.5(-3.41 %),100,2640000,200,5100000,977626,0.0
13/12/2021,0,0,26.4(2.72 %),0,0,0,0,977626,0.0
14/12/2021,-2400,-60940000,25.5(-3.41 %),0,0,2400,60940000,980026,0.0
15/12/2021,-3900,-101400000,26(0.00 %),0,0,3900,101400000,983926,0.0
16/12/2021,0,0,27.4(5.38 %),0,0,0,0,983926,0.0
17/12/2021,0,0,26.7(-2.55 %),0,0,0,0,983926,0.0
20/12/2021,0,0,26.7(0.00 %),0,0,0,0,983926,0.0
21/12/2021,-10900,-282710000,26(-2.62 %),0,0,10900,282710000,994826,0.0
22/12/2021,0,0,26(0.39 %),0,0,0,0,994826,0.0
23/12/2021,-10000,-254020000,25.5(-1.92 %),0,0,10000,254020000,984326,47.87
24/12/2021,-10,-235000,25.4(0.00 %),0,0,10,235000,995226,47.86
27/12/2021,0,0,25.4(0.00 %),0,0,0,0,1005226,98.85
28/12/2021,-500,-12660000,25.6(0.79 %),0,0,500,12660000,1005726,0.0
29/12/2021,0,0,25.5(0.00 %),0,0,0,0,1005236,98.85
30/12/2021,0,0,25.5(0.00 %),0,0,0,0,1005736,98.85
31/12/2021,-1000,-24000000,25.5(0.00 %),0,0,1000,24000000,1005736,98.85
04/01/2022,0,0,25(2.88 %),0,0,0,0,1005436,98.85
05/01/2022,-100,-2600000,26(2.36 %),0,0,100,2600000,1006436,98.85
06/01/2022,0,0,26(0.00 %),0,0,0,0,1008936,98.84
07/01/2022,200,5280000,25.8(-0.77 %),300,7880000,100,2600000,1008736,98.84
10/01/2022,-4900,-124910000,25.5(-2.30 %),400,10240000,5300,135150000,1008336,98.84
11/01/2022,-3400,-86690000,25.5(0.00 %),0,0,3400,86690000,1008436,98.84
12/01/2022,-5000,-127400000,25(-2.34 %),0,0,5000,127400000,1013736,98.84
13/01/2022,0,0,26(1.96 %),0,0,0,0,1017136,98.83
14/01/2022,0,0,26(0.00 %),0,0,0,0,1022136,98.83
17/01/2022,0,0,0(0.00 %),0,0,0,0,1022136,98.83
18/01/2022,-1000,-25000000,25(-4.94 %),0,0,1000,25000000,1022136,98.83
19/01/2022,0,0,25(0.00 %),0,0,0,0,1022136,98.83
20/01/2022,-400,-10000000,25(0.00 %),0,0,400,10000000,1023136,98.83
21/01/2022,-17100,-427500000,25(0.00 %),0,0,17100,427500000,1023136,98.83
24/01/2022,0,0,24.5(-2.00 %),0,0,0,0,1023536,98.83
25/01/2022,-1800,-40790000,22.5(-8.16 %),0,0,1800,40790000,1040636,98.81
26/01/2022,-200,-4700000,26.7(14.59 %),0,0,200,4700000,1040636,98.81
27/01/2022,0,0,24.8(0.00 %),0,0,0,0,1042436,98.8
28/01/2022,-700,-15140000,21.7(-12.50 %),0,0,700,15140000,1042636,98.8
07/02/2022,-700,-16610000,23.8(9.17 %),0,0,700,16610000,1042636,98.8
08/02/2022,0,0,23.8(0.00 %),0,0,0,0,1043336,98.8
09/02/2022,-1000,-23800000,23.8(0.00 %),0,0,1000,23800000,1044036,98.8
10/02/2022,0,0,25.9(8.82 %),0,0,0,0,1044036,98.8
11/02/2022,0,0,27.2(5.02 %),0,0,0,0,1045036,98.8
14/02/2022,0,0,27.2(0.00 %),0,0,0,0,1045036,98.8
15/02/2022,-1900,-47500000,25(-8.09 %),0,0,1900,47500000,1045036,98.8
16/02/2022,0,0,26(4.00 %),0,0,0,0,1045036,98.8
17/02/2022,0,0,26.3(0.00 %),0,0,0,0,1046936,98.8
18/02/2022,0,0,26.3(0.00 %),0,0,0,0,1046936,98.8
21/02/2022,0,0,26.3(0.00 %),0,0,0,0,1046936,98.8
22/02/2022,0,0,26.3(0.00 %),0,0,0,0,1046936,98.8
23/02/2022,0,0,27.1(3.04 %),0,0,0,0,1046936,98.8
24/02/2022,0,0,26.6(0.00 %),0,0,0,0,1046936,98.8
25/02/2022,-300,-7540000,26(-2.26 %),0,0,300,7540000,1046936,98.8
28/02/2022,0,0,24.8(0.00 %),0,0,0,0,1046936,98.8
01/03/2022,0,0,24.8(0.00 %),0,0,0,0,1047236,98.8
02/03/2022,-200,-4700000,23.5(-5.24 %),0,0,200,4700000,1047236,98.8
03/03/2022,-500,-11750000,23.5(0.00 %),0,0,500,11750000,1047236,98.8
04/03/2022,0,0,25(6.38 %),0,0,0,0,1047436,98.8
07/03/2022,-100,-2650000,26.5(5.58 %),0,0,100,2650000,1047936,98.8
08/03/2022,0,0,26.5(0.00 %),0,0,0,0,1047936,98.8
09/03/2022,-100,-2280000,22.8(-13.96 %),0,0,100,2280000,1048036,98.8
10/03/2022,-1800,-44370000,25.7(12.23 %),0,0,1800,44370000,1048036,98.8
11/03/2022,0,0,24.7(0.00 %),0,0,0,0,1048136,98.8
14/03/2022,-400,-9200000,23(-6.88 %),0,0,400,9200000,1049936,98.8
15/03/2022,-13300,-306150000,23(0.00 %),0,0,13300,306150000,1049936,98.8
16/03/2022,0,0,23(0.00 %),0,0,0,0,1050336,98.79
17/03/2022,-200,-4610000,23.1(0.43 %),0,0,200,4610000,1063636,98.78
18/03/2022,0,0,23(0.00 %),0,0,0,0,1063636,98.78
21/03/2022,-2700,-62410000,23.1(0.43 %),0,0,2700,62410000,1063836,98.78
22/03/2022,-6600,-151800000,23(-0.86 %),0,0,6600,151800000,1063836,98.78
23/03/2022,-3400,-78200000,23(0.00 %),0,0,3400,78200000,1066536,98.78
24/03/2022,0,0,23(0.00 %),0,0,0,0,1073136,98.77
25/03/2022,-4800,-112730000,23.5(2.17 %),0,0,4800,112730000,1076536,98.76
28/03/2022,0,0,23.5(0.00 %),0,0,0,0,1076536,98.76
29/03/2022,0,0,23.5(0.00 %),0,0,0,0,1081336,98.76
30/03/2022,-6400,-153500000,24(2.13 %),0,0,6400,153500000,1081336,98.76
31/03/2022,0,0,24(0.00 %),0,0,0,0,1081336,98.76
01/04/2022,0,0,24(0.00 %),0,0,0,0,1087736,98.75
04/04/2022,-1000,-24280000,24(0.00 %),0,0,1000,24280000,1087736,98.75
05/04/2022,0,0,24.4(0.00 %),0,0,0,0,1087736,98.75
06/04/2022,0,0,24.4(0.00 %),0,0,0,0,1088736,98.75
07/04/2022,0,0,24.4(0.00 %),0,0,0,0,1088736,98.75
08/04/2022,0,0,24.4(0.00 %),0,0,0,0,1088736,98.75
12/04/2022,-3100,-74090000,23.9(-2.05 %),0,0,3100,74090000,1091836,0.0
13/04/2022,0,0,23.9(0.00 %),0,0,0,0,1088736,98.75
14/04/2022,-1000,-23900000,23.9(0.00 %),0,0,1000,23900000,1091836,98.75
15/04/2022,0,0,0(0.00 %),0,0,0,0,1091836,98.75
18/04/2022,0,0,0(0.00 %),0,0,0,0,1092836,98.75
19/04/2022,0,0,23(-1.71 %),0,0,0,0,1093736,98.74
20/04/2022,-3100,-71300000,23(0.00 %),0,0,3100,71300000,1093736,47.74
21/04/2022,-3100,-72850000,23.5(2.17 %),0,0,3100,72850000,1097436,98.74
22/04/2022,0,0,23.5(0.00 %),0,0,0,0,1100536,98.74
25/04/2022,-3400,-80030000,23.6(0.43 %),0,0,3400,80030000,1103636,98.73
26/04/2022,-2500,-58850000,23.5(0.00 %),0,0,2500,58850000,1103636,98.73
27/04/2022,0,0,23.6(0.00 %),0,0,0,0,1107036,98.73
28/04/2022,0,0,23.6(0.00 %),0,0,0,0,1109536,98.73
29/04/2022,0,0,23.6(0.00 %),0,0,0,0,1109536,98.73
04/05/2022,-800,-17990000,21.1(-10.59 %),0,0,800,17990000,1109536,98.73
05/05/2022,0,0,21.7(0.00 %),0,0,0,0,1109536,98.73
06/05/2022,-1400,-32890000,23.4(7.83 %),0,0,1400,32890000,1110336,98.73
09/05/2022,0,0,23.5(0.00 %),0,0,0,0,1110336,98.73
10/05/2022,0,0,23.9(1.70 %),0,0,0,0,1111736,98.72
11/05/2022,0,0,23.9(0.00 %),0,0,0,0,1111736,98.72
12/05/2022,0,0,21(-12.13 %),0,0,0,0,1111736,98.72
13/05/2022,-2300,-48300000,21(0.00 %),500,10500000,2800,58800000,1111236,98.72
16/05/2022,-4800,-113270000,23.6(12.38 %),0,0,4800,113270000,1111236,98.72
17/05/2022,0,0,23.6(0.00 %),0,0,0,0,1114036,98.72
18/05/2022,0,0,23.6(0.00 %),0,0,0,0,1118836,98.72
19/05/2022,0,0,23.6(0.00 %),0,0,0,0,1118836,98.72
20/05/2022,0,0,23.6(0.00 %),0,0,0,0,1118836,98.72
23/05/2022,0,0,23.6(0.00 %),0,0,0,0,1118836,98.72
24/05/2022,0,0,23.6(0.00 %),0,0,0,0,1118836,98.72
25/05/2022,-100,-2300000,23(-2.54 %),0,0,100,2300000,1118836,98.72
26/05/2022,0,0,23(0.00 %),0,0,0,0,1118836,98.72
27/05/2022,0,0,23(0.00 %),0,0,0,0,1118936,98.72
30/05/2022,0,0,23(0.00 %),0,0,0,0,1118936,98.72
31/05/2022,0,0,23(0.00 %),0,0,0,0,1118936,98.72
01/06/2022,0,0,23(0.00 %),0,0,0,0,1118936,98.72
02/06/2022,0,0,23(0.00 %),0,0,0,0,1118936,98.72
03/06/2022,-100,-2290000,22.9(-0.43 %),0,0,100,2290000,1118936,98.72
06/06/2022,0,0,22.9(0.00 %),0,0,0,0,1118936,98.72
07/06/2022,0,0,19.8(-13.54 %),0,0,0,0,1119036,98.72
08/06/2022,0,0,20(0.00 %),0,0,0,0,1119036,98.72
09/06/2022,-2400,-55200000,23(15.00 %),0,0,2400,55200000,1119036,98.72
10/06/2022,0,0,23(0.00 %),0,0,0,0,1119036,98.72
13/06/2022,-1000,-23800000,24(4.35 %),0,0,1000,23800000,1121436,98.71
14/06/2022,0,0,24(0.84 %),0,0,0,0,1121436,98.71
15/06/2022,0,0,24(0.00 %),0,0,0,0,1122436,98.71
16/06/2022,0,0,24(0.00 %),0,0,0,0,1122436,98.71
17/06/2022,0,0,24(0.00 %),0,0,0,0,1122436,98.71
20/06/2022,0,0,24(0.00 %),0,0,0,0,1122436,98.71
21/06/2022,100,2690000,26.9(12.08 %),100,2690000,0,0,1122336,98.71
22/06/2022,0,0,26.9(0.00 %),0,0,0,0,1122336,98.71
23/06/2022,-200,-4580000,22.9(-14.87 %),0,0,200,4580000,1122336,98.71
24/06/2022,0,0,22.9(0.00 %),0,0,0,0,1122336,98.71
27/06/2022,0,0,22.9(0.00 %),0,0,0,0,1122536,98.71
28/06/2022,0,0,22.9(0.00 %),0,0,0,0,1122536,98.71
29/06/2022,0,0,22.9(0.00 %),0,0,0,0,1122536,98.71
30/06/2022,0,0,22.9(0.00 %),0,0,0,0,1122536,98.71
01/07/2022,0,0,22.9(0.00 %),0,0,0,0,1122536,98.71
04/07/2022,-1900,-44650000,23.5(2.62 %),0,0,1900,44650000,1122536,98.71
05/07/2022,0,0,23.5(0.00 %),0,0,0,0,1122536,98.71
06/07/2022,0,0,23.5(0.00 %),0,0,0,0,1124436,98.71
07/07/2022,0,0,23.5(0.00 %),0,0,0,0,1124436,98.71
08/07/2022,0,0,23.5(0.00 %),0,0,0,0,1124436,98.71
11/07/2022,100,2350000,23.5(0.00 %),400,8800000,300,6450000,1124036,98.71
12/07/2022,100,2380000,23.8(8.18 %),100,2380000,0,0,1123936,98.71
13/07/2022,0,0,23.8(0.00 %),0,0,0,0,1124236,98.71
14/07/2022,0,0,23.8(0.00 %),0,0,0,0,1124236,98.71
15/07/2022,0,0,23.8(0.00 %),0,0,0,0,1124236,98.71
18/07/2022,0,0,23.8(0.00 %),0,0,0,0,1124236,98.71
19/07/2022,0,0,23.8(0.00 %),0,0,0,0,1124236,98.71
20/07/2022,-500,-11900000,23.8(0.00 %),0,0,500,11900000,1124236,98.71
21/07/2022,0,0,23.8(0.00 %),0,0,0,0,1124236,98.71
22/07/2022,0,0,23.8(0.00 %),0,0,0,0,1124736,98.71
25/07/2022,0,0,22(-7.56 %),0,0,0,0,1124736,98.71
26/07/2022,0,0,22(0.00 %),0,0,0,0,1124736,98.71
27/07/2022,0,0,21(-4.55 %),0,0,0,0,1124736,98.71
28/07/2022,100,2410000,24.1(14.76 %),100,2410000,0,0,1124636,98.71
29/07/2022,100,2400000,24(-0.41 %),100,2400000,0,0,1124536,98.71
01/08/2022,0,0,24(0.00 %),0,0,0,0,1124536,98.71
02/08/2022,100,2450000,24.5(2.08 %),100,2450000,0,0,1124436,98.71
03/08/2022,-2600,-54460000,21.1(-13.88 %),0,0,2600,54460000,1124436,98.71
04/08/2022,100,2400000,24(14.83 %),100,2400000,0,0,1124336,98.71
05/08/2022,0,0,24.7(2.92 %),100,2470000,100,2470000,1126836,98.71
08/08/2022,-1200,-23680000,21.1(-14.57 %),500,14000000,1700,37680000,1126336,98.71
09/08/2022,-1400,-30800000,22(-5.58 %),0,0,1400,30800000,1126436,98.71
10/08/2022,-700,-15400000,22(0.00 %),0,0,700,15400000,1128136,98.71
11/08/2022,0,0,22(0.00 %),0,0,0,0,1129536,98.7
12/08/2022,0,0,21(-4.55 %),0,0,0,0,1130236,98.7
15/08/2022,-2300,-48310000,21(0.00 %),0,0,2300,48310000,1130236,98.7
16/08/2022,100,2290000,22.9(9.05 %),100,2290000,0,0,1130136,98.7
17/08/2022,0,0,22.9(0.00 %),0,0,0,0,1132436,98.7
18/08/2022,-5600,-114510000,21(-8.30 %),0,0,5600,114510000,1132436,98.7
19/08/2022,0,0,20.4(0.00 %),0,0,0,0,1132436,98.7
22/08/2022,-500,-10500000,21(2.94 %),0,0,500,10500000,1138036,98.69
23/08/2022,0,0,21(0.00 %),0,0,0,0,1138036,98.69
24/08/2022,0,0,20.2(-3.81 %),0,0,0,0,1138536,98.69
25/08/2022,-800,-16400000,21(3.96 %),0,0,800,16400000,1138536,98.69
26/08/2022,0,0,20.6(0.00 %),0,0,0,0,1138536,98.69
29/08/2022,-200,-4120000,20.6(0.00 %),200,4120000,400,8240000,1139136,98.69
30/08/2022,-200,-4120000,20.6(0.00 %),0,0,200,4120000,1139136,98.69
31/08/2022,0,0,20.6(0.00 %),0,0,0,0,1139536,98.69
05/09/2022,-3900,-86240000,20.7(0.49 %),0,0,3900,86240000,1139736,98.69
06/09/2022,0,0,22(0.00 %),0,0,0,0,1139736,98.69
07/09/2022,-300,-6720000,22.4(1.82 %),0,0,300,6720000,1143636,98.69
08/09/2022,0,0,22.4(0.00 %),0,0,0,0,1143636,98.69
09/09/2022,0,0,22.4(0.00 %),0,0,0,0,1143936,98.69
12/09/2022,-99,-1890900,22.4(0.00 %),0,0,99,1890900,1143936,98.69
13/09/2022,0,0,22.4(0.00 %),0,0,0,0,1143936,98.69
14/09/2022,0,0,22.4(0.00 %),0,0,0,0,1144035,98.69
15/09/2022,0,0,20.8(0.00 %),0,0,0,0,0,98.69
16/09/2022,0,0,20.8(0.00 %),0,0,0,0,1144035,98.69
19/09/2022,0,0,20.8(0.00 %),0,0,0,0,1144035,0.0
20/09/2022,0,0,20.8(0.00 %),0,0,0,0,1144035,98.69
21/09/2022,0,0,20.8(0.00 %),0,0,0,0,1144035,98.69
22/09/2022,0,0,20.8(0.00 %),0,0,0,0,1144035,98.69
23/09/2022,0,0,20.8(0.00 %),0,0,0,0,1144035,0.0
26/09/2022,-56000,-1128000000,20(-3.85 %),0,0,56000,1128000000,1144035,98.69
27/09/2022,0,0,20(-0.50 %),0,0,0,0,1144035,98.69
28/09/2022,0,0,20.1(0.00 %),0,0,0,0,1200035,98.62
29/09/2022,0,0,20.1(0.00 %),0,0,0,0,1200035,98.62
30/09/2022,0,0,22.5(11.94 %),0,0,0,0,1200035,98.62
03/10/2022,0,0,22.5(0.00 %),0,0,0,0,1200035,98.62
04/10/2022,0,0,22.5(0.00 %),0,0,0,0,1200035,98.62
05/10/2022,0,0,22.5(0.00 %),0,0,0,0,1200035,98.62
06/10/2022,500,10000000,20(-11.11 %),500,10000000,0,0,1199535,98.62
07/10/2022,0,0,20(0.00 %),0,0,0,0,1199535,98.62
10/10/2022,0,0,20(0.00 %),0,0,0,0,1199535,98.62
11/10/2022,0,0,20(0.00 %),0,0,0,0,1199535,98.62
12/10/2022,0,0,20(0.00 %),0,0,0,0,1199535,98.62
13/10/2022,0,0,20(0.00 %),0,0,0,0,1199535,98.62
14/10/2022,0,0,20(0.00 %),0,0,0,0,1199535,98.62
17/10/2022,0,0,20(0.00 %),0,0,0,0,1199535,98.62
18/10/2022,0,0,20(0.00 %),0,0,0,0,1199535,98.62
19/10/2022,0,0,20(0.00 %),0,0,0,0,1199535,98.62
20/10/2022,0,0,20(0.00 %),0,0,0,0,1199535,98.62
21/10/2022,0,0,21.5(7.50 %),0,0,0,0,1199535,98.62
24/10/2022,0,0,21.5(0.00 %),0,0,0,0,1199535,98.62
25/10/2022,0,0,21.5(0.00 %),0,0,0,0,1199535,98.62
26/10/2022,0,0,21.5(0.00 %),0,0,0,0,1199535,98.62
27/10/2022,0,0,21.5(0.00 %),0,0,0,0,1199535,98.62
28/10/2022,0,0,18.5(-13.95 %),0,0,0,0,1199535,98.62
31/10/2022,0,0,18.5(0.00 %),0,0,0,0,1199535,98.62
01/11/2022,0,0,18.5(0.00 %),0,0,0,0,1199535,98.62
02/11/2022,0,0,18.5(0.00 %),0,0,0,0,1199535,98.62
03/11/2022,0,0,18.5(0.00 %),0,0,0,0,1199535,98.62
04/11/2022,0,0,18.5(0.00 %),0,0,0,0,1199535,98.62
07/11/2022,0,0,18.5(0.00 %),0,0,0,0,1199535,98.62
08/11/2022,200,3600000,18(-2.70 %),200,3600000,0,0,1199335,98.62
09/11/2022,-2000,-38000000,19(5.56 %),0,0,2000,38000000,1199335,98.62
10/11/2022,0,0,19(0.00 %),0,0,0,0,1199335,98.62
11/11/2022,0,0,19(0.00 %),0,0,0,0,1201335,98.62
14/11/2022,0,0,19(0.00 %),0,0,0,0,1201335,98.62
15/11/2022,0,0,19(0.00 %),0,0,0,0,1201335,98.62
16/11/2022,0,0,19(0.00 %),0,0,0,0,1201335,98.62
17/11/2022,0,0,19(0.00 %),0,0,0,0,1201335,98.62
18/11/2022,0,0,19(0.00 %),0,0,0,0,1201335,98.62
21/11/2022,100,2170000,21.7(14.21 %),100,2170000,0,0,1201235,98.62
22/11/2022,0,0,21.7(0.00 %),0,0,0,0,1201235,98.62
23/11/2022,0,0,21.7(0.00 %),0,0,0,0,1201235,98.62
24/11/2022,0,0,21.7(0.00 %),0,0,0,0,1201235,98.62
25/11/2022,0,0,21.7(0.00 %),0,0,0,0,1201235,98.62
28/11/2022,0,0,21.7(0.00 %),0,0,0,0,1201235,0.0
29/11/2022,0,0,18.5(-14.75 %),0,0,0,0,1201235,0.0
30/11/2022,0,0,18.5(0.00 %),0,0,0,0,1201235,0.0
01/12/2022,0,0,18.5(0.00 %),0,0,0,0,1201235,0.0
02/12/2022,0,0,18(-2.70 %),0,0,0,0,1201235,0.0
05/12/2022,0,0,18.1(0.56 %),0,0,0,0,1201235,0.0
06/12/2022,0,0,18.1(0.00 %),0,0,0,0,1201235,0.0
07/12/2022,100,1560000,15.6(-13.81 %),100,1560000,0,0,1201135,0.0
08/12/2022,-5700,-91090000,16(1.27 %),0,0,5700,91090000,1201135,98.62
09/12/2022,-30000,-540000000,18(12.50 %),0,0,30000,540000000,1201135,98.62
12/12/2022,0,0,18(0.00 %),0,0,0,0,1201135,0.0
13/12/2022,0,0,18(0.00 %),0,0,0,0,1206835,0.0
14/12/2022,0,0,18(0.00 %),0,0,0,0,1236835,0.0
15/12/2022,0,0,18(0.00 %),0,0,0,0,1236835,0.0
16/12/2022,0,0,18(0.00 %),0,0,0,0,1236835,0.0
19/12/2022,0,0,20.2(12.22 %),0,0,0,0,1236835,0.0
20/12/2022,0,0,20.2(0.00 %),0,0,0,0,1236835,0.0
21/12/2022,0,0,20.2(0.00 %),0,0,0,0,1236835,0.0
22/12/2022,0,0,20.2(0.00 %),0,0,0,0,1236835,0.0
23/12/2022,0,0,20.2(0.00 %),0,0,0,0,1236835,0.0
26/12/2022,0,0,20.2(0.00 %),0,0,0,0,1236835,0.0
27/12/2022,0,0,17.2(-14.85 %),0,0,0,0,1236835,0.0
28/12/2022,0,0,17.3(0.00 %),0,0,0,0,1236835,98.58
29/12/2022,0,0,17(-1.73 %),0,0,0,0,1236835,98.58
30/12/2022,0,0,17(0.00 %),0,0,0,0,1236835,98.58
03/01/2023,0,0,17(0.00 %),0,0,0,0,1236835,0.0
04/01/2023,200,3350000,16.8(-1.18 %),200,3350000,0,0,1236635,98.58
05/01/2023,0,0,16.5(0.00 %),0,0,0,0,1236635,98.58
06/01/2023,0,0,16.5(0.00 %),0,0,0,0,1236635,98.58
09/01/2023,-100,-1700000,17(3.03 %),0,0,100,1700000,1236635,98.58
10/01/2023,0,0,17(0.00 %),0,0,0,0,1236635,98.58
11/01/2023,-100,-1710000,17.1(0.59 %),0,0,100,1710000,1236735,98.58
12/01/2023,0,0,17.1(0.00 %),0,0,0,0,1236735,98.58
13/01/2023,0,0,17.1(0.00 %),0,0,0,0,1236835,98.58
16/01/2023,0,0,17.1(0.00 %),0,0,0,0,1236835,98.58
17/01/2023,0,0,17.1(0.00 %),0,0,0,0,1236835,98.58
18/01/2023,0,0,19.6(14.62 %),0,0,0,0,1236835,98.58
19/01/2023,0,0,21.5(9.69 %),0,0,0,0,1236835,98.58
27/01/2023,0,0,21.5(0.00 %),0,0,0,0,1236835,98.58
30/01/2023,0,0,19(-11.63 %),0,0,0,0,1236835,98.58
31/01/2023,0,0,19.5(2.63 %),0,0,0,0,1236835,98.58
01/02/2023,0,0,20(0.00 %),0,0,0,0,1236835,98.58
02/02/2023,0,0,20(0.00 %),0,0,0,0,1236835,98.58
03/02/2023,0,0,20(0.00 %),0,0,0,0,1236835,98.58
06/02/2023,0,0,20(0.00 %),0,0,0,0,1236835,98.58
07/02/2023,0,0,19(-5.00 %),0,0,0,0,1236835,98.58
08/02/2023,0,0,20(6.38 %),0,0,0,0,1236835,98.58
09/02/2023,0,0,19.3(0.00 %),0,0,0,0,1236835,98.58
10/02/2023,0,0,19.3(0.00 %),0,0,0,0,1236835,98.58
13/02/2023,0,0,19.3(0.00 %),0,0,0,0,1236835,98.58
14/02/2023,0,0,19.3(0.00 %),0,0,0,0,1236835,98.58
15/02/2023,0,0,20.4(5.70 %),0,0,0,0,1236835,98.58
16/02/2023,0,0,20.4(0.00 %),0,0,0,0,1236835,98.58
17/02/2023,0,0,20.4(0.00 %),0,0,0,0,1236835,98.58
20/02/2023,0,0,20.4(0.00 %),0,0,0,0,1236835,98.58
21/02/2023,0,0,20.4(0.00 %),0,0,0,0,1236835,98.58
22/02/2023,200,4000000,20(-1.96 %),200,4000000,0,0,1236635,98.58
23/02/2023,0,0,19(-5.00 %),0,0,0,0,1236635,98.58
24/02/2023,0,0,19(0.00 %),0,0,0,0,1236635,0.0
27/02/2023,0,0,19(0.00 %),0,0,0,0,1236635,98.58
28/02/2023,0,0,19(0.00 %),0,0,0,0,1236635,98.58
01/03/2023,0,0,19(0.00 %),0,0,0,0,1236635,98.58
02/03/2023,0,0,19.1(0.53 %),0,0,0,0,1236635,98.58
03/03/2023,0,0,19.1(0.00 %),0,0,0,0,1236635,98.58
06/03/2023,0,0,20.4(6.81 %),0,0,0,0,1236635,98.58
07/03/2023,0,0,20.4(0.00 %),0,0,0,0,1236635,98.58
08/03/2023,0,0,20.4(0.00 %),0,0,0,0,1236635,98.58
09/03/2023,0,0,20.4(0.00 %),0,0,0,0,1236635,98.58
10/03/2023,0,0,20.4(0.00 %),0,0,0,0,1236635,98.58
13/03/2023,0,0,20.4(0.00 %),0,0,0,0,1236635,0.0
14/03/2023,0,0,20.4(0.00 %),0,0,0,0,1236635,98.58
15/03/2023,0,0,20.4(0.00 %),0,0,0,0,1236635,98.58
16/03/2023,0,0,20.4(0.00 %),0,0,0,0,1236635,98.58
17/03/2023,0,0,20.4(0.00 %),0,0,0,0,1236635,98.58
20/03/2023,0,0,20.4(0.00 %),0,0,0,0,1236635,98.58
21/03/2023,0,0,20.4(0.00 %),0,0,0,0,1236635,98.58
22/03/2023,0,0,20.4(0.00 %),0,0,0,0,1236635,98.58
23/03/2023,0,0,21.4(4.90 %),0,0,0,0,1236635,98.58
24/03/2023,0,0,22.6(5.61 %),0,0,0,0,1236635,98.58
27/03/2023,0,0,20(-11.50 %),0,0,0,0,1236635,98.58
28/03/2023,0,0,22.7(13.50 %),0,0,0,0,1236635,0.0
29/03/2023,0,0,22.8(0.00 %),0,0,0,0,1236635,98.58
30/03/2023,0,0,22.8(0.00 %),0,0,0,0,1236635,98.58
31/03/2023,0,0,22.8(0.00 %),0,0,0,0,1236635,98.58
03/04/2023,0,0,22.8(0.00 %),0,0,0,0,1236635,98.58
04/04/2023,0,0,22.7(-0.44 %),0,0,0,0,1236635,98.58
05/04/2023,0,0,22.7(0.00 %),0,0,0,0,1236635,98.58
06/04/2023,-10000,-220010000,22(-3.08 %),0,0,10000,220010000,1236635,98.58
07/04/2023,0,0,22(0.00 %),0,0,0,0,1236635,98.58
10/04/2023,-1000,-22010000,22(0.00 %),0,0,1000,22010000,1246635,98.57
11/04/2023,0,0,25.3(15.00 %),0,0,0,0,1246635,98.57
12/04/2023,0,0,27.7(14.46 %),0,0,0,0,1246635,0.0
13/04/2023,0,0,29.5(9.67 %),0,0,0,0,1247635,98.57
14/04/2023,0,0,29.7(0.00 %),0,0,0,0,1247635,98.57
17/04/2023,0,0,25.3(-14.81 %),0,0,0,0,1247635,98.57
18/04/2023,0,0,21.6(-14.62 %),0,0,0,0,1247635,98.57
19/04/2023,0,0,22(0.46 %),0,0,0,0,1247635,98.57
20/04/2023,0,0,22.3(0.00 %),0,0,0,0,1247635,0.0
21/04/2023,0,0,22.3(0.00 %),0,0,0,0,1247635,98.57
24/04/2023,0,0,22.3(0.00 %),0,0,0,0,1247635,98.57
25/04/2023,-1000,-22300000,22.3(0.00 %),0,0,1000,22300000,1247635,98.57
26/04/2023,0,0,25.4(13.90 %),0,0,0,0,1247635,98.57
27/04/2023,0,0,25.4(0.00 %),0,0,0,0,1247635,0.0
28/04/2023,0,0,27.4(7.87 %),0,0,0,0,1247635,0.0
04/05/2023,0,0,27.4(0.00 %),0,0,0,0,1248635,0.0
05/05/2023,0,0,27.4(0.00 %),0,0,0,0,1248635,98.57
08/05/2023,0,0,27.4(0.00 %),0,0,0,0,1248635,98.57
09/05/2023,0,0,27.4(0.00 %),0,0,0,0,1248635,98.57
10/05/2023,0,0,27.4(0.00 %),0,0,0,0,1248635,0.0
11/05/2023,0,0,27.4(0.00 %),0,0,0,0,1248635,0.0
12/05/2023,0,0,27.4(0.00 %),0,0,0,0,1248635,98.57
15/05/2023,0,0,27.4(0.00 %),0,0,0,0,1248635,0.0
16/05/2023,0,0,27.4(0.00 %),0,0,0,0,1248635,0.0
17/05/2023,0,0,27.4(0.00 %),0,0,0,0,1248635,0.0
18/05/2023,-1000,-26000000,26(-5.11 %),0,0,1000,26000000,1249635,0.0
19/05/2023,0,0,26.5(0.00 %),0,0,0,0,1249635,0.0
22/05/2023,0,0,26.5(0.00 %),0,0,0,0,1249635,0.0
23/05/2023,0,0,26.5(0.00 %),0,0,0,0,1249635,0.0
24/05/2023,200,5400000,27(1.89 %),200,5400000,0,0,1249435,0.0
25/05/2023,0,0,28.5(5.56 %),0,0,0,0,1249435,0.0
26/05/2023,0,0,28.5(0.00 %),0,0,0,0,1249435,0.0
29/05/2023,0,0,28.5(0.00 %),0,0,0,0,1249435,0.0
30/05/2023,0,0,28.5(0.00 %),0,0,0,0,1249435,0.0
31/05/2023,0,0,28.5(0.00 %),0,0,0,0,1249435,0.0
01/06/2023,0,0,28.5(0.00 %),0,0,0,0,1249435,0.0
02/06/2023,0,0,28.5(0.00 %),0,0,0,0,1249435,0.0
05/06/2023,0,0,28.5(0.00 %),0,0,0,0,1249435,0.0
06/06/2023,0,0,28.5(0.00 %),0,0,0,0,1249435,0.0
07/06/2023,0,0,28.5(0.00 %),0,0,0,0,1249435,0.0
08/06/2023,0,0,28.5(0.00 %),0,0,0,0,1249435,0.0
09/06/2023,0,0,28.5(0.00 %),0,0,0,0,1249435,0.0
12/06/2023,0,0,28.5(0.00 %),0,0,0,0,1249435,0.0
13/06/2023,0,0,28.5(0.00 %),0,0,0,0,1249435,0.0
14/06/2023,0,0,28.5(0.00 %),0,0,0,0,1249435,0.0
15/06/2023,0,0,28.5(0.00 %),0,0,0,0,1249435,0.0
16/06/2023,0,0,32.7(14.74 %),0,0,0,0,1249435,98.57
19/06/2023,0,0,32.7(0.00 %),0,0,0,0,1249435,98.57
20/06/2023,0,0,32.7(0.00 %),0,0,0,0,1249435,98.57
21/06/2023,-800,-24880000,27.8(-14.98 %),0,0,800,24880000,1249435,98.57
22/06/2023,1000,25400000,25.4(-14.77 %),1000,25400000,0,0,1248435,0.0
23/06/2023,0,0,29(14.17 %),0,0,0,0,1249235,98.57
26/06/2023,0,0,24.7(-14.83 %),0,0,0,0,1249235,98.57
27/06/2023,0,0,25.1(0.00 %),0,0,0,0,1249235,98.57
28/06/2023,-4200,-92520000,23(-8.37 %),200,4320000,4400,96840000,1249035,98.57
29/06/2023,0,0,21.7(0.00 %),0,0,0,0,1249035,98.57
30/06/2023,0,0,24.4(12.44 %),0,0,0,0,1253435,98.56
03/07/2023,0,0,24.4(0.00 %),0,0,0,0,1253435,98.56
04/07/2023,0,0,24.4(0.00 %),0,0,0,0,1253435,98.56
05/07/2023,0,0,24.4(0.00 %),0,0,0,0,1253435,98.56
06/07/2023,0,0,24.4(0.00 %),0,0,0,0,1253435,98.56
07/07/2023,0,0,26.6(9.02 %),0,0,0,0,1253435,98.56
10/07/2023,0,0,26.6(0.00 %),0,0,0,0,1253435,98.56
11/07/2023,0,0,26.6(0.00 %),0,0,0,0,1253435,98.56
12/07/2023,0,0,26.6(0.00 %),0,0,0,0,1253435,98.56
13/07/2023,0,0,26.6(0.00 %),0,0,0,0,1253435,98.56
14/07/2023,0,0,26.6(0.00 %),0,0,0,0,1253435,98.56
17/07/2023,0,0,26.6(0.00 %),0,0,0,0,1253435,98.56
18/07/2023,-5900,-142630000,24.2(-9.02 %),0,0,5900,142630000,1253435,98.56
19/07/2023,0,0,25.6(5.79 %),0,0,0,0,1253435,98.56
20/07/2023,-2400,-62310000,26(0.78 %),0,0,2400,62310000,1259335,98.55
21/07/2023,0,0,25.9(0.00 %),0,0,0,0,1259335,98.55
24/07/2023,0,0,26(0.00 %),0,0,0,0,1261735,98.55
25/07/2023,0,0,26.1(0.00 %),0,0,0,0,1261735,98.55
26/07/2023,0,0,26.1(0.00 %),0,0,0,0,1261735,0.0
27/07/2023,-800,-20400000,25.5(-2.30 %),0,0,800,20400000,1262535,0.0
28/07/2023,-700,-18270000,26.1(2.35 %),0,0,700,18270000,1261735,0.0
31/07/2023,0,0,26.1(0.00 %),0,0,0,0,1262535,98.55
01/08/2023,0,0,0(0.00 %),0,0,0,0,1263235,98.55
02/08/2023,0,0,0(0.00 %),0,0,0,0,1263235,98.55
03/08/2023,0,0,26(1.96 %),0,0,0,0,1263235,98.55
04/08/2023,-800,-20840000,26(0.00 %),0,0,800,20840000,1263235,98.55
07/08/2023,0,0,26(0.00 %),0,0,0,0,1263235,0.0
08/08/2023,0,0,26(0.00 %),0,0,0,0,1263235,0.0
09/08/2023,0,0,26(0.00 %),0,0,0,0,1263235,0.0
10/08/2023,-1800,-48060000,26(0.00 %),0,0,1800,48060000,1265035,0.0
11/08/2023,0,0,26(-4.76 %),0,0,0,0,1265035,0.0
14/08/2023,-3200,-77590000,24(-7.69 %),0,0,3200,77590000,1265835,98.55
15/08/2023,0,0,24.1(-10.41 %),0,0,0,0,1265835,98.55
16/08/2023,-1300,-31850000,24.5(1.66 %),0,0,1300,31850000,1269035,98.54
17/08/2023,-1000,-24740000,24.7(0.82 %),0,0,1000,24740000,1269035,98.54
18/08/2023,-4500,-106050000,23.6(-4.45 %),0,0,4500,106050000,1270335,98.54
21/08/2023,-2000,-48350000,25(5.49 %),0,0,2000,48350000,1271335,98.54
22/08/2023,-1000,-25000000,25(4.60 %),0,0,1000,25000000,1275835,98.54
23/08/2023,0,0,24.9(0.00 %),0,0,0,0,1277835,98.53
24/08/2023,0,0,25(0.40 %),0,0,0,0,1278835,98.53
25/08/2023,0,0,24.9(0.00 %),0,0,0,0,1278835,98.53
28/08/2023,0,0,25(0.40 %),0,0,0,0,1278835,98.53
29/08/2023,-3030,-74044000,25(0.40 %),0,0,3030,74044000,1278835,98.53
30/08/2023,0,0,25.9(6.15 %),0,0,0,0,1278835,98.53
31/08/2023,0,0,26(0.39 %),0,0,0,0,1281865,98.53
05/09/2023,-200,-4950000,25.5(-1.92 %),0,0,200,4950000,1281865,98.53
06/09/2023,-10000,-252000000,25.3(0.00 %),0,0,10000,252000000,1281865,0.0
07/09/2023,0,0,24.2(-2.42 %),0,0,0,0,1282065,98.53
08/09/2023,-2000,-50260000,24.2(0.00 %),0,0,2000,50260000,1292065,98.52
11/09/2023,-4000,-99700000,25.1(0.00 %),0,0,4000,99700000,1292065,98.52
12/09/2023,-3000,-75600000,25.2(2.02 %),0,0,3000,75600000,1294065,98.51
13/09/2023,-2000,-50500000,25.3(0.40 %),0,0,2000,50500000,1298065,98.51
14/09/2023,-2000,-50700000,25.4(0.79 %),0,0,2000,50700000,1301065,98.51
15/09/2023,-2000,-50720000,25(-1.57 %),0,0,2000,50720000,1303065,98.5
18/09/2023,0,0,25.2(0.00 %),0,0,0,0,1303065,0.0
19/09/2023,0,0,25.2(0.00 %),0,0,0,0,1305065,0.0
20/09/2023,0,0,24.5(-2.78 %),0,0,0,0,1305065,0.0
21/09/2023,0,0,25.5(4.08 %),0,0,0,0,1307065,98.5
22/09/2023,-600,-15160000,25.2(-1.18 %),0,0,600,15160000,1307065,98.5
25/09/2023,0,0,24.8(-1.98 %),0,0,0,0,1307165,98.5
26/09/2023,-1000,-24520000,24(-3.61 %),0,0,1000,24520000,1307765,98.5
27/09/2023,0,0,24.5(0.00 %),0,0,0,0,1307765,0.0
28/09/2023,0,0,24(-2.04 %),0,0,0,0,1307765,0.0
29/09/2023,0,0,24.5(0.00 %),0,0,0,0,1308765,98.5
02/10/2023,-860,-20500000,27(10.20 %),540,14500000,1400,35000000,1308225,98.5
03/10/2023,0,0,25.5(0.00 %),0,0,0,0,1308225,98.5
04/10/2023,0,0,25.5(0.00 %),0,0,0,0,1309625,98.5
05/10/2023,0,0,25.5(0.00 %),0,0,0,0,1309625,98.5
06/10/2023,0,0,25.5(0.00 %),0,0,0,0,1309625,98.5
09/10/2023,0,0,25.7(0.78 %),0,0,0,0,1309625,98.5
10/10/2023,-3900,-99470000,25.6(0.39 %),0,0,3900,99470000,1309625,98.5
11/10/2023,-1000,-26000000,26(1.56 %),0,0,1000,26000000,1309625,98.5
12/10/2023,-2000,-52000000,26(0.00 %),0,0,2000,52000000,1313525,98.49
13/10/2023,-3000,-75000000,25(-3.85 %),0,0,3000,75000000,1314525,98.49
16/10/2023,-2000,-50000000,25(0.00 %),0,0,2000,50000000,1316525,98.49
17/10/2023,-1000,-26000000,26(4.00 %),1000,26000000,2000,52000000,1318525,98.49
18/10/2023,0,0,26(0.00 %),0,0,0,0,1320525,98.48
19/10/2023,-2000,-52100000,26.1(0.38 %),0,0,2000,52100000,1322525,98.48
20/10/2023,-8000,-211050000,26.5(1.92 %),0,0,8000,211050000,1322525,98.48
23/10/2023,-4000,-107400000,27(2.27 %),0,0,4000,107400000,1324525,98.48
24/10/2023,-2300,-62840000,27.8(3.35 %),0,0,2300,62840000,1324525,0.0
25/10/2023,200,5500000,28(2.19 %),1500,41900000,1300,36400000,1332525,98.47
26/10/2023,0,0,28(0.00 %),0,0,0,0,1337325,98.47
27/10/2023,0,0,28(0.00 %),0,0,0,0,1338625,98.46
30/10/2023,0,0,28(0.00 %),0,0,0,0,1338625,98.46
31/10/2023,-4700,-131800000,28.1(1.81 %),0,0,4700,131800000,1338625,98.46
01/11/2023,-1000,-28100000,28.1(0.36 %),0,0,1000,28100000,1338625,98.46
02/11/2023,-1400,-39380000,28.1(0.00 %),0,0,1400,39380000,1343325,98.46
03/11/2023,0,0,28.1(0.00 %),0,0,0,0,1344325,98.46
06/11/2023,0,0,28.1(0.00 %),0,0,0,0,1345725,98.46
07/11/2023,0,0,28.1(0.00 %),0,0,0,0,1345725,0.0
08/11/2023,-2000,-56500000,28.3(0.71 %),0,0,2000,56500000,1345725,98.46
09/11/2023,0,0,28.2(0.00 %),0,0,0,0,1345725,98.46
10/11/2023,-2200,-62500000,28.5(1.06 %),400,11600000,2600,74100000,1347325,98.45
13/11/2023,0,0,28.5(-0.35 %),0,0,0,0,1347325,98.45
14/11/2023,0,0,29.5(3.15 %),0,0,0,0,1349925,98.45
15/11/2023,0,0,29.5(0.00 %),0,0,0,0,1349925,98.45
16/11/2023,0,0,29.4(-0.34 %),0,0,0,0,1349925,0.0
17/11/2023,-6000,-170900000,28.5(1.06 %),0,0,6000,170900000,1349925,98.45
20/11/2023,0,0,27.4(-3.52 %),0,0,0,0,1349925,98.45
21/11/2023,0,0,27.4(0.00 %),0,0,0,0,1355925,98.44
22/11/2023,-10000,-270000000,27(-1.46 %),0,0,10000,270000000,1355925,98.44
23/11/2023,-2000,-52880000,26.2(-3.68 %),0,0,2000,52880000,1357925,0.0
24/11/2023,-2500,-68390000,27.1(2.26 %),0,0,2500,68390000,1360425,0.0
27/11/2023,-2300,-62420000,27.1(-1.45 %),0,0,2300,62420000,1362725,0.0
28/11/2023,0,0,27.1(0.00 %),0,0,0,0,1362725,0.01
29/11/2023,-3200,-86400000,27(-0.37 %),0,0,3200,86400000,1365925,0.01
30/11/2023,-1000,-27300000,26.9(0.00 %),0,0,1000,27300000,1366925,0.01
01/12/2023,-2000,-53800000,26.9(-1.10 %),0,0,2000,53800000,1372725,0.0
04/12/2023,-1000,-26570000,26.2(-2.60 %),0,0,1000,26570000,1373725,0.0
05/12/2023,0,0,26.6(0.00 %),0,0,0,0,1373725,0.0
06/12/2023,-16000,-430830000,26.5(-0.38 %),0,0,16000,430830000,1389725,0.0
07/12/2023,-1520,-40059800,26.4(-1.86 %),0,0,1520,40059800,1391245,0.0
08/12/2023,-4100,-111130000,27.3(3.41 %),0,0,4100,111130000,1395345,0.0
11/12/2023,-2000,-54050000,26.5(-2.21 %),0,0,2000,54050000,1397345,0.0
12/12/2023,-5000,-135500000,27.1(0.37 %),0,0,5000,135500000,1402345,0.0
13/12/2023,-5000,-137200000,27.5(1.48 %),0,0,5000,137200000,1407345,0.0
14/12/2023,-7200,-198720000,27.6(0.36 %),0,0,7200,198720000,1414545,0.0
15/12/2023,-9000,-250520000,28(1.45 %),1000,28800000,10000,279320000,1423545,0.0
18/12/2023,-5000,-140000000,28(0.36 %),0,0,5000,140000000,1428545,0.0
19/12/2023,-5000,-140000000,28(0.00 %),0,0,5000,140000000,1433545,0.0
20/12/2023,-6000,-170700000,29.8(6.43 %),0,0,6000,170700000,1435745,0.0
21/12/2023,0,0,29.7(4.58 %),0,0,0,0,1435745,0.0
22/12/2023,0,0,29.8(2.05 %),0,0,0,0,1435745,0.0
25/12/2023,0,0,31.5(6.78 %),0,0,0,0,1435745,0.01
26/12/2023,0,0,30.6(-2.86 %),0,0,0,0,1445745,98.34
27/12/2023,-1000,-28700000,28.7(0.35 %),1000,28600000,2000,57300000,1444745,0.0
28/12/2023,-1000,-30000000,30(4.53 %),0,0,1000,30000000,1444745,0.0
29/12/2023,0,0,30.1(0.00 %),0,0,0,0,1446745,98.34
02/01/2024,-1300,-37570000,28.9(-3.99 %),0,0,1300,37570000,1447745,98.34
03/01/2024,-1700,-47370000,28.2(-2.42 %),1000,28500000,2700,75870000,1448445,0.0
04/01/2024,-3000,-82800000,27.6(-2.13 %),0,0,3000,82800000,1451445,0.0
05/01/2024,0,0,27.6(0.00 %),0,0,0,0,1451445,0.0
08/01/2024,-1200,-33610000,28(1.45 %),0,0,1200,33610000,1452645,0.0
09/01/2024,-1800,-49720000,27.6(-1.43 %),0,0,1800,49720000,1453745,98.33
10/01/2024,-2200,-61040000,27.7(0.36 %),0,0,2200,61040000,1454945,98.33
11/01/2024,0,0,30.4(9.35 %),0,0,0,0,1456745,98.33
12/01/2024,0,0,30.4(0.00 %),0,0,0,0,1456645,0.0
15/01/2024,0,0,30.4(0.00 %),0,0,0,0,1458945,98.33
16/01/2024,2000,56000000,28(-7.89 %),2000,56000000,0,0,1456945,98.33
17/01/2024,2200,62280000,27.8(-0.71 %),5000,143240000,2800,80960000,1451945,98.33
18/01/2024,0,0,31.9(11.54 %),0,0,0,0,1452445,0.0
19/01/2024,900,27240000,30(-5.96 %),2000,60240000,1100,33000000,1451545,0.0
22/01/2024,-8000,-214540000,26.2(-12.96 %),2000,54800000,10000,269340000,1459545,0.0
23/01/2024,0,0,27.9(2.20 %),0,0,0,0,1459545,0.0
24/01/2024,0,0,29.9(7.17 %),0,0,0,0,1459545,0.0
25/01/2024,0,0,29.9(0.00 %),0,0,0,0,1459545,0.0
26/01/2024,0,0,29.9(0.00 %),0,0,0,0,1459545,0.0
29/01/2024,0,0,27.5(-8.03 %),0,0,0,0,1461845,98.32
30/01/2024,-3500,-95390000,27.1(-1.45 %),500,13600000,4000,108990000,1461345,98.32
31/01/2024,0,0,30.8(12.41 %),0,0,0,0,1461345,98.32
01/02/2024,0,0,29.8(-3.25 %),0,0,0,0,1461345,0.0
02/02/2024,0,0,29(-2.36 %),0,0,0,0,1465345,98.32
05/02/2024,-1700,-47600000,28(-3.78 %),0,0,1700,47600000,1465345,0.0
06/02/2024,-1800,-50200000,27.5(-1.79 %),200,5500000,2000,55700000,1465145,98.32
07/02/2024,-3000,-84000000,28(0.36 %),1000,28000000,4000,112000000,1465845,98.32
15/02/2024,-16300,-469130000,30(7.14 %),0,0,16300,469130000,1467845,98.32
16/02/2024,0,0,31(7.64 %),0,0,0,0,1471845,98.31
19/02/2024,-4700,-142580000,30.3(-1.30 %),0,0,4700,142580000,1488145,98.29
20/02/2024,0,0,29.9(-0.99 %),0,0,0,0,1488145,98.29
21/02/2024,0,0,29.9(0.00 %),0,0,0,0,1492845,98.29
22/02/2024,-1000,-30000000,30(0.33 %),0,0,1000,30000000,1492845,98.29
23/02/2024,-2000,-60000000,30(0.00 %),0,0,2000,60000000,1492845,0.0
26/02/2024,-15900,-485700000,31.1(3.67 %),100,3100000,16000,488800000,1493745,98.29
27/02/2024,-16600,-527850000,31.5(4.65 %),400,12800000,17000,540650000,1493345,0.0
28/02/2024,-5000,-165500000,33.5(6.01 %),0,0,5000,165500000,1495345,0.0
29/02/2024,-5000,-167240000,33.9(1.80 %),0,0,5000,167240000,1528345,98.25
01/03/2024,-4300,-150900000,35(5.74 %),0,0,4300,150900000,1528345,0.0
04/03/2024,-11400,-404100000,35.5(1.14 %),0,0,11400,404100000,1533345,0.0
05/03/2024,0,0,35.6(0.56 %),0,0,0,0,1542645,98.23
06/03/2024,0,0,32.4(-8.99 %),0,0,0,0,1542645,0.0
07/03/2024,0,0,34.1(-0.58 %),0,0,0,0,1554045,0.0
08/03/2024,0,0,35.2(1.44 %),0,0,0,0,1554045,0.0
11/03/2024,-8600,-302720000,35(2.34 %),0,0,8600,302720000,1554045,0.0
12/03/2024,-7000,-257710000,38(8.26 %),0,0,7000,257710000,1554045,98.22
13/03/2024,-3000,-115400000,37.7(0.00 %),0,0,3000,115400000,1562645,98.21
14/03/2024,-14000,-525780000,36.3(-3.97 %),0,0,14000,525780000,1562645,0.0
15/03/2024,0,0,37.4(-0.27 %),0,0,0,0,1569645,0.0
18/03/2024,-4000,-136400000,34.1(-8.82 %),0,0,4000,136400000,1586645,98.18
19/03/2024,0,0,36.8(7.92 %),0,0,0,0,1586645,98.18
20/03/2024,0,0,36.8(0.00 %),0,0,0,0,1586645,0.0
21/03/2024,0,0,35.5(-3.53 %),0,0,0,0,1590645,0.0
22/03/2024,0,0,35.5(1.14 %),0,0,0,0,1590645,0.0
25/03/2024,-2800,-90020000,32.5(-7.41 %),0,0,2800,90020000,1590645,98.17
26/03/2024,-4400,-152250000,36(12.15 %),0,0,4400,152250000,1590645,0.0
27/03/2024,-2000,-71900000,35.5(3.20 %),0,0,2000,71900000,1593445,98.17
28/03/2024,0,0,35.8(-0.28 %),0,0,0,0,1597845,98.17
29/03/2024,0,0,35.5(-0.84 %),0,0,0,0,1599845,98.16
01/04/2024,-1000,-35400000,35.4(0.00 %),0,0,1000,35400000,1599845,98.16
02/04/2024,0,0,35(0.00 %),0,0,0,0,1599845,0.0
03/04/2024,0,0,34(-2.86 %),0,0,0,0,1600845,98.16
04/04/2024,-2100,-71610000,34.1(0.00 %),0,0,2100,71610000,1600845,0.0
05/04/2024,0,0,36.9(8.21 %),0,0,0,0,1600845,98.16
08/04/2024,0,0,36.9(0.00 %),0,0,0,0,1600845,0.0
09/04/2024,0,0,36.9(0.00 %),0,0,0,0,1602945,0.0
10/04/2024,0,0,34(-7.86 %),0,0,0,0,1602945,0.0
11/04/2024,0,0,35.5(3.80 %),0,0,0,0,1602945,98.16
12/04/2024,0,0,34(-4.23 %),0,0,0,0,1602945,98.16
15/04/2024,-1000,-33000000,33(-3.23 %),0,0,1000,33000000,1602945,0.0
16/04/2024,-1000,-32700000,32.7(0.00 %),0,0,1000,32700000,1602945,0.0
17/04/2024,0,0,31.2(-4.59 %),0,0,0,0,1602945,0.0
19/04/2024,-4000,-130800000,32.7(0.93 %),0,0,4000,130800000,1603945,0.0
22/04/2024,0,0,32.6(0.00 %),0,0,0,0,1604945,98.16
23/04/2024,0,0,32.6(0.00 %),0,0,0,0,1608945,98.15
24/04/2024,-2000,-64600000,32.6(0.00 %),0,0,2000,64600000,1608945,0.0
25/04/2024,-3000,-97200000,32.6(2.52 %),0,0,3000,97200000,1608945,0.0
26/04/2024,-2300,-75120000,33(1.85 %),0,0,2300,75120000,1610945,98.15
02/05/2024,-1000,-31900000,32.3(-1.22 %),0,0,1000,31900000,1613945,98.15
03/05/2024,-1000,-33000000,34(6.58 %),0,0,1000,33000000,1616245,98.15
06/05/2024,0,0,33.5(1.21 %),0,0,0,0,1617245,98.14
07/05/2024,0,0,32.5(-2.99 %),0,0,0,0,1618245,98.14
08/05/2024,-6000,-192210000,31.6(-2.77 %),0,0,6000,192210000,1618245,98.14
09/05/2024,-2000,-63800000,32(-0.31 %),0,0,2000,63800000,1618245,98.14
10/05/2024,-100,-3300000,33(3.45 %),0,0,100,3300000,1624245,98.14
13/05/2024,-1000,-33000000,33(0.00 %),500,16500000,1500,49500000,1625745,98.13
14/05/2024,0,0,32.5(-1.52 %),0,0,0,0,1625745,0.0
15/05/2024,-100,-3250000,32.5(0.00 %),500,16250000,600,19500000,1625345,0.0
16/05/2024,0,0,32.9(1.23 %),0,0,0,0,1626845,0.0
17/05/2024,-1000,-32900000,32.9(0.00 %),0,0,1000,32900000,1627445,98.13
20/05/2024,-3000,-92160000,30.2(-8.21 %),0,0,3000,92160000,1627445,98.13
21/05/2024,0,0,31.9(0.63 %),0,0,0,0,1628445,98.13
22/05/2024,-5000,-155300000,30.5(-4.39 %),1000,30100000,6000,185400000,1630445,98.13
23/05/2024,-1000,-30720000,30.2(-0.66 %),0,0,1000,30720000,1630445,98.13
24/05/2024,0,1800000,31.6(2.60 %),2000,63600000,2000,61800000,1628445,0.0
27/05/2024,-9000,-289660000,32(0.00 %),0,0,9000,289660000,1635445,98.12
28/05/2024,-3100,-99200000,32(-0.62 %),2000,64000000,5100,163200000,1635445,98.12
29/05/2024,-1600,-51040000,31.9(-0.31 %),0,0,1600,51040000,1644445,98.11
30/05/2024,-2300,-72680000,31.6(-0.63 %),0,0,2300,72680000,1649545,98.11
31/05/2024,-2000,-63700000,31.7(0.32 %),0,0,2000,63700000,1651145,98.11
03/06/2024,-1000,-32000000,32(0.63 %),0,0,1000,32000000,1651145,0.0
04/06/2024,-1000,-31690000,31.6(-1.25 %),0,0,1000,31690000,1653445,0.0
05/06/2024,-2000,-64000000,32(0.63 %),0,0,2000,64000000,1655445,0.0
06/06/2024,0,0,32.8(2.50 %),0,0,0,0,1657445,98.1
07/06/2024,0,0,31.4(-4.27 %),0,0,0,0,1659445,98.1
10/06/2024,-1000,-31630000,31.7(0.63 %),300,9480000,1300,41110000,1659145,0.0
11/06/2024,-1500,-48000000,32(1.27 %),500,16000000,2000,64000000,1660645,0.0
12/06/2024,-6700,-212140000,31.6(-1.25 %),0,0,6700,212140000,1669945,98.08
13/06/2024,-10000,-316200000,31.7(0.32 %),0,0,10000,316200000,1671945,98.08
14/06/2024,-2000,-63500000,31.7(0.32 %),0,0,2000,63500000,1678645,98.07
17/06/2024,-1000,-32000000,32(0.63 %),0,0,1000,32000000,1688645,98.06
18/06/2024,-6600,-208660000,31.6(-1.25 %),0,0,6600,208660000,1690645,98.06
19/06/2024,-400,-12740000,31.8(0.63 %),0,0,400,12740000,1691645,98.06
20/06/2024,-1600,-51200000,32(0.00 %),0,0,1600,51200000,1698245,98.05
21/06/2024,-4000,-128300000,32(0.31 %),0,0,4000,128300000,1698645,98.05
24/06/2024,-3000,-96000000,32(0.00 %),0,0,3000,96000000,1700245,98.05
25/06/2024,-4000,-129200000,32.3(0.94 %),0,0,4000,129200000,1704245,98.04
26/06/2024,-2000,-64600000,32.3(0.00 %),0,0,2000,64600000,1707245,98.04
27/06/2024,-7000,-222600000,32(-0.93 %),0,0,7000,222600000,1711245,98.04
28/06/2024,-1000,-31920000,32(0.95 %),0,0,1000,31920000,1713245,98.03
03/07/2024,0,0,31.5(-1.87 %),0,0,0,0,1721245,0.0
04/07/2024,0,0,31.9(0.00 %),0,0,0,0,1721245,0.0
05/07/2024,0,0,33(3.45 %),0,0,0,0,1721245,0.0
08/07/2024,-1200,-39600000,33(1.23 %),0,0,1200,39600000,1722445,0.0
09/07/2024,-7800,-258780000,33.1(0.30 %),0,0,7800,258780000,1730245,0.0
10/07/2024,0,0,33(-0.30 %),0,0,0,0,1730245,0.0
11/07/2024,-1500,-49130000,32.7(-0.91 %),0,0,1500,49130000,1731745,0.0
12/07/2024,-1800,-59400000,32.8(0.00 %),0,0,1800,59400000,1733545,0.0
15/07/2024,0,0,32.7(-0.91 %),0,0,0,0,1733545,0.0
16/07/2024,-9700,-335730000,34.1(4.28 %),0,0,9700,335730000,1743245,0.0
17/07/2024,-7000,-231980000,33(-4.90 %),0,0,7000,231980000,1750245,0.0
18/07/2024,-4500,-150130000,33(-1.49 %),0,0,4500,150130000,1754745,0.0
19/07/2024,-6000,-196800000,32.8(-2.38 %),0,0,6000,196800000,1760745,0.0
22/07/2024,-10000,-322130000,31.9(-2.45 %),0,0,10000,322130000,1770745,0.0
23/07/2024,-10000,-318920000,31.7(-2.16 %),0,0,10000,318920000,1780745,0.0
24/07/2024,0,0,32.8(2.82 %),0,0,0,0,1780745,0.0
25/07/2024,0,0,32(0.63 %),0,0,0,0,1780745,0.0
26/07/2024,0,0,32.5(1.88 %),0,0,0,0,1780745,0.0
29/07/2024,0,0,34(6.25 %),0,0,0,0,1780745,0.0
30/07/2024,-600,-20440000,33.6(-0.59 %),200,6840000,800,27280000,1781345,0.0
31/07/2024,500,16500000,33.9(-0.59 %),500,16500000,0,0,1780845,0.0
01/08/2024,4000,119700000,30(-3.54 %),4000,119700000,0,0,1790545,0.0
02/08/2024,1000,29200000,29.9(0.67 %),1000,29200000,0,0,1789545,0.0
05/08/2024,-2800,-78900000,27.5(-3.51 %),1000,27500000,3800,106400000,1792345,0.0
06/08/2024,-4200,-118400000,28.5(3.64 %),0,0,4200,118400000,1796545,0.0
07/08/2024,-4700,-133460000,28.3(-0.35 %),2000,56000000,6700,189460000,1801245,0.0
08/08/2024,-1000,-28300000,28(0.36 %),0,0,1000,28300000,1802245,0.0
09/08/2024,-2200,-61290000,29(2.84 %),0,0,2200,61290000,1804445,0.0
12/08/2024,-3800,-110960000,30(7.53 %),0,0,3800,110960000,1808245,0.0
13/08/2024,-2600,-74100000,28.5(-3.39 %),0,0,2600,74100000,1810845,0.0
14/08/2024,0,0,28.9(0.00 %),0,0,0,0,1810845,0.0
15/08/2024,-1400,-39480000,28.5(-1.38 %),0,0,1400,39480000,1812245,0.0
16/08/2024,-1800,-51130000,28.4(0.35 %),0,0,1800,51130000,1814045,0.0
19/08/2024,-1200,-33600000,28(-1.41 %),0,0,1200,33600000,1815245,0.0
20/08/2024,-5600,-157840000,28.2(0.00 %),200,5660000,5800,163500000,1820845,0.0
21/08/2024,-2000,-57500000,28.5(1.06 %),0,0,2000,57500000,1822845,0.0
22/08/2024,200,5800000,28.9(0.35 %),200,5800000,0,0,1822645,0.0
23/08/2024,-1000,-29000000,29.9(3.46 %),0,0,1000,29000000,1823645,0.0
26/08/2024,-2000,-59300000,29.7(0.34 %),0,0,2000,59300000,1825645,0.0
27/08/2024,-2050,-57730900,28.2(-4.41 %),100,2860000,2150,60590900,1827695,0.0
28/08/2024,-1000,-29000000,29(2.47 %),0,0,1000,29000000,1828695,0.0
29/08/2024,0,0,28.5(-1.72 %),0,0,0,0,1828695,0.0
30/08/2024,-900,-25740000,28.6(0.35 %),1100,31460000,2000,57200000,1829595,0.0
04/09/2024,0,0,28.2(-1.40 %),0,0,0,0,1828395,0.0
05/09/2024,0,0,28.2(0.00 %),0,0,0,0,1828395,0.0
06/09/2024,500,14100000,28.2(0.00 %),500,14100000,0,0,1827895,0.0
09/09/2024,100,2850000,28.3(0.35 %),1100,31350000,1000,28500000,1827795,0.0
10/09/2024,-2300,-66720000,28.9(1.76 %),0,0,2300,66720000,1830095,0.0
11/09/2024,-1300,-36690000,28.2(-2.76 %),0,0,1300,36690000,1831395,0.0
12/09/2024,-2000,-57000000,28.5(1.06 %),400,11400000,2400,68400000,1833395,0.0
13/09/2024,0,0,28.5(0.00 %),0,0,0,0,1833395,0.0
16/09/2024,-1000,-28500000,28.5(0.00 %),0,0,1000,28500000,1834395,0.0
17/09/2024,-4000,-114000000,28.5(0.00 %),0,0,4000,114000000,1838395,0.0
18/09/2024,-1000,-28900000,28.8(1.05 %),0,0,1000,28900000,1839395,0.0
19/09/2024,-1500,-41370000,27.1(-6.23 %),0,0,1500,41370000,1840895,0.0
20/09/2024,-1600,-45650000,28.5(1.79 %),0,0,1600,45650000,1842495,0.0
23/09/2024,-3900,-111150000,28.5(0.00 %),0,0,3900,111150000,1846395,0.0
24/09/2024,-3000,-85500000,28.5(0.00 %),0,0,3000,85500000,1849395,0.0
25/09/2024,0,0,28.5(0.00 %),0,0,0,0,1849395,0.0
26/09/2024,-1000,-28600000,28.4(-0.35 %),0,0,1000,28600000,1850395,0.0
27/09/2024,-6000,-169290000,28.1(-1.40 %),0,0,6000,169290000,1856395,0.0
30/09/2024,-2000,-56500000,28.3(0.35 %),0,0,2000,56500000,1858395,0.0
01/10/2024,-2000,-57000000,28.5(0.71 %),0,0,2000,57000000,1852395,0.0
02/10/2024,-1000,-28600000,28.6(0.35 %),2000,57200000,3000,85800000,1853395,0.0
03/10/2024,-1000,-28600000,28.3(-1.05 %),0,0,1000,28600000,1854395,0.0
04/10/2024,-1200,-34200000,28.5(-0.35 %),0,0,1200,34200000,1855595,0.0
07/10/2024,-1800,-51480000,28.6(0.70 %),0,0,1800,51480000,1857395,0.0
08/10/2024,-2000,-57300000,28.7(0.35 %),0,0,2000,57300000,1859395,0.0
09/10/2024,-1900,-54340000,28.6(0.00 %),100,2860000,2000,57200000,1861295,0.0
10/10/2024,-1200,-34220000,28.5(-0.35 %),0,0,1200,34220000,1862495,0.0
11/10/2024,0,0,28.5(0.00 %),0,0,0,0,1862495,0.0
14/10/2024,-3800,-107450000,28.2(-1.05 %),0,0,3800,107450000,1866295,0.0
15/10/2024,-1000,-28200000,28.3(0.35 %),0,0,1000,28200000,1867295,0.0
16/10/2024,-1000,-28200000,28.2(0.00 %),0,0,1000,28200000,1868295,0.0
17/10/2024,0,0,28.1(0.00 %),0,0,0,0,1868295,0.0
18/10/2024,0,0,28.1(0.00 %),0,0,0,0,1868295,0.0
21/10/2024,-4800,-132060000,27.5(-2.14 %),200,5440000,5000,137500000,1873095,0.0
22/10/2024,-2000,-54600000,27(-1.82 %),0,0,2000,54600000,1875095,0.0
23/10/2024,-1400,-38000000,27(-0.74 %),0,0,1400,38000000,1876495,0.0
24/10/2024,-3600,-97210000,27(-0.74 %),0,0,3600,97210000,1880095,0.0
25/10/2024,0,0,27.2(0.00 %),0,0,0,0,1880095,0.0
28/10/2024,-1000,-27000000,27(-0.74 %),1000,27000000,2000,54000000,1881095,0.0
29/10/2024,0,0,26.9(0.00 %),0,0,0,0,1881095,0.0
30/10/2024,-6000,-150160000,25(-7.06 %),0,0,6000,150160000,1887095,0.0
31/10/2024,-2700,-69700000,26(2.36 %),0,0,2700,69700000,1889795,0.0
01/11/2024,-1300,-33750000,26.5(2.71 %),0,0,1300,33750000,1891095,0.0
04/11/2024,-2000,-52200000,26.3(1.54 %),0,0,2000,52200000,1893095,0.0
05/11/2024,-1000,-26000000,26(0.00 %),0,0,1000,26000000,1894095,0.0
06/11/2024,-700,-18450000,26(0.00 %),0,0,700,18450000,1894795,0.0
07/11/2024,-300,-7850000,26(-1.52 %),0,0,300,7850000,1895095,0.0
08/11/2024,200,5280000,26(-0.76 %),1700,44660000,1500,39380000,1894895,0.0
11/11/2024,0,0,26.6(0.00 %),0,0,0,0,1894895,0.0
12/11/2024,0,0,26.6(0.00 %),0,0,0,0,1919495,97.8
13/11/2024,-1000,-25780000,25.3(-4.89 %),0,0,1000,25780000,1895895,0.0
14/11/2024,-1000,-26500000,26.5(0.76 %),0,0,1000,26500000,1896895,0.0
15/11/2024,-1500,-39950000,26.5(0.00 %),0,0,1500,39950000,1898395,0.0
18/11/2024,0,0,26.4(0.00 %),0,0,0,0,1898395,0.0
19/11/2024,-2500,-65000000,26(-1.52 %),0,0,2500,65000000,1900895,0.0
20/11/2024,-1000,-25300000,25.3(-2.69 %),0,0,1000,25300000,1901895,0.0
21/11/2024,-1800,-47240000,25.4(0.00 %),0,0,1800,47240000,1903695,0.0
22/11/2024,0,0,26.2(0.00 %),0,0,0,0,1903695,0.0
25/11/2024,-2000,-52700000,26.5(1.15 %),0,0,2000,52700000,1913695,97.8
26/11/2024,-1000,-25870000,25.8(-1.90 %),0,0,1000,25870000,1913695,97.8
27/11/2024,0,0,25.9(0.00 %),0,0,0,0,1915695,97.8
28/11/2024,-1000,-26000000,26(0.39 %),0,0,1000,26000000,1916695,97.8
29/11/2024,-1000,-26500000,26.6(2.31 %),0,0,1000,26500000,1916695,97.8
02/12/2024,0,0,0(0.00 %),0,0,0,0,1917695,97.8
03/12/2024,-1000,-26500000,0(0.00 %),0,0,1000,26500000,1918695,97.8
04/12/2024,0,0,0(0.00 %),0,0,0,0,1918695,97.8
05/12/2024,0,0,0(0.00 %),0,0,0,0,1919695,97.8
09/12/2024,0,0,26.6(0.38 %),0,0,0,0,1919695,97.8
10/12/2024,-300,-7950000,26.5(-0.38 %),200,5300000,500,13250000,1919495,97.8
16/12/2024,-100,-2630000,26.3(0.38 %),1900,49870000,2000,52500000,1925595,97.79
17/12/2024,-1000,-26300000,26.3(0.38 %),0,0,1000,26300000,1928595,97.79
18/12/2024,-2000,-52300000,26.1(-0.76 %),1000,26000000,3000,78300000,1929595,97.79
19/12/2024,-2000,-52500000,26.1(0.00 %),2000,51700000,4000,104200000,1928595,97.79
20/12/2024,0,0,26.3(1.15 %),0,0,0,0,1931595,97.78
24/12/2024,0,0,26(-1.14 %),0,0,0,0,1935595,97.78
25/12/2024,-2000,-51700000,25.9(-0.38 %),0,0,2000,51700000,1937595,97.78
26/12/2024,0,0,25.8(0.00 %),0,0,0,0,1945595,97.77
27/12/2024,-200,-5200000,26(0.78 %),0,0,200,5200000,1947595,97.77
30/12/2024,0,0,26.3(0.00 %),0,0,0,0,1947595,97.77
31/12/2024,-800,-21040000,26.5(0.76 %),0,0,800,21040000,1947795,97.76
02/01/2025,-4000,-102000000,25.5(-3.41 %),0,0,4000,102000000,1947795,97.76
03/01/2025,0,0,25.7(0.00 %),0,0,0,0,1948595,97.76
06/01/2025,-2000,-51300000,25.7(0.00 %),0,0,2000,51300000,1952595,97.76
07/01/2025,-1000,-25800000,26(1.56 %),0,0,1000,25800000,1953595,0.0
08/01/2025,0,0,26.5(2.32 %),0,0,0,0,1954595,97.76
09/01/2025,-2000,-52190000,25.6(-3.40 %),0,0,2000,52190000,1955595,97.76
10/01/2025,0,0,26.3(0.00 %),0,0,0,0,1955595,97.76
13/01/2025,-1000,-25610000,25.6(-2.66 %),0,0,1000,25610000,1957595,97.75
14/01/2025,-1000,-25700000,25.7(0.39 %),0,0,1000,25700000,1957595,97.75
15/01/2025,-1500,-38570000,25.7(0.00 %),0,0,1500,38570000,1958595,97.75
16/01/2025,-500,-12900000,25.8(0.00 %),0,0,500,12900000,1958595,0.0
17/01/2025,-7000,-168600000,23.8(-7.39 %),0,0,7000,168600000,1961095,97.75
20/01/2025,-3000,-72000000,24(-2.44 %),0,0,3000,72000000,1961595,97.75
21/01/2025,-1100,-26400000,24(0.84 %),0,0,1100,26400000,1968595,97.74
22/01/2025,0,0,24.4(0.83 %),0,0,0,0,1971595,97.74
23/01/2025,0,0,24.5(0.00 %),0,0,0,0,1972695,97.74
24/01/2025,0,0,24.9(1.63 %),0,0,0,0,1972695,97.74
03/02/2025,0,0,0(0.00 %),0,0,0,0,1972695,97.74
04/02/2025,-1100,-28640000,26(1.17 %),0,0,1100,28640000,1972695,97.74
05/02/2025,-1900,-49400000,26(0.00 %),0,0,1900,49400000,1976595,97.73
06/02/2025,-1000,-26000000,26(0.00 %),0,0,1000,26000000,1977695,97.73
07/02/2025,-2000,-50900000,25.5(-0.78 %),0,0,2000,50900000,1979595,97.73
10/02/2025,-1000,-25600000,26(2.36 %),0,0,1000,25600000,1980595,97.73
11/02/2025,-800,-20560000,25.7(0.00 %),0,0,800,20560000,1982595,97.72
12/02/2025,0,0,25.7(0.00 %),0,0,0,0,1983595,97.72
13/02/2025,0,0,25.7(0.00 %),0,0,0,0,1984395,97.72
14/02/2025,0,0,25.7(0.00 %),0,0,0,0,1984395,97.72
17/02/2025,0,0,25.2(-1.95 %),0,0,0,0,1984395,97.72
18/02/2025,100,2540000,25.6(1.19 %),200,5100000,100,2560000,1984195,97.72
19/02/2025,0,0,26.4(3.53 %),0,0,0,0,1984195,97.72
20/02/2025,0,0,26.5(0.38 %),0,0,0,0,1984295,97.72
21/02/2025,0,-100000,26.1(-1.51 %),1100,28610000,1100,28710000,1983195,97.72
24/02/2025,-100,-2290000,25.5(-2.30 %),2000,51380000,2100,53670000,1981195,97.73
25/02/2025,-1100,-28100000,26(1.96 %),0,0,1100,28100000,1982295,97.73
26/02/2025,-900,-23040000,25.6(0.39 %),0,0,900,23040000,1984395,97.72
27/02/2025,-500,-12900000,26(1.56 %),0,0,500,12900000,1985495,97.72
28/02/2025,-1000,-25950000,26(0.78 %),0,0,1000,25950000,1986395,97.72
03/03/2025,-5500,-142170000,25.5(-1.54 %),1000,25500000,6500,167670000,1985895,97.72
04/03/2025,-2500,-64200000,25.8(-0.39 %),500,12900000,3000,77100000,1986395,97.72
05/03/2025,-400,-10320000,25.8(0.00 %),1100,28380000,1500,38700000,1991795,97.71
06/03/2025,-400,-10360000,25.8(0.00 %),0,0,400,10360000,1994795,97.71
07/03/2025,-100,-2640000,26(0.00 %),500,13000000,600,15640000,1995795,97.71
10/03/2025,0,0,27(3.05 %),0,0,0,0,1996195,97.71
11/03/2025,0,0,27(0.00 %),0,0,0,0,1996195,97.71
12/03/2025,0,0,26.5(-1.85 %),0,0,0,0,1996795,97.71
13/03/2025,0,0,26.5(0.00 %),0,0,0,0,1996795,97.71
14/03/2025,0,0,26.5(0.00 %),0,0,0,0,1996795,97.71
17/03/2025,0,0,0(0.00 %),0,0,0,0,1996795,97.71
18/03/2025,0,0,26.4(0.38 %),0,0,0,0,1996795,97.71
19/03/2025,-200,-5120000,25.6(-3.03 %),0,0,200,5120000,1996795,97.71
20/03/2025,-1300,-33360000,26(1.96 %),0,0,1300,33360000,1996795,97.71
21/03/2025,0,0,25.6(-0.39 %),0,0,0,0,1996995,97.71
24/03/2025,-2000,-50900000,25.5(-0.78 %),0,0,2000,50900000,1998295,97.71
25/03/2025,-2000,-51670000,25.6(0.39 %),0,0,2000,51670000,1998295,97.71
26/03/2025,0,0,25.7(0.00 %),0,0,0,0,2000295,97.7
27/03/2025,-1000,-26000000,26(1.17 %),0,0,1000,26000000,2002295,97.7
28/03/2025,-1000,-26100000,26(0.00 %),1000,26200000,2000,52300000,2001295,97.7
31/03/2025,500,13000000,25.7(-1.53 %),500,13000000,0,0,2001795,97.7
01/04/2025,0,0,25.9(0.00 %),0,0,0,0,2003795,97.7
02/04/2025,0,0,25(-2.34 %),0,0,0,0,2003795,97.7
03/04/2025,0,0,24.5(-2.00 %),0,0,0,0,2003795,97.7
04/04/2025,-3000,-69600000,23.8(-2.86 %),0,0,3000,69600000,2003795,97.7
08/04/2025,-9000,-203330000,22(-5.17 %),1000,23200000,10000,226530000,2002795,97.7
09/04/2025,2000,44000000,22(-3.93 %),2000,44000000,0,0,2003795,97.7
10/04/2025,0,0,25.3(15.00 %),0,0,0,0,2013795,97.69
11/04/2025,0,0,24.8(-0.40 %),0,0,0,0,2013795,97.69
14/04/2025,0,0,23.8(-4.03 %),0,0,0,0,2013795,97.69
15/04/2025,0,0,26.3(13.36 %),0,0,0,0,2013795,97.69
16/04/2025,0,0,25.6(0.00 %),0,0,0,0,2013795,97.69
17/04/2025,0,0,25.6(0.00 %),0,0,0,0,2013795,97.69
18/04/2025,0,0,25.5(-0.39 %),0,0,0,0,2013795,97.69
21/04/2025,-3100,-74710000,24.1(-5.49 %),0,0,3100,74710000,2013795,97.69
22/04/2025,-1100,-26510000,24.1(0.00 %),0,0,1100,26510000,2013795,97.69
23/04/2025,0,0,24.1(0.00 %),0,0,0,0,2016895,97.69
24/04/2025,0,0,24(-0.41 %),0,0,0,0,2017995,97.68
25/04/2025,0,0,26.4(10.00 %),0,0,0,0,2017995,97.68
28/04/2025,-800,-19440000,24.3(-7.25 %),0,0,800,19440000,2017995,97.68
29/04/2025,-5000,-121780000,24.5(0.82 %),0,0,5000,121780000,2017995,97.68
05/05/2025,0,0,24.3(0.00 %),0,0,0,0,2018795,97.68
06/05/2025,0,0,26.5(9.05 %),0,0,0,0,2023795,97.68
07/05/2025,0,0,25.7(-1.53 %),0,0,0,0,2023795,97.68
08/05/2025,0,0,25.9(0.78 %),0,0,0,0,2023795,97.68
09/05/2025,0,0,26.1(4.82 %),0,0,0,0,2023795,97.68
12/05/2025,-1000,-26500000,26.1(0.38 %),0,0,1000,26500000,2023795,97.68
13/05/2025,0,0,26(-0.38 %),0,0,0,0,2023795,97.68
14/05/2025,0,0,25.9(-0.38 %),0,0,0,0,2024795,97.68
15/05/2025,0,0,25.9(-0.38 %),0,0,0,0,2024795,97.68
16/05/2025,0,0,25.8(-0.39 %),0,0,0,0,2024795,97.68
19/05/2025,0,0,24.4(-6.15 %),0,0,0,0,2024795,97.68
20/05/2025,0,0,26.2(7.38 %),0,0,0,0,2024795,97.68
21/05/2025,0,0,26(0.00 %),0,0,0,0,2024795,97.68
22/05/2025,0,0,25(-3.85 %),0,0,0,0,2024795,97.68
23/05/2025,0,0,25(0.00 %),0,0,0,0,2024795,97.68
26/05/2025,500,12500000,25(0.00 %),500,12500000,0,0,2024295,97.68
27/05/2025,0,0,25.2(0.80 %),0,0,0,0,2024295,97.68
28/05/2025,0,0,25(-2.34 %),0,0,0,0,2024295,97.68
29/05/2025,200,5040000,25.1(0.00 %),200,5040000,0,0,2024095,97.68
30/05/2025,0,0,25.2(0.00 %),0,0,0,0,2024095,97.68
02/06/2025,0,0,26.4(4.76 %),0,0,0,0,2024095,97.68
03/06/2025,0,0,26.4(0.00 %),0,0,0,0,2024095,97.68
04/06/2025,0,0,25.5(-3.41 %),0,0,0,0,2024095,97.68
05/06/2025,2300,57500000,25.3(-0.78 %),2300,57500000,0,0,2021795,97.68
06/06/2025,0,0,25.4(1.20 %),0,0,0,0,2021795,97.68
09/06/2025,0,0,24.8(-2.75 %),0,0,0,0,2021795,97.68
10/06/2025,0,0,24.8(0.00 %),0,0,0,0,2021795,97.68
11/06/2025,0,0,25.2(1.61 %),0,0,0,0,2021795,97.68
12/06/2025,0,0,25.2(0.00 %),0,0,0,0,2021795,97.68
13/06/2025,0,0,25(-0.79 %),0,0,0,0,2021795,97.68
16/06/2025,0,0,25.8(3.20 %),0,0,0,0,2021795,97.68
17/06/2025,0,0,25(-3.10 %),0,0,0,0,2021795,97.68
18/06/2025,0,0,25.8(4.88 %),0,0,0,0,2021795,97.68
19/06/2025,0,0,25.8(0.00 %),0,0,0,0,2021795,97.68
20/06/2025,0,0,25.8(0.00 %),0,0,0,0,2021795,97.68
23/06/2025,-5000,-124000000,24.8(-3.50 %),0,0,5000,124000000,2021795,97.68
24/06/2025,0,0,24.8(0.00 %),0,0,0,0,2021795,97.68
25/06/2025,0,0,24.8(0.00 %),0,0,0,0,2026795,97.67
26/06/2025,200,4980000,24.9(0.00 %),200,4980000,0,0,2026595,97.67
27/06/2025,100,2500000,25.3(1.61 %),100,2500000,0,0,2026495,97.67
30/06/2025,0,0,25(0.00 %),0,0,0,0,2026495,97.67
01/07/2025,0,0,25(0.00 %),0,0,0,0,2026495,97.67
02/07/2025,0,0,25.6(2.40 %),0,0,0,0,2026495,97.67
03/07/2025,0,0,24.9(-0.40 %),0,0,0,0,2026495,97.67
04/07/2025,0,0,25(0.00 %),0,0,0,0,2026495,97.67
07/07/2025,0,0,25.6(2.40 %),0,0,0,0,2026495,97.67
08/07/2025,0,0,25.5(-0.39 %),0,0,0,0,2026495,97.67
09/07/2025,0,0,25.5(0.39 %),0,0,0,0,2026495,97.67
10/07/2025,0,0,25.6(0.00 %),0,0,0,0,2026495,97.67
11/07/2025,0,0,25(-2.34 %),0,0,0,0,2026495,97.67
14/07/2025,0,0,25(0.00 %),0,0,0,0,2026495,97.67
15/07/2025,0,0,25.6(2.40 %),0,0,0,0,2026495,97.67
16/07/2025,0,0,25.8(0.78 %),0,0,0,0,2026495,97.67
17/07/2025,0,0,24.3(-5.45 %),0,0,0,0,2026495,97.67
18/07/2025,500,12100000,24(-1.64 %),500,12100000,0,0,2025995,97.68
21/07/2025,1300,31070000,23.9(-0.42 %),1300,31070000,0,0,2024695,97.68
22/07/2025,0,0,23.9(-0.42 %),0,0,0,0,2024695,97.68
23/07/2025,0,0,24(0.84 %),0,0,0,0,2024695,97.68
24/07/2025,0,0,24.4(1.67 %),0,0,0,0,2024695,97.68
25/07/2025,0,0,25.1(4.58 %),0,0,0,0,2024695,97.68
28/07/2025,1600,40440000,24.8(-0.40 %),1600,40440000,0,0,2023095,97.68
29/07/2025,7200,181140000,24.8(-1.59 %),7200,181140000,0,0,2015895,97.69
30/07/2025,0,0,24.8(-0.80 %),0,0,0,0,2015895,97.69
31/07/2025,0,0,25.1(0.40 %),0,0,0,0,2015895,97.69
01/08/2025,1300,32530000,25.3(1.20 %),1300,32530000,0,0,2014595,97.69
04/08/2025,200,5080000,25.3(0.80 %),200,5080000,0,0,2014395,97.69
05/08/2025,1900,42230000,22.2(-4.72 %),1900,42230000,0,0,2012495,97.69
06/08/2025,0,0,22.1(-0.90 %),0,0,0,0,2012495,97.69
07/08/2025,0,0,21.8(-0.91 %),0,0,0,0,2012495,97.69
08/08/2025,0,0,22.3(2.29 %),0,0,0,0,2012495,97.69
11/08/2025,3100,68220000,22.1(-0.45 %),3100,68220000,0,0,2009395,97.69
12/08/2025,-2700,-59030000,22(0.00 %),1000,22000000,3700,81030000,2009395,97.69
13/08/2025,0,0,21.8(-0.46 %),0,0,0,0,2009395,97.69
14/08/2025,0,0,22(0.92 %),0,0,0,0,2012095,97.69
15/08/2025,-4000,-86400000,21.6(-1.37 %),0,0,4000,86400000,2012095,97.69
18/08/2025,0,0,21.6(-0.46 %),0,0,0,0,2012095,97.69
19/08/2025,0,0,21.8(0.93 %),0,0,0,0,2016095,97.69
20/08/2025,0,0,21.5(-1.38 %),0,0,0,0,2016095,97.69
21/08/2025,0,0,21.3(-0.93 %),0,0,0,0,2016095,97.69
22/08/2025,0,0,21(-1.41 %),0,0,0,0,2016095,97.69
25/08/2025,0,0,21.5(1.42 %),0,0,0,0,2016095,97.69
