Ngay,KLGDRong,GTDGRong,ThayDoi,KLMua,GtMua,KLBan,GtBan,RoomConLai,DangSoHuu
21/01/2022,0,0,0(0.00 %),0,0,0,0,-4298910,34.39
24/01/2022,0,0,0(0.00 %),0,0,0,0,0,34.39
25/01/2022,0,0,0(0.00 %),0,0,0,0,0,34.39
26/01/2022,0,0,0(0.00 %),0,0,0,0,0,34.39
27/01/2022,0,0,0(0.00 %),0,0,0,0,0,34.39
28/01/2022,0,0,0(0.00 %),0,0,0,0,-4298910,34.39
07/02/2022,0,0,0(0.00 %),0,0,0,0,-4298910,34.39
08/02/2022,0,0,0(0.00 %),0,0,0,0,-4298910,34.39
09/02/2022,0,0,0(0.00 %),0,0,0,0,-4298910,34.39
10/02/2022,0,0,0(0.00 %),0,0,0,0,0,34.39
11/02/2022,0,0,0(0.00 %),0,0,0,0,-4298910,34.39
14/02/2022,0,0,0(0.00 %),0,0,0,0,-4298910,34.39
15/02/2022,0,0,0(0.00 %),0,0,0,0,-4298910,34.39
16/02/2022,0,0,0(0.00 %),0,0,0,0,-4298910,34.39
17/02/2022,0,0,0(0.00 %),0,0,0,0,-4298910,34.39
18/02/2022,0,0,0(0.00 %),0,0,0,0,-4298910,34.39
21/02/2022,0,0,0(0.00 %),0,0,0,0,-4298910,34.39
22/02/2022,0,0,0(0.00 %),0,0,0,0,-4298910,34.39
23/02/2022,0,0,0(0.00 %),0,0,0,0,-4298910,34.39
24/02/2022,0,0,0(0.00 %),0,0,0,0,-4298910,34.39
25/02/2022,0,0,0(0.00 %),0,0,0,0,-4298910,34.39
28/02/2022,0,0,0(0.00 %),0,0,0,0,-4298910,34.39
01/03/2022,0,0,0(0.00 %),0,0,0,0,-4298910,34.39
02/03/2022,0,0,0(0.00 %),0,0,0,0,-4298910,34.39
03/03/2022,0,0,0(0.00 %),0,0,0,0,-4298910,34.39
04/03/2022,0,0,0(0.00 %),0,0,0,0,-4298910,34.39
07/03/2022,0,0,0(0.00 %),0,0,0,0,-4298910,34.39
08/03/2022,0,0,0(0.00 %),0,0,0,0,1826090,34.39
09/03/2022,0,0,0(0.00 %),0,0,0,0,1826090,34.39
10/03/2022,0,0,0(0.00 %),0,0,0,0,1826090,34.39
11/03/2022,0,0,0(0.00 %),0,0,0,0,1826090,34.39
14/03/2022,0,0,0(0.00 %),0,0,0,0,1826090,34.39
15/03/2022,0,0,0(0.00 %),0,0,0,0,1826090,34.39
16/03/2022,0,0,0(0.00 %),0,0,0,0,1826090,34.39
17/03/2022,0,0,0(0.00 %),0,0,0,0,1826090,34.39
18/03/2022,0,0,0(0.00 %),0,0,0,0,1826090,34.39
21/03/2022,0,0,0(0.00 %),0,0,0,0,1826090,34.39
22/03/2022,0,0,0(0.00 %),0,0,0,0,1826090,34.39
23/03/2022,0,0,0(0.00 %),0,0,0,0,1826090,34.39
24/03/2022,0,0,0(0.00 %),0,0,0,0,1826090,34.39
25/03/2022,0,0,0(0.00 %),0,0,0,0,1826090,34.39
28/03/2022,0,0,0(0.00 %),0,0,0,0,1826090,34.39
29/03/2022,0,0,0(0.00 %),0,0,0,0,1826090,34.39
30/03/2022,0,0,0(0.00 %),0,0,0,0,1826090,34.39
31/03/2022,0,0,0(0.00 %),0,0,0,0,1826090,34.39
01/04/2022,0,0,0(0.00 %),0,0,0,0,1826090,34.39
04/04/2022,0,0,0(0.00 %),0,0,0,0,1826090,34.39
05/04/2022,0,0,0(0.00 %),0,0,0,0,1826090,34.39
06/04/2022,0,0,0(0.00 %),0,0,0,0,1826090,34.39
07/04/2022,0,0,0(0.00 %),0,0,0,0,1826090,34.39
08/04/2022,0,0,0(0.00 %),0,0,0,0,1826090,34.39
12/04/2022,0,0,0(0.00 %),0,0,0,0,1826090,34.39
13/04/2022,0,0,0(0.00 %),0,0,0,0,1826090,34.39
14/04/2022,0,0,0(0.00 %),0,0,0,0,1826090,34.39
15/04/2022,0,0,0(0.00 %),0,0,0,0,1826090,34.39
18/04/2022,0,0,0(0.00 %),0,0,0,0,1826090,34.39
19/04/2022,0,0,0(0.00 %),0,0,0,0,1826090,34.39
21/04/2022,0,0,0(0.00 %),0,0,0,0,1826090,34.39
22/04/2022,0,0,0(0.00 %),0,0,0,0,1826090,34.39
25/04/2022,0,0,0(0.00 %),0,0,0,0,1826090,34.39
26/04/2022,0,0,0(0.00 %),0,0,0,0,1826090,34.39
27/04/2022,0,0,0(0.00 %),0,0,0,0,1826090,34.39
28/04/2022,0,0,0(0.00 %),0,0,0,0,1826090,34.39
29/04/2022,0,0,0(0.00 %),0,0,0,0,1826090,34.39
04/05/2022,0,0,0(0.00 %),0,0,0,0,1826090,34.39
05/05/2022,0,0,0(0.00 %),0,0,0,0,1826090,34.39
06/05/2022,0,0,0(0.00 %),0,0,0,0,1826090,34.39
09/05/2022,0,0,0(0.00 %),0,0,0,0,1826090,34.39
10/05/2022,0,0,42(40.00 %),0,0,0,0,1826090,34.39
11/05/2022,0,0,48.3(15.00 %),0,0,0,0,1826090,34.39
12/05/2022,1000,55500000,55.5(14.91 %),1000,55500000,0,0,1825090,34.4
13/05/2022,0,0,47.2(-14.95 %),0,0,0,0,1825090,34.4
16/05/2022,0,0,40.2(-14.83 %),0,0,0,0,1825090,34.4
17/05/2022,0,0,34.2(-14.93 %),0,0,0,0,1825090,34.4
18/05/2022,0,0,29.7(-13.16 %),0,0,0,0,1825090,34.4
19/05/2022,-500,-13300000,26.6(-12.50 %),0,0,500,13300000,1825090,34.4
20/05/2022,0,0,26(-5.80 %),0,0,0,0,1825090,34.4
23/05/2022,0,0,24.5(2.94 %),0,0,0,0,1825590,34.4
24/05/2022,0,0,24.5(-0.81 %),0,0,0,0,1825590,34.4
25/05/2022,0,0,25.4(3.25 %),0,0,0,0,1825590,34.4
26/05/2022,0,0,27(9.76 %),0,0,0,0,1825590,34.4
27/05/2022,0,0,24.9(1.22 %),0,0,0,0,1825590,34.4
30/05/2022,5000,134720000,28.5(14.92 %),5400,144800000,400,10080000,1820190,34.44
31/05/2022,1500,45000000,31.5(14.96 %),1500,45000000,0,0,1818690,34.45
01/06/2022,0,0,31.8(2.58 %),0,0,0,0,1819090,34.45
02/06/2022,2500,75000000,30(-6.54 %),2500,75000000,0,0,1816590,34.47
03/06/2022,600,17460000,30.1(-3.83 %),600,17460000,0,0,1815990,34.47
06/06/2022,0,0,29.8(0.00 %),0,0,0,0,1815990,34.47
07/06/2022,0,0,28(-6.04 %),0,0,0,0,1815990,34.47
08/06/2022,0,0,29(1.40 %),0,0,0,0,1815990,34.47
09/06/2022,0,0,27(-6.57 %),0,0,0,0,1815990,34.47
10/06/2022,0,0,27(0.00 %),0,0,0,0,1815990,34.47
13/06/2022,0,0,27.1(0.00 %),0,0,0,0,1815990,34.47
14/06/2022,0,0,27.1(0.00 %),0,0,0,0,1815990,34.47
15/06/2022,0,0,27.1(0.00 %),0,0,0,0,1815990,34.47
16/06/2022,0,0,27.1(0.00 %),0,0,0,0,1815990,34.47
17/06/2022,500,13500000,26.1(-3.69 %),500,13500000,0,0,1815490,34.48
20/06/2022,0,0,25.2(-4.91 %),0,0,0,0,1815490,34.48
21/06/2022,3000,80900000,27.9(10.71 %),3000,80900000,0,0,1812490,34.5
22/06/2022,2000,58000000,29(8.21 %),2000,58000000,0,0,1810490,34.52
23/06/2022,0,0,29(0.00 %),0,0,0,0,1810490,34.52
24/06/2022,12700,368300000,29(0.00 %),12700,368300000,0,0,1797790,34.62
27/06/2022,-100,-3090000,33.3(14.83 %),0,0,100,3090000,1797790,34.62
28/06/2022,100,3690000,33(1.54 %),100,3690000,0,0,1797690,34.62
29/06/2022,1800,60900000,33.5(0.30 %),1800,60900000,0,0,1795990,34.63
30/06/2022,300,10620000,37.2(10.39 %),300,10620000,0,0,1795690,34.63
01/07/2022,0,0,34.9(14.80 %),0,0,0,0,1795690,34.63
04/07/2022,100,3900000,39(11.75 %),100,3900000,0,0,1795590,34.64
05/07/2022,0,0,33.2(-14.87 %),0,0,0,0,1795590,34.64
06/07/2022,100,3700000,37(11.45 %),100,3700000,0,0,1795490,34.64
07/07/2022,0,0,37(0.00 %),0,0,0,0,1795490,34.64
08/07/2022,0,0,37(0.00 %),0,0,0,0,1795490,34.64
11/07/2022,0,0,31.9(-13.78 %),0,0,0,0,1795490,34.64
12/07/2022,0,0,36.6(14.73 %),0,0,0,0,1795490,34.64
13/07/2022,0,0,36.4(0.00 %),0,0,0,0,1795490,34.64
14/07/2022,100,3700000,31.3(-14.01 %),100,3700000,0,0,1795390,34.64
15/07/2022,0,0,36.1(14.97 %),0,0,0,0,1795390,34.64
18/07/2022,0,0,33.9(0.00 %),0,0,0,0,1795390,34.64
19/07/2022,0,0,33.9(0.00 %),0,0,0,0,1795390,34.64
20/07/2022,100,3850000,38.5(13.57 %),100,3850000,0,0,1795290,34.64
21/07/2022,0,0,36(-6.49 %),0,0,0,0,1795290,34.64
22/07/2022,0,0,33.6(0.00 %),0,0,0,0,1795290,34.64
25/07/2022,0,0,33.6(0.00 %),0,0,0,0,1795290,34.64
26/07/2022,0,0,35(4.17 %),0,0,0,0,1795290,34.64
27/07/2022,0,0,35(0.00 %),0,0,0,0,1795290,34.64
28/07/2022,0,0,36(2.86 %),0,0,0,0,1795290,34.64
29/07/2022,0,0,36(0.00 %),0,0,0,0,1795290,34.64
01/08/2022,0,0,31.2(-13.33 %),0,0,0,0,1795290,34.64
02/08/2022,-7600,-271320000,35.8(14.74 %),0,0,7600,271320000,1795290,34.64
03/08/2022,100,4090000,32.2(-9.80 %),100,4090000,0,0,1795190,34.64
04/08/2022,0,0,34(3.98 %),0,0,0,0,1802790,34.58
05/08/2022,0,0,32.2(-5.29 %),0,0,0,0,1802790,34.58
08/08/2022,0,0,35.9(14.70 %),0,0,0,0,1802790,34.58
09/08/2022,0,0,35.9(0.00 %),0,0,0,0,1802790,34.58
10/08/2022,0,0,35.9(0.00 %),0,0,0,0,1802790,34.58
11/08/2022,0,0,35.9(0.00 %),0,0,0,0,1802790,34.58
12/08/2022,0,0,35.9(0.00 %),0,0,0,0,1802790,34.58
15/08/2022,0,0,35.9(0.00 %),0,0,0,0,1802790,34.58
16/08/2022,0,0,35.9(0.00 %),0,0,0,0,1802790,34.58
17/08/2022,0,0,35.9(0.00 %),0,0,0,0,1802790,34.58
18/08/2022,0,0,35.9(0.00 %),0,0,0,0,1802790,34.58
19/08/2022,0,0,35.6(-0.84 %),0,0,0,0,1802790,34.58
22/08/2022,0,0,35.5(0.00 %),0,0,0,0,1802790,34.58
23/08/2022,700,25350000,36.5(2.82 %),700,25350000,0,0,1802090,34.58
24/08/2022,0,0,35.5(0.00 %),0,0,0,0,1802090,34.58
25/08/2022,0,0,35.5(0.00 %),0,0,0,0,1802090,34.58
26/08/2022,0,0,35.5(0.00 %),0,0,0,0,1802090,34.58
29/08/2022,0,0,35(-1.41 %),0,0,0,0,1802090,34.58
30/08/2022,0,0,33.6(1.82 %),0,0,0,0,1802090,34.58
31/08/2022,0,0,33.6(0.00 %),0,0,0,0,1802090,34.58
05/09/2022,0,0,33.6(0.00 %),0,0,0,0,1802090,34.58
06/09/2022,0,0,33.6(0.00 %),0,0,0,0,1802090,34.58
07/09/2022,0,0,32.1(0.00 %),0,0,0,0,1802090,34.58
08/09/2022,0,0,32.1(0.00 %),0,0,0,0,1802090,34.58
09/09/2022,0,0,32.1(0.00 %),0,0,0,0,1802090,34.58
12/09/2022,0,0,32(-0.31 %),0,0,0,0,1802090,34.58
13/09/2022,0,0,32(0.00 %),0,0,0,0,1802090,34.58
14/09/2022,0,0,32(0.00 %),0,0,0,0,1802090,34.58
15/09/2022,0,0,32(0.00 %),0,0,0,0,0,34.58
16/09/2022,0,0,32(0.00 %),0,0,0,0,1802090,34.58
19/09/2022,0,0,32(0.00 %),0,0,0,0,1802090,0.0
20/09/2022,0,0,32(0.00 %),0,0,0,0,1802090,34.58
21/09/2022,0,0,32(0.00 %),0,0,0,0,1802090,34.58
22/09/2022,0,0,32(0.00 %),0,0,0,0,1802090,34.58
23/09/2022,0,0,32(0.00 %),0,0,0,0,1802090,0.0
26/09/2022,0,0,32(0.00 %),0,0,0,0,1802090,34.58
27/09/2022,0,0,32(0.00 %),0,0,0,0,1802090,34.58
28/09/2022,0,0,32(0.00 %),0,0,0,0,1802090,34.58
29/09/2022,0,0,32(0.00 %),0,0,0,0,1802090,34.58
30/09/2022,0,0,32(0.00 %),0,0,0,0,1802090,34.58
03/10/2022,0,0,32(0.00 %),0,0,0,0,1802090,34.58
04/10/2022,0,0,32(0.00 %),0,0,0,0,1802090,34.58
05/10/2022,0,0,32(0.00 %),0,0,0,0,1802090,34.58
06/10/2022,0,0,32(0.00 %),0,0,0,0,1802090,34.58
07/10/2022,0,0,32(0.00 %),0,0,0,0,1802090,34.58
10/10/2022,0,0,31.9(5.28 %),0,0,0,0,1802090,34.58
11/10/2022,0,0,29.6(-3.90 %),0,0,0,0,1802090,34.58
12/10/2022,0,0,29.6(0.00 %),0,0,0,0,1802090,34.58
13/10/2022,0,0,30.2(2.03 %),0,0,0,0,1802090,34.58
14/10/2022,0,0,30.2(0.00 %),0,0,0,0,1802090,34.58
17/10/2022,0,0,30.2(0.00 %),0,0,0,0,1802090,34.58
18/10/2022,0,0,30.2(0.00 %),0,0,0,0,1802090,34.58
19/10/2022,0,0,30.2(0.00 %),0,0,0,0,1802090,34.58
20/10/2022,0,0,30.2(0.00 %),0,0,0,0,1802090,34.58
21/10/2022,0,0,28(-7.28 %),0,0,0,0,1802090,34.58
24/10/2022,0,0,32.6(14.79 %),0,0,0,0,1802090,34.58
25/10/2022,0,0,29(0.00 %),0,0,0,0,1802090,34.58
26/10/2022,0,0,29(0.00 %),0,0,0,0,1802090,34.58
27/10/2022,0,0,29(0.00 %),0,0,0,0,1802090,34.58
28/10/2022,0,0,29(0.00 %),0,0,0,0,1802090,34.58
31/10/2022,0,0,29(0.00 %),0,0,0,0,1802090,34.58
01/11/2022,0,0,29(0.00 %),0,0,0,0,1802090,34.58
02/11/2022,0,0,32(10.34 %),0,0,0,0,1802090,34.58
03/11/2022,0,0,32(0.00 %),0,0,0,0,1802090,34.58
04/11/2022,0,0,32(0.00 %),0,0,0,0,1802090,34.58
07/11/2022,0,0,32(0.00 %),0,0,0,0,1802090,34.58
08/11/2022,0,0,32(0.00 %),0,0,0,0,1802090,34.58
09/11/2022,0,0,32(0.00 %),0,0,0,0,1802090,34.58
10/11/2022,0,0,30(-6.25 %),0,0,0,0,1802090,34.58
11/11/2022,0,0,30(0.00 %),0,0,0,0,1802090,34.58
14/11/2022,0,0,25.5(-15.00 %),0,0,0,0,1802090,34.58
15/11/2022,0,0,25(-1.96 %),0,0,0,0,1802090,34.58
16/11/2022,0,0,21.6(-14.62 %),0,0,0,0,1802090,34.58
17/11/2022,0,0,24.7(14.35 %),0,0,0,0,1802090,34.58
18/11/2022,1400,39740000,28.4(14.98 %),1400,39740000,0,0,1800690,34.59
21/11/2022,400,13040000,32.6(14.79 %),400,13040000,0,0,1800290,34.6
22/11/2022,30000,1050000000,32.6(0.00 %),30000,1050000000,0,0,1770290,34.84
23/11/2022,0,0,32.6(0.00 %),0,0,0,0,1770290,34.84
24/11/2022,0,0,32.6(0.00 %),0,0,0,0,1770290,34.84
25/11/2022,0,0,32.6(0.00 %),0,0,0,0,1770290,34.84
28/11/2022,1300,45400000,35(7.36 %),1300,45400000,0,0,1768990,0.0
29/11/2022,0,0,34.9(0.00 %),0,0,0,0,1768990,0.0
30/11/2022,25000,875000000,36.5(4.58 %),25000,875000000,0,0,1743990,0.0
01/12/2022,0,0,36.5(0.00 %),0,0,0,0,1743990,0.0
02/12/2022,0,0,36.5(0.00 %),0,0,0,0,1743990,0.0
05/12/2022,0,0,36.5(0.00 %),0,0,0,0,1743990,0.0
06/12/2022,0,0,31.3(-14.25 %),0,0,0,0,1743990,0.0
07/12/2022,0,0,28.1(-10.51 %),0,0,0,0,1743990,0.0
08/12/2022,0,0,32(13.88 %),0,0,0,0,1743990,35.05
09/12/2022,0,0,31.6(0.00 %),0,0,0,0,1743990,35.05
12/12/2022,0,0,31(-1.90 %),0,0,0,0,1743990,0.0
13/12/2022,0,0,31(0.00 %),0,0,0,0,1743990,0.0
14/12/2022,0,0,31(0.00 %),0,0,0,0,1743990,0.0
15/12/2022,0,0,31(0.00 %),0,0,0,0,1743990,0.0
16/12/2022,0,0,31(0.00 %),0,0,0,0,1743990,0.0
19/12/2022,0,0,31(0.00 %),0,0,0,0,1743990,0.0
20/12/2022,0,0,31(0.00 %),0,0,0,0,1743990,0.0
21/12/2022,0,0,31(0.00 %),0,0,0,0,1743990,0.0
22/12/2022,0,0,31(0.00 %),0,0,0,0,1743990,0.0
23/12/2022,0,0,31(0.00 %),0,0,0,0,1743990,0.0
26/12/2022,0,0,32(3.23 %),0,0,0,0,1743990,0.0
27/12/2022,0,0,32(0.00 %),0,0,0,0,1743990,0.0
28/12/2022,0,0,32(0.00 %),0,0,0,0,1743990,35.05
29/12/2022,0,0,32(0.00 %),0,0,0,0,1743990,35.05
30/12/2022,0,0,32(0.00 %),0,0,0,0,1743990,35.05
03/01/2023,0,0,32(0.00 %),0,0,0,0,1743990,0.0
04/01/2023,0,0,32(0.00 %),0,0,0,0,1743990,35.05
05/01/2023,0,0,32(0.00 %),0,0,0,0,1743990,35.05
06/01/2023,0,0,32(0.00 %),0,0,0,0,1743990,35.05
09/01/2023,0,0,32(0.00 %),0,0,0,0,1743990,35.05
10/01/2023,0,0,32(0.00 %),0,0,0,0,1743990,35.05
11/01/2023,0,0,32(0.00 %),0,0,0,0,1743990,35.05
12/01/2023,0,0,32(0.00 %),0,0,0,0,1743990,35.05
13/01/2023,0,0,32(0.00 %),0,0,0,0,1743990,35.05
16/01/2023,0,0,32(0.00 %),0,0,0,0,1743990,35.05
17/01/2023,0,0,32(0.00 %),0,0,0,0,1743990,35.05
18/01/2023,0,0,32(0.00 %),0,0,0,0,1743990,35.05
19/01/2023,0,0,32(0.00 %),0,0,0,0,1743990,35.05
27/01/2023,0,0,32(0.00 %),0,0,0,0,1743990,35.05
30/01/2023,0,0,32.5(1.56 %),0,0,0,0,1743990,35.05
31/01/2023,0,0,32.5(0.00 %),0,0,0,0,1743990,35.05
01/02/2023,10000,350000000,35(7.69 %),10000,350000000,0,0,1733990,35.13
02/02/2023,0,0,34.5(0.00 %),0,0,0,0,1733990,35.13
03/02/2023,0,0,34.5(0.00 %),0,0,0,0,1733990,35.13
06/02/2023,0,0,34.5(0.00 %),0,0,0,0,1733990,35.13
07/02/2023,0,0,34.5(0.00 %),0,0,0,0,1733990,35.13
08/02/2023,0,0,34.5(0.00 %),0,0,0,0,1733990,35.13
09/02/2023,0,0,34.5(0.00 %),0,0,0,0,1733990,35.13
10/02/2023,0,0,34.5(0.00 %),0,0,0,0,1733990,35.13
13/02/2023,0,0,34.5(0.00 %),0,0,0,0,1733990,35.13
14/02/2023,0,0,34.5(0.00 %),0,0,0,0,1733990,35.13
15/02/2023,5000,185000000,37(7.25 %),5000,185000000,0,0,1728990,35.17
16/02/2023,0,0,37(0.00 %),0,0,0,0,1728990,35.17
17/02/2023,1500,54000000,37(0.00 %),1500,54000000,0,0,1727490,35.18
20/02/2023,0,0,36(0.00 %),0,0,0,0,1727490,35.18
21/02/2023,0,0,36(0.00 %),0,0,0,0,1727490,35.18
22/02/2023,0,0,36(0.00 %),0,0,0,0,1727490,35.18
23/02/2023,10000,370000000,37(2.78 %),10000,370000000,0,0,1717490,35.26
24/02/2023,0,0,37(0.00 %),0,0,0,0,1717490,0.0
27/02/2023,9600,355200000,37(0.00 %),9600,355200000,0,0,1707890,35.34
28/02/2023,0,0,37(0.00 %),0,0,0,0,1707890,35.34
01/03/2023,5000,189900000,38(2.70 %),5000,189900000,0,0,1702890,35.38
02/03/2023,0,0,38(0.00 %),0,0,0,0,1702890,35.38
03/03/2023,0,0,38(0.00 %),0,0,0,0,1702890,35.38
06/03/2023,0,0,38(0.00 %),0,0,0,0,1702890,35.38
07/03/2023,0,0,38(0.00 %),0,0,0,0,1702890,35.38
08/03/2023,0,0,38(0.00 %),0,0,0,0,1702890,35.38
09/03/2023,0,0,38(0.00 %),0,0,0,0,1702890,35.38
10/03/2023,7600,281200000,37(-2.63 %),7600,281200000,0,0,1695290,35.44
13/03/2023,0,0,37(0.00 %),0,0,0,0,1695290,0.0
14/03/2023,0,0,37(0.00 %),0,0,0,0,1695290,35.44
15/03/2023,0,0,37(0.00 %),0,0,0,0,1695290,35.44
16/03/2023,0,0,37(0.00 %),0,0,0,0,1695290,35.44
17/03/2023,0,0,37(0.00 %),0,0,0,0,1695290,35.44
20/03/2023,0,0,37(0.00 %),0,0,0,0,1695290,35.44
21/03/2023,0,0,37(0.00 %),0,0,0,0,1695290,35.44
22/03/2023,0,0,37(0.00 %),0,0,0,0,1695290,35.44
23/03/2023,0,0,37(0.00 %),0,0,0,0,1695290,35.44
24/03/2023,0,0,37(0.00 %),0,0,0,0,1695290,35.44
27/03/2023,0,0,37(0.00 %),0,0,0,0,1695290,35.44
28/03/2023,0,0,37(0.00 %),0,0,0,0,1695290,0.0
29/03/2023,0,0,37(0.00 %),0,0,0,0,1695290,35.44
30/03/2023,0,0,37(0.00 %),0,0,0,0,1695290,35.44
31/03/2023,0,0,37(0.00 %),0,0,0,0,1695290,35.44
03/04/2023,0,0,37(0.00 %),0,0,0,0,1695290,35.44
04/04/2023,0,0,37(0.00 %),0,0,0,0,1695290,35.44
05/04/2023,0,0,37(0.00 %),0,0,0,0,1695290,35.44
06/04/2023,0,0,37(0.00 %),0,0,0,0,1695290,35.44
07/04/2023,0,0,37(0.00 %),0,0,0,0,1695290,35.44
10/04/2023,0,0,37(0.00 %),0,0,0,0,1695290,35.44
11/04/2023,0,0,37(0.00 %),0,0,0,0,1695290,35.44
12/04/2023,0,0,37(0.00 %),0,0,0,0,1695290,0.0
13/04/2023,0,0,37(0.00 %),0,0,0,0,1695290,35.44
14/04/2023,0,0,37(0.00 %),0,0,0,0,1695290,35.44
17/04/2023,0,0,37(0.00 %),0,0,0,0,1695290,35.44
18/04/2023,0,0,37(0.00 %),0,0,0,0,1695290,35.44
19/04/2023,0,0,37(0.00 %),0,0,0,0,1695290,35.44
20/04/2023,0,0,37(0.00 %),0,0,0,0,1695290,0.0
21/04/2023,0,0,37(0.00 %),0,0,0,0,1695290,35.44
24/04/2023,0,0,37(0.00 %),0,0,0,0,1695290,35.44
25/04/2023,0,0,37(0.00 %),0,0,0,0,1695290,35.44
26/04/2023,0,0,37(0.00 %),0,0,0,0,1695290,35.44
27/04/2023,0,0,37(0.00 %),0,0,0,0,1695290,0.0
28/04/2023,0,0,37(0.00 %),0,0,0,0,1695290,0.0
04/05/2023,0,0,37(0.00 %),0,0,0,0,1695290,0.0
05/05/2023,0,0,37(0.00 %),0,0,0,0,1695290,35.44
08/05/2023,0,0,32(-13.51 %),0,0,0,0,1695290,35.44
09/05/2023,0,0,32(0.00 %),0,0,0,0,1695290,35.44
10/05/2023,0,0,32(0.00 %),0,0,0,0,1695290,0.0
11/05/2023,0,0,32(0.00 %),0,0,0,0,1695290,0.0
12/05/2023,0,0,32(0.00 %),0,0,0,0,1695290,35.44
15/05/2023,0,0,32(0.00 %),0,0,0,0,1695290,0.0
16/05/2023,0,0,32(0.00 %),0,0,0,0,1695290,0.0
17/05/2023,0,0,32(0.00 %),0,0,0,0,1695290,0.0
18/05/2023,0,0,32(0.00 %),0,0,0,0,1695290,0.0
19/05/2023,0,0,32(0.00 %),0,0,0,0,1695290,0.0
22/05/2023,0,0,32(0.00 %),0,0,0,0,1695290,0.0
23/05/2023,0,0,30(-6.54 %),0,0,0,0,1695290,0.0
24/05/2023,0,0,30.5(-0.97 %),0,0,0,0,1695290,0.0
25/05/2023,500,15500000,30(-1.64 %),500,15500000,0,0,1694790,0.0
26/05/2023,0,0,30.5(0.00 %),0,0,0,0,1694790,0.0
29/05/2023,0,0,30(-1.64 %),0,0,0,0,1694790,0.0
30/05/2023,0,0,30(8.30 %),0,0,0,0,1694790,0.0
31/05/2023,0,0,29.6(-1.33 %),0,0,0,0,1694790,0.0
01/06/2023,0,0,26(-12.16 %),0,0,0,0,1694790,0.0
02/06/2023,0,0,28.8(0.00 %),0,0,0,0,1694790,0.0
05/06/2023,0,0,28.8(0.00 %),0,0,0,0,1694790,0.0
06/06/2023,0,0,28(-2.78 %),0,0,0,0,1694790,0.0
07/06/2023,0,0,28(0.00 %),0,0,0,0,1694790,0.0
08/06/2023,0,0,28(0.00 %),0,0,0,0,1694790,0.0
09/06/2023,0,0,27.1(-3.21 %),0,0,0,0,1694790,0.0
12/06/2023,0,0,27.1(0.00 %),0,0,0,0,1694790,0.0
13/06/2023,400,11540000,28.6(1.42 %),400,11540000,0,0,1694390,0.0
14/06/2023,2600,75400000,29(0.69 %),2600,75400000,0,0,1691790,0.02
15/06/2023,0,0,29(0.00 %),0,0,0,0,1691790,0.0
16/06/2023,1600,45500000,28(-3.45 %),1600,45500000,0,0,1690190,35.48
19/06/2023,0,0,27.1(-5.24 %),0,0,0,0,1690190,35.48
20/06/2023,0,0,27.1(0.00 %),0,0,0,0,1690190,35.48
21/06/2023,0,0,27.5(1.48 %),0,0,0,0,1690190,35.48
22/06/2023,0,0,29.6(14.73 %),0,0,0,0,1690190,0.0
23/06/2023,0,0,33.6(13.90 %),0,0,0,0,1690190,35.48
26/06/2023,0,0,28.7(-14.84 %),0,0,0,0,1690190,35.48
27/06/2023,0,0,28.2(-1.74 %),0,0,0,0,1690190,35.48
28/06/2023,0,0,28.2(0.00 %),0,0,0,0,1690190,35.48
29/06/2023,0,0,28.2(0.00 %),0,0,0,0,1690190,0.0
30/06/2023,0,0,29(2.84 %),0,0,0,0,1690190,35.48
03/07/2023,300,9000000,30(3.45 %),300,9000000,0,0,1689890,35.48
04/07/2023,0,0,30(0.00 %),0,0,0,0,1689890,35.48
05/07/2023,0,0,28.5(-5.00 %),0,0,0,0,1689890,35.48
06/07/2023,0,0,30(10.29 %),0,0,0,0,1689890,35.48
07/07/2023,0,0,27.5(-8.33 %),0,0,0,0,1689890,35.48
10/07/2023,0,0,29(5.45 %),0,0,0,0,1689890,35.48
11/07/2023,0,0,28.5(-4.68 %),0,0,0,0,1689890,35.48
12/07/2023,0,0,29(1.40 %),0,0,0,0,1689890,35.48
13/07/2023,0,0,29.2(2.10 %),0,0,0,0,1689890,35.48
14/07/2023,0,0,29.5(2.43 %),0,0,0,0,1689890,35.48
17/07/2023,0,0,28.6(-2.39 %),0,0,0,0,1689890,35.48
18/07/2023,0,0,29(1.40 %),0,0,0,0,1689890,35.48
19/07/2023,0,0,29.5(1.72 %),0,0,0,0,1689890,35.48
20/07/2023,0,0,29.6(0.34 %),0,0,0,0,1689890,0.0
21/07/2023,0,0,27.5(-7.09 %),0,0,0,0,1689890,35.48
24/07/2023,0,0,31.6(14.91 %),0,0,0,0,1689890,35.48
25/07/2023,0,0,31.5(0.00 %),0,0,0,0,1689890,35.48
26/07/2023,0,0,31(-1.59 %),0,0,0,0,1689890,0.0
27/07/2023,0,0,31.5(3.28 %),0,0,0,0,1689890,0.0
28/07/2023,0,0,31.5(0.00 %),0,0,0,0,1689890,0.0
31/07/2023,0,0,35.6(14.84 %),0,0,0,0,1689890,35.48
01/08/2023,0,0,0(0.00 %),0,0,0,0,1689890,35.48
02/08/2023,0,0,0(0.00 %),0,0,0,0,1689890,35.48
03/08/2023,0,0,35.5(-0.84 %),0,0,0,0,1689890,35.48
04/08/2023,0,0,35.1(-1.68 %),0,0,0,0,1689890,35.48
07/08/2023,0,0,35.6(5.33 %),0,0,0,0,1689890,0.0
08/08/2023,0,0,35.6(2.89 %),0,0,0,0,1689890,0.0
09/08/2023,0,0,35.6(-4.04 %),0,0,0,0,1689890,0.0
10/08/2023,0,0,36.3(-1.09 %),0,0,0,0,1689890,0.0
11/08/2023,-2000,-74100000,35.6(-2.73 %),0,0,2000,74100000,1691890,0.0
14/08/2023,0,0,36.5(0.00 %),0,0,0,0,1689890,35.48
15/08/2023,0,0,35.5(-2.74 %),0,0,0,0,1691890,35.46
16/08/2023,0,0,37.9(2.43 %),0,0,0,0,1691890,35.46
17/08/2023,0,0,35.6(-5.57 %),0,0,0,0,1691890,35.46
18/08/2023,0,0,36.1(-2.43 %),0,0,0,0,1691890,35.46
21/08/2023,0,0,37.6(0.00 %),0,0,0,0,1691890,35.46
22/08/2023,-2000,-76200000,38.2(1.60 %),0,0,2000,76200000,1691890,35.46
23/08/2023,0,0,38.1(0.00 %),0,0,0,0,1691890,35.46
24/08/2023,0,0,38.8(1.84 %),0,0,0,0,1693890,35.45
25/08/2023,-3000,-114000000,38.8(0.00 %),0,0,3000,114000000,1693890,35.45
28/08/2023,0,0,33.3(-13.05 %),0,0,0,0,1693890,35.45
29/08/2023,-10100,-385820000,38.2(14.71 %),0,0,10100,385820000,1696890,35.42
30/08/2023,0,0,38.2(0.00 %),0,0,0,0,1696890,35.42
31/08/2023,0,0,38.2(0.00 %),0,0,0,0,1706990,35.34
05/09/2023,0,0,38.5(0.79 %),0,0,0,0,1711390,35.31
06/09/2023,0,0,38.2(-0.78 %),0,0,0,0,1711390,0.0
07/09/2023,0,0,38.5(0.79 %),0,0,0,0,1711390,35.31
08/09/2023,-1000,-38500000,38.5(0.00 %),0,0,1000,38500000,1711390,35.31
11/09/2023,0,0,38.5(0.26 %),0,0,0,0,1711390,35.31
12/09/2023,0,0,38.4(0.00 %),0,0,0,0,1712390,35.3
13/09/2023,0,0,38.8(1.04 %),0,0,0,0,1712390,35.3
14/09/2023,0,0,38.6(0.00 %),0,0,0,0,1712390,35.3
15/09/2023,500,19500000,39(1.04 %),500,19500000,0,0,1711890,35.3
18/09/2023,0,0,38.9(-0.26 %),0,0,0,0,1711890,0.0
19/09/2023,0,0,38.9(0.00 %),0,0,0,0,1711890,0.0
20/09/2023,0,0,38.2(-1.80 %),0,0,0,0,1711890,0.0
21/09/2023,0,0,38.2(0.00 %),0,0,0,0,1711890,35.3
22/09/2023,0,0,38.5(0.79 %),0,0,0,0,1711890,35.3
25/09/2023,0,0,38.5(0.00 %),0,0,0,0,1711890,35.3
26/09/2023,0,0,38.5(0.00 %),0,0,0,0,1711890,35.3
27/09/2023,0,0,38.6(0.26 %),0,0,0,0,1711890,0.0
28/09/2023,0,0,38.6(0.00 %),0,0,0,0,1711890,0.0
29/09/2023,0,0,38.6(0.00 %),0,0,0,0,1711890,35.3
02/10/2023,0,0,38.6(0.00 %),0,0,0,0,1711890,35.3
03/10/2023,0,0,39(1.04 %),0,0,0,0,1711890,35.3
04/10/2023,0,0,39(0.52 %),0,0,0,0,1711890,35.3
05/10/2023,0,0,39(0.26 %),0,0,0,0,1711890,35.3
06/10/2023,0,0,39.5(1.28 %),0,0,0,0,1711890,35.3
09/10/2023,0,0,39.1(0.00 %),0,0,0,0,1711890,35.3
10/10/2023,0,0,39.5(1.02 %),0,0,0,0,1711890,35.3
11/10/2023,0,0,39.8(0.76 %),0,0,0,0,1711890,35.3
12/10/2023,0,0,38.1(-4.27 %),0,0,0,0,1711890,35.3
13/10/2023,0,0,40.5(4.92 %),0,0,0,0,1711890,35.3
16/10/2023,0,0,40(0.00 %),0,0,0,0,1711890,35.3
17/10/2023,0,0,40(0.00 %),0,0,0,0,1711890,35.3
18/10/2023,0,0,40(0.00 %),0,0,0,0,1711890,35.3
19/10/2023,0,0,39.5(-1.25 %),0,0,0,0,1711890,35.3
20/10/2023,0,0,40(0.00 %),0,0,0,0,1711890,35.3
23/10/2023,0,0,38.5(-3.75 %),0,0,0,0,1711890,35.3
24/10/2023,0,0,38.2(-4.74 %),0,0,0,0,1711890,0.0
25/10/2023,0,0,39.1(2.36 %),0,0,0,0,1711890,35.3
26/10/2023,0,0,40(-0.50 %),0,0,0,0,1711890,35.3
27/10/2023,0,0,40(0.25 %),0,0,0,0,1711890,35.3
30/10/2023,0,0,40(0.00 %),0,0,0,0,1711890,35.3
31/10/2023,0,0,40(0.00 %),0,0,0,0,1711890,35.3
01/11/2023,0,0,40(0.76 %),0,0,0,0,1711890,35.3
02/11/2023,0,0,40(0.25 %),0,0,0,0,1711890,35.3
03/11/2023,0,0,40(0.50 %),0,0,0,0,1711890,35.3
06/11/2023,0,0,38.5(-3.02 %),0,0,0,0,1711890,35.3
07/11/2023,0,0,38.5(0.00 %),0,0,0,0,1711890,0.0
08/11/2023,0,0,38.5(0.00 %),0,0,0,0,1711890,35.3
09/11/2023,0,0,38.5(0.00 %),0,0,0,0,1711890,35.3
10/11/2023,0,0,38.3(-0.52 %),0,0,0,0,1711890,35.3
13/11/2023,0,0,38.3(0.00 %),0,0,0,0,1711890,35.3
14/11/2023,0,0,40(4.44 %),0,0,0,0,1711890,3.53
15/11/2023,0,0,40(0.00 %),0,0,0,0,1711890,35.3
16/11/2023,0,0,40(0.00 %),0,0,0,0,1711890,0.0
17/11/2023,0,0,40(0.00 %),0,0,0,0,1711890,35.3
20/11/2023,0,0,40(0.00 %),0,0,0,0,1711890,35.3
21/11/2023,0,0,39(0.00 %),0,0,0,0,1711890,35.3
22/11/2023,0,0,39.5(1.28 %),0,0,0,0,1711890,35.3
23/11/2023,0,0,39.9(0.00 %),0,0,0,0,1711890,0.0
24/11/2023,0,0,39.9(0.00 %),0,0,0,0,1711890,0.0
27/11/2023,0,0,40.2(0.75 %),0,0,0,0,1711890,0.0
28/11/2023,0,0,40.2(0.00 %),0,0,0,0,1711890,0.0
29/11/2023,0,0,40.2(0.00 %),0,0,0,0,1711890,0.0
30/11/2023,0,0,40.2(0.00 %),0,0,0,0,1711890,0.0
01/12/2023,0,0,39.1(-2.74 %),0,0,0,0,1711890,0.0
04/12/2023,0,0,39.1(0.00 %),0,0,0,0,1711890,0.0
05/12/2023,0,0,39.1(0.00 %),0,0,0,0,1711890,0.0
06/12/2023,0,0,40(2.30 %),0,0,0,0,1711890,0.0
07/12/2023,0,0,40(0.00 %),0,0,0,0,1711890,0.0
08/12/2023,0,0,40(0.00 %),0,0,0,0,1711890,0.0
11/12/2023,0,0,40.1(0.25 %),0,0,0,0,1711890,0.0
12/12/2023,0,0,39(-2.74 %),0,0,0,0,1711890,0.0
13/12/2023,0,0,37.9(0.00 %),0,0,0,0,1711890,0.0
14/12/2023,0,0,37.9(0.00 %),0,0,0,0,1711890,0.0
15/12/2023,-300,-12000000,39.1(3.17 %),0,0,300,12000000,1712190,0.0
18/12/2023,0,0,38.5(-2.04 %),0,0,0,0,1711890,35.3
19/12/2023,0,0,38.8(0.00 %),0,0,0,0,1711890,0.0
20/12/2023,0,0,38.8(0.00 %),0,0,0,0,1712190,0.0
21/12/2023,0,0,38.8(0.00 %),0,0,0,0,1712190,0.0
22/12/2023,0,0,38.8(0.00 %),0,0,0,0,1712190,0.0
25/12/2023,0,0,38.8(0.00 %),0,0,0,0,1712190,0.0
26/12/2023,0,0,38.8(0.00 %),0,0,0,0,1712190,35.3
27/12/2023,0,0,39(0.52 %),0,0,0,0,1712190,0.0
28/12/2023,0,0,39.2(0.51 %),0,0,0,0,1712190,0.0
29/12/2023,0,0,39.2(0.00 %),0,0,0,0,1712190,35.3
02/01/2024,0,0,39.5(0.77 %),0,0,0,0,1712190,35.3
03/01/2024,0,0,39.4(-0.51 %),0,0,0,0,1712190,0.0
04/01/2024,0,0,39.5(-0.75 %),0,0,0,0,1712190,0.0
05/01/2024,0,0,39.5(0.00 %),0,0,0,0,1712190,0.0
08/01/2024,0,0,40(1.27 %),0,0,0,0,1712190,0.0
09/01/2024,0,0,39.5(-1.25 %),0,0,0,0,1712190,35.3
10/01/2024,0,0,39.5(-1.00 %),0,0,0,0,1712190,35.3
11/01/2024,0,0,39.5(0.00 %),0,0,0,0,1712190,35.3
12/01/2024,0,0,40(1.27 %),0,0,0,0,1712190,0.0
15/01/2024,0,0,40(0.00 %),0,0,0,0,1712190,35.3
16/01/2024,0,0,40(0.00 %),0,0,0,0,1712190,35.3
17/01/2024,0,0,38.7(-3.25 %),0,0,0,0,1712190,35.3
18/01/2024,0,0,40(1.27 %),0,0,0,0,1712190,0.0
19/01/2024,0,0,40(-0.50 %),0,0,0,0,1712190,0.0
22/01/2024,0,0,40.1(1.26 %),0,0,0,0,1712190,0.0
23/01/2024,0,0,38(8.57 %),0,0,0,0,1712190,0.0
24/01/2024,0,0,38.5(-2.28 %),0,0,0,0,1712190,0.0
25/01/2024,0,0,36.9(-7.75 %),0,0,0,0,1712190,0.0
26/01/2024,0,0,40.1(1.78 %),0,0,0,0,1712190,0.0
29/01/2024,0,0,40(9.59 %),0,0,0,0,1712190,35.3
30/01/2024,0,0,40(0.00 %),0,0,0,0,1712190,35.3
31/01/2024,0,0,38(-4.52 %),0,0,0,0,1712190,35.3
01/02/2024,0,0,38(0.00 %),0,0,0,0,1712190,0.0
02/02/2024,0,0,37.5(-1.32 %),0,0,0,0,1712190,35.3
05/02/2024,0,0,39.2(4.53 %),0,0,0,0,1712190,0.0
06/02/2024,0,0,39.9(0.00 %),0,0,0,0,1712190,35.3
07/02/2024,0,0,39.2(-1.75 %),0,0,0,0,1712190,35.3
15/02/2024,0,0,40.3(1.00 %),0,0,0,0,1712190,35.3
16/02/2024,0,0,39.3(-2.48 %),0,0,0,0,1712190,35.3
19/02/2024,0,0,40.5(3.05 %),0,0,0,0,1712190,35.3
20/02/2024,0,0,39.3(-2.96 %),0,0,0,0,1712190,35.3
21/02/2024,0,0,39.3(0.00 %),0,0,0,0,1712190,35.3
22/02/2024,0,0,39.3(0.00 %),0,0,0,0,1712190,35.3
23/02/2024,-500,-19500000,40.8(3.82 %),0,0,500,19500000,1712190,0.0
26/02/2024,0,0,41(2.76 %),0,0,0,0,1712190,35.3
27/02/2024,0,0,41(0.00 %),0,0,0,0,1712190,0.0
28/02/2024,0,0,41(0.00 %),0,0,0,0,1712690,0.0
29/02/2024,0,0,41(0.00 %),0,0,0,0,1712690,35.3
01/03/2024,0,0,41(0.00 %),0,0,0,0,1712690,0.0
04/03/2024,0,0,41.1(0.24 %),0,0,0,0,1712690,0.0
05/03/2024,0,0,39.1(-3.22 %),0,0,0,0,1712690,35.3
06/03/2024,0,0,39.1(0.00 %),0,0,0,0,1712690,0.0
07/03/2024,0,0,39.1(0.00 %),0,0,0,0,1712690,0.0
08/03/2024,0,0,39.1(0.00 %),0,0,0,0,1712690,0.0
11/03/2024,0,0,39.1(0.00 %),0,0,0,0,1712690,0.0
12/03/2024,0,0,39.1(0.00 %),0,0,0,0,1712690,35.3
13/03/2024,0,0,39.1(0.00 %),0,0,0,0,1712690,35.3
14/03/2024,0,0,39.5(1.02 %),0,0,0,0,1712690,0.0
15/03/2024,0,0,39.5(0.00 %),0,0,0,0,1712690,0.0
18/03/2024,0,0,40(1.27 %),0,0,0,0,1712690,35.3
19/03/2024,0,0,40(-2.44 %),0,0,0,0,1712690,35.3
20/03/2024,0,0,39(-2.50 %),0,0,0,0,1712690,0.0
21/03/2024,0,0,40(0.76 %),0,0,0,0,1712690,0.0
22/03/2024,0,0,39(-2.50 %),0,0,0,0,1712690,0.0
25/03/2024,0,0,39(0.00 %),0,0,0,0,1712690,35.3
26/03/2024,0,0,39(0.00 %),0,0,0,0,1712690,0.0
27/03/2024,0,0,39(0.00 %),0,0,0,0,1712690,35.3
28/03/2024,0,0,39(0.00 %),0,0,0,0,1712690,35.3
29/03/2024,0,0,42(7.69 %),0,0,0,0,1712690,35.3
01/04/2024,0,0,42(0.00 %),0,0,0,0,1712690,35.3
02/04/2024,0,0,36(-14.29 %),0,0,0,0,1712690,0.0
03/04/2024,0,0,41.4(15.00 %),0,0,0,0,1712690,35.3
04/04/2024,0,0,40(-3.38 %),0,0,0,0,1712690,0.0
05/04/2024,0,0,36.8(-8.00 %),0,0,0,0,1712690,35.3
08/04/2024,0,0,39.4(7.07 %),0,0,0,0,1712690,0.0
09/04/2024,0,0,40.9(0.00 %),0,0,0,0,1712690,0.0
10/04/2024,0,0,42.5(3.91 %),0,0,0,0,1712690,0.0
11/04/2024,0,0,39.7(-6.59 %),0,0,0,0,1712690,35.3
12/04/2024,0,0,39.7(0.00 %),0,0,0,0,1712690,35.3
15/04/2024,0,0,39.7(0.00 %),0,0,0,0,1712690,0.0
16/04/2024,0,0,40.2(1.26 %),0,0,0,0,1712690,0.0
17/04/2024,0,0,40.2(0.00 %),0,0,0,0,1712690,0.0
19/04/2024,0,0,40(-0.50 %),0,0,0,0,1712690,0.0
22/04/2024,0,0,39(-1.76 %),0,0,0,0,1712690,35.3
23/04/2024,0,0,41(0.00 %),0,0,0,0,1712690,35.3
24/04/2024,0,0,41(0.00 %),0,0,0,0,1712690,0.0
25/04/2024,0,0,39(-2.99 %),0,0,0,0,1712690,0.0
26/04/2024,0,0,38.7(-7.64 %),0,0,0,0,1712690,35.3
02/05/2024,0,0,38.6(-0.26 %),0,0,0,0,1712690,35.3
03/05/2024,0,0,39.5(-2.23 %),0,0,0,0,1712690,35.3
06/05/2024,0,0,42.2(1.69 %),0,0,0,0,1712690,35.3
07/05/2024,0,0,39.2(-2.73 %),0,0,0,0,1712690,35.3
08/05/2024,0,0,39.2(0.00 %),0,0,0,0,1712690,35.3
09/05/2024,0,0,40.3(2.81 %),0,0,0,0,1712690,35.3
10/05/2024,0,0,40.3(0.00 %),0,0,0,0,1712690,35.3
13/05/2024,0,0,39.6(-1.74 %),0,0,0,0,1712690,35.3
14/05/2024,0,0,45.5(14.90 %),0,0,0,0,1712690,0.0
15/05/2024,0,0,45(1.35 %),0,0,0,0,1712690,0.0
16/05/2024,0,0,45(0.00 %),0,0,0,0,1712690,0.0
17/05/2024,0,0,45(0.00 %),0,0,0,0,1712690,35.3
20/05/2024,0,0,45(0.22 %),0,0,0,0,1712690,35.3
21/05/2024,0,0,46(2.22 %),0,0,0,0,1712690,35.3
22/05/2024,0,0,45(-2.17 %),0,0,0,0,1712690,35.3
23/05/2024,0,0,45(0.00 %),0,0,0,0,1712690,35.3
24/05/2024,0,0,45(0.00 %),0,0,0,0,1712690,0.0
27/05/2024,0,0,45(0.00 %),0,0,0,0,1712690,35.3
28/05/2024,0,0,47(4.44 %),0,0,0,0,1712690,35.3
29/05/2024,0,0,47(8.05 %),0,0,0,0,1712690,35.3
30/05/2024,300,14100000,45(-4.26 %),300,14100000,0,0,1712390,35.3
31/05/2024,0,0,45.2(-2.16 %),0,0,0,0,1712390,35.3
03/06/2024,0,0,47.5(2.59 %),0,0,0,0,1712390,0.0
04/06/2024,-100,-4010000,45.3(-0.22 %),0,0,100,4010000,1712390,0.0
05/06/2024,0,0,50(4.82 %),0,0,0,0,1712390,0.0
06/06/2024,-100,-4350000,55(10.00 %),0,0,100,4350000,1712490,35.3
07/06/2024,0,0,47.2(-13.39 %),0,0,0,0,1712490,35.3
10/06/2024,0,0,56(10.24 %),0,0,0,0,1712490,0.0
11/06/2024,0,0,56(1.27 %),0,0,0,0,1712490,0.0
12/06/2024,200,11200000,56(1.27 %),200,11200000,0,0,1712490,35.3
13/06/2024,0,0,54.8(0.00 %),0,0,0,0,1712490,0.0
14/06/2024,0,0,57.8(5.47 %),0,0,0,0,1712490,35.3
17/06/2024,200,11590000,58(3.20 %),200,11590000,0,0,1712290,35.3
18/06/2024,-100,-4970000,50.1(-13.62 %),0,0,100,4970000,1712290,35.3
19/06/2024,0,0,58.3(9.59 %),0,0,0,0,1712290,35.3
20/06/2024,-100,-5020000,58(-0.51 %),0,0,100,5020000,1712390,35.3
21/06/2024,-100,-4770000,47.7(-13.90 %),0,0,100,4770000,1712390,35.3
24/06/2024,0,0,54.8(14.88 %),0,0,0,0,1712490,35.3
25/06/2024,0,0,58.2(6.99 %),0,0,0,0,1712590,35.3
26/06/2024,-100,-5500000,55(-4.35 %),0,0,100,5500000,1712590,35.3
27/06/2024,0,0,56(1.82 %),0,0,0,0,1712590,35.3
28/06/2024,0,0,53.5(0.00 %),0,0,0,0,1712690,35.3
03/07/2024,0,0,57(6.54 %),0,0,0,0,1712690,0.0
04/07/2024,0,0,50.1(-12.11 %),0,0,0,0,1712690,0.0
05/07/2024,0,0,50.1(0.00 %),0,0,0,0,1712690,0.0
08/07/2024,0,0,57.5(14.77 %),0,0,0,0,1712690,0.0
09/07/2024,0,0,57.5(0.00 %),0,0,0,0,1712690,0.0
10/07/2024,0,0,57.8(0.52 %),0,0,0,0,1712690,0.0
11/07/2024,0,0,58.5(1.39 %),0,0,0,0,1712690,0.0
12/07/2024,0,0,58.3(6.19 %),0,0,0,0,1712690,0.0
15/07/2024,0,0,58.3(0.00 %),0,0,0,0,1712690,0.0
16/07/2024,0,0,58.3(0.00 %),0,0,0,0,1712690,0.0
17/07/2024,0,0,58.3(0.00 %),0,0,0,0,1712690,0.0
18/07/2024,0,0,58.3(0.00 %),0,0,0,0,1712690,0.0
19/07/2024,0,0,58.3(0.00 %),0,0,0,0,1712690,0.0
22/07/2024,300,17400000,58(-0.51 %),300,17400000,0,0,1712390,0.0
23/07/2024,700,40600000,59.9(3.28 %),700,40600000,0,0,1711690,0.0
24/07/2024,0,0,58.4(0.00 %),0,0,0,0,1711690,0.0
25/07/2024,0,0,58.4(0.00 %),0,0,0,0,1711690,0.0
26/07/2024,0,0,58.4(0.00 %),0,0,0,0,1711690,0.0
29/07/2024,0,0,58.4(0.00 %),0,0,0,0,1711690,0.0
30/07/2024,0,0,58.4(0.00 %),0,0,0,0,1711690,0.0
31/07/2024,0,0,65(11.30 %),0,0,0,0,1711690,0.0
01/08/2024,0,0,65(0.00 %),0,0,0,0,1711690,0.0
02/08/2024,-100,-5530000,59.7(-8.15 %),0,0,100,5530000,1711790,0.0
05/08/2024,100,5950000,59.5(3.48 %),100,5950000,0,0,1711690,0.0
06/08/2024,0,0,59.5(0.00 %),0,0,0,0,1711690,0.0
07/08/2024,0,0,59.5(0.00 %),0,0,0,0,1711690,0.0
08/08/2024,0,0,59.5(0.00 %),0,0,0,0,1711690,0.0
09/08/2024,0,0,59.5(0.00 %),0,0,0,0,1711690,0.0
12/08/2024,0,0,51(-14.29 %),0,0,0,0,1711690,0.0
13/08/2024,0,0,52(1.96 %),0,0,0,0,1711690,0.0
14/08/2024,0,0,55.1(0.00 %),0,0,0,0,1711690,0.0
15/08/2024,0,0,50.5(-8.35 %),0,0,0,0,1711690,0.0
16/08/2024,0,0,51(0.99 %),0,0,0,0,1711690,0.0
19/08/2024,-5600,-300210000,51(4.94 %),0,0,5600,300210000,1717290,0.0
20/08/2024,0,0,51(-4.67 %),0,0,0,0,1717290,0.0
21/08/2024,0,0,58(12.62 %),0,0,0,0,1717290,0.0
22/08/2024,500,29000000,58(0.00 %),500,29000000,0,0,1716790,0.0
23/08/2024,0,0,58(0.00 %),0,0,0,0,1716790,0.0
26/08/2024,0,0,51(-12.07 %),0,0,0,0,1716790,0.0
27/08/2024,0,0,51(0.00 %),0,0,0,0,1716790,0.0
28/08/2024,0,0,44(-13.73 %),0,0,0,0,1716790,0.0
29/08/2024,0,0,44(0.00 %),0,0,0,0,1716790,0.0
30/08/2024,0,0,50.6(15.00 %),0,0,0,0,1716790,0.0
04/09/2024,0,0,50.6(0.00 %),0,0,0,0,1716790,0.0
05/09/2024,0,0,50.6(0.00 %),0,0,0,0,1716790,0.0
06/09/2024,0,0,50.6(0.00 %),0,0,0,0,1716790,0.0
09/09/2024,0,0,50.6(0.00 %),0,0,0,0,1716790,0.0
10/09/2024,0,0,50.6(0.00 %),0,0,0,0,1716790,0.0
11/09/2024,0,0,50.6(0.00 %),0,0,0,0,1716790,0.0
12/09/2024,0,0,50.6(0.00 %),0,0,0,0,1716790,0.0
13/09/2024,0,0,50.6(0.00 %),0,0,0,0,1716790,0.0
16/09/2024,0,0,50.6(0.00 %),0,0,0,0,1716790,0.0
17/09/2024,0,0,50(-1.19 %),0,0,0,0,1716790,0.0
18/09/2024,0,0,57.5(15.00 %),0,0,0,0,1716790,0.0
19/09/2024,0,0,57(-0.87 %),0,0,0,0,1716790,0.0
20/09/2024,0,0,57(0.00 %),0,0,0,0,1716790,0.0
23/09/2024,0,0,57(0.00 %),0,0,0,0,1716790,0.0
24/09/2024,0,0,57(0.00 %),0,0,0,0,1716790,0.0
25/09/2024,0,0,51(-10.53 %),0,0,0,0,1716790,0.0
26/09/2024,0,0,51(0.00 %),0,0,0,0,1716790,0.0
27/09/2024,0,0,51(0.00 %),0,0,0,0,1716790,0.0
30/09/2024,0,0,51(0.00 %),0,0,0,0,1716790,0.0
01/10/2024,0,0,51(0.00 %),0,0,0,0,1716790,0.0
02/10/2024,0,0,51(0.00 %),0,0,0,0,1716790,0.0
03/10/2024,0,0,52.3(2.55 %),0,0,0,0,1716790,0.0
04/10/2024,0,0,56(2.94 %),0,0,0,0,1716790,0.0
07/10/2024,0,0,52(-7.14 %),0,0,0,0,1716790,0.0
08/10/2024,0,0,52(0.00 %),0,0,0,0,1716790,0.0
09/10/2024,-500,-28000000,53.1(2.12 %),0,0,500,28000000,1717290,0.0
10/10/2024,0,0,55.8(0.00 %),0,0,0,0,1717290,0.0
11/10/2024,0,0,55.8(0.00 %),0,0,0,0,1717290,0.0
14/10/2024,0,0,52.9(-5.20 %),0,0,0,0,1717290,0.0
15/10/2024,0,0,52.9(0.00 %),0,0,0,0,1717290,0.0
16/10/2024,0,0,52.9(0.00 %),0,0,0,0,1717290,0.0
17/10/2024,0,0,53.1(0.38 %),0,0,0,0,1717290,0.0
18/10/2024,0,0,52.9(-4.68 %),0,0,0,0,1717290,0.0
21/10/2024,0,0,52.9(0.00 %),0,0,0,0,1717290,0.0
22/10/2024,0,0,52.9(0.00 %),0,0,0,0,1717290,0.0
23/10/2024,0,0,52.9(0.00 %),0,0,0,0,1717290,0.0
24/10/2024,0,0,52.9(0.00 %),0,0,0,0,1717290,0.0
25/10/2024,0,0,52.9(0.00 %),0,0,0,0,1717290,0.0
28/10/2024,0,0,52.9(0.00 %),0,0,0,0,1717290,0.0
29/10/2024,0,0,52.9(0.00 %),0,0,0,0,1717290,0.0
30/10/2024,0,0,52.9(0.00 %),0,0,0,0,1717290,0.0
31/10/2024,0,0,52.9(0.00 %),0,0,0,0,1717290,0.0
01/11/2024,0,0,52.9(0.00 %),0,0,0,0,1717290,0.0
04/11/2024,0,0,52.9(0.00 %),0,0,0,0,1717290,0.0
05/11/2024,0,0,52.9(0.00 %),0,0,0,0,1717290,0.0
06/11/2024,0,0,55(3.97 %),0,0,0,0,1717290,0.0
07/11/2024,0,0,50(-9.26 %),0,0,0,0,1717290,0.0
08/11/2024,0,0,50(0.00 %),0,0,0,0,1717290,0.0
11/11/2024,0,0,50(0.00 %),0,0,0,0,1717290,0.0
12/11/2024,0,0,50(0.00 %),0,0,0,0,1717490,35.26
13/11/2024,0,0,50(0.00 %),0,0,0,0,1717290,0.0
14/11/2024,0,0,50(0.00 %),0,0,0,0,1717290,0.0
15/11/2024,0,0,50(0.00 %),0,0,0,0,1717290,0.0
18/11/2024,0,0,50(0.00 %),0,0,0,0,1717290,0.0
19/11/2024,0,0,50(0.00 %),0,0,0,0,1717290,0.0
20/11/2024,0,0,50(0.00 %),0,0,0,0,1717290,0.0
21/11/2024,0,0,50(0.00 %),0,0,0,0,1717290,0.0
22/11/2024,0,0,50(0.00 %),0,0,0,0,1717290,0.0
25/11/2024,0,0,55.5(11.00 %),0,0,0,0,1717290,35.26
26/11/2024,0,0,55(-0.90 %),0,0,0,0,1717290,35.26
27/11/2024,0,0,54.1(0.00 %),0,0,0,0,1717290,35.26
28/11/2024,0,0,54.1(0.00 %),0,0,0,0,1717290,35.26
29/11/2024,-100,-4600000,46(-14.97 %),0,0,100,4600000,1717290,35.26
02/12/2024,0,0,0(0.00 %),0,0,0,0,1717290,35.26
03/12/2024,-100,-5290000,0(0.00 %),0,0,100,5290000,1717390,35.26
04/12/2024,0,0,0(0.00 %),0,0,0,0,1717390,35.26
05/12/2024,0,0,0(0.00 %),0,0,0,0,1717490,35.26
09/12/2024,0,0,51(-6.93 %),0,0,0,0,1717490,35.26
10/12/2024,0,0,51(0.00 %),0,0,0,0,1717490,35.26
16/12/2024,0,0,58(13.73 %),0,0,0,0,1717490,35.26
17/12/2024,-100,-5000000,50(-13.79 %),0,0,100,5000000,1717490,35.26
18/12/2024,0,0,50(0.00 %),0,0,0,0,1717490,35.26
19/12/2024,0,0,53.5(7.00 %),0,0,0,0,1717590,35.26
20/12/2024,0,0,53(0.00 %),0,0,0,0,1717590,35.26
24/12/2024,0,0,56(5.66 %),0,0,0,0,1717590,35.26
25/12/2024,-100,-5010000,50.1(-10.54 %),0,0,100,5010000,1717590,35.26
26/12/2024,0,0,50.1(0.00 %),0,0,0,0,1717590,35.26
27/12/2024,0,0,53(5.79 %),0,0,0,0,1717690,35.26
30/12/2024,0,0,53(0.00 %),0,0,0,0,1717690,35.26
31/12/2024,0,0,57(7.55 %),0,0,0,0,1717690,35.26
02/01/2025,-100,-5010000,50.1(-11.95 %),0,0,100,5010000,1717690,35.26
03/01/2025,0,0,57(13.77 %),0,0,0,0,1717690,35.26
06/01/2025,0,0,57(0.00 %),0,0,0,0,1717790,35.26
07/01/2025,-100,-5030000,50.3(-12.22 %),0,0,100,5030000,1717890,0.0
08/01/2025,0,0,50.3(0.00 %),0,0,0,0,1717790,35.26
09/01/2025,0,0,53.5(6.36 %),0,0,0,0,1717890,35.26
10/01/2025,0,0,53.5(0.00 %),0,0,0,0,1717890,35.26
13/01/2025,0,0,57(6.54 %),0,0,0,0,1717890,35.26
14/01/2025,0,0,57(0.00 %),0,0,0,0,1717890,35.26
15/01/2025,0,0,57(0.00 %),0,0,0,0,1717890,35.26
16/01/2025,0,0,57(0.00 %),0,0,0,0,1717890,0.0
17/01/2025,0,0,57(0.00 %),0,0,0,0,1717890,35.26
20/01/2025,0,0,57(0.00 %),0,0,0,0,1717890,35.26
21/01/2025,0,0,57(0.00 %),0,0,0,0,1717890,35.26
22/01/2025,0,0,57(0.00 %),0,0,0,0,1717890,35.26
23/01/2025,0,0,57(0.00 %),0,0,0,0,1717890,35.26
24/01/2025,0,0,57(0.00 %),0,0,0,0,1717890,35.26
03/02/2025,0,0,0(0.00 %),0,0,0,0,1717890,35.26
04/02/2025,0,0,57(0.00 %),0,0,0,0,1717890,35.26
05/02/2025,0,0,58(1.75 %),0,0,0,0,1717890,35.26
06/02/2025,0,0,58(0.00 %),0,0,0,0,1717890,35.26
07/02/2025,0,0,57.8(-0.34 %),0,0,0,0,1717890,35.26
10/02/2025,0,0,58.2(0.69 %),0,0,0,0,1717890,35.26
11/02/2025,0,0,58.2(0.00 %),0,0,0,0,1717890,35.26
12/02/2025,0,0,59.1(1.55 %),0,0,0,0,1717890,35.26
13/02/2025,0,0,58.8(0.00 %),0,0,0,0,1717890,35.26
14/02/2025,0,0,58.8(0.00 %),0,0,0,0,1717890,35.26
17/02/2025,0,0,58.8(0.00 %),0,0,0,0,1717890,35.26
18/02/2025,0,0,59.9(1.87 %),0,0,0,0,1717890,35.26
19/02/2025,0,0,59.9(0.00 %),0,0,0,0,1717890,35.26
20/02/2025,0,0,60(0.17 %),0,0,0,0,1717890,35.26
21/02/2025,0,0,60(0.00 %),0,0,0,0,1717890,35.26
24/02/2025,0,0,60(0.00 %),0,0,0,0,1717890,35.26
25/02/2025,0,0,60(0.00 %),0,0,0,0,1717890,35.26
26/02/2025,0,0,59.9(-0.17 %),0,0,0,0,1717890,35.26
27/02/2025,0,0,59.9(0.00 %),0,0,0,0,1717890,35.26
28/02/2025,0,0,60(0.17 %),0,0,0,0,1717890,35.26
03/03/2025,0,0,59(-1.67 %),0,0,0,0,1717890,35.26
04/03/2025,0,0,60(1.69 %),0,0,0,0,1717890,35.26
05/03/2025,0,0,69(15.00 %),0,0,0,0,1717890,35.26
06/03/2025,0,0,75(13.81 %),0,0,0,0,1717890,35.26
07/03/2025,0,0,75(0.00 %),0,0,0,0,1717890,35.26
10/03/2025,0,0,75(0.00 %),0,0,0,0,1717890,35.26
11/03/2025,0,0,75(0.00 %),0,0,0,0,1717890,35.26
12/03/2025,2000,127600000,63.8(-14.93 %),2000,127600000,0,0,1715890,35.27
13/03/2025,0,0,63.9(0.00 %),0,0,0,0,1715890,35.27
14/03/2025,0,0,63.9(0.00 %),0,0,0,0,1715890,35.27
17/03/2025,0,0,0(0.00 %),0,0,0,0,1715890,35.27
18/03/2025,0,0,63.9(0.00 %),0,0,0,0,1715890,35.27
19/03/2025,0,0,54.9(-14.08 %),0,0,0,0,1715890,35.27
20/03/2025,0,0,63.1(14.94 %),0,0,0,0,1715890,35.27
21/03/2025,0,0,59.1(0.00 %),0,0,0,0,1715890,35.27
24/03/2025,0,0,59.1(0.00 %),0,0,0,0,1715890,35.27
25/03/2025,0,0,59.1(0.00 %),0,0,0,0,1715890,35.27
26/03/2025,0,0,59.1(0.00 %),0,0,0,0,1715890,35.27
27/03/2025,0,0,59.1(0.00 %),0,0,0,0,1715890,35.27
28/03/2025,0,0,59.1(0.00 %),0,0,0,0,1715890,35.27
31/03/2025,0,0,58(-1.86 %),0,0,0,0,1715890,35.27
01/04/2025,0,0,58(0.00 %),0,0,0,0,1715890,35.27
02/04/2025,0,0,58(0.00 %),0,0,0,0,1715890,35.27
03/04/2025,0,0,50.1(-13.62 %),0,0,0,0,1715890,35.27
04/04/2025,0,0,51(2.00 %),0,0,0,0,1715890,35.27
08/04/2025,0,0,51(0.00 %),0,0,0,0,1715890,35.27
09/04/2025,0,0,51(0.00 %),0,0,0,0,1715890,35.27
10/04/2025,0,0,51(0.00 %),0,0,0,0,1715890,35.27
11/04/2025,0,0,58(13.73 %),0,0,0,0,1715890,35.27
14/04/2025,0,0,49.7(-13.26 %),0,0,0,0,1715890,35.27
15/04/2025,0,0,57.1(14.89 %),0,0,0,0,1715890,35.27
16/04/2025,0,0,50(-12.43 %),0,0,0,0,1715890,35.27
17/04/2025,0,0,57.5(15.00 %),0,0,0,0,1715890,35.27
18/04/2025,0,0,57.5(0.00 %),0,0,0,0,1715890,35.27
21/04/2025,0,0,57.5(0.00 %),0,0,0,0,1715890,35.27
22/04/2025,0,0,51.9(-9.74 %),0,0,0,0,1715890,35.27
23/04/2025,0,0,57.3(0.00 %),0,0,0,0,1715890,35.27
24/04/2025,0,0,57.3(0.00 %),0,0,0,0,1715890,35.27
25/04/2025,0,0,57.3(0.00 %),0,0,0,0,1715890,35.27
28/04/2025,0,0,57.3(0.00 %),0,0,0,0,1715890,35.27
29/04/2025,0,0,57.3(0.00 %),0,0,0,0,1715890,35.27
05/05/2025,0,0,57.3(0.00 %),0,0,0,0,1715890,35.27
06/05/2025,0,0,57.3(0.00 %),0,0,0,0,1715890,35.27
07/05/2025,0,0,64.1(11.87 %),0,0,0,0,1715890,35.27
08/05/2025,0,0,64.1(0.00 %),0,0,0,0,1715890,35.27
09/05/2025,0,0,64.1(0.00 %),0,0,0,0,1715890,35.27
12/05/2025,0,0,64.1(0.00 %),0,0,0,0,1715890,35.27
13/05/2025,0,0,58(-9.52 %),0,0,0,0,1715890,35.27
14/05/2025,0,0,51(-12.07 %),0,0,0,0,1715890,35.27
15/05/2025,0,0,51(0.00 %),0,0,0,0,1715890,35.27
16/05/2025,0,0,51(0.00 %),0,0,0,0,1715890,35.27
19/05/2025,0,0,51(0.00 %),0,0,0,0,1715890,35.27
20/05/2025,0,0,51(0.00 %),0,0,0,0,1715890,35.27
21/05/2025,0,0,58.5(14.71 %),0,0,0,0,1715890,35.27
22/05/2025,0,0,58.5(0.00 %),0,0,0,0,1715890,35.27
23/05/2025,0,0,50.5(-13.68 %),0,0,0,0,1715890,35.27
26/05/2025,0,0,50.9(0.00 %),0,0,0,0,1715890,35.27
27/05/2025,0,0,52.5(3.14 %),0,0,0,0,1715890,35.27
28/05/2025,0,0,51.2(-3.94 %),0,0,0,0,1715890,35.27
29/05/2025,0,0,51.2(0.00 %),0,0,0,0,1715890,35.27
30/05/2025,0,0,51.2(0.00 %),0,0,0,0,1715890,35.27
02/06/2025,0,0,51.2(0.00 %),0,0,0,0,1715890,35.27
03/06/2025,0,0,51.5(0.59 %),0,0,0,0,1715890,35.27
04/06/2025,0,0,51.4(-4.81 %),0,0,0,0,1715890,35.27
05/06/2025,0,0,51.4(0.00 %),0,0,0,0,1715890,35.27
06/06/2025,0,0,51.3(-0.19 %),0,0,0,0,1715890,35.27
09/06/2025,0,0,51.3(0.00 %),0,0,0,0,1715890,35.27
10/06/2025,0,0,51.3(0.00 %),0,0,0,0,1715890,35.27
11/06/2025,-300,-15390000,51.3(0.00 %),0,0,300,15390000,1715890,35.27
12/06/2025,-300,-15390000,51.3(0.00 %),0,0,300,15390000,1715890,35.27
13/06/2025,-500,-25750000,51.3(0.00 %),0,0,500,25750000,1716190,35.27
16/06/2025,-500,-26000000,43.7(-14.98 %),0,0,500,26000000,1716490,35.27
17/06/2025,-400,-20800000,52(4.84 %),0,0,400,20800000,1716990,35.26
18/06/2025,0,0,52(0.00 %),0,0,0,0,1717490,35.26
19/06/2025,0,0,52(0.00 %),0,0,0,0,1717890,35.26
20/06/2025,0,0,51.4(-1.15 %),0,0,0,0,1717890,35.26
23/06/2025,0,0,51.4(0.00 %),0,0,0,0,1717890,35.26
24/06/2025,0,0,53(3.11 %),0,0,0,0,1717890,35.26
25/06/2025,0,0,54(1.89 %),0,0,0,0,1717890,35.26
26/06/2025,0,0,55.5(2.78 %),0,0,0,0,1717890,35.26
27/06/2025,0,0,55.5(0.00 %),0,0,0,0,1717890,35.26
30/06/2025,0,0,55.5(0.00 %),0,0,0,0,1717890,35.26
01/07/2025,0,0,57(2.70 %),0,0,0,0,1717890,35.26
02/07/2025,0,0,57(0.00 %),0,0,0,0,1717890,35.26
03/07/2025,0,0,51.4(-9.82 %),0,0,0,0,1717890,35.26
04/07/2025,0,0,51.4(0.00 %),0,0,0,0,1717890,35.26
07/07/2025,0,0,53(3.11 %),0,0,0,0,1717890,35.26
08/07/2025,0,0,52(-1.89 %),0,0,0,0,1717890,35.26
09/07/2025,0,0,52.6(1.94 %),0,0,0,0,1717890,35.26
10/07/2025,0,0,53.2(1.14 %),0,0,0,0,1717890,35.26
11/07/2025,0,0,51.5(-3.20 %),0,0,0,0,1717890,35.26
14/07/2025,0,0,52.8(0.19 %),0,0,0,0,1717890,35.26
15/07/2025,0,0,52.9(0.38 %),0,0,0,0,1717890,35.26
16/07/2025,0,0,53.3(0.57 %),0,0,0,0,1717890,35.26
17/07/2025,0,0,53.2(-2.21 %),0,0,0,0,1717890,35.26
18/07/2025,-1400,-75600000,54(1.50 %),0,0,1400,75600000,1717890,35.26
21/07/2025,0,0,53.7(0.00 %),0,0,0,0,1717890,35.26
22/07/2025,0,0,53.7(0.00 %),0,0,0,0,1719290,35.25
23/07/2025,0,0,54.2(-0.73 %),0,0,0,0,1719290,35.25
24/07/2025,0,0,54.1(0.00 %),0,0,0,0,1719290,35.25
25/07/2025,0,0,54.1(0.00 %),0,0,0,0,1719290,35.25
28/07/2025,0,0,58.5(8.13 %),0,0,0,0,1719290,35.25
29/07/2025,0,0,56.3(-2.09 %),0,0,0,0,1719290,35.25
30/07/2025,0,0,56.5(0.36 %),0,0,0,0,1719290,35.25
31/07/2025,0,0,54(-4.42 %),0,0,0,0,1719290,35.25
01/08/2025,0,0,55(0.00 %),0,0,0,0,1719290,35.25
04/08/2025,0,0,54(-1.46 %),0,0,0,0,1719290,35.25
05/08/2025,0,0,54(0.00 %),0,0,0,0,1719290,35.25
06/08/2025,0,0,56.2(2.18 %),0,0,0,0,1719290,35.25
07/08/2025,0,0,56.5(-0.88 %),0,0,0,0,1719290,35.25
08/08/2025,0,0,57.5(1.77 %),0,0,0,0,1719290,35.25
11/08/2025,0,0,56.7(1.07 %),0,0,0,0,1719290,35.25
12/08/2025,0,0,56.5(-0.53 %),0,0,0,0,1719290,35.25
13/08/2025,0,0,56.6(-0.70 %),0,0,0,0,1719290,35.25
14/08/2025,0,0,51.5(-9.65 %),0,0,0,0,1719290,35.25
15/08/2025,0,0,57(10.68 %),0,0,0,0,1719290,35.25
18/08/2025,0,0,55.5(-2.63 %),0,0,0,0,1719290,35.25
19/08/2025,0,0,57(2.70 %),0,0,0,0,1719290,35.25
20/08/2025,0,0,57(0.53 %),0,0,0,0,1719290,35.25
21/08/2025,0,0,57(0.18 %),0,0,0,0,1719290,35.25
22/08/2025,0,0,57(0.18 %),0,0,0,0,1719290,35.25
25/08/2025,0,0,51(-9.73 %),0,0,0,0,1719290,35.25
