Ngay,KLGDRong,GTDGRong,ThayDoi,KLMua,GtMua,KLBan,GtBan,RoomConLai,DangSoHuu
20/07/2015,3650,122640000,0(0.00 %),3650,122640000,0,0,341843058,0.73
21/07/2015,100,3350000,0(0.00 %),100,3350000,0,0,341842958,0.73
22/07/2015,4200,138600000,0(0.00 %),4200,138600000,0,0,341838758,0.73
23/07/2015,0,0,0(0.00 %),0,0,0,0,341838758,0.73
24/07/2015,-79050,-2624510000,0(0.00 %),500,16550000,79550,2641060000,341917808,0.72
27/07/2015,0,0,0(0.00 %),0,0,0,0,341917808,0.72
28/07/2015,-66670,-2142593000,0(0.00 %),100,3230000,66770,2145823000,341984478,0.71
29/07/2015,-51380,-1642722000,0(0.00 %),0,0,51380,1642722000,342035858,0.7
30/07/2015,-78440,-2456060000,0(0.00 %),10,310000,78450,2456370000,342114298,0.69
31/07/2015,-232290,-7307320000,0(0.00 %),0,0,232290,7307320000,342346588,0.66
03/08/2015,-141660,-4260400000,0(0.00 %),300,9000000,141960,4269400000,341984168,0.71
04/08/2015,-116000,-3420780000,0(0.00 %),1000,29400000,117000,3450180000,342100168,0.69
05/08/2015,0,0,0(0.00 %),0,0,0,0,342100168,0.69
06/08/2015,1000,29200000,0(0.00 %),1000,29200000,0,0,342099168,0.69
07/08/2015,-89200,-2593230000,0(0.00 %),0,0,89200,2593230000,342188368,0.68
10/08/2015,-50060,-1440900000,0(0.00 %),70,2030000,50130,1442930000,342238428,0.67
11/08/2015,-49980,-1423730000,0(0.00 %),20,570000,50000,1424300000,342288408,0.66
12/08/2015,0,0,0(0.00 %),0,0,0,0,342288408,0.66
13/08/2015,0,0,0(0.00 %),0,0,0,0,342288408,0.66
14/08/2015,-83330,-2335090000,0(0.00 %),0,0,83330,2335090000,342371738,0.65
17/08/2015,0,0,0(0.00 %),0,0,0,0,342371738,0.65
18/08/2015,0,0,0(0.00 %),0,0,0,0,342371738,0.65
19/08/2015,-37320,-1000590000,0(0.00 %),0,0,37320,1000590000,342409058,0.65
20/08/2015,-98670,-2556490000,0(0.00 %),0,0,98670,2556490000,342507728,0.63
21/08/2015,-142020,-3609060000,0(0.00 %),650,16840000,142670,3625900000,342649748,0.61
24/08/2015,-171020,-4229430000,0(0.00 %),0,0,171020,4229430000,342820768,0.59
25/08/2015,-144860,-3611240000,0(0.00 %),0,0,144860,3611240000,342965628,0.57
26/08/2015,-967000,-24842500000,0(0.00 %),0,0,967000,24842500000,343932628,0.43
27/08/2015,-135860,-3758410000,0(0.00 %),0,0,135860,3758410000,344068488,0.41
28/08/2015,-128260,-3562630000,0(0.00 %),0,0,128260,3562630000,344196748,0.39
31/08/2015,-64540,-1788490000,0(0.00 %),0,0,64540,1788490000,344261288,0.39
01/09/2015,-53050,-1462480000,0(0.00 %),0,0,53050,1462480000,344436708,0.36
03/09/2015,-119040,-3292970000,0(0.00 %),0,0,119040,3292970000,344555748,0.34
04/09/2015,-108860,-3001760000,0(0.00 %),800,22000000,109660,3023760000,344664608,0.33
07/09/2015,-100600,-2804600000,0(0.00 %),0,0,100600,2804600000,344765208,0.31
08/09/2015,-30320,-842950000,0(0.00 %),75370,2117900000,105690,2960850000,344795528,0.31
09/09/2015,-80000,-2263050000,0(0.00 %),0,0,80000,2263050000,344875528,0.3
10/09/2015,0,0,0(0.00 %),0,0,0,0,344875528,0.3
11/09/2015,0,0,0(0.00 %),0,0,0,0,344875528,0.3
14/09/2015,0,0,0(0.00 %),0,0,0,0,344875528,0.3
15/09/2015,95310,2849770000,0(0.00 %),95310,2849770000,0,0,344780218,0.31
16/09/2015,4500,138600000,0(0.00 %),4500,138600000,0,0,344775718,0.31
17/09/2015,0,0,0(0.00 %),0,0,0,0,344775718,0.31
18/09/2015,0,0,0(0.00 %),0,0,0,0,344775718,0.31
21/09/2015,0,0,0(0.00 %),0,0,0,0,344775718,0.31
22/09/2015,0,0,0(0.00 %),0,0,0,0,344775718,0.31
23/09/2015,0,0,0(0.00 %),0,0,0,0,344775718,0.31
24/09/2015,0,0,0(0.00 %),0,0,0,0,344775718,0.31
25/09/2015,0,0,0(0.00 %),0,0,0,0,344775718,0.31
28/09/2015,0,0,0(0.00 %),0,0,0,0,344775718,0.31
29/09/2015,0,0,0(0.00 %),0,0,0,0,344775718,0.31
30/09/2015,0,0,0(0.00 %),0,0,0,0,344775718,0.31
01/10/2015,0,0,0(0.00 %),0,0,0,0,345157428,0.26
02/10/2015,0,0,0(0.00 %),0,0,0,0,345157428,0.26
05/10/2015,0,0,0(0.00 %),0,0,0,0,345157428,0.26
06/10/2015,0,0,0(0.00 %),0,0,0,0,345157428,0.26
07/10/2015,-3620,-104630000,0(0.00 %),30,860000,3650,105490000,345161048,0.26
08/10/2015,0,0,0(0.00 %),0,0,0,0,345161048,0.26
09/10/2015,0,0,0(0.00 %),0,0,0,0,345161048,0.26
12/10/2015,0,0,0(0.00 %),0,0,0,0,345161048,0.26
13/10/2015,0,0,0(0.00 %),0,0,0,0,345161048,0.26
14/10/2015,0,0,0(0.00 %),0,0,0,0,345161048,0.26
15/10/2015,0,0,0(0.00 %),0,0,0,0,345161048,0.26
16/10/2015,700,19860000,0(0.00 %),700,19860000,0,0,345160348,0.26
19/10/2015,0,0,0(0.00 %),0,0,0,0,345160348,0.26
20/10/2015,260,7360000,0(0.00 %),260,7360000,0,0,345160088,0.26
21/10/2015,450,12650000,0(0.00 %),450,12650000,0,0,345159638,0.26
22/10/2015,0,0,0(0.00 %),0,0,0,0,345159638,0.26
23/10/2015,0,0,0(0.00 %),0,0,0,0,345159638,0.26
26/10/2015,0,0,0(0.00 %),0,0,0,0,345159638,0.26
27/10/2015,0,0,0(0.00 %),0,0,0,0,345159638,0.26
28/10/2015,0,0,0(0.00 %),0,0,0,0,345159638,0.26
29/10/2015,0,0,0(0.00 %),0,0,0,0,345159638,0.26
30/10/2015,0,0,0(0.00 %),0,0,0,0,345159638,0.26
02/11/2015,0,0,0(0.00 %),0,0,0,0,345159638,0.26
03/11/2015,-1200,-36900000,0(0.00 %),0,0,1200,36900000,345160838,0.26
04/11/2015,0,0,0(0.00 %),0,0,0,0,345160838,0.26
05/11/2015,0,0,0(0.00 %),0,0,0,0,345160838,0.26
06/11/2015,0,0,0(0.00 %),0,0,0,0,345160838,0.26
09/11/2015,0,0,0(0.00 %),0,0,0,0,345160838,0.26
10/11/2015,0,0,0(0.00 %),0,0,0,0,345160838,0.26
11/11/2015,0,0,0(0.00 %),0,0,0,0,345160838,0.26
12/11/2015,0,0,0(0.00 %),0,0,0,0,345160838,0.26
13/11/2015,4600,141110000,0(0.00 %),5000,153300000,400,12190000,345156238,0.26
16/11/2015,0,0,0(0.00 %),0,0,0,0,345156238,0.26
17/11/2015,0,0,0(0.00 %),0,0,0,0,345156238,0.26
18/11/2015,-5000,-153000000,0(0.00 %),0,0,5000,153000000,345161238,0.26
19/11/2015,0,0,0(0.00 %),0,0,0,0,345161238,0.26
20/11/2015,0,0,0(0.00 %),0,0,0,0,345161238,0.26
23/11/2015,1000,30600000,0(0.00 %),1000,30600000,0,0,345160238,0.26
24/11/2015,300000,9197540000,0(0.00 %),300000,9197540000,0,0,344860238,0.3
25/11/2015,505000,15748250000,0(0.00 %),505000,15748250000,0,0,344355238,0.37
26/11/2015,400480,12718260000,0(0.00 %),400480,12718260000,0,0,343954758,0.43
27/11/2015,200000,6335896000,0(0.00 %),200000,6335896000,0,0,343754758,0.46
30/11/2015,1180310,36686920000,0(0.00 %),1185310,36841920000,5000,155000000,342569448,0.62
01/12/2015,2000,62000000,0(0.00 %),2000,62000000,0,0,342567448,0.62
02/12/2015,-96140,-2945880000,0(0.00 %),1000,31050000,97140,2976930000,342566448,0.62
03/12/2015,31910,977380000,0(0.00 %),135240,4128650000,103330,3151270000,342431208,0.64
04/12/2015,-66460,-1996990000,0(0.00 %),0,0,66460,1996990000,342436208,0.64
07/12/2015,-45500,-1332820000,0(0.00 %),43210,1264800000,88710,2597620000,342392998,0.65
08/12/2015,-65550,-1854190000,0(0.00 %),0,0,65550,1854190000,342490138,0.64
09/12/2015,-5740,-162940000,0(0.00 %),0,0,5740,162940000,342593468,0.62
10/12/2015,0,0,0(0.00 %),0,0,0,0,342659928,0.61
11/12/2015,0,0,0(0.00 %),0,0,0,0,342748638,0.6
14/12/2015,0,0,0(0.00 %),0,0,0,0,342814188,0.59
15/12/2015,0,0,0(0.00 %),0,0,0,0,342819928,0.59
16/12/2015,0,0,0(0.00 %),0,0,0,0,342819928,0.59
17/12/2015,0,0,0(0.00 %),0,0,0,0,342819928,0.59
18/12/2015,0,0,0(0.00 %),0,0,0,0,342819928,0.59
21/12/2015,0,0,0(0.00 %),0,0,0,0,342819928,0.59
22/12/2015,0,0,0(0.00 %),0,0,0,0,342819928,0.59
23/12/2015,0,0,0(0.00 %),0,0,0,0,342819928,0.59
24/12/2015,0,0,0(0.00 %),0,0,0,0,342819928,0.59
25/12/2015,0,0,0(0.00 %),0,0,0,0,342819928,0.59
28/12/2015,0,0,0(0.00 %),0,0,0,0,342819928,0.59
29/12/2015,30000,866600000,0(0.00 %),30000,866600000,0,0,342789928,0.59
30/12/2015,0,0,0(0.00 %),0,0,0,0,342789928,0.59
31/12/2015,0,0,0(0.00 %),0,0,0,0,342789928,0.59
04/01/2016,0,0,0(0.00 %),0,0,0,0,342789928,0.59
05/01/2016,0,0,0(0.00 %),0,0,0,0,342789928,0.59
06/01/2016,-29170,-837330000,0(0.00 %),0,0,29170,837330000,342789928,0.59
07/01/2016,-30000,-864700000,0(0.00 %),0,0,30000,864700000,342789928,0.59
08/01/2016,0,0,0(0.00 %),0,0,0,0,342789928,0.59
11/01/2016,0,0,0(0.00 %),0,0,0,0,342819098,0.59
12/01/2016,0,0,0(0.00 %),0,0,0,0,342849098,0.58
13/01/2016,0,0,0(0.00 %),0,0,0,0,342849098,0.58
14/01/2016,-14850,-381590000,0(0.00 %),0,0,14850,381590000,342849098,0.58
15/01/2016,0,0,0(0.00 %),0,0,0,0,342849098,0.58
18/01/2016,0,0,0(0.00 %),0,0,0,0,342849098,0.58
19/01/2016,0,0,0(0.00 %),0,0,0,0,342863948,0.58
20/01/2016,15710,358300000,0(0.00 %),15710,358300000,0,0,342848238,0.58
21/01/2016,16500,361650000,0(0.00 %),16500,361650000,0,0,342831738,0.59
22/01/2016,30000,630000000,0(0.00 %),30000,630000000,0,0,342801738,0.59
25/01/2016,0,0,0(0.00 %),0,0,0,0,342801738,0.59
26/01/2016,0,0,0(0.00 %),0,0,0,0,342801738,0.59
27/01/2016,0,0,0(0.00 %),0,0,0,0,342801738,0.59
28/01/2016,0,0,0(0.00 %),0,0,0,0,342801738,0.59
29/01/2016,52580,809730000,0(0.00 %),52580,809730000,0,0,342749158,0.6
01/02/2016,0,0,0(0.00 %),0,0,0,0,342749158,0.6
02/02/2016,0,0,0(0.00 %),0,0,0,0,342749158,0.6
03/02/2016,0,0,0(0.00 %),0,0,0,0,342749158,0.6
04/02/2016,0,0,0(0.00 %),0,0,0,0,342749158,0.6
05/02/2016,0,0,0(0.00 %),0,0,0,0,342749158,0.6
15/02/2016,0,0,0(0.00 %),0,0,0,0,342749158,0.6
16/02/2016,30010,285100000,0(0.00 %),30010,285100000,0,0,342719148,0.6
17/02/2016,0,0,0(0.00 %),0,0,0,0,342719148,0.6
18/02/2016,0,0,0(0.00 %),0,0,0,0,342719148,0.6
19/02/2016,779860,6221440000,0(0.00 %),920830,7321010000,140970,1099570000,341798318,0.73
22/02/2016,4000,37600000,0(0.00 %),4000,37600000,0,0,341794318,0.73
23/02/2016,555000,5550000000,0(0.00 %),555000,5550000000,0,0,341239318,0.81
24/02/2016,382800,3568910000,0(0.00 %),436800,4076490000,54000,507580000,340943488,0.85
25/02/2016,-139870,-1043880000,0(0.00 %),410130,3801120000,550000,4845000000,340533358,0.91
26/02/2016,-514200,-4421610000,0(0.00 %),35800,313390000,550000,4735000000,340497558,0.92
29/02/2016,8600,70930000,0(0.00 %),20600,168330000,12000,97400000,340530958,0.91
01/03/2016,744880,6061150000,0(0.00 %),744880,6061150000,0,0,340336078,0.94
02/03/2016,697440,5689290000,0(0.00 %),709140,5783760000,11700,94470000,340176938,0.96
03/03/2016,-22700,-172040000,0(0.00 %),300,2260000,23000,174300000,340188638,0.96
04/03/2016,-153520,-1175970000,0(0.00 %),154080,1162010000,307600,2337980000,340034558,0.98
07/03/2016,10160,84210000,0(0.00 %),17160,140210000,7000,56000000,340029098,0.98
08/03/2016,227800,1846670000,0(0.00 %),231900,1880690000,4100,34020000,339820198,1.01
09/03/2016,398020,3190160000,0(0.00 %),398020,3190160000,0,0,339729778,1.03
10/03/2016,-22000,-181400000,0(0.00 %),0,0,22000,181400000,339736778,1.02
11/03/2016,97000,873000000,0(0.00 %),116000,1044000000,19000,171000000,339624878,1.04
14/03/2016,525150,4609140000,0(0.00 %),535350,4696880000,10200,87740000,339089528,1.12
15/03/2016,454290,4145750000,0(0.00 %),512590,4662120000,58300,516370000,338598938,1.19
16/03/2016,-109000,-1036200000,0(0.00 %),10000,98000000,119000,1134200000,338607938,1.18
17/03/2016,-4000,-39600000,0(0.00 %),0,0,4000,39600000,338618138,1.18
18/03/2016,6665600,66499810000,0(0.00 %),9040450,90248310000,2374850,23748500000,329635988,2.45
21/03/2016,3090,30290000,0(0.00 %),3090,30290000,0,0,329751898,2.43
22/03/2016,2300,20930000,0(0.00 %),2300,20930000,0,0,329753598,2.43
23/03/2016,0,0,0(0.00 %),0,0,0,0,332128448,2.1
24/03/2016,-15990,-150210000,0(0.00 %),1010,9290000,17000,159500000,332127438,2.1
25/03/2016,0,0,0(0.00 %),0,0,0,0,361037438,2.1
28/03/2016,0,0,0(0.00 %),0,0,0,0,361037438,2.1
29/03/2016,-93500,-796850000,0(0.00 %),13000,109700000,106500,906550000,361041438,2.1
30/03/2016,-129840,-1077410000,0(0.00 %),16300,136770000,146140,1214180000,361025138,2.1
31/03/2016,-222730,-1803250000,0(0.00 %),0,0,222730,1803250000,361025138,2.1
01/04/2016,1000,8300000,0(0.00 %),5000,39500000,4000,31200000,361126638,2.09
04/04/2016,132730,1026020000,0(0.00 %),132730,1026020000,0,0,361140048,2.08
05/04/2016,-3900,-30420000,0(0.00 %),0,0,3900,30420000,361362778,2.05
06/04/2016,17900,141410000,0(0.00 %),17900,141410000,0,0,361348878,2.05
07/04/2016,0,0,0(0.00 %),0,0,0,0,361348878,2.05
08/04/2016,3000,23100000,0(0.00 %),3000,23100000,0,0,361349778,2.05
11/04/2016,0,0,0(0.00 %),0,0,0,0,361349778,2.05
12/04/2016,3200,22080000,0(0.00 %),3200,22080000,0,0,361346578,2.06
13/04/2016,-11330,-74630000,0(0.00 %),1500,10050000,12830,84680000,361345078,2.06
14/04/2016,-175900,-1231850000,0(0.00 %),24100,168150000,200000,1400000000,361320978,2.06
15/04/2016,-203000,-1431000000,0(0.00 %),0,0,203000,1431000000,361320978,2.06
19/04/2016,312140,2123050000,0(0.00 %),369740,2514230000,57600,391180000,360964068,2.11
20/04/2016,10530,71600000,0(0.00 %),10530,71600000,0,0,361153538,2.08
21/04/2016,0,0,0(0.00 %),0,0,0,0,361356538,2.05
22/04/2016,24000,165600000,0(0.00 %),24000,165600000,0,0,361390138,2.05
25/04/2016,0,0,0(0.00 %),0,0,0,0,361390138,1.89
26/04/2016,0,0,0(0.00 %),0,0,0,0,361390138,1.89
27/04/2016,9470,77210000,0(0.00 %),15000,122000000,5530,44790000,361375138,1.89
28/04/2016,-52530,-425490000,0(0.00 %),0,0,52530,425490000,361375138,1.89
29/04/2016,269400,2289100000,0(0.00 %),269400,2289100000,0,0,361105738,1.93
04/05/2016,-5000,-41000000,0(0.00 %),0,0,5000,41000000,361111268,1.93
05/05/2016,-67580,-520260000,0(0.00 %),360,2770000,67940,523030000,361163438,1.92
06/05/2016,0,0,0(0.00 %),0,0,0,0,361163438,1.92
09/05/2016,-16000,-121600000,0(0.00 %),0,0,16000,121600000,361168438,1.92
10/05/2016,0,0,0(0.00 %),0,0,0,0,361236378,1.91
11/05/2016,0,0,0(0.00 %),0,0,0,0,361236378,1.91
12/05/2016,-4000,-30400000,0(0.00 %),0,0,4000,30400000,361252378,1.91
13/05/2016,-38430,-283410000,0(0.00 %),0,0,38430,283410000,361252378,1.91
16/05/2016,0,0,0(0.00 %),0,0,0,0,361252378,1.91
17/05/2016,-21210,-165440000,0(0.00 %),0,0,21210,165440000,361256378,1.91
18/05/2016,0,0,0(0.00 %),0,0,0,0,361294808,1.9
19/05/2016,-91010,-797080000,0(0.00 %),0,0,91010,797080000,361294808,1.9
20/05/2016,-199530,-1635240000,0(0.00 %),0,0,199530,1635240000,361316018,1.9
23/05/2016,19910,163260000,0(0.00 %),19910,163260000,0,0,361296108,1.9
24/05/2016,-81470,-661440000,0(0.00 %),150,1230000,81620,662670000,361386968,1.89
25/05/2016,0,0,0(0.00 %),0,0,0,0,361586498,1.87
26/05/2016,0,0,0(0.00 %),0,0,0,0,361586498,1.87
27/05/2016,0,0,0(0.00 %),0,0,0,0,361668118,1.86
30/05/2016,46040,381328000,0(0.00 %),46040,381328000,0,0,361622078,1.86
31/05/2016,-1271740,-10359066000,0(0.00 %),0,0,1271740,10359066000,362893818,1.7
01/06/2016,2000,16200000,0(0.00 %),2000,16200000,0,0,361620078,1.86
02/06/2016,0,0,0(0.00 %),0,0,0,0,361620078,1.86
03/06/2016,0,0,0(0.00 %),0,0,0,0,362891818,1.7
06/06/2016,200,1700000,0(0.00 %),200,1700000,0,0,362891618,1.7
07/06/2016,5200,44700000,0(0.00 %),5200,44700000,0,0,362886418,1.7
08/06/2016,9850,86680000,0(0.00 %),10000,88000000,150,1320000,362876418,1.7
09/06/2016,0,0,0(0.00 %),0,0,0,0,362876418,1.7
10/06/2016,-14000,-124600000,0(0.00 %),0,0,14000,124600000,362876418,1.7
13/06/2016,-71250,-605350000,0(0.00 %),10400,89480000,81650,694830000,362866168,1.7
14/06/2016,-2000,-16800000,0(0.00 %),0,0,2000,16800000,362866168,1.7
15/06/2016,1500,12900000,0(0.00 %),1500,12900000,0,0,362878668,1.7
16/06/2016,-200,-1760000,0(0.00 %),0,0,200,1760000,362960318,1.69
17/06/2016,404040,3434340000,0(0.00 %),404040,3434340000,0,0,362558278,1.74
20/06/2016,-34280,-288450000,0(0.00 %),0,0,34280,288450000,362558278,1.74
21/06/2016,0,0,0(0.00 %),0,0,0,0,362558478,1.74
22/06/2016,0,0,0(0.00 %),0,0,0,0,362558478,1.74
23/06/2016,0,0,0(0.00 %),0,0,0,0,362592758,1.73
24/06/2016,6400,54480000,0(0.00 %),10000,84000000,3600,29520000,362582758,1.74
27/06/2016,0,0,0(0.00 %),0,0,0,0,362582758,1.74
28/06/2016,0,0,0(0.00 %),0,0,0,0,362582758,1.74
29/06/2016,10000,80000000,0(0.00 %),10000,80000000,0,0,362576358,1.74
30/06/2016,60000,489000000,0(0.00 %),60000,489000000,0,0,362516358,1.74
01/07/2016,20000,162000000,0(0.00 %),20000,162000000,0,0,362496358,1.75
04/07/2016,-460,-3680000,0(0.00 %),0,0,460,3680000,362496358,1.75
05/07/2016,0,0,0(0.00 %),0,0,0,0,362496358,1.75
06/07/2016,80060,639800000,0(0.00 %),99230,791240000,19170,151440000,362397128,1.76
07/07/2016,-16910,-135280000,0(0.00 %),0,0,16910,135280000,362397588,1.76
08/07/2016,150,1170000,0(0.00 %),150,1170000,0,0,362397438,1.76
11/07/2016,5400,38980000,0(0.00 %),5400,38980000,0,0,362397438,1.76
12/07/2016,0,0,0(0.00 %),0,0,0,0,362428118,1.76
13/07/2016,0,0,0(0.00 %),0,0,0,0,362428118,1.76
14/07/2016,200,1460000,0(0.00 %),200,1460000,0,0,362427918,1.76
15/07/2016,0,0,0(0.00 %),0,0,0,0,362427918,1.76
18/07/2016,0,0,0(0.00 %),0,0,0,0,362427918,1.76
19/07/2016,10000,72000000,0(0.00 %),10000,72000000,0,0,362417918,1.76
20/07/2016,-15700,-109900000,0(0.00 %),0,0,15700,109900000,362417918,1.76
21/07/2016,0,0,0(0.00 %),0,0,0,0,362417918,1.76
22/07/2016,0,0,0(0.00 %),0,0,0,0,362417918,1.76
25/07/2016,0,0,0(0.00 %),0,0,0,0,362433618,1.76
26/07/2016,0,0,0(0.00 %),0,0,0,0,362433618,1.76
27/07/2016,0,0,0(0.00 %),0,0,0,0,362433618,1.76
28/07/2016,0,0,0(0.00 %),0,0,0,0,362433618,1.76
29/07/2016,0,0,0(0.00 %),0,0,0,0,362433618,1.76
01/08/2016,0,0,0(0.00 %),0,0,0,0,362433618,1.76
02/08/2016,2000,13400000,0(0.00 %),2000,13400000,0,0,362431618,1.76
03/08/2016,0,0,0(0.00 %),0,0,0,0,362431618,1.76
04/08/2016,-94000,-591100000,0(0.00 %),0,0,94000,591100000,362431618,1.76
05/08/2016,-140600,-788920000,0(0.00 %),200,1160000,140800,790080000,362431418,1.76
08/08/2016,-66600,-384490000,0(0.00 %),27340,155840000,93940,540330000,362404078,1.76
09/08/2016,0,0,0(0.00 %),0,0,0,0,362498078,1.75
10/08/2016,-200,-1260000,0(0.00 %),0,0,200,1260000,362638878,1.73
11/08/2016,-22580,-150540000,0(0.00 %),7420,50460000,30000,201000000,362725398,1.72
12/08/2016,-100,-700000,0(0.00 %),0,0,100,700000,362725398,1.72
15/08/2016,2000,15200000,0(0.00 %),2000,15200000,0,0,362723598,1.72
16/08/2016,-3000,-23600000,0(0.00 %),0,0,3000,23600000,362753598,1.71
17/08/2016,671000,4898300000,0(0.00 %),671000,4898300000,0,0,362082698,1.8
18/08/2016,400,2810000,0(0.00 %),400,2810000,0,0,362082298,1.8
19/08/2016,0,0,0(0.00 %),0,0,0,0,362085298,1.8
22/08/2016,707880,5326100000,0(0.00 %),707880,5326100000,0,0,361377418,1.89
23/08/2016,-12730,-92930000,0(0.00 %),0,0,12730,92930000,361377418,1.89
24/08/2016,0,0,0(0.00 %),0,0,0,0,361377418,1.89
25/08/2016,19490,138380000,0(0.00 %),19490,138380000,0,0,361357928,1.9
26/08/2016,0,0,0(0.00 %),0,0,0,0,361370658,1.89
29/08/2016,6000,47700000,0(0.00 %),6000,47700000,0,0,361364658,1.89
30/08/2016,0,0,0(0.00 %),0,0,0,0,361364658,1.89
31/08/2016,0,0,0(0.00 %),0,0,0,0,361364658,1.89
01/09/2016,470,3430000,0(0.00 %),470,3430000,0,0,361364188,1.89
05/09/2016,-3500,-22710000,0(0.00 %),2000,13590000,5500,36300000,361362188,1.9
06/09/2016,200,1360000,0(0.00 %),200,1360000,0,0,361361988,1.9
07/09/2016,0,0,0(0.00 %),0,0,0,0,361361988,1.9
08/09/2016,150,1020000,0(0.00 %),150,1020000,0,0,361367338,1.89
09/09/2016,16790,112490000,0(0.00 %),16790,112490000,0,0,361350548,1.9
12/09/2016,0,0,0(0.00 %),0,0,0,0,361350548,1.9
13/09/2016,0,0,0(0.00 %),0,0,0,0,361350548,1.9
14/09/2016,-127090,-806730000,0(0.00 %),2450,15850000,129540,822580000,361348098,1.9
15/09/2016,210,1230000,0(0.00 %),2210,14810000,2000,13580000,361345888,1.9
16/09/2016,-317620,-2010640000,0(0.00 %),393420,2454940000,711040,4465580000,361345888,1.9
19/09/2016,-781080,-4545740000,0(0.00 %),260,1520000,781340,4547260000,361475168,1.88
20/09/2016,-832670,-4550210000,0(0.00 %),4650,26490000,837320,4576700000,361472518,1.88
21/09/2016,0,0,0(0.00 %),0,0,0,0,361790138,1.84
22/09/2016,0,0,0(0.00 %),0,0,0,0,362571478,1.74
23/09/2016,150,840000,0(0.00 %),150,840000,0,0,363408648,1.63
26/09/2016,100,540000,0(0.00 %),100,540000,0,0,363408548,1.63
27/09/2016,-20,-110000,0(0.00 %),30,170000,50,280000,363408518,1.63
28/09/2016,-35900,-218960000,0(0.00 %),40,250000,35940,219210000,363408478,1.63
29/09/2016,180,1090000,0(0.00 %),180,1090000,0,0,363408298,1.63
30/09/2016,-310,-1740000,0(0.00 %),90,510000,400,2250000,363408258,1.63
03/10/2016,-81850,-450280000,0(0.00 %),8030,44450000,89880,494730000,363436168,1.62
04/10/2016,2050,12690000,0(0.00 %),17050,95190000,15000,82500000,363419118,1.63
05/10/2016,-8860,-49790000,0(0.00 %),0,0,8860,49790000,363419518,1.63
06/10/2016,-20250,-113410000,0(0.00 %),0,0,20250,113410000,363509398,1.62
07/10/2016,-2000,-11260000,0(0.00 %),0,0,2000,11260000,363524398,1.61
10/10/2016,-5000,-28150000,0(0.00 %),0,0,5000,28150000,363533258,1.61
11/10/2016,-4030,-22170000,0(0.00 %),0,0,4030,22170000,363553508,1.61
12/10/2016,0,0,0(0.00 %),0,0,0,0,363555508,1.61
13/10/2016,-3280,-18520000,0(0.00 %),20,110000,3300,18630000,363560488,1.61
14/10/2016,-35570,-222770000,0(0.00 %),0,0,35570,222770000,363564518,1.61
17/10/2016,-50,-330000,0(0.00 %),0,0,50,330000,363564518,1.61
18/10/2016,-3000,-19350000,0(0.00 %),0,0,3000,19350000,363567818,1.61
19/10/2016,31920,200630000,0(0.00 %),33980,213400000,2060,12770000,363569408,1.61
20/10/2016,9370,58090000,0(0.00 %),9370,58090000,0,0,363560088,1.61
21/10/2016,10,60000,0(0.00 %),10,60000,0,0,363563078,1.61
24/10/2016,15900,99130000,0(0.00 %),15900,99130000,0,0,363549238,1.61
25/10/2016,-32300,-198750000,0(0.00 %),0,0,32300,198750000,363549238,1.61
26/10/2016,-41120,-247130000,0(0.00 %),0,0,41120,247130000,363549238,1.61
27/10/2016,0,0,0(0.00 %),0,0,0,0,363549238,1.61
28/10/2016,5000,31250000,0(0.00 %),5000,31250000,0,0,363576538,1.61
31/10/2016,11000,66900000,0(0.00 %),11000,66900000,0,0,363606658,1.6
01/11/2016,9030,53500000,0(0.00 %),9030,53500000,0,0,363597628,1.6
02/11/2016,910,4600000,0(0.00 %),14000,84470000,13090,79870000,363583628,1.61
03/11/2016,-34560,-202320000,0(0.00 %),20,120000,34580,202440000,363583608,1.61
04/11/2016,0,0,0(0.00 %),0,0,0,0,363583608,1.61
07/11/2016,0,0,0(0.00 %),0,0,0,0,363596698,1.6
08/11/2016,10010,60960000,0(0.00 %),10010,60960000,0,0,363621268,1.6
09/11/2016,-4970,-29220000,0(0.00 %),5800,34180000,10770,63400000,363615468,1.6
10/11/2016,5250,31780000,0(0.00 %),5250,31780000,0,0,363610218,1.6
11/11/2016,-84250,-545130000,0(0.00 %),440,2840000,84690,547970000,363609778,1.6
14/11/2016,-90710,-581230000,0(0.00 %),150,970000,90860,582200000,363620398,1.6
15/11/2016,-10000,-63600000,0(0.00 %),0,0,10000,63600000,363620398,1.6
16/11/2016,0,0,0(0.00 %),0,0,0,0,363705088,1.59
17/11/2016,140,970000,0(0.00 %),140,970000,0,0,363795808,1.58
18/11/2016,-900,-5860000,0(0.00 %),3100,21260000,4000,27120000,363802708,1.58
21/11/2016,-6610,-46200000,0(0.00 %),80,560000,6690,46760000,363802628,1.58
22/11/2016,0,0,0(0.00 %),20,150000,20,150000,363802608,1.58
23/11/2016,1750,12760000,0(0.00 %),4250,31290000,2500,18530000,363802358,1.58
24/11/2016,20,150000,0(0.00 %),20,150000,0,0,363809028,1.58
25/11/2016,1770,13230000,0(0.00 %),1770,13230000,0,0,363807278,1.58
28/11/2016,-74430,-528610000,0(0.00 %),240,1710000,74670,530320000,363809538,1.58
29/11/2016,-104310,-748720000,0(0.00 %),20,140000,104330,748860000,363809518,1.58
30/11/2016,-72780,-497200000,0(0.00 %),110,750000,72890,497950000,363809408,1.58
01/12/2016,-68760,-467240000,0(0.00 %),20,140000,68780,467380000,363884058,1.57
02/12/2016,-66990,-425850000,0(0.00 %),20,130000,67010,425980000,363988368,1.55
05/12/2016,-65080,-412150000,0(0.00 %),0,0,65080,412150000,364061258,1.54
06/12/2016,-75370,-469040000,0(0.00 %),0,0,75370,469040000,364130038,1.53
07/12/2016,-72870,-441660000,0(0.00 %),0,0,72870,441660000,364197048,1.53
08/12/2016,-59740,-366740000,0(0.00 %),0,0,59740,366740000,364262128,1.52
09/12/2016,-64690,-398270000,0(0.00 %),70,430000,64760,398700000,364337428,1.51
12/12/2016,-71750,-455320000,0(0.00 %),0,0,71750,455320000,364410298,1.5
13/12/2016,-99410,-617540000,0(0.00 %),0,0,99410,617540000,364470038,1.49
14/12/2016,-64750,-427200000,0(0.00 %),0,0,64750,427200000,364534798,1.48
15/12/2016,-63040,-434240000,0(0.00 %),1700,11730000,64740,445970000,364604848,1.47
16/12/2016,-6078860,-41867050000,0(0.00 %),10000,69000000,6088860,41936050000,364823748,1.44
19/12/2016,0,0,0(0.00 %),0,0,0,0,364759008,1.45
20/12/2016,0,0,0(0.00 %),0,0,0,0,364823748,1.44
21/12/2016,-10800,-72360000,0(0.00 %),0,0,10800,72360000,370912608,0.65
22/12/2016,0,0,0(0.00 %),0,0,0,0,370912608,0.65
23/12/2016,0,0,0(0.00 %),0,0,0,0,370912608,0.65
26/12/2016,-1690,-10850000,0(0.00 %),810,5180000,2500,16030000,370922588,0.65
27/12/2016,-3660,-22690000,0(0.00 %),0,0,3660,22690000,370922588,0.65
28/12/2016,10,60000,0(0.00 %),10,60000,0,0,370922588,0.65
29/12/2016,0,0,0(0.00 %),0,0,0,0,370925088,0.65
30/12/2016,10,60000,0(0.00 %),10,60000,0,0,370928738,0.65
03/01/2017,-1700,-10710000,0(0.00 %),0,0,1700,10710000,370928738,0.65
04/01/2017,0,0,0(0.00 %),0,0,0,0,370928738,0.65
05/01/2017,0,0,0(0.00 %),0,0,0,0,370928738,0.65
06/01/2017,0,0,0(0.00 %),0,0,0,0,370930438,0.65
09/01/2017,0,0,0(0.00 %),0,0,0,0,370930438,0.65
10/01/2017,0,0,0(0.00 %),0,0,0,0,370930438,0.65
11/01/2017,0,0,0(0.00 %),0,0,0,0,370930438,0.65
12/01/2017,22000,143000000,0(0.00 %),22000,143000000,0,0,370908438,0.65
13/01/2017,0,0,0(0.00 %),0,0,0,0,370908438,0.65
16/01/2017,0,0,0(0.00 %),0,0,0,0,370908438,0.65
17/01/2017,0,0,0(0.00 %),0,0,0,0,370908438,0.65
18/01/2017,3000,19050000,0(0.00 %),3000,19050000,0,0,370905438,0.65
19/01/2017,15000,94300000,0(0.00 %),15000,94300000,0,0,370890438,0.65
20/01/2017,-22000,-140570000,0(0.00 %),0,0,22000,140570000,370890438,0.65
23/01/2017,0,0,0(0.00 %),0,0,0,0,370890438,0.65
24/01/2017,-600,-4240000,0(0.00 %),0,0,600,4240000,370890438,0.65
25/01/2017,-105100,-766590000,0(0.00 %),0,0,105100,766590000,370912438,0.65
02/02/2017,-178650,-1390300000,0(0.00 %),0,0,178650,1390300000,370912438,0.65
03/02/2017,-109960,-864560000,0(0.00 %),10,80000,109970,864640000,370913028,0.65
06/02/2017,0,0,0(0.00 %),0,0,0,0,371018128,0.64
07/02/2017,-26000,-226200000,0(0.00 %),0,0,26000,226200000,371196778,0.61
08/02/2017,3340,29100000,0(0.00 %),3390,29540000,50,440000,371303358,0.6
09/02/2017,30050,243430000,0(0.00 %),30050,243430000,0,0,371273308,0.6
10/02/2017,10990,87410000,0(0.00 %),11040,87830000,50,420000,371288268,0.6
13/02/2017,-30,-300000,0(0.00 %),50,420000,80,720000,371288268,0.6
14/02/2017,7090,64070000,0(0.00 %),20150,185080000,13060,121010000,371268118,0.6
15/02/2017,0,0,0(0.00 %),0,0,0,0,371268168,0.6
16/02/2017,20030,193630000,0(0.00 %),30030,290430000,10000,96800000,371238218,0.61
17/02/2017,10,90000,0(0.00 %),10,90000,0,0,371251268,0.61
20/02/2017,100,920000,0(0.00 %),100,920000,0,0,371251168,0.61
21/02/2017,240,2340000,0(0.00 %),240,2340000,0,0,371260928,0.6
22/02/2017,20080,188340000,0(0.00 %),20080,188340000,0,0,371240848,0.61
23/02/2017,30000,279650000,0(0.00 %),30000,279650000,0,0,371210848,0.61
24/02/2017,50,440000,0(0.00 %),50,440000,0,0,371210798,0.61
27/02/2017,80,720000,0(0.00 %),80,720000,0,0,371195628,0.61
28/02/2017,15090,136230000,0(0.00 %),15090,136230000,0,0,371195628,0.61
01/03/2017,0,0,0(0.00 %),0,0,0,0,371195628,0.61
02/03/2017,-171260,-1495290000,0(0.00 %),0,0,171260,1495290000,371195628,0.61
03/03/2017,-8000,-71040000,0(0.00 %),0,0,8000,71040000,371195628,0.61
06/03/2017,-40,-370000,0(0.00 %),0,0,40,370000,371195628,0.61
07/03/2017,0,0,0(0.00 %),0,0,0,0,371366888,0.59
08/03/2017,-5000,-45750000,0(0.00 %),0,0,5000,45750000,371374888,0.59
09/03/2017,100,910000,0(0.00 %),100,910000,0,0,371374828,0.59
10/03/2017,-28480,-266240000,0(0.00 %),500,4720000,28980,270960000,371374328,0.59
13/03/2017,-50,-460000,0(0.00 %),0,0,50,460000,371379328,0.59
14/03/2017,19940,184840000,0(0.00 %),20040,185770000,100,930000,371359288,0.59
15/03/2017,0,0,0(0.00 %),0,0,0,0,371388268,0.59
16/03/2017,-160,-1580000,0(0.00 %),100,980000,260,2560000,371388218,0.59
17/03/2017,55250,560460000,0(0.00 %),55500,563030000,250,2570000,371388218,0.59
20/03/2017,56860,587230000,0(0.00 %),56860,587230000,0,0,371388218,0.59
21/03/2017,420,4360000,0(0.00 %),420,4360000,0,0,371388218,0.59
22/03/2017,-60280,-669940000,0(0.00 %),10040,107420000,70320,777360000,371388218,0.59
23/03/2017,-130,-1520000,0(0.00 %),0,0,130,1520000,371388218,0.59
24/03/2017,-2740,-32240000,0(0.00 %),80,930000,2820,33170000,371388218,0.59
27/03/2017,-150,-1770000,0(0.00 %),50,580000,200,2350000,371388218,0.59
28/03/2017,100790,1264740000,0(0.00 %),101540,1274350000,750,9610000,371388218,0.59
29/03/2017,-59470,-698840000,0(0.00 %),530,6210000,60000,705050000,371388218,0.59
30/03/2017,-54170,-615580000,0(0.00 %),830,9670000,55000,625250000,371388218,0.59
31/03/2017,160,1820000,0(0.00 %),160,1820000,0,0,371388218,0.59
03/04/2017,50,570000,0(0.00 %),50,570000,0,0,371296988,0.6
04/04/2017,19780,259750000,0(0.00 %),50010,607620000,30230,347870000,371301978,0.6
05/04/2017,40,460000,0(0.00 %),100,1200000,60,740000,371301878,0.6
07/04/2017,-310,-3550000,0(0.00 %),190,2200000,500,5750000,371301688,0.6
10/04/2017,-50,-600000,0(0.00 %),0,0,50,600000,371331918,0.6
11/04/2017,-1040,-12480000,0(0.00 %),10,120000,1050,12600000,371331968,0.6
12/04/2017,-89840,-970170000,0(0.00 %),160,1750000,90000,971920000,371332308,0.6
13/04/2017,-50000,-534850000,0(0.00 %),0,0,50000,534850000,371332358,0.6
14/04/2017,-140000,-1475180000,0(0.00 %),0,0,140000,1475180000,371333408,0.6
17/04/2017,0,0,0(0.00 %),0,0,0,0,371423408,0.58
18/04/2017,210,2240000,0(0.00 %),210,2240000,0,0,371473198,0.58
19/04/2017,90,950000,0(0.00 %),90,950000,0,0,371613108,0.56
20/04/2017,-50,-550000,0(0.00 %),0,0,50,550000,371613108,0.56
21/04/2017,-90,-1000000,0(0.00 %),0,0,90,1000000,371613108,0.56
24/04/2017,138900,1626190000,0(0.00 %),139000,1627350000,100,1160000,371474108,0.58
25/04/2017,0,0,0(0.00 %),0,0,0,0,371474158,0.58
26/04/2017,-90510,-1072600000,0(0.00 %),180,2070000,90690,1074670000,371474068,0.58
27/04/2017,70,840000,0(0.00 %),100,1200000,30,360000,371474068,0.58
28/04/2017,-190100,-2230380000,0(0.00 %),20,230000,190120,2230610000,371474048,0.58
03/05/2017,-210,-2470000,0(0.00 %),0,0,210,2470000,371564738,0.57
04/05/2017,51420,632710000,0(0.00 %),51930,638940000,510,6230000,371512838,0.57
05/05/2017,-129030,-1527060000,0(0.00 %),20,240000,129050,1527300000,371702938,0.55
08/05/2017,160,1810000,0(0.00 %),160,1810000,0,0,371702988,0.55
09/05/2017,289860,3139700000,0(0.00 %),303510,3289490000,13650,149790000,371399988,0.59
10/05/2017,-2210,-24880000,0(0.00 %),20,220000,2230,25100000,371529018,0.57
11/05/2017,-46960,-515570000,0(0.00 %),40,440000,47000,516010000,371528978,0.57
12/05/2017,-90680,-1004590000,0(0.00 %),0,0,90680,1004590000,371542628,0.57
15/05/2017,-300490,-3403110000,0(0.00 %),0,0,300490,3403110000,371544858,0.57
16/05/2017,41780,484460000,0(0.00 %),44200,512900000,2420,28440000,371547658,0.57
17/05/2017,4700,54290000,0(0.00 %),4700,54290000,0,0,371633638,0.56
18/05/2017,10,110000,0(0.00 %),10,110000,0,0,371934118,0.52
19/05/2017,2820,32570000,0(0.00 %),2840,32800000,20,230000,371933698,0.52
22/05/2017,-600,-7090000,0(0.00 %),0,0,600,7090000,371933698,0.52
23/05/2017,-9930,-114700000,0(0.00 %),70,800000,10000,115500000,371933628,0.52
24/05/2017,3180,36110000,0(0.00 %),6020,68630000,2840,32520000,371927628,0.52
25/05/2017,0,0,0(0.00 %),0,0,0,0,371928228,0.52
26/05/2017,-1500,-17180000,0(0.00 %),0,0,1500,17180000,371938228,0.52
29/05/2017,3500,40950000,0(0.00 %),3500,40950000,0,0,371937568,0.52
30/05/2017,3540,40000000,0(0.00 %),6540,73900000,3000,33900000,371931028,0.52
31/05/2017,-42810,-466630000,0(0.00 %),0,0,42810,466630000,371932528,0.52
01/06/2017,-3000,-32650000,0(0.00 %),0,0,3000,32650000,371932528,0.52
02/06/2017,260,2840000,0(0.00 %),260,2840000,0,0,371935268,0.52
05/06/2017,13760,146950000,0(0.00 %),13760,146950000,0,0,371964318,0.51
06/06/2017,-48700,-496760000,0(0.00 %),200,2020000,48900,498780000,371967118,0.51
07/06/2017,0,0,0(0.00 %),0,0,0,0,371967118,0.51
08/06/2017,100,1000000,0(0.00 %),100,1000000,0,0,371967018,0.51
09/06/2017,1220,11250000,0(0.00 %),1220,11250000,0,0,372014698,0.51
12/06/2017,-90,-850000,0(0.00 %),0,0,90,850000,372014698,0.51
13/06/2017,0,0,0(0.00 %),0,0,0,0,372014698,0.51
14/06/2017,171520,1702970000,0(0.00 %),171930,1706980000,410,4010000,371842768,0.53
15/06/2017,230300,2418670000,0(0.00 %),230300,2418670000,0,0,371612558,0.56
16/06/2017,980,10330000,0(0.00 %),980,10330000,0,0,371611578,0.56
19/06/2017,0,0,0(0.00 %),0,0,0,0,371611988,0.56
20/06/2017,-3860,-39950000,0(0.00 %),140,1450000,4000,41400000,371611848,0.56
21/06/2017,100,1000000,0(0.00 %),100,1000000,0,0,371611748,0.56
22/06/2017,-17430,-191220000,0(0.00 %),13120,135820000,30550,327040000,371598628,0.56
23/06/2017,-14000,-154030000,0(0.00 %),0,0,14000,154030000,371602628,0.56
26/06/2017,20030,220340000,0(0.00 %),20030,220340000,0,0,371582598,0.56
27/06/2017,80,860000,0(0.00 %),80,860000,0,0,371627068,0.56
28/06/2017,-100,-1070000,0(0.00 %),0,0,100,1070000,371627068,0.56
29/06/2017,0,0,0(0.00 %),0,0,0,0,371627068,0.56
30/06/2017,0,0,0(0.00 %),0,0,0,0,371627068,0.56
03/07/2017,4430,46740000,0(0.00 %),4430,46740000,0,0,371622738,0.56
04/07/2017,100,1040000,0(0.00 %),100,1040000,0,0,371622638,0.56
05/07/2017,22000,225500000,0(0.00 %),22000,225500000,0,0,371600638,0.56
06/07/2017,1000,10150000,0(0.00 %),1000,10150000,0,0,371599638,0.56
07/07/2017,970,9690000,0(0.00 %),1000,10000000,30,310000,371598638,0.56
10/07/2017,470,4670000,0(0.00 %),470,4670000,0,0,371578198,0.56
11/07/2017,20000,198000000,0(0.00 %),20000,198000000,0,0,371578168,0.56
12/07/2017,2000,20600000,0(0.00 %),2000,20600000,0,0,371576198,0.56
13/07/2017,0,0,0(0.00 %),0,0,0,0,371576198,0.56
14/07/2017,90,940000,0(0.00 %),90,940000,0,0,371576108,0.56
17/07/2017,70,710000,0(0.00 %),70,710000,0,0,371576038,0.56
18/07/2017,100,1000000,0(0.00 %),100,1000000,0,0,371575938,0.56
19/07/2017,0,0,0(0.00 %),0,0,0,0,371575938,0.56
20/07/2017,0,0,0(0.00 %),0,0,0,0,371575938,0.56
21/07/2017,130,1280000,0(0.00 %),130,1280000,0,0,371575808,0.56
24/07/2017,210,2020000,0(0.00 %),210,2020000,0,0,371575598,0.56
25/07/2017,20000,194200000,0(0.00 %),20000,194200000,0,0,371555598,0.57
26/07/2017,11380,111260000,0(0.00 %),11380,111260000,0,0,371531498,0.57
27/07/2017,8720,86300000,0(0.00 %),12720,126220000,4000,39920000,371531498,0.57
28/07/2017,1400050,14000500000,0(0.00 %),1400050,14000500000,0,0,370131448,0.75
31/07/2017,400,4120000,0(0.00 %),400,4120000,0,0,370131048,0.75
01/08/2017,410,4440000,0(0.00 %),410,4440000,0,0,370134638,0.75
02/08/2017,100,1030000,0(0.00 %),100,1030000,0,0,370134538,0.75
03/08/2017,500,5100000,0(0.00 %),500,5100000,0,0,370134038,0.75
04/08/2017,200,2000000,0(0.00 %),200,2000000,0,0,370133838,0.75
07/08/2017,-8910,-88400000,0(0.00 %),1090,10900000,10000,99300000,370132748,0.75
08/08/2017,0,0,0(0.00 %),0,0,0,0,370132748,0.75
09/08/2017,690,6770000,0(0.00 %),690,6770000,0,0,370132058,0.75
10/08/2017,100,960000,0(0.00 %),100,960000,0,0,370141958,0.75
11/08/2017,800,7550000,0(0.00 %),800,7550000,0,0,370141158,0.75
14/08/2017,10,90000,0(0.00 %),10,90000,0,0,370141148,0.75
15/08/2017,391280,3711960000,0(0.00 %),391280,3711960000,0,0,369749868,0.8
16/08/2017,29200,277400000,0(0.00 %),30200,286910000,1000,9510000,369719668,0.81
17/08/2017,300300,2829200000,0(0.00 %),300300,2829200000,0,0,369419368,0.84
18/08/2017,-699900,-6971080000,0(0.00 %),100,920000,700000,6972000000,369419268,0.84
21/08/2017,300,2850000,0(0.00 %),300,2850000,0,0,369419968,0.84
22/08/2017,100,940000,0(0.00 %),100,940000,0,0,369419868,0.84
23/08/2017,86020,795640000,0(0.00 %),86020,795640000,0,0,370033848,0.76
24/08/2017,110000,1026630000,0(0.00 %),110000,1026630000,0,0,369923848,0.78
25/08/2017,10000,94130000,0(0.00 %),10000,94130000,0,0,369913848,0.78
28/08/2017,200,1890000,0(0.00 %),200,1890000,0,0,369913648,0.78
29/08/2017,70,670000,0(0.00 %),70,670000,0,0,369913578,0.78
30/08/2017,10,100000,0(0.00 %),10,100000,0,0,369913568,0.78
31/08/2017,0,0,0(0.00 %),0,0,0,0,369913568,0.78
01/09/2017,0,0,0(0.00 %),0,0,0,0,369913568,0.78
05/09/2017,130,1210000,0(0.00 %),130,1210000,0,0,369913438,0.78
06/09/2017,220,2010000,0(0.00 %),220,2010000,0,0,370043218,0.76
07/09/2017,20,180000,0(0.00 %),20,180000,0,0,370043198,0.76
08/09/2017,200,1830000,0(0.00 %),200,1830000,0,0,370042998,0.76
11/09/2017,750,6820000,0(0.00 %),750,6820000,0,0,370042248,0.76
12/09/2017,1200,10790000,0(0.00 %),1200,10790000,0,0,370041048,0.76
13/09/2017,500,4480000,0(0.00 %),500,4480000,0,0,370040548,0.76
14/09/2017,114750,1043210000,0(0.00 %),114750,1043210000,0,0,369925798,0.78
15/09/2017,109500,996960000,0(0.00 %),109500,996960000,0,0,369816298,0.79
18/09/2017,110140,1004430000,0(0.00 %),110140,1004430000,0,0,369706158,0.81
19/09/2017,195000,1779710000,0(0.00 %),195000,1779710000,0,0,369511158,0.83
20/09/2017,131850,1230860000,0(0.00 %),131850,1230860000,0,0,369379308,0.85
21/09/2017,140390,1344760000,0(0.00 %),140390,1344760000,0,0,369238918,0.87
22/09/2017,75000,716320000,0(0.00 %),75000,716320000,0,0,369163918,0.88
25/09/2017,121530,1163840000,0(0.00 %),121530,1163840000,0,0,369042388,0.89
26/09/2017,150300,1481720000,0(0.00 %),160800,1588720000,10500,107000000,368881588,0.91
27/09/2017,265780,2702490000,0(0.00 %),295780,3014490000,30000,312000000,368585808,0.95
28/09/2017,115420,1158030000,0(0.00 %),115420,1158030000,0,0,368470388,0.97
29/09/2017,-604540,-6344570000,0(0.00 %),95460,935430000,700000,7280000000,368385428,0.98
02/10/2017,123170,1187230000,0(0.00 %),123170,1187230000,0,0,368292258,0.99
03/10/2017,48140,454240000,0(0.00 %),48140,454240000,0,0,368244118,1.0
04/10/2017,100,950000,0(0.00 %),100,950000,0,0,368944018,0.91
05/10/2017,0,0,0(0.00 %),0,0,0,0,368944018,0.91
06/10/2017,30,290000,0(0.00 %),30,290000,0,0,368943988,0.91
09/10/2017,200,1950000,0(0.00 %),200,1950000,0,0,368943788,0.91
10/10/2017,10420,101480000,0(0.00 %),20000,194600000,9580,93120000,368923788,0.91
11/10/2017,50,480000,0(0.00 %),50,480000,0,0,368923738,0.91
12/10/2017,127990,1224400000,0(0.00 %),127990,1224400000,0,0,368795748,0.93
13/10/2017,120,1150000,0(0.00 %),120,1150000,0,0,368805208,0.92
16/10/2017,0,0,0(0.00 %),0,0,0,0,368805208,0.92
17/10/2017,-10000,-95000000,0(0.00 %),0,0,10000,95000000,368805208,0.92
18/10/2017,-25000,-234650000,0(0.00 %),0,0,25000,234650000,368805208,0.92
19/10/2017,0,0,0(0.00 %),0,0,0,0,368805208,0.92
20/10/2017,0,0,0(0.00 %),0,0,0,0,368815208,0.92
23/10/2017,0,0,0(0.00 %),0,0,0,0,368840208,0.92
24/10/2017,113510,1020870000,0(0.00 %),113510,1020870000,0,0,368726698,0.94
25/10/2017,50,460000,0(0.00 %),50,460000,0,0,368726648,0.94
26/10/2017,-29950,-272240000,0(0.00 %),50,460000,30000,272700000,368726598,0.94
27/10/2017,152880,1387840000,0(0.00 %),182880,1657840000,30000,270000000,368543718,0.96
30/10/2017,10000,90900000,0(0.00 %),10000,90900000,0,0,368533718,0.96
31/10/2017,0,0,0(0.00 %),0,0,0,0,368563718,0.96
01/11/2017,-650630,-6109950000,0(0.00 %),0,0,650630,6109950000,368593718,0.95
02/11/2017,510300,4719260000,0(0.00 %),510300,4719260000,0,0,368083418,1.02
03/11/2017,40160,345380000,0(0.00 %),40160,345380000,0,0,368043258,1.02
06/11/2017,59280,495420000,0(0.00 %),59280,495420000,0,0,368634608,0.95
07/11/2017,320010,2741440000,0(0.00 %),320010,2741440000,0,0,368314598,0.99
08/11/2017,123080,1035860000,0(0.00 %),123080,1035860000,0,0,368191518,1.0
09/11/2017,132000,1104260000,0(0.00 %),132000,1104260000,0,0,368059518,1.02
10/11/2017,180,1510000,0(0.00 %),180,1510000,0,0,368059338,1.02
13/11/2017,-29840,-250230000,0(0.00 %),160,1350000,30000,251580000,368059178,1.02
14/11/2017,90,750000,0(0.00 %),90,750000,0,0,368059088,1.02
15/11/2017,-28870,-237020000,0(0.00 %),30,250000,28900,237270000,368059058,1.02
16/11/2017,81360,704350000,0(0.00 %),81360,704350000,0,0,368007698,1.03
17/11/2017,300890,2791230000,0(0.00 %),300890,2791230000,0,0,367706808,1.07
20/11/2017,390,3540000,0(0.00 %),390,3540000,0,0,367735318,1.06
21/11/2017,640,5680000,0(0.00 %),640,5680000,0,0,367734678,1.06
22/11/2017,144890,1289650000,0(0.00 %),144890,1289650000,0,0,367589788,1.08
23/11/2017,100560,911040000,0(0.00 %),100560,911040000,0,0,367489228,1.1
24/11/2017,50100,463940000,0(0.00 %),50100,463940000,0,0,367439128,1.1
27/11/2017,480000,4518020000,0(0.00 %),480000,4518020000,0,0,366959128,1.17
28/11/2017,473560,4432160000,0(0.00 %),473560,4432160000,0,0,366485568,1.23
29/11/2017,375030,3505240000,0(0.00 %),375030,3505240000,0,0,366110538,1.28
30/11/2017,517690,4829410000,0(0.00 %),575940,5371720000,58250,542310000,365534598,1.35
01/12/2017,462280,4303460000,0(0.00 %),463030,4310450000,750,6990000,365071568,1.41
04/12/2017,444540,4121760000,0(0.00 %),446540,4140320000,2000,18560000,364625028,1.47
05/12/2017,281240,2633980000,0(0.00 %),281240,2633980000,0,0,364402038,1.5
06/12/2017,150100,1445100000,0(0.00 %),150100,1445100000,0,0,364252688,1.52
07/12/2017,163900,1641350000,0(0.00 %),165000,1652350000,1100,11000000,364089688,1.54
08/12/2017,495510,4952000000,0(0.00 %),496400,4960940000,890,8940000,363593288,1.6
11/12/2017,233970,2299780000,0(0.00 %),289580,2839200000,55610,539420000,363303708,1.64
12/12/2017,273660,2604010000,0(0.00 %),273660,2604010000,0,0,363031148,1.68
13/12/2017,150000,1439210000,0(0.00 %),150000,1439210000,0,0,362882038,1.7
14/12/2017,112170,1067530000,0(0.00 %),112170,1067530000,0,0,362825478,1.7
15/12/2017,360500,3454270000,0(0.00 %),360500,3454270000,0,0,362464978,1.75
18/12/2017,-5500,-55130000,0(0.00 %),15000,148350000,20500,203480000,362449978,1.75
19/12/2017,85000,828920000,0(0.00 %),100000,973740000,15000,144820000,362349978,1.77
20/12/2017,0,0,0(0.00 %),0,0,0,0,362349978,1.77
21/12/2017,0,0,0(0.00 %),0,0,0,0,362370478,1.76
22/12/2017,169150,1586650000,0(0.00 %),169150,1586650000,0,0,362216328,1.78
25/12/2017,18000,170020000,0(0.00 %),18000,170020000,0,0,362198328,1.79
26/12/2017,-200,-1920000,0(0.00 %),0,0,200,1920000,362198328,1.79
27/12/2017,19000,181220000,0(0.00 %),19000,181220000,0,0,362179328,1.79
28/12/2017,400,3820000,0(0.00 %),400,3820000,0,0,362178928,1.79
29/12/2017,53880,506490000,0(0.00 %),53880,506490000,0,0,362125248,1.8
02/01/2018,200100,1879640000,0(0.00 %),200100,1879640000,0,0,361925148,1.82
03/01/2018,100000,940000000,0(0.00 %),100000,940000000,0,0,361825148,1.83
04/01/2018,51000,480950000,0(0.00 %),51000,480950000,0,0,361774148,1.84
05/01/2018,18500,177290000,0(0.00 %),20000,191800000,1500,14510000,361754148,1.84
08/01/2018,10,100000,0(0.00 %),10,100000,0,0,361754138,1.84
09/01/2018,11000,102290000,0(0.00 %),11000,102290000,0,0,361743138,1.85
10/01/2018,-841770,-7758630000,0(0.00 %),373630,3423050000,1215400,11181680000,361371008,1.89
11/01/2018,-623630,-5621710000,0(0.00 %),82970,756900000,706600,6378610000,361288038,1.9
12/01/2018,-427300,-3793830000,0(0.00 %),6700,59790000,434000,3853620000,361281338,1.91
15/01/2018,-237000,-2136010000,0(0.00 %),0,0,237000,2136010000,362496738,1.75
16/01/2018,10200,95650000,0(0.00 %),10400,97560000,200,1910000,363192938,1.66
17/01/2018,331380,3185820000,0(0.00 %),331380,3185820000,0,0,363295558,1.64
18/01/2018,-1900,-17550000,0(0.00 %),600,5650000,2500,23200000,363531958,1.61
19/01/2018,-64460,-607760000,0(0.00 %),100,930000,64560,608690000,363532058,1.61
22/01/2018,-10910,-100490000,0(0.00 %),290,2660000,11200,103150000,363531768,1.61
25/01/2018,93910,835230000,0(0.00 %),170200,1515790000,76290,680560000,363439828,1.62
26/01/2018,0,0,0(0.00 %),0,0,0,0,363439828,1.62
29/01/2018,187920,1669870000,0(0.00 %),187920,1669870000,0,0,363251908,1.65
30/01/2018,70000,608650000,0(0.00 %),70000,608650000,0,0,363258198,1.65
31/01/2018,-511440,-4411460000,0(0.00 %),9450,82850000,520890,4494310000,363248748,1.65
01/02/2018,2450,21100000,0(0.00 %),2450,21100000,0,0,363246298,1.65
02/02/2018,20,170000,0(0.00 %),20,170000,0,0,363246278,1.65
05/02/2018,100,800000,0(0.00 %),100,800000,0,0,363767068,1.58
06/02/2018,-480,-3450000,0(0.00 %),0,0,480,3450000,363767068,1.58
07/02/2018,-86720,-630270000,0(0.00 %),0,0,86720,630270000,363767068,1.58
08/02/2018,72000,483000000,0(0.00 %),72000,483000000,0,0,363695068,1.59
09/02/2018,419150,2527200000,0(0.00 %),1350680,8428240000,931530,5901040000,362344868,1.77
12/02/2018,61480,378260000,0(0.00 %),61480,378260000,0,0,362370108,1.76
13/02/2018,10120,64150000,0(0.00 %),10120,64150000,0,0,362359988,1.77
21/02/2018,-9980,-65870000,0(0.00 %),20,130000,10000,66000000,363291498,1.64
22/02/2018,-1260,-8060000,0(0.00 %),0,0,1260,8060000,363291498,1.64
23/02/2018,0,0,0(0.00 %),0,0,0,0,363291498,1.64
26/02/2018,6820,42280000,0(0.00 %),6820,42280000,0,0,363294678,1.64
27/02/2018,1050,6460000,0(0.00 %),1050,6460000,0,0,363294888,1.64
28/02/2018,-382000,-2377640000,0(0.00 %),0,0,382000,2377640000,363294888,1.64
01/03/2018,-19990,-125140000,0(0.00 %),10,60000,20000,125200000,363294878,1.64
02/03/2018,0,0,0(0.00 %),0,0,0,0,363294878,1.64
05/03/2018,-53500,-348680000,0(0.00 %),3500,22750000,57000,371430000,363673378,1.59
06/03/2018,0,0,0(0.00 %),0,0,0,0,363693378,1.59
07/03/2018,20000,149000000,0(0.00 %),20000,149000000,0,0,363673378,1.59
08/03/2018,13480,108240000,0(0.00 %),43610,347280000,30130,239040000,363686768,1.59
09/03/2018,10000,83010000,0(0.00 %),10000,83010000,0,0,363676768,1.59
12/03/2018,-650,-5300000,0(0.00 %),9750,80600000,10400,85900000,363667018,1.59
13/03/2018,-8000,-65840000,0(0.00 %),0,0,8000,65840000,363697148,1.59
14/03/2018,130,1120000,0(0.00 %),130,1120000,0,0,363697018,1.59
15/03/2018,-114270,-1055790000,0(0.00 %),1500,13640000,115770,1069430000,363705918,1.59
16/03/2018,-20550,-186950000,0(0.00 %),6460,59110000,27010,246060000,363707458,1.59
19/03/2018,-103440,-848890000,0(0.00 %),0,0,103440,848890000,363707458,1.59
20/03/2018,9950,84520000,0(0.00 %),10080,85600000,130,1080000,363813148,1.58
21/03/2018,0,0,0(0.00 %),0,0,0,0,363840158,1.57
22/03/2018,508620,4480900000,0(0.00 %),508620,4480900000,0,0,363434978,1.62
23/03/2018,26220,238380000,0(0.00 %),30000,272640000,3780,34260000,422058108,1.41
26/03/2018,727700,6722210000,0(0.00 %),780000,7206370000,52300,484160000,421278108,1.5
27/03/2018,365880,3360980000,0(0.00 %),365880,3360980000,0,0,420912228,1.54
28/03/2018,1250,11220000,0(0.00 %),1250,11220000,0,0,420914758,1.54
29/03/2018,10000,89000000,0(0.00 %),10000,89000000,0,0,420957058,1.53
30/03/2018,120,1070000,0(0.00 %),120,1070000,0,0,420956938,1.53
02/04/2018,8000,71680000,0(0.00 %),30000,254500000,22000,182820000,420926938,1.54
03/04/2018,19000,172790000,0(0.00 %),20000,181400000,1000,8610000,420906938,1.54
04/04/2018,0,0,0(0.00 %),0,0,0,0,420906938,1.54
05/04/2018,30000,272100000,0(0.00 %),30000,272100000,0,0,420898938,1.54
06/04/2018,19650,179970000,0(0.00 %),20000,183200000,350,3230000,420879938,1.54
09/04/2018,-750,-6760000,0(0.00 %),400,3620000,1150,10380000,420879538,1.54
10/04/2018,-194940,-1728530000,0(0.00 %),0,0,194940,1728530000,420879538,1.54
11/04/2018,-7500,-65330000,0(0.00 %),0,0,7500,65330000,420879888,1.54
12/04/2018,-41750,-350260000,0(0.00 %),0,0,41750,350260000,420881038,1.54
13/04/2018,-8250,-69440000,0(0.00 %),0,0,8250,69440000,421075978,1.52
16/04/2018,0,0,0(0.00 %),0,0,0,0,421083478,1.52
17/04/2018,84500,768380000,0(0.00 %),100000,910260000,15500,141880000,421025228,1.53
18/04/2018,-14710,-110140000,0(0.00 %),100000,907050000,114710,1017190000,420933478,1.54
19/04/2018,-13990,-123210000,0(0.00 %),0,0,13990,123210000,420933478,1.54
20/04/2018,10,90000,0(0.00 %),10,90000,0,0,420948968,1.53
23/04/2018,0,0,0(0.00 %),0,0,0,0,421063678,1.52
24/04/2018,0,0,0(0.00 %),0,0,0,0,421077668,1.52
26/04/2018,0,0,0(0.00 %),0,0,0,0,421077668,1.52
27/04/2018,122490,1065660000,0(0.00 %),122490,1065660000,0,0,420955178,1.53
02/05/2018,-190,-1630000,0(0.00 %),0,0,190,1630000,420955178,1.53
03/05/2018,0,0,0(0.00 %),0,0,0,0,420955178,1.53
04/05/2018,2000,17440000,0(0.00 %),2000,17440000,0,0,420953178,1.53
07/05/2018,0,0,0(0.00 %),0,0,0,0,420953368,1.53
08/05/2018,1000,8700000,0(0.00 %),1000,8700000,0,0,420952368,1.53
09/05/2018,100,860000,0(0.00 %),100,860000,0,0,420952268,1.53
10/05/2018,200,1740000,0(0.00 %),200,1740000,0,0,420952068,1.53
11/05/2018,0,0,0(0.00 %),0,0,0,0,420952068,1.53
14/05/2018,0,0,0(0.00 %),0,0,0,0,420952068,1.53
15/05/2018,200,1700000,0(0.00 %),200,1700000,0,0,420951868,1.53
16/05/2018,0,0,0(0.00 %),0,0,0,0,420951868,1.53
17/05/2018,0,0,0(0.00 %),0,0,0,0,420951868,1.53
18/05/2018,0,0,0(0.00 %),0,0,0,0,420951868,1.53
21/05/2018,0,0,0(0.00 %),0,0,0,0,420951868,1.53
22/05/2018,-3040,-25540000,0(0.00 %),0,0,3040,25540000,420951868,1.53
23/05/2018,-20000,-164000000,0(0.00 %),0,0,20000,164000000,420951868,1.53
24/05/2018,0,0,0(0.00 %),0,0,0,0,420951868,1.53
25/05/2018,0,0,0(0.00 %),0,0,0,0,420954908,1.53
28/05/2018,0,0,0(0.00 %),0,0,0,0,420974908,1.53
29/05/2018,0,0,0(0.00 %),0,0,0,0,420974908,1.53
30/05/2018,0,0,0(0.00 %),0,0,0,0,420974908,1.53
31/05/2018,-194490,-1445860000,0(0.00 %),0,0,194490,1445860000,420974908,1.53
01/06/2018,0,0,0(0.00 %),0,0,0,0,420974908,1.53
04/06/2018,-910,-7180000,0(0.00 %),890,7210000,1800,14390000,420974018,1.53
05/06/2018,0,0,0(0.00 %),0,0,0,0,421168508,1.51
06/06/2018,-28010,-240890000,0(0.00 %),10000,86000000,38010,326890000,421158508,1.51
07/06/2018,-139990,-1204060000,0(0.00 %),10,90000,140000,1204150000,421160298,1.51
08/06/2018,-211990,-1823110000,0(0.00 %),0,0,211990,1823110000,421160298,1.51
11/06/2018,10,90000,0(0.00 %),10,90000,0,0,421198298,1.51
12/06/2018,-16960,-144840000,0(0.00 %),0,0,16960,144840000,421338298,1.49
13/06/2018,-379990,-3267960000,0(0.00 %),10,90000,380000,3268050000,421550278,1.47
14/06/2018,-1500,-13710000,0(0.00 %),0,0,1500,13710000,421550278,1.47
15/06/2018,46650,426870000,0(0.00 %),46650,426870000,0,0,421520588,1.47
18/06/2018,94050,874860000,0(0.00 %),94050,874860000,0,0,421806538,1.44
19/06/2018,2400,20880000,0(0.00 %),2400,20880000,0,0,421805638,1.44
20/06/2018,-720000,-6696100000,0(0.00 %),0,0,720000,6696100000,421805638,1.44
21/06/2018,0,0,0(0.00 %),0,0,0,0,421805638,1.44
22/06/2018,0,0,0(0.00 %),0,0,0,0,421805638,1.44
25/06/2018,-1075000,-10234290000,0(0.00 %),10000,95700000,1085000,10329990000,422515638,1.36
26/06/2018,1780,16740000,0(0.00 %),2380,22610000,600,5870000,422513258,1.36
27/06/2018,-7800000,-78000000000,0(0.00 %),0,0,7800000,78000000000,422513258,1.36
28/06/2018,-55510,-538720000,0(0.00 %),0,0,55510,538720000,423598258,1.24
29/06/2018,4000,41000000,0(0.00 %),4000,41000000,0,0,423594858,1.24
02/07/2018,-600,-6230000,0(0.00 %),0,0,600,6230000,431394858,0.36
03/07/2018,-8700,-90460000,0(0.00 %),0,0,8700,90460000,431450368,0.35
04/07/2018,0,0,0(0.00 %),0,0,0,0,431450368,0.35
05/07/2018,6000,63000000,0(0.00 %),6000,63000000,0,0,431444968,0.35
06/07/2018,-1470,-16060000,0(0.00 %),0,0,1470,16060000,431453668,0.35
09/07/2018,-10400,-118550000,0(0.00 %),500,5730000,10900,124280000,431453168,0.35
10/07/2018,-600,-7080000,0(0.00 %),0,0,600,7080000,431453168,0.35
11/07/2018,108660,1242370000,0(0.00 %),108860,1244650000,200,2280000,431345778,0.36
12/07/2018,72870,853670000,0(0.00 %),73270,858370000,400,4700000,431283408,0.37
13/07/2018,-200,-2360000,0(0.00 %),0,0,200,2360000,431284008,0.37
16/07/2018,-25800,-312850000,0(0.00 %),0,0,25800,312850000,431284208,0.37
17/07/2018,1400,18040000,0(0.00 %),1700,21760000,300,3720000,431282908,0.37
18/07/2018,-29760,-381910000,0(0.00 %),0,0,29760,381910000,431312668,0.0
19/07/2018,-43940,-610360000,0(0.00 %),30270,417730000,74210,1028090000,431278638,0.37
20/07/2018,395950,5978640000,0(0.00 %),418250,6312550000,22300,333910000,430860688,0.42
23/07/2018,-109450,-1584295000,0(0.00 %),0,0,109450,1584295000,430970138,0.0
24/07/2018,300,4930000,0(0.00 %),500,8150000,200,3220000,430964158,0.4
25/07/2018,48620,783500000,0(0.00 %),50620,817300000,2000,33800000,430935838,0.41
26/07/2018,-157500,-2447590000,0(0.00 %),3000,47420000,160500,2495010000,431042288,0.4
27/07/2018,-20500,-307930000,0(0.00 %),0,0,20500,307930000,431042488,0.4
30/07/2018,5150,88142500,0(0.00 %),5450,93242500,300,5100000,431037338,0.0
31/07/2018,-30200,-519305000,0(0.00 %),1000,17200000,31200,536505000,431067538,0.0
01/08/2018,-9720,-136791500,0(0.00 %),60480,1020516000,70200,1157307500,371388218,0.59
02/08/2018,-400,-6730000,0(0.00 %),0,0,400,6730000,431158858,0.38
03/08/2018,-1000,-16900000,0(0.00 %),0,0,1000,16900000,431159858,0.0
06/08/2018,-25180,-409272000,0(0.00 %),0,0,25180,409272000,431185038,0.0
07/08/2018,0,0,0(0.00 %),0,0,0,0,431185038,0.0
08/08/2018,1960,31752000,0(0.00 %),3060,49872000,1100,18120000,431183078,0.0
09/08/2018,1000,16100000,0(0.00 %),1000,16100000,0,0,431282778,0.37
10/08/2018,0,0,0(0.00 %),0,0,0,0,431282778,0.37
13/08/2018,-15000,-227500000,0(0.00 %),0,0,15000,227500000,431283878,0.37
14/08/2018,-1000,-15550000,0(0.00 %),0,0,1000,15550000,431283878,0.37
15/08/2018,0,0,0(0.00 %),0,0,0,0,431283878,0.37
16/08/2018,0,0,0(0.00 %),0,0,0,0,431298878,0.37
17/08/2018,70,1023000,0(0.00 %),70,1023000,0,0,431298808,0.0
20/08/2018,-29300,-455570000,0(0.00 %),20700,314430000,50000,770000000,431328108,0.0
21/08/2018,-17600,-283050000,0(0.00 %),6500,104000000,24100,387050000,431345708,0.0
22/08/2018,37000,594910000,0(0.00 %),43700,702200000,6700,107290000,431228908,0.37
23/08/2018,0,0,0(0.00 %),0,0,0,0,431278908,0.37
24/08/2018,0,0,0(0.00 %),0,0,0,0,431278908,0.0
27/08/2018,-10000,-159500000,0(0.00 %),0,0,10000,159500000,431309708,0.37
28/08/2018,0,0,0(0.00 %),0,0,0,0,431309708,0.37
29/08/2018,0,0,0(0.00 %),0,0,0,0,431309708,0.37
30/08/2018,8900,151850000,0(0.00 %),9000,153550000,100,1700000,431310708,0.37
31/08/2018,11280,195570000,0(0.00 %),12000,207990000,720,12420000,431298708,0.37
04/09/2018,0,0,0(0.00 %),0,0,0,0,371388218,0.59
05/09/2018,-15100,-270470000,0(0.00 %),6000,107200000,21100,377670000,371403318,0.59
06/09/2018,1600,28640000,0(0.00 %),1600,28640000,0,0,371401718,0.59
07/09/2018,-4700,-78725000,0(0.00 %),0,0,4700,78725000,371406418,0.59
10/09/2018,0,0,0(0.00 %),0,0,0,0,431313028,0.37
11/09/2018,-10220,-174480000,0(0.00 %),0,0,10220,174480000,431313028,0.37
12/09/2018,0,0,0(0.00 %),0,0,0,0,431317728,0.36
13/09/2018,450,7520000,0(0.00 %),450,7520000,0,0,431317278,0.36
14/09/2018,300,5070000,0(0.00 %),300,5070000,0,0,431327198,0.36
17/09/2018,-10000,-168250000,0(0.00 %),0,0,10000,168250000,431327198,0.36
18/09/2018,-24000,-398920000,0(0.00 %),0,0,24000,398920000,431327198,0.36
19/09/2018,-20070,-337170000,0(0.00 %),0,0,20070,337170000,431327198,0.36
20/09/2018,-11800,-195840000,0(0.00 %),200,3360000,12000,199200000,431336998,0.36
21/09/2018,0,0,0(0.00 %),0,0,0,0,431360998,0.36
24/09/2018,-5000,-83250000,0(0.00 %),0,0,5000,83250000,431365998,0.42
25/09/2018,0,0,0(0.00 %),0,0,0,0,431365998,0.42
26/09/2018,0,0,0(0.00 %),0,0,0,0,431365998,0.42
27/09/2018,0,0,0(0.00 %),0,0,0,0,431365998,0.42
28/09/2018,-1000,-16750000,0(0.00 %),0,0,1000,16750000,431366998,0.42
01/10/2018,0,0,0(0.00 %),0,0,0,0,431418068,0.41
02/10/2018,0,0,0(0.00 %),0,0,0,0,431418068,0.41
03/10/2018,0,0,0(0.00 %),0,0,0,0,431418068,0.41
04/10/2018,0,0,0(0.00 %),0,0,0,0,431418068,0.41
05/10/2018,0,0,0(0.00 %),0,0,0,0,431418068,0.41
08/10/2018,0,0,0(0.00 %),0,0,0,0,431419068,0.35
09/10/2018,7000,112700000,0(0.00 %),7000,112700000,0,0,431412068,0.35
10/10/2018,-2170,-34937000,0(0.00 %),0,0,2170,34937000,431414238,0.41
11/10/2018,-18730,-279917000,0(0.00 %),0,0,18730,279917000,431432968,0.41
12/10/2018,7000,106400000,0(0.00 %),7000,106400000,0,0,431425968,0.41
15/10/2018,-100,-1530000,0(0.00 %),0,0,100,1530000,431407238,0.35
16/10/2018,0,0,0(0.00 %),0,0,0,0,431407238,0.41
17/10/2018,-20,-301000,0(0.00 %),0,0,20,301000,431407258,0.41
18/10/2018,0,0,0(0.00 %),0,0,0,0,431426068,0.35
19/10/2018,-100,-1555000,0(0.00 %),0,0,100,1555000,431426168,0.41
22/10/2018,-2600,-40940000,0(0.00 %),0,0,2600,40940000,431426088,0.35
23/10/2018,-16560,-259992000,0(0.00 %),0,0,16560,259992000,431442648,0.41
24/10/2018,-14000,-212397500,0(0.00 %),0,0,14000,212397500,431456648,0.4
25/10/2018,0,0,0(0.00 %),0,0,0,0,431456648,0.4
26/10/2018,0,0,0(0.00 %),0,0,0,0,431445348,0.35
29/10/2018,-183440,-2647590000,0(0.00 %),0,0,183440,2647590000,431459348,0.35
30/10/2018,0,0,0(0.00 %),0,0,0,0,431459348,0.4
31/10/2018,-200,-2800000,0(0.00 %),0,0,200,2800000,431459548,0.4
01/11/2018,0,0,0(0.00 %),0,0,0,0,431642788,0.33
02/11/2018,-200,-2930000,0(0.00 %),0,0,200,2930000,431642988,0.38
05/11/2018,0,0,0(0.00 %),0,0,0,0,431642988,0.33
06/11/2018,-100,-1530000,0(0.00 %),0,0,100,1530000,431643088,0.38
07/11/2018,0,0,0(0.00 %),0,0,0,0,431643188,0.33
08/11/2018,-100,-1560000,0(0.00 %),0,0,100,1560000,431643288,0.38
09/11/2018,0,0,0(0.00 %),0,0,0,0,431643288,0.33
12/11/2018,-22000,-357500000,0(0.00 %),0,0,22000,357500000,431643288,0.33
13/11/2018,0,0,0(0.00 %),0,0,0,0,431643288,0.38
14/11/2018,0,0,0(0.00 %),0,0,0,0,431643288,0.38
15/11/2018,0,0,0(0.00 %),0,0,0,0,431643288,0.38
16/11/2018,0,0,0(0.00 %),0,0,0,0,431643288,0.38
19/11/2018,0,0,0(0.00 %),0,0,0,0,431665388,0.33
20/11/2018,0,0,0(0.00 %),0,0,0,0,431665388,0.33
21/11/2018,0,0,0(0.00 %),0,0,0,0,431665388,0.33
22/11/2018,0,0,0(0.00 %),0,0,0,0,431665388,0.33
23/11/2018,0,0,0(0.00 %),0,0,0,0,431665388,0.38
26/11/2018,0,0,0(0.00 %),0,0,0,0,431665388,0.38
27/11/2018,0,0,0(0.00 %),0,0,0,0,431665388,0.38
28/11/2018,-1000,-16500000,0(0.00 %),0,0,1000,16500000,431665388,0.33
29/11/2018,90,1490500,0(0.00 %),100,1655000,10,164500,431665298,0.38
30/11/2018,0,0,0(0.00 %),0,0,0,0,431665298,0.38
03/12/2018,0,0,0(0.00 %),0,0,0,0,431666288,0.38
04/12/2018,0,0,0(0.00 %),0,0,0,0,431666288,0.38
05/12/2018,0,0,0(0.00 %),0,0,0,0,431666288,0.38
06/12/2018,15000,244500000,0(0.00 %),15000,244500000,0,0,431651288,0.38
07/12/2018,21010,347665000,0(0.00 %),21010,347665000,0,0,431630278,0.38
10/12/2018,286140,4878520000,0(0.00 %),289140,4929670000,3000,51150000,431341148,0.36
11/12/2018,333600,5670340000,0(0.00 %),363600,6177690000,30000,507350000,430977548,0.4
12/12/2018,295210,4962289000,0(0.00 %),295210,4962289000,0,0,430682338,0.5
13/12/2018,287730,4809654500,0(0.00 %),291430,4871629500,3700,61975000,430394608,0.54
14/12/2018,229210,3840968500,0(0.00 %),229210,3840968500,0,0,430165398,0.57
17/12/2018,221120,3664065500,0(0.00 %),221620,3672415500,500,8350000,429944278,0.6
18/12/2018,298090,4828090000,0(0.00 %),338090,5469940000,40000,641850000,429638688,0.55
19/12/2018,-500,-8150000,0(0.00 %),0,0,500,8150000,429639188,0.64
20/12/2018,0,0,0(0.00 %),0,0,0,0,429639188,0.55
21/12/2018,1402000,22011400000,0(0.00 %),2200000,34540000000,798000,12528600000,427479188,0.8
24/12/2018,-100840,-1572950000,0(0.00 %),0,0,100840,1572950000,427479688,0.8
25/12/2018,95960,1479910000,0(0.00 %),109520,1687920000,13560,208010000,427370168,0.81
26/12/2018,938330,15027275500,0(0.00 %),1135910,18137257500,197580,3109982000,426431838,1.06
27/12/2018,-13650,-211078500,0(0.00 %),0,0,13650,211078500,426445488,1.06
28/12/2018,-83710,-1327010000,0(0.00 %),0,0,83710,1327010000,427146658,0.84
02/01/2019,-28090,-444969500,0(0.00 %),0,0,28090,444969500,427357888,0.94
03/01/2019,-18300,-282002500,0(0.00 %),0,0,18300,282002500,427376188,0.94
04/01/2019,-84000,-1281410000,0(0.00 %),0,0,84000,1281410000,427441598,0.8
07/01/2019,-44520,-682045500,0(0.00 %),0,0,44520,682045500,427486118,0.92
08/01/2019,-31070,-472060000,0(0.00 %),0,0,31070,472060000,427487988,0.8
09/01/2019,-18860,-282806000,0(0.00 %),0,0,18860,282806000,427506848,0.92
10/01/2019,0,0,0(0.00 %),0,0,0,0,427616508,0.78
11/01/2019,10,151000,0(0.00 %),10,151000,0,0,427616498,0.9
14/01/2019,-44660,-665000000,0(0.00 %),0,0,44660,665000000,427666428,0.78
15/01/2019,10970,160391500,0(0.00 %),28970,418016500,18000,257625000,427655458,0.9
16/01/2019,-83000,-1192523000,0(0.00 %),0,0,83000,1192523000,427738458,0.89
17/01/2019,-109150,-1559840000,0(0.00 %),0,0,109150,1559840000,427682118,0.77
18/01/2019,-90480,-1278790000,0(0.00 %),0,0,90480,1278790000,427700118,0.77
21/01/2019,-7480,-104720000,0(0.00 %),0,0,7480,104720000,427783118,0.76
22/01/2019,-144470,-2005100000,0(0.00 %),15060,213000000,159530,2218100000,427877208,0.75
23/01/2019,10250,147130000,0(0.00 %),10250,147130000,0,0,427957438,0.74
24/01/2019,0,0,0(0.00 %),0,0,0,0,427964918,0.74
25/01/2019,200,2840000,0(0.00 %),200,2840000,0,0,428124248,0.72
28/01/2019,21560,306850000,0(0.00 %),21560,306850000,0,0,428102688,0.73
29/01/2019,51580,735110000,0(0.00 %),51580,735110000,0,0,428051108,0.73
30/01/2019,0,0,0(0.00 %),0,0,0,0,428051108,0.73
31/01/2019,8830,124490000,0(0.00 %),13390,189560000,4560,65070000,428037718,0.73
01/02/2019,0,0,0(0.00 %),0,0,0,0,428037718,0.73
11/02/2019,0,0,0(0.00 %),0,0,0,0,428037718,0.85
12/02/2019,0,0,0(0.00 %),0,0,0,0,428042278,0.73
13/02/2019,-26250,-403961500,0(0.00 %),0,0,26250,403961500,428063968,0.85
14/02/2019,92490,1428910000,0(0.00 %),92490,1428910000,0,0,427949788,0.74
15/02/2019,40650,630842500,0(0.00 %),40650,630842500,0,0,427930828,0.86
18/02/2019,65060,1020920000,0(0.00 %),73810,1156410000,8750,135490000,427861578,0.75
19/02/2019,79190,1237420000,0(0.00 %),88210,1378330000,9020,140910000,427773368,0.76
20/02/2019,18010,280110000,0(0.00 %),18010,280110000,0,0,427755358,0.77
21/02/2019,126820,1976022000,0(0.00 %),137490,2141331500,10670,165309500,427641748,0.9
22/02/2019,30370,474160000,0(0.00 %),40640,633980000,10270,159820000,427594998,0.78
25/02/2019,88100,1404150000,0(0.00 %),88200,1405720000,100,1570000,427506798,0.79
26/02/2019,-9680,-152744000,0(0.00 %),0,0,9680,152744000,427532958,0.92
27/02/2019,0,0,0(0.00 %),0,0,0,0,427532958,0.92
28/02/2019,36490,568500000,0(0.00 %),36490,568500000,0,0,427491348,0.8
01/03/2019,78350,1238353500,0(0.00 %),78350,1238353500,0,0,427501028,0.92
04/03/2019,-33100,-523830000,0(0.00 %),0,0,33100,523830000,427422678,0.8
05/03/2019,0,0,0(0.00 %),0,0,0,0,427534128,0.92
06/03/2019,-175350,-2788200000,0(0.00 %),35210,559840000,210560,3348040000,427387468,0.81
07/03/2019,-6650,-104880000,0(0.00 %),2350,37320000,9000,142200000,427418218,0.8
08/03/2019,-9800,-153430000,0(0.00 %),0,0,9800,153430000,427418218,0.8
11/03/2019,0,0,0(0.00 %),0,0,0,0,427760678,0.89
12/03/2019,0,0,0(0.00 %),0,0,0,0,427760678,0.89
13/03/2019,0,0,0(0.00 %),0,0,0,0,427760678,0.89
14/03/2019,-5060,-76203000,0(0.00 %),0,0,5060,76203000,427765738,0.88
15/03/2019,212970,3194320000,0(0.00 %),213970,3209320000,1000,15000000,427433608,0.8
18/03/2019,0,0,0(0.00 %),0,0,0,0,427552768,0.91
19/03/2019,89000,1332460000,0(0.00 %),94710,1417720000,5710,85260000,427343958,0.81
20/03/2019,-5600,-83401000,0(0.00 %),0,0,5600,83401000,427469368,0.92
21/03/2019,13400,200690000,0(0.00 %),13400,200690000,0,0,427331558,0.81
22/03/2019,-3850,-57550000,0(0.00 %),1860,27900000,5710,85450000,427335408,0.81
25/03/2019,13010,199660000,0(0.00 %),18100,280810000,5090,81150000,427322908,0.82
26/03/2019,6000,100300000,0(0.00 %),6000,100300000,0,0,427440808,0.93
27/03/2019,4580,71840000,0(0.00 %),4580,71840000,0,0,427318038,0.82
28/03/2019,107330,1648090500,0(0.00 %),118880,1825023000,11550,176932500,427328898,0.94
29/03/2019,1980,30783000,0(0.00 %),4980,76683000,3000,45900000,427326918,0.94
01/04/2019,-5370,-82450000,0(0.00 %),4660,72000000,10030,154450000,427194608,0.83
02/04/2019,-10140,-156720000,0(0.00 %),0,0,10140,156720000,427206158,0.83
03/04/2019,-50380,-761693000,0(0.00 %),0,0,50380,761693000,427259788,0.95
04/04/2019,-10370,-157130000,0(0.00 %),0,0,10370,157130000,427270158,0.95
05/04/2019,-2540,-39042500,0(0.00 %),0,0,2540,39042500,427272698,0.82
08/04/2019,0,0,0(0.00 %),0,0,0,0,427279708,0.82
09/04/2019,-5000,-76250000,0(0.00 %),0,0,5000,76250000,427290078,0.82
10/04/2019,0,0,0(0.00 %),0,0,0,0,427292618,0.82
11/04/2019,-1030,-15604500,0(0.00 %),0,0,1030,15604500,427278728,0.82
12/04/2019,0,0,0(0.00 %),0,0,0,0,427297618,0.82
16/04/2019,-5590,-84410000,0(0.00 %),0,0,5590,84410000,427297618,0.82
17/04/2019,7000,111500000,0(0.00 %),7000,111500000,0,0,427291648,0.82
18/04/2019,3100,47430000,0(0.00 %),3100,47430000,0,0,427288548,0.82
19/04/2019,30,460000,0(0.00 %),30,460000,0,0,427294108,0.82
22/04/2019,0,0,0(0.00 %),0,0,0,0,427294108,0.82
23/04/2019,0,0,0(0.00 %),0,0,0,0,427294108,0.82
24/04/2019,0,0,0(0.00 %),0,0,0,0,427294108,0.82
25/04/2019,0,0,0(0.00 %),0,0,0,0,427294108,0.82
26/04/2019,0,0,0(0.00 %),0,0,0,0,427294108,0.82
02/05/2019,-26900,-416750000,0(0.00 %),0,0,26900,416750000,427294108,0.82
03/05/2019,-22440,-347820000,0(0.00 %),0,0,22440,347820000,427316548,0.82
06/05/2019,-63010,-953752500,0(0.00 %),0,0,63010,953752500,427379558,0.81
07/05/2019,-53830,-821450000,0(0.00 %),37780,577130000,91610,1398580000,427318228,0.82
08/05/2019,0,0,0(0.00 %),0,0,0,0,427433388,0.8
09/05/2019,116140,1762540000,0(0.00 %),116140,1762540000,0,0,427287538,0.82
10/05/2019,-1150,-17192500,0(0.00 %),0,0,1150,17192500,427318398,0.82
13/05/2019,-42180,-629220000,0(0.00 %),0,0,42180,629220000,427344148,0.81
14/05/2019,1240,18910000,0(0.00 %),1240,18910000,0,0,427342908,0.81
15/05/2019,74890,1141280000,0(0.00 %),74890,1141280000,0,0,427269168,0.82
16/05/2019,-67160,-1037622000,0(0.00 %),0,0,67160,1037622000,427351608,0.81
17/05/2019,3730,57640000,0(0.00 %),3730,57640000,0,0,427307618,0.82
20/05/2019,740,11430000,0(0.00 %),740,11430000,0,0,427306878,0.82
21/05/2019,0,0,0(0.00 %),0,0,0,0,427374038,0.81
22/05/2019,2000,31700000,0(0.00 %),2000,31700000,0,0,427372038,0.81
23/05/2019,1440,22610000,0(0.00 %),1440,22610000,0,0,427370598,0.81
24/05/2019,-930,-14484000,0(0.00 %),3740,58630500,4670,73114500,427371528,0.81
27/05/2019,0,0,0(0.00 %),0,0,0,0,427371528,0.81
28/05/2019,3320,50290000,0(0.00 %),22230,341500000,18910,291210000,427344628,0.81
29/05/2019,0,0,0(0.00 %),0,0,0,0,427368208,0.81
30/05/2019,0,0,0(0.00 %),0,0,0,0,427368208,0.81
31/05/2019,0,0,0(0.00 %),0,0,0,0,427368208,0.81
03/06/2019,2560,39015000,0(0.00 %),6000,91103000,3440,52088000,427362208,0.81
04/06/2019,46820,698380000,0(0.00 %),46820,698380000,0,0,427315388,0.82
05/06/2019,0,0,0(0.00 %),0,0,0,0,427315388,0.82
06/06/2019,0,0,0(0.00 %),0,0,0,0,427318828,0.82
07/06/2019,0,0,0(0.00 %),0,0,0,0,427318828,0.82
10/06/2019,0,0,0(0.00 %),0,0,0,0,427318828,0.82
11/06/2019,10350,158130000,0(0.00 %),16420,250990000,6070,92860000,427302408,0.82
12/06/2019,0,0,0(0.00 %),0,0,0,0,427302408,0.82
13/06/2019,0,0,0(0.00 %),0,0,0,0,427302408,0.82
14/06/2019,0,0,0(0.00 %),0,0,0,0,427308478,0.82
17/06/2019,0,0,0(0.00 %),0,0,0,0,427308478,0.82
18/06/2019,-42450,-636750000,0(0.00 %),0,0,42450,636750000,427344858,0.81
19/06/2019,0,0,0(0.00 %),0,0,0,0,427344858,0.81
20/06/2019,0,0,0(0.00 %),0,0,0,0,427344858,0.81
21/06/2019,-2851270,-44479514000,0(0.00 %),446340,6963744000,3297610,51443258000,430196128,0.49
24/06/2019,12000,191750000,0(0.00 %),12000,191750000,0,0,430184128,0.49
25/06/2019,10000,160500000,0(0.00 %),10000,160500000,0,0,430174128,0.49
26/06/2019,80,1330000,0(0.00 %),80,1330000,0,0,430180118,0.49
27/06/2019,14000,230070000,0(0.00 %),14000,230070000,0,0,430166118,0.49
28/06/2019,23430,393250000,0(0.00 %),23430,393250000,0,0,430142688,0.5
01/07/2019,-201880,-3447450500,0(0.00 %),0,0,201880,3447450500,430142688,0.5
02/07/2019,0,0,0(0.00 %),0,0,0,0,430142688,0.5
03/07/2019,0,239500,0(0.00 %),3000,51750000,3000,51510500,430142688,0.5
04/07/2019,5300,94670000,0(0.00 %),5300,94670000,0,0,430336268,0.48
05/07/2019,2000,36000000,0(0.00 %),2000,36000000,0,0,430334268,0.48
08/07/2019,297940,5510880000,0(0.00 %),297940,5510880000,0,0,430039328,0.51
09/07/2019,6950,126780000,0(0.00 %),16350,305380000,9400,178600000,430022978,0.51
10/07/2019,0,0,0(0.00 %),0,0,0,0,430022978,0.51
11/07/2019,112000,2123450000,0(0.00 %),112000,2123450000,0,0,429910978,0.52
12/07/2019,234100,4432100000,0(0.00 %),234100,4432100000,0,0,429686278,0.55
15/07/2019,220400,4146840000,0(0.00 %),221000,4158090000,600,11250000,429465278,0.57
16/07/2019,-77440,-1446134000,0(0.00 %),5000,92250000,82440,1538384000,429341438,0.59
17/07/2019,-256050,-4611871000,0(0.00 %),2010,36181000,258060,4648052000,429597488,0.56
18/07/2019,-197000,-3564980000,0(0.00 %),3000,54300000,200000,3619280000,429455868,0.57
19/07/2019,3000,54000000,0(0.00 %),3000,54000000,0,0,429791488,0.54
22/07/2019,3000,52800000,0(0.00 %),3000,52800000,0,0,429790368,0.54
23/07/2019,380,6940000,0(0.00 %),380,6940000,0,0,429989988,0.51
24/07/2019,3010,54182000,0(0.00 %),3010,54182000,0,0,429785098,0.54
25/07/2019,11000,198000000,0(0.00 %),11000,198000000,0,0,429975978,0.52
26/07/2019,0,0,0(0.00 %),0,0,0,0,429975978,0.52
29/07/2019,0,0,0(0.00 %),0,0,0,0,429975978,0.52
30/07/2019,0,0,0(0.00 %),0,0,0,0,429975978,0.52
31/07/2019,-165100,-2947080000,0(0.00 %),900,16020000,166000,2963100000,429975078,0.52
01/08/2019,-293840,-5228110000,0(0.00 %),0,0,293840,5228110000,429975078,0.52
02/08/2019,2000,35100000,0(0.00 %),2000,35100000,0,0,429973078,0.52
05/08/2019,-19600,-337200000,0(0.00 %),400,6800000,20000,344000000,430138678,0.5
06/08/2019,-900,-15530000,0(0.00 %),0,0,900,15530000,430432518,0.46
07/08/2019,7500,137030000,0(0.00 %),7500,137030000,0,0,430425018,0.47
08/08/2019,-2000,-36400000,0(0.00 %),0,0,2000,36400000,430445018,0.46
09/08/2019,0,0,0(0.00 %),0,0,0,0,430445918,0.46
12/08/2019,0,0,0(0.00 %),0,0,0,0,430445918,0.46
13/08/2019,0,0,0(0.00 %),0,0,0,0,430447918,0.46
14/08/2019,189790,3515070000,0(0.00 %),189790,3515070000,0,0,430258128,0.48
15/08/2019,-20000,-370000000,0(0.00 %),0,0,20000,370000000,430258128,0.48
16/08/2019,0,0,0(0.00 %),0,0,0,0,430258128,0.48
19/08/2019,-69340,-1237711500,0(0.00 %),10,183000,69350,1237894500,429887628,0.53
20/08/2019,-1400,-24740000,0(0.00 %),0,0,1400,24740000,430278118,0.48
21/08/2019,0,0,0(0.00 %),0,0,0,0,430278118,0.48
22/08/2019,0,0,0(0.00 %),0,0,0,0,430347468,0.47
23/08/2019,1200,20700000,0(0.00 %),1200,20700000,0,0,430347668,0.47
26/08/2019,0,0,0(0.00 %),0,0,0,0,430347668,0.47
27/08/2019,0,0,0(0.00 %),0,0,0,0,538985568,0.38
28/08/2019,0,0,0(0.00 %),0,0,0,0,538985568,0.38
29/08/2019,-56440,-970661500,0(0.00 %),0,0,56440,970661500,429944268,10.22
30/08/2019,80600,1397300000,0(0.00 %),80600,1397300000,0,0,538904968,0.39
03/09/2019,-13000,-220420000,0(0.00 %),0,0,13000,220420000,538904968,0.39
04/09/2019,81440,1381322000,0(0.00 %),110290,1871072000,28850,489750000,538823528,0.39
05/09/2019,-43000,-740021500,0(0.00 %),0,0,43000,740021500,538866528,0.39
06/09/2019,-500,-9780000,0(0.00 %),17500,299250000,18000,309030000,538846618,0.39
09/09/2019,45690,781300000,0(0.00 %),45690,781300000,0,0,538829778,0.39
10/09/2019,185000,3162500000,0(0.00 %),185000,3162500000,0,0,538687778,0.41
11/09/2019,0,0,0(0.00 %),0,0,0,0,538705778,0.4
12/09/2019,0,0,0(0.00 %),0,0,0,0,538705778,0.4
13/09/2019,0,0,0(0.00 %),0,0,0,0,538705778,0.4
16/09/2019,-63030,-1015740000,0(0.00 %),0,0,63030,1015740000,538705778,0.4
17/09/2019,0,0,0(0.00 %),0,0,0,0,538705778,0.4
18/09/2019,0,0,0(0.00 %),0,0,0,0,538705778,0.4
19/09/2019,492960,8133790000,0(0.00 %),494070,8152160000,1110,18370000,538274738,0.44
20/09/2019,0,0,0(0.00 %),0,0,0,0,538274738,0.44
23/09/2019,0,0,0(0.00 %),0,0,0,0,538274738,0.44
24/09/2019,-1200,-19560000,0(0.00 %),0,0,1200,19560000,538275848,0.44
25/09/2019,0,0,0(0.00 %),0,0,0,0,538275848,0.44
26/09/2019,-15000,-232000000,0(0.00 %),0,0,15000,232000000,538275848,0.44
27/09/2019,0,0,0(0.00 %),0,0,0,0,538277048,0.44
30/09/2019,56000,848400500,0(0.00 %),66000,999900500,10000,151500000,538166608,0.45
01/10/2019,69830,1083920000,0(0.00 %),69830,1083920000,0,0,538156218,0.45
02/10/2019,-109720,-1689314000,0(0.00 %),0,0,109720,1689314000,538335768,0.44
03/10/2019,8740,131974000,0(0.00 %),18740,282974000,10000,151000000,538327028,0.44
04/10/2019,0,0,0(0.00 %),0,0,0,0,538327028,0.44
07/10/2019,0,0,0(0.00 %),0,0,0,0,538327028,0.44
08/10/2019,1000,15150000,0(0.00 %),1000,15150000,0,0,538326028,0.44
09/10/2019,0,0,0(0.00 %),0,0,0,0,538326028,0.44
10/10/2019,200000,3007850000,0(0.00 %),200000,3007850000,0,0,538126028,0.46
11/10/2019,500,7530000,0(0.00 %),500,7530000,0,0,538065698,0.46
14/10/2019,134300,2042930000,0(0.00 %),145300,2209030000,11000,166100000,537991228,0.47
15/10/2019,0,0,0(0.00 %),0,0,0,0,537991228,0.47
16/10/2019,500,7530000,0(0.00 %),500,7530000,0,0,537919898,0.48
17/10/2019,154580,2340680000,0(0.00 %),159580,2416680000,5000,76000000,537771318,0.49
18/10/2019,-15050,-231247000,0(0.00 %),16820,256364000,31870,487611000,537851198,0.48
21/10/2019,41000,627664000,0(0.00 %),41000,627664000,0,0,537810198,0.49
22/10/2019,53000,820384000,0(0.00 %),53000,820384000,0,0,537757198,0.49
23/10/2019,0,0,0(0.00 %),0,0,0,0,537757198,0.49
24/10/2019,0,0,0(0.00 %),0,0,0,0,537757198,0.49
25/10/2019,0,0,0(0.00 %),0,0,0,0,537757198,0.49
28/10/2019,0,0,0(0.00 %),0,0,0,0,537757198,0.49
29/10/2019,0,0,0(0.00 %),0,0,0,0,537757198,0.49
30/10/2019,38250,569930000,0(0.00 %),38250,569930000,0,0,537659118,0.5
31/10/2019,105600,1575461000,0(0.00 %),105600,1575461000,0,0,537613348,0.5
01/11/2019,-185000,-2745800000,0(0.00 %),0,0,185000,2745800000,537553518,0.51
04/11/2019,-109000,-1594780000,0(0.00 %),0,0,109000,1594780000,537662518,0.5
05/11/2019,-444470,-6490750000,0(0.00 %),8860,129160000,453330,6619910000,537544658,0.51
06/11/2019,107820,1578711000,0(0.00 %),107820,1578711000,0,0,537999168,0.47
07/11/2019,7430,110340000,0(0.00 %),7430,110340000,0,0,537723408,0.49
08/11/2019,3990,59013000,0(0.00 %),3990,59013000,0,0,537987748,0.47
11/11/2019,4820,71340000,0(0.00 %),4820,71340000,0,0,538441528,0.43
12/11/2019,6580,96923000,0(0.00 %),6580,96923000,0,0,537976348,0.47
13/11/2019,370,5480000,0(0.00 %),370,5480000,0,0,538434578,0.43
14/11/2019,0,0,0(0.00 %),0,0,0,0,538434578,0.43
15/11/2019,2310,34190000,0(0.00 %),2310,34190000,0,0,538432268,0.43
18/11/2019,0,0,0(0.00 %),0,0,0,0,538432268,0.43
19/11/2019,-9230,-135044000,0(0.00 %),0,0,9230,135044000,537982898,0.47
20/11/2019,0,0,0(0.00 %),0,0,0,0,538432268,0.43
21/11/2019,0,0,0(0.00 %),0,0,0,0,538432268,0.43
22/11/2019,-50,-732500,0(0.00 %),0,0,50,732500,537982948,0.47
25/11/2019,-10050,-145294000,0(0.00 %),0,0,10050,145294000,537992998,0.47
26/11/2019,-9990,-144630000,0(0.00 %),0,0,9990,144630000,538441498,0.43
27/11/2019,-5850,-84630000,0(0.00 %),0,0,5850,84630000,538441548,0.43
28/11/2019,7090,103442500,0(0.00 %),11470,167012500,4380,63570000,538001748,0.47
29/11/2019,-2760,-39960000,0(0.00 %),0,0,2760,39960000,538450118,0.43
02/12/2019,-10450,-149990000,0(0.00 %),1040,14980000,11490,164970000,538454928,0.43
03/12/2019,-91900,-1319303500,0(0.00 %),0,0,91900,1319303500,538547868,0.42
04/12/2019,-4500,-65110000,0(0.00 %),0,0,4500,65110000,538462068,0.43
05/12/2019,0,0,0(0.00 %),0,0,0,0,538552368,0.42
06/12/2019,-190,-2760000,0(0.00 %),0,0,190,2760000,538565458,0.42
09/12/2019,88520,1322494500,0(0.00 %),92580,1381364500,4060,58870000,538464038,0.43
10/12/2019,-10,-152500,0(0.00 %),0,0,10,152500,538464048,0.43
11/12/2019,-1750,-25462500,0(0.00 %),0,0,1750,25462500,538465798,0.43
12/12/2019,-23080,-330690000,0(0.00 %),500,7150000,23580,337840000,538481128,0.42
13/12/2019,-2040,-29380000,0(0.00 %),0,0,2040,29380000,538481138,0.42
16/12/2019,0,0,0(0.00 %),0,0,0,0,538490918,0.42
17/12/2019,-1520,-21432000,0(0.00 %),0,0,1520,21432000,538492438,0.42
18/12/2019,0,0,0(0.00 %),0,0,0,0,538508508,0.42
19/12/2019,-15500,-220594500,0(0.00 %),0,0,15500,220594500,538507938,0.42
20/12/2019,-4040,-57370000,0(0.00 %),0,0,4040,57370000,538510028,0.42
23/12/2019,0,0,0(0.00 %),0,0,0,0,538511978,0.42
24/12/2019,0,0,0(0.00 %),0,0,0,0,538525528,0.42
25/12/2019,-8230,-116454500,0(0.00 %),0,0,8230,116454500,538520208,0.42
26/12/2019,-11440,-161930000,0(0.00 %),330,4620000,11770,166550000,538529238,0.42
27/12/2019,0,0,0(0.00 %),0,0,0,0,538531648,0.42
30/12/2019,-7500,-105130000,0(0.00 %),0,0,7500,105130000,538537468,0.42
31/12/2019,-430,-6003500,0(0.00 %),0,0,430,6003500,538532078,0.42
02/01/2020,0,0,0(0.00 %),0,0,0,0,538549238,0.42
03/01/2020,25420,360130000,0(0.00 %),25420,360130000,0,0,538531318,0.42
06/01/2020,0,0,0(0.00 %),0,0,0,0,538531748,0.42
07/01/2020,-153600,-2151940000,0(0.00 %),0,0,153600,2151940000,538531748,0.42
08/01/2020,0,0,0(0.00 %),0,0,0,0,538677418,0.41
09/01/2020,0,0,0(0.00 %),0,0,0,0,538677418,0.41
10/01/2020,0,0,0(0.00 %),0,0,0,0,538685348,0.41
13/01/2020,0,0,0(0.00 %),0,0,0,0,538685348,0.41
14/01/2020,0,0,0(0.00 %),0,0,0,0,538685348,0.41
15/01/2020,0,0,0(0.00 %),0,0,0,0,538685348,0.41
16/01/2020,-26990,-373960000,0(0.00 %),10,140000,27000,374100000,538685338,0.41
17/01/2020,-83750,-1167690000,0(0.00 %),0,0,83750,1167690000,538685338,0.41
20/01/2020,0,0,0(0.00 %),0,0,0,0,538685338,0.41
21/01/2020,0,0,0(0.00 %),0,0,0,0,538712338,0.4
22/01/2020,2840,39434000,0(0.00 %),2840,39434000,0,0,538709498,0.4
30/01/2020,-3500,-48270000,0(0.00 %),0,0,3500,48270000,538793248,0.4
31/01/2020,490,6490000,0(0.00 %),500,6630000,10,140000,538792748,0.4
03/02/2020,-640,-8605500,0(0.00 %),200,2614500,840,11220000,538792748,0.4
04/02/2020,0,0,0(0.00 %),0,0,0,0,538796048,0.4
05/02/2020,0,0,0(0.00 %),0,0,0,0,538796058,0.4
06/02/2020,-200,-2670000,0(0.00 %),0,0,200,2670000,538796898,0.4
07/02/2020,0,0,0(0.00 %),0,0,0,0,538796898,0.4
10/02/2020,6560,88540000,0(0.00 %),6560,88540000,0,0,538790338,0.4
11/02/2020,6670,90064500,0(0.00 %),6670,90064500,0,0,538779718,0.4
12/02/2020,0,0,0(0.00 %),0,0,0,0,538783868,0.4
13/02/2020,2120,28550000,0(0.00 %),2120,28550000,0,0,538781748,0.4
14/02/2020,1240,16720000,0(0.00 %),1240,16720000,0,0,538780508,0.4
17/02/2020,-110,-1490000,0(0.00 %),0,0,110,1490000,538780508,0.4
18/02/2020,0,0,0(0.00 %),0,0,0,0,538780508,0.4
19/02/2020,0,0,0(0.00 %),0,0,0,0,538780508,0.4
20/02/2020,2950,39753000,0(0.00 %),2950,39753000,0,0,538773518,0.4
21/02/2020,1560,21032500,0(0.00 %),1560,21032500,0,0,538771958,0.4
24/02/2020,10,178000,0(0.00 %),440,5940000,430,5762000,538771948,0.4
25/02/2020,-530,-7102000,0(0.00 %),0,0,530,7102000,538772478,0.4
26/02/2020,-3230,-42843000,0(0.00 %),0,0,3230,42843000,538775708,0.4
27/02/2020,-770,-10153000,0(0.00 %),0,0,770,10153000,538776478,0.4
28/02/2020,-7730,-102702000,0(0.00 %),90,1174500,7820,103876500,538784208,0.4
02/03/2020,-6440,-86043000,0(0.00 %),0,0,6440,86043000,538779768,0.4
03/03/2020,54520,733725000,0(0.00 %),69430,930822000,14910,197097000,538725248,0.4
04/03/2020,-1000000,-13000000000,0(0.00 %),0,0,1000000,13000000000,539725248,0.31
05/03/2020,0,0,0(0.00 %),0,0,0,0,539725248,0.31
06/03/2020,53360,713590000,0(0.00 %),54310,726280000,950,12690000,538685968,0.41
09/03/2020,-390,-5040000,0(0.00 %),0,0,390,5040000,539685968,0.32
10/03/2020,-1050,-13810000,0(0.00 %),250,3290000,1300,17100000,539685718,0.32
11/03/2020,0,0,0(0.00 %),0,0,0,0,539686668,0.32
12/03/2020,-26910,-349830000,0(0.00 %),0,0,26910,349830000,539700238,0.31
13/03/2020,0,0,0(0.00 %),0,0,0,0,539700238,0.31
16/03/2020,0,0,0(0.00 %),0,0,0,0,539700238,0.31
17/03/2020,0,0,0(0.00 %),0,0,0,0,539715268,0.31
18/03/2020,0,0,0(0.00 %),0,0,0,0,539715268,0.31
19/03/2020,-400,-5080000,0(0.00 %),0,0,400,5080000,539715268,0.31
20/03/2020,0,0,0(0.00 %),0,0,0,0,539715268,0.31
23/03/2020,0,0,0(0.00 %),0,0,0,0,539715268,0.31
24/03/2020,0,0,0(0.00 %),0,0,0,0,539715668,0.31
25/03/2020,0,0,0(0.00 %),0,0,0,0,539715668,0.31
26/03/2020,0,0,0(0.00 %),0,0,0,0,539715668,0.31
27/03/2020,0,0,0(0.00 %),0,0,0,0,539715668,0.31
30/03/2020,0,0,0(0.00 %),0,0,0,0,539715668,0.31
31/03/2020,-89900,-1060400000,0(0.00 %),0,0,89900,1060400000,539715668,0.31
01/04/2020,9250,113420000,0(0.00 %),16250,199480000,7000,86060000,539699418,0.32
03/04/2020,-52530,-652970000,0(0.00 %),470,5880000,53000,658850000,539698948,0.32
06/04/2020,-33940,-436750000,0(0.00 %),21060,264770000,55000,701520000,539767788,0.31
07/04/2020,5400,68850000,0(0.00 %),5400,68850000,0,0,539796738,0.31
08/04/2020,0,0,0(0.00 %),0,0,0,0,539822388,0.3
09/04/2020,-35600,-441740500,0(0.00 %),0,0,35600,441740500,539832338,0.3
10/04/2020,-1160,-14700000,0(0.00 %),500,6250000,1660,20950000,539876888,0.3
13/04/2020,-110,-1400000,0(0.00 %),0,0,110,1400000,539876888,0.3
14/04/2020,0,0,0(0.00 %),0,0,0,0,539912488,0.3
15/04/2020,3820,48432500,0(0.00 %),3820,48432500,0,0,539829788,0.3
16/04/2020,-5630,-71699000,0(0.00 %),4320,54763500,9950,126462500,539835418,0.3
17/04/2020,3930,49840500,0(0.00 %),5930,75340500,2000,25500000,539831488,0.3
20/04/2020,740,9330000,0(0.00 %),5140,65430000,4400,56100000,539895048,0.3
21/04/2020,-13100,-162310000,0(0.00 %),15110,192150000,28210,354460000,539889888,0.3
22/04/2020,-1950,-24150000,0(0.00 %),0,0,1950,24150000,539891888,0.3
23/04/2020,-10000,-125060000,0(0.00 %),0,0,10000,125060000,539896288,0.3
24/04/2020,4070,53164000,0(0.00 %),4070,53164000,0,0,539851728,0.3
27/04/2020,940,12190000,0(0.00 %),940,12190000,0,0,539921438,0.29
28/04/2020,2910,37830000,0(0.00 %),2970,38610000,60,780000,539928468,0.29
29/04/2020,-51570,-665800000,0(0.00 %),4100,53060000,55670,718860000,539924368,0.29
04/05/2020,-4870,-62000000,0(0.00 %),0,0,4870,62000000,539924368,0.29
05/05/2020,-3830,-48990000,0(0.00 %),0,0,3830,48990000,539928198,0.29
06/05/2020,-2190,-28216000,0(0.00 %),180,2313000,2370,30529000,539930388,0.29
07/05/2020,3650,47030000,0(0.00 %),3650,47030000,0,0,539981138,0.29
08/05/2020,0,0,0(0.00 %),0,0,0,0,539984968,0.29
11/05/2020,9660,130820000,0(0.00 %),9660,130820000,0,0,539977678,0.29
12/05/2020,7030,97331000,0(0.00 %),7030,97331000,0,0,539910048,0.3
13/05/2020,1930,26900500,0(0.00 %),1930,26900500,0,0,539908118,0.3
14/05/2020,15440,211732500,0(0.00 %),15440,211732500,0,0,539892678,0.3
15/05/2020,-9460,-134060000,0(0.00 %),2010,29350000,11470,163410000,539951268,0.29
18/05/2020,-5570,-80240000,0(0.00 %),100,1400000,5670,81640000,539951168,0.29
19/05/2020,-420,-5922000,0(0.00 %),0,0,420,5922000,539908128,0.3
20/05/2020,12640,180300000,0(0.00 %),12640,180300000,0,0,539949998,0.29
21/05/2020,570,8293500,0(0.00 %),570,8293500,0,0,539894918,0.3
22/05/2020,-10060,-144990000,0(0.00 %),0,0,10060,144990000,539955518,0.29
25/05/2020,18740,269390500,0(0.00 %),18740,269390500,0,0,539886238,0.3
26/05/2020,-4230,-60750000,0(0.00 %),32230,461110000,36460,521860000,539904548,0.3
27/05/2020,32310,467090000,0(0.00 %),32310,467090000,0,0,539882298,0.3
28/05/2020,15260,220180000,0(0.00 %),15260,220180000,0,0,539867038,0.3
29/05/2020,0,0,0(0.00 %),0,0,0,0,539903498,0.3
01/06/2020,-49950,-801381500,0(0.00 %),20350,324582500,70300,1125964000,539903498,0.3
02/06/2020,-27570,-426033500,0(0.00 %),0,0,27570,426033500,539931068,0.29
03/06/2020,32390,484530500,0(0.00 %),32390,484530500,0,0,539898678,0.3
04/06/2020,3200,49280000,0(0.00 %),3200,49280000,0,0,539917858,0.3
05/06/2020,10770,162710000,0(0.00 %),14850,226560000,4080,63850000,539930578,0.29
08/06/2020,-6330,-98510000,0(0.00 %),0,0,6330,98510000,539930578,0.29
09/06/2020,-14820,-233470000,0(0.00 %),0,0,14820,233470000,539930578,0.29
10/06/2020,-460,-7291000,0(0.00 %),0,0,460,7291000,539902268,0.3
11/06/2020,-5430,-87142000,0(0.00 %),0,0,5430,87142000,539907698,0.3
12/06/2020,-2050,-32580000,0(0.00 %),2620,40270000,4670,72850000,539953188,0.29
15/06/2020,-17070,-258000000,0(0.00 %),0,0,17070,258000000,539953648,0.29
16/06/2020,-530,-8060000,0(0.00 %),0,0,530,8060000,539959078,0.29
17/06/2020,-27260,-416240000,0(0.00 %),0,0,27260,416240000,539963748,0.29
18/06/2020,-9910,-150834500,0(0.00 %),0,0,9910,150834500,539964518,0.29
19/06/2020,10320,159280000,0(0.00 %),10320,159280000,0,0,539971028,0.29
22/06/2020,0,0,0(0.00 %),0,0,0,0,539998288,0.29
23/06/2020,5440,84602000,0(0.00 %),5440,84602000,0,0,539948758,0.29
24/06/2020,-14220,-223520500,0(0.00 %),0,0,14220,223520500,539962978,0.29
25/06/2020,-2700,-41611000,0(0.00 %),0,0,2700,41611000,539965678,0.29
26/06/2020,-1080,-16584500,0(0.00 %),0,0,1080,16584500,539966758,0.29
29/06/2020,480,7330000,0(0.00 %),480,7330000,0,0,540016498,0.29
30/06/2020,8830,136250000,0(0.00 %),8830,136250000,0,0,540010368,0.29
01/07/2020,3050,47004000,0(0.00 %),6550,100554000,3500,53550000,540011448,0.29
02/07/2020,4450,68410000,0(0.00 %),4470,68720000,20,310000,540000428,0.29
03/07/2020,26050,403600000,0(0.00 %),26050,403600000,0,0,539974378,0.29
06/07/2020,7770,120180000,0(0.00 %),7770,120180000,0,0,539970108,0.29
07/07/2020,9260,143037000,0(0.00 %),13640,209820500,4380,66783500,539963918,0.29
08/07/2020,11060,169884000,0(0.00 %),11060,169884000,0,0,539952858,0.29
09/07/2020,8930,136842500,0(0.00 %),8930,136842500,0,0,539943928,0.29
10/07/2020,-10510,-160010000,0(0.00 %),9920,153390000,20430,313400000,539930958,0.29
13/07/2020,43810,677660000,0(0.00 %),43810,677660000,0,0,539910628,0.3
14/07/2020,-900,-12619000,0(0.00 %),3670,56151000,4570,68770000,539911528,0.3
15/07/2020,-6980,-106200000,0(0.00 %),0,0,6980,106200000,539903908,0.3
16/07/2020,21960,310180000,0(0.00 %),116880,1679580000,94920,1369400000,539787028,0.31
17/07/2020,-2370,-34460000,0(0.00 %),4600,64700000,6970,99160000,539786998,0.31
20/07/2020,-15900,-219750000,0(0.00 %),0,0,15900,219750000,539793978,0.31
21/07/2020,12430,173840000,0(0.00 %),21540,300770000,9110,126930000,539867358,0.3
22/07/2020,-8860,-119860000,0(0.00 %),4890,68704500,13750,188564500,539911248,0.3
23/07/2020,-2420,-31700000,0(0.00 %),0,0,2420,31700000,539885338,0.3
24/07/2020,9720,124625000,0(0.00 %),23870,306262000,14150,181637000,539903948,0.3
27/07/2020,12400,147920000,0(0.00 %),12400,147920000,0,0,539871928,0.3
28/07/2020,40890,489433000,0(0.00 %),40890,489433000,0,0,539850658,0.3
29/07/2020,-11090,-128784500,0(0.00 %),0,0,11090,128784500,539861748,0.3
30/07/2020,-15720,-190950000,0(0.00 %),170,2050000,15890,193000000,539847438,0.3
31/07/2020,-84030,-991940000,0(0.00 %),1650,19300000,85680,1011240000,539845788,0.3
03/08/2020,25840,306340000,0(0.00 %),35060,414430000,9220,108090000,539821818,0.3
04/08/2020,-9110,-107830000,0(0.00 %),0,0,9110,107830000,539837708,0.3
05/08/2020,22180,265490000,0(0.00 %),22180,265490000,0,0,539901208,0.3
06/08/2020,-6490,-77910000,0(0.00 %),0,0,6490,77910000,539910428,0.3
07/08/2020,2160,26030000,0(0.00 %),2160,26030000,0,0,539917378,0.3
10/08/2020,0,0,0(0.00 %),0,0,0,0,539917378,0.3
11/08/2020,6630,79630000,0(0.00 %),6630,79630000,0,0,539917238,0.3
12/08/2020,-20980,-248803000,0(0.00 %),1000,11900000,21980,260703000,539862488,0.3
13/08/2020,10510,127816000,0(0.00 %),11400,138451500,890,10635500,539851978,0.3
14/08/2020,-301650,-3638220000,0(0.00 %),0,0,301650,3638220000,540153628,0.27
17/08/2020,-23260,-279434000,0(0.00 %),0,0,23260,279434000,540176888,0.27
18/08/2020,-10970,-131400000,0(0.00 %),0,0,10970,131400000,539927708,0.29
19/08/2020,0,0,0(0.00 %),0,0,0,0,540229358,0.27
20/08/2020,4840,63572000,0(0.00 %),5980,78392000,1140,14820000,540183018,0.27
21/08/2020,-200,-2530000,0(0.00 %),0,0,200,2530000,540257608,0.26
24/08/2020,0,0,0(0.00 %),0,0,0,0,540257608,0.26
25/08/2020,3650,44763000,0(0.00 %),3650,44763000,0,0,540179568,0.27
26/08/2020,4810,59290000,0(0.00 %),4810,59290000,0,0,540250488,0.27
27/08/2020,-415110,-5092530000,0(0.00 %),17870,220060000,432980,5312590000,540232618,0.27
28/08/2020,17920,220650000,0(0.00 %),17920,220650000,0,0,540214698,0.27
31/08/2020,-404500,-4945181500,0(0.00 %),0,0,404500,4945181500,540976448,0.2
01/09/2020,-24270,-297010500,0(0.00 %),0,0,24270,297010500,540647678,0.23
03/09/2020,-25370,-308740000,0(0.00 %),0,0,25370,308740000,540647678,0.23
04/09/2020,4630,56308000,0(0.00 %),8740,105422500,4110,49114500,540668418,0.23
07/09/2020,89970,1135240000,0(0.00 %),90370,1140280000,400,5040000,540977338,0.2
08/09/2020,-1090,-11533500,0(0.00 %),7840,100744000,8930,112277500,540579538,0.24
09/09/2020,0,0,0(0.00 %),0,0,0,0,540998978,0.2
10/09/2020,0,0,0(0.00 %),0,0,0,0,540999378,0.2
11/09/2020,7780,97444000,0(0.00 %),7780,97444000,0,0,540571758,0.24
14/09/2020,34410,427480000,0(0.00 %),34410,427480000,0,0,540966118,0.2
15/09/2020,22870,282882500,0(0.00 %),22870,282882500,0,0,540514478,0.24
16/09/2020,-42060,-509311500,0(0.00 %),0,0,42060,509311500,540556538,0.24
17/09/2020,-68290,-828702500,0(0.00 %),0,0,68290,828702500,540624828,0.23
18/09/2020,0,0,0(0.00 %),0,0,0,0,540943248,0.2
21/09/2020,14870,181912500,0(0.00 %),14870,181912500,0,0,540609958,0.23
22/09/2020,28520,345000000,0(0.00 %),28520,345000000,0,0,541010208,0.2
23/09/2020,3120,37752000,0(0.00 %),3120,37752000,0,0,540578318,0.24
24/09/2020,54710,664730000,0(0.00 %),54710,664730000,0,0,540952378,0.2
25/09/2020,25770,313110000,0(0.00 %),25770,313110000,0,0,540926608,0.2
28/09/2020,3760,45784000,0(0.00 %),6640,80344000,2880,34560000,540494078,0.24
29/09/2020,-101500,-1209750000,0(0.00 %),0,0,101500,1209750000,540919968,0.2
30/09/2020,-56850,-670563000,0(0.00 %),0,0,56850,670563000,540652428,0.23
01/10/2020,-18000,-212400000,0(0.00 %),0,0,18000,212400000,540922848,0.2
02/10/2020,-12070,-141060000,0(0.00 %),0,0,12070,141060000,541024348,0.2
05/10/2020,-16430,-195770000,0(0.00 %),0,0,16430,195770000,541081198,0.19
06/10/2020,0,0,0(0.00 %),0,0,0,0,541099198,0.19
07/10/2020,0,0,0(0.00 %),0,0,0,0,541111268,0.19
08/10/2020,0,0,0(0.00 %),0,0,0,0,541127698,0.19
09/10/2020,0,0,0(0.00 %),0,0,0,0,541127698,0.19
12/10/2020,0,0,0(0.00 %),0,0,0,0,541127698,0.19
13/10/2020,0,0,0(0.00 %),0,0,0,0,541127698,0.19
14/10/2020,10,122000,0(0.00 %),10,122000,0,0,540951338,0.2
15/10/2020,50,600000,0(0.00 %),50,600000,0,0,541127638,0.19
16/10/2020,100,1200000,0(0.00 %),100,1200000,0,0,541127538,0.19
19/10/2020,0,0,0(0.00 %),0,0,0,0,541127538,0.19
20/10/2020,-1070,-12630000,0(0.00 %),0,0,1070,12630000,541127538,0.19
21/10/2020,0,0,0(0.00 %),0,0,0,0,541127538,0.19
22/10/2020,-214950,-2489220500,0(0.00 %),0,0,214950,2489220500,541167208,0.18
23/10/2020,-290870,-3411890000,0(0.00 %),10,120000,290880,3412010000,541128598,0.19
26/10/2020,-152320,-1800790000,0(0.00 %),0,0,152320,1800790000,541128598,0.19
27/10/2020,-71960,-836340000,0(0.00 %),0,0,71960,836340000,541343548,0.17
28/10/2020,-155450,-1765180000,0(0.00 %),2200,24860000,157650,1790040000,541632228,0.14
29/10/2020,2990,32710000,0(0.00 %),5000,55400000,2010,22690000,541779548,0.13
30/10/2020,-3250,-36760000,0(0.00 %),1000,10600000,4250,47360000,541850508,0.12
02/11/2020,27050,293930000,0(0.00 %),27050,293930000,0,0,541981108,0.11
03/11/2020,17110,187074000,0(0.00 %),17110,187074000,0,0,541991048,0.11
04/11/2020,0,0,0(0.00 %),0,0,0,0,541991048,0.11
05/11/2020,34230,373810500,0(0.00 %),34230,373810500,0,0,541956818,0.11
06/11/2020,1990,21790500,0(0.00 %),1990,21790500,0,0,541954828,0.11
09/11/2020,5900,65250000,0(0.00 %),5900,65250000,0,0,541928138,0.11
10/11/2020,10000,112500000,0(0.00 %),10000,112500000,0,0,541938928,0.11
11/11/2020,1000,11020000,0(0.00 %),1000,11020000,0,0,541917138,0.11
12/11/2020,10010,110080000,0(0.00 %),10010,110080000,0,0,541907128,0.12
13/11/2020,0,0,0(0.00 %),0,0,0,0,541927918,0.11
16/11/2020,1500,16730000,0(0.00 %),1500,16730000,0,0,541905628,0.12
17/11/2020,5000,55500000,0(0.00 %),5000,55500000,0,0,541921418,0.11
18/11/2020,500,5480000,0(0.00 %),500,5480000,0,0,541900128,0.12
19/11/2020,0,0,0(0.00 %),0,0,0,0,541920918,0.11
20/11/2020,7240,80002000,0(0.00 %),7240,80002000,0,0,541913678,0.12
23/11/2020,12220,149034000,0(0.00 %),12220,149034000,0,0,541901458,0.12
24/11/2020,1500,17950000,0(0.00 %),4000,49100000,2500,31150000,541899958,0.12
25/11/2020,11520,150460000,0(0.00 %),13420,175410000,1900,24950000,541863248,0.12
26/11/2020,16350,219853000,0(0.00 %),31260,428593000,14910,208740000,541846898,0.12
27/11/2020,15170,221040000,0(0.00 %),17170,250040000,2000,29000000,541817318,0.12
30/11/2020,68100,971280000,0(0.00 %),73100,1043180000,5000,71900000,541746118,0.13
01/12/2020,79610,1143560000,0(0.00 %),86050,1236540000,6440,92980000,541674978,0.14
02/12/2020,55440,791982000,0(0.00 %),55440,791982000,0,0,541705588,0.13
03/12/2020,262270,3624642000,0(0.00 %),272670,3767952000,10400,143310000,541443318,0.16
04/12/2020,235020,3482504500,0(0.00 %),242020,3583654500,7000,101150000,541208298,0.18
07/12/2020,116470,1697921000,0(0.00 %),116470,1697921000,0,0,541091828,0.19
08/12/2020,-38460,-548470000,0(0.00 %),5040,71320000,43500,619790000,541007178,0.2
09/12/2020,-37290,-511750000,0(0.00 %),25580,355880000,62870,867630000,540988598,0.2
10/12/2020,-91090,-1313517000,0(0.00 %),10950,157922500,102040,1471439500,541258668,0.17
11/12/2020,-49120,-703240000,0(0.00 %),2710,39570000,51830,742810000,541018438,0.2
14/12/2020,-180250,-2590170000,0(0.00 %),6150,89790000,186400,2679960000,541075158,0.19
15/12/2020,2840,41180000,0(0.00 %),34470,490480000,31630,449300000,541142728,0.18
16/12/2020,138060,2008490000,0(0.00 %),148060,2152990000,10000,144500000,541046498,0.19
17/12/2020,-53520,-793452000,0(0.00 %),0,0,53520,793452000,541400658,0.16
18/12/2020,-223760,-3257590000,0(0.00 %),7000,101500000,230760,3359090000,541257528,0.17
21/12/2020,-154450,-2176500000,0(0.00 %),57240,835350000,211690,3011850000,541210288,0.18
22/12/2020,39210,579170910,0(0.00 %),45230,668092330,6020,88921420,541739658,0.13
23/12/2020,-30650,-441271500,0(0.00 %),37290,571150000,67940,1012421500,541770308,0.13
24/12/2020,-52240,-741260000,0(0.00 %),5000,71550000,57240,812810000,541618738,0.14
25/12/2020,-6400,-91493000,0(0.00 %),5860,83212000,12260,174705000,541828948,0.12
28/12/2020,-7820,-102950000,0(0.00 %),52160,751010000,59980,853960000,541634678,0.14
29/12/2020,38000,537820000,0(0.00 %),38000,537820000,0,0,541653918,0.14
30/12/2020,-8700,-83246080,0(0.00 %),16190,237280640,24890,320526720,541807468,0.12
31/12/2020,-2390,-35286000,0(0.00 %),55130,802316500,57520,837602500,541652378,0.14
04/01/2021,196600,2909535000,0(0.00 %),198500,2937275000,1900,27740000,541456338,0.16
05/01/2021,244800,3757485000,0(0.00 %),244800,3757485000,0,0,541211538,0.18
06/01/2021,152800,2453705000,0(0.00 %),186800,2999165000,34000,545460000,541058738,0.19
07/01/2021,194200,3329630000,0(0.00 %),204100,3498520000,9900,168890000,540864538,0.21
08/01/2021,-214500,-3571190000,0(0.00 %),62600,1076540000,277100,4647730000,541079038,0.19
11/01/2021,46300,707065000,0(0.00 %),135300,2191715000,89000,1484650000,541032738,0.19
12/01/2021,62900,1022805000,0(0.00 %),130500,2099605000,67600,1076800000,540969838,0.2
13/01/2021,16100,294580000,0(0.00 %),106600,1744530000,90500,1449950000,540953738,0.2
14/01/2021,158700,2484130000,0(0.00 %),230900,3611915000,72200,1127785000,540795038,0.22
15/01/2021,204400,3197250000,0(0.00 %),249100,3907040000,44700,709790000,540590638,0.23
18/01/2021,-124400,-1967850000,0(0.00 %),72600,1142470000,197000,3110320000,540715038,0.22
19/01/2021,-13900,-215780000,0(0.00 %),19000,280635000,32900,496415000,540728938,0.22
20/01/2021,403900,5561740000,0(0.00 %),508900,6997240000,105000,1435500000,540325038,0.26
21/01/2021,241800,3437910000,0(0.00 %),243000,3455160000,1200,17250000,540083238,0.28
22/01/2021,-309500,-4401160000,0(0.00 %),78700,1114200000,388200,5515360000,540392738,0.25
25/01/2021,-300600,-4130125000,0(0.00 %),42500,593690000,343100,4723815000,540693338,0.23
26/01/2021,130600,1699295000,0(0.00 %),170400,2230200000,39800,530905000,540562738,0.24
27/01/2021,429600,5232845000,0(0.00 %),430100,5239070000,500,6225000,540133138,0.28
28/01/2021,201800,2311015000,0(0.00 %),286800,3263015000,85000,952000000,539931338,0.29
29/01/2021,78900,796010000,0(0.00 %),185500,1992250000,106600,1196240000,539852438,0.3
01/02/2021,-302300,-3295195000,0(0.00 %),112500,1208340000,414800,4503535000,539744898,0.31
02/02/2021,-317500,-3294085000,0(0.00 %),2700,27580000,320200,3321665000,540062398,0.28
03/02/2021,-610100,-6607570000,0(0.00 %),7000,75790000,617100,6683360000,540672498,0.23
04/02/2021,-264000,-2941265000,0(0.00 %),21000,233650000,285000,3174915000,540936498,0.2
05/02/2021,27700,306490000,0(0.00 %),30400,336460000,2700,29970000,540908798,0.21
08/02/2021,80600,883205000,0(0.00 %),80600,883205000,0,0,540828198,0.21
09/02/2021,-12800,-149060000,0(0.00 %),40000,428040000,52800,577100000,540840998,0.21
17/02/2021,107900,1284510000,0(0.00 %),111600,1327615000,3700,43105000,540733098,0.22
18/02/2021,-42300,-515530000,0(0.00 %),11700,140245000,54000,655775000,540775398,0.22
19/02/2021,4500,56395000,0(0.00 %),10400,130005000,5900,73610000,540770898,0.22
22/02/2021,-97100,-1201555000,0(0.00 %),22000,270005000,119100,1471560000,540867998,0.21
23/02/2021,1100,12930000,0(0.00 %),7500,88900000,6400,75970000,540866898,0.21
24/02/2021,73800,856450000,0(0.00 %),73800,856450000,0,0,540793098,0.22
25/02/2021,-12200,-140445000,0(0.00 %),15700,179020000,27900,319465000,540805298,0.22
26/02/2021,-22400,-265295000,0(0.00 %),9000,102980000,31400,368275000,540827698,0.21
01/03/2021,70900,831995000,0(0.00 %),85600,1004015000,14700,172020000,541262298,0.17
02/03/2021,-72000,-844105000,0(0.00 %),11400,135630000,83400,979735000,541334298,0.17
03/03/2021,-18900,-221835000,0(0.00 %),5500,64000000,24400,285835000,541353198,0.17
04/03/2021,-37800,-443240000,0(0.00 %),4500,52140000,42300,495380000,541390998,0.16
05/03/2021,1100,12575000,0(0.00 %),1300,14855000,200,2280000,541389898,0.16
08/03/2021,20300,234040000,0(0.00 %),45400,521285000,25100,287245000,541369598,0.16
09/03/2021,58300,689125000,0(0.00 %),60100,710285000,1800,21160000,541311298,0.17
10/03/2021,316600,3813795000,0(0.00 %),327400,3946635000,10800,132840000,540994698,0.2
11/03/2021,-34300,-436625000,0(0.00 %),28400,357785000,62700,794410000,541028998,0.2
12/03/2021,-55100,-674925000,0(0.00 %),1400,17155000,56500,692080000,541084098,0.19
15/03/2021,-69500,-879540000,0(0.00 %),21200,262775000,90700,1142315000,541153598,0.18
16/03/2021,-23300,-291000000,0(0.00 %),2500,31500000,25800,322500000,541176898,0.18
17/03/2021,-10500,-130700000,0(0.00 %),0,0,10500,130700000,541187398,0.18
18/03/2021,246200,2990820000,0(0.00 %),250900,3048245000,4700,57425000,540941198,0.2
19/03/2021,171000,2035045000,0(0.00 %),176700,2102050000,5700,67005000,540770198,0.22
22/03/2021,-4600,-57405000,0(0.00 %),5400,65595000,10000,123000000,540774798,0.22
23/03/2021,3200,38350000,0(0.00 %),4700,56125000,1500,17775000,540771598,0.22
24/03/2021,4300,49265000,0(0.00 %),24400,283430000,20100,234165000,540767298,0.22
25/03/2021,7000,79595000,0(0.00 %),11600,132265000,4600,52670000,540760298,0.22
26/03/2021,5100,57710000,0(0.00 %),7200,81420000,2100,23710000,540755198,0.22
29/03/2021,29400,333560000,0(0.00 %),32000,363860000,2600,30300000,540725798,0.22
30/03/2021,-6100,-70025000,0(0.00 %),3900,44975000,10000,115000000,540731898,0.22
31/03/2021,135800,1576170000,0(0.00 %),176400,2049630000,40600,473460000,540596098,0.23
01/04/2021,22300,258745000,0(0.00 %),29100,337625000,6800,78880000,540533808,0.24
02/04/2021,63600,730410000,0(0.00 %),113900,1333980000,50300,603570000,540470208,0.25
05/04/2021,93200,1127860000,0(0.00 %),103800,1256330000,10600,128470000,540377008,0.25
06/04/2021,-4300,-52565000,0(0.00 %),20700,246480000,25000,299045000,540381308,0.25
07/04/2021,26800,321190000,0(0.00 %),36500,436605000,9700,115415000,540354508,0.26
08/04/2021,18000,216185000,0(0.00 %),18800,225785000,800,9600000,540336508,0.26
09/04/2021,18600,230040000,0(0.00 %),20300,251115000,1700,21075000,540317908,0.26
12/04/2021,-14400,-188460000,0(0.00 %),3800,47880000,18200,236340000,540332308,0.26
13/04/2021,-55200,-729700000,0(0.00 %),31800,423595000,87000,1153295000,540387508,0.25
14/04/2021,11600,150985000,0(0.00 %),13700,178180000,2100,27195000,540375908,0.25
15/04/2021,33800,435200000,0(0.00 %),38700,497430000,4900,62230000,540342108,0.0
16/04/2021,-96600,-1189060000,0(0.00 %),5000,60870000,101600,1249930000,540438708,0.25
19/04/2021,18700,228850000,0(0.00 %),20400,249430000,1700,20580000,540420008,0.25
20/04/2021,14200,173155000,0(0.00 %),21500,262950000,7300,89795000,540405808,0.25
22/04/2021,6200,72505000,0(0.00 %),6400,74835000,200,2330000,540399608,0.25
23/04/2021,113100,1298230000,0(0.00 %),113100,1298230000,0,0,540286508,0.26
26/04/2021,400,4600000,0(0.00 %),400,4600000,0,0,540286108,0.26
27/04/2021,1600,18185000,0(0.00 %),3100,35385000,1500,17200000,540284508,0.26
28/04/2021,34900,400990000,0(0.00 %),61200,702800000,26300,301810000,540249608,0.27
29/04/2021,-48300,-547645000,0(0.00 %),79600,908715000,127900,1456360000,540297908,0.26
04/05/2021,-17900,-197155000,0(0.00 %),26700,300305000,44600,497460000,540172578,0.27
05/05/2021,1600,18325000,0(0.00 %),8000,90000000,6400,71675000,540170978,0.27
06/05/2021,-14100,-158155000,0(0.00 %),100,1115000,14200,159270000,540185078,0.27
07/05/2021,-127800,-1394170000,0(0.00 %),4400,47565000,132200,1441735000,540312878,0.26
10/05/2021,-598400,-6288755000,0(0.00 %),7600,80440000,606000,6369195000,540911278,0.21
11/05/2021,-19300,-205500000,0(0.00 %),17700,190800000,37000,396300000,540930578,0.2
12/05/2021,95000,1035620000,0(0.00 %),97200,1059570000,2200,23950000,540835578,0.21
13/05/2021,-103800,-1201635000,0(0.00 %),12300,141225000,116100,1342860000,540939378,0.2
14/05/2021,50100,553305000,0(0.00 %),50300,555540000,200,2235000,540889278,0.21
17/05/2021,-6200,-67045000,0(0.00 %),15900,172565000,22100,239610000,540895478,0.21
18/05/2021,42400,452510000,0(0.00 %),43700,466355000,1300,13845000,540853078,0.21
19/05/2021,-20900,-224520000,0(0.00 %),1800,19340000,22700,243860000,540873978,0.21
20/05/2021,-14700,-156660000,0(0.00 %),27700,292880000,42400,449540000,540888678,0.21
21/05/2021,20600,219355000,0(0.00 %),21600,229855000,1000,10500000,540868078,0.21
24/05/2021,5000,53350000,0(0.00 %),5000,53350000,0,0,540863078,0.21
25/05/2021,-100000,-1060000000,0(0.00 %),0,0,100000,1060000000,540963078,0.2
26/05/2021,-54400,-571810000,0(0.00 %),1800,18960000,56200,590770000,541017478,0.2
27/05/2021,56900,611165000,0(0.00 %),56900,611165000,0,0,540960578,0.2
28/05/2021,2300,24395000,0(0.00 %),2300,24395000,0,0,540958278,0.2
31/05/2021,-3900,-41340000,0(0.00 %),5100,53160000,9000,94500000,540962178,0.2
01/06/2021,-800,-8440000,0(0.00 %),0,0,800,8440000,541125928,0.19
02/06/2021,78600,848660000,0(0.00 %),80400,868000000,1800,19340000,541047328,0.19
03/06/2021,249100,2784150000,0(0.00 %),311600,3484365000,62500,700215000,540798228,0.22
04/06/2021,310500,3474460000,0(0.00 %),313900,3512090000,3400,37630000,540487728,0.24
07/06/2021,116000,1223230000,0(0.00 %),116500,1228480000,500,5250000,540371728,0.25
08/06/2021,3200,34100000,0(0.00 %),3200,34100000,0,0,540368528,0.25
09/06/2021,14800,156135000,0(0.00 %),14800,156135000,0,0,540353728,0.26
10/06/2021,170800,1785255000,0(0.00 %),170800,1785255000,0,0,540182928,0.27
11/06/2021,238600,2469335000,0(0.00 %),239300,2476580000,700,7245000,539944328,0.29
14/06/2021,1958700,21044880000,0(0.00 %),1989700,21376580000,31000,331700000,537985628,0.47
15/06/2021,2432800,26223360000,0(0.00 %),2437000,26268300000,4200,44940000,535552828,0.69
16/06/2021,3840600,41098860000,0(0.00 %),3878100,41501955000,37500,403095000,531712228,1.04
17/06/2021,25900,284110000,0(0.00 %),26100,286310000,200,2200000,531686328,1.04
18/06/2021,4354200,48022340000,0(0.00 %),4508500,49714610000,154300,1692270000,527332128,1.43
21/06/2021,1421800,15865275000,0(0.00 %),1878000,21038040000,456200,5172765000,525910328,1.56
22/06/2021,131200,1537110000,0(0.00 %),246900,2888410000,115700,1351300000,525779128,1.57
23/06/2021,-344900,-3862465000,0(0.00 %),94100,1058525000,439000,4920990000,526124028,1.54
24/06/2021,560900,6144775000,0(0.00 %),1018200,11227150000,457300,5082375000,525563128,1.59
25/06/2021,497700,5478015000,0(0.00 %),497800,5479120000,100,1105000,525065428,1.64
28/06/2021,-308200,-3374840000,0(0.00 %),192400,2097380000,500600,5472220000,525373628,1.61
29/06/2021,159100,1719100000,0(0.00 %),162800,1759800000,3700,40700000,525214528,1.62
30/06/2021,106000,1138165000,0(0.00 %),422200,4579065000,316200,3440900000,525108528,1.63
01/07/2021,1371100,14798405000,0(0.00 %),1371100,14798405000,0,0,524798428,1.66
02/07/2021,-25900,-278580000,0(0.00 %),114400,1232130000,140300,1510710000,524824328,1.66
05/07/2021,47000,541542000,0(0.00 %),133200,1140806500,86200,599264500,524777328,1.66
06/07/2021,3500,35765000,0(0.00 %),19700,203840000,16200,168075000,524773828,1.66
07/07/2021,-45500,-459345000,0(0.00 %),58200,581715000,103700,1041060000,524819328,1.66
08/07/2021,-138500,-1482317200,0(0.00 %),74900,659365200,213400,2141682400,524957828,1.64
09/07/2021,79100,780747000,0(0.00 %),80100,790227000,1000,9480000,524878728,1.65
12/07/2021,186700,1626512000,0(0.00 %),191800,1670787000,5100,44275000,524692028,1.67
13/07/2021,91700,789623000,0(0.00 %),91700,789623000,0,0,524600328,1.68
14/07/2021,-35000,-305506000,0(0.00 %),1500,13113000,36500,318619000,524635328,1.67
15/07/2021,10400,93136000,0(0.00 %),30400,272336000,20000,179200000,524624928,1.67
16/07/2021,36600,328614000,0(0.00 %),36600,328614000,0,0,524588328,1.68
19/07/2021,60400,500392000,0(0.00 %),60400,500392000,0,0,524527928,1.68
20/07/2021,-20700,-162506000,0(0.00 %),24800,195869000,45500,358375000,524548628,1.68
21/07/2021,19900,161479000,0(0.00 %),19900,161479000,0,0,524528728,1.68
22/07/2021,95800,789092000,0(0.00 %),115800,953292000,20000,164200000,524432928,1.69
23/07/2021,17800,147880000,0(0.00 %),17800,147880000,0,0,524415128,1.69
26/07/2021,494700,3756288000,0(0.00 %),692700,5326876000,198000,1570588000,523920428,1.74
27/07/2021,-90200,-744914000,0(0.00 %),500,4113000,90700,749027000,524010628,1.73
28/07/2021,2200,17733000,0(0.00 %),2300,18530000,100,797000,524008428,1.73
29/07/2021,-436400,-3392598000,0(0.00 %),6700,52018000,443100,3444616000,524444828,1.69
30/07/2021,-193800,-1501419000,0(0.00 %),6200,48069000,200000,1549488000,524638628,1.67
02/08/2021,-336100,-2568865000,0(0.00 %),25500,195004000,361600,2763869000,522944328,1.83
03/08/2021,-10300,-75061000,0(0.00 %),37700,271358000,48000,346419000,522954628,1.83
04/08/2021,745500,5536151000,0(0.00 %),757400,5624511000,11900,88360000,522209128,1.89
05/08/2021,-81700,-631565000,0(0.00 %),108900,853680000,190600,1485245000,522290828,1.89
06/08/2021,32700,251567000,0(0.00 %),34200,263177000,1500,11610000,522258128,1.89
09/08/2021,197000,1487096000,0(0.00 %),197200,1488596000,200,1500000,522061128,1.91
10/08/2021,-200100,-1530373000,0(0.00 %),2000,15284000,202100,1545657000,522261228,1.89
11/08/2021,-165600,-1277183000,0(0.00 %),60500,469818000,226100,1747001000,522426828,1.87
12/08/2021,-233700,-1785255000,0(0.00 %),16800,128740000,250500,1913995000,522660528,1.85
13/08/2021,-467300,-3452347000,0(0.00 %),14200,91622000,481500,3543969000,523127828,1.81
16/08/2021,134800,1005676000,0(0.00 %),140200,1046068000,5400,40392000,522993028,1.82
17/08/2021,-195400,-1449693000,0(0.00 %),19000,141064000,214400,1590757000,523518628,1.77
18/08/2021,-4800,-37485000,0(0.00 %),7600,56291000,12400,93776000,522997828,1.82
19/08/2021,-187000,-1395875000,0(0.00 %),2300,17090000,189300,1412965000,523184828,1.8
20/08/2021,-283000,-2080951000,0(0.00 %),48400,355883000,331400,2436834000,523467828,1.78
23/08/2021,130100,906781000,0(0.00 %),145000,1012087000,14900,105306000,523337728,1.79
24/08/2021,-77100,-528827000,0(0.00 %),123100,847012000,200200,1375839000,523414828,1.78
25/08/2021,102100,690146000,0(0.00 %),128100,865485000,26000,175339000,523312728,1.79
26/08/2021,51200,353081000,0(0.00 %),51200,353081000,0,0,523261528,1.8
27/08/2021,29000,207750000,0(0.00 %),139500,992485000,110500,784735000,523232528,1.8
30/08/2021,-39500,-286466000,0(0.00 %),127190,928587000,166690,1215053000,523272028,1.8
31/08/2021,13700,98729000,0(0.00 %),48200,346123000,34500,247394000,523258328,1.8
01/09/2021,-56600,-400129000,0(0.00 %),171800,1221012000,228400,1621141000,524190628,1.71
06/09/2021,343100,2452249000,0(0.00 %),363300,2595469000,20200,143220000,523847528,1.74
07/09/2021,-116600,-828215000,0(0.00 %),87300,625784000,203900,1453999000,523964128,1.73
08/09/2021,-516600,-3565137000,0(0.00 %),8600,59340000,525200,3624477000,524480728,1.69
09/09/2021,-57100,-389355000,0(0.00 %),10000,68000000,67100,457355000,524537828,1.68
10/09/2021,10300,70816000,0(0.00 %),13000,89570000,2700,18754000,524527528,1.68
13/09/2021,-43300,-303575000,0(0.00 %),36500,257225000,79800,560800000,524570828,1.68
14/09/2021,-76800,-541771000,0(0.00 %),11900,84601000,88700,626372000,524647628,1.67
15/09/2021,120400,850231000,0(0.00 %),121500,858028000,1100,7797000,524527228,1.68
16/09/2021,16700,118469000,0(0.00 %),16700,118469000,0,0,524510528,1.69
17/09/2021,-4971800,-37617081000,0(0.00 %),137900,1012190000,5109700,38629271000,529482328,1.24
20/09/2021,64600,521288000,0(0.00 %),82600,666623000,18000,145335000,529417728,1.24
21/09/2021,311900,2558374000,0(0.00 %),332100,2721447000,20200,163073000,529105828,1.27
22/09/2021,8200,74244000,0(0.00 %),125000,1013120000,116800,938876000,529097628,1.27
23/09/2021,-33800,-254455000,0(0.00 %),247500,2017567000,281300,2272022000,529131428,1.27
24/09/2021,-55900,-438288000,0(0.00 %),67300,521490000,123200,959778000,529187328,1.26
27/09/2021,-368100,-2742802000,0(0.00 %),11000,82503000,379100,2825305000,529555428,1.23
28/09/2021,41700,307667000,0(0.00 %),144300,1050286000,102600,742619000,529513728,1.23
29/09/2021,-136100,-977775000,0(0.00 %),11500,83355000,147600,1061130000,529649828,1.22
30/09/2021,68200,494473000,0(0.00 %),73800,535202000,5600,40729000,529581628,1.23
01/10/2021,-194500,-1397058000,0(0.00 %),63770,430922400,258270,1827980400,529737628,1.21
04/10/2021,107900,778479000,0(0.00 %),107900,778479000,0,0,529629728,1.22
05/10/2021,3400,24580000,0(0.00 %),3600,26022000,200,1442000,529626328,1.22
06/10/2021,18200,131554000,0(0.00 %),23500,171125000,5300,39571000,529608128,0.0
07/10/2021,-107400,-794783000,0(0.00 %),8900,65932000,116300,860715000,529715528,0.0
08/10/2021,27400,205458000,0(0.00 %),33500,251330000,6100,45872000,529688128,0.0
11/10/2021,57700,364141800,0(0.00 %),60800,387807200,3100,23665400,529630428,0.0
12/10/2021,5000,36663000,0(0.00 %),36400,273063000,31400,236400000,529625428,0.0
13/10/2021,327100,2474233000,0(0.00 %),330300,2498457000,3200,24224000,529298328,0.0
14/10/2021,234200,1797185000,0(0.00 %),234300,1797943000,100,758000,529064128,0.0
15/10/2021,65200,503984000,0(0.00 %),79000,610075000,13800,106091000,528998928,0.0
18/10/2021,9600,72700000,0(0.00 %),9600,72700000,0,0,528989328,0.0
19/10/2021,-85200,-637345000,0(0.00 %),11900,89243000,97100,726588000,529074528,0.0
20/10/2021,100,2030000,0(0.00 %),23300,173574000,23200,171544000,529074428,0.0
21/10/2021,-21600,-161236000,0(0.00 %),20500,154147000,42100,315383000,529096128,0.0
22/10/2021,-5300,-38999000,0(0.00 %),14700,110761000,20000,149760000,529101428,0.0
25/10/2021,4900,36643000,0(0.00 %),4900,36643000,0,0,529096528,0.0
26/10/2021,15700,116107000,0(0.00 %),15700,116107000,0,0,529080828,0.0
27/10/2021,97100,725739000,0(0.00 %),102200,763684000,5100,37945000,528983728,0.0
28/10/2021,196600,1499918000,0(0.00 %),196600,1499918000,0,0,528787128,1.3
29/10/2021,40500,314780000,0(0.00 %),203700,1544515000,163200,1229735000,528746628,1.3
01/11/2021,270000,2118102000,0(0.00 %),305700,2399455000,35700,281353000,528936028,1.29
02/11/2021,-8700,-68766000,0(0.00 %),11000,86801000,19700,155567000,528944728,1.29
03/11/2021,-88400,-683750000,0(0.00 %),40600,311929000,129000,995679000,529033128,0.0
04/11/2021,-125100,-958723000,0(0.00 %),6700,36235200,131800,994958200,529069828,0.0
05/11/2021,-24300,-154853000,0(0.00 %),112800,893011000,137100,1047864000,528969028,0.0
08/11/2021,183700,1505626000,0(0.00 %),227100,1868529000,43400,362903000,528761028,1.3
09/11/2021,880900,7610267000,0(0.00 %),1111800,9596702000,230900,1986435000,527880128,1.38
10/11/2021,557300,4752097100,0(0.00 %),587300,5007907100,30000,255810000,527322828,0.0
11/11/2021,444800,3805255000,0(0.00 %),537600,4600127000,92800,794872000,527435328,1.42
12/11/2021,99000,898942000,0(0.00 %),182500,1629176000,83500,730234000,527336328,1.43
15/11/2021,-471800,-4555526000,0(0.00 %),158000,1520084000,629800,6075610000,527808128,1.39
16/11/2021,291500,2722855000,0(0.00 %),461200,4293111000,169700,1570256000,527516628,1.41
17/11/2021,114700,1039425000,0(0.00 %),148200,1342546000,33500,303121000,527401928,1.42
18/11/2021,169500,1556856000,0(0.00 %),177200,1627458000,7700,70602000,527232428,1.44
19/11/2021,144400,1323395000,0(0.00 %),205800,1878624000,61400,555229000,527088028,1.45
22/11/2021,155800,1288095000,0(0.00 %),279800,2363632000,124000,1075537000,526932228,1.47
23/11/2021,-17600,-143409000,0(0.00 %),23300,188197000,40900,331606000,526949828,1.47
24/11/2021,-78600,-656544000,0(0.00 %),21100,177433000,99700,833977000,527028428,1.46
25/11/2021,-1402100,-11647160000,0(0.00 %),70300,586465000,1472400,12233625000,528430528,1.33
26/11/2021,-269000,-2250722000,0(0.00 %),8600,71218000,277600,2321940000,528699528,0.0
29/11/2021,18800,158878800,0(0.00 %),47600,402267600,28800,243388800,528680728,0.0
30/11/2021,-281300,-2527981000,0(0.00 %),16500,147410000,297800,2675391000,528980828,1.28
01/12/2021,9100,79674000,0(0.00 %),35200,310450000,26100,230776000,528179268,1.35
02/12/2021,-32700,-312717000,0(0.00 %),62400,561675000,95100,874392000,528211968,1.35
03/12/2021,1400,12444000,0(0.00 %),3400,30120000,2000,17676000,528210568,2.35
06/12/2021,-26400,-229663000,0(0.00 %),4900,41866000,31300,271529000,528236968,2.35
07/12/2021,-23100,-201028000,0(0.00 %),24500,214281000,47600,415309000,528260068,2.35
08/12/2021,-43500,-392343000,0(0.00 %),25000,230147000,68500,622490000,528303568,2.34
09/12/2021,-56600,-543933000,0(0.00 %),38400,353408000,95000,897341000,528360168,0.0
10/12/2021,-350100,-3613815000,0(0.00 %),63500,654710000,413600,4268525000,528710268,2.31
13/12/2021,-59800,-657590000,0(0.00 %),15100,153450000,74900,811040000,528770068,2.3
14/12/2021,-155900,-1774340000,0(0.00 %),41100,458895000,197000,2233235000,528925968,0.0
15/12/2021,296600,3164075000,0(0.00 %),364700,3908955000,68100,744880000,528629368,0.0
16/12/2021,-70900,-761320000,0(0.00 %),230100,2450930000,301000,3212250000,528700268,0.0
17/12/2021,-550300,-5803075000,0(0.00 %),12400,138245000,562700,5941320000,529250568,0.0
20/12/2021,-1800,-20760000,0(0.00 %),110600,1160255000,112400,1181015000,529252368,0.0
21/12/2021,-112700,-1199785000,0(0.00 %),155500,1693955000,268200,2893740000,529365068,0.0
22/12/2021,-551800,-6128250000,0(0.00 %),22500,251835000,574300,6380085000,529916868,0.0
23/12/2021,-43700,-508775000,0(0.00 %),51800,608650000,95500,1117425000,529960568,0.0
24/12/2021,-24000,-301200000,0(0.00 %),0,0,24000,301200000,529940868,0.0
27/12/2021,-69600,-974945000,0(0.00 %),184400,2410025000,254000,3384970000,541179207,1.18
28/12/2021,-33700,-451725000,0(0.00 %),50300,666880000,84000,1118605000,541212907,0.0
29/12/2021,-792400,-10428370000,0(0.00 %),25800,339345000,818200,10767715000,541387907,1.16
30/12/2021,25300,334090000,0(0.00 %),36300,483040000,11000,148950000,541435607,1.16
31/12/2021,-37500,-476370000,0(0.00 %),17200,212790000,54700,689160000,542236607,1.09
04/01/2022,-168200,-2114465000,0(0.00 %),154900,1935250000,323100,4049715000,542092707,1.1
05/01/2022,-230000,-3016065000,0(0.00 %),37500,474855000,267500,3490920000,542109907,1.1
06/01/2022,-174000,-2352470000,0(0.00 %),11500,155265000,185500,2507735000,542421507,1.07
07/01/2022,-283700,-3811475000,0(0.00 %),4600,60975000,288300,3872450000,542684407,1.05
10/01/2022,-189400,-2699430000,0(0.00 %),27300,262425600,216700,2961855600,542842607,1.03
11/01/2022,-415900,-5633970000,0(0.00 %),33600,452030000,449500,6086000000,543097307,1.01
12/01/2022,-79600,-950700000,0(0.00 %),36400,441300000,116000,1392000000,543277607,0.99
13/01/2022,-32000,-361700000,0(0.00 %),9000,101500000,41000,463200000,543718107,0.95
14/01/2022,505000,5494280000,0(0.00 %),553100,6002650000,48100,508370000,543281007,0.99
17/01/2022,220600,2302340000,0(0.00 %),245600,2566390000,25000,264050000,543076407,1.01
18/01/2022,1347100,13979000000,0(0.00 %),1354200,14050775000,7100,71775000,541770307,1.13
19/01/2022,-395900,-4095195000,0(0.00 %),27900,291635000,423800,4386830000,541767407,1.13
20/01/2022,-141000,-1411749000,0(0.00 %),4600,44959000,145600,1456708000,541769907,1.13
21/01/2022,-645900,-6669815000,0(0.00 %),6900,71215000,652800,6741030000,542186807,1.09
24/01/2022,-730600,-7291243000,0(0.00 %),19800,191856000,750400,7483099000,542312537,1.08
25/01/2022,993100,9232585000,0(0.00 %),1000500,9302077000,7400,69492000,541964837,1.11
26/01/2022,347800,3169557600,0(0.00 %),356000,3245686400,8200,76128800,542359237,1.08
27/01/2022,-8200,-77772000,0(0.00 %),4100,38914000,12300,116686000,542362537,1.07
28/01/2022,-328700,-2990431000,0(0.00 %),159700,1429177000,488400,4419608000,542211037,1.09
07/02/2022,636300,5956196000,0(0.00 %),636300,5956196000,0,0,541587037,1.14
08/02/2022,-111900,-1050605000,0(0.00 %),63700,602368000,175600,1652973000,542011737,1.11
09/02/2022,-75400,-709301000,0(0.00 %),800,7547000,76200,716848000,542010937,1.11
10/02/2022,-155700,-1516398000,0(0.00 %),118000,1147756000,273700,2664154000,542068537,1.1
11/02/2022,-484600,-4670982000,0(0.00 %),10500,101935000,495100,4772917000,542134237,1.1
14/02/2022,-226200,-2036967000,0(0.00 %),15000,135537000,241200,2172504000,542392937,1.07
15/02/2022,-184700,-1598633000,0(0.00 %),6800,59711000,191500,1658344000,542881237,1.03
16/02/2022,118900,1089069000,0(0.00 %),127800,1170650000,8900,81581000,542994637,1.02
17/02/2022,802600,7441915000,0(0.00 %),802600,7441915000,0,0,542390537,1.07
18/02/2022,103000,981413000,0(0.00 %),113300,1081786000,10300,100373000,542286137,1.08
21/02/2022,-177700,-1732336000,0(0.00 %),1800,17621000,179500,1749957000,542284337,1.08
22/02/2022,-67200,-642011000,0(0.00 %),66200,630815000,133400,1272826000,542228437,1.09
23/02/2022,500,4790000,0(0.00 %),500,4790000,0,0,542407437,1.07
24/02/2022,-307700,-2803108000,0(0.00 %),6000,54848000,313700,2857956000,542534837,1.06
25/02/2022,18400,166449000,0(0.00 %),44100,405560000,25700,239111000,542490737,1.06
28/02/2022,-44400,-395432000,0(0.00 %),14700,132579000,59100,528011000,542789737,1.04
01/03/2022,12100,114491000,0(0.00 %),56800,518295000,44700,403804000,542758637,1.04
02/03/2022,897700,8249324000,0(0.00 %),928400,8528300000,30700,278976000,541889337,1.12
03/03/2022,603700,5564285000,0(0.00 %),614700,5665692000,11000,101407000,541319337,1.17
04/03/2022,-220200,-2193739000,0(0.00 %),17700,173575000,237900,2367314000,541332337,1.17
07/03/2022,-147200,-1556225000,0(0.00 %),43400,447550000,190600,2003775000,541302937,1.17
08/03/2022,-17500,-174720000,0(0.00 %),36500,376490000,54000,551210000,541504337,1.15
09/03/2022,5600,55277000,0(0.00 %),7600,74477000,2000,19200000,541687337,1.14
10/03/2022,-58700,-584922000,0(0.00 %),34300,345108000,93000,930030000,541710037,1.13
11/03/2022,11400,111803000,0(0.00 %),12300,120781000,900,8978000,541699737,1.13
14/03/2022,-159500,-1546320000,0(0.00 %),0,0,159500,1546320000,541792737,1.13
15/03/2022,-117400,-1120898000,0(0.00 %),9700,92300000,127100,1213198000,541783937,1.13
16/03/2022,-14400,-139402000,0(0.00 %),2700,26035000,17100,165437000,541940677,1.11
17/03/2022,-28700,-280765000,0(0.00 %),5000,48800000,33700,329565000,542062777,1.1
18/03/2022,-1808200,-17871988000,0(0.00 %),8000,80200000,1816200,17952188000,542071877,1.1
21/03/2022,200,1996000,0(0.00 %),200,1996000,0,0,542105377,1.1
22/03/2022,-8600,-90212000,0(0.00 %),11700,121263000,20300,211475000,543909877,0.94
23/03/2022,-93300,-966115000,0(0.00 %),14000,143665000,107300,1109780000,543895877,0.94
24/03/2022,285700,2932845000,0(0.00 %),327400,3361130000,41700,428285000,543588777,0.96
25/03/2022,83900,852865000,0(0.00 %),83900,852865000,0,0,543612177,0.96
28/03/2022,190800,1992280000,0(0.00 %),227100,2381685000,36300,389405000,543426777,0.98
29/03/2022,-325500,-3552165000,0(0.00 %),1600,17125000,327100,3569290000,543425177,0.98
30/03/2022,-99300,-1048240000,0(0.00 %),800,8355000,100100,1056595000,543460677,0.98
31/03/2022,-162400,-1672815000,0(0.00 %),12500,127810000,174900,1800625000,543775277,0.95
01/04/2022,10800,109297000,0(0.00 %),10800,109297000,0,0,543864577,0.94
04/04/2022,58600,604010000,0(0.00 %),63600,655260000,5000,51250000,543975877,0.93
05/04/2022,472900,4823495000,0(0.00 %),474200,4836770000,1300,13275000,543501677,0.97
06/04/2022,-22200,-227540000,0(0.00 %),400,4120000,22600,231660000,543506277,0.97
07/04/2022,572300,5741103000,0(0.00 %),622200,6244683000,49900,503580000,542933977,0.0
08/04/2022,961500,9649661000,0(0.00 %),1012000,10153829000,50500,504168000,541895977,1.12
12/04/2022,1284200,12185393000,0(0.00 %),1287200,12213923000,3000,28530000,540611777,0.0
13/04/2022,691300,6416003000,0(0.00 %),712300,6611803000,21000,195800000,540658677,1.23
14/04/2022,0,-21000,0(0.00 %),500,4729000,500,4750000,539999377,1.29
15/04/2022,5100,48111000,0(0.00 %),6100,57541000,1000,9430000,540014277,1.29
18/04/2022,1043200,9088744000,0(0.00 %),1043900,9094804000,700,6060000,538970877,1.38
19/04/2022,43000,353930000,0(0.00 %),43000,353930000,0,0,538928877,1.38
20/04/2022,1288600,9884792000,0(0.00 %),1289600,9892402000,1000,7610000,538705677,0.0
21/04/2022,1425600,10021055000,0(0.00 %),1426500,10027328000,900,6273000,536216477,1.63
22/04/2022,184200,1313144000,0(0.00 %),184200,1313144000,0,0,536036277,1.65
25/04/2022,-240200,-1725814000,0(0.00 %),100,697000,240300,1726511000,536037077,1.65
26/04/2022,186700,1279234000,0(0.00 %),452400,3152109000,265700,1872875000,535584677,1.69
27/04/2022,-431200,-3115850000,0(0.00 %),2500,18165000,433700,3134015000,535822477,1.66
28/04/2022,-24200,-176814000,0(0.00 %),7500,55047000,31700,231861000,536080677,1.64
29/04/2022,2500,18031000,0(0.00 %),19200,139745000,16700,121714000,536495177,1.6
04/05/2022,-315400,-2274855000,0(0.00 %),500,3633000,315900,2278488000,536526377,1.6
05/05/2022,-21400,-152259000,0(0.00 %),75000,539630000,96400,691889000,536547777,0.0
06/05/2022,35000,243250000,0(0.00 %),39900,277305000,4900,34055000,536744077,1.58
09/05/2022,10200,65994000,0(0.00 %),11200,72464000,1000,6470000,536829277,1.57
10/05/2022,189600,1241880000,0(0.00 %),197500,1293625000,7900,51745000,536636677,1.59
11/05/2022,-17700,-117355000,0(0.00 %),15700,104750000,33400,222105000,536654377,0.0
12/05/2022,36900,247620000,0(0.00 %),66200,437665000,29300,190045000,536617477,0.0
13/05/2022,-109600,-686234000,0(0.00 %),44500,264389000,154100,950623000,536555577,1.6
16/05/2022,126100,737685000,0(0.00 %),148500,868725000,22400,131040000,536436377,1.61
17/05/2022,223600,1397500000,0(0.00 %),253700,1585625000,30100,188125000,536339777,1.62
18/05/2022,38200,240660000,0(0.00 %),94800,597240000,56600,356580000,536267377,1.62
19/05/2022,-90800,-565684000,0(0.00 %),6000,37380000,96800,603064000,536291477,1.62
20/05/2022,-10900,-67144000,0(0.00 %),51400,316624000,62300,383768000,536296677,1.62
23/05/2022,-17400,-106140000,0(0.00 %),98400,600240000,115800,706380000,536298577,1.62
24/05/2022,-147200,-897920000,0(0.00 %),27800,169580000,175000,1067500000,536333077,1.62
25/05/2022,198700,1247836000,0(0.00 %),198700,1247836000,0,0,536250137,1.63
26/05/2022,101000,638320000,0(0.00 %),101600,642112000,600,3792000,536323537,1.62
27/05/2022,57800,381480000,0(0.00 %),57900,382140000,100,660000,536265637,1.62
30/05/2022,19100,126060000,0(0.00 %),54500,359700000,35400,233640000,536211737,1.63
31/05/2022,-14800,-95756000,0(0.00 %),30200,195394000,45000,291150000,536181637,1.63
01/06/2022,-44400,-282828000,0(0.00 %),32500,207025000,76900,489853000,536184537,1.63
02/06/2022,10900,67907000,0(0.00 %),37500,233625000,26600,165718000,536192037,1.63
03/06/2022,-157000,-951420000,0(0.00 %),6200,37572000,163200,988992000,536262737,1.63
06/06/2022,1170700,7264088000,0(0.00 %),1223500,7583997000,52800,319909000,535065837,1.73
07/06/2022,0,0,0(0.00 %),0,0,0,0,535217737,1.72
08/06/2022,999500,6506745000,0(0.00 %),1013700,6599187000,14200,92442000,534256837,1.81
09/06/2022,940300,6140159000,0(0.00 %),940300,6140159000,0,0,533424337,1.88
10/06/2022,1047300,6681774000,0(0.00 %),1058400,6752592000,11100,70818000,532380137,1.98
13/06/2022,-438400,-2604096000,0(0.00 %),74400,441936000,512800,3046032000,532305737,1.98
14/06/2022,-56900,-324899000,0(0.00 %),164700,940437000,221600,1265336000,532152137,2.0
15/06/2022,-236600,-1258712000,0(0.00 %),42400,225568000,279000,1484280000,532622537,1.95
16/06/2022,10600,57028000,0(0.00 %),10600,57028000,0,0,532833537,1.93
17/06/2022,1525800,7644258000,0(0.00 %),1575800,7894758000,50000,250500000,531536737,2.05
20/06/2022,63900,303696000,0(0.00 %),79500,382298000,15600,78602000,531457237,2.06
21/06/2022,-3500,-17430000,0(0.00 %),12500,62250000,16000,79680000,531494737,2.06
22/06/2022,80800,414504000,0(0.00 %),80800,414504000,0,0,531432037,2.06
23/06/2022,10800,54972000,0(0.00 %),64500,328305000,53700,273333000,531383537,2.07
24/06/2022,30000,152700000,0(0.00 %),42000,213780000,12000,61080000,531341537,2.07
27/06/2022,145300,763128000,0(0.00 %),149100,782648000,3800,19520000,531246137,2.08
28/06/2022,53400,289428000,0(0.00 %),53400,289428000,0,0,531204737,2.08
29/06/2022,-17200,-91088000,0(0.00 %),14100,74978000,31300,166066000,531194437,2.08
30/06/2022,-89100,-445500000,0(0.00 %),4500,22500000,93600,468000000,531189937,2.08
01/07/2022,31400,163280000,0(0.00 %),77700,404040000,46300,240760000,531143537,2.09
04/07/2022,-30700,-165417000,0(0.00 %),19800,105763000,50500,271180000,531143537,2.09
05/07/2022,-80700,-427710000,0(0.00 %),100,530000,80800,428240000,531266037,2.08
06/07/2022,67300,339192000,0(0.00 %),136900,689976000,69600,350784000,531179637,2.08
07/07/2022,-15500,-78740000,0(0.00 %),3800,19304000,19300,98044000,531256637,2.08
08/07/2022,-17700,605744000,0(0.00 %),15700,697444000,33400,91700000,531274337,0.0
11/07/2022,115600,605744000,0(0.00 %),133100,697444000,17500,91700000,531111037,2.09
12/07/2022,-292500,-1638000000,0(0.00 %),11900,66640000,304400,1704640000,531099837,2.09
13/07/2022,-21000,-125790000,0(0.00 %),0,0,21000,125790000,531117337,2.09
14/07/2022,137700,856494000,0(0.00 %),143600,893192000,5900,36698000,531278137,2.07
15/07/2022,180500,1147980000,0(0.00 %),190500,1211580000,10000,63600000,531108637,2.09
18/07/2022,181900,1236920000,0(0.00 %),210500,1431400000,28600,194480000,530904037,2.11
19/07/2022,-315100,-2208851000,0(0.00 %),40000,280400000,355100,2489251000,530874037,2.11
20/07/2022,-225000,-1467000000,0(0.00 %),72600,473352000,297600,1940352000,530830037,2.12
21/07/2022,-77800,-502588000,0(0.00 %),50200,324292000,128000,826880000,531137437,2.09
22/07/2022,10800,976884000,0(0.00 %),64500,1015985000,53700,39101000,531276537,2.07
25/07/2022,17900,122436000,0(0.00 %),84200,575928000,66300,453492000,531322837,2.07
26/07/2022,-909000,-5953950000,0(0.00 %),100500,658275000,1009500,6612225000,531228437,2.08
27/07/2022,17600,117040000,0(0.00 %),49600,329840000,32000,212800000,531245137,2.08
28/07/2022,-17000,-110500000,0(0.00 %),97200,631800000,114200,742300000,532157437,2.0
29/07/2022,-4300,-27907000,0(0.00 %),100,649000,4400,28556000,532189337,1.99
01/08/2022,-34300,-208544000,0(0.00 %),63100,383648000,97400,592192000,532240437,1.99
02/08/2022,169000,1096810000,0(0.00 %),182000,1181180000,13000,84370000,532062837,2.0
03/08/2022,-125800,-873052000,0(0.00 %),151600,1052104000,277400,1925156000,532008637,2.01
04/08/2022,36700,251762000,0(0.00 %),116100,796446000,79400,544684000,531905537,2.02
05/08/2022,130300,892555000,0(0.00 %),186000,1274100000,55700,381545000,531996937,2.01
08/08/2022,-127900,-855651000,0(0.00 %),94300,630867000,222200,1486518000,531982037,2.01
09/08/2022,-912000,-6238080000,0(0.00 %),234200,1601928000,1146200,7840008000,531803537,2.03
10/08/2022,-1039800,-7237008000,0(0.00 %),30400,211584000,1070200,7448592000,531995337,2.01
11/08/2022,-217700,-1489068000,0(0.00 %),33800,231192000,251500,1720260000,533107737,1.91
12/08/2022,-159200,-1095296000,0(0.00 %),2100,14448000,161300,1109744000,534175837,1.81
15/08/2022,-126100,-895310000,0(0.00 %),21000,149100000,147100,1044410000,534406337,1.79
16/08/2022,-703400,-5134820000,0(0.00 %),333000,2430900000,1036400,7565720000,534234637,1.81
17/08/2022,35600,252760000,0(0.00 %),88500,628350000,52900,375590000,534293237,1.8
18/08/2022,-40700,-281237000,0(0.00 %),1700,11747000,42400,292984000,535327937,1.71
19/08/2022,-258200,-1760924000,0(0.00 %),100,682000,258300,1761606000,535380737,1.7
22/08/2022,-64000,-446080000,0(0.00 %),30900,215373000,94900,661453000,535392237,1.7
23/08/2022,-251100,-1742634000,0(0.00 %),0,0,251100,1742634000,535650537,1.68
24/08/2022,-115000,-828000000,0(0.00 %),40000,288000000,155000,1116000000,535705437,1.68
25/08/2022,-10100,-71912000,0(0.00 %),500,3560000,10600,75472000,535956037,1.65
26/08/2022,-73900,-512866000,0(0.00 %),3600,24984000,77500,537850000,536107437,1.64
29/08/2022,-17400,-118668000,0(0.00 %),2600,17732000,20000,136400000,536115437,1.64
30/08/2022,-32400,-217080000,0(0.00 %),2300,15410000,34700,232490000,536190637,1.63
31/08/2022,33400,225784000,0(0.00 %),33400,225784000,0,0,536177237,1.63
05/09/2022,45500,305305000,0(0.00 %),47500,318725000,2000,13420000,536164437,1.63
06/09/2022,24500,160965000,0(0.00 %),155000,1018350000,130500,857385000,536009437,1.65
07/09/2022,66300,411060000,0(0.00 %),66300,411060000,0,0,535945137,1.65
08/09/2022,73700,434830000,0(0.00 %),79200,467280000,5500,32450000,535996437,1.65
09/09/2022,71700,432351000,0(0.00 %),102600,618678000,30900,186327000,535897837,1.66
12/09/2022,-13500,432351000,0(0.00 %),1500,618678000,15000,186327000,535901837,1.66
13/09/2022,-13000,432351000,0(0.00 %),6000,618678000,19000,186327000,535926737,1.66
14/09/2022,-18300,432351000,0(0.00 %),1000,618678000,19300,186327000,535940737,1.65
15/09/2022,36800,-116754000,0(0.00 %),45800,6380000,9000,123134000,0,1.66
16/09/2022,-289500,-1768845000,0(0.00 %),2000,12220000,291500,1781065000,535931237,1.65
19/09/2022,-52300,-322168000,0(0.00 %),3700,22792000,56000,344960000,535983537,1.65
20/09/2022,4400,27324000,0(0.00 %),18900,117369000,14500,90045000,536209137,1.63
21/09/2022,6600,40590000,0(0.00 %),11600,71340000,5000,30750000,536253537,1.63
22/09/2022,-53800,-337326000,0(0.00 %),34300,215061000,88100,552387000,536233737,1.63
23/09/2022,35400,226560000,0(0.00 %),37000,236800000,1600,10240000,536201737,1.63
26/09/2022,13300,80332000,0(0.00 %),30600,184824000,17300,104492000,536259237,1.63
27/09/2022,-17300,-103973000,0(0.00 %),17700,106377000,35000,210350000,536247137,1.63
28/09/2022,-26900,-150371000,0(0.00 %),13000,72670000,39900,223041000,536251437,1.63
29/09/2022,-300,-1635000,0(0.00 %),16800,91560000,17100,93195000,536269637,1.62
30/09/2022,-50500,-283810000,0(0.00 %),4300,24166000,54800,307976000,536305237,1.62
03/10/2022,86200,453412000,0(0.00 %),86200,453412000,0,0,536236137,1.63
04/10/2022,101484,534820680,0(0.00 %),122484,645490680,21000,110670000,536168453,1.63
05/10/2022,45500,252525000,0(0.00 %),110900,615495000,65400,362970000,536057553,1.64
06/10/2022,3900,20280000,0(0.00 %),10900,56680000,7000,36400000,536067653,1.64
07/10/2022,-38400,-185856000,0(0.00 %),150000,726000000,188400,911856000,535983053,1.65
10/10/2022,66500,331170000,0(0.00 %),156100,777378000,89600,446208000,535841953,1.66
11/10/2022,-28700,-133168000,0(0.00 %),12100,56144000,40800,189312000,536018253,1.65
12/10/2022,96400,454044000,0(0.00 %),117400,552954000,21000,98910000,535990453,1.65
13/10/2022,-66300,-309621000,0(0.00 %),89600,418432000,155900,728053000,535941653,1.65
14/10/2022,414500,1985455000,0(0.00 %),414600,1985934000,100,479000,535548053,1.69
17/10/2022,-111900,-523692000,0(0.00 %),7900,36972000,119800,560664000,535696053,1.68
18/10/2022,66200,318422000,0(0.00 %),277100,1332851000,210900,1014429000,535419053,1.7
19/10/2022,-127900,-609229000,0(0.00 %),47400,228116000,175300,837345000,535546953,1.69
20/10/2022,-102500,-483867000,0(0.00 %),3100,14571000,105600,498438000,535593953,1.69
21/10/2022,298500,1380671000,0(0.00 %),501000,2325276000,202500,944605000,535400753,1.7
24/10/2022,99600,414946000,0(0.00 %),118200,494686000,18600,79740000,535273953,1.71
25/10/2022,427600,1744952000,0(0.00 %),427700,1745360000,100,408000,534846353,1.75
26/10/2022,60300,249936000,0(0.00 %),61100,253288000,800,3352000,534873053,1.75
27/10/2022,281600,1184676000,0(0.00 %),281600,1184676000,0,0,534811753,1.76
28/10/2022,-57340,-240828000,0(0.00 %),98760,414792000,156100,655620000,534713793,1.76
31/10/2022,-31300,-128330000,0(0.00 %),42100,172610000,73400,300940000,534671693,1.77
01/11/2022,44300,182073000,0(0.00 %),59600,244956000,15300,62883000,534768193,1.76
02/11/2022,135800,564928000,0(0.00 %),157400,654784000,21600,89856000,534684193,1.77
03/11/2022,48000,201600000,0(0.00 %),48000,201600000,0,0,534651493,1.77
04/11/2022,-144400,-607924000,0(0.00 %),5200,21892000,149600,629816000,534667893,1.77
07/11/2022,-358100,-1403752000,0(0.00 %),5000,19600000,363100,1423352000,534662893,1.77
08/11/2022,210060,861246000,0(0.00 %),245660,1007206000,35600,145960000,534566833,1.78
09/11/2022,208000,873600000,0(0.00 %),208000,873600000,0,0,534721933,1.76
10/11/2022,-74500,-298000000,0(0.00 %),22400,89600000,96900,387600000,534735133,1.76
11/11/2022,-69500,-277305000,0(0.00 %),40200,160398000,109700,437703000,534694933,1.77
14/11/2022,20700,82800000,0(0.00 %),84000,336000000,63300,253200000,534707833,1.77
15/11/2022,-36600,-136152000,0(0.00 %),116600,433752000,153200,569904000,534700933,1.77
16/11/2022,139000,553220000,0(0.00 %),181600,722768000,42600,169548000,534582633,1.78
17/11/2022,144400,607924000,0(0.00 %),156700,659707000,12300,51783000,534579133,1.78
18/11/2022,256600,1085418000,0(0.00 %),267000,1129410000,10400,43992000,534354733,1.8
21/11/2022,107816,465765120,0(0.00 %),138800,599616000,30984,133850880,534228233,1.81
22/11/2022,27800,116760000,0(0.00 %),98200,412440000,70400,295680000,534140433,1.82
23/11/2022,-154600,-633860000,0(0.00 %),3700,15170000,158300,649030000,534167717,1.81
24/11/2022,191410,803922000,0(0.00 %),191500,804300000,90,378000,534046617,1.82
25/11/2022,117300,500871000,0(0.00 %),120100,512827000,2800,11956000,534084817,1.82
28/11/2022,419400,1874718000,0(0.00 %),419400,1874718000,0,0,533665417,0.0
29/11/2022,122500,564725000,0(0.00 %),170100,784161000,47600,219436000,533542917,1.87
30/11/2022,62400,283920000,0(0.00 %),88600,403130000,26200,119210000,533480517,1.88
01/12/2022,-480890,-2168813900,0(0.00 %),254200,1146442000,735090,3315255900,533155407,0.0
02/12/2022,315200,1443616000,0(0.00 %),415000,1900700000,99800,457084000,532840207,0.0
05/12/2022,-132900,-624630000,0(0.00 %),368800,1733360000,501700,2357990000,532973107,1.92
06/12/2022,-545900,-2740418000,0(0.00 %),112900,566758000,658800,3307176000,533519007,0.0
07/12/2022,-967300,-4546310000,0(0.00 %),86400,406080000,1053700,4952390000,534486307,0.0
08/12/2022,-727300,-3432856000,0(0.00 %),40600,191632000,767900,3624488000,534200897,1.81
09/12/2022,-369600,-1744512000,0(0.00 %),175100,826472000,544700,2570984000,535079497,1.73
12/12/2022,-80000,-372800000,0(0.00 %),32300,150518000,112300,523318000,535663207,1.68
13/12/2022,-207000,-956340000,0(0.00 %),92200,425964000,299200,1382304000,535870207,1.66
14/12/2022,144400,687344000,0(0.00 %),145000,690200000,600,2856000,535725807,0.0
15/12/2022,316200,1517760000,0(0.00 %),316200,1517760000,0,0,535409607,0.0
16/12/2022,2587900,12628952000,0(0.00 %),2639300,12879784000,51400,250832000,532821707,0.0
19/12/2022,-251700,-1157820000,0(0.00 %),43900,201940000,295600,1359760000,533073407,1.91
20/12/2022,-86100,-368508000,0(0.00 %),171200,732736000,257300,1101244000,533159507,1.9
21/12/2022,-415300,-1843932000,0(0.00 %),100,444000,415400,1844376000,533574807,1.87
22/12/2022,-249100,-1101022000,0(0.00 %),57600,254592000,306700,1355614000,533823907,1.85
23/12/2022,38200,163496000,0(0.00 %),49000,209720000,10800,46224000,533785707,1.85
26/12/2022,-77200,-308800000,0(0.00 %),11800,47200000,89000,356000000,533862907,1.84
27/12/2022,158400,670032000,0(0.00 %),178400,754632000,20000,84600000,533704507,1.86
28/12/2022,7100,30033000,0(0.00 %),44700,189081000,37600,159048000,533697407,0.0
29/12/2022,170700,711819000,0(0.00 %),170700,711819000,0,0,534297997,1.8
30/12/2022,-104600,-435136000,0(0.00 %),24100,100256000,128700,535392000,534311497,1.8
03/01/2023,219300,958341000,0(0.00 %),219300,958341000,0,0,534092097,1.82
04/01/2023,-13400,-57888000,0(0.00 %),6600,28512000,20000,86400000,534214197,1.81
05/01/2023,321300,1391229000,0(0.00 %),336100,1455313000,14800,64084000,533878097,1.84
06/01/2023,214100,929194000,0(0.00 %),224500,974330000,10400,45136000,533673597,1.86
09/01/2023,124800,536640000,0(0.00 %),181200,779160000,56400,242520000,533507197,1.87
10/01/2023,306200,1350342000,0(0.00 %),368200,1623762000,62000,273420000,533149397,1.91
11/01/2023,221300,969294000,0(0.00 %),221300,969294000,0,0,532984497,1.92
12/01/2023,194200,850596000,0(0.00 %),216400,947832000,22200,97236000,532830097,1.93
13/01/2023,193600,842160000,0(0.00 %),193600,842160000,0,0,532636497,1.95
16/01/2023,-207200,-893032000,0(0.00 %),61300,264203000,268500,1157235000,532597397,1.96
17/01/2023,493500,2161530000,0(0.00 %),496500,2174670000,3000,13140000,532100897,2.0
18/01/2023,539300,2496959000,0(0.00 %),562400,2603912000,23100,106953000,531806997,2.03
19/01/2023,532700,2466401000,0(0.00 %),532700,2466401000,0,0,531277297,2.07
27/01/2023,596800,2787056000,0(0.00 %),596800,2787056000,0,0,530703597,2.13
30/01/2023,76000,352640000,0(0.00 %),77400,359136000,1400,6496000,530626197,2.13
31/01/2023,189200,870320000,0(0.00 %),189200,870320000,0,0,530440997,2.15
01/02/2023,120500,533815000,0(0.00 %),138700,614441000,18200,80626000,530303697,2.16
02/02/2023,-35800,-155014000,0(0.00 %),4000,17320000,39800,172334000,530299697,2.16
03/02/2023,-67400,-290494000,0(0.00 %),85700,369367000,153100,659861000,530232197,2.17
06/02/2023,208000,919360000,0(0.00 %),220200,973284000,12200,53924000,530051797,2.19
07/02/2023,-57500,-249550000,0(0.00 %),0,0,57500,249550000,530204897,2.17
08/02/2023,-142800,-615468000,0(0.00 %),1700,7327000,144500,622795000,530215397,2.17
09/02/2023,-42100,-180609000,0(0.00 %),100,429000,42200,181038000,530272797,2.17
10/02/2023,-45500,-191100000,0(0.00 %),4200,17640000,49700,208740000,530413097,2.15
13/02/2023,-303500,-1217035000,0(0.00 %),10400,41704000,313900,1258739000,530444897,2.15
14/02/2023,127800,521424000,0(0.00 %),145900,595272000,18100,73848000,530348697,2.16
15/02/2023,-4790,-19926400,0(0.00 %),1410,5865600,6200,25792000,530667187,2.13
16/02/2023,40500,173340000,0(0.00 %),47700,204156000,7200,30816000,530637587,2.13
17/02/2023,315000,1345050000,0(0.00 %),318900,1361703000,3900,16653000,530324887,2.16
20/02/2023,197100,851472000,0(0.00 %),197100,851472000,0,0,530134987,2.18
21/02/2023,240300,1047708000,0(0.00 %),252200,1099592000,11900,51884000,529886687,2.2
22/02/2023,215500,926650000,0(0.00 %),262200,1127460000,46700,200810000,529624487,2.22
23/02/2023,-142200,-602928000,0(0.00 %),100,424000,142300,603352000,529636287,2.22
24/02/2023,53000,221540000,0(0.00 %),183400,766612000,130400,545072000,529583287,2.23
27/02/2023,-25100,-103663000,0(0.00 %),0,0,25100,103663000,529641887,2.22
28/02/2023,124800,516672000,0(0.00 %),239600,991944000,114800,475272000,529532687,2.23
01/03/2023,321600,1402176000,0(0.00 %),332200,1448392000,10600,46216000,529225587,2.26
02/03/2023,43000,184040000,0(0.00 %),48100,205868000,5100,21828000,529292287,2.25
03/03/2023,20120,84504000,0(0.00 %),28620,120204000,8500,35700000,529274267,2.26
06/03/2023,-5600,-23744000,0(0.00 %),24500,103880000,30100,127624000,529254867,2.26
07/03/2023,66400,282864000,0(0.00 %),74000,315240000,7600,32376000,529189367,2.26
08/03/2023,106800,454968000,0(0.00 %),108500,462210000,1700,7242000,529110967,2.27
09/03/2023,56900,247515000,0(0.00 %),70400,306240000,13500,58725000,529048167,2.28
10/03/2023,48200,206296000,0(0.00 %),48200,206296000,0,0,529001667,2.28
13/03/2023,375000,1627500000,0(0.00 %),382500,1660050000,7500,32550000,528626667,0.0
14/03/2023,392600,1688180000,0(0.00 %),457700,1968110000,65100,279930000,528174967,2.35
15/03/2023,282000,1235160000,0(0.00 %),282000,1235160000,0,0,527900467,2.38
16/03/2023,133000,573230000,0(0.00 %),133000,573230000,0,0,527832567,2.39
17/03/2023,4058900,18265050000,0(0.00 %),4087200,18392400000,28300,127350000,523745367,2.75
20/03/2023,-143100,-618192000,0(0.00 %),3800,16416000,146900,634608000,523741567,2.75
21/03/2023,-106500,221540000,0(0.00 %),5200,766612000,111700,545072000,523764667,2.75
22/03/2023,37900,164612000,0(0.00 %),41600,180781000,3700,16169000,523726767,0.0
23/03/2023,132300,576257000,0(0.00 %),132300,576257000,0,0,523594467,0.0
24/03/2023,0,0,0(0.00 %),0,0,0,0,523594467,0.0
27/03/2023,122500,534100000,0(0.00 %),122900,535844000,400,1744000,523471967,0.0
28/03/2023,155000,678900000,0(0.00 %),155100,679338000,100,438000,523316967,0.0
29/03/2023,16100,70196000,0(0.00 %),16100,70196000,0,0,523559367,2.77
30/03/2023,-28700,-125419000,0(0.00 %),0,0,28700,125419000,523559467,2.77
31/03/2023,-42800,-187036000,0(0.00 %),300,1311000,43100,188347000,523559167,2.77
03/04/2023,24600,108486000,0(0.00 %),148000,652680000,123400,544194000,523439867,2.78
04/04/2023,251400,1151412000,0(0.00 %),253500,1161030000,2100,9618000,523229467,2.8
05/04/2023,105200,479712000,0(0.00 %),107700,491112000,2500,11400000,523245167,2.8
06/04/2023,47190,212355000,0(0.00 %),47200,212400000,10,45000,523200067,2.8
07/04/2023,-6300,-27783000,0(0.00 %),23100,101871000,29400,129654000,523179467,2.81
10/04/2023,0,-27783000,0(0.00 %),0,101871000,0,129654000,523179477,2.81
11/04/2023,59200,265216000,0(0.00 %),69200,310016000,10000,44800000,523139677,2.81
12/04/2023,11700,51480000,0(0.00 %),11700,51480000,0,0,523127977,2.81
13/04/2023,-50100,-219438000,0(0.00 %),4200,18396000,54300,237834000,523133777,2.81
14/04/2023,-153100,-661392000,0(0.00 %),100,432000,153200,661824000,523133677,2.81
17/04/2023,-59500,-261800000,0(0.00 %),0,0,59500,261800000,523187977,2.8
18/04/2023,-27800,-120930000,0(0.00 %),0,0,27800,120930000,523341177,2.79
19/04/2023,-170000,-722500000,0(0.00 %),2000,8500000,172000,731000000,523398677,2.79
20/04/2023,-45400,-194946000,0(0.00 %),100,429000,45500,195375000,523444077,0.0
21/04/2023,-199900,-849575000,0(0.00 %),0,0,199900,849575000,523598377,2.77
24/04/2023,-166300,-703449000,0(0.00 %),300,1269000,166600,704718000,523643577,2.76
25/04/2023,-193700,-819351000,0(0.00 %),0,0,193700,819351000,523843477,2.75
26/04/2023,-409500,-1736280000,0(0.00 %),0,0,409500,1736280000,524010077,2.73
27/04/2023,-465400,-1908622000,0(0.00 %),10000,40567000,475400,1949189000,524475477,2.69
28/04/2023,-1663100,-6222669000,0(0.00 %),16500,61750000,1679600,6284419000,526138577,2.54
04/05/2023,-1224600,-4359918000,0(0.00 %),20200,73321000,1244800,4433239000,524586717,2.68
05/05/2023,-1042100,-3707029000,0(0.00 %),13600,48265000,1055700,3755294000,526707857,2.49
08/05/2023,-999300,-3544491000,0(0.00 %),700,2491000,1000000,3546982000,527951957,2.37
09/05/2023,-1775700,-6233292000,0(0.00 %),100,349000,1775800,6233641000,529007497,2.28
10/05/2023,86600,312972000,0(0.00 %),89600,323652000,3000,10680000,528920897,2.29
11/05/2023,0,0,0(0.00 %),0,0,0,0,531693697,2.04
12/05/2023,-10400,-38686000,0(0.00 %),600,2234000,11000,40920000,531696097,2.04
15/05/2023,-28800,-108207000,0(0.00 %),53200,195640000,82000,303847000,531724897,2.03
16/05/2023,-600,-2293000,0(0.00 %),400,1560000,1000,3853000,531725497,2.03
17/05/2023,21700,88180000,0(0.00 %),34000,136964000,12300,48784000,531703797,2.04
18/05/2023,0,0,0(0.00 %),0,0,0,0,531703797,2.04
19/05/2023,4700,17624000,0(0.00 %),4700,17624000,0,0,531699097,2.04
22/05/2023,1100,4184000,0(0.00 %),3100,11664000,2000,7480000,531697997,2.04
23/05/2023,-21100,-79340000,0(0.00 %),2300,8671000,23400,88011000,531719097,2.03
24/05/2023,-12500,-47003000,0(0.00 %),200,748000,12700,47751000,531731597,2.03
25/05/2023,200,744000,0(0.00 %),200,744000,0,0,531731397,2.03
26/05/2023,14200,54005000,0(0.00 %),14600,55575000,400,1570000,531717197,2.04
29/05/2023,93800,365251000,0(0.00 %),95300,371101000,1500,5850000,531623397,2.04
30/05/2023,299100,1154519000,0(0.00 %),300000,1158000000,900,3481000,531324297,2.07
31/05/2023,73000,284073000,0(0.00 %),74500,289936000,1500,5863000,531251297,2.08
01/06/2023,65800,259348000,0(0.00 %),140300,556518000,74500,297170000,531260007,2.08
02/06/2023,11600,50209000,0(0.00 %),55800,226781000,44200,176572000,531248407,2.08
05/06/2023,-33800,-133612000,0(0.00 %),5100,20150000,38900,153762000,531282207,2.07
06/06/2023,58800,231232000,0(0.00 %),58800,231232000,0,0,531223407,2.08
07/06/2023,273900,1086334000,0(0.00 %),273900,1086334000,0,0,530949507,2.1
08/06/2023,275100,1126529000,0(0.00 %),315800,1292411000,40700,165882000,530674407,2.13
09/06/2023,3500,16698000,0(0.00 %),65000,261778000,61500,245080000,530670907,2.13
12/06/2023,59100,237013000,0(0.00 %),62200,249413000,3100,12400000,530611807,2.13
13/06/2023,71400,287415000,0(0.00 %),79700,320874000,8300,33459000,530540407,2.14
14/06/2023,-26300,-104291000,0(0.00 %),51400,207994000,77700,312285000,530566707,2.14
15/06/2023,-120800,-476816000,0(0.00 %),0,0,120800,476816000,530687507,2.13
16/06/2023,-1215700,-4744413000,0(0.00 %),300,1191000,1216000,4745604000,530503087,2.14
19/06/2023,-165400,-640057000,0(0.00 %),200,778000,165600,640835000,530623687,2.13
20/06/2023,-152300,-585647000,0(0.00 %),500,1918000,152800,587565000,530775987,0.0
21/06/2023,-10500,-40506000,0(0.00 %),0,0,10500,40506000,532004752,2.01
22/06/2023,-33800,-132179000,0(0.00 %),200,782000,34000,132961000,532038552,2.01
23/06/2023,-111200,-430992000,0(0.00 %),100,390000,111300,431382000,532149752,0.0
26/06/2023,132600,512212000,0(0.00 %),243400,938654000,110800,426442000,531958352,2.01
27/06/2023,43900,169698000,0(0.00 %),44300,171250000,400,1552000,531914452,0.0
28/06/2023,25000,97427000,0(0.00 %),25000,97427000,0,0,531889452,0.0
29/06/2023,66100,272934000,0(0.00 %),179600,745010000,113500,472076000,531823352,0.0
30/06/2023,-22400,-91715000,0(0.00 %),20100,84379000,42500,176094000,531845752,0.0
03/07/2023,-19900,-78195000,0(0.00 %),1100,4335000,21000,82530000,531911852,0.0
04/07/2023,-21500,-85286000,0(0.00 %),13100,52138000,34600,137424000,531933352,0.0
05/07/2023,191600,758988000,0(0.00 %),200200,792786000,8600,33798000,531741752,0.0
06/07/2023,-150900,-588432000,0(0.00 %),12700,49911000,163600,638343000,531896387,2.02
07/07/2023,-19900,-76656000,0(0.00 %),200,768000,20100,77424000,531904787,2.02
10/07/2023,400,1556000,0(0.00 %),400,1556000,0,0,531904387,0.0
11/07/2023,100500,401642000,0(0.00 %),101000,403637000,500,1995000,531803887,0.0
12/07/2023,83800,335204000,0(0.00 %),83800,335204000,0,0,531720087,0.0
13/07/2023,27200,108282000,0(0.00 %),27200,108282000,0,0,531692887,0.0
14/07/2023,176500,705805000,0(0.00 %),176500,705805000,0,0,531700087,2.04
17/07/2023,366300,1472958000,0(0.00 %),366300,1472958000,0,0,531333787,0.0
18/07/2023,61800,249738000,0(0.00 %),109600,442207000,47800,192469000,531271987,0.0
19/07/2023,-200,-528000,0(0.00 %),22600,91075000,22800,91603000,531201587,2.08
20/07/2023,-65300,-259076000,0(0.00 %),20300,80600000,85600,339676000,531266887,0.0
21/07/2023,-1900,-7600000,0(0.00 %),0,0,1900,7600000,531268787,0.0
24/07/2023,245300,989122000,0(0.00 %),245500,989924000,200,802000,531091997,2.09
25/07/2023,412200,1689838000,0(0.00 %),412300,1690250000,100,412000,530681597,2.13
26/07/2023,42800,174484000,0(0.00 %),43400,176929000,600,2445000,530638797,0.0
27/07/2023,60600,245959000,0(0.00 %),61100,247992000,500,2033000,530578197,0.0
28/07/2023,361900,1492503000,0(0.00 %),369900,1525703000,8000,33200000,530216297,0.0
31/07/2023,94400,398876000,0(0.00 %),199700,841189000,105300,442313000,530121897,0.0
01/08/2023,169900,709202000,0(0.00 %),172200,718862000,2300,9660000,530008897,0.0
02/08/2023,-419700,-1875528000,0(0.00 %),280400,1204912000,700100,3080440000,530428597,0.0
03/08/2023,27100,123564000,0(0.00 %),169300,750414000,142200,626850000,530401497,0.0
04/08/2023,427100,1882453000,0(0.00 %),434100,1913183000,7000,30730000,529768597,2.21
07/08/2023,54100,239440000,0(0.00 %),62900,278864000,8800,39424000,529714497,0.0
08/08/2023,-64100,-280875000,0(0.00 %),159600,722235000,223700,1003110000,529778597,0.0
09/08/2023,93400,428223000,0(0.00 %),93400,428223000,0,0,529685197,0.0
10/08/2023,-13600,-61051000,0(0.00 %),48900,218559000,62500,279610000,529698797,0.0
11/08/2023,-151300,-645506000,0(0.00 %),3000,13080000,154300,658586000,529850097,0.0
14/08/2023,291200,1277703000,0(0.00 %),291200,1277703000,0,0,529553857,2.23
15/08/2023,143900,635133000,0(0.00 %),148100,653720000,4200,18587000,529560057,2.23
16/08/2023,50900,223465000,0(0.00 %),50900,223465000,0,0,529509157,2.23
17/08/2023,-164400,-710585000,0(0.00 %),0,0,164400,710585000,529673557,0.0
18/08/2023,39000,132215000,0(0.00 %),300100,1197268000,261100,1065053000,529213367,2.26
21/08/2023,-11500,-43987000,0(0.00 %),109300,437004000,120800,480991000,529268467,2.26
22/08/2023,-263700,-1047775000,0(0.00 %),54100,216211000,317800,1263986000,529475467,2.24
23/08/2023,-331600,-1335505000,0(0.00 %),3600,14532000,335200,1350037000,529592667,2.23
24/08/2023,82300,333370000,0(0.00 %),82300,333370000,0,0,529510367,0.0
25/08/2023,-71800,-289773000,0(0.00 %),500,2035000,72300,291808000,530162867,2.18
28/08/2023,-37300,-149923000,0(0.00 %),5700,23101000,43000,173024000,530200167,0.0
29/08/2023,7100,28940000,0(0.00 %),57000,234029000,49900,205089000,530172467,2.17
30/08/2023,132700,544075000,0(0.00 %),133200,546120000,500,2045000,530039767,0.0
31/08/2023,150600,626352000,0(0.00 %),150600,626352000,0,0,529981567,2.19
05/09/2023,34400,144198000,0(0.00 %),37500,157185000,3100,12987000,529944567,2.19
06/09/2023,-111500,-460074000,0(0.00 %),7700,31782000,119200,491856000,530056067,0.0
07/09/2023,2400,10758000,0(0.00 %),137700,575645000,135300,564887000,529802267,2.21
08/09/2023,117600,493415000,0(0.00 %),131900,553354000,14300,59939000,529789567,2.21
11/09/2023,-109400,-453174000,0(0.00 %),11000,45165000,120400,498339000,529913867,2.2
12/09/2023,-48400,-197068000,0(0.00 %),2600,10608000,51000,207676000,529925547,2.2
13/09/2023,-127700,-520126000,0(0.00 %),1500,6090000,129200,526216000,530044447,2.19
14/09/2023,-284800,-1143610000,0(0.00 %),0,0,284800,1143610000,530095447,2.18
15/09/2023,-725600,-2894186000,0(0.00 %),94500,375178000,820100,3269364000,530130147,2.18
18/09/2023,0,0,0(0.00 %),0,0,0,0,530130147,2.18
19/09/2023,-266400,-1046019000,0(0.00 %),3500,13645000,269900,1059664000,530681347,0.0
20/09/2023,-44300,-174294000,0(0.00 %),100,394000,44400,174688000,530725647,0.0
21/09/2023,-47500,-189072000,0(0.00 %),200,796000,47700,189868000,530773147,0.0
22/09/2023,-190900,-741477000,0(0.00 %),0,0,190900,741477000,531851647,2.02
25/09/2023,-160700,-635643000,0(0.00 %),148700,560400000,309400,1196043000,531750647,2.03
26/09/2023,-193400,-722739000,0(0.00 %),15000,55886000,208400,778625000,531926547,2.02
27/09/2023,-88600,-329532000,0(0.00 %),100,372000,88700,329904000,532015147,0.0
28/09/2023,0,0,0(0.00 %),0,0,0,0,532015147,0.0
29/09/2023,-131300,-498949000,0(0.00 %),200,764000,131500,499713000,532532747,1.96
02/10/2023,-31800,-121460000,0(0.00 %),0,0,31800,121460000,532532747,1.96
03/10/2023,-9400,-35656000,0(0.00 %),0,0,9400,35656000,532664247,1.95
04/10/2023,10900,41203000,0(0.00 %),10900,41203000,0,0,532653347,0.0
05/10/2023,0,0,0(0.00 %),0,0,0,0,532694547,1.95
06/10/2023,1000,3790000,0(0.00 %),1000,3790000,0,0,532693547,1.95
09/10/2023,-600,-2298000,0(0.00 %),0,0,600,2298000,532694147,1.95
10/10/2023,-180800,-691639000,0(0.00 %),0,0,180800,691639000,532693547,1.95
11/10/2023,4200,15883000,0(0.00 %),4300,16267000,100,384000,532689847,1.95
12/10/2023,3600,13724000,0(0.00 %),3600,13724000,0,0,532867047,1.93
13/10/2023,19100,74495000,0(0.00 %),19500,76047000,400,1552000,532847647,1.93
16/10/2023,-1100,-4257000,0(0.00 %),0,0,1100,4257000,532847647,1.93
17/10/2023,-1600,-6448000,0(0.00 %),4000,15300000,5600,21748000,532844047,1.93
18/10/2023,-24400,-91648000,0(0.00 %),0,0,24400,91648000,532845147,1.93
19/10/2023,0,0,0(0.00 %),0,0,0,0,532850747,1.93
20/10/2023,100,370000,0(0.00 %),100,370000,0,0,532875047,1.93
23/10/2023,-206900,-776822000,0(0.00 %),100,382000,207000,777204000,532874947,1.93
24/10/2023,-41400,-155948000,0(0.00 %),0,0,41400,155948000,532916347,1.93
25/10/2023,0,0,0(0.00 %),0,0,0,0,532874947,1.93
26/10/2023,9900,36931000,0(0.00 %),10000,37300000,100,369000,533113347,1.91
27/10/2023,-2000,-7340000,0(0.00 %),0,0,2000,7340000,533113347,1.91
30/10/2023,29700,106038000,0(0.00 %),30000,107100000,300,1062000,533083447,1.91
31/10/2023,76200,260359000,0(0.00 %),76300,260707000,100,348000,533009147,1.92
01/11/2023,0,0,0(0.00 %),0,0,0,0,533009447,1.92
02/11/2023,17600,62444000,0(0.00 %),17600,62444000,0,0,532991847,1.92
03/11/2023,-1200,-4374000,0(0.00 %),1600,5706000,2800,10080000,532993047,1.92
06/11/2023,0,0,0(0.00 %),0,0,0,0,532993047,1.92
07/11/2023,-14700,-51802000,0(0.00 %),400,1420000,15100,53222000,533007747,1.92
08/11/2023,15300,55411000,0(0.00 %),41000,146641000,25700,91230000,532951747,1.92
09/11/2023,-14600,-52830000,0(0.00 %),3900,14109000,18500,66939000,532962947,1.92
10/11/2023,16100,57818000,0(0.00 %),17900,64622000,1800,6804000,532970747,1.92
13/11/2023,-14400,-52712000,0(0.00 %),0,0,14400,52712000,532989247,1.92
14/11/2023,-4100,-15106000,0(0.00 %),2000,7300000,6100,22406000,532989247,1.92
15/11/2023,26600,98761000,0(0.00 %),26600,98761000,0,0,532962647,1.92
16/11/2023,0,0,0(0.00 %),0,0,0,0,532962647,1.92
17/11/2023,-27600,-102612000,0(0.00 %),0,0,27600,102612000,532962447,1.92
20/11/2023,56100,209780000,0(0.00 %),56100,209780000,0,0,532926347,1.93
21/11/2023,47600,181268000,0(0.00 %),47600,181268000,0,0,532906347,1.93
22/11/2023,-77700,-294418000,0(0.00 %),90200,341629000,167900,636047000,532816147,1.94
23/11/2023,66500,259634000,0(0.00 %),75400,293734000,8900,34100000,532749647,1.94
24/11/2023,11800,45226000,0(0.00 %),11800,45226000,0,0,532737847,1.94
27/11/2023,-5400,-20867000,0(0.00 %),0,0,5400,20867000,532743247,1.94
28/11/2023,89500,346843000,0(0.00 %),89500,346843000,0,0,532653747,1.95
29/11/2023,-47600,-187016000,0(0.00 %),2400,9384000,50000,196400000,532701347,1.95
30/11/2023,38100,151343000,0(0.00 %),88100,352843000,50000,201500000,532663247,1.95
01/12/2023,10000,39802000,0(0.00 %),10000,39802000,0,0,532731147,1.94
04/12/2023,500,1982000,0(0.00 %),1500,5922000,1000,3940000,532730647,1.94
05/12/2023,42700,167559000,0(0.00 %),42700,167559000,0,0,532687947,1.95
06/12/2023,72500,285701000,0(0.00 %),72500,285701000,0,0,532615447,1.95
07/12/2023,5500,21930000,0(0.00 %),5500,21930000,0,0,532609947,1.95
08/12/2023,17600,69875000,0(0.00 %),21100,83665000,3500,13790000,532592347,1.96
11/12/2023,-108100,-425583000,0(0.00 %),1000,3900000,109100,429483000,532700447,1.95
12/12/2023,-12400,-48969000,0(0.00 %),3700,14541000,16100,63510000,532712847,1.95
13/12/2023,-63600,-249828000,0(0.00 %),100,391000,63700,250219000,532776447,1.94
14/12/2023,-225800,-883152000,0(0.00 %),0,0,225800,883152000,533002247,1.92
15/12/2023,-1781400,-6461548000,0(0.00 %),38200,138284000,1819600,6599832000,534783647,1.76
18/12/2023,51300,193228000,0(0.00 %),72700,273287000,21400,80059000,534732347,1.76
19/12/2023,131900,531567000,0(0.00 %),131900,531567000,0,0,534600447,1.77
20/12/2023,1200,4800000,0(0.00 %),1700,6885000,500,2085000,534599247,1.78
21/12/2023,33900,138801000,0(0.00 %),33900,138801000,0,0,534565347,1.78
22/12/2023,108300,445547000,0(0.00 %),108300,445547000,0,0,534457047,1.79
25/12/2023,133700,553677000,0(0.00 %),133700,553677000,0,0,534323347,1.8
26/12/2023,5600,20616000,0(0.00 %),32700,132208000,27100,111592000,534317747,1.8
27/12/2023,-19600,-81026000,0(0.00 %),0,0,19600,81026000,534337347,1.8
28/12/2023,-5000,-22820000,0(0.00 %),0,0,5000,22820000,534342347,1.8
29/12/2023,0,1284000,0(0.00 %),82900,394336000,82900,393052000,534342347,1.8
02/01/2024,637300,3163212000,0(0.00 %),645500,3203735000,8200,40523000,533703900,1.86
03/01/2024,50600,257689000,0(0.00 %),75800,391963000,25200,134274000,534293807,1.8
04/01/2024,-124700,-656164000,0(0.00 %),356700,1964092000,481400,2620256000,534418507,1.79
05/01/2024,316000,1600323000,0(0.00 %),547000,2799513000,231000,1199190000,534102507,1.82
08/01/2024,-362400,-1911401000,0(0.00 %),79500,414289000,441900,2325690000,534464907,1.79
09/01/2024,26200,137129000,0(0.00 %),57700,298193000,31500,161064000,533415840,1.88
10/01/2024,212400,1036574000,0(0.00 %),213400,1041581000,1000,5007000,533644320,1.86
11/01/2024,147200,734528000,0(0.00 %),248200,1241523000,101000,506995000,533427616,1.88
12/01/2024,-91900,-455020000,0(0.00 %),30700,151831000,122600,606851000,533525507,1.87
15/01/2024,-227800,-1117584000,0(0.00 %),21800,100934000,249600,1218518000,533477120,1.88
16/01/2024,702600,3312110000,0(0.00 %),704600,3321530000,2000,9420000,532895136,1.93
17/01/2024,-22000,-105185000,0(0.00 %),38300,183569000,60300,288754000,533106432,1.91
18/01/2024,-105900,-503305000,0(0.00 %),20300,96843000,126200,600148000,533178607,1.9
19/01/2024,-254100,-1210594000,0(0.00 %),3100,14818000,257200,1225412000,533432707,1.88
22/01/2024,-197300,-919289000,0(0.00 %),2000,9280000,199300,928569000,533630007,1.86
23/01/2024,480000,2290257000,0(0.00 %),480700,2293596000,700,3339000,533150007,1.91
24/01/2024,-363400,-1860304000,0(0.00 %),150400,770071000,513800,2630375000,533513407,1.87
25/01/2024,-517900,-2579792000,0(0.00 %),14200,70584000,532100,2650376000,534031307,1.83
26/01/2024,-40800,-204335000,0(0.00 %),38700,191476000,79500,395811000,534072107,1.82
29/01/2024,39200,194112000,0(0.00 %),86500,426185000,47300,232073000,534002144,1.83
30/01/2024,38000,175224000,0(0.00 %),200700,963089000,162700,787865000,533880960,1.84
31/01/2024,-110200,-487330000,0(0.00 %),517900,2365316000,628100,2852646000,533410336,1.88
01/02/2024,562800,2474609000,0(0.00 %),600100,2640069000,37300,165460000,533410347,1.88
02/02/2024,-304200,-1353607000,0(0.00 %),31500,141554000,335700,1495161000,532972960,1.92
05/02/2024,-122300,-504689000,0(0.00 %),25400,103803000,147700,608492000,533236747,1.9
06/02/2024,511350,1992190400,0(0.00 %),1549250,6077496400,1037900,4085306000,532367900,1.98
07/02/2024,309300,1250140000,0(0.00 %),351600,1417391000,42300,167251000,532164000,1.99
15/02/2024,-2900,-11340000,0(0.00 %),13100,53108000,16000,64448000,533188800,1.9
16/02/2024,-972100,-3902783000,0(0.00 %),44000,175621000,1016100,4078404000,533187100,1.9
19/02/2024,538300,2175838000,0(0.00 %),538800,2177868000,500,2030000,532664300,1.95
20/02/2024,140600,573812000,0(0.00 %),172400,702888000,31800,129076000,533508000,1.87
21/02/2024,-10900,-44432000,0(0.00 %),30100,122146000,41000,166578000,533478400,1.88
22/02/2024,83000,350969000,0(0.00 %),288300,1221951000,205300,870982000,533478400,1.88
23/02/2024,-671100,-2994764000,0(0.00 %),213600,952239000,884700,3947003000,533311197,1.89
26/02/2024,443800,1846430000,0(0.00 %),535400,2234772000,91600,388342000,532719200,1.94
27/02/2024,-292970,-1234359300,0(0.00 %),20430,85397700,313400,1319757000,533160367,1.9
28/02/2024,-223400,-938505000,0(0.00 %),43500,182702000,266900,1121207000,533383767,1.88
29/02/2024,-485400,-2008021000,0(0.00 %),8900,36654000,494300,2044675000,533936064,1.83
01/03/2024,-70900,-291316000,0(0.00 %),17100,70382000,88000,361698000,533918967,1.84
04/03/2024,8100,33754000,0(0.00 %),19900,82585000,11800,48831000,533910867,1.84
05/03/2024,-18700,-78025000,0(0.00 %),3500,14525000,22200,92550000,534744768,1.76
06/03/2024,-143100,-603090000,0(0.00 %),5100,21562000,148200,624652000,534072667,1.82
07/03/2024,-81700,-340008000,0(0.00 %),14300,59620000,96000,399628000,534154367,1.82
08/03/2024,48000,199421000,0(0.00 %),50500,209796000,2500,10375000,534106367,1.82
11/03/2024,-182700,-767280000,0(0.00 %),100,417000,182800,767697000,534289067,1.8
12/03/2024,69500,289841000,0(0.00 %),69500,289841000,0,0,534909056,1.75
13/03/2024,311700,1315941000,0(0.00 %),311700,1315941000,0,0,534780167,1.76
14/03/2024,82200,347869000,0(0.00 %),125600,529369000,43400,181500000,534697967,1.77
15/03/2024,-381600,-1601944000,0(0.00 %),42800,180562000,424400,1782506000,535079567,1.73
18/03/2024,-162800,-677528000,0(0.00 %),57300,237260000,220100,914788000,534597856,1.78
19/03/2024,-12000,-49696000,0(0.00 %),22600,95132000,34600,144828000,534999680,1.74
20/03/2024,761400,3268183000,0(0.00 %),761700,3269488000,300,1305000,534492967,1.78
21/03/2024,78500,340776000,0(0.00 %),164900,716467000,86400,375691000,534414467,1.79
22/03/2024,-118400,-511141000,0(0.00 %),300,1293000,118700,512434000,534532867,1.78
25/03/2024,-303900,-1306469000,0(0.00 %),5700,24471000,309600,1330940000,534408480,1.79
26/03/2024,-165600,-707351000,0(0.00 %),2700,11431000,168300,718782000,535645367,1.68
27/03/2024,50500,215520000,0(0.00 %),50900,217224000,400,1704000,534783168,1.76
28/03/2024,95600,407428000,0(0.00 %),98700,420634000,3100,13206000,534852768,1.75
29/03/2024,-49200,-206406000,0(0.00 %),5000,21080000,54200,227486000,534848160,1.75
01/04/2024,-68200,-284823000,0(0.00 %),200,832000,68400,285655000,534851072,1.75
02/04/2024,-135500,-570215000,0(0.00 %),26000,108428000,161500,678643000,534983667,1.74
03/04/2024,-118600,-497408000,0(0.00 %),226600,942224000,345200,1439632000,534721056,1.76
04/04/2024,-30400,-126048000,0(0.00 %),25400,104514000,55800,230562000,535132667,1.73
05/04/2024,-84900,-345966000,0(0.00 %),2200,9172000,87100,355138000,535200160,1.72
08/04/2024,-11800,-56721000,0(0.00 %),156900,629786000,168700,686507000,535229367,1.72
09/04/2024,-10700,-44497000,0(0.00 %),11700,48002000,22400,92499000,535240067,1.72
10/04/2024,0,0,0(0.00 %),0,0,0,0,535240067,1.72
11/04/2024,-142900,-585554000,0(0.00 %),7700,31532000,150600,617086000,535357856,1.71
12/04/2024,-23200,-94798000,0(0.00 %),4800,19536000,28000,114334000,535353056,1.71
15/04/2024,30200,116758000,0(0.00 %),50000,197278000,19800,80520000,535375967,1.71
16/04/2024,200700,775274000,0(0.00 %),207000,799907000,6300,24633000,535175267,1.72
17/04/2024,-1700,-6822000,0(0.00 %),3000,11790000,4700,18612000,535377667,1.7
19/04/2024,-7100,-27634000,0(0.00 %),0,0,7100,27634000,535384767,1.7
22/04/2024,3200,12446000,0(0.00 %),3200,12446000,0,0,535299264,1.71
23/04/2024,2700,10548000,0(0.00 %),8700,33912000,6000,23364000,535297664,1.71
24/04/2024,-90900,-359185000,0(0.00 %),2300,9090000,93200,368275000,535469767,1.7
25/04/2024,-4500,-10969000,0(0.00 %),391300,1572833000,395800,1583802000,535474267,1.7
26/04/2024,6100,24282000,0(0.00 %),12600,50542000,6500,26260000,534990656,1.74
02/05/2024,120800,483606000,0(0.00 %),120800,483606000,0,0,535265664,1.71
03/05/2024,53500,213820000,0(0.00 %),58500,233820000,5000,20000000,535213664,1.72
06/05/2024,191700,777974000,0(0.00 %),210300,854987000,18600,77013000,535003360,1.74
07/05/2024,2500,10078000,0(0.00 %),13600,55525000,11100,45447000,534994752,1.74
08/05/2024,-240900,-988042000,0(0.00 %),26500,108137000,267400,1096179000,534986880,1.74
09/05/2024,-236900,-971564000,0(0.00 %),54400,223038000,291300,1194602000,534943552,1.74
10/05/2024,301800,1259809000,0(0.00 %),406000,1693518000,104200,433709000,534804960,1.76
13/05/2024,546000,2308733000,0(0.00 %),546000,2308733000,0,0,534550272,1.78
14/05/2024,314200,1326219000,0(0.00 %),333700,1409145000,19500,82926000,534058765,1.82
15/05/2024,448600,1893072000,0(0.00 %),448600,1893072000,0,0,533610165,1.86
16/05/2024,-22300,-92507000,0(0.00 %),26500,112244000,48800,204751000,533632465,1.86
17/05/2024,388000,1662698000,0(0.00 %),457300,1962581000,69300,299883000,533407872,1.88
20/05/2024,-235800,-1073099000,0(0.00 %),202900,897551000,438700,1970650000,533253760,1.9
21/05/2024,554800,2419987000,0(0.00 %),556300,2426565000,1500,6578000,532766752,1.94
22/05/2024,361800,1568613000,0(0.00 %),572200,2481920000,210400,913307000,532633280,1.95
23/05/2024,242200,1032746000,0(0.00 %),489600,2093289000,247400,1060543000,532145152,2.0
24/05/2024,110700,485974000,0(0.00 %),206000,900296000,95300,414322000,532188465,1.99
27/05/2024,-38000,-165672000,0(0.00 %),2600,11154000,40600,176826000,532394368,1.97
28/05/2024,31600,133277000,0(0.00 %),75900,326507000,44300,193230000,532413760,1.97
29/05/2024,314100,1398538000,0(0.00 %),468700,2090248000,154600,691710000,531985664,2.01
30/05/2024,482200,2176480000,0(0.00 %),490100,2212293000,7900,35813000,531539872,2.05
31/05/2024,-157700,-714159000,0(0.00 %),12900,58280000,170600,772439000,531681568,2.04
03/06/2024,-180700,-812091000,0(0.00 %),67600,298250000,248300,1110341000,531681565,2.04
04/06/2024,107300,475377000,0(0.00 %),560900,2507931000,453600,2032554000,531574265,2.05
05/06/2024,746900,3367982000,0(0.00 %),761800,3435101000,14900,67119000,530827365,2.12
06/06/2024,-215300,-1037746000,0(0.00 %),0,0,215300,1037746000,531171665,2.08
07/06/2024,-12300,-63345000,0(0.00 %),0,0,12300,63345000,531186565,2.08
10/06/2024,395089,2085893700,0(0.00 %),778789,4118543700,383700,2032650000,530791476,2.12
11/06/2024,487700,2483499000,0(0.00 %),749400,3818583000,261700,1335084000,531171665,2.08
12/06/2024,494720,2484565600,0(0.00 %),593300,2990691000,98580,506125400,529676376,2.22
13/06/2024,0,0,0(0.00 %),0,0,0,0,529772976,2.21
14/06/2024,647700,3149107000,0(0.00 %),876700,4275753000,229000,1126646000,528994856,2.28
17/06/2024,490400,2373226000,0(0.00 %),759100,3677458000,268700,1304232000,528967356,2.28
18/06/2024,366900,1795556000,0(0.00 %),596500,2920900000,229600,1125344000,528599856,2.32
19/06/2024,203800,986137000,0(0.00 %),542300,2657291000,338500,1671154000,528326256,2.34
20/06/2024,346900,1683046000,0(0.00 %),553500,2690640000,206600,1007594000,528002356,2.37
21/06/2024,-352400,-1707607000,0(0.00 %),568400,2791027000,920800,4498634000,527772456,2.39
24/06/2024,1411700,7088579000,0(0.00 %),1578300,7919906000,166600,831327000,526400756,2.51
25/06/2024,157200,806144000,0(0.00 %),607200,3140527000,450000,2334383000,526714356,2.49
26/06/2024,335900,1715818000,0(0.00 %),550600,2824480000,214700,1108662000,526330356,2.52
27/06/2024,-119100,-600984000,0(0.00 %),65700,330891000,184800,931875000,526714656,2.49
28/06/2024,272000,1330279000,0(0.00 %),619000,3050429000,347000,1720150000,526310356,2.52
04/07/2024,420100,2095848000,0(0.00 %),487400,2432918000,67300,337070000,526057956,0.0
05/07/2024,288300,1459592000,0(0.00 %),350500,1777275000,62200,317683000,525769656,0.0
08/07/2024,461500,2363235000,0(0.00 %),576200,2958897000,114700,595662000,525308156,0.0
09/07/2024,-178800,-948359000,0(0.00 %),24000,125440000,202800,1073799000,525486956,0.0
10/07/2024,716100,3743477000,0(0.00 %),743400,3886128000,27300,142651000,524770856,0.0
11/07/2024,-84800,-451526000,0(0.00 %),3800,20205000,88600,471731000,524855656,0.0
12/07/2024,84200,438893000,0(0.00 %),122800,642702000,38600,203809000,524771456,0.0
15/07/2024,-74200,-389596000,0(0.00 %),59200,300248000,133400,689844000,524845656,0.0
16/07/2024,45100,226452000,0(0.00 %),79100,399924000,34000,173472000,524800556,0.0
17/07/2024,-90800,-468289000,0(0.00 %),44500,219079000,135300,687368000,524891356,0.0
18/07/2024,22000,108693000,0(0.00 %),62900,311104000,40900,202411000,524869356,0.0
19/07/2024,-172600,-862977000,0(0.00 %),2700,13474000,175300,876451000,525041956,0.0
22/07/2024,246600,1150240000,0(0.00 %),489800,2324652000,243200,1174412000,524795356,0.0
23/07/2024,-4800,-41969000,0(0.00 %),126000,588920000,130800,630889000,524800156,0.0
24/07/2024,241400,1100306000,0(0.00 %),244400,1114076000,3000,13770000,524558756,0.0
25/07/2024,-86000,-400148000,0(0.00 %),77400,358927000,163400,759075000,524644756,0.0
26/07/2024,335600,1539797000,0(0.00 %),482800,2228302000,147200,688505000,524309156,0.0
29/07/2024,1005000,4361700000,0(0.00 %),1005000,4361700000,0,0,523304156,0.0
30/07/2024,1005000,4361700000,0(0.00 %),1005000,4361700000,0,0,522299156,0.0
31/07/2024,-150500,-611421000,0(0.00 %),333900,1332114000,484400,1943535000,522449656,0.0
01/08/2024,-227800,-892326000,0(0.00 %),24700,96725000,252500,989051000,521529053,0.0
02/08/2024,-550900,-2145323000,0(0.00 %),148800,585598000,699700,2730921000,522079953,0.0
05/08/2024,-146600,-569661000,0(0.00 %),101600,379571000,248200,949232000,522226553,0.0
06/08/2024,15200,54669000,0(0.00 %),180300,680578000,165100,625909000,522211353,0.0
07/08/2024,-114200,-465646000,0(0.00 %),7300,29903000,121500,495549000,522325553,0.0
08/08/2024,-207000,-861349000,0(0.00 %),68100,280984000,275100,1142333000,522532553,0.0
09/08/2024,-362900,-1500287000,0(0.00 %),1000,4100000,363900,1504387000,522895453,0.0
12/08/2024,583700,2400886000,0(0.00 %),666300,2731914000,82600,331028000,522311753,0.0
13/08/2024,-116300,-488364000,0(0.00 %),35200,146481000,151500,634845000,522428053,0.0
14/08/2024,10000,42486000,0(0.00 %),10000,42486000,0,0,522418053,0.0
15/08/2024,-144200,-612185000,0(0.00 %),26100,108315000,170300,720500000,522562253,0.0
16/08/2024,-68900,-290020000,0(0.00 %),52500,220687000,121400,510707000,522631153,0.0
19/08/2024,-74100,-318631000,0(0.00 %),8700,36714000,82800,355345000,522705253,0.0
20/08/2024,-64700,-278095000,0(0.00 %),5400,23170000,70100,301265000,522769953,0.0
21/08/2024,-317600,-1332695000,0(0.00 %),11300,47588000,328900,1380283000,523087553,0.0
22/08/2024,-379700,-1583968000,0(0.00 %),19800,82456000,399500,1666424000,523467253,0.0
23/08/2024,-338500,-1410887000,0(0.00 %),0,0,338500,1410887000,523805753,0.0
26/08/2024,-430100,-1790949000,0(0.00 %),0,0,430100,1790949000,524235853,0.0
27/08/2024,-299500,-1232281000,0(0.00 %),70600,290531000,370100,1522812000,524535353,0.0
28/08/2024,-638700,-2751295000,0(0.00 %),248200,1058651000,886900,3809946000,525174053,0.0
29/08/2024,-409000,-1813629000,0(0.00 %),23200,102731000,432200,1916360000,525583053,0.0
30/08/2024,-801100,-3526926000,0(0.00 %),143000,630560000,944100,4157486000,526384153,0.0
04/09/2024,-3131100,-13640166000,0(0.00 %),647600,2841018000,3778700,16481184000,531528883,0.0
05/09/2024,-840400,-4011782000,0(0.00 %),426000,1911405000,1266400,5923187000,532369283,0.0
18/09/2024,916200,4529780000,4.8(4.35 %),1050200,5199640000,134000,669860000,531453083,0.0
19/09/2024,612704,2955423100,4.6(-6.12 %),651204,3132528400,38500,177105300,530840379,0.0
20/09/2024,-1062100,-5754840000,4.6(-2.13 %),25000,115500000,1087100,5870340000,531902479,0.0
23/09/2024,-619200,-3219840000,4.4(-4.35 %),0,0,619200,3219840000,532521679,0.0
24/09/2024,-341800,-1469740000,4.4(0.00 %),0,0,341800,1469740000,532863479,0.0
25/09/2024,5000,22000000,4.5(4.65 %),5000,22000000,0,0,532858479,0.0
26/09/2024,0,0,4.5(2.27 %),0,0,0,0,532858479,0.0
27/09/2024,-206300,-986740000,4.8(6.67 %),53000,259100000,259300,1245840000,533064779,0.0
30/09/2024,710000,3358000000,4.6(-8.00 %),710000,3358000000,0,0,532354779,0.0
01/10/2024,70000,322000000,4.5(-4.26 %),70000,322000000,0,0,536532879,0.0
02/10/2024,-285000,-1482000000,4.6(0.00 %),0,0,285000,1482000000,536817879,0.0
03/10/2024,0,0,4.4(-2.22 %),0,0,0,0,536817879,0.0
04/10/2024,0,0,4.5(0.00 %),0,0,0,0,536817879,0.0
07/10/2024,4500,20750000,4.5(0.00 %),5000,23000000,500,2250000,536813379,0.0
08/10/2024,0,0,4.7(4.44 %),0,0,0,0,536813379,0.0
09/10/2024,-82800,-389080000,4.6(0.00 %),0,0,82800,389080000,536896179,0.0
10/10/2024,-50900,-239230000,4.6(0.00 %),0,0,50900,239230000,536947079,0.0
11/10/2024,-52000,-244400000,4.6(0.00 %),0,0,52000,244400000,536999079,0.0
14/10/2024,-55000,-258500000,4.8(4.35 %),0,0,55000,258500000,537054079,0.0
15/10/2024,-2000,-9400000,4.6(-2.13 %),0,0,2000,9400000,537056079,0.0
16/10/2024,-1100,-5060000,4.6(-2.13 %),0,0,1100,5060000,537057179,0.0
17/10/2024,2400,11520000,4.7(2.17 %),2400,11520000,0,0,537054779,0.0
18/10/2024,-17600,-82720000,4.6(-2.13 %),100,470000,17700,83190000,537072379,0.0
21/10/2024,-2000,-9200000,4.5(-2.17 %),0,0,2000,9200000,537074379,0.0
22/10/2024,0,0,4.5(-2.17 %),0,0,0,0,537074379,0.0
23/10/2024,-2000,-9400000,4.8(4.35 %),0,0,2000,9400000,537076379,0.0
24/10/2024,-700,-3290000,4.8(2.13 %),0,0,700,3290000,537077079,0.0
25/10/2024,1591600,7793060000,5(6.38 %),1606000,7864700000,14400,71640000,535485479,0.0
28/10/2024,0,0,5(0.00 %),0,0,0,0,535485479,0.0
29/10/2024,-300,-1560000,4.9(0.00 %),200,990000,500,2550000,535485779,0.0
30/10/2024,0,0,4.8(-2.04 %),0,0,0,0,535485779,0.0
31/10/2024,-1270000,-7009000000,4.8(0.00 %),30000,141000000,1300000,7150000000,536755779,0.0
01/11/2024,-2295,-10786000,4.7(0.00 %),5,24000,2300,10810000,535715074,0.0
04/11/2024,2,9600,4.7(0.00 %),2,9600,0,0,535715072,0.0
05/11/2024,925000,4519440000,4.9(4.26 %),930000,4543740000,5000,24300000,534790072,0.0
06/11/2024,900000,4514700000,5(2.04 %),903000,4529700000,3000,15000000,533890072,0.0
07/11/2024,-320000,-2194960000,5(0.00 %),610000,3106040000,930000,5301000000,534210072,0.0
08/11/2024,216000,1048330000,4.9(-3.92 %),216000,1048330000,0,0,533994072,0.0
11/11/2024,31731,152311900,4.9(0.00 %),81731,392311900,50000,240000000,533962341,0.0
12/11/2024,120400,577920000,4.9(2.08 %),120400,577920000,0,0,534512241,1.78
13/11/2024,-1801700,-9909350000,5(4.17 %),0,0,1801700,9909350000,535643641,0.0
14/11/2024,0,0,4.9(0.00 %),0,0,0,0,535643641,0.0
15/11/2024,381300,1746030000,4.9(2.08 %),501600,2407680000,120300,661650000,535262341,0.0
18/11/2024,0,0,5(4.17 %),0,0,0,0,535262341,0.0
19/11/2024,-4300,-20970000,4.9(0.00 %),0,0,4300,20970000,535266641,0.0
20/11/2024,1493800,7470120000,5.1(4.08 %),1500000,7501000000,6200,30880000,533772841,0.0
21/11/2024,185200,983340000,5.2(4.00 %),200000,1060000000,14800,76660000,533587641,0.0
22/11/2024,-997400,-6305480000,5.2(-3.70 %),134100,708320000,1131500,7013800000,534585041,0.0
25/11/2024,-10000,-49000000,5.1(-1.92 %),10000,51000000,20000,100000000,534745841,1.76
26/11/2024,70000,361000000,5(-1.96 %),70000,361000000,0,0,535807341,1.67
27/11/2024,-9200,-45990000,5.2(1.96 %),100,510000,9300,46500000,535827241,1.66
28/11/2024,0,0,5.1(0.00 %),0,0,0,0,535827241,1.66
29/11/2024,100,510000,5.1(0.00 %),100,510000,0,0,535836441,1.66
02/12/2024,2800,14280000,0(0.00 %),2800,14280000,0,0,535833641,1.66
03/12/2024,-1100,-5510000,0(0.00 %),0,0,1100,5510000,535833641,1.66
04/12/2024,0,0,0(0.00 %),0,0,0,0,535833641,1.66
05/12/2024,163000,843800000,0(0.00 %),170000,880000000,7000,36200000,535664741,1.68
09/12/2024,80000,424000000,5.3(1.92 %),80000,424000000,0,0,535591741,1.69
10/12/2024,341300,1818720000,5.5(5.77 %),350000,1865000000,8700,46280000,535243241,1.72
16/12/2024,-768400,-4579970000,5.3(0.00 %),600,3230000,769000,4583200000,535487371,1.69
17/12/2024,-38218,-200155400,5.2(-1.89 %),500,2600000,38718,202755400,535673371,1.68
18/12/2024,-50700,-270880000,5.3(1.92 %),0,0,50700,270880000,536442371,1.61
19/12/2024,-176500,-970000000,5.8(9.43 %),0,0,176500,970000000,536481089,1.61
20/12/2024,100,16960000,6.3(14.55 %),323100,1978180000,323000,1961220000,536208689,1.63
24/12/2024,0,0,6.2(1.64 %),0,0,0,0,536707089,1.58
25/12/2024,-41900,-265370000,6.2(1.64 %),127100,806530000,169000,1071900000,536692489,1.59
26/12/2024,99350,629075000,6.1(-4.69 %),150650,949135000,51300,320060000,536668039,1.59
27/12/2024,-107560,-656832000,6.1(-1.61 %),40,248000,107600,657080000,536836999,1.57
30/12/2024,-43800,-264500000,6(-1.64 %),0,0,43800,264500000,536888299,1.57
31/12/2024,-184000,-1130180000,6.1(1.67 %),0,0,184000,1130180000,536995899,1.56
02/01/2025,-155300,-1069350000,7(14.75 %),0,0,155300,1069350000,537039699,1.55
03/01/2025,-868900,-6528970000,7.3(7.35 %),4100,29830000,873000,6558800000,537219599,1.54
06/01/2025,-20000,-144000000,6.9(-5.48 %),0,0,20000,144000000,537374899,1.52
07/01/2025,288500,2010050000,7.1(0.00 %),336000,2352000000,47500,341950000,537086399,0.0
08/01/2025,415895,3316369800,8(14.29 %),485903,3867233800,70008,550864000,537445996,1.52
09/01/2025,1383612,11372300000,7.9(0.00 %),1386712,11396800000,3100,24500000,536106784,1.64
10/01/2025,17200,-453640000,7.3(-9.88 %),437200,3452360000,420000,3906000000,535739592,1.67
13/01/2025,-1018995,-8875663500,7.3(-3.95 %),8005,59236500,1027000,8934900000,535734687,1.67
14/01/2025,112000,828900000,7.4(1.37 %),112000,828900000,0,0,536042687,1.64
15/01/2025,0,0,7.4(-1.33 %),0,0,0,0,537069687,1.55
16/01/2025,7500,55500000,7.5(2.74 %),7500,55500000,0,0,537062187,0.0
17/01/2025,-402360,-3421908000,7.8(5.41 %),2640,20592000,405000,3442500000,537059547,1.55
20/01/2025,534200,4274550000,7.8(1.30 %),605200,4834950000,71000,560400000,536454347,1.61
21/01/2025,175100,1338560000,7.5(-5.06 %),175100,1338560000,0,0,536684247,1.59
22/01/2025,2000,15200000,7.4(-2.63 %),3000,22600000,1000,7400000,536752247,1.58
23/01/2025,98000,744700000,7.6(1.33 %),100000,760000000,2000,15300000,536652247,1.59
24/01/2025,28000,230400000,7.9(5.33 %),30000,246000000,2000,15600000,536623247,1.59
03/02/2025,0,0,0(0.00 %),0,0,0,0,536577847,1.6
04/02/2025,326500,2350440000,7.3(-3.95 %),326500,2350440000,0,0,536253347,1.63
05/02/2025,1700,12240000,7.3(1.39 %),1700,12240000,0,0,536751647,1.58
06/02/2025,282000,2040940000,7.3(1.39 %),282000,2040940000,0,0,536469647,1.61
07/02/2025,-1200,-8760000,7.3(0.00 %),0,0,1200,8760000,536469647,1.61
10/02/2025,403500,2895000000,7.2(-1.37 %),403500,2895000000,0,0,536066147,1.64
11/02/2025,200,1410000,7.2(0.00 %),200,1410000,0,0,536067147,1.64
12/02/2025,700,5220000,7.3(2.82 %),15900,114660000,15200,109440000,536051247,1.64
13/02/2025,-5000,-36500000,7.2(-1.37 %),100,730000,5100,37230000,536051147,1.64
14/02/2025,-400000,-2879700000,7.1(-2.74 %),0,0,400000,2879700000,536066347,1.64
17/02/2025,500,3470000,7(-2.78 %),500,3470000,0,0,536070947,1.64
18/02/2025,-9500,-67450000,7.1(1.43 %),0,0,9500,67450000,536470947,1.61
19/02/2025,300,2130000,7.2(1.41 %),300,2130000,0,0,536470647,1.61
20/02/2025,-10100,-75240000,7.6(7.04 %),0,0,10100,75240000,536480147,1.61
21/02/2025,-9500,-70300000,7.4(0.00 %),0,0,9500,70300000,536480147,1.61
24/02/2025,495100,3713730000,7.3(-1.35 %),500100,3750730000,5000,37000000,535990147,1.65
25/02/2025,-1800,-13140000,7.3(-1.35 %),200,1460000,2000,14600000,535999447,1.65
26/02/2025,525,3832500,7.3(0.00 %),525,3832500,0,0,536003922,1.65
27/02/2025,-3300,-25550000,7.9(8.22 %),0,0,3300,25550000,536005922,1.65
28/02/2025,-210165,-1577250500,7.6(-1.30 %),35,269500,210200,1577520000,536005887,1.65
03/03/2025,-13000,-98700000,7.6(0.00 %),1000,7700000,14000,106400000,536008187,1.65
04/03/2025,299800,2363440000,7.7(1.32 %),300000,2365000000,200,1560000,535918387,1.66
05/03/2025,0,0,7.5(-3.85 %),0,0,0,0,535932387,1.65
06/03/2025,0,0,7.6(0.00 %),0,0,0,0,535932587,1.65
07/03/2025,0,0,7.6(1.33 %),0,0,0,0,535932587,1.65
10/03/2025,0,0,7.5(0.00 %),0,0,0,0,535932587,1.65
11/03/2025,-1045,-7737500,7.5(0.00 %),0,0,1045,7737500,535932587,1.65
12/03/2025,0,0,7.5(1.35 %),100,750000,100,750000,535932487,1.65
13/03/2025,100,730000,7.3(-3.95 %),100,730000,0,0,535933432,1.65
14/03/2025,169500,1206070000,7.2(-2.70 %),169500,1206070000,0,0,535764032,1.67
17/03/2025,0,0,0(0.00 %),0,0,0,0,535752832,1.67
18/03/2025,-1100,-7810000,7.1(0.00 %),1000,7100000,2100,14910000,535751832,1.67
19/03/2025,15200,104880000,6.8(-4.23 %),15200,104880000,0,0,535754032,1.67
20/03/2025,11400,76360000,6.7(-2.90 %),11400,76360000,0,0,535744732,1.67
21/03/2025,0,0,6.9(2.99 %),0,0,0,0,535744732,1.67
24/03/2025,0,0,6.9(1.47 %),0,0,0,0,535744732,1.67
25/03/2025,0,0,7(2.94 %),0,0,0,0,535744732,1.67
26/03/2025,0,0,6.9(0.00 %),0,0,0,0,535744732,1.67
27/03/2025,-100,-680000,6.8(-1.45 %),0,0,100,680000,535744732,1.67
28/03/2025,-9100,-61910000,6.8(0.00 %),300,2010000,9400,63920000,535744432,1.67
31/03/2025,100,650000,6.6(-1.49 %),100,650000,0,0,535744432,1.67
01/04/2025,200,1340000,6.7(1.52 %),200,1340000,0,0,535753632,1.67
02/04/2025,1000,6600000,6.7(1.52 %),1000,6600000,0,0,535752632,1.67
03/04/2025,1348201,7792385700,5.8(-12.12 %),1648701,9565285700,300500,1772900000,534103931,1.82
04/04/2025,500,3000000,6.2(3.33 %),500,3000000,0,0,534103431,1.82
08/04/2025,16500,90260000,5.5(-9.84 %),40300,230680000,23800,140420000,534363631,1.8
09/04/2025,285,1540500,5.5(-1.79 %),300,1620000,15,79500,534363331,1.8
10/04/2025,399999,2519993700,6.3(14.55 %),400000,2520000000,1,6300,533987131,1.83
11/04/2025,-104500,-660350000,6.3(0.00 %),0,0,104500,660350000,533987146,1.83
14/04/2025,-2025300,-14771050000,6.3(-1.56 %),200,1240000,2025500,14772290000,533986947,1.83
15/04/2025,28200,177120000,6.5(4.84 %),30000,189000000,1800,11880000,534061447,1.82
16/04/2025,100000,650000000,6.3(-3.08 %),100000,650000000,0,0,535986947,1.65
17/04/2025,300,1830000,6.1(-4.69 %),300,1830000,0,0,535988447,1.65
18/04/2025,-200,-1260000,6.3(3.28 %),0,0,200,1260000,535988447,1.65
21/04/2025,0,0,6.2(0.00 %),0,0,0,0,535988447,1.65
22/04/2025,-100,-610000,6.3(1.61 %),0,0,100,610000,535988647,1.65
23/04/2025,30000,195000000,6.6(8.20 %),30000,195000000,0,0,535958647,1.65
24/04/2025,250000,1675000000,6.6(1.54 %),250000,1675000000,0,0,535708747,1.67
25/04/2025,-14800,-91760000,6.3(-4.55 %),200,1240000,15000,93000000,535708547,1.68
28/04/2025,300500,1863150000,6.6(6.45 %),300500,1863150000,0,0,535408047,1.7
29/04/2025,250000,1650000000,6.5(1.56 %),250000,1650000000,0,0,535173047,1.72
05/05/2025,900,5690000,6.3(-3.08 %),900,5690000,0,0,535172147,1.72
06/05/2025,-497900,-3086980000,6.2(0.00 %),2100,13020000,500000,3100000000,535172147,1.72
07/05/2025,-900,-5580000,6.3(1.61 %),0,0,900,5580000,535172147,1.72
08/05/2025,0,0,6.3(1.61 %),0,0,0,0,535670047,1.68
09/05/2025,0,0,6.2(0.00 %),0,0,0,0,535670947,1.68
12/05/2025,192700,1194740000,6.3(1.61 %),200000,1240000000,7300,45260000,535478247,1.7
13/05/2025,-500000,-3006580000,6.3(1.61 %),500000,3196000000,1000000,6202580000,535478247,1.7
14/05/2025,-137100,-850020000,6.3(0.00 %),0,0,137100,850020000,535478247,1.7
15/05/2025,10000,62000000,6.2(0.00 %),10000,62000000,0,0,535968247,1.65
16/05/2025,1000,6100000,6.1(-1.61 %),1000,6100000,0,0,536104347,1.64
19/05/2025,100,610000,6.2(0.00 %),100,610000,0,0,536104247,1.64
20/05/2025,200,1220000,6.2(0.00 %),200,1220000,0,0,536104047,1.64
21/05/2025,0,0,6.1(0.00 %),0,0,0,0,536104047,1.64
22/05/2025,100,600000,6(-1.64 %),100,600000,0,0,536103947,1.64
23/05/2025,-1999900,-11799390000,5.9(-1.67 %),100,610000,2000000,11800000000,536103947,1.64
26/05/2025,100,590000,6.1(1.67 %),100,590000,0,0,536103847,1.64
27/05/2025,-2000000,-12056000000,6.2(3.33 %),0,0,2000000,12056000000,538103747,1.46
28/05/2025,-1988400,-12228120000,6.3(3.28 %),12000,74400000,2000400,12302520000,538103747,1.46
29/05/2025,-2000000,-12320000000,6.2(0.00 %),0,0,2000000,12320000000,540103747,1.28
30/05/2025,0,0,6.1(-1.61 %),0,0,0,0,542092147,1.1
02/06/2025,0,0,6.2(1.64 %),0,0,0,0,544092147,0.92
03/06/2025,-1990800,-12537680000,6.4(4.92 %),50000,315000000,2040800,12852680000,544092147,0.92
04/06/2025,-1367500,-8600250000,6.4(1.59 %),150000,960000000,1517500,9560250000,544092147,0.92
05/06/2025,0,0,6.3(-1.56 %),0,0,0,0,546082937,0.74
06/06/2025,99800,618760000,6.1(-3.17 %),100000,620000000,200,1240000,547350637,0.62
09/06/2025,500,3020000,6.1(-1.61 %),500,3020000,0,0,547350137,0.62
10/06/2025,2000,12000000,6(0.00 %),2000,12000000,0,0,547348137,0.63
11/06/2025,0,0,6.1(1.67 %),0,0,0,0,547348137,0.63
12/06/2025,50000,305000000,6.1(1.67 %),50000,305000000,0,0,547298135,0.63
13/06/2025,100500,598050000,6(-1.64 %),100500,598050000,0,0,547197635,0.64
16/06/2025,0,0,6.1(3.39 %),0,0,0,0,547197635,0.64
17/06/2025,-100,-600000,6(0.00 %),0,0,100,600000,547197635,0.64
18/06/2025,-1792900,-12373110000,6(0.00 %),2100,12390000,1795000,12385500000,547197635,0.64
19/06/2025,0,0,6(1.69 %),0,0,0,0,547197735,0.64
20/06/2025,4700,28200000,6(1.69 %),4700,28200000,0,0,548985935,0.48
23/06/2025,17000,101980000,5.9(0.00 %),17000,101980000,0,0,548968935,0.48
24/06/2025,1600,9890000,5.9(0.00 %),4500,27000000,2900,17110000,548967335,0.48
25/06/2025,-4300,-25800000,6(0.00 %),500,3000000,4800,28800000,548967335,0.48
26/06/2025,400,2400000,5.9(0.00 %),400,2400000,0,0,548966905,0.48
27/06/2025,0,0,6(1.69 %),0,0,0,0,548971205,0.48
30/06/2025,-900,-5400000,5.9(0.00 %),0,0,900,5400000,548971205,0.48
01/07/2025,0,0,6(0.00 %),0,0,0,0,548971205,0.48
02/07/2025,5000,29500000,5.9(0.00 %),5000,29500000,0,0,548967105,0.48
03/07/2025,-99800,-588830000,5.9(0.00 %),700,4120000,100500,592950000,548967105,0.48
04/07/2025,-505800,-2934220000,6(1.69 %),0,0,505800,2934220000,548967105,0.48
07/07/2025,33200,208780000,6.2(5.08 %),50000,310000000,16800,101220000,549033705,0.47
08/07/2025,-7700,-47240000,6.2(1.64 %),0,0,7700,47240000,549539507,0.43
09/07/2025,1200,7260000,6.2(1.64 %),1500,9150000,300,1890000,549538307,0.43
10/07/2025,0,0,6.1(-1.61 %),0,0,0,0,549538307,0.43
11/07/2025,0,0,6.2(1.64 %),0,0,0,0,549546007,0.43
14/07/2025,0,0,6.1(0.00 %),0,0,0,0,549546007,0.43
15/07/2025,0,0,6.1(0.00 %),0,0,0,0,549546007,0.43
16/07/2025,-100,-560000,6.2(1.64 %),500,3100000,600,3660000,549546007,0.43
17/07/2025,448000,2820020000,6.4(4.92 %),450000,2833000000,2000,12980000,549546007,0.43
18/07/2025,700000,4573800000,6.6(1.54 %),700000,4573800000,0,0,548398107,0.53
21/07/2025,415200,2719780000,6.3(-3.08 %),415200,2719780000,0,0,547982907,0.57
22/07/2025,149000,943700000,6.3(-1.56 %),150000,950000000,1000,6300000,547833907,0.58
23/07/2025,248300,1604120000,6.4(1.59 %),280000,1807000000,31700,202880000,547585607,0.6
24/07/2025,164600,1064540000,6.2(-3.12 %),164600,1064540000,0,0,547421007,0.62
25/07/2025,1900,11780000,6.2(-1.59 %),1900,11780000,0,0,547419107,0.62
28/07/2025,20000,126000000,6.3(1.61 %),20000,126000000,0,0,547399107,0.62
29/07/2025,7100,44020000,6(-3.23 %),7100,44020000,0,0,547391997,0.62
30/07/2025,-250000,-1500000000,6.2(1.64 %),0,0,250000,1500000000,547391997,0.62
31/07/2025,-150000,-900000000,6.1(0.00 %),0,0,150000,900000000,547391997,0.62
01/08/2025,-399000,-2393850000,6(0.00 %),1500,9150000,400500,2403000000,547641997,0.6
04/08/2025,-209900,-1259400000,6(0.00 %),100,600000,210000,1260000000,547791997,0.58
05/08/2025,205500,1345170000,6.4(6.67 %),222900,1458330000,17400,113160000,547985497,0.57
06/08/2025,700100,4586640000,6.5(1.56 %),700100,4586640000,0,0,547495307,0.61
07/08/2025,551500,3616600000,6.4(-1.54 %),551500,3616600000,0,0,546943807,0.66
08/08/2025,-810000,-5182700000,6.3(-1.56 %),5000,32000000,815000,5214700000,546943807,0.66
11/08/2025,8000,51200000,6.3(-1.56 %),8000,51200000,0,0,546935807,0.66
12/08/2025,5500,34650000,6.5(1.56 %),5500,34650000,0,0,547740307,0.59
13/08/2025,48400,318950000,6.9(7.81 %),50000,330000000,1600,11050000,547692007,0.59
14/08/2025,43100,296770000,6.8(0.00 %),54000,369800000,10900,73030000,547648907,0.6
15/08/2025,47100,319170000,6.5(-4.41 %),52100,352670000,5000,33500000,547601807,0.6
18/08/2025,-38200,-249000000,6.5(-1.52 %),12000,77300000,50200,326300000,547601807,0.6
19/08/2025,6000,39600000,6.5(0.00 %),6000,39600000,0,0,547595807,0.6
20/08/2025,-5500,-34710000,6.4(-1.54 %),10000,63000000,15500,97710000,547634007,0.6
21/08/2025,-74900,-471880000,6.2(-3.12 %),5100,32120000,80000,504000000,547634007,0.6
22/08/2025,-342100,-2086010000,6.2(0.00 %),10000,62000000,352100,2148010000,547634007,0.6
25/08/2025,-68300,-434950000,6.3(1.61 %),0,0,68300,434950000,547639507,0.6
