Ngay,KLGDRong,GTDGRong,ThayDoi,KLMua,GtMua,KLBan,GtBan,RoomConLai,DangSoHuu
14/12/2006,42090,12627000,0(0.00 %),42090,12627000,0,0,0,0.0
15/12/2006,758360,225759300,0(0.00 %),758360,225759300,0,0,0,0.0
18/12/2006,214830,64449000,0(0.00 %),214830,64449000,0,0,0,0.0
19/12/2006,15910,4534350,0(0.00 %),15910,4534350,0,0,0,0.0
20/12/2006,12390,3357690,0(0.00 %),12390,3357690,0,0,0,0.0
21/12/2006,1360,350880,0(0.00 %),1360,350880,0,0,0,0.0
22/12/2006,660,162360,0(0.00 %),660,162360,0,0,0,0.0
25/12/2006,30,7020,0(0.00 %),30,7020,0,0,0,0.0
27/12/2006,1280,271360,0(0.00 %),1280,271360,0,0,0,0.0
28/12/2006,-14620,-2953240,0(0.00 %),15080,3046160,29700,5999400,0,0.0
29/12/2006,-4550,-873600,0(0.00 %),15250,2928000,19800,3801600,0,0.0
01/03/2007,-16460,-3663880000,222(-3.48 %),8390,1899460000,24850,5563340000,0,0.0
02/03/2007,65660,15130450000,230(3.60 %),344330,77012650000,278670,61882200000,0,0.0
05/03/2007,50630,11952750000,229(-0.43 %),52890,12473930000,2260,521180000,0,0.0
06/03/2007,1020,232010000,224(-2.18 %),5470,1228650000,4450,996640000,0,0.0
07/03/2007,1780,398720000,224(0.00 %),1780,398720000,0,0,0,0.0
08/03/2007,320,71680000,224(0.00 %),13670,3062080000,13350,2990400000,0,0.0
09/03/2007,58220,13488700000,228(1.79 %),59220,13716700000,1000,228000000,0,0.0
12/03/2007,40740,9530760000,228(0.00 %),111640,25921360000,70900,16390600000,0,0.0
13/03/2007,-39730,-8632310000,217(-4.82 %),85350,18754900000,125080,27387210000,0,0.0
14/03/2007,-18500,-4017200000,207(-4.61 %),4970,1075790000,23470,5092990000,0,0.0
15/03/2007,-42410,-8434660000,200(-3.38 %),150,29550000,42560,8464210000,0,0.0
16/03/2007,-37720,-7921200000,210(5.00 %),2320,487200000,40040,8408400000,0,0.0
19/03/2007,-17830,-3836760000,208(-0.95 %),11380,2489040000,29210,6325800000,0,0.0
20/03/2007,26150,5645500000,208(0.00 %),34090,7345620000,7940,1700120000,0,0.0
21/03/2007,-950,-196840000,209(0.48 %),10030,2105300000,10980,2302140000,0,0.0
22/03/2007,21770,4534760000,208(-0.48 %),41770,8714760000,20000,4180000000,0,0.0
23/03/2007,1770,381940000,210(0.96 %),52540,10996020000,50770,10614080000,0,0.0
26/03/2007,27360,5745600000,210(0.00 %),52750,11077500000,25390,5331900000,0,0.0
27/03/2007,22580,4683450000,203(-3.33 %),23630,4898700000,1050,215250000,0,0.0
28/03/2007,-45140,-8712020000,193(-4.93 %),0,0,45140,8712020000,0,0.0
29/03/2007,-35720,-7088860000,198(2.59 %),2550,508400000,38270,7597260000,0,0.0
30/03/2007,-18960,-3900750000,200(1.01 %),130,26650000,19090,3927400000,0,0.0
02/04/2007,-2820,-579600000,202(1.00 %),500,102500000,3320,682100000,0,0.0
03/04/2007,600,118800000,197(-2.48 %),600,118800000,0,0,0,0.0
04/04/2007,48800,9939460000,206(4.57 %),48800,9939460000,0,0,0,0.0
05/04/2007,37900,7883200000,208(0.97 %),39000,8112000000,1100,228800000,0,0.0
06/04/2007,5930,1221350000,205(-1.44 %),6930,1419350000,1000,198000000,0,0.0
09/04/2007,38380,7979140000,208(1.46 %),39100,8128700000,720,149560000,0,0.0
10/04/2007,44800,9407700000,210(0.96 %),54700,11486700000,9900,2079000000,0,0.0
11/04/2007,3920,823200000,210(0.00 %),4420,928200000,500,105000000,0,0.0
12/04/2007,19770,4151700000,210(0.00 %),19770,4151700000,0,0,0,0.0
13/04/2007,26320,5527200000,210(0.00 %),27290,5730900000,970,203700000,0,0.0
16/04/2007,54470,11438700000,210(0.00 %),95020,19954200000,40550,8515500000,0,0.0
17/04/2007,41590,8504160000,204(-2.86 %),42050,8598000000,460,93840000,0,0.0
18/04/2007,42640,8640510000,204(0.00 %),44020,8922030000,1380,281520000,0,0.0
19/04/2007,9460,1956250000,205(0.49 %),9690,2003400000,230,47150000,0,0.0
20/04/2007,-8980,-1752000000,200(-2.44 %),5120,1023000000,14100,2775000000,0,0.0
23/04/2007,-16310,-3103200000,190(-5.00 %),2920,566700000,19230,3669900000,0,0.0
24/04/2007,-830,-151060000,182(-4.21 %),4100,746200000,4930,897260000,0,0.0
25/04/2007,1270,263540000,191(4.95 %),6040,1153640000,4770,890100000,0,0.0
02/05/2007,20030,4006000000,200(4.71 %),52930,10586000000,32900,6580000000,0,0.0
03/05/2007,4580,896410000,195(-2.50 %),28970,5647570000,24390,4751160000,0,0.0
04/05/2007,14660,2832620000,191(-2.05 %),26100,5048140000,11440,2215520000,0,0.0
07/05/2007,41420,8028530000,194(1.57 %),54310,10524220000,12890,2495690000,0,0.0
08/05/2007,53600,10586760000,198(2.06 %),85600,16910760000,32000,6324000000,0,0.0
09/05/2007,47060,9391340000,200(1.01 %),47360,9451340000,300,60000000,0,0.0
10/05/2007,51230,10492940000,202(1.00 %),51230,10492940000,0,0,0,0.0
11/05/2007,36960,7488220000,203(0.50 %),36960,7488220000,0,0,0,0.0
14/05/2007,20800,4257320000,202(-0.49 %),23200,4752920000,2400,495600000,0,0.0
15/05/2007,45710,9397460000,205(1.49 %),46710,9604460000,1000,207000000,0,0.0
16/05/2007,56920,11650760000,205(0.00 %),57780,11827060000,860,176300000,0,0.0
17/05/2007,25140,5153700000,205(0.00 %),25140,5153700000,0,0,0,0.0
18/05/2007,39950,8153600000,204(-0.49 %),39950,8153600000,0,0,0,0.0
21/05/2007,61630,13112190000,214(4.90 %),62630,13326190000,1000,214000000,0,0.0
22/05/2007,83220,18462750000,223(4.21 %),86920,19281550000,3700,818800000,0,0.0
23/05/2007,112740,26203050000,231(3.59 %),113740,26434050000,1000,231000000,0,0.0
24/05/2007,19240,4279420000,220(-4.76 %),19240,4279420000,0,0,0,0.0
25/05/2007,27330,5952200000,220(0.00 %),27490,5987080000,160,34880000,0,0.0
28/05/2007,53880,12221500000,225(2.27 %),54840,12438420000,960,216920000,0,0.0
29/05/2007,85000,19339300000,228(1.33 %),85100,19362100000,100,22800000,0,0.0
30/05/2007,56460,12715320000,225(-1.32 %),58650,13212570000,2190,497250000,0,0.0
31/05/2007,45940,10172220000,221(-1.78 %),58160,12879840000,12220,2707620000,0,0.0
01/06/2007,31800,6974560000,218(-1.36 %),32300,7084560000,500,110000000,0,0.0
04/06/2007,-9900,-2078200000,210(-3.67 %),100,21800000,10000,2100000000,0,0.0
05/06/2007,2190,459900000,203(-3.33 %),2190,459900000,0,0,0,0.0
06/06/2007,-17870,-3614610000,203(0.00 %),12220,2480660000,30090,6095270000,0,0.0
07/06/2007,-6570,-1324220000,200(-1.48 %),500,101500000,7070,1425720000,0,0.0
08/06/2007,10000,2030000000,200(0.00 %),10000,2030000000,0,0,0,0.0
11/06/2007,-13360,-2655500000,198(-1.00 %),0,0,13360,2655500000,0,0.0
12/06/2007,400,173110000,196(-1.01 %),30090,6108270000,29690,5935160000,0,0.0
13/06/2007,-36640,-7181440000,196(0.00 %),7070,1385720000,43710,8567160000,0,0.0
14/06/2007,-54590,-10687640000,196(0.00 %),0,0,54590,10687640000,0,0.0
15/06/2007,-27320,-5340420000,195(-0.51 %),13360,2618560000,40680,7958980000,0,0.0
18/06/2007,-34820,-6800260000,194(-0.51 %),29690,5848930000,64510,12649190000,0,0.0
19/06/2007,-1270,-215550000,193(-0.52 %),43710,8522360000,44980,8737910000,0,0.0
20/06/2007,3590,696460000,194(0.52 %),54590,10590460000,51000,9894000000,0,0.0
21/06/2007,-29580,-5704380000,194(0.00 %),40680,8013960000,70260,13718340000,0,0.0
22/06/2007,-52310,-10136350000,194(0.00 %),64510,12514940000,116820,22651290000,0,0.0
25/06/2007,21880,4293340000,192(-1.03 %),44980,8767040000,23100,4473700000,0,0.0
26/06/2007,20110,4114130000,195(1.56 %),51000,10149000000,30890,6034870000,0,0.0
27/06/2007,49790,9995660000,200(2.56 %),59080,11860310000,9290,1864650000,0,0.0
28/06/2007,24010,4799390000,200(0.00 %),32490,6482000000,8480,1682610000,0,0.0
29/06/2007,-7140,-1403960000,197(-1.50 %),1920,378240000,9060,1782200000,0,0.0
02/07/2007,37190,7307750000,195(-1.02 %),37410,7351310000,220,43560000,0,0.0
03/07/2007,9340,1804810000,193(-1.03 %),10180,1966900000,840,162090000,0,0.0
04/07/2007,8570,1691050000,197(2.07 %),12870,2523030000,4300,831980000,0,0.0
05/07/2007,62270,12267190000,197(0.00 %),62670,12345990000,400,78800000,0,0.0
06/07/2007,51500,10280500000,197(0.00 %),51500,10280500000,0,0,0,0.0
09/07/2007,-5760,-1133470000,196(-0.51 %),840,165480000,6600,1298950000,0,0.0
10/07/2007,-210,-43450000,197(0.51 %),1040,202800000,1250,246250000,0,0.0
11/07/2007,400,79200000,197(0.00 %),400,79200000,0,0,0,0.0
12/07/2007,-1000,-196000000,196(-0.51 %),0,0,1000,196000000,0,0.0
13/07/2007,6370,1255120000,196(0.00 %),6600,1300200000,230,45080000,0,0.0
16/07/2007,1250,245000000,195(-0.51 %),1250,245000000,0,0,0,0.0
17/07/2007,0,0,195(0.00 %),0,0,0,0,0,0.0
18/07/2007,1000,194000000,194(-0.51 %),1000,194000000,0,0,0,0.0
19/07/2007,-1770,-339380000,192(-1.03 %),230,44620000,2000,384000000,0,0.0
20/07/2007,-150,-28500000,190(-1.04 %),0,0,150,28500000,0,0.0
23/07/2007,0,0,190(0.00 %),0,0,0,0,0,0.0
24/07/2007,0,0,189(-0.53 %),0,0,0,0,0,0.0
25/07/2007,2000,378000000,187(-1.06 %),2000,378000000,0,0,0,0.0
26/07/2007,150,27900000,184(-1.60 %),150,27900000,0,0,0,0.0
27/07/2007,-26810,-4754280000,176(-4.35 %),0,0,26810,4754280000,0,0.0
30/07/2007,-14750,-2496000000,168(-4.55 %),0,0,14750,2496000000,0,0.0
31/07/2007,-5080,-825790000,160(-4.76 %),0,0,5080,825790000,0,0.0
01/08/2007,-19770,-3212410000,168(5.00 %),0,0,19770,3212410000,0,0.0
02/08/2007,15030,2645280000,168(0.00 %),26810,4718560000,11780,2073280000,0,0.0
03/08/2007,14750,2463250000,167(-0.60 %),14750,2463250000,0,0,0,0.0
06/08/2007,4600,778360000,167(0.00 %),5080,858520000,480,80160000,0,0.0
07/08/2007,19770,3360900000,171(2.40 %),19770,3360900000,0,0,0,0.0
08/08/2007,11780,2026160000,172(0.58 %),11780,2026160000,0,0,0,0.0
09/08/2007,0,0,180(4.65 %),0,0,0,0,0,0.0
10/08/2007,480,86400000,175(-2.78 %),480,86400000,0,0,0,0.0
13/08/2007,0,0,169(-3.43 %),0,0,0,0,0,0.0
14/08/2007,0,0,173(2.37 %),0,0,0,0,0,0.0
15/08/2007,0,0,172(-0.58 %),0,0,0,0,0,0.0
16/08/2007,0,0,170(-1.16 %),0,0,0,0,0,0.0
17/08/2007,-3360,-564480000,168(-1.18 %),0,0,3360,564480000,0,0.0
20/08/2007,-17680,-2964810000,168(0.00 %),0,0,17680,2964810000,0,0.0
21/08/2007,-1740,-292320000,168(0.00 %),0,0,1740,292320000,0,0.0
22/08/2007,-500,-83500000,167(-0.60 %),0,0,500,83500000,0,0.0
23/08/2007,3360,567840000,168(0.60 %),3360,567840000,0,0,0,0.0
24/08/2007,17680,3076320000,171(1.79 %),17680,3076320000,0,0,0,0.0
27/08/2007,1740,301020000,171(0.00 %),1740,301020000,0,0,0,0.0
28/08/2007,500,85000000,170(-0.58 %),500,85000000,0,0,0,0.0
29/08/2007,0,0,168(-1.18 %),0,0,0,0,0,0.0
30/08/2007,0,0,168(0.00 %),0,0,0,0,0,0.0
31/08/2007,-13000,-2190250000,169(0.60 %),0,0,13000,2190250000,0,0.0
04/09/2007,0,0,172(1.78 %),0,0,0,0,0,0.0
05/09/2007,0,0,172(0.00 %),0,0,0,0,0,0.0
06/09/2007,0,0,171(-0.58 %),0,0,0,0,0,0.0
07/09/2007,13000,2262000000,174(1.75 %),13000,2262000000,0,0,0,0.0
10/09/2007,0,0,174(0.00 %),0,0,0,0,0,0.0
11/09/2007,0,0,171(-1.72 %),0,0,0,0,0,0.0
12/09/2007,0,0,172(0.58 %),0,0,0,0,0,0.0
13/09/2007,0,0,171(-0.58 %),0,0,0,0,0,0.0
14/09/2007,0,0,172(0.58 %),0,0,0,0,0,0.0
17/09/2007,0,0,172(0.00 %),0,0,0,0,0,0.0
18/09/2007,0,0,171(-0.58 %),0,0,0,0,0,0.0
19/09/2007,0,0,172(0.58 %),0,0,0,0,0,0.0
20/09/2007,-30,-5250000,175(1.74 %),0,0,30,5250000,0,0.0
21/09/2007,0,0,174(-0.57 %),0,0,0,0,0,0.0
24/09/2007,-13320,-2328310000,175(0.57 %),0,0,13320,2328310000,0,0.0
25/09/2007,0,0,182(4.00 %),0,0,0,0,0,0.0
26/09/2007,0,0,180(-1.10 %),0,0,0,0,0,0.0
27/09/2007,0,0,180(0.00 %),0,0,0,0,0,0.0
28/09/2007,13350,2469750000,185(2.78 %),13350,2469750000,0,0,0,0.0
01/10/2007,0,0,194(4.86 %),0,0,0,0,0,0.0
02/10/2007,0,0,193(-0.52 %),0,0,0,0,0,0.0
03/10/2007,-5000,-965000000,193(0.00 %),0,0,5000,965000000,0,0.0
04/10/2007,-44210,-8134640000,184(-4.66 %),0,0,44210,8134640000,0,0.0
05/10/2007,0,0,192(4.35 %),0,0,0,0,0,0.0
08/10/2007,0,0,194(1.04 %),0,0,0,0,0,0.0
09/10/2007,5000,950000000,194(0.00 %),5000,950000000,0,0,0,0.0
10/10/2007,43960,8923880000,198(2.06 %),44210,8974630000,250,50750000,0,0.0
11/10/2007,0,0,199(0.51 %),0,0,0,0,0,0.0
12/10/2007,0,0,199(0.00 %),0,0,0,0,0,0.0
15/10/2007,0,0,200(0.50 %),0,0,0,0,0,0.0
16/10/2007,-1250,-250000000,203(1.50 %),250,50000000,1500,300000000,0,0.0
17/10/2007,0,0,207(1.97 %),0,0,0,0,0,0.0
18/10/2007,-600,-123500000,201(-2.90 %),0,0,600,123500000,0,0.0
19/10/2007,-100,-20000000,200(-0.50 %),0,0,100,20000000,0,0.0
22/10/2007,1500,307500000,204(2.00 %),1500,307500000,0,0,0,0.0
23/10/2007,-1750,-358750000,205(0.49 %),0,0,1750,358750000,0,0.0
24/10/2007,140,29160000,204(-0.49 %),600,123000000,460,93840000,0,0.0
25/10/2007,-1310,-263010000,201(-1.47 %),100,20400000,1410,283410000,0,0.0
26/10/2007,0,0,197(-1.99 %),0,0,0,0,0,0.0
29/10/2007,1600,313750000,193(-2.03 %),1750,343000000,150,29250000,0,0.0
30/10/2007,-17880,-3424160000,192(-0.52 %),460,87400000,18340,3511560000,0,0.0
31/10/2007,-1590,-290280000,187(-2.60 %),1410,270720000,3000,561000000,0,0.0
01/11/2007,-120,-23140000,192(2.67 %),0,0,120,23140000,0,0.0
02/11/2007,-4310,-818900000,190(-1.04 %),150,28500000,4460,847400000,0,0.0
05/11/2007,-8560,-1583600000,186(-2.11 %),18340,3392900000,26900,4976500000,0,0.0
06/11/2007,2300,424800000,186(0.00 %),3000,555000000,700,130200000,0,0.0
07/11/2007,120,22320000,188(1.08 %),120,22320000,0,0,0,0.0
08/11/2007,4460,838480000,188(0.00 %),4460,838480000,0,0,0,0.0
09/11/2007,26900,5111000000,188(0.00 %),26900,5111000000,0,0,0,0.0
12/11/2007,700,131600000,185(-1.60 %),700,131600000,0,0,0,0.0
13/11/2007,-2440,-431880000,177(-4.32 %),0,0,2440,431880000,0,0.0
14/11/2007,0,0,185(4.52 %),0,0,0,0,0,0.0
15/11/2007,0,0,181(-2.16 %),0,0,0,0,0,0.0
16/11/2007,-1400,-251200000,181(0.00 %),0,0,1400,251200000,0,0.0
19/11/2007,2440,441640000,180(-0.55 %),2440,441640000,0,0,0,0.0
20/11/2007,-100,-17900000,179(-0.56 %),0,0,100,17900000,0,0.0
21/11/2007,-410,-72160000,176(-1.68 %),0,0,410,72160000,0,0.0
22/11/2007,1400,246400000,177(0.57 %),1400,246400000,0,0,0,0.0
23/11/2007,0,0,177(0.00 %),0,0,0,0,0,0.0
26/11/2007,-5000,-885000000,180(1.69 %),100,17700000,5100,902700000,0,0.0
27/11/2007,410,73800000,181(0.56 %),410,73800000,0,0,0,0.0
28/11/2007,0,0,181(0.00 %),0,0,0,0,0,0.0
29/11/2007,0,0,180(-0.55 %),0,0,0,0,0,0.0
30/11/2007,5100,918000000,180(0.00 %),5100,918000000,0,0,0,0.0
03/12/2007,-1000,-189000000,189(5.00 %),0,0,1000,189000000,0,0.0
04/12/2007,-1000,-194000000,193(2.12 %),0,0,1000,194000000,0,0.0
05/12/2007,-8160,-1550400000,187(-3.11 %),0,0,8160,1550400000,0,0.0
06/12/2007,-1330,-247380000,186(-0.53 %),0,0,1330,247380000,0,0.0
07/12/2007,-17230,-3203170000,186(0.00 %),1000,188000000,18230,3391170000,0,0.0
10/12/2007,-1150,-211750000,185(-0.54 %),1000,186000000,2150,397750000,0,0.0
11/12/2007,-1840,-340400000,183(-1.08 %),8160,1509600000,10000,1850000000,0,0.0
12/12/2007,830,143080000,182(-0.55 %),1330,234080000,500,91000000,0,0.0
13/12/2007,9640,1744100000,178(-2.20 %),18230,3281400000,8590,1537300000,0,0.0
14/12/2007,-11800,-2088240000,175(-1.69 %),2150,382700000,13950,2470940000,0,0.0
17/12/2007,10000,1440000000,134(-2.90 %),10000,1440000000,0,0,0,0.0
18/12/2007,300,39430000,130(-2.99 %),500,65500000,200,26070000,0,0.0
19/12/2007,-11410,-1551760000,136(4.62 %),8590,1168240000,20000,2720000000,0,0.0
20/12/2007,3950,549050000,132(-2.94 %),13950,1939050000,10000,1390000000,0,0.0
21/12/2007,-33800,-4487400000,133(0.76 %),0,0,33800,4487400000,0,0.0
24/12/2007,-16300,-2159900000,132(-0.75 %),200,26600000,16500,2186500000,0,0.0
25/12/2007,-9550,-1241350000,130(-1.52 %),5450,708650000,15000,1950000000,0,0.0
26/12/2007,8550,1161350000,130(0.00 %),24550,3265150000,16000,2103800000,0,0.0
27/12/2007,13800,1863000000,134(3.08 %),33800,4563000000,20000,2700000000,0,0.0
28/12/2007,-39150,-5235450000,138(2.99 %),16500,2194500000,55650,7429950000,0,0.0
02/01/2008,11660,1686790000,141(2.17 %),15000,2160000000,3340,473210000,0,0.0
03/01/2008,16000,2240000000,138(-2.13 %),16000,2240000000,0,0,0,0.0
04/01/2008,-470,-53920000,136(-1.45 %),20000,2760000000,20470,2813920000,0,0.0
07/01/2008,-49070,-6390960000,130(-4.41 %),51380,6883800000,100450,13274760000,0,0.0
08/01/2008,7610,1004520000,132(1.54 %),7610,1004520000,0,0,0,0.0
09/01/2008,0,0,133(0.76 %),0,0,0,0,0,0.0
10/01/2008,-85860,-11002990000,127(-4.51 %),20470,2722510000,106330,13725500000,0,0.0
11/01/2008,-570,-75900000,133(4.72 %),90,11880000,660,87780000,0,0.0
14/01/2008,69660,9682740000,134(0.75 %),95710,13303690000,26050,3620950000,0,0.0
15/01/2008,100,13400000,132(-1.49 %),100,13400000,0,0,0,0.0
16/01/2008,-150900,-20794200000,138(4.55 %),0,0,150900,20794200000,0,0.0
17/01/2008,42200,5907770000,138(0.00 %),55030,7679760000,12830,1771990000,0,0.0
18/01/2008,-29680,-4135720000,139(0.72 %),11200,1546600000,40880,5682320000,0,0.0
21/01/2008,-1590,-176080000,138(-0.72 %),33420,4633900000,35010,4809980000,0,0.0
22/01/2008,-5110,-673470000,137(-0.72 %),34450,4715350000,39560,5388820000,0,0.0
23/01/2008,28530,3867130000,136(-0.73 %),33420,4531320000,4890,664190000,0,0.0
24/01/2008,20270,2762920000,134(-1.47 %),23880,3246660000,3610,483740000,0,0.0
25/01/2008,-33000,-4375000000,132(-1.49 %),0,0,33000,4375000000,0,0.0
28/01/2008,-12030,-1575930000,131(-0.76 %),0,0,12030,1575930000,0,0.0
29/01/2008,-21940,-2931530000,137(4.58 %),43060,5748470000,65000,8680000000,0,0.0
30/01/2008,46810,6656120000,143(4.38 %),75180,10712630000,28370,4056510000,0,0.0
31/01/2008,-25780,-3625080000,141(-1.40 %),100,14000000,25880,3639080000,0,0.0
01/02/2008,6050,860330000,141(0.00 %),21050,2985330000,15000,2125000000,0,0.0
12/02/2008,26760,3774740000,140(-0.71 %),55920,7759920000,29160,3985180000,0,0.0
13/02/2008,0,0,136(-2.86 %),0,0,0,0,0,0.0
14/02/2008,-15330,-2084880000,135(-0.74 %),200,27200000,15530,2112080000,0,0.0
15/02/2008,460,61180000,134(-0.74 %),460,61180000,0,0,0,0.0
18/02/2008,-510,-65790000,129(-3.73 %),0,0,510,65790000,0,0.0
19/02/2008,0,0,129(0.00 %),0,0,0,0,0,0.0
20/02/2008,1640,208880000,123(-4.65 %),2640,334880000,1000,126000000,0,0.0
21/02/2008,660,77220000,117(-4.88 %),700,81900000,40,4680000,0,0.0
22/02/2008,47770,5348110000,114(-2.56 %),50050,5605750000,2280,257640000,0,0.0
25/02/2008,-2240,-257910000,119(4.39 %),300,34200000,2540,292110000,0,0.0
26/02/2008,25100,2884600000,114(-4.20 %),25100,2884600000,0,0,0,0.0
27/02/2008,900,100000000,110(-3.51 %),900,100000000,0,0,0,0.0
28/02/2008,19050,2114550000,111(0.91 %),19600,2175600000,550,61050000,0,0.0
29/02/2008,13200,1405200000,106(-4.50 %),13200,1405200000,0,0,0,0.0
03/03/2008,8000,808000000,101(-4.72 %),8000,808000000,0,0,0,0.0
04/03/2008,41500,3984000000,96(-4.95 %),46200,4435200000,4700,451200000,0,0.0
05/03/2008,20080,1837320000,91.5(-4.69 %),20080,1837320000,0,0,0,0.0
06/03/2008,7060,677760000,96(4.92 %),7060,677760000,0,0,0,0.0
07/03/2008,6150,615000000,100(4.17 %),30060,3006000000,23910,2391000000,0,0.0
10/03/2008,4200,441000000,105(5.00 %),28320,2973600000,24120,2532600000,0,0.0
11/03/2008,27890,2949500000,105(0.00 %),27890,2949500000,0,0,0,0.0
12/03/2008,-11820,-1222660000,103(-1.90 %),0,0,11820,1222660000,0,0.0
13/03/2008,15520,1681040000,104(0.97 %),23910,2582280000,8390,901240000,0,0.0
14/03/2008,24120,2556720000,104(0.00 %),24120,2556720000,0,0,0,0.0
17/03/2008,-80,-8080000,99(-4.81 %),0,0,80,8080000,0,0.0
18/03/2008,254090,25359750000,99(0.00 %),284420,28381680000,30330,3021930000,0,0.0
19/03/2008,75060,7450005000,99(0.00 %),78060,7747505000,3000,297500000,0,0.0
20/03/2008,95710,9616390000,102(3.03 %),97940,9842730000,2230,226340000,0,0.0
21/03/2008,4300,418100000,97(-4.90 %),4300,418100000,0,0,0,0.0
24/03/2008,6860,634550000,92.5(-4.64 %),8860,819550000,2000,185000000,0,0.0
25/03/2008,5870,516560000,88(-4.86 %),6000,528000000,130,11440000,0,0.0
26/03/2008,-4920,-428110000,90.5(2.84 %),15350,1313310000,20270,1741420000,0,0.0
27/03/2008,4950,450450000,91(0.55 %),5350,486850000,400,36400000,0,0.0
28/03/2008,80,7320000,91.5(0.55 %),80,7320000,0,0,0,0.0
31/03/2008,-8270,-760840000,92(0.55 %),0,0,8270,760840000,0,0.0
01/04/2008,790,73075000,92.5(0.54 %),790,73075000,0,0,0,0.0
02/04/2008,3360,312480000,93(0.54 %),4950,460350000,1590,147870000,0,0.0
03/04/2008,16980,1587630000,93.5(0.54 %),16980,1587630000,0,0,0,0.0
04/04/2008,0,0,94(0.53 %),0,0,0,0,0,0.0
07/04/2008,730,69715000,95.5(1.60 %),730,69715000,0,0,0,0.0
08/04/2008,200,19400000,95.5(0.00 %),200,19400000,0,0,0,0.0
09/04/2008,-21250,-1997500000,94(-1.57 %),1000,94000000,22250,2091500000,0,0.0
10/04/2008,-5720,-529100000,92.5(-1.60 %),7930,733525000,13650,1262625000,0,0.0
11/04/2008,0,0,91(-1.62 %),0,0,0,0,0,0.0
16/04/2008,0,0,89.5(-1.65 %),0,0,0,0,0,0.0
17/04/2008,3190,280720000,91(1.68 %),4190,368720000,1000,88000000,0,0.0
18/04/2008,13850,1276700000,92.5(1.65 %),13850,1276700000,0,0,0,0.0
21/04/2008,4450,410125000,91(-1.62 %),4450,410125000,0,0,0,0.0
22/04/2008,3000,268500000,89.5(-1.65 %),4900,438550000,1900,170050000,0,0.0
23/04/2008,4770,419760000,88(-1.68 %),9100,800800000,4330,381040000,0,0.0
24/04/2008,50,4325000,86.5(-1.70 %),200,17300000,150,12975000,0,0.0
25/04/2008,-12870,-1106040000,88(1.73 %),0,0,12870,1106040000,0,0.0
28/04/2008,2110,187700000,89.5(1.70 %),2110,187700000,0,0,0,0.0
29/04/2008,-280,-13955000,90(0.56 %),4330,394030000,4610,407985000,0,0.0
05/05/2008,150,13275000,91(1.11 %),150,13275000,0,0,0,0.0
06/05/2008,12870,1190475000,91(0.00 %),12870,1190475000,0,0,0,0.0
07/05/2008,0,0,91(0.00 %),0,0,0,0,0,0.0
08/05/2008,4610,412595000,89.5(-1.65 %),4610,412595000,0,0,0,0.0
09/05/2008,0,0,88(-1.68 %),0,0,0,0,0,0.0
12/05/2008,0,0,86.5(-1.70 %),0,0,0,0,0,0.0
13/05/2008,0,0,84.5(-1.74 %),0,0,0,0,0,0.0
14/05/2008,-1000,-83000000,83(-1.78 %),0,0,1000,83000000,0,0.0
15/05/2008,-10,-815000,81.5(-1.81 %),0,0,10,815000,0,0.0
16/05/2008,-19570,-1565600000,80(-1.84 %),0,0,19570,1565600000,0,0.0
19/05/2008,0,0,78.5(-1.88 %),0,0,0,0,0,0.0
20/05/2008,-20,-1540000,77(-1.91 %),1000,78500000,1020,80040000,0,0.0
21/05/2008,10,755000,75.5(-1.95 %),10,755000,0,0,0,0.0
22/05/2008,17650,1306100000,74(-1.99 %),17650,1306100000,0,0,0,0.0
23/05/2008,100,7300000,73(-1.35 %),100,7300000,0,0,0,0.0
26/05/2008,2840,204480000,72(-1.37 %),2840,204480000,0,0,0,0.0
27/05/2008,0,0,72(0.00 %),0,0,0,0,0,0.0
28/05/2008,0,0,72(0.00 %),0,0,0,0,0,0.0
29/05/2008,0,0,72(0.00 %),0,0,0,0,0,0.0
30/05/2008,0,0,71(-1.39 %),0,0,0,0,0,0.0
02/06/2008,0,0,71(0.00 %),0,0,0,0,0,0.0
03/06/2008,0,0,70(-1.41 %),0,0,0,0,0,0.0
04/06/2008,-10,-690000,69(-1.43 %),0,0,10,690000,0,0.0
05/06/2008,-1000,-68000000,68(-1.45 %),0,0,1000,68000000,0,0.0
06/06/2008,-500,-33500000,67(-1.47 %),0,0,500,33500000,0,0.0
09/06/2008,0,0,66(-1.49 %),0,0,0,0,0,0.0
10/06/2008,10,650000,65(-1.52 %),10,650000,0,0,0,0.0
11/06/2008,520,34280000,64(-1.54 %),1000,65000000,480,30720000,0,0.0
12/06/2008,-200,-12100000,63(-1.56 %),500,32000000,700,44100000,0,0.0
13/06/2008,-19990,-1239380000,62(-1.59 %),0,0,19990,1239380000,0,0.0
16/06/2008,-3500,-213550000,61(-1.61 %),0,0,3500,213550000,0,0.0
17/06/2008,470,29140000,62(1.64 %),480,29760000,10,620000,0,0.0
18/06/2008,700,43400000,61(-1.61 %),700,43400000,0,0,0,0.0
19/06/2008,12110,720545000,59.5(-2.46 %),12110,720545000,0,0,0,0.0
20/06/2008,11080,642640000,58(-2.52 %),11380,660040000,300,17400000,0,0.0
23/06/2008,-7170,-411690000,57(-1.72 %),0,0,7170,411690000,0,0.0
24/06/2008,10,555000,55.5(-2.63 %),10,555000,0,0,0,0.0
25/06/2008,0,0,56.5(1.80 %),0,0,0,0,0,0.0
26/06/2008,300,17400000,55.5(-1.77 %),300,17400000,0,0,0,0.0
27/06/2008,7170,387180000,56.5(1.80 %),7170,387180000,0,0,0,0.0
30/06/2008,-1220,-67405000,55.5(-1.77 %),0,0,1220,67405000,0,0.0
01/07/2008,-12220,-696540000,57(2.70 %),0,0,12220,696540000,0,0.0
02/07/2008,0,0,58.5(2.63 %),0,0,0,0,0,0.0
03/07/2008,-33000,-1980000000,60(2.56 %),0,0,33000,1980000000,0,0.0
04/07/2008,-18780,-1154970000,61.5(2.50 %),31220,1920030000,50000,3075000000,0,0.0
07/07/2008,2220,136530000,60(-2.44 %),12220,751530000,10000,615000000,0,0.0
08/07/2008,0,0,58.5(-2.50 %),0,0,0,0,0,0.0
09/07/2008,32230,1837110000,57(-2.56 %),32230,1837110000,0,0,0,0.0
10/07/2008,-68930,-3827795000,55.5(-2.63 %),45770,2579070000,114700,6406865000,0,0.0
11/07/2008,-22930,-1311860000,56(0.90 %),10000,555000000,32930,1866860000,0,0.0
14/07/2008,0,0,57.5(2.68 %),0,0,0,0,0,0.0
15/07/2008,-39590,-2335810000,59(2.61 %),0,0,39590,2335810000,0,0.0
16/07/2008,23890,1444955000,60.5(2.54 %),61150,3699185000,37260,2254230000,0,0.0
17/07/2008,230,13720000,59(-2.48 %),230,13720000,0,0,0,0.0
18/07/2008,20100,1155750000,57.5(-2.54 %),30360,1745700000,10260,589950000,0,0.0
21/07/2008,5690,318640000,56(-2.61 %),14100,789600000,8410,470960000,0,0.0
22/07/2008,-10,-545000,54.5(-2.68 %),1170,63765000,1180,64310000,0,0.0
23/07/2008,1270,67310000,53(-2.75 %),1270,67310000,0,0,0,0.0
24/07/2008,26260,1352390000,51.5(-2.83 %),30000,1545000000,3740,192610000,0,0.0
25/07/2008,100,5000000,50(-2.91 %),100,5000000,0,0,0,0.0
28/07/2008,-40040,-1942372000,48.5(-3.00 %),5980,290108000,46020,2232480000,0,0.0
29/07/2008,50,1655000,48.5(0.00 %),9600,475400000,9550,473745000,0,0.0
30/07/2008,-9960,-469116000,47.1(-2.89 %),500,23550000,10460,492666000,0,0.0
31/07/2008,-9530,-435521000,45.7(-2.97 %),300,13710000,9830,449231000,0,0.0
01/08/2008,-32970,-1463908000,44.4(-2.84 %),1200,53280000,34170,1517188000,0,0.0
04/08/2008,-4200,-181020000,43.1(-2.93 %),1900,81890000,6100,262910000,0,0.0
05/08/2008,-136530,-6042761000,44.3(2.78 %),100,4400000,136630,6047161000,0,0.0
06/08/2008,-98570,-4494792000,45.6(2.93 %),20800,948480000,119370,5443272000,0,0.0
07/08/2008,-70360,-3299884000,46.9(2.85 %),9640,452116000,80000,3752000000,0,0.0
08/08/2008,-50140,-2423247000,48.3(2.99 %),67860,3276053000,118000,5699300000,0,0.0
11/08/2008,-65600,-3260320000,49.7(2.90 %),39400,1958180000,105000,5218500000,0,0.0
12/08/2008,13640,695120000,51(2.62 %),114640,5846120000,101000,5151000000,0,0.0
13/08/2008,-70980,-3730400000,52.5(2.94 %),104050,5458675000,175030,9189075000,0,0.0
14/08/2008,-40600,-2192400000,54(2.86 %),59700,3223800000,100300,5416200000,0,0.0
15/08/2008,-31250,-1734375000,55.5(2.78 %),0,0,31250,1734375000,0,0.0
18/08/2008,-67010,-3886580000,58(4.50 %),42990,2493420000,110000,6380000000,0,0.0
19/08/2008,17470,1057685000,60.5(4.31 %),108010,6534605000,90540,5476920000,0,0.0
20/08/2008,30600,1898000000,63.5(4.96 %),35600,2215500000,5000,317500000,0,0.0
21/08/2008,-4750,-315875000,66.5(4.72 %),15450,1027425000,20200,1343300000,0,0.0
22/08/2008,61420,4246315000,69.5(4.51 %),107490,7448180000,46070,3201865000,0,0.0
25/08/2008,-1190,-86275000,72.5(4.32 %),350,25375000,1540,111650000,0,0.0
26/08/2008,-32350,-2458600000,76(4.83 %),2220,168720000,34570,2627320000,0,0.0
27/08/2008,4930,391935000,79.5(4.61 %),7430,590685000,2500,198750000,0,0.0
28/08/2008,460,30310000,76(-4.40 %),19270,1464520000,18810,1434210000,0,0.0
29/08/2008,-560,-40600000,75(-1.32 %),1160,84100000,1720,124700000,0,0.0
03/09/2008,-140160,-11003565000,78(4.00 %),129680,10100170000,269840,21103735000,0,0.0
04/09/2008,-130160,-8835675000,68(-2.51 %),0,0,130160,8835675000,0,0.0
05/09/2008,-5510,-357650000,65(-4.41 %),800,52500000,6310,410150000,0,0.0
08/09/2008,-4160,-257920000,62(-4.62 %),1550,96100000,5710,354020000,0,0.0
09/09/2008,-6810,-401790000,59(-4.84 %),800,47200000,7610,448990000,0,0.0
10/09/2008,750,42375000,56.5(-4.24 %),750,42375000,0,0,0,0.0
11/09/2008,1320,71280000,54(-4.42 %),1320,71280000,0,0,0,0.0
12/09/2008,1800,92700000,51.5(-4.63 %),1800,92700000,0,0,0,0.0
15/09/2008,45300,2320500000,49(-4.85 %),52100,2676200000,6800,355700000,0,0.0
16/09/2008,-35450,-1651970000,46.6(-4.51 %),50,2330000,35500,1654300000,0,0.0
17/09/2008,-940,-41642000,44.3(-4.94 %),10,443000,950,42085000,0,0.0
18/09/2008,6100,256810000,42.1(-4.97 %),6100,256810000,0,0,0,0.0
19/09/2008,-93750,-4126551000,44.2(4.99 %),10500,442050000,104250,4568601000,0,0.0
22/09/2008,-210660,-9774624000,46.4(4.98 %),2400,111360000,213060,9885984000,0,0.0
23/09/2008,-21480,-1008495000,44.1(-4.96 %),11670,514647000,33150,1523142000,0,0.0
24/09/2008,2280,98714000,42.3(-4.08 %),6100,266810000,3820,168096000,0,0.0
25/09/2008,-38890,-1713380000,44(4.02 %),1670,70140000,40560,1783520000,0,0.0
26/09/2008,-49120,-2267578000,45.2(2.73 %),250,11350000,49370,2278928000,0,0.0
29/09/2008,17670,767916000,43.6(-3.54 %),114000,4970400000,96330,4202484000,0,0.0
30/09/2008,400,16600000,41.5(-4.82 %),400,16600000,0,0,0,0.0
01/10/2008,-15790,-647390000,39.6(-4.58 %),900,36900000,16690,684290000,0,0.0
02/10/2008,-46630,-1889591000,40.5(2.27 %),128100,4832170000,174730,6721761000,0,0.0
03/10/2008,-39790,-1618194000,40.2(-0.74 %),0,0,39790,1618194000,0,0.0
06/10/2008,2700,103220000,38.2(-4.98 %),3630,138839000,930,35619000,0,0.0
07/10/2008,-510,-18513000,36.3(-4.97 %),1000,36300000,1510,54813000,0,0.0
08/10/2008,53950,1860920000,34.5(-4.96 %),105000,3622500000,51050,1761580000,0,0.0
09/10/2008,-64700,-2226975000,33.8(-2.03 %),10900,368420000,75600,2595395000,0,0.0
10/10/2008,-51140,-1646708000,32.2(-4.73 %),1000,32200000,52140,1678908000,0,0.0
13/10/2008,-31540,-973446000,30.6(-4.97 %),0,0,31540,973446000,0,0.0
14/10/2008,-339210,-10888641000,32.1(4.90 %),3430,110103000,342640,10998744000,0,0.0
15/10/2008,-85000,-2695624000,32(-0.31 %),10700,352900000,95700,3048524000,0,0.0
16/10/2008,-16590,-504336000,30.4(-5.00 %),89310,2715024000,105900,3219360000,0,0.0
17/10/2008,-40280,-1180197000,28.9(-4.93 %),17470,518230000,57750,1698427000,0,0.0
20/10/2008,-73400,-2019088000,27.5(-4.84 %),1100,31570000,74500,2050658000,0,0.0
21/10/2008,-111000,-2963421000,28(1.82 %),0,0,111000,2963421000,0,0.0
22/10/2008,2550,71500000,29.4(5.00 %),2550,71500000,0,0,0,0.0
23/10/2008,-2300,-67420000,30.4(3.40 %),11600,357200000,13900,424620000,0,0.0
24/10/2008,-105970,-3086208000,28.9(-4.93 %),2300,67670000,108270,3153878000,0,0.0
27/10/2008,-28900,-794750000,27.5(-4.84 %),580,15950000,29480,810700000,0,0.0
28/10/2008,-31000,-809944000,26.4(-4.00 %),37600,992640000,68600,1802584000,0,0.0
29/10/2008,-1050,-29085000,27.7(4.92 %),500,13850000,1550,42935000,0,0.0
30/10/2008,300,8310000,29(4.69 %),300,8310000,0,0,0,0.0
31/10/2008,-11060,-331249000,30.4(4.83 %),50,1495000,11110,332744000,0,0.0
03/11/2008,-2360,-77580000,31.9(4.93 %),8640,265520000,11000,343100000,0,0.0
04/11/2008,1000,33400000,33.4(4.70 %),2000,66800000,1000,33400000,0,0.0
05/11/2008,-1000,-35000000,35(4.79 %),0,0,1000,35000000,0,0.0
06/11/2008,17400,638190000,36.7(4.86 %),30500,1117960000,13100,479770000,0,0.0
07/11/2008,910,30971000,34.9(-4.90 %),1800,62820000,890,31849000,0,0.0
10/11/2008,-1100,-40260000,36.6(4.87 %),0,0,1100,40260000,0,0.0
11/11/2008,80,2880000,35.5(-3.01 %),80,2880000,0,0,0,0.0
12/11/2008,-49680,-1702838000,35(-1.41 %),0,0,49680,1702838000,0,0.0
13/11/2008,-27500,-958750000,35(0.00 %),4500,157500000,32000,1116250000,0,0.0
14/11/2008,-10780,-376916000,34.5(-1.43 %),1000,34500000,11780,411416000,0,0.0
17/11/2008,-1500,-49800000,34.5(0.00 %),500,17000000,2000,66800000,0,0.0
18/11/2008,51500,1750123000,34.5(0.00 %),52000,1767373000,500,17250000,0,0.0
19/11/2008,-6140,-206395000,33.5(-2.90 %),0,0,6140,206395000,0,0.0
20/11/2008,100,3190000,31.9(-4.78 %),100,3190000,0,0,0,0.0
21/11/2008,-31350,-888471000,31.9(0.00 %),203070,6379500000,234420,7267971000,0,0.0
24/11/2008,-198400,-6031450000,30.4(-4.70 %),1600,48640000,200000,6080090000,0,0.0
25/11/2008,-141770,-4104942000,28.9(-4.93 %),1000,29000000,142770,4133942000,0,0.0
26/11/2008,-35150,-966625000,27.5(-4.84 %),3680,101200000,38830,1067825000,0,0.0
27/11/2008,-138230,-3675241000,26.2(-4.73 %),100000,2620000000,238230,6295241000,0,0.0
28/11/2008,-6600,-181500000,27.5(4.96 %),0,0,6600,181500000,0,0.0
01/12/2008,0,0,28.7(4.36 %),0,0,0,0,0,0.0
02/12/2008,1940,53888000,27.3(-4.88 %),2500,69400000,560,15512000,0,0.0
03/12/2008,-26730,-721210000,27(-1.10 %),0,0,26730,721210000,0,0.0
04/12/2008,-53710,-1495753000,27.8(2.96 %),34930,972565000,88640,2468318000,0,0.0
05/12/2008,-38340,-1035180000,27(-2.88 %),0,0,38340,1035180000,0,0.0
08/12/2008,-49650,-1283070000,26(-3.70 %),21000,539700000,70650,1822770000,0,0.0
09/12/2008,7060,189060000,27.1(4.23 %),8870,237849000,1810,48789000,0,0.0
10/12/2008,0,0,26.1(-3.69 %),0,0,0,0,0,0.0
11/12/2008,370,9990000,27.4(4.98 %),370,9990000,0,0,0,0.0
12/12/2008,-1270,-36449000,28.7(4.74 %),3810,109347000,5080,145796000,0,0.0
15/12/2008,8580,257498000,30.1(4.88 %),9400,282180000,820,24682000,0,0.0
16/12/2008,-7690,-224805000,28.6(-4.98 %),0,0,7690,224805000,0,0.0
17/12/2008,-540,-15552000,29.3(2.45 %),1500,43200000,2040,58752000,0,0.0
18/12/2008,3220,93980000,29.3(0.00 %),4000,116600000,780,22620000,0,0.0
19/12/2008,-17570,-529948000,30.2(3.07 %),70,2051000,17640,531999000,0,0.0
22/12/2008,-14480,-428340000,29.5(-2.32 %),1000,30500000,15480,458840000,0,0.0
23/12/2008,2660,75510000,28.2(-4.41 %),2940,83490000,280,7980000,0,0.0
24/12/2008,-11900,-335622000,28.2(0.00 %),2090,58938000,13990,394560000,0,0.0
25/12/2008,0,0,28.1(-0.35 %),0,0,0,0,0,0.0
26/12/2008,10,282000,28.3(0.71 %),10,282000,0,0,0,0.0
29/12/2008,660,18378000,28.4(0.35 %),1660,47178000,1000,28800000,0,0.0
30/12/2008,-670,-20530000,28.9(1.76 %),15330,443370000,16000,463900000,0,0.0
31/12/2008,-34080,-978138000,28.7(-0.69 %),3570,102899000,37650,1081037000,0,0.0
02/01/2009,-24000,-722400000,30.1(4.88 %),0,0,24000,722400000,3292885,35.96
05/01/2009,-34400,-1087040000,31.6(4.98 %),0,0,34400,1087040000,3327285,35.82
06/01/2009,32600,1081555000,33.1(4.75 %),87740,2903194000,55140,1821639000,3294685,35.95
07/01/2009,163830,5595762000,34(2.72 %),174820,5974317000,10990,378555000,3130855,36.6
08/01/2009,27950,907375000,32.5(-4.41 %),27950,907375000,0,0,3102905,36.71
09/01/2009,8690,284223000,33(1.54 %),21400,700140000,12710,415917000,3094215,36.75
12/01/2009,0,0,32.8(-0.61 %),0,0,0,0,3094215,36.75
13/01/2009,47610,1526454000,31.4(-4.27 %),47610,1526454000,0,0,3046605,36.93
14/01/2009,17110,540818000,32(1.91 %),20600,651380000,3490,110562000,3029495,37.0
15/01/2009,3140,97706000,31.7(-0.94 %),63530,2012469000,60390,1914763000,3026355,37.01
16/01/2009,15570,493817000,31.6(-0.32 %),70180,2224605000,54610,1730788000,3010785,37.08
19/01/2009,30340,963677000,31.8(0.63 %),80017,2459449700,49677,1495772700,2980445,37.2
20/01/2009,24070,760973000,31.5(-0.94 %),27050,854843000,2980,93870000,2956375,37.29
21/01/2009,34480,1093960000,31.7(0.63 %),45090,1430958000,10610,336998000,2921895,37.43
22/01/2009,2160,76509000,32(0.95 %),67750,2164930000,65590,2088421000,2919735,37.44
23/01/2009,-51020,-1630413000,31.8(-0.62 %),18850,602454000,69870,2232867000,2970755,37.23
02/02/2009,12940,409992000,31.6(-0.63 %),15000,475500000,2060,65508000,2957815,37.29
03/02/2009,72490,2276511000,31(-1.90 %),84940,2668210000,12450,391699000,2885325,37.57
04/02/2009,24940,778526000,31.4(1.29 %),26790,836681000,1850,58155000,2860385,37.67
05/02/2009,45110,1407860000,31.3(-0.32 %),45110,1407860000,0,0,2815275,37.85
06/02/2009,16290,508246000,31.6(0.96 %),29000,907900000,12710,399654000,2798985,37.91
09/02/2009,26780,861706000,32.9(4.11 %),26780,861706000,0,0,2772205,38.02
10/02/2009,43230,1404860000,32.5(-1.22 %),43230,1404860000,0,0,2728975,38.19
11/02/2009,64500,2059595000,31.9(-1.85 %),64500,2059595000,0,0,2664475,38.45
12/02/2009,26370,848579000,32.8(2.82 %),34570,1116423000,8200,267844000,2638105,38.55
13/02/2009,21360,709670000,33.4(1.83 %),21360,709670000,0,0,2616745,38.64
16/02/2009,15430,513303000,33.2(-0.60 %),19080,634368000,3650,121065000,2601315,38.7
17/02/2009,48900,1587210000,32.9(-0.90 %),63960,2079290000,15060,492080000,2552415,38.89
18/02/2009,94600,3023430000,31.8(-3.34 %),99600,3182910000,5000,159480000,2457815,39.27
19/02/2009,-19440,-626401000,31.3(-1.57 %),2020,64418000,21460,690819000,2477255,39.19
20/02/2009,-16300,-499291000,30.2(-3.51 %),0,0,16300,499291000,2493555,39.12
23/02/2009,7750,230950000,29.3(-2.98 %),10040,299192000,2290,68242000,2485805,39.16
24/02/2009,-15000,-427800000,28.5(-2.73 %),0,0,15000,427800000,2500805,39.1
25/02/2009,-280,-8372000,29.9(4.91 %),0,0,280,8372000,2501085,39.09
26/02/2009,19130,574389000,30(0.33 %),20000,600000000,870,25611000,2481955,39.17
27/02/2009,-1080,-32292000,30.5(1.67 %),90,2691000,1170,34983000,2483035,39.17
02/03/2009,20,620000,30.5(0.00 %),20,620000,0,0,2483015,39.17
03/03/2009,-25190,-746055000,29.6(-2.95 %),10000,295500000,35190,1041555000,2508205,39.07
04/03/2009,10000,302347000,30.2(2.03 %),11000,332547000,1000,30200000,2498205,39.11
05/03/2009,7770,241748000,31.4(3.97 %),11270,350398000,3500,108650000,2490435,39.14
06/03/2009,14000,431200000,31(-1.27 %),14000,431200000,0,0,2476435,39.19
09/03/2009,8360,260027000,31.2(0.65 %),10360,323027000,2000,63000000,2468075,39.23
10/03/2009,10000,313500000,31.9(2.24 %),10000,313500000,0,0,2458075,39.27
11/03/2009,11540,373210000,32.2(0.94 %),11640,376440000,100,3230000,2446535,39.31
12/03/2009,9000,281536000,31.1(-3.42 %),10000,313436000,1000,31900000,2437535,39.35
13/03/2009,-500,-16130000,31.2(0.32 %),1200,37760000,1700,53890000,2438035,39.34
16/03/2009,-6910,-219830000,32(2.56 %),0,0,6910,219830000,2444945,39.32
17/03/2009,-3010,-98993000,33(3.12 %),160,5200000,3170,104193000,2447955,39.31
18/03/2009,63330,2181218000,34.6(4.85 %),65000,2239000000,1670,57782000,2384625,39.56
19/03/2009,15760,552231000,33.1(-4.34 %),20260,709266000,4500,157035000,2368865,39.62
20/03/2009,18080,599730000,33.2(0.30 %),21400,710824000,3320,111094000,2350785,39.69
23/03/2009,120250,4070820000,33.9(2.11 %),124150,4201222000,3900,130402000,2230535,40.17
24/03/2009,53230,1889665000,35.5(4.72 %),53230,1889665000,0,0,2177305,40.38
25/03/2009,124190,4509735000,37.2(4.79 %),124390,4516835000,200,7100000,2053115,40.87
26/03/2009,98130,3826520000,39(4.84 %),99130,3865520000,1000,39000000,1954985,41.26
27/03/2009,54900,2220435000,39(0.00 %),58200,2355405000,3300,134970000,1900085,41.47
30/03/2009,61480,2389220000,38.5(-1.28 %),61920,2406380000,440,17160000,1838605,41.72
31/03/2009,19750,722725000,36.6(-4.94 %),37040,1363665000,17290,640940000,1818855,41.8
01/04/2009,12590,460518000,38.4(4.92 %),14990,551638000,2400,91120000,1806265,41.85
02/04/2009,60920,2443303000,40.3(4.95 %),61920,2482603000,1000,39300000,1745345,42.09
03/04/2009,63680,2693664000,42.3(4.96 %),64180,2714814000,500,21150000,1681665,42.34
07/04/2009,102800,4564086000,44.4(4.96 %),105100,4666076000,2300,101990000,1578865,42.75
08/04/2009,-20120,-879598000,42.5(-4.28 %),5000,215500000,25120,1095098000,1598985,42.67
09/04/2009,15000,649000000,42.9(0.94 %),15000,649000000,0,0,1583985,42.73
10/04/2009,32650,1469250000,45(4.90 %),393970,17728650000,361320,16259400000,1551335,42.86
13/04/2009,-2000,-94400000,47.2(4.89 %),0,0,2000,94400000,1553335,42.85
14/04/2009,-47210,-2341395000,49.5(4.87 %),27790,1371105000,75000,3712500000,1600545,42.66
15/04/2009,49710,2477000000,49.4(-0.20 %),57660,2870500000,7950,393500000,1550835,42.86
16/04/2009,-37230,-1860410000,49.8(0.81 %),25300,1258150000,62530,3118560000,1588065,42.71
17/04/2009,14260,674036000,47.4(-4.82 %),30120,1435784000,15860,761748000,1573805,42.77
20/04/2009,-6650,-299915000,45.1(-4.85 %),20100,906510000,26750,1206425000,1580455,42.74
21/04/2009,-45310,-1943799000,42.9(-4.88 %),7020,301158000,52330,2244957000,1625765,42.56
22/04/2009,-111210,-4795886000,43.3(0.93 %),17360,747119000,128570,5543005000,1736975,42.12
23/04/2009,25360,1098319000,42.7(-1.39 %),60930,2621235000,35570,1522916000,1711615,42.22
24/04/2009,11530,464996000,42.2(-1.17 %),39640,1631819000,28110,1166823000,1700085,42.27
27/04/2009,15020,656970000,43(1.90 %),15020,656970000,0,0,1685065,42.33
28/04/2009,5720,245960000,44(2.33 %),13500,580500000,7780,334540000,1679345,42.35
29/04/2009,26500,1165192000,44.6(1.36 %),26500,1165192000,0,0,1652845,42.45
04/05/2009,-30,-1404000,46.8(4.93 %),0,0,30,1404000,1652875,42.45
05/05/2009,26300,1291330000,49.1(4.91 %),26300,1291330000,0,0,1626575,42.56
06/05/2009,182720,9220648000,50(1.83 %),183220,9245648000,500,25000000,1443855,43.28
07/05/2009,69260,3634150000,52.5(5.00 %),72600,3809500000,3340,175350000,1374595,43.56
08/05/2009,60840,3307740000,54.5(3.81 %),60960,3314340000,120,6600000,1313755,43.8
11/05/2009,17290,958070000,54.5(0.00 %),20790,1153920000,3500,195850000,1296465,43.87
12/05/2009,22640,1245760000,57(4.59 %),99064,5219808000,76424,3974048000,1273825,43.96
13/05/2009,18670,1024710000,55(-3.51 %),38470,2115350000,19800,1090640000,1255155,44.03
14/05/2009,70090,3723875000,54(-1.82 %),73090,3884375000,3000,160500000,1185065,44.31
15/05/2009,90020,5073625000,56.5(4.63 %),91020,5130125000,1000,56500000,1095045,44.66
18/05/2009,49430,2854470000,58(2.65 %),64200,3724055000,14770,869585000,1045615,44.86
19/05/2009,45514,2753597000,60.5(4.31 %),83410,5046305000,37896,2292708000,1000101,45.04
20/05/2009,85880,5306740000,62.5(3.31 %),87180,5386690000,1300,79950000,914221,45.38
21/05/2009,69710,4512290000,64(2.40 %),70310,4549340000,600,37050000,844511,45.66
22/05/2009,21090,1317035000,62(-3.12 %),21560,1346410000,470,29375000,823421,45.74
25/05/2009,-23940,-1492350000,65(4.84 %),44660,2892350000,68600,4384700000,847361,45.64
26/05/2009,114030,7638560000,65(0.00 %),146480,9836710000,32450,2198150000,733331,46.1
27/05/2009,39820,2572700000,64(-1.54 %),42030,2716350000,2210,143650000,693511,46.25
28/05/2009,54840,3365980000,61(-4.69 %),56680,3478320000,1840,112340000,638671,46.47
29/05/2009,14850,919200000,62(1.64 %),16000,990500000,1150,71300000,623821,46.53
01/06/2009,46130,2983910000,65(4.84 %),77070,4990260000,30940,2006350000,577691,46.71
02/06/2009,61460,4179280000,68(4.62 %),61940,4211920000,480,32640000,516231,46.96
03/06/2009,60940,4218520000,69(1.47 %),71490,4951445000,10550,732925000,455291,47.2
04/06/2009,131820,9382985000,72(4.35 %),154710,10998965000,22890,1615980000,323471,47.72
05/06/2009,13120,990560000,75.5(4.86 %),39120,2953560000,26000,1963000000,310351,47.77
08/06/2009,18240,1440960000,79(4.64 %),39513,3121527000,21273,1680567000,292111,47.84
09/06/2009,15920,1266215000,80(1.27 %),16220,1289765000,300,23550000,276191,47.91
10/06/2009,-10,620000,76(-5.00 %),2620,201360000,2630,200740000,276201,47.91
11/06/2009,56580,4456135000,79.5(4.61 %),56580,4456135000,0,0,219621,48.13
12/06/2009,8310,688130000,79.5(0.00 %),8310,688130000,0,0,211311,48.16
15/06/2009,4590,348860000,76(-4.40 %),4820,366340000,230,17480000,206721,48.18
16/06/2009,-10080,-730800000,72.5(-4.61 %),7320,530700000,17400,1261500000,216801,48.14
17/06/2009,-14080,-991210000,76(4.83 %),220,15490000,14300,1006700000,230881,48.09
18/06/2009,-3760,-277345000,75(-1.32 %),15900,1222740000,19660,1500085000,234641,48.07
19/06/2009,-1250,-97325000,74(-1.33 %),320,24350000,1570,121675000,235891,48.07
22/06/2009,-6000,-423000000,70.5(-4.73 %),15010,1058205000,21010,1481205000,241891,48.04
23/06/2009,-15090,-1014530000,67(-4.96 %),16020,1073340000,31110,2087870000,256981,47.98
24/06/2009,-9990,-699300000,70(4.48 %),10110,707700000,20100,1407000000,266971,47.94
25/06/2009,16000,1158500000,71(1.43 %),16000,1158500000,0,0,250971,48.01
26/06/2009,-7940,-550560000,70(-1.41 %),11190,788540000,19130,1339100000,258911,47.97
29/06/2009,13700,955300000,71.5(2.14 %),13700,955300000,0,0,245211,48.03
30/06/2009,-740,-50360000,70(-2.10 %),1000,72000000,1740,122360000,245951,48.03
01/07/2009,23200,1559400000,66.5(-5.00 %),23200,1559400000,0,0,222751,48.12
02/07/2009,5900,393950000,68(2.26 %),5900,393950000,0,0,216851,48.14
03/07/2009,0,0,68.5(0.74 %),0,0,0,0,216851,48.14
06/07/2009,60200,4288900000,71.5(4.38 %),60200,4288900000,0,0,106331,48.58
07/07/2009,-9880,-701520000,71(-0.70 %),10200,724200000,20080,1425720000,166531,48.34
08/07/2009,167430,12313960000,73(2.82 %),172360,12673390000,4930,359430000,0,49.0
09/07/2009,-38190,-2718025000,70(-4.11 %),0,0,38190,2718025000,37291,48.85
10/07/2009,-1800,-124940000,69(-1.43 %),0,0,1800,124940000,39091,48.85
13/07/2009,20100,1385300000,68.5(-0.72 %),20100,1385300000,0,0,18991,48.92
14/07/2009,-6410,-433260000,67.5(-1.46 %),0,0,6410,433260000,25401,48.9
15/07/2009,43120,3039960000,70.5(4.44 %),43120,3039960000,0,0,0,49.07
16/07/2009,-1590,-115710000,70.5(0.00 %),1800,130065000,3390,245775000,0,49.06
17/07/2009,-70,-4830000,69(-2.13 %),0,0,70,4830000,0,49.06
20/07/2009,-68570,-4549085000,66.5(-3.62 %),6410,429470000,74980,4978555000,52511,48.79
21/07/2009,-100,-6700000,67(0.75 %),0,0,100,6700000,52611,48.79
22/07/2009,3070,210295000,67.5(0.75 %),3390,232215000,320,21920000,49541,48.8
23/07/2009,70,4760000,69(2.22 %),70,4760000,0,0,49471,48.8
24/07/2009,74380,5355360000,72(4.35 %),74980,5398560000,600,43200000,0,49.1
27/07/2009,-5150,-386250000,75.5(4.86 %),100,7500000,5250,393750000,0,49.08
28/07/2009,-20,-1445000,73(-3.31 %),320,23680000,340,25125000,0,49.08
29/07/2009,-1210,-87725000,72(-1.37 %),0,0,1210,87725000,0,49.07
30/07/2009,0,255000,71(-1.39 %),41600,2943473000,41600,2943218000,0,49.07
31/07/2009,5250,372750000,72.5(2.11 %),5250,372750000,0,0,0,49.09
03/08/2009,300,21775000,72(-0.69 %),300,21775000,0,0,0,49.1
04/08/2009,-13740,-1002390000,73(1.39 %),1250,91875000,14990,1094265000,0,49.04
05/08/2009,600,43800000,73(0.00 %),600,43800000,0,0,0,49.04
06/08/2009,0,0,73.5(0.68 %),0,0,0,0,0,49.04
07/08/2009,0,0,72(-2.04 %),0,0,0,0,0,49.04
10/08/2009,14980,1102705000,74(2.78 %),14990,1103435000,10,730000,0,49.1
11/08/2009,-11880,-878290000,74(0.00 %),0,0,11880,878290000,0,49.06
12/08/2009,0,0,77.5(4.73 %),0,0,0,0,0,49.06
13/08/2009,-1080,-87480000,81(4.52 %),0,0,1080,87480000,0,49.05
14/08/2009,-30,-2430000,79.5(-1.85 %),0,0,30,2430000,0,49.05
17/08/2009,11890,939310000,76.5(-3.77 %),11890,939310000,0,0,0,49.1
18/08/2009,-4570,-343480000,76.5(0.00 %),0,0,4570,343480000,0,49.08
19/08/2009,-1420,-115390000,79.5(3.92 %),1000,77000000,2420,192390000,0,49.07
20/08/2009,-4600,-368000000,79.5(0.00 %),0,0,4600,368000000,0,49.06
21/08/2009,-100,-7950000,79(-0.63 %),100,7950000,200,15900000,0,49.06
24/08/2009,670,52965000,79.5(0.63 %),4580,364110000,3910,311145000,0,49.06
25/08/2009,-10740,-867150000,81(1.89 %),2420,194810000,13160,1061960000,0,49.02
26/08/2009,-1340,-107200000,79.5(0.00 %),4600,368000000,5940,475200000,0,49.01
27/08/2009,-350,-27825000,79.5(0.00 %),200,15900000,550,43725000,0,49.01
28/08/2009,3910,312800000,79.5(0.00 %),3910,312800000,0,0,0,49.02
31/08/2009,-6730,-539130000,82(3.14 %),63160,5077800000,69890,5616930000,451,49.0
01/09/2009,-19060,-1553390000,81.5(-0.61 %),85940,7004110000,105000,8557500000,19511,48.92
03/09/2009,-630,-51230000,81(-0.61 %),0,0,630,51230000,20141,48.92
04/09/2009,-99080,-8045705000,80(-1.23 %),550,44550000,99630,8090255000,119221,48.53
07/09/2009,13530,1093665000,80(0.00 %),19890,1601145000,6360,507480000,105691,48.58
08/09/2009,0,0,84(5.00 %),0,0,0,0,105691,48.58
09/09/2009,-39370,-3392820000,88(4.76 %),630,54180000,40000,3447000000,145061,48.43
10/09/2009,59270,5222850000,87.5(-0.57 %),99630,8767890000,40360,3545040000,85791,48.66
11/09/2009,-5700,-531300000,91.5(4.57 %),6300,560700000,12000,1092000000,91491,48.64
14/09/2009,-5760,-544940000,95.5(4.37 %),0,0,5760,544940000,97251,48.61
15/09/2009,36920,3509250000,94.5(-1.05 %),40060,3808080000,3140,298830000,60331,48.76
16/09/2009,36070,3362910000,90.5(-4.23 %),180360,16588680000,144290,13225770000,24261,48.9
17/09/2009,8140,730670000,91(0.55 %),12000,1080000000,3860,349330000,16121,48.94
18/09/2009,-24690,-2276720000,94(3.30 %),5760,521280000,30450,2798000000,102391,48.59
21/09/2009,-36890,-3627735000,98.5(4.79 %),3140,307720000,40030,3935455000,77701,48.69
22/09/2009,-32130,-3309390000,103(4.57 %),0,0,32130,3309390000,109831,48.57
23/09/2009,-44600,-4816800000,108(4.85 %),8150,880200000,52750,5697000000,154431,48.39
24/09/2009,-225960,-24793050000,113(4.63 %),0,0,225960,24793050000,380391,47.49
25/09/2009,0,0,118(4.42 %),0,0,0,0,380391,41.74
28/09/2009,0,0,118(0.00 %),0,0,0,0,485661,41.46
29/09/2009,-139800,-15882810000,113(-4.24 %),9750,1142280000,149550,17025090000,705541,46.21
30/09/2009,-97570,-10723460000,108(-4.42 %),570,63660000,98140,10787120000,803111,45.82
01/10/2009,-50880,-5313540000,103(-4.63 %),1820,195560000,52700,5509100000,853991,45.62
02/10/2009,-211090,-20785305000,98(-4.85 %),1240,122760000,212330,20908065000,1065081,44.78
05/10/2009,-21500,-2170170000,102(4.08 %),340,34140000,21840,2204310000,1086581,44.7
06/10/2009,-22000,-2354000000,107(4.90 %),0,0,22000,2354000000,1108581,44.61
07/10/2009,-550,-61600000,112(4.67 %),0,0,550,61600000,1109131,44.61
08/10/2009,-30180,-3531060000,117(4.46 %),100,11700000,30280,3542760000,1139311,44.49
09/10/2009,19480,2359080000,119(1.71 %),19480,2359080000,0,0,1119831,44.57
12/10/2009,54080,6405150000,120(0.84 %),79820,9593610000,25740,3188460000,1065751,44.78
13/10/2009,19830,2342530000,115(-4.17 %),27230,3212030000,7400,869500000,1045921,44.86
14/10/2009,2280,263350000,120(4.35 %),2280,263350000,0,0,1043641,44.87
15/10/2009,14000,1708000000,115(-4.17 %),15000,1830000000,1000,122000000,1029641,44.92
16/10/2009,2990,345870000,115(0.00 %),2990,345870000,0,0,1026651,44.93
19/10/2009,1330,156120000,115(0.00 %),2550,295800000,1220,139680000,1025321,44.94
20/10/2009,-17990,-2082280000,116(0.87 %),1710,199070000,19700,2281350000,1043311,44.87
21/10/2009,-12210,-1419360000,116(0.00 %),19790,2324640000,32000,3744000000,1055521,44.82
22/10/2009,-208800,-24041070000,114(-1.72 %),20,2300000,208820,24043370000,1264321,43.99
23/10/2009,3300,371000000,109(-4.39 %),3300,371000000,0,0,1261021,44.01
26/10/2009,-87500,-9389140000,105(-3.67 %),1650,174450000,89150,9563590000,1348521,43.66
27/10/2009,-228500,-23289730000,101(-3.81 %),1500,153000000,230000,23442730000,1577021,42.75
28/10/2009,-219950,-23202860000,106(4.95 %),5900,619500000,225850,23822360000,1796971,41.88
29/10/2009,-162350,-16407400000,101(-4.72 %),1250,128250000,163600,16535650000,1959321,41.24
30/10/2009,-41500,-4337760000,105(3.96 %),63500,6602740000,105000,10940500000,2000821,41.08
02/11/2009,-52180,-5218000000,100(-4.76 %),4640,464000000,56820,5682000000,2053001,40.87
03/11/2009,-220960,-21006140000,95(-5.00 %),25080,2382600000,246040,23388740000,2273961,39.99
04/11/2009,1000,95000000,94.5(-0.53 %),1000,95000000,0,0,2272961,40.0
05/11/2009,-189580,-18768140000,99(4.76 %),16610,1637170000,206190,20405310000,2462541,39.25
06/11/2009,1490,150180000,96(-3.03 %),1690,169380000,200,19200000,2461051,39.25
09/11/2009,-15600,-1432090000,92(-4.17 %),4700,449650000,20300,1881740000,2476651,39.19
10/11/2009,156670,14692745000,95(3.26 %),157850,14803595000,1180,110850000,2319981,39.81
11/11/2009,9400,914240000,98(3.16 %),13060,1265650000,3660,351410000,2310581,39.85
12/11/2009,158600,16084290000,102(4.08 %),158600,16084290000,0,0,2151981,40.48
13/11/2009,134560,14116160000,107(4.90 %),258960,27142460000,124400,13026300000,2017421,41.01
16/11/2009,3410,341640000,104(-2.80 %),24710,2643340000,21300,2301700000,2014011,41.02
17/11/2009,2340,244670000,105(0.96 %),2410,251950000,70,7280000,2011671,41.03
18/11/2009,7360,807800000,110(4.76 %),17290,1890450000,9930,1082650000,2004311,41.06
19/11/2009,-2540,-277900000,108(-1.82 %),630,69300000,3170,347200000,2006851,41.05
20/11/2009,6130,656570000,105(-2.78 %),6130,656570000,0,0,2000721,41.08
23/11/2009,-110,-10900000,100(-4.76 %),100,10100000,210,21000000,2000831,41.08
24/11/2009,12100,1195890000,98(-2.00 %),17600,1738240000,5500,542350000,1988731,41.12
25/11/2009,10980,1038375000,93.5(-4.59 %),21070,1981790000,10090,943415000,1977751,41.17
26/11/2009,15800,1406200000,89(-4.81 %),15800,1406200000,0,0,1961951,41.23
27/11/2009,12080,1026800000,91.5(2.81 %),12630,1073550000,550,46750000,1949871,41.28
30/11/2009,1930,167250000,91.5(0.00 %),12320,1116910000,10390,949660000,1947941,41.29
01/12/2009,8910,845070000,92(0.55 %),9510,901170000,600,56100000,1939031,41.32
02/12/2009,98930,9102755000,90.5(-1.63 %),103290,9506495000,4360,403740000,1840101,41.71
03/12/2009,-48830,-4272955000,87.5(-3.31 %),120,10605000,48950,4283560000,1888931,41.52
04/12/2009,-272200,-24016505000,89.5(2.29 %),7410,655820000,279610,24672325000,2161131,40.44
07/12/2009,0,0,93.5(4.47 %),0,0,0,0,2161131,40.44
08/12/2009,7920,741760000,94(0.53 %),7920,741760000,0,0,2153211,40.47
09/12/2009,-62670,-5627840000,89.5(-4.79 %),5620,503410000,68290,6131250000,2215881,40.22
10/12/2009,-1140,-104680000,86(-3.91 %),4060,353835000,5200,458515000,2217021,40.22
11/12/2009,3430,282435000,82(-4.65 %),5950,491355000,2520,208920000,2213591,40.23
14/12/2009,5460,458990000,84.5(3.05 %),5460,458990000,0,0,2208131,40.25
15/12/2009,-1730,-103270000,59(4.42 %),10000,588800000,11730,692070000,2209861,40.25
16/12/2009,710,40220000,56.5(-4.24 %),710,40220000,0,0,2209151,40.25
17/12/2009,-270,-14630000,54(-4.42 %),4850,261900000,5120,276530000,2209421,40.25
18/12/2009,-194400,-10594115000,54(0.00 %),6460,348840000,200860,10942955000,2403821,39.48
21/12/2009,6750,371855000,56.5(4.63 %),9380,519820000,2630,147965000,2397071,39.51
22/12/2009,10180,586940000,56.5(0.00 %),11000,634500000,820,47560000,2386891,39.55
23/12/2009,-7440,-417920000,56(-0.88 %),1000,55000000,8440,472920000,2394331,39.52
24/12/2009,-7390,-421895000,56.5(0.89 %),12610,695605000,20000,1117500000,2401721,39.49
25/12/2009,-3880,-230600000,59(4.42 %),1120,64400000,5000,295000000,2405601,39.47
28/12/2009,7940,472780000,61.5(4.24 %),8300,494670000,360,21890000,2397661,39.5
29/12/2009,460,28290000,62(0.81 %),460,28290000,0,0,2397201,39.51
30/12/2009,147230,9557070000,65(4.84 %),152240,9867690000,5010,310620000,2249971,40.09
31/12/2009,-590,-40505000,67(3.08 %),2950,198125000,3540,238630000,2250561,40.09
04/01/2010,-90,-6120000,70(4.48 %),100,6800000,190,12920000,2250651,40.09
05/01/2010,27600,2028600000,72(2.86 %),28700,2109450000,1100,80850000,2223051,40.2
06/01/2010,3940,282980000,70(-2.78 %),5800,416900000,1860,133920000,2219111,40.21
07/01/2010,-5420,-386010000,69.5(-0.71 %),5980,417690000,11400,803700000,2224531,40.19
08/01/2010,10720,739160000,66.5(-4.32 %),12750,882275000,2030,143115000,2213811,40.23
11/01/2010,8020,528450000,66.5(0.00 %),8830,581595000,810,53145000,2205791,40.26
12/01/2010,8770,576055000,63.5(-4.51 %),15300,1002000000,6530,425945000,2197021,40.3
13/01/2010,23370,1486495000,65(2.36 %),25840,1643340000,2470,156845000,2173651,40.39
14/01/2010,50000,3334170000,68(4.62 %),50000,3334170000,0,0,2123651,40.59
15/01/2010,58800,3970520000,66.5(-2.21 %),74710,5041855000,15910,1071335000,2064851,40.82
18/01/2010,6900,443050000,63.5(-4.51 %),8990,576265000,2090,133215000,2057951,40.85
19/01/2010,24950,1595210000,64.5(1.57 %),29050,1861200000,4100,265990000,2033001,40.95
20/01/2010,1270,79410000,63(-2.33 %),3420,218910000,2150,139500000,2031731,40.95
21/01/2010,7740,472615000,60(-4.76 %),8210,501870000,470,29255000,2023991,40.98
22/01/2010,1600,94600000,58.5(-2.50 %),22400,1402300000,20800,1307700000,2022391,43.66
25/01/2010,210,11835000,61(4.27 %),1110,64935000,900,53100000,2022181,43.66
26/01/2010,-1400,-89450000,64(4.92 %),100,6300000,1500,95750000,2023581,43.66
27/01/2010,-2350,-146950000,61(-4.69 %),9280,588940000,11630,735890000,2025931,43.65
28/01/2010,2330,137630000,59.5(-2.46 %),2330,137630000,0,0,2023601,43.66
29/01/2010,-5920,-348945000,59(-0.84 %),530,31005000,6450,379950000,2029521,43.64
01/02/2010,1000,59000000,59.5(0.85 %),1000,59000000,0,0,2028521,43.64
02/02/2010,31860,1893365000,59.5(0.00 %),47000,2796500000,15140,903135000,1996661,43.73
03/02/2010,34910,2077395000,60(0.84 %),34910,2077395000,0,0,1961751,43.82
04/02/2010,19900,1206115000,62(3.33 %),20400,1236615000,500,30500000,1941851,43.87
05/02/2010,-11790,-706650000,60.5(-2.42 %),9010,544350000,20800,1251000000,1953641,43.84
08/02/2010,-10850,-641305000,58.5(-3.31 %),20,1185000,10870,642490000,1964491,43.81
09/02/2010,-107510,-6157525000,57.5(-1.71 %),2300,132265000,109810,6289790000,2072001,43.53
10/02/2010,-76330,-4466585000,58.5(1.74 %),115380,6737450000,191710,11204035000,2148331,43.33
11/02/2010,-25830,-1522555000,59(0.85 %),700,40950000,26530,1563505000,2174161,43.26
12/02/2010,-39020,-2347110000,60.5(2.54 %),1000,59600000,40020,2406710000,2213181,43.16
22/02/2010,-86200,-5178470000,59.5(-1.65 %),620,37510000,86820,5215980000,2299381,42.93
23/02/2010,-5080,-294640000,58(-2.52 %),1790,103820000,6870,398460000,2304461,42.92
24/02/2010,-23640,-1369540000,58(0.00 %),1170,67860000,24810,1437400000,2328101,42.85
25/02/2010,-34810,-2031580000,58(0.00 %),0,0,34810,2031580000,2362911,42.76
26/02/2010,-50330,-2917640000,58(0.00 %),430,24940000,50760,2942580000,3401951,42.63
01/03/2010,-20000,-1170000000,58.5(0.86 %),0,0,20000,1170000000,3421951,39.97
02/03/2010,-164260,-9544895000,58(-0.85 %),3180,185480000,167440,9730375000,3586211,39.53
03/03/2010,-73920,-4371280000,60(3.45 %),0,0,73920,4371280000,3660131,39.34
04/03/2010,-171580,-10774440000,62.5(4.17 %),1300,81900000,172880,10856340000,3831711,38.88
05/03/2010,-15680,-982565000,63(0.80 %),2360,147580000,18040,1130145000,3847391,38.84
08/03/2010,0,0,64(1.59 %),0,0,0,0,3847391,38.84
09/03/2010,39190,2508970000,64(0.00 %),60090,3845670000,20900,1336700000,3808201,38.95
10/03/2010,3000,190000000,63(-1.56 %),3000,190000000,0,0,3805201,38.95
11/03/2010,-1020,-65070000,64(1.59 %),0,0,1020,65070000,3806221,38.95
12/03/2010,10570,681240000,67(4.69 %),10900,703350000,330,22110000,3795651,38.98
15/03/2010,650,44200000,66(-1.49 %),750,51000000,100,6800000,3795001,38.98
16/03/2010,17780,1126340000,63(-4.55 %),18280,1157840000,500,31500000,3777221,39.03
17/03/2010,1050,67620000,62(-1.59 %),1870,118460000,820,50840000,3776171,39.03
18/03/2010,-8170,-515560000,63.5(2.42 %),800,49550000,8970,565110000,3784341,39.01
19/03/2010,-14340,-911135000,63.5(0.00 %),16420,1042670000,30760,1953805000,3798681,38.97
22/03/2010,-29820,-1860660000,62(-2.36 %),0,0,29820,1860660000,3828501,38.89
23/03/2010,100,6200000,60.5(-2.42 %),100,6200000,0,0,3828401,38.89
24/03/2010,1670,102275000,62(2.48 %),3770,232425000,2100,130150000,3826731,38.9
25/03/2010,-275020,-16602540000,60(-3.23 %),1900,115730000,276920,16718270000,4101751,38.17
26/03/2010,56980,3414500000,60.5(0.83 %),61170,3665450000,4190,250950000,4044771,38.32
29/03/2010,4490,273145000,60(-0.83 %),4710,286455000,220,13310000,4040281,38.33
30/03/2010,-50,-3250000,59(-1.67 %),1100,65750000,1150,69000000,4040331,38.33
31/03/2010,-3090,-177600000,59(0.00 %),8500,501210000,11590,678810000,4043421,38.32
01/04/2010,10530,630005000,61(3.39 %),22530,1343005000,12000,713000000,4032891,38.35
02/04/2010,17240,1046310000,60.5(-0.82 %),17340,1052410000,100,6100000,4015651,38.4
05/04/2010,15700,959100000,61(0.83 %),15700,959100000,0,0,3999951,38.44
06/04/2010,8590,529990000,61(0.00 %),30090,1841490000,21500,1311500000,3991361,38.46
07/04/2010,9400,572785000,61.5(0.82 %),10630,648430000,1230,75645000,3981961,38.49
08/04/2010,8530,524595000,61.5(0.00 %),18000,1107000000,9470,582405000,3973431,38.51
09/04/2010,15500,960000000,62(0.81 %),22100,1370700000,6600,410700000,3957931,38.55
12/04/2010,19420,1209040000,62(0.00 %),22000,1369000000,2580,159960000,3938511,38.6
13/04/2010,-15710,-978670000,61.5(-0.81 %),12000,739000000,27710,1717670000,3954221,38.56
14/04/2010,10700,658050000,62(0.81 %),10700,658050000,0,0,3943521,38.59
15/04/2010,42560,2640795000,62(0.00 %),42970,2666625000,410,25830000,3900961,38.7
16/04/2010,48720,3005895000,61.5(-0.81 %),50000,3085000000,1280,79105000,3852241,38.83
19/04/2010,27140,1665515000,61(-0.81 %),27770,1703995000,630,38480000,3825101,38.9
20/04/2010,-3130,-192395000,61(0.00 %),0,0,3130,192395000,3828231,38.89
21/04/2010,32590,2004285000,61.5(0.82 %),35770,2199855000,3180,195570000,3795641,38.98
22/04/2010,12480,800280000,64.5(4.88 %),13680,877680000,1200,77400000,3783161,39.01
26/04/2010,70060,4495150000,63.5(-1.55 %),72620,4659735000,2560,164585000,3713101,39.2
27/04/2010,30170,1917495000,63.5(0.00 %),32600,2072050000,2430,154555000,3682931,39.28
28/04/2010,3650,230950000,64(0.79 %),3950,249850000,300,18900000,3679281,39.29
29/04/2010,-1540,-98580000,63(-1.56 %),0,0,1540,98580000,3680821,39.28
04/05/2010,18790,1206770000,64(1.59 %),22220,1426040000,3430,219270000,3662031,39.33
05/05/2010,-840,-52905000,63.5(-0.78 %),230,14505000,1070,67410000,3662871,39.33
06/05/2010,-1410,-88830000,63(-0.79 %),300,18900000,1710,107730000,3664281,39.33
07/05/2010,-9950,-606925000,61(-3.17 %),50,3075000,10000,610000000,3674231,39.3
10/05/2010,-12300,-734615000,60(-1.64 %),2270,137335000,14570,871950000,3686531,39.27
11/05/2010,-36250,-2177500000,60(0.00 %),1600,96000000,37850,2273500000,3722781,39.17
12/05/2010,2460,145550000,58(-3.33 %),5100,302950000,2640,157400000,3720321,39.18
13/05/2010,-160,-9440000,58.5(0.86 %),0,0,160,9440000,3720481,39.18
14/05/2010,-3500,-204750000,58(-0.85 %),50,2925000,3550,207675000,3723981,39.17
17/05/2010,-20670,-1177565000,56.5(-2.59 %),1100,62750000,21770,1240315000,3744651,39.11
18/05/2010,1100,62150000,57(0.88 %),1100,62150000,0,0,3743551,39.12
19/05/2010,-66900,-3695510000,54.5(-4.39 %),1080,60020000,67980,3755530000,3810451,38.94
20/05/2010,2690,149290000,56(2.75 %),3440,189040000,750,39750000,3807761,38.95
21/05/2010,47230,2557625000,53.5(-4.46 %),48800,2641870000,1570,84245000,3760531,39.07
24/05/2010,850,45050000,53.5(2.88 %),1270,67310000,420,22260000,3759681,39.07
25/05/2010,44280,2328395000,51.5(-3.74 %),44280,2328395000,0,0,3715401,39.19
26/05/2010,-18010,-924410000,52.5(1.94 %),31990,1671875000,50000,2596285000,3733411,39.14
27/05/2010,28390,1506725000,54(2.86 %),54670,2917675000,26280,1410950000,3705021,39.22
28/05/2010,-50310,-2854930000,56.5(4.63 %),59000,3313420000,109310,6168350000,3755331,39.08
31/05/2010,32500,1808465000,55.5(-1.77 %),34350,1911140000,1850,102675000,3722831,39.17
01/06/2010,21600,1187200000,55(-0.90 %),21600,1187200000,0,0,3701231,39.23
02/06/2010,50340,2772680000,55.5(0.91 %),59780,3285710000,9440,513030000,3650891,39.36
03/06/2010,-64320,-3572710000,55(-0.90 %),59000,3280250000,123320,6852960000,3715211,39.19
04/06/2010,8360,460800000,55(0.00 %),18130,997150000,9770,536350000,3706851,39.21
07/06/2010,-15010,-775485000,52.5(-4.55 %),59500,3168000000,74510,3943485000,3721861,39.17
08/06/2010,33460,1743650000,52(-0.95 %),43000,2242000000,9540,498350000,3688401,39.26
09/06/2010,-20230,-1056385000,52(0.00 %),58600,3067550000,78830,4123935000,3708631,39.21
10/06/2010,15200,789850000,52(0.00 %),18200,945850000,3000,156000000,3693431,39.25
11/06/2010,-68000,-3562250000,52(0.00 %),51000,2676500000,119000,6238750000,3761431,39.07
14/06/2010,-36450,-1888155000,52.5(0.96 %),59000,3132500000,95450,5020655000,3797881,38.97
15/06/2010,-49530,-2584725000,52.5(0.00 %),55000,2877975000,104530,5462700000,3847411,38.84
16/06/2010,-70000,-3675000000,52.5(0.00 %),0,0,70000,3675000000,3917411,38.66
17/06/2010,-53320,-2776915000,52.5(0.00 %),111407,5576572000,164727,8353487000,3970731,38.52
18/06/2010,-45010,-2355515000,52(-0.95 %),4990,259485000,50000,2615000000,4015741,38.4
21/06/2010,-65930,-3428875000,52(0.00 %),1500,78000000,67430,3506875000,4081671,38.22
22/06/2010,-38140,-1971970000,51(-1.92 %),11860,605360000,50000,2577330000,4119811,38.12
23/06/2010,-300,-15300000,51(0.00 %),200,10200000,500,25500000,4120111,38.12
24/06/2010,-183620,-9393005000,51(0.00 %),0,0,183620,9393005000,4303731,37.64
25/06/2010,-11260,-568630000,50.5(-0.98 %),400,20200000,11660,588830000,4314991,37.61
28/06/2010,-47870,-2381530000,49.4(-2.18 %),3500,174670000,51370,2556200000,4362861,37.48
29/06/2010,-177620,-8940796000,51(3.24 %),5000,252500000,182620,9193296000,4540481,37.01
30/06/2010,-69710,-3493595000,50.5(-0.98 %),2550,127675000,72260,3621270000,4610191,36.83
01/07/2010,-2000,-100000000,49.8(-1.39 %),0,0,2000,100000000,4612191,36.82
02/07/2010,-18980,-945898000,49.8(0.00 %),0,0,18980,945898000,4631171,36.77
05/07/2010,30500,1520156000,49.6(-0.40 %),31520,1571048000,1020,50892000,4600671,36.85
06/07/2010,35360,1736096000,48.8(-1.61 %),36160,1775136000,800,39040000,4565311,36.95
07/07/2010,-2860,-138868000,47.1(-3.48 %),0,0,2860,138868000,4568171,36.94
08/07/2010,870,40492000,47(-0.21 %),3000,141100000,2130,100608000,4567301,36.94
09/07/2010,-7540,-352682000,46.7(-0.64 %),1000,46600000,8540,399282000,4574841,36.92
12/07/2010,55980,2719246000,48.8(4.50 %),55980,2719246000,0,0,4518861,37.07
13/07/2010,6850,337590000,50(2.46 %),7850,386790000,1000,49200000,4512011,37.09
14/07/2010,60400,3018874000,50(0.00 %),66000,3297874000,5600,279000000,4451611,37.25
15/07/2010,80000,3973640000,49.5(-1.00 %),90000,4468060000,10000,494420000,4371611,37.46
16/07/2010,8240,407280000,48.6(-1.82 %),8240,407280000,0,0,4363371,37.48
19/07/2010,-11750,-559612000,48.3(-0.62 %),43200,2085720000,54950,2645332000,4375121,37.45
20/07/2010,-1080,-51973000,48(-0.62 %),500,24000000,1580,75973000,4376201,37.45
21/07/2010,-5100,-242768000,47.7(-0.62 %),0,0,5100,242768000,4381301,37.43
22/07/2010,-26360,-1235339000,46.8(-1.89 %),10000,470482000,36360,1705821000,4407661,37.36
23/07/2010,5870,275872000,46.9(0.21 %),10140,476562000,4270,200690000,4401791,37.38
26/07/2010,-3000,-140700000,46.9(0.00 %),0,0,3000,140700000,4404791,37.37
27/07/2010,-28890,-1349235000,46.5(-0.85 %),0,0,28890,1349235000,4433681,37.29
28/07/2010,19160,863439000,45.1(-3.01 %),21060,950038000,1900,86599000,4414521,37.34
29/07/2010,-1000,-44500000,43.7(-3.10 %),0,0,1000,44500000,4415521,37.34
30/07/2010,-2000,-87402000,43.7(0.00 %),0,0,2000,87402000,4417521,37.34
02/08/2010,-19190,-840441000,43.8(0.23 %),810,35559000,20000,876000000,4436711,37.29
03/08/2010,-40370,-1764568000,43.6(-0.46 %),30500,1342525000,70870,3107093000,4477081,37.18
04/08/2010,29750,1287684000,43.6(0.00 %),30000,1298553000,250,10869000,4447331,37.26
05/08/2010,-33270,-1444776000,43.3(-0.69 %),6170,270012000,39440,1714788000,4480601,37.17
06/08/2010,-1480,-63893000,43.1(-0.46 %),1000,43300000,2480,107193000,4482081,37.17
09/08/2010,-600,-25620000,42.5(-1.39 %),0,0,600,25620000,4482681,37.16
11/08/2010,-72800,-2891609000,39.7(-1.73 %),300,11870000,73100,2903479000,4554091,36.98
12/08/2010,-4060,-152104000,37.8(-4.79 %),4900,188150000,8960,340254000,4559541,36.96
13/08/2010,-19400,-726440000,37.8(0.00 %),600,22560000,20000,749000000,4578941,36.91
16/08/2010,3200,121640000,38.8(2.65 %),3200,121640000,0,0,4575741,36.92
17/08/2010,44200,1685520000,38.1(-1.80 %),44200,1685520000,0,0,4427621,37.31
18/08/2010,11100,419310000,37.7(-1.05 %),11100,419310000,0,0,4520441,37.06
19/08/2010,3470,128694000,37(-1.86 %),4220,156664000,750,27970000,4516971,37.07
20/08/2010,45150,1668799000,37.4(1.08 %),45220,1671368000,70,2569000,4471821,37.19
23/08/2010,-9470,-351385000,36.9(-1.34 %),0,0,9470,351385000,0,0.0
24/08/2010,-29610,-1039853000,35.1(-4.88 %),900,31990000,30510,1071843000,0,0.0
25/08/2010,-93290,-3124663000,33.4(-4.84 %),49690,1659676000,142980,4784339000,0,0.0
26/08/2010,4670,154122000,33(-1.20 %),4670,154122000,0,0,0,49.01
27/08/2010,16700,545550000,32.5(-1.52 %),17200,561600000,500,16050000,0,49.06
30/08/2010,-1030,-35123000,34.1(4.92 %),0,0,1030,35123000,0,49.05
31/08/2010,40000,1401135000,35.8(4.99 %),40900,1433355000,900,32220000,0,49.16
01/09/2010,72820,2660551000,37.5(4.75 %),124650,4603406000,51830,1942855000,0,49.35
06/09/2010,-37250,-1462807000,39.3(4.80 %),7900,309590000,45150,1772397000,4453091,49.25
07/09/2010,-13070,-524540000,39.5(0.51 %),6950,275546000,20020,800086000,0,49.22
08/09/2010,2930,111943000,38.6(-2.28 %),26680,1028966000,23750,917023000,0,49.23
09/09/2010,12240,480946000,39.1(1.30 %),13580,533857000,1340,52911000,0,49.26
10/09/2010,2070,80316000,37.2(-4.86 %),2070,80316000,0,0,0,49.26
13/09/2010,272610,9723707000,36.7(-1.34 %),272610,9723707000,0,0,0,49.98
14/09/2010,-4550,-167561000,36.7(0.00 %),0,0,4550,167561000,0,49.97
15/09/2010,75420,2735349000,36.5(-0.54 %),76470,2773194000,1050,37845000,0,50.17
16/09/2010,47080,1720401000,36.7(0.55 %),47080,1720401000,0,0,0,50.3
17/09/2010,-10150,-386595000,38.1(3.81 %),0,0,10150,386595000,0,50.27
20/09/2010,44890,1725790000,38(-0.26 %),44890,1725790000,0,0,0,50.39
21/09/2010,-28580,-1044744000,36.8(-3.16 %),10000,375000000,38580,1419744000,0,50.31
22/09/2010,-5960,-218910000,36.8(0.00 %),4040,149090000,10000,368000000,0,50.3
23/09/2010,21490,771842000,35.8(-2.72 %),21490,771842000,0,0,0,50.35
24/09/2010,51860,1894340000,36.5(1.96 %),112830,4089633000,60970,2195293000,0,50.49
27/09/2010,-242980,-8648876000,35(-4.11 %),9960,357190000,252940,9006066000,0,49.85
28/09/2010,-32060,-1144505000,35.3(0.86 %),63150,2234546000,95210,3379051000,0,49.76
29/09/2010,3050,107725000,34.8(-1.42 %),3050,107725000,0,0,0,49.77
30/09/2010,19720,684184000,34.7(-0.29 %),21210,735887000,1490,51703000,4237081,49.82
01/10/2010,47570,1643050000,34.4(-0.86 %),47980,1657318000,410,14268000,4189511,37.94
04/10/2010,37050,1230345000,32.8(-4.65 %),37050,1230345000,0,0,4152461,38.04
05/10/2010,-121040,-3952607000,32.7(-0.30 %),23540,770070000,144580,4722677000,4273501,37.72
06/10/2010,-285500,-9460155000,33.1(1.22 %),49220,1626898000,334720,11087053000,4559001,36.96
07/10/2010,-22470,-744657000,33.2(0.30 %),16720,558630000,39190,1303287000,4581471,36.9
08/10/2010,13970,463805000,33.2(0.00 %),13970,463805000,0,0,4567501,36.94
11/10/2010,-10880,-359545000,32.9(-0.90 %),2850,94335000,13730,453880000,4578381,36.91
12/10/2010,37680,1219770000,32.5(-1.22 %),83480,2710022000,45800,1490252000,4540701,37.01
13/10/2010,25830,836778000,32.3(-0.62 %),25830,836778000,0,0,4514871,37.08
14/10/2010,4060,132724000,32.4(0.31 %),4060,132724000,0,0,4510811,37.09
15/10/2010,2500,84069000,32.4(0.00 %),29640,961075000,27140,877006000,4508311,37.1
18/10/2010,-16280,-523650000,32(-1.23 %),1720,55656000,18000,579306000,4524591,37.05
19/10/2010,-43870,-1363561000,30.7(-4.06 %),9040,277528000,52910,1641089000,4568461,36.94
20/10/2010,-143190,-4195304000,29.2(-4.89 %),10900,323980000,154090,4519284000,4711651,36.56
21/10/2010,-42890,-1259718000,29.1(-0.34 %),9550,277885000,52440,1537603000,4754541,36.45
22/10/2010,-2930,-85498000,28.7(-1.37 %),14070,404609000,17000,490107000,4757471,36.44
25/10/2010,-102920,-3026550000,30(4.53 %),0,0,102920,3026550000,4860391,36.17
26/10/2010,-21000,-661500000,31.5(5.00 %),4000,126000000,25000,787500000,4881391,36.11
27/10/2010,4970,156755000,31.5(0.00 %),6970,219555000,2000,62800000,4876421,36.12
28/10/2010,29200,920491000,31.7(0.63 %),30200,951791000,1000,31300000,4847221,36.2
29/10/2010,-820,-26076000,31.3(-1.26 %),0,0,820,26076000,4848041,36.2
01/11/2010,-49300,-1533355000,31.5(0.64 %),9750,306925000,59050,1840280000,4897341,36.07
02/11/2010,-11170,-339720000,30.5(-3.17 %),19030,588210000,30200,927930000,4908511,36.04
03/11/2010,-63840,-1946102000,31(1.64 %),13180,404650000,77020,2350752000,4972351,35.87
04/11/2010,-30850,-952184000,30.9(-0.32 %),4150,128012000,35000,1080196000,5003201,35.79
05/11/2010,12550,393825000,31.5(1.94 %),12550,393825000,0,0,4990651,35.82
08/11/2010,49610,1550202000,31(-1.59 %),53650,1676662000,4040,126460000,4941041,35.95
09/11/2010,61110,1862562000,30.4(-1.94 %),61110,1862562000,0,0,4879931,36.12
10/11/2010,-1330,-40086000,30.2(-0.66 %),9250,279450000,10580,319536000,4881261,36.11
11/11/2010,-31650,-933124000,29.2(-3.31 %),400,11680000,32050,944804000,4912911,36.03
12/11/2010,-33490,-931394000,28.3(-3.08 %),45540,1297773000,79030,2229167000,4946401,35.94
15/11/2010,-32750,-880922000,27(-4.59 %),27250,766085000,60000,1647007000,4979151,35.85
16/11/2010,-27150,-726391000,26.9(-0.37 %),27800,746090000,54950,1472481000,5006301,35.78
17/11/2010,-16990,-462640000,27.2(1.12 %),0,0,16990,462640000,5023291,35.74
18/11/2010,33540,935764000,27.9(2.57 %),33840,944104000,300,8340000,4989751,35.83
19/11/2010,38510,1073880000,27.9(0.00 %),38510,1073880000,0,0,4951241,35.93
22/11/2010,41340,1149122000,28(0.36 %),41340,1149122000,0,0,4909901,36.04
23/11/2010,10560,295602000,28.2(0.71 %),26310,741392000,15750,445790000,4899341,36.06
24/11/2010,14260,400892000,28.2(0.00 %),19410,546637000,5150,145745000,4885081,36.1
25/11/2010,-49740,-1411542000,28.6(1.42 %),6260,179158000,56000,1590700000,4934821,35.97
26/11/2010,-57800,-1645440000,28.5(-0.35 %),2200,62920000,60000,1708360000,4992621,35.82
29/11/2010,-51230,-1460946000,28.5(0.00 %),30710,873339000,81940,2334285000,5043851,35.68
30/11/2010,-244690,-7316231000,29.9(4.91 %),5390,161161000,250080,7477392000,5288541,35.04
01/12/2010,-191890,-5665864000,29.3(-2.01 %),7790,229705000,199680,5895569000,5480431,34.53
02/12/2010,-175310,-5256728000,30.7(4.78 %),500,14600000,175810,5271328000,5655741,34.07
03/12/2010,-352710,-11357262000,32.2(4.89 %),640,20608000,353350,11377870000,6008451,33.14
06/12/2010,-225410,-7618858000,33.8(4.97 %),2000,67600000,227410,7686458000,6233861,32.54
07/12/2010,-81730,-2913642000,35.4(4.73 %),163340,5761836000,245070,8675478000,6315591,32.33
08/12/2010,210980,7309671000,33.7(-4.80 %),365480,12604836000,154500,5295165000,6104611,32.88
09/12/2010,-149600,-5084480000,35.3(4.75 %),400,13320000,150000,5097800000,6254211,32.49
10/12/2010,-103000,-3804070000,37(4.82 %),47000,1732930000,150000,5537000000,6357211,32.22
13/12/2010,-30000,-1164000000,38.8(4.86 %),0,0,30000,1164000000,6387211,32.14
14/12/2010,359150,14122001000,38.5(-0.77 %),360250,14165051000,1100,43050000,6028061,33.08
15/12/2010,15360,594251000,36.8(-4.42 %),15360,594251000,0,0,6012701,33.12
16/12/2010,-2180,-92499000,35(-4.89 %),92010,3288360000,94190,3380859000,6014881,33.12
17/12/2010,4400,160540000,36.7(4.86 %),5000,182500000,600,21960000,6010481,33.13
20/12/2010,37720,1404743000,36.6(-0.27 %),37720,1404743000,0,0,5972761,33.23
21/12/2010,83990,3059914000,36.6(0.00 %),87890,3202084000,3900,142170000,5888771,33.45
22/12/2010,6420,235268000,35.5(-0.28 %),6420,235268000,0,0,5882351,33.47
23/12/2010,19840,690686000,34(-4.23 %),19840,690686000,0,0,5862511,33.52
24/12/2010,11220,378290000,33.5(-1.47 %),11220,378290000,0,0,5851291,33.55
27/12/2010,5860,196910000,33.9(1.19 %),5860,196910000,0,0,5845431,33.57
28/12/2010,7560,268154000,35.5(4.72 %),7560,268154000,0,0,5837871,33.59
29/12/2010,3780,133562000,34.6(-2.54 %),3780,133562000,0,0,5834091,33.6
30/12/2010,-7080,-245860000,34.1(-1.45 %),12920,446140000,20000,692000000,5841171,33.58
31/12/2010,4590,157141000,34.5(1.17 %),6050,207511000,1460,50370000,5836581,33.59
04/01/2011,7670,267950000,35(1.45 %),7670,267950000,0,0,5828911,33.61
05/01/2011,5870,205137000,34.2(-2.29 %),10130,351339000,4260,146202000,5823041,33.63
06/01/2011,1960,66882000,33.9(-0.88 %),1960,66882000,0,0,5821081,33.63
07/01/2011,1200,40800000,33.9(0.00 %),1200,40800000,0,0,5819881,33.63
10/01/2011,-3130,-98056000,32.7(-3.54 %),14120,466469000,17250,564525000,5823011,33.63
11/01/2011,-4170,-126693000,31.2(-4.59 %),10830,341307000,15000,468000000,5827181,33.61
12/01/2011,-4690,-148585000,31.8(1.92 %),0,0,4690,148585000,5831871,33.6
13/01/2011,4070,130840000,32(0.63 %),5140,165080000,1070,34240000,5827801,33.61
14/01/2011,33700,1088690000,32.6(1.88 %),33700,1088690000,0,0,5794101,27.44
17/01/2011,22780,753240000,33(1.23 %),22780,753240000,0,0,5771321,27.5
18/01/2011,16570,542002000,32.7(-0.91 %),16570,542002000,0,0,5811231,33.66
19/01/2011,36920,1201300000,32(-2.14 %),39920,1297000000,3000,95700000,5774311,33.75
20/01/2011,-1310,-42656000,32(0.00 %),0,0,1310,42656000,5775621,33.75
21/01/2011,-5000,-162500000,32(0.00 %),0,0,5000,162500000,5780621,33.74
24/01/2011,-5200,-165920000,31.5(-1.56 %),1000,31900000,6200,197820000,5785821,33.72
25/01/2011,8320,256300000,30.9(-1.90 %),9210,284068000,890,27768000,5777501,33.75
26/01/2011,3800,118800000,31.3(1.29 %),3800,118800000,0,0,5773701,35.24
27/01/2011,29300,934340000,32.1(2.56 %),29300,934340000,0,0,5748201,33.82
28/01/2011,39090,1267118000,32.2(0.31 %),44090,1429618000,5000,162500000,5709111,33.93
08/02/2011,14660,475950000,32.4(0.62 %),14660,475950000,0,0,5694451,33.97
09/02/2011,2780,90551000,32.2(-0.62 %),2780,90551000,0,0,5691671,27.71
10/02/2011,0,0,32(-0.62 %),0,0,0,0,5691671,33.97
11/02/2011,2850,90907000,32.1(0.31 %),2850,90907000,0,0,5688821,27.72
14/02/2011,-1970,-63541000,31.9(-0.62 %),0,0,1970,63541000,5690791,33.97
15/02/2011,2070,65462000,31.6(-0.94 %),2070,65462000,0,0,5688721,33.98
16/02/2011,3160,99428000,31.2(-1.27 %),3970,125105000,810,25677000,5685561,33.99
17/02/2011,3920,121176000,30.5(-2.24 %),3920,121176000,0,0,5681641,34.0
18/02/2011,4590,132033000,29(-4.92 %),5480,159000000,890,26967000,5677051,34.01
21/02/2011,40000,1123600000,27.6(-4.83 %),40000,1123600000,0,0,5637051,34.12
22/02/2011,1000,26400000,26.7(-3.26 %),1000,26400000,0,0,5636051,34.12
23/02/2011,3740,102488000,27.7(3.75 %),3740,102488000,0,0,5632311,34.13
24/02/2011,-18540,-494388000,27.1(-2.17 %),1000,27000000,19540,521388000,5650851,34.08
25/02/2011,-40000,-1095500000,27.5(1.48 %),0,0,40000,1095500000,5690851,33.97
28/02/2011,370,9849000,27.5(0.00 %),2000,55000000,1630,45151000,5690481,33.98
01/03/2011,-1220,-32972000,26.9(-2.18 %),100,2700000,1320,35672000,5691701,33.97
02/03/2011,1050,26754000,25.6(-4.83 %),2050,52495000,1000,25741000,5690651,33.98
03/03/2011,-57650,-1433350000,24.7(-3.52 %),11600,291000000,69250,1724350000,0,0.0
04/03/2011,-124720,-3059054000,24.5(-0.81 %),1100,27250000,125820,3086304000,0,0.0
07/03/2011,40000,991318000,25(2.04 %),70000,1731320000,30000,740002000,0,0.0
08/03/2011,660,16590000,25.7(2.80 %),1270,32450000,610,15860000,0,0.0
09/03/2011,4530,113873000,25.1(-2.33 %),4530,113873000,0,0,0,0.0
10/03/2011,0,0,26.3(4.78 %),0,0,0,0,0,0.0
11/03/2011,-147700,-4076520000,27.6(4.94 %),3210,88596000,150910,4165116000,0,0.0
14/03/2011,-540,-14582000,26.5(-3.99 %),0,0,540,14582000,0,0.0
15/03/2011,-109970,-2961945000,27.4(3.40 %),3000,80000000,112970,3041945000,0,0.0
16/03/2011,-11680,-319580000,27.4(0.00 %),0,0,11680,319580000,5879159,33.48
17/03/2011,-4870,-133488000,27.3(-0.36 %),500,13650000,5370,147138000,5884029,33.46
18/03/2011,-68600,-1866047000,28(2.56 %),3160,86188000,71760,1952235000,5952629,33.28
21/03/2011,-9190,-258239000,28(0.00 %),0,0,9190,258239000,5961819,33.26
22/03/2011,3480,97400000,26.9(-3.93 %),5110,141247000,1630,43847000,5958339,33.27
23/03/2011,18240,488984000,27.2(1.12 %),18240,488984000,0,0,5940099,33.32
24/03/2011,0,0,26.1(-4.04 %),0,0,0,0,5940099,33.32
25/03/2011,-7000,-182300000,26(-0.38 %),0,0,7000,182300000,5947099,33.3
28/03/2011,0,0,26.1(0.38 %),0,0,0,0,5947099,33.3
29/03/2011,0,0,26(-0.38 %),0,0,0,0,5947099,33.3
30/03/2011,10,255000,25.7(-1.15 %),10,255000,0,0,5947089,33.3
31/03/2011,-1430,-36608000,25.6(-0.39 %),0,0,1430,36608000,5948519,33.29
01/04/2011,500,12800000,25.4(-0.78 %),500,12800000,0,0,6223189,32.57
04/04/2011,0,0,25.3(-0.39 %),0,0,0,0,6223189,32.57
05/04/2011,0,0,25(-1.19 %),0,0,0,0,6223189,32.57
06/04/2011,7800,199930000,26.2(4.80 %),8300,212980000,500,13050000,6215389,32.59
07/04/2011,1730,46093000,26.6(1.53 %),2180,58198000,450,12105000,6213659,32.59
08/04/2011,3610,96106000,26.6(0.00 %),6310,167876000,2700,71770000,6210049,32.6
13/04/2011,-890,-23407000,26.1(-1.88 %),0,0,890,23407000,6210939,32.6
14/04/2011,-1920,-49520000,25.8(-1.15 %),1000,26100000,2920,75620000,6212859,32.6
15/04/2011,4260,109232000,25.6(-0.78 %),4260,109232000,0,0,6208599,32.61
18/04/2011,2950,74038000,25(-2.34 %),4650,116870000,1700,42832000,6205649,32.62
19/04/2011,4770,119750000,25(0.00 %),4770,119750000,0,0,6200879,32.63
20/04/2011,10900,274090000,25.1(0.40 %),10900,274090000,0,0,6189979,32.66
21/04/2011,-2500,-62250000,24.4(-2.79 %),0,0,2500,62250000,6192479,32.65
22/04/2011,0,0,23.9(-2.05 %),0,0,0,0,6192479,32.65
25/04/2011,-2500,-61100000,25(4.60 %),0,0,2500,61100000,6194979,32.64
26/04/2011,4430,109350000,23.9(-4.40 %),4430,109350000,0,0,6190549,32.66
27/04/2011,8790,210481000,24(0.42 %),8790,210481000,0,0,6181759,32.68
28/04/2011,600,14400000,23.6(-1.67 %),600,14400000,0,0,6181159,32.68
29/04/2011,8460,203252000,23.8(0.85 %),9350,224515000,890,21263000,6172699,32.7
04/05/2011,-410,-9717000,23.8(0.00 %),0,0,410,9717000,6172746,32.7
05/05/2011,4300,101310000,23.6(-0.84 %),4300,101310000,0,0,6168446,32.71
06/05/2011,0,0,23.3(-1.27 %),0,0,0,0,6168446,32.71
09/05/2011,-100000,-2284516000,22.6(-3.00 %),0,0,100000,2284516000,6268446,32.45
10/05/2011,1000,22700000,22.6(0.00 %),1000,22700000,0,0,6267446,32.45
11/05/2011,1100,24860000,22.5(-0.44 %),1100,24860000,0,0,6266346,32.46
12/05/2011,-1200,-27000000,22(-2.22 %),0,0,1200,27000000,6267546,32.45
13/05/2011,-6150,-133400000,22(0.00 %),0,0,6150,133400000,6273696,32.44
16/05/2011,-390,-8613000,21.4(-2.73 %),500,10700000,890,19313000,6274086,32.43
17/05/2011,0,0,20.9(-2.34 %),0,0,0,0,6274086,32.43
18/05/2011,4900,97800000,20.1(-3.83 %),4900,97800000,0,0,6269186,32.45
19/05/2011,-2280,-44681000,19.5(-2.99 %),400,7987000,2680,52668000,6271466,32.44
20/05/2011,-10380,-201048000,19.3(-1.03 %),0,0,10380,201048000,6281846,32.41
23/05/2011,-6220,-117476000,18.8(-2.59 %),1000,19300000,7220,136776000,6288066,32.4
24/05/2011,-115090,-2064380000,18(-4.26 %),300,5370000,115390,2069750000,6403156,32.09
25/05/2011,-1320,-22904000,17.1(-5.00 %),2000,34200000,3320,57104000,6404476,32.09
26/05/2011,1000,16300000,17.9(4.68 %),1000,16300000,0,0,6403476,32.09
27/05/2011,3700,65530000,18.7(4.47 %),4200,74880000,500,9350000,6399776,25.84
30/05/2011,-13250,-218395000,16.9(-4.52 %),27950,480305000,41200,698700000,6413026,25.81
31/05/2011,25000,411707000,16.5(-2.37 %),25000,411707000,0,0,6388026,25.87
01/06/2011,0,0,17.3(4.85 %),0,0,0,0,3976651,32.24
02/06/2011,21830,395123000,18.1(4.62 %),22830,413223000,1000,18100000,3954821,32.3
03/06/2011,4640,86640000,18.1(0.00 %),4840,90440000,200,3800000,3950181,32.31
06/06/2011,-910,-17458000,19(4.97 %),690,12802000,1600,30260000,3951091,32.31
07/06/2011,-220780,-4353522000,19.9(4.74 %),1000,19900000,221780,4373422000,4171871,31.73
08/06/2011,36170,729756000,19.9(0.00 %),74460,1498522000,38290,768766000,4135701,31.82
09/06/2011,-46460,-808564000,19.6(-1.51 %),120000,2444096000,166460,3252660000,4182161,31.7
10/06/2011,-85910,-1753632000,20.4(4.08 %),5000,102424000,90910,1856056000,4268071,31.47
13/06/2011,-209740,-4235259000,20.4(0.00 %),60500,1233922000,270240,5469181000,4477811,30.92
14/06/2011,-180200,-3811550000,20.4(0.00 %),29000,612400000,209200,4423950000,4658011,30.44
15/06/2011,-161440,-3176946000,19.4(-4.90 %),4000,78800000,165440,3255746000,4819451,30.02
16/06/2011,-260890,-5126227000,20(3.09 %),0,0,260890,5126227000,5080341,29.33
17/06/2011,-27790,-545850000,19(-5.00 %),3000,60000000,30790,605850000,5108131,29.25
20/06/2011,-13000,-238289000,18.1(-4.74 %),0,0,13000,238289000,5121131,29.22
21/06/2011,-125140,-2289295000,18.6(2.76 %),860,15690000,126000,2304985000,5246271,28.89
22/06/2011,-66310,-1222239000,18.1(-2.69 %),3730,69491000,70040,1291730000,5312581,28.71
23/06/2011,-1200,-21810000,17.6(-2.76 %),100,1830000,1300,23640000,5313781,28.71
24/06/2011,-126800,-2224766000,17.5(-0.57 %),0,0,126800,2224766000,5440581,28.38
27/06/2011,-174850,-3035423000,17.2(-1.71 %),0,0,174850,3035423000,5615431,27.91
28/06/2011,-71980,-1234678000,17.2(0.00 %),0,0,71980,1234678000,5687411,27.72
29/06/2011,4380,75336000,17.7(2.91 %),4380,75336000,0,0,5683031,27.74
30/06/2011,-1300,-22730000,17.5(-1.13 %),100,1770000,1400,24500000,5684331,27.73
01/07/2011,-1910,-32661000,17(-2.86 %),0,0,1910,32661000,5652657,27.82
04/07/2011,1480,25151000,17(0.00 %),1480,25151000,0,0,5651177,27.82
05/07/2011,-23870,-413923000,17.4(2.35 %),6130,107888000,30000,521811000,5675047,27.76
06/07/2011,-1070,-18404000,17.2(-1.15 %),0,0,1070,18404000,5676117,27.75
07/07/2011,600,10360000,17.1(-0.58 %),600,10360000,0,0,5675517,27.76
08/07/2011,0,0,17.2(0.58 %),0,0,0,0,5675517,27.76
11/07/2011,0,0,17.1(-0.58 %),0,0,0,0,5675517,27.76
12/07/2011,-80890,-1350101000,16.7(-2.34 %),1000,16800000,81890,1366901000,5756407,27.54
13/07/2011,-5960,-100224000,16.8(0.60 %),10000,168000000,15960,268224000,5762367,27.53
14/07/2011,0,0,16.7(-0.60 %),0,0,0,0,5762367,27.53
15/07/2011,0,0,16.6(-0.60 %),0,0,0,0,5762367,27.53
18/07/2011,100,1640000,16.3(-1.81 %),100,1640000,0,0,5762267,27.53
19/07/2011,1100,17810000,16.3(0.00 %),1100,17810000,0,0,5761167,27.53
20/07/2011,240,3984000,16.8(3.07 %),240,3984000,0,0,5760927,27.53
21/07/2011,-8500,-140750000,16.4(-2.38 %),1500,24750000,10000,165500000,5769427,27.51
22/07/2011,-25000,-408500000,16.3(-0.61 %),5000,82000000,30000,490500000,5794427,27.44
25/07/2011,-11670,-189554000,16.2(-0.61 %),1000,16400000,12670,205954000,5806097,27.41
26/07/2011,2000,32100000,16(-1.23 %),2000,32100000,0,0,5804097,27.42
27/07/2011,10380,166080000,16(0.00 %),10380,166080000,0,0,5793717,27.44
28/07/2011,400,6400000,16(0.00 %),400,6400000,0,0,5793317,27.44
29/07/2011,6000,94800000,16(0.00 %),6000,94800000,0,0,5787317,27.46
01/08/2011,-20000,-315860000,15.9(-0.62 %),0,0,20000,315860000,5862607,27.26
02/08/2011,-15000,-236500000,15.7(-1.26 %),500000,7845500000,515000,8082000000,5877607,27.22
03/08/2011,-15790,-247063000,15.3(-2.55 %),10950,169825000,26740,416888000,5893397,27.18
04/08/2011,-20000,-316500000,16(4.58 %),0,0,20000,316500000,5913397,27.13
05/08/2011,0,0,15.5(-3.12 %),0,0,0,0,5913397,27.13
08/08/2011,-680,-10278000,15.5(0.00 %),31370,485843000,32050,496121000,5914077,27.13
09/08/2011,-41360,-612128000,14.8(-4.52 %),3000,44400000,44360,656528000,5955437,27.02
10/08/2011,61000,930655000,15.3(3.38 %),261000,3990655000,200000,3060000000,5894437,27.18
11/08/2011,8150,124878000,15.1(-1.31 %),11870,181050000,3720,56172000,5886287,27.2
12/08/2011,-4200,-64361000,15.4(1.99 %),200000,3040000000,204200,3104361000,5890487,27.19
15/08/2011,6500,100100000,15.2(-1.30 %),6500,100100000,0,0,5883987,27.2
16/08/2011,-4030,-61827000,15.3(0.66 %),0,0,4030,61827000,5888017,27.19
17/08/2011,-20000,-314000000,16(4.58 %),0,0,20000,314000000,5908017,27.14
18/08/2011,34060,563959000,16.5(3.12 %),55000,909133000,20940,345174000,5873957,27.23
19/08/2011,48110,784250000,16.2(-1.82 %),52170,850834000,4060,66584000,5825847,27.36
22/08/2011,72610,1234370000,17(4.94 %),92810,1577770000,20200,343400000,5753237,27.55
23/08/2011,14170,241190000,17.1(0.59 %),25820,439440000,11650,198250000,5739067,27.59
24/08/2011,-34000,-573820000,16.8(-1.75 %),6000,102300000,40000,676120000,5773067,27.5
25/08/2011,26000,444800000,17.2(2.38 %),83571,1423507000,57571,978707000,5747067,27.57
26/08/2011,40010,689773000,17(-1.16 %),50010,860573000,10000,170800000,5707057,27.67
29/08/2011,-15940,-274378000,17.7(4.12 %),4000,69186000,19940,343564000,5722997,27.63
30/08/2011,-28350,-511795000,18(1.69 %),2130,38340000,30480,550135000,5751347,27.55
31/08/2011,4000,72000000,18(0.00 %),4000,72000000,0,0,5747347,27.57
01/09/2011,50000,928285000,18.9(5.00 %),50000,928285000,0,0,5716932,27.65
05/09/2011,-39900,-723995000,18.2(-3.70 %),10100,187400000,50000,911395000,5756832,27.54
06/09/2011,900,15930000,17.3(-4.95 %),900,15930000,0,0,5755932,27.54
07/09/2011,35000,625082000,18(4.05 %),35000,625082000,0,0,5720932,27.64
08/09/2011,-13000,-242210000,17.7(-1.67 %),17000,313290000,30000,555500000,5733932,27.6
09/09/2011,53270,963766000,18(1.69 %),53270,963766000,0,0,5680662,27.74
12/09/2011,44420,802560000,18.1(0.56 %),44420,802560000,0,0,5636242,27.86
13/09/2011,-100,-1870000,19(4.97 %),0,0,100,1870000,5636342,27.86
14/09/2011,2790,52884000,19(0.00 %),4790,92284000,2000,39400000,5633552,27.87
15/09/2011,-1810,-34147000,19.3(1.58 %),0,0,1810,34147000,5635362,27.86
16/09/2011,1300,24180000,18.4(-4.66 %),1300,24180000,0,0,5634062,27.86
19/09/2011,0,0,18.5(0.54 %),0,0,0,0,5634062,27.86
20/09/2011,-1450,-26825000,18(-2.70 %),0,0,1450,26825000,5635512,27.86
21/09/2011,42260,758788000,17.8(-1.11 %),42260,758788000,0,0,5593252,27.97
22/09/2011,34560,625362000,18.4(3.37 %),34560,625362000,0,0,5558692,28.06
23/09/2011,29110,524149000,18.1(-1.63 %),29110,524149000,0,0,5529582,28.14
26/09/2011,500,9100000,17.9(-1.10 %),100500,1800800000,100000,1791700000,5529082,28.14
27/09/2011,0,0,17.7(-1.12 %),100000,1788400000,100000,1788400000,5529082,28.14
28/09/2011,3510,64149000,17.7(0.00 %),151200,2659943000,147690,2595794000,5525572,28.15
29/09/2011,4000,70800000,17.4(-1.69 %),4000,70800000,0,0,5521572,28.16
30/09/2011,-11870,-204164000,17.2(-1.15 %),0,0,11870,204164000,5533442,28.13
03/10/2011,0,0,16.5(-4.07 %),0,0,0,0,5521102,28.16
04/10/2011,-23660,-382824000,16.3(-1.21 %),0,0,23660,382824000,5544762,28.1
05/10/2011,500,8200000,16.4(0.61 %),500,8200000,0,0,5544262,28.1
06/10/2011,0,0,16.8(2.44 %),0,0,0,0,5544262,28.1
07/10/2011,-2660,-44522000,16.6(-1.19 %),0,0,2660,44522000,5546922,28.09
10/10/2011,-2120,-34950000,16.5(-0.60 %),300,4980000,2420,39930000,5549042,28.09
11/10/2011,10000,166000000,16.6(0.61 %),10000,166000000,0,0,5539042,28.12
12/10/2011,95000,1568900000,16.5(-0.60 %),95000,1568900000,0,0,5444042,28.37
13/10/2011,24340,403576000,16.7(1.21 %),24340,403576000,0,0,5419702,28.43
14/10/2011,1000,16700000,16.5(-1.20 %),81000,1344700000,80000,1328000000,5418702,28.43
17/10/2011,11550,190490000,16.3(-1.21 %),91550,1502490000,80000,1312000000,5407152,28.46
18/10/2011,0,0,16.1(-1.23 %),0,0,0,0,5407152,28.46
19/10/2011,-10000,-160000000,16(-0.62 %),0,0,10000,160000000,5417152,28.44
20/10/2011,-8400,-134420000,15.8(-1.25 %),200,3220000,8600,137640000,5425552,28.42
21/10/2011,0,0,16.3(3.16 %),0,0,0,0,5425552,28.42
24/10/2011,0,0,16.1(-1.23 %),0,0,0,0,5425552,28.42
25/10/2011,20000,321500000,16(-0.62 %),20000,321500000,0,0,5405552,28.47
26/10/2011,9930,158880000,16(0.00 %),9930,158880000,0,0,5395622,28.49
27/10/2011,33060,535932000,16.2(1.25 %),33060,535932000,0,0,5362562,28.58
28/10/2011,4080,65018000,16.8(3.70 %),5700,91910000,1620,26892000,5358482,28.59
31/10/2011,53160,874933000,16.4(-2.38 %),53160,874933000,0,0,5305322,28.73
01/11/2011,70910,1155408000,16.3(-0.61 %),73860,1203788000,2950,48380000,5316462,28.7
02/11/2011,5260,86112000,16(-1.84 %),14920,241104000,9660,154992000,5311202,28.72
03/11/2011,0,0,15.8(-1.25 %),0,0,0,0,5311202,28.72
04/11/2011,0,0,15.6(-1.27 %),0,0,0,0,5311202,28.72
07/11/2011,2170,33201000,15.3(-1.92 %),2170,33201000,0,0,5309032,28.72
08/11/2011,-11620,-174900000,15(-1.96 %),1500,22500000,13120,197400000,5320652,28.69
09/11/2011,-2730,-40950000,14.4(-4.00 %),800,12000000,3530,52950000,5323382,28.68
10/11/2011,0,0,14.1(-2.08 %),0,0,0,0,5323382,28.68
11/11/2011,-58120,-782137000,13.4(-4.96 %),0,0,58120,782137000,5381502,28.53
14/11/2011,5780,74866000,13(-2.99 %),10000,130000000,4220,55134000,5375722,28.55
15/11/2011,0,0,13(0.00 %),0,0,0,0,5375722,28.55
16/11/2011,0,0,13.3(2.31 %),0,0,0,0,5375722,28.55
17/11/2011,0,0,13(-2.26 %),0,0,0,0,5375722,28.55
18/11/2011,7000,90100000,13(0.00 %),7000,90100000,0,0,5368722,28.57
21/11/2011,0,0,12.5(-3.85 %),0,0,0,0,5368722,28.57
22/11/2011,0,0,12.6(0.80 %),0,0,0,0,5368722,28.57
23/11/2011,0,0,12.6(0.00 %),0,0,0,0,5368722,28.57
24/11/2011,0,0,12.5(-0.79 %),0,0,0,0,5368722,28.57
25/11/2011,500,6250000,12.3(-1.60 %),500,6250000,0,0,5368222,28.57
28/11/2011,-2830,-35399000,12.5(1.63 %),0,0,2830,35399000,5371052,28.56
29/11/2011,0,0,12.3(-1.60 %),0,0,0,0,5371052,28.56
30/11/2011,0,0,12.1(-1.63 %),0,0,0,0,5371052,28.56
01/12/2011,0,0,12.2(0.83 %),0,0,0,0,5298932,28.75
02/12/2011,0,0,12.3(0.82 %),0,0,0,0,5298932,28.75
05/12/2011,-500,-6450000,12.9(4.88 %),0,0,500,6450000,5299432,28.75
06/12/2011,0,0,12.7(-1.55 %),0,0,0,0,5299432,28.75
07/12/2011,64400,850870000,13.3(4.72 %),65000,858640000,600,7770000,5235032,28.92
08/12/2011,0,0,13.9(4.51 %),0,0,0,0,5235032,28.92
09/12/2011,53000,744200000,13.7(-1.44 %),60000,841500000,7000,97300000,5182032,29.06
12/12/2011,49580,691004000,13.5(-1.46 %),49580,691004000,0,0,5132452,29.19
13/12/2011,-520,-6774000,12.9(-4.44 %),300,4050000,820,10824000,5132972,29.19
14/12/2011,-890,-10947000,12.3(-4.65 %),0,0,890,10947000,5133862,29.19
15/12/2011,-1080,-12960000,12(-2.44 %),300,3600000,1380,16560000,5134942,29.18
16/12/2011,-880,-10824000,12.6(5.00 %),10,123000,890,10947000,5135822,29.18
19/12/2011,390,5035000,12.6(0.00 %),800,10160000,410,5125000,5135432,29.18
20/12/2011,-2700,-32038000,12.1(-3.97 %),3200,39870000,5900,71908000,5138132,29.17
21/12/2011,0,0,12.2(0.83 %),0,0,0,0,5138132,29.17
22/12/2011,1000,11800000,11.7(-4.10 %),1000,11800000,0,0,5137132,29.18
23/12/2011,-1690,-19384000,11.8(0.85 %),310,3616000,2000,23000000,5138822,29.17
26/12/2011,-12870,-147399000,11.4(-3.39 %),4000,46000000,16870,193399000,5151692,29.14
27/12/2011,-114050,-1257330000,10.9(-4.39 %),8890,101206000,122940,1358536000,5265742,28.84
28/12/2011,0,0,11.4(4.59 %),0,0,0,0,5265742,28.84
29/12/2011,0,0,10.9(-4.39 %),0,0,0,0,5265742,28.84
30/12/2011,-630,-7252000,11.4(4.59 %),700,7910000,1330,15162000,5266372,28.84
03/01/2012,10000,118000000,11.6(1.75 %),10000,118000000,0,0,5267872,28.83
04/01/2012,1000,11500000,11.5(-0.86 %),1000,11500000,0,0,5266872,28.83
05/01/2012,-6840,-77338000,11.3(-1.74 %),0,0,6840,77338000,5273712,28.82
06/01/2012,7920,90904000,11.3(0.00 %),14000,159600000,6080,68696000,5265792,28.84
09/01/2012,-10000,-110493000,11.4(0.88 %),0,0,10000,110493000,5275792,28.81
10/01/2012,-690,-7659000,11.7(2.63 %),0,0,690,7659000,5276482,28.81
11/01/2012,0,0,11.5(-1.71 %),0,0,0,0,5276482,28.81
12/01/2012,0,0,11.5(0.00 %),0,0,0,0,5276482,28.81
13/01/2012,-500,-5800000,11.7(1.74 %),0,0,500,5800000,5276982,28.81
16/01/2012,-810,-9477000,12.1(3.42 %),0,0,810,9477000,5277792,28.81
17/01/2012,40100,480200000,11.9(-1.65 %),40100,480200000,0,0,5237692,28.91
18/01/2012,0,0,11.8(-0.84 %),0,0,0,0,5237692,28.91
19/01/2012,4400,53540000,12.2(3.39 %),4400,53540000,0,0,5233292,28.92
20/01/2012,-4010,-49337000,12.4(1.64 %),5000,63000000,9010,112337000,5237302,28.91
30/01/2012,0,0,12.7(2.42 %),0,0,0,0,5237302,28.91
31/01/2012,670,16267000,12.7(0.00 %),20000,259825000,19330,243558000,5236632,28.91
01/02/2012,0,0,12.8(0.79 %),0,0,0,0,5199622,29.01
02/02/2012,-81420,-1085244000,13.4(4.69 %),0,0,81420,1085244000,5281042,28.8
03/02/2012,-9000,-114250000,12.8(-4.48 %),13000,174350000,22000,288600000,5290042,28.77
06/02/2012,20500,257958000,12.5(-2.34 %),20500,257958000,0,0,5269542,28.83
07/02/2012,0,0,12.4(-0.80 %),0,0,0,0,5269542,28.83
08/02/2012,0,0,13(4.84 %),0,0,0,0,5269542,28.83
09/02/2012,-30470,-400014000,12.9(-0.77 %),0,0,30470,400014000,5300012,28.75
10/02/2012,37720,491104000,12.6(-2.33 %),58300,757912000,20580,266808000,5262292,28.85
13/02/2012,-19950,-248170000,12.3(-2.38 %),700,8890000,20650,257060000,5282242,28.79
14/02/2012,-11770,-146930000,12.5(1.63 %),0,0,11770,146930000,5294012,28.76
15/02/2012,28050,350610000,12.1(-3.20 %),28050,350610000,0,0,5265962,28.84
16/02/2012,-8880,-107908000,12.1(0.00 %),0,0,8880,107908000,5274842,28.81
17/02/2012,5000,60500000,12.3(1.65 %),5000,60500000,0,0,5269842,28.83
20/02/2012,0,0,12.9(4.88 %),0,0,0,0,5269842,28.83
21/02/2012,1060,21062000,12.6(-2.33 %),12000,160000000,10940,138938000,5268782,28.83
22/02/2012,52970,677716000,13.1(3.97 %),59000,755200000,6030,77484000,5215812,28.97
23/02/2012,-1080,-14685000,13.5(3.05 %),0,0,1080,14685000,5216892,28.97
24/02/2012,29420,396742000,13.8(2.22 %),31200,421200000,1780,24458000,5187472,29.04
27/02/2012,8140,114374000,14.4(4.35 %),8140,114374000,0,0,5179332,29.07
28/02/2012,0,0,13.9(-3.47 %),0,0,0,0,5179332,29.07
29/02/2012,-10000,-135050000,14.2(2.16 %),0,0,10000,135050000,5189332,29.04
01/03/2012,0,0,14(-1.41 %),0,0,0,0,5207680,28.99
02/03/2012,-980,-13622000,14.4(2.86 %),0,0,980,13622000,5208660,28.99
05/03/2012,3000,45300000,15.1(4.86 %),3000,45300000,0,0,5205660,29.0
06/03/2012,0,0,14.8(-1.99 %),0,0,0,0,5205660,29.0
07/03/2012,-1000,-15350000,15.5(4.73 %),0,0,1000,15350000,5206660,28.99
08/03/2012,-2500,-40300000,15.8(1.94 %),0,0,2500,40300000,5209160,28.99
09/03/2012,24000,387410000,15.8(0.00 %),27000,433400000,3000,45990000,5185160,29.05
12/03/2012,-2000,-30400000,15.1(-4.43 %),0,0,2000,30400000,5187160,29.04
13/03/2012,-2000,-30600000,14.8(-1.99 %),0,0,2000,30600000,5189160,29.04
14/03/2012,100,1410000,14.3(-3.38 %),100,1410000,0,0,5189060,29.04
15/03/2012,-500,-7500000,15(4.90 %),0,0,500,7500000,5189560,29.04
16/03/2012,-8380,-127028000,15(0.00 %),0,0,8380,127028000,5197940,29.02
19/03/2012,148000,2257244000,15.4(2.67 %),200000,3047694000,52000,790450000,5049940,29.41
20/03/2012,0,0,15.4(0.00 %),0,0,0,0,5049940,29.41
21/03/2012,-42300,-673720000,15.9(3.25 %),0,0,42300,673720000,5092240,29.3
22/03/2012,59020,933152000,16(0.63 %),90100,1431060000,31080,497908000,5033220,29.45
23/03/2012,-30910,-495428000,16.1(0.62 %),0,0,30910,495428000,5064130,29.37
26/03/2012,18000,298200000,16.3(1.24 %),20000,331000000,2000,32800000,5046130,29.42
27/03/2012,392480,6360282000,15.9(-2.45 %),393360,6374626000,880,14344000,4653650,30.45
28/03/2012,173680,2747152000,16(0.63 %),173680,2747152000,0,0,4479970,30.91
29/03/2012,172930,2739605000,15.5(-3.12 %),196000,3106020000,23070,366415000,4307040,31.37
30/03/2012,960,14334000,14.9(-3.87 %),2200,32810000,1240,18476000,4306080,31.37
03/04/2012,-50100,-729926000,14.9(0.00 %),0,0,50100,729926000,4291776,31.41
04/04/2012,-50190,-726077000,14.2(-4.70 %),2100,30650000,52290,756727000,4341966,31.28
05/04/2012,-13350,-191060000,14.6(2.82 %),0,0,13350,191060000,4355316,31.24
06/04/2012,-900,-13870000,15.3(4.79 %),1000,15200000,1900,29070000,4356216,31.24
09/04/2012,51640,815755000,16(4.58 %),51740,817355000,100,1600000,4304576,31.37
10/04/2012,14660,234608000,15.6(-2.50 %),16760,268088000,2100,33480000,4289916,31.41
11/04/2012,-3600,-57630000,16.3(4.49 %),0,0,3600,57630000,4293516,31.4
12/04/2012,-10100,-172710000,17.1(4.91 %),0,0,10100,172710000,4303616,31.38
13/04/2012,-42290,-709946000,17.2(0.58 %),162000,2894850000,204290,3604796000,4345906,31.27
16/04/2012,13740,261855000,18(4.65 %),320450,5759235000,306710,5497380000,4332166,31.3
17/04/2012,237090,4469081000,18.9(5.00 %),238610,4497809000,1520,28728000,4095076,31.93
18/04/2012,-20510,-404870000,19.1(1.06 %),3280,64518000,23790,469388000,4115586,31.87
19/04/2012,-44210,-806543000,18.2(-4.71 %),3000,54900000,47210,861443000,4159796,31.76
20/04/2012,24400,422480000,17.3(-4.95 %),34400,596480000,10000,174000000,4135396,31.82
23/04/2012,-16700,-291184000,17.2(-0.58 %),0,0,16700,291184000,4152096,31.78
24/04/2012,0,0,18(4.65 %),0,0,0,0,4152096,31.78
25/04/2012,-106740,-2015276000,18.9(5.00 %),0,0,106740,2015276000,4258836,31.5
26/04/2012,44710,835689000,18.8(-0.53 %),100000,1889100000,55290,1053411000,4214126,31.61
27/04/2012,100000,1941879000,19.5(3.72 %),100000,1941879000,0,0,4114126,31.88
02/05/2012,302110,5860070000,19.4(-0.51 %),303110,5879670000,1000,19600000,3723396,32.91
03/05/2012,127300,2439813000,19.1(-1.55 %),127300,2439813000,0,0,3596096,33.25
04/05/2012,92300,1787076000,19.6(2.62 %),142300,2762076000,50000,975000000,3503796,33.49
07/05/2012,308890,6048077000,19.6(0.00 %),309100,6052172000,210,4095000,3194906,34.3
08/05/2012,173710,3427760000,20.3(3.57 %),275000,5503795000,101290,2076035000,3021196,34.76
09/05/2012,152280,3154825000,21.1(3.94 %),152280,3154825000,0,0,2868916,35.17
10/05/2012,-500,-11050000,22.1(4.74 %),0,0,500,11050000,2869416,35.16
11/05/2012,5000,111000000,21(-4.98 %),5000,111000000,0,0,2864416,35.18
14/05/2012,-236300,-4731749000,20(-4.76 %),1500,30000000,237800,4761749000,3100716,34.55
15/05/2012,1200,23500000,19(-5.00 %),1200,23500000,0,0,3099516,34.56
16/05/2012,1000,18900000,18.2(-4.21 %),1000,18900000,0,0,3098516,34.56
17/05/2012,3000,55500000,19(4.40 %),3000,55500000,0,0,3095516,34.57
18/05/2012,135700,2453990000,18.1(-4.74 %),153600,2780760000,17900,326770000,2959816,34.93
21/05/2012,17310,317773000,19(4.97 %),20010,366893000,2700,49120000,2942506,34.97
22/05/2012,246140,4723490000,19.9(4.74 %),248140,4763290000,2000,39800000,2696366,35.62
23/05/2012,300000,5700000000,19(-4.52 %),300000,5700000000,0,0,2396366,36.41
24/05/2012,500,7344000,18.1(-4.74 %),100500,1819050000,100000,1811706000,2395866,36.41
25/05/2012,-1000,-18900000,19(4.97 %),0,0,1000,18900000,2396866,36.41
28/05/2012,90300,1699805000,19(0.00 %),100300,1889805000,10000,190000000,2306566,36.65
29/05/2012,400,7360000,18.2(-4.21 %),400,7360000,0,0,2306166,36.65
30/05/2012,15050,275030000,18.3(0.55 %),15050,275030000,0,0,2291116,36.69
31/05/2012,1900,34020000,17.8(-2.73 %),2500,45000000,600,10980000,2289216,36.7
01/06/2012,400,7200000,17.8(0.00 %),400,7200000,0,0,2451249,36.27
04/06/2012,-37900,-646920000,17(-4.49 %),2100,36210000,40000,683130000,2489149,36.17
05/06/2012,500,8200000,16.9(-0.59 %),500,8200000,0,0,2450749,36.27
06/06/2012,-6110,-104199000,17.3(2.37 %),1300,22030000,7410,126229000,2456859,36.25
07/06/2012,-1000,-18100000,18.1(4.62 %),0,0,1000,18100000,2457859,36.25
08/06/2012,0,0,18(-0.55 %),0,0,0,0,2457859,36.25
11/06/2012,-75080,-1359912000,17.8(-1.11 %),170,3026000,75250,1362938000,2532939,36.05
12/06/2012,-109580,-1910088000,17.3(-2.81 %),0,0,109580,1910088000,2642519,35.76
13/06/2012,-30000,-513672000,17(-1.73 %),0,0,30000,513672000,2672519,35.68
14/06/2012,-20000,-339558000,16.6(-2.35 %),1000,17000000,21000,356558000,2692519,35.63
15/06/2012,-139040,-2392848000,17.4(4.82 %),10150,174550000,149190,2567398000,2831559,35.26
18/06/2012,-27810,-489775000,17.5(0.57 %),0,0,27810,489775000,2859369,35.19
19/06/2012,-24600,-419240000,17.1(-2.29 %),400,6760000,25000,426000000,2883969,35.13
20/06/2012,-34200,-582025000,17(-0.58 %),800,13540000,35000,595565000,2918169,35.04
21/06/2012,-53950,-904317000,16.7(-1.76 %),0,0,53950,904317000,2972119,34.89
22/06/2012,-39500,-653430000,16.5(-1.20 %),500,8200000,40000,661630000,3011619,34.79
25/06/2012,0,0,15.7(-4.85 %),0,0,0,0,3011619,34.79
26/06/2012,900,13530000,15(-4.46 %),1000,15100000,100,1570000,3010719,34.79
27/06/2012,-52700,-782660000,14.6(-2.67 %),2300,34911000,55000,817571000,3063419,34.65
28/06/2012,-48400,-703960000,15.3(4.79 %),0,0,48400,703960000,3111819,34.52
29/06/2012,-29680,-445709000,14.8(-3.27 %),4050,60745000,33730,506454000,3141499,34.45
02/07/2012,-27560,-407814000,14.5(-2.03 %),38000,559400000,65560,967214000,3004874,34.81
03/07/2012,-37540,-524295000,13.8(-4.83 %),9000,126900000,46540,651195000,3042414,34.71
04/07/2012,-66920,-918688000,13.5(-2.17 %),0,0,66920,918688000,3109334,34.53
05/07/2012,28740,387796000,14.1(4.44 %),58740,801796000,30000,414000000,3080594,34.61
06/07/2012,-2040,-31632000,14.2(0.71 %),28960,421268000,31000,452900000,3082634,34.6
09/07/2012,11960,168292000,13.6(-4.23 %),11960,168292000,0,0,3070674,34.63
10/07/2012,14590,200984000,13.7(0.74 %),16590,228784000,2000,27800000,3056084,34.67
11/07/2012,9200,127542000,13.8(0.73 %),9200,127542000,0,0,3046884,34.7
12/07/2012,2300,35108000,14.2(2.90 %),12300,173108000,10000,138000000,3044584,34.7
13/07/2012,-20870,-291502000,14.9(4.93 %),30130,447098000,51000,738600000,3065454,34.65
16/07/2012,27870,424750000,14.5(-2.68 %),47870,730817000,20000,306067000,3037584,34.72
17/07/2012,25000,379072000,15.2(4.83 %),26000,394172000,1000,15100000,3012584,34.79
18/07/2012,31240,481440000,15.3(0.66 %),33000,508720000,1760,27280000,2981344,34.87
19/07/2012,53000,837890000,16(4.58 %),53000,837890000,0,0,2928344,35.01
20/07/2012,29000,471950000,15.7(-1.88 %),39000,631950000,10000,160000000,2899344,35.08
23/07/2012,0,0,15(-4.46 %),0,0,0,0,2899344,35.08
24/07/2012,-42800,-617925000,14.4(-4.00 %),2200,32380000,45000,650305000,2942144,34.97
25/07/2012,-5100,-73450000,14.4(0.00 %),0,0,5100,73450000,2947244,34.96
26/07/2012,-5000,-73500000,14.7(2.08 %),0,0,5000,73500000,2952244,34.95
27/07/2012,1500,21900000,14.5(-1.36 %),1500,21900000,0,0,2950744,34.95
30/07/2012,760,11020000,14.3(-1.38 %),1360,19720000,600,8700000,2949984,34.95
31/07/2012,0,0,14.3(0.00 %),0,0,0,0,2949984,34.95
01/08/2012,-10710,-152279000,14.2(-0.70 %),0,0,10710,152279000,3152084,34.42
02/08/2012,20,286000,14.3(0.70 %),20,286000,0,0,3152064,34.42
03/08/2012,-67250,-959668000,14.3(0.00 %),0,0,67250,959668000,3219314,34.24
06/08/2012,0,0,14.9(4.20 %),0,0,0,0,3219314,34.24
07/08/2012,-42000,-615500000,14.6(-2.01 %),3000,43700000,45000,659200000,3261314,34.13
08/08/2012,-54930,-792960000,14.5(-0.68 %),0,0,54930,792960000,3316244,33.98
09/08/2012,2000,29400000,14.7(1.38 %),2000,29400000,0,0,3314244,33.99
10/08/2012,-65110,-951221000,14.6(-0.68 %),100,1460000,65210,952681000,3379354,33.82
13/08/2012,0,0,14.6(0.00 %),0,0,0,0,3379354,33.82
14/08/2012,-5340,-78314000,14.6(0.00 %),1000,14600000,6340,92914000,3384694,33.8
15/08/2012,36300,531550000,14.7(0.68 %),36300,531550000,0,0,3348394,33.9
16/08/2012,40600,587200000,14.5(-1.36 %),40600,587200000,0,0,3307794,34.01
17/08/2012,7240,104937000,14.5(0.00 %),45000,654000000,37760,549063000,3300554,34.03
20/08/2012,-500,-3208000,14.8(2.07 %),15000,221542000,15500,224750000,3301054,34.02
21/08/2012,70000,988500000,14.1(-4.73 %),70000,988500000,0,0,3231054,34.21
22/08/2012,-13370,-175558000,13.4(-4.96 %),66000,894900000,79370,1070458000,3244424,34.17
23/08/2012,0,0,12.8(-4.48 %),0,0,0,0,3244424,34.17
24/08/2012,-114000,-1390800000,12.9(0.78 %),0,0,114000,1390800000,3358424,33.87
27/08/2012,20000,246000000,12.3(-4.65 %),20000,246000000,0,0,3338424,33.93
28/08/2012,-450,-5355000,12.3(0.00 %),0,0,450,5355000,3338874,33.92
29/08/2012,2000,24600000,12.8(4.07 %),2000,24600000,0,0,3336874,33.93
30/08/2012,9110,117186000,12.8(0.00 %),9110,117186000,0,0,3327764,33.95
31/08/2012,4000,51300000,12.8(0.00 %),4000,51300000,0,0,3323764,33.96
04/09/2012,3550,46150000,12.8(0.00 %),3800,49400000,250,3250000,3331279,33.94
05/09/2012,0,0,12.3(-3.91 %),0,0,0,0,3331279,33.94
06/09/2012,1000,12300000,12.3(0.00 %),1000,12300000,0,0,3330279,33.95
07/09/2012,0,0,12.2(-0.81 %),0,0,0,0,3330279,33.95
10/09/2012,-4300,-51170000,11.6(-4.92 %),700,8330000,5000,59500000,3334579,33.94
11/09/2012,0,0,11.4(-1.72 %),0,0,0,0,3334579,33.94
12/09/2012,-410,-4551000,11.5(0.88 %),0,0,410,4551000,3334989,33.93
13/09/2012,50,575000,11.8(2.61 %),50,575000,0,0,3334939,33.93
14/09/2012,0,0,12.3(4.24 %),0,0,0,0,3334939,33.93
17/09/2012,-40,-492000,12.5(1.63 %),700,8610000,740,9102000,3334979,33.93
18/09/2012,-300,-3830000,11.9(-4.80 %),1000,11900000,1300,15730000,3335279,33.93
19/09/2012,-1020,-11632000,11.6(-2.52 %),2000,23400000,3020,35032000,3336299,33.93
20/09/2012,-141520,-1573192000,11.1(-4.31 %),0,0,141520,1573192000,3477819,33.56
21/09/2012,-205210,-2278241000,11.1(0.00 %),22420,248862000,227630,2527103000,3683029,33.02
24/09/2012,-96330,-1025755000,10.6(-4.50 %),20000,212774000,116330,1238529000,3779359,32.76
25/09/2012,-800,-8480000,10.6(0.00 %),0,0,800,8480000,3780159,32.76
26/09/2012,-118670,-1258902000,10.7(0.94 %),20000,212000000,138670,1470902000,3898829,32.45
27/09/2012,-64210,-679090000,10.5(-1.87 %),15000,159750000,79210,838840000,3963039,32.28
28/09/2012,-104120,-1064670000,10(-4.76 %),0,0,104120,1064670000,4067159,32.0
01/10/2012,-165080,-1573698000,9.5(-5.00 %),100,1010000,165180,1574708000,3745309,32.85
02/10/2012,-195770,-1786156000,9.1(-4.21 %),100,920000,195870,1787076000,3941079,32.33
03/10/2012,-115010,-1030490000,9.1(0.00 %),26000,238600000,141010,1269090000,4056089,32.03
04/10/2012,-8240,-73334000,9(-1.10 %),10,91000,8250,73425000,4064329,32.01
05/10/2012,7500,67850000,9.3(3.33 %),8000,72500000,500,4650000,4056829,32.03
08/10/2012,-500,-4850000,9.7(4.30 %),0,0,500,4850000,4057329,32.03
09/10/2012,-4800,-48710000,10.1(4.12 %),700,6790000,5500,55500000,4062129,32.01
10/10/2012,3000,30000000,10.4(2.97 %),3000,30000000,0,0,4059129,32.02
11/10/2012,0,0,10.4(0.00 %),0,0,0,0,4059129,32.02
12/10/2012,0,0,10.2(-1.92 %),0,0,0,0,4059129,32.02
15/10/2012,2000,19400000,9.8(-3.92 %),2000,19400000,0,0,4057129,32.03
16/10/2012,0,0,10.2(4.08 %),0,0,0,0,4057129,32.03
17/10/2012,2550,26265000,10.1(-0.98 %),2800,28840000,250,2575000,4054579,32.03
18/10/2012,-2000,-20400000,10.2(0.99 %),0,0,2000,20400000,4056579,32.03
19/10/2012,4000,39600000,9.9(-2.94 %),4000,39600000,0,0,4052579,32.04
22/10/2012,1000,9900000,9.7(-2.02 %),1000,9900000,0,0,4051579,32.04
23/10/2012,0,0,9.7(0.00 %),0,0,0,0,4051579,32.04
24/10/2012,0,0,9.6(-1.03 %),0,0,0,0,4051579,32.04
25/10/2012,5000,46500000,9.3(-3.12 %),5000,46500000,0,0,4046579,32.06
26/10/2012,-3600,-33940000,9.4(1.08 %),0,0,3600,33940000,4050179,10.77
29/10/2012,0,0,9.6(2.13 %),0,0,0,0,4050179,32.05
30/10/2012,-2000,-19200000,9.5(-1.04 %),3000,28800000,5000,48000000,4052179,32.04
31/10/2012,14350,136540000,9.5(0.00 %),15000,142715000,650,6175000,4037829,32.08
01/11/2012,-43500,-416150000,9.6(1.05 %),36500,351350000,80000,767500000,4482863,30.9
02/11/2012,65600,606220000,9.3(-3.12 %),66400,613580000,800,7360000,4417263,31.08
05/11/2012,-29200,-268717000,9.2(-1.08 %),21600,199105000,50800,467822000,4446463,31.0
06/11/2012,-23360,-212891000,9.1(-1.09 %),14000,127920000,37360,340811000,4469823,30.94
07/11/2012,900,8460000,9.4(3.30 %),14400,134260000,13500,125800000,4468923,30.94
08/11/2012,-21110,-196353000,9.3(-1.06 %),5600,52110000,26710,248463000,4490033,30.89
09/11/2012,-55690,-516917000,9.3(0.00 %),0,0,55690,516917000,4545723,30.74
12/11/2012,-78500,-731900000,9.7(4.30 %),7000,67900000,85500,799800000,4624223,30.53
13/11/2012,-15000,-144150000,9.6(-1.03 %),0,0,15000,144150000,4639223,30.49
14/11/2012,-56120,-533738000,9.5(-1.04 %),0,0,56120,533738000,4695343,30.34
15/11/2012,-2000,-18600000,9.4(-1.05 %),5000,46500000,7000,65100000,4697343,30.34
16/11/2012,-19690,-183117000,9.3(-1.06 %),0,0,19690,183117000,4717033,30.29
19/11/2012,-23000,-213900000,9.2(-1.08 %),0,0,23000,213900000,4740033,30.23
20/11/2012,-43500,-402050000,9.3(1.09 %),6500,60450000,50000,462500000,4783533,30.11
21/11/2012,-39740,-365559000,9.2(-1.08 %),10260,94918000,50000,460477000,4823273,30.01
22/11/2012,-60570,-552497000,9.2(0.00 %),0,0,60570,552497000,4883843,29.85
23/11/2012,-10000,-92000000,9.1(-1.09 %),0,0,10000,92000000,4893843,29.82
26/11/2012,-1600,-14510000,9.2(1.10 %),0,0,1600,14510000,4895443,29.81
27/11/2012,-151350,-1365209000,9.1(-1.09 %),0,0,151350,1365209000,5046793,29.42
28/11/2012,-31610,-285310000,8.9(-2.20 %),3000,26700000,34610,312010000,5078403,29.33
29/11/2012,0,0,8.9(0.00 %),0,0,0,0,5078403,29.33
30/11/2012,-50800,-451771000,8.8(-1.12 %),0,0,50800,451771000,5129203,29.2
03/12/2012,-61730,-543370000,8.8(0.00 %),3000,26400000,64730,569770000,5126443,29.2
04/12/2012,-177770,-1569054000,9(2.27 %),1000,8900000,178770,1577954000,5304213,28.74
05/12/2012,-41860,-387748000,9.3(3.33 %),0,0,41860,387748000,5346073,28.62
06/12/2012,5000,46500000,9.2(-1.08 %),5000,46500000,0,0,5341073,28.64
07/12/2012,-30400,-280041000,9.1(-1.09 %),0,0,30400,280041000,5371473,28.56
10/12/2012,-900,-8320000,9.4(3.30 %),0,0,900,8320000,5372373,28.56
11/12/2012,-20000,-190400000,9.4(0.00 %),16000,151900000,36000,342300000,5392373,28.5
12/12/2012,-241800,-2313187000,9.6(2.13 %),3700,34780000,245500,2347967000,5634173,27.86
13/12/2012,-20710,-198816000,9.5(-1.04 %),0,0,20710,198816000,5654883,27.81
14/12/2012,0,0,9.4(-1.05 %),0,0,0,0,5634173,27.86
17/12/2012,20000,191296000,9.5(1.06 %),20000,191296000,0,0,5614173,27.92
18/12/2012,0,0,9.4(-1.05 %),0,0,0,0,5614173,27.92
19/12/2012,-10000,-98000000,9.8(4.26 %),0,0,10000,98000000,5624173,27.89
20/12/2012,-880,-8976000,10.2(4.08 %),0,0,880,8976000,5625053,27.89
21/12/2012,-28300,-291640000,10.5(2.94 %),1500,15000000,29800,306640000,5653353,27.81
24/12/2012,-20000,-210000000,10.9(3.81 %),0,0,20000,210000000,5673353,27.76
25/12/2012,0,0,10.6(-2.75 %),0,0,0,0,5673353,27.76
26/12/2012,-3000,-31800000,11.1(4.72 %),0,0,3000,31800000,5676353,27.75
27/12/2012,5000,58000000,11.6(4.50 %),5000,58000000,0,0,5671353,27.77
28/12/2012,-7970,-96940000,12.1(4.31 %),2030,24060000,10000,121000000,5679323,27.75
02/01/2013,12340,155701000,12.7(4.96 %),24200,305951000,11860,150250000,5812978,27.39
03/01/2013,4000,48900000,12.1(-4.72 %),9000,109900000,5000,61000000,5808978,27.4
04/01/2013,7000,85570000,12.1(0.00 %),13000,156970000,6000,71400000,5801978,27.42
07/01/2013,0,0,11.9(-1.65 %),0,0,0,0,5801978,27.42
08/01/2013,1500,17400000,12.2(2.52 %),1500,17400000,0,0,5800478,27.43
09/01/2013,13100,157250000,12.1(-0.82 %),23100,285250000,10000,128000000,5787378,27.46
10/01/2013,53450,675115000,12.7(4.96 %),54450,687815000,1000,12700000,5733928,27.6
11/01/2013,-26000,-339700000,13.2(3.94 %),0,0,26000,339700000,5759928,27.53
14/01/2013,97990,1246017000,12.8(-3.03 %),104000,1322745000,6010,76728000,5661938,27.79
15/01/2013,183690,2456092000,13.6(6.25 %),191690,2564692000,8000,108600000,5478248,28.28
16/01/2013,3000,42500000,14.5(6.62 %),3000,42500000,0,0,5475248,28.28
17/01/2013,2500,35729000,13.8(-4.83 %),8200,117916000,5700,82187000,5472748,28.29
18/01/2013,0,-600000,13.4(-2.90 %),2000,26400000,2000,27000000,5472748,28.29
21/01/2013,9800,129840000,13.3(-0.75 %),11800,156240000,2000,26400000,5462948,28.32
22/01/2013,2100,25640000,12.7(-4.51 %),6800,88150000,4700,62510000,5460848,28.32
23/01/2013,20900,262769000,12.7(0.00 %),22000,276849000,1100,14080000,5439948,28.38
24/01/2013,114070,1508960000,13.5(6.30 %),118570,1569210000,4500,60250000,5325878,28.68
25/01/2013,216120,3036982000,14.4(6.67 %),218120,3064982000,2000,28000000,5109758,29.25
28/01/2013,-27370,-413050000,14.5(0.69 %),48260,721400000,75630,1134450000,5137128,29.18
29/01/2013,-78960,-1145036000,14.3(-1.38 %),2040,28564000,81000,1173600000,5216088,28.97
30/01/2013,500,7050000,14.1(-1.40 %),500,7050000,0,0,5215588,28.97
31/01/2013,-62350,-876340000,13.8(-2.13 %),0,0,62350,876340000,5277938,28.8
01/02/2013,-98600,-1325328000,13.6(-1.45 %),5130,68929000,103730,1394257000,5070783,29.6
04/02/2013,-102000,-1422750000,13.9(2.21 %),0,0,102000,1422750000,5172783,29.33
05/02/2013,-101000,-1400218000,13.8(-0.72 %),0,0,101000,1400218000,5273783,29.06
06/02/2013,-100840,-1414471000,14(1.45 %),1000,13800000,101840,1428271000,5374623,28.63
07/02/2013,-100000,-1431419000,14.4(2.86 %),0,0,100000,1431419000,5474623,28.37
08/02/2013,-123000,-1786592000,14.6(1.39 %),27000,396900000,150000,2183492000,5597623,28.05
18/02/2013,-84270,-1250582000,15(2.74 %),111750,1652318000,196020,2902900000,5681893,27.82
19/02/2013,-64260,-1038644000,15.6(4.00 %),218250,3407716000,282510,4446360000,5746153,27.66
20/02/2013,-100200,-1553820000,15.4(-1.28 %),2000,30200000,102200,1584020000,5846353,27.39
21/02/2013,204740,3044890000,14.4(-6.49 %),333340,5003180000,128600,1958290000,5641613,27.93
22/02/2013,78160,1090393000,14(-2.78 %),196000,2767238000,117840,1676845000,5563453,28.14
25/02/2013,-86750,-1222600000,13.9(-0.71 %),1250,17500000,88000,1240100000,5650203,27.91
26/02/2013,-13250,-186000000,13(-6.47 %),2000,26400000,15250,212400000,5663453,27.87
27/02/2013,0,0,12.9(-0.77 %),0,0,0,0,5663453,27.87
28/02/2013,0,0,13.2(2.33 %),0,0,0,0,5663453,27.87
01/03/2013,-28020,-366242000,13.1(-0.76 %),0,0,28020,366242000,5895283,27.26
04/03/2013,-49250,-611510000,12.2(-6.87 %),2250,27830000,51500,639340000,5944533,27.13
05/03/2013,-450,-5405000,11.6(-4.92 %),250,2925000,700,8330000,5944983,27.13
06/03/2013,-970,-11600000,11.9(2.59 %),0,0,970,11600000,5945953,27.13
07/03/2013,-4380,-52031000,11.9(0.00 %),5000,59500000,9380,111531000,5950333,27.12
08/03/2013,130,1547000,12(0.84 %),2000,23800000,1870,22253000,5950203,27.12
11/03/2013,-11810,-141420000,12.8(6.67 %),0,0,11810,141420000,5962013,27.09
12/03/2013,4100,52090000,12.6(-1.56 %),4100,52090000,0,0,5957913,27.1
13/03/2013,-9360,-115128000,12.3(-2.38 %),0,0,9360,115128000,5967273,27.08
14/03/2013,18000,235900000,13.1(6.50 %),20000,262000000,2000,26100000,5949273,27.12
15/03/2013,3850,52890000,13.4(2.29 %),5000,68500000,1150,15610000,5945423,27.13
18/03/2013,-870,-11484000,13.4(0.00 %),0,0,870,11484000,5946293,27.13
19/03/2013,0,0,13.1(-2.24 %),0,0,0,0,5946293,27.13
20/03/2013,2100,27510000,13.1(0.00 %),7100,93010000,5000,65500000,5944193,27.14
21/03/2013,1000,13300000,13.2(0.76 %),1000,13300000,0,0,5943193,27.14
22/03/2013,100,1310000,12.5(-5.30 %),100,1310000,0,0,5943093,27.14
25/03/2013,-840,-10500000,12.8(2.40 %),0,0,840,10500000,5943933,27.14
26/03/2013,-5900,-75520000,12.6(-1.56 %),0,0,5900,75520000,5949833,27.12
27/03/2013,10,126000,12.4(-1.59 %),10,126000,0,0,5949823,27.12
28/03/2013,0,0,12.2(-1.61 %),0,0,0,0,5949823,27.12
29/03/2013,1390,16704000,12.2(0.00 %),2540,30734000,1150,14030000,5948433,27.12
01/04/2013,-67390,-804281000,12.5(2.46 %),13200,154440000,80590,958721000,5977358,27.05
02/04/2013,0,0,12.5(0.00 %),0,0,0,0,5977358,27.05
03/04/2013,2240,27328000,12.2(-2.40 %),2240,27328000,0,0,5975118,27.05
04/04/2013,5000,61000000,12.2(0.00 %),5000,61000000,0,0,5970118,27.07
05/04/2013,8000,97600000,12.3(0.82 %),8000,97600000,0,0,5962118,27.09
08/04/2013,0,0,12.1(-1.63 %),0,0,0,0,5962118,27.09
09/04/2013,0,0,12.5(3.31 %),0,0,0,0,5962118,27.09
10/04/2013,93500,1143900000,12.2(-2.40 %),93500,1143900000,0,0,5868618,27.33
11/04/2013,-52020,-626903000,12(-1.64 %),430,5246000,52450,632149000,5920638,27.2
12/04/2013,53300,623610000,11.7(-2.50 %),53300,623610000,0,0,5867338,27.34
15/04/2013,59200,657179000,11.4(-2.56 %),64200,714420000,5000,57241000,5808138,27.49
16/04/2013,-1210,-13552000,11.5(0.88 %),0,0,1210,13552000,5809348,27.49
17/04/2013,0,0,11.5(0.00 %),0,0,0,0,5809348,27.49
18/04/2013,42800,478220000,11(-4.35 %),42800,478220000,0,0,5766548,27.6
22/04/2013,0,0,10.7(-2.73 %),0,0,0,0,5766548,27.6
23/04/2013,0,0,10.8(0.93 %),0,0,0,0,5766548,27.6
24/04/2013,-330,-3564000,10.9(0.93 %),0,0,330,3564000,5766878,27.6
25/04/2013,-20000,-222124000,11(0.92 %),0,0,20000,222124000,5786878,27.55
26/04/2013,5000,54500000,10.8(-1.82 %),5000,54500000,0,0,5781878,27.56
02/05/2013,-3020,-32918000,10.9(0.93 %),0,0,3020,32918000,5843288,27.4
03/05/2013,-800,-8720000,11.1(1.83 %),0,0,800,8720000,5844088,27.4
06/05/2013,-800,-9040000,11.8(6.31 %),0,0,800,9040000,5844888,27.4
07/05/2013,-3390,-40680000,11.7(-0.85 %),0,0,3390,40680000,5848278,27.39
08/05/2013,0,0,11.5(-1.71 %),0,0,0,0,5848278,27.39
09/05/2013,-2380,-28382000,12.2(6.09 %),0,0,2380,28382000,5850658,27.38
10/05/2013,194350,2447693000,12.7(4.10 %),196000,2467988000,1650,20295000,5656308,27.89
13/05/2013,-3000,-37500000,12.5(-1.57 %),0,0,3000,37500000,5659308,27.88
14/05/2013,-1490,-17731000,12(-4.00 %),0,0,1490,17731000,5660798,27.88
15/05/2013,-2000,-24900000,12.3(2.50 %),0,0,2000,24900000,5662798,27.87
16/05/2013,0,0,12.5(1.63 %),0,0,0,0,5662798,27.87
17/05/2013,0,0,12.3(-1.60 %),0,0,0,0,5662798,27.87
20/05/2013,0,0,12.5(1.63 %),0,0,0,0,5662798,27.87
21/05/2013,-1200,-15580000,12.8(2.40 %),0,0,1200,15580000,5663998,27.87
22/05/2013,81500,1057150000,12.9(0.78 %),81500,1057150000,0,0,5582498,28.09
23/05/2013,76890,1006261000,12.8(-0.78 %),79700,1042610000,2810,36349000,5505608,28.29
24/05/2013,0,0,13.1(2.34 %),0,0,0,0,5505608,28.29
27/05/2013,-490,-6762000,13.5(3.05 %),0,0,490,6762000,5506098,28.29
28/05/2013,-95100,-1285010000,13.7(1.48 %),5000,67000000,100100,1352010000,5601198,28.04
29/05/2013,-9960,-138740000,13.4(-2.19 %),1500,20900000,11460,159640000,5611158,28.01
30/05/2013,2000,26600000,13.5(0.75 %),5000,66500000,3000,39900000,5609158,28.02
31/05/2013,47940,693766000,14.1(4.44 %),60000,861400000,12060,167634000,5561218,28.14
03/06/2013,-22703,-318460000,14.1(0.00 %),97300,1376580000,120003,1695040000,5460753,28.4
04/06/2013,-87720,-1270268000,13.9(-1.42 %),14080,202452000,101800,1472720000,5548473,28.17
05/06/2013,-100000,-1400200000,14(0.72 %),0,0,100000,1400200000,5648473,27.91
06/06/2013,-101630,-1436257000,14.1(0.71 %),0,0,101630,1436257000,5750103,27.65
07/06/2013,-94930,-1361499000,14.1(0.00 %),5070,72501000,100000,1434000000,5845033,27.4
10/06/2013,0,0,13.7(-2.84 %),0,0,0,0,5845033,27.4
11/06/2013,110,1507000,13.4(-2.19 %),110,1507000,0,0,5844923,27.4
12/06/2013,-223290,-3064378000,13.6(1.49 %),10430,142558000,233720,3206936000,6068213,26.81
13/06/2013,-100180,-1348044000,13.3(-2.21 %),0,0,100180,1348044000,6168393,26.55
14/06/2013,-76130,-1031240000,13.4(0.75 %),6650,90440000,82780,1121680000,6244523,26.35
17/06/2013,-80000,-1045396000,12.9(-3.73 %),0,0,80000,1045396000,6324523,26.14
18/06/2013,-70610,-910871000,12.9(0.00 %),0,0,70610,910871000,6395133,25.95
19/06/2013,29499,393537000,13(0.78 %),50000,650000000,20501,256463000,6365634,26.03
20/06/2013,-7320,-95260000,12.8(-1.54 %),2000,25900000,9320,121160000,6372954,26.01
21/06/2013,59960,783966000,13.1(2.34 %),106960,1387066000,47000,603100000,6312994,26.17
24/06/2013,3000,38200000,12.9(-1.53 %),3000,38200000,0,0,6309994,26.18
25/06/2013,24780,302728000,12.4(-3.88 %),27400,335740000,2620,33012000,6285214,26.24
26/06/2013,-21620,-267826000,12.3(-0.81 %),0,0,21620,267826000,6306834,26.18
27/06/2013,21130,261691000,12.6(2.44 %),23490,291427000,2360,29736000,6285704,26.24
28/06/2013,79630,1000104000,12.4(-1.59 %),79630,1000104000,0,0,6206074,26.45
01/07/2013,60020,748842000,12.4(0.00 %),77120,964282000,17100,215440000,6251516,26.33
02/07/2013,27760,354876000,12.6(1.61 %),62910,801466000,35150,446590000,6223756,26.4
03/07/2013,41500,528100000,12.9(2.38 %),41500,528100000,0,0,6182256,26.51
04/07/2013,-16730,-212835000,12.7(-1.55 %),4000,51247000,20730,264082000,6198986,26.47
05/07/2013,0,0,12.6(-0.79 %),0,0,0,0,6198986,26.47
08/07/2013,0,0,12.5(-0.79 %),0,0,0,0,6198986,26.47
09/07/2013,10000,124000000,12.4(-0.80 %),10000,124000000,0,0,6188986,26.49
10/07/2013,139970,1745894000,12.4(0.00 %),139970,1745894000,0,0,6049016,26.86
11/07/2013,100310,1246375000,12.6(1.61 %),105000,1305000000,4690,58625000,5948706,27.12
12/07/2013,107200,1375060000,12.8(1.59 %),107200,1375060000,0,0,5841506,27.41
15/07/2013,95000,1216000000,12.8(0.00 %),95000,1216000000,0,0,5746506,27.65
16/07/2013,146230,1876481000,12.7(-0.78 %),146230,1876481000,0,0,5600276,28.04
17/07/2013,70000,891000000,13.2(3.94 %),70000,891000000,0,0,5530276,28.22
18/07/2013,-2010,-26532000,12.9(-2.27 %),0,0,2010,26532000,5532286,28.22
19/07/2013,40350,529529000,13.1(1.55 %),40350,529529000,0,0,5491936,28.32
22/07/2013,109000,1406580000,13(-0.76 %),110000,1419500000,1000,12920000,5382936,28.61
23/07/2013,14010,180675000,12.9(-0.77 %),15100,194790000,1090,14115000,5368926,28.65
24/07/2013,40150,514235000,12.9(0.00 %),50150,642935000,10000,128700000,5328776,28.75
25/07/2013,34000,434600000,12.7(-1.55 %),34000,434600000,0,0,5294776,28.84
26/07/2013,25780,324393000,12.8(0.79 %),35780,452393000,10000,128000000,5268996,28.91
29/07/2013,37000,466000000,12.4(-3.12 %),37000,466000000,0,0,5231996,29.01
30/07/2013,27020,338542000,12.6(1.61 %),27020,338542000,0,0,5204976,29.08
31/07/2013,11380,142130000,12.7(0.79 %),11380,142130000,0,0,5193596,29.11
01/08/2013,10290,127596000,12.6(-0.79 %),10290,127596000,0,0,5224386,29.03
02/08/2013,0,0,12.6(0.00 %),0,0,0,0,5224386,29.03
05/08/2013,8600,107805000,12.6(0.00 %),8600,107805000,0,0,5215786,29.05
06/08/2013,24930,313625000,12.6(0.00 %),24930,313625000,0,0,5190856,29.11
07/08/2013,10560,134056000,12.7(0.79 %),10560,134056000,0,0,5180296,29.14
08/08/2013,5350,67445000,12.5(-1.57 %),7000,88400000,1650,20955000,5174946,29.15
09/08/2013,9200,114920000,12.5(0.00 %),10000,125000000,800,10080000,5165746,29.18
12/08/2013,15000,187500000,12.6(0.80 %),15000,187500000,0,0,5150746,29.22
13/08/2013,2240,27776000,12.4(-1.59 %),2240,27776000,0,0,5148506,29.22
14/08/2013,0,0,13(4.84 %),0,0,0,0,5148506,29.22
15/08/2013,-42850,-542195000,13(0.00 %),0,0,42850,542195000,5191356,29.11
16/08/2013,-35270,-451456000,12.9(-0.77 %),34400,440320000,69670,891776000,5226626,29.02
19/08/2013,-6730,-87307000,12.9(0.00 %),5000,64000000,11730,151307000,5233356,29.0
20/08/2013,-110,-1419000,12.7(-1.55 %),100,1290000,210,2709000,5233466,29.0
21/08/2013,5460,68450000,12.7(0.00 %),13460,169250000,8000,100800000,5228006,29.02
22/08/2013,34990,439873000,12.4(-2.36 %),35000,440000000,10,127000,5193016,29.11
23/08/2013,20000,247000000,12.5(0.81 %),20000,247000000,0,0,5173016,29.16
26/08/2013,14990,186344000,12.4(-0.80 %),15000,186469000,10,125000,5158026,29.2
27/08/2013,0,-1060000,12.2(-1.61 %),20000,246940000,20000,248000000,5158026,29.2
28/08/2013,8100,97030000,12.1(-0.82 %),8100,97030000,0,0,5149926,29.22
29/08/2013,22280,267227000,12.1(0.00 %),23610,283320000,1330,16093000,5127646,29.28
30/08/2013,-480,-5762000,12.1(0.00 %),20,238000,500,6000000,5128126,29.28
03/09/2013,10500,125900000,11.9(-1.65 %),10500,125900000,0,0,5115796,29.31
04/09/2013,52900,629510000,11.8(-0.84 %),52900,629510000,0,0,5062896,29.45
05/09/2013,-5990,-70782000,11.8(0.00 %),35600,419980000,41590,490762000,5068886,29.43
06/09/2013,4000,47600000,11.7(-0.85 %),4000,47600000,0,0,5064886,29.44
09/09/2013,27280,309843000,11.5(-1.71 %),46390,527887000,19110,218044000,5037606,29.52
10/09/2013,23660,269519000,11.2(-2.61 %),27710,316094000,4050,46575000,5013946,29.58
11/09/2013,0,0,11.4(1.79 %),0,0,0,0,5013946,29.58
12/09/2013,-10400,-118560000,11.3(-0.88 %),0,0,10400,118560000,5024346,29.55
13/09/2013,0,0,11.4(0.88 %),0,0,0,0,5024346,29.55
16/09/2013,-350,-3990000,11.2(-1.75 %),0,0,350,3990000,5024696,29.55
17/09/2013,12730,138903000,11.1(-0.89 %),37800,419580000,25070,280677000,5011966,29.58
18/09/2013,0,0,11.1(0.00 %),0,0,0,0,5011966,29.58
19/09/2013,21600,221360000,10.9(-1.80 %),41600,441360000,20000,220000000,4990366,29.64
20/09/2013,25680,274726000,10.6(-2.75 %),25680,274726000,0,0,4964686,29.71
23/09/2013,2500,26550000,10.8(1.89 %),2500,26550000,0,0,4962186,29.71
24/09/2013,-36610,-395388000,10.8(0.00 %),0,0,36610,395388000,4998796,29.62
25/09/2013,2000,22000000,11.3(4.63 %),2000,22000000,0,0,4996796,29.62
26/09/2013,55650,628840000,11.3(0.00 %),55700,629410000,50,570000,4941146,29.77
27/09/2013,56700,629370000,11.1(-1.77 %),56700,629370000,0,0,4884446,29.92
30/09/2013,100,1110000,11.2(0.90 %),100,1110000,0,0,4884346,29.92
01/10/2013,0,0,11.4(1.79 %),0,0,0,0,4886131,29.91
02/10/2013,-140,-1596000,11.4(0.00 %),1000,11400000,1140,12996000,4886271,29.91
03/10/2013,-5830,-65296000,11.1(-2.63 %),1000,11200000,6830,76496000,4892101,29.9
04/10/2013,3200,35840000,11.2(0.90 %),3200,35840000,0,0,4888901,29.91
07/10/2013,0,0,11.1(-0.89 %),0,0,0,0,4888901,29.91
08/10/2013,0,0,11.3(1.80 %),0,0,0,0,4888901,29.91
09/10/2013,0,0,11.3(0.00 %),0,0,0,0,4888901,29.91
10/10/2013,-100,-1130000,10.9(-3.54 %),0,0,100,1130000,4889001,29.91
11/10/2013,-2380,-25942000,11(0.92 %),0,0,2380,25942000,4891381,29.9
14/10/2013,-400,-4360000,11(0.00 %),0,0,400,4360000,4891781,29.9
15/10/2013,0,0,11.1(0.91 %),0,0,0,0,4891781,29.9
16/10/2013,2000,22000000,10.9(-1.80 %),2000,22000000,0,0,4889781,29.9
17/10/2013,0,0,10.9(0.00 %),0,0,0,0,4889781,29.9
18/10/2013,-1000,-10800000,11(0.92 %),1000,11000000,2000,21800000,4890781,29.9
21/10/2013,112000,1308590000,11.7(6.36 %),112000,1308590000,0,0,4778781,30.19
22/10/2013,176000,2180850000,12.3(5.13 %),206000,2543350000,30000,362500000,4602781,30.66
23/10/2013,312200,3984075000,12.8(4.07 %),313200,3996975000,1000,12900000,4290581,31.48
24/10/2013,241210,3064229000,12.4(-3.12 %),265800,3369263000,24590,305034000,4049371,32.11
25/10/2013,23900,295970000,12.2(-1.61 %),23900,295970000,0,0,4025471,32.17
28/10/2013,38150,482800000,12(-1.64 %),100000,1227000000,61850,744200000,3987321,32.27
29/10/2013,-107500,-1269326000,12(0.00 %),108500,1299274000,216000,2568600000,4094821,31.99
30/10/2013,-37420,-445962000,11.8(-1.67 %),28000,334800000,65420,780762000,4132241,31.89
31/10/2013,-101020,-1166882000,11.6(-1.69 %),16000,182700000,117020,1349582000,4233261,31.63
01/11/2013,-1500,-17700000,11.7(0.86 %),0,0,1500,17700000,3834871,32.67
04/11/2013,21000,254500000,12(2.56 %),24000,290400000,3000,35900000,3813871,32.73
05/11/2013,14150,174045000,12.1(0.83 %),14300,175890000,150,1845000,3799721,32.77
06/11/2013,-7000,-85400000,12.2(0.83 %),0,0,7000,85400000,3806721,32.75
07/11/2013,14950,181810000,12.4(1.64 %),23600,288640000,8650,106830000,3791771,32.79
08/11/2013,-200,-2020000,12.4(0.00 %),3800,48480000,4000,50500000,3791971,32.79
11/11/2013,9460,120319000,13(4.84 %),10050,127635000,590,7316000,3782511,32.81
12/11/2013,-12960,-160020000,12.5(-3.85 %),19950,257850000,32910,417870000,3795471,32.78
13/11/2013,-7000,-87500000,12.5(0.00 %),3000,37500000,10000,125000000,3802471,32.76
14/11/2013,1200,15400000,12.6(0.80 %),4000,50400000,2800,35000000,3801271,32.76
15/11/2013,0,0,12.8(1.59 %),0,0,0,0,3801271,32.76
18/11/2013,47110,607030000,12.9(0.78 %),56000,722600000,8890,115570000,3754161,32.88
19/11/2013,10010,130102000,12.9(0.00 %),10010,130102000,0,0,3744151,32.91
20/11/2013,0,0,12.9(0.00 %),0,0,0,0,3744151,32.91
21/11/2013,-15000,-188100000,12.7(-1.55 %),23000,305900000,38000,494000000,3759151,32.87
22/11/2013,0,0,12.8(0.79 %),0,0,0,0,3759151,32.87
25/11/2013,-4000,-51600000,12.7(-0.78 %),0,0,4000,51600000,3763151,32.86
26/11/2013,-3000,-38400000,13(2.36 %),0,0,3000,38400000,3766151,32.85
27/11/2013,-2400,-31200000,13(0.00 %),0,0,2400,31200000,3768551,32.85
28/11/2013,410,5430000,13.1(0.77 %),1000,13100000,590,7670000,3768141,32.85
29/11/2013,-26300,-349820000,13.3(1.53 %),0,0,26300,349820000,3794441,32.78
02/12/2013,-60100,-796340000,13.7(3.01 %),4900,65660000,65000,862000000,4160192,31.82
03/12/2013,660,9208000,14(2.19 %),1000,13900000,340,4692000,4159532,31.82
04/12/2013,0,946000,14.1(0.71 %),100000,1409946000,100000,1409000000,4159532,31.82
05/12/2013,0,0,13.8(-2.13 %),0,0,0,0,4159532,31.82
06/12/2013,118100,1666280000,14.2(2.90 %),118100,1666280000,0,0,4041432,32.13
09/12/2013,-16000,-221500000,14.1(-0.70 %),121000,1699020000,137000,1920520000,4057432,32.09
10/12/2013,480,6672000,13.9(-1.42 %),1000,13900000,520,7228000,4056952,32.09
11/12/2013,-9900,-134660000,13.4(-3.60 %),100,1340000,10000,136000000,4066852,32.06
12/12/2013,-73000,-967300000,13.4(0.00 %),0,0,73000,967300000,4139852,31.87
13/12/2013,-20000,-268000000,13.4(0.00 %),0,0,20000,268000000,4159852,31.82
16/12/2013,5000,66100000,13.3(-0.75 %),5000,66100000,0,0,4154852,31.83
17/12/2013,-200,-2680000,13.4(0.75 %),0,0,200,2680000,4155052,31.83
18/12/2013,-12000,-162000000,13.5(0.75 %),0,0,12000,162000000,4167052,31.8
19/12/2013,0,0,13.6(0.74 %),0,0,0,0,4167052,31.8
20/12/2013,-2000,-28700000,14.2(4.41 %),0,0,2000,28700000,4169052,31.86
23/12/2013,151000,2173094000,14.4(1.41 %),170000,2439099000,19000,266005000,4018052,32.26
24/12/2013,-17810,-253864000,14(-2.78 %),10000,142600000,27810,396464000,4035862,32.21
25/12/2013,-1000,-14200000,14(0.00 %),0,0,1000,14200000,4036862,32.21
26/12/2013,0,0,14(0.00 %),0,0,0,0,4036862,32.21
27/12/2013,2000,28500000,13.9(-0.71 %),8000,111900000,6000,83400000,4034862,32.21
30/12/2013,3000,40900000,13.5(-2.88 %),3000,40900000,0,0,4031862,32.22
31/12/2013,-1300,-17750000,13.7(1.48 %),0,0,1300,17750000,4033162,32.22
02/01/2014,0,0,13.7(0.00 %),0,0,0,0,4131161,31.96
03/01/2014,5000,68861000,13.7(0.00 %),5000,68861000,0,0,4126161,31.97
06/01/2014,184000,2598050000,14(2.19 %),185000,2612150000,1000,14100000,3942161,32.46
07/01/2014,149210,2126782000,14.2(1.43 %),150000,2138000000,790,11218000,3792951,32.85
08/01/2014,200000,2917050000,14.7(3.52 %),200000,2917050000,0,0,3592951,33.37
09/01/2014,0,0,14.7(0.00 %),0,0,0,0,3592951,33.37
10/01/2014,-17850,-260408000,14.5(-1.36 %),100,1450000,17950,261858000,3610801,33.33
13/01/2014,1000,14400000,14.3(-1.38 %),1000,14400000,0,0,3609801,33.33
14/01/2014,-24000,-343700000,14.5(1.40 %),0,0,24000,343700000,3633801,33.27
15/01/2014,41720,610792000,14.8(2.07 %),49720,728568000,8000,117776000,3592081,33.37
16/01/2014,-11310,-165388000,14.6(-1.35 %),0,0,11310,165388000,3603391,33.34
17/01/2014,10,235000,14.6(0.00 %),3000,43500000,2990,43265000,3603381,39.61
20/01/2014,-19460,-280994000,14.2(-2.74 %),0,0,19460,280994000,3622841,39.56
21/01/2014,-2410,-33981000,14.4(1.41 %),0,0,2410,33981000,3625251,39.56
22/01/2014,7900,113170000,14.2(-1.39 %),7900,113170000,0,0,3617351,39.52
23/01/2014,0,0,14.3(0.70 %),0,0,0,0,3617351,39.52
24/01/2014,216000,3163250000,14.9(4.20 %),216000,3163250000,0,0,3401351,40.08
27/01/2014,71970,1082229000,15.3(2.68 %),84760,1271688000,12790,189459000,3329381,40.27
06/02/2014,57450,913325000,15.8(3.27 %),73500,1162120000,16050,248795000,5638607,34.22
07/02/2014,258940,4085847000,15.8(0.00 %),264200,4168531000,5260,82684000,5379667,34.9
10/02/2014,34230,544167000,16(1.27 %),34230,544167000,0,0,5345437,34.99
11/02/2014,123440,1967234000,15.2(-5.00 %),125000,1992400000,1560,25166000,5221997,35.31
12/02/2014,48630,768334000,15.8(3.95 %),50000,789943000,1370,21609000,5173367,35.44
13/02/2014,143810,2415962000,16.9(6.96 %),143810,2415962000,0,0,5029557,35.82
14/02/2014,284000,5007389000,18(6.51 %),286000,5042589000,2000,35200000,4745557,36.56
17/02/2014,-28280,-527132000,18.4(2.22 %),78820,1448056000,107100,1975188000,4773837,36.49
18/02/2014,-2600,-48150000,18.3(-0.54 %),9400,168260000,12000,216410000,4776437,36.48
19/02/2014,48710,879168000,18.3(0.00 %),53710,969166000,5000,89998000,4727727,36.61
20/02/2014,367440,6854977000,18.8(2.73 %),397670,7429047000,30230,574070000,4360287,37.57
21/02/2014,110510,2069231000,18.9(0.53 %),110800,2074712000,290,5481000,4249777,37.86
24/02/2014,162620,3051260000,19.7(4.23 %),167770,3148110000,5150,96850000,4087157,38.29
25/02/2014,107360,2115543000,19.9(1.02 %),120990,2384144000,13630,268601000,3979797,38.57
26/02/2014,1260,25074000,19.7(-1.01 %),1260,25074000,0,0,3978537,38.57
27/02/2014,-33140,-637046000,18.6(-5.58 %),0,0,33140,637046000,4011677,38.48
28/02/2014,8500,150043000,18.6(0.00 %),13500,241240000,5000,91197000,4003177,38.51
03/03/2014,14070,258451000,17.9(-3.76 %),20100,368800000,6030,110349000,3973781,38.58
04/03/2014,-34360,-608325000,17.7(-1.12 %),7100,124950000,41460,733275000,4008141,38.49
05/03/2014,-8170,-145633000,18(1.69 %),0,0,8170,145633000,4016311,38.47
06/03/2014,-55000,-989406000,18(0.00 %),0,0,55000,989406000,4071311,38.33
07/03/2014,-37000,-673019000,18.4(2.22 %),0,0,37000,673019000,4108311,38.23
10/03/2014,-4900,-88971000,18.1(-1.63 %),100,1810000,5000,90781000,4113211,38.22
11/03/2014,-15000,-273000000,18.1(0.00 %),0,0,15000,273000000,4128211,38.18
12/03/2014,-1000,-18000000,18(-0.55 %),0,0,1000,18000000,4129211,38.18
13/03/2014,-14090,-253629000,18.1(0.56 %),0,0,14090,253629000,4143301,38.14
14/03/2014,-7490,-138134000,18.4(1.66 %),0,0,7490,138134000,4150791,38.12
17/03/2014,115280,2165411000,19(3.26 %),120000,2253503000,4720,88092000,4035511,38.42
18/03/2014,79540,1546126000,19.4(2.11 %),80040,1555776000,500,9650000,3955971,38.63
19/03/2014,18990,370112000,19.4(0.00 %),49010,945794000,30020,575682000,3936981,38.68
20/03/2014,14600,281700000,19.1(-1.55 %),15000,289500000,400,7800000,3922381,38.72
21/03/2014,0,0,19.3(1.05 %),0,0,0,0,3922381,38.72
24/03/2014,-9420,-183048000,19.8(2.59 %),800,15520000,10220,198568000,3931801,38.69
25/03/2014,-9000,-174100000,19(-4.04 %),0,0,9000,174100000,3940801,38.67
26/03/2014,10060,196370000,19.1(0.53 %),10060,196370000,0,0,3930741,38.7
27/03/2014,-14000,-266758000,19.3(1.05 %),0,0,14000,266758000,3944741,38.66
28/03/2014,-8800,-169720000,19.4(0.52 %),1200,23280000,10000,193000000,3953541,38.64
31/03/2014,-12150,-231874000,18.9(-2.58 %),500,9500000,12650,241374000,3965691,38.61
01/04/2014,3000,53900000,18(-4.76 %),3000,53900000,0,0,3970211,38.59
02/04/2014,2780,48140000,17.5(-2.78 %),2780,48140000,0,0,3967431,38.6
03/04/2014,0,0,18(2.86 %),0,0,0,0,3967431,38.6
04/04/2014,1000,17700000,18(0.00 %),1000,17700000,0,0,3966431,38.6
07/04/2014,0,0,18.2(1.11 %),0,0,0,0,3966431,38.6
08/04/2014,-5000,-90500000,18.2(0.00 %),0,0,5000,90500000,3971431,38.59
10/04/2014,10,183000,18(-1.10 %),10,183000,0,0,3971421,38.59
11/04/2014,500,8950000,18(0.00 %),500,8950000,0,0,3970921,38.59
14/04/2014,-1330,-23982000,18(0.00 %),0,0,1330,23982000,3972251,38.59
15/04/2014,-43290,-761621000,17.5(-2.78 %),7570,134375000,50860,895996000,4015541,38.47
16/04/2014,39570,678345000,17.5(0.00 %),46300,794101000,6730,115756000,3975971,38.58
17/04/2014,27000,475760000,17.6(0.57 %),27000,475760000,0,0,3948971,38.65
18/04/2014,-1250,-22350000,16.5(-6.25 %),2000,33000000,3250,55350000,3950221,38.65
21/04/2014,7850,122461000,16.3(-1.21 %),19300,306771000,11450,184310000,3942371,38.67
22/04/2014,2000,32600000,16.6(1.84 %),2000,32600000,0,0,3940371,38.67
23/04/2014,193140,3233937000,17(2.41 %),243930,4084167000,50790,850230000,3747231,39.18
24/04/2014,44650,762175000,17.2(1.18 %),52650,896675000,8000,134500000,3702581,39.29
25/04/2014,49640,858008000,17.3(0.58 %),51640,892408000,2000,34400000,3652941,39.42
28/04/2014,100000,1729259000,17.2(-0.58 %),160000,2764196000,60000,1034937000,3552941,39.69
29/04/2014,48610,833092000,17.2(0.00 %),48610,833092000,0,0,3504331,39.81
05/05/2014,196860,3328233000,16.9(-1.74 %),197010,3330768000,150,2535000,3281971,40.4
06/05/2014,140560,2316677000,16.5(-2.37 %),147960,2437052000,7400,120375000,3141411,40.77
07/05/2014,75000,1256750000,17(3.03 %),75000,1256750000,0,0,3066411,40.96
08/05/2014,131050,2108495000,15.9(-6.47 %),156000,2505200000,24950,396705000,2935361,41.31
09/05/2014,-88850,-1427929000,15.9(0.00 %),100000,1591000000,188850,3018929000,3024211,41.07
12/05/2014,-87210,-1279289000,14.8(-6.92 %),23000,354000000,110210,1633289000,3111421,40.84
13/05/2014,32000,450440000,14.2(-4.05 %),32000,450440000,0,0,3079421,40.93
14/05/2014,-16100,-226146000,14.6(2.82 %),34900,501204000,51000,727350000,3095521,40.89
15/05/2014,-30000,-435736000,14.4(-1.37 %),54000,778200000,84000,1213936000,3125521,40.81
16/05/2014,47290,724236000,14.9(3.47 %),72310,1075402000,25020,351166000,3078231,40.93
19/05/2014,15000,224680000,15(0.67 %),15000,224680000,0,0,3063231,40.97
20/05/2014,-29970,-451790000,15(0.00 %),38700,578260000,68670,1030050000,3093201,40.89
21/05/2014,-83260,-1246802000,15.3(2.00 %),34070,509216000,117330,1756018000,3176461,40.67
22/05/2014,5000,76500000,15(-1.96 %),5000,76500000,0,0,3171461,40.69
23/05/2014,0,0,14.8(-1.33 %),0,0,0,0,3171461,40.69
26/05/2014,-31470,-448312000,14.9(0.68 %),8530,124697000,40000,573009000,3202931,40.6
27/05/2014,-63600,-947809000,15.5(4.03 %),0,0,63600,947809000,3266531,40.44
28/05/2014,31640,492610000,15.7(1.29 %),50000,777500000,18360,284890000,3234891,40.52
29/05/2014,-30,-468000,15.3(-2.55 %),0,0,30,468000,3234921,40.52
30/05/2014,0,0,15.1(-1.31 %),0,0,0,0,3234921,40.52
02/06/2014,0,0,15(-0.66 %),0,0,0,0,3278681,40.41
03/06/2014,-2590,-38677000,15(0.00 %),0,0,2590,38677000,3281271,40.4
04/06/2014,3020,43790000,14.8(-1.33 %),3020,43790000,0,0,3278251,40.41
05/06/2014,-9000,-130944000,14.6(-1.35 %),1000,14400000,10000,145344000,3287251,40.38
06/06/2014,0,0,14.9(2.05 %),0,0,0,0,3287251,40.38
09/06/2014,-400000,-6113981000,15.5(4.03 %),0,0,400000,6113981000,3687251,39.33
10/06/2014,-5590,-85367000,15.2(-1.94 %),0,0,5590,85367000,3692841,39.32
11/06/2014,-19500,-294687000,15.3(0.66 %),22400,342417000,41900,637104000,3712341,39.27
12/06/2014,52170,812408000,15.6(1.96 %),54050,841580000,1880,29172000,3660171,39.41
13/06/2014,-3100,-48253000,15.5(-0.64 %),0,0,3100,48253000,3663271,39.4
16/06/2014,0,0,15.5(0.00 %),0,0,0,0,3663271,39.4
17/06/2014,0,0,15.5(0.00 %),0,0,0,0,3663271,39.4
18/06/2014,0,0,15.8(1.94 %),0,0,0,0,3663271,39.4
19/06/2014,0,0,15.7(-0.63 %),0,0,0,0,3663271,39.4
20/06/2014,5000,78500000,15.5(-1.27 %),5000,78500000,0,0,3658271,39.41
23/06/2014,23500,364100000,15.4(-0.65 %),23500,364100000,0,0,3634771,39.47
24/06/2014,22220,343156000,15.5(0.65 %),23260,359112000,1040,15956000,3612551,39.53
25/06/2014,51020,809018000,15.8(1.94 %),51020,809018000,0,0,3561531,39.66
26/06/2014,-1000,-15900000,15.8(0.00 %),0,0,1000,15900000,3562531,39.66
27/06/2014,6000,96000000,15.8(0.00 %),6000,96000000,0,0,3556531,39.68
30/06/2014,-1060,-16642000,15.7(-0.63 %),0,0,1060,16642000,3557591,39.67
01/07/2014,0,0,15.5(-1.27 %),0,0,0,0,3573923,39.63
02/07/2014,0,0,16(3.23 %),0,0,0,0,3573923,39.63
03/07/2014,-190000,-3047234000,16.2(1.25 %),0,0,190000,3047234000,3763923,39.13
04/07/2014,-176780,-2872221000,16.1(-0.62 %),100,1620000,176880,2873841000,3940703,38.67
07/07/2014,-330180,-5319562000,16.1(0.00 %),0,0,330180,5319562000,4270883,37.81
08/07/2014,-198330,-3168780000,16(-0.62 %),103000,1648000000,301330,4816780000,4469213,37.29
09/07/2014,-236420,-3789360000,16.1(0.62 %),0,0,236420,3789360000,4705633,36.67
10/07/2014,18000,279852000,16.1(0.00 %),118000,1881700000,100000,1601848000,3939763,38.67
11/07/2014,22080,351723000,16(-0.62 %),27000,430419000,4920,78696000,4124943,0.0
14/07/2014,14190,228840000,16.3(1.88 %),18190,292840000,4000,64000000,4110753,38.22
15/07/2014,-191650,-3073001000,16.2(-0.61 %),10000,162000000,201650,3235001000,4302403,37.72
16/07/2014,-128020,-2063687000,16.2(0.00 %),38000,618100000,166020,2681787000,4596503,0.0
17/07/2014,51090,822549000,16.2(0.00 %),51090,822549000,0,0,4545413,37.09
18/07/2014,-182200,-3026636000,16.9(4.32 %),147800,2467860000,330000,5494496000,4554339,37.06
21/07/2014,-66540,-1127902000,17.1(1.18 %),356000,6058100000,422540,7186002000,4252189,0.0
22/07/2014,-182060,-3085339000,17(-0.58 %),200110,3392170000,382170,6477509000,4218099,0.0
23/07/2014,7420,127484000,16.8(-1.18 %),97090,1633123000,89670,1505639000,4121010,0.0
24/07/2014,0,0,16.8(0.00 %),0,0,0,0,4451010,0.0
25/07/2014,3000,49200000,15.9(-5.36 %),6000,99000000,3000,49800000,4867550,0.0
28/07/2014,98460,1533840000,15.5(-2.52 %),98460,1533840000,0,0,5151260,0.0
29/07/2014,84260,1317123000,15.5(0.00 %),84260,1317123000,0,0,5156670,0.0
30/07/2014,-32610,-505610000,15.5(0.00 %),73090,1140413000,105700,1646023000,5083580,0.0
31/07/2014,-29670,-460195000,15.8(1.94 %),70330,1103705000,100000,1563900000,5016250,0.0
01/08/2014,0,0,15.7(-0.63 %),0,0,0,0,5016250,0.0
04/08/2014,0,0,15.7(0.00 %),0,0,0,0,5016250,0.0
05/08/2014,-238000,-3750950000,15.8(0.64 %),0,0,238000,3750950000,5121950,0.0
06/08/2014,-45000,-714100000,15.8(0.00 %),0,0,45000,714100000,5221950,35.31
07/08/2014,-162000,-2546100000,15.7(-0.63 %),0,0,162000,2546100000,5383950,34.89
08/08/2014,-221000,-3525222000,15.8(0.64 %),0,0,221000,3525222000,5221955,0.0
11/08/2014,5000,80000000,16(1.27 %),5000,80000000,0,0,5454955,0.0
12/08/2014,0,0,16(0.00 %),0,0,0,0,5499955,0.0
13/08/2014,0,0,16.1(0.62 %),0,0,0,0,5661955,0.0
14/08/2014,0,0,16.1(0.00 %),0,0,0,0,5882955,33.58
15/08/2014,0,0,16(-0.62 %),0,0,0,0,5882955,33.58
18/08/2014,-1470,-23667000,16.2(1.25 %),0,0,1470,23667000,5882955,0.0
19/08/2014,0,0,16.2(0.00 %),0,0,0,0,5882955,0.0
20/08/2014,-7650,-123030000,16(-1.23 %),0,0,7650,123030000,5882955,0.0
21/08/2014,0,0,16(0.00 %),0,0,0,0,5882955,0.0
22/08/2014,-10000,-163000000,16.1(0.62 %),0,0,10000,163000000,5884425,33.58
25/08/2014,-500,-8200000,16.3(1.24 %),0,0,500,8200000,5884425,33.58
26/08/2014,-12590,-211994000,16.7(2.45 %),0,0,12590,211994000,5892075,33.56
27/08/2014,0,0,16.5(-1.20 %),0,0,0,0,5892075,33.56
28/08/2014,0,0,16.6(0.61 %),0,0,0,0,5902080,33.53
29/08/2014,-860,-14276000,16.9(1.81 %),0,0,860,14276000,5902580,0.0
03/09/2014,-13730,-235485000,17.4(2.96 %),50550,884515000,64280,1120000000,5915172,33.5
04/09/2014,-58370,-1019224000,17.6(1.15 %),0,0,58370,1019224000,5864622,0.0
05/09/2014,0,0,17.8(1.14 %),0,0,0,0,5864622,0.0
08/09/2014,58330,1036441000,17.7(-0.56 %),63330,1125941000,5000,89500000,5865482,33.63
09/09/2014,0,0,16.8(-5.08 %),0,0,0,0,5866432,33.62
10/09/2014,0,0,17.1(1.79 %),0,0,0,0,5924802,0.0
11/09/2014,-3330,-56277000,16.9(-1.17 %),0,0,3330,56277000,5924802,0.0
12/09/2014,-10000,-170500000,17(0.59 %),0,0,10000,170500000,5929802,0.0
15/09/2014,-13120,-229618000,17.2(1.18 %),90,1557000,13210,231175000,5929802,33.46
16/09/2014,70000,1197500000,17.2(0.00 %),70000,1197500000,0,0,5859712,0.0
17/09/2014,75000,1332129000,17.9(4.07 %),80000,1422129000,5000,90000000,5783042,0.0
18/09/2014,81000,1412600000,17.4(-2.79 %),85000,1483000000,4000,70400000,5708042,0.0
19/09/2014,46150,803730000,17.4(0.00 %),46150,803730000,0,0,5675102,0.0
22/09/2014,82960,1443504000,17.4(0.00 %),89000,1548600000,6040,105096000,5586102,0.0
23/09/2014,308780,5446467000,17.7(1.72 %),314230,5541997000,5450,95530000,5276872,0.0
24/09/2014,63000,1131732000,18.2(2.82 %),92000,1653632000,29000,521900000,5213872,35.33
25/09/2014,178390,3247732000,18.6(2.20 %),183390,3338532000,5000,90800000,5035482,35.8
26/09/2014,-4000,-73600000,18.4(-1.08 %),0,0,4000,73600000,5039482,35.79
29/09/2014,-4000,-72400000,18(-2.17 %),0,0,4000,72400000,5016972,0.0
30/09/2014,95250,1714200000,18(0.00 %),100000,1799230000,4750,85030000,4945972,0.0
01/10/2014,196010,3626940000,18.7(3.89 %),265850,4926370000,69840,1299430000,4685122,0.0
02/10/2014,44080,823600000,18.7(0.00 %),73080,1366600000,29000,543000000,4616042,0.0
03/10/2014,258280,4902101000,19.3(3.21 %),258280,4902101000,0,0,4361762,0.0
06/10/2014,-5720,-116202000,20.6(6.74 %),11680,234038000,17400,350240000,4354832,0.0
07/10/2014,-146690,-3125153000,21.3(3.40 %),18110,387402000,164800,3512555000,4406562,0.0
08/10/2014,650,7667000,20.6(-3.29 %),100650,2089535000,100000,2081868000,4334912,0.0
09/10/2014,12500,289594000,20.4(-0.97 %),154500,3231160000,142000,2941566000,4180420,0.0
10/10/2014,18000,362200000,20(-1.96 %),20000,402000000,2000,39800000,4177820,0.0
13/10/2014,28820,577171000,20(0.00 %),53380,1062194000,24560,485023000,4149000,38.12
14/10/2014,273750,5472465000,19.9(-0.50 %),278900,5576210000,5150,103745000,3875250,38.84
15/10/2014,126880,2519901000,20.2(1.51 %),205650,4070347000,78770,1550446000,3748370,39.17
16/10/2014,317290,6335208000,19.9(-1.49 %),360440,7203338000,43150,868130000,3431080,40.01
17/10/2014,35660,706976000,20.1(1.01 %),36610,725881000,950,18905000,3395420,40.1
20/10/2014,62150,1242971000,20(-0.50 %),80690,1612971000,18540,370000000,3333270,40.26
21/10/2014,35500,713848000,20.6(3.00 %),39940,804948000,4440,91100000,3297770,40.36
22/10/2014,-3700,-75450000,20.4(-0.97 %),300,6150000,4000,81600000,3301470,40.35
23/10/2014,51850,1041050000,20(-1.96 %),57850,1161150000,6000,120100000,3249620,40.48
24/10/2014,83220,1661012000,20(0.00 %),83220,1661012000,0,0,3166400,40.7
27/10/2014,133080,2608688000,19.4(-3.00 %),133080,2608688000,0,0,3033320,41.05
29/10/2014,67860,1325755000,19.7(3.68 %),67860,1325755000,0,0,2965460,41.23
30/10/2014,25160,496064000,19.6(-0.51 %),25160,496064000,0,0,2940300,41.29
31/10/2014,17000,336578000,20(2.04 %),17000,336578000,0,0,2923300,41.34
03/11/2014,-3170,-64742000,20.4(2.00 %),2290,46458000,5460,111200000,3290310,40.38
04/11/2014,97050,1991094000,20.6(0.98 %),100000,2051009000,2950,59915000,3193260,40.63
05/11/2014,2500,51250000,20.5(-0.49 %),2500,51250000,0,0,3190760,40.64
06/11/2014,0,0,20.2(-1.46 %),0,0,0,0,3190760,40.64
07/11/2014,5000,101150000,20.3(0.50 %),6000,121250000,1000,20100000,3185760,40.65
10/11/2014,-6670,-134734000,20.1(-0.99 %),0,0,6670,134734000,3192430,40.63
11/11/2014,18460,367344000,20(-0.50 %),20560,409164000,2100,41820000,3173970,40.68
12/11/2014,0,0,20.1(0.50 %),0,0,0,0,3173970,40.68
13/11/2014,-17800,-356330000,20(-0.50 %),5000,100000000,22800,456330000,3191770,40.63
14/11/2014,33960,673982000,19.8(-1.00 %),48660,966022000,14700,292040000,3157810,40.72
17/11/2014,20620,408040000,19.8(0.00 %),29840,590002000,9220,181962000,3137190,40.78
18/11/2014,-1530,-15582000,19.6(-1.01 %),66000,1293317000,67530,1308899000,3138720,40.77
19/11/2014,28690,554509000,19.1(-2.55 %),45870,885067000,17180,330558000,3110030,40.85
20/11/2014,15290,296310000,19.6(2.62 %),22290,431570000,7000,135260000,2999275,0.0
21/11/2014,52210,1019570000,19.3(-1.53 %),52210,1019570000,0,0,2956285,0.0
24/11/2014,60060,1152000000,19.3(0.00 %),60060,1152000000,0,0,2963755,0.0
25/11/2014,43010,833390000,19.5(1.04 %),43130,835710000,120,2320000,2937805,0.0
26/11/2014,45500,890590000,19.5(0.00 %),46000,900490000,500,9900000,2898805,0.0
27/11/2014,21630,420510000,19.6(0.51 %),21630,420510000,0,0,2877175,0.0
28/11/2014,-6000,-121850000,20.3(3.57 %),0,0,6000,121850000,2877175,0.0
01/12/2014,118100,2424680000,20.6(1.48 %),118100,2424680000,0,0,2759195,0.0
02/12/2014,-4860,-99090000,20.5(-0.49 %),0,0,4860,99090000,2759695,0.0
03/12/2014,4000,82000000,20.3(-0.98 %),4000,82000000,0,0,2755695,0.0
04/12/2014,-30860,-621320000,20(-1.48 %),20000,402000000,50860,1023320000,2741695,0.0
05/12/2014,4370,87010000,20.2(1.00 %),4370,87010000,0,0,2737325,0.0
08/12/2014,27150,542280000,19.9(-1.49 %),28000,559280000,850,17000000,2714185,0.0
09/12/2014,101090,1971280000,19.1(-4.02 %),122090,2372380000,21000,401100000,2592095,0.0
10/12/2014,24200,463910000,19.6(2.62 %),126200,2443210000,102000,1979300000,2516755,0.0
11/12/2014,72600,1426190000,19.5(-0.51 %),108000,2119130000,35400,692940000,2408755,0.0
12/12/2014,76320,1502148000,19.8(1.54 %),119920,2359908000,43600,857760000,2332435,42.89
15/12/2014,-22000,-433270000,19.5(-1.52 %),28000,549450000,50000,982720000,2282685,0.0
16/12/2014,113220,2186120000,19.4(-0.51 %),165000,3185720000,51780,999600000,2219685,0.0
17/12/2014,60200,1119760000,18.6(-4.12 %),60200,1119760000,0,0,2194885,0.0
18/12/2014,0,0,19(2.15 %),0,0,0,0,2238485,0.0
19/12/2014,0,0,18.5(-2.63 %),0,0,0,0,2288485,0.0
22/12/2014,10000,185000000,18.7(1.08 %),10000,185000000,0,0,2278485,43.03
23/12/2014,-10660,-197650000,18.7(0.00 %),0,0,10660,197650000,2330265,0.0
24/12/2014,114150,2159370000,19.2(2.67 %),114150,2159370000,0,0,2216115,0.0
25/12/2014,1000,18700000,19(-1.04 %),1000,18700000,0,0,2215115,0.0
26/12/2014,128570,2432053000,18.9(-0.53 %),138570,2621053000,10000,189000000,2086545,43.53
29/12/2014,95340,1771450000,18.5(-2.12 %),95340,1771450000,0,0,1991205,43.78
30/12/2014,153650,2910621000,19.1(3.24 %),158650,3005621000,5000,95000000,1837555,44.18
31/12/2014,22500,438679000,19.4(1.57 %),22500,438679000,0,0,1815055,44.24
05/01/2015,70550,1411448000,20.1(3.61 %),70550,1411448000,0,0,1750165,44.41
06/01/2015,0,0,20(-0.50 %),0,0,0,0,1750165,44.41
07/01/2015,0,0,20(0.00 %),0,0,0,0,1750165,44.41
08/01/2015,0,0,20(0.00 %),0,0,0,0,1750165,44.41
09/01/2015,-20370,-407100000,20(0.00 %),250,5000000,20620,412100000,1770535,44.36
12/01/2015,-18150,-358757000,19.7(-1.50 %),0,0,18150,358757000,1788685,44.31
13/01/2015,-20000,-393700000,19.8(0.51 %),0,0,20000,393700000,1808685,44.26
14/01/2015,31470,537830000,17.4(1.75 %),59450,1015990000,27980,478160000,1777215,44.34
15/01/2015,2920,50758000,17.4(0.00 %),19920,343486000,17000,292728000,1774295,44.35
16/01/2015,3020,52568000,17.4(0.00 %),17020,296148000,14000,243580000,1771275,44.36
19/01/2015,22510,388648000,17.2(-1.15 %),34510,595572000,12000,206924000,1748765,44.42
20/01/2015,16770,287623000,17.2(0.00 %),41670,714607000,24900,426984000,1731995,44.46
21/01/2015,88950,1531444000,17.2(0.00 %),140950,2426644000,52000,895200000,1643045,44.69
22/01/2015,88230,1522683000,17.5(1.74 %),162380,2798748000,74150,1276065000,1554815,44.92
23/01/2015,48650,851375000,17.6(0.57 %),48650,851375000,0,0,1506165,45.05
26/01/2015,5190,94458000,18.3(3.98 %),5190,94458000,0,0,1500975,45.07
27/01/2015,-1000,-18700000,18(-1.64 %),0,0,1000,18700000,1501975,45.06
28/01/2015,-1290,-22962000,18.3(1.67 %),0,0,1290,22962000,1503265,45.06
29/01/2015,3000,53200000,17.9(-2.19 %),3000,53200000,0,0,1500265,45.07
30/01/2015,62720,1122688000,18.2(1.68 %),62720,1122688000,0,0,1437545,45.23
02/02/2015,5300,95930000,18.1(-0.55 %),5300,95930000,0,0,1435955,45.24
03/02/2015,99670,1783086000,18(-0.55 %),99770,1784896000,100,1810000,1336285,45.5
04/02/2015,159560,2867599000,18.1(0.56 %),164750,2960700000,5190,93101000,1176725,45.92
05/02/2015,99390,1801220000,18.4(1.66 %),100490,1821130000,1100,19910000,1077335,46.18
06/02/2015,82760,1539714000,18.7(1.63 %),84650,1574490000,1890,34776000,994575,46.39
09/02/2015,44540,843489000,19(1.60 %),44540,843489000,0,0,950035,46.51
10/02/2015,46170,876919000,19(0.00 %),46170,876919000,0,0,903865,46.63
11/02/2015,35630,680885000,19.2(1.05 %),35630,680885000,0,0,868235,46.72
12/02/2015,86000,1643100000,19.2(0.00 %),86000,1643100000,0,0,782235,46.95
13/02/2015,13830,264290000,19.3(0.52 %),18830,359790000,5000,95500000,768405,46.99
24/02/2015,20840,395573000,19.4(0.52 %),50000,960000000,29160,564427000,747565,47.04
25/02/2015,60110,1149507000,18.9(-2.58 %),222540,4270132000,162430,3120625000,687455,47.2
26/02/2015,29850,564003000,19.1(1.06 %),30060,567987000,210,3984000,657605,47.28
27/02/2015,23480,446120000,19(-0.52 %),184900,3513100000,161420,3066980000,634125,47.49
02/03/2015,54770,1035153000,18.9(-0.53 %),54770,1035153000,0,0,437703,47.96
03/03/2015,-11040,-214881000,19.2(1.59 %),38030,721767000,49070,936648000,448743,47.93
04/03/2015,87450,1670131000,19.1(-0.52 %),105000,2005500000,17550,335369000,361293,48.14
05/03/2015,58770,1113401000,19(-0.52 %),64490,1222310000,5720,108909000,302523,48.28
06/03/2015,-17480,-325115000,18.7(-1.58 %),15000,284500000,32480,609615000,320003,48.24
09/03/2015,50310,933131000,18.5(-1.07 %),56330,1045105000,6020,111974000,269693,48.36
10/03/2015,-800,-11956000,18.2(-1.62 %),188800,3457894000,189600,3469850000,270493,48.36
11/03/2015,0,0,18.4(1.10 %),0,0,0,0,270493,48.36
12/03/2015,59300,1091120000,18.5(0.54 %),59300,1091120000,0,0,211193,48.5
13/03/2015,13410,250039000,18.7(1.08 %),34280,636772000,20870,386733000,197783,48.53
16/03/2015,156650,2931969000,18.7(0.00 %),157990,2956839000,1340,24870000,41133,48.9
17/03/2015,-2480,-46620000,18.7(0.00 %),2090,38665000,4570,85285000,43613,48.9
18/03/2015,110820,2076354000,18.8(0.53 %),130320,2437104000,19500,360750000,0,49.16
19/03/2015,19290,363655000,18.9(0.53 %),22120,416293000,2830,52638000,209328,48.5
20/03/2015,90430,1703702000,18.8(-0.53 %),90750,1709720000,320,6018000,118898,48.72
23/03/2015,81720,1532538000,18.8(0.00 %),83220,1560588000,1500,28050000,37178,48.91
24/03/2015,36560,676990000,18.4(-2.13 %),60760,1126060000,24200,449070000,618,49.0
25/03/2015,36560,676990000,18.2(-1.09 %),60760,1126060000,24200,449070000,0,49.09
26/03/2015,0,0,18.2(0.00 %),0,0,0,0,358,49.0
27/03/2015,-2220,-40257000,18(-1.10 %),400,7240000,2620,47497000,2578,48.99
30/03/2015,24080,434907000,17.8(-1.11 %),153160,2911135000,129080,2476228000,0,49.05
31/03/2015,-1150,-20470000,18.1(1.69 %),0,0,1150,20470000,4671,48.99
01/04/2015,2810,49997000,17.5(-3.31 %),3600,63980000,790,13983000,1071,49.0
02/04/2015,3100,54250000,17.7(1.14 %),3100,54250000,0,0,0,49.0
03/04/2015,0,0,17.6(-0.56 %),0,0,0,0,2184,48.99
06/04/2015,0,0,17.7(0.57 %),0,0,0,0,2184,48.99
07/04/2015,-5620,-100658000,17.8(0.56 %),0,0,5620,100658000,7804,48.98
08/04/2015,3800,68020000,17.9(0.56 %),3800,68020000,0,0,4004,48.99
09/04/2015,300,5460000,18(0.56 %),300,5460000,0,0,3704,48.99
10/04/2015,-7750,-139594000,18(0.00 %),0,0,7750,139594000,11454,48.97
13/04/2015,-101130,-1791712000,17.6(-2.22 %),5640,100956000,106770,1892668000,112584,48.73
14/04/2015,0,0,17.6(0.00 %),0,0,0,0,112584,48.73
15/04/2015,-48000,-825529000,17.3(-1.70 %),0,0,48000,825529000,160584,48.62
16/04/2015,6870,120388000,17.4(0.58 %),264750,4613411000,257880,4493023000,153714,48.63
17/04/2015,63000,1124727000,17.9(2.87 %),63000,1124727000,0,0,90714,48.78
20/04/2015,43770,780976000,17.9(0.00 %),43770,780976000,0,0,46944,48.89
21/04/2015,6000,107400000,17.6(-1.68 %),6000,107400000,0,0,40944,48.9
22/04/2015,4930,86028000,17.5(-0.57 %),7400,129700000,2470,43672000,36014,48.91
23/04/2015,25420,444850000,17.2(-1.71 %),35480,620900000,10060,176050000,10594,48.97
24/04/2015,0,0,17.3(0.58 %),0,0,0,0,10594,48.97
27/04/2015,0,0,16.9(-2.31 %),0,0,0,0,10594,48.97
04/05/2015,1800,30960000,16.6(-1.78 %),1800,30960000,0,0,674,49.0
05/05/2015,10730,176753000,16.3(-1.81 %),10730,176753000,0,0,0,49.02
06/05/2015,0,0,16(-1.84 %),0,0,0,0,4,48.79
07/05/2015,0,0,16.2(1.25 %),0,0,0,0,4,48.79
08/05/2015,-5940,-96405000,16.3(0.62 %),0,0,5940,96405000,5944,48.78
11/05/2015,-11000,-179300000,16.1(-1.23 %),100000,1680000000,111000,1859300000,16944,48.75
12/05/2015,-6510,-104160000,16(-0.62 %),0,0,6510,104160000,23454,48.74
13/05/2015,0,0,16.1(0.62 %),0,0,0,0,23454,48.74
14/05/2015,4930,79373000,16.1(0.00 %),4930,79373000,0,0,18524,48.75
15/05/2015,-530,-7748000,15.8(-1.86 %),12020,195167000,12550,202915000,19054,48.75
18/05/2015,-12000,-182700000,15.2(-3.80 %),0,0,12000,182700000,31054,48.72
19/05/2015,-11230,-172442000,15.2(0.00 %),253991,3987128000,265221,4159570000,42284,48.69
20/05/2015,-18000,-280350000,15.7(3.29 %),5000,79000000,23000,359350000,60284,48.65
21/05/2015,-8200,-129600000,15.7(0.00 %),0,0,8200,129600000,68484,48.63
22/05/2015,-4710,-76880000,16.2(3.18 %),25290,408650000,30000,485530000,73194,48.62
25/05/2015,-6000,-93491000,16.2(0.00 %),12000,199890000,18000,293381000,79194,48.6
26/05/2015,-10150,-174020000,16.9(4.32 %),23000,381055000,33150,555075000,89344,48.58
27/05/2015,-13790,-229703000,16.6(-1.78 %),5710,96299000,19500,326002000,103134,48.55
28/05/2015,6000,102449000,16.9(1.81 %),30000,508949000,24000,406500000,97134,48.56
29/05/2015,-15190,-252842000,16.6(-1.78 %),1190,19873000,16380,272715000,112324,48.52
01/06/2015,-135670,-2254703000,16.3(-1.81 %),48000,793900000,183670,3048603000,4451,48.78
02/06/2015,-56400,-904757000,15.9(-2.45 %),7790,124361000,64190,1029118000,60851,48.65
03/06/2015,-60320,-965438000,16(0.63 %),8580,136422000,68900,1101860000,121171,48.5
04/06/2015,-124690,-1992400000,16.1(0.62 %),0,0,124690,1992400000,245861,48.21
05/06/2015,-32590,-526859000,16.3(1.24 %),5000,80500000,37590,607359000,278451,48.13
08/06/2015,0,0,16.3(0.00 %),0,0,0,0,278451,48.13
09/06/2015,24070,390490000,16.4(0.61 %),31000,502756000,6930,112266000,254381,48.19
10/06/2015,15200,249280000,16.4(0.00 %),15200,249280000,0,0,239181,48.22
11/06/2015,-50,-845000,17(3.66 %),0,0,50,845000,239231,48.22
12/06/2015,0,0,17.5(2.94 %),0,0,0,0,239231,48.22
15/06/2015,0,0,17.1(-2.29 %),0,0,0,0,239231,48.22
16/06/2015,-2820,-47940000,16.7(-2.34 %),0,0,2820,47940000,242051,48.22
17/06/2015,27900,471398000,16.9(1.20 %),29200,492848000,1300,21450000,214151,48.28
18/06/2015,19700,333200000,17(0.59 %),20800,351790000,1100,18590000,194451,48.33
19/06/2015,1920,32256000,17(0.00 %),1920,32256000,0,0,192531,48.33
22/06/2015,4000,68100000,16.8(-1.18 %),17000,287100000,13000,219000000,188531,48.34
23/06/2015,-120,-2016000,16.7(-0.60 %),100000,1679300000,100120,1681316000,188651,48.34
24/06/2015,-10630,-177521000,16.7(0.00 %),0,0,10630,177521000,199281,48.32
25/06/2015,0,0,16.5(-1.20 %),0,0,0,0,199281,48.32
26/06/2015,-2940,-48825000,16.7(1.21 %),0,0,2940,48825000,202221,48.31
29/06/2015,4980,83164000,16.8(0.60 %),5000,83500000,20,336000,197241,48.32
30/06/2015,9980,168376000,16.8(0.00 %),18000,302400000,8020,134024000,187261,48.35
01/07/2015,16410,274047000,16.7(-0.60 %),16410,274047000,0,0,403430,47.83
02/07/2015,24910,417519000,16.7(0.00 %),27060,453209000,2150,35690000,378520,48.1
03/07/2015,1200,20140000,16.7(0.00 %),1200,20140000,0,0,377320,48.1
06/07/2015,41500,701500000,17.2(2.99 %),41500,701500000,0,0,335820,48.2
07/07/2015,-1290,-21930000,16.9(-1.74 %),0,0,1290,21930000,337110,48.2
08/07/2015,-2470,-41193000,16.9(0.00 %),1530,26007000,4000,67200000,339580,48.19
09/07/2015,10550,177240000,16.8(-0.59 %),10550,177240000,0,0,329030,48.22
10/07/2015,11500,193200000,16.7(-0.60 %),14500,243600000,3000,50400000,317530,48.24
13/07/2015,0,0,17(1.80 %),0,0,0,0,317530,48.24
14/07/2015,-85940,-1457980000,17(0.00 %),6130,103710000,92070,1561690000,403470,48.04
15/07/2015,-89380,-1495687000,16.6(-2.35 %),30,510000,89410,1496197000,492850,47.83
16/07/2015,-382360,-6193446000,16.3(-1.81 %),6000,96000000,388360,6289446000,875210,46.91
17/07/2015,0,0,16.4(0.61 %),0,0,0,0,875210,46.91
20/07/2015,0,0,16.5(0.61 %),0,0,0,0,875210,46.91
21/07/2015,-6940,-111828000,16.1(-2.42 %),0,0,6940,111828000,882150,46.9
22/07/2015,-16180,-260811000,16.1(0.00 %),0,0,16180,260811000,898330,46.86
23/07/2015,-14560,-234418000,16.1(0.00 %),0,0,14560,234418000,912890,46.82
24/07/2015,-1030,-16556000,16.1(0.00 %),270,4374000,1300,20930000,913920,46.82
27/07/2015,-98490,-1582639000,16(-0.62 %),2000,32000000,100490,1614639000,1012410,46.59
28/07/2015,0,0,16(0.00 %),0,0,0,0,1012410,46.59
29/07/2015,-100,-1600000,16(0.00 %),0,0,100,1600000,1012510,46.59
30/07/2015,-60290,-964640000,16(0.00 %),0,0,60290,964640000,1072800,46.44
31/07/2015,-44110,-705960000,16(0.00 %),1000,15950000,45110,721910000,1116910,46.34
03/08/2015,-50310,-799960000,15.9(-0.62 %),0,0,50310,799960000,1022395,46.56
04/08/2015,-56460,-892710000,15.8(-0.63 %),0,0,56460,892710000,1078855,46.43
05/08/2015,-10000,-160000000,16(1.27 %),0,0,10000,160000000,1088855,46.41
06/08/2015,-72220,-1154960000,16(0.00 %),0,0,72220,1154960000,1161075,46.23
07/08/2015,-1000,-16000000,16(0.00 %),0,0,1000,16000000,1162075,46.23
10/08/2015,-3000,-47700000,15.9(-0.62 %),0,0,3000,47700000,1165075,46.22
11/08/2015,-7000,-111300000,16(0.63 %),0,0,7000,111300000,1172075,46.21
12/08/2015,0,0,15.6(-2.50 %),0,0,0,0,1172075,46.21
13/08/2015,0,0,15.2(-2.56 %),0,0,0,0,1172075,46.21
14/08/2015,50,770000,15.6(2.63 %),50,770000,0,0,1172025,46.21
17/08/2015,0,0,15.2(-2.56 %),0,0,0,0,1172025,46.21
18/08/2015,0,0,15.4(1.32 %),0,0,0,0,1172025,46.21
19/08/2015,0,0,15.4(0.00 %),0,0,0,0,1172025,46.21
20/08/2015,-23490,-357080000,15.2(-1.30 %),0,0,23490,357080000,1195515,46.15
21/08/2015,0,0,14.9(-1.97 %),0,0,0,0,1195515,46.15
24/08/2015,-480,-6720000,14.9(0.00 %),0,0,480,6720000,1195995,46.15
25/08/2015,2000,29600000,14.5(-2.68 %),2000,29600000,0,0,1193995,46.15
26/08/2015,-23000,-336650000,14.7(1.38 %),2000,29200000,25000,365850000,1216995,46.1
27/08/2015,0,0,14.7(0.00 %),2000,29600000,2000,29600000,1216995,46.1
28/08/2015,1220,18440000,15(2.04 %),1220,18440000,0,0,1215775,46.1
31/08/2015,0,0,14.2(-5.33 %),0,0,0,0,1215775,46.1
01/09/2015,100,1440000,14.2(0.00 %),100,1440000,0,0,1369496,45.74
03/09/2015,2200,30960000,14.2(0.00 %),2200,30960000,0,0,1367296,45.74
04/09/2015,-27760,-388640000,14(-1.41 %),0,0,27760,388640000,1395056,45.68
07/09/2015,-11390,-159460000,14(0.00 %),0,0,11390,159460000,1406446,45.65
08/09/2015,0,0,14.2(1.43 %),0,0,0,0,1406446,45.65
09/09/2015,-2820,-39760000,14.3(0.70 %),0,0,2820,39760000,1409266,45.64
10/09/2015,-69900,-981420000,14(-2.10 %),100,1400000,70000,982820000,1479166,45.48
11/09/2015,-50000,-691050000,13.9(-0.71 %),0,0,50000,691050000,1529166,45.36
14/09/2015,0,0,13.6(-2.16 %),0,0,0,0,1529166,45.36
15/09/2015,0,0,13.8(1.47 %),0,0,0,0,1529166,45.36
16/09/2015,2500,33500000,13.4(-2.90 %),2500,33500000,0,0,1526666,45.36
17/09/2015,0,0,13.7(2.24 %),0,0,0,0,1526666,45.36
18/09/2015,20000,279110000,14(2.19 %),50000,699110000,30000,420000000,1506666,45.41
21/09/2015,2570,36240000,14(0.00 %),2570,36240000,0,0,1504096,45.42
22/09/2015,0,0,13.9(-0.71 %),0,0,0,0,1504096,45.42
23/09/2015,0,0,13.8(-0.72 %),0,0,0,0,1504096,45.42
24/09/2015,0,0,13.8(0.00 %),0,0,0,0,1504096,45.42
25/09/2015,0,0,13.9(0.72 %),0,0,0,0,1504096,45.42
28/09/2015,0,0,13.5(-2.88 %),501230,6816730000,501230,6816730000,1504096,45.42
29/09/2015,0,0,13.8(2.22 %),0,0,0,0,1504096,45.42
30/09/2015,-51010,-690490000,13.4(-2.90 %),0,0,51010,690490000,1555106,45.29
01/10/2015,-1320,-17950000,13.5(0.75 %),0,0,1320,17950000,1506097,45.41
02/10/2015,0,0,13.5(0.00 %),0,0,0,0,1506097,45.41
05/10/2015,-20600,-274070000,13.5(0.00 %),49400,661930000,70000,936000000,1526697,45.36
06/10/2015,0,0,14(3.70 %),0,0,0,0,1526697,45.36
07/10/2015,0,0,13.8(-1.43 %),0,0,0,0,1526697,45.36
08/10/2015,-1130,-15590000,14.4(4.35 %),0,0,1130,15590000,1527827,45.36
09/10/2015,57900,837340000,14.6(1.39 %),60000,867600000,2100,30260000,1469927,45.5
12/10/2015,220,3120000,14.5(-0.68 %),500,7100000,280,3980000,1469707,45.5
13/10/2015,40000,578500000,15(3.45 %),40000,578500000,0,0,1429707,45.59
14/10/2015,-59580,-863910000,14.5(-3.33 %),0,0,59580,863910000,1489287,45.45
15/10/2015,140,2030000,14.5(0.00 %),140,2030000,0,0,1489147,45.45
16/10/2015,-40620,-584930000,14.4(-0.69 %),250,3600000,40870,588530000,1529767,45.35
19/10/2015,-61710,-874450000,14(-2.78 %),1200,16840000,62910,891290000,1591477,45.21
20/10/2015,-42160,-586060000,13.9(-0.71 %),540000,7406000000,582160,7992060000,1633637,45.11
21/10/2015,-48190,-669840000,13.9(0.00 %),200,2780000,48390,672620000,1681827,44.99
22/10/2015,-74140,-1036410000,13.9(0.00 %),500,7000000,74640,1043410000,1755967,44.82
23/10/2015,0,0,13.9(0.00 %),0,0,0,0,1755967,44.82
26/10/2015,-65790,-915800000,13.9(0.00 %),3000,41700000,68790,957500000,1821757,44.66
27/10/2015,-64960,-906150000,13.9(0.00 %),0,0,64960,906150000,1886717,44.5
28/10/2015,-82910,-1146950000,13.9(0.00 %),0,0,82910,1146950000,1969627,44.31
29/10/2015,-68410,-948660000,13.8(-0.72 %),0,0,68410,948660000,2038037,44.14
30/10/2015,-30660,-423140000,13.8(0.00 %),300,4110000,30960,427250000,2068697,44.07
02/11/2015,-61920,-848860000,13.7(-0.72 %),50000,680000000,111920,1528860000,1888755,44.5
03/11/2015,-73330,-1011950000,13.8(0.73 %),0,0,73330,1011950000,1962085,44.32
04/11/2015,-106210,-1522160000,14.3(3.62 %),0,0,106210,1522160000,2068295,44.07
05/11/2015,-84570,-1202870000,14.1(-1.40 %),0,0,84570,1202870000,2152865,43.87
06/11/2015,-54290,-757040000,13.9(-1.42 %),100000,1390000000,154290,2147040000,2207155,43.74
09/11/2015,-34090,-469350000,13.7(-1.44 %),54100,744380000,88190,1213730000,2241245,43.66
10/11/2015,0,0,13.7(0.00 %),0,0,0,0,2241245,43.66
11/11/2015,0,0,13.8(0.73 %),0,0,0,0,2241245,43.66
12/11/2015,0,0,14(1.45 %),0,0,0,0,2241245,43.66
13/11/2015,-60000,-828170000,13.6(-2.86 %),0,0,60000,828170000,2301245,43.52
16/11/2015,-71540,-980250000,14(2.94 %),0,0,71540,980250000,2372785,43.35
17/11/2015,-41460,-574360000,13.8(-1.43 %),0,0,41460,574360000,2414245,43.25
18/11/2015,-40070,-554860000,13.7(-0.72 %),90,1260000,40160,556120000,2454315,43.15
19/11/2015,-1100,-14960000,13.9(1.46 %),0,0,1100,14960000,2455415,43.15
20/11/2015,0,0,13.8(-0.72 %),0,0,0,0,2455415,43.15
23/11/2015,0,0,14(1.45 %),0,0,0,0,2455415,43.15
24/11/2015,-81520,-1119650000,13.7(-2.14 %),0,0,81520,1119650000,2748518,42.45
25/11/2015,-240750,-3278130000,13.6(-0.73 %),0,0,240750,3278130000,2749618,42.45
26/11/2015,-101060,-1387330000,13.8(1.47 %),2000,27400000,103060,1414730000,2747623,42.45
27/11/2015,2000,27800000,13.8(0.00 %),2000,27800000,0,0,2745623,42.46
30/11/2015,30,410000,13.5(-2.17 %),30,410000,0,0,2827113,42.26
01/12/2015,5100,68850000,13.5(0.00 %),5100,68850000,0,0,3062763,41.7
02/12/2015,0,0,13.7(1.48 %),0,0,0,0,3165823,41.46
03/12/2015,0,0,13.7(0.00 %),0,0,0,0,3165823,41.46
04/12/2015,0,0,13.6(-0.73 %),0,0,0,0,3165823,41.46
07/12/2015,-750,-11700000,13.5(-0.74 %),9000,120900000,9750,132600000,3156823,41.48
08/12/2015,-22100,-298370000,13.6(0.74 %),0,0,22100,298370000,3156823,41.48
09/12/2015,-13940,-188360000,13.6(0.00 %),2433830,33343470000,2447770,33531830000,3156823,41.48
10/12/2015,-1320,-17660000,13.4(-1.47 %),1100,14960000,2420,32620000,3155723,41.48
11/12/2015,26000,350700000,13.4(0.00 %),26000,350700000,0,0,3139473,41.52
14/12/2015,63500,838650000,13.3(-0.75 %),90000,1189000000,26500,350350000,3071573,41.68
15/12/2015,0,0,13.6(2.26 %),0,0,0,0,3085513,41.65
16/12/2015,-1190,-16300000,13.5(-0.74 %),0,0,1190,16300000,3087940,41.64
17/12/2015,-19100,-260350000,13.5(0.00 %),0,0,19100,260350000,3087940,41.64
18/12/2015,-16500,-221100000,13.4(-0.74 %),0,0,16500,221100000,3114447,41.58
21/12/2015,-1390,-18630000,13.4(0.00 %),0,0,1390,18630000,3114447,41.58
22/12/2015,-5000,-67000000,13.4(0.00 %),0,0,5000,67000000,3115637,41.58
23/12/2015,-4870,-64770000,13.2(-1.49 %),0,0,4870,64770000,3134737,41.53
24/12/2015,0,0,13.4(1.52 %),0,0,0,0,3151238,41.49
25/12/2015,0,0,13.5(0.75 %),0,0,0,0,3152628,41.49
28/12/2015,0,0,13.4(-0.74 %),0,0,0,0,3157628,41.48
29/12/2015,0,0,13.4(0.00 %),0,0,0,0,3162498,41.46
30/12/2015,100,1350000,13.7(2.24 %),200,2720000,100,1370000,3162298,41.46
31/12/2015,-30,-410000,13.8(0.73 %),0,0,30,410000,3162298,41.46
04/01/2016,-7500,-102000000,13.4(-2.90 %),0,0,7500,102000000,3162298,41.46
05/01/2016,9500,128110000,13.5(0.75 %),9500,128110000,0,0,3152798,41.49
06/01/2016,-830,-11110000,13.7(1.48 %),100,1350000,930,12460000,3152798,41.49
07/01/2016,-1560,-21060000,13.4(-2.19 %),0,0,1560,21060000,3160328,41.47
08/01/2016,26120,345280000,13.2(-1.49 %),34920,461440000,8800,116160000,3125408,41.55
11/01/2016,100,1330000,13.3(0.76 %),100,1330000,0,0,3126238,41.55
12/01/2016,31900,422820000,13.2(-0.75 %),39500,523900000,7600,101080000,3088298,41.64
13/01/2016,72100,947540000,13(-1.52 %),72100,947540000,0,0,3024998,41.79
14/01/2016,37160,476670000,13(0.00 %),37160,476670000,0,0,2987838,41.88
15/01/2016,3200,41420000,12.6(-3.08 %),177526,2239910000,174326,2198490000,2982250,41.89
18/01/2016,3000,37500000,12.3(-2.38 %),3000,37500000,0,0,2979250,41.9
19/01/2016,0,0,12.6(2.44 %),0,0,0,0,2979250,41.9
20/01/2016,0,0,12.6(0.24 %),0,0,0,0,2989240,41.88
21/01/2016,-2500,-32250000,12.6(0.00 %),7500,93750000,10000,126000000,2981740,41.89
22/01/2016,2000,25800000,12.6(0.00 %),6000,76200000,4000,50400000,2975740,41.91
25/01/2016,-130,-1600000,13(3.17 %),0,0,130,1600000,2985240,41.89
26/01/2016,500,6340000,12.6(-3.08 %),1430,17970000,930,11630000,2984310,41.89
27/01/2016,0,0,13(3.17 %),0,0,0,0,2988310,41.88
28/01/2016,0,0,12.8(-1.54 %),0,0,0,0,2988440,41.88
29/01/2016,0,0,13(1.56 %),0,0,0,0,2989370,41.88
01/02/2016,0,0,12.8(-1.54 %),0,0,0,0,2989370,41.88
02/02/2016,-3760,-47750000,13(1.56 %),0,0,3760,47750000,2989370,41.88
03/02/2016,5500,71500000,13(0.00 %),5500,71500000,0,0,2983870,41.89
04/02/2016,-18000,-234180000,12.9(-0.77 %),0,0,18000,234180000,2983870,41.89
05/02/2016,-16000,-207310000,12.9(0.00 %),0,0,16000,207310000,2987630,41.88
15/02/2016,-1400,-17920000,13(0.78 %),0,0,1400,17920000,2987630,41.88
16/02/2016,100,1300000,13(0.00 %),100,1300000,0,0,3005530,41.84
17/02/2016,-10,-130000,13(0.00 %),0,0,10,130000,3021530,41.8
18/02/2016,0,0,13.1(0.77 %),0,0,0,0,3022930,41.8
19/02/2016,0,0,13(-0.76 %),0,0,0,0,3022930,41.8
22/02/2016,0,0,13(0.00 %),0,0,0,0,3022940,41.8
23/02/2016,1950,25740000,13.1(0.77 %),2000,26400000,50,660000,3020940,41.8
24/02/2016,500,6400000,12.7(0.79 %),500,6400000,0,0,3020440,41.8
25/02/2016,-156900,-1992630000,12.6(-0.79 %),0,0,156900,1992630000,3020440,41.8
26/02/2016,-65000,-816950000,12.6(0.00 %),0,0,65000,816950000,3020490,41.8
29/02/2016,-6450,-81750000,12.8(1.59 %),0,0,6450,81750000,3020490,41.8
01/03/2016,0,0,12.6(-1.56 %),0,0,0,0,3177390,41.43
02/03/2016,-39700,-497060000,12.5(-0.79 %),0,0,39700,497060000,3242390,41.27
03/03/2016,-76000,-955700000,12.5(0.00 %),0,0,76000,955700000,3248840,41.26
04/03/2016,0,0,12.7(1.60 %),0,0,0,0,3248840,41.26
07/03/2016,-900,-11340000,12.9(1.57 %),0,0,900,11340000,3288540,41.16
08/03/2016,28410,360340000,13.1(1.55 %),30000,381000000,1590,20660000,3334540,41.05
09/03/2016,-105800,-1365810000,12.9(-1.53 %),0,0,105800,1365810000,3334540,41.05
10/03/2016,-6070,-80170000,12.9(0.00 %),19610,249050000,25680,329220000,3315830,41.1
11/03/2016,63410,811210000,12.8(-0.78 %),63410,811210000,0,0,3254010,41.25
14/03/2016,101010,1294130000,12.8(0.00 %),120000,1534310000,18990,240180000,3239810,41.28
15/03/2016,1000,12600000,12.7(-0.78 %),1000,12600000,0,0,3264490,41.22
16/03/2016,-40,-510000,12.8(0.79 %),0,0,40,510000,3264490,41.22
17/03/2016,-1170,-14740000,12.7(-0.78 %),0,0,1170,14740000,3283480,41.18
18/03/2016,-55770,-696620000,12.7(0.00 %),19230,243310000,75000,939930000,3264252,41.22
21/03/2016,-79060,-997160000,12.3(-3.15 %),140000,1748000000,219060,2745160000,3124292,41.55
22/03/2016,-322140,-4013250000,12.5(1.63 %),0,0,322140,4013250000,3125462,41.55
23/03/2016,-20000,-250420000,12.5(0.00 %),0,0,20000,250420000,3200462,41.37
24/03/2016,60000,748520000,12.5(0.00 %),60000,748520000,0,0,3359522,40.99
25/03/2016,3562945,46611680000,13(4.00 %),3589945,46950480000,27000,338800000,91726,48.78
28/03/2016,13500,178550000,13.2(1.54 %),20000,264500000,6500,85950000,91726,48.78
29/03/2016,-500,-6550000,13.1(-0.76 %),0,0,500,6550000,91726,48.78
30/03/2016,-610,-8530000,13.1(0.00 %),6000,77400000,6610,85930000,112726,48.73
31/03/2016,10,130000,12.8(-2.29 %),1000,12800000,990,12670000,118226,48.72
01/04/2016,1800,22660000,12.5(-2.34 %),1800,22660000,0,0,116926,48.72
04/04/2016,0,0,12.5(0.00 %),0,0,0,0,123536,48.71
05/04/2016,0,0,12.7(1.60 %),0,0,0,0,124526,48.7
06/04/2016,-170,-2180000,12.7(0.00 %),0,0,170,2180000,124526,48.7
07/04/2016,45170,573660000,12.7(0.00 %),55000,698500000,9830,124840000,69526,48.83
08/04/2016,1000,12700000,12.6(-0.79 %),1000,12700000,0,0,68526,48.84
11/04/2016,-108350,-1433100000,13.1(3.97 %),1000,12500000,109350,1445600000,67696,48.84
12/04/2016,-1200,-15840000,13(-0.76 %),0,0,1200,15840000,77526,48.82
13/04/2016,-65380,-893880000,13.9(6.92 %),0,0,65380,893880000,77526,48.82
14/04/2016,-7050,-100820000,14.3(2.88 %),0,0,7050,100820000,186876,48.55
15/04/2016,-1100,-15950000,14(-2.10 %),0,0,1100,15950000,188076,48.55
19/04/2016,-52560,-705500000,13.8(-1.43 %),0,0,52560,705500000,253456,48.4
20/04/2016,3000,40500000,13.6(-1.45 %),3000,40500000,0,0,257514,48.39
21/04/2016,26730,366550000,13.9(2.21 %),26730,366550000,0,0,231884,48.45
22/04/2016,2000,27530000,14.1(1.44 %),2000,27530000,0,0,282444,48.33
25/04/2016,3140,44330000,14(-0.71 %),5000,70000000,1860,25670000,277444,48.34
26/04/2016,0,0,14(0.00 %),0,0,0,0,277444,48.34
27/04/2016,0,0,13.8(-1.43 %),0,0,0,0,277444,48.34
28/04/2016,490,6760000,13.8(0.00 %),500,6900000,10,140000,278804,48.34
29/04/2016,-9990,-135350000,13.8(0.00 %),0,0,9990,135350000,278804,48.34
04/05/2016,0,0,13.8(0.00 %),0,0,0,0,3923971,62.73
05/05/2016,800,10800000,13.7(-0.72 %),800,10800000,0,0,3923181,42.64
06/05/2016,-113730,-1519550000,13.6(-0.73 %),0,0,113730,1519550000,3933171,42.63
09/05/2016,-70000,-937000000,13.5(-0.74 %),0,0,70000,937000000,3933171,42.63
10/05/2016,-2000,-26800000,13.5(0.00 %),0,0,2000,26800000,3933171,42.63
11/05/2016,-2000,-26600000,13.3(-1.48 %),0,0,2000,26600000,4046901,42.44
12/05/2016,0,0,13.4(0.75 %),0,0,0,0,4116901,42.33
13/05/2016,-2500,-33950000,13.5(0.75 %),3000,40300000,5500,74250000,4115901,42.33
16/05/2016,-106680,-1420620000,13.3(-1.48 %),0,0,106680,1420620000,4117901,42.33
17/05/2016,-216000,-2878900000,13.6(2.26 %),0,0,216000,2878900000,4117901,42.33
18/05/2016,-203000,-2734450000,13.3(-2.21 %),0,0,203000,2734450000,4123401,42.32
19/05/2016,-3000,-39900000,13.5(1.50 %),0,0,3000,39900000,4230081,42.15
20/05/2016,0,0,13.4(-0.74 %),0,0,0,0,4446081,41.8
23/05/2016,0,0,13.5(0.75 %),0,0,0,0,4649081,41.47
24/05/2016,31680,429370000,13.9(2.96 %),33410,452730000,1730,23360000,4618671,41.52
25/05/2016,50,700000,13.9(0.00 %),50,700000,0,0,4618621,41.52
26/05/2016,56720,771380000,13.7(-1.44 %),56800,772480000,80,1100000,4561821,41.61
27/05/2016,0,0,13.6(-0.73 %),0,0,0,0,4563551,41.61
30/05/2016,-95000,-1304111000,13.7(0.74 %),5000,70000000,100000,1374111000,4658551,41.45
31/05/2016,100,1370000,13.7(0.00 %),100,1370000,0,0,4658451,41.45
01/06/2016,0,0,13.7(0.00 %),0,0,0,0,4558531,41.62
02/06/2016,-1200,-16270000,13.7(0.00 %),500,6850000,1700,23120000,4559731,41.61
03/06/2016,42190,579320000,14(2.19 %),53700,738010000,11510,158690000,4604331,41.54
06/06/2016,13200,184310000,14(0.00 %),18300,256200000,5100,71890000,4586031,41.57
07/06/2016,-1630,-23090000,14.5(3.57 %),0,0,1630,23090000,4587738,41.57
08/06/2016,-17000,-247110000,14.5(0.00 %),0,0,17000,247110000,4599248,41.55
09/06/2016,2000,28700000,14.3(-1.38 %),5000,72000000,3000,43300000,4599348,41.55
10/06/2016,119150,1689230000,14.3(0.00 %),120010,1701440000,860,12210000,4480968,41.74
13/06/2016,-11550,-138000000,12.1(0.83 %),3000,36600000,14550,174600000,4494968,41.72
14/06/2016,40570,476840000,12.1(0.00 %),50000,590000000,9430,113160000,4447968,41.79
15/06/2016,0,0,12.1(0.00 %),0,0,0,0,4448828,41.79
16/06/2016,-73000,-868700000,11.9(-1.65 %),0,0,73000,868700000,4463378,41.77
17/06/2016,41960,492920000,11.8(-0.84 %),42000,493400000,40,480000,4430808,41.82
20/06/2016,1000,11700000,11.7(-0.85 %),1000,11700000,0,0,4429808,41.82
21/06/2016,100000,1198830000,12(2.56 %),100000,1198830000,0,0,4402808,41.87
22/06/2016,0,0,11.9(-0.83 %),0,0,0,0,4402848,41.87
23/06/2016,0,0,12(0.84 %),0,0,0,0,4402848,41.87
24/06/2016,163000,1892820000,12(0.00 %),163000,1892820000,0,0,4239848,42.13
27/06/2016,6000,70200000,11.9(-0.83 %),6000,70200000,0,0,4233848,42.14
28/06/2016,7000,82600000,11.7(-1.68 %),7000,82600000,0,0,4226856,42.15
29/06/2016,125000,1489000000,12.1(3.42 %),125000,1489000000,0,0,4101856,42.36
30/06/2016,0,0,11.9(-1.65 %),0,0,0,0,4101856,42.36
01/07/2016,0,0,12.1(1.68 %),0,0,0,0,4101856,42.36
04/07/2016,6100,73800000,12.2(0.83 %),6100,73800000,0,0,4095756,42.37
05/07/2016,0,0,12.6(3.28 %),0,0,0,0,4095756,42.37
06/07/2016,20000,256000000,12.9(2.38 %),20000,256000000,0,0,4075756,42.4
07/07/2016,137000,1755300000,12.8(-0.78 %),137000,1755300000,0,0,4613560,48.88
08/07/2016,117500,1482450000,12.6(-1.56 %),117500,1482450000,0,0,4496060,42.67
11/07/2016,558930,6926470000,12.4(-1.59 %),580210,7194600000,21280,268130000,4496060,42.67
12/07/2016,-99010,-1227720000,12.4(0.00 %),0,0,99010,1227720000,3915850,43.48
13/07/2016,18150,228870000,12.5(0.81 %),20000,252000000,1850,23130000,3895850,43.51
14/07/2016,4500,56250000,12.5(0.00 %),6000,75000000,1500,18750000,3911130,43.49
15/07/2016,-40,-500000,12.6(0.80 %),0,0,40,500000,4010140,43.35
18/07/2016,55670,703810000,12.7(0.79 %),55670,703810000,0,0,3956320,43.43
19/07/2016,-17070,-218490000,12.6(-0.79 %),1080,13720000,18150,232210000,3956740,43.43
20/07/2016,-1950,-24570000,12.6(0.00 %),0,0,1950,24570000,3956788,43.43
21/07/2016,0,0,12.5(-0.79 %),0,0,0,0,3956788,43.43
22/07/2016,-61810,-748830000,12.5(0.00 %),0,0,61810,748830000,3974938,43.4
25/07/2016,0,0,12.6(0.80 %),0,0,0,0,3976888,43.4
26/07/2016,100,1250000,12.5(-0.79 %),100,1250000,0,0,3976788,43.4
27/07/2016,103740,1326390000,12.9(3.20 %),105000,1342230000,1260,15840000,3933598,43.46
28/07/2016,-80,-1040000,13(0.78 %),0,0,80,1040000,3933598,43.46
29/07/2016,0,0,12.9(-0.77 %),0,0,0,0,3933598,43.46
01/08/2016,-10,-130000,12.7(-1.55 %),0,0,10,130000,3934858,43.46
02/08/2016,212950,2672880000,12.6(-0.79 %),212950,2672880000,0,0,3721988,43.76
03/08/2016,95000,1182000000,12.6(0.00 %),95000,1182000000,0,0,3626988,43.89
04/08/2016,2000,23800000,11.9(-5.56 %),2000,23800000,0,0,3624998,43.89
05/08/2016,123500,1446950000,12.2(2.52 %),123500,1446950000,0,0,3501498,44.07
08/08/2016,0,0,12.2(0.00 %),0,0,0,0,3501498,44.07
09/08/2016,9000,109800000,12.2(0.00 %),9000,109800000,0,0,3492498,44.08
10/08/2016,-480990,-5720650000,12(-1.64 %),120000,1420000000,600990,7140650000,3372503,44.25
11/08/2016,-106850,-1272140000,12(0.00 %),1340,15940000,108190,1288080000,3371171,44.25
12/08/2016,296430,3662530000,12.3(2.50 %),350000,4317850000,53570,655320000,3021171,44.74
15/08/2016,7800,93860000,12.2(-0.81 %),7800,93860000,0,0,3614361,43.91
16/08/2016,0,0,12(-1.64 %),0,0,0,0,3722551,43.76
17/08/2016,144000,1723870000,12(0.00 %),144000,1723870000,0,0,3632121,43.88
18/08/2016,27020,324560000,12(0.00 %),30230,362760000,3210,38200000,3601891,43.93
19/08/2016,251300,2980380000,11.9(-0.83 %),251300,2980380000,0,0,3350591,44.28
22/08/2016,-5860,-67360000,11.6(-2.52 %),4240,50010000,10100,117370000,3346351,44.29
23/08/2016,1040,12060000,11.6(0.00 %),1040,12060000,0,0,3348521,44.28
24/08/2016,55020,648310000,11.8(1.72 %),60000,705900000,4980,57590000,3288521,44.37
25/08/2016,10000,117000000,11.9(0.85 %),10000,117000000,0,0,3288621,44.37
26/08/2016,-1340,-16480000,12.3(3.36 %),0,0,1340,16480000,3288621,44.37
29/08/2016,0,0,12(-2.44 %),0,0,0,0,3293601,44.36
30/08/2016,-2680,-32430000,12.2(1.67 %),0,0,2680,32430000,3293601,44.36
31/08/2016,-31480,-384460000,12.3(0.82 %),0,0,31480,384460000,3294941,44.36
01/09/2016,-1600,-19360000,12.1(-1.63 %),0,0,1600,19360000,3294941,44.36
05/09/2016,0,0,11.8(-2.48 %),0,0,0,0,3297621,44.35
06/09/2016,-148940,-1757490000,11.9(0.85 %),0,0,148940,1757490000,3329101,44.31
07/09/2016,-14770,-174290000,11.9(0.00 %),0,0,14770,174290000,3330701,44.31
08/09/2016,-3210,-37880000,12(0.84 %),0,0,3210,37880000,3330703,44.31
09/09/2016,-7490,-89560000,12(0.00 %),0,0,7490,89560000,3479643,44.1
12/09/2016,106390,1264310000,11.7(-2.50 %),138000,1639330000,31610,375020000,3356413,44.27
13/09/2016,-6860,-80880000,11.8(0.85 %),5500,64350000,12360,145230000,3354123,44.28
14/09/2016,-1940,-22590000,11.8(0.00 %),200,2340000,2140,24930000,3361413,44.26
15/09/2016,-17700,-204650000,11.7(-0.85 %),0,0,17700,204650000,3393023,44.22
16/09/2016,0,0,11.65(-0.43 %),0,0,0,0,3405383,44.2
19/09/2016,0,0,11.8(1.29 %),0,0,0,0,3407523,44.2
20/09/2016,-9370,-107840000,11.6(-1.69 %),4000,47200000,13370,155040000,3421223,44.18
21/09/2016,44200,520330000,11.8(1.72 %),48390,569560000,4190,49230000,3372833,44.25
22/09/2016,0,0,11.9(0.85 %),0,0,0,0,3372833,44.25
23/09/2016,-7500,-86750000,11.75(-1.26 %),2500,29750000,10000,116500000,3383703,44.23
26/09/2016,69520,818880000,11.8(0.43 %),85000,1001280000,15480,182400000,3302893,44.35
27/09/2016,8390,98230000,11.8(0.00 %),14800,172910000,6410,74680000,3288093,44.37
28/09/2016,-26030,-301700000,11.75(-0.42 %),0,0,26030,301700000,3298093,44.35
29/09/2016,-9410,-108050000,11.45(-2.55 %),1280,14890000,10690,122940000,3312293,44.33
30/09/2016,290,3310000,11.4(-0.44 %),2240,25540000,1950,22230000,3316463,44.33
03/10/2016,-1880,-21350000,11.35(-0.44 %),0,0,1880,21350000,3342493,44.29
04/10/2016,-5330,-59700000,11.15(-1.76 %),0,0,5330,59700000,3353183,44.28
05/10/2016,2870,31570000,11.05(-0.90 %),5000,55000000,2130,23430000,3350133,44.28
06/10/2016,-5000,-55250000,11.15(0.90 %),0,0,5000,55250000,3352018,44.28
07/10/2016,111690,1260390000,11.45(2.69 %),111690,1260390000,0,0,3245658,44.43
10/10/2016,-20000,-227900000,11.2(-2.18 %),30000,334500000,50000,562400000,3217788,44.47
11/10/2016,-33500,-371240000,11.05(-1.34 %),60000,664950000,93500,1036190000,3162788,44.54
12/10/2016,112000,1257550000,11.15(0.90 %),112000,1257550000,0,0,3050788,44.7
13/10/2016,11790,133230000,11.2(0.45 %),11790,133230000,0,0,3089006,44.65
14/10/2016,200,2300000,11.25(0.45 %),3000,33750000,2800,31450000,3179506,44.52
17/10/2016,-1000,-11200000,11.2(-0.44 %),2500,28130000,3500,39330000,3177006,44.52
18/10/2016,0,0,11.3(0.89 %),0,0,0,0,3177006,44.52
19/10/2016,-1400,-15040000,11.15(-1.33 %),5000,56000000,6400,71040000,3174758,44.53
20/10/2016,-1070,-11820000,11.05(-0.90 %),0,0,1070,11820000,3178258,44.52
21/10/2016,0,0,10.95(-0.90 %),0,0,0,0,3178258,44.52
24/10/2016,-1330,-14680000,11(0.46 %),1070,11720000,2400,26400000,3183588,44.52
25/10/2016,-240280,-2576580000,10.7(-2.73 %),22000,235400000,262280,2811980000,3162658,44.54
26/10/2016,30000,319000000,10.6(-0.93 %),30000,319000000,0,0,3132658,44.59
27/10/2016,-99710,-1045020000,10.7(0.94 %),40000,428000000,139710,1473020000,3095058,44.64
28/10/2016,-150680,-1589720000,10.7(0.00 %),5100,54670000,155780,1644390000,3352238,44.28
31/10/2016,-172060,-1793990000,10.5(-1.87 %),0,0,172060,1793990000,3352238,44.28
01/11/2016,-67220,-700190000,10.5(0.00 %),0,0,67220,700190000,3491948,44.08
02/11/2016,-46590,-478160000,10.2(-2.86 %),20980,220290000,67570,698450000,3626748,43.89
03/11/2016,5000,50500000,10.35(1.47 %),5000,50500000,0,0,3793808,43.66
04/11/2016,0,0,10.35(0.00 %),0,0,0,0,3861028,43.56
07/11/2016,45000,467730000,10.6(2.42 %),45000,467730000,0,0,3883598,43.53
08/11/2016,0,0,10.45(-1.42 %),0,0,0,0,3883601,43.53
09/11/2016,79800,797950000,10.4(-0.48 %),100000,1005000000,20200,207050000,3783601,43.67
10/11/2016,0,0,10.45(0.48 %),0,0,0,0,3783606,43.67
11/11/2016,0,0,10.45(0.00 %),0,0,0,0,3783606,43.67
14/11/2016,-6410,-66790000,10.45(0.00 %),0,0,6410,66790000,3803806,43.64
15/11/2016,-8950,-93260000,10.4(-0.48 %),0,0,8950,93260000,3803806,43.64
16/11/2016,-5070,-52870000,10.45(0.48 %),2000,20800000,7070,73670000,3801806,43.64
17/11/2016,-6140,-63990000,10.5(0.48 %),720,7490000,6860,71480000,3807496,43.64
18/11/2016,-5820,-60350000,10.4(-0.95 %),20,210000,5840,60560000,3816426,43.62
21/11/2016,-11200,-115360000,10.4(0.00 %),0,0,11200,115360000,3823498,43.61
22/11/2016,-2120,-21840000,10.3(-0.96 %),10,100000,2130,21940000,3830348,43.6
23/11/2016,40570,421210000,10.35(0.49 %),49470,513330000,8900,92120000,3786718,43.67
24/11/2016,530,5540000,10.4(0.48 %),50530,527690000,50000,522150000,3747388,43.72
25/11/2016,-9900,-102460000,10.3(-0.96 %),100,1040000,10000,103500000,3749418,43.72
28/11/2016,-9000,-92870000,10.25(-0.49 %),0,0,9000,92870000,3758318,43.71
29/11/2016,0,0,10.25(0.00 %),0,0,0,0,3808318,43.64
30/11/2016,0,0,10.3(0.49 %),0,0,0,0,3818318,43.62
01/12/2016,-50000,-512000000,10.2(-0.97 %),0,0,50000,512000000,3827318,43.61
02/12/2016,-49800,-504300000,10.05(-1.47 %),200,2030000,50000,506330000,3827118,43.61
05/12/2016,-50000,-502150000,9.99(-0.60 %),0,0,50000,502150000,3827118,43.61
06/12/2016,-49900,-498540000,9.97(-0.20 %),100,1000000,50000,499540000,3877018,43.54
07/12/2016,-50000,-496760000,9.97(0.00 %),0,0,50000,496760000,3927018,43.47
08/12/2016,-50160,-499140000,9.97(0.00 %),0,0,50160,499140000,3977018,43.4
09/12/2016,-50000,-494760000,9.83(-1.40 %),0,0,50000,494760000,4027018,43.33
12/12/2016,-50000,-487600000,9.66(-1.73 %),0,0,50000,487600000,4077018,43.26
13/12/2016,-48680,-462260000,9.45(-2.17 %),1320,12670000,50000,474930000,4125858,43.19
14/12/2016,-77000,-727070000,9.49(0.42 %),0,0,77000,727070000,4175858,43.12
15/12/2016,-50000,-476820000,9.59(1.05 %),0,0,50000,476820000,4225858,43.05
16/12/2016,-50700,-493740000,9.75(1.67 %),0,0,50700,493740000,4402858,42.8
19/12/2016,-35000,-341350000,9.79(0.41 %),0,0,35000,341350000,4352858,42.87
20/12/2016,-10000,-97090000,9.79(0.00 %),0,0,10000,97090000,4402858,42.8
21/12/2016,-11070,-108350000,9.8(0.10 %),0,0,11070,108350000,4453559,42.73
22/12/2016,0,0,9.8(0.00 %),0,0,0,0,4488559,42.68
23/12/2016,0,0,9.6(-2.04 %),0,0,0,0,4498559,42.66
26/12/2016,0,0,9.7(1.04 %),0,0,0,0,4509629,42.65
27/12/2016,0,0,9.7(0.00 %),0,0,0,0,4509629,42.65
28/12/2016,-10,-100000,9.6(-1.03 %),0,0,10,100000,4509629,42.65
29/12/2016,6000,57600000,9.7(1.04 %),6000,57600000,0,0,4503629,42.66
30/12/2016,770,7250000,10.2(5.15 %),1180,11430000,410,4180000,4502449,42.66
03/01/2017,-12900,-127470000,10(-1.96 %),0,0,12900,127470000,4502459,42.66
04/01/2017,4000,39600000,9.7(-3.00 %),4000,39600000,0,0,4498459,42.66
05/01/2017,-22100,-210950000,9.8(1.03 %),0,0,22100,210950000,4498869,42.66
06/01/2017,-22350,-215380000,9.78(-0.20 %),0,0,22350,215380000,4511769,42.64
09/01/2017,-21540,-207010000,9.69(-0.92 %),0,0,21540,207010000,4511769,42.64
10/01/2017,-56540,-542460000,9.58(-1.14 %),5000,48050000,61540,590510000,4528869,42.62
11/01/2017,-36540,-348830000,9.53(-0.52 %),0,0,36540,348830000,4551219,42.59
12/01/2017,-21170,-201680000,9.6(0.73 %),0,0,21170,201680000,4572760,42.56
13/01/2017,-26000,-248130000,9.65(0.52 %),0,0,26000,248130000,4634300,42.47
16/01/2017,-73980,-705380000,9.55(-1.04 %),0,0,73980,705380000,4670842,42.42
17/01/2017,-54600,-518650000,9.45(-1.05 %),50,480000,54650,519130000,4691962,42.39
18/01/2017,-51420,-483460000,9.4(-0.53 %),12000,114400000,63420,597860000,4705962,42.37
19/01/2017,-55180,-517200000,9.32(-0.85 %),1690,15890000,56870,533090000,4778252,42.27
20/01/2017,-61870,-579000000,9.35(0.32 %),0,0,61870,579000000,4832902,42.19
23/01/2017,-56320,-528450000,9.37(0.21 %),5550,52170000,61870,580620000,4890772,42.11
24/01/2017,-47170,-445790000,9.45(0.85 %),0,0,47170,445790000,4947642,42.03
25/01/2017,-59260,-567950000,9.6(1.59 %),0,0,59260,567950000,5009512,41.94
02/02/2017,-18990,-185390000,9.8(2.08 %),16010,155550000,35000,340940000,5055372,41.88
03/02/2017,-4630,-44710000,9.61(-1.94 %),2000,19400000,6630,64110000,5100542,41.81
06/02/2017,-96000,-928020000,9.65(0.42 %),4000,38700000,100000,966720000,5155802,41.74
07/02/2017,-193800,-1872960000,9.67(0.21 %),6200,60140000,200000,1933100000,5184602,41.7
08/02/2017,-141550,-1363750000,9.6(-0.72 %),0,0,141550,1363750000,5191232,41.69
09/02/2017,-150000,-1481660000,10.1(5.21 %),5000,48100000,155000,1529760000,5286232,41.55
10/02/2017,-58020,-584000000,10.1(0.00 %),17000,171700000,75020,755700000,5469232,41.3
13/02/2017,-197590,-2053250000,10.5(3.96 %),15000,156250000,212590,2209500000,5595782,41.12
14/02/2017,-136850,-1424400000,10.5(0.00 %),14000,145800000,150850,1570200000,5736782,40.92
15/02/2017,-251560,-2684030000,10.6(0.95 %),9000,95050000,260560,2779080000,5802803,40.83
16/02/2017,-180450,-1912980000,10.5(-0.94 %),5000,53000000,185450,1965980000,6010393,40.53
17/02/2017,-87520,-918960000,10.5(0.00 %),0,0,87520,918960000,6161243,40.32
20/02/2017,-359940,-4000470000,11.2(6.67 %),0,0,359940,4000470000,6421803,39.95
21/02/2017,-183780,-2164720000,11.9(6.25 %),32000,380170000,215780,2544890000,6575253,39.74
22/02/2017,-46100,-558710000,12.05(1.26 %),103900,1255790000,150000,1814500000,6558873,39.76
23/02/2017,33230,401430000,12.3(2.07 %),192450,2289960000,159220,1888530000,6726363,39.52
24/02/2017,598350,7610630000,13(5.69 %),706350,8964880000,108000,1354250000,6235793,40.22
27/02/2017,106260,1397020000,13.15(1.15 %),282840,3733500000,176580,2336480000,6126783,40.37
28/02/2017,91390,1110590000,12(-1.23 %),91390,1110590000,0,0,6170783,40.31
01/03/2017,152000,1779080000,12(0.00 %),152000,1779080000,0,0,6126783,40.37
02/03/2017,125280,1491620000,11.8(-1.67 %),125280,1491620000,0,0,6178083,40.3
03/03/2017,161600,1872180000,11.45(-2.97 %),211600,2445830000,50000,573650000,5966483,40.6
06/03/2017,113110,1378460000,12.25(6.99 %),113110,1378460000,0,0,5853373,40.75
07/03/2017,184790,2369710000,12.9(5.31 %),184800,2369840000,10,130000,5668573,41.01
08/03/2017,109620,1416000000,12.9(0.00 %),117300,1515000000,7680,99000000,5601273,41.11
09/03/2017,100000,1272790000,12.65(-1.94 %),110000,1399040000,10000,126250000,5491273,41.26
10/03/2017,83800,1059570000,12.5(-1.19 %),83800,1059570000,0,0,5407483,41.38
13/03/2017,22000,276350000,13.3(6.40 %),22000,276350000,0,0,5393163,41.4
14/03/2017,105100,1406650000,13.3(0.00 %),105100,1406650000,0,0,5298063,41.54
15/03/2017,102040,1349250000,13.2(-0.75 %),129630,1714660000,27590,365410000,5168433,41.72
16/03/2017,104000,1403310000,13.55(2.65 %),104000,1403310000,0,0,5064433,41.87
17/03/2017,193950,2633370000,13.55(0.00 %),193950,2633370000,0,0,5064433,41.87
20/03/2017,-15890,-224210000,14.25(5.17 %),107500,1509100000,123390,1733310000,5064433,41.87
21/03/2017,104460,1462500000,14.05(-1.40 %),141200,1978330000,36740,515830000,5064433,41.87
22/03/2017,51700,709800000,13.55(-3.56 %),55700,765500000,4000,55700000,5064433,41.87
23/03/2017,-49720,-663420000,13.4(-1.11 %),59000,792080000,108720,1455500000,5064433,41.87
24/03/2017,-560,-8620000,13.3(-0.75 %),20000,267300000,20560,275920000,5064433,41.87
27/03/2017,179000,2423400000,13.7(3.01 %),179000,2423400000,0,0,5064433,41.87
28/03/2017,177700,2367650000,13.3(-2.92 %),177700,2367650000,0,0,5064433,41.87
29/03/2017,26760,354910000,13.25(-0.38 %),119500,1576150000,92740,1221240000,5064433,41.87
30/03/2017,246920,3338800000,13.6(2.64 %),246920,3338800000,0,0,5064433,41.87
31/03/2017,144300,1978930000,13.65(0.37 %),144300,1978930000,0,0,5064433,41.87
03/04/2017,149480,2080830000,14.3(4.76 %),184980,2580910000,35500,500080000,3848425,43.58
04/04/2017,1280,27240000,14.4(0.70 %),105000,1542630000,103720,1515390000,3743425,43.73
05/04/2017,32000,453150000,14.1(-2.08 %),32000,453150000,0,0,3711425,43.77
07/04/2017,151960,2115480000,14(-0.71 %),199730,2781790000,47770,666310000,3547195,44.0
10/04/2017,15000,218120000,14.4(2.86 %),35000,505120000,20000,287000000,3615915,43.91
11/04/2017,20650,293010000,14.3(-0.69 %),50000,725710000,29350,432700000,3565915,43.98
12/04/2017,374150,5305610000,13.8(-3.50 %),419800,5958410000,45650,652800000,3193885,44.5
13/04/2017,9500,121000000,13.4(-2.90 %),30000,402000000,20500,281000000,3183885,44.51
14/04/2017,125870,1680300000,13.4(0.00 %),127000,1695440000,1130,15140000,3086235,44.65
17/04/2017,40000,521330000,12.9(-3.73 %),40000,521330000,0,0,3091885,44.64
18/04/2017,185420,2404210000,13.3(3.10 %),185420,2404210000,0,0,2926965,44.88
19/04/2017,11010,152980000,13.25(-0.38 %),50000,661530000,38990,508550000,2878095,44.95
20/04/2017,70490,939670000,13.3(0.38 %),76000,1013290000,5510,73620000,2802095,45.05
21/04/2017,275000,3643050000,13.15(-1.13 %),279000,3696050000,4000,53000000,2523095,45.45
24/04/2017,-1210,-17220000,12.9(-1.90 %),10000,129000000,11210,146220000,2552085,45.4
25/04/2017,93000,1194820000,12.9(0.00 %),93000,1194820000,0,0,2464590,45.53
26/04/2017,96300,1263860000,13(0.78 %),96300,1263860000,0,0,2372290,45.66
27/04/2017,105300,1433130000,13.9(6.92 %),105300,1433130000,0,0,2278200,45.79
28/04/2017,92000,1285270000,13.95(0.36 %),94000,1313170000,2000,27900000,2184200,45.92
03/05/2017,-252840,-3762850000,14.9(6.81 %),10000,149000000,262840,3911850000,2174200,45.94
04/05/2017,-107500,-1697850000,15.35(3.02 %),1500,22950000,109000,1720800000,2172700,45.94
05/05/2017,-623210,-9784780000,16(4.23 %),60000,955370000,683210,10740150000,2114700,46.02
08/05/2017,-371270,-6131900000,16(0.00 %),1000,16150000,372270,6148050000,2376540,45.65
09/05/2017,-153640,-2535060000,16.5(3.12 %),0,0,153640,2535060000,2485540,45.5
10/05/2017,-108040,-1791040000,16.45(-0.30 %),41390,686900000,149430,2477940000,3127360,44.59
11/05/2017,26480,434250000,16.45(0.00 %),27000,442800000,520,8550000,3472630,44.11
12/05/2017,-492000,-8607000000,17.6(6.99 %),8000,138000000,500000,8745000000,3618270,43.9
15/05/2017,-299190,-5543920000,18.2(3.41 %),0,0,299190,5543920000,3767700,43.69
16/05/2017,-18510,-415230000,17(-6.59 %),402100,7394180000,420610,7809410000,3366120,44.26
17/05/2017,-650,-10370000,17.75(4.41 %),4350,76130000,5000,86500000,3861770,43.56
18/05/2017,119610,2038010000,17.05(-3.94 %),130000,2218930000,10390,180920000,4030960,43.32
19/05/2017,136090,2328860000,16.9(-0.88 %),140090,2395860000,4000,67000000,4311480,42.93
22/05/2017,120750,2054510000,16.6(-1.78 %),127250,2167040000,6500,112530000,4189230,43.1
23/05/2017,79000,1300320000,16.4(-1.20 %),79000,1300320000,0,0,4120620,43.2
24/05/2017,-14000,-233050000,16.65(1.52 %),1000,16700000,15000,249750000,4123620,43.19
25/05/2017,-2270,-24380000,17.4(4.50 %),18350,319410000,20620,343790000,4111770,43.21
26/05/2017,1390,23880000,17(-2.30 %),4100,70900000,2710,47020000,4107670,43.21
29/05/2017,7000,104650000,15(1.49 %),7000,104650000,0,0,4115670,43.2
30/05/2017,161710,2323710000,14.4(-4.00 %),167500,2409780000,5790,86070000,3968799,43.41
31/05/2017,126010,1780620000,14(-2.78 %),132400,1870150000,6390,89530000,3839109,43.59
01/06/2017,37200,541310000,14.6(4.29 %),38200,555810000,1000,14500000,3800909,43.65
02/06/2017,27450,410240000,15.4(5.48 %),31450,470240000,4000,60000000,3775250,43.68
05/06/2017,19990,315490000,15.6(1.30 %),19990,315490000,0,0,3761650,43.7
06/06/2017,-800,-12400000,15.7(0.64 %),0,0,800,12400000,3762650,43.7
07/06/2017,29690,462520000,15.55(-0.96 %),35390,551160000,5700,88640000,3731260,43.74
08/06/2017,129550,1997750000,15.4(-0.96 %),143000,2204880000,13450,207130000,3588260,43.95
09/06/2017,-225840,-3670080000,16.1(4.55 %),167630,2654270000,393470,6324350000,3421430,44.18
12/06/2017,-256760,-4143890000,15.9(-1.24 %),13900,223740000,270660,4367630000,3413230,44.19
13/06/2017,-327180,-5263020000,16.4(3.14 %),108200,1752230000,435380,7015250000,3318480,44.33
14/06/2017,63570,1051630000,16.5(0.61 %),78570,1300630000,15000,249000000,3633380,43.88
15/06/2017,10010,163070000,16.3(-1.21 %),30010,489870000,20000,326800000,3874030,43.54
16/06/2017,47000,763810000,16.3(0.00 %),47000,763810000,0,0,4262410,43.0
19/06/2017,10000,162500000,16.15(-0.92 %),10000,162500000,0,0,4267410,42.99
20/06/2017,-2000,-32400000,16.3(0.93 %),0,0,2000,32400000,4287410,42.96
21/06/2017,-40,-610000,16(-1.84 %),200,3280000,240,3890000,4287216,42.96
22/06/2017,-20000,-320020000,16.05(0.31 %),3000,48230000,23000,368250000,4905424,49.44
23/06/2017,-3970,-64210000,16.3(1.56 %),1030,16790000,5000,81000000,4906394,42.99
26/06/2017,65480,1061050000,16.15(-0.92 %),76480,1239550000,11000,178500000,4830154,43.08
27/06/2017,51300,821700000,16.15(0.00 %),52300,837850000,1000,16150000,4777834,43.15
28/06/2017,24760,395380000,16(-0.93 %),28020,447330000,3260,51950000,4777834,43.15
29/06/2017,5210,90080000,16.95(5.94 %),20250,337990000,15040,247910000,4768584,43.16
30/06/2017,26330,443000000,16.7(-1.47 %),34400,578650000,8070,135650000,4735184,43.2
03/07/2017,-203210,-3371030000,16.65(-0.30 %),23000,383210000,226210,3754240000,4715444,43.22
04/07/2017,-17940,-304380000,17(2.10 %),31000,527150000,48940,831530000,4699484,43.24
05/07/2017,32270,550140000,16.9(-0.59 %),34110,581240000,1840,31100000,4673444,43.28
06/07/2017,26300,444780000,16.85(-0.30 %),28000,473600000,1700,28820000,4871654,43.03
07/07/2017,8060,136110000,16.3(-3.26 %),10060,168510000,2000,32400000,4910534,42.98
10/07/2017,1000,16330000,15.8(-3.07 %),1000,16330000,0,0,4872082,43.03
11/07/2017,-115300,-1800380000,15.75(-0.32 %),43000,673500000,158300,2473880000,4870082,43.03
12/07/2017,0,0,16.1(2.22 %),0,0,0,0,4872082,43.03
13/07/2017,38810,632080000,16.3(1.24 %),1783800,26808230000,1744990,26176150000,4832262,43.08
14/07/2017,32880,527550000,15.8(-3.07 %),35410,568790000,2530,41240000,4955152,42.93
17/07/2017,-65720,-984640000,14.7(-6.96 %),28780,440440000,94500,1425080000,4926372,42.97
18/07/2017,258090,3651400000,14.5(-1.36 %),396030,5638290000,137940,1986890000,4531352,43.45
19/07/2017,-112300,-1609680000,14.8(2.07 %),162900,2432890000,275200,4042570000,4370982,43.65
20/07/2017,-24600,-345240000,14.3(-3.38 %),137600,1977720000,162200,2322960000,4327882,43.7
21/07/2017,-15560,-224290000,14.25(-0.35 %),58400,822370000,73960,1046660000,4407422,43.6
24/07/2017,212980,3043360000,14.25(0.00 %),913000,12353650000,700020,9310290000,4469629,43.52
25/07/2017,198000,2870510000,14.65(2.81 %),198000,2870510000,0,0,4433834,43.57
26/07/2017,136370,2037040000,14.95(2.05 %),136400,2037480000,30,440000,4097615,43.98
27/07/2017,273800,4150420000,15.25(2.01 %),273800,4150420000,0,0,4097615,43.98
28/07/2017,199890,3050650000,15.25(0.00 %),201520,3075510000,1630,24860000,3896100,44.23
31/07/2017,203460,3093440000,15.3(0.33 %),203460,3093440000,0,0,3692670,44.48
01/08/2017,20010,309680000,15.3(0.00 %),20010,309680000,0,0,3672660,44.5
02/08/2017,78410,1198150000,15.3(0.00 %),78410,1198150000,0,0,3595880,44.6
03/08/2017,243800,3773220000,15.5(1.31 %),243800,3773220000,0,0,3352080,44.89
04/08/2017,247210,3997930000,16.3(5.16 %),247210,3997930000,0,0,3104870,45.2
07/08/2017,372230,6062940000,16.35(0.31 %),375680,6119000000,3450,56060000,2729190,45.66
08/08/2017,244430,3932350000,16.1(-1.53 %),246780,3969950000,2350,37600000,2482410,45.96
09/08/2017,337620,5310760000,15.7(-2.48 %),370620,5828170000,33000,517410000,2111790,46.41
10/08/2017,152900,2399140000,15.7(0.00 %),152900,2399140000,0,0,1962340,46.6
11/08/2017,140980,2209150000,15.7(0.00 %),145680,2282470000,4700,73320000,1819010,46.77
14/08/2017,47770,752890000,15.8(0.64 %),47770,752890000,0,0,1804240,46.79
15/08/2017,162790,2610850000,16(1.27 %),173670,2784140000,10880,173290000,1630570,47.0
16/08/2017,153450,2444220000,15.95(-0.31 %),154250,2457100000,800,12880000,1481020,47.19
17/08/2017,1480920,24398380000,16.15(1.25 %),1481020,24400000000,100,1620000,0,49.0
18/08/2017,10880,175650000,16.65(3.10 %),10880,175650000,0,0,0,49.0
21/08/2017,-12450,-218240000,16.9(1.50 %),200800,3513640000,213250,3731880000,0,49.0
22/08/2017,-10020,-166830000,16.15(-4.44 %),0,0,10020,166830000,100,49.0
23/08/2017,-7530,-121990000,16.2(0.31 %),20,320000,7550,122310000,80,49.0
24/08/2017,13010,212860000,15.9(-1.85 %),13010,212860000,0,0,320,49.0
25/08/2017,10340,164200000,15.85(-0.31 %),10340,164200000,0,0,0,49.0
28/08/2017,-30100,-480960000,16.05(1.26 %),7500,118880000,37600,599840000,50,49.0
29/08/2017,-3000,-48300000,15.9(-0.93 %),0,0,3000,48300000,50,49.0
30/08/2017,50,800000,16.1(1.26 %),50,800000,0,0,0,49.0
31/08/2017,27430,444030000,16.1(0.00 %),27430,444030000,0,0,10170,48.99
01/09/2017,0,0,16.15(0.31 %),0,0,0,0,13170,48.98
05/09/2017,0,0,16.35(1.24 %),0,0,0,0,13170,48.98
06/09/2017,-4100,-66320000,16.25(-0.61 %),1000,16300000,5100,82620000,12170,48.99
07/09/2017,-4520,-68250000,15.5(-4.62 %),8840,139500000,13360,207750000,3330,49.0
08/09/2017,-6710,-102500000,15.25(-1.61 %),3330,51620000,10040,154120000,0,49.0
11/09/2017,-55130,-845980000,15.25(0.00 %),770,11940000,55900,857920000,4330,48.99
12/09/2017,3800,58140000,15.5(1.64 %),3800,58140000,0,0,13890,48.98
13/09/2017,0,0,15.4(-0.65 %),0,0,0,0,23930,48.97
14/09/2017,0,0,15.4(0.00 %),0,0,0,0,79842,48.9
15/09/2017,0,0,15.45(0.32 %),0,0,0,0,79842,48.9
18/09/2017,4800,74100000,15.6(0.97 %),4800,74100000,0,0,75042,48.91
19/09/2017,-34020,-525460000,15.45(-0.96 %),0,0,34020,525460000,75042,48.91
20/09/2017,0,0,15.45(0.00 %),0,0,0,0,75057,48.91
21/09/2017,-2230,-34300000,15.4(-0.32 %),0,0,2230,34300000,75057,48.91
22/09/2017,-37840,-579090000,15.65(1.62 %),54800,857780000,92640,1436870000,54277,48.93
25/09/2017,-63500,-983660000,15.45(-1.28 %),0,0,63500,983660000,54277,48.93
26/09/2017,-1000,-15400000,15.4(-0.32 %),0,0,1000,15400000,56507,48.93
27/09/2017,-182630,-2779130000,15(-2.60 %),35220,538060000,217850,3317190000,113927,48.86
28/09/2017,-29820,-445090000,15.4(2.67 %),0,0,29820,445090000,177427,48.78
29/09/2017,3810,58510000,15.45(0.32 %),5000,76600000,1190,18090000,173427,48.79
02/10/2017,-33000,-502620000,15.25(-1.29 %),0,0,33000,502620000,391277,48.52
03/10/2017,-10000,-149000000,14.95(-1.97 %),0,0,10000,149000000,421097,48.48
04/10/2017,1010,15650000,15.5(3.68 %),1010,15650000,0,0,421277,48.48
05/10/2017,50,770000,15.25(-1.61 %),50,770000,0,0,454227,48.44
06/10/2017,0,0,15.25(0.00 %),0,0,0,0,464227,48.43
09/10/2017,3000,45750000,15.25(0.00 %),3000,45750000,0,0,461227,48.44
10/10/2017,0,0,15.3(0.33 %),0,0,0,0,461227,48.44
11/10/2017,-11500,-175540000,15.15(-0.98 %),0,0,11500,175540000,461227,48.44
12/10/2017,-140790,-2121250000,15.15(0.00 %),0,0,140790,2121250000,461227,48.44
13/10/2017,-45590,-683230000,14.95(-1.32 %),0,0,45590,683230000,461227,48.44
16/10/2017,0,0,15(0.33 %),0,0,0,0,472727,48.42
17/10/2017,-55500,-829650000,14.95(-0.33 %),2000,30000000,57500,859650000,611517,48.25
18/10/2017,-284800,-4173920000,14.5(-3.01 %),0,0,284800,4173920000,657107,48.2
19/10/2017,-18600,-272800000,14.7(1.38 %),1400,20470000,20000,293270000,655707,48.2
20/10/2017,-61650,-900900000,14.55(-1.02 %),1850,27150000,63500,928050000,711357,48.13
23/10/2017,-243410,-3473860000,14.25(-2.06 %),0,0,243410,3473860000,996157,47.78
24/10/2017,-89300,-1262650000,14.2(-0.35 %),3000,42750000,92300,1305400000,1013157,47.76
25/10/2017,-49500,-700400000,14.25(0.35 %),500,7100000,50000,707500000,1076157,47.68
26/10/2017,-27000,-375100000,13.9(-2.46 %),0,0,27000,375100000,1319567,47.38
27/10/2017,-40130,-548360000,13.55(-2.52 %),5000,67750000,45130,616110000,1406867,47.28
30/10/2017,-71850,-964940000,13.55(0.00 %),55000,763610000,126850,1728550000,1401875,47.28
31/10/2017,-17000,-226700000,13.45(-0.74 %),0,0,17000,226700000,1428875,47.25
01/11/2017,-31170,-401880000,13(-3.35 %),90000,1176400000,121170,1578280000,1384005,47.3
02/11/2017,74000,947110000,12.8(-1.54 %),90400,1157630000,16400,210520000,1420455,47.26
03/11/2017,156330,2043140000,13.65(6.64 %),156330,2043140000,0,0,1281125,47.43
06/11/2017,50000,679920000,13.6(-0.37 %),50000,679920000,0,0,1352295,47.34
07/11/2017,35380,478570000,13.5(-0.74 %),35380,478570000,0,0,1333315,47.37
08/11/2017,20000,271330000,13.6(0.74 %),20000,271330000,0,0,1313315,47.39
09/11/2017,27500,373260000,13.6(0.00 %),31500,427310000,4000,54050000,1281815,47.43
10/11/2017,-36300,-482460000,13.45(-1.10 %),40000,537910000,76300,1020370000,1241815,47.48
13/11/2017,-20000,-265820000,13.15(-2.23 %),0,0,20000,265820000,1241815,47.48
14/11/2017,6300,82110000,13(-1.14 %),6300,82110000,0,0,1239515,47.48
15/11/2017,23240,307670000,13.5(3.85 %),61440,824600000,38200,516930000,1254375,47.46
16/11/2017,0,0,13.5(0.00 %),0,0,0,0,1274375,47.44
17/11/2017,11000,145700000,13.3(-1.48 %),11000,145700000,0,0,1263375,47.45
20/11/2017,-4450,-59560000,13.45(1.13 %),0,0,4450,59560000,1301584,47.41
21/11/2017,-24720,-332430000,13.45(0.00 %),0,0,24720,332430000,1301584,47.41
22/11/2017,-63200,-839280000,13.4(-0.37 %),0,0,63200,839280000,1301584,47.41
23/11/2017,-11910,-158840000,13.5(0.75 %),0,0,11910,158840000,1306034,47.4
24/11/2017,-5430,-75620000,14.4(6.67 %),80,1060000,5510,76680000,1330674,47.37
27/11/2017,20300,302300000,14.7(2.08 %),20300,302300000,0,0,1373574,47.32
28/11/2017,65000,941230000,14.45(-1.70 %),65000,941230000,0,0,1320484,47.38
29/11/2017,0,0,14.4(-0.35 %),0,0,0,0,1325994,47.38
30/11/2017,-4100,-56700000,14.6(1.39 %),20900,305230000,25000,361930000,1305094,47.4
01/12/2017,11000,160680000,14.6(0.00 %),12000,175180000,1000,14500000,1293094,47.42
04/12/2017,29540,437190000,14.8(1.37 %),31540,466590000,2000,29400000,1261554,47.45
05/12/2017,40580,616660000,15(1.35 %),43580,661660000,3000,45000000,1242974,47.48
06/12/2017,0,0,15.1(0.67 %),0,0,0,0,1243974,47.48
07/12/2017,-21690,-325590000,15(-0.66 %),0,0,21690,325590000,1245974,47.47
08/12/2017,280,3190000,14.8(-1.33 %),10530,156900000,10250,153710000,1238444,47.48
11/12/2017,-17000,-245950000,14.35(-3.04 %),3000,43650000,20000,289600000,1235444,47.49
12/12/2017,-22510,-327160000,14.3(-0.35 %),20000,279480000,42510,606640000,1237134,47.48
13/12/2017,16330,235490000,14.3(0.00 %),16330,235490000,0,0,1231054,47.49
14/12/2017,-2170,-30810000,14.45(1.05 %),0,0,2170,30810000,1251054,47.47
15/12/2017,0,0,14.35(-0.69 %),0,0,0,0,1293564,47.42
18/12/2017,0,0,14.8(3.14 %),0,0,0,0,1293564,47.42
19/12/2017,157180,2414480000,15.3(3.38 %),158040,2427290000,860,12810000,1137694,47.61
20/12/2017,286580,4425450000,15.55(1.63 %),286580,4425450000,0,0,851114,47.96
21/12/2017,99500,1516910000,15.2(-2.25 %),111000,1693400000,11500,176490000,740114,48.09
22/12/2017,30090,446370000,14.25(-6.25 %),30090,446370000,0,0,710884,48.13
25/12/2017,91230,1348270000,14.9(4.56 %),91230,1348270000,0,0,619665,48.24
26/12/2017,1200,17520000,14.8(-0.67 %),1200,17520000,0,0,629965,48.23
27/12/2017,41600,611170000,14.75(-0.34 %),48600,714420000,7000,103250000,581365,48.29
28/12/2017,4930,72650000,14.7(-0.34 %),5000,73690000,70,1040000,576365,48.29
29/12/2017,-740,-10310000,14.8(0.68 %),4260,62200000,5000,72510000,572105,48.3
02/01/2018,8000,118000000,14.9(0.68 %),8000,118000000,0,0,571105,48.3
03/01/2018,-10500,-154950000,15(0.67 %),4500,67050000,15000,222000000,566675,48.31
04/01/2018,65240,1014650000,15.7(4.67 %),77500,1206470000,12260,191820000,494175,48.39
05/01/2018,84830,1336830000,15.7(0.00 %),84830,1336830000,0,0,409345,48.5
08/01/2018,-50440,-809240000,16.25(3.50 %),8700,137460000,59140,946700000,415645,48.49
09/01/2018,110550,1815170000,16.5(1.54 %),110550,1815170000,0,0,317355,48.61
10/01/2018,-42980,-695130000,16.35(-0.91 %),14520,238900000,57500,934030000,302835,48.63
11/01/2018,-3220,-51130000,16.1(-1.53 %),3970,64530000,7190,115660000,358005,48.56
12/01/2018,88960,1460350000,16.45(2.17 %),117000,1918690000,28040,458340000,241005,48.7
15/01/2018,125560,2204780000,17.6(6.99 %),197500,3431990000,71940,1227210000,101005,48.88
16/01/2018,-38330,-684060000,17.75(0.85 %),13200,235220000,51530,919280000,94995,48.88
17/01/2018,21100,371810000,16.9(-4.79 %),31600,557260000,10500,185450000,91435,48.89
18/01/2018,96150,1605380000,16.9(0.00 %),96150,1605380000,0,0,67225,48.92
19/01/2018,-57870,-1018790000,17.2(1.78 %),78140,1328540000,136010,2347330000,40615,48.95
22/01/2018,-282710,-4941010000,17.45(1.45 %),21410,373320000,304120,5314330000,29705,48.96
25/01/2018,315900,5416760000,16.9(-3.15 %),349900,5997280000,34000,580520000,119935,48.85
26/01/2018,-95500,-1595050000,16.3(-3.55 %),17000,280600000,112500,1875650000,102935,48.87
29/01/2018,9400,154230000,16(-1.84 %),9400,154230000,0,0,93535,48.89
30/01/2018,115130,1928130000,17.05(6.56 %),120300,2009820000,5170,81690000,7235,48.99
31/01/2018,-12600,-210410000,16.3(-4.40 %),27000,449060000,39600,659470000,92735,48.89
01/02/2018,47490,768040000,16.15(-0.92 %),47490,768040000,0,0,45245,48.94
02/02/2018,49140,777520000,16(-0.93 %),50410,797590000,1270,20070000,5,49.0
05/02/2018,-37080,-581740000,14.9(-6.88 %),39600,615070000,76680,1196810000,5,49.0
06/02/2018,-280,-3890000,13.9(-6.71 %),0,0,280,3890000,5,49.0
07/02/2018,0,0,14.6(5.04 %),0,0,0,0,1275,49.0
08/02/2018,6000,83000000,14(-4.11 %),11000,155000000,5000,72000000,66955,48.92
09/02/2018,49930,671880000,14.05(0.36 %),50000,672850000,70,970000,17235,48.98
12/02/2018,-4410,-62930000,14.3(1.78 %),1730,24580000,6140,87510000,15505,48.98
13/02/2018,-5310,-77000000,14.6(2.10 %),0,0,5310,77000000,20505,48.97
21/02/2018,-9170,-135340000,14.8(1.37 %),6830,101060000,16000,236400000,13745,48.98
22/02/2018,-120,1200000,14.6(-1.35 %),19880,292530000,20000,291330000,5,49.0
23/02/2018,-20690,-297100000,14.6(0.00 %),5310,77460000,26000,374560000,5,49.0
26/02/2018,15000,217360000,14.3(-2.05 %),16000,231760000,1000,14400000,5,49.0
27/02/2018,-6900,-95710000,14.2(-0.70 %),20000,286010000,26900,381720000,9,49.0
28/02/2018,20000,281150000,14.1(-0.70 %),26000,365150000,6000,84000000,9,49.0
01/03/2018,1000,14000000,14.3(1.42 %),1000,14000000,0,0,9,49.0
02/03/2018,-310,-4400000,15.1(5.59 %),0,0,310,4400000,26909,48.97
05/03/2018,-148550,-2259010000,14.7(-2.65 %),600,9060000,149150,2268070000,32309,48.96
06/03/2018,-234410,-3468470000,15(2.04 %),3230,47800000,237640,3516270000,29079,48.96
07/03/2018,25000,367250000,14.75(-1.67 %),25000,367250000,0,0,4389,48.99
08/03/2018,5000,75750000,15.05(2.03 %),5000,75750000,0,0,148539,48.82
09/03/2018,116990,1823190000,15.75(4.65 %),127000,1979840000,10010,156650000,259179,48.68
12/03/2018,10000,155750000,15.55(-1.27 %),15000,233750000,5000,78000000,244179,48.7
13/03/2018,-27630,-430770000,15.7(0.96 %),1000,15700000,28630,446470000,243179,48.7
14/03/2018,-6080,-95960000,15.65(-0.32 %),0,0,6080,95960000,253189,48.69
15/03/2018,103450,1658250000,16.05(2.56 %),115000,1844470000,11550,186220000,143189,48.82
16/03/2018,12510,197950000,15.7(-2.18 %),50510,799880000,38000,601930000,121309,48.85
19/03/2018,-9980,-158210000,15.85(0.96 %),0,0,9980,158210000,127389,48.84
20/03/2018,72750,1156460000,15.9(0.32 %),88500,1403940000,15750,247480000,50439,48.94
21/03/2018,-189900,-3003910000,15.7(-1.26 %),9000,140850000,198900,3144760000,79439,48.9
22/03/2018,76160,1188820000,15.6(-0.64 %),80000,1249080000,3840,60260000,9419,48.99
23/03/2018,20500,309830000,15.2(-2.56 %),20500,309830000,0,0,4669,48.99
26/03/2018,5000,75750000,14.9(-1.97 %),5000,75750000,0,0,198569,48.76
27/03/2018,-151420,-2278080000,15(0.67 %),0,0,151420,2278080000,202409,48.75
28/03/2018,0,0,15(0.00 %),0,0,0,0,202409,48.75
29/03/2018,-19110,-287920000,15.15(1.00 %),10890,164100000,30000,452020000,191519,48.77
30/03/2018,130620,1997790000,15.3(0.99 %),176000,2691600000,45380,693810000,166939,48.8
02/04/2018,111280,1723200000,15.5(1.31 %),115000,1781050000,3720,57850000,51939,48.94
03/04/2018,-494070,-7469840000,15.25(-1.61 %),43510,657380000,537580,8127220000,38429,48.95
04/04/2018,18370,283690000,15.85(3.93 %),25020,385710000,6650,102020000,58789,48.93
05/04/2018,62110,1002270000,16.4(3.47 %),62510,1008830000,400,6560000,4,49.0
06/04/2018,59890,984520000,16.5(0.61 %),137890,2272480000,78000,1287960000,399694,48.51
09/04/2018,147180,2407780000,16.35(-0.91 %),157580,2577690000,10400,169910000,248764,48.7
10/04/2018,-8990,-142240000,15.75(-3.67 %),6010,96260000,15000,238500000,243154,48.7
11/04/2018,-12150,-191770000,15.25(-3.17 %),8000,124600000,20150,316370000,313154,48.62
12/04/2018,9190,146970000,15.35(0.66 %),60190,926900000,51000,779930000,263364,48.68
13/04/2018,-4950,-75760000,15.3(-0.33 %),50,770000,5000,76530000,278314,48.66
16/04/2018,58700,919870000,15.6(1.96 %),71200,1112700000,12500,192830000,227264,48.72
17/04/2018,-216330,-3344620000,15.7(0.64 %),19000,295060000,235330,3639680000,259264,48.68
18/04/2018,103700,1632440000,15.7(0.00 %),103700,1632440000,0,0,160564,48.8
19/04/2018,171060,2707920000,15.7(0.00 %),173060,2739720000,2000,31800000,4,49.0
20/04/2018,125720,2021910000,16.2(3.18 %),125720,2021910000,0,0,109614,48.87
23/04/2018,53000,889000000,16.5(1.85 %),68000,1140750000,15000,251750000,41614,48.95
24/04/2018,40,660000,15.8(-4.24 %),40,660000,0,0,43574,48.95
26/04/2018,43570,670040000,15.15(-4.11 %),43570,670040000,0,0,4,49.0
27/04/2018,-721500,-10310310000,14.2(-6.27 %),15000,219360000,736500,10529670000,4,49.0
02/05/2018,-262940,-3755260000,14.4(1.41 %),0,0,262940,3755260000,4,49.0
03/05/2018,0,0,14.2(-1.39 %),0,0,0,0,4,49.0
04/05/2018,9920,140650000,14.3(0.70 %),9920,140650000,0,0,726597,48.11
07/05/2018,82890,1189720000,14.65(2.45 %),1373889,19814870000,1290999,18625150000,906277,47.89
08/05/2018,0,0,14.5(-1.02 %),0,0,0,0,906277,47.89
09/05/2018,-1200,-17360000,14.5(0.00 %),100,1430000,1300,18790000,906177,47.89
10/05/2018,208560,3053150000,14.8(2.07 %),218560,3202650000,10000,149500000,687987,48.16
11/05/2018,8000,117310000,14.9(0.68 %),8000,117310000,0,0,679987,48.17
14/05/2018,17400,260110000,14.95(0.34 %),27500,410660000,10100,150550000,653787,48.2
15/05/2018,3000,44250000,14.95(0.00 %),3000,44250000,0,0,660787,48.19
16/05/2018,0,0,14.6(-2.34 %),0,0,0,0,660787,48.19
17/05/2018,16000,232200000,14.4(-1.37 %),17000,246700000,1000,14500000,653887,48.2
18/05/2018,0,0,14.75(2.43 %),0,0,0,0,653887,48.2
21/05/2018,0,0,14.8(0.34 %),0,0,0,0,653887,48.2
22/05/2018,0,0,14.8(0.00 %),0,0,0,0,654887,48.2
23/05/2018,0,0,14.8(0.00 %),0,0,0,0,654887,48.2
24/05/2018,136000,2052020000,15.2(2.70 %),161000,2427020000,25000,375000000,493887,48.4
25/05/2018,-6330,-96220000,15(-1.32 %),0,0,6330,96220000,493887,48.4
28/05/2018,-95100,-1395550000,14.6(-2.67 %),11900,173500000,107000,1569050000,481987,48.41
29/05/2018,0,0,15(2.74 %),0,0,0,0,506987,48.38
30/05/2018,0,0,14.95(-0.33 %),0,0,0,0,513317,48.37
31/05/2018,-10000,-149500000,15.05(0.67 %),0,0,10000,149500000,620317,48.24
01/06/2018,-12750,-191570000,15.2(1.00 %),250,3800000,13000,195370000,620067,48.24
04/06/2018,-186050,-2814700000,15.5(1.97 %),0,0,186050,2814700000,620067,48.24
05/06/2018,-25000,-388750000,15.55(0.32 %),0,0,25000,388750000,630067,48.23
06/06/2018,-9910,-158200000,15.75(1.29 %),5400,83700000,15310,241900000,637667,48.22
07/06/2018,-500,-7450000,14.75(0.00 %),5000,74250000,5500,81700000,818717,48.0
08/06/2018,19610,281730000,14.3(-3.05 %),19610,281730000,0,0,824107,47.99
11/06/2018,12580,178250000,14.1(-1.40 %),12580,178250000,0,0,826837,47.99
12/06/2018,0,-1000000,14(-0.71 %),5000,68500000,5000,69500000,827337,47.99
13/06/2018,-2770,-39460000,14.25(1.79 %),730,10290000,3500,49750000,826607,47.99
14/06/2018,-85400,-1204550000,14.15(-0.70 %),0,0,85400,1204550000,826607,47.99
15/06/2018,-75500,-1061300000,14.15(0.00 %),0,0,75500,1061300000,831607,47.98
18/06/2018,-21220,-297000000,14.1(-0.35 %),0,0,21220,297000000,835107,47.98
19/06/2018,-26000,-359750000,13.8(-2.13 %),0,0,26000,359750000,920507,47.87
20/06/2018,-4230,-58420000,13.8(0.00 %),0,0,4230,58420000,996007,47.78
21/06/2018,1990,27260000,13.8(0.00 %),2000,27400000,10,140000,1015227,47.76
22/06/2018,0,0,13.85(0.36 %),0,0,0,0,1041227,47.72
25/06/2018,3000,41400000,13.8(-0.36 %),3000,41400000,0,0,1042457,47.72
26/06/2018,0,0,13.65(-1.09 %),0,0,0,0,1042467,47.72
27/06/2018,-30000,-412000000,13.65(0.00 %),0,0,30000,412000000,1042467,47.72
28/06/2018,620,8430000,13.6(-0.37 %),620,8430000,0,0,1041847,47.72
29/06/2018,35000,486205000,13.95(2.57 %),35000,486205000,0,0,1006847,41.38
02/07/2018,-25000,-343030000,13.8(-1.08 %),0,0,25000,343030000,1036847,47.73
03/07/2018,-238170,-3218850000,13.45(-2.54 %),0,0,238170,3218850000,1036847,47.73
04/07/2018,48170,659930000,13.7(1.86 %),78320,1066340000,30150,406410000,958527,47.83
05/07/2018,-22800,-308610000,13.5(-1.46 %),200,2690000,23000,311300000,983327,47.8
06/07/2018,-32650,-435890000,13.55(0.37 %),350,4690000,33000,440580000,1221147,47.5
09/07/2018,-149770,-1973740000,13.15(-2.95 %),0,0,149770,1973740000,1251297,47.47
10/07/2018,-68970,-905410000,13(-1.14 %),2420,31580000,71390,936990000,1271877,47.44
11/07/2018,-40100,-496630000,12.1(-6.92 %),0,0,40100,496630000,1304877,47.4
12/07/2018,-35000,-411763500,12(-0.83 %),5000,57500000,40000,469263500,1339877,40.97
13/07/2018,-40000,-472340000,12(0.00 %),0,0,40000,472340000,1521037,47.14
16/07/2018,-37000,-432550000,11.85(-1.25 %),6000,69600000,43000,502150000,1555137,47.1
17/07/2018,-60000,-695750000,11.85(0.00 %),0,0,60000,695750000,1595137,47.05
18/07/2018,-41000,-490981000,12.3(3.80 %),19000,228000000,60000,718981000,1636137,40.61
19/07/2018,-38980,-471990000,12.15(-1.22 %),11020,130100000,50000,602090000,1648117,46.98
20/07/2018,-4500,-54270000,12.15(0.00 %),0,0,4500,54270000,1708117,46.91
23/07/2018,-1300,-15470000,11.95(-1.65 %),0,0,1300,15470000,1709417,40.52
24/07/2018,-160040,-1871910000,11.6(-2.93 %),74100,863390000,234140,2735300000,1744017,46.86
25/07/2018,-179290,-2097850000,11.85(2.16 %),12000,140500000,191290,2238350000,1736517,46.87
26/07/2018,1690,21030000,11.85(0.00 %),7000,84000000,5310,62970000,1730817,46.88
27/07/2018,-77280,-920330000,11.95(0.84 %),0,0,77280,920330000,1964957,46.59
30/07/2018,-207810,-2489700000,12(0.42 %),0,0,207810,2489700000,2156247,46.36
31/07/2018,15700,182820000,11.8(-1.67 %),15700,182820000,0,0,2140547,39.99
01/08/2018,120780,1443700000,12(1.69 %),120780,1443700000,0,0,2102357,46.42
02/08/2018,60000,711000000,11.75(-2.08 %),60000,711000000,0,0,2250167,46.24
03/08/2018,-348030,-4025590000,11.45(-2.55 %),35000,407750000,383030,4433340000,2215167,46.29
06/08/2018,0,0,11.55(0.87 %),0,0,0,0,2215167,39.9
07/08/2018,0,0,11.65(0.87 %),0,0,0,0,2215167,46.29
08/08/2018,-30000,-344460000,11.55(-0.86 %),0,0,30000,344460000,2598197,45.82
09/08/2018,1490,17150000,11.45(-0.87 %),1500,17270000,10,120000,2596697,45.82
10/08/2018,-1250,-14380000,11.45(0.00 %),0,0,1250,14380000,2596705,45.82
13/08/2018,-5000,-57000000,11.55(0.87 %),0,0,5000,57000000,2626705,45.78
14/08/2018,-5950,-68090000,11.45(-0.87 %),0,0,5950,68090000,2626715,45.78
15/08/2018,-24990,-284060000,11.3(-1.31 %),10,110000,25000,284170000,2627955,45.78
16/08/2018,-19970,-223440000,11.2(-0.88 %),30,340000,20000,223780000,2632925,45.77
17/08/2018,-29490,-330487500,11.25(0.45 %),510,5736500,30000,336224000,2662415,39.35
20/08/2018,-44100,-491600000,11.25(0.00 %),3000,33450000,47100,525050000,2660365,45.74
21/08/2018,-26620,-298250000,11.3(0.44 %),200,2240000,26820,300490000,2680165,45.72
22/08/2018,15040,169950000,11.35(0.44 %),15040,169950000,0,0,2695125,45.7
23/08/2018,-20000,-226430000,11.4(0.44 %),0,0,20000,226430000,2742225,45.64
24/08/2018,60,690000,11.5(0.88 %),60,690000,0,0,2768985,45.61
27/08/2018,-187230,-2160610000,11.6(0.87 %),0,0,187230,2160610000,2768985,45.61
28/08/2018,-280000,-3262370000,11.7(0.86 %),95000,1109510000,375000,4371880000,2693985,45.7
29/08/2018,-140150,-1617710000,11.5(-1.71 %),210,2450000,140360,1620160000,2693775,45.7
30/08/2018,-376080,-4276850000,11.4(-0.87 %),20100,229140000,396180,4505990000,2860905,45.5
31/08/2018,-9900,-117150000,11.35(-0.44 %),30100,338650000,40000,455800000,3205805,45.07
04/09/2018,570,6510000,11.4(0.44 %),600,6850000,30,340000,3345565,44.9
05/09/2018,1260,14310000,11.35(-0.44 %),3700,42000000,2440,27690000,3738045,44.42
06/09/2018,100,1130000,11.2(-1.32 %),100,1130000,0,0,3777945,44.37
07/09/2018,0,0,11.3(0.89 %),0,0,0,0,3777945,37.98
10/09/2018,21300,241220000,11.35(0.44 %),21300,241220000,0,0,3759115,44.4
11/09/2018,-39500,-446530000,11.3(-0.44 %),500,5700000,40000,452230000,3758615,44.4
12/09/2018,-600,-6750000,11.3(0.00 %),0,0,600,6750000,3758615,44.4
13/09/2018,-29000,-326640000,11.35(0.44 %),1000,11250000,30000,337890000,3757615,44.4
14/09/2018,-80000,-901120000,11.35(0.00 %),0,0,80000,901120000,3797615,44.35
17/09/2018,760,8590000,11.3(-0.44 %),760,8590000,0,0,3797455,44.35
18/09/2018,-590900,-6548780000,11.05(-2.21 %),300,3350000,591200,6552130000,3827164,44.31
19/09/2018,-503990,-5563440000,11.2(1.36 %),800,8920000,504790,5572360000,3906364,44.21
20/09/2018,-500,-5600000,11.2(0.00 %),500,5600000,1000,11200000,3905864,44.22
21/09/2018,-9100,-101170000,11.2(0.00 %),400,4480000,9500,105650000,4496664,43.49
24/09/2018,-725340,-8459190000,11.75(4.91 %),0,0,725340,8459190000,5001454,42.87
25/09/2018,-300000,-3508800000,11.75(0.00 %),0,0,300000,3508800000,5301454,42.51
26/09/2018,-779890,-9399550000,12.05(2.55 %),120510,1454470000,900400,10854020000,4891444,43.01
27/09/2018,-302910,-3642250000,11.95(-0.83 %),30100,360250000,333010,4002500000,5586684,42.16
28/09/2018,-769120,-9310490000,12.1(1.26 %),7980,96800000,777100,9407290000,6008704,41.64
01/10/2018,-609300,-7186700000,11.65(-3.72 %),700,8330000,610000,7195030000,6908395,40.54
02/10/2018,-638990,-7514596500,11.75(0.86 %),61010,720917500,700000,8235514000,7547385,39.75
03/10/2018,-380200,-4528310000,12.55(6.81 %),370000,4560130000,750200,9088440000,7587495,39.71
04/10/2018,269900,3448740000,12.75(1.59 %),270000,3450010000,100,1270000,7927495,39.29
05/10/2018,50000,620000000,12.4(-2.75 %),50000,620000000,0,0,8577495,38.49
08/10/2018,150100,1871220000,12.55(1.21 %),150100,1871220000,0,0,9177595,37.76
09/10/2018,120000,1498370000,12.45(-0.80 %),120000,1498370000,0,0,9057695,37.9
10/10/2018,216100,2688751000,12.3(-1.20 %),216100,2688751000,0,0,8841595,38.17
11/10/2018,-390770,-4549216500,11.45(-6.91 %),100100,1152645000,490870,5701861500,9232365,37.69
12/10/2018,-466700,-5326320000,11.5(0.44 %),300,3455000,467000,5329775000,9699065,37.12
15/10/2018,0,0,11.15(-3.04 %),0,0,0,0,8741204,38.29
16/10/2018,150200,1743170000,11.65(4.48 %),423530,4831800000,273330,3088630000,9081874,37.88
17/10/2018,41600,486934000,11.75(0.86 %),41600,486934000,0,0,9040274,37.93
18/10/2018,41300,477650000,11.5(-2.13 %),41300,477650000,0,0,9465974,37.4
19/10/2018,-227000,-2548666000,11.3(-1.74 %),33000,374010000,260000,2922676000,9692974,37.13
22/10/2018,-95000,-1077190000,11.4(0.88 %),35000,398100000,130000,1475290000,9397974,37.49
23/10/2018,-9100,-101435000,11.2(-1.75 %),50900,559530000,60000,660965000,9407074,37.48
24/10/2018,200,2170000,10.8(-3.57 %),200,2170000,0,0,9606874,37.23
25/10/2018,-56320,-578850000,10.7(-0.93 %),161460,1694380000,217780,2273230000,9575414,37.27
26/10/2018,-78000,-814710000,10.35(-3.27 %),52000,542390000,130000,1357100000,9583414,37.26
29/10/2018,-87000,-878120000,10.15(-1.93 %),3000,30750000,90000,908870000,9580414,37.26
30/10/2018,-10,-100000,9.9(-2.46 %),0,0,10,100000,9580424,37.26
31/10/2018,19000,191195000,10.1(2.02 %),19000,191195000,0,0,9561424,37.29
01/11/2018,-62000,-615630000,9.8(-2.97 %),0,0,62000,615630000,9999194,36.75
02/11/2018,-6000,-59005800,9.8(0.00 %),24000,236325300,30000,295331100,10005194,36.74
05/11/2018,-30010,-299810000,10.1(3.06 %),0,0,30010,299810000,9975204,36.78
06/11/2018,-73340,-750851000,10.25(1.49 %),6660,67599000,80000,818450000,10048544,36.69
07/11/2018,0,0,10.3(0.49 %),0,0,0,0,10060553,36.68
08/11/2018,0,0,10.3(0.00 %),0,0,0,0,10090563,36.64
09/11/2018,-40,-410000,10.1(-1.94 %),0,0,40,410000,10170563,36.54
12/11/2018,0,0,10.15(0.50 %),0,0,0,0,10170563,36.54
13/11/2018,0,0,10.1(-0.49 %),0,0,0,0,10170563,36.54
14/11/2018,-19520,-192910000,9.82(-2.77 %),100,980000,19620,193890000,10170503,36.54
15/11/2018,0,0,10.05(2.34 %),0,0,0,0,10170503,36.54
16/11/2018,0,0,10.05(0.00 %),0,0,0,0,10170503,36.54
19/11/2018,-2280,-22750000,10.1(0.50 %),0,0,2280,22750000,10190123,36.52
20/11/2018,9990,102400000,10.45(3.47 %),10000,102500000,10,100000,10180123,36.53
21/11/2018,0,0,10.3(-1.44 %),0,0,0,0,10180123,36.53
22/11/2018,0,0,10.4(0.97 %),0,0,0,0,10182403,36.53
23/11/2018,-8500,-87990000,10.3(-0.96 %),1500,15560000,10000,103550000,10180913,36.53
26/11/2018,0,0,10.3(0.00 %),0,0,0,0,10180913,36.53
27/11/2018,2000,20670000,10.25(-0.49 %),2000,20670000,0,0,10178913,36.53
28/11/2018,0,0,10.3(0.49 %),0,0,0,0,10188913,36.52
29/11/2018,0,0,10.2(-0.97 %),0,0,0,0,10188913,36.52
30/11/2018,0,0,10.2(0.00 %),0,0,0,0,10188913,36.52
03/12/2018,0,0,10.3(0.98 %),0,0,0,0,10188913,36.52
04/12/2018,0,0,10.35(0.49 %),0,0,0,0,10188913,36.52
05/12/2018,0,0,10.3(-0.48 %),0,0,0,0,10188913,36.52
06/12/2018,620,6330000,10.3(0.00 %),2000,20500000,1380,14170000,10186913,36.52
07/12/2018,11750,123030000,10.85(5.34 %),11750,123030000,0,0,10175163,36.54
10/12/2018,350,3780000,10.8(-0.46 %),350,3780000,0,0,10174813,36.54
11/12/2018,0,0,10.7(-0.93 %),0,0,0,0,10176198,36.53
12/12/2018,-11750,-125190000,10.7(0.00 %),0,0,11750,125190000,10176198,36.53
13/12/2018,5000,53500000,10.9(1.87 %),5000,53500000,0,0,10171198,36.54
14/12/2018,370,4010000,10.85(-0.46 %),370,4010000,0,0,10170828,36.54
17/12/2018,-30,-330000,10.5(-3.23 %),40,420000,70,750000,10182538,36.53
18/12/2018,-370,-3770000,10.25(-2.38 %),0,0,370,3770000,10182538,36.53
19/12/2018,0,0,10.25(0.00 %),0,0,0,0,10182538,36.53
20/12/2018,3160,32610000,10.3(0.49 %),12000,124100000,8840,91490000,10170608,36.54
21/12/2018,1000,10250000,10.4(0.97 %),1000,10250000,0,0,10169978,36.54
24/12/2018,0,0,10.1(-2.88 %),0,0,0,0,10169978,36.54
25/12/2018,-11400,-114170000,10(-0.99 %),600,5940000,12000,120110000,10178218,36.53
26/12/2018,0,0,9.98(-0.20 %),0,0,0,0,10178218,36.53
27/12/2018,6900,70230000,10.15(1.70 %),6900,70230000,0,0,10171318,36.54
28/12/2018,2000,20100000,10.1(-0.49 %),2000,20100000,0,0,10181318,36.53
02/01/2019,0,0,10(-0.99 %),0,0,0,0,10181318,36.53
03/01/2019,-167000,-1623523600,9.74(-2.60 %),3000,28890000,170000,1652413600,10348318,36.32
04/01/2019,-229000,-2218880000,10(2.67 %),1000,9610000,230000,2228490000,10177318,36.53
07/01/2019,-87670,-865804400,9.9(-1.00 %),17330,170534000,105000,1036338400,10264988,36.43
08/01/2019,-170000,-1660620000,9.9(0.00 %),0,0,170000,1660620000,10329988,36.35
09/01/2019,-83470,-816360000,9.9(0.00 %),120000,1182480000,203470,1998840000,10439988,36.21
10/01/2019,-113000,-1109370000,9.89(-0.10 %),2000,19600000,115000,1128970000,10542988,36.09
11/01/2019,-99950,-983110000,9.88(-0.10 %),50,490000,100000,983600000,10712938,35.88
14/01/2019,-89990,-883150000,9.88(0.00 %),10,100000,90000,883250000,10916398,35.63
15/01/2019,-145000,-1419400000,9.87(-0.10 %),0,0,145000,1419400000,11031398,35.49
16/01/2019,-50000,-491089700,9.87(0.00 %),0,0,50000,491089700,11081398,35.43
17/01/2019,-30000,-294250000,9.87(0.00 %),0,0,30000,294250000,11221398,35.25
18/01/2019,-20000,-196130000,9.86(-0.10 %),0,0,20000,196130000,11366398,35.08
21/01/2019,-13000,-127420000,9.86(0.00 %),7000,68950000,20000,196370000,11409398,35.02
22/01/2019,-10000,-97880000,10(1.42 %),10000,100750000,20000,198630000,11429398,35.0
23/01/2019,-94580,-940313500,9.98(-0.20 %),0,0,94580,940313500,11523978,34.88
24/01/2019,13000,131800000,10.3(3.21 %),13000,131800000,0,0,11510978,34.9
25/01/2019,-50000,-509380000,10.25(-0.49 %),0,0,50000,509380000,11476398,34.94
28/01/2019,-50000,-501170000,10.15(-0.98 %),0,0,50000,501170000,11610978,34.78
29/01/2019,-40000,-398710000,9.96(-1.87 %),0,0,40000,398710000,11570978,34.83
30/01/2019,-31000,-309591500,9.97(0.10 %),10000,100500000,41000,410091500,11681978,34.69
31/01/2019,-59500,-597580000,10(0.30 %),500,5050000,60000,602630000,11660478,34.72
01/02/2019,0,0,10(0.00 %),0,0,0,0,11700478,34.67
11/02/2019,-24000,-240500000,10.05(0.50 %),0,0,24000,240500000,11741481,34.62
12/02/2019,-47000,-483870000,10.25(1.99 %),3000,30900000,50000,514770000,11798481,34.55
13/02/2019,-65000,-675150000,10.5(2.44 %),5000,52500000,70000,727650000,11836478,34.5
14/02/2019,-50000,-528500000,10.6(0.95 %),0,0,50000,528500000,11886478,34.44
15/02/2019,-9230,-96920000,10.45(-1.42 %),0,0,9230,96920000,11867481,34.46
18/02/2019,35000,371250000,10.65(1.91 %),35000,371250000,0,0,11902481,34.42
19/02/2019,-14000,-152380000,10.65(0.00 %),6000,64950000,20000,217330000,11946481,34.37
20/02/2019,-30160,-320940000,10.65(0.00 %),5840,62780000,36000,383720000,11949871,34.36
21/02/2019,-50200,-536020000,10.65(0.00 %),0,0,50200,536020000,11955068,34.36
22/02/2019,0,0,10.5(-1.41 %),0,0,0,0,11969871,34.34
25/02/2019,-3310,-35060000,10.65(1.43 %),0,0,3310,35060000,12005871,34.29
26/02/2019,-450,-4840000,10.7(0.47 %),0,0,450,4840000,12056071,34.23
27/02/2019,-600,-6660000,11.2(4.67 %),0,0,600,6660000,12056071,34.23
28/02/2019,-20,-223000,10.9(-2.68 %),0,0,20,223000,11959448,34.35
01/03/2019,-30,-330000,11.65(6.88 %),0,0,30,330000,12059831,34.23
04/03/2019,-1000,-11300000,11.9(2.15 %),4000,47200000,5000,58500000,12060831,34.23
05/03/2019,7900,92430000,11.6(-2.52 %),7900,92430000,0,0,12052931,34.24
06/03/2019,500,5900000,12(3.45 %),500,5900000,0,0,12048081,34.24
07/03/2019,3460,41370000,11.8(-1.67 %),3460,41370000,0,0,12049621,34.24
08/03/2019,7080,82440000,11.55(-2.12 %),7080,82440000,0,0,12042541,34.25
11/03/2019,0,0,11.65(0.87 %),0,0,0,0,12045851,34.24
12/03/2019,500,5800000,11.65(0.00 %),500,5800000,0,0,12045351,34.24
13/03/2019,0,0,11.75(0.86 %),0,0,0,0,12045351,34.24
14/03/2019,18050,212670000,11.6(-1.28 %),18050,212670000,0,0,12023991,34.27
15/03/2019,0,0,11.65(0.43 %),0,0,0,0,12023991,34.27
18/03/2019,-116000,-1416650000,12.4(6.44 %),0,0,116000,1416650000,12139991,34.13
19/03/2019,-50650,-627804500,12.45(0.40 %),19360,243964000,70010,871768500,12190641,34.07
20/03/2019,4200,51990000,12.25(-1.61 %),4200,51990000,0,0,12000431,34.3
21/03/2019,-7950,-98590000,11.6(-5.31 %),2050,24910000,10000,123500000,12114381,34.16
22/03/2019,0,0,11.85(2.16 %),0,0,0,0,12194391,34.06
25/03/2019,750,8700000,11.5(-2.95 %),750,8700000,0,0,12193641,34.06
26/03/2019,1180,13450000,11.6(0.87 %),3650,41980000,2470,28530000,12189991,34.07
27/03/2019,-2950,-34642500,11.6(0.00 %),0,0,2950,34642500,12195411,34.06
28/03/2019,0,0,11.65(0.43 %),0,0,0,0,12195411,34.06
29/03/2019,0,0,11.5(-1.29 %),0,0,0,0,12195411,34.06
01/04/2019,-24110,-260010000,10.7(-6.96 %),7890,85720000,32000,345730000,12187521,34.07
02/04/2019,-115600,-1234900000,10.8(0.93 %),400,4280000,116000,1239180000,12311011,33.92
03/04/2019,0,0,10.75(-0.46 %),0,0,0,0,12311011,33.92
04/04/2019,11000,118500000,10.75(0.00 %),11000,118500000,0,0,12300011,33.93
05/04/2019,500,5450000,10.85(0.93 %),500,5450000,0,0,12323621,33.9
08/04/2019,0,0,11.4(5.07 %),0,0,0,0,12323621,33.9
09/04/2019,-30880,-353548000,11.4(0.00 %),120,1392000,31000,354940000,12330391,33.9
10/04/2019,13590,153567000,11.25(-1.32 %),20000,226000000,6410,72433000,12316801,33.91
11/04/2019,0,0,11.25(0.00 %),0,0,0,0,12316801,33.91
12/04/2019,200,2250000,11.25(0.00 %),200,2250000,0,0,12334301,33.89
16/04/2019,0,0,11.25(0.00 %),0,0,0,0,12340711,33.88
17/04/2019,0,0,11.1(-1.33 %),0,0,0,0,12340711,33.88
18/04/2019,-7060,-77310000,10.85(-2.25 %),0,0,7060,77310000,12340711,33.88
19/04/2019,0,0,10.95(0.92 %),0,0,0,0,12340711,33.88
22/04/2019,4000,46600000,11.7(6.85 %),4000,46600000,0,0,12336711,33.89
23/04/2019,10000,116000000,11.5(-1.71 %),10000,116000000,0,0,12333771,33.89
24/04/2019,0,0,11.7(1.74 %),0,0,0,0,12333771,33.89
25/04/2019,15000,175500000,11.8(0.85 %),15000,175500000,0,0,12318771,33.91
26/04/2019,0,0,11.7(-0.85 %),0,0,0,0,12318771,33.91
02/05/2019,840,10000000,11.9(1.71 %),840,10000000,0,0,12317931,33.91
03/05/2019,500,5964000,12(0.84 %),500,5964000,0,0,12318271,33.91
06/05/2019,0,0,11.6(-3.33 %),0,0,0,0,12318271,33.91
07/05/2019,0,0,11.35(-2.16 %),0,0,0,0,12318271,33.91
08/05/2019,-1450,-16460000,11.35(0.00 %),0,0,1450,16460000,12317431,33.91
09/05/2019,15550,176812500,11.35(0.00 %),15550,176812500,0,0,12304171,33.93
10/05/2019,0,0,11.35(0.00 %),0,0,0,0,12304171,33.93
13/05/2019,100,1140000,11.35(0.00 %),100,1140000,0,0,12304071,33.93
14/05/2019,200,2280000,11.45(0.88 %),200,2280000,0,0,12303871,33.93
15/05/2019,0,0,11.75(2.62 %),0,0,0,0,12303871,33.93
16/05/2019,0,0,11.6(-1.28 %),0,0,0,0,12303871,33.93
17/05/2019,-13900,-162210000,11.7(0.86 %),100,1170000,14000,163380000,12302931,33.93
20/05/2019,0,0,12(2.56 %),0,0,0,0,12302931,33.93
21/05/2019,0,0,11.9(-0.83 %),0,0,0,0,12302931,33.93
22/05/2019,0,0,11.8(-0.84 %),0,0,0,0,12316931,33.91
23/05/2019,0,0,11.75(-0.42 %),0,0,0,0,12316931,33.91
24/05/2019,-350,-4110000,11.7(-0.43 %),0,0,350,4110000,12316931,33.91
27/05/2019,0,0,11.8(0.85 %),0,0,0,0,12316931,33.91
28/05/2019,0,0,11.9(0.85 %),0,0,0,0,12316931,33.91
29/05/2019,0,0,11.9(0.00 %),0,0,0,0,12317281,33.91
30/05/2019,57790,709450000,12.2(2.52 %),58000,712080000,210,2630000,12259281,33.98
31/05/2019,5000,61150000,12.1(-0.82 %),5000,61150000,0,0,12254281,33.99
03/06/2019,3500,41950000,12(-0.83 %),3500,41950000,0,0,12250781,33.99
04/06/2019,-4410,-52570000,11.95(-0.42 %),1300,15660000,5710,68230000,12249691,33.99
05/06/2019,0,0,11.9(-0.42 %),0,0,0,0,12255191,33.99
06/06/2019,-5000,-60000000,12(0.84 %),0,0,5000,60000000,12260191,33.98
07/06/2019,0,0,12.3(2.50 %),0,0,0,0,12260191,33.98
10/06/2019,1370,17911000,12.3(0.00 %),11370,140911000,10000,123000000,12258821,33.98
11/06/2019,-10000,-125500000,12.65(2.85 %),0,0,10000,125500000,12268821,33.97
12/06/2019,-136410,-1747969000,12.75(0.79 %),3590,46311000,140000,1794280000,12385441,33.83
13/06/2019,-31300,-404220000,12.8(0.39 %),3000,38250000,34300,442470000,12416741,33.79
14/06/2019,-700,-8890000,12.75(-0.39 %),0,0,700,8890000,12417441,33.79
17/06/2019,-19650,-249660000,12.75(0.00 %),1610,20530000,21260,270190000,12400831,33.81
18/06/2019,-60000,-770333000,12.9(1.18 %),0,0,60000,770333000,12497091,33.69
19/06/2019,0,0,12.9(0.00 %),0,0,0,0,12497091,33.69
20/06/2019,5500,70650000,12.85(-0.39 %),5500,70650000,0,0,12491591,33.7
21/06/2019,2000,25350000,12.7(-1.17 %),2000,25350000,0,0,12509591,33.68
24/06/2019,7660,97050000,12.55(-1.18 %),7660,97050000,0,0,12501931,33.69
25/06/2019,28000,350170000,12.4(-1.20 %),28000,350170000,0,0,12473938,33.72
26/06/2019,1000,10250000,10.1(-18.55 %),1000,10250000,0,0,12472938,33.72
27/06/2019,-15000,-149380000,9.97(-1.29 %),0,0,15000,149380000,12472938,33.72
28/06/2019,-13550,-133102600,9.8(-1.71 %),2000,19660000,15550,152762600,12481481,33.71
01/07/2019,-20000,-197450000,9.98(1.84 %),0,0,20000,197450000,12470938,33.72
02/07/2019,0,0,9.88(-1.00 %),0,0,0,0,12485938,33.71
03/07/2019,-255500,-2505443300,9.86(-0.20 %),2500,24500000,258000,2529943300,12726438,33.41
04/07/2019,-180000,-1747400000,9.75(-1.12 %),0,0,180000,1747400000,12518988,33.66
05/07/2019,-61900,-597570000,9.65(-1.03 %),100,970000,62000,598540000,12518888,33.66
08/07/2019,0,0,9.5(-1.55 %),0,0,0,0,12968338,33.11
09/07/2019,1000,9500000,9.41(-0.95 %),1000,9500000,0,0,12967338,33.12
10/07/2019,0,0,9.68(2.87 %),0,0,0,0,13017888,33.05
11/07/2019,0,0,9.67(-0.10 %),0,0,0,0,13017888,33.05
12/07/2019,500,4760000,9.5(-1.76 %),500,4760000,0,0,13017388,33.05
15/07/2019,200,1894000,9.42(-0.84 %),200,1894000,0,0,12966638,33.12
16/07/2019,0,0,9.48(0.64 %),0,0,0,0,13017188,33.05
17/07/2019,0,0,9.5(0.21 %),0,0,0,0,13017188,33.05
18/07/2019,0,0,9.5(0.00 %),0,0,0,0,13017188,33.05
19/07/2019,0,0,9.48(-0.21 %),0,0,0,0,13017188,33.05
22/07/2019,5220,49381200,9.42(-0.63 %),5220,49381200,0,0,12961418,33.12
23/07/2019,14500,136300000,9.4(-0.21 %),14500,136300000,0,0,12997468,33.08
24/07/2019,0,0,9.2(-2.13 %),0,0,0,0,12997468,33.08
25/07/2019,0,0,9.05(-1.63 %),0,0,0,0,12997468,33.08
26/07/2019,0,0,9.19(1.55 %),0,0,0,0,12997468,33.08
29/07/2019,100,910000,9.16(-0.33 %),100,910000,0,0,12997368,33.08
30/07/2019,2200,20090000,9(-1.75 %),2200,20090000,0,0,12995168,33.08
31/07/2019,0,0,9.16(1.78 %),0,0,0,0,12995168,33.08
01/08/2019,20,183000,9.18(0.22 %),20,183000,0,0,12995168,33.08
02/08/2019,3270,29890000,9.2(0.22 %),3270,29890000,0,0,12991878,33.09
05/08/2019,0,0,9.1(-1.09 %),0,0,0,0,12991898,33.09
06/08/2019,-10330,-92950000,9.04(-0.66 %),0,0,10330,92950000,12991878,33.09
07/08/2019,0,0,9(-0.44 %),0,0,0,0,13002228,33.07
08/08/2019,-800,-7184000,9(0.00 %),0,0,800,7184000,13003028,33.07
09/08/2019,-4000,-36540000,9.15(1.67 %),0,0,4000,36540000,13007028,33.07
12/08/2019,0,0,9.18(0.33 %),0,0,0,0,14872565,33.16
13/08/2019,10030,91273600,9.15(-0.33 %),10030,91273600,0,0,12996998,40.43
14/08/2019,-4500,-41990000,9.4(2.73 %),0,0,4500,41990000,14867335,33.16
15/08/2019,-1500,-14030000,9.37(-0.32 %),0,0,1500,14030000,14867335,33.16
16/08/2019,2990,28030000,9.39(0.21 %),2990,28030000,0,0,14864345,33.17
19/08/2019,-149700,-1433912900,9.64(2.66 %),1800,17140000,151500,1451052900,13149708,34.99
20/08/2019,-152490,-1485250000,9.78(1.45 %),510,5010000,153000,1490260000,14868035,33.16
21/08/2019,-137910,-1333230000,9.62(-1.64 %),3590,34750000,141500,1367980000,14864445,33.17
22/08/2019,-120,-1144800,9.5(-1.25 %),0,0,120,1144800,13440228,34.68
23/08/2019,-1460,-13800000,9.79(3.05 %),2000,19580000,3460,33380000,15166945,32.84
26/08/2019,-119890,-1136370000,9.76(-0.31 %),24000,233700000,143890,1370070000,15284445,32.72
27/08/2019,-140500,-1380470000,10.05(2.97 %),0,0,140500,1380470000,15284565,32.72
28/08/2019,34000,339600000,10(-0.50 %),34000,339600000,0,0,15254025,32.75
29/08/2019,-16250,-162250000,10.15(1.50 %),1000,10250000,17250,172500000,15396915,32.6
30/08/2019,-206570,-2003970000,10.15(0.00 %),293430,2986030000,500000,4990000000,15243985,32.76
03/09/2019,276290,2804550000,10.2(0.49 %),276500,2806671000,210,2121000,15243989,32.76
04/09/2019,198300,2008720000,10.2(0.00 %),198300,2008720000,0,0,14786439,33.25
05/09/2019,88450,888930000,10.1(-0.98 %),89700,901490000,1250,12560000,15196739,32.81
06/09/2019,59990,597950000,9.89(-2.08 %),60000,598050000,10,100000,15136949,32.88
09/09/2019,12350,120230000,9.78(-1.11 %),17000,165650000,4650,45420000,15119949,32.89
10/09/2019,66150,641560000,9.76(-0.20 %),66150,641560000,0,0,15055049,32.96
11/09/2019,66090,648980000,9.85(0.92 %),69290,680240000,3200,31260000,14985769,33.04
12/09/2019,51500,516660000,10.15(3.05 %),53500,536570000,2000,19910000,14936919,33.09
13/09/2019,65000,655191000,10.15(0.00 %),65000,655191000,0,0,14636159,33.41
16/09/2019,-406810,-4174560000,10.3(1.48 %),78190,805090000,485000,4979650000,14796929,33.24
17/09/2019,215200,2274540000,10.9(5.83 %),225200,2380040000,10000,105500000,14573729,33.48
18/09/2019,83480,936050000,11(0.92 %),125000,1401000000,41520,464950000,14753729,33.28
19/09/2019,25040,275390000,10.95(-0.45 %),25040,275390000,0,0,15213682,32.79
20/09/2019,292030,3281260000,11.3(3.20 %),292180,3282900000,150,1640000,14931502,33.09
23/09/2019,-335950,-3682090000,11(-2.65 %),49060,543120000,385010,4225210000,14923962,33.1
24/09/2019,-20290,-230290000,11.1(0.91 %),36920,409770000,57210,640060000,14887042,33.14
25/09/2019,-537940,-5905438500,11.05(-0.45 %),111130,1228834500,649070,7134273000,15626399,32.35
26/09/2019,-244480,-2699620000,11.05(0.00 %),520,5750000,245000,2705370000,15160552,32.85
27/09/2019,-3440,-37077000,10.65(-3.62 %),1560,16923000,5000,54000000,15874319,32.09
30/09/2019,-13950,-148410000,10.75(0.94 %),1050,11340000,15000,159750000,15888269,32.08
01/10/2019,1060,11450000,10.9(1.40 %),1060,11450000,0,0,16108162,31.84
02/10/2019,-46410,-528520000,11.25(3.21 %),74480,837490000,120890,1366010000,16038682,31.92
03/10/2019,-585480,-6648821000,11.8(4.89 %),0,0,585480,6648821000,16741112,31.17
04/10/2019,-10300,-135810000,11.8(0.00 %),124700,1476690000,135000,1612500000,15928982,32.03
07/10/2019,-108180,-1308040000,11.7(-0.85 %),1840,21700000,110020,1329740000,16048032,31.91
08/10/2019,2290,26830000,11.7(0.00 %),2290,26830000,0,0,16631222,31.28
09/10/2019,-400980,-4597420000,11.5(-1.71 %),0,0,400980,4597420000,16766222,31.14
10/10/2019,-5350,-61408500,11.4(-0.87 %),4650,53591500,10000,115000000,17263632,30.61
11/10/2019,-64000,-734080000,11.55(1.32 %),0,0,64000,734080000,16871592,31.03
14/10/2019,-27000,-315350000,11(-4.76 %),33000,365650000,60000,681000000,17239572,30.64
15/10/2019,-59660,-657294500,11(0.00 %),340,3750000,60000,661044500,17414292,30.45
16/10/2019,-16500,-184380000,11.2(1.82 %),47000,518350000,63500,702730000,17430792,30.43
17/10/2019,-7050,-77240000,10.55(-5.80 %),32950,360450000,40000,437690000,17293282,30.58
18/10/2019,-20000,-213202000,10.5(-0.47 %),40000,418000000,60000,631202000,17457842,30.4
21/10/2019,-3580,-37803000,10(-4.76 %),3920,41322000,7500,79125000,17461422,30.4
22/10/2019,97600,992951500,10.25(2.50 %),97600,992951500,0,0,17363822,30.5
23/10/2019,55270,558814500,10.05(-1.95 %),55270,558814500,0,0,17308552,30.56
24/10/2019,25150,247207400,9.8(-2.49 %),26150,257010000,1000,9802600,17283402,30.59
25/10/2019,920,9110000,9.92(1.22 %),1420,14060000,500,4950000,17299922,30.57
28/10/2019,16570,167850000,10.15(2.32 %),16570,167850000,0,0,17283352,30.59
29/10/2019,-38220,-381920000,9.9(-2.46 %),0,0,38220,381920000,17284352,30.59
30/10/2019,-18770,-182890000,9.88(-0.20 %),71600,705240000,90370,888130000,17213252,30.66
31/10/2019,-33290,-325170000,9.7(-1.82 %),0,0,33290,325170000,17213252,30.66
01/11/2019,100,980000,9.8(1.03 %),100,980000,0,0,17251372,30.62
04/11/2019,-7920,-77854000,9.75(-0.51 %),20830,204230700,28750,282084700,17259392,30.62
05/11/2019,-451880,-4425120000,9.9(1.54 %),48120,474880000,500000,4900000000,17306082,30.57
06/11/2019,29960,304021500,10.15(2.53 %),29960,304021500,0,0,17181312,30.7
07/11/2019,1560,15189000,10.15(0.00 %),10720,108844000,9160,93655000,17179752,30.7
08/11/2019,-9440,-96000000,10.05(-0.99 %),880,8960000,10320,104960000,17793272,30.05
11/11/2019,-25480,-252774700,9.93(-1.19 %),8080,80450900,33560,333225600,17214672,30.66
12/11/2019,-4690,-46654000,9.91(-0.20 %),0,0,4690,46654000,17219362,30.66
13/11/2019,29500,293980000,9.94(0.30 %),30390,302820000,890,8840000,17774282,30.07
14/11/2019,8700,85990000,9.83(-1.11 %),8700,85990000,0,0,17799142,30.04
15/11/2019,-10,-100000,9.84(0.10 %),0,0,10,100000,17803832,30.04
18/11/2019,3340,33430000,10.05(2.13 %),3340,33430000,0,0,17801382,30.04
19/11/2019,-1680,-16970000,10.05(0.00 %),0,0,1680,16970000,17801382,30.04
20/11/2019,3540,35480000,10.05(0.00 %),7940,79700000,4400,44220000,17793452,30.05
21/11/2019,2600,25950000,10(-0.50 %),3500,35000000,900,9050000,17789952,30.05
22/11/2019,-1710,-17031600,9.96(-0.40 %),0,0,1710,17031600,17175082,30.7
25/11/2019,2000,19680000,9.87(-0.90 %),2000,19680000,0,0,17794032,30.05
26/11/2019,4660,45994200,9.87(0.00 %),4660,45994200,0,0,17168422,30.71
27/11/2019,-10470,-103285200,9.85(-0.20 %),1310,12942800,11780,116228000,17178892,30.7
28/11/2019,29510,289660000,9.85(0.00 %),29510,289660000,0,0,17761162,30.08
29/11/2019,-260,-2570000,9.82(-0.30 %),0,0,260,2570000,17761162,30.08
02/12/2019,46050,451496700,9.67(-1.53 %),53090,520523800,7040,69027100,17772942,30.07
03/12/2019,-3540,-34350000,9.65(-0.21 %),1700,16480000,5240,50830000,17718152,30.13
04/12/2019,-1050,-10132500,9.72(0.73 %),0,0,1050,10132500,17777532,30.06
05/12/2019,19540,191673000,9.86(1.44 %),24540,240583000,5000,48910000,17757992,30.08
06/12/2019,31380,316373500,10.25(3.96 %),31380,316373500,0,0,17726612,30.12
09/12/2019,640,6660000,10.2(-0.49 %),640,6660000,0,0,17675182,30.17
10/12/2019,3620,36460000,10(-1.96 %),7500,75650000,3880,39190000,17672682,30.17
11/12/2019,-2860,-28542800,10.25(2.50 %),0,0,2860,28542800,17725212,30.12
12/12/2019,-18510,-189230000,10.2(-0.49 %),0,0,18510,189230000,17672682,30.17
13/12/2019,-11550,-116972500,10.1(-0.98 %),0,0,11550,116972500,17755272,30.09
16/12/2019,-8960,-89900000,10(-0.99 %),0,0,8960,89900000,17764232,30.08
17/12/2019,-1260,-12985100,10(0.00 %),4740,47300400,6000,60285500,17765492,30.08
18/12/2019,42100,423554500,9.98(-0.20 %),42100,423554500,0,0,17723392,30.12
19/12/2019,36500,364360000,9.92(-0.60 %),40500,404360000,4000,40000000,17631102,30.22
20/12/2019,14560,145380000,9.98(0.60 %),14840,148170000,280,2790000,17622262,30.23
23/12/2019,-35310,-351293600,9.8(-1.80 %),5200,51740000,40510,403033600,17707642,30.14
24/12/2019,-9970,-97927600,9.8(0.00 %),15800,154980800,25770,252908400,17717612,30.13
25/12/2019,-26480,-257680000,10.1(3.06 %),16270,161300000,42750,418980000,17589272,30.26
26/12/2019,-12880,-130810000,10.1(0.00 %),15320,154760000,28200,285570000,17756972,30.09
27/12/2019,26220,263494000,10.1(0.00 %),56220,565994000,30000,302500000,17730752,30.11
30/12/2019,115680,1163450000,10.05(-0.50 %),115680,1163450000,0,0,17511082,30.35
31/12/2019,-24870,-247820000,9.97(-0.80 %),0,0,24870,247820000,17539282,30.32
02/01/2020,22200,221280000,10.1(1.30 %),22200,221280000,0,0,17547082,30.31
03/01/2020,38630,409260000,10.5(3.96 %),59130,622460000,20500,213200000,17487952,30.37
06/01/2020,9900,102774500,10.4(-0.95 %),9900,102774500,0,0,17520752,30.34
07/01/2020,35940,380532000,10.75(3.37 %),44940,476082000,9000,95550000,17484812,30.38
08/01/2020,-7540,-78030000,10.3(-4.19 %),15000,154500000,22540,232530000,17463482,30.4
09/01/2020,21690,226960000,10.6(2.91 %),34600,362720000,12910,135760000,17428882,30.43
10/01/2020,-2000,-22750000,10.35(-2.36 %),28000,292250000,30000,315000000,17472662,30.39
13/01/2020,34560,348246000,10.1(-2.42 %),35000,352800000,440,4554000,17438102,30.42
14/01/2020,5310,53900000,10.1(0.00 %),5310,53900000,0,0,17405022,30.46
15/01/2020,-10160,-103120000,10.3(1.98 %),0,0,10160,103120000,17435022,30.43
16/01/2020,-11900,-122030000,10.25(-0.49 %),3000,30750000,14900,152780000,17432462,30.43
17/01/2020,-7360,-74500000,10.2(-0.49 %),7030,71560000,14390,146060000,17425432,30.44
20/01/2020,1590,15870000,10.2(0.00 %),2000,20000000,410,4130000,17433592,30.43
21/01/2020,4150,42350000,10.35(1.47 %),4150,42350000,0,0,17444342,30.42
22/01/2020,12620,131138000,10.35(0.00 %),13240,137524000,620,6386000,17431722,30.43
30/01/2020,-29170,-292390000,9.97(-3.67 %),6080,61620000,35250,354010000,17439822,30.42
31/01/2020,-38610,-386010600,9.9(-0.70 %),0,0,38610,386010600,17499502,30.36
03/02/2020,4130,39913700,9.38(-5.25 %),17430,163443600,13300,123529900,17440442,30.42
04/02/2020,-44350,-420350000,9.45(0.75 %),6020,57070000,50370,477420000,17452242,30.41
05/02/2020,27640,265910000,9.63(1.90 %),27640,265910000,0,0,17463212,30.4
06/02/2020,17660,173690000,9.83(2.08 %),58440,572310000,40780,398620000,17418072,30.45
07/02/2020,160090,1568114700,9.81(-0.20 %),190890,1869443200,30800,301328500,17279402,30.59
10/02/2020,23420,226610000,9.67(-1.43 %),31420,304450000,8000,77840000,17246132,30.63
11/02/2020,27870,270450000,9.72(0.52 %),37870,367470000,10000,97020000,17249042,30.63
12/02/2020,13930,136320000,9.87(1.54 %),35370,346700000,21440,210380000,17244472,30.63
13/02/2020,6240,60570000,10(1.32 %),19750,194910000,13510,134340000,17232722,30.64
14/02/2020,8080,81040000,10.05(0.50 %),8130,81540000,50,500000,17234592,30.64
17/02/2020,145340,1475959500,10.2(1.49 %),178500,1811152000,33160,335192500,17054522,30.83
18/02/2020,126100,1292380000,10.3(0.98 %),159100,1630670000,33000,338290000,16931942,30.96
19/02/2020,107010,1075235000,10(-2.91 %),138020,1390104000,31010,314869000,16821412,31.08
20/02/2020,-3200,-32270000,10.1(1.00 %),26800,270680000,30000,302950000,16824612,31.08
21/02/2020,620,6408000,10.05(-0.50 %),15620,157262000,15000,150854000,16823992,31.08
24/02/2020,21860,200630000,9.4(-6.47 %),94860,915240000,73000,714610000,16753862,31.15
25/02/2020,680,5684900,9.6(2.13 %),11390,107382000,10710,101697100,16801452,31.1
26/02/2020,-62020,-598720000,9.85(2.60 %),11000,106350000,73020,705070000,16776472,31.13
27/02/2020,-186100,-1841220000,9.9(0.51 %),0,0,186100,1841220000,16849472,31.05
28/02/2020,-45940,-441898000,9.52(-3.84 %),7980,75910800,53920,517808800,17095512,30.79
02/03/2020,-15440,-146970000,9.52(0.00 %),0,0,15440,146970000,16925222,30.97
03/03/2020,-26160,-248630000,9.45(-0.74 %),0,0,26160,248630000,17111322,30.77
04/03/2020,-118500,-1120455200,9.45(0.00 %),2310,21904800,120810,1142360000,17069882,30.82
05/03/2020,-83410,-795080000,9.5(0.53 %),8590,82320000,92000,877400000,17169782,30.71
06/03/2020,-93280,-879346000,9.41(-0.95 %),50,472500,93330,879818500,17246572,30.63
09/03/2020,-57130,-502780000,8.76(-6.91 %),7600,66850000,64730,569630000,17309102,30.56
10/03/2020,-24970,-214542600,8.7(-0.68 %),17050,145094500,42020,359637100,17328672,30.54
11/03/2020,-152830,-1296330000,8.35(-4.02 %),0,0,152830,1296330000,17477381,30.38
12/03/2020,-13520,-105470000,7.79(-6.71 %),6840,53590000,20360,159060000,17535271,30.32
13/03/2020,-174620,-1274590800,7.41(-4.88 %),46750,346120900,221370,1620711700,17669642,30.18
16/03/2020,-21960,-159340300,7.29(-1.62 %),20000,145800000,41960,305140300,17691602,30.15
17/03/2020,-148400,-1029520000,7.25(-0.55 %),31860,225550000,180260,1255070000,17651871,30.2
18/03/2020,-64520,-463600000,7.1(-2.07 %),32230,229170000,96750,692770000,17841011,30.0
19/03/2020,-64520,-463607400,6.9(-2.82 %),32230,229167500,96750,692774900,17969042,29.86
20/03/2020,-55130,-373540000,6.95(0.72 %),44890,308910000,100020,682450000,18018341,29.81
23/03/2020,-47980,-312260000,6.47(-6.91 %),13000,86060000,60980,398320000,18102091,29.72
24/03/2020,25810,156988100,6.11(-5.56 %),75710,463430700,49900,306442600,18046342,29.78
25/03/2020,84120,534032300,6.42(5.07 %),129750,822133400,45630,288101100,17962222,29.87
26/03/2020,82140,528230000,6.43(0.16 %),116140,744970000,34000,216740000,18041841,29.78
27/03/2020,49220,311850000,6.3(-2.02 %),49220,311850000,0,0,18042521,29.78
30/03/2020,106700,644379500,5.88(-6.67 %),109350,659961500,2650,15582000,17724162,30.12
31/03/2020,60560,348560000,5.79(-1.53 %),87890,510600000,27330,162040000,17924911,29.91
01/04/2020,61740,367940000,6(3.63 %),63790,380240000,2050,12300000,17861121,29.97
03/04/2020,-52380,-319090000,6.29(4.83 %),87820,545580000,140200,864670000,17775951,30.06
06/04/2020,-38440,-258596900,6.73(7.00 %),40290,269103500,78730,527700400,18015731,29.81
07/04/2020,-90020,-596832600,6.63(-1.49 %),52010,344826300,142030,941658900,18105751,29.71
08/04/2020,92710,603230000,6.66(0.45 %),124760,811180000,32050,207950000,17728471,30.12
09/04/2020,-20350,-136980000,6.78(1.80 %),37450,258240000,57800,395220000,17769751,30.07
10/04/2020,-47000,-321970600,6.95(2.51 %),13610,93880700,60610,415851300,18080391,29.74
13/04/2020,-62430,-444620000,7.13(2.59 %),37570,268620000,100000,713240000,17892651,29.94
14/04/2020,-70810,-504627600,7.35(3.09 %),5340,37872200,76150,542499800,18213631,29.6
15/04/2020,-1320,-10510000,7.86(6.94 %),730,5600000,2050,16110000,18004991,29.82
16/04/2020,-55160,-443871100,8.3(5.60 %),69810,566100600,124970,1009971700,18270111,29.54
17/04/2020,52090,432180300,8.88(6.99 %),168380,1434281800,116290,1002101500,18218021,29.59
20/04/2020,90490,805952400,8.75(-1.46 %),198900,1767290500,108410,961338100,18127531,29.69
21/04/2020,105760,867290000,8.17(-6.63 %),172180,1414560000,66420,547270000,17698891,30.15
22/04/2020,92850,766253000,8.6(5.26 %),94900,783883000,2050,17630000,17928921,29.9
23/04/2020,-89810,-765418500,8.59(-0.12 %),280,2410800,90090,767829300,18018731,29.81
24/04/2020,-10990,-92953600,8.4(-2.21 %),16430,138481000,27420,231434600,18029721,29.79
27/04/2020,-44080,-365021600,8.4(0.00 %),11560,97380700,55640,462402300,18073801,29.75
28/04/2020,-113080,-933351700,8.29(-1.31 %),14250,118173200,127330,1051524900,18186881,29.63
29/04/2020,-28700,-236970500,8.3(0.12 %),23350,193894100,52050,430864600,18215581,29.6
04/05/2020,-20790,-165160000,7.9(-4.82 %),1420,11360000,22210,176520000,18003030,29.82
05/05/2020,-30460,-238140000,8.04(1.77 %),21890,172770000,52350,410910000,18108470,29.71
06/05/2020,-20370,-163310000,8.05(0.12 %),17730,142550000,38100,305860000,18142790,29.67
07/05/2020,-39200,-319920000,8.29(2.98 %),3270,26460000,42470,346380000,18161730,29.65
08/05/2020,-5870,-49120000,8.32(0.36 %),32150,269210000,38020,318330000,18181930,29.63
11/05/2020,-29050,-242740000,8.45(1.56 %),21120,177680000,50170,420420000,18198910,29.61
12/05/2020,-71050,-592970000,8.31(-1.66 %),13000,109020000,84050,701990000,18228380,29.58
13/05/2020,248210,2127780000,8.67(4.33 %),261420,2241390000,13210,113610000,18004980,29.82
14/05/2020,259160,2292432000,9(3.81 %),270090,2389352200,10930,96920200,17693080,30.15
15/05/2020,174620,1549310000,8.96(-0.44 %),223040,1983350000,48420,434040000,17646070,30.2
18/05/2020,244270,2179335800,8.97(0.11 %),257170,2294772200,12900,115436400,17274190,30.6
19/05/2020,53290,476840000,8.8(-1.90 %),91770,820110000,38480,343270000,17321270,30.55
20/05/2020,-9750,-84780900,8.7(-1.14 %),5830,50743000,15580,135523900,17230650,30.65
21/05/2020,30920,267820000,8.69(-0.11 %),46150,399830000,15230,132010000,17330610,30.54
22/05/2020,91420,787325900,8.6(-1.04 %),98790,850951200,7370,63625300,17108310,30.78
25/05/2020,43350,370282200,8.6(0.00 %),43350,370282200,0,0,17064960,30.82
26/05/2020,-1170,-8320300,8.76(1.86 %),14030,123263900,15200,131584200,17066130,30.82
27/05/2020,-9440,-84412600,8.89(1.48 %),11620,103703000,21060,188115600,17075570,30.81
28/05/2020,-35800,-316274500,8.8(-1.01 %),690,6122100,36490,322396600,17111370,30.77
29/05/2020,-9510,-83074900,8.78(-0.23 %),0,0,9510,83074900,17120880,30.76
01/06/2020,42310,384750000,9.13(3.99 %),45380,412780000,3070,28030000,17229670,30.65
02/06/2020,-26540,-241203500,8.9(-2.52 %),6290,56480000,32830,297683500,17301590,30.57
03/06/2020,-27890,-247190000,8.92(0.22 %),12000,106350000,39890,353540000,17257380,30.62
04/06/2020,-1020660,-9596520000,9.54(6.95 %),36490,341460000,1057150,9937980000,17223960,30.65
05/06/2020,-3074920,-30730900000,9.69(1.57 %),5020,49460000,3079940,30780360000,17251770,30.62
08/06/2020,-61630,-603387300,9.73(0.41 %),350,3381000,61980,606768300,18411770,29.39
09/06/2020,27650,266750000,9.6(-1.34 %),42730,412300000,15080,145550000,18305730,29.5
10/06/2020,-1917305,-19765164850,10.25(6.77 %),575340,5779673900,2492645,25544838750,20329075,27.35
11/06/2020,858890,8703305800,10.5(2.44 %),1209830,12302912000,350940,3599606200,19470185,28.26
12/06/2020,-6863141,-76764852700,10(-4.76 %),0,0,6863141,76764852700,26333326,20.95
15/06/2020,-725670,-7498640000,9.3(-7.00 %),15190,144650000,740860,7643290000,22155015,25.4
16/06/2020,-59770,-554580000,9.55(2.69 %),5370,50940000,65140,605520000,22500585,25.03
17/06/2020,-2350,-2745430,9.4(-1.57 %),39030,369497010,41380,372242440,27121116,20.11
18/06/2020,-21600,-200370000,9.6(2.13 %),81160,769980000,102760,970350000,29984396,17.06
19/06/2020,9170,88410000,9.7(1.04 %),23170,222750000,14000,134340000,30026366,17.02
22/06/2020,-32980,-313618300,9.56(-1.44 %),12850,125061400,45830,438679700,27166526,20.06
23/06/2020,-54030,-527069400,9.75(1.99 %),32670,316581700,86700,843651100,27220556,20.0
24/06/2020,-155400,-1519450000,9.6(-1.54 %),500,4900000,155900,1524350000,30138486,16.9
25/06/2020,-74890,-717871100,9.62(0.21 %),0,0,74890,717871100,27450846,19.76
26/06/2020,-11090,-108192000,9.29(-3.43 %),34700,331994000,45790,440186000,27461936,19.75
29/06/2020,67240,597090000,8.75(-5.81 %),74800,665520000,7560,68430000,30317416,16.71
30/06/2020,-11090,-108192000,8.45(-3.43 %),34700,331994000,45790,440186000,27484116,19.72
01/07/2020,16150,139136200,8.63(2.13 %),36150,308891500,20000,169755300,30436116,16.58
02/07/2020,-8670,-75019000,8.6(-0.35 %),11330,96762200,20000,171781200,30444786,16.57
03/07/2020,5760,49766600,8.65(0.58 %),5960,51493600,200,1727000,30439026,16.58
06/07/2020,2460,21094700,8.72(0.81 %),14400,124713200,11940,103618500,30436566,16.58
07/07/2020,-33760,-297220200,8.81(1.03 %),0,0,33760,297220200,30470326,16.54
08/07/2020,-45180,-407015300,8.9(1.02 %),5280,47331100,50460,454346400,30515506,16.49
09/07/2020,-20000,-181601700,9.14(2.70 %),0,0,20000,181601700,30535506,16.47
10/07/2020,-21890,-197223900,9.03(-1.20 %),1790,16242700,23680,213466600,30557396,16.45
13/07/2020,-15280,-137060600,8.94(-1.00 %),39420,355962600,54700,493023200,30572676,16.43
14/07/2020,-3000,-26190000,9(0.67 %),7000,62420000,10000,88610000,30551034,16.46
15/07/2020,-36820,-330650000,8.95(-0.56 %),3180,28660000,40000,359310000,30571534,16.43
16/07/2020,-71090,-635670000,8.92(-0.34 %),0,0,71090,635670000,30586814,16.42
17/07/2020,-72200,-640540000,8.9(-0.22 %),7800,69240000,80000,709780000,30589014,16.42
20/07/2020,-17690,-157150000,8.87(-0.34 %),2400,21300000,20090,178450000,30626605,16.38
21/07/2020,-19000,-167840000,8.88(0.11 %),1000,8830000,20000,176670000,30696695,16.3
22/07/2020,-21600,-190860000,8.77(-1.24 %),400,3540000,22000,194400000,30776295,16.22
23/07/2020,-21410,-186990000,8.77(0.00 %),600,5220000,22010,192210000,30795785,16.2
24/07/2020,40000,336184000,8.34(-4.90 %),40000,336184000,0,0,30795486,16.2
27/07/2020,29870,236982800,7.76(-6.95 %),29870,236982800,0,0,30765616,16.23
28/07/2020,39360,310590000,8.07(3.99 %),39360,310590000,0,0,30750565,16.24
29/07/2020,1040,8100000,7.73(-4.21 %),1040,8100000,0,0,30749525,16.25
30/07/2020,-15560,-121084120,7.78(0.65 %),1040,8095600,16600,129179720,30740776,16.25
31/07/2020,-33530,-264340000,8.08(3.86 %),1500,12140000,35030,276480000,30748025,16.25
03/08/2020,-7990,-64540000,8.22(1.73 %),10340,83710000,18330,148250000,30737685,16.26
04/08/2020,-50410,-414903100,8.38(1.95 %),8030,66602800,58440,481505900,30798435,16.19
05/08/2020,-37640,-312988900,8.31(-0.84 %),31360,261741200,69000,574730100,30836075,16.15
06/08/2020,-65000,-540130000,8.3(-0.12 %),0,0,65000,540130000,30768253,16.23
07/08/2020,-47710,-397310000,8.36(0.72 %),5880,48930000,53590,446240000,30820813,16.17
10/08/2020,-61240,-516226100,8.49(1.56 %),13760,115863500,75000,632089600,31010025,15.97
11/08/2020,-31020,-262635200,8.5(0.12 %),31640,269081400,62660,531716600,31041045,15.93
12/08/2020,-31820,-271150000,8.54(0.47 %),14000,119280000,45820,390430000,30949003,16.03
13/08/2020,-12050,-88971500,7.44(-12.88 %),0,0,12050,88971500,31084915,15.89
14/08/2020,-34660,-255270000,7.29(-2.02 %),0,0,34660,255270000,31086663,15.89
17/08/2020,2000,14300000,7.27(-0.27 %),2000,14300000,0,0,31130483,15.84
18/08/2020,11300,81301700,7.19(-1.10 %),14300,102861700,3000,21560000,31106275,15.87
19/08/2020,-390,-2390000,7.08(-1.53 %),13110,93600000,13500,95990000,31149783,15.82
20/08/2020,4680,33630000,7.21(1.84 %),5680,40790000,1000,7160000,31144103,15.83
21/08/2020,-10980,-78770000,7.16(-0.69 %),29030,207730000,40010,286500000,31118073,15.85
24/08/2020,-1466500,-11239618700,7.66(6.98 %),45300,336310300,1511800,11575929000,32579465,14.3
25/08/2020,-1319010,-10683440000,8.19(6.92 %),360,2950000,1319370,10686390000,31086913,15.89
26/08/2020,-411720,-3540850000,8.35(1.95 %),0,0,411720,3540850000,31126923,15.84
27/08/2020,-121760,-991620000,8.27(-0.96 %),59800,488820000,181560,1480440000,32578923,14.3
28/08/2020,-82610,-679670000,8.3(0.36 %),92390,761510000,175000,1441180000,33805903,12.99
31/08/2020,-165070,-1369280600,8.1(-2.41 %),5490,46074900,170560,1415355500,34679635,12.06
01/09/2020,-46310,-374319700,8.18(0.99 %),103190,842394600,149500,1216714300,34393693,12.36
03/09/2020,-316250,-2564860000,8.05(-1.59 %),11700,95270000,327950,2660130000,34453803,12.3
04/09/2020,-65560,-517130000,7.85(-2.48 %),82940,655660000,148500,1172790000,34541423,12.21
07/09/2020,-5610,-47267800,7.76(-1.15 %),31070,240450800,36680,287718600,34781113,11.95
08/09/2020,-162180,-1257530000,7.86(1.29 %),24910,194480000,187090,1452010000,34962893,11.76
09/09/2020,-174560,-1352213900,7.88(0.25 %),56440,439713100,231000,1791927000,35117853,11.59
10/09/2020,-221090,-1753550000,7.9(0.25 %),0,0,221090,1753550000,35091633,11.62
11/09/2020,-185290,-1452816300,7.82(-1.01 %),10650,84083400,195940,1536899700,35524233,11.16
14/09/2020,-168000,-1314674200,7.82(0.00 %),0,0,168000,1314674200,35692233,10.98
15/09/2020,-60450,-490801200,8.06(3.07 %),116550,941392100,177000,1432193300,35752683,10.92
16/09/2020,-250380,-2020930000,8.04(-0.25 %),15420,125020000,265800,2145950000,35784133,10.88
17/09/2020,-236190,-1892550000,8(-0.50 %),560,4510000,236750,1897060000,35951573,10.7
18/09/2020,-175440,-1392750000,7.92(-1.00 %),7060,56060000,182500,1448810000,36121513,10.52
21/09/2020,-114420,-911260000,7.93(0.13 %),1080,8620000,115500,919880000,36386233,10.24
22/09/2020,-32590,-256500000,7.9(-0.38 %),19410,153020000,52000,409520000,42829548,10.98
23/09/2020,-163180,-1287780000,7.87(-0.38 %),6690,53450000,169870,1341230000,43005358,10.82
24/09/2020,-99300,-784350800,7.87(0.00 %),0,0,99300,784350800,36824183,16.31
25/09/2020,-55970,-440753600,7.87(0.00 %),26000,204500000,81970,645253600,36880153,16.26
28/09/2020,5450,42910600,7.87(0.00 %),7450,58670600,2000,15760000,36874703,16.27
29/09/2020,43540,340160000,7.73(-1.78 %),77210,604180000,33670,264020000,43331368,10.54
30/09/2020,30860,238120000,7.71(-0.26 %),47270,364020000,16410,125900000,43366068,10.5
01/10/2020,-54150,-432580000,8.11(5.19 %),9670,77350000,63820,509930000,43358398,10.51
02/10/2020,-41400,-323920000,7.92(-2.34 %),350,2840000,41750,326760000,43391718,10.48
05/10/2020,-404610,-3296170000,8.17(3.16 %),4610,37600000,409220,3333770000,43403518,10.47
06/10/2020,-212868,-1734205600,8.16(-0.12 %),21550,177052000,234418,1911257600,44026946,9.92
07/10/2020,-68330,-553660000,8.01(-1.84 %),3170,25630000,71500,579290000,43484368,10.4
08/10/2020,-27320,-216840100,7.87(-1.75 %),63760,504491300,91080,721331400,44097468,9.86
09/10/2020,28130,222270900,7.87(0.00 %),32030,253180900,3900,30910000,44069338,9.88
12/10/2020,-158390,-1247312700,7.81(-0.76 %),3420,27291600,161810,1274604300,44227728,9.74
13/10/2020,-70400,-550150000,7.81(0.00 %),12040,94480000,82440,644630000,44179338,9.78
14/10/2020,-264590,-2062680000,7.78(-0.38 %),10670,83420000,275260,2146100000,44172568,9.79
15/10/2020,-181030,-1394140000,7.65(-1.67 %),400,3070000,181430,1397210000,44333974,9.65
16/10/2020,-53430,-405787200,7.75(1.31 %),5970,45431700,59400,451218900,44797178,9.23
19/10/2020,-21290,-166070000,7.77(0.26 %),0,0,21290,166070000,44685699,9.33
20/10/2020,-4650,-35410000,7.7(-0.90 %),2720,21160000,7370,56570000,44864409,9.17
21/10/2020,-19140,-148900000,7.71(0.13 %),3400,26530000,22540,175430000,44920409,9.12
22/10/2020,-31500,-242483100,7.74(0.39 %),0,0,31500,242483100,44873758,9.17
23/10/2020,-7280,-56250000,7.72(-0.26 %),0,0,7280,56250000,44949077,9.1
26/10/2020,44520,337150000,7.58(-1.81 %),52000,394280000,7480,57130000,44919617,9.13
27/10/2020,-38000,-278870000,7.3(-3.69 %),0,0,38000,278870000,44951117,9.1
28/10/2020,910,6710000,7.08(-3.01 %),2000,14620000,1090,7910000,44956397,9.09
29/10/2020,-10170,-71520000,7.12(0.56 %),4530,32240000,14700,103760000,44959355,9.09
30/10/2020,0,0,7.16(0.56 %),0,0,0,0,44997355,9.06
02/11/2020,500,3580000,7.25(1.26 %),500,3580000,0,0,44998445,9.06
03/11/2020,0,0,7.25(0.00 %),0,0,0,0,45012645,9.04
04/11/2020,20730,151100000,7.32(0.97 %),20730,151100000,0,0,44991915,9.06
05/11/2020,4570,33580000,7.27(-0.68 %),5810,42640000,1240,9060000,44986105,9.07
06/11/2020,0,0,7.25(-0.28 %),0,0,0,0,44986105,9.07
09/11/2020,7130,52570000,7.49(3.31 %),8130,59950000,1000,7380000,44977975,9.07
10/11/2020,-20800,-156050000,7.45(-0.53 %),5770,43380000,26570,199430000,44973444,9.08
11/11/2020,8000,59080000,7.39(-0.81 %),10000,74000000,2000,14920000,44978815,9.07
12/11/2020,13170,97194600,7.38(-0.14 %),14030,103541400,860,6346800,44965645,9.08
13/11/2020,10220,78220000,7.7(4.34 %),11120,85070000,900,6850000,44965870,9.08
16/11/2020,15570,119850000,7.62(-1.04 %),25590,196790000,10020,76940000,44942280,9.11
17/11/2020,-7360,-56820000,7.71(1.18 %),0,0,7360,56820000,44943140,9.1
18/11/2020,30600,236660000,7.68(-0.39 %),36100,279020000,5500,42360000,44907940,9.14
19/11/2020,58290,449464100,7.7(0.26 %),59990,462554100,1700,13090000,44858325,9.18
20/11/2020,-84840,-669920000,7.9(2.60 %),19040,147610000,103880,817530000,44846290,9.19
23/11/2020,-531170,-4297427500,8.1(2.53 %),8040,63761500,539210,4361189000,45474335,8.63
24/11/2020,-205600,-1641260800,7.95(-1.85 %),60000,479600000,265600,2120860800,45679935,8.45
25/11/2020,38570,306350000,7.97(0.25 %),43570,346100000,5000,39750000,44845760,9.19
26/11/2020,47240,376670000,8.01(0.50 %),59840,477470000,12600,100800000,45325134,8.77
27/11/2020,116440,931580000,7.93(-1.00 %),118360,946810000,1920,15230000,45472374,8.63
30/11/2020,-150240,-1184210000,7.83(-1.26 %),30990,246120000,181230,1430330000,45446384,8.66
01/12/2020,-45080,-347584500,7.81(-0.26 %),15140,117313900,60220,464898400,45458984,8.65
02/12/2020,-69910,-542520000,7.74(-0.90 %),3770,29400000,73680,571920000,45441994,8.66
03/12/2020,89670,695510000,7.75(0.13 %),91220,707480000,1550,11970000,45532021,8.58
04/12/2020,-241220,-1981055000,8.29(6.97 %),167360,1370073200,408580,3351128200,45680444,8.45
07/12/2020,-95720,-817082000,8.44(1.81 %),75720,643364000,171440,1460446000,45776164,8.37
08/12/2020,460,970000,8.5(0.71 %),13290,111760000,12830,110790000,45411101,8.69
09/12/2020,-120620,-847342080,8.51(0.12 %),176520,1498125240,297140,2345467320,45896324,8.26
10/12/2020,-292610,-2551240000,8.58(0.82 %),60920,534620000,353530,3085860000,45753685,8.39
11/12/2020,31480,270950000,8.62(0.47 %),49340,424080000,17860,153130000,45717175,8.42
14/12/2020,103640,905420000,9.08(5.34 %),113840,995960000,10200,90540000,45900475,8.25
15/12/2020,-115170,-1035190000,8.9(-1.98 %),65380,590210000,180550,1625400000,46188625,8.0
16/12/2020,87820,791600000,8.98(0.90 %),89070,802810000,1250,11210000,46117415,8.06
17/12/2020,103960,932794500,8.93(-0.56 %),114360,1026014500,10400,93220000,45977204,8.19
18/12/2020,5190,46877100,8.78(-1.68 %),11890,105922100,6700,59045000,45972014,8.19
21/12/2020,34090,303480000,8.8(0.23 %),54340,481610000,20250,178130000,46128827,8.05
22/12/2020,87190,817580000,9.41(6.93 %),121670,1141820000,34480,324240000,46017557,8.15
23/12/2020,176700,1751006700,9.9(5.21 %),232000,2300571700,55300,549565000,45674034,8.46
24/12/2020,89960,902191600,9.7(-2.02 %),108250,1075330100,18290,173138500,45584074,8.54
25/12/2020,25720,253340000,10.35(6.70 %),46840,461190000,21120,207850000,45691874,8.44
28/12/2020,-51650,-570730000,11.05(6.76 %),1550,17130000,53200,587860000,45745627,8.39
29/12/2020,-253870,-2946675500,11.35(2.71 %),30330,347013000,284200,3293688500,45863874,8.29
30/12/2020,123950,1107089450,10.9(-3.96 %),157260,1385250350,33310,278160900,45739924,8.4
31/12/2020,-294080,-2984912000,10.15(-6.88 %),5920,60088000,300000,3045000000,45891527,8.26
04/01/2021,0,0,9.44(-7.00 %),0,0,0,0,45928927,8.23
05/01/2021,132400,1275812000,9.97(5.61 %),275900,2607622000,143500,1331810000,45796527,8.35
06/01/2021,-92200,-892857000,9.77(-2.01 %),53500,536628000,145700,1429485000,45888727,8.27
07/01/2021,-73000,-696487000,9.55(-2.25 %),2700,25686000,75700,722173000,45961727,8.2
08/01/2021,-73600,-656962000,8.9(-6.81 %),27200,243590000,100800,900552000,46035327,8.14
11/01/2021,15300,173183000,9.17(3.03 %),170400,1550595000,155100,1377412000,46020027,8.15
12/01/2021,106600,986046000,9.17(0.00 %),155200,1430303000,48600,444257000,45913427,8.24
13/01/2021,-27400,-204652000,8.99(-1.96 %),122300,1109591000,149700,1314243000,45940827,8.22
14/01/2021,109300,954355000,8.84(-1.67 %),253500,2236185000,144200,1281830000,45831527,8.32
15/01/2021,-64600,-577951000,8.93(1.02 %),33400,301296000,98000,879247000,45896127,8.26
18/01/2021,16400,147102000,8.93(0.00 %),26400,236731000,10000,89629000,45879727,8.27
19/01/2021,-82800,-731546000,8.45(-5.38 %),133000,1130158000,215800,1861704000,45962527,8.2
20/01/2021,-66600,-550101000,8.43(-0.24 %),12200,100338000,78800,650439000,46029127,8.14
21/01/2021,-114000,-954755000,8.59(1.90 %),14400,121782000,128400,1076537000,46143127,8.04
22/01/2021,-66600,-566280000,8.49(-1.16 %),22900,196730000,89500,763010000,46209727,7.98
25/01/2021,-39300,-345673000,8.84(4.12 %),22300,195968000,61600,541641000,46249027,7.95
26/01/2021,166800,1452133000,8.78(-0.68 %),281800,2453054000,115000,1000921000,46082227,8.09
27/01/2021,-142800,-1200776000,8.21(-6.49 %),25300,215570000,168100,1416346000,46225027,7.97
28/01/2021,61400,478477000,7.64(-6.94 %),101000,781027000,39600,302550000,46163627,8.02
29/01/2021,88000,633384000,7.67(0.39 %),111900,814708000,23900,181324000,46075627,8.1
01/02/2021,-30900,-235398000,7.14(-6.91 %),9900,71473000,40800,306871000,46202287,7.99
02/02/2021,104800,720305000,7.1(-0.56 %),129400,890573000,24600,170268000,46230582,7.96
03/02/2021,1000,9236000,7.41(4.37 %),13400,98930000,12400,89694000,46229582,7.96
04/02/2021,-45100,-334068000,7.38(-0.40 %),5300,39311000,50400,373379000,46274682,7.92
05/02/2021,17100,127136000,7.43(0.68 %),22800,169316000,5700,42180000,46257582,7.94
08/02/2021,-31600,-231695000,7.15(-3.77 %),2700,19706000,34300,251401000,46289182,7.91
09/02/2021,28100,204380000,0(0.00 %),29300,213056000,1200,8676000,46261082,7.93
17/02/2021,76100,571075000,7.59(3.97 %),77100,578635000,1000,7560000,46184982,8.0
18/02/2021,10100,76600000,8.12(6.98 %),10600,80575000,500,3975000,46174882,8.01
19/02/2021,-57400,-491532000,8.47(4.31 %),75400,643535000,132800,1135067000,46232282,7.96
22/02/2021,-88800,-748705000,8.4(-0.83 %),700,5888000,89500,754593000,46321082,7.88
23/02/2021,-9500,-78305000,8.33(-0.83 %),1000,8324000,10500,86629000,46330582,7.87
24/02/2021,700,5529000,8.23(-1.20 %),2400,19809000,1700,14280000,46329882,7.87
25/02/2021,1300,10445000,7.97(-3.16 %),1500,12051000,200,1606000,46328582,7.87
26/02/2021,10300,78566000,7.63(-4.27 %),10300,78566000,0,0,46318282,7.88
01/03/2021,71800,512795000,7.23(-5.24 %),73600,525755000,1800,12960000,46422450,7.79
02/03/2021,-38900,-277683000,7.16(-0.97 %),26400,187281000,65300,464964000,46461350,7.76
03/03/2021,67800,518925000,7.66(6.98 %),79800,607075000,12000,88150000,46393550,7.82
04/03/2021,-56300,-448695000,7.76(1.31 %),400,3120000,56700,451815000,46449850,7.77
05/03/2021,-8500,-63540000,7.55(-2.71 %),0,0,8500,63540000,46458350,7.76
08/03/2021,-800,-4499000,7.42(-1.72 %),13400,100384000,14200,104883000,46459150,7.76
09/03/2021,98300,727426000,7.65(3.10 %),106500,787532000,8200,60106000,46360850,7.85
10/03/2021,200,1616000,7.59(-0.78 %),1400,10700000,1200,9084000,46360650,7.85
11/03/2021,-7300,-54291000,7.52(-0.92 %),10100,76393000,17400,130684000,46367950,7.84
12/03/2021,21200,158805000,7.45(-0.93 %),21200,158805000,0,0,46346750,7.86
15/03/2021,94500,714785000,7.6(2.01 %),103500,781689000,9000,66904000,46252250,7.94
16/03/2021,9100,71099000,7.78(2.37 %),20100,154719000,11000,83620000,46243150,7.95
17/03/2021,-16500,-126793000,7.66(-1.54 %),7600,58444000,24100,185237000,46259650,7.94
18/03/2021,-53800,-409897000,7.6(-0.78 %),0,0,53800,409897000,46313450,7.89
19/03/2021,-27400,-206582000,7.57(-0.39 %),0,0,27400,206582000,46340850,7.86
22/03/2021,32800,252377000,7.67(1.32 %),42100,324020000,9300,71643000,46308050,7.89
23/03/2021,7300,56161000,7.75(1.04 %),12300,95351000,5000,39190000,46300750,7.9
24/03/2021,-59000,-450683000,7.57(-2.32 %),10000,76450000,69000,527133000,46359750,7.85
25/03/2021,-67800,-511200000,7.47(-1.32 %),15200,114604000,83000,625804000,46427550,7.79
26/03/2021,-40000,-290407000,7.3(-2.28 %),5100,37731000,45100,328138000,46467550,7.75
29/03/2021,34900,256546000,7.64(4.66 %),38300,281642000,3400,25096000,46432650,7.78
30/03/2021,-15800,-119027000,7.55(-1.18 %),0,0,15800,119027000,46448450,7.77
31/03/2021,17600,132906000,7.52(-0.40 %),17600,132906000,0,0,46430850,7.78
01/04/2021,-126200,-934438000,7.41(-1.46 %),10500,77787000,136700,1012225000,46343388,7.86
02/04/2021,-57700,-429144000,7.41(0.00 %),26900,200340000,84600,629484000,46401088,7.81
05/04/2021,-11100,-82119000,7.38(-0.40 %),12000,88870000,23100,170989000,46412188,7.8
06/04/2021,24200,178154000,7.35(-0.41 %),25000,184050000,800,5896000,46387988,7.82
07/04/2021,-32900,-234796000,7.46(1.50 %),41400,300657000,74300,535453000,46420888,7.79
08/04/2021,2800,20829000,7.38(-1.07 %),9600,71274000,6800,50445000,46418088,7.8
09/04/2021,-4300,-31960000,7.34(-0.54 %),10000,73200000,14300,105160000,46422388,7.79
12/04/2021,30900,230794000,7.7(4.90 %),51900,390794000,21000,160000000,46391488,7.82
13/04/2021,-3100,-21750000,7.62(-1.04 %),25900,201458000,29000,223208000,46394588,7.82
14/04/2021,0,0,7.55(-0.92 %),0,0,0,0,46486591,7.73
15/04/2021,-8300,-60362000,7.48(-0.93 %),28900,216909000,37200,277271000,46402888,7.81
16/04/2021,-10100,-75506000,7.3(-2.41 %),31500,231400000,41600,306906000,46412988,7.8
19/04/2021,26400,191645000,7.33(0.41 %),26400,191645000,0,0,46386588,7.82
20/04/2021,-12000,-87687000,7.33(0.00 %),8900,65662000,20900,153349000,46398588,7.81
22/04/2021,19000,73360000,7.16(-2.32 %),22000,73360000,3000,0,46379588,7.83
23/04/2021,-49000,-343453000,7.15(-0.14 %),200,1404000,49200,344857000,46428588,7.79
26/04/2021,-3000,-20716000,6.8(-4.90 %),0,0,3000,20716000,46431588,7.78
27/04/2021,15000,102000000,6.81(0.15 %),15000,102000000,0,0,46416588,7.8
28/04/2021,1000,6830000,6.85(0.59 %),1000,6830000,0,0,46415588,7.8
29/04/2021,4000,27150000,6.84(-0.15 %),9000,61350000,5000,34200000,46411588,7.8
04/05/2021,0,-124000,6.51(-4.82 %),2000,13020000,2000,13144000,46548586,7.68
05/05/2021,19500,130618000,6.74(3.53 %),19500,130618000,0,0,46529086,7.7
06/05/2021,23000,155802000,6.65(-1.34 %),34000,229502000,11000,73700000,46506086,7.72
07/05/2021,-39700,-258963000,6.5(-2.26 %),11800,75706000,51500,334669000,46545786,7.68
10/05/2021,63100,406848000,6.31(-2.92 %),90600,580950000,27500,174102000,46482686,7.74
11/05/2021,49500,310808000,6.3(-0.16 %),51500,323373000,2000,12565000,46433186,7.78
12/05/2021,14900,93317000,6.31(0.16 %),16900,105875000,2000,12558000,46418286,7.8
13/05/2021,19100,121443000,6.38(1.11 %),19100,121443000,0,0,46399186,7.81
14/05/2021,3000,19972000,6.82(6.90 %),3000,19972000,0,0,46396186,7.81
17/05/2021,-70100,-500539000,7.2(5.57 %),9000,64950000,79100,565489000,46466286,7.75
18/05/2021,-4700,-33842000,7.18(-0.28 %),0,0,4700,33842000,46470986,7.75
19/05/2021,-10500,-75375000,7.28(1.39 %),6100,44103000,16600,119478000,46481486,7.74
20/05/2021,-36700,-287349000,7.76(6.59 %),14000,104034000,50700,391383000,46518186,7.71
21/05/2021,3900,30023000,7.59(-2.19 %),10000,76800000,6100,46777000,46514286,7.71
24/05/2021,2400,18039000,7.34(-3.29 %),7400,55885000,5000,37846000,46511886,7.71
25/05/2021,-14400,-101725000,7.04(-4.09 %),3300,23298000,17700,125023000,46526286,7.7
26/05/2021,-34400,-244753000,7.08(0.57 %),0,0,34400,244753000,46560686,7.67
27/05/2021,200,1577000,7.01(-0.99 %),10000,70369000,9800,68792000,46560486,7.67
28/05/2021,39400,277605000,7.03(0.29 %),39400,277605000,0,0,46521086,7.7
31/05/2021,13500,95645000,6.94(-1.28 %),18000,127080000,4500,31435000,46507586,7.72
01/06/2021,-1500,-10265000,6.84(-1.44 %),0,0,1500,10265000,46508005,7.72
02/06/2021,-14800,-102840000,7.02(2.63 %),0,0,14800,102840000,46522805,7.7
03/06/2021,-91200,-659765000,7.18(2.28 %),58800,421937000,150000,1081702000,46614005,7.62
04/06/2021,36600,262411000,7.17(-0.14 %),44600,320811000,8000,58400000,46577405,7.65
07/06/2021,-9400,-67645000,7.1(-0.98 %),0,0,9400,67645000,46586805,7.65
08/06/2021,-44200,-313935000,7.08(-0.28 %),0,0,44200,313935000,46631005,7.61
09/06/2021,-100,-371000,7.1(0.28 %),8700,61903000,8800,62274000,46631105,7.61
10/06/2021,9300,66588000,7.16(0.85 %),10100,72292000,800,5704000,46621805,7.61
11/06/2021,57900,416215000,7.18(0.28 %),58900,423375000,1000,7160000,46563905,7.67
14/06/2021,14000,101826000,7.25(0.97 %),15900,115544000,1900,13718000,46549905,7.68
15/06/2021,13100,94944000,7.25(0.00 %),13100,94944000,0,0,46536805,7.69
16/06/2021,13500,87345000,7.75(6.90 %),46200,339762000,32700,252417000,46523305,7.7
17/06/2021,-86500,-693800000,8(3.23 %),0,0,86500,693800000,46609805,7.63
18/06/2021,-67300,-534072000,8(0.00 %),300,2325000,67600,536397000,46677105,7.57
21/06/2021,16900,133140000,8.06(0.75 %),16900,133140000,0,0,46660205,7.58
22/06/2021,16100,130443000,7.71(-4.34 %),20800,167573000,4700,37130000,46644105,7.59
23/06/2021,-38100,-295947000,7.85(1.82 %),19800,153511000,57900,449458000,46682205,7.56
24/06/2021,-39400,-308698000,7.85(0.00 %),1400,10883000,40800,319581000,46721605,7.53
25/06/2021,-19500,-151111000,7.74(-1.40 %),10100,78820000,29600,229931000,46741105,7.51
28/06/2021,-4700,-36444000,7.6(-1.81 %),5000,38250000,9700,74694000,46745805,7.5
29/06/2021,-9800,-74380000,7.53(-0.92 %),200,1520000,10000,75900000,46755605,7.5
30/06/2021,-8100,-59692000,7.3(-3.05 %),0,0,8100,59692000,46763705,7.49
01/07/2021,11000,81843000,7.43(1.78 %),13500,99993000,2500,18150000,46751640,7.5
02/07/2021,2300,16749000,7.4(-0.40 %),6200,45632000,3900,28883000,46749340,7.5
05/07/2021,-21000,-168797000,7.3(-1.35 %),2500,733900,23500,169530900,46770340,7.48
06/07/2021,-1400,-10294000,7.11(-2.60 %),18100,130807000,19500,141101000,46771740,7.48
07/07/2021,2200,14539000,6.9(-2.95 %),11100,76340000,8900,61801000,46769540,7.48
08/07/2021,-126000,-765433500,6.84(-0.87 %),300,2078100,126300,767511600,46895540,7.37
09/07/2021,-106300,-729282000,6.66(-2.63 %),8500,56270000,114800,785552000,47001840,7.28
12/07/2021,-114400,-721341000,6.2(-6.91 %),0,0,114400,721341000,47116240,7.18
13/07/2021,-99800,-621282000,6.3(1.61 %),200,1266000,100000,622548000,47216040,7.09
14/07/2021,-98500,-615928000,6.26(-0.63 %),10100,63658000,108600,679586000,47314540,7.0
15/07/2021,-89900,-568676000,6.36(1.60 %),11900,75556000,101800,644232000,47404440,6.92
16/07/2021,-100100,-647432000,6.36(0.00 %),0,0,100100,647432000,47504540,6.83
19/07/2021,-100500,-620938000,6.09(-4.25 %),0,0,100500,620938000,47605040,6.74
20/07/2021,-3200,-18909000,6.21(1.97 %),6400,39413000,9600,58322000,47608240,6.74
21/07/2021,3200,20019000,6.28(1.13 %),4400,27471000,1200,7452000,47605040,6.74
22/07/2021,15300,98049000,6.46(2.87 %),19700,126385000,4400,28336000,47589740,6.76
23/07/2021,-105200,-673225000,6.35(-1.70 %),1700,10960000,106900,684185000,47694940,6.66
26/07/2021,-99100,-621473000,6.39(0.63 %),5800,36498000,104900,657971000,47794040,6.57
27/07/2021,14000,89770000,6.4(0.16 %),14000,89770000,0,0,47780040,6.59
28/07/2021,-105900,-676898000,6.37(-0.47 %),0,0,105900,676898000,47885940,6.49
29/07/2021,5000,32107000,6.5(2.04 %),7100,45700000,2100,13593000,47880940,6.5
30/07/2021,100,661000,6.57(1.08 %),100,661000,0,0,47880840,6.5
02/08/2021,-9700,-64234000,6.59(0.30 %),0,0,9700,64234000,47885910,6.49
03/08/2021,-9700,-63864000,6.58(-0.15 %),0,0,9700,63864000,47895610,6.48
04/08/2021,-11100,-76444000,6.6(0.30 %),8100,54008000,19200,130452000,47906710,6.47
05/08/2021,-500,-3530000,7.06(6.97 %),0,0,500,3530000,47907210,6.47
06/08/2021,-500,-3775000,7.55(6.94 %),0,0,500,3775000,47907710,6.47
09/08/2021,-61800,-486825000,7.85(3.97 %),0,0,61800,486825000,47969510,6.42
10/08/2021,-500,-3850000,7.69(-2.04 %),0,0,500,3850000,47970010,6.42
11/08/2021,22600,176081000,7.72(0.39 %),23300,181506000,700,5425000,47947410,6.44
12/08/2021,-1300,-11661000,7.72(0.00 %),25700,199387000,27000,211048000,47948710,6.44
13/08/2021,18200,0,7.69(-0.39 %),19100,0,900,0,47930510,6.45
16/08/2021,-34700,-275465000,8.03(4.42 %),8500,66616000,43200,342081000,47965210,6.42
17/08/2021,-190600,-1505912000,7.7(-4.11 %),600,4692000,191200,1510604000,48311710,6.11
18/08/2021,32700,254690000,7.81(1.43 %),35100,273330000,2400,18640000,47932510,6.45
19/08/2021,5200,39776000,7.8(-0.13 %),10700,83226000,5500,43450000,47927310,6.46
20/08/2021,-500,309000,7.28(-6.67 %),24700,188753000,25200,188444000,47927810,6.46
23/08/2021,97300,689318000,7.02(-3.57 %),97900,693608000,600,4290000,47830510,6.54
24/08/2021,100500,714344000,7.3(3.99 %),100500,714344000,0,0,47730010,6.63
25/08/2021,-44600,-321686000,7.22(-1.10 %),18100,129251000,62700,450937000,47774610,6.59
26/08/2021,25800,186763000,7.11(-1.52 %),36200,261623000,10400,74860000,47748810,6.61
27/08/2021,94600,674600000,7.22(1.55 %),94600,674600000,0,0,47654210,6.7
30/08/2021,66400,486735000,7.4(2.49 %),66400,486735000,0,0,47587810,6.76
31/08/2021,20700,155066000,7.6(2.70 %),22100,165424000,1400,10358000,47567110,6.78
01/09/2021,-37700,-292039000,7.75(1.97 %),13100,101696000,50800,393735000,47755010,6.61
06/09/2021,36900,305284000,8.29(6.97 %),119400,987329000,82500,682045000,47718110,6.64
07/09/2021,-76500,-626869000,8(-3.50 %),25500,211200000,102000,838069000,47794610,6.57
08/09/2021,56700,453395000,8(0.00 %),64200,513035000,7500,59640000,47737910,6.62
09/09/2021,19300,151433000,7.8(-2.50 %),19300,151433000,0,0,47718610,6.64
10/09/2021,95500,754917000,8.28(6.15 %),95600,755739000,100,822000,47623110,6.73
13/09/2021,-21400,-189390000,8.85(6.88 %),50500,446925000,71900,636315000,47644510,6.71
14/09/2021,-127000,-1202290000,9.46(6.89 %),56900,537404000,183900,1739694000,47771510,6.59
15/09/2021,-340400,-3438040000,10.1(6.77 %),0,0,340400,3438040000,48111910,6.29
16/09/2021,-140600,-1518480000,10.8(6.93 %),0,0,140600,1518480000,48252510,6.17
17/09/2021,-170600,-1970430000,11.55(6.94 %),0,0,170600,1970430000,48423110,6.02
20/09/2021,-50600,-624910000,12.35(6.93 %),0,0,50600,624910000,48473710,5.97
21/09/2021,99700,1316040000,13.2(6.88 %),300000,3960000000,200300,2643960000,48374010,6.06
22/09/2021,-45300,-638730000,14.1(6.82 %),0,0,45300,638730000,48419310,6.02
23/09/2021,-207200,-3084065000,15.05(6.74 %),66200,978185000,273400,4062250000,48626510,5.84
24/09/2021,-165000,-2474280000,14(-6.98 %),43900,642470000,208900,3116750000,48791510,5.69
27/09/2021,21600,286200000,13.05(-6.79 %),21600,286200000,0,0,48769910,5.71
28/09/2021,20300,246645000,12.15(-6.90 %),20300,246645000,0,0,48749610,5.73
29/09/2021,106700,1255035000,11.3(-7.00 %),130600,1525305000,23900,270270000,48642910,5.82
30/09/2021,79300,955415000,12.05(6.64 %),83500,1006010000,4200,50595000,48563610,5.89
01/10/2021,-145900,-1835745000,11.3(-6.22 %),459981,5193381250,605881,7029126250,48552910,5.9
04/10/2021,148900,1610625000,10.55(-6.64 %),235700,2533205000,86800,922580000,48404010,6.03
05/10/2021,76800,777383000,11(4.27 %),199800,2006140000,123000,1228757000,48327210,6.1
06/10/2021,-35700,-397450000,10.8(-1.82 %),40700,434550000,76400,832000000,48362910,0.0
07/10/2021,-76700,-812460000,10.45(-3.24 %),59500,621550000,136200,1434010000,48439610,0.0
08/10/2021,-2200,-43985000,10.85(3.83 %),45700,484185000,47900,528170000,48441810,0.0
11/10/2021,-91300,-906392400,10.6(-2.30 %),0,0,91300,906392400,48533110,0.0
12/10/2021,-159300,-1778005000,11.3(6.60 %),5200,57520000,164500,1835525000,48692410,0.0
13/10/2021,-358400,-4180370000,11.5(1.77 %),600,7185000,359000,4187555000,49050810,0.0
14/10/2021,25600,313170000,12.3(6.96 %),49500,597355000,23900,284185000,49025210,0.0
15/10/2021,-233500,-2903150000,11.45(-6.91 %),40000,459000000,273500,3362150000,49258710,0.0
18/10/2021,-61900,-671445000,10.7(-6.55 %),8600,91740000,70500,763185000,49320610,0.0
19/10/2021,-143800,-1538420000,11(2.80 %),119500,1298070000,263300,2836490000,49464410,0.0
20/10/2021,-105800,-1125405000,10.6(-3.64 %),24900,266920000,130700,1392325000,49570210,0.0
21/10/2021,-900600,-9715663000,11.3(6.60 %),4800,48153000,905400,9763816000,50365010,0.0
22/10/2021,-42200,-508510000,12.05(6.64 %),0,0,42200,508510000,50407210,0.0
25/10/2021,-151800,-1899720000,12.8(6.22 %),6500,81900000,158300,1981620000,50559010,0.0
26/10/2021,-1000,-12775000,12.65(-1.17 %),2200,28050000,3200,40825000,50560010,0.0
27/10/2021,1000,12600000,12.7(0.40 %),2000,25300000,1000,12700000,50559010,0.0
28/10/2021,-3100,-40500000,13.05(2.76 %),0,0,3100,40500000,50562110,0.0
29/10/2021,-14600,-194050000,13.25(1.53 %),200,2600000,14800,196650000,50573610,4.11
01/11/2021,-8500,-115500000,13.45(1.51 %),3500,46900000,12000,162400000,50873410,3.84
02/11/2021,18700,254170000,13.6(1.12 %),31700,431070000,13000,176900000,50854710,3.86
03/11/2021,-5900,-78165000,12.65(-6.99 %),800,10225000,6700,88390000,50860610,0.0
04/11/2021,-3100,0,12(-5.14 %),1900,0,5000,0,50857810,0.0
05/11/2021,3500,41580000,12.3(2.50 %),7100,86180000,3600,44600000,50851210,0.0
08/11/2021,-4400,-56670000,13.15(6.91 %),0,0,4400,56670000,50859110,3.85
09/11/2021,-57100,-801920000,13.45(2.28 %),10000,134650000,67100,936570000,50916210,3.8
10/11/2021,-13300,-180427800,13.35(-0.74 %),0,0,13300,180427800,50929510,0.0
11/11/2021,-500,-6675000,13.4(0.37 %),0,0,500,6675000,50916710,3.8
12/11/2021,-6100,-81140000,13.3(-0.75 %),0,0,6100,81140000,50922810,3.8
15/11/2021,-24100,-334480000,13.5(1.50 %),0,0,24100,334480000,50946910,3.78
16/11/2021,-2800,-38060000,13.5(0.00 %),400,5460000,3200,43520000,50949710,3.77
17/11/2021,0,0,13.4(-0.74 %),0,0,0,0,50949710,3.77
18/11/2021,56400,743310000,13.15(-1.87 %),56500,744650000,100,1340000,50893310,3.82
19/11/2021,5600,69295000,12.4(-5.70 %),7100,89000000,1500,19705000,50887710,3.83
22/11/2021,-59600,-738840000,12.25(-1.21 %),0,0,59600,738840000,50947310,3.77
23/11/2021,-107400,-1310805000,12.25(0.00 %),15300,186660000,122700,1497465000,51054710,3.68
24/11/2021,-133300,-1647420000,12.25(0.00 %),0,0,133300,1647420000,51188010,3.56
25/11/2021,-500,-5900000,11.9(-2.86 %),500,6000000,1000,11900000,51188510,3.56
26/11/2021,31400,364695000,11.6(-2.52 %),33500,388425000,2100,23730000,51157110,0.0
29/11/2021,-11300,-202136800,12.4(6.90 %),11100,68992800,22400,271129600,51168410,0.0
30/11/2021,-116800,-1500215000,12.85(3.63 %),5000,64500000,121800,1564715000,51273910,3.48
01/12/2021,-175056,-2297768600,13.2(2.72 %),0,0,175056,2297768600,0,0.0
02/12/2021,-20000,-262465000,13(-1.52 %),0,0,20000,262465000,51232402,3.52
03/12/2021,-500,-6350000,12.5(-3.85 %),0,0,500,6350000,51232902,3.52
06/12/2021,5900,72410000,12.7(1.60 %),5900,72410000,0,0,51227002,3.53
07/12/2021,-6900,-93295000,13.55(6.69 %),0,0,6900,93295000,51233902,3.52
08/12/2021,-186500,-2660410000,14.3(5.54 %),200,2870000,186700,2663280000,51420402,3.35
09/12/2021,200,2880000,13.95(-2.45 %),200,2880000,0,0,51420202,0.0
10/12/2021,-2200,-30020000,13.7(-1.79 %),0,0,2200,30020000,51422402,3.35
13/12/2021,7700,106270000,14(2.19 %),9500,131450000,1800,25180000,51414702,3.36
14/12/2021,-132200,-1802250000,13.75(-1.79 %),6100,86635000,138300,1888885000,51546902,3.24
15/12/2021,-50000,-690000000,13.9(1.09 %),0,0,50000,690000000,51596902,3.2
16/12/2021,4600,63735000,13.7(-1.44 %),4600,63735000,0,0,51592302,3.2
17/12/2021,4600,61900000,13.65(-0.36 %),4600,61900000,0,0,51587702,3.21
20/12/2021,500,6020000,13.4(-1.83 %),5500,72170000,5000,66150000,51587202,3.21
21/12/2021,8200,108590000,13.3(-0.75 %),12500,166210000,4300,57620000,51579002,0.0
22/12/2021,-42800,-603490000,14.2(6.77 %),0,0,42800,603490000,51621802,3.18
23/12/2021,-65200,-959548400,14.6(2.82 %),7600,111849200,72800,1071397600,51687002,0.0
24/12/2021,0,0,14.05(-3.77 %),0,0,0,0,51621802,3.18
27/12/2021,-6700,-93130000,13.85(-1.77 %),0,0,6700,93130000,52067128,2.78
28/12/2021,-4300,-57265000,13.3(-4.32 %),2900,39140000,7200,96405000,52071428,2.78
29/12/2021,-1200,-16280000,13.3(0.00 %),1300,17600000,2500,33880000,52069628,2.78
30/12/2021,-12800,-171125000,13.3(0.00 %),0,0,12800,171125000,52076780,2.77
31/12/2021,-6100,-80870000,13.3(0.00 %),0,0,6100,80870000,52079280,2.77
04/01/2022,-3100,-41885000,13.05(-1.88 %),0,0,3100,41885000,52092104,2.76
05/01/2022,-5900,-77070000,12.8(-2.29 %),500,6400000,6400,83470000,52097712,2.75
06/01/2022,2700,35100000,13(1.56 %),2800,36400000,100,1300000,52098012,2.75
07/01/2022,-500,-6625000,13(0.00 %),0,0,500,6625000,52104412,2.75
10/01/2022,0,0,12.8(-1.54 %),0,0,0,0,52104512,2.75
11/01/2022,-3300,-41610000,12.4(-3.12 %),0,0,3300,41610000,52105012,2.75
12/01/2022,-500,-5825000,11.55(-6.85 %),0,0,500,5825000,52105060,2.75
13/01/2022,-2600,-31700000,11.95(3.02 %),5600,67125000,8200,98825000,52102760,2.75
14/01/2022,-4900,-58560000,11.7(-2.50 %),0,0,4900,58560000,52103260,2.75
17/01/2022,0,0,11(-5.98 %),0,0,0,0,52111460,2.74
18/01/2022,16100,175530000,10.25(-6.82 %),17100,186480000,1000,10950000,52099260,2.75
19/01/2022,20400,217640000,10(-2.91 %),22900,243265000,2500,25625000,52076360,2.77
20/01/2022,7100,73840000,10.7(4.90 %),7100,73840000,0,0,52070260,2.78
21/01/2022,-11300,-120495000,10.7(-0.93 %),0,0,11300,120495000,52072760,2.78
24/01/2022,-4600,-46450000,9.98(-6.73 %),5200,53160000,9800,99610000,52067551,2.78
25/01/2022,36200,358300000,10.2(2.00 %),36200,358300000,0,0,52042651,2.8
26/01/2022,-18900,-141904000,10.15(-0.49 %),0,0,18900,141904000,52052451,2.79
27/01/2022,-5000,-50320000,10.2(0.00 %),0,0,5000,50320000,52052451,2.79
28/01/2022,3200,33005000,10.3(0.98 %),8000,81955000,4800,48950000,52063351,2.78
07/02/2022,0,0,11(6.80 %),0,0,0,0,52068351,2.78
08/02/2022,0,0,11.75(6.82 %),0,0,0,0,52073151,2.78
09/02/2022,-10900,-131570000,12(1.69 %),200,2420000,11100,133990000,52072951,2.78
10/02/2022,-12300,-148910000,12.05(0.42 %),100,1205000,12400,150115000,52072851,2.78
11/02/2022,-3300,-39110000,11.85(-2.07 %),0,0,3300,39110000,52083951,2.77
14/02/2022,1600,18640000,11.7(-1.68 %),1600,18640000,0,0,52094751,2.76
15/02/2022,-11600,-135635000,11.65(-0.43 %),2600,30505000,14200,166140000,52095451,2.76
16/02/2022,-1000,-11845000,11.95(2.14 %),3600,42120000,4600,53965000,52091851,2.76
17/02/2022,7100,84360000,11.7(-2.50 %),7100,84360000,0,0,52098951,2.75
18/02/2022,8400,100170000,12.1(3.42 %),10700,128000000,2300,27830000,52092851,2.76
21/02/2022,-300,-3675000,12.2(0.83 %),0,0,300,3675000,52092851,2.76
22/02/2022,-11300,-134590000,12.15(-0.41 %),0,0,11300,134590000,52095151,2.76
23/02/2022,-4400,-52785000,12.05(-1.23 %),1000,12200000,5400,64985000,52094451,2.76
24/02/2022,-6500,-75350000,11.85(-2.07 %),0,0,6500,75350000,52105751,2.75
25/02/2022,4100,49160000,11.8(-0.84 %),4100,49160000,0,0,52107051,2.75
28/02/2022,-5400,-62930000,11.7(-0.85 %),0,0,5400,62930000,52113551,2.74
01/03/2022,9300,109075000,11.65(-0.43 %),10600,124220000,1300,15145000,52102951,2.75
02/03/2022,-800,-9330000,11.6(-0.85 %),500,5750000,1300,15080000,52107851,2.74
03/03/2022,2100,24400000,11.7(0.86 %),2100,24400000,0,0,52107051,2.75
04/03/2022,6000,70120000,11.8(0.85 %),6900,80830000,900,10710000,52101451,2.75
07/03/2022,-100,-1145000,11.3(-4.24 %),300,3495000,400,4640000,52101151,2.75
08/03/2022,-17100,-194080000,11.1(-1.77 %),0,0,17100,194080000,52102051,2.75
09/03/2022,14200,161320000,11.4(2.70 %),14200,161320000,0,0,52088251,2.76
10/03/2022,-2100,-16320000,11.7(2.63 %),39400,456780000,41500,473100000,52065951,2.78
11/03/2022,-53300,-615570000,11.45(-2.14 %),3500,40870000,56800,656440000,52062451,2.79
14/03/2022,-12200,-137400000,11.35(-1.30 %),3000,33920000,15200,171320000,52100951,2.75
15/03/2022,-31600,-355670000,11.2(-1.75 %),4300,48205000,35900,403875000,52153451,2.7
16/03/2022,-2200,-24860000,11.1(-0.89 %),0,0,2200,24860000,52168651,2.69
17/03/2022,100,1105000,10.9(-1.80 %),100,1105000,0,0,52204451,2.66
18/03/2022,1200,13500000,11.1(1.83 %),1200,13500000,0,0,52205451,2.66
21/03/2022,800,9280000,11.85(6.76 %),800,9280000,0,0,52204716,2.66
22/03/2022,5900,72135000,11.95(0.42 %),5900,72135000,0,0,52198816,2.66
23/03/2022,0,0,11.9(-0.83 %),0,0,0,0,52198816,2.66
24/03/2022,10300,120950000,11.75(-1.26 %),10300,120950000,0,0,52188516,2.67
25/03/2022,8500,103485000,12.55(6.36 %),13500,166235000,5000,62750000,52175016,2.69
28/03/2022,-113300,-1494920000,13.15(4.37 %),5500,66755000,118800,1561675000,52169516,2.69
29/03/2022,-13500,-179050000,13.05(-1.14 %),0,0,13500,179050000,52174516,2.69
30/03/2022,-1900,-23555000,12.6(-3.82 %),5000,63240000,6900,86795000,52288316,2.58
31/03/2022,-2000,-24680000,12.4(-1.59 %),600,7560000,2600,32240000,52301216,2.57
01/04/2022,6800,85790000,12.8(3.23 %),8200,103360000,1400,17570000,52299916,2.57
04/04/2022,33800,432310000,12.3(-3.91 %),37500,479300000,3700,46990000,52265016,2.61
05/04/2022,7200,89205000,12.3(0.00 %),7200,89205000,0,0,52259216,2.61
06/04/2022,7100,86935000,12.3(0.00 %),7100,86935000,0,0,52255816,2.61
07/04/2022,0,0,12(-2.44 %),0,0,0,0,52255816,2.61
08/04/2022,-6100,-72055000,11.25(-6.25 %),0,0,6100,72055000,52255816,2.61
12/04/2022,9500,103305000,11(-2.22 %),10300,112250000,800,8945000,52246316,2.62
13/04/2022,8900,103905000,11.75(6.82 %),8900,103905000,0,0,52245516,2.62
14/04/2022,-11800,-143130000,12.5(5.93 %),800,9670000,12600,152800000,52242716,2.63
15/04/2022,-17400,-157196800,12.1(-3.20 %),1800,22105800,19200,179302600,52240916,2.63
18/04/2022,-3000,-34690000,11.8(-2.48 %),0,0,3000,34690000,52253416,2.62
19/04/2022,-4200,-48015000,11.2(-5.08 %),0,0,4200,48015000,52272616,2.6
20/04/2022,-15100,-171310000,10.45(-6.70 %),0,0,15100,171310000,52257816,2.61
21/04/2022,-4000,-43440000,9.73(-7.33 %),3100,30625000,7100,74065000,52276716,2.59
22/04/2022,-600,-5420000,9.05(-6.99 %),1500,13660000,2100,19080000,52290316,2.58
25/04/2022,-4500,-37997000,8.42(-7.47 %),3600,30492000,8100,68489000,52293816,2.58
26/04/2022,6900,59968000,9(7.14 %),6900,59968000,0,0,52289016,2.58
27/04/2022,-1500,-13514000,9.63(7.00 %),4000,38520000,5500,52034000,52293116,2.58
28/04/2022,-3400,-33964000,9.65(0.52 %),200,1982000,3600,35946000,52292916,2.58
29/04/2022,-2700,-26314000,9.82(1.24 %),4200,41958000,6900,68272000,52294216,2.58
04/05/2022,-4000,-38860000,9.2(-6.12 %),0,0,4000,38860000,52297816,2.58
05/05/2022,2700,24570000,9.5(3.26 %),2700,24570000,0,0,52295116,2.58
06/05/2022,0,0,9.55(0.53 %),0,0,0,0,52306016,2.57
09/05/2022,0,0,8.89(-7.40 %),0,0,0,0,52306016,2.57
10/05/2022,0,0,8.7(-2.25 %),2700,23490000,2700,23490000,52303316,2.57
11/05/2022,1600,14151000,8.8(1.15 %),1600,14151000,0,0,52301716,2.57
12/05/2022,-7900,-65590000,8.19(-6.93 %),0,0,7900,65590000,52309616,2.57
13/05/2022,-2000,-15762000,7.62(-6.96 %),0,0,2000,15762000,52304416,2.57
16/05/2022,1600,11472000,7.17(-5.66 %),3900,27963000,2300,16491000,52308416,2.57
17/05/2022,6900,52923000,7.67(6.53 %),6900,52923000,0,0,52303516,2.57
18/05/2022,2100,16968000,8.08(4.94 %),2100,16968000,0,0,52303716,2.57
19/05/2022,-3700,-29970000,8.1(0.00 %),1000,8100000,4700,38070000,52302716,2.57
20/05/2022,-2200,-18018000,8.19(1.11 %),0,0,2200,18018000,52302716,2.57
23/05/2022,-4000,-31800000,7.95(-3.05 %),0,0,4000,31800000,52307416,2.57
24/05/2022,-6000,-48840000,8.14(1.75 %),100,814000,6100,49654000,52309516,2.57
25/05/2022,1500,12300000,8.2(1.23 %),1500,12300000,0,0,53438544,2.56
26/05/2022,700,5670000,8.1(-1.22 %),1100,8910000,400,3240000,53443544,2.56
27/05/2022,-3300,-26730000,8.1(0.00 %),500,4050000,3800,30780000,53443044,2.56
30/05/2022,4200,33726000,8.03(-0.86 %),4300,34529000,100,803000,53439144,2.56
31/05/2022,1200,9600000,8(0.00 %),1200,9600000,0,0,53441744,2.56
01/06/2022,2100,15750000,7.5(-6.25 %),2500,18750000,400,3000000,53439344,2.56
02/06/2022,1300,9880000,7.6(1.33 %),1500,11400000,200,1520000,53437844,2.56
03/06/2022,1600,11424000,7.14(-6.05 %),3400,24276000,1800,12852000,53434918,2.57
06/06/2022,-2800,-20148000,6.82(-3.94 %),0,0,2800,20148000,53435118,2.57
07/06/2022,3900,25428000,6.52(-4.12 %),3900,25428000,0,0,53433018,2.57
08/06/2022,2300,15410000,6.7(3.08 %),2300,15410000,0,0,53433518,2.57
09/06/2022,4200,28686000,6.83(1.94 %),4200,28686000,0,0,53429318,2.57
10/06/2022,3800,26258000,6.91(1.62 %),3800,26258000,0,0,53425518,2.58
13/06/2022,-2400,-15432000,6.43(-6.81 %),0,0,2400,15432000,53425518,2.58
14/06/2022,-6900,-44160000,6.4(0.00 %),500,3200000,7400,47360000,53425018,2.58
15/06/2022,2600,15496000,5.96(-6.87 %),3000,17880000,400,2384000,53424418,2.58
16/06/2022,-1600,-9600000,6(0.00 %),600,3600000,2200,13200000,53431218,2.57
17/06/2022,-1900,-12065000,6.35(5.83 %),0,0,1900,12065000,53431618,2.57
20/06/2022,2800,16182000,5.91(-7.66 %),6500,38415000,3700,22233000,53427318,2.57
21/06/2022,-2200,-12100000,5.5(-6.78 %),1000,5500000,3200,17600000,53428218,2.57
22/06/2022,2300,11776000,5.12(-6.91 %),2300,11776000,0,0,53429618,2.57
23/06/2022,10200,51000000,5(-1.96 %),10200,51000000,0,0,53422618,2.58
24/06/2022,9600,48000000,5(0.00 %),9600,48000000,0,0,53413018,2.59
27/06/2022,5800,30074000,5.35(7.00 %),5800,30074000,0,0,53407218,2.59
28/06/2022,2100,11970000,5.7(5.56 %),3500,19950000,1400,7980000,53403718,2.59
29/06/2022,900,5033000,5.75(0.88 %),1100,6171000,200,1138000,53402618,2.6
30/06/2022,-2400,-13200000,5.5(-5.17 %),0,0,2400,13200000,53404018,2.59
01/07/2022,-4300,-24940000,5.8(5.45 %),500,2900000,4800,27840000,53403718,2.59
04/07/2022,-4100,-24959000,6.14(5.86 %),0,0,4100,24959000,53403718,2.59
05/07/2022,-3000,-17460000,5.82(-4.59 %),0,0,3000,17460000,53410918,2.59
06/07/2022,-15700,-91060000,5.8(0.00 %),1500,8700000,17200,99760000,53413518,2.59
07/07/2022,-4100,-22960000,5.6(-3.45 %),100,560000,4200,23520000,53416418,2.58
08/07/2022,1600,-5130000,5.7(1.79 %),1600,570000,0,5700000,53414818,0.0
11/07/2022,0,-5130000,5.7(0.00 %),0,570000,0,5700000,53437803,2.56
12/07/2022,-800,-4688000,5.86(2.81 %),0,0,800,4688000,53438803,2.56
13/07/2022,-1600,-9376000,5.86(-0.68 %),0,0,1600,9376000,53438803,2.56
14/07/2022,1400,8204000,5.86(-0.68 %),2600,15236000,1200,7032000,53437003,2.56
15/07/2022,-900,-5211000,5.79(-1.86 %),0,0,900,5211000,53438603,2.56
18/07/2022,-1200,-6900000,5.75(-0.86 %),0,0,1200,6900000,53439803,2.56
19/07/2022,-1700,-9588000,5.64(-2.76 %),0,0,1700,9588000,53440703,2.56
20/07/2022,-1200,-6732000,5.61(0.18 %),0,0,1200,6732000,53441903,2.56
21/07/2022,-1000,-5590000,5.59(-0.18 %),0,0,1000,5590000,53443603,2.56
22/07/2022,10200,-4968000,5.52(-1.43 %),10200,0,0,4968000,53444803,2.56
25/07/2022,-900,-5022000,5.58(1.45 %),0,0,900,5022000,53445803,2.56
26/07/2022,-800,-4448000,5.56(-0.71 %),0,0,800,4448000,53446703,2.56
27/07/2022,-900,-5040000,5.6(0.00 %),0,0,900,5040000,53447603,2.56
28/07/2022,-19600,-109760000,5.6(0.00 %),0,0,19600,109760000,53448403,2.55
29/07/2022,-900,-5220000,5.8(3.57 %),300,1740000,1200,6960000,53449003,2.55
01/08/2022,-1100,-6578000,5.98(3.10 %),0,0,1100,6578000,53468603,2.54
02/08/2022,-6000,-36900000,6.15(2.50 %),0,0,6000,36900000,53469803,2.54
03/08/2022,-1200,-7404000,6.17(-0.48 %),0,0,1200,7404000,53470903,2.53
04/08/2022,-600,-3660000,6.1(-1.61 %),500,3050000,1100,6710000,53476403,2.53
05/08/2022,-1100,-6545000,5.95(-2.46 %),0,0,1100,6545000,53477612,2.53
08/08/2022,200,1176000,5.88(-2.00 %),1200,7056000,1000,5880000,53477512,2.53
09/08/2022,-1100,-6622000,6.02(2.03 %),0,0,1100,6622000,53478612,2.53
10/08/2022,0,-6622000,6.24(4.00 %),0,0,0,6622000,53479612,2.53
11/08/2022,3000,18300000,6.1(-1.61 %),3000,18300000,0,0,53477712,2.53
12/08/2022,1500,9075000,6.05(-0.82 %),1500,9075000,0,0,53476212,2.53
15/08/2022,0,9075000,6.06(-0.66 %),0,9075000,0,0,53476212,2.53
16/08/2022,0,9075000,5.93(-2.79 %),0,9075000,0,0,53476212,2.53
17/08/2022,3000,17400000,5.8(-1.69 %),3000,17400000,0,0,53473212,2.53
18/08/2022,-2000,-11640000,5.82(0.34 %),0,0,2000,11640000,53473212,2.53
19/08/2022,0,-11640000,5.7(-1.72 %),0,0,0,11640000,53473212,2.53
22/08/2022,900,5103000,5.67(-0.53 %),900,5103000,0,0,53474312,2.53
23/08/2022,-4800,-28032000,5.84(2.46 %),0,0,4800,28032000,53474312,2.53
24/08/2022,-189900,-1084329000,5.71(-1.55 %),10100,57671000,200000,1142000000,53464212,2.54
25/08/2022,-176000,-1004960000,5.71(0.18 %),4000,22840000,180000,1027800000,53465012,2.54
26/08/2022,-48200,-272330000,5.65(-0.88 %),0,0,48200,272330000,53665012,2.36
29/08/2022,1000,5260000,5.26(-7.72 %),1000,5260000,0,0,53844012,2.2
30/08/2022,0,5260000,5.4(1.89 %),0,5260000,0,0,53892212,2.16
31/08/2022,0,5260000,5.4(0.00 %),0,5260000,0,0,53892212,2.16
05/09/2022,3700,19758000,5.34(-1.11 %),4000,21360000,300,1602000,53888222,2.16
06/09/2022,0,19758000,5.39(1.70 %),0,21360000,0,1602000,53888222,2.16
07/09/2022,0,19758000,5.38(-0.37 %),0,21360000,0,1602000,53888522,2.16
08/09/2022,0,19758000,5.55(2.78 %),0,21360000,0,1602000,53888522,2.16
09/09/2022,0,19758000,5.85(4.46 %),0,21360000,0,1602000,53888522,2.16
12/09/2022,-18,19758000,6.1(3.39 %),0,21360000,18,1602000,53888522,2.16
13/09/2022,-700,19758000,5.9(-3.28 %),0,21360000,700,1602000,53888522,2.16
14/09/2022,0,19758000,5.8(-1.69 %),0,21360000,0,1602000,53888540,2.16
15/09/2022,-241,19758000,5.9(1.72 %),0,21360000,241,1602000,0,2.16
16/09/2022,-2500,-14500000,5.8(-1.69 %),0,0,2500,14500000,53889240,2.16
19/09/2022,700,3920000,5.6(-3.45 %),700,3920000,0,0,53888540,2.16
20/09/2022,0,3920000,5.65(0.89 %),0,3920000,0,0,53891281,2.16
21/09/2022,0,3920000,5.68(-0.35 %),0,3920000,0,0,53891281,2.16
22/09/2022,200,1142000,5.71(0.18 %),200,1142000,0,0,53891081,2.16
23/09/2022,0,1142000,5.7(0.00 %),0,1142000,0,0,53891081,2.16
26/09/2022,-200,-1064000,5.32(-6.67 %),0,0,200,1064000,53891081,2.16
27/09/2022,0,-1064000,5.4(1.89 %),0,0,0,1064000,53891081,2.16
28/09/2022,-9500,-50350000,5.3(-1.85 %),0,0,9500,50350000,53891281,2.16
29/09/2022,0,-50350000,5.25(-0.94 %),0,0,0,50350000,53891281,2.16
30/09/2022,0,-50350000,5.25(-0.94 %),0,0,0,50350000,53900781,2.15
03/10/2022,0,-50350000,4.98(-6.04 %),0,0,0,50350000,53900781,2.15
04/10/2022,0,-50350000,4.9(-2.00 %),0,0,0,50350000,53900781,2.15
05/10/2022,5000,24600000,4.92(0.41 %),5000,24600000,0,0,53895781,2.16
06/10/2022,0,24600000,4.87(-0.61 %),0,24600000,0,0,53895781,2.16
07/10/2022,5000,22650000,4.53(-7.55 %),5000,22650000,0,0,53890781,2.16
10/10/2022,0,22650000,4.48(-0.44 %),0,22650000,0,0,53890781,2.16
11/10/2022,-96,-400320,4.17(-7.33 %),0,0,96,400320,53890781,2.16
12/10/2022,-3,-12510,4.17(-0.71 %),0,0,3,12510,53890781,2.16
13/10/2022,-3,-12300,4.1(-2.38 %),0,0,3,12300,53890877,2.16
14/10/2022,75500,320875000,4.25(3.66 %),75500,320875000,0,0,53815380,2.23
17/10/2022,3500,14595000,4.17(-3.02 %),3500,14595000,0,0,53811883,2.23
18/10/2022,1500,6165000,4.11(-2.14 %),1500,6165000,0,0,53810383,2.23
19/10/2022,12000,48060000,4.1(0.00 %),12000,48060000,0,0,53798383,2.24
20/10/2022,8700,34465000,3.95(-3.66 %),8700,34465000,0,0,53789683,2.25
21/10/2022,34300,127833000,3.68(-8.00 %),34300,127833000,0,0,53755383,2.28
24/10/2022,13000,44670000,3.43(-7.30 %),13000,44670000,0,0,53742383,2.29
25/10/2022,4600,15408000,3.42(0.59 %),5000,16800000,400,1392000,53737783,2.3
26/10/2022,6000,19140000,3.19(-6.18 %),6000,19140000,0,0,53731783,2.3
27/10/2022,-400,-1276000,3.41(6.56 %),0,0,400,1276000,53731783,2.3
28/10/2022,4000,14000000,3.5(2.94 %),4000,14000000,0,0,53727783,2.31
31/10/2022,5000,16500000,3.3(-5.71 %),5000,16500000,0,0,53723183,2.31
01/11/2022,-3800,-13414000,3.53(6.97 %),0,0,3800,13414000,53723183,2.31
02/11/2022,0,-13414000,3.75(7.14 %),0,0,0,13414000,53723183,2.31
03/11/2022,0,-13414000,3.75(-1.32 %),0,0,0,13414000,53726983,2.31
04/11/2022,0,-13414000,3.5(-7.89 %),0,0,0,13414000,53726983,2.31
07/11/2022,-16,-52640,3.29(-6.00 %),0,0,16,52640,53726983,2.31
08/11/2022,0,-52640,3.14(-4.85 %),0,0,0,52640,53726983,2.31
09/11/2022,0,-52640,3.2(3.23 %),0,0,0,52640,53726999,2.31
10/11/2022,4000,11920000,2.98(-6.87 %),4000,11920000,0,0,53722999,2.31
11/11/2022,0,11920000,2.84(-5.33 %),0,11920000,0,0,53722999,2.31
14/11/2022,0,11920000,2.65(-5.36 %),0,11920000,0,0,53722999,2.31
15/11/2022,0,11920000,2.47(-8.52 %),0,11920000,0,0,53722999,2.31
16/11/2022,16400,40672000,2.48(-0.80 %),16400,40672000,0,0,53706599,2.33
17/11/2022,1500,3870000,2.58(3.20 %),1500,3870000,0,0,53705099,2.33
18/11/2022,0,3870000,2.76(6.15 %),0,3870000,0,0,53705099,2.33
21/11/2022,1000,2950000,2.95(5.36 %),1000,2950000,0,0,53704099,2.33
22/11/2022,0,2950000,3(0.00 %),0,2950000,0,0,53704099,2.33
23/11/2022,0,2950000,2.97(-1.00 %),0,2950000,0,0,53704099,2.33
24/11/2022,0,2950000,2.88(-3.03 %),0,2950000,0,0,53704099,2.33
25/11/2022,0,2950000,2.95(1.72 %),0,2950000,0,0,53704099,2.33
28/11/2022,-4000,-12560000,3.14(4.67 %),0,0,4000,12560000,53708099,2.32
29/11/2022,-5500,-17490000,3.18(2.58 %),0,0,5500,17490000,53713599,2.32
30/11/2022,-3500,-11130000,3.18(-0.62 %),0,0,3500,11130000,53717099,2.32
01/12/2022,-500,-1600000,3.2(0.00 %),0,0,500,1600000,53708099,2.32
02/12/2022,0,-1600000,3.23(0.94 %),0,0,0,1600000,53708099,2.32
05/12/2022,0,-1600000,3.18(-0.62 %),0,0,0,1600000,53708099,2.32
06/12/2022,-10,-30200,3.02(-5.62 %),0,0,10,30200,53708109,0.0
07/12/2022,-400,-1168000,2.92(-2.67 %),0,0,400,1168000,53708509,2.32
08/12/2022,1000,3000000,3(3.45 %),1000,3000000,0,0,53716609,2.32
09/12/2022,0,3000000,3.01(0.33 %),0,3000000,0,0,53717009,2.32
12/12/2022,0,3000000,2.97(-1.00 %),0,3000000,0,0,53707509,2.32
13/12/2022,0,3000000,2.97(-1.00 %),0,3000000,0,0,53707509,0.0
14/12/2022,0,3000000,3(0.00 %),0,3000000,0,0,53707509,2.32
15/12/2022,0,3000000,3(0.00 %),0,3000000,0,0,53707509,2.32
16/12/2022,0,3000000,2.98(-0.67 %),0,3000000,0,0,53707509,0.0
19/12/2022,0,3000000,2.92(-2.67 %),0,3000000,0,0,53707509,2.32
20/12/2022,0,3000000,2.75(-5.17 %),0,3000000,0,0,53707509,2.32
21/12/2022,0,3000000,2.74(-2.14 %),0,3000000,0,0,53707509,2.32
22/12/2022,-100,-290000,2.9(7.41 %),0,0,100,290000,53707609,2.32
23/12/2022,-136,-387600,2.85(-1.72 %),0,0,136,387600,53707745,0.0
26/12/2022,-2100,-5586000,2.66(-8.28 %),0,0,2100,5586000,53709845,2.32
27/12/2022,-5500,-14905000,2.71(0.37 %),0,0,5500,14905000,53715345,2.32
28/12/2022,0,-14905000,2.7(0.00 %),0,0,0,14905000,53715345,2.32
29/12/2022,0,-14905000,2.79(3.33 %),0,0,0,14905000,53724845,2.31
30/12/2022,0,-14905000,2.8(0.00 %),0,0,0,14905000,53724845,2.31
03/01/2023,-1000,-2840000,2.84(1.43 %),0,0,1000,2840000,53724845,2.31
04/01/2023,-6,-16800,2.8(0.00 %),0,0,6,16800,53724845,2.31
05/01/2023,0,-16800,2.8(0.00 %),0,0,0,16800,53725845,2.31
06/01/2023,100,268000,2.68(-4.29 %),100,268000,0,0,53725751,2.31
09/01/2023,900,2430000,2.7(0.00 %),900,2430000,0,0,53724851,2.31
10/01/2023,0,2430000,2.78(2.96 %),0,2430000,0,0,53724851,2.31
11/01/2023,0,2430000,2.81(0.36 %),0,2430000,0,0,53724851,2.31
12/01/2023,0,2430000,2.74(-2.14 %),0,2430000,0,0,53724851,2.31
13/01/2023,0,2430000,2.7(0.00 %),0,2430000,0,0,53724851,2.31
16/01/2023,0,2430000,2.8(3.70 %),0,2430000,0,0,53724851,2.31
17/01/2023,0,2430000,2.89(3.21 %),0,2430000,0,0,53724851,2.31
18/01/2023,0,2430000,2.89(-0.34 %),0,2430000,0,0,53724851,2.31
19/01/2023,-80,-232000,2.9(0.00 %),0,0,80,232000,53724851,2.31
27/01/2023,0,-232000,2.91(0.34 %),0,0,0,232000,53724851,2.31
30/01/2023,-6,-18660,3.11(7.24 %),0,0,6,18660,53724931,2.31
31/01/2023,0,-18660,3.2(3.23 %),0,0,0,18660,53724931,2.31
01/02/2023,-200,-628000,3.14(-1.88 %),0,0,200,628000,53724937,2.31
02/02/2023,0,-628000,3.1(0.00 %),0,0,0,628000,53724937,2.31
03/02/2023,0,-628000,3.12(0.65 %),0,0,0,628000,53725137,2.31
06/02/2023,0,-628000,3.1(0.00 %),0,0,0,628000,53725137,2.31
07/02/2023,0,-628000,2.95(-4.84 %),0,0,0,628000,53725137,2.31
08/02/2023,-5200,-15860000,3.05(1.67 %),0,0,5200,15860000,53725137,2.31
09/02/2023,0,-15860000,3.09(-0.32 %),0,0,0,15860000,53725137,2.31
10/02/2023,-7,-21630,3.09(-0.32 %),0,0,7,21630,53730337,2.3
13/02/2023,0,-21630,3(-3.23 %),0,0,0,21630,53730337,2.3
14/02/2023,0,-21630,3.04(1.33 %),0,0,0,21630,53730344,2.3
15/02/2023,0,-21630,3(0.00 %),0,0,0,21630,53730344,2.3
16/02/2023,0,-21630,3.05(1.67 %),0,0,0,21630,53730344,2.3
17/02/2023,0,-21630,2.95(-4.84 %),0,0,0,21630,53730344,2.3
20/02/2023,100,305000,3.05(1.67 %),100,305000,0,0,53730244,2.3
21/02/2023,0,305000,3.05(-1.61 %),0,305000,0,0,53730244,2.3
22/02/2023,0,305000,2.98(-3.87 %),0,305000,0,0,53730244,2.3
23/02/2023,0,305000,2.98(-0.67 %),0,305000,0,0,53730244,2.3
24/02/2023,0,305000,2.96(-1.33 %),0,305000,0,0,53730244,2.3
27/02/2023,0,305000,3.16(5.33 %),0,305000,0,0,53730244,2.3
28/02/2023,0,305000,3.38(5.62 %),0,305000,0,0,53730244,2.3
01/03/2023,-10400,-37544000,3.61(6.18 %),0,0,10400,37544000,53730244,2.3
02/03/2023,-7000,-25340000,3.62(0.56 %),0,0,7000,25340000,53730244,2.3
03/03/2023,0,-25340000,3.64(1.11 %),0,0,0,25340000,53740644,2.3
06/03/2023,0,-25340000,3.67(1.94 %),0,0,0,25340000,53747644,2.29
07/03/2023,0,-25340000,3.49(-5.68 %),0,0,0,25340000,53747644,2.29
08/03/2023,0,-25340000,3.49(-0.29 %),0,0,0,25340000,53747644,2.29
09/03/2023,0,-25340000,3.3(-5.71 %),0,0,0,25340000,53747644,2.29
10/03/2023,100,320000,3.2(-3.03 %),100,320000,0,0,53747544,2.29
13/03/2023,600,2004000,3.34(4.38 %),1000,3340000,400,1336000,53746944,0.0
14/03/2023,0,2004000,3.34(1.21 %),0,3340000,0,1336000,53746544,2.29
15/03/2023,0,2004000,3.41(3.33 %),0,3340000,0,1336000,53746944,2.29
16/03/2023,0,2004000,3.3(-2.94 %),0,3340000,0,1336000,53746944,2.29
17/03/2023,0,2004000,3.3(0.00 %),0,3340000,0,1336000,53746944,2.29
20/03/2023,0,2004000,3.14(-4.85 %),0,3340000,0,1336000,53746944,2.29
21/03/2023,0,305000,3.2(3.23 %),0,305000,0,0,53746944,2.29
22/03/2023,0,0,3.2(0.00 %),0,0,0,0,53746944,2.29
23/03/2023,0,0,3.21(0.31 %),0,0,0,0,53746944,2.29
24/03/2023,0,0,3.2(0.00 %),0,0,0,0,53746944,2.29
27/03/2023,0,0,3.2(0.00 %),0,0,0,0,53746944,2.29
28/03/2023,-25300,-80707000,3.19(-0.31 %),0,0,25300,80707000,53772244,0.0
29/03/2023,-8500,-27030000,3.18(-0.62 %),0,0,8500,27030000,53746944,2.29
30/03/2023,-46200,-146454000,3.17(-0.94 %),0,0,46200,146454000,53772244,2.27
31/03/2023,0,-146454000,3.2(0.00 %),0,0,0,146454000,53780744,2.26
03/04/2023,0,-146454000,3.3(3.12 %),0,0,0,146454000,53826944,2.22
04/04/2023,0,-146454000,3.26(-1.21 %),0,0,0,146454000,53826944,2.22
05/04/2023,0,-146454000,3.26(-1.21 %),0,0,0,146454000,53826944,2.22
06/04/2023,-100000,-326000000,3.26(-1.21 %),0,0,100000,326000000,53826944,2.22
07/04/2023,0,-326000000,3.29(-0.30 %),0,0,0,326000000,53826944,2.22
10/04/2023,0,-326000000,3.26(-1.21 %),0,0,0,326000000,53926944,2.13
11/04/2023,-27000,-87210000,3.23(-2.12 %),0,0,27000,87210000,53926944,2.13
12/04/2023,-44000,-144760000,3.29(2.81 %),0,0,44000,144760000,53926944,2.13
13/04/2023,0,-144760000,3.28(-0.61 %),0,0,0,144760000,53953944,2.11
14/04/2023,0,-144760000,3.21(-2.73 %),0,0,0,144760000,53997944,2.07
17/04/2023,-20200,-63832000,3.16(-1.25 %),0,0,20200,63832000,53997932,2.07
18/04/2023,-52921,-162467470,3.07(-4.06 %),0,0,52921,162467470,53997932,2.07
19/04/2023,-155933,-475595650,3.05(-1.61 %),0,0,155933,475595650,54018132,2.05
20/04/2023,-75000,-225199000,3(-3.23 %),0,0,75000,225199000,54093132,1.98
21/04/2023,-59006,-177018000,3(0.00 %),0,0,59006,177018000,54226986,1.86
24/04/2023,-5300,-16324000,3.08(2.67 %),0,0,5300,16324000,54301986,1.8
25/04/2023,0,-16324000,3.12(0.65 %),0,0,0,16324000,54360992,1.74
26/04/2023,0,-16324000,3.17(2.26 %),0,0,0,16324000,54366292,1.74
27/04/2023,-42500,-134065000,3.14(-0.95 %),0,0,42500,134065000,54408792,1.7
28/04/2023,0,0,3.14(0.00 %),0,0,0,0,54408792,1.7
04/05/2023,-61200,-186931000,3.06(-2.55 %),0,0,61200,186931000,54366292,1.74
05/05/2023,-179400,-538268000,2.98(-2.61 %),0,0,179400,538268000,54408792,1.7
08/05/2023,-58100,-172261000,2.9(-2.68 %),0,0,58100,172261000,54469992,1.65
09/05/2023,-115800,-337138000,2.91(0.34 %),0,0,115800,337138000,54649403,1.49
10/05/2023,0,0,3.04(4.83 %),0,0,0,0,54649403,1.49
11/05/2023,0,0,3.04(1.33 %),0,0,0,0,54823353,1.33
12/05/2023,0,0,3.04(1.33 %),0,0,0,0,54823353,1.33
15/05/2023,0,0,3.04(0.00 %),0,0,0,0,54823353,1.33
16/05/2023,0,0,3(-1.32 %),0,0,0,0,54823353,1.33
17/05/2023,0,0,2.98(-0.67 %),0,0,0,0,54823353,1.33
18/05/2023,1100,3201000,3.05(2.35 %),1100,3201000,0,0,54822253,1.34
19/05/2023,0,0,3.06(0.33 %),0,0,0,0,54822253,1.34
22/05/2023,0,0,3.03(-0.98 %),0,0,0,0,54822253,1.34
23/05/2023,0,0,3.03(0.00 %),0,0,0,0,54822253,1.34
24/05/2023,0,0,3.24(6.93 %),0,0,0,0,54822253,1.34
25/05/2023,0,0,3.46(6.79 %),0,0,0,0,54822253,1.34
26/05/2023,-4000,-14800000,3.7(6.94 %),0,0,4000,14800000,54826253,1.33
29/05/2023,-12100,-47795000,3.95(6.76 %),0,0,12100,47795000,54838353,1.32
30/05/2023,-8000,-33760000,4.22(6.84 %),10000,42200000,18000,75960000,54846353,1.31
31/05/2023,-35000,-157850000,4.51(6.87 %),0,0,35000,157850000,54881353,1.28
01/06/2023,-86000,-413610000,4.82(6.87 %),0,0,86000,413610000,54828485,1.33
02/06/2023,-30000,-154500000,5.15(6.85 %),0,0,30000,154500000,54858485,1.3
05/06/2023,18600,99006000,5.14(-0.19 %),18700,99516000,100,510000,54839885,1.32
06/06/2023,0,0,5.12(-0.39 %),0,0,0,0,54839885,1.32
07/06/2023,0,0,5.47(6.84 %),0,0,0,0,54839885,1.32
08/06/2023,-13500,-80345000,5.85(6.95 %),10500,59955000,24000,140300000,54853385,1.31
09/06/2023,9200,61331000,5.5(-5.98 %),32900,191495000,23700,130164000,54844185,1.32
12/06/2023,0,0,5.26(-4.36 %),0,0,0,0,54844185,1.32
13/06/2023,-200,-1072000,5.35(1.71 %),0,0,200,1072000,54844385,1.32
14/06/2023,14200,75715000,5.13(-4.11 %),14200,75715000,0,0,54830185,1.33
15/06/2023,16000,79820000,4.78(-6.82 %),21000,104270000,5000,24450000,54814185,1.34
16/06/2023,7800,36891000,4.6(-4.17 %),7800,36891000,0,0,54940440,1.23
19/06/2023,3500,16041000,4.63(0.65 %),3500,16041000,0,0,54941940,1.23
20/06/2023,5000,22624000,4.7(2.17 %),5000,22624000,0,0,54936940,1.23
21/06/2023,7700,37010000,4.93(4.89 %),19000,90743000,11300,53733000,54917988,1.25
22/06/2023,-41900,-202058000,4.85(-1.62 %),0,0,41900,202058000,54959888,1.21
23/06/2023,-700,-3626000,5.18(5.71 %),0,0,700,3626000,54960588,1.21
26/06/2023,5200,28808000,5.37(3.27 %),5200,28808000,0,0,54965988,1.21
27/06/2023,0,0,5.22(-3.33 %),0,0,0,0,54965988,1.21
28/06/2023,-12900,-65663000,5.09(-2.12 %),100,507000,13000,66170000,54978888,1.2
29/06/2023,100,510000,4.99(-2.16 %),100,510000,0,0,54978788,1.2
30/06/2023,-5100,-25041000,4.87(-2.60 %),0,0,5100,25041000,54983888,1.19
03/07/2023,6800,35631000,5.21(6.33 %),10500,54705000,3700,19074000,54979580,1.2
04/07/2023,5000,27800000,5.3(1.92 %),5000,27800000,0,0,54974580,1.2
05/07/2023,-9100,-46055000,5.01(-5.47 %),1000,5070000,10100,51125000,54983680,1.19
06/07/2023,-18200,-91282000,5.15(3.00 %),0,0,18200,91282000,54971886,1.2
07/07/2023,0,0,5.09(-2.12 %),0,0,0,0,54981986,1.19
10/07/2023,0,0,5.09(-0.20 %),0,0,0,0,54981986,1.19
11/07/2023,-9600,-48018000,5.05(-0.98 %),0,0,9600,48018000,54991586,1.18
12/07/2023,0,0,5.05(-0.98 %),0,0,0,0,54991586,1.18
13/07/2023,0,0,5.1(0.00 %),0,0,0,0,54991586,1.18
14/07/2023,0,0,5.1(0.00 %),0,0,0,0,55009902,1.17
17/07/2023,28900,151616000,5.23(2.55 %),32500,170120000,3600,18504000,54981002,1.19
18/07/2023,300,1581000,5.23(0.58 %),300,1581000,0,0,54980702,1.19
19/07/2023,0,0,5.07(-2.50 %),0,0,0,0,54980702,1.19
20/07/2023,-700,-3563000,5.08(-0.39 %),0,0,700,3563000,54981402,1.19
21/07/2023,22800,116126000,5.1(0.00 %),22800,116126000,0,0,54958602,1.21
24/07/2023,36900,194559000,5.33(4.51 %),36900,194559000,0,0,54921714,1.25
25/07/2023,5100,26747000,5.21(-1.70 %),5100,26747000,0,0,54916614,1.25
26/07/2023,22800,119791000,5.24(0.58 %),22800,119791000,0,0,54893814,1.27
27/07/2023,-7400,-42807000,5.46(5.00 %),6000,32004000,13400,74811000,54901214,1.27
28/07/2023,8200,44850000,5.42(-1.45 %),24000,131820000,15800,86970000,54893014,1.27
31/07/2023,6900,36926000,5.36(-0.74 %),6900,36926000,0,0,54886114,1.28
01/08/2023,200,1747000,5.08(-5.93 %),7200,38736000,7000,36989000,54870324,1.29
02/08/2023,4000,20537000,5.14(0.78 %),4000,20537000,0,0,54866324,1.3
03/08/2023,18700,97692000,5.18(1.57 %),29200,151791000,10500,54099000,54847624,1.31
04/08/2023,-15800,-83039000,5.23(0.97 %),0,0,15800,83039000,54852724,1.31
07/08/2023,45700,239019000,5.26(0.57 %),55700,291419000,10000,52400000,54807024,1.35
08/08/2023,20200,108083000,5.31(0.95 %),20200,108083000,0,0,54786824,1.37
09/08/2023,9200,45607000,5.4(1.69 %),29200,155607000,20000,110000000,54777624,1.37
10/08/2023,-22300,-124865000,5.77(6.85 %),0,0,22300,124865000,54799924,1.36
11/08/2023,45300,266084000,5.91(2.43 %),97400,577264000,52100,311180000,54754624,1.4
14/08/2023,43500,259479000,6(1.69 %),53500,320379000,10000,60900000,54675324,1.47
15/08/2023,70200,423956000,6.01(0.17 %),70200,423956000,0,0,54657224,1.48
16/08/2023,120300,751311000,6.43(7.17 %),136300,853851000,16000,102540000,54531009,1.59
17/08/2023,17900,115470000,6.4(0.00 %),21200,137697000,3300,22227000,54513109,1.61
18/08/2023,100,856000,5.96(-6.87 %),4800,29651000,4700,28795000,54521016,1.6
21/08/2023,45400,253741000,5.55(-7.50 %),66200,369524000,20800,115783000,54458116,1.66
22/08/2023,44400,241992000,5.67(1.25 %),70700,385503000,26300,143511000,54392116,1.72
23/08/2023,-11700,-67835000,6(5.82 %),16000,92837000,27700,160672000,54396916,1.71
24/08/2023,62700,380269000,6.1(1.67 %),79600,481286000,16900,101017000,54334216,1.77
25/08/2023,28700,176299000,5.93(-2.79 %),39300,239815000,10600,63516000,54332016,1.77
28/08/2023,-8300,-49413000,5.9(-0.51 %),1000,5830000,9300,55243000,54340316,1.76
29/08/2023,-10000,-59287000,5.84(-1.02 %),18500,108015000,28500,167302000,54340016,1.76
30/08/2023,-15900,-93027000,5.75(-1.54 %),24000,138600000,39900,231627000,54355916,1.75
31/08/2023,-25800,-151343000,5.81(1.04 %),8700,50996000,34500,202339000,54345116,1.76
05/09/2023,20700,123086000,6.03(3.79 %),31500,187490000,10800,64404000,54353516,1.75
06/09/2023,22400,135334000,6.09(1.00 %),22600,136558000,200,1224000,54331116,1.77
07/09/2023,35100,219268000,6.2(1.81 %),35100,219268000,0,0,54341116,1.76
08/09/2023,-15000,-99450000,6.63(6.94 %),0,0,15000,99450000,54341316,1.76
11/09/2023,-89900,-603243000,6.18(-6.79 %),8300,55132000,98200,658375000,54333016,1.77
12/09/2023,41100,255645000,6.3(1.94 %),41100,255645000,0,0,54306916,1.79
13/09/2023,-44600,-273643000,6.05(-3.97 %),0,0,44600,273643000,54405116,1.71
14/09/2023,-51800,-305900000,5.85(-3.31 %),1900,11267000,53700,317167000,54403216,1.71
15/09/2023,-73100,-429723000,5.89(0.68 %),0,0,73100,429723000,54447816,1.67
18/09/2023,0,0,5.7(-3.23 %),0,0,0,0,54447816,1.67
19/09/2023,-14900,-85570000,5.7(0.00 %),17300,98091000,32200,183661000,54516416,1.61
20/09/2023,-13700,-77969000,5.84(2.46 %),2400,13675000,16100,91644000,54530116,1.59
21/09/2023,-32800,-189647000,5.72(-2.05 %),0,0,32800,189647000,54562916,1.57
22/09/2023,-87600,-485869000,5.36(-6.29 %),0,0,87600,485869000,54730016,1.42
25/09/2023,-10900,-58472000,5.09(-5.04 %),400,2100000,11300,60572000,54762416,1.39
26/09/2023,-13600,-69474000,5.11(0.39 %),3300,16812000,16900,86286000,54846716,1.31
27/09/2023,-38500,-195025000,5.13(0.39 %),0,0,38500,195025000,54885216,1.28
28/09/2023,-45200,-232788000,5.12(-0.19 %),0,0,45200,232788000,54930416,1.24
29/09/2023,-46000,-235675000,5(-2.34 %),0,0,46000,235675000,54913416,1.25
02/10/2023,5300,27097000,5.09(1.80 %),10500,53430000,5200,26333000,54948116,1.22
03/10/2023,-15300,-76629000,4.93(-3.14 %),300,1476000,15600,78105000,54993816,1.18
04/10/2023,4800,23712000,4.95(0.41 %),5000,24698000,200,986000,54989016,1.19
05/10/2023,-22200,-109400000,4.95(0.00 %),1200,5940000,23400,115340000,55008416,1.17
06/10/2023,900,4469000,5.14(3.84 %),1200,5951000,300,1482000,55007516,1.17
09/10/2023,-3200,-16304000,5.1(-0.78 %),0,0,3200,16304000,55010716,1.17
10/10/2023,-1800,-9504000,5.2(1.96 %),0,0,1800,9504000,55031116,1.15
11/10/2023,-500,-2629000,5.2(0.00 %),600,3096000,1100,5725000,55033716,1.15
12/10/2023,700,3647000,5.22(0.38 %),700,3647000,0,0,55034860,1.15
13/10/2023,3600,18564000,5.21(-0.19 %),3600,18564000,0,0,55032360,1.15
16/10/2023,-500,-2596000,5.1(-2.11 %),100,526000,600,3122000,55032260,1.15
17/10/2023,-700,-3629000,5.1(0.00 %),0,0,700,3629000,55032260,1.15
18/10/2023,-3500,-17857000,5.08(-0.39 %),0,0,3500,17857000,55032860,1.15
19/10/2023,0,0,5.04(-0.79 %),0,0,0,0,55033560,1.15
20/10/2023,0,0,5.12(1.59 %),0,0,0,0,55037060,1.14
23/10/2023,0,0,5.02(-1.95 %),0,0,0,0,55037060,1.14
24/10/2023,-5500,-27500000,4.99(-0.60 %),0,0,5500,27500000,55042560,1.14
25/10/2023,900,4509000,5(0.20 %),900,4509000,0,0,55037060,1.14
26/10/2023,100,498000,4.65(-7.00 %),100,498000,0,0,55041560,1.14
27/10/2023,1000,4702000,4.8(3.23 %),1000,4702000,0,0,55040560,1.14
30/10/2023,-800,-3788000,4.77(-0.62 %),100,470000,900,4258000,55040460,1.14
31/10/2023,0,0,4.5(-5.66 %),0,0,0,0,55040460,1.14
01/11/2023,8800,37916000,4.38(-2.67 %),9800,42411000,1000,4495000,55031560,1.15
02/11/2023,10800,49754000,4.68(6.85 %),10900,50201000,100,447000,55020760,1.16
03/11/2023,8400,39572000,4.7(0.43 %),8400,39572000,0,0,55012360,1.17
06/11/2023,200,871000,4.75(1.06 %),1100,5182000,900,4311000,55012160,1.17
07/11/2023,2100,9849000,4.68(-1.47 %),2100,9849000,0,0,55010060,1.17
08/11/2023,2700,13106000,4.87(4.06 %),5800,27592000,3100,14486000,55005260,1.17
09/11/2023,2000,9886000,4.95(1.64 %),3500,17365000,1500,7479000,55001760,1.18
10/11/2023,-900,-4438000,4.83(-2.42 %),900,4374000,1800,8812000,55003960,1.17
13/11/2023,-4300,-20880000,4.84(0.21 %),0,0,4300,20880000,55005460,1.17
14/11/2023,0,0,4.84(0.00 %),0,0,0,0,55008260,1.17
15/11/2023,6800,33474000,4.84(0.00 %),6800,33474000,0,0,55001460,1.18
16/11/2023,0,0,4.84(0.00 %),0,0,0,0,55001460,1.18
17/11/2023,13600,66413000,4.84(0.00 %),14700,71725000,1100,5312000,54973560,1.2
20/11/2023,11100,52083000,4.74(-2.07 %),15300,72256000,4200,20173000,54960660,1.21
21/11/2023,800,3785000,4.79(1.05 %),1300,6215000,500,2430000,54960460,1.21
22/11/2023,1400,6720000,4.81(0.42 %),1400,6720000,0,0,54963260,1.21
23/11/2023,20600,99471000,4.86(1.04 %),20600,99471000,0,0,54942660,1.23
24/11/2023,-6300,-30002000,4.7(-3.29 %),8700,41203000,15000,71205000,54948960,1.22
27/11/2023,-3300,-15862000,4.66(-0.85 %),5300,24737000,8600,40599000,54952260,1.22
28/11/2023,-6800,-31895000,4.68(0.43 %),4200,19398000,11000,51293000,54959060,1.21
29/11/2023,-7200,-33924000,4.7(0.43 %),0,0,7200,33924000,54966260,1.21
30/11/2023,-13300,-62336000,4.68(-0.43 %),0,0,13300,62336000,54979560,1.2
01/12/2023,-10700,-49530000,4.67(-0.21 %),0,0,10700,49530000,54959560,1.21
04/12/2023,11700,54863000,4.71(0.86 %),11800,55334000,100,471000,54947860,1.22
05/12/2023,32100,145953000,4.61(-2.12 %),40100,182768000,8000,36815000,54915760,1.25
06/12/2023,0,0,4.7(1.95 %),0,0,0,0,54915760,1.25
07/12/2023,26300,126243000,4.9(4.26 %),27500,132025000,1200,5782000,54889460,1.28
08/12/2023,0,0,4.93(0.61 %),0,0,0,0,54889460,1.28
11/12/2023,4500,22095000,4.86(-1.42 %),4500,22095000,0,0,54884960,1.28
12/12/2023,0,0,4.8(-1.23 %),0,0,0,0,54884960,1.28
13/12/2023,15100,71355000,4.77(-0.62 %),15100,71355000,0,0,54869860,1.29
14/12/2023,0,0,4.76(-0.21 %),0,0,0,0,54869860,1.29
15/12/2023,0,0,4.7(-1.26 %),0,0,0,0,54869860,1.29
18/12/2023,0,0,4.67(-0.64 %),0,0,0,0,54869860,1.29
19/12/2023,0,0,4.65(-0.43 %),0,0,0,0,54869860,1.29
20/12/2023,0,0,4.7(1.08 %),0,0,0,0,54869860,1.29
21/12/2023,0,0,4.64(-1.28 %),0,0,0,0,54869860,1.29
22/12/2023,0,0,4.63(-0.22 %),0,0,0,0,54869860,1.29
25/12/2023,100,468000,4.67(0.86 %),100,468000,0,0,54869760,1.29
26/12/2023,5000,23175000,4.64(-0.64 %),5000,23175000,0,0,54864760,1.3
27/12/2023,4500,20770000,4.65(0.22 %),4500,20770000,0,0,54860260,1.3
28/12/2023,0,0,4.67(0.43 %),0,0,0,0,54860260,1.3
29/12/2023,0,0,4.64(-0.64 %),0,0,0,0,54860260,1.3
02/01/2024,0,0,4.64(0.00 %),0,0,0,0,54891460,1.27
03/01/2024,-500,-2330000,4.7(1.29 %),0,0,500,2330000,54891960,1.27
04/01/2024,0,0,4.69(-0.21 %),0,0,0,0,54891960,1.27
05/01/2024,1000,4660000,4.65(-0.85 %),1000,4660000,0,0,54890960,1.27
08/01/2024,0,0,4.6(-1.08 %),0,0,0,0,54890960,1.27
09/01/2024,0,0,4.58(-0.43 %),0,0,0,0,54890960,1.27
10/01/2024,800,3630000,4.53(-1.09 %),800,3630000,0,0,54890160,1.27
11/01/2024,1500,6761000,4.5(-0.66 %),1500,6761000,0,0,54888660,1.28
12/01/2024,8500,37752000,4.49(-0.22 %),9800,43602000,1300,5850000,54880160,1.28
15/01/2024,-200,-888000,4.39(-2.23 %),100,450000,300,1338000,54878760,1.29
16/01/2024,0,0,4.39(0.00 %),0,0,0,0,54880060,1.28
17/01/2024,0,0,4.52(2.96 %),0,0,0,0,54880388,1.28
18/01/2024,0,0,4.51(-0.22 %),0,0,0,0,54880360,1.28
19/01/2024,5800,25636000,4.45(-1.33 %),5800,25636000,0,0,54874560,1.29
22/01/2024,-1200,-5340000,4.42(-0.67 %),0,0,1200,5340000,54875760,1.29
23/01/2024,-5900,-26038000,4.43(0.23 %),2000,8880000,7900,34918000,54881660,1.28
24/01/2024,0,-14000,4.43(0.00 %),500,2205000,500,2219000,54881660,1.28
25/01/2024,0,0,4.4(-0.68 %),0,0,0,0,54881660,1.28
26/01/2024,-300,-1320000,4.38(-0.45 %),0,0,300,1320000,54881960,1.28
29/01/2024,-4100,-17949000,4.38(0.00 %),0,0,4100,17949000,54881690,1.28
30/01/2024,0,0,4.35(-0.68 %),0,0,0,0,54881988,1.28
31/01/2024,14000,59920000,4.25(-2.30 %),14000,59920000,0,0,54872090,1.29
01/02/2024,-3400,-14620000,4.29(0.94 %),0,0,3400,14620000,54872088,1.29
02/02/2024,0,0,4.2(-2.10 %),0,0,0,0,54872090,1.29
05/02/2024,4000,16400000,4.11(-2.14 %),4000,16400000,0,0,54868088,1.29
06/02/2024,-40,-164180,4.14(0.73 %),0,0,40,164180,54871490,1.29
07/02/2024,700,2807000,4.15(0.24 %),700,2807000,0,0,54870788,1.29
15/02/2024,0,0,4.27(2.89 %),0,0,0,0,54870828,1.29
16/02/2024,0,0,4.21(-1.41 %),0,0,0,0,54870828,1.29
19/02/2024,3300,13926000,4.29(1.90 %),3300,13926000,0,0,54867530,1.3
20/02/2024,0,0,4.28(-0.23 %),0,0,0,0,54867530,1.3
21/02/2024,3000,12630000,4.25(-0.70 %),3000,12630000,0,0,54864530,1.3
22/02/2024,0,0,4.26(0.24 %),0,0,0,0,54864530,1.3
23/02/2024,-1950,-8328000,4.19(-1.64 %),0,0,1950,8328000,54863078,1.3
26/02/2024,-6300,-26367000,4.18(-0.24 %),0,0,6300,26367000,54864530,1.3
27/02/2024,1000,4170000,4.17(-0.24 %),1000,4170000,0,0,54868378,1.29
28/02/2024,0,0,4.15(-0.48 %),0,0,0,0,54868378,1.29
29/02/2024,100,415000,4.1(-1.20 %),100,415000,0,0,54871680,1.29
01/03/2024,13400,54672000,4.12(0.49 %),13400,54672000,0,0,54858278,1.3
04/03/2024,2900,11919000,4.13(0.24 %),2900,11919000,0,0,54855378,1.31
05/03/2024,96,396520,4.1(-0.73 %),100,413000,4,16480,54855280,1.31
06/03/2024,-6000,-24820000,4.13(0.73 %),0,0,6000,24820000,54861282,1.3
07/03/2024,-1300,-5356000,4.08(-1.45 %),0,0,1300,5356000,54862582,1.3
08/03/2024,0,0,4.1(0.49 %),0,0,0,0,54862582,1.3
11/03/2024,-1900,-7695000,4.07(-0.73 %),0,0,1900,7695000,54864482,1.3
12/03/2024,0,0,4.06(-0.25 %),0,0,0,0,54862584,1.3
13/03/2024,2700,11016000,4.11(1.23 %),2700,11016000,0,0,54861808,1.3
14/03/2024,0,0,4.09(-0.49 %),0,0,0,0,54861808,1.3
15/03/2024,0,0,4.09(0.00 %),0,0,0,0,54861808,1.3
18/03/2024,-8600,-35786000,4.04(-1.22 %),0,0,8600,35786000,54861816,1.3
19/03/2024,-4100,-16721000,4.07(0.74 %),0,0,4100,16721000,54861816,1.3
20/03/2024,0,0,4.06(-0.25 %),0,0,0,0,54874508,1.29
21/03/2024,0,0,4.11(1.23 %),0,0,0,0,54874508,1.29
22/03/2024,0,0,4.1(-0.24 %),0,0,0,0,54874508,1.29
25/03/2024,0,0,4.1(0.00 %),0,0,0,0,54874510,1.29
26/03/2024,0,0,4.1(0.00 %),0,0,0,0,54874508,1.29
27/03/2024,0,0,4.1(0.00 %),0,0,0,0,54874510,1.29
28/03/2024,0,0,4.1(0.00 %),0,0,0,0,54874510,1.29
29/03/2024,0,0,4.06(-0.98 %),0,0,0,0,54874464,1.29
01/04/2024,6000,24060000,4.05(-0.25 %),6000,24060000,0,0,54868464,1.29
02/04/2024,100,407000,4.05(0.00 %),100,407000,0,0,54874364,1.29
03/04/2024,1000,4000000,3.99(-1.48 %),1000,4000000,0,0,54867364,1.3
04/04/2024,-1000,-4265000,3.98(-0.25 %),5000,19550000,6000,23815000,54874364,1.29
05/04/2024,13100,51287000,3.89(-2.26 %),13100,51287000,0,0,54849264,1.31
08/04/2024,1600,6124000,3.82(-1.80 %),2200,8470000,600,2346000,54859664,1.3
09/04/2024,3300,12695000,3.84(0.52 %),8900,33982000,5600,21287000,54856364,1.3
10/04/2024,0,0,3.86(0.52 %),0,0,0,0,54856364,1.3
11/04/2024,0,0,3.82(-1.04 %),0,0,0,0,54850364,1.31
12/04/2024,1200,4524000,3.84(0.52 %),1200,4524000,0,0,54849164,1.31
15/04/2024,2700,9720000,3.68(-4.17 %),2700,9720000,0,0,54852464,1.31
16/04/2024,-24200,-87219000,3.53(-4.08 %),0,0,24200,87219000,54876664,1.29
17/04/2024,7400,28040000,3.75(6.23 %),8600,32422000,1200,4382000,54845064,1.31
19/04/2024,600,1964000,3.55(-5.33 %),3000,10725000,2400,8761000,54844464,1.32
22/04/2024,-300,-1125000,3.66(3.10 %),0,0,300,1125000,54860264,1.3
23/04/2024,-7200,-26203000,3.62(-1.09 %),0,0,7200,26203000,54862664,1.3
24/04/2024,2300,8604000,3.7(2.21 %),6700,24605000,4400,16001000,54849664,1.31
25/04/2024,0,0,3.74(1.08 %),0,0,0,0,54849664,1.31
26/04/2024,-300,-1140000,3.95(5.61 %),0,0,300,1140000,54867864,1.29
02/05/2024,-1100,-4630000,3.86(-2.28 %),5600,21294000,6700,25924000,54862264,1.3
03/05/2024,100,393000,3.88(0.52 %),100,393000,0,0,54862470,1.3
06/05/2024,900,3438000,3.85(-0.77 %),900,3438000,0,0,54868370,1.29
07/05/2024,-100,-385000,3.82(-0.78 %),0,0,100,385000,54868370,1.29
08/05/2024,-4300,-16283000,3.81(-0.26 %),1100,4136000,5400,20419000,54867264,1.3
09/05/2024,200,732000,3.78(-0.79 %),4200,15708000,4000,14976000,54863170,1.3
10/05/2024,300,1125000,3.78(0.00 %),300,1125000,0,0,54868264,1.29
13/05/2024,9700,36655000,3.77(-0.26 %),9800,37034000,100,379000,54862468,1.3
14/05/2024,100,373000,3.71(-1.59 %),100,373000,0,0,54860964,1.3
15/05/2024,0,0,3.7(-0.27 %),0,0,0,0,54860964,1.3
16/05/2024,-8900,-32887000,3.68(-0.54 %),0,0,8900,32887000,54869864,1.29
17/05/2024,-800,-2902000,3.65(-0.82 %),0,0,800,2902000,54862468,1.3
20/05/2024,-5800,-21415000,3.68(0.82 %),0,0,5800,21415000,54871370,1.29
21/05/2024,-4100,-14965000,3.64(-1.09 %),0,0,4100,14965000,54872170,1.29
22/05/2024,0,0,3.59(-1.37 %),0,0,0,0,54877980,1.29
23/05/2024,0,0,3.61(0.56 %),0,0,0,0,54882080,1.28
24/05/2024,2100,7560000,3.6(-0.28 %),2100,7560000,0,0,54869564,1.29
27/05/2024,0,0,3.35(-6.94 %),0,0,0,0,54879980,1.28
28/05/2024,17500,58914000,3.38(0.90 %),17500,58914000,0,0,54862480,1.3
29/05/2024,0,0,3.46(2.37 %),0,0,0,0,54862480,1.3
30/05/2024,0,0,3.43(-0.87 %),0,0,0,0,54862500,1.3
31/05/2024,-2100,-7207000,3.42(-0.29 %),0,0,2100,7207000,54862500,1.3
03/06/2024,3100,10474000,3.4(-0.58 %),4300,14591000,1200,4117000,54862500,1.3
04/06/2024,0,-8000,3.39(-0.29 %),200,672000,200,680000,54862500,1.3
05/06/2024,-1100,-4293000,3.41(0.59 %),8600,28634000,9700,32927000,54863600,1.3
06/06/2024,-1000,-3530000,3.48(2.05 %),0,0,1000,3530000,54852900,1.31
07/06/2024,-7800,-27433000,3.4(-2.30 %),4100,13940000,11900,41373000,54858500,1.3
10/06/2024,-5500,-19148000,3.45(1.47 %),0,0,5500,19148000,54864000,1.3
11/06/2024,-300,-1046000,3.43(-0.58 %),200,684000,500,1730000,54852900,1.31
12/06/2024,2900,10005000,3.48(1.46 %),2900,10005000,0,0,54873800,1.29
13/06/2024,0,0,3.47(-0.29 %),0,0,0,0,54874300,1.29
14/06/2024,-400,-1386000,3.41(-1.73 %),0,0,400,1386000,54874300,1.29
17/06/2024,7600,25392000,3.39(-0.59 %),7800,26070000,200,678000,54866500,1.3
18/06/2024,-270,-912900,3.36(-0.88 %),30,101100,300,1014000,54866870,1.3
19/06/2024,-1400,-4668000,3.34(-0.60 %),0,0,1400,4668000,54867070,1.3
20/06/2024,-11800,-39754000,3.41(2.10 %),700,2310000,12500,42064000,54866670,1.3
21/06/2024,8000,27440000,3.44(0.88 %),8000,27440000,0,0,54860070,1.3
24/06/2024,6996,23646400,3.37(-2.03 %),7000,23660000,4,13600,54865570,1.3
25/06/2024,-700,-2408000,3.45(2.37 %),0,0,700,2408000,54865570,1.3
26/06/2024,600,2060000,3.43(-0.58 %),600,2060000,0,0,54864974,1.3
27/06/2024,-4600,-15755000,3.4(-0.87 %),0,0,4600,15755000,54865674,1.3
28/06/2024,17500,60981000,3.5(2.94 %),19900,69640000,2400,8659000,54845774,1.31
04/07/2024,1300,4485000,3.45(-0.29 %),1300,4485000,0,0,54852774,0.0
05/07/2024,3000,10230000,3.41(-1.16 %),3000,10230000,0,0,54849774,0.0
08/07/2024,19900,66715000,3.36(-1.47 %),19900,66715000,0,0,54829874,0.0
09/07/2024,2200,7392000,3.37(0.30 %),2200,7392000,0,0,54827674,0.0
10/07/2024,500,1680000,3.37(0.00 %),500,1680000,0,0,54827174,0.0
11/07/2024,900,3024000,3.37(0.00 %),900,3024000,0,0,54826274,0.0
12/07/2024,8200,27552000,3.34(-0.89 %),8200,27552000,0,0,54818074,0.0
15/07/2024,0,0,3.36(0.60 %),0,0,0,0,54818074,0.0
16/07/2024,-200,-671000,3.36(0.00 %),0,0,200,671000,54818274,0.0
17/07/2024,-600,-2024000,3.28(-2.38 %),400,1316000,1000,3340000,54818874,0.0
18/07/2024,0,-252000,3.3(0.61 %),1600,5007000,1600,5259000,54818874,0.0
19/07/2024,-6700,-21849000,3.23(-2.12 %),0,0,6700,21849000,54825574,0.0
22/07/2024,-11100,-35245000,3.03(-6.19 %),1500,4515000,12600,39760000,54836674,0.0
23/07/2024,-1600,-4892000,3.04(0.33 %),0,0,1600,4892000,54838274,0.0
24/07/2024,100,301000,3.05(0.33 %),100,301000,0,0,54838174,0.0
25/07/2024,3200,9645000,3.01(-1.31 %),3200,9645000,0,0,54834974,0.0
26/07/2024,0,0,3.05(1.33 %),0,0,0,0,54834974,0.0
29/07/2024,-100,-305000,3.07(0.66 %),0,0,100,305000,54835074,0.0
30/07/2024,-100,-305000,3.08(0.33 %),0,0,100,305000,54835174,0.0
31/07/2024,10000,30899000,3.08(0.00 %),10000,30899000,0,0,54825174,0.0
01/08/2024,3600,10938000,3.04(-1.30 %),3600,10938000,0,0,54843770,0.0
02/08/2024,0,0,2.99(-1.64 %),0,0,0,0,54843770,0.0
05/08/2024,-2900,-8809000,2.8(-6.35 %),7000,19600000,9900,28409000,54846670,0.0
06/08/2024,32400,90056000,2.71(-3.21 %),38400,106796000,6000,16740000,54814270,0.0
07/08/2024,0,0,2.89(6.64 %),0,0,0,0,54814270,0.0
08/08/2024,0,0,2.91(0.69 %),0,0,0,0,54814270,0.0
09/08/2024,8600,24083000,2.96(1.72 %),11900,33664000,3300,9581000,54805670,0.0
12/08/2024,-900,-2755000,2.93(-1.01 %),2100,5985000,3000,8740000,54806570,0.0
13/08/2024,-800,-2401000,2.85(-2.73 %),700,2009000,1500,4410000,54807370,0.0
14/08/2024,0,0,2.89(1.40 %),0,0,0,0,54807370,0.0
15/08/2024,1000,2454000,2.86(-1.04 %),7600,21528000,6600,19074000,54806370,0.0
16/08/2024,3000,8734000,2.99(4.55 %),3200,9310000,200,576000,54803370,0.0
19/08/2024,2600,7562000,2.97(-0.67 %),2700,7857000,100,295000,54800770,0.0
20/08/2024,-400,-1164000,2.96(-0.34 %),0,0,400,1164000,54801170,0.0
21/08/2024,-600,-1792000,2.96(0.00 %),400,1148000,1000,2940000,54801770,0.0
22/08/2024,-4900,-14553000,2.95(-0.34 %),0,0,4900,14553000,54806670,0.0
23/08/2024,1900,5500000,2.93(-0.68 %),1900,5500000,0,0,54804770,0.0
26/08/2024,0,0,2.91(-0.68 %),0,0,0,0,54804770,0.0
27/08/2024,-12200,-35743000,2.91(0.00 %),0,0,12200,35743000,54816970,0.0
28/08/2024,-1900,-5551000,2.9(-0.34 %),0,0,1900,5551000,54818870,0.0
29/08/2024,0,0,2.88(-0.69 %),0,0,0,0,54818870,0.0
30/08/2024,0,0,2.87(-0.35 %),0,0,0,0,54818870,0.0
04/09/2024,3000,8460000,2.83(-1.39 %),3000,8460000,0,0,54818550,0.0
05/09/2024,7100,19899000,2.83(0.00 %),7100,19899000,0,0,54811450,0.0
06/09/2024,2600,7261000,2.86(1.06 %),2600,7261000,0,0,54808850,0.0
09/09/2024,0,0,2.86(0.00 %),0,0,0,0,54808850,0.0
10/09/2024,0,0,2.87(0.35 %),0,0,0,0,54808850,0.0
11/09/2024,8200,22960000,2.81(-2.09 %),8200,22960000,0,0,54800650,0.0
12/09/2024,0,0,2.86(1.78 %),0,0,0,0,54800650,0.0
13/09/2024,2200,6107000,2.91(1.75 %),2900,8178000,700,2071000,54798450,0.0
16/09/2024,-2500,-7224000,2.93(0.69 %),0,0,2500,7224000,54800950,0.0
17/09/2024,-200,-575000,2.83(-3.41 %),0,0,200,575000,54801150,0.0
18/09/2024,0,-6000,2.89(2.12 %),100,283000,100,289000,54801150,0.0
19/09/2024,0,0,2.9(0.35 %),0,0,0,0,54801150,0.0
20/09/2024,0,0,2.82(-2.76 %),0,0,0,0,54801150,0.0
23/09/2024,-600,-1680000,2.8(-0.71 %),0,0,600,1680000,54801750,0.0
24/09/2024,6000,16620000,2.81(0.36 %),6000,16620000,0,0,54795750,0.0
25/09/2024,0,0,2.8(-0.36 %),0,0,0,0,54795750,0.0
26/09/2024,0,0,2.8(0.00 %),0,0,0,0,54795750,0.0
27/09/2024,0,0,2.8(0.00 %),0,0,0,0,54795750,0.0
30/09/2024,0,0,2.79(-0.36 %),0,0,0,0,54795750,0.0
01/10/2024,0,0,2.78(-0.36 %),0,0,0,0,54792750,0.0
02/10/2024,0,0,2.77(-0.36 %),0,0,0,0,54792750,0.0
03/10/2024,0,0,2.78(0.36 %),0,0,0,0,54792750,0.0
04/10/2024,-2000,-5540000,2.74(-1.44 %),0,0,2000,5540000,54794750,0.0
07/10/2024,-100,-268000,2.66(-2.92 %),0,0,100,268000,54794850,0.0
08/10/2024,200,540000,2.66(0.00 %),200,540000,0,0,54794650,0.0
09/10/2024,-2000,-5300000,2.64(-0.75 %),0,0,2000,5300000,54796650,0.0
10/10/2024,-4300,-11322000,2.67(1.14 %),0,0,4300,11322000,54800950,0.0
11/10/2024,0,0,2.62(-1.87 %),0,0,0,0,54800950,0.0
14/10/2024,0,0,2.6(-0.76 %),0,0,0,0,54800950,0.0
15/10/2024,0,0,2.58(-0.77 %),0,0,0,0,54800950,0.0
16/10/2024,0,0,2.58(0.00 %),0,0,0,0,54800950,0.0
17/10/2024,0,0,2.58(0.00 %),0,0,0,0,54800950,0.0
18/10/2024,0,0,2.57(-0.39 %),0,0,0,0,54800950,0.0
21/10/2024,200,514000,2.58(0.39 %),200,514000,0,0,54800750,0.0
22/10/2024,11100,28196000,2.52(-2.33 %),11100,28196000,0,0,54789650,0.0
23/10/2024,0,0,2.56(1.59 %),0,0,0,0,54789650,0.0
24/10/2024,0,0,2.57(0.39 %),0,0,0,0,54789650,0.0
25/10/2024,-5000,-12750000,2.52(-1.95 %),0,0,5000,12750000,54794650,0.0
28/10/2024,2000,5110000,2.56(1.59 %),2000,5110000,0,0,54792650,0.0
29/10/2024,1400,3667000,2.58(0.78 %),1400,3667000,0,0,54791250,0.0
30/10/2024,6200,16443000,2.76(6.98 %),7500,19875000,1300,3432000,54785050,0.0
31/10/2024,-2000,-5585000,2.7(-2.17 %),0,0,2000,5585000,54787050,0.0
01/11/2024,-900,-2444000,2.7(0.00 %),500,1345000,1400,3789000,54783790,0.0
04/11/2024,1500,3897000,2.63(-2.59 %),1700,4433000,200,536000,54782290,0.0
05/11/2024,-1900,-5114000,2.63(0.00 %),0,0,1900,5114000,54784190,0.0
06/11/2024,-500,-1319000,2.62(-0.38 %),0,0,500,1319000,54784690,0.0
07/11/2024,200,524000,2.61(-0.38 %),200,524000,0,0,54784490,0.0
08/11/2024,-3600,-9354000,2.61(0.00 %),0,0,3600,9354000,54788090,0.0
11/11/2024,1500,3915000,2.57(-1.53 %),1500,3915000,0,0,54786590,0.0
12/11/2024,14300,36015000,2.55(-0.78 %),14500,36527000,200,512000,54764555,1.39
13/11/2024,7500,18350000,2.45(-3.92 %),8000,19600000,500,1250000,54764790,0.0
14/11/2024,300,721000,2.44(-0.41 %),700,1681000,400,960000,54764490,0.0
15/11/2024,-2800,-6744000,2.39(-2.05 %),6000,14160000,8800,20904000,54767290,0.0
18/11/2024,1100,2596000,2.39(0.00 %),1100,2596000,0,0,54766190,0.0
19/11/2024,5300,12294000,2.34(-2.09 %),6000,13960000,700,1666000,54760890,0.0
20/11/2024,3400,7806000,2.32(-0.85 %),8400,19506000,5000,11700000,54757490,0.0
21/11/2024,-18800,-44530000,2.36(1.72 %),0,0,18800,44530000,54776290,0.0
22/11/2024,-700,-1664000,2.36(0.00 %),0,0,700,1664000,54776990,0.0
25/11/2024,4400,10096000,2.3(-2.54 %),12100,27950000,7700,17854000,54768455,1.38
26/11/2024,-600,-1380000,2.3(0.00 %),0,0,600,1380000,54769155,1.38
27/11/2024,0,0,2.29(-0.43 %),0,0,0,0,54776855,1.38
28/11/2024,-4100,-9360000,2.27(-0.87 %),0,0,4100,9360000,54777455,1.37
29/11/2024,13200,29317000,2.25(-0.88 %),13200,29317000,0,0,54764255,1.39
02/12/2024,0,0,2.23(-0.89 %),0,0,0,0,54768355,1.38
03/12/2024,17000,35630000,2.16(-3.14 %),17000,35630000,0,0,54751355,1.4
04/12/2024,-3900,-8418000,2.15(-0.46 %),0,0,3900,8418000,54751355,1.4
05/12/2024,-2500,-5341000,2.17(0.93 %),0,0,2500,5341000,54751355,1.4
09/12/2024,-3300,-7058000,2.15(2.38 %),0,0,3300,7058000,54757755,1.39
10/12/2024,0,0,2.16(0.47 %),0,0,0,0,54761255,1.39
16/12/2024,-22200,-46398000,2.09(-1.42 %),0,0,22200,46398000,54764908,1.39
17/12/2024,0,0,2.1(0.48 %),0,0,0,0,54778258,1.37
18/12/2024,0,0,2.09(-0.48 %),0,0,0,0,54800458,1.35
19/12/2024,0,0,2.23(6.70 %),0,0,0,0,54800458,1.35
20/12/2024,0,0,2.38(6.73 %),0,0,0,0,54800458,1.35
24/12/2024,0,0,2.71(6.69 %),0,0,0,0,54800458,1.35
25/12/2024,0,0,2.89(6.64 %),0,0,0,0,54800458,1.35
26/12/2024,-12000,-37080000,3.09(6.92 %),0,0,12000,37080000,54800458,1.35
27/12/2024,21800,69760000,3.28(6.15 %),21800,69760000,0,0,54778658,1.37
30/12/2024,14000,42910000,3.06(-6.71 %),14000,42910000,0,0,54776658,1.38
31/12/2024,0,0,2.86(-6.54 %),0,0,0,0,54776658,1.38
02/01/2025,-2200,-6032000,3.06(6.99 %),19600,56775000,21800,62807000,54757058,1.39
03/01/2025,0,0,2.93(-4.25 %),0,0,0,0,54757058,1.39
06/01/2025,4000,11680000,2.75(-6.14 %),4000,11680000,0,0,54774858,1.38
07/01/2025,-11200,-30008000,2.65(-3.64 %),0,0,11200,30008000,54774858,1.38
08/01/2025,-10300,-27307000,2.66(0.38 %),15700,42396000,26000,69703000,54759159,1.39
09/01/2025,-1900,-5417000,2.65(-0.38 %),4600,12007000,6500,17424000,54765844,1.39
10/01/2025,100,260000,2.64(-0.38 %),100,260000,0,0,54791744,1.36
13/01/2025,-4600,-11775000,2.6(-1.52 %),2700,6857000,7300,18632000,54795544,1.36
14/01/2025,4400,11162000,2.6(0.00 %),11100,28860000,6700,17698000,54784444,1.37
15/01/2025,6700,17098000,2.56(-1.54 %),6700,17098000,0,0,54785044,1.37
16/01/2025,-4200,-10339000,2.48(-3.12 %),4600,11490000,8800,21829000,54789244,0.0
17/01/2025,-9400,-23401000,2.49(0.40 %),1700,4206000,11100,27607000,54785444,1.37
20/01/2025,2300,5635000,2.44(-2.01 %),2300,5635000,0,0,54791944,1.36
21/01/2025,4400,10797000,2.48(1.64 %),4400,10797000,0,0,54798644,1.36
22/01/2025,800,1943000,2.55(2.82 %),1300,3183000,500,1240000,54797344,1.36
23/01/2025,-3800,-9614000,2.42(-5.10 %),0,0,3800,9614000,54797344,1.36
24/01/2025,100,246000,2.51(3.72 %),100,246000,0,0,54797744,1.36
03/02/2025,7400,18630000,0(0.00 %),10100,25344000,2700,6714000,54791444,1.36
04/02/2025,-5000,-11875000,2.49(0.00 %),7500,18711000,12500,30586000,54783944,1.37
05/02/2025,11200,28158000,2.53(1.61 %),11200,28158000,0,0,54775444,1.38
06/02/2025,6100,15490000,2.53(0.00 %),6100,15490000,0,0,54781844,1.37
07/02/2025,2800,7150000,2.53(0.00 %),2800,7150000,0,0,54779034,1.37
10/02/2025,-600,-1561000,2.7(6.72 %),200,525000,800,2086000,54778834,1.37
11/02/2025,-23200,-64538000,2.88(6.67 %),11500,32621000,34700,97159000,54767334,1.38
12/02/2025,1300,3693000,2.82(-2.08 %),4100,11909000,2800,8216000,54764034,1.39
13/02/2025,0,0,2.76(-2.13 %),0,0,0,0,54798734,1.36
14/02/2025,10300,28497000,2.75(-0.36 %),15900,43957000,5600,15460000,54785634,1.37
17/02/2025,-10000,-29138000,2.88(4.73 %),0,0,10000,29138000,54785634,1.37
18/02/2025,5300,15374000,2.97(3.12 %),5300,15374000,0,0,54785934,1.37
19/02/2025,300,914000,3.17(6.73 %),2200,6613000,1900,5699000,54793734,1.36
20/02/2025,-3000,-10008000,3.33(5.05 %),11000,36850000,14000,46858000,54782741,1.37
21/02/2025,-5600,-18930000,3.37(1.20 %),0,0,5600,18930000,54784641,1.37
24/02/2025,6800,21397000,3.15(-6.53 %),8700,27845000,1900,6448000,54789941,1.36
25/02/2025,0,-300000,3.16(0.32 %),11000,34724000,11000,35024000,54784632,1.37
26/02/2025,-68200,-213984000,3.12(-1.27 %),0,0,68200,213984000,54786532,1.37
27/02/2025,-96400,-300606000,3.11(-0.32 %),0,0,96400,300606000,54797532,1.36
28/02/2025,-188600,-586067000,3.1(-0.32 %),8600,26756000,197200,612823000,54857132,1.3
03/03/2025,-138900,-436346000,3.1(0.00 %),0,0,138900,436346000,54953532,1.22
04/03/2025,-1600,-4911000,3.08(-0.65 %),500,1555000,2100,6466000,55150232,1.04
05/03/2025,15700,49240000,3.09(0.32 %),21700,67960000,6000,18720000,55267432,0.94
06/03/2025,-2600,-8022000,3.11(0.65 %),0,0,2600,8022000,55269532,0.94
07/03/2025,0,0,3.09(-0.64 %),0,0,0,0,55275532,0.93
10/03/2025,-22300,-70725000,3.1(0.32 %),0,0,22300,70725000,55278132,0.93
11/03/2025,3500,10745000,3.06(-1.29 %),3500,10745000,0,0,55278132,0.93
12/03/2025,4200,12936000,3.07(0.33 %),4200,12936000,0,0,55292732,0.92
13/03/2025,0,0,3.05(-0.65 %),0,0,0,0,55292732,0.92
14/03/2025,20400,62906000,3.09(1.31 %),20400,62906000,0,0,55272332,0.94
17/03/2025,7800,24180000,3.09(0.00 %),7800,24180000,0,0,55264532,0.94
18/03/2025,3300,10164000,3.07(-0.65 %),3300,10164000,0,0,55261232,0.95
19/03/2025,-1500,-4585000,3.07(0.00 %),0,0,1500,4585000,55261232,0.95
20/03/2025,-9700,-29073000,2.95(-3.91 %),4700,13865000,14400,42938000,55256532,0.95
21/03/2025,-12700,-36850000,2.92(-1.02 %),0,0,12700,36850000,55258032,0.95
24/03/2025,0,0,2.95(1.03 %),0,0,0,0,55272432,0.94
25/03/2025,20000,59683000,2.95(0.00 %),20000,59683000,0,0,55265132,0.94
26/03/2025,0,0,2.95(0.00 %),0,0,0,0,55265132,0.94
27/03/2025,0,0,2.92(-1.02 %),0,0,0,0,55265132,0.94
28/03/2025,-8300,-23967000,2.8(-4.11 %),0,0,8300,23967000,55265132,0.94
31/03/2025,10500,29400000,2.9(3.57 %),10500,29400000,0,0,55254632,0.95
01/04/2025,-900,-2681000,2.96(2.07 %),0,0,900,2681000,55262932,0.94
02/04/2025,0,0,2.92(-1.35 %),0,0,0,0,55262932,0.94
03/04/2025,-36600,-99686000,2.72(-6.85 %),0,0,36600,99686000,55263832,0.94
04/04/2025,0,0,2.79(2.57 %),0,0,0,0,55263832,0.94
08/04/2025,0,0,2.6(-6.81 %),0,0,0,0,55300387,0.91
09/04/2025,-1800,-4428000,2.42(-6.92 %),0,0,1800,4428000,55300387,0.91
10/04/2025,5700,14706000,2.58(6.61 %),5700,14706000,0,0,55294687,0.92
11/04/2025,400,1104000,2.65(2.71 %),400,1104000,0,0,55296216,0.91
14/04/2025,6700,18360000,2.74(3.40 %),6700,18360000,0,0,55289516,0.92
15/04/2025,6100,16470000,2.7(-1.46 %),6100,16470000,0,0,55283416,0.93
16/04/2025,19300,53398000,2.88(6.67 %),19300,53398000,0,0,55264116,0.94
17/04/2025,-6400,-19712000,3.08(6.94 %),0,0,6400,19712000,55264116,0.94
18/04/2025,-13800,-44815000,3.29(6.82 %),0,0,13800,44815000,55264116,0.94
21/04/2025,-29300,-102087000,3.52(6.99 %),0,0,29300,102087000,55270594,0.94
22/04/2025,34400,116884000,3.67(4.26 %),42500,146748000,8100,29864000,55241894,0.96
23/04/2025,0,0,3.68(0.27 %),0,0,0,0,55271194,0.94
24/04/2025,0,0,3.55(-3.53 %),0,0,0,0,55279354,0.93
25/04/2025,0,41000,3.79(6.76 %),2000,7441000,2000,7400000,55277354,0.93
28/04/2025,-16100,-63632000,4.05(6.86 %),20100,81405000,36200,145037000,55257254,0.95
29/04/2025,-27000,-116640000,4.33(6.91 %),0,0,27000,116640000,55259254,0.95
05/05/2025,0,-36100000,4.5(3.93 %),0,0,0,36100000,55295454,0.92
06/05/2025,2900,8577000,4.19(-6.89 %),23100,97518000,20200,88941000,55319554,0.89
07/05/2025,28000,109461000,4.05(-3.34 %),28100,109871000,100,410000,55299554,0.91
08/05/2025,0,0,4.01(-0.99 %),0,0,0,0,55299554,0.91
09/05/2025,-23100,-94536000,4.08(1.75 %),0,0,23100,94536000,55299554,0.91
12/05/2025,2300,9675000,4.36(6.86 %),2300,9675000,0,0,55297254,0.91
13/05/2025,16800,78344000,4.59(5.28 %),23100,107624000,6300,29280000,55303554,0.91
14/05/2025,-20500,-100042000,4.89(6.54 %),10300,49867000,30800,149909000,55303554,0.91
15/05/2025,25400,76142000,5.16(5.52 %),25400,128112000,0,51970000,55288454,0.92
16/05/2025,4800,-92877000,5.49(6.40 %),4800,23960000,0,116837000,55308954,0.9
19/05/2025,8002,-15285320,5.11(-6.92 %),8002,41159680,0,56445000,55308954,0.9
20/05/2025,55002,268347850,4.92(-3.72 %),55002,270966900,0,2619050,55272771,0.94
21/05/2025,0,-2498000,4.92(0.00 %),0,0,0,2498000,55275369,0.93
22/05/2025,2,-153791200,4.81(-2.24 %),2,9800,0,153801000,55275369,0.93
23/05/2025,-61200,-286776000,4.51(-6.24 %),3100,14270000,64300,301046000,55275869,0.93
26/05/2025,26600,119801000,4.82(6.87 %),26600,120739000,0,938000,55280667,0.93
27/05/2025,-700,-3500000,4.87(1.04 %),0,0,700,3500000,55341866,0.87
28/05/2025,0,-12480000,4.69(-3.70 %),0,0,0,12480000,55341866,0.87
29/05/2025,22700,86483000,4.59(-2.13 %),22700,104647000,0,18164000,55323666,0.89
30/05/2025,5,-104596890,4.62(0.65 %),5,23110,0,104620000,55326266,0.89
02/06/2025,0,-9228200,4.68(1.30 %),0,0,0,9228200,55326266,0.89
03/06/2025,0,-104668000,4.6(-1.71 %),0,0,0,104668000,55349061,0.87
04/06/2025,0,0,4.5(-2.17 %),0,0,0,0,55351067,0.87
05/06/2025,0,0,4.46(-0.89 %),0,0,0,0,55373766,0.85
06/06/2025,24502,103485790,4.22(-5.38 %),24502,103485790,0,0,55349264,0.87
09/06/2025,4900,19864000,4.06(-3.79 %),4900,19864000,0,0,55344364,0.87
10/06/2025,66700,261464000,4.06(0.00 %),66700,261464000,0,0,55277664,0.93
11/06/2025,-23500,-98640000,4.24(4.43 %),500,2095000,24000,100735000,55277664,0.93
12/06/2025,-4400,-18776000,4.24(0.00 %),0,0,4400,18776000,55277664,0.93
13/06/2025,-56900,-234073000,4.11(-3.07 %),0,0,56900,234073000,55301164,0.91
16/06/2025,23600,97039000,4.12(0.24 %),25100,103195000,1500,6156000,55281964,0.93
17/06/2025,59400,252734000,4.4(6.80 %),68800,293523000,9400,40789000,55279464,0.93
18/06/2025,20000,92600000,4.59(4.32 %),20000,92600000,0,0,55259464,0.95
19/06/2025,-21800,-100608000,4.72(2.83 %),3300,15669000,25100,116277000,55259464,0.95
20/06/2025,-68800,-316953000,4.51(-4.45 %),0,0,68800,316953000,55259464,0.95
23/06/2025,10000,43721000,4.39(-2.66 %),10000,43721000,0,0,55271264,0.94
24/06/2025,5200,22979000,4.34(-1.14 %),8500,37714000,3300,14735000,55334864,0.88
25/06/2025,0,0,4.36(0.46 %),0,0,0,0,55334864,0.88
26/06/2025,-8200,-35346000,4.27(-2.06 %),0,0,8200,35346000,55334864,0.88
27/06/2025,-7600,-32898000,4.26(-0.23 %),0,0,7600,32898000,55334879,0.88
30/06/2025,15900,70374000,4.48(5.16 %),19100,84302000,3200,13928000,55327179,0.89
01/07/2025,1600,7051000,4.36(-2.68 %),1600,7051000,0,0,55333179,0.88
02/07/2025,0,0,4.3(-1.38 %),0,0,0,0,55333179,0.88
03/07/2025,-17100,-73802000,4.34(0.93 %),2200,9525000,19300,83327000,55333179,0.88
04/07/2025,17900,79248000,4.4(1.38 %),19400,85792000,1500,6544000,55315279,0.9
07/07/2025,900,3887000,4.35(-1.14 %),900,3887000,0,0,55331524,0.88
08/07/2025,22000,95730000,4.34(-0.23 %),22000,95730000,0,0,55309524,0.9
09/07/2025,1100,4517000,4.35(0.23 %),11600,50440000,10500,45923000,55308424,0.9
10/07/2025,17700,78695000,4.4(1.15 %),20800,92180000,3100,13485000,55308424,0.9
11/07/2025,200,940000,4.7(6.82 %),200,940000,0,0,55290529,0.92
14/07/2025,-38700,-190560000,4.81(2.34 %),3900,18648000,42600,209208000,55290529,0.92
15/07/2025,-12700,-60233000,4.56(-5.20 %),2000,9450000,14700,69683000,55290529,0.92
16/07/2025,46300,214284000,4.71(3.29 %),46300,214284000,0,0,55282929,0.93
17/07/2025,19300,91957000,4.68(-0.64 %),21200,101210000,1900,9253000,55282929,0.93
18/07/2025,2700,12720000,4.71(0.64 %),10800,51248000,8100,38528000,55273641,0.93
21/07/2025,-19600,-92486000,4.61(-2.12 %),9300,43825000,28900,136311000,55273641,0.93
22/07/2025,12800,60694000,4.65(0.87 %),27500,128272000,14700,67578000,55260841,0.95
23/07/2025,46100,214780000,4.66(0.22 %),55200,257010000,9100,42230000,55234341,0.97
24/07/2025,4800,22613000,4.7(0.86 %),13700,64661000,8900,42048000,55229541,0.97
25/07/2025,-20000,-93977000,4.7(0.00 %),7900,36921000,27900,130898000,55229541,0.97
28/07/2025,17400,85204000,4.93(4.89 %),63100,310823000,45700,225619000,55212141,0.99
29/07/2025,-14900,-70895000,4.7(-4.67 %),6200,30695000,21100,101590000,55232141,0.97
30/07/2025,-20400,-95412000,4.75(1.06 %),5800,27038000,26200,122450000,55232141,0.97
31/07/2025,-85900,-403798000,4.66(-1.89 %),0,0,85900,403798000,55247041,0.96
01/08/2025,25700,118982000,4.65(-0.21 %),25700,118982000,0,0,55241741,0.96
04/08/2025,92200,438304000,4.96(6.67 %),92200,438304000,0,0,55235441,0.97
05/08/2025,4200,20607000,4.83(-2.62 %),17600,85224000,13400,64617000,55231241,0.97
06/08/2025,100,623000,4.78(-1.04 %),9700,46424000,9600,45801000,55231141,0.97
07/08/2025,54500,265482000,5.11(6.90 %),54500,265482000,0,0,55176641,1.02
08/08/2025,-42500,-229834000,5.45(6.65 %),6800,36423000,49300,266257000,55176641,1.02
11/08/2025,7700,28337000,5.11(-6.24 %),57500,296388000,49800,268051000,55168941,1.03
12/08/2025,27400,136005000,5.15(0.78 %),39900,199563000,12500,63558000,55184041,1.01
13/08/2025,15400,80460000,5.15(0.00 %),28300,147314000,12900,66854000,55168641,1.03
14/08/2025,-56700,-291201000,5.16(0.19 %),10400,52179000,67100,343380000,55168641,1.03
15/08/2025,8600,43493000,4.94(-4.26 %),27000,136100000,18400,92607000,55160041,1.04
18/08/2025,19500,96480000,4.97(0.61 %),45300,224460000,25800,127980000,55197241,1.0
19/08/2025,45800,229362000,5(0.60 %),59600,299811000,13800,70449000,55151441,1.04
20/08/2025,-6000,-30527000,4.8(-4.00 %),5000,23750000,11000,54277000,55151441,1.04
21/08/2025,16800,81140000,4.83(0.62 %),20100,97122000,3300,15982000,55134647,1.06
22/08/2025,118400,556226000,4.7(-2.69 %),140400,660057000,22000,103831000,55134647,1.06
25/08/2025,-36400,-169346000,4.51(-4.04 %),4700,21197000,41100,190543000,55022247,1.16
