Ngay,KLGDRong,GTDGRong,ThayDoi,KLMua,GtMua,KLBan,GtBan,RoomConLai,DangSoHuu
19/08/2009,0,0,0(0.00 %),0,0,0,0,19732361,16.11
20/08/2009,-50000,-3450000000,0(0.00 %),0,0,50000,3450000000,19782361,16.03
21/08/2009,0,0,0(0.00 %),0,0,0,0,19782361,16.03
24/08/2009,0,0,0(0.00 %),0,0,0,0,19782361,16.03
25/08/2009,0,0,0(0.00 %),0,0,0,0,19782361,16.03
26/08/2009,0,0,0(0.00 %),0,0,0,0,19782361,16.03
27/08/2009,3600,311400000,0(0.00 %),3600,311400000,0,0,19778761,16.04
28/08/2009,800,72400000,0(0.00 %),800,72400000,0,0,19777961,16.04
31/08/2009,0,0,95(4.97 %),0,0,0,0,19777961,16.04
01/09/2009,1660,165240000,99.5(4.74 %),2000,199000000,340,33760000,19776301,16.04
03/09/2009,0,0,101(1.51 %),0,0,0,0,19776301,16.04
04/09/2009,147620,14172135000,96(-4.95 %),150460,14446000000,2840,273865000,19628681,16.29
07/09/2009,86900,8379250000,97(1.04 %),100000,9650000000,13100,1270750000,19541781,16.43
08/09/2009,-15000,-1500000000,98(1.03 %),0,0,15000,1500000000,19556781,16.41
09/09/2009,103750,9915625000,95(-3.06 %),103750,9915625000,0,0,19453031,16.58
10/09/2009,1300,125450000,96.5(1.58 %),1300,125450000,0,0,19451731,16.58
11/09/2009,-5140,-511430000,100(3.63 %),1090,108455000,6230,619885000,19456871,16.57
14/09/2009,-30000,-3150000000,105(5.00 %),0,0,30000,3150000000,19486871,16.52
15/09/2009,-240000,-26400000000,110(4.76 %),0,0,240000,26400000000,19726871,16.12
16/09/2009,6900,781000000,115(4.55 %),6900,781000000,0,0,19719971,16.13
17/09/2009,12690,1420370000,116(0.87 %),33990,3906770000,21300,2486400000,19707281,16.15
18/09/2009,-44330,-5420380000,121(4.31 %),15670,1839620000,60000,7260000000,19751611,16.08
21/09/2009,-54500,-6921500000,127(4.96 %),25500,3238500000,80000,10160000000,19806111,15.99
22/09/2009,-159930,-21270690000,133(4.72 %),5070,674310000,165000,21945000000,19966041,15.72
23/09/2009,-135000,-18765000000,139(4.51 %),0,0,135000,18765000000,20101041,15.5
24/09/2009,-107990,-15552430000,145(4.32 %),39030,5605230000,147020,21157660000,20209031,15.32
25/09/2009,0,0,146(0.69 %),0,0,0,0,20209031,28.79
28/09/2009,0,0,140(-4.11 %),0,0,0,0,20217451,28.78
29/09/2009,-32290,-4558580000,138(-1.43 %),5570,770680000,37860,5329260000,20269181,15.22
30/09/2009,-13300,-1755600000,132(-4.35 %),0,0,13300,1755600000,20282481,15.2
01/10/2009,-3300,-448600000,126(-4.55 %),10000,1260000000,13300,1708600000,20285781,15.19
02/10/2009,-1920,-232530000,120(-4.76 %),3700,447700000,5620,680230000,20287701,15.19
05/10/2009,-149900,-18577600000,126(5.00 %),500,60000000,150400,18637600000,20437601,14.94
06/10/2009,4550,578150000,126(0.00 %),5190,660510000,640,82360000,20433051,14.94
07/10/2009,-9700,-1246900000,125(-0.79 %),300,38100000,10000,1285000000,20442751,14.93
08/10/2009,-50000,-6200000000,122(-2.40 %),0,0,50000,6200000000,20492751,14.85
09/10/2009,-422000,-53986000000,128(4.92 %),0,0,422000,53986000000,20914751,14.14
12/10/2009,-109100,-14619400000,134(4.69 %),900,120600000,110000,14740000000,21023851,13.96
13/10/2009,14330,1936580000,133(-0.75 %),14330,1936580000,0,0,21009521,13.98
14/10/2009,-11620,-1551030000,133(0.00 %),8450,1101900000,20070,2652930000,21021141,13.96
15/10/2009,-30850,-4278150000,139(4.51 %),0,0,30850,4278150000,21051991,13.91
16/10/2009,-20900,-2893000000,134(-3.60 %),100,14000000,21000,2907000000,21238521,13.6
19/10/2009,-1000,-134000000,131(-2.24 %),0,0,1000,134000000,21073891,13.88
20/10/2009,-40000,-5300000000,134(2.29 %),0,0,40000,5300000000,21113891,13.81
21/10/2009,-2000,-264000000,131(-2.24 %),0,0,2000,264000000,21115891,13.81
22/10/2009,-40000,-5120000000,128(-2.29 %),0,0,40000,5120000000,21155891,13.74
23/10/2009,-52090,-6704110000,122(-4.69 %),2910,370890000,55000,7075000000,21207981,13.65
26/10/2009,-9640,-1192240000,122(0.00 %),10910,1375860000,20550,2568100000,21217621,13.64
27/10/2009,-21560,-2645960000,127(4.10 %),140,16940000,21700,2662900000,21239181,13.6
28/10/2009,-16000,-2049000000,126(-0.79 %),14000,1791000000,30000,3840000000,21255181,13.57
29/10/2009,2880,351230000,121(-3.97 %),5030,613530000,2150,262300000,21252301,13.58
30/10/2009,70690,8734110000,123(1.65 %),80690,9954110000,10000,1220000000,21181611,13.7
02/11/2009,10300,1209400000,117(-4.88 %),10300,1209400000,0,0,21171311,13.71
03/11/2009,-2650,-296200000,112(-4.27 %),350,39800000,3000,336000000,21173961,13.71
04/11/2009,-5000,-580000000,110(-1.79 %),0,0,5000,580000000,21178961,13.7
05/11/2009,-10000,-1120000000,115(4.55 %),0,0,10000,1120000000,21188961,13.69
06/11/2009,1300,156000000,118(2.61 %),1400,168000000,100,12000000,21187661,13.69
09/11/2009,25450,2900450000,113(-4.24 %),25450,2900450000,0,0,21162211,13.73
10/11/2009,17810,1923480000,108(-4.42 %),17810,1923480000,0,0,21144401,13.76
11/11/2009,12650,1387080000,113(4.63 %),26650,2937080000,14000,1550000000,21131751,13.78
12/11/2009,-11850,-1372750000,115(1.77 %),2010,234150000,13860,1606900000,21143601,13.76
13/11/2009,-19300,-2232720000,116(0.87 %),5700,657400000,25000,2890120000,21162901,13.73
16/11/2009,-160,-18720000,113(-2.59 %),1200,140400000,1360,159120000,21163061,13.73
17/11/2009,-2750,-323550000,118(4.42 %),1000,110000000,3750,433550000,21165811,13.72
18/11/2009,-42950,-5288200000,123(4.24 %),7050,861800000,50000,6150000000,21208761,13.65
19/11/2009,-1200,-149600000,119(-3.25 %),500,59500000,1700,209100000,21209961,13.65
20/11/2009,-16700,-1994100000,118(-0.84 %),0,0,16700,1994100000,21226661,13.62
23/11/2009,3150,364950000,113(-4.24 %),3150,364950000,0,0,21223511,13.63
24/11/2009,26500,2927500000,110(-2.65 %),27000,2983500000,500,56000000,21197011,13.67
25/11/2009,312270,32889350000,105(-4.55 %),312270,32889350000,0,0,20884741,14.19
26/11/2009,109570,10957000000,100(-4.76 %),110270,11027000000,700,70000000,20775171,14.37
27/11/2009,90690,8619550000,104(4.00 %),90690,8619550000,0,0,20684481,14.53
30/11/2009,30000,3030000000,101(-2.88 %),30000,3030000000,0,0,20654481,14.58
01/12/2009,0,0,101(0.00 %),0,0,0,0,20654481,14.58
02/12/2009,91310,9121690000,99(-1.98 %),91310,9121690000,0,0,20563171,14.73
03/12/2009,60000,5810000000,98.5(-0.51 %),60000,5810000000,0,0,20503171,14.83
04/12/2009,94630,9592870000,103(4.57 %),94630,9592870000,0,0,20408541,14.99
07/12/2009,72730,7590070000,105(1.94 %),73730,7693070000,1000,103000000,20335811,15.11
08/12/2009,103190,10764980000,104(-0.95 %),103690,10817480000,500,52500000,20232621,15.28
09/12/2009,114230,11548350000,99(-4.81 %),114230,11548350000,0,0,20118391,15.47
10/12/2009,100000,9877950000,97(-2.02 %),100000,9877950000,0,0,20018391,15.64
11/12/2009,42440,4138210000,92.5(-4.64 %),60400,5820160000,17960,1681950000,19975951,15.71
14/12/2009,64200,6223200000,97(4.86 %),64200,6223200000,0,0,19911751,15.81
15/12/2009,72700,7104450000,97(0.00 %),72700,7104450000,0,0,19839051,15.93
16/12/2009,86940,8103490000,92.5(-4.64 %),86940,8103490000,0,0,19752111,16.08
17/12/2009,316570,28075475000,88.5(-4.32 %),316570,28075475000,0,0,19435541,16.61
18/12/2009,279650,25693585000,92.5(4.52 %),359650,33063585000,80000,7370000000,19155891,17.07
21/12/2009,77420,7444270000,97(4.86 %),197420,19074270000,120000,11630000000,19078471,17.2
22/12/2009,20600,1431700000,69.5(4.51 %),20600,1431700000,0,0,19057871,21.77
23/12/2009,-38690,-2792920000,71.5(2.88 %),198690,14148015000,237380,16940935000,19096561,21.72
24/12/2009,-141600,-9996950000,71(-0.70 %),98400,6943050000,240000,16940000000,19238161,21.52
25/12/2009,-68960,-5034380000,73(2.82 %),5300,386600000,74260,5420980000,19307121,21.42
28/12/2009,84000,6078500000,72(-1.37 %),145000,10516000000,61000,4437500000,19223121,21.54
29/12/2009,-193000,-14453000000,75.5(4.86 %),10000,755000000,203000,15208000000,19416121,21.26
30/12/2009,16090,1212965000,76.5(1.32 %),110510,8403765000,94420,7190800000,19400031,21.29
31/12/2009,39810,3030435000,75.5(-1.31 %),89810,6855435000,50000,3825000000,19360221,21.34
04/01/2010,-100000,-7900000000,79(4.64 %),0,0,100000,7900000000,19460221,21.2
05/01/2010,-17440,-1443850000,82.5(4.43 %),182560,15056150000,200000,16500000000,19477661,21.17
06/01/2010,-31940,-2665755000,82.5(0.00 %),21530,1775725000,53470,4441480000,19509601,21.13
07/01/2010,-26710,-2235870000,80.5(-2.42 %),23590,1923880000,50300,4159750000,19536311,21.09
08/01/2010,44250,3503325000,78.5(-2.48 %),47430,3765675000,3180,262350000,19492061,21.15
11/01/2010,16030,1240770000,76.5(-2.55 %),16030,1240770000,0,0,19476031,21.18
12/01/2010,117350,8838100000,73.5(-3.92 %),122350,9213100000,5000,375000000,19358681,21.34
13/01/2010,74870,5465945000,76(3.40 %),75370,5502695000,500,36750000,19283811,21.45
14/01/2010,33550,2563850000,77(1.32 %),33550,2563850000,0,0,19250261,21.5
15/01/2010,95200,7296320000,76(-1.30 %),113950,8722795000,18750,1426475000,19155061,21.64
18/01/2010,116440,8468090000,72.5(-4.61 %),116940,8504590000,500,36500000,19038621,21.8
19/01/2010,93290,6771410000,72.5(0.00 %),93290,6771410000,0,0,18945331,21.94
20/01/2010,74320,5335630000,70.5(-2.76 %),74320,5335630000,0,0,18871011,22.04
21/01/2010,216860,15153655000,69(-2.13 %),217360,15188655000,500,35000000,18654151,22.35
22/01/2010,63530,4340805000,68.5(-0.72 %),64030,4375055000,500,34250000,18590621,30.41
25/01/2010,10330,709440000,69(0.73 %),12630,865840000,2300,156400000,18580291,30.42
26/01/2010,57800,4123500000,72(4.35 %),57800,4123500000,0,0,18522491,30.48
27/01/2010,156430,11399745000,71.5(-0.69 %),159430,11618745000,3000,219000000,18366061,30.63
28/01/2010,300,21000000,69.5(-2.80 %),300,21000000,0,0,18365761,30.63
29/01/2010,67400,4609230000,68(-2.16 %),67700,4629630000,300,20400000,18298361,30.7
01/02/2010,0,0,68(0.00 %),0,0,0,0,18298361,30.7
02/02/2010,38580,2622190000,68(0.00 %),40200,2733600000,1620,111410000,18259781,30.74
03/02/2010,42340,2891120000,69.5(2.21 %),42340,2891120000,0,0,18217441,30.78
04/02/2010,97470,6915235000,72(3.60 %),97520,6918760000,50,3525000,18119971,30.88
05/02/2010,5440,385820000,70(-2.78 %),11520,811920000,6080,426100000,18114531,30.89
08/02/2010,30530,2105705000,68.5(-2.14 %),57480,3966550000,26950,1860845000,18084001,30.92
09/02/2010,64500,4409750000,68.5(0.00 %),65000,4444000000,500,34250000,18019501,30.98
10/02/2010,11510,796425000,70(2.19 %),11520,797120000,10,695000,18007991,30.99
11/02/2010,23540,1655300000,70.5(0.71 %),23540,1655300000,0,0,17984451,31.02
12/02/2010,12020,855680000,71.5(1.42 %),12020,855680000,0,0,17972431,31.03
22/02/2010,-22490,-1570545000,70.5(-1.40 %),32510,2308475000,55000,3879020000,17994921,31.01
23/02/2010,11510,799700000,69(-2.13 %),11510,799700000,0,0,17983411,31.02
24/02/2010,-55530,-3776605000,68(-1.45 %),11810,803685000,67340,4580290000,18038941,30.96
25/02/2010,60190,4126610000,68(0.00 %),151510,10377690000,91320,6251080000,17978751,31.02
26/02/2010,-48210,-3286280000,68.5(0.74 %),10500,714000000,58710,4000280000,31425193,30.97
01/03/2010,50000,3425000000,68.5(0.00 %),50000,3425000000,0,0,31375193,17.62
02/03/2010,42610,2918785000,68.5(0.00 %),48040,3290740000,5430,371955000,31332583,17.67
03/03/2010,26000,1781000000,69.5(1.46 %),26000,1781000000,0,0,31306583,17.69
04/03/2010,-29300,-2109950000,72(3.60 %),1700,122300000,31000,2232250000,31335883,17.66
05/03/2010,-40000,-2860000000,71.5(-0.69 %),0,0,40000,2860000000,31375883,17.62
08/03/2010,-44790,-3230370000,74(3.50 %),32210,2356630000,77000,5587000000,31420673,17.58
09/03/2010,66010,4821675000,77(4.05 %),248520,18642480000,182510,13820805000,31354663,17.65
10/03/2010,-38690,-2974860000,77(0.00 %),42010,3257270000,80700,6232130000,31393353,17.61
11/03/2010,-42500,-3293500000,77(0.00 %),0,0,42500,3293500000,31435853,17.56
12/03/2010,23100,1749000000,78.5(1.95 %),103100,7939000000,80000,6190000000,31412753,17.59
15/03/2010,236280,18312105000,77.5(-1.27 %),286280,22202105000,50000,3890000000,31176473,17.82
16/03/2010,145430,10911070000,74(-4.52 %),180000,13550000000,34570,2638930000,31031043,17.97
17/03/2010,106530,7773900000,72.5(-2.03 %),125300,9149400000,18770,1375500000,30924513,18.08
18/03/2010,46860,3404710000,75(3.45 %),70000,5115000000,23140,1710290000,30877653,18.12
19/03/2010,-50620,-3740610000,73.5(-2.00 %),9420,693370000,60040,4433980000,30928273,18.07
22/03/2010,14400,1048400000,72.5(-1.36 %),23990,1751265000,9590,702865000,30913873,18.09
23/03/2010,69610,4996475000,71(-2.07 %),69610,4996475000,0,0,30844263,18.16
24/03/2010,14710,1052290000,72(1.41 %),14710,1052290000,0,0,30829553,18.17
25/03/2010,77260,5424450000,70(-2.78 %),77260,5424450000,0,0,30752293,18.25
26/03/2010,101450,7134830000,71(1.43 %),103950,7312080000,2500,177250000,30650843,18.35
29/03/2010,12800,904015000,70.5(-0.70 %),12800,904015000,0,0,30638043,18.36
30/03/2010,45000,3150000000,70(-0.71 %),50000,3500000000,5000,350000000,30593043,18.41
31/03/2010,95120,6552900000,68.5(-2.14 %),95120,6552900000,0,0,30497923,18.5
01/04/2010,115960,8041410000,71.5(4.38 %),118460,8218160000,2500,176750000,30381963,18.62
02/04/2010,43010,3076700000,71.5(0.00 %),50510,3616700000,7500,540000000,30338953,18.66
05/04/2010,20050,1451125000,73(2.10 %),41250,2988125000,21200,1537000000,30318903,18.68
06/04/2010,69720,5124060000,74(1.37 %),69720,5124060000,0,0,30249183,18.75
07/04/2010,53610,3943795000,73.5(-0.68 %),53610,3943795000,0,0,30195573,18.8
08/04/2010,80090,5858920000,73(-0.68 %),81090,5932420000,1000,73500000,30115483,18.88
09/04/2010,149160,10948510000,73.5(0.68 %),150160,11021760000,1000,73250000,29966323,19.03
12/04/2010,25000,1837500000,73.5(0.00 %),25000,1837500000,0,0,29941323,19.06
13/04/2010,84460,6188600000,72.5(-1.36 %),85000,6228500000,540,39900000,29856863,19.14
14/04/2010,98010,7118625000,72.5(0.00 %),98010,7118625000,0,0,29758853,19.24
15/04/2010,72440,5265340000,73(0.69 %),72440,5265340000,0,0,29686413,19.31
16/04/2010,75000,5427275000,72(-1.37 %),75000,5427275000,0,0,29611413,19.39
19/04/2010,73000,5218500000,71(-1.39 %),95000,6792500000,22000,1574000000,29538413,19.46
20/04/2010,-10820,-713180000,70(-1.41 %),55140,3927300000,65960,4640480000,29549233,19.45
21/04/2010,30320,2145070000,70.5(0.71 %),30320,2145070000,0,0,29518913,19.48
22/04/2010,57910,4225705000,73(3.55 %),57910,4225705000,0,0,29461003,19.54
26/04/2010,47060,3433620000,72.5(-0.68 %),49280,3594570000,2220,160950000,29413943,19.59
27/04/2010,76630,5537425000,72(-0.69 %),77630,5609425000,1000,72000000,29337313,19.66
28/04/2010,135480,9754560000,72(0.00 %),135480,9754560000,0,0,29201833,19.8
29/04/2010,59900,4319250000,71.5(-0.69 %),59900,4319250000,0,0,29141933,19.86
04/05/2010,-31550,-2266005000,72(0.70 %),52930,3816325000,84480,6082330000,29173483,19.83
05/05/2010,42770,3064555000,71(-1.39 %),42880,3072420000,110,7865000,29130713,19.87
06/05/2010,40310,2842225000,71(0.00 %),44820,3163190000,4510,320965000,29090403,19.91
07/05/2010,173780,12177240000,70(-1.41 %),203780,14267240000,30000,2090000000,28916623,20.08
10/05/2010,62560,4343950000,69(-1.43 %),62560,4343950000,0,0,28854063,20.15
11/05/2010,70200,4873900000,69.5(0.72 %),70200,4873900000,0,0,28783863,20.22
12/05/2010,75700,5184900000,68.5(-1.44 %),96200,6589900000,20500,1405000000,28708163,20.29
13/05/2010,60000,4132500000,68.5(0.00 %),60000,4132500000,0,0,28648163,20.35
14/05/2010,51470,3538580000,69(0.73 %),53500,3678650000,2030,140070000,28596693,20.4
17/05/2010,91650,6205125000,68(-1.45 %),91850,6218725000,200,13600000,28505043,20.49
18/05/2010,115000,7787500000,67.5(-0.74 %),115000,7787500000,0,0,28390043,20.61
19/05/2010,73380,4879025000,66.5(-1.48 %),119870,7981355000,46490,3102330000,28316663,20.68
20/05/2010,81000,5348750000,66.5(0.00 %),81000,5348750000,0,0,28235663,20.76
21/05/2010,-8480,-498210000,63.5(-4.51 %),101400,6510050000,109880,7008260000,28244143,20.76
24/05/2010,91120,5825840000,64(0.79 %),101000,6458100000,9880,632260000,28153023,20.85
25/05/2010,86270,5557085000,64.5(0.78 %),88780,5717725000,2510,160640000,28066753,20.93
26/05/2010,58950,3805155000,65(0.78 %),58950,3805155000,0,0,28007803,20.99
27/05/2010,67070,4343670000,65.5(0.77 %),67150,4348750000,80,5080000,27940733,21.06
28/05/2010,70030,4693570000,68(3.82 %),80030,5373570000,10000,680000000,27870703,21.13
31/05/2010,35400,2373050000,66.5(-2.21 %),39400,2641050000,4000,268000000,27835303,21.16
01/06/2010,65650,4346070000,66.5(0.00 %),65650,4346070000,0,0,27769653,21.23
02/06/2010,118780,7874980000,67(0.75 %),139180,9223380000,20400,1348400000,27650873,21.35
03/06/2010,5820,370560000,66(-1.49 %),113820,7572560000,108000,7202000000,27645053,21.35
04/06/2010,197300,13058300000,66.5(0.76 %),223090,14762440000,25790,1704140000,27447753,21.55
07/06/2010,266280,17446480000,66(-0.75 %),297850,19510185000,31570,2063705000,27181473,21.82
08/06/2010,5220,332800000,65.5(-0.76 %),35000,2275000000,29780,1942200000,27176253,21.82
09/06/2010,54060,3507930000,65(-0.76 %),75000,4875000000,20940,1367070000,27122193,21.88
10/06/2010,630,40900000,65(0.00 %),10500,682450000,9870,641550000,27121563,21.88
11/06/2010,-24350,-1586880000,64.5(-0.77 %),100650,6516950000,125000,8103830000,27145913,21.85
14/06/2010,-780,-50700000,65(0.78 %),0,0,780,50700000,27146693,21.85
15/06/2010,5310,345150000,65(0.00 %),11990,779350000,6680,434200000,27141383,21.86
16/06/2010,31410,2039365000,65(0.00 %),39980,2598700000,8570,559335000,27109973,21.89
17/06/2010,49630,3225950000,65(0.00 %),57630,3745950000,8000,520000000,27060343,21.94
18/06/2010,47520,3095065000,64.5(-0.77 %),93260,6050295000,45740,2955230000,26873653,22.13
21/06/2010,28620,1865045000,65.5(1.55 %),33380,2175445000,4760,310400000,26984203,22.02
22/06/2010,63030,4121290000,65.5(0.00 %),63030,4121290000,0,0,26921173,22.08
23/06/2010,31880,2078260000,65.5(0.00 %),31880,2078260000,0,0,26889293,22.11
24/06/2010,121250,7881250000,65(-0.76 %),133540,8680100000,12290,798850000,26768043,22.23
25/06/2010,52280,3372060000,64.5(-0.77 %),76450,4931025000,24170,1558965000,26715763,22.28
28/06/2010,75190,4848005000,64.5(0.00 %),83050,5354975000,7860,506970000,26640573,22.36
29/06/2010,89320,5759530000,64(-0.78 %),119320,7694530000,30000,1935000000,26551253,22.45
30/06/2010,128650,8339200000,65(1.56 %),128650,8339200000,0,0,26422603,22.58
01/07/2010,129810,8375755000,64.5(-0.77 %),132920,8576350000,3110,200595000,26292793,22.71
02/07/2010,8010,512900000,64(-0.78 %),15880,1016580000,7870,503680000,26284783,22.72
05/07/2010,37680,2419020000,64(0.00 %),57340,3677260000,19660,1258240000,26247103,22.75
06/07/2010,-480,-33600000,63(-1.56 %),30000,1895000000,30480,1928600000,26247583,22.75
07/07/2010,25080,1560075000,62(-1.59 %),30000,1867000000,4920,306925000,26222503,22.78
08/07/2010,20100,1241125000,61(-1.61 %),20100,1241125000,0,0,26202403,22.8
09/07/2010,-4520,-277720000,61(0.00 %),0,0,4520,277720000,26206923,22.79
12/07/2010,-2460,-150060000,62(1.64 %),0,0,2460,150060000,26209383,22.79
13/07/2010,29790,1854770000,62(0.00 %),31790,1978770000,2000,124000000,26179593,22.82
14/07/2010,36000,2232000000,62(0.00 %),36000,2232000000,0,0,26143593,22.86
15/07/2010,0,0,61.5(-0.81 %),0,0,0,0,26143593,22.86
16/07/2010,66650,4064475000,61(-0.81 %),66650,4064475000,0,0,26076943,22.92
19/07/2010,43820,2656535000,61(0.00 %),44620,2705085000,800,48550000,26033123,22.97
20/07/2010,4680,289140000,60(-1.64 %),20000,1210000000,15320,920860000,26028443,22.97
21/07/2010,30000,1785000000,59.5(-0.83 %),30000,1785000000,0,0,25998443,23.0
22/07/2010,25050,1455925000,58(-2.52 %),30100,1750850000,5050,294925000,25973393,23.03
23/07/2010,26030,1530740000,58.5(0.86 %),26030,1530740000,0,0,25947363,23.05
26/07/2010,122100,7204245000,59.5(1.71 %),122410,7222690000,310,18445000,25825263,23.17
27/07/2010,2460,161910000,58.5(-1.68 %),35570,2098845000,33110,1936935000,25822803,23.18
28/07/2010,30100,1730800000,57.5(-1.71 %),30100,1730800000,0,0,25792703,23.21
29/07/2010,20100,1155700000,57.5(0.00 %),20100,1155700000,0,0,25772603,23.23
30/07/2010,20000,1150000000,57.5(0.00 %),20000,1150000000,0,0,25752603,23.25
02/08/2010,24140,1375980000,57(-0.87 %),25000,1425000000,860,49020000,25728463,23.27
03/08/2010,6850,390175000,56.5(-0.88 %),10050,572825000,3200,182650000,25721613,23.28
04/08/2010,40140,2207785000,55(-2.65 %),40150,2208325000,10,540000,25681473,23.32
05/08/2010,31770,1737205000,53.5(-2.73 %),36550,1995075000,4780,257870000,25649703,23.35
06/08/2010,44530,2320855000,52.5(-1.87 %),47030,2452605000,2500,131750000,25605173,23.39
09/08/2010,38310,1955060000,51(-2.86 %),39310,2007310000,1000,52250000,25566863,23.43
10/08/2010,26050,1273250000,48.5(-4.90 %),50250,2447970000,24200,1174720000,25540813,23.46
11/08/2010,26100,1266200000,48.5(0.00 %),26100,1266200000,0,0,0,49.03
12/08/2010,144900,6779986000,46.1(-4.95 %),165650,7760491000,20750,980505000,25369813,23.63
13/08/2010,88310,4123500000,48(4.12 %),88310,4123500000,0,0,25281503,23.72
16/08/2010,136030,6577233000,48.1(0.21 %),136700,6609460000,670,32227000,25145473,23.85
17/08/2010,102950,4894600000,48(-0.21 %),102990,4896520000,40,1920000,24625283,24.37
18/08/2010,90000,4185600000,45.6(-5.00 %),90000,4185600000,0,0,24952523,24.05
19/08/2010,99990,4477751000,44.3(-2.85 %),99990,4477751000,0,0,24852533,24.15
20/08/2010,124300,5304220000,43(-2.93 %),131250,5602770000,6950,298550000,24728233,0.0
23/08/2010,11690,473484000,41.4(-3.72 %),38720,1595966000,27030,1122482000,24716543,24.28
24/08/2010,-37000,-1450226000,41.3(-0.24 %),135400,5383128000,172400,6833354000,0,0.0
25/08/2010,-241470,-9504945000,39.5(-4.36 %),77030,3034185000,318500,12539130000,241470,0.0
26/08/2010,102970,4048297000,39.9(1.01 %),164470,6444287000,61500,2395990000,138500,48.86
27/08/2010,137110,5563748000,41.8(4.76 %),139200,5650310000,2090,86562000,1390,49.0
30/08/2010,16120,706056000,43.8(4.78 %),16690,731022000,570,24966000,0,49.01
31/08/2010,-71330,-3244605000,45.9(4.79 %),39670,1803895000,111000,5048500000,56600,48.94
01/09/2010,-17410,-811399000,48(4.58 %),27100,1299081000,44510,2110480000,74010,48.93
06/09/2010,-33560,-1655965000,48.7(1.46 %),17370,856697000,50930,2512662000,25103082,48.89
07/09/2010,17950,864044000,47.7(-2.05 %),18360,883601000,410,19557000,89620,48.91
08/09/2010,67790,3119698000,46(-3.56 %),67790,3119698000,0,0,21830,48.98
09/09/2010,28130,1300643000,46.2(0.43 %),28130,1300643000,0,0,0,49.01
10/09/2010,10560,472042000,43.9(-4.98 %),10560,472042000,0,0,0,49.02
13/09/2010,158750,6693607000,43.9(0.00 %),159300,6717752000,550,24145000,0,49.18
14/09/2010,-2270,-101853000,44(0.23 %),5800,253120000,8070,354973000,0,49.17
15/09/2010,21870,961330000,44(0.00 %),27120,1190230000,5250,228900000,0,49.2
16/09/2010,1490,65201000,43.9(-0.23 %),7990,349963000,6500,284762000,0,49.2
17/09/2010,-19320,-858350000,45(2.51 %),1500,66150000,20820,924500000,0,0.0
20/09/2010,36000,1620000000,45(0.00 %),36350,1635750000,350,15750000,0,49.04
21/09/2010,-60220,-2544130000,43.5(-3.33 %),52860,2375600000,113080,4919730000,24220,48.98
22/09/2010,76690,3401103000,44(1.15 %),90190,3995103000,13500,594000000,0,49.05
23/09/2010,40050,1742180000,43.6(-0.91 %),45050,1960180000,5000,218000000,0,0.0
24/09/2010,11350,493140000,43.5(-0.23 %),15050,654680000,3700,161540000,0,49.01
27/09/2010,28000,1206900000,42.9(-1.38 %),28000,1206900000,0,0,0,49.04
28/09/2010,43120,1851188000,42.6(-0.70 %),100500,4308300000,57380,2457112000,0,49.08
29/09/2010,31170,1325020000,42(-1.41 %),33070,1406150000,1900,81130000,0,49.11
30/09/2010,62710,2674479000,42.9(2.14 %),64610,2755039000,1900,80560000,24549262,49.18
01/10/2010,159210,6845316000,42.9(0.00 %),163410,7026486000,4200,181170000,24390052,24.61
04/10/2010,229330,9744014000,42(-2.10 %),229330,9744014000,0,0,24160722,24.84
05/10/2010,79370,3364539000,42.9(2.14 %),90770,3843339000,11400,478800000,24081352,24.92
06/10/2010,106730,4641139000,43.9(2.33 %),110430,4800979000,3700,159840000,23974622,25.03
07/10/2010,44170,1919750000,43.3(-1.37 %),44170,1919750000,0,0,23930452,25.07
08/10/2010,80880,3477835000,42.7(-1.39 %),80880,3477835000,0,0,23849572,25.15
11/10/2010,-17610,-745302000,42.3(-0.94 %),8620,364124000,26230,1109426000,23867182,25.13
12/10/2010,5620,235885000,41.9(-0.95 %),9120,382890000,3500,147005000,23861562,25.14
13/10/2010,79820,3325108000,41.9(0.00 %),79820,3325108000,0,0,23781742,25.22
14/10/2010,77610,3269663000,42(0.24 %),77610,3269663000,0,0,23704132,25.3
15/10/2010,85190,3583603000,42.4(0.95 %),85190,3583603000,0,0,23618942,25.38
18/10/2010,8620,363424000,42.3(-0.24 %),8620,363424000,0,0,23610322,25.39
19/10/2010,32510,1335051000,40.9(-3.31 %),32510,1335051000,0,0,23577812,25.42
20/10/2010,188630,7619085000,39.8(-2.69 %),188630,7619085000,0,0,23389182,25.61
21/10/2010,31730,1279501000,40.5(1.76 %),31730,1279501000,0,0,23357452,25.64
22/10/2010,54320,2224526000,41(1.23 %),54320,2224526000,0,0,23303132,25.7
25/10/2010,36930,1503720000,40.9(-0.24 %),36930,1503720000,0,0,23266202,25.73
26/10/2010,43100,1820911000,42(2.69 %),43100,1820911000,0,0,23223102,25.78
27/10/2010,27450,1145384000,41.8(-0.48 %),27450,1145384000,0,0,23195652,25.8
28/10/2010,30620,1258066000,40.8(-2.39 %),30620,1258066000,0,0,23165032,25.83
29/10/2010,8620,352480000,40.9(0.25 %),8620,352480000,0,0,23156412,25.84
01/11/2010,31720,1293907000,40.9(0.00 %),31720,1293907000,0,0,23124692,25.88
02/11/2010,20050,819033000,40.9(0.00 %),20050,819033000,0,0,23104642,25.9
03/11/2010,38320,1552124000,40.5(-0.98 %),40520,1641104000,2200,88980000,23066322,25.93
04/11/2010,22490,912067000,40.5(0.00 %),22490,912067000,0,0,23043832,25.96
05/11/2010,31710,1315090000,41.6(2.72 %),31710,1315090000,0,0,23012122,25.99
08/11/2010,35860,1485108000,41.6(0.00 %),46530,1925912000,10670,440804000,22976262,26.02
09/11/2010,72350,2934077000,40(-3.85 %),72350,2934077000,0,0,22903912,26.1
10/11/2010,-10110,-404241000,40.1(0.25 %),32090,1286269000,42200,1690510000,22914022,26.09
11/11/2010,18920,740262000,38.9(-2.99 %),18920,740262000,0,0,22895102,26.1
12/11/2010,174640,6566700000,38(-2.31 %),179640,6756700000,5000,190000000,22720462,26.28
15/11/2010,14590,535989000,36.1(-5.00 %),34590,1278689000,20000,742700000,22705872,26.29
16/11/2010,19360,661791000,34.5(-4.43 %),64560,2219011000,45200,1557220000,22686512,26.31
17/11/2010,-35040,-1183262000,32.8(-4.93 %),31850,1050029000,66890,2233291000,22721552,26.28
18/11/2010,12350,436435000,33.5(2.13 %),94250,3210807000,81900,2774372000,22709202,26.29
19/11/2010,-66690,-2208154000,33.1(-1.19 %),45970,1529125000,112660,3737279000,22775892,26.22
22/11/2010,11340,365408000,32(-3.32 %),55340,1763925000,44000,1398517000,22764552,26.24
23/11/2010,94230,3054831000,32.4(1.25 %),94230,3054831000,0,0,22670322,26.33
24/11/2010,19070,595359000,31.5(-2.78 %),53770,1701046000,34700,1105687000,22651252,26.35
25/11/2010,-43360,-1404606000,32.2(2.22 %),22240,718864000,65600,2123470000,22694612,26.31
26/11/2010,-94970,-3075085000,32.2(0.00 %),9880,320086000,104850,3395171000,22789582,26.21
29/11/2010,-148190,-4820190000,32.7(1.55 %),81810,2668821000,230000,7489011000,22937772,26.06
30/11/2010,-216150,-7413260000,34.3(4.89 %),23850,816740000,240000,8230000000,23153922,25.85
01/12/2010,-47170,-1682313000,35.8(4.37 %),32960,1167607000,80130,2849920000,23201092,25.8
02/12/2010,-145790,-5437947000,37.5(4.75 %),6660,245028000,152450,5682975000,23346882,25.65
03/12/2010,-204350,-8030955000,39.3(4.80 %),10650,418545000,215000,8449500000,23551232,25.45
06/12/2010,-194040,-7852413000,39.9(1.53 %),16990,683681000,211030,8536094000,23745272,25.25
07/12/2010,27100,1066020000,39.1(-2.01 %),30000,1180300000,2900,114280000,23718172,25.28
08/12/2010,32450,1210166000,37.2(-4.86 %),132550,4934966000,100100,3724800000,23685722,25.31
09/12/2010,-94350,-3586585000,38(2.15 %),9150,334155000,103500,3920740000,23780072,25.22
10/12/2010,-178680,-7130532000,39.9(5.00 %),4320,171168000,183000,7301700000,23958752,25.04
13/12/2010,-30000,-1254000000,41.8(4.76 %),0,0,30000,1254000000,23988752,25.01
14/12/2010,-320410,-14040402000,43.8(4.78 %),113190,4951278000,433600,18991680000,24309162,24.69
15/12/2010,-57400,-2637816000,45(2.74 %),62600,2870184000,120000,5508000000,24366562,24.63
16/12/2010,68430,2939647000,42.8(-4.89 %),69430,2982447000,1000,42800000,24298132,24.7
17/12/2010,8960,441782000,44.5(3.97 %),243260,10708976000,234300,10267194000,24289172,24.71
20/12/2010,-65310,-2896141000,42.6(-4.27 %),34690,1498859000,100000,4395000000,24354482,24.65
21/12/2010,105010,4460621000,41.5(-2.58 %),270010,11314885000,165000,6854264000,24249472,24.75
22/12/2010,92610,3825006000,40.4(-0.25 %),173160,7150396000,80550,3325390000,24156862,24.84
23/12/2010,81790,3283756000,40.1(-0.74 %),158790,6396156000,77000,3112400000,24075072,24.92
24/12/2010,-20240,-823406000,39.8(-0.75 %),28980,1157004000,49220,1980410000,24095312,24.9
27/12/2010,-69850,-2745184000,38.7(-2.76 %),26750,1051139000,96600,3796323000,24165162,24.83
28/12/2010,-56400,-2204779000,39.3(1.55 %),24400,950841000,80800,3155620000,24221562,24.78
29/12/2010,10320,411544000,39.6(0.76 %),17320,688744000,7000,277200000,24211242,24.79
30/12/2010,27490,1086991000,39.3(-0.76 %),40490,1602191000,13000,515200000,24183752,24.82
31/12/2010,60220,2424681000,41(4.33 %),60220,2424681000,0,0,24123532,24.88
04/01/2011,29490,1203584000,40.9(-0.24 %),29490,1203584000,0,0,24094042,24.91
05/01/2011,46880,1877285000,39.9(-2.44 %),46880,1877285000,0,0,24047162,24.95
06/01/2011,21250,844425000,39.8(-0.25 %),21250,844425000,0,0,24025912,24.97
07/01/2011,1210,47324000,39.3(-1.26 %),11490,454940000,10280,407616000,24024702,24.98
10/01/2011,34210,1331602000,39(-0.76 %),56210,2186472000,22000,854870000,23990492,25.01
11/01/2011,32320,1233002000,38.1(-2.31 %),40120,1532097000,7800,299095000,23958172,25.04
12/01/2011,20070,764206000,38(-0.26 %),24070,918206000,4000,154000000,23938102,25.06
13/01/2011,13980,537890000,38.9(2.37 %),23980,923578000,10000,385688000,23924122,25.08
14/01/2011,87600,3426918000,39.5(1.54 %),87600,3426918000,0,0,23836522,25.16
17/01/2011,-170,-11691000,39.8(0.76 %),29830,1188309000,30000,1200000000,23836692,25.16
18/01/2011,51530,2044474000,38.4(-3.52 %),51530,2044474000,0,0,23785162,25.21
19/01/2011,96870,3737882000,38.4(0.00 %),97870,3777382000,1000,39500000,23688292,25.31
20/01/2011,29100,1113748000,38(-1.04 %),29100,1113748000,0,0,23659192,25.34
21/01/2011,51770,1972992000,38.7(1.84 %),51770,1972992000,0,0,23607422,25.39
24/01/2011,5330,197240000,37.5(-3.10 %),37330,1404740000,32000,1207500000,23602092,25.4
25/01/2011,28920,1084435000,37.5(0.00 %),29270,1097525000,350,13090000,23573172,25.43
26/01/2011,5320,201030000,37.8(0.80 %),20040,757918000,14720,556888000,23567852,37.14
27/01/2011,-43670,-1661233000,38(0.53 %),83610,3174917000,127280,4836150000,23611522,25.39
28/01/2011,-45680,-1737460000,38(0.00 %),64920,2468979000,110600,4206439000,23657202,25.34
08/02/2011,8200,313786000,38.6(1.58 %),58630,2258027000,50430,1944241000,23649002,25.35
09/02/2011,-28800,-1093772000,37.8(-2.07 %),14310,548958000,43110,1642730000,23677802,25.32
10/02/2011,-45290,-1720219000,37.9(0.26 %),9720,368760000,55010,2088979000,23723092,25.28
11/02/2011,-79010,-2978053000,37.8(-0.26 %),9990,375225000,89000,3353278000,23802102,25.2
14/02/2011,-6250,-234111000,37.3(-1.32 %),9720,363128000,15970,597239000,23808352,25.19
15/02/2011,-43690,-1594684000,36.5(-2.14 %),14810,538704000,58500,2133388000,23852042,25.15
16/02/2011,-38780,-1406111000,36(-1.37 %),9720,352536000,48500,1758647000,23890822,25.11
17/02/2011,-3840,-128899000,34.6(-3.89 %),30580,1070056000,34420,1198955000,23894662,25.11
18/02/2011,13510,454500000,33.6(-2.89 %),15010,504900000,1500,50400000,23881152,25.12
21/02/2011,1770,58410000,32(-4.76 %),1770,58410000,0,0,23879382,25.12
22/02/2011,-180,-6672000,30.5(-4.69 %),9820,299528000,10000,306200000,23879562,25.12
23/02/2011,17380,534602000,30.5(0.00 %),20380,626522000,3000,91920000,23862182,25.14
24/02/2011,-38730,-1133559000,29.4(-3.61 %),11730,341265000,50460,1474824000,23900912,25.1
25/02/2011,-10110,-294506000,29.8(1.36 %),9890,292494000,20000,587000000,23911022,25.09
28/02/2011,9750,287500000,29.5(-1.01 %),9750,287500000,0,0,23901272,25.1
01/03/2011,10240,298830000,29.4(-0.34 %),12240,357830000,2000,59000000,23891032,25.11
02/03/2011,19840,557260000,28(-4.76 %),19840,557260000,0,0,23871192,25.13
03/03/2011,30740,828644000,26.9(-3.93 %),52740,1425444000,22000,596800000,0,0.0
04/03/2011,13350,361531000,26.9(0.00 %),13350,361531000,0,0,0,0.0
07/03/2011,9950,267067000,26.8(-0.37 %),9950,267067000,0,0,0,0.0
08/03/2011,17350,465853000,26.9(0.37 %),17350,465853000,0,0,0,0.0
09/03/2011,26050,680115000,26.2(-2.60 %),26050,680115000,0,0,0,0.0
10/03/2011,-8180,-217470000,27.5(4.96 %),39240,1078360000,47420,1295830000,0,0.0
11/03/2011,-86700,-2496960000,28.8(4.73 %),13300,383040000,100000,2880000000,0,0.0
14/03/2011,115270,3417362000,28.8(0.00 %),122870,3641374000,7600,224012000,0,0.0
15/03/2011,-146950,-4284134000,29.2(1.39 %),89220,2634571000,236170,6918705000,0,0.0
16/03/2011,-56690,-1654772000,29.1(-0.34 %),47790,1391778000,104480,3046550000,23649491,25.35
17/03/2011,2170,63264000,29.1(0.00 %),54750,1596549000,52580,1533285000,23647321,25.35
18/03/2011,-30480,-843404000,29.9(2.75 %),102180,3029704000,132660,3873108000,23677801,25.32
21/03/2011,-40480,-1201109000,29.7(-0.67 %),2000,59400000,42480,1260509000,23718281,25.28
22/03/2011,-14960,-427528000,28.5(-4.04 %),1470,42170000,16430,469698000,23733241,25.27
23/03/2011,43870,1251743000,28.7(0.70 %),44870,1280443000,1000,28700000,23689371,25.31
24/03/2011,10160,291124000,28.4(-1.05 %),10660,305574000,500,14450000,23679211,25.32
25/03/2011,10160,284044000,28.4(0.00 %),10660,298044000,500,14000000,23669051,25.33
28/03/2011,10660,297634000,27.7(-2.46 %),10660,297634000,0,0,23658391,25.34
29/03/2011,10660,290466000,26.9(-2.89 %),10660,290466000,0,0,23647731,25.35
30/03/2011,21820,580058000,26.7(-0.74 %),21820,580058000,0,0,23625911,25.37
31/03/2011,12160,325888000,26.8(0.37 %),12160,325888000,0,0,23613751,25.39
01/04/2011,11610,309970000,26.6(-0.75 %),11610,309970000,0,0,23914211,25.09
04/04/2011,-1580,-42236000,26.5(-0.38 %),10660,282124000,12240,324360000,23915791,25.08
05/04/2011,-6340,-167802000,26.8(1.13 %),10660,284058000,17000,451860000,23922131,25.08
06/04/2011,-35340,-963552000,27.9(4.10 %),14660,403988000,50000,1367540000,23957471,25.04
07/04/2011,-37600,-1025848000,27(-3.23 %),17380,477602000,54980,1503450000,23995071,25.0
08/04/2011,3520,98598000,27.3(1.11 %),73520,2010698000,70000,1912100000,23991551,25.01
13/04/2011,7820,211169000,26.9(-1.47 %),25840,698845000,18020,487676000,23983731,25.02
14/04/2011,8660,232154000,26.7(-0.74 %),10660,285954000,2000,53800000,23975071,25.02
15/04/2011,22350,593432000,26.5(-0.75 %),83940,2230782000,61590,1637350000,23952721,25.05
18/04/2011,57210,1495489000,25.9(-2.26 %),57210,1495489000,0,0,23895511,25.1
19/04/2011,12820,332794000,25.9(0.00 %),21960,570630000,9140,237836000,23882691,25.12
20/04/2011,-6860,-176575000,25.7(-0.77 %),39330,1011912000,46190,1188487000,23889551,25.11
21/04/2011,-58160,-1441669000,24.5(-4.67 %),13360,327752000,71520,1769421000,23947711,25.05
22/04/2011,0,-550000,23.3(-4.90 %),3000,70250000,3000,70800000,23947711,25.05
25/04/2011,-147510,-3567324000,24(3.00 %),10760,258704000,158270,3826028000,24095221,24.9
26/04/2011,-4870,-117551000,22.9(-4.58 %),22090,521804000,26960,639355000,24100091,24.9
27/04/2011,-22640,-515809000,22.4(-2.18 %),34950,788263000,57590,1304072000,24122731,24.88
28/04/2011,-62610,-1380126000,21.9(-2.23 %),10750,236500000,73360,1616626000,24185341,24.81
29/04/2011,-73530,-1632620000,22.5(2.74 %),23080,516111000,96610,2148731000,24258871,24.74
04/05/2011,-26760,-599745000,22.3(-0.89 %),113530,2542020000,140290,3141765000,24018041,24.98
05/05/2011,-4980,-111506000,22.4(0.45 %),22770,510094000,27750,621600000,24023021,24.98
06/05/2011,7660,177852000,22.8(1.79 %),32660,738052000,25000,560200000,24015361,24.98
09/05/2011,20970,483784000,23.2(1.75 %),20970,483784000,0,0,23994391,25.01
10/05/2011,1680,41848000,23.4(0.86 %),31680,747848000,30000,706000000,23992711,25.01
11/05/2011,7280,166582000,23(-1.71 %),14180,327662000,6900,161080000,23985431,25.01
12/05/2011,10780,246430000,22.9(-0.43 %),10780,246430000,0,0,23974651,25.03
13/05/2011,10690,242465000,22.7(-0.87 %),10690,242465000,0,0,23963961,25.04
16/05/2011,20130,446335000,22(-3.08 %),20680,458600000,550,12265000,23943831,25.06
17/05/2011,10680,231920000,21.7(-1.36 %),10680,231920000,0,0,23933151,25.07
18/05/2011,10680,232327000,22(1.38 %),10680,232327000,0,0,23922471,25.08
19/05/2011,20280,439990000,21.9(-0.45 %),20280,439990000,0,0,23902191,25.1
20/05/2011,-23010,-485152000,20.9(-4.57 %),1700,35910000,24710,521062000,23925201,25.07
23/05/2011,-23830,-475150000,19.9(-4.78 %),1100,21890000,24930,497040000,23949031,25.05
24/05/2011,21150,401850000,19(-4.52 %),30200,573800000,9050,171950000,23927881,25.07
25/05/2011,-18960,-343176000,18.1(-4.74 %),1400,25340000,20360,368516000,23946841,25.05
26/05/2011,-40330,-719356000,18.8(3.87 %),450,8060000,40780,727416000,23987171,25.01
27/05/2011,-2620,-44886000,18.5(-1.60 %),10680,193184000,13300,238070000,23989791,25.01
30/05/2011,2900,51080000,17.9(-3.24 %),2900,51080000,0,0,23986891,25.01
31/05/2011,10980,188214000,17.2(-3.91 %),10980,188214000,0,0,23975911,25.02
01/06/2011,10990,192574000,18(4.65 %),30990,552574000,20000,360000000,24194961,24.81
02/06/2011,35050,661051000,18.9(5.00 %),35750,674141000,700,13090000,24159911,24.84
03/06/2011,3110,65422000,18.3(-3.17 %),13110,250422000,10000,185000000,24156801,24.84
06/06/2011,-10690,-193120000,18.5(1.09 %),0,0,10690,193120000,24167491,24.83
07/06/2011,-5260,-102113000,19.4(4.86 %),12690,246117000,17950,348230000,24172751,24.83
08/06/2011,-17310,-350900000,20.3(4.64 %),12690,255100000,30000,606000000,24190061,24.81
09/06/2011,0,0,20.6(1.48 %),0,0,0,0,24190061,24.81
10/06/2011,-30600,-650219000,20.8(0.97 %),0,0,30600,650219000,24220661,24.78
13/06/2011,-30460,-622822000,20.4(-1.92 %),0,0,30460,622822000,24251121,24.75
14/06/2011,-88680,-1867973000,19.9(-2.45 %),0,0,88680,1867973000,24339801,24.66
15/06/2011,-2660,-44976000,19.1(-4.02 %),22360,437264000,25020,482240000,24342461,24.66
16/06/2011,-101230,-1946079000,19.7(3.14 %),23880,456208000,125110,2402287000,24443691,24.56
17/06/2011,-120610,-2268993000,18.8(-4.57 %),58700,1114570000,179310,3383563000,24564301,24.44
20/06/2011,-45780,-828948000,18(-4.26 %),0,0,45780,828948000,24610081,24.39
21/06/2011,2930,53498000,18.9(5.00 %),24450,456270000,21520,402772000,24607151,24.39
22/06/2011,39630,777810000,19.7(4.23 %),49740,977977000,10110,200167000,24567521,24.43
23/06/2011,-20200,-387956000,18.9(-4.06 %),0,0,20200,387956000,24587721,24.41
24/06/2011,-81510,-1530273000,18.7(-1.06 %),0,0,81510,1530273000,24669231,24.33
27/06/2011,600,11280000,18.6(-0.53 %),600,11280000,0,0,24668631,24.33
28/06/2011,-15920,-286902000,18.1(-2.69 %),3100,57360000,19020,344262000,24684551,24.32
29/06/2011,-6260,-113310000,18.2(0.55 %),0,0,6260,113310000,24690811,24.31
30/06/2011,100,1880000,18.3(0.55 %),100,1880000,0,0,24690711,24.31
01/07/2011,5300,94590000,17.6(-3.83 %),5300,94590000,0,0,24691376,24.31
04/07/2011,-8300,-144030000,17.5(-0.57 %),1000,17300000,9300,161330000,24699676,24.3
05/07/2011,-38700,-695070000,18.1(3.43 %),0,0,38700,695070000,24738376,24.26
06/07/2011,-57700,-1008620000,17.4(-3.87 %),0,0,57700,1008620000,24796076,24.2
07/07/2011,-14000,-244961000,17.4(0.00 %),0,0,14000,244961000,24810076,24.19
08/07/2011,-73980,-1277689000,17.2(-1.15 %),100,1720000,74080,1279409000,24884056,24.12
11/07/2011,-4800,-81994000,17.4(1.16 %),200,3410000,5000,85404000,24888856,24.11
12/07/2011,-15670,-264747000,17.3(-0.57 %),0,0,15670,264747000,24904526,24.1
13/07/2011,200,3360000,17.3(0.00 %),200,3360000,0,0,24904326,24.1
14/07/2011,100,1680000,17.1(-1.16 %),100,1680000,0,0,24904226,24.1
15/07/2011,-16490,-278433000,16.9(-1.17 %),3000,51000000,19490,329433000,24920716,24.08
18/07/2011,0,0,16.9(0.00 %),0,0,0,0,24920716,24.08
19/07/2011,0,0,16.9(0.00 %),0,0,0,0,24920716,24.08
20/07/2011,30750,527750000,17.3(2.37 %),30750,527750000,0,0,24889966,24.11
21/07/2011,0,0,17.1(-1.16 %),0,0,0,0,24889966,24.11
22/07/2011,2000,34200000,17.1(0.00 %),2000,34200000,0,0,24887966,24.11
25/07/2011,0,0,17(-0.58 %),0,0,0,0,24887966,24.11
26/07/2011,-3500,-59150000,16.8(-1.18 %),0,0,3500,59150000,24891466,24.11
27/07/2011,4000,68400000,16.8(0.00 %),4000,68400000,0,0,24887466,24.11
28/07/2011,0,0,16.7(-0.60 %),0,0,0,0,24887466,24.11
29/07/2011,21980,362870000,16.5(-1.20 %),32080,529520000,10100,166650000,24865486,24.13
01/08/2011,37800,608728000,16.3(-1.21 %),58000,933000000,20200,324272000,24817366,24.18
02/08/2011,0,0,15.7(-3.68 %),0,0,0,0,24817366,24.18
03/08/2011,-12760,-195528000,15.3(-2.55 %),500,7850000,13260,203378000,24830126,24.17
04/08/2011,-78210,-1247660000,16(4.58 %),0,0,78210,1247660000,24908336,24.09
05/08/2011,2000,31900000,15.4(-3.75 %),2000,31900000,0,0,24906336,24.09
08/08/2011,-20220,-325142000,15.8(2.60 %),0,0,20220,325142000,24926556,24.07
09/08/2011,-550,-8565000,15.1(-4.43 %),400,6160000,950,14725000,24927106,24.07
10/08/2011,32870,491106000,15.2(0.66 %),80060,1208926000,47190,717820000,24894236,24.11
11/08/2011,-10110,-151450000,15.2(0.00 %),0,0,10110,151450000,24904346,24.1
12/08/2011,0,0,15.1(-0.66 %),0,0,0,0,24904346,24.1
15/08/2011,500,7500000,15(-0.66 %),500,7500000,0,0,24903846,24.1
16/08/2011,-1250,-18750000,15.2(1.33 %),0,0,1250,18750000,24905096,24.09
17/08/2011,16770,258724000,15.9(4.61 %),26880,416640000,10110,157916000,24888326,24.11
18/08/2011,7690,127154000,16.5(3.77 %),34690,573599000,27000,446445000,24880636,24.12
19/08/2011,-19250,-309200000,15.9(-3.64 %),950,15200000,20200,324400000,24899886,24.1
22/08/2011,-20220,-334430000,16.6(4.40 %),0,0,20220,334430000,24920106,24.08
23/08/2011,0,0,17.2(3.61 %),0,0,0,0,24920106,24.08
24/08/2011,-8010,-135909000,17(-1.16 %),56500,962200000,64510,1098109000,24928116,24.07
25/08/2011,80760,1379055000,17.8(4.71 %),101760,1738405000,21000,359350000,24847356,24.15
26/08/2011,39880,736976000,18(1.12 %),50000,922100000,10120,185124000,24807476,24.19
29/08/2011,36970,698316000,18.9(5.00 %),57210,1074780000,20240,376464000,24770506,24.23
30/08/2011,0,0,19.3(2.12 %),0,0,0,0,24770506,24.23
31/08/2011,50000,964739000,19.1(-1.04 %),50000,964739000,0,0,24720506,24.28
01/09/2011,51000,986400000,19.7(3.14 %),51000,986400000,0,0,24730566,24.27
05/09/2011,25730,517410000,19.2(-2.54 %),103000,2015702000,77270,1498292000,24704836,24.3
06/09/2011,129210,2445248000,19(-1.04 %),144210,2730248000,15000,285000000,24575626,24.42
07/09/2011,54850,1070036000,19.9(4.74 %),64850,1269036000,10000,199000000,24520776,24.48
08/09/2011,83400,1732377000,20.8(4.52 %),84400,1752877000,1000,20500000,24437376,24.56
09/09/2011,85330,1837682000,21.5(3.37 %),85330,1837682000,0,0,24352046,24.65
12/09/2011,11710,257624000,22.5(4.65 %),43890,966474000,32180,708850000,24340336,24.66
13/09/2011,-39780,-935049000,23.6(4.89 %),58300,1360985000,98080,2296034000,24380116,24.62
14/09/2011,-31540,-784104000,24(1.69 %),54700,1340832000,86240,2124936000,24411656,24.59
15/09/2011,-119040,-2754956000,23.5(-2.08 %),8960,208344000,128000,2963300000,24530696,24.47
16/09/2011,-163730,-3686611000,22.4(-4.68 %),8970,203422000,172700,3890033000,24694426,24.31
19/09/2011,-46970,-1039316000,22.7(1.34 %),10130,219254000,57100,1258570000,24741396,24.26
20/09/2011,-3830,-74848000,22(-3.08 %),9930,225597000,13760,300445000,24745226,24.25
21/09/2011,-1020,-22833000,22(0.00 %),9930,218167000,10950,241000000,24746246,24.25
22/09/2011,9910,217707000,22.5(2.27 %),9930,218161000,20,454000,24736336,24.26
23/09/2011,-22170,-485640000,21.9(-2.67 %),3000,64200000,25170,549840000,24758506,24.24
26/09/2011,-41590,-870895000,20.9(-4.57 %),4550,95095000,46140,965990000,24800096,24.2
27/09/2011,-25060,-512895000,20.4(-2.39 %),9940,204958000,35000,717853000,24825156,24.17
28/09/2011,-43280,-880751000,20.2(-0.98 %),0,0,43280,880751000,24868436,24.13
29/09/2011,9940,196422000,19.9(-1.49 %),9940,196422000,0,0,24858496,24.14
30/09/2011,-14000,-283500000,20.1(1.01 %),1000,20000000,15000,303500000,24872496,24.13
03/10/2011,9940,198570000,20(-0.50 %),9940,198570000,0,0,24783456,24.22
04/10/2011,-33350,-654137000,19.6(-2.00 %),0,0,33350,654137000,24816806,24.18
05/10/2011,-45900,-901105000,19.5(-0.51 %),0,0,45900,901105000,24862706,24.14
06/10/2011,-65210,-1305992000,20.4(4.62 %),0,0,65210,1305992000,24927916,24.07
07/10/2011,-28000,-588650000,21(2.94 %),0,0,28000,588650000,24955916,24.04
10/10/2011,50,1050000,20.4(-2.86 %),50,1050000,0,0,24955866,24.04
11/10/2011,-4940,-101251000,20.5(0.49 %),5000,102500000,9940,203751000,24960806,24.04
12/10/2011,0,0,20.5(0.00 %),0,0,0,0,24960806,24.04
13/10/2011,0,0,20.6(0.49 %),0,0,0,0,24960806,24.04
14/10/2011,0,0,20.8(0.97 %),0,0,0,0,24960806,24.04
17/10/2011,10010,207807000,20.7(-0.48 %),10010,207807000,0,0,24950796,24.05
18/10/2011,-76640,-1548821000,20(-3.38 %),100000,2000000000,176640,3548821000,25027436,23.97
19/10/2011,26070,387878000,15(0.00 %),27070,403278000,1000,15400000,25001366,24.0
20/10/2011,52100,779630000,15(0.00 %),53600,802280000,1500,22650000,24949266,24.05
21/10/2011,108780,1703212000,15.7(4.67 %),109280,1710762000,500,7550000,24840486,24.16
24/10/2011,18030,290670000,16(1.91 %),18030,290670000,0,0,24822456,24.18
25/10/2011,95470,1527489000,16(0.00 %),95470,1527489000,0,0,24726986,24.27
26/10/2011,48620,773717000,15.9(-0.62 %),48620,773717000,0,0,24678366,24.32
27/10/2011,76320,1221800000,16(0.63 %),76320,1221800000,0,0,24602046,24.4
28/10/2011,80400,1341245000,16.8(5.00 %),80400,1341245000,0,0,24521646,24.48
31/10/2011,5800,99520000,16.8(0.00 %),5800,99520000,0,0,24515846,24.48
01/11/2011,15810,252960000,16(-4.76 %),15810,252960000,0,0,24564186,24.44
02/11/2011,61790,984335000,15.9(-0.62 %),75170,1198415000,13380,214080000,24502396,24.5
03/11/2011,69270,1100553000,15.9(0.00 %),69270,1100553000,0,0,24433126,24.57
04/11/2011,26000,411102000,15.7(-1.26 %),40000,632082000,14000,220980000,24407126,24.59
07/11/2011,8980,137594000,15.3(-2.55 %),8980,137594000,0,0,24398146,24.6
08/11/2011,23280,353188000,15.7(2.61 %),23780,360738000,500,7550000,24374866,24.63
09/11/2011,0,194000,15(-4.46 %),66440,1007597000,66440,1007403000,24374866,24.63
10/11/2011,1000,15000000,14.3(-4.67 %),1000,15000000,0,0,24373866,24.63
11/11/2011,19290,272255000,14(-2.10 %),27740,391640000,8450,119385000,24354576,24.65
14/11/2011,-30880,-410622000,13.3(-5.00 %),12910,171785000,43790,582407000,24385456,24.61
15/11/2011,-16870,-213930000,12.7(-4.51 %),12910,164776000,29780,378706000,24402326,24.6
16/11/2011,-35130,-465758000,13.3(4.72 %),92870,1219978000,128000,1685736000,24437456,24.56
17/11/2011,-29120,-375309000,12.8(-3.76 %),0,0,29120,375309000,24466576,24.53
18/11/2011,-10790,-127006000,12.2(-4.69 %),50000,617000000,60790,744006000,24477366,24.52
21/11/2011,107230,1368546000,12.8(4.92 %),129960,1659490000,22730,290944000,24370136,24.63
22/11/2011,17130,222110000,12.7(-0.78 %),18030,233630000,900,11520000,24353006,24.65
23/11/2011,3530,46001000,13(2.36 %),7640,99842000,4110,53841000,24349476,24.65
24/11/2011,0,0,12.6(-3.08 %),0,0,0,0,24349476,24.65
25/11/2011,-9810,-122792000,12.5(-0.79 %),500,6300000,10310,129092000,24359286,24.64
28/11/2011,-30400,-382543000,12.5(0.00 %),0,0,30400,382543000,24389686,24.61
29/11/2011,-26000,-322500000,12.5(0.00 %),0,0,26000,322500000,24415686,24.58
30/11/2011,2840,32344000,12(-4.00 %),28500,343050000,25660,310706000,24412846,24.59
01/12/2011,-37450,-432821000,12(0.00 %),0,0,37450,432821000,24314976,24.69
02/12/2011,-7190,-89971000,12.5(4.17 %),43810,540479000,51000,630450000,24322166,24.68
05/12/2011,-46460,-608940000,13.1(4.80 %),18110,235020000,64570,843960000,24368626,24.63
06/12/2011,-4120,-57560000,13(-0.76 %),5880,76440000,10000,134000000,24372746,24.63
07/12/2011,0,0,12.6(-3.08 %),0,0,0,0,24372746,24.63
08/12/2011,-72040,-918910000,12.7(0.79 %),0,0,72040,918910000,24444786,24.56
09/12/2011,0,0,12.4(-2.36 %),0,0,0,0,24444786,24.56
12/12/2011,-279510,-3350203000,11.9(-4.03 %),27790,334038000,307300,3684241000,24724296,24.28
13/12/2011,-632810,-7236323000,11.4(-4.20 %),180100,2064491000,812910,9300814000,25357106,23.64
14/12/2011,34420,407529000,11.4(0.00 %),514150,5953664000,479730,5546135000,25322686,23.68
15/12/2011,-294250,-3175855000,10.9(-4.39 %),100000,1130000000,394250,4305855000,25616936,23.38
16/12/2011,-493070,-5402153000,10.8(-0.92 %),205740,2228192000,698810,7630345000,26110006,22.89
19/12/2011,29260,331611000,11.3(4.63 %),45990,519487000,16730,187876000,26080746,22.92
20/12/2011,10000,111950000,11.4(0.88 %),10000,111950000,0,0,26070746,22.93
21/12/2011,10000,114751000,11.5(0.88 %),10000,114751000,0,0,26060746,22.94
22/12/2011,-59800,-660360000,11(-4.35 %),0,0,59800,660360000,26120546,37.58
23/12/2011,-111450,-1170375000,10.5(-4.55 %),3000,31550000,114450,1201925000,26231996,37.47
26/12/2011,88310,932104000,10(-4.76 %),240310,2475124000,152000,1543020000,26143686,37.56
27/12/2011,10200,97920000,10(0.00 %),10200,97920000,0,0,26133486,37.57
28/12/2011,33200,342060000,10.5(5.00 %),36240,373980000,3040,31920000,26100286,37.6
29/12/2011,20000,207200000,10.3(-1.90 %),20000,207200000,0,0,26080286,37.62
30/12/2011,-92620,-959286000,10.4(0.97 %),0,0,92620,959286000,26172906,28.87
03/01/2012,-39870,-418838000,10.5(0.96 %),10000,104968000,49870,523806000,33718483,23.06
04/01/2012,12010,130404000,10.3(-1.90 %),50000,525000000,37990,394596000,33706473,23.07
05/01/2012,-23510,-239377000,10.1(-1.94 %),0,0,23510,239377000,33729983,23.05
06/01/2012,-51580,-506442000,9.8(-2.97 %),19000,188100000,70580,694542000,33781563,23.01
09/01/2012,-234200,-2207347000,9.5(-3.06 %),1770,16818000,235970,2224165000,34015763,22.83
10/01/2012,-138020,-1294981000,9.4(-1.05 %),0,0,138020,1294981000,34153783,22.73
11/01/2012,-23950,-227121000,9.6(2.13 %),28050,266565000,52000,493686000,34177733,22.71
12/01/2012,17300,164350000,9.5(-1.04 %),75300,715350000,58000,551000000,34160433,22.72
13/01/2012,-41880,-404986000,9.7(2.11 %),71620,682464000,113500,1087450000,34202313,22.69
16/01/2012,39290,383266000,10.1(4.12 %),102440,1020397000,63150,637131000,34163023,22.72
17/01/2012,-34000,-345800000,10.1(0.00 %),1000,10200000,35000,356000000,34197023,22.69
18/01/2012,-24990,-261895000,10.6(4.95 %),10,105000,25000,262000000,34222013,22.67
19/01/2012,-9130,-98563000,11.1(4.72 %),65870,730037000,75000,828600000,34231143,22.67
20/01/2012,27200,306000000,11.1(0.00 %),27200,306000000,0,0,34203943,22.69
30/01/2012,57330,650665000,11.6(4.50 %),57330,650665000,0,0,34146613,22.73
31/01/2012,120890,1462163000,11.9(2.59 %),122290,1479013000,1400,16850000,34025723,22.83
01/02/2012,123780,1476970000,12.3(3.36 %),123780,1476970000,0,0,34065579,22.8
02/02/2012,15720,199388000,12.9(4.88 %),15720,199388000,0,0,34049859,22.81
03/02/2012,185380,2442126000,12.6(-2.33 %),205380,2706126000,20000,264000000,33864479,22.95
06/02/2012,79910,985954000,12.5(-0.79 %),79910,985954000,0,0,33784569,23.01
07/02/2012,115890,1457457000,12.8(2.40 %),115890,1457457000,0,0,33668679,23.1
08/02/2012,140240,1831324000,13.3(3.91 %),140240,1831324000,0,0,33528439,23.21
09/02/2012,88750,1176350000,13.3(0.00 %),88750,1176350000,0,0,33439689,23.28
10/02/2012,152360,1974392000,12.7(-4.51 %),152860,1980992000,500,6600000,33287329,23.39
13/02/2012,197640,2470168000,12.4(-2.36 %),242650,3032163000,45010,561995000,33089689,23.55
14/02/2012,39430,504204000,12.8(3.23 %),39430,504204000,0,0,33050259,23.58
15/02/2012,6560,82000000,12.5(-2.34 %),71000,887500000,64440,805500000,33043699,23.58
16/02/2012,42650,543086000,12.8(2.40 %),45650,579986000,3000,36900000,33001049,23.61
17/02/2012,-4050,-53015000,13.1(2.34 %),40950,531985000,45000,585000000,33005099,23.61
20/02/2012,57660,788980000,13.7(4.58 %),57660,788980000,0,0,32947439,23.66
21/02/2012,108550,1518070000,14.1(2.92 %),109950,1538040000,1400,19970000,32838889,23.74
22/02/2012,33650,481365000,14.8(4.96 %),34650,496115000,1000,14750000,32805239,23.76
23/02/2012,111330,1704901000,15.5(4.73 %),115730,1770021000,4400,65120000,32693909,23.85
24/02/2012,611230,9814474000,16(3.23 %),611230,9814474000,0,0,32082679,24.32
27/02/2012,207220,3406244000,16.7(4.38 %),207220,3406244000,0,0,31875459,24.48
28/02/2012,94500,1502600000,15.9(-4.79 %),101000,1606300000,6500,103700000,31780959,24.55
29/02/2012,205550,3261426000,16.4(3.14 %),205550,3261426000,0,0,31575409,24.71
01/03/2012,145510,2447495000,17.1(4.27 %),145510,2447495000,0,0,31502739,24.77
02/03/2012,72000,1265115000,17.9(4.68 %),72000,1265115000,0,0,31430739,24.82
05/03/2012,3800,70260000,18.7(4.47 %),11800,219660000,8000,149400000,31426939,24.83
06/03/2012,83400,1548883000,17.8(-4.81 %),89610,1661926000,6210,113043000,31343539,24.89
07/03/2012,186970,3337520000,18.4(3.37 %),191970,3423720000,5000,86200000,31156569,25.03
08/03/2012,175040,3177405000,17.5(-4.89 %),179060,3251373000,4020,73968000,30981529,25.17
09/03/2012,45000,769255000,17.3(-1.14 %),45000,769255000,0,0,30936529,25.2
12/03/2012,203000,3349900000,16.5(-4.62 %),205000,3383100000,2000,33200000,30733529,25.36
13/03/2012,30350,506160000,16.6(0.61 %),42300,702530000,11950,196370000,30703179,25.38
14/03/2012,172010,2918503000,17.1(3.01 %),172010,2918503000,0,0,30531169,25.51
15/03/2012,69900,1236360000,17.9(4.68 %),81900,1449760000,12000,213400000,30461269,25.57
16/03/2012,-141400,-2353412000,17.2(-3.91 %),184500,3304056000,325900,5657468000,30602669,25.46
19/03/2012,61990,1057858000,17(-1.16 %),97300,1665100000,35310,607242000,30540679,25.51
20/03/2012,37840,652228000,17.4(2.35 %),40740,702948000,2900,50720000,30502839,25.54
21/03/2012,98380,1755882000,18.2(4.60 %),300380,5431882000,202000,3676000000,30404459,25.61
22/03/2012,4330,77741000,18.5(1.65 %),88200,1620378000,83870,1542637000,30400129,25.61
23/03/2012,72100,1323097000,18.3(-1.08 %),152100,2799097000,80000,1476000000,30328029,25.67
26/03/2012,86500,1599972000,18.7(2.19 %),161540,2995732000,75040,1395760000,30241529,25.74
27/03/2012,221400,4025505000,17.8(-4.81 %),221400,4025505000,0,0,30020129,25.91
28/03/2012,172160,3046512000,18(1.12 %),172960,3060442000,800,13930000,29847969,26.04
29/03/2012,87810,1549195000,17.5(-2.78 %),87810,1549195000,0,0,29760159,26.11
30/03/2012,105590,1809502000,16.7(-4.57 %),105590,1809502000,0,0,29654569,26.19
03/04/2012,67170,1125757000,17.5(4.79 %),68740,1153232000,1570,27475000,29486087,26.32
04/04/2012,77430,1301824000,17.2(-1.71 %),77430,1301824000,0,0,29408657,26.38
05/04/2012,11040,185472000,17.5(1.74 %),11040,185472000,0,0,29397617,26.39
06/04/2012,100000,1816537000,18.3(4.57 %),100000,1816537000,0,0,29297617,26.46
09/04/2012,4040,77248000,18.6(1.64 %),12000,225100000,7960,147852000,29293577,26.47
10/04/2012,49730,930870000,18.5(-0.54 %),50000,936000000,270,5130000,29243847,26.5
11/04/2012,-119000,-2298202000,19.4(4.86 %),1000,18800000,120000,2317002000,29362847,26.41
12/04/2012,-29350,-595805000,20.3(4.64 %),130650,2652195000,160000,3248000000,29392197,26.39
13/04/2012,273290,5771030000,20.6(1.48 %),306090,6463390000,32800,692360000,29118907,26.6
16/04/2012,45510,961316000,21.6(4.85 %),45510,961316000,0,0,29073397,26.64
17/04/2012,40050,878525000,22.6(4.63 %),212410,4773445000,172360,3894920000,29033347,26.67
18/04/2012,91700,2041346000,22.3(-1.33 %),209500,4700050000,117800,2658704000,28941647,26.74
19/04/2012,43430,917849000,21.2(-4.93 %),148430,3147323000,105000,2229474000,28898217,26.77
20/04/2012,85290,1722154000,20.2(-4.72 %),90800,1835660000,5510,113506000,28812927,26.84
23/04/2012,11350,231670000,20.3(0.50 %),11350,231670000,0,0,28801577,26.84
24/04/2012,1250,31500000,21.3(4.93 %),5150,109500000,3900,78000000,28800327,26.85
25/04/2012,119400,2650838000,22.3(4.69 %),119400,2650838000,0,0,28680927,26.94
26/04/2012,10000,225000000,22.4(0.45 %),10000,225000000,0,0,28670927,26.95
27/04/2012,32500,739500000,22.6(0.89 %),32500,739500000,0,0,28638427,26.97
02/05/2012,220930,4894919000,21.8(-3.54 %),270930,6000619000,50000,1105700000,28495416,27.08
03/05/2012,65730,1405735000,22(0.92 %),70730,1511545000,5000,105810000,28429686,27.13
04/05/2012,54630,1204484000,21.9(-0.45 %),54630,1204484000,0,0,28375056,27.17
07/05/2012,29080,627793000,21.6(-1.37 %),30580,660328000,1500,32535000,28345976,27.2
08/05/2012,36160,784566000,21.5(-0.46 %),39160,849366000,3000,64800000,28309816,27.22
09/05/2012,-3750,-80678000,21.3(-0.93 %),6760,145338000,10510,226016000,28313566,27.22
10/05/2012,-65070,-1430258000,21.6(1.41 %),68330,1481309000,133400,2911567000,28378636,27.17
11/05/2012,9100,186038000,20.9(-3.24 %),20000,419488000,10900,233450000,28369536,27.18
14/05/2012,-93200,-1865990000,19.9(-4.78 %),1800,36620000,95000,1902610000,28462736,27.11
15/05/2012,-45700,-874888000,19(-4.52 %),0,0,45700,874888000,28508436,27.07
16/05/2012,43010,752432000,18.1(-4.74 %),318190,5781608000,275180,5029176000,28465426,27.1
17/05/2012,13530,223865000,17.5(-3.31 %),55050,969375000,41520,745510000,28451896,27.11
18/05/2012,57780,958138000,17(-2.86 %),246310,4136695000,188530,3178557000,28394116,27.16
21/05/2012,13750,230214000,17.8(4.71 %),143950,2489824000,130200,2259610000,28380366,27.17
22/05/2012,2000,35800000,17.6(-1.12 %),2000,35800000,0,0,28378366,27.17
23/05/2012,50030,840519000,16.8(-4.55 %),51030,857319000,1000,16800000,28328336,27.21
24/05/2012,23000,374900000,16.1(-4.17 %),23000,374900000,0,0,28305336,27.23
25/05/2012,-61460,-1035638000,16.9(4.97 %),1920,32448000,63380,1068086000,28366796,27.18
28/05/2012,30000,514500000,17.6(4.14 %),30000,514500000,0,0,28336796,27.2
29/05/2012,-20000,-340074000,17.4(-1.14 %),0,0,20000,340074000,28356796,27.19
30/05/2012,-1970,-34284000,17(-2.30 %),30,516000,2000,34800000,28358766,27.19
31/05/2012,-14920,-252848000,16.6(-2.35 %),2000,33600000,16920,286448000,28373686,27.17
01/06/2012,-45000,-748000000,16.4(-1.20 %),0,0,45000,748000000,28258436,27.26
04/06/2012,-61080,-964995000,15.6(-4.88 %),1000,15700000,62080,980695000,28319516,27.22
05/06/2012,-19140,-355255000,16.3(4.49 %),185350,2868590000,204490,3223845000,28277576,27.25
06/06/2012,-27990,-479531000,17.1(4.91 %),2500,40750000,30490,520281000,28305566,27.23
07/06/2012,-43730,-783079000,17.9(4.68 %),4060,72262000,47790,855341000,28349296,27.19
08/06/2012,-27630,-516681000,18.6(3.91 %),400,7480000,28030,524161000,28376926,27.17
11/06/2012,-75140,-1435460000,18.9(1.61 %),0,0,75140,1435460000,28452066,27.11
12/06/2012,-10000,-184740000,18.2(-3.70 %),4500,81750000,14500,266490000,28462066,27.11
13/06/2012,6000,104800000,17.5(-3.85 %),6000,104800000,0,0,28456066,27.11
14/06/2012,540,9342000,17.3(-1.14 %),540,9342000,0,0,28455526,27.11
15/06/2012,80690,1457444000,18.1(4.62 %),80690,1457444000,0,0,28374836,27.17
18/06/2012,189390,3592110000,19(4.97 %),190390,3611110000,1000,19000000,28185446,27.32
19/06/2012,40340,749358000,18.3(-3.68 %),40340,749358000,0,0,28145106,27.35
20/06/2012,0,0,18.7(2.19 %),0,0,0,0,28145106,27.35
21/06/2012,26000,480800000,18.4(-1.60 %),26000,480800000,0,0,28119106,27.37
22/06/2012,12000,212618000,17.6(-4.35 %),12000,212618000,0,0,28107106,27.38
25/06/2012,83470,1414788000,17(-3.41 %),131000,2232675000,47530,817887000,28023636,27.44
26/06/2012,830,9334000,16.5(-2.94 %),77300,1279912000,76470,1270578000,28022806,27.44
27/06/2012,15000,243190000,16.5(0.00 %),45000,744190000,30000,501000000,28007806,27.46
28/06/2012,31720,496038000,16.4(-0.61 %),80480,1287950000,48760,791912000,27976086,27.48
29/06/2012,0,0,16.4(0.00 %),0,0,0,0,27976086,27.48
02/07/2012,47000,764408000,16(-2.44 %),47000,764408000,0,0,27995334,27.46
03/07/2012,35110,557940000,16(0.00 %),35110,557940000,0,0,27960224,27.49
04/07/2012,17000,267850000,15.8(-1.25 %),19000,299450000,2000,31600000,27943224,27.5
05/07/2012,0,0,16.5(4.43 %),0,0,0,0,27943224,27.5
06/07/2012,22360,376484000,17(3.03 %),24000,404364000,1640,27880000,27920864,27.52
09/07/2012,0,0,16.2(-4.71 %),0,0,0,0,27920864,27.52
10/07/2012,-37960,-592176000,15.6(-3.70 %),3000,46800000,40960,638976000,27958824,27.49
11/07/2012,-100,-1610000,16(2.56 %),0,0,100,1610000,27958924,27.49
12/07/2012,0,0,16.6(3.75 %),0,0,0,0,27958924,27.49
13/07/2012,-50000,-842900000,17.3(4.22 %),0,0,50000,842900000,28008924,27.45
16/07/2012,24000,409000000,16.7(-3.47 %),24000,409000000,0,0,27984924,27.47
17/07/2012,39580,690975000,17.5(4.79 %),60070,1049550000,20490,358575000,27945344,27.5
18/07/2012,54250,960355000,17.9(2.29 %),54250,960355000,0,0,27891094,27.54
19/07/2012,41470,744976000,18.1(1.12 %),41470,744976000,0,0,27849624,27.58
20/07/2012,43170,802433000,17.4(-3.87 %),80000,1443275000,36830,640842000,27806454,27.61
23/07/2012,19590,338781000,17.1(-1.72 %),21090,364810000,1500,26029000,27786864,27.63
24/07/2012,7430,125504000,16.6(-2.92 %),20150,338355000,12720,212851000,27779434,27.63
25/07/2012,-5690,-92878000,16.2(-2.41 %),2000,32000000,7690,124878000,27785124,27.63
26/07/2012,0,0,16.7(3.09 %),0,0,0,0,27785124,27.63
27/07/2012,-30,-504000,16.4(-1.80 %),0,0,30,504000,27785154,27.63
30/07/2012,0,0,16.9(3.05 %),0,0,0,0,27785154,27.63
31/07/2012,0,0,16.6(-1.78 %),0,0,0,0,27785154,27.63
01/08/2012,0,0,16(-3.61 %),0,0,0,0,27863892,27.57
02/08/2012,0,0,16.2(1.25 %),0,0,0,0,27863892,27.57
03/08/2012,0,0,16.5(1.85 %),0,0,0,0,27863892,27.57
06/08/2012,-15290,-258401000,16.9(2.42 %),0,0,15290,258401000,27879182,27.55
07/08/2012,0,0,16.8(-0.59 %),0,0,0,0,27879182,27.55
08/08/2012,2000,33597000,16.6(-1.19 %),2000,33597000,0,0,27877182,27.56
09/08/2012,15000,252010000,16.8(1.20 %),20000,335010000,5000,83000000,27862182,27.57
10/08/2012,0,0,16.4(-2.38 %),0,0,0,0,27862182,27.57
13/08/2012,-2000,-32600000,16.3(-0.61 %),0,0,2000,32600000,27864182,27.57
14/08/2012,4770,78005000,16.4(0.61 %),10000,164000000,5230,85995000,27859412,27.57
15/08/2012,-1000,-16400000,16.4(0.00 %),1000,16400000,2000,32800000,27860412,27.57
16/08/2012,5830,95022000,16.3(-0.61 %),8000,130610000,2170,35588000,27854582,27.57
17/08/2012,-7310,-121049000,16.2(-0.61 %),18000,294746000,25310,415795000,27861892,27.57
20/08/2012,-20000,-329004000,16.4(1.23 %),0,0,20000,329004000,27881892,27.55
21/08/2012,48000,749910000,15.6(-4.88 %),52000,812510000,4000,62600000,27833892,27.59
22/08/2012,-115580,-1729929000,14.9(-4.49 %),3000,44700000,118580,1774629000,27949472,27.5
23/08/2012,-13470,-191274000,14.2(-4.70 %),3000,42600000,16470,233874000,27962942,27.49
24/08/2012,-52000,-718400000,14.1(-0.70 %),3000,40500000,55000,758900000,28014942,27.45
27/08/2012,-5630,-75442000,13.4(-4.96 %),0,0,5630,75442000,28020572,27.45
28/08/2012,-71940,-926828000,13.2(-1.49 %),1400,17960000,73340,944788000,28092512,27.39
29/08/2012,0,0,13.8(4.55 %),0,0,0,0,28092512,27.39
30/08/2012,12610,175092000,14(1.45 %),16000,222400000,3390,47308000,28079902,27.4
31/08/2012,0,0,14(0.00 %),0,0,0,0,28079902,27.4
04/09/2012,0,0,13.9(-0.71 %),0,0,0,0,28076546,27.4
05/09/2012,-9480,-127131000,13.4(-3.60 %),0,0,9480,127131000,28086026,27.4
06/09/2012,-50000,-652777000,13(-2.99 %),0,0,50000,652777000,28136026,27.36
07/09/2012,-20800,-273180000,13.3(2.31 %),0,0,20800,273180000,28156826,27.34
10/09/2012,-59150,-753541000,12.7(-4.51 %),1100,14000000,60250,767541000,28215976,27.3
11/09/2012,0,0,12.4(-2.36 %),0,0,0,0,28215976,27.3
12/09/2012,0,0,12.3(-0.81 %),0,0,0,0,28215976,27.3
13/09/2012,-700,-8610000,12.8(4.07 %),0,0,700,8610000,28216676,27.29
14/09/2012,0,0,13.4(4.69 %),0,0,0,0,28216676,27.29
17/09/2012,-11950,-155755000,13(-2.99 %),0,0,11950,155755000,28228626,27.29
18/09/2012,0,0,12.4(-4.62 %),0,0,0,0,28228626,27.29
19/09/2012,1000,11800000,12.4(0.00 %),1000,11800000,0,0,28227626,27.29
20/09/2012,0,0,11.9(-4.03 %),0,0,0,0,28227626,27.29
21/09/2012,40080,494292000,12.4(4.20 %),40080,494292000,0,0,28187546,27.32
24/09/2012,-6500,-77671000,12.2(-1.61 %),2010,24449000,8510,102120000,28194046,27.31
25/09/2012,-50000,-591131000,12.3(0.82 %),0,0,50000,591131000,28244046,27.27
26/09/2012,-38810,-470941000,12.1(-1.63 %),2000,24600000,40810,495541000,28282856,27.24
27/09/2012,-11000,-132000000,12(-0.83 %),0,0,11000,132000000,28293856,27.24
28/09/2012,15790,186322000,11.8(-1.67 %),25790,304322000,10000,118000000,28278066,27.25
01/10/2012,-1020,-11934000,11.5(-2.54 %),0,0,1020,11934000,28219616,27.29
02/10/2012,700,7910000,11(-4.35 %),700,7910000,0,0,28218916,27.29
03/10/2012,0,0,11(0.00 %),0,0,0,0,28218916,27.29
04/10/2012,-69000,-759000000,11(0.00 %),0,0,69000,759000000,28287916,27.24
05/10/2012,44260,504364000,11.5(4.55 %),44260,504364000,0,0,28243656,27.27
08/10/2012,-245990,-2950380000,12(4.35 %),85010,1017420000,331000,3967800000,28489646,27.08
09/10/2012,14000,176400000,12.6(5.00 %),34000,428400000,20000,252000000,28475646,27.1
10/10/2012,-20000,-262000000,13.2(4.76 %),0,0,20000,262000000,28495646,27.08
11/10/2012,0,0,12.8(-3.03 %),0,0,0,0,28495646,27.08
12/10/2012,-2080,-27456000,13(1.56 %),0,0,2080,27456000,28497726,27.08
15/10/2012,0,0,12.4(-4.62 %),0,0,0,0,28497726,27.08
16/10/2012,-2200,-28600000,13(4.84 %),0,0,2200,28600000,28499926,27.08
17/10/2012,100190,1352600000,13.6(4.62 %),100190,1352600000,0,0,28399736,27.15
18/10/2012,0,0,13.6(0.00 %),0,0,0,0,28399736,27.15
19/10/2012,150000,1950000000,13.2(-2.94 %),150000,1950000000,0,0,28249736,27.27
22/10/2012,0,0,12.7(-3.79 %),0,0,0,0,28249736,27.27
23/10/2012,0,0,12.8(0.79 %),0,0,0,0,28249736,27.27
24/10/2012,0,0,12.3(-3.91 %),0,0,0,0,28249736,27.27
25/10/2012,122910,1470629000,12(-2.44 %),122910,1470629000,0,0,28126826,27.36
26/10/2012,32740,410063000,12.6(5.00 %),32740,410063000,0,0,28094086,5.84
29/10/2012,0,0,12.3(-2.38 %),0,0,0,0,28094086,27.39
30/10/2012,50000,610000000,12.2(-0.81 %),50000,610000000,0,0,28044086,27.43
31/10/2012,3290,39809000,12.3(0.82 %),3290,39809000,0,0,28040796,27.43
01/11/2012,2290,28167000,12.3(0.00 %),2290,28167000,0,0,28105316,27.38
02/11/2012,262120,3091704000,11.7(-4.88 %),262120,3091704000,0,0,27843196,27.58
05/11/2012,22200,265680000,11.9(1.71 %),28200,337080000,6000,71400000,27820996,27.6
06/11/2012,33990,404994000,12(0.84 %),84000,1005000000,50010,600006000,27787006,27.63
07/11/2012,40600,498682000,12.6(5.00 %),140600,1743682000,100000,1245000000,27746406,27.66
08/11/2012,168240,2132832000,12.8(1.59 %),168240,2132832000,0,0,27578166,27.79
09/11/2012,95990,1237941000,13.1(2.34 %),147290,1903341000,51300,665400000,27482176,27.86
12/11/2012,89940,1197092000,13.7(4.58 %),89940,1197092000,0,0,27392236,27.93
13/11/2012,58680,790680000,13.5(-1.46 %),58680,790680000,0,0,27333556,27.97
14/11/2012,78400,1035900000,13.2(-2.22 %),78400,1035900000,0,0,27255156,28.03
15/11/2012,70000,896000000,12.7(-3.79 %),70000,896000000,0,0,27185156,28.09
16/11/2012,72770,913679000,12.6(-0.79 %),72770,913679000,0,0,27112386,28.14
19/11/2012,20000,251900000,12.6(0.00 %),20000,251900000,0,0,27092386,28.16
20/11/2012,0,0,12.8(1.59 %),0,0,0,0,27092386,28.16
21/11/2012,72120,907636000,12.5(-2.34 %),72120,907636000,0,0,27020266,28.21
22/11/2012,60000,739000000,12.6(0.80 %),189720,2343377000,129720,1604377000,26960266,28.26
23/11/2012,15700,197110000,12.3(-2.38 %),20000,250000000,4300,52890000,26944566,28.27
26/11/2012,125330,1519088000,12(-2.44 %),140000,1695128000,14670,176040000,26819236,28.37
27/11/2012,38290,462510000,12.2(1.67 %),43240,522900000,4950,60390000,26780946,28.4
28/11/2012,50000,620000000,12.3(0.82 %),50000,620000000,0,0,26730946,28.44
29/11/2012,101000,1254800000,12.4(0.81 %),101000,1254800000,0,0,26629946,28.52
30/11/2012,53060,655965000,12.3(-0.81 %),153060,1893365000,100000,1237400000,26576886,28.56
03/12/2012,41090,505407000,12.3(0.00 %),41090,505407000,0,0,26535796,28.59
04/12/2012,0,0,12.5(1.63 %),0,0,0,0,26535796,28.59
05/12/2012,0,0,12.8(2.40 %),0,0,0,0,26535796,28.59
06/12/2012,0,0,12.9(0.78 %),0,0,0,0,26535796,28.59
07/12/2012,10000,128000000,12.7(-1.55 %),10000,128000000,0,0,26525796,28.6
10/12/2012,6000,78000000,13(2.36 %),6000,78000000,0,0,26519796,28.6
11/12/2012,76550,1032770000,13.5(3.85 %),76550,1032770000,0,0,26443246,28.66
12/12/2012,4000,54000000,13.7(1.48 %),4000,54000000,0,0,26439246,28.66
13/12/2012,100,1370000,14.1(2.92 %),100,1370000,0,0,26439146,28.66
14/12/2012,-6000,-83935000,13.9(-1.42 %),0,0,6000,83935000,26445246,28.66
17/12/2012,-70100,-965370000,13.7(-1.44 %),0,0,70100,965370000,26515346,28.6
18/12/2012,-183000,-2459500000,13.5(-1.46 %),12000,162000000,195000,2621500000,26698346,28.46
19/12/2012,-91000,-1280100000,14.1(4.44 %),0,0,91000,1280100000,26789346,28.39
20/12/2012,20600,298700000,14.5(2.84 %),20600,298700000,0,0,26768746,28.41
21/12/2012,143600,2095840000,14.6(0.69 %),143600,2095840000,0,0,26625146,28.52
24/12/2012,59750,868700000,15(2.74 %),122370,1786952000,62620,918252000,26565396,28.56
25/12/2012,90000,1332000000,14.8(-1.33 %),90000,1332000000,0,0,26475396,28.63
26/12/2012,0,0,15(1.35 %),0,0,0,0,26475396,28.63
27/12/2012,0,0,14.9(-0.67 %),0,0,0,0,26475396,28.63
28/12/2012,0,0,12.8(1.59 %),0,0,0,0,26475396,28.63
02/01/2013,0,0,12.9(0.78 %),0,0,0,0,26475296,28.63
03/01/2013,69970,902613000,12.9(0.00 %),69970,902613000,0,0,26405326,28.69
04/01/2013,300790,3989151000,13.5(4.65 %),300790,3989151000,0,0,26104536,28.92
07/01/2013,397970,5422936000,13.8(2.22 %),397970,5422936000,0,0,25706566,29.23
08/01/2013,107230,1453328000,13.6(-1.45 %),107230,1453328000,0,0,25599336,29.31
09/01/2013,294300,4014145000,13.4(-1.47 %),294300,4014145000,0,0,25305036,29.53
10/01/2013,152940,2115592000,14(4.48 %),165490,2281592000,12550,166000000,25152096,29.65
11/01/2013,96320,1332924000,13.7(-2.14 %),126320,1752924000,30000,420000000,25055776,29.73
14/01/2013,123310,1662835000,13.5(-1.46 %),129310,1745035000,6000,82200000,24932466,29.82
15/01/2013,274680,3890326000,14.4(6.67 %),284680,4034326000,10000,144000000,24657786,30.03
16/01/2013,170000,2598270000,15.4(6.94 %),179000,2735970000,9000,137700000,24487786,30.16
17/01/2013,-4200,-64260000,14.7(-4.55 %),0,0,4200,64260000,24491986,30.16
18/01/2013,109460,1574494000,14.1(-4.08 %),109900,1580830000,440,6336000,24382526,30.24
21/01/2013,30000,423000000,14.3(1.42 %),35000,493500000,5000,70500000,24352526,30.27
22/01/2013,122400,1715000000,13.9(-2.80 %),122400,1715000000,0,0,24230126,30.36
23/01/2013,-5790,-79843000,14(0.72 %),14200,198060000,19990,277903000,24235916,30.36
24/01/2013,0,0,14.4(2.86 %),0,0,0,0,24235916,30.36
25/01/2013,77900,1153420000,14.8(2.78 %),77900,1153420000,0,0,24158016,30.42
28/01/2013,92530,1407915000,14.8(0.00 %),92530,1407915000,0,0,24065486,30.49
29/01/2013,130270,1953986000,15.1(2.03 %),176570,2650939000,46300,696953000,23935216,30.59
30/01/2013,109990,1665506000,15.2(0.66 %),154790,2345643000,44800,680137000,23825226,30.67
31/01/2013,-201660,-2966805000,14.8(-2.63 %),23520,347856000,225180,3314661000,24026886,30.52
01/02/2013,71460,1042913000,14.6(-1.35 %),72370,1056017000,910,13104000,23638236,30.82
04/02/2013,4000,58400000,14.6(0.00 %),4000,58400000,0,0,23634236,30.82
05/02/2013,0,-2814000,14.1(-3.42 %),50000,715000000,50000,717814000,23634236,30.82
06/02/2013,125280,1825813000,14.6(3.55 %),125280,1825813000,0,0,23508956,30.92
07/02/2013,230,3365000,14.7(0.68 %),230,3365000,0,0,23508726,35.82
08/02/2013,1040,14988000,15(2.04 %),2040,29988000,1000,15000000,23507686,32.56
18/02/2013,1870,28291000,14.8(-1.33 %),2060,31103000,190,2812000,23505816,32.56
19/02/2013,82950,1299054000,15.5(4.73 %),84000,1315350000,1050,16296000,23422866,32.62
20/02/2013,63650,989333000,15.6(0.65 %),63650,989333000,0,0,23359216,32.66
21/02/2013,-7000,-108500000,14.6(-6.41 %),0,0,7000,108500000,23366216,32.66
22/02/2013,-57000,-793800000,14(-4.11 %),0,0,57000,793800000,23423216,32.62
25/02/2013,-85150,-1197381000,14(0.00 %),8400,117680000,93550,1315061000,23508366,32.56
26/02/2013,-8160,-112128000,13.1(-6.43 %),4000,52400000,12160,164528000,23516526,32.55
27/02/2013,-3270,-42504000,13(-0.76 %),30,396000,3300,42900000,23519796,32.55
28/02/2013,20000,264000000,13.2(1.54 %),20000,264000000,0,0,23499796,32.57
01/03/2013,11000,146400000,13.2(0.00 %),11000,146400000,0,0,26437165,30.51
04/03/2013,21100,269920000,12.7(-3.79 %),30100,387820000,9000,117900000,26416065,30.53
05/03/2013,0,0,12.6(-0.79 %),0,0,0,0,26416065,30.53
06/03/2013,5000,62500000,12.7(0.79 %),5000,62500000,0,0,26411065,30.53
07/03/2013,34910,440207000,12.6(-0.79 %),112000,1411600000,77090,971393000,26376155,30.55
08/03/2013,2430,30475000,12.8(1.59 %),2430,30475000,0,0,26373725,30.56
11/03/2013,-20000,-262700000,13.3(3.91 %),0,0,20000,262700000,26393725,30.54
12/03/2013,0,0,13(-2.26 %),0,0,0,0,26393725,30.54
13/03/2013,1750,27975000,12.8(-1.54 %),26750,348475000,25000,320500000,26391975,30.54
14/03/2013,0,0,13.5(5.47 %),0,0,0,0,26391975,30.54
15/03/2013,279340,3905115000,14(3.70 %),280050,3914700000,710,9585000,26112635,30.74
18/03/2013,-21690,-295515000,13.5(-3.57 %),0,0,21690,295515000,26134325,30.72
19/03/2013,0,0,13.2(-2.22 %),0,0,0,0,26134325,30.72
20/03/2013,-2000,-27000000,13.5(2.27 %),0,0,2000,27000000,26136325,30.72
21/03/2013,0,0,13.4(-0.74 %),0,0,0,0,26136325,30.72
22/03/2013,8000,103800000,13.1(-2.24 %),8000,103800000,0,0,26128325,30.73
25/03/2013,26380,347502000,13.2(0.76 %),26380,347502000,0,0,26101945,30.75
26/03/2013,0,0,12.9(-2.27 %),0,0,0,0,26101945,30.75
27/03/2013,-13420,-170934000,12.7(-1.55 %),0,0,13420,170934000,26115365,30.74
28/03/2013,0,0,12.6(-0.79 %),0,0,0,0,26115365,30.74
29/03/2013,37210,464863000,12.6(0.00 %),37210,464863000,0,0,26078155,30.76
01/04/2013,0,0,12.8(1.59 %),0,0,0,0,26080196,30.76
02/04/2013,0,0,12.8(0.00 %),0,0,0,0,26080196,30.76
03/04/2013,-46360,-574824000,12.4(-3.12 %),100,1280000,46460,576104000,26126556,30.73
04/04/2013,100000,1235000000,12.3(-0.81 %),100000,1235000000,0,0,26026556,30.8
05/04/2013,-230010,-2785494000,12.2(-0.81 %),4000,48800000,234010,2834294000,26256566,30.64
08/04/2013,-60000,-721906000,11.9(-2.46 %),0,0,60000,721906000,26316566,30.6
09/04/2013,-65600,-805814000,12.4(4.20 %),0,0,65600,805814000,26382166,30.55
10/04/2013,-138480,-1696300000,12.1(-2.42 %),0,0,138480,1696300000,26520646,30.45
11/04/2013,30210,377625000,12.5(3.31 %),30210,377625000,0,0,26490436,30.47
12/04/2013,0,0,12.1(-3.20 %),0,0,0,0,26490436,30.47
15/04/2013,2000,23800000,11.6(-4.13 %),2000,23800000,0,0,26488436,30.48
16/04/2013,-56370,-640581000,11.4(-1.72 %),0,0,56370,640581000,26544806,30.44
17/04/2013,0,0,11.5(0.88 %),0,0,0,0,26544806,30.44
18/04/2013,-143440,-1606061000,11.2(-2.61 %),0,0,143440,1606061000,26688246,30.34
22/04/2013,8000,90400000,11.2(0.00 %),8000,90400000,0,0,26680246,30.34
23/04/2013,-53440,-589900000,11(-1.79 %),0,0,53440,589900000,26733686,30.3
24/04/2013,-36100,-389880000,10.8(-1.82 %),0,0,36100,389880000,26769786,30.28
25/04/2013,0,0,11.2(3.70 %),0,0,0,0,26769786,30.28
26/04/2013,-5300,-58830000,11.3(0.89 %),0,0,5300,58830000,26775086,30.28
02/05/2013,-5140,-56266000,11(-2.65 %),0,0,5140,56266000,26747106,30.3
03/05/2013,-4080,-44880000,11.2(1.82 %),0,0,4080,44880000,26751186,30.29
06/05/2013,0,0,11.9(6.25 %),0,0,0,0,26751186,30.29
07/05/2013,17730,210728000,11.9(0.00 %),32000,381968000,14270,171240000,26733456,30.3
08/05/2013,34520,417088000,11.9(0.00 %),34520,417088000,0,0,26698936,30.33
09/05/2013,-19800,-239800000,12.5(5.04 %),0,0,19800,239800000,26718736,30.31
10/05/2013,25000,311500000,12.3(-1.60 %),25000,311500000,0,0,26693736,30.33
13/05/2013,-51010,-638646000,12.6(2.44 %),3570,43911000,54580,682557000,26744746,30.3
14/05/2013,-970,-12125000,12.3(-2.38 %),0,0,970,12125000,26745716,30.3
15/05/2013,6930,84546000,12.4(0.81 %),6930,84546000,0,0,26738786,30.3
16/05/2013,176000,2229600000,12.7(2.42 %),180000,2280000000,4000,50400000,26562786,30.42
17/05/2013,76440,970085000,12.7(0.00 %),109000,1375885000,32560,405800000,26486346,30.48
20/05/2013,0,0,12.7(0.00 %),0,0,0,0,26486346,30.48
21/05/2013,0,0,12.7(0.00 %),0,0,0,0,26486346,30.48
22/05/2013,0,0,12.5(-1.57 %),0,0,0,0,26486346,30.48
23/05/2013,-4500,-57050000,12.5(0.00 %),0,0,4500,57050000,26490846,30.47
24/05/2013,-25740,-321750000,12.5(0.00 %),0,0,25740,321750000,26516586,30.46
27/05/2013,6000,77100000,12.8(2.40 %),6000,77100000,0,0,26510586,30.46
28/05/2013,0,0,13(1.56 %),0,0,0,0,26510586,30.46
29/05/2013,52450,699340000,13.1(0.77 %),52450,699340000,0,0,26458136,30.5
30/05/2013,100,1300000,13.4(2.29 %),100,1300000,0,0,26458036,30.5
31/05/2013,-16710,-219998000,13.4(0.00 %),25310,343146000,42020,563144000,26474746,30.49
03/06/2013,150000,2026000000,13.3(-0.75 %),150000,2026000000,0,0,26329268,30.59
04/06/2013,-76030,-965741000,12.6(-5.26 %),0,0,76030,965741000,26405298,30.53
05/06/2013,-5000,-58000000,12.8(1.59 %),85000,1092000000,90000,1150000000,26410298,30.53
06/06/2013,-11000,-140800000,12.8(0.00 %),0,0,11000,140800000,26421298,30.52
07/06/2013,16700,217100000,12.8(0.00 %),16700,217100000,0,0,26404598,30.53
10/06/2013,-286160,-3633275000,12.6(-1.56 %),2600,34060000,288760,3667335000,26690758,30.33
11/06/2013,-168350,-2125668000,12.5(-0.79 %),39230,494220000,207580,2619888000,26859108,30.22
12/06/2013,-310990,-3852560000,12.3(-1.60 %),0,0,310990,3852560000,27170098,30.0
13/06/2013,-317770,-3848924000,12.2(-0.81 %),0,0,317770,3848924000,27487868,29.78
14/06/2013,-518480,-6388583000,12.4(1.64 %),50000,615750000,568480,7004333000,28006348,29.41
17/06/2013,-175440,-2136238000,12(-1.64 %),140000,1700780000,315440,3837018000,28181788,29.29
18/06/2013,-231430,-2771250000,11.9(-0.83 %),100000,1198900000,331430,3970150000,28413218,29.13
19/06/2013,0,0,12(0.84 %),0,0,0,0,28413218,29.13
20/06/2013,-1430,-16660000,11.9(-0.83 %),5000,60000000,6430,76660000,28414648,29.13
21/06/2013,-90550,-1068847000,11.8(-0.84 %),0,0,90550,1068847000,28505198,29.07
24/06/2013,43260,507214000,11.2(-5.08 %),130000,1521500000,86740,1014286000,28461938,29.1
25/06/2013,-51180,-548110000,10.5(-6.25 %),1239447,13014194000,1290627,13562304000,28513118,29.06
26/06/2013,-133620,-1344978000,10.2(-2.86 %),130500,1314250000,264120,2659228000,28646738,28.97
27/06/2013,16410,164100000,10.4(1.96 %),16410,164100000,0,0,28630328,28.98
28/06/2013,0,0,10.4(0.00 %),0,0,0,0,28630328,28.98
01/07/2013,-100,-1030000,10.3(-0.96 %),0,0,100,1030000,28408230,29.13
02/07/2013,-38000,-395400000,10.4(0.97 %),0,0,38000,395400000,28446230,29.11
03/07/2013,-49540,-505308000,10.2(-1.92 %),0,0,49540,505308000,28495770,29.07
04/07/2013,-227540,-2303148000,10.1(-0.98 %),0,0,227540,2303148000,28723310,28.91
05/07/2013,-55000,-554340000,10.1(0.00 %),0,0,55000,554340000,28778310,28.87
08/07/2013,0,0,9.8(-2.97 %),0,0,0,0,28778310,28.87
09/07/2013,-2000,-17680000,9.7(-1.02 %),6000,59920000,8000,77600000,28780310,28.87
10/07/2013,5950,58310000,9.7(0.00 %),5950,58310000,0,0,28774360,28.88
11/07/2013,-3470,-33616000,9.9(2.06 %),0,0,3470,33616000,28777830,28.88
12/07/2013,0,0,10.3(4.04 %),0,0,0,0,28777830,28.88
15/07/2013,0,0,10.1(-1.94 %),0,0,0,0,28777830,28.88
16/07/2013,0,0,9.9(-1.98 %),0,0,0,0,28777830,28.88
17/07/2013,1200,12240000,10.1(2.02 %),1200,12240000,0,0,28776630,28.88
18/07/2013,0,0,10(-0.99 %),0,0,0,0,28776630,28.88
19/07/2013,0,0,9.9(-1.00 %),0,0,0,0,28776630,28.88
22/07/2013,0,0,9.7(-2.02 %),0,0,0,0,28776630,28.88
23/07/2013,92770,899869000,9.7(0.00 %),92770,899869000,0,0,28683860,28.94
24/07/2013,77430,743035000,9.5(-2.06 %),100000,958310000,22570,215275000,28606430,28.99
25/07/2013,2000,19000000,9.3(-2.11 %),2000,19000000,0,0,28604430,29.0
26/07/2013,-26610,-248317000,9.1(-2.15 %),74500,670000000,101110,918317000,28631040,28.98
29/07/2013,60470,535889000,8.7(-4.40 %),60470,535889000,0,0,28570570,29.02
30/07/2013,0,0,8.6(-1.15 %),0,0,0,0,28570570,29.02
31/07/2013,8000,70700000,9.1(5.81 %),8000,70700000,0,0,28562570,29.03
01/08/2013,-1480,-13228000,9(-1.10 %),0,0,1480,13228000,28826801,28.84
02/08/2013,0,0,9.1(1.11 %),0,0,0,0,28826801,28.84
05/08/2013,11970,106533000,8.9(-2.20 %),12000,106800000,30,267000,28814831,28.85
06/08/2013,-180,-3866000,8.7(-2.25 %),105690,919503000,105870,923369000,28815011,28.85
07/08/2013,-32000,-281200000,8.8(1.15 %),0,0,32000,281200000,28847011,28.83
08/08/2013,12000,104400000,8.6(-2.27 %),12000,104400000,0,0,28835011,28.84
09/08/2013,-12940,-107692000,8.4(-2.33 %),15000,126500000,27940,234192000,28847951,28.83
12/08/2013,-8900,-74300000,8.2(-2.38 %),100,850000,9000,75150000,28856851,28.82
13/08/2013,18730,147583000,8(-2.44 %),20010,158079000,1280,10496000,28838121,28.83
14/08/2013,-100000,-794000000,8(0.00 %),0,0,100000,794000000,28938121,28.76
15/08/2013,-117900,-989570000,8.5(6.25 %),0,0,117900,989570000,29056021,28.68
16/08/2013,-35000,-317268000,9(5.88 %),15000,132732000,50000,450000000,29091021,28.66
19/08/2013,-120260,-1086566000,9(0.00 %),4000,36200000,124260,1122766000,29211281,28.57
20/08/2013,-88530,-787916000,8.9(-1.11 %),6010,53490000,94540,841406000,29299811,28.51
21/08/2013,-36710,-320798000,8.8(-1.12 %),3300,29370000,40010,350168000,29336521,28.48
22/08/2013,55000,469000000,8.5(-3.41 %),55000,469000000,0,0,29281521,28.52
23/08/2013,70000,584000000,8.3(-2.35 %),70000,584000000,0,0,29211521,28.57
26/08/2013,0,0,8.4(1.20 %),0,0,0,0,29211521,28.57
27/08/2013,-219500,-1786190000,8.1(-3.57 %),0,0,219500,1786190000,29431021,28.42
28/08/2013,37080,295640000,8(-1.23 %),60000,479000000,22920,183360000,29393941,28.44
29/08/2013,-407680,-3252100000,7.8(-2.50 %),18940,147732000,426620,3399832000,29801621,28.16
30/08/2013,37000,292000000,8(2.56 %),37000,292000000,0,0,29764621,28.18
03/09/2013,0,0,7.9(-1.25 %),0,0,0,0,29316561,28.5
04/09/2013,172000,1335900000,7.7(-2.53 %),172000,1335900000,0,0,29144561,28.62
05/09/2013,30000,236610000,7.9(2.60 %),30000,236610000,0,0,29114561,28.64
06/09/2013,127910,1014489000,8(1.27 %),127910,1014489000,0,0,28986651,28.73
09/09/2013,-500,-3450000,8.2(2.50 %),2500,20250000,3000,23700000,28987151,28.73
10/09/2013,-4000,-32800000,8.2(0.00 %),0,0,4000,32800000,28991151,28.73
11/09/2013,44540,369682000,8.3(1.22 %),49540,411182000,5000,41500000,28946611,28.76
12/09/2013,-15000,-123000000,8.3(0.00 %),0,0,15000,123000000,28961611,28.75
13/09/2013,9800,80340000,8.3(0.00 %),19800,164340000,10000,84000000,28951811,28.75
16/09/2013,1050,8515000,8(-3.61 %),1050,8515000,0,0,28950761,28.75
17/09/2013,-74800,-593220000,8(0.00 %),200,1580000,75000,594800000,29025561,28.7
18/09/2013,-96210,-752920000,7.7(-3.75 %),19990,159920000,116200,912840000,29121771,28.63
19/09/2013,-32300,-250854000,7.7(0.00 %),4000,31200000,36300,282054000,29154071,28.61
20/09/2013,-548360,-4187878000,7.6(-1.30 %),129990,998922000,678350,5186800000,29702431,28.23
23/09/2013,1820,14032000,7.9(3.95 %),2000,15400000,180,1368000,29700611,28.23
24/09/2013,17000,142800000,8.4(6.33 %),17000,142800000,0,0,29683611,28.24
25/09/2013,140100,1218772000,8.7(3.57 %),150100,1307772000,10000,89000000,29543511,28.34
26/09/2013,120990,1060962000,8.8(1.15 %),121000,1061050000,10,88000,29422521,28.42
27/09/2013,145990,1275412000,8.7(-1.14 %),145990,1275412000,0,0,29276531,28.53
30/09/2013,32080,287709000,9.3(6.90 %),32080,287709000,0,0,29244451,28.55
01/10/2013,163000,1517400000,9.1(-2.15 %),163000,1517400000,0,0,29530990,28.35
02/10/2013,88760,837944000,9.4(3.30 %),92760,875944000,4000,38000000,29442230,28.41
03/10/2013,68730,642249000,9.4(0.00 %),85330,798069000,16600,155820000,29373500,28.46
04/10/2013,74800,734120000,9.9(5.32 %),74800,734120000,0,0,29298700,28.51
07/10/2013,159940,1600366000,9.9(0.00 %),179940,1798366000,20000,198000000,29138760,28.62
08/10/2013,205100,2066335000,10.5(6.06 %),255100,2565835000,50000,499500000,28933660,28.77
09/10/2013,7900,80390000,10.4(-0.95 %),11900,123190000,4000,42800000,28925760,28.77
10/10/2013,333010,3347499000,9.9(-4.81 %),346500,3481850000,13490,134351000,28592750,29.0
11/10/2013,150770,1506923000,9.9(0.00 %),169770,1698423000,19000,191500000,28441980,29.11
14/10/2013,94400,924060000,9.7(-2.02 %),97400,953760000,3000,29700000,28347580,29.18
15/10/2013,183000,1834784000,10.3(6.19 %),194000,1945984000,11000,111200000,28164580,29.3
16/10/2013,12350,126405000,10.3(0.00 %),16350,168405000,4000,42000000,28152230,29.31
17/10/2013,-2000,-21500000,10.4(0.97 %),2000,20900000,4000,42400000,28154230,29.31
18/10/2013,20000,216100000,11.1(6.73 %),20000,216100000,0,0,28134230,29.33
21/10/2013,93200,1079210000,11.3(1.80 %),93200,1079210000,0,0,28041030,29.39
22/10/2013,26700,301710000,11.4(0.88 %),30000,339000000,3300,37290000,28014330,29.41
23/10/2013,58430,684365000,11.8(3.51 %),59430,696265000,1000,11900000,27955900,29.45
24/10/2013,88500,1003290000,11.4(-3.39 %),88500,1003290000,0,0,27867400,29.51
25/10/2013,-19500,-223400000,11.4(0.00 %),1500,17100000,21000,240500000,27886900,29.5
28/10/2013,2820,28588000,10.9(-4.39 %),7200,78520000,4380,49932000,27884080,29.5
29/10/2013,105000,1159148000,11.3(3.67 %),110000,1214148000,5000,55000000,27779080,29.57
30/10/2013,-3500,-39450000,11.3(0.00 %),0,0,3500,39450000,27782580,29.57
31/10/2013,-121300,-1417590000,11.9(5.31 %),130000,1478000000,251300,2895590000,27903880,29.49
01/11/2013,0,0,11.8(-0.84 %),89800,1062334000,89800,1062334000,27644090,29.67
04/11/2013,-300000,-3680000000,12.4(5.08 %),0,0,300000,3680000000,27944090,29.46
05/11/2013,-11400,-138720000,12.5(0.81 %),3600,44280000,15000,183000000,27955490,29.45
06/11/2013,-5990,-72876000,12.3(-1.60 %),4010,50124000,10000,123000000,27961480,29.45
07/11/2013,-25000,-320000000,12.2(-0.81 %),20000,248000000,45000,568000000,27986480,29.43
08/11/2013,-35000,-436000000,12.4(1.64 %),0,0,35000,436000000,28021480,29.4
11/11/2013,-47000,-598900000,12.8(3.23 %),3000,38100000,50000,637000000,28068480,29.37
12/11/2013,-59560,-738842000,12(-6.25 %),2000,24800000,61560,763642000,28128040,29.33
13/11/2013,-1200,-14720000,11.9(-0.83 %),0,0,1200,14720000,28129240,29.33
14/11/2013,0,0,12(0.84 %),0,0,0,0,28129240,29.33
15/11/2013,0,0,12.2(1.67 %),0,0,0,0,28129240,29.33
18/11/2013,-30000,-367000000,12.1(-0.82 %),0,0,30000,367000000,28159240,29.31
19/11/2013,15010,181622000,12.1(0.00 %),15010,181622000,0,0,28144230,29.32
20/11/2013,7900,98694000,12.1(0.00 %),57900,700694000,50000,602000000,28136330,29.32
21/11/2013,-193000,-2364600000,11.7(-3.31 %),7000,84400000,200000,2449000000,28329330,29.19
22/11/2013,-292390,-3421082000,11.6(-0.85 %),20000,232000000,312390,3653082000,28621720,28.98
25/11/2013,45000,514500000,11.4(-1.72 %),45000,514500000,0,0,28576720,29.02
26/11/2013,-3000,-34800000,11.6(1.75 %),0,0,3000,34800000,28579720,29.01
27/11/2013,-66220,-794878000,12(3.45 %),37800,459760000,104020,1254638000,28645940,28.97
28/11/2013,20000,240000000,12.2(1.67 %),20000,240000000,0,0,28625940,28.98
29/11/2013,95290,1138982000,12.2(0.00 %),145290,1743482000,50000,604500000,28530650,29.05
02/12/2013,117170,1406440000,12.2(0.00 %),117170,1406440000,0,0,28519260,29.06
03/12/2013,-62250,-772134000,12.4(1.64 %),43470,537794000,105720,1309928000,28581510,29.01
04/12/2013,-166840,-2114516000,12.5(0.81 %),3160,39484000,170000,2154000000,28748350,28.9
05/12/2013,94290,1177625000,12.5(0.00 %),94290,1177625000,0,0,28654060,28.96
06/12/2013,81000,1012500000,12.8(2.40 %),81000,1012500000,0,0,28573060,29.02
09/12/2013,145040,1827504000,12.6(-1.56 %),145040,1827504000,0,0,28428020,29.12
10/12/2013,110900,1394567000,12.7(0.79 %),170570,2148982000,59670,754415000,28317120,29.2
11/12/2013,197000,2471300000,12.4(-2.36 %),200000,2508500000,3000,37200000,28120120,29.33
12/12/2013,200000,2453158000,12.2(-1.61 %),200000,2453158000,0,0,27920120,29.47
13/12/2013,161000,2012884000,12.6(3.28 %),200000,2511084000,39000,498200000,27759120,29.59
16/12/2013,12520,155752000,12.6(0.00 %),326980,4138685000,314460,3982933000,27746600,29.6
17/12/2013,36750,461550000,12.8(1.59 %),126750,1607550000,90000,1146000000,27709850,29.62
18/12/2013,-1000,-12700000,12.6(-1.56 %),0,0,1000,12700000,27710850,29.62
19/12/2013,-70140,-895538000,12.8(1.59 %),0,0,70140,895538000,27780990,29.57
20/12/2013,-290620,-3951932000,13.5(5.47 %),0,0,290620,3951932000,28071610,29.37
23/12/2013,-113380,-1521688000,13.3(-1.48 %),20000,268000000,133380,1789688000,28184990,29.29
24/12/2013,-1430,-19162000,13.2(-0.75 %),0,0,1430,19162000,28186420,29.29
25/12/2013,-100,-1350000,13.2(0.00 %),0,0,100,1350000,28186520,29.29
26/12/2013,-1100,-14740000,13.1(-0.76 %),0,0,1100,14740000,28187620,29.29
27/12/2013,-28290,-371199000,12.5(-4.58 %),1000,12500000,29290,383699000,28215910,29.27
30/12/2013,29000,344400000,12(-4.00 %),30000,357000000,1000,12600000,28186910,29.29
31/12/2013,-1000,-12400000,12.4(3.33 %),0,0,1000,12400000,28187910,29.29
02/01/2014,-50000,-614031000,12.2(-1.61 %),0,0,50000,614031000,28310640,29.2
03/01/2014,-23800,-295960000,12.3(0.82 %),26200,321040000,50000,617000000,28334440,29.19
06/01/2014,-1000,-12500000,12.6(2.44 %),0,0,1000,12500000,28335440,29.18
07/01/2014,-96480,-1229848000,12.6(0.00 %),381900,4829940000,478380,6059788000,28431920,29.12
08/01/2014,128310,1622316000,12.7(0.79 %),170000,2151000000,41690,528684000,28303610,29.21
09/01/2014,55510,704967000,12.7(0.00 %),55510,704967000,0,0,28248100,29.25
10/01/2014,70100,880250000,12.5(-1.57 %),100100,1257250000,30000,377000000,28178000,29.29
13/01/2014,68750,861225000,12.3(-1.60 %),95100,1190250000,26350,329025000,28109250,29.34
14/01/2014,61930,771932000,12.4(0.81 %),95730,1191052000,33800,419120000,28047320,29.39
15/01/2014,87940,1091311000,12.4(0.00 %),87940,1091311000,0,0,27959380,29.45
16/01/2014,203000,2532350000,12.9(4.03 %),203000,2532350000,0,0,27756380,29.59
17/01/2014,225700,2913825000,12.5(-3.10 %),227200,2933175000,1500,19350000,27530680,29.75
20/01/2014,232170,2916285000,12.4(-0.80 %),249120,3127755000,16950,211470000,27298510,29.91
21/01/2014,129720,1649602000,12.8(3.23 %),132720,1686802000,3000,37200000,27168790,30.0
22/01/2014,2750,36375000,12.9(0.78 %),3000,39600000,250,3225000,27166040,30.0
23/01/2014,9130,119208000,13.1(1.55 %),9130,119208000,0,0,27156910,30.01
24/01/2014,23000,298760000,12.9(-1.53 %),23000,298760000,0,0,27133910,30.02
27/01/2014,83280,1082980000,13(0.78 %),83280,1082980000,0,0,27050630,30.08
06/02/2014,609410,8415078000,13.9(6.92 %),725610,10008002000,116200,1592924000,26406310,30.53
07/02/2014,14010,209405000,14.5(4.32 %),42200,613860000,28190,404455000,26392300,30.54
10/02/2014,11660,172070000,15.1(4.14 %),11660,172070000,0,0,26380640,30.55
11/02/2014,10270,152090000,14.3(-5.30 %),10270,152090000,0,0,26370370,30.56
12/02/2014,2000,28800000,14.4(0.70 %),2000,28800000,0,0,26368370,30.56
13/02/2014,31250,450308000,15.1(4.86 %),92430,1376050000,61180,925742000,26337120,30.58
14/02/2014,-242780,-3660694000,15.1(0.00 %),4120,62730000,246900,3723424000,26579900,30.41
17/02/2014,18200,272160000,15.5(2.65 %),21000,315000000,2800,42840000,26561700,30.42
18/02/2014,-19660,-380214000,16.5(6.45 %),280340,4474377000,300000,4854591000,26581360,30.41
19/02/2014,391570,6727906000,17.4(5.45 %),692570,11966506000,301000,5238600000,26189790,30.68
20/02/2014,1415870,24366970000,17.3(-0.57 %),1863860,32156986000,447990,7790016000,24773920,31.68
21/02/2014,191170,3352497000,17.6(1.73 %),233240,4083832000,42070,731335000,24582750,31.81
24/02/2014,-91270,-1654477000,18.1(2.84 %),11400,205340000,102670,1859817000,24674020,31.74
25/02/2014,-41880,-760398000,18.2(0.55 %),27000,494100000,68880,1254498000,24715900,31.72
26/02/2014,-33680,-602136000,17.9(-1.65 %),3000,52700000,36680,654836000,24749580,31.69
27/02/2014,-87820,-1574873000,16.7(-6.70 %),11040,185500000,98860,1760373000,24837400,31.63
28/02/2014,-314360,-5213662000,16.8(0.60 %),59200,981380000,373560,6195042000,25151760,31.41
03/03/2014,-135730,-2229524000,15.8(-5.95 %),0,0,135730,2229524000,24763860,31.68
04/03/2014,-327930,-5178688000,16.3(3.16 %),52480,833130000,380410,6011818000,25091790,31.45
05/03/2014,163110,2711088000,16.9(3.68 %),277320,4626537000,114210,1915449000,24928680,31.57
06/03/2014,211470,3584413000,17(0.59 %),275120,4666998000,63650,1082585000,24717210,31.71
07/03/2014,323460,5681144000,17.5(2.94 %),428460,7527444000,105000,1846300000,24393750,31.94
10/03/2014,-19000,-328900000,17.1(-2.29 %),1000,17100000,20000,346000000,24412750,31.93
11/03/2014,-8000,-146000000,16.9(-1.17 %),52000,886000000,60000,1032000000,24420750,31.92
12/03/2014,-188910,-3178888000,16.8(-0.59 %),4000,67100000,192910,3245988000,24609660,31.79
13/03/2014,-29200,-488960000,16.9(0.60 %),2000,33200000,31200,522160000,24638860,31.77
14/03/2014,-172710,-2967383000,17.2(1.78 %),10000,171000000,182710,3138383000,24811570,31.65
17/03/2014,-122870,-2136185000,17.3(0.58 %),0,0,122870,2136185000,24934440,31.56
18/03/2014,-127000,-2235300000,17.6(1.73 %),10000,176000000,137000,2411300000,25061440,31.47
19/03/2014,-92500,-1646809000,17.9(1.70 %),500,8900000,93000,1655709000,25153940,31.41
20/03/2014,-185950,-3287240000,17.5(-2.23 %),0,0,185950,3287240000,25339890,31.28
21/03/2014,-658990,-11904086000,18.2(4.00 %),2410,43621000,661400,11947707000,25998880,30.82
24/03/2014,-461160,-8689444000,19.4(6.59 %),5000,93000000,466160,8782444000,26460040,30.5
25/03/2014,124250,2390320000,19(-2.06 %),349000,6731900000,224750,4341580000,26335790,30.58
26/03/2014,-235040,-4435799000,18.5(-2.63 %),19830,368736000,254870,4804535000,26570830,30.42
27/03/2014,30000,540000000,18.7(1.08 %),30000,540000000,0,0,26540830,30.44
28/03/2014,0,0,19(1.60 %),0,0,0,0,26540830,30.44
31/03/2014,-34770,-650452000,18.1(-4.74 %),0,0,34770,650452000,26575600,30.42
01/04/2014,-45010,-803178000,16.9(-6.63 %),0,0,45010,803178000,27185660,29.99
02/04/2014,-44020,-711550000,16.4(-2.96 %),29600,499200000,73620,1210750000,27229680,29.96
03/04/2014,-49730,-867824000,17.5(6.71 %),100270,1748176000,150000,2616000000,27279410,29.92
04/04/2014,242980,4323846000,17.9(2.29 %),292980,5216846000,50000,893000000,27036430,30.09
07/04/2014,273210,4887739000,18.2(1.68 %),414180,7413555000,140970,2525816000,26763220,30.28
08/04/2014,234970,4299453000,18.3(0.55 %),294970,5397453000,60000,1098000000,26528250,30.45
10/04/2014,362220,6700764000,18.5(1.09 %),362220,6700764000,0,0,26166030,30.7
11/04/2014,299010,5468390000,18.5(0.00 %),340520,6230334000,41510,761944000,25867020,30.91
14/04/2014,765720,14118642000,18.2(-1.62 %),850300,15676922000,84580,1558280000,25101300,31.45
15/04/2014,489950,8774310000,17.6(-3.30 %),489950,8774310000,0,0,24611350,31.79
16/04/2014,181990,3155570000,17.5(-0.57 %),181990,3155570000,0,0,24429360,31.92
17/04/2014,77650,1368590000,17.6(0.57 %),77650,1368590000,0,0,24351710,31.97
18/04/2014,5700,96900000,16.5(-6.25 %),5700,96900000,0,0,24346010,31.97
21/04/2014,291030,4794088000,16.5(0.00 %),296030,4876588000,5000,82500000,24054980,32.18
22/04/2014,0,0,17.2(4.24 %),0,0,0,0,24054980,32.18
23/04/2014,0,0,16.9(-1.74 %),0,0,0,0,24054980,32.18
24/04/2014,0,0,16.9(0.00 %),0,0,0,0,24054980,32.18
25/04/2014,8140,140210000,17(0.59 %),38000,632900000,29860,492690000,24046840,32.18
28/04/2014,0,0,16.4(-3.53 %),0,0,0,0,24046840,32.18
29/04/2014,62990,1027737000,16.7(1.83 %),62990,1027737000,0,0,23983850,32.23
05/05/2014,13520,218927000,15.9(-4.79 %),15010,243363000,1490,24436000,24018760,32.2
06/05/2014,58530,885274000,15.9(0.00 %),64170,968746000,5640,83472000,23960230,32.24
07/05/2014,82040,1263267000,15.4(-3.14 %),130550,2005470000,48510,742203000,23878190,32.3
08/05/2014,432600,6229440000,14.4(-6.49 %),432600,6229440000,0,0,23445590,32.6
09/05/2014,57470,774108000,14(-2.78 %),87140,1189288000,29670,415180000,23388120,32.64
12/05/2014,748730,9809653000,13.1(-6.43 %),846770,11095187000,98040,1285534000,22639390,33.17
13/05/2014,324320,4007436000,12.4(-5.34 %),324320,4007436000,0,0,22315070,33.39
14/05/2014,149140,1914519000,13.2(6.45 %),153140,1964419000,4000,49900000,22165930,33.5
15/05/2014,380460,5126564000,13.5(2.27 %),383460,5167964000,3000,41400000,21785470,33.76
16/05/2014,100180,1400927000,14.3(5.93 %),111500,1554047000,11320,153120000,21685290,33.83
19/05/2014,87620,1256826000,14.7(2.80 %),95620,1373126000,8000,116300000,21597670,33.9
20/05/2014,0,0,14.6(-0.68 %),0,0,0,0,21597670,33.9
21/05/2014,1000,14800000,15(2.74 %),1000,14800000,0,0,21596670,33.9
22/05/2014,61710,865040000,14.5(-3.33 %),63710,894440000,2000,29400000,21534960,33.94
23/05/2014,-95000,-1335128000,14.3(-1.38 %),5000,70500000,100000,1405628000,21629960,33.87
26/05/2014,-10000,-143000000,14.5(1.40 %),0,0,10000,143000000,21639960,33.87
27/05/2014,161770,2197111000,15.1(4.14 %),166000,2257600000,4230,60489000,21478190,33.98
28/05/2014,41430,629821000,15.3(1.32 %),42430,645221000,1000,15400000,21436760,34.01
29/05/2014,0,0,14.8(-3.27 %),0,0,0,0,21436760,34.01
30/05/2014,65050,958167000,14.5(-2.03 %),65050,958167000,0,0,21371710,34.05
02/06/2014,21010,303242000,14.2(-2.07 %),21010,303242000,0,0,21381050,34.05
03/06/2014,38940,557748000,14.4(1.41 %),38940,557748000,0,0,21342110,34.07
04/06/2014,51100,745437000,14.5(0.69 %),51100,745437000,0,0,21291010,34.11
05/06/2014,43020,625691000,14.5(0.00 %),43020,625691000,0,0,21247990,34.14
06/06/2014,150220,2290996000,15.5(6.90 %),150220,2290996000,0,0,21097770,34.25
09/06/2014,357290,5791108000,16.4(5.81 %),429250,6976048000,71960,1184940000,20740480,34.5
10/06/2014,402700,6664718000,16.5(0.61 %),506700,8384718000,104000,1720000000,20337780,34.78
11/06/2014,156220,2595599000,16.8(1.82 %),267720,4460495000,111500,1864896000,20181560,34.89
12/06/2014,79110,1332644000,16.9(0.60 %),104720,1762926000,25610,430282000,20102450,34.94
13/06/2014,65610,1105753000,16.9(0.00 %),120610,2038253000,55000,932500000,20036840,34.99
16/06/2014,4070,67405000,16.5(-2.37 %),4070,67405000,0,0,20032770,34.99
17/06/2014,0,0,16.5(0.00 %),0,0,0,0,20032770,34.99
18/06/2014,-18000,-301203000,16.5(0.00 %),1010,16665000,19010,317868000,20050770,34.98
19/06/2014,0,0,15.8(-4.24 %),0,0,0,0,20050770,34.98
20/06/2014,-238860,-3593608000,14.8(-6.33 %),5000,79000000,243860,3672608000,20289630,34.81
23/06/2014,-51730,-782121000,15.3(3.38 %),15000,229500000,66730,1011621000,20341360,34.77
24/06/2014,-3000,-46064000,15.6(1.96 %),14000,216586000,17000,262650000,20344360,34.77
25/06/2014,-119390,-1896140000,15.9(1.92 %),81000,1287400000,200390,3183540000,20463750,34.69
26/06/2014,65270,1043620000,16(0.63 %),85270,1364620000,20000,321000000,20398480,34.73
27/06/2014,74100,1184009000,15.9(-0.62 %),105000,1678589000,30900,494580000,20324380,34.79
30/06/2014,-2120,-33920000,15.8(-0.63 %),0,0,2120,33920000,20326500,34.79
01/07/2014,0,0,15.8(0.00 %),0,0,0,0,20274482,34.82
02/07/2014,-12520,-200320000,16(1.27 %),0,0,12520,200320000,20287002,34.81
03/07/2014,-346930,-5669731000,16.9(5.62 %),17000,282600000,363930,5952331000,20633932,34.57
04/07/2014,-1890,-31941000,16.8(-0.59 %),0,0,1890,31941000,20635822,34.57
07/07/2014,-10450,-176105000,16.9(0.60 %),0,0,10450,176105000,20646272,34.56
08/07/2014,-43420,-714518000,16.5(-2.37 %),0,0,43420,714518000,20689692,34.53
09/07/2014,-27000,-445500000,16.5(0.00 %),0,0,27000,445500000,20716692,34.51
10/07/2014,-59980,-971639000,16.1(-2.42 %),20,332000,60000,971971000,20688842,34.53
11/07/2014,-67180,-1076603000,16.1(0.00 %),0,0,67180,1076603000,20699272,0.0
14/07/2014,0,0,16.3(1.24 %),0,0,0,0,20699272,34.52
15/07/2014,-43810,-714484000,16.4(0.61 %),0,0,43810,714484000,20743082,34.49
16/07/2014,-4000,-66000000,16.3(-0.61 %),0,0,4000,66000000,20829692,0.0
17/07/2014,-20000,-326000000,16.3(0.00 %),0,0,20000,326000000,20849692,34.42
18/07/2014,-271210,-4462387000,16.6(1.84 %),0,0,271210,4462387000,20896872,34.39
21/07/2014,-22990,-379422000,16.3(-1.81 %),300,4950000,23290,384372000,20940682,34.36
22/07/2014,0,0,16.4(0.61 %),0,0,0,0,20944382,0.0
23/07/2014,-10,-164000,16(-2.44 %),0,0,10,164000,20964382,34.34
24/07/2014,-10,-159000,15.9(-0.62 %),0,0,10,159000,21235592,0.0
25/07/2014,0,0,15.6(-1.89 %),0,0,0,0,21258882,0.0
28/07/2014,-500,-7800000,15(-3.85 %),0,0,500,7800000,21258882,0.0
29/07/2014,1000,14800000,14.8(-1.33 %),1000,14800000,0,0,21257892,0.0
30/07/2014,-10000,-151001000,14.9(0.68 %),0,0,10000,151001000,21257902,0.0
31/07/2014,-35380,-545387000,15.3(2.68 %),21140,327952000,56520,873339000,21237762,0.0
01/08/2014,-9910,-151624000,15.2(-0.65 %),0,0,9910,151624000,21237262,0.0
04/08/2014,-120760,-1851454000,15.4(1.32 %),0,0,120760,1851454000,21237262,0.0
05/08/2014,-35070,-544578000,15.5(0.65 %),0,0,35070,544578000,21247262,0.0
06/08/2014,-148640,-2370715000,16.1(3.87 %),21580,343748000,170220,2714463000,21303782,34.1
07/08/2014,-206920,-3372490000,16.5(2.48 %),0,0,206920,3372490000,21510702,33.96
08/08/2014,-56900,-949178000,16.7(1.21 %),0,0,56900,949178000,21412872,0.0
11/08/2014,-38510,-628302000,16.2(-2.99 %),0,0,38510,628302000,21447942,0.0
12/08/2014,1420,23146000,16.3(0.62 %),1420,23146000,0,0,21616742,0.0
13/08/2014,4500,73350000,16.5(1.23 %),4500,73350000,0,0,21819162,0.0
14/08/2014,0,0,16.4(-0.61 %),0,0,0,0,21876062,33.7
15/08/2014,3000,48900000,16(-2.44 %),3000,48900000,0,0,21914572,33.67
18/08/2014,10,161000,16.1(0.62 %),10,161000,0,0,21911572,0.0
19/08/2014,0,0,15.9(-1.24 %),0,0,0,0,21911562,0.0
20/08/2014,0,0,13.1(-17.61 %),0,0,0,0,21911567,0.0
21/08/2014,1000,13000000,13.1(0.00 %),1000,13000000,0,0,21910567,0.0
22/08/2014,13490,176367000,13.4(2.29 %),20000,262000000,6510,85633000,21910567,33.68
25/08/2014,0,0,13.4(0.00 %),0,0,0,0,21890567,33.69
26/08/2014,0,0,13.2(-1.49 %),0,0,0,0,21890567,33.69
27/08/2014,-13500,-175100000,13(-1.52 %),0,0,13500,175100000,21890567,33.69
28/08/2014,-83400,-1082401000,13.1(0.77 %),0,0,83400,1082401000,21897077,33.69
29/08/2014,72500,942500000,13.4(2.29 %),72500,942500000,0,0,21824577,0.0
03/09/2014,36740,494540000,13.6(1.49 %),40000,538800000,3260,44260000,21824577,33.74
04/09/2014,0,0,13.4(-1.47 %),0,0,0,0,21798077,0.0
05/09/2014,0,0,13.4(0.00 %),0,0,0,0,21881477,0.0
08/09/2014,-6000,-79800000,13.6(1.49 %),0,0,6000,79800000,21881477,33.7
09/09/2014,0,0,13(-4.41 %),0,0,0,0,21884737,33.7
10/09/2014,-18100,-236200000,13.2(1.54 %),0,0,18100,236200000,21884737,0.0
11/09/2014,-5670,-75432000,13.2(0.00 %),1000,13000000,6670,88432000,21883737,0.0
12/09/2014,2000,26400000,13.2(0.00 %),2000,26400000,0,0,21887737,0.0
15/09/2014,0,0,13.3(0.76 %),0,0,0,0,21887737,33.69
16/09/2014,-164360,-2154068000,13(-2.26 %),0,0,164360,2154068000,27383336,0.0
17/09/2014,-495430,-6657732000,13.4(3.08 %),10000,136000000,505430,6793732000,27380006,0.0
18/09/2014,-806300,-10948523000,13.3(-0.75 %),0,0,806300,10948523000,27380006,0.0
19/09/2014,-4744690,-62262162000,13(-2.26 %),12500,162500000,4757190,62424662000,27367506,0.0
22/09/2014,-179550,-2381143000,13.1(0.77 %),0,0,179550,2381143000,27531866,0.0
23/09/2014,-128230,-1767382000,13.6(3.82 %),36000,475200000,164230,2242582000,28001296,0.0
24/09/2014,-1229070,-16979737000,14(2.94 %),200000,2778732000,1429070,19758469000,29230366,32.65
25/09/2014,-70030,-1000423000,14.5(3.57 %),140000,1949000000,210030,2949423000,29300396,32.61
26/09/2014,310000,4641000000,14.6(0.69 %),330000,4941000000,20000,300000000,28990396,32.78
29/09/2014,-54460,-796886000,14.5(-0.68 %),17300,253810000,71760,1050696000,33221266,0.0
30/09/2014,-388240,-5723300000,15(3.45 %),0,0,388240,5723300000,34650336,0.0
01/10/2014,-80000,-1212500000,15.5(3.33 %),110000,1701500000,190000,2914000000,34750366,0.0
02/10/2014,-159800,-2507290000,15.4(-0.65 %),2340,36270000,162140,2543560000,34768028,0.0
03/10/2014,-415270,-6549323000,15.8(2.60 %),3554820,51230180000,3970090,57779503000,34810248,0.0
06/10/2014,-133040,-2109532000,15.7(-0.63 %),11960,188968000,145000,2298500000,35186528,0.0
07/10/2014,-446500,-7044222000,15.6(-0.64 %),0,0,446500,7044222000,35376528,0.0
08/10/2014,-310000,-4719500000,15(-3.85 %),5000,78000000,315000,4797500000,35533668,0.0
09/10/2014,-770220,-11368531000,14.5(-3.33 %),0,0,770220,11368531000,35978478,0.0
10/10/2014,-735630,-10751770000,14.6(0.69 %),0,0,735630,10751770000,36123478,0.0
13/10/2014,-110300,-1630410000,15(2.74 %),3000,44400000,113300,1674810000,36233778,28.73
14/10/2014,-146990,-2159528000,14.2(-5.33 %),100000,1481600000,246990,3641128000,36380768,28.65
15/10/2014,103000,1462075000,14.2(0.00 %),103000,1462075000,0,0,36277768,28.7
16/10/2014,90000,1249100000,13.4(-5.63 %),90000,1249100000,0,0,36187768,28.75
17/10/2014,186700,2519951000,14(4.48 %),189000,2550771000,2300,30820000,36001068,28.86
20/10/2014,81000,1129050000,13.8(-1.43 %),101000,1409050000,20000,280000000,35920068,28.9
21/10/2014,150000,2100284000,14(1.45 %),150000,2100284000,0,0,35770068,28.99
22/10/2014,50000,704800000,14.2(1.43 %),50000,704800000,0,0,35720068,29.02
23/10/2014,150000,2085980000,13.5(-4.93 %),150000,2085980000,0,0,35570068,29.1
24/10/2014,50000,678700000,13.6(0.74 %),50000,678700000,0,0,35520068,29.13
27/10/2014,50000,681800000,13.3(-2.21 %),50000,681800000,0,0,35470068,29.16
29/10/2014,50,695000,14(2.19 %),50,695000,0,0,35470018,29.16
30/10/2014,0,0,13.8(-1.43 %),0,0,0,0,35470018,29.16
31/10/2014,-20000,-286000000,14.4(4.35 %),0,0,20000,286000000,35490018,29.14
03/11/2014,1000,14400000,14.3(-0.69 %),1000,14400000,0,0,37705873,27.91
04/11/2014,-19820,-281406000,14.1(-1.40 %),180,2594000,20000,284000000,37725693,27.89
05/11/2014,161000,2242211000,14(-0.71 %),161000,2242211000,0,0,37564693,27.98
06/11/2014,89320,1265387000,14.1(0.71 %),90330,1279628000,1010,14241000,37475373,28.03
07/11/2014,-330000,-4624200000,14.2(0.71 %),0,0,330000,4624200000,37805373,27.85
10/11/2014,-66740,-970948000,14.4(1.41 %),0,0,66740,970948000,37872113,27.81
11/11/2014,-3170,-45724000,14.6(1.39 %),80,1176000,3250,46900000,37875283,27.81
12/11/2014,442240,6532352000,15(2.74 %),442240,6532352000,0,0,37433043,28.06
13/11/2014,70,1036000,14.6(-2.67 %),70,1036000,0,0,37432973,28.06
14/11/2014,10500,152050000,14.3(-2.05 %),10500,152050000,0,0,37422473,28.06
17/11/2014,80,1136000,14.2(-0.70 %),80,1136000,0,0,37422393,28.06
18/11/2014,-9910,-138722000,13.9(-2.11 %),90,1278000,10000,140000000,37432303,28.06
19/11/2014,1580,21662000,13.8(-0.72 %),1580,21662000,0,0,37430723,28.06
20/11/2014,4810,67320000,14.1(2.17 %),5330,74650000,520,7330000,37435393,0.0
21/11/2014,1090,14960000,13.7(-2.84 %),1090,14960000,0,0,37434303,0.0
24/11/2014,80,1080000,13.6(-0.73 %),80,1080000,0,0,37444223,0.0
25/11/2014,260650,3603890000,13.9(2.21 %),261150,3610890000,500,7000000,37183073,0.0
26/11/2014,349830,5024750000,14.5(4.32 %),357080,5129050000,7250,104300000,36826513,0.0
27/11/2014,290080,4229660000,14.7(1.38 %),290080,4229660000,0,0,36536433,0.0
28/11/2014,-7970,-118750000,14.7(0.00 %),0,0,7970,118750000,36536433,0.0
01/12/2014,6080,89350000,14.3(-2.72 %),6080,89350000,0,0,36530853,0.0
02/12/2014,80,1150000,14.7(2.80 %),80,1150000,0,0,36538023,0.0
03/12/2014,0,0,14.7(0.00 %),0,0,0,0,36538023,0.0
04/12/2014,0,0,14.5(-1.36 %),0,0,0,0,36545993,0.0
05/12/2014,61000,894200000,14.6(0.69 %),76000,1113200000,15000,219000000,36469993,0.0
08/12/2014,0,0,14.3(-2.05 %),0,0,0,0,36469993,0.0
09/12/2014,90,1280000,13.5(-5.59 %),90,1280000,0,0,36469903,0.0
10/12/2014,70080,985780000,14.3(5.93 %),70080,985780000,0,0,36399823,0.0
11/12/2014,112030,1594660000,14.2(-0.70 %),112030,1594660000,0,0,36302793,0.0
12/12/2014,0,0,14.3(0.70 %),0,0,0,0,36302793,28.69
15/12/2014,13800,197330000,14(-2.10 %),13800,197330000,0,0,36288993,0.0
16/12/2014,100090,1384260000,13.6(-2.86 %),100090,1384260000,0,0,36188903,0.0
17/12/2014,1020,13460000,12.9(-5.15 %),1020,13460000,0,0,36187883,0.0
18/12/2014,21440,283010000,13.3(3.10 %),36000,475200000,14560,192190000,36151883,0.0
19/12/2014,0,0,13(-2.26 %),0,0,0,0,36151883,0.0
22/12/2014,5010,66132000,13.2(1.54 %),5010,66132000,0,0,36146873,28.78
23/12/2014,1480,18320000,13.1(-0.76 %),5080,66560000,3600,48240000,36141793,0.0
24/12/2014,700,9240000,13(-0.76 %),700,9240000,0,0,36155653,0.0
25/12/2014,3220,41540000,12.7(-2.31 %),5000,64500000,1780,22960000,36150653,0.0
26/12/2014,700,8890000,12.3(-3.15 %),700,8890000,0,0,36149953,28.78
29/12/2014,11000,135000000,11.7(-4.88 %),11000,135000000,0,0,36138953,28.78
30/12/2014,0,0,12.3(5.13 %),0,0,0,0,36138953,28.78
31/12/2014,-1000,-12600000,13.1(6.50 %),0,0,1000,12600000,36139953,28.78
05/01/2015,0,0,13(-0.76 %),0,0,0,0,36144333,28.78
06/01/2015,-10,-133000,13.1(0.77 %),0,0,10,133000,36144343,28.78
07/01/2015,-990,-13167000,13(-0.76 %),0,0,990,13167000,36145333,28.78
08/01/2015,26000,333400000,13(0.00 %),26000,333400000,0,0,36119333,28.79
09/01/2015,-18650,-242450000,13.1(0.77 %),10000,130000000,28650,372450000,36137983,28.78
12/01/2015,1000,13000000,12.8(-2.29 %),1000,13000000,0,0,36136983,28.78
13/01/2015,0,0,13.1(2.34 %),0,0,0,0,36136983,28.78
14/01/2015,-49000,-637200000,13.2(0.76 %),1000,12800000,50000,650000000,36185983,28.76
15/01/2015,0,0,13.2(0.00 %),0,0,0,0,36185983,28.76
16/01/2015,300770,4054016000,13.5(2.27 %),302420,4076391000,1650,22375000,35885213,28.92
19/01/2015,0,0,13.5(0.00 %),0,0,0,0,35885213,28.92
20/01/2015,12000,159600000,13.5(0.00 %),12000,159600000,0,0,35873213,28.93
21/01/2015,8000,106400000,13.1(-2.96 %),8000,106400000,0,0,35865213,28.93
22/01/2015,12160,157296000,13.1(0.00 %),54800,715880000,42640,558584000,35853053,28.94
23/01/2015,19000,252600000,13.3(1.53 %),20000,266000000,1000,13400000,35834053,28.95
26/01/2015,15000,202500000,13.5(1.50 %),15000,202500000,0,0,35819053,28.96
27/01/2015,21000,277100000,13.1(-2.96 %),21000,277100000,0,0,35798053,28.97
28/01/2015,19350,255420000,13.2(0.76 %),19350,255420000,0,0,35778703,28.98
29/01/2015,-1780,-23496000,13.4(1.52 %),0,0,1780,23496000,35780483,28.98
30/01/2015,-50000,-648969000,12.9(-3.73 %),0,0,50000,648969000,35830483,28.95
02/02/2015,30590,386734000,12.8(-0.78 %),30590,386734000,0,0,35749135,29.0
03/02/2015,0,0,12.6(-1.56 %),0,0,0,0,35749135,29.0
04/02/2015,-15530,-194125000,12.5(-0.79 %),0,0,15530,194125000,35764665,28.99
05/02/2015,0,0,12.5(0.00 %),0,0,0,0,35764665,28.99
06/02/2015,0,0,12.5(0.00 %),0,0,0,0,35764665,28.99
09/02/2015,0,0,12.6(0.80 %),0,0,0,0,35764665,28.99
10/02/2015,-4000,-50600000,12.5(-0.79 %),1000,12400000,5000,63000000,35768665,28.99
11/02/2015,0,0,12.8(2.40 %),0,0,0,0,35768665,28.99
12/02/2015,20,262000,13.1(2.34 %),20,262000,0,0,35768645,28.99
13/02/2015,-1000,-13500000,13.5(3.05 %),0,0,1000,13500000,35769645,28.99
24/02/2015,190,2546000,13.3(-1.48 %),190,2546000,0,0,35769455,28.99
25/02/2015,-5990,-79868000,13.1(-1.50 %),10,132000,6000,80000000,35775445,28.99
26/02/2015,0,0,13.2(0.76 %),0,0,0,0,35775445,28.99
27/02/2015,0,0,13.2(0.00 %),0,0,0,0,35775445,28.99
02/03/2015,0,0,13(-1.52 %),0,0,0,0,35821225,28.96
03/03/2015,-147000,-1927000000,13.2(1.54 %),0,0,147000,1927000000,35968225,28.88
04/03/2015,0,0,13.7(3.79 %),0,0,0,0,35968225,28.88
05/03/2015,0,0,13.4(-2.19 %),0,0,0,0,35968225,28.88
06/03/2015,8000,107500000,13.3(-0.75 %),8000,107500000,0,0,35960225,28.88
09/03/2015,0,0,13.1(-1.50 %),0,0,0,0,35960225,28.88
10/03/2015,-110940,-1456314000,13.2(0.76 %),0,0,110940,1456314000,36071165,28.82
11/03/2015,-9990,-132868000,13.2(0.00 %),10,132000,10000,133000000,36081155,28.81
12/03/2015,-200000,-2620391000,13.3(0.76 %),0,0,200000,2620391000,36281155,28.7
13/03/2015,0,0,13.1(-1.50 %),0,0,0,0,36281155,28.7
16/03/2015,-127200,-1640590000,12.7(-3.05 %),2800,36120000,130000,1676710000,36408355,28.63
17/03/2015,-224000,-2829400000,12.8(0.79 %),6000,76600000,230000,2906000000,36632355,28.51
18/03/2015,0,0,12.8(0.00 %),0,0,0,0,36632355,28.51
19/03/2015,-331300,-4181020000,12.5(-2.34 %),1700,21590000,333000,4202610000,36963655,28.32
20/03/2015,0,0,12.6(0.80 %),0,0,0,0,36963655,28.32
23/03/2015,0,0,12.2(-3.17 %),0,0,0,0,36963655,28.32
24/03/2015,-1700,-20740000,12.2(0.00 %),0,0,1700,20740000,36965355,28.32
25/03/2015,-1700,-20740000,12(-1.64 %),0,0,1700,20740000,36967055,28.32
26/03/2015,-18750,-225000000,12(0.00 %),0,0,18750,225000000,36985805,28.31
27/03/2015,0,0,11.9(-0.83 %),0,0,0,0,36985805,28.31
30/03/2015,137400,1581760000,11.5(-3.36 %),137400,1581760000,0,0,36848405,28.38
31/03/2015,35000,406000000,12(4.35 %),35000,406000000,0,0,36813405,28.4
01/04/2015,385210,4465638000,11.6(-3.33 %),385210,4465638000,0,0,36432495,28.62
02/04/2015,102730,1186395000,12.2(5.17 %),102730,1186395000,0,0,36329765,28.67
03/04/2015,-200000,-2404322000,12(-1.64 %),0,0,200000,2404322000,36529765,28.56
06/04/2015,0,0,11.8(-1.67 %),0,0,0,0,36529765,28.56
07/04/2015,-100000,-1196000000,12(1.69 %),0,0,100000,1196000000,36629765,28.51
08/04/2015,-1000,-12300000,12.4(3.33 %),0,0,1000,12300000,36630765,28.51
09/04/2015,-371000,-4661800000,12.7(2.42 %),0,0,371000,4661800000,37001765,28.3
10/04/2015,7500,96350000,12.6(-0.79 %),7500,96350000,0,0,36994265,28.3
13/04/2015,-325000,-4109142000,12.4(-1.59 %),40000,500000000,365000,4609142000,37319265,28.12
14/04/2015,-57500,-713400000,12.3(-0.81 %),2500,31000000,60000,744400000,37376765,28.09
15/04/2015,-179700,-2156820000,12.5(1.63 %),100,1260000,179800,2158080000,37556465,27.99
16/04/2015,4000,50000000,12.5(0.00 %),4000,50000000,0,0,37552465,27.99
17/04/2015,0,0,12.5(0.00 %),0,0,0,0,37552465,27.99
20/04/2015,-229990,-2808878000,12.3(-1.60 %),0,0,229990,2808878000,37782455,27.86
21/04/2015,0,0,12.1(-1.63 %),0,0,0,0,37782455,27.86
22/04/2015,-27070,-324840000,12.2(0.83 %),1000,12000000,28070,336840000,37809525,27.85
23/04/2015,1400,17080000,12(-1.64 %),1400,17080000,0,0,37808125,27.85
24/04/2015,-920,-11340000,12.3(2.50 %),80,960000,1000,12300000,37809045,27.85
27/04/2015,11000,134300000,12.2(-0.81 %),11000,134300000,0,0,37798045,27.85
04/05/2015,180120,2073380000,11.5(-5.74 %),180120,2073380000,0,0,37616925,27.95
05/05/2015,32000,368500000,11.8(2.61 %),32000,368500000,0,0,37584925,27.97
06/05/2015,113000,1306300000,11.5(-2.54 %),113000,1306300000,0,0,37471925,28.04
07/05/2015,30000,343000000,11.5(0.00 %),30000,343000000,0,0,37441925,28.05
08/05/2015,0,0,11.6(0.87 %),0,0,0,0,37441925,28.05
11/05/2015,10000,115500000,11.7(0.86 %),10000,115500000,0,0,37431925,28.06
12/05/2015,8810,100434000,11.6(-0.85 %),8810,100434000,0,0,37423115,28.06
13/05/2015,15880,182620000,11.6(0.00 %),15880,182620000,0,0,37407235,28.07
14/05/2015,25000,289500000,11.6(0.00 %),25000,289500000,0,0,37382235,28.09
15/05/2015,-9260,-106490000,11.3(-2.59 %),0,0,9260,106490000,37391495,28.08
18/05/2015,12000,127800000,10.6(-6.19 %),12000,127800000,0,0,37379495,28.09
19/05/2015,0,-500000,10.5(-0.94 %),5000,52500000,5000,53000000,37379495,28.09
20/05/2015,-91490,-986657000,10.9(3.81 %),0,0,91490,986657000,37470985,28.04
21/05/2015,-1000,-11200000,11(0.92 %),0,0,1000,11200000,37471985,28.04
22/05/2015,0,0,11.4(3.64 %),0,0,0,0,37471985,28.04
25/05/2015,0,0,11.4(0.00 %),0,0,0,0,37471985,28.04
26/05/2015,0,0,11.3(-0.88 %),0,0,0,0,37471985,28.04
27/05/2015,0,0,11.2(-0.88 %),0,0,0,0,37471985,28.04
28/05/2015,0,0,11.3(0.89 %),0,0,0,0,37471985,28.04
29/05/2015,-190800,-2186520000,11.5(1.77 %),0,0,190800,2186520000,37662785,27.93
01/06/2015,0,0,11.3(-1.74 %),0,0,0,0,37472985,28.04
02/06/2015,-194000,-2138350000,10.9(-3.54 %),0,0,194000,2138350000,37666985,27.93
03/06/2015,-7000,-76200000,11(0.92 %),1000,11000000,8000,87200000,37673985,27.92
04/06/2015,-50120,-553074000,11(0.00 %),0,0,50120,553074000,37724105,27.89
05/06/2015,-7000,-78500000,11.1(0.91 %),0,0,7000,78500000,37731105,27.89
08/06/2015,0,0,11.3(1.80 %),0,0,0,0,37731105,27.89
09/06/2015,-9000,-100000000,11(-2.65 %),1000,11000000,10000,111000000,37740105,27.89
10/06/2015,-149200,-1639575000,10.9(-0.91 %),800,8720000,150000,1648295000,37889305,27.8
11/06/2015,-159700,-1850658000,11.6(6.42 %),0,0,159700,1850658000,38049005,27.71
12/06/2015,-191120,-2367676000,12.2(5.17 %),3000,37100000,194120,2404776000,38240125,27.61
15/06/2015,-60000,-755977000,12.2(0.00 %),0,0,60000,755977000,38300125,27.57
16/06/2015,-3130,-38812000,12(-1.64 %),0,0,3130,38812000,38303255,27.57
17/06/2015,3100,36890000,11.8(-1.67 %),4000,47600000,900,10710000,38300155,27.57
18/06/2015,-30400,-358760000,11.8(0.00 %),0,0,30400,358760000,38330555,27.56
19/06/2015,-45230,-536638000,12(1.69 %),92420,1124922000,137650,1661560000,38375785,27.53
22/06/2015,-11010,-134321000,12.1(0.83 %),0,0,11010,134321000,38386795,27.52
23/06/2015,-49960,-612512000,12.2(0.83 %),10040,122488000,60000,735000000,38436755,27.5
24/06/2015,-118820,-1425840000,12(-1.64 %),0,0,118820,1425840000,38555575,27.43
25/06/2015,-1318870,-16266267000,12.3(2.50 %),0,0,1318870,16266267000,39874445,26.69
26/06/2015,150000,1846149000,12.1(-1.63 %),210000,2575149000,60000,729000000,39724445,26.78
29/06/2015,0,0,12.3(1.65 %),0,0,0,0,39724445,26.78
30/06/2015,12000,146600000,12(-2.44 %),12000,146600000,0,0,39712445,26.78
01/07/2015,-330420,-3928978000,11.9(-0.83 %),0,0,330420,3928978000,39843245,26.71
02/07/2015,0,0,12.1(1.68 %),0,0,0,0,39843245,26.71
03/07/2015,-117840,-1423080000,12.1(0.00 %),0,0,117840,1423080000,39961085,26.64
06/07/2015,-42000,-513400000,12.5(3.31 %),0,0,42000,513400000,40003085,26.62
07/07/2015,-15890,-197625000,12.4(-0.80 %),0,0,15890,197625000,40018975,26.61
08/07/2015,0,0,12.2(-1.61 %),0,0,0,0,40018975,26.61
09/07/2015,-38810,-466220000,12.4(1.64 %),0,0,38810,466220000,40057785,26.59
10/07/2015,-19500,-241800000,12.4(0.00 %),500,6200000,20000,248000000,40077285,26.58
13/07/2015,-13490,-168974000,12.8(3.23 %),0,0,13490,168974000,40090775,26.57
14/07/2015,0,0,13(1.56 %),0,0,0,0,40090775,26.57
15/07/2015,0,0,12.6(-3.08 %),0,0,0,0,40090775,26.57
16/07/2015,-4920,-60500000,12.4(-1.59 %),5080,63500000,10000,124000000,40095695,26.57
17/07/2015,100500,1246220000,12.4(0.00 %),100500,1246220000,0,0,39995195,26.62
20/07/2015,0,0,12.3(-0.81 %),0,0,0,0,39995195,26.62
21/07/2015,2560,31488000,12.1(-1.63 %),5000,61500000,2440,30012000,39992635,26.63
22/07/2015,151040,1861413000,12.5(3.31 %),160000,1971621000,8960,110208000,39841595,26.71
23/07/2015,-9180,-113842000,12.2(-2.40 %),920,11408000,10100,125250000,39850775,26.71
24/07/2015,0,0,12.2(0.00 %),0,0,0,0,39850775,26.71
27/07/2015,-270000,-3261000000,12(-1.64 %),0,0,270000,3261000000,40120775,26.55
28/07/2015,100000,1231000000,12.3(2.50 %),100000,1231000000,0,0,40020775,26.61
29/07/2015,330000,4058000000,12.2(-0.81 %),330000,4058000000,0,0,39690775,26.79
30/07/2015,41890,511060000,12.2(0.00 %),41890,511060000,0,0,39648885,26.82
31/07/2015,120000,1457500000,12(-1.64 %),140000,1699500000,20000,242000000,39528885,26.89
03/08/2015,30000,354000000,11.7(-2.50 %),30000,354000000,0,0,39869305,26.69
04/08/2015,119270,1406460000,11.7(0.00 %),120000,1415000000,730,8540000,39750035,26.76
05/08/2015,100000,1200500000,12.2(4.27 %),100000,1200500000,0,0,39650035,26.82
06/08/2015,0,0,12(-1.64 %),0,0,0,0,39650035,26.82
07/08/2015,0,0,12(0.00 %),0,0,0,0,39650035,26.82
10/08/2015,0,0,12(0.00 %),0,0,0,0,39650035,26.82
11/08/2015,0,0,11.8(-1.67 %),0,0,0,0,39650035,26.82
12/08/2015,11100,130870000,11.7(-0.85 %),11100,130870000,0,0,39638935,26.82
13/08/2015,-1700,-19890000,11.6(-0.85 %),0,0,1700,19890000,39640635,26.82
14/08/2015,30000,348000000,11.6(0.00 %),30000,348000000,0,0,39610635,26.84
17/08/2015,0,0,11.2(-3.45 %),0,0,0,0,39610635,26.84
18/08/2015,106000,1190940000,11.3(0.89 %),150000,1689150000,44000,498210000,39504635,26.9
19/08/2015,-120000,-1372090000,11.5(1.77 %),0,0,120000,1372090000,39624635,26.83
20/08/2015,-93110,-1061450000,11.3(-1.74 %),0,0,93110,1061450000,39717745,26.78
21/08/2015,71000,756600000,10.7(-5.31 %),71000,756600000,0,0,39646745,26.82
24/08/2015,20410,210670000,10(-6.54 %),65940,685370000,45530,474700000,39626335,26.83
25/08/2015,13490,135300000,9.8(-2.00 %),81610,786440000,68120,651140000,39612845,26.84
26/08/2015,88510,894800000,10.3(5.10 %),88510,894800000,0,0,39524335,26.89
27/08/2015,40,420000,10.4(0.97 %),40,420000,0,0,39524295,26.89
28/08/2015,30000,312000000,10.6(1.92 %),30000,312000000,0,0,39494295,26.9
31/08/2015,132510,1397860000,10.5(-0.94 %),132510,1397860000,0,0,39361785,26.98
01/09/2015,236060,2575200000,11.2(6.67 %),236060,2575200000,0,0,39145731,27.1
03/09/2015,-45710,-521860000,11.5(2.68 %),144430,1617820000,190140,2139680000,39191441,27.07
04/09/2015,-48770,-554860000,11.2(-2.61 %),0,0,48770,554860000,39240211,27.05
07/09/2015,-40000,-436000000,10.8(-3.57 %),0,0,40000,436000000,39280211,27.02
08/09/2015,0,0,11.1(2.78 %),0,0,0,0,39280211,27.02
09/09/2015,-190000,-2127000000,11.3(1.80 %),0,0,190000,2127000000,39470211,26.92
10/09/2015,-90000,-1000000000,11.2(-0.88 %),0,0,90000,1000000000,39560211,26.87
11/09/2015,-40520,-463980000,11.2(0.00 %),0,0,40520,463980000,39600731,26.84
14/09/2015,0,0,10.9(-2.68 %),0,0,0,0,39600731,26.84
15/09/2015,-20000,-226000000,11.1(1.83 %),0,0,20000,226000000,39620731,26.83
16/09/2015,0,0,11.1(0.00 %),0,0,0,0,39620731,29.05
17/09/2015,0,0,11.1(0.00 %),0,0,0,0,39620731,29.05
18/09/2015,-351000,-4107650000,11.8(6.31 %),0,0,351000,4107650000,39971731,28.88
21/09/2015,-180280,-2179340000,12.2(3.39 %),190,2300000,180470,2181640000,40152011,28.79
22/09/2015,-96600,-1166860000,12.1(-0.82 %),13400,162140000,110000,1329000000,40248611,28.74
23/09/2015,-210180,-2570230000,12.3(1.65 %),20,250000,210200,2570480000,40458791,28.63
24/09/2015,-60000,-747000000,12.4(0.81 %),0,0,60000,747000000,40518791,28.6
25/09/2015,200,2440000,12.1(-2.42 %),200,2440000,0,0,40518591,28.6
28/09/2015,0,0,11.8(-2.48 %),0,0,0,0,40518591,28.6
29/09/2015,0,0,11.7(-0.85 %),0,0,0,0,40518591,28.6
30/09/2015,0,0,12.1(3.42 %),0,0,0,0,40518591,28.6
01/10/2015,0,0,12.2(0.83 %),0,0,0,0,35269596,31.24
02/10/2015,0,0,12.1(-0.82 %),0,0,0,0,35269596,31.24
05/10/2015,0,0,12.1(0.00 %),0,0,0,0,35269596,31.24
06/10/2015,9600,118040000,12.4(2.48 %),10000,123000000,400,4960000,35259996,31.25
07/10/2015,-56170,-699050000,12.4(0.00 %),0,0,56170,699050000,35316166,31.22
08/10/2015,14580,187720000,12.8(3.23 %),15000,193000000,420,5280000,35301586,31.23
09/10/2015,-200,-2560000,12.7(-0.78 %),0,0,200,2560000,35301786,31.23
12/10/2015,10000,127000000,12.6(-0.79 %),10000,127000000,0,0,35291786,31.23
13/10/2015,-60400,-754960000,12.4(-1.59 %),0,0,60400,754960000,35352186,31.2
14/10/2015,-55970,-688430000,12.3(-0.81 %),0,0,55970,688430000,35408156,31.18
15/10/2015,-400000,-4939000000,12.3(0.00 %),0,0,400000,4939000000,35808156,30.97
16/10/2015,-214790,-2685880000,12.5(1.63 %),210,2620000,215000,2688500000,36022946,30.87
19/10/2015,-68900,-861250000,12.5(0.00 %),0,0,68900,861250000,36091846,30.83
20/10/2015,-109550,-1353500000,12.2(-2.40 %),60450,737490000,170000,2090990000,36201396,30.78
21/10/2015,79320,947700000,12.2(0.00 %),100000,1200000000,20680,252300000,36122076,30.82
22/10/2015,-122830,-1498530000,12.1(-0.82 %),0,0,122830,1498530000,36244906,30.75
23/10/2015,26200,321060000,12.1(0.00 %),26200,321060000,0,0,36218706,30.77
26/10/2015,-33400,-407980000,12(-0.83 %),5200,62940000,38600,470920000,36252106,30.75
27/10/2015,-24230,-301450000,12(0.00 %),82650,991800000,106880,1293250000,36276336,30.74
28/10/2015,-85450,-1034850000,11.9(-0.83 %),94530,1124910000,179980,2159760000,36361786,30.69
29/10/2015,55760,659700000,11.9(0.00 %),94170,1120620000,38410,460920000,36306026,30.72
30/10/2015,59130,699560000,12(0.84 %),132700,1582400000,73570,882840000,36246896,30.75
02/11/2015,1100,12990000,11.9(-0.83 %),1100,12990000,0,0,35953836,30.9
03/11/2015,10000,118700000,11.9(0.00 %),10000,118700000,0,0,35943836,30.91
04/11/2015,-118750,-1425000000,11.8(-0.84 %),1250,15000000,120000,1440000000,36062586,30.85
05/11/2015,25100,295670000,11.7(-0.85 %),25100,295670000,0,0,36037486,30.86
06/11/2015,8220,97170000,11.6(-0.85 %),10000,118000000,1780,20830000,36029266,30.86
09/11/2015,0,0,11.6(0.00 %),0,0,0,0,36029266,30.86
10/11/2015,500,5300000,10.6(-1.30 %),500,5300000,0,0,36028766,30.86
11/11/2015,-7500,-79500000,10.4(-1.89 %),2500,26500000,10000,106000000,36036266,30.86
12/11/2015,-3400,-35020000,10.2(-1.92 %),0,0,3400,35020000,36039666,30.86
13/11/2015,25000,260800000,10.5(2.94 %),25000,260800000,0,0,36014666,30.87
16/11/2015,-5000,-50500000,10.2(-2.86 %),5000,51500000,10000,102000000,36019666,30.87
17/11/2015,100,1010000,10.3(0.98 %),100,1010000,0,0,36019566,30.87
18/11/2015,0,0,10.2(-0.97 %),0,0,0,0,36019566,30.87
19/11/2015,-83150,-841430000,10(-1.96 %),34000,343400000,117150,1184830000,36102716,30.83
20/11/2015,-30100,-310030000,10.4(4.00 %),0,0,30100,310030000,36132816,30.81
23/11/2015,-50500,-533350000,10.5(0.96 %),0,0,50500,533350000,36183316,30.78
24/11/2015,0,0,10.4(-0.95 %),0,0,0,0,36277526,30.74
25/11/2015,500,5150000,10.4(0.00 %),500,5150000,0,0,36394176,30.68
26/11/2015,12500,129900000,10.3(-0.96 %),12500,129900000,0,0,36411776,30.67
27/11/2015,361650,3725595000,10.3(0.00 %),411650,4240595000,50000,515000000,36050126,30.85
30/11/2015,-94500,-954000000,10.1(-1.94 %),5500,55000000,100000,1009000000,36045126,30.85
01/12/2015,-100000,-999000000,9.9(-1.98 %),0,0,100000,999000000,36045126,30.85
02/12/2015,0,0,10(1.01 %),0,0,0,0,36045126,30.85
03/12/2015,0,0,10.1(1.00 %),0,0,0,0,36095126,30.83
04/12/2015,0,0,10(-0.99 %),0,0,0,0,36195126,30.78
07/12/2015,0,0,9.9(-1.00 %),0,0,0,0,36295126,30.73
08/12/2015,-10200,-100160000,10(1.01 %),2300,22340000,12500,122500000,36292826,30.73
09/12/2015,0,0,9.7(-3.00 %),0,0,0,0,36292826,30.73
10/12/2015,2000,19000000,9.4(-3.09 %),2000,19000000,0,0,36290826,30.73
11/12/2015,-94840,-899840000,9.4(0.00 %),5160,49010000,100000,948850000,36285666,30.73
14/12/2015,0,0,9.4(0.00 %),0,0,0,0,36298166,30.73
15/12/2015,-50000,-466000000,9.3(-1.06 %),0,0,50000,466000000,39203257,33.18
16/12/2015,-51160,-486270000,9.4(1.08 %),0,0,51160,486270000,39203263,33.18
17/12/2015,900,8630000,9.5(1.06 %),1000,9600000,100,970000,39302263,33.13
18/12/2015,-49300,-471780000,9.5(0.00 %),700,6720000,50000,478500000,39301563,30.68
21/12/2015,0,0,9.3(-2.11 %),0,0,0,0,39351563,30.66
22/12/2015,240,2260000,9.3(0.00 %),300,2820000,60,560000,39402423,30.63
23/12/2015,4420,40550000,9.3(0.00 %),5300,48820000,880,8270000,39397223,30.64
24/12/2015,0,0,9.3(0.00 %),0,0,0,0,39447223,30.61
25/12/2015,1100,9910000,8.9(-4.30 %),1100,9910000,0,0,39446123,30.61
28/12/2015,-1600,-14240000,8.8(-1.12 %),0,0,1600,14240000,39446186,30.61
29/12/2015,-4600,-41860000,9.1(3.41 %),400,3640000,5000,45500000,39446666,30.61
30/12/2015,-270,-2460000,9.1(0.00 %),0,0,270,2460000,39446666,30.61
31/12/2015,0,0,9.1(0.00 %),0,0,0,0,39446666,30.61
04/01/2016,48640,457830000,9.3(2.20 %),58740,550760000,10100,92930000,39389526,30.64
05/01/2016,10000,91000000,9.3(0.00 %),10000,91000000,0,0,39384526,30.64
06/01/2016,200,1860000,9.2(-1.08 %),200,1860000,0,0,39384596,30.64
07/01/2016,20030,178240000,8.9(-3.26 %),20100,178880000,70,640000,39374596,30.65
08/01/2016,200,2740000,8.6(-3.37 %),10200,88740000,10000,86000000,39364396,30.65
11/01/2016,9140,76790000,8.4(-2.33 %),9140,76790000,0,0,39355256,30.66
12/01/2016,23900,209480000,8.8(4.76 %),34000,295840000,10100,86360000,39321326,30.67
13/01/2016,-23840,-208490000,8.7(-1.14 %),5200,45660000,29040,254150000,39326126,30.67
14/01/2016,-193290,-1626370000,8.4(-3.45 %),1000,8300000,194290,1634670000,39325126,30.67
15/01/2016,-149400,-1230080000,8(-4.76 %),600,4920000,150000,1235000000,39334626,30.67
18/01/2016,12900,95040000,7.6(-5.00 %),35000,265000000,22100,169960000,39328671,30.67
19/01/2016,-248560,-1923120000,7.8(2.63 %),7000,54250000,255560,1977370000,39515961,30.58
20/01/2016,3630,26690000,7.6(-2.56 %),23630,180690000,20000,154000000,39642331,30.52
21/01/2016,-25740,-193990000,7.2(-5.26 %),394260,2918010000,420000,3112000000,39650171,30.52
22/01/2016,344586,2566440000,7.7(6.94 %),869870,6416490000,525284,3850050000,39415641,30.63
25/01/2016,0,0,8.2(6.49 %),0,0,0,0,39475641,30.6
26/01/2016,0,0,8.1(-1.22 %),0,0,0,0,39475641,30.6
27/01/2016,0,0,8.3(2.47 %),0,0,0,0,39621145,30.53
28/01/2016,0,0,8.1(-2.41 %),0,0,0,0,39621145,30.53
29/01/2016,0,0,8.1(0.00 %),0,0,0,0,39621145,30.53
01/02/2016,-53600,-439520000,8.3(2.47 %),0,0,53600,439520000,39621145,30.53
02/02/2016,0,0,8.3(0.00 %),0,0,0,0,39621152,30.53
03/02/2016,0,0,8.2(-1.20 %),0,0,0,0,39621152,30.53
04/02/2016,0,0,8.3(1.22 %),0,0,0,0,39674752,30.51
05/02/2016,-540,-4430000,8.2(-1.20 %),0,0,540,4430000,39674752,30.51
15/02/2016,-42170,-346110000,8.2(0.00 %),1000,8200000,43170,354310000,39673752,30.51
16/02/2016,-53900,-467930000,8.3(1.22 %),475790,4005020000,529690,4472950000,39197962,30.73
17/02/2016,-60800,-509640000,8.2(-1.20 %),0,0,60800,509640000,39198502,30.73
18/02/2016,1000,8200000,8.2(0.00 %),1000,8200000,0,0,39240672,30.71
19/02/2016,-127720,-1053720000,8.1(-1.22 %),0,0,127720,1053720000,39770362,30.46
22/02/2016,-189350,-1555610000,8.3(2.47 %),0,0,189350,1555610000,39831162,30.43
23/02/2016,-149000,-1223800000,8.1(-2.41 %),1000,8200000,150000,1232000000,39830162,30.43
24/02/2016,-45860,-376050000,8.1(0.00 %),0,0,45860,376050000,39957882,30.37
25/02/2016,0,0,7.9(-2.47 %),0,0,0,0,40147232,30.29
26/02/2016,7000,56000000,7.9(0.00 %),7000,56000000,0,0,40290232,30.22
29/02/2016,-44200,-346540000,7.8(-1.27 %),5800,45440000,50000,391980000,40330292,30.2
01/03/2016,0,0,7.8(0.00 %),0,0,0,0,40330292,30.2
02/03/2016,10000,79000000,7.8(0.00 %),10000,79000000,0,0,40320292,30.21
03/03/2016,1000,7700000,7.6(-2.56 %),1000,7700000,0,0,40369292,30.18
04/03/2016,330,2510000,7.6(0.00 %),330,2510000,0,0,40368962,30.18
07/03/2016,-100,-780000,7.7(1.32 %),0,0,100,780000,40368962,30.18
08/03/2016,0,0,7.7(0.00 %),0,0,0,0,40368962,30.18
09/03/2016,-235220,-1885280000,8(3.90 %),76900,622890000,312120,2508170000,40292062,30.22
10/03/2016,0,0,8.1(1.25 %),0,0,0,0,40292162,30.22
11/03/2016,1000,8000000,8(-1.23 %),1000,8000000,0,0,40291162,30.22
14/03/2016,0,0,7.9(-1.25 %),0,0,0,0,40603282,30.07
15/03/2016,-9000,-71200000,7.8(-1.27 %),1000,7800000,10000,79000000,40602282,30.07
16/03/2016,-88780,-696360000,7.8(0.00 %),0,0,88780,696360000,40602282,30.07
17/03/2016,-150000,-1185000000,7.8(0.00 %),0,0,150000,1185000000,40602282,30.07
18/03/2016,-46640,-368460000,7.8(0.00 %),0,0,46640,368460000,40612282,30.07
21/03/2016,-2720,-19520000,7.7(-1.28 %),37280,288480000,40000,308000000,40663782,30.05
22/03/2016,0,0,7.6(-1.30 %),70000,532000000,70000,532000000,40743782,30.01
23/03/2016,15500,117800000,7.6(0.00 %),45500,345800000,30000,228000000,40744922,30.01
24/03/2016,-124490,-951570000,7.7(1.32 %),0,0,124490,951570000,40784922,29.99
25/03/2016,-3880,-31470000,7.6(-1.30 %),19870,149030000,23750,180500000,40835052,29.97
28/03/2016,0,0,7.6(0.00 %),0,0,0,0,40865052,29.95
29/03/2016,44700,334720000,7.4(-2.63 %),94700,709720000,50000,375000000,40894842,29.94
30/03/2016,84800,626220000,7.4(0.00 %),84800,626220000,0,0,40833792,29.97
31/03/2016,11400,84360000,7.2(-2.70 %),11400,84360000,0,0,40822392,29.97
01/04/2016,0,0,7.1(-1.39 %),0,0,0,0,40872392,29.95
04/04/2016,367650,2718190000,7.5(5.63 %),372000,2750390000,4350,32200000,40500392,30.12
05/04/2016,-10000,-75000000,7.4(-1.33 %),0,0,10000,75000000,40500392,30.12
06/04/2016,-4470,-33300000,7.4(0.00 %),0,0,4470,33300000,40500392,30.12
07/04/2016,-9630,-71730000,7.5(1.35 %),51100,383750000,60730,455480000,40453642,30.14
08/04/2016,-107570,-807840000,7.6(1.33 %),3100,23250000,110670,831090000,40460542,30.14
11/04/2016,-102750,-811830000,7.9(3.95 %),0,0,102750,811830000,40465012,30.14
12/04/2016,-50000,-390000000,7.7(-2.53 %),0,0,50000,390000000,40525742,30.11
13/04/2016,-46200,-362980000,7.8(1.30 %),33800,265020000,80000,628000000,40602612,30.07
14/04/2016,-336710,-2669010000,7.9(1.28 %),0,0,336710,2669010000,40705362,30.03
15/04/2016,-660000,-5299000000,7.9(0.00 %),0,0,660000,5299000000,40755362,30.0
19/04/2016,-23430,-187200000,7.8(-1.27 %),104900,826610000,128330,1013810000,40730462,30.01
20/04/2016,60000,463400000,7.8(0.00 %),60000,463400000,0,0,41007172,29.89
21/04/2016,322070,2554180000,8(2.56 %),512070,4063180000,190000,1509000000,41155102,29.82
22/04/2016,-867399,-7301490000,8.5(6.25 %),463900,3892610000,1331299,11194100000,40819532,29.97
25/04/2016,-110160,-965410000,8.8(3.53 %),0,0,110160,965410000,40819532,29.97
26/04/2016,-56000,-498000000,8.9(1.14 %),4000,36000000,60000,534000000,41005534,29.89
27/04/2016,2000,18000000,8.6(-3.37 %),2000,18000000,0,0,42334833,29.27
28/04/2016,0,0,8.6(0.00 %),0,0,0,0,42444993,29.22
29/04/2016,-100000,-880000000,8.6(0.00 %),0,0,100000,880000000,42504993,29.19
04/05/2016,343470,2992500000,8.9(3.49 %),343470,2992500000,0,0,42161523,29.35
05/05/2016,151840,1367050000,9(1.12 %),152140,1369780000,300,2730000,42009383,29.42
06/05/2016,586810,5280040000,9(0.00 %),599320,5393880000,12510,113840000,41510063,29.65
09/05/2016,401590,3591650000,9(0.00 %),401590,3591650000,0,0,41108473,29.84
10/05/2016,540070,4844120000,9(0.00 %),540070,4844120000,0,0,40568703,30.09
11/05/2016,468350,4215150000,9(0.00 %),494130,4447170000,25780,232020000,40087083,30.31
12/05/2016,210000,1890000000,9(0.00 %),210000,1890000000,0,0,39877083,30.41
13/05/2016,245000,2180500000,8.9(-1.11 %),245000,2180500000,0,0,39632083,30.53
16/05/2016,268380,2380410000,8.9(0.00 %),270010,2394750000,1630,14340000,39387853,30.64
17/05/2016,300000,2676200000,9.3(4.49 %),301000,2685500000,1000,9300000,39086853,30.78
18/05/2016,-107530,-987770000,9.2(-1.08 %),0,0,107530,987770000,39086853,30.78
19/05/2016,-354580,-3353320000,9.4(2.17 %),0,0,354580,3353320000,39088483,30.78
20/05/2016,-134040,-1254690000,9.4(0.00 %),5000,46500000,139040,1301190000,39084483,30.78
23/05/2016,-117050,-1077150000,9.3(-1.06 %),0,0,117050,1077150000,39192013,30.73
24/05/2016,-129950,-1209530000,9.1(-2.15 %),0,0,129950,1209530000,39546593,30.57
25/05/2016,-222870,-2008330000,9(-1.10 %),840890,7568010000,1063760,9576340000,39594743,30.54
26/05/2016,291990,2596110000,9(0.00 %),855990,7665710000,564000,5069600000,39355803,30.66
27/05/2016,-75980,-693700000,9(0.00 %),195020,1748350000,271000,2442050000,39290733,30.69
30/05/2016,92900,861970000,9.4(4.44 %),232900,2160970000,140000,1299000000,39197833,30.73
31/05/2016,139300,1313350000,9.5(1.06 %),359300,3388350000,220000,2075000000,39058533,30.79
01/06/2016,-96070,-901670000,9.4(-1.05 %),452500,4208250000,548570,5109920000,39294793,30.68
02/06/2016,175330,1652485000,9.5(1.06 %),529500,4987800000,354170,3335315000,39119463,30.77
03/06/2016,-90000,-850000000,9.2(-3.16 %),0,0,90000,850000000,39325293,30.67
06/06/2016,138100,1284330000,9.3(1.09 %),228100,2121330000,90000,837000000,39245763,30.71
07/06/2016,43170,376900000,8.9(-4.30 %),333170,2931900000,290000,2555000000,39266763,30.7
08/06/2016,18230,157420000,8.9(0.00 %),148230,1304420000,130000,1147000000,39308533,30.68
09/06/2016,-130500,-1197660000,9.2(3.37 %),0,0,130500,1197660000,39398533,30.64
10/06/2016,-7660,-70340000,9(-2.17 %),23700,218040000,31360,288380000,39464833,30.6
13/06/2016,-62000,-555000000,8.9(-1.11 %),0,0,62000,555000000,39494833,30.59
14/06/2016,-68060,-609540000,8.9(0.00 %),0,0,68060,609540000,39625333,30.53
15/06/2016,89920,811290000,9(1.12 %),209920,1888290000,120000,1077000000,39446773,30.61
16/06/2016,117500,1049030000,8.9(-1.11 %),420000,3770500000,302500,2721470000,39288773,30.69
17/06/2016,192230,1710850000,8.9(0.00 %),246230,2191450000,54000,480600000,39110603,30.77
20/06/2016,55950,498160000,8.9(0.00 %),123850,1102270000,67900,604110000,39106753,30.77
21/06/2016,-13740,-122290000,8.8(-1.12 %),0,0,13740,122290000,39209253,30.72
22/06/2016,-51690,-454870000,8.8(0.00 %),0,0,51690,454870000,39263253,30.7
23/06/2016,-80080,-704700000,8.7(-1.14 %),0,0,80080,704700000,39331153,30.67
24/06/2016,182540,1476960000,8.4(-3.45 %),214670,1750490000,32130,273530000,39130223,30.76
27/06/2016,86670,718790000,8.3(-1.19 %),176670,1464690000,90000,745900000,39005243,30.82
28/06/2016,10000,77000000,8.4(1.20 %),100000,830000000,90000,753000000,38985323,30.83
29/06/2016,-31760,-270680000,8.5(1.19 %),12200,102980000,43960,373660000,39005253,30.82
30/06/2016,-34490,-292270000,8.3(-2.35 %),0,0,34490,292270000,39095253,30.78
01/07/2016,-30450,-252780000,8.4(1.20 %),50,420000,30500,253200000,39185203,30.73
04/07/2016,130220,1065110000,8.3(-1.19 %),192500,1585260000,62280,520150000,42202277,30.79
05/07/2016,224500,1898830000,8.7(4.82 %),347000,2949380000,122500,1050550000,41889767,30.92
06/07/2016,50810,443730000,8.9(2.30 %),53900,471220000,3090,27490000,41866367,30.93
07/07/2016,0,0,8.9(0.00 %),0,0,0,0,41928647,30.9
08/07/2016,-2070,-19430000,9.3(4.49 %),0,0,2070,19430000,42051147,30.85
11/07/2016,-23820,-216630000,8.9(-4.30 %),0,0,23820,216630000,42051147,30.85
12/07/2016,364940,3257220000,9.2(3.37 %),374650,3343150000,9710,85930000,41679587,31.01
13/07/2016,514590,4718620000,9.3(1.09 %),514590,4718620000,0,0,41167067,31.23
14/07/2016,51000,469200000,9(-3.23 %),51000,469200000,0,0,41139893,31.24
15/07/2016,0,0,8.9(-1.11 %),0,0,0,0,41149603,31.24
18/07/2016,0,0,9(1.12 %),0,0,0,0,41149603,31.24
19/07/2016,-2130,-19170000,9(0.00 %),0,0,2130,19170000,41149603,31.24
20/07/2016,-8360,-73140000,8.8(-2.22 %),0,0,8360,73140000,41149603,31.24
21/07/2016,-2260,-19610000,8.6(-2.27 %),500,4400000,2760,24010000,41149103,31.24
22/07/2016,411510,3538130000,8.8(2.33 %),411510,3538130000,0,0,40739730,31.42
25/07/2016,156180,1362680000,9(2.27 %),221180,1945680000,65000,583000000,40526910,31.51
26/07/2016,0,0,9(0.00 %),0,0,0,0,40529670,31.51
27/07/2016,0,0,8.7(-3.33 %),0,0,0,0,40529670,31.51
28/07/2016,0,0,8.7(0.00 %),0,0,0,0,40594670,31.48
29/07/2016,0,0,8.7(0.00 %),0,0,0,0,40594670,31.48
01/08/2016,0,0,8.4(-3.45 %),0,0,0,0,40594670,31.48
02/08/2016,351950,2834490000,8(-4.76 %),351950,2834490000,0,0,40242720,31.63
03/08/2016,125410,982240000,7.9(-1.25 %),125420,982320000,10,80000,40117300,31.69
04/08/2016,160000,1280900000,8.1(2.53 %),160000,1280900000,0,0,39957300,31.75
05/08/2016,0,0,7.6(-6.17 %),0,0,0,0,39957308,31.75
08/08/2016,-4320,-31100000,7.2(-5.26 %),0,0,4320,31100000,39957318,31.75
09/08/2016,5000,35500000,7.2(0.00 %),8000,56800000,3000,21300000,39949318,31.76
10/08/2016,-6390,-46570000,7.3(1.39 %),0,0,6390,46570000,39949318,31.76
11/08/2016,0,0,7.7(5.48 %),0,0,0,0,39953638,31.76
12/08/2016,0,0,7.6(-1.30 %),0,0,0,0,39956638,31.75
15/08/2016,-37800,-283940000,7.6(0.00 %),0,0,37800,283940000,39963028,31.75
16/08/2016,-121000,-922720000,7.7(1.32 %),0,0,121000,922720000,39963028,31.75
17/08/2016,-44560,-345070000,7.7(0.00 %),0,0,44560,345070000,39963028,31.75
18/08/2016,-40000,-304960000,7.7(0.00 %),0,0,40000,304960000,40000828,31.74
19/08/2016,-23570,-179130000,7.6(-1.30 %),0,0,23570,179130000,40121828,31.68
22/08/2016,-95880,-720690000,7.4(-2.63 %),0,0,95880,720690000,40166388,31.66
23/08/2016,-44000,-329900000,7.7(4.05 %),0,0,44000,329900000,40206388,31.65
24/08/2016,200,1500000,7.5(-2.60 %),200,1500000,0,0,40229758,31.64
25/08/2016,-29100,-216060000,7.5(0.00 %),0,0,29100,216060000,40325638,31.6
26/08/2016,-45250,-337690000,7.5(0.00 %),50,380000,45300,338070000,40369588,31.58
29/08/2016,-52120,-386320000,7.5(0.00 %),15200,112480000,67320,498800000,40354388,31.58
30/08/2016,0,0,7.5(0.00 %),0,0,0,0,40383488,31.57
31/08/2016,-110500,-834800000,7.7(2.67 %),0,0,110500,834800000,40428788,31.55
01/09/2016,-21500,-163750000,7.7(0.00 %),0,0,21500,163750000,40496108,31.52
05/09/2016,-77590,-581930000,7.5(-2.60 %),0,0,77590,581930000,40496108,31.52
06/09/2016,-45000,-338300000,7.6(1.33 %),0,0,45000,338300000,40606608,31.47
07/09/2016,-37660,-283720000,7.6(0.00 %),50,380000,37710,284100000,40628064,31.46
08/09/2016,0,0,7.7(1.32 %),0,0,0,0,40705654,31.43
09/09/2016,-20000,-152500000,7.7(0.00 %),0,0,20000,152500000,40750654,31.41
12/09/2016,0,0,7.6(-1.30 %),0,0,0,0,40788364,31.4
13/09/2016,-29150,-214540000,7.3(-3.95 %),1900,14290000,31050,228830000,40786464,31.4
14/09/2016,-54200,-398790000,7.3(0.00 %),0,0,54200,398790000,40806464,31.39
15/09/2016,-36000,-261170000,7.21(-1.23 %),0,0,36000,261170000,40806464,31.39
16/09/2016,-7970,-57530000,7.29(1.11 %),0,0,7970,57530000,40837514,31.37
19/09/2016,-30000,-212410000,7(-3.98 %),0,0,30000,212410000,40891714,31.35
20/09/2016,-17050,-120740000,7.1(1.43 %),0,0,17050,120740000,40927714,31.34
21/09/2016,-44000,-315770000,7.2(1.41 %),1000,7200000,45000,322970000,40934684,31.33
22/09/2016,-37210,-266770000,7.2(0.00 %),1000,7150000,38210,273920000,40963684,31.32
23/09/2016,-30280,-216360000,7.18(-0.28 %),98613,701140000,128893,917500000,40980734,31.31
26/09/2016,-20500,-145150000,7.05(-1.81 %),0,0,20500,145150000,41025734,31.29
27/09/2016,-47640,-334750000,7(-0.71 %),0,0,47640,334750000,41063944,31.28
28/09/2016,-46910,-329950000,7.05(0.71 %),0,0,46910,329950000,41094224,31.26
29/09/2016,0,0,7.03(-0.28 %),0,0,0,0,41114724,31.25
30/09/2016,0,0,7.12(1.28 %),0,0,0,0,41162364,31.23
03/10/2016,10,70000,7.13(0.14 %),10,70000,0,0,41209264,31.21
04/10/2016,-35000,-247730000,7.13(0.00 %),0,0,35000,247730000,41209264,31.21
05/10/2016,-26000,-183680000,7.14(0.14 %),0,0,26000,183680000,41209264,31.21
06/10/2016,-11000,-77550000,7.03(-1.54 %),0,0,11000,77550000,41209264,31.21
07/10/2016,-45000,-317310000,7.08(0.71 %),4000,28160000,49000,345470000,41240264,31.2
10/10/2016,-21940,-155810000,7.1(0.28 %),0,0,21940,155810000,41266264,31.19
11/10/2016,-32200,-227020000,7.09(-0.14 %),0,0,32200,227020000,41277264,31.18
12/10/2016,-100490,-725820000,7.5(5.78 %),10,70000,100500,725890000,41326254,31.16
13/10/2016,-35000,-261290000,7.49(-0.13 %),0,0,35000,261290000,41348194,31.15
14/10/2016,-48000,-359280000,7.49(0.00 %),0,0,48000,359280000,41380394,31.14
17/10/2016,-44170,-327400000,7.4(-1.20 %),0,0,44170,327400000,41480894,31.1
18/10/2016,-30820,-227610000,7.41(0.14 %),0,0,30820,227610000,41515894,31.08
19/10/2016,-43000,-318410000,7.38(-0.40 %),0,0,43000,318410000,41563867,31.06
20/10/2016,-21600,-159970000,7.38(0.00 %),0,0,21600,159970000,41608037,31.04
21/10/2016,-34590,-255380000,7.4(0.27 %),0,0,34590,255380000,41638857,31.03
24/10/2016,-15220,-112240000,7.35(-0.68 %),100,740000,15320,112980000,41681757,31.01
25/10/2016,-36000,-264700000,7.4(0.68 %),0,0,36000,264700000,41703357,31.0
26/10/2016,-31500,-230010000,7.35(-0.68 %),0,0,31500,230010000,41737947,30.99
27/10/2016,-4500,-33030000,7.35(0.00 %),0,0,4500,33030000,41753267,30.98
28/10/2016,0,0,7.4(0.68 %),0,0,0,0,41789267,30.96
31/10/2016,-36000,-267870000,7.57(2.30 %),0,0,36000,267870000,41820767,30.95
01/11/2016,-23000,-171290000,7.54(-0.40 %),0,0,23000,171290000,41825267,30.95
02/11/2016,-8630,-64660000,7.49(-0.66 %),0,0,8630,64660000,41825267,30.95
03/11/2016,-20000,-146250000,7.47(-0.27 %),0,0,20000,146250000,41861267,30.93
04/11/2016,-12070,-89540000,7.4(-0.94 %),0,0,12070,89540000,41884267,30.92
07/11/2016,-65000,-473280000,7.2(-2.70 %),0,0,65000,473280000,41892897,30.92
08/11/2016,-45000,-324200000,7.39(2.64 %),0,0,45000,324200000,41912897,30.91
09/11/2016,-50000,-357700000,7.28(-1.49 %),0,0,50000,357700000,41924967,30.91
10/11/2016,-100000,-733600000,7.45(2.34 %),0,0,100000,733600000,41989967,30.88
11/11/2016,0,0,7.45(0.00 %),0,0,0,0,42034967,30.86
14/11/2016,-52000,-387580000,7.45(0.00 %),0,0,52000,387580000,42084967,30.84
15/11/2016,-100000,-749720000,7.5(0.67 %),0,0,100000,749720000,42184967,30.79
16/11/2016,-100000,-766340000,8.02(6.93 %),0,0,100000,766340000,42184967,30.79
17/11/2016,-100500,-825740000,8.22(2.49 %),0,0,100500,825740000,42236967,30.77
18/11/2016,-165240,-1339310000,8.22(0.00 %),0,0,165240,1339310000,42336967,30.73
21/11/2016,-100700,-813780000,8.19(-0.36 %),0,0,100700,813780000,42436967,30.68
22/11/2016,-65000,-528260000,8.14(-0.61 %),0,0,65000,528260000,42537467,30.64
23/11/2016,-100000,-797580000,7.85(-3.56 %),0,0,100000,797580000,42702707,30.57
24/11/2016,-99980,-765320000,7.6(-3.18 %),20,160000,100000,765480000,42803387,30.53
25/11/2016,-166000,-1258650000,7.62(0.26 %),0,0,166000,1258650000,42868387,30.5
28/11/2016,-88000,-685540000,7.69(0.92 %),0,0,88000,685540000,42968387,30.45
29/11/2016,-49000,-378850000,7.74(0.65 %),0,0,49000,378850000,43068387,30.41
30/11/2016,0,0,7.86(1.55 %),0,0,0,0,43234387,30.34
01/12/2016,-100000,-788210000,7.9(0.51 %),0,0,100000,788210000,43322387,30.3
02/12/2016,-35000,-274890000,7.81(-1.14 %),0,0,35000,274890000,43371387,30.28
05/12/2016,-27300,-210620000,7.8(-0.13 %),0,0,27300,210620000,43371387,30.28
06/12/2016,-40000,-308510000,7.8(0.00 %),0,0,40000,308510000,43471387,30.24
07/12/2016,-3920,-29980000,7.72(-1.03 %),80,620000,4000,30600000,43506307,30.22
08/12/2016,-14000,-107450000,7.7(-0.26 %),0,0,14000,107450000,43533607,30.21
09/12/2016,-8000,-60800000,7.6(-1.30 %),0,0,8000,60800000,43573607,30.19
12/12/2016,-70000,-508970000,7.12(-6.32 %),0,0,70000,508970000,43577607,30.19
13/12/2016,-90220,-646480000,7.12(0.00 %),9800,70560000,100020,717040000,43581807,30.19
14/12/2016,-94370,-665570000,7.1(-0.28 %),0,0,94370,665570000,43589807,30.19
15/12/2016,-27360,-198280000,7.26(2.25 %),0,0,27360,198280000,43659807,30.16
16/12/2016,-35000,-255720000,7.32(0.83 %),0,0,35000,255720000,43879547,30.06
19/12/2016,-34000,-254280000,7.6(3.83 %),0,0,34000,254280000,43854197,30.07
20/12/2016,-97990,-767000000,7.8(2.63 %),2010,15780000,100000,782780000,43879547,30.06
21/12/2016,-34500,-271440000,7.88(1.03 %),500,3940000,35000,275380000,43914047,30.05
22/12/2016,-10,-80000,7.82(-0.76 %),0,0,10,80000,43948047,30.03
23/12/2016,0,0,7.76(-0.77 %),0,0,0,0,44048047,29.99
26/12/2016,0,0,7.7(-0.77 %),0,0,0,0,44083057,29.97
27/12/2016,0,0,7.7(0.00 %),0,0,0,0,44083057,29.97
28/12/2016,700,5390000,7.7(0.00 %),700,5390000,0,0,44082357,29.97
29/12/2016,0,0,7.7(0.00 %),0,0,0,0,44082357,29.97
30/12/2016,0,0,7.65(-0.65 %),0,0,0,0,44082357,29.97
03/01/2017,-1620,-12380000,7.65(0.00 %),0,0,1620,12380000,44082357,29.97
04/01/2017,0,0,7.7(0.65 %),0,0,0,0,44082357,29.97
05/01/2017,0,0,7.73(0.39 %),0,0,0,0,44082357,29.97
06/01/2017,0,0,7.83(1.29 %),0,0,0,0,44083977,29.97
09/01/2017,0,0,8(2.17 %),0,0,0,0,44083977,29.97
10/01/2017,0,0,8(0.00 %),0,0,0,0,44083977,29.97
11/01/2017,0,0,7.95(-0.62 %),0,0,0,0,44083977,29.97
12/01/2017,0,0,7.89(-0.75 %),0,0,0,0,44083985,29.97
13/01/2017,1000,7870000,7.9(0.13 %),1000,7870000,0,0,44082985,29.97
16/01/2017,0,0,7.89(-0.13 %),0,0,0,0,44082985,29.97
17/01/2017,-35000,-272590000,7.88(-0.13 %),0,0,35000,272590000,47267985,29.97
18/01/2017,-79990,-620440000,7.87(-0.13 %),0,0,79990,620440000,47267985,29.16
19/01/2017,-15000,-117260000,7.87(0.00 %),0,0,15000,117260000,47267985,29.16
20/01/2017,-54500,-427730000,7.86(-0.13 %),0,0,54500,427730000,47302985,29.14
23/01/2017,0,0,7.86(0.00 %),0,0,0,0,47382975,29.11
24/01/2017,-40000,-303030000,7.56(-3.82 %),0,0,40000,303030000,47397975,29.1
25/01/2017,-29990,-232100000,7.73(2.25 %),10,80000,30000,232180000,47452465,29.08
02/02/2017,-20000,-153580000,7.7(-0.39 %),0,0,20000,153580000,47452465,29.08
03/02/2017,-40000,-306080000,7.62(-1.04 %),0,0,40000,306080000,47492465,29.06
06/02/2017,-20000,-151990000,7.69(0.92 %),0,0,20000,151990000,47522465,29.05
07/02/2017,-62080,-471580000,7.55(-1.82 %),0,0,62080,471580000,47542465,29.04
08/02/2017,-42000,-315210000,7.5(-0.66 %),8000,61200000,50000,376410000,47574465,29.03
09/02/2017,-60000,-452840000,7.54(0.53 %),0,0,60000,452840000,47594465,29.02
10/02/2017,-60040,-453770000,7.59(0.66 %),0,0,60040,453770000,47656545,28.99
13/02/2017,-60000,-455410000,7.6(0.13 %),0,0,60000,455410000,47706545,28.97
14/02/2017,-219420,-1733630000,7.9(3.95 %),1180,9260000,220600,1742890000,47765365,28.95
15/02/2017,-260820,-2075940000,7.91(0.13 %),0,0,260820,2075940000,47825405,28.92
16/02/2017,-58810,-465220000,7.83(-1.01 %),2000,15880000,60810,481100000,47883405,28.9
17/02/2017,0,0,7.83(0.00 %),0,0,0,0,48104005,28.8
20/02/2017,-162310,-1322350000,8.17(4.34 %),0,0,162310,1322350000,48364825,28.7
21/02/2017,-180950,-1500080000,8.25(0.98 %),0,0,180950,1500080000,48425635,28.67
22/02/2017,-82620,-694350000,8.47(2.67 %),2380,20290000,85000,714640000,48423255,28.67
23/02/2017,-6100,-51480000,8.37(-1.18 %),1900,16080000,8000,67560000,48583665,28.6
24/02/2017,0,0,8.37(0.00 %),0,0,0,0,48764615,28.53
27/02/2017,-173600,-1480620000,8.5(1.55 %),500,4230000,174100,1484850000,48857118,28.49
28/02/2017,0,0,8.5(0.00 %),0,0,0,0,48857118,28.49
01/03/2017,0,0,8.4(-1.18 %),0,0,0,0,48857118,28.49
02/03/2017,-100020,-865180000,8.74(4.05 %),0,0,100020,865180000,49031218,28.42
03/03/2017,-50000,-437500000,8.72(-0.23 %),0,0,50000,437500000,49031218,28.42
06/03/2017,-200490,-1784420000,9(3.21 %),0,0,200490,1784420000,49031218,28.42
07/03/2017,-78890,-713250000,9(0.00 %),0,0,78890,713250000,49131238,28.37
08/03/2017,-4500,-40280000,8.91(-1.00 %),0,0,4500,40280000,49181238,28.35
09/03/2017,-10,-90000,8.8(-1.23 %),0,0,10,90000,49381728,28.27
10/03/2017,0,0,8.67(-1.48 %),0,0,0,0,49460618,28.24
13/03/2017,0,0,8.87(2.31 %),0,0,0,0,49465118,28.23
14/03/2017,0,0,8.78(-1.01 %),0,0,0,0,49465128,28.23
15/03/2017,0,0,8.78(0.00 %),0,0,0,0,49465128,28.23
16/03/2017,-3500,-31050000,8.9(1.37 %),0,0,3500,31050000,49465128,28.23
17/03/2017,-749960,-7086620000,9.47(6.40 %),40,380000,750000,7087000000,49465128,28.23
20/03/2017,40,380000,9.54(0.74 %),40,380000,0,0,49465128,28.23
21/03/2017,-100000,-965000000,9.54(0.00 %),0,0,100000,965000000,49465128,28.23
22/03/2017,-600,-5690000,9.1(-4.61 %),80,760000,680,6450000,49465128,28.23
23/03/2017,0,0,9.13(0.33 %),0,0,0,0,49465128,28.23
24/03/2017,0,0,9.1(-0.33 %),0,0,0,0,49465128,28.23
27/03/2017,20,180000,9(-1.10 %),20,180000,0,0,49465128,28.23
28/03/2017,10,90000,8.85(-1.67 %),10,90000,0,0,49465128,28.23
29/03/2017,-2070,-18570000,8.8(-0.56 %),0,0,2070,18570000,49465128,28.23
30/03/2017,350,3110000,8.81(0.11 %),350,3110000,0,0,49465128,28.23
31/03/2017,0,0,8.67(-1.59 %),0,0,0,0,49465128,28.23
03/04/2017,1000,8850000,8.81(1.61 %),1000,8850000,0,0,50319844,27.87
04/04/2017,600,5320000,8.81(0.00 %),600,5320000,0,0,50319244,27.87
05/04/2017,0,0,8.8(-0.11 %),0,0,0,0,50319244,27.87
07/04/2017,440,3820000,8.8(0.00 %),440,3820000,0,0,50318804,27.87
10/04/2017,-23830,-210010000,8.72(-0.91 %),40,350000,23870,210360000,50318764,27.87
11/04/2017,-160066,-1411150000,9.1(4.36 %),0,0,160066,1411150000,50318764,27.87
12/04/2017,-98600,-898450000,9.1(0.00 %),1400,12850000,100000,911300000,50317364,27.88
13/04/2017,-136730,-1259670000,9.24(1.54 %),0,0,136730,1259670000,50341234,27.87
14/04/2017,-10,-90000,9.2(-0.43 %),0,0,10,90000,50501300,27.8
17/04/2017,-99950,-925840000,9.1(-1.09 %),0,0,99950,925840000,50601300,27.76
18/04/2017,3000,27200000,9.1(0.00 %),4000,36200000,1000,9000000,50734030,27.7
19/04/2017,-200000,-1806760000,9.01(-0.99 %),0,0,200000,1806760000,50734040,27.7
20/04/2017,-219050,-2042200000,9.47(5.11 %),22750,213330000,241800,2255530000,50811240,27.67
21/04/2017,-150440,-1423950000,9.7(2.43 %),140,1330000,150580,1425280000,50812100,27.67
24/04/2017,-190000,-1897380000,10(3.09 %),20000,202000000,210000,2099380000,50992100,27.59
25/04/2017,-270500,-2661850000,9.75(-2.50 %),340,3450000,270840,2665300000,51233561,27.49
26/04/2017,-19120,-195400000,10.4(6.67 %),980,9600000,20100,205000000,51383161,27.43
27/04/2017,18880,201830000,10.45(0.48 %),18880,201830000,0,0,51574281,27.35
28/04/2017,-5630,-59850000,10.65(1.91 %),0,0,5630,59850000,51845121,27.23
03/05/2017,-7410,-75210000,10.3(-3.29 %),0,0,7410,75210000,51865221,27.23
04/05/2017,-502490,-5507100000,11(6.80 %),0,0,502490,5507100000,51865221,27.23
05/05/2017,-8450,-97990000,11.7(6.36 %),0,0,8450,97990000,51870851,27.22
08/05/2017,-250,-3000000,11.75(0.43 %),0,0,250,3000000,51878261,27.22
09/05/2017,-440,-5190000,12.05(2.55 %),0,0,440,5190000,52380751,27.01
10/05/2017,-32730,-391460000,11.3(-6.22 %),0,0,32730,391460000,52389201,27.01
11/05/2017,-21880,-251700000,11.55(2.21 %),0,0,21880,251700000,52389451,27.01
12/05/2017,-21290,-249090000,11.75(1.73 %),2980,34870000,24270,283960000,52386911,27.01
15/05/2017,-31870,-386760000,12.4(5.53 %),3050,35840000,34920,422600000,52416596,26.99
16/05/2017,-50880,-628960000,11.85(-4.44 %),3050,38130000,53930,667090000,52435426,26.99
17/05/2017,130290,1547510000,11.95(0.84 %),132290,1571310000,2000,23800000,52327406,27.03
18/05/2017,180000,2129640000,11.7(-2.09 %),180000,2129640000,0,0,52182326,27.09
19/05/2017,290000,3373050000,11.55(-1.28 %),290000,3373050000,0,0,51946256,27.19
22/05/2017,263000,3076410000,11.4(-1.30 %),263000,3076410000,0,0,51685256,27.3
23/05/2017,29360,332200000,11.4(0.00 %),29360,332200000,0,0,51655896,27.31
24/05/2017,300,3490000,11.5(0.88 %),300,3490000,0,0,51655596,27.31
25/05/2017,105560,1237710000,11.75(2.17 %),107060,1255410000,1500,17700000,51548536,27.36
26/05/2017,-680,-7990000,11.65(-0.85 %),50,590000,730,8580000,51548486,27.36
29/05/2017,-27370,-322810000,12.45(6.87 %),0,0,27370,322810000,51548486,27.36
30/05/2017,-19970,-255620000,12.85(3.21 %),100,1290000,20070,256910000,51549886,27.36
31/05/2017,-350,-4460000,12.8(-0.39 %),0,0,350,4460000,51550616,27.36
01/06/2017,6300,79960000,12.7(-0.78 %),6300,79960000,0,0,51571686,27.35
02/06/2017,-10480,-139150000,13.35(5.12 %),8000,106630000,18480,245780000,51583756,27.34
05/06/2017,-45980,-616880000,13.3(-0.37 %),1010,13380000,46990,630260000,51583096,27.34
06/06/2017,-123600,-1656450000,13.4(0.75 %),6400,85550000,130000,1742000000,51576696,27.35
07/06/2017,-118500,-1621370000,13.75(2.61 %),1500,20630000,120000,1642000000,51593676,27.34
08/06/2017,590,8550000,14.5(5.45 %),1100,15770000,510,7220000,51639566,27.32
09/06/2017,-128030,-1855020000,14.2(-2.07 %),2350,34420000,130380,1889440000,51767216,27.27
12/06/2017,-79500,-1141270000,14.4(1.41 %),1100,15920000,80600,1157190000,51886116,27.22
13/06/2017,-83540,-1210990000,14.6(1.39 %),500,7250000,84040,1218240000,51886126,27.22
14/06/2017,-80000,-1149500000,14.35(-1.71 %),0,0,80000,1149500000,52016506,27.16
15/06/2017,-91420,-1292290000,14.15(-1.39 %),80,1140000,91500,1293430000,52097026,27.13
16/06/2017,-83700,-1185940000,14.2(0.35 %),300,4260000,84000,1190200000,52180766,27.09
19/06/2017,-109900,-1572570000,14.3(0.70 %),0,0,109900,1572570000,52260766,27.06
20/06/2017,0,0,14.6(2.10 %),0,0,0,0,52352266,27.02
21/06/2017,-1000,-14300000,14.25(-2.40 %),0,0,1000,14300000,52436266,26.99
22/06/2017,-125160,-1769590000,14.1(-1.05 %),0,0,125160,1769590000,52546166,26.94
23/06/2017,-2000,-28100000,14.25(1.06 %),0,0,2000,28100000,52546166,26.94
26/06/2017,200,2850000,14.15(-0.70 %),200,2850000,0,0,52546966,26.94
27/06/2017,-1000,-14250000,14.35(1.41 %),0,0,1000,14250000,52674126,26.89
28/06/2017,-1000,-14500000,14.6(1.74 %),0,0,1000,14500000,52674126,26.89
29/06/2017,3030,47510000,15.6(6.85 %),5130,80030000,2100,32520000,52668996,26.89
30/06/2017,710,11160000,15.6(0.00 %),1000,15700000,290,4540000,52668996,26.89
03/07/2017,1000,15800000,15.8(1.28 %),1000,15800000,0,0,52668996,26.89
04/07/2017,20210,314280000,15.65(-0.95 %),20210,314280000,0,0,52650886,26.9
05/07/2017,19000,294050000,15.75(0.64 %),20000,309500000,1000,15450000,52631176,26.9
06/07/2017,6600,105260000,15.95(1.27 %),6700,106860000,100,1600000,52624476,26.91
07/07/2017,14580,230500000,15.4(-3.45 %),15580,246150000,1000,15650000,52608896,26.91
10/07/2017,57200,884550000,15.5(0.65 %),57200,884550000,0,0,52543596,26.94
11/07/2017,9200,137740000,15.4(-0.65 %),10200,153090000,1000,15350000,52542596,26.94
12/07/2017,50550,758780000,15.05(-2.27 %),50550,758780000,0,0,52493046,26.96
13/07/2017,0,0,15.1(0.33 %),0,0,0,0,52493046,26.96
14/07/2017,19690,296350000,15.05(-0.33 %),19690,296350000,0,0,52474356,26.97
17/07/2017,0,0,15.2(1.00 %),0,0,0,0,52474356,26.97
18/07/2017,0,0,15.2(0.00 %),0,0,0,0,52474356,26.97
19/07/2017,2000,30200000,15.15(-0.33 %),2000,30200000,0,0,52472356,26.97
20/07/2017,-300,-4530000,15.05(-0.66 %),0,0,300,4530000,52472356,26.97
21/07/2017,65940,955880000,14.4(-4.32 %),65940,955880000,0,0,52406416,27.0
24/07/2017,-200,-2820000,14.25(-1.04 %),0,0,200,2820000,52406416,27.0
25/07/2017,19800,295100000,14.9(4.56 %),20000,298000000,200,2900000,52386716,27.01
26/07/2017,0,0,15.05(1.01 %),0,0,0,0,52385416,27.01
27/07/2017,1500,22650000,15(-0.33 %),1500,22650000,0,0,52385416,27.01
28/07/2017,-40,-590000,15.2(1.33 %),0,0,40,590000,52385618,27.01
31/07/2017,0,0,15(-1.32 %),0,0,0,0,52385618,27.01
01/08/2017,17500,262500000,15(0.00 %),17500,262500000,0,0,52368118,27.01
02/08/2017,-10000,-150000000,15.1(0.67 %),0,0,10000,150000000,52368158,27.01
03/08/2017,-14840,-222150000,15.1(0.00 %),5160,77850000,20000,300000000,52362998,27.02
04/08/2017,-25000,-375000000,15.6(3.31 %),0,0,25000,375000000,52362998,27.02
07/08/2017,-97400,-1613920000,16.55(6.09 %),2600,41080000,100000,1655000000,52370398,27.01
08/08/2017,0,0,16.3(-1.51 %),0,0,0,0,52390398,27.01
09/08/2017,1430,22520000,15.5(-4.91 %),1430,22520000,0,0,52413968,27.0
10/08/2017,0,0,15.65(0.97 %),0,0,0,0,52513968,26.95
11/08/2017,0,0,15.7(0.32 %),0,0,0,0,52513968,26.95
14/08/2017,2000,32800000,16.65(6.05 %),2000,32800000,0,0,52511968,26.95
15/08/2017,15210,244780000,16(-3.90 %),15210,244780000,0,0,52496758,26.96
16/08/2017,-157130,-2521600000,16(0.00 %),21860,349450000,178990,2871050000,52474898,26.97
17/08/2017,-170000,-2722530000,15.8(-1.25 %),0,0,170000,2722530000,52474898,26.97
18/08/2017,-50000,-802500000,15.8(0.00 %),0,0,50000,802500000,52474898,26.97
21/08/2017,-90000,-1423020000,15.8(0.00 %),0,0,90000,1423020000,52653888,26.89
22/08/2017,-130020,-2041610000,15.6(-1.27 %),3470,54700000,133490,2096310000,52820418,26.82
23/08/2017,-200000,-3105430000,15.4(-1.28 %),0,0,200000,3105430000,52870418,26.8
24/08/2017,-169700,-2614670000,15.4(0.00 %),10300,159390000,180000,2774060000,52950118,26.77
25/08/2017,-269370,-4168280000,15.55(0.97 %),630,9720000,270000,4178000000,53082978,26.71
28/08/2017,-405450,-6387500000,15.9(2.25 %),0,0,405450,6387500000,53282978,26.63
29/08/2017,-262950,-4177700000,15.9(0.00 %),350,5540000,263300,4183240000,53462628,26.56
30/08/2017,-325510,-5112820000,15.6(-1.89 %),600,9400000,326110,5122220000,53732028,26.44
31/08/2017,-376830,-5878550000,15.6(0.00 %),520,8110000,377350,5886660000,54136958,26.27
01/09/2017,-194900,-3003010000,16(2.56 %),316640,5033780000,511540,8036790000,54083618,26.29
05/09/2017,86050,1364350000,15.8(-1.25 %),210150,3324130000,124100,1959780000,54199578,26.25
06/09/2017,34100,538490000,15.8(0.00 %),210000,3311710000,175900,2773220000,54366928,26.18
07/09/2017,-26880,-419700000,15.6(-1.27 %),200000,3149420000,226880,3569120000,54678468,26.04
08/09/2017,166580,2614030000,15.7(0.64 %),201000,3151980000,34420,537950000,54601568,26.08
11/09/2017,0,0,15.6(-0.64 %),0,0,0,0,54777468,26.0
12/09/2017,-382020,-5836780000,15.5(-0.64 %),0,0,382020,5836780000,55004348,25.91
13/09/2017,0,0,15.5(0.00 %),0,0,0,0,55038768,25.89
14/09/2017,0,0,15.55(0.32 %),0,0,0,0,55038768,25.89
15/09/2017,6000,93350000,15.55(0.00 %),6000,93350000,0,0,55414788,25.74
18/09/2017,3480,55680000,15.9(2.25 %),3580,57280000,100,1600000,55411208,25.74
19/09/2017,2000,31600000,15.7(-1.26 %),2000,31600000,0,0,55409208,25.74
20/09/2017,8020,126830000,15.9(1.27 %),8120,128410000,100,1580000,55401090,25.74
21/09/2017,220,3520000,15.8(-0.63 %),220,3520000,0,0,55400970,25.74
22/09/2017,6400,100600000,15.9(0.63 %),6400,100600000,0,0,55394570,25.74
25/09/2017,-7080,-115070000,16.15(1.57 %),0,0,7080,115070000,55394670,25.74
26/09/2017,0,0,16.15(0.00 %),0,0,0,0,55394670,25.74
27/09/2017,31570,510880000,15.85(-1.86 %),31670,512500000,100,1620000,55363000,25.76
28/09/2017,0,0,15.85(0.00 %),0,0,0,0,55370080,25.75
29/09/2017,0,0,15.9(0.32 %),0,0,0,0,55370080,25.75
02/10/2017,0,0,15.8(-0.63 %),0,0,0,0,55370180,25.75
03/10/2017,3980,62390000,15.8(0.00 %),3980,62390000,0,0,55366200,25.76
04/10/2017,0,0,15.8(0.00 %),0,0,0,0,55366200,25.76
05/10/2017,-20,-320000,15.95(0.95 %),0,0,20,320000,55366200,25.76
06/10/2017,-100,-1600000,15.95(0.00 %),0,0,100,1600000,55366200,25.76
09/10/2017,0,0,16.1(0.94 %),0,0,0,0,55366200,25.76
10/10/2017,-4300,-70930000,16.5(2.48 %),0,0,4300,70930000,55366220,25.76
11/10/2017,-3380,-55770000,16.45(-0.30 %),0,0,3380,55770000,55366320,25.76
12/10/2017,0,0,16.15(-1.82 %),0,0,0,0,55366320,25.76
13/10/2017,-200,-3250000,16.2(0.31 %),0,0,200,3250000,55370620,25.75
16/10/2017,11920,195490000,16.3(0.62 %),11920,195490000,0,0,55362080,25.76
17/10/2017,-41870,-690930000,16.4(0.61 %),6990,114660000,48860,805590000,55355090,25.76
18/10/2017,-590660,-9571730000,16(-2.44 %),17750,287380000,608410,9859110000,55337540,25.77
19/10/2017,2450,39270000,16.1(0.62 %),2450,39270000,0,0,55335090,25.77
20/10/2017,5060,81970000,16.2(0.62 %),5060,81970000,0,0,55378890,25.75
23/10/2017,5000,80840000,16(-1.23 %),5000,80840000,0,0,55982300,25.5
24/10/2017,-2400,-39160000,16.15(0.94 %),5000,80600000,7400,119760000,55977300,25.5
25/10/2017,90,1760000,16.15(0.00 %),10100,163420000,10010,161660000,55967200,25.5
26/10/2017,90220,1454630000,16.1(-0.31 %),90220,1454630000,0,0,55876980,25.54
27/10/2017,12780,207040000,16.25(0.93 %),12780,207040000,0,0,55871600,25.54
30/10/2017,6110,96990000,15.8(0.00 %),6110,96990000,0,0,55875500,25.54
31/10/2017,-4630,-73240000,15.8(0.00 %),1370,21560000,6000,94800000,55874130,25.54
01/11/2017,1500,23630000,15.7(-0.63 %),1500,23630000,0,0,55872630,25.54
02/11/2017,138110,2146590000,14.65(-6.69 %),138110,2146590000,0,0,55734520,25.6
03/11/2017,9530,143310000,15.1(3.07 %),17590,262200000,8060,118890000,55722934,25.61
06/11/2017,500,7450000,14.9(-1.32 %),500,7450000,0,0,55722434,25.61
07/11/2017,4000,59050000,15(0.67 %),4000,59050000,0,0,55718434,25.61
08/11/2017,1500,22380000,15.2(1.33 %),1500,22380000,0,0,55724994,25.61
09/11/2017,32790,501490000,16(5.26 %),32790,501490000,0,0,55692204,25.62
10/11/2017,-7000,-113550000,16.55(3.44 %),2000,33300000,9000,146850000,55690204,25.62
13/11/2017,990,16530000,16.65(0.60 %),1000,16700000,10,170000,55689204,25.62
14/11/2017,200,3300000,16.75(0.60 %),500,8430000,300,5130000,55688704,25.62
15/11/2017,-5640,-100220000,16(-4.48 %),6500,105330000,12140,205550000,55691204,25.62
16/11/2017,-220,-3580000,16.7(4.38 %),0,0,220,3580000,55691214,25.62
17/11/2017,51070,837330000,16.3(-2.40 %),51070,837330000,0,0,55640444,25.64
20/11/2017,10900,177130000,16.25(-0.31 %),10900,177130000,0,0,55641684,25.64
21/11/2017,-3480,-55770000,16.6(2.15 %),2550,42280000,6030,98050000,55639354,25.64
22/11/2017,-9000,-151200000,17(2.41 %),0,0,9000,151200000,55639354,25.64
23/11/2017,-2451220,-42673400000,17.25(1.47 %),33000,574450000,2484220,43247850000,55606354,25.66
24/11/2017,-2303560,-40536710000,17.6(2.03 %),213520,3761750000,2517080,44298460000,55398844,25.74
27/11/2017,33130,589820000,18(2.27 %),51500,927330000,18370,337510000,55356344,25.76
28/11/2017,56419211,1086066450000,19.25(6.94 %),56420971,1086098210000,1760,31760000,1419593,48.4
29/11/2017,365920,7399870000,20.55(6.75 %),1275180,25844370000,909260,18444500000,2661493,47.88
30/11/2017,17370,351660000,19.9(-3.16 %),38370,776360000,21000,424700000,2641493,47.89
01/12/2017,-4534560,-89208290000,20.65(3.77 %),19140,383060000,4553700,89591350000,2624113,47.9
04/12/2017,-1508430,-31697120000,21(1.69 %),178320,3741230000,1686750,35438350000,3355053,47.59
05/12/2017,-57420,-1206650000,20(-4.76 %),3980,81250000,61400,1287900000,3372073,47.58
06/12/2017,-1786670,-35202690000,19.65(-1.75 %),98380,1935450000,1885050,37138140000,7827393,45.71
07/12/2017,-1670,-33560000,20.4(3.82 %),1000,19800000,2670,53360000,9513143,45.01
08/12/2017,-1325020,-27830670000,21(2.94 %),1400,29380000,1326420,27860050000,9573143,44.98
11/12/2017,-778280,-16828680000,21.1(0.48 %),105860,2244670000,884140,19073350000,11352333,44.23
12/12/2017,-1220830,-25034410000,21(-0.47 %),21370,446450000,1242200,25480860000,11333633,44.24
13/12/2017,596350,11367020000,21.35(1.67 %),757450,14822390000,161100,3455370000,11902603,44.0
14/12/2017,1020,21880000,21.35(0.00 %),1020,21880000,0,0,12785723,43.63
15/12/2017,-39560,-844060000,21.4(0.23 %),1730,37250000,41290,881310000,14026193,43.11
18/12/2017,8850,187270000,21(-1.87 %),13550,287740000,4700,100470000,14173743,43.05
19/12/2017,-56300,-1173890000,20.5(-2.38 %),10,210000,56310,1174100000,14173733,43.05
20/12/2017,-119410,-2490820000,21(2.44 %),8500,178480000,127910,2669300000,14206523,43.04
21/12/2017,729960,15038710000,21.55(2.62 %),730000,15039550000,40,840000,13481223,43.34
22/12/2017,1050,22330000,20.9(-3.02 %),1050,22330000,0,0,13536483,43.32
25/12/2017,0,0,20.4(-2.39 %),0,0,0,0,13664393,43.26
26/12/2017,2500,51160000,20.25(-0.74 %),3000,61360000,500,10200000,13661433,43.26
27/12/2017,-1500,-30680000,20.25(0.00 %),0,0,1500,30680000,13661433,43.26
28/12/2017,200480,4064980000,20.4(0.74 %),200500,4065390000,20,410000,13460933,43.35
29/12/2017,270000,5570770000,20.6(0.98 %),270000,5570770000,0,0,13191433,43.46
02/01/2018,-22440,-466010000,20.8(0.97 %),0,0,22440,466010000,13192933,43.46
03/01/2018,-177100,-3569090000,21.6(3.85 %),2900,60910000,180000,3630000000,13190053,43.46
04/01/2018,-37050,-849090000,22.8(5.56 %),3500,80520000,40550,929610000,13186553,43.46
05/01/2018,-34490,-792530000,22.8(0.00 %),18000,413600000,52490,1206130000,13190993,43.46
08/01/2018,281300,6281750000,23(0.88 %),282200,6302310000,900,20560000,13088793,43.51
09/01/2018,148230,3428260000,23.8(3.48 %),151230,3499210000,3000,70950000,12978113,43.55
10/01/2018,46840,1118850000,23.8(0.00 %),50000,1194120000,3160,75270000,12980603,43.55
11/01/2018,113100,2688040000,23.7(-0.42 %),114100,2711790000,1000,23750000,12867403,43.6
12/01/2018,-41740,-1007370000,23.2(-2.11 %),48500,1149380000,90240,2156750000,12821903,43.62
15/01/2018,13100,307920000,23.5(1.29 %),13100,307920000,0,0,12811963,43.62
16/01/2018,3990,93890000,23.5(0.00 %),4010,94370000,20,480000,12808953,43.62
17/01/2018,20300,472290000,22.6(-3.83 %),21370,496760000,1070,24470000,12877823,43.59
18/01/2018,439000,9954310000,22.65(0.22 %),440000,9976810000,1000,22500000,12437823,43.78
19/01/2018,9950,228720000,22.5(-0.66 %),18100,414490000,8150,185770000,12419743,43.79
22/01/2018,43000,967700000,22.55(0.22 %),48500,1091450000,5500,123750000,12372313,43.81
25/01/2018,190500,4356220000,23(2.00 %),190500,4356220000,0,0,12196463,43.88
26/01/2018,203380,4675690000,22.8(-0.87 %),203380,4675690000,0,0,11993083,43.97
29/01/2018,62400,1423540000,22.8(0.00 %),62400,1423540000,0,0,11930683,43.99
30/01/2018,121070,2578040000,24.35(6.80 %),122070,2602390000,1000,24350000,11808613,44.04
31/01/2018,190420,4757660000,22.65(-6.98 %),200600,5018140000,10180,260480000,11608013,44.13
01/02/2018,-39990,-938790000,24.1(6.40 %),23310,552110000,63300,1490900000,11584703,44.14
02/02/2018,237870,5487220000,23.9(-0.83 %),246370,5691220000,8500,204000000,11339333,44.24
05/02/2018,-38470,-887400000,22.25(-6.90 %),3500,80850000,41970,968250000,11346013,44.24
06/02/2018,434250,9241670000,20.9(-6.07 %),509500,10836980000,75250,1595310000,10899813,44.42
07/02/2018,72780,1598290000,22.3(6.70 %),83480,1833690000,10700,235400000,10824833,44.46
08/02/2018,-432400,-9736490000,22.4(0.45 %),97600,2182120000,530000,11918610000,10769203,44.48
09/02/2018,-486340,-10482450000,21.55(-3.79 %),518940,10945210000,1005280,21427660000,10325513,44.67
12/02/2018,-245500,-5405130000,22.6(4.87 %),255000,5634180000,500500,11039310000,10081213,44.77
13/02/2018,-214900,-5825080000,23.75(5.09 %),285600,6013440000,500500,11838520000,10325613,44.67
21/02/2018,25050,598110000,23.8(0.21 %),26360,629550000,1310,31440000,11304533,44.25
22/02/2018,-18250,-429290000,23.45(-1.47 %),40710,970040000,58960,1399330000,11764323,44.06
23/02/2018,-14900,-354390000,23.85(1.71 %),38050,894730000,52950,1249120000,12226773,43.87
26/02/2018,-42000,-1026700000,24.1(1.05 %),0,0,42000,1026700000,12228083,43.87
27/02/2018,-863610,-20664220000,23.85(-1.04 %),190000,4557460000,1053610,25221680000,12097043,43.92
28/02/2018,-433340,-10315110000,23.8(-0.21 %),138650,3298070000,571990,13613180000,12011343,43.96
01/03/2018,398060,9978420000,25.2(5.88 %),413760,10369760000,15700,391340000,11639583,44.11
02/03/2018,1617140,43025550000,26.9(6.75 %),1636910,43548420000,19770,522870000,11056283,44.36
05/03/2018,147860,3996880000,26.2(-2.60 %),171540,4631850000,23680,634970000,11456733,44.19
06/03/2018,679010,18055470000,27.5(4.96 %),731980,19461580000,52970,1406110000,10740453,44.49
07/03/2018,-27100,-748570000,27.3(-0.73 %),500,13740000,27600,762310000,10759723,44.48
08/03/2018,-1284690,-34885840000,26.85(-1.65 %),86570,2360920000,1371260,37246760000,10696833,44.51
09/03/2018,125110,3400770000,26.9(0.19 %),168480,4571760000,43370,1170990000,10581323,44.56
12/03/2018,250590,6860670000,27.6(2.60 %),321100,8833610000,70510,1972940000,10287823,44.68
13/03/2018,17350,502430000,28(1.45 %),520000,14536150000,502650,14033720000,11339083,44.24
14/03/2018,-504550,-14225680000,27.6(-1.43 %),2176650,60975390000,2681200,75201070000,11205803,44.3
15/03/2018,-690700,-18964830000,27.2(-1.45 %),313300,8612520000,1004000,27577350000,10963013,44.4
16/03/2018,-220500,-5973540000,27.5(1.10 %),169500,4618110000,390000,10591650000,11096163,44.34
19/03/2018,-1212800,-34074520000,28.1(2.18 %),507300,14288330000,1720100,48362850000,11770063,44.06
20/03/2018,-2343340,-65190750000,27.9(-0.71 %),46860,1308200000,2390200,66498950000,12727203,43.66
21/03/2018,-1916350,-54002640000,28.45(1.97 %),4400,123420000,1920750,54126060000,13112803,43.49
22/03/2018,-57600,-1602920000,28.1(-1.23 %),342400,9740260000,400000,11343180000,13990503,43.13
23/03/2018,-858450,-23380480000,27.1(-3.56 %),200950,5503840000,1059400,28884320000,16179753,42.21
26/03/2018,36800,996570000,27.15(0.18 %),44100,1195130000,7300,198560000,18056403,41.42
27/03/2018,-187640,-5124720000,27.05(-0.37 %),16000,437250000,203640,5561970000,18440403,41.26
28/03/2018,3980,106850000,25.5(-5.73 %),5410,144810000,1430,37960000,19494393,40.82
29/03/2018,852150,22076150000,26(1.96 %),918800,23806660000,66650,1730510000,18582893,41.2
30/03/2018,8640,222570000,25.7(-1.15 %),36620,947810000,27980,725240000,18749913,41.13
02/04/2018,-35510,-939880000,26.45(2.92 %),12530,330780000,48040,1270660000,18738815,41.13
03/04/2018,-125620,-3340300000,26.7(0.95 %),500,13400000,126120,3353700000,18804965,41.11
04/04/2018,4560,119770000,26.1(-2.25 %),957600,25375330000,953040,25255560000,18828385,41.1
05/04/2018,-295300,-7557830000,25.5(-2.30 %),1300,33200000,296600,7591030000,18875133,41.08
06/04/2018,-14820,-375250000,25.6(0.39 %),0,0,14820,375250000,19001253,41.02
09/04/2018,513840,13276580000,25.8(0.78 %),514040,13281720000,200,5140000,18487213,41.24
10/04/2018,-898390,-22371540000,24.5(-5.04 %),13890,343750000,912280,22715290000,18769923,41.12
11/04/2018,-244610,-5697560000,23.1(-5.71 %),5400,128100000,250010,5825660000,18779343,41.12
12/04/2018,-526120,-12471000000,23.9(3.46 %),30100,707580000,556220,13178580000,18749443,41.13
13/04/2018,-428350,-10117050000,23.95(0.21 %),13450,320460000,441800,10437510000,19648273,40.75
16/04/2018,-95000,-2220910000,23.3(-2.71 %),1000,23450000,96000,2244360000,19897283,40.65
17/04/2018,-201200,-4663100000,23.35(0.21 %),1180,27320000,202380,4690420000,20452323,40.41
18/04/2018,-200000,-4650870000,22.9(-1.93 %),0,0,200000,4650870000,20894123,40.23
19/04/2018,26900,582920000,21.7(-5.24 %),156600,3461180000,129700,2878260000,20833523,40.25
20/04/2018,-1000,-21750000,23.2(6.91 %),0,0,1000,21750000,21035903,40.17
23/04/2018,7590,169900000,21.7(-6.47 %),7590,169900000,0,0,21228313,40.09
24/04/2018,-362310,-7923380000,22(1.38 %),4000,87500000,366310,8010880000,21354013,40.04
26/04/2018,-1900,-40270000,22.1(0.45 %),600,13080000,2500,53350000,21354413,40.03
27/04/2018,55480,1248300000,22.5(1.81 %),55480,1248300000,0,0,21298933,40.06
02/05/2018,0,100000,22.5(0.00 %),1000,22400000,1000,22300000,21664243,39.9
03/05/2018,-478200,-10496350000,22.2(-1.33 %),1800,39510000,480000,10535860000,21664943,39.9
04/05/2018,-109900,-2407800000,21.85(-1.58 %),100,2200000,110000,2410000000,21664843,39.9
07/05/2018,0,0,22.5(2.97 %),0,0,0,0,21665843,39.9
08/05/2018,-79000,-1777500000,22(-2.22 %),0,0,79000,1777500000,22145843,39.7
09/05/2018,-399370,-8693650000,21.55(-2.05 %),600,13060000,399970,8706710000,22255243,39.66
10/05/2018,-7000,-151900000,21.7(0.70 %),0,0,7000,151900000,22255243,39.66
11/05/2018,0,0,21.55(-0.69 %),0,0,0,0,22334243,39.62
14/05/2018,-25030,-539400000,21.55(0.00 %),0,0,25030,539400000,22734213,39.46
15/05/2018,0,0,21.75(0.93 %),0,0,0,0,22741213,39.45
16/05/2018,-3500,-79900000,22.9(5.29 %),0,0,3500,79900000,22741213,39.45
17/05/2018,0,0,22.7(-0.87 %),0,0,0,0,22766243,39.44
18/05/2018,0,0,22(-3.08 %),0,0,0,0,22766243,39.44
21/05/2018,1000,22200000,22.1(0.45 %),1000,22200000,0,0,22768743,39.44
22/05/2018,239200,5109700000,21.15(-4.30 %),239200,5109700000,0,0,22529543,39.54
23/05/2018,34140,721970000,21.65(2.36 %),34140,721970000,0,0,22495403,39.56
24/05/2018,1000000,20150000000,21.1(-2.54 %),1000000,20150000000,0,0,21495403,39.98
25/05/2018,49450,1037560000,20.7(-1.90 %),49450,1037560000,0,0,21445953,40.0
28/05/2018,6600,134580000,19.3(-6.76 %),8000,161600000,1400,27020000,21437953,40.0
29/05/2018,694500,13731640000,19.55(1.30 %),1127500,21505850000,433000,7774210000,20310453,40.47
30/05/2018,137330,2575450000,18.65(-4.60 %),144530,2710810000,7200,135360000,20165923,40.53
31/05/2018,580,11020000,18.7(0.27 %),580,11020000,0,0,20166743,40.53
01/06/2018,411000,7888000000,19.4(3.74 %),420000,8059000000,9000,171000000,20179743,40.53
04/06/2018,-118400,-2373680000,20.3(4.64 %),1600,32320000,120000,2406000000,20185343,40.53
05/06/2018,298480,5631670000,20.9(2.96 %),304480,5754670000,6000,123000000,19880863,40.65
06/06/2018,10000,210000000,21.3(1.91 %),10000,210000000,0,0,19879863,40.65
07/06/2018,-28500,-590330000,20.6(-3.29 %),0,0,28500,590330000,19999863,40.6
08/06/2018,30,610000,20.3(-1.46 %),30,610000,0,0,20005838,40.6
11/06/2018,-1000,-20000000,19.7(-2.96 %),0,0,1000,20000000,20005838,40.6
12/06/2018,7660,145300000,18.95(-3.81 %),11840,224960000,4180,79660000,20022498,40.59
13/06/2018,6220,119230000,19.05(0.53 %),19220,367530000,13000,248300000,20003278,40.6
14/06/2018,0,0,19.1(0.26 %),0,0,0,0,20004278,40.6
15/06/2018,-14490,-276760000,19.45(1.83 %),10,190000,14500,276950000,20008448,40.6
18/06/2018,22510,432580000,18.6(-4.37 %),22510,432580000,0,0,19998938,40.6
19/06/2018,35280,628440000,17.4(-6.45 %),39460,702430000,4180,73990000,19959478,40.62
20/06/2018,8760,155460000,17.9(2.87 %),8760,155460000,0,0,19965218,40.62
21/06/2018,0,0,17.6(-1.68 %),0,0,0,0,19965218,40.62
22/06/2018,109580,1934170000,17.95(1.99 %),109700,1936280000,120,2110000,19859698,40.66
25/06/2018,441700,8226920000,19.2(6.96 %),441700,8226920000,0,0,19417998,40.85
26/06/2018,-423760,-8199410000,19.3(0.52 %),537780,10424710000,961540,18624120000,19280218,40.91
27/06/2018,-957730,-18693910000,19.1(-1.04 %),302270,5793700000,1260000,24487610000,18978068,41.03
28/06/2018,139000,2590270000,18.3(-4.19 %),300000,5562720000,161000,2972450000,18678068,41.16
29/06/2018,-6700,-147000500,17.7(-3.28 %),637400,11360602000,644100,11507602500,18684768,41.16
02/07/2018,67590,1125795000,16.6(-6.21 %),80810,1343925000,13220,218130000,49465128,28.23
03/07/2018,-1096560,-17104210000,15.45(-6.93 %),384150,6376890000,1480710,23481100000,19941948,40.63
04/07/2018,-951400,-13783730000,14.5(-6.15 %),215910,3162980000,1167310,16946710000,20370138,40.45
05/07/2018,-70000,-982090000,13.75(-5.17 %),30000,445500000,100000,1427590000,20353358,40.46
06/07/2018,-32000,-441600000,14.6(6.18 %),0,0,32000,441600000,21450368,39.99
09/07/2018,-9990,-145890000,14.1(-3.42 %),10,140000,10000,146030000,22617668,39.5
10/07/2018,-346000,-4874240000,14(-0.71 %),54000,764270000,400000,5638510000,22663668,39.49
11/07/2018,9360,125590000,13.7(-2.14 %),9360,125590000,0,0,22686308,39.48
12/07/2018,0,0,14.2(3.65 %),0,0,0,0,22686308,39.48
13/07/2018,1000,14350000,14.5(2.11 %),1000,14350000,0,0,23095308,39.3
16/07/2018,0,0,14.4(-0.69 %),0,0,0,0,23095308,39.3
17/07/2018,5600,80920000,14.45(0.35 %),5600,80920000,0,0,23089708,39.31
18/07/2018,-199600,-3037874500,15.45(6.92 %),788400,11940552000,988000,14978426500,23289308,39.22
19/07/2018,655540,10616820000,16.4(6.15 %),655540,10616820000,0,0,21645773,39.91
20/07/2018,91930,1474100000,16.3(-0.61 %),180430,2909740000,88500,1435640000,21465343,39.99
23/07/2018,256700,4063629500,15.6(-4.29 %),256700,4063629500,0,0,21208643,40.1
24/07/2018,-363470,-5540070000,15.6(0.00 %),126530,1926060000,490000,7466130000,22070113,39.73
25/07/2018,-710000,-10557370000,14.55(-6.73 %),30100,444990000,740100,11002360000,22128518,39.71
26/07/2018,-2300,-34010000,15(3.09 %),2700,40240000,5000,74250000,22125818,39.71
27/07/2018,17000,267690000,15.8(5.33 %),17000,267690000,0,0,22598818,39.51
30/07/2018,90,1431000,16.2(2.53 %),90,1431000,0,0,22598728,39.51
31/07/2018,1000,16300000,16(-1.23 %),1000,16300000,0,0,22597728,39.51
01/08/2018,600,9600000,16.15(0.94 %),600,9600000,0,0,49465128,28.23
02/08/2018,52840,837210000,16(-0.93 %),52840,837210000,0,0,23289388,39.22
03/08/2018,100000,1611915500,16(0.00 %),100000,1611915500,0,0,23189388,39.26
06/08/2018,71020,1145816000,15.8(-1.25 %),101020,1628816000,30000,483000000,23118368,39.29
07/08/2018,3300,51265000,15.4(-2.53 %),3300,51265000,0,0,23115068,39.3
08/08/2018,100,1570000,15.7(1.95 %),100,1570000,0,0,23114968,39.3
09/08/2018,13100,205670000,16.6(5.73 %),13100,205670000,0,0,23101868,39.3
10/08/2018,44800,742660000,16.45(-0.90 %),49500,820450000,4700,77790000,23052368,39.32
13/08/2018,59800,999240000,16.5(0.30 %),59800,999240000,0,0,22992568,39.35
14/08/2018,-62330,-990780000,15.7(0.84 %),9020,143690000,71350,1134470000,22983548,39.35
15/08/2018,0,0,15.4(-1.91 %),0,0,0,0,22988248,39.35
16/08/2018,13050,199910000,15.3(-0.65 %),13050,199910000,0,0,22975198,39.35
17/08/2018,-4950,-78457500,15.85(3.59 %),0,0,4950,78457500,22980148,39.35
20/08/2018,-1250,-20425000,16.6(4.73 %),2000,33500000,3250,53925000,22981398,39.35
21/08/2018,180,2100000,16.7(0.60 %),10800,180515000,10620,178415000,22981218,39.35
22/08/2018,-13100,-220080000,16.9(1.20 %),0,0,13100,220080000,23038698,39.33
23/08/2018,6160,102870000,16.65(-1.48 %),6160,102870000,0,0,23035788,39.33
24/08/2018,165000,2827375500,17.1(2.70 %),165000,2827375500,0,0,22870788,39.4
27/08/2018,11910,207184000,17(-0.58 %),12910,224634000,1000,17450000,22858878,39.4
28/08/2018,82670,1410363000,16.9(-0.59 %),86400,1474146000,3730,63783000,22776208,39.44
29/08/2018,41730,717120000,17.1(1.18 %),45000,773200000,3270,56080000,22750198,39.45
30/08/2018,-20000,-342880000,17.2(0.58 %),0,0,20000,342880000,22751198,39.45
31/08/2018,-75510,-1322290500,17.45(1.45 %),7470,129604500,82980,1451895000,22826708,39.42
04/09/2018,27220,474555000,17.15(-1.72 %),27220,474555000,0,0,49465128,28.23
05/09/2018,5530,94839500,16.75(-2.33 %),5530,94839500,0,0,49459598,28.24
06/09/2018,15300,255525000,16.5(-1.49 %),15300,255525000,0,0,49444298,28.24
07/09/2018,800,13250000,16.7(1.21 %),1000,16550000,200,3300000,49443498,28.24
10/09/2018,-436140,-7237110000,16.3(-2.40 %),0,0,436140,7237110000,22804658,39.43
11/09/2018,-563500,-9286830000,16.7(2.45 %),0,0,563500,9286830000,22804658,39.43
12/09/2018,4600,77570000,17(1.80 %),4600,77570000,0,0,22800258,39.43
13/09/2018,0,0,17.1(0.59 %),0,0,0,0,23236398,39.24
14/09/2018,3550,60000000,17.1(0.00 %),3550,60000000,0,0,25175381,39.03
17/09/2018,-186400,-3125830000,16.7(-2.34 %),900,15120000,187300,3140950000,25174481,39.03
18/09/2018,-1247890,-20539330000,16.85(0.90 %),1710,28040000,1249600,20567370000,25172771,39.03
19/09/2018,0,0,16.95(0.59 %),0,0,0,0,25172771,39.03
20/09/2018,-46780,-811570000,17.65(4.13 %),2630,45370000,49410,856940000,25357441,38.96
21/09/2018,5230,91430000,17.7(0.28 %),10440,183250000,5210,91820000,26596601,38.47
24/09/2018,-540280,-9518847000,17.65(-0.28 %),11860,209493000,552140,9728340000,27136881,38.25
25/09/2018,-228750,-4098056250,17.95(1.70 %),10000,179150000,238750,4277206250,27365631,38.16
26/09/2018,0,0,17.95(0.00 %),0,0,0,0,27365631,38.16
27/09/2018,4140,74212500,18.05(0.56 %),6150,110492500,2010,36280000,27361491,38.16
28/09/2018,6160,110483500,17.75(-1.66 %),6190,111021500,30,538000,27355331,38.17
01/10/2018,0,0,17.45(-1.69 %),0,0,0,0,27464491,38.12
02/10/2018,110,1919500,17.4(-0.29 %),110,1919500,0,0,27464381,38.12
03/10/2018,500,8800000,17.6(1.15 %),500,8800000,0,0,27463881,38.12
04/10/2018,-70,-1246000,18(2.27 %),0,0,70,1246000,27463951,38.12
05/10/2018,-8860,-159380000,17.8(-1.11 %),0,0,8860,159380000,27472811,38.12
08/10/2018,2000,37200000,17.8(0.00 %),12000,217200000,10000,180000000,27453923,38.13
09/10/2018,0,0,17.85(0.28 %),0,0,0,0,27453993,38.13
10/10/2018,-1630,-28970500,17.55(-1.68 %),70,1249500,1700,30220000,27455623,38.13
11/10/2018,-673520,-11069662000,16.35(-6.84 %),22890,377701500,696410,11447363500,28129143,37.86
12/10/2018,-7830,-131223500,16.5(0.92 %),13650,218231500,21480,349455000,28136973,37.86
15/10/2018,-160,-2640000,16.15(-2.12 %),225480,3720420000,225640,3723060000,28137133,37.86
16/10/2018,0,0,16.4(1.55 %),0,0,0,0,28137133,37.86
17/10/2018,100,1665000,16.7(1.83 %),100,1665000,0,0,28137033,37.86
18/10/2018,0,0,16.6(-0.60 %),0,0,0,0,28155896,37.85
19/10/2018,-347060,-5683697000,16.5(-0.60 %),0,0,347060,5683697000,28502956,37.71
22/10/2018,-668000,-10506538500,15.35(-6.97 %),2000,31200000,670000,10537738500,29170956,37.45
23/10/2018,-183770,-2739141500,15.2(-0.98 %),18980,281108500,202750,3020250000,29354726,37.37
24/10/2018,-230510,-3407600500,14.35(-5.59 %),22510,332397500,253020,3739998000,29585236,37.28
25/10/2018,-93120,-1313430000,14.55(1.39 %),0,0,93120,1313430000,29678356,37.25
26/10/2018,-37000,-522820000,14(-3.78 %),13000,192250000,50000,715070000,29319217,37.39
29/10/2018,14460,201460000,13.75(-1.79 %),15030,209440000,570,7980000,29557207,37.29
30/10/2018,24990,344315500,13.65(-0.73 %),24990,344315500,0,0,29532217,37.3
31/10/2018,-14140,-202438000,14.2(4.03 %),7500,104850000,21640,307288000,29546357,37.3
01/11/2018,200030,2836774000,13.9(-2.11 %),200030,2836774000,0,0,29443327,37.34
02/11/2018,7640,114082000,14.3(2.88 %),25050,358045000,17410,243963000,29435687,37.34
05/11/2018,-47000,-672780000,14.5(1.40 %),0,0,47000,672780000,29464967,37.33
06/11/2018,-400,-5870000,14.75(1.72 %),100,1480000,500,7350000,29465367,37.33
07/11/2018,0,0,14.4(-2.37 %),0,0,0,0,29465367,37.33
08/11/2018,0,0,14.5(0.69 %),0,0,0,0,29465367,37.33
09/11/2018,2090,29700000,14.2(-2.07 %),2100,29840000,10,140000,29527677,37.31
12/11/2018,0,0,14.25(0.35 %),0,0,0,0,29527677,37.31
13/11/2018,-2900,-41531000,14.25(0.00 %),100,1435000,3000,42966000,29530577,37.3
14/11/2018,0,0,14.3(0.35 %),0,0,0,0,29530577,37.3
15/11/2018,-7810,-111848500,14.25(-0.35 %),100,1410000,7910,113258500,29538387,37.3
16/11/2018,-40000,-577500000,14.45(1.40 %),0,0,40000,577500000,29578387,37.29
19/11/2018,0,0,15.4(6.57 %),0,0,0,0,29530487,37.3
20/11/2018,-27160,-417120000,15.2(-1.30 %),2740,41850000,29900,458970000,29535657,37.3
21/11/2018,0,0,15.4(1.32 %),0,0,0,0,29575657,37.29
22/11/2018,990,15246000,15.4(0.00 %),1000,15400000,10,154000,29574667,37.29
23/11/2018,0,0,15.4(0.00 %),0,0,0,0,29574667,37.29
26/11/2018,0,0,15.3(-0.65 %),0,0,0,0,29574667,37.29
27/11/2018,0,0,15.3(0.00 %),0,0,0,0,29574667,37.29
28/11/2018,1200,18325000,15.35(0.33 %),1200,18325000,0,0,29573467,37.29
29/11/2018,-4950,-76645000,15.4(0.33 %),1000,15340000,5950,91985000,29578417,37.29
30/11/2018,702580,10323670000,15.6(1.30 %),708500,10414950000,5920,91280000,28875837,37.56
03/12/2018,670,10211000,15.8(1.28 %),3670,57986000,3000,47775000,28890197,37.56
04/12/2018,4800,74561500,15.45(-2.22 %),6990,108944500,2190,34383000,28885397,37.56
05/12/2018,-4980,-76319000,15.35(-0.65 %),5020,76681000,10000,153000000,28890377,37.56
06/12/2018,21000,324050000,15.1(-1.63 %),21000,324050000,0,0,28869377,37.57
07/12/2018,-6670,-102051000,15.5(2.65 %),0,0,6670,102051000,28876047,37.56
10/12/2018,0,0,15.35(-0.97 %),0,0,0,0,28876047,37.56
11/12/2018,67620,1048820000,15.7(2.28 %),80000,1241000000,12380,192180000,28804247,37.59
12/12/2018,6370,100764500,15.95(1.59 %),50000,796500000,43630,695735500,28797877,37.59
13/12/2018,-3070,-51894000,16.3(2.19 %),18930,304156000,22000,356050000,28800947,37.59
14/12/2018,3000,48850000,15.9(-2.45 %),3000,48850000,0,0,28797947,37.59
17/12/2018,216780,3342358000,15.4(-3.14 %),216780,3342358000,0,0,28581167,37.68
18/12/2018,12000,184200000,15.05(-2.27 %),12000,184200000,0,0,28569167,37.68
19/12/2018,28000,424297000,15.1(0.33 %),30000,454497000,2000,30200000,28541167,37.7
20/12/2018,-340,-5200000,15.2(0.66 %),0,0,340,5200000,28558201,37.69
21/12/2018,-100,-1520000,15.45(1.64 %),0,0,100,1520000,28558201,37.69
24/12/2018,1500,23250000,15.15(-1.94 %),1500,23250000,0,0,28558701,37.69
25/12/2018,294020,4363870000,15.1(-0.33 %),294020,4363870000,0,0,28265021,37.81
26/12/2018,0,0,14.5(-3.97 %),0,0,0,0,28265021,37.81
27/12/2018,-12000,-174738500,15.2(4.83 %),20000,298000000,32000,472738500,28277021,37.8
28/12/2018,116480,1776820000,15.5(1.97 %),516480,7976820000,400000,6200000000,27728641,38.02
02/01/2019,500,7750000,15(-3.23 %),500,7750000,0,0,27760141,38.01
03/01/2019,1380,20769000,14.85(-1.00 %),1380,20769000,0,0,27758761,38.01
04/01/2019,-28000,-421980000,15.2(2.36 %),0,0,28000,421980000,27786761,37.99
07/01/2019,-41000,-624087000,15.2(0.00 %),0,0,41000,624087000,27827761,37.98
08/01/2019,-1000,-15500000,15.4(1.32 %),0,0,1000,15500000,27828761,37.98
09/01/2019,-10900,-167860000,15.35(-0.32 %),0,0,10900,167860000,27839661,37.97
10/01/2019,0,0,15.3(-0.33 %),0,0,0,0,28227761,37.82
11/01/2019,25200,389130000,15.55(1.63 %),25200,389130000,0,0,28202561,37.83
14/01/2019,-10000,-159500000,16(2.89 %),0,0,10000,159500000,28214461,37.83
15/01/2019,25000,407172500,16.35(2.19 %),25000,407172500,0,0,28189461,37.84
16/01/2019,0,0,16.05(-1.83 %),0,0,0,0,28189461,37.84
17/01/2019,3100,49600000,15.7(-2.18 %),3100,49600000,0,0,28196361,37.83
18/01/2019,1000,15750000,15.95(1.59 %),1000,15750000,0,0,28195361,37.83
21/01/2019,0,0,16.2(1.57 %),0,0,0,0,28195361,37.83
22/01/2019,2600,42120000,16.1(-0.62 %),2600,42120000,0,0,28192761,37.83
23/01/2019,0,0,16(-0.62 %),0,0,0,0,28192761,37.83
24/01/2019,-3000,-48000000,15.85(-0.94 %),0,0,3000,48000000,28195761,37.83
25/01/2019,-2600,-41080000,15.65(-1.26 %),0,0,2600,41080000,28198361,37.83
28/01/2019,50,790000,15.8(0.96 %),50,790000,0,0,28192711,37.83
29/01/2019,-2650,-42740000,16.05(1.58 %),1350,21260000,4000,64000000,28194361,37.83
30/01/2019,0,0,16.05(0.00 %),0,0,0,0,28200961,37.83
31/01/2019,0,0,15.65(-2.49 %),0,0,0,0,28200961,37.83
01/02/2019,0,0,15.75(0.64 %),0,0,0,0,28200961,37.83
11/02/2019,-25000,-398000000,16.05(1.90 %),0,0,25000,398000000,28200961,37.83
12/02/2019,68000,1129300000,16.75(4.36 %),74000,1228800000,6000,99500000,28157961,37.85
13/02/2019,138520,2334903500,16.75(0.00 %),164020,2767554000,25500,432650500,28019441,37.9
14/02/2019,-50,-850000,16.7(-0.30 %),0,0,50,850000,27987941,37.91
15/02/2019,6110,102950000,16.65(-0.30 %),6110,102950000,0,0,27987831,37.92
18/02/2019,5210,87490000,16.7(0.30 %),5210,87490000,0,0,28008121,37.91
19/02/2019,-1440,-24238000,16.7(0.00 %),0,0,1440,24238000,28009611,37.91
20/02/2019,44510,747700000,16.75(0.30 %),45420,762896500,910,15196500,27965101,37.92
21/02/2019,49440,829200000,16.5(-1.49 %),49440,829200000,0,0,27913311,37.94
22/02/2019,15500,257250000,16.45(-0.30 %),15500,257250000,0,0,27900161,37.95
25/02/2019,-14870,-244461500,16.25(-1.22 %),0,0,14870,244461500,27915031,37.94
26/02/2019,6000,98100000,16.35(0.62 %),6000,98100000,0,0,27894161,37.95
27/02/2019,88730,1480520000,16.5(0.92 %),88730,1480520000,0,0,27805431,37.99
28/02/2019,0,0,16.15(-2.12 %),0,0,0,0,27820301,37.98
01/03/2019,0,0,16.45(1.86 %),0,0,0,0,27820301,37.98
04/03/2019,-53240,-908756000,17.15(4.26 %),5760,97344000,59000,1006100000,27873541,37.96
05/03/2019,-43000,-741470000,16.85(-1.75 %),10000,170130000,53000,911600000,27804541,37.99
06/03/2019,3000,50700000,17.15(1.78 %),5000,84500000,2000,33800000,27799533,37.99
07/03/2019,-42760,-712518000,16.6(-3.21 %),3000,50250000,45760,762768000,27956301,37.93
08/03/2019,-5000,-81500000,16.25(-2.11 %),0,0,5000,81500000,27908533,37.95
11/03/2019,-202880,-3293830000,16.2(-0.31 %),500,8100000,203380,3301930000,27910033,37.95
12/03/2019,-107800,-1751940000,16.25(0.31 %),4000,64780000,111800,1816720000,27951793,37.93
13/03/2019,-110910,-1802456000,16.2(-0.31 %),8020,130326000,118930,1932782000,28382891,37.76
14/03/2019,-243340,-4003187000,16.45(1.54 %),2600,42680000,245940,4045867000,28626231,37.66
15/03/2019,-109750,-1796430000,16.35(-0.61 %),0,0,109750,1796430000,28261353,37.81
18/03/2019,-316800,-5144140000,16.2(-0.92 %),23000,374900000,339800,5519040000,28357283,37.77
19/03/2019,-205660,-3325260000,16.15(-0.31 %),20140,328280000,225800,3653540000,28583083,37.68
20/03/2019,-900,-14400000,16.2(0.31 %),0,0,900,14400000,29259341,37.41
21/03/2019,-13500,-218700000,15.8(-2.47 %),0,0,13500,218700000,29272841,37.41
22/03/2019,-6450,-101197500,15.6(-1.27 %),0,0,6450,101197500,29279291,37.4
25/03/2019,300,4500000,14.8(-5.13 %),300,4500000,0,0,29278991,37.4
26/03/2019,-16840,-247560000,15.4(4.05 %),3090,45730000,19930,293290000,29269443,37.41
27/03/2019,-31100,-484160000,15.4(0.00 %),0,0,31100,484160000,29275893,37.4
28/03/2019,-9000,-138560000,15.4(0.00 %),1000,15300000,10000,153860000,29274893,37.41
29/03/2019,650,10010000,15.25(-0.97 %),650,10010000,0,0,29335281,37.38
01/04/2019,2000,30500000,15.2(-0.33 %),2000,30500000,0,0,29323275,37.39
02/04/2019,0,0,15(-1.32 %),0,0,0,0,29325275,37.39
03/04/2019,0,0,15.15(1.00 %),0,0,0,0,29325275,37.39
04/04/2019,10,153000,15.4(1.65 %),10,153000,0,0,29325265,37.39
05/04/2019,0,0,15.25(-0.97 %),0,0,0,0,29325265,37.39
08/04/2019,11950,182240000,15.3(0.33 %),12150,185310000,200,3070000,29321115,37.39
09/04/2019,-3130,-48100000,15.1(-1.31 %),1000,15300000,4130,63400000,29320115,37.39
10/04/2019,0,0,15.2(0.66 %),0,0,0,0,29320115,37.39
11/04/2019,1070,16109000,15.2(0.00 %),3400,51680000,2330,35571000,29315375,37.39
12/04/2019,1750,26340000,15.05(-0.99 %),1750,26340000,0,0,29319295,37.39
16/04/2019,570,8380000,15(-0.33 %),570,8380000,0,0,29318725,37.39
17/04/2019,16910,252920000,14.9(-0.67 %),20000,298500000,3090,45580000,29301055,37.39
18/04/2019,-3270,-47250000,14.75(-1.01 %),100,1450000,3370,48700000,29300955,37.39
19/04/2019,250,3667000,14.95(1.36 %),400,5864500,150,2197500,29299165,37.4
22/04/2019,3800,56050000,14.8(-1.00 %),5000,73750000,1200,17700000,29295365,37.4
23/04/2019,0,0,14.85(0.34 %),0,0,0,0,29295365,37.4
24/04/2019,0,0,15.1(1.68 %),0,0,0,0,29295365,37.4
25/04/2019,6790,102530000,15(-0.66 %),6800,102680000,10,150000,29296565,37.4
26/04/2019,0,0,15.2(1.33 %),0,0,0,0,29296565,37.4
02/05/2019,-22970,-349140000,15.2(0.00 %),0,0,22970,349140000,29296565,37.4
03/05/2019,-490,-7300000,15.15(-0.33 %),1010,15150000,1500,22450000,29295565,37.4
06/05/2019,26400,390000000,15(-0.99 %),30000,444000000,3600,54000000,29270655,37.41
07/05/2019,-1000,-14975000,15(0.00 %),0,0,1000,14975000,29271655,37.41
08/05/2019,5520,82248000,14.95(-0.33 %),6530,97297000,1010,15049000,29266135,37.41
09/05/2019,-177260,-2615453500,14.75(-1.34 %),7500,110950000,184760,2726403500,29443395,37.34
10/05/2019,-114010,-1658847000,14.4(-2.37 %),0,0,114010,1658847000,29557405,37.29
13/05/2019,-110720,-1595690000,14.25(-1.04 %),0,0,110720,1595690000,34718280,37.43
14/05/2019,0,20000,14.3(0.35 %),500,7250000,500,7230000,34902540,37.36
15/05/2019,-1800,-26160000,14.6(2.10 %),0,0,1800,26160000,35016550,37.33
16/05/2019,-80000,-1153050000,14.35(-1.71 %),0,0,80000,1153050000,35127270,37.29
17/05/2019,-400,-5790000,14.4(0.35 %),100,1440000,500,7230000,35127670,37.29
20/05/2019,-152400,-2187820000,14.3(-0.69 %),0,0,152400,2187820000,35129470,37.29
21/05/2019,-388000,-5610740000,14.4(0.70 %),0,0,388000,5610740000,35209470,37.26
22/05/2019,-203580,-2930690000,14.35(-0.35 %),0,0,203580,2930690000,35209970,37.26
23/05/2019,-106930,-1510630000,14.1(-1.74 %),8900,125490000,115830,1636120000,35353470,37.21
24/05/2019,3000,42260000,14.05(-0.35 %),3000,42260000,0,0,35738470,37.09
27/05/2019,-254170,-3542460000,14(-0.36 %),0,0,254170,3542460000,35942050,37.02
28/05/2019,-237840,-3310480000,14(0.00 %),0,0,237840,3310480000,36057880,36.98
29/05/2019,-165010,-2293739000,13.9(-0.71 %),35000,486500000,200010,2780239000,36007490,37.0
30/05/2019,-327000,-4596998500,14.25(2.52 %),3000,42300000,330000,4639298500,36334490,36.89
31/05/2019,0,0,14.25(0.00 %),0,0,0,0,36511890,36.83
03/06/2019,0,0,13.9(-2.46 %),0,0,0,0,36711900,36.76
04/06/2019,0,0,13.9(0.00 %),0,0,0,0,37041900,36.65
05/06/2019,55380,771150000,13.9(0.00 %),55380,771150000,0,0,36986520,36.67
06/06/2019,0,0,13.85(-0.36 %),0,0,0,0,36656520,36.78
07/06/2019,-100,-1390000,13.95(0.72 %),0,0,100,1390000,36986520,36.67
10/06/2019,2500,34750000,13.75(-1.43 %),2500,34750000,0,0,36654120,36.78
11/06/2019,30840,419274000,13.8(0.36 %),31840,433024000,1000,13750000,36623280,36.79
12/06/2019,-600,-8270000,13.7(-0.72 %),0,0,600,8270000,36952281,36.68
13/06/2019,-10730,-145928000,13.65(-0.36 %),0,0,10730,145928000,36634610,36.79
14/06/2019,-990,-13538500,13.95(2.20 %),10,136500,1000,13675000,36635600,36.79
17/06/2019,-1490,-20498500,13.8(-1.08 %),0,0,1490,20498500,36637090,36.79
18/06/2019,0,0,13.7(-0.72 %),0,0,0,0,36637090,36.79
19/06/2019,-650,-8872500,13.6(-0.73 %),0,0,650,8872500,36637740,36.79
20/06/2019,0,0,13.65(0.37 %),0,0,0,0,36967009,36.68
21/06/2019,3240,44226000,13.65(0.00 %),3240,44226000,0,0,36634500,36.79
24/06/2019,-70,-960000,13.65(0.00 %),0,0,70,960000,36964419,36.68
25/06/2019,1000,13500000,13.65(0.00 %),121452,1651647200,120452,1638147200,36633570,29.03
26/06/2019,0,0,13.5(-1.10 %),0,0,0,0,36633570,36.79
27/06/2019,0,0,13.15(-2.59 %),0,0,0,0,36633570,29.03
28/06/2019,-5000,-65800000,13.5(2.66 %),1000,13100000,6000,78900000,36638570,29.03
01/07/2019,0,0,13.35(-1.11 %),0,0,0,0,36962489,36.68
02/07/2019,500,6900000,13.15(-1.50 %),2000,26700000,1500,19800000,36961989,36.68
03/07/2019,-28740,-375040000,13(-1.14 %),0,0,28740,375040000,36966489,36.68
04/07/2019,690,9073500,13.3(2.31 %),690,9073500,0,0,36990039,36.67
05/07/2019,-3000,-39550000,13.2(-0.75 %),0,0,3000,39550000,36967299,36.68
08/07/2019,-90,-1180000,13.1(-0.76 %),10,130000,100,1310000,36996029,36.67
09/07/2019,-250000,-3271040000,13.25(1.15 %),0,0,250000,3271040000,36996029,36.67
10/07/2019,-254090,-3309513500,13.1(-1.13 %),10,132500,254100,3309646000,37497219,36.5
11/07/2019,-7000,-91350000,13.2(0.76 %),0,0,7000,91350000,37504219,36.5
12/07/2019,20,270000,13.1(-0.76 %),20,270000,0,0,37249099,36.58
15/07/2019,2020,26666000,13.2(0.76 %),2020,26666000,0,0,37502179,36.5
16/07/2019,-161530,-2132195000,13.2(0.00 %),20,265000,161550,2132460000,37663709,36.44
17/07/2019,-24000,-336580000,14.1(6.82 %),11000,153350000,35000,489930000,37497159,36.5
18/07/2019,-26310,-367470000,13.75(-2.48 %),17290,240420000,43600,607890000,37479869,36.5
19/07/2019,9990,136862500,13.85(0.73 %),10000,137000000,10,137500,37704029,36.43
22/07/2019,14000,193200000,13.8(-0.36 %),14000,193200000,0,0,37652419,36.45
23/07/2019,30060,409853000,13.8(0.00 %),30060,409853000,0,0,37659969,36.44
24/07/2019,2400,33120000,13.6(-1.45 %),2400,33120000,0,0,37663569,36.44
25/07/2019,0,0,13.9(2.21 %),0,0,0,0,37663571,36.44
26/07/2019,-3530,-49067000,13.7(-1.44 %),0,0,3530,49067000,37661099,36.44
29/07/2019,40,550000,13.75(0.36 %),40,550000,0,0,37663531,36.44
30/07/2019,0,0,13.4(-2.55 %),0,0,0,0,37661059,36.44
31/07/2019,-32110,-417480000,13.15(-1.87 %),0,0,32110,417480000,37667061,36.44
01/08/2019,15480,203278000,13.25(0.76 %),17400,228810000,1920,25532000,37667061,36.44
02/08/2019,6900,89700000,13.05(-1.51 %),6900,89700000,0,0,37660161,36.44
05/08/2019,-64190,-831844000,12.9(-1.15 %),0,0,64190,831844000,37724351,36.42
06/08/2019,1000,12550000,12.55(-2.71 %),1000,12550000,0,0,37675791,36.44
07/08/2019,-10,-126000,12.6(0.40 %),0,0,10,126000,37723361,36.42
08/08/2019,0,0,12.85(1.98 %),0,0,0,0,37723361,36.42
09/08/2019,0,0,12.85(0.00 %),0,0,0,0,37739981,36.42
12/08/2019,-1000,-12800000,12.8(-0.39 %),0,0,1000,12800000,37724361,36.42
13/08/2019,0,0,12.8(0.00 %),0,0,0,0,37739991,36.42
14/08/2019,0,0,12.4(-3.12 %),0,0,0,0,37739991,36.42
15/08/2019,-3000,-37650000,12.55(1.21 %),0,0,3000,37650000,37727361,36.42
16/08/2019,-53520,-668815000,12.55(0.00 %),0,0,53520,668815000,37780881,36.4
19/08/2019,-11990,-149920000,12.6(0.40 %),10,120000,12000,150040000,37740981,36.42
20/08/2019,-6900,-91215000,13.45(6.75 %),0,0,6900,91215000,37799771,36.4
21/08/2019,-39580,-546220000,13.5(0.37 %),420,5780000,40000,552000000,37797081,36.4
22/08/2019,-29970,-410590000,13.55(0.37 %),30,410000,30000,411000000,37809051,36.39
23/08/2019,30,406500,13.9(2.58 %),30,406500,0,0,37869291,36.37
26/08/2019,-2100,-30030000,14.4(3.60 %),0,0,2100,30030000,37855921,36.38
27/08/2019,-2820,-41454000,14.55(1.04 %),0,0,2820,41454000,37874211,36.37
28/08/2019,-100000,-1435000000,14.35(-1.37 %),0,0,100000,1435000000,37885921,36.37
29/08/2019,0,0,14.3(-0.35 %),0,0,0,0,37888021,36.37
30/08/2019,0,0,14.35(0.35 %),0,0,0,0,37890841,36.37
03/09/2019,1000,14350000,13.9(-3.14 %),1000,14350000,0,0,37989841,36.33
04/09/2019,-300,-4170000,14.15(1.80 %),0,0,300,4170000,37989841,36.33
05/09/2019,-200,-2860000,14.15(0.00 %),0,0,200,2860000,37991341,36.33
06/09/2019,9490,134760000,13.95(-1.41 %),9490,134760000,0,0,37980353,36.34
09/09/2019,-3000,-41400000,13.75(-1.43 %),0,0,3000,41400000,37984851,36.34
10/09/2019,0,0,13.35(-2.91 %),0,0,0,0,37984851,36.34
11/09/2019,-2000,-27100000,13.5(1.12 %),0,0,2000,27100000,37986851,36.34
12/09/2019,0,0,13.95(3.33 %),0,0,0,0,37986851,36.34
13/09/2019,0,0,14.05(0.72 %),0,0,0,0,39869847,36.34
16/09/2019,-52050,-743214000,14.25(1.42 %),17950,255088000,70000,998302000,38038901,38.77
17/09/2019,-80780,-1157324000,14.4(1.05 %),10000,143500000,90780,1300824000,38119681,36.9
18/09/2019,10000,142750000,14.15(-1.74 %),10000,142750000,0,0,38109681,36.9
19/09/2019,7000,98700000,14.05(-0.71 %),7000,98700000,0,0,39896897,36.33
20/09/2019,-4990,-70060500,13.6(-3.20 %),10,139500,5000,70200000,38107671,36.9
23/09/2019,0,0,13.8(1.47 %),0,0,0,0,38107671,36.9
24/09/2019,-6740,-93686000,14.05(1.81 %),0,0,6740,93686000,38114411,36.9
25/09/2019,-5720,-82037000,14.45(2.85 %),0,0,5720,82037000,38120131,36.9
26/09/2019,-37750,-549540000,14.5(0.35 %),75870,1111130000,113620,1660670000,39916797,36.33
27/09/2019,-96380,-1403250000,14.4(-0.69 %),0,0,96380,1403250000,39923537,36.32
30/09/2019,-10760,-156480000,14.5(0.69 %),1500,21900000,12260,178380000,39927757,36.32
01/10/2019,-36930,-542330000,14.95(3.10 %),0,0,36930,542330000,40041377,36.29
02/10/2019,-10410,-157658000,14.95(0.00 %),0,0,10410,157658000,40051787,36.28
03/10/2019,-228540,-3438240000,15.1(1.00 %),0,0,228540,3438240000,40150018,36.25
04/10/2019,-80610,-1214650000,14.75(-2.32 %),0,0,80610,1214650000,40186948,36.24
07/10/2019,-960970,-14276194500,14.8(0.34 %),0,0,960970,14276194500,41321907,35.88
08/10/2019,-40000,-600000000,14.8(0.00 %),0,0,40000,600000000,40425898,36.16
09/10/2019,-1610,-23830000,14.6(-1.35 %),0,0,1610,23830000,40506508,36.14
10/10/2019,0,0,14.5(-0.68 %),0,0,0,0,41363517,35.87
11/10/2019,0,0,14.5(0.00 %),0,0,0,0,41363517,35.87
14/10/2019,-5820,-85550000,14.6(0.69 %),0,0,5820,85550000,41509088,35.82
15/10/2019,-2020,-29492000,14.65(0.34 %),0,0,2020,29492000,41371357,35.86
16/10/2019,0,0,14.55(-0.68 %),0,0,0,0,41371357,35.86
17/10/2019,0,0,14.25(-2.06 %),0,0,0,0,41371357,35.86
18/10/2019,0,0,14.15(-0.70 %),0,0,0,0,41371357,35.86
21/10/2019,-3920,-54334000,14(-1.06 %),7000,98000000,10920,152334000,41375277,35.86
22/10/2019,-80,-1122000,14.05(0.36 %),0,0,80,1122000,41375357,35.86
23/10/2019,19920,281124500,14.1(0.36 %),19920,281124500,0,0,41355437,35.87
24/10/2019,3510,49843000,14.3(1.42 %),3510,49843000,0,0,41351927,35.87
25/10/2019,0,0,14.4(0.70 %),0,0,0,0,41497502,35.82
28/10/2019,-5890,-84776500,14.2(-1.39 %),2000,28600000,7890,113376500,41357817,35.87
29/10/2019,-9510,-133442000,13.8(-2.82 %),1490,21158000,11000,154600000,41367327,35.87
30/10/2019,-19610,-270718000,13.9(0.72 %),0,0,19610,270718000,41386937,35.86
31/10/2019,-9230,-123220000,13.4(-3.60 %),4230,57140000,13460,180360000,41497672,35.82
01/11/2019,-24420,-327230000,13.4(0.00 %),0,0,24420,327230000,41508672,35.82
04/11/2019,-1860,-20332000,13.75(2.61 %),24400,334179000,26260,354511000,41510532,35.82
05/11/2019,-630,-8631000,13.65(-0.73 %),0,0,630,8631000,41511162,35.82
06/11/2019,0,0,13.8(1.10 %),0,0,0,0,41511162,35.82
07/11/2019,-12240,-168300000,13.75(-0.36 %),110,1510000,12350,169810000,41567920,35.8
08/11/2019,-14010,-193300000,13.5(-1.82 %),0,0,14010,193300000,41568550,35.8
11/11/2019,0,0,13.3(-1.48 %),0,0,0,0,41568550,35.8
12/11/2019,0,0,13.65(2.63 %),0,0,0,0,41580905,35.8
13/11/2019,0,0,13.6(-0.37 %),0,0,0,0,41594915,35.79
14/11/2019,0,0,13.5(-0.74 %),0,0,0,0,41537412,35.81
15/11/2019,296150,4081919500,13.8(2.22 %),300000,4135234500,3850,53315000,41241262,35.91
18/11/2019,-840,-11508000,13.6(-1.45 %),0,0,840,11508000,41242102,35.9
19/11/2019,1000,13700000,13.7(0.74 %),2000,27400000,1000,13700000,41241102,35.91
20/11/2019,410,5620000,13.6(-0.73 %),450,6170000,40,550000,41296310,35.89
21/11/2019,-104510,-1421460000,13.5(-0.74 %),0,0,104510,1421460000,41297150,35.89
22/11/2019,-6210,-82400000,13.05(-3.33 %),0,0,6210,82400000,41298150,35.89
25/11/2019,-111770,-1462659000,13.05(0.00 %),10800,143443500,122570,1606102500,41463182,35.83
26/11/2019,-96300,-1270520000,13.2(1.15 %),15150,200740000,111450,1471260000,41376750,35.86
27/11/2019,-116190,-1537280000,13.2(0.00 %),13810,183610000,130000,1720890000,41369150,35.86
28/11/2019,-2000,-26400000,13.2(0.00 %),0,0,2000,26400000,41677672,35.77
29/11/2019,0,0,13.1(-0.76 %),0,0,0,0,41603170,35.79
02/12/2019,3080,40498000,13.15(0.38 %),3080,40498000,0,0,41733170,35.75
03/12/2019,1000,12800000,13(-1.14 %),3000,39000000,2000,26200000,41729090,35.75
04/12/2019,-4050,-53002500,13.35(2.69 %),0,0,4050,53002500,41736220,35.75
05/12/2019,348100,4663056500,13.4(0.37 %),350100,4689856500,2000,26800000,41388120,35.86
06/12/2019,1510,20234000,13.35(-0.37 %),1510,20234000,0,0,41386610,35.86
09/12/2019,-7530,-101003000,13.45(0.75 %),1360,18223000,8890,119226000,41394140,35.86
10/12/2019,-120,-1614000,13.25(-1.49 %),0,0,120,1614000,41394260,35.86
11/12/2019,0,0,13.4(1.13 %),0,0,0,0,41384170,35.86
12/12/2019,110,1500000,13.7(2.24 %),110,1500000,0,0,41392950,35.86
13/12/2019,1500,20550000,13.7(0.00 %),3500,47950000,2000,27400000,41392650,35.86
16/12/2019,-5860,-80282000,13.65(-0.36 %),0,0,5860,80282000,41398510,35.86
17/12/2019,-2000,-27300000,13.4(-1.83 %),0,0,2000,27300000,41400510,35.85
18/12/2019,-2080,-27980000,13.2(-1.49 %),0,0,2080,27980000,41391564,35.86
19/12/2019,0,0,13.4(1.52 %),0,0,0,0,41397424,35.86
20/12/2019,0,0,13.4(0.00 %),0,0,0,0,41399424,35.85
23/12/2019,4410,58912500,13.4(0.00 %),4410,58912500,0,0,41398180,35.86
24/12/2019,-15700,-215829000,13.65(1.87 %),190,2622000,15890,218451000,41413880,35.85
25/12/2019,2400,32880000,14(2.56 %),2400,32880000,0,0,41411480,35.85
26/12/2019,5020,70780000,13.8(-1.43 %),5020,70780000,0,0,41389484,35.86
27/12/2019,2050,28390000,13.75(-0.36 %),2050,28390000,0,0,41404410,35.85
30/12/2019,4250,58550000,13.6(-1.09 %),4250,58550000,0,0,41399074,35.86
31/12/2019,-12000,-165850000,13.8(1.47 %),1000,13550000,13000,179400000,41398074,35.86
02/01/2020,0,0,13.8(0.00 %),0,0,0,0,41398074,35.86
03/01/2020,-32430,-457960000,13.9(0.72 %),14170,198930000,46600,656890000,41383904,35.86
06/01/2020,-3000,-42150000,13.7(-1.44 %),4000,54800000,7000,96950000,41433504,35.84
07/01/2020,-3300,-45730000,13.65(-0.36 %),1700,23270000,5000,69000000,41391204,35.86
08/01/2020,-5780,-76926000,12.95(-5.13 %),2400,31860000,8180,108786000,41442584,35.84
09/01/2020,4270,56507000,13.15(1.54 %),4270,56507000,0,0,41438314,35.84
10/01/2020,-20,-260000,13.15(0.00 %),0,0,20,260000,41443134,35.84
13/01/2020,0,0,12.95(-1.52 %),0,0,0,0,41451314,35.84
14/01/2020,-150,-1950000,13(0.39 %),0,0,150,1950000,41451314,35.84
15/01/2020,0,0,13(0.00 %),0,0,0,0,41451334,35.84
16/01/2020,9450,121990000,12.95(-0.38 %),9450,121990000,0,0,41441884,35.84
17/01/2020,-1420,-18170000,12.6(-2.70 %),20,260000,1440,18430000,41442014,35.84
20/01/2020,0,0,12.7(0.79 %),0,0,0,0,41442014,35.84
21/01/2020,0,0,13.1(3.15 %),0,0,0,0,41442014,35.84
22/01/2020,-166630,-2183410000,13(-0.76 %),930,12230000,167560,2195640000,41442524,35.84
30/01/2020,-7990,-100890000,12.55(-3.46 %),0,0,7990,100890000,41442524,35.84
31/01/2020,-102270,-1252807500,12.1(-3.59 %),0,0,102270,1252807500,41718904,35.75
03/02/2020,10080,124296000,11.3(-6.61 %),31010,361130500,20930,236834500,41610084,35.79
04/02/2020,-285760,-3230490000,11.35(0.44 %),7240,83610000,293000,3314100000,41579824,35.8
05/02/2020,-478500,-5433310500,11.4(0.44 %),10270,116552000,488770,5549862500,42374344,35.55
06/02/2020,-323540,-3691530000,11.5(0.88 %),79190,901590000,402730,4593120000,41613569,35.79
07/02/2020,-278030,-3253324000,11.6(0.87 %),28200,327901500,306230,3581225500,42975914,35.35
10/02/2020,-356510,-4171673000,11.7(0.86 %),12880,150696000,369390,4322369000,43332424,35.24
11/02/2020,-268230,-3173232500,11.85(1.28 %),12380,144847500,280610,3318080000,43600654,35.16
12/02/2020,-325970,-4043969000,12.65(6.75 %),74820,928024500,400790,4971993500,43926624,35.05
13/02/2020,-231290,-2970833000,12.95(2.37 %),2000,25500000,233290,2996333000,44157914,34.98
14/02/2020,4970,64590000,13(0.39 %),4970,64590000,0,0,43619049,35.15
17/02/2020,-219150,-2901114000,13.1(0.77 %),22030,286795000,241180,3187909000,44372094,34.91
18/02/2020,-315310,-4139000000,13.3(1.53 %),14690,193000000,330000,4332000000,44216409,34.96
19/02/2020,-209800,-2870400000,13.55(1.88 %),10,140000,209810,2870540000,44216399,34.96
20/02/2020,-222950,-3027740500,13.5(-0.37 %),0,0,222950,3027740500,45120154,34.67
21/02/2020,-33040,-444410000,13.2(-2.22 %),0,0,33040,444410000,44787579,34.78
24/02/2020,52310,655931000,12.6(-4.55 %),52310,655931000,0,0,45100884,34.68
25/02/2020,42140,539960000,12.8(1.59 %),62140,789010000,20000,249050000,45105889,34.68
26/02/2020,1410,17000000,12.65(-1.17 %),12530,158500000,11120,141500000,45126399,34.67
27/02/2020,-245210,-3112390000,12.7(0.40 %),0,0,245210,3112390000,45126399,34.67
28/02/2020,-103590,-1296710000,12.55(-1.18 %),0,0,103590,1296710000,45146399,34.67
02/03/2020,-239030,-2995660000,12.4(-1.20 %),0,0,239030,2995660000,45157519,34.66
03/03/2020,-35000,-442280000,13(4.84 %),0,0,35000,442280000,45402729,34.58
04/03/2020,-28900,-389640000,13.6(4.62 %),2270,30010000,31170,419650000,45504049,34.55
05/03/2020,-15590,-210977500,13.25(-2.57 %),3920,53312000,19510,264289500,45237009,34.64
06/03/2020,0,0,13.5(1.89 %),0,0,0,0,45237009,34.64
09/03/2020,101880,1284050000,12.6(-6.67 %),101880,1284050000,0,0,45703449,34.49
10/03/2020,31440,392743500,12.6(0.00 %),31620,394957500,180,2214000,45103689,34.68
11/03/2020,49020,607900000,12.6(0.00 %),50000,620000000,980,12100000,45641330,34.51
12/03/2020,-1490,-18200000,11.75(-6.75 %),0,0,1490,18200000,45641330,34.51
13/03/2020,-4890,-55420000,11.65(-0.85 %),4650,51850000,9540,107270000,45636860,34.51
16/03/2020,-500,-5830000,11.5(-1.29 %),0,0,500,5830000,45637840,34.51
17/03/2020,0,0,11.5(0.00 %),0,0,0,0,45639330,34.51
18/03/2020,1230,14303500,11.7(1.74 %),6750,78975000,5520,64671500,45060319,34.69
19/03/2020,1230,14303500,11.6(-0.85 %),6750,78975000,5520,64671500,45059089,34.69
20/03/2020,-225000,-2550620000,11.5(-0.86 %),0,0,225000,2550620000,45642620,34.51
23/03/2020,8990,98889000,10.7(-6.96 %),9000,99000000,10,111000,45275099,34.62
24/03/2020,-10000,-104500000,10.75(0.47 %),0,0,10000,104500000,45285099,34.62
25/03/2020,-700,-7770000,11(2.33 %),0,0,700,7770000,45864370,34.44
26/03/2020,51900,564365000,11(0.00 %),51900,564365000,0,0,45233899,34.64
27/03/2020,-660,-7227000,11(0.00 %),0,0,660,7227000,45234559,34.64
30/03/2020,380,3910000,10.55(-4.09 %),380,3910000,0,0,45822800,34.45
31/03/2020,-1900,-18810000,10.35(-1.90 %),0,0,1900,18810000,45236079,34.64
01/04/2020,4680,48343000,10.7(3.38 %),4680,48343000,0,0,45823460,34.45
03/04/2020,-94240,-1010249000,10.8(0.93 %),14850,158539000,109090,1168788000,45917700,34.42
06/04/2020,12140,132428000,11.05(2.31 %),22140,243428000,10000,111000000,45905560,34.42
07/04/2020,-54920,-598628000,10.9(-1.36 %),54710,596339000,109630,1194967000,45960480,34.41
08/04/2020,18980,203190000,10.5(-3.67 %),20030,214320000,1050,11130000,45818040,34.45
09/04/2020,14760,163724000,11.2(6.67 %),34900,380649000,20140,216925000,45926740,34.42
10/04/2020,12520,143012000,11.2(0.00 %),24780,278632000,12260,135620000,45914220,34.42
13/04/2020,13050,144394500,10.95(-2.23 %),37620,417121500,24570,272727000,45901170,34.43
14/04/2020,69520,767756500,11.3(3.20 %),91840,1011044500,22320,243288000,45831650,34.45
15/04/2020,108140,1221950000,11.35(0.44 %),108140,1221950000,0,0,45673858,34.5
16/04/2020,79630,905580000,11.55(1.76 %),79630,905580000,0,0,45618798,34.52
17/04/2020,51690,600160000,11.55(0.00 %),51710,600390000,20,230000,45589408,34.52
20/04/2020,18870,218675500,11.6(0.43 %),21440,248278000,2570,29602500,45573320,34.53
21/04/2020,31050,340411000,11.4(-1.72 %),64410,707729500,33360,367318500,45542270,34.54
22/04/2020,4870,53847500,11.4(0.00 %),18870,210647500,14000,156800000,45537400,34.54
23/04/2020,-54770,-617278000,11.2(-1.75 %),0,0,54770,617278000,45592170,34.52
24/04/2020,-42210,-481521500,11.5(2.68 %),0,0,42210,481521500,45634380,34.51
27/04/2020,-26800,-309436000,11.4(-0.87 %),0,0,26800,309436000,45661180,34.5
28/04/2020,0,0,11.4(0.00 %),0,0,0,0,45589408,34.52
29/04/2020,18380,207694000,11.3(-0.88 %),43240,488612000,24860,280918000,45642800,34.51
04/05/2020,-54610,-600560000,11.15(-1.33 %),0,0,54610,600560000,45615178,34.52
05/05/2020,8510,94550000,11.3(1.35 %),11890,132070000,3380,37520000,45603288,34.52
06/05/2020,28410,321970000,11.35(0.44 %),28410,321970000,0,0,45599738,34.52
07/05/2020,28510,323835000,11.4(0.44 %),28510,323835000,0,0,45549748,34.54
08/05/2020,54470,635160000,11.6(1.75 %),59470,693660000,5000,58500000,45495278,34.55
11/05/2020,22260,259880000,11.9(2.59 %),24260,283280000,2000,23400000,45545488,34.54
12/05/2020,2580,31310000,12.2(2.52 %),10280,124480000,7700,93170000,45535208,34.54
13/05/2020,31770,383000000,12(-1.64 %),41770,504000000,10000,121000000,45498438,34.55
14/05/2020,30840,370370000,11.95(-0.42 %),33840,406670000,3000,36300000,45466598,34.56
15/05/2020,340,5350000,11.95(0.00 %),11990,142520000,11650,137170000,45462308,34.56
18/05/2020,-10000,-119000000,11.9(-0.42 %),0,0,10000,119000000,45417488,34.58
19/05/2020,-138950,-1671140000,11.9(0.00 %),6690,80380000,145640,1751520000,45468618,34.56
20/05/2020,-331400,-4058080000,12.35(3.78 %),81600,999900000,413000,5057980000,45398668,34.59
21/05/2020,-4060,-49850000,12.2(-1.21 %),590,7350000,4650,57200000,45408078,34.58
22/05/2020,4340,52440000,12.2(0.00 %),5070,61350000,730,8910000,45548648,34.54
25/05/2020,-41580,-505090000,12.1(-0.82 %),1000,12200000,42580,517290000,45960649,34.41
26/05/2020,-12610,-154416000,12.25(1.24 %),0,0,12610,154416000,45941748,34.41
27/05/2020,-26230,-317880000,12(-2.04 %),40,490000,26270,318370000,45965989,34.41
28/05/2020,35360,421814000,12.1(0.83 %),40360,481814000,5000,60000000,45932618,34.42
29/05/2020,11020,131141000,12.1(0.00 %),11020,131141000,0,0,45921598,34.42
01/06/2020,0,0,12.2(0.83 %),0,0,0,0,45996069,34.4
02/06/2020,-7490,-94596000,12.4(1.64 %),4300,53600000,11790,148196000,46003559,34.39
03/06/2020,-9170,-115080000,12.6(1.61 %),0,0,9170,115080000,45996765,34.4
04/06/2020,-45580,-579189000,12.7(0.79 %),0,0,45580,579189000,46058309,34.38
05/06/2020,0,0,12.7(0.00 %),0,0,0,0,46058309,34.38
08/06/2020,-1920,-24360000,12.85(1.18 %),800,10320000,2720,34680000,46016225,34.39
09/06/2020,0,0,12.75(-0.78 %),0,0,0,0,46060229,34.38
10/06/2020,8060,116840000,13.25(3.92 %),25370,338500000,17310,221660000,46044125,34.38
11/06/2020,-31020,-400410000,12.4(-6.42 %),2410,31810000,33430,432220000,46044435,34.38
12/06/2020,-12370,-149480000,12.3(-0.81 %),17720,215600000,30090,365080000,46038595,34.38
15/06/2020,-28350,-339457000,12.05(-2.03 %),12970,156138500,41320,495595500,46123909,34.35
16/06/2020,20180,244760000,12.15(0.83 %),24830,300860000,4650,56100000,46051535,34.38
17/06/2020,-41780,-458772620,12(-1.23 %),0,0,41780,458772620,46145509,34.35
18/06/2020,-27220,-324194000,12(0.00 %),0,0,27220,324194000,46172729,34.34
19/06/2020,37150,454470000,12.3(2.50 %),44550,543680000,7400,89210000,46083045,34.37
22/06/2020,-16860,-206480000,12.35(0.41 %),0,0,16860,206480000,46124825,34.35
23/06/2020,-2090,-26119000,12.45(0.81 %),7110,87926500,9200,114045500,46154529,34.35
24/06/2020,43530,540198500,12.35(-0.80 %),43530,540198500,0,0,46110999,34.36
25/06/2020,-14050,-170740000,12.4(0.40 %),6040,73080000,20090,243820000,46127185,34.35
26/06/2020,-185790,-2278820000,12.15(-2.02 %),7400,90650000,193190,2369470000,46128985,34.35
29/06/2020,-185790,-2278818000,12.15(0.00 %),7400,90650000,193190,2369468000,46496629,34.24
30/06/2020,-185790,-2278818000,12.25(0.82 %),7400,90650000,193190,2369468000,46682419,34.18
01/07/2020,-2420,-30351000,12.3(0.41 %),4300,51633000,6720,81984000,46342265,34.29
02/07/2020,-18280,-223843500,12.25(-0.41 %),1730,21279000,20010,245122500,46360545,34.28
03/07/2020,0,0,12.95(5.71 %),0,0,0,0,46429963,34.26
06/07/2020,0,0,12.95(0.00 %),0,0,0,0,46360545,34.28
07/07/2020,-2100,-26800000,12.7(-1.93 %),0,0,2100,26800000,46456693,34.25
08/07/2020,9200,115920000,12.95(1.97 %),9200,115920000,0,0,46447493,34.25
09/07/2020,-59020,-793440000,13.5(4.25 %),0,0,59020,793440000,46447493,34.25
10/07/2020,-42540,-568274500,13.35(-1.11 %),0,0,42540,568274500,46455005,34.25
13/07/2020,-33010,-448320000,13.65(2.25 %),0,0,33010,448320000,46449593,34.25
14/07/2020,-40460,-551970000,13.65(0.00 %),0,0,40460,551970000,46508613,34.23
15/07/2020,-2470,-33923000,13.7(0.37 %),0,0,2470,33923000,46530945,34.23
16/07/2020,28060,379422000,13.5(-1.46 %),35000,474500000,6940,95078000,46502885,34.23
17/07/2020,27730,375000000,13.5(0.00 %),27730,375000000,0,0,46561893,34.22
20/07/2020,30960,414981000,12.95(-4.07 %),30960,414981000,0,0,46444195,34.25
21/07/2020,52700,686714500,12.95(0.00 %),52700,686714500,0,0,46391495,34.27
22/07/2020,14800,193140000,12.75(-1.54 %),14920,194710000,120,1570000,46472723,34.24
23/07/2020,6860,87120000,12.85(0.78 %),6860,87120000,0,0,46465863,34.25
24/07/2020,28740,356650000,12.3(-4.28 %),28740,356650000,0,0,46437123,34.26
27/07/2020,101370,1191727000,12.3(0.00 %),101370,1191727000,0,0,46239725,34.32
28/07/2020,10650,130620000,12.35(0.41 %),10650,130620000,0,0,46325221,34.29
29/07/2020,-5430,-62710000,12.3(-0.40 %),17850,212640000,23280,275350000,47920606,33.95
30/07/2020,3350,41190000,12.25(-0.41 %),9710,118950000,6360,77760000,47910896,33.96
31/07/2020,-46700,-565874500,12.15(-0.82 %),0,0,46700,565874500,46286635,34.86
03/08/2020,44420,546596500,12.35(1.65 %),54900,675000500,10480,128404000,47934176,34.33
04/08/2020,4260,53250000,12.45(0.81 %),4260,53250000,0,0,47929916,34.33
05/08/2020,5900,74891500,12.6(1.20 %),10100,126939500,4200,52048000,47924016,34.34
06/08/2020,-3000,-37350000,12.3(-2.38 %),0,0,3000,37350000,47927016,34.33
07/08/2020,2610,31940000,12.35(0.41 %),2610,31940000,0,0,47925846,33.95
10/08/2020,-70,-864500,12.35(0.00 %),0,0,70,864500,47924476,34.34
11/08/2020,-1260,-15498000,12.35(0.00 %),0,0,1260,15498000,47925736,34.33
12/08/2020,-28200,-357488000,12.7(2.83 %),0,0,28200,357488000,47953936,34.33
13/08/2020,-16600,-210534000,12.7(0.00 %),0,0,16600,210534000,47970536,34.32
14/08/2020,2010,25980000,12.65(-0.39 %),5270,67190000,3260,41210000,47929106,33.95
17/08/2020,-6620,-81468000,12.55(-0.79 %),26000,326050000,32620,407518000,47975146,34.32
18/08/2020,25460,327171000,12.8(1.99 %),27960,359271000,2500,32100000,47949686,34.33
19/08/2020,9200,118220000,12.85(0.39 %),9200,118220000,0,0,47940486,34.33
20/08/2020,3500,44910000,12.7(-1.17 %),5090,65190000,1590,20280000,47941536,33.95
21/08/2020,0,0,12.75(0.39 %),0,0,0,0,47936986,34.33
24/08/2020,-921450,-11852420000,12.85(0.78 %),22380,289900000,943830,12142320000,47921656,33.95
25/08/2020,12530,160190000,12.85(0.00 %),12530,160190000,0,0,47910716,33.96
26/08/2020,58600,766130000,13.2(2.72 %),58640,766660000,40,530000,47852076,33.98
27/08/2020,47530,624728500,13.1(-0.76 %),47530,624728500,0,0,48739776,34.08
28/08/2020,0,0,13.05(-0.38 %),0,0,0,0,48748376,33.69
31/08/2020,-319070,-4154340000,12.95(-0.77 %),0,0,319070,4154340000,48748416,33.69
01/09/2020,-22130,-288129000,13(0.39 %),40870,531371000,63000,819500000,48748416,34.07
03/09/2020,-29390,-382150000,12.95(-0.38 %),1300,16900000,30690,399050000,48777806,34.06
04/09/2020,75020,969543000,13(0.39 %),75020,969543000,0,0,48702786,34.09
07/09/2020,-204760,-2765634500,13.35(2.69 %),34550,459257500,239310,3224892000,48907546,34.02
08/09/2020,760,10260000,13.45(0.75 %),760,10260000,0,0,48906786,34.02
09/09/2020,60550,815760500,13.55(0.74 %),60550,815760500,0,0,48846236,34.04
10/09/2020,2930,39555000,13.45(-0.74 %),3000,40500000,70,945000,48843306,34.04
11/09/2020,47120,641974500,13.65(1.49 %),47120,641974500,0,0,48796186,34.06
14/09/2020,-340,-14290000,14.2(4.03 %),115000,1625040000,115340,1639330000,49023048,33.61
15/09/2020,-15330,-226264500,14.4(1.41 %),14870,217670500,30200,443935000,48811856,34.05
16/09/2020,19660,284720000,14.5(0.69 %),19660,284720000,0,0,48988593,33.62
17/09/2020,-2940,-39960000,14.25(-1.72 %),19250,275210000,22190,315170000,49084683,33.59
18/09/2020,29150,411190000,14.55(2.11 %),39150,557190000,10000,146000000,49075733,33.59
21/09/2020,25340,371030000,14.45(-0.69 %),25540,373980000,200,2950000,49050193,33.6
22/09/2020,84250,1219510000,14.55(0.69 %),84250,1219510000,0,0,48988133,33.62
23/09/2020,8280,120900000,14.45(-0.69 %),8360,122060000,80,1160000,48991573,33.62
24/09/2020,-1000,-14625000,14.55(0.69 %),0,0,1000,14625000,48649116,34.11
25/09/2020,1810,27297500,14.55(0.00 %),10160,147955000,8350,120657500,48647306,34.11
28/09/2020,19430,305380000,15(3.09 %),40720,617640000,21290,312260000,48942053,33.63
29/09/2020,-32500,-490663500,15.05(0.33 %),0,0,32500,490663500,48660376,34.1
30/09/2020,55620,854550000,15.25(1.33 %),63500,974710000,7880,120160000,48887903,33.65
01/10/2020,18890,299100000,16.15(5.90 %),43890,690730000,25000,391630000,48865303,33.66
02/10/2020,-47540,-792174500,17.25(6.81 %),7440,124995000,54980,917169500,48956733,34.01
05/10/2020,-2244640,-41401670500,18.4(6.67 %),32100,591495000,2276740,41993165500,51201373,33.29
06/10/2020,-329120,-5945232500,17.85(-2.99 %),139000,2494845000,468120,8440077500,51530493,33.19
07/10/2020,-600370,-10844179500,17.7(-0.84 %),60210,1072776000,660580,11916955500,52130863,33.0
08/10/2020,-12530,-219602500,17.9(1.13 %),13190,233336500,25720,452939000,52143393,33.0
09/10/2020,-424430,-7800090000,18.4(2.79 %),61930,1135800000,486360,8935890000,51416653,32.86
12/10/2020,-1141660,-21322435500,18.15(-1.36 %),19380,365786000,1161040,21688221500,53709483,32.5
13/10/2020,88230,1583236000,17.85(-1.65 %),88230,1583236000,0,0,53621253,32.53
14/10/2020,370480,6530250000,17.75(-0.56 %),375800,6624680000,5320,94430000,52105903,32.64
15/10/2020,32610,575840500,17.9(0.85 %),32610,575840500,0,0,53218163,32.65
16/10/2020,81820,1511309500,18.3(2.23 %),85820,1585309500,4000,74000000,53136343,32.68
19/10/2020,82890,1544089500,18.75(2.46 %),96630,1796376500,13740,252287000,53053453,32.71
20/10/2020,-28157044,-492677461000,19.6(4.53 %),64850,1249284000,28221894,493926745000,81210497,23.77
21/10/2020,5920,133220000,19.1(-2.55 %),129850,2570760000,123930,2437540000,52866497,32.4
22/10/2020,-4630,-86776000,19.4(1.57 %),3850,73920000,8480,160696000,81209207,23.77
23/10/2020,-6830,-135940000,19.2(-1.03 %),25000,479000000,31830,614940000,81073281,23.54
26/10/2020,-31980,-639870000,19.5(1.56 %),38570,757220000,70550,1397090000,81158641,23.52
27/10/2020,-165710,-2750022000,19.3(-1.03 %),0,0,165710,2750022000,81413727,23.7
28/10/2020,-50770,-973810000,19.1(-1.04 %),20440,402070000,71210,1375880000,81177791,23.51
29/10/2020,22370,424230000,19.15(0.26 %),83700,1620020000,61330,1195790000,81164641,23.52
30/10/2020,-105360,-2009750000,19.15(0.00 %),0,0,105360,2009750000,81330351,23.46
02/11/2020,20270,392150000,19.3(0.78 %),20270,392150000,0,0,81381291,23.45
03/11/2020,-2150,-46253000,19.4(0.52 %),56040,1083633000,58190,1129886000,81403711,23.71
04/11/2020,136010,2723695500,20.35(4.90 %),257820,5215754000,121810,2492058500,81267701,23.75
05/11/2020,21500,433506500,19.85(-2.46 %),21500,433506500,0,0,81246201,23.76
06/11/2020,-59150,-1172078500,20(0.76 %),20400,402440000,79550,1574518500,81305351,23.74
09/11/2020,82800,1673681000,20.2(1.00 %),84300,1704056000,1500,30375000,81222551,23.76
10/11/2020,-15090,-302260000,19.7(-2.48 %),10060,202210000,25150,504470000,81277846,23.48
11/11/2020,21920,432520000,19.75(0.25 %),26920,531020000,5000,98500000,81330476,23.46
12/11/2020,-2000,-39450000,20.2(2.28 %),0,0,2000,39450000,81331976,23.46
13/11/2020,12880,260957000,20.25(0.25 %),20790,420282000,7910,159325000,81204841,23.77
16/11/2020,39290,808131000,20.55(1.48 %),45810,943459000,6520,135328000,81165551,23.78
17/11/2020,45850,948560000,20.85(1.46 %),57510,1190890000,11660,242330000,81240016,23.49
18/11/2020,72520,1525430000,20.8(-0.24 %),79290,1667260000,6770,141830000,81168636,23.51
19/11/2020,0,0,20.65(-0.72 %),0,0,0,0,81175156,23.51
20/11/2020,40020,833390000,21.15(2.42 %),60020,1259390000,20000,426000000,81126796,23.53
23/11/2020,-52430,-1118740000,21.15(0.00 %),23570,501160000,76000,1619900000,81109996,23.53
24/11/2020,-4370,-86971500,21.3(0.71 %),33160,706035500,37530,793007000,81063961,23.81
25/11/2020,21000,446410000,21.35(0.23 %),28230,598960000,7230,152550000,81068606,23.55
26/11/2020,-570,-12110000,21(-1.64 %),430,9040000,1000,21150000,81144176,23.52
27/11/2020,114880,2513720000,21.7(3.33 %),117240,2565650000,2360,51930000,81064466,23.55
30/11/2020,37460,842890000,22.4(3.23 %),80080,1787030000,42620,944140000,80991616,23.57
01/12/2020,77700,1785380000,22.5(0.45 %),79390,1823990000,1690,38610000,80913226,23.59
02/12/2020,-69305114,-1490105347000,24.05(6.89 %),13860,325837500,69318974,1490431184500,150297730,1.83
03/12/2020,-30550,-784610000,25.7(6.86 %),34120,856410000,64670,1641020000,80910576,23.6
04/12/2020,-163260,-4319480000,26.5(3.11 %),3280,87030000,166540,4406510000,80908986,23.6
07/12/2020,-51910,-1337380000,26.15(-1.32 %),30420,802870000,82330,2140250000,150197540,1.84
08/12/2020,-993,-254500000,26.25(0.38 %),7310,1915000000,8303,2169500000,150189110,1.84
09/12/2020,-68100,-1774050000,25.9(-1.33 %),3100,81380000,71200,1855430000,150352550,1.79
10/12/2020,7857,1956100000,24.6(-5.02 %),8424,2100180000,567,144080000,150350640,1.79
11/12/2020,10485,2593520000,25.1(2.03 %),10685,2642710000,200,49190000,150326820,1.8
14/12/2020,24830,649300000,26.05(3.78 %),25850,674920000,1020,25620000,150372175,1.79
15/12/2020,-6968,-1777460000,25.35(-2.69 %),2351,605730000,9319,2383190000,150354335,1.79
16/12/2020,-11070,-277803500,25.4(0.20 %),20000,511500000,31070,789303500,150493980,1.77
17/12/2020,-2317,-593120000,25.9(1.97 %),796,201070000,3113,794190000,150329395,1.8
18/12/2020,157820,4237564500,27.35(5.60 %),170820,4589364500,13000,351800000,150359330,1.81
21/12/2020,2570,72157500,27.8(1.65 %),5310,147147500,2740,74990000,150356760,1.81
22/12/2020,-18760,-521470000,27.8(0.00 %),3210,89080000,21970,610550000,150305445,1.81
23/12/2020,-823,-220520000,27(-2.88 %),2200,605300000,3023,825820000,150296385,1.81
24/12/2020,-2659,-680630000,26.45(-2.04 %),6744,1742560000,9403,2423190000,150231685,1.83
25/12/2020,47610,1258598000,26.2(-0.95 %),47610,1258598000,0,0,150362730,1.81
28/12/2020,-27040,-705500000,26.15(-0.19 %),11500,300750000,38540,1006250000,150224775,1.83
29/12/2020,132780,3645780000,27.3(4.40 %),162840,4439350000,30060,793570000,150155965,1.85
30/12/2020,46100,1314410000,27.35(0.18 %),53040,1505060000,6940,190650000,150102925,1.87
31/12/2020,4141,1150510000,27.7(1.28 %),5943,1645910000,1802,495400000,150082035,1.88
04/01/2021,-26800,-900825000,29.55(6.68 %),163000,4700460000,189800,5601285000,149949095,1.94
05/01/2021,-1600,1585000,31.5(6.60 %),118400,3651185000,120000,3649600000,149950695,1.94
06/01/2021,31100,983675000,31.2(-0.95 %),31100,983675000,0,0,149919595,1.95
07/01/2021,82900,2672880000,31.8(1.92 %),174200,5479560000,91300,2806680000,149836695,1.98
08/01/2021,-72900,-2282155000,31.55(-0.79 %),28300,905015000,101200,3187170000,149909595,1.95
11/01/2021,-1400,-42650000,31.45(-0.32 %),1300,41195000,2700,83845000,149910995,1.95
12/01/2021,-112400,-3491145000,33.65(7.00 %),60300,1982300000,172700,5473445000,150023395,1.92
13/01/2021,-9780,-3297880000,33.4(-0.74 %),50,17000000,9830,3314880000,150062164,1.88
14/01/2021,-11340,-3755550000,33.55(0.45 %),100,33340000,11440,3788890000,150063864,1.88
15/01/2021,-122200,-4103205000,33.7(0.45 %),1900,63605000,124100,4166810000,150356795,1.81
18/01/2021,-9960,-3513540000,34.85(3.41 %),50,17730000,10010,3531270000,150332464,1.8
19/01/2021,-11050,-3776480000,32.45(-6.89 %),460,154880000,11510,3931360000,150442264,1.76
20/01/2021,152700,4761710000,32(-1.39 %),180900,5636370000,28200,874660000,150414195,1.79
21/01/2021,106000,3410025000,33.35(4.22 %),161800,5185420000,55800,1775395000,150308195,1.4
22/01/2021,-440,-106730000,33(-1.05 %),5850,1976310000,6290,2083040000,150380149,1.78
25/01/2021,-47600,-1568740000,33.1(0.30 %),6500,218420000,54100,1787160000,150360195,1.81
26/01/2021,-16260,-5142120000,31(-6.34 %),3580,1158520000,19840,6300640000,150421854,1.77
27/01/2021,81100,2416680000,28.85(-6.94 %),170200,5046455000,89100,2629775000,150441695,1.78
28/01/2021,73900,1985260000,26.85(-6.93 %),76200,2047035000,2300,61775000,150367795,1.81
29/01/2021,500600,13067260000,26.85(0.00 %),514900,13425800000,14300,358540000,149867195,1.97
01/02/2021,17540,4772680000,26.8(-0.19 %),22570,6107290000,5030,1334610000,149839259,1.95
02/02/2021,63500,1778590000,27.7(3.36 %),161800,4444455000,98300,2665865000,150001459,1.92
03/02/2021,-28800,-8230330000,29(4.69 %),30,8610000,28830,8238940000,149693759,2.0
04/02/2021,-364300,-10455885000,28.5(-1.72 %),0,0,364300,10455885000,150653759,1.72
05/02/2021,-1140,-321920000,29.6(3.86 %),3320,979620000,4460,1301540000,149809159,1.96
08/02/2021,-129700,-3855400000,28.8(-2.70 %),34100,1009040000,163800,4864440000,150794859,1.67
09/02/2021,-28100,-800530000,29.15(1.22 %),10800,314120000,38900,1114650000,150822959,1.66
17/02/2021,95300,2856510000,30.35(4.12 %),116700,3498410000,21400,641900000,150727659,1.69
18/02/2021,-251200,-7638810000,30.8(1.48 %),15200,462035000,266400,8100845000,150978859,1.61
19/02/2021,-160200,-4999990000,31.45(2.11 %),200,6220000,160400,5006210000,151139059,1.56
22/02/2021,-258300,-8095165000,30.95(-1.59 %),0,0,258300,8095165000,151397359,1.48
23/02/2021,-1840,-555540000,31.1(0.48 %),3250,1014470000,5090,1570010000,150787359,1.66
24/02/2021,-166900,-5190915000,31(-0.32 %),2000,62100000,168900,5253015000,151582659,1.42
25/02/2021,-127400,-3961675000,31.25(0.81 %),18700,584830000,146100,4546505000,151710059,1.38
26/02/2021,76200,2530970000,32.75(4.80 %),123200,4014990000,47000,1484020000,151633859,1.41
01/03/2021,-12800,-403150000,32.75(0.00 %),46800,1553040000,59600,1956190000,151281959,1.52
02/03/2021,31120,10119770000,32.4(-1.07 %),45200,14711350000,14080,4591580000,150929259,1.61
03/03/2021,44490,14326840000,32.2(-0.62 %),44510,14333280000,20,6440000,150531159,1.74
04/03/2021,-45200,-1344510000,30.9(-4.04 %),28500,978730000,73700,2323240000,150571059,1.74
05/03/2021,-3400,-90655000,30.5(-1.29 %),29200,879385000,32600,970040000,150574459,1.74
08/03/2021,2660,817230000,30.5(0.00 %),3530,1081520000,870,264290000,150638759,1.7
09/03/2021,-31400,-937785000,30.5(0.00 %),3500,105000000,34900,1042785000,150579259,1.74
10/03/2021,-44700,-1357025000,30.55(0.16 %),0,0,44700,1357025000,150623959,1.73
11/03/2021,900,277850000,30.7(0.49 %),900,277850000,0,0,150741319,1.67
12/03/2021,14280,4290070000,31.8(3.58 %),14530,4367650000,250,77580000,150630926,1.71
15/03/2021,-107200,-3417040000,31.7(-0.31 %),0,0,107200,3417040000,150579359,1.74
16/03/2021,5710,1713560000,31.25(-1.42 %),6310,1901200000,600,187640000,150612526,1.71
17/03/2021,-29200,-906745000,31.2(0.65 %),2300,71470000,31500,978215000,150551459,1.75
18/03/2021,-71800,-2389690000,31.9(2.24 %),10000,323000000,81800,2712690000,150623259,1.73
19/03/2021,1660,542410000,32.45(1.72 %),1910,623660000,250,81250000,150696766,1.68
22/03/2021,-6370,-2160400000,32.25(-0.62 %),230,74200000,6600,2234600000,150725966,1.68
23/03/2021,-3250,-1036750000,31.1(-3.57 %),20,6380000,3270,1043130000,150807566,1.65
24/03/2021,120,36250000,30.5(-1.93 %),120,36250000,0,0,150808866,1.65
25/03/2021,12500,3553750000,30.35(-0.49 %),12500,3553750000,0,0,150749866,1.67
26/03/2021,2100,616380000,29.9(-1.48 %),2100,616380000,0,0,150761566,1.66
29/03/2021,7600,229690000,30(0.33 %),19800,593920000,12200,364230000,150505059,1.76
30/03/2021,41300,1156830000,27.9(-7.00 %),41300,1156830000,0,0,150463759,1.78
31/03/2021,-2830,-788370000,27.6(-1.08 %),0,0,2830,788370000,150700528,1.68
01/04/2021,4480,1252610000,29(5.07 %),5480,1535610000,1000,283000000,150657928,1.7
02/04/2021,-6400,-185305000,29.2(0.69 %),1100,32570000,7500,217875000,150719128,1.7
05/04/2021,-24000,-700640000,29.1(-0.34 %),4000,117700000,28000,818340000,150743128,1.69
06/04/2021,153700,4428905000,28.8(-1.03 %),164300,4733655000,10600,304750000,150589428,1.74
07/04/2021,-10510,-3268260000,29.3(1.74 %),1840,534540000,12350,3802800000,150515928,1.74
08/04/2021,37200,1130050000,30.9(5.46 %),40500,1229550000,3300,99500000,150657328,1.72
09/04/2021,7030,2174980000,30.65(-0.81 %),7030,2174980000,0,0,150443740,1.76
12/04/2021,5270,1471050000,30.85(0.65 %),8000,2302500000,2730,831450000,150487240,1.75
13/04/2021,-13900,-389570000,29.9(-3.08 %),22200,685980000,36100,1075550000,150548228,1.75
14/04/2021,-17400,-514745000,29.8(-0.33 %),0,0,17400,514745000,150565628,1.74
15/04/2021,-40000,-1179110000,29(-2.68 %),11000,323100000,51000,1502210000,150605628,0.0
16/04/2021,15000,417960000,28.4(-2.07 %),22500,626740000,7500,208780000,150537628,1.75
19/04/2021,-2400,-62805000,29.1(2.46 %),9400,272870000,11800,335675000,150540028,1.75
20/04/2021,-7700,-218330000,28.55(-1.89 %),1300,37570000,9000,255900000,150547728,1.75
22/04/2021,0,0,27.35(-4.20 %),0,0,0,0,150547728,1.75
23/04/2021,-82300,-2442700000,28(2.38 %),21800,592590000,104100,3035290000,150630028,6.68
26/04/2021,-370,-101220000,26.8(-4.29 %),100,27500000,470,128720000,165582859,1.74
27/04/2021,3100,82555000,26.3(-1.87 %),3100,82555000,0,0,150630628,6.68
28/04/2021,65300,1532345000,26.45(0.57 %),100100,2452655000,34800,920310000,150565328,6.7
29/04/2021,2430,651350000,26.75(1.13 %),2430,651350000,0,0,165564169,1.74
04/05/2021,-3750,-1003180000,27(0.93 %),860,231770000,4610,1234950000,165555569,1.74
05/05/2021,-60,-16340000,27.4(1.48 %),0,0,60,16340000,165590369,1.73
06/05/2021,-260,-72070000,27.8(1.46 %),0,0,260,72070000,165590369,1.73
07/05/2021,-9500,-262825000,27.05(-2.70 %),3700,102580000,13200,365405000,165576869,1.93
10/05/2021,46750,12622840000,26.9(-0.55 %),50000,13498030000,3250,875190000,165133369,1.86
11/05/2021,536500,14703810000,27.7(2.97 %),544700,14932180000,8200,228370000,164572869,2.23
12/05/2021,241800,6766025000,28.15(1.62 %),243600,6816245000,1800,50220000,164331069,2.3
13/05/2021,237900,6694670000,28.05(-0.36 %),251300,7072660000,13400,377990000,164093169,2.38
14/05/2021,259700,7278160000,28.6(1.96 %),259700,7278160000,0,0,163833469,2.24
17/05/2021,-164700,-5010025000,28(-2.10 %),1100,30945000,165800,5040970000,163998169,2.19
18/05/2021,-45960,-12610990000,27.1(-3.21 %),80,21810000,46040,12632800000,163904169,2.22
19/05/2021,300,7970000,26.5(-2.21 %),300,7970000,0,0,164457469,2.06
20/05/2021,100080,26939460000,27.6(4.15 %),100080,26939460000,0,0,163068869,2.45
21/05/2021,2440,688810000,28.15(1.99 %),20350,5670050000,17910,4981240000,163325719,2.38
24/05/2021,329200,9215570000,30.1(6.93 %),435800,12393950000,106600,3178380000,163103069,2.44
25/05/2021,-4500,-125930000,29.55(-1.83 %),14900,451800000,19400,577730000,163107569,2.44
26/05/2021,240,72260000,30.2(2.20 %),300,90400000,60,18140000,163051119,2.46
27/05/2021,241200,7511625000,31(2.65 %),254300,7924790000,13100,413165000,162863969,2.51
28/05/2021,377700,11924550000,31.45(1.45 %),378700,11955900000,1000,31350000,162486269,2.62
31/05/2021,9530,2962780000,31.9(1.43 %),12000,3737490000,2470,774710000,162374719,2.65
01/06/2021,31450,10281670000,32.5(1.88 %),32360,10580290000,910,298620000,162064269,2.74
02/06/2021,-49200,-1575430000,31.6(-2.77 %),10100,323870000,59300,1899300000,162437069,2.63
03/06/2021,-47480,-15106600000,32.15(1.74 %),2520,809550000,50000,15916150000,162054669,2.74
04/06/2021,564500,18514930000,32.65(1.56 %),564500,18514930000,0,0,162347369,2.66
07/06/2021,-7210,-2288270000,31.5(-3.52 %),830,265670000,8040,2553940000,161550269,2.89
08/06/2021,-315500,-8647795000,26.1(-17.14 %),35600,991940000,351100,9639735000,162734969,2.55
09/06/2021,-204500,-5270310000,25.85(-0.96 %),14800,377785000,219300,5648095000,162939469,2.49
10/06/2021,-447900,-11303895000,24.7(-4.45 %),20200,512520000,468100,11816415000,163387369,2.36
11/06/2021,-15110,-3768660000,25.2(2.02 %),700,174020000,15810,3942680000,162404190,2.64
14/06/2021,-21510,-5428080000,25.5(1.19 %),300,76000000,21810,5504080000,162620490,2.58
15/06/2021,14350,3648760000,26.2(2.75 %),27760,7055860000,13410,3407100000,162810990,2.53
16/06/2021,23200,615195000,26.3(0.38 %),30600,810195000,7400,195000000,163586869,2.31
17/06/2021,100,26100000,26.3(0.00 %),100,26100000,0,0,163155590,2.43
18/06/2021,-7110,-1920450000,27.05(2.85 %),450,119030000,7560,2039480000,163282657,2.39
21/06/2021,-14040,-3791190000,26.9(-0.55 %),700,188800000,14740,3979990000,163283057,2.39
22/06/2021,-30,-7750000,26.7(-0.74 %),220,59140000,250,66890000,163280857,2.39
23/06/2021,4600,119235000,25.7(-3.75 %),5100,132110000,500,12875000,163793069,2.25
24/06/2021,-300,-76300000,25.4(-1.17 %),200,50700000,500,127000000,163496757,2.33
25/06/2021,-200,-51300000,25.6(0.79 %),0,0,200,51300000,163499257,2.33
28/06/2021,-3500,-90725000,26.4(3.12 %),500,12775000,4000,103500000,163801569,2.24
29/06/2021,-2600,-67830000,26.1(-1.14 %),2400,62670000,5000,130500000,163804169,2.24
30/06/2021,300,77100000,25.65(-1.72 %),300,77100000,0,0,163500857,2.33
01/07/2021,16000,408000000,25.95(1.17 %),20000,510000000,4000,102000000,163504857,2.33
02/07/2021,-174400,-4489300000,25.5(-1.73 %),27600,705310000,202000,5194610000,163679257,2.28
05/07/2021,61000,1355271000,24.9(-2.35 %),62000,1380276000,1000,25005000,163618257,10.63
06/07/2021,40510,10026490000,23.2(-6.83 %),40710,10076070000,200,49580000,190556527,2.51
07/07/2021,-2130,-471640000,22.5(-3.02 %),3170,710410000,5300,1182050000,190726737,2.47
08/07/2021,22510,5255760000,23.2(3.11 %),22910,5350310000,400,94550000,190498637,2.52
09/07/2021,-1840,-428910000,23.5(1.29 %),1300,294770000,3140,723680000,190487567,2.53
12/07/2021,2150,470510000,22.8(-2.98 %),3160,697160000,1010,226650000,190508967,2.52
13/07/2021,-88900,-2000650000,22.8(0.00 %),9000,203300000,97900,2203950000,163095157,9.21
14/07/2021,-10450,-2348810000,22.75(-0.22 %),200,45800000,10650,2394610000,190533367,2.52
15/07/2021,490,111930000,22.95(0.88 %),890,202930000,400,91000000,190534567,2.52
16/07/2021,10,2350000,23.65(3.05 %),10,2350000,0,0,190631914,2.49
19/07/2021,-34600,-805550000,22(-6.98 %),4400,97060000,39000,902610000,163229257,9.18
20/07/2021,-2160,-464130000,22.3(1.36 %),100,21250000,2260,485380000,190736994,2.47
21/07/2021,-26000,-579650000,22(-1.35 %),0,0,26000,579650000,163276857,9.17
22/07/2021,-7980,-1808620000,23.5(6.82 %),100,23450000,8080,1832070000,190774994,2.46
23/07/2021,-1400,-35780000,23.5(0.00 %),3500,83685000,4900,119465000,163358057,9.15
26/07/2021,900,210020000,24.65(4.89 %),1310,310050000,410,100030000,190806994,2.45
27/07/2021,1080,266690000,24.5(-0.61 %),1240,306290000,160,39600000,190875394,2.43
28/07/2021,50,12570000,24.95(1.84 %),200,50000000,150,37430000,190878294,2.43
29/07/2021,-27500,-687560000,25.15(0.80 %),2500,62440000,30000,750000000,163365257,9.14
30/07/2021,-23860,-6120710000,25.6(1.79 %),840,215510000,24700,6336220000,190873132,2.43
02/08/2021,-157900,-4032515000,25.3(-1.17 %),2000,50400000,159900,4082915000,190874632,2.43
03/08/2021,-500,-12580000,25.85(2.17 %),100,2550000,600,15130000,190875132,2.43
04/08/2021,-492400,-13334655000,27.2(5.22 %),16600,450190000,509000,13784845000,191367532,2.31
05/08/2021,-491800,-13693750000,27.75(2.02 %),18800,521655000,510600,14215405000,191859332,2.19
06/08/2021,-1020800,-30176435000,29.05(4.68 %),26700,761350000,1047500,30937785000,192880132,1.94
09/08/2021,-1024700,-31213305000,30.8(6.02 %),35200,1072500000,1059900,32285805000,193904832,1.69
10/08/2021,-528200,-16123705000,30.3(-1.62 %),5700,173010000,533900,16296715000,194433032,1.56
11/08/2021,-1049700,-32088715000,30.6(0.99 %),4200,127550000,1053900,32216265000,195482732,1.31
12/08/2021,571100,18904325000,32.55(6.37 %),756500,24684235000,185400,5779910000,194911632,1.45
13/08/2021,-34900,-919213000,34(4.45 %),21400,678315800,56300,1597528800,194946532,1.44
16/08/2021,3600,121550000,33.9(-0.29 %),24100,831165000,20500,709615000,194942932,1.44
17/08/2021,-596500,-19478095000,32.15(-5.16 %),500,16400000,597000,19494495000,196139532,1.15
18/08/2021,342500,11368825000,34(5.75 %),354100,11763085000,11600,394260000,194600432,1.52
19/08/2021,-62500,-2170180000,34.8(2.35 %),1800,62650000,64300,2232830000,194662932,1.51
20/08/2021,43100,1367090000,32.5(-6.61 %),167100,5595470000,124000,4228380000,194619832,1.52
23/08/2021,234600,7747540000,32.45(-0.15 %),420800,13827655000,186200,6080115000,194385232,1.58
24/08/2021,-697400,-21911105000,30.6(-5.70 %),276100,8705250000,973500,30616355000,195082632,1.41
25/08/2021,490600,15321985000,32.7(6.86 %),491400,15346905000,800,24920000,194592032,1.53
26/08/2021,-640900,-21074705000,32.55(-0.46 %),0,0,640900,21074705000,195232932,1.37
27/08/2021,-8300,-187090000,33.7(3.53 %),178200,5984900000,186500,6171990000,195241232,1.37
30/08/2021,-929800,-31408945000,33.7(0.00 %),36459,1231818300,966259,32640763300,196171032,1.14
31/08/2021,542000,19166640000,34.9(3.56 %),547500,19360640000,5500,194000000,195629032,1.27
01/09/2021,145000,5132500000,35.65(2.15 %),158300,5600585000,13300,468085000,195550444,1.29
06/09/2021,-110900,-3862430000,34.9(-2.10 %),62800,2265840000,173700,6128270000,195661344,1.27
07/09/2021,-29100,-984090000,33.3(-4.58 %),167000,5683240000,196100,6667330000,195690444,1.26
08/09/2021,307900,10395575000,33.6(0.90 %),307900,10395575000,0,0,195382544,1.33
09/09/2021,-12700,-431735000,34.1(1.49 %),5800,196790000,18500,628525000,195395244,1.33
10/09/2021,-20500,-691065000,33.7(-1.17 %),1000,33800000,21500,724865000,195415744,1.32
13/09/2021,219400,7240480000,32.55(-3.41 %),521500,17230800000,302100,9990320000,195196344,1.38
14/09/2021,629800,20241425000,31.75(-2.46 %),632400,20325065000,2600,83640000,194566544,1.53
15/09/2021,21900,749855000,32.4(2.05 %),276100,8969540000,254200,8219685000,194544644,1.54
16/09/2021,-97900,-3213765000,33.1(2.16 %),0,0,97900,3213765000,194642544,1.51
17/09/2021,2110900,71895210000,34.05(2.87 %),3238500,110270925000,1127600,38375715000,192531644,2.03
20/09/2021,-428500,-14044745000,32(-6.02 %),35900,1176970000,464400,15221715000,192960144,1.92
21/09/2021,52300,1651215000,32.1(0.31 %),76600,2404320000,24300,753105000,192907844,1.94
22/09/2021,-253200,-8097380000,32.2(0.31 %),42000,1354600000,295200,9451980000,193161044,1.88
23/09/2021,-138500,-4484475000,31.8(-1.24 %),10000,324750000,148500,4809225000,193299544,3.63
24/09/2021,17400,552970000,31.6(-0.63 %),17400,552970000,0,0,193282144,3.64
27/09/2021,-66600,-2061900000,29.4(-6.96 %),2700,85455000,69300,2147355000,193348744,3.62
28/09/2021,480200,14252535000,31(5.44 %),484700,14383635000,4500,131100000,192868544,3.74
29/09/2021,-14400,-440835000,31(0.00 %),700,21855000,15100,462690000,192882944,3.6
30/09/2021,-3100,-96875000,31(0.00 %),0,0,3100,96875000,192886044,3.6
01/10/2021,-11800,-364395000,30.5(-1.61 %),467316,13482066600,479116,13846461600,201172183,1.65
04/10/2021,1600,48780000,30.05(-1.48 %),2000,61000000,400,12220000,201170583,1.65
05/10/2021,134600,4152340000,31.1(3.49 %),155000,4781025000,20400,628685000,201035983,1.69
06/10/2021,-80000,-2646620000,33.25(6.91 %),0,0,80000,2646620000,201115983,0.0
07/10/2021,-116400,-3919020000,33.25(0.00 %),2300,77265000,118700,3996285000,201232383,0.0
08/10/2021,-202200,-6840595000,33.6(1.05 %),200,6830000,202400,6847425000,201434583,0.0
11/10/2021,-51200,-909738000,33.6(0.00 %),400,3369400,51600,913107400,201485783,0.0
12/10/2021,-31400,-1087995000,34.8(3.57 %),4400,148940000,35800,1236935000,201517183,0.0
13/10/2021,-11200,-395310000,35.4(1.72 %),0,0,11200,395310000,201528383,0.0
14/10/2021,361400,13359045000,37.4(5.65 %),364100,13457355000,2700,98310000,201166983,0.0
15/10/2021,1144900,43159900000,37.4(0.00 %),1144900,43159900000,0,0,200022083,0.0
18/10/2021,27600,1038425000,38.15(2.01 %),28800,1084225000,1200,45800000,199994483,0.0
19/10/2021,-61100,-2284480000,37.35(-2.10 %),18200,687610000,79300,2972090000,200055583,0.0
20/10/2021,55000,2117315000,38.35(2.68 %),55000,2117315000,0,0,200000583,0.0
21/10/2021,11200,441250000,39.9(4.04 %),13100,515160000,1900,73910000,200044383,0.0
22/10/2021,37500,1472570000,42.6(6.77 %),96800,3998750000,59300,2526180000,200006883,0.0
25/10/2021,-289400,-12503415000,41.2(-3.29 %),5800,249050000,295200,12752465000,200296283,0.0
26/10/2021,95500,3949720000,43.3(5.10 %),222900,9304910000,127400,5355190000,200200783,0.0
27/10/2021,-345100,-15796945000,46.2(6.70 %),9800,442425000,354900,16239370000,200545883,0.0
28/10/2021,25300,1199190000,49(6.06 %),43900,2088070000,18600,888880000,200520583,1.81
29/10/2021,-209100,-10654990000,50.9(3.88 %),3600,180850000,212700,10835840000,200729683,10.41
01/11/2021,2400,249190000,54.4(6.88 %),40900,2202730000,38500,1953540000,237219412,1.82
02/11/2021,-300,-14900000,58.2(6.99 %),2400,139000000,2700,153900000,237219712,1.82
03/11/2021,-320300,-17841010000,54.2(-6.87 %),13500,796610000,333800,18637620000,237540012,0.0
04/11/2021,0,0,56.1(3.51 %),0,0,0,0,237219712,1.55
05/11/2021,-600,-38450000,55.6(-0.89 %),2900,164750000,3500,203200000,237220312,0.0
08/11/2021,-242900,-13402610000,55.6(0.00 %),700,38870000,243600,13441480000,237462612,1.5
09/11/2021,-361000,-20620940000,58(4.32 %),3400,193790000,364400,20814730000,237823612,1.42
10/11/2021,-61200,-3651253200,62(6.90 %),2600,155118600,63800,3806371800,237884812,0.0
11/11/2021,13700,884290000,66.3(6.94 %),19200,1243990000,5500,359700000,237809912,1.43
12/11/2021,-1200,-77910000,70.9(6.94 %),5800,392640000,7000,470550000,237811112,1.43
15/11/2021,-33600,-2428810000,68(-4.09 %),7300,526510000,40900,2955320000,237844712,1.42
16/11/2021,-145100,-9853770000,67(-1.47 %),4300,289900000,149400,10143670000,237989812,1.39
17/11/2021,-17600,-1184240000,67.2(0.30 %),4700,316360000,22300,1500600000,238007412,1.39
18/11/2021,4100,321180000,71.9(6.99 %),19900,1426590000,15800,1105410000,238003312,1.39
19/11/2021,156100,11194280000,70(-2.64 %),170700,12262130000,14600,1067850000,237847212,1.42
22/11/2021,-100700,-6500560000,65.1(-7.00 %),52700,3494450000,153400,9995010000,237947912,1.4
23/11/2021,137900,8476080000,61(-6.30 %),155400,9562140000,17500,1086060000,237810012,1.43
24/11/2021,27200,1727920000,63.1(3.44 %),55900,3537420000,28700,1809500000,237782812,1.43
25/11/2021,25400,1674140000,67.5(6.97 %),25800,1700990000,400,26850000,237757412,1.44
26/11/2021,-234000,-16911300000,69.9(3.56 %),67900,4818000000,301900,21729300000,237991412,0.0
29/11/2021,0,0,70.1(0.29 %),0,0,0,0,237991412,1.39
30/11/2021,654100,44921790000,68.5(-2.28 %),1077600,73821690000,423500,28899900000,237337312,1.52
01/12/2021,-9500,-628670000,65.4(-4.53 %),2100,139120000,11600,767790000,237431202,1.5
02/12/2021,-198600,-13194370000,68.3(4.43 %),120100,8223860000,318700,21418230000,237629802,1.46
03/12/2021,-22300,-1549460000,65(-4.83 %),0,0,22300,1549460000,237652102,1.46
06/12/2021,195700,12898290000,64.4(-0.92 %),276500,18227840000,80800,5329550000,237456402,1.5
07/12/2021,273500,17972540000,68(5.59 %),273500,17972540000,0,0,237182902,1.55
08/12/2021,144500,10000090000,68.3(0.44 %),144500,10000090000,0,0,237038402,1.58
09/12/2021,175900,12229230000,69.4(1.61 %),196400,13648780000,20500,1419550000,236862502,0.0
10/12/2021,-57100,-3894580000,68.5(-1.30 %),112700,7819800000,169800,11714380000,236919602,1.61
13/12/2021,281600,20158140000,73.2(6.86 %),292200,20900780000,10600,742640000,236638002,1.66
14/12/2021,166400,12759680000,77.9(6.42 %),197000,15116250000,30600,2356570000,236471602,1.47
15/12/2021,-172300,-13995940000,81.5(4.62 %),10900,882920000,183200,14878860000,236643902,1.44
16/12/2021,-82600,-6914590000,87.2(6.99 %),15800,1366050000,98400,8280640000,236726502,1.43
17/12/2021,984000,89708270000,91(4.36 %),2252300,204962040000,1268300,115253770000,235742502,1.6
20/12/2021,-39300,-3486180000,87(-4.40 %),1400,125140000,40700,3611320000,235781802,1.59
21/12/2021,148000,13521840000,93(6.90 %),154500,14097010000,6500,575170000,235633802,0.0
22/12/2021,-4700,-466630000,96.3(3.55 %),19200,1856610000,23900,2323240000,235638502,1.62
23/12/2021,0,0,89.6(-6.96 %),0,0,0,0,235638502,1.62
24/12/2021,0,0,90(0.45 %),0,0,0,0,235638502,1.62
27/12/2021,400,90520000,96.3(7.00 %),135000,12389150000,134600,12298630000,235930512,1.8
28/12/2021,117600,11800880000,101.5(5.40 %),150600,15102730000,33000,3301850000,235812912,1.59
29/12/2021,-24800,-2471680000,97(-4.43 %),4600,462230000,29400,2933910000,235919912,1.81
30/12/2021,48100,4732700000,96(-1.03 %),52300,5141000000,4200,408300000,235900450,1.81
31/12/2021,61100,5969750000,96.7(0.73 %),62100,6067650000,1000,97900000,235867431,1.82
04/01/2022,166200,17041790000,103.4(6.93 %),173200,17758790000,7000,717000000,235698427,1.85
05/01/2022,-10900,-1198680000,110.6(6.96 %),34100,3716800000,45000,4915480000,235665289,1.86
06/01/2022,16300,1741110000,109.5(-0.99 %),77900,8652220000,61600,6911110000,235594389,1.87
07/01/2022,71900,7987350000,117.1(6.94 %),99700,11095070000,27800,3107720000,235539639,1.88
10/01/2022,-88700,-12625560300,112(-4.36 %),17000,194052800,105700,12819613100,235584239,1.87
11/01/2022,199200,23709130000,119.8(6.96 %),215100,25577110000,15900,1867980000,235396939,1.91
12/01/2022,17700,1932980000,111.5(-6.93 %),27400,3099060000,9700,1166080000,235475239,1.89
13/01/2022,-59700,-6081290000,103.7(-7.00 %),35600,3812090000,95300,9893380000,235455539,1.9
14/01/2022,43700,4411660000,96.6(-6.85 %),78600,7833410000,34900,3421750000,235386639,1.91
17/01/2022,-130900,-12685970000,89.9(-6.94 %),14600,1405430000,145500,14091400000,235467357,1.9
18/01/2022,-10800,-903960000,83.7(-6.90 %),500,41850000,11300,945810000,235501757,1.89
19/01/2022,1800,140220000,77.9(-6.93 %),1800,140220000,0,0,235645457,1.86
20/01/2022,205400,15804280000,83.3(6.93 %),256500,19903510000,51100,4099230000,235399842,1.91
21/01/2022,-24000,-2139940000,89.1(6.96 %),74200,6599340000,98200,8739280000,235324059,1.92
24/01/2022,-19000,-1816980000,82.9(-6.96 %),19500,1653870000,38500,3470850000,235355275,1.92
25/01/2022,116000,8646590000,84(1.33 %),283000,22268010000,167000,13621420000,235170473,1.96
26/01/2022,-91000,-7939295000,85(1.19 %),13000,1134185000,104000,9073480000,235195973,1.95
27/01/2022,-4100,-343970000,79.1(-6.94 %),1900,154080000,6000,498050000,235360813,1.92
28/01/2022,26000,1922400000,73.6(-6.95 %),44300,3294090000,18300,1371690000,235420428,1.91
07/02/2022,-65100,-4717890000,68.5(-6.93 %),30200,2258590000,95300,6976480000,235396228,1.91
08/02/2022,900,47710000,63.8(-6.86 %),55300,3556480000,54400,3508770000,235359228,1.92
09/02/2022,170300,10773940000,68.2(6.90 %),437800,27764260000,267500,16990320000,235016728,1.99
10/02/2022,126600,9188390000,72.9(6.89 %),205200,14868300000,78600,5679910000,234865928,2.02
11/02/2022,-121300,-8714360000,69(-5.35 %),14000,998590000,135300,9712950000,235119428,1.97
14/02/2022,90200,6212640000,73.8(6.96 %),92600,6378640000,2400,166000000,235105428,1.97
15/02/2022,4200,369560000,78.9(6.91 %),102200,8013480000,98000,7643920000,235138475,1.96
16/02/2022,-45100,-3778410000,84.4(6.97 %),500,42000000,45600,3820410000,235139968,1.96
17/02/2022,-277300,-23710080000,85.7(1.54 %),5400,462670000,282700,24172750000,235234513,1.94
18/02/2022,-120700,-10805170000,91.5(6.77 %),23300,2039770000,144000,12844940000,235256813,1.94
21/02/2022,-151500,-14389130000,95(3.83 %),3000,282920000,154500,14672050000,235536513,1.88
22/02/2022,-14300,-1304400000,88.4(-6.95 %),15500,1373710000,29800,2678110000,235665013,1.86
23/02/2022,8500,853930000,93(5.20 %),25900,2407470000,17400,1553540000,235793613,1.83
24/02/2022,-98700,-9111310000,87.4(-6.02 %),15200,1323450000,113900,10434760000,235808091,1.83
25/02/2022,4300,408570000,88.1(0.80 %),25000,2266540000,20700,1857970000,235800582,1.83
28/02/2022,190200,16315700000,86(-2.38 %),245200,21099390000,55000,4783690000,235669282,1.86
01/03/2022,13600,1128070000,92(6.98 %),108300,9748150000,94700,8620080000,235581682,1.87
02/03/2022,-71400,-6646230000,92.3(0.33 %),9800,913040000,81200,7559270000,235626924,1.86
03/03/2022,-123000,-11436770000,93.4(1.19 %),5600,523710000,128600,11960480000,235716024,1.85
04/03/2022,-154100,-14869800000,96.2(3.00 %),26000,2545590000,180100,17415390000,235771224,1.84
07/03/2022,-5800,-540490000,94.1(-2.18 %),6800,644380000,12600,1184870000,235893974,1.81
08/03/2022,-54700,-4798720000,87.6(-6.91 %),3100,280340000,57800,5079060000,236070974,1.78
09/03/2022,18900,1685730000,88.1(0.57 %),38500,3365060000,19600,1679330000,236045074,1.78
10/03/2022,-3500,-318780000,91(3.29 %),6200,571550000,9700,890330000,236097674,1.77
11/03/2022,1600,141060000,88(-3.30 %),2100,185160000,500,44100000,236115174,1.77
14/03/2022,420800,37376470000,89.5(1.70 %),514600,45637420000,93800,8260950000,235610274,1.87
15/03/2022,433900,39636670000,91.3(2.01 %),532100,48620060000,98200,8983390000,235078674,1.97
16/03/2022,-27700,-2527620000,90.4(-0.99 %),2700,249480000,30400,2777100000,235169529,1.96
17/03/2022,17100,1583770000,91.6(1.33 %),29000,2675090000,11900,1091320000,235238729,1.94
18/03/2022,300500,27877940000,95(3.71 %),2494200,236280200000,2193700,208402260000,232774929,2.43
21/03/2022,36900,3664010000,101.6(6.95 %),80100,7832480000,43200,4168470000,232706729,2.45
22/03/2022,-115700,-12306250000,102.5(0.89 %),12900,1325650000,128600,13631900000,234887594,2.01
23/03/2022,647300,67948780000,106.2(3.61 %),660400,69312550000,13100,1363770000,234270394,2.14
24/03/2022,-29300,-3100010000,105.2(-0.94 %),40500,4342040000,69800,7442050000,234358399,2.12
25/03/2022,-4800,-498960000,102(-3.04 %),4000,414680000,8800,913640000,234367499,2.12
28/03/2022,30500,2888190000,94.9(-6.96 %),69700,6666390000,39200,3778200000,234367599,2.12
29/03/2022,70900,7234020000,101.5(6.95 %),123300,12488120000,52400,5254100000,234253099,2.14
30/03/2022,-80600,-7723720000,95(-6.40 %),12000,1183910000,92600,8907630000,234280299,2.13
31/03/2022,600,57470000,92.5(-2.63 %),1600,150530000,1000,93060000,234331099,2.12
01/04/2022,63100,6010170000,97.4(5.30 %),70800,6738630000,7700,728460000,234352899,2.12
04/04/2022,-137900,-13452620000,95(-2.46 %),300,29250000,138200,13481870000,234353599,2.12
05/04/2022,-26300,-2463870000,93.5(-1.58 %),200,18580000,26500,2482450000,234361088,2.12
06/04/2022,-226200,-20450870000,87(-6.95 %),3700,328530000,229900,20779400000,234495588,2.09
07/04/2022,76300,6438590000,83(-4.60 %),105500,8845010000,29200,2406420000,234419288,2.11
08/04/2022,-30400,-2539030000,83.6(0.72 %),1200,100470000,31600,2639500000,234645165,2.06
12/04/2022,-1700,-145680000,77.8(-6.94 %),400,31360000,2100,177040000,234646865,1.69
13/04/2022,117300,8526540000,79.5(2.19 %),273600,20326510000,156300,11799970000,234673965,2.05
14/04/2022,-42700,-3555640000,74.5(-6.29 %),52300,3943300000,95000,7498940000,234381680,2.11
15/04/2022,184500,12912930000,69.3(-6.98 %),186700,13069290000,2200,156360000,234351280,2.12
18/04/2022,469800,31740150000,73.2(5.63 %),541000,36508950000,71200,4768800000,233905280,2.21
19/04/2022,-244300,-18125070000,72.2(-1.37 %),20000,1456570000,264300,19581640000,233887480,2.21
20/04/2022,-152100,-10879290000,69.5(-3.74 %),38100,2698410000,190200,13577700000,233879480,2.21
21/04/2022,220900,14478590000,64.7(-6.91 %),276100,18153000000,55200,3674410000,233909780,2.21
22/04/2022,211700,13410200000,60.5(-6.49 %),222400,14093720000,10700,683520000,233878667,2.21
25/04/2022,336400,19747490000,56.3(-6.94 %),345900,20318730000,9500,571240000,233587967,2.27
26/04/2022,648000,34348500000,60.2(6.93 %),756000,40769320000,108000,6420820000,232842667,2.42
27/04/2022,-607900,-36997110000,64.4(6.98 %),70600,4275970000,678500,41273080000,232781567,2.43
28/04/2022,-510700,-32919870000,61.8(-4.04 %),6200,401770000,516900,33321640000,232883367,2.41
29/04/2022,200600,12365430000,65(5.18 %),363700,22843580000,163100,10478150000,233198167,2.35
04/05/2022,-323800,-20354530000,61(-6.15 %),20600,1260840000,344400,21615370000,233694467,2.25
05/05/2022,80200,4675880000,58.1(-4.75 %),102400,5999070000,22200,1323190000,233614267,0.0
06/05/2022,173300,9375530000,54.1(-6.88 %),188500,10197850000,15200,822320000,233911067,2.21
09/05/2022,286400,14434560000,50.4(-6.84 %),325200,16390080000,38800,1955520000,233608067,2.27
10/05/2022,412400,21857200000,53(5.16 %),478200,25344600000,65800,3487400000,233145067,2.36
11/05/2022,-137400,-7080540000,56.7(6.98 %),242600,13408170000,380000,20488710000,233282467,0.0
12/05/2022,-305700,-17151390000,52.8(-6.88 %),3000,170220000,308700,17321610000,233588167,0.0
13/05/2022,383600,18968205000,49.15(-6.91 %),537600,26672960000,154000,7704755000,232847467,2.42
16/05/2022,-53100,-2575350000,48.5(-1.42 %),110000,5335000000,163100,7910350000,233046167,2.38
17/05/2022,390500,20227900000,51.8(6.80 %),390500,20227900000,0,0,232810167,2.43
18/05/2022,126000,6980400000,55.4(6.95 %),199700,11063380000,73700,4082980000,232773207,2.44
19/05/2022,-7400,-409960000,55.4(0.00 %),96400,5340560000,103800,5750520000,232676807,2.45
20/05/2022,-41500,-2444350000,58.9(6.32 %),88900,5236210000,130400,7680560000,232661607,2.46
23/05/2022,-331800,-18182640000,54.8(-6.96 %),19800,1085040000,351600,19267680000,232746107,2.44
24/05/2022,-132400,-7679200000,58(5.84 %),105700,6130600000,238100,13809800000,232770807,2.44
25/05/2022,-217000,-13041700000,60.1(3.62 %),33000,1983300000,250000,15025000000,233089401,2.37
26/05/2022,6400,377600000,59(-1.83 %),40300,2377700000,33900,2000100000,233287201,2.33
27/05/2022,68400,4117680000,60.2(2.03 %),96500,5809300000,28100,1691620000,233440701,2.3
30/05/2022,94400,5796160000,61.4(1.99 %),105200,6459280000,10800,663120000,233369401,2.32
31/05/2022,105200,6354080000,60.4(-1.63 %),219500,13257800000,114300,6903720000,233178001,2.35
01/06/2022,30300,1772550000,58.5(-3.15 %),84000,4914000000,53700,3141450000,233104801,2.37
02/06/2022,-8100,-451170000,55.7(-4.79 %),32300,1799110000,40400,2250280000,233186801,2.35
03/06/2022,22000,1258400000,57.2(2.69 %),34300,1961960000,12300,703560000,233206201,2.35
06/06/2022,100,-63860000,53.2(-6.99 %),65600,3621960000,65500,3685820000,233181001,2.35
07/06/2022,120800,6390320000,52.9(-0.56 %),122800,6496120000,2000,105800000,233070501,2.38
08/06/2022,21700,1193500000,55(3.97 %),60600,3333000000,38900,2139500000,233075401,2.37
09/06/2022,-29400,-1602300000,54.5(-0.91 %),17600,959200000,47000,2561500000,233059801,2.38
10/06/2022,74400,3868800000,52(-4.59 %),83200,4326400000,8800,457600000,233015461,2.39
13/06/2022,-62300,-3015320000,48.4(-6.92 %),10100,488840000,72400,3504160000,233052361,2.38
14/06/2022,8200,369820000,45.1(-6.82 %),48700,2196370000,40500,1826550000,233012461,2.39
15/06/2022,-14100,-591495000,41.95(-6.98 %),34300,1438885000,48400,2030380000,233050526,2.38
16/06/2022,86900,3393445000,39.05(-7.02 %),91000,3553550000,4100,160105000,233000026,2.39
17/06/2022,999300,36324555000,36.35(-7.03 %),1020900,37109715000,21600,785160000,232027526,2.58
20/06/2022,-359600,-13166720000,33.85(-7.01 %),134800,4631570000,494400,17798290000,231896826,2.61
21/06/2022,402700,12685050000,31.5(-7.08 %),402700,12685050000,0,0,231515726,2.69
22/06/2022,21900,738030000,33.7(6.98 %),27000,909900000,5100,171870000,231984126,2.59
23/06/2022,-401800,-14484890000,36.05(6.97 %),35800,1290590000,437600,15775480000,231948326,2.6
24/06/2022,-328600,-11517430000,35.05(-2.91 %),6500,227825000,335100,11745255000,231946926,2.6
27/06/2022,113300,4109100000,36.1(2.85 %),126900,4593890000,13600,484790000,232257640,2.54
28/06/2022,-33500,-1293100000,38.6(6.93 %),3600,138960000,37100,1432060000,232589140,2.47
29/06/2022,-100,-4025000,38(-1.55 %),400,15165000,500,19190000,232602340,2.47
30/06/2022,-101000,-3575400000,35.4(-6.84 %),2000,70800000,103000,3646200000,232637440,2.46
01/07/2022,151500,5529750000,36.5(3.11 %),164000,5986000000,12500,456250000,232473940,2.5
04/07/2022,10100,378835000,36.6(0.27 %),10900,408600000,800,29765000,232461940,0.0
05/07/2022,9700,338530000,34.9(-4.64 %),12700,443230000,3000,104700000,232566340,2.48
06/07/2022,288600,10072140000,34.9(0.00 %),292600,10211740000,4000,139600000,232274540,2.53
07/07/2022,75800,2725010000,35.95(3.01 %),186200,6693890000,110400,3968880000,232091340,2.57
08/07/2022,-137400,-1415530000,38.45(6.81 %),242600,1347360000,380000,2762890000,232228740,0.0
11/07/2022,-35300,-1415530000,40.1(4.16 %),33600,1347360000,68900,2762890000,231806940,2.63
12/07/2022,348400,14946360000,42.9(6.98 %),435100,18665790000,86700,3719430000,231384240,2.71
13/07/2022,-283600,-11797760000,41.6(-3.03 %),2800,116480000,286400,11914240000,231450340,2.7
14/07/2022,77900,3302960000,42.4(1.92 %),92500,3922000000,14600,619040000,231444540,2.7
15/07/2022,-102900,-4316655000,41.95(-1.06 %),62500,2621875000,165400,6938530000,231668440,2.66
18/07/2022,-261200,-10356580000,39.65(-5.60 %),2000,79300000,263200,10435880000,231681040,2.65
19/07/2022,-162700,-6630025000,40.75(2.64 %),33300,1356975000,196000,7987000000,231813140,2.63
20/07/2022,84000,3528000000,42(2.94 %),100300,4212600000,16300,684600000,231976040,2.59
21/07/2022,21800,793520000,36.4(5.81 %),41300,1503320000,19500,709800000,232131240,2.56
22/07/2022,-401800,289170000,35.7(-1.92 %),35800,353430000,437600,64260000,232137640,2.56
25/07/2022,-94900,-3340480000,35.2(-1.40 %),22100,777920000,117000,4118400000,232136040,2.56
26/07/2022,-16600,-582660000,35.1(-0.28 %),7000,245700000,23600,828360000,232130840,2.56
27/07/2022,74400,2715600000,36.5(3.99 %),74400,2715600000,0,0,232173440,2.56
28/07/2022,129200,5032340000,38.95(6.71 %),129200,5032340000,0,0,232067840,2.58
29/07/2022,29500,1129850000,38.3(-1.79 %),29800,1141340000,300,11490000,232038040,2.58
01/08/2022,-30900,-1222095000,39.55(3.26 %),35200,1392160000,66100,2614255000,232002840,2.59
02/08/2022,47600,1884960000,39.6(0.00 %),94900,3758040000,47300,1873080000,231908240,2.61
03/08/2022,50100,1978950000,39.5(-0.25 %),56000,2212000000,5900,233050000,231918340,2.61
04/08/2022,80600,3195790000,39.65(0.38 %),80600,3195790000,0,0,231885044,2.61
05/08/2022,42900,1761045000,41.05(3.40 %),45300,1859565000,2400,98520000,231845644,2.62
08/08/2022,38700,1577025000,40.75(-0.85 %),39600,1613700000,900,36675000,231806044,2.63
09/08/2022,24100,986895000,40.95(0.37 %),30200,1236690000,6100,249795000,231778244,2.63
10/08/2022,-15200,-639920000,42.1(2.68 %),42100,1772410000,57300,2412330000,231737044,2.64
11/08/2022,20600,824000000,40(-4.99 %),25600,1024000000,5000,200000000,231717544,2.65
12/08/2022,28700,1163785000,40.55(1.38 %),29000,1175950000,300,12165000,231745844,2.64
15/08/2022,-105900,-4310130000,40.7(0.25 %),7700,313390000,113600,4623520000,231743144,2.64
16/08/2022,16700,688875000,41.25(1.35 %),25000,1031250000,8300,342375000,231718444,2.65
17/08/2022,24400,1005280000,41.2(-0.24 %),31000,1277200000,6600,271920000,231800723,2.63
18/08/2022,14900,607920000,40.8(-0.97 %),18300,746640000,3400,138720000,231790723,2.63
19/08/2022,120800,4916560000,40.7(-0.25 %),134300,5466010000,13500,549450000,282737362,2.64
22/08/2022,7300,278495000,38.15(-6.27 %),33100,1262765000,25800,984270000,282707662,2.64
23/08/2022,12400,496000000,40(4.71 %),52600,2104000000,40200,1608000000,282668562,2.65
24/08/2022,-5400,-213840000,39.6(-1.00 %),22500,891000000,27900,1104840000,282671862,2.65
25/08/2022,47600,1904000000,40(1.01 %),56700,2268000000,9100,364000000,282655362,2.65
26/08/2022,122000,4892200000,40.1(0.25 %),187300,7510730000,65300,2618530000,282495962,2.68
29/08/2022,9700,386060000,39.8(-0.75 %),10700,425860000,1000,39800000,282510562,2.68
30/08/2022,-10700,-406600000,38(-4.52 %),4000,152000000,14700,558600000,282571862,2.67
31/08/2022,-188000,-7144000000,38(0.00 %),38600,1466800000,226600,8610800000,282534262,2.67
05/09/2022,-24100,-908570000,37.7(-0.79 %),1000,37700000,25100,946270000,282547962,2.67
06/09/2022,111000,4273500000,38.5(2.12 %),114100,4392850000,3100,119350000,282660462,2.65
07/09/2022,4200,153300000,36.5(-5.19 %),5000,182500000,800,29200000,282680562,2.65
08/09/2022,8900,311500000,35(-4.11 %),29000,1015000000,20100,703500000,282654618,2.65
09/09/2022,-58600,-2168200000,37(5.71 %),22700,839900000,81300,3008100000,282634218,2.66
12/09/2022,123,-2168200000,36(-2.70 %),300,839900000,177,3008100000,282654018,2.65
13/09/2022,-142905,-456015000,35.6(-1.11 %),2200,77770000,145105,533785000,282733118,2.64
14/09/2022,-159432,-456015000,35.6(0.00 %),159400,77770000,318832,533785000,282573991,2.67
15/09/2022,45880,-5675779200,35.45(-0.42 %),45900,5674640000,20,11350419200,0,2.65
16/09/2022,252874,8521853800,33.7(-5.07 %),432100,14561770000,179226,6039916200,282559928,2.67
19/09/2022,127200,4197600000,33(-2.08 %),222700,7349100000,95500,3151500000,282432728,2.69
20/09/2022,5732,189442600,33.05(0.15 %),9100,300755000,3368,111312400,282507374,2.68
21/09/2022,3600,118440000,32.9(-0.60 %),3600,118440000,0,0,282599274,2.66
22/09/2022,-188919,-6262664850,33.15(0.76 %),23700,785655000,212619,7048319850,282578942,2.66
23/09/2022,2500,80375000,32.15(-3.16 %),2500,80375000,0,0,282576442,2.66
26/09/2022,2434,77644600,31.9(-0.93 %),5434,173344600,3000,95700000,282783627,2.63
27/09/2022,-7366,-227609400,30.9(-3.13 %),2234,69030600,9600,296640000,282782893,2.63
28/09/2022,-6400,-197120000,30.8(-0.32 %),300,9240000,6700,206360000,282785593,2.63
29/09/2022,-3925,-117750000,30(-2.60 %),4000,120000000,7925,237750000,282791193,2.63
30/09/2022,18926,562102200,29.7(-1.00 %),35600,1057320000,16674,495217800,282762293,2.63
03/10/2022,33680,931252000,27.65(-6.90 %),48663,1345531950,14983,414279950,282721555,2.64
04/10/2022,182091,4907352450,26.95(-2.71 %),192100,5177095000,10009,269742550,282546129,2.67
05/10/2022,177190,5049915000,28.5(5.56 %),187400,5340900000,10210,290985000,282373712,2.7
06/10/2022,18000,491400000,27.3(-4.21 %),18000,491400000,0,0,282365721,2.7
07/10/2022,144644,3854762600,26.65(-2.38 %),250500,6675825000,105856,2821062400,282127031,2.74
10/10/2022,38400,1017600000,26.5(-0.75 %),119800,3174700000,81400,2157100000,282010231,2.76
11/10/2022,51488,1269179200,24.65(-6.98 %),53600,1321240000,2112,52060800,282062487,2.75
12/10/2022,1160400,28661880000,24.7(0.00 %),1170400,28908880000,10000,247000000,280973487,2.93
13/10/2022,24600,622380000,25.3(2.43 %),58200,1472460000,33600,850080000,280917399,2.94
14/10/2022,51100,1305605000,25.55(0.99 %),51100,1305605000,0,0,280876299,2.94
17/10/2022,94300,2310350000,24.5(-4.30 %),185700,4549650000,91400,2239300000,280724199,2.97
18/10/2022,250890,6573318000,26.2(6.94 %),261500,6851300000,10610,277982000,280462699,3.01
19/10/2022,115500,3054025000,26.1(-0.38 %),150300,3971015000,34800,916990000,280347199,0.0
20/10/2022,-73800,-1858075000,25.3(-3.07 %),138800,3532915000,212600,5390990000,280481569,0.0
21/10/2022,-207600,-4982185000,23.55(-6.92 %),111300,2685170000,318900,7667355000,280487135,0.0
24/10/2022,34000,751435000,21.95(-6.99 %),160300,3536590000,126300,2785155000,280169015,0.0
25/10/2022,-54700,-1067035000,20.45(-7.05 %),201900,4194665000,256600,5261700000,280223715,0.0
26/10/2022,56800,1111070000,19.05(-7.07 %),64700,1267440000,7900,156370000,280253216,0.0
27/10/2022,816800,15127205000,19.8(3.66 %),838300,15509505000,21500,382300000,279861885,3.11
28/10/2022,711768,13523592000,19(-4.04 %),1026300,19499700000,314532,5976108000,278843485,3.28
31/10/2022,-126238,-2234412600,17.7(-6.84 %),64900,1148730000,191138,3383142600,278800085,3.28
01/11/2022,818400,15467760000,18.9(6.78 %),1030100,19468890000,211700,4001130000,278096517,3.4
02/11/2022,130600,2429160000,18.6(-1.59 %),237300,4413780000,106700,1984620000,278050355,3.41
03/11/2022,97600,1737280000,17.8(-4.30 %),146700,2611260000,49100,873980000,278115355,3.4
04/11/2022,-27100,-449860000,16.6(-6.74 %),118200,1962120000,145300,2411980000,278103855,3.4
07/11/2022,532400,8225580000,15.45(-6.93 %),532400,8225580000,0,0,277620555,3.48
08/11/2022,243110,3500784000,14.4(-7.10 %),243110,3500784000,0,0,277522745,3.49
09/11/2022,1440358,19300797200,13.4(-6.94 %),1505100,20168340000,64742,867542800,276017645,3.74
10/11/2022,-298790,-3734875000,12.5(-6.72 %),543810,6797625000,842600,10532500000,275473835,3.83
11/11/2022,1226900,14293385000,11.65(-6.80 %),1226900,14293385000,0,0,274311677,4.02
14/11/2022,190214,2063821900,10.85(-7.26 %),205100,2225335000,14886,161513100,274949177,3.92
15/11/2022,-175100,-1768510000,10.1(-7.34 %),198100,2000810000,373200,3769320000,274751077,3.95
16/11/2022,669904,7234963200,10.8(6.93 %),1899204,20511403200,1229300,13276440000,272866759,4.26
17/11/2022,-272800,-3041720000,11.15(3.24 %),331300,3693995000,604100,6735715000,272908659,4.25
18/11/2022,-268600,-3196340000,11.9(6.25 %),279100,3321290000,547700,6517630000,273858859,4.09
21/11/2022,-853100,-10834370000,12.7(6.72 %),181400,2303780000,1034500,13138150000,274281559,4.02
22/11/2022,-414205,-5384665000,13(2.36 %),388200,5046600000,802405,10431265000,274441059,4.0
23/11/2022,-715221,-8654174100,12.1(-6.92 %),96800,1171280000,812021,9825454100,275378759,3.84
24/11/2022,-835718,-10153973700,12.15(0.41 %),116200,1411830000,951918,11565803700,276064964,3.73
25/11/2022,-983300,-12782900000,13(6.56 %),14900,193700000,998200,12976600000,276862085,3.6
28/11/2022,39695,551760500,13.9(6.92 %),52700,732530000,13005,180769500,276822390,3.61
29/11/2022,255000,3774000000,14.8(6.47 %),420800,6227840000,165800,2453840000,276567390,3.65
30/11/2022,-231000,-3649800000,15.8(6.76 %),159700,2523260000,390700,6173060000,276798390,3.61
01/12/2022,366424,6192565600,16.9(6.96 %),400700,6771830000,34276,579264400,277791308,0.0
02/12/2022,252495,4557534750,18.05(6.80 %),425900,7687495000,173405,3129960250,277538813,3.49
05/12/2022,131451,2537004300,19.3(6.63 %),256800,4956240000,125349,2419235700,277407362,0.0
06/12/2022,157100,2819945000,17.95(-6.99 %),255900,4593405000,98800,1773460000,277250262,0.0
07/12/2022,447900,7479930000,16.7(-7.22 %),502100,8385070000,54200,905140000,276802362,3.61
08/12/2022,84500,1508325000,17.85(6.89 %),88000,1570800000,3500,62475000,277250938,3.54
09/12/2022,-155600,-2964180000,19.05(6.42 %),123100,2345055000,278700,5309235000,277182038,3.55
12/12/2022,596419,10586437250,17.75(-7.07 %),622519,11049712250,26100,463275000,276277043,3.7
13/12/2022,478900,8835705000,18.45(3.65 %),589500,10876275000,110600,2040570000,275798143,3.78
14/12/2022,100500,1788900000,17.8(-3.78 %),106500,1895700000,6000,106800000,275697643,3.79
15/12/2022,126900,2309580000,18.2(2.25 %),144100,2622620000,17200,313040000,275570743,0.0
16/12/2022,2692400,51155600000,19(4.40 %),3515800,66800200000,823400,15644600000,272878343,0.0
19/12/2022,159131,2864358000,18(-5.26 %),196000,3528000000,36869,663642000,272719212,4.28
20/12/2022,25900,433825000,16.75(-6.94 %),223900,3750325000,198000,3316500000,272693312,4.29
21/12/2022,170796,2664417600,15.6(-7.14 %),172000,2683200000,1204,18782400,272522516,4.31
22/12/2022,-36200,-582820000,16.1(3.21 %),578400,9312240000,614600,9895060000,272558716,4.31
23/12/2022,111600,1768860000,15.85(-1.55 %),216200,3426770000,104600,1657910000,272447116,4.33
26/12/2022,-88800,-1309800000,14.75(-7.23 %),2800,41300000,91600,1351100000,272535916,4.31
27/12/2022,1019090,16050667500,15.75(6.42 %),1019200,16052400000,110,1732500,271516826,4.48
28/12/2022,-317552,-4985566400,15.7(-0.63 %),168248,2641493600,485800,7627060000,271834378,4.43
29/12/2022,233400,3454320000,14.8(-5.73 %),403900,5977720000,170500,2523400000,271535454,4.48
30/12/2022,136900,1957670000,14.3(-3.38 %),451200,6452160000,314300,4494490000,271570054,4.47
03/01/2023,254000,3886200000,15.3(6.99 %),266700,4080510000,12700,194310000,271303354,4.51
04/01/2023,270000,4239000000,15.7(2.61 %),337000,5290900000,67000,1051900000,271451154,4.49
05/01/2023,302400,4793040000,15.85(0.96 %),372900,5910465000,70500,1117425000,271090954,4.55
06/01/2023,-203700,-3075870000,15.1(-5.03 %),166800,2518680000,370500,5594550000,270991154,4.56
09/01/2023,96900,1434120000,14.8(-1.99 %),96900,1434120000,0,0,270964754,4.57
10/01/2023,386994,5843609400,15.1(2.03 %),447400,6755740000,60406,912130600,270887854,4.58
11/01/2023,102500,1588750000,15.5(2.65 %),177900,2757450000,75400,1168700000,270709954,4.61
12/01/2023,-101500,-1542800000,15.2(-1.94 %),115900,1761680000,217400,3304480000,270654460,4.62
13/01/2023,-44800,-683200000,15.25(0.33 %),120800,1842200000,165600,2525400000,270609060,4.63
16/01/2023,-415090,-6184841000,14.9(-2.61 %),53710,800279000,468800,6985120000,270772750,4.6
17/01/2023,479700,7435350000,15.5(4.03 %),479700,7435350000,0,0,270458650,4.65
18/01/2023,549862,9100216100,16.55(6.77 %),603662,9990606100,53800,890390000,270323788,4.67
19/01/2023,-95200,-1570800000,16.5(-0.60 %),351200,5794800000,446400,7365600000,269972588,4.73
27/01/2023,204500,3302675000,16.15(-2.12 %),391300,6319495000,186800,3016820000,269635088,4.79
30/01/2023,207500,3527500000,17(4.94 %),336900,5727300000,129400,2199800000,269744588,4.77
31/01/2023,-227900,-3988250000,17.5(2.94 %),196800,3444000000,424700,7432250000,269736088,4.77
01/02/2023,-94400,-1538720000,16.3(-6.86 %),108000,1760400000,202400,3299120000,269757488,4.77
02/02/2023,17300,269880000,15.6(-4.29 %),138000,2152800000,120700,1882920000,270044188,4.72
03/02/2023,-269200,-4212980000,15.65(0.32 %),145900,2283335000,415100,6496315000,270100688,4.71
06/02/2023,158400,2518560000,15.9(1.27 %),158400,2518560000,0,0,270062988,4.72
07/02/2023,12000,180000000,15(-5.66 %),49900,748500000,37900,568500000,270428188,4.66
08/02/2023,61900,925405000,14.95(-0.33 %),61900,925405000,0,0,270366288,4.67
09/02/2023,193100,2857880000,14.8(-1.33 %),208100,3079880000,15000,222000000,270196088,4.69
10/02/2023,95400,1354680000,14.2(-4.05 %),95400,1354680000,0,0,270100688,4.71
13/02/2023,157500,2086875000,13.25(-6.69 %),157500,2086875000,0,0,269958188,4.73
14/02/2023,296312,3926134000,13.25(-0.38 %),335402,4444076500,39090,517942500,269622786,4.79
15/02/2023,220610,3088540000,14(5.26 %),225410,3155740000,4800,67200000,269401376,4.83
16/02/2023,120475,1710745000,14.2(1.43 %),120475,1710745000,0,0,269319991,4.84
17/02/2023,108000,1533600000,14.2(0.00 %),204100,2898220000,96100,1364620000,269120691,4.87
20/02/2023,25998,393869700,15.15(6.69 %),80300,1216545000,54302,822675300,269040391,4.88
21/02/2023,100237,1533626100,15.3(0.66 %),203200,3108960000,102963,1575333900,268933291,4.9
22/02/2023,21100,301730000,14.3(-6.54 %),216500,3095950000,195400,2794220000,268771093,4.93
23/02/2023,66502,947653500,14.25(-0.35 %),139810,1992292500,73308,1044639000,268734246,4.93
24/02/2023,108100,1491780000,13.8(-3.50 %),145500,2007900000,37400,516120000,268626146,4.95
27/02/2023,53400,704880000,13.2(-4.35 %),163600,2159520000,110200,1454640000,268693854,4.94
28/02/2023,181900,2455650000,13.5(2.27 %),188300,2542050000,6400,86400000,268542954,4.97
01/03/2023,91810,1156806000,12.6(-6.67 %),160710,2024946000,68900,868140000,268492444,4.97
02/03/2023,31400,395640000,12.6(0.00 %),42300,532980000,10900,137340000,268456544,4.98
03/03/2023,72210,848467500,11.75(-6.75 %),83710,983592500,11500,135125000,268441734,4.98
06/03/2023,463595,5818117250,12.55(6.36 %),475600,5968780000,12005,150662750,267977034,5.06
07/03/2023,120000,1434000000,11.95(-5.16 %),140000,1673000000,20000,239000000,267848534,5.08
08/03/2023,27900,340380000,12.2(1.67 %),28700,350140000,800,9760000,267831839,5.08
09/03/2023,-176800,-2139280000,12.1(-0.82 %),10000,121000000,186800,2260280000,267841839,5.08
10/03/2023,-121500,-1433700000,11.8(-2.48 %),117500,1386500000,239000,2820200000,267725139,5.1
13/03/2023,-46590,-540444000,11.6(-1.69 %),210,2436000,46800,542880000,267771729,0.0
14/03/2023,26000,286000000,11(-5.17 %),32800,360800000,6800,74800000,268117929,5.04
15/03/2023,288900,3394575000,11.75(6.82 %),289100,3396925000,200,2350000,267875629,5.08
16/03/2023,71200,854400000,12(1.69 %),71200,854400000,0,0,267811229,5.09
17/03/2023,2546390,31702555500,12.45(3.75 %),2632790,32778235500,86400,1075680000,265178639,5.52
20/03/2023,-393257,-4601106900,11.7(-6.40 %),1700,19890000,394957,4620996900,265176939,5.52
21/03/2023,848700,1491780000,12.05(2.99 %),939000,2007900000,90300,516120000,264324339,5.66
22/03/2023,97400,1211855000,12.25(1.24 %),173100,2149700000,75700,937845000,264226939,0.0
23/03/2023,353200,4319335000,12.5(1.63 %),353200,4319335000,0,0,263873739,0.0
24/03/2023,109200,1433965000,12.75(2.00 %),219600,2817190000,110400,1383225000,263764539,0.0
27/03/2023,123790,1640217500,13.25(3.52 %),272100,3605325000,148310,1965107500,263640749,0.0
28/03/2023,-340600,-4393740000,12.9(-3.01 %),74000,954600000,414600,5348340000,263981349,5.71
29/03/2023,219200,2882480000,13.15(1.94 %),230500,3031075000,11300,148595000,263821516,5.74
30/03/2023,-330900,-4268610000,12.9(-2.27 %),2000,25800000,332900,4294410000,264234116,5.67
31/03/2023,523100,7061850000,13.5(4.65 %),626200,8453700000,103100,1391850000,263619216,5.77
03/04/2023,228990,3297456000,14.4(6.67 %),398900,5744160000,169910,2446704000,263553216,5.78
04/04/2023,-74010,-1102749000,14.9(3.47 %),132900,1980210000,206910,3082959000,263523416,5.79
05/04/2023,537600,8332800000,15.5(4.03 %),707300,10963150000,169700,2630350000,262986026,5.88
06/04/2023,341690,5432871000,15.9(2.58 %),531700,8454030000,190010,3021159000,262661236,5.93
07/04/2023,638390,10852630000,17(6.92 %),748900,12731300000,110510,1878670000,262082036,6.03
10/04/2023,-782500,-13615500000,17.4(2.35 %),68800,1197120000,851300,14812620000,262203246,6.01
11/04/2023,-490800,-8589000000,17.5(0.57 %),20500,358750000,511300,8947750000,262293256,5.99
12/04/2023,-1474022,-25353178400,17.2(-1.71 %),201500,3465800000,1675522,28818978400,262943356,5.88
13/04/2023,71300,1240620000,17.4(1.16 %),117600,2046240000,46300,805620000,263337056,5.82
14/04/2023,286400,4639680000,16.2(-6.90 %),308500,4997700000,22100,358020000,264704078,5.6
17/04/2023,1107078,18045371400,16.3(0.62 %),1107100,18045730000,22,358600,263643278,5.77
18/04/2023,131679,2291214600,17.4(6.75 %),314200,5467080000,182521,3175865400,263351178,5.82
19/04/2023,-87610,-1489370000,17(-2.30 %),19200,326400000,106810,1815770000,263332000,5.82
20/04/2023,-29100,-496880000,17.15(0.88 %),21400,364940000,50500,861820000,263361100,5.82
21/04/2023,-160800,-2749680000,17.1(-0.58 %),109800,1877580000,270600,4627260000,263490131,5.79
24/04/2023,-249900,-4223310000,16.9(-1.17 %),73300,1238770000,323200,5462080000,263467331,5.8
25/04/2023,-249500,-4041900000,16.2(-4.14 %),247600,4011120000,497100,8053020000,263490331,5.79
26/04/2023,438700,7414030000,16.9(4.32 %),2145137,36252815300,1706437,28838785300,263071831,5.86
27/04/2023,48700,881860000,17.5(3.55 %),258200,4504860000,209500,3623000000,263023131,0.0
28/04/2023,506600,9476130000,18.7(6.86 %),812900,15032600000,306300,5556470000,262516531,0.0
04/05/2023,-771500,-14637350000,18.9(1.07 %),235700,4517225000,1007200,19154575000,262800831,0.0
05/05/2023,-654500,-12183235000,19.05(0.79 %),29500,548150000,684000,12731385000,263051365,5.87
08/05/2023,-719300,-13732050000,18.85(-1.05 %),288000,5479615000,1007300,19211665000,263770575,5.75
09/05/2023,-130800,-2441790000,18.5(-2.12 %),33900,636480000,164700,3078270000,264420675,5.64
10/05/2023,434400,8311075000,19.15(3.51 %),445400,8519525000,11000,208450000,263986275,0.0
11/05/2023,-271400,-5468020000,20.45(6.51 %),17000,337800000,288400,5805820000,265130291,5.53
12/05/2023,-35500,-724980000,20.65(0.73 %),79500,1637770000,115000,2362750000,265061791,5.54
15/05/2023,-514200,-10778370000,20.2(-2.18 %),102700,2142930000,616900,12921300000,265575991,5.45
16/05/2023,-58200,-1205715000,21(3.96 %),126400,2616705000,184600,3822420000,265634191,5.44
17/05/2023,-29300,-606790000,20.8(-0.95 %),84100,1793540000,113400,2400330000,265663491,5.44
18/05/2023,473100,9332535000,19.35(-6.97 %),508700,10059625000,35600,727090000,265190391,5.52
19/05/2023,-92700,-1862230000,20.5(5.94 %),30100,590580000,122800,2452810000,265283091,5.5
22/05/2023,129800,2658460000,20.5(0.00 %),130000,2662500000,200,4040000,265153291,5.52
23/05/2023,5700,116035000,20.6(0.49 %),10800,221065000,5100,105030000,265147591,5.52
24/05/2023,175500,3692125000,20.85(1.21 %),223100,4681850000,47600,989725000,264972091,5.55
25/05/2023,-28200,-581010000,20.55(-1.44 %),2800,57450000,31000,638460000,265000291,5.55
26/05/2023,-298500,-6106315000,20.8(1.22 %),29700,605445000,328200,6711760000,265298791,5.5
29/05/2023,-53800,-1121505000,20.9(0.48 %),120000,2533000000,173800,3654505000,265352591,5.49
30/05/2023,159300,3407660000,20.95(0.24 %),209500,4473450000,50200,1065790000,265193291,5.52
31/05/2023,213400,4548775000,21.35(1.91 %),220500,4701375000,7100,152600000,264979891,5.55
01/06/2023,690700,15171400000,22.15(3.75 %),777300,17080190000,86600,1908790000,265326053,5.49
02/06/2023,-162600,-3558510000,21.8(-1.58 %),27800,616830000,190400,4175340000,265488653,5.47
05/06/2023,-9400,-205495000,21.2(-2.75 %),92700,2008000000,102100,2213495000,265498053,5.47
06/06/2023,-105700,-2228195000,21.35(0.71 %),25900,553075000,131600,2781270000,265603753,5.45
07/06/2023,-237700,-5234850000,22(3.04 %),51600,1127550000,289300,6362400000,265841453,5.41
08/06/2023,-183200,-3907970000,20.8(-5.45 %),275200,5821525000,458400,9729495000,266024653,5.38
09/06/2023,11600,236820000,20.9(0.48 %),23400,480200000,11800,243380000,266013053,5.38
12/06/2023,-126100,-2573445000,20.25(-3.11 %),11900,241550000,138000,2814995000,266139153,5.36
13/06/2023,283700,5877715000,20.95(3.46 %),293700,6081715000,10000,204000000,265855453,5.41
14/06/2023,238100,5059195000,20.5(-2.15 %),281500,5977815000,43400,918620000,265617353,5.45
15/06/2023,123000,2513785000,20.55(0.24 %),134300,2745210000,11300,231425000,265494353,5.47
16/06/2023,-658100,-13718475000,20.8(0.97 %),57300,1191840000,715400,14910315000,264792391,5.58
19/06/2023,47300,1013740000,21.2(1.92 %),50300,1076740000,3000,63000000,264753391,5.59
20/06/2023,-59000,-1273625000,21.85(3.07 %),15700,340245000,74700,1613870000,264812391,5.58
21/06/2023,150300,3251175000,21.7(-0.91 %),176700,3823610000,26400,572435000,265279399,5.5
22/06/2023,645900,14655800000,23.05(6.22 %),831000,18887290000,185100,4231490000,264633499,5.61
23/06/2023,-10100,-235290000,22.8(-1.30 %),96900,2212625000,107000,2447915000,264643599,5.61
26/06/2023,2700,42125000,23.1(1.32 %),51900,1173615000,49200,1131490000,264585874,5.61
27/06/2023,-746700,-17078325000,22.85(-1.08 %),22000,503240000,768700,17581565000,265332574,5.49
28/06/2023,84900,1931795000,22.4(-2.18 %),93200,2123160000,8300,191365000,265247674,5.51
29/06/2023,62600,1330845000,21.1(-5.80 %),172600,3703845000,110000,2373000000,265185074,5.52
30/06/2023,17800,372915000,21.05(-0.24 %),23800,498695000,6000,125780000,265167274,5.52
03/07/2023,71800,1492790000,20.9(-0.95 %),141600,2952215000,69800,1459425000,265207548,5.51
04/07/2023,45000,940750000,21.5(2.87 %),45000,940750000,0,0,265162548,5.52
05/07/2023,73500,1583135000,21.25(-1.16 %),82600,1779180000,9100,196045000,265089048,5.53
06/07/2023,39700,824955000,20.85(-2.11 %),96600,2021240000,56900,1196285000,265027538,5.54
07/07/2023,-51200,-1019735000,20.8(-0.48 %),47700,984980000,98900,2004715000,264988938,5.55
10/07/2023,48200,1008565000,21.4(2.88 %),81700,1725150000,33500,716585000,264940738,5.56
11/07/2023,6100,138455000,21.1(-1.40 %),24100,518255000,18000,379800000,264934638,5.56
12/07/2023,26100,546235000,21.05(-0.24 %),58500,1227085000,32400,680850000,264908538,5.56
13/07/2023,-59800,-1308065000,22.1(4.74 %),18800,406905000,78600,1714970000,264968338,5.55
14/07/2023,-116400,-2568750000,22.4(1.36 %),53800,1188045000,170200,3756795000,264991718,5.55
17/07/2023,611000,14316425000,23.15(3.35 %),629300,14740760000,18300,424335000,264380718,5.65
18/07/2023,277800,6438930000,23.35(0.65 %),339400,7862180000,61600,1423250000,264102918,5.69
19/07/2023,247000,5697385000,22.95(-1.92 %),257500,5944950000,10500,247565000,264032582,5.71
20/07/2023,-64900,-1464970000,23.2(0.87 %),167600,3838660000,232500,5303630000,264097482,5.69
21/07/2023,-172200,-4055960000,24.8(6.90 %),71900,1720555000,244100,5776515000,264269682,5.67
24/07/2023,-161000,-4051695000,25(0.81 %),71100,1791335000,232100,5843030000,264026582,5.71
25/07/2023,215800,5460840000,25.6(2.40 %),320100,8090930000,104300,2630090000,263950582,5.72
26/07/2023,31500,793215000,25.45(-0.59 %),133700,3402995000,102200,2609780000,263919082,5.72
27/07/2023,-199100,-5122640000,26(1.96 %),66900,1715035000,266000,6837675000,264118182,5.69
28/07/2023,107100,2778870000,25.6(-1.54 %),118400,3072790000,11300,293920000,264011082,5.71
31/07/2023,23200,568625000,26(1.56 %),72300,1844650000,49100,1276025000,263987882,5.71
01/08/2023,12800,371205000,24.9(-4.23 %),115500,2954325000,102700,2583120000,264276892,5.67
02/08/2023,219200,5526130000,25.3(1.61 %),245700,6195135000,26500,669005000,264057692,5.7
03/08/2023,-27900,-705205000,25.6(1.19 %),25100,641835000,53000,1347040000,264085592,5.7
04/08/2023,738700,19784820000,26.9(5.08 %),767900,20556585000,29200,771765000,263312292,5.82
07/08/2023,-219200,-5831845000,26.65(-0.93 %),65800,1759715000,285000,7591560000,263531492,5.79
08/08/2023,-182300,-4797040000,26.2(-1.69 %),14800,390985000,197100,5188025000,263713792,5.76
09/08/2023,-550900,-14303540000,25.8(-1.53 %),43000,1116880000,593900,15420420000,264264692,5.67
10/08/2023,-653200,-16909375000,25.75(-0.19 %),21100,546265000,674300,17455640000,264917892,5.56
11/08/2023,-14200,-368895000,26.5(2.91 %),36100,928550000,50300,1297445000,264932092,5.56
14/08/2023,202500,5651750000,27.5(3.77 %),366000,10120695000,163500,4468945000,264598061,5.61
15/08/2023,1524900,42139840000,27.4(-0.36 %),1544700,42686815000,19800,546975000,263103661,5.86
16/08/2023,414100,11234555000,28.5(4.01 %),518300,14096145000,104200,2861590000,262748871,5.92
17/08/2023,-276900,-7884285000,27.8(-2.46 %),58100,1643650000,335000,9527935000,263025771,5.87
18/08/2023,-1252700,-32075325000,25.9(-6.83 %),377400,10167540000,1630100,42242865000,262437382,5.97
21/08/2023,-5400,-106510000,25.4(-1.93 %),136500,3452715000,141900,3559225000,262635882,5.93
22/08/2023,-95600,-2369480000,25.4(0.00 %),39500,994970000,135100,3364450000,264226482,5.67
23/08/2023,389000,9976240000,25.15(-0.98 %),431100,11048855000,42100,1072615000,263937282,5.72
24/08/2023,33600,1005430000,26.9(6.96 %),157300,4166435000,123700,3161005000,263903682,5.73
25/08/2023,-64900,-1676150000,27(0.37 %),313600,8584600000,378500,10260750000,263648643,5.77
28/08/2023,113100,3028770000,27.7(2.59 %),340100,9221120000,227000,6192350000,263535543,5.79
29/08/2023,-484900,-13611500000,27.7(0.00 %),5200,145740000,490100,13757240000,263805543,5.74
30/08/2023,243500,6990600000,28.5(2.89 %),458500,13026340000,215000,6035740000,263562043,5.78
31/08/2023,-966100,-27761915000,28.65(0.53 %),142500,4102160000,1108600,31864075000,263921643,5.72
05/09/2023,-119700,-3451665000,28.95(1.05 %),56600,1644285000,176300,5095950000,264080043,5.7
06/09/2023,-555400,-16000020000,29.45(1.73 %),98800,2832910000,654200,18832930000,264635443,5.61
07/09/2023,-223100,-6621685000,29.35(-0.34 %),29000,852530000,252100,7474215000,265237130,5.51
08/09/2023,338100,9977930000,29.4(0.17 %),370000,10918395000,31900,940465000,265521310,5.46
11/09/2023,69300,1931730000,27.8(-5.44 %),172800,4908165000,103500,2976435000,265600545,5.45
12/09/2023,187100,5289235000,28.95(4.14 %),210900,5952530000,23800,663295000,265421545,5.48
13/09/2023,-835000,-24267455000,28.4(-1.90 %),21000,600045000,856000,24867500000,265504055,5.46
14/09/2023,-5400,-146475000,27.3(-3.87 %),16600,463990000,22000,610465000,265511374,5.46
15/09/2023,-604400,-16467545000,27.2(-0.37 %),155400,4264090000,759800,20731635000,266211974,5.35
18/09/2023,0,0,26.8(-1.47 %),0,0,0,0,266211974,5.35
19/09/2023,61200,1663190000,27.4(2.24 %),236100,6390700000,174900,4727510000,265960816,5.39
20/09/2023,-100,-2135000,28.3(3.28 %),95200,2659590000,95300,2661725000,265960916,5.39
21/09/2023,-107300,-3037025000,27.5(-2.83 %),62000,1731170000,169300,4768195000,266068216,5.37
22/09/2023,51100,1118305000,25.6(-6.91 %),330800,8543955000,279700,7425650000,266590437,5.29
25/09/2023,-119100,-3050675000,23.85(-6.84 %),86000,2150420000,205100,5201095000,266673830,5.27
26/09/2023,64700,1528050000,24.5(2.73 %),435500,10502950000,370800,8974900000,266518044,5.3
27/09/2023,-119400,-2968365000,25.5(4.08 %),13400,322925000,132800,3291290000,266637444,5.28
28/09/2023,-17600,-440915000,24.5(-3.92 %),21400,527485000,39000,968400000,266655044,5.28
29/09/2023,-507100,-12611505000,25.1(2.45 %),2600,64550000,509700,12676055000,267194550,5.19
02/10/2023,-130700,-3294950000,25.1(0.00 %),2000,50200000,132700,3345150000,267231610,5.18
03/10/2023,-62900,-1495425000,23.35(-6.97 %),35900,855065000,98800,2350490000,267705410,5.1
04/10/2023,87300,1976675000,23.4(0.21 %),199000,4536135000,111700,2559460000,267618110,5.12
05/10/2023,1000,14865000,21.8(-6.84 %),25600,582195000,24600,567330000,267727391,5.1
06/10/2023,670200,14230765000,22.3(2.29 %),675300,14341060000,5100,110295000,267057191,5.21
09/10/2023,-213400,-4762050000,23.15(3.81 %),9100,208275000,222500,4970325000,267270591,5.17
10/10/2023,27100,630495000,22.95(-0.86 %),32500,755275000,5400,124780000,267156891,5.19
11/10/2023,-312700,-7086465000,23.4(1.96 %),63800,1454665000,376500,8541130000,267315591,5.17
12/10/2023,-303200,-7218955000,23.8(1.71 %),34700,823605000,337900,8042560000,267286191,5.17
13/10/2023,20600,474970000,23.7(-0.42 %),55600,1298300000,35000,823330000,267617091,5.12
16/10/2023,32400,767365000,23.45(-1.05 %),72000,1707325000,39600,939960000,267882991,5.07
17/10/2023,221800,5108565000,21.85(-6.82 %),227100,5233645000,5300,125080000,267690891,5.11
18/10/2023,182000,3892490000,20.35(-6.86 %),464700,9792630000,282700,5900140000,267265839,5.18
19/10/2023,1088700,21302360000,19.05(-6.39 %),1108100,21683430000,19400,381070000,266163039,5.36
20/10/2023,628600,12373760000,20.35(6.82 %),672100,13220265000,43500,846505000,265783639,5.42
23/10/2023,-376100,-7795035000,20.05(-1.47 %),138900,2849210000,515000,10644245000,265664078,5.44
24/10/2023,584400,12054540000,21.3(6.23 %),613000,12645740000,28600,591200000,265079678,5.53
25/10/2023,-741200,-15905070000,21(-1.41 %),121400,2575885000,862600,18480955000,265094578,5.53
26/10/2023,-526000,-10345130000,19.8(-5.71 %),126100,2484410000,652100,12829540000,265395678,5.48
27/10/2023,359900,7625450000,21.15(6.82 %),641200,13349930000,281300,5724480000,265627078,5.44
30/10/2023,-308300,-6537590000,20.25(-4.26 %),171800,3577110000,480100,10114700000,266117378,5.36
31/10/2023,629500,12942515000,20.2(-0.25 %),841500,17345160000,212000,4402645000,265561178,5.45
01/11/2023,238100,4852875000,20.6(1.98 %),657700,13200795000,419600,8347920000,265388668,5.48
02/11/2023,559100,12272310000,22(6.80 %),568900,12483530000,9800,211220000,264829568,5.57
03/11/2023,7400,165660000,22.3(1.36 %),519800,11570510000,512400,11404850000,264822168,5.58
06/11/2023,-96500,-2068175000,22.8(2.24 %),313700,7063915000,410200,9132090000,264918668,5.56
07/11/2023,-393000,-8849245000,22.35(-1.97 %),141200,3182845000,534200,12032090000,265311668,5.5
08/11/2023,176700,4003465000,23.9(6.94 %),229600,5228895000,52900,1225430000,265179468,5.52
09/11/2023,-498700,-12283855000,24.5(2.51 %),97900,2425375000,596600,14709230000,265615762,5.45
10/11/2023,83300,2042365000,24.4(-0.41 %),452900,11260755000,369600,9218390000,265215671,5.51
13/11/2023,-217300,-5405490000,25(2.46 %),32700,818710000,250000,6224200000,265779639,5.42
14/11/2023,-86100,-2169795000,24.75(-1.00 %),8400,210885000,94500,2380680000,265519071,5.46
15/11/2023,-94400,-2318330000,24.85(0.40 %),193300,4945010000,287700,7263340000,265613471,5.45
16/11/2023,0,0,26.1(5.03 %),0,0,0,0,265613471,5.45
17/11/2023,-148500,-3891140000,25.6(-1.92 %),61300,1566370000,209800,5457510000,265455539,5.47
20/11/2023,270800,6926035000,26(1.56 %),320300,8192175000,49500,1266140000,265245639,5.51
21/11/2023,-1130000,-29528220000,25.95(-0.19 %),52000,1351605000,1182000,30879825000,265403439,5.48
22/11/2023,-85900,-2261515000,26.6(2.50 %),0,0,85900,2261515000,265452939,5.47
23/11/2023,-202800,-5576770000,24.75(-6.95 %),121600,3015580000,324400,8592350000,265655739,5.44
24/11/2023,1172400,28527055000,25(1.01 %),1206900,29378225000,34500,851170000,264483339,5.63
27/11/2023,18700,456325000,24.15(-3.40 %),28000,687290000,9300,230965000,264464639,5.63
28/11/2023,500100,12012450000,24.5(1.45 %),501300,12041010000,1200,28560000,263964539,5.72
29/11/2023,-1110000,-27342790000,25.05(2.24 %),25800,645030000,1135800,27987820000,265074539,5.53
30/11/2023,-117900,-2964895000,24.7(-1.40 %),42800,1057660000,160700,4022555000,265192439,5.52
01/12/2023,-307700,-7551455000,25.1(1.62 %),198900,4981990000,506600,12533445000,265168839,5.52
04/12/2023,87600,2319410000,26.55(5.78 %),129500,3420870000,41900,1101460000,265081239,5.53
05/12/2023,-207600,-5518945000,26.5(-0.19 %),2000,53600000,209600,5572545000,265288839,5.5
06/12/2023,353900,9410190000,27.25(2.83 %),419100,11149885000,65200,1739695000,264934939,5.56
07/12/2023,-335100,-8991530000,26.45(-2.94 %),93000,2459900000,428100,11451430000,265270039,5.5
08/12/2023,202000,5432250000,26.75(1.13 %),242000,6504235000,40000,1071985000,265068039,5.54
11/12/2023,-208200,-5459550000,26.35(-1.50 %),192500,5088550000,400700,10548100000,265276239,5.5
12/12/2023,32700,868275000,26.35(0.00 %),105500,2791980000,72800,1923705000,265243539,5.51
13/12/2023,-230700,-6091930000,25.8(-2.09 %),116000,3037400000,346700,9129330000,265474239,5.47
14/12/2023,-36100,-914325000,25.1(-2.71 %),177200,4628075000,213300,5542400000,265510339,5.46
15/12/2023,-79200,-1807320000,25.2(0.40 %),1064100,27001380000,1143300,28808700000,265589539,5.45
18/12/2023,151000,3884280000,25.45(0.99 %),189000,4857780000,38000,973500000,265438539,5.47
19/12/2023,-55900,-1441905000,25.85(1.57 %),6200,158260000,62100,1600165000,265494439,5.47
20/12/2023,-675500,-17451380000,25.8(-0.19 %),70100,1812995000,745600,19264375000,266169939,5.35
21/12/2023,101700,2676145000,26.15(1.36 %),163800,4283400000,62100,1607255000,266068239,5.37
22/12/2023,-256800,-6731175000,25.8(-1.34 %),47900,1251545000,304700,7982720000,266325039,5.33
25/12/2023,210400,5538965000,26.6(3.10 %),290800,7654720000,80400,2115755000,266114639,5.36
26/12/2023,-213100,-5670170000,26.75(0.56 %),0,0,213100,5670170000,266327739,5.33
27/12/2023,-63000,-1695050000,26.55(-0.75 %),28600,764840000,91600,2459890000,266390739,5.32
28/12/2023,299000,8033570000,26.7(0.56 %),317300,8527850000,18300,494280000,266091739,5.37
29/12/2023,-209900,-5615445000,26.75(0.19 %),6500,174715000,216400,5790160000,266301639,5.33
02/01/2024,-38700,-1032590000,26(-2.80 %),29000,765670000,67700,1798260000,267675360,5.11
03/01/2024,49300,1321835000,26.3(1.15 %),205700,5389855000,156400,4068020000,267636764,5.11
04/01/2024,-76000,-2020600000,26.5(0.76 %),27000,723420000,103000,2744020000,267712764,5.1
05/01/2024,62800,1714395000,27.15(2.45 %),92300,2506670000,29500,792275000,267649964,5.11
08/01/2024,930200,25967595000,27.75(2.21 %),970300,27086015000,40100,1118420000,266719764,5.26
09/01/2024,-85000,-2322950000,27.4(-1.26 %),27000,744420000,112000,3067370000,266926176,5.23
10/01/2024,-283900,-7643310000,26.8(-2.19 %),26300,714265000,310200,8357575000,266969888,5.22
11/01/2024,-198700,-5311575000,27.05(0.93 %),5000,134245000,203700,5445820000,267077888,5.21
12/01/2024,-10000,-280675000,26.35(-2.59 %),194900,5166610000,204900,5447285000,267268364,5.17
15/01/2024,-600,-15705000,26.25(-0.38 %),1200,31995000,1800,47700000,267395616,5.15
16/01/2024,-231500,-6100300000,26.8(2.10 %),168900,4454835000,400400,10555135000,267431616,5.15
17/01/2024,-23000,-622520000,26.85(0.19 %),3100,83705000,26100,706225000,267430224,5.15
18/01/2024,28500,776725000,27(0.56 %),204500,5536860000,176000,4760135000,267494964,5.14
19/01/2024,-433400,-11682530000,26.6(-1.48 %),75300,2013150000,508700,13695680000,267928364,5.07
22/01/2024,326600,8796325000,27.15(2.07 %),340200,9163420000,13600,367095000,267601764,5.12
23/01/2024,-68800,-1858250000,26.85(-1.10 %),6700,181865000,75500,2040115000,267670564,5.11
24/01/2024,245900,6607810000,26.85(0.00 %),250500,6731610000,4600,123800000,267424664,5.15
25/01/2024,249200,6699530000,26.85(0.00 %),250200,6726480000,1000,26950000,267175464,5.19
26/01/2024,292100,7944405000,26.95(0.37 %),334000,9084260000,41900,1139855000,266883364,5.24
29/01/2024,-173300,-4665945000,26.7(-0.93 %),600,16175000,173900,4682120000,267174144,5.19
30/01/2024,35400,952665000,26.95(0.94 %),117100,3149340000,81700,2196675000,267098944,5.2
31/01/2024,82300,2257590000,27.1(0.56 %),113100,3094235000,30800,836645000,267159744,5.19
01/02/2024,5300,145445000,27.4(1.11 %),36000,988080000,30700,842635000,267159743,5.19
02/02/2024,1189179,33479145950,27.65(0.91 %),1346279,37875180950,157100,4396035000,267205392,5.19
05/02/2024,-322400,-8905140000,27.55(-0.36 %),89500,2463650000,411900,11368790000,266256898,5.34
06/02/2024,-8600,-238385000,27.55(0.00 %),4300,118955000,12900,357340000,265983900,5.39
07/02/2024,-1252198,-34422560100,27.3(-0.91 %),6002,165254900,1258200,34587815000,266389808,5.32
15/02/2024,-105190,-2890805500,27.7(1.47 %),14110,387654500,119300,3278460000,266388592,5.32
16/02/2024,1965763,55574994550,27.85(0.54 %),2006600,56713560000,40837,1138565450,265640200,5.44
19/02/2024,74533,2056795700,27.6(-0.90 %),100733,2780055700,26200,723260000,265658768,5.44
20/02/2024,-647809,-17848395950,27.5(-0.36 %),51751,1429467050,699560,19277863000,265647840,5.44
21/02/2024,-1790217,-49154834200,27.2(-1.09 %),193901,5286132200,1984118,54440966400,265490144,5.47
22/02/2024,-30216,-819060200,27(-0.74 %),27900,757505000,58116,1576565200,265490144,5.47
23/02/2024,9400,234640000,26.15(-3.15 %),107100,2859230000,97700,2624590000,268041432,5.05
26/02/2024,-8100,-213840000,26.45(1.15 %),26400,691660000,34500,905500000,268070544,5.04
27/02/2024,1716864,46396889000,27.35(3.40 %),2026890,54745917500,310026,8349028500,266332668,5.33
28/02/2024,357630,9755051250,27(-1.28 %),380705,10379380000,23075,624328750,265975038,5.39
29/02/2024,602400,16413845000,27.3(1.11 %),641000,17473950000,38600,1060105000,265464176,5.47
01/03/2024,243394,6720904700,27.55(0.92 %),444800,12249045000,201406,5528140300,265019372,5.54
04/03/2024,3638000,103995165000,28.1(2.00 %),4148600,118609155000,510600,14613990000,261381372,6.14
05/03/2024,6440,170937000,27.85(-0.89 %),80300,2237555000,73860,2066618000,261053552,6.19
06/03/2024,25100,690750000,27.2(-2.33 %),27000,743570000,1900,52820000,261349832,6.15
07/03/2024,-2769000,-74699830000,27.35(0.74 %),100500,2733020000,2869500,77432850000,264118832,5.69
08/03/2024,-196262,-5262711900,26.55(-2.93 %),36320,974537500,232582,6237249400,264315094,5.66
11/03/2024,-15900,-416345000,26.2(-1.32 %),22700,602070000,38600,1018415000,264330994,5.66
12/03/2024,-85100,-2235110000,26.35(0.57 %),29900,789715000,115000,3024825000,264664480,5.6
13/03/2024,-249000,-6665215000,27(2.47 %),1500,39900000,250500,6705115000,264701588,5.6
14/03/2024,-352300,-9647760000,27.5(1.85 %),55900,1537065000,408200,11184825000,265053888,5.54
15/03/2024,3472400,99700860000,28.5(3.64 %),3819900,109611550000,347500,9910690000,261581488,6.11
18/03/2024,4449200,132144630000,30.45(6.84 %),5377400,160035890000,928200,27891260000,256222480,6.99
19/03/2024,-647600,-19514540000,29.9(-1.81 %),661800,19954915000,1309400,39469455000,255908200,7.04
20/03/2024,-228500,-6866980000,30.4(1.67 %),1843500,55331530000,2072000,62198510000,258008388,6.69
21/03/2024,-4829500,-146880270000,31.7(4.28 %),1263300,39549210000,6092800,186429480000,262837888,5.9
22/03/2024,-2459300,-78147575000,31.95(0.79 %),256200,8133540000,2715500,86281115000,265297188,5.5
25/03/2024,13700,371995000,32(0.16 %),392500,12623570000,378800,12251575000,262555040,5.95
26/03/2024,326600,10631620000,31.95(-0.16 %),775300,25022080000,448700,14390460000,262269088,5.99
27/03/2024,151800,5326650000,32.75(2.50 %),590100,19398245000,438300,14071595000,264284000,5.66
28/03/2024,-914500,-29956260000,32.7(-0.15 %),25200,828550000,939700,30784810000,264707500,5.59
29/03/2024,-290900,-9383940000,32.2(-1.53 %),33300,1076325000,324200,10460265000,265112512,5.53
01/04/2024,4981300,165655595000,33.5(4.04 %),5170000,171906720000,188700,6251125000,260882200,6.22
02/04/2024,30300,852125000,33.6(0.30 %),559200,18514925000,528900,17662800000,265082207,5.53
03/04/2024,-947900,-31672120000,31.8(-5.36 %),262100,8437105000,1210000,40109225000,260573744,6.27
04/04/2024,910200,29585165000,32.2(1.26 %),2694200,87048985000,1784000,57463820000,265119907,5.53
05/04/2024,-1342400,-43434860000,32(-0.62 %),371600,12036605000,1714000,55471465000,259246336,6.49
08/04/2024,-858800,-27601790000,32.1(0.31 %),634700,20425590000,1493500,48027380000,267321107,5.17
09/04/2024,-427000,-13722060000,32.95(2.65 %),410400,13234765000,837400,26956825000,267748107,5.1
10/04/2024,-1362100,-44673790000,32.3(-1.97 %),108600,3551380000,1470700,48225170000,269110207,4.87
11/04/2024,412700,13485460000,33(2.17 %),543900,17768505000,131200,4283045000,263378176,5.81
12/04/2024,-1024400,-34399980000,33.6(1.82 %),7800,260620000,1032200,34660600000,264841088,5.57
15/04/2024,-873900,-28830975000,31.25(-6.99 %),54100,1715255000,928000,30546230000,270595807,4.63
16/04/2024,1050100,30709395000,30.1(-3.68 %),1947000,57782365000,896900,27072970000,269545707,4.8
17/04/2024,-75100,-2958705000,28.8(-4.32 %),1217500,35737330000,1292600,38696035000,270670907,4.62
19/04/2024,3279200,90782500000,27.4(-4.86 %),4145700,115121075000,866500,24338575000,267391707,5.15
22/04/2024,-1020300,-28485920000,28.1(2.55 %),152900,4273800000,1173200,32759720000,261609920,6.1
23/04/2024,-2079300,-57924390000,26.8(-4.63 %),543100,14666615000,2622400,72591005000,261933344,6.05
24/04/2024,1362500,37959155000,28.65(6.90 %),2044200,57188460000,681700,19229305000,269128807,4.87
25/04/2024,-1556900,-43934315000,28.3(-1.22 %),77300,2181180000,1634200,46115495000,270685707,4.61
26/04/2024,-2124200,-59779365000,27.8(-1.77 %),113100,3157595000,2237300,62936960000,264176064,5.68
02/05/2024,-2279100,-61020160000,26.85(-3.42 %),183200,4886950000,2462300,65907110000,265627056,5.44
03/05/2024,111900,3024185000,26.85(0.00 %),257000,6967300000,145100,3943115000,267607360,5.12
06/05/2024,1612200,44800900000,28.1(4.66 %),1621400,45057475000,9200,256575000,268448160,4.98
07/05/2024,-58800,-1636925000,27.85(-0.89 %),77200,2149280000,136000,3786205000,268516064,4.97
08/05/2024,1140700,31919715000,28.6(2.69 %),1305600,36465690000,164900,4545975000,267219664,5.18
09/05/2024,-1378900,-39419535000,28.1(-1.75 %),19100,539130000,1398000,39958665000,267336416,5.16
10/05/2024,1081200,30808660000,28.6(1.78 %),1094000,31172235000,12800,363575000,266407264,5.32
13/05/2024,-1168300,-33255975000,28.5(-0.35 %),41500,1180835000,1209800,34436810000,267763744,5.09
14/05/2024,387500,11060420000,28.35(-0.53 %),439900,12550620000,52400,1490200000,262448562,5.97
15/05/2024,-159400,-4546065000,28.5(0.53 %),1600,45440000,161000,4591505000,262607962,5.94
16/05/2024,-194800,-5709130000,28.7(0.70 %),46400,1346105000,241200,7055235000,262802762,5.91
17/05/2024,-46500,-1348105000,29.25(1.92 %),5400,156650000,51900,1504755000,268705952,4.94
20/05/2024,-377700,-11149540000,29.05(-0.68 %),11500,336800000,389200,11486340000,268935744,4.9
21/05/2024,-503900,-14465190000,28.9(-0.52 %),19400,555920000,523300,15021110000,268968320,4.9
22/05/2024,-80900,-2399340000,29.3(1.38 %),375500,11051150000,456400,13450490000,268982048,4.89
23/05/2024,-93100,-2697795000,29.2(-0.34 %),7400,214255000,100500,2912050000,269498000,4.81
24/05/2024,-68000,-1853665000,27.8(-4.79 %),148100,4266925000,216100,6120590000,263778062,5.75
27/05/2024,-390600,-10809025000,27.35(-1.62 %),59100,1627750000,449700,12436775000,269847648,4.75
28/05/2024,26700,736220000,27.85(1.83 %),48700,1350365000,22000,614145000,270015040,4.72
29/05/2024,-213200,-5962700000,27.95(0.36 %),73500,2058215000,286700,8020915000,270391232,4.66
30/05/2024,-27800,-763570000,27.6(-1.25 %),59300,1635825000,87100,2399395000,270353920,4.67
31/05/2024,-132600,-3686435000,27.75(0.54 %),4200,116555000,136800,3802990000,270636448,4.62
03/06/2024,408300,11628900000,28.55(2.88 %),452200,12884560000,43900,1255660000,270636435,4.62
04/06/2024,-30200,-862990000,28.3(-0.88 %),14000,398125000,44200,1261115000,270666635,4.62
05/06/2024,-27700,-784730000,28.05(-0.88 %),10400,293380000,38100,1078110000,270694335,4.61
06/06/2024,-110500,-3068240000,27.75(-1.07 %),62100,1744495000,172600,4812735000,270409729,4.66
07/06/2024,-12740,-352738850,27.65(-0.36 %),14260,395223650,27000,747962500,270433569,4.66
10/06/2024,-831433,-23080442450,27.8(0.54 %),30667,850702550,862100,23931145000,271265002,4.52
11/06/2024,-105400,-2906375000,27.5(-1.08 %),5500,151250000,110900,3057625000,270409729,4.66
12/06/2024,-103416,-2858204000,27.75(0.91 %),18084,498566000,121500,3356770000,271441018,4.49
13/06/2024,0,0,28.2(1.62 %),0,0,0,0,271508718,4.48
14/06/2024,-170980,-4792493000,27.4(-2.84 %),60020,1658822000,231000,6451315000,271570198,4.47
17/06/2024,-25230,-680962000,27(-1.46 %),59070,1606978000,84300,2287940000,271944828,4.41
18/06/2024,-73600,-2006010000,27(0.00 %),10000,272990000,83600,2279000000,272165828,4.37
19/06/2024,-687300,-18502505000,26.85(-0.56 %),23800,639360000,711100,19141865000,272226328,4.36
20/06/2024,-101700,-2699450000,26.55(-1.12 %),4200,111425000,105900,2810875000,272323428,4.35
21/06/2024,-497500,-13020540000,26.15(-1.51 %),4700,123835000,502200,13144375000,273029828,4.23
24/06/2024,293900,7900920000,26.55(1.53 %),381600,10252010000,87700,2351090000,272754128,4.28
25/06/2024,-10591,-289919150,26.75(0.75 %),39600,1053440000,50191,1343359150,273216728,4.2
26/06/2024,10836,272086850,26.35(-1.50 %),145407,3826336900,134571,3554250050,273159021,4.21
27/06/2024,35700,809100000,27.25(3.42 %),338600,9035835000,302900,8226735000,272870612,4.26
28/06/2024,-182461,-4939622250,26.55(-2.57 %),7100,190275000,189561,5129897250,272998083,4.24
04/07/2024,-195500,-5377020000,27.1(-1.09 %),7000,190825000,202500,5567845000,273267798,0.0
05/07/2024,-30200,-823075000,26.85(-0.92 %),6600,177275000,36800,1000350000,273297998,0.0
08/07/2024,80700,2148415000,26.35(-1.86 %),201200,5338330000,120500,3189915000,273217298,0.0
09/07/2024,43100,1139805000,26.5(0.57 %),110000,2912370000,66900,1772565000,273174198,0.0
10/07/2024,-117500,-3117940000,26.45(-0.19 %),7600,201845000,125100,3319785000,273291698,0.0
11/07/2024,55400,1484330000,27.05(2.27 %),341000,9294950000,285600,7810620000,273236298,0.0
12/07/2024,-147500,-3949690000,26.7(-1.29 %),9100,245105000,156600,4194795000,273383798,0.0
15/07/2024,326300,8678260000,26.55(-0.56 %),347300,9236550000,21000,558290000,273057498,0.0
16/07/2024,-130200,-3445750000,26.3(-0.94 %),7100,188570000,137300,3634320000,273187698,0.0
17/07/2024,233900,5659005000,24.5(-6.84 %),965600,24279720000,731700,18620715000,272953798,0.0
18/07/2024,-63000,-1631570000,24.7(0.82 %),339800,8226390000,402800,9857960000,273016798,0.0
19/07/2024,-83800,-2059855000,23.8(-3.64 %),77100,1856595000,160900,3916450000,273100598,0.0
22/07/2024,452500,10498000000,24(0.84 %),557900,12994050000,105400,2496050000,272648098,0.0
23/07/2024,-243700,-5772740000,23.3(-2.92 %),2000,47775000,245700,5820515000,272891798,0.0
24/07/2024,-309300,-7713520000,24.45(4.94 %),303300,7033375000,612600,14746895000,273201098,0.0
25/07/2024,-681700,-16398015000,24.3(-0.61 %),15800,378460000,697500,16776475000,273882798,0.0
26/07/2024,-246400,-5879000000,24.3(0.00 %),23800,574885000,270200,6453885000,274129198,0.0
29/07/2024,-342900,-8540545000,24.5(0.82 %),45300,1110500000,388200,9651045000,274472098,0.0
30/07/2024,-342900,-8540545000,24.3(-0.82 %),45300,1110500000,388200,9651045000,274814998,0.0
31/07/2024,37700,929995000,24.45(0.62 %),86500,2118565000,48800,1188570000,274777298,0.0
01/08/2024,-78000,-1841545000,23.35(-4.50 %),7300,169685000,85300,2011230000,274788209,0.0
02/08/2024,286000,6644220000,23.9(2.36 %),369000,8551660000,83000,1907440000,274502209,0.0
05/08/2024,-44000,-1018725000,22.55(-5.65 %),6900,154820000,50900,1173545000,274546209,0.0
06/08/2024,18800,434580000,22.8(1.11 %),46100,1057010000,27300,622430000,274527409,0.0
07/08/2024,-355100,-8190225000,23(0.88 %),26500,614525000,381600,8804750000,274882509,0.0
08/08/2024,137600,3162365000,22.9(-0.43 %),165600,3806420000,28000,644055000,274744909,0.0
09/08/2024,-18500,-425395000,23.15(1.09 %),1500,34525000,20000,459920000,274763409,0.0
12/08/2024,169900,3715270000,22.3(-3.67 %),199000,4356235000,29100,640965000,274593509,0.0
13/08/2024,62400,1355585000,22.4(0.45 %),237600,5298220000,175200,3942635000,274531109,0.0
14/08/2024,31000,702395000,22.2(-0.89 %),58300,1303870000,27300,601475000,274500109,0.0
15/08/2024,107300,2318600000,22.2(0.00 %),266200,5831715000,158900,3513115000,274392809,0.0
16/08/2024,2913200,67051170000,23.75(6.98 %),3067300,70655215000,154100,3604045000,271479609,0.0
19/08/2024,344300,8238005000,23.7(-0.21 %),478400,11435575000,134100,3197570000,271135309,0.0
20/08/2024,779900,18739480000,25.05(5.70 %),911700,21917225000,131800,3177745000,270355409,0.0
21/08/2024,-2494200,-61428855000,24.55(-2.00 %),150200,3717975000,2644400,65146830000,272849609,0.0
22/08/2024,-897300,-22236845000,24.65(0.41 %),134000,3292180000,1031300,25529025000,273746909,0.0
23/08/2024,-305800,-7727545000,25.15(2.03 %),628100,15702265000,933900,23429810000,274052709,0.0
26/08/2024,-404500,-10215990000,25.1(-0.20 %),18900,477460000,423400,10693450000,274457209,0.0
27/08/2024,54100,1339295000,25.05(-0.20 %),220300,5503110000,166200,4163815000,274403109,0.0
28/08/2024,-216100,-5625080000,24.05(-3.99 %),460100,10888520000,676200,16513600000,274619209,0.0
29/08/2024,151300,3611200000,23.85(-0.83 %),225500,5389975000,74200,1778775000,274467909,0.0
30/08/2024,126300,2846420000,23.2(-2.73 %),398000,9184935000,271700,6338515000,274341609,0.0
04/09/2024,183400,4138765000,23.35(0.65 %),355900,8143075000,172500,4004310000,274250081,0.0
05/09/2024,56400,1130065000,22.85(-2.14 %),424000,9703240000,367600,8573175000,274193681,0.0
06/09/2024,183800,4011940000,22.45(-1.75 %),544600,12118575000,360800,8106635000,274009881,0.0
09/09/2024,258300,5797275000,22.45(0.00 %),404200,9070715000,145900,3273440000,273751581,0.0
10/09/2024,-201100,-4438730000,22.5(0.22 %),72800,1603540000,273900,6042270000,273952681,0.0
11/09/2024,-587500,-13003375000,21.9(-2.67 %),154500,3358650000,742000,16362025000,274540181,0.0
12/09/2024,-160500,-3524125000,21.7(-0.91 %),29400,644210000,189900,4168335000,274700681,0.0
13/09/2024,900500,19616365000,22(1.38 %),920800,20059315000,20300,442950000,273800181,0.0
16/09/2024,-188500,-4130365000,21.9(-0.45 %),3000,65450000,191500,4195815000,273988681,0.0
17/09/2024,1822600,40309950000,22.5(2.74 %),2065400,45670780000,242800,5360830000,272166081,0.0
18/09/2024,141900,3251535000,22.65(0.67 %),847000,19153950000,705100,15902415000,272024181,0.0
19/09/2024,858000,19690670000,22.9(1.10 %),1402600,32185320000,544600,12494650000,271166181,0.0
20/09/2024,1050200,23966935000,22.75(-0.66 %),1321100,30141590000,270900,6174655000,270115981,0.0
23/09/2024,558800,12606860000,22.6(-0.66 %),558900,12609140000,100,2280000,269557181,0.0
24/09/2024,696400,15790055000,22.75(0.66 %),909800,20618880000,213400,4828825000,268860781,0.0
25/09/2024,170100,3871475000,23.05(1.32 %),360700,8289655000,190600,4418180000,268690681,0.0
26/09/2024,-122400,-2845795000,23.05(0.00 %),24000,554000000,146400,3399795000,268813081,0.0
27/09/2024,265000,6125380000,23.2(0.65 %),784700,18281430000,519700,12156050000,268548081,0.0
30/09/2024,-292800,-6749685000,23.2(0.00 %),11400,264155000,304200,7013840000,268840881,0.0
01/10/2024,-181500,-4240595000,22.9(-1.29 %),22000,505000000,203500,4745595000,268199503,0.0
02/10/2024,19100,421470000,22.4(-2.18 %),26100,579925000,7000,158455000,268180403,0.0
03/10/2024,-48600,-1069780000,21.9(-2.23 %),10700,234380000,59300,1304160000,268229003,0.0
04/10/2024,-13800,-302340000,21.75(-0.68 %),0,0,13800,302340000,268242803,0.0
07/10/2024,38000,828285000,21.7(-0.23 %),48900,1065445000,10900,237160000,268204803,0.0
08/10/2024,46700,995100000,21.3(-1.84 %),47700,1016800000,1000,21700000,268158103,0.0
09/10/2024,-20700,-445250000,21.4(0.47 %),3300,70950000,24000,516200000,268178803,0.0
10/10/2024,-2800,-61110000,21.35(-0.23 %),7200,154390000,10000,215500000,268181603,0.0
11/10/2024,374100,8073385000,21.5(0.70 %),408100,8806935000,34000,733550000,267807503,0.0
14/10/2024,11500,246155000,21.25(-1.16 %),13800,295605000,2300,49450000,267796003,0.0
15/10/2024,-745200,-15221735000,20.35(-4.24 %),364600,7274260000,1109800,22495995000,268541203,0.0
16/10/2024,-775900,-15683260000,20(-1.72 %),76100,1544350000,852000,17227610000,269317103,0.0
17/10/2024,612100,12451615000,21.05(5.25 %),670500,13636020000,58400,1184405000,268705003,0.0
18/10/2024,-617600,-12851635000,20.4(-3.09 %),6600,136750000,624200,12988385000,269322603,0.0
21/10/2024,-366600,-7494560000,20.25(-0.74 %),276400,5677170000,643000,13171730000,269689203,0.0
22/10/2024,98300,1995420000,20.25(0.00 %),687500,14023305000,589200,12027885000,269590903,0.0
23/10/2024,1177700,24635865000,20.95(3.46 %),1351400,28245215000,173700,3609350000,268413203,0.0
24/10/2024,-120100,-2529785000,20.65(-1.43 %),109300,2278615000,229400,4808400000,268533303,0.0
25/10/2024,-195600,-4134710000,21.05(1.94 %),83100,1752985000,278700,5887695000,268728903,0.0
28/10/2024,-105100,-2208595000,20.85(-0.95 %),34100,715240000,139200,2923835000,268834003,0.0
29/10/2024,63200,1320925000,20.5(-1.68 %),101300,2109005000,38100,788080000,268770803,0.0
30/10/2024,337700,6983825000,20.55(0.24 %),401600,8301370000,63900,1317545000,268433103,0.0
31/10/2024,145300,2998985000,20.55(0.00 %),147900,3052845000,2600,53860000,268287803,0.0
01/11/2024,284300,5936225000,20.8(1.22 %),634900,13270455000,350600,7334230000,269226788,0.0
04/11/2024,-412600,-8615225000,20.95(0.72 %),107000,2234725000,519600,10849950000,269639388,0.0
05/11/2024,-756400,-16163950000,21.1(0.72 %),238000,5023520000,994400,21187470000,270395788,0.0
06/11/2024,-1115400,-23576305000,21.05(-0.24 %),107100,2233785000,1222500,25810090000,271511188,0.0
07/11/2024,688300,14763065000,21.25(0.95 %),969800,20769625000,281500,6006560000,270822888,0.0
08/11/2024,-736900,-15470165000,20.85(-1.88 %),116500,2450570000,853400,17920735000,271559788,0.0
11/11/2024,-84200,-1733750000,20.4(-2.16 %),17700,362720000,101900,2096470000,271643988,0.0
12/11/2024,-75800,-1563310000,20.35(-0.25 %),5600,114225000,81400,1677535000,269877935,4.75
13/11/2024,241200,4951915000,20.6(1.23 %),330200,6771000000,89000,1819085000,271478588,0.0
14/11/2024,-41300,-853960000,20.15(-2.18 %),38700,793320000,80000,1647280000,271519888,0.0
15/11/2024,-144100,-2889420000,20(-0.74 %),1600,31665000,145700,2921085000,271663988,0.0
18/11/2024,212200,4222565000,19.9(-0.50 %),403900,8018590000,191700,3796025000,271451788,0.0
19/11/2024,-173300,-3450790000,19.9(0.00 %),126600,2554455000,299900,6005245000,271625088,0.0
20/11/2024,2317800,47980205000,20.75(4.27 %),2379500,49258570000,61700,1278365000,269307288,0.0
21/11/2024,243000,5045220000,20.75(0.00 %),321700,6678120000,78700,1632900000,269064288,0.0
22/11/2024,164100,3359805000,20.5(-1.20 %),415600,8546740000,251500,5186935000,268900188,0.0
25/11/2024,-93000,-1914165000,20.5(0.00 %),56500,1154850000,149500,3069015000,268374405,4.99
26/11/2024,286800,5922020000,20.6(0.49 %),435900,9022880000,149100,3100860000,268190005,5.02
27/11/2024,-281400,-5743290000,20.55(-0.24 %),43300,882905000,324700,6626195000,268296205,5.01
28/11/2024,-79300,-1601545000,20.35(-0.97 %),36100,744660000,115400,2346205000,268409205,4.99
29/11/2024,-765800,-15449735000,20.3(-0.25 %),46300,932205000,812100,16381940000,268687605,4.94
02/12/2024,-499400,-10181205000,20.3(0.00 %),22500,462375000,521900,10643580000,268780435,4.93
03/12/2024,-838500,-16851955000,20.3(0.00 %),28500,572725000,867000,17424680000,269564035,4.8
04/12/2024,-813000,-16360630000,20.2(-0.49 %),0,0,813000,16360630000,270085935,4.71
05/12/2024,1518600,31207865000,21(3.96 %),1761600,36206480000,243000,4998615000,269191335,4.86
09/12/2024,219700,4607165000,21(0.72 %),274600,5773530000,54900,1166365000,269684635,4.78
10/12/2024,-223600,-4712830000,21(0.00 %),14600,306610000,238200,5019440000,269910035,4.74
16/12/2024,-1780900,-35745115000,20.15(-1.95 %),34400,688395000,1815300,36433510000,270330568,4.67
17/12/2024,-113100,-2266335000,20(-0.74 %),300,5955000,113400,2272290000,270489168,4.65
18/12/2024,-69200,-1382410000,19.9(-0.50 %),30100,602740000,99300,1985150000,272274368,4.35
19/12/2024,-147200,-2935020000,19.55(-1.76 %),189000,3641875000,336200,6576895000,272198911,4.37
20/12/2024,-741200,-14115320000,19(-2.81 %),110900,2110985000,852100,16226305000,272187311,4.37
24/12/2024,0,0,19.2(-1.03 %),0,0,0,0,273375550,4.17
25/12/2024,26300,508860000,19.2(0.00 %),26300,508860000,0,0,273399300,4.17
26/12/2024,46000,891580000,19.2(0.00 %),47000,910880000,1000,19300000,273402100,4.17
27/12/2024,-18500,-352630000,19(-1.04 %),500,9600000,19000,362230000,273401600,4.17
30/12/2024,79600,1499560000,18.9(-0.53 %),161200,3046680000,81600,1547120000,273241400,4.2
31/12/2024,-36700,-694215000,18.9(0.00 %),1200,22580000,37900,716795000,273259200,4.19
02/01/2025,-59900,-1155895000,19.3(2.12 %),0,0,59900,1155895000,273340800,4.18
03/01/2025,-64400,-1229040000,19.15(-0.78 %),400,7680000,64800,1236720000,273378300,4.17
06/01/2025,157700,2951905000,18.75(-2.09 %),198200,3716425000,40500,764520000,273240000,4.2
07/01/2025,267000,4826615000,18.1(-3.47 %),273900,4952550000,6900,125935000,273240000,4.2
08/01/2025,70800,1273605000,18.4(1.66 %),77300,1389305000,6500,115700000,272994100,4.24
09/01/2025,12700,234740000,18.15(-1.36 %),30700,560970000,18000,326230000,272970300,4.24
10/01/2025,-98800,-1765160000,17.9(-1.38 %),4400,79410000,103200,1844570000,272972400,4.24
13/01/2025,11100,188290000,18(0.56 %),155000,2753975000,143900,2565685000,272835400,4.26
14/01/2025,-111100,-1987025000,17.9(-0.56 %),22300,397010000,133400,2384035000,272916300,4.25
15/01/2025,718600,12973980000,18.25(1.96 %),741300,13388115000,22700,414135000,272318900,4.35
16/01/2025,-211700,-3879355000,18.35(0.55 %),0,0,211700,3879355000,272530600,0.0
17/01/2025,-161600,-2991130000,18.4(0.27 %),49400,909800000,211000,3900930000,272425600,4.33
20/01/2025,-176600,-3233025000,18.4(0.00 %),7500,137425000,184100,3370450000,272629800,4.3
21/01/2025,-37800,-710690000,18.55(0.82 %),105000,1924920000,142800,2635610000,272735800,4.28
22/01/2025,-50000,-919975000,18.35(-1.08 %),100,1840000,50100,921815000,272919800,4.25
23/01/2025,-237800,-4319540000,18.2(-0.82 %),319200,5859705000,557000,10179245000,272743400,4.28
24/01/2025,-339300,-6122380000,17.7(-2.75 %),197300,3577740000,536600,9700120000,272596200,4.3
03/02/2025,-390400,-6731905000,0(0.00 %),53000,931175000,443400,7663080000,273100288,4.22
04/02/2025,-304000,-5352450000,17.7(1.43 %),444100,7797245000,748100,13149695000,273192788,4.2
05/02/2025,2497300,45916945000,18.9(6.78 %),3728000,68924760000,1230700,23007815000,269908188,4.74
06/02/2025,299100,5600905000,18.8(-0.53 %),872200,16352095000,573100,10751190000,269810088,4.76
07/02/2025,111900,2066395000,18.7(-0.53 %),430900,8093225000,319000,6026830000,270609888,4.63
10/02/2025,-691700,-12772795000,18.35(-1.87 %),0,0,691700,12772795000,271182988,4.53
11/02/2025,-728600,-13376815000,18.45(0.54 %),86000,1575440000,814600,14952255000,271415988,4.49
12/02/2025,-929300,-17116835000,18.3(-0.81 %),0,0,929300,17116835000,272107688,4.38
13/02/2025,317300,5885885000,18.6(1.64 %),579000,10694130000,261700,4808245000,272343288,4.34
14/02/2025,-715700,-13338990000,18.45(-0.81 %),92000,1722910000,807700,15061900000,273180588,4.21
17/02/2025,426500,8008760000,18.8(1.90 %),951100,17853990000,524600,9845230000,272491188,4.32
18/02/2025,-1370600,-26549235000,19.25(2.39 %),453700,8727885000,1824300,35277120000,272835188,4.26
19/02/2025,309800,6029750000,19.4(0.78 %),937300,18201750000,627500,12172000000,272422488,4.33
20/02/2025,-1009200,-19634015000,19.2(-1.03 %),292100,5674545000,1301300,25308560000,273954662,4.08
21/02/2025,565400,10858195000,19.35(0.78 %),708400,13605875000,143000,2747680000,273873712,4.09
24/02/2025,-192900,-3730715000,19.35(0.00 %),12800,246960000,205700,3977675000,275162212,3.88
25/02/2025,88600,1715680000,19.55(1.03 %),585800,11500845000,497200,9785165000,274714367,3.95
26/02/2025,-5900,-119240000,19.35(-1.02 %),34900,675170000,40800,794410000,274885167,3.93
27/02/2025,850600,16626985000,19.85(2.58 %),928400,18144015000,77800,1517030000,274454009,4.0
28/02/2025,-1220600,-24434280000,19.9(0.25 %),3600,72120000,1224200,24506400000,274491209,3.99
03/03/2025,-34600,-692200000,20(0.50 %),24600,491695000,59200,1183895000,274544409,3.98
04/03/2025,-330100,-6701485000,19.95(-0.25 %),82400,1640840000,412500,8342325000,275686209,3.79
05/03/2025,-173400,-3434305000,19.55(-2.01 %),11100,219655000,184500,3653960000,275734335,3.79
06/03/2025,264300,5198410000,20(2.30 %),340500,6694895000,76200,1496485000,275806335,3.77
07/03/2025,370900,7558790000,20.2(1.00 %),486700,9915880000,115800,2357090000,275504135,3.82
10/03/2025,156100,3173795000,20.15(-0.25 %),245000,4970095000,88900,1796300000,275335335,3.85
11/03/2025,725300,14575555000,20.35(0.99 %),886000,17786510000,160700,3210955000,275335335,3.85
12/03/2025,-489600,-9910320000,20.15(-0.98 %),3900,78505000,493500,9988825000,274650135,3.96
13/03/2025,-259477,-5266838100,20.1(-0.25 %),14800,296965000,274277,5563803100,274796035,3.94
14/03/2025,1806900,36416960000,20.65(2.74 %),1996800,40303455000,189900,3886495000,273291837,4.19
17/03/2025,-79900,-1677800000,21.05(1.94 %),6300,132360000,86200,1810160000,273559614,4.14
18/03/2025,-261800,-5502140000,20.85(-0.95 %),39700,826675000,301500,6328815000,273710414,4.12
19/03/2025,-626800,-12892700000,20.45(-1.92 %),11800,241555000,638600,13134255000,273785573,4.11
20/03/2025,-5233700,-105297760000,20.35(-0.49 %),6200,125935000,5239900,105423695000,274082754,4.06
21/03/2025,-2549700,-51680160000,20.2(-0.74 %),210900,4263800000,2760600,55943960000,274510554,3.99
24/03/2025,-1462600,-28864135000,19.95(-1.24 %),27100,535995000,1489700,29400130000,279725154,3.13
25/03/2025,273200,5657320000,20.2(1.25 %),657400,13383315000,384200,7725995000,281828492,2.79
26/03/2025,-222000,-4418595000,19.7(-2.48 %),2700,53735000,224700,4472330000,283316406,2.54
27/03/2025,79700,1574195000,19.75(0.25 %),113600,2243805000,33900,669610000,283587317,2.5
28/03/2025,93100,1848840000,19.8(0.25 %),122600,2431335000,29500,582495000,283690917,2.48
31/03/2025,-476400,-9204455000,19.85(0.25 %),205600,4073000000,682000,13277455000,283519217,2.51
01/04/2025,-57200,-1155230000,19.9(0.25 %),56600,1118510000,113800,2273740000,283492417,2.51
02/04/2025,-380100,-7609250000,19.85(-0.25 %),197200,3943980000,577300,11553230000,283977809,2.43
03/04/2025,-155400,-2952065000,18.5(-6.80 %),21100,398695000,176500,3350760000,284065909,2.42
04/04/2025,-129400,-2251755000,17.25(-6.76 %),1300,22440000,130700,2274195000,284642209,2.33
08/04/2025,46500,744460000,16.05(-6.96 %),54200,870995000,7700,126535000,284764771,2.31
09/04/2025,1400,20930000,14.95(-6.85 %),1400,20930000,0,0,284894071,2.28
10/04/2025,3700,59015000,15.95(6.69 %),13800,220110000,10100,161095000,284878476,2.29
11/04/2025,598100,9179035000,16.65(4.39 %),887700,13655900000,289600,4476865000,283990776,2.43
14/04/2025,1884800,30361655000,16.4(-1.50 %),1886900,30396725000,2100,35070000,282113976,2.74
15/04/2025,739000,11916565000,15.65(-4.57 %),796400,12840005000,57400,923440000,281607176,2.82
16/04/2025,-659100,-10174605000,15.2(-2.88 %),156600,2450765000,815700,12625370000,281452676,2.85
17/04/2025,1610100,24245765000,15.65(2.96 %),2027300,30682825000,417200,6437060000,279482776,3.17
18/04/2025,-588300,-9122785000,15.65(0.00 %),740200,11694440000,1328500,20817225000,279558276,3.16
21/04/2025,-546700,-8553285000,15.25(-2.56 %),65100,1010840000,611800,9564125000,279910376,3.1
22/04/2025,-2311800,-34431245000,14.2(-6.89 %),113300,1613570000,2425100,36044815000,281125576,2.9
23/04/2025,337600,4456440000,14.5(2.11 %),1165100,16365750000,827500,11909310000,280577276,2.99
24/04/2025,1719300,25595080000,14.9(2.76 %),1770800,26356635000,51500,761555000,281231576,2.89
25/04/2025,12900,175335000,14.7(-1.34 %),247100,3695280000,234200,3519945000,281811976,2.79
28/04/2025,-340100,-5085600000,14.7(0.00 %),406600,6002625000,746700,11088225000,281456953,2.85
29/04/2025,350200,5174660000,14.7(0.00 %),429200,6341890000,79000,1167230000,281261953,2.88
05/05/2025,1522000,21170065000,15.1(2.72 %),1522000,22750445000,0,1580380000,280593653,2.99
06/05/2025,-230600,-3606370000,15.3(1.32 %),1187000,18303310000,1417600,21909680000,280672653,2.98
07/05/2025,1569300,24473385000,15.65(2.29 %),1849400,28786295000,280100,4312910000,279103353,3.23
08/05/2025,-1398500,-21725365000,15.5(-0.96 %),840500,13021710000,2239000,34747075000,279333953,3.2
09/05/2025,-621000,-9566485000,15.4(-0.65 %),845000,13211350000,1466000,22777835000,279333953,3.2
12/05/2025,-1600,-24805000,15.5(0.65 %),300,4645000,1900,29450000,280732453,2.97
13/05/2025,2192700,34578545000,15.75(1.61 %),2282000,35989485000,89300,1410940000,279160753,3.22
14/05/2025,1738200,27409305000,16(1.59 %),2578200,40720170000,840000,13310865000,277424153,3.51
15/05/2025,675000,-3415400000,16(0.00 %),675000,10824730000,0,14240130000,277424153,3.51
16/05/2025,6800,-25301370000,15.75(-1.56 %),6800,108225000,0,25409595000,277424153,3.51
19/05/2025,3051300,47533964550,16(1.59 %),3051300,48918115000,0,1384150450,274669182,3.96
20/05/2025,1200,-21402245000,15.85(-0.94 %),1200,19130000,0,21421375000,276249282,3.7
21/05/2025,135800,-2386415000,15.8(-0.32 %),135800,2152300000,0,4538715000,276249282,3.7
22/05/2025,488300,-18835970000,15.9(0.63 %),488300,7790965000,0,26626935000,277595182,3.48
23/05/2025,-1062300,-16713335000,15.6(-1.89 %),30700,483260000,1093000,17196595000,277746782,3.46
26/05/2025,2711700,38872106000,16.15(3.53 %),2711700,43306040000,0,4433934000,276518242,3.66
27/05/2025,234400,3965645000,17.25(6.81 %),1942200,32505415000,1707800,28539770000,277346142,3.52
28/05/2025,1287700,21023350000,17(-1.45 %),1287700,21994225000,0,970875000,276114542,3.72
29/05/2025,598900,-9978337900,16.4(2.18 %),598900,9732865000,0,19711202900,276114542,3.72
30/05/2025,5300,-74320861000,16.1(-1.83 %),5300,85540000,0,74406401000,276114542,3.72
02/06/2025,1233300,18812925000,17.2(6.83 %),1233300,20698520000,0,1885595000,275603424,3.81
03/06/2025,857100,-14579400000,17.5(1.74 %),857100,15144225000,0,29723625000,280209834,3.05
04/06/2025,2488500,43702180000,17.9(2.29 %),2488500,44386480000,0,684300000,277758834,3.45
05/06/2025,552800,-3289260000,17.8(-0.56 %),552800,9869655000,0,13158915000,278585034,3.32
06/06/2025,2558745,35058862000,18(1.12 %),2558745,45308762000,0,10249900000,276595889,3.65
09/06/2025,256100,-37401055000,18.1(0.56 %),256100,4679610000,0,42080665000,276777489,3.62
10/06/2025,232600,-6022963150,17.8(-1.66 %),232600,4130250000,0,10153213150,276777489,3.62
11/06/2025,1879100,32967945000,17.6(-1.12 %),2181100,38328360000,302000,5360415000,276931689,3.59
12/06/2025,701500,12456610000,17.8(1.14 %),1142500,20365985000,441000,7909375000,276560628,3.65
13/06/2025,-2206200,-37733570000,16.75(-5.90 %),158900,2707685000,2365100,40441255000,276560628,3.65
16/06/2025,-796900,-13516385000,17.2(2.69 %),94700,1615595000,891600,15131980000,276560628,3.65
17/06/2025,-279500,-4901920000,17.25(0.29 %),457700,7863440000,737200,12765360000,278766923,3.29
18/06/2025,885000,15424455000,17.3(0.29 %),1239600,21591330000,354600,6166875000,278678823,3.3
19/06/2025,-303900,-5229160000,17.35(0.29 %),449600,7742830000,753500,12971990000,295519429,3.28
20/06/2025,-276400,-4818825000,17.35(0.00 %),254300,4413350000,530700,9232175000,295519429,3.28
23/06/2025,-1174500,-20055300000,17.15(-1.15 %),154300,2624150000,1328800,22679450000,295823329,3.24
24/06/2025,779700,13587060000,17.3(0.87 %),832700,14509355000,53000,922295000,295320029,3.32
25/06/2025,-55300,-956355000,17.25(-0.29 %),158400,2759170000,213700,3715525000,296494529,3.13
26/06/2025,-1508200,-25962280000,17.3(0.29 %),31200,538250000,1539400,26500530000,296494529,3.13
27/06/2025,-206800,-3859565000,17.6(1.73 %),1504800,26723300000,1711600,30582865000,296549829,3.13
30/06/2025,-956100,-16903560000,17.7(0.57 %),10900,192635000,967000,17096195000,298058029,2.89
01/07/2025,-160100,-2805900000,17.1(-3.39 %),11300,195235000,171400,3001135000,298264865,2.86
02/07/2025,229500,3966220000,17.4(1.75 %),308000,5323180000,78500,1356960000,298991578,2.75
03/07/2025,4920300,87027220000,17.65(1.44 %),5120600,90558530000,200300,3531310000,294231590,3.48
04/07/2025,4454700,81191085000,18.25(3.40 %),5571100,101786810000,1116400,20595725000,289776810,4.17
07/07/2025,618100,11568685000,18.6(1.92 %),1403500,26024860000,785400,14456175000,289158833,4.27
08/07/2025,-3860400,-71418145000,18.5(-0.54 %),3000,55000000,3863400,71473145000,289158833,4.27
09/07/2025,-258900,-5044560000,18.65(0.81 %),2384100,44684795000,2643000,49729355000,289158333,4.27
10/07/2025,1900900,35135015000,18.4(-1.34 %),2013500,37216535000,112600,2081520000,289158333,4.27
11/07/2025,84000,1521465000,18.05(-1.90 %),258500,4715970000,174500,3194505000,291292558,3.94
14/07/2025,344800,6277810000,18.75(3.88 %),1049000,19177750000,704200,12899940000,290947758,3.99
15/07/2025,526500,9814295000,18.4(-1.87 %),1264800,23812600000,738300,13998305000,290421306,4.07
16/07/2025,4556800,85901440000,19(3.26 %),4701400,88614665000,144600,2713225000,285864506,4.78
17/07/2025,2372500,47556325000,20.3(6.84 %),3111500,62378285000,739000,14821960000,285864506,4.78
18/07/2025,151100,3008825000,20.55(1.23 %),555900,11631065000,404800,8622240000,283338357,5.17
21/07/2025,327000,6117720000,20.1(-2.19 %),1837700,37369890000,1510700,31252170000,283009359,5.22
22/07/2025,425800,8083965000,20.5(1.99 %),1833400,36756185000,1407600,28672220000,282583559,5.29
23/07/2025,-3993500,-82736860000,20.3(-0.98 %),93100,1918175000,4086600,84655035000,282583559,5.29
24/07/2025,638800,13153255000,20.7(1.97 %),1436300,29697375000,797500,16544120000,281944831,5.38
25/07/2025,-4011700,-84461380000,21.8(5.31 %),49000,1032985000,4060700,85494365000,285938331,4.77
28/07/2025,-30500,-714230000,23.3(6.88 %),151100,3420600000,181600,4134830000,285937831,4.77
29/07/2025,3601200,80233015000,21.7(-6.87 %),4656100,105201970000,1054900,24968955000,286346831,4.7
30/07/2025,1744400,37774605000,22.05(1.61 %),1890300,40965665000,145900,3191060000,284633015,4.97
31/07/2025,367900,7625480000,21.75(-1.36 %),547100,11526975000,179200,3901495000,284265065,5.03
01/08/2025,-2160400,-46386745000,20.85(-4.14 %),195200,4138555000,2355600,50525300000,284265065,5.03
04/08/2025,501900,10321405000,21.5(3.12 %),1161000,24302605000,659100,13981200000,283763165,5.1
05/08/2025,-869200,-21408395000,21.25(-1.16 %),2895700,61278165000,3764900,82686560000,285923565,4.77
06/08/2025,-80000,-1725935000,21.55(1.41 %),157600,3360950000,237600,5086885000,285923565,4.77
07/08/2025,581300,12826705000,22.05(2.32 %),880900,19443080000,299600,6616375000,286209565,4.72
08/08/2025,-960600,-21885370000,22.8(3.40 %),1917600,42769530000,2878200,64654900000,286289566,4.71
11/08/2025,1132500,26855880000,23.35(2.41 %),2134600,50564135000,1002100,23708255000,285154676,4.89
12/08/2025,-286500,-6753080000,23.15(-0.86 %),588400,13441150000,874900,20194230000,286114087,4.74
13/08/2025,600200,14336615000,24.2(4.54 %),2521800,60374030000,1921600,46037415000,285513798,4.83
14/08/2025,-1501600,-36503390000,24.35(0.62 %),504200,12153465000,2005800,48656855000,285800298,4.79
15/08/2025,-246600,-5961770000,23.3(-4.31 %),231900,5489270000,478500,11451040000,285800298,4.79
18/08/2025,-1658300,-38820240000,23.5(0.86 %),703000,16020430000,2361300,54840670000,287301898,4.56
19/08/2025,3819200,94841110000,25.1(6.81 %),4109600,101896925000,290400,7055815000,283729338,5.11
20/08/2025,2094800,51072735000,25(-0.40 %),2752600,67655075000,657800,16582340000,283291044,5.18
21/08/2025,538000,13041640000,24.35(-2.60 %),1121400,27618375000,583400,14576735000,282750600,5.26
22/08/2025,1515300,33646290000,22.7(-6.78 %),3060900,70119705000,1545600,36473415000,282750600,5.26
25/08/2025,-403400,-10094170000,21.3(-6.17 %),1415500,31240605000,1818900,41334775000,281235258,5.49
26/08/2025,2669500,58702805000,0(-100.00 %),2850900,62687935000,181400,3985130000,281235258,5.49
