Ngay,KLGDRong,GTDGRong,ThayDoi,KLMua,GtMua,KLBan,GtBan,RoomConLai,DangSoHuu
01/03/2018,-3756100,-115369170000,0(0.00 %),190200,5796030000,3946300,121165200000,96403183,9.07
02/03/2018,-1532890,-49404549000,0(0.00 %),199410,6528811000,1732300,55933360000,93203773,10.39
05/03/2018,1192300,37324990000,0(0.00 %),1602300,50203240000,410000,12878250000,91601473,11.06
06/03/2018,-22800,-710110000,0(0.00 %),122200,3770970000,145000,4481080000,95425573,9.47
07/03/2018,-690200,-20969920000,0(0.00 %),12300,376000000,702500,21345920000,97145573,8.76
08/03/2018,-2000,-56760000,0(0.00 %),52200,1490470000,54200,1547230000,97503373,8.61
09/03/2018,-502600,-14617250000,0(0.00 %),0,0,502600,14617250000,97648373,8.55
12/03/2018,-240400,-6889860000,0(0.00 %),0,0,240400,6889860000,98350873,8.26
13/03/2018,-3000,-84800000,0(0.00 %),2000,56000000,5000,140800000,98403073,8.24
14/03/2018,-1991500,-52538410000,0(0.00 %),604900,16011140000,2596400,68549550000,98300773,8.28
15/03/2018,-516000,-14011030000,0(0.00 %),4000,107340000,520000,14118370000,98537173,8.19
16/03/2018,-453500,-12255050000,0(0.00 %),30500,823820000,484000,13078870000,98511673,8.2
19/03/2018,-262000,-6899010000,0(0.00 %),7500,195950000,269500,7094960000,101100573,7.12
20/03/2018,-229000,-6207550000,0(0.00 %),117500,3168500000,346500,9376050000,101503073,6.96
21/03/2018,-15400,-423120000,0(0.00 %),108800,2988620000,124200,3411740000,101878273,6.8
22/03/2018,6500,164550000,0(0.00 %),90000,2429800000,83500,2265250000,102057773,6.73
23/03/2018,-9900,-260270000,0(0.00 %),79300,2082350000,89200,2342620000,102324973,6.62
26/03/2018,65700,1722330000,0(0.00 %),150400,3952410000,84700,2230080000,102298773,6.63
27/03/2018,-29200,-769250000,0(0.00 %),7800,204590000,37000,973840000,102374473,6.6
28/03/2018,32100,828190000,0(0.00 %),35100,905590000,3000,77400000,102428573,6.57
29/03/2018,1100,28370000,0(0.00 %),1100,28370000,0,0,102512173,6.54
30/03/2018,277600,7310110000,0(0.00 %),280700,7391640000,3100,81530000,102268473,6.64
02/04/2018,-93100,-2455660000,0(0.00 %),188800,4965860000,281900,7421520000,102082673,6.72
03/04/2018,-347400,-8918220000,0(0.00 %),183200,4673070000,530600,13591290000,101899473,6.79
04/04/2018,131200,3254210000,0(0.00 %),231200,5737210000,100000,2483000000,101671373,6.89
05/04/2018,-588500,-14304414200,0(0.00 %),171300,4175470000,759800,18479884200,101781973,6.84
06/04/2018,-756450,-18028475000,0(0.00 %),154150,3671715000,910600,21700190000,102158423,6.69
09/04/2018,-168500,-3958774500,0(0.00 %),942600,22135310000,1111100,26094084500,101865823,6.81
10/04/2018,-402300,-9521993200,0(0.00 %),148300,3521690000,550600,13043683200,102477323,6.55
12/04/2018,-21700,-497300000,0(0.00 %),157600,3628930000,179300,4126230000,103647823,6.07
13/04/2018,86400,1948360000,0(0.00 %),156400,3560360000,70000,1612000000,104042023,5.91
16/04/2018,-355300,-8179600000,0(0.00 %),135700,3148500000,491000,11328100000,104244023,5.82
17/04/2018,-34800,-804730000,0(0.00 %),351100,8103540000,385900,8908270000,104072223,5.89
18/04/2018,-36200,-827070000,0(0.00 %),1900,43530000,38100,870600000,104140323,5.86
19/04/2018,1000,21600000,0(0.00 %),1000,21600000,0,0,104630323,5.66
20/04/2018,166500,3590570000,0(0.00 %),166500,3590570000,0,0,104849723,5.57
23/04/2018,297500,6590500000,0(0.00 %),307500,6811200000,10000,220700000,104580323,5.68
24/04/2018,-27500,-581890000,0(0.00 %),172600,3688510000,200100,4270400000,104407723,5.75
26/04/2018,-33800,-765930000,0(0.00 %),128500,2585410000,162300,3351340000,104279223,5.81
27/04/2018,164600,3246050000,0(0.00 %),323600,6431850000,159000,3185800000,103965623,5.94
02/05/2018,-403400,-7730410000,0(0.00 %),600,11820000,404000,7742230000,104165123,5.85
03/05/2018,16000,295100000,0(0.00 %),676000,12244650000,660000,11949550000,103651423,6.07
07/05/2018,-651700,-13683320000,0(0.00 %),0,0,651700,13683320000,104214123,5.83
08/05/2018,-231500,-4758240000,0(0.00 %),1700,35090000,233200,4793330000,104872423,5.56
09/05/2018,-15000,-303370000,0(0.00 %),45000,911750000,60000,1215120000,105417423,5.34
10/05/2018,54300,1056110000,0(0.00 %),81800,1606790000,27500,550680000,105987323,5.1
11/05/2018,-28000,-448590000,0(0.00 %),150000,3043340000,178000,3491930000,106070523,5.07
14/05/2018,-141850,-2956505000,0(0.00 %),50,1075000,141900,2957580000,106130473,5.04
15/05/2018,-351500,-7572930000,0(0.00 %),0,0,351500,7572930000,106157973,5.03
16/05/2018,-628100,-13841900000,0(0.00 %),0,0,628100,13841900000,106335973,4.96
17/05/2018,-370800,-8229470000,0(0.00 %),200,4480000,371000,8233950000,106477673,4.9
18/05/2018,19900,418100000,0(0.00 %),102800,2216190000,82900,1798090000,106726373,4.79
21/05/2018,-157000,-3340730000,0(0.00 %),118000,2463300000,275000,5804030000,107236473,4.58
22/05/2018,-331000,-6571610000,0(0.00 %),0,0,331000,6571610000,107607473,4.43
23/05/2018,-92000,-1764910000,0(0.00 %),168000,3337590000,260000,5102500000,107522373,4.46
24/05/2018,-71000,-1415380000,0(0.00 %),179000,3547480000,250000,4962860000,107618373,4.42
25/05/2018,305000,5837750000,0(0.00 %),305000,5837750000,0,0,107644373,4.41
28/05/2018,-34300,-747780000,0(0.00 %),148800,2618910000,183100,3366690000,107755573,4.37
29/05/2018,-134600,-2477510000,0(0.00 %),265400,4910480000,400000,7387990000,107740173,4.37
30/05/2018,62300,1121590000,0(0.00 %),100000,1811500000,37700,689910000,107640173,4.42
31/05/2018,-486600,-8884960000,0(0.00 %),13400,245340000,500000,9130300000,107809873,4.34
01/06/2018,115200,2112240000,0(0.00 %),115200,2112240000,0,0,108094673,4.23
04/06/2018,225100,4242140000,0(0.00 %),230800,4347060000,5700,104920000,107901573,4.31
05/06/2018,2100,41530000,0(0.00 %),2600,51180000,500,9650000,108398973,4.1
06/06/2018,-7800,-157800000,0(0.00 %),2200,43200000,10000,201000000,108396773,4.1
07/06/2018,-200000,-3822130000,0(0.00 %),0,0,200000,3822130000,108402473,4.1
08/06/2018,-111200,-2085510000,0(0.00 %),108800,2058910000,220000,4144420000,108294173,4.14
11/06/2018,-408600,-7738230000,0(0.00 %),0,0,408600,7738230000,108304173,4.14
12/06/2018,-220900,-4050770000,0(0.00 %),500,9150000,221400,4059920000,108503673,4.06
13/06/2018,-160000,-2945290000,0(0.00 %),0,0,160000,2945290000,108723673,3.97
14/06/2018,0,0,0(0.00 %),0,0,0,0,109132273,3.8
15/06/2018,-499100,-9262670000,0(0.00 %),900,16920000,500000,9279590000,109352773,3.71
18/06/2018,-996500,-18161730000,0(0.00 %),600,10950000,997100,18172680000,109512173,3.64
19/06/2018,-320000,-5612340000,0(0.00 %),150000,2610960000,470000,8223300000,109362173,3.7
20/06/2018,-374800,-6597330000,0(0.00 %),200,3520000,375000,6600850000,109861973,3.49
21/06/2018,-240000,-4194130000,0(0.00 %),0,0,240000,4194130000,110859073,3.08
22/06/2018,-600000,-10594690000,0(0.00 %),0,0,600000,10594690000,111329073,2.89
25/06/2018,-276900,-5025760000,0(0.00 %),5000,90000000,281900,5115760000,111699073,2.73
26/06/2018,-744700,-13312140000,0(0.00 %),0,0,744700,13312140000,111939073,2.63
27/06/2018,-560000,-10031190000,0(0.00 %),0,0,560000,10031190000,112539073,2.39
28/06/2018,-787000,-13861200000,0(0.00 %),3000,52800000,790000,13914000000,112817973,2.27
29/06/2018,-621500,-10875460000,0(0.00 %),0,0,621500,10875460000,113562673,1.96
02/07/2018,-100000,-1740200000,0(0.00 %),0,0,100000,1740200000,114122673,1.73
03/07/2018,-1292000,-22204230000,0(0.00 %),0,0,1292000,22204230000,114912673,1.4
04/07/2018,-1680000,-27957490000,0(0.00 %),2000,33300000,1682000,27990790000,115532173,1.15
05/07/2018,-406838,-6603118000,0(0.00 %),0,0,406838,6603118000,115632173,1.1
06/07/2018,-100000,-1581300000,0(0.00 %),100000,1633880000,200000,3215180000,116824173,0.61
09/07/2018,-988700,-15890690000,0(0.00 %),0,0,988700,15890690000,118506173,-0.09
10/07/2018,-1096700,-17060840000,0(0.00 %),0,0,1096700,17060840000,118913011,-0.25
11/07/2018,-189400,-2740800000,0(0.00 %),10600,151550000,200000,2892350000,119102411,-0.33
12/07/2018,-209800,-2919330000,0(0.00 %),200,2770000,210000,2922100000,120090911,-0.74
13/07/2018,-175700,-2511290000,0(0.00 %),0,0,175700,2511290000,121187611,-1.2
16/07/2018,-163000,-2355960000,0(0.00 %),7000,101300000,170000,2457260000,121380611,-1.28
17/07/2018,-100000,-1430920000,0(0.00 %),50000,715000000,150000,2145920000,121540611,-1.34
18/07/2018,-244900,-3579250000,0(0.00 %),5100,72980000,250000,3652230000,121711211,-1.41
19/07/2018,-950500,-15004480000,0(0.00 %),0,0,950500,15004480000,121881211,-1.48
20/07/2018,-220400,-3485530000,0(0.00 %),0,0,220400,3485530000,122031211,-1.55
23/07/2018,-395000,-6137010000,0(0.00 %),0,0,395000,6137010000,122281211,-1.65
24/07/2018,-309500,-4583460000,0(0.00 %),10500,153400000,320000,4736860000,123221211,-2.04
25/07/2018,-226200,-3374170000,0(0.00 %),0,0,226200,3374170000,123441611,-2.13
26/07/2018,-22500,-330000000,0(0.00 %),1000,14800000,23500,344800000,123835611,-2.29
27/07/2018,-402000,-5971380000,0(0.00 %),13000,192400000,415000,6163780000,124142611,-2.42
30/07/2018,-770000,-11916490000,0(0.00 %),0,0,770000,11916490000,124368811,-2.51
31/07/2018,-498500,-7821300000,0(0.00 %),2200,35140000,500700,7856440000,124867311,0.0
01/08/2018,-810000,-13063450000,0(0.00 %),130000,2080000000,940000,15143450000,124675111,-2.64
02/08/2018,-1067800,-17918870000,0(0.00 %),200,3360000,1068000,17922230000,125444911,-2.96
03/08/2018,-1092700,-19683320000,0(0.00 %),302500,5453650000,1395200,25136970000,125643111,-3.04
06/08/2018,-682000,-12348370000,0(0.00 %),18000,329800000,700000,12678170000,126565111,-3.42
07/08/2018,-358900,-6269940000,0(0.00 %),100,1790000,359000,6271730000,127633011,-3.87
08/08/2018,-1196000,-21254510000,0(0.00 %),5000,89500000,1201000,21344010000,129023211,-4.44
09/08/2018,-789000,-14513560000,0(0.00 %),36000,654900000,825000,15168460000,129687211,-4.72
10/08/2018,-176500,-3194340000,0(0.00 %),23500,430060000,200000,3624400000,130022711,-4.86
13/08/2018,-244700,-4446020000,0(0.00 %),30200,552640000,274900,4998660000,131193511,-5.34
14/08/2018,-721400,-12744910000,0(0.00 %),28600,505540000,750000,13250450000,131989911,-5.67
15/08/2018,-475000,-8455920000,0(0.00 %),0,0,475000,8455920000,132464911,0.0
16/08/2018,-647000,-10810300000,0(0.00 %),100,1700000,647100,10812000000,132464711,-5.87
17/08/2018,-325900,-5512110000,0(0.00 %),0,0,325900,5512110000,132790611,0.0
20/08/2018,-224700,-3723430000,0(0.00 %),1000,16500000,225700,3739930000,133688711,-6.37
21/08/2018,-681000,-11240410000,0(0.00 %),0,0,681000,11240410000,134335811,-6.64
22/08/2018,-767500,-12917713900,0(0.00 %),0,0,767500,12917713900,134661711,-6.78
23/08/2018,-540000,-9044090000,0(0.00 %),0,0,540000,9044090000,134887411,-6.87
24/08/2018,-290000,-4812400000,0(0.00 %),0,0,290000,4812400000,135568411,-7.15
27/08/2018,-804300,-13650200000,0(0.00 %),22300,378500000,826600,14028700000,136313611,-7.46
28/08/2018,-49000,-823700000,0(0.00 %),1000,16800000,50000,840500000,136852611,-7.68
29/08/2018,-1216900,-20530460000,0(0.00 %),81000,1382800000,1297900,21913260000,137061611,-7.77
30/08/2018,-341100,-5777480000,0(0.00 %),8900,150380000,350000,5927860000,137879311,-8.11
31/08/2018,-512000,-8968708800,0(0.00 %),8000,139200000,520000,9107908800,137921311,-8.13
04/09/2018,-24000,-414000000,0(0.00 %),1000,17000000,25000,431000000,139218211,-8.66
05/09/2018,-9400,-158360000,0(0.00 %),600,10140000,10000,168500000,139567611,-8.81
07/09/2018,10000,168500000,0(0.00 %),20000,336000000,10000,167500000,140089911,-9.03
10/09/2018,-645000,-10821440000,0(0.00 %),1900,32300000,646900,10853740000,140098011,-9.03
12/09/2018,-517200,-9386060000,0(0.00 %),363000,6423400000,880200,15809460000,139245011,-8.68
13/09/2018,-10000,-246570000,0(0.00 %),499000,9012250000,509000,9258820000,139392911,-8.74
14/09/2018,100000,1790000000,0(0.00 %),200000,3600000000,100000,1810000000,140378611,-9.15
17/09/2018,-1105100,-19790190000,0(0.00 %),510200,9181560000,1615300,28971750000,141248611,-9.51
18/09/2018,10000,181990000,0(0.00 %),310000,5459290000,300000,5277300000,141647611,-9.67
19/09/2018,-2642300,-49875100000,0(0.00 %),24000,455060000,2666300,50330160000,141723611,-9.7
20/09/2018,-874600,-16826570000,0(0.00 %),434600,8438300000,1309200,25264870000,142804311,-10.15
21/09/2018,-1005000,-19415650000,0(0.00 %),0,0,1005000,19415650000,142904311,-10.19
24/09/2018,-933300,-18173830000,0(0.00 %),1700,33470000,935000,18207300000,145568911,-11.29
25/09/2018,34600,710540000,0(0.00 %),47500,978200000,12900,267660000,146430711,-11.65
26/09/2018,-180900,-3730970000,0(0.00 %),35600,731330000,216500,4462300000,147400111,-12.05
27/09/2018,10900,254380000,0(0.00 %),101500,2109400000,90600,1855020000,148233611,-12.4
28/09/2018,-916490,-18849204300,0(0.00 %),109000,2214970000,1025490,21064174300,148137511,-12.36
01/10/2018,-1837100,-37434100000,0(0.00 %),10000,202000000,1847100,37636100000,148344011,-12.44
02/10/2018,-978700,-20084060000,0(0.00 %),1500,30900000,980200,20114960000,149322711,0.0
03/10/2018,-43300,-868330000,0(0.00 %),1700,34170000,45000,902500000,149456801,-12.91
04/10/2018,-549900,-11136990000,0(0.00 %),100,2010000,550000,11139000000,28175536,37.33
05/10/2018,-10700,-244650000,0(0.00 %),84300,1643850000,95000,1888500000,1430016543,-543.32
08/10/2018,-205400,-3970680000,0(0.00 %),44600,852360000,250000,4823040000,1430016943,-543.32
09/10/2018,220100,4171230000,0(0.00 %),261100,4964030000,41000,792800000,1430305843,-543.44
10/10/2018,-343470,-6392686000,0(0.00 %),5000,94000000,348470,6486686000,1430395843,-543.47
11/10/2018,66300,1050160000,0(0.00 %),238000,4007890000,171700,2957730000,1430407843,-543.48
12/10/2018,-215100,-3700250000,0(0.00 %),200,3440000,215300,3703690000,1430448643,-543.49
15/10/2018,-116000,-1943850000,0(0.00 %),1000,17050000,117000,1960900000,1430796113,-543.64
16/10/2018,-51100,-861340000,0(0.00 %),48900,820940000,100000,1682280000,1430918913,-543.69
17/10/2018,-934400,-16084020000,0(0.00 %),1800,30780000,936200,16114800000,1431132413,-543.78
18/10/2018,-129000,-2185850000,0(0.00 %),6000,101400000,135000,2287250000,1431243413,-543.82
19/10/2018,-144200,-2459220000,0(0.00 %),6000,99600000,150200,2558820000,1431337413,-543.86
22/10/2018,-200000,-3410770000,0(0.00 %),0,0,200000,3410770000,1432273613,-544.25
23/10/2018,1000,20400000,0(0.00 %),7000,117600000,6000,97200000,1432401613,-544.3
24/10/2018,-12400,-200150000,0(0.00 %),1600,25970000,14000,226120000,1432550213,-544.37
25/10/2018,300600,4681820000,0(0.00 %),300600,4681820000,0,0,1432449613,-544.32
26/10/2018,-48000,-756250000,0(0.00 %),2000,31600000,50000,787850000,1432453613,-544.33
29/10/2018,5000,78500000,0(0.00 %),5000,78500000,0,0,1432462613,-544.33
30/10/2018,-54200,-854040000,0(0.00 %),0,0,54200,854040000,1432462613,-544.33
31/10/2018,-611500,-9911040000,0(0.00 %),271000,4388500000,882500,14299540000,1433074113,0.0
01/11/2018,-88800,-1409720000,0(0.00 %),71200,1172700000,160000,2582420000,1432170413,-544.21
02/11/2018,-80000,-1286100000,0(0.00 %),0,0,80000,1286100000,1432224613,-544.23
05/11/2018,-70200,-1122960000,0(0.00 %),10800,173780000,81000,1296740000,1433096313,-544.59
06/11/2018,-925000,-15150510000,0(0.00 %),15000,248500000,940000,15399010000,1433241313,-544.65
07/11/2018,-350000,-5631080000,0(0.00 %),0,0,350000,5631080000,1433321313,-544.68
08/11/2018,-190000,-3065000000,0(0.00 %),0,0,190000,3065000000,1433402313,-544.72
09/11/2018,-167800,-2675820000,0(0.00 %),500,7750000,168300,2683570000,1434341813,-545.11
12/11/2018,299000,4690160000,0(0.00 %),305000,4785460000,6000,95300000,1434386813,-545.13
13/11/2018,-175000,-2715000000,0(0.00 %),0,0,175000,2715000000,1434576813,-545.2
14/11/2018,-356400,-5376560000,0(0.00 %),3900,58330000,360300,5434890000,1434741213,-545.27
15/11/2018,-60000,-902430000,0(0.00 %),0,0,60000,902430000,1434747213,-545.28
16/11/2018,-491200,-7484570000,0(0.00 %),500000,7600860000,991200,15085430000,1434522213,-545.18
19/11/2018,-416400,-6344910000,0(0.00 %),0,0,416400,6344910000,1434882513,-545.33
20/11/2018,-197800,-3002530000,0(0.00 %),2200,33320000,200000,3035850000,1434940313,-545.36
21/11/2018,-150992,-2253130000,0(0.00 %),2008,30120000,153000,2283250000,1435829505,-545.72
22/11/2018,-425900,-6305650000,0(0.00 %),2000,29600000,427900,6335250000,1436243905,-545.9
23/11/2018,0,0,0(0.00 %),0,0,0,0,1436443905,-545.98
26/11/2018,-4100,-65280000,0(0.00 %),55900,834720000,60000,900000000,1436541005,-546.02
27/11/2018,-460400,-6933460000,0(0.00 %),400,5960000,460800,6939420000,1436968505,-546.2
28/11/2018,24200,360580000,0(0.00 %),24200,360580000,0,0,1436944305,-546.19
29/11/2018,10900,162260000,0(0.00 %),10900,162260000,0,0,1436993405,-546.21
30/11/2018,30000,441000000,0(0.00 %),30000,441000000,0,0,1436963405,0.0
03/12/2018,-925000,-14083480000,0(0.00 %),0,0,925000,14083480000,1437424205,-546.38
04/12/2018,-550000,-8431000000,0(0.00 %),0,0,550000,8431000000,1437424205,-546.38
05/12/2018,-576000,-8777800000,0(0.00 %),44000,673200000,620000,9451000000,1437380205,-546.37
06/12/2018,-772900,-12027330000,0(0.00 %),77700,1208480000,850600,13235810000,1438227505,-546.72
07/12/2018,-497159,-7733300400,0(0.00 %),52841,819319600,550000,8552620000,1438724664,-546.92
10/12/2018,-630000,-9643620000,0(0.00 %),400,6120000,630400,9649740000,1439344264,-547.18
11/12/2018,-457600,-6887930000,0(0.00 %),22400,336060000,480000,7223990000,1440172464,-547.52
12/12/2018,-60400,-936160000,0(0.00 %),0,0,60400,936160000,1440722464,-547.75
13/12/2018,-462500,-7119370000,0(0.00 %),7900,120890000,470400,7240260000,1441344964,-548.01
14/12/2018,-499500,-7622400000,0(0.00 %),500,7600000,500000,7630000000,1441824464,-548.21
17/12/2018,-469500,-6977550000,0(0.00 %),500,7450000,470000,6985000000,1441884364,-548.23
18/12/2018,-498300,-7215400000,0(0.00 %),1700,24600000,500000,7240000000,1442353064,-548.43
19/12/2018,-461600,-6612480000,0(0.00 %),2600,37180000,464200,6649660000,244116769,-52.11
20/12/2018,-112700,-1624010000,0(0.00 %),734000,10599600000,846700,12223610000,243685369,-50.82
21/12/2018,-399700,-5715680000,0(0.00 %),400,5740000,400100,5721420000,244118969,-51.0
24/12/2018,-400000,-5660410000,0(0.00 %),0,0,400000,5660410000,244119369,-51.0
25/12/2018,0,-100000,0(0.00 %),1000,13200000,1000,13300000,244118369,-51.0
26/12/2018,-700000,-9286490000,0(0.00 %),400,5340000,700400,9291830000,244118969,-51.0
27/12/2018,999800,13913200000,0(0.00 %),1000000,13915880000,200,2680000,243119369,-50.59
28/12/2018,-90000,-1245080000,0(0.00 %),200,2720000,90200,1247800000,244119169,-51.0
02/01/2019,-103600,-1400200000,0(0.00 %),400,5380000,104000,1405580000,244118969,-51.0
03/01/2019,-160000,-2123080000,0(0.00 %),400,5340000,160400,2128420000,244278969,0.0
04/01/2019,-124500,-1633400000,0(0.00 %),0,0,124500,1633400000,244403469,0.0
07/01/2019,-575200,-7621990000,0(0.00 %),226900,3017200000,802100,10639190000,244978669,0.0
08/01/2019,-235000,-3126830000,0(0.00 %),13100,172920000,248100,3299750000,245213669,0.0
09/01/2019,-562500,-7571830000,0(0.00 %),50000,672500000,612500,8244330000,245776169,0.0
10/01/2019,-309800,-4175340000,0(0.00 %),100200,1352660000,410000,5528000000,245523469,0.0
11/01/2019,-775500,-10594830000,0(0.00 %),14900,205420000,790400,10800250000,246298969,0.0
14/01/2019,-269809,-3660084200,0(0.00 %),200,2680000,270009,3662764200,246568778,0.0
15/01/2019,-419800,-5662800000,0(0.00 %),0,0,419800,5662800000,246988578,0.0
16/01/2019,-653800,-8832060000,0(0.00 %),1200,16180000,655000,8848240000,247642378,0.0
17/01/2019,-300200,-4052720000,0(0.00 %),0,0,300200,4052720000,247942578,0.0
18/01/2019,-199800,-2664800000,0(0.00 %),200,2680000,200000,2667480000,248142378,0.0
21/01/2019,30000,349000000,0(0.00 %),116000,1407100000,86000,1058100000,248112378,0.0
22/01/2019,-86000,-1043290000,0(0.00 %),0,0,86000,1043290000,248198378,0.0
24/01/2019,0,0,0(0.00 %),0,0,0,0,248198378,0.0
25/01/2019,6700,81790000,0(0.00 %),6700,81790000,0,0,248191678,0.0
28/01/2019,346000,4277900000,0(0.00 %),346400,4282860000,400,4960000,247845678,0.0
29/01/2019,-70000,-878000000,0(0.00 %),30000,372000000,100000,1250000000,247915678,0.0
30/01/2019,99800,1277020000,0(0.00 %),100400,1284680000,600,7660000,247815878,0.0
31/01/2019,6700,87600000,0(0.00 %),6900,90240000,200,2640000,247809178,0.0
01/02/2019,400,5200000,0(0.00 %),400,5200000,0,0,244118969,0.0
11/02/2019,-9300,-121930000,0(0.00 %),400,5200000,9700,127130000,244128269,0.0
12/02/2019,200100,2715350000,0(0.00 %),200100,2715350000,0,0,243928169,0.08
13/02/2019,302200,4251080000,0(0.00 %),302600,4256580000,400,5500000,243625969,0.2
14/02/2019,255600,3626620000,0(0.00 %),256000,3632200000,400,5580000,243370369,0.31
15/02/2019,250000,3540000000,0(0.00 %),250000,3540000000,0,0,243120369,0.41
18/02/2019,-27114,-438363200,0(0.00 %),402600,5823060000,429714,6261423200,243147483,0.4
19/02/2019,-5600,-81810000,0(0.00 %),300,4330000,5900,86140000,243153083,0.4
20/02/2019,113400,1631760000,0(0.00 %),113400,1631760000,0,0,243039683,0.44
21/02/2019,-300,-4290000,0(0.00 %),0,0,300,4290000,243039983,0.44
22/02/2019,60900,859930000,0(0.00 %),70900,999950000,10000,140020000,242979083,0.47
25/02/2019,377300,5381370000,0(0.00 %),701000,9982910000,323700,4601540000,242601783,0.62
26/02/2019,-2000,-27600000,0(0.00 %),0,0,2000,27600000,242603783,0.62
27/02/2019,700,9730000,0(0.00 %),700,9730000,0,0,242603083,0.62
28/02/2019,0,-40000,0(0.00 %),200,2780000,200,2820000,242603083,522.96
01/03/2019,0,0,0(0.00 %),0,0,0,0,244119369,0.0
04/03/2019,-199900,-2807420000,0(0.00 %),500,7050000,200400,2814470000,244319269,0.0
05/03/2019,371100,5297090000,0(0.00 %),1021500,14687870000,650400,9390780000,243948169,0.07
06/03/2019,42100,601860000,0(0.00 %),42100,601860000,0,0,243906069,0.09
07/03/2019,-505341,-7339644500,0(0.00 %),37000,535700000,542341,7875344500,244411410,0.0
08/03/2019,1100,15800000,0(0.00 %),1100,15800000,0,0,244410310,0.0
11/03/2019,1200,16750000,0(0.00 %),1200,16750000,0,0,244409110,0.0
12/03/2019,-999500,-14009430000,0(0.00 %),500,7020000,1000000,14016450000,245408610,0.0
13/03/2019,-778500,-10828890000,0(0.00 %),3100,43030000,781600,10871920000,246187110,0.0
14/03/2019,-150500,-2074090000,0(0.00 %),700,9590000,151200,2083680000,246337610,0.0
15/03/2019,-690200,-9663340000,0(0.00 %),200,2800000,690400,9666140000,247027810,0.0
18/03/2019,-1147190,-15942290000,0(0.00 %),2810,38810000,1150000,15981100000,248175000,0.0
19/03/2019,-717590,-9921141000,0(0.00 %),17510,239789000,735100,10160930000,248892590,0.0
20/03/2019,-163200,-2189610000,0(0.00 %),7800,105400000,171000,2295010000,249055790,0.0
21/03/2019,-390900,-5255880000,0(0.00 %),39800,539830000,430700,5795710000,249446690,0.0
22/03/2019,1930,25359000,0(0.00 %),1930,25359000,0,0,249444760,0.0
25/03/2019,-9100,-116450000,0(0.00 %),3900,50050000,13000,166500000,249453860,0.0
26/03/2019,-195600,-2505340000,0(0.00 %),5000,64100000,200600,2569440000,249649460,0.0
27/03/2019,12800,168080000,0(0.00 %),14500,190500000,1700,22420000,249636660,0.0
28/03/2019,-947800,-12284440000,0(0.00 %),7200,92200000,955000,12376640000,250584460,0.0
29/03/2019,-713500,-9112550000,0(0.00 %),38000,485650000,751500,9598200000,251297960,0.0
01/04/2019,-676600,-8506340000,0(0.00 %),2400,30000000,679000,8536340000,244116969,0.0
02/04/2019,-194000,-2467300000,0(0.00 %),6000,76700000,200000,2544000000,244310969,0.0
03/04/2019,-42200,-542430000,0(0.00 %),173800,2225520000,216000,2767950000,244353169,0.0
04/04/2019,-278800,-3658440000,0(0.00 %),4200,55460000,283000,3713900000,244631969,0.0
05/04/2019,300,3870000,0(0.00 %),300,3870000,0,0,244631669,0.0
08/04/2019,53200,702440000,0(0.00 %),55400,731280000,2200,28840000,244578469,0.0
09/04/2019,-2300,-30890000,0(0.00 %),200,2660000,2500,33550000,244580769,0.0
10/04/2019,-173600,-2274160000,0(0.00 %),3500,45850000,177100,2320010000,244754369,0.0
11/04/2019,50800,665400000,0(0.00 %),50800,665400000,0,0,244703569,0.0
12/04/2019,-58250,-741720000,0(0.00 %),211750,2751580000,270000,3493300000,244761819,0.0
16/04/2019,269800,3490970000,0(0.00 %),449800,5795970000,180000,2305000000,244492019,0.0
17/04/2019,-371400,-4813440000,0(0.00 %),158100,2039550000,529500,6852990000,244863419,0.0
18/04/2019,-200,-2560000,0(0.00 %),0,0,200,2560000,244863619,0.0
19/04/2019,-7500,-95250000,0(0.00 %),0,0,7500,95250000,244871119,0.0
22/04/2019,156000,2012400000,0(0.00 %),201000,2592900000,45000,580500000,244715119,0.0
23/04/2019,64700,844390000,0(0.00 %),274400,3558780000,209700,2714390000,244650419,0.0
24/04/2019,774100,10568390000,0(0.00 %),1495600,20153840000,721500,9585450000,243876319,0.1
25/04/2019,1188100,16682720000,0(0.00 %),1252800,17589020000,64700,906300000,242688219,0.59
26/04/2019,335400,4694950000,0(0.00 %),403600,5652750000,68200,957800000,242352819,0.72
02/05/2019,380000,5303200000,0(0.00 %),480000,6698000000,100000,1394800000,243639369,0.2
03/05/2019,-176600,-2425710000,0(0.00 %),0,0,176600,2425710000,243815969,0.12
06/05/2019,-46600,-620850000,0(0.00 %),4400,58140000,51000,678990000,243862569,0.11
07/05/2019,-100000,-1330300000,0(0.00 %),0,0,100000,1330300000,243962569,0.06
08/05/2019,-382990,-5040326000,0(0.00 %),10010,134134000,393000,5174460000,244345559,0.0
09/05/2019,-261200,-3448410000,0(0.00 %),400,5280000,261600,3453690000,244606759,0.0
10/05/2019,-336700,-4524760000,0(0.00 %),400,5420000,337100,4530180000,244943459,0.0
13/05/2019,147500,2056120000,0(0.00 %),350400,4827460000,202900,2771340000,244795959,0.0
14/05/2019,-109900,-1519410000,0(0.00 %),400,5560000,110300,1524970000,244905859,0.0
15/05/2019,-4800,-66720000,0(0.00 %),800,11220000,5600,77940000,244910659,0.0
16/05/2019,-2100,-29400000,0(0.00 %),0,0,2100,29400000,244912759,0.0
17/05/2019,-174800,-2491370000,0(0.00 %),1100,15700000,175900,2507070000,245087559,0.0
20/05/2019,0,0,0(0.00 %),300,4320000,300,4320000,245087559,0.0
21/05/2019,-90600,-1285390000,0(0.00 %),400,5660000,91000,1291050000,245178159,0.0
22/05/2019,-151700,-2117820000,0(0.00 %),400,5580000,152100,2123400000,245329859,0.0
23/05/2019,-24900,-343680000,0(0.00 %),205400,2830060000,230300,3173740000,245354759,0.0
24/05/2019,-343700,-4705110000,0(0.00 %),36300,490180000,380000,5195290000,245698459,0.0
27/05/2019,124400,1692540000,0(0.00 %),260000,3536000000,135600,1843460000,245574059,0.0
28/05/2019,145000,2002290000,0(0.00 %),245000,3381000000,100000,1378710000,245429059,0.0
29/05/2019,269700,3721980000,0(0.00 %),304700,4204860000,35000,482880000,245159359,0.0
30/05/2019,24110,335619000,0(0.00 %),137110,1893119000,113000,1557500000,245135249,0.0
31/05/2019,-80300,-1075850000,0(0.00 %),78700,1078170000,159000,2154020000,245215549,0.0
03/06/2019,-79600,-1047520000,0(0.00 %),1000,13200000,80600,1060720000,244118369,0.0
04/06/2019,570000,7479050000,0(0.00 %),605000,7934050000,35000,455000000,243548369,0.23
05/06/2019,-54800,-724070000,0(0.00 %),200,2620000,55000,726690000,243603169,0.21
06/06/2019,-35000,-455700000,0(0.00 %),0,0,35000,455700000,243638169,0.2
07/06/2019,-5100,-67310000,0(0.00 %),0,0,5100,67310000,243643269,0.2
10/06/2019,-87400,-1157990000,0(0.00 %),100,1330000,87500,1159320000,243730669,0.16
11/06/2019,-270000,-3531000000,0(0.00 %),1000,13100000,271000,3544100000,244000669,0.05
12/06/2019,-150850,-1945350000,0(0.00 %),150,1950000,151000,1947300000,243881519,0.1
13/06/2019,-60000,-771660000,0(0.00 %),0,0,60000,771660000,243941519,0.07
14/06/2019,-244000,-3157640000,0(0.00 %),200,2580000,244200,3160220000,244185519,0.0
17/06/2019,-81200,-1047520000,0(0.00 %),0,0,81200,1047520000,244266719,0.0
18/06/2019,-671100,-8561130000,0(0.00 %),200,2580000,671300,8563710000,244937819,0.0
19/06/2019,-279350,-3566340000,0(0.00 %),100,1290000,279450,3567630000,245217169,0.0
20/06/2019,-73500,-947100000,0(0.00 %),0,0,73500,947100000,245290669,0.0
21/06/2019,-120000,-1540500000,0(0.00 %),200,2580000,120200,1543080000,245410669,0.0
24/06/2019,-100000,-1280000000,0(0.00 %),0,0,100000,1280000000,245510669,0.0
25/06/2019,-4800,-61440000,0(0.00 %),200,2560000,5000,64000000,245515469,0.0
26/06/2019,0,0,0(0.00 %),0,0,0,0,245515469,0.0
27/06/2019,-82500,-1028800000,0(0.00 %),0,0,82500,1028800000,245597969,0.0
28/06/2019,-105600,-1307240000,0(0.00 %),5000,61500000,110600,1368740000,245703569,0.0
01/07/2019,-200000,-2492930000,0(0.00 %),0,0,200000,2492930000,244119369,0.0
02/07/2019,-219000,-2715500000,0(0.00 %),1000,12500000,220000,2728000000,244338369,0.0
03/07/2019,-109900,-1352760000,0(0.00 %),5100,63240000,115000,1416000000,244448269,0.0
04/07/2019,-335100,-4103390000,0(0.00 %),4900,60270000,340000,4163660000,244783369,0.0
05/07/2019,3000,36750000,0(0.00 %),3000,36750000,0,0,244780369,0.0
08/07/2019,-95000,-1153300000,0(0.00 %),0,0,95000,1153300000,244875369,0.0
09/07/2019,-183100,-2202610000,0(0.00 %),2900,34990000,186000,2237600000,245058469,0.0
10/07/2019,407500,5013040000,0(0.00 %),690000,8461100000,282500,3448060000,244650969,0.0
11/07/2019,-184800,-2254640000,0(0.00 %),200,2420000,185000,2257060000,244835769,0.0
12/07/2019,118610,1447293000,0(0.00 %),342010,4172773000,223400,2725480000,244717159,0.0
15/07/2019,-192800,-2324250000,0(0.00 %),200,2400000,193000,2326650000,244909959,0.0
16/07/2019,-86000,-1025500000,0(0.00 %),0,0,86000,1025500000,244995959,0.0
17/07/2019,-109100,-1282910000,0(0.00 %),900,10690000,110000,1293600000,245105059,0.0
18/07/2019,4500,54260000,0(0.00 %),12200,145160000,7700,90900000,245100559,0.0
19/07/2019,-695300,-8109860000,0(0.00 %),1000,11500000,696300,8121360000,245795859,0.0
22/07/2019,-111000,-1259710000,0(0.00 %),12000,136800000,123000,1396510000,245906859,0.0
23/07/2019,-142900,-1590200000,0(0.00 %),30100,335120000,173000,1925320000,246049759,0.0
24/07/2019,-127200,-1381760000,0(0.00 %),10500,116800000,137700,1498560000,246176959,0.0
25/07/2019,740000,8343550000,0(0.00 %),862700,9721250000,122700,1377700000,245436959,0.0
26/07/2019,910800,10457600000,0(0.00 %),1028400,11801200000,117600,1343600000,244526159,0.0
29/07/2019,178000,2012600000,0(0.00 %),301000,3390200000,123000,1377600000,244348159,0.0
30/07/2019,247600,2738960000,0(0.00 %),322100,3557000000,74500,818040000,244100559,0.01
31/07/2019,195800,2143230000,0(0.00 %),302000,3291800000,106200,1148570000,243904759,0.09
01/08/2019,189700,2090730000,0(0.00 %),300000,3304000000,110300,1213270000,243819369,0.12
02/08/2019,87400,968360000,0(0.00 %),307400,3344660000,220000,2376300000,243731969,0.16
05/08/2019,-123000,-1249880000,0(0.00 %),309500,3224650000,432500,4474530000,243854969,0.11
06/08/2019,210500,2109850000,0(0.00 %),310500,3104600000,100000,994750000,243644469,0.19
07/08/2019,-91900,-916200000,0(0.00 %),8100,81050000,100000,997250000,243736369,0.16
08/08/2019,-27000,-263380000,0(0.00 %),74200,727180000,101200,990560000,243763369,0.15
09/08/2019,-100000,-991940000,0(0.00 %),0,0,100000,991940000,243863369,0.1
12/08/2019,-400,-4040000,0(0.00 %),0,0,400,4040000,243863769,0.1
13/08/2019,0,0,0(0.00 %),0,0,0,0,243863769,0.1
14/08/2019,-51800,-505940000,0(0.00 %),32200,317260000,84000,823200000,243915569,0.08
15/08/2019,1800,17280000,0(0.00 %),2000,19200000,200,1920000,243913769,0.08
16/08/2019,170800,1640800000,0(0.00 %),205000,1968000000,34200,327200000,243742969,0.15
19/08/2019,-64900,-624780000,0(0.00 %),100,960000,65000,625740000,243807869,0.13
20/08/2019,-60310,-571957000,0(0.00 %),200,1890000,60510,573847000,243868179,0.1
21/08/2019,-51400,-483160000,0(0.00 %),100,940000,51500,484100000,243919579,0.08
22/08/2019,-22100,-200560000,0(0.00 %),35900,336520000,58000,537080000,243941679,0.07
23/08/2019,-70800,-660790000,0(0.00 %),11700,107630000,82500,768420000,244012479,0.04
26/08/2019,-253200,-2307910000,0(0.00 %),2800,26040000,256000,2333950000,244265679,0.0
27/08/2019,-262300,-2394470000,0(0.00 %),8700,80040000,271000,2474510000,244527979,0.0
28/08/2019,-52500,-482000000,0(0.00 %),10000,92000000,62500,574000000,244580479,0.0
29/08/2019,51500,468800000,0(0.00 %),51500,468800000,0,0,244528979,0.0
30/08/2019,0,0,0(0.00 %),0,0,0,0,244528979,0.0
03/09/2019,-62000,-574800000,0(0.00 %),14000,132000000,76000,706800000,244105369,0.01
04/09/2019,-52000,-472820000,0(0.00 %),10000,92000000,62000,564820000,244157369,0.0
05/09/2019,-40500,-367420000,0(0.00 %),5500,50050000,46000,417470000,244197869,0.0
06/09/2019,-82000,-740200000,0(0.00 %),18000,163800000,100000,904000000,244279869,0.0
09/09/2019,-49700,-447270000,0(0.00 %),300,2730000,50000,450000000,244329569,0.0
10/09/2019,300,2680000,0(0.00 %),300,2680000,0,0,244329269,0.0
11/09/2019,-566700,-4936830000,0(0.00 %),11700,101790000,578400,5038620000,244895969,0.0
12/09/2019,5400,47520000,0(0.00 %),5400,47520000,0,0,244890569,0.0
13/09/2019,5200,45760000,0(0.00 %),5200,45760000,0,0,244885369,0.0
16/09/2019,-327655,-3003866000,0(0.00 %),407200,3756800000,734855,6760666000,245213024,0.0
17/09/2019,-399800,-3698140000,0(0.00 %),200,1860000,400000,3700000000,245612824,0.0
18/09/2019,-1852000,-18700690000,0(0.00 %),38000,389100000,1890000,19089790000,247464824,0.0
19/09/2019,-142000,-1411100000,0(0.00 %),58000,568900000,200000,1980000000,247606824,0.0
20/09/2019,-135200,-1332560000,0(0.00 %),44800,435660000,180000,1768220000,247742024,0.0
23/09/2019,55200,519400000,0(0.00 %),55200,519400000,0,0,247686824,0.0
24/09/2019,-4100,-38130000,0(0.00 %),0,0,4100,38130000,247690924,0.0
25/09/2019,-28320,-260436000,0(0.00 %),1980,18324000,30300,278760000,247719244,0.0
26/09/2019,7000,64400000,0(0.00 %),10000,92000000,3000,27600000,247712244,0.0
27/09/2019,-36800,-342240000,0(0.00 %),53200,494760000,90000,837000000,247749044,0.0
30/09/2019,261900,2521010000,0(0.00 %),1029100,9898130000,767200,7377120000,247487144,0.0
01/10/2019,-593200,-5695920000,0(0.00 %),59800,573880000,653000,6269800000,244059569,0.02
02/10/2019,-417000,-3906100000,0(0.00 %),0,0,417000,3906100000,244476569,0.0
03/10/2019,0,0,0(0.00 %),0,0,0,0,244476569,0.0
04/10/2019,-264700,-2444240000,0(0.00 %),0,0,264700,2444240000,244741269,0.0
07/10/2019,-351000,-3242700000,0(0.00 %),140100,1465050000,491100,4707750000,245092269,0.0
08/10/2019,-878100,-8501620000,0(0.00 %),1000,9800000,879100,8511420000,245970369,0.0
09/10/2019,-270000,-2596680000,0(0.00 %),0,0,270000,2596680000,246240369,0.0
10/10/2019,-412900,-3963390000,0(0.00 %),40000,384000000,452900,4347390000,246653269,0.0
11/10/2019,-556480,-5505122000,0(0.00 %),212000,2078800000,768480,7583922000,247209749,0.0
14/10/2019,-207600,-2042510000,0(0.00 %),1000,9800000,208600,2052310000,247417349,0.0
15/10/2019,36000,345600000,0(0.00 %),300000,2880000000,264000,2534400000,247381349,0.0
16/10/2019,-240000,-2303800000,0(0.00 %),0,0,240000,2303800000,247621349,0.0
17/10/2019,-170000,-1620000000,0(0.00 %),50000,475000000,220000,2095000000,247791349,0.0
18/10/2019,-229000,-2175500000,0(0.00 %),1000,9500000,230000,2185000000,248020349,0.0
21/10/2019,-220000,-2090000000,0(0.00 %),0,0,220000,2090000000,248240349,0.0
22/10/2019,-763500,-7219540000,0(0.00 %),302900,2847260000,1066400,10066800000,249003849,0.0
23/10/2019,-635300,-6105850000,0(0.00 %),0,0,635300,6105850000,249639149,0.0
24/10/2019,-1228600,-11794560000,0(0.00 %),0,0,1228600,11794560000,250867749,0.0
25/10/2019,-533700,-5249930000,0(0.00 %),74300,713290000,608000,5963220000,251401449,0.0
28/10/2019,-142000,-1401600000,0(0.00 %),0,0,142000,1401600000,251543449,0.0
29/10/2019,-150000,-1455000000,0(0.00 %),0,0,150000,1455000000,251693449,0.0
30/10/2019,-199000,-1910300000,0(0.00 %),1000,9700000,200000,1920000000,251892449,0.0
31/10/2019,-542200,-5322660000,0(0.00 %),5000,49000000,547200,5371660000,252434649,0.0
01/11/2019,-200100,-1945970000,0(0.00 %),0,0,200100,1945970000,244119369,0.0
04/11/2019,-1202900,-12008600000,0(0.00 %),100,1000000,1203000,12009600000,245322269,0.0
05/11/2019,-710000,-7100000000,0(0.00 %),0,0,710000,7100000000,246032269,0.0
06/11/2019,-1027700,-10307500000,0(0.00 %),0,0,1027700,10307500000,247059969,0.0
07/11/2019,-31900,-315510000,0(0.00 %),100,990000,32000,316500000,247091869,0.0
08/11/2019,-283200,-2832200000,0(0.00 %),0,0,283200,2832200000,247375069,0.0
11/11/2019,141000,1395900000,0(0.00 %),141000,1395900000,0,0,247234069,0.0
12/11/2019,-1509400,-15114340000,0(0.00 %),134000,1334000000,1643400,16448340000,248743469,0.0
13/11/2019,-1005000,-10079830000,0(0.00 %),0,0,1005000,10079830000,249748469,0.0
14/11/2019,480000,4800000000,0(0.00 %),1480000,14800000000,1000000,10000000000,249268469,0.0
15/11/2019,1215400,12432510000,0(0.00 %),2496200,25680410000,1280800,13247900000,248053069,0.0
18/11/2019,-97400,-991550000,0(0.00 %),0,0,97400,991550000,248150469,0.0
19/11/2019,1486000,15235535000,0(0.00 %),2000500,20482945000,514500,5247410000,246664469,0.0
20/11/2019,-260800,-2623410000,0(0.00 %),0,0,260800,2623410000,246925269,0.0
21/11/2019,0,0,0(0.00 %),0,0,0,0,246925269,0.0
22/11/2019,0,0,0(0.00 %),0,0,0,0,246925269,0.0
25/11/2019,0,0,0(0.00 %),0,0,0,0,246925269,0.0
26/11/2019,1000,9700000,0(0.00 %),1000,9700000,0,0,246924269,0.0
27/11/2019,-926400,-8818800000,0(0.00 %),15000,144000000,941400,8962800000,247850669,0.0
28/11/2019,10300,93340000,0(0.00 %),105100,993940000,94800,900600000,247840369,0.0
29/11/2019,194700,1830180000,0(0.00 %),199700,1877180000,5000,47000000,247645669,0.0
02/12/2019,-2000,-18200000,0(0.00 %),0,0,2000,18200000,244119369,0.0
03/12/2019,8600,77860000,0(0.00 %),9000,81500000,400,3640000,244110769,0.0
04/12/2019,5500,50500000,0(0.00 %),5500,50500000,0,0,244105269,0.01
05/12/2019,-84800,-784550000,0(0.00 %),316600,3322070000,401400,4106620000,244190069,0.0
06/12/2019,-5900,-53690000,0(0.00 %),0,0,5900,53690000,244195969,0.0
09/12/2019,0,0,0(0.00 %),0,0,0,0,244195969,0.0
10/12/2019,-285000,-2553320000,0(0.00 %),30000,267000000,315000,2820320000,244480969,0.0
11/12/2019,2400,20880000,0(0.00 %),2500,21760000,100,880000,244478569,0.0
12/12/2019,0,0,0(0.00 %),0,0,0,0,244478569,0.0
13/12/2019,0,0,0(0.00 %),0,0,0,0,244478569,0.0
16/12/2019,-48600,-422820000,0(0.00 %),50000,435000000,98600,857820000,244527169,0.0
17/12/2019,-591800,-5046420000,0(0.00 %),200,1700000,592000,5048120000,245118969,0.0
18/12/2019,-107900,-889470000,0(0.00 %),23600,194730000,131500,1084200000,245226869,0.0
19/12/2019,36500,294330000,0(0.00 %),36500,294330000,0,0,245190369,0.0
20/12/2019,0,0,0(0.00 %),0,0,0,0,245190369,0.0
23/12/2019,0,0,0(0.00 %),0,0,0,0,245190369,0.0
24/12/2019,51600,428270000,0(0.00 %),51600,428270000,0,0,245138769,0.0
25/12/2019,200,1660000,0(0.00 %),200,1660000,0,0,245138569,0.0
26/12/2019,-458900,-3722560000,0(0.00 %),33700,275980000,492600,3998540000,245597469,0.0
27/12/2019,-100000,-806910000,0(0.00 %),200000,1623090000,300000,2430000000,245697469,0.0
30/12/2019,0,0,0(0.00 %),0,0,0,0,245697469,0.0
31/12/2019,0,0,0(0.00 %),36200,333040000,36200,333040000,245697469,0.0
02/01/2020,-609500,-4928950000,0(0.00 %),20000,162000000,629500,5090950000,244099369,0.01
03/01/2020,-600000,-4888570000,0(0.00 %),0,0,600000,4888570000,244699369,0.0
06/01/2020,-189700,-1584980000,0(0.00 %),410300,3451520000,600000,5036500000,244889069,0.0
07/01/2020,-599500,-4942720000,0(0.00 %),500,4250000,600000,4946970000,245488569,0.0
08/01/2020,-260900,-2069150000,0(0.00 %),205200,1697460000,466100,3766610000,245749469,0.0
09/01/2020,-540000,-4295830000,0(0.00 %),100,790000,540100,4296620000,246289469,0.0
10/01/2020,14000,108420000,0(0.00 %),20200,155560000,6200,47140000,246275469,0.0
13/01/2020,-790000,-5900660000,0(0.00 %),10000,76000000,800000,5976660000,247065469,0.0
14/01/2020,-432100,-3187970000,0(0.00 %),41400,302860000,473500,3490830000,247497569,0.0
15/01/2020,-115700,-838510000,0(0.00 %),43100,314640000,158800,1153150000,247613269,0.0
16/01/2020,-499500,-3663410000,0(0.00 %),500,3650000,500000,3667060000,244118869,-51.0
17/01/2020,500,3600000,0(0.00 %),36200,307050000,35700,303450000,244118869,-51.0
21/01/2020,5300000,43680220000,0(0.00 %),5300000,43680220000,0,0,238819369,-48.83
22/01/2020,-153600,-1305800000,0(0.00 %),403000,3380200000,556600,4686000000,238972969,2.11
30/01/2020,680400,5505270000,0(0.00 %),1688000,13667830000,1007600,8162560000,238292569,2.39
31/01/2020,-109800,-867480000,0(0.00 %),200,1520000,110000,869000000,238402369,2.34
03/02/2020,930500,6770140000,0(0.00 %),930500,6770140000,0,0,243188869,0.38
04/02/2020,0,0,0(0.00 %),0,0,0,0,243188869,0.38
05/02/2020,-200,-1500000,0(0.00 %),0,0,200,1500000,243189069,0.38
06/02/2020,50,385000,0(0.00 %),50,385000,0,0,243189019,0.38
07/02/2020,1552037,10245724900,0(0.00 %),1552037,10245724900,0,0,241636982,1.02
10/02/2020,0,0,0(0.00 %),0,0,0,0,241636982,1.02
11/02/2020,113,858800,0(0.00 %),113,858800,0,0,241636869,1.02
12/02/2020,199813,1558561400,0(0.00 %),200000,1560000000,187,1438600,241437056,1.1
13/02/2020,7,54600,0(0.00 %),7,54600,0,0,241437049,1.1
14/02/2020,5400,42130000,0(0.00 %),5500,42900000,100,770000,241431649,1.1
17/02/2020,0,0,0(0.00 %),0,0,0,0,241431649,1.1
18/02/2020,40000,304000000,0(0.00 %),40000,304000000,0,0,241391649,1.12
19/02/2020,51000,387600000,0(0.00 %),51000,387600000,0,0,241340649,1.14
20/02/2020,80,622000,0(0.00 %),40900,270180000,40820,269558000,241340569,1.14
21/02/2020,-2000,-15400000,0(0.00 %),0,0,2000,15400000,241342569,1.14
24/02/2020,0,0,0(0.00 %),0,0,0,0,241342569,1.14
25/02/2020,103000,738950000,0(0.00 %),103000,738950000,0,0,241239569,1.18
26/02/2020,41800,305140000,0(0.00 %),41800,305140000,0,0,241197769,1.2
27/02/2020,0,0,0(0.00 %),0,0,0,0,241197769,1.2
28/02/2020,0,0,0(0.00 %),0,0,0,0,241197769,1.2
02/03/2020,200,1480000,0(0.00 %),200,1480000,0,0,244119169,0.0
03/03/2020,546700,4359220000,0(0.00 %),546700,4359220000,0,0,243572469,0.22
04/03/2020,529700,3601960000,0(0.00 %),529700,3601960000,0,0,243042769,0.44
05/03/2020,1374500,9892270000,0(0.00 %),1500000,10929970000,125500,1037700000,241668269,1.0
06/03/2020,0,0,0(0.00 %),0,0,0,0,241668269,1.0
09/03/2020,-489900,-3426520000,0(0.00 %),10100,68720000,500000,3495240000,242158169,0.8
10/03/2020,283600,2020100000,0(0.00 %),804500,5673620000,520900,3653520000,241874569,0.92
11/03/2020,-827000,-5863980000,0(0.00 %),63800,456360000,890800,6320340000,244055569,-50.97
12/03/2020,1265920,8565260000,0(0.00 %),2583020,17564540000,1317100,8999280000,241536349,-49.94
13/03/2020,9000,60500000,0(0.00 %),10000,67000000,1000,6500000,241527349,1.06
16/03/2020,-180000,-1224000000,0(0.00 %),0,0,180000,1224000000,241707349,0.99
17/03/2020,-400,-2720000,0(0.00 %),0,0,400,2720000,241707749,0.99
18/03/2020,-4214600,-28294960000,0(0.00 %),29500,197600000,4244100,28492560000,245922349,0.0
19/03/2020,-1129000,-7136700000,0(0.00 %),11000,69300000,1140000,7206000000,247051349,0.0
20/03/2020,-3800400,-23784407800,0(0.00 %),653000,4157800000,4453400,27942207800,250851749,0.0
23/03/2020,-1280400,-7191160000,0(0.00 %),63500,342900000,1343900,7534060000,252132149,0.0
24/03/2020,-37600,-212040000,0(0.00 %),0,0,37600,212040000,252169749,0.0
25/03/2020,-1185700,-6760490000,0(0.00 %),22500,128250000,1208200,6888740000,253355449,0.0
26/03/2020,18100,99550000,0(0.00 %),18100,99550000,0,0,253337349,0.0
27/03/2020,25400,130160000,0(0.00 %),195400,1065160000,170000,935000000,253311949,0.0
30/03/2020,-311000,-1520100000,0(0.00 %),0,0,311000,1520100000,253622949,0.0
31/03/2020,-489900,-2384500000,0(0.00 %),10100,48500000,500000,2433000000,254112849,518.24
01/04/2020,0,0,0(0.00 %),0,0,0,0,244119369,0.0
03/04/2020,-532500,-2915630000,0(0.00 %),3100,17040000,535600,2932670000,244651869,0.0
06/04/2020,1021500,6034240000,0(0.00 %),1091700,6454420000,70200,420180000,243630369,0.2
07/04/2020,-1029100,-5837350000,0(0.00 %),70900,400110000,1100000,6237460000,244659469,0.0
08/04/2020,-999600,-5580670000,0(0.00 %),400,2220000,1000000,5582890000,245659069,0.0
09/04/2020,-1667200,-9682510000,0(0.00 %),5300,30740000,1672500,9713250000,247326269,0.0
10/04/2020,-2000200,-11601160000,0(0.00 %),0,0,2000200,11601160000,249326469,520.2
13/04/2020,-1609500,-9329800000,0(0.00 %),25300,147840000,1634800,9477640000,250935969,0.0
14/04/2020,-1905200,-10635210000,0(0.00 %),100,560000,1905300,10635770000,252841169,0.0
15/04/2020,-793000,-4487100000,0(0.00 %),20000,114000000,813000,4601100000,253634169,0.0
16/04/2020,-1744050,-9797410000,0(0.00 %),550,3080000,1744600,9800490000,255378219,0.0
17/04/2020,-1531400,-9532320000,0(0.00 %),0,0,1531400,9532320000,256909619,0.0
20/04/2020,-3512600,-22503500000,0(0.00 %),18000,117550000,3530600,22621050000,260422219,0.0
21/04/2020,-739400,-4268280000,0(0.00 %),0,0,739400,4268280000,261161619,0.0
22/04/2020,7092,40402800,0(0.00 %),7100,40450000,8,47200,261154527,0.0
23/04/2020,-488942,-2888873600,0(0.00 %),21100,124500000,510042,3013373600,261643469,0.0
24/04/2020,-496500,-2984210000,0(0.00 %),3500,21200000,500000,3005410000,262139969,0.0
27/04/2020,200,1190000,0(0.00 %),200,1190000,0,0,262139769,0.0
28/04/2020,39,226200,0(0.00 %),39,226200,0,0,262139730,0.0
29/04/2020,3000,17500000,0(0.00 %),3000,17500000,0,0,262136730,0.0
04/05/2020,-100,-590000,0(0.00 %),0,0,100,590000,244119369,0.0
05/05/2020,-52300,-314000000,0(0.00 %),2000,11800000,54300,325800000,244171669,0.0
06/05/2020,-1173300,-7039800000,0(0.00 %),253000,1518000000,1426300,8557800000,243866369,-50.9
07/05/2020,-640000,-3840000000,0(0.00 %),500,3000000,640500,3843000000,244506369,0.0
08/05/2020,-802300,-4894030000,0(0.00 %),100,610000,802400,4894640000,245308669,0.0
11/05/2020,-1557700,-9765050000,0(0.00 %),82700,504470000,1640400,10269520000,246866369,0.0
12/05/2020,-1518479,-9566566700,0(0.00 %),1521,9433300,1520000,9576000000,248384848,0.0
13/05/2020,-1189400,-7520260000,0(0.00 %),1200,7560000,1190600,7527820000,249574248,0.0
14/05/2020,-326700,-2134880000,0(0.00 %),1000,6400000,327700,2141280000,249900948,0.0
15/05/2020,-299600,-1977410000,0(0.00 %),1900,12340000,301500,1989750000,250200548,0.0
18/05/2020,0,0,0(0.00 %),0,0,0,0,250200548,0.0
19/05/2020,500,3250000,0(0.00 %),500,3250000,0,0,250200048,0.0
20/05/2020,0,0,0(0.00 %),0,0,0,0,250200048,0.0
21/05/2020,110000,714960000,0(0.00 %),110400,717600000,400,2640000,250090048,0.0
22/05/2020,-123800,-804700000,0(0.00 %),0,0,123800,804700000,250213848,0.0
25/05/2020,-2176200,-13652480000,0(0.00 %),300400,1892480000,2476600,15544960000,252390048,0.0
26/05/2020,-1787000,-11258140000,0(0.00 %),323400,2136420000,2110400,13394560000,254177048,0.0
27/05/2020,-1356200,-8586260000,0(0.00 %),20800,133080000,1377000,8719340000,255533248,0.0
28/05/2020,116100,731350000,0(0.00 %),116900,736430000,800,5080000,255417148,0.0
29/05/2020,0,0,0(0.00 %),0,0,0,0,255417148,517.71
01/06/2020,100,640000,0(0.00 %),100,640000,0,0,244119269,0.0
02/06/2020,164600,1033910000,0(0.00 %),185400,1169070000,20800,135160000,243954669,0.07
03/06/2020,-1270,-8697000,0(0.00 %),2130,15103000,3400,23800000,243955939,0.07
04/06/2020,13250,81190000,0(0.00 %),54400,398000000,41150,316810000,243942689,0.07
05/06/2020,-249300,-1919510000,0(0.00 %),1700,13090000,251000,1932600000,244191989,0.0
08/06/2020,-122000,-963400000,0(0.00 %),4000,32000000,126000,995400000,244313989,0.0
09/06/2020,100,870000,0(0.00 %),1100,8570000,1000,7700000,244313889,0.0
10/06/2020,-24100,-185670000,0(0.00 %),900,6830000,25000,192500000,244337989,0.0
11/06/2020,15600,103410000,0(0.00 %),40600,293410000,25000,190000000,244322389,0.0
12/06/2020,3500,16720000,0(0.00 %),67600,471440000,64100,454720000,244318889,0.0
15/06/2020,-195900,-1332260000,0(0.00 %),5000,34000000,200900,1366260000,244514789,0.0
16/06/2020,7100,49700000,0(0.00 %),7100,49700000,0,0,244507689,0.0
17/06/2020,2100,14700000,0(0.00 %),2100,14700000,0,0,244505589,0.0
18/06/2020,0,0,0(0.00 %),0,0,0,0,244505589,0.0
19/06/2020,-131500,-976370000,0(0.00 %),39600,287160000,171100,1263530000,244637089,0.0
22/06/2020,28700,213350000,0(0.00 %),28700,213350000,0,0,244608389,0.0
23/06/2020,3300,24110000,0(0.00 %),3300,24110000,0,0,244605089,0.0
24/06/2020,2000,14600000,0(0.00 %),2000,14600000,0,0,244603089,0.0
25/06/2020,-200,-1460000,0(0.00 %),400,2800000,600,4260000,244118969,-51.0
26/06/2020,-7100,-51120000,0(0.00 %),0,0,7100,51120000,244126069,0.0
29/06/2020,89000,620800000,0(0.00 %),89000,620800000,0,0,244037069,0.03
30/06/2020,-100,-690000,0(0.00 %),0,0,100,690000,244037169,0.03
01/07/2020,57600,398000000,0(0.00 %),57700,398700000,100,700000,244061669,0.02
02/07/2020,75500,528550000,0(0.00 %),78500,549550000,3000,21000000,243986169,0.05
03/07/2020,0,0,0(0.00 %),0,0,0,0,243986169,0.05
06/07/2020,0,0,0(0.00 %),0,0,0,0,243986169,0.05
07/07/2020,0,0,0(0.00 %),0,0,0,0,243986169,0.05
08/07/2020,144100,1019500000,0(0.00 %),144100,1019500000,0,0,243842069,0.11
09/07/2020,52200,375840000,0(0.00 %),72200,519840000,20000,144000000,243789869,0.13
10/07/2020,0,0,0(0.00 %),0,0,0,0,243789869,0.13
13/07/2020,0,0,0(0.00 %),99500,805950000,99500,805950000,243789869,0.13
14/07/2020,7140,49994000,0(0.00 %),7140,49994000,0,0,243782729,0.14
15/07/2020,0,0,0(0.00 %),0,0,0,0,243782729,0.14
16/07/2020,-149500,-1059450000,0(0.00 %),0,0,149500,1059450000,243932229,0.08
17/07/2020,83000,589300000,0(0.00 %),83000,589300000,0,0,243849229,0.11
20/07/2020,0,0,0(0.00 %),0,0,0,0,243849229,0.11
21/07/2020,-1127900,-7669700000,0(0.00 %),22500,153020000,1150400,7822720000,244977129,0.0
22/07/2020,50000,340000000,0(0.00 %),139900,1041220000,89900,701220000,244927129,0.0
23/07/2020,20400,136720000,0(0.00 %),20400,136720000,0,0,244906729,0.0
24/07/2020,50000,327600000,0(0.00 %),50000,327600000,0,0,244856729,0.0
27/07/2020,21400,126200000,0(0.00 %),22700,133610000,1300,7410000,244835329,0.0
28/07/2020,-85700,-523240000,0(0.00 %),4200,24150000,89900,547390000,244921029,0.0
29/07/2020,3200,18840000,0(0.00 %),3200,18840000,0,0,244917829,0.0
30/07/2020,0,0,0(0.00 %),0,0,0,0,244917829,0.0
31/07/2020,212800,1255520000,0(0.00 %),212800,1255520000,0,0,244705029,0.0
03/08/2020,200,1200000,0(0.00 %),200,1200000,0,0,244119169,0.0
04/08/2020,-1200,-7280000,0(0.00 %),500,3100000,1700,10380000,244120369,0.0
05/08/2020,0,0,0(0.00 %),0,0,0,0,244120369,0.0
06/08/2020,1000,6300000,0(0.00 %),77500,549450000,76500,543150000,244119369,0.0
07/08/2020,-14700,-91140000,0(0.00 %),0,0,14700,91140000,244134069,0.0
10/08/2020,-4100,-25830000,0(0.00 %),0,0,4100,25830000,244138169,0.0
11/08/2020,300,1840000,0(0.00 %),800,4990000,500,3150000,244137869,0.0
12/08/2020,-100,-640000,0(0.00 %),0,0,100,640000,244137969,0.0
13/08/2020,-75500,-487750000,0(0.00 %),1000,6500000,76500,494250000,244213469,0.0
14/08/2020,0,0,0(0.00 %),0,0,0,0,244213469,0.0
17/08/2020,0,0,0(0.00 %),0,0,0,0,244213469,0.0
18/08/2020,-3000,-18900000,0(0.00 %),68200,491040000,71200,509940000,244216469,0.0
19/08/2020,105000,672000000,0(0.00 %),105000,672000000,0,0,244111469,0.0
20/08/2020,214500,1372850000,0(0.00 %),215000,1376000000,500,3150000,243896969,0.09
21/08/2020,2000,12800000,0(0.00 %),2000,12800000,0,0,243894969,0.09
24/08/2020,-38500,-247380000,0(0.00 %),29700,195920000,68200,443300000,243933469,0.08
25/08/2020,400,2680000,0(0.00 %),400,2680000,0,0,243933069,0.08
26/08/2020,-40000,-268000000,0(0.00 %),0,0,40000,268000000,243973069,0.06
27/08/2020,-20000,-132000000,0(0.00 %),0,0,20000,132000000,243993069,0.05
28/08/2020,-230000,-1531000000,0(0.00 %),0,0,230000,1531000000,244223069,0.0
31/08/2020,-73700,-486420000,0(0.00 %),0,0,73700,486420000,244296769,0.0
01/09/2020,0,0,0(0.00 %),0,0,0,0,244119369,0.0
03/09/2020,0,0,0(0.00 %),0,0,0,0,244119369,0.0
04/09/2020,-80000,-528000000,0(0.00 %),0,0,80000,528000000,244199369,0.0
07/09/2020,4500,29700000,0(0.00 %),63100,469200000,58600,439500000,244194869,0.0
08/09/2020,0,0,0(0.00 %),0,0,0,0,244194869,0.0
10/09/2020,400,2640000,0(0.00 %),400,2640000,0,0,244194469,0.0
11/09/2020,0,0,0(0.00 %),0,0,0,0,244194469,0.0
14/09/2020,0,0,0(0.00 %),0,0,0,0,244194469,0.0
15/09/2020,-250,-1695000,0(0.00 %),50,345000,300,2040000,244194719,0.0
16/09/2020,-58600,-398480000,0(0.00 %),0,0,58600,398480000,244253319,0.0
17/09/2020,-400,-2720000,0(0.00 %),0,0,400,2720000,244253719,0.0
18/09/2020,0,0,0(0.00 %),0,0,0,0,244253719,0.0
21/09/2020,0,0,0(0.00 %),0,0,0,0,244253719,0.0
22/09/2020,0,0,0(0.00 %),0,0,0,0,244253719,0.0
23/09/2020,-9600,-65280000,0(0.00 %),0,0,9600,65280000,244263319,0.0
24/09/2020,0,0,0(0.00 %),0,0,0,0,244263319,0.0
25/09/2020,0,0,0(0.00 %),0,0,0,0,244263319,0.0
28/09/2020,-17700,-127270000,0(0.00 %),0,0,17700,127270000,244281019,0.0
29/09/2020,15000,111000000,0(0.00 %),15000,111000000,0,0,244266019,0.0
30/09/2020,0,0,0(0.00 %),0,0,0,0,244266019,0.0
01/10/2020,0,0,0(0.00 %),0,0,0,0,244119369,-51.0
02/10/2020,0,0,0(0.00 %),0,0,0,0,244119369,0.0
05/10/2020,0,0,0(0.00 %),0,0,0,0,244119369,0.0
06/10/2020,0,0,0(0.00 %),0,0,0,0,244119369,0.0
07/10/2020,0,0,0(0.00 %),0,0,0,0,244119369,0.0
08/10/2020,0,0,0(0.00 %),0,0,0,0,244119369,0.0
09/10/2020,0,0,0(0.00 %),0,0,0,0,244119369,0.0
12/10/2020,-85200,-612470000,0(0.00 %),0,0,85200,612470000,244204569,0.0
13/10/2020,-45300,-321630000,0(0.00 %),0,0,45300,321630000,244249869,0.0
14/10/2020,-69300,-489910000,0(0.00 %),0,0,69300,489910000,244319169,0.0
15/10/2020,500,3500000,0(0.00 %),500,3500000,0,0,244318669,0.0
16/10/2020,-140,-970000,0(0.00 %),0,0,140,970000,244318809,0.0
19/10/2020,0,0,0(0.00 %),0,0,0,0,244318809,0.0
20/10/2020,-40000,-290000000,0(0.00 %),0,0,40000,290000000,244358809,0.0
21/10/2020,0,0,0(0.00 %),0,0,0,0,244358809,0.0
22/10/2020,-500,-3550000,0(0.00 %),0,0,500,3550000,244359309,0.0
23/10/2020,-10000,-72000000,0(0.00 %),0,0,10000,72000000,244369309,0.0
26/10/2020,-11000,-77050000,0(0.00 %),1000,6950000,12000,84000000,244380309,0.0
27/10/2020,3000,20700000,0(0.00 %),10000,69000000,7000,48300000,244377309,0.0
28/10/2020,-62100,-416590000,0(0.00 %),41100,275370000,103200,691960000,244439409,0.0
29/10/2020,-11500,-75800000,0(0.00 %),5000,33000000,16500,108800000,244450909,0.0
30/10/2020,0,0,0(0.00 %),0,0,0,0,244450909,0.0
02/11/2020,0,0,0(0.00 %),0,0,0,0,244119369,0.0
03/11/2020,0,0,0(0.00 %),0,0,0,0,244119369,0.0
04/11/2020,5500,37400000,0(0.00 %),5500,37400000,0,0,244113869,0.0
05/11/2020,0,0,0(0.00 %),0,0,0,0,244113869,0.0
06/11/2020,0,0,0(0.00 %),0,0,0,0,244113869,0.0
09/11/2020,0,0,0(0.00 %),0,0,0,0,244113869,0.0
10/11/2020,16500,115500000,0(0.00 %),26500,186500000,10000,71000000,244097369,0.01
11/11/2020,0,0,0(0.00 %),0,0,0,0,244097369,0.01
12/11/2020,0,0,0(0.00 %),0,0,0,0,244097369,0.01
13/11/2020,0,0,0(0.00 %),0,0,0,0,244097369,0.01
16/11/2020,-14700,-103370000,0(0.00 %),0,0,14700,103370000,244112069,0.0
17/11/2020,-43800,-318530000,0(0.00 %),0,0,43800,318530000,244155869,0.0
18/11/2020,-11570,-85611000,0(0.00 %),0,0,11570,85611000,244167439,0.0
19/11/2020,90000,665000000,0(0.00 %),100000,740000000,10000,75000000,244077439,0.02
20/11/2020,-500,-3700000,0(0.00 %),0,0,500,3700000,244077939,0.02
25/11/2020,-102180,-774008000,0(0.00 %),0,0,102180,774008000,244180119,0.0
26/11/2020,-318700,-2314710000,0(0.00 %),5000,36500000,323700,2351210000,244498819,0.0
30/11/2020,21900,159720000,0(0.00 %),130000,936000000,108100,776280000,244476919,0.0
01/12/2020,-81500,-570350000,0(0.00 %),300000,2120000000,381500,2690350000,243819369,0.01
02/12/2020,-21500,-152650000,0(0.00 %),4000,28400000,25500,181050000,243840869,0.01
03/12/2020,19500,149210000,0(0.00 %),131000,956300000,111500,807090000,243821369,0.01
04/12/2020,142520,1054648000,0(0.00 %),142600,1055240000,80,592000,243678849,0.01
07/12/2020,-60100,-462770000,0(0.00 %),4900,37730000,65000,500500000,243738949,0.01
08/12/2020,-299700,-2307660000,0(0.00 %),300,2340000,300000,2310000000,244038649,0.0
09/12/2020,-115400,-941810000,0(0.00 %),2500,20750000,117900,962560000,244154049,0.0
10/12/2020,0,0,0(0.00 %),0,0,0,0,244154049,0.0
11/12/2020,2000,16600000,0(0.00 %),2000,16600000,0,0,244152049,0.0
14/12/2020,700,5980000,0(0.00 %),700,5980000,0,0,244151349,0.0
15/12/2020,60900,529660000,0(0.00 %),60900,529660000,0,0,244090449,0.0
17/12/2020,47200,415240000,0(0.00 %),50000,439400000,2800,24160000,244043249,0.0
18/12/2020,500,4550000,0(0.00 %),500,4550000,0,0,244042749,0.0
21/12/2020,4800,47120000,0(0.00 %),5000,49000000,200,1880000,244037949,0.0
22/12/2020,15000,146500000,0(0.00 %),15000,146500000,0,0,244022949,0.0
23/12/2020,157110,1526518000,0(0.00 %),167610,1628168000,10500,101650000,243865839,0.01
24/12/2020,92000,865280000,0(0.00 %),196000,1824900000,104000,959620000,243773839,0.01
25/12/2020,-23200,-213910000,0(0.00 %),16900,160040000,40100,373950000,243797039,0.01
28/12/2020,-600,-15700000,0(0.00 %),14400,138300000,15000,154000000,243797639,0.01
29/12/2020,-25400,-262480000,0(0.00 %),23000,230300000,48400,492780000,243823039,0.01
30/12/2020,3680,36868000,0(0.00 %),10000,100000000,6320,63132000,244109369,-51.0
31/12/2020,2500,24500000,0(0.00 %),3000,29400000,500,4900000,244106869,0.0
04/01/2021,-100,-1010000,0(0.00 %),300,3030000,400,4040000,244119069,0.0
05/01/2021,4700,47010000,0(0.00 %),4900,49010000,200,2000000,244114369,0.0
06/01/2021,-66200,-686630000,0(0.00 %),0,0,66200,686630000,244180569,0.0
07/01/2021,5200,53060000,0(0.00 %),9200,95960000,4000,42900000,244175369,0.0
08/01/2021,1300,14710000,0(0.00 %),3000,33500000,1700,18790000,244174069,0.0
11/01/2021,-6000,-72800000,0(0.00 %),4000,48200000,10000,121000000,244180069,0.0
12/01/2021,-123100,-1542920000,0(0.00 %),27300,337040000,150400,1879960000,244303169,0.0
13/01/2021,-534500,-6717390000,0(0.00 %),28500,358610000,563000,7076000000,244837669,0.0
14/01/2021,-289900,-3571660000,0(0.00 %),11100,136540000,301000,3708200000,245127569,0.0
15/01/2021,9900,123710000,0(0.00 %),10800,135110000,900,11400000,245117669,0.0
18/01/2021,-123300,-1528520000,0(0.00 %),300,3700000,123600,1532220000,245240969,0.0
19/01/2021,-19600,-226380000,0(0.00 %),42500,475680000,62100,702060000,245260569,0.0
20/01/2021,15000,173870000,0(0.00 %),15300,177350000,300,3480000,245245569,0.0
21/01/2021,-100,-1210000,0(0.00 %),0,0,100,1210000,245245669,0.0
22/01/2021,-4900,-58750000,0(0.00 %),500,6050000,5400,64800000,245250569,0.0
25/01/2021,-393100,-4532660000,0(0.00 %),3900,45520000,397000,4578180000,245643669,0.0
26/01/2021,-404000,-4427450000,0(0.00 %),3000,34050000,407000,4461500000,246047669,0.0
27/01/2021,-11600,-117760000,0(0.00 %),8400,90140000,20000,207900000,246059269,0.0
28/01/2021,22700,209510000,0(0.00 %),27700,254510000,5000,45000000,246036569,0.0
29/01/2021,31500,291030000,0(0.00 %),31500,291030000,0,0,246005069,0.0
01/02/2021,70700,661010000,0(0.00 %),78700,736710000,8000,75700000,244040669,0.0
02/02/2021,10600,99690000,0(0.00 %),11100,104340000,500,4650000,244108269,0.0
03/02/2021,-6200,-70980000,0(0.00 %),25900,268680000,32100,339660000,244114469,0.0
04/02/2021,28500,317200000,0(0.00 %),37000,410700000,8500,93500000,244085969,0.0
05/02/2021,0,0,0(0.00 %),0,0,0,0,244085969,0.0
09/02/2021,10400,116670000,0(0.00 %),10400,116670000,0,0,244108969,-51.0
17/02/2021,-55500,-668130000,0(0.00 %),4500,55270000,60000,723400000,244164469,0.0
18/02/2021,368600,4610240000,0(0.00 %),372600,4660240000,4000,50000000,243746269,0.01
19/02/2021,55940,674518000,0(0.00 %),63400,764050000,7460,89532000,243690329,0.01
22/02/2021,-110900,-1340540000,0(0.00 %),2200,26570000,113100,1367110000,243801229,0.01
23/02/2021,-57000,-706500000,0(0.00 %),7000,87500000,64000,794000000,243858229,0.01
24/02/2021,-17100,-208470000,0(0.00 %),2800,34280000,19900,242750000,243875329,0.01
25/02/2021,18000,221640000,0(0.00 %),20600,253360000,2600,31720000,243857329,0.01
26/02/2021,-40500,-496550000,0(0.00 %),9600,118880000,50100,615430000,243897829,0.01
01/03/2021,16100,233090000,0(0.00 %),33300,463170000,17200,230080000,244086069,0.0
02/03/2021,-66200,-904110000,0(0.00 %),16300,226390000,82500,1130500000,244152269,0.0
03/03/2021,-13000,-183790000,0(0.00 %),300,4110000,13300,187900000,244165269,0.0
04/03/2021,3256710,48550030000,0(0.00 %),3355110,50015850000,98400,1465820000,240908559,0.1
05/03/2021,2398700,38119710000,0(0.00 %),2596900,41265660000,198200,3145950000,238509859,0.18
08/03/2021,-45900,-750170000,0(0.00 %),53100,890680000,99000,1640850000,238555759,0.18
09/03/2021,1128000,17788440000,0(0.00 %),1318400,20800500000,190400,3012060000,237427759,0.22
10/03/2021,-12710,-198277000,0(0.00 %),0,0,12710,198277000,237440469,0.22
11/03/2021,44900,744920000,0(0.00 %),57200,947100000,12300,202180000,237395569,0.22
12/03/2021,18500,310430000,0(0.00 %),19800,331990000,1300,21560000,237377069,0.22
15/03/2021,1725,27810000,0(0.00 %),4725,77060000,3000,49250000,237375344,0.22
16/03/2021,-87200,-1400900000,0(0.00 %),11700,186480000,98900,1587380000,237462544,0.21
17/03/2021,-3000,-45670000,0(0.00 %),6000,98730000,9000,144400000,237465544,0.21
18/03/2021,900,14700000,0(0.00 %),2400,39100000,1500,24400000,237464644,0.21
19/03/2021,-12200,-196350000,0(0.00 %),800,12650000,13000,209000000,237476844,0.21
22/03/2021,0,-270000,0(0.00 %),2600,43820000,2600,44090000,237476844,0.21
23/03/2021,412200,6875080000,0(0.00 %),412200,6875080000,0,0,237064644,0.23
24/03/2021,381800,6172330000,0(0.00 %),400700,6479900000,18900,307570000,236682844,0.24
25/03/2021,631200,10319960000,0(0.00 %),711700,11639460000,80500,1319500000,236051644,0.26
26/03/2021,0,0,0(0.00 %),0,0,0,0,236051644,0.26
29/03/2021,4600,78920000,0(0.00 %),12600,210920000,8000,132000000,236047044,0.26
30/03/2021,2300,38000000,0(0.00 %),2900,47880000,600,9880000,236044744,0.26
31/03/2021,-69800,-1200550000,0(0.00 %),1600,26400000,71400,1226950000,236114544,0.26
01/04/2021,-43300,-782100000,0(0.00 %),900,16110000,44200,798210000,244118469,0.0
02/04/2021,3700,66530000,0(0.00 %),5000,89800000,1300,23270000,244114769,0.0
05/04/2021,-21300,-381740000,0(0.00 %),5200,91740000,26500,473480000,244136069,0.0
06/04/2021,-562500,-10062390000,0(0.00 %),3400,60840000,565900,10123230000,244698569,0.0
07/04/2021,5600,102070000,0(0.00 %),5900,107500000,300,5430000,244692969,0.0
08/04/2021,500,9570000,0(0.00 %),2000,36140000,1500,26570000,244692469,0.0
09/04/2021,2300,40700000,0(0.00 %),3200,56650000,900,15950000,244690169,0.0
12/04/2021,2100,33910000,0(0.00 %),32200,563920000,30100,530010000,244688069,0.0
13/04/2021,-395300,-6594210000,0(0.00 %),17700,301690000,413000,6895900000,245083369,0.0
14/04/2021,-15300,-258100000,0(0.00 %),1200,20640000,16500,278740000,245098669,0.0
16/04/2021,-163000,-2716540000,0(0.00 %),0,0,163000,2716540000,245261669,0.0
19/04/2021,-30500,-494790000,0(0.00 %),24500,396340000,55000,891130000,245292169,0.0
20/04/2021,8600,146440000,0(0.00 %),31200,518940000,22600,372500000,245283569,0.0
22/04/2021,-300,-6750000,0(0.00 %),11700,183250000,12000,190000000,245283869,0.0
23/04/2021,56600,854860000,0(0.00 %),56600,854860000,0,0,245227269,0.0
26/04/2021,-8000,-120300000,0(0.00 %),2000,30200000,10000,150500000,245235269,0.0
27/04/2021,-38200,-550690000,0(0.00 %),3300,47060000,41500,597750000,245273469,0.0
28/04/2021,-58700,-840550000,0(0.00 %),8800,125000000,67500,965550000,245332169,0.0
29/04/2021,-43900,-651440000,0(0.00 %),1100,16560000,45000,668000000,245376069,0.0
04/05/2021,-9000,-128700000,0(0.00 %),0,0,9000,128700000,244119369,0.0
05/05/2021,104800,1593000000,0(0.00 %),106000,1611800000,1200,18800000,244014569,0.0
06/05/2021,-1093900,-17122290000,0(0.00 %),9000,142340000,1102900,17264630000,245108469,0.0
07/05/2021,-1555600,-23467670000,0(0.00 %),200,2980000,1555800,23470650000,246664069,0.0
10/05/2021,-18200,-272580000,0(0.00 %),0,0,18200,272580000,246682269,0.0
11/05/2021,-4900,-74190000,0(0.00 %),8600,132360000,13500,206550000,246687169,0.0
12/05/2021,-1494200,-23627970000,0(0.00 %),600,9480000,1494800,23637450000,248181369,0.0
13/05/2021,-550000,-8747650000,0(0.00 %),500,7800000,550500,8755450000,248731369,0.0
14/05/2021,-1000100,-15455670000,0(0.00 %),3900,60330000,1004000,15516000000,249731469,0.0
17/05/2021,-739900,-11481390000,0(0.00 %),112100,1752700000,852000,13234090000,250471369,0.0
18/05/2021,-852800,-12999300000,0(0.00 %),200,3060000,853000,13002360000,251324169,0.0
19/05/2021,500,7510000,0(0.00 %),500,7510000,0,0,251323669,0.0
20/05/2021,-42200,-618920000,0(0.00 %),500,7320000,42700,626240000,251365869,0.0
21/05/2021,-3100,-46790000,0(0.00 %),0,0,3100,46790000,251368969,0.0
24/05/2021,-3500,-53420000,0(0.00 %),1700,26140000,5200,79560000,251372469,0.0
25/05/2021,-112500,-1759550000,0(0.00 %),8500,133350000,121000,1892900000,251484969,0.0
26/05/2021,25700,396820000,0(0.00 %),26500,409140000,800,12320000,251459269,0.0
27/05/2021,11700,175740000,0(0.00 %),11700,175740000,0,0,251447569,0.0
28/05/2021,-51600,-810260000,0(0.00 %),500,7700000,52100,817960000,251499169,0.0
31/05/2021,-33700,-569100000,0(0.00 %),7700,127010000,41400,696110000,251532869,0.0
01/06/2021,-94100,-1657650000,0(0.00 %),43400,759530000,137500,2417180000,244075969,0.0
02/06/2021,13100,241920000,0(0.00 %),49500,908750000,36400,666830000,244062869,0.0
03/06/2021,-68400,-1277150000,0(0.00 %),39400,736200000,107800,2013350000,244131269,0.0
04/06/2021,-55300,-1082700000,0(0.00 %),5500,105190000,60800,1187890000,244186569,0.0
07/06/2021,206700,4303940000,0(0.00 %),230200,4784320000,23500,480380000,243979869,0.0
08/06/2021,261300,5050150000,0(0.00 %),276200,5338860000,14900,288710000,243718569,0.01
09/06/2021,84900,1651470000,0(0.00 %),87100,1692240000,2200,40770000,243633669,0.02
10/06/2021,44400,835180000,0(0.00 %),44500,837040000,100,1860000,243589269,0.02
11/06/2021,47200,905810000,0(0.00 %),52200,1001790000,5000,95980000,243542069,0.02
14/06/2021,-47500,-960980000,0(0.00 %),3500,70190000,51000,1031170000,243589569,0.02
15/06/2021,10582,212904600,0(0.00 %),17782,359944600,7200,147040000,243578987,0.02
16/06/2021,17000,354370000,0(0.00 %),19400,405790000,2400,51420000,243561987,0.02
17/06/2021,-5800,-121640000,0(0.00 %),5500,117130000,11300,238770000,243567787,0.02
18/06/2021,35100,733570000,0(0.00 %),38100,796290000,3000,62720000,243532687,0.02
22/06/2021,36300,785540000,0(0.00 %),57400,1245600000,21100,460060000,243496387,0.02
23/06/2021,-319300,-6698850000,0(0.00 %),39300,834210000,358600,7533060000,243815687,0.01
24/06/2021,-99100,-2112590000,0(0.00 %),23200,489320000,122300,2601910000,243914787,0.01
25/06/2021,9800,207460000,0(0.00 %),23600,496420000,13800,288960000,243904987,0.01
28/06/2021,25800,558320000,0(0.00 %),34000,737200000,8200,178880000,243879187,0.01
29/06/2021,50400,1072770000,0(0.00 %),55700,1185880000,5300,113110000,243828787,0.01
30/06/2021,-11400,-242540000,0(0.00 %),100,2110000,11500,244650000,243840187,0.01
01/07/2021,-89500,-1797890000,0(0.00 %),50900,1058610000,140400,2856500000,244068469,0.0
02/07/2021,4700,99910000,0(0.00 %),9300,196520000,4600,96610000,244063769,0.0
05/07/2021,1400,26540000,0(0.00 %),4900,98290000,3500,71750000,244062369,0.0
06/07/2021,2400,36700000,0(0.00 %),44600,886640000,42200,849940000,244059969,0.0
07/07/2021,3100,59240000,0(0.00 %),16000,298130000,12900,238890000,244056869,0.0
08/07/2021,-6300,-117160000,0(0.00 %),3900,71580000,10200,188740000,244115469,-51.0
09/07/2021,2900,50130000,0(0.00 %),3900,68230000,1000,18100000,244112569,0.0
12/07/2021,111100,1848630000,0(0.00 %),111100,1848630000,0,0,244001469,0.0
13/07/2021,100,1330000,0(0.00 %),1600,27230000,1500,25900000,244001369,0.0
14/07/2021,-23800,-417430000,0(0.00 %),200,3520000,24000,420950000,244025169,0.0
15/07/2021,-2200,-39240000,0(0.00 %),1000,17400000,3200,56640000,244027369,0.0
16/07/2021,-43834,-793212000,0(0.00 %),7466,135088000,51300,928300000,244071203,0.0
19/07/2021,-51100,-875090000,0(0.00 %),3900,65110000,55000,940200000,244122303,0.0
20/07/2021,26100,430050000,0(0.00 %),40200,660710000,14100,230660000,244096203,0.0
21/07/2021,-2000,-33800000,0(0.00 %),0,0,2000,33800000,244098203,0.0
22/07/2021,9300,165000000,0(0.00 %),10400,183920000,1100,18920000,244088903,0.0
23/07/2021,10300,179670000,0(0.00 %),12300,215270000,2000,35600000,244078603,0.0
26/07/2021,-5700,-98050000,0(0.00 %),0,0,5700,98050000,244084303,0.0
27/07/2021,-59200,-1103840000,0(0.00 %),0,0,59200,1103840000,244143503,0.0
28/07/2021,7900,146600000,0(0.00 %),28400,535150000,20500,388550000,244135603,0.0
29/07/2021,10300,194760000,0(0.00 %),10300,194760000,0,0,244125303,0.0
30/07/2021,-3900,-74530000,0(0.00 %),11100,211970000,15000,286500000,244129203,0.0
02/08/2021,-2500,-48160000,0(0.00 %),400,7760000,2900,55920000,244118969,0.0
03/08/2021,36200,682310000,0(0.00 %),41900,790540000,5700,108230000,244082769,0.0
04/08/2021,450300,8752300000,0(0.00 %),461300,8966600000,11000,214300000,243632469,0.02
05/08/2021,196200,3808980000,0(0.00 %),201000,3902000000,4800,93020000,243436269,0.02
06/08/2021,194000,3815500000,0(0.00 %),196000,3855200000,2000,39700000,243242269,0.03
09/08/2021,91400,1759950000,0(0.00 %),117400,2262450000,26000,502500000,243150869,0.03
10/08/2021,56700,1154970000,0(0.00 %),94800,1924170000,38100,769200000,243094169,0.03
11/08/2021,213500,4362290000,0(0.00 %),232200,4748970000,18700,386680000,242880669,0.04
12/08/2021,221900,4436480000,0(0.00 %),223300,4464620000,1400,28140000,242658769,0.05
13/08/2021,84200,1600430000,0(0.00 %),130600,2469830000,46400,869400000,243988769,-50.95
16/08/2021,122200,2349950000,0(0.00 %),122200,2349950000,0,0,243866569,0.01
17/08/2021,208900,4035130000,0(0.00 %),220600,4260000000,11700,224870000,243657669,0.01
18/08/2021,3200,62070000,0(0.00 %),3500,67950000,300,5880000,243654469,0.01
19/08/2021,-3700,-71050000,0(0.00 %),300,5750000,4000,76800000,243658169,0.01
20/08/2021,-16800,-306800000,0(0.00 %),21600,395320000,38400,702120000,243674969,0.01
23/08/2021,17000,292300000,0(0.00 %),20700,356840000,3700,64540000,243657969,0.01
24/08/2021,9700,169550000,0(0.00 %),9700,169550000,0,0,243648269,0.02
25/08/2021,75600,1336400000,0(0.00 %),75600,1336400000,0,0,243572669,0.02
26/08/2021,-4100,-72350000,0(0.00 %),1400,24450000,5500,96800000,243576769,0.02
27/08/2021,19500,342780000,0(0.00 %),19500,342780000,0,0,243557269,0.02
30/08/2021,15600,278220000,0(0.00 %),21600,385670000,6000,107450000,243541669,0.02
31/08/2021,13000,239220000,0(0.00 %),18200,334040000,5200,94820000,243528669,0.02
01/09/2021,2300,41790000,0(0.00 %),3000,54600000,700,12810000,244116369,0.0
06/09/2021,-9800,-180160000,0(0.00 %),0,0,9800,180160000,244126169,0.0
07/09/2021,-28700,-535180000,0(0.00 %),0,0,28700,535180000,244154869,0.0
08/09/2021,-217900,-3897860000,0(0.00 %),11000,197900000,228900,4095760000,244372769,0.0
09/09/2021,-150000,-2691740000,0(0.00 %),9000,161880000,159000,2853620000,244522769,0.0
10/09/2021,-209900,-3750050000,0(0.00 %),7400,131890000,217300,3881940000,244732669,0.0
13/09/2021,-163700,-3018340000,0(0.00 %),1500,27640000,165200,3045980000,244896369,0.0
14/09/2021,160900,2954320000,0(0.00 %),321900,5921710000,161000,2967390000,244735469,0.0
15/09/2021,-160600,-2958630000,0(0.00 %),6600,122280000,167200,3080910000,244896069,41.1
16/09/2021,159800,3055250000,0(0.00 %),323800,6185040000,164000,3129790000,244575669,0.0
17/09/2021,255400,4859440000,0(0.00 %),353600,6730060000,98200,1870620000,244320269,0.0
20/09/2021,56300,1051230000,0(0.00 %),61900,1156810000,5600,105580000,244263969,0.0
21/09/2021,4400,78570000,0(0.00 %),5700,102310000,1300,23740000,244259569,0.0
22/09/2021,-59200,-1097240000,0(0.00 %),100,1850000,59300,1099090000,244318769,0.0
23/09/2021,-88500,-1643380000,0(0.00 %),2300,42950000,90800,1686330000,244407269,0.0
24/09/2021,-182300,-3402260000,0(0.00 %),12200,227750000,194500,3630010000,244589569,0.0
27/09/2021,-62900,-1190560000,0(0.00 %),3300,62160000,66200,1252720000,244652469,0.0
28/09/2021,-43500,-865580000,0(0.00 %),41500,783600000,85000,1649180000,244695969,0.0
29/09/2021,-9000,-176000000,0(0.00 %),1600,31260000,10600,207260000,244704969,0.0
30/09/2021,-72000,-1413430000,0(0.00 %),1000,20000000,73000,1433430000,244776969,0.0
01/10/2021,-90100,-1803660000,0(0.00 %),2500,49850000,92600,1853510000,244116869,0.0
04/10/2021,148300,3108680000,0(0.00 %),167000,3504690000,18700,396010000,243968569,0.0
05/10/2021,265910,5615401600,0(0.00 %),312510,6589771600,46600,974370000,243702659,0.01
06/10/2021,-54000,-1138150000,0(0.00 %),15700,332560000,69700,1470710000,244103669,-50.99
07/10/2021,63200,1308270000,0(0.00 %),67600,1399780000,4400,91510000,244051769,-50.97
08/10/2021,93500,1951860000,0(0.00 %),104300,2179600000,10800,227740000,243958269,0.0
11/10/2021,6900,149610000,0(0.00 %),14200,308640000,7300,159030000,244008169,0.0
12/10/2021,186000,4209590000,0(0.00 %),222000,5022320000,36000,812730000,243822169,0.0
13/10/2021,32600,734280000,0(0.00 %),35000,788220000,2400,53940000,243789569,0.0
14/10/2021,27700,630160000,0(0.00 %),28600,650540000,900,20380000,243761869,0.0
15/10/2021,4865,110745000,0(0.00 %),9665,221145000,4800,110400000,243757004,0.0
18/10/2021,-31000,-730090000,0(0.00 %),3900,92660000,34900,822750000,243788004,0.0
19/10/2021,18800,445050000,0(0.00 %),38900,918250000,20100,473200000,243769204,0.0
20/10/2021,52400,1233810000,0(0.00 %),60100,1414540000,7700,180730000,243716804,0.0
21/10/2021,-4400,-103240000,0(0.00 %),2000,47200000,6400,150440000,243773604,0.0
22/10/2021,-25565,-585881000,0(0.00 %),23900,552730000,49465,1138611000,243799169,0.0
25/10/2021,-12600,-295570000,0(0.00 %),6000,140410000,18600,435980000,243811769,0.0
26/10/2021,-6600,-155350000,0(0.00 %),5600,129850000,12200,285200000,243818369,0.0
27/10/2021,548200,13325100000,0(0.00 %),608200,14780110000,60000,1455010000,243270169,0.03
28/10/2021,-10100,-246400000,0(0.00 %),8700,211850000,18800,458250000,243280269,0.03
29/10/2021,-5400,-134630000,0(0.00 %),14500,355060000,19900,489690000,243285669,0.03
01/11/2021,-48448,-1213764400,0(0.00 %),13052,327965600,61500,1541730000,244106317,0.0
02/11/2021,3600,88470000,0(0.00 %),4200,103260000,600,14790000,244102717,0.0
03/11/2021,700,15420000,0(0.00 %),4400,107460000,3700,92040000,244102017,0.0
04/11/2021,96100,2276890000,0(0.00 %),107600,2549790000,11500,272900000,244005917,0.0
05/11/2021,2000,48310000,0(0.00 %),6600,158600000,4600,110290000,244003917,0.0
08/11/2021,-12000,-292200000,0(0.00 %),6500,158750000,18500,450950000,244015917,0.0
09/11/2021,-7900,-192660000,0(0.00 %),2600,63130000,10500,255790000,244023817,0.0
10/11/2021,-29700,-749710000,0(0.00 %),11900,301200000,41600,1050910000,244053517,0.0
11/11/2021,-12800,-328970000,0(0.00 %),20300,510490000,33100,839460000,244066317,0.0
12/11/2021,200,4040000,0(0.00 %),3400,83130000,3200,79090000,244066117,0.0
15/11/2021,3000,69330000,0(0.00 %),18000,432870000,15000,363540000,244063117,0.0
16/11/2021,-28100,-679770000,0(0.00 %),0,0,28100,679770000,244091217,0.0
17/11/2021,-76400,-1851860000,0(0.00 %),113100,2712200000,189500,4564060000,244167617,0.0
18/11/2021,105300,2501990000,0(0.00 %),113100,2684850000,7800,182860000,244062317,0.0
19/11/2021,-122300,-2699850000,0(0.00 %),12100,268670000,134400,2968520000,244184617,0.0
22/11/2021,49500,1031280000,0(0.00 %),69700,1453670000,20200,422390000,244135117,0.0
23/11/2021,7300,158160000,0(0.00 %),18600,399270000,11300,241110000,244127817,0.0
24/11/2021,74603,1616896300,0(0.00 %),81303,1764276300,6700,147380000,244053214,0.0
25/11/2021,-43100,-950380000,0(0.00 %),16300,358460000,59400,1308840000,244096314,0.0
26/11/2021,24100,520050000,0(0.00 %),24500,528570000,400,8520000,244072214,0.0
29/11/2021,18400,376070000,0(0.00 %),71700,1442530000,53300,1066460000,244053814,0.0
30/11/2021,23400,496480000,0(0.00 %),88300,1860110000,64900,1363630000,244030414,0.0
01/12/2021,-300,-6390000,0(0.00 %),0,0,300,6390000,244119369,0.0
02/12/2021,7300,155690000,0(0.00 %),27500,587300000,20200,431610000,244112069,0.0
03/12/2021,17800,376620000,0(0.00 %),50000,1060110000,32200,683490000,244094269,0.0
06/12/2021,-51700,-1072710000,0(0.00 %),11700,241150000,63400,1313860000,244145969,0.0
07/12/2021,600,-1800000,0(0.00 %),43900,929690000,43300,931490000,244145369,0.0
08/12/2021,66500,1434110000,0(0.00 %),88400,1915730000,21900,481620000,244078869,0.0
09/12/2021,19300,420970000,0(0.00 %),21700,473040000,2400,52070000,244059569,0.0
10/12/2021,-37000,-800660000,0(0.00 %),1000,21740000,38000,822400000,244096569,0.0
13/12/2021,-40000,-876000000,0(0.00 %),400,8760000,40400,884760000,244136569,0.0
14/12/2021,-26900,-586520000,0(0.00 %),3100,67480000,30000,654000000,244163469,0.0
15/12/2021,-75300,-1618950000,0(0.00 %),300,6450000,75600,1625400000,244238769,0.0
16/12/2021,-28300,-607560000,0(0.00 %),22000,476890000,50300,1084450000,244267069,0.0
17/12/2021,-11500,-261300000,0(0.00 %),3000,67600000,14500,328900000,244278569,0.0
20/12/2021,7600,165770000,0(0.00 %),8600,187670000,1000,21900000,244270969,0.0
21/12/2021,25900,676630000,0(0.00 %),38000,941000000,12100,264370000,244245069,0.0
22/12/2021,25771,565384900,0(0.00 %),27871,611374900,2100,45990000,244219298,0.0
23/12/2021,-7700,-174480000,0(0.00 %),1900,42720000,9600,217200000,244117469,-51.0
24/12/2021,-2700,-62030000,0(0.00 %),1300,29870000,4000,91900000,244118069,-51.0
27/12/2021,88600,2063320000,0(0.00 %),90200,2100640000,1600,37320000,244119369,0.13
28/12/2021,17400,410390000,0(0.00 %),20100,474350000,2700,63960000,244101969,0.0
29/12/2021,22500,524170000,0(0.00 %),30400,708390000,7900,184220000,244119369,0.13
30/12/2021,1300,30150000,0(0.00 %),2300,53850000,1000,23700000,244119369,0.13
31/12/2021,47000,1078270000,0(0.00 %),111300,2568440000,64300,1490170000,244119369,0.13
04/01/2022,-20100,-479420000,0(0.00 %),4900,113380000,25000,592800000,244119369,0.13
05/01/2022,24900,598850000,0(0.00 %),36500,880120000,11600,281270000,244119369,0.13
06/01/2022,22329,539479200,0(0.00 %),37900,910800000,15571,371320800,244119369,0.13
07/01/2022,-6000,-147010000,0(0.00 %),27300,663400000,33300,810410000,244119369,0.13
10/01/2022,6000,142630000,0(0.00 %),6300,149710000,300,7080000,244119369,0.13
11/01/2022,-17400,-415590000,0(0.00 %),66600,1533210000,84000,1948800000,244119369,0.13
12/01/2022,-24100,-572990000,0(0.00 %),1700,40620000,25800,613610000,244119369,0.13
13/01/2022,310400,7396790000,0(0.00 %),310600,7401570000,200,4780000,244119369,0.14
14/01/2022,-13900,-463860000,0(0.00 %),21400,498660000,35300,962520000,244119369,0.14
17/01/2022,0,0,0(0.00 %),0,0,0,0,244119369,0.14
18/01/2022,9900,229230000,0(0.00 %),13500,314550000,3600,85320000,244119369,0.14
19/01/2022,41700,993390000,0(0.00 %),42100,1002990000,400,9600000,244119369,0.14
20/01/2022,23000,539860000,0(0.00 %),31500,740460000,8500,200600000,244119369,0.14
21/01/2022,-647300,-16355320000,0(0.00 %),0,0,647300,16355320000,244119369,0.14
24/01/2022,-12700,-317530000,0(0.00 %),0,0,12700,317530000,244119369,0.14
25/01/2022,-50500,-1215950000,0(0.00 %),3000,74400000,53500,1290350000,244119369,0.12
26/01/2022,179700,3704230000,0(0.00 %),200800,4242240000,21100,538010000,244119369,0.13
27/01/2022,4600,116080000,0(0.00 %),8200,208900000,3600,92820000,244119369,0.13
28/01/2022,-12800,-316960000,0(0.00 %),2200,53540000,15000,370500000,244119369,0.13
07/02/2022,-150930,-4054983000,0(0.00 %),170,4567000,151100,4059550000,244119369,0.13
08/02/2022,-319700,-8491660000,0(0.00 %),1900,51190000,321600,8542850000,244119369,0.13
09/02/2022,170700,4523580000,0(0.00 %),172000,4558300000,1300,34720000,244119369,0.13
10/02/2022,239000,6352320000,0(0.00 %),241500,6419500000,2500,67180000,244119369,0.12
11/02/2022,-158210,-4310557400,0(0.00 %),900,24670000,159110,4335227400,244119369,0.12
14/02/2022,186700,5186330000,0(0.00 %),256400,7142040000,69700,1955710000,244119369,0.13
15/02/2022,814300,21867630000,0(0.00 %),923200,24822780000,108900,2955150000,244119369,0.16
16/02/2022,-492900,-12862500000,0(0.00 %),86700,2280160000,579600,15142660000,244119369,0.16
17/02/2022,-3900,-102280000,0(0.00 %),4500,118490000,8400,220770000,244119369,0.15
18/02/2022,1000,26190000,0(0.00 %),1100,28840000,100,2650000,244119369,0.14
21/02/2022,182800,4797050000,0(0.00 %),195100,5123450000,12300,326400000,244119369,0.14
22/02/2022,7700,205920000,0(0.00 %),11700,312970000,4000,107050000,244119369,0.14
23/02/2022,23300,564290000,0(0.00 %),193600,5256300000,170300,4692010000,244119369,0.15
24/02/2022,62200,1520500000,0(0.00 %),222500,6162890000,160300,4642390000,244119369,0.16
25/02/2022,186000,5217640000,0(0.00 %),238900,6691760000,52900,1474120000,244119369,0.16
28/02/2022,646500,17845670000,0(0.00 %),648500,17901870000,2000,56200000,244119369,0.17
01/03/2022,244600,6736690000,0(0.00 %),362400,10000710000,117800,3264020000,244119369,0.18
02/03/2022,-30800,-879160000,0(0.00 %),2700,77410000,33500,956570000,244119369,0.18
03/03/2022,-25600,-728630000,0(0.00 %),8000,225860000,33600,954490000,244119369,0.18
04/03/2022,-5200,-145790000,0(0.00 %),900,25010000,6100,170800000,244119369,0.18
07/03/2022,68900,1922240000,0(0.00 %),195100,5592550000,126200,3670310000,244119369,0.18
08/03/2022,15100,435510000,0(0.00 %),17900,516150000,2800,80640000,244119369,0.18
09/03/2022,-22500,-653380000,0(0.00 %),7000,201920000,29500,855300000,244119369,0.18
10/03/2022,1156500,32643620000,0(0.00 %),1906100,53834550000,749600,21190930000,244119369,0.24
11/03/2022,-18000,-506520000,0(0.00 %),5200,145020000,23200,651540000,244119369,0.24
14/03/2022,11000,288450000,0(0.00 %),13600,356870000,2600,68420000,244119369,0.22
15/03/2022,-203000,-5135730000,0(0.00 %),300,7570000,203300,5143300000,244119369,0.22
16/03/2022,-26400,-676150000,0(0.00 %),3000,77100000,29400,753250000,244119369,0.22
17/03/2022,-4000,-102970000,0(0.00 %),0,0,4000,102970000,244119369,0.21
18/03/2022,299300,7895190000,0(0.00 %),314000,8284200000,14700,389010000,244119369,0.22
21/03/2022,2800,74720000,0(0.00 %),6400,169990000,3600,95270000,244119369,0.22
22/03/2022,81700,2221350000,0(0.00 %),85700,2329750000,4000,108400000,244119369,0.22
23/03/2022,-24800,-665180000,0(0.00 %),400,10720000,25200,675900000,244119369,0.22
24/03/2022,34600,931430000,0(0.00 %),49700,1342140000,15100,410710000,244119369,0.22
25/03/2022,1400,37340000,0(0.00 %),28400,759940000,27000,722600000,244119369,0.22
28/03/2022,105780,2790246000,0(0.00 %),112780,2977446000,7000,187200000,244119369,0.23
29/03/2022,-3200,-85340000,0(0.00 %),1000,26800000,4200,112140000,244119369,0.23
30/03/2022,396500,10466520000,0(0.00 %),401000,10586500000,4500,119980000,244119369,0.24
31/03/2022,500,13050000,0(0.00 %),500,13050000,0,0,244119369,0.24
01/04/2022,-22900,-592980000,0(0.00 %),3100,80220000,26000,673200000,244119369,0.24
04/04/2022,-212700,-5585690000,0(0.00 %),0,0,212700,5585690000,244119369,0.24
05/04/2022,114100,3051780000,0(0.00 %),115100,3078680000,1000,26900000,244119369,0.24
06/04/2022,2600,68620000,0(0.00 %),7600,201620000,5000,133000000,244119369,0.23
07/04/2022,23110,623077000,0(0.00 %),30510,823517000,7400,200440000,244119369,0.23
08/04/2022,51800,1377550000,0(0.00 %),52000,1382900000,200,5350000,244119369,0.24
12/04/2022,12800,325350000,0(0.00 %),14500,369130000,1700,43780000,244106569,0.0
13/04/2022,39500,1011050000,0(0.00 %),40500,1036750000,1000,25700000,244119369,0.24
14/04/2022,-24000,-620510000,0(0.00 %),0,0,24000,620510000,244119369,0.24
15/04/2022,0,0,0(0.00 %),0,0,0,0,244119369,0.24
18/04/2022,-66000,-1690800000,0(0.00 %),0,0,66000,1690800000,244119369,0.24
19/04/2022,0,0,0(0.00 %),0,0,0,0,244119369,0.24
20/04/2022,-86900,-2196220000,0(0.00 %),36100,886470000,123000,3082690000,244083269,-50.99
21/04/2022,5500,122760000,0(0.00 %),19900,451740000,14400,328980000,244119369,0.24
22/04/2022,200,3680000,0(0.00 %),700,15130000,500,11450000,244119369,0.23
25/04/2022,2900,62900000,0(0.00 %),2900,62900000,0,0,244119369,0.23
26/04/2022,-11800,-228530000,0(0.00 %),22200,446020000,34000,674550000,244119369,0.23
27/04/2022,16300,352510000,0(0.00 %),36500,784750000,20200,432240000,244119369,0.23
28/04/2022,0,0,0(0.00 %),0,0,0,0,244119369,0.23
29/04/2022,100,2170000,0(0.00 %),100,2170000,0,0,244119369,0.23
04/05/2022,-221300,-4801230000,0(0.00 %),1000,21600000,222300,4822830000,244119369,0.23
05/05/2022,52200,1179020000,0(0.00 %),52200,1179020000,0,0,244119369,0.23
06/05/2022,500900,10824220000,0(0.00 %),511900,11061820000,11000,237600000,244119369,0.24
09/05/2022,1322100,27079050000,0(0.00 %),1322500,27087490000,400,8440000,244119369,0.29
10/05/2022,27400,480490000,0(0.00 %),27400,480490000,0,0,244119369,0.29
11/05/2022,500,10250000,0(0.00 %),500,10250000,0,0,244119369,0.29
12/05/2022,560,11648000,0(0.00 %),560,11648000,0,0,244119369,0.29
13/05/2022,-60847,-1184421200,0(0.00 %),2300,42950000,63147,1227371200,244119369,0.29
16/05/2022,200,3910000,0(0.00 %),200,3910000,0,0,244119369,0.29
17/05/2022,358700,7356830000,0(0.00 %),360200,7388480000,1500,31650000,244119369,0.3
18/05/2022,1005100,21991380000,0(0.00 %),1010100,22100880000,5000,109500000,244119369,0.33
19/05/2022,2415100,54822690000,0(0.00 %),2423000,54996180000,7900,173490000,244119369,0.41
20/05/2022,1958600,46314870000,0(0.00 %),1960000,46347670000,1400,32800000,244119369,0.47
23/05/2022,3315300,79664750000,0(0.00 %),3353400,80591370000,38100,926620000,244119369,0.58
24/05/2022,1305000,31106940000,0(0.00 %),1305500,31118740000,500,11800000,244119369,0.62
25/05/2022,1421171,35132813700,0(0.00 %),1430000,35348490000,8829,215676300,244119369,0.67
26/05/2022,-1941931,-46215073000,0(0.00 %),58300,1430640000,2000231,47645713000,244119369,0.67
27/05/2022,163800,4065510000,0(0.00 %),864800,20786130000,701000,16720620000,244119369,0.69
30/05/2022,241500,6026270000,0(0.00 %),275000,6878070000,33500,851800000,244119369,0.64
31/05/2022,-465600,-12426890000,0(0.00 %),2196600,58237980000,2662200,70664870000,244119369,0.69
01/06/2022,2225100,60304270000,0(0.00 %),2246600,60884110000,21500,579840000,244119369,0.76
02/06/2022,46930,1456163400,0(0.00 %),541300,15070010000,494370,13613846600,244119369,0.69
03/06/2022,-297800,-8181470000,0(0.00 %),202600,5634150000,500400,13815620000,244119369,0.7
06/06/2022,6271200,191090760000,0(0.00 %),7837700,238266670000,1566500,47175910000,244119369,0.9
07/06/2022,2303100,72278320000,0(0.00 %),2853100,88445140000,550000,16166820000,244119369,0.98
08/06/2022,2002300,63018390000,0(0.00 %),2032800,63975300000,30500,956910000,244119369,1.02
09/06/2022,3186300,102676980000,0(0.00 %),3878800,124955510000,692500,22278530000,244119369,1.13
10/06/2022,58100,1697040000,0(0.00 %),238000,7193260000,179900,5496220000,244119369,1.14
13/06/2022,3244200,97115370000,0(0.00 %),3254300,97418430000,10100,303060000,244119369,1.22
14/06/2022,1655800,52098050000,0(0.00 %),1772100,55739640000,116300,3641590000,244119369,1.27
15/06/2022,477500,15005260000,0(0.00 %),1229100,38214900000,751600,23209640000,244119369,1.31
16/06/2022,880600,28785550000,0(0.00 %),1005000,32811590000,124400,4026040000,244119369,1.34
17/06/2022,1912100,61359880000,0(0.00 %),2417600,77683830000,505500,16323950000,244119369,1.38
20/06/2022,2075000,62891750000,0(0.00 %),3131900,94906010000,1056900,32014260000,244119369,1.44
21/06/2022,1376100,41978240000,0(0.00 %),1889600,56858210000,513500,14879970000,244119369,1.5
22/06/2022,855900,22589960000,0(0.00 %),1370700,36362180000,514800,13772220000,244119369,1.55
23/06/2022,-225500,-5686770000,0(0.00 %),2350000,63387790000,2575500,69074560000,244119369,1.55
24/06/2022,411400,11593520000,0(0.00 %),1500400,42613720000,1089000,31020200000,244119369,1.54
27/06/2022,-1035900,-29959090000,0(0.00 %),24200,692320000,1060100,30651410000,244119369,1.52
28/06/2022,-10700,-319500000,0(0.00 %),0,0,10700,319500000,244119369,1.52
29/06/2022,-778100,-22489210000,0(0.00 %),501900,13954710000,1280000,36443920000,244119369,1.48
30/06/2022,201500,5718160000,0(0.00 %),502200,14308600000,300700,8590440000,244119369,1.5
01/07/2022,-1319500,-35481950000,0(0.00 %),11000,303500000,1330500,35785450000,244119369,1.48
04/07/2022,-1136300,-31238420000,0(0.00 %),10000,278000000,1146300,31516420000,244119369,1.47
05/07/2022,-1273300,-34813390000,0(0.00 %),200,5220000,1273500,34818610000,244119369,1.42
06/07/2022,-1073200,-25589310000,0(0.00 %),460300,10599070000,1533500,36188380000,244119369,1.4
07/07/2022,-26300,-593250000,0(0.00 %),31700,707700000,58000,1300950000,244119369,1.36
08/07/2022,-35300,-738520000,0(0.00 %),586000,13748700000,621300,14487220000,244119369,1.33
11/07/2022,1800,40490000,0(0.00 %),1800,40490000,0,0,244119369,1.33
12/07/2022,7700,180590000,0(0.00 %),10100,236260000,2400,55670000,244119369,1.31
13/07/2022,-79000,-1781900000,0(0.00 %),21000,464500000,100000,2246400000,244119369,1.31
14/07/2022,-80800,-1867620000,0(0.00 %),13100,301290000,93900,2168910000,244119369,1.31
15/07/2022,-507200,-11612920000,0(0.00 %),200,4540000,507400,11617460000,244119369,1.31
18/07/2022,-29200,-673950000,0(0.00 %),0,0,29200,673950000,244119369,1.3
19/07/2022,-2045300,-49345350000,0(0.00 %),5700,137620000,2051000,49482970000,244119369,1.29
20/07/2022,1490300,36895590000,0(0.00 %),2000500,49378850000,510200,12483260000,244119369,1.35
21/07/2022,150600,3451700000,0(0.00 %),1300600,31948700000,1150000,28497000000,244119369,1.33
22/07/2022,1278100,32050630000,0(0.00 %),1510000,37913920000,231900,5863290000,244119369,1.36
25/07/2022,-1071400,-25850910000,0(0.00 %),515000,12596620000,1586400,38447530000,244119369,1.34
26/07/2022,-6712500,-163288460000,0(0.00 %),17500,428530000,6730000,163716990000,244119369,1.33
27/07/2022,-14000,-340320000,0(0.00 %),1500,36520000,15500,376840000,244119369,1.28
28/07/2022,-280600,-7022940000,0(0.00 %),20800,522080000,301400,7545020000,244119369,1.06
29/07/2022,-25500,-531060000,0(0.00 %),750100,18560660000,775600,19091720000,244119369,1.09
01/08/2022,-856400,-20620970000,0(0.00 %),6200,148190000,862600,20769160000,244119369,1.08
02/08/2022,-14200,-341100000,0(0.00 %),5800,138900000,20000,480000000,244119369,1.05
03/08/2022,-275400,-6799240000,0(0.00 %),35000,868000000,310400,7667240000,244119369,1.03
04/08/2022,3500,85440000,0(0.00 %),3800,92840000,300,7400000,244119369,1.03
05/08/2022,-551700,-13376500000,0(0.00 %),2300,54800000,554000,13431300000,244119369,1.02
08/08/2022,-2200,-54790000,0(0.00 %),0,0,2200,54790000,244119369,1.02
09/08/2022,-26500,-662650000,0(0.00 %),0,0,26500,662650000,244119369,1.0
10/08/2022,-303900,-7591460000,0(0.00 %),1300,32440000,305200,7623900000,244119369,1.0
11/08/2022,-1998900,-51007740000,0(0.00 %),1100,27640000,2000000,51035380000,244119369,1.0
12/08/2022,-893500,-22718360000,0(0.00 %),107800,2749780000,1001300,25468140000,244119369,0.99
15/08/2022,-500200,-12704980000,0(0.00 %),500,12800000,500700,12717780000,244119369,0.93
16/08/2022,-508700,-12696720000,0(0.00 %),1300,32280000,510000,12729000000,244119369,0.9
17/08/2022,-1591400,-38650010000,0(0.00 %),17400,421670000,1608800,39071680000,244119369,0.88
18/08/2022,-1029500,-24990470000,0(0.00 %),6700,163690000,1036200,25154160000,244119369,0.86
19/08/2022,100,2450000,0(0.00 %),100,2450000,0,0,244119369,0.81
22/08/2022,-997000,-24161750000,0(0.00 %),3000,72750000,1000000,24234500000,244119369,0.78
23/08/2022,-1546400,-38722840000,0(0.00 %),1600,39840000,1548000,38762680000,244119369,0.78
24/08/2022,-558000,-14442620000,0(0.00 %),43000,1114580000,601000,15557200000,244119369,0.75
25/08/2022,111400,2918970000,0(0.00 %),111400,2918970000,0,0,244119369,0.7
26/08/2022,20500,525940000,0(0.00 %),22700,582330000,2200,56390000,244119369,0.68
29/08/2022,17000,443580000,0(0.00 %),20200,525020000,3200,81440000,244119369,0.68
30/08/2022,18500,494950000,0(0.00 %),32000,844710000,13500,349760000,244119369,0.68
31/08/2022,303800,7812400000,0(0.00 %),324300,8337280000,20500,524880000,244119369,0.69
05/09/2022,-44100,-1119020000,0(0.00 %),6100,156080000,50200,1275100000,244119369,0.69
06/09/2022,-245200,-6337920000,0(0.00 %),0,0,245200,6337920000,244119369,0.69
07/09/2022,-13200,-352570000,0(0.00 %),34300,839950000,47500,1192520000,244119369,0.69
08/09/2022,93200,2229690000,0(0.00 %),93200,2229690000,0,0,244119369,0.69
09/09/2022,500,12000000,0(0.00 %),500,12000000,0,0,244119369,0.69
12/09/2022,-1069500,-26055660000,0(0.00 %),1700,41520000,1071200,26097180000,244119369,0.69
13/09/2022,-198000,-4784910000,0(0.00 %),2000,48470000,200000,4833380000,244119369,0.69
14/09/2022,150800,3613870000,0(0.00 %),151400,3628090000,600,14220000,244119369,0.66
15/09/2022,-10,-242000,0(0.00 %),0,0,10,242000,0,0.65
16/09/2022,1400,33090000,0(0.00 %),1400,33090000,0,0,244119369,0.65
19/09/2022,-198100,-4526220000,0(0.00 %),3200,74300000,201300,4600520000,244116169,0.0
20/09/2022,-1900,-41650000,0(0.00 %),3900,86690000,5800,128340000,244119369,0.65
21/09/2022,-499800,-11147540000,0(0.00 %),200,4460000,500000,11152000000,244119369,0.64
22/09/2022,-498800,-11106910000,0(0.00 %),3000,66510000,501800,11173420000,244119369,0.64
23/09/2022,-2495300,-57434710000,0(0.00 %),14800,341250000,2510100,57775960000,246614669,0.0
26/09/2022,-987000,-21570590000,0(0.00 %),13900,301730000,1000900,21872320000,244119369,0.61
27/09/2022,-810000,-17621560000,0(0.00 %),0,0,810000,17621560000,244119369,0.53
28/09/2022,-498800,-10429680000,0(0.00 %),1200,24970000,500000,10454650000,244119369,0.5
29/09/2022,-499500,-10362290000,0(0.00 %),500,10450000,500000,10372740000,244119369,0.47
30/09/2022,-9500,-184460000,0(0.00 %),5500,108540000,15000,293000000,244119369,0.46
03/10/2022,-901800,-17783340000,0(0.00 %),2200,43080000,904000,17826420000,244119369,0.44
04/10/2022,-2426300,-47173410000,0(0.00 %),8800,172990000,2435100,47346400000,244119369,0.44
05/10/2022,-1448700,-28774170000,0(0.00 %),11300,223730000,1460000,28997900000,244119369,0.41
06/10/2022,-1389800,-28060180000,0(0.00 %),12400,255350000,1402200,28315530000,244119369,0.33
07/10/2022,1000,19450000,0(0.00 %),1000,19450000,0,0,244119369,0.29
10/10/2022,133200,2675910000,0(0.00 %),133200,2675910000,0,0,244119369,0.25
11/10/2022,2200,44720000,0(0.00 %),3700,74270000,1500,29550000,244119369,0.25
12/10/2022,-4200,-85090000,0(0.00 %),500,9850000,4700,94940000,244119369,0.25
13/10/2022,-770653,-15032705500,0(0.00 %),1900,37060000,772553,15069765500,244119369,0.25
14/10/2022,-600000,-11991000000,0(0.00 %),0,0,600000,11991000000,244119369,0.25
17/10/2022,11400,227680000,0(0.00 %),11400,227680000,0,0,244119369,0.22
18/10/2022,-1100,-22780000,0(0.00 %),3400,69020000,4500,91800000,244119369,0.2
19/10/2022,-3900,-79490000,0(0.00 %),2200,45570000,6100,125060000,244119369,0.2
20/10/2022,6300,129930000,0(0.00 %),10800,222180000,4500,92250000,244119369,0.2
21/10/2022,6200,119350000,0(0.00 %),7700,148450000,1500,29100000,244119369,0.2
24/10/2022,92600,1717060000,0(0.00 %),94100,1743460000,1500,26400000,244119369,0.21
25/10/2022,3700,63150000,0(0.00 %),3700,63150000,0,0,244119369,0.21
26/10/2022,16800,292700000,0(0.00 %),17200,299660000,400,6960000,244119369,0.21
27/10/2022,300,5400000,0(0.00 %),300,5400000,0,0,244119369,0.21
28/10/2022,3700,67860000,0(0.00 %),3700,67860000,0,0,244119369,0.21
31/10/2022,2500,44230000,0(0.00 %),2500,44230000,0,0,244119369,0.21
01/11/2022,5500,97300000,0(0.00 %),5500,97300000,0,0,244119369,0.21
02/11/2022,-230600,-4144540000,0(0.00 %),11000,197420000,241600,4341960000,244119369,0.21
03/11/2022,254000,4532830000,0(0.00 %),256900,4584450000,2900,51620000,244119369,0.22
04/11/2022,-3900,-66540000,0(0.00 %),4200,73590000,8100,140130000,244119369,0.21
07/11/2022,1100,18920000,0(0.00 %),1100,18920000,0,0,244119369,0.21
08/11/2022,11600,198530000,0(0.00 %),11600,198530000,0,0,244119369,0.21
09/11/2022,430500,7397000000,0(0.00 %),432500,7431400000,2000,34400000,244119369,0.22
10/11/2022,925700,15379410000,0(0.00 %),926000,15383940000,300,4530000,244119369,0.25
11/11/2022,6900,110070000,0(0.00 %),6900,110070000,0,0,244119369,0.25
14/11/2022,-10500,-137440000,0(0.00 %),5000,67160000,15500,204600000,244119369,0.25
15/11/2022,310900,3576010000,0(0.00 %),325900,3748510000,15000,172500000,244119369,0.26
16/11/2022,196000,2282640000,0(0.00 %),240500,2763930000,44500,481290000,244119369,0.27
17/11/2022,-155000,-1952900000,0(0.00 %),0,0,155000,1952900000,244119369,0.27
18/11/2022,645800,8346710000,0(0.00 %),655100,8462050000,9300,115340000,244119369,0.29
21/11/2022,-1200,-16100000,0(0.00 %),3900,49790000,5100,65890000,244119369,0.28
22/11/2022,-15200,-286970000,0(0.00 %),128900,1788480000,144100,2075450000,244119369,0.29
23/11/2022,-63400,-864860000,0(0.00 %),2100,28560000,65500,893420000,244119369,0.29
24/11/2022,1100,14110000,0(0.00 %),1300,16730000,200,2620000,244119369,0.28
25/11/2022,2200,28880000,0(0.00 %),3000,39600000,800,10720000,244119369,0.28
28/11/2022,16900,236520000,0(0.00 %),21000,294100000,4100,57580000,244098369,0.0
29/11/2022,72200,1025800000,0(0.00 %),72200,1025800000,0,0,244047169,0.0
30/11/2022,64000,936480000,0(0.00 %),71000,1038660000,7000,102180000,244048369,0.0
01/12/2022,238600,3592870000,0(0.00 %),308400,4667730000,69800,1074860000,243810969,0.0
02/12/2022,3700,53130000,0(0.00 %),3800,54670000,100,1540000,244115569,0.0
05/12/2022,-191400,-3064750000,0(0.00 %),44000,695200000,235400,3759950000,244075369,0.0
06/12/2022,137600,2067880000,0(0.00 %),137600,2067880000,0,0,243981769,0.0
07/12/2022,-392700,-5478380000,0(0.00 %),7300,103460000,400000,5581840000,244112069,0.0
08/12/2022,257500,3712020000,0(0.00 %),279400,4026080000,21900,314060000,244119369,0.3
09/12/2022,-5800,-81840000,0(0.00 %),2500,35190000,8300,117030000,244119369,0.29
12/12/2022,100,1410000,0(0.00 %),100,1410000,0,0,244119269,0.0
13/12/2022,200,2640000,0(0.00 %),700,9790000,500,7150000,244118669,0.0
14/12/2022,-18200,-267560000,0(0.00 %),2300,33890000,20500,301450000,244117069,0.0
15/12/2022,-100,-1730000,0(0.00 %),1500,22500000,1600,24230000,244117869,0.0
16/12/2022,15400,228120000,0(0.00 %),19400,286920000,4000,58800000,244099969,0.0
19/12/2022,700,10430000,0(0.00 %),700,10430000,0,0,244118669,0.0
20/12/2022,74200,1029280000,0(0.00 %),74200,1029280000,0,0,244045169,0.0
21/12/2022,33100,440110000,0(0.00 %),33100,440110000,0,0,244086269,0.0
22/12/2022,9000,120600000,0(0.00 %),9000,120600000,0,0,244110369,0.0
23/12/2022,18100,240560000,0(0.00 %),19300,257000000,1200,16440000,244100069,0.0
26/12/2022,1900,25500000,0(0.00 %),2400,32400000,500,6900000,244116969,0.0
27/12/2022,1500,20050000,0(0.00 %),1500,20050000,0,0,244117869,0.0
28/12/2022,0,0,0(0.00 %),0,0,0,0,244119369,0.29
29/12/2022,19200,256860000,0(0.00 %),20200,270260000,1000,13400000,244119369,0.29
30/12/2022,300,4030000,0(0.00 %),300,4030000,0,0,244119369,0.29
03/01/2023,49300,678550000,0(0.00 %),78000,1081200000,28700,402650000,244041369,0.0
04/01/2023,73500,1048210000,0(0.00 %),73500,1048210000,0,0,244119369,0.3
05/01/2023,-74900,-1069730000,0(0.00 %),75000,1066260000,149900,2135990000,244119369,0.3
06/01/2023,388500,5708080000,0(0.00 %),394000,5787970000,5500,79890000,244119369,0.31
09/01/2023,157900,2311610000,0(0.00 %),157900,2311610000,0,0,244119369,0.31
10/01/2023,422400,6078750000,0(0.00 %),422400,6078750000,0,0,244119369,0.33
11/01/2023,75800,1102330000,0(0.00 %),75800,1102330000,0,0,244119369,0.33
12/01/2023,1138700,16824210000,0(0.00 %),1138700,16824210000,0,0,244119369,0.36
13/01/2023,758300,11345740000,0(0.00 %),758300,11345740000,0,0,244119369,0.39
16/01/2023,10700,158340000,0(0.00 %),10700,158340000,0,0,244119369,0.39
17/01/2023,100,1480000,0(0.00 %),100,1480000,0,0,244119369,0.39
18/01/2023,1506000,23548520000,0(0.00 %),1507400,23569940000,1400,21420000,244119369,0.44
19/01/2023,1337200,21267460000,0(0.00 %),1369700,21787260000,32500,519800000,244119369,0.48
27/01/2023,-47580,-805518000,0(0.00 %),120620,2062432000,168200,2867950000,244119369,0.49
30/01/2023,952700,16356750000,0(0.00 %),955100,16397720000,2400,40970000,244119369,0.52
31/01/2023,70200,1169020000,0(0.00 %),70200,1169020000,0,0,244119369,0.51
01/02/2023,74000,1252060000,0(0.00 %),74000,1252060000,0,0,244119369,0.51
02/02/2023,1105500,17736220000,0(0.00 %),1105600,17737810000,100,1590000,244119369,0.55
03/02/2023,1182490,18896769000,0(0.00 %),1190500,19025030000,8010,128261000,244119369,0.59
06/02/2023,117300,1868880000,0(0.00 %),117300,1868880000,0,0,244119369,0.59
07/02/2023,106400,1708400000,0(0.00 %),109500,1758720000,3100,50320000,244119369,0.6
08/02/2023,86210,1380782000,0(0.00 %),100300,1604840000,14090,224058000,244119369,0.6
09/02/2023,-2975600,-48954460000,0(0.00 %),200000,3317000000,3175600,52271460000,244119369,0.61
10/02/2023,64500,1061550000,0(0.00 %),65000,1069900000,500,8350000,244119369,0.61
13/02/2023,443800,6911610000,0(0.00 %),443800,6911610000,0,0,244119369,0.52
14/02/2023,204200,3189600000,0(0.00 %),204200,3189600000,0,0,244119369,0.53
15/02/2023,-5000,-78500000,0(0.00 %),0,0,5000,78500000,244119369,0.53
16/02/2023,69000,1126170000,0(0.00 %),69000,1126170000,0,0,244119369,0.53
17/02/2023,-800,-13170000,0(0.00 %),0,0,800,13170000,244119369,0.53
20/02/2023,-62800,-1039440000,0(0.00 %),0,0,62800,1039440000,244119369,0.53
21/02/2023,-9600,-164170000,0(0.00 %),600,10230000,10200,174400000,244119369,0.53
22/02/2023,535200,9183670000,0(0.00 %),636200,10930470000,101000,1746800000,244119369,0.55
23/02/2023,279300,4608050000,0(0.00 %),304300,5016300000,25000,408250000,244119369,0.56
24/02/2023,49900,818350000,0(0.00 %),50000,820000000,100,1650000,244069369,0.0
27/02/2023,121100,1896370000,0(0.00 %),121500,1902730000,400,6360000,244119369,0.56
28/02/2023,-1400,-22140000,0(0.00 %),200,3140000,1600,25280000,244119369,0.56
01/03/2023,100,1560000,0(0.00 %),100,1560000,0,0,244119369,0.56
02/03/2023,-10000,-160040000,0(0.00 %),0,0,10000,160040000,244119369,0.56
03/03/2023,-10000,-163160000,0(0.00 %),0,0,10000,163160000,244119369,0.56
06/03/2023,349100,5715680000,0(0.00 %),350000,5730440000,900,14760000,244119369,0.57
07/03/2023,47100,779140000,0(0.00 %),50000,826990000,2900,47850000,244119369,0.57
08/03/2023,70600,1174940000,0(0.00 %),72000,1198100000,1400,23160000,244119369,0.57
09/03/2023,116000,1944200000,0(0.00 %),118000,1977400000,2000,33200000,244119369,0.58
10/03/2023,120700,1984090000,0(0.00 %),120700,1984090000,0,0,244119369,0.58
13/03/2023,-47900,-771200000,0(0.00 %),100,1610000,48000,772810000,244119269,0.0
14/03/2023,362463,5746618000,0(0.00 %),402763,6384698000,40300,638080000,244119369,0.59
15/03/2023,-100,-1600000,0(0.00 %),0,0,100,1600000,244119369,0.59
16/03/2023,-831800,-13015330000,0(0.00 %),121200,1902820000,953000,14918150000,244119369,0.59
17/03/2023,-113847,-1811614600,0(0.00 %),180353,2836655400,294200,4648270000,244119369,0.6
20/03/2023,-306100,-4590260000,0(0.00 %),3900,59740000,310000,4650000000,244119369,0.57
21/03/2023,-1196000,-17713530000,0(0.00 %),700,10410000,1196700,17723940000,244119369,0.56
22/03/2023,-500,-7500000,0(0.00 %),0,0,500,7500000,244119369,0.55
23/03/2023,11000,166200000,0(0.00 %),11000,166200000,0,0,244119369,0.51
24/03/2023,217600,3320260000,0(0.00 %),217600,3320260000,0,0,244119369,0.52
27/03/2023,0,0,0(0.00 %),0,0,0,0,244119369,0.52
28/03/2023,22000,343100000,0(0.00 %),22000,343100000,0,0,244097369,0.0
29/03/2023,-14500,-224750000,0(0.00 %),0,0,14500,224750000,244119369,0.52
30/03/2023,21700,335560000,0(0.00 %),23400,361910000,1700,26350000,244119369,0.52
31/03/2023,1000000,15396240000,0(0.00 %),1000000,15396240000,0,0,244119369,0.55
03/04/2023,1166300,18980050000,0(0.00 %),1172000,19072900000,5700,92850000,244119369,0.59
04/04/2023,700,11270000,0(0.00 %),4100,67030000,3400,55760000,244119369,0.59
05/04/2023,-52300,-860470000,0(0.00 %),0,0,52300,860470000,244119369,0.59
06/04/2023,-6900,-114900000,0(0.00 %),5300,86520000,12200,201420000,244119369,0.59
07/04/2023,5300,84660000,0(0.00 %),6000,96000000,700,11340000,244119369,0.59
10/04/2023,8100,131450000,0(0.00 %),22100,356010000,14000,224560000,244119369,0.59
11/04/2023,-84800,-1399820000,0(0.00 %),17200,283180000,102000,1683000000,244119369,0.59
12/04/2023,1800,30180000,0(0.00 %),1900,31590000,100,1410000,244117569,0.0
13/04/2023,8300,138620000,0(0.00 %),15200,256900000,6900,118280000,244119369,0.58
14/04/2023,-32100,-537370000,0(0.00 %),5900,97210000,38000,634580000,244119369,0.59
17/04/2023,181000,2961670000,0(0.00 %),181000,2961670000,0,0,244119369,0.59
18/04/2023,-1900,-30980000,0(0.00 %),100,1620000,2000,32600000,244119369,0.59
19/04/2023,-13000,-180700000,0(0.00 %),0,0,13000,180700000,244119369,0.59
20/04/2023,5500,87500000,0(0.00 %),5500,87500000,0,0,244113869,0.0
21/04/2023,144300,2326610000,0(0.00 %),144300,2326610000,0,0,244119369,0.59
24/04/2023,1800,28080000,0(0.00 %),1800,28080000,0,0,244119369,0.59
25/04/2023,-500,-7900000,0(0.00 %),0,0,500,7900000,244119369,0.59
26/04/2023,0,0,0(0.00 %),0,0,0,0,244119369,0.59
27/04/2023,438400,7252260000,0(0.00 %),468400,7728360000,30000,476100000,243680969,0.01
28/04/2023,493000,7988890000,0(0.00 %),493000,7988890000,0,0,243187969,0.03
04/05/2023,57400,900790000,0(0.00 %),58900,924440000,1500,23650000,244060469,0.0
05/05/2023,-153000,-2427500000,0(0.00 %),0,0,153000,2427500000,244119369,0.63
08/05/2023,-2400,-38490000,0(0.00 %),500,8200000,2900,46690000,244119369,0.63
09/05/2023,0,0,0(0.00 %),0,0,0,0,244119369,0.62
10/05/2023,-60000,-974060000,0(0.00 %),190000,3110940000,250000,4085000000,244179369,0.0
11/05/2023,0,0,0(0.00 %),0,0,0,0,244179369,0.0
12/05/2023,43000,711010000,0(0.00 %),93000,1536010000,50000,825000000,244119369,0.62
15/05/2023,-122700,-2042820000,0(0.00 %),0,0,122700,2042820000,244242069,0.0
16/05/2023,-103100,-1728650000,0(0.00 %),0,0,103100,1728650000,244345169,0.0
17/05/2023,-103000,-1668700000,0(0.00 %),2000,32800000,105000,1701500000,244448169,0.0
18/05/2023,-5000,-81500000,0(0.00 %),0,0,5000,81500000,244453169,0.0
19/05/2023,-124300,-2070320000,0(0.00 %),4000,66000000,128300,2136320000,244577469,0.0
22/05/2023,-10000,-166000000,0(0.00 %),0,0,10000,166000000,244587469,0.0
23/05/2023,-62500,-1039250000,0(0.00 %),0,0,62500,1039250000,244649969,0.0
24/05/2023,-100000,-1660000000,0(0.00 %),0,0,100000,1660000000,244749969,0.0
25/05/2023,0,0,0(0.00 %),0,0,0,0,244749969,0.0
26/05/2023,-184000,-3111080000,0(0.00 %),4000,68700000,188000,3179780000,244933969,0.0
29/05/2023,20000,342380000,0(0.00 %),20100,344110000,100,1730000,244913969,0.0
30/05/2023,-7300,-127020000,0(0.00 %),0,0,7300,127020000,244921269,0.0
31/05/2023,-39900,-681600000,0(0.00 %),10100,173400000,50000,855000000,244961169,0.0
01/06/2023,-205000,-3479500000,0(0.00 %),3000,50700000,208000,3530200000,244116369,0.0
02/06/2023,-4500,-79500000,0(0.00 %),10500,178500000,15000,258000000,244120869,0.0
05/06/2023,-1504148,-26235504800,0(0.00 %),0,0,1504148,26235504800,245625017,0.0
06/06/2023,-2478000,-43185900000,0(0.00 %),22000,384100000,2500000,43570000000,248103017,0.0
07/06/2023,-2486500,-43369550000,0(0.00 %),13500,235450000,2500000,43605000000,250589517,0.0
08/06/2023,69110,1226159000,0(0.00 %),69120,1226338000,10,179000,250520407,0.0
09/06/2023,17800,304400000,0(0.00 %),17800,304400000,0,0,250502607,0.0
12/06/2023,5190,89029000,0(0.00 %),5200,89200000,10,171000,250497417,0.0
13/06/2023,3000,51300000,0(0.00 %),3000,51300000,0,0,250494417,0.0
14/06/2023,1053100,18262770000,0(0.00 %),1078100,18695270000,25000,432500000,249441317,0.0
15/06/2023,311000,5451280000,0(0.00 %),500100,8701710000,189100,3250430000,249130317,0.0
16/06/2023,-7110,-124724000,0(0.00 %),1000,17400000,8110,142124000,244119369,0.43
19/06/2023,14500,247900000,0(0.00 %),15000,256500000,500,8600000,1506062257,0.43
20/06/2023,-11000,-189200000,0(0.00 %),0,0,11000,189200000,1506070367,0.42
21/06/2023,51000,892100000,0(0.00 %),59000,1032500000,8000,140400000,1506011867,0.43
22/06/2023,-1517300,-27103490000,0(0.00 %),1500,26900000,1518800,27130390000,1507529167,0.0
23/06/2023,21400,373420000,0(0.00 %),21500,375180000,100,1760000,1506007867,0.43
26/06/2023,22000,380200000,0(0.00 %),27000,467700000,5000,87500000,1507499667,0.38
27/06/2023,2900,51220000,0(0.00 %),4000,70800000,1100,19580000,1507495767,0.38
28/06/2023,-800,-14000000,0(0.00 %),200,3500000,1000,17500000,1507500567,0.38
29/06/2023,200,3420000,0(0.00 %),1200,21120000,1000,17700000,1507500467,0.38
30/06/2023,-26500,-460890000,0(0.00 %),600,10440000,27100,471330000,1507500867,0.38
03/07/2023,-19000,-333100000,0(0.00 %),6000,104400000,25000,437500000,1507495867,0.38
04/07/2023,12100,208850000,0(0.00 %),77000,1351000000,64900,1142150000,1507445967,0.38
05/07/2023,-152372,-2678477200,0(0.00 %),61000,1077540000,213372,3756017200,1507409967,0.38
06/07/2023,61400,1071190000,0(0.00 %),61400,1071190000,0,0,1507413467,0.38
07/07/2023,41000,712050000,0(0.00 %),41000,712050000,0,0,1507585839,0.38
10/07/2023,-35800,-638560000,0(0.00 %),200,3540000,36000,642100000,1507585639,0.38
11/07/2023,171000,3076350000,0(0.00 %),177000,3184350000,6000,108000000,1507408639,0.38
12/07/2023,230200,4166720000,0(0.00 %),230200,4166720000,0,0,1507214439,0.39
13/07/2023,10000,187000000,0(0.00 %),30000,555000000,20000,368000000,1507190439,0.39
14/07/2023,49600,897680000,0(0.00 %),50000,905000000,400,7320000,1507140439,0.39
17/07/2023,-15000,-273500000,0(0.00 %),0,0,15000,273500000,1507160439,0.39
18/07/2023,100000,1827900000,0(0.00 %),100000,1827900000,0,0,1507060839,0.39
19/07/2023,-19700,-354030000,0(0.00 %),300,5370000,20000,359400000,1507075539,0.39
20/07/2023,3200,57280000,0(0.00 %),3200,57280000,0,0,1507072339,0.39
21/07/2023,-2300,-41400000,0(0.00 %),2000,36000000,4300,77400000,1507090339,0.39
24/07/2023,0,0,0(0.00 %),0,0,0,0,1507090339,0.39
25/07/2023,81900,1515110000,0(0.00 %),81900,1515110000,0,0,1507012739,0.39
26/07/2023,28000,514120000,0(0.00 %),28000,514120000,0,0,1506984739,0.0
27/07/2023,264600,4863580000,0(0.00 %),268600,4937180000,4000,73600000,1506720139,0.01
28/07/2023,49900,923160000,0(0.00 %),50000,925000000,100,1840000,1506666139,0.0
31/07/2023,96350,1874050000,0(0.00 %),122050,2368610000,25700,494560000,1506548089,0.41
01/08/2023,0,0,0(0.00 %),0,0,0,0,1506429189,0.41
02/08/2023,0,0,0(0.00 %),0,0,0,0,1506436789,0.41
03/08/2023,29300,590610000,0(0.00 %),37200,752290000,7900,161680000,1506560589,0.41
04/08/2023,-9100,-184750000,0(0.00 %),0,0,9100,184750000,1506615289,0.41
07/08/2023,-160596,-3308154700,0(0.00 %),800,16390000,161396,3324544700,1506775885,0.0
08/08/2023,102000,2079840000,0(0.00 %),102700,2094190000,700,14350000,1506673885,0.0
09/08/2023,99300,2050730000,0(0.00 %),100100,2067030000,800,16300000,1506574585,0.0
10/08/2023,59500,1251130000,0(0.00 %),76300,1601910000,16800,350780000,1506515085,0.0
11/08/2023,-6400,-130500000,0(0.00 %),20500,424300000,26900,554800000,1506521485,0.0
14/08/2023,100090,2066852000,0(0.00 %),100100,2067060000,10,208000,1506411485,0.41
15/08/2023,1300,26910000,0(0.00 %),1300,26910000,0,0,1506437085,0.41
16/08/2023,-1872800,-37922530000,0(0.00 %),1300,26490000,1874100,37949020000,1506435795,0.41
17/08/2023,91100,1838080000,0(0.00 %),118100,2382040000,27000,543960000,1506317695,0.42
18/08/2023,55950,1063470000,0(0.00 %),55950,1063470000,0,0,1508135845,0.36
21/08/2023,117350,2231070000,0(0.00 %),117350,2231070000,0,0,1508045495,0.36
22/08/2023,75300,1375940000,0(0.00 %),77800,1421440000,2500,45500000,1507967695,0.36
23/08/2023,363900,6715060000,0(0.00 %),369100,6811060000,5200,96000000,1507598595,0.38
24/08/2023,161800,2942810000,0(0.00 %),166000,3018830000,4200,76020000,1507435095,0.38
25/08/2023,-13900,-259310000,0(0.00 %),11100,205350000,25000,464660000,1507429195,0.38
28/08/2023,-1000,-18920000,0(0.00 %),1000,18600000,2000,37520000,1507432395,0.38
29/08/2023,370600,7101180000,0(0.00 %),388000,7433760000,17400,332580000,1507069395,0.39
30/08/2023,175000,3376070000,0(0.00 %),190000,3663530000,15000,287460000,1506881395,0.4
31/08/2023,143900,2801670000,0(0.00 %),144000,2803600000,100,1930000,1506754795,0.4
05/09/2023,280800,5634450000,0(0.00 %),490800,9834200000,210000,4199750000,1506278995,0.42
06/09/2023,359355,7383297500,0(0.00 %),359355,7383297500,0,0,1505919640,0.0
07/09/2023,570000,11835810000,0(0.00 %),640000,13285810000,70000,1450000000,1505489740,0.44
08/09/2023,589800,12340390000,0(0.00 %),621000,12996940000,31200,656550000,1504868740,0.46
11/09/2023,-145500,-3125880000,0(0.00 %),11600,249430000,157100,3375310000,1504927140,0.46
12/09/2023,64400,1346980000,0(0.00 %),67000,1402200000,2600,55220000,1504891340,0.46
13/09/2023,887200,19407670000,0(0.00 %),1261700,27644400000,374500,8236730000,1503786740,0.5
14/09/2023,10200,223720000,0(0.00 %),10200,223720000,0,0,1503779140,0.5
15/09/2023,1850,41254000,0(0.00 %),6500,144200000,4650,102946000,1504147140,0.49
18/09/2023,15100,329870000,0(0.00 %),17200,375830000,2100,45960000,1504132040,0.0
19/09/2023,39500,858970000,0(0.00 %),40500,880370000,1000,21400000,1504090440,0.0
20/09/2023,400,9150000,0(0.00 %),5500,119820000,5100,110670000,1504090040,0.0
21/09/2023,-13975,-307755000,0(0.00 %),4525,98645000,18500,406400000,1504086165,0.0
22/09/2023,116315,2436703500,0(0.00 %),154215,3234143500,37900,797440000,1503938050,0.49
25/09/2023,4047100,85977540000,0(0.00 %),4072700,86513820000,25600,536280000,1499883850,0.62
26/09/2023,806275,16777627500,0(0.00 %),808475,16823827500,2200,46200000,1499113275,0.65
27/09/2023,2190810,46318787000,0(0.00 %),2203310,46581087000,12500,262300000,1496909965,0.0
28/09/2023,104100,2272830000,0(0.00 %),114000,2490700000,9900,217870000,1496821565,0.0
29/09/2023,2400,52040000,0(0.00 %),2500,54250000,100,2210000,1496833765,0.72
02/10/2023,-19800,-427680000,0(0.00 %),200,4320000,20000,432000000,1496843465,0.72
03/10/2023,4279800,91440580000,0(0.00 %),4344300,92780160000,64500,1339580000,1492499265,0.86
04/10/2023,-327800,-6715820000,0(0.00 %),200,4080000,328000,6719900000,1492519065,0.86
05/10/2023,1431400,29056470000,0(0.00 %),1511600,30670530000,80200,1614060000,1491071965,0.91
06/10/2023,497400,9692180000,0(0.00 %),510100,9939870000,12700,247690000,1490889865,0.91
09/10/2023,3600,74220000,0(0.00 %),7600,156620000,4000,82400000,1490962465,0.91
10/10/2023,43600,911980000,0(0.00 %),50200,1050230000,6600,138250000,1490924965,0.91
11/10/2023,-3000,-64200000,0(0.00 %),30000,636000000,33000,700200000,1490898965,0.91
12/10/2023,-6500,-136080000,0(0.00 %),22200,465970000,28700,602050000,1490883365,0.91
13/10/2023,32800,690260000,0(0.00 %),85000,1791000000,52200,1100740000,1490831365,0.92
16/10/2023,609350,13232220000,0(0.00 %),611250,13273520000,1900,41300000,1490248815,0.94
17/10/2023,22350,454850000,0(0.00 %),32550,672130000,10200,217280000,1490268465,0.93
18/10/2023,643000,13267620000,0(0.00 %),643000,13267620000,0,0,1489627365,0.96
19/10/2023,10330,209158500,0(0.00 %),13330,271058500,3000,61900000,1489624235,0.96
20/10/2023,-1390,-28699000,0(0.00 %),10,201000,1400,28900000,1489624225,0.96
23/10/2023,-54800,-1128460000,0(0.00 %),2500,51050000,57300,1179510000,1489624725,0.96
24/10/2023,-198300,-3989420000,0(0.00 %),2000,40200000,200300,4029620000,1489622725,0.0
25/10/2023,-213500,-4185100000,0(0.00 %),5000,97500000,218500,4282600000,1489624125,0.96
26/10/2023,31100,563690000,0(0.00 %),31100,563690000,0,0,1489845625,0.95
27/10/2023,11360,207768000,0(0.00 %),11360,207768000,0,0,1490052765,0.94
30/10/2023,1110,20584000,0(0.00 %),3610,66284000,2500,45700000,1490049155,0.94
31/10/2023,50,950000,0(0.00 %),550,9950000,500,9000000,1490048605,0.94
01/11/2023,21840,380100000,0(0.00 %),34040,592200000,12200,212100000,1490017065,0.94
02/11/2023,-29295,-538717000,0(0.00 %),1005,18793000,30300,557510000,1490016560,0.94
03/11/2023,-3500,-66150000,0(0.00 %),0,0,3500,66150000,1490028760,0.94
06/11/2023,-10600,-197520000,0(0.00 %),200,3700000,10800,201220000,1490058860,0.94
07/11/2023,100,2120000,0(0.00 %),700,13280000,600,11160000,1490058760,0.0
08/11/2023,-11790,-224749000,0(0.00 %),210,3901000,12000,228650000,1490072250,0.94
09/11/2023,-110700,-2113420000,0(0.00 %),400,7600000,111100,2121020000,1490072450,0.94
10/11/2023,148005,2793115000,0(0.00 %),178205,3360995000,30200,567880000,1489906245,0.95
13/11/2023,-7220,-136730400,0(0.00 %),3180,59799600,10400,196530000,1490014165,0.94
14/11/2023,-149480,-2870012000,0(0.00 %),520,9988000,150000,2880000000,1490043845,0.94
15/11/2023,-100,-1940000,0(0.00 %),0,0,100,1940000,1490054245,0.94
16/11/2023,77300,1474950000,0(0.00 %),87300,1667950000,10000,193000000,1489976945,0.0
17/11/2023,-400,-7640000,0(0.00 %),0,0,400,7640000,1490117045,0.94
20/11/2023,-189900,-3548140000,0(0.00 %),100,1860000,190000,3550000000,1490126945,0.94
21/11/2023,-60890,-1157039200,0(0.00 %),1510,28840800,62400,1185880000,1490125835,0.94
22/11/2023,0,0,0(0.00 %),0,0,0,0,1490315835,0.93
23/11/2023,-1499500,-28817690000,0(0.00 %),500,9650000,1500000,28827340000,1491815335,0.0
24/11/2023,225,4120000,0(0.00 %),700,13050000,475,8930000,1491815110,0.0
27/11/2023,3500,65800000,0(0.00 %),3500,65800000,0,0,1491811610,0.0
28/11/2023,-1000000,-18551580000,0(0.00 %),0,0,1000000,18551580000,1492811610,0.0
29/11/2023,-501400,-9421130000,0(0.00 %),0,0,501400,9421130000,1493313010,0.0
30/11/2023,-1250700,-23649390000,0(0.00 %),0,0,1250700,23649390000,1494563710,0.0
01/12/2023,294500,5547170000,0(0.00 %),294500,5547170000,0,0,1492579510,0.01
04/12/2023,-500600,-9646200000,0(0.00 %),0,0,500600,9646200000,1493080110,0.0
05/12/2023,-730200,-14185220000,0(0.00 %),19800,387280000,750000,14572500000,1493810310,0.02
06/12/2023,-6000,-116400000,0(0.00 %),0,0,6000,116400000,1493816310,0.02
07/12/2023,119670,2254011000,0(0.00 %),121070,2280681000,1400,26670000,1493696640,0.04
08/12/2023,-15800,-298620000,0(0.00 %),0,0,15800,298620000,1493712440,0.06
11/12/2023,400,7600000,0(0.00 %),400,7600000,0,0,1493712040,0.06
12/12/2023,797600,15162830000,0(0.00 %),802600,15257330000,5000,94500000,1492914440,0.08
13/12/2023,-200,-3740000,0(0.00 %),300,5660000,500,9400000,1492914640,0.06
14/12/2023,-30000,-558000000,0(0.00 %),0,0,30000,558000000,1492944640,0.06
15/12/2023,0,0,0(0.00 %),0,0,0,0,1492944640,0.06
18/12/2023,0,0,0(0.00 %),0,0,0,0,1492944640,0.06
19/12/2023,0,0,0(0.00 %),0,0,0,0,1492944640,0.06
20/12/2023,800,14800000,0(0.00 %),800,14800000,0,0,1494695940,0.0
21/12/2023,0,0,0(0.00 %),0,0,0,0,1494695940,0.0
22/12/2023,-309600,-5709080000,0(0.00 %),1200,22200000,310800,5731280000,1495005540,0.0
25/12/2023,0,0,0(0.00 %),0,0,0,0,1495005540,0.0
26/12/2023,100500,1866980000,0(0.00 %),100500,1866980000,0,0,1494905040,0.79
27/12/2023,-500,-9300000,0(0.00 %),500,9300000,1000,18600000,1494904540,0.0
28/12/2023,6400,118400000,0(0.00 %),6400,118400000,0,0,1494898140,0.0
29/12/2023,0,0,0(0.00 %),0,0,0,0,1494899140,0.79
02/01/2024,100,1880000,0(0.00 %),100,1880000,0,0,1494899070,0.79
03/01/2024,0,0,0(0.00 %),0,0,0,0,1494899040,0.0
04/01/2024,273500,5151740000,0(0.00 %),273800,5157440000,300,5700000,1494625540,0.01
05/01/2024,18100,343890000,0(0.00 %),18300,347690000,200,3800000,1494607440,0.0
08/01/2024,50900,957030000,0(0.00 %),51200,962700000,300,5670000,1494556540,0.0
09/01/2024,-439500,-8150180000,0(0.00 %),22500,417810000,462000,8567990000,1494533760,0.8
10/01/2024,-320400,-5893840000,0(0.00 %),15100,278830000,335500,6172670000,1494518910,0.8
11/01/2024,-441000,-8084330000,0(0.00 %),0,0,441000,8084330000,1494981000,0.78
12/01/2024,100,1840000,0(0.00 %),100,1840000,0,0,1495757340,0.0
15/01/2024,500,9150000,0(0.00 %),500,9150000,0,0,1495756800,0.76
16/01/2024,-100000,-1822810000,0(0.00 %),0,0,100000,1822810000,1495756800,0.76
17/01/2024,-236700,-4339710000,0(0.00 %),0,0,236700,4339710000,1495756800,0.76
18/01/2024,-91200,-1679510000,0(0.00 %),1800,33120000,93000,1712630000,1496184740,0.0
19/01/2024,799200,14998640000,0(0.00 %),800000,15013600000,800,14960000,1495385540,0.02
22/01/2024,2999400,56849520000,0(0.00 %),3000500,56870090000,1100,20570000,1492386140,0.09
23/01/2024,-118500,-2209630000,0(0.00 %),1000,18700000,119500,2228330000,1492504640,0.0
24/01/2024,3379600,64438700000,0(0.00 %),3505100,66789720000,125500,2351020000,1489125040,0.11
25/01/2024,-156500,-2940120000,0(0.00 %),500,9350000,157000,2949470000,1489281540,0.0
26/01/2024,3000000,58445920000,0(0.00 %),3000000,58445920000,0,0,1486281540,0.09
29/01/2024,200,3820000,0(0.00 %),200,3820000,0,0,1486281340,1.06
30/01/2024,2667300,51411640000,0(0.00 %),2668000,51425000000,700,13360000,1483613310,1.15
31/01/2024,100000,1885410000,0(0.00 %),100000,1885410000,0,0,1483513340,1.15
01/02/2024,300,5580000,0(0.00 %),300,5580000,0,0,1483513040,0.0
02/02/2024,0,0,0(0.00 %),0,0,0,0,1483513730,1.15
05/02/2024,-885000,-16373960000,0(0.00 %),100000,1845000000,985000,18218960000,1483413740,0.0
06/02/2024,0,0,0(0.00 %),0,0,0,0,1483413760,1.16
07/02/2024,1600,29700000,0(0.00 %),1600,29700000,0,0,1484397180,1.12
15/02/2024,-4900,-92110000,0(0.00 %),0,0,4900,92110000,1484397180,1.12
16/02/2024,-1700,-31910000,0(0.00 %),600,11330000,2300,43240000,1484396540,1.12
19/02/2024,623500,12232140000,0(0.00 %),637200,12501120000,13700,268980000,1483764220,1.14
20/02/2024,-1500,-29700000,0(0.00 %),0,0,1500,29700000,1483766530,1.14
21/02/2024,-100,-1940000,0(0.00 %),0,0,100,1940000,1483780220,1.14
22/02/2024,0,0,0(0.00 %),0,0,0,0,1483780220,1.14
23/02/2024,-100200,-1928930000,0(0.00 %),10000,191000000,110200,2119930000,1483771740,0.0
26/02/2024,16600,317780000,0(0.00 %),16600,317780000,0,0,1483755260,1.14
27/02/2024,-55000,-1066760000,0(0.00 %),3000,58100000,58000,1124860000,1483752240,0.0
28/02/2024,-107700,-2144860000,0(0.00 %),102700,2068070000,210400,4212930000,1483759740,0.0
29/02/2024,101200,2023740000,0(0.00 %),147300,2936370000,46100,912630000,1483670400,1.15
01/03/2024,500,9950000,0(0.00 %),500,9950000,0,0,1483669940,0.0
04/03/2024,-55000,-1091290000,0(0.00 %),18000,359910000,73000,1451200000,1483862340,0.0
05/03/2024,-190000,-3744510000,0(0.00 %),10000,197990000,200000,3942500000,1483898500,1.14
06/03/2024,2000,39020000,0(0.00 %),2000,39020000,0,0,1483896440,0.0
07/03/2024,-2000,-39200000,0(0.00 %),0,0,2000,39200000,1483969440,0.0
08/03/2024,-3790,-73715000,0(0.00 %),1210,23785000,5000,97500000,1484168230,0.0
11/03/2024,300,5770000,0(0.00 %),300,5770000,0,0,1484167930,0.0
12/03/2024,-488500,-9296340000,0(0.00 %),11500,218660000,500000,9515000000,1484163460,1.13
13/03/2024,-498900,-9460710000,0(0.00 %),1100,20790000,500000,9481500000,1484162330,1.13
14/03/2024,-1450000,-28064380000,0(0.00 %),51000,988290000,1501000,29052670000,1484111330,0.0
15/03/2024,-962800,-18539010000,0(0.00 %),37200,718420000,1000000,19257430000,1484574130,0.0
18/03/2024,-959400,-17968100000,0(0.00 %),41000,774360000,1000400,18742460000,1486534140,1.06
19/03/2024,-396300,-7470700000,0(0.00 %),628700,11874200000,1025000,19344900000,1486905470,1.04
20/03/2024,-105000,-1946440000,0(0.00 %),400000,7585000000,505000,9531440000,1486505430,0.0
21/03/2024,395000,7581470000,0(0.00 %),400000,7677470000,5000,96000000,1487105830,0.0
22/03/2024,389500,7477210000,0(0.00 %),390500,7496410000,1000,19200000,1487740330,0.0
25/03/2024,-185000,-3521910000,0(0.00 %),345000,6659310000,530000,10181220000,1487905280,1.01
26/03/2024,338600,6553850000,0(0.00 %),760000,14648990000,421400,8095140000,1487145330,0.0
27/03/2024,-104800,-1985720000,0(0.00 %),399700,7717090000,504500,9702810000,1487276670,1.03
28/03/2024,-451700,-8631360000,0(0.00 %),49000,941860000,500700,9573220000,1487649000,1.02
29/03/2024,535600,10358800000,0(0.00 %),536000,10366520000,400,7720000,1487617540,1.02
01/04/2024,-959400,-18483040000,0(0.00 %),41100,793030000,1000500,19276070000,1488077180,1.01
02/04/2024,-738000,-14112110000,0(0.00 %),262300,5077520000,1000300,19189630000,1487814830,0.0
03/04/2024,-1373700,-27219180000,0(0.00 %),534000,10590700000,1907700,37809880000,1488281730,1.0
04/04/2024,-1142200,-22275300000,0(0.00 %),558100,10922640000,1700300,33197940000,1487723630,0.0
05/04/2024,251600,5070730000,0(0.00 %),767200,15400870000,515600,10330140000,1489864450,0.95
08/04/2024,-719700,-14303530000,0(0.00 %),30300,601470000,750000,14905000000,1489834130,0.0
09/04/2024,-941900,-18609540000,0(0.00 %),67300,1332820000,1009200,19942360000,1491467130,0.0
10/04/2024,-795500,-15564630000,0(0.00 %),5900,115730000,801400,15680360000,1491976830,0.0
11/04/2024,796207,15573497200,0(0.00 %),797007,15589097200,800,15600000,1492944000,0.85
12/04/2024,-996100,-19441080000,0(0.00 %),3900,76140000,1000000,19517220000,1493741570,0.82
15/04/2024,-957592,-18987230800,0(0.00 %),307408,6062269200,1265000,25049500000,1493434115,0.0
16/04/2024,323232,6116028000,0(0.00 %),363232,6877428000,40000,761400000,1493071683,0.0
17/04/2024,62608,1160711200,0(0.00 %),62608,1160711200,0,0,1494009075,0.0
19/04/2024,65100,1194410000,0(0.00 %),68100,1249910000,3000,55500000,1495205975,0.0
22/04/2024,534100,9756370000,0(0.00 %),534100,9756370000,0,0,1494711940,0.79
23/04/2024,50100,896820000,0(0.00 %),50100,896820000,0,0,1494664830,0.79
24/04/2024,-10000,-181000000,0(0.00 %),0,0,10000,181000000,1494664775,0.0
25/04/2024,122400,2201100000,0(0.00 %),122400,2201100000,0,0,1494542375,0.0
26/04/2024,0,0,0(0.00 %),0,0,0,0,1494552320,0.8
02/05/2024,4000,72600000,0(0.00 %),20000,360000000,16000,287400000,1494532350,0.8
03/05/2024,-1930000,-34848000000,0(0.00 %),20000,362000000,1950000,35210000000,1494512380,0.8
06/05/2024,-200,-3700000,0(0.00 %),0,0,200,3700000,1494528380,0.8
07/05/2024,0,0,0(0.00 %),0,0,0,0,1496478340,0.73
08/05/2024,95000,1829390000,0(0.00 %),95000,1829390000,0,0,1496383620,0.74
09/05/2024,0,0,0(0.00 %),0,0,0,0,1496383620,0.74
10/05/2024,-9000,-171500000,0(0.00 %),0,0,9000,171500000,1496383620,0.74
13/05/2024,-716100,-13520740000,0(0.00 %),5500,104500000,721600,13625240000,1496378110,0.74
14/05/2024,-1197500,-22663170000,0(0.00 %),6600,126030000,1204100,22789200000,1496371475,0.0
15/05/2024,0,0,0(0.00 %),0,0,0,0,1496380475,0.0
16/05/2024,-47596,-929443600,0(0.00 %),2804,53276400,50400,982720000,1497099271,0.0
17/05/2024,0,0,0(0.00 %),0,0,0,0,1498303360,0.68
20/05/2024,-25700,-508530000,0(0.00 %),10300,204970000,36000,713500000,1498343420,0.67
21/05/2024,600,11740000,0(0.00 %),1200,23640000,600,11900000,1498342270,0.67
22/05/2024,-137400,-2885630000,0(0.00 %),24800,519250000,162200,3404880000,1498353410,0.67
23/05/2024,-52900,-1182300000,0(0.00 %),10000,225000000,62900,1407300000,1498344060,0.67
24/05/2024,-19800,-453530000,0(0.00 %),2800,63420000,22600,516950000,1498341271,0.0
27/05/2024,100,2240000,0(0.00 %),100,2240000,0,0,1498566270,0.67
28/05/2024,-10600,-245790000,0(0.00 %),4500,103100000,15100,348890000,1498584320,0.67
29/05/2024,-58300,-1387460000,0(0.00 %),14500,341900000,72800,1729360000,1498569860,0.67
30/05/2024,-47500,-1104690000,0(0.00 %),15700,355110000,63200,1459800000,1498569220,0.67
31/05/2024,0,0,0(0.00 %),0,0,0,0,1498642000,0.66
03/06/2024,0,0,0(0.00 %),0,0,0,0,1498642071,0.0
04/06/2024,-18500,-434130000,0(0.00 %),0,0,18500,434130000,1498705271,0.0
05/06/2024,6600,153000000,0(0.00 %),8000,185560000,1400,32560000,1498697271,0.0
06/06/2024,-10200,-241170000,0(0.00 %),0,0,10200,241170000,1498715771,0.66
07/06/2024,0,0,0(0.00 %),0,0,0,0,1498717171,0.66
10/06/2024,41300,972150000,0(0.00 %),41300,972150000,0,0,1498675871,0.0
11/06/2024,37690,872576500,0(0.00 %),37700,872810000,10,233500,1498638181,0.0
12/06/2024,27900,643570000,0(0.00 %),27900,643570000,0,0,1498620471,0.67
13/06/2024,24500,569980000,0(0.00 %),24800,576960000,300,6980000,1498595681,0.67
14/06/2024,27000,621630000,0(0.00 %),27000,621630000,0,0,1498568681,0.67
17/06/2024,0,-400000,0(0.00 %),2000,45800000,2000,46200000,1498566981,0.67
18/06/2024,-2000,-47800000,0(0.00 %),0,0,2000,47800000,1498566981,0.67
19/06/2024,273200,6594240000,0(0.00 %),273500,6601530000,300,7290000,1498295481,0.68
20/06/2024,408600,10049830000,0(0.00 %),410100,10086890000,1500,37060000,1497887381,0.69
21/06/2024,-688000,-16644560000,0(0.00 %),349000,8465560000,1037000,25110120000,1497538681,0.7
24/06/2024,13000,300400000,0(0.00 %),13000,300400000,0,0,1497527181,0.7
25/06/2024,6200,140180000,0(0.00 %),6200,140180000,0,0,1498557981,0.67
26/06/2024,0,0,0(0.00 %),0,0,0,0,1498557981,0.67
27/06/2024,-4000,-90400000,0(0.00 %),0,0,4000,90400000,1498557981,0.67
28/06/2024,-14999,-336177500,0(0.00 %),8001,175122500,23000,511300000,1498549980,0.67
03/07/2024,15000,335500000,0(0.00 %),20000,446000000,5000,110500000,1498516480,0.0
04/07/2024,78700,1810150000,0(0.00 %),79200,1821600000,500,11450000,1498437780,0.0
05/07/2024,50000,1131500000,0(0.00 %),50000,1131500000,0,0,1498387780,0.0
08/07/2024,130800,3017650000,0(0.00 %),134000,3091360000,3200,73710000,1498256980,0.0
09/07/2024,28500,668890000,0(0.00 %),33500,787090000,5000,118200000,1498228480,0.0
10/07/2024,-9500,-230250000,0(0.00 %),500,11750000,10000,242000000,1498237980,0.0
11/07/2024,500,11650000,0(0.00 %),500,11650000,0,0,1498237480,0.0
12/07/2024,-128500,-3058350000,0(0.00 %),0,0,128500,3058350000,1498365980,0.0
15/07/2024,115000,2772100000,0(0.00 %),163000,3919300000,48000,1147200000,1498250980,0.0
16/07/2024,23500,560230000,0(0.00 %),23500,560230000,0,0,1498227480,0.0
17/07/2024,91280,2117204000,0(0.00 %),91280,2117204000,0,0,1498136200,0.0
18/07/2024,26000,587500000,0(0.00 %),26000,587500000,0,0,1498110200,0.0
19/07/2024,8100,184810000,0(0.00 %),10100,230810000,2000,46000000,1498102100,0.0
22/07/2024,5500,121900000,0(0.00 %),5500,121900000,0,0,1498096600,0.0
23/07/2024,-310200,-6792880000,0(0.00 %),20000,438500000,330200,7231380000,1498406800,0.0
24/07/2024,26310,561861000,0(0.00 %),26610,568221000,300,6360000,1498380490,0.0
25/07/2024,331900,7218940000,0(0.00 %),331900,7218940000,0,0,1498048590,0.0
26/07/2024,0,0,0(0.00 %),0,0,0,0,1498048590,0.0
29/07/2024,-100,-2190000,0(0.00 %),0,0,100,2190000,1498048690,0.0
30/07/2024,0,0,0(0.00 %),0,0,0,0,1498048690,0.0
31/07/2024,9010,196179000,0(0.00 %),64010,1462229000,55000,1266050000,1498039680,0.0
01/08/2024,500,11150000,0(0.00 %),500,11150000,0,0,1497989880,0.0
02/08/2024,300,6290000,0(0.00 %),800,17540000,500,11250000,1497989580,0.0
05/08/2024,-63710,-1404550000,0(0.00 %),0,0,63710,1404550000,1498053290,0.0
06/08/2024,2000,43950000,0(0.00 %),2000,43950000,0,0,1498051290,0.0
07/08/2024,-1100,-24890000,0(0.00 %),0,0,1100,24890000,1498052390,0.0
08/08/2024,-4500,-103680000,0(0.00 %),1400,31980000,5900,135660000,1498056890,0.0
09/08/2024,1000,22820000,0(0.00 %),1000,22820000,0,0,1498055890,0.0
12/08/2024,20500,477960000,0(0.00 %),22000,513110000,1500,35150000,1498035390,0.0
13/08/2024,465850,10924895000,0(0.00 %),466350,10936845000,500,11950000,1497569540,0.0
14/08/2024,380910,8823770000,0(0.00 %),581410,13504540000,200500,4680770000,1497188630,0.0
15/08/2024,269300,6183470000,0(0.00 %),270300,6206370000,1000,22900000,1496919330,0.0
16/08/2024,219900,5214900000,0(0.00 %),230000,5457090000,10100,242190000,1496699430,0.0
19/08/2024,-2400,-58790000,0(0.00 %),100,2410000,2500,61200000,1496701830,0.0
20/08/2024,-42800,-1024290000,0(0.00 %),4500,108050000,47300,1132340000,1496744630,0.0
21/08/2024,50900,1241550000,0(0.00 %),51000,1244000000,100,2450000,1496693730,0.0
22/08/2024,64300,1553350000,0(0.00 %),64300,1553350000,0,0,1496629430,0.0
23/08/2024,500,12020000,0(0.00 %),2000,47900000,1500,35880000,1496628930,0.0
26/08/2024,253150,6077365000,0(0.00 %),253200,6078570000,50,1205000,1496375780,0.0
27/08/2024,305300,7308290000,0(0.00 %),305300,7308290000,0,0,1496070480,0.0
28/08/2024,36000,874650000,0(0.00 %),41000,995650000,5000,121000000,1496034480,0.0
29/08/2024,-52000,-1242800000,0(0.00 %),1000,23900000,53000,1266700000,1496086480,0.0
30/08/2024,-1000,-23900000,0(0.00 %),0,0,1000,23900000,1496087480,0.0
04/09/2024,0,0,0(0.00 %),0,0,0,0,1496088480,0.0
05/09/2024,332200,7768570000,0(0.00 %),332200,7768570000,0,0,1495756280,0.0
06/09/2024,-515667,-11827904300,0(0.00 %),5733,131255700,521400,11959160000,1496271947,0.0
09/09/2024,302500,7080450000,0(0.00 %),322500,7546450000,20000,466000000,1495969447,0.0
10/09/2024,-37500,-874580000,0(0.00 %),0,0,37500,874580000,1496006947,0.0
11/09/2024,24800,566560000,0(0.00 %),30000,687000000,5200,120440000,1495982147,0.0
12/09/2024,4500,104850000,0(0.00 %),4500,104850000,0,0,1495977647,0.0
13/09/2024,5500,127050000,0(0.00 %),5500,127050000,0,0,1495972147,0.0
16/09/2024,7300,168630000,0(0.00 %),7300,168630000,0,0,1495964847,0.0
17/09/2024,0,-150000,0(0.00 %),500,11600000,500,11750000,1495964847,0.0
18/09/2024,-500000,-11780000000,0(0.00 %),0,0,500000,11780000000,1496464847,0.0
19/09/2024,-500000,-11709480000,0(0.00 %),0,0,500000,11709480000,1496964847,0.0
20/09/2024,-29500,-702930000,0(0.00 %),51000,1223020000,80500,1925950000,1496994347,0.0
23/09/2024,-16026,-382121400,0(0.00 %),2974,71078600,19000,453200000,1497010373,0.0
24/09/2024,500,11900000,0(0.00 %),500,11900000,0,0,1497009873,0.0
25/09/2024,634400,15286880000,0(0.00 %),634900,15298980000,500,12100000,1496375473,0.0
26/09/2024,1184400,29263250000,0(0.00 %),1211300,29932350000,26900,669100000,1495191073,0.0
27/09/2024,888,21734800,0(0.00 %),888,21734800,0,0,1495190185,0.0
30/09/2024,4400,106190000,0(0.00 %),4400,106190000,0,0,1495185785,0.0
01/10/2024,6212,153589300,0(0.00 %),46712,1133789300,40500,980200000,1494795560,0.0
02/10/2024,2600,62980000,0(0.00 %),2600,62980000,0,0,1494792960,0.0
03/10/2024,-296300,-7104840000,0(0.00 %),53700,1301670000,350000,8406510000,1495089260,0.0
04/10/2024,-700,-16650000,0(0.00 %),100,2390000,800,19040000,1495089960,0.0
07/10/2024,-208,-4972800,0(0.00 %),0,0,208,4972800,1495090168,0.0
08/10/2024,10000,244000000,0(0.00 %),10000,244000000,0,0,1495080168,0.0
09/10/2024,-676400,-16367400000,0(0.00 %),3600,86910000,680000,16454310000,1495756568,0.0
10/10/2024,-397500,-9623680000,0(0.00 %),2500,60320000,400000,9684000000,1496154068,0.0
11/10/2024,-440000,-10707480000,0(0.00 %),0,0,440000,10707480000,1496594068,0.0
14/10/2024,-395000,-9300090000,0(0.00 %),5000,118240000,400000,9418330000,1496989068,0.0
15/10/2024,-489056,-11237909200,0(0.00 %),10944,250090800,500000,11488000000,1497478124,0.0
16/10/2024,1900,42960000,0(0.00 %),1900,42960000,0,0,1497476224,0.0
17/10/2024,18300,409710000,0(0.00 %),18300,409710000,0,0,1497457924,0.0
18/10/2024,-188500,-4223310000,0(0.00 %),4300,96310000,192800,4319620000,1497646424,0.0
21/10/2024,-167600,-3721790000,0(0.00 %),12900,285020000,180500,4006810000,1497814024,0.0
22/10/2024,-617800,-13322970000,0(0.00 %),11300,244760000,629100,13567730000,1498431824,0.0
23/10/2024,-1000,-21700000,0(0.00 %),0,0,1000,21700000,1498432824,0.0
24/10/2024,200,4340000,0(0.00 %),200,4340000,0,0,1498432624,0.0
25/10/2024,100,2130000,0(0.00 %),100,2130000,0,0,1498432524,0.0
28/10/2024,0,0,0(0.00 %),0,0,0,0,1498432524,0.0
29/10/2024,-185000,-3948200000,0(0.00 %),0,0,185000,3948200000,1498617524,0.0
30/10/2024,-148000,-3182190000,0(0.00 %),10000,215000000,158000,3397190000,1498765524,0.0
31/10/2024,5500,114730000,0(0.00 %),6500,135930000,1000,21200000,1498760024,0.0
01/11/2024,35000,738500000,0(0.00 %),35000,738500000,0,0,1498606524,0.0
04/11/2024,0,-20000,0(0.00 %),1100,22970000,1100,22990000,1498606524,0.0
05/11/2024,0,0,0(0.00 %),0,0,0,0,1498606524,0.0
06/11/2024,-4100,-89190000,0(0.00 %),6200,130200000,10300,219390000,1498610624,0.0
07/11/2024,151100,3247300000,0(0.00 %),151100,3247300000,0,0,1498459524,0.0
08/11/2024,-1700,-36210000,0(0.00 %),300,6390000,2000,42600000,1498461224,0.0
11/11/2024,-347934,-7303677400,0(0.00 %),1366,28622600,349300,7332300000,1498809158,0.0
12/11/2024,-173300,-3620400000,0(0.00 %),400,8270000,173700,3628670000,1499562858,0.63
13/11/2024,3900,78890000,0(0.00 %),4900,99190000,1000,20300000,1498978558,0.0
14/11/2024,-126600,-2509780000,0(0.00 %),1400,27670000,128000,2537450000,1499105158,0.0
15/11/2024,85200,1624620000,0(0.00 %),85200,1624620000,0,0,1499019958,0.0
18/11/2024,26800,509020000,0(0.00 %),27800,528020000,1000,19000000,1498993158,0.0
19/11/2024,12000,229200000,0(0.00 %),12000,229200000,0,0,1498981158,0.0
20/11/2024,0,0,0(0.00 %),0,0,0,0,1498981158,0.0
21/11/2024,-12000,-230400000,0(0.00 %),0,0,12000,230400000,1498993158,0.0
22/11/2024,-65500,-1267710000,0(0.00 %),1000,19400000,66500,1287110000,1499058658,0.0
25/11/2024,1500,28950000,0(0.00 %),1500,28950000,0,0,1499149658,0.65
26/11/2024,-64300,-1251300000,0(0.00 %),0,0,64300,1251300000,1499216158,0.65
27/11/2024,-3600,-70200000,0(0.00 %),0,0,3600,70200000,1499216158,0.65
28/11/2024,0,0,0(0.00 %),0,0,0,0,1499280458,0.64
29/11/2024,-3000,-58810000,0(0.00 %),100,1950000,3100,60760000,1499283958,0.64
02/12/2024,0,0,0(0.00 %),0,0,0,0,1499283958,0.64
03/12/2024,900,17350000,0(0.00 %),1100,21220000,200,3870000,1499285958,0.64
04/12/2024,-73300,-1421770000,0(0.00 %),0,0,73300,1421770000,1499285958,0.64
05/12/2024,-10500,-205950000,0(0.00 %),0,0,10500,205950000,1499286158,0.64
09/12/2024,-625000,-13244460000,0(0.00 %),0,0,625000,13244460000,1499159958,0.65
10/12/2024,-762900,-16175820000,0(0.00 %),178100,3783100000,941000,19958920000,1498987858,0.65
16/12/2024,-303600,-6698610000,0(0.00 %),2800,62750000,306400,6761360000,1500966658,0.59
17/12/2024,-495500,-10798320000,0(0.00 %),4500,97900000,500000,10896220000,1501016658,0.59
18/12/2024,0,-300000,0(0.00 %),1000,22000000,1000,22300000,1501322058,0.58
19/12/2024,-9400,-206960000,0(0.00 %),1100,24200000,10500,231160000,1501820958,0.56
20/12/2024,55550,1232510000,0(0.00 %),58050,1287910000,2500,55400000,1501763908,0.56
24/12/2024,0,0,0(0.00 %),0,0,0,0,1501724808,0.57
25/12/2024,-100000,-2220000000,0(0.00 %),0,0,100000,2220000000,1501773808,0.56
26/12/2024,9200,208680000,0(0.00 %),10000,227000000,800,18320000,1501848808,0.56
27/12/2024,700,15820000,0(0.00 %),700,15820000,0,0,1501948108,0.56
30/12/2024,1000,22300000,0(0.00 %),1000,22300000,0,0,1501947908,0.56
31/12/2024,19700,446960000,0(0.00 %),20700,469820000,1000,22860000,1501927208,0.56
02/01/2025,7200,163960000,0(0.00 %),8400,191420000,1200,27460000,1501918808,0.56
03/01/2025,200,3970000,0(0.00 %),3200,71070000,3000,67100000,1501916608,0.56
06/01/2025,2003,43866900,0(0.00 %),2003,43866900,0,0,1501915805,0.56
07/01/2025,0,0,0(0.00 %),0,0,0,0,1501915805,0.56
08/01/2025,0,0,0(0.00 %),0,0,0,0,1501918805,0.56
09/01/2025,0,0,0(0.00 %),0,0,0,0,1501918805,0.56
10/01/2025,0,0,0(0.00 %),0,0,0,0,1501918805,0.56
13/01/2025,0,0,0(0.00 %),0,0,0,0,1501918805,0.56
14/01/2025,0,0,0(0.00 %),0,0,0,0,1501918805,0.56
15/01/2025,0,0,0(0.00 %),0,0,0,0,1501918805,0.56
17/01/2025,-1180300,-25942895000,0(0.00 %),13600,304570000,1193900,26247465000,1501905205,0.56
20/01/2025,0,0,21.05(-2.55 %),0,0,0,0,1501905205,0.56
21/01/2025,-55900,-1143030000,20.25(-3.80 %),63100,1300220000,119000,2443250000,1503036005,0.52
22/01/2025,1000,20575000,20.55(1.48 %),1000,20575000,0,0,1503035005,0.52
23/01/2025,20300,418260000,20.5(-0.24 %),20300,418260000,0,0,1503133705,0.52
24/01/2025,-231000,-4694290000,20.3(-0.98 %),0,0,231000,4694290000,1503133705,0.52
03/02/2025,26100,538220000,0(0.00 %),26100,538220000,0,0,1503107605,0.52
04/02/2025,1300,27160000,20.85(0.72 %),31300,651160000,30000,624000000,1503307305,0.51
05/02/2025,62300,1294675000,20.75(-0.48 %),62300,1294675000,0,0,1503245005,0.52
06/02/2025,-81600,-1675155000,20.5(-1.20 %),32500,668125000,114100,2343280000,1503242505,0.52
07/02/2025,-319300,-6507720000,20.35(-0.73 %),12800,261780000,332100,6769500000,1503229705,0.52
10/02/2025,-358000,-7289905000,20.4(0.25 %),0,0,358000,7289905000,1503343805,0.51
11/02/2025,-340900,-6916555000,20.2(-0.98 %),1100,22290000,342000,6938845000,1503674805,0.5
12/02/2025,-301300,-6080180000,20.15(-0.25 %),1000,20150000,302300,6100330000,1504031805,0.49
13/02/2025,-214500,-4260160000,19.85(-1.49 %),1500,29900000,216000,4290060000,1504372305,0.48
14/02/2025,-202600,-4081430000,20.1(1.26 %),500,10125000,203100,4091555000,1504674105,0.47
17/02/2025,-167600,-3354800000,20.1(0.00 %),32800,659290000,200400,4014090000,1504857305,0.46
18/02/2025,5900,118210000,20.05(-0.25 %),5900,118210000,0,0,1505054505,0.46
19/02/2025,47400,954810000,20.4(1.75 %),47900,965010000,500,10200000,1505207005,0.45
20/02/2025,-11900,-242020000,20.25(-0.74 %),0,0,11900,242020000,1505207008,0.45
21/02/2025,-15400,-311400000,20.15(-0.49 %),0,0,15400,311400000,1505207508,0.45
24/02/2025,-438200,-8781825000,20.15(0.00 %),200,4020000,438400,8785845000,1505219208,0.45
25/02/2025,-288800,-5884630000,20.45(1.49 %),22000,445500000,310800,6330130000,1505212608,0.45
26/02/2025,-9300,-188975000,20.25(-0.98 %),0,0,9300,188975000,1505651008,0.44
27/02/2025,-18900,-381430000,20.25(0.00 %),0,0,18900,381430000,1505961808,0.43
28/02/2025,325500,6669665000,20.45(0.99 %),343700,7046105000,18200,376440000,1505627408,0.44
03/03/2025,-1600,-32820000,20.6(0.73 %),0,0,1600,32820000,1505646318,0.44
04/03/2025,-37400,-763760000,20.35(-1.21 %),0,0,37400,763760000,1505664518,0.44
05/03/2025,-739800,-14995905000,20.05(-1.47 %),0,0,739800,14995905000,1505666118,0.44
06/03/2025,-824500,-16403805000,19.8(-1.25 %),6000,118975000,830500,16522780000,1505697518,0.44
07/03/2025,-574100,-11358930000,19.9(0.51 %),83400,1647030000,657500,13005960000,1506353918,0.42
10/03/2025,-511700,-10148375000,19.75(-0.75 %),300,5940000,512000,10154315000,1507184118,0.39
11/03/2025,-883900,-17166665000,19.45(-1.52 %),300,5820000,884200,17172485000,1507184118,0.39
12/03/2025,-291400,-5704305000,19.6(0.77 %),1500,29415000,292900,5733720000,1508351818,0.35
13/03/2025,-210100,-4089450000,19.3(-1.53 %),0,0,210100,4089450000,1509236018,0.32
14/03/2025,-252300,-4823495000,18.95(-1.81 %),1400,26720000,253700,4850215000,1509527518,0.31
17/03/2025,10700,189205000,19.3(1.85 %),71400,1355005000,60700,1165800000,1509666218,0.31
18/03/2025,-3800,-75660000,19.9(3.11 %),0,0,3800,75660000,1509919918,0.3
19/03/2025,1100,21725000,19.7(-1.01 %),1100,21725000,0,0,1509979518,0.3
20/03/2025,-130200,-2553730000,19.6(-0.51 %),5500,106975000,135700,2660705000,1509977818,0.3
21/03/2025,0,0,19.5(-0.51 %),0,0,0,0,1509977818,0.3
24/03/2025,-3000,-58050000,19.35(-0.77 %),0,0,3000,58050000,1510113518,0.29
25/03/2025,1700,33150000,19.45(0.52 %),1700,33150000,0,0,1510111818,0.29
26/03/2025,-75000,-1482435000,19.65(1.03 %),0,0,75000,1482435000,1510114818,0.29
27/03/2025,-4500,-88400000,19.55(-0.51 %),500,9850000,5000,98250000,1510114318,0.29
28/03/2025,0,0,19.2(-1.79 %),0,0,0,0,1510189318,0.29
31/03/2025,-105600,-2004285000,18.95(-1.30 %),2900,54955000,108500,2059240000,1510191418,0.29
01/04/2025,-8500,-164400000,19.45(2.64 %),0,0,8500,164400000,1510191418,0.29
02/04/2025,0,0,19.35(-0.51 %),0,0,0,0,1510299918,0.29
03/04/2025,-2600,-49440000,18(-6.98 %),1800,32400000,4400,81840000,1510306618,0.29
04/04/2025,-43700,-736110000,16.75(-6.94 %),1800,30150000,45500,766260000,1510304818,0.29
08/04/2025,1100,19160000,15.6(-6.87 %),46100,724910000,45000,705750000,1510263118,0.29
09/04/2025,44500,651185000,14.55(-6.73 %),47600,696290000,3100,45105000,1510261018,0.29
10/04/2025,-6900,-107295000,15.55(6.87 %),0,0,6900,107295000,1510306018,0.29
11/04/2025,97500,1516755000,16.15(3.86 %),128900,2011710000,31400,494955000,1510180218,0.29
14/04/2025,65400,1080445000,16.65(3.10 %),110400,1810060000,45000,729615000,1510076718,0.3
15/04/2025,23200,377960000,15.95(-4.20 %),23200,377960000,0,0,1510084918,0.3
16/04/2025,-116500,-1829150000,15.6(-2.19 %),4800,75580000,121300,1904730000,1510125118,0.29
17/04/2025,77400,1209930000,15.75(0.96 %),132100,2048075000,54700,838145000,1509993018,0.3
18/04/2025,-52100,-830790000,15.95(1.27 %),26800,430970000,78900,1261760000,1510087518,0.3
21/04/2025,-13500,-216615000,15.7(-1.57 %),900,14265000,14400,230880000,1510141318,0.29
22/04/2025,-100700,-1479425000,15(-4.46 %),23000,341625000,123700,1821050000,1510197218,0.29
23/04/2025,-26800,-413580000,15.4(2.67 %),23300,358960000,50100,772540000,1510188318,0.29
24/04/2025,163300,2565880000,15.7(1.95 %),257800,4051970000,94500,1486090000,1510054218,0.3
25/04/2025,58400,927695000,16.05(2.23 %),109700,1753950000,51300,826255000,1509994618,0.3
28/04/2025,0,0,16.15(0.62 %),0,0,0,0,1510089118,0.3
29/04/2025,300,4800000,16.05(-0.62 %),300,4800000,0,0,1510140118,0.29
05/05/2025,179500,2882040000,16.1(0.31 %),179500,2882040000,0,0,1509960618,0.3
06/05/2025,49500,815200000,16.5(2.48 %),49500,815200000,0,0,1509911118,0.3
07/05/2025,75000,1340145000,17.65(6.97 %),199200,3459210000,124200,2119065000,1509836118,0.3
08/05/2025,-219600,-3968000000,17.95(1.70 %),0,0,219600,3968000000,1509836118,0.3
09/05/2025,59800,1070850000,18(0.28 %),105900,1896770000,46100,825920000,1509776318,0.31
12/05/2025,18000,325320000,18.15(0.83 %),25500,460320000,7500,135000000,1509977918,0.3
13/05/2025,1600,29040000,18.15(0.00 %),1600,29040000,0,0,1509976318,0.3
14/05/2025,25500,461550000,18.15(0.00 %),25500,461550000,0,0,1509950818,0.3
15/05/2025,94500,1678510000,18(-0.83 %),94500,1694485000,0,15975000,1509857218,0.3
16/05/2025,83222,1487191000,17.75(-1.39 %),83222,1487191000,0,0,1509773996,0.31
19/05/2025,53100,-521740000,17.45(-1.69 %),53100,946170000,0,1467910000,1509773996,0.31
20/05/2025,1000,-1385100000,17.45(0.00 %),1000,17450000,0,1402550000,1509773996,0.31
21/05/2025,56200,-1833950000,17.2(-1.43 %),56200,967270000,0,2801220000,1509803296,0.3
22/05/2025,160300,844110000,17.35(0.87 %),160300,2764880000,0,1920770000,1509831118,0.3
23/05/2025,-52500,-912580000,17.55(1.15 %),4300,74920000,56800,987500000,1509936718,0.3
26/05/2025,213800,2345715000,17.6(0.28 %),213800,3736810000,0,1391095000,1509802518,0.3
27/05/2025,-639700,-11286900000,17.65(0.28 %),1000,17550000,640700,11304450000,1509855018,0.3
28/05/2025,106900,-6637050000,18.15(2.83 %),106900,1948320000,0,8585370000,1509855018,0.3
29/05/2025,1000,-4068825000,17.8(-1.93 %),1000,17800000,0,4086625000,1510494718,0.28
30/05/2025,0,-11400755000,17.3(-2.81 %),0,0,0,11400755000,1510859218,0.27
02/06/2025,155300,-4209145000,17.9(3.47 %),155300,2745445000,0,6954590000,1511084118,0.26
03/06/2025,48100,-1182790000,17.7(-1.12 %),48100,866610000,0,2049400000,1511735218,0.24
04/06/2025,129200,-9838875000,18(1.69 %),129200,2335925000,0,12174800000,1511975818,0.23
05/06/2025,200,-8442345000,17.95(0.00 %),200,3620000,0,8445965000,1512042018,0.23
06/06/2025,100,-9887350000,17.95(0.00 %),100,1795000,0,9889145000,1512588318,0.21
09/06/2025,0,-3386050000,17.6(-1.95 %),0,0,0,3386050000,1513060918,0.2
10/06/2025,0,-4217000000,17.4(-1.14 %),0,0,0,4217000000,1513606118,0.18
11/06/2025,-180000,-3115000000,17.35(-0.29 %),0,0,180000,3115000000,1513795318,0.18
12/06/2025,108700,1915110000,17.55(1.15 %),108700,1915110000,0,0,1513926618,0.17
13/06/2025,1441300,26562915000,18.5(5.41 %),1464900,26997315000,23600,434400000,1512665318,0.21
16/06/2025,848100,16438030000,19.5(5.41 %),848100,16438030000,0,0,1511817218,0.24
17/06/2025,-89700,-1722280000,19(-2.56 %),22500,424080000,112200,2146360000,1511817218,0.24
18/06/2025,815700,15574630000,19.05(0.26 %),815700,15574630000,0,0,1511001518,0.27
19/06/2025,-98200,-1845550000,18.8(-1.31 %),5500,103125000,103700,1948675000,1511091218,0.26
20/06/2025,-132300,-2443030000,18.4(-2.13 %),500,9250000,132800,2452280000,1511091218,0.26
23/06/2025,4500,85450000,18.8(2.17 %),4500,85450000,0,0,1511184918,0.26
24/06/2025,-92800,-1676310000,17.9(-4.79 %),17200,309615000,110000,1985925000,1511317218,0.26
25/06/2025,20200,359640000,17.75(-0.84 %),21200,377590000,1000,17950000,1511297018,0.26
26/06/2025,400,7080000,17.8(0.28 %),400,7080000,0,0,1511389418,0.25
27/06/2025,-30000,-532500000,17.75(-0.28 %),0,0,30000,532500000,1511389418,0.25
30/06/2025,-296600,-5272810000,17.85(0.56 %),200,3555000,296800,5276365000,1511389418,0.25
01/07/2025,-300,-5340000,17.8(-0.28 %),0,0,300,5340000,1511419418,0.25
02/07/2025,23100,410025000,17.8(0.00 %),23100,410025000,0,0,1511692918,0.24
03/07/2025,50100,896965000,17.85(0.28 %),52200,934450000,2100,37485000,1511643118,0.25
04/07/2025,0,0,17.95(0.56 %),0,0,0,0,1511643118,0.25
07/07/2025,-102100,-1834850000,17.95(0.00 %),1000,17900000,103100,1852750000,1511643118,0.25
08/07/2025,386000,6965035000,18.25(1.67 %),387700,6995815000,1700,30780000,1511257118,0.26
09/07/2025,-31100,-572120000,18.25(0.00 %),13000,237250000,44100,809370000,1511359218,0.25
10/07/2025,86200,1581105000,18.75(2.74 %),107800,1982445000,21600,401340000,1511359218,0.25
11/07/2025,-283200,-5255740000,18.45(-1.60 %),50000,922500000,333200,6178240000,1511304118,0.26
14/07/2025,298000,5470835000,18.5(0.27 %),337100,6190275000,39100,719440000,1511006118,0.27
15/07/2025,-105300,-1970135000,18.45(-0.27 %),2000,37000000,107300,2007135000,1511289318,0.26
16/07/2025,76000,1405585000,18.55(0.54 %),126000,2330585000,50000,925000000,1511213318,0.26
17/07/2025,341200,6360285000,18.65(0.54 %),343200,6397485000,2000,37200000,1511213318,0.26
18/07/2025,228100,4283310000,19(1.88 %),549700,10310060000,321600,6026750000,1510749318,0.27
21/07/2025,-559000,-10544605000,18.6(-2.11 %),0,0,559000,10544605000,1510749318,0.27
22/07/2025,-272700,-5046950000,18.6(0.00 %),22700,419845000,295400,5466795000,1510749318,0.27
23/07/2025,-443400,-8375365000,18.65(0.27 %),324500,6070920000,767900,14446285000,1511308318,0.26
24/07/2025,2065500,39545630000,19.4(4.02 %),2131500,40812360000,66000,1266730000,1509515518,0.31
25/07/2025,-4500,-104455000,19.8(2.06 %),128000,2537370000,132500,2641825000,1509958918,0.3
28/07/2025,-259400,-5216165000,19.8(0.00 %),62000,1224305000,321400,6440470000,1509958918,0.3
29/07/2025,1123300,22667720000,19.9(0.51 %),2476700,50412535000,1353400,27744815000,1508840118,0.34
30/07/2025,-688000,-13796475000,19.65(-1.26 %),317800,6292770000,1005800,20089245000,1509099518,0.33
31/07/2025,1807700,35725105000,20.4(3.82 %),1870200,36961565000,62500,1236460000,1507291818,0.39
01/08/2025,-2347200,-49213780000,20.7(1.47 %),217700,4607510000,2564900,53821290000,1507979818,0.36
04/08/2025,-207400,-4272880000,20.5(-0.97 %),109800,2265505000,317200,6538385000,1507979818,0.36
05/08/2025,-743700,-15242435000,20.4(-0.49 %),630400,12870490000,1374100,28112925000,1510327018,0.29
06/08/2025,1908800,40116440000,21.8(6.86 %),2599500,54438855000,690700,14322415000,1508625618,0.34
07/08/2025,-116600,-2634965000,21.9(0.46 %),55800,1214500000,172400,3849465000,1509369318,0.32
08/08/2025,887800,19401165000,22.5(2.74 %),1509300,33266545000,621500,13865380000,1508481518,0.35
11/08/2025,-2516600,-56306065000,22.15(-1.56 %),80300,1783035000,2596900,58089100000,1508598118,0.34
12/08/2025,605300,13560980000,22.95(3.61 %),654600,14687435000,49300,1126455000,1507992818,0.36
13/08/2025,-931700,-21487985000,22.5(-1.96 %),507100,11355090000,1438800,32843075000,1510509418,0.28
14/08/2025,-52300,-1176320000,22.75(1.11 %),700,15725000,53000,1192045000,1510509418,0.28
15/08/2025,1317700,31679685000,24.3(6.81 %),1698500,40751765000,380800,9072080000,1510123381,0.29
18/08/2025,1272500,33073475000,26(7.00 %),1298200,33741670000,25700,668195000,1508903176,0.33
19/08/2025,-5500,-152900000,27.8(6.92 %),0,0,5500,152900000,1508903176,0.33
20/08/2025,3175000,88644730000,29.7(6.83 %),5010900,140359295000,1835900,51714565000,1505728213,0.44
21/08/2025,-761100,-23208520000,29.9(0.67 %),554900,16770165000,1316000,39978685000,1505733718,0.44
22/08/2025,3038600,86840185000,27.85(-6.86 %),3690300,105474165000,651700,18633980000,1505733718,0.44
25/08/2025,1698700,44192655000,25.95(-6.82 %),4120900,110180555000,2422200,65987900000,1502695118,0.53
