Ngay,KLGDRong,GTDGRong,ThayDoi,KLMua,GtMua,KLBan,GtBan,RoomConLai,DangSoHuu
20/04/2009,5600,81760000,0(0.00 %),5600,81760000,0,0,14993200,0.01
21/04/2009,1200,17990000,0(0.00 %),1200,17990000,0,0,14992000,0.02
22/04/2009,100,1610000,0(0.00 %),100,1610000,0,0,14991900,0.02
23/04/2009,2600,44720000,0(0.00 %),2600,44720000,0,0,14989300,19.02
24/04/2009,7400,118710000,0(0.00 %),11100,182350000,3700,63640000,14981900,19.04
27/04/2009,409100,6990130000,0(0.00 %),409100,6990130000,0,0,14572800,19.85
28/04/2009,-900,-15260000,0(0.00 %),100,1740000,1000,17000000,14573700,19.85
29/04/2009,173100,2959580000,0(0.00 %),173100,2959580000,0,0,14400600,20.2
04/05/2009,300,5520000,0(0.00 %),300,5520000,0,0,14400300,20.2
05/05/2009,-99800,-1956080000,0(0.00 %),200,3920000,100000,1960000000,14500100,20.0
06/05/2009,25600,491280000,0(0.00 %),25600,491280000,0,0,14474500,20.05
07/05/2009,3100,60690000,0(0.00 %),3100,60690000,0,0,14471400,20.06
08/05/2009,15000,277800000,0(0.00 %),15000,277800000,0,0,14456400,20.09
11/05/2009,1000,18750000,0(0.00 %),1000,18750000,0,0,14455400,20.09
12/05/2009,-219400,-4097740000,0(0.00 %),45300,815510000,264700,4913250000,14674800,19.65
13/05/2009,1100,20350000,0(0.00 %),1100,20350000,0,0,14673700,19.65
14/05/2009,40100,717280000,0(0.00 %),40100,717280000,0,0,14633600,19.73
15/05/2009,-36600,-682190000,0(0.00 %),0,0,36600,682190000,14670200,19.66
18/05/2009,200,3800000,0(0.00 %),200,3800000,0,0,14670000,19.66
19/05/2009,402500,8009950000,0(0.00 %),402500,8009950000,0,0,14267500,20.46
20/05/2009,-205700,-4355920000,0(0.00 %),11600,244470000,217300,4600390000,14473200,20.05
21/05/2009,134600,2939370000,0(0.00 %),154600,3367370000,20000,428000000,14338600,20.32
22/05/2009,94000,2066900000,0(0.00 %),105000,2307840000,11000,240940000,14244600,20.51
25/05/2009,-136000,-3182250000,0(0.00 %),14000,312750000,150000,3495000000,14380600,20.24
26/05/2009,-100300,-2406200000,0(0.00 %),2200,53900000,102500,2460100000,14480900,20.04
27/05/2009,90800,2221780000,0(0.00 %),90800,2221780000,0,0,14390100,20.22
28/05/2009,242500,5722420000,0(0.00 %),251000,5925620000,8500,203200000,14147600,20.7
29/05/2009,1170600,29410510000,0(0.00 %),1174200,29501110000,3600,90600000,12977000,23.05
01/06/2009,0,0,0(0.00 %),0,0,0,0,12977000,23.05
02/06/2009,-25000,-716500000,0(0.00 %),20000,570500000,45000,1287000000,13002000,23.0
03/06/2009,233200,6953730000,0(0.00 %),233200,6953730000,0,0,12768800,23.46
04/06/2009,5000,151500000,31.9(6.69 %),5000,151500000,0,0,12763800,23.47
05/06/2009,-897900,-30438810000,33.9(6.94 %),2100,71190000,900000,30510000000,13661700,21.68
08/06/2009,-994400,-35982410000,36.2(6.78 %),6100,220690000,1000500,36203100000,14656100,19.69
09/06/2009,10000,377000000,38.7(6.91 %),15000,570000000,5000,193000000,14646100,19.71
10/06/2009,111600,4086600000,37.9(-0.26 %),133100,4850500000,21500,763900000,14534500,19.93
11/06/2009,201300,7865080000,39.5(6.76 %),203300,7941480000,2000,76400000,14333200,20.33
12/06/2009,-162000,-6509350000,39(0.00 %),2500,99100000,164500,6608450000,14495200,20.01
15/06/2009,2394000,93120350000,40.5(1.25 %),2394800,93152350000,800,32000000,12101200,24.8
16/06/2009,15500,573500000,35.8(-6.77 %),15500,573500000,0,0,12085700,24.83
17/06/2009,27400,981970000,36.5(0.00 %),27500,985620000,100,3650000,12058300,24.88
18/06/2009,4000,145170000,35.7(2.88 %),4000,145170000,0,0,12054300,24.89
19/06/2009,60400,2158220000,35.1(-2.77 %),60500,2161780000,100,3560000,11993900,25.01
22/06/2009,2100,70100000,33.3(-6.98 %),2100,70100000,0,0,11991800,25.02
23/06/2009,0,0,31.1(-6.89 %),0,0,0,0,11991800,25.02
24/06/2009,474700,15039810000,33.2(6.75 %),475700,15068810000,1000,29000000,11517100,25.97
25/06/2009,-135900,-4607220000,31.9(0.31 %),100,3180000,136000,4610400000,11653000,25.69
26/06/2009,63500,1999410000,32.7(-0.61 %),141000,4546410000,77500,2547000000,11589500,25.82
29/06/2009,1400,45300000,32.8(0.92 %),1400,45300000,0,0,11588100,25.82
30/06/2009,80000,2544870000,32(-1.84 %),80000,2544870000,0,0,11508100,25.98
01/07/2009,156800,4834840000,30.7(-6.97 %),156800,4834840000,0,0,11351300,26.3
02/07/2009,170500,5210350000,31(0.65 %),190000,5792400000,19500,582050000,11180800,26.64
03/07/2009,78100,2389640000,30.4(-0.65 %),208600,6304140000,130500,3914500000,11102700,26.79
06/07/2009,193300,6198100000,32.2(6.98 %),193300,6198100000,0,0,10909400,27.18
07/07/2009,237800,7710440000,32.2(0.62 %),237800,7710440000,0,0,10671600,27.66
08/07/2009,44100,1411200000,31.9(-1.54 %),50000,1600000000,5900,188800000,10627500,27.74
09/07/2009,49100,1567940000,31.6(-1.25 %),50000,1596560000,900,28620000,10578400,27.84
10/07/2009,1572800,53594720000,34.1(6.90 %),1572800,53594720000,0,0,9005600,30.99
13/07/2009,0,0,35.6(5.01 %),0,0,0,0,9005600,30.99
14/07/2009,200000,6849310000,34(-5.56 %),200000,6849310000,0,0,8805600,31.39
15/07/2009,339800,11744480000,35.6(2.30 %),340300,11761680000,500,17200000,8465800,32.07
16/07/2009,145000,5128950000,35.4(0.28 %),145000,5128950000,0,0,8320800,32.36
17/07/2009,0,0,33.5(-5.37 %),0,0,0,0,8320800,32.36
20/07/2009,-30000,-960100000,31.9(-6.45 %),0,0,30000,960100000,8350800,32.3
21/07/2009,20100,641240000,32(0.31 %),20100,641240000,0,0,8330700,32.34
22/07/2009,0,0,32.4(1.25 %),0,0,0,0,8330700,32.34
23/07/2009,7700,247940000,34.4(6.83 %),7700,247940000,0,0,8323000,32.35
24/07/2009,-350000,-12495000000,35.7(6.89 %),0,0,350000,12495000000,8673000,31.65
27/07/2009,32500,1236850000,37.7(5.60 %),32500,1236850000,0,0,8640500,31.72
28/07/2009,-44500,-1713250000,35.4(-5.85 %),0,0,44500,1713250000,8685000,31.63
29/07/2009,174000,6269860000,35(-5.41 %),174000,6269860000,0,0,8511000,12.98
30/07/2009,0,0,34(-5.29 %),0,0,0,0,8511000,12.98
31/07/2009,-220000,-7588270000,34.6(1.17 %),0,0,220000,7588270000,8731000,12.54
03/08/2009,0,0,33.7(-3.16 %),0,0,0,0,8731000,12.54
04/08/2009,0,0,34.7(0.00 %),0,0,0,0,8731000,12.54
05/08/2009,300,10440000,34.4(-1.71 %),300,10440000,0,0,8730700,12.54
06/08/2009,-36500,-1215320000,32.8(-5.75 %),6000,199930000,42500,1415250000,8767200,25.62
07/08/2009,1200,37700000,31.3(-5.72 %),1200,37700000,0,0,8766000,25.62
10/08/2009,0,0,32.4(2.86 %),0,0,0,0,8766000,25.62
11/08/2009,600,19430000,32.2(-0.62 %),600,19430000,0,0,8765400,25.62
12/08/2009,116900,3745450000,31.7(-1.55 %),119700,3835330000,2800,89880000,8648500,25.68
13/08/2009,31000,984900000,32.2(0.31 %),51000,1634900000,20000,650000000,8617500,25.69
14/08/2009,-219500,-6974970000,32(1.59 %),30500,973030000,250000,7948000000,8837000,25.58
17/08/2009,6900,215160000,31.5(-1.25 %),18900,595960000,12000,380800000,8830100,25.58
18/08/2009,-43400,-1345550000,31(-1.59 %),19600,607750000,63000,1953300000,8873500,25.56
19/08/2009,-28600,-893570000,31.1(0.97 %),1400,43430000,30000,937000000,8902100,25.55
20/08/2009,50000,1547900000,31(-0.64 %),50000,1547900000,0,0,8852100,25.57
21/08/2009,193400,6150390000,31.8(2.58 %),193400,6150390000,0,0,8658700,25.67
24/08/2009,135600,4317090000,31.9(0.31 %),135600,4317090000,0,0,8523100,25.74
25/08/2009,9600,296090000,31.3(-1.88 %),45100,1419340000,35500,1123250000,8513500,25.74
26/08/2009,0,0,31.2(-0.95 %),0,0,0,0,8513500,25.74
27/08/2009,2600,85350000,30.9(-0.96 %),90100,2775400000,87500,2690050000,8510900,25.74
28/08/2009,45300,1401420000,31.4(1.62 %),45300,1401420000,0,0,8465600,25.77
31/08/2009,430000,13756530000,32.2(3.87 %),680000,21665760000,250000,7909230000,8035600,25.98
01/09/2009,145200,4489760000,31.7(-0.31 %),171800,5335640000,26600,845880000,7890400,26.05
03/09/2009,800,24800000,31(-2.52 %),800,24800000,0,0,7889600,26.06
04/09/2009,1000,30950000,30.5(-1.93 %),1000,30950000,0,0,7888600,26.06
07/09/2009,-21700,-640340000,29.9(-2.29 %),5300,158000000,27000,798340000,7910300,26.04
08/09/2009,0,0,30.4(2.70 %),0,0,0,0,7910300,26.04
09/09/2009,200,5980000,30(-0.99 %),200,5980000,0,0,7910100,26.04
10/09/2009,100,2950000,29.9(-0.33 %),100,2950000,0,0,7910000,26.05
11/09/2009,180000,5546130000,31.7(6.38 %),180000,5546130000,0,0,7730000,26.14
14/09/2009,46000,1428170000,31.3(1.29 %),46000,1428170000,0,0,7684000,26.16
15/09/2009,-69700,-2144820000,31.5(0.96 %),0,0,69700,2144820000,7753700,26.12
16/09/2009,-50900,-1638150000,32.4(4.18 %),2000,64400000,52900,1702550000,7804600,26.1
17/09/2009,-47900,-1548130000,32.2(0.00 %),1000,32500000,48900,1580630000,7852500,26.07
18/09/2009,132000,4275640000,32.4(0.31 %),300000,9700000000,168000,5424360000,7720500,26.14
21/09/2009,12600,402420000,32.2(0.00 %),12600,402420000,0,0,7707900,26.15
22/09/2009,234700,7437590000,31.6(-1.25 %),235700,7468990000,1000,31400000,7473200,26.26
23/09/2009,13900,447580000,31.6(-0.32 %),15900,510180000,2000,62600000,7459300,26.27
24/09/2009,27600,870200000,31.4(-2.18 %),27600,870200000,0,0,7431700,26.28
25/09/2009,20700,655980000,31.8(0.32 %),20700,655980000,0,0,7411000,26.29
28/09/2009,-20000,-652100000,32.1(0.94 %),0,0,20000,652100000,7431000,26.28
29/09/2009,-100,-3220000,31.7(-1.86 %),0,0,100,3220000,7431100,26.28
30/09/2009,39400,1238020000,31.1(-3.72 %),40600,1275340000,1200,37320000,7391700,26.3
01/10/2009,-10000,-309000000,30.4(-3.18 %),0,0,10000,309000000,7401700,26.3
02/10/2009,300,8880000,29.6(-3.27 %),300,8880000,0,0,7401400,26.3
05/10/2009,0,0,29(-1.02 %),0,0,0,0,7401400,26.3
06/10/2009,10900,321370000,29.1(-1.02 %),10900,321370000,0,0,7390500,26.3
07/10/2009,-588000,-17132380000,29.4(0.00 %),4500,132570000,592500,17264950000,7978500,26.01
08/10/2009,62800,1826950000,29.3(0.00 %),64800,1885150000,2000,58200000,7915700,28.36
09/10/2009,121700,3588330000,29.5(1.03 %),121700,3588330000,0,0,7794000,26.1
12/10/2009,41200,1248460000,30.9(4.75 %),41200,1248460000,0,0,7752800,26.12
13/10/2009,17800,578860000,32.5(6.91 %),70700,2297750000,52900,1718890000,7735000,26.13
14/10/2009,162400,5518570000,34.4(5.85 %),163400,5551150000,1000,32580000,7572600,26.21
15/10/2009,107400,3713410000,34.5(1.77 %),132200,4572080000,24800,858670000,7465200,26.27
16/10/2009,-1577800,-51840300000,32.5(-6.88 %),2200,74400000,1580000,51914700000,11512000,24.24
19/10/2009,157000,4933710000,31.5(-3.96 %),157000,4933710000,0,0,9777200,25.11
20/10/2009,87400,2770660000,31.5(0.00 %),87400,2770660000,0,0,8798600,25.6
21/10/2009,60100,1866730000,31.2(-1.58 %),61100,1897830000,1000,31100000,8738500,25.63
22/10/2009,61800,1939880000,31.4(0.64 %),61800,1939880000,0,0,8676700,25.66
23/10/2009,-2800,-85300000,31.4(-0.32 %),2200,71200000,5000,156500000,8679500,25.66
26/10/2009,23400,726610000,30.5(-4.09 %),23400,726610000,0,0,8656100,25.67
27/10/2009,421300,12426670000,29.3(-5.79 %),441300,13007750000,20000,581080000,8234800,25.88
28/10/2009,32100,950780000,29.6(0.34 %),32100,950780000,0,0,8202700,25.9
29/10/2009,-2002000,-58058800000,28.5(-4.36 %),0,0,2002000,58058800000,10204700,24.9
30/10/2009,-119100,-3430130000,28.9(1.76 %),34100,983850000,153200,4413980000,10323800,24.84
02/11/2009,7300,200980000,27.1(-6.87 %),24300,661680000,17000,460700000,10316500,24.84
03/11/2009,-27000,-688400000,25.6(-6.23 %),400,10490000,27400,698890000,10343500,24.83
04/11/2009,200000,5413020000,27.3(5.00 %),200000,5413020000,0,0,10143500,24.93
05/11/2009,100000,2810000000,28.2(6.82 %),100000,2810000000,0,0,10043500,24.98
06/11/2009,20700,607460000,28.4(1.43 %),20700,607460000,0,0,10022800,24.99
09/11/2009,1900,54780000,27.4(-6.80 %),1900,54780000,0,0,10020900,24.99
10/11/2009,0,0,26.9(-2.54 %),0,0,0,0,10020900,24.99
11/11/2009,42300,1165140000,27.7(1.84 %),42300,1165140000,0,0,9978600,25.01
12/11/2009,0,0,27.8(1.09 %),0,0,0,0,9978600,25.01
13/11/2009,21000,573660000,27.3(-2.50 %),21000,573660000,0,0,9957600,25.02
16/11/2009,0,0,28.1(2.55 %),0,0,0,0,9957600,25.02
17/11/2009,-2000,-55800000,27.7(-1.42 %),0,0,2000,55800000,9959600,25.02
18/11/2009,20700,569810000,27.7(-1.07 %),20700,569810000,0,0,9938900,25.03
19/11/2009,6400,177280000,27.7(0.00 %),6400,177280000,0,0,9932500,25.03
20/11/2009,11000,302700000,27.5(-0.72 %),11000,302700000,0,0,9921500,25.04
23/11/2009,1300,35750000,26.8(-3.25 %),1300,35750000,0,0,9920200,25.04
24/11/2009,2000,51900000,25.9(-4.78 %),2000,51900000,0,0,9918200,25.04
25/11/2009,2200,55000000,24.7(-6.79 %),2200,55000000,0,0,9913800,25.04
26/11/2009,0,0,23.5(-6.75 %),0,0,0,0,9916000,25.04
27/11/2009,0,0,23.9(1.70 %),0,0,0,0,9916000,25.04
30/11/2009,0,0,25.2(6.78 %),0,0,0,0,9916000,25.04
01/12/2009,0,0,26.6(6.83 %),0,0,0,0,9916000,25.04
02/12/2009,600,15100000,25.3(-4.17 %),600,15100000,0,0,9915400,25.04
03/12/2009,6000,152300000,25.1(-5.28 %),6000,152300000,0,0,9909400,25.05
04/12/2009,0,0,25(-0.79 %),0,0,0,0,9909400,25.05
07/12/2009,0,0,24.6(-2.38 %),0,0,0,0,9909400,25.05
08/12/2009,6800,159850000,23.4(-5.26 %),11800,277100000,5000,117250000,9902600,25.05
09/12/2009,1200,26400000,22(-6.78 %),1200,26400000,0,0,9901400,25.05
10/12/2009,0,0,21.9(-0.90 %),0,0,0,0,9901400,25.05
11/12/2009,0,0,21(-4.55 %),0,0,0,0,9901400,25.05
14/12/2009,0,0,22.3(6.70 %),0,0,0,0,9901400,25.05
15/12/2009,-11800,-264520000,22.1(0.00 %),0,0,11800,264520000,9913200,25.04
16/12/2009,-14800,-314560000,21.1(-6.64 %),0,0,14800,314560000,9928000,25.04
17/12/2009,-30300,-617370000,21.1(-0.47 %),100,2060000,30400,619430000,9958300,25.02
18/12/2009,-64600,-1414640000,22(6.80 %),0,0,64600,1414640000,10022900,24.99
21/12/2009,10000,228000000,23.4(6.85 %),10000,228000000,0,0,10012900,24.99
22/12/2009,1000,23100000,22.3(-3.46 %),1000,23100000,0,0,10011900,24.99
23/12/2009,10000,220000000,22.5(-0.44 %),10000,220000000,0,0,10001900,25.0
24/12/2009,15700,351480000,22.6(1.80 %),15700,351480000,0,0,9986200,25.01
25/12/2009,800,18080000,23(3.14 %),800,18080000,0,0,9985400,25.01
28/12/2009,0,0,22.1(-3.49 %),0,0,0,0,9985400,25.01
29/12/2009,-47300,-1020500000,21.3(-4.48 %),100,2140000,47400,1022640000,10032700,24.98
30/12/2009,10000,215000000,21.8(0.93 %),10000,215000000,0,0,10022700,24.99
31/12/2009,45000,1005560000,21.9(1.39 %),45000,1005560000,0,0,9977700,25.01
04/01/2010,0,0,23.5(6.82 %),0,0,0,0,9977700,25.01
05/01/2010,-4200,-103660000,24.7(6.93 %),16200,400140000,20400,503800000,9981900,25.01
06/01/2010,8600,212660000,25(1.63 %),16800,417360000,8200,204700000,9973300,25.01
07/01/2010,18100,454690000,24.9(0.40 %),18100,454690000,0,0,9955200,25.02
08/01/2010,17500,449980000,25.2(0.40 %),18000,462980000,500,13000000,9937700,25.03
11/01/2010,18200,451460000,24.5(-5.04 %),18200,451460000,0,0,9919500,25.04
12/01/2010,18200,437860000,23.3(-6.05 %),18200,437860000,0,0,9901300,25.05
13/01/2010,-13400,-326480000,24.3(1.67 %),18300,439240000,31700,765720000,9914700,25.04
14/01/2010,4900,106120000,23.8(0.42 %),18200,415080000,13300,308960000,9909800,25.05
15/01/2010,18200,413970000,22.6(-0.88 %),18200,413970000,0,0,9891600,25.05
18/01/2010,0,0,21.9(-3.52 %),0,0,0,0,9891600,25.05
19/01/2010,17700,389370000,22(0.00 %),17700,389370000,0,0,9873900,25.06
20/01/2010,18200,397780000,22(0.00 %),18200,397780000,0,0,9855700,25.07
21/01/2010,18200,384980000,20.9(-4.13 %),18200,384980000,0,0,9837500,25.08
22/01/2010,19700,413120000,21.2(0.00 %),19700,413120000,0,0,9817800,25.09
25/01/2010,18200,382220000,21.2(0.47 %),18200,382220000,0,0,9799600,25.1
26/01/2010,18200,399620000,22.4(6.67 %),18200,399620000,0,0,9781400,25.11
27/01/2010,-18200,-386780000,21.3(-3.62 %),9100,194750000,27300,581530000,9799600,25.1
28/01/2010,-2200,-47080000,21.5(0.00 %),0,0,2200,47080000,9801800,25.1
29/01/2010,18200,390940000,21.6(0.47 %),18200,390940000,0,0,9783600,25.11
01/02/2010,4000,86000000,21.5(0.00 %),4000,86000000,0,0,9779600,25.11
02/02/2010,-80000,-1716000000,21.5(0.00 %),0,0,80000,1716000000,9859600,25.07
03/02/2010,400,9260000,21.5(0.00 %),18600,399270000,18200,390010000,9859200,25.07
04/02/2010,18200,391080000,21.6(0.47 %),18200,391080000,0,0,9841000,25.08
05/02/2010,20300,434830000,21.4(-0.47 %),20300,434830000,0,0,9820700,25.09
08/02/2010,17900,383570000,21.6(0.93 %),17900,383570000,0,0,9802800,25.1
09/02/2010,0,0,21.5(0.00 %),0,0,0,0,9802800,25.1
10/02/2010,20200,434900000,21.5(0.00 %),20200,434900000,0,0,9782600,25.11
11/02/2010,36400,796840000,22.2(2.78 %),36400,796840000,0,0,9746200,25.13
12/02/2010,18100,400210000,22.1(0.91 %),18100,400210000,0,0,9728100,25.14
22/02/2010,17200,384100000,22.5(1.35 %),17200,384100000,0,0,9710900,25.14
23/02/2010,18200,393540000,21.6(-3.14 %),18200,393540000,0,0,9692700,25.15
24/02/2010,-64400,-1379010000,21.8(0.46 %),115600,2514790000,180000,3893800000,9757100,25.12
25/02/2010,-170800,-3693790000,21.6(-0.46 %),18200,397500000,189000,4091290000,9927900,25.04
26/02/2010,-379400,-8262870000,21.9(0.46 %),0,0,379400,8262870000,55655200,24.85
01/03/2010,0,0,21.9(0.46 %),0,0,0,0,55655200,2.17
02/03/2010,1000,21900000,21.7(-0.91 %),1000,21900000,0,0,55654200,2.17
03/03/2010,0,0,22.1(1.38 %),0,0,0,0,55654200,2.17
04/03/2010,-20000,-444000000,21.8(-0.46 %),0,0,20000,444000000,55674200,2.16
05/03/2010,0,0,22(0.00 %),0,0,0,0,55674200,2.16
08/03/2010,18200,401700000,22.2(1.37 %),18200,401700000,0,0,55656000,2.17
09/03/2010,18200,401300000,22(-0.45 %),18200,401300000,0,0,55637800,2.18
10/03/2010,20100,438730000,21.8(-0.91 %),20100,438730000,0,0,55617700,2.19
11/03/2010,30400,658720000,21.7(-0.46 %),30400,658720000,0,0,55587300,2.21
12/03/2010,16900,366730000,21.8(0.46 %),16900,366730000,0,0,55570400,2.21
15/03/2010,25500,560920000,21.9(0.92 %),25500,560920000,0,0,55544900,2.23
16/03/2010,-7900,-169340000,21.5(-2.71 %),0,0,7900,169340000,55552800,2.22
17/03/2010,-6700,-141900000,21.2(-1.40 %),1000,21500000,7700,163400000,55559500,2.22
18/03/2010,-5200,-110430000,21.2(0.00 %),0,0,5200,110430000,55564700,2.22
19/03/2010,-2700,-56770000,21.1(0.00 %),0,0,2700,56770000,55567400,2.22
22/03/2010,15600,326000000,21(0.00 %),15600,326000000,0,0,55551800,2.22
23/03/2010,15400,319020000,20.6(-1.44 %),15400,319020000,0,0,55536400,2.23
24/03/2010,17300,357980000,20.8(0.48 %),17300,357980000,0,0,55519100,2.24
25/03/2010,12200,248500000,20.2(-2.42 %),17200,349500000,5000,101000000,55506900,2.25
26/03/2010,16200,325460000,20.3(0.00 %),17200,345460000,1000,20000000,55490700,2.25
29/03/2010,3100,62510000,20(-0.50 %),3100,62510000,0,0,55487600,2.26
30/03/2010,0,0,19.9(-1.00 %),0,0,0,0,55487600,2.26
31/03/2010,-1000,-19700000,19.6(-1.51 %),0,0,1000,19700000,55488600,2.26
01/04/2010,0,0,20.1(2.03 %),0,0,0,0,55488600,2.26
02/04/2010,0,0,19.9(0.51 %),0,0,0,0,55488600,2.26
05/04/2010,0,0,20.1(0.00 %),0,0,0,0,55488600,2.26
06/04/2010,17200,341260000,19.8(-1.00 %),17200,341260000,0,0,55471400,2.26
07/04/2010,0,0,19.7(-1.01 %),0,0,0,0,55471400,2.26
08/04/2010,100,1960000,19.6(-1.01 %),100,1960000,0,0,55471300,2.26
09/04/2010,0,0,19.5(-0.51 %),0,0,0,0,55471300,2.26
12/04/2010,0,0,19.9(1.53 %),0,0,0,0,55471300,2.26
13/04/2010,50000,986670000,20(2.56 %),50000,986670000,0,0,55421300,2.29
14/04/2010,0,0,19.8(0.00 %),0,0,0,0,55421300,2.29
15/04/2010,-500,-9850000,19.8(0.00 %),0,0,500,9850000,55421800,2.29
16/04/2010,-2000,-39600000,19.5(-1.02 %),0,0,2000,39600000,55423800,2.29
19/04/2010,0,0,19.4(-1.02 %),0,0,0,0,55423800,2.29
20/04/2010,-3400,-64360000,19(-2.06 %),0,0,3400,64360000,55427200,2.29
21/04/2010,500,9500000,19(-0.52 %),1000,19000000,500,9500000,55426700,2.29
22/04/2010,-1000,-19900000,20(5.26 %),0,0,1000,19900000,55427700,2.29
26/04/2010,-1500,-27240000,19.8(0.00 %),2400,49980000,3900,77220000,55429200,2.29
27/04/2010,17200,338840000,19.6(-2.00 %),17200,338840000,0,0,55412000,2.29
28/04/2010,18200,353400000,19.5(-1.02 %),18200,353400000,0,0,55393800,2.3
29/04/2010,17200,332260000,19.3(-0.52 %),17200,332260000,0,0,55335600,2.33
04/05/2010,-35400,-710870000,20.6(6.74 %),14600,298630000,50000,1009500000,55412000,2.29
05/05/2010,16700,345500000,20.7(1.97 %),17200,356000000,500,10500000,55395300,2.3
06/05/2010,23000,473140000,20.7(-0.48 %),23000,473140000,0,0,55372300,2.31
07/05/2010,2200,52590000,20.2(-1.94 %),22200,450590000,20000,398000000,55370100,2.31
10/05/2010,17300,341380000,19.8(-1.49 %),17300,341380000,0,0,55352800,2.32
11/05/2010,0,0,19.6(-1.01 %),0,0,0,0,55352800,2.32
12/05/2010,0,0,19.1(-4.02 %),0,0,0,0,55352800,2.32
13/05/2010,0,0,18.9(-1.56 %),0,0,0,0,55352800,2.32
14/05/2010,500,9500000,19(-0.52 %),500,9500000,0,0,55352300,2.32
17/05/2010,300,5710000,18.6(-2.11 %),300,5710000,0,0,55352000,2.32
18/05/2010,200,3700000,18.2(-2.67 %),200,3700000,0,0,55351800,2.32
19/05/2010,1000,17400000,17.1(-6.04 %),1000,17400000,0,0,55350800,2.32
20/05/2010,0,0,18.7(6.86 %),0,0,0,0,55350800,2.32
21/05/2010,-17200,-306600000,17.7(-2.21 %),0,0,17200,306600000,55368000,2.32
24/05/2010,-17200,-317520000,18.6(3.91 %),0,0,17200,317520000,55385200,2.31
25/05/2010,0,0,18.5(0.00 %),0,0,0,0,55385200,2.31
26/05/2010,0,0,18.5(0.54 %),0,0,0,0,55385200,2.31
27/05/2010,0,0,18.2(-1.09 %),0,0,0,0,55385200,2.31
28/05/2010,1500,27320000,19.3(6.63 %),1500,27320000,0,0,55383700,2.31
31/05/2010,0,0,18.7(-1.06 %),0,0,0,0,55383700,2.31
01/06/2010,0,0,18.8(-0.53 %),0,0,0,0,55383700,2.31
02/06/2010,0,0,18.4(-2.13 %),0,0,0,0,55383700,2.31
03/06/2010,0,0,19(2.70 %),0,0,0,0,55383700,0.0
04/06/2010,0,0,18.8(0.53 %),0,0,0,0,55383700,2.31
07/06/2010,100,1990000,18.3(-2.66 %),100,1990000,0,0,55383600,2.31
08/06/2010,-7200,-133000000,18.4(0.00 %),10000,185000000,17200,318000000,55390800,2.3
09/06/2010,0,0,18.5(0.00 %),0,0,0,0,55390800,2.3
10/06/2010,-17100,-315160000,18.4(-1.08 %),0,0,17100,315160000,55407900,2.3
11/06/2010,0,0,18.4(-0.54 %),0,0,0,0,55407900,2.3
14/06/2010,0,0,18.4(-0.54 %),0,0,0,0,55407900,2.3
15/06/2010,22000,400250000,18.2(-0.55 %),22000,400250000,0,0,55385900,2.31
16/06/2010,30600,572860000,18.8(2.73 %),30600,572860000,0,0,55196600,2.4
17/06/2010,40000,745530000,18.8(0.00 %),44800,834510000,4800,88980000,55345900,2.33
18/06/2010,118500,2215800000,18.8(0.53 %),119500,2234300000,1000,18500000,55227400,2.39
22/06/2010,200,3360000,16.4(0.00 %),200,3360000,0,0,55227200,2.39
23/06/2010,24900,408950000,16.5(-0.60 %),24900,408950000,0,0,55202300,2.4
24/06/2010,30800,498670000,16.2(-1.22 %),30800,498670000,0,0,55171500,2.41
25/06/2010,48600,775880000,16.1(-0.62 %),48600,775880000,0,0,55122900,2.44
28/06/2010,49600,785180000,15.9(-0.62 %),49600,785180000,0,0,55073300,2.46
29/06/2010,28600,454920000,16(1.27 %),28600,454920000,0,0,55044700,2.48
30/06/2010,600,9580000,15.7(-1.26 %),600,9580000,0,0,55044100,2.48
01/07/2010,10400,163240000,15.6(-0.64 %),10400,163240000,0,0,55033700,2.48
02/07/2010,0,0,15.6(-0.64 %),0,0,0,0,55033700,2.48
05/07/2010,0,0,15.5(-1.27 %),0,0,0,0,55033700,2.48
06/07/2010,0,0,15.7(1.29 %),0,0,0,0,55033700,2.48
07/07/2010,1000,15300000,15.5(0.65 %),1000,15300000,0,0,55032700,2.48
08/07/2010,0,0,15.5(0.00 %),0,0,0,0,55032700,2.48
09/07/2010,-30000,-463000000,15.5(0.00 %),0,0,30000,463000000,55062700,2.47
12/07/2010,100,1570000,15.5(0.00 %),100,1570000,0,0,55062600,2.47
13/07/2010,28600,447940000,15.7(1.95 %),28600,447940000,0,0,55034000,2.48
14/07/2010,0,0,15.8(0.64 %),0,0,0,0,55034000,2.48
15/07/2010,0,0,15.7(-1.26 %),0,0,0,0,55034000,2.48
16/07/2010,0,0,15.8(0.00 %),0,0,0,0,55034000,2.48
19/07/2010,0,0,15.7(-0.63 %),0,0,0,0,55034000,2.48
20/07/2010,0,0,15.7(0.00 %),0,0,0,0,55034000,2.48
21/07/2010,0,0,15.5(-1.27 %),0,0,0,0,55034000,2.48
22/07/2010,0,0,15.5(0.00 %),0,0,0,0,55034000,2.48
23/07/2010,0,0,15.5(0.00 %),0,0,0,0,55034000,2.48
26/07/2010,0,0,15.3(-1.29 %),0,0,0,0,55034000,2.48
27/07/2010,0,0,15.1(-1.31 %),0,0,0,0,55034000,2.48
28/07/2010,0,0,14.9(-2.61 %),0,0,0,0,55034000,2.48
29/07/2010,0,0,15(0.00 %),0,0,0,0,55034000,2.48
30/07/2010,0,0,14.9(-0.67 %),0,0,0,0,55034000,2.48
02/08/2010,0,0,14.8(-1.33 %),0,0,0,0,55034000,2.48
03/08/2010,0,0,14.9(0.00 %),0,0,0,0,55034000,2.48
04/08/2010,-9000,-132300000,14.7(-2.00 %),1000,14700000,10000,147000000,55043000,2.48
05/08/2010,-50600,-744380000,14.5(-2.68 %),0,0,50600,744380000,55093600,2.45
06/08/2010,-17700,-256680000,14.4(-3.36 %),21700,324537000,39400,581217000,55111300,2.44
09/08/2010,-370800,-5578130000,14.6(-2.01 %),28600,412870000,399400,5991000000,55482100,2.26
10/08/2010,0,0,14.3(-4.03 %),0,0,0,0,55482100,2.26
11/08/2010,0,0,14.1(-2.76 %),0,0,0,0,55482100,2.26
12/08/2010,0,0,13.5(-6.25 %),0,0,0,0,55482100,2.26
13/08/2010,-324600,-4589100000,13.7(-1.44 %),5400,72900000,330000,4662000000,55806700,2.1
16/08/2010,0,0,14(0.72 %),0,0,0,0,55806700,2.1
17/08/2010,0,0,13.6(-2.86 %),0,0,0,0,55806700,2.1
18/08/2010,0,0,13.4(-3.60 %),0,0,0,0,55806700,2.1
19/08/2010,11700,155870000,13.3(-2.92 %),11700,155870000,0,0,55795000,2.1
20/08/2010,0,0,13(-3.70 %),0,0,0,0,55795000,2.1
23/08/2010,2000,26000000,12.8(-2.29 %),2000,26000000,0,0,55793000,2.1
24/08/2010,1200,15000000,12.4(-5.34 %),1200,15000000,0,0,55791800,2.1
25/08/2010,1000,12600000,12.1(-3.20 %),1000,12600000,0,0,55790800,2.1
26/08/2010,28500,358870000,12.5(-0.79 %),28500,358870000,0,0,55762300,2.12
27/08/2010,0,0,12.5(-1.57 %),0,0,0,0,55762300,2.12
30/08/2010,0,0,13.3(5.56 %),0,0,0,0,55762300,2.12
31/08/2010,-100,-1330000,13.2(0.76 %),0,0,100,1330000,55762400,2.12
01/09/2010,14600,194320000,13.1(-0.76 %),14600,194320000,0,0,55747800,2.13
06/09/2010,-13600,-178080000,13.1(0.00 %),400,5320000,14000,183400000,55708800,2.12
07/09/2010,1000,13200000,12.8(-3.03 %),1000,13200000,0,0,55760400,2.12
08/09/2010,200,2560000,12.5(-3.85 %),200,2560000,0,0,55760200,2.12
09/09/2010,0,0,12.7(1.60 %),0,0,0,0,55760200,2.12
10/09/2010,0,0,12.5(-1.57 %),0,0,0,0,55760200,2.12
13/09/2010,200,2510000,12.3(-2.38 %),200,2510000,0,0,55760000,2.12
14/09/2010,-338100,-4086170000,12.1(-2.42 %),400,4800000,338500,4090970000,56098100,1.95
15/09/2010,-457000,-5377710000,11.8(-2.48 %),0,0,457000,5377710000,56555100,1.72
16/09/2010,-517900,-6052580000,11.8(0.00 %),0,0,517900,6052580000,57073000,1.46
17/09/2010,-828500,-9644680000,11.7(0.00 %),200,2300000,828700,9646980000,57901500,1.05
20/09/2010,-196000,-2299930000,11.8(0.85 %),0,0,196000,2299930000,58097500,0.95
21/09/2010,0,0,11.8(0.00 %),0,0,0,0,58097500,0.95
22/09/2010,0,0,11.8(0.00 %),0,0,0,0,58097500,0.95
23/09/2010,0,0,11.7(-0.85 %),0,0,0,0,58097500,0.95
24/09/2010,600,7020000,11.8(0.00 %),600,7020000,0,0,58096900,0.95
27/09/2010,0,0,11.8(0.00 %),0,0,0,0,58096900,0.95
28/09/2010,0,0,11.9(0.85 %),0,0,0,0,58096900,0.95
29/09/2010,-200,-2380000,11.6(-2.52 %),0,0,200,2380000,58097100,0.95
30/09/2010,0,0,11.7(-0.85 %),0,0,0,0,58044500,0.95
01/10/2010,0,0,11.7(0.00 %),0,0,0,0,58044500,0.98
04/10/2010,1000,11500000,11.2(-4.27 %),1000,11500000,0,0,58043500,0.98
05/10/2010,0,0,11.4(-0.87 %),0,0,0,0,58043500,0.98
06/10/2010,0,0,11.5(0.00 %),0,0,0,0,58043500,0.98
07/10/2010,0,0,11.4(-1.72 %),0,0,0,0,58043500,0.98
08/10/2010,10000,115990000,11.5(0.00 %),10000,115990000,0,0,58033500,0.98
11/10/2010,0,0,11.2(-2.61 %),0,0,0,0,58033500,0.98
12/10/2010,0,0,11.3(-1.74 %),0,0,0,0,58033500,0.98
13/10/2010,0,0,11.4(0.00 %),0,0,0,0,58033500,0.98
14/10/2010,0,0,11.5(0.88 %),0,0,0,0,58033500,0.98
15/10/2010,0,0,11.7(1.74 %),0,0,0,0,58033500,0.98
18/10/2010,0,0,12(3.45 %),0,0,0,0,58033500,0.98
19/10/2010,-500000,-6350000000,11.9(0.00 %),0,0,500000,6350000000,58533500,0.73
20/10/2010,900,10530000,11.6(-3.33 %),900,10530000,0,0,58532600,0.73
21/10/2010,0,0,10.8(-0.92 %),0,0,0,0,58532600,0.73
22/10/2010,0,0,10.9(-0.91 %),0,0,0,0,58532600,0.73
25/10/2010,200,2180000,10.8(-0.92 %),200,2180000,0,0,58532400,0.73
26/10/2010,0,0,10.9(0.00 %),0,0,0,0,58532400,0.73
27/10/2010,0,0,10.7(-1.83 %),0,0,0,0,58532400,0.73
28/10/2010,0,0,10.9(0.00 %),0,0,0,0,58532400,0.73
29/10/2010,-10000,-107000000,10.9(0.00 %),0,0,10000,107000000,58542400,0.73
01/11/2010,-1000,-10700000,10.7(-1.83 %),0,0,1000,10700000,58543400,0.73
02/11/2010,-500000,-5500000000,10.8(-0.92 %),0,0,500000,5500000000,59043400,0.48
03/11/2010,0,0,10.8(-0.92 %),0,0,0,0,59043400,0.48
04/11/2010,0,0,10.8(-0.92 %),0,0,0,0,59043400,0.48
05/11/2010,6100,65880000,11(0.92 %),6100,65880000,0,0,59037300,0.48
08/11/2010,1900,20900000,10.9(0.00 %),1900,20900000,0,0,59035400,0.48
09/11/2010,0,0,10.6(-3.64 %),0,0,0,0,59035400,0.48
10/11/2010,0,0,10.8(-0.92 %),0,0,0,0,59035400,0.48
11/11/2010,-31000,-328600000,10.7(-1.83 %),0,0,31000,328600000,59066400,0.47
12/11/2010,100,1030000,10.3(-4.63 %),100,1030000,0,0,59066300,0.47
15/11/2010,100,1000000,10(-5.66 %),100,1000000,0,0,59066200,0.47
16/11/2010,0,0,10(-4.76 %),0,0,0,0,59066200,0.47
17/11/2010,0,0,10(-3.85 %),0,0,0,0,59066200,0.47
18/11/2010,10000,102000000,10.2(0.99 %),10000,102000000,0,0,59056200,0.47
19/11/2010,10000,102000000,10.1(-0.98 %),10000,102000000,0,0,59046200,0.0
22/11/2010,40400,412040000,10.1(-0.98 %),40400,412040000,0,0,59005800,0.5
23/11/2010,0,0,10.1(0.00 %),0,0,0,0,59005800,0.5
24/11/2010,10000,100000000,10(-0.99 %),10000,100000000,0,0,58995800,0.5
25/11/2010,0,0,10(-0.99 %),0,0,0,0,58995800,0.5
26/11/2010,100,1000000,10(-0.99 %),100,1000000,0,0,58995700,0.5
29/11/2010,900,9000000,10.4(2.97 %),900,9000000,0,0,58994800,0.5
30/11/2010,-100,-1090000,10.9(6.86 %),0,0,100,1090000,58994900,0.5
01/12/2010,0,0,10.6(-1.85 %),0,0,0,0,58994900,0.5
02/12/2010,70000,763000000,10.9(1.87 %),70000,763000000,0,0,58924900,0.54
03/12/2010,-682900,-7856130000,11.5(6.48 %),17300,196120000,700200,8052250000,59607800,0.2
06/12/2010,6100,75030000,12.2(6.09 %),6100,75030000,0,0,59601700,0.2
07/12/2010,2700,33010000,11.7(-4.88 %),2700,33010000,0,0,59599000,0.2
08/12/2010,-8100,-94770000,11.3(-6.61 %),3000,35100000,11100,129870000,59607100,0.2
09/12/2010,786600,8967240000,11.6(1.75 %),786600,8967240000,0,0,58820500,0.59
10/12/2010,-18900,-223020000,11.9(4.39 %),0,0,18900,223020000,58839400,0.58
13/12/2010,0,0,12.5(6.84 %),0,0,0,0,58839400,0.58
14/12/2010,227600,3026010000,13.3(6.40 %),229600,3052610000,2000,26600000,58611800,0.69
15/12/2010,-1070300,-15173200000,14.2(6.77 %),0,0,1070300,15173200000,100739137,-11.65
16/12/2010,155000,2085500000,13.3(-6.34 %),155000,2085500000,0,0,100584137,1.24
17/12/2010,375600,5293430000,14.3(6.72 %),375600,5293430000,0,0,100208537,1.35
20/12/2010,70900,990990000,13.5(-3.57 %),70900,990990000,0,0,100076437,1.39
21/12/2010,-9700,-126100000,13.1(-5.76 %),0,0,9700,126100000,100147337,1.37
22/12/2010,12900,165120000,12.8(-2.29 %),12900,165120000,0,0,100134437,1.37
23/12/2010,100,1230000,12.3(-5.38 %),100,1230000,0,0,100134337,1.37
24/12/2010,0,0,12.1(-2.42 %),0,0,0,0,100134337,1.37
27/12/2010,5000,60000000,12.1(-0.82 %),5000,60000000,0,0,100129337,1.37
28/12/2010,0,0,12.4(2.48 %),0,0,0,0,100129337,1.37
29/12/2010,1603100,20038420000,12(-2.44 %),1603100,20038420000,0,0,98526237,1.83
30/12/2010,40000,480000000,11.9(-2.46 %),40000,480000000,0,0,98486237,1.84
31/12/2010,0,0,12.2(2.52 %),0,0,0,0,98486237,1.84
04/01/2011,0,0,12(0.00 %),0,0,0,0,98486237,1.84
05/01/2011,0,0,11.6(-4.13 %),0,0,0,0,98486237,1.84
06/01/2011,0,0,11.5(-1.71 %),0,0,0,0,98486237,1.84
07/01/2011,0,0,11.4(-0.87 %),0,0,0,0,98486237,1.84
10/01/2011,2000,22400000,11(-4.35 %),2000,22400000,0,0,98484237,1.84
11/01/2011,3500,38580000,10.8(-2.70 %),3500,38580000,0,0,98480737,1.84
12/01/2011,0,0,11(0.92 %),0,0,0,0,98480737,1.84
13/01/2011,0,0,11.2(1.82 %),0,0,0,0,98480737,1.84
14/01/2011,0,0,11.2(0.00 %),0,0,0,0,98480737,1.84
17/01/2011,3000,33600000,11.4(1.79 %),3000,33600000,0,0,98477737,1.84
18/01/2011,200,2280000,11.2(-1.75 %),200,2280000,0,0,98477537,1.84
19/01/2011,0,0,11.1(-0.89 %),0,0,0,0,98477537,1.84
20/01/2011,0,0,11.1(0.00 %),0,0,0,0,98477537,9.55
21/01/2011,24000,283200000,11.6(3.57 %),24000,283200000,0,0,98453537,1.85
24/01/2011,1000,11300000,11.2(-3.45 %),1000,11300000,0,0,98452537,1.85
25/01/2011,-300,-3360000,11.1(-2.63 %),0,0,300,3360000,98452837,1.85
26/01/2011,2200,24200000,11.2(1.82 %),2200,24200000,0,0,98450637,1.85
27/01/2011,2500,28000000,11.3(0.89 %),2500,28000000,0,0,98448137,1.85
28/01/2011,3100,34870000,11.2(0.00 %),3100,34870000,0,0,98445037,1.85
08/02/2011,0,0,11.3(0.89 %),0,0,0,0,98445037,1.85
09/02/2011,0,0,11.4(0.88 %),0,0,0,0,98445037,1.85
10/02/2011,0,0,11.3(-0.88 %),0,0,0,0,98445037,1.85
11/02/2011,0,0,11.2(-0.88 %),0,0,0,0,98445037,1.85
14/02/2011,0,0,11.1(-0.89 %),0,0,0,0,98445037,1.85
15/02/2011,-18000,-198000000,10.9(-1.80 %),0,0,18000,198000000,98463037,1.85
16/02/2011,-214000,-2332600000,10.9(-0.91 %),0,0,214000,2332600000,98677037,1.79
17/02/2011,0,0,10.8(-0.92 %),0,0,0,0,98677037,1.79
18/02/2011,100,1080000,10.8(0.00 %),100,1080000,0,0,98676937,1.79
21/02/2011,0,0,10.2(-5.56 %),0,0,0,0,98676937,1.79
22/02/2011,4000,40800000,10.2(-0.97 %),4100,41820000,100,1020000,98672937,1.79
23/02/2011,10500,109150000,10.4(1.96 %),15000,155500000,4500,46350000,98662437,1.79
24/02/2011,30000,306000000,10.3(0.00 %),30000,306000000,0,0,98632437,1.8
25/02/2011,0,0,10.4(0.97 %),0,0,0,0,98632437,1.8
28/02/2011,10000,102000000,10.2(-0.97 %),10000,102000000,0,0,98622437,1.8
01/03/2011,10000,102000000,10.2(-0.97 %),10000,102000000,0,0,98612437,1.81
02/03/2011,-45900,-445840000,9.7(-3.96 %),4100,40960000,50000,486800000,98658337,1.79
03/03/2011,15000,147000000,9.7(-2.02 %),15000,147000000,0,0,0,0.0
04/03/2011,20000,198000000,9.9(0.00 %),20000,198000000,0,0,0,0.0
07/03/2011,39900,394020000,9.9(0.00 %),39900,394020000,0,0,0,0.0
08/03/2011,0,0,9.9(-1.00 %),0,0,0,0,0,0.0
09/03/2011,10000,98000000,9.8(-2.00 %),10000,98000000,0,0,0,0.0
10/03/2011,0,0,10.3(1.98 %),0,0,0,0,0,0.0
11/03/2011,0,0,10.7(5.94 %),0,0,0,0,0,0.0
14/03/2011,0,0,10(-5.66 %),0,0,0,0,0,0.0
15/03/2011,0,0,10(-0.99 %),0,0,0,0,0,0.0
16/03/2011,6000,59400000,9.9(-1.00 %),6000,59400000,0,0,99658637,1.51
17/03/2011,0,0,9.9(0.00 %),0,0,0,0,99658637,1.51
18/03/2011,0,0,10.1(1.00 %),0,0,0,0,99658637,1.51
21/03/2011,0,0,9.9(-1.00 %),0,0,0,0,99658637,1.51
22/03/2011,0,0,9.8(-2.00 %),0,0,0,0,99658637,1.51
23/03/2011,0,300000,9.8(0.00 %),6000,58500000,6000,58200000,99658637,1.51
24/03/2011,0,0,9.7(-1.02 %),0,0,0,0,99658637,1.51
25/03/2011,0,0,9.7(-1.02 %),0,0,0,0,99658637,1.51
28/03/2011,0,0,9.7(0.00 %),0,0,0,0,99658637,1.51
29/03/2011,0,0,9.7(-1.02 %),0,0,0,0,99658637,1.51
30/03/2011,0,0,9.6(-1.03 %),0,0,0,0,99658637,1.51
31/03/2011,0,0,9.6(0.00 %),0,0,0,0,99658637,1.51
01/04/2011,21000,203700000,9.6(-2.04 %),21000,203700000,0,0,99637637,1.51
04/04/2011,200,1900000,9.5(-2.06 %),200,1900000,0,0,99637437,1.51
05/04/2011,0,0,9.9(4.21 %),0,0,0,0,99637437,1.51
06/04/2011,0,0,9.9(2.06 %),0,0,0,0,99637437,1.51
07/04/2011,0,0,9.8(-1.01 %),0,0,0,0,99637437,1.51
08/04/2011,0,0,9.8(0.00 %),0,0,0,0,99637437,1.51
13/04/2011,28000,271600000,9.6(-1.03 %),28000,271600000,0,0,99609437,1.52
14/04/2011,0,0,9.6(-1.03 %),0,0,0,0,99609437,1.52
15/04/2011,0,0,9.5(-1.04 %),0,0,0,0,99609437,1.52
18/04/2011,0,0,9.5(-1.04 %),0,0,0,0,99609437,1.52
19/04/2011,0,0,9.6(0.00 %),0,0,0,0,99609437,1.52
20/04/2011,-100,-990000,9.8(1.03 %),100,970000,200,1960000,99609537,1.52
21/04/2011,0,0,9.8(0.00 %),0,0,0,0,99609537,1.52
22/04/2011,0,0,10.1(3.06 %),0,0,0,0,99609537,1.52
25/04/2011,1800,18540000,10.3(1.98 %),1800,18540000,0,0,99607737,1.52
26/04/2011,0,0,10.3(0.00 %),0,0,0,0,99607737,1.52
27/04/2011,0,0,10.2(0.99 %),0,0,0,0,99607737,1.52
28/04/2011,-1000000,-10240000000,10.2(0.00 %),0,0,1000000,10240000000,100607737,1.23
29/04/2011,100000,1028000000,10.4(0.97 %),100000,1028000000,0,0,100507737,1.26
04/05/2011,0,0,10.4(0.97 %),0,0,0,0,100007737,1.41
05/05/2011,-192100,-2014620000,10.2(-1.92 %),107900,1105380000,300000,3120000000,100199837,1.35
06/05/2011,-300000,-3060000000,10.1(-2.88 %),0,0,300000,3060000000,100499837,1.27
09/05/2011,2500,25250000,10.1(0.00 %),2500,25250000,0,0,100497337,1.27
10/05/2011,0,0,10.1(0.00 %),0,0,0,0,100497337,1.27
11/05/2011,0,0,9.7(2.11 %),0,0,0,0,100497337,1.27
12/05/2011,0,0,9.8(0.00 %),0,0,0,0,100497337,1.27
13/05/2011,40000,390000000,9.8(-1.01 %),40000,390000000,0,0,100457337,1.28
16/05/2011,-399700,-3917180000,9.6(-2.04 %),300,2820000,400000,3920000000,100857037,1.16
17/05/2011,200,1880000,9.5(-3.06 %),200,1880000,0,0,100856837,1.16
18/05/2011,-1800,-16740000,9.3(-4.12 %),0,0,1800,16740000,100858637,1.16
19/05/2011,300,2700000,9.1(-5.21 %),300,2700000,0,0,100858337,1.16
20/05/2011,-199800,-1878240000,9(-4.26 %),200,1760000,200000,1880000000,101058137,1.11
23/05/2011,200,1680000,8.6(-6.52 %),300,2580000,100,900000,101057937,1.11
24/05/2011,-300,-2830000,8.4(-6.67 %),600,5070000,900,7900000,101058237,1.11
25/05/2011,-49800,-408360000,8.2(-6.82 %),200,1640000,50000,410000000,101108037,1.09
26/05/2011,75900,653810000,8.1(-1.22 %),125900,1038810000,50000,385000000,101032137,1.11
27/05/2011,-49800,-408360000,8(-1.23 %),200,1640000,50000,410000000,101081937,1.1
30/05/2011,14800,121600000,8.2(-1.20 %),14800,121600000,0,0,101067137,1.1
31/05/2011,14000,116930000,8.4(-1.18 %),14000,116930000,0,0,101053137,1.11
01/06/2011,70700,604960000,8.7(2.35 %),70700,604960000,0,0,101422537,1.0
02/06/2011,78000,688600000,9.1(5.81 %),78000,688600000,0,0,101344537,1.02
03/06/2011,50000,470000000,8.9(0.00 %),50000,470000000,0,0,101294537,1.04
06/06/2011,0,0,8.8(-3.30 %),0,0,0,0,101294537,1.04
07/06/2011,5000,45500000,9.2(1.10 %),5000,45500000,0,0,101289537,1.04
08/06/2011,0,0,9.1(0.00 %),0,0,0,0,101289537,1.04
09/06/2011,0,0,9.1(-2.15 %),0,0,0,0,101289537,1.04
10/06/2011,-99000,-905400000,9(-2.17 %),1000,9100000,100000,914500000,101388537,1.01
13/06/2011,0,0,9(-1.10 %),0,0,0,0,101388537,1.01
14/06/2011,-176100,-1579610000,8.9(-2.20 %),5000,44500000,181100,1624110000,101564637,0.96
15/06/2011,38500,347150000,8.6(-5.49 %),45000,405000000,6500,57850000,101526137,0.97
16/06/2011,0,0,8.7(0.00 %),0,0,0,0,101526137,0.97
17/06/2011,-5000,-42500000,8.5(-3.41 %),0,0,5000,42500000,101531137,0.97
20/06/2011,-85300,-717370000,8.4(-3.45 %),0,0,85300,717370000,101616437,0.95
21/06/2011,-85500,-723260000,8.4(-2.33 %),0,0,85500,723260000,101701937,0.92
22/06/2011,0,0,8.4(-1.18 %),0,0,0,0,101701937,0.92
23/06/2011,0,0,8.3(-3.49 %),0,0,0,0,101701937,0.92
24/06/2011,0,0,8.4(-2.33 %),0,0,0,0,101701937,0.92
27/06/2011,-100700,-836880000,8.3(-2.35 %),0,0,100700,836880000,101802637,0.89
28/06/2011,-10700,-88910000,8.1(-3.57 %),0,0,10700,88910000,101813337,0.89
29/06/2011,-133100,-1066410000,8.2(0.00 %),0,0,133100,1066410000,101946437,0.85
30/06/2011,-27700,-227090000,8.2(0.00 %),0,0,27700,227090000,101974137,0.84
01/07/2011,500,4150000,8.2(-1.20 %),500,4150000,0,0,101802637,0.89
04/07/2011,4000,32000000,8.2(0.00 %),4000,32000000,0,0,101798637,0.89
05/07/2011,900,7470000,8.3(0.00 %),900,7470000,0,0,101797737,0.89
06/07/2011,0,0,8.3(0.00 %),0,0,0,0,101797737,0.89
07/07/2011,0,0,8.2(-1.20 %),0,0,0,0,101797737,0.89
08/07/2011,0,0,8.2(0.00 %),0,0,0,0,101797737,8.86
11/07/2011,0,0,8.1(-1.22 %),0,0,0,0,101797737,8.86
12/07/2011,0,0,8.1(-1.22 %),0,0,0,0,101797737,8.86
13/07/2011,0,0,7.9(-2.47 %),0,0,0,0,101797737,8.86
14/07/2011,0,0,8.1(1.25 %),0,0,0,0,101797737,8.86
15/07/2011,0,0,7.9(-1.25 %),0,0,0,0,101797737,8.86
18/07/2011,0,0,7.9(-1.25 %),0,0,0,0,101797737,8.86
19/07/2011,0,0,7.8(-2.50 %),0,0,0,0,101797737,8.86
20/07/2011,0,0,8(0.00 %),0,0,0,0,101797737,8.86
21/07/2011,0,0,8(0.00 %),0,0,0,0,101797737,8.86
22/07/2011,4000,31700000,7.9(-2.47 %),4000,31700000,0,0,101793737,8.86
25/07/2011,-3000,-23700000,8(-1.23 %),0,0,3000,23700000,101796737,8.86
26/07/2011,-1000,-8000000,7.9(-1.25 %),0,0,1000,8000000,101797737,8.86
27/07/2011,0,0,8(0.00 %),0,0,0,0,101797737,8.86
28/07/2011,-57000,-450300000,8(0.00 %),0,0,57000,450300000,101854737,8.85
29/07/2011,-28000,-222200000,7.8(-2.50 %),10000,78000000,38000,300200000,101882737,8.84
01/08/2011,0,0,7.7(-2.53 %),0,0,0,0,141032339,0.71
02/08/2011,0,0,7.3(-6.41 %),0,0,0,0,141032339,0.71
03/08/2011,6200,45480000,7(-6.67 %),6200,45480000,0,0,141026139,0.72
04/08/2011,100,710000,7.2(1.41 %),100,710000,0,0,141026039,0.72
05/08/2011,0,0,7.1(-2.74 %),0,0,0,0,141026039,0.72
08/08/2011,0,0,6.9(-4.17 %),0,0,0,0,141026039,0.72
09/08/2011,-1000,-6700000,6.8(-2.86 %),0,0,1000,6700000,141027039,0.72
10/08/2011,50000,350000000,7(1.45 %),50000,350000000,0,0,140977039,0.73
11/08/2011,10000,68000000,6.9(-2.82 %),10000,68000000,0,0,140967039,0.73
12/08/2011,1500,10200000,6.9(-1.43 %),1500,10200000,0,0,140965539,0.73
15/08/2011,0,0,6.9(1.47 %),0,0,0,0,140965539,0.73
16/08/2011,0,0,6.9(1.47 %),0,0,0,0,140965539,0.73
17/08/2011,0,0,7(2.94 %),0,0,0,0,140965539,0.73
18/08/2011,500,3500000,7.1(1.43 %),500,3500000,0,0,140965039,0.73
19/08/2011,500,3550000,7(-1.41 %),500,3550000,0,0,140964539,0.73
22/08/2011,0,0,7.4(5.71 %),0,0,0,0,140964539,0.73
23/08/2011,0,0,7.3(0.00 %),0,0,0,0,140964539,0.73
24/08/2011,0,0,7.2(-1.37 %),0,0,0,0,140964539,0.73
25/08/2011,0,0,7.2(0.00 %),0,0,0,0,140964539,0.73
26/08/2011,18000,129600000,7.2(-1.37 %),18000,129600000,0,0,140946539,0.73
29/08/2011,6000,43200000,7.3(1.39 %),6000,43200000,0,0,140940539,0.73
30/08/2011,0,0,7.6(5.56 %),0,0,0,0,140940539,0.73
31/08/2011,452800,3590790000,8(5.26 %),452800,3590790000,0,0,140487739,0.83
01/09/2011,0,0,8.3(6.41 %),0,0,0,0,140582739,0.81
05/09/2011,20000,176000000,8.8(6.02 %),20000,176000000,0,0,140562739,0.81
06/09/2011,249400,2084710000,8.3(-5.68 %),249400,2084710000,0,0,140313339,0.86
07/09/2011,60000,516000000,8.8(6.02 %),60000,516000000,0,0,140253339,0.88
08/09/2011,99800,928140000,9(3.45 %),100000,930000000,200,1860000,140153539,0.9
09/09/2011,0,0,8.8(-3.30 %),0,0,0,0,140153539,0.9
12/09/2011,207000,1813600000,8.9(1.14 %),207000,1813600000,0,0,139946539,0.94
13/09/2011,200,1740000,8.7(-1.14 %),200,1740000,0,0,139946339,0.94
14/09/2011,88400,758740000,8.3(-5.68 %),88400,758740000,0,0,139857939,0.96
15/09/2011,0,0,8.1(-3.57 %),0,0,0,0,139857939,0.96
16/09/2011,1400,11340000,7.8(-3.70 %),1400,11340000,0,0,139856539,0.96
19/09/2011,0,0,8(1.27 %),0,0,0,0,139856539,0.96
20/09/2011,-21900,-172760000,7.8(-1.27 %),0,0,21900,172760000,139878439,0.95
21/09/2011,10000,79000000,7.9(0.00 %),10000,79000000,0,0,139868439,0.96
22/09/2011,0,0,8(1.27 %),0,0,0,0,139868439,0.96
23/09/2011,0,0,8(0.00 %),0,0,0,0,139868439,0.96
26/09/2011,0,0,7.8(-3.70 %),0,0,0,0,139868439,0.96
27/09/2011,0,0,7.8(-1.27 %),0,0,0,0,139868439,0.96
28/09/2011,0,0,7.8(0.00 %),0,0,0,0,139868439,0.96
29/09/2011,0,0,7.5(-5.06 %),0,0,0,0,139868439,0.96
30/09/2011,-1500,-11100000,7.4(-2.63 %),0,0,1500,11100000,139869939,0.96
03/10/2011,-40900,-297620000,7.2(-2.70 %),0,0,40900,297620000,139868439,0.96
04/10/2011,0,0,7.4(2.78 %),0,0,0,0,139868439,0.96
05/10/2011,0,0,7.3(1.39 %),0,0,0,0,139868439,0.96
06/10/2011,0,0,7.6(2.70 %),0,0,0,0,139868439,0.96
07/10/2011,70000,530000000,7.5(0.00 %),70000,530000000,0,0,139798439,0.97
10/10/2011,39400,290610000,7.3(-2.67 %),39400,290610000,0,0,139759039,0.98
11/10/2011,-12100,-94070000,7.9(6.76 %),0,0,12100,94070000,139771139,0.98
12/10/2011,0,0,7.8(0.00 %),0,0,0,0,139771139,0.98
13/10/2011,0,0,7.8(-1.27 %),0,0,0,0,139771139,0.98
14/10/2011,10000,77000000,7.7(-1.28 %),10000,77000000,0,0,139761139,0.98
17/10/2011,22400,172380000,7.6(-2.56 %),22400,172380000,0,0,139738739,0.98
18/10/2011,500,3800000,7.6(-1.30 %),500,3800000,0,0,139738239,0.98
19/10/2011,0,0,6.9(1.47 %),0,0,0,0,139738239,0.98
20/10/2011,0,0,6.7(-1.47 %),0,0,0,0,139738239,0.98
21/10/2011,0,0,6.8(1.49 %),0,0,0,0,139738239,0.98
24/10/2011,0,0,6.7(0.00 %),0,0,0,0,139738239,0.98
25/10/2011,0,0,6.6(-1.49 %),0,0,0,0,139738239,0.98
26/10/2011,0,0,6.7(1.52 %),0,0,0,0,139738239,0.98
27/10/2011,0,0,6.6(0.00 %),0,0,0,0,139738239,0.98
28/10/2011,0,0,7.1(5.97 %),0,0,0,0,139738239,0.98
31/10/2011,1300,9230000,7.1(1.43 %),1300,9230000,0,0,139736939,0.98
01/11/2011,0,0,6.8(-5.56 %),0,0,0,0,139779339,0.97
02/11/2011,-1989900,-12931310000,6.7(-2.90 %),10100,68690000,2000000,13000000000,141769239,0.56
03/11/2011,0,0,6.7(0.00 %),0,0,0,0,141769239,0.56
04/11/2011,0,0,6.7(0.00 %),0,0,0,0,141769239,0.56
07/11/2011,0,0,6.6(-2.94 %),0,0,0,0,141769239,0.56
08/11/2011,-2400,-16080000,6.6(-1.49 %),0,0,2400,16080000,141771639,0.56
09/11/2011,2000,13200000,6.5(-1.52 %),2000,13200000,0,0,141769639,0.56
10/11/2011,0,0,6.4(-3.03 %),0,0,0,0,141769639,0.56
11/11/2011,0,0,6.5(0.00 %),0,0,0,0,141769639,0.56
14/11/2011,0,0,6.2(-4.62 %),0,0,0,0,141769639,0.56
15/11/2011,0,0,6.5(3.17 %),0,0,0,0,141769639,0.56
16/11/2011,0,0,6.7(4.69 %),0,0,0,0,141769639,0.56
17/11/2011,400,2540000,6.5(-1.52 %),700,4550000,300,2010000,141769239,0.56
18/11/2011,0,0,6.4(-1.54 %),0,0,0,0,141769239,0.56
21/11/2011,0,0,6.4(0.00 %),0,0,0,0,141769239,0.56
22/11/2011,0,0,6.4(0.00 %),0,0,0,0,141769239,0.56
23/11/2011,0,0,6.5(1.56 %),0,0,0,0,141769239,0.56
24/11/2011,0,0,6.5(0.00 %),0,0,0,0,141769239,0.56
25/11/2011,0,0,6.4(-1.54 %),0,0,0,0,141769239,0.56
28/11/2011,0,0,6.5(1.56 %),0,0,0,0,141769239,0.56
29/11/2011,0,0,6.4(-1.54 %),0,0,0,0,141769239,0.56
30/11/2011,0,0,6.4(0.00 %),0,0,0,0,141769239,0.56
01/12/2011,-1000,-6400000,6.4(0.00 %),0,0,1000,6400000,141769239,0.56
02/12/2011,0,0,6.5(0.00 %),0,0,0,0,141769239,0.56
05/12/2011,0,0,6.8(4.62 %),0,0,0,0,141769239,0.56
06/12/2011,0,0,6.5(-2.99 %),0,0,0,0,141769239,0.56
07/12/2011,8000,52000000,6.4(-3.03 %),20000,130000000,12000,78000000,141761239,0.56
08/12/2011,-39900,-256860000,6.4(-1.54 %),0,0,39900,256860000,141801139,0.55
09/12/2011,0,0,6.3(-3.08 %),0,0,0,0,141801139,0.55
12/12/2011,0,0,6.3(-1.56 %),0,0,0,0,141801139,0.55
13/12/2011,0,0,6.2(-1.59 %),0,0,0,0,141801139,0.55
14/12/2011,19200,119140000,6(-3.23 %),20200,125240000,1000,6100000,141781939,0.56
15/12/2011,-100,-590000,6(-1.64 %),0,0,100,590000,141782039,0.56
16/12/2011,10000,61000000,6.1(3.39 %),10000,61000000,0,0,141772039,0.56
19/12/2011,-10200,-61770000,6(-1.64 %),0,0,10200,61770000,141782239,0.56
20/12/2011,0,0,5.9(-3.28 %),0,0,0,0,141782239,0.56
21/12/2011,3000,17700000,6(0.00 %),3000,17700000,0,0,141779239,0.56
22/12/2011,0,0,5.9(-1.67 %),0,0,0,0,141779239,0.56
23/12/2011,0,0,5.6(-5.08 %),0,0,0,0,141779239,0.56
26/12/2011,0,0,5.4(-3.57 %),0,0,0,0,141779239,0.56
27/12/2011,0,0,5.4(-3.57 %),0,0,0,0,141779239,0.56
28/12/2011,0,0,5.7(1.79 %),0,0,0,0,141779239,0.56
29/12/2011,5000,28500000,5.7(0.00 %),5000,28500000,0,0,141774239,0.56
30/12/2011,0,0,5.9(1.72 %),0,0,0,0,141774239,0.56
03/01/2012,1000,5800000,5.9(0.00 %),1000,5800000,0,0,141774239,0.56
04/01/2012,0,0,5.8(0.00 %),0,0,0,0,141774239,0.56
05/01/2012,0,0,5.7(0.00 %),0,0,0,0,141774239,0.56
06/01/2012,0,0,5.7(0.00 %),0,0,0,0,141774239,0.56
09/01/2012,0,0,5.7(0.00 %),0,0,0,0,141774239,0.56
10/01/2012,0,0,5.9(3.51 %),0,0,0,0,141774239,0.56
11/01/2012,35000,204210000,5.9(0.00 %),35000,204210000,0,0,141739239,0.57
12/01/2012,0,0,5.8(-1.69 %),0,0,0,0,141739239,0.57
13/01/2012,6500,37700000,5.9(1.72 %),6500,37700000,0,0,141732739,0.57
16/01/2012,1500,9000000,6(1.69 %),1500,9000000,0,0,141731239,0.57
17/01/2012,0,0,5.9(-1.67 %),0,0,0,0,141731239,0.57
18/01/2012,500,3000000,6(1.69 %),500,3000000,0,0,141730739,0.57
19/01/2012,0,0,6.1(1.67 %),0,0,0,0,141730739,0.57
20/01/2012,2700,16470000,6.1(0.00 %),2700,16470000,0,0,141728039,0.57
30/01/2012,13100,79930000,6.2(1.64 %),13100,79930000,0,0,141714939,0.57
31/01/2012,1000,6600000,6.5(4.84 %),1000,6600000,0,0,141713939,0.57
01/02/2012,0,0,6.4(0.00 %),0,0,0,0,141713939,0.57
02/02/2012,20000,136000000,6.8(6.25 %),20000,136000000,0,0,141693939,0.58
03/02/2012,19000,135700000,7(2.94 %),19000,135700000,0,0,141674939,0.58
06/02/2012,22200,155720000,7(-1.41 %),22200,155720000,0,0,141652739,0.59
07/02/2012,7200,49900000,7(0.00 %),9200,63900000,2000,14000000,141645539,0.59
08/02/2012,12300,86360000,7.3(4.29 %),12300,86360000,0,0,141633239,0.59
09/02/2012,500,3750000,7.5(5.63 %),500,3750000,0,0,141632739,0.59
10/02/2012,111100,859970000,7.6(1.33 %),111100,859970000,0,0,141521639,0.61
13/02/2012,5100,37180000,7.2(-6.49 %),5600,40880000,500,3700000,141516539,0.61
14/02/2012,71400,515040000,7.3(0.00 %),72000,519300000,600,4260000,141445139,0.63
15/02/2012,51600,381340000,6.9(-4.17 %),51600,381340000,0,0,141393539,0.64
16/02/2012,-4500,-31000000,7(0.00 %),2000,14000000,6500,45000000,141398039,0.64
17/02/2012,53000,381100000,7.2(4.35 %),53000,381100000,0,0,141345039,0.65
20/02/2012,51500,386050000,7.7(6.94 %),51500,386050000,0,0,141293539,0.66
21/02/2012,200,1600000,7.6(0.00 %),200,1600000,0,0,141293339,0.66
22/02/2012,51500,406160000,7.8(0.00 %),51500,406160000,0,0,141241839,0.67
23/02/2012,0,0,8.1(5.19 %),0,0,0,0,141241839,0.67
24/02/2012,30000,253090000,8.2(2.50 %),50000,419090000,20000,166000000,141211839,0.68
27/02/2012,58600,495530000,8.7(4.82 %),58600,495530000,0,0,141153239,0.69
28/02/2012,1000,8600000,8.6(1.18 %),1000,8600000,0,0,141152239,0.69
29/02/2012,-137400,-1167570000,8.7(0.00 %),110700,952400000,248100,2119970000,141289639,0.66
01/03/2012,1500,13300000,9(5.88 %),1500,13300000,0,0,141040039,0.71
02/03/2012,-500,-4700000,9.4(6.82 %),0,0,500,4700000,141040539,0.71
05/03/2012,0,0,10(6.38 %),0,0,0,0,141040539,0.71
06/03/2012,-2000,-21400000,10.7(7.00 %),5000,53500000,7000,74900000,141042539,0.71
07/03/2012,50700,575420000,11.4(6.54 %),60300,682360000,9600,106940000,140991839,0.72
08/03/2012,49900,648850000,10.9(-2.68 %),200000,2255000000,150100,1606150000,140941939,0.73
09/03/2012,1000,30400000,10.4(-6.31 %),51000,565400000,50000,535000000,140940939,0.73
12/03/2012,55000,579500000,9.9(-6.60 %),55000,579500000,0,0,140885939,0.75
13/03/2012,-20000,-189000000,10.4(5.05 %),0,0,20000,189000000,140905939,0.74
14/03/2012,45200,478960000,10.3(0.98 %),50200,531460000,5000,52500000,140860739,0.75
15/03/2012,-63000,-666500000,11(5.77 %),0,0,63000,666500000,140923739,0.74
16/03/2012,-50000,-571900000,11.2(5.66 %),50000,558100000,100000,1130000000,140973739,0.73
19/03/2012,6000,67200000,11(-2.65 %),6000,67200000,0,0,140967739,0.73
20/03/2012,95500,1051040000,11(-0.90 %),100500,1105540000,5000,54500000,140872239,0.75
21/03/2012,-15000,-175000000,11.5(4.55 %),0,0,15000,175000000,140887239,0.74
22/03/2012,0,0,11.5(-0.86 %),0,0,0,0,140887239,0.74
23/03/2012,2100,24150000,11.6(0.87 %),2100,24150000,0,0,140885139,0.75
26/03/2012,110000,1249610000,11.4(-1.72 %),150000,1725000000,40000,475390000,140775139,0.77
27/03/2012,40300,449390000,10.7(-6.96 %),40300,449390000,0,0,140734839,0.78
28/03/2012,339000,3638000000,11(2.80 %),339000,3638000000,0,0,140395839,0.85
29/03/2012,-7100,-78050000,10.5(-4.55 %),100,1090000,7200,79140000,140402939,0.85
30/03/2012,-206400,-2135720000,10.2(-2.86 %),22000,241700000,228400,2377420000,140609339,0.8
03/04/2012,0,0,10.9(6.86 %),0,0,0,0,140621839,0.8
04/04/2012,-15000,-172500000,10.6(-2.75 %),35000,372500000,50000,545000000,140636839,0.8
05/04/2012,-120100,-1292350000,10.8(1.89 %),0,0,120100,1292350000,140756939,0.77
06/04/2012,1900,20510000,10.6(-1.85 %),3000,32400000,1100,11890000,140755039,0.77
09/04/2012,-2000,-21400000,10.6(0.00 %),0,0,2000,21400000,140757039,0.77
10/04/2012,100000,1060000000,10.5(-2.78 %),100000,1060000000,0,0,140657039,0.79
11/04/2012,-34700,-377820000,10.8(2.86 %),65300,692180000,100000,1070000000,140691739,0.79
12/04/2012,-63000,-721500000,11.5(6.48 %),0,0,63000,721500000,140754739,0.77
13/04/2012,-87900,-1022800000,11.5(0.00 %),4000,48000000,91900,1070800000,140842639,0.75
16/04/2012,0,10000000,11.7(1.74 %),100000,1150000000,100000,1140000000,140842639,0.75
17/04/2012,51500,592300000,11.4(-1.72 %),51500,592300000,0,0,140791139,0.76
18/04/2012,500,5650000,11.2(-2.61 %),500,5650000,0,0,140790639,0.76
19/04/2012,30000,333000000,10.8(-2.70 %),30000,333000000,0,0,140760639,0.77
20/04/2012,0,0,10.9(0.93 %),0,0,0,0,140760639,0.77
23/04/2012,0,0,10.9(0.00 %),0,0,0,0,140760639,0.77
24/04/2012,0,0,10.9(0.00 %),0,0,0,0,140760639,0.77
25/04/2012,7300,83220000,11.5(5.50 %),7300,83220000,0,0,140753339,0.77
26/04/2012,297000,3297470000,11.1(-2.63 %),307000,3411840000,10000,114370000,140456339,0.83
27/04/2012,39000,435000000,11.3(1.80 %),39000,435000000,0,0,140417339,0.84
02/05/2012,2000,22000000,10.9(-3.54 %),2000,22000000,0,0,140640939,0.8
03/05/2012,1000,10700000,10.4(-3.70 %),1000,10700000,0,0,140639939,0.8
04/05/2012,3000,32100000,10.7(2.88 %),3000,32100000,0,0,140636939,0.8
07/05/2012,0,0,11.3(6.60 %),0,0,0,0,140636939,0.8
08/05/2012,-42900,-486960000,11.3(0.00 %),13600,154740000,56500,641700000,140679839,0.79
09/05/2012,4400,49280000,11.2(-0.88 %),4400,49280000,0,0,140675439,0.79
10/05/2012,500,5500000,11(-0.90 %),500,5500000,0,0,140674939,0.79
11/05/2012,0,0,10.7(-1.83 %),0,0,0,0,140674939,0.79
14/05/2012,244200,2518520000,10.3(-3.74 %),250000,2580000000,5800,61480000,140430739,0.84
15/05/2012,6000,61300000,10(-2.91 %),10000,102000000,4000,40700000,140424739,0.84
16/05/2012,45000,445500000,10.1(1.00 %),55400,548460000,10400,102960000,140379739,0.85
17/05/2012,1000,9900000,9.9(-1.00 %),1000,9900000,0,0,140378739,0.85
18/05/2012,-184500,-1748300000,9.3(-5.10 %),500,4750000,185000,1753050000,140563239,0.81
21/05/2012,15500,147850000,9.8(6.52 %),15500,147850000,0,0,140547739,0.82
22/05/2012,500,4850000,9.7(-1.02 %),500,4850000,0,0,140547239,0.82
23/05/2012,1000,9200000,9.2(-5.15 %),1000,9200000,0,0,140546239,0.82
24/05/2012,0,0,9.2(0.00 %),0,0,0,0,140546239,0.82
25/05/2012,0,0,9.7(6.59 %),0,0,0,0,140546239,0.82
28/05/2012,-1500,-15300000,10(3.09 %),0,0,1500,15300000,140547739,0.82
29/05/2012,3000,29100000,9.9(0.00 %),3000,29100000,0,0,140544739,0.82
30/05/2012,0,0,10(2.04 %),0,0,0,0,140544739,0.82
31/05/2012,0,0,9.8(-1.01 %),0,0,0,0,140544739,0.82
01/06/2012,-1000,-9900000,9.9(0.00 %),0,0,1000,9900000,140554739,0.81
04/06/2012,-108250,-1007185000,9.1(-3.19 %),4600,42320000,112850,1049505000,140662989,0.79
05/06/2012,10200,93820000,9.4(3.30 %),10200,93820000,0,0,140652789,0.79
06/06/2012,-2000,-18600000,9.3(0.00 %),0,0,2000,18600000,140654789,0.79
07/06/2012,16700,155690000,9.7(5.43 %),20000,188000000,3300,32310000,140638089,0.8
08/06/2012,-10000,-98000000,9.5(-2.06 %),0,0,10000,98000000,140648089,0.79
11/06/2012,0,0,9.4(0.00 %),0,0,0,0,140648089,0.79
12/06/2012,0,0,9.3(-2.11 %),0,0,0,0,140648089,0.79
13/06/2012,2000,18600000,9.4(1.08 %),2000,18600000,0,0,140646089,0.79
14/06/2012,0,0,9.2(-2.13 %),0,0,0,0,140646089,0.79
15/06/2012,0,0,9.3(0.00 %),0,0,0,0,140646089,0.79
18/06/2012,-9500,-89250000,9.4(1.08 %),500,4750000,10000,94000000,140655589,0.79
19/06/2012,0,0,9.3(-1.06 %),562450,4949560000,562450,4949560000,140655589,0.79
20/06/2012,0,0,9.4(1.08 %),0,0,0,0,140655589,0.79
21/06/2012,200,1860000,9.2(-1.08 %),200,1860000,0,0,140655389,0.79
22/06/2012,8000,73800000,9.2(0.00 %),10000,92000000,2000,18200000,140647389,0.79
25/06/2012,0,0,9(-2.17 %),0,0,0,0,140647389,0.79
26/06/2012,-20100,-176460000,8.7(-3.33 %),0,0,20100,176460000,140667489,0.79
27/06/2012,0,0,8.7(0.00 %),0,0,0,0,140667489,0.79
28/06/2012,500,4280000,8.8(1.15 %),500,4280000,0,0,140666989,0.79
29/06/2012,-300,-2690000,8.8(0.00 %),700,6110000,1000,8800000,140667289,0.79
02/07/2012,700,6230000,8.6(-3.37 %),700,6230000,0,0,140666589,0.79
03/07/2012,50100,420860000,8.3(-3.49 %),50100,420860000,0,0,140616489,0.8
04/07/2012,55400,470350000,8.2(-1.20 %),55400,470350000,0,0,140561089,0.81
05/07/2012,100100,820810000,8.5(4.94 %),100100,820810000,0,0,140460989,0.83
06/07/2012,-60200,-505680000,8.5(1.19 %),40000,336000000,100200,841680000,140521189,0.82
09/07/2012,15000,125080000,8.1(-3.57 %),15000,125080000,0,0,140506189,0.82
10/07/2012,-400,-3240000,8.1(0.00 %),0,0,400,3240000,140506589,0.82
11/07/2012,249900,2047700000,8.2(2.50 %),250000,2048500000,100,800000,140256689,0.88
12/07/2012,0,0,8.3(1.22 %),0,0,0,0,140256689,0.88
13/07/2012,2200,18480000,8.6(3.61 %),2200,18480000,0,0,140254489,0.88
16/07/2012,4100,34860000,8.4(-2.33 %),4100,34860000,0,0,140250389,0.88
17/07/2012,4000,33600000,8.6(2.38 %),4000,33600000,0,0,140246389,0.88
18/07/2012,300,2610000,8.5(-1.16 %),300,2610000,0,0,140246089,0.88
19/07/2012,100,850000,8.8(3.53 %),100,850000,0,0,140245989,0.88
20/07/2012,900,8020000,8.5(-3.41 %),1000,8900000,100,880000,140245089,0.88
23/07/2012,50000,425000000,8.5(-1.16 %),50000,425000000,0,0,140195089,0.89
24/07/2012,500,4220000,8.3(-2.35 %),800,6710000,300,2490000,140194589,0.89
25/07/2012,1600,13400000,8.3(0.00 %),1700,14230000,100,830000,140192989,0.89
26/07/2012,500,4200000,8.4(1.20 %),500,4200000,0,0,140192489,0.89
27/07/2012,200,1720000,8.4(1.20 %),200,1720000,0,0,140192289,0.89
30/07/2012,-1000,-8340000,8.4(0.00 %),800,6780000,1800,15120000,140193289,0.89
31/07/2012,3600,30270000,8.6(1.18 %),5300,44550000,1700,14280000,140189689,0.89
01/08/2012,-100,-850000,8.4(-1.18 %),400,3400000,500,4250000,140186789,0.89
02/08/2012,-4700,-39430000,8.5(1.19 %),500,4250000,5200,43680000,140191489,0.89
03/08/2012,-100,-830000,8.4(0.00 %),700,5890000,800,6720000,140191589,0.89
06/08/2012,-1800,-15620000,8.6(3.61 %),3500,29400000,5300,45020000,140193389,0.89
07/08/2012,4300,36150000,8.4(-2.33 %),4700,39550000,400,3400000,140189089,0.89
08/08/2012,-250400,-2228560000,8.9(5.95 %),0,0,250400,2228560000,140439489,0.84
09/08/2012,-150700,-1431650000,9.5(6.74 %),0,0,150700,1431650000,140590189,0.81
10/08/2012,-57700,-541780000,9.2(-3.16 %),2300,22220000,60000,564000000,140647889,0.79
13/08/2012,-78900,-717980000,9.2(0.00 %),400,3690000,79300,721670000,140726789,0.78
14/08/2012,400,3690000,9.2(0.00 %),400,3690000,0,0,140726389,0.78
15/08/2012,-21800,-202540000,9.2(0.00 %),200,1860000,22000,204400000,140748189,0.77
16/08/2012,-28000,-260390000,9.3(0.00 %),100,930000,28100,261320000,140776189,0.77
17/08/2012,-400,-3200000,7.9(-15.05 %),0,0,400,3200000,140776589,0.77
20/08/2012,-400,-3120000,7.7(-2.53 %),0,0,400,3120000,140776989,0.77
21/08/2012,62700,461480000,7.3(-6.41 %),62700,461480000,0,0,140714289,0.78
22/08/2012,380500,2656850000,6.9(-5.48 %),381500,2663950000,1000,7100000,140333789,0.86
23/08/2012,35200,227180000,6.4(-5.88 %),35200,227180000,0,0,140298589,0.87
24/08/2012,16500,102300000,6.8(6.25 %),16500,102300000,0,0,140282089,0.87
27/08/2012,17000,113300000,6.5(-4.41 %),17000,113300000,0,0,140265089,0.87
28/08/2012,10800,72360000,6.9(6.15 %),11000,73700000,200,1340000,140254289,0.88
29/08/2012,156500,1111850000,7.2(5.88 %),157000,1115400000,500,3550000,140097789,0.91
30/08/2012,39000,280800000,7.2(0.00 %),39000,280800000,0,0,140058789,0.92
31/08/2012,-146300,-1025910000,7(-2.78 %),7000,49250000,153300,1075160000,140205089,0.89
04/09/2012,0,0,6.9(-2.82 %),0,0,0,0,140055289,0.92
05/09/2012,21000,142500000,6.7(-4.29 %),28000,190800000,7000,48300000,140034289,0.92
06/09/2012,0,0,6.7(-1.47 %),0,0,0,0,140034289,0.92
07/09/2012,2500,16200000,6.7(0.00 %),5500,36300000,3000,20100000,140031789,0.92
10/09/2012,-16100,-101750000,6.4(-4.48 %),3900,25250000,20000,127000000,140047889,0.92
11/09/2012,70000,448000000,6.5(1.56 %),70000,448000000,0,0,139977889,0.93
12/09/2012,5000,32700000,6.5(1.56 %),5000,32700000,0,0,139972889,0.93
13/09/2012,0,0,6.6(1.54 %),0,0,0,0,139972889,0.93
14/09/2012,-140000,-924000000,6.6(0.00 %),0,0,140000,924000000,140112889,0.91
17/09/2012,0,0,6.6(-1.49 %),0,0,0,0,140112889,0.91
18/09/2012,600,3900000,6.3(-4.55 %),600,3900000,0,0,140112289,0.91
19/09/2012,21500,135450000,6.4(1.59 %),21500,135450000,0,0,140090789,0.91
20/09/2012,0,0,6.4(0.00 %),0,0,0,0,140090789,0.91
21/09/2012,5000,32500000,6.5(3.17 %),5000,32500000,0,0,140085789,0.91
24/09/2012,0,0,6.4(-1.54 %),0,0,0,0,140085789,0.91
25/09/2012,0,0,6.5(1.56 %),0,0,0,0,140085789,0.91
26/09/2012,17000,110500000,6.5(0.00 %),17000,110500000,0,0,140068789,0.91
27/09/2012,200,1300000,6.5(0.00 %),200,1300000,0,0,140068589,0.91
28/09/2012,1000,6300000,6.4(-1.54 %),1000,6300000,0,0,140067589,0.91
01/10/2012,18000,115200000,6.1(-4.69 %),18000,115200000,0,0,140203389,0.89
02/10/2012,0,0,6.1(0.00 %),0,0,0,0,140203389,0.89
03/10/2012,0,0,6.3(3.28 %),0,0,0,0,140203389,0.89
04/10/2012,0,0,6.2(0.00 %),0,0,0,0,140203389,0.89
05/10/2012,20000,120000000,6.1(0.00 %),20000,120000000,0,0,140183389,0.89
08/10/2012,0,0,6.3(6.78 %),0,0,0,0,140183389,0.89
09/10/2012,-1800,-11340000,6.2(0.00 %),0,0,1800,11340000,140185189,0.89
10/10/2012,200,1240000,6.1(-1.61 %),200,1240000,0,0,140184989,0.89
11/10/2012,-1000,-6100000,6.3(3.28 %),0,0,1000,6100000,140185989,0.89
12/10/2012,-19000,-117800000,6.2(0.00 %),0,0,19000,117800000,140204989,0.89
15/10/2012,3000,18300000,6(-3.23 %),3000,18300000,0,0,140201989,0.89
16/10/2012,780500,4968160000,6.5(6.56 %),780500,4968160000,0,0,139421489,1.05
17/10/2012,272000,1792450000,6.4(-1.54 %),272000,1792450000,0,0,139149489,1.11
18/10/2012,12500,81250000,6.4(0.00 %),12500,81250000,0,0,139136989,1.11
19/10/2012,0,0,6.3(-1.56 %),0,0,0,0,139136989,1.11
22/10/2012,3700,22940000,6.2(0.00 %),3700,22940000,0,0,139133289,1.11
23/10/2012,0,0,6.2(0.00 %),0,0,0,0,139133289,1.11
24/10/2012,200,1220000,6(-1.64 %),200,1220000,0,0,139133089,1.11
25/10/2012,50000,300000000,6(0.00 %),50000,300000000,0,0,139083089,1.12
26/10/2012,103100,587690000,5.8(-1.69 %),103100,587690000,0,0,138979989,14.32
29/10/2012,73,424200,5.7(0.00 %),100,570000,27,145800,138979916,14.32
30/10/2012,-400,-2280000,5.4(-5.26 %),0,0,400,2280000,138980316,14.32
31/10/2012,14800,78920000,5.4(0.00 %),14800,78920000,0,0,138965516,14.33
01/11/2012,-4742,-24720000,5.1(-3.77 %),500,2550000,5242,27270000,220330865,5.15
02/11/2012,27000,138600000,4.9(-3.92 %),30000,153000000,3000,14400000,220303865,5.15
05/11/2012,115000,563500000,4.9(0.00 %),115000,563500000,0,0,220188865,5.16
06/11/2012,-7700,-36960000,4.8(-2.04 %),300,1440000,8000,38400000,220196565,5.16
07/11/2012,-2000,-10600000,4.9(2.08 %),10000,48000000,12000,58600000,220198565,5.16
08/11/2012,0,0,4.8(-2.04 %),0,0,0,0,220198565,5.16
09/11/2012,473400,2292320000,4.9(2.08 %),473400,2292320000,0,0,219725165,5.22
12/11/2012,0,0,5.2(6.12 %),0,0,0,0,219725165,5.22
13/11/2012,-2700,-14210000,5.3(1.92 %),5000,27000000,7700,41210000,219727865,5.22
14/11/2012,900,4860000,5.3(0.00 %),1000,5400000,100,540000,219726965,5.22
15/11/2012,-1870300,-9677060000,5.1(-1.92 %),5000,26000000,1875300,9703060000,221597265,5.01
16/11/2012,-1649800,-8399480000,5.1(0.00 %),5000,25000000,1654800,8424480000,223247065,4.82
19/11/2012,-1125200,-5675520000,5(-1.96 %),0,0,1125200,5675520000,224372265,4.69
20/11/2012,-1423500,-7116050000,5.1(2.00 %),1020,5094000,1424520,7121144000,225795765,4.53
21/11/2012,-345400,-1730000000,4.9(-2.00 %),35000,172000000,380400,1902000000,226141165,4.49
22/11/2012,-1187900,-5821100000,5(2.04 %),0,0,1187900,5821100000,227329065,4.36
23/11/2012,-326900,-1601810000,4.8(-2.04 %),0,0,326900,1601810000,227655965,4.32
26/11/2012,-800800,-3847280000,4.8(0.00 %),22000,107800000,822800,3955080000,228456765,4.23
27/11/2012,-255400,-1225920000,4.7(-2.08 %),0,0,255400,1225920000,228712165,4.2
28/11/2012,-544700,-2614560000,4.8(0.00 %),300,1440000,545000,2616000000,229256865,4.14
29/11/2012,-710000,-3408000000,4.8(0.00 %),0,0,710000,3408000000,229966865,4.06
30/11/2012,-666000,-3196800000,4.9(2.08 %),4000,19200000,670000,3216000000,230632865,3.99
03/12/2012,-600000,-2880000000,4.8(0.00 %),0,0,600000,2880000000,228968534,4.17
04/12/2012,-1116400,-5467120000,5(4.17 %),0,0,1116400,5467120000,230084934,4.05
05/12/2012,-1686900,-8444490000,5(2.04 %),21000,105000000,1707900,8549490000,231771834,3.86
06/12/2012,-1049500,-5142550000,4.9(-2.00 %),0,0,1049500,5142550000,232821334,3.74
07/12/2012,-626200,-3068380000,4.9(0.00 %),25000,122500000,651200,3190880000,233447534,3.67
10/12/2012,-1562100,-7764560000,5(2.04 %),0,0,1562100,7764560000,235009634,3.49
11/12/2012,-1286200,-6357230000,5(0.00 %),51500,257500000,1337700,6614730000,236295834,3.35
12/12/2012,-3110200,-15804980000,5.2(6.12 %),19800,97020000,3130000,15902000000,239406034,3.0
13/12/2012,-2650000,-14150000000,5.4(3.85 %),0,0,2650000,14150000000,242056034,2.7
14/12/2012,-1514200,-8116680000,5.4(1.89 %),0,0,1514200,8116680000,243570234,2.53
17/12/2012,-4200800,-22311880000,5.5(3.77 %),0,0,4200800,22311880000,247771034,2.05
18/12/2012,-81600,-440780000,5.3(-1.85 %),0,0,81600,440780000,247852634,2.04
19/12/2012,-100,-550000,5.6(5.66 %),0,0,100,550000,247852734,2.04
20/12/2012,1500,8400000,5.3(-5.36 %),1500,8400000,0,0,247851234,2.04
21/12/2012,1700,9010000,5.3(-1.85 %),1700,9010000,0,0,247849534,2.04
24/12/2012,0,0,5.4(1.89 %),0,0,0,0,247849534,2.04
25/12/2012,0,0,5.4(1.89 %),0,0,0,0,247849534,2.04
26/12/2012,0,0,5.4(1.89 %),0,0,0,0,247849534,2.04
27/12/2012,-200,-1140000,5.6(3.70 %),0,0,200,1140000,247849734,2.04
28/12/2012,0,0,5.8(3.57 %),0,0,0,0,247849734,2.04
02/01/2013,28600,177690000,6.3(6.78 %),28700,178310000,100,620000,250345834,1.76
03/01/2013,47000,297100000,6.2(-1.59 %),51000,322300000,4000,25200000,250298834,1.77
04/01/2013,14300,88660000,6.6(6.45 %),14300,88660000,0,0,250284534,1.77
07/01/2013,17200,114120000,6.5(-1.52 %),17300,114780000,100,660000,250267334,1.77
08/01/2013,3000,19500000,6.8(4.62 %),3000,19500000,0,0,250264334,1.77
09/01/2013,-498900,-3443010000,6.4(-5.88 %),5100,34590000,504000,3477600000,250763234,1.72
10/01/2013,0,0,6.7(3.08 %),0,0,0,0,250763234,1.72
11/01/2013,-64700,-438330000,6.7(0.00 %),10000,70000000,74700,508330000,250827934,1.71
14/01/2013,-242800,-1627020000,6.7(0.00 %),7200,47980000,250000,1675000000,251070734,1.68
15/01/2013,-700,-4950000,7.1(5.97 %),0,0,700,4950000,251071434,1.68
16/01/2013,-221000,-1594220000,7(-1.41 %),34200,243220000,255200,1837440000,251292434,1.66
17/01/2013,25000,173000000,6.8(-2.86 %),25000,173000000,0,0,251267434,1.66
18/01/2013,11500,77050000,6.8(1.49 %),11500,77050000,0,0,251255934,1.66
21/01/2013,33400,224230000,6.7(-1.47 %),35400,237730000,2000,13500000,251222534,1.66
22/01/2013,19800,126680000,6.4(-4.48 %),20000,128000000,200,1320000,251202734,1.67
23/01/2013,2000,12800000,6.5(1.56 %),5000,32000000,3000,19200000,251200734,1.67
24/01/2013,3000,-500000,6.7(4.69 %),203000,1299500000,200000,1300000000,251197734,1.67
25/01/2013,-9600,-65240000,6.7(0.00 %),400,2760000,10000,68000000,251207334,1.67
28/01/2013,509400,3604420000,7(2.94 %),651000,4569100000,141600,964680000,250697934,1.72
29/01/2013,1442400,10320940000,7.3(4.29 %),1553000,11096200000,110600,775260000,249255534,1.89
30/01/2013,226200,1674890000,7.4(1.37 %),355100,2628750000,128900,953860000,249029334,1.91
31/01/2013,820300,5948420000,7.1(-4.05 %),861300,6245420000,41000,297000000,248209034,2.0
01/02/2013,16900,119990000,7.1(0.00 %),16900,119990000,0,0,247811934,2.05
04/02/2013,100200,721440000,7.3(2.82 %),100200,721440000,0,0,247711734,2.06
05/02/2013,-1000,-7100000,7.2(0.00 %),0,0,1000,7100000,247712734,2.06
06/02/2013,-14000,-102600000,7.4(2.78 %),0,0,14000,102600000,247726734,2.06
07/02/2013,-4000,-30800000,7.8(5.41 %),0,0,4000,30800000,247730734,2.06
08/02/2013,-19400,-157080000,8.1(5.19 %),1100,8870000,20500,165950000,247750134,2.06
18/02/2013,75200,615940000,8(-1.23 %),79400,650380000,4200,34440000,247674934,2.06
19/02/2013,14000,109390000,7.8(-3.70 %),35000,276500000,21000,167110000,247660934,2.07
20/02/2013,768900,6150700000,8.2(3.80 %),781900,6254700000,13000,104000000,246892034,2.15
21/02/2013,14700,115070000,7.5(-8.54 %),16000,125300000,1300,10230000,246877334,2.15
22/02/2013,3000,22500000,7.8(5.41 %),3000,22500000,0,0,246874334,2.15
25/02/2013,0,0,7.7(0.00 %),0,0,0,0,246874334,2.15
26/02/2013,-3489218,-25119809600,7.2(-6.49 %),10800,80320000,3500018,25200129600,250363552,1.76
27/02/2013,-5000,-36000000,7.4(2.78 %),0,0,5000,36000000,250368552,1.76
28/02/2013,-2000,-14800000,7.4(1.37 %),0,0,2000,14800000,250370552,1.76
01/03/2013,764100,5707650000,7.4(0.00 %),766100,5722250000,2000,14600000,246627934,2.18
04/03/2013,117800,816380000,6.8(-8.11 %),117800,816380000,0,0,246510134,2.2
05/03/2013,2300,15360000,6.6(-2.94 %),5400,36140000,3100,20780000,246507834,2.2
06/03/2013,-511500,-3430120000,7(6.06 %),100,660000,511600,3430780000,247019334,2.14
07/03/2013,0,0,6.8(-2.86 %),0,0,0,0,247019334,2.14
08/03/2013,-4000,-27000000,6.9(2.99 %),0,0,4000,27000000,247023334,2.14
11/03/2013,-10700,-75040000,7.2(4.35 %),0,0,10700,75040000,247034034,2.14
12/03/2013,36700,264340000,7.1(-1.39 %),37700,271440000,1000,7100000,246997334,2.14
13/03/2013,0,0,6.9(-2.82 %),0,0,0,0,246997334,2.14
14/03/2013,5000,34500000,7(1.45 %),5000,34500000,0,0,246992334,2.14
15/03/2013,0,0,7(1.45 %),0,0,0,0,246992334,2.14
18/03/2013,500,3450000,6.8(-2.86 %),500,3450000,0,0,246991834,2.14
19/03/2013,0,0,6.8(0.00 %),0,0,0,0,246991834,2.14
20/03/2013,-9900,-68310000,6.9(2.99 %),100,690000,10000,69000000,247001734,2.14
21/03/2013,0,0,6.8(-1.45 %),0,0,0,0,247001734,2.14
22/03/2013,0,0,6.8(-1.45 %),0,0,0,0,247001734,2.14
25/03/2013,14100,97280000,6.9(2.99 %),14100,97280000,0,0,246987634,2.14
26/03/2013,13500,91800000,6.8(0.00 %),14100,95880000,600,4080000,246974134,2.14
27/03/2013,0,0,6.7(0.00 %),0,0,0,0,246974134,2.14
28/03/2013,5800,38280000,6.6(-1.49 %),5800,38280000,0,0,246968334,2.14
29/03/2013,4200,27260000,6.6(0.00 %),4200,27260000,0,0,246964134,2.14
01/04/2013,-800,-5520000,7(6.06 %),0,0,800,5520000,250473152,1.75
02/04/2013,-18600,-130640000,6.8(-1.45 %),4400,30360000,23000,161000000,250491752,1.75
03/04/2013,-133500,-924060000,6.9(1.47 %),48300,330360000,181800,1254420000,250625252,1.73
04/04/2013,-15900,-106740000,6.7(-1.47 %),14000,95200000,29900,201940000,250641152,1.73
05/04/2013,-21700,-147480000,6.9(2.99 %),800,5520000,22500,153000000,250662852,1.73
08/04/2013,-41800,-304870000,7.3(5.80 %),15800,113760000,57600,418630000,250704652,1.72
09/04/2013,-65000,-474500000,7.3(0.00 %),0,0,65000,474500000,250769652,1.71
10/04/2013,148900,1050990000,6.9(-5.48 %),148900,1050990000,0,0,250620752,1.73
11/04/2013,280200,1958420000,7(1.45 %),280200,1958420000,0,0,250340552,1.76
12/04/2013,1100,7490000,6.8(-2.86 %),1100,7490000,0,0,250339452,1.76
15/04/2013,1700,11300000,6.6(-2.94 %),1700,11300000,0,0,250337752,1.76
16/04/2013,2000,12700000,6.7(1.52 %),5000,32500000,3000,19800000,250335752,1.76
17/04/2013,-90000,-585000000,6.6(0.00 %),0,0,90000,585000000,250425752,1.75
18/04/2013,119500,776700000,6.5(-1.52 %),120500,783200000,1000,6500000,250306252,1.77
22/04/2013,106500,682250000,6.3(-3.08 %),110000,705000000,3500,22750000,250199752,1.78
23/04/2013,-7000,-44800000,6.5(3.17 %),0,0,7000,44800000,250206752,1.78
24/04/2013,744300,4768520000,6.5(1.56 %),744300,4768520000,0,0,249462452,1.86
25/04/2013,610200,4027320000,6.6(1.54 %),610200,4027320000,0,0,248852252,1.93
26/04/2013,632500,4174500000,6.6(0.00 %),632500,4174500000,0,0,248219752,2.0
02/05/2013,399900,2624340000,6.5(-1.52 %),420000,2767000000,20100,142660000,247800552,2.05
03/05/2013,251500,1659900000,6.7(3.08 %),276500,1824900000,25000,165000000,247549052,2.08
06/05/2013,640100,4381880000,7.1(5.97 %),640100,4381880000,0,0,246908952,2.15
07/05/2013,1176100,8152720000,6.9(-2.82 %),1249200,8664420000,73100,511700000,245732852,2.28
08/05/2013,609800,4156320000,6.8(-1.45 %),623000,4247400000,13200,91080000,245123052,2.35
09/05/2013,-4000,-27600000,6.9(1.47 %),0,0,4000,27600000,245127052,2.35
10/05/2013,17000,115800000,6.8(-1.45 %),17000,115800000,0,0,245110052,2.35
13/05/2013,43600,300840000,6.9(0.00 %),43600,300840000,0,0,245066452,2.36
14/05/2013,-20700,-140760000,6.7(-2.90 %),0,0,20700,140760000,245087152,2.36
15/05/2013,-139000,-945200000,6.8(0.00 %),0,0,139000,945200000,245226152,2.34
16/05/2013,-23600,-162480000,6.9(1.47 %),0,0,23600,162480000,245249752,2.34
17/05/2013,16000,108800000,6.8(-1.45 %),16000,108800000,0,0,245233752,2.34
20/05/2013,4300,29340000,7(2.94 %),6300,42940000,2000,13600000,245229452,2.34
21/05/2013,200,1420000,7(1.45 %),200,1420000,0,0,245229252,2.34
22/05/2013,333700,2370200000,7.2(2.86 %),350200,2487400000,16500,117200000,244895552,2.38
23/05/2013,229400,1623240000,7(-2.78 %),234400,1659240000,5000,36000000,244666152,2.4
24/05/2013,420000,2982000000,7.2(2.86 %),420000,2982000000,0,0,244246152,2.45
27/05/2013,200700,1489290000,7.5(4.17 %),240700,1786490000,40000,297200000,244045452,2.47
28/05/2013,1320400,9854300000,7.6(1.33 %),1320600,9855780000,200,1480000,242725052,2.62
29/05/2013,522000,3985300000,7.5(-1.32 %),522000,3985300000,0,0,242203052,2.68
30/05/2013,-17400,-129900000,7.7(2.67 %),15700,118350000,33100,248250000,242220452,2.68
31/05/2013,14500,110650000,7.4(-2.63 %),14500,110650000,0,0,242205952,2.68
03/06/2013,0,0,7.5(1.35 %),0,0,0,0,242192952,2.68
04/06/2013,-733600,-5355640000,7.2(-2.70 %),300,2220000,733900,5357860000,242926552,2.6
05/06/2013,100,740000,7.3(1.39 %),100,740000,0,0,242926452,2.6
06/06/2013,0,0,7.4(1.37 %),0,0,0,0,242926452,2.6
07/06/2013,0,0,7.3(0.00 %),0,0,0,0,242926452,2.6
10/06/2013,10200,74460000,7.3(0.00 %),10200,74460000,0,0,242916252,2.6
11/06/2013,-1000,-7300000,7.2(-1.37 %),0,0,1000,7300000,242917252,2.6
12/06/2013,0,0,7.2(0.00 %),0,0,0,0,242917252,2.6
13/06/2013,10000,72000000,7.3(1.39 %),10000,72000000,0,0,242907252,2.6
14/06/2013,0,0,7.3(1.39 %),0,0,0,0,242907252,2.6
17/06/2013,-40000,-284000000,7(-2.78 %),0,0,40000,284000000,242947252,2.6
18/06/2013,-1000,-6900000,7(0.00 %),0,0,1000,6900000,242948252,2.6
19/06/2013,28200,197400000,7(0.00 %),49000,343000000,20800,145600000,242920052,2.6
20/06/2013,0,0,7(0.00 %),0,0,0,0,242920052,2.6
21/06/2013,-12600,-85600000,6.9(0.00 %),400,2800000,13000,88400000,242932652,2.6
24/06/2013,28200,191760000,6.9(0.00 %),29200,198660000,1000,6900000,242904452,2.6
25/06/2013,-4500,-30300000,6.7(-2.90 %),0,0,4500,30300000,242908952,2.6
26/06/2013,940,6354000,6.7(0.00 %),1000,6720000,60,366000,242908012,2.6
27/06/2013,68000,462400000,6.8(0.00 %),73300,498440000,5300,36040000,242840012,2.61
28/06/2013,40000,276000000,6.9(0.00 %),40000,276000000,0,0,242800012,2.61
01/07/2013,0,0,6.8(-1.45 %),0,0,0,0,242827752,2.61
02/07/2013,0,0,6.8(0.00 %),0,0,0,0,242827752,2.61
03/07/2013,-22100,-147910000,6.7(-1.47 %),1600,10880000,23700,158790000,242849852,2.61
04/07/2013,0,0,6.7(0.00 %),0,0,0,0,242849852,2.61
05/07/2013,300000,2010000000,6.7(0.00 %),300000,2010000000,0,0,242549852,2.64
08/07/2013,303800,2036460000,6.7(0.00 %),303800,2036460000,0,0,242246052,2.68
09/07/2013,236400,1583900000,6.8(1.49 %),236400,1583900000,0,0,242009652,2.7
10/07/2013,170300,1141040000,6.7(0.00 %),170300,1141040000,0,0,241839352,2.72
11/07/2013,0,0,6.7(0.00 %),0,0,0,0,241839352,2.72
12/07/2013,368800,2522840000,6.9(2.99 %),368800,2522840000,0,0,241470552,2.76
15/07/2013,131300,905970000,6.9(0.00 %),131300,905970000,0,0,241339252,2.78
16/07/2013,237000,1611600000,6.9(0.00 %),237000,1611600000,0,0,241102252,2.81
17/07/2013,366000,2488800000,6.8(-1.45 %),413000,2808400000,47000,319600000,240736252,2.85
18/07/2013,120000,801000000,6.7(-1.47 %),150000,1005000000,30000,204000000,240616252,2.86
19/07/2013,0,0,6.8(1.49 %),0,0,0,0,240616252,2.86
22/07/2013,150100,1020680000,6.8(0.00 %),150100,1020680000,0,0,240466152,2.88
23/07/2013,75000,501500000,6.7(-1.47 %),85000,569500000,10000,68000000,240391152,2.89
24/07/2013,-195800,-1292880000,6.6(-1.49 %),1000,6700000,196800,1299580000,240586952,2.86
25/07/2013,-1217700,-7985320000,6.5(-1.52 %),5200,34220000,1222900,8019540000,241804652,2.73
26/07/2013,-690800,-4455990000,6.5(0.00 %),1300,8450000,692100,4464440000,242495452,2.65
29/07/2013,35000,227500000,6.3(-3.08 %),35000,227500000,0,0,242460452,2.65
30/07/2013,0,0,6.4(1.59 %),0,0,0,0,242460452,2.65
31/07/2013,0,0,6.4(0.00 %),0,0,0,0,242460452,2.65
01/08/2013,1000,6400000,6.4(0.00 %),1000,6400000,0,0,240379012,2.89
02/08/2013,30000,192000000,6.4(0.00 %),30000,192000000,0,0,240349012,2.89
05/08/2013,10000,63000000,6.2(-3.12 %),10000,63000000,0,0,240339012,2.89
06/08/2013,-296100,-1871430000,6.5(4.84 %),15000,94500000,311100,1965930000,240635112,2.86
07/08/2013,2750,17890000,6.4(-1.54 %),2800,18200000,50,310000,240632362,2.86
08/08/2013,1000,6500000,6.4(0.00 %),1000,6500000,0,0,240631362,2.86
09/08/2013,-462950,-2932570000,6.4(0.00 %),0,0,462950,2932570000,241094312,2.81
12/08/2013,-309468,-1949536000,6.3(-1.56 %),1000,6400000,310468,1955936000,241403780,2.77
13/08/2013,0,0,6.2(-1.59 %),0,0,0,0,241403780,2.77
14/08/2013,110000,694000000,6.4(3.23 %),110000,694000000,0,0,241293780,2.78
15/08/2013,0,0,6.3(-1.56 %),0,0,0,0,241293780,2.78
16/08/2013,10000,63000000,6.4(1.59 %),10000,63000000,0,0,241283780,2.78
19/08/2013,30300,197420000,6.6(3.12 %),30300,197420000,0,0,241253480,2.79
20/08/2013,15000,97500000,6.6(0.00 %),25000,163500000,10000,66000000,241238480,2.79
21/08/2013,50200,326300000,6.6(0.00 %),50200,326300000,0,0,241188280,2.8
22/08/2013,400000,2600000000,6.4(-3.03 %),400000,2600000000,0,0,240788280,2.84
23/08/2013,400000,2560000000,6.4(0.00 %),400000,2560000000,0,0,240388280,2.89
26/08/2013,0,0,6.5(1.56 %),0,0,0,0,240388280,2.89
27/08/2013,0,0,6.5(0.00 %),0,0,0,0,240388280,2.89
28/08/2013,0,0,6.4(-1.54 %),0,0,0,0,240388280,2.89
29/08/2013,-19700,-126080000,6.3(-1.56 %),100,640000,19800,126720000,240407980,2.88
30/08/2013,21100,135040000,6.4(1.59 %),21100,135040000,0,0,240386880,2.89
03/09/2013,-9900,-63350000,6.4(0.00 %),100,650000,10000,64000000,240379012,2.89
04/09/2013,-16500,-103950000,6.3(-1.56 %),0,0,16500,103950000,240395512,2.89
05/09/2013,-12100,-77440000,6.5(3.17 %),0,0,12100,77440000,240407612,2.88
06/09/2013,-100000,-650000000,6.5(0.00 %),0,0,100000,650000000,240507612,2.87
09/09/2013,0,0,6.4(-1.54 %),0,0,0,0,240507612,2.87
10/09/2013,0,0,6.4(0.00 %),0,0,0,0,240507612,2.87
11/09/2013,0,0,6.3(-1.56 %),0,0,0,0,240507612,2.87
12/09/2013,0,0,6.5(3.17 %),0,0,0,0,240507612,2.87
13/09/2013,0,0,6.5(0.00 %),0,0,0,0,240507612,2.87
16/09/2013,5175200,35941800000,6.9(6.15 %),5646000,39197400000,470800,3255600000,235332412,3.46
17/09/2013,11000,75900000,6.8(-1.45 %),11000,75900000,0,0,235321412,3.46
18/09/2013,3924100,26401970000,6.6(-2.94 %),4058100,27299770000,134000,897800000,231397312,3.9
19/09/2013,3733100,25053170000,6.7(1.52 %),3933100,26393170000,200000,1340000000,227664212,4.32
20/09/2013,34994900,236955560000,6.8(1.49 %),35434900,239939560000,440000,2984000000,192669312,8.27
23/09/2013,454000,2996800000,6.7(-1.47 %),504000,3326800000,50000,330000000,192215312,8.32
24/09/2013,200000,1320000000,6.7(0.00 %),200000,1320000000,0,0,192015312,8.34
25/09/2013,129600,864860000,6.7(0.00 %),129600,864860000,0,0,191885712,8.36
26/09/2013,125500,840850000,6.7(0.00 %),125500,840850000,0,0,191760212,8.37
27/09/2013,256900,1721230000,6.7(0.00 %),256900,1721230000,0,0,191503312,8.4
30/09/2013,-43600,-290240000,6.8(1.49 %),257600,1727920000,301200,2018160000,191546912,8.39
01/10/2013,0,0,6.8(0.00 %),0,0,0,0,240379012,2.89
02/10/2013,227400,1523580000,6.7(-1.47 %),227400,1523580000,0,0,240151612,2.91
03/10/2013,-161700,-1084060000,6.8(1.49 %),772600,5273680000,934300,6357740000,240313312,2.89
04/10/2013,689900,4691320000,6.8(0.00 %),690000,4692000000,100,680000,239623412,2.97
07/10/2013,310000,2124000000,6.9(1.47 %),310000,2124000000,0,0,239313412,3.01
08/10/2013,3000,20700000,6.9(0.00 %),3000,20700000,0,0,239310412,3.01
09/10/2013,30200,208380000,6.8(-1.45 %),30200,208380000,0,0,239280212,3.01
10/10/2013,500000,3360000000,6.7(-1.47 %),500000,3360000000,0,0,238780212,3.07
11/10/2013,753100,5092770000,6.7(0.00 %),758100,5126270000,5000,33500000,238027112,3.15
14/10/2013,876900,5875230000,6.7(0.00 %),876900,5875230000,0,0,237150212,3.25
15/10/2013,579000,3879400000,6.7(0.00 %),580000,3886000000,1000,6600000,236571212,3.32
16/10/2013,1517000,10313500000,6.8(1.49 %),1517000,10313500000,0,0,235054212,3.49
17/10/2013,2337400,16128070000,6.9(1.47 %),2337500,16128750000,100,680000,232716812,3.75
18/10/2013,560800,3871520000,6.9(0.00 %),560800,3871520000,0,0,232156012,3.81
21/10/2013,1651000,11557000000,7(1.45 %),1651000,11557000000,0,0,230505012,4.0
22/10/2013,558800,3908600000,6.9(-1.43 %),558800,3908600000,0,0,229946212,4.06
23/10/2013,1795000,12566000000,7.1(2.90 %),1806000,12643000000,11000,77000000,228151212,4.27
24/10/2013,658800,4598910000,6.9(-2.82 %),658800,4598910000,0,0,227492412,4.34
25/10/2013,1129400,7793860000,7(1.45 %),1129400,7793860000,0,0,226363012,4.47
28/10/2013,571590,3944071000,6.9(-1.43 %),576600,3978640000,5010,34569000,225791422,4.53
29/10/2013,380000,2622000000,6.9(0.00 %),380000,2622000000,0,0,225411422,4.58
30/10/2013,367200,2533680000,6.9(0.00 %),367200,2533680000,0,0,225044222,4.62
31/10/2013,817900,5643510000,6.9(0.00 %),852800,5884320000,34900,240810000,224226322,4.71
01/11/2013,510000,3519000000,6.9(0.00 %),510000,3519000000,0,0,240379012,2.89
04/11/2013,100,700000,7(1.45 %),100,700000,0,0,240378912,2.89
05/11/2013,4100,28290000,6.9(-1.43 %),4200,28980000,100,690000,240374812,2.89
06/11/2013,507800,3566890000,7.1(2.90 %),517900,3637600000,10100,70710000,239867012,2.94
07/11/2013,1508200,10708220000,7.1(0.00 %),1508500,10710350000,300,2130000,238358812,3.11
08/11/2013,0,0,7.1(0.00 %),0,0,0,0,238358812,3.11
11/11/2013,-1700,-12060000,7.1(0.00 %),0,0,1700,12060000,238360512,3.11
12/11/2013,500000,3550000000,7(-1.41 %),500000,3550000000,0,0,237860512,3.17
13/11/2013,111800,806780000,7.1(1.43 %),500000,3550000000,388200,2743220000,238248712,3.13
14/11/2013,4000,28400000,7.1(0.00 %),4000,28400000,0,0,238244712,3.13
15/11/2013,1000,7100000,7.1(0.00 %),1000,7100000,0,0,238243712,3.13
18/11/2013,0,0,7.2(1.41 %),0,0,0,0,238243712,3.13
19/11/2013,128900,920640000,7.1(-1.39 %),129400,924240000,500,3600000,238114812,3.14
20/11/2013,301100,2137810000,7.1(0.00 %),301100,2137810000,0,0,237813712,3.18
21/11/2013,-701100,-5050920000,7.1(0.00 %),302600,2175720000,1003700,7226640000,238514812,3.1
22/11/2013,286300,2032730000,7.1(0.00 %),286300,2032730000,0,0,238228512,3.13
25/11/2013,-2000,-14200000,7.1(0.00 %),8000,56800000,10000,71000000,238230512,3.13
26/11/2013,-35000,-248500000,7(-1.41 %),0,0,35000,248500000,238265512,3.13
27/11/2013,367600,2603640000,7(0.00 %),409400,2896240000,41800,292600000,237897912,3.17
28/11/2013,169179,1184253000,7(0.00 %),170000,1190000000,821,5747000,237728733,3.19
29/11/2013,480700,3395220000,7(0.00 %),480700,3395220000,0,0,237248033,3.24
02/12/2013,305200,2136900000,7(0.00 %),305200,2136900000,0,0,240379012,2.89
03/12/2013,57700,404550000,7.1(1.43 %),67700,474550000,10000,70000000,240321312,2.89
04/12/2013,143100,1002000000,7(-1.41 %),163100,1142000000,20000,140000000,240178212,2.91
05/12/2013,-37800,-262100000,7(0.00 %),0,0,37800,262100000,240216012,2.91
06/12/2013,0,0,6.9(-1.43 %),0,0,0,0,240216012,2.91
09/12/2013,274800,1923600000,7(1.45 %),274800,1923600000,0,0,239941212,2.94
10/12/2013,0,0,7(0.00 %),0,0,0,0,239941212,2.94
11/12/2013,-979000,-6755600000,6.9(-1.43 %),139400,961860000,1118400,7717460000,240920212,2.83
12/12/2013,574400,3967560000,6.9(0.00 %),616400,4253160000,42000,285600000,240345812,2.89
13/12/2013,400600,2764840000,6.9(0.00 %),400600,2764840000,0,0,239945212,2.94
16/12/2013,-130000,-884000000,6.8(-1.45 %),0,0,130000,884000000,240075212,2.92
17/12/2013,0,0,6.9(1.47 %),0,0,0,0,240075212,2.92
18/12/2013,-79800,-542620000,6.8(-1.45 %),50200,341380000,130000,884000000,240155012,2.91
19/12/2013,-4243625,-29246412500,7(2.94 %),350075,2450517500,4593700,31696930000,244398637,2.43
20/12/2013,-6706000,-45558980000,6.8(-2.86 %),1609100,10983700000,8315100,56542680000,251104637,1.68
23/12/2013,10000,70000000,7(2.94 %),10000,70000000,0,0,251094637,1.68
24/12/2013,-98400,-678960000,6.9(-1.43 %),2500,17250000,100900,696210000,251193037,1.67
25/12/2013,0,0,6.9(0.00 %),0,0,0,0,251193037,1.67
26/12/2013,6000,41400000,6.8(-1.45 %),6000,41400000,0,0,251187037,1.67
27/12/2013,10000,68000000,6.9(1.47 %),11000,74800000,1000,6800000,251177037,1.67
30/12/2013,-14900,-100830000,6.8(-1.45 %),12000,81600000,26900,182430000,251191937,1.67
31/12/2013,8000,54400000,6.9(1.47 %),8000,54400000,0,0,251183937,1.67
02/01/2014,3000,20700000,6.8(-1.45 %),3000,20700000,0,0,240379012,2.89
03/01/2014,83600,568480000,6.8(0.00 %),83600,568480000,0,0,240379012,2.89
06/01/2014,0,0,6.8(0.00 %),0,0,0,0,240379012,2.89
07/01/2014,781000,5388900000,6.9(1.47 %),784000,5409600000,3000,20700000,239598012,2.98
08/01/2014,227600,1570680000,6.9(0.00 %),227600,1570680000,0,0,239370412,3.0
09/01/2014,697700,4883900000,7(1.45 %),697700,4883900000,0,0,238672712,3.08
10/01/2014,242300,1686250000,6.9(-1.43 %),242300,1686250000,0,0,238430412,3.11
13/01/2014,288400,1994260000,7(1.45 %),288400,1994260000,0,0,238142012,3.14
14/01/2014,56300,388470000,6.9(-1.43 %),101700,701730000,45400,313260000,238085712,3.15
15/01/2014,100700,694830000,6.9(0.00 %),104700,722430000,4000,27600000,237985012,3.16
16/01/2014,893500,6174150000,7(1.45 %),893500,6174150000,0,0,237091512,3.26
17/01/2014,1194900,8495350000,7.1(1.43 %),1195600,8500330000,700,4980000,235896612,3.39
20/01/2014,1043200,7538900000,7.2(1.41 %),1043200,7538900000,0,0,234853412,3.51
21/01/2014,1702400,12334940000,7.2(0.00 %),1707600,12372380000,5200,37440000,233151012,3.7
22/01/2014,1167700,8529660000,7.2(0.00 %),1267800,9256400000,100100,726740000,231983312,3.83
23/01/2014,265400,1910880000,7.2(0.00 %),265400,1910880000,0,0,231717912,3.86
24/01/2014,190500,1371600000,7.2(0.00 %),270400,1946880000,79900,575280000,231527412,3.89
27/01/2014,84300,615940000,7.2(0.00 %),204900,1475030000,120600,859090000,231443112,3.89
06/02/2014,584100,4215490000,7.3(1.39 %),614000,4430570000,29900,215080000,240379012,2.89
07/02/2014,796900,5971950000,7.5(2.74 %),897900,6739450000,101000,767500000,239582112,2.98
10/02/2014,384400,2926940000,7.7(2.67 %),393400,2995340000,9000,68400000,239197712,3.02
11/02/2014,729300,5680540000,7.6(-1.30 %),729400,5681320000,100,780000,238468412,3.1
12/02/2014,1509558,11473341800,7.7(1.32 %),1509600,11473640000,42,298200,236958854,3.27
13/02/2014,1126900,8684870000,7.7(0.00 %),1130900,8715670000,4000,30800000,235831954,3.4
14/02/2014,276100,2132540000,7.8(1.30 %),1236100,9620540000,960000,7488000000,235555854,3.43
17/02/2014,1414000,11227090000,8(2.56 %),1440500,11438440000,26500,211350000,234141854,3.59
18/02/2014,1537300,12676490000,8.5(6.25 %),1545400,12743720000,8100,67230000,232604554,3.76
19/02/2014,473400,4144740000,9(5.88 %),505400,4422940000,32000,278200000,232131154,3.82
20/02/2014,326000,2869030000,8.5(-5.56 %),386700,3409580000,60700,540550000,231805154,3.85
21/02/2014,327200,2765930000,8.6(1.18 %),327200,2765930000,0,0,231477954,3.89
24/02/2014,207700,1790220000,8.7(1.16 %),207700,1790220000,0,0,231270254,3.91
25/02/2014,-134300,-1145760000,8.6(-1.15 %),315700,2729240000,450000,3875000000,231404554,3.9
26/02/2014,272600,2390450000,8.9(3.49 %),272700,2391330000,100,880000,231131954,3.93
27/02/2014,169300,1536680000,9(1.12 %),200800,1826380000,31500,289700000,231235254,3.92
28/02/2014,143400,1301810000,9.3(3.33 %),236100,2163340000,92700,861530000,231091854,3.93
03/03/2014,756400,6906030000,9(-3.23 %),768400,7014830000,12000,108800000,240379012,2.89
04/03/2014,-1299600,-11463950000,8.9(-1.11 %),766200,6750280000,2065800,18214230000,241678612,2.74
05/03/2014,260600,2379090000,9(1.12 %),706700,6394649200,446100,4015559200,241418012,2.77
06/03/2014,221600,2013010000,9.3(3.33 %),235200,2136300000,13600,123290000,241196412,2.79
07/03/2014,-771300,-7141350000,9.3(0.00 %),521100,4822308000,1292400,11963658000,241967712,2.71
10/03/2014,-25200,-222400000,9.3(0.00 %),227200,2099680000,252400,2322080000,241992912,2.7
11/03/2014,199700,1852680000,9.3(0.00 %),201700,1871080000,2000,18400000,241793212,2.73
12/03/2014,156100,1448630000,9.3(0.00 %),255700,2374510000,99600,925880000,241637112,2.75
13/03/2014,88330,818489000,9.5(2.15 %),238700,2231930000,150370,1413441000,241548782,2.75
14/03/2014,-1433300,-14090600000,9.9(4.21 %),213700,2080300000,1647000,16170900000,242982082,2.59
17/03/2014,67800,671200000,10.1(2.02 %),68000,673200000,200,2000000,242914282,2.6
18/03/2014,-2543800,-25661010000,10.1(0.00 %),50000,505000000,2593800,26166010000,245458082,2.31
19/03/2014,-6305000,-66525700000,11.1(9.90 %),49000,498800000,6354000,67024500000,251763082,1.6
20/03/2014,-3573900,-40315210000,11.6(4.50 %),1000,10800000,3574900,40326010000,255336982,1.2
21/03/2014,-9811900,-113743960000,11.6(0.00 %),3150100,36540940000,12962000,150284900000,265148882,0.09
24/03/2014,87400,1048620000,12.1(4.31 %),102400,1228620000,15000,180000000,265061482,0.1
25/03/2014,-2596700,-30702620000,11.5(-4.96 %),73400,870570000,2670100,31573190000,267658182,0.0
26/03/2014,1904700,21879560000,11.6(0.87 %),2115700,24274200000,211000,2394640000,265753482,0.02
27/03/2014,-690900,-7859530000,11.3(-2.59 %),1000,11400000,691900,7870930000,266444382,0.0
28/03/2014,-228600,-2611240000,11.4(0.88 %),0,0,228600,2611240000,266672982,0.0
31/03/2014,-149200,-1675810000,11.1(-2.63 %),100,1140000,149300,1676950000,266822182,0.0
01/04/2014,-6700,-74170000,10.2(-8.11 %),500,5400000,7200,79570000,240379012,2.89
02/04/2014,-197300,-2020910000,10.6(3.92 %),3900,40260000,201200,2061170000,240576312,2.86
03/04/2014,-127300,-1353950000,10.9(2.83 %),87300,937240000,214600,2291190000,240703612,2.85
04/04/2014,-1948900,-20854480000,10.7(-1.83 %),167600,1807580000,2116500,22662060000,242652512,2.63
07/04/2014,-60000,-653970000,10.9(1.87 %),148600,1601020000,208600,2254990000,242712512,2.62
08/04/2014,29800,326050000,10.9(0.00 %),230600,2505540000,200800,2179490000,242682712,2.63
10/04/2014,55500,599980000,10.7(-1.83 %),143600,1553380000,88100,953400000,242627212,2.63
11/04/2014,155600,1714160000,11.1(3.74 %),158600,1745960000,3000,31800000,242471612,2.65
14/04/2014,-611700,-6750710000,11(-0.90 %),138600,1550960000,750300,8301670000,243083312,2.58
15/04/2014,116600,1292300000,10.8(-1.82 %),138600,1538600000,22000,246300000,242966712,2.6
16/04/2014,-23200,-250790000,10.6(-1.85 %),150800,1622500000,174000,1873290000,242989912,2.59
17/04/2014,-94810,-1026116400,10.9(2.83 %),138600,1501740000,233410,2527856400,243084722,2.58
18/04/2014,22000,227600000,10.1(-7.34 %),22000,227600000,0,0,243062722,2.58
21/04/2014,-73400,-741550000,9.5(-5.94 %),72400,730380000,145800,1471930000,243136122,2.58
22/04/2014,-88400,-820690000,10(5.26 %),158800,1529840000,247200,2350530000,243224522,2.57
23/04/2014,-49000,-492150000,9.8(-2.00 %),138800,1376700000,187800,1868850000,243273522,2.56
24/04/2014,55000,533500000,9.7(-1.02 %),55000,533500000,0,0,243218522,2.57
25/04/2014,-86300,-836000000,9.7(0.00 %),104600,1023720000,190900,1859720000,243304822,2.56
28/04/2014,-257900,-2496970000,9.6(-1.03 %),65800,646920000,323700,3143890000,243562722,2.53
29/04/2014,-88900,-854190000,9.7(1.04 %),7000,67900000,95900,922090000,243651622,2.52
05/05/2014,-144700,-1335780000,8.9(-8.25 %),148100,1420880000,292800,2756660000,240379012,2.89
06/05/2014,-13200,-120600000,8.8(-1.12 %),58200,488220000,71400,608820000,240392212,2.89
07/05/2014,-107600,-951350000,8.7(-1.14 %),20600,182740000,128200,1134090000,240499812,2.87
08/05/2014,-515700,-4158590000,8.2(-5.75 %),100,810000,515800,4159400000,241015512,2.82
09/05/2014,1713510,14592440000,8.6(4.88 %),1716700,14618770000,3190,26330000,239302002,3.01
12/05/2014,69700,563860000,8(-6.98 %),347700,2826700000,278000,2262840000,239232302,3.02
13/05/2014,178300,1436870000,8.2(2.50 %),179300,1445070000,1000,8200000,239054002,3.04
14/05/2014,319100,2670620000,8.5(3.66 %),319100,2670620000,0,0,238734902,3.07
15/05/2014,1148300,9533830000,8.2(-3.53 %),1149200,9541480000,900,7650000,237586602,3.2
16/05/2014,232000,1929780000,8.5(3.66 %),233200,1939740000,1200,9960000,237354602,3.23
19/05/2014,2146200,18229050000,8.6(1.18 %),2158200,18331950000,12000,102900000,235208402,3.47
20/05/2014,64900,559570000,8.8(2.33 %),69700,600850000,4800,41280000,235143502,3.48
21/05/2014,152800,1367460000,9.2(4.55 %),152800,1367460000,0,0,234990702,3.49
22/05/2014,-475400,-4308140000,8.9(-3.26 %),0,0,475400,4308140000,235466102,3.44
23/05/2014,-46600,-418900000,9.1(2.25 %),8000,72500000,54600,491400000,235512702,3.44
26/05/2014,-314700,-2830190000,9(-1.10 %),143900,1297210000,458600,4127400000,235827402,3.4
27/05/2014,-97300,-877340000,9.4(4.44 %),209100,1909400000,306400,2786740000,187876563,8.77
28/05/2014,-241200,-2255160000,9.3(-1.06 %),208800,1959840000,450000,4215000000,188142863,8.77
29/05/2014,-1390900,-12580370000,9.1(-2.15 %),409100,3799630000,1800000,16380000000,187988663,8.77
30/05/2014,209400,1903040000,9.1(0.00 %),209400,1903040000,0,0,188038163,8.77
02/06/2014,358000,3194000000,8.8(-3.30 %),361400,3224600000,3400,30600000,188135163,8.77
03/06/2014,140600,1253380000,8.9(1.14 %),140600,1253380000,0,0,188223763,8.77
04/06/2014,5000,45000000,8.7(-2.25 %),5000,45000000,0,0,189878163,8.58
05/06/2014,-69857,-608890300,8.8(1.15 %),0,0,69857,608890300,189878163,8.58
06/06/2014,6300,53850000,9(2.27 %),76100,669690000,69800,615840000,189805463,8.59
09/06/2014,189000,1704800000,8.9(-1.11 %),189000,1704800000,0,0,189616463,8.61
10/06/2014,139600,1240940000,8.8(-1.12 %),139600,1240940000,0,0,189616463,8.61
11/06/2014,189600,1720480000,9.2(4.55 %),189600,1720480000,0,0,189357120,8.64
12/06/2014,68900,633500000,9.1(-1.09 %),69800,641780000,900,8280000,189426920,8.63
13/06/2014,227100,2088890000,9.2(1.10 %),227100,2088890000,0,0,189357120,8.64
16/06/2014,223700,2045540000,9.1(-1.09 %),223700,2045540000,0,0,189130020,8.67
17/06/2014,341400,3131270000,9.2(1.10 %),341400,3131270000,0,0,188906320,8.69
18/06/2014,32000,297600000,9.2(0.00 %),32000,297600000,0,0,188565820,8.73
19/06/2014,800,7200000,9.1(-1.09 %),800,7200000,0,0,188533820,8.73
20/06/2014,3417900,31429680000,9.2(1.10 %),3800000,34939000000,382100,3509320000,188533020,8.73
23/06/2014,293600,2667700000,9(-2.17 %),293600,2667700000,0,0,184733020,9.16
24/06/2014,800900,7252780000,9.1(1.11 %),800900,7252780000,0,0,184439420,9.2
25/06/2014,152600,1396360000,9.2(1.10 %),152600,1396360000,0,0,183638520,9.29
26/06/2014,65100,603450000,9.3(1.09 %),167100,1552030000,102000,948580000,183868020,9.26
27/06/2014,76300,709590000,9.3(0.00 %),76300,709590000,0,0,183700920,9.28
30/06/2014,-49000,-474000000,9.7(4.30 %),14000,137100000,63000,611100000,183610620,9.29
01/07/2014,41300,400610000,9.7(0.00 %),76300,740110000,35000,339500000,183534320,9.3
02/07/2014,-36400,-350880000,9.8(1.03 %),39900,390730000,76300,741610000,183596420,9.29
03/07/2014,35200,348450000,9.9(1.02 %),35600,352450000,400,4000000,183560820,9.3
04/07/2014,63200,589680000,9.3(1.09 %),63200,589680000,0,0,183560620,9.3
07/07/2014,3000,27900000,9.2(-1.08 %),3000,27900000,0,0,183592620,9.29
08/07/2014,-1500,-14100000,9.4(2.17 %),0,0,1500,14100000,183668920,9.28
09/07/2014,1000,9500000,9.3(-1.06 %),1000,9500000,0,0,183668320,9.28
10/07/2014,-25800,-237670000,9.1(-2.15 %),300,2790000,26100,240460000,183668020,9.28
11/07/2014,2500,22750000,9.2(1.10 %),2500,22750000,0,0,183665520,9.28
14/07/2014,1400,12880000,9.1(-1.09 %),1400,12880000,0,0,183665620,9.28
16/07/2014,-45500,-417000000,9.1(0.00 %),500,4600000,46000,421600000,183589920,9.29
17/07/2014,0,0,9.1(0.00 %),0,0,0,0,183589920,9.29
18/07/2014,310000,2826220000,9.2(1.10 %),310000,2826220000,0,0,183279920,9.33
21/07/2014,138300,1269860000,9.1(-1.09 %),138300,1269860000,0,0,183141620,9.34
22/07/2014,-50000,-450000000,9(-1.10 %),0,0,50000,450000000,183187620,9.34
23/07/2014,0,0,8.9(-1.11 %),0,0,0,0,183187620,9.34
24/07/2014,-597000,-5310800000,8.9(0.00 %),153000,1364200000,750000,6675000000,183034620,9.35
25/07/2014,76500,680150000,8.8(-1.12 %),76500,680150000,0,0,182958120,9.36
28/07/2014,5500,47950000,8.6(-2.27 %),5500,47950000,0,0,183002620,9.36
29/07/2014,99400,854840000,8.6(0.00 %),105400,906440000,6000,51600000,182897220,9.37
30/07/2014,3500,30100000,8.7(1.16 %),3500,30100000,0,0,183643720,9.29
31/07/2014,0,0,8.8(1.15 %),0,0,0,0,183643720,9.29
01/08/2014,0,0,8.7(-1.14 %),0,0,0,0,183643720,9.29
04/08/2014,20000,174000000,8.7(0.00 %),20000,174000000,0,0,183629720,9.29
05/08/2014,19700,173360000,8.8(1.15 %),20000,176000000,300,2640000,183609720,9.29
06/08/2014,10000,88000000,8.8(0.00 %),10000,88000000,0,0,183599720,9.29
07/08/2014,20000,176000000,8.9(1.14 %),20000,176000000,0,0,183579720,9.29
08/08/2014,-300,-2700000,9(1.12 %),0,0,300,2700000,183579720,9.29
11/08/2014,1400,12600000,8.9(-1.11 %),1400,12600000,0,0,183578620,9.29
12/08/2014,-69700,-615240000,8.8(-1.12 %),0,0,69700,615240000,183578620,9.29
13/08/2014,-100,-890000,8.9(1.14 %),0,0,100,890000,183578620,9.29
15/08/2014,5800,52200000,9(0.00 %),5800,52200000,0,0,183572120,9.29
18/08/2014,0,0,9(0.00 %),0,0,0,0,183641820,9.29
19/08/2014,0,0,8.9(-1.11 %),0,0,0,0,183641920,9.29
20/08/2014,0,0,8.9(0.00 %),0,0,0,0,183718820,9.28
21/08/2014,11600,103240000,8.9(0.00 %),11600,103240000,0,0,183707220,9.28
26/08/2014,-171700,-1582690000,9.3(1.09 %),0,0,171700,1582690000,183555520,9.3
29/08/2014,-253800,-2386660000,9.5(3.26 %),188200,1770990000,442000,4157650000,183342420,9.32
04/09/2014,-502600,-4828990000,9.8(1.03 %),400,3880000,503000,4832870000,183619120,9.29
05/09/2014,231800,2261640000,9.8(0.00 %),231800,2261640000,0,0,183492320,9.3
10/09/2014,230700,2170200000,9.5(1.06 %),230700,2170200000,0,0,182878620,9.37
11/09/2014,-111100,-1044340000,9.4(-1.05 %),0,0,111100,1044340000,182878620,9.37
12/09/2014,-155000,-1457000000,9.4(0.00 %),0,0,155000,1457000000,182878620,9.37
15/09/2014,-76900,-719050000,9.2(-2.13 %),0,0,76900,719050000,182898620,9.37
16/09/2014,-66900,-615980000,9.3(1.09 %),10000,92000000,76900,707980000,182888620,9.37
17/09/2014,0,0,9.3(0.00 %),0,0,0,0,182999720,9.36
18/09/2014,-4000,-36800000,9.3(0.00 %),0,0,4000,36800000,183154720,9.34
19/09/2014,-5162600,-46976460000,9.1(-2.15 %),912200,8304220000,6074800,55280680000,182319420,9.44
22/09/2014,600000,5510000000,9.1(0.00 %),600000,5510000000,0,0,181796320,9.49
23/09/2014,1337700,12278770000,9.2(1.10 %),1337700,12278770000,0,0,180458620,9.65
24/09/2014,442800,4035360000,9.1(-1.09 %),574000,5235900000,131200,1200540000,179888620,9.71
25/09/2014,0,0,9.2(1.10 %),0,0,0,0,185963420,9.02
26/09/2014,710500,6533600000,9.1(-1.09 %),710500,6533600000,0,0,185252920,9.1
29/09/2014,371900,3387290000,9.1(0.00 %),420000,3825000000,48100,437710000,184881020,9.15
30/09/2014,871500,7935230000,9.2(1.10 %),900000,8194580000,28500,259350000,184009520,9.25
01/10/2014,157000,1444400000,9.2(0.00 %),157000,1444400000,0,0,183906120,9.26
02/10/2014,1000,9200000,9.2(0.00 %),1000,9200000,0,0,183906120,9.26
03/10/2014,582800,5363800000,9.2(0.00 %),714200,6571140000,131400,1207340000,183240020,9.33
06/10/2014,-343600,-3196690000,9.3(1.09 %),6400,58880000,350000,3255570000,183262120,9.33
07/10/2014,500,4650000,9.3(0.00 %),500,4650000,0,0,183261620,9.33
08/10/2014,-698800,-6568840000,9.3(0.00 %),1200,11160000,700000,6580000000,183260420,9.33
09/10/2014,10500,98700000,9.4(1.08 %),10500,98700000,0,0,183381320,9.32
10/10/2014,-3700,-34380000,9.3(-1.06 %),300,2820000,4000,37200000,183731020,9.28
13/10/2014,0,0,9.1(-2.15 %),0,0,0,0,183731020,9.28
14/10/2014,5000,46000000,9(-1.10 %),5000,46000000,0,0,183726020,9.28
15/10/2014,-759400,-6769700000,8.9(-1.11 %),2000,17900000,761400,6787600000,184485420,9.19
16/10/2014,-397090,-3468112000,8.6(-3.37 %),25900,225370000,422990,3693482000,184882510,9.15
20/10/2014,232900,2044660000,8.7(0.00 %),364300,3195980000,131400,1151320000,184649610,9.17
21/10/2014,6500,56200000,8.8(1.15 %),335000,2929000000,328500,2872800000,184643110,9.17
22/10/2014,-129400,-1137520000,8.8(0.00 %),2000,17800000,131400,1155320000,184772510,9.16
23/10/2014,-69200,-601790000,8.6(-2.27 %),0,0,69200,601790000,184841710,9.15
24/10/2014,-6000,-51600000,8.6(0.00 %),0,0,6000,51600000,184847710,9.15
27/10/2014,-134800,-1139740000,8.3(-3.49 %),2600,22560000,137400,1162300000,184982510,9.14
29/10/2014,-59700,-504750000,8.5(1.19 %),6000,51000000,65700,555750000,185042210,9.13
30/10/2014,4900,42270000,8.6(1.18 %),6400,55020000,1500,12750000,185037310,9.13
31/10/2014,520200,4498940000,8.7(1.16 %),520200,4498940000,0,0,184517110,9.19
03/11/2014,488600,4299680000,8.7(0.00 %),488600,4299680000,0,0,184826310,9.15
04/11/2014,10000,87000000,8.7(0.00 %),10000,87000000,0,0,184816310,9.15
05/11/2014,20000,173000000,8.6(-1.15 %),20000,173000000,0,0,184796310,9.16
06/11/2014,-44700,-384420000,8.8(2.33 %),0,0,44700,384420000,184841010,9.15
07/11/2014,46900,408620000,8.7(-1.14 %),46900,408620000,0,0,184794110,9.16
10/11/2014,-43100,-374570000,8.6(-1.15 %),4000,35200000,47100,409770000,184837210,9.15
11/11/2014,-64,-545000,8.7(1.16 %),0,0,64,545000,184837274,9.15
12/11/2014,16500,143550000,8.8(1.15 %),16500,143550000,0,0,184820774,9.15
13/11/2014,5200,45760000,8.8(0.00 %),8000,70400000,2800,24640000,184815574,9.15
14/11/2014,18900,165090000,8.8(0.00 %),18900,165090000,0,0,184796674,9.16
17/11/2014,0,0,8.8(0.00 %),0,0,0,0,184796674,9.16
18/11/2014,-141400,-1233490000,8.7(-1.14 %),0,0,141400,1233490000,184938074,9.14
19/11/2014,-6000,-51600000,8.7(0.00 %),0,0,6000,51600000,184944074,9.14
20/11/2014,0,0,8.7(0.00 %),0,0,0,0,184798174,9.16
21/11/2014,862400,7629820000,8.9(2.30 %),862400,7629820000,0,0,183935774,9.25
24/11/2014,271900,2385910000,8.7(-2.25 %),271900,2385910000,0,0,183663874,9.28
25/11/2014,601700,5292410000,8.9(2.30 %),604700,5318510000,3000,26100000,183206574,9.34
26/11/2014,1668600,14728530000,8.8(-1.12 %),1668600,14728530000,0,0,181537974,9.52
27/11/2014,0,0,8.7(-1.14 %),0,0,0,0,181537974,9.52
28/11/2014,9000,79100000,8.7(0.00 %),9000,79100000,0,0,181528974,9.52
01/12/2014,72500,637620000,8.7(0.00 %),73000,642000000,500,4380000,181458974,9.53
02/12/2014,58000,504600000,8.6(-1.15 %),58000,504600000,0,0,181400974,9.54
03/12/2014,100000,870000000,8.7(1.16 %),100000,870000000,0,0,181300974,9.55
04/12/2014,3756000,33638800000,9.1(4.60 %),3756000,33638800000,0,0,177544974,9.97
05/12/2014,125700,1134870000,9(-1.10 %),125700,1134870000,0,0,177419774,9.99
08/12/2014,108100,963470000,8.9(-1.11 %),108100,963470000,0,0,177311674,10.0
09/12/2014,108520,949528000,8.6(-3.37 %),108520,949528000,0,0,177203154,10.01
10/12/2014,471200,4077730000,8.8(2.33 %),544900,4715520000,73700,637790000,176658254,10.07
11/12/2014,76400,656780000,8.7(-1.14 %),273500,2379600000,197100,1722820000,176384754,10.11
12/12/2014,231300,2018820000,8.8(1.15 %),232100,2025780000,800,6960000,176152654,10.13
15/12/2014,-86800,-745420000,8.6(-2.27 %),171000,1483700000,257800,2229120000,175981654,10.15
16/12/2014,-122400,-1040400000,8.5(-1.16 %),0,0,122400,1040400000,176055354,10.14
17/12/2014,-319000,-2635310000,8.1(-4.71 %),20000,168500000,339000,2803810000,176232454,10.12
18/12/2014,-222900,-1836170000,8.2(1.23 %),580000,4734000000,802900,6570170000,175653254,10.19
19/12/2014,-3525100,-27659230000,7.9(-3.66 %),2260300,18104571600,5785400,45763801600,174439154,10.32
22/12/2014,172000,1393700000,8.2(3.80 %),175000,1418000000,3000,24300000,174386554,10.33
23/12/2014,605000,4991000000,8.3(1.22 %),613000,5056600000,8000,65600000,174112554,10.36
24/12/2014,495200,4100260000,8.4(1.20 %),503200,4166240000,8000,65980000,174412254,10.33
25/12/2014,715700,5881700000,8.2(-2.38 %),716800,5890760000,1100,9060000,178692454,9.84
26/12/2014,5300,42450000,8(-2.44 %),5300,42450000,0,0,178690154,9.84
29/12/2014,2300,18400000,7.7(-3.75 %),2300,18400000,0,0,178695854,9.84
30/12/2014,246000,1922200000,8(3.90 %),246000,1922200000,0,0,178457854,9.87
31/12/2014,139100,1131910000,8.1(1.25 %),139100,1131910000,0,0,178319854,9.89
05/01/2015,508700,4170340000,8.1(0.00 %),508700,4170340000,0,0,177811154,9.94
06/01/2015,152100,1255900000,8.5(4.94 %),167100,1380900000,15000,125000000,177644054,9.96
07/01/2015,167100,1445350000,8.6(1.18 %),167100,1445350000,0,0,177476954,9.98
08/01/2015,211600,1831810000,8.6(0.00 %),220500,1908350000,8900,76540000,177256454,10.01
09/01/2015,178100,1588340000,9(4.65 %),178600,1592840000,500,4500000,177077854,10.03
12/01/2015,267100,2385110000,8.8(-2.22 %),267100,2385110000,0,0,176825754,10.06
13/01/2015,114400,1017180000,9(2.27 %),114400,1017180000,0,0,176711354,10.07
14/01/2015,0,0,8.8(-2.22 %),0,0,0,0,176711354,10.07
15/01/2015,0,0,8.9(1.14 %),0,0,0,0,176720754,10.07
16/01/2015,-32200,-283360000,8.7(-2.25 %),0,0,32200,283360000,176720754,10.07
19/01/2015,0,0,8.7(0.00 %),0,0,0,0,176720754,10.07
20/01/2015,0,0,8.7(0.00 %),0,0,0,0,176720754,10.07
21/01/2015,23000,200100000,8.6(-1.15 %),23000,200100000,0,0,176697754,10.07
22/01/2015,-121,-1040600,8.8(2.33 %),0,0,121,1040600,176729954,10.07
23/01/2015,14490,130231000,9(2.27 %),14500,130320000,10,89000,176715454,10.07
26/01/2015,-21400,-192600000,9(0.00 %),0,0,21400,192600000,176715454,10.07
27/01/2015,-191500,-1710090000,8.8(-2.22 %),5000,45000000,196500,1755090000,176710454,10.07
28/01/2015,-296500,-2615910000,9.3(5.68 %),0,0,296500,2615910000,176710575,10.07
29/01/2015,-172700,-1600970000,9.3(0.00 %),10100,93910000,182800,1694880000,176700485,10.07
30/01/2015,0,0,9(-3.23 %),0,0,0,0,176721885,10.07
02/02/2015,-108400,-967760000,8.8(-2.22 %),5000,45000000,113400,1012760000,176913385,10.05
03/02/2015,-15700,-134360000,8.3(-5.68 %),40000,350400000,55700,484760000,177169885,10.02
04/02/2015,422900,3565670000,8.5(2.41 %),433000,3650500000,10100,84830000,176919685,10.04
05/02/2015,-9000,-75500000,8.6(1.18 %),11000,94500000,20000,170000000,176908685,10.05
06/02/2015,374300,3237070000,8.7(1.16 %),374300,3237070000,0,0,176647785,10.08
09/02/2015,785700,6847830000,8.7(0.00 %),785700,6847830000,0,0,175917785,10.16
10/02/2015,197200,1739860000,8.8(1.15 %),197200,1739860000,0,0,175730685,10.18
11/02/2015,167100,1484190000,8.9(1.14 %),167100,1484190000,0,0,175583585,10.2
12/02/2015,177100,1563190000,8.8(-1.12 %),177100,1563190000,0,0,175406485,10.22
13/02/2015,169400,1491070000,8.8(0.00 %),172500,1518040000,3100,26970000,175233985,10.23
24/02/2015,220600,1987540000,9.1(3.41 %),221600,1996540000,1000,9000000,175012385,10.26
25/02/2015,1013800,9219260000,9(-1.10 %),1044500,9498630000,30700,279370000,173967885,10.38
26/02/2015,469800,4236200000,9.1(1.11 %),469800,4236200000,0,0,173498085,10.43
27/02/2015,31600,290800000,9(-1.10 %),460800,4153600000,429200,3862800000,173040385,10.48
02/03/2015,394700,3514410000,8.9(-1.11 %),395700,3523410000,1000,9000000,172645685,10.53
03/03/2015,350300,3139560000,9.1(2.25 %),354000,3173230000,3700,33670000,172322385,10.56
04/03/2015,386500,3482150000,9.1(0.00 %),386500,3482150000,0,0,171935885,10.61
05/03/2015,331500,2983500000,9(-1.10 %),331500,2983500000,0,0,172033585,10.6
06/03/2015,-443600,-3948140000,8.9(-1.11 %),150000,1335000000,593600,5283140000,171884585,10.61
09/03/2015,167300,1480220000,8.8(-1.12 %),167300,1480220000,0,0,171720985,10.63
10/03/2015,205400,1822520000,9(2.27 %),205400,1822520000,0,0,171515585,10.65
11/03/2015,168000,1491150000,8.9(-1.11 %),170500,1513400000,2500,22250000,171345085,10.67
12/03/2015,158000,1391600000,8.9(0.00 %),160000,1409000000,2000,17400000,171778685,10.62
13/03/2015,45000,400500000,8.9(0.00 %),45000,400500000,0,0,171733685,10.63
16/03/2015,195100,1716880000,8.8(-1.12 %),195100,1716880000,0,0,171538585,10.65
17/03/2015,113500,1000030000,8.8(0.00 %),113500,1000030000,0,0,171427585,10.66
18/03/2015,166900,1452730000,8.7(-1.14 %),171900,1495730000,5000,43000000,171257685,10.68
19/03/2015,-880000,-7568510000,8.6(-1.15 %),200000,1730000000,1080000,9298510000,171057685,10.71
20/03/2015,331700,2885790000,8.7(1.16 %),471900,4105530000,140200,1219740000,170725985,10.74
23/03/2015,-596000,-5091310000,8.5(-2.30 %),169000,1447800000,765000,6539110000,170416785,10.78
24/03/2015,99500,845790000,8.4(-1.18 %),100000,850000000,500,4210000,170321785,10.79
25/03/2015,-111000,-934500000,8.4(0.00 %),0,0,111000,934500000,171401785,10.67
26/03/2015,-294700,-2484080000,8.4(0.00 %),100000,840000000,394700,3324080000,171441985,10.66
27/03/2015,-606700,-5185210000,8.5(1.19 %),170300,1459610000,777000,6644820000,172036685,10.6
30/03/2015,-162500,-1391970000,8.5(0.00 %),120000,1020000000,282500,2411970000,171917185,10.61
31/03/2015,385280,3307410000,8.6(1.18 %),405300,3477580000,20020,170170000,171622885,10.64
01/04/2015,108400,914960000,8.4(-2.33 %),124800,1054360000,16400,139400000,171892785,10.61
02/04/2015,102700,858650000,8.5(1.19 %),102700,858650000,0,0,172567085,10.54
03/04/2015,100100,848850000,8.4(-1.18 %),100100,848850000,0,0,172749485,10.52
06/04/2015,-137000,-1145280000,8.4(0.00 %),85000,714000000,222000,1859280000,172684505,10.52
07/04/2015,-334100,-2794640000,8.5(1.19 %),0,0,334100,2794640000,172700905,10.52
08/04/2015,-369500,-3103800000,8.4(-1.18 %),130000,1092000000,499500,4195800000,172570905,10.54
09/04/2015,62460,532918000,8.5(1.19 %),118000,1003000000,55540,470082000,172452905,10.55
10/04/2015,125300,1070080000,8.6(1.18 %),125300,1070080000,0,0,172549605,10.54
13/04/2015,190000,1615000000,8.5(-1.16 %),190000,1615000000,0,0,172359605,10.56
14/04/2015,332900,2826010000,8.4(-1.18 %),335500,2848110000,2600,22100000,172857705,10.5
15/04/2015,371000,3153500000,8.5(1.19 %),371000,3153500000,0,0,172542245,10.54
16/04/2015,641500,5503290000,8.6(1.18 %),641500,5503290000,0,0,171900745,10.61
17/04/2015,421400,3624040000,8.6(0.00 %),427400,3675640000,6000,51600000,171473345,10.66
20/04/2015,335500,2855750000,8.5(-1.16 %),336500,2864250000,1000,8500000,171139445,10.7
21/04/2015,337300,2880050000,8.5(0.00 %),340600,2908100000,3300,28050000,170798845,10.74
22/04/2015,394600,3354100000,8.5(0.00 %),394600,3354100000,0,0,170404245,10.78
23/04/2015,177300,1497140000,8.4(-1.18 %),384100,3254940000,206800,1757800000,170026145,10.82
24/04/2015,373100,3134040000,8.4(0.00 %),373100,3134040000,0,0,169654045,10.86
27/04/2015,165600,1391040000,8.4(0.00 %),165600,1391040000,0,0,169491745,10.88
04/05/2015,684400,5667310000,8.1(-3.57 %),684400,5667310000,0,0,168807345,10.96
05/05/2015,113100,917520000,8.1(0.00 %),165900,1345200000,52800,427680000,168848245,10.96
06/05/2015,-229100,-1815310000,8(-1.23 %),165900,1328150000,395000,3143460000,168818345,10.96
07/05/2015,375900,3009200000,8.1(1.25 %),375900,3009200000,0,0,168442445,11.0
08/05/2015,168900,1353530000,8.1(0.00 %),168900,1353530000,0,0,168273545,11.02
11/05/2015,178400,1419800000,7.9(-2.47 %),178400,1419800000,0,0,168147945,11.03
12/05/2015,-101600,-761230000,7.8(-1.27 %),9000,69800000,110600,831030000,168397945,11.01
13/05/2015,3000,22800000,7.8(0.00 %),3000,22800000,0,0,168394945,11.01
14/05/2015,0,0,7.8(0.00 %),0,0,0,0,168394945,11.01
15/05/2015,5000,38300000,7.7(-1.28 %),5000,38300000,0,0,168389945,11.01
18/05/2015,30800,231400000,7.5(-2.60 %),34800,261000000,4000,29600000,168465745,11.0
19/05/2015,765600,5802030000,7.6(1.33 %),779000,5902530000,13400,100500000,167686745,11.09
20/05/2015,-744700,-5737080000,7.7(1.32 %),167600,1287610000,912300,7024690000,167519145,11.11
21/05/2015,-511200,-3906960000,7.7(0.00 %),853100,6548150000,1364300,10455110000,166666045,11.2
22/05/2015,-656800,-5008180000,7.6(-1.30 %),243300,1852580000,900100,6860760000,166426745,11.23
25/05/2015,-296700,-2252640000,7.6(0.00 %),557200,4227000000,853900,6479640000,165882945,11.29
26/05/2015,-179600,-1373960000,7.8(2.63 %),625000,4826000000,804600,6199960000,166170245,11.26
27/05/2015,-332200,-2561940000,7.7(-1.28 %),267800,2073060000,600000,4635000000,167266745,11.13
28/05/2015,-373700,-2917810000,8.2(6.49 %),301500,2448780000,675200,5366590000,167865345,11.07
29/05/2015,42000,352400000,8(-2.44 %),206000,1684800000,164000,1332400000,168513245,10.99
01/06/2015,-8900,-70800000,8.1(1.25 %),211100,1721200000,220000,1792000000,169106745,10.93
02/06/2015,147100,1193220000,8(-1.23 %),247100,2007220000,100000,814000000,169459645,10.89
03/06/2015,-64300,-514400000,8(0.00 %),55700,445600000,120000,960000000,170079145,10.82
04/06/2015,2000,16200000,8(0.00 %),2000,16200000,0,0,170241145,10.8
05/06/2015,-12000,-96700000,8.1(1.25 %),2000,16000000,14000,112700000,170459145,10.77
08/06/2015,8100,66410000,8.2(1.23 %),8200,67220000,100,810000,170550945,10.76
09/06/2015,-400000,-3225000000,7.9(-3.66 %),0,0,400000,3225000000,170670945,10.75
10/06/2015,-200000,-1580000000,8(1.27 %),0,0,200000,1580000000,170670945,10.75
11/06/2015,13800,111780000,8.1(1.25 %),13800,111780000,0,0,170671145,10.75
12/06/2015,15000,121500000,8.1(0.00 %),15000,121500000,0,0,170656245,10.75
15/06/2015,48200,396990000,8.3(2.47 %),48200,396990000,0,0,171008045,10.71
16/06/2015,302060,2521990000,8.3(0.00 %),322100,2688290000,20040,166300000,170885945,10.73
17/06/2015,170100,1394820000,8.2(-1.20 %),170100,1394820000,0,0,170715845,10.74
18/06/2015,176100,1444020000,8.2(0.00 %),186100,1526020000,10000,82000000,170529745,10.77
19/06/2015,918800,7534500000,8.2(0.00 %),1077200,8833380000,158400,1298880000,169452545,10.89
22/06/2015,139800,1149100000,8.3(1.22 %),177100,1452950000,37300,303850000,169295485,10.9
23/06/2015,267800,2222390000,8.3(0.00 %),267800,2222390000,0,0,169027685,10.93
24/06/2015,58700,486880000,8.2(-1.20 %),58700,486880000,0,0,168978985,10.94
25/06/2015,0,0,8.2(0.00 %),0,0,0,0,169137385,10.92
26/06/2015,-10000,-80710000,8.1(-1.22 %),20000,165290000,30000,246000000,169154685,10.92
29/06/2015,110600,896600000,8.2(1.23 %),130700,1057600000,20100,161000000,169023985,10.94
30/06/2015,466800,3789330000,8.2(0.00 %),1198562,9788778400,731762,5999448400,168552185,10.99
01/07/2015,483300,3914730000,8.1(-1.22 %),483300,3914730000,0,0,168068885,11.04
02/07/2015,564800,4685720000,8.4(3.70 %),564800,4685720000,0,0,167534085,11.1
03/07/2015,600000,5160000000,8.6(2.38 %),600000,5160000000,0,0,166954185,11.17
06/07/2015,218500,1879730000,8.7(1.16 %),218800,1882280000,300,2550000,166740385,11.19
07/07/2015,187900,1628170000,8.7(0.00 %),193400,1675520000,5500,47350000,166546985,11.21
08/07/2015,452700,3976160000,8.9(2.30 %),452800,3977050000,100,890000,166094285,11.27
09/07/2015,452700,3976160000,8.8(-1.12 %),452800,3977050000,100,890000,165641585,11.32
10/07/2015,126700,1124110000,8.9(1.14 %),126700,1124110000,0,0,165793975,11.3
13/07/2015,256500,2299450000,9(1.12 %),256500,2299450000,0,0,165542975,11.33
14/07/2015,731200,6949040000,9.5(5.56 %),733200,6967840000,2000,18800000,164809875,11.41
15/07/2015,35300,333350000,9.1(-4.21 %),35300,333350000,0,0,164774575,11.41
16/07/2015,184600,1681040000,9.1(0.00 %),185100,1685590000,500,4550000,164589475,11.44
17/07/2015,244000,2220770000,9(-1.10 %),244500,2225370000,500,4600000,164344975,11.46
20/07/2015,156600,1374720000,8.7(-3.33 %),171600,1506220000,15000,131500000,164175375,11.48
21/07/2015,104890,917543000,8.7(0.00 %),106100,927830000,1210,10287000,164069275,11.49
22/07/2015,174100,1521530000,8.9(2.30 %),188600,1650180000,14500,128650000,163881175,11.52
23/07/2015,180000,1602400000,8.7(-2.25 %),180000,1602400000,0,0,163701675,11.54
24/07/2015,3000,25900000,8.6(-1.15 %),3000,25900000,0,0,163713675,11.53
27/07/2015,277300,2413530000,8.7(1.16 %),279000,2428490000,1700,14960000,163435885,11.57
28/07/2015,-13743,-118099700,8.6(-1.15 %),300,2640000,14043,120739700,163450085,11.56
29/07/2015,-137400,-1171270000,8.4(-2.33 %),83800,714350000,221200,1885620000,163366285,11.57
30/07/2015,180500,1545690000,8.6(2.38 %),191500,1638090000,11000,92400000,163174785,11.6
31/07/2015,6400,54600000,8.4(-2.33 %),12400,105300000,6000,50700000,163164085,11.6
03/08/2015,259400,2120540000,8.2(-2.38 %),267000,2182500000,7600,61960000,162911128,11.62
04/08/2015,40400,331320000,8.2(0.00 %),40400,331320000,0,0,163091928,11.6
05/08/2015,100000,836800000,8.3(1.22 %),100000,836800000,0,0,163002928,11.61
06/08/2015,-6660,-52300000,7.8(0.00 %),340,2700000,7000,55000000,163008588,11.61
07/08/2015,7300,57670000,7.9(1.28 %),7300,57670000,0,0,163008888,11.61
10/08/2015,-4950,-39105000,7.9(0.00 %),50,395000,5000,39500000,163008838,11.61
11/08/2015,-2400,-18720000,7.7(-2.53 %),0,0,2400,18720000,163008838,11.61
12/08/2015,59500,454030000,7.5(-2.60 %),61500,469230000,2000,15200000,162954338,11.62
13/08/2015,-223800,-1659520000,7.5(0.00 %),25000,183100000,248800,1842620000,162929338,11.62
14/08/2015,-186600,-1372740000,7.3(-2.67 %),1000,7500000,187600,1380240000,162933338,11.62
17/08/2015,-1379400,-9975830000,7.2(-1.37 %),4000,29900000,1383400,10005730000,162931738,11.62
18/08/2015,-62200,-455260000,7.4(2.78 %),0,0,62200,455260000,162933738,11.62
19/08/2015,-2100,-15240000,7.3(-1.35 %),900,6660000,3000,21900000,163181638,11.59
20/08/2015,-225800,-1645110000,7.3(0.00 %),23500,172250000,249300,1817360000,163345738,11.58
21/08/2015,-18100,-147760000,7.2(-1.37 %),292900,2017940000,311000,2165700000,164436238,11.45
24/08/2015,923400,6208840000,6.9(-4.17 %),1315000,8882000000,391600,2673160000,163183438,11.59
25/08/2015,245100,1660130000,7(1.45 %),603900,4139490000,358800,2479360000,162582538,11.66
26/08/2015,-751200,-5217280000,7(0.00 %),33000,225700000,784200,5442980000,162798838,11.64
27/08/2015,-256200,-1793400000,6.9(-1.43 %),1000,7000000,257200,1800400000,163108838,11.6
28/08/2015,435600,3041270000,7(1.45 %),497900,3476270000,62300,435000000,163002538,11.61
31/08/2015,-244200,-1682980000,6.8(-2.86 %),5000,34500000,249200,1717480000,163356338,11.57
01/09/2015,100,680000,6.8(0.00 %),100,680000,0,0,164140438,11.49
03/09/2015,486600,3307080000,6.9(1.47 %),809600,5505280000,323000,2198200000,163588038,11.55
04/09/2015,193900,1318520000,6.8(-1.45 %),193900,1318520000,0,0,163456438,11.56
07/09/2015,-117900,-793400000,6.7(-1.47 %),17100,117600000,135000,911000000,163688538,11.54
08/09/2015,-312200,-2118540000,6.8(1.49 %),0,0,312200,2118540000,163688538,11.54
09/09/2015,8000,55200000,6.9(1.47 %),8000,55200000,0,0,164003538,11.5
10/09/2015,400,2760000,6.9(0.00 %),400,2760000,0,0,175400653,10.22
11/09/2015,-62140,-422566000,6.8(-1.45 %),60,414000,62200,422980000,175535593,10.2
14/09/2015,10000,67000000,6.7(-1.47 %),10000,67000000,0,0,175837793,11.46
15/09/2015,-425292,-2827356200,6.6(-1.49 %),4300,28810000,429592,2856166200,175833493,11.46
16/09/2015,29000,194300000,6.7(1.52 %),29000,194300000,0,0,175804493,11.47
17/09/2015,39747,266336700,6.7(0.00 %),40000,268000000,253,1663300,175826693,11.46
18/09/2015,262400,1784320000,6.8(1.49 %),262400,1784320000,0,0,175564293,11.49
21/09/2015,139200,947880000,6.9(1.47 %),139200,947880000,0,0,175854685,11.46
22/09/2015,975300,6738700000,7(1.45 %),975300,6738700000,0,0,174879385,11.56
23/09/2015,-1000,-6800000,6.9(-1.43 %),0,0,1000,6800000,174879638,11.56
24/09/2015,37600,259440000,6.9(0.00 %),37600,259440000,0,0,174842038,11.57
25/09/2015,50000,340000000,6.8(-1.45 %),50000,340000000,0,0,174792038,11.57
28/09/2015,20000,136000000,6.8(0.00 %),20000,136000000,0,0,174772038,11.58
29/09/2015,0,0,6.7(-1.47 %),0,0,0,0,174773038,11.58
30/09/2015,20000,134000000,6.7(0.00 %),20000,134000000,0,0,174753038,11.58
01/10/2015,39972,267812400,6.7(0.00 %),40000,268000000,28,187600,174713038,11.58
02/10/2015,-119600,-791320000,6.7(0.00 %),7000,46900000,126600,838220000,174706038,11.58
05/10/2015,-532600,-3565420000,6.8(1.49 %),1000,6700000,533600,3572120000,174705038,11.58
06/10/2015,-67200,-457430000,6.9(1.47 %),0,0,67200,457430000,174705038,11.58
07/10/2015,132938,904379400,6.8(-1.45 %),133000,904770000,62,390600,174572066,11.6
08/10/2015,189900,1297110000,6.9(1.47 %),189900,1297110000,0,0,174508766,11.6
09/10/2015,199900,1382810000,6.9(0.00 %),199900,1382810000,0,0,174842466,11.57
12/10/2015,189900,1319810000,6.9(0.00 %),189900,1319810000,0,0,174719766,11.58
13/10/2015,189900,1310310000,6.9(0.00 %),189900,1310310000,0,0,174529928,11.6
14/10/2015,44200,304980000,6.8(-1.45 %),197100,1354332700,152900,1049352700,174485728,11.61
15/10/2015,-90823,-627254900,6.9(1.47 %),63300,437880000,154123,1065134900,174422428,11.61
16/10/2015,181700,1253730000,6.9(0.00 %),181700,1253730000,0,0,174240728,11.63
19/10/2015,437400,3018810000,6.9(0.00 %),500000,3450000000,62600,431190000,173740728,11.68
20/10/2015,500000,3447000000,6.8(-1.45 %),500000,3447000000,0,0,173240728,11.74
21/10/2015,0,0,6.7(-1.47 %),0,0,0,0,173394851,11.72
22/10/2015,72300,491640000,6.8(1.49 %),72300,491640000,0,0,173322551,11.73
23/10/2015,0,0,6.8(0.00 %),0,0,0,0,173385151,11.72
26/10/2015,111100,765590000,6.9(1.47 %),191100,1317590000,80000,552000000,173194051,11.74
27/10/2015,1000,6800000,6.7(-2.90 %),1000,6800000,0,0,173193051,11.74
28/10/2015,-187400,-1255580000,6.7(0.00 %),3000,20100000,190400,1275680000,173190051,11.74
29/10/2015,-23000,-154100000,6.7(0.00 %),20000,134000000,43000,288100000,173170051,11.74
30/10/2015,15300,102510000,6.8(1.49 %),15300,102510000,0,0,173234751,11.74
02/11/2015,24000,163300000,6.7(-1.47 %),25000,170000000,1000,6700000,173209751,11.74
03/11/2015,282900,1907150000,6.8(1.49 %),282900,1907150000,0,0,173117251,11.75
04/11/2015,53300,360750000,6.8(0.00 %),63300,427750000,10000,67000000,173096951,11.75
05/11/2015,-24400,-164920000,6.7(-1.47 %),1100,7480000,25500,172400000,173095851,11.75
06/11/2015,15000,100500000,6.7(0.00 %),25000,167500000,10000,67000000,173071851,11.75
09/11/2015,52800,353810000,6.7(0.00 %),63300,424110000,10500,70300000,173008551,11.76
10/11/2015,17000,113900000,6.7(0.00 %),17000,113900000,0,0,173001551,11.76
11/11/2015,10000,67000000,6.7(0.00 %),10000,67000000,0,0,173017051,11.76
12/11/2015,10000,67000000,6.7(0.00 %),10000,67000000,0,0,173017051,11.76
13/11/2015,-42900,-287430000,6.8(1.49 %),0,0,42900,287430000,173027551,11.76
16/11/2015,1500,10200000,6.7(-1.47 %),1500,10200000,0,0,173026051,11.76
17/11/2015,0,0,6.7(0.00 %),0,0,0,0,173026051,11.76
18/11/2015,0,0,6.8(1.49 %),0,0,0,0,173026051,11.76
19/11/2015,0,0,6.7(-1.47 %),0,0,0,0,173068951,11.76
20/11/2015,0,0,6.7(0.00 %),0,0,0,0,173068951,11.76
23/11/2015,25000,167500000,6.7(0.00 %),25000,167500000,0,0,173043951,11.76
24/11/2015,0,0,6.7(0.00 %),0,0,0,0,173043951,11.76
25/11/2015,-126600,-840220000,6.7(0.00 %),0,0,126600,840220000,173043951,11.76
26/11/2015,0,0,6.7(0.00 %),0,0,0,0,173043951,11.76
27/11/2015,-189400,-1260480000,6.7(0.00 %),200,1340000,189600,1261820000,173043751,11.76
30/11/2015,-70,-427000,6.7(0.00 %),0,0,70,427000,173043751,11.76
01/12/2015,-189300,-1242380000,6.6(-1.49 %),0,0,189300,1242380000,173170351,11.74
02/12/2015,-126200,-832920000,6.6(0.00 %),0,0,126200,832920000,173170351,11.74
03/12/2015,-189300,-1234850000,6.5(-1.52 %),0,0,189300,1234850000,173359951,11.72
04/12/2015,0,0,6.5(0.00 %),0,0,0,0,173360021,11.72
07/12/2015,-315500,-2021750000,6.4(-1.54 %),0,0,315500,2021750000,173549321,11.7
08/12/2015,0,0,6.4(0.00 %),0,0,0,0,173675521,11.69
09/12/2015,-833700,-5260950000,6.3(-1.56 %),275900,1746960000,1109600,7007910000,173588921,11.7
10/12/2015,418610,2637252000,6.3(0.00 %),420900,2651670000,2290,14418000,173168021,11.74
11/12/2015,334250,2088225000,6.4(1.59 %),334250,2088225000,0,0,173149271,11.75
14/12/2015,422200,2674860000,6.3(-1.56 %),422200,2674860000,0,0,172727071,11.79
15/12/2015,0,0,6.3(0.00 %),0,0,0,0,173836671,11.67
16/12/2015,-126204,-795084800,6.3(0.00 %),0,0,126204,795084800,173838961,11.67
17/12/2015,0,0,6.5(3.17 %),0,0,0,0,173838961,11.67
18/12/2015,-5932600,-35575600000,6(-7.69 %),782500,4715000000,6715100,40290600000,173056461,11.76
21/12/2015,1435100,9021130000,6.3(5.00 %),1435100,9021130000,0,0,171621361,11.91
22/12/2015,391700,2495510000,6.4(1.59 %),391700,2495510000,0,0,171355865,11.94
23/12/2015,435000,2707000000,6.2(-3.12 %),435000,2707000000,0,0,170920865,11.98
24/12/2015,44500,281900000,6.2(0.00 %),60000,378000000,15500,96100000,177575965,11.28
25/12/2015,60000,378000000,6.1(-1.61 %),60000,378000000,0,0,177515965,11.29
28/12/2015,172300,1057030000,6.1(0.00 %),172300,1057030000,0,0,177343665,11.3
29/12/2015,529400,3242230000,6.1(0.00 %),529400,3242230000,0,0,176814265,11.36
30/12/2015,608577,3779308300,6.3(3.28 %),608577,3779308300,0,0,176221188,11.42
31/12/2015,520000,3276000000,6.5(3.17 %),520000,3276000000,0,0,175701188,11.48
04/01/2016,229000,1486440000,6.4(-1.54 %),229000,1486440000,0,0,175472188,11.5
05/01/2016,62100,391040000,6.3(-1.56 %),62100,391040000,0,0,175410088,11.51
06/01/2016,156200,973740000,6.3(0.00 %),156200,973740000,0,0,175253888,11.52
07/01/2016,393200,2436040000,6.2(-1.59 %),393200,2436040000,0,0,174860688,11.57
08/01/2016,687200,4192920000,6.1(-1.61 %),687200,4192920000,0,0,174173488,11.64
11/01/2016,185100,1129110000,6.1(0.00 %),185100,1129110000,0,0,173988388,11.66
12/01/2016,129500,795100000,6.2(1.64 %),129500,795100000,0,0,173858888,11.67
13/01/2016,0,0,6.2(0.00 %),0,0,0,0,173858888,11.67
14/01/2016,0,0,6(-3.23 %),0,0,0,0,173858888,11.67
15/01/2016,-345800,-2056800000,5.9(-1.67 %),0,0,345800,2056800000,173858888,11.67
18/01/2016,292200,1634290000,5.7(-3.39 %),292200,1634290000,0,0,173566688,11.7
19/01/2016,-10000,-57000000,5.8(1.75 %),746000,4299198000,756000,4356198000,173566688,11.7
20/01/2016,-100800,-584160000,5.8(0.00 %),328800,1905068400,429600,2489228400,173912288,11.67
21/01/2016,-117000,-668800000,5.7(-1.72 %),130000,739570000,247000,1408370000,173912288,11.67
22/01/2016,-216700,-1250720000,5.9(3.51 %),380000,2219580000,596700,3470300000,173922288,11.67
25/01/2016,-10000,-61000000,6.3(6.78 %),10000,61000000,20000,122000000,174013288,11.66
26/01/2016,0,0,6.4(1.59 %),0,0,0,0,174130288,11.64
27/01/2016,-13800,-88340000,6.5(1.56 %),700,4460000,14500,92800000,174346288,11.62
28/01/2016,0,0,6.5(0.00 %),0,0,0,0,174366288,11.62
29/01/2016,-48900,-317850000,6.5(0.00 %),1100,7150000,50000,325000000,174365188,11.62
01/02/2016,-6500,-42250000,6.4(-1.54 %),0,0,6500,42250000,174379688,11.62
02/02/2016,0,0,6.5(1.56 %),0,0,0,0,174379688,11.62
03/02/2016,-49400,-316160000,6.4(-1.54 %),0,0,49400,316160000,174429688,11.61
04/02/2016,-36500,-237900000,6.6(3.12 %),20000,130000000,56500,367900000,174416188,11.61
05/02/2016,-39000,-257400000,6.7(1.52 %),11000,72600000,50000,330000000,174405188,11.61
15/02/2016,-4000,-27200000,6.8(1.49 %),0,0,4000,27200000,174454588,11.61
16/02/2016,566700,3965460000,7(2.94 %),626200,4380060000,59500,414600000,173884888,11.67
17/02/2016,-222600,-1527110000,6.9(-1.43 %),320400,2242690000,543000,3769800000,173614488,11.7
18/02/2016,120000,840000000,7(1.45 %),120000,840000000,0,0,173498488,11.71
19/02/2016,-118800,-809620000,6.7(-4.29 %),0,0,118800,809620000,173557988,11.7
22/02/2016,-319900,-2168170000,6.8(1.49 %),0,0,319900,2168170000,174100988,11.65
23/02/2016,-3000,-20200000,6.7(-1.47 %),12000,82800000,15000,103000000,174088988,11.65
24/02/2016,73100,493360000,6.8(1.49 %),137300,932840000,64200,439480000,174070488,11.65
25/02/2016,-25080,-172544000,6.9(1.47 %),0,0,25080,172544000,174390388,11.62
26/02/2016,-121600,-839040000,6.9(0.00 %),32900,227010000,154500,1066050000,174372488,11.62
29/02/2016,0,0,6.7(-2.90 %),0,0,0,0,174436688,11.61
01/03/2016,-284800,-1945190000,6.9(2.99 %),700,4760000,285500,1949950000,174461068,11.61
02/03/2016,-1900,-13110000,6.7(-2.90 %),0,0,1900,13110000,174615568,11.59
03/03/2016,92000,617600000,6.7(0.00 %),92000,617600000,0,0,174523568,11.6
04/03/2016,40600,273580000,6.8(1.49 %),154000,1044700000,113400,771120000,174655068,11.59
07/03/2016,111000,754800000,6.7(-1.47 %),111000,754800000,0,0,174545968,11.6
08/03/2016,21100,141370000,6.7(0.00 %),21100,141370000,0,0,174524868,11.6
09/03/2016,-10700,-71690000,6.7(0.00 %),0,0,10700,71690000,174535568,11.6
10/03/2016,19200,128640000,6.8(1.49 %),19200,128640000,0,0,174619068,11.59
11/03/2016,210000,1407000000,6.7(-1.47 %),210000,1407000000,0,0,174409068,11.61
14/03/2016,134600,898770000,6.6(-1.49 %),134600,898770000,0,0,174285168,11.63
15/03/2016,0,0,6.6(0.00 %),0,0,0,0,174285168,11.63
16/03/2016,0,0,6.6(0.00 %),0,0,0,0,174285168,11.63
17/03/2016,192000,1286400000,6.7(1.52 %),192000,1286400000,0,0,174093168,11.65
18/03/2016,2800,18760000,6.7(0.00 %),74500,499150000,71700,480390000,174018668,11.66
21/03/2016,140000,928000000,6.6(-1.49 %),140000,928000000,0,0,173878668,11.67
22/03/2016,98800,654080000,6.7(1.52 %),100000,662000000,1200,7920000,173778668,11.68
23/03/2016,31000,207000000,6.6(-1.49 %),33000,220200000,2000,13200000,173817368,11.68
24/03/2016,150000,990000000,6.6(0.00 %),150000,990000000,0,0,173667368,11.69
25/03/2016,100000,651500000,6.5(-1.52 %),100000,651500000,0,0,173568568,11.7
28/03/2016,10800,70200000,6.5(0.00 %),10800,70200000,0,0,173559768,11.7
29/03/2016,83400,542100000,6.5(0.00 %),83400,542100000,0,0,173476368,11.71
30/03/2016,196800,1269200000,6.5(0.00 %),297200,1916175800,100400,646975800,173271368,11.73
31/03/2016,130000,833000000,6.5(0.00 %),130000,833000000,0,0,173141368,11.75
01/04/2016,221151,1413640600,6.3(-3.08 %),385400,2462880000,164249,1049239400,172895968,11.77
04/04/2016,90000,572000000,6.3(0.00 %),90000,572000000,0,0,172814168,11.78
05/04/2016,35000,223200000,6.4(1.59 %),35000,223200000,0,0,172779168,11.79
06/04/2016,160000,1024000000,6.4(0.00 %),160000,1024000000,0,0,172643417,11.8
07/04/2016,218400,1397960000,6.4(0.00 %),218400,1397960000,0,0,172425017,11.82
08/04/2016,105840,679676000,6.5(1.56 %),109040,700156000,3200,20480000,172315977,11.83
11/04/2016,45000,289800000,6.4(-1.54 %),45000,289800000,0,0,172270977,11.84
12/04/2016,550000,3520000000,6.4(0.00 %),550000,3520000000,0,0,171720977,11.9
13/04/2016,621000,3974900000,6.4(0.00 %),621000,3974900000,0,0,171103177,11.96
14/04/2016,2800,17920000,6.4(0.00 %),2800,17920000,0,0,171100377,11.96
15/04/2016,215000,1376170000,6.5(1.56 %),215000,1376170000,0,0,170885377,11.99
19/04/2016,370960,2374144000,6.4(-1.54 %),370960,2374144000,0,0,170514417,12.02
20/04/2016,317500,2004250000,6.4(0.00 %),317500,2004250000,0,0,170196917,12.06
21/04/2016,144400,910760000,6.3(-1.56 %),144400,910760000,0,0,170052517,12.07
22/04/2016,359300,2307170000,6.5(3.17 %),360000,2311650000,700,4480000,169692517,12.11
25/04/2016,70000,455000000,6.5(0.00 %),70000,455000000,0,0,169622517,12.12
26/04/2016,32679,209447700,6.4(-1.54 %),33000,211500000,321,2052300,169589517,12.12
27/04/2016,164000,1049200000,6.3(-1.56 %),164000,1049200000,0,0,169426217,12.14
28/04/2016,85000,544000000,6.4(1.59 %),90000,576000000,5000,32000000,169336217,12.15
29/04/2016,1249600,8095200000,6.5(1.56 %),1454500,9424050000,204900,1328850000,167882038,12.3
04/05/2016,660000,4281400000,6.5(0.00 %),660000,4281400000,0,0,167222038,12.37
05/05/2016,290100,1885650000,6.5(0.00 %),293000,1904500000,2900,18850000,166934038,12.4
06/05/2016,155800,1012700000,6.4(-1.54 %),155800,1012700000,0,0,166983138,12.4
09/05/2016,178000,1157000000,6.5(1.56 %),178000,1157000000,0,0,166805138,12.42
10/05/2016,0,0,6.5(0.00 %),0,0,0,0,166808038,12.42
11/05/2016,0,0,6.4(-1.54 %),0,0,0,0,166808038,12.42
12/05/2016,103000,669200000,6.5(1.56 %),103000,669200000,0,0,166705038,12.43
13/05/2016,-90550,-601625000,6.7(3.08 %),10050,66335000,100600,667960000,166694988,12.43
16/05/2016,-50000,-335000000,6.7(0.00 %),0,0,50000,335000000,166694988,12.43
17/05/2016,1000,6700000,6.7(0.00 %),1000,6700000,0,0,166693988,12.43
18/05/2016,-5900,-42530000,6.7(0.00 %),24100,161470000,30000,204000000,166770488,12.42
19/05/2016,-100,-670000,6.5(-2.99 %),0,0,100,670000,166820488,12.41
20/05/2016,0,0,6.5(0.00 %),0,0,0,0,166820488,12.41
23/05/2016,-11900,-78500000,6.5(0.00 %),0,0,11900,78500000,166850488,12.41
24/05/2016,0,0,6.4(-1.54 %),0,0,0,0,166850588,12.41
25/05/2016,0,0,6.4(0.00 %),0,0,0,0,166850588,12.41
26/05/2016,39400,237210000,6.3(-1.56 %),150000,945000000,110600,707790000,166712488,12.43
27/05/2016,50000,315000000,6.4(1.59 %),50000,315000000,0,0,166662488,12.43
30/05/2016,0,0,6.3(-1.56 %),0,0,0,0,166662488,12.43
31/05/2016,16600,104580000,6.3(0.00 %),34000,214200000,17400,109620000,166739088,12.42
01/06/2016,-388900,-2449970000,6.3(0.00 %),1000,6400000,389900,2456370000,166738088,12.42
02/06/2016,-500000,-3150000000,6.3(0.00 %),0,0,500000,3150000000,166738088,12.42
03/06/2016,0,0,6.4(1.59 %),0,0,0,0,166755488,12.42
06/06/2016,-402600,-2536380000,6.3(-1.56 %),97400,613620000,500000,3150000000,167047988,12.39
07/06/2016,-457930,-2884959000,6.3(0.00 %),136670,861021000,594600,3745980000,167411318,12.35
08/06/2016,-128000,-779200000,6.4(1.59 %),337400,2152820000,465400,2932020000,167073918,12.39
09/06/2016,-22700,-144830000,6.4(0.00 %),160000,1024000000,182700,1168830000,167413918,12.35
10/06/2016,-361800,-2315520000,6.3(-1.56 %),0,0,361800,2315520000,168008518,12.29
13/06/2016,-487700,-3072510000,6.3(0.00 %),12300,77490000,500000,3150000000,168461618,12.24
14/06/2016,0,0,6.3(0.00 %),0,0,0,0,168644318,12.22
15/06/2016,-525400,-3307520000,6.3(0.00 %),25000,157500000,550400,3465020000,168981118,12.19
16/06/2016,20000,126000000,6.2(-1.59 %),20000,126000000,0,0,169461118,12.14
17/06/2016,-1312000,-8144820000,6.2(0.00 %),1000,6200000,1313000,8151020000,169460118,12.14
20/06/2016,-50400,-313080000,6.3(1.61 %),0,0,50400,313080000,170010518,12.08
21/06/2016,15000,93000000,6.2(-1.59 %),15000,93000000,0,0,169995518,12.08
22/06/2016,34000,210800000,6.2(0.00 %),34000,210800000,0,0,171274518,11.94
23/06/2016,-68100,-428300000,6.3(1.61 %),3400,21080000,71500,449380000,171321518,11.94
24/06/2016,2000,12200000,6.1(-3.17 %),2000,12200000,0,0,171319518,11.94
27/06/2016,94745,577947800,6.2(1.64 %),94780,578158000,35,210200,171224738,11.95
28/06/2016,0,0,6.3(1.61 %),0,0,0,0,171296238,11.94
29/06/2016,-180600,-1119720000,6.2(-1.59 %),0,0,180600,1119720000,171296238,11.94
30/06/2016,7000,43200000,6.1(-1.61 %),7000,43200000,0,0,171289273,11.94
01/07/2016,0,0,6.1(0.00 %),0,0,0,0,171289273,11.94
04/07/2016,0,0,6.1(0.00 %),0,0,0,0,171469873,11.92
05/07/2016,-188600,-1169320000,6.2(1.64 %),0,0,188600,1169320000,171469873,11.92
06/07/2016,302100,1891670000,6.3(1.61 %),304100,1904070000,2000,12400000,171165773,11.96
07/07/2016,266100,1676430000,6.4(1.59 %),401600,2530080000,135500,853650000,170764173,12.0
08/07/2016,2000,12600000,6.3(-1.56 %),34000,214200000,32000,201600000,170918773,11.98
11/07/2016,-59827,-370924100,6.2(-1.59 %),113306,702497200,173133,1073421300,170807467,11.99
12/07/2016,100,620000,6.1(-1.61 %),100,620000,0,0,170942867,11.98
13/07/2016,100,610000,6.2(1.64 %),100,610000,0,0,170974767,11.98
14/07/2016,579800,3638260000,6.3(1.61 %),579800,3638260000,0,0,170568100,12.02
15/07/2016,696200,4327340000,6.3(0.00 %),696200,4327340000,0,0,169871900,12.09
18/07/2016,3000,18900000,6.2(-1.59 %),3000,18900000,0,0,169868900,12.09
19/07/2016,-100000,-620000000,6.2(0.00 %),0,0,100000,620000000,169868900,12.09
20/07/2016,-8300,-51460000,6.1(-1.61 %),0,0,8300,51460000,169868900,12.09
21/07/2016,50000,305000000,6.1(0.00 %),50000,305000000,0,0,169818900,12.1
22/07/2016,-121700,-740370000,6.1(0.00 %),0,0,121700,740370000,169918900,12.09
25/07/2016,-62920,-383802000,6.1(0.00 %),2000,12200000,64920,396002000,169925200,12.09
26/07/2016,-60000,-360000000,6.1(0.00 %),0,0,60000,360000000,169925200,12.09
27/07/2016,-170400,-1038200000,6.1(0.00 %),2000,12200000,172400,1050400000,170044900,12.07
28/07/2016,-164100,-984600000,6(-1.64 %),100000,600000000,264100,1584600000,170009820,12.08
29/07/2016,210000,1260000000,6(0.00 %),210000,1260000000,0,0,169859820,12.09
01/08/2016,97300,583800000,5.9(-1.67 %),97300,583800000,0,0,169934920,12.09
02/08/2016,31960,186614000,5.7(-3.39 %),31960,186614000,0,0,170167060,12.06
03/08/2016,0,0,5.7(0.00 %),0,0,0,0,170167060,12.06
04/08/2016,0,0,5.6(-1.75 %),0,0,0,0,170167060,12.06
05/08/2016,10100,55560000,5.5(-1.79 %),10100,55560000,0,0,170156960,12.06
08/08/2016,53547,288159100,5.4(-1.82 %),53600,288440000,53,280900,170103360,12.07
09/08/2016,69000,372100000,5.4(0.00 %),69000,372100000,0,0,170034360,12.08
10/08/2016,-12540,-67512000,5.4(0.00 %),4000,21600000,16540,89112000,170030360,12.08
11/08/2016,0,0,5.6(3.70 %),0,0,0,0,170030413,12.08
12/08/2016,-2600,-14560000,5.6(0.00 %),0,0,2600,14560000,170030413,12.08
15/08/2016,0,0,5.5(-1.79 %),0,0,0,0,170046953,12.07
16/08/2016,60500,333850000,5.5(0.00 %),60500,333850000,0,0,169986453,12.08
17/08/2016,64400,354200000,5.6(1.82 %),64400,354200000,0,0,169924653,12.09
18/08/2016,23000,126300000,5.4(-3.57 %),23000,126300000,0,0,169901653,12.09
19/08/2016,26800,145040000,5.4(0.00 %),30000,162000000,3200,16960000,169871653,12.09
22/08/2016,3590,19386000,5.3(-1.85 %),3600,19440000,10,54000,169868053,12.09
23/08/2016,22000,117600000,5.3(0.00 %),22000,117600000,0,0,169846053,12.09
24/08/2016,10000,54000000,5.4(1.89 %),10000,54000000,0,0,169839253,12.1
25/08/2016,60000,325000000,5.4(0.00 %),60000,325000000,0,0,169779263,12.1
26/08/2016,10100,54550000,5.5(1.85 %),10100,54550000,0,0,169769163,12.1
29/08/2016,-250800,-1367410000,5.4(-1.82 %),5100,28050000,255900,1395460000,169764063,12.1
30/08/2016,-186600,-1007590000,5.4(0.00 %),0,0,186600,1007590000,169764063,12.1
31/08/2016,10000,54000000,5.3(-1.85 %),10000,54000000,0,0,169754063,12.1
01/09/2016,33300,176490000,5.2(-1.89 %),33300,176490000,0,0,169976663,12.08
05/09/2016,0,0,5.1(-1.92 %),0,0,0,0,170163263,12.06
06/09/2016,301000,1565300000,5.2(1.96 %),301000,1565300000,0,0,169862263,12.09
07/09/2016,-62000,-322400000,5.2(0.00 %),0,0,62000,322400000,169862263,12.09
08/09/2016,-206400,-1096820000,5.3(1.92 %),125000,664000000,331400,1760820000,169737263,12.11
09/09/2016,-249400,-1296080000,5.2(-1.89 %),38000,198400000,287400,1494480000,169699263,12.11
12/09/2016,-66300,-338150000,5(-3.85 %),220300,1101510000,286600,1439660000,169540963,12.13
13/09/2016,0,0,5.1(2.00 %),100,500000,100,500000,169872263,12.09
14/09/2016,-195300,-976500000,5(-1.96 %),200,1000000,195500,977500000,170159463,12.06
15/09/2016,-430000,-2079600000,4.9(-2.00 %),39000,190200000,469000,2269800000,170407063,12.04
16/09/2016,-19104000,-88065960000,4.6(-6.12 %),2305200,10608140000,21409200,98674100000,168101963,12.28
19/09/2016,99200,476240000,4.8(4.35 %),100000,480000000,800,3760000,168197463,12.27
20/09/2016,207010,999118000,4.8(0.00 %),229500,1107070000,22490,107952000,168436963,12.24
21/09/2016,449900,2159520000,4.8(0.00 %),459900,2207520000,10000,48000000,189386263,10.04
22/09/2016,-425800,-2001240000,4.7(-2.08 %),200,960000,426000,2002200000,189386863,10.04
23/09/2016,-494510,-2324197000,4.7(0.00 %),70000,329000000,564510,2653197000,189339353,10.04
26/09/2016,-609300,-2801430000,4.6(-2.13 %),30500,142850000,639800,2944280000,189318853,10.04
27/09/2016,-56000,-257800000,4.6(0.00 %),4000,18200000,60000,276000000,189740853,10.0
28/09/2016,2000,9400000,4.5(-2.17 %),2000,9400000,0,0,190303363,9.94
29/09/2016,-50000,-229000000,4.6(2.22 %),0,0,50000,229000000,190943163,9.87
30/09/2016,0,0,4.6(0.00 %),0,0,0,0,191003163,9.86
03/10/2016,-48400,-222640000,4.6(0.00 %),0,0,48400,222640000,191003163,9.86
04/10/2016,-400,-840000,4.5(-2.17 %),9600,44160000,10000,45000000,191043563,9.86
05/10/2016,-108100,-497260000,4.6(2.22 %),0,0,108100,497260000,191043563,9.86
06/10/2016,10,49000,5(8.70 %),10,49000,0,0,191091953,9.86
07/10/2016,110000,550000000,4.9(-2.00 %),110000,550000000,0,0,190991953,9.87
10/10/2016,28000,137200000,4.8(-2.04 %),28000,137200000,0,0,191072053,9.86
11/10/2016,53000,254400000,4.7(-2.08 %),53000,254400000,0,0,191019053,9.86
12/10/2016,-400000,-1935000000,4.8(2.13 %),0,0,400000,1935000000,191019053,9.86
13/10/2016,-28000,-137200000,4.9(2.08 %),0,0,28000,137200000,191019053,9.86
14/10/2016,0,0,5.1(4.08 %),0,0,0,0,191019053,9.86
17/10/2016,4990,25948000,5.2(1.96 %),5000,26000000,10,52000,191414053,9.82
18/10/2016,41000,209200000,5.1(-1.92 %),41000,209200000,0,0,191401053,9.82
19/10/2016,40800,228480000,5.6(9.80 %),40800,228480000,0,0,191359987,9.83
20/10/2016,166140,985402000,5.7(1.79 %),326040,1896832000,159900,911430000,191033957,9.86
21/10/2016,19480,111036000,5.6(-1.75 %),19480,111036000,0,0,191014477,9.86
24/10/2016,-9900,-55430000,5.6(0.00 %),100,570000,10000,56000000,191014377,9.86
25/10/2016,0,0,5.5(-1.79 %),0,0,0,0,191174277,9.85
26/10/2016,-237200,-1256640000,5.3(-3.64 %),2400,13240000,239600,1269880000,191171877,9.85
27/10/2016,-1000,-5200000,5.3(0.00 %),0,0,1000,5200000,191181877,9.85
28/10/2016,0,0,5.5(3.77 %),0,0,0,0,191181877,9.85
31/10/2016,-50000,-280000000,5.4(-1.82 %),0,0,50000,280000000,191421477,9.82
01/11/2016,-4500,-24300000,5.4(0.00 %),0,0,4500,24300000,191422477,9.82
02/11/2016,0,0,5.3(-1.85 %),0,0,0,0,191422477,9.82
03/11/2016,-2500,-13000000,5.2(-1.89 %),0,0,2500,13000000,191472477,9.82
04/11/2016,-6600,-34320000,5.3(1.92 %),0,0,6600,34320000,191476977,9.81
07/11/2016,-13400,-68880000,5.3(0.00 %),8000,42400000,21400,111280000,191468977,9.82
08/11/2016,0,0,5.5(3.77 %),0,0,0,0,191471477,9.82
09/11/2016,48000,258700000,5.3(-3.64 %),48000,258700000,0,0,191430077,9.82
10/11/2016,-275913,-1489930200,5.5(3.77 %),0,0,275913,1489930200,191451477,9.82
11/11/2016,-77800,-425120000,5.4(-1.82 %),0,0,77800,425120000,191451477,9.82
14/11/2016,0,0,5.4(0.00 %),0,0,0,0,191451477,9.82
15/11/2016,-50800,-274340000,5.3(-1.85 %),200,1060000,51000,275400000,191727190,9.79
16/11/2016,-100000,-545000000,5.3(0.00 %),0,0,100000,545000000,191804990,9.78
17/11/2016,-50000,-270000000,5.4(1.89 %),0,0,50000,270000000,191804990,9.78
18/11/2016,50000,265000000,5.4(0.00 %),50000,265000000,0,0,191805990,9.78
21/11/2016,70000,371000000,5.3(-1.85 %),70000,371000000,0,0,191835990,9.78
22/11/2016,51800,276540000,5.3(0.00 %),51800,276540000,0,0,191834190,9.78
23/11/2016,400,2120000,5.3(0.00 %),400,2120000,0,0,191833790,9.78
24/11/2016,0,0,5.2(-1.89 %),0,0,0,0,191833790,9.78
25/11/2016,20,104000,5.2(0.00 %),20,104000,0,0,191833770,9.78
28/11/2016,0,0,5(-3.85 %),0,0,0,0,191833770,9.78
29/11/2016,10,50000,5(0.00 %),10,50000,0,0,191833760,9.78
30/11/2016,-30420,-158184000,5.2(4.00 %),0,0,30420,158184000,191833760,9.78
01/12/2016,30000,153000000,5.1(-1.92 %),30000,153000000,0,0,191803760,9.78
02/12/2016,-5000,-25500000,5.1(0.00 %),0,0,5000,25500000,191803760,9.78
05/12/2016,-105000,-535500000,5(-1.96 %),15000,76500000,120000,612000000,191819180,9.78
06/12/2016,-183778,-907292200,4.9(-2.00 %),7222,36107800,191000,943400000,191811958,9.78
07/12/2016,60,300000,5(2.04 %),60,300000,0,0,191816898,9.78
08/12/2016,0,0,5.1(2.00 %),0,0,0,0,191936898,9.77
09/12/2016,0,0,4.9(-3.92 %),0,0,0,0,192127898,9.75
12/12/2016,0,0,4.7(-4.08 %),0,0,0,0,192127898,9.75
13/12/2016,16000,75100000,4.6(-2.13 %),16000,75100000,0,0,192111898,9.75
14/12/2016,40,188000,4.7(2.17 %),40,188000,0,0,192111858,9.75
15/12/2016,16,75200,4.7(0.00 %),16,75200,0,0,192111842,9.75
16/12/2016,-5976,-28086800,4.8(2.13 %),24,113200,6000,28200000,192111818,9.75
19/12/2016,-8000,-38400000,4.8(0.00 %),0,0,8000,38400000,192111818,9.75
20/12/2016,100,480000,4.9(2.08 %),100,480000,0,0,192111718,9.75
21/12/2016,-2800,-13720000,5(2.04 %),0,0,2800,13720000,192117718,9.75
22/12/2016,0,0,4.8(-4.00 %),0,0,0,0,192125718,9.75
23/12/2016,500,2350000,4.7(-2.08 %),500,2350000,0,0,192125218,9.75
26/12/2016,0,0,4.7(0.00 %),0,0,0,0,192128018,9.75
27/12/2016,0,0,4.7(0.00 %),0,0,0,0,192128018,9.75
28/12/2016,100000,460000000,4.5(2.27 %),100000,460000000,0,0,192028018,9.76
29/12/2016,-6400,-28800000,4.6(2.22 %),0,0,6400,28800000,192028018,9.76
30/12/2016,-20,-90000,4.6(0.00 %),0,0,20,90000,192028018,9.76
03/01/2017,0,0,4.7(2.17 %),0,0,0,0,192028018,9.76
04/01/2017,20000,102000000,4.7(0.00 %),20000,102000000,0,0,192014418,9.76
05/01/2017,0,0,4.6(-2.13 %),0,0,0,0,192014438,9.76
06/01/2017,800000,3760000000,4.8(4.35 %),800000,3760000000,0,0,191214438,9.84
09/01/2017,-14100,-67680000,4.7(-2.08 %),7900,37920000,22000,105600000,191206538,9.84
10/01/2017,0,0,4.8(2.13 %),0,0,0,0,191206538,9.84
11/01/2017,4911,23081700,4.7(-2.08 %),5000,23500000,89,418300,191201538,9.84
12/01/2017,8900,41830000,4.7(0.00 %),8900,41830000,0,0,191214638,9.84
13/01/2017,0,0,4.8(2.13 %),0,0,0,0,191214638,9.84
16/01/2017,1940,9312000,4.7(-2.08 %),2000,9600000,60,288000,191212727,9.84
17/01/2017,-19000,-89300000,4.8(2.13 %),0,0,19000,89300000,191212727,9.84
18/01/2017,2500,11700000,4.7(-2.08 %),3000,14100000,500,2400000,191209727,9.84
19/01/2017,15000,70500000,4.6(-2.13 %),15000,70500000,0,0,191194787,9.84
20/01/2017,0,0,4.7(2.17 %),0,0,0,0,191213787,9.84
23/01/2017,0,0,4.7(0.00 %),0,0,0,0,191214287,9.84
24/01/2017,0,0,4.7(0.00 %),0,0,0,0,191214287,9.84
25/01/2017,10,51000,4.8(2.13 %),10,51000,0,0,191214277,9.84
02/02/2017,15000,71000000,4.7(-2.08 %),15000,71000000,0,0,191199277,9.84
03/02/2017,280000,1324000000,4.9(4.26 %),300000,1410000000,20000,86000000,190899277,9.88
06/02/2017,800000,4080000000,5.1(4.08 %),800000,4080000000,0,0,190099277,9.96
07/02/2017,0,0,5(-1.96 %),0,0,0,0,190099277,9.96
08/02/2017,-60000,-300000000,5(0.00 %),0,0,60000,300000000,190119277,9.96
09/02/2017,246600,1243000000,5.1(2.00 %),246600,1243000000,0,0,189872677,9.98
10/02/2017,200000,1016000000,5(-1.96 %),240000,1220000000,40000,204000000,204027381,8.49
13/02/2017,76900,394500000,5.1(2.00 %),86600,443000000,9700,48500000,204000781,8.49
14/02/2017,460000,2300000000,5(-1.96 %),460000,2300000000,0,0,203540781,8.54
15/02/2017,0,0,5(0.00 %),0,0,0,0,203580781,8.54
16/02/2017,273000,1388300000,5.1(2.00 %),333000,1698300000,60000,310000000,203257481,8.57
17/02/2017,500000,2550000000,5.1(0.00 %),600000,3060000000,100000,510000000,202657481,8.64
20/02/2017,7600,38760000,5.1(0.00 %),7600,38760000,0,0,202649881,8.64
21/02/2017,-39990,-203949000,5.2(1.96 %),10,51000,40000,204000000,202709871,8.63
22/02/2017,300,1560000,5.1(-1.92 %),300,1560000,0,0,202809571,8.62
23/02/2017,-21000,-103100000,5.1(0.00 %),24000,122400000,45000,225500000,202785571,8.62
24/02/2017,-800,-3480000,5(-1.96 %),5200,26520000,6000,30000000,202820371,8.62
27/02/2017,-39800,-202980000,5.1(2.00 %),200,1020000,40000,204000000,202820171,8.62
28/02/2017,-39800,-210910000,5.3(3.92 %),200,1090000,40000,212000000,202864971,8.61
01/03/2017,-46100,-244330000,5.3(0.00 %),0,0,46100,244330000,202870971,8.61
02/03/2017,-687300,-3642690000,5.2(-1.89 %),0,0,687300,3642690000,202910971,8.61
03/03/2017,0,0,5.1(-1.92 %),0,0,0,0,202950971,8.61
06/03/2017,0,0,5.1(0.00 %),0,0,0,0,202997071,8.6
07/03/2017,100,510000,5.1(0.00 %),100,510000,0,0,203684271,8.53
08/03/2017,13200,67320000,5.1(0.00 %),13200,67320000,0,0,203671071,10.03
09/03/2017,-27,-135000,5.1(0.00 %),40000,204000000,40027,204135000,203631071,10.03
10/03/2017,-38857,-198142200,5.1(0.00 %),0,0,38857,198142200,203631071,10.03
13/03/2017,-90000,-450000000,5(-1.96 %),0,0,90000,450000000,203631071,10.03
14/03/2017,500,2500000,5(0.00 %),500,2500000,0,0,203670598,10.03
15/03/2017,50800,254000000,5(0.00 %),50800,254000000,0,0,203658655,10.03
16/03/2017,-245,-1202500,5(0.00 %),0,0,245,1202500,203748655,10.02
17/03/2017,-35000,-179000000,5(0.00 %),5000,25000000,40000,204000000,203743655,10.02
20/03/2017,8200,42020000,5.1(2.00 %),8200,42020000,0,0,203735455,10.02
21/03/2017,14700,74970000,5.1(0.00 %),15100,77010000,400,2040000,203720600,10.02
22/03/2017,39796,206329600,5.1(0.00 %),39800,206350000,4,20400,203720800,10.02
23/03/2017,510200,2602020000,5.2(1.96 %),510200,2602020000,0,0,203210600,10.07
24/03/2017,-506900,-2717920000,5.7(9.62 %),209000,1147300000,715900,3865220000,203002000,10.09
27/03/2017,152725,917125000,6.1(7.02 %),446000,2676860000,293275,1759735000,202556004,10.14
28/03/2017,-659000,-3914100000,5.8(-4.92 %),45000,269500000,704000,4183600000,202511004,10.14
29/03/2017,-238300,-1388310000,5.8(0.00 %),61700,351690000,300000,1740000000,203165204,10.08
30/03/2017,-6900,-40720000,5.9(1.72 %),3100,18280000,10000,59000000,203455379,10.05
31/03/2017,108300,625130000,5.7(-3.39 %),110200,636150000,1900,11020000,204049179,9.99
03/04/2017,200,1140000,5.8(1.75 %),200,1140000,0,0,204348979,9.96
04/04/2017,-2505900,-14784810000,6(3.45 %),700,4130000,2506600,14788940000,204358200,9.96
05/04/2017,-590010,-3473059000,5.8(-3.33 %),110000,647000000,700010,4120059000,204250100,9.97
07/04/2017,206000,1194200000,5.8(0.00 %),206000,1194200000,0,0,204044100,9.99
10/04/2017,-1336400,-7864330000,6.3(8.62 %),20100,126620000,1356500,7990950000,206530600,9.75
11/04/2017,-1333100,-8936660000,6.8(7.94 %),4000,26000000,1337100,8962660000,207226610,9.68
12/04/2017,-20600,-141080000,6.9(1.47 %),1000,6800000,21600,147880000,207225610,9.68
13/04/2017,-85200,-608910000,7.4(7.25 %),0,0,85200,608910000,208582110,9.54
14/04/2017,-31500,-234230000,7.6(2.70 %),600,4510000,32100,238740000,209918610,9.41
17/04/2017,-3116010,-22446769000,7.2(-5.26 %),1000,7400000,3117010,22454169000,209939210,9.41
18/04/2017,-5807600,-42235250000,7.4(2.78 %),191800,1419310000,5999400,43654560000,209832610,9.42
19/04/2017,-2818700,-21127100000,7.5(1.35 %),11300,83900000,2830000,21211000000,209853410,9.42
20/04/2017,-1008900,-7438380000,7.3(-2.67 %),2100,14820000,1011000,7453200000,212968320,9.11
21/04/2017,-982556,-7302948800,7.6(4.11 %),30500,222660000,1013056,7525608800,218937220,8.53
24/04/2017,-112000,-843540000,7.5(-1.32 %),100,750000,112100,844290000,221767120,8.25
25/04/2017,-2003000,-14827200000,7.6(1.33 %),2000,14600000,2005000,14841800000,222776120,8.15
26/04/2017,-1036300,-7720880000,7.4(-2.63 %),2000,14900000,1038300,7735780000,223787176,8.05
27/04/2017,-195900,-1471350000,7.5(1.35 %),1100,8150000,197000,1479500000,223898176,8.04
28/04/2017,-620300,-4619120000,7.5(0.00 %),80100,588840000,700400,5207960000,225823076,7.85
03/05/2017,-231400,-1745860000,7.5(0.00 %),69400,510190000,300800,2256050000,226791976,7.76
04/05/2017,300,2170000,7.1(-5.33 %),300,2170000,0,0,226988676,7.74
05/05/2017,0,0,7.3(2.82 %),0,0,0,0,227689076,7.67
08/05/2017,100,690000,7(-4.11 %),100,690000,0,0,227989776,7.64
09/05/2017,-3000,-20700000,7(0.00 %),0,0,3000,20700000,227989776,7.64
10/05/2017,0,0,6.8(-2.86 %),0,0,0,0,227989776,7.64
11/05/2017,0,0,6.8(0.00 %),0,0,0,0,227989776,7.64
12/05/2017,0,0,6.7(-1.47 %),0,0,0,0,227992776,7.64
15/05/2017,-153200,-1012120000,6.7(0.00 %),100,660000,153300,1012780000,227992676,7.64
16/05/2017,210300,1383010000,6.8(1.49 %),360300,2384010000,150000,1001000000,257632376,4.73
17/05/2017,7000,47900000,7(2.94 %),7000,47900000,0,0,257625376,4.73
18/05/2017,50100,355210000,6.9(-1.43 %),51600,365560000,1500,10350000,257727076,4.72
19/05/2017,-400,-2760000,6.9(0.00 %),100,690000,500,3450000,257876976,4.71
22/05/2017,0,0,7.1(2.90 %),0,0,0,0,257876976,4.71
23/05/2017,-999900,-6963980000,6.8(-4.23 %),200,1420000,1000100,6965400000,257878276,4.71
24/05/2017,484000,3433400000,7(2.94 %),484000,3433400000,0,0,257394776,4.76
25/05/2017,1900,13300000,7.1(1.43 %),1900,13300000,0,0,257392876,4.76
26/05/2017,11718,82026000,7(-1.41 %),11718,82026000,0,0,258381258,4.66
29/05/2017,800,27600000,6.9(-1.43 %),1000800,7005600000,1000000,6978000000,257380458,4.76
30/05/2017,3035200,21397170000,6.9(0.00 %),3035200,21397170000,0,0,254345258,5.06
31/05/2017,-1041300,-7539730000,7.2(4.35 %),0,0,1041300,7539730000,254345258,5.06
01/06/2017,-298900,-2151970000,7.2(0.00 %),11200,81760000,310100,2233730000,255334058,4.96
02/06/2017,-731500,-5286800000,7.3(1.39 %),0,0,731500,5286800000,255334058,4.96
05/06/2017,-13400,-98820000,7.4(1.37 %),2000,14600000,15400,113420000,256373358,4.86
06/06/2017,-800000,-5860000000,7.3(-1.35 %),0,0,800000,5860000000,256683458,4.83
07/06/2017,-662500,-4921500000,7.4(1.37 %),0,0,662500,4921500000,257414958,4.76
08/06/2017,-810000,-5943000000,7.3(-1.35 %),0,0,810000,5943000000,257430358,4.75
09/06/2017,-144500,-1049850000,7.2(-1.37 %),56100,404530000,200600,1454380000,258174258,4.68
12/06/2017,609200,4386240000,7.1(-1.39 %),613600,4417920000,4400,31680000,258223158,4.68
13/06/2017,188900,1341190000,7.2(1.41 %),200100,1420710000,11200,79520000,258833058,4.62
14/06/2017,-990100,-7175730000,7.3(1.39 %),10000,73000000,1000100,7248730000,259023658,4.6
15/06/2017,101100,738030000,7.3(0.00 %),801100,5848030000,700000,5110000000,258226958,4.68
16/06/2017,730000,5340000000,7.4(1.37 %),1030000,7530000000,300000,2190000000,257208158,4.78
19/06/2017,-46500,-346410000,7.7(4.05 %),5900,44590000,52400,391000000,258202358,4.68
20/06/2017,-805300,-6295230000,7.8(1.30 %),205500,1639050000,1010800,7934280000,258696858,4.63
21/06/2017,-950000,-7363000000,7.7(-1.28 %),50000,385000000,1000000,7748000000,258946858,4.61
22/06/2017,-989700,-7490150000,7.4(-3.90 %),15200,115600000,1004900,7605750000,258984058,4.6
23/06/2017,5000,37500000,7.5(1.35 %),5000,37500000,0,0,259989858,4.5
26/06/2017,2480,-3250000,7.5(0.00 %),1002500,7518900000,1000020,7522150000,259987358,4.5
27/06/2017,63100,473250000,7.5(0.00 %),108100,810750000,45000,337500000,260884158,4.42
28/06/2017,-210090,-1576678900,7.5(0.00 %),0,0,210090,1576678900,260884158,4.42
29/06/2017,-615700,-4599350000,7.5(0.00 %),184300,1400650000,800000,6000000000,261699878,4.34
30/06/2017,508200,3811500000,7.6(1.33 %),508200,3811500000,0,0,261236678,4.38
03/07/2017,-1811000,-14462570000,8(5.26 %),26300,212410000,1837300,14674980000,261420468,4.36
04/07/2017,103100,794750000,8(0.00 %),505100,3990550000,402000,3195800000,261715368,4.33
05/07/2017,-603200,-4856210000,8.3(3.75 %),200,1620000,603400,4857830000,261715168,4.33
06/07/2017,-2412226,-20211493200,8.5(2.41 %),0,0,2412226,20211493200,263552468,4.15
07/07/2017,-2131800,-17944890000,8.1(-4.71 %),19300,159210000,2151100,18104100000,263935168,4.12
10/07/2017,-466400,-3760990000,8(-1.23 %),163600,1329010000,630000,5090000000,264374968,4.07
11/07/2017,-1657800,-13388190000,8.1(1.25 %),100,800000,1657900,13388990000,266787094,3.84
12/07/2017,-1064777,-8632452100,8.1(0.00 %),2300,18630000,1067077,8651082100,268935894,3.63
13/07/2017,-1004900,-8139690000,8.2(1.23 %),100,810000,1005000,8140500000,269565794,3.56
14/07/2017,-492900,-4042480000,8.1(-1.22 %),7100,57520000,500000,4100000000,271216594,3.4
17/07/2017,-1411300,-11177590000,7.8(-3.70 %),88700,699190000,1500000,11876780000,272194978,3.31
18/07/2017,83000,645400000,7.9(1.28 %),83000,645400000,0,0,273116978,3.22
19/07/2017,-1004000,-7941600000,8(1.27 %),0,0,1004000,7941600000,273616978,3.17
20/07/2017,-904580,-7156582000,8(0.00 %),0,0,904580,7156582000,275116978,3.02
21/07/2017,-799862,-6348906000,7.8(-2.50 %),200,1590000,800062,6350496000,275116778,3.02
24/07/2017,40300,310310000,7.8(0.00 %),50300,386310000,10000,76000000,276070478,2.93
25/07/2017,-196900,-1556130000,7.9(1.28 %),5100,39270000,202000,1595400000,276969958,2.84
26/07/2017,-1099200,-8793480000,8(1.27 %),1000,8100000,1100200,8801580000,277769020,2.76
27/07/2017,-310000,-2480000000,8(0.00 %),0,0,310000,2480000000,277779020,2.76
28/07/2017,-2004000,-16132400000,8(0.00 %),0,0,2004000,16132400000,277981020,2.74
31/07/2017,66202,570886400,8.3(3.75 %),322102,2673046400,255900,2102160000,278759118,2.66
01/08/2017,7600,63320000,8.2(-1.20 %),10000,83000000,2400,19680000,279059118,2.63
02/08/2017,-985400,-7976260000,8.1(-1.22 %),27600,223040000,1013000,8199300000,281035518,2.44
03/08/2017,1098900,8901090000,8.1(0.00 %),1098900,8901090000,0,0,280192518,2.52
04/08/2017,154000,1247400000,8.1(0.00 %),155000,1255500000,1000,8100000,280039918,2.54
07/08/2017,4539000,37461400000,8.2(1.23 %),4765000,39322500000,226000,1861100000,276287918,2.9
08/08/2017,-24900,-204170000,8.1(-1.22 %),5100,41830000,30000,246000000,276282818,2.91
09/08/2017,-44300,-353410000,7.9(-2.47 %),25700,203590000,70000,557000000,276258118,2.91
10/08/2017,-29900,-236210000,7.9(0.00 %),100,790000,30000,237000000,276484018,2.89
11/08/2017,5000,39500000,7.8(-1.27 %),5000,39500000,0,0,276509018,2.88
14/08/2017,1000,7900000,8(2.56 %),1000,7900000,0,0,276578018,2.88
15/08/2017,0,0,7.9(-1.25 %),0,0,0,0,276608018,2.87
16/08/2017,0,0,7.9(0.00 %),0,0,0,0,276608018,2.87
17/08/2017,1010900,7984180000,7.8(-1.27 %),1010900,7984180000,0,0,275597118,2.97
18/08/2017,-285200,-2200540000,7.8(0.00 %),20000,154500000,305200,2355040000,275577118,2.97
21/08/2017,120000,936000000,7.7(-1.28 %),120000,936000000,0,0,275457118,2.99
22/08/2017,2376100,18518280000,7.7(0.00 %),2376100,18518280000,0,0,273081018,3.22
23/08/2017,57900,445830000,7.7(0.00 %),59000,454300000,1100,8470000,273327218,3.2
24/08/2017,3300,25740000,7.8(1.30 %),55000,429000000,51700,403260000,273272218,3.2
25/08/2017,561000,4375800000,7.8(0.00 %),561000,4375800000,0,0,272711218,3.26
28/08/2017,112000,873600000,7.8(0.00 %),112000,873600000,0,0,272600318,3.27
29/08/2017,2100,16390000,7.8(0.00 %),2100,16390000,0,0,272649918,3.26
30/08/2017,862200,6725150000,7.7(-1.28 %),862200,6725150000,0,0,271787718,3.35
31/08/2017,35000,278500000,7.9(2.60 %),45000,357500000,10000,79000000,271742718,3.35
01/09/2017,347700,2736830000,7.8(-1.27 %),347700,2736830000,0,0,271395018,3.38
05/09/2017,-770,-6286000,7.9(1.28 %),2830,22074000,3600,28360000,271392188,3.38
06/09/2017,509500,3975050000,7.8(-1.27 %),509500,3975050000,0,0,270892688,3.43
07/09/2017,152000,1200600000,7.9(1.28 %),152000,1200600000,0,0,270740688,3.45
08/09/2017,363500,2835450000,7.8(-1.27 %),363500,2835450000,0,0,270380788,3.48
11/09/2017,-84900,-653720000,7.7(-1.28 %),10100,77780000,95000,731500000,270370688,3.48
12/09/2017,-275482,-2121205000,7.7(0.00 %),13000,100100000,288482,2221305000,270357688,3.49
13/09/2017,11000,84700000,7.7(0.00 %),11000,84700000,0,0,270346688,3.49
14/09/2017,-90056,-693431200,7.7(0.00 %),0,0,90056,693431200,270441688,3.48
15/09/2017,35000,269500000,7.7(0.00 %),35000,269500000,0,0,270695170,3.45
18/09/2017,73800,576360000,7.9(2.60 %),74000,577930000,200,1570000,270621170,3.46
19/09/2017,2106800,16813720000,7.9(0.00 %),2106800,16813720000,0,0,268604426,3.66
20/09/2017,6237950,50516690000,8.2(3.80 %),6338000,51327100000,100050,810410000,262266426,4.28
21/09/2017,-210130,-1702053000,8.1(-1.22 %),0,0,210130,1702053000,262266626,4.28
22/09/2017,0,0,8(-1.23 %),0,0,0,0,262266626,4.28
25/09/2017,8000,64000000,8.1(1.25 %),8000,64000000,0,0,262358676,4.27
26/09/2017,0,0,8(-1.23 %),0,0,0,0,262568806,4.25
27/09/2017,63900,517090000,8.1(1.25 %),63900,517090000,0,0,262504906,4.26
28/09/2017,-20007,-162056000,8(-1.23 %),0,0,20007,162056000,262504906,4.26
29/09/2017,3000,24000000,8(0.00 %),3000,24000000,0,0,262501906,4.26
02/10/2017,6000,48000000,8(0.00 %),6000,48000000,0,0,262495906,4.26
03/10/2017,27200,214880000,7.9(-1.25 %),40200,317580000,13000,102700000,262475713,4.26
04/10/2017,-10000,-78000000,8(1.27 %),0,0,10000,78000000,262475713,4.26
05/10/2017,0,0,8(0.00 %),0,0,0,0,262475713,4.26
06/10/2017,978,7841600,8(0.00 %),1000,8000000,22,158400,262487713,4.26
09/10/2017,36850,302170000,8.2(2.50 %),40000,328000000,3150,25830000,262457713,4.26
10/10/2017,-240000,-1944000000,8.1(-1.22 %),0,0,240000,1944000000,262457713,4.26
11/10/2017,1300,10060000,8.2(1.23 %),7500,61500000,6200,51440000,262450235,4.26
12/10/2017,-29900,-241470000,8.1(-1.22 %),12000,98400000,41900,339870000,262441385,4.26
13/10/2017,28100,227610000,8.1(0.00 %),28100,227610000,0,0,262653285,4.24
16/10/2017,4900,39690000,8.1(0.00 %),5000,40500000,100,810000,262654485,4.24
17/10/2017,34400,268520000,8.3(2.47 %),85000,688500000,50600,419980000,262611385,4.25
18/10/2017,-282700,-2376160000,8.2(-1.20 %),20000,166500000,302700,2542660000,262591385,4.25
19/10/2017,-38700,-317340000,8.2(0.00 %),3000,24600000,41700,341940000,262588485,4.25
20/10/2017,126100,1034020000,8.1(-1.22 %),126200,1034840000,100,820000,262512885,4.26
23/10/2017,163700,1324370000,8(-1.23 %),163700,1324370000,0,0,262651885,4.24
24/10/2017,340100,2720800000,8(0.00 %),340100,2720800000,0,0,262353485,4.27
25/10/2017,5000,40300000,8.1(1.25 %),5000,40300000,0,0,262348585,4.27
26/10/2017,28300,226830000,7.9(-2.47 %),29000,232500000,700,5670000,262319585,4.27
27/10/2017,-2000,-16000000,8(1.27 %),0,0,2000,16000000,262319585,4.27
30/10/2017,-2,-16000,7.9(-1.25 %),0,0,2,16000,262319585,4.27
31/10/2017,-202800,-1583140000,7.8(-1.27 %),0,0,202800,1583140000,262320285,4.27
01/11/2017,8900,70310000,7.9(1.28 %),23000,181700000,14100,111390000,262299285,4.28
02/11/2017,3098,24174200,7.8(-1.27 %),3100,24190000,2,15800,262296187,4.28
03/11/2017,-7400,-57720000,7.8(0.00 %),4000,31200000,11400,88920000,262494987,4.26
06/11/2017,13411,104605800,7.8(0.00 %),15500,120900000,2089,16294200,262493587,4.26
07/11/2017,-42500,-329000000,7.8(0.00 %),25000,197500000,67500,526500000,262468589,4.26
08/11/2017,-1700,-13430000,7.9(1.28 %),0,0,1700,13430000,262479989,4.26
09/11/2017,0,0,7.8(-1.27 %),0,0,0,0,262482078,4.26
10/11/2017,0,0,7.9(1.28 %),0,0,0,0,262549578,4.25
13/11/2017,10500,81900000,7.8(-1.27 %),10500,81900000,0,0,262540778,4.25
14/11/2017,400500,3123900000,7.9(1.28 %),400500,3123900000,0,0,262140278,4.29
15/11/2017,1301200,10327240000,8(1.27 %),1302200,10335240000,1000,8000000,260838078,4.42
16/11/2017,662344,5232517600,7.9(-1.25 %),662400,5232960000,56,442400,260175678,4.48
17/11/2017,-3100,-25110000,8.1(2.53 %),7000,56700000,10100,81810000,260168678,4.49
20/11/2017,-8300,-67230000,8.1(0.00 %),8000,64800000,16300,132030000,260161678,4.49
21/11/2017,264500,2142450000,8.1(0.00 %),265000,2146500000,500,4050000,259896734,4.51
22/11/2017,-14300,-115830000,8.1(0.00 %),10000,81000000,24300,196830000,259896834,4.51
23/11/2017,-64000,-543210000,8.3(2.47 %),100,830000,64100,544040000,259913034,4.51
24/11/2017,690700,5731910000,8.3(0.00 %),700200,5811660000,9500,79750000,259213334,4.58
27/11/2017,2216500,19516570000,8.8(6.02 %),2236600,19688930000,20100,172360000,257001034,4.8
28/11/2017,23800,208650000,8.8(0.00 %),27800,244650000,4000,36000000,257037334,4.79
29/11/2017,56400,524650000,9.4(6.82 %),72500,671350000,16100,146700000,256974334,4.8
30/11/2017,-6700,-63000000,9.4(0.00 %),8500,79890000,15200,142890000,256985934,4.8
01/12/2017,0,200000,9.4(0.00 %),15200,143090000,15200,142890000,256974734,4.8
04/12/2017,-10300,-97840000,9.6(2.13 %),18800,183170000,29100,281010000,256972034,4.8
05/12/2017,241701,2217730000,9.1(-5.21 %),241701,2217730000,0,0,256745533,4.82
06/12/2017,-23100,-214360000,9.3(2.20 %),2300,20980000,25400,235340000,256758433,4.82
07/12/2017,-11900,-113160000,9.5(2.15 %),13100,121840000,25000,235000000,256774433,4.82
08/12/2017,-1500,-14250000,9.4(-1.05 %),1000,9500000,2500,23750000,256773433,4.82
11/12/2017,-49500,-433210000,8.9(-5.32 %),31700,289470000,81200,722680000,256767133,4.82
12/12/2017,200,2990000,8.7(-2.25 %),14200,119190000,14000,116200000,256777933,4.82
13/12/2017,3000,26100000,8.6(-1.15 %),3000,26100000,0,0,256777433,4.82
14/12/2017,11800,101670000,8.8(2.33 %),14900,128440000,3100,26770000,256843733,4.81
15/12/2017,7000,61100000,8.7(-1.14 %),7000,61100000,0,0,256850733,7.06
18/12/2017,15362,138244200,9.2(5.75 %),16012,144109200,650,5865000,256834721,7.06
19/12/2017,65400,600580000,9.1(-1.09 %),77400,710980000,12000,110400000,256760421,7.07
20/12/2017,-4200,-39140000,9.2(1.10 %),10000,91000000,14200,130140000,256750421,7.07
21/12/2017,41500,386770000,9(-2.17 %),50000,465000000,8500,78230000,256701071,7.07
22/12/2017,11000,100000000,9(0.00 %),13800,125200000,2800,25200000,256699271,7.07
25/12/2017,15200,136800000,9(0.00 %),15200,136800000,0,0,256698271,7.07
26/12/2017,900,8080000,9.1(1.11 %),1300,11700000,400,3620000,256705471,7.07
27/12/2017,784300,6430620000,9.2(1.10 %),786000,6446200000,1700,15580000,255922271,7.14
28/12/2017,20515,188738000,9.2(0.00 %),21100,194130000,585,5392000,255901171,7.15
29/12/2017,24300,228100000,9.3(1.09 %),26700,250430000,2400,22330000,255874871,7.15
02/01/2018,100900,973400000,9.8(5.38 %),101100,975280000,200,1880000,255775471,7.16
03/01/2018,149760,1472099000,9.8(0.00 %),150060,1475099000,300,3000000,255625996,7.17
04/01/2018,150100,1479380000,9.8(0.00 %),153300,1510740000,3200,31360000,255475096,7.18
05/01/2018,102100,989130000,9.6(-2.04 %),102700,995060000,600,5930000,255372596,7.19
08/01/2018,-414100,-4057390000,10(4.17 %),8000,79200000,422100,4136590000,255364896,7.19
09/01/2018,25118,259392000,10.5(5.00 %),72720,750000000,47602,490608000,255295376,7.2
10/01/2018,-30500,-321000000,10.5(0.00 %),39500,415000000,70000,736000000,255256476,7.2
11/01/2018,-24700,-247280000,10.7(9.18 %),3300,33220000,28000,280500000,255675276,7.17
12/01/2018,294400,3190380000,10.2(-4.67 %),359400,3937580000,65000,747200000,255363478,7.19
15/01/2018,677400,7231670000,10.8(5.88 %),684500,7308350000,7100,76680000,254748978,7.25
16/01/2018,154900,1662230000,10.6(-1.85 %),162900,1748630000,8000,86400000,254614078,7.26
17/01/2018,170554,1849147800,10.6(0.00 %),180554,1957247800,10000,108100000,254498524,7.27
18/01/2018,24138,253502800,11.1(4.72 %),24138,253502800,0,0,254481486,7.27
19/01/2018,103100,1164030000,11.3(1.80 %),114800,1296240000,11700,132210000,254374686,7.28
22/01/2018,554500,6277420000,11.4(0.88 %),590500,6686220000,36000,408800000,253794186,7.33
23/01/2018,107300,1276270000,11.8(3.51 %),150700,1786260000,43400,509990000,253643486,7.35
24/01/2018,-85400,-1038460000,11.9(0.85 %),27500,328050000,112900,1366510000,253627686,7.35
25/01/2018,533750,6584310000,12.2(2.52 %),790150,9723570000,256400,3139260000,252873536,7.42
26/01/2018,832600,10328780000,12.4(1.64 %),1884200,23176250000,1051600,12847470000,251032736,7.58
29/01/2018,2501711,32259099600,13.3(7.26 %),4696311,61222779600,2194600,28963680000,246449325,7.99
30/01/2018,-562137,-7635992100,13.6(2.26 %),260463,3453867900,822600,11089860000,246445262,7.99
31/01/2018,-1791100,-24233340000,13(-4.41 %),23500,315020000,1814600,24548360000,247473362,7.9
01/02/2018,283300,3554740000,12.4(-4.62 %),607300,7629280000,324000,4074540000,249060662,7.76
02/02/2018,117800,1477570000,12.6(1.61 %),126800,1589170000,9000,111600000,249756462,7.69
05/02/2018,121487,1509046200,11.9(-5.56 %),148400,1839660000,26913,330613800,251422662,7.55
06/02/2018,4561200,50912950000,11.6(-2.52 %),6195200,69363200000,1634000,18450250000,245551462,8.07
07/02/2018,84900,1075780000,12.5(7.76 %),450300,5590460000,365400,4514680000,245110162,8.11
08/02/2018,252600,3101370000,12(-4.00 %),290900,3568570000,38300,467200000,244846175,8.13
09/02/2018,249590,3153432000,12.2(1.67 %),579100,7001790000,329510,3848358000,245901075,8.04
12/02/2018,86600,1127500000,13.2(8.20 %),197600,2552000000,111000,1424500000,246068875,8.02
13/02/2018,-2348630,-31204516000,13(-1.52 %),42170,551414000,2390800,31755930000,246065005,8.02
21/02/2018,-585500,-7717620000,13.1(0.77 %),25600,337810000,611100,8055430000,246368915,8.0
22/02/2018,-139850,-1803430000,12.8(-2.29 %),310650,4008070000,450500,5811500000,265339177,6.3
23/02/2018,-309500,-3994700000,13.2(3.12 %),11600,149800000,321100,4144500000,267718377,6.09
26/02/2018,17600,237470000,13(-1.52 %),30400,407310000,12800,169840000,268299077,6.04
27/02/2018,875000,11458430000,13.1(0.77 %),2211300,28853330000,1336300,17394900000,266538277,6.2
28/02/2018,-495200,-6503580000,13.1(0.00 %),20900,273470000,516100,6777050000,266838477,6.17
01/03/2018,-41800,-531980000,12.7(-3.05 %),22100,285940000,63900,817920000,266829177,6.17
02/03/2018,493850,6220693900,12.7(0.00 %),519600,6548720000,25750,328026100,267645877,6.1
05/03/2018,-50950,-638735000,12.6(-0.79 %),50400,648600000,101350,1287335000,268111577,6.05
06/03/2018,-1126950,-14206830000,12.7(0.79 %),30950,393060000,1157900,14599890000,268144527,6.05
07/03/2018,-2024400,-25306950000,12.2(-3.94 %),25600,318050000,2050000,25625000000,268144677,6.05
08/03/2018,708950,8660050000,12.2(0.00 %),719350,8786930000,10400,126880000,267526677,6.11
09/03/2018,710000,8848000000,12.4(1.64 %),711000,8860400000,1000,12400000,267973577,6.07
12/03/2018,359100,4560570000,12.7(2.42 %),359100,4560570000,0,0,269664477,5.92
13/03/2018,367400,4665460000,12.7(0.00 %),377300,4790200000,9900,124740000,269297577,5.95
14/03/2018,344600,4451760000,13(2.36 %),363600,4698760000,19000,247000000,268934977,5.98
15/03/2018,145870,1915693000,13.3(2.31 %),190900,2501080000,45030,585387000,268744077,7.67
16/03/2018,-14805,-205510000,13.8(3.76 %),211000,2908500000,225805,3114010000,268542977,7.69
19/03/2018,-857622,-11904343600,13.5(-2.17 %),252500,3496730000,1110122,15401073600,268309477,7.71
20/03/2018,-556050,-7566280000,13.5(0.00 %),50200,678200000,606250,8244480000,268304307,7.71
21/03/2018,431800,5872580000,13.6(0.74 %),1674490,22772864000,1242690,16900284000,268095312,7.73
22/03/2018,116213,1579229900,13.3(-2.21 %),118500,1610100000,2287,30870100,269086934,7.64
23/03/2018,119470,1550270000,12.9(-3.01 %),142070,1839550000,22600,289280000,269551114,7.6
26/03/2018,-33200,-424120000,13.3(3.10 %),16100,207710000,49300,631830000,269538014,7.61
27/03/2018,6000,79700000,13.2(-0.75 %),6000,79700000,0,0,269534301,7.61
28/03/2018,-48400,-635990000,13(-1.52 %),20500,266600000,68900,902590000,269536401,7.61
29/03/2018,136600,1789800000,12.9(-0.77 %),140000,1833800000,3400,44000000,269445701,7.61
30/03/2018,1559,20325200,12.9(0.00 %),8000,103200000,6441,82874800,269437701,7.61
02/04/2018,-27600,-362660000,13.1(1.55 %),19300,251040000,46900,613700000,269487301,7.61
03/04/2018,3400,29840000,13.4(2.29 %),164809,2180800600,161409,2150960600,269342301,7.62
04/04/2018,161940,2175638000,13.1(-2.24 %),165200,2219630000,3260,43992000,269183542,7.64
05/04/2018,1392000,18270300000,13.2(0.76 %),1392000,18270300000,0,0,267838442,7.75
06/04/2018,792320,10489208000,13.3(0.76 %),1371020,18243048000,578700,7753840000,266612422,7.85
09/04/2018,1214700,16290360000,13.5(1.50 %),1346700,18083660000,132000,1793300000,265268982,7.96
10/04/2018,4904200,66946710000,13.7(1.48 %),4955700,67649260000,51500,702550000,260313282,8.37
11/04/2018,4929291,67374857600,13.5(-1.46 %),4954800,67720880000,25509,346022400,255937182,8.74
12/04/2018,1075200,14454690000,13.5(0.00 %),1170076,15726032448,94876,1271342448,254992082,8.81
13/04/2018,2850400,38087880000,13.2(-2.22 %),2858400,38194280000,8000,106400000,252185182,9.05
16/04/2018,44000,576700000,13.2(0.00 %),44000,576700000,0,0,252166691,9.05
17/04/2018,1879200,24889280000,13.3(0.76 %),1881000,24913200000,1800,23920000,250287591,9.21
18/04/2018,60300,787230000,12.8(-3.76 %),75300,985230000,15000,198000000,250220291,9.21
19/04/2018,2092900,26617640000,12.6(-1.56 %),2231000,28363200000,138100,1745560000,247989291,9.4
20/04/2018,797500,10166440000,12.8(1.59 %),843500,10752040000,46000,585600000,247147591,9.47
23/04/2018,-220700,-2686010000,11.8(-7.81 %),1000,12300000,221700,2698310000,247161591,9.47
24/04/2018,-95400,-1116000000,11.8(0.00 %),3500,41050000,98900,1157050000,247296191,9.45
26/04/2018,-35500,-407250000,10.8(-8.47 %),3000,34200000,38500,441450000,247339191,9.45
27/04/2018,19500,221290000,11.4(5.56 %),20400,231370000,900,10080000,247540491,9.43
02/05/2018,-667980,-7603642000,10.9(-4.39 %),11800,132780000,679780,7736422000,247627591,9.43
03/05/2018,-1000,-10400000,11(0.92 %),2000,21700000,3000,32100000,247664091,9.42
04/05/2018,303850,3341970000,10.9(-0.91 %),28117001,308090665507,27813151,304748695507,247361141,9.45
07/05/2018,257000,2801100000,11.3(3.67 %),257000,2801100000,0,0,247783921,9.41
08/05/2018,282400,3138210000,11(-2.65 %),311800,3467490000,29400,329280000,247475121,9.44
09/05/2018,4000,43800000,10.9(-0.91 %),4000,43800000,0,0,247471121,9.44
10/05/2018,500,3350000,10.6(-2.75 %),29000,308400000,28500,305050000,247442121,9.44
11/05/2018,-27500,-286000000,10.6(0.00 %),100000,1040000000,127500,1326000000,247371521,9.45
14/05/2018,168113,1788707800,10.7(0.94 %),168200,1789630000,87,922200,247203321,9.46
15/05/2018,16000,171570000,10.6(-0.93 %),16000,171570000,0,0,247215821,9.46
16/05/2018,1300,13170000,10.4(-1.89 %),8500,89490000,7200,76320000,247334821,9.45
17/05/2018,-15000,-154000000,10.2(-1.92 %),105000,1071000000,120000,1225000000,247229908,9.46
18/05/2018,34000,342100000,10(-1.96 %),34000,342100000,0,0,247195908,9.46
21/05/2018,12300,119750000,9.6(-4.00 %),12300,119750000,0,0,247190808,9.46
22/05/2018,-39600,-365060000,9.1(-5.21 %),87600,821300000,127200,1186360000,247223208,9.46
23/05/2018,8000,72300000,9.5(4.40 %),8000,72300000,0,0,247215208,9.46
24/05/2018,-2100,-19530000,9.1(-4.21 %),900,8370000,3000,27900000,247214308,9.46
25/05/2018,26100,239550000,8.9(-2.20 %),28300,259570000,2200,20020000,247313208,9.45
28/05/2018,28500,237300000,8.2(-7.87 %),28500,237300000,0,0,247284708,9.45
29/05/2018,500,3930000,9(9.76 %),7000,61650000,6500,57720000,247280708,9.46
30/05/2018,31500,283400000,8.9(-1.11 %),51500,463400000,20000,180000000,247231408,9.46
31/05/2018,258900,2328800000,9.3(4.49 %),304900,2745700000,46000,416900000,246926508,9.48
01/06/2018,1000,9300000,9.2(-1.08 %),1000,9300000,0,0,246932008,9.48
04/06/2018,-243085,-2220099000,9.6(4.35 %),15,141000,243100,2220240000,246951993,9.48
05/06/2018,12300,117480000,9.6(0.00 %),14300,136680000,2000,19200000,246983693,9.48
06/06/2018,-23700,-223390000,9.7(1.04 %),4900,46550000,28600,269940000,246978793,9.48
07/06/2018,99200,944280000,9.4(-3.09 %),159400,1514210000,60200,569930000,247062493,9.47
08/06/2018,37908,356352400,9.5(1.06 %),48100,452150000,10192,95797600,247016393,9.48
11/06/2018,108976,1014124400,9.3(-2.11 %),109020,1014538000,44,413600,246935973,9.48
12/06/2018,307500,2787500000,9.1(-2.15 %),307500,2787500000,0,0,246688673,9.5
13/06/2018,57900,532580000,9.2(1.10 %),57900,532580000,0,0,246640965,9.51
14/06/2018,-1605900,-14548640000,9(-2.17 %),26700,242780000,1632600,14791420000,246614309,9.51
15/06/2018,-65600,-581680000,9.1(1.11 %),143200,1298390000,208800,1880070000,246471109,9.52
18/06/2018,21600,195660000,8.8(-3.30 %),21600,195660000,0,0,246449509,9.52
19/06/2018,-288200,-2501320000,8.5(-3.41 %),571800,4830080000,860000,7331400000,247510309,9.44
20/06/2018,419505,3658693500,8.7(2.35 %),469505,4093693500,50000,435000000,247249604,9.46
21/06/2018,15600,129160000,8.6(-1.15 %),65600,559160000,50000,430000000,247184004,9.46
22/06/2018,-37525,-322717700,8.7(1.16 %),8700,74820000,46225,397537700,248035304,9.39
25/06/2018,86600,756070000,8.7(0.00 %),87100,760370000,500,4300000,247998204,9.4
26/06/2018,2400,21050000,8.6(-1.15 %),7100,61540000,4700,40490000,248041104,9.39
27/06/2018,18900,163030000,8.5(-1.16 %),18900,163030000,0,0,248068429,9.39
28/06/2018,25700,215530000,8.3(-2.35 %),28000,235050000,2300,19520000,248040929,9.39
29/06/2018,316700,2618560000,8.2(-1.20 %),316700,2618560000,0,0,247728929,9.42
02/07/2018,-10400,-79080000,7.8(-4.88 %),11600,93520000,22000,172600000,247717329,9.42
03/07/2018,-378100,-2944750000,7.3(-6.41 %),9900,74850000,388000,3019600000,247709729,9.42
04/07/2018,12300,90820000,7.4(1.37 %),12300,90820000,0,0,247697429,9.42
05/07/2018,9300,67910000,7.1(-4.05 %),20300,147110000,11000,79200000,247699129,9.42
06/07/2018,-6200,-47120000,7.8(9.86 %),0,0,6200,47120000,248087129,9.39
09/07/2018,-5000,-40500000,7.7(-1.28 %),5000,39500000,10000,80000000,248082129,9.39
10/07/2018,78100,607680000,7.6(-1.30 %),78100,607680000,0,0,248015029,9.39
11/07/2018,77100,563200000,7.2(-5.26 %),79400,579760000,2300,16560000,247941829,9.4
12/07/2018,25177,186074100,7.5(4.17 %),35200,261240000,10023,75165900,247916629,9.4
13/07/2018,200,1540000,7.7(2.67 %),200,1540000,0,0,247916429,9.4
16/07/2018,51500,401600000,7.8(1.30 %),52500,409300000,1000,7700000,247866229,9.41
17/07/2018,131400,1011810000,8(2.56 %),131400,1011810000,0,0,247744852,9.42
18/07/2018,10500,88100000,8.3(3.75 %),52000,431400000,41500,343300000,247692852,9.42
19/07/2018,-67300,-549290000,8.2(-1.20 %),6700,54900000,74000,604190000,247687152,9.42
20/07/2018,-17800,-144180000,8.2(0.00 %),12200,98820000,30000,243000000,247674952,9.42
23/07/2018,-443300,-3607190000,8(-2.44 %),0,0,443300,3607190000,247716452,9.42
24/07/2018,-8400,-67600000,8(0.00 %),1300,10470000,9700,78070000,247789152,9.41
25/07/2018,330,2673000,7.9(-1.25 %),330,2673000,0,0,247818822,9.41
26/07/2018,1500,11850000,8(1.27 %),1500,11850000,0,0,248260622,9.37
27/07/2018,1000,8200000,8.1(1.25 %),1000,8200000,0,0,248269322,9.37
30/07/2018,113177,927813700,8.3(2.47 %),113200,928000000,23,186300,248156122,9.38
31/07/2018,14900,123070000,8.1(-2.41 %),15000,123900000,100,830000,248141222,9.38
01/08/2018,28200,228800000,8(-1.23 %),28200,228800000,0,0,248112922,9.39
02/08/2018,2400,19370000,7.9(-1.25 %),2400,19370000,0,0,248110545,9.39
03/08/2018,430000,3440000000,8(1.27 %),430000,3440000000,0,0,247680645,9.42
06/08/2018,1313400,10503600000,7.9(-1.25 %),1313400,10503600000,0,0,246367245,9.53
07/08/2018,104000,831600000,7.9(0.00 %),104000,831600000,0,0,246263245,9.54
08/08/2018,-11500,-93010000,8.1(2.53 %),500,3990000,12000,97000000,246262745,9.54
09/08/2018,419120,3395280000,8.1(0.00 %),419120,3395280000,0,0,245843625,9.57
10/08/2018,286744,2322952400,8.1(0.00 %),290210,2350680400,3466,27728000,245553415,9.6
13/08/2018,59600,517570000,8.8(8.64 %),59600,517570000,0,0,245505815,9.6
14/08/2018,12300,107810000,8.6(-2.27 %),27300,237310000,15000,129500000,245478515,9.6
15/08/2018,41560,353916000,8.4(-2.33 %),41600,354260000,40,344000,245440381,9.61
16/08/2018,-490,-4487000,8.3(-1.19 %),10510,86743000,11000,91230000,245429871,9.61
17/08/2018,4000,34000000,8.3(0.00 %),4000,34000000,0,0,245440871,9.61
20/08/2018,7100,59730000,8.4(1.20 %),8000,67200000,900,7470000,245432911,9.61
21/08/2018,-216990,-1844415000,8.6(2.38 %),10,85000,217000,1844500000,245443901,9.61
22/08/2018,-193200,-1650620000,8.5(-1.16 %),0,0,193200,1650620000,245443901,9.61
23/08/2018,118850,1011605000,8.5(0.00 %),125050,1064425000,6200,52820000,245319751,9.62
24/08/2018,1100,9250000,8.4(-1.18 %),1100,9250000,0,0,245535651,9.6
27/08/2018,-4000,-44400000,8.5(1.19 %),100000,850000000,104000,894400000,245628851,9.59
28/08/2018,-17000,-149100000,8.7(2.35 %),0,0,17000,149100000,245635051,9.59
29/08/2018,8900,77430000,8.7(0.00 %),9900,86130000,1000,8700000,245625151,9.59
30/08/2018,-39300,-337970000,8.6(-1.15 %),227800,1959090000,267100,2297060000,245501351,9.6
31/08/2018,388100,3330570000,8.5(-1.16 %),389100,3339270000,1000,8700000,245129251,9.63
04/09/2018,57000,484300000,8.3(-2.35 %),102500,871050000,45500,386750000,245027751,9.64
05/09/2018,36000,298500000,8.3(0.00 %),36000,298500000,0,0,245258851,9.62
06/09/2018,30020,246166000,8.2(-1.20 %),30020,246166000,0,0,245229831,9.63
07/09/2018,-98787,-810062100,8.3(1.22 %),200,1640000,98987,811702100,245275131,9.62
10/09/2018,52100,427430000,8.2(-1.20 %),61000,501300000,8900,73870000,245214131,9.63
11/09/2018,98000,813600000,8.3(1.22 %),100000,830000000,2000,16400000,245114131,9.64
12/09/2018,5000,43000000,8.3(0.00 %),15000,126000000,10000,83000000,245198118,9.63
13/09/2018,-8000,-67200000,8.4(1.20 %),7000,58800000,15000,126000000,245200018,9.63
14/09/2018,14020,118768000,8.5(1.19 %),15520,131368000,1500,12600000,245186498,9.63
17/09/2018,3500,29400000,8.3(-2.35 %),5500,46200000,2000,16800000,245190998,9.63
18/09/2018,265970,2202281000,8.4(1.20 %),282500,2341080000,16530,138799000,244923498,9.65
19/09/2018,100140,874370000,8.6(2.38 %),143240,1245240000,43100,370870000,244781758,9.66
20/09/2018,8200,70420000,8.7(1.16 %),10200,87820000,2000,17400000,244773558,9.66
21/09/2018,71650,636335000,8.9(2.30 %),84150,746735000,12500,110400000,244705938,9.67
24/09/2018,-167915,-1493443500,8.9(0.00 %),3100,27590000,171015,1521033500,244745938,9.67
25/09/2018,118500,1052740000,8.8(-1.12 %),131900,1170660000,13400,117920000,244616038,9.68
26/09/2018,102900,908520000,8.8(0.00 %),103900,917320000,1000,8800000,244524638,9.68
27/09/2018,99600,885060000,9(2.27 %),110100,978910000,10500,93850000,244585553,9.68
28/09/2018,84920,775092000,9.1(1.11 %),110720,1013392000,25800,238300000,244488233,9.69
01/10/2018,194100,1789650000,9(-1.10 %),214100,1971650000,20000,182000000,244275133,9.7
02/10/2018,57700,516300000,8.9(-1.11 %),171000,1536000000,113300,1019700000,244114633,9.72
03/10/2018,131000,1169000000,9(1.12 %),145000,1295000000,14000,126000000,243995433,9.73
04/10/2018,13020,117580000,9.1(1.11 %),14020,126580000,1000,9000000,244001413,9.73
05/10/2018,-126390,-1122909000,8.9(-2.20 %),23610,212091000,150000,1335000000,244091103,9.72
08/10/2018,97840,860992000,8.8(-1.12 %),100000,880000000,2160,19008000,244005103,9.73
09/10/2018,103600,916350000,8.7(-1.14 %),150300,1322640000,46700,406290000,243855803,9.74
10/10/2018,-1545900,-13327740000,8.6(-1.15 %),5000,43000000,1550900,13370740000,244000803,9.73
11/10/2018,-1128000,-9253270000,7.9(-8.14 %),13100,106300000,1141100,9359570000,243989863,9.73
12/10/2018,65400,534420000,8.3(5.06 %),72000,587100000,6600,52680000,243964563,9.73
15/10/2018,39900,324170000,8.1(-2.41 %),532900,4416070000,493000,4091900000,245475463,9.61
16/10/2018,44900,368200000,8.2(1.23 %),45200,370640000,300,2440000,246571363,9.51
17/10/2018,378985,3151485500,8.3(1.22 %),379100,3152440000,115,954500,246198863,9.55
18/10/2018,111800,924940000,8.1(-2.41 %),111800,924940000,0,0,246087163,9.55
19/10/2018,-1699776,-13650233600,8.1(0.00 %),16200,131100000,1715976,13781333600,246071263,9.56
22/10/2018,7210,58401000,8(-1.23 %),20010,162081000,12800,103680000,246051368,9.56
23/10/2018,65100,511160000,7.9(-1.25 %),65300,512740000,200,1580000,245986068,9.56
24/10/2018,12000,98300000,7.8(-1.27 %),51000,402900000,39000,304600000,247651044,9.42
25/10/2018,15600,120100000,7.7(-1.28 %),24200,184600000,8600,64500000,247639644,9.43
26/10/2018,3000,23200000,7.6(-1.30 %),3000,23200000,0,0,247636844,9.43
29/10/2018,501200,3809040000,7.5(-1.32 %),501200,3809040000,0,0,247174644,9.46
30/10/2018,-14900,-110950000,7.5(0.00 %),3100,23250000,18000,134200000,247180144,9.46
31/10/2018,114925,873130000,7.7(2.67 %),201000,1527600000,86075,654470000,246979144,9.48
01/11/2018,500,4000000,7.6(-1.30 %),3500,27100000,3000,23100000,246975644,9.48
02/11/2018,10400,80110000,7.7(1.32 %),10400,80110000,0,0,246983244,9.48
05/11/2018,40100,308770000,7.7(0.00 %),40100,308770000,0,0,247029219,9.48
06/11/2018,240000,1848000000,7.6(-1.30 %),240000,1848000000,0,0,246792219,9.5
07/11/2018,-80517,-611929200,7.6(0.00 %),2000,15200000,82517,627129200,246790219,9.5
08/11/2018,-6800,-51570000,7.6(0.00 %),3200,24430000,10000,76000000,246787019,9.5
09/11/2018,1800,13600000,7.5(-1.32 %),3000,22600000,1200,9000000,246784019,9.5
12/11/2018,18800,139120000,7.5(0.00 %),18800,139120000,0,0,246847736,9.49
13/11/2018,-180100,-1332740000,7.4(-1.33 %),4000,29600000,184100,1362340000,246853736,9.49
14/11/2018,8300,61310000,7.2(-2.70 %),8300,61310000,0,0,246846636,9.49
15/11/2018,0,0,7.2(0.00 %),0,0,0,0,246846636,9.49
16/11/2018,194200,1417660000,7.4(2.78 %),202000,1474600000,7800,56940000,246828736,9.49
19/11/2018,5000,37800000,7.5(1.35 %),5000,37800000,0,0,246823736,9.49
20/11/2018,-98500,-738750000,7.5(0.00 %),1500,11250000,100000,750000000,246822236,9.49
21/11/2018,300,2250000,7.5(0.00 %),300,2250000,0,0,246829736,9.49
22/11/2018,13000,97500000,7.5(0.00 %),13000,97500000,0,0,246816736,9.49
23/11/2018,16900,125060000,7.4(-1.33 %),16900,125060000,0,0,246899836,9.49
26/11/2018,0,0,7.3(-1.35 %),0,0,0,0,246899836,9.49
27/11/2018,6000,44300000,7.3(0.00 %),6000,44300000,0,0,246893836,9.49
28/11/2018,-40000,-293500000,7.4(1.37 %),5000,36500000,45000,330000000,246888836,9.49
29/11/2018,20,150000,7.3(-1.35 %),20,150000,0,0,246888816,9.49
03/12/2018,20000,152000000,7.7(2.67 %),20000,152000000,0,0,246913816,9.49
04/12/2018,100,770000,7.6(-1.30 %),100,770000,0,0,246913716,9.49
05/12/2018,110,846000,7.7(1.32 %),110,846000,0,0,246914606,9.49
06/12/2018,-3600,-24660000,7.6(-1.30 %),37500,288600000,41100,313260000,246877106,9.49
07/12/2018,60800,468060000,7.6(0.00 %),61000,469600000,200,1540000,246816106,9.49
10/12/2018,0,0,7.5(-1.32 %),0,0,0,0,246816106,9.49
11/12/2018,1000,7500000,7.5(0.00 %),1000,7500000,0,0,246856206,9.49
12/12/2018,84810,644555000,7.7(2.67 %),84810,644555000,0,0,246771596,9.5
13/12/2018,33994,261754400,7.6(-1.30 %),34000,261800000,6,45600,246737596,9.5
14/12/2018,-10000,-75000000,7.5(-1.32 %),0,0,10000,75000000,246737596,9.5
17/12/2018,-867975,-7252005000,7.5(0.00 %),446400,3035520000,1314375,10287525000,246291196,9.54
18/12/2018,120000,888000000,7.4(-1.33 %),120100,888740000,100,740000,246171102,9.55
19/12/2018,500,3700000,7.4(0.00 %),500,3700000,0,0,246180602,9.55
20/12/2018,613875,4112962500,7.5(1.35 %),613875,4112962500,0,0,246881102,9.49
21/12/2018,1000,7400000,7.4(-1.33 %),1000,7400000,0,0,246880202,9.49
24/12/2018,0,0,7.3(-1.35 %),0,0,0,0,246880202,9.49
25/12/2018,-15000,-106500000,7.2(-1.37 %),0,0,15000,106500000,246880202,9.49
26/12/2018,-1600,-11520000,7.2(0.00 %),1400,10080000,3000,21600000,246878802,9.49
27/12/2018,95800,699560000,7.2(0.00 %),98000,715400000,2200,15840000,246780802,9.5
28/12/2018,-110343,-794469600,7.2(0.00 %),0,0,110343,794469600,246795802,9.5
02/01/2019,2100,15120000,7.2(0.00 %),2100,15120000,0,0,246796702,9.5
03/01/2019,-1216000,-8571270000,7(-2.78 %),12900,92860000,1228900,8664130000,248012702,9.39
04/01/2019,-165600,-1143590000,7(0.00 %),2500,17300000,168100,1160890000,248178302,9.38
07/01/2019,5990,43130000,7.2(2.86 %),6000,43200000,10,70000,248172312,9.38
08/01/2019,19600,138700000,7(-2.78 %),19600,138700000,0,0,248152712,9.38
09/01/2019,-16600,-118180000,7.2(2.86 %),0,0,16600,118180000,248169312,9.38
10/01/2019,50,355000,7(-2.78 %),50,355000,0,0,248152662,9.38
11/01/2019,-49589,-351223000,7(0.00 %),11500,80500000,61089,431723000,248202251,9.38
14/01/2019,200,1420000,7(0.00 %),200,1420000,0,0,248202051,9.38
15/01/2019,-400500,-2804500000,7.1(1.43 %),83900,587300000,484400,3391800000,248602551,9.35
16/01/2019,0,0,7(-1.41 %),0,0,0,0,248602551,9.35
17/01/2019,1800,12600000,7(0.00 %),1800,12600000,0,0,248600751,9.35
18/01/2019,99200,694400000,7(0.00 %),99200,694400000,0,0,248501551,9.35
21/01/2019,-100000,-718000000,7.2(2.86 %),0,0,100000,718000000,248601551,0.0
22/01/2019,23200,164540000,7(-2.78 %),25000,177500000,1800,12960000,248578351,9.35
23/01/2019,0,0,7.1(1.43 %),0,0,0,0,248578351,9.35
24/01/2019,0,0,7.1(0.00 %),0,0,0,0,248578351,0.01
25/01/2019,0,0,7.1(0.00 %),0,0,0,0,248578351,9.35
28/01/2019,-98200,-707040000,7.1(0.00 %),0,0,98200,707040000,248676551,0.0
29/01/2019,40,282000,7.1(0.00 %),40,282000,0,0,248676511,9.34
30/01/2019,-138280,-981790000,7.2(1.41 %),20,140000,138300,981930000,248814791,0.0
31/01/2019,1700,12240000,7.2(0.00 %),11700,84240000,10000,72000000,248813091,9.33
01/02/2019,14400,103680000,7.2(0.00 %),14400,103680000,0,0,248805634,9.33
11/02/2019,1300,9490000,7.6(5.56 %),1300,9490000,0,0,248804334,9.33
12/02/2019,4830,36708000,7.7(1.32 %),6900,52440000,2070,15732000,248799504,9.33
13/02/2019,-60,-462000,7.7(0.00 %),0,0,60,462000,248799564,9.33
14/02/2019,-10700,-83560000,7.9(2.60 %),1000,7700000,11700,91260000,248810264,9.33
15/02/2019,25000,192500000,7.7(-2.53 %),25000,192500000,0,0,248785264,9.33
18/02/2019,-99300,-764610000,7.7(0.00 %),167100,1287168300,266400,2051778300,248884564,9.32
19/02/2019,201000,1547700000,7.5(-2.60 %),201000,1547700000,0,0,248683564,9.34
20/02/2019,-148400,-1121650000,7.5(0.00 %),0,0,148400,1121650000,248831964,9.33
21/02/2019,0,0,7.5(0.00 %),0,0,0,0,248831964,9.33
22/02/2019,0,0,7.6(1.33 %),0,0,0,0,248831964,0.0
25/02/2019,-327917,-2507769200,7.6(0.00 %),33000,254700000,360917,2762469200,249159881,9.3
26/02/2019,-35100,-266250000,7.6(0.00 %),0,0,35100,266250000,249194981,9.3
27/02/2019,147,1117200,7.6(0.00 %),147,1117200,0,0,249194834,9.3
28/02/2019,0,0,7.4(-2.63 %),0,0,0,0,249194834,9.3
01/03/2019,-19980,-149850000,7.6(2.70 %),20,150000,20000,150000000,249317034,9.29
04/03/2019,-190200,-1429360000,7.6(0.00 %),1400,10640000,191600,1440000000,249507234,9.27
05/03/2019,-7500,-56900000,7.5(-1.32 %),1000,7700000,8500,64600000,249514734,0.0
06/03/2019,-10000,-76000000,7.6(1.33 %),0,0,10000,76000000,249524734,9.27
07/03/2019,-373800,-2835780000,7.9(3.95 %),23000,181700000,396800,3017480000,249898534,0.0
08/03/2019,9500,74100000,7.8(-1.27 %),9500,74100000,0,0,249889034,0.0
11/03/2019,9980,77846000,7.8(0.00 %),10000,78000000,20,154000,249879054,0.0
12/03/2019,-80952,-631432900,8.1(3.85 %),0,0,80952,631432900,249960006,9.23
13/03/2019,554500,4436900000,7.9(-2.47 %),580000,4643000000,25500,206100000,249405506,9.28
14/03/2019,835606,6691748000,7.9(0.00 %),835606,6691748000,0,0,248569900,9.35
15/03/2019,574500,4613590000,8(1.27 %),600000,4817590000,25500,204000000,247995400,0.05
18/03/2019,-66100,-528800000,8(0.00 %),10000,80000000,76100,608800000,248061500,9.39
19/03/2019,-1484100,-11872800000,7.9(-1.25 %),10000,80000000,1494100,11952800000,249545600,9.27
20/03/2019,-100,-780000,7.8(-1.27 %),0,0,100,780000,249545700,0.0
21/03/2019,1083700,8427680000,7.7(-1.28 %),1083900,8429220000,200,1540000,248462000,9.36
22/03/2019,270000,2079000000,7.7(0.00 %),270000,2079000000,0,0,248192000,9.38
25/03/2019,1704600,12771490000,7.4(-3.90 %),1704600,12771490000,0,0,246487400,0.14
26/03/2019,826540,6205090000,7.4(0.00 %),826540,6205090000,0,0,245660860,9.59
27/03/2019,1026600,7794600000,7.6(2.70 %),1026600,7794600000,0,0,244634260,9.68
28/03/2019,511000,3905600000,7.6(0.00 %),511000,3905600000,0,0,244123260,9.72
29/03/2019,368700,2789610000,7.5(-1.32 %),373100,2823050000,4400,33440000,243754560,9.75
01/04/2019,396615,3014274000,7.7(2.67 %),398615,3029474000,2000,15200000,244143240,9.72
02/04/2019,26610,202237000,7.6(-1.30 %),26610,202237000,0,0,244116630,9.72
03/04/2019,-259300,-1968340000,7.6(0.00 %),50000,380000000,309300,2348340000,244375930,9.7
04/04/2019,-2962000,-22220670000,7.6(0.00 %),100000,750000000,3062000,22970670000,247337930,9.45
05/04/2019,-9000,-67500000,7.5(-1.32 %),0,0,9000,67500000,247346930,9.45
08/04/2019,-15000,-113500000,7.7(2.67 %),0,0,15000,113500000,247361930,9.45
09/04/2019,5000,38000000,7.5(-2.60 %),5000,38000000,0,0,247356930,9.45
10/04/2019,0,0,7.5(0.00 %),0,0,0,0,247356930,9.45
11/04/2019,0,0,7.6(1.33 %),0,0,0,0,247356930,9.45
12/04/2019,-2000,-15000000,7.5(-1.32 %),0,0,2000,15000000,247358930,9.45
16/04/2019,2499848,18829735200,7.6(1.33 %),2500000,18830860000,152,1124800,244859082,0.14
17/04/2019,5000,37500000,7.4(-2.63 %),5000,37500000,0,0,244854082,9.66
18/04/2019,-20000,-150000000,7.4(0.00 %),0,0,20000,150000000,244874082,9.66
19/04/2019,-6200,-46500000,7.5(1.35 %),0,0,6200,46500000,244880282,9.65
22/04/2019,0,0,7.5(0.00 %),0,0,0,0,244880282,9.65
23/04/2019,9995,74963000,7.5(0.00 %),10000,75000000,5,37000,244870287,9.66
24/04/2019,-9670,-73192000,7.5(0.00 %),3330,25608000,13000,98800000,244879957,9.65
25/04/2019,1600,12060000,7.5(0.00 %),1600,12060000,0,0,244878357,9.65
26/04/2019,110900,842750000,7.5(0.00 %),130900,994750000,20000,152000000,244767457,9.66
02/05/2019,-364100,-2729250000,7.5(0.00 %),0,0,364100,2729250000,243982142,0.0
03/05/2019,-20000,-149000000,7.4(-1.33 %),0,0,20000,149000000,244002142,9.73
06/05/2019,40000,290000000,7.3(-1.35 %),60000,438000000,20000,148000000,243962142,9.73
07/05/2019,0,0,7.3(0.00 %),0,0,0,0,243962142,9.73
08/05/2019,-10700,-76680000,7.4(1.37 %),14300,105820000,25000,182500000,243972842,9.73
09/05/2019,0,0,7.4(0.00 %),0,0,0,0,243972842,9.73
10/05/2019,0,0,7.4(0.00 %),0,0,0,0,243972842,9.73
13/05/2019,29100,215340000,7.4(0.00 %),50000,370000000,20900,154660000,243943742,9.73
14/05/2019,218,1593200,7.3(-1.35 %),218,1593200,0,0,243943524,9.73
15/05/2019,0,0,7.4(1.37 %),0,0,0,0,243943524,9.73
16/05/2019,20500,151700000,7.4(0.00 %),40500,299700000,20000,148000000,243923024,9.73
17/05/2019,0,0,7.3(-1.35 %),0,0,0,0,243923024,9.73
20/05/2019,0,0,7.3(0.00 %),0,0,0,0,243923024,9.73
27/05/2019,61500,436650000,7.1(0.00 %),61500,436650000,0,0,243861524,9.74
28/05/2019,210200,1492420000,7.1(0.00 %),210200,1492420000,0,0,243651324,9.76
29/05/2019,-2500,-17750000,7.1(0.00 %),17500,124250000,20000,142000000,243653824,9.76
30/05/2019,246500,1752885000,7.2(1.41 %),248950,1770035000,2450,17150000,243407324,9.78
31/05/2019,25500,181050000,7(-2.78 %),29000,205900000,3500,24850000,243381824,9.78
03/06/2019,33000,231100000,7(0.00 %),33000,231100000,0,0,244242354,9.71
04/06/2019,-300880,-2106160000,7(0.00 %),15020,105140000,315900,2211300000,244242354,9.71
05/06/2019,12100,84910000,7(0.00 %),12100,84910000,0,0,244230254,9.71
06/06/2019,-490,-3380000,7(0.00 %),10,70000,500,3450000,244230744,9.71
07/06/2019,3000,21000000,7.1(1.43 %),3000,21000000,0,0,244227744,9.71
10/06/2019,-8000,-56000000,7(-1.41 %),0,0,8000,56000000,244235744,9.71
11/06/2019,240300,1682100000,7(0.00 %),240300,1682100000,0,0,243995444,9.73
12/06/2019,0,0,7(0.00 %),0,0,0,0,243995444,9.73
13/06/2019,603000,4221000000,7(0.00 %),603000,4221000000,0,0,243392444,9.78
14/06/2019,31500,220500000,7(0.00 %),31500,220500000,0,0,243360944,9.78
17/06/2019,16000,112400000,7(0.00 %),20000,140000000,4000,27600000,243344944,9.78
18/06/2019,-2100,-14490000,7(0.00 %),0,0,2100,14490000,243347044,9.78
19/06/2019,50000,350000000,7(0.00 %),50000,350000000,0,0,243297044,9.79
20/06/2019,45000,315500000,7.1(1.43 %),50000,350000000,5000,34500000,243252044,9.79
21/06/2019,5953,42271000,7(-1.41 %),6000,42600000,47,329000,243246091,9.79
24/06/2019,149279,1044953000,7(0.00 %),150100,1050700000,821,5747000,243096812,9.8
25/06/2019,-9700,-66580000,7(0.00 %),3500,24500000,13200,91080000,243106512,9.8
26/06/2019,15000,103500000,6.9(-1.43 %),15000,103500000,0,0,243091512,9.8
27/06/2019,-1490,-10280000,6.8(-1.45 %),1510,10420000,3000,20700000,243093002,9.8
28/06/2019,28700,195160000,6.8(0.00 %),28700,195160000,0,0,243064302,0.0
01/07/2019,-2000,-13800000,6.8(0.00 %),0,0,2000,13800000,243067252,9.81
02/07/2019,-1049900,-7072050000,6.7(-1.47 %),50800,345860000,1100700,7417910000,244117152,9.72
03/07/2019,200000,1340000000,6.7(0.00 %),200000,1340000000,0,0,243917152,9.73
04/07/2019,241400,1628020000,6.8(1.49 %),241400,1628020000,0,0,243675752,0.0
05/07/2019,198900,1352520000,6.8(0.00 %),198900,1352520000,0,0,243476852,9.77
08/07/2019,17800,121040000,6.7(-1.47 %),17800,121040000,0,0,243459052,9.77
09/07/2019,6600,44880000,6.7(0.00 %),6600,44880000,0,0,243452452,9.77
10/07/2019,39500,268600000,6.7(0.00 %),39500,268600000,0,0,243412952,9.78
11/07/2019,-140000,-937000000,6.8(1.49 %),10000,68000000,150000,1005000000,243552952,9.76
12/07/2019,1200,8040000,6.7(-1.47 %),1200,8040000,0,0,243551752,9.76
15/07/2019,28300,192440000,6.7(0.00 %),28300,192440000,0,0,243523452,9.77
16/07/2019,600,4020000,6.7(0.00 %),600,4020000,0,0,243522852,9.77
17/07/2019,-10000,-68000000,6.8(1.49 %),0,0,10000,68000000,243532852,9.77
18/07/2019,43200,293760000,6.8(0.00 %),43200,293760000,0,0,243489652,9.77
19/07/2019,394300,2702680000,6.9(1.47 %),414600,2840720000,20300,138040000,243095352,9.8
22/07/2019,-6000,-40800000,6.8(-1.45 %),4100,27880000,10100,68680000,243101352,9.8
23/07/2019,3100,21080000,6.8(0.00 %),15100,102680000,12000,81600000,243098252,9.8
24/07/2019,26425,182690000,6.8(0.00 %),48600,335340000,22175,152650000,243071827,9.8
25/07/2019,5400,37760000,6.9(1.47 %),12900,89010000,7500,51250000,243066427,9.81
26/07/2019,89500,614600000,6.9(0.00 %),89500,614600000,0,0,242976927,9.81
29/07/2019,1600,10730000,6.8(-1.45 %),1600,10730000,0,0,242975327,9.81
30/07/2019,10000,68000000,6.6(-2.94 %),10000,68000000,0,0,242965327,9.81
31/07/2019,604300,3927960000,6.6(0.00 %),604300,3927960000,0,0,242361027,9.86
01/08/2019,-39900,-263340000,6.6(0.00 %),100,660000,40000,264000000,242366077,9.86
02/08/2019,0,0,6.6(0.00 %),0,0,0,0,242366077,9.86
05/08/2019,220800,1435200000,6.5(-1.52 %),220800,1435200000,0,0,242145277,9.88
06/08/2019,-73220,-468508000,6.4(-1.54 %),200,1280000,73420,469788000,242218497,9.88
07/08/2019,1100,7050000,6.4(0.00 %),1100,7050000,0,0,242217397,9.88
08/08/2019,10400,66560000,6.4(0.00 %),10400,66560000,0,0,242206997,9.88
09/08/2019,200000,1300000000,6.4(0.00 %),200000,1300000000,0,0,242006997,9.89
12/08/2019,10,65000,6.4(0.00 %),10,65000,0,0,242006987,9.89
13/08/2019,7300,46720000,6.4(0.00 %),10000,64000000,2700,17280000,241999687,0.0
14/08/2019,400,2560000,6.4(0.00 %),1500,9600000,1100,7040000,241999287,0.0
15/08/2019,-40000,-252000000,6.3(-1.56 %),0,0,40000,252000000,242039287,0.0
16/08/2019,-9000,-56700000,6.3(0.00 %),1000,6300000,10000,63000000,242048287,9.89
19/08/2019,194000,1222200000,6.3(0.00 %),200000,1260000000,6000,37800000,241854287,9.91
20/08/2019,0,0,6.2(-1.59 %),0,0,0,0,241854287,9.91
21/08/2019,-1178713,-7328750600,6.1(-1.61 %),308000,1878800000,1486713,9207550600,243033000,9.81
22/08/2019,-52000,-317200000,6.1(0.00 %),20000,122000000,72000,439200000,243085000,9.8
23/08/2019,1163860,7228396000,6.3(3.28 %),1190000,7388000000,26140,159604000,241921140,9.9
26/08/2019,477000,2967400000,6.3(0.00 %),500000,3110000000,23000,142600000,241444140,9.94
27/08/2019,1014100,6388830000,6.3(0.00 %),1014100,6388830000,0,0,240430040,10.02
28/08/2019,1129500,7126730000,6.3(0.00 %),1130000,7129880000,500,3150000,239300540,0.1
29/08/2019,199700,1258410000,6.3(0.00 %),203000,1279200000,3300,20790000,239100840,10.13
30/08/2019,497500,3134300000,6.3(0.00 %),500500,3153200000,3000,18900000,238603340,10.18
03/09/2019,1012500,6373750000,6.2(-1.59 %),1015500,6392650000,3000,18900000,238636940,10.17
04/09/2019,-20500,-125200000,6.3(1.61 %),19000,119700000,39500,244900000,238657440,10.17
05/09/2019,4500,27900000,6.2(-1.59 %),4500,27900000,0,0,238652940,10.17
06/09/2019,25000,182500000,6.2(0.00 %),80000,496000000,55000,313500000,238627940,10.17
09/09/2019,0,0,6.2(0.00 %),0,0,0,0,238572940,10.18
10/09/2019,-14000,-86800000,6.2(0.00 %),0,0,14000,86800000,238586940,10.18
11/09/2019,-747,-4556700,6.2(0.00 %),0,0,747,4556700,238587687,10.18
12/09/2019,10000,62100000,6.2(0.00 %),10000,62100000,0,0,238577687,10.18
13/09/2019,1800,10860000,6.3(1.61 %),4800,29760000,3000,18900000,238575887,0.0
16/09/2019,287000,1817100000,6.4(1.59 %),292000,1848600000,5000,31500000,238288887,10.2
17/09/2019,622000,3918720000,6.3(-1.56 %),622000,3918720000,0,0,237666887,10.25
18/09/2019,12000,75720000,6.3(0.00 %),12000,75720000,0,0,237654887,10.25
19/09/2019,1024900,6637400000,6.6(4.76 %),1030500,6673240000,5600,35840000,236629987,10.34
20/09/2019,31800,209890000,6.5(-1.52 %),31800,209890000,0,0,236598187,10.34
23/09/2019,999500,6596700000,6.6(1.54 %),1000100,6600660000,600,3960000,235598687,10.43
24/09/2019,70200,463150000,6.5(-1.52 %),70200,463150000,0,0,235528487,10.43
25/09/2019,34000,221000000,6.5(0.00 %),34000,221000000,0,0,235494487,10.43
26/09/2019,-10000,-66000000,6.7(3.08 %),0,0,10000,66000000,235504487,10.43
27/09/2019,37700,253680000,6.6(-1.49 %),67700,451680000,30000,198000000,235466787,10.44
30/09/2019,500,3350000,6.6(0.00 %),500,3350000,0,0,235466287,10.44
01/10/2019,93600,617760000,6.6(0.00 %),93600,617760000,0,0,234441387,10.52
02/10/2019,-8285,-54272500,6.5(-1.52 %),400,2640000,8685,56912500,234449672,10.52
03/10/2019,0,0,6.6(1.54 %),0,0,0,0,234449672,10.52
04/10/2019,500,3300000,6.5(-1.52 %),500,3300000,0,0,234449172,10.52
07/10/2019,71500,464600000,6.5(0.00 %),71500,464600000,0,0,234377672,10.53
08/10/2019,251690,1635985000,6.5(0.00 %),254100,1651650000,2410,15665000,234125982,10.55
09/10/2019,72700,479820000,6.5(0.00 %),72700,479820000,0,0,234053282,10.55
10/10/2019,0,0,6.5(0.00 %),0,0,0,0,234053282,10.55
11/10/2019,-1500,-9900000,6.6(1.54 %),0,0,1500,9900000,234054782,10.55
14/10/2019,-10000,-67000000,6.7(1.52 %),0,0,10000,67000000,234064782,10.55
15/10/2019,0,0,6.7(0.00 %),0,0,0,0,234064782,10.55
16/10/2019,1100,7370000,6.7(0.00 %),1100,7370000,0,0,234063682,10.55
17/10/2019,0,0,6.7(0.00 %),0,0,0,0,234063682,10.55
18/10/2019,170000,1132000000,6.6(-1.49 %),170000,1132000000,0,0,233893682,10.57
21/10/2019,101300,658450000,6.5(-1.52 %),101300,658450000,0,0,233792382,10.58
22/10/2019,740400,4812600000,6.6(1.54 %),740400,4812600000,0,0,233051982,10.64
23/10/2019,-5000,-32500000,6.5(-1.52 %),0,0,5000,32500000,233056982,10.64
24/10/2019,45700,301620000,6.6(1.54 %),45700,301620000,0,0,233011282,10.64
25/10/2019,0,0,6.5(-1.52 %),0,0,0,0,233011282,10.64
28/10/2019,28684,192184400,6.7(3.08 %),30000,201000000,1316,8815600,232982598,10.64
29/10/2019,400,2680000,6.6(-1.49 %),400,2680000,0,0,232982198,10.64
30/10/2019,1900,12580000,6.6(0.00 %),1900,12580000,0,0,232980298,10.64
31/10/2019,-23980,-158146000,6.6(0.00 %),5220,34574000,29200,192720000,233004278,10.64
01/11/2019,20000,134000000,6.6(0.00 %),20000,134000000,0,0,232911478,10.65
04/11/2019,23800,161460000,6.7(1.52 %),23800,161460000,0,0,232887678,10.65
05/11/2019,17000,113900000,6.7(0.00 %),17000,113900000,0,0,232870678,10.65
06/11/2019,100,670000,6.7(0.00 %),100,670000,0,0,232870578,10.65
07/11/2019,835850,5600260000,6.8(1.49 %),835850,5600260000,0,0,232034728,10.72
08/11/2019,198000,1346400000,6.8(0.00 %),200000,1360000000,2000,13600000,231836728,10.74
11/11/2019,35600,242030000,6.7(-1.47 %),35600,242030000,0,0,231801128,10.74
12/11/2019,327300,2205910000,6.7(0.00 %),332800,2242760000,5500,36850000,231473828,10.77
13/11/2019,201800,1352110000,6.7(0.00 %),202200,1354790000,400,2680000,231272028,10.79
14/11/2019,15000,99000000,6.6(-1.49 %),15000,99000000,0,0,231257028,10.79
15/11/2019,1935,12771000,6.6(0.00 %),2000,13200000,65,429000,231255093,10.79
18/11/2019,188000,1240800000,6.5(-1.52 %),188000,1240800000,0,0,231067093,10.8
19/11/2019,-7500,-48750000,6.5(0.00 %),0,0,7500,48750000,231074593,10.8
20/11/2019,430900,2800850000,6.6(1.54 %),433900,2820350000,3000,19500000,230643693,10.84
21/11/2019,-90000,-585000000,6.5(-1.52 %),60000,390000000,150000,975000000,230733693,10.83
22/11/2019,0,0,6.4(-1.54 %),0,0,0,0,230733693,10.83
25/11/2019,341000,2182400000,6.4(0.00 %),341000,2182400000,0,0,230392693,10.86
26/11/2019,149998,959987200,6.4(0.00 %),150000,960000000,2,12800,230242695,10.87
27/11/2019,8000,52500000,6.3(-1.56 %),13000,84500000,5000,32000000,230234695,10.87
28/11/2019,0,0,6.2(-1.59 %),0,0,0,0,230234695,10.87
29/11/2019,51400,312180000,6(-3.23 %),51400,312180000,0,0,230183295,10.88
02/12/2019,1400,8400000,5.9(-1.67 %),1400,8400000,0,0,230333595,10.86
03/12/2019,1400,8540000,6(1.69 %),1400,8540000,0,0,230332195,10.86
04/12/2019,131300,800800000,6.1(1.67 %),131300,800800000,0,0,230200895,0.01
05/12/2019,-25,-152500,6.1(0.00 %),0,0,25,152500,230200920,10.87
06/12/2019,28700,175070000,6.1(0.00 %),28700,175070000,0,0,230172220,10.88
09/12/2019,-400,-2430000,6.1(0.00 %),600,3670000,1000,6100000,230172620,10.88
10/12/2019,16200,97320000,6(-1.64 %),16200,97320000,0,0,230156420,10.88
11/12/2019,-478000,-2868920000,6.1(1.67 %),0,0,478000,2868920000,230634420,10.84
12/12/2019,-118800,-712800000,6(-1.64 %),0,0,118800,712800000,230753220,10.83
13/12/2019,-377055,-2263450000,6(0.00 %),0,0,377055,2263450000,231130275,10.8
16/12/2019,-514800,-3295380000,6.4(6.67 %),12700,82450000,527500,3377830000,231645075,10.75
17/12/2019,-489400,-3102910000,6.3(-1.56 %),3400,21470000,492800,3124380000,232134475,10.71
18/12/2019,-278100,-1728200000,6.2(-1.59 %),54100,340830000,332200,2069030000,232412575,10.69
19/12/2019,-617900,-3789610000,6.2(0.00 %),3400,20750000,621300,3810360000,233030475,10.64
20/12/2019,19300,119660000,6.2(0.00 %),19300,119660000,0,0,233011175,10.64
23/12/2019,0,0,6.2(0.00 %),0,0,0,0,233011175,0.0
24/12/2019,24000,148800000,6.2(0.00 %),24000,148800000,0,0,232987175,10.64
25/12/2019,0,0,6.2(0.00 %),0,0,0,0,232987175,10.64
26/12/2019,0,0,6.1(-1.61 %),0,0,0,0,232987175,10.64
27/12/2019,7300,46690000,6.4(4.92 %),7300,46690000,0,0,232979875,10.64
30/12/2019,124300,808680000,6.4(0.00 %),131600,855400000,7300,46720000,232855575,10.65
31/12/2019,-60,-376000,6.5(1.56 %),10,65000,70,441000,232855635,10.65
02/01/2020,3200,21400000,6.7(3.08 %),3200,21400000,0,0,232803414,10.66
03/01/2020,59900,399710000,6.5(-2.99 %),60400,402960000,500,3250000,232743514,10.66
06/01/2020,1000,6500000,6.4(-1.54 %),1000,6500000,0,0,232742514,10.66
07/01/2020,-500,-3250000,6.4(0.00 %),0,0,500,3250000,232743014,10.66
08/01/2020,-22800,-145920000,6.4(0.00 %),18000,115200000,40800,261120000,232765814,10.66
09/01/2020,0,0,6.5(1.56 %),0,0,0,0,232765814,10.66
10/01/2020,-63300,-442950000,7.1(9.23 %),11100,78160000,74400,521110000,232829114,10.66
13/01/2020,12100,87190000,7.2(1.41 %),18100,130390000,6000,43200000,232817014,10.66
14/01/2020,192200,1396840000,7.2(0.00 %),222200,1615840000,30000,219000000,232624814,10.67
15/01/2020,0,0,7.4(2.78 %),0,0,0,0,232624814,10.67
16/01/2020,-36800,-279690000,7.5(1.35 %),29400,223390000,66200,503080000,232569584,10.68
17/01/2020,20900,157680000,7.3(-2.67 %),20900,157680000,0,0,232578684,10.68
20/01/2020,104500,757840000,7.2(-1.37 %),124500,901840000,20000,144000000,232454184,10.69
21/01/2020,600,4460000,7.4(2.78 %),600,4460000,0,0,232519784,10.68
22/01/2020,46200,354330000,7.7(4.05 %),79200,601830000,33000,247500000,232473584,10.69
30/01/2020,-206900,-1584730000,7.5(-2.60 %),100,770000,207000,1585500000,232680484,10.67
31/01/2020,-167500,-1267490000,7.5(0.00 %),4300,32550000,171800,1300040000,232847984,10.65
03/02/2020,-1828500,-14182400000,7.9(5.33 %),85800,643170000,1914300,14825570000,232489184,10.68
04/02/2020,-549000,-3683300000,6.8(4.62 %),1000,6700000,550000,3690000000,233038184,10.64
05/02/2020,-142271,-1073628300,7.4(8.82 %),208229,1494871700,350500,2568500000,233180455,10.63
06/02/2020,-613700,-4694450000,7.6(2.70 %),700,5320000,614400,4699770000,233794155,10.58
07/02/2020,349100,2568520000,7.1(-6.58 %),350800,2580930000,1700,12410000,233445055,10.6
10/02/2020,-190000,-1318280000,6.8(-4.23 %),140100,979710000,330100,2297990000,233635055,10.59
11/02/2020,-5400,-38400000,7.2(5.88 %),0,0,5400,38400000,233640455,10.59
12/02/2020,42800,312490000,7.3(1.39 %),45700,333610000,2900,21120000,233597655,10.59
13/02/2020,407018,2929522200,7.2(-1.37 %),416100,2994920000,9082,65397800,233190637,10.63
14/02/2020,-1700,-12340000,7.3(1.39 %),0,0,1700,12340000,233192337,10.63
17/02/2020,-99700,-737380000,7.4(1.37 %),0,0,99700,737380000,233292037,10.62
18/02/2020,-300,-2180000,7.3(-1.35 %),200,1470000,500,3650000,233292337,10.62
19/02/2020,-18900,-134190000,7(-4.11 %),70200,498420000,89100,632610000,233311237,10.62
20/02/2020,-2297770,-15889800000,6.9(-1.43 %),93700,656540000,2391470,16546340000,235609007,10.42
21/02/2020,-76900,-538650000,6.9(0.00 %),8500,59150000,85400,597800000,235685907,0.0
24/02/2020,-4129000,-28707900000,7.1(2.90 %),6000,40500000,4135000,28748400000,239814907,0.0
25/02/2020,-398600,-2893660000,7.3(2.82 %),104000,748800000,502600,3642460000,240213507,10.04
26/02/2020,-333800,-2564870000,8(9.59 %),8000,62400000,341800,2627270000,240547307,10.01
27/02/2020,-353600,-3020490000,8.8(10.00 %),39700,333510000,393300,3354000000,240900907,9.99
28/02/2020,-251619,-2285534400,9.6(9.09 %),110,1000000,251729,2286534400,241152526,9.96
02/03/2020,-338620,-3417902000,10.5(9.38 %),26780,254448000,365400,3672350000,242688017,0.0
03/03/2020,-5409252,-61264342800,11.3(7.62 %),14948,168887200,5424200,61433230000,248097269,9.39
04/03/2020,-8933775,-102768320000,12(6.19 %),50000,550000000,8983775,103318320000,257031044,8.65
05/03/2020,-23594839,-303854355700,12.9(7.50 %),4610,57970000,23599449,303912325700,280625883,6.68
06/03/2020,-76100,-953480000,12.4(-3.88 %),37600,470990000,113700,1424470000,280701983,6.68
09/03/2020,293,3291600,11.2(-9.68 %),320,3594000,27,302400,280701690,6.68
10/03/2020,-16200,-157100000,10.1(-9.82 %),26500,278980000,42700,436080000,280717890,6.68
11/03/2020,-83446,-914852800,11.1(9.90 %),24219,234299500,107665,1149152300,281661373,6.6
12/03/2020,-507800,-5604990000,11.2(0.90 %),0,0,507800,5604990000,281661400,6.6
13/03/2020,-1472400,-16062450000,11(-1.79 %),200,2140000,1472600,16064590000,283133800,6.48
16/03/2020,-117200,-1273380000,11(0.00 %),0,0,117200,1273380000,283251000,6.47
17/03/2020,-16300,-176360000,11.3(2.73 %),2300,25200000,18600,201560000,283267300,6.47
18/03/2020,-20336,-237196800,11.9(5.31 %),0,0,20336,237196800,283287636,6.46
19/03/2020,-32200,-375620000,11.8(-0.84 %),0,0,32200,375620000,283319836,6.46
20/03/2020,-27405,-321328500,12(1.69 %),0,0,27405,321328500,283347241,12.73
23/03/2020,-127810,-1496347000,11.8(-1.67 %),0,0,127810,1496347000,283475051,12.72
24/03/2020,-19500,-229980000,11.9(0.85 %),0,0,19500,229980000,283494551,12.71
25/03/2020,-35900,-450410000,12.7(6.72 %),100,1210000,36000,451620000,283530451,12.71
26/03/2020,-63228,-784067200,12.5(-1.57 %),0,0,63228,784067200,283593679,12.71
27/03/2020,-1000070,-12390278000,12.4(-0.80 %),60,734000,1000130,12391012000,284593749,12.62
30/03/2020,-273650,-3256132600,11.9(-4.03 %),50,587400,273700,3256720000,284867399,12.6
31/03/2020,9900,119770000,12.2(2.52 %),10000,121000000,100,1230000,284857499,4.02
01/04/2020,-20300,-257780000,12.9(5.74 %),0,0,20300,257780000,334257936,8.5
03/04/2020,-461100,-5967770000,13.3(3.10 %),0,0,461100,5967770000,334719036,8.46
06/04/2020,-97,-1515300,14.6(9.77 %),200,2730000,297,4245300,334719133,8.46
07/04/2020,700,11380000,14.9(2.05 %),5000,73000000,4300,61620000,334718433,8.46
08/04/2020,-1457100,-21368020000,15.5(4.03 %),6400,94080000,1463500,21462100000,336175533,6.9
09/04/2020,-57560,-908980000,16.4(5.81 %),0,0,57560,908980000,336233093,6.89
10/04/2020,-504100,-8798140000,17.5(6.71 %),5000,84430000,509100,8882570000,336737193,0.0
13/04/2020,-576200,-10218480000,17.8(1.71 %),2500,44510000,578700,10262990000,337313393,6.82
14/04/2020,-749670,-13052127000,17.8(0.00 %),12510,218923000,762180,13271050000,338063063,6.77
15/04/2020,-1800,-32070000,18(1.12 %),0,0,1800,32070000,338064863,6.77
16/04/2020,-386800,-6894610000,17.9(-0.56 %),3800,67310000,390600,6961920000,338451663,6.74
17/04/2020,-718500,-12927750000,18(0.56 %),1000,18050000,719500,12945800000,339170163,6.69
20/04/2020,-601700,-10524000000,17.4(-3.33 %),1700,29980000,603400,10553980000,339771863,6.65
21/04/2020,-964900,-15352160000,15.7(-9.77 %),4600,72980000,969500,15425140000,340736763,6.58
22/04/2020,-43000,-676700000,16.2(3.18 %),0,0,43000,676700000,340779763,6.58
23/04/2020,-81535,-1320784000,16.4(1.23 %),565,9266000,82100,1330050000,340861298,6.57
24/04/2020,6000,97200000,16.4(0.00 %),6000,97200000,0,0,340855298,6.57
28/04/2020,-174280,-2725540000,16(-0.62 %),25720,411510000,200000,3137050000,341029578,6.56
29/04/2020,-54200,-860780000,15.9(-0.62 %),1200,19080000,55400,879860000,341083778,6.56
04/05/2020,98090,1529595000,15.6(-1.89 %),253600,3951160000,155510,2421565000,341309193,6.54
05/05/2020,-71700,-1078730000,15.2(-2.56 %),128300,1981620000,200000,3060350000,341380893,6.54
06/05/2020,-222500,-3384210000,15.5(1.97 %),128600,1931180000,351100,5315390000,341603393,6.52
07/05/2020,-275090,-4347183000,16.1(3.87 %),10,157000,275100,4347340000,341878483,6.5
08/05/2020,-503000,-8353470000,17(5.59 %),0,0,503000,8353470000,342381483,6.47
11/05/2020,-83200,-1419400000,17.5(2.94 %),1100,19020000,84300,1438420000,342464683,0.0
12/05/2020,300,5180000,17.3(-1.14 %),300,5180000,0,0,342464383,6.46
13/05/2020,-18182,-313828600,17.3(0.00 %),18,311400,18200,314140000,342482565,6.46
14/05/2020,-318100,-5460790000,17.2(-0.58 %),0,0,318100,5460790000,342800665,6.44
15/05/2020,-603840,-9772583000,15.5(-9.88 %),2500,38750000,606340,9811333000,343404505,0.0
18/05/2020,-286300,-4037810000,14.9(-3.87 %),800,11200000,287100,4049010000,343690805,6.38
19/05/2020,-3600,-52590000,14.5(-2.68 %),2100,31450000,5700,84040000,343694405,6.38
20/05/2020,19950,261345000,13.1(-9.66 %),20000,262000000,50,655000,343674455,6.38
21/05/2020,-180965,-2154377000,12(-8.40 %),16380,193784000,197345,2348161000,343855420,6.37
22/05/2020,-2191370,-27955298000,13.2(10.00 %),8630,112132000,2200000,28067430000,346046790,6.22
25/05/2020,-2002159,-28428678700,14.1(6.82 %),25050,348586400,2027209,28777265100,348048949,6.08
26/05/2020,40176,503321800,14(-0.71 %),163911,2230482800,123735,1727161000,348008773,6.08
28/05/2020,129900,1802580000,14.1(3.68 %),213000,2958090000,83100,1155510000,347878873,6.09
29/05/2020,-1410933,-19548927000,14(-0.71 %),682600,9545685000,2093533,29094612000,349289806,0.0
01/06/2020,-1489105,-20744789000,14.1(0.71 %),907700,12660030000,2396805,33404819000,347259703,6.13
02/06/2020,310300,4365580000,14(-0.71 %),417200,5892180000,106900,1526600000,346949403,6.16
03/06/2020,-1070106,-15878136600,15.2(8.57 %),5500,82000000,1075606,15960136600,348019509,6.08
04/06/2020,-117225,-1858264000,15.9(4.61 %),275,4226000,117500,1862490000,348136734,6.07
05/06/2020,-561383,-8833923100,16(0.63 %),100,1570000,561483,8835493100,348698117,6.04
08/06/2020,-847800,-13849895000,16.4(2.50 %),2700,44015000,850500,13893910000,349545917,0.15
09/06/2020,-315562,-5110534400,16.1(-1.83 %),150,2440000,315712,5112974400,349861479,6.28
10/06/2020,-201730,-3217305000,16.2(0.62 %),101800,1645120000,303530,4862425000,350063209,12.14
11/06/2020,-417796,-6973188700,15.5(-4.32 %),41000,648600000,458796,7621788700,350481005,12.11
12/06/2020,-515980,-7994910000,16(3.23 %),14900,232320000,530880,8227230000,350996985,12.08
15/06/2020,-261580,-4235049200,15.8(-1.25 %),200,3120000,261780,4238169200,351258565,12.06
16/06/2020,-386000,-6154400000,16.1(1.90 %),0,0,386000,6154400000,351644565,12.03
18/06/2020,28300,409440000,14(-3.45 %),29600,428030000,1300,18590000,351616265,12.04
19/06/2020,0,0,14.7(5.00 %),0,0,0,0,351616265,12.04
22/06/2020,-500,-7370000,14.5(-1.36 %),100,1450000,600,8820000,351616765,12.04
23/06/2020,4919,71033400,14.2(-2.07 %),7519,108473400,2600,37440000,351611846,12.04
24/06/2020,-221200,-3146130000,13.9(-2.11 %),200,2880000,221400,3149010000,351833046,12.02
25/06/2020,450,6260000,14.3(2.88 %),2150,29790000,1700,23530000,351832596,12.02
26/06/2020,2010,27822000,14(-2.10 %),7700,108620000,5690,80798000,444780240,-0.57
29/06/2020,-1329,-19291500,13.1(-6.43 %),4900,64800000,6229,84091500,444781569,0.02
30/06/2020,-87957,-1150926700,13(-0.76 %),8700,114030000,96657,1264956700,444869526,5.63
01/07/2020,-18900,-245790000,13.2(1.54 %),900,11610000,19800,257400000,444998440,4.66
02/07/2020,-22680,-297042400,13(-1.52 %),1700,22360000,24380,319402400,445021120,4.65
03/07/2020,24400,317100000,12.8(-1.54 %),24400,317100000,0,0,444996720,4.66
06/07/2020,-44400,-566650000,12.9(0.78 %),0,0,44400,566650000,445041120,4.65
07/07/2020,-74070,-969787000,13.1(1.55 %),1300,17160000,75370,986947000,445115190,4.65
08/07/2020,7900,103780000,13.1(0.00 %),7900,103780000,0,0,445107290,4.65
09/07/2020,1800,23960000,13.3(1.53 %),3000,39700000,1200,15740000,445105490,0.0
10/07/2020,-7800,-102310000,13.1(-1.50 %),5500,73150000,13300,175460000,445113290,4.65
13/07/2020,-3800,-49380000,13(-0.76 %),200,2620000,4000,52000000,445117090,4.65
14/07/2020,-12014,-155080600,13(0.00 %),0,0,12014,155080600,445129104,4.65
15/07/2020,2793,36209700,12.8(-1.54 %),2800,36300000,7,90300,445126311,4.65
16/07/2020,-7800,-99970000,12.9(0.78 %),0,0,7800,99970000,445134111,4.65
17/07/2020,-505200,-6483430000,13(0.78 %),0,0,505200,6483430000,445639311,4.62
20/07/2020,-355107,-4563229600,12.9(-0.77 %),0,0,355107,4563229600,445994418,0.0
21/07/2020,-428600,-5475450000,12.9(0.00 %),1000,12800000,429600,5488250000,446423018,4.57
22/07/2020,-369980,-4714614000,12.7(-1.55 %),20,256000,370000,4714870000,446792998,4.55
23/07/2020,-212900,-2620480000,12.2(-3.94 %),22700,285630000,235600,2906110000,447005898,4.54
24/07/2020,37300,447740000,11.3(-7.38 %),38100,457180000,800,9440000,446480974,4.57
27/07/2020,2600,27160000,10.2(-9.73 %),4500,47300000,1900,20140000,446478374,0.02
28/07/2020,600,6420000,11.2(9.80 %),600,6420000,0,0,447081474,4.54
29/07/2020,2200,23790000,11.9(6.25 %),2800,30030000,600,6240000,447079274,4.54
30/07/2020,-12100,-143960000,11.9(0.00 %),200,2410000,12300,146370000,447091374,4.54
31/07/2020,0,0,11.8(-0.84 %),0,0,0,0,447091374,4.54
03/08/2020,-34300,-405130000,12.1(2.54 %),200,2420000,34500,407550000,447081774,4.54
04/08/2020,-89606,-1098862300,12.6(4.13 %),200,2440000,89806,1101302300,447171380,4.53
05/08/2020,-6000,-76200000,12.9(2.38 %),0,0,6000,76200000,447177380,4.53
06/08/2020,-15000,-190000000,12.8(-0.78 %),0,0,15000,190000000,447192380,0.0
07/08/2020,0,0,12.5(-2.34 %),0,0,0,0,447192380,4.53
10/08/2020,-10000,-127000000,12.7(1.60 %),0,0,10000,127000000,447202380,0.0
11/08/2020,-19500,-245700000,12.6(-0.79 %),500,6300000,20000,252000000,447221880,4.53
12/08/2020,-11100,-139850000,12.6(0.00 %),0,0,11100,139850000,447232980,4.53
13/08/2020,-16400,-206710000,12.7(0.79 %),0,0,16400,206710000,447249380,4.53
14/08/2020,-518400,-6466560000,12.5(-1.57 %),0,0,518400,6466560000,447767780,4.5
17/08/2020,0,0,12.5(0.00 %),0,0,0,0,447767780,4.5
18/08/2020,0,0,12.4(-0.80 %),0,0,0,0,447767780,4.5
19/08/2020,-4317,-58344400,13.6(9.68 %),1500,20300000,5817,78644400,447772097,4.5
20/08/2020,0,0,13.4(-1.47 %),0,0,0,0,447772097,4.5
21/08/2020,1200,16140000,13.4(0.00 %),1200,16140000,0,0,447770897,4.5
24/08/2020,-96200,-1315200000,13.7(2.24 %),0,0,96200,1315200000,447867097,4.49
25/08/2020,-46100,-630380000,13.6(-0.73 %),300,4080000,46400,634460000,447913197,4.49
26/08/2020,7332,98982000,13.4(-1.47 %),7400,99900000,68,918000,447905865,4.49
27/08/2020,-117700,-1577180000,13.6(1.49 %),0,0,117700,1577180000,448023565,4.48
28/08/2020,4100,57250000,14(2.94 %),9700,136770000,5600,79520000,448019465,4.48
31/08/2020,-354385,-4924860000,13.9(-0.71 %),5000,70600000,359385,4995460000,448373850,4.46
01/09/2020,100,1380000,14.1(1.44 %),100,1380000,0,0,448055466,4.48
03/09/2020,-45,-627600,14.1(0.00 %),0,0,45,627600,448055511,4.48
04/09/2020,0,0,14(-0.71 %),0,0,0,0,448055511,4.48
07/09/2020,19000,265000000,13.8(-1.43 %),28000,389200000,9000,124200000,448036511,4.48
08/09/2020,0,0,13.8(0.00 %),0,0,0,0,448036511,4.48
09/09/2020,169936,2313473200,13.9(0.72 %),280500,3832930000,110564,1519456800,448111896,4.48
10/09/2020,449900,6273020000,13.9(0.00 %),450100,6275800000,200,2780000,447661996,4.5
11/09/2020,1520900,21332230000,14.6(5.04 %),1523000,21362850000,2100,30620000,446141096,4.59
14/09/2020,-290000,-4227000000,14.5(-0.68 %),5100,73840000,295100,4300840000,446431096,4.57
15/09/2020,-364900,-5293420000,14.5(0.00 %),0,0,364900,5293420000,446795996,4.55
16/09/2020,-100000,-1442200000,14.3(-1.38 %),2000,28800000,102000,1471000000,446895996,4.55
17/09/2020,-1099578,-15965670400,14.4(0.70 %),5000,72500000,1104578,16038170400,447995574,4.49
18/09/2020,-461200,-6687300000,14.5(0.69 %),0,0,461200,6687300000,448456774,4.46
21/09/2020,-18002,-273620200,15(3.45 %),100,1530000,18102,275150200,448474776,4.46
22/09/2020,-19359,-300872700,15.4(2.67 %),2600,39000000,21959,339872700,448494135,0.0
23/09/2020,-61860,-958824000,15.5(0.65 %),0,0,61860,958824000,448555995,4.45
24/09/2020,55700,863080000,15.4(-0.65 %),55700,863080000,0,0,448500295,4.46
25/09/2020,23700,364990000,15.4(0.00 %),23800,366520000,100,1530000,448476595,4.46
28/09/2020,-26001,-405615600,15.6(1.30 %),0,0,26001,405615600,448502596,4.46
29/09/2020,2300,35930000,15.2(-2.56 %),2300,35930000,0,0,448500296,4.46
30/09/2020,102100,1559980000,15.4(1.32 %),105600,1613230000,3500,53250000,448398196,4.46
01/10/2020,-42772,-657841600,15.4(0.00 %),3000,46200000,45772,704041600,448514260,4.46
02/10/2020,-2900,-44950000,15.4(0.00 %),0,0,2900,44950000,448517160,4.46
05/10/2020,1900,29340000,15.6(1.30 %),1900,29340000,0,0,448515260,4.46
06/10/2020,-51136,-792458000,15.4(-1.28 %),1500,23400000,52636,815858000,448566396,0.0
07/10/2020,-8200,-127100000,15.4(0.00 %),0,0,8200,127100000,448574596,4.45
08/10/2020,-13100,-200330000,15.4(0.00 %),1900,29170000,15000,229500000,448587696,4.45
09/10/2020,-18532,-285672800,15.6(1.30 %),0,0,18532,285672800,448606228,4.45
12/10/2020,-52925,-835940000,15.5(-0.64 %),1675,26450000,54600,862390000,448659153,4.45
13/10/2020,-90,-1395000,15.4(-0.65 %),0,0,90,1395000,448659243,4.45
14/10/2020,44661,682365500,15.6(1.30 %),54500,833990000,9839,151624500,448614582,4.45
15/10/2020,215463,3546518000,16.3(4.49 %),309700,5063550000,94237,1517032000,448399119,4.46
16/10/2020,300,4920000,16.2(-0.61 %),300,4920000,0,0,448398819,4.46
19/10/2020,-63990,-1029229000,16(-1.23 %),100,1620000,64090,1030849000,448462809,4.46
20/10/2020,-61600,-974500000,15.8(-1.25 %),600,9480000,62200,983980000,448524409,4.46
21/10/2020,44800,712570000,15.8(0.00 %),59100,939940000,14300,227370000,448479609,4.46
22/10/2020,-157800,-2477000000,15.7(-0.63 %),11000,172740000,168800,2649740000,448637409,4.45
23/10/2020,-444658,-7131848000,16.1(2.55 %),6000,97200000,450658,7229048000,449082067,4.42
26/10/2020,-53641,-873503500,15.9(-1.24 %),11500,187430000,65141,1060933500,449135708,4.42
27/10/2020,-26260,-414898000,15.7(-1.26 %),3209409,51029589100,3235669,51444487100,449161968,0.0
28/10/2020,61900,964910000,15(-4.46 %),62200,969570000,300,4660000,449100068,0.0
29/10/2020,-4400,-65400000,15.1(0.67 %),4000,60600000,8400,126000000,449104468,4.42
30/10/2020,204500,3152330000,15.4(1.99 %),214600,3304840000,10100,152510000,448899968,4.43
02/11/2020,0,0,15.6(1.30 %),0,0,0,0,449142040,4.42
03/11/2020,-58800,-929040000,15.8(1.28 %),0,0,58800,929040000,449200840,4.42
04/11/2020,24500,389550000,16(1.27 %),25000,397500000,500,7950000,449176340,4.42
05/11/2020,10000,158000000,15.8(-1.25 %),10000,158000000,0,0,449166340,4.42
06/11/2020,-800,-13090000,16.1(1.90 %),1500,23700000,2300,36790000,449167140,4.42
09/11/2020,3100,43400000,17(5.59 %),19000,313700000,15900,270300000,449164040,4.42
10/11/2020,8400,143670000,17(0.00 %),9000,153880000,600,10210000,449155640,4.42
11/11/2020,55700,940660000,17(0.00 %),55800,942360000,100,1700000,449099940,4.42
12/11/2020,-82700,-1433340000,17.5(2.94 %),1500,25350000,84200,1458690000,449182640,4.42
13/11/2020,300,5190000,17.3(-1.14 %),300,5190000,0,0,449182340,4.42
16/11/2020,-19000,-322200000,17(-1.73 %),8000,136800000,27000,459000000,449201340,4.42
17/11/2020,-7300,-123680000,17.3(1.76 %),400,6800000,7700,130480000,449208640,4.42
18/11/2020,400,6840000,17.3(0.00 %),400,6840000,0,0,449208240,0.0
19/11/2020,-13500,-229800000,17.1(-1.16 %),900,15340000,14400,245140000,449221740,4.42
20/11/2020,15200,259900000,17.1(0.00 %),15700,268450000,500,8550000,449206540,4.42
24/11/2020,-3400,-57330000,16.9(-0.59 %),2600,43470000,6000,100800000,449007540,4.43
25/11/2020,0,0,17.1(1.18 %),0,0,0,0,449008040,4.43
26/11/2020,-9275,-159637500,17.1(0.00 %),500,8470000,9775,168107500,449017315,4.43
27/11/2020,200,3350000,17(-0.58 %),500,8450000,300,5100000,449023440,4.43
30/11/2020,-33900,-576300000,17(0.00 %),0,0,33900,576300000,449057340,4.42
01/12/2020,-147100,-2516060000,17.3(1.76 %),400,6840000,147500,2522900000,449033215,4.43
02/12/2020,136400,2373160000,17.4(0.58 %),136500,2374890000,100,1730000,448896815,4.43
03/12/2020,420,7298000,17.3(-0.57 %),500,8690000,80,1392000,448896395,4.43
04/12/2020,51200,875530000,17(-1.73 %),55300,945640000,4100,70110000,448845195,4.44
07/12/2020,17,289000,17.1(0.59 %),5200,88400000,5183,88111000,448845178,4.44
08/12/2020,3200,56220000,17.5(2.34 %),5200,91020000,2000,34800000,448841978,4.44
09/12/2020,90700,1585550000,17.4(-0.57 %),145300,2546510000,54600,960960000,448751278,4.44
10/12/2020,192540,3326740100,17.1(-1.72 %),192600,3327780000,60,1039900,448558738,4.45
11/12/2020,236200,4061570000,17.3(1.17 %),245200,4215370000,9000,153800000,448322538,4.47
14/12/2020,1866,31774800,17.2(-0.58 %),5100,87720000,3234,55945200,448320672,4.47
15/12/2020,-187400,-3207120000,17(-1.16 %),2600,44710000,190000,3251830000,448508072,4.46
16/12/2020,-189100,-3249800000,17.1(0.59 %),2500,42600000,191600,3292400000,448697172,4.45
17/12/2020,-56600,-989990000,17.1(0.00 %),1300,22390000,57900,1012380000,448753772,4.44
18/12/2020,6400,110300000,17.3(1.17 %),8400,144900000,2000,34600000,448747372,4.44
21/12/2020,48103,850433100,17.9(3.47 %),55700,985920000,7597,135486900,448699269,4.45
22/12/2020,16300,297700000,18.2(1.68 %),18100,330540000,1800,32840000,448682969,0.01
23/12/2020,-4100,-74170000,18(-1.10 %),4500,81460000,8600,155630000,448687069,4.45
25/12/2020,300,5160000,17.4(0.58 %),300,5160000,0,0,448686769,4.45
28/12/2020,21300,375930000,17.4(0.00 %),21300,375930000,0,0,448665469,4.45
29/12/2020,13020,224246000,17.2(-1.15 %),13020,224246000,0,0,448652449,0.01
30/12/2020,12170,207938900,17(-1.16 %),12170,207938900,0,0,448821444,4.44
31/12/2020,-51300,-877640000,17(0.00 %),14300,244120000,65600,1121760000,448872744,0.0
04/01/2021,30600,523260000,17.2(1.18 %),30800,526680000,200,3420000,448776344,0.0
05/01/2021,21500,380440000,17.7(2.91 %),27600,486860000,6100,106420000,448754844,4.44
06/01/2021,-6300,-113520000,17.8(0.56 %),1900,33720000,8200,147240000,448761144,4.44
07/01/2021,-37700,-705660000,19.2(7.87 %),3800,72230000,41500,777890000,448798844,4.44
08/01/2021,28100,535920000,19.1(-0.52 %),35900,685960000,7800,150040000,448770744,4.44
11/01/2021,24031,452162300,18.8(-1.57 %),42300,797470000,18269,345307700,448746713,4.44
12/01/2021,24200,447510000,18.8(0.00 %),24300,449410000,100,1900000,448722513,4.44
13/01/2021,-1844600,-35398050000,19.1(1.60 %),32100,610710000,1876700,36008760000,450567113,4.34
14/01/2021,-1792900,-34263240000,19.1(0.00 %),2200,42320000,1795100,34305560000,452360013,4.24
15/01/2021,1200,21210000,19.2(0.52 %),12100,231670000,10900,210460000,452358813,4.24
18/01/2021,-1816900,-34748420000,18.6(-3.12 %),11900,225420000,1828800,34973840000,454175713,4.13
19/01/2021,-1066000,-18846600000,16.9(-9.14 %),57200,1000980000,1123200,19847580000,455241713,4.07
20/01/2021,-1195000,-19666610000,17.7(4.73 %),17600,282390000,1212600,19949000000,456436713,4.0
21/01/2021,-1509100,-26756180000,17.8(0.56 %),3400,60320000,1512500,26816500000,457945813,3.57
22/01/2021,-1662900,-29094650000,17.4(-2.25 %),67100,1176330000,1730000,30270980000,459608713,3.82
25/01/2021,-1394400,-23629490000,16.7(-4.02 %),14100,238500000,1408500,23867990000,461003113,3.74
26/01/2021,-1280400,-20245720000,16.4(-1.80 %),29700,467700000,1310100,20713420000,462283513,3.67
27/01/2021,-34800,-575100000,15.6(-4.88 %),14200,222500000,49000,797600000,462318313,3.67
28/01/2021,45600,648940000,14.1(-9.62 %),50400,717080000,4800,68140000,462272713,3.67
29/01/2021,24900,348440000,14.6(3.55 %),25200,352550000,300,4110000,462247813,3.67
01/02/2021,4200,59750000,13.5(-7.53 %),4200,59750000,0,0,462308664,3.67
02/02/2021,4518,64841800,14.7(8.89 %),4600,65990000,82,1148200,462308664,3.67
03/02/2021,298500,4518600000,15.5(5.44 %),305000,4619950000,6500,101350000,462010164,3.69
04/02/2021,-10000,-151190000,15.4(-0.65 %),10300,159430000,20300,310620000,462020164,3.69
05/02/2021,-18700,-298480000,16.1(4.55 %),2900,44820000,21600,343300000,462038864,3.69
08/02/2021,33300,544680000,15.1(-6.21 %),114300,1768590000,81000,1223910000,461879110,3.69
09/02/2021,-8000,-118520000,15.5(2.65 %),22000,334480000,30000,453000000,461877410,3.69
17/02/2021,30500,484440000,16.1(3.87 %),35500,564000000,5000,79560000,461846910,0.0
18/02/2021,-900,-14210000,15.8(-1.86 %),2400,38130000,3300,52340000,461864410,3.7
19/02/2021,-4900,-77890000,15.9(0.63 %),200,3180000,5100,81070000,461869310,3.7
22/02/2021,9000,143200000,15.7(-1.26 %),9000,143200000,0,0,461860310,3.7
23/02/2021,-14700,-234360000,16.3(3.82 %),100,1600000,14800,235960000,461875010,3.69
24/02/2021,-2900,-47300000,16(-1.84 %),0,0,2900,47300000,461877910,3.69
25/02/2021,-6500,-102730000,15.9(-0.62 %),9000,142170000,15500,244900000,461884410,3.69
26/02/2021,35000,553220000,15.9(0.00 %),40200,634370000,5200,81150000,461849410,3.7
01/03/2021,17500,277350000,16.2(1.89 %),22500,357950000,5000,80600000,461982010,3.69
02/03/2021,-1000,-16700000,16.1(-0.62 %),1000,16100000,2000,32800000,461983010,3.69
03/03/2021,-12000,-192600000,16.1(0.00 %),700,11200000,12700,203800000,461995010,3.69
04/03/2021,6500,102480000,15.8(-1.86 %),9700,153560000,3200,51080000,461988510,3.69
05/03/2021,3390,52942000,15.8(0.00 %),14500,226590000,11110,173648000,461985120,3.69
08/03/2021,-4900,-78410000,15.8(0.00 %),100,1590000,5000,80000000,461990020,3.69
09/03/2021,8600,135350000,15.7(-0.63 %),8600,135350000,0,0,461981420,3.69
10/03/2021,-8300,-134460000,16.3(3.82 %),0,0,8300,134460000,461989720,3.69
11/03/2021,-12800,-216240000,17.3(6.13 %),15500,264180000,28300,480420000,462002520,3.69
12/03/2021,-41700,-737500000,17.7(2.31 %),4000,69920000,45700,807420000,462044220,3.69
15/03/2021,-13500,-247050000,17.8(0.56 %),11800,214950000,25300,462000000,462057720,3.68
16/03/2021,-65900,-1200820000,18.7(5.06 %),13700,244300000,79600,1445120000,462123620,3.68
17/03/2021,-9314,-177336800,18.9(1.07 %),7800,146990000,17114,324326800,462132934,3.68
18/03/2021,-13300,-258690000,19.5(3.17 %),19600,378670000,32900,637360000,462146234,3.6
19/03/2021,23700,455710000,19.6(0.51 %),42900,828820000,19200,373110000,462122534,3.6
22/03/2021,-424,-8310400,19.2(-2.04 %),300,5820000,724,14130400,460588976,3.77
23/03/2021,-9700,-182630000,18.8(-2.08 %),600,11190000,10300,193820000,460598676,3.69
24/03/2021,1200,20760000,18(-4.26 %),4800,86590000,3600,65830000,460597476,3.69
25/03/2021,-1000,-18150000,17.8(-1.11 %),800,14400000,1800,32550000,460598476,3.69
26/03/2021,-48400,-947570000,19.5(9.55 %),4000,70260000,52400,1017830000,460646876,3.68
29/03/2021,-31077,-624737400,21.4(9.74 %),21700,456830000,52777,1081567400,460677953,3.68
30/03/2021,3938900,90634920000,23.5(9.81 %),4071700,93681820000,132800,3046900000,456739053,3.9
31/03/2021,105700,2483000000,25.7(9.36 %),158500,3777630000,52800,1294630000,456633353,3.91
01/04/2021,-72600,-1859640000,27(5.06 %),8600,217120000,81200,2076760000,456465577,3.92
02/04/2021,1096775,29920025000,27(0.00 %),1123900,30658600000,27125,738575000,455368802,3.98
05/04/2021,-5700,-150510000,24.3(-10.00 %),4600,120380000,10300,270890000,455374502,3.98
06/04/2021,-99800,-2425080000,24.8(2.06 %),1900,46360000,101700,2471440000,455474302,3.98
07/04/2021,40400,1006450000,25(0.81 %),47800,1191450000,7400,185000000,455433902,3.98
08/04/2021,3900,98620000,25.2(0.80 %),9000,225370000,5100,126750000,455430002,3.98
09/04/2021,1700,42670000,25.3(0.40 %),1700,42670000,0,0,455428302,3.99
12/04/2021,12800,324090000,25.4(0.40 %),18000,455360000,5200,131270000,455415502,3.99
13/04/2021,-200,-4020000,25.4(0.00 %),2100,54430000,2300,58450000,455415702,3.99
14/04/2021,33100,854010000,25.7(1.18 %),56400,1449260000,23300,595250000,455382602,2.62
15/04/2021,-14594,-371487000,26(1.17 %),300,7830000,14894,379317000,455397196,3.99
16/04/2021,11100,289940000,25.8(-0.77 %),13000,339300000,1900,49360000,455386096,3.99
19/04/2021,-209200,-5550150000,26.8(3.88 %),9000,235970000,218200,5786120000,455595296,3.98
20/04/2021,22100,599970000,27.5(2.61 %),25500,691600000,3400,91630000,455573196,3.98
22/04/2021,-8300,-229930000,27.7(0.73 %),42100,1162570000,50400,1392500000,455581496,3.98
23/04/2021,26800,711020000,27(-2.53 %),39300,1043090000,12500,332070000,455554696,3.98
26/04/2021,10000,268360000,27.1(0.37 %),15100,408100000,5100,139740000,455544696,3.98
27/04/2021,-3400,-93190000,27.2(0.37 %),5000,134510000,8400,227700000,455548096,3.98
28/04/2021,200,5440000,27.4(0.74 %),200,5440000,0,0,455547896,3.98
29/04/2021,-181000,-4958500000,27.4(0.00 %),0,0,181000,4958500000,455728896,3.97
04/05/2021,-6600,-176240000,26.3(-4.01 %),5400,144160000,12000,320400000,455806096,3.97
05/05/2021,-20900,-551360000,26.4(0.38 %),3200,83960000,24100,635320000,455826996,3.97
06/05/2021,37600,935250000,24.5(2.08 %),37900,942720000,300,7470000,455789396,3.97
07/05/2021,49400,1186320000,24.5(0.00 %),49700,1193470000,300,7150000,455739996,3.97
10/05/2021,-26500,-643000000,24(-2.04 %),500,12000000,27000,655000000,455766496,3.97
11/05/2021,-295420,-7133502000,23.5(-2.08 %),4680,111398000,300100,7244900000,456061916,3.95
12/05/2021,-31200,-726260000,23.7(0.85 %),0,0,31200,726260000,456093116,3.95
13/05/2021,4800,115770000,26(9.70 %),17800,439070000,13000,323300000,456088316,3.95
14/05/2021,3530,99033000,28.6(10.00 %),18430,513903000,14900,414870000,456084786,3.95
17/05/2021,-10110,-302685000,29.7(3.85 %),17890,523635000,28000,826320000,456094896,3.95
18/05/2021,5000,144750000,29.3(-1.35 %),11100,321280000,6100,176530000,456089896,3.95
19/05/2021,-918400,-26580850000,29.4(0.34 %),14800,428950000,933200,27009800000,457008296,3.9
20/05/2021,-7000,-203910000,29(-1.36 %),6500,190450000,13500,394360000,457015296,3.9
21/05/2021,1800,63410000,29.1(0.34 %),17200,509250000,15400,445840000,457013496,3.9
24/05/2021,-86800,-2516030000,29.2(0.34 %),4500,129150000,91300,2645180000,457100296,3.9
25/05/2021,1250,35925000,29.4(0.68 %),1250,35925000,0,0,457099046,3.9
26/05/2021,127600,3847060000,30(2.04 %),136200,4106110000,8600,259050000,456971446,3.9
27/05/2021,1727799,51234539900,29.5(-1.67 %),1732000,51359590000,4201,125050100,455243647,4.0
28/05/2021,129800,3862120000,30.2(2.37 %),146700,4364240000,16900,502120000,455113847,4.01
31/05/2021,50200,1530830000,30.4(0.66 %),53700,1636980000,3500,106150000,455063647,4.01
01/06/2021,-14200,-449700000,31(1.97 %),3200,99280000,17400,548980000,455280346,4.0
02/06/2021,38300,1173010000,31.1(0.32 %),45900,1404500000,7600,231490000,455242046,7.0
03/06/2021,395386,12706235000,32.4(4.18 %),406100,13045410000,10714,339175000,454846660,7.02
04/06/2021,130792,4289496800,32.5(0.31 %),204600,6686950000,73808,2397453200,454715868,7.03
07/06/2021,-554100,-17003460000,30(-7.69 %),91700,2851060000,645800,19854520000,455269968,7.0
08/06/2021,80300,2349420000,29(-3.33 %),90500,2652980000,10200,303560000,455189668,6.37
09/06/2021,22800,571350000,31.3(7.93 %),90400,2608940000,67600,2037590000,455166868,6.37
10/06/2021,-11700,-353120000,29.5(-5.75 %),51600,1580510000,63300,1933630000,455178568,6.37
11/06/2021,35400,1078550000,29.8(1.02 %),38700,1180590000,3300,102040000,455143168,6.37
14/06/2021,45100,1323160000,29.2(-2.01 %),47200,1385540000,2100,62380000,455098068,6.37
15/06/2021,4600,138550000,28(-4.11 %),49600,1409750000,45000,1271200000,455093468,6.37
16/06/2021,118368,3248224000,27(-3.57 %),137700,3791080000,19332,542856000,454975100,6.38
17/06/2021,333790,8860573000,27.2(0.74 %),390200,10358190000,56410,1497617000,454641310,6.4
18/06/2021,-23000,-644720000,27.5(1.10 %),15000,416840000,38000,1061560000,454664310,6.39
22/06/2021,-104500,-2867170000,27.2(1.12 %),48900,1335390000,153400,4202560000,454768810,6.39
23/06/2021,6178,166531600,26.9(-1.10 %),7200,194380000,1022,27848400,454762632,6.39
24/06/2021,5070,136590000,27(0.37 %),6100,164500000,1030,27910000,454757562,6.39
25/06/2021,12800,343070000,27.1(0.37 %),28300,761470000,15500,418400000,454744762,6.39
28/06/2021,-14100,-394830000,28(3.32 %),17700,493000000,31800,887830000,454758862,6.39
29/06/2021,-15500,-445010000,28.5(1.79 %),17500,492630000,33000,937640000,454774362,6.39
30/06/2021,50800,1439200000,28.7(0.70 %),59900,1696140000,9100,256940000,454723562,6.39
01/07/2021,1617,46272800,28.4(-1.05 %),10517,300582800,8900,254310000,500385797,4.02
02/07/2021,-5878,-166435200,29(2.11 %),23222,664024800,29100,830460000,500391675,0.0
05/07/2021,-73800,-2194790000,30(3.45 %),9500,278700000,83300,2473490000,500465475,0.0
06/07/2021,24615,746114500,29.9(-0.33 %),80515,2455114500,55900,1709000000,500440860,0.0
07/07/2021,78000,2294190000,29.7(-0.67 %),99300,2920440000,21300,626250000,500362860,4.02
08/07/2021,28791,824194500,28.1(-5.39 %),38800,1112820000,10009,288625500,500259243,4.03
09/07/2021,5400,150260000,26(-7.47 %),5400,150260000,0,0,500253843,4.03
12/07/2021,71746,1813846600,23.7(-8.85 %),81100,2050950000,9354,237103400,500182097,4.03
13/07/2021,-441300,-10763030000,24.3(2.53 %),32900,802490000,474200,11565520000,500623397,4.01
14/07/2021,-374300,-8987470000,24.9(2.47 %),8200,200040000,382500,9187510000,500997697,3.99
15/07/2021,-20000,-517960000,27.3(9.64 %),6700,171150000,26700,689110000,501017697,3.99
16/07/2021,-87300,-2454150000,28.1(2.93 %),14600,412150000,101900,2866300000,501104997,3.98
19/07/2021,-1100,-32980000,25.6(-8.90 %),5800,152530000,6900,185510000,501106097,3.98
20/07/2021,24424,625698700,27.1(5.86 %),44200,1141420000,19776,515721300,501081673,3.98
21/07/2021,-8711,-237288100,26.7(-1.48 %),0,0,8711,237288100,501090384,3.98
22/07/2021,-2700,-73140000,27.2(1.87 %),0,0,2700,73140000,501093084,3.98
23/07/2021,-45950,-1240640000,26.4(-2.94 %),100,2710000,46050,1243350000,501139034,3.98
26/07/2021,39900,1048710000,26.4(0.00 %),40400,1061840000,500,13130000,501099134,3.98
27/07/2021,-18900,-506920000,26.8(1.52 %),100,2680000,19000,509600000,501118034,3.98
28/07/2021,-5832,-156324400,26.9(0.37 %),300,8010000,6132,164334400,501123866,3.98
29/07/2021,5400,146530000,27.1(0.74 %),7100,192610000,1700,46080000,501118466,3.98
30/07/2021,53000,1443000000,27.8(2.58 %),54500,1484400000,1500,41400000,501065466,3.98
02/08/2021,-494300,-13699710000,27.3(-1.80 %),5700,156660000,500000,13856370000,501197843,3.98
03/08/2021,4800,131760000,27.5(0.73 %),4800,131760000,0,0,501193043,3.98
04/08/2021,-76700,-2110390000,27.4(-0.36 %),1000,27580000,77700,2137970000,501269743,3.97
05/08/2021,-29700,-839000000,28.8(5.11 %),600,16790000,30300,855790000,501299443,3.97
06/08/2021,40432,1169048400,29(0.69 %),44532,1286458400,4100,117410000,501259011,3.97
09/08/2021,80700,2317700000,29.1(0.34 %),88100,2532300000,7400,214600000,501178311,3.98
10/08/2021,40700,1200550000,29.5(1.37 %),41100,1212340000,400,11790000,501137611,3.98
11/08/2021,18400,542580000,29(-1.69 %),20100,592900000,1700,50320000,501119211,3.98
12/08/2021,-6565,-188805500,28.9(-0.34 %),435,12594500,7000,201400000,501125776,3.98
13/08/2021,-1000,-28700000,29(0.35 %),2100,60480000,3100,89180000,501126776,0.02
16/08/2021,-5800,-167460000,29.3(1.03 %),4400,128380000,10200,295840000,501132576,0.0
17/08/2021,13700,403860000,29.5(0.68 %),15400,453940000,1700,50080000,501118876,0.0
18/08/2021,400,11780000,29.4(-0.34 %),400,11780000,0,0,501118476,0.0
19/08/2021,-102010,-2938660000,29.2(-0.68 %),16000,463960000,118010,3402620000,501220486,0.0
20/08/2021,-4500,-117190000,28.4(-2.74 %),6100,173990000,10600,291180000,501224986,0.0
23/08/2021,-341000,-9437450000,27.4(-3.52 %),3200,87810000,344200,9525260000,501565986,0.0
24/08/2021,-10900,-297870000,27(-1.46 %),1700,46500000,12600,344370000,501576886,0.0
25/08/2021,-18800,-511170000,27.5(1.85 %),2200,60020000,21000,571190000,501595686,0.0
26/08/2021,5425,161877500,28.2(2.55 %),25125,711507500,19700,549630000,501590261,0.0
27/08/2021,-71200,-1965020000,27.9(-1.06 %),1800,50180000,73000,2015200000,501661461,0.0
30/08/2021,-35000,-970400000,27.5(-1.43 %),0,0,35000,970400000,501696461,0.0
31/08/2021,629800,17319650000,27.5(0.00 %),650000,17875170000,20200,555520000,501066661,0.0
01/09/2021,-21900,-600000000,26.9(-2.18 %),700,18980000,22600,618980000,116250125,0.0
06/09/2021,171,4528600,26.5(-1.49 %),500,13350000,329,8821400,116249954,3.96
07/09/2021,88500,2381610000,26.6(0.38 %),108500,2911610000,20000,530000000,116161454,0.01
08/09/2021,3000,80950000,26.5(-0.38 %),3300,89020000,300,8070000,116158454,0.0
09/09/2021,-24600,-652440000,26.4(-0.38 %),4500,118900000,29100,771340000,116183054,3.97
10/09/2021,900,23820000,26.3(-0.38 %),900,23820000,0,0,116182154,3.97
13/09/2021,-30000,-776900000,25.9(-1.52 %),13800,359180000,43800,1136080000,116212154,3.97
14/09/2021,20600,523260000,25.6(-1.16 %),21000,533510000,400,10250000,116191554,3.97
15/09/2021,600,14840000,25.6(0.00 %),4300,108820000,3700,93980000,116190954,3.97
16/09/2021,2100,55430000,26.1(1.95 %),5500,144170000,3400,88740000,116188854,3.97
17/09/2021,-58700,-1579290000,26.8(2.68 %),1500,40050000,60200,1619340000,116247554,3.96
20/09/2021,-289,-7704100,27(0.75 %),711,19095900,1000,26800000,116247843,3.96
21/09/2021,-18531,-500899500,26.5(-1.85 %),5582,148097600,24113,648997100,116266374,0.0
22/09/2021,-3300,-87610000,26.5(0.00 %),1000,26540000,4300,114150000,116269674,3.96
23/09/2021,2000,53020000,26.8(1.13 %),3100,82170000,1100,29150000,116267674,3.96
24/09/2021,60850,1645533000,27(0.75 %),62250,1683523000,1400,37990000,116206824,0.01
27/09/2021,56761,1516924800,26.8(-0.74 %),56800,1517970000,39,1045200,116150063,3.97
28/09/2021,67700,1787860000,26.4(-1.49 %),67700,1787860000,0,0,116082363,3.97
29/09/2021,13800,361590000,26(-1.52 %),16800,440190000,3000,78600000,116068563,0.0
30/09/2021,60750,1617785000,26.6(2.31 %),60750,1617785000,0,0,116007813,3.98
01/10/2021,30300,795680000,26.1(-1.88 %),581170,14094060000,550870,13298380000,116024313,23.98
04/10/2021,-5449,-147663800,28.2(8.05 %),0,0,5449,147663800,116026762,3.98
05/10/2021,-30400,-863320000,28.9(2.48 %),3900,110320000,34300,973640000,116057162,3.97
12/10/2021,-1432700,-42664025000,30.2(-0.33 %),99100,2958240000,1531800,45622265000,117489862,0.0
13/10/2021,-25800,-767800000,30(-0.66 %),6400,191290000,32200,959090000,117515662,0.0
14/10/2021,-6100,-181065000,29(-3.33 %),100,2955000,6200,184020000,117521762,0.0
15/10/2021,-1481700,-42003905000,27.55(-5.00 %),18300,513595000,1500000,42517500000,119003462,0.0
18/10/2021,-400,-13325000,27.6(0.18 %),10600,292325000,11000,305650000,119003862,0.0
19/10/2021,19200,503315000,28(1.45 %),110200,3042865000,91000,2539550000,118984662,0.0
20/10/2021,-510800,-14339290000,28.3(1.07 %),0,0,510800,14339290000,119495462,0.0
21/10/2021,-356200,-9933250000,27.5(-2.83 %),10900,303540000,367100,10236790000,119340862,0.0
22/10/2021,-492900,-13559485000,27.6(0.36 %),10000,275490000,502900,13834975000,119833762,0.0
25/10/2021,-202600,-5498415000,26.95(-2.36 %),120700,3242020000,323300,8740435000,120036362,0.0
26/10/2021,-153400,-4067785000,27.1(0.56 %),0,0,153400,4067785000,120189762,0.0
27/10/2021,-338100,-9184750000,27.25(0.55 %),4600,125145000,342700,9309895000,120527862,0.0
28/10/2021,-4600,-120065000,27.3(0.18 %),48700,1332935000,53300,1453000000,120532462,3.74
29/10/2021,-956300,-26467520000,27.95(2.38 %),35200,956465000,991500,27423985000,121488762,3.69
01/11/2021,-176300,-4990280000,28.5(1.97 %),200,5610000,176500,4995890000,121076652,3.71
02/11/2021,-94200,-2698685000,28.6(0.35 %),1500,43030000,95700,2741715000,121170852,3.71
03/11/2021,-279100,-8014550000,28.65(0.17 %),9500,273180000,288600,8287730000,121449952,0.0
04/11/2021,1083600,31946695200,30.5(6.46 %),1192600,35160233200,109000,3213538000,120087252,0.0
05/11/2021,267700,8101005000,31.5(3.28 %),311800,9438365000,44100,1337360000,120903152,0.0
08/11/2021,652400,20264010000,31(-1.59 %),661400,20542730000,9000,278720000,120518452,3.74
09/11/2021,-397000,-11958055000,29.1(-6.13 %),222100,6582395000,619100,18540450000,120915452,3.72
10/11/2021,-671900,-19535492500,29.1(0.00 %),363100,10557132500,1035000,30092625000,121587352,0.0
11/11/2021,-599500,-14834225000,23.8(1.10 %),218500,5353175000,818000,20187400000,121514952,3.68
12/11/2021,-37200,-883575000,23.7(-0.42 %),15100,360100000,52300,1243675000,121552152,3.68
15/11/2021,-190300,-4525210000,23.7(0.00 %),3800,90845000,194100,4616055000,121742452,3.67
16/11/2021,-338700,-8039865000,23.6(-0.42 %),10700,253830000,349400,8293695000,122081152,3.65
17/11/2021,36800,866890000,23.65(0.21 %),37800,890440000,1000,23550000,122044352,3.65
18/11/2021,-66900,-1571890000,23.1(-2.33 %),18600,435745000,85500,2007635000,122111252,3.65
19/11/2021,-59400,-1380315000,23.25(0.65 %),13300,310515000,72700,1690830000,122170652,3.65
22/11/2021,633600,15268370000,24.1(3.66 %),674900,16258670000,41300,990300000,121537052,3.68
23/11/2021,-2000,-47545000,23.8(-1.24 %),4900,118285000,6900,165830000,121539052,3.68
24/11/2021,-137600,-3328495000,24.95(4.83 %),318700,7884740000,456300,11213235000,121676652,3.67
25/11/2021,-180600,-4505380000,24.95(0.00 %),18600,467980000,199200,4973360000,121857252,3.66
26/11/2021,-58400,-1457970000,24.95(0.00 %),2400,60175000,60800,1518145000,121915652,0.0
29/11/2021,-60600,-1459949200,24.1(-3.41 %),3400,58300800,64000,1518250000,121976252,0.0
30/11/2021,-3230200,-76333080000,23.5(-2.49 %),43900,1031710000,3274100,77364790000,125145852,3.49
01/12/2021,-1965600,-46123735000,23.55(0.21 %),65000,1533605000,2030600,47657340000,122688372,3.62
02/12/2021,-800,-22300000,23.55(0.00 %),28500,671505000,29300,693805000,122689172,3.62
03/12/2021,-699600,-16369955000,23(-2.34 %),800,18560000,700400,16388515000,123388772,3.58
06/12/2021,-893100,-20144155000,22.05(-4.13 %),9600,212810000,902700,20356965000,124281872,3.54
07/12/2021,29600,662435000,22.45(1.81 %),34200,763765000,4600,101330000,124252272,3.54
08/12/2021,3000,66395000,22.9(2.00 %),7700,171440000,4700,105045000,124249272,3.54
09/12/2021,-2200,-49420000,22.95(0.22 %),5200,119300000,7400,168720000,124251472,0.0
10/12/2021,-104700,-2407875000,22.95(0.00 %),54200,1238880000,158900,3646755000,124356172,3.53
13/12/2021,-1215600,-27713630000,22.6(-1.53 %),87700,2000210000,1303300,29713840000,125571772,4.52
14/12/2021,-540100,-12139490000,22.2(-1.77 %),71400,1602675000,611500,13742165000,126111872,3.25
15/12/2021,111300,2490830000,22.3(0.45 %),116300,2602430000,5000,111600000,126000572,3.26
16/12/2021,2900,63745000,22.15(-0.67 %),10900,242545000,8000,178800000,125997672,3.26
17/12/2021,59600,1323125000,22.2(0.23 %),60600,1345325000,1000,22200000,125938072,3.26
20/12/2021,16100,355645000,21.85(-1.58 %),16100,355645000,0,0,125921972,3.26
21/12/2021,6500,141290000,21.5(-1.60 %),6500,141290000,0,0,125915472,0.0
22/12/2021,21300,446605000,20.8(-3.26 %),25700,540810000,4400,94205000,125894172,3.26
23/12/2021,108800,2200515000,20.1(-3.37 %),117400,2376685000,8600,176170000,125785372,0.0
24/12/2021,334900,6930420600,21.5(6.97 %),334900,6930420600,0,0,125559272,0.0
27/12/2021,18300,399425000,21.5(0.00 %),21600,471200000,3300,71775000,143453534,3.26
28/12/2021,-9800,-210655000,21.5(0.00 %),4900,106330000,14700,316985000,143463334,2.6
29/12/2021,-700,-15020000,21.5(0.00 %),600,13060000,1300,28080000,143451334,3.26
30/12/2021,-600,-12950000,21.4(-0.47 %),5100,109885000,5700,122835000,143460843,3.26
31/12/2021,10200,225445000,22.3(4.21 %),13200,291295000,3000,65850000,143448893,3.26
04/01/2022,25400,600865000,22.5(0.90 %),188000,4280260000,162600,3679395000,143266593,3.27
05/01/2022,-18600,-415220000,22(-2.22 %),6200,136675000,24800,551895000,143263393,3.27
06/01/2022,-248800,-5436320000,22.5(2.27 %),1700,37155000,250500,5473475000,143424293,3.26
07/01/2022,-13200,-294095000,22.1(-1.78 %),6900,152290000,20100,446385000,143442193,3.26
10/01/2022,349700,7477380000,21.3(-3.62 %),364700,7806780000,15000,329400000,143327993,3.27
11/01/2022,-40700,-869695000,21.05(-1.17 %),66400,1427395000,107100,2297090000,143281693,3.27
12/01/2022,17300,381505000,22.2(5.21 %),28800,623810000,11500,242305000,143267893,3.27
13/01/2022,43600,1106975000,22.25(0.23 %),467900,10550925000,424300,9443950000,142907123,3.29
14/01/2022,-69800,-1550125000,22.5(0.90 %),22000,483215000,91800,2033340000,142896623,3.29
17/01/2022,235000,5147600000,22(-2.22 %),324100,7130480000,89100,1982880000,142996823,3.28
18/01/2022,-17200,-370185000,20.6(-6.36 %),12800,271230000,30000,641415000,143075823,3.28
19/01/2022,-161100,-3382275000,20.8(0.97 %),2800,56925000,163900,3439200000,143162163,3.27
20/01/2022,559300,11247285000,20.6(6.19 %),600500,12070375000,41200,823090000,142591594,3.3
21/01/2022,-11400,-239155000,20.6(0.49 %),5100,105095000,16500,344250000,142750268,3.29
24/01/2022,185400,3837970000,20.6(0.00 %),196300,4063570000,10900,225600000,142594230,3.3
25/01/2022,-158800,-3396165000,21.4(3.88 %),6900,143780000,165700,3539945000,142603254,3.3
26/01/2022,-256100,-5640547800,22.2(3.74 %),2000,44084000,258100,5684631800,142612154,3.3
27/01/2022,-204100,-4555100000,21.9(-1.35 %),28500,642675000,232600,5197775000,178059852,3.32
28/01/2022,15900,357815000,22.5(2.74 %),16100,362250000,200,4435000,178301828,3.32
07/02/2022,75500,1737045000,23.1(2.67 %),110700,2537870000,35200,800825000,178423728,3.31
08/02/2022,47300,1087855000,23.2(0.43 %),60400,1390075000,13100,302220000,178363528,3.31
09/02/2022,5700,128585000,24.1(3.88 %),40100,935745000,34400,807160000,178358661,3.31
10/02/2022,3400,85750000,23.6(-2.07 %),45100,1072815000,41700,987065000,178326661,3.31
11/02/2022,9100,215585000,23.6(0.00 %),11600,274230000,2500,58645000,178349461,3.31
14/02/2022,-20300,-467440000,22(-6.78 %),12600,286300000,32900,753740000,178378561,3.31
15/02/2022,628400,14176975000,22.55(2.50 %),646300,14582145000,17900,405170000,177734683,3.34
16/02/2022,-26900,-606305000,22.6(0.00 %),21400,485110000,48300,1091415000,177745607,3.34
17/02/2022,96100,2174295000,22.5(-0.44 %),100900,2282935000,4800,108640000,177662515,3.34
18/02/2022,-337700,-7578425000,22.3(-0.89 %),106200,2382400000,443900,9960825000,177604615,3.34
21/02/2022,-33400,-739515000,22.3(0.00 %),8600,190620000,42000,930135000,177600815,3.34
22/02/2022,-12400,-270670000,22.05(-1.12 %),8100,178280000,20500,448950000,178036615,3.33
23/02/2022,800,17760000,22.1(0.00 %),1100,24430000,300,6670000,178077515,3.32
24/02/2022,-219000,-4809630000,21.7(-1.81 %),189500,4152950000,408500,8962580000,177908445,3.33
25/02/2022,300,6430000,21.8(0.46 %),2900,63890000,2600,57460000,177905845,3.33
28/02/2022,-50800,-1103760000,21.65(-0.69 %),5400,117405000,56200,1221165000,178308945,3.32
01/03/2022,-248300,-5352060000,21.5(-0.92 %),5100,109860000,253400,5461920000,178306445,3.32
02/03/2022,-325100,-6848320000,21(-2.33 %),12700,266570000,337800,7114890000,178349945,3.31
03/03/2022,355000,7506905000,21.1(0.48 %),355000,7506905000,0,0,711722305,3.32
04/03/2022,-102300,-2192120000,21.35(1.18 %),700,14935000,103000,2207055000,712059405,3.3
07/03/2022,-113600,-2389880000,21.05(-1.64 %),54100,1142075000,167700,3531955000,712005211,3.31
08/03/2022,-295100,-6183635000,20.95(-0.71 %),8400,176135000,303500,6359770000,712099811,3.3
09/03/2022,-132300,-2757575000,21(0.00 %),30700,638595000,163000,3396170000,712236811,3.3
10/03/2022,123300,2652095000,21.05(0.24 %),339900,7256335000,216600,4604240000,712200411,3.3
11/03/2022,-19000,-398815000,21.05(-0.24 %),4900,103670000,23900,502485000,712358567,3.29
14/03/2022,889200,18939445000,21.85(3.55 %),900800,19186805000,11600,247360000,711674367,3.32
15/03/2022,702300,15428760000,21.7(-0.91 %),913200,20049065000,210900,4620305000,710785067,3.35
16/03/2022,-109000,-2375010000,21.75(0.23 %),2100,45875000,111100,2420885000,710792967,3.35
17/03/2022,243200,5346440000,22.1(1.38 %),243800,5359540000,600,13100000,710760067,3.35
18/03/2022,-492500,-10301210000,21.65(-2.04 %),1280500,28086490000,1773000,38387700000,709590667,3.4
21/03/2022,1850900,40629220000,22.15(2.07 %),1854100,40699620000,3200,70400000,707737167,3.47
22/03/2022,203300,4508530000,22.05(-0.68 %),207600,4603465000,4300,94935000,709302567,3.41
23/03/2022,792000,17588510000,21.95(-0.68 %),824900,18316340000,32900,727830000,708480867,3.44
24/03/2022,348200,7696615000,22(0.00 %),348200,7696615000,0,0,708136975,3.45
25/03/2022,-8500,-186675000,22(0.00 %),1500,33075000,10000,219750000,708168375,3.45
28/03/2022,-18500,-394210000,21.4(-2.73 %),18000,394100000,36500,788310000,708150375,3.45
29/03/2022,57700,1256035000,21.65(1.17 %),57700,1256035000,0,0,708102675,3.45
30/03/2022,100700,2174125000,21.75(0.23 %),125500,2708450000,24800,534325000,708013675,3.46
31/03/2022,50600,1092560000,21.4(-1.83 %),51300,1107580000,700,15020000,707962375,3.46
01/04/2022,56700,1219340000,22.1(3.27 %),91300,1965525000,34600,746185000,707895875,3.46
04/04/2022,99900,2199680000,21.7(-1.81 %),102900,2265530000,3000,65850000,707793675,3.46
05/04/2022,97300,2094295000,21.3(-1.84 %),97300,2094295000,0,0,707730867,3.47
06/04/2022,167100,3527960000,21.35(0.23 %),167100,3527960000,0,0,707566767,3.47
07/04/2022,-277000,-5763650000,20.65(-3.50 %),77700,1628930000,354700,7392580000,707843767,3.46
08/04/2022,-97400,-1980300000,20(-3.38 %),22800,457825000,120200,2438125000,707466218,3.48
12/04/2022,-355900,-6957785000,19(-5.00 %),10700,209835000,366600,7167620000,707822118,3.02
13/04/2022,311100,5999550000,19.6(3.16 %),332300,6408580000,21200,409030000,707810218,3.46
14/04/2022,-29200,-582220000,19.65(0.26 %),200,3960000,29400,586180000,707963263,3.46
15/04/2022,-21300,0,19.45(-1.27 %),100,0,21400,0,707984363,3.46
18/04/2022,99700,1881305000,19.45(-0.26 %),108300,2048980000,8600,167675000,707905463,3.46
19/04/2022,10800,193830000,18.15(-6.92 %),22100,406140000,11300,212310000,707904595,3.46
20/04/2022,301900,5343685000,16.9(-6.89 %),302100,5347170000,200,3485000,707661363,3.47
21/04/2022,1764500,28972985000,16.2(-4.14 %),1783000,29281590000,18500,308605000,705839395,3.54
22/04/2022,411900,6813785000,16.4(1.23 %),423700,7008815000,11800,195030000,705415895,3.55
25/04/2022,384000,6221390000,15.45(-5.79 %),407100,6588830000,23100,367440000,705027295,3.57
26/04/2022,1027000,15696220000,15.8(1.94 %),1073900,16402450000,46900,706230000,703965195,3.61
27/04/2022,-49000,-763940000,16.2(2.53 %),66900,1075745000,115900,1839685000,703921395,3.61
28/04/2022,-246500,-4024430000,16.2(0.00 %),92100,1506550000,338600,5530980000,703876195,3.61
29/04/2022,56000,915210000,16.3(0.62 %),115000,1874390000,59000,959180000,703877095,3.61
04/05/2022,178500,2997345000,16.7(2.45 %),180600,3032045000,2100,34700000,704035095,3.61
05/05/2022,4600,85790000,16.5(-1.20 %),257700,4294545000,253100,4208755000,704030495,3.61
06/05/2022,57700,894350000,15.5(-6.06 %),117000,1813500000,59300,919150000,703721495,3.62
09/05/2022,444100,6439450000,14.5(-6.45 %),456900,6625050000,12800,185600000,703517695,3.63
10/05/2022,912800,13418160000,14.7(1.38 %),912800,13418160000,0,0,702664195,3.66
11/05/2022,-89900,-1322250000,14.65(-0.34 %),5400,79865000,95300,1402115000,702754095,3.65
12/05/2022,-106300,-1512560000,13.7(-6.48 %),32300,455240000,138600,1967800000,702860395,3.65
13/05/2022,526400,6874515000,12.8(-6.57 %),577100,7559565000,50700,685050000,702157495,3.68
16/05/2022,1046300,12712545000,12.15(-5.08 %),1063600,12922740000,17300,210195000,701232495,3.71
17/05/2022,865500,11251500000,13(6.56 %),872500,11342500000,7000,91000000,700410695,3.74
18/05/2022,110700,1538730000,13.9(6.92 %),110800,1540120000,100,1390000,700317131,3.75
19/05/2022,-560900,-8105005000,14.45(3.96 %),80500,1163225000,641400,9268230000,700243631,3.75
20/05/2022,1381900,20383025000,14.75(1.72 %),1648500,24315375000,266600,3932350000,698595231,3.81
23/05/2022,96200,1394900000,14.5(-2.03 %),434000,6293000000,337800,4898100000,698802631,3.8
24/05/2022,-605,-8712000,14.4(-0.69 %),1078700,15533280000,1079305,15541992000,697990531,3.83
25/05/2022,367000,5578400000,15.2(5.56 %),397900,6048080000,30900,469680000,697930271,3.83
26/05/2022,-345000,-5209500000,15.1(-0.66 %),13200,199320000,358200,5408820000,698996376,3.79
27/05/2022,224000,3404800000,15.2(0.66 %),258000,3921600000,34000,516800000,698769276,3.8
30/05/2022,43100,652965000,15.15(-0.33 %),166700,2525505000,123600,1872540000,698960776,3.8
31/05/2022,74600,1104080000,14.8(-2.63 %),188600,2791280000,114000,1687200000,698806176,3.8
01/06/2022,27700,411345000,14.85(0.34 %),28700,426195000,1000,14850000,698901076,3.8
02/06/2022,-109000,-1591400000,14.6(-2.01 %),111200,1623520000,220200,3214920000,698903876,3.8
03/06/2022,113400,1638630000,14.45(-1.03 %),127400,1840930000,14000,202300000,698777476,3.8
06/06/2022,292400,4196520000,14.05(-3.10 %),303200,4350980000,10800,154460000,698694476,3.81
07/06/2022,153100,2089815000,13.65(-3.19 %),184800,2522520000,31700,432705000,698523676,3.81
08/06/2022,278900,4071940000,14.6(6.57 %),287600,4198960000,8700,127020000,698246876,3.82
09/06/2022,-26400,-386760000,14.65(0.34 %),24600,360390000,51000,747150000,698253984,3.82
10/06/2022,-22000,-314600000,14.3(-2.72 %),12500,178750000,34500,493350000,698250170,3.82
13/06/2022,881700,11902950000,13.5(-5.59 %),969400,13086900000,87700,1183950000,697331770,3.86
14/06/2022,861000,11709600000,13.6(0.74 %),983200,13371520000,122200,1661920000,696383070,3.89
15/06/2022,-131100,-1737075000,13.25(-2.57 %),108300,1434975000,239400,3172050000,696362018,3.89
16/06/2022,266300,3541790000,13.3(0.00 %),282300,3754590000,16000,212800000,696201918,3.9
17/06/2022,3893700,50423415000,12.95(-2.63 %),5923100,76704145000,2029400,26280730000,690518218,4.11
20/06/2022,192000,2528850000,13.35(2.69 %),195000,2568900000,3000,40050000,690339218,4.12
21/06/2022,-134800,-1738920000,12.9(-3.73 %),235700,3040530000,370500,4779450000,692132878,4.05
22/06/2022,-124500,-1643400000,13.2(2.33 %),600,7920000,125100,1651320000,692135278,4.05
23/06/2022,70600,956630000,13.55(2.65 %),94200,1276410000,23600,319780000,692411578,4.04
24/06/2022,77100,1040850000,13.5(-0.74 %),102100,1378350000,25000,337500000,692434578,4.04
27/06/2022,114700,1572155000,13.65(1.11 %),146000,2000565000,31300,428410000,692312178,4.05
28/06/2022,53500,757025000,14.15(3.28 %),64200,908430000,10700,151405000,692272978,4.05
29/06/2022,-73600,-1029880000,14(-1.41 %),28200,396210000,101800,1426090000,692275896,4.05
30/06/2022,-162300,-2191050000,13.5(-3.57 %),13900,187650000,176200,2378700000,692272696,4.05
01/07/2022,-50100,-673845000,13.45(-0.37 %),42500,571625000,92600,1245470000,692331996,4.04
04/07/2022,50100,685485000,13.6(0.74 %),59400,811965000,9300,126480000,692286896,0.0
05/07/2022,55100,760380000,13.8(1.47 %),80900,1116420000,25800,356040000,692460496,4.04
06/07/2022,49100,655485000,13.35(-3.26 %),59100,788985000,10000,133500000,692410696,4.04
07/07/2022,-38500,-517825000,13.45(0.37 %),56000,753200000,94500,1271025000,692380496,4.04
08/07/2022,-89900,-355110000,13.6(0.74 %),5400,234960000,95300,590070000,692470396,0.0
11/07/2022,-26600,-355110000,13.35(-1.84 %),17600,234960000,44200,590070000,692413296,4.04
12/07/2022,11900,162435000,13.65(1.87 %),126600,1728090000,114700,1565655000,692287196,4.05
13/07/2022,449400,6561240000,14.6(6.57 %),450700,6580220000,1300,18980000,691880665,4.06
14/07/2022,-212100,-3086055000,14.55(-0.34 %),63100,918105000,275200,4004160000,691932265,4.06
15/07/2022,-120900,-1771185000,14.65(0.34 %),43400,635810000,164300,2406995000,691890165,4.06
18/07/2022,-250100,-3601440000,14.4(-2.04 %),46200,665280000,296300,4266720000,692119105,4.05
19/07/2022,-124900,-1817295000,14.55(1.04 %),18400,267720000,143300,2085015000,692265005,4.05
20/07/2022,-66100,-978280000,14.8(1.37 %),64400,953120000,130500,1931400000,692496754,4.04
21/07/2022,-420800,-6164720000,14.65(-1.01 %),29500,432175000,450300,6596895000,692610554,4.03
22/07/2022,70600,-1808100000,14.35(-2.38 %),94200,1238405000,23600,3046505000,692654754,4.03
25/07/2022,113700,1608855000,14.15(-1.74 %),229400,3246010000,115700,1637155000,692875654,4.02
26/07/2022,4600,64860000,14.1(-0.70 %),26000,366600000,21400,301740000,693061954,4.02
27/07/2022,8700,124410000,14.3(1.42 %),9700,138710000,1000,14300000,693167954,4.01
28/07/2022,104600,1537620000,14.7(2.80 %),153600,2257920000,49000,720300000,693035754,4.02
29/07/2022,-74800,-1095820000,14.65(-0.34 %),129800,1901570000,204600,2997390000,692906954,4.02
01/08/2022,312300,4700115000,15.05(2.38 %),333500,5019175000,21200,319060000,692622469,4.03
02/08/2022,112200,1694220000,15.1(0.00 %),210900,3184590000,98700,1490370000,692616169,4.03
03/08/2022,581700,8870925000,15.25(0.99 %),612100,9334525000,30400,463600000,692025269,4.06
04/08/2022,-90600,-1377120000,15.2(-0.65 %),59900,910480000,150500,2287600000,692064027,4.05
05/08/2022,165100,2501265000,15.15(-0.33 %),348100,5273715000,183000,2772450000,691746327,4.07
08/08/2022,-192500,-2916375000,15.15(-0.33 %),24400,369660000,216900,3286035000,691872427,4.06
09/08/2022,29500,448400000,15.2(0.00 %),29500,448400000,0,0,692025927,4.06
10/08/2022,-160200,-2403000000,15(-1.32 %),45000,675000000,205200,3078000000,692197827,4.05
11/08/2022,-578600,-8563280000,14.8(-1.33 %),52700,779960000,631300,9343240000,692145007,4.05
12/08/2022,154300,2299070000,14.9(0.68 %),154700,2305030000,400,5960000,692195507,4.05
15/08/2022,1906400,30311760000,15.9(6.71 %),1921000,30543900000,14600,232140000,690905807,4.1
16/08/2022,-413200,-6528560000,15.8(-0.63 %),164300,2595940000,577500,9124500000,690741907,4.1
17/08/2022,171400,2673840000,15.6(-1.27 %),171500,2675400000,100,1560000,690584189,4.11
18/08/2022,325300,5042150000,15.5(-0.64 %),325400,5043700000,100,1550000,690836289,4.1
19/08/2022,281400,4347630000,15.45(-0.32 %),303200,4684440000,21800,336810000,690533189,4.11
22/08/2022,2272800,35342040000,15.55(0.32 %),2589900,40272945000,317100,4930905000,687943389,4.21
23/08/2022,360800,5664560000,15.7(0.64 %),376100,5904770000,15300,240210000,687617589,4.22
24/08/2022,221700,3469605000,15.65(-0.32 %),269300,4214545000,47600,744940000,687665389,4.22
25/08/2022,1867600,29788220000,15.95(1.59 %),1945400,31029130000,77800,1240910000,685735264,4.29
26/08/2022,135600,2128920000,15.7(-1.88 %),335700,5270490000,200100,3141570000,685447191,4.3
29/08/2022,-24400,-376980000,15.45(-1.59 %),203400,3142530000,227800,3519510000,685321591,4.31
30/08/2022,-63700,-980980000,15.4(-0.65 %),252100,3882340000,315800,4863320000,685298091,4.31
31/08/2022,3033700,47325720000,15.6(1.30 %),3800300,59284680000,766600,11958960000,681725591,4.44
05/09/2022,48500,749325000,15.45(-0.96 %),75600,1168020000,27100,418695000,681965791,4.43
06/09/2022,-297500,-4611250000,15.5(0.00 %),400,6200000,297900,4617450000,682731991,4.4
07/09/2022,-16200,-237330000,14.65(-5.48 %),367700,5386805000,383900,5624135000,682391441,4.42
08/09/2022,-164400,-2301600000,14(-4.76 %),120800,1691200000,285200,3992800000,682568541,4.41
09/09/2022,827400,11831820000,14.3(2.14 %),1177400,16836820000,350000,5005000000,681813041,4.44
12/09/2022,421067,11831820000,14.25(-0.35 %),761700,16836820000,340633,5005000000,681336541,4.46
13/09/2022,82600,2308500000,14.4(0.70 %),387200,2877075000,304600,568575000,681299341,4.46
14/09/2022,-89479,2308500000,14.15(-1.74 %),89202,2877075000,178681,568575000,681550772,4.45
15/09/2022,-57388,-1266127850,14.1(-0.70 %),104400,1262208300,161788,2528336150,0,4.44
16/09/2022,339684,4653670800,13.7(-2.84 %),1432684,19627770800,1093000,14974100000,680496969,4.49
19/09/2022,22900,297700000,13(-5.11 %),211400,2748200000,188500,2450500000,680474069,0.0
20/09/2022,656665,8799311000,13.4(3.08 %),656700,8799780000,35,469000,680883657,4.47
21/09/2022,-68449,-910371700,13.3(-0.75 %),11600,154280000,80049,1064651700,681060557,4.47
22/09/2022,-166700,-2225445000,13.35(0.38 %),128900,1720815000,295600,3946260000,680931692,4.47
23/09/2022,-358000,-4689800000,13.1(-2.24 %),15400,201740000,373400,4891540000,680996341,4.47
26/09/2022,73408,910259200,12.4(-5.34 %),336300,4170120000,262892,3259860800,680955641,4.47
27/09/2022,380600,4852650000,12.75(2.82 %),398100,5075775000,17500,223125000,680940441,4.47
28/09/2022,-83100,-1038750000,12.5(-2.34 %),2200,27500000,85300,1066250000,681201133,4.46
29/09/2022,-328300,-4070920000,12.4(-0.80 %),26300,326120000,354600,4397040000,681192333,4.46
30/09/2022,114400,1424280000,12.45(0.40 %),188500,2346825000,74100,922545000,681089133,4.47
03/10/2022,-101097,-1203054300,11.9(-4.80 %),120800,1437520000,221897,2640574300,681322933,4.46
04/10/2022,239100,2749650000,11.5(-3.36 %),288800,3321200000,49700,571550000,681108233,4.47
05/10/2022,705700,8256690000,11.7(1.74 %),737600,8629920000,31900,373230000,680592530,4.48
06/10/2022,203800,2241800000,11(-5.98 %),203800,2241800000,0,0,680438430,4.49
07/10/2022,1657000,17149950000,10.35(-5.91 %),1659800,17178930000,2800,28980000,678819730,4.55
10/10/2022,1119892,11310909200,10.1(-2.88 %),1148600,11600860000,28708,289950800,677690130,4.59
11/10/2022,703909,6616744600,9.4(-6.93 %),757300,7118620000,53391,501875400,676935630,4.62
12/10/2022,2395182,24071579100,10.05(6.91 %),2400200,24122010000,5018,50430900,674564138,4.71
13/10/2022,1777300,18306190000,10.3(1.98 %),1809300,18635790000,32000,329600000,672808229,4.78
14/10/2022,1986900,21855900000,11(6.80 %),2001900,22020900000,15000,165000000,670811347,4.85
17/10/2022,2338000,26887000000,11.5(4.55 %),2579400,29663100000,241400,2776100000,668263947,4.95
18/10/2022,-785500,-8836875000,11.25(-2.17 %),164000,1845000000,949500,10681875000,668114947,4.95
19/10/2022,117700,1322525000,11.15(-1.33 %),215800,2427465000,98100,1104940000,667997247,4.96
20/10/2022,398600,4402400000,10.85(-3.12 %),412200,4551865000,13600,149465000,667764947,4.97
21/10/2022,246400,2674895000,10.25(-5.96 %),467300,4936605000,220900,2261710000,668454447,4.94
24/10/2022,1134600,11546843000,9.9(-3.88 %),1188000,12111523000,53400,564680000,667197047,4.99
25/10/2022,1459600,14742344000,10.55(6.57 %),1484300,14989384000,24700,247040000,665737447,5.04
26/10/2022,-511900,-5389185000,10.45(-1.42 %),62800,668785000,574700,6057970000,666209547,5.02
27/10/2022,252100,2765720000,11.15(6.19 %),397100,4319830000,145000,1554110000,665567247,5.05
28/10/2022,-526400,-5790400000,11(-1.79 %),99300,1092300000,625700,6882700000,666042647,5.03
31/10/2022,-56570,-647726500,11.45(4.09 %),155800,1783910000,212370,2431636500,666031904,5.03
01/11/2022,-40500,-469800000,11.6(0.87 %),57100,662360000,97600,1132160000,666669504,5.01
02/11/2022,-234437,-2649138100,11.3(-2.59 %),150700,1702910000,385137,4352048100,666731174,5.0
03/11/2022,146700,1628370000,11.1(-1.77 %),184000,2042400000,37300,414030000,666644774,5.01
04/11/2022,97900,1101375000,11.25(1.35 %),140000,1575000000,42100,473625000,666889911,5.0
07/11/2022,368990,3948193000,10.7(-5.31 %),1043600,11166520000,674610,7218327000,665883611,5.04
08/11/2022,1532500,17087375000,11.15(4.21 %),1532500,17087375000,0,0,664393211,5.09
09/11/2022,250800,2758800000,11(-1.79 %),427300,4700300000,176500,1941500000,664640521,5.08
10/11/2022,-1430600,-14663650000,10.25(-6.82 %),258300,2647575000,1688900,17311225000,664382221,5.09
11/11/2022,182600,1826000000,10(-2.91 %),326800,3268000000,144200,1442000000,664231921,5.1
14/11/2022,203069,1933216880,9.52(-4.80 %),361369,3440232880,158300,1507016000,665559452,5.05
15/11/2022,758110,6716854600,8.86(-6.74 %),776010,6875448600,17900,158594000,664927642,5.07
16/11/2022,1479340,14024143200,9.48(6.52 %),1487250,14099130000,7910,74986800,663598692,5.12
17/11/2022,420253,4202530000,10(5.26 %),1039300,10393000000,619047,6190470000,662577292,5.16
18/11/2022,21900,221190000,10.1(1.00 %),331600,3349160000,309700,3127970000,662281602,5.17
21/11/2022,471100,4899440000,10.4(2.97 %),477600,4967040000,6500,67600000,662434249,5.17
22/11/2022,-101400,-1054560000,10.4(0.00 %),204200,2123680000,305600,3178240000,662539749,5.16
23/11/2022,-333555,-3005330550,9.01(0.11 %),84045,757245450,417600,3762576000,662462204,5.16
24/11/2022,-155951,-1383285370,8.87(-1.55 %),219520,1947142400,375471,3330427770,662548284,5.16
25/11/2022,37700,350610000,9.3(4.49 %),140100,1302930000,102400,952320000,662825784,5.15
28/11/2022,423878,4217586100,9.95(6.99 %),573690,5708215500,149812,1490629400,662401906,0.0
29/11/2022,1977460,20071219000,10.15(1.50 %),2142200,21743330000,164740,1672111000,660424446,0.0
30/11/2022,-574800,-5805480000,10.1(-0.98 %),1276000,12887600000,1850800,18693080000,660999246,0.0
01/12/2022,694700,7398555000,10.65(5.45 %),913300,9726645000,218600,2328090000,658539077,0.0
02/12/2022,562100,6295520000,11.2(4.67 %),715900,8018080000,153800,1722560000,657976977,0.0
05/12/2022,-35231,-396348750,11.25(0.45 %),1554969,17493401250,1590200,17889750000,658012208,0.0
06/12/2022,82000,861000000,10.5(-7.08 %),353200,3708600000,271200,2847600000,657930208,4.65
07/12/2022,4920000,51414000000,10.45(-0.48 %),5012900,52384805000,92900,970805000,653010208,4.81
08/12/2022,397000,4287600000,10.8(2.86 %),411500,4444200000,14500,156600000,654739948,5.45
09/12/2022,294100,3117460000,10.6(-1.85 %),422700,4480620000,128600,1363160000,654480148,5.46
12/12/2022,3687052,38714046000,10.5(-0.94 %),4131852,43384446000,444800,4670400000,648632056,4.96
13/12/2022,5321229,58001396100,10.9(3.81 %),5771029,62904216100,449800,4902820000,643310827,5.13
14/12/2022,-2613600,-28096200000,10.75(-1.38 %),352400,3788300000,2966000,31884500000,645924427,0.0
15/12/2022,-583400,-6359060000,10.9(0.93 %),1023800,11159420000,1607200,17518480000,646507827,0.0
16/12/2022,-456300,-4950855000,10.85(-0.46 %),5247700,56937545000,5704000,61888400000,646964127,8.93
19/12/2022,2411752,26288096800,10.9(0.00 %),2709110,29529299000,297358,3241202200,644552375,9.01
20/12/2022,8628700,91032785000,10.55(-3.21 %),8803000,92871650000,174300,1838865000,635923675,9.29
21/12/2022,4187020,43754359000,10.45(-1.42 %),5205820,54400819000,1018800,10646460000,631736655,9.43
22/12/2022,164800,1730400000,10.5(0.00 %),174000,1827000000,9200,96600000,631571855,9.44
23/12/2022,-321400,-3326490000,10.35(-1.43 %),177500,1837125000,498900,5163615000,631893255,0.0
26/12/2022,-714600,-6881598000,9.63(-7.40 %),10500,101115000,725100,6982713000,632607855,9.4
27/12/2022,345753,3526680600,10.2(6.25 %),1260200,12854040000,914447,9327359400,632262102,9.41
28/12/2022,-524800,-5300480000,10.1(-0.98 %),472800,4775280000,997600,10075760000,632786902,0.0
29/12/2022,147700,1462230000,9.9(-1.98 %),903100,8940690000,755400,7478460000,732730638,6.11
30/12/2022,248300,2470585000,9.95(0.51 %),447200,4449640000,198900,1979055000,733281038,6.09
03/01/2023,1081900,11251760000,10.4(4.00 %),1197900,12458160000,116000,1206400000,732083138,0.0
04/01/2023,-368700,-3797610000,10.3(-0.96 %),202300,2083690000,571000,5881300000,732835138,6.11
05/01/2023,536900,5556915000,10.35(0.49 %),605200,6263820000,68300,706905000,732415938,6.12
06/01/2023,10100,106555000,10.55(1.44 %),215800,2276690000,205700,2170135000,732771138,6.11
09/01/2023,-476630,-5004615000,10.5(-0.94 %),244570,2567985000,721200,7572600000,732664868,6.11
10/01/2023,619793,6507826500,10.5(0.00 %),846000,8883000000,226207,2375173500,732024568,6.14
11/01/2023,383138,4042105900,10.55(0.48 %),475800,5019690000,92662,977584100,732269968,6.13
12/01/2023,-105589,-1108684500,10.5(-0.94 %),274525,2882512500,380114,3991197000,732221650,6.13
13/01/2023,-121500,-1300050000,10.7(1.90 %),191500,2049050000,313000,3349100000,732122812,6.13
16/01/2023,-483005,-5168153500,10.7(0.00 %),1610,17227000,484615,5185380500,732501316,6.12
17/01/2023,253795,2817124500,11.1(3.74 %),359000,3984900000,105205,1167775500,732455316,6.12
18/01/2023,571100,6339210000,11.1(0.00 %),848300,9416130000,277200,3076920000,732091631,6.13
19/01/2023,1031215,11498047250,11.15(0.45 %),1249100,13927465000,217885,2429417750,730947736,6.17
27/01/2023,1056470,11832464000,11.2(0.00 %),1318200,14763840000,261730,2931376000,729906736,6.2
30/01/2023,-85150,-928135000,10.9(-2.68 %),123600,1347240000,208750,2275375000,730001021,6.2
31/01/2023,394185,4336035000,11(0.92 %),421450,4635950000,27265,299915000,729850801,6.21
01/02/2023,391997,4155168200,10.6(-3.64 %),392000,4155200000,3,31800,729667551,6.21
02/02/2023,1113604,11637161800,10.45(-1.42 %),1234000,12895300000,120396,1258138200,728460816,6.25
03/02/2023,44800,468160000,10.45(-0.48 %),316100,3303245000,271300,2835085000,728144719,6.26
06/02/2023,122440,1279498000,10.45(-0.48 %),282260,2949617000,159820,1670119000,727982855,6.27
07/02/2023,-2621889,-26612173350,10.15(-3.33 %),6300,63945000,2628189,26676118350,728247855,6.26
08/02/2023,-1401569,-14225925350,10.15(-0.49 %),204700,2077705000,1606269,16303630350,728202975,6.26
09/02/2023,-122830,-1246724500,10.15(-0.49 %),2710,27506500,125540,1274231000,730828454,6.17
10/02/2023,-257800,-2603780000,10.1(-0.98 %),24800,250480000,282600,2854260000,732409923,6.12
13/02/2023,-1390875,-13630575000,9.8(-2.97 %),40720,399056000,1431595,14029631000,732494743,6.12
14/02/2023,-576590,-5673645600,9.84(0.41 %),169660,1669454400,746250,7343100000,732607683,6.12
15/02/2023,216700,2164833000,9.99(1.94 %),344900,3445551000,128200,1280718000,733717378,6.08
16/02/2023,-330405,-3337090500,10.1(1.00 %),124800,1260480000,455205,4597570500,734338828,6.06
17/02/2023,-1574700,-15904470000,10.1(0.00 %),331300,3346130000,1906000,19250600000,734135728,6.07
20/02/2023,637100,6689550000,10.5(3.96 %),644200,6764100000,7100,74550000,733946733,6.07
21/02/2023,-740105,-7660086750,10.35(-1.43 %),311600,3225060000,1051705,10885146750,735541133,6.02
22/02/2023,250700,2532070000,10.1(-2.88 %),395300,3992530000,144600,1460460000,735152933,6.03
23/02/2023,-1635515,-16518701500,10.1(0.00 %),13600,137360000,1649115,16656061500,736191038,6.0
24/02/2023,-475000,-4731000000,9.96(-1.39 %),234900,2339604000,709900,7070604000,736666038,6.0
27/02/2023,-308960,-3024718400,9.79(-2.10 %),122240,1196729600,431200,4221448000,737627613,5.95
28/02/2023,-668105,-6540747950,9.79(-0.10 %),308250,3017767500,976355,9558515450,738029263,5.94
01/03/2023,362300,3623000000,10(2.04 %),472700,4727000000,110400,1104000000,737987763,5.94
02/03/2023,-221495,-2192800500,9.9(-1.00 %),9100,90090000,230595,2282890500,738892018,5.91
03/03/2023,-200261,-1958552580,9.78(-1.21 %),70700,691446000,270961,2649998580,738931718,5.91
06/03/2023,664152,6588387840,9.92(1.22 %),687377,6818779840,23225,230392000,738474936,5.92
07/03/2023,13533,134924010,9.97(0.71 %),727343,7251609710,713810,7116685700,738018554,5.94
08/03/2023,853083,8573484150,10.05(0.50 %),863283,8675994150,10200,102510000,737178496,5.97
09/03/2023,623578,6422853400,10.3(1.98 %),759783,7825764900,136205,1402911500,737132523,5.97
10/03/2023,467916,4725951600,10.1(-1.94 %),516316,5214791600,48400,488840000,736626407,5.99
13/03/2023,482509,4796139460,9.94(-1.58 %),552509,5491939460,70000,695800000,736143898,0.0
14/03/2023,161734,1614105320,9.98(0.81 %),622610,6213647800,460876,4599542480,735635893,6.02
15/03/2023,349700,3584425000,10.25(2.50 %),355700,3645925000,6000,61500000,735350193,6.03
16/03/2023,2231902,22542210200,10.1(-1.94 %),2314600,23377460000,82698,835249800,733496469,6.09
17/03/2023,18086100,185382525000,10.25(1.49 %),22056900,226083225000,3970800,40700700000,711445569,6.81
20/03/2023,-248354,-2483540000,10(-2.91 %),55000,550000000,303354,3033540000,711473267,6.81
21/03/2023,1614787,-4731000000,10.15(1.50 %),1910900,2339604000,296113,7070604000,713533167,6.74
22/03/2023,118700,1210850000,10.2(0.00 %),169700,1730940000,51000,520090000,713414467,6.76
23/03/2023,375600,3977620000,10.5(2.94 %),669100,6967050000,293500,2989430000,713038867,6.77
24/03/2023,246200,2584595000,10.5(0.00 %),246200,2584595000,0,0,712792667,6.78
27/03/2023,1243577,13244095050,10.65(1.43 %),1253300,13347645000,9723,103549950,711549090,0.0
28/03/2023,-673313,-7305446050,10.85(1.40 %),696100,7552685000,1369413,14858131050,712222403,6.8
29/03/2023,397490,4292892000,10.8(-0.92 %),407200,4397760000,9710,104868000,711045324,6.82
30/03/2023,-162055,-1717783000,10.6(-1.85 %),6700,71020000,168755,1788803000,712408037,6.77
31/03/2023,288900,3105675000,10.75(1.42 %),406200,4366650000,117300,1260975000,712011547,6.79
03/04/2023,436156,4884947200,11.2(3.70 %),472900,5296480000,36744,411532800,711707402,6.8
04/04/2023,-131975,-1517712500,11.5(2.68 %),1839500,21154250000,1971475,22671962500,709985202,6.85
05/04/2023,223290,2578999500,11.55(0.43 %),253800,2931390000,30510,352390500,709768146,6.86
06/04/2023,-18415,-209010250,11.35(-2.16 %),46900,532315000,65315,741325250,711692721,6.8
07/04/2023,712100,8260360000,11.6(1.75 %),712500,8265000000,400,4640000,711010731,6.82
10/04/2023,-27105,-325260000,12(3.45 %),452000,5424000000,479105,5749260000,710624046,6.83
11/04/2023,-1644525,-19323168750,11.75(-2.08 %),86700,1018725000,1731225,20341893750,710537746,6.84
12/04/2023,450800,5499760000,12.2(3.39 %),819500,9997900000,368700,4498140000,710198351,6.85
13/04/2023,-17300,-208465000,12.05(-1.23 %),38200,460310000,55500,668775000,711891376,6.79
14/04/2023,-1358190,-16094551500,11.85(-2.07 %),20510,243043500,1378700,16337595000,712239566,6.78
17/04/2023,-1028825,-12140135000,11.8(-0.84 %),138900,1639020000,1167725,13779155000,712156166,6.78
18/04/2023,-193175,-2221512500,11.5(-2.54 %),897600,10322400000,1090775,12543912500,712637266,6.77
19/04/2023,-1101700,-12504295000,11.35(-1.30 %),110600,1255310000,1212300,13759605000,713694391,6.73
20/04/2023,1482600,16840950000,11.35(-0.44 %),1507500,17122515000,24900,281565000,712211791,6.8
21/04/2023,-1028527,-11416649700,11.1(-2.63 %),74000,821400000,1102527,12238049700,714415966,6.71
24/04/2023,-20814,-228954000,11(-0.90 %),1159000,12749000000,1179814,12977954000,713380466,6.74
25/04/2023,-646854,-7050708600,10.9(-0.91 %),385600,4203040000,1032454,11253748600,714097393,6.72
26/04/2023,-165070,-1824023500,11.05(1.38 %),4775627,52770678350,4940697,54594701850,714724077,6.7
27/04/2023,-646400,-7193000000,11.05(0.00 %),300100,3375625000,946500,10568625000,715370477,6.7
28/04/2023,-489700,-5448250000,11.2(1.36 %),4800,53660000,494500,5501910000,715860177,6.68
04/05/2023,-1788200,-19853855000,11.05(-1.34 %),112100,1249785000,1900300,21103640000,716071231,6.67
05/05/2023,-1232300,-13583295000,10.95(-0.90 %),41600,459580000,1273900,14042875000,717358531,6.61
08/05/2023,-635600,-7074490000,11.2(2.28 %),488300,5451405000,1123900,12525895000,718770531,6.57
09/05/2023,-1160600,-13006075000,11.2(0.00 %),96100,1083385000,1256700,14089460000,719948331,6.53
10/05/2023,191900,2198880000,11.6(3.57 %),196900,2256630000,5000,57750000,719756431,6.55
11/05/2023,920500,10689795000,11.5(-0.86 %),1050100,12187980000,129600,1498185000,721082013,6.49
12/05/2023,260500,3007190000,11.6(0.87 %),1335500,15360610000,1075000,12353420000,719751570,6.54
15/05/2023,-1106600,-12890030000,11.5(-0.86 %),241300,2833240000,1347900,15723270000,720858170,4.86
16/05/2023,281300,3234495000,11.6(0.87 %),307300,3531795000,26000,297300000,720576870,4.87
17/05/2023,-4267900,-49262970000,11.7(0.86 %),115100,1324390000,4383000,50587360000,724844770,4.77
18/05/2023,-3610400,-41819990000,11.6(-0.85 %),107800,1245720000,3718200,43065710000,728455170,4.68
19/05/2023,-3813900,-44148910000,11.8(1.72 %),7300,84065000,3821200,44232975000,732269070,4.59
22/05/2023,83400,990760000,12(1.69 %),410300,4844240000,326900,3853480000,732185670,4.59
23/05/2023,30700,366455000,11.95(-0.42 %),45700,545060000,15000,178605000,732154970,4.59
24/05/2023,126200,1500110000,11.85(-0.84 %),129100,1534425000,2900,34315000,732028770,4.59
25/05/2023,-58800,-687445000,11.75(-0.84 %),60800,709295000,119600,1396740000,732087570,4.59
26/05/2023,48700,564685000,11.55(-1.70 %),60500,701800000,11800,137115000,732038870,4.59
29/05/2023,337600,3953555000,11.7(1.30 %),394100,4612780000,56500,659225000,731701270,4.6
30/05/2023,394400,4637100000,11.75(0.43 %),467300,5490655000,72900,853555000,731306870,4.61
31/05/2023,-560700,-6590275000,11.75(0.00 %),700,8215000,561400,6598490000,731867570,4.6
01/06/2023,238300,2801755000,11.75(0.00 %),306000,3595445000,67700,793690000,732437925,4.58
02/06/2023,386300,4657265000,12.05(2.55 %),500000,6029455000,113700,1372190000,732051625,4.59
05/06/2023,94500,1147790000,12.35(2.49 %),209500,2553040000,115000,1405250000,731957125,4.59
06/06/2023,725400,8932475000,12.5(1.21 %),784100,9655970000,58700,723495000,731231725,4.61
07/06/2023,-410400,-5045535000,12.3(-1.60 %),151800,1887900000,562200,6933435000,731642125,4.6
08/06/2023,405000,4976465000,12.2(-0.81 %),440000,5403465000,35000,427000000,731237125,4.61
09/06/2023,-37300,-448595000,12.15(-0.41 %),34000,411395000,71300,859990000,731274425,4.61
12/06/2023,397000,4833480000,12.2(0.41 %),453000,5516320000,56000,682840000,730877425,4.62
13/06/2023,583800,7188650000,12.25(0.41 %),668900,8231125000,85100,1042475000,730293625,4.63
14/06/2023,787200,9728005000,12.55(2.45 %),1088400,13464730000,301200,3736725000,729506425,4.65
15/06/2023,335400,4169890000,12.45(-0.80 %),347600,4321190000,12200,151300000,729171025,4.66
16/06/2023,1450100,18264235000,12.6(0.80 %),1560000,19653145000,109900,1388910000,728063914,6.26
19/06/2023,-1900,-23610000,12.8(1.59 %),38300,486360000,40200,509970000,728037829,6.27
20/06/2023,128200,1640775000,12.7(-0.78 %),138800,1775290000,10600,134515000,727909629,6.29
21/06/2023,101100,1294225000,12.7(0.00 %),519400,6592285000,418300,5298060000,727529760,6.28
22/06/2023,135400,1719240000,12.7(0.00 %),215400,2737290000,80000,1018050000,727394360,4.7
23/06/2023,29600,378520000,12.8(0.79 %),57600,739470000,28000,360950000,727364760,6.31
26/06/2023,364100,4626355000,12.75(-0.39 %),425000,5405035000,60900,778680000,727366444,6.29
27/06/2023,321600,4090995000,12.7(-0.78 %),330200,4200215000,8600,109220000,727044844,6.32
28/06/2023,871200,11121450000,12.85(1.18 %),900400,11493970000,29200,372520000,726173644,6.34
29/06/2023,65000,833065000,12.6(-2.33 %),165900,2119885000,100900,1286820000,726108644,6.35
30/06/2023,298400,3759160000,12.5(-0.79 %),342400,4314560000,44000,555400000,725810244,6.36
03/07/2023,682700,8788095000,12.95(3.60 %),807400,10378475000,124700,1590380000,725898193,6.35
04/07/2023,739900,9797270000,13.25(1.92 %),769600,10189860000,29700,392590000,725158293,6.38
05/07/2023,-92000,-1217345000,13.15(-1.13 %),80700,1063295000,172700,2280640000,725250293,6.37
06/07/2023,-1774200,-22744825000,13.05(-1.14 %),460300,6069040000,2234500,28813865000,724118124,6.39
07/07/2023,1002700,13393000000,13.5(3.05 %),1107000,14778680000,104300,1385680000,723183902,6.42
10/07/2023,131500,1779475000,13.5(0.00 %),216300,2925575000,84800,1146100000,723052402,6.45
11/07/2023,407300,5553015000,13.6(0.74 %),469500,6398975000,62200,845960000,722645102,6.46
12/07/2023,185800,2530260000,13.75(1.10 %),278500,3788855000,92700,1258595000,722459302,6.47
13/07/2023,1345100,18471070000,13.8(0.00 %),1354300,18597510000,9200,126440000,721114202,6.51
14/07/2023,340600,4687495000,13.7(-0.72 %),343700,4729700000,3100,42205000,723186527,6.42
17/07/2023,492300,6770275000,13.7(0.00 %),764600,10509910000,272300,3739635000,722694227,6.46
18/07/2023,1218500,17164250000,14.15(3.28 %),1306100,18398835000,87600,1234585000,721475727,6.5
19/07/2023,114100,1618330000,14.1(-0.70 %),182100,2581280000,68000,962950000,721218423,6.49
20/07/2023,456900,6544920000,14.35(1.77 %),569800,8145005000,112900,1600085000,720761523,6.52
21/07/2023,1662500,24084580000,14.4(0.00 %),1706000,24712875000,43500,628295000,719099023,6.58
24/07/2023,15500,201440000,12.6(3.28 %),349500,4409415000,334000,4207975000,718929011,6.56
25/07/2023,828400,10537990000,12.6(0.00 %),1330000,16896455000,501600,6358465000,717642453,6.6
26/07/2023,320500,4032935000,12.6(0.00 %),390100,4907820000,69600,874885000,717321953,6.63
27/07/2023,612800,7636465000,12.5(-0.79 %),689700,8594240000,76900,957775000,716709153,6.65
28/07/2023,605900,7594760000,12.6(0.80 %),1199300,14998440000,593400,7403680000,716103253,6.67
31/07/2023,830500,10441650000,12.6(0.00 %),1317100,16555395000,486600,6113745000,715272753,6.7
01/08/2023,1161900,14729340000,12.55(-0.40 %),1555800,19687390000,393900,4958050000,715105588,6.71
02/08/2023,1443800,18109240000,12.65(0.40 %),2039200,25593855000,595400,7484615000,713661788,6.75
03/08/2023,799600,10123395000,12.65(-0.39 %),1077700,13632925000,278100,3509530000,712862188,6.78
04/08/2023,966900,12394245000,13.3(5.14 %),1481100,19047130000,514200,6652885000,711021044,6.82
07/08/2023,289600,3827145000,13.45(1.13 %),2159100,28955430000,1869500,25128285000,710731444,6.85
08/08/2023,813000,10835650000,13.25(-1.49 %),2196800,29329490000,1383800,18493840000,709918444,6.88
09/08/2023,785000,10409295000,13.15(-0.75 %),1221600,16164615000,436600,5755320000,709133444,6.9
10/08/2023,544300,7162535000,12.95(-1.52 %),1298900,17004195000,754600,9841660000,708589144,6.92
11/08/2023,665700,8580210000,12.95(0.00 %),1162800,15005545000,497100,6425335000,707923444,6.94
14/08/2023,-3237400,-41938885000,12.95(-0.38 %),316200,4100235000,3553600,46039120000,707302494,6.94
15/08/2023,450500,5840215000,12.95(-0.38 %),913300,11837260000,462800,5997045000,706690294,6.96
16/08/2023,-209500,-2718240000,12.9(-0.77 %),178300,2305760000,387800,5024000000,709967594,6.85
17/08/2023,-1369700,-17659950000,12.85(-0.39 %),223200,2883700000,1592900,20543650000,711337294,6.83
18/08/2023,391600,4773695000,12(-6.98 %),1107900,13744550000,716300,8970855000,709389165,6.87
21/08/2023,1350300,16158770000,12.15(1.25 %),1787600,21442040000,437300,5283270000,709243363,6.88
22/08/2023,-203800,-2460180000,12.1(-0.82 %),554300,6654190000,758100,9114370000,838786699,6.83
23/08/2023,478400,5794125000,12(-0.83 %),1508500,18193375000,1030100,12399250000,837568489,6.86
24/08/2023,-96700,-1139705000,12.1(0.83 %),671400,8070195000,768100,9209900000,837665189,8.11
25/08/2023,-1132100,-13581215000,11.95(-1.24 %),513500,6168465000,1645600,19749680000,838002813,6.85
28/08/2023,-133700,-1573130000,12.1(1.26 %),608900,7340845000,742600,8913975000,838136513,8.1
29/08/2023,-524100,-6393710000,12.25(1.24 %),418100,5122095000,942200,11515805000,839340608,6.81
30/08/2023,-299900,-3653600000,12.25(0.00 %),835500,10266605000,1135400,13920205000,839640508,8.05
31/08/2023,2072200,25787155000,12.45(1.63 %),2927800,36339130000,855600,10551975000,837262076,6.87
05/09/2023,-923200,-11699460000,12.65(1.61 %),268900,3398665000,1192100,15098125000,838128576,6.84
06/09/2023,-530500,-6719945000,12.65(0.00 %),306700,3894065000,837200,10614010000,838659076,8.08
07/09/2023,-1101500,-14071390000,12.75(0.79 %),432200,5534525000,1533700,19605915000,839437444,6.81
08/09/2023,122300,1602305000,12.7(-0.39 %),720900,9219710000,598600,7617405000,839504806,6.81
11/09/2023,-463900,-5690145000,12.3(-3.15 %),608500,7711595000,1072400,13401740000,840332072,6.78
12/09/2023,-2009300,-24651450000,12.55(2.03 %),1067900,13233520000,3077200,37884970000,839916772,6.79
13/09/2023,-3576500,-44548335000,12.35(-1.59 %),244400,3061780000,3820900,47610115000,840646692,6.77
14/09/2023,-2517100,-31047065000,12.3(-0.40 %),442200,5504140000,2959300,36551205000,843281763,6.7
15/09/2023,-8702200,-106392995000,12.2(-0.81 %),2901400,35518700000,11603600,141911695000,844103313,6.68
18/09/2023,0,0,12.1(-0.82 %),0,0,0,0,844103313,5.9
19/09/2023,-387100,-4650770000,12.05(-0.41 %),486300,5859050000,873400,10509820000,846935609,7.81
20/09/2023,-559400,-6765545000,12.2(1.24 %),293200,3570070000,852600,10335615000,847495009,7.79
21/09/2023,-322400,-3935375000,12.05(-1.23 %),620700,7504780000,943100,11440155000,847817409,7.78
22/09/2023,-691000,-8157335000,11.8(-2.07 %),362400,4221930000,1053400,12379265000,858889973,6.27
25/09/2023,-509500,-5288815000,11(-6.78 %),879300,10210080000,1388800,15498895000,858855679,6.27
26/09/2023,-315300,-3252190000,10.8(-1.82 %),2372500,26313400000,2687800,29565590000,857519515,6.31
27/09/2023,909500,9647920000,11.1(2.78 %),1732500,18662155000,823000,9014235000,856610015,7.49
28/09/2023,-867400,-9513165000,10.95(-1.35 %),233800,2563280000,1101200,12076445000,857477415,7.47
29/09/2023,-864500,-9611245000,11.1(1.37 %),130900,1457430000,995400,11068675000,860642937,6.22
02/10/2023,-657100,-7290625000,11.05(-0.45 %),85600,951980000,742700,8242605000,861658636,6.19
03/10/2023,-583100,-6333435000,10.55(-4.52 %),506100,5411870000,1089200,11745305000,862147866,6.18
04/10/2023,494600,5254835000,10.65(0.95 %),1127600,11984525000,633000,6729690000,861653266,7.33
05/10/2023,-865400,-9180430000,10.5(-1.41 %),224700,2393240000,1090100,11573670000,862654558,6.17
06/10/2023,1372800,14591610000,10.7(1.90 %),1441000,15312440000,68200,720830000,861281758,6.22
09/10/2023,-348000,-3726030000,10.75(0.47 %),77400,830360000,425400,4556390000,861629758,6.21
10/10/2023,-812300,-8845850000,10.85(0.93 %),134000,1462340000,946300,10308190000,862811641,6.16
11/10/2023,299300,3256905000,10.9(0.46 %),483900,5263755000,184600,2006850000,862753132,6.16
12/10/2023,-625300,-6820425000,10.85(-0.46 %),151200,1652990000,776500,8473415000,863548304,6.14
13/10/2023,52800,578190000,10.8(-0.46 %),780300,8404795000,727500,7826605000,862952609,6.16
16/10/2023,-1310100,-14033155000,10.6(-1.85 %),243700,2616915000,1553800,16650070000,863485535,6.14
17/10/2023,721000,7716955000,10.6(0.00 %),721300,7720160000,300,3205000,863491735,6.14
18/10/2023,125300,1306750000,10.4(-1.89 %),853400,8964310000,728100,7657560000,864192119,6.12
19/10/2023,732400,7590880000,10.3(-0.96 %),1079700,11208305000,347300,3617425000,863112719,6.15
20/10/2023,-180900,-1900145000,10.45(1.46 %),832400,8551885000,1013300,10452030000,863008419,6.16
23/10/2023,-2218100,-22853105000,10.3(-1.44 %),484500,5003600000,2702600,27856705000,862871252,6.16
24/10/2023,-488200,-5109270000,10.6(2.91 %),606300,6367250000,1094500,11476520000,863359452,6.16
25/10/2023,-881000,-9362355000,10.55(-0.47 %),600000,6361700000,1481000,15724055000,863278237,6.15
26/10/2023,-1631500,-16604571000,10.05(-4.74 %),658700,6696685000,2290200,23301256000,865745673,6.08
27/10/2023,27200,284280000,10.3(2.49 %),738500,7525125000,711300,7240845000,866488143,6.06
30/10/2023,395400,4057810000,10.15(-1.46 %),695200,7122385000,299800,3064575000,868118145,6.01
31/10/2023,819800,8360605000,10.1(-0.49 %),1281200,13057250000,461400,4696645000,867558812,6.03
01/11/2023,725100,7492865000,10.35(2.48 %),1210300,12448380000,485200,4955515000,866648357,6.06
02/11/2023,198400,2247525000,10.9(5.31 %),645900,6955440000,447500,4707915000,866449957,6.08
03/11/2023,411200,4442350000,10.7(-1.83 %),924200,9980830000,513000,5538480000,866038757,6.09
06/11/2023,504800,5494955000,11(2.80 %),954900,10411660000,450100,4916705000,865533957,6.1
07/11/2023,362100,3988355000,10.85(-1.36 %),665000,7303035000,302900,3314680000,865171857,6.11
08/11/2023,365600,4250370000,11.35(4.61 %),1141900,12713950000,776300,8463580000,865065973,6.1
09/11/2023,-898900,-10214080000,11.25(-0.88 %),447900,5071915000,1346800,15285995000,865257031,6.09
10/11/2023,-545900,-6049385000,11.15(-0.89 %),540300,6048395000,1086200,12097780000,865565031,6.09
13/11/2023,-591500,-6586255000,11.05(-0.90 %),182300,2038855000,773800,8625110000,866639613,6.06
14/11/2023,-1403679,-16102223650,11.45(3.62 %),93126,1067791200,1496805,17170014850,867560210,6.05
15/11/2023,-1750800,-20356645000,11.55(0.87 %),1163800,13579410000,2914600,33936055000,869311010,6.0
16/11/2023,0,0,11.6(0.43 %),0,0,0,0,869311010,5.28
17/11/2023,-2853900,-32390425000,11.2(-3.45 %),411000,4695200000,3264900,37085625000,870765391,5.94
20/11/2023,132300,1533345000,11.2(0.00 %),866100,9665225000,733800,8131880000,871411639,5.92
21/11/2023,-150300,-1687905000,11.25(0.45 %),215700,2427840000,366000,4115745000,874460839,5.84
22/11/2023,-85300,-932760000,11.3(0.44 %),560400,6298990000,645700,7231750000,874634283,5.83
23/11/2023,-618600,-6944885000,10.95(-3.10 %),806400,9021290000,1425000,15966175000,875252883,5.14
24/11/2023,485000,5270435000,10.95(0.00 %),577300,6277280000,92300,1006845000,874767883,5.15
27/11/2023,388200,4191225000,10.75(-1.83 %),521500,5636055000,133300,1444830000,874379683,5.16
28/11/2023,775400,8323230000,10.85(0.93 %),1284500,13788490000,509100,5465260000,873604283,5.18
29/11/2023,-500900,-5445360000,10.85(0.00 %),152300,1653985000,653200,7099345000,874105183,5.17
30/11/2023,-755600,-8229610000,10.8(-0.46 %),295200,3204965000,1050800,11434575000,874860783,5.15
01/12/2023,-684400,-7378485000,10.85(0.46 %),282000,3048720000,966400,10427205000,874195848,5.16
04/12/2023,-1737200,-19118745000,11.1(2.30 %),1457300,16124480000,3194500,35243225000,875933048,5.12
05/12/2023,-2952300,-32573685000,10.95(-1.35 %),295600,3262075000,3247900,35835760000,878885348,5.05
06/12/2023,-1378800,-15149220000,11(0.46 %),621600,6845410000,2000400,21994630000,880264148,5.02
07/12/2023,-3806400,-42153330000,11.05(0.45 %),504800,5594395000,4311200,47747725000,884070548,4.92
08/12/2023,-2079800,-22992220000,11(-0.45 %),172500,1915280000,2252300,24907500000,886150348,4.87
11/12/2023,-1520400,-16818000000,11.15(1.36 %),954200,10569935000,2474600,27387935000,887670748,4.83
12/12/2023,-918200,-10209810000,11.1(-0.45 %),1603700,17903550000,2521900,28113360000,888588948,4.81
13/12/2023,-2375800,-26133890000,10.9(-1.80 %),263400,2902840000,2639200,29036730000,890964748,4.75
14/12/2023,-1869000,-20325795000,10.8(-0.92 %),684400,7461860000,2553400,27787655000,892833748,4.71
15/12/2023,-246100,-2474595000,10.8(0.00 %),6496300,70424650000,6742400,72899245000,893079848,4.7
18/12/2023,-396300,-4254090000,10.7(-0.93 %),1539600,16555380000,1935900,20809470000,893476148,4.69
19/12/2023,-1748700,-18689105000,10.7(0.00 %),515600,5511375000,2264300,24200480000,895224848,4.65
20/12/2023,-1315500,-14085100000,10.7(0.00 %),284400,3051900000,1599900,17137000000,896540348,4.62
21/12/2023,-400800,-4244425000,10.65(-0.47 %),1052800,11267505000,1453600,15511930000,896941148,4.61
22/12/2023,-1720700,-18370620000,10.7(0.47 %),429300,4607010000,2150000,22977630000,898661848,4.57
25/12/2023,-752200,-8103285000,10.75(0.47 %),277000,2991215000,1029200,11094500000,899414048,4.55
26/12/2023,-2792100,-30006760000,10.7(-0.47 %),36200,390205000,2828300,30396965000,902206148,4.48
27/12/2023,-652900,-7024105000,10.75(0.47 %),210400,2267970000,863300,9292075000,902859048,4.46
28/12/2023,-940100,-10122825000,10.8(0.47 %),174300,1885385000,1114400,12008210000,903799148,4.44
29/12/2023,-1454500,-15787445000,10.8(0.00 %),148100,1610280000,1602600,17397725000,905253648,4.41
02/01/2024,-2428100,-26685530000,10.95(1.39 %),152100,1669215000,2580200,28354745000,905833400,4.97
03/01/2024,-1868000,-20710340000,11.25(2.74 %),440600,4940735000,2308600,25651075000,906691122,4.37
04/01/2024,-1955000,-22168860000,11.45(1.78 %),424700,4879255000,2379700,27048115000,908646122,4.32
05/01/2024,-2668900,-30696585000,11.55(0.87 %),249000,2863910000,2917900,33560495000,911315022,4.26
08/01/2024,-1763500,-20507665000,11.7(1.30 %),317100,3699660000,2080600,24207325000,913078522,4.21
09/01/2024,-1856200,-21555845000,11.7(0.00 %),200800,2338845000,2057000,23894690000,916225500,4.69
10/01/2024,-236100,-2760860000,12(2.56 %),1703300,20403815000,1939400,23164675000,916602800,4.68
11/01/2024,100000,1204825000,12.1(0.83 %),509600,6179445000,409600,4974620000,918241500,4.63
12/01/2024,1999800,24391125000,12.3(1.65 %),2347300,28632255000,347500,4241130000,912918922,4.22
15/01/2024,-238700,-2945270000,12.15(-1.22 %),271200,3327860000,509900,6273130000,917972352,4.64
16/01/2024,1806500,21843965000,12.2(0.41 %),1846400,22324745000,39900,480780000,916473600,4.68
17/01/2024,250700,3049695000,12(-1.64 %),456700,5553475000,206000,2503780000,916526900,4.68
18/01/2024,534100,6423790000,12.05(0.42 %),846800,10182810000,312700,3759020000,910566322,4.28
19/01/2024,459900,5596360000,12.15(0.83 %),803700,9761505000,343800,4165145000,910106422,4.29
22/01/2024,79800,976470000,12.15(0.00 %),226100,2754330000,146300,1777860000,910026622,4.29
23/01/2024,-415100,-5032055000,12.1(-0.41 %),188400,2290865000,603500,7322920000,910441722,4.28
24/01/2024,1216200,14849470000,12.2(0.83 %),1455000,17782845000,238800,2933375000,909225522,4.31
25/01/2024,115000,1415380000,12.25(0.41 %),208600,2562150000,93600,1146770000,909110522,4.31
26/01/2024,800200,9852245000,12.35(0.82 %),828000,10193610000,27800,341365000,908310322,4.33
29/01/2024,347200,4308380000,12.3(-0.40 %),544400,6747790000,197200,2439410000,913308000,4.77
30/01/2024,249500,3053950000,12.3(0.00 %),644000,7893365000,394500,4839415000,912691840,4.78
31/01/2024,2049800,24322525000,11.6(-5.69 %),3432100,40724530000,1382300,16402005000,909457000,4.87
01/02/2024,71000,833990000,11.6(0.00 %),509700,5934750000,438700,5100760000,909456999,4.3
02/02/2024,-412612,-4716235550,11.45(-1.29 %),487188,5623124450,899800,10339360000,909341760,4.88
05/02/2024,407248,4769785200,11.75(2.62 %),1638000,18988320000,1230752,14218534800,908952654,4.32
06/02/2024,-643973,-7517769100,11.55(-1.70 %),140700,1643755000,784673,9161524100,909795700,4.86
07/02/2024,-522400,-6052030000,11.65(0.87 %),107500,1249990000,629900,7302020000,910919000,4.83
15/02/2024,122919,1652540150,11.9(2.15 %),1662400,19873630000,1539481,18221089850,910016448,4.86
16/02/2024,-855120,-10211166950,11.9(0.00 %),442900,5293835000,1298020,15505001950,910203456,4.85
19/02/2024,-281156,-3360972950,12(0.84 %),749625,8960853750,1030781,12321826700,910993300,4.83
20/02/2024,-1775415,-21137062750,11.85(-1.25 %),687100,8213225000,2462515,29350287750,911508200,4.82
21/02/2024,-229383,-2745652200,11.9(0.42 %),822800,9786585000,1052183,12532237200,911620200,4.81
22/02/2024,436012,5269713250,12.1(1.68 %),1475858,17900979150,1039846,12631265900,911620200,4.81
23/02/2024,240276,3056284900,11.85(-2.07 %),1947623,23639784450,1707347,20583499550,912460894,4.23
26/02/2024,286000,3361795000,11.75(-0.84 %),368000,4325395000,82000,963600000,912235600,4.8
27/02/2024,-1724395,-20245702100,11.9(1.28 %),961000,11384640000,2685395,31630342100,913899289,4.19
28/02/2024,-938037,-11123808550,11.9(0.00 %),242500,2877325000,1180537,14001133550,914837326,4.17
29/02/2024,-1606918,-18975308300,11.8(-0.84 %),465500,5503260000,2072418,24478568300,914846000,4.72
01/03/2024,61555,761898500,11.9(0.85 %),877335,10402068700,815780,9640170200,913829274,4.2
04/03/2024,-41400,-483750000,11.85(-0.42 %),385000,4579400000,426400,5063150000,913870674,4.2
05/03/2024,200100,2369595000,11.85(0.00 %),447800,5285600000,247700,2916005000,916783400,4.67
06/03/2024,549010,6529098500,11.8(-0.42 %),1116910,13296553500,567900,6767455000,913121564,4.21
07/03/2024,611167,7255190300,11.9(0.85 %),714300,8477370000,103133,1222179700,912510397,4.23
08/03/2024,-438469,-5174022300,11.7(-1.68 %),356900,4205260000,795369,9379282300,912948866,4.22
11/03/2024,-2238400,-25787380000,11.4(-2.56 %),359200,4168335000,2597600,29955715000,915187266,4.16
12/03/2024,-335500,-3800800000,11.3(-0.88 %),206900,2350715000,542400,6151515000,917079100,4.66
13/03/2024,-553600,-6346625000,11.55(2.21 %),444400,5104580000,998000,11451205000,919232356,4.6
14/03/2024,-1032900,-11808265000,11.45(-0.87 %),369300,4241870000,1402200,16050135000,920265256,4.04
15/03/2024,-2344600,-26732880000,11.4(-0.44 %),1197500,13668380000,3542100,40401260000,922609856,3.98
18/03/2024,221200,2437735000,11.15(-2.19 %),590000,6608980000,368800,4171245000,920018300,4.58
19/03/2024,-713300,-7983390000,11.2(0.45 %),112300,1259775000,825600,9243165000,923352200,4.49
20/03/2024,1425100,16241450000,11.35(1.34 %),2321500,26370495000,896400,10129045000,921676856,4.0
21/03/2024,-431400,-4919370000,11.45(0.88 %),71000,812775000,502400,5732145000,922108256,3.99
22/03/2024,-639800,-7381910000,11.55(0.87 %),477000,5518055000,1116800,12899965000,922748056,3.98
25/03/2024,-2483700,-28561400000,11.45(-0.87 %),388300,4486215000,2872000,33047615000,922547200,4.51
26/03/2024,-1864100,-21436515000,11.5(0.44 %),365400,4202475000,2229500,25638990000,927881156,3.85
27/03/2024,-949200,-10915870000,11.5(0.00 %),171200,1972955000,1120400,12888825000,925869440,4.42
28/03/2024,-487100,-5621080000,11.6(0.87 %),152300,1764145000,639400,7385225000,927898600,4.36
29/03/2024,550800,6349290000,11.4(-1.72 %),707400,8149000000,156600,1799710000,928311700,4.35
01/04/2024,-866900,-9867965000,11.45(0.44 %),534300,6104300000,1401200,15972265000,928416800,4.35
02/04/2024,-308500,-3508505000,11.4(-0.44 %),324200,3672425000,632700,7180930000,928620174,3.84
03/04/2024,-3418000,-38574975000,11.25(-1.32 %),22900,258845000,3440900,38833820000,942584640,4.27
04/04/2024,-62900,-698140000,11.2(-0.44 %),604600,6806250000,667500,7504390000,932101074,4.07
05/04/2024,-463700,-5169205000,11.15(-0.45 %),468100,5222330000,931800,10391535000,945549248,4.19
08/04/2024,-500000,-5548700000,11.1(-0.45 %),360200,4016060000,860200,9564760000,933064774,4.05
09/04/2024,188900,2125525000,11.2(0.90 %),982400,10953135000,793500,8827610000,932875874,4.05
10/04/2024,-848700,-9537370000,11.2(0.00 %),399900,4497645000,1248600,14035015000,933724574,4.03
11/04/2024,-1059500,-11794385000,11.1(-0.89 %),345900,3868800000,1405400,15663185000,946717300,4.15
12/04/2024,-1140600,-12726840000,11.3(1.80 %),1224100,13714370000,2364700,26441210000,946741900,4.15
15/04/2024,2689900,33329675000,11.35(0.44 %),9452000,110815885000,6762100,77486210000,933234774,4.04
16/04/2024,-1723800,-19578270000,11.5(1.32 %),612700,6999200000,2336500,26577470000,934958574,4.0
17/04/2024,-8412800,-95238955000,11.1(-3.48 %),193300,2205960000,8606100,97444915000,941647574,3.84
19/04/2024,-6821800,-76690610000,11.15(0.45 %),227300,2559920000,7049100,79250530000,948469374,3.67
22/04/2024,-1642400,-18456110000,11.25(0.90 %),420700,4723315000,2063100,23179425000,957630700,3.86
23/04/2024,-3657200,-40545885000,10.95(-2.67 %),128500,1420875000,3785700,41966760000,964538400,3.67
24/04/2024,347700,4021250000,11.2(2.28 %),2687700,30128030000,2340000,26106780000,953421274,3.55
25/04/2024,-1372600,-15287260000,11.1(-0.89 %),495900,5534585000,1868500,20821845000,954793874,3.52
26/04/2024,-694300,-7747640000,11.45(3.15 %),1967000,22545710000,2661300,30293350000,967585856,3.58
02/05/2024,-1469400,-17081415000,11.7(2.18 %),1034600,12066695000,2504000,29148110000,968419800,3.56
03/05/2024,-1048200,-12188190000,11.6(-0.85 %),343700,4001460000,1391900,16189650000,970737400,3.5
06/05/2024,-788800,-9185195000,11.75(1.29 %),1064400,12467400000,1853200,21652595000,972177100,3.46
07/05/2024,267200,3117275000,11.65(-0.85 %),355600,4147255000,88400,1029980000,973213400,3.43
08/05/2024,-1602200,-19200250000,11.9(2.15 %),1911200,22735570000,3513400,41935820000,973155300,3.43
09/05/2024,-125600,-1593750000,11.75(-1.26 %),400300,4737525000,525900,6331275000,972588544,3.45
10/05/2024,-1448100,-16880145000,11.6(-1.28 %),649500,7568385000,2097600,24448530000,975197440,3.38
13/05/2024,-1245500,-14503555000,11.65(0.43 %),1944400,22689255000,3189900,37192810000,973778944,3.42
14/05/2024,-1198700,-13939110000,11.6(-0.43 %),661700,7740455000,1860400,21679565000,974775759,3.03
15/05/2024,-692600,-8041185000,11.6(0.00 %),905900,10554160000,1598500,18595345000,975468359,3.01
16/05/2024,1888300,22249375000,11.85(2.16 %),3031400,35676535000,1143100,13427160000,973580059,3.06
17/05/2024,-1978800,-24133680000,12(1.27 %),895200,10858690000,2874000,34992370000,977031232,3.33
20/05/2024,94100,1129145000,11.85(-1.25 %),910100,10886390000,816000,9757245000,977264256,3.32
21/05/2024,-2265300,-26598880000,11.85(0.00 %),943500,11179185000,3208800,37778065000,979092736,3.27
22/05/2024,-966000,-11305480000,11.65(-1.69 %),333300,3917230000,1299300,15222710000,979371456,3.26
23/05/2024,809800,9488810000,11.75(0.86 %),1325600,15507510000,515800,6018700000,981254800,3.21
24/05/2024,-33900,-355090000,11.55(-1.70 %),493600,5750975000,527500,6106065000,979808459,2.9
27/05/2024,519800,6023845000,11.6(0.43 %),781000,9041730000,261200,3017885000,982441200,3.18
28/05/2024,176300,2070685000,11.7(0.86 %),835200,9727275000,658900,7656590000,982181100,3.19
29/05/2024,-956000,-11079045000,11.55(-1.28 %),378900,4398360000,1334900,15477405000,981947100,3.19
30/05/2024,-994800,-11371015000,11.4(-1.30 %),236400,2695970000,1231200,14066985000,982369664,3.18
31/05/2024,-257800,-2931400000,11.4(0.00 %),758900,8682480000,1016700,11613880000,982945664,3.16
03/06/2024,1383500,16066000000,11.65(2.19 %),1570300,18242150000,186800,2176150000,982945645,2.83
04/06/2024,-245500,-2855385000,11.55(-0.86 %),114900,1336215000,360400,4191600000,983191145,2.82
05/06/2024,676900,7830635000,11.55(0.00 %),817300,9455935000,140400,1625300000,982514245,2.84
06/06/2024,1867720,21586817000,11.85(2.60 %),4655400,54821425000,2787680,33234608000,978583053,3.28
07/06/2024,-162000,-1898790000,11.8(-0.42 %),402100,4765950000,564100,6664740000,978219367,3.29
10/06/2024,-1881785,-22183823750,11.75(-0.42 %),252815,2998446250,2134600,25182270000,980101152,2.9
11/06/2024,-401636,-4696091200,11.65(-0.85 %),456800,5331210000,858436,10027301200,978583053,3.28
12/06/2024,21658,284449400,11.8(1.29 %),752858,8825564400,731200,8541115000,982327874,3.18
13/06/2024,0,0,12(1.69 %),0,0,0,0,981890110,3.19
14/06/2024,-929200,-10981350000,11.7(-2.50 %),97800,1165775000,1027000,12147125000,982523510,3.18
17/06/2024,-777600,-9027650000,11.65(-0.43 %),200700,2339235000,978300,11366885000,982978810,3.16
18/06/2024,-1001800,-11664970000,11.6(-0.43 %),77500,904365000,1079300,12569335000,983928310,3.14
19/06/2024,-818000,-9444810000,11.6(0.00 %),394500,4580975000,1212500,14025785000,984448110,3.12
20/06/2024,86100,999275000,11.6(0.00 %),258200,2995885000,172100,1996610000,985269210,3.1
21/06/2024,9470,97777000,11.55(-0.43 %),481400,5564725000,471930,5466948000,986190310,3.08
24/06/2024,-2061800,-23422535000,11.3(-2.16 %),1419000,16256930000,3480800,39679465000,984943410,3.11
25/06/2024,428970,4896693000,11.4(0.88 %),781900,8914190000,352930,4017497000,984843440,3.11
26/06/2024,-489830,-5566912000,11.35(-0.44 %),148500,1692420000,638330,7259332000,988376140,3.02
27/06/2024,-189978,-2123264200,11.3(-0.44 %),518200,5906740000,708178,8030004200,988236370,3.02
28/06/2024,892912,10196021800,11.4(0.88 %),1367100,15605545000,474188,5409523200,987558600,3.04
04/07/2024,245400,2875550000,11.7(-0.43 %),460900,5397375000,215500,2521825000,986456059,0.0
05/07/2024,859500,10072640000,11.75(0.43 %),996400,11675200000,136900,1602560000,985596559,0.0
08/07/2024,-759300,-8884995000,11.7(-0.43 %),166800,1956100000,926100,10841095000,986355859,0.0
09/07/2024,690800,8186625000,11.8(0.85 %),1011300,11963355000,320500,3776730000,985665059,0.0
10/07/2024,894400,10624085000,11.85(0.42 %),1276200,15138980000,381800,4514895000,984770659,0.0
11/07/2024,-111200,-1298810000,11.85(0.00 %),384400,4578430000,495600,5877240000,984881859,0.0
12/07/2024,717200,8547070000,11.85(0.00 %),1058300,12588910000,341100,4041840000,984164659,0.0
15/07/2024,556100,6669145000,11.95(0.84 %),905400,10828085000,349300,4158940000,983608559,0.0
16/07/2024,1076300,12911240000,11.9(-0.42 %),1406600,16855250000,330300,3944010000,982532259,0.0
17/07/2024,-1880700,-22344735000,11.85(-0.42 %),303500,3610210000,2184200,25954945000,984412959,0.0
18/07/2024,-940400,-10724820000,11.45(0.88 %),755900,8632670000,1696300,19357490000,985353359,0.0
19/07/2024,-1539300,-17319835000,11.3(-1.31 %),436600,4987175000,1975900,22307010000,986892659,0.0
22/07/2024,-90700,-1008570000,11.2(-0.88 %),410700,4604380000,501400,5612950000,986983359,0.0
23/07/2024,-1679600,-18638305000,11(-1.79 %),812300,9071720000,2491900,27710025000,988662959,0.0
24/07/2024,1546800,17097230000,11.1(0.91 %),1704100,18837390000,157300,1740160000,987116159,0.0
25/07/2024,163900,1810285000,11.05(-0.45 %),415500,4586040000,251600,2775755000,986952259,0.0
26/07/2024,-171700,-1893875000,11.1(0.45 %),246000,2715375000,417700,4609250000,987123959,0.0
29/07/2024,-272300,-3011890000,11.05(-0.45 %),39000,434590000,311300,3446480000,987396259,0.0
30/07/2024,-272300,-3011890000,11.1(0.45 %),39000,434590000,311300,3446480000,987668559,0.0
31/07/2024,-249700,-2784035000,11.15(0.45 %),224300,2497770000,474000,5281805000,987918259,0.0
01/08/2024,-1688700,-18512780000,10.9(-2.24 %),621400,6851685000,2310100,25364465000,986907954,0.0
02/08/2024,-2077400,-22455195000,10.85(-0.46 %),176700,1905440000,2254100,24360635000,988985354,0.0
05/08/2024,-723200,-7582620000,10.3(-5.07 %),198600,2104345000,921800,9686965000,989708554,0.0
06/08/2024,1098000,11439915000,10.5(1.94 %),1706800,17792905000,608800,6352990000,988610554,0.0
07/08/2024,-688000,-7218075000,10.5(0.00 %),65900,694335000,753900,7912410000,989298554,0.0
08/08/2024,322500,3397385000,10.4(-0.95 %),549100,5761775000,226600,2364390000,988976054,0.0
09/08/2024,697200,7322570000,10.5(0.96 %),878100,9215660000,180900,1893090000,988278854,0.0
12/08/2024,-220300,-2305215000,10.5(0.00 %),63100,662030000,283400,2967245000,988499154,0.0
13/08/2024,-116900,-1219535000,10.5(0.00 %),529000,5554235000,645900,6773770000,988616054,0.0
14/08/2024,-1140700,-11970330000,10.45(-0.48 %),110500,1160225000,1251200,13130555000,989756754,0.0
15/08/2024,-814500,-8449945000,10.4(-0.48 %),137800,1438425000,952300,9888370000,990571254,0.0
16/08/2024,629600,6634445000,10.6(1.92 %),732200,7720845000,102600,1086400000,989941654,0.0
19/08/2024,507400,5390115000,10.6(0.00 %),745400,7914560000,238000,2524445000,989434254,0.0
20/08/2024,140800,1497175000,10.65(0.47 %),238200,2532585000,97400,1035410000,989293454,0.0
21/08/2024,223000,2392615000,10.7(0.47 %),529700,5660350000,306700,3267735000,989070454,0.0
22/08/2024,-1552900,-16608015000,10.65(-0.47 %),59900,643940000,1612800,17251955000,990623354,0.0
23/08/2024,-1045500,-11127625000,10.65(0.00 %),373100,3977115000,1418600,15104740000,991668854,0.0
26/08/2024,-620900,-6608930000,10.6(-0.47 %),140100,1496720000,761000,8105650000,992289754,0.0
27/08/2024,-524800,-5562980000,10.6(0.00 %),73500,779100000,598300,6342080000,992814554,0.0
28/08/2024,-216000,-2277330000,10.6(0.00 %),219600,2329380000,435600,4606710000,993030554,0.0
29/08/2024,-520400,-5500135000,10.55(-0.47 %),263600,2799425000,784000,8299560000,993550954,0.0
30/08/2024,147500,1566100000,10.55(0.00 %),292900,3101895000,145400,1535795000,993403454,0.0
04/09/2024,-743800,-7784075000,10.4(-1.42 %),228400,2383250000,972200,10167325000,994730327,0.0
05/09/2024,-284100,-2951110000,10.4(0.00 %),200300,2088955000,484400,5040065000,995014427,0.0
06/09/2024,114800,1199545000,10.35(-0.48 %),326900,3394590000,212100,2195045000,994899627,0.0
09/09/2024,-220400,-2271725000,10.35(0.00 %),172000,1784655000,392400,4056380000,995120027,0.0
10/09/2024,-934700,-9606545000,10.3(-0.48 %),383200,3976290000,1317900,13582835000,996054727,0.0
11/09/2024,155000,1599420000,10.3(0.00 %),343900,3540675000,188900,1941255000,995899727,0.0
12/09/2024,62100,645075000,10.35(0.49 %),210000,2173550000,147900,1528475000,995837627,0.0
13/09/2024,-21700,-220145000,10.3(-0.48 %),93200,964590000,114900,1184735000,995859327,0.0
16/09/2024,198600,2044045000,10.25(-0.49 %),275200,2832055000,76600,788010000,995660727,0.0
17/09/2024,119300,1237130000,10.4(1.46 %),189300,1953290000,70000,716160000,995541427,0.0
18/09/2024,-635700,-6583455000,10.35(-0.48 %),113400,1175860000,749100,7759315000,996177127,0.0
19/09/2024,212000,2195465000,10.35(0.00 %),455200,4722585000,243200,2527120000,995965127,0.0
20/09/2024,824300,8617690000,10.45(0.97 %),1827300,19093945000,1003000,10476255000,995140827,0.0
23/09/2024,170000,1772395000,10.35(-0.96 %),170000,1772395000,0,0,994970827,0.0
24/09/2024,360600,3749095000,10.45(0.97 %),417800,4342450000,57200,593355000,994610227,0.0
25/09/2024,1132700,11922365000,10.55(0.96 %),1429100,15040645000,296400,3118280000,993477527,0.0
26/09/2024,1953200,20859665000,10.75(1.90 %),2174500,23227220000,221300,2367555000,991524327,0.0
27/09/2024,849100,9335380000,11(2.33 %),3000100,33239180000,2151000,23903800000,990675227,0.0
30/09/2024,-172600,-1898660000,11(0.00 %),140100,1542225000,312700,3440885000,990847827,0.0
01/10/2024,886400,9841245000,11.05(0.45 %),1076900,11950155000,190500,2108910000,990182468,0.0
02/10/2024,-163000,-1782240000,10.9(-1.36 %),144900,1584135000,307900,3366375000,990345468,0.0
03/10/2024,1710100,18832755000,10.95(0.46 %),2163700,23817685000,453600,4984930000,988635368,0.0
04/10/2024,-261800,-2843835000,10.85(-0.91 %),41100,448035000,302900,3291870000,988897168,0.0
07/10/2024,-68400,-731175000,10.85(0.00 %),174600,1897565000,243000,2628740000,988965568,0.0
08/10/2024,-1920700,-20769155000,10.75(-0.92 %),325800,3510625000,2246500,24279780000,990886268,0.0
09/10/2024,662900,7176755000,10.8(0.47 %),980500,10603675000,317600,3426920000,990223368,0.0
10/10/2024,80000,881205000,10.75(-0.46 %),288200,3138565000,208200,2257360000,990143368,0.0
11/10/2024,210400,2272565000,10.8(0.47 %),254300,2746365000,43900,473800000,989932968,0.0
14/10/2024,-379300,-4108545000,10.8(0.00 %),12300,133110000,391600,4241655000,990312268,0.0
15/10/2024,133300,1456680000,10.8(0.00 %),298800,3247440000,165500,1790760000,990178968,0.0
16/10/2024,-346600,-3725890000,10.75(-0.46 %),121000,1305940000,467600,5031830000,990525568,0.0
17/10/2024,-880500,-9483060000,10.8(0.47 %),195500,2106935000,1076000,11589995000,991406068,0.0
18/10/2024,1280000,13955730000,10.85(0.46 %),1417200,15447475000,137200,1491745000,990126068,0.0
21/10/2024,-158900,-1708630000,10.8(-0.46 %),205600,2229575000,364500,3938205000,990284968,0.0
22/10/2024,-2491400,-26709890000,10.7(-0.93 %),230100,2475195000,2721500,29185085000,992776368,0.0
23/10/2024,-700800,-7472240000,10.65(-0.47 %),252600,2698020000,953400,10170260000,993477168,0.0
24/10/2024,-123600,-1291875000,10.55(-0.94 %),315600,3366665000,439200,4658540000,993600768,0.0
25/10/2024,-296000,-3091380000,10.4(-1.42 %),261400,2759035000,557400,5850415000,993896768,0.0
28/10/2024,358900,3758160000,10.45(0.48 %),396700,4153315000,37800,395155000,993537868,0.0
29/10/2024,-110100,-1150260000,10.5(0.48 %),47700,502610000,157800,1652870000,993647968,0.0
30/10/2024,-202300,-2116455000,10.5(0.00 %),162500,1706250000,364800,3822705000,993850268,0.0
31/10/2024,2042700,21615590000,10.6(0.95 %),2194500,23229750000,151800,1614160000,991807568,0.0
01/11/2024,400400,4253895000,10.55(-0.47 %),648900,6878290000,248500,2624395000,993012529,0.0
04/11/2024,157100,1654950000,10.45(-0.95 %),270500,2840790000,113400,1185840000,992855429,0.0
05/11/2024,362100,3805785000,10.55(0.96 %),500800,5257400000,138700,1451615000,992493329,0.0
06/11/2024,335800,3564910000,10.65(0.95 %),441400,4683800000,105600,1118890000,992157529,0.0
07/11/2024,911700,9719480000,10.6(-0.47 %),1348200,14372580000,436500,4653100000,991245829,0.0
08/11/2024,-57400,-597550000,10.55(-0.47 %),278600,2948450000,336000,3546000000,991303229,0.0
11/11/2024,-536200,-5615750000,10.5(-0.47 %),149400,1563065000,685600,7178815000,991839429,0.0
12/11/2024,-139800,-1462575000,10.45(-0.48 %),155700,1637235000,295500,3099810000,992866569,2.89
13/11/2024,-406800,-4241925000,10.45(0.00 %),248100,2594840000,654900,6836765000,992386029,0.0
14/11/2024,-40600,-417195000,10.35(-0.96 %),113400,1183390000,154000,1600585000,992426629,0.0
15/11/2024,-581700,-5961180000,10.2(-1.45 %),202700,2079220000,784400,8040400000,993008329,0.0
18/11/2024,-779200,-7944645000,10.2(0.00 %),161300,1640705000,940500,9585350000,993787529,0.0
19/11/2024,-1322100,-13418035000,10.1(-0.98 %),96400,982860000,1418500,14400895000,995109629,0.0
20/11/2024,-713000,-7247480000,10.2(0.99 %),47400,484680000,760400,7732160000,995822629,0.0
21/11/2024,-409000,-4168300000,10.25(0.49 %),268000,2739990000,677000,6908290000,996231629,0.0
22/11/2024,-318000,-3252790000,10.25(0.00 %),94900,974490000,412900,4227280000,996549629,0.0
25/11/2024,1351700,13937265000,10.3(0.49 %),1737000,17887475000,385300,3950210000,994119469,2.86
26/11/2024,352300,3648690000,10.35(0.49 %),400000,4142385000,47700,493695000,994015569,2.86
27/11/2024,-166600,-1717305000,10.3(-0.48 %),79500,822825000,246100,2540130000,994215369,2.86
28/11/2024,76500,792835000,10.25(-0.49 %),154000,1587210000,77500,794375000,994056069,2.86
29/11/2024,-217100,-2223390000,10.3(0.49 %),359700,3691810000,576800,5915200000,993942469,2.86
02/12/2024,35300,363855000,10.3(0.00 %),157000,1617100000,121700,1253245000,993862969,2.87
03/12/2024,53900,559220000,10.3(0.00 %),161700,1665670000,107800,1106450000,994278069,2.86
04/12/2024,-11400,-111510000,10.2(-0.97 %),128400,1316040000,139800,1427550000,994415369,2.85
05/12/2024,-41600,-423620000,10.5(2.94 %),337200,3485615000,378800,3909235000,994257969,2.86
09/12/2024,282800,2930715000,10.35(0.00 %),318100,3296070000,35300,365355000,994128069,2.86
10/12/2024,797400,8298875000,10.35(0.00 %),992200,10320090000,194800,2021215000,993601069,2.87
16/12/2024,-413500,-4283700000,10.4(0.00 %),53500,555845000,467000,4839545000,993843169,2.87
17/12/2024,-930900,-9629550000,10.35(-0.48 %),221900,2303620000,1152800,11933170000,994031569,2.86
18/12/2024,-192700,-1993700000,10.35(0.00 %),17900,185345000,210600,2179045000,994480597,2.85
19/12/2024,-1157900,-11849375000,10.2(-1.45 %),16400,167695000,1174300,12017070000,995616997,2.82
20/12/2024,-421700,-4246350000,10.15(-0.49 %),2007500,20419105000,2429200,24665455000,993819959,2.87
24/12/2024,0,0,10.25(0.00 %),0,0,0,0,996866560,2.78
25/12/2024,350000,3610025000,10.3(0.49 %),355300,3665145000,5300,55120000,996542460,2.79
26/12/2024,-207100,-2141100000,10.3(0.00 %),21800,224570000,228900,2365670000,996782193,2.79
27/12/2024,120700,1253090000,10.3(0.00 %),231200,2392785000,110500,1139695000,996450363,2.8
30/12/2024,91400,941655000,10.25(-0.49 %),202100,2081630000,110700,1139975000,996424163,2.8
31/12/2024,-19800,-199860000,10.25(0.00 %),75600,777990000,95400,977850000,996458948,2.8
02/01/2025,-109200,-1113445000,10.25(0.00 %),325700,3344360000,434900,4457805000,996243886,2.8
03/01/2025,-1047500,-10729750000,10.25(0.00 %),130300,1338050000,1177800,12067800000,996208905,2.8
06/01/2025,276700,2862735000,10.3(0.49 %),518100,5353900000,241400,2491165000,996170104,2.8
07/01/2025,58900,612655000,10.25(-0.49 %),286200,2949715000,227300,2337060000,996170104,2.8
08/01/2025,76800,793040000,10.3(0.49 %),222800,2289540000,146000,1496500000,996974390,2.78
09/01/2025,-333200,-3415040000,10.25(-0.49 %),103200,1059990000,436400,4475030000,997098404,2.78
10/01/2025,272300,2811705000,10.15(-0.98 %),728800,7473390000,456500,4661685000,996604350,2.79
13/01/2025,-267200,-2715000000,10.15(0.00 %),197300,1999675000,464500,4714675000,996843450,2.79
14/01/2025,-107100,-1080720000,10.1(-0.49 %),243200,2464575000,350300,3545295000,996950750,2.78
15/01/2025,-235100,-2386265000,10.15(0.50 %),10600,107590000,245700,2493855000,997351650,2.77
16/01/2025,-253000,-2555520000,10.15(0.00 %),221900,2264875000,474900,4820395000,997604650,0.0
17/01/2025,60600,622080000,10.2(0.49 %),388800,3968965000,328200,3346885000,997337038,2.77
20/01/2025,199900,2046650000,10.2(0.00 %),371100,3792110000,171200,1745460000,997440838,2.77
21/01/2025,126600,1333160000,10.2(0.00 %),815500,8362790000,688900,7029630000,996953618,2.78
22/01/2025,136500,1409595000,10.15(-0.49 %),418800,4284560000,282300,2874965000,996706114,2.79
23/01/2025,1268000,13018875000,10.25(0.99 %),1826900,18744505000,558900,5725630000,995568222,2.82
24/01/2025,337800,3520115000,10.3(0.49 %),989600,10222880000,651800,6702765000,994861007,2.84
03/02/2025,-173800,-1817085000,0(0.00 %),977900,10217760000,1151700,12034845000,994442097,2.85
04/02/2025,137200,1446775000,10.55(0.96 %),912300,9601980000,775100,8155205000,994181597,2.86
05/02/2025,-1325000,-13952765000,10.45(-0.95 %),1429300,15054460000,2754300,29007225000,993904019,2.87
06/02/2025,-569200,-5974260000,10.5(0.48 %),858400,9015500000,1427600,14989760000,993570719,2.87
07/02/2025,1296600,13731415000,10.55(0.48 %),2455300,25926155000,1158700,12194740000,993869719,2.87
10/02/2025,102200,1090505000,10.55(0.00 %),349200,3695805000,247000,2605300000,994948119,2.84
11/02/2025,1744300,18541565000,10.75(1.90 %),3220100,34445255000,1475800,15903690000,992786829,2.9
12/02/2025,-1262900,-13534875000,10.65(-0.93 %),150000,1603585000,1412900,15138460000,992783829,2.9
13/02/2025,774600,8306680000,10.75(0.94 %),1142100,12224680000,367500,3918000000,993061771,2.89
14/02/2025,-19200,-197945000,10.8(0.47 %),272000,2958565000,291200,3156510000,994202671,2.86
17/02/2025,4093900,44869315000,11(1.85 %),4532900,49697600000,439000,4828285000,990001271,2.97
18/02/2025,-841100,-9259520000,10.95(-0.45 %),1087700,11956855000,1928800,21216375000,989258771,2.99
19/02/2025,1897400,20837905000,11(0.46 %),2087200,22917650000,189800,2079745000,987560626,3.04
20/02/2025,1137400,12580150000,10.95(-0.45 %),2941300,32411575000,1803900,19831425000,986548126,3.07
21/02/2025,3350400,36959045000,11(0.46 %),5053400,55714610000,1703000,18755565000,981684600,3.2
24/02/2025,4474100,49674675000,11.15(1.36 %),4770200,52964535000,296100,3289860000,978718300,3.28
25/02/2025,1305100,14416845000,11.15(0.00 %),2996900,33242650000,1691800,18825805000,977396400,3.32
26/02/2025,-5269800,-53318630000,10.1(0.50 %),493400,5008160000,5763200,58326790000,977199080,3.32
27/02/2025,-2690000,-27013140000,10.05(-0.50 %),120300,1209000000,2810300,28222140000,978720678,3.28
28/02/2025,-2233700,-22319034000,10(-0.50 %),184300,1843429000,2418000,24162463000,984299614,3.13
03/03/2025,-2060300,-20560842000,9.92(-0.80 %),333000,3324062000,2393300,23884904000,986776988,3.06
04/03/2025,-1719500,-17099907000,9.97(0.50 %),889300,8870877000,2608800,25970784000,988305840,3.02
05/03/2025,-946000,-9506463000,9.99(0.20 %),488800,4905092000,1434800,14411555000,990210302,2.97
06/03/2025,-1956800,-19544616000,10(0.10 %),503200,5028130000,2460000,24572746000,992315933,2.91
07/03/2025,-484000,-4818797000,10(0.00 %),661200,6633153000,1145200,11451950000,993160533,2.89
10/03/2025,84700,886666000,10(0.00 %),1051300,10560895000,966600,9674229000,994569233,2.85
11/03/2025,-2624500,-26150512000,9.99(-0.10 %),636800,6346585000,3261300,32497097000,994569233,2.85
12/03/2025,151700,1519462000,9.98(-0.10 %),442100,4419200000,290400,2899738000,995602232,2.82
13/03/2025,-2253300,-22468024880,10(0.20 %),159900,1596793000,2413200,24064817880,998703632,2.73
14/03/2025,7082200,73698560000,10.7(7.00 %),8351900,87040245000,1269700,13341685000,990639930,2.95
17/03/2025,3531300,39528135000,11.25(5.14 %),5007300,56084170000,1476000,16556035000,988045225,3.03
18/03/2025,9502100,107411560000,11.6(3.11 %),11142300,125897725000,1640200,18486165000,978169399,3.3
19/03/2025,3703900,42973380000,11.65(0.43 %),9099000,105913695000,5395100,62940315000,970547084,3.5
20/03/2025,4823300,56226000000,11.75(0.86 %),7491100,87506045000,2667800,31280045000,964667363,3.66
21/03/2025,-10880300,-128239445000,11.75(0.00 %),747300,8876290000,11627600,137115735000,969265362,3.54
24/03/2025,-1337000,-16313780000,12.4(5.53 %),4086100,48298490000,5423100,64612270000,967840839,3.58
25/03/2025,-9555100,-117903885000,12.4(0.00 %),399200,4954735000,9954300,122858620000,978989674,3.27
26/03/2025,1053900,13232145000,12.25(-1.21 %),2721700,33678920000,1667800,20446775000,1089394029,3.21
27/03/2025,5548000,68924480000,12.7(3.67 %),6348000,78900370000,800000,9975890000,1092900517,3.12
28/03/2025,-4488500,-56638510000,12.7(0.00 %),387900,4869255000,4876400,61507765000,1094130696,3.09
31/03/2025,-4640900,-57932310000,12.45(-1.97 %),996500,12275920000,5637400,70208230000,1093933309,3.09
01/04/2025,-179100,-2222635000,12.45(0.00 %),1211300,14890410000,1390400,17113045000,1097598493,3.0
02/04/2025,-1714500,-21679540000,12.55(0.80 %),2407000,30144390000,4121500,51823930000,1100730741,2.93
03/04/2025,-1425800,-17270330000,11.7(-6.77 %),2238400,26585860000,3664200,43856190000,1099841196,2.95
04/04/2025,14955800,167779970000,12.05(2.99 %),19112500,215650975000,4156700,47871005000,1084750250,3.32
08/04/2025,-2978800,-34214120000,11.25(-6.64 %),528400,5983570000,3507200,40197690000,1087727835,3.25
09/04/2025,2511000,26727075000,10.95(-2.67 %),8162100,89961875000,5651100,63234800000,1083582544,3.35
10/04/2025,28800,336960000,11.7(6.85 %),65200,762840000,36400,425880000,1086718444,3.27
11/04/2025,-6458400,-76944870000,12.15(3.85 %),2722900,32074420000,9181300,109019290000,1089646706,3.2
14/04/2025,-8077800,-97335015000,12.15(0.00 %),378300,4590490000,8456100,101925505000,1089304806,3.21
15/04/2025,-3200300,-38129745000,11.9(-2.06 %),412000,4889955000,3612300,43019700000,1098074154,2.99
16/04/2025,1202500,14258665000,12(0.84 %),2278900,27042625000,1076400,12783960000,1104251287,2.84
17/04/2025,-2554800,-30617385000,12.05(0.42 %),567000,6735300000,3121800,37352685000,1107296549,2.77
18/04/2025,5962600,76031005000,12.85(6.64 %),7632400,97132725000,1669800,21101720000,1100740615,2.93
21/04/2025,5035500,65326540000,13.2(2.72 %),6671400,86837655000,1635900,21511115000,1097177730,3.01
22/04/2025,-253700,-3615970000,13.2(0.00 %),4152700,52670755000,4406400,56286725000,1094694683,3.08
23/04/2025,-4755200,-62089180000,13(-1.52 %),2347400,30507475000,7102600,92596655000,1094011202,3.09
24/04/2025,-5792700,-74407355000,12.9(-0.77 %),931600,11882425000,6724300,86289780000,1097486002,3.01
25/04/2025,-4660900,-59925600000,12.8(-0.78 %),1688800,21427870000,6349700,81353470000,1102899975,2.87
28/04/2025,-913700,-11445940000,12.7(-0.78 %),219100,2765455000,1132800,14211395000,1109405400,2.71
29/04/2025,-180200,-2281900000,12.6(-0.79 %),86000,1091000000,266200,3372900000,1115669234,2.56
05/05/2025,109900,-3730568000,12.7(0.79 %),109900,1386510000,0,5117078000,1116802119,2.53
06/05/2025,648000,8290610000,12.5(-1.57 %),1688600,21392935000,1040600,13102325000,1116420449,2.54
07/05/2025,2630500,32726715000,12.6(0.80 %),2809200,34967190000,178700,2240475000,1114084998,2.6
08/05/2025,3861800,48718685000,12.9(2.38 %),4794700,60730100000,932900,12011415000,1110223235,2.69
09/05/2025,433400,5531375000,12.9(0.00 %),1421900,18189080000,988500,12657705000,1109789845,2.7
12/05/2025,623600,8126970000,13.15(1.94 %),723600,9431970000,100000,1305000000,1109166200,2.72
13/05/2025,-1051300,-13718170000,13.1(-0.38 %),805400,10593520000,1856700,24311690000,1109166200,2.72
14/05/2025,2726000,35508065000,13(-0.76 %),2812900,36637700000,86900,1129635000,1106440340,2.79
15/05/2025,22352601,292678620650,13.7(5.38 %),22352601,296576303150,0,3897682500,1085427089,3.3
16/05/2025,1081100,12535300000,13.45(-1.82 %),1081100,14616045000,0,2080745000,1084500889,3.33
19/05/2025,602103,-191306800,13.35(-0.74 %),602103,8023780200,0,8215087000,1084500889,3.33
20/05/2025,896701,-176057458250,13.35(0.00 %),896701,12008328350,0,188065786600,1084500889,3.33
21/05/2025,2159101,-21096234550,13.5(1.12 %),2159101,29064953250,0,50161187800,1084514136,3.33
22/05/2025,3432503,30412550350,13.45(-0.37 %),3432503,46186575350,0,15774025000,1095398849,3.06
23/05/2025,592400,7908225000,13.5(0.37 %),1219700,16355435000,627300,8447210000,1096416088,3.03
26/05/2025,1529400,-11732950000,13.6(0.74 %),1529400,20714555000,0,32447505000,1096416088,3.03
27/05/2025,-3075200,-41790250000,13.8(1.47 %),1351300,18365900000,4426500,60156150000,1096416088,3.03
28/05/2025,174950,-32595547500,13.8(0.00 %),174950,2402262500,0,34997810000,1097267388,3.01
29/05/2025,298100,-43105255700,13.6(-1.45 %),298100,4114010000,0,47219265700,1100342673,2.94
30/05/2025,3997601,41861467000,13.55(-0.37 %),3997601,53635688450,0,11774221450,1099594961,2.95
02/06/2025,7073300,94882389000,13.7(1.11 %),7073300,95828005000,0,945616000,1095689178,3.05
03/06/2025,11903761,158747508500,13.9(1.46 %),11903761,164084736100,0,5337227600,1084170158,3.33
04/06/2025,2559731,-4229368050,13.8(-0.72 %),2559731,35550085900,0,39779453950,1084170158,3.33
05/06/2025,182505,-3983713750,13.7(-0.72 %),182505,2506118750,0,6489832500,1084172758,3.33
06/06/2025,63902,-40902012350,13.7(0.00 %),63902,872747250,0,41774759600,1084460354,3.33
09/06/2025,616528,-75070609600,13.05(-1.14 %),616528,8047230400,0,83117840000,1084751555,3.32
10/06/2025,1474000,16185196000,13.15(0.77 %),1474000,19149790000,0,2964594000,1086499802,3.28
11/06/2025,-1422400,-18953950000,13.3(1.14 %),391200,5153695000,1813600,24107645000,1092263374,3.13
12/06/2025,-7791300,-104764060000,13.3(0.00 %),588600,7830865000,8379900,112594925000,1092263374,3.13
13/06/2025,-4284700,-55431295000,12.9(-3.01 %),143400,1859695000,4428100,57290990000,1093685774,3.1
16/06/2025,-1304400,-16934010000,13.1(1.55 %),728000,9477695000,2032400,26411705000,1101477074,2.91
17/06/2025,2296300,30117400000,13.2(0.76 %),2752400,36095810000,456100,5978410000,1103478481,2.86
18/06/2025,3942000,51832990000,13.15(-0.38 %),4124900,54233505000,182900,2400515000,1100840855,2.92
19/06/2025,545800,7179045000,13(-1.14 %),612300,8045190000,66500,866145000,1100295096,2.94
20/06/2025,6523600,85273230000,13.1(0.77 %),7858200,102729605000,1334600,17456375000,1093771528,3.1
23/06/2025,-3156300,-40983805000,13(-0.76 %),42700,554945000,3199000,41538750000,1093771528,3.1
24/06/2025,-1949200,-25288145000,13(0.00 %),983400,12790495000,2932600,38078640000,1093771528,3.1
25/06/2025,-4886100,-63412370000,13.05(0.38 %),107700,1394690000,4993800,64807060000,1096917427,3.02
26/06/2025,-67700,-897930000,13.1(0.38 %),97700,1265610000,165400,2163540000,1098866682,2.97
27/06/2025,-872800,-11382605000,12.95(-1.15 %),25600,333410000,898400,11716015000,1103752751,2.85
30/06/2025,150500,1955910000,12.9(-0.39 %),407700,5283710000,257200,3327800000,1103670075,2.85
01/07/2025,-203000,-2605270000,12.85(-0.39 %),16700,214790000,219700,2820060000,1104542929,2.83
02/07/2025,292000,3769590000,12.95(0.78 %),320100,4131720000,28100,362130000,1104251075,2.84
03/07/2025,-38700,-503200000,13(0.39 %),135200,1756120000,173900,2259320000,1104454043,2.84
04/07/2025,3078300,39968320000,13(0.00 %),3184300,41344215000,106000,1375895000,1101375900,2.91
07/07/2025,41301500,553213705000,13.9(6.92 %),42314000,566900275000,1012500,13686570000,1060113122,3.93
08/07/2025,11220200,158995680000,14.15(1.80 %),11384400,161317500000,164200,2321820000,1048893136,4.2
09/07/2025,18780400,267215710000,14(-1.06 %),19489200,277140130000,708800,9924420000,1030071036,4.66
10/07/2025,10311300,145857915000,14.35(2.50 %),12103000,171153365000,1791700,25295450000,1030071036,4.66
11/07/2025,-8308000,-118517425000,14.2(-1.05 %),3178600,45200000000,11486600,163717425000,1019759757,4.92
14/07/2025,-426000,-6004020000,14.15(-0.35 %),1919700,27084570000,2345700,33088590000,1019759757,4.92
15/07/2025,6463700,92688005000,14.1(-0.35 %),9706300,138754730000,3242600,46066725000,1021604127,4.87
16/07/2025,-958500,-13638180000,14.25(1.06 %),2685500,38062495000,3644000,51700675000,1022000676,4.86
17/07/2025,-2926900,-41673690000,14.3(0.35 %),3855600,55080630000,6782500,96754320000,1022000676,4.86
18/07/2025,-937200,-12785995000,14.2(-0.70 %),4436100,63523095000,5373300,76309090000,1022884462,4.84
21/07/2025,4501100,64181120000,14.6(2.82 %),9557400,137709215000,5056300,73528095000,1021298407,4.88
22/07/2025,-10706000,-155438885000,14.6(0.00 %),319800,4651075000,11025800,160089960000,1022235557,4.86
23/07/2025,-7781300,-114291925000,14.65(0.34 %),595600,8759825000,8376900,123051750000,1022232957,4.86
24/07/2025,7120600,106029665000,15.05(2.73 %),8368500,124961850000,1247900,18932185000,1025818357,4.77
25/07/2025,-4906800,-74092555000,15.05(0.00 %),735700,11107310000,5642500,85199865000,1033599698,4.58
28/07/2025,21219000,334337325000,16.1(6.98 %),22150200,349199980000,931200,14862655000,1012301671,5.1
29/07/2025,2923300,45908605000,15.05(-6.52 %),10039700,160306545000,7116400,114397940000,1014275522,5.05
30/07/2025,10714900,170154240000,16.1(6.98 %),11044900,175458015000,330000,5303775000,1003560555,5.32
31/07/2025,-4635700,-79437880000,17.2(6.83 %),3100300,52800890000,7736000,132238770000,1003560555,5.32
01/08/2025,8810000,152089640000,17.4(1.16 %),15488300,268002015000,6678300,115912375000,994750537,5.53
04/08/2025,3965400,74518345000,18.6(6.90 %),6493000,120672610000,2527600,46154265000,995420953,5.52
05/08/2025,-12007200,-231816485000,18.35(-1.34 %),4047900,76810115000,16055100,308626600000,995420953,5.52
06/08/2025,402900,7495250000,18.75(2.18 %),5192600,97037430000,4789700,89542180000,995018028,5.53
07/08/2025,2205300,41375300000,18.85(0.53 %),6973000,131451270000,4767700,90075970000,1004794915,5.29
08/08/2025,-617500,-11784860000,18.65(-1.06 %),2909700,54827845000,3527200,66612705000,1004794915,5.29
11/08/2025,5725400,108697745000,19.1(2.41 %),10847300,205057405000,5121900,96359660000,999059117,5.43
12/08/2025,-4178500,-79450330000,18.9(-1.05 %),1884600,35825765000,6063100,115276095000,999663404,5.41
13/08/2025,6729500,129940730000,19.35(2.38 %),9982000,192347970000,3252500,62407240000,992933924,5.58
14/08/2025,-6528000,-132528920000,20.4(5.43 %),1881000,38142185000,8409000,170671105000,997107715,5.48
15/08/2025,-6762500,-137841690000,20.85(2.21 %),4071000,84355620000,10833500,222197310000,997107715,5.48
18/08/2025,-13904900,-264683230000,18.85(2.17 %),2064600,39303495000,15969500,303986725000,1003635647,5.31
19/08/2025,-1423800,-26705755000,18.5(-1.86 %),7586100,141953860000,9009900,168659615000,1010398172,5.15
20/08/2025,11493800,206512795000,18.3(-1.08 %),16228800,292197545000,4735000,85684750000,1012739769,5.09
21/08/2025,1022300,19022360000,18.5(1.09 %),2347900,43668570000,1325600,24646210000,1013388754,5.07
22/08/2025,-3048700,-56520420000,17.25(-6.76 %),5554100,98601290000,8602800,155121710000,1013388754,5.07
25/08/2025,4978400,80672610000,16.3(-5.51 %),8763700,145126270000,3785300,64453660000,1013388754,5.07
26/08/2025,3313300,54435065000,0(-100.00 %),6146500,102575090000,2833200,48140025000,1008410415,5.2
