Ngay,KLGDRong,GTDGRong,ThayDoi,KLMua,GtMua,KLBan,GtBan,RoomConLai,DangSoHuu
01/03/2007,-24210,-9654640000,0(0.00 %),790,315780000,25000,9970420000,0,0.0
02/03/2007,5360,2129780000,0(0.00 %),5360,2129780000,0,0,0,0.0
05/03/2007,5300,2061860000,0(0.00 %),5300,2061860000,0,0,0,0.0
06/03/2007,0,0,0(0.00 %),0,0,0,0,0,0.0
07/03/2007,-8240,-2884000000,0(0.00 %),1300,455000000,9540,3339000000,0,0.0
08/03/2007,5900,2113000000,0(0.00 %),6100,2183000000,200,70000000,0,0.0
09/03/2007,-7340,-2602950000,0(0.00 %),550,198000000,7890,2800950000,0,0.0
12/03/2007,-13640,-5142280000,0(0.00 %),0,0,13640,5142280000,0,0.0
13/03/2007,-14410,-5282160000,0(0.00 %),2000,752000000,16410,6034160000,0,0.0
14/03/2007,-19950,-6822900000,0(0.00 %),0,0,19950,6822900000,0,0.0
15/03/2007,1000,325000000,325(-4.97 %),1350,438750000,350,113750000,0,0.0
16/03/2007,-2950,-1005950000,341(4.92 %),0,0,2950,1005950000,0,0.0
19/03/2007,-3660,-1310280000,358(4.99 %),50,17900000,3710,1328180000,0,0.0
20/03/2007,0,0,341(-4.75 %),0,0,0,0,0,0.0
21/03/2007,-21040,-7532320000,358(4.99 %),0,0,21040,7532320000,0,0.0
22/03/2007,-950,-356250000,368(2.79 %),0,0,950,356250000,0,0.0
23/03/2007,-18790,-7252940000,386(4.89 %),0,0,18790,7252940000,0,0.0
26/03/2007,-14800,-5994000000,405(4.92 %),2000,810000000,16800,6804000000,0,0.0
27/03/2007,-1500,-645000000,386(-4.69 %),300,120000000,1800,765000000,0,0.0
28/03/2007,1230,489400000,400(3.63 %),1230,489400000,0,0,0,0.0
29/03/2007,2680,1073900000,405(1.25 %),2680,1073900000,0,0,0,0.0
30/03/2007,10090,4010850000,395(-2.47 %),10890,4330850000,800,320000000,0,0.0
02/04/2007,1370,530380000,380(-3.80 %),13830,5301980000,12460,4771600000,0,0.0
03/04/2007,15580,5920400000,380(0.00 %),15580,5920400000,0,0,0,0.0
04/04/2007,0,0,221(4.74 %),0,0,0,0,0,0.0
05/04/2007,9840,2282880000,232(4.98 %),9840,2282880000,0,0,0,0.0
06/04/2007,21510,5162400000,240(3.45 %),22010,5282400000,500,120000000,0,0.0
09/04/2007,-1940,-448280000,231(-3.75 %),60,13920000,2000,462200000,0,0.0
10/04/2007,5240,1194320000,225(-2.60 %),5240,1194320000,0,0,0,0.0
11/04/2007,4300,946000000,220(-2.22 %),5100,1122000000,800,176000000,0,0.0
12/04/2007,10080,2116800000,210(-4.55 %),10080,2116800000,0,0,0,0.0
13/04/2007,54980,10996000000,200(-4.76 %),54980,10996000000,0,0,0,0.0
16/04/2007,33230,6313700000,190(-5.00 %),33230,6313700000,0,0,0,0.0
17/04/2007,22730,4179930000,185(-2.63 %),25480,4701880000,2750,521950000,0,0.0
18/04/2007,-21360,-4099090000,194(4.86 %),1000,185000000,22360,4284090000,0,0.0
19/04/2007,-13010,-2579540000,192(-1.03 %),170,32780000,13180,2612320000,0,0.0
20/04/2007,120,22300000,187(-2.60 %),120,22300000,0,0,0,0.0
23/04/2007,-930,-166640000,178(-4.81 %),620,110810000,1550,277450000,0,0.0
24/04/2007,0,0,170(-4.49 %),0,0,0,0,0,0.0
25/04/2007,3320,580400000,175(2.94 %),4120,720400000,800,140000000,0,0.0
02/05/2007,-4470,-774170000,171(-2.29 %),5540,947340000,10010,1721510000,0,0.0
03/05/2007,18290,3200750000,175(2.34 %),27000,4725000000,8710,1524250000,0,0.0
04/05/2007,-3870,-669510000,173(-1.14 %),0,0,3870,669510000,0,0.0
07/05/2007,-5470,-884160000,178(2.89 %),16350,2909800000,21820,3793960000,0,0.0
08/05/2007,0,0,186(4.49 %),0,0,0,0,0,0.0
09/05/2007,1660,315000000,186(0.00 %),1660,315000000,0,0,0,0.0
10/05/2007,3050,567100000,180(-3.23 %),3050,567100000,0,0,0,0.0
11/05/2007,980,178500000,183(1.67 %),1580,286500000,600,108000000,0,0.0
14/05/2007,1100,198000000,180(-1.64 %),1100,198000000,0,0,0,0.0
15/05/2007,22230,4029190000,183(1.67 %),23530,4267090000,1300,237900000,0,0.0
16/05/2007,10800,1950990000,180(-1.64 %),10800,1950990000,0,0,0,0.0
17/05/2007,1600,286400000,180(0.00 %),1600,286400000,0,0,0,0.0
18/05/2007,-9000,-1620100000,179(-0.56 %),100,17900000,9100,1638000000,0,0.0
21/05/2007,21910,3959580000,182(1.68 %),22010,3977580000,100,18000000,0,0.0
22/05/2007,300,54600000,182(0.00 %),2000,364000000,1700,309400000,0,0.0
23/05/2007,14660,2791030000,188(3.30 %),17350,3296750000,2690,505720000,0,0.0
24/05/2007,44250,8173300000,184(-2.13 %),45050,8321300000,800,148000000,0,0.0
25/05/2007,23420,4314640000,185(0.54 %),23520,4333140000,100,18500000,0,0.0
28/05/2007,9690,1776010000,183(-1.08 %),47190,8648510000,37500,6872500000,0,0.0
29/05/2007,2590,471650000,180(-1.64 %),21750,3929610000,19160,3457960000,0,0.0
30/05/2007,-3790,-674620000,178(-1.11 %),9300,1655400000,13090,2330020000,0,0.0
31/05/2007,-54400,-9683200000,178(0.00 %),0,0,54400,9683200000,0,0.0
01/06/2007,-18120,-3197070000,177(-0.56 %),39280,6922730000,57400,10119800000,0,0.0
04/06/2007,-7650,-1341350000,175(-1.13 %),15450,2719350000,23100,4060700000,0,0.0
05/06/2007,9460,1617660000,171(-2.29 %),15200,2599200000,5740,981540000,0,0.0
06/06/2007,-29000,-4969830000,171(0.00 %),26000,4420000000,55000,9389830000,0,0.0
07/06/2007,-11920,-2057160000,173(1.17 %),3080,532840000,15000,2590000000,0,0.0
08/06/2007,25820,4525700000,175(1.16 %),97650,17127900000,71830,12602200000,0,0.0
11/06/2007,44760,7898880000,177(1.14 %),107760,19039880000,63000,11141000000,0,0.0
12/06/2007,-14180,-2490930000,175(-1.13 %),39820,6981450000,54000,9472380000,0,0.0
13/06/2007,56080,9939190000,178(1.71 %),85630,15185050000,29550,5245860000,0,0.0
14/06/2007,23810,4239810000,179(0.56 %),55810,9952810000,32000,5713000000,0,0.0
15/06/2007,56890,10218220000,180(0.56 %),96140,17236880000,39250,7018660000,0,0.0
18/06/2007,24720,4449600000,180(0.00 %),67720,12189600000,43000,7740000000,0,0.0
19/06/2007,16970,2987710000,177(-1.67 %),21970,3872710000,5000,885000000,0,0.0
20/06/2007,1570,291310000,175(-1.13 %),34370,6060910000,32800,5769600000,0,0.0
21/06/2007,18210,3179220000,174(-0.57 %),38550,6733380000,20340,3554160000,0,0.0
22/06/2007,8420,1456660000,173(-0.57 %),36390,6295470000,27970,4838810000,0,0.0
25/06/2007,67220,11809500000,175(1.16 %),69020,12124500000,1800,315000000,0,0.0
26/06/2007,3670,649980000,174(-0.57 %),22690,3948060000,19020,3298080000,0,0.0
27/06/2007,-5310,-918150000,172(-1.15 %),14690,2531850000,20000,3450000000,0,0.0
28/06/2007,8180,1409220000,172(0.00 %),8180,1409220000,0,0,0,0.0
29/06/2007,51360,8986950000,172(0.00 %),51360,8986950000,0,0,0,0.0
02/07/2007,33450,5691800000,170(-1.16 %),33600,5717600000,150,25800000,0,0.0
03/07/2007,100760,17129200000,170(0.00 %),100760,17129200000,0,0,0,0.0
04/07/2007,27190,4759250000,173(1.76 %),28190,4929250000,1000,170000000,0,0.0
05/07/2007,39650,6859450000,173(0.00 %),39650,6859450000,0,0,0,0.0
06/07/2007,54540,9489960000,174(0.58 %),54540,9489960000,0,0,0,0.0
09/07/2007,128670,22773950000,178(2.30 %),128870,22809350000,200,35400000,0,0.0
10/07/2007,48140,8715670000,182(2.25 %),78290,14112820000,30150,5397150000,0,0.0
11/07/2007,46250,8394040000,180(-1.10 %),61250,11124040000,15000,2730000000,0,0.0
12/07/2007,30230,5419430000,175(-2.78 %),30530,5473430000,300,54000000,0,0.0
13/07/2007,1270,243850000,179(2.29 %),6210,1108350000,4940,864500000,0,0.0
16/07/2007,15310,2709980000,174(-2.79 %),29930,5312340000,14620,2602360000,0,0.0
17/07/2007,-420,-73160000,175(0.57 %),520,91000000,940,164160000,0,0.0
18/07/2007,11610,2031750000,175(0.00 %),21400,3745000000,9790,1713250000,0,0.0
19/07/2007,10640,1840720000,173(-1.14 %),25100,4342300000,14460,2501580000,0,0.0
20/07/2007,9130,1579490000,173(0.00 %),35800,6193400000,26670,4613910000,0,0.0
23/07/2007,-150,-25950000,174(0.58 %),0,0,150,25950000,0,0.0
24/07/2007,32650,5654660000,173(-0.57 %),45700,7920360000,13050,2265700000,0,0.0
25/07/2007,15210,2618930000,173(0.00 %),40390,6975070000,25180,4356140000,0,0.0
26/07/2007,8460,1456660000,171(-1.16 %),26460,4534660000,18000,3078000000,0,0.0
27/07/2007,-11840,-2013220000,169(-1.17 %),420,70980000,12260,2084200000,0,0.0
30/07/2007,26840,4509120000,168(-0.59 %),26840,4509120000,0,0,0,0.0
31/07/2007,50860,8489150000,167(-0.60 %),64130,10705240000,13270,2216090000,0,0.0
01/08/2007,-8800,-1458520000,167(0.00 %),26200,4367380000,35000,5825900000,0,0.0
02/08/2007,200,33600000,162(-2.99 %),200,33600000,0,0,0,0.0
03/08/2007,6010,965520000,160(-1.23 %),6010,965520000,0,0,0,0.0
06/08/2007,12650,2024000000,160(0.00 %),12650,2024000000,0,0,0,0.0
07/08/2007,230,36900000,161(0.62 %),230,36900000,0,0,0,0.0
08/08/2007,0,0,163(1.24 %),0,0,0,0,0,0.0
09/08/2007,9920,1682340000,171(4.91 %),9920,1682340000,0,0,0,0.0
10/08/2007,19680,3363000000,171(0.00 %),21480,3664200000,1800,301200000,0,0.0
13/08/2007,-930,-154350000,166(-2.92 %),270,44550000,1200,198900000,0,0.0
14/08/2007,13530,2285480000,169(1.81 %),15000,2533910000,1470,248430000,0,0.0
15/08/2007,30,5010000,167(-1.18 %),30,5010000,0,0,0,0.0
16/08/2007,1600,266380000,166(-0.60 %),6760,1127300000,5160,860920000,0,0.0
17/08/2007,9800,1623080000,166(0.00 %),12800,2121080000,3000,498000000,0,0.0
20/08/2007,33480,5679350000,170(2.41 %),52450,8904250000,18970,3224900000,0,0.0
21/08/2007,22940,3863490000,165(-2.94 %),37940,6413490000,15000,2550000000,0,0.0
22/08/2007,-500,-83600000,165(0.00 %),1500,246400000,2000,330000000,0,0.0
23/08/2007,-2920,-476780000,163(-1.21 %),100,16500000,3020,493280000,0,0.0
24/08/2007,-6250,-1031250000,165(1.23 %),23940,3950100000,30190,4981350000,0,0.0
27/08/2007,21980,3626700000,165(0.00 %),66980,11051700000,45000,7425000000,0,0.0
28/08/2007,-2620,-427760000,163(-1.21 %),15000,2461920000,17620,2889680000,0,0.0
29/08/2007,2110,367140000,167(2.45 %),25000,4175000000,22890,3807860000,0,0.0
30/08/2007,-6140,-1006960000,164(-1.80 %),15130,2481320000,21270,3488280000,0,0.0
31/08/2007,-9370,-1524460000,164(0.00 %),31110,5102040000,40480,6626500000,0,0.0
04/09/2007,-190,-31540000,166(1.22 %),500,83000000,690,114540000,0,0.0
05/09/2007,14110,2336870000,165(-0.60 %),14110,2336870000,0,0,0,0.0
06/09/2007,14050,2319170000,165(0.00 %),29170,4813970000,15120,2494800000,0,0.0
07/09/2007,-6740,-1113100000,165(0.00 %),1100,179300000,7840,1292400000,0,0.0
10/09/2007,1000,164000000,163(-1.21 %),1000,164000000,0,0,0,0.0
11/09/2007,-1310,-213530000,163(0.00 %),60,9780000,1370,223310000,0,0.0
12/09/2007,0,0,162(-0.61 %),0,0,0,0,0,0.0
13/09/2007,0,0,161(-0.62 %),0,0,0,0,0,0.0
14/09/2007,-1630,-265060000,163(1.24 %),13370,2164940000,15000,2430000000,0,0.0
17/09/2007,600,97000000,162(-0.61 %),600,97000000,0,0,0,0.0
18/09/2007,0,0,162(0.00 %),0,0,0,0,0,0.0
19/09/2007,15780,2587950000,165(1.85 %),29450,4843500000,13670,2255550000,0,0.0
20/09/2007,-13390,-2153710000,164(-0.61 %),32400,5312940000,45790,7466650000,0,0.0
21/09/2007,4760,780740000,162(-1.22 %),5100,836500000,340,55760000,0,0.0
24/09/2007,46070,7690320000,168(3.70 %),106590,17758080000,60520,10067760000,0,0.0
25/09/2007,49730,8750250000,176(4.76 %),79730,14030250000,30000,5280000000,0,0.0
26/09/2007,82880,15200380000,182(3.41 %),169650,30859720000,86770,15659340000,0,0.0
27/09/2007,61240,11000790000,181(-0.55 %),61240,11000790000,0,0,0,0.0
28/09/2007,16720,3035600000,185(2.21 %),16720,3035600000,0,0,0,0.0
01/10/2007,13310,2521040000,192(3.78 %),63410,12050040000,50100,9529000000,0,0.0
02/10/2007,39860,7601960000,190(-1.04 %),39860,7601960000,0,0,0,0.0
03/10/2007,14320,2693850000,187(-1.58 %),14880,2799130000,560,105280000,0,0.0
04/10/2007,18400,3383030000,182(-2.67 %),18400,3383030000,0,0,0,0.0
05/10/2007,20350,3756390000,182(0.00 %),20490,3781690000,140,25300000,0,0.0
08/10/2007,1120,205320000,181(-0.55 %),1120,205320000,0,0,0,0.0
09/10/2007,8520,1572280000,184(1.66 %),9020,1664780000,500,92500000,0,0.0
10/10/2007,16870,3137820000,186(1.09 %),37500,6975000000,20630,3837180000,0,0.0
11/10/2007,26660,4956360000,186(0.00 %),33160,6165360000,6500,1209000000,0,0.0
12/10/2007,1040,189580000,185(-0.54 %),1040,189580000,0,0,0,0.0
15/10/2007,13110,2425350000,185(0.00 %),32230,5962550000,19120,3537200000,0,0.0
16/10/2007,2670,491810000,183(-1.08 %),3670,673410000,1000,181600000,0,0.0
17/10/2007,700,128300000,183(0.00 %),30900,5654700000,30200,5526400000,0,0.0
18/10/2007,200,36400000,180(-1.64 %),200,36400000,0,0,0,0.0
19/10/2007,4330,778590000,180(0.00 %),4330,778590000,0,0,0,0.0
22/10/2007,-15760,-2836000000,180(0.00 %),27900,5022800000,43660,7858800000,0,0.0
23/10/2007,6400,1133900000,178(-1.11 %),13400,2375900000,7000,1242000000,0,0.0
24/10/2007,-22130,-3959060000,182(2.25 %),45000,8152000000,67130,12111060000,0,0.0
25/10/2007,36510,6710000000,185(1.65 %),48470,8900580000,11960,2190580000,0,0.0
26/10/2007,39530,7306430000,185(0.00 %),42330,7823430000,2800,517000000,0,0.0
29/10/2007,65560,12191430000,185(0.00 %),66660,12395530000,1100,204100000,0,0.0
30/10/2007,24660,4562100000,185(0.00 %),24660,4562100000,0,0,0,0.0
31/10/2007,32290,5960260000,184(-0.54 %),32390,5978760000,100,18500000,0,0.0
01/11/2007,15500,2862500000,185(0.54 %),18500,3417500000,3000,555000000,0,0.0
02/11/2007,0,0,182(-1.62 %),0,0,0,0,0,0.0
05/11/2007,108030,20350570000,191(4.95 %),109310,20595050000,1280,244480000,0,0.0
06/11/2007,46020,8679460000,188(-1.57 %),47020,8867460000,1000,188000000,0,0.0
07/11/2007,6560,1193920000,183(-2.66 %),6560,1193920000,0,0,0,0.0
08/11/2007,140,28620000,183(0.00 %),1140,208620000,1000,180000000,0,0.0
09/11/2007,15000,2760000000,184(0.55 %),15000,2760000000,0,0,0,0.0
12/11/2007,23700,4361420000,184(0.00 %),24000,4416620000,300,55200000,0,0.0
13/11/2007,17480,3191020000,182(-1.09 %),19280,3515420000,1800,324400000,0,0.0
14/11/2007,1960,356720000,182(0.00 %),1960,356720000,0,0,0,0.0
15/11/2007,0,0,182(0.00 %),0,0,0,0,0,0.0
16/11/2007,21900,4031900000,185(1.65 %),23140,4261300000,1240,229400000,0,0.0
19/11/2007,-4160,-710660000,185(0.00 %),22330,4091050000,26490,4801710000,0,0.0
20/11/2007,20710,3776330000,182(-1.62 %),23340,4256880000,2630,480550000,0,0.0
21/11/2007,1510,268780000,178(-2.20 %),1510,268780000,0,0,0,0.0
22/11/2007,4110,738800000,179(0.56 %),4110,738800000,0,0,0,0.0
23/11/2007,2250,404070000,178(-0.56 %),3590,642610000,1340,238540000,0,0.0
26/11/2007,25100,4608980000,184(3.37 %),25100,4608980000,0,0,0,0.0
27/11/2007,1200,216860000,180(-2.17 %),1200,216860000,0,0,0,0.0
28/11/2007,1450,259550000,179(-0.56 %),1450,259550000,0,0,0,0.0
29/11/2007,1000,179000000,178(-0.56 %),1000,179000000,0,0,0,0.0
30/11/2007,-13720,-2405040000,175(-1.69 %),110,19350000,13830,2424390000,0,0.0
03/12/2007,6220,1073540000,171(-2.29 %),6320,1091040000,100,17500000,0,0.0
04/12/2007,-2500,-437000000,175(2.34 %),0,0,2500,437000000,0,0.0
05/12/2007,-1000,-176000000,176(0.57 %),0,0,1000,176000000,0,0.0
06/12/2007,0,0,174(-1.14 %),0,0,0,0,0,0.0
07/12/2007,300,52200000,174(0.00 %),300,52200000,0,0,0,0.0
10/12/2007,10,1710000,171(-1.72 %),10,1710000,0,0,0,0.0
11/12/2007,-70,-11970000,168(-1.75 %),0,0,70,11970000,0,0.0
12/12/2007,-3900,-652400000,167(-0.60 %),100,16600000,4000,669000000,0,0.0
13/12/2007,-9180,-1528470000,167(0.00 %),220,36520000,9400,1564990000,0,0.0
14/12/2007,-6180,-1032060000,167(0.00 %),0,0,6180,1032060000,0,0.0
17/12/2007,2550,430950000,169(1.20 %),2550,430950000,0,0,0,0.0
18/12/2007,3070,518230000,168(-0.59 %),3070,518230000,0,0,0,0.0
19/12/2007,500,85000000,169(0.60 %),500,85000000,0,0,0,0.0
20/12/2007,110,18630000,168(-0.59 %),210,35530000,100,16900000,0,0.0
21/12/2007,1070,180460000,169(0.60 %),1070,180460000,0,0,0,0.0
24/12/2007,-19360,-3196400000,165(-2.37 %),0,0,19360,3196400000,0,0.0
25/12/2007,0,0,165(0.00 %),0,0,0,0,0,0.0
26/12/2007,900,148500000,166(0.61 %),900,148500000,0,0,0,0.0
27/12/2007,0,0,168(1.20 %),0,0,0,0,0,0.0
28/12/2007,50,8400000,168(0.00 %),50,8400000,0,0,0,0.0
02/01/2008,-200,-33600000,166(-1.19 %),0,0,200,33600000,0,0.0
03/01/2008,0,0,165(-0.60 %),0,0,0,0,0,0.0
04/01/2008,2000,330000000,165(0.00 %),2000,330000000,0,0,0,0.0
07/01/2008,4880,792100000,163(-1.21 %),6470,1050270000,1590,258170000,0,0.0
08/01/2008,9260,1509380000,163(0.00 %),9260,1509380000,0,0,0,0.0
09/01/2008,3490,568250000,159(-2.45 %),3800,619400000,310,51150000,0,0.0
10/01/2008,0,0,153(-3.77 %),0,0,0,0,0,0.0
11/01/2008,6300,994900000,154(0.65 %),6500,1026500000,200,31600000,0,0.0
14/01/2008,0,-400000,147(-4.55 %),100,15000000,100,15400000,0,0.0
15/01/2008,9400,1363000000,145(-1.36 %),10400,1508000000,1000,145000000,0,0.0
16/01/2008,0,0,152(4.83 %),0,0,0,0,0,0.0
17/01/2008,-9210,-1441140000,150(-1.32 %),1460,219090000,10670,1660230000,0,0.0
18/01/2008,6490,984860000,154(2.67 %),6490,984860000,0,0,0,0.0
21/01/2008,17000,2639000000,157(1.95 %),17000,2639000000,0,0,0,0.0
22/01/2008,10000,1520000000,152(-3.18 %),10000,1520000000,0,0,0,0.0
23/01/2008,-360,-51840000,145(-2.68 %),0,0,360,51840000,0,0.0
24/01/2008,190,29710000,139(-4.14 %),5550,776600000,5360,746890000,0,0.0
25/01/2008,0,0,141(1.44 %),0,0,0,0,0,0.0
28/01/2008,6710,946110000,141(0.00 %),6710,946110000,0,0,0,0.0
29/01/2008,-200,-28400000,142(0.71 %),0,0,200,28400000,0,0.0
30/01/2008,500,74500000,149(4.93 %),500,74500000,0,0,0,0.0
31/01/2008,2150,319900000,146(-2.01 %),2150,319900000,0,0,0,0.0
01/02/2008,3100,456740000,148(1.37 %),3100,456740000,0,0,0,0.0
12/02/2008,0,0,143(-3.38 %),0,0,0,0,0,0.0
13/02/2008,20,2780000,139(-2.80 %),20,2780000,0,0,0,0.0
14/02/2008,12780,1826860000,143(2.88 %),12940,1849740000,160,22880000,0,0.0
15/02/2008,4280,610640000,143(0.00 %),4280,610640000,0,0,0,0.0
18/02/2008,3740,508640000,136(-4.90 %),6040,821440000,2300,312800000,0,0.0
19/02/2008,370,49070000,131(-3.68 %),370,49070000,0,0,0,0.0
20/02/2008,5040,660240000,126(-3.82 %),5040,660240000,0,0,0,0.0
21/02/2008,2710,325200000,120(-4.76 %),2710,325200000,0,0,0,0.0
22/02/2008,-1280,-145920000,114(-5.00 %),100,11400000,1380,157320000,0,0.0
25/02/2008,-17710,-2015580000,118(3.51 %),10820,1240590000,28530,3256170000,0,0.0
26/02/2008,970,110150000,113(-4.24 %),970,110150000,0,0,0,0.0
27/02/2008,130,14210000,109(-3.54 %),130,14210000,0,0,0,0.0
28/02/2008,1460,158140000,104(-4.59 %),1460,158140000,0,0,0,0.0
29/02/2008,1250,123750000,99(-4.81 %),3720,368300000,2470,244550000,0,0.0
03/03/2008,0,0,94.5(-4.55 %),0,0,0,0,0,0.0
04/03/2008,0,0,90(-4.76 %),0,0,0,0,0,0.0
05/03/2008,0,0,85.5(-5.00 %),0,0,0,0,0,0.0
06/03/2008,0,0,89.5(4.68 %),0,0,0,0,0,0.0
07/03/2008,0,0,93.5(4.47 %),0,0,0,0,0,0.0
10/03/2008,-45360,-4445325000,89.5(-4.28 %),310,30335000,45670,4475660000,0,0.0
11/03/2008,7690,657495000,85.5(-4.47 %),7690,657495000,0,0,0,0.0
12/03/2008,-53610,-4545130000,85.5(0.00 %),3530,290340000,57140,4835470000,0,0.0
13/03/2008,-20670,-1716280000,83(-2.92 %),580,48720000,21250,1765000000,0,0.0
14/03/2008,-6670,-546940000,81.5(-1.81 %),50,4100000,6720,551040000,0,0.0
17/03/2008,-12810,-1022650000,78(-4.29 %),140,11100000,12950,1033750000,0,0.0
18/03/2008,-10950,-815775000,74.5(-4.49 %),1600,119200000,12550,934975000,0,0.0
19/03/2008,-4320,-326450000,71(-4.70 %),4880,358000000,9200,684450000,0,0.0
20/03/2008,-51020,-3592490000,71(0.00 %),500,35500000,51520,3627990000,0,0.0
21/03/2008,780,53040000,70(-1.41 %),780,53040000,0,0,0,0.0
24/03/2008,-27740,-1844710000,66.5(-5.00 %),5400,359100000,33140,2203810000,0,0.0
25/03/2008,-580,-36830000,63.5(-4.51 %),20,1270000,600,38100000,0,0.0
26/03/2008,-20360,-1293160000,66.5(4.72 %),1500,96140000,21860,1389300000,0,0.0
27/03/2008,-83510,-5579785000,67(0.75 %),3600,240400000,87110,5820185000,0,0.0
28/03/2008,-33680,-2273400000,67.5(0.75 %),1320,89100000,35000,2362500000,0,0.0
31/03/2008,-32730,-2225640000,68(0.74 %),100,6800000,32830,2232440000,0,0.0
01/04/2008,-18360,-1257660000,68.5(0.74 %),1650,113025000,20010,1370685000,0,0.0
02/04/2008,-28420,-1960980000,69(0.73 %),1580,109020000,30000,2070000000,0,0.0
03/04/2008,0,0,69.5(0.72 %),0,0,0,0,0,0.0
04/04/2008,0,0,70(0.72 %),0,0,0,0,0,0.0
07/04/2008,0,0,71(1.43 %),0,0,0,0,0,0.0
08/04/2008,6130,435260000,70(-1.41 %),6130,435260000,0,0,0,0.0
09/04/2008,5550,382950000,69(-1.43 %),5550,382950000,0,0,0,0.0
10/04/2008,0,0,68(-1.45 %),0,0,0,0,0,0.0
11/04/2008,0,0,67(-1.47 %),0,0,0,0,0,0.0
16/04/2008,600,39600000,66(-1.49 %),600,39600000,0,0,0,0.0
17/04/2008,-1980,-132660000,67(1.52 %),0,0,1980,132660000,0,0.0
18/04/2008,67650,4493110000,68(1.49 %),67650,4493110000,0,0,0,0.0
21/04/2008,170,11450000,68.5(0.74 %),170,11450000,0,0,0,0.0
22/04/2008,4220,285010000,67.5(-1.46 %),41750,2834000000,37530,2548990000,0,0.0
23/04/2008,-3700,-246050000,66.5(-1.48 %),3170,211975000,6870,458025000,0,0.0
24/04/2008,-2580,-168990000,65.5(-1.50 %),4950,324225000,7530,493215000,0,0.0
25/04/2008,-21100,-1360950000,64.5(-1.53 %),520,33560000,21620,1394510000,0,0.0
28/04/2008,-56670,-3599880000,63.5(-1.55 %),27050,1717675000,83720,5317555000,0,0.0
29/04/2008,-11690,-730625000,62.5(-1.57 %),150,9375000,11840,740000000,0,0.0
05/05/2008,-19670,-1209705000,61.5(-1.60 %),340,20910000,20010,1230615000,0,0.0
06/05/2008,-4100,-248050000,60.5(-1.63 %),3350,203525000,7450,451575000,0,0.0
07/05/2008,10760,640220000,59.5(-1.65 %),10760,640220000,0,0,0,0.0
08/05/2008,10430,610155000,58.5(-1.68 %),10430,610155000,0,0,0,0.0
09/05/2008,-100,-5750000,57.5(-1.71 %),0,0,100,5750000,0,0.0
12/05/2008,0,0,56.5(-1.74 %),300,17050000,300,17050000,0,0.0
13/05/2008,0,0,55.5(-1.77 %),0,0,0,0,0,0.0
14/05/2008,0,0,54.5(-1.80 %),0,0,0,0,0,0.0
15/05/2008,0,0,54.5(0.00 %),0,0,0,0,0,0.0
16/05/2008,680,36380000,53.5(-1.83 %),680,36380000,0,0,0,0.0
19/05/2008,11420,599550000,52.5(-1.87 %),11420,599550000,0,0,0,0.0
20/05/2008,-20000,-1030000000,51.5(-1.90 %),0,0,20000,1030000000,0,0.0
21/05/2008,-10580,-547530000,51.5(0.00 %),12790,645895000,23370,1193425000,0,0.0
22/05/2008,13010,657005000,50.5(-1.94 %),13010,657005000,0,0,0,0.0
23/05/2008,850,42075000,49.5(-1.98 %),850,42075000,0,0,0,0.0
26/05/2008,-10,-486000,48.6(-1.82 %),0,0,10,486000,0,0.0
27/05/2008,0,0,48.6(0.00 %),0,0,0,0,0,0.0
28/05/2008,0,0,48.6(0.00 %),0,0,0,0,0,0.0
29/05/2008,0,0,48.6(0.00 %),0,0,0,0,0,0.0
30/05/2008,2330,111141000,47.7(-1.85 %),12330,588141000,10000,477000000,0,0.0
02/06/2008,0,0,46.8(-1.89 %),0,0,0,0,0,0.0
03/06/2008,1000,46800000,45.9(-1.92 %),1000,46800000,0,0,0,0.0
04/06/2008,0,0,45(-1.96 %),0,0,0,0,0,0.0
05/06/2008,0,0,44.1(-2.00 %),0,0,0,0,0,0.0
06/06/2008,0,0,43.3(-1.81 %),0,0,0,0,0,0.0
09/06/2008,0,0,42.5(-1.85 %),0,0,0,0,0,0.0
10/06/2008,-900,-37530000,41.7(-1.88 %),90,3753000,990,41283000,0,0.0
11/06/2008,-1950,-79755000,40.9(-1.92 %),0,0,1950,79755000,0,0.0
12/06/2008,-13750,-551375000,40.1(-1.96 %),2410,96641000,16160,648016000,0,0.0
13/06/2008,-88170,-3573446000,40.9(2.00 %),19190,781402000,107360,4354848000,0,0.0
16/06/2008,-96570,-3989049000,41.7(1.96 %),14300,588230000,110870,4577279000,0,0.0
17/06/2008,-55480,-2357900000,42.5(1.92 %),4520,192100000,60000,2550000000,0,0.0
18/06/2008,9620,399495000,42.5(0.00 %),47390,2016632000,37770,1617137000,0,0.0
19/06/2008,7420,306446000,41.3(-2.82 %),16290,672777000,8870,366331000,0,0.0
20/06/2008,-100,-4010000,40.1(-2.91 %),0,0,100,4010000,0,0.0
23/06/2008,0,0,38.9(-2.99 %),0,0,0,0,0,0.0
24/06/2008,100,4000000,40(2.83 %),100,4000000,0,0,0,0.0
25/06/2008,5150,212180000,41.2(3.00 %),25150,1036180000,20000,824000000,0,0.0
26/06/2008,42100,1730622000,41(-0.49 %),52100,2154622000,10000,424000000,0,0.0
27/06/2008,120,4930000,42.2(2.93 %),120,4930000,0,0,0,0.0
30/06/2008,-9100,-374300000,43.3(2.61 %),900,38700000,10000,413000000,0,0.0
01/07/2008,0,0,44.5(2.77 %),0,0,0,0,0,0.0
02/07/2008,-46150,-2113670000,45.8(2.92 %),4050,185490000,50200,2299160000,0,0.0
03/07/2008,0,0,47.1(2.84 %),0,0,0,0,0,0.0
04/07/2008,-22340,-1083490000,48.5(2.97 %),17600,853600000,39940,1937090000,0,0.0
07/07/2008,17370,866763000,48(-1.03 %),39470,1969553000,22100,1102790000,0,0.0
08/07/2008,-16980,-828172000,49.4(2.92 %),5000,233000000,21980,1061172000,0,0.0
09/07/2008,500,25250000,50.5(2.23 %),500,25250000,0,0,0,0.0
10/07/2008,0,0,52(2.97 %),200,10400000,200,10400000,0,0.0
11/07/2008,-100,-5350000,53.5(2.88 %),0,0,100,5350000,0,0.0
14/07/2008,0,0,55(2.80 %),0,0,0,0,0,0.0
15/07/2008,0,0,56.5(2.73 %),0,0,0,0,0,0.0
16/07/2008,-61290,-3518360000,58(2.65 %),2180,125840000,63470,3644200000,0,0.0
17/07/2008,-74920,-4457740000,59.5(2.59 %),4600,273700000,79520,4731440000,0,0.0
18/07/2008,-25640,-1487120000,58(-2.52 %),11260,653080000,36900,2140200000,0,0.0
21/07/2008,10,565000,56.5(-2.59 %),290,16385000,280,15820000,0,0.0
22/07/2008,100,5550000,55.5(-1.77 %),100,5550000,0,0,0,0.0
23/07/2008,0,0,54(-2.70 %),0,0,0,0,0,0.0
24/07/2008,1000,52500000,52.5(-2.78 %),1000,52500000,0,0,0,0.0
25/07/2008,0,0,51(-2.86 %),0,0,0,0,0,0.0
28/07/2008,-13990,-692505000,49.5(-2.94 %),310,15345000,14300,707850000,0,0.0
29/07/2008,-46310,-2226611000,50.5(2.02 %),3000,145200000,49310,2371811000,0,0.0
30/07/2008,4020,196980000,49(-2.97 %),4020,196980000,0,0,0,0.0
31/07/2008,-4000,-190400000,47.6(-2.86 %),0,0,4000,190400000,0,0.0
01/08/2008,32760,1526024000,48.5(1.89 %),32760,1526024000,0,0,0,0.0
04/08/2008,27150,1278819000,48.1(-0.82 %),27150,1278819000,0,0,0,0.0
05/08/2008,23200,1097884000,49(1.87 %),23200,1097884000,0,0,0,0.0
06/08/2008,-900,-44634000,50(2.04 %),600,30000000,1500,74634000,0,0.0
07/08/2008,-100,-5150000,48.5(-3.00 %),0,0,100,5150000,0,0.0
08/08/2008,200,9440000,48.4(-0.21 %),500,23750000,300,14310000,0,0.0
11/08/2008,-490,-24413000,49.8(2.89 %),110,5467000,600,29880000,0,0.0
12/08/2008,-4290,-211990000,48.5(-2.61 %),1110,56610000,5400,268600000,0,0.0
13/08/2008,-25070,-1182342000,47.1(-2.89 %),800,37735000,25870,1220077000,0,0.0
14/08/2008,-80300,-3893550000,48.5(2.97 %),5000,242500000,85300,4136050000,0,0.0
15/08/2008,-19350,-965565000,49.9(2.89 %),27000,1347300000,46350,2312865000,0,0.0
18/08/2008,109000,5487750000,52(4.21 %),110000,5539750000,1000,52000000,0,0.0
19/08/2008,126070,6841590000,54.5(4.81 %),178170,9680115000,52100,2838525000,0,0.0
20/08/2008,51600,2711400000,52.5(-3.67 %),58600,3076000000,7000,364600000,0,0.0
21/08/2008,49400,2645690000,55(4.76 %),49400,2645690000,0,0,0,0.0
22/08/2008,37030,2129225000,57.5(4.55 %),42480,2442600000,5450,313375000,0,0.0
25/08/2008,-25040,-1502400000,60(4.35 %),5380,322800000,30420,1825200000,0,0.0
26/08/2008,-340,-21420000,63(5.00 %),0,0,340,21420000,0,0.0
27/08/2008,1000,66000000,66(4.76 %),1000,66000000,0,0,0,0.0
28/08/2008,-2600,-164535000,63(-4.55 %),4700,296100000,7300,460635000,0,0.0
29/08/2008,-4310,-258600000,63(0.00 %),560,33600000,4870,292200000,0,0.0
03/09/2008,0,0,66(4.76 %),0,0,0,0,0,0.0
04/09/2008,3030,191240000,63(-4.55 %),3030,191240000,0,0,0,0.0
05/09/2008,51560,3169580000,63(0.00 %),55000,3382900000,3440,213320000,0,0.0
08/09/2008,14100,844000000,60(-4.76 %),15100,906000000,1000,62000000,0,0.0
09/09/2008,5600,357315000,61(1.67 %),31800,1924215000,26200,1566900000,0,0.0
10/09/2008,-90160,-5265705000,58(-4.92 %),1000,58750000,91160,5324455000,0,0.0
11/09/2008,-66990,-3717945000,55.5(-4.31 %),0,0,66990,3717945000,0,0.0
12/09/2008,-3840,-203520000,53(-4.50 %),500,26500000,4340,230020000,0,0.0
15/09/2008,-70180,-3577535000,50.5(-4.72 %),100,5050000,70280,3582585000,0,0.0
16/09/2008,-41970,-2031505000,48(-4.95 %),400,19400000,42370,2050905000,0,0.0
17/09/2008,-20700,-943920000,45.6(-4.60 %),500,22800000,21200,966720000,0,0.0
18/09/2008,-15330,-665322000,43.4(-4.82 %),4240,184016000,19570,849338000,0,0.0
19/09/2008,-56930,-2590315000,45.5(4.84 %),4450,202475000,61380,2792790000,0,0.0
22/09/2008,1000,47700000,47.7(4.84 %),1000,47700000,0,0,0,0.0
23/09/2008,85080,4253480000,50(4.82 %),86080,4303480000,1000,50000000,0,0.0
24/09/2008,-7010,-339584000,48.2(-3.60 %),1600,79750000,8610,419334000,0,0.0
25/09/2008,12080,602280000,50.5(4.88 %),13380,667480000,1300,65200000,0,0.0
26/09/2008,6360,337080000,53(4.95 %),11760,623280000,5400,286200000,0,0.0
29/09/2008,2250,119250000,53(0.00 %),2250,119250000,0,0,0,0.0
30/09/2008,0,0,50.5(-4.72 %),0,0,0,0,0,0.0
01/10/2008,-410,-21030000,50(-0.99 %),40,2020000,450,23050000,0,0.0
02/10/2008,6350,327700000,52(4.00 %),7250,374500000,900,46800000,0,0.0
03/10/2008,3270,171865000,52(0.10 %),7000,356500000,3730,184635000,0,0.0
06/10/2008,30850,1523990000,49.4(-4.91 %),30850,1523990000,0,0,0,0.0
07/10/2008,29860,1403420000,47(-4.57 %),29860,1403420000,0,0,0,0.0
08/10/2008,0,0,44.7(-4.89 %),0,0,0,0,0,0.0
09/10/2008,-72490,-3098725000,45(0.67 %),210,8925000,72700,3107650000,0,0.0
10/10/2008,-1700,-72760000,42.8(-4.89 %),300,12840000,2000,85600000,0,0.0
13/10/2008,-17060,-705846000,40.7(-4.91 %),1000,42000000,18060,747846000,0,0.0
14/10/2008,-205680,-8782536000,42.7(4.91 %),0,0,205680,8782536000,0,0.0
15/10/2008,-40130,-1633238000,40.6(-4.92 %),1000,40600000,41130,1673838000,0,0.0
16/10/2008,400,15440000,38.6(-4.93 %),400,15440000,0,0,0,0.0
17/10/2008,-7720,-283324000,36.7(-4.92 %),1050,38535000,8770,321859000,0,0.0
20/10/2008,0,0,34.9(-4.90 %),0,0,0,0,0,0.0
21/10/2008,-490,-16268000,33.2(-4.87 %),9510,315732000,10000,332000000,0,0.0
22/10/2008,80,2528000,31.6(-4.82 %),80,2528000,0,0,0,0.0
23/10/2008,50,1505000,30.1(-4.75 %),50,1505000,0,0,0,0.0
24/10/2008,-9550,-273130000,28.6(-4.98 %),500,14300000,10050,287430000,0,0.0
27/10/2008,-16780,-456416000,27.2(-4.90 %),100,2720000,16880,459136000,0,0.0
28/10/2008,-16100,-416990000,25.9(-4.78 %),100,2590000,16200,419580000,0,0.0
29/10/2008,-65370,-1666901000,24.7(-4.63 %),1090,28031000,66460,1694932000,0,0.0
30/10/2008,-70020,-1668843000,23.5(-4.86 %),1350,31725000,71370,1700568000,0,0.0
31/10/2008,-88780,-2135860000,24.6(4.68 %),100,2310000,88880,2138170000,0,0.0
03/11/2008,660,17018000,25.8(4.88 %),2060,53138000,1400,36120000,0,0.0
04/11/2008,-1000,-27000000,27(4.65 %),0,0,1000,27000000,0,0.0
05/11/2008,-1000,-28300000,28.3(4.81 %),0,0,1000,28300000,0,0.0
06/11/2008,12000,353100000,29.7(4.95 %),13000,382800000,1000,29700000,0,0.0
07/11/2008,16390,502987000,30.8(3.70 %),21390,656287000,5000,153300000,0,0.0
10/11/2008,1250,40375000,32.3(4.87 %),40600,1311380000,39350,1271005000,0,0.0
11/11/2008,46500,1442044000,30.7(-4.95 %),46500,1442044000,0,0,0,0.0
12/11/2008,59350,1758318000,30.5(-0.65 %),68960,2038930000,9610,280612000,0,0.0
13/11/2008,35870,1116515000,31.6(3.61 %),36870,1148515000,1000,32000000,0,0.0
14/11/2008,35300,1145184000,32.5(2.85 %),35300,1145184000,0,0,0,0.0
17/11/2008,37500,1211034000,32(-1.54 %),37500,1211034000,0,0,0,0.0
18/11/2008,45400,1440090000,32(0.00 %),45500,1443290000,100,3200000,0,0.0
19/11/2008,34500,1104800000,32(0.00 %),37500,1200800000,3000,96000000,0,0.0
20/11/2008,54400,1698950000,31.2(-2.50 %),54400,1698950000,0,0,0,0.0
21/11/2008,50500,1565967000,31.3(0.32 %),50500,1565967000,0,0,0,0.0
24/11/2008,45560,1402695000,30(-4.15 %),47500,1464182000,1940,61487000,0,0.0
25/11/2008,82260,2573197000,31.5(5.00 %),82260,2573197000,0,0,0,0.0
26/11/2008,44540,1401744000,31.4(-0.32 %),44540,1401744000,0,0,0,0.0
27/11/2008,29090,904694000,31(-1.27 %),34200,1063315000,5110,158621000,0,0.0
28/11/2008,35000,1101220000,31.5(1.61 %),35000,1101220000,0,0,0,0.0
01/12/2008,20730,666913000,32.2(2.22 %),34000,1091553000,13270,424640000,0,0.0
02/12/2008,34920,1103351000,32.1(-0.31 %),35000,1105919000,80,2568000,0,0.0
03/12/2008,-900,-28905000,32(-0.31 %),0,0,900,28905000,0,0.0
04/12/2008,-2520,-82002000,32.3(0.94 %),0,0,2520,82002000,0,0.0
05/12/2008,0,0,30.7(-4.95 %),0,0,0,0,0,0.0
08/12/2008,-1000,-29200000,29.2(-4.89 %),0,0,1000,29200000,0,0.0
09/12/2008,6030,178596000,30.3(3.77 %),6030,178596000,0,0,0,0.0
10/12/2008,1000,27000000,26.6(-4.32 %),1000,27000000,0,0,0,0.0
11/12/2008,1000,26600000,26.5(-0.38 %),1000,26600000,0,0,0,0.0
12/12/2008,3820,105314000,27.5(3.77 %),3820,105314000,0,0,0,0.0
15/12/2008,1500,41250000,27.5(0.00 %),1500,41250000,0,0,0,0.0
16/12/2008,1000,27500000,26.2(-4.73 %),1000,27500000,0,0,0,0.0
17/12/2008,0,0,24.9(-4.96 %),0,0,0,0,0,0.0
18/12/2008,10000,242200000,24(-3.61 %),10000,242200000,0,0,0,0.0
19/12/2008,-7400,-177760000,24(0.00 %),0,0,7400,177760000,0,0.0
22/12/2008,0,0,24.2(0.83 %),0,0,0,0,0,0.0
23/12/2008,910,21021000,23(-4.96 %),910,21021000,0,0,0,0.0
24/12/2008,1700,39100000,23.5(2.17 %),1700,39100000,0,0,0,0.0
25/12/2008,0,0,23.8(1.28 %),0,0,0,0,0,0.0
26/12/2008,-1300,-30821000,23.1(-2.94 %),0,0,1300,30821000,0,0.0
29/12/2008,500,11550000,23.4(1.30 %),500,11550000,0,0,0,0.0
30/12/2008,9280,222152000,24.4(4.27 %),9280,222152000,0,0,0,0.0
31/12/2008,300,7320000,24.4(0.00 %),300,7320000,0,0,0,0.0
02/01/2009,0,0,24.4(0.00 %),0,0,0,0,4410508,23.45
05/01/2009,0,0,24.4(0.00 %),0,0,0,0,4410508,23.45
06/01/2009,0,0,24.5(0.41 %),0,0,0,0,4410508,23.45
07/01/2009,0,0,25.7(4.90 %),0,0,0,0,4410508,23.45
08/01/2009,0,0,25.5(-0.78 %),0,0,0,0,4410508,23.45
09/01/2009,0,0,24.9(-2.35 %),0,0,0,0,4410508,23.45
12/01/2009,650,15925000,24.7(-0.80 %),650,15925000,0,0,4409858,23.45
13/01/2009,-35090,-830528000,23.5(-4.86 %),1350,32400000,36440,862928000,4444948,23.25
14/01/2009,-41770,-971971000,23(-2.13 %),100,2330000,41870,974301000,4486718,23.01
15/01/2009,-20730,-466347000,22.3(-3.04 %),200,4580000,20930,470927000,4507448,22.89
16/01/2009,-65660,-1447711000,21.8(-2.24 %),60,1338000,65720,1449049000,4573108,22.51
19/01/2009,0,0,22.8(4.59 %),0,0,0,0,4573108,22.51
20/01/2009,0,0,23.7(3.95 %),0,0,0,0,4573108,22.51
21/01/2009,-9110,-206901000,22.7(-4.22 %),0,0,9110,206901000,4582218,22.45
22/01/2009,0,0,22.9(0.88 %),0,0,0,0,4582218,22.45
23/01/2009,0,0,23.6(3.06 %),0,0,0,0,4582218,22.45
02/02/2009,100,2280000,22.8(-3.39 %),100,2280000,0,0,4582118,22.45
03/02/2009,-450,-9860000,21.8(-4.39 %),50,1090000,500,10950000,4582568,22.45
04/02/2009,-780,-17394000,22(0.92 %),0,0,780,17394000,4583348,22.45
05/02/2009,650,14328000,21.7(-1.36 %),650,14328000,0,0,4582698,22.45
06/02/2009,0,0,22(1.38 %),0,0,0,0,4582698,22.45
09/02/2009,-1500,-33750000,22.5(2.27 %),0,0,1500,33750000,4584198,22.44
10/02/2009,0,0,22.6(0.44 %),0,0,0,0,4584198,22.44
11/02/2009,0,0,22(-2.65 %),0,0,0,0,4584198,22.44
12/02/2009,240,5400000,22.1(0.45 %),240,5400000,0,0,4583958,22.44
13/02/2009,-50,-1060000,22(-0.45 %),0,0,50,1060000,4584008,22.44
16/02/2009,200,4320000,22(0.00 %),200,4320000,0,0,4583808,22.44
17/02/2009,1200,25210000,20.9(-5.00 %),1200,25210000,0,0,4582608,22.45
18/02/2009,1000,20000000,19.9(-4.78 %),1000,20000000,0,0,4581608,22.46
19/02/2009,1000,19200000,19(-4.52 %),1000,19200000,0,0,4580608,22.46
20/02/2009,0,0,18.1(-4.74 %),0,0,0,0,4580608,22.46
23/02/2009,0,0,17.3(-4.42 %),0,0,0,0,4580608,22.46
24/02/2009,0,0,16.8(-2.89 %),0,0,0,0,4580608,22.46
25/02/2009,-400,-6880000,17.6(4.76 %),0,0,400,6880000,4581008,22.46
26/02/2009,300,5490000,18.3(3.98 %),300,5490000,0,0,4580708,22.46
27/02/2009,1000,19000000,19.1(4.37 %),1000,19000000,0,0,4579708,22.47
02/03/2009,0,0,19.4(1.57 %),0,0,0,0,4579708,22.47
03/03/2009,-700,-13020000,19(-2.06 %),0,0,700,13020000,4580408,22.46
04/03/2009,2020,39390000,19.5(2.63 %),2020,39390000,0,0,4578388,22.48
05/03/2009,0,0,20(2.56 %),0,0,0,0,4578388,22.48
06/03/2009,0,0,20(0.00 %),0,0,0,0,4578388,22.48
09/03/2009,500,10000000,19.6(-2.00 %),500,10000000,0,0,4577888,22.48
10/03/2009,1000,20248000,20.3(3.57 %),1000,20248000,0,0,4576888,22.48
11/03/2009,4290,85140000,20.5(0.99 %),4300,85350000,10,210000,4572598,22.51
12/03/2009,320,6302000,20(-2.44 %),490,9702000,170,3400000,4572278,22.51
13/03/2009,-820,-16400000,20.1(0.50 %),0,0,820,16400000,4573098,22.51
16/03/2009,-1000,-20000000,20(-0.50 %),0,0,1000,20000000,4574098,22.5
17/03/2009,-240,-4944000,20.6(3.00 %),0,0,240,4944000,4574338,22.5
18/03/2009,-1200,-25670000,21.6(4.85 %),0,0,1200,25670000,4575538,22.49
19/03/2009,0,0,20.8(-3.70 %),0,0,0,0,4575538,22.49
20/03/2009,0,0,21.8(4.81 %),1000,21700000,1000,21700000,4575538,22.49
23/03/2009,-2910,-66348000,22.8(4.59 %),0,0,2910,66348000,4578448,22.48
24/03/2009,0,0,23.9(4.82 %),0,0,0,0,4578448,22.48
25/03/2009,-3100,-77290000,25(4.60 %),0,0,3100,77290000,4581548,22.46
26/03/2009,-1000,-26200000,26.2(4.80 %),0,0,1000,26200000,4582548,22.45
27/03/2009,0,0,27.5(4.96 %),0,0,0,0,4582548,22.45
30/03/2009,-500,-13500000,26.2(-4.73 %),0,0,500,13500000,4583048,22.45
31/03/2009,0,0,24.9(-4.96 %),0,0,0,0,4583048,22.45
01/04/2009,0,0,26(4.42 %),0,0,0,0,4583048,22.45
02/04/2009,900,24030000,26.7(2.69 %),1000,26700000,100,2670000,4582148,22.45
03/04/2009,0,0,28(4.87 %),0,0,0,0,4582148,22.45
07/04/2009,-3650,-111423000,29.4(5.00 %),4570,130245000,8220,241668000,4585798,22.43
08/04/2009,-68810,-1968954000,28(-4.76 %),5450,157575000,74260,2126529000,4654608,22.03
09/04/2009,-5800,-160930000,27.1(-3.21 %),0,0,5800,160930000,4660408,22.0
10/04/2009,-44480,-1261966000,28.4(4.80 %),0,0,44480,1261966000,4704888,21.74
13/04/2009,-140110,-4175278000,29.8(4.93 %),0,0,140110,4175278000,4844998,20.93
14/04/2009,-8550,-262137000,29.8(0.00 %),1170,35307000,9720,297444000,4853548,20.88
15/04/2009,60510,1721484000,28.4(-4.70 %),61010,1735684000,500,14200000,4793038,21.23
16/04/2009,5400,150660000,28.2(-0.70 %),5400,150660000,0,0,4787638,21.26
17/04/2009,800,22390000,26.8(-4.96 %),2000,54800000,1200,32410000,4786838,21.27
20/04/2009,-370,-9435000,25.5(-4.85 %),0,0,370,9435000,4787208,21.27
21/04/2009,0,0,24.3(-4.71 %),0,0,0,0,4787208,21.27
22/04/2009,100,2430000,25(2.88 %),100,2430000,0,0,4787108,21.27
23/04/2009,0,0,24.5(-2.00 %),0,0,0,0,4787108,21.27
24/04/2009,0,0,24(-2.04 %),0,0,0,0,4787108,21.27
27/04/2009,0,0,25.2(5.00 %),0,0,0,0,4787108,21.27
28/04/2009,-1270,-33220000,25.7(1.98 %),0,0,1270,33220000,4788378,21.26
29/04/2009,100,2590000,25.6(-0.39 %),100,2590000,0,0,4788278,21.26
04/05/2009,-1000,-26800000,26.8(4.69 %),0,0,1000,26800000,4789278,21.25
05/05/2009,0,0,28.1(4.85 %),0,0,0,0,4789278,21.25
06/05/2009,270,7331000,27.5(-2.14 %),400,10880000,130,3549000,4789008,21.26
07/05/2009,0,0,28.8(4.73 %),0,0,0,0,4789008,21.26
08/05/2009,250,6790000,30.2(4.86 %),800,23200000,550,16410000,4788758,21.26
11/05/2009,-2100,-66570000,31.7(4.97 %),0,0,2100,66570000,4790858,21.24
12/05/2009,-1050,-34860000,33.2(4.73 %),0,0,1050,34860000,4791908,21.24
13/05/2009,0,0,34.8(4.82 %),0,0,0,0,4791908,21.24
14/05/2009,0,0,35(0.57 %),0,0,0,0,4791908,21.24
15/05/2009,-8460,-310482000,36.7(4.86 %),0,0,8460,310482000,4800368,21.19
18/05/2009,100,3650000,36.4(-0.82 %),100,3650000,0,0,4800268,21.19
19/05/2009,34580,1290427000,37.2(2.20 %),34580,1290427000,0,0,4765688,21.39
20/05/2009,9000,324900000,37.2(0.00 %),9000,324900000,0,0,4756688,21.44
21/05/2009,35680,1317097000,36.2(-2.69 %),35680,1317097000,0,0,4721008,21.65
22/05/2009,0,0,34.4(-4.97 %),0,0,0,0,4721008,21.65
25/05/2009,0,0,36.1(4.94 %),0,0,0,0,4721008,21.65
26/05/2009,-1990,-70144000,35(-3.05 %),400,14000000,2390,84144000,4722998,21.64
27/05/2009,12700,457540000,35.8(2.29 %),20500,730600000,7800,273060000,4710298,21.71
28/05/2009,-43380,-1486851000,34.2(-4.47 %),0,0,43380,1486851000,4753678,21.46
29/05/2009,-18690,-652393000,35.4(3.51 %),0,0,18690,652393000,4772368,21.35
01/06/2009,-800,-29640000,37.1(4.80 %),0,0,800,29640000,4773168,21.35
02/06/2009,4000,155600000,38.9(4.85 %),4000,155600000,0,0,4769168,21.37
03/06/2009,-1100,-44880000,40.8(4.88 %),0,0,1100,44880000,4770268,21.36
04/06/2009,500,21400000,42.8(4.90 %),1000,42800000,500,21400000,4769768,21.37
05/06/2009,-50000,-2245000000,44.9(4.91 %),0,0,50000,2245000000,4819768,21.08
08/06/2009,-1000,-47100000,47.1(4.90 %),0,0,1000,47100000,4820768,21.07
09/06/2009,-17870,-828086000,44.8(-4.88 %),7600,351080000,25470,1179166000,4838638,20.97
10/06/2009,0,0,42.6(-4.91 %),0,0,0,0,4838638,20.97
11/06/2009,-900,-37800000,44.7(4.93 %),100,4200000,1000,42000000,4839538,20.96
12/06/2009,-1000,-44557000,42.6(-4.70 %),500,21763000,1500,66320000,4840538,20.96
15/06/2009,0,0,40.5(-4.93 %),0,0,0,0,4840538,20.96
16/06/2009,1000,38500000,38.5(-4.94 %),1000,38500000,0,0,4839538,20.96
17/06/2009,15810,577586000,39(1.30 %),16310,597086000,500,19500000,4823728,21.05
18/06/2009,-3190,-124115000,40(2.56 %),4050,162025000,7240,286140000,4826918,21.04
19/06/2009,-9730,-379425000,38.2(-4.50 %),300,12000000,10030,391425000,4836648,20.98
22/06/2009,-12740,-462663000,36.3(-4.97 %),20,740000,12760,463403000,4849388,20.91
23/06/2009,-300,-10350000,34.5(-4.96 %),0,0,300,10350000,4849688,20.9
24/06/2009,21590,779958000,36.2(4.93 %),21790,786798000,200,6840000,4828098,21.03
25/06/2009,1000,38000000,36.2(0.00 %),1000,38000000,0,0,4827098,21.03
26/06/2009,6800,247930000,36.6(1.10 %),6800,247930000,0,0,4820298,21.07
29/06/2009,4500,166400000,36.3(-0.82 %),5500,203400000,1000,37000000,4815798,21.1
30/06/2009,2170,88785000,35(-3.58 %),10000,361400000,7830,272615000,4813628,21.11
01/07/2009,10000,333501000,33.3(-4.86 %),10000,333501000,0,0,4803628,21.17
02/07/2009,730,23739000,34(2.10 %),1000,33000000,270,9261000,4802898,21.17
03/07/2009,-6000,-204000000,34.5(1.47 %),0,0,6000,204000000,4808898,21.14
06/07/2009,5100,181568000,36.2(4.93 %),5100,181568000,0,0,4794798,21.22
07/07/2009,3900,139020000,35(-3.31 %),3900,139020000,0,0,4799898,21.19
08/07/2009,0,0,35(0.00 %),0,0,0,0,4799898,21.19
09/07/2009,0,0,34.8(-0.57 %),0,0,0,0,4799898,21.19
10/07/2009,-6260,-208854000,33.1(-4.89 %),0,0,6260,208854000,4806158,21.16
13/07/2009,-500,-16550000,31.8(-3.93 %),0,0,500,16550000,4806658,21.15
14/07/2009,-1820,-54880000,31(-2.52 %),2000,64000000,3820,118880000,4808478,21.14
15/07/2009,0,0,32(3.23 %),0,0,0,0,4808478,21.14
16/07/2009,2180,71988000,32.9(2.81 %),2180,71988000,0,0,4806298,21.16
17/07/2009,-140,-4588000,32.1(-2.43 %),0,0,140,4588000,4806438,21.15
20/07/2009,-180,-5634000,31.3(-2.49 %),0,0,180,5634000,4806618,21.15
21/07/2009,-1890,-59535000,32.1(2.56 %),0,0,1890,59535000,4808508,21.14
22/07/2009,7000,227500000,32.2(0.31 %),7000,227500000,0,0,4801508,21.18
23/07/2009,0,0,33(2.48 %),0,0,0,0,4801508,21.18
24/07/2009,-25420,-879532000,34.6(4.85 %),580,20068000,26000,899600000,4826928,21.04
27/07/2009,1000,36300000,36.3(4.91 %),1000,36300000,0,0,4825928,21.04
28/07/2009,100,3530000,35(-3.58 %),100,3530000,0,0,4825828,21.04
29/07/2009,0,0,35.1(0.29 %),0,0,0,0,4825828,21.04
30/07/2009,80,2720000,34(-3.13 %),80,2720000,0,0,4825748,21.04
31/07/2009,0,0,35.4(4.12 %),0,0,0,0,4825748,21.04
03/08/2009,10000,359440000,35.3(-0.28 %),10000,359440000,0,0,4815748,21.1
04/08/2009,600,21600000,36.2(2.55 %),600,21600000,0,0,4815148,21.1
05/08/2009,-420,-15120000,36(-0.55 %),0,0,420,15120000,4815568,21.1
06/08/2009,0,0,35.6(-1.11 %),0,0,0,0,4815568,21.1
07/08/2009,0,0,36(1.12 %),0,0,0,0,4815568,21.1
10/08/2009,1500,54400000,36.5(1.39 %),1500,54400000,0,0,4814068,21.11
11/08/2009,1000,37700000,38.3(4.93 %),2000,76000000,1000,38300000,4813068,21.12
12/08/2009,-2790,-111600000,40.2(4.96 %),0,0,2790,111600000,4815858,21.1
13/08/2009,1500,63211000,42.2(4.98 %),1500,63211000,0,0,4814358,21.11
14/08/2009,20660,885833000,43(1.90 %),22690,973233000,2030,87400000,4793698,21.23
17/08/2009,-14060,-575970000,40.9(-4.88 %),11210,459820000,25270,1035790000,4807758,21.15
18/08/2009,4900,201300000,40(-2.20 %),10000,400000000,5100,198700000,4802858,21.18
19/08/2009,-1000,-41094000,41(2.50 %),0,0,1000,41094000,4803858,21.17
20/08/2009,0,0,40.3(-1.71 %),0,0,0,0,4803858,21.17
21/08/2009,-850,-35700000,40.6(0.74 %),0,0,850,35700000,4804708,21.16
24/08/2009,-110,-4638000,42.6(4.93 %),0,0,110,4638000,4804818,21.16
25/08/2009,-7870,-348052000,43(0.94 %),1020,44863000,8890,392915000,4816488,21.1
26/08/2009,-3800,-163280000,42.5(-1.16 %),1500,64500000,5300,227780000,4808618,21.14
27/08/2009,-1000,-42900000,42.8(0.71 %),0,0,1000,42900000,4809618,21.14
28/08/2009,-4000,-172000000,43.3(1.17 %),0,0,4000,172000000,4813618,21.11
31/08/2009,-5970,-261330000,45.4(4.85 %),30,1328000,6000,262658000,4819588,21.08
01/09/2009,-9250,-415850000,44(-3.08 %),0,0,9250,415850000,4828838,21.02
03/09/2009,4430,190955000,43.5(-1.14 %),5000,215400000,570,24445000,4824408,21.05
04/09/2009,-300,-13390000,42.1(-3.22 %),500,21410000,800,34800000,4824708,21.05
07/09/2009,2620,110064000,41.7(-0.95 %),2700,113400000,80,3336000,4822088,21.06
08/09/2009,-10,-437000,43.7(4.80 %),0,0,10,437000,4822098,21.06
09/09/2009,-20900,-915205000,43.6(-0.23 %),4000,174804000,24900,1090009000,4842998,20.94
10/09/2009,-20,-848000,43.7(0.23 %),0,0,20,848000,4843018,20.94
11/09/2009,-800,-35200000,43.8(0.23 %),0,0,800,35200000,4843818,20.94
14/09/2009,9000,393300000,43.8(0.00 %),9000,393300000,0,0,4834818,20.99
15/09/2009,-12490,-534380000,42.6(-2.74 %),530,22790000,13020,557170000,4847308,20.92
16/09/2009,-3300,-140441000,42(-1.41 %),0,0,3300,140441000,4850608,20.9
17/09/2009,-57500,-2395570000,42(0.00 %),0,0,57500,2395570000,4908108,20.57
18/09/2009,2000,84000000,42(0.00 %),2000,84000000,0,0,4906108,20.58
21/09/2009,-7000,-290800000,41.8(-0.48 %),1000,41800000,8000,332600000,4913108,20.54
22/09/2009,-49600,-2038770000,41.2(-1.44 %),0,0,49600,2038770000,4962708,20.25
23/09/2009,750,31379000,41.6(0.97 %),1010,42420000,260,11041000,4961958,20.25
24/09/2009,-20,-834000,41.7(0.24 %),0,0,20,834000,4961978,20.25
25/09/2009,-8420,-1275810000,41.5(-0.48 %),7780,1152090000,16200,2427900000,4970398,20.2
28/09/2009,-19440,-2762040000,40.5(-2.41 %),1000,140000000,20440,2902040000,4995968,20.06
29/09/2009,-36200,-1465965000,40.5(0.00 %),300,12150000,36500,1478115000,5011988,19.96
30/09/2009,-55890,-2375325000,42.5(4.94 %),20,850000,55910,2376175000,5067878,19.64
01/10/2009,4200,185280000,44.5(4.71 %),5200,229880000,1000,44600000,5063678,19.66
02/10/2009,1000,42300000,42.3(-4.94 %),1000,42300000,0,0,5062678,19.67
05/10/2009,10500,442250000,41.8(-1.18 %),10500,442250000,0,0,5052178,19.73
06/10/2009,0,0,40.6(-2.87 %),0,0,0,0,5052178,19.73
07/10/2009,50,2140000,42.3(4.19 %),100,4240000,50,2100000,5052128,19.73
08/10/2009,-3000,-126764000,42.3(0.00 %),0,0,3000,126764000,5055128,19.71
09/10/2009,200,8500000,42.8(1.18 %),200,8500000,0,0,5054928,19.71
12/10/2009,-11900,-522720000,44(2.80 %),5100,221890000,17000,744610000,5066828,19.65
13/10/2009,4720,207680000,42.7(-2.95 %),5000,220000000,280,12320000,5062108,19.67
14/10/2009,1100,47976000,43.9(2.81 %),1100,47976000,0,0,5061008,19.68
15/10/2009,-1390,-63940000,44.5(1.37 %),0,0,1390,63940000,5062398,19.67
16/10/2009,0,0,44(-1.12 %),0,0,0,0,5117808,19.35
19/10/2009,3250,142285000,43.8(-0.45 %),3250,142285000,0,0,5059148,19.69
20/10/2009,1190,57416000,45.9(4.79 %),4000,182100000,2810,124684000,5057958,19.7
21/10/2009,1450,69645000,48.1(4.79 %),1500,72050000,50,2405000,5056508,19.71
22/10/2009,-41500,-2095750000,50.5(4.99 %),0,0,41500,2095750000,5098008,19.47
23/10/2009,-15800,-841900000,48(-4.95 %),920,44260000,16720,886160000,5113808,19.37
26/10/2009,-4000,-190080000,46(-4.17 %),0,0,4000,190080000,5117808,19.35
27/10/2009,10000,439749000,45.5(-1.09 %),10000,439749000,0,0,5107808,19.41
28/10/2009,-9980,-459082000,45.5(0.00 %),10,458000,9990,459540000,5117788,19.35
29/10/2009,1010,43735000,43.3(-4.84 %),1010,43735000,0,0,5116778,19.36
30/10/2009,2950,132706000,45.4(4.85 %),3060,137700000,110,4994000,5113828,19.37
02/11/2009,-10000,-432000000,43.2(-4.85 %),0,0,10000,432000000,5123828,19.32
03/11/2009,900,34960000,41.1(-4.86 %),3000,123300000,2100,88340000,5122928,19.32
04/11/2009,0,0,41(-0.24 %),0,0,0,0,5122928,19.32
05/11/2009,0,0,43(4.88 %),0,0,0,0,5122928,19.32
06/11/2009,0,0,41(-4.65 %),0,0,0,0,5122928,19.32
09/11/2009,-990,-40580000,39.5(-3.66 %),10,420000,1000,41000000,5123918,19.32
10/11/2009,240,9912000,39.5(0.00 %),240,9912000,0,0,5123678,19.32
11/11/2009,10,410000,41.4(4.81 %),10,410000,0,0,5123668,19.32
12/11/2009,0,0,43.4(4.83 %),0,0,0,0,5123668,19.32
13/11/2009,-23990,-997115000,43.6(0.46 %),30,1303000,24020,998418000,5147658,19.18
16/11/2009,0,0,42.6(-2.29 %),0,0,0,0,5147658,19.18
17/11/2009,-600,-26400000,43.5(2.11 %),0,0,600,26400000,5148258,19.17
18/11/2009,50,2175000,44.8(2.99 %),50,2175000,0,0,5148208,19.17
19/11/2009,-1000,-44900000,44.9(0.22 %),0,0,1000,44900000,5149208,19.17
20/11/2009,-1000,-44400000,43(-4.23 %),0,0,1000,44400000,5150208,19.16
23/11/2009,0,0,41(-4.65 %),0,0,0,0,5150208,19.16
24/11/2009,1010,42910000,41(0.00 %),1010,42910000,0,0,5149198,19.17
25/11/2009,100,3900000,39(-4.88 %),100,3900000,0,0,5149098,19.17
26/11/2009,3030,113537000,37.1(-4.87 %),16730,622253000,13700,508716000,5146068,19.19
27/11/2009,6130,216677000,38.9(4.85 %),7300,259880000,1170,43203000,5139938,19.22
30/11/2009,9000,363200000,40.8(4.88 %),10000,404000000,1000,40800000,5130938,19.27
01/12/2009,0,0,40.9(0.25 %),0,0,0,0,5130938,19.27
02/12/2009,4000,164000000,39.5(-3.42 %),4000,164000000,0,0,5126938,19.3
03/12/2009,0,0,39(-1.27 %),0,0,0,0,5126938,19.3
04/12/2009,110,4390000,38.8(-0.51 %),110,4390000,0,0,5126828,19.3
07/12/2009,0,0,39(0.52 %),0,0,0,0,5126828,19.3
08/12/2009,3000,114100000,38.1(-2.31 %),3000,114100000,0,0,5123828,19.32
09/12/2009,50,1810000,36.2(-4.99 %),50,1810000,0,0,5123778,19.32
10/12/2009,-8680,-300738000,34.4(-4.97 %),60,2084000,8740,302822000,5132458,19.27
11/12/2009,130,4251000,32.7(-4.94 %),130,4251000,0,0,5132328,19.27
14/12/2009,150,5010000,34.1(4.28 %),150,5010000,0,0,5132178,19.27
15/12/2009,-9000,-301500000,33.5(-1.76 %),0,0,9000,301500000,5141178,19.22
16/12/2009,-20000,-638000000,31.9(-4.78 %),0,0,20000,638000000,5161178,19.1
17/12/2009,-400,-12240000,30.6(-4.08 %),0,0,400,12240000,5161578,19.1
18/12/2009,0,0,32.1(4.90 %),0,0,0,0,5161578,19.1
21/12/2009,6000,202200000,33.7(4.98 %),6000,202200000,0,0,5155578,19.13
22/12/2009,-1390,-48704000,34.1(1.19 %),560,19546000,1950,68250000,5156968,19.12
23/12/2009,0,0,34.2(0.29 %),0,0,0,0,5156968,19.12
24/12/2009,0,0,35.9(4.97 %),0,0,0,0,5156968,19.12
25/12/2009,0,0,37.6(4.74 %),0,0,0,0,5156968,19.12
28/12/2009,60,2202000,37(-1.60 %),60,2202000,0,0,5156908,19.12
29/12/2009,80,2910000,35.7(-3.51 %),80,2910000,0,0,5156828,19.12
30/12/2009,0,0,36(0.84 %),0,0,0,0,5156828,19.12
31/12/2009,-48540,-1809250000,37.4(3.89 %),1500,55800000,50040,1865050000,5205368,18.84
04/01/2010,0,0,39.2(4.81 %),0,0,0,0,5205368,18.84
05/01/2010,-67590,-2777269000,41(4.59 %),0,0,67590,2777269000,5272958,18.45
06/01/2010,0,0,41.1(0.24 %),0,0,0,0,5272958,18.45
07/01/2010,0,0,41.6(1.22 %),0,0,0,0,5272958,18.45
08/01/2010,0,0,40(-3.85 %),0,0,0,0,5272958,18.45
11/01/2010,1000,39991000,40.7(1.75 %),1000,39991000,0,0,5271958,18.46
12/01/2010,-14520,-566380000,38.7(-4.91 %),1100,43060000,15620,609440000,5286478,18.37
13/01/2010,1100,41280000,39.5(2.07 %),1100,41280000,0,0,5285378,18.38
14/01/2010,0,0,39.8(0.76 %),0,0,0,0,5285378,18.38
15/01/2010,-1650,-63729000,39(-2.01 %),1000,38700000,2650,102429000,5287028,18.37
18/01/2010,-1680,-61683000,37.1(-4.87 %),1320,50872000,3000,112555000,5288708,18.36
19/01/2010,500,19000000,38(2.43 %),500,19000000,0,0,5288208,18.36
20/01/2010,1090,41152000,37(-2.63 %),1090,41152000,0,0,5287118,18.37
21/01/2010,690,24350000,35.2(-4.86 %),690,24350000,0,0,5286428,18.37
22/01/2010,0,0,35.2(0.00 %),0,0,0,0,5286428,18.37
25/01/2010,0,0,35.2(0.00 %),0,0,0,0,5286428,18.37
26/01/2010,0,0,36.9(4.83 %),0,0,0,0,5286428,18.37
27/01/2010,-16950,-605251000,35.2(-4.61 %),0,0,16950,605251000,5303378,18.28
28/01/2010,0,0,34.7(-1.42 %),0,0,0,0,5303378,18.28
29/01/2010,-10,-358000,35.8(3.17 %),0,0,10,358000,5303388,18.28
01/02/2010,0,0,36.9(3.07 %),0,0,0,0,5303388,18.28
02/02/2010,4080,152574000,37.3(1.08 %),5000,186970000,920,34396000,5299308,18.3
03/02/2010,500,18784000,37.5(0.54 %),500,18784000,0,0,5298808,18.3
04/02/2010,0,0,38(1.33 %),0,0,0,0,5298808,18.3
05/02/2010,-20700,-765882000,37(-2.63 %),550,20350000,21250,786232000,5319508,18.18
08/02/2010,-2340,-80954000,34.6(-1.14 %),0,0,2340,80954000,5321848,18.17
09/02/2010,-5920,-199770000,33.5(-3.18 %),0,0,5920,199770000,5327768,18.13
10/02/2010,-1760,-60896000,34.6(3.28 %),0,0,1760,60896000,5329528,18.12
11/02/2010,0,0,35.3(2.02 %),0,0,0,0,5329528,18.12
12/02/2010,0,0,35.6(0.85 %),0,0,0,0,5329528,18.12
22/02/2010,-500,-18080000,36.5(2.53 %),0,0,500,18080000,5330028,18.12
23/02/2010,0,0,35.1(-3.84 %),0,0,0,0,5330028,18.12
24/02/2010,0,0,35(-0.28 %),0,0,0,0,5330028,18.12
25/02/2010,2000,72200000,35.9(2.57 %),2000,72200000,0,0,5328028,18.13
26/02/2010,-29300,-1051870000,36.2(0.84 %),0,0,29300,1051870000,5297208,17.96
01/03/2010,-30000,-1089300000,36.2(0.00 %),0,0,30000,1089300000,5327208,18.14
02/03/2010,2000,73000000,35.9(-0.83 %),2000,73000000,0,0,5325208,18.15
03/03/2010,4200,152419000,36.4(1.39 %),4210,152783000,10,364000,5321008,18.17
04/03/2010,23000,848800000,36.9(1.37 %),23000,848800000,0,0,5298008,18.31
05/03/2010,19200,710236000,37.1(0.54 %),19200,710236000,0,0,5278808,18.42
08/03/2010,8000,300000000,38.9(4.85 %),8000,300000000,0,0,5270808,18.46
09/03/2010,-3000,-121500000,40.8(4.88 %),0,0,3000,121500000,5273808,18.45
10/03/2010,9450,372178000,40.9(0.25 %),15000,600000000,5550,227822000,5264358,18.5
11/03/2010,53590,2193568000,40.9(0.00 %),53590,2193568000,0,0,5210768,18.81
12/03/2010,13730,561857000,41.3(0.98 %),13730,561857000,0,0,5197038,18.89
15/03/2010,-1000,-38940000,40.2(-2.66 %),1000,42000000,2000,80940000,5198038,18.89
16/03/2010,-6320,-247141000,38.6(-3.98 %),0,0,6320,247141000,5204358,18.85
17/03/2010,44390,1742373000,39(1.04 %),44390,1742373000,0,0,5159968,19.11
18/03/2010,0,0,39.5(1.28 %),0,0,0,0,5159968,19.11
19/03/2010,0,0,38.8(-1.77 %),0,0,0,0,5159968,19.11
22/03/2010,0,0,38.1(-1.80 %),0,0,0,0,5159968,19.11
23/03/2010,0,0,37.3(-2.10 %),0,0,0,0,5159968,19.11
24/03/2010,-300,-11550000,38(1.88 %),1500,55950000,1800,67500000,5160268,19.1
25/03/2010,3780,139304000,36.8(-3.16 %),3780,139304000,0,0,5156488,19.13
26/03/2010,0,0,36.8(0.00 %),0,0,0,0,5156488,19.13
29/03/2010,10000,368800000,36.9(0.27 %),10000,368800000,0,0,5146488,19.18
31/03/2010,-15690,-571109000,35.5(-3.01 %),8310,300326000,24000,871435000,5162178,19.09
01/04/2010,-15000,-532880000,36(1.41 %),5000,178100000,20000,710980000,5177178,19.01
02/04/2010,-15960,-581998000,36.5(1.39 %),9040,329152000,25000,911150000,5193138,18.91
05/04/2010,-5300,-199150000,37.2(1.92 %),0,0,5300,199150000,5198438,18.88
06/04/2010,-19720,-735969000,37.2(0.00 %),9980,369260000,29700,1105229000,5218158,18.77
07/04/2010,-10000,-390000000,39(4.84 %),0,0,10000,390000000,5228158,18.71
08/04/2010,-33500,-1365495000,40.9(4.87 %),0,0,33500,1365495000,5261658,18.52
09/04/2010,-2500,-100750000,39.3(-3.91 %),0,0,2500,100750000,5264158,18.5
12/04/2010,-1140,-45030000,38.6(-1.78 %),0,0,1140,45030000,5265298,18.5
13/04/2010,1000,38100000,37.9(-1.81 %),1000,38100000,0,0,5264298,18.5
14/04/2010,1000,37700000,37.9(0.00 %),1000,37700000,0,0,5263298,18.51
15/04/2010,-29100,-1115630000,38.6(1.85 %),0,0,29100,1115630000,5292398,18.34
16/04/2010,1370,53302000,38.4(-0.52 %),1400,54460000,30,1158000,5291028,18.35
19/04/2010,0,0,37.9(-1.30 %),0,0,0,0,5291028,18.35
20/04/2010,11400,427500000,37.6(-0.79 %),11400,427500000,0,0,5279628,18.41
21/04/2010,5000,186500000,37.3(-0.80 %),5000,186500000,0,0,5274628,18.44
22/04/2010,0,0,38.4(2.95 %),0,0,0,0,5274628,18.44
26/04/2010,28030,1093802000,38.7(0.78 %),151740,5904317000,123710,4810515000,5210088,18.82
27/04/2010,8560,328704000,38.2(-1.29 %),8560,328704000,0,0,5238038,18.65
28/04/2010,-80,-3064000,38.2(0.00 %),0,0,80,3064000,5238118,18.65
29/04/2010,0,0,39(2.09 %),0,0,0,0,5238118,18.65
04/05/2010,6920,273340000,39.1(0.26 %),6920,273340000,0,0,5231198,18.69
05/05/2010,3740,143990000,38.5(-1.53 %),4140,159390000,400,15400000,5227458,18.72
06/05/2010,-10000,-390000000,39.1(1.56 %),0,0,10000,390000000,5237458,18.66
07/05/2010,-10500,-399050000,38.4(-1.79 %),0,0,10500,399050000,5247958,18.6
10/05/2010,-2020,-75762000,37.7(-1.82 %),1980,75438000,4000,151200000,5249978,18.58
12/05/2010,-20500,-776450000,37.7(-0.79 %),0,0,20500,776450000,5270478,18.47
13/05/2010,0,0,37.8(0.27 %),0,0,0,0,5270478,18.47
14/05/2010,1000,38150000,38.2(1.06 %),1000,38150000,0,0,5269478,18.47
17/05/2010,-40000,-1498985000,37(-3.14 %),0,0,40000,1498985000,5309478,18.24
18/05/2010,0,0,37.1(0.27 %),0,0,0,0,5309478,18.24
19/05/2010,2000,73250000,37(-0.27 %),2000,73250000,0,0,5307478,18.25
20/05/2010,750,27425000,37.5(1.35 %),750,27425000,0,0,5306728,18.26
21/05/2010,-4440,-164032000,36.5(-2.67 %),8840,318972000,13280,483004000,5311168,18.23
24/05/2010,-5920,-213712000,36.9(1.10 %),0,0,5920,213712000,5317088,18.2
25/05/2010,-1380,-53744000,37(0.27 %),5200,186320000,6580,240064000,5318468,18.19
26/05/2010,-8590,-331165000,38.5(4.05 %),250,9175000,8840,340340000,5327058,18.14
27/05/2010,-5000,-195000000,38.5(0.00 %),0,0,5000,195000000,5332058,18.11
28/05/2010,0,0,38.7(0.52 %),0,0,0,0,5332058,18.11
31/05/2010,1000,38700000,38.9(0.52 %),1000,38700000,0,0,5331058,18.11
01/06/2010,0,0,39.5(1.54 %),0,0,0,0,5331058,18.11
02/06/2010,-18500,-748940000,41.4(4.81 %),2500,103060000,21000,852000000,5349558,18.01
03/06/2010,0,0,43.4(4.83 %),0,0,0,0,5349558,18.01
04/06/2010,-55200,-2511600000,45.5(4.84 %),0,0,55200,2511600000,5404758,17.69
07/06/2010,300,13470000,43.4(-4.62 %),300,13470000,0,0,5404458,17.69
08/06/2010,-65000,-2823500000,43.5(0.23 %),0,0,65000,2823500000,5469458,17.31
09/06/2010,-12400,-542900000,42.8(-1.61 %),100,4350000,12500,547250000,5481858,17.24
10/06/2010,-56120,-2413936000,44.9(4.91 %),0,0,56120,2413936000,5537978,16.92
11/06/2010,-74460,-3477459000,46.6(3.79 %),0,0,74460,3477459000,5612438,16.48
14/06/2010,-540,-25264000,46.5(-0.21 %),0,0,540,25264000,5612978,16.48
15/06/2010,-3610,-166021000,46.1(-0.86 %),0,0,3610,166021000,5616588,16.46
16/06/2010,1500,70400000,46.8(1.52 %),2000,93500000,500,23100000,5615088,16.47
17/06/2010,-28500,-1280700000,44.7(-4.49 %),1500,68400000,30000,1349100000,5643588,16.3
18/06/2010,0,0,44.5(-0.45 %),0,0,0,0,5643588,16.3
21/06/2010,0,0,45.8(2.92 %),0,0,0,0,5643588,16.3
22/06/2010,-2000,-92000000,46.3(1.09 %),0,0,2000,92000000,5645588,16.29
23/06/2010,-450,-20115000,46.4(0.22 %),0,0,450,20115000,5646038,16.29
24/06/2010,-500,-23250000,46.9(1.08 %),0,0,500,23250000,5646538,16.29
25/06/2010,-48830,-2337294000,47.6(1.49 %),1170,55458000,50000,2392752000,5695368,16.0
28/06/2010,-11600,-560160000,49.2(3.36 %),0,0,11600,560160000,5706968,15.94
29/06/2010,-3000,-149400000,50.5(2.64 %),0,0,3000,149400000,5709968,15.92
30/06/2010,-26000,-1299500000,50(-0.99 %),0,0,26000,1299500000,5735968,15.77
01/07/2010,-500,-25250000,51(2.00 %),0,0,500,25250000,5736468,15.77
02/07/2010,-42670,-2221170000,53.5(4.90 %),0,0,42670,2221170000,5779138,15.52
05/07/2010,-42000,-2337000000,55.5(3.74 %),0,0,42000,2337000000,5821138,15.28
06/07/2010,-1000,-55500000,55.5(0.00 %),0,0,1000,55500000,5822138,15.27
07/07/2010,0,0,54(-2.70 %),0,0,0,0,5822138,15.27
08/07/2010,0,0,55(1.85 %),0,0,0,0,5822138,15.27
09/07/2010,-530,-30210000,57(3.64 %),0,0,530,30210000,5822668,15.27
12/07/2010,0,0,58.5(2.63 %),0,0,0,0,5822668,15.27
13/07/2010,1000,59000000,60.5(3.42 %),1000,59000000,0,0,5821668,15.27
14/07/2010,-2000,-126000000,63(4.13 %),0,0,2000,126000000,5823668,15.26
15/07/2010,-700,-44200000,64.5(2.38 %),0,0,700,44200000,5824368,15.26
16/07/2010,-82000,-5387500000,67(3.88 %),0,0,82000,5387500000,5906368,14.78
19/07/2010,-47360,-3225705000,69.5(3.73 %),0,0,47360,3225705000,5953728,14.51
20/07/2010,-23300,-1685800000,72.5(4.32 %),0,0,23300,1685800000,5977028,14.37
21/07/2010,70,4900000,69(-4.83 %),70,4900000,0,0,5976958,14.37
22/07/2010,-2100,-140300000,66(-4.35 %),300,19800000,2400,160100000,5979058,14.36
23/07/2010,-210000,-13236650000,63(-4.55 %),0,0,210000,13236650000,6189058,13.14
26/07/2010,-142640,-8578330000,60(-4.76 %),2200,133300000,144840,8711630000,6331698,12.32
27/07/2010,-28000,-1751000000,63(5.00 %),1500,89000000,29500,1840000000,6359698,12.16
28/07/2010,0,0,64.5(2.38 %),0,0,0,0,6359698,12.16
29/07/2010,-3000,-192500000,64.5(0.00 %),0,0,3000,192500000,6362698,12.14
30/07/2010,-2200,-140550000,65.5(1.55 %),0,0,2200,140550000,6364898,12.13
02/08/2010,-73650,-4630315000,62.5(-4.58 %),10,635000,73660,4630950000,6438548,11.7
03/08/2010,-50550,-3309650000,65.5(4.80 %),0,0,50550,3309650000,6489098,11.41
04/08/2010,-1000,-66750000,67(2.29 %),0,0,1000,66750000,6490098,11.4
05/08/2010,0,0,66(-1.49 %),0,0,0,0,6490098,11.4
06/08/2010,0,0,66.5(0.76 %),0,0,0,0,6490098,11.4
09/08/2010,0,0,63.5(-4.51 %),0,0,0,0,6490098,11.4
10/08/2010,-540,-32920000,63.5(0.00 %),0,0,540,32920000,6490638,11.4
11/08/2010,-1190,-77945000,65.5(3.15 %),0,0,1190,77945000,6493018,11.38
12/08/2010,0,0,64.5(-1.53 %),0,0,0,0,6491828,11.39
13/08/2010,0,0,64(-0.78 %),0,0,0,0,6491828,11.39
16/08/2010,0,0,65(1.56 %),0,0,0,0,6491828,11.39
17/08/2010,0,0,62.5(-3.85 %),0,0,0,0,6491828,0.0
18/08/2010,0,0,59.5(-4.80 %),0,0,0,0,6491828,11.39
19/08/2010,0,0,59.5(0.00 %),0,0,0,0,6491828,11.39
20/08/2010,0,0,59(-0.84 %),0,0,0,0,6491828,11.39
23/08/2010,0,0,59.5(0.85 %),0,0,0,0,6491828,11.39
24/08/2010,0,0,57(-4.20 %),0,0,0,0,6491828,11.39
25/08/2010,0,0,54.5(-4.39 %),0,0,0,0,6491828,11.39
26/08/2010,0,0,54(-0.92 %),0,0,0,0,6491828,11.39
27/08/2010,-15100,-789550000,53(-1.85 %),0,0,15100,789550000,6506928,11.3
30/08/2010,8000,436920000,53.5(0.94 %),8000,436920000,0,0,6498928,11.35
31/08/2010,0,0,54(0.93 %),0,0,0,0,6498928,11.35
01/09/2010,0,0,54.5(0.93 %),0,0,0,0,6498928,11.35
06/09/2010,0,0,55(0.92 %),0,0,0,0,6544438,11.35
07/09/2010,-32000,-1722000000,53.5(-2.73 %),0,0,32000,1722000000,6530928,11.16
08/09/2010,-18000,-966500000,54(0.93 %),0,0,18000,966500000,6548928,11.06
09/09/2010,-39070,-2110780000,54(0.00 %),0,0,39070,2110780000,6587998,10.83
10/09/2010,-10930,-584570000,53(-1.85 %),0,0,10930,584570000,6598928,10.77
13/09/2010,-59400,-3009790000,53(0.00 %),0,0,59400,3009790000,6658328,10.43
14/09/2010,0,0,54(1.89 %),0,0,0,0,6658328,10.43
15/09/2010,0,0,54(0.00 %),0,0,0,0,6658328,10.43
16/09/2010,-550,-29700000,55(1.85 %),0,0,550,29700000,6658878,10.42
17/09/2010,-20000,-1098500000,56(1.82 %),0,0,20000,1098500000,6678878,10.31
20/09/2010,0,0,56.5(0.89 %),0,0,0,0,6678878,10.31
21/09/2010,0,0,57(0.88 %),0,0,0,0,6678878,10.31
22/09/2010,0,0,57.5(0.88 %),0,0,0,0,6678878,10.31
23/09/2010,0,0,56.5(-1.74 %),0,0,0,0,6678878,10.31
24/09/2010,0,0,56.5(0.00 %),0,0,0,0,6678878,10.31
27/09/2010,400,22600000,58(2.65 %),400,22600000,0,0,6678478,10.31
28/09/2010,0,0,58(0.00 %),0,0,0,0,6678478,10.31
29/09/2010,50000,2821510000,55.5(-4.31 %),70000,3951500000,20000,1129990000,6628478,10.6
30/09/2010,0,0,56.5(1.80 %),0,0,0,0,6673988,10.6
01/10/2010,0,0,55(-2.65 %),0,0,0,0,6673988,10.33
04/10/2010,0,0,53.5(-2.73 %),0,0,0,0,6673988,10.33
05/10/2010,0,0,53.5(0.00 %),0,0,0,0,6673988,10.33
06/10/2010,0,0,54.5(1.87 %),0,0,0,0,6673988,10.33
07/10/2010,0,0,54.5(0.00 %),0,0,0,0,6673988,10.33
08/10/2010,2000,109000000,53(-2.75 %),2000,109000000,0,0,6671988,10.35
11/10/2010,0,0,53(0.00 %),0,0,0,0,6671988,10.35
12/10/2010,0,0,53(0.00 %),0,0,0,0,6671988,10.35
13/10/2010,0,0,52.5(-0.94 %),0,0,0,0,6671988,10.35
14/10/2010,0,0,53(0.95 %),0,0,0,0,6671988,10.35
15/10/2010,-540,-28350000,53.5(0.94 %),0,0,540,28350000,6672528,10.34
18/10/2010,140,7560000,54(0.93 %),140,7560000,0,0,6672388,10.34
19/10/2010,0,0,53.5(-0.93 %),0,0,0,0,6672388,10.34
20/10/2010,0,0,53(-0.93 %),0,0,0,0,6672388,10.34
21/10/2010,-10000,-525000000,52(-1.89 %),0,0,10000,525000000,6682388,10.29
22/10/2010,0,0,53(1.92 %),0,0,0,0,6682388,10.29
25/10/2010,0,0,53.5(0.94 %),0,0,0,0,6682388,10.29
26/10/2010,0,0,56(4.67 %),0,0,0,0,6682388,10.29
27/10/2010,0,0,56.5(0.89 %),0,0,0,0,6682388,10.29
28/10/2010,0,0,58.5(3.54 %),0,0,0,0,6682388,10.29
29/10/2010,0,0,59.5(1.71 %),0,0,0,0,6682388,10.29
01/11/2010,0,0,59.5(0.00 %),0,0,0,0,6682388,10.29
02/11/2010,0,0,58(-2.52 %),0,0,0,0,6682388,0.0
03/11/2010,0,0,58.5(0.86 %),0,0,0,0,6682388,10.29
04/11/2010,0,0,58.5(0.00 %),0,0,0,0,6682388,10.29
05/11/2010,0,0,59(0.85 %),0,0,0,0,6682388,10.29
08/11/2010,1900,116850000,59(0.00 %),1900,116850000,0,0,6680488,10.3
09/11/2010,0,0,60.5(2.54 %),0,0,0,0,6680488,10.3
10/11/2010,0,0,63(4.13 %),0,0,0,0,6680488,10.3
11/11/2010,0,0,64(1.59 %),0,0,0,0,6680488,10.3
12/11/2010,0,0,64(0.00 %),0,0,0,0,6680488,10.3
15/11/2010,0,0,64(0.00 %),0,0,0,0,6680488,10.3
16/11/2010,0,0,62(-3.12 %),0,0,0,0,6680488,10.3
17/11/2010,-100,-6100000,61(-1.61 %),0,0,100,6100000,6680588,10.3
18/11/2010,0,0,61.5(0.82 %),0,0,0,0,6680588,10.3
19/11/2010,100,6000000,61.5(0.00 %),100,6000000,0,0,6680488,10.3
22/11/2010,0,0,59.5(-3.25 %),0,0,0,0,6680488,10.3
23/11/2010,-13900,-831050000,60(0.84 %),0,0,13900,831050000,6694388,10.22
24/11/2010,0,0,61(1.67 %),0,0,0,0,6694388,10.22
25/11/2010,-12910,-748780000,61.5(0.82 %),0,0,12910,748780000,6707298,10.14
26/11/2010,0,0,61.5(0.00 %),0,0,0,0,6707298,10.14
29/11/2010,-50,-3075000,60(-2.44 %),0,0,50,3075000,6707348,10.14
30/11/2010,-1900,-116850000,60.5(0.83 %),0,0,1900,116850000,6709248,10.13
01/12/2010,0,0,62(2.48 %),0,0,0,0,6709248,10.13
02/12/2010,0,0,62(0.00 %),0,0,0,0,6709248,10.13
03/12/2010,0,0,63(1.61 %),0,0,0,0,6709248,10.13
06/12/2010,-40,-2560000,64(1.59 %),0,0,40,2560000,6709288,10.13
07/12/2010,0,0,61.5(-3.91 %),0,0,0,0,6709288,10.13
08/12/2010,-30,-1830000,61(-0.81 %),0,0,30,1830000,6709318,10.13
09/12/2010,0,0,61.5(0.82 %),0,0,0,0,6709318,10.13
10/12/2010,0,0,62.5(1.63 %),0,0,0,0,6709318,10.13
13/12/2010,100,6250000,62.5(0.00 %),100,6250000,0,0,6709218,10.13
14/12/2010,0,0,62.5(0.00 %),0,0,0,0,6709218,10.13
15/12/2010,0,0,62(-0.80 %),0,0,0,0,6709218,10.13
16/12/2010,-8450,-552250000,62(0.00 %),1000,62000000,9450,614250000,6717668,10.08
17/12/2010,0,0,63.5(2.42 %),0,0,0,0,6717668,10.08
20/12/2010,0,0,61.5(-3.15 %),0,0,0,0,6717668,10.08
21/12/2010,4130,253995000,61.5(0.00 %),4940,303810000,810,49815000,6713538,10.11
22/12/2010,12910,793225000,62(0.81 %),20910,1277225000,8000,484000000,6700628,10.18
23/12/2010,0,0,61.5(-0.81 %),0,0,0,0,6700628,10.18
24/12/2010,0,0,61.5(0.00 %),0,0,0,0,6700628,10.18
27/12/2010,0,0,61.5(0.00 %),0,0,0,0,6700628,10.18
28/12/2010,0,0,61.5(0.00 %),0,0,0,0,6700628,10.18
29/12/2010,0,0,61.5(0.00 %),0,0,0,0,6700628,10.18
30/12/2010,0,0,61.5(0.00 %),0,0,0,0,6700628,10.18
31/12/2010,0,0,60(-2.44 %),0,0,0,0,6700628,10.18
04/01/2011,-20050,-1230620000,62(3.33 %),0,0,20050,1230620000,6720678,10.06
05/01/2011,0,0,62(0.00 %),0,0,0,0,6720678,10.06
06/01/2011,-2300,-142600000,61.5(-0.81 %),0,0,2300,142600000,6722978,10.05
07/01/2011,0,0,62(0.81 %),0,0,0,0,6722978,10.05
10/01/2011,0,0,61.5(-0.81 %),0,0,0,0,6722978,10.05
11/01/2011,500,30750000,61.5(0.00 %),500,30750000,0,0,6722478,10.05
12/01/2011,-460,-28520000,62(0.81 %),0,0,460,28520000,6722938,10.05
13/01/2011,800,49750000,62.5(0.81 %),800,49750000,0,0,6722138,10.06
14/01/2011,0,0,62.5(0.00 %),0,0,0,0,6722138,10.06
17/01/2011,0,0,62.5(0.00 %),100,6250000,100,6250000,6722138,10.06
18/01/2011,0,0,62.5(0.00 %),0,0,0,0,6722138,10.06
19/01/2011,0,0,63(0.80 %),0,0,0,0,6722138,10.06
20/01/2011,0,0,63(0.00 %),0,0,0,0,6722138,10.06
21/01/2011,0,0,63(0.00 %),0,0,0,0,6722138,10.06
24/01/2011,-14500,-915975000,63(0.00 %),500,30600000,15000,946575000,6736638,9.97
25/01/2011,0,0,63(0.00 %),0,0,0,0,6736638,9.97
26/01/2011,0,0,63.5(0.79 %),0,0,0,0,6736638,9.97
27/01/2011,0,0,64(0.79 %),0,0,0,0,6736638,9.97
28/01/2011,0,0,64.5(0.78 %),0,0,0,0,6736638,9.97
08/02/2011,0,0,65(0.78 %),0,0,0,0,6736638,9.97
09/02/2011,-300,-19500000,65(0.00 %),0,0,300,19500000,6736938,9.97
10/02/2011,0,0,65(0.00 %),0,0,0,0,6736938,9.97
11/02/2011,0,0,65(0.00 %),0,0,0,0,6736938,9.97
14/02/2011,0,0,64(-1.54 %),0,0,0,0,6736938,9.97
15/02/2011,50,3200000,64(0.00 %),50,3200000,0,0,6736888,9.97
16/02/2011,-400,-25600000,64(0.00 %),0,0,400,25600000,6737288,9.97
17/02/2011,0,0,64(0.00 %),0,0,0,0,6737288,9.97
18/02/2011,0,0,62.5(-2.34 %),0,0,0,0,6737288,9.97
21/02/2011,0,0,62(-0.80 %),0,0,0,0,6743188,9.93
22/02/2011,50,3100000,62(0.00 %),50,3100000,0,0,6737238,9.97
23/02/2011,-950,-58400000,62.5(0.81 %),50,3100000,1000,61500000,6738188,9.96
24/02/2011,-5000,-307500000,61.5(-1.60 %),0,0,5000,307500000,6743188,9.93
25/02/2011,-12820,-788430000,62(0.81 %),0,0,12820,788430000,6756008,9.86
28/02/2011,0,0,62(0.00 %),0,0,0,0,6756008,9.86
01/03/2011,500,30750000,61.5(-0.81 %),500,30750000,0,0,6755508,9.86
02/03/2011,2850,178275000,63(2.44 %),2850,178275000,0,0,6752658,9.88
03/03/2011,0,0,61.5(-2.38 %),0,0,0,0,0,0.0
04/03/2011,0,0,63(2.44 %),0,0,0,0,0,0.0
07/03/2011,0,0,63(0.00 %),0,0,0,0,0,0.0
08/03/2011,-4490,-278380000,62(-1.59 %),0,0,4490,278380000,0,0.0
09/03/2011,0,0,62.5(0.81 %),0,0,0,0,0,0.0
10/03/2011,0,0,63(0.80 %),0,0,0,0,0,0.0
11/03/2011,200,12500000,63(0.00 %),200,12500000,0,0,0,0.0
14/03/2011,0,0,64(1.59 %),0,0,0,0,0,0.0
15/03/2011,0,0,63.5(-0.78 %),0,0,0,0,0,0.0
16/03/2011,-510,-32385000,64(0.79 %),0,0,510,32385000,6741758,9.94
17/03/2011,0,0,63(-1.56 %),0,0,0,0,6741758,9.94
18/03/2011,0,0,63(0.00 %),0,0,0,0,6741758,9.94
21/03/2011,-130,-7995000,63.5(0.79 %),0,0,130,7995000,6741888,9.94
22/03/2011,3000,190000000,64(0.79 %),3000,190000000,0,0,6738888,9.96
23/03/2011,0,0,64(0.00 %),0,0,0,0,6738888,9.96
24/03/2011,0,0,64(0.00 %),0,0,0,0,6738888,9.96
25/03/2011,-50,-3200000,62.5(-2.34 %),0,0,50,3200000,6738938,9.96
28/03/2011,0,0,63.5(1.60 %),0,0,0,0,6738938,9.96
29/03/2011,0,0,63.5(0.00 %),0,0,0,0,6738938,9.96
30/03/2011,0,0,63.5(0.00 %),0,0,0,0,6738938,9.96
31/03/2011,0,0,63(-0.79 %),0,0,0,0,6738938,9.96
01/04/2011,0,0,63.5(0.79 %),0,0,0,0,6739448,9.96
04/04/2011,0,0,62.5(-1.57 %),0,0,0,0,6739448,9.96
05/04/2011,0,0,62(-0.80 %),0,0,0,0,6739448,9.96
06/04/2011,0,0,62.5(0.81 %),0,0,0,0,6739448,9.96
07/04/2011,0,0,62.5(0.00 %),0,0,0,0,6739448,9.96
08/04/2011,0,0,62.5(0.00 %),0,0,0,0,6739448,9.96
13/04/2011,0,0,62(-0.80 %),0,0,0,0,6739448,9.96
14/04/2011,0,0,62(0.00 %),0,0,0,0,6739448,9.96
15/04/2011,-1000,-62000000,62(0.00 %),0,0,1000,62000000,6740448,9.95
18/04/2011,-28400,-1730650000,60.5(-2.42 %),0,0,28400,1730650000,6768848,9.79
19/04/2011,0,0,61.5(1.65 %),0,0,0,0,6768848,9.79
20/04/2011,500,30750000,61.5(0.00 %),500,30750000,0,0,6768348,9.79
21/04/2011,0,0,61.5(0.00 %),0,0,0,0,6768348,9.79
22/04/2011,0,0,61.5(0.00 %),0,0,0,0,6768348,9.79
25/04/2011,0,0,61.5(0.00 %),0,0,0,0,6768348,9.79
26/04/2011,0,0,59(-4.07 %),0,0,0,0,6768348,9.79
27/04/2011,0,0,59(4.42 %),0,0,0,0,6768348,9.79
28/04/2011,0,0,59.5(0.85 %),0,0,0,0,6768348,9.79
29/04/2011,0,0,59(-0.84 %),0,0,0,0,6768348,9.79
04/05/2011,0,0,59(0.00 %),0,0,0,0,6768348,9.79
05/05/2011,0,0,58.5(-0.85 %),0,0,0,0,6768348,9.79
06/05/2011,0,0,58.5(0.00 %),0,0,0,0,6768348,9.79
09/05/2011,0,0,59(0.85 %),0,0,0,0,6768348,9.79
10/05/2011,0,0,59(0.00 %),0,0,0,0,6768348,9.79
11/05/2011,0,0,59(0.00 %),0,0,0,0,6768348,9.79
12/05/2011,0,0,59(0.00 %),0,0,0,0,6768348,9.79
13/05/2011,0,0,59(0.00 %),0,0,0,0,6768348,9.79
16/05/2011,0,0,59(0.00 %),0,0,0,0,6768348,9.79
17/05/2011,0,0,59(0.00 %),0,0,0,0,6768348,9.79
18/05/2011,0,0,59(0.00 %),0,0,0,0,6768348,9.79
19/05/2011,0,0,59(0.00 %),0,0,0,0,6768348,9.79
20/05/2011,0,0,58(-1.69 %),0,0,0,0,6768348,9.79
23/05/2011,-3000,-169500000,57(-1.72 %),0,0,3000,169500000,6771348,9.77
24/05/2011,0,0,57(0.00 %),0,0,0,0,6771348,9.77
25/05/2011,-1500,-85000000,57(0.00 %),0,0,1500,85000000,6772848,9.76
26/05/2011,-1000,-57000000,57.5(0.88 %),0,0,1000,57000000,6773848,9.76
27/05/2011,0,0,58(0.87 %),0,0,0,0,6773848,9.76
30/05/2011,0,0,58(0.00 %),0,0,0,0,6773848,9.76
31/05/2011,0,0,57(-1.72 %),0,0,0,0,6773848,9.76
01/06/2011,-200,-11500000,58(1.75 %),0,0,200,11500000,6773848,9.76
02/06/2011,0,0,58.5(0.86 %),0,0,0,0,6773848,9.76
03/06/2011,0,0,58.5(0.00 %),0,0,0,0,6773848,9.76
06/06/2011,0,0,58.5(0.00 %),0,0,0,0,6773848,9.76
07/06/2011,0,0,58.5(0.00 %),0,0,0,0,6773848,9.76
08/06/2011,0,0,58(-0.85 %),0,0,0,0,6773848,9.76
09/06/2011,0,0,57.5(-0.86 %),0,0,0,0,6773848,9.76
10/06/2011,0,0,57.5(0.00 %),0,0,0,0,6773848,9.76
13/06/2011,0,0,58(0.87 %),0,0,0,0,6773848,9.76
14/06/2011,0,0,58.5(0.86 %),0,0,0,0,6773848,9.76
15/06/2011,0,0,58.5(0.00 %),0,0,0,0,6773848,9.76
16/06/2011,0,0,58.5(0.00 %),0,0,0,0,6773848,9.76
17/06/2011,0,0,58.5(0.00 %),0,0,0,0,6773848,9.76
20/06/2011,0,0,58.5(0.00 %),0,0,0,0,6773848,9.76
21/06/2011,-100,-5800000,59(0.85 %),0,0,100,5800000,6773948,9.76
22/06/2011,0,0,58.5(-0.85 %),0,0,0,0,6773948,9.76
23/06/2011,0,0,59(0.85 %),0,0,0,0,6773948,9.76
24/06/2011,0,0,57(-3.39 %),0,0,0,0,6773948,9.76
27/06/2011,0,0,58(1.75 %),0,0,0,0,6773948,9.76
28/06/2011,0,0,58.5(0.86 %),0,0,0,0,6773948,9.76
29/06/2011,0,0,59(0.85 %),0,0,0,0,6773948,9.76
30/06/2011,0,0,59.5(0.85 %),0,0,0,0,6773948,9.76
01/07/2011,0,0,59.5(0.00 %),0,0,0,0,6774148,9.75
04/07/2011,0,0,59.5(0.00 %),0,0,0,0,6774148,9.75
05/07/2011,0,0,59.5(0.00 %),0,0,0,0,6774148,9.75
06/07/2011,0,0,60(0.84 %),0,0,0,0,6774148,9.75
07/07/2011,0,0,57(-5.00 %),0,0,0,0,6774148,9.75
08/07/2011,0,0,59.5(4.39 %),0,0,0,0,6774148,9.75
11/07/2011,0,0,60(0.84 %),0,0,0,0,6774148,9.75
12/07/2011,0,0,60(0.00 %),0,0,0,0,6774148,9.75
13/07/2011,0,0,59.5(-0.83 %),0,0,0,0,6774148,9.75
14/07/2011,0,0,59.5(0.00 %),0,0,0,0,6774148,9.75
15/07/2011,0,0,60(0.84 %),0,0,0,0,6774148,9.75
18/07/2011,-2000,-120000000,60(0.00 %),0,0,2000,120000000,6776148,9.74
19/07/2011,-250,-14875000,60(0.00 %),0,0,250,14875000,6776398,9.74
20/07/2011,0,0,60(0.00 %),0,0,0,0,6776398,9.74
21/07/2011,-10000,-586000000,58.5(-2.50 %),0,0,10000,586000000,6786398,9.68
22/07/2011,-10000,-585000000,59(0.85 %),0,0,10000,585000000,6796398,9.63
25/07/2011,0,0,59(0.00 %),0,0,0,0,6796398,9.63
26/07/2011,50,2950000,59(0.00 %),50,2950000,0,0,6796348,9.63
27/07/2011,0,0,59(0.00 %),0,0,0,0,6796348,9.63
28/07/2011,570,33915000,59.5(0.85 %),570,33915000,0,0,6795778,9.63
29/07/2011,0,0,59.5(0.00 %),0,0,0,0,6795778,9.63
01/08/2011,0,0,59.5(0.00 %),0,0,0,0,6795778,9.63
02/08/2011,0,0,59.5(0.00 %),0,0,0,0,6795778,9.63
03/08/2011,0,0,59.5(0.00 %),0,0,0,0,6795778,9.63
04/08/2011,0,0,59.5(0.00 %),0,0,0,0,6795778,9.63
05/08/2011,0,0,59.5(0.00 %),0,0,0,0,6795778,9.63
08/08/2011,-2140,-125830000,59.5(0.00 %),0,0,2140,125830000,6797918,9.62
09/08/2011,0,0,59.5(0.00 %),0,0,0,0,6797918,9.62
10/08/2011,-500,-29750000,60(0.84 %),0,0,500,29750000,6798418,9.61
11/08/2011,0,0,59.5(-0.83 %),0,0,0,0,6798418,9.61
12/08/2011,0,0,59.5(0.00 %),0,0,0,0,6798418,9.61
15/08/2011,0,0,59.5(0.00 %),0,0,0,0,6798418,9.61
16/08/2011,0,0,59(-0.84 %),0,0,0,0,6798418,9.61
17/08/2011,0,0,59.5(0.85 %),0,0,0,0,6798418,9.61
18/08/2011,0,0,59(-0.84 %),0,0,0,0,6798418,9.61
19/08/2011,0,0,59(0.00 %),0,0,0,0,6798418,9.61
22/08/2011,0,0,59.5(0.85 %),0,0,0,0,6798418,9.61
23/08/2011,0,0,59.5(0.00 %),0,0,0,0,6798418,9.61
24/08/2011,0,0,59.5(0.00 %),0,0,0,0,6798418,9.61
25/08/2011,0,0,59.5(0.00 %),0,0,0,0,6798418,9.61
26/08/2011,0,0,59.5(0.00 %),0,0,0,0,6798418,9.61
29/08/2011,0,0,59.5(0.00 %),0,0,0,0,6798418,9.61
30/08/2011,0,0,59.5(0.00 %),0,0,0,0,6798418,9.61
31/08/2011,0,0,59.5(0.00 %),0,0,0,0,6798418,9.61
01/09/2011,0,0,59(-0.84 %),0,0,0,0,6798418,9.61
05/09/2011,0,0,58(-1.69 %),0,0,0,0,6798418,9.61
06/09/2011,0,0,58(0.00 %),0,0,0,0,6798418,9.61
07/09/2011,0,0,58.5(0.86 %),0,0,0,0,6798418,9.61
08/09/2011,0,0,59(0.85 %),0,0,0,0,6798418,9.61
09/09/2011,0,0,58(-1.69 %),0,0,0,0,6798418,9.61
12/09/2011,0,0,58.5(0.86 %),0,0,0,0,6798418,9.61
13/09/2011,0,0,58(-0.85 %),0,0,0,0,6798418,9.61
14/09/2011,0,0,58.5(0.86 %),0,0,0,0,6798418,9.61
15/09/2011,0,0,58(-0.85 %),0,0,0,0,6798418,9.61
16/09/2011,0,0,57.5(-0.86 %),0,0,0,0,6798418,9.61
19/09/2011,0,0,57.5(0.00 %),0,0,0,0,6798418,9.61
20/09/2011,0,0,58(0.87 %),0,0,0,0,6798418,9.61
21/09/2011,0,0,58(0.00 %),0,0,0,0,6798418,9.61
22/09/2011,0,0,57.5(-0.86 %),0,0,0,0,6798418,9.61
23/09/2011,0,0,57.5(0.00 %),0,0,0,0,6798418,9.61
26/09/2011,0,0,58(0.87 %),0,0,0,0,6798418,9.61
27/09/2011,0,0,58(0.00 %),0,0,0,0,6798418,9.61
28/09/2011,0,0,57.5(-0.86 %),0,0,0,0,6798418,9.61
29/09/2011,0,0,57.5(0.00 %),0,0,0,0,6798418,9.61
30/09/2011,100,5800000,57.5(0.00 %),100,5800000,0,0,6798318,9.61
03/10/2011,0,0,58(0.87 %),0,0,0,0,6798318,9.61
04/10/2011,0,0,58(0.00 %),0,0,0,0,6798318,9.61
05/10/2011,0,0,58(0.00 %),0,0,0,0,6798318,9.61
06/10/2011,0,0,58.5(0.86 %),0,0,0,0,6798318,9.61
07/10/2011,0,0,58.5(0.00 %),0,0,0,0,6798318,9.61
10/10/2011,0,0,59(0.85 %),0,0,0,0,6798318,9.61
11/10/2011,0,0,59(0.00 %),0,0,0,0,6798318,9.61
12/10/2011,0,0,58.5(-0.85 %),0,0,0,0,6798318,9.61
13/10/2011,0,0,59(0.85 %),0,0,0,0,6798318,9.61
14/10/2011,0,0,58.5(-0.85 %),0,0,0,0,6798318,9.61
17/10/2011,0,0,58.5(0.00 %),0,0,0,0,6798318,9.61
18/10/2011,0,0,57.5(-1.71 %),0,0,0,0,6798318,9.61
19/10/2011,0,0,58(0.87 %),0,0,0,0,6798318,9.61
20/10/2011,0,0,58.5(0.86 %),0,0,0,0,6798318,9.61
21/10/2011,-20,-1170000,58.5(0.00 %),0,0,20,1170000,6798338,9.61
24/10/2011,0,0,58.5(0.00 %),0,0,0,0,6798338,9.61
25/10/2011,0,0,58.5(0.00 %),0,0,0,0,6798338,9.61
26/10/2011,0,0,58.5(0.00 %),0,0,0,0,6798338,9.61
27/10/2011,-25000,-1437500000,58.5(0.00 %),0,0,25000,1437500000,6823338,9.47
28/10/2011,0,0,59(0.85 %),0,0,0,0,6823338,9.47
31/10/2011,0,0,59(0.00 %),0,0,0,0,6823338,9.47
01/11/2011,0,0,58(-1.69 %),0,0,0,0,6798338,9.61
02/11/2011,-6060,-340110000,56(-3.45 %),0,0,6060,340110000,6804398,9.58
03/11/2011,100,5800000,57.5(2.68 %),100,5800000,0,0,6804298,9.58
04/11/2011,0,0,58.5(1.74 %),0,0,0,0,6804298,9.58
07/11/2011,-2000,-114000000,57(-2.56 %),1000,57000000,3000,171000000,6806298,9.57
08/11/2011,-5000,-283000000,57(0.00 %),0,0,5000,283000000,6811298,9.54
09/11/2011,-800,-45600000,57(0.00 %),0,0,800,45600000,6812098,9.53
10/11/2011,300,17100000,57(0.00 %),1050,59850000,750,42750000,6811798,9.54
11/11/2011,0,0,57(0.00 %),0,0,0,0,6811798,9.54
14/11/2011,-1230,-69610000,56.5(-0.88 %),0,0,1230,69610000,6813028,9.53
15/11/2011,-5250,-291725000,56(-0.88 %),0,0,5250,291725000,6818278,9.5
16/11/2011,-3120,-174720000,56(0.00 %),0,0,3120,174720000,6821398,9.48
17/11/2011,-11500,-643500000,56.5(0.89 %),0,0,11500,643500000,6832898,9.41
18/11/2011,-6000,-331850000,56.5(0.00 %),0,0,6000,331850000,6838898,9.38
21/11/2011,0,0,56.5(0.00 %),0,0,0,0,6838898,9.38
22/11/2011,0,0,55.5(-1.77 %),0,0,0,0,6838898,9.38
23/11/2011,0,0,56.5(1.80 %),0,0,0,0,6838898,9.38
24/11/2011,0,0,56.5(0.00 %),0,0,0,0,6838898,9.38
25/11/2011,0,0,57(0.88 %),0,0,0,0,6838898,9.38
28/11/2011,100,5750000,57.5(0.88 %),200,11300000,100,5550000,6838798,9.38
29/11/2011,0,0,57.5(0.00 %),0,0,0,0,6838798,9.38
30/11/2011,-2070,-115385000,55(-4.35 %),0,0,2070,115385000,6840868,9.37
01/12/2011,0,0,53(-3.64 %),0,0,0,0,6863698,9.24
02/12/2011,-1000,-53000000,53(0.00 %),0,0,1000,53000000,6864698,9.23
05/12/2011,-4000,-212000000,53(0.00 %),0,0,4000,212000000,6868698,9.21
06/12/2011,-11000,-581000000,53(0.00 %),0,0,11000,581000000,6879698,9.14
07/12/2011,0,0,53(2.91 %),0,0,0,0,6879698,9.14
08/12/2011,-610,-32330000,53(0.00 %),0,0,610,32330000,6880308,9.14
09/12/2011,-500,-26000000,52(-1.89 %),0,0,500,26000000,6880808,9.14
12/12/2011,-7870,-409240000,52(0.00 %),0,0,7870,409240000,6888678,9.09
13/12/2011,0,0,52(0.00 %),0,0,0,0,6888678,9.09
14/12/2011,-500,-26000000,52(0.00 %),0,0,500,26000000,6889178,9.09
15/12/2011,-1930,-99410000,51.5(-0.96 %),0,0,1930,99410000,6891108,9.08
16/12/2011,-4000,-206000000,51.5(0.00 %),0,0,4000,206000000,6895108,9.05
19/12/2011,-6500,-334750000,51.5(0.00 %),0,0,6500,334750000,6901608,9.02
20/12/2011,-16600,-834050000,50(-2.91 %),0,0,16600,834050000,6918208,8.92
21/12/2011,-3900,-193550000,49.5(-1.00 %),0,0,3900,193550000,6922108,8.9
22/12/2011,-10,-495000,48.5(-2.02 %),0,0,10,495000,6922118,8.9
23/12/2011,-110,-5335000,47.5(-2.06 %),0,0,110,5335000,6922228,8.9
26/12/2011,-8410,-397475000,47.5(0.00 %),0,0,8410,397475000,6930638,8.85
27/12/2011,-4500,-209750000,47(-1.05 %),0,0,4500,209750000,6935138,8.82
28/12/2011,-16500,-765000000,46(-2.13 %),0,0,16500,765000000,6951638,8.73
29/12/2011,-5520,-251160000,45.5(-1.09 %),0,0,5520,251160000,6957158,8.69
30/12/2011,-4060,-184742000,45.7(0.44 %),0,0,4060,184742000,6961218,8.67
03/01/2012,-1010,-46157000,45.7(0.00 %),0,0,1010,46157000,6937308,8.81
04/01/2012,-2000,-90000000,45(-1.53 %),0,0,2000,90000000,6939308,8.8
05/01/2012,-100,-4500000,45(0.00 %),0,0,100,4500000,6939408,8.8
06/01/2012,0,0,43.5(-3.33 %),100,4500000,100,4500000,6939408,8.8
09/01/2012,-15000,-652500000,43.5(0.00 %),0,0,15000,652500000,6954408,8.71
10/01/2012,-54510,-2256714000,41.4(-4.83 %),0,0,54510,2256714000,7008918,8.39
11/01/2012,-1050,-43475000,41.5(0.24 %),0,0,1050,43475000,7009968,8.39
12/01/2012,-9940,-412510000,41.5(0.00 %),0,0,9940,412510000,7019908,8.33
13/01/2012,-99000,-3991200000,40.1(-3.37 %),0,0,99000,3991200000,7118908,7.76
16/01/2012,0,0,41.4(3.24 %),100,4140000,100,4140000,7118908,7.76
17/01/2012,-9420,-372090000,39.5(-4.59 %),0,0,9420,372090000,7128328,7.7
18/01/2012,0,0,39.5(0.00 %),0,0,0,0,7128328,7.7
19/01/2012,-400,-16520000,41.3(4.56 %),0,0,400,16520000,7128728,7.7
20/01/2012,-2500,-102500000,41(-0.73 %),0,0,2500,102500000,7131228,7.69
30/01/2012,-1410,-57953000,41.1(0.24 %),100,4120000,1510,62073000,7132638,7.68
31/01/2012,-340,-14080000,41.2(0.24 %),0,0,340,14080000,7132978,7.68
01/02/2012,-230,-9606000,41.3(0.24 %),1950,80620000,2180,90226000,7153768,7.56
02/02/2012,-3510,-146700000,42(1.69 %),0,0,3510,146700000,7157278,7.53
03/02/2012,0,0,42(0.00 %),0,0,0,0,7157278,7.53
06/02/2012,0,0,40(-4.76 %),0,0,0,0,7157278,7.53
07/02/2012,-2400,-94030000,39.3(-1.75 %),100,3900000,2500,97930000,7159678,7.52
08/02/2012,-8960,-369128000,41.2(4.83 %),100,4100000,9060,373228000,7168638,7.47
09/02/2012,-4940,-203528000,41.2(0.00 %),0,0,4940,203528000,7173578,7.44
10/02/2012,-2800,-111900000,40(-2.91 %),100,4100000,2900,116000000,7176378,7.42
13/02/2012,50,2085000,41.7(4.25 %),100,4170000,50,2085000,7176328,7.42
14/02/2012,0,0,40(-4.08 %),0,0,0,0,7176328,7.42
15/02/2012,-15390,-585030000,38(-5.00 %),50,1900000,15440,586930000,7191718,7.34
16/02/2012,-18150,-656430000,36.2(-4.74 %),0,0,18150,656430000,7209868,7.23
17/02/2012,-4160,-151582000,37.7(4.14 %),0,0,4160,151582000,7214028,7.21
20/02/2012,-100,-3770000,39.5(4.77 %),0,0,100,3770000,7214128,7.21
21/02/2012,-910,-35945000,39.5(0.00 %),0,0,910,35945000,7215038,7.2
22/02/2012,0,0,39.4(-0.25 %),0,0,0,0,7215038,7.2
23/02/2012,0,0,39.3(-0.25 %),0,0,0,0,7215038,7.2
24/02/2012,0,0,39.4(0.25 %),0,0,0,0,7215038,7.2
27/02/2012,880,34652000,39(-1.02 %),880,34652000,0,0,7214158,7.21
28/02/2012,0,0,38.5(-1.28 %),0,0,0,0,7214158,7.21
29/02/2012,50,1875000,38(-1.30 %),50,1875000,0,0,7214108,7.21
01/03/2012,400,15800000,39.4(3.68 %),400,15800000,0,0,7220238,7.17
02/03/2012,0,0,40(1.52 %),0,0,0,0,7220238,7.17
05/03/2012,-200,-8400000,42(5.00 %),0,0,200,8400000,7220438,7.17
06/03/2012,270,11070000,44(4.76 %),270,11070000,0,0,7220168,7.17
07/03/2012,150,6270000,41.8(-5.00 %),150,6270000,0,0,7220018,7.17
08/03/2012,-2400,-95529000,39.8(-4.78 %),0,0,2400,95529000,7222418,7.16
09/03/2012,0,0,41.2(3.52 %),0,0,0,0,7222418,7.16
12/03/2012,0,0,39.2(-4.85 %),0,0,0,0,7222418,7.16
13/03/2012,0,0,39.8(1.53 %),0,0,0,0,7222418,7.16
14/03/2012,0,0,39.8(0.00 %),0,0,0,0,7222418,7.16
15/03/2012,50,1950000,41(3.02 %),50,1950000,0,0,7222368,7.16
16/03/2012,0,0,42.9(4.63 %),0,0,0,0,7222368,7.16
19/03/2012,200,8160000,40.8(-4.90 %),200,8160000,0,0,7222168,7.16
20/03/2012,1080,46221000,42.8(4.90 %),1080,46221000,0,0,7221088,7.17
21/03/2012,200,8560000,42.8(0.00 %),200,8560000,0,0,7220888,7.17
22/03/2012,0,0,42.8(0.00 %),0,0,0,0,7220888,7.17
23/03/2012,0,0,42.9(0.23 %),0,0,0,0,7220888,7.17
26/03/2012,30,1245000,44(2.56 %),30,1245000,0,0,7220858,7.17
27/03/2012,0,0,41.8(-5.00 %),0,0,0,0,7220858,7.17
28/03/2012,20,820000,41(-1.91 %),20,820000,0,0,7220838,7.17
29/03/2012,0,0,41(0.00 %),0,0,0,0,7220838,7.17
30/03/2012,0,0,39.2(-4.39 %),0,0,0,0,7220838,7.17
03/04/2012,0,0,41(4.59 %),0,0,0,0,7220838,7.17
04/04/2012,0,0,41(0.00 %),0,0,0,0,7220838,7.17
05/04/2012,0,0,39.1(-4.63 %),0,0,0,0,7220838,7.17
06/04/2012,0,0,41(4.86 %),0,0,0,0,7220838,7.17
09/04/2012,0,0,42.9(4.63 %),0,0,0,0,7220838,7.17
10/04/2012,0,0,43.5(1.40 %),0,0,0,0,7220838,7.17
11/04/2012,0,0,43.3(-0.46 %),0,0,0,0,7220838,7.17
12/04/2012,0,0,43.3(0.00 %),0,0,0,0,7220838,7.17
13/04/2012,0,0,41.3(-4.62 %),0,0,0,0,7220838,7.17
16/04/2012,0,0,42.8(3.63 %),0,0,0,0,7220838,7.17
17/04/2012,10,421000,42.1(-1.64 %),10,421000,0,0,7220828,7.17
18/04/2012,0,0,42.1(0.00 %),0,0,0,0,7220828,7.17
19/04/2012,0,0,40.8(-3.09 %),0,0,0,0,7220828,7.17
20/04/2012,0,0,40.2(-1.47 %),0,0,0,0,7220828,7.17
23/04/2012,0,0,40.2(0.00 %),0,0,0,0,7220828,7.17
24/04/2012,0,0,42.1(4.73 %),0,0,0,0,7220828,7.17
25/04/2012,0,0,42(-0.24 %),0,0,0,0,7220828,7.17
26/04/2012,0,0,41.1(-2.14 %),0,0,0,0,7220828,7.17
27/04/2012,0,0,41.9(1.95 %),0,0,0,0,7220828,7.17
02/05/2012,0,0,43.1(2.86 %),0,0,0,0,7220828,7.17
03/05/2012,0,0,43.9(1.86 %),0,0,0,0,7220828,7.17
04/05/2012,0,0,41.9(-4.56 %),0,0,0,0,7220828,7.17
07/05/2012,0,0,43.8(4.53 %),0,0,0,0,7220828,7.17
08/05/2012,0,0,43.8(0.00 %),0,0,0,0,7220828,7.17
09/05/2012,0,0,43.5(2.84 %),0,0,0,0,7220828,7.17
10/05/2012,0,0,41.5(-4.60 %),0,0,0,0,7220828,7.17
11/05/2012,0,0,39.5(-4.82 %),0,0,0,0,7220828,7.17
14/05/2012,380,14358000,37.8(-4.30 %),430,16254000,50,1896000,7220448,7.17
15/05/2012,-45020,-1723611000,37.8(0.00 %),0,0,45020,1723611000,7265468,6.91
16/05/2012,-14810,-560548000,37.8(0.00 %),0,0,14810,560548000,7280278,6.82
17/05/2012,-57010,-2154980000,38(0.53 %),0,0,57010,2154980000,7337288,6.49
18/05/2012,-20000,-760000000,38(0.00 %),0,0,20000,760000000,7357288,6.38
21/05/2012,-12490,-474622000,38(0.00 %),0,0,12490,474622000,7369778,6.3
22/05/2012,-9500,-353075000,36.5(-3.95 %),500,19650000,10000,372725000,7379278,6.25
23/05/2012,0,0,37(1.37 %),0,0,0,0,7379278,6.25
24/05/2012,-15650,-579050000,37(0.00 %),0,0,15650,579050000,7394928,6.16
25/05/2012,-13100,-484700000,37(0.00 %),0,0,13100,484700000,7408028,6.08
28/05/2012,-500,-18500000,37(0.00 %),0,0,500,18500000,7408528,6.08
29/05/2012,-10890,-393534000,35.2(-4.86 %),50,1850000,10940,395384000,7419418,6.02
30/05/2012,-100000,-3549864000,35.3(0.28 %),0,0,100000,3549864000,7519418,5.44
31/05/2012,0,0,35.3(0.00 %),0,0,0,0,7519418,5.44
01/06/2012,0,0,35.5(0.57 %),0,0,0,0,7408478,6.08
04/06/2012,0,0,35.1(-1.13 %),0,0,0,0,7408478,6.08
05/06/2012,0,0,36.4(3.70 %),0,0,0,0,7408478,6.08
06/06/2012,0,0,35.1(-3.57 %),0,0,0,0,7408478,6.08
07/06/2012,0,0,35.9(2.28 %),0,0,0,0,7408478,6.08
08/06/2012,1290,45795000,35.5(-1.11 %),1290,45795000,0,0,7407188,6.09
11/06/2012,0,0,35.5(0.00 %),0,0,0,0,7407188,6.09
12/06/2012,0,0,36.5(2.82 %),0,0,0,0,7407188,6.09
13/06/2012,0,0,35.5(-2.74 %),0,0,0,0,7407188,6.09
14/06/2012,0,0,35.5(0.00 %),0,0,0,0,7407188,6.09
15/06/2012,0,0,35.6(0.28 %),0,0,0,0,7407188,6.09
18/06/2012,0,0,36.5(2.53 %),0,0,0,0,7407188,6.09
19/06/2012,0,0,36(-1.37 %),0,0,0,0,7407188,6.09
20/06/2012,0,0,36.1(0.28 %),0,0,0,0,7407188,6.09
21/06/2012,0,0,36.5(1.11 %),0,0,0,0,7407188,6.09
22/06/2012,0,0,36.5(0.00 %),0,0,0,0,7407188,6.09
25/06/2012,0,0,36(-1.37 %),0,0,0,0,7407188,6.09
26/06/2012,0,0,36(0.00 %),0,0,0,0,7407188,6.09
27/06/2012,0,0,36(0.00 %),0,0,0,0,7407188,6.09
28/06/2012,20,720000,36(0.00 %),20,720000,0,0,7407168,6.09
29/06/2012,0,0,36(0.00 %),0,0,0,0,7407168,6.09
02/07/2012,50,1775000,36.1(0.28 %),50,1775000,0,0,7518058,5.44
03/07/2012,0,0,36.2(0.28 %),0,0,0,0,7518058,5.44
04/07/2012,0,0,36.3(0.28 %),0,0,0,0,7518058,5.44
05/07/2012,0,0,36.4(0.28 %),0,0,0,0,7518058,5.44
06/07/2012,0,0,36.5(0.27 %),0,0,0,0,7518058,5.44
09/07/2012,0,0,36.5(0.00 %),0,0,0,0,7518058,5.44
10/07/2012,0,0,36.6(0.27 %),0,0,0,0,7518058,5.44
11/07/2012,0,0,37.2(1.64 %),0,0,0,0,7518058,5.44
12/07/2012,0,0,37.2(0.00 %),0,0,0,0,7518058,5.44
13/07/2012,0,0,36.8(-1.08 %),0,0,0,0,7518058,5.44
16/07/2012,0,0,36.8(0.00 %),0,0,0,0,7518058,5.44
17/07/2012,0,0,38(3.26 %),0,0,0,0,7518058,5.44
18/07/2012,0,0,37(-2.63 %),0,0,0,0,7518058,5.44
19/07/2012,0,0,37.9(2.43 %),0,0,0,0,7518058,5.44
20/07/2012,0,0,37.9(0.00 %),0,0,0,0,7518058,5.44
23/07/2012,0,0,37.9(0.00 %),0,0,0,0,7518058,5.44
24/07/2012,0,0,37(-2.37 %),0,0,0,0,7518058,5.44
25/07/2012,0,0,37.5(1.35 %),0,0,0,0,7518058,5.44
26/07/2012,0,0,37.9(1.07 %),0,0,0,0,7518058,5.44
27/07/2012,0,0,37(-2.37 %),0,0,0,0,7518058,5.44
30/07/2012,0,0,37(0.00 %),0,0,0,0,7518058,5.44
31/07/2012,0,0,37(0.00 %),0,0,0,0,7518058,5.44
01/08/2012,0,0,37.2(0.54 %),0,0,0,0,7518058,5.44
02/08/2012,0,0,37.3(0.27 %),0,0,0,0,7518058,5.44
03/08/2012,-70,-2604000,37.3(0.00 %),0,0,70,2604000,7518128,5.44
06/08/2012,100,3740000,37.4(0.27 %),100,3740000,0,0,7518028,5.44
07/08/2012,0,0,37.2(-0.53 %),0,0,0,0,7518028,5.44
08/08/2012,0,0,37.3(0.27 %),0,0,0,0,7518028,5.44
09/08/2012,0,0,37.4(0.27 %),0,0,0,0,7518028,5.44
10/08/2012,100,3800000,37.4(0.00 %),100,3800000,0,0,7517928,5.45
13/08/2012,0,0,37.5(0.27 %),0,0,0,0,7517928,5.45
14/08/2012,-2140,-80278000,37.7(0.53 %),0,0,2140,80278000,7520068,5.43
15/08/2012,0,0,37.7(0.00 %),0,0,0,0,7520068,5.43
16/08/2012,0,0,38(0.80 %),0,0,0,0,7520068,5.43
17/08/2012,0,0,38(0.00 %),0,0,0,0,7520068,5.43
20/08/2012,0,0,38(0.00 %),0,0,0,0,7520068,5.43
21/08/2012,0,0,38(0.00 %),0,0,0,0,7520068,5.43
22/08/2012,-330,-12715000,38.5(1.32 %),100,3840000,430,16555000,7520398,5.43
23/08/2012,0,0,38(-1.30 %),0,0,0,0,7520398,5.43
24/08/2012,0,0,38(0.00 %),0,0,0,0,7520398,5.43
27/08/2012,0,0,38(0.00 %),0,0,0,0,7520398,5.43
28/08/2012,0,0,38(0.00 %),0,0,0,0,7520398,5.43
29/08/2012,0,0,39(2.63 %),0,0,0,0,7520398,5.43
30/08/2012,0,0,37.5(-3.85 %),0,0,0,0,7520398,5.43
31/08/2012,0,0,37.5(0.00 %),0,0,0,0,7520398,5.43
04/09/2012,0,0,38(1.33 %),0,0,0,0,7520398,5.43
05/09/2012,0,0,38.8(2.11 %),0,0,0,0,7520398,5.43
06/09/2012,0,0,37.6(-3.09 %),0,0,0,0,7520398,5.43
07/09/2012,0,0,37.6(0.00 %),0,0,0,0,7520398,5.43
10/09/2012,0,0,37.5(-0.27 %),0,0,0,0,7520398,5.43
11/09/2012,0,0,37.5(0.00 %),0,0,0,0,7520398,5.43
12/09/2012,0,0,37.5(0.00 %),0,0,0,0,7520398,5.43
13/09/2012,0,0,37.5(0.00 %),0,0,0,0,7520398,5.43
14/09/2012,0,0,37.5(0.00 %),0,0,0,0,7520398,5.43
17/09/2012,0,0,37.5(0.00 %),0,0,0,0,7520398,5.43
18/09/2012,0,0,37.5(0.00 %),0,0,0,0,7520398,5.43
19/09/2012,0,0,37.5(0.00 %),0,0,0,0,7520398,5.43
20/09/2012,0,0,39.3(4.80 %),0,0,0,0,7520398,5.43
21/09/2012,0,0,37.8(-3.82 %),0,0,0,0,7520398,5.43
24/09/2012,0,0,37.5(-0.79 %),0,0,0,0,7520398,5.43
25/09/2012,0,0,37.5(0.00 %),0,0,0,0,7520398,5.43
26/09/2012,0,0,39.3(4.80 %),0,0,0,0,7520398,5.43
27/09/2012,80,3160000,39.3(0.00 %),80,3160000,0,0,7520318,5.43
28/09/2012,0,0,37.5(-4.58 %),0,0,0,0,7520318,5.43
01/10/2012,0,0,37.5(0.00 %),0,0,0,0,7520318,5.43
02/10/2012,0,0,37.5(0.00 %),0,0,0,0,7520318,5.43
03/10/2012,-450,-16875000,37.5(0.00 %),0,0,450,16875000,7520768,5.43
04/10/2012,-9030,-322507000,37.4(-0.27 %),50,1785000,9080,324292000,7529798,5.38
05/10/2012,-370,-13620000,36.9(-1.34 %),0,0,370,13620000,7530168,5.37
08/10/2012,0,0,37(0.27 %),0,0,0,0,7530168,5.37
09/10/2012,0,0,37(0.00 %),0,0,0,0,7530168,5.37
10/10/2012,270,9990000,37(0.00 %),270,9990000,0,0,7529898,5.38
11/10/2012,0,0,37(0.00 %),0,0,0,0,7529898,5.38
12/10/2012,0,0,37(0.00 %),0,0,0,0,7529898,5.38
15/10/2012,0,0,37(0.00 %),0,0,0,0,7529898,5.38
16/10/2012,0,0,37(0.00 %),0,0,0,0,7529898,5.38
17/10/2012,0,0,37(0.00 %),0,0,0,0,7529898,5.38
18/10/2012,0,0,37(0.00 %),0,0,0,0,7529898,5.38
19/10/2012,0,0,37(0.00 %),0,0,0,0,7529898,5.38
22/10/2012,-1000,-37000000,37(0.00 %),0,0,1000,37000000,7530898,5.37
23/10/2012,0,0,38.5(4.05 %),0,0,0,0,7530898,5.37
24/10/2012,0,0,39(1.30 %),0,0,0,0,7530898,5.37
25/10/2012,0,0,37.4(-4.10 %),0,0,0,0,7530898,5.37
26/10/2012,0,0,37.5(0.27 %),0,0,0,0,7530898,3.07
29/10/2012,0,0,37(-1.33 %),0,0,0,0,7530898,5.37
30/10/2012,0,0,37.8(2.16 %),0,0,0,0,7530898,5.37
31/10/2012,0,0,37.8(0.00 %),0,0,0,0,7530898,5.37
01/11/2012,0,0,38.5(1.85 %),0,0,0,0,7530898,5.37
02/11/2012,0,0,38.5(0.00 %),0,0,0,0,7530898,5.37
05/11/2012,0,0,39.5(2.60 %),0,0,0,0,7530898,5.37
06/11/2012,-80,-3008000,39.4(-0.25 %),0,0,80,3008000,7530978,5.37
07/11/2012,0,0,38(-3.55 %),0,0,0,0,7530978,5.37
08/11/2012,0,0,37.8(-0.53 %),0,0,0,0,7530978,5.37
09/11/2012,-430,-16125000,37.5(-0.79 %),0,0,430,16125000,7531408,5.37
12/11/2012,0,0,38(1.33 %),0,0,0,0,7531408,5.37
13/11/2012,0,0,38(0.00 %),0,0,0,0,7531408,5.37
14/11/2012,-70,-2667000,38.1(0.26 %),0,0,70,2667000,7531478,5.37
15/11/2012,0,0,38.1(0.00 %),0,0,0,0,7531478,5.37
16/11/2012,-1290,-46698000,38.5(1.05 %),0,0,1290,46698000,7532768,5.36
19/11/2012,10,385000,39(1.30 %),10,385000,0,0,7532758,5.36
20/11/2012,0,0,39.3(4.80 %),0,0,0,0,7532758,5.36
21/11/2012,500,21250000,38.5(-2.04 %),2800,110040000,2300,88790000,7532258,5.36
22/11/2012,0,0,37.4(-2.86 %),0,0,0,0,7532258,5.36
23/11/2012,0,0,39.2(4.81 %),0,0,0,0,7532258,5.36
26/11/2012,0,0,37.5(-4.34 %),0,0,0,0,7532258,5.36
27/11/2012,0,0,38.9(3.73 %),0,0,0,0,7532258,5.36
28/11/2012,0,0,38.9(0.00 %),0,0,0,0,7532258,5.36
29/11/2012,0,0,37.3(-4.11 %),0,0,0,0,7532258,5.36
30/11/2012,-2000,-78000000,39(4.56 %),0,0,2000,78000000,7534258,5.35
03/12/2012,0,0,37.5(-3.85 %),0,0,0,0,7532258,5.36
04/12/2012,0,0,37(-1.33 %),0,0,0,0,7532258,5.36
05/12/2012,0,0,37(0.00 %),0,0,0,0,7532258,5.36
06/12/2012,0,0,37(0.00 %),0,0,0,0,7532258,5.36
07/12/2012,0,0,37(0.00 %),0,0,0,0,7532258,5.36
10/12/2012,0,0,36.9(-0.27 %),0,0,0,0,7532258,5.36
11/12/2012,-50,-1800000,36.4(-1.36 %),50,1800000,100,3600000,7532308,5.36
12/12/2012,0,0,36.9(1.37 %),0,0,0,0,7532308,5.36
13/12/2012,0,0,36(-2.44 %),0,0,0,0,7532308,5.36
14/12/2012,0,0,35.2(-2.22 %),0,0,0,0,7532308,5.36
17/12/2012,0,0,36.7(4.26 %),0,0,0,0,7532308,5.36
18/12/2012,0,0,36.7(0.00 %),0,0,0,0,7532308,5.36
19/12/2012,0,0,36.7(0.00 %),0,0,0,0,7532308,5.36
20/12/2012,0,0,36.4(-0.82 %),0,0,0,0,7532308,5.36
21/12/2012,280,9520000,36(-1.10 %),560,19600000,280,10080000,7532028,5.36
24/12/2012,300,11050000,37(2.78 %),300,11050000,0,0,7531728,5.37
25/12/2012,0,0,37.4(1.08 %),0,0,0,0,7531728,5.37
26/12/2012,290,10870000,37(-1.07 %),790,29380000,500,18510000,7531438,5.37
27/12/2012,0,0,37(0.00 %),0,0,0,0,7531438,5.37
28/12/2012,0,0,37(0.00 %),0,0,0,0,7531438,5.37
02/01/2013,0,0,37.9(2.43 %),0,0,0,0,7532938,5.36
03/01/2013,0,0,37.9(0.00 %),0,0,0,0,7532938,5.36
04/01/2013,20,758000,37.9(0.00 %),20,758000,0,0,7532918,5.36
07/01/2013,200,7580000,37.9(0.00 %),200,7580000,0,0,7532718,5.36
08/01/2013,0,0,37.8(-0.26 %),0,0,0,0,7532718,5.36
09/01/2013,-100,-3780000,37.8(0.00 %),0,0,100,3780000,7532818,5.36
10/01/2013,0,0,37.8(0.00 %),0,0,0,0,7532818,5.36
11/01/2013,0,0,37.8(0.00 %),0,0,0,0,7532818,5.36
14/01/2013,0,0,37.7(-0.26 %),0,0,0,0,7532818,5.36
15/01/2013,0,-5000,37.7(0.00 %),500,18895000,500,18900000,7532818,5.36
16/01/2013,0,0,38(0.80 %),0,0,0,0,7532818,5.36
17/01/2013,0,0,38(0.00 %),0,0,0,0,7532818,5.36
18/01/2013,0,0,37(-2.63 %),0,0,0,0,7532818,5.36
21/01/2013,-20,-740000,37(0.00 %),0,0,20,740000,7532838,5.36
22/01/2013,-3010,-108370000,37(0.00 %),0,0,3010,108370000,7535848,5.34
23/01/2013,0,0,37(0.00 %),0,0,0,0,7535848,5.34
24/01/2013,0,0,37(0.00 %),0,0,0,0,7535848,5.34
25/01/2013,0,0,37(0.00 %),0,0,0,0,7535848,5.34
28/01/2013,0,0,37.5(1.35 %),0,0,0,0,7535848,5.34
29/01/2013,0,0,39(4.00 %),0,0,0,0,7535848,5.34
30/01/2013,0,0,39(0.00 %),0,0,0,0,7535848,5.34
31/01/2013,-1940,-70422000,36.3(-6.92 %),0,0,1940,70422000,7537788,5.33
01/02/2013,0,0,36.9(1.65 %),0,0,0,0,7536348,5.34
04/02/2013,0,0,36.9(0.00 %),0,0,0,0,7536348,5.34
05/02/2013,0,0,35.9(-2.71 %),0,0,0,0,7536348,5.34
06/02/2013,0,0,36.8(2.51 %),0,0,0,0,7536348,5.34
07/02/2013,0,0,37(0.54 %),0,0,0,0,7536348,5.34
08/02/2013,0,0,37(0.00 %),0,0,0,0,7536348,5.34
18/02/2013,0,0,37(0.00 %),0,0,0,0,7536348,5.34
19/02/2013,0,0,38.3(3.51 %),0,0,0,0,7536348,5.34
20/02/2013,0,0,39(1.83 %),0,0,0,0,7536348,5.34
21/02/2013,-900,-33650000,37.5(-3.85 %),100,3850000,1000,37500000,7537248,5.33
22/02/2013,0,0,37.5(0.00 %),0,0,0,0,7537248,5.33
25/02/2013,0,0,37.5(0.00 %),0,0,0,0,7537248,5.33
26/02/2013,400,14960000,39(4.00 %),161050,6103595000,160650,6088635000,7536848,5.34
27/02/2013,0,0,39(0.00 %),0,0,0,0,7536848,5.34
28/02/2013,0,0,39(0.00 %),0,0,0,0,7536848,5.34
01/03/2013,0,0,39(0.00 %),0,0,0,0,7538788,5.32
04/03/2013,0,0,39(0.00 %),0,0,0,0,7538788,5.32
05/03/2013,-11050,-419950000,39(0.00 %),0,0,11050,419950000,7549838,5.26
06/03/2013,-100,-3900000,40.8(4.62 %),0,0,100,3900000,7549938,5.26
07/03/2013,-700,-27300000,40.9(0.25 %),0,0,700,27300000,7550638,5.26
08/03/2013,0,0,38.1(-6.85 %),0,0,0,0,7550638,5.26
11/03/2013,-15020,-585790000,39.5(3.67 %),0,0,15020,585790000,7565658,5.17
12/03/2013,0,0,39.5(0.00 %),0,0,0,0,7565658,5.17
13/03/2013,-105780,-4226604000,42.1(6.58 %),45000,1806234000,150780,6032838000,7671438,4.56
14/03/2013,31330,1235019000,44.9(6.65 %),31720,1251646000,390,16627000,7640108,4.74
15/03/2013,-240,-11266000,46.5(3.56 %),70130,3247892000,70370,3259158000,7640348,4.74
18/03/2013,113000,5606510000,49.7(6.88 %),192090,9466893000,79090,3860383000,7527348,5.39
19/03/2013,-10,-497000,49.7(0.00 %),0,0,10,497000,7527358,5.39
20/03/2013,0,0,49.7(0.00 %),0,0,0,0,7527358,5.39
21/03/2013,0,0,49.5(-0.40 %),0,0,0,0,7527358,5.39
22/03/2013,1000,46100000,49(-1.01 %),1000,46100000,0,0,7526358,5.4
25/03/2013,0,0,48.9(-0.20 %),0,0,0,0,7526358,5.4
26/03/2013,0,0,47.4(-3.07 %),0,0,0,0,7526358,5.4
27/03/2013,-100,-4600000,46(-2.95 %),0,0,100,4600000,7526458,5.4
28/03/2013,-410,-18860000,48(4.35 %),390,17940000,800,36800000,7526868,5.39
29/03/2013,770,34565000,47.8(-0.42 %),1770,79650000,1000,45085000,7526098,5.4
01/04/2013,0,0,47.8(0.00 %),0,0,0,0,7524198,5.41
02/04/2013,0,0,49.9(4.39 %),0,0,0,0,7524198,5.41
03/04/2013,0,0,49.9(0.00 %),0,0,0,0,7524198,5.41
04/04/2013,400,18600000,50.5(1.20 %),400,18600000,0,0,7523798,5.41
05/04/2013,0,0,49.9(-1.19 %),0,0,0,0,7523798,5.41
08/04/2013,0,0,49.9(0.00 %),0,0,0,0,7523798,5.41
09/04/2013,0,0,49.5(-0.80 %),0,0,0,0,7523798,5.41
10/04/2013,4770,245655000,51.5(4.04 %),5000,257500000,230,11845000,7519028,5.44
11/04/2013,0,0,50.5(-1.94 %),0,0,0,0,7519028,5.44
12/04/2013,0,0,50(-0.99 %),0,0,0,0,7519028,5.44
15/04/2013,0,0,49.9(-0.20 %),0,0,0,0,7519028,5.44
16/04/2013,0,0,49.9(0.00 %),0,0,0,0,7519028,5.44
17/04/2013,0,0,53(6.21 %),0,0,0,0,7519028,5.44
18/04/2013,0,0,49.5(-6.60 %),0,0,0,0,7519028,5.44
22/04/2013,0,0,50(1.01 %),0,0,0,0,7519028,5.44
23/04/2013,0,0,50(0.00 %),0,0,0,0,7519028,5.44
24/04/2013,0,0,50(0.00 %),0,0,0,0,7519028,5.44
25/04/2013,0,0,46.5(-7.00 %),0,0,0,0,7519028,5.44
26/04/2013,0,0,46.5(0.00 %),0,0,0,0,7519028,5.44
02/05/2013,0,0,46(-1.08 %),0,0,0,0,7520928,5.43
03/05/2013,0,0,48.5(5.43 %),0,0,0,0,7520928,5.43
06/05/2013,0,0,48.5(0.00 %),0,0,0,0,7520928,5.43
07/05/2013,0,0,48.5(0.00 %),0,0,0,0,7520928,5.43
08/05/2013,0,0,48.5(0.00 %),0,0,0,0,7520928,5.43
09/05/2013,50,2350000,50(3.09 %),50,2350000,0,0,7520878,5.43
10/05/2013,0,0,49(-2.00 %),0,0,0,0,7520878,5.43
13/05/2013,0,0,49.5(1.02 %),0,0,0,0,7520878,5.43
14/05/2013,-500,-23650000,49(-1.01 %),0,0,500,23650000,7521378,5.43
15/05/2013,0,0,49(0.00 %),0,0,0,0,7521378,5.43
16/05/2013,0,0,49(0.00 %),0,0,0,0,7521378,5.43
17/05/2013,0,0,49(0.00 %),0,0,0,0,7521378,5.43
20/05/2013,-70,-3150000,49.8(4.84 %),0,0,70,3150000,7521448,5.43
21/05/2013,-450,-20880000,49.4(-0.80 %),0,0,450,20880000,7521898,5.42
22/05/2013,0,0,49.2(-0.40 %),0,0,0,0,7521898,5.42
23/05/2013,0,0,49.2(0.00 %),0,0,0,0,7521898,5.42
24/05/2013,0,0,49.2(0.00 %),0,0,0,0,7521898,5.42
27/05/2013,0,0,49(-0.41 %),0,0,0,0,7521898,5.42
28/05/2013,0,0,48.9(-0.20 %),0,0,0,0,7521898,5.42
29/05/2013,0,0,48.9(0.00 %),0,0,0,0,7521898,5.42
30/05/2013,0,0,48.9(0.00 %),0,0,0,0,7521898,5.42
31/05/2013,0,0,48.9(0.00 %),0,0,0,0,7521898,5.42
03/06/2013,50,2445000,48.9(0.00 %),50,2445000,0,0,7521848,5.42
04/06/2013,0,0,48(-1.84 %),0,0,0,0,7521848,5.42
05/06/2013,0,0,45(-6.25 %),0,0,0,0,7521848,5.42
06/06/2013,0,0,45(0.00 %),0,0,0,0,7521848,5.42
07/06/2013,0,0,46(2.22 %),0,0,0,0,7521848,5.42
10/06/2013,0,0,46(0.00 %),0,0,0,0,7521848,5.42
11/06/2013,0,0,49(6.52 %),0,0,0,0,7521848,5.42
12/06/2013,50,2450000,49(0.00 %),50,2450000,0,0,7521798,5.42
13/06/2013,0,0,48.9(-0.20 %),0,0,0,0,7521798,5.42
14/06/2013,0,0,48.9(0.00 %),0,0,0,0,7521798,5.42
17/06/2013,0,0,49.4(1.02 %),0,0,0,0,7521798,5.42
18/06/2013,0,0,49.4(0.00 %),0,0,0,0,7521798,5.42
19/06/2013,0,0,49.5(0.20 %),0,0,0,0,7521798,5.42
20/06/2013,0,0,49.5(0.00 %),0,0,0,0,7521798,5.42
21/06/2013,0,0,49.5(0.00 %),0,0,0,0,7521798,5.42
24/06/2013,0,0,49.5(0.00 %),0,0,0,0,7521798,5.42
25/06/2013,0,0,49.5(0.00 %),0,0,0,0,7521798,5.42
26/06/2013,0,0,49.5(0.00 %),0,0,0,0,7521798,5.42
27/06/2013,0,0,48.5(-2.02 %),0,0,0,0,7521798,5.42
28/06/2013,0,0,48.5(0.00 %),0,0,0,0,7521798,5.42
01/07/2013,0,0,48.5(0.00 %),0,0,0,0,7521798,5.42
02/07/2013,0,0,48.5(0.00 %),0,0,0,0,7521798,5.42
03/07/2013,0,0,48.5(0.00 %),0,0,0,0,7521798,5.42
04/07/2013,0,0,48.5(0.00 %),0,0,0,0,7521798,5.42
05/07/2013,0,0,48.5(0.00 %),0,0,0,0,7521798,5.42
08/07/2013,0,0,45.2(-6.80 %),0,0,0,0,7521798,5.42
09/07/2013,-580,-24476000,48(6.19 %),0,0,580,24476000,7522378,5.42
10/07/2013,0,0,49.5(3.12 %),0,0,0,0,7522378,5.42
11/07/2013,0,0,49(-1.01 %),0,0,0,0,7522378,5.42
12/07/2013,0,0,49(0.00 %),0,0,0,0,7522378,5.42
15/07/2013,0,0,49(0.00 %),0,0,0,0,7522378,5.42
16/07/2013,0,0,47.7(-2.65 %),0,0,0,0,7522378,5.42
17/07/2013,0,0,47.6(-0.21 %),0,0,0,0,7522378,5.42
18/07/2013,0,0,48(0.84 %),0,0,0,0,7522378,5.42
19/07/2013,-60,-2856000,47.6(-0.83 %),0,0,60,2856000,7522438,5.42
22/07/2013,-4050,-181985000,47(-1.26 %),0,0,4050,181985000,7526488,5.4
23/07/2013,0,0,44.5(-5.32 %),0,0,0,0,7526488,5.4
24/07/2013,-1700,-70860000,46.9(5.39 %),0,0,1700,70860000,7528188,5.39
25/07/2013,0,0,46.8(-0.21 %),0,0,0,0,7528188,5.39
26/07/2013,0,0,47.4(1.28 %),0,0,0,0,7528188,5.39
29/07/2013,0,0,44.1(-6.96 %),0,0,0,0,7528188,5.39
30/07/2013,0,0,46.9(6.35 %),0,0,0,0,7528188,5.39
31/07/2013,0,0,43.7(-6.82 %),0,0,0,0,7528188,5.39
01/08/2013,0,0,46.5(6.41 %),0,0,0,0,7528188,5.39
02/08/2013,0,0,47.4(1.94 %),0,0,0,0,7528188,5.39
05/08/2013,0,0,47.4(0.00 %),0,0,0,0,7528188,5.39
06/08/2013,0,0,47.3(-0.21 %),0,0,0,0,7528188,5.39
07/08/2013,0,0,47.3(0.00 %),0,0,0,0,7528188,5.39
08/08/2013,0,0,47.3(0.00 %),0,0,0,0,7528188,5.39
09/08/2013,0,0,47.3(0.00 %),0,0,0,0,7528188,5.39
12/08/2013,0,0,47.6(0.74 %),0,0,0,0,7528188,5.39
13/08/2013,0,0,47.6(0.00 %),0,0,0,0,7528188,5.39
14/08/2013,0,0,47.6(0.00 %),0,0,0,0,7528188,5.39
15/08/2013,0,0,47.6(0.00 %),0,0,0,0,7528188,5.39
16/08/2013,0,0,47.6(0.00 %),0,0,0,0,7528188,5.39
19/08/2013,0,0,47.6(0.00 %),0,0,0,0,7528188,5.39
20/08/2013,0,0,46.9(-1.47 %),0,0,0,0,7528188,5.39
21/08/2013,0,0,46.9(0.00 %),0,0,0,0,7528188,5.39
22/08/2013,0,0,47.3(0.85 %),0,0,0,0,7528188,5.39
23/08/2013,0,0,47.5(0.42 %),0,0,0,0,7528188,5.39
26/08/2013,0,0,47.5(0.00 %),0,0,0,0,7528188,5.39
27/08/2013,0,0,47.5(0.00 %),0,0,0,0,7528188,5.39
28/08/2013,-100,-4750000,47.5(0.00 %),0,0,100,4750000,7528288,5.39
29/08/2013,0,0,47.5(0.00 %),0,0,0,0,7528288,5.39
30/08/2013,0,0,47.5(0.00 %),0,0,0,0,7528288,5.39
03/09/2013,0,0,47.3(-0.42 %),0,0,0,0,7528188,5.39
04/09/2013,0,0,47.5(0.42 %),0,0,0,0,7528188,5.39
05/09/2013,0,0,47.4(-0.21 %),0,0,0,0,7528188,5.39
06/09/2013,0,0,48(1.27 %),0,0,0,0,7528188,5.39
09/09/2013,0,0,49(2.08 %),0,0,0,0,7528188,5.39
10/09/2013,0,0,49(0.00 %),0,0,0,0,7528188,5.39
11/09/2013,0,0,50(2.04 %),0,0,0,0,7528188,5.39
12/09/2013,0,0,50(0.00 %),0,0,0,0,7528188,5.39
13/09/2013,0,0,50(0.00 %),0,0,0,0,7528188,5.39
16/09/2013,0,0,50(0.00 %),0,0,0,0,7528188,5.39
17/09/2013,0,0,50(0.00 %),0,0,0,0,7528188,5.39
18/09/2013,0,0,50(0.00 %),0,0,0,0,7528188,5.39
19/09/2013,0,0,48.9(-2.20 %),0,0,0,0,7528188,5.39
20/09/2013,0,0,50(2.25 %),0,0,0,0,7528188,5.39
23/09/2013,0,0,50(0.00 %),0,0,0,0,7528188,5.39
24/09/2013,0,0,50(0.00 %),0,0,0,0,7528188,5.39
25/09/2013,0,0,50(0.00 %),0,0,0,0,7528188,5.39
26/09/2013,0,0,49.8(-0.40 %),0,0,0,0,7528188,5.39
27/09/2013,0,0,50(0.40 %),0,0,0,0,7528188,5.39
30/09/2013,0,0,50(0.00 %),0,0,0,0,7528188,5.39
01/10/2013,0,0,50(0.00 %),0,0,0,0,7528288,5.39
02/10/2013,0,0,50(0.00 %),0,0,0,0,7528288,5.39
03/10/2013,0,0,51(2.00 %),0,0,0,0,7528288,5.39
04/10/2013,0,0,50(-1.96 %),0,0,0,0,7528288,5.39
07/10/2013,0,0,50(0.00 %),0,0,0,0,7528288,5.39
08/10/2013,0,0,50(0.00 %),0,0,0,0,7528288,5.39
09/10/2013,0,0,50(0.00 %),0,0,0,0,7528288,5.39
10/10/2013,0,0,50(0.00 %),0,0,0,0,7528288,5.39
11/10/2013,0,0,50(0.00 %),0,0,0,0,7528288,5.39
14/10/2013,0,0,49.9(-0.20 %),0,0,0,0,7528288,5.39
15/10/2013,0,0,47.5(-4.81 %),0,0,0,0,7528288,5.39
16/10/2013,0,0,48.4(1.89 %),0,0,0,0,7528288,5.39
17/10/2013,0,0,48.8(0.83 %),0,0,0,0,7528288,5.39
18/10/2013,0,0,48.8(0.00 %),0,0,0,0,7528288,5.39
21/10/2013,0,0,48.8(0.00 %),0,0,0,0,7528288,5.39
22/10/2013,0,0,48.8(0.00 %),0,0,0,0,7528288,5.39
23/10/2013,0,0,48.8(0.00 %),0,0,0,0,7528288,5.39
24/10/2013,0,0,48.8(0.00 %),0,0,0,0,7528288,5.39
25/10/2013,0,0,48.8(0.00 %),0,0,0,0,7528288,5.39
28/10/2013,0,0,48.8(0.00 %),0,0,0,0,7528288,5.39
29/10/2013,0,0,48.8(0.00 %),0,0,0,0,7528288,5.39
30/10/2013,0,0,48(-1.64 %),0,0,0,0,7528288,5.39
31/10/2013,-50,-2400000,48(0.00 %),0,0,50,2400000,7528338,5.39
01/11/2013,0,0,49(2.08 %),0,0,0,0,7528288,5.39
04/11/2013,0,0,48.6(-0.82 %),0,0,0,0,7528288,5.39
05/11/2013,0,0,48.9(0.62 %),0,0,0,0,7528288,5.39
06/11/2013,0,0,49(0.20 %),0,0,0,0,7528288,5.39
07/11/2013,0,0,49.4(0.82 %),0,0,0,0,7528288,5.39
08/11/2013,0,0,49.3(-0.20 %),0,0,0,0,7528288,5.39
11/11/2013,-100,-4930000,49.3(0.00 %),0,0,100,4930000,7528388,5.38
12/11/2013,0,0,49.3(0.00 %),0,0,0,0,7528388,5.38
13/11/2013,0,0,49.3(0.00 %),0,0,0,0,7528388,5.38
14/11/2013,0,0,46.5(-5.68 %),0,0,0,0,7528388,5.38
15/11/2013,0,0,47.8(2.80 %),0,0,0,0,7528388,5.38
18/11/2013,0,0,47.7(-0.21 %),0,0,0,0,7528388,5.38
19/11/2013,0,0,47.7(0.00 %),0,0,0,0,7528388,5.38
20/11/2013,0,0,50(4.82 %),0,0,0,0,7528388,5.38
21/11/2013,-1000,-46500000,47.6(-4.80 %),0,0,1000,46500000,7529388,5.38
22/11/2013,0,0,48(0.84 %),0,0,0,0,7529388,5.38
25/11/2013,0,0,48(0.00 %),0,0,0,0,7529388,5.38
26/11/2013,0,0,48(0.00 %),0,0,0,0,7529388,5.38
27/11/2013,0,0,47.8(-0.42 %),0,0,0,0,7529388,5.38
28/11/2013,-1000,-46320000,47.8(0.00 %),0,0,1000,46320000,7530388,5.37
29/11/2013,0,0,47.8(0.00 %),0,0,0,0,7530388,5.37
02/12/2013,0,0,47.8(0.00 %),0,0,0,0,7529438,5.38
03/12/2013,0,0,48.9(2.30 %),0,0,0,0,7529438,5.38
04/12/2013,0,0,48.9(0.00 %),0,0,0,0,7529438,5.38
05/12/2013,0,0,48.7(-0.41 %),0,0,0,0,7529438,5.38
06/12/2013,0,0,48.7(0.00 %),0,0,0,0,7529438,5.38
09/12/2013,0,0,49(0.62 %),0,0,0,0,7529438,5.38
10/12/2013,0,0,49(0.00 %),0,0,0,0,7529438,5.38
11/12/2013,0,0,48.5(-1.02 %),0,0,0,0,7529438,5.38
12/12/2013,0,0,48.5(0.00 %),0,0,0,0,7529438,5.38
13/12/2013,0,0,48.5(0.00 %),0,0,0,0,7529438,5.38
16/12/2013,0,0,48.5(0.00 %),0,0,0,0,7529438,5.38
17/12/2013,0,0,48.5(0.00 %),0,0,0,0,7529438,5.38
18/12/2013,0,0,48.5(0.00 %),0,0,0,0,7529438,5.38
19/12/2013,0,0,48.3(-0.41 %),0,0,0,0,7529438,5.38
20/12/2013,0,0,47(-2.69 %),0,0,0,0,7529438,5.38
23/12/2013,-400,-17629000,47(0.00 %),0,0,400,17629000,7529838,5.38
24/12/2013,0,0,47(0.00 %),0,0,0,0,7529838,5.38
25/12/2013,0,0,47(0.00 %),0,0,0,0,7529838,5.38
26/12/2013,0,0,48(2.13 %),0,0,0,0,7529838,5.38
27/12/2013,0,0,48(0.00 %),0,0,0,0,7529838,5.38
30/12/2013,0,0,48(0.00 %),0,0,0,0,7529838,5.38
31/12/2013,0,0,48(0.00 %),0,0,0,0,7529838,5.38
02/01/2014,0,0,48(0.00 %),0,0,0,0,7530838,5.37
03/01/2014,100,4800000,48.5(1.04 %),100,4800000,0,0,7530738,5.37
06/01/2014,0,0,48.5(0.00 %),0,0,0,0,7530738,5.37
07/01/2014,0,0,48.5(0.00 %),0,0,0,0,7530738,5.37
08/01/2014,0,0,48.5(0.00 %),0,0,0,0,7530738,5.37
09/01/2014,0,0,48.5(0.00 %),0,0,0,0,7530738,5.37
10/01/2014,0,0,48.5(0.00 %),0,0,0,0,7530738,5.37
13/01/2014,0,0,48.5(0.00 %),0,0,0,0,7530738,5.37
14/01/2014,0,0,48.5(0.00 %),0,0,0,0,7530738,5.37
15/01/2014,0,0,48.5(0.00 %),0,0,0,0,7530738,5.37
16/01/2014,0,0,48.5(0.00 %),0,0,0,0,7530738,5.37
17/01/2014,0,0,48.5(0.00 %),0,0,0,0,7530738,5.37
20/01/2014,0,0,48.5(0.00 %),0,0,0,0,7530738,5.37
21/01/2014,0,0,48.5(0.00 %),0,0,0,0,7530738,5.37
22/01/2014,0,0,48.5(0.00 %),0,0,0,0,7530738,5.37
23/01/2014,0,0,48.5(0.00 %),0,0,0,0,7530738,5.37
24/01/2014,0,0,48.5(0.00 %),0,0,0,0,7530738,5.37
27/01/2014,-100,-4850000,48.5(0.00 %),0,0,100,4850000,7530838,5.37
06/02/2014,0,0,45.3(-6.60 %),0,0,0,0,7530738,5.37
07/02/2014,-6840,-302560000,45.2(-0.22 %),0,0,6840,302560000,7537578,5.33
10/02/2014,0,0,46(1.77 %),0,0,0,0,7537578,5.33
11/02/2014,0,0,45(-2.17 %),0,0,0,0,7537578,5.33
12/02/2014,0,0,45.5(3.41 %),0,0,0,0,7537578,5.33
13/02/2014,0,0,47(3.30 %),0,0,0,0,7537578,5.33
14/02/2014,-400,-17602000,47.5(1.06 %),0,0,400,17602000,7537978,5.33
17/02/2014,-100,-4600000,46(-3.16 %),0,0,100,4600000,7538078,5.33
18/02/2014,40,1816000,46(0.00 %),40,1816000,0,0,7538038,5.33
19/02/2014,0,0,45.9(-0.22 %),0,0,0,0,7538038,5.33
20/02/2014,360,16524000,46(0.22 %),360,16524000,0,0,7537678,5.33
21/02/2014,0,0,46(0.00 %),0,0,0,0,7537678,5.33
24/02/2014,0,0,46(0.00 %),120,5520000,120,5520000,7537678,5.33
25/02/2014,0,0,46(0.00 %),0,0,0,0,7537678,5.33
26/02/2014,0,0,46(0.00 %),0,0,0,0,7537678,5.33
27/02/2014,0,0,46(0.00 %),0,0,0,0,7537678,5.33
28/02/2014,0,0,45.9(-0.22 %),0,0,0,0,7537678,5.33
03/03/2014,0,0,45.9(0.00 %),0,0,0,0,7537778,5.33
04/03/2014,0,0,45.9(0.00 %),0,0,0,0,7537778,5.33
05/03/2014,0,0,46(0.22 %),0,0,0,0,7537778,5.33
06/03/2014,0,0,46(0.00 %),0,0,0,0,7537778,5.33
07/03/2014,0,0,46(0.00 %),0,0,0,0,7537778,5.33
10/03/2014,0,0,46(0.00 %),0,0,0,0,7537778,5.33
11/03/2014,0,0,46(0.00 %),0,0,0,0,7537778,5.33
12/03/2014,0,0,46(0.00 %),0,0,0,0,7537778,5.33
13/03/2014,0,0,46(0.00 %),0,0,0,0,7537778,5.33
14/03/2014,0,0,45(-2.17 %),0,0,0,0,7537778,5.33
17/03/2014,-790,-33970000,45(0.00 %),0,0,790,33970000,7538568,5.33
18/03/2014,0,0,45.4(0.89 %),0,0,0,0,7538568,5.33
19/03/2014,190,8626000,45.3(-0.22 %),190,8626000,0,0,7538378,5.33
20/03/2014,0,0,45.3(0.00 %),0,0,0,0,7538378,5.33
21/03/2014,100,4300000,45(-0.66 %),100,4300000,0,0,7538278,5.33
24/03/2014,0,0,45.9(2.00 %),0,0,0,0,7538278,5.33
25/03/2014,0,0,45(-1.96 %),0,0,0,0,7538278,5.33
26/03/2014,0,0,44.8(-0.44 %),0,0,0,0,7538278,5.33
27/03/2014,0,0,44.4(-0.89 %),0,0,0,0,7538278,5.33
28/03/2014,0,0,45.4(2.25 %),0,0,0,0,7538278,5.33
31/03/2014,0,0,45.4(0.00 %),0,0,0,0,7538278,5.33
01/04/2014,0,0,45(-0.88 %),0,0,0,0,7538278,5.33
02/04/2014,0,0,45.9(2.00 %),0,0,0,0,7538278,5.33
03/04/2014,0,0,45.2(-1.53 %),0,0,0,0,7538278,5.33
04/04/2014,0,0,45.4(0.44 %),0,0,0,0,7538278,5.33
07/04/2014,0,0,45.4(0.00 %),0,0,0,0,7538278,5.33
08/04/2014,0,0,45.6(0.44 %),0,0,0,0,7538278,5.33
10/04/2014,0,0,45.6(0.00 %),0,0,0,0,7538278,5.33
11/04/2014,0,0,45.6(0.00 %),0,0,0,0,7538278,5.33
14/04/2014,0,0,45.6(0.00 %),0,0,0,0,7538278,5.33
15/04/2014,200,9200000,46(0.88 %),200,9200000,0,0,7538078,5.33
16/04/2014,0,0,46(0.00 %),0,0,0,0,7538078,5.33
17/04/2014,0,0,46(0.00 %),0,0,0,0,7538078,5.33
18/04/2014,0,0,46(0.00 %),0,0,0,0,7538078,5.33
21/04/2014,0,0,46(0.00 %),0,0,0,0,7538078,5.33
22/04/2014,500,21500000,45(-2.17 %),500,21500000,0,0,7537578,5.33
23/04/2014,0,0,45(0.00 %),0,0,0,0,7537578,5.33
24/04/2014,0,0,45(0.00 %),0,0,0,0,7537578,5.33
25/04/2014,0,0,45(0.00 %),0,0,0,0,7537578,5.33
28/04/2014,0,0,45(0.00 %),0,0,0,0,7537578,5.33
29/04/2014,0,0,43.9(-2.44 %),0,0,0,0,7537578,5.33
05/05/2014,0,0,43.5(-0.91 %),0,0,0,0,7537578,5.33
06/05/2014,0,0,43.5(0.00 %),0,0,0,0,7537578,5.33
07/05/2014,0,0,43.5(0.00 %),0,0,0,0,7537578,5.33
08/05/2014,0,0,45.9(5.52 %),0,0,0,0,7537578,5.33
09/05/2014,0,0,45.9(0.00 %),0,0,0,0,7537578,5.33
12/05/2014,0,0,45.9(0.00 %),0,0,0,0,7537578,5.33
13/05/2014,0,0,45.9(0.00 %),0,0,0,0,7537578,5.33
14/05/2014,0,0,45.9(0.00 %),0,0,0,0,7537578,5.33
15/05/2014,0,0,45.9(0.00 %),0,0,0,0,7537578,5.33
16/05/2014,0,0,45(-1.96 %),0,0,0,0,7537578,5.33
19/05/2014,0,0,45(0.00 %),0,0,0,0,7537578,5.33
20/05/2014,0,0,45(0.00 %),0,0,0,0,7537578,5.33
21/05/2014,-190,-8550000,45(0.00 %),0,0,190,8550000,7537768,5.33
22/05/2014,-210,-9450000,46(2.22 %),0,0,210,9450000,7537978,5.33
23/05/2014,0,0,45.9(-0.22 %),0,0,0,0,7537978,5.33
26/05/2014,-500,-22990000,46(0.22 %),0,0,500,22990000,7538478,5.33
27/05/2014,0,0,44.8(-2.61 %),0,0,0,0,7538478,5.33
28/05/2014,200,8800000,45.7(2.01 %),200,8800000,0,0,7538278,5.33
29/05/2014,0,0,45.4(-0.66 %),0,0,0,0,7538278,5.33
30/05/2014,0,0,45(-0.88 %),0,0,0,0,7538278,5.33
02/06/2014,200,8800000,45.3(0.67 %),200,8800000,0,0,7538078,5.33
03/06/2014,0,0,45(-0.66 %),0,0,0,0,7538078,5.33
04/06/2014,0,0,45(3.45 %),0,0,0,0,7538078,5.33
05/06/2014,0,0,44.2(-1.78 %),0,0,0,0,7538078,5.33
06/06/2014,0,0,43(-2.71 %),0,0,0,0,7538078,5.33
09/06/2014,0,0,43(0.00 %),0,0,0,0,7538078,5.33
10/06/2014,0,0,42.8(-0.47 %),0,0,0,0,7538078,5.33
11/06/2014,0,0,42.8(0.00 %),0,0,0,0,7538078,5.33
12/06/2014,0,0,42.8(0.00 %),0,0,0,0,7538078,5.33
13/06/2014,0,0,43(0.47 %),0,0,0,0,7538078,5.33
16/06/2014,0,0,43(0.00 %),0,0,0,0,7538078,5.33
17/06/2014,0,0,43(0.00 %),0,0,0,0,7538078,5.33
18/06/2014,0,0,43.5(1.16 %),0,0,0,0,7538078,5.33
19/06/2014,200,8560000,42.5(-2.30 %),200,8560000,0,0,7537878,5.33
20/06/2014,-20,-870000,43.5(2.35 %),0,0,20,870000,7537898,5.33
23/06/2014,0,0,41.2(-5.29 %),0,0,0,0,7537898,5.33
24/06/2014,0,0,42.5(3.16 %),0,0,0,0,7537898,5.33
25/06/2014,0,0,42.5(0.00 %),0,0,0,0,7537898,5.33
26/06/2014,0,0,41.5(-2.35 %),0,0,0,0,7537898,5.33
27/06/2014,0,0,41.4(-0.24 %),0,0,0,0,7537898,5.33
30/06/2014,-400,-15880000,41.3(-0.24 %),0,0,400,15880000,7538298,5.33
01/07/2014,0,0,40(-3.15 %),0,0,0,0,7537898,5.33
02/07/2014,0,0,40(0.00 %),0,0,0,0,7537898,5.33
03/07/2014,-500,-19250000,39.5(-1.25 %),0,0,500,19250000,7538398,5.33
04/07/2014,0,0,38(-3.80 %),0,0,0,0,7538398,5.33
07/07/2014,0,0,38.2(0.53 %),0,0,0,0,7538398,5.33
08/07/2014,-1900,-72940000,36.6(-4.19 %),100,3660000,2000,76600000,7540298,5.32
09/07/2014,-100,-3850000,37.7(3.01 %),0,0,100,3850000,7540398,5.32
10/07/2014,0,0,38.5(2.12 %),0,0,0,0,7538698,5.33
11/07/2014,0,0,38.4(-0.26 %),0,0,0,0,7538698,0.0
14/07/2014,0,0,38.4(0.00 %),0,0,0,0,7538698,5.33
15/07/2014,2000,79000000,39.5(2.86 %),2000,79000000,0,0,7536698,5.34
16/07/2014,0,0,38.1(-3.54 %),0,0,0,0,7538798,0.0
17/07/2014,0,0,38.5(1.05 %),0,0,0,0,7538798,5.32
18/07/2014,-100,-3796000,38.4(-0.26 %),0,0,100,3796000,7538798,5.32
21/07/2014,0,0,37.5(-2.34 %),0,0,0,0,7538798,0.0
22/07/2014,0,0,38.5(2.67 %),0,0,0,0,7538798,0.0
23/07/2014,300,11250000,39.4(2.34 %),300,11250000,0,0,7538498,0.0
24/07/2014,0,0,39.4(0.00 %),0,0,0,0,7538598,0.0
25/07/2014,0,0,39.4(0.00 %),0,0,0,0,7538598,0.0
28/07/2014,0,0,39.4(0.00 %),0,0,0,0,7538598,0.0
29/07/2014,0,0,39.4(0.00 %),0,0,0,0,7538598,0.0
30/07/2014,0,0,39.4(0.00 %),0,0,0,0,7538598,0.0
31/07/2014,0,0,39.4(0.00 %),0,0,0,0,7538598,0.0
01/08/2014,0,0,39.9(1.27 %),0,0,0,0,7538598,0.0
04/08/2014,0,0,39.9(0.00 %),0,0,0,0,7538598,0.0
05/08/2014,0,0,40(0.25 %),0,0,0,0,7538598,0.0
06/08/2014,0,0,39.8(-0.50 %),0,0,0,0,7538598,5.33
07/08/2014,0,0,40.9(2.76 %),0,0,0,0,7538598,5.33
08/08/2014,0,0,40.9(0.00 %),0,0,0,0,7538598,0.0
11/08/2014,0,0,40.9(0.00 %),0,0,0,0,7538598,0.0
12/08/2014,-90,-3681000,40.9(0.00 %),0,0,90,3681000,7538598,0.0
13/08/2014,0,0,40.9(0.00 %),0,0,0,0,7538598,0.0
14/08/2014,0,0,40.9(0.00 %),0,0,0,0,7538598,5.33
15/08/2014,0,0,40.8(-0.24 %),0,0,0,0,7538598,5.33
18/08/2014,0,0,40.7(-0.25 %),0,0,0,0,7538688,0.0
19/08/2014,0,0,40.7(0.00 %),0,0,0,0,7538688,0.0
20/08/2014,0,0,40.5(-0.49 %),0,0,0,0,7538688,0.0
21/08/2014,0,0,40(-1.23 %),0,0,0,0,7538688,0.0
22/08/2014,-10,-405000,40.5(1.25 %),0,0,10,405000,7538688,5.33
25/08/2014,0,0,38.3(-5.43 %),0,0,0,0,7538688,5.33
26/08/2014,-1020,-39066000,40.3(5.22 %),0,0,1020,39066000,7538688,5.33
27/08/2014,-190,-7657000,40.3(0.00 %),0,0,190,7657000,7538688,5.33
28/08/2014,-90,-3627000,40.3(0.00 %),0,0,90,3627000,7538698,5.33
29/08/2014,0,0,40.3(0.00 %),0,0,0,0,7538698,0.0
03/09/2014,0,0,40.2(-0.25 %),0,0,0,0,7539718,5.32
04/09/2014,0,0,40(-0.50 %),0,0,0,0,7539908,0.0
05/09/2014,0,0,40(0.00 %),0,0,0,0,7539998,0.0
08/09/2014,-1000,-40000000,40(0.00 %),0,0,1000,40000000,7539998,5.32
09/09/2014,0,0,40(0.00 %),0,0,0,0,7539998,5.32
10/09/2014,0,0,40.3(0.75 %),0,0,0,0,7539998,0.0
11/09/2014,0,0,40.3(0.00 %),0,0,0,0,7539998,0.0
12/09/2014,0,0,40.3(0.00 %),0,0,0,0,7540998,0.0
15/09/2014,0,0,39.9(-0.99 %),0,0,0,0,7540998,5.31
16/09/2014,0,0,39.9(0.00 %),0,0,0,0,7540998,0.0
17/09/2014,0,0,39.4(-1.25 %),0,0,0,0,7540998,0.0
18/09/2014,0,0,40(1.52 %),0,0,0,0,7540998,0.0
19/09/2014,0,0,40(0.00 %),0,0,0,0,7540998,0.0
22/09/2014,0,0,38.1(-4.75 %),0,0,0,0,7540998,0.0
23/09/2014,-1500,-56150000,39(2.36 %),0,0,1500,56150000,7540998,0.0
24/09/2014,0,0,38(-2.56 %),0,0,0,0,7540998,5.31
25/09/2014,0,0,39(2.63 %),0,0,0,0,7540998,5.31
26/09/2014,0,0,39(0.00 %),0,0,0,0,7540998,5.31
29/09/2014,0,0,39(0.00 %),0,0,0,0,7542498,0.0
30/09/2014,0,0,39(0.00 %),0,0,0,0,7542498,0.0
01/10/2014,0,0,39.1(0.26 %),0,0,0,0,7542498,0.0
02/10/2014,0,0,40(2.30 %),0,0,0,0,7542498,0.0
03/10/2014,0,0,40.1(0.25 %),0,0,0,0,7542498,0.0
06/10/2014,0,0,38.8(-3.24 %),0,0,0,0,7542498,0.0
07/10/2014,0,0,38.9(0.26 %),0,0,0,0,7542498,0.0
08/10/2014,0,0,39.5(1.54 %),0,0,0,0,7542498,0.0
09/10/2014,0,0,39.9(1.01 %),0,0,0,0,7542498,0.0
10/10/2014,240,9480000,39.5(-1.00 %),240,9480000,0,0,7542258,0.0
13/10/2014,0,0,39(-1.27 %),0,0,0,0,7542258,5.3
14/10/2014,0,0,39.8(2.05 %),0,0,0,0,7542258,5.3
15/10/2014,0,0,39.4(-1.01 %),0,0,0,0,7542258,5.3
16/10/2014,0,0,39.4(0.00 %),0,0,0,0,7542258,5.3
17/10/2014,0,0,39(-1.02 %),0,0,0,0,7542258,5.3
20/10/2014,0,0,39.1(0.26 %),0,0,0,0,7542258,5.3
21/10/2014,0,0,39.1(0.00 %),0,0,0,0,7542258,5.3
22/10/2014,0,0,39(-0.26 %),0,0,0,0,7542258,5.3
23/10/2014,0,0,39(0.00 %),0,0,0,0,7542258,5.3
24/10/2014,0,0,39(0.00 %),0,0,0,0,7542258,5.3
27/10/2014,0,0,39.2(0.51 %),0,0,0,0,7542258,5.3
29/10/2014,0,0,39.4(0.00 %),0,0,0,0,7542258,5.3
30/10/2014,0,0,39.4(0.00 %),0,0,0,0,7542258,5.3
31/10/2014,0,0,38.9(-1.27 %),0,0,0,0,7542258,5.3
03/11/2014,0,0,39.1(0.51 %),0,0,0,0,7542988,5.3
04/11/2014,0,0,39.1(0.00 %),0,0,0,0,7542988,5.3
05/11/2014,0,0,39.1(0.00 %),0,0,0,0,7542988,5.3
06/11/2014,0,0,39.1(0.00 %),0,0,0,0,7542988,5.3
07/11/2014,0,0,39.4(0.77 %),0,0,0,0,7542988,5.3
10/11/2014,0,0,39.5(0.25 %),0,0,0,0,7542988,5.3
11/11/2014,0,0,39.5(0.00 %),0,0,0,0,7542988,5.3
12/11/2014,0,0,39.5(0.00 %),0,0,0,0,7542988,5.3
13/11/2014,0,0,39.5(0.00 %),0,0,0,0,7542988,5.3
14/11/2014,0,0,39.5(0.00 %),0,0,0,0,7542988,5.3
17/11/2014,0,0,38.1(-3.54 %),0,0,0,0,7542988,5.3
18/11/2014,0,0,38.1(0.00 %),0,0,0,0,7542988,5.3
19/11/2014,0,0,38.5(1.05 %),0,0,0,0,7542988,5.3
20/11/2014,-240,-9140000,38.1(-1.04 %),0,0,240,9140000,7542988,0.0
21/11/2014,0,0,38.9(2.10 %),0,0,0,0,7542988,0.0
24/11/2014,0,0,40.9(5.14 %),0,0,0,0,7542988,0.0
25/11/2014,0,0,40.9(0.00 %),0,0,0,0,7542988,0.0
26/11/2014,0,0,38.8(-5.13 %),0,0,0,0,7543228,0.0
27/11/2014,0,0,40.9(5.41 %),0,0,0,0,7543228,0.0
28/11/2014,0,0,40.9(0.00 %),0,0,0,0,7543228,0.0
01/12/2014,0,0,40.9(0.00 %),0,0,0,0,7543228,0.0
02/12/2014,0,0,41(0.24 %),0,0,0,0,7543228,0.0
03/12/2014,0,0,41.3(0.73 %),0,0,0,0,7543228,0.0
04/12/2014,0,0,41(-0.73 %),0,0,0,0,7543228,0.0
05/12/2014,0,0,41(0.00 %),0,0,0,0,7543228,0.0
08/12/2014,0,0,41(0.00 %),0,0,0,0,7543228,0.0
09/12/2014,0,0,43.8(6.83 %),0,0,0,0,7543228,0.0
10/12/2014,0,0,43.8(0.00 %),0,0,0,0,7543228,0.0
11/12/2014,0,0,43.8(0.00 %),0,0,0,0,7543228,0.0
12/12/2014,0,0,43.8(0.00 %),0,0,0,0,7543228,5.3
15/12/2014,0,0,43.8(0.00 %),0,0,0,0,7543228,0.0
16/12/2014,0,0,43.8(0.00 %),0,0,0,0,7543228,0.0
17/12/2014,0,0,43.8(0.00 %),0,0,0,0,7543228,0.0
18/12/2014,0,0,43.8(0.00 %),0,0,0,0,7543228,0.0
19/12/2014,0,0,43.8(0.00 %),0,0,0,0,7543228,0.0
22/12/2014,0,0,43.8(0.00 %),0,0,0,0,7543228,5.3
23/12/2014,0,0,43.8(0.00 %),0,0,0,0,7543228,0.0
24/12/2014,0,0,43.8(0.00 %),0,0,0,0,7543228,0.0
25/12/2014,0,0,43.8(0.00 %),0,0,0,0,7543228,0.0
26/12/2014,0,0,43.8(0.00 %),0,0,0,0,7543228,5.3
29/12/2014,0,0,43.7(-0.23 %),0,0,0,0,7543228,5.3
30/12/2014,0,0,43.7(0.00 %),0,0,0,0,7543228,5.3
31/12/2014,0,0,43.6(-0.23 %),0,0,0,0,7543228,5.3
05/01/2015,0,0,43.5(-0.23 %),0,0,0,0,7543228,5.3
06/01/2015,0,0,43.5(0.00 %),0,0,0,0,7543228,5.3
07/01/2015,0,0,42(-3.45 %),0,0,0,0,7543228,5.3
08/01/2015,0,0,42(0.00 %),0,0,0,0,7543228,5.3
09/01/2015,0,0,42(0.00 %),0,0,0,0,7543228,5.3
12/01/2015,0,0,43(2.38 %),0,0,0,0,7543228,5.3
13/01/2015,0,0,43(0.00 %),0,0,0,0,7543228,5.3
14/01/2015,0,0,43(0.00 %),0,0,0,0,7543228,5.3
15/01/2015,-220,-8800000,40.5(-5.81 %),0,0,220,8800000,7543448,5.3
16/01/2015,0,0,43(6.17 %),0,0,0,0,7543448,5.3
19/01/2015,0,0,43(0.00 %),0,0,0,0,7543448,5.3
20/01/2015,0,0,46(6.98 %),0,0,0,0,7543448,5.3
21/01/2015,0,0,46(0.00 %),0,0,0,0,7543448,5.3
22/01/2015,0,0,46(0.00 %),0,0,0,0,7543448,5.3
23/01/2015,0,0,46(0.00 %),0,0,0,0,7543448,5.3
26/01/2015,0,0,45.8(-0.43 %),0,0,0,0,7543448,5.3
27/01/2015,0,0,45.8(0.00 %),0,0,0,0,7543448,5.3
28/01/2015,0,0,45.8(0.00 %),0,0,0,0,7543448,5.3
29/01/2015,0,0,45.8(0.00 %),0,0,0,0,7543448,5.3
30/01/2015,0,0,45.8(0.00 %),0,0,0,0,7543448,5.3
02/02/2015,0,0,45.8(0.00 %),0,0,0,0,7543448,5.3
03/02/2015,0,0,45.8(0.00 %),0,0,0,0,7543448,5.3
04/02/2015,0,0,45.8(0.00 %),0,0,0,0,7543448,5.3
05/02/2015,0,0,45.8(0.00 %),0,0,0,0,7543448,5.3
06/02/2015,0,0,45.8(0.00 %),0,0,0,0,7543448,5.3
09/02/2015,0,0,45.8(0.00 %),0,0,0,0,7543448,5.3
10/02/2015,0,0,45.8(0.00 %),0,0,0,0,7543448,5.3
11/02/2015,0,0,45.8(0.00 %),0,0,0,0,7543448,5.3
12/02/2015,0,0,45.8(0.00 %),0,0,0,0,7543448,5.3
13/02/2015,0,0,45.8(0.00 %),0,0,0,0,7543448,5.3
24/02/2015,0,0,45.8(0.00 %),0,0,0,0,7543448,5.3
25/02/2015,0,0,45.8(0.00 %),0,0,0,0,7543448,5.3
26/02/2015,0,0,45.8(0.00 %),0,0,0,0,7543448,5.3
27/02/2015,0,0,45.8(0.00 %),0,0,0,0,7543448,5.3
02/03/2015,0,0,45.8(0.00 %),0,0,0,0,7543448,5.3
03/03/2015,0,0,45.8(0.00 %),0,0,0,0,7543448,5.3
04/03/2015,0,0,45.8(0.00 %),0,0,0,0,7543448,5.3
05/03/2015,0,0,45.8(0.00 %),0,0,0,0,7543448,5.3
06/03/2015,0,0,45.8(0.00 %),0,0,0,0,7543448,5.3
09/03/2015,0,0,45.7(-0.22 %),0,0,0,0,7543448,5.3
10/03/2015,0,0,45.7(0.00 %),0,0,0,0,7543448,5.3
11/03/2015,0,0,45.7(0.00 %),0,0,0,0,7543448,5.3
12/03/2015,0,0,45.8(0.22 %),0,0,0,0,7543448,5.3
13/03/2015,0,0,45.8(0.00 %),0,0,0,0,7543448,5.3
16/03/2015,0,0,45.8(0.00 %),0,0,0,0,7543448,5.3
17/03/2015,0,0,42.6(-6.99 %),0,0,0,0,7543448,5.3
18/03/2015,0,0,45.2(6.10 %),0,0,0,0,7543448,5.3
19/03/2015,0,0,45.2(0.00 %),0,0,0,0,7543448,5.3
20/03/2015,0,0,45.7(1.11 %),0,0,0,0,7543448,5.3
23/03/2015,0,0,45.7(0.00 %),0,0,0,0,7543448,5.3
24/03/2015,0,0,45.7(0.00 %),0,0,0,0,7543448,5.3
25/03/2015,0,0,46.9(2.63 %),0,0,0,0,7543448,5.3
26/03/2015,0,0,46.9(0.00 %),0,0,0,0,7543448,5.3
27/03/2015,0,0,46.9(0.00 %),0,0,0,0,7543448,5.3
30/03/2015,0,0,46.9(0.00 %),0,0,0,0,7543448,5.3
31/03/2015,0,0,46.9(0.00 %),0,0,0,0,7543448,5.3
01/04/2015,0,0,46.9(0.00 %),0,0,0,0,7543448,5.3
02/04/2015,0,0,46.9(0.00 %),0,0,0,0,7543448,5.3
03/04/2015,0,0,46.9(0.00 %),0,0,0,0,7543448,5.3
06/04/2015,0,0,43.7(-6.82 %),0,0,0,0,7543448,5.3
07/04/2015,0,0,46.5(6.41 %),0,0,0,0,7543448,5.3
08/04/2015,0,0,49.7(6.88 %),0,0,0,0,7543448,5.3
09/04/2015,0,0,49.7(0.00 %),0,0,0,0,7543448,5.3
10/04/2015,0,0,46.5(-6.44 %),0,0,0,0,7543448,5.3
13/04/2015,0,0,46.5(0.00 %),0,0,0,0,7543448,5.3
14/04/2015,0,0,46.5(0.00 %),0,0,0,0,7543448,5.3
15/04/2015,0,0,43.3(-6.88 %),0,0,0,0,7543448,5.3
16/04/2015,0,0,45.1(4.16 %),0,0,0,0,7543448,5.3
17/04/2015,0,0,42(-6.87 %),0,0,0,0,7543448,5.3
20/04/2015,0,0,43.5(3.57 %),0,0,0,0,7543448,5.3
21/04/2015,0,0,46.4(6.67 %),0,0,0,0,7543448,5.3
22/04/2015,0,0,46.4(0.00 %),0,0,0,0,7543448,5.3
23/04/2015,0,0,46.4(0.00 %),0,0,0,0,7543448,5.3
24/04/2015,0,0,46.5(0.22 %),0,0,0,0,7543448,5.3
27/04/2015,0,0,46.5(0.00 %),0,0,0,0,7543448,5.3
04/05/2015,0,0,46.5(0.00 %),0,0,0,0,7543448,5.3
05/05/2015,0,0,46.5(0.00 %),0,0,0,0,7543448,5.3
06/05/2015,0,0,46.5(0.00 %),0,0,0,0,7543448,5.3
07/05/2015,0,0,46.5(0.00 %),0,0,0,0,7543448,5.3
08/05/2015,0,0,46.5(0.00 %),0,0,0,0,7543448,5.3
11/05/2015,0,0,46.5(0.00 %),0,0,0,0,7543448,5.3
12/05/2015,0,0,46.5(0.00 %),0,0,0,0,7543448,5.3
13/05/2015,0,0,46.5(0.00 %),0,0,0,0,7543448,5.3
14/05/2015,0,0,46.5(0.00 %),0,0,0,0,7543448,5.3
15/05/2015,0,0,46.4(-0.22 %),0,0,0,0,7543448,5.3
18/05/2015,0,0,46.4(0.00 %),0,0,0,0,7543448,5.3
19/05/2015,0,0,46.4(0.00 %),0,0,0,0,7543448,5.3
20/05/2015,0,0,46.4(0.00 %),0,0,0,0,7543448,5.3
21/05/2015,0,0,46.4(0.00 %),0,0,0,0,7543448,5.3
22/05/2015,0,0,46.4(0.00 %),0,0,0,0,7543448,5.3
25/05/2015,0,0,46.4(0.00 %),0,0,0,0,7543448,5.3
26/05/2015,0,0,46.4(0.00 %),0,0,0,0,7543448,5.3
27/05/2015,0,0,46.4(0.00 %),0,0,0,0,7543448,5.3
28/05/2015,0,0,46.4(0.00 %),0,0,0,0,7543448,5.3
29/05/2015,0,0,46.1(-0.65 %),0,0,0,0,7543448,5.3
01/06/2015,0,0,46.1(0.00 %),0,0,0,0,7543448,5.3
02/06/2015,0,0,46.4(0.65 %),0,0,0,0,7543448,5.3
03/06/2015,0,0,46.4(0.00 %),0,0,0,0,7543448,5.3
04/06/2015,0,0,46.4(0.00 %),0,0,0,0,7543448,5.3
05/06/2015,0,0,46.4(0.00 %),0,0,0,0,7543448,5.3
08/06/2015,0,0,47.8(3.02 %),0,0,0,0,7543448,5.3
09/06/2015,0,0,47.8(0.00 %),0,0,0,0,7543448,5.3
10/06/2015,0,0,47.8(0.00 %),0,0,0,0,7543448,5.3
11/06/2015,0,0,47.8(0.00 %),0,0,0,0,7543448,5.3
12/06/2015,0,0,47.8(0.00 %),0,0,0,0,7543448,5.3
15/06/2015,0,0,47.8(0.00 %),0,0,0,0,7543448,5.3
16/06/2015,0,0,47.8(0.00 %),0,0,0,0,7543448,5.3
17/06/2015,0,0,47.5(-0.63 %),0,0,0,0,7543448,5.3
18/06/2015,0,0,47.5(0.00 %),0,0,0,0,7543448,5.3
19/06/2015,0,0,47(-1.05 %),0,0,0,0,7543448,5.3
22/06/2015,0,0,47(0.00 %),0,0,0,0,7543448,5.3
23/06/2015,0,0,47(0.00 %),0,0,0,0,7543448,5.3
24/06/2015,0,0,47(0.00 %),0,0,0,0,7543448,5.3
25/06/2015,0,0,47(0.00 %),0,0,0,0,7543448,5.3
26/06/2015,0,0,47(0.00 %),0,0,0,0,7543448,5.3
29/06/2015,0,0,47(0.00 %),0,0,0,0,7543448,5.3
30/06/2015,0,0,47(0.00 %),0,0,0,0,7543448,5.3
01/07/2015,0,0,47(0.00 %),0,0,0,0,7543448,5.3
02/07/2015,0,0,47(0.00 %),0,0,0,0,7543448,5.3
03/07/2015,0,0,47(0.00 %),0,0,0,0,7543448,5.3
06/07/2015,-100,-4380000,47.5(1.06 %),0,0,100,4380000,7543548,5.3
07/07/2015,-30,-1410000,47(-1.05 %),0,0,30,1410000,7543578,5.3
08/07/2015,0,0,47(0.00 %),0,0,0,0,7543578,5.3
09/07/2015,0,0,47(0.00 %),0,0,0,0,7543578,5.3
10/07/2015,0,0,47(0.00 %),0,0,0,0,7543578,5.3
13/07/2015,0,0,47(0.00 %),0,0,0,0,7543578,5.3
14/07/2015,0,0,46.7(-0.64 %),0,0,0,0,7543578,5.3
15/07/2015,0,0,46.7(0.00 %),0,0,0,0,7543578,5.3
16/07/2015,0,0,46.7(0.00 %),0,0,0,0,7543578,5.3
17/07/2015,0,0,46.7(0.00 %),0,0,0,0,7543578,5.3
20/07/2015,0,0,46.7(0.00 %),0,0,0,0,7543578,5.3
21/07/2015,0,0,46.7(0.00 %),0,0,0,0,7543578,5.3
22/07/2015,0,0,46.4(-0.64 %),0,0,0,0,7543578,5.3
23/07/2015,0,0,45.8(-1.29 %),0,0,0,0,7543578,5.3
24/07/2015,0,0,45.8(0.00 %),0,0,0,0,7543578,5.3
27/07/2015,0,0,42.6(-6.99 %),0,0,0,0,7543578,5.3
28/07/2015,0,0,45.5(6.81 %),0,0,0,0,7543578,5.3
29/07/2015,0,0,45.5(0.00 %),0,0,0,0,7543578,5.3
30/07/2015,0,0,45.4(-0.22 %),0,0,0,0,7543578,5.3
31/07/2015,0,0,46(1.32 %),0,0,0,0,7543578,5.3
03/08/2015,760,34960000,46(0.00 %),760,34960000,0,0,7542818,5.3
04/08/2015,-10,-460000,46(0.00 %),0,0,10,460000,7542828,5.3
05/08/2015,0,0,46(0.00 %),0,0,0,0,7542828,5.3
06/08/2015,-10,-460000,46(0.00 %),0,0,10,460000,7542838,5.3
07/08/2015,0,0,46(0.00 %),0,0,0,0,7542838,5.3
10/08/2015,0,0,46(0.00 %),0,0,0,0,7542838,5.3
11/08/2015,0,0,46(0.00 %),0,0,0,0,7542838,5.3
12/08/2015,0,0,46(0.00 %),0,0,0,0,7542838,5.3
13/08/2015,0,0,46(0.00 %),0,0,0,0,7542838,5.3
14/08/2015,-400,-13160000,34.9(6.21 %),0,0,400,13160000,7543238,5.3
17/08/2015,0,0,34.9(0.00 %),0,0,0,0,7543238,5.3
18/08/2015,0,0,36.9(5.73 %),0,0,0,0,7543238,5.3
19/08/2015,0,0,36.9(0.00 %),0,0,0,0,7543238,5.3
20/08/2015,0,0,36.9(0.00 %),0,0,0,0,7543238,5.3
21/08/2015,0,0,39.4(6.78 %),0,0,0,0,7543238,5.3
24/08/2015,0,0,39.4(0.00 %),0,0,0,0,7543238,5.3
25/08/2015,0,0,42.1(6.85 %),0,0,0,0,7543238,5.3
26/08/2015,0,0,45(6.89 %),0,0,0,0,7543238,5.3
27/08/2015,0,0,45(0.00 %),0,0,0,0,7543238,5.3
28/08/2015,0,0,45(0.00 %),0,0,0,0,7543238,5.3
31/08/2015,0,0,45(0.00 %),0,0,0,0,7543238,5.3
01/09/2015,0,0,46(2.22 %),0,0,0,0,7543238,5.3
03/09/2015,0,0,46(0.00 %),0,0,0,0,7543238,5.3
04/09/2015,0,0,45.9(-0.22 %),0,0,0,0,7543238,5.3
07/09/2015,0,0,45.9(0.00 %),0,0,0,0,7543238,5.3
08/09/2015,0,0,45.9(0.00 %),0,0,0,0,7543238,5.3
09/09/2015,0,0,45.9(0.00 %),0,0,0,0,7543238,5.3
10/09/2015,0,0,45.5(-0.87 %),0,0,0,0,7543238,5.3
11/09/2015,0,0,45.5(0.00 %),0,0,0,0,7543238,5.3
14/09/2015,0,0,45.2(-0.66 %),0,0,0,0,7543238,5.3
15/09/2015,0,0,45(-0.44 %),0,0,0,0,7543238,5.3
16/09/2015,20,900000,45(0.00 %),20,900000,0,0,7543218,5.3
17/09/2015,-10,-450000,44.5(-1.11 %),0,0,10,450000,7543228,5.3
18/09/2015,0,0,44.5(0.00 %),0,0,0,0,7543228,5.3
21/09/2015,0,0,44.5(0.00 %),0,0,0,0,7543228,5.3
22/09/2015,0,0,43(-3.37 %),0,0,0,0,7543228,5.3
23/09/2015,0,0,45(4.65 %),0,0,0,0,7543228,5.3
24/09/2015,-90,-4140000,46(2.22 %),0,0,90,4140000,7543318,5.3
25/09/2015,-30,-1340000,44.8(-2.61 %),0,0,30,1340000,7543348,17.78
28/09/2015,-700,-29770000,44.8(0.00 %),0,0,700,29770000,7544048,17.78
29/09/2015,-890,-39080000,44.8(0.00 %),0,0,890,39080000,7544938,17.78
30/09/2015,-500,-22000000,44(-1.79 %),0,0,500,22000000,7545438,17.78
01/10/2015,-320,-14080000,44(0.00 %),0,0,320,14080000,10560483,5.3
02/10/2015,-20,-870000,41(-6.82 %),0,0,20,870000,10560503,5.3
05/10/2015,-980,-42920000,43.8(6.83 %),0,0,980,42920000,10561483,5.29
06/10/2015,0,0,40.8(-6.85 %),0,0,0,0,10561483,5.29
07/10/2015,-10,-380000,43.5(6.62 %),0,0,10,380000,10561493,5.29
08/10/2015,0,0,43.5(0.00 %),0,0,0,0,10561493,5.29
09/10/2015,0,0,42.5(-2.30 %),0,0,0,0,10561493,5.29
12/10/2015,0,0,41.2(-3.06 %),0,0,0,0,10561493,5.29
13/10/2015,0,0,39.5(-4.13 %),0,0,0,0,10561493,5.29
14/10/2015,0,0,39.5(0.00 %),0,0,0,0,10561493,5.29
15/10/2015,-200,-8180000,40.9(3.54 %),0,0,200,8180000,10561693,5.29
16/10/2015,-310,-12240000,39(-4.65 %),0,0,310,12240000,10562003,5.29
19/10/2015,-40,-1560000,39(0.00 %),0,0,40,1560000,10562043,5.29
20/10/2015,0,0,39(0.00 %),0,0,0,0,10562043,5.29
21/10/2015,-200,-7600000,39.9(2.31 %),0,0,200,7600000,10562243,5.29
22/10/2015,-400,-15600000,38.9(-2.51 %),0,0,400,15600000,10562643,5.29
23/10/2015,-50,-1850000,38(-2.31 %),0,0,50,1850000,10562693,5.29
26/10/2015,0,0,38.9(2.37 %),0,0,0,0,10562693,5.29
27/10/2015,0,0,38.9(0.00 %),0,0,0,0,10562693,5.29
28/10/2015,0,0,39.5(1.54 %),0,0,0,0,10562693,5.29
29/10/2015,0,0,39.5(0.00 %),0,0,0,0,10562693,5.29
30/10/2015,0,0,39.5(0.00 %),0,0,0,0,10562693,5.29
02/11/2015,0,0,39.5(0.00 %),0,0,0,0,10565111,5.28
03/11/2015,0,0,39(-1.27 %),0,0,0,0,10565111,5.28
04/11/2015,0,0,39(0.00 %),0,0,0,0,10565111,5.28
05/11/2015,0,0,36.3(-6.92 %),0,0,0,0,10565111,5.28
06/11/2015,0,0,38.8(6.89 %),0,0,0,0,10565111,5.28
09/11/2015,0,0,38.8(0.00 %),0,0,0,0,10565111,5.28
10/11/2015,0,0,38.8(0.00 %),0,0,0,0,10565111,5.28
11/11/2015,0,0,39.4(1.55 %),0,0,0,0,10565111,5.28
12/11/2015,0,0,40.4(2.54 %),0,0,0,0,10565111,5.28
13/11/2015,0,0,42(3.96 %),0,0,0,0,10565111,5.28
16/11/2015,0,0,42(0.00 %),0,0,0,0,10565111,5.28
17/11/2015,0,0,42(0.00 %),0,0,0,0,10565111,5.28
18/11/2015,0,0,42(0.00 %),0,0,0,0,10565111,5.28
19/11/2015,0,0,39.9(-5.00 %),0,0,0,0,10565111,5.28
20/11/2015,0,0,39.9(0.00 %),0,0,0,0,10565111,5.28
23/11/2015,0,0,39(-2.26 %),0,0,0,0,10565111,5.28
24/11/2015,0,0,39.8(2.05 %),0,0,0,0,10565111,5.28
25/11/2015,0,0,39.8(0.00 %),0,0,0,0,10565111,5.28
26/11/2015,0,0,41(3.02 %),0,0,0,0,10565111,5.28
27/11/2015,0,0,41(0.00 %),0,0,0,0,10565111,5.28
30/11/2015,0,0,42.1(2.68 %),0,0,0,0,10565111,5.28
01/12/2015,0,0,40.9(-2.85 %),0,0,0,0,10565111,5.28
02/12/2015,0,0,40.9(0.00 %),0,0,0,0,10565111,5.28
03/12/2015,0,0,40.9(0.00 %),0,0,0,0,10565111,5.28
04/12/2015,0,0,40.9(0.00 %),0,0,0,0,10565111,5.28
07/12/2015,0,0,40.9(0.00 %),0,0,0,0,10565111,5.28
08/12/2015,0,0,40.9(0.00 %),0,0,0,0,10565111,5.28
09/12/2015,0,0,40(-2.20 %),0,0,0,0,10565111,5.28
10/12/2015,0,0,41.6(4.00 %),0,0,0,0,10565111,5.28
11/12/2015,0,0,38.7(-6.97 %),0,0,0,0,10565111,5.28
14/12/2015,0,0,40.5(4.65 %),0,0,0,0,10565111,5.28
15/12/2015,0,0,40.5(0.00 %),0,0,0,0,10565111,5.28
16/12/2015,0,0,43.1(6.42 %),0,0,0,0,10565111,5.28
17/12/2015,0,0,43.1(0.00 %),0,0,0,0,10565111,5.28
18/12/2015,0,0,43.1(0.00 %),0,0,0,0,10565111,5.28
21/12/2015,0,0,43.1(0.00 %),0,0,0,0,10565111,5.28
22/12/2015,0,0,43.1(0.00 %),0,0,0,0,10565111,5.28
23/12/2015,0,0,40.1(-6.96 %),0,0,0,0,10565111,5.28
24/12/2015,0,0,40.1(0.00 %),0,0,0,0,10565111,5.28
25/12/2015,0,0,39.3(-2.00 %),0,0,0,0,10565117,5.28
28/12/2015,0,0,40.8(3.82 %),0,0,0,0,10565117,5.28
29/12/2015,0,0,40(-1.96 %),0,0,0,0,10565117,5.28
30/12/2015,0,0,40(0.00 %),0,0,0,0,10565117,5.28
31/12/2015,0,0,37.2(-7.00 %),0,0,0,0,10565117,5.28
04/01/2016,0,0,39.8(6.99 %),0,0,0,0,10565117,5.28
05/01/2016,0,0,37.1(-6.78 %),0,0,0,0,10565117,5.28
06/01/2016,0,0,38(2.43 %),0,0,0,0,10565117,5.28
07/01/2016,0,0,38.2(0.53 %),0,0,0,0,10565117,5.28
08/01/2016,0,0,38.2(0.00 %),0,0,0,0,10565117,5.28
11/01/2016,0,0,38.9(1.83 %),0,0,0,0,10565117,5.28
12/01/2016,0,0,38.9(0.00 %),0,0,0,0,10565117,5.28
13/01/2016,0,0,38.9(0.00 %),0,0,0,0,10565117,5.28
14/01/2016,0,0,39.5(1.54 %),0,0,0,0,10565117,5.28
15/01/2016,0,0,41.9(6.08 %),0,0,0,0,10565117,5.28
18/01/2016,0,0,42.1(0.48 %),0,0,0,0,10565117,5.28
19/01/2016,0,0,39.2(-6.89 %),0,0,0,0,10565117,5.28
20/01/2016,-280,-10220000,39.5(0.77 %),0,0,280,10220000,10565117,5.28
21/01/2016,0,0,39.5(0.00 %),0,0,0,0,10565117,5.28
22/01/2016,0,0,40.1(1.52 %),0,0,0,0,10565117,5.28
25/01/2016,0,0,40.1(0.00 %),0,0,0,0,10565397,5.28
26/01/2016,0,0,38.5(-3.99 %),0,0,0,0,10565397,5.28
27/01/2016,0,0,39.9(3.64 %),0,0,0,0,10565397,5.28
28/01/2016,0,0,40.4(1.25 %),0,0,0,0,10565397,5.28
29/01/2016,0,0,40.4(0.00 %),0,0,0,0,10565397,5.28
01/02/2016,0,0,37.9(-6.19 %),0,0,0,0,10565397,5.28
02/02/2016,0,0,39.4(3.96 %),0,0,0,0,10565397,5.28
03/02/2016,0,0,39.8(1.02 %),0,0,0,0,10565397,5.28
04/02/2016,0,0,39.8(0.00 %),0,0,0,0,10565397,5.28
05/02/2016,-10,-400000,39.7(-0.25 %),0,0,10,400000,10565397,5.28
15/02/2016,0,0,38.5(-3.02 %),0,0,0,0,10565397,5.28
16/02/2016,0,0,39.5(2.60 %),0,0,0,0,10565397,5.28
17/02/2016,0,0,40(1.27 %),0,0,0,0,10565407,5.28
18/02/2016,-10,-400000,39(-2.50 %),0,0,10,400000,10565407,5.28
19/02/2016,-7200,-262620000,39.5(1.28 %),0,0,7200,262620000,10565407,5.28
22/02/2016,-2850,-106600000,39.4(-0.25 %),0,0,2850,106600000,10565407,5.28
23/02/2016,0,0,39(-1.02 %),0,0,0,0,10565417,5.28
24/02/2016,0,0,38.5(-1.28 %),0,0,0,0,10572617,5.25
25/02/2016,0,0,37.4(-2.86 %),0,0,0,0,10575467,5.24
26/02/2016,0,0,35(-6.42 %),0,0,0,0,10575467,5.24
29/02/2016,-2690,-94150000,37.4(6.86 %),0,0,2690,94150000,10575467,5.24
01/03/2016,0,0,34.8(-6.95 %),0,0,0,0,10575467,5.24
02/03/2016,0,0,37.2(6.90 %),0,0,0,0,10575467,5.24
03/03/2016,0,0,38(2.15 %),0,0,0,0,10578157,5.23
04/03/2016,0,0,37.9(-0.26 %),0,0,0,0,10578157,5.23
07/03/2016,0,0,37.5(-1.06 %),0,0,0,0,10578157,5.23
08/03/2016,0,0,38(1.33 %),0,0,0,0,10578157,5.23
09/03/2016,0,0,37.9(-0.26 %),0,0,0,0,10578157,5.23
10/03/2016,-5180,-184480000,37.7(-0.53 %),0,0,5180,184480000,10578157,5.23
11/03/2016,0,0,35.1(-6.90 %),0,0,0,0,10578157,5.23
14/03/2016,0,0,36.6(4.27 %),0,0,0,0,10578157,5.23
15/03/2016,0,0,35.5(-3.01 %),0,0,0,0,10583337,5.2
16/03/2016,0,0,36.9(3.94 %),0,0,0,0,10583337,5.2
17/03/2016,0,0,36.9(0.00 %),0,0,0,0,10583337,5.2
18/03/2016,0,0,36(-2.44 %),0,0,0,0,10583337,5.2
21/03/2016,0,0,36.2(0.56 %),0,0,0,0,10583337,5.2
22/03/2016,0,0,36.2(0.00 %),0,0,0,0,10583337,5.2
23/03/2016,0,0,37(2.21 %),0,0,0,0,10583337,5.2
24/03/2016,0,0,37(0.00 %),0,0,0,0,10583337,5.2
25/03/2016,0,0,36.9(-0.27 %),0,0,0,0,10583337,5.2
28/03/2016,0,0,36.9(0.00 %),0,0,0,0,10583337,5.2
29/03/2016,0,0,36.9(0.00 %),0,0,0,0,10583337,5.2
30/03/2016,0,0,37(0.27 %),0,0,0,0,10583337,5.2
31/03/2016,0,0,37.5(1.35 %),0,0,0,0,10583337,5.2
01/04/2016,0,0,37.5(0.00 %),0,0,0,0,10583337,5.2
04/04/2016,0,0,37.5(0.00 %),0,0,0,0,10583337,5.2
05/04/2016,0,0,37.5(0.00 %),0,0,0,0,10583337,5.2
06/04/2016,0,0,37.5(0.00 %),0,0,0,0,10583337,5.2
07/04/2016,0,0,37.5(0.00 %),0,0,0,0,10583337,5.2
08/04/2016,0,0,37.5(0.00 %),0,0,0,0,10583337,5.2
11/04/2016,0,0,37.5(0.00 %),0,0,0,0,10583337,5.2
12/04/2016,0,0,37.5(0.00 %),0,0,0,0,10583337,5.2
13/04/2016,0,0,37.5(0.00 %),0,0,0,0,10583337,5.2
14/04/2016,0,0,39(4.00 %),0,0,0,0,10583337,5.2
15/04/2016,0,0,38.5(-1.28 %),0,0,0,0,10583337,5.2
19/04/2016,0,0,37.4(-2.86 %),0,0,0,0,10583337,5.2
20/04/2016,0,0,37.4(0.00 %),0,0,0,0,10583337,5.2
21/04/2016,0,0,37.3(-0.27 %),0,0,0,0,10583337,5.2
22/04/2016,0,0,37.3(0.00 %),0,0,0,0,10583337,5.2
25/04/2016,0,0,37.3(0.00 %),0,0,0,0,10583337,5.2
26/04/2016,0,0,37.3(0.00 %),0,0,0,0,10583337,5.2
27/04/2016,0,0,37.3(0.00 %),0,0,0,0,10583337,5.2
28/04/2016,0,0,36.7(-1.61 %),0,0,0,0,10583337,5.2
29/04/2016,0,0,36.9(0.54 %),0,0,0,0,10583337,5.2
04/05/2016,0,0,36.9(0.00 %),0,0,0,0,10583337,5.2
05/05/2016,0,0,36.9(0.00 %),0,0,0,0,10583337,5.2
06/05/2016,0,0,36.8(-0.27 %),0,0,0,0,10583337,5.2
09/05/2016,0,0,36.8(0.00 %),0,0,0,0,10583337,5.2
10/05/2016,0,0,37.5(1.90 %),0,0,0,0,10583337,5.2
11/05/2016,0,0,37(-1.33 %),0,0,0,0,10583337,5.2
12/05/2016,0,0,37.2(0.54 %),0,0,0,0,10583337,5.2
13/05/2016,0,0,37.2(0.00 %),0,0,0,0,10583337,5.2
16/05/2016,0,0,37.2(0.00 %),0,0,0,0,10583337,5.2
17/05/2016,0,0,37.2(0.00 %),0,0,0,0,10583337,5.2
18/05/2016,0,0,37.2(0.00 %),0,0,0,0,10583337,5.2
19/05/2016,-280,-9730000,36.7(-1.34 %),0,0,280,9730000,10583337,5.2
20/05/2016,0,0,37(0.82 %),0,0,0,0,10583337,5.2
23/05/2016,0,0,36.9(-0.27 %),0,0,0,0,10583337,5.2
24/05/2016,0,0,36.9(0.00 %),0,0,0,0,10583617,5.2
25/05/2016,0,0,37.2(0.81 %),0,0,0,0,10583617,5.2
26/05/2016,0,0,37.2(0.00 %),0,0,0,0,10583617,5.2
27/05/2016,0,0,37.2(0.00 %),0,0,0,0,10583617,5.2
30/05/2016,0,0,37.2(0.00 %),0,0,0,0,10583617,5.2
31/05/2016,0,0,38(2.15 %),0,0,0,0,10583617,5.2
01/06/2016,0,0,38(0.00 %),0,0,0,0,10583617,5.2
02/06/2016,0,0,38.3(0.79 %),0,0,0,0,10583617,5.2
03/06/2016,0,0,38.1(-0.52 %),0,0,0,0,10583617,5.2
06/06/2016,0,0,38.1(0.00 %),0,0,0,0,10583617,5.2
07/06/2016,0,0,38.1(0.00 %),0,0,0,0,10583617,5.2
08/06/2016,0,0,38.1(0.00 %),0,0,0,0,10583617,5.2
09/06/2016,0,0,38.1(0.00 %),0,0,0,0,10583617,5.2
10/06/2016,0,0,38.1(0.00 %),0,0,0,0,10583617,5.2
13/06/2016,0,0,36.4(-4.46 %),0,0,0,0,10583617,5.2
14/06/2016,0,0,37(1.65 %),0,0,0,0,10583617,5.2
15/06/2016,0,0,37.4(1.08 %),0,0,0,0,10583617,5.2
16/06/2016,0,0,36.9(-1.34 %),0,0,0,0,10583617,5.2
17/06/2016,0,0,37.5(1.63 %),0,0,0,0,10583617,5.2
20/06/2016,0,0,38(1.33 %),0,0,0,0,10583617,5.2
21/06/2016,0,0,37.5(-1.32 %),0,0,0,0,10583617,5.2
22/06/2016,0,0,37.9(1.07 %),0,0,0,0,10583617,5.2
23/06/2016,0,0,37.9(0.00 %),0,0,0,0,10583617,5.2
24/06/2016,0,0,37.9(0.00 %),0,0,0,0,10583617,5.2
27/06/2016,0,0,37.9(0.00 %),0,0,0,0,10583617,5.2
28/06/2016,0,0,37.9(0.00 %),0,0,0,0,10583617,5.2
29/06/2016,0,0,37.9(0.00 %),0,0,0,0,10583617,5.2
30/06/2016,0,0,37.8(-0.26 %),0,0,0,0,10583617,5.2
01/07/2016,0,0,37.6(-0.53 %),0,0,0,0,10583617,5.2
04/07/2016,0,0,37.2(-1.06 %),0,0,0,0,10583617,5.2
05/07/2016,0,0,37.6(1.08 %),0,0,0,0,10583617,5.2
06/07/2016,0,0,37.7(0.27 %),0,0,0,0,10583617,5.2
07/07/2016,0,0,37.4(-0.80 %),0,0,0,0,10583617,5.2
08/07/2016,0,0,36.6(-2.14 %),0,0,0,0,10583617,5.2
11/07/2016,0,0,38(3.83 %),0,0,0,0,10583617,5.2
12/07/2016,0,0,38(0.00 %),0,0,0,0,10583617,5.2
13/07/2016,0,0,36.4(-4.21 %),0,0,0,0,10583617,5.2
14/07/2016,0,0,37.3(2.47 %),0,0,0,0,10583617,5.2
15/07/2016,0,0,36.5(-2.14 %),0,0,0,0,10583617,5.2
18/07/2016,0,0,37.5(2.74 %),0,0,0,0,10583617,5.2
19/07/2016,0,0,34.9(-6.93 %),0,0,0,0,10583617,5.2
20/07/2016,0,0,36.8(5.44 %),0,0,0,0,10583617,5.2
21/07/2016,0,0,31.4(6.66 %),0,0,0,0,10583617,5.2
22/07/2016,0,0,31.5(0.32 %),0,0,0,0,10583617,5.2
25/07/2016,0,0,30.9(-1.90 %),0,0,0,0,10583617,5.2
26/07/2016,0,0,31.8(2.91 %),0,0,0,0,10583617,5.2
27/07/2016,0,0,31.8(0.00 %),0,0,0,0,10583617,5.2
28/07/2016,0,0,29.6(-6.92 %),0,0,0,0,10583617,5.2
29/07/2016,0,0,30(1.35 %),0,0,0,0,10583617,5.2
01/08/2016,0,0,30.8(2.67 %),0,0,0,0,10583617,5.2
02/08/2016,0,0,31.1(0.97 %),0,0,0,0,10583617,5.2
03/08/2016,0,0,31.3(0.64 %),0,0,0,0,10583617,5.2
04/08/2016,0,0,31(-0.96 %),0,0,0,0,10583617,5.2
05/08/2016,0,0,30.9(-0.32 %),0,0,0,0,10583617,5.2
08/08/2016,0,0,28.8(-6.80 %),0,0,0,0,10583617,5.2
09/08/2016,0,0,29(0.69 %),0,0,0,0,10583617,5.2
10/08/2016,0,0,30.9(6.55 %),0,0,0,0,10583617,5.2
11/08/2016,-500,-14400000,32.4(4.85 %),0,0,500,14400000,10583617,5.2
12/08/2016,0,0,32(-1.23 %),0,0,0,0,10583617,5.2
15/08/2016,0,0,32(0.00 %),0,0,0,0,10583617,5.2
16/08/2016,0,0,31(-3.12 %),0,0,0,0,10584117,5.2
17/08/2016,0,0,31(0.00 %),0,0,0,0,10584117,5.2
18/08/2016,0,0,31(0.00 %),0,0,0,0,10584117,5.2
19/08/2016,0,0,30.9(-0.32 %),0,0,0,0,10584117,5.2
22/08/2016,0,0,32(3.56 %),0,0,0,0,13230000,6.5
23/08/2016,0,0,32(0.00 %),0,0,0,0,13230000,6.5
24/08/2016,0,0,32(0.00 %),0,0,0,0,13230000,6.5
25/08/2016,-50,-1600000,32(0.00 %),0,0,50,1600000,13230000,6.5
26/08/2016,0,0,32(0.00 %),0,0,0,0,13230000,6.5
29/08/2016,0,0,32(0.00 %),0,0,0,0,13230000,5.2
30/08/2016,0,0,32(0.00 %),0,0,0,0,13230050,5.2
31/08/2016,0,0,32(0.00 %),0,0,0,0,13230050,5.2
01/09/2016,0,0,32(0.00 %),0,0,0,0,13230050,5.2
05/09/2016,0,0,32(0.00 %),0,0,0,0,13230050,5.2
06/09/2016,0,0,32(0.00 %),0,0,0,0,13230050,5.2
07/09/2016,0,0,32(0.00 %),0,0,0,0,13230050,5.2
08/09/2016,0,0,32(0.00 %),0,0,0,0,13230050,5.2
09/09/2016,0,0,31.7(-0.94 %),0,0,0,0,13230050,5.2
12/09/2016,-10,-300000,31.75(0.16 %),0,0,10,300000,13230050,5.2
13/09/2016,0,0,31.75(0.00 %),0,0,0,0,13230050,5.2
14/09/2016,0,0,31.6(-0.47 %),0,0,0,0,13230050,5.2
15/09/2016,0,0,31.6(0.00 %),0,0,0,0,13230060,5.2
16/09/2016,0,0,31.5(-0.32 %),0,0,0,0,13230060,5.2
19/09/2016,0,0,31.5(0.00 %),0,0,0,0,13230060,5.2
20/09/2016,0,0,31.5(0.00 %),0,0,0,0,13230060,5.2
21/09/2016,0,0,32(1.59 %),0,0,0,0,13230060,5.2
22/09/2016,0,0,32(0.00 %),0,0,0,0,13230060,5.2
23/09/2016,0,0,33.5(4.69 %),0,0,0,0,13230060,5.2
26/09/2016,0,0,33.9(1.19 %),0,0,0,0,13230060,5.2
27/09/2016,0,0,33.9(0.00 %),0,0,0,0,13230060,5.2
28/09/2016,0,0,33.9(0.00 %),0,0,0,0,13230060,5.2
29/09/2016,10,340000,33.9(0.00 %),10,340000,0,0,13230050,5.2
30/09/2016,-510,-18290000,36(6.19 %),0,0,510,18290000,13230050,5.2
03/10/2016,0,0,36(0.00 %),0,0,0,0,13230050,5.2
04/10/2016,0,0,36(0.00 %),0,0,0,0,13230050,5.2
05/10/2016,0,0,36(0.00 %),0,0,0,0,13230560,5.2
06/10/2016,0,0,36(0.00 %),0,0,0,0,13230560,5.2
07/10/2016,0,0,36(0.00 %),0,0,0,0,13230560,5.2
10/10/2016,0,0,37.5(4.17 %),0,0,0,0,13230560,5.2
11/10/2016,0,0,37.5(0.00 %),0,0,0,0,13230560,5.2
12/10/2016,0,0,37.5(0.00 %),0,0,0,0,13230560,5.2
13/10/2016,0,0,37.5(0.00 %),0,0,0,0,13230560,5.2
14/10/2016,0,0,38(1.33 %),0,0,0,0,13230560,5.2
17/10/2016,0,0,38(0.00 %),0,0,0,0,13230560,5.2
18/10/2016,-360,-13680000,38(0.00 %),0,0,360,13680000,13230560,5.2
19/10/2016,-10,-350000,38.5(1.32 %),0,0,10,350000,13230560,5.2
20/10/2016,0,0,38.5(0.00 %),0,0,0,0,13230560,5.2
21/10/2016,0,0,38.5(0.00 %),0,0,0,0,13230925,5.2
24/10/2016,20,780000,38.7(0.52 %),20,780000,0,0,13230915,5.2
25/10/2016,0,0,38.7(0.00 %),0,0,0,0,13230915,5.2
26/10/2016,0,0,38.7(0.00 %),0,0,0,0,13230915,5.2
27/10/2016,0,0,38.7(0.00 %),0,0,0,0,13230915,5.2
28/10/2016,0,0,38.7(0.00 %),0,0,0,0,13230915,5.2
31/10/2016,0,0,38.7(0.00 %),0,0,0,0,13230915,5.2
01/11/2016,0,0,38.7(0.00 %),0,0,0,0,13230915,5.2
02/11/2016,0,0,38.7(0.00 %),0,0,0,0,13230915,5.2
03/11/2016,0,0,38.7(0.00 %),0,0,0,0,13230915,5.2
04/11/2016,0,0,38.9(0.52 %),0,0,0,0,13230915,5.2
07/11/2016,0,0,38.9(0.00 %),0,0,0,0,13230915,5.2
08/11/2016,0,0,38.9(0.00 %),0,0,0,0,13230915,5.2
09/11/2016,0,0,37.5(-3.60 %),0,0,0,0,13230915,5.2
10/11/2016,-170,-6380000,38.9(3.73 %),0,0,170,6380000,13230915,5.2
11/11/2016,0,0,38.9(0.00 %),0,0,0,0,13230915,5.2
14/11/2016,0,0,38.9(0.00 %),0,0,0,0,13230915,5.2
15/11/2016,0,0,38.9(0.00 %),0,0,0,0,13231085,5.2
16/11/2016,0,0,38.9(0.00 %),0,0,0,0,13231085,5.2
17/11/2016,-850,-34000000,40(2.83 %),0,0,850,34000000,13231085,5.2
18/11/2016,0,0,40(0.00 %),0,0,0,0,13231085,5.2
21/11/2016,0,0,40(0.00 %),0,0,0,0,13231085,5.2
22/11/2016,-170,-6320000,39.5(-1.25 %),0,0,170,6320000,13231935,5.2
23/11/2016,0,0,39.5(0.00 %),0,0,0,0,13231935,5.2
24/11/2016,0,0,39.5(0.00 %),0,0,0,0,13231935,5.2
25/11/2016,0,0,39.8(0.76 %),0,0,0,0,13232105,5.19
28/11/2016,0,0,38.5(-3.27 %),0,0,0,0,13232105,5.19
29/11/2016,-300,-10800000,36(-6.49 %),0,0,300,10800000,13232105,5.19
30/11/2016,-350,-13230000,37.8(5.00 %),0,0,350,13230000,13232105,5.19
01/12/2016,0,0,38.7(2.38 %),0,0,0,0,13232105,5.19
02/12/2016,0,0,38.7(0.00 %),0,0,0,0,13232405,5.19
05/12/2016,0,0,38.3(-1.03 %),0,0,0,0,13232755,5.19
06/12/2016,0,0,38.7(1.04 %),0,0,0,0,13232755,5.19
07/12/2016,0,0,38.7(0.00 %),0,0,0,0,13232755,5.19
08/12/2016,0,0,38.55(-0.39 %),0,0,0,0,13232755,5.19
09/12/2016,-170,-6100000,38.45(-0.26 %),0,0,170,6100000,13232755,5.19
12/12/2016,0,0,38.45(0.00 %),0,0,0,0,13232755,5.19
13/12/2016,0,0,38.45(0.00 %),0,0,0,0,13232755,5.19
14/12/2016,0,0,38.45(0.00 %),0,0,0,0,13232925,5.19
15/12/2016,0,0,38.45(0.00 %),0,0,0,0,13232925,5.19
16/12/2016,0,0,39.5(2.73 %),0,0,0,0,13232925,5.19
19/12/2016,0,0,39.5(0.00 %),0,0,0,0,13232925,5.19
20/12/2016,-50,-1980000,39.5(0.00 %),0,0,50,1980000,13232925,5.19
21/12/2016,0,0,39.5(0.00 %),0,0,0,0,13232925,5.19
22/12/2016,-2190,-83220000,39.4(-0.25 %),0,0,2190,83220000,13232925,5.19
23/12/2016,0,0,39.4(0.00 %),0,0,0,0,13232975,5.19
26/12/2016,0,0,39.4(0.00 %),0,0,0,0,13235165,5.18
27/12/2016,0,0,38.3(-2.79 %),0,0,0,0,13235165,5.18
28/12/2016,0,0,38.7(1.04 %),0,0,0,0,13235165,5.18
29/12/2016,0,0,38.7(0.00 %),0,0,0,0,13235165,5.18
30/12/2016,0,0,38.7(0.00 %),0,0,0,0,13235165,5.18
03/01/2017,0,0,38.9(0.52 %),0,0,0,0,13235165,5.18
04/01/2017,0,0,38.9(0.00 %),0,0,0,0,13235165,5.18
05/01/2017,0,0,38.8(-0.26 %),0,0,0,0,13235165,5.18
06/01/2017,0,0,38.8(0.00 %),0,0,0,0,13235165,5.18
09/01/2017,0,0,38.7(-0.26 %),0,0,0,0,13235165,5.18
10/01/2017,0,0,38.7(0.00 %),0,0,0,0,13235165,5.18
11/01/2017,0,0,39.4(1.81 %),0,0,0,0,13235165,5.18
12/01/2017,0,0,39.4(0.00 %),0,0,0,0,13235165,5.18
13/01/2017,0,0,39.4(0.00 %),0,0,0,0,13235165,5.18
16/01/2017,0,0,39.3(-0.25 %),0,0,0,0,13235165,5.18
17/01/2017,0,0,39.4(0.25 %),0,0,0,0,13235165,5.18
18/01/2017,-1470,-54580000,38(-3.55 %),0,0,1470,54580000,13235165,5.18
19/01/2017,-550,-19550000,36(-5.26 %),0,0,550,19550000,13235165,5.18
20/01/2017,-1540,-51670000,38.5(6.94 %),0,0,1540,51670000,13235165,5.18
23/01/2017,0,0,37.95(-1.43 %),0,0,0,0,13236635,5.18
24/01/2017,-110,-3880000,35.5(-6.46 %),0,0,110,3880000,13237185,5.18
25/01/2017,-1560,-51580000,35(-1.41 %),0,0,1560,51580000,13238725,5.17
02/02/2017,-50,-1710000,34.5(-1.43 %),0,0,50,1710000,13238725,5.17
03/02/2017,-3040,-108980000,36.5(5.80 %),0,0,3040,108980000,13238835,5.17
06/02/2017,0,0,36.2(-0.82 %),0,0,0,0,13240395,5.17
07/02/2017,0,0,35.8(-1.10 %),0,0,0,0,13240445,5.17
08/02/2017,0,0,33.3(-6.98 %),0,0,0,0,13243485,5.16
09/02/2017,0,0,35(5.11 %),0,0,0,0,13243488,5.16
10/02/2017,0,0,35.9(2.57 %),0,0,0,0,13243488,5.16
13/02/2017,0,0,35.9(0.00 %),0,0,0,0,13243488,5.16
14/02/2017,0,0,35.9(0.00 %),0,0,0,0,13243488,5.16
15/02/2017,0,0,35.9(0.00 %),0,0,0,0,13243488,5.16
16/02/2017,50,1790000,35.9(0.00 %),500,17950000,450,16160000,13242988,5.16
17/02/2017,0,0,35.9(0.00 %),0,0,0,0,13242988,5.16
20/02/2017,0,0,35.9(0.00 %),0,0,0,0,13242988,5.16
21/02/2017,0,0,35.9(0.00 %),0,0,0,0,13243438,5.16
22/02/2017,0,0,35.9(0.00 %),0,0,0,0,13243438,5.16
23/02/2017,-1050,-37700000,35.9(0.00 %),0,0,1050,37700000,13243438,5.16
24/02/2017,0,0,35.9(0.00 %),0,0,0,0,13243438,5.16
27/02/2017,0,0,35.9(0.00 %),0,0,0,0,13244488,5.15
28/02/2017,0,0,35.9(0.00 %),0,0,0,0,13244488,5.15
01/03/2017,0,0,37.5(4.46 %),0,0,0,0,13244488,5.15
02/03/2017,-1860,-69180000,37.5(0.00 %),0,0,1860,69180000,13244488,5.15
03/03/2017,0,0,37.5(0.00 %),0,0,0,0,13244488,5.15
06/03/2017,0,0,37.4(-0.27 %),0,0,0,0,13244488,5.15
07/03/2017,-870,-30290000,37.4(0.00 %),0,0,870,30290000,13246348,5.15
08/03/2017,0,0,37.4(0.00 %),0,0,0,0,13246348,5.15
09/03/2017,-430,-16080000,37.4(0.00 %),0,0,430,16080000,13246348,5.15
10/03/2017,0,0,37.4(0.00 %),0,0,0,0,13247218,5.14
13/03/2017,0,0,37.4(0.00 %),0,0,0,0,13247218,5.14
14/03/2017,0,0,37(-1.07 %),0,0,0,0,13247648,5.14
15/03/2017,0,0,37(0.00 %),0,0,0,0,13247648,5.14
16/03/2017,0,0,37(0.00 %),0,0,0,0,13247648,5.14
17/03/2017,0,0,36.95(-0.14 %),0,0,0,0,13247648,5.14
20/03/2017,0,0,36.95(0.00 %),0,0,0,0,13247648,5.14
21/03/2017,0,0,37(0.14 %),0,0,0,0,13247648,5.14
22/03/2017,0,0,37(0.00 %),0,0,0,0,13247648,5.14
23/03/2017,0,0,37(0.00 %),0,0,0,0,13247648,5.14
24/03/2017,0,0,37(0.00 %),0,0,0,0,13247648,5.14
27/03/2017,0,0,37.5(1.35 %),0,0,0,0,13247648,5.14
28/03/2017,0,0,37.5(0.00 %),0,0,0,0,13247648,5.14
29/03/2017,0,0,37.5(0.00 %),0,0,0,0,13247648,5.14
30/03/2017,0,0,37.5(0.00 %),0,0,0,0,13247648,5.14
31/03/2017,30,1130000,37.5(0.00 %),30,1130000,0,0,13247648,5.14
03/04/2017,0,0,37.5(0.00 %),0,0,0,0,13247618,5.14
04/04/2017,0,0,37.5(0.00 %),0,0,0,0,13247618,5.14
05/04/2017,0,0,37.5(0.00 %),0,0,0,0,13247618,5.14
07/04/2017,0,0,37.5(0.00 %),0,0,0,0,13247618,5.14
10/04/2017,0,0,37.5(0.00 %),0,0,0,0,13247618,5.14
11/04/2017,0,0,37.5(0.00 %),0,0,0,0,13247618,5.14
12/04/2017,0,0,37.5(0.00 %),0,0,0,0,13247618,5.14
13/04/2017,0,0,37.5(0.00 %),0,0,0,0,13247618,5.14
14/04/2017,0,0,37(-1.33 %),0,0,0,0,13247618,5.14
17/04/2017,0,0,36.9(-0.27 %),0,0,0,0,13247618,5.14
18/04/2017,-750,-26250000,36.9(0.00 %),1000,35000000,1750,61250000,13246618,5.15
19/04/2017,0,0,36.8(-0.27 %),0,0,0,0,13246618,5.15
20/04/2017,0,0,36.9(0.27 %),0,0,0,0,13246618,5.15
21/04/2017,0,0,36.85(-0.14 %),0,0,0,0,13248368,5.14
24/04/2017,0,0,36.85(0.00 %),0,0,0,0,13248368,5.14
25/04/2017,0,0,36.85(0.00 %),0,0,0,0,13248368,5.14
26/04/2017,0,0,37.45(1.63 %),0,0,0,0,13248368,5.14
27/04/2017,0,0,37.45(0.00 %),0,0,0,0,13248368,5.14
28/04/2017,0,0,37.45(0.00 %),0,0,0,0,13248368,5.14
03/05/2017,0,0,37.45(0.00 %),0,0,0,0,13248368,5.14
04/05/2017,0,0,37.95(1.34 %),0,0,0,0,13248368,5.14
05/05/2017,0,0,38(0.13 %),0,0,0,0,13248368,5.14
08/05/2017,0,0,39(2.63 %),0,0,0,0,13248368,5.14
09/05/2017,0,0,39(0.00 %),0,0,0,0,13248368,5.14
10/05/2017,0,0,38.15(-2.18 %),0,0,0,0,13248368,5.14
11/05/2017,0,0,37.9(-0.66 %),0,0,0,0,13248368,5.14
12/05/2017,0,0,37.9(0.00 %),0,0,0,0,13248368,5.14
15/05/2017,0,0,37.9(0.00 %),0,0,0,0,13248368,5.14
16/05/2017,0,0,37.9(0.00 %),0,0,0,0,13248368,5.14
17/05/2017,0,0,37.9(0.00 %),0,0,0,0,13248368,5.14
18/05/2017,0,0,37.8(-0.26 %),0,0,0,0,13248368,5.14
19/05/2017,-260,-9740000,37.5(-0.79 %),0,0,260,9740000,13248368,5.14
22/05/2017,0,0,37.5(0.00 %),0,0,0,0,13248368,5.14
23/05/2017,0,0,37.4(-0.27 %),0,0,0,0,13248368,5.14
24/05/2017,0,0,37.4(0.00 %),0,0,0,0,13248628,5.14
25/05/2017,0,0,37.5(0.27 %),0,0,0,0,13248628,5.14
26/05/2017,0,0,37.2(-0.80 %),0,0,0,0,13248628,5.14
29/05/2017,0,0,37.2(0.00 %),0,0,0,0,13248628,5.14
30/05/2017,0,0,37.2(0.00 %),0,0,0,0,13248628,5.14
31/05/2017,0,0,37.2(0.00 %),0,0,0,0,13248628,5.14
01/06/2017,0,0,37.2(0.00 %),0,0,0,0,13248628,5.14
02/06/2017,0,0,37.2(0.00 %),0,0,0,0,13248628,5.14
05/06/2017,0,0,37.2(0.00 %),0,0,0,0,13248628,5.14
06/06/2017,0,0,37(-0.54 %),0,0,0,0,13248628,5.14
07/06/2017,0,0,37(0.00 %),0,0,0,0,13248628,5.14
08/06/2017,0,0,37(0.00 %),0,0,0,0,13248628,5.14
09/06/2017,0,0,37(0.00 %),0,0,0,0,13248628,5.14
12/06/2017,0,0,37(0.00 %),0,0,0,0,13248628,5.14
13/06/2017,0,0,37(0.00 %),0,0,0,0,13248628,5.14
14/06/2017,-2880,-99790000,37.1(0.27 %),0,0,2880,99790000,13248628,5.14
15/06/2017,-1270,-46360000,37.75(1.75 %),0,0,1270,46360000,13248628,5.14
16/06/2017,0,0,37.75(0.00 %),0,0,0,0,13248628,5.14
19/06/2017,0,0,37.5(-0.66 %),0,0,0,0,13251508,5.13
20/06/2017,0,0,37.5(0.00 %),0,0,0,0,13252778,5.13
21/06/2017,0,0,37.3(-0.53 %),0,0,0,0,13252778,5.13
22/06/2017,0,0,37.3(0.00 %),0,0,0,0,13252778,5.13
23/06/2017,-4010,-141670000,36.5(-2.14 %),0,0,4010,141670000,13252778,5.13
26/06/2017,0,0,36.9(1.10 %),0,0,0,0,13252778,5.13
27/06/2017,-500,-18400000,36.8(-0.27 %),0,0,500,18400000,13256788,5.11
28/06/2017,0,0,34.25(-6.93 %),0,0,0,0,13256788,5.11
29/06/2017,-1830,-59600000,32.5(-5.11 %),0,0,1830,59600000,13256788,5.11
30/06/2017,-810,-27890000,34.5(6.15 %),0,0,810,27890000,13257288,5.11
03/07/2017,0,0,35.65(3.33 %),0,0,0,0,13257288,5.11
04/07/2017,0,0,35.4(-0.70 %),0,0,0,0,13259118,5.11
05/07/2017,0,0,35.35(-0.14 %),0,0,0,0,13259928,5.1
06/07/2017,0,0,35.35(0.00 %),0,0,0,0,13259928,5.1
07/07/2017,-390,-13460000,35.35(0.00 %),0,0,390,13460000,13259928,5.1
10/07/2017,0,0,35.35(0.00 %),0,0,0,0,13260318,5.1
11/07/2017,0,0,35.35(0.00 %),0,0,0,0,13259928,5.1
12/07/2017,-1000,-35350000,35.35(0.00 %),0,0,1000,35350000,13260318,5.1
13/07/2017,-2110,-73080000,34.7(-1.84 %),0,0,2110,73080000,13260318,5.1
14/07/2017,0,0,32.3(-6.92 %),0,0,0,0,13260318,5.1
17/07/2017,0,0,34.5(6.81 %),0,0,0,0,13261318,5.1
18/07/2017,-2000,-66060000,34.85(1.01 %),0,0,2000,66060000,13263428,5.09
19/07/2017,-2000,-69500000,34.75(-0.29 %),0,0,2000,69500000,13263428,5.09
20/07/2017,0,0,36.6(5.32 %),0,0,0,0,13263428,5.09
21/07/2017,0,0,34.05(-6.97 %),0,0,0,0,13265428,5.08
24/07/2017,-1660,-52620000,31.7(-6.90 %),0,0,1660,52620000,13267428,5.08
25/07/2017,0,0,33.25(4.89 %),0,0,0,0,13267428,5.08
26/07/2017,0,0,33.25(0.00 %),0,0,0,0,13269088,5.07
27/07/2017,-140,-4550000,32(-3.76 %),0,0,140,4550000,13269088,5.07
28/07/2017,-200,-6400000,32.9(2.81 %),0,0,200,6400000,13269088,5.07
31/07/2017,0,0,33.6(2.13 %),0,0,0,0,13269088,5.07
01/08/2017,0,0,34.35(2.23 %),0,0,0,0,13269228,5.07
02/08/2017,0,0,34.3(-0.15 %),0,0,0,0,13269428,5.07
03/08/2017,0,0,34.25(-0.15 %),0,0,0,0,13269428,5.07
04/08/2017,0,0,34.3(0.15 %),0,0,0,0,13269428,5.07
07/08/2017,500,16750000,33.5(-2.33 %),500,16750000,0,0,13268928,5.07
08/08/2017,0,0,33.6(0.30 %),0,0,0,0,13268928,5.07
09/08/2017,-2700,-90720000,34.45(2.53 %),0,0,2700,90720000,13268928,5.07
10/08/2017,0,0,35(1.60 %),0,0,0,0,13268928,5.07
11/08/2017,0,0,36.3(3.71 %),0,0,0,0,13268928,5.07
14/08/2017,0,0,36(-0.83 %),0,0,0,0,13271628,5.06
15/08/2017,0,0,35(-2.78 %),0,0,0,0,13271628,5.06
16/08/2017,0,0,36(2.86 %),0,0,0,0,13271628,5.06
17/08/2017,0,0,35.5(-1.39 %),0,0,0,0,13271628,5.06
18/08/2017,0,0,36(1.41 %),0,0,0,0,13271628,5.06
21/08/2017,0,0,37.6(4.44 %),0,0,0,0,13271628,5.06
22/08/2017,0,0,35.5(-5.59 %),0,0,0,0,13271628,5.06
23/08/2017,0,0,35.45(-0.14 %),0,0,0,0,13271628,5.06
24/08/2017,0,0,35.7(0.71 %),0,0,0,0,13271628,5.06
25/08/2017,0,0,35.1(-1.68 %),0,0,0,0,13271628,5.06
28/08/2017,0,0,36.5(3.99 %),0,0,0,0,13271628,5.06
29/08/2017,0,0,36.8(0.82 %),0,0,0,0,13271628,5.06
30/08/2017,0,0,36.8(0.00 %),0,0,0,0,13271628,5.06
31/08/2017,0,0,36.9(0.27 %),0,0,0,0,13271628,5.06
01/09/2017,0,0,37.4(1.36 %),0,0,0,0,13271628,5.06
05/09/2017,0,0,37.4(0.00 %),0,0,0,0,13271628,5.06
06/09/2017,0,0,36.5(-2.41 %),0,0,0,0,13271628,5.06
07/09/2017,0,0,36(-1.37 %),0,0,0,0,13271628,5.06
08/09/2017,0,0,37.4(3.89 %),0,0,0,0,13271628,5.06
11/09/2017,0,0,37(-1.07 %),0,0,0,0,13271628,5.06
12/09/2017,0,0,36.5(-1.35 %),0,0,0,0,13271628,5.06
13/09/2017,0,0,36.1(-1.10 %),0,0,0,0,13271628,5.06
14/09/2017,0,0,36(-0.28 %),0,0,0,0,13271628,5.06
15/09/2017,0,0,37.5(4.17 %),0,0,0,0,13271628,5.06
18/09/2017,0,0,37.5(0.00 %),0,0,0,0,13271628,5.06
19/09/2017,0,0,37.5(0.00 %),0,0,0,0,13271628,5.06
20/09/2017,-970,-36330000,37(-1.33 %),0,0,970,36330000,13271628,5.06
21/09/2017,0,0,38.5(4.05 %),0,0,0,0,13271628,5.06
22/09/2017,0,0,38.5(0.00 %),0,0,0,0,13271628,5.06
25/09/2017,0,0,36.1(-6.23 %),0,0,0,0,13272598,5.06
26/09/2017,0,0,37.5(3.88 %),0,0,0,0,13272598,5.06
27/09/2017,0,0,37.5(0.00 %),0,0,0,0,13272598,5.06
28/09/2017,-1750,-63880000,36.5(-2.67 %),0,0,1750,63880000,13272598,5.06
29/09/2017,0,0,38.5(5.48 %),0,0,0,0,13272598,5.06
02/10/2017,0,0,36.5(-5.19 %),0,0,0,0,13272598,5.06
03/10/2017,0,0,37.5(2.74 %),0,0,0,0,13274348,5.05
04/10/2017,0,0,37.5(0.00 %),0,0,0,0,13274348,5.05
05/10/2017,0,0,37.5(0.00 %),0,0,0,0,13274348,5.05
06/10/2017,0,0,38.7(3.20 %),0,0,0,0,13274348,5.05
09/10/2017,0,0,36.5(-5.68 %),0,0,0,0,13274348,5.05
10/10/2017,0,0,38.5(5.48 %),0,0,0,0,13274348,5.05
11/10/2017,0,0,38.5(0.00 %),0,0,0,0,13274348,5.05
12/10/2017,0,0,38.5(0.00 %),0,0,0,0,13274348,5.05
13/10/2017,0,0,38.4(-0.26 %),0,0,0,0,13274348,5.05
16/10/2017,0,0,38.4(0.00 %),0,0,0,0,13274348,5.05
17/10/2017,0,0,38.4(0.00 %),0,0,0,0,13274348,5.05
18/10/2017,0,0,38.4(0.00 %),0,0,0,0,13274348,5.05
19/10/2017,0,0,37.45(-2.47 %),0,0,0,0,13274348,5.05
20/10/2017,0,0,37(-1.20 %),0,0,0,0,13274348,5.05
23/10/2017,0,0,37(0.00 %),0,0,0,0,13274348,5.05
24/10/2017,-5250,-186640000,36.5(-1.35 %),0,0,5250,186640000,13274348,5.05
25/10/2017,0,0,38(4.11 %),0,0,0,0,13274348,5.05
26/10/2017,0,0,35.5(-6.58 %),0,0,0,0,13274348,5.05
27/10/2017,0,0,35.5(0.00 %),0,0,0,0,13279598,5.04
30/10/2017,0,0,35.5(0.00 %),0,0,0,0,13279598,5.04
31/10/2017,0,0,36(1.41 %),0,0,0,0,13279598,5.04
01/11/2017,0,0,36(0.00 %),0,0,0,0,13279598,5.04
02/11/2017,0,0,36(0.00 %),0,0,0,0,13279598,5.04
03/11/2017,0,0,36.6(1.67 %),0,0,0,0,13279598,5.04
06/11/2017,0,0,36.9(0.82 %),0,0,0,0,13279598,5.04
07/11/2017,0,0,35.6(-3.52 %),0,0,0,0,13279598,5.04
08/11/2017,0,0,35.5(-0.28 %),0,0,0,0,13279598,5.04
09/11/2017,0,0,34(-4.23 %),0,0,0,0,13279598,5.04
10/11/2017,0,0,35.5(4.41 %),0,0,0,0,13279598,5.04
13/11/2017,0,0,35.5(0.00 %),0,0,0,0,13279598,5.04
14/11/2017,0,0,35(-1.41 %),0,0,0,0,13279598,5.04
15/11/2017,0,0,35(0.00 %),0,0,0,0,13279598,5.04
16/11/2017,0,0,35.5(1.43 %),0,0,0,0,13279598,5.04
17/11/2017,0,0,35(-1.41 %),0,0,0,0,13279598,5.04
20/11/2017,0,0,35(0.00 %),0,0,0,0,13279598,5.04
21/11/2017,0,0,35.5(1.43 %),0,0,0,0,13279598,5.04
22/11/2017,0,0,35(-1.41 %),0,0,0,0,13279598,5.04
23/11/2017,0,0,35(0.00 %),0,0,0,0,13279598,5.04
24/11/2017,0,0,35(0.00 %),0,0,0,0,13279598,5.04
27/11/2017,0,0,35.5(1.43 %),0,0,0,0,13279598,5.04
28/11/2017,0,0,35.5(0.00 %),0,0,0,0,13279598,5.04
29/11/2017,0,0,35.5(0.00 %),0,0,0,0,13279598,5.04
30/11/2017,0,0,35.5(0.00 %),0,0,0,0,13279598,5.04
01/12/2017,0,0,35.5(0.00 %),0,0,0,0,13279598,5.04
04/12/2017,0,0,35.5(0.00 %),0,0,0,0,13279598,5.04
05/12/2017,0,0,34(-4.23 %),0,0,0,0,13279598,5.04
06/12/2017,0,0,34(0.00 %),0,0,0,0,13279598,5.04
07/12/2017,-15840,-538560000,34(0.00 %),0,0,15840,538560000,13279598,5.04
08/12/2017,-36660,-1245610000,33.5(-1.47 %),0,0,36660,1245610000,13279598,5.04
11/12/2017,0,0,33(-1.49 %),0,0,0,0,13279598,5.04
12/12/2017,-50000,-1650000000,33(0.00 %),0,0,50000,1650000000,13295438,4.99
13/12/2017,0,0,32.5(-1.52 %),0,0,0,0,13332098,4.86
14/12/2017,0,0,34(4.62 %),0,0,0,0,13332098,4.86
15/12/2017,0,0,31.65(-6.91 %),0,0,0,0,13382098,4.7
18/12/2017,0,0,33.85(6.95 %),0,0,0,0,13382098,4.7
19/12/2017,0,0,31.5(-6.94 %),0,0,0,0,13382098,4.7
20/12/2017,0,0,29.4(-6.67 %),0,0,0,0,13382098,4.7
21/12/2017,0,0,30.5(3.74 %),0,0,0,0,13382098,4.7
22/12/2017,0,0,30.5(0.00 %),0,0,0,0,13382098,4.7
25/12/2017,0,0,32.6(6.89 %),0,0,0,0,13382098,4.7
26/12/2017,0,0,34.85(6.90 %),0,0,0,0,13382098,4.7
27/12/2017,-5730,-211120000,37.2(6.74 %),0,0,5730,211120000,13382098,4.7
28/12/2017,0,0,35.5(-4.57 %),0,0,0,0,13382098,4.7
29/12/2017,0,0,34(-4.23 %),0,0,0,0,13382098,4.7
02/01/2018,-170,-5780000,34(0.00 %),0,0,170,5780000,13387828,4.68
03/01/2018,0,0,34(0.00 %),0,0,0,0,13387828,4.68
04/01/2018,0,0,34(0.00 %),0,0,0,0,13387828,4.68
05/01/2018,0,0,34(0.00 %),0,0,0,0,13387998,4.68
08/01/2018,0,0,34(0.00 %),0,0,0,0,13387998,4.68
09/01/2018,0,0,31.7(-6.76 %),0,0,0,0,13387998,4.68
10/01/2018,0,0,33.9(6.94 %),0,0,0,0,13387998,4.68
11/01/2018,0,0,31.65(-6.64 %),0,0,0,0,13387998,4.68
12/01/2018,0,0,33(4.27 %),0,0,0,0,13387998,4.68
15/01/2018,0,0,33(0.00 %),0,0,0,0,13387998,4.68
16/01/2018,0,0,33(0.00 %),0,0,0,0,13387998,4.68
17/01/2018,0,0,30.8(-6.67 %),0,0,0,0,13387998,4.68
18/01/2018,0,0,31.5(2.27 %),0,0,0,0,13387998,4.68
19/01/2018,0,0,31(-1.59 %),0,0,0,0,13387998,4.68
22/01/2018,0,0,31(0.00 %),0,0,0,0,13387998,4.68
25/01/2018,400,12400000,29.05(-6.29 %),400,12400000,0,0,13387598,4.68
26/01/2018,0,0,31(6.71 %),0,0,0,0,13387598,4.68
29/01/2018,-100,-2890000,29.95(-3.39 %),0,0,100,2890000,13387598,4.68
30/01/2018,100,3140000,31.4(4.84 %),100,3140000,0,0,13387498,4.68
31/01/2018,0,0,32(1.91 %),0,0,0,0,13387498,4.68
01/02/2018,0,0,31.4(-1.88 %),0,0,0,0,13387598,4.68
02/02/2018,0,0,31.4(0.00 %),0,0,0,0,13387598,4.68
05/02/2018,0,0,30(-4.46 %),0,0,0,0,13387598,4.68
06/02/2018,0,0,30(0.00 %),0,0,0,0,13387598,4.68
07/02/2018,0,0,29(-3.33 %),0,0,0,0,13387598,4.68
08/02/2018,0,0,30.8(6.21 %),0,0,0,0,13387598,4.68
09/02/2018,0,0,28.65(-6.98 %),0,0,0,0,13387598,4.68
12/02/2018,0,0,30(4.71 %),0,0,0,0,13387598,4.68
13/02/2018,0,0,30(0.00 %),0,0,0,0,13387598,4.68
21/02/2018,0,0,31(3.33 %),0,0,0,0,13387598,4.68
22/02/2018,0,0,32(3.23 %),0,0,0,0,13387598,4.68
23/02/2018,-120,-3580000,30(-6.25 %),0,0,120,3580000,13387598,4.68
26/02/2018,-14000,-396450000,28.2(-6.00 %),0,0,14000,396450000,13387598,4.68
27/02/2018,-27710,-741770000,29(2.84 %),0,0,27710,741770000,13387598,4.68
28/02/2018,0,0,29.8(2.76 %),0,0,0,0,13387718,4.68
01/03/2018,0,0,29(-2.68 %),0,0,0,0,13401718,4.63
02/03/2018,0,0,28.9(-0.34 %),0,0,0,0,13429428,4.54
05/03/2018,-9840,-280480000,27(-6.57 %),0,0,9840,280480000,13429428,4.54
06/03/2018,-30,-810000,28(3.70 %),0,0,30,810000,13429428,4.54
07/03/2018,0,0,28(0.00 %),0,0,0,0,13429428,4.54
08/03/2018,0,0,28.3(1.07 %),0,0,0,0,13439268,4.51
09/03/2018,0,0,28.3(0.00 %),0,0,0,0,13439298,4.51
12/03/2018,0,0,27.9(-1.41 %),0,0,0,0,13439298,4.51
13/03/2018,0,0,27.1(-2.87 %),0,0,0,0,13439298,4.51
14/03/2018,0,0,27.8(2.58 %),0,0,0,0,13439298,4.51
15/03/2018,0,0,27.5(-1.08 %),0,0,0,0,13439298,4.51
16/03/2018,0,0,26.1(-5.09 %),0,0,0,0,13439298,4.51
19/03/2018,0,0,26.2(0.38 %),0,0,0,0,13439298,4.51
20/03/2018,0,0,24.7(-5.73 %),0,0,0,0,13439298,4.51
21/03/2018,-1400,-35000000,23.5(-4.86 %),0,0,1400,35000000,13439298,4.51
22/03/2018,10,240000,25.1(6.81 %),10,240000,0,0,13439288,4.51
23/03/2018,0,0,25(-0.40 %),0,0,0,0,13439288,4.51
26/03/2018,0,0,23.25(-7.00 %),0,0,0,0,13440688,4.5
27/03/2018,0,0,24.3(4.52 %),0,0,0,0,13440688,4.5
28/03/2018,0,0,24(-1.23 %),0,0,0,0,13440688,4.5
29/03/2018,-1400,-33600000,24.4(1.67 %),0,0,1400,33600000,13440688,4.5
30/03/2018,0,0,22.85(-6.35 %),0,0,0,0,13440688,4.5
02/04/2018,0,0,24.25(6.13 %),0,0,0,0,13440688,4.5
03/04/2018,0,0,24.7(1.86 %),0,0,0,0,13442088,4.5
04/04/2018,0,0,24.7(0.00 %),0,0,0,0,13442088,4.5
05/04/2018,0,0,24.7(0.00 %),0,0,0,0,13442088,4.5
06/04/2018,0,0,26.4(6.88 %),0,0,0,0,13442088,4.5
09/04/2018,0,0,24.7(-6.44 %),0,0,0,0,13442088,4.5
10/04/2018,0,0,24.3(-1.62 %),0,0,0,0,13442088,4.5
11/04/2018,0,0,24.9(2.47 %),0,0,0,0,13442088,4.5
12/04/2018,0,0,25.45(2.21 %),0,0,0,0,13442088,4.5
13/04/2018,0,0,23.7(-6.88 %),0,0,0,0,13442088,4.5
16/04/2018,-700,-17150000,25.35(6.96 %),0,0,700,17150000,13442088,4.5
17/04/2018,400,10400000,27(6.51 %),400,10400000,0,0,13441688,4.5
18/04/2018,0,0,28(3.70 %),0,0,0,0,13441688,4.5
19/04/2018,0,0,29.95(6.96 %),0,0,0,0,13442388,4.5
20/04/2018,0,0,32(6.84 %),0,0,0,0,13442388,4.5
23/04/2018,0,0,29.8(-6.88 %),0,0,0,0,13442388,4.5
24/04/2018,0,0,31.85(6.88 %),0,0,0,0,13442388,4.5
26/04/2018,0,0,30(-5.81 %),0,0,0,0,13442388,4.5
27/04/2018,0,0,31.9(6.33 %),0,0,0,0,13442388,4.5
02/05/2018,0,0,32.45(1.72 %),0,0,0,0,13442388,4.5
03/05/2018,0,0,32.6(0.46 %),0,0,0,0,13442388,4.5
04/05/2018,0,0,32.5(-0.31 %),0,0,0,0,13442393,4.5
07/05/2018,0,0,34(4.62 %),0,0,0,0,13442393,4.5
08/05/2018,0,0,33.5(-1.47 %),0,0,0,0,13442393,4.5
09/05/2018,0,0,33.5(0.00 %),0,0,0,0,13442393,4.5
10/05/2018,0,0,33.5(0.00 %),0,0,0,0,13442393,4.5
11/05/2018,0,0,32(-4.48 %),0,0,0,0,13442393,4.5
14/05/2018,-3000,-102000000,34(6.25 %),0,0,3000,102000000,13442393,4.5
15/05/2018,-27120,-922080000,32.25(-5.15 %),0,0,27120,922080000,13442393,4.5
16/05/2018,0,0,32.25(0.00 %),0,0,0,0,13442393,4.5
17/05/2018,0,0,34(5.43 %),0,0,0,0,13445393,4.49
18/05/2018,0,0,33.5(-1.47 %),0,0,0,0,13472513,4.4
21/05/2018,0,0,33.5(0.00 %),0,0,0,0,13472513,4.4
22/05/2018,0,0,33.45(-0.15 %),0,0,0,0,13472513,4.4
23/05/2018,0,0,33.45(0.00 %),0,0,0,0,13472513,4.4
24/05/2018,0,0,34(1.64 %),0,0,0,0,13472513,4.4
25/05/2018,0,0,34(0.00 %),0,0,0,0,13472513,4.4
28/05/2018,0,0,34(0.00 %),0,0,0,0,13472513,4.4
29/05/2018,0,0,34(0.00 %),0,0,0,0,13472513,4.4
30/05/2018,0,0,31.65(-6.91 %),0,0,0,0,13472513,4.4
31/05/2018,0,0,33.85(6.95 %),0,0,0,0,13472513,4.4
01/06/2018,0,0,34.9(3.10 %),0,0,0,0,13472513,4.4
04/06/2018,0,0,32.5(-6.88 %),0,0,0,0,13472513,4.4
05/06/2018,0,0,34(4.62 %),0,0,0,0,13472513,4.4
06/06/2018,-320,-10180000,34(0.00 %),0,0,320,10180000,13472513,4.4
07/06/2018,0,0,34(0.00 %),0,0,0,0,13472513,4.4
08/06/2018,-150,-4800000,34(0.00 %),0,0,150,4800000,13472513,4.4
11/06/2018,0,0,34(0.00 %),0,0,0,0,13472833,4.4
12/06/2018,0,0,34(0.00 %),0,0,0,0,13472833,4.4
13/06/2018,0,0,36(5.88 %),0,0,0,0,13472983,4.4
14/06/2018,0,0,36(0.00 %),0,0,0,0,13472983,4.4
15/06/2018,0,0,36(0.00 %),0,0,0,0,13472983,4.4
18/06/2018,-780,-26130000,36(0.00 %),0,0,780,26130000,13472983,4.4
19/06/2018,0,0,36(0.00 %),0,0,0,0,13472988,4.4
20/06/2018,0,0,36(0.00 %),0,0,0,0,13472988,4.4
21/06/2018,0,0,36(0.00 %),0,0,0,0,13473768,4.39
22/06/2018,0,0,36(0.00 %),0,0,0,0,13473768,4.39
25/06/2018,0,0,35(-2.78 %),0,0,0,0,13473768,4.39
26/06/2018,0,0,32.55(-7.00 %),0,0,0,0,13473768,4.39
27/06/2018,0,0,34.8(6.91 %),0,0,0,0,13473768,4.39
28/06/2018,0,0,35.95(3.30 %),0,0,0,0,13473768,4.39
29/06/2018,0,0,35.95(0.00 %),0,0,0,0,13473768,4.39
02/07/2018,300,10800000,36(0.14 %),300,10800000,0,0,13473468,4.4
03/07/2018,0,0,36(0.00 %),0,0,0,0,13473468,4.4
04/07/2018,0,0,36(0.00 %),0,0,0,0,13473468,4.4
05/07/2018,0,0,36(0.00 %),0,0,0,0,13473468,4.4
06/07/2018,0,0,36(0.00 %),0,0,0,0,13473468,4.4
09/07/2018,0,0,36(0.00 %),0,0,0,0,13473468,4.4
10/07/2018,-30,-1010000,33.5(-6.94 %),0,0,30,1010000,13473468,4.4
11/07/2018,0,0,31.2(-6.87 %),0,0,0,0,13473468,4.4
12/07/2018,0,0,30(-3.85 %),0,0,0,0,13473468,4.4
13/07/2018,0,0,30(0.00 %),0,0,0,0,13473498,4.4
16/07/2018,0,0,32.1(7.00 %),0,0,0,0,13473505,4.4
17/07/2018,0,0,32.1(0.00 %),0,0,0,0,13473505,4.4
18/07/2018,0,0,32.1(0.00 %),0,0,0,0,13473505,4.4
19/07/2018,0,0,32(-0.31 %),0,0,0,0,13473505,4.4
20/07/2018,0,0,32(0.00 %),0,0,0,0,13473505,4.4
23/07/2018,0,0,32(0.00 %),0,0,0,0,13473505,4.4
24/07/2018,-750,-24000000,32(0.00 %),0,0,750,24000000,13473505,4.4
25/07/2018,0,0,32(0.00 %),0,0,0,0,13473505,4.4
26/07/2018,-190,-6230000,34.2(6.88 %),0,0,190,6230000,13473505,4.4
27/07/2018,0,0,34.2(0.00 %),0,0,0,0,13474255,4.39
30/07/2018,0,0,35(2.34 %),0,0,0,0,13474255,4.39
31/07/2018,0,0,35(0.00 %),0,0,0,0,13474255,4.39
01/08/2018,0,0,34(-2.86 %),0,0,0,0,13247648,5.14
02/08/2018,0,0,34(0.00 %),0,0,0,0,13474445,4.39
03/08/2018,0,0,32(-5.88 %),0,0,0,0,13474445,4.39
06/08/2018,0,0,34.2(6.88 %),0,0,0,0,13474445,4.39
07/08/2018,0,0,34.2(0.00 %),0,0,0,0,13474445,4.39
08/08/2018,0,0,34.2(0.00 %),0,0,0,0,13474445,4.39
09/08/2018,-370,-11780000,34.2(0.00 %),0,0,370,11780000,13474445,4.39
10/08/2018,0,0,34.2(0.00 %),0,0,0,0,13474445,4.39
13/08/2018,0,0,34.2(0.00 %),0,0,0,0,13474445,4.39
14/08/2018,0,0,34.2(0.00 %),0,0,0,0,13474815,4.39
15/08/2018,0,0,36.55(6.87 %),0,0,0,0,13474815,4.39
16/08/2018,0,0,39.1(6.98 %),0,0,0,0,13474815,4.39
17/08/2018,0,0,39.1(0.00 %),0,0,0,0,13474815,4.39
20/08/2018,0,0,38(-2.81 %),0,0,0,0,13474815,4.39
21/08/2018,0,0,35.35(-6.97 %),0,0,0,0,13474815,4.39
22/08/2018,0,0,35.35(0.00 %),0,0,0,0,13474825,4.39
23/08/2018,0,0,35.35(0.00 %),0,0,0,0,13474825,4.39
24/08/2018,0,0,35.35(0.00 %),0,0,0,0,13474825,4.39
27/08/2018,0,0,35.95(1.70 %),0,0,0,0,13474825,4.39
28/08/2018,0,0,33.45(-6.95 %),0,0,0,0,13474825,4.39
29/08/2018,0,0,35.75(6.88 %),0,0,0,0,13474825,4.39
30/08/2018,0,0,35.75(0.00 %),0,0,0,0,13474825,4.39
31/08/2018,0,0,35.75(0.00 %),0,0,0,0,13474825,4.39
04/09/2018,0,0,35.75(0.00 %),0,0,0,0,13247648,5.14
05/09/2018,0,0,36(0.70 %),0,0,0,0,13247648,5.14
06/09/2018,0,0,36(0.00 %),0,0,0,0,13247648,5.14
07/09/2018,0,0,33.5(-6.94 %),0,0,0,0,13247648,5.14
10/09/2018,0,0,31.2(-6.87 %),0,0,0,0,13474825,4.39
11/09/2018,0,0,31.2(0.00 %),0,0,0,0,13474825,4.39
12/09/2018,0,0,33.35(6.89 %),0,0,0,0,13474825,4.39
13/09/2018,0,0,33.35(0.00 %),0,0,0,0,13474825,4.39
14/09/2018,0,0,33.35(0.00 %),0,0,0,0,13474830,4.39
17/09/2018,-20,-700000,35(4.95 %),0,0,20,700000,13474830,4.39
18/09/2018,-20,-700000,35(0.00 %),0,0,20,700000,13474830,4.39
19/09/2018,-60,-2100000,35(0.00 %),0,0,60,2100000,13474830,4.39
20/09/2018,0,0,35(0.00 %),0,0,0,0,13474850,4.39
21/09/2018,-30,-1050000,35(0.00 %),0,0,30,1050000,13474870,4.39
24/09/2018,-20,-700000,35(0.00 %),0,0,20,700000,13474890,4.39
25/09/2018,0,0,35(0.00 %),0,0,0,0,13474890,4.39
26/09/2018,0,0,35(0.00 %),0,0,0,0,13474890,4.39
27/09/2018,-20,-700000,35(0.00 %),0,0,20,700000,13474910,4.39
28/09/2018,-30,-1050000,35(0.00 %),0,0,30,1050000,13474940,4.39
01/10/2018,570,19950000,35(0.00 %),570,19950000,0,0,13476170,4.39
02/10/2018,-20,-700000,35(0.00 %),0,0,20,700000,13476190,4.39
03/10/2018,-20,-700000,35(0.00 %),0,0,20,700000,13476210,4.39
04/10/2018,0,0,35(0.00 %),0,0,0,0,13476210,4.39
05/10/2018,-10,-350000,35(0.00 %),0,0,10,350000,13476220,4.39
08/10/2018,0,0,35(0.00 %),0,0,0,0,13476265,4.39
09/10/2018,0,0,34.4(-1.71 %),0,0,0,0,13476265,4.39
10/10/2018,0,0,34.4(0.00 %),0,0,0,0,13476265,4.39
11/10/2018,0,0,35.9(4.36 %),0,0,0,0,13476265,4.39
12/10/2018,0,0,35(-2.51 %),0,0,0,0,13476265,4.39
15/10/2018,0,0,35(0.00 %),0,0,0,0,13476275,4.39
16/10/2018,0,0,34.4(-1.71 %),0,0,0,0,13476275,4.39
17/10/2018,0,0,34.3(-0.29 %),0,0,0,0,13476275,4.39
18/10/2018,0,0,34.3(0.00 %),0,0,0,0,13476275,4.39
19/10/2018,0,0,34.3(0.00 %),0,0,0,0,13476275,4.39
22/10/2018,-170,-5450000,31.9(-7.00 %),0,0,170,5450000,13476275,4.39
23/10/2018,0,0,33(3.45 %),0,0,0,0,13476275,4.39
24/10/2018,-1030,-33990000,33(0.00 %),0,0,1030,33990000,13477305,4.38
25/10/2018,-540,-17843000,33(0.00 %),0,0,540,17843000,13477845,4.38
26/10/2018,-300,-9900000,33(0.00 %),0,0,300,9900000,13476445,4.39
29/10/2018,0,0,33(0.00 %),0,0,0,0,13477475,4.38
30/10/2018,0,0,34.5(4.55 %),0,0,0,0,13477475,4.38
31/10/2018,0,0,34.5(0.00 %),0,0,0,0,13477475,4.38
01/11/2018,0,0,34.5(0.00 %),0,0,0,0,13478315,4.38
02/11/2018,0,0,33(-4.35 %),0,0,0,0,13478315,4.38
05/11/2018,-10,-310000,35.3(6.97 %),0,0,10,310000,13478315,4.38
06/11/2018,0,0,35.3(0.00 %),0,0,0,0,13478315,4.38
07/11/2018,10,330000,33(-6.52 %),10,330000,0,0,13478305,4.38
08/11/2018,0,0,30.7(-6.97 %),0,0,0,0,13478305,4.38
09/11/2018,-10,-290000,32.6(6.19 %),0,0,10,290000,13478315,4.38
12/11/2018,0,0,32.6(0.00 %),0,0,0,0,13478315,4.38
13/11/2018,0,0,32.6(0.00 %),0,0,0,0,13478315,4.38
14/11/2018,0,0,32.6(0.00 %),0,0,0,0,13478315,4.38
15/11/2018,0,0,32.6(0.00 %),0,0,0,0,13478315,4.38
16/11/2018,0,0,32.6(0.00 %),0,0,0,0,13478315,4.38
19/11/2018,0,0,32(-1.84 %),0,0,0,0,13478325,4.38
20/11/2018,0,0,32.6(1.88 %),0,0,0,0,13478325,4.38
21/11/2018,0,0,32.6(0.00 %),0,0,0,0,13478325,4.38
22/11/2018,0,0,32.6(0.00 %),0,0,0,0,13478325,4.38
23/11/2018,0,0,32.6(0.00 %),0,0,0,0,13478325,4.38
26/11/2018,0,0,32.6(0.00 %),0,0,0,0,13478325,4.38
27/11/2018,0,0,32.6(0.00 %),0,0,0,0,13478325,4.38
28/11/2018,0,0,32.6(0.00 %),0,0,0,0,13478325,4.38
29/11/2018,0,0,32.6(0.00 %),0,0,0,0,13478325,4.38
30/11/2018,0,0,32.6(0.00 %),0,0,0,0,13478325,4.38
03/12/2018,0,0,32.6(0.00 %),0,0,0,0,13478325,4.38
04/12/2018,0,0,32.6(0.00 %),0,0,0,0,13478325,4.38
05/12/2018,0,0,32.6(0.00 %),0,0,0,0,13478325,4.38
06/12/2018,0,0,32.6(0.00 %),0,0,0,0,13478325,4.38
07/12/2018,0,0,32.35(-0.77 %),0,0,0,0,13478325,4.38
10/12/2018,0,0,32.35(0.00 %),0,0,0,0,13478325,4.38
11/12/2018,0,0,32.35(0.00 %),0,0,0,0,13478325,4.38
12/12/2018,0,0,32.35(0.00 %),0,0,0,0,13478325,4.38
13/12/2018,0,0,32.6(0.77 %),0,0,0,0,13478325,4.38
14/12/2018,-200,-6085000,32.4(-0.61 %),0,0,200,6085000,13478525,4.38
17/12/2018,0,0,32.6(0.62 %),0,0,0,0,13478525,4.38
18/12/2018,0,0,32.6(0.00 %),0,0,0,0,13478325,4.38
19/12/2018,0,0,32.6(0.00 %),0,0,0,0,13478325,4.38
20/12/2018,0,0,32.6(0.00 %),0,0,0,0,13478525,4.38
21/12/2018,0,0,32.6(0.00 %),0,0,0,0,13478525,4.38
24/12/2018,0,0,32.6(0.00 %),0,0,0,0,13478525,4.38
25/12/2018,-260,-7890000,32.6(0.00 %),0,0,260,7890000,13478525,4.38
26/12/2018,0,0,32.6(0.00 %),0,0,0,0,13478525,4.38
27/12/2018,50,1520000,32.6(0.00 %),50,1520000,0,0,13478475,4.38
28/12/2018,0,0,30.5(-6.44 %),0,0,0,0,13478735,4.38
02/01/2019,0,0,32(4.92 %),0,0,0,0,13478735,4.38
03/01/2019,0,0,32(0.00 %),0,0,0,0,13478735,4.38
04/01/2019,0,0,32(0.00 %),0,0,0,0,13478735,4.38
07/01/2019,0,0,32(0.00 %),0,0,0,0,13478735,4.38
08/01/2019,0,0,32(0.00 %),0,0,0,0,13478735,4.38
09/01/2019,0,0,32(0.00 %),0,0,0,0,13478735,4.38
10/01/2019,0,0,32(0.00 %),0,0,0,0,13478735,4.38
11/01/2019,0,0,32(0.00 %),0,0,0,0,13478735,4.38
14/01/2019,0,0,32(0.00 %),0,0,0,0,13478735,4.38
15/01/2019,500,16340000,33(3.12 %),500,16340000,0,0,13478235,4.38
16/01/2019,0,0,33(0.00 %),0,0,0,0,13478235,4.38
17/01/2019,0,0,33(0.00 %),0,0,0,0,13478235,4.38
18/01/2019,0,0,33(0.00 %),0,0,0,0,13478235,4.38
21/01/2019,0,0,33(0.00 %),0,0,0,0,13478235,4.38
22/01/2019,0,0,33(0.00 %),0,0,0,0,13478237,4.38
23/01/2019,0,0,33(0.00 %),0,0,0,0,13478237,4.38
24/01/2019,0,0,33(0.00 %),0,0,0,0,13478237,4.38
25/01/2019,0,0,33(0.00 %),0,0,0,0,13478237,4.38
28/01/2019,0,0,33(0.00 %),0,0,0,0,13478237,4.38
29/01/2019,0,0,33(0.00 %),0,0,0,0,13478237,4.38
30/01/2019,0,0,33.45(1.36 %),0,0,0,0,13478237,4.38
31/01/2019,0,0,33.45(0.00 %),0,0,0,0,13478237,4.38
01/02/2019,0,0,33.45(0.00 %),0,0,0,0,13478237,4.38
11/02/2019,0,0,33.45(0.00 %),0,0,0,0,13478237,4.38
12/02/2019,0,0,33.45(0.00 %),0,0,0,0,13478237,4.38
13/02/2019,0,0,33.45(0.00 %),0,0,0,0,13478237,4.38
14/02/2019,0,0,33.45(0.00 %),0,0,0,0,13478237,4.38
15/02/2019,0,0,33.45(0.00 %),0,0,0,0,13478237,4.38
18/02/2019,0,0,33.45(0.00 %),0,0,0,0,13478237,4.38
19/02/2019,0,0,33.45(0.00 %),0,0,0,0,13478237,4.38
20/02/2019,0,0,33.45(0.00 %),0,0,0,0,13478237,4.38
21/02/2019,0,0,33.45(0.00 %),0,0,0,0,13478237,4.38
22/02/2019,0,0,33.45(0.00 %),0,0,0,0,13478237,4.38
25/02/2019,0,0,33.45(0.00 %),0,0,0,0,13478237,4.38
26/02/2019,0,0,33.45(0.00 %),0,0,0,0,13478237,4.38
27/02/2019,-100,-3575000,35.75(6.88 %),0,0,100,3575000,13478337,4.38
28/02/2019,0,0,35.75(0.00 %),0,0,0,0,13478337,4.38
01/03/2019,0,0,35.75(0.00 %),0,0,0,0,13478237,4.38
04/03/2019,-110,-4070000,37(3.50 %),0,0,110,4070000,13478337,4.38
05/03/2019,0,0,35(-5.41 %),0,0,0,0,13478337,4.38
06/03/2019,0,0,35(0.00 %),0,0,0,0,13478347,4.38
07/03/2019,0,0,33(-5.71 %),0,0,0,0,13478447,4.38
08/03/2019,0,0,33(0.00 %),0,0,0,0,13478347,4.38
11/03/2019,0,0,33(0.00 %),0,0,0,0,13478347,4.38
12/03/2019,0,0,33(0.00 %),0,0,0,0,13478447,4.38
13/03/2019,0,0,33(0.00 %),0,0,0,0,13478347,4.38
14/03/2019,-100,-3300000,33(0.00 %),0,0,100,3300000,13478447,4.38
15/03/2019,0,0,33(0.00 %),0,0,0,0,13478447,4.38
18/03/2019,-50000,-1765000000,35.3(6.97 %),0,0,50000,1765000000,13478447,4.38
19/03/2019,-8880,-333000000,37.5(6.23 %),0,0,8880,333000000,13478547,4.38
20/03/2019,-49800,-1904825000,35.6(-5.07 %),0,0,49800,1904825000,13587127,4.02
21/03/2019,-200,-7605000,38.05(6.88 %),0,0,200,7605000,13587327,4.02
22/03/2019,-12270,-496904000,40.4(6.18 %),0,0,12270,496904000,13599597,3.98
25/03/2019,-24870,-1073880000,43.05(6.56 %),2000,85200000,26870,1159080000,13585227,4.03
26/03/2019,-3400,-156570000,46.05(6.97 %),1000,46050000,4400,202620000,13627867,3.88
27/03/2019,-2150,-94420000,42.85(-6.95 %),30,1330000,2180,95750000,13596667,3.99
28/03/2019,-2000,-80010000,44(2.68 %),0,0,2000,80010000,13632017,3.87
29/03/2019,-500,-20550000,41.1(-6.59 %),0,0,500,20550000,13632517,3.87
01/04/2019,-900,-36440000,40(-2.68 %),0,0,900,36440000,13630117,3.88
02/04/2019,0,0,38(-5.00 %),0,0,0,0,13632117,3.87
03/04/2019,-350,-13300000,38.6(1.58 %),0,0,350,13300000,13630467,3.88
04/04/2019,0,0,39.9(3.37 %),0,0,0,0,13630467,3.88
05/04/2019,0,0,39.9(0.00 %),0,0,0,0,13633517,3.87
08/04/2019,0,0,39(-2.26 %),0,0,0,0,13630467,3.88
09/04/2019,0,0,40(2.56 %),0,0,0,0,13630467,3.88
10/04/2019,0,0,39.5(-1.25 %),0,0,0,0,13630467,3.88
11/04/2019,-10,-390000,39.4(-0.25 %),0,0,10,390000,13633867,3.86
12/04/2019,0,0,38.9(-1.27 %),0,0,0,0,13630477,3.88
16/04/2019,0,0,39(0.26 %),0,0,0,0,13633867,3.86
17/04/2019,0,0,39.9(2.31 %),0,0,0,0,13633877,3.86
18/04/2019,-10,-390000,39(-2.26 %),0,0,10,390000,13630487,3.88
19/04/2019,0,0,39(0.00 %),0,0,0,0,13630487,3.88
22/04/2019,0,0,38(-2.56 %),0,0,0,0,13630487,3.88
23/04/2019,0,0,38(0.00 %),0,0,0,0,13630487,3.88
24/04/2019,0,0,38(0.00 %),0,0,0,0,13630487,3.88
25/04/2019,0,0,38(0.00 %),0,0,0,0,13633887,3.86
26/04/2019,0,0,38(0.00 %),0,0,0,0,13633887,3.86
02/05/2019,0,0,38(0.00 %),0,0,0,0,13633887,3.86
03/05/2019,0,0,38(0.00 %),0,0,0,0,13633887,3.86
06/05/2019,0,0,38(0.00 %),0,0,0,0,13633887,3.86
07/05/2019,0,0,37.5(-1.32 %),0,0,0,0,13633887,3.86
08/05/2019,0,0,37.5(0.00 %),0,0,0,0,13633887,3.86
09/05/2019,0,0,37.5(0.00 %),0,0,0,0,13633887,3.86
10/05/2019,0,0,37(-1.33 %),0,0,0,0,13633887,3.86
13/05/2019,0,0,37.5(1.35 %),0,0,0,0,13633887,3.86
14/05/2019,0,0,37.5(0.00 %),0,0,0,0,13633887,3.86
15/05/2019,0,0,37.5(0.00 %),0,0,0,0,13633887,3.86
16/05/2019,0,0,37.5(0.00 %),0,0,0,0,13633887,3.86
17/05/2019,0,0,37.5(0.00 %),0,0,0,0,13633887,3.86
20/05/2019,0,0,37.5(0.00 %),0,0,0,0,13633887,3.86
21/05/2019,0,0,37.5(0.00 %),0,0,0,0,13633887,3.86
22/05/2019,-230,-8740000,37.8(0.80 %),0,0,230,8740000,13633887,3.86
23/05/2019,0,0,37.8(0.00 %),0,0,0,0,13633887,3.86
24/05/2019,0,0,40.2(6.35 %),0,0,0,0,13633887,3.86
27/05/2019,0,0,40(-0.50 %),0,0,0,0,13634117,3.86
28/05/2019,0,0,40(0.00 %),0,0,0,0,13634117,3.86
29/05/2019,0,0,39.95(-0.12 %),0,0,0,0,13634117,3.86
30/05/2019,0,0,41.55(4.01 %),0,0,0,0,13633887,3.86
31/05/2019,0,0,41.55(0.00 %),0,0,0,0,13634117,3.86
03/06/2019,0,0,38.8(-6.62 %),0,0,0,0,13634117,3.86
04/06/2019,0,0,38.8(0.00 %),0,0,0,0,13634117,3.86
05/06/2019,0,0,38.8(0.00 %),0,0,0,0,13634117,3.86
06/06/2019,0,0,38(-2.06 %),0,0,0,0,13634117,3.86
07/06/2019,0,0,38(0.00 %),0,0,0,0,13634117,3.86
10/06/2019,0,0,38(0.00 %),0,0,0,0,13634117,3.86
11/06/2019,0,0,35.45(-6.71 %),0,0,0,0,13634117,3.86
12/06/2019,0,0,37.9(6.91 %),0,0,0,0,13634117,3.86
13/06/2019,0,0,37.9(0.00 %),0,0,0,0,13634117,3.86
14/06/2019,0,0,36.5(-3.69 %),0,0,0,0,13634117,3.86
17/06/2019,0,0,36.5(0.00 %),0,0,0,0,13634117,3.86
18/06/2019,0,0,36.5(0.00 %),0,0,0,0,13634117,3.86
19/06/2019,0,0,37.5(2.74 %),0,0,0,0,13634117,3.86
20/06/2019,0,0,40.05(6.80 %),0,0,0,0,13634117,3.86
21/06/2019,0,0,40.05(0.00 %),0,0,0,0,13634117,3.86
24/06/2019,0,0,37.5(-6.37 %),0,0,0,0,13634117,3.86
25/06/2019,0,0,37.5(0.00 %),0,0,0,0,13634117,3.86
26/06/2019,0,0,38.5(2.67 %),0,0,0,0,13634117,3.86
27/06/2019,0,0,38(-1.30 %),0,0,0,0,13634117,3.86
28/06/2019,0,0,38(0.00 %),0,0,0,0,13634117,3.86
01/07/2019,0,0,38(0.00 %),0,0,0,0,13634117,3.86
02/07/2019,0,0,38(0.00 %),0,0,0,0,13634117,3.86
03/07/2019,0,0,38(0.00 %),0,0,0,0,13634117,3.86
04/07/2019,0,0,40(5.26 %),0,0,0,0,13634117,3.86
05/07/2019,-3430,-127540000,40(0.00 %),70,2660000,3500,130200000,13634047,3.86
08/07/2019,0,0,40(0.00 %),0,0,0,0,13637547,3.85
09/07/2019,0,0,39.85(-0.38 %),0,0,0,0,13634047,3.86
10/07/2019,0,0,39.65(-0.50 %),0,0,0,0,13637547,3.85
11/07/2019,0,0,39.65(0.00 %),0,0,0,0,13637547,3.85
12/07/2019,0,0,38.4(-3.15 %),0,0,0,0,13637547,3.85
15/07/2019,0,0,38(-1.04 %),0,0,0,0,13637547,3.85
16/07/2019,0,0,38.9(2.37 %),0,0,0,0,13637547,3.85
17/07/2019,0,0,38(-2.31 %),0,0,0,0,13637547,3.85
18/07/2019,0,0,39.8(4.74 %),0,0,0,0,13637547,3.85
19/07/2019,0,0,39.8(0.00 %),0,0,0,0,13637547,3.85
22/07/2019,0,0,39.8(0.00 %),0,0,0,0,13637547,3.85
23/07/2019,0,0,39.8(0.00 %),0,0,0,0,13637547,3.85
24/07/2019,0,0,39.75(-0.13 %),0,0,0,0,13637547,3.85
25/07/2019,-10,-400000,39.75(0.00 %),0,0,10,400000,13637547,3.85
26/07/2019,0,0,39.75(0.00 %),0,0,0,0,13637557,3.85
29/07/2019,0,0,39.75(0.00 %),0,0,0,0,13637547,3.85
30/07/2019,0,0,39.75(0.00 %),0,0,0,0,13637557,3.85
31/07/2019,0,0,39.75(0.00 %),0,0,0,0,13637557,3.85
01/08/2019,-190,-7340000,39.75(0.00 %),0,0,190,7340000,13637557,3.85
02/08/2019,-3500,-133000000,42.5(6.92 %),0,0,3500,133000000,13641057,3.84
05/08/2019,0,0,41(-3.53 %),0,0,0,0,13641057,3.84
06/08/2019,-30,-1200000,43.8(6.83 %),0,0,30,1200000,13637747,3.85
07/08/2019,0,0,46.5(6.16 %),0,0,0,0,13641247,3.84
08/08/2019,-10,-490000,49(5.38 %),0,0,10,490000,13641097,3.84
09/08/2019,0,0,45.65(-6.84 %),0,0,0,0,13641097,3.84
12/08/2019,0,0,45.65(0.00 %),0,0,0,0,13641277,3.84
13/08/2019,-100,-4880000,48.8(6.90 %),0,0,100,4880000,13641197,3.84
14/08/2019,0,0,45.5(-6.76 %),0,0,0,0,13641287,3.84
15/08/2019,0,0,48.65(6.92 %),0,0,0,0,13641287,3.84
16/08/2019,-10,-520000,52(6.89 %),0,0,10,520000,13641207,3.84
19/08/2019,-100,-5200000,52(0.00 %),0,0,100,5200000,13641307,3.84
20/08/2019,0,0,52(0.00 %),0,0,0,0,13641387,3.84
21/08/2019,0,0,52(0.00 %),0,0,0,0,13641307,3.84
22/08/2019,-210,-10160000,48.4(-6.92 %),0,0,210,10160000,13641497,3.84
23/08/2019,0,0,45.05(-6.92 %),0,0,0,0,13641497,3.84
26/08/2019,0,0,41.9(-6.99 %),0,0,0,0,13641517,3.84
27/08/2019,-590,-24720000,44.8(6.92 %),0,0,590,24720000,13641707,3.84
28/08/2019,0,0,44.8(0.00 %),0,0,0,0,13642107,3.84
29/08/2019,0,0,41.7(-6.92 %),0,0,0,0,13642107,3.84
30/08/2019,0,0,38.8(-6.95 %),0,0,0,0,13642297,3.84
03/09/2019,-200,-7600000,36.1(-6.96 %),0,0,200,7600000,13642297,3.84
04/09/2019,0,0,33.6(-6.93 %),0,0,0,0,13642297,3.84
05/09/2019,-320,-11500000,35.95(6.99 %),0,0,320,11500000,13642297,3.84
06/09/2019,-300,-11535000,38.45(6.95 %),0,0,300,11535000,13642917,3.83
09/09/2019,-600,-24660000,41.1(6.89 %),0,0,600,24660000,13642497,3.84
10/09/2019,-500,-21975000,43.95(6.93 %),0,0,500,21975000,13644017,3.83
11/09/2019,-100,-4700000,47(6.94 %),0,0,100,4700000,13643117,3.83
12/09/2019,0,0,47(0.00 %),0,0,0,0,13643717,3.83
13/09/2019,0,0,47(0.00 %),0,0,0,0,13644217,3.83
16/09/2019,0,0,47(0.00 %),0,0,0,0,13644317,3.83
17/09/2019,0,0,47(0.00 %),0,0,0,0,13644117,3.83
18/09/2019,0,0,50(6.38 %),0,0,0,0,13644117,3.83
19/09/2019,0,0,50(0.00 %),0,0,0,0,13644317,3.83
20/09/2019,0,0,50(0.00 %),0,0,0,0,13644317,3.83
23/09/2019,0,0,50(0.00 %),0,0,0,0,13644117,3.83
24/09/2019,0,0,46.5(-7.00 %),0,0,0,0,13644117,3.83
25/09/2019,0,0,46.5(0.00 %),0,0,0,0,13644117,3.83
26/09/2019,0,0,46.5(0.00 %),0,0,0,0,13644117,3.83
27/09/2019,0,0,46.5(0.00 %),0,0,0,0,13644117,3.83
30/09/2019,0,0,46.5(0.00 %),0,0,0,0,13644317,3.83
01/10/2019,0,0,46.5(0.00 %),0,0,0,0,13644317,3.83
02/10/2019,0,0,46.5(0.00 %),0,0,0,0,13644317,3.83
03/10/2019,0,0,46.5(0.00 %),0,0,0,0,13644317,3.83
04/10/2019,0,0,46.5(0.00 %),0,0,0,0,13644317,3.83
07/10/2019,0,0,46.5(0.00 %),0,0,0,0,13644317,3.83
08/10/2019,-10,-465000,46.5(0.00 %),0,0,10,465000,13644327,3.83
09/10/2019,0,0,46.5(0.00 %),0,0,0,0,13644327,3.83
10/10/2019,0,0,46.5(0.00 %),0,0,0,0,13644327,3.83
11/10/2019,0,0,46.5(0.00 %),0,0,0,0,13644327,3.83
14/10/2019,0,0,44(-5.38 %),0,0,0,0,13644327,3.83
15/10/2019,0,0,44(0.00 %),0,0,0,0,13644327,3.83
16/10/2019,0,0,41(-6.82 %),0,0,0,0,13644327,3.83
17/10/2019,0,0,41(0.00 %),0,0,0,0,13644327,3.83
18/10/2019,0,0,41(0.00 %),0,0,0,0,13644327,3.83
21/10/2019,-10,-438500,43.85(6.95 %),0,0,10,438500,13644337,3.83
22/10/2019,0,0,43.85(0.00 %),0,0,0,0,13644337,3.83
23/10/2019,0,0,43.85(0.00 %),0,0,0,0,13644337,3.83
24/10/2019,0,0,43.85(0.00 %),0,0,0,0,13644337,3.83
25/10/2019,0,0,43.85(0.00 %),0,0,0,0,13644337,3.83
28/10/2019,0,0,43.85(0.00 %),0,0,0,0,13644337,3.83
29/10/2019,0,0,43.85(0.00 %),0,0,0,0,13644337,3.83
30/10/2019,0,0,43.85(0.00 %),0,0,0,0,13644337,3.83
31/10/2019,0,0,43.85(0.00 %),0,0,0,0,13644337,3.83
01/11/2019,0,0,43.85(0.00 %),0,0,0,0,13644337,3.83
04/11/2019,0,0,43.85(0.00 %),0,0,0,0,13644337,3.83
05/11/2019,0,0,43.85(0.00 %),0,0,0,0,13644337,3.83
06/11/2019,0,0,43.85(0.00 %),0,0,0,0,13644337,3.83
07/11/2019,0,0,43.85(0.00 %),0,0,0,0,13644337,3.83
08/11/2019,0,0,43.85(0.00 %),0,0,0,0,13644337,3.83
11/11/2019,0,0,43.85(0.00 %),0,0,0,0,13644337,3.83
12/11/2019,0,0,46.9(6.96 %),0,0,0,0,13644337,3.83
13/11/2019,0,0,46.9(0.00 %),0,0,0,0,13644337,3.83
14/11/2019,0,0,43.65(-6.93 %),0,0,0,0,13644337,3.83
15/11/2019,0,0,43.65(0.00 %),0,0,0,0,13644339,3.83
18/11/2019,0,0,43.65(0.00 %),0,0,0,0,13644339,3.83
19/11/2019,-50,-2030000,43.5(-0.34 %),0,0,50,2030000,13644339,3.83
20/11/2019,0,0,43.5(0.00 %),0,0,0,0,13644387,3.83
21/11/2019,-10,-405000,40.5(-6.90 %),0,0,10,405000,13644397,3.83
22/11/2019,0,0,43.2(6.67 %),0,0,0,0,13644397,3.83
25/11/2019,0,0,43.2(0.00 %),0,0,0,0,13644389,3.83
26/11/2019,0,0,43.2(0.00 %),0,0,0,0,13644397,3.83
27/11/2019,0,0,43.2(0.00 %),0,0,0,0,13644399,3.83
28/11/2019,0,0,43.2(0.00 %),0,0,0,0,13644399,3.83
29/11/2019,0,0,43(-0.46 %),0,0,0,0,13644397,3.83
02/12/2019,0,0,46(6.98 %),0,0,0,0,13644399,3.83
03/12/2019,-100,-4920000,48(4.35 %),0,0,100,4920000,13644399,3.83
04/12/2019,0,0,48(0.00 %),0,0,0,0,13644399,3.83
05/12/2019,0,0,47.5(-1.04 %),0,0,0,0,13644499,3.83
06/12/2019,0,0,44.2(-6.95 %),0,0,0,0,13644499,3.83
09/12/2019,0,0,44.2(0.00 %),0,0,0,0,13644499,3.83
10/12/2019,0,0,44.2(0.00 %),0,0,0,0,13644499,3.83
11/12/2019,0,0,44(-0.45 %),0,0,0,0,13644499,3.83
12/12/2019,0,0,44(0.00 %),0,0,0,0,13644499,3.83
13/12/2019,0,0,44(0.00 %),0,0,0,0,13644499,3.83
16/12/2019,0,0,44(0.00 %),0,0,0,0,13644499,3.83
17/12/2019,0,0,43.9(-0.23 %),0,0,0,0,13644499,3.83
18/12/2019,0,0,43.9(0.00 %),0,0,0,0,13644499,3.83
19/12/2019,0,0,43.9(0.00 %),0,0,0,0,13644499,3.83
20/12/2019,0,0,43.9(0.00 %),0,0,0,0,13644499,3.83
23/12/2019,0,0,41(-6.61 %),0,0,0,0,13644499,3.83
24/12/2019,0,0,41(0.00 %),0,0,0,0,13644499,3.83
25/12/2019,-830,-31818500,41(0.00 %),0,0,830,31818500,13645329,3.83
26/12/2019,0,0,41(0.00 %),0,0,0,0,13644499,3.83
27/12/2019,0,0,43.5(6.10 %),0,0,0,0,13644499,3.83
30/12/2019,0,0,40.5(-6.90 %),0,0,0,0,13645329,3.83
31/12/2019,0,0,37.7(-6.91 %),0,0,0,0,13645329,3.83
02/01/2020,0,0,38.95(3.32 %),0,0,0,0,13645329,3.83
03/01/2020,0,0,40.4(3.72 %),0,0,0,0,13645329,3.83
06/01/2020,0,0,42(3.96 %),0,0,0,0,13645329,3.83
07/01/2020,0,0,43.6(3.81 %),0,0,0,0,13645329,3.83
08/01/2020,0,0,40.55(-7.00 %),0,0,0,0,13645329,3.83
09/01/2020,0,0,43(6.04 %),0,0,0,0,13645329,3.83
10/01/2020,0,0,43(0.00 %),0,0,0,0,13645329,3.83
13/01/2020,0,0,45.5(5.81 %),0,0,0,0,13645329,3.83
14/01/2020,0,0,45.5(0.00 %),0,0,0,0,13645329,3.83
15/01/2020,0,0,45.5(0.00 %),0,0,0,0,13645329,3.83
16/01/2020,0,0,45.5(0.00 %),0,0,0,0,13645329,3.83
17/01/2020,0,0,45.5(0.00 %),0,0,0,0,13645329,3.83
20/01/2020,0,0,44(-3.30 %),0,0,0,0,13645329,3.83
21/01/2020,-10,-470000,47.05(6.93 %),0,0,10,470000,13645329,3.83
22/01/2020,0,0,47.05(0.00 %),0,0,0,0,13645329,3.83
30/01/2020,0,0,47.05(0.00 %),0,0,0,0,13645329,3.83
31/01/2020,0,0,47.05(0.00 %),0,0,0,0,13645339,3.83
03/02/2020,0,0,43.8(-6.91 %),0,0,0,0,13645339,3.83
04/02/2020,0,0,43.8(0.00 %),0,0,0,0,13645339,3.83
05/02/2020,0,0,43.8(0.00 %),0,0,0,0,13645339,3.83
06/02/2020,0,0,43.8(0.00 %),0,0,0,0,13645339,3.83
07/02/2020,0,0,45.9(4.79 %),0,0,0,0,13645339,3.83
10/02/2020,0,0,45.9(0.00 %),0,0,0,0,13645339,3.83
11/02/2020,0,0,45.9(0.00 %),0,0,0,0,13645339,3.83
12/02/2020,0,0,45.9(0.00 %),0,0,0,0,13645339,3.83
13/02/2020,0,0,45.9(0.00 %),0,0,0,0,13645339,3.83
14/02/2020,0,0,42.7(-6.97 %),0,0,0,0,13645339,3.83
17/02/2020,-20,-795000,42.5(-0.47 %),0,0,20,795000,13645359,3.83
18/02/2020,-440,-17402000,39.55(-6.94 %),0,0,440,17402000,13645799,3.83
19/02/2020,0,0,42.3(6.95 %),0,0,0,0,13645339,3.83
20/02/2020,0,0,42.3(0.00 %),0,0,0,0,13645799,3.83
21/02/2020,0,0,42.3(0.00 %),0,0,0,0,13645799,3.83
24/02/2020,0,0,42.3(0.00 %),0,0,0,0,13645799,3.83
25/02/2020,0,0,42.3(0.00 %),0,0,0,0,13645799,3.83
26/02/2020,0,0,42.3(0.00 %),0,0,0,0,13645799,3.83
27/02/2020,0,0,41(-3.07 %),0,0,0,0,13645799,3.83
28/02/2020,0,0,42(2.44 %),0,0,0,0,13645799,3.83
02/03/2020,0,0,42(0.00 %),0,0,0,0,13645799,3.83
03/03/2020,0,0,42(0.00 %),0,0,0,0,13645799,3.83
04/03/2020,0,0,43(2.38 %),0,0,0,0,13645799,3.83
05/03/2020,0,0,42(-2.33 %),0,0,0,0,13645799,3.83
06/03/2020,-1090,-42620000,39.1(-6.90 %),0,0,1090,42620000,13645799,3.83
09/03/2020,0,0,41.5(6.14 %),0,0,0,0,13645799,3.83
10/03/2020,0,0,40(-3.61 %),0,0,0,0,13646889,3.82
11/03/2020,0,0,41.5(3.75 %),0,0,0,0,13646889,3.82
12/03/2020,0,0,41.5(0.00 %),0,0,0,0,13646889,3.82
13/03/2020,0,0,38.6(-6.99 %),0,0,0,0,13646889,3.82
16/03/2020,0,0,40.8(5.70 %),0,0,0,0,13646889,3.82
17/03/2020,0,0,40.8(0.00 %),0,0,0,0,13646889,3.82
18/03/2020,0,0,40.8(0.00 %),0,0,0,0,13646889,3.82
19/03/2020,0,0,40.8(0.00 %),0,0,0,0,13646889,3.82
20/03/2020,0,0,38(-6.86 %),0,0,0,0,13646889,3.82
23/03/2020,0,0,38(0.00 %),0,0,0,0,13646889,3.82
24/03/2020,-160,-6504000,40.65(6.97 %),0,0,160,6504000,13647049,3.82
25/03/2020,0,0,40.5(-0.37 %),0,0,0,0,13647049,3.82
26/03/2020,0,0,40.5(0.00 %),0,0,0,0,13647049,3.82
27/03/2020,0,0,40.5(0.00 %),0,0,0,0,13647049,3.82
30/03/2020,0,0,40.5(0.00 %),0,0,0,0,13647049,3.82
31/03/2020,-40,-1508000,37.7(-6.91 %),0,0,40,1508000,13647089,3.82
01/04/2020,-190,-7570000,39.8(5.57 %),0,0,190,7570000,13647049,3.82
03/04/2020,-110,-4080000,37.05(-6.91 %),0,0,110,4080000,13647049,3.82
06/04/2020,-140,-4830000,34.5(-6.88 %),0,0,140,4830000,13647089,3.82
07/04/2020,-110,-3530000,32.1(-6.96 %),0,0,110,3530000,13647279,3.82
08/04/2020,-250,-8580000,34.3(6.85 %),0,0,250,8580000,13647389,3.82
09/04/2020,-170,-6270000,36.7(7.00 %),10,340000,180,6610000,13647519,3.82
10/04/2020,0,0,39.2(6.81 %),0,0,0,0,13647829,3.82
13/04/2020,0,0,41.9(6.89 %),0,0,0,0,13647879,3.82
14/04/2020,-490,-18940000,39(-6.92 %),60,2570000,550,21510000,13647999,3.82
15/04/2020,-170,-6950000,40.9(4.87 %),10,410000,180,7360000,13647989,3.82
16/04/2020,-180,-7200000,40(-2.20 %),0,0,180,7200000,13647989,3.82
17/04/2020,-180,-6696000,37.2(-7.00 %),0,0,180,6696000,13648849,3.82
20/04/2020,-180,-6250000,34.7(-6.72 %),0,0,180,6250000,13648719,3.82
21/04/2020,-180,-5814000,32.3(-6.92 %),0,0,180,5814000,13649209,3.81
22/04/2020,-180,-5580000,31(-4.02 %),0,0,180,5580000,13649389,3.81
23/04/2020,-150,-5101500,28.85(-6.94 %),30,865500,180,5967000,13649539,3.81
24/04/2020,-280,-8640000,30.85(6.93 %),0,0,280,8640000,13649409,3.81
27/04/2020,-280,-9240000,33(6.97 %),0,0,280,9240000,13650099,3.81
28/04/2020,-280,-9884000,35.3(6.97 %),0,0,280,9884000,13650379,3.81
29/04/2020,-180,-5940000,33(-6.52 %),0,0,180,5940000,13650049,3.81
04/05/2020,-280,-9880000,35.3(6.97 %),0,0,280,9880000,13650329,3.81
05/05/2020,-230,-7917500,33.5(-5.10 %),0,0,230,7917500,13650559,3.81
06/05/2020,-180,-5800000,32.2(-3.88 %),0,0,180,5800000,13650789,3.81
07/05/2020,-180,-6200000,34.45(6.99 %),0,0,180,6200000,13651069,3.81
08/05/2020,-280,-10320000,36.85(6.97 %),0,0,280,10320000,13651299,3.81
11/05/2020,0,0,37.5(1.76 %),0,0,0,0,13651199,3.81
12/05/2020,-912302,-36208155400,40(6.67 %),0,0,912302,36208155400,14563501,0.79
13/05/2020,-180,-6705000,37.25(-6.88 %),0,0,180,6705000,14563681,0.79
14/05/2020,-180,-6480000,36(-3.36 %),0,0,180,6480000,13652219,3.8
15/05/2020,-180,-6480000,36(0.00 %),0,0,180,6480000,14564521,0.78
18/05/2020,-280,-10780000,38.5(6.94 %),0,0,280,10780000,14564701,0.78
19/05/2020,-180,-6930000,38.5(0.00 %),0,0,180,6930000,14564881,0.78
20/05/2020,-180,-6930000,38.5(0.00 %),0,0,180,6930000,14565061,0.78
21/05/2020,-180,-6840000,38(-1.30 %),0,0,180,6840000,14564861,0.78
22/05/2020,0,0,38(0.00 %),0,0,0,0,14565521,0.78
25/05/2020,0,0,38(0.00 %),0,0,0,0,14565701,0.78
26/05/2020,-260,-9880000,38(0.00 %),0,0,260,9880000,14565881,0.78
27/05/2020,-260,-9880000,38(0.00 %),0,0,260,9880000,14565381,0.78
28/05/2020,-360,-13780000,38(0.00 %),0,0,360,13780000,14565741,0.78
29/05/2020,-360,-13880000,38(0.00 %),0,0,360,13880000,14566101,0.78
01/06/2020,-1580,-60040000,38(0.00 %),0,0,1580,60040000,14566401,0.78
02/06/2020,-260,-9880000,38(0.00 %),0,0,260,9880000,14566761,0.78
03/06/2020,-260,-9880000,38(0.00 %),0,0,260,9880000,14566921,0.78
04/06/2020,-260,-9880000,38(0.00 %),0,0,260,9880000,14568701,0.77
05/06/2020,-260,-9880000,38(0.00 %),0,0,260,9880000,14568961,0.77
08/06/2020,-260,-10400000,40(5.26 %),0,0,260,10400000,14567441,0.77
09/06/2020,0,0,40(0.00 %),0,0,0,0,14569481,0.77
10/06/2020,-2310,-85932000,37.2(-7.00 %),0,0,2310,85932000,14569751,0.77
11/06/2020,0,0,37.2(0.00 %),0,0,0,0,14569751,0.77
12/06/2020,0,0,37.2(0.00 %),0,0,0,0,14570001,0.77
15/06/2020,-100,-3980000,39.8(6.99 %),0,0,100,3980000,14569851,0.77
16/06/2020,-100,-4260000,42.55(6.91 %),0,0,100,4260000,14572311,0.76
17/06/2020,0,0,39.6(-6.93 %),0,0,0,0,14572311,0.76
18/06/2020,0,0,42.3(6.82 %),0,0,0,0,14572411,0.76
19/06/2020,0,0,39.35(-6.97 %),0,0,0,0,14569951,0.77
22/06/2020,0,0,39.35(0.00 %),0,0,0,0,14569951,0.77
23/06/2020,0,0,39.35(0.00 %),0,0,0,0,14569951,0.77
24/06/2020,100,4110000,41.05(4.32 %),100,4110000,0,0,14572411,0.76
25/06/2020,0,0,41.05(0.00 %),0,0,0,0,14569851,0.77
26/06/2020,0,0,41.05(0.00 %),0,0,0,0,14569851,0.77
29/06/2020,0,0,41.05(0.00 %),0,0,0,0,14569851,0.77
30/06/2020,0,0,41.05(0.00 %),0,0,0,0,14569851,0.77
01/07/2020,0,0,38.2(-6.94 %),0,0,0,0,14572411,0.76
02/07/2020,0,0,40.5(6.02 %),0,0,0,0,14572411,0.76
03/07/2020,0,0,40.5(0.00 %),0,0,0,0,14572411,0.76
06/07/2020,0,0,38(-6.17 %),0,0,0,0,14572411,0.76
07/07/2020,0,0,38(0.00 %),0,0,0,0,14572411,0.76
08/07/2020,0,0,38.95(2.50 %),0,0,0,0,14572411,0.76
09/07/2020,0,0,38.95(0.00 %),0,0,0,0,14572411,0.76
10/07/2020,0,0,38.95(0.00 %),0,0,0,0,14572411,0.76
13/07/2020,0,0,36.3(-6.80 %),0,0,0,0,14572411,0.76
14/07/2020,0,0,38(4.68 %),0,0,0,0,14572411,0.76
15/07/2020,0,0,39.9(5.00 %),0,0,0,0,14572411,0.76
16/07/2020,0,0,38.05(-4.64 %),0,0,0,0,14572411,0.76
17/07/2020,0,0,39.95(4.99 %),0,0,0,0,14572411,0.76
20/07/2020,-100,-4100000,42.7(6.88 %),0,0,100,4100000,14572411,0.76
21/07/2020,-100,-4570000,42.7(0.00 %),0,0,100,4570000,14572411,0.76
22/07/2020,-100,-4570000,45.65(6.91 %),0,0,100,4570000,14572411,0.76
23/07/2020,0,0,45.65(0.00 %),0,0,0,0,14572511,0.76
24/07/2020,-100,-4600000,46(0.77 %),0,0,100,4600000,14572811,0.76
27/07/2020,0,0,46(0.00 %),0,0,0,0,14572711,0.76
28/07/2020,-100,-4700000,46(0.00 %),0,0,100,4700000,14572711,0.76
29/07/2020,-10,-470000,47(2.17 %),0,0,10,470000,14572921,0.76
30/07/2020,-10,-470000,47(0.00 %),0,0,10,470000,14572931,0.76
31/07/2020,0,0,47(0.00 %),0,0,0,0,14572931,0.76
03/08/2020,0,0,47(0.00 %),0,0,0,0,14572921,0.76
04/08/2020,0,0,47(0.00 %),0,0,0,0,14572921,0.76
05/08/2020,0,0,47(0.00 %),0,0,0,0,14572921,0.76
06/08/2020,0,0,47(0.00 %),0,0,0,0,14572921,0.76
07/08/2020,0,0,47(0.00 %),0,0,0,0,14572921,0.76
10/08/2020,-40,-1880000,47(0.00 %),0,0,40,1880000,14572961,0.76
11/08/2020,0,0,47(0.00 %),0,0,0,0,14572921,0.76
12/08/2020,0,0,47(0.00 %),0,0,0,0,14572921,0.76
13/08/2020,0,0,47(0.00 %),0,0,0,0,14572961,0.76
14/08/2020,0,0,47(0.00 %),0,0,0,0,14572961,0.76
17/08/2020,0,0,43.75(-6.91 %),0,0,0,0,14572961,0.76
18/08/2020,0,0,43.75(0.00 %),0,0,0,0,14572961,0.76
19/08/2020,0,0,43.75(0.00 %),0,0,0,0,14572961,0.76
20/08/2020,0,0,46.8(6.97 %),0,0,0,0,14572961,0.76
21/08/2020,0,0,46.8(0.00 %),0,0,0,0,14572961,0.76
24/08/2020,0,0,50(6.84 %),0,0,0,0,14572961,0.76
25/08/2020,0,0,50(0.00 %),0,0,0,0,14572961,0.76
26/08/2020,0,0,50(0.00 %),0,0,0,0,14572961,0.76
27/08/2020,0,0,50(0.00 %),0,0,0,0,14572961,0.76
28/08/2020,0,0,53(6.00 %),0,0,0,0,14572961,0.76
31/08/2020,0,0,53(0.00 %),0,0,0,0,14572961,0.76
01/09/2020,0,0,53(0.00 %),0,0,0,0,14572961,0.76
03/09/2020,0,0,53(0.00 %),0,0,0,0,14572961,0.76
04/09/2020,0,0,53(0.00 %),0,0,0,0,14572961,0.76
07/09/2020,0,0,53(0.00 %),0,0,0,0,14572961,0.76
08/09/2020,0,0,53(0.00 %),0,0,0,0,14572961,0.76
09/09/2020,0,0,53(0.00 %),0,0,0,0,14572961,0.76
10/09/2020,0,0,53(0.00 %),0,0,0,0,14572961,0.76
11/09/2020,0,0,53(0.00 %),0,0,0,0,14572961,0.76
14/09/2020,0,0,53(0.00 %),0,0,0,0,14572961,0.76
15/09/2020,0,0,53(0.00 %),0,0,0,0,14572961,0.76
16/09/2020,0,0,53(0.00 %),0,0,0,0,14572961,0.76
17/09/2020,0,0,53(0.00 %),0,0,0,0,14572961,0.76
18/09/2020,0,0,53(0.00 %),0,0,0,0,14572961,0.76
21/09/2020,0,0,53(0.00 %),0,0,0,0,14572961,0.76
22/09/2020,0,0,53(0.00 %),0,0,0,0,14572961,0.76
23/09/2020,0,0,49.3(-6.98 %),0,0,0,0,14572961,0.76
24/09/2020,0,0,49.3(0.00 %),0,0,0,0,14572961,0.76
25/09/2020,0,0,45.9(-6.90 %),0,0,0,0,14572961,0.76
28/09/2020,0,0,42.7(-6.97 %),0,0,0,0,14572961,0.76
29/09/2020,0,0,42.7(0.00 %),0,0,0,0,14572961,0.76
30/09/2020,0,0,39.75(-6.91 %),0,0,0,0,14572961,0.76
01/10/2020,0,0,37(-6.92 %),0,0,0,0,14572961,0.76
02/10/2020,0,0,37(0.00 %),0,0,0,0,14572961,0.76
05/10/2020,0,0,39.5(6.76 %),0,0,0,0,14572961,0.76
06/10/2020,0,0,40(1.27 %),0,0,0,0,14572961,0.76
07/10/2020,0,0,40(0.00 %),0,0,0,0,14572961,0.76
08/10/2020,-21890,-814310000,37.2(-7.00 %),0,0,21890,814310000,14572961,0.76
09/10/2020,0,0,37.2(0.00 %),0,0,0,0,14572961,0.76
12/10/2020,0,0,37.2(0.00 %),0,0,0,0,14572961,0.76
13/10/2020,0,0,37.95(2.02 %),0,0,0,0,14594851,0.68
14/10/2020,0,0,38(0.13 %),0,0,0,0,14594851,0.68
15/10/2020,0,0,39.2(3.16 %),0,0,0,0,14594851,0.68
16/10/2020,20,790000,39.5(0.77 %),20,790000,0,0,14594831,0.68
19/10/2020,0,0,39.5(0.00 %),0,0,0,0,14594831,0.68
20/10/2020,0,0,36.75(-6.96 %),0,0,0,0,14594831,0.68
21/10/2020,0,0,39(6.12 %),0,0,0,0,14594831,0.68
22/10/2020,0,0,41(5.13 %),0,0,0,0,14594831,0.68
23/10/2020,0,0,39(-4.88 %),0,0,0,0,14594831,0.68
26/10/2020,0,0,41(5.13 %),0,0,0,0,14594831,0.68
27/10/2020,0,0,43.85(6.95 %),0,0,0,0,14594831,0.68
28/10/2020,0,0,44(0.34 %),0,0,0,0,14594831,0.68
29/10/2020,0,0,42(-4.55 %),0,0,0,0,14594831,0.68
30/10/2020,0,0,44.9(6.90 %),0,0,0,0,14594831,0.68
02/11/2020,0,0,44(-2.00 %),0,0,0,0,14594831,0.68
03/11/2020,0,0,40.95(-6.93 %),0,0,0,0,14594831,0.68
04/11/2020,0,0,43.8(6.96 %),0,0,0,0,14594831,0.68
05/11/2020,-140,-5705000,46.85(6.96 %),0,0,140,5705000,14594971,0.68
06/11/2020,0,0,46.85(0.00 %),0,0,0,0,14594971,0.68
09/11/2020,0,0,49(4.59 %),0,0,0,0,14594971,0.68
10/11/2020,0,0,45.6(-6.94 %),0,0,0,0,14594971,0.68
11/11/2020,0,0,42.45(-6.91 %),0,0,0,0,14594971,0.68
12/11/2020,0,0,45.3(6.71 %),0,0,0,0,14594971,0.68
13/11/2020,0,0,42.4(-6.40 %),0,0,0,0,14594971,0.68
16/11/2020,0,0,39.45(-6.96 %),0,0,0,0,14594971,0.68
17/11/2020,0,0,39.45(0.00 %),0,0,0,0,14594971,0.68
18/11/2020,-4930,-181670500,36.85(-6.59 %),0,0,4930,181670500,14599901,0.67
19/11/2020,0,0,35.2(-4.48 %),0,0,0,0,14599901,0.67
20/11/2020,0,0,35.2(0.00 %),0,0,0,0,14599901,0.67
23/11/2020,0,0,37.65(6.96 %),0,0,0,0,14599901,0.67
24/11/2020,0,0,38.4(1.99 %),0,0,0,0,14599901,0.67
25/11/2020,0,0,39(1.56 %),0,0,0,0,14599901,0.67
26/11/2020,0,0,41.7(6.92 %),0,0,0,0,14599901,0.67
27/11/2020,0,0,44.6(6.95 %),0,0,0,0,14599901,0.67
30/11/2020,0,0,41.5(-6.95 %),0,0,0,0,14599901,0.67
01/12/2020,0,0,39.5(-4.82 %),0,0,0,0,14599901,0.67
02/12/2020,0,0,39.5(0.00 %),0,0,0,0,14599901,0.67
03/12/2020,0,0,39.45(-0.13 %),0,0,0,0,14599901,0.67
04/12/2020,-1750,-64750000,37(-6.21 %),0,0,1750,64750000,14601651,0.66
07/12/2020,0,0,39.55(6.89 %),0,0,0,0,14601651,0.66
08/12/2020,0,0,39.55(0.00 %),0,0,0,0,14601651,0.66
09/12/2020,0,0,39.7(0.38 %),0,0,0,0,14601651,0.66
10/12/2020,0,0,42.3(6.55 %),0,0,0,0,14601651,0.66
11/12/2020,0,0,45.25(6.97 %),0,0,0,0,14601651,0.66
14/12/2020,0,0,42.2(-6.74 %),0,0,0,0,14601651,0.66
15/12/2020,0,0,40.05(-5.09 %),0,0,0,0,14601651,0.66
16/12/2020,0,0,37.3(-6.87 %),0,0,0,0,14601651,0.66
17/12/2020,0,0,39.9(6.97 %),0,0,0,0,14601651,0.66
18/12/2020,0,0,38(-4.76 %),0,0,0,0,14601651,0.66
21/12/2020,0,0,40.65(6.97 %),0,0,0,0,14601651,0.66
22/12/2020,0,0,40.65(0.00 %),0,0,0,0,14601651,0.66
23/12/2020,0,0,40(-1.60 %),0,0,0,0,14601651,0.66
24/12/2020,0,0,42.8(7.00 %),0,0,0,0,14601651,0.66
25/12/2020,0,0,42.8(0.00 %),0,0,0,0,14601651,0.66
28/12/2020,0,0,41.7(-2.57 %),0,0,0,0,14601651,0.66
29/12/2020,0,0,44.6(6.95 %),0,0,0,0,14601651,0.66
30/12/2020,0,0,47.7(6.95 %),0,0,0,0,14601651,0.66
31/12/2020,0,0,51(6.92 %),0,0,0,0,14601651,0.66
04/01/2021,0,0,54.5(6.86 %),0,0,0,0,14601651,0.66
05/01/2021,0,0,55(0.92 %),0,0,0,0,14601651,0.66
06/01/2021,0,0,58.8(6.91 %),0,0,0,0,14601651,0.66
07/01/2021,0,0,62.9(6.97 %),0,0,0,0,14601651,0.66
08/01/2021,0,0,67.3(7.00 %),0,0,0,0,14601651,0.66
11/01/2021,0,0,72(6.98 %),0,0,0,0,14601651,0.66
12/01/2021,0,0,77(6.94 %),0,0,0,0,14601651,0.66
13/01/2021,0,0,72(-6.49 %),0,0,0,0,14601651,0.66
14/01/2021,0,0,67(-6.94 %),0,0,0,0,14601651,0.66
15/01/2021,0,0,62.9(-6.12 %),0,0,0,0,14601651,0.66
18/01/2021,0,0,62.9(0.00 %),0,0,0,0,14601651,0.66
19/01/2021,0,0,60(-4.61 %),0,0,0,0,14601651,0.66
20/01/2021,0,0,59(-1.67 %),0,0,0,0,14601651,0.66
21/01/2021,0,0,60(1.69 %),0,0,0,0,14601651,0.66
22/01/2021,0,0,60(0.00 %),0,0,0,0,14601651,0.66
25/01/2021,0,0,60(0.00 %),0,0,0,0,14601651,0.66
26/01/2021,0,0,60(0.00 %),0,0,0,0,14601651,0.66
27/01/2021,0,0,64(6.67 %),0,0,0,0,14601651,0.66
28/01/2021,0,0,59.6(-6.88 %),0,0,0,0,14601651,0.66
29/01/2021,0,0,59(-1.01 %),0,0,0,0,14601651,0.66
01/02/2021,0,0,59(0.00 %),0,0,0,0,14601651,0.66
02/02/2021,0,0,59(0.00 %),0,0,0,0,14601651,0.66
03/02/2021,0,0,59(0.00 %),0,0,0,0,14601651,0.66
04/02/2021,0,0,63.1(6.95 %),0,0,0,0,14601651,0.66
05/02/2021,0,0,63.1(0.00 %),0,0,0,0,14601651,0.66
08/02/2021,0,0,63.1(0.00 %),0,0,0,0,14601651,0.66
09/02/2021,0,0,63.1(0.00 %),0,0,0,0,14601651,0.66
17/02/2021,0,0,63.1(0.00 %),0,0,0,0,14601651,0.66
18/02/2021,0,0,63.1(0.00 %),0,0,0,0,14601651,0.66
19/02/2021,0,0,63.1(0.00 %),0,0,0,0,14601651,0.66
22/02/2021,0,0,59.5(-5.71 %),0,0,0,0,14601651,0.66
23/02/2021,0,0,59.5(0.00 %),0,0,0,0,14601651,0.66
24/02/2021,0,0,59.5(0.00 %),0,0,0,0,14601651,0.66
25/02/2021,0,0,59.5(0.00 %),0,0,0,0,14601651,0.66
26/02/2021,0,0,55.5(-6.72 %),0,0,0,0,14601651,0.66
01/03/2021,-10,-5550000,55.5(0.00 %),0,0,10,5550000,14601651,0.66
02/03/2021,0,0,55.5(0.00 %),0,0,0,0,14601651,0.66
03/03/2021,-200,-10600000,53(-4.50 %),0,0,200,10600000,14601851,0.66
04/03/2021,0,0,53(0.00 %),0,0,0,0,14601751,0.66
05/03/2021,0,0,53(0.00 %),0,0,0,0,14601751,0.66
08/03/2021,0,0,53(0.00 %),0,0,0,0,14601951,0.66
09/03/2021,0,0,53(0.00 %),0,0,0,0,14601851,0.66
10/03/2021,0,0,53(0.00 %),0,0,0,0,14601851,0.66
11/03/2021,0,0,56(5.66 %),0,0,0,0,14601971,0.66
12/03/2021,0,0,56(0.00 %),0,0,0,0,14601851,0.66
15/03/2021,0,0,58(3.57 %),0,0,0,0,14601971,0.66
16/03/2021,0,0,62(6.90 %),0,0,0,0,14601971,0.66
17/03/2021,-100,-6200000,62(0.00 %),0,0,100,6200000,14601951,0.66
18/03/2021,0,0,62(0.00 %),0,0,0,0,14601971,0.66
19/03/2021,0,0,62(0.00 %),0,0,0,0,14601971,0.66
22/03/2021,0,0,62.1(0.16 %),0,0,0,0,14601951,0.66
23/03/2021,0,0,66(6.28 %),0,0,0,0,14602076,0.66
24/03/2021,0,0,62(-6.06 %),0,0,0,0,14602096,0.66
25/03/2021,0,0,63(1.61 %),0,0,0,0,14602096,0.66
26/03/2021,0,0,67.4(6.98 %),0,0,0,0,14601951,0.66
29/03/2021,0,0,63(-6.53 %),0,0,0,0,14602096,0.66
30/03/2021,0,0,59.3(-5.87 %),0,0,0,0,14602096,0.66
31/03/2021,0,0,56(-5.56 %),0,0,0,0,14601951,0.66
01/04/2021,0,0,56(0.00 %),0,0,0,0,14602111,0.66
02/04/2021,0,0,56(0.00 %),0,0,0,0,14602111,0.66
05/04/2021,0,0,52.2(-6.79 %),0,0,0,0,14602111,0.66
06/04/2021,0,0,52.2(0.00 %),0,0,0,0,14602111,0.66
07/04/2021,0,0,52.2(0.00 %),0,0,0,0,14602111,0.66
08/04/2021,0,0,52.2(0.00 %),0,0,0,0,14602111,0.66
09/04/2021,0,0,55.8(6.90 %),0,0,0,0,14602111,0.66
12/04/2021,0,0,59.7(6.99 %),0,0,0,0,14602111,0.66
13/04/2021,0,0,63.8(6.87 %),0,0,0,0,14602111,0.66
14/04/2021,0,0,63.8(0.00 %),0,0,0,0,14602111,0.66
15/04/2021,0,0,68.2(6.90 %),0,0,0,0,14602111,0.0
16/04/2021,0,0,68.4(0.29 %),0,0,0,0,14602111,0.66
19/04/2021,0,0,68.5(0.15 %),0,0,0,0,14602111,0.66
20/04/2021,0,0,68.5(0.00 %),0,0,0,0,14602111,0.66
22/04/2021,0,0,68.5(0.00 %),0,0,0,0,14602111,0.66
23/04/2021,0,0,68.5(0.00 %),0,0,0,0,14602111,0.66
26/04/2021,0,0,68.5(0.00 %),0,0,0,0,14602111,0.66
27/04/2021,0,0,69(0.73 %),0,0,0,0,14602111,0.66
28/04/2021,0,0,69(0.00 %),0,0,0,0,14602111,0.66
29/04/2021,0,0,70(1.45 %),0,0,0,0,14602111,0.66
04/05/2021,0,0,70(0.00 %),0,0,0,0,14602111,0.66
05/05/2021,0,0,70(0.00 %),0,0,0,0,14602111,0.66
06/05/2021,0,0,70(0.00 %),0,0,0,0,14602111,0.66
07/05/2021,0,0,70(0.00 %),0,0,0,0,14602111,0.66
10/05/2021,0,0,70(0.00 %),0,0,0,0,14602111,0.66
11/05/2021,0,0,70(0.00 %),0,0,0,0,14602111,0.66
12/05/2021,0,0,70(0.00 %),0,0,0,0,14602111,0.66
13/05/2021,0,0,70(0.00 %),0,0,0,0,14602111,0.66
14/05/2021,0,0,70(0.00 %),0,0,0,0,14602111,0.66
17/05/2021,0,0,70(0.00 %),0,0,0,0,14602111,0.66
18/05/2021,0,0,70(0.00 %),0,0,0,0,14602111,0.66
19/05/2021,0,0,70(0.00 %),0,0,0,0,14602111,0.66
20/05/2021,0,0,70(0.00 %),0,0,0,0,14602111,0.66
21/05/2021,0,0,70(0.00 %),0,0,0,0,14602111,0.66
24/05/2021,0,0,70(0.00 %),0,0,0,0,14602111,0.66
25/05/2021,0,0,70(0.00 %),0,0,0,0,14602111,0.66
26/05/2021,0,0,69(-1.43 %),0,0,0,0,14602111,0.66
27/05/2021,0,0,69(0.00 %),0,0,0,0,14602111,0.66
28/05/2021,0,0,68(-1.45 %),0,0,0,0,14602111,0.66
31/05/2021,0,0,64(-5.88 %),0,0,0,0,14602111,0.66
01/06/2021,0,0,64(0.00 %),0,0,0,0,14602111,0.66
02/06/2021,0,0,63(-1.56 %),0,0,0,0,14602111,0.66
03/06/2021,0,0,63(0.00 %),0,0,0,0,14602111,0.66
04/06/2021,0,0,67(6.35 %),0,0,0,0,14602111,0.66
07/06/2021,0,0,63(-5.97 %),0,0,0,0,14602111,0.66
08/06/2021,0,0,63(0.00 %),0,0,0,0,14602111,0.66
09/06/2021,0,0,63(0.00 %),0,0,0,0,14602111,0.66
10/06/2021,0,0,63(0.00 %),0,0,0,0,14602111,0.66
11/06/2021,0,0,63(0.00 %),0,0,0,0,14602111,0.66
14/06/2021,0,0,63(0.00 %),0,0,0,0,14602111,0.66
15/06/2021,0,0,63(0.00 %),0,0,0,0,14602111,0.66
16/06/2021,0,0,59(-6.35 %),0,0,0,0,14602111,0.66
17/06/2021,0,0,59(0.00 %),0,0,0,0,14602111,0.66
18/06/2021,0,0,63.1(6.95 %),0,0,0,0,14602111,0.66
21/06/2021,0,0,63.1(0.00 %),0,0,0,0,14602111,0.66
22/06/2021,0,0,63.1(0.00 %),0,0,0,0,14602111,0.66
23/06/2021,0,0,63.1(0.00 %),0,0,0,0,14602111,0.66
24/06/2021,0,0,63.1(0.00 %),0,0,0,0,14602111,0.66
25/06/2021,0,0,63.1(0.00 %),0,0,0,0,14602111,0.66
28/06/2021,0,0,63.1(0.00 %),0,0,0,0,14602111,0.66
29/06/2021,-2600,-161200000,62(-1.74 %),0,0,2600,161200000,14604711,0.65
30/06/2021,0,0,62(0.00 %),0,0,0,0,14602111,0.66
01/07/2021,0,0,66.3(6.94 %),0,0,0,0,14602111,0.66
02/07/2021,0,0,62(-6.49 %),0,0,0,0,14604711,0.65
05/07/2021,0,0,62(0.00 %),0,0,0,0,14604711,0.65
06/07/2021,0,0,62(0.00 %),0,0,0,0,14602111,0.66
07/07/2021,0,0,62(0.00 %),0,0,0,0,14604711,0.65
08/07/2021,0,0,60(-3.23 %),0,0,0,0,14604711,0.65
09/07/2021,0,0,60(0.00 %),0,0,0,0,14602111,0.66
12/07/2021,0,0,60(0.00 %),0,0,0,0,14602111,0.66
13/07/2021,0,0,60(0.00 %),0,0,0,0,14604711,0.65
14/07/2021,0,0,60(0.00 %),0,0,0,0,14604711,0.65
15/07/2021,0,0,60(0.00 %),0,0,0,0,14604711,0.65
16/07/2021,0,0,60(0.00 %),0,0,0,0,14604711,0.65
19/07/2021,0,0,60(0.00 %),0,0,0,0,14604711,0.65
20/07/2021,0,0,64.2(7.00 %),0,0,0,0,14604711,0.65
21/07/2021,0,0,64.2(0.00 %),0,0,0,0,14604711,0.65
22/07/2021,0,0,64.2(0.00 %),0,0,0,0,14604761,0.65
23/07/2021,0,0,64.2(0.00 %),0,0,0,0,14604761,0.65
26/07/2021,0,0,64.2(0.00 %),0,0,0,0,14604761,0.65
27/07/2021,0,0,64.2(0.00 %),0,0,0,0,14602111,0.66
28/07/2021,0,0,60(-6.54 %),0,0,0,0,14604761,0.65
29/07/2021,0,0,60(0.00 %),0,0,0,0,14604761,0.65
30/07/2021,0,0,60(0.00 %),0,0,0,0,14602111,0.66
02/08/2021,0,0,60(0.00 %),0,0,0,0,14604761,0.65
03/08/2021,0,0,60(0.00 %),0,0,0,0,14604761,0.65
04/08/2021,0,0,60(0.00 %),0,0,0,0,14604761,0.65
05/08/2021,0,0,60(0.00 %),0,0,0,0,14604761,0.65
06/08/2021,0,0,60(0.00 %),0,0,0,0,14604761,0.65
09/08/2021,0,0,60(0.00 %),0,0,0,0,14604761,0.65
10/08/2021,0,0,60(0.00 %),0,0,0,0,14604761,0.65
11/08/2021,0,0,60(0.00 %),0,0,0,0,14604761,0.65
12/08/2021,0,0,60(0.00 %),0,0,0,0,14604761,0.65
13/08/2021,0,0,60(0.00 %),0,0,0,0,14604761,0.65
16/08/2021,0,0,60(0.00 %),0,0,0,0,14604761,0.65
17/08/2021,0,0,60(0.00 %),0,0,0,0,14604761,0.65
18/08/2021,0,0,59.9(-0.17 %),0,0,0,0,14604761,0.65
19/08/2021,0,0,59(-1.50 %),0,0,0,0,14604761,0.65
20/08/2021,0,0,59(0.00 %),0,0,0,0,14604761,0.65
23/08/2021,0,0,59(0.00 %),0,0,0,0,14604761,0.65
24/08/2021,0,0,59(0.00 %),0,0,0,0,14604761,0.65
25/08/2021,0,0,58.9(-0.17 %),0,0,0,0,14604761,0.65
26/08/2021,0,0,63(6.96 %),0,0,0,0,14604761,0.65
27/08/2021,0,0,63(0.00 %),0,0,0,0,14604761,0.65
30/08/2021,0,0,63(0.00 %),0,0,0,0,14604761,0.65
31/08/2021,0,0,67.2(6.67 %),0,0,0,0,14604761,0.65
01/09/2021,0,0,67.2(0.00 %),0,0,0,0,14604761,0.65
06/09/2021,0,0,67.2(0.00 %),0,0,0,0,14604761,0.65
07/09/2021,0,0,67.2(0.00 %),0,0,0,0,14604761,0.65
08/09/2021,0,0,67.2(0.00 %),0,0,0,0,14604761,0.65
09/09/2021,0,0,67.2(0.00 %),0,0,0,0,14604761,0.65
10/09/2021,0,0,67.2(0.00 %),0,0,0,0,14604761,0.65
13/09/2021,0,0,67.2(0.00 %),0,0,0,0,14604761,0.65
14/09/2021,0,0,67.2(0.00 %),0,0,0,0,14604761,0.65
15/09/2021,0,0,67.2(0.00 %),0,0,0,0,14604761,0.65
16/09/2021,0,0,67.2(0.00 %),0,0,0,0,14604761,0.65
17/09/2021,0,0,67.2(0.00 %),0,0,0,0,14604761,0.65
20/09/2021,0,0,67.2(0.00 %),0,0,0,0,14604761,0.65
21/09/2021,0,0,62.5(-6.99 %),0,0,0,0,14604761,0.65
22/09/2021,100,6660000,66.6(6.56 %),100,6660000,0,0,14604661,0.65
23/09/2021,0,0,62(-6.91 %),0,0,0,0,14604661,0.65
24/09/2021,-500,-28850000,66.3(6.94 %),0,0,500,28850000,14605161,0.65
27/09/2021,0,0,66.2(-0.15 %),0,0,0,0,14605161,0.65
28/09/2021,0,0,66.2(0.00 %),0,0,0,0,14605161,0.65
29/09/2021,0,0,61.6(-6.95 %),0,0,0,0,14605161,0.65
30/09/2021,0,0,65.8(6.82 %),0,0,0,0,14605161,0.65
01/10/2021,1600,143920000,61.2(-6.99 %),5000,352000000,3400,208080000,14605161,0.65
04/10/2021,-1700,-96900000,57(-6.86 %),0,0,1700,96900000,14606861,0.64
05/10/2021,0,0,53.4(-6.32 %),0,0,0,0,14606861,0.64
06/10/2021,0,0,53.5(0.19 %),0,0,0,0,14606861,0.0
07/10/2021,0,0,57.2(6.92 %),0,0,0,0,14606861,0.0
08/10/2021,0,0,61.2(6.99 %),0,0,0,0,14606861,0.0
11/10/2021,0,0,61.2(0.00 %),0,0,0,0,14606861,0.0
12/10/2021,0,0,57(-6.86 %),0,0,0,0,14606861,0.0
13/10/2021,0,0,60.8(6.67 %),0,0,0,0,14606861,0.0
14/10/2021,0,0,58(-4.61 %),0,0,0,0,14606861,0.0
15/10/2021,0,0,58(0.00 %),0,0,0,0,14606861,0.0
18/10/2021,0,0,58.9(1.55 %),0,0,0,0,14606861,0.0
19/10/2021,0,0,62.8(6.62 %),0,0,0,0,14606861,0.0
20/10/2021,0,0,59.9(-4.62 %),0,0,0,0,14606861,0.0
21/10/2021,0,0,63.6(6.18 %),0,0,0,0,14606861,0.0
22/10/2021,0,0,59.2(-6.92 %),0,0,0,0,14606861,0.0
25/10/2021,0,0,55.1(-6.93 %),0,0,0,0,14606861,0.0
26/10/2021,0,0,52.7(-4.36 %),0,0,0,0,14606861,0.0
27/10/2021,0,0,56.3(6.83 %),0,0,0,0,14606861,0.0
28/10/2021,0,0,55(-2.31 %),0,0,0,0,14606861,0.64
29/10/2021,0,0,54.6(-0.73 %),0,0,0,0,14606861,0.64
01/11/2021,0,0,53(-2.93 %),0,0,0,0,14605348,0.65
02/11/2021,500,26950000,54.9(3.58 %),500,26950000,0,0,14604848,0.65
03/11/2021,0,0,52.9(-3.64 %),0,0,0,0,14604848,0.65
04/11/2021,0,0,52.6(-0.57 %),0,0,0,0,14604848,0.65
05/11/2021,0,0,52.8(0.38 %),0,0,0,0,14604848,0.65
08/11/2021,0,0,51.6(-2.27 %),0,0,0,0,14604848,0.65
09/11/2021,0,0,51.6(0.00 %),0,0,0,0,14604848,0.65
10/11/2021,0,0,51(-1.16 %),0,0,0,0,14604848,0.65
11/11/2021,0,0,52.9(3.73 %),0,0,0,0,14604848,0.65
12/11/2021,0,0,52.9(0.00 %),0,0,0,0,14604848,0.65
15/11/2021,0,0,51.6(-2.46 %),0,0,0,0,14604848,0.65
16/11/2021,0,0,50.9(-1.36 %),0,0,0,0,14604848,0.65
17/11/2021,0,0,50.5(-0.79 %),0,0,0,0,14604848,0.65
18/11/2021,0,0,52.4(3.76 %),0,0,0,0,14604848,0.65
19/11/2021,0,0,52.4(0.00 %),0,0,0,0,14604848,0.65
22/11/2021,0,0,52.4(0.00 %),0,0,0,0,14604848,0.65
23/11/2021,0,0,52.4(0.00 %),0,0,0,0,14604848,0.65
24/11/2021,0,0,52.4(0.00 %),0,0,0,0,14604848,0.65
25/11/2021,0,0,53(1.15 %),0,0,0,0,14604848,0.65
26/11/2021,0,0,53(0.00 %),0,0,0,0,14604848,0.0
29/11/2021,0,0,53.6(1.13 %),0,0,0,0,14604848,0.0
30/11/2021,0,0,53.6(0.00 %),0,0,0,0,14604848,0.65
01/12/2021,0,0,53.6(0.00 %),0,0,0,0,14604848,0.65
02/12/2021,0,0,53.6(0.00 %),0,0,0,0,14604848,0.65
03/12/2021,0,0,53(-1.12 %),0,0,0,0,14604848,0.65
06/12/2021,0,0,53(0.00 %),0,0,0,0,14604848,0.65
07/12/2021,0,0,53(0.00 %),0,0,0,0,14604848,0.65
08/12/2021,0,0,53(0.00 %),0,0,0,0,14604848,0.65
09/12/2021,0,0,53(0.00 %),0,0,0,0,14604848,0.0
10/12/2021,0,0,56.7(6.98 %),0,0,0,0,14604848,0.65
13/12/2021,0,0,56.7(0.00 %),0,0,0,0,14604848,0.65
14/12/2021,0,0,56.7(0.00 %),0,0,0,0,14604848,0.0
15/12/2021,0,0,56.7(0.00 %),0,0,0,0,14604848,0.0
16/12/2021,0,0,56.7(0.00 %),0,0,0,0,14604848,0.0
17/12/2021,0,0,56.7(0.00 %),0,0,0,0,14604848,0.0
20/12/2021,100,5450000,54.5(-3.88 %),100,5450000,0,0,14604748,0.0
21/12/2021,0,0,58(6.42 %),0,0,0,0,14604748,0.0
22/12/2021,0,0,57.8(-0.34 %),0,0,0,0,14604748,0.0
23/12/2021,0,0,57.8(0.00 %),0,0,0,0,14604748,0.0
24/12/2021,0,0,53.8(-6.92 %),0,0,0,0,14604748,0.0
27/12/2021,0,0,53(-1.49 %),0,0,0,0,14604748,0.65
28/12/2021,0,0,53(0.00 %),0,0,0,0,14604748,0.0
29/12/2021,0,0,53(0.00 %),0,0,0,0,14604748,0.65
30/12/2021,0,0,53(0.00 %),0,0,0,0,14604748,0.65
31/12/2021,0,0,53(0.00 %),0,0,0,0,14604748,0.65
04/01/2022,0,0,52(-1.89 %),0,0,0,0,14604748,0.65
05/01/2022,0,0,51.5(-0.96 %),0,0,0,0,14604755,0.65
06/01/2022,0,0,51(-0.97 %),0,0,0,0,14604755,0.65
07/01/2022,-500,-25500000,51(0.00 %),0,0,500,25500000,14604755,0.65
10/01/2022,0,0,51(0.00 %),0,0,0,0,14604755,0.65
11/01/2022,0,0,51(0.00 %),0,0,0,0,14605255,0.65
12/01/2022,0,0,51(0.00 %),0,0,0,0,14605255,0.65
13/01/2022,0,0,51.1(0.20 %),0,0,0,0,14605255,0.65
14/01/2022,0,0,51.1(0.00 %),0,0,0,0,14605255,0.65
17/01/2022,0,0,51.1(0.00 %),0,0,0,0,14605262,0.65
18/01/2022,0,0,51.1(0.00 %),0,0,0,0,14605262,0.65
19/01/2022,0,0,51.1(0.00 %),0,0,0,0,14605262,0.65
20/01/2022,0,0,51.1(0.00 %),0,0,0,0,14605262,0.65
21/01/2022,0,0,51.1(0.00 %),0,0,0,0,14605262,0.65
24/01/2022,0,0,54.4(6.46 %),0,0,0,0,14605262,0.65
25/01/2022,0,0,54.4(0.00 %),0,0,0,0,14605262,0.65
26/01/2022,0,0,54.4(0.00 %),0,0,0,0,14605262,0.65
27/01/2022,0,0,54.4(0.00 %),0,0,0,0,14605262,0.65
28/01/2022,0,0,54.4(0.00 %),0,0,0,0,14605262,0.65
07/02/2022,0,0,55(1.10 %),0,0,0,0,14605262,0.65
08/02/2022,0,0,54(-1.82 %),0,0,0,0,14605262,0.65
09/02/2022,0,0,54(0.00 %),0,0,0,0,14605262,0.65
10/02/2022,0,0,54(0.00 %),0,0,0,0,14605262,0.65
11/02/2022,0,0,54(0.00 %),0,0,0,0,14605262,0.65
14/02/2022,0,0,54(0.00 %),0,0,0,0,14605262,0.65
15/02/2022,0,0,54(0.00 %),0,0,0,0,14605262,0.65
16/02/2022,0,0,54(0.00 %),0,0,0,0,14605262,0.65
17/02/2022,0,0,53(-1.85 %),0,0,0,0,14605262,0.65
18/02/2022,0,0,53(0.00 %),0,0,0,0,14605262,0.65
21/02/2022,0,0,53(0.00 %),0,0,0,0,14605262,0.65
22/02/2022,0,0,53(0.00 %),0,0,0,0,14605262,0.65
23/02/2022,0,0,53(0.00 %),0,0,0,0,14605262,0.65
24/02/2022,0,0,53(0.00 %),0,0,0,0,14605262,0.65
25/02/2022,0,0,54.8(3.40 %),0,0,0,0,14605262,0.65
28/02/2022,0,0,54.8(0.00 %),0,0,0,0,14605262,0.65
01/03/2022,0,0,55.9(2.01 %),0,0,0,0,14605262,0.65
02/03/2022,0,0,56.9(1.79 %),0,0,0,0,14605262,0.65
03/03/2022,0,0,56.9(0.00 %),0,0,0,0,14605262,0.65
04/03/2022,0,0,56(-1.58 %),0,0,0,0,14605262,0.65
07/03/2022,0,0,56(0.00 %),0,0,0,0,14605262,0.65
08/03/2022,0,0,56(0.00 %),0,0,0,0,14605262,0.65
09/03/2022,0,0,52.1(-6.96 %),0,0,0,0,14605262,0.65
10/03/2022,0,0,52.1(0.00 %),0,0,0,0,14605262,0.65
11/03/2022,0,0,52.1(0.00 %),0,0,0,0,14605262,0.65
14/03/2022,0,0,52.1(0.00 %),0,0,0,0,14605262,0.65
15/03/2022,0,0,52.1(0.00 %),0,0,0,0,14605262,0.65
16/03/2022,0,0,52.1(0.00 %),0,0,0,0,14605262,0.65
17/03/2022,0,0,52.1(0.00 %),0,0,0,0,14605262,0.65
18/03/2022,0,0,52.1(0.00 %),0,0,0,0,14605262,0.65
21/03/2022,0,0,52.1(0.00 %),0,0,0,0,14605262,0.65
22/03/2022,0,0,52(-0.19 %),0,0,0,0,14605262,0.65
23/03/2022,0,0,53.5(2.88 %),0,0,0,0,14605262,0.65
24/03/2022,0,0,53.5(0.00 %),0,0,0,0,14605262,0.65
25/03/2022,0,0,52.8(-1.31 %),0,0,0,0,14605262,0.65
28/03/2022,0,0,52.8(0.00 %),0,0,0,0,14605262,0.65
29/03/2022,0,0,52.8(0.00 %),0,0,0,0,14605262,0.65
30/03/2022,0,0,52.8(0.00 %),0,0,0,0,14605262,0.65
31/03/2022,0,0,52.7(-0.19 %),0,0,0,0,14605262,0.65
01/04/2022,0,0,52.7(0.00 %),0,0,0,0,14605262,0.65
04/04/2022,0,0,52.4(-0.57 %),0,0,0,0,14605262,0.65
05/04/2022,0,0,52.4(0.00 %),0,0,0,0,14605262,0.65
06/04/2022,0,0,54(3.05 %),0,0,0,0,14605262,0.65
07/04/2022,0,0,54(0.00 %),0,0,0,0,14605262,0.0
08/04/2022,0,0,55(1.85 %),0,0,0,0,14605262,0.65
12/04/2022,0,0,54.3(-1.27 %),0,0,0,0,14605262,0.0
13/04/2022,0,0,54.3(0.00 %),0,0,0,0,14605262,0.65
14/04/2022,-100,-5450000,54.5(0.37 %),0,0,100,5450000,14605262,0.65
15/04/2022,0,0,54.5(0.00 %),0,0,0,0,14605262,0.65
18/04/2022,0,0,54(-0.92 %),0,0,0,0,14605362,0.65
19/04/2022,0,0,52.5(-2.78 %),0,0,0,0,14605362,0.65
20/04/2022,0,0,56.1(6.86 %),0,0,0,0,14605262,0.0
21/04/2022,0,0,56.1(0.00 %),0,0,0,0,14605362,0.65
22/04/2022,0,0,53(-5.53 %),0,0,0,0,14605362,0.65
25/04/2022,0,0,53(0.00 %),0,0,0,0,14605362,0.65
26/04/2022,0,0,56.7(6.98 %),0,0,0,0,14605362,0.65
27/04/2022,0,0,56.7(0.00 %),0,0,0,0,14605362,0.65
28/04/2022,0,0,56.7(0.00 %),0,0,0,0,14605362,0.65
29/04/2022,0,0,56.7(0.00 %),0,0,0,0,14605362,0.65
04/05/2022,0,0,53(-6.53 %),0,0,0,0,14605362,0.65
05/05/2022,0,0,53(0.00 %),0,0,0,0,14605362,0.0
06/05/2022,0,0,54.5(2.83 %),0,0,0,0,14605362,0.65
09/05/2022,0,0,51(-6.42 %),0,0,0,0,14605362,0.65
10/05/2022,0,0,51(0.00 %),0,0,0,0,14605362,0.65
11/05/2022,0,0,51(0.00 %),0,0,0,0,14605362,0.0
12/05/2022,0,0,51(0.00 %),0,0,0,0,14605362,0.0
13/05/2022,0,0,54(5.88 %),0,0,0,0,14605362,0.65
16/05/2022,0,0,54(0.00 %),0,0,0,0,14605362,0.65
17/05/2022,0,0,54(0.00 %),0,0,0,0,14605362,0.65
18/05/2022,0,0,54(0.00 %),0,0,0,0,14605362,0.65
19/05/2022,0,0,54(0.00 %),0,0,0,0,14605362,0.65
20/05/2022,0,0,54(0.00 %),0,0,0,0,14605362,0.65
23/05/2022,0,0,54(0.00 %),0,0,0,0,14605362,0.65
24/05/2022,0,0,53(-1.85 %),0,0,0,0,14605362,0.65
25/05/2022,0,0,53(0.00 %),0,0,0,0,14605362,0.65
26/05/2022,-300,-15600000,52(-1.89 %),0,0,300,15600000,14605362,0.65
27/05/2022,0,-15600000,52(0.00 %),0,0,0,15600000,14605362,0.65
30/05/2022,0,-15600000,52(0.00 %),0,0,0,15600000,14605662,0.65
31/05/2022,0,-15600000,52(0.00 %),0,0,0,15600000,14605662,0.65
01/06/2022,0,-15600000,52(0.00 %),0,0,0,15600000,14605662,0.65
02/06/2022,0,-15600000,52(0.00 %),0,0,0,15600000,14605662,0.65
03/06/2022,0,-15600000,52(0.00 %),0,0,0,15600000,14605662,0.65
06/06/2022,0,0,52(0.00 %),0,0,0,0,14605662,0.65
07/06/2022,0,-15600000,52(0.00 %),0,0,0,15600000,14605662,0.65
08/06/2022,0,-15600000,52(0.00 %),0,0,0,15600000,14605662,0.65
09/06/2022,-100,-5000000,50(-3.85 %),0,0,100,5000000,14605662,0.65
10/06/2022,0,-5000000,50(0.00 %),0,0,0,5000000,14605662,0.65
13/06/2022,0,-5000000,50(0.00 %),0,0,0,5000000,14605762,0.65
14/06/2022,0,-5000000,50(0.00 %),0,0,0,5000000,14605762,0.65
15/06/2022,0,-5000000,50(0.00 %),0,0,0,5000000,14605762,0.65
16/06/2022,0,-5000000,46.5(-7.00 %),0,0,0,5000000,14605762,0.65
17/06/2022,0,-5000000,49.75(6.99 %),0,0,0,5000000,14605762,0.65
20/06/2022,0,0,49.75(-0.10 %),0,0,0,0,14605762,0.65
21/06/2022,0,-5000000,53.2(6.83 %),0,0,0,5000000,14605762,0.65
22/06/2022,0,-5000000,49.5(-6.95 %),0,0,0,5000000,14605762,0.65
23/06/2022,0,-5000000,51.5(4.04 %),0,0,0,5000000,14605762,0.65
24/06/2022,0,-5000000,54(4.85 %),0,0,0,5000000,14605762,0.65
27/06/2022,0,-5000000,54(0.00 %),0,0,0,5000000,14605762,0.65
28/06/2022,0,-5000000,57.4(6.30 %),0,0,0,5000000,14605762,0.65
29/06/2022,0,0,57.5(0.17 %),0,0,0,0,14605762,0.65
30/06/2022,-2800,-156800000,56(-2.61 %),0,0,2800,156800000,14605762,0.65
01/07/2022,0,-156800000,59(5.36 %),0,0,0,156800000,14605762,0.65
04/07/2022,0,-156800000,58(-1.69 %),0,0,0,156800000,14605762,0.65
05/07/2022,0,-156800000,58(0.00 %),0,0,0,156800000,14608562,0.64
06/07/2022,0,-156800000,56(-3.45 %),0,0,0,156800000,14608562,0.64
07/07/2022,0,-156800000,56(0.00 %),0,0,0,156800000,14608562,0.64
08/07/2022,0,-156800000,56(0.00 %),0,0,0,156800000,14608562,0.64
11/07/2022,0,-156800000,56(0.00 %),0,0,0,156800000,14608632,0.64
12/07/2022,0,-156800000,59.9(6.96 %),0,0,0,156800000,14608632,0.64
13/07/2022,0,-156800000,59.9(0.00 %),0,0,0,156800000,14608632,0.64
14/07/2022,0,-156800000,59.9(0.00 %),0,0,0,156800000,14608632,0.64
15/07/2022,0,-156800000,57(-4.84 %),0,0,0,156800000,14608632,0.64
18/07/2022,0,-156800000,57(0.00 %),0,0,0,156800000,14608632,0.64
19/07/2022,0,-156800000,57(0.00 %),0,0,0,156800000,14608632,0.64
20/07/2022,0,-156800000,57(0.00 %),0,0,0,156800000,14608632,0.64
21/07/2022,0,-156800000,57(0.00 %),0,0,0,156800000,14608632,0.64
22/07/2022,0,-156800000,57(0.00 %),0,0,0,156800000,14608632,0.64
25/07/2022,0,-156800000,57(0.00 %),0,0,0,156800000,14608632,0.64
26/07/2022,0,-156800000,57(0.00 %),0,0,0,156800000,14608632,0.64
27/07/2022,0,-156800000,57(0.00 %),0,0,0,156800000,14608632,0.64
28/07/2022,0,-156800000,57.5(0.88 %),0,0,0,156800000,14608632,0.64
29/07/2022,0,-156800000,57.5(0.00 %),0,0,0,156800000,14608632,0.64
01/08/2022,0,-156800000,57.5(0.00 %),0,0,0,156800000,14608632,0.64
02/08/2022,0,-156800000,57.5(0.00 %),0,0,0,156800000,14608632,0.64
03/08/2022,0,-156800000,57(-0.87 %),0,0,0,156800000,14608632,0.64
04/08/2022,0,-156800000,57(0.00 %),0,0,0,156800000,14608632,0.64
05/08/2022,0,-156800000,57(0.00 %),0,0,0,156800000,14608632,0.64
08/08/2022,0,-156800000,57(0.00 %),0,0,0,156800000,14608632,0.64
09/08/2022,0,-156800000,57(0.00 %),0,0,0,156800000,14608632,0.64
10/08/2022,0,-156800000,57(0.00 %),0,0,0,156800000,14608632,0.64
11/08/2022,0,-156800000,57(0.00 %),0,0,0,156800000,14608632,0.64
12/08/2022,0,-156800000,57(0.00 %),0,0,0,156800000,14608632,0.64
15/08/2022,0,-156800000,57(0.00 %),0,0,0,156800000,14608632,0.64
16/08/2022,0,-156800000,57(0.00 %),0,0,0,156800000,14608632,0.64
17/08/2022,0,-156800000,57(0.00 %),0,0,0,156800000,14608632,0.64
18/08/2022,0,-156800000,57(0.00 %),0,0,0,156800000,14608632,0.64
19/08/2022,0,-156800000,57(0.00 %),0,0,0,156800000,14608632,0.64
22/08/2022,0,-156800000,57(0.00 %),0,0,0,156800000,14608632,0.64
23/08/2022,0,-156800000,57(0.00 %),0,0,0,156800000,14608632,0.64
24/08/2022,0,-156800000,57(0.00 %),0,0,0,156800000,14608632,0.64
25/08/2022,0,-156800000,57(0.00 %),0,0,0,156800000,14608632,0.64
26/08/2022,0,-156800000,57(0.00 %),0,0,0,156800000,14608632,0.64
29/08/2022,0,-156800000,57(0.00 %),0,0,0,156800000,14608632,0.64
30/08/2022,0,-156800000,57(0.00 %),0,0,0,156800000,14608632,0.64
31/08/2022,0,-156800000,57(0.00 %),0,0,0,156800000,14608632,0.64
05/09/2022,0,-156800000,57(0.00 %),0,0,0,156800000,14608632,0.64
06/09/2022,0,-156800000,57(0.00 %),0,0,0,156800000,14608632,0.64
07/09/2022,0,-156800000,57(0.00 %),0,0,0,156800000,14608632,0.64
08/09/2022,0,-156800000,57(0.00 %),0,0,0,156800000,14608632,0.64
09/09/2022,0,-156800000,57(0.00 %),0,0,0,156800000,14608632,0.64
12/09/2022,0,-156800000,57.5(0.88 %),0,0,0,156800000,14608632,0.64
13/09/2022,0,-156800000,57(-0.87 %),0,0,0,156800000,14608632,0.64
14/09/2022,0,-156800000,57(0.00 %),0,0,0,156800000,14608632,0.64
15/09/2022,0,-156800000,57(0.00 %),0,0,0,156800000,0,0.64
16/09/2022,-1,0,57(0.00 %),0,0,1,0,14608632,0.64
19/09/2022,0,0,57(0.00 %),0,0,0,0,14608632,0.64
20/09/2022,0,0,57(0.00 %),0,0,0,0,14608633,0.64
21/09/2022,0,0,57(0.00 %),0,0,0,0,14608633,0.64
22/09/2022,0,0,57(0.00 %),0,0,0,0,14608633,0.64
23/09/2022,0,0,57(0.00 %),0,0,0,0,14608633,0.64
26/09/2022,0,0,57(0.00 %),0,0,0,0,14608633,0.64
27/09/2022,0,0,57(0.00 %),0,0,0,0,14608633,0.64
28/09/2022,0,0,57(0.00 %),0,0,0,0,14608633,0.64
29/09/2022,0,0,57(0.00 %),0,0,0,0,14608633,0.64
30/09/2022,0,0,57(0.00 %),0,0,0,0,14608633,0.64
03/10/2022,0,0,57(0.00 %),0,0,0,0,14608633,0.64
04/10/2022,0,0,57(0.00 %),0,0,0,0,14608633,0.64
05/10/2022,0,0,57(0.00 %),0,0,0,0,14608633,0.64
06/10/2022,0,0,57(0.00 %),0,0,0,0,14608633,0.64
07/10/2022,0,0,60.9(6.84 %),0,0,0,0,14608633,0.64
10/10/2022,0,0,60.9(0.00 %),0,0,0,0,14608633,0.64
11/10/2022,0,0,57(-6.40 %),0,0,0,0,14608633,0.64
12/10/2022,0,0,57(0.00 %),0,0,0,0,14608633,0.64
13/10/2022,0,0,57(0.00 %),0,0,0,0,14608633,0.64
14/10/2022,0,0,57(0.00 %),0,0,0,0,14608633,0.64
17/10/2022,-7,0,57(0.00 %),0,0,7,0,14608633,0.64
18/10/2022,0,0,57(0.00 %),0,0,0,0,14608633,0.64
19/10/2022,0,0,57(0.00 %),0,0,0,0,14608633,0.64
20/10/2022,0,0,57(0.00 %),0,0,0,0,14608640,0.64
21/10/2022,0,0,57(0.00 %),0,0,0,0,14608640,0.64
24/10/2022,0,0,57(0.00 %),0,0,0,0,14608640,0.64
25/10/2022,0,0,57(0.00 %),0,0,0,0,14608640,0.64
26/10/2022,0,0,57(0.00 %),0,0,0,0,14608640,0.64
27/10/2022,0,0,57(0.00 %),0,0,0,0,14608640,0.64
28/10/2022,0,0,57(0.00 %),0,0,0,0,14608640,0.64
31/10/2022,-100,-5700000,57(0.00 %),0,0,100,5700000,14608715,0.64
01/11/2022,0,-5700000,53.5(-6.14 %),0,0,0,5700000,14608715,0.64
02/11/2022,0,-5700000,57(6.54 %),0,0,0,5700000,14608815,0.64
03/11/2022,0,-5700000,57(0.00 %),0,0,0,5700000,14608815,0.64
04/11/2022,0,-5700000,57(0.00 %),0,0,0,5700000,14608815,0.64
07/11/2022,0,-5700000,57(0.00 %),0,0,0,5700000,14608815,0.64
08/11/2022,0,-5700000,57(0.00 %),0,0,0,5700000,14608815,0.64
09/11/2022,0,-5700000,57(0.00 %),0,0,0,5700000,14608815,0.64
10/11/2022,0,-5700000,57(0.00 %),0,0,0,5700000,14608815,0.64
11/11/2022,0,-5700000,57(0.00 %),0,0,0,5700000,14608815,0.64
14/11/2022,0,-5700000,57(0.00 %),0,0,0,5700000,14608815,0.64
15/11/2022,0,-5700000,57(0.00 %),0,0,0,5700000,14608815,0.64
16/11/2022,0,-5700000,57(0.00 %),0,0,0,5700000,14608815,0.64
17/11/2022,0,-5700000,57(0.00 %),0,0,0,5700000,14608815,0.64
18/11/2022,0,-5700000,57(0.00 %),0,0,0,5700000,14608815,0.64
21/11/2022,0,-5700000,57(0.00 %),0,0,0,5700000,14608815,0.64
22/11/2022,0,-5700000,57(0.00 %),0,0,0,5700000,14608815,0.64
23/11/2022,0,-5700000,57(0.00 %),0,0,0,5700000,14608815,0.64
24/11/2022,0,-5700000,57(0.00 %),0,0,0,5700000,14608815,0.64
25/11/2022,0,-5700000,57(0.00 %),0,0,0,5700000,14608815,0.64
28/11/2022,0,-5700000,55(-3.51 %),0,0,0,5700000,14608815,0.64
29/11/2022,0,-5700000,55(0.00 %),0,0,0,5700000,14608815,0.64
30/11/2022,0,-5700000,51.2(-6.91 %),0,0,0,5700000,14608815,0.64
01/12/2022,0,-5700000,51.2(0.00 %),0,0,0,5700000,14608815,0.64
02/12/2022,0,-5700000,51.2(0.00 %),0,0,0,5700000,14608815,0.64
05/12/2022,0,-5700000,51.2(0.00 %),0,0,0,5700000,14608815,0.64
06/12/2022,0,-5700000,51.2(0.00 %),0,0,0,5700000,14608815,0.64
07/12/2022,0,-5700000,51.2(0.00 %),0,0,0,5700000,14608815,0.64
08/12/2022,0,-5700000,51.2(0.00 %),0,0,0,5700000,-192429,0.64
09/12/2022,0,-5700000,51.2(0.00 %),0,0,0,5700000,-192429,0.64
12/12/2022,0,-5700000,51.2(0.00 %),0,0,0,5700000,14608815,0.0
13/12/2022,0,-5700000,54.7(6.84 %),0,0,0,5700000,14608815,0.64
14/12/2022,0,-5700000,54.7(0.00 %),0,0,0,5700000,14608815,0.64
15/12/2022,0,-5700000,54.7(0.00 %),0,0,0,5700000,14608815,0.64
16/12/2022,0,-5700000,54.7(0.00 %),0,0,0,5700000,14608815,0.64
19/12/2022,0,-5700000,55(0.55 %),0,0,0,5700000,14608815,0.64
20/12/2022,0,-5700000,55(0.00 %),0,0,0,5700000,14608815,0.64
21/12/2022,0,-5700000,55(0.00 %),0,0,0,5700000,14608815,0.64
22/12/2022,0,-5700000,55(0.00 %),0,0,0,5700000,14608815,0.64
23/12/2022,0,-5700000,55(0.00 %),0,0,0,5700000,14608815,0.64
26/12/2022,0,-5700000,55(0.00 %),0,0,0,5700000,14608815,0.0
27/12/2022,0,-5700000,55(0.00 %),0,0,0,5700000,14608815,0.64
28/12/2022,0,-5700000,55(0.00 %),0,0,0,5700000,14608815,0.64
29/12/2022,0,-5700000,55(0.00 %),0,0,0,5700000,-192429,0.64
30/12/2022,0,-5700000,55(0.00 %),0,0,0,5700000,-192429,0.64
03/01/2023,0,-5700000,55(0.00 %),0,0,0,5700000,0,49.0
04/01/2023,0,-5700000,55(0.00 %),0,0,0,5700000,-192429,0.64
05/01/2023,0,-5700000,55(0.00 %),0,0,0,5700000,-192429,0.64
06/01/2023,0,-5700000,55(0.00 %),0,0,0,5700000,-192429,0.64
09/01/2023,0,-5700000,55(0.00 %),0,0,0,5700000,-192429,0.64
10/01/2023,0,-5700000,55(0.00 %),0,0,0,5700000,-192429,0.64
11/01/2023,0,-5700000,55(0.00 %),0,0,0,5700000,-192429,0.64
12/01/2023,0,-5700000,55(0.00 %),0,0,0,5700000,-192429,0.64
13/01/2023,0,-5700000,55(0.00 %),0,0,0,5700000,-192429,0.64
16/01/2023,0,-5700000,55(0.00 %),0,0,0,5700000,-192429,0.64
17/01/2023,0,-5700000,55(0.00 %),0,0,0,5700000,-192429,0.64
18/01/2023,0,-5700000,55(0.00 %),0,0,0,5700000,-192429,0.64
19/01/2023,0,-5700000,55(0.00 %),0,0,0,5700000,-192429,0.64
27/01/2023,0,-5700000,55(0.00 %),0,0,0,5700000,-192429,0.64
30/01/2023,0,-5700000,55(0.00 %),0,0,0,5700000,-192429,0.64
31/01/2023,0,-5700000,55(0.00 %),0,0,0,5700000,-192429,0.64
01/02/2023,0,-5700000,55(0.00 %),0,0,0,5700000,0,0.64
02/02/2023,0,-5700000,55(0.00 %),0,0,0,5700000,0,0.64
03/02/2023,0,-5700000,55(0.00 %),0,0,0,5700000,-192429,0.64
06/02/2023,0,-5700000,55(0.00 %),0,0,0,5700000,-192429,0.64
07/02/2023,0,-5700000,54(-1.82 %),0,0,0,5700000,-192429,0.64
08/02/2023,0,-5700000,54(0.00 %),0,0,0,5700000,-192429,0.64
09/02/2023,0,-5700000,54(0.00 %),0,0,0,5700000,-192429,0.64
10/02/2023,0,-5700000,54(0.00 %),0,0,0,5700000,-192429,0.64
13/02/2023,0,-5700000,54(0.00 %),0,0,0,5700000,-192429,0.64
14/02/2023,0,-5700000,54(0.00 %),0,0,0,5700000,-192429,0.64
15/02/2023,0,-5700000,54(0.00 %),0,0,0,5700000,-192429,0.64
16/02/2023,0,-5700000,53.3(-1.30 %),0,0,0,5700000,-192429,0.64
17/02/2023,0,-5700000,52(-2.44 %),0,0,0,5700000,-192429,0.64
20/02/2023,0,-5700000,50(-3.85 %),0,0,0,5700000,-192429,0.64
21/02/2023,0,-5700000,53(6.00 %),0,0,0,5700000,-192429,0.64
22/02/2023,0,-5700000,53.4(0.75 %),0,0,0,5700000,-192429,0.64
23/02/2023,0,-5700000,53.3(-0.19 %),0,0,0,5700000,-192429,0.64
24/02/2023,0,-5700000,57(6.94 %),0,0,0,5700000,0,49.0
27/02/2023,0,-5700000,60.1(5.44 %),0,0,0,5700000,0,0.64
28/02/2023,0,-5700000,60(-0.17 %),0,0,0,5700000,-192429,0.64
01/03/2023,0,-5700000,55.9(-6.83 %),0,0,0,5700000,0,0.64
02/03/2023,0,-5700000,55.9(0.00 %),0,0,0,5700000,-192429,0.64
03/03/2023,0,-5700000,59(5.55 %),0,0,0,5700000,-192429,0.64
06/03/2023,0,-5700000,56(-5.08 %),0,0,0,5700000,-192429,0.64
07/03/2023,0,-5700000,52.1(-6.96 %),0,0,0,5700000,-192429,0.64
08/03/2023,0,-5700000,55.7(6.91 %),0,0,0,5700000,0,0.64
09/03/2023,0,-5700000,58.9(5.75 %),0,0,0,5700000,0,0.64
10/03/2023,0,-5700000,62(5.26 %),0,0,0,5700000,-192429,0.64
13/03/2023,0,-5700000,58.5(-5.65 %),0,0,0,5700000,0,49.0
14/03/2023,0,-5700000,58.5(0.00 %),0,0,0,5700000,-192429,0.64
15/03/2023,0,-5700000,54.6(-6.67 %),0,0,0,5700000,-192429,0.64
16/03/2023,0,-5700000,58(6.23 %),0,0,0,5700000,-192429,0.64
17/03/2023,0,-5700000,54(-6.90 %),0,0,0,5700000,-192429,0.64
20/03/2023,0,-5700000,53(-1.85 %),0,0,0,5700000,-192429,0.64
21/03/2023,0,-5700000,56.5(6.60 %),0,0,0,5700000,0,0.64
22/03/2023,0,0,52.7(-6.73 %),0,0,0,0,0,0.0
23/03/2023,0,0,56(6.26 %),0,0,0,0,0,0.0
24/03/2023,0,0,56(0.00 %),0,0,0,0,0,0.0
27/03/2023,0,0,53(-5.36 %),0,0,0,0,0,49.0
28/03/2023,0,0,55(3.77 %),0,0,0,0,0,49.0
29/03/2023,0,0,55(0.00 %),0,0,0,0,-192429,0.64
30/03/2023,0,0,53(-3.64 %),0,0,0,0,-192429,0.64
31/03/2023,0,0,53.1(0.19 %),0,0,0,0,-192429,0.64
03/04/2023,0,0,54.5(2.64 %),0,0,0,0,-192429,0.64
04/04/2023,0,0,54.5(0.00 %),0,0,0,0,-192429,0.64
05/04/2023,0,0,53(-2.75 %),0,0,0,0,-192429,0.64
06/04/2023,0,0,51.2(-3.40 %),0,0,0,0,-192429,0.64
07/04/2023,0,0,48.8(-4.69 %),0,0,0,0,-192429,0.64
10/04/2023,0,0,52.2(6.97 %),0,0,0,0,-192429,0.64
11/04/2023,0,0,52.2(0.00 %),0,0,0,0,-192429,0.64
12/04/2023,0,0,53(1.53 %),0,0,0,0,-192429,0.64
13/04/2023,0,0,49.7(-6.23 %),0,0,0,0,-192429,0.64
14/04/2023,0,0,53.1(6.84 %),0,0,0,0,-192429,0.64
17/04/2023,-6650,-365750000,55(3.58 %),0,0,6650,365750000,-192429,0.64
18/04/2023,0,-365750000,55(0.00 %),0,0,0,365750000,-192429,0.64
19/04/2023,0,-365750000,51.5(-6.36 %),0,0,0,365750000,-185779,0.62
20/04/2023,0,0,54(4.85 %),0,0,0,0,0,49.0
21/04/2023,0,-365750000,55(1.85 %),0,0,0,365750000,-185779,0.62
24/04/2023,0,-365750000,55(0.00 %),0,0,0,365750000,-185779,0.62
25/04/2023,0,-365750000,55(0.00 %),0,0,0,365750000,-185779,0.62
26/04/2023,0,-365750000,55(0.00 %),0,0,0,365750000,-185779,0.62
27/04/2023,0,0,54.3(-1.27 %),0,0,0,0,0,49.0
28/04/2023,0,0,54.3(0.00 %),0,0,0,0,0,49.0
04/05/2023,0,0,54.3(0.00 %),0,0,0,0,0,49.0
05/05/2023,0,0,55(1.29 %),0,0,0,0,-185779,0.62
08/05/2023,0,0,55(0.00 %),0,0,0,0,-185779,0.62
09/05/2023,0,0,55(0.00 %),0,0,0,0,-185779,0.62
10/05/2023,0,0,55(0.00 %),0,0,0,0,0,49.0
11/05/2023,0,0,54(-1.82 %),0,0,0,0,-185779,0.62
12/05/2023,0,0,55(1.85 %),0,0,0,0,-185779,0.62
15/05/2023,0,0,55(0.00 %),0,0,0,0,0,49.0
16/05/2023,0,0,55(0.00 %),0,0,0,0,0,49.0
17/05/2023,0,0,55(0.00 %),0,0,0,0,0,49.0
18/05/2023,0,0,52.5(-4.55 %),0,0,0,0,0,49.0
19/05/2023,0,0,53.9(2.67 %),0,0,0,0,0,49.0
22/05/2023,0,0,53.7(-0.37 %),0,0,0,0,0,49.0
23/05/2023,0,0,53.6(-0.19 %),0,0,0,0,0,49.0
24/05/2023,0,0,52(-2.99 %),0,0,0,0,0,49.0
25/05/2023,0,0,53.9(3.65 %),0,0,0,0,0,49.0
26/05/2023,0,0,51.3(-4.82 %),0,0,0,0,0,49.0
29/05/2023,0,0,51.3(0.00 %),0,0,0,0,0,49.0
30/05/2023,0,0,52(1.36 %),0,0,0,0,0,49.0
31/05/2023,0,0,54.8(5.38 %),0,0,0,0,0,49.0
01/06/2023,-400,-20800000,52(-5.11 %),0,0,400,20800000,0,49.0
02/06/2023,0,0,54.9(5.58 %),0,0,0,0,0,49.0
05/06/2023,0,0,54.9(0.00 %),0,0,0,0,0,49.0
06/06/2023,0,0,51.2(-6.74 %),0,0,0,0,0,49.0
07/06/2023,0,0,51.2(0.00 %),0,0,0,0,0,49.0
08/06/2023,0,0,52(1.56 %),0,0,0,0,0,49.0
09/06/2023,0,0,53.9(3.65 %),0,0,0,0,0,49.0
12/06/2023,0,0,53.9(0.00 %),0,0,0,0,0,49.0
13/06/2023,0,0,55(2.04 %),0,0,0,0,0,49.0
14/06/2023,0,0,55(0.00 %),0,0,0,0,0,49.0
15/06/2023,0,0,55(0.00 %),0,0,0,0,0,49.0
16/06/2023,0,0,55(0.00 %),0,0,0,0,-185379,0.61
19/06/2023,0,0,51.2(-6.91 %),0,0,0,0,-185379,0.61
20/06/2023,0,0,51.5(0.59 %),0,0,0,0,0,49.0
21/06/2023,0,0,52.5(1.94 %),0,0,0,0,-185379,0.61
22/06/2023,0,0,53.5(1.90 %),0,0,0,0,0,49.0
23/06/2023,0,0,54.7(2.24 %),0,0,0,0,0,49.0
26/06/2023,0,0,54.7(0.00 %),0,0,0,0,-185379,0.61
27/06/2023,0,0,54.7(0.00 %),0,0,0,0,0,49.0
28/06/2023,0,0,51(-6.76 %),0,0,0,0,0,49.0
29/06/2023,0,0,51(0.00 %),0,0,0,0,0,49.0
30/06/2023,0,0,51(0.00 %),0,0,0,0,0,49.0
03/07/2023,0,0,51(0.00 %),0,0,0,0,0,49.0
04/07/2023,0,0,51(0.00 %),0,0,0,0,0,49.0
05/07/2023,0,0,51(0.00 %),0,0,0,0,0,49.0
06/07/2023,0,0,51(0.00 %),0,0,0,0,-185379,0.61
07/07/2023,0,0,51(0.00 %),0,0,0,0,-185379,0.61
10/07/2023,0,0,51(0.00 %),0,0,0,0,0,49.0
11/07/2023,0,0,51(0.00 %),0,0,0,0,0,49.0
12/07/2023,0,0,51(0.00 %),0,0,0,0,0,49.0
13/07/2023,0,0,47.6(-6.67 %),0,0,0,0,0,49.0
14/07/2023,0,0,50.9(6.93 %),0,0,0,0,-185379,0.61
17/07/2023,0,0,54(6.09 %),0,0,0,0,0,49.0
18/07/2023,0,0,54(0.00 %),0,0,0,0,0,49.0
19/07/2023,0,0,54(0.00 %),0,0,0,0,-185379,0.61
20/07/2023,0,0,54(0.00 %),0,0,0,0,0,49.0
21/07/2023,0,0,54(0.00 %),0,0,0,0,0,49.0
24/07/2023,0,0,52.5(-2.78 %),0,0,0,0,-185379,0.61
25/07/2023,0,0,54(2.86 %),0,0,0,0,-185379,0.61
26/07/2023,0,0,52.5(-2.78 %),0,0,0,0,0,49.0
27/07/2023,0,0,51.9(-1.14 %),0,0,0,0,0,49.0
28/07/2023,0,0,51.9(0.00 %),0,0,0,0,0,49.0
31/07/2023,0,0,51(-1.73 %),0,0,0,0,0,49.0
01/08/2023,-300,-14730000,49.1(-3.73 %),0,0,300,14730000,0,49.0
02/08/2023,0,0,52.1(6.11 %),0,0,0,0,0,49.0
03/08/2023,0,0,49.1(-5.76 %),0,0,0,0,0,49.0
04/08/2023,0,0,51.8(5.50 %),0,0,0,0,0,0.61
07/08/2023,0,0,50(-3.47 %),0,0,0,0,0,49.0
08/08/2023,0,0,48.3(-3.40 %),0,0,0,0,0,49.0
09/08/2023,0,0,50.4(4.35 %),0,0,0,0,0,49.0
10/08/2023,0,0,49.35(-2.08 %),0,0,0,0,0,49.0
11/08/2023,0,0,50(1.32 %),0,0,0,0,0,49.0
14/08/2023,0,0,49.55(-0.90 %),0,0,0,0,0,0.61
15/08/2023,-1700,-90100000,52.9(6.65 %),0,0,1700,90100000,-185029,0.61
16/08/2023,0,0,49.6(-6.24 %),0,0,0,0,-185029,0.61
17/08/2023,0,0,49.6(0.00 %),0,0,0,0,0,49.0
18/08/2023,0,0,49.55(-0.10 %),0,0,0,0,-183329,0.61
21/08/2023,-900,-44550000,53(6.85 %),0,0,900,44550000,-183279,0.61
22/08/2023,0,0,53(0.00 %),0,0,0,0,-183279,0.61
23/08/2023,0,0,53(0.00 %),0,0,0,0,-182379,0.6
24/08/2023,0,0,51.5(-2.83 %),0,0,0,0,0,49.0
25/08/2023,0,0,51.5(0.00 %),0,0,0,0,-182379,0.6
28/08/2023,0,0,52.9(2.72 %),0,0,0,0,0,49.0
29/08/2023,0,0,52.9(0.00 %),0,0,0,0,-182379,0.6
30/08/2023,0,0,52.7(-0.38 %),0,0,0,0,0,49.0
31/08/2023,0,0,52.7(0.00 %),0,0,0,0,-182379,0.6
05/09/2023,-500,-24595000,53.8(2.09 %),0,0,500,24595000,-182379,0.6
06/09/2023,0,0,53.8(0.00 %),0,0,0,0,0,49.0
07/09/2023,0,0,50.2(-6.69 %),0,0,0,0,-181879,0.6
08/09/2023,0,0,49.9(-0.60 %),0,0,0,0,-181879,0.6
11/09/2023,0,0,51(2.20 %),0,0,0,0,-181879,0.6
12/09/2023,0,0,51(0.00 %),0,0,0,0,-181879,0.6
13/09/2023,0,0,50.6991(0.00 %),0,0,0,0,-181879,0.6
14/09/2023,0,0,49.25(-3.43 %),0,0,0,0,-181879,0.6
15/09/2023,0,0,49.25(0.00 %),0,0,0,0,-181879,0.6
18/09/2023,0,0,49.25(0.00 %),0,0,0,0,0,49.0
19/09/2023,0,0,49.3(0.10 %),0,0,0,0,0,49.0
20/09/2023,0,0,48.55(-1.52 %),0,0,0,0,0,49.0
21/09/2023,0,0,48.55(0.00 %),0,0,0,0,0,49.0
22/09/2023,0,0,45.6(-6.08 %),0,0,0,0,-181879,0.6
25/09/2023,0,0,48.75(6.91 %),0,0,0,0,-181879,0.6
26/09/2023,0,0,52(6.67 %),0,0,0,0,-181879,0.6
27/09/2023,0,0,52(0.00 %),0,0,0,0,0,49.0
28/09/2023,0,0,52(0.00 %),0,0,0,0,0,49.0
29/09/2023,0,0,53(1.92 %),0,0,0,0,-181879,0.6
02/10/2023,0,0,55(3.77 %),0,0,0,0,-181879,0.6
03/10/2023,0,0,54.9(-0.18 %),0,0,0,0,-181879,0.6
04/10/2023,0,0,54.9(0.00 %),0,0,0,0,0,49.0
05/10/2023,0,0,54.9(0.00 %),0,0,0,0,-181792,0.6
06/10/2023,0,0,54.9(0.00 %),0,0,0,0,0,49.0
09/10/2023,0,0,55(0.18 %),0,0,0,0,0,49.0
10/10/2023,0,0,55(0.00 %),0,0,0,0,-181792,0.6
11/10/2023,0,0,55(0.00 %),0,0,0,0,-181792,0.6
12/10/2023,0,0,55(0.00 %),0,0,0,0,-181728,0.6
13/10/2023,0,0,55(0.00 %),0,0,0,0,-181728,0.6
16/10/2023,0,0,55(0.00 %),0,0,0,0,-181728,0.6
17/10/2023,0,0,55(0.00 %),0,0,0,0,-181728,0.6
18/10/2023,0,0,55(0.00 %),0,0,0,0,-181728,0.6
19/10/2023,0,0,51.2(-6.91 %),0,0,0,0,-181728,0.6
20/10/2023,0,0,48.1(-6.05 %),0,0,0,0,-181728,0.6
23/10/2023,0,0,51(6.03 %),0,0,0,0,-181728,0.6
24/10/2023,0,0,52(1.96 %),0,0,0,0,0,49.0
25/10/2023,0,0,53(1.92 %),0,0,0,0,-181728,0.6
26/10/2023,0,0,53(0.00 %),0,0,0,0,-181728,0.6
27/10/2023,-100,-4930000,52.9(-0.19 %),0,0,100,4930000,-181728,0.6
30/10/2023,0,0,50(-5.48 %),0,0,0,0,-181728,0.6
31/10/2023,0,0,52.9(5.80 %),0,0,0,0,-181617,0.6
01/11/2023,0,0,50.1(-5.29 %),0,0,0,0,-181617,0.6
02/11/2023,0,0,50.1(0.00 %),0,0,0,0,0,49.0
03/11/2023,0,0,53.1(5.99 %),0,0,0,0,0,49.0
06/11/2023,0,0,51(-3.95 %),0,0,0,0,0,49.0
07/11/2023,0,0,53.1(4.12 %),0,0,0,0,0,49.0
08/11/2023,0,0,49.65(-6.50 %),0,0,0,0,-181617,0.6
09/11/2023,0,0,52.7(6.14 %),0,0,0,0,-181617,0.6
10/11/2023,0,0,52.7(0.00 %),0,0,0,0,-181617,0.6
13/11/2023,0,0,49.5(-6.07 %),0,0,0,0,-181617,0.6
14/11/2023,0,0,49.5(0.00 %),0,0,0,0,0,49.0
15/11/2023,0,0,52.7(6.46 %),0,0,0,0,0,49.0
16/11/2023,0,0,52.7(0.00 %),0,0,0,0,0,49.0
17/11/2023,0,0,52.7(0.00 %),0,0,0,0,-181617,0.6
20/11/2023,0,0,52.7(0.00 %),0,0,0,0,-181617,0.6
21/11/2023,0,0,49.5(-6.07 %),0,0,0,0,-181617,0.6
22/11/2023,0,0,49.5(0.00 %),0,0,0,0,-181617,0.6
23/11/2023,0,0,52(5.05 %),0,0,0,0,0,49.0
24/11/2023,0,0,49.45(-4.90 %),0,0,0,0,0,49.0
27/11/2023,0,0,52(5.16 %),0,0,0,0,0,49.0
28/11/2023,0,0,48.8(-6.15 %),0,0,0,0,0,49.0
29/11/2023,0,0,48.8(0.00 %),0,0,0,0,0,49.0
30/11/2023,0,0,49.15(0.72 %),0,0,0,0,0,49.0
01/12/2023,0,0,52(5.80 %),0,0,0,0,0,49.0
04/12/2023,0,0,54.9(5.58 %),0,0,0,0,0,49.0
05/12/2023,0,0,51.1(-6.92 %),0,0,0,0,0,49.0
06/12/2023,0,0,49.1(-3.91 %),0,0,0,0,0,49.0
07/12/2023,0,0,50(1.83 %),0,0,0,0,0,49.0
08/12/2023,0,0,52(4.00 %),0,0,0,0,0,49.0
11/12/2023,0,0,52(0.00 %),0,0,0,0,0,49.0
12/12/2023,0,0,52(0.00 %),0,0,0,0,0,49.0
13/12/2023,0,0,49.35(-5.10 %),0,0,0,0,0,49.0
14/12/2023,0,0,48.7(-1.32 %),0,0,0,0,0,49.0
15/12/2023,0,0,48.7(0.00 %),0,0,0,0,0,49.0
18/12/2023,0,0,48.7(0.00 %),0,0,0,0,0,49.0
19/12/2023,0,0,48.7(0.00 %),0,0,0,0,0,49.0
20/12/2023,0,0,51.9(6.57 %),0,0,0,0,0,49.0
21/12/2023,0,0,49.15(-5.30 %),0,0,0,0,0,49.0
22/12/2023,0,0,48.75(-0.81 %),0,0,0,0,0,49.0
25/12/2023,0,0,48.75(0.00 %),0,0,0,0,0,49.0
26/12/2023,0,0,52(6.67 %),0,0,0,0,0,49.0
27/12/2023,0,0,52(0.00 %),0,0,0,0,0,49.0
28/12/2023,0,0,55(5.77 %),0,0,0,0,0,49.0
29/12/2023,0,0,55(0.00 %),0,0,0,0,0,49.0
02/01/2024,0,0,51.2(-6.91 %),0,0,0,0,-181610,0.6
03/01/2024,0,0,51.2(0.00 %),0,0,0,0,0,49.0
04/01/2024,0,0,51.2(0.00 %),0,0,0,0,0,49.0
05/01/2024,0,0,51.2(0.00 %),0,0,0,0,0,49.0
08/01/2024,-300,-14700000,52(1.56 %),0,0,300,14700000,0,49.0
09/01/2024,0,0,50(-3.85 %),0,0,0,0,-181610,0.6
10/01/2024,0,0,49.1(-1.80 %),0,0,0,0,-181235,0.6
11/01/2024,0,0,49.1(0.00 %),0,0,0,0,-181235,0.6
12/01/2024,0,0,49.1(0.00 %),0,0,0,0,0,49.0
15/01/2024,0,0,48.05(-2.14 %),0,0,0,0,-181235,0.6
16/01/2024,0,0,48.05(0.00 %),0,0,0,0,-181235,0.6
17/01/2024,0,0,48.1(0.10 %),0,0,0,0,-181235,0.6
18/01/2024,0,0,51.4(6.86 %),0,0,0,0,0,49.0
19/01/2024,0,0,51.4(0.00 %),0,0,0,0,0,49.0
22/01/2024,0,0,51.4(0.00 %),0,0,0,0,0,49.0
23/01/2024,0,0,51.4(0.00 %),0,0,0,0,0,49.0
24/01/2024,0,0,51.4(0.00 %),0,0,0,0,0,49.0
25/01/2024,0,0,51.4(0.00 %),0,0,0,0,0,49.0
26/01/2024,0,0,48.2(-6.23 %),0,0,0,0,0,49.0
29/01/2024,0,0,49.95(3.63 %),0,0,0,0,-181235,0.6
30/01/2024,0,0,47.75(-4.40 %),0,0,0,0,-181235,0.6
31/01/2024,0,0,48.05(0.63 %),0,0,0,0,-181235,0.6
01/02/2024,0,0,48.05(0.00 %),0,0,0,0,0,49.0
02/02/2024,0,0,47.85(-0.42 %),0,0,0,0,-181235,0.6
05/02/2024,0,0,49.75(3.97 %),0,0,0,0,0,49.0
06/02/2024,0,0,47.85(-3.82 %),0,0,0,0,-181235,0.6
07/02/2024,0,0,47.1(-1.57 %),0,0,0,0,-181235,0.6
15/02/2024,0,0,47.3(0.42 %),0,0,0,0,-181235,0.6
16/02/2024,0,0,48.95(3.49 %),0,0,0,0,-181235,0.6
19/02/2024,0,0,52.2(6.64 %),0,0,0,0,-181235,0.6
20/02/2024,0,0,52.2(0.00 %),0,0,0,0,-181235,0.6
21/02/2024,0,0,54(3.45 %),0,0,0,0,-181235,0.6
22/02/2024,0,0,50.3(-6.85 %),0,0,0,0,-181235,0.6
23/02/2024,-87,0,47.8(-4.97 %),0,0,87,0,0,49.0
26/02/2024,0,0,48.2(0.84 %),0,0,0,0,-181235,0.6
27/02/2024,0,0,48.2(0.00 %),0,0,0,0,0,49.0
28/02/2024,0,0,47.7(-1.04 %),0,0,0,0,0,49.0
29/02/2024,0,0,47.7(0.00 %),0,0,0,0,-181148,0.6
01/03/2024,0,0,47.7(0.00 %),0,0,0,0,0,49.0
04/03/2024,-5,0,47.7(0.00 %),0,0,5,0,0,49.0
05/03/2024,0,0,48(0.63 %),0,0,0,0,-181148,0.6
06/03/2024,0,0,47.45(-1.15 %),0,0,0,0,0,49.0
07/03/2024,0,0,47.45(0.00 %),0,0,0,0,0,49.0
08/03/2024,0,0,47.45(0.00 %),0,0,0,0,0,49.0
11/03/2024,0,0,49.45(4.21 %),0,0,0,0,0,49.0
12/03/2024,0,0,49.45(0.00 %),0,0,0,0,-181143,0.6
13/03/2024,0,0,48(-2.93 %),0,0,0,0,-181143,0.6
14/03/2024,0,0,45.6(-5.00 %),0,0,0,0,0,49.0
15/03/2024,0,0,45.6(0.00 %),0,0,0,0,0,49.0
18/03/2024,0,0,46.3(1.54 %),0,0,0,0,-181143,0.6
19/03/2024,0,0,47.15(1.84 %),0,0,0,0,-181143,0.6
20/03/2024,0,0,47.15(0.00 %),0,0,0,0,0,49.0
21/03/2024,0,0,48.05(1.91 %),0,0,0,0,0,49.0
22/03/2024,0,0,48.1(0.10 %),0,0,0,0,0,49.0
25/03/2024,0,0,48.1(0.00 %),0,0,0,0,-181143,0.6
26/03/2024,0,0,49.1(2.08 %),0,0,0,0,0,49.0
27/03/2024,0,0,51.1(4.07 %),0,0,0,0,-181138,0.6
28/03/2024,0,0,51.1(0.00 %),0,0,0,0,-181138,0.6
29/03/2024,0,0,51.1(0.00 %),0,0,0,0,-181138,0.6
01/04/2024,0,0,48.8(-4.50 %),0,0,0,0,-181138,0.6
02/04/2024,0,0,49.95(2.36 %),0,0,0,0,0,49.0
03/04/2024,0,0,49.85(-0.20 %),0,0,0,0,-181138,0.6
04/04/2024,0,0,49.85(0.00 %),0,0,0,0,0,49.0
05/04/2024,0,0,49.9(0.10 %),0,0,0,0,-181138,0.6
08/04/2024,0,0,47.55(-4.71 %),0,0,0,0,0,49.0
09/04/2024,0,0,45.3(-4.73 %),0,0,0,0,0,49.0
10/04/2024,0,0,45.3(0.00 %),0,0,0,0,0,49.0
11/04/2024,0,0,45.3(0.00 %),0,0,0,0,-181138,0.6
12/04/2024,0,0,46.2(1.99 %),0,0,0,0,-181138,0.6
15/04/2024,0,0,46.2(0.00 %),0,0,0,0,0,49.0
16/04/2024,0,0,46.2(0.00 %),0,0,0,0,0,49.0
17/04/2024,0,0,46.2(0.00 %),0,0,0,0,0,49.0
19/04/2024,0,0,43.05(-6.82 %),0,0,0,0,0,49.0
22/04/2024,0,0,46.05(6.97 %),0,0,0,0,-181138,0.6
23/04/2024,0,0,49.25(6.95 %),0,0,0,0,-181138,0.6
24/04/2024,0,0,50(1.52 %),0,0,0,0,0,49.0
25/04/2024,0,0,50(0.00 %),0,0,0,0,0,49.0
26/04/2024,0,0,50(0.00 %),0,0,0,0,-181138,0.6
02/05/2024,0,0,51(2.00 %),0,0,0,0,-181138,0.6
03/05/2024,0,0,51(0.00 %),0,0,0,0,-181138,0.6
06/05/2024,0,0,48(-5.88 %),0,0,0,0,-181138,0.6
07/05/2024,0,0,47.9(-0.21 %),0,0,0,0,-181138,0.6
08/05/2024,0,0,47.9(0.00 %),0,0,0,0,-181138,0.6
09/05/2024,0,0,47.9(0.00 %),0,0,0,0,-181138,0.6
10/05/2024,0,0,47.9(0.00 %),0,0,0,0,-181138,0.6
13/05/2024,0,0,47.9(0.00 %),0,0,0,0,-181138,0.6
14/05/2024,0,0,47.1(-1.67 %),0,0,0,0,0,49.0
15/05/2024,0,0,47.1(0.00 %),0,0,0,0,0,49.0
16/05/2024,0,0,47.1(0.00 %),0,0,0,0,0,49.0
17/05/2024,0,0,47(-0.21 %),0,0,0,0,-181138,0.6
20/05/2024,0,0,48.45(3.09 %),0,0,0,0,-181138,0.6
21/05/2024,0,0,48.45(0.00 %),0,0,0,0,-181138,0.6
22/05/2024,0,0,48.45(0.00 %),0,0,0,0,-181138,0.6
23/05/2024,0,0,48.45(0.00 %),0,0,0,0,-181138,0.6
24/05/2024,0,0,48.45(0.00 %),0,0,0,0,0,49.0
27/05/2024,0,0,48(-0.93 %),0,0,0,0,-181138,0.6
28/05/2024,0,0,48.4(0.83 %),0,0,0,0,-181138,0.6
29/05/2024,0,0,48.95(1.14 %),0,0,0,0,-181138,0.6
30/05/2024,0,0,48.95(0.00 %),0,0,0,0,-181138,0.6
31/05/2024,0,0,48.4(-1.12 %),0,0,0,0,-181138,0.6
03/06/2024,0,0,51.2(5.79 %),0,0,0,0,0,49.0
04/06/2024,0,0,51.2(0.00 %),0,0,0,0,0,49.0
05/06/2024,0,0,51.2(0.00 %),0,0,0,0,0,49.0
06/06/2024,0,0,51.2(0.00 %),0,0,0,0,-181138,0.6
07/06/2024,0,0,51.2(0.00 %),0,0,0,0,-181138,0.6
10/06/2024,0,0,51.2(0.00 %),0,0,0,0,0,49.0
11/06/2024,0,0,51.2(0.00 %),0,0,0,0,0,0.6
12/06/2024,0,0,51.2(0.00 %),0,0,0,0,-181138,0.6
13/06/2024,0,0,47.65(-6.93 %),0,0,0,0,-181138,0.6
14/06/2024,0,0,44.55(-6.51 %),0,0,0,0,-181138,0.6
17/06/2024,0,0,47.3(6.17 %),0,0,0,0,-181138,0.6
18/06/2024,0,0,47.3(0.00 %),0,0,0,0,-181138,0.6
19/06/2024,0,0,46.9(-0.85 %),0,0,0,0,-181138,0.6
20/06/2024,0,0,46.9(0.00 %),0,0,0,0,-181138,0.6
21/06/2024,0,0,46.8(-0.21 %),0,0,0,0,-181138,0.6
24/06/2024,0,0,46.8(0.00 %),0,0,0,0,-181138,0.6
25/06/2024,0,0,46.8(0.00 %),0,0,0,0,-181138,0.6
26/06/2024,0,0,46.55(-0.53 %),0,0,0,0,-181138,0.6
27/06/2024,0,0,46.55(0.00 %),0,0,0,0,-181138,0.6
28/06/2024,0,0,46.4(-0.32 %),0,0,0,0,-181138,0.6
04/07/2024,0,0,42.75(-6.04 %),0,0,0,0,0,0.0
05/07/2024,0,0,43(0.58 %),0,0,0,0,0,0.0
08/07/2024,0,0,45.95(6.86 %),0,0,0,0,0,0.0
09/07/2024,0,0,49.05(6.75 %),0,0,0,0,0,0.0
10/07/2024,0,0,45.65(-6.93 %),0,0,0,0,0,0.0
11/07/2024,0,0,43.3(-5.15 %),0,0,0,0,0,0.0
12/07/2024,0,0,43.3(0.00 %),0,0,0,0,0,0.0
15/07/2024,0,0,43.3(0.00 %),0,0,0,0,0,0.0
16/07/2024,0,0,42.55(-1.73 %),0,0,0,0,0,0.0
17/07/2024,0,0,45.45(6.82 %),0,0,0,0,0,0.0
18/07/2024,0,0,44.95(-1.10 %),0,0,0,0,0,0.0
19/07/2024,0,0,44.95(0.00 %),0,0,0,0,0,0.0
22/07/2024,0,0,42.55(-5.34 %),0,0,0,0,0,0.0
23/07/2024,0,0,42.85(0.71 %),0,0,0,0,0,0.0
24/07/2024,0,0,42.55(-0.70 %),0,0,0,0,0,0.0
25/07/2024,0,0,45.4(6.70 %),0,0,0,0,0,0.0
26/07/2024,0,0,45.35(-0.11 %),0,0,0,0,0,0.0
29/07/2024,0,0,45.35(0.00 %),0,0,0,0,0,0.0
30/07/2024,0,0,45.9(1.21 %),0,0,0,0,0,0.0
31/07/2024,0,0,45.9(0.00 %),0,0,0,0,0,0.0
01/08/2024,0,0,45.9(0.00 %),0,0,0,0,0,0.0
02/08/2024,0,0,42.7(-6.97 %),0,0,0,0,0,0.0
05/08/2024,0,0,42.3(-0.94 %),0,0,0,0,0,0.0
06/08/2024,0,0,40.1(-5.20 %),0,0,0,0,0,0.0
07/08/2024,0,0,42.7(6.48 %),0,0,0,0,0,0.0
08/08/2024,0,0,45.4(6.32 %),0,0,0,0,0,0.0
09/08/2024,0,0,42.3(-6.83 %),0,0,0,0,0,0.0
12/08/2024,0,0,43.85(3.66 %),0,0,0,0,0,0.0
13/08/2024,0,0,41.05(-6.39 %),0,0,0,0,0,0.0
14/08/2024,0,0,41.05(0.00 %),0,0,0,0,0,0.0
15/08/2024,0,0,41.05(0.00 %),0,0,0,0,0,0.0
16/08/2024,0,0,43.8(6.70 %),0,0,0,0,0,0.0
19/08/2024,0,0,46.85(6.96 %),0,0,0,0,0,0.0
20/08/2024,0,0,43.6(-6.94 %),0,0,0,0,0,0.0
21/08/2024,0,0,40.65(-6.77 %),0,0,0,0,0,0.0
22/08/2024,0,0,43.4(6.77 %),0,0,0,0,0,0.0
23/08/2024,0,0,41.1(-5.30 %),0,0,0,0,0,0.0
26/08/2024,0,0,41.1(0.00 %),0,0,0,0,0,0.0
27/08/2024,0,0,41.1(0.00 %),0,0,0,0,0,0.0
28/08/2024,0,0,41.1(0.00 %),0,0,0,0,0,0.0
29/08/2024,0,0,41.1(0.00 %),0,0,0,0,0,0.0
30/08/2024,0,0,41.1(0.00 %),0,0,0,0,0,0.0
04/09/2024,0,0,43.95(6.93 %),0,0,0,0,0,0.0
05/09/2024,0,0,43.95(0.00 %),0,0,0,0,0,0.0
06/09/2024,0,0,41.15(-6.37 %),0,0,0,0,0,0.0
09/09/2024,0,0,41.15(0.00 %),0,0,0,0,0,0.0
10/09/2024,0,0,38.7(-5.95 %),0,0,0,0,0,0.0
11/09/2024,0,0,41.4(6.98 %),0,0,0,0,0,0.0
12/09/2024,0,0,43.4(4.83 %),0,0,0,0,0,0.0
13/09/2024,0,0,46.3(6.68 %),0,0,0,0,0,0.0
16/09/2024,0,0,49.3(6.48 %),0,0,0,0,0,0.0
17/09/2024,0,0,49.3(0.00 %),0,0,0,0,0,0.0
18/09/2024,0,0,49.3(0.00 %),0,0,0,0,0,0.0
19/09/2024,0,0,49.3(0.00 %),0,0,0,0,0,0.0
20/09/2024,0,0,49.3(0.00 %),0,0,0,0,0,0.0
23/09/2024,0,0,49.3(0.00 %),0,0,0,0,0,0.0
24/09/2024,0,0,49.3(0.00 %),0,0,0,0,0,0.0
25/09/2024,0,0,49.3(0.00 %),0,0,0,0,0,0.0
26/09/2024,0,0,49.3(0.00 %),0,0,0,0,0,0.0
27/09/2024,0,0,49.3(0.00 %),0,0,0,0,0,0.0
30/09/2024,0,0,49.3(0.00 %),0,0,0,0,0,0.0
01/10/2024,0,0,49.3(0.00 %),0,0,0,0,0,0.0
02/10/2024,0,0,49.3(0.00 %),0,0,0,0,0,0.0
03/10/2024,0,0,49.3(0.00 %),0,0,0,0,0,0.0
04/10/2024,0,0,49.3(0.00 %),0,0,0,0,0,0.0
07/10/2024,0,0,49.3(0.00 %),0,0,0,0,0,0.0
08/10/2024,0,0,49.3(0.00 %),0,0,0,0,0,0.0
09/10/2024,0,0,49.3(0.00 %),0,0,0,0,0,0.0
10/10/2024,0,0,49.3(0.00 %),0,0,0,0,0,0.0
11/10/2024,0,0,49.3(0.00 %),0,0,0,0,0,0.0
14/10/2024,0,0,49.3(0.00 %),0,0,0,0,0,0.0
15/10/2024,0,0,49.3(0.00 %),0,0,0,0,0,0.0
16/10/2024,0,0,49.3(0.00 %),0,0,0,0,0,0.0
17/10/2024,0,0,49.3(0.00 %),0,0,0,0,0,0.0
18/10/2024,0,0,49.3(0.00 %),0,0,0,0,0,0.0
21/10/2024,0,0,49.3(0.00 %),0,0,0,0,0,0.0
22/10/2024,0,0,49.3(0.00 %),0,0,0,0,0,0.0
23/10/2024,0,0,49.3(0.00 %),0,0,0,0,0,0.0
24/10/2024,0,0,49.3(0.00 %),0,0,0,0,0,0.0
25/10/2024,0,0,49.3(0.00 %),0,0,0,0,0,0.0
28/10/2024,0,0,45.85(-7.00 %),0,0,0,0,0,0.0
29/10/2024,0,0,45.8(-0.11 %),0,0,0,0,0,0.0
30/10/2024,0,0,42.6(-6.99 %),0,0,0,0,0,0.0
31/10/2024,0,0,39.65(-6.92 %),0,0,0,0,0,0.0
01/11/2024,0,0,42.4(6.94 %),0,0,0,0,0,0.0
04/11/2024,0,0,45.2(6.60 %),0,0,0,0,0,0.0
05/11/2024,0,0,45.2(0.00 %),0,0,0,0,0,0.0
06/11/2024,0,0,45.2(0.00 %),0,0,0,0,0,0.0
07/11/2024,0,0,42.05(-6.97 %),0,0,0,0,0,0.0
08/11/2024,0,0,44.9(6.78 %),0,0,0,0,0,0.0
11/11/2024,0,0,41.8(-6.90 %),0,0,0,0,0,0.0
12/11/2024,0,0,44.45(6.34 %),0,0,0,0,-181138,0.6
13/11/2024,0,0,41.4(-6.86 %),0,0,0,0,0,0.0
14/11/2024,0,0,41.4(0.00 %),0,0,0,0,0,0.0
15/11/2024,0,0,38.65(-6.64 %),0,0,0,0,0,0.0
18/11/2024,0,0,41.05(6.21 %),0,0,0,0,0,0.0
19/11/2024,0,0,38.3(-6.70 %),0,0,0,0,0,0.0
20/11/2024,0,0,40.85(6.66 %),0,0,0,0,0,0.0
21/11/2024,0,0,43.4(6.24 %),0,0,0,0,0,0.0
22/11/2024,0,0,43.4(0.00 %),0,0,0,0,0,0.0
25/11/2024,0,0,43.4(0.00 %),0,0,0,0,-181138,0.6
26/11/2024,0,0,43.4(0.00 %),0,0,0,0,-181138,0.6
27/11/2024,0,0,43.4(0.00 %),0,0,0,0,-181138,0.6
28/11/2024,0,0,43.4(0.00 %),0,0,0,0,-181138,0.6
29/11/2024,0,0,43.4(0.00 %),0,0,0,0,-181138,0.6
02/12/2024,0,0,43.4(0.00 %),0,0,0,0,-181138,0.6
03/12/2024,0,0,43.4(0.00 %),0,0,0,0,-181138,0.6
04/12/2024,0,0,43.4(0.00 %),0,0,0,0,-181138,0.6
05/12/2024,0,0,43.4(0.00 %),0,0,0,0,-181138,0.6
09/12/2024,0,0,43.4(0.00 %),0,0,0,0,-181138,0.6
10/12/2024,0,0,40.4(-6.91 %),0,0,0,0,-181138,0.6
16/12/2024,0,0,37.35(-6.51 %),0,0,0,0,-181063,0.6
17/12/2024,0,0,39.15(4.82 %),0,0,0,0,-181063,0.6
18/12/2024,0,0,39(-0.38 %),0,0,0,0,-181063,0.6
19/12/2024,0,0,37.05(-5.00 %),0,0,0,0,-181063,0.6
20/12/2024,0,0,37.1(0.13 %),0,0,0,0,-181063,0.6
24/12/2024,0,0,38.35(6.38 %),0,0,0,0,-181063,0.6
25/12/2024,0,0,36.5(-4.82 %),0,0,0,0,-181063,0.6
26/12/2024,0,0,38.9(6.58 %),0,0,0,0,-181063,0.6
27/12/2024,0,0,41.4(6.43 %),0,0,0,0,-181063,0.6
30/12/2024,0,0,38.55(-6.88 %),0,0,0,0,-181063,0.6
31/12/2024,0,0,41(6.36 %),0,0,0,0,-181063,0.6
02/01/2025,0,0,41(0.00 %),0,0,0,0,-181063,0.6
03/01/2025,0,0,41(0.00 %),0,0,0,0,-181063,0.6
06/01/2025,0,0,41(0.00 %),0,0,0,0,-181063,0.6
07/01/2025,0,0,41(0.00 %),0,0,0,0,0,0.6
08/01/2025,0,0,38.2(-6.83 %),0,0,0,0,-181063,0.6
09/01/2025,0,0,36(-5.76 %),0,0,0,0,-181063,0.6
10/01/2025,0,0,36(0.00 %),0,0,0,0,-181063,0.6
13/01/2025,0,0,38.45(6.81 %),0,0,0,0,-181063,0.6
14/01/2025,0,0,40.85(6.24 %),0,0,0,0,-181063,0.6
15/01/2025,0,0,38.9(-4.77 %),0,0,0,0,-181063,0.6
16/01/2025,0,0,38.8(-0.26 %),0,0,0,0,0,0.0
17/01/2025,0,0,40.95(5.54 %),0,0,0,0,-181063,0.6
20/01/2025,0,0,38.9(-5.01 %),0,0,0,0,-181063,0.6
21/01/2025,0,0,36.55(-6.04 %),0,0,0,0,-181063,0.6
22/01/2025,0,0,39.1(6.98 %),0,0,0,0,-181063,0.6
23/01/2025,0,0,41.75(6.78 %),0,0,0,0,-181063,0.6
24/01/2025,0,0,38.85(-6.95 %),0,0,0,0,-181063,0.6
03/02/2025,0,0,0(0.00 %),0,0,0,0,-181063,0.6
04/02/2025,0,0,36.65(-5.66 %),0,0,0,0,-181063,0.6
05/02/2025,0,0,36.7(0.14 %),0,0,0,0,-181063,0.6
06/02/2025,0,0,35.3(-3.81 %),0,0,0,0,-181063,0.6
07/02/2025,0,0,37.75(6.94 %),0,0,0,0,-181063,0.6
10/02/2025,0,0,37.75(0.00 %),0,0,0,0,-181063,0.6
11/02/2025,0,0,39(3.31 %),0,0,0,0,-181063,0.6
12/02/2025,0,0,39(0.00 %),0,0,0,0,-181063,0.6
13/02/2025,0,0,39(0.00 %),0,0,0,0,-181063,0.6
14/02/2025,0,0,39(0.00 %),0,0,0,0,-181063,0.6
17/02/2025,0,0,39.05(0.13 %),0,0,0,0,-181063,0.6
18/02/2025,0,0,41.55(6.40 %),0,0,0,0,-181063,0.6
19/02/2025,0,0,39(-6.14 %),0,0,0,0,-181063,0.6
20/02/2025,0,0,39(0.00 %),0,0,0,0,-181063,0.6
21/02/2025,-100,-3670000,36.85(-5.51 %),0,0,100,3670000,-181063,0.6
24/02/2025,0,0,35.25(-4.34 %),0,0,0,0,-181063,0.6
25/02/2025,0,0,37.7(6.95 %),0,0,0,0,-180941,0.6
26/02/2025,0,0,40.15(6.50 %),0,0,0,0,-180941,0.6
27/02/2025,0,0,40.15(0.00 %),0,0,0,0,-180941,0.6
28/02/2025,0,0,40.15(0.00 %),0,0,0,0,-180941,0.6
03/03/2025,0,0,40.15(0.00 %),0,0,0,0,-180941,0.6
04/03/2025,0,0,40.15(0.00 %),0,0,0,0,-180941,0.6
05/03/2025,0,0,40.15(0.00 %),0,0,0,0,-180941,0.6
06/03/2025,0,0,42.2(5.11 %),0,0,0,0,-180941,0.6
07/03/2025,0,0,40.5(-4.03 %),0,0,0,0,-180941,0.6
10/03/2025,0,0,37.75(-6.79 %),0,0,0,0,-180941,0.6
11/03/2025,-500,-18750000,37.5(-0.66 %),0,0,500,18750000,-180941,0.6
12/03/2025,0,0,37.5(0.00 %),0,0,0,0,-180941,0.6
13/03/2025,0,0,37.5(0.00 %),0,0,0,0,-180416,0.6
14/03/2025,0,0,37.5(0.00 %),0,0,0,0,-180416,0.6
17/03/2025,0,0,37.5(0.00 %),0,0,0,0,-180416,0.6
18/03/2025,0,0,39.95(6.53 %),0,0,0,0,-180416,0.6
19/03/2025,0,0,39.95(0.00 %),0,0,0,0,-180416,0.6
20/03/2025,0,0,39.95(0.00 %),0,0,0,0,-180416,0.6
21/03/2025,0,0,39.95(0.00 %),0,0,0,0,-180416,0.6
24/03/2025,0,0,42.65(6.76 %),0,0,0,0,-180416,0.6
25/03/2025,0,0,39.7(-6.92 %),0,0,0,0,-180416,0.6
26/03/2025,0,0,37.4(-5.79 %),0,0,0,0,-180416,0.6
27/03/2025,0,0,39.8(6.42 %),0,0,0,0,-180416,0.6
28/03/2025,0,0,40(0.50 %),0,0,0,0,-180416,0.6
31/03/2025,0,0,39.9(-0.25 %),0,0,0,0,-180416,0.6
01/04/2025,0,0,39.9(0.00 %),0,0,0,0,-180416,0.6
02/04/2025,0,0,39.9(0.00 %),0,0,0,0,-180416,0.6
03/04/2025,0,0,37.15(-6.89 %),0,0,0,0,-180416,0.6
04/04/2025,0,0,34.55(-7.00 %),0,0,0,0,-180416,0.6
08/04/2025,0,0,32.15(-6.95 %),0,0,0,0,-180416,0.6
09/04/2025,0,0,29.9(-7.00 %),0,0,0,0,-180416,0.6
10/04/2025,0,0,31.95(6.86 %),0,0,0,0,-180416,0.6
11/04/2025,0,0,33.75(5.63 %),0,0,0,0,-180416,0.6
14/04/2025,0,0,33.75(0.00 %),0,0,0,0,-180416,0.6
15/04/2025,0,0,33.75(0.00 %),0,0,0,0,-180416,0.6
16/04/2025,0,0,35.95(6.52 %),0,0,0,0,0,0.6
17/04/2025,0,0,35.95(0.00 %),0,0,0,0,0,0.6
18/04/2025,0,0,35.95(0.00 %),0,0,0,0,0,0.6
21/04/2025,0,0,35.95(0.00 %),0,0,0,0,0,0.6
22/04/2025,0,0,33.45(-6.95 %),0,0,0,0,-180416,0.6
23/04/2025,0,0,33.45(0.00 %),0,0,0,0,-180416,0.6
24/04/2025,0,0,33.45(0.00 %),0,0,0,0,-180416,0.6
25/04/2025,0,0,33.45(0.00 %),0,0,0,0,-180416,0.6
28/04/2025,0,0,33.45(0.00 %),0,0,0,0,-180416,0.6
29/04/2025,0,0,35.55(6.28 %),0,0,0,0,-180416,0.6
05/05/2025,0,0,35.55(0.00 %),0,0,0,0,-180416,0.6
06/05/2025,0,0,35.55(0.00 %),0,0,0,0,-180416,0.6
07/05/2025,0,0,33.1(-6.89 %),0,0,0,0,-180416,0.6
08/05/2025,0,0,33(-0.30 %),0,0,0,0,-180416,0.6
09/05/2025,0,0,33(0.00 %),0,0,0,0,-180416,0.6
12/05/2025,0,0,31.8(-3.64 %),0,0,0,0,-180416,0.6
13/05/2025,0,0,31.8(0.00 %),0,0,0,0,-180416,0.6
14/05/2025,0,0,31.8(0.00 %),0,0,0,0,-180416,0.6
15/05/2025,0,0,29.7(-6.60 %),0,0,0,0,-180416,0.6
16/05/2025,0,0,31.75(6.90 %),0,0,0,0,-180416,0.6
19/05/2025,0,0,33(3.94 %),0,0,0,0,-180416,0.6
20/05/2025,0,0,33(0.00 %),0,0,0,0,-180416,0.6
21/05/2025,0,0,33(0.00 %),0,0,0,0,-180416,0.6
22/05/2025,0,0,31(-6.06 %),0,0,0,0,-180416,0.6
23/05/2025,0,0,32.95(6.29 %),0,0,0,0,-180416,0.6
26/05/2025,0,0,32.95(0.00 %),0,0,0,0,0,0.6
27/05/2025,0,0,32.5(-1.37 %),0,0,0,0,0,0.6
28/05/2025,0,0,32.9(1.23 %),0,0,0,0,0,0.6
29/05/2025,0,0,32.9(0.00 %),0,0,0,0,-180416,0.6
30/05/2025,0,0,34.1(3.65 %),0,0,0,0,-180416,0.6
02/06/2025,0,0,34.1(0.00 %),0,0,0,0,-180416,0.6
03/06/2025,0,0,32.6(-4.40 %),0,0,0,0,-180416,0.6
04/06/2025,0,-106225000,31.2(-4.29 %),0,0,0,106225000,-180416,0.6
05/06/2025,0,-3120000,31.1(-0.32 %),0,0,0,3120000,-180416,0.6
06/06/2025,0,0,33.05(6.27 %),0,0,0,0,-176916,0.59
09/06/2025,0,0,33.05(0.00 %),0,0,0,0,-176816,0.59
10/06/2025,0,0,33.05(0.00 %),0,0,0,0,-176816,0.59
11/06/2025,0,0,31(-6.20 %),0,0,0,0,-176816,0.59
12/06/2025,0,0,33(6.45 %),0,0,0,0,-176816,0.59
13/06/2025,0,0,33(0.00 %),0,0,0,0,-176816,0.59
16/06/2025,0,0,32.7(-0.91 %),0,0,0,0,-176816,0.59
17/06/2025,0,0,31.05(-5.05 %),0,0,0,0,-176816,0.59
18/06/2025,0,0,31.05(0.00 %),0,0,0,0,-176816,0.59
19/06/2025,0,0,31.05(0.00 %),0,0,0,0,-176816,0.59
20/06/2025,0,0,31.05(0.00 %),0,0,0,0,-176816,0.59
23/06/2025,0,0,29.1(-6.28 %),0,0,0,0,-176816,0.59
24/06/2025,0,0,31.1(6.87 %),0,0,0,0,-176816,0.59
25/06/2025,0,0,32(2.89 %),0,0,0,0,-176816,0.59
26/06/2025,0,0,31.95(-0.16 %),0,0,0,0,-176816,0.59
27/06/2025,0,0,31.9(-0.16 %),0,0,0,0,-176816,0.59
30/06/2025,0,0,31.9(0.00 %),0,0,0,0,-176816,0.59
01/07/2025,0,0,33.9(6.27 %),0,0,0,0,-176816,0.59
02/07/2025,0,0,33.9(0.00 %),0,0,0,0,-176816,0.59
03/07/2025,0,0,33.9(0.00 %),0,0,0,0,-176816,0.59
04/07/2025,0,0,32.85(-3.10 %),0,0,0,0,-176816,0.59
07/07/2025,0,0,32.85(0.00 %),0,0,0,0,-176816,0.59
08/07/2025,0,0,32.85(0.00 %),0,0,0,0,-176816,0.59
09/07/2025,0,0,32.8(-0.15 %),0,0,0,0,-176816,0.59
10/07/2025,0,0,32.8(0.00 %),0,0,0,0,-176816,0.59
11/07/2025,0,0,31(-5.49 %),0,0,0,0,-176816,0.59
14/07/2025,0,0,32(3.23 %),0,0,0,0,-176816,0.59
15/07/2025,0,0,32(0.00 %),0,0,0,0,-176816,0.59
16/07/2025,0,0,32(0.00 %),0,0,0,0,-176816,0.59
17/07/2025,0,0,32.4(1.25 %),0,0,0,0,-176816,0.59
18/07/2025,0,0,32.2(-0.62 %),0,0,0,0,-176816,0.59
21/07/2025,0,0,32.85(2.02 %),0,0,0,0,-176816,0.59
22/07/2025,0,0,32.85(0.00 %),0,0,0,0,-176816,0.59
23/07/2025,0,0,32.85(0.00 %),0,0,0,0,-176816,0.59
24/07/2025,0,0,32.85(0.00 %),0,0,0,0,-176816,0.59
25/07/2025,0,0,32.85(0.00 %),0,0,0,0,-176816,0.59
28/07/2025,0,0,32.85(0.00 %),0,0,0,0,-176816,0.59
29/07/2025,0,0,32.85(0.00 %),0,0,0,0,-176816,0.59
30/07/2025,0,0,32.7(-0.46 %),0,0,0,0,-176816,0.59
31/07/2025,0,0,31(-5.20 %),0,0,0,0,-176816,0.59
01/08/2025,0,0,32(3.23 %),0,0,0,0,-176816,0.59
04/08/2025,0,0,32(0.00 %),0,0,0,0,-176816,0.59
05/08/2025,0,0,31.65(-1.09 %),0,0,0,0,-176816,0.59
06/08/2025,0,0,31.9(0.79 %),0,0,0,0,-176816,0.59
07/08/2025,0,0,31.5(-1.25 %),0,0,0,0,-176816,0.59
08/08/2025,0,0,31.55(0.16 %),0,0,0,0,-176816,0.59
11/08/2025,0,0,31.55(0.00 %),0,0,0,0,-176816,0.59
12/08/2025,0,0,32.4(2.69 %),0,0,0,0,-176816,0.59
13/08/2025,0,0,32.5(0.31 %),0,0,0,0,-176816,0.59
14/08/2025,0,0,32(-1.54 %),0,0,0,0,-176816,0.59
15/08/2025,0,0,32(0.00 %),0,0,0,0,-176816,0.59
18/08/2025,0,0,32(0.00 %),0,0,0,0,-176816,0.59
19/08/2025,0,0,32(0.00 %),0,0,0,0,-176816,0.59
20/08/2025,0,0,32(0.00 %),0,0,0,0,0,0.59
21/08/2025,0,0,30.25(-5.47 %),0,0,0,0,0,0.59
22/08/2025,0,0,30.35(0.33 %),0,0,0,0,0,0.59
25/08/2025,0,0,31.7(4.45 %),0,0,0,0,-176816,0.59
