Ngay,KLGDRong,GTDGRong,ThayDoi,KLMua,GtMua,KLBan,GtBan,RoomConLai,DangSoHuu
21/04/2017,968010,48829640000,0(0.00 %),978010,49318640000,10000,489000000,152002630,0.0
24/04/2017,428330,20939820000,0(0.00 %),428330,20939820000,0,0,151574300,0.0
25/04/2017,209650,9856690000,0(0.00 %),209650,9856690000,0,0,151364650,8.3
26/04/2017,182090,8027990000,0(0.00 %),187590,8269490000,5500,241500000,151187060,8.32
27/04/2017,16500,754100000,0(0.00 %),16500,754100000,0,0,151170560,8.32
28/04/2017,21300,993960000,0(0.00 %),21300,993960000,0,0,151149260,8.32
03/05/2017,24780,1155920000,0(0.00 %),26610,1241340000,1830,85420000,151128150,8.32
04/05/2017,1464930,68865720000,47.5(1.60 %),1464930,68865720000,0,0,149663220,8.43
05/05/2017,94870,4467840000,47.1(-0.84 %),94870,4467840000,0,0,149568350,8.44
08/05/2017,368930,17468490000,47.5(0.85 %),370280,17531670000,1350,63180000,149199900,8.47
09/05/2017,-207680,-9760930000,46.9(-1.26 %),64300,3020410000,271980,12781340000,149135600,8.47
10/05/2017,1115910,52555040000,47.1(0.43 %),1115910,52555040000,0,0,148019690,8.56
11/05/2017,1597690,76777420000,48.6(3.18 %),1597690,76777420000,0,0,146423350,8.68
12/05/2017,647350,31461680000,48.6(0.00 %),651120,31644900000,3770,183220000,146044210,8.71
15/05/2017,434940,21169200000,48.7(0.21 %),437440,21290700000,2500,121500000,145606770,8.75
16/05/2017,704050,35681360000,51.1(4.93 %),714480,36218090000,10430,536730000,144892290,8.8
17/05/2017,457250,23377790000,51(-0.20 %),478250,24448790000,21000,1071000000,144417810,8.84
18/05/2017,1125960,58461940000,53(3.92 %),1126970,58513910000,1010,51970000,143293340,8.93
19/05/2017,2047160,114902480000,56.7(6.98 %),2064980,115901420000,17820,998940000,141238790,9.08
22/05/2017,1956550,118370770000,60.6(6.88 %),1983750,120009650000,27200,1638880000,139276040,9.24
23/05/2017,754890,46517980000,60.6(0.00 %),956440,58962520000,201550,12444540000,138320610,9.31
24/05/2017,99030,5844750000,59(-2.64 %),103930,6136970000,4900,292220000,138234500,9.32
25/05/2017,-21540,-1282000000,59(0.00 %),3760,222480000,25300,1504480000,138257940,9.31
26/05/2017,149760,8728690000,58.1(-1.53 %),149780,8729850000,20,1160000,138309710,9.31
29/05/2017,62230,3690090000,60.1(3.44 %),65430,3880810000,3200,190720000,138249180,9.32
30/05/2017,23880,1493610000,61(1.50 %),99850,6142270000,75970,4648660000,138174630,9.32
31/05/2017,224540,13780800000,61.2(0.33 %),229340,14075700000,4800,294900000,137945310,9.34
01/06/2017,37270,2272930000,61.2(0.00 %),100120,6128260000,62850,3855330000,137848390,9.35
02/06/2017,-6390,-400630000,59.7(-2.45 %),195370,11734470000,201760,12135100000,137728990,9.36
05/06/2017,112560,6875840000,61.1(2.35 %),158560,9679730000,46000,2803890000,137575230,9.37
06/06/2017,94320,5774490000,61.5(0.65 %),158120,9665680000,63800,3891190000,137479960,9.37
07/06/2017,88820,5447520000,61.1(-0.65 %),151600,9301780000,62780,3854260000,137530120,9.37
08/06/2017,50790,3101530000,61.1(0.00 %),71370,4360900000,20580,1259370000,137504750,9.37
09/06/2017,131590,8165750000,62.6(2.45 %),242480,15010940000,110890,6845190000,137326070,9.39
12/06/2017,-122100,-7748660000,63(0.64 %),11070,703340000,133170,8452000000,137377780,9.38
13/06/2017,-19550,-1231240000,63(0.00 %),46800,2950590000,66350,4181830000,137351560,9.38
14/06/2017,-25770,-1596660000,63(0.00 %),225180,14022290000,250950,15618950000,137237270,9.39
15/06/2017,29010,1818260000,62.8(-0.32 %),332440,20822520000,303430,19004260000,137138000,9.4
16/06/2017,179660,11263660000,62.4(-0.64 %),481770,30183650000,302110,18919990000,137009570,9.41
19/06/2017,264420,16666940000,63.8(2.24 %),351420,22125010000,87000,5458070000,136909100,9.42
20/06/2017,303870,19724890000,65.4(2.51 %),338870,22012390000,35000,2287500000,136773660,9.43
21/06/2017,291870,19109010000,66.9(2.29 %),296110,19386650000,4240,277640000,136492670,9.45
22/06/2017,341410,23552540000,69.5(3.89 %),342210,23607100000,800,54560000,136237460,9.47
23/06/2017,770350,54802540000,71.4(2.73 %),784350,55797440000,14000,994900000,135488110,9.53
26/06/2017,253710,18248730000,71.8(0.56 %),364710,26227460000,111000,7978730000,135127640,9.56
27/06/2017,-9560,-657490000,68.8(-4.18 %),6940,488260000,16500,1145750000,135133580,9.56
28/06/2017,-9580,-653740000,68.6(-0.29 %),1920,131960000,11500,785700000,135133580,9.56
29/06/2017,97090,6747150000,69.5(1.31 %),97110,6748530000,20,1380000,135147470,9.55
30/06/2017,190660,13289670000,69(-0.72 %),203200,14157650000,12540,867980000,134960770,9.57
03/07/2017,137050,9452420000,68.9(-0.14 %),215360,14867380000,78310,5414960000,134756910,9.59
04/07/2017,12280,825550000,67.7(-1.74 %),30110,2040840000,17830,1215290000,134726820,9.59
05/07/2017,-55660,-3808450000,68.8(1.62 %),870,58810000,56530,3867260000,134738490,9.59
06/07/2017,-243890,-16771410000,71(3.20 %),375510,26083310000,619400,42854720000,134441290,9.61
07/07/2017,-663240,-46454610000,69.5(-2.11 %),32490,2276990000,695730,48731600000,134426630,9.61
10/07/2017,-25060,-1722200000,68.8(-1.01 %),6470,443770000,31530,2165970000,135704500,9.51
11/07/2017,76350,5216410000,68.8(0.00 %),87320,5966370000,10970,749960000,135008770,9.57
12/07/2017,-81550,-5575930000,68.8(0.00 %),93500,6502460000,175050,12078390000,135611000,9.52
13/07/2017,332120,23117250000,70.2(2.03 %),339120,23607250000,7000,490000000,135303410,9.54
14/07/2017,60580,4273370000,70(-0.28 %),104580,7365750000,44000,3092380000,135242800,9.55
17/07/2017,-49860,-3448840000,68.7(-1.86 %),490,34010000,50350,3482850000,135417360,9.53
18/07/2017,240510,16560030000,68.9(0.29 %),262500,18077350000,21990,1517320000,135161860,9.55
19/07/2017,313980,21859620000,69.3(0.58 %),439980,30613020000,126000,8753400000,134732880,9.59
20/07/2017,-2720,-174620000,65.5(-0.88 %),10030,663910000,12750,838530000,134773200,9.58
21/07/2017,270950,17788760000,65.5(0.00 %),370950,24350360000,100000,6561600000,134524240,9.6
24/07/2017,283010,18255570000,63(-3.82 %),304010,19601570000,21000,1346000000,134346230,9.62
25/07/2017,557910,34937920000,64.9(3.02 %),604050,37808590000,46140,2870670000,133754930,9.66
26/07/2017,33550,2196010000,64.6(-0.46 %),34100,2231650000,550,35640000,133606030,9.67
27/07/2017,-278200,-17628770000,62.8(-2.79 %),135800,8620680000,414000,26249450000,133606030,9.67
28/07/2017,33920,2156850000,64.2(2.23 %),114820,7229650000,80900,5072800000,133537350,9.68
31/07/2017,-4790,-296350000,62.8(-2.18 %),10200,645020000,14990,941370000,133527700,9.68
01/08/2017,94810,5976710000,63(0.32 %),94810,5976710000,0,0,133846890,9.66
02/08/2017,165890,10464980000,63.2(0.32 %),165890,10464980000,0,0,133761900,9.66
03/08/2017,46070,2898730000,63(-0.32 %),46070,2898730000,0,0,133730820,9.66
04/08/2017,58290,3703160000,63.6(0.95 %),58290,3703160000,0,0,133672530,9.67
07/08/2017,299920,19743110000,66.8(5.03 %),324920,21403830000,25000,1660720000,133347610,9.69
08/08/2017,394300,26804910000,67.5(1.05 %),400300,27214710000,6000,409800000,132947310,9.72
09/08/2017,152110,10040300000,65.8(-2.52 %),164910,10881540000,12800,841240000,132782400,9.74
10/08/2017,26620,1736810000,65.2(-0.91 %),26620,1736810000,0,0,132780780,9.74
11/08/2017,-800,-51540000,64.5(-1.07 %),200,12960000,1000,64500000,132786580,9.74
14/08/2017,520,33860000,66(2.33 %),920,60260000,400,26400000,132798460,9.74
15/08/2017,65280,4306850000,66.3(0.45 %),74300,4904860000,9020,598010000,132724160,9.74
16/08/2017,201750,13391670000,66.1(-0.30 %),201750,13391670000,0,0,132523410,9.76
17/08/2017,70720,4674170000,65.8(-0.45 %),71020,4693970000,300,19800000,132452790,9.76
18/08/2017,115990,7659470000,66.1(0.46 %),115990,7659470000,0,0,132345820,9.77
21/08/2017,369400,24979670000,67.3(1.82 %),369870,25011540000,470,31870000,131975950,9.8
22/08/2017,530,35780000,66.7(-0.89 %),530,35780000,0,0,131975720,9.8
23/08/2017,-700,-46690000,66.7(0.00 %),0,0,700,46690000,131975720,9.8
24/08/2017,276390,18624160000,67.6(1.35 %),286390,19300160000,10000,676000000,131689800,9.82
25/08/2017,1760,118940000,67.5(-0.15 %),1780,120290000,20,1350000,131688020,9.82
28/08/2017,45430,3100250000,68.3(1.19 %),49630,3385500000,4200,285250000,131639090,9.83
29/08/2017,1230,84090000,68(-0.44 %),1230,84090000,0,0,131647860,9.83
30/08/2017,14600,984310000,67(-1.47 %),14740,993730000,140,9420000,131633140,9.83
31/08/2017,21990,1482090000,66.8(-0.30 %),34800,2339360000,12810,857270000,131602540,9.83
01/09/2017,1670,111180000,66.8(0.00 %),1670,111180000,0,0,131600870,9.83
05/09/2017,317310,21346150000,67(0.30 %),486210,32684320000,168900,11338170000,131114800,9.87
06/09/2017,283320,18970640000,67(0.00 %),370820,24835200000,87500,5864560000,130756790,9.89
07/09/2017,158900,10644800000,66.8(-0.30 %),264950,17750180000,106050,7105380000,130491840,9.91
08/09/2017,78900,5302060000,66.9(0.15 %),221450,14892760000,142550,9590700000,130439290,9.92
11/09/2017,92540,6215330000,67(0.15 %),282960,18975470000,190420,12760140000,130293830,9.93
12/09/2017,244170,16420630000,67.5(0.75 %),426470,28674290000,182300,12253660000,130023410,9.95
13/09/2017,663190,45620100000,68.7(1.78 %),981620,67481450000,318430,21861350000,129184340,10.02
14/09/2017,166300,11437200000,68.4(-0.44 %),273430,18808830000,107130,7371630000,129101330,10.02
15/09/2017,945280,64577390000,68.3(-0.15 %),3331760,227535210000,2386480,162957820000,125901870,10.27
18/09/2017,-64640,-4338420000,66.4(-2.78 %),16730,1130430000,81370,5468850000,126203570,10.25
19/09/2017,349140,22810260000,65.2(-1.81 %),365140,23869730000,16000,1059470000,125895560,10.27
20/09/2017,-80690,-5185910000,64(-1.84 %),31150,2005600000,111840,7191510000,128250890,10.09
21/09/2017,-58170,-3720210000,64.2(0.31 %),2880,185110000,61050,3905320000,128329380,10.08
22/09/2017,53570,3463410000,64.6(0.62 %),101820,6579780000,48250,3116370000,128243560,10.09
25/09/2017,110280,7144140000,64.9(0.46 %),201300,13044090000,91020,5899950000,128154100,10.1
26/09/2017,195380,12673740000,64.4(-0.77 %),356050,23095560000,160670,10421820000,127859100,10.12
27/09/2017,60090,3882870000,64.8(0.62 %),86220,5573940000,26130,1691070000,127821130,10.12
28/09/2017,-57800,-3700780000,63.9(-1.39 %),910,58410000,58710,3759190000,127911240,10.11
29/09/2017,102740,6472660000,63.1(-1.25 %),122650,7729510000,19910,1256850000,127949260,10.11
02/10/2017,-1060,-66220000,62(-1.74 %),640,39880000,1700,106100000,127974750,10.11
03/10/2017,-1250,-66410000,60.2(-2.90 %),9890,610960000,11140,677370000,128023570,10.11
04/10/2017,-55630,-3354100000,60.4(0.33 %),2520,151810000,58150,3505910000,128040960,10.1
05/10/2017,82400,5074630000,61.4(1.66 %),83100,5117960000,700,43330000,127959560,10.11
06/10/2017,8360,514740000,61.7(0.49 %),24110,1483120000,15750,968380000,127946590,10.11
09/10/2017,4730,289790000,61.2(-0.81 %),5430,332420000,700,42630000,127999310,10.11
10/10/2017,80530,4936800000,61.8(0.98 %),102330,6273320000,21800,1336520000,127897680,10.12
11/10/2017,94110,5815890000,61.8(0.00 %),124810,7713490000,30700,1897600000,127788620,10.12
12/10/2017,13120,802210000,60.9(-1.46 %),17060,1044390000,3940,242180000,127772260,10.12
13/10/2017,110340,6703760000,60.9(0.00 %),110340,6703760000,0,0,127683720,10.13
16/10/2017,112440,6832650000,60.9(0.00 %),134090,8150530000,21650,1317880000,127580330,10.14
17/10/2017,177480,10956670000,62(1.81 %),178280,11005860000,800,49190000,127405990,10.15
18/10/2017,141400,8850680000,62.8(1.29 %),142200,8900450000,800,49770000,127263790,10.16
19/10/2017,147410,9323130000,63.3(0.80 %),155710,9847820000,8300,524690000,127129730,10.17
20/10/2017,130530,8306370000,63.3(0.00 %),147900,9405890000,17370,1099520000,126982630,10.19
23/10/2017,108140,6752250000,62.4(-1.42 %),108240,6758510000,100,6260000,126875190,10.19
24/10/2017,59680,3682720000,62.2(-0.32 %),101060,6232120000,41380,2549400000,126782430,10.2
25/10/2017,49000,3042160000,62.2(0.00 %),50500,3135160000,1500,93000000,126749300,10.2
26/10/2017,2950,186900000,62(-0.32 %),34170,2090110000,31220,1903210000,126715230,10.21
27/10/2017,164590,10267140000,62.6(0.97 %),166090,10359840000,1500,92700000,126590520,10.22
30/10/2017,151290,9517900000,62(-0.96 %),241610,15177310000,90320,5659410000,126350410,10.23
31/10/2017,-77500,-4751440000,61.2(-1.29 %),3070,188800000,80570,4940240000,126378560,10.23
01/11/2017,-63600,-3859290000,60.8(-0.65 %),60650,3701010000,124250,7560300000,126319410,10.24
02/11/2017,120370,7026870000,56.8(-6.58 %),159070,9307600000,38700,2280730000,126250660,10.24
03/11/2017,143810,8223180000,57.2(0.70 %),196680,11247280000,52870,3024100000,126134550,10.25
06/11/2017,-78660,-4360330000,54.8(-4.20 %),3790,210600000,82450,4570930000,126255010,10.24
07/11/2017,85960,4864290000,56(2.19 %),323800,18229990000,237840,13365700000,126119910,10.25
08/11/2017,112880,6370920000,56.9(1.61 %),112880,6370920000,0,0,126059900,10.26
09/11/2017,111530,6454220000,58.2(2.28 %),111850,6472630000,320,18410000,126030500,10.26
10/11/2017,37550,2170350000,58(-0.34 %),37550,2170350000,0,0,126080790,10.26
13/11/2017,12540,708680000,55.4(-4.48 %),12590,711450000,50,2770000,126068200,10.26
14/11/2017,106480,5867360000,55.3(-0.18 %),109980,6059860000,3500,192500000,125958540,10.27
15/11/2017,183950,10446360000,56.9(2.89 %),253950,14419280000,70000,3972920000,125774590,10.28
16/11/2017,63330,3617210000,57.2(0.53 %),229230,13087970000,165900,9470760000,125687440,10.29
17/11/2017,-103930,-5835860000,55.6(-2.80 %),40270,2245790000,144200,8081650000,125650670,10.29
20/11/2017,-243340,-13848740000,57.4(3.24 %),24050,1369870000,267390,15218610000,125626620,10.29
21/11/2017,315610,19121860000,60.5(5.40 %),434810,26281000000,119200,7159140000,125215680,10.32
22/11/2017,219490,13569410000,61.9(2.31 %),220560,13634250000,1070,64840000,125139320,10.33
23/11/2017,-61150,-3710760000,60.5(-2.26 %),48300,2930490000,109450,6641250000,125358410,10.31
24/11/2017,-112730,-6799790000,60.2(-0.50 %),41600,2501530000,154330,9301320000,125436010,10.31
27/11/2017,78670,4782640000,61(1.33 %),249720,15229680000,171050,10447040000,125187360,10.32
28/11/2017,46070,2776470000,60.1(-1.48 %),69540,4190660000,23470,1414190000,125227270,10.32
29/11/2017,-257300,-15570600000,61.8(2.83 %),349700,21043090000,607000,36613690000,125031900,10.34
30/11/2017,-61360,-3824890000,62(0.32 %),9040,561080000,70400,4385970000,125193910,10.32
01/12/2017,197660,12787060000,65.2(5.16 %),398370,25626670000,200710,12839610000,125016010,10.34
04/12/2017,179810,11854930000,66.2(1.53 %),186440,12284120000,6630,429190000,125436570,10.31
05/12/2017,377760,25291580000,66.5(0.45 %),413360,27676320000,35600,2384740000,125093610,10.33
06/12/2017,100130,6629930000,66(-0.75 %),163600,10837380000,63470,4207450000,124933720,10.34
07/12/2017,4950,300750000,64.4(-2.42 %),152850,9900690000,147900,9599940000,124852100,10.35
08/12/2017,7220,550050000,65.9(2.33 %),214460,14093700000,207240,13543650000,124795240,10.35
11/12/2017,63940,4144970000,64.4(-2.28 %),142250,9239230000,78310,5094260000,124766460,10.36
12/12/2017,-72160,-4587770000,64.1(-0.47 %),90040,5735210000,162200,10322980000,124759720,10.36
13/12/2017,-229890,-14449200000,62.3(-2.81 %),51610,3241250000,281500,17690450000,124793350,10.36
14/12/2017,100670,6436470000,64.8(4.01 %),100670,6436470000,0,0,124720990,10.36
15/12/2017,100220,6516870000,65(0.31 %),173070,11238730000,72850,4721860000,124710120,10.36
18/12/2017,-3530,-230410000,65.9(1.38 %),170,11200000,3700,241610000,124991450,10.34
19/12/2017,58760,3944690000,67(1.67 %),70690,4746350000,11930,801660000,124920760,10.35
20/12/2017,119640,8296560000,70(4.48 %),161700,11218910000,42060,2922350000,124831910,10.35
21/12/2017,194340,13679600000,69.7(-0.43 %),216090,15199310000,21750,1519710000,124619520,10.37
22/12/2017,-127490,-8779260000,69(-1.00 %),28730,1982830000,156220,10762090000,124602720,10.37
25/12/2017,72070,5124980000,71.9(4.20 %),82070,5836980000,10000,712000000,124562710,10.37
26/12/2017,115670,8450750000,73.2(1.81 %),138870,10143210000,23200,1692460000,124445590,10.38
27/12/2017,14030,975270000,73.2(0.00 %),79680,5807630000,65650,4832360000,124522130,10.38
28/12/2017,70020,5241620000,74(1.09 %),224320,16597320000,154300,11355700000,124307810,10.39
29/12/2017,374820,28164140000,75(1.35 %),379820,28534640000,5000,370500000,123951190,10.42
02/01/2018,30270,2220550000,75(0.00 %),84120,6301950000,53850,4081400000,123932720,10.42
03/01/2018,81360,6107970000,75.2(0.27 %),81390,6110230000,30,2260000,124005630,10.42
04/01/2018,400330,30980500000,78.6(4.52 %),432630,33465930000,32300,2485430000,123578000,10.45
05/01/2018,173100,13606760000,79(0.51 %),199300,15670120000,26200,2063360000,123432550,10.46
08/01/2018,74470,6191140000,84(6.33 %),81920,6784330000,7450,593190000,123350660,10.47
09/01/2018,-9990,-853340000,83.1(-1.07 %),16910,1406490000,26900,2259830000,123366050,10.47
10/01/2018,265660,22583540000,85(2.29 %),331870,28195250000,66210,5611710000,123060380,10.49
11/01/2018,427750,37027740000,88.2(3.76 %),481650,41724850000,53900,4697110000,122586180,10.53
12/01/2018,208640,18579770000,86.7(-1.70 %),295740,26280120000,87100,7700350000,122367340,10.54
15/01/2018,145960,12940340000,90.5(4.38 %),152610,13535790000,6650,595450000,122280940,10.55
16/01/2018,364000,32911880000,91(0.55 %),451860,41024820000,87860,8112940000,121882980,10.58
17/01/2018,91260,8357580000,86.2(-5.27 %),149680,13696660000,58420,5339080000,121770400,10.59
18/01/2018,-434000,-37180430000,86.8(0.70 %),359970,30423460000,793970,67603890000,121717080,10.59
19/01/2018,-42250,-4011640000,91.9(5.88 %),758010,67269910000,800260,71281550000,121146930,10.64
22/01/2018,21050,2021880000,93.1(1.31 %),66460,6151650000,45410,4129770000,121138890,10.64
25/01/2018,1049720,97870580000,93.1(0.00 %),1050460,97940080000,740,69500000,121328070,10.62
26/01/2018,334260,31053530000,93(-0.11 %),342850,31852870000,8590,799340000,120985220,10.65
29/01/2018,180210,16526650000,91.8(-1.29 %),765130,70129260000,584920,53602610000,120220090,10.71
30/01/2018,-94710,-8400000000,89.5(-2.51 %),325120,28919090000,419830,37319090000,119895710,10.73
31/01/2018,476140,42767130000,88.5(-1.12 %),569200,51029690000,93060,8262560000,119335100,10.78
01/02/2018,163460,14521090000,88.6(0.11 %),235670,20933730000,72210,6412640000,119684350,10.75
02/02/2018,352670,30801560000,87.8(-0.90 %),357260,31203160000,4590,401600000,119746920,10.75
05/02/2018,252040,21285920000,81.7(-6.95 %),386640,32701910000,134600,11415990000,119453340,10.77
06/02/2018,-112660,-8688830000,76(-6.98 %),20000,1520000000,132660,10208830000,119505550,10.76
07/02/2018,439490,35190320000,79.9(5.13 %),668490,53241300000,229000,18050980000,118841650,10.82
08/02/2018,148620,11633200000,77.1(-3.50 %),148620,11633200000,0,0,118827630,10.82
09/02/2018,-106560,-7719160000,73.1(-5.19 %),40400,2937110000,146960,10656270000,118919890,10.81
12/02/2018,201460,15509010000,77.9(6.57 %),293790,22438840000,92330,6929830000,118855100,10.81
13/02/2018,-44800,-3516770000,78.2(0.39 %),8600,674990000,53400,4191760000,118846500,10.81
21/02/2018,49260,3948160000,79.7(1.92 %),170000,13567100000,120740,9618940000,118913780,10.81
22/02/2018,126190,9980330000,77.5(-2.76 %),132140,10451280000,5950,470950000,118873970,10.81
23/02/2018,299710,24116280000,82.9(6.97 %),346710,28011880000,47000,3895600000,118580660,10.84
26/02/2018,461690,40571010000,88.5(6.76 %),509150,44753160000,47460,4182150000,118101930,10.87
27/02/2018,-166210,-14572620000,87.9(-0.68 %),77110,6758680000,243320,21331300000,118030770,10.88
28/02/2018,136480,12063180000,89.9(2.28 %),473320,42052390000,336840,29989210000,117604450,10.91
01/03/2018,-247070,-21792390000,87.2(-3.00 %),28230,2475150000,275300,24267540000,117623680,10.91
02/03/2018,-192270,-16586930000,87(-0.23 %),60400,5222070000,252670,21809000000,117806600,10.9
05/03/2018,-85040,-7400210000,83.1(-4.48 %),4210,364780000,89250,7764990000,118139230,10.87
06/03/2018,191080,16195030000,86.6(4.21 %),205850,17452380000,14770,1257350000,118208680,10.86
07/03/2018,-146280,-12356880000,83.3(-3.81 %),18320,1557320000,164600,13914200000,118443030,10.85
08/03/2018,-57030,-4751810000,85(2.04 %),63330,5361800000,120360,10113610000,118468950,10.84
09/03/2018,53730,4548460000,84(-1.18 %),153730,13007300000,100000,8458840000,118329990,10.85
12/03/2018,-35010,-2943040000,82.4(-1.90 %),15990,1342470000,51000,4285510000,118478600,10.84
13/03/2018,-76440,-6247620000,81.5(-1.09 %),47040,3790090000,123480,10037710000,118551920,10.84
14/03/2018,-57820,-4717060000,81.2(-0.37 %),23080,1887930000,80900,6604990000,118628840,10.83
15/03/2018,-189780,-15344490000,81.1(-0.12 %),98000,7938730000,287780,23283220000,118581840,10.84
16/03/2018,-759860,-62975740000,83(2.34 %),175760,14693030000,935620,77668770000,118529560,10.84
19/03/2018,51650,4458620000,86.3(3.98 %),56180,4845830000,4530,387210000,118554280,10.84
20/03/2018,34290,2965110000,85.5(-0.93 %),36500,3156940000,2210,191830000,118805560,10.82
21/03/2018,103350,8993220000,86.9(1.64 %),103350,8993220000,0,0,119637830,10.75
22/03/2018,155750,13620900000,86.9(0.00 %),155970,13640280000,220,19380000,119486390,10.77
23/03/2018,358720,30585870000,85.1(-2.07 %),375390,31997290000,16670,1411420000,119113210,10.79
26/03/2018,33090,2774150000,83(-2.47 %),45950,3871100000,12860,1096950000,119067260,10.8
27/03/2018,-124160,-10168880000,82(-1.20 %),81560,6664210000,205720,16833090000,118985920,10.8
28/03/2018,47510,3923360000,82.9(1.10 %),54280,4478520000,6770,555160000,118948310,10.81
29/03/2018,115570,9520770000,82.3(-0.72 %),128400,10573220000,12830,1052450000,118832770,10.82
30/03/2018,107280,8934730000,83.7(1.70 %),116440,9694560000,9160,759830000,118922050,10.81
02/04/2018,39570,3373730000,84.9(1.43 %),217040,18328420000,177470,14954690000,118831780,10.82
03/04/2018,-244190,-20416130000,83(-2.24 %),91090,7582960000,335280,27999090000,118753520,10.82
04/04/2018,126640,10433140000,82.5(-0.60 %),333040,27409730000,206400,16976590000,118429640,10.85
05/04/2018,-64500,-5247440000,81.4(-1.33 %),58100,4750150000,122600,9997590000,118429010,10.85
06/04/2018,-138060,-11189570000,83(1.97 %),62710,5100280000,200770,16289850000,118701580,10.83
09/04/2018,-62000,-5132010000,83.4(0.48 %),81810,6865730000,143810,11997740000,118826170,10.82
10/04/2018,34610,2834590000,83(-0.48 %),54640,4486460000,20030,1651870000,118894130,10.81
11/04/2018,-94600,-7739550000,79(-4.82 %),124980,10207880000,219580,17947430000,119067910,10.8
12/04/2018,228890,18154590000,80(1.27 %),349390,27675930000,120500,9521340000,118862330,10.81
13/04/2018,245300,19065420000,76.5(-4.38 %),250280,19449120000,4980,383700000,118632080,10.83
16/04/2018,57610,4430070000,76.7(0.26 %),200350,15248440000,142740,10818370000,118553320,10.84
17/04/2018,16640,1265550000,74(-3.52 %),183000,13718100000,166360,12452550000,118490820,10.84
18/04/2018,-121630,-8828890000,71.8(-2.97 %),50970,3663330000,172600,12492220000,118444830,10.85
19/04/2018,-180620,-12413380000,66.8(-6.96 %),68080,4573540000,248700,16986920000,118519490,10.84
20/04/2018,-65940,-4516450000,69.4(3.89 %),47600,3270440000,113540,7786890000,118638250,10.83
23/04/2018,-151240,-10188040000,64.6(-6.92 %),7190,486850000,158430,10674890000,118803660,10.82
24/04/2018,64750,4234910000,62(-4.02 %),397600,24706910000,332850,20472000000,118654760,10.83
26/04/2018,-59720,-3638960000,57.7(-6.94 %),166570,10135720000,226290,13774680000,118601730,10.83
27/04/2018,235450,14288790000,61.7(6.93 %),340030,20420090000,104580,6131300000,118465130,10.84
02/05/2018,188560,12358360000,66(6.97 %),188960,12384760000,400,26400000,118609020,10.83
03/05/2018,36990,2488750000,66.2(0.30 %),229590,15209140000,192600,12720390000,118605720,10.83
04/05/2018,-33000,-2113320000,65.4(-1.21 %),140350,9162950000,173350,11276270000,118524950,10.84
07/05/2018,-76260,-5032000000,66.5(1.68 %),53740,3494720000,130000,8526720000,118471610,10.84
08/05/2018,149270,10179350000,68.2(2.56 %),215470,14681840000,66200,4502490000,118448740,10.85
09/05/2018,71180,4843900000,67.7(-0.73 %),131640,8970910000,60460,4127010000,118490450,10.84
10/05/2018,-122290,-8136210000,64(-5.47 %),8900,587560000,131190,8723770000,118611550,10.83
11/05/2018,-57410,-3639010000,64(0.00 %),169690,10808830000,227100,14447840000,118529760,10.84
14/05/2018,-26070,-1727810000,66(3.12 %),35120,2295850000,61190,4023660000,118555100,10.84
15/05/2018,15280,1031440000,70.6(6.97 %),174240,12085650000,158960,11054210000,118512050,10.84
16/05/2018,-53320,-3759360000,69(-2.27 %),42560,2950490000,95880,6709850000,118674890,10.83
17/05/2018,-383200,-26340600000,68(-1.45 %),79210,5435530000,462410,31776130000,118656870,10.83
18/05/2018,-68920,-4708790000,69(1.47 %),80920,5452760000,149840,10161550000,118734910,10.82
21/05/2018,-118970,-8005150000,66(-4.35 %),32130,2185570000,151100,10190720000,118798660,10.82
22/05/2018,0,-39690000,62(-6.06 %),22710,1413990000,22710,1453680000,119238360,10.78
23/05/2018,-41240,-2556240000,63.3(2.10 %),10060,624010000,51300,3180250000,119378140,10.77
24/05/2018,27690,1734060000,63(-0.47 %),47770,3013540000,20080,1279480000,119481470,10.77
25/05/2018,-52860,-3275490000,59.5(-5.56 %),15260,933880000,68120,4209370000,119488920,10.77
28/05/2018,-31080,-1817290000,56(-5.88 %),51770,2963840000,82850,4781130000,119488450,10.77
29/05/2018,-77800,-4508110000,59.9(6.96 %),82200,4875360000,160000,9383470000,119426330,10.77
30/05/2018,-117500,-6982590000,58.5(-2.34 %),90840,5386930000,208340,12369520000,119403610,10.77
31/05/2018,-13620,-833180000,62(5.98 %),48040,2987620000,61660,3820800000,119438420,10.77
01/06/2018,-42120,-2601360000,62.5(0.81 %),56140,3492780000,98260,6094140000,119542280,10.76
04/06/2018,-37900,-2370190000,62.8(0.48 %),40690,2551260000,78590,4921450000,119709930,10.75
05/06/2018,82380,5310190000,65.6(4.46 %),86040,5550680000,3660,240490000,119685550,10.75
06/06/2018,127760,8515580000,67.2(2.44 %),140810,9376750000,13050,861170000,119643000,10.75
07/06/2018,194970,13015570000,66.9(-0.45 %),211570,14124740000,16600,1109170000,119510020,10.76
08/06/2018,36590,2409630000,68.2(1.94 %),64260,4276120000,27670,1866490000,119449420,10.77
11/06/2018,-18780,-1255900000,66.3(-2.79 %),25970,1755260000,44750,3011160000,119436500,10.77
12/06/2018,-12970,-829440000,64.8(-2.26 %),11090,707030000,24060,1536470000,119442010,10.77
13/06/2018,50550,3370400000,67(3.40 %),56660,3768850000,6110,398450000,119413020,10.77
14/06/2018,45860,3106390000,66.7(-0.45 %),77920,5255560000,32060,2149170000,119379850,10.77
15/06/2018,180710,12169630000,67.3(0.90 %),251910,16951090000,71200,4781460000,119152000,10.79
18/06/2018,7620,511140000,64.5(-4.16 %),20590,1367990000,12970,856850000,119137520,10.79
19/06/2018,72960,4498980000,62.5(-3.10 %),72960,4498980000,0,0,119096620,10.8
20/06/2018,-9760,-613940000,63.9(2.24 %),12020,757750000,21780,1371690000,119155800,10.79
21/06/2018,4490,284990000,62.6(-2.03 %),16380,1031670000,11890,746680000,119152390,10.79
22/06/2018,-18810,-1175810000,63.4(1.28 %),740,46320000,19550,1222130000,119151650,10.79
25/06/2018,-1900,-116780000,61.6(1.99 %),7300,451620000,9200,568400000,119166130,10.79
26/06/2018,3310,199780000,60.6(-1.62 %),7770,470500000,4460,270720000,119170250,10.79
27/06/2018,103210,6313580000,59.8(-1.32 %),103390,6324600000,180,11020000,119086410,10.8
28/06/2018,74160,4377260000,59(-1.34 %),74310,4386230000,150,8970000,119021300,10.8
29/06/2018,34600,2035145000,58.5(-0.85 %),34600,2035145000,0,0,118986700,39.8
02/07/2018,214370,12401860000,58.5(0.00 %),221550,12821750000,7180,419890000,118769790,10.82
03/07/2018,-48230,-2706580000,55.1(-5.81 %),69640,3932630000,117870,6639210000,118700300,10.83
04/07/2018,38170,2116180000,55.6(0.91 %),39390,2184500000,1220,68320000,118660910,10.83
05/07/2018,191630,10230940000,52.8(-5.04 %),252730,13492810000,61100,3261870000,118415360,10.85
06/07/2018,148500,7928810000,54.4(3.03 %),255170,13721230000,106670,5792420000,118278060,10.86
09/07/2018,200740,11319870000,55(1.10 %),200940,11330950000,200,11080000,118078340,10.87
10/07/2018,-22450,-1169520000,55(0.00 %),373150,20838930000,395600,22008450000,118066290,10.88
11/07/2018,80460,4318420000,54(-1.82 %),111110,5943190000,30650,1624770000,118061850,10.88
12/07/2018,-14310,-771156000,53.5(-0.93 %),2290,123709000,16600,894865000,118076160,39.87
13/07/2018,-25660,-1390910000,54(0.93 %),780,42320000,26440,1433230000,118154580,10.87
16/07/2018,-50190,-2727200000,54.4(0.74 %),4840,262170000,55030,2989370000,118180390,10.87
17/07/2018,-58120,-3130210000,54(-0.74 %),30,1610000,58150,3131820000,118196960,10.86
18/07/2018,-201680,-11243479000,57(5.56 %),6780,385748000,208460,11629227000,118398640,39.85
19/07/2018,88460,5101880000,57.6(1.05 %),88460,5101880000,0,0,118183190,10.87
20/07/2018,-16900,-956070000,56.1(-2.60 %),34560,1962350000,51460,2918420000,118206780,10.86
23/07/2018,117500,6779837000,57.2(1.96 %),127480,7356424000,9980,576587000,118089280,39.87
24/07/2018,-74910,-4273900000,57(-0.35 %),13510,770600000,88420,5044500000,118274250,10.86
25/07/2018,45770,2629260000,56.9(-0.18 %),46370,2663460000,600,34200000,118279340,10.86
26/07/2018,34070,1919980000,56(-1.58 %),34070,1919980000,0,0,118255250,10.86
27/07/2018,20010,1141500000,56.7(1.25 %),23390,1334500000,3380,193000000,118320280,10.86
30/07/2018,-7130,-415520000,58(2.29 %),5750,331430000,12880,746950000,118315130,10.86
31/07/2018,-76420,-4690093000,60.5(4.31 %),163730,9934366000,240150,14624459000,118391550,39.85
01/08/2018,24290,1500770000,61.3(1.32 %),24380,1506320000,90,5550000,118130400,10.87
02/08/2018,44570,2719870000,61.7(0.65 %),58010,3538820000,13440,818950000,118085270,10.87
03/08/2018,46970,2962850000,62.6(1.46 %),69930,4412710000,22960,1449860000,118255490,10.86
06/08/2018,143780,9184275000,63.9(2.08 %),155230,9912130000,11450,727855000,118111710,39.87
07/08/2018,223900,14135101000,62.6(-2.03 %),237460,14997574000,13560,862473000,117887810,39.89
08/08/2018,25810,1634520000,63(0.64 %),33330,2108860000,7520,474340000,117865960,10.89
09/08/2018,47100,2943990000,62.9(-0.16 %),150960,9479330000,103860,6535340000,117810450,10.89
10/08/2018,-14940,-925490000,63.9(1.59 %),13800,867980000,28740,1793470000,117810210,10.89
13/08/2018,10690,567800000,66.5(4.07 %),193990,12630660000,183300,12062860000,117723740,10.9
14/08/2018,-14290,-937350000,65.6(-1.35 %),410,26850000,14700,964200000,117743190,10.9
15/08/2018,68210,4328940000,62.8(-4.27 %),81760,5208090000,13550,879150000,117690170,10.9
16/08/2018,403840,25609280000,64.6(2.87 %),422490,26779040000,18650,1169760000,117350980,10.93
17/08/2018,135500,8734706000,64.2(-0.62 %),163110,10514764000,27610,1780058000,117215480,39.94
20/08/2018,-41530,-2726710000,65.5(2.02 %),9030,595040000,50560,3321750000,117207090,10.94
21/08/2018,1700,110970000,65.8(0.46 %),7610,500050000,5910,389080000,117218130,10.94
22/08/2018,11560,767460000,65.6(-0.30 %),15780,1046940000,4220,279480000,117229960,10.94
23/08/2018,20610,1360240000,65.9(0.46 %),33210,2190980000,12600,830740000,117247310,10.94
24/08/2018,-104110,-6959769000,68(3.19 %),106060,7141558000,210170,14101327000,117351420,39.93
27/08/2018,288180,19778630000,68.8(1.18 %),293840,20167970000,5660,389340000,116857540,10.97
28/08/2018,240290,16555410000,69(0.29 %),243850,16800170000,3560,244760000,116626290,10.99
29/08/2018,-106420,-7201590000,67.3(-2.46 %),760,51500000,107180,7253090000,116835700,10.97
30/08/2018,-10330,-699920000,68.8(2.23 %),270,18460000,10600,718380000,116841090,10.97
31/08/2018,10890,755040000,67.8(-1.45 %),19530,1346660000,8640,591620000,116825120,10.97
04/09/2018,420,32441000,67.4(-0.59 %),9170,623194000,8750,590753000,116824700,39.97
05/09/2018,-3250,-218180000,67(-0.59 %),220,14820000,3470,233000000,116933510,10.96
06/09/2018,76260,5129068000,67.1(0.15 %),302160,20286750000,225900,15157682000,116857250,39.97
07/09/2018,29700,1986605000,67.8(1.04 %),38500,2581558000,8800,594953000,116827550,39.97
10/09/2018,-75580,-5256290000,69.5(2.51 %),1460,99010000,77040,5355300000,116612250,10.99
11/09/2018,54130,3782970000,70(0.72 %),59000,4123370000,4870,340400000,116779150,10.97
12/09/2018,113080,8087550000,71(1.43 %),146780,10484360000,33700,2396810000,116641170,10.99
13/09/2018,-17490,-1238690000,69.8(-1.69 %),3120,218970000,20610,1457660000,116715090,10.98
14/09/2018,287230,20218490000,70.6(1.15 %),305400,21496790000,18170,1278300000,116414560,11.0
17/09/2018,291690,20701610000,71.2(0.85 %),304430,21608930000,12740,907320000,116143830,11.02
18/09/2018,149310,10598550000,71.4(0.28 %),150010,10648450000,700,49900000,116014430,11.03
19/09/2018,208720,14920870000,70.7(-0.98 %),258910,18505810000,50190,3584940000,115773690,11.05
20/09/2018,-30510,-2161820000,71.3(0.85 %),4150,294370000,34660,2456190000,115782280,11.05
21/09/2018,-592610,-41931240000,70.8(-0.70 %),269560,19126120000,862170,61057360000,115513420,11.07
24/09/2018,-113560,-8232954000,73(3.11 %),11610,845282000,125170,9078236000,115626980,11.06
25/09/2018,42040,3085399680,73.1(0.14 %),42200,3097142400,160,11742720,115584940,11.07
26/09/2018,-3860,-280620000,72(-1.50 %),2600,189230000,6460,469850000,116394650,11.0
27/09/2018,5900,424870000,72.1(0.14 %),8740,628860000,2840,203990000,116511080,11.0
28/09/2018,-23510,-1670091000,71(-1.53 %),1250,90029000,24760,1760120000,116534590,10.99
01/10/2018,260380,18728670000,71.6(0.85 %),354890,25530040000,94510,6801370000,116161560,11.02
02/10/2018,-19830,-1429304000,71(-0.84 %),4030,287675000,23860,1716979000,116181390,11.02
03/10/2018,4170,295090000,70.7(-0.42 %),6620,468300000,2450,173210000,116178510,11.02
04/10/2018,14650,1043100000,71.5(1.13 %),18540,1320140000,3890,277040000,116254480,11.02
05/10/2018,4250,303000000,69(-3.50 %),6760,478690000,2510,175690000,116271580,11.01
08/10/2018,-195470,-13241550000,66.8(-3.19 %),390,26520000,195860,13268070000,116273640,11.01
09/10/2018,33060,2234100000,67.1(0.45 %),36460,2463500000,3400,229400000,116241070,11.02
10/10/2018,-22860,-1535018000,67(-0.15 %),6690,449869000,29550,1984887000,116263930,11.01
11/10/2018,139150,8794147000,62.9(-6.12 %),190720,12042696000,51570,3248549000,116124780,11.03
12/10/2018,200700,12748999000,64.2(2.07 %),355600,22542027200,154900,9793028200,115924080,11.04
15/10/2018,-38280,-2376340000,62.7(-2.34 %),175130,11159500000,213410,13535840000,115950510,11.04
16/10/2018,-46660,-2950330000,63.4(1.12 %),12070,764130000,58730,3714460000,115990010,11.04
17/10/2018,-456340,-29019075000,63.4(0.00 %),223320,14181151000,679660,43200226000,116446350,11.0
18/10/2018,47580,3001090000,63(-0.63 %),48650,3068930000,1070,67840000,116080090,11.03
19/10/2018,-40590,-2512106000,62(-1.59 %),71000,4398012000,111590,6910118000,116120680,11.03
22/10/2018,-22130,-1379440000,60.4(-2.58 %),100,6200000,22230,1385640000,116547380,10.99
23/10/2018,-24760,-1486416000,58(-3.97 %),6240,362684000,31000,1849100000,116572140,10.99
24/10/2018,-71920,-4124634000,55.8(-3.79 %),2380,136984000,74300,4261618000,116644060,10.98
25/10/2018,-176360,-9738350000,57.3(2.69 %),41120,2221390000,217480,11959740000,116632530,10.99
26/10/2018,236520,13745560000,57.7(0.70 %),263430,15309330000,26910,1563770000,116400100,11.0
29/10/2018,-30640,-1742900000,57(-1.21 %),12400,706800000,43040,2449700000,116461600,11.0
30/10/2018,-5670,-320519000,57.2(0.35 %),17070,983669000,22740,1304188000,116467270,11.0
31/10/2018,-122290,-7246960000,59.5(4.02 %),280,16377000,122570,7263337000,116589560,10.99
01/11/2018,-15800,-925030000,58.1(-2.35 %),9840,581710000,25640,1506740000,116722240,10.98
02/11/2018,-44420,-2640935000,60.1(3.44 %),2880,172350000,47300,2813285000,116766660,10.98
05/11/2018,95230,5716770000,61(1.50 %),97340,5843200000,2110,126430000,116767330,10.98
06/11/2018,91850,5632379000,60.3(-1.15 %),95750,5872066000,3900,239687000,116675480,10.98
07/11/2018,-95030,-5657110000,59.5(-1.33 %),7730,461420000,102760,6118530000,116736790,10.98
08/11/2018,7150,427040000,59.4(-0.17 %),7150,427040000,0,0,116731750,10.98
09/11/2018,-146210,-8495520000,57(-4.04 %),3990,233590000,150200,8729110000,116731660,10.98
12/11/2018,-103140,-5851810000,57.8(1.40 %),50,2830000,103190,5854640000,116834370,10.97
13/11/2018,-270,-15435000,56.5(-2.25 %),330,18765000,600,34200000,116834640,10.97
14/11/2018,-16330,-933872000,55(-2.65 %),63670,3522540000,80000,4456412000,116850970,10.97
15/11/2018,-6070,-335410000,55(0.00 %),1240,68660000,7310,404070000,117022520,10.96
16/11/2018,-38890,-2177440000,56.4(2.55 %),0,0,38890,2177440000,117023120,10.96
19/11/2018,-1850,-106390000,59(4.61 %),1000,57800000,2850,164190000,117102120,10.95
20/11/2018,-1430,-83430000,58.5(-0.85 %),1300,76310000,2730,159740000,117108130,10.95
21/11/2018,130,7510000,58(-0.85 %),130,7510000,0,0,117146890,10.95
22/11/2018,-3300,-191610000,58(0.00 %),2350,136380000,5650,327990000,117147390,10.95
23/11/2018,79200,4591699200,58.2(0.34 %),80500,4667068000,1300,75368800,117068190,10.95
26/11/2018,16110,930094740,58.1(-0.17 %),16110,930094740,0,0,117052080,10.95
27/11/2018,-1980,-121839000,58.1(0.00 %),21810,1260886000,23790,1382725000,117054060,10.95
28/11/2018,-19660,-1138570000,58.3(0.34 %),800,46240000,20460,1184810000,117011440,10.96
29/11/2018,-88520,-5129210000,57.4(-1.54 %),3040,178430000,91560,5307640000,117008400,10.96
30/11/2018,22440,1302110000,58(1.05 %),25000,1450000000,2560,147890000,117007190,10.96
03/12/2018,151360,9037099000,61(5.17 %),157100,9386096000,5740,348997000,116870550,10.97
04/12/2018,12730,778690000,60.7(-0.49 %),17640,1077260000,4910,298570000,116944470,10.96
05/12/2018,-142300,-8713789000,60.8(0.16 %),166800,10071887000,309100,18785676000,117086770,10.95
06/12/2018,4360,264343000,60.5(-0.49 %),4360,264343000,0,0,117082410,10.95
07/12/2018,7400,450460000,61.1(0.99 %),9350,569510000,1950,119050000,116777170,10.97
10/12/2018,-2520,-154840000,61.4(0.49 %),200,12280000,2720,167120000,117086070,10.95
11/12/2018,-40580,-2466700000,60.9(-0.81 %),1460,88910000,42040,2555610000,117084610,10.95
12/12/2018,-62290,-3804156000,61.2(0.49 %),6350,388281000,68640,4192437000,117146900,10.95
13/12/2018,-8140,-497630000,61(-0.33 %),90,5526000,8230,503156000,117155040,10.95
14/12/2018,-59500,-3617330000,60(-1.64 %),8010,490200000,67510,4107530000,117116870,10.95
17/12/2018,12290,731150000,57(-5.00 %),18480,1096620000,6190,365470000,117167030,10.94
18/12/2018,1300,74370000,56.8(-0.35 %),8380,474820000,7080,400450000,117166880,10.94
19/12/2018,-30770,-1731100000,55.8(-1.76 %),240,13490000,31010,1744590000,117234150,10.94
20/12/2018,-9640,-541400000,55.9(0.18 %),1510,84650000,11150,626050000,117238830,10.94
21/12/2018,44430,2537510000,57.1(2.15 %),46500,2653230000,2070,115720000,117199410,10.94
24/12/2018,-514390,-29124850000,56.6(-0.88 %),150,8520000,514540,29133370000,117230270,10.94
25/12/2018,-7970,-440430000,55.3(-2.30 %),150,8300000,8120,448730000,117241270,10.94
26/12/2018,-36000,-1993217000,55.2(-0.18 %),3690,204161000,39690,2197378000,117277270,10.94
27/12/2018,-163370,-9202630000,56.2(1.81 %),600,33900000,163970,9236530000,117753590,10.9
28/12/2018,-311970,-16551470000,53(-5.69 %),840,46950000,312810,16598420000,117760870,10.9
02/01/2019,10080,554089000,54.4(2.64 %),12980,712544000,2900,158455000,117951550,10.88
03/01/2019,130,7183000,53.6(-1.47 %),330,17860000,200,10677000,117951420,10.88
04/01/2019,39290,2155780000,54.9(2.43 %),41290,2262480000,2000,106700000,118222740,10.86
07/01/2019,38080,2106600000,55.2(0.55 %),46500,2572914000,8420,466314000,118184660,10.87
08/01/2019,-243330,-13085350000,54.1(-1.99 %),241590,13069320000,484920,26154670000,118177150,10.87
09/01/2019,-189850,-10311650000,54.2(0.18 %),1200,65700000,191050,10377350000,118177950,10.87
10/01/2019,2190,120270000,55.1(1.66 %),2190,120270000,0,0,118184180,10.87
11/01/2019,44800,2482905000,55.3(0.36 %),45590,2526829000,790,43924000,118139380,10.87
14/01/2019,12230,672490000,54.9(-0.72 %),29730,1630370000,17500,957880000,118545430,10.84
15/01/2019,5240,286740000,55.3(0.73 %),26350,1456480000,21110,1169740000,118519080,10.84
16/01/2019,6960,391463000,55.5(0.36 %),27070,1512023000,20110,1120560000,118512120,10.84
17/01/2019,460,26580000,54.7(-1.44 %),3200,177560000,2740,150980000,118507100,10.84
18/01/2019,-8700,-475760000,54.4(-0.55 %),3410,186670000,12110,662430000,118524800,10.84
21/01/2019,-15480,-856690000,55.3(1.65 %),0,0,15480,856690000,118544910,10.84
22/01/2019,-319240,-17226040000,53.5(-3.25 %),11460,616790000,330700,17842830000,118536190,10.84
23/01/2019,-249980,-13306562000,53.2(-0.56 %),5850,311835000,255830,13618397000,118786170,10.82
24/01/2019,-550910,-29343540000,53.2(0.00 %),770,40960000,551680,29384500000,118557160,10.84
25/01/2019,-32600,-1748370000,53.8(1.13 %),11000,590740000,43600,2339110000,118876860,10.81
28/01/2019,-311560,-16735680000,53.5(-0.56 %),14440,774330000,326000,17510010000,119118250,10.79
29/01/2019,-91730,-4894650000,53.5(0.00 %),28270,1511320000,120000,6405970000,119641660,10.75
30/01/2019,-272840,-14584824000,53.3(-0.37 %),490,26215000,273330,14611039000,120045810,10.72
31/01/2019,-342120,-18451520000,53.9(1.13 %),8810,475530000,350930,18927050000,120001960,10.73
01/02/2019,-417630,-22403272000,53.5(-0.74 %),101930,5475691000,519560,27878963000,0,0.0
11/02/2019,-105620,-5806860000,55.6(3.93 %),27730,1530160000,133350,7337020000,120265630,10.71
12/02/2019,34950,1965450000,55.7(0.18 %),100100,5591170000,65150,3625720000,120516460,10.69
13/02/2019,135900,7694380000,57.1(2.51 %),154660,8755973000,18760,1061593000,119954800,10.73
14/02/2019,117580,6700590000,56.7(-0.70 %),117580,6700590000,0,0,120897130,10.66
15/02/2019,9390,540514000,56.7(0.00 %),35580,2028802000,26190,1488288000,119827830,10.74
18/02/2019,578920,33423236000,59(4.06 %),580880,33535252000,1960,112016000,119248910,10.78
19/02/2019,459580,26917550000,57.7(-2.20 %),462080,27064300000,2500,146750000,119902500,10.73
20/02/2019,-21980,-1249670000,56.8(-1.56 %),27190,1557900000,49170,2807570000,119901500,10.73
21/02/2019,440720,25536270000,58.3(2.64 %),453110,26252420000,12390,716150000,119450350,10.77
22/02/2019,303640,17775777000,58.5(0.34 %),304620,17833303000,980,57526000,118066950,10.87
25/02/2019,425350,25093468000,58.6(0.17 %),429200,25321380000,3850,227912000,117641600,10.91
26/02/2019,-257610,-14834842000,57(-2.73 %),1090,62586000,258700,14897428000,117899210,10.89
27/02/2019,-32900,-1868080000,56.7(-0.53 %),6600,373420000,39500,2241500000,118773880,10.82
28/02/2019,106270,6076714000,56.5(-0.35 %),276390,15734085000,170120,9657371000,117825840,10.89
01/03/2019,-49370,-2781773000,58.6(3.72 %),46710,2707437000,96080,5489210000,118760040,10.82
04/03/2019,-4380,-256580000,60.4(3.07 %),1500,90350000,5880,346930000,118751330,10.82
05/03/2019,2260,134252000,59.4(-1.66 %),7580,454635000,5320,320383000,118762160,10.82
06/03/2019,452690,27168643040,61.5(3.54 %),460740,27651771840,8050,483128800,118309470,10.86
07/03/2019,280560,17151667000,61(-0.81 %),283360,17322747000,2800,171080000,118028910,10.88
08/03/2019,220340,13379385000,60.5(-0.82 %),233930,14201941000,13590,822556000,117808570,10.89
11/03/2019,245620,14810147000,60.4(-0.17 %),262170,15806521000,16550,996374000,117562950,10.91
12/03/2019,217940,13296160000,62(2.65 %),226540,13827640000,8600,531480000,117565290,10.91
13/03/2019,153090,9464640000,61.8(-0.32 %),156040,9647640000,2950,183000000,117191920,10.94
14/03/2019,260870,16068426000,61.2(-0.97 %),260870,16068426000,0,0,116931050,10.96
15/03/2019,820010,50844300000,62.4(1.96 %),862040,53463980000,42030,2619680000,116325080,11.01
18/03/2019,438900,27346362000,62.5(0.16 %),478980,29864189000,40080,2517827000,115886180,11.04
19/03/2019,771600,48052251000,62.1(-0.64 %),777500,48421131000,5900,368880000,115114580,11.1
20/03/2019,594850,36535273000,61.7(-0.64 %),612760,37642020000,17910,1106747000,114519730,11.15
21/03/2019,249980,14994650000,59.5(-3.57 %),252920,15175320000,2940,180670000,114287980,11.17
22/03/2019,181220,10739900000,59(-0.84 %),207010,12266340000,25790,1526440000,114086870,11.18
25/03/2019,503930,29220770000,58(-1.69 %),506290,29357730000,2360,136960000,113598490,11.22
26/03/2019,-175990,-10168680000,57.7(-0.52 %),850,49240000,176840,10217920000,113600580,11.22
27/03/2019,73330,4313852000,58.8(1.91 %),90240,5303769000,16910,989917000,113687260,11.21
28/03/2019,204750,12111235000,59.5(1.19 %),205340,12146340000,590,35105000,113482510,11.23
29/03/2019,145390,8693361000,59.4(-0.17 %),158810,9493158000,13420,799797000,113337120,11.24
01/04/2019,258620,15689030000,61(2.69 %),448280,26962780000,189660,11273750000,113103410,11.26
02/04/2019,-1890,-115010000,60.3(-1.15 %),470,28760000,2360,143770000,113103530,11.26
03/04/2019,3890,237150000,60.8(0.83 %),5160,314220000,1270,77070000,113111790,11.26
04/04/2019,6100,370570000,60.8(0.00 %),7100,431670000,1000,61100000,113110750,11.26
05/04/2019,110460,6734330000,61.4(0.99 %),145960,8893250000,35500,2158920000,112967150,11.27
08/04/2019,340330,21140930000,62.6(1.95 %),360070,22367890000,19740,1226960000,112608350,11.3
09/04/2019,597380,37125461000,61.8(-1.28 %),714680,44456039000,117300,7330578000,112311820,11.32
10/04/2019,13100,802423000,61(-1.29 %),18600,1138973000,5500,336550000,112298720,11.32
11/04/2019,1280,77990000,60.8(-0.33 %),1280,77990000,0,0,111930030,11.35
12/04/2019,47000,2853730000,61(0.33 %),56600,3436048000,9600,582318000,112250440,11.32
16/04/2019,238490,14471245000,61(0.00 %),242500,14715519000,4010,244274000,112011950,11.34
17/04/2019,-211130,-13086172000,61.1(0.16 %),158120,9752792000,369250,22838964000,112223080,11.33
18/04/2019,-4990,-301261000,60.5(-0.98 %),70,4270000,5060,305531000,112228070,11.33
19/04/2019,-385000,-23369314000,60.7(0.33 %),15000,910686000,400000,24280000000,112613070,11.3
22/04/2019,9900,599500000,60.5(-0.33 %),10000,605570000,100,6070000,111953400,11.35
23/04/2019,149900,9201980000,61.3(1.32 %),150000,9208100000,100,6120000,111808460,11.36
24/04/2019,263160,16237590000,61.8(0.82 %),263690,16270340000,530,32750000,111944770,11.35
25/04/2019,135390,8326846000,61.5(-0.49 %),138690,8528806000,3300,201960000,112054720,11.34
26/04/2019,-137980,-8578692000,62.3(1.30 %),119120,7397243000,257100,15975935000,112192700,11.33
02/05/2019,14390,896830000,62.5(0.32 %),37850,2363400000,23460,1466570000,111649840,11.37
03/05/2019,-26260,-1619326000,61.6(-1.44 %),0,0,26260,1619326000,111713950,11.37
06/05/2019,380040,23182583000,61(-0.97 %),383040,23365583000,3000,183000000,111333910,11.4
07/05/2019,14910,905561000,61.2(0.33 %),52940,3239782000,38030,2334221000,111319000,11.4
08/05/2019,18290,1116650000,60.9(-0.49 %),31750,1936820000,13460,820170000,111492230,11.38
09/05/2019,124710,7583520000,60.6(-0.49 %),185060,11253020000,60350,3669500000,111360170,11.39
10/05/2019,-4990,-303190000,61.3(1.16 %),1280,78260000,6270,381450000,111396920,11.39
13/05/2019,-25000,-1529481000,60.8(-0.82 %),290,17746000,25290,1547227000,111205990,11.41
14/05/2019,-265190,-16506591000,62.4(2.63 %),17310,1067559000,282500,17574150000,111471180,11.38
15/05/2019,147280,9504882000,64.4(3.21 %),152240,9824832000,4960,319950000,111323900,11.4
16/05/2019,59300,3843080000,64.4(0.00 %),133270,8608520000,73970,4765440000,111179180,11.41
17/05/2019,115640,7519910000,64.8(0.62 %),117320,7628970000,1680,109060000,111344360,11.39
20/05/2019,133410,8735420000,66.2(2.16 %),153820,10072420000,20410,1337000000,111215500,11.4
21/05/2019,44760,2945760000,65.6(-0.91 %),98290,6464580000,53530,3518820000,111211180,11.4
22/05/2019,85720,5662710000,66.3(1.07 %),103100,6809770000,17380,1147060000,111109760,11.41
23/05/2019,145570,9553030000,67.5(1.81 %),221210,14535840000,75640,4982810000,110888960,11.43
24/05/2019,-109680,-7360500000,66(-2.22 %),154860,10239900000,264540,17600400000,110737630,11.44
27/05/2019,212740,14062630000,66(0.00 %),463750,30631920000,251010,16569290000,110421260,11.47
28/05/2019,351560,23413976000,67.4(2.12 %),369300,24599847000,17740,1185871000,110173330,11.49
29/05/2019,257060,17177420000,66.8(-0.89 %),257660,17217400000,600,39980000,110134480,11.49
30/05/2019,298280,19357494000,64.8(-2.99 %),298280,19357494000,0,0,109617990,11.53
31/05/2019,409480,26057660000,63.1(-2.62 %),453410,28869910000,43930,2812250000,109521540,11.54
03/06/2019,-20040,-1210130000,61.3(-2.85 %),535050,32849230000,555090,34059360000,109172090,11.56
04/06/2019,132200,8169480000,62.2(1.47 %),187080,11559260000,54880,3389780000,109035010,11.57
05/06/2019,136290,8497590000,62(-0.32 %),136290,8497590000,0,0,108942650,11.58
06/06/2019,118620,7281830000,61.7(-0.48 %),118620,7281830000,0,0,109194120,11.56
07/06/2019,71510,4439190000,62.4(1.13 %),91700,5688428000,20190,1249238000,108713470,11.6
10/06/2019,73850,4621752000,62.4(0.00 %),115550,7227497000,41700,2605745000,108639620,11.6
11/06/2019,107650,6729882000,62.4(0.00 %),115920,7246930000,8270,517048000,108531970,11.61
12/06/2019,103810,6438150000,61.8(-0.96 %),103810,6438150000,0,0,108772020,11.59
13/06/2019,3450,211640000,61.5(-0.49 %),3480,213490000,30,1850000,108830430,11.59
14/06/2019,4780,295880000,61.4(-0.16 %),4780,295880000,0,0,108833920,11.59
17/06/2019,1500,90375000,61.3(-0.16 %),26920,1654120000,25420,1563745000,108762290,11.59
18/06/2019,-12980,-790290000,61(-0.49 %),13620,832910000,26600,1623200000,108793410,11.59
19/06/2019,-5330,-327410000,61.5(0.82 %),4070,250810000,9400,578220000,108789340,11.59
20/06/2019,-33260,-2120950000,63.5(3.25 %),38360,2420600000,71620,4541550000,108776400,11.59
21/06/2019,-36230,-2281010000,63(-0.79 %),29490,1860010000,65720,4141020000,108773510,11.59
24/06/2019,-156920,-9815056000,62.5(-0.79 %),6730,421418000,163650,10236474000,109007010,11.58
25/06/2019,-195860,-12149041000,61.9(-0.96 %),81750,5066160000,277610,17215201000,109202870,11.56
26/06/2019,55710,3489990000,62.8(1.45 %),55730,3491240000,20,1250000,108851040,11.59
27/06/2019,-16530,-1022330000,61.9(-1.43 %),2040,127503000,18570,1149833000,109163690,11.56
28/06/2019,-144680,-8434580000,59.5(-3.88 %),82110,5080330000,226790,13514910000,109133150,11.57
01/07/2019,-155570,-9703327000,63.3(6.39 %),25020,1569188000,180590,11272515000,109133170,11.57
02/07/2019,1222350,78228910000,64.2(1.42 %),1473570,94317450000,251220,16088540000,107703150,11.68
03/07/2019,981030,62880217000,64(-0.31 %),1218790,78128484000,237760,15248267000,106929790,11.74
04/07/2019,1055150,67827280000,64.3(0.47 %),1247620,80199540000,192470,12372260000,105955590,11.81
05/07/2019,1527480,98503120000,64.5(0.31 %),1575380,101595730000,47900,3092610000,104581430,11.92
08/07/2019,1187720,75956370000,63.9(-0.93 %),1228360,78574050000,40640,2617680000,103390830,12.01
09/07/2019,1053310,67371105000,64(0.16 %),1156310,73962805000,103000,6591700000,102106130,12.11
10/07/2019,1044580,66867980000,64(0.00 %),1114730,71361770000,70150,4493790000,101248690,12.17
11/07/2019,162950,10512408000,64.6(0.94 %),168460,10866972000,5510,354564000,100898600,12.2
12/07/2019,2916940,188139930000,64.5(-0.15 %),2916940,188139930000,0,0,98306930,12.4
15/07/2019,-9220,-599835000,64.6(0.16 %),8230,530835000,17450,1130670000,97990880,12.43
16/07/2019,1753290,112731140000,64.3(-0.46 %),1755890,112898070000,2600,166930000,96618470,12.53
17/07/2019,1963360,126239488000,64.3(0.00 %),1978380,127208274000,15020,968786000,94274230,12.71
18/07/2019,1596050,102525850000,64.2(-0.16 %),1723520,110717290000,127470,8191440000,92934020,12.82
19/07/2019,775520,49696924000,64.1(-0.16 %),987960,63332936000,212440,13636012000,91902660,12.9
22/07/2019,751520,48154030000,64.2(0.16 %),782890,50162430000,31370,2008400000,91151140,12.96
23/07/2019,767450,49269880000,64.2(0.00 %),835030,53615680000,67580,4345800000,90473230,13.01
24/07/2019,135750,8917180000,66(2.80 %),267260,17587770000,131510,8670590000,90418410,13.01
25/07/2019,136510,8996990000,65.7(-0.45 %),152600,10053830000,16090,1056840000,90297180,13.02
26/07/2019,120750,7953085000,65.8(0.15 %),145080,9551269000,24330,1598184000,89990680,13.04
29/07/2019,91680,5904710000,64.7(-1.67 %),91680,5904710000,0,0,90259510,13.02
30/07/2019,277850,17960160000,64.6(-0.15 %),289050,18688160000,11200,728000000,89986550,13.05
31/07/2019,333450,21703970000,65.5(1.39 %),351910,22904530000,18460,1200560000,89658970,13.07
01/08/2019,36350,2360545000,65(-0.76 %),38810,2520941000,2460,160396000,89658970,13.07
02/08/2019,347620,22394010000,65(0.00 %),371890,23964840000,24270,1570830000,89259470,13.1
05/08/2019,109990,7040163000,63.1(-2.92 %),165230,10533388000,55240,3493225000,89201360,13.11
06/08/2019,1410,87680000,61.3(-2.85 %),4700,291210000,3290,203530000,89110460,13.11
07/08/2019,99650,6172890000,62(1.14 %),223640,13790169000,123990,7617279000,89100300,13.11
08/08/2019,20830,1287295000,62.2(0.32 %),92330,5705688000,71500,4418393000,89079470,13.12
09/08/2019,35380,2205036000,62.2(0.00 %),52180,3252068000,16800,1047032000,89044090,13.12
12/08/2019,177530,11064830000,62.4(0.32 %),229210,14271320000,51680,3206490000,88719890,13.14
13/08/2019,303620,18948015000,63.2(1.28 %),330550,20627065000,26930,1679050000,88562940,13.16
14/08/2019,-83240,-5232112000,62.4(-1.27 %),20000,1248000000,103240,6480112000,88646180,13.15
15/08/2019,-81800,-5018631000,61.5(-1.44 %),1130,68965000,82930,5087596000,88727980,13.14
16/08/2019,228320,14212423000,62.4(1.46 %),252650,15723954000,24330,1511531000,88499660,13.16
19/08/2019,17330,1082658000,62.6(0.32 %),17330,1082658000,0,0,88482330,13.16
20/08/2019,283090,17687430000,62.5(-0.16 %),441620,27586539000,158530,9899109000,88199240,13.18
21/08/2019,44750,2796810000,62.6(0.16 %),45120,2820010000,370,23200000,87988900,13.2
22/08/2019,-8860,-555120000,62.6(0.00 %),9510,594380000,18370,1149500000,87979390,13.2
23/08/2019,4820,306881000,62(-0.96 %),18160,1134091000,13340,827210000,88158530,13.19
26/08/2019,-15560,-944147000,60.8(-1.94 %),2010,122808000,17570,1066955000,88174090,13.19
27/08/2019,273420,16696120000,61.2(0.66 %),355680,21698850000,82260,5002730000,87780810,13.22
28/08/2019,131670,8031690000,61(-0.33 %),171300,10448020000,39630,2416330000,87622850,13.23
29/08/2019,214790,13096560000,61(0.00 %),315790,19245920000,101000,6149360000,87324630,13.25
30/08/2019,64420,3964450000,61.5(0.82 %),112300,6907170000,47880,2942720000,87294590,13.25
03/09/2019,48460,2974544000,60.7(-1.30 %),68710,4213545000,20250,1239001000,87334220,13.25
04/09/2019,66820,4026979000,60.7(0.00 %),204720,12331276500,137900,8304297500,87267400,13.26
05/09/2019,104010,6344430000,61(0.49 %),137350,8377050000,33340,2032620000,87193220,13.26
06/09/2019,70790,4302512000,60.6(-0.66 %),70790,4302512000,0,0,87092600,13.27
09/09/2019,259100,15981500000,61.9(2.15 %),259100,15981500000,0,0,86833500,13.29
10/09/2019,458060,28483432000,62(0.16 %),521910,32447854000,63850,3964422000,86375440,13.32
11/09/2019,8000,492251000,61.5(-0.81 %),29000,1778240000,21000,1285989000,86367440,13.32
12/09/2019,-16230,-998306000,61.5(0.00 %),80,4923000,16310,1003229000,86383670,13.32
13/09/2019,3700,226070000,61.8(0.49 %),3700,226070000,0,0,86443080,13.32
16/09/2019,89580,5613760000,62.6(1.29 %),118580,7426850000,29000,1813090000,86345500,13.33
17/09/2019,-3690,-230750000,62.5(-0.16 %),390,24406000,4080,255156000,86294080,13.33
18/09/2019,-50330,-3096864000,61.3(-1.92 %),17440,1075015000,67770,4171879000,86344410,13.33
19/09/2019,-81010,-4950530000,61.1(-0.33 %),90,5510000,81100,4956040000,86372890,13.32
20/09/2019,-134490,-8230445000,61.2(0.16 %),30000,1840150000,164490,10070595000,86559910,13.31
23/09/2019,-63660,-3914800000,61.6(0.65 %),80,4920000,63740,3919720000,86414660,13.32
24/09/2019,-54820,-3350197000,60.9(-1.14 %),6200,379209000,61020,3729406000,86678390,13.3
25/09/2019,-18290,-1103260000,60.2(-1.15 %),2710,163690000,21000,1266950000,86651340,13.3
26/09/2019,-24230,-1457760000,60.6(0.66 %),70,4220000,24300,1461980000,86715010,13.3
27/09/2019,444300,26983390000,60.5(-0.17 %),510300,30989220000,66000,4005830000,86265730,13.33
30/09/2019,-88130,-5348540000,60.5(0.00 %),36830,2233676000,124960,7582216000,86824740,13.29
01/10/2019,50000,3024810000,60.6(0.17 %),51500,3115310000,1500,90500000,86274440,13.33
02/10/2019,-16010,-966530000,60.1(-0.83 %),2450,148200000,18460,1114730000,86286490,13.33
03/10/2019,4450,266577000,60(-0.17 %),4450,266577000,0,0,86286000,13.33
04/10/2019,121960,7122271000,58(-3.33 %),145960,8524105000,24000,1401834000,86164040,13.34
07/10/2019,-3200,-171996000,58.2(0.34 %),185400,10817453000,188600,10989449000,86167240,13.34
08/10/2019,58100,3380634000,58.3(0.17 %),128100,7449219000,70000,4068585000,86109140,13.34
09/10/2019,59780,3464790000,57.8(-0.86 %),59780,3464790000,0,0,85931720,13.36
10/10/2019,-84370,-4836030000,56.9(-1.56 %),7560,433600000,91930,5269630000,86112760,13.34
11/10/2019,54240,3146069000,58.5(2.81 %),106650,6191343000,52410,3045274000,86079490,13.35
14/10/2019,64940,3817220000,58.6(0.17 %),64940,3817220000,0,0,86014550,13.35
15/10/2019,53810,3156640000,58.6(0.00 %),53810,3156640000,0,0,85960740,13.36
16/10/2019,17090,1004568000,58.1(-0.85 %),87260,5083934000,70170,4079366000,85943650,13.36
17/10/2019,-110450,-6375260000,57.6(-0.86 %),23790,1371380000,134240,7746640000,85990650,13.35
18/10/2019,6830,396159000,57.9(0.52 %),27170,1576320360,20340,1180161360,86047270,13.35
21/10/2019,-20220,-1164160000,57.5(-0.69 %),12190,702530000,32410,1866690000,86041620,13.35
22/10/2019,-23670,-1361241000,57.5(0.00 %),27030,1559228000,50700,2920469000,86091160,13.35
23/10/2019,-33430,-1915420000,57.2(-0.52 %),46950,2694270000,80380,4609690000,86102060,13.35
24/10/2019,32970,1892411000,57.5(0.52 %),33220,1906736000,250,14325000,86091620,13.35
25/10/2019,-6970,-402480000,57.8(0.52 %),2640,152480000,9610,554960000,86149310,13.34
28/10/2019,25820,1495090000,58(0.35 %),34500,1995670000,8680,500580000,86195190,13.34
29/10/2019,-5920,-344670000,58.3(0.52 %),780,45420000,6700,390090000,86194660,13.34
30/10/2019,760,45861000,59.3(1.72 %),2970,175717000,2210,129856000,86077930,13.35
31/10/2019,2980,176060000,59.3(0.00 %),10010,592730000,7030,416670000,86199970,13.34
01/11/2019,71210,4227810000,59.4(0.17 %),79870,4742080000,8660,514270000,86126800,13.34
04/11/2019,-26720,-1610716000,59.6(0.34 %),16000,955189000,42720,2565905000,86233390,13.34
05/11/2019,2960,177131000,59.7(0.17 %),5660,338601000,2700,161470000,86230430,13.34
06/11/2019,20520,1220320000,59.2(-0.84 %),21020,1250020000,500,29700000,86102020,13.35
07/11/2019,35180,2071810000,58.9(-0.51 %),158250,9319640000,123070,7247830000,85986490,13.35
08/11/2019,108810,6408051000,59(0.17 %),135600,7986415000,26790,1578364000,86065920,13.35
11/11/2019,60260,3558290000,59.1(0.17 %),84230,4974660000,23970,1416370000,85769860,13.37
12/11/2019,-98350,-5887570000,59.6(0.85 %),62310,3720130000,160660,9607700000,85830620,13.37
13/11/2019,148080,8851500000,59.6(0.00 %),149080,8911500000,1000,60000000,85955930,13.36
14/11/2019,21080,1264813000,60.1(0.84 %),23970,1438569000,2890,173756000,85934850,13.36
15/11/2019,12260,735910000,59.9(-0.33 %),17260,1036210000,5000,300300000,85851730,13.36
18/11/2019,-24720,-1483110000,59.2(-1.17 %),2490,148540000,27210,1631650000,85850240,13.36
19/11/2019,74440,4435940000,60(1.35 %),77540,4621430000,3100,185490000,85775890,13.37
20/11/2019,82920,4945970000,59.7(-0.50 %),97500,5818650000,14580,872680000,85683390,13.38
21/11/2019,66390,3954810000,59.7(0.00 %),66390,3954810000,0,0,85644210,13.38
22/11/2019,150730,8880545000,58.4(-2.18 %),155020,9132162000,4290,251617000,85572830,13.39
25/11/2019,191070,11221770000,59(1.03 %),193080,11339760000,2010,117990000,85313790,13.41
26/11/2019,63850,3799251000,59.2(0.34 %),105120,6244235000,41270,2444984000,85317910,13.41
27/11/2019,25870,1528137000,58.6(-1.01 %),26870,1586937000,1000,58800000,85292040,13.41
28/11/2019,4050,236410000,58(-1.02 %),4050,236410000,0,0,85184050,13.42
29/11/2019,-8170,-468670000,57.6(-0.69 %),24300,1406606000,32470,1875276000,85296160,13.41
02/12/2019,-27250,-1550040000,56.7(-1.56 %),220,12630000,27470,1562670000,85201800,13.42
03/12/2019,-76300,-4290600000,55.9(-1.41 %),2090,117330000,78390,4407930000,85199710,13.42
04/12/2019,17770,1003580000,57(1.97 %),22020,1242050000,4250,238470000,85210160,13.41
05/12/2019,-16470,-927261000,56.3(-1.23 %),93700,5290998000,110170,6218259000,85277020,13.41
06/12/2019,3530,199650000,56.4(0.18 %),3530,199650000,0,0,85292940,13.41
09/12/2019,-5520,-310990000,56.3(-0.18 %),2530,142750000,8050,453740000,85294660,13.41
10/12/2019,-77630,-4320542000,55.6(-1.24 %),3050,170414000,80680,4490956000,85356640,13.4
11/12/2019,-134920,-7376828000,54.7(-1.62 %),2690,147545000,137610,7524373000,85491560,13.39
12/12/2019,4590,253190000,55.2(0.91 %),4590,253190000,0,0,85328700,13.41
13/12/2019,-20290,-1124450000,55.4(0.36 %),4260,236160000,24550,1360610000,85405120,13.4
16/12/2019,30000,1678210000,56.2(1.44 %),51010,2854720000,21010,1176510000,85491720,13.39
17/12/2019,2350,129398000,55.6(-1.07 %),15740,876657000,13390,747259000,85474910,13.39
18/12/2019,38570,2141140000,55.6(0.00 %),72960,4048270000,34390,1907130000,85427570,13.4
19/12/2019,-16590,-921200000,55.4(-0.36 %),19090,1058530000,35680,1979730000,85429490,13.4
20/12/2019,119340,6790446000,56.9(2.71 %),127100,7231990000,7760,441544000,85333590,13.4
23/12/2019,-5350,-297870000,56.1(-1.41 %),72560,4096480000,77910,4394350000,85277610,13.41
24/12/2019,12950,726495000,56.1(0.00 %),342150,19274615000,329200,18548120000,85325990,13.41
25/12/2019,-43780,-2456058000,56.1(0.00 %),101650,5712565000,145430,8168623000,85369770,13.4
26/12/2019,9870,552300000,55.9(-0.36 %),15760,881990000,5890,329690000,85339400,13.4
27/12/2019,31790,1787000000,56.4(0.89 %),35510,1996080000,3720,209080000,85333090,13.4
30/12/2019,17690,993660000,56(-0.71 %),219890,12397050000,202200,11403390000,85358630,13.4
31/12/2019,-7970,-445222000,56(0.00 %),1310,73015000,9280,518237000,85323130,13.41
02/01/2020,-10300,-591022000,56.5(0.89 %),114020,6415595000,124320,7006617000,85366930,13.4
03/01/2020,-98530,-5639870000,57.1(1.06 %),105260,6038193000,203790,11678063000,85465460,13.39
06/01/2020,-113740,-6550560000,57.3(0.35 %),48360,2787730000,162100,9338290000,85110770,13.42
07/01/2020,-177310,-10048820000,56.5(-1.40 %),3990,227087000,181300,10275907000,85756510,13.37
08/01/2020,-15370,-860769000,55.7(-1.42 %),1080,60927000,16450,921696000,85771880,13.37
09/01/2020,32750,1833411000,56.2(0.90 %),36120,2022199000,3370,188788000,85739130,13.37
10/01/2020,9190,512829000,55.7(-0.89 %),11800,658450000,2610,145621000,85729940,13.37
13/01/2020,12600,707503000,55.9(0.36 %),55060,3073859000,42460,2366356000,85717340,13.38
14/01/2020,11090,616510000,55.5(-0.72 %),14890,827622000,3800,211112000,85706250,13.38
15/01/2020,30670,1697352000,55.4(-0.18 %),49160,2717503000,18490,1020151000,85675580,13.38
16/01/2020,36650,2043470000,55.7(0.54 %),41750,2327610000,5100,284140000,85633320,13.38
17/01/2020,14690,826020000,56.2(0.90 %),15800,888290000,1110,62270000,85621320,13.38
20/01/2020,-70100,-3928760000,56(-0.36 %),56220,3148940000,126320,7077700000,85583590,13.39
21/01/2020,66800,3800280000,56.9(1.61 %),187880,10684980000,121080,6884700000,85400810,13.4
22/01/2020,109050,6258890000,57.3(0.70 %),109050,6258890000,0,0,85292870,13.41
30/01/2020,-80660,-4497020000,55.4(-3.32 %),54590,3059000000,135250,7556020000,85364600,13.4
31/01/2020,-81430,-4351500000,53(-4.33 %),59110,3203520000,140540,7555020000,85426570,13.4
03/02/2020,-44310,-2080375500,51(-3.77 %),181390,9166485000,225700,11246860500,85426570,13.4
04/02/2020,-78270,-3968289000,50.7(-0.59 %),615360,31117104000,693630,35085393000,85449620,13.4
05/02/2020,-236820,-12574890000,51.5(1.58 %),53140,2727130000,289960,15302020000,85176470,13.42
06/02/2020,-14010,-747500000,52(0.97 %),110870,5748870000,124880,6496370000,85542500,13.39
07/02/2020,-9290,-482270000,51.8(-0.38 %),34060,1774300000,43350,2256570000,85879750,13.36
10/02/2020,76950,3961787000,51.6(-0.39 %),149100,7666489000,72150,3704702000,85632790,13.38
11/02/2020,196120,10264327000,52.8(2.33 %),199090,10418861000,2970,154534000,85436670,13.4
12/02/2020,106150,5615035000,52.9(0.19 %),106150,5615035000,0,0,85330520,13.41
13/02/2020,47160,2513275000,53.3(0.76 %),47180,2514333000,20,1058000,85283360,13.41
14/02/2020,92330,4929391000,53.3(0.00 %),92330,4929391000,0,0,85191030,13.42
17/02/2020,16580,881720000,53.1(-0.38 %),16580,881720000,0,0,85810550,13.37
18/02/2020,6190,326755000,52.8(-0.56 %),8510,449028000,2320,122273000,85168260,13.42
19/02/2020,14270,757319000,52.9(0.19 %),14770,783869000,500,26550000,85153990,13.42
20/02/2020,49060,2611920000,53.2(0.57 %),58420,3109380000,9360,497460000,85731030,13.37
21/02/2020,1780,94773000,52.8(-0.75 %),6790,360770000,5010,265997000,85103150,13.42
24/02/2020,34630,1748360000,50.6(-4.17 %),50220,2541330000,15590,792970000,85068520,13.43
25/02/2020,-10640,-536503000,50.8(0.40 %),0,0,10640,536503000,85079160,13.42
26/02/2020,-33240,-1667738000,50.1(-1.38 %),1000,50200000,34240,1717938000,85112400,13.42
27/02/2020,61360,3125740000,51.2(2.20 %),82810,4216050000,21450,1090310000,85623950,13.38
28/02/2020,44650,2311626000,51.6(0.78 %),91310,4689294000,46660,2377668000,85006390,13.43
02/03/2020,-26470,-1352210000,50.8(-1.55 %),500,25500000,26970,1377710000,85579180,13.39
03/03/2020,-121880,-6176200000,50.3(-0.98 %),227490,11563230000,349370,17739430000,85573140,13.39
04/03/2020,-72170,-3633700000,50.3(0.00 %),0,0,72170,3633700000,85619800,13.38
05/03/2020,-39660,-2003697000,50.3(0.00 %),5050,255265000,44710,2258962000,85812890,13.37
06/03/2020,-21050,-1047590000,49.7(-1.19 %),580,28910000,21630,1076500000,85790510,13.37
09/03/2020,-15070,-697789000,46.25(-6.94 %),290,13422500,15360,711211500,85849010,13.36
10/03/2020,-164700,-7169660000,43.8(-5.30 %),17780,774350000,182480,7944010000,85889320,13.36
11/03/2020,-88000,-3676010000,40.9(-6.62 %),20750,895320000,108750,4571330000,85890200,13.36
12/03/2020,-74870,-2855380000,38.05(-6.97 %),16900,645030000,91770,3500410000,85888660,13.36
13/03/2020,-328300,-11685330000,36.15(-4.99 %),19280,691420000,347580,12376750000,86050660,13.35
16/03/2020,-187300,-6929532500,36.8(1.80 %),29870,1106913000,217170,8036445500,86692180,13.3
17/03/2020,-47900,-1884865000,39.35(6.93 %),227850,8761413500,275750,10646278500,86740080,13.3
18/03/2020,-139470,-5830734500,42.1(6.99 %),2920,121780000,142390,5952514500,86879550,13.29
19/03/2020,-174070,-7050340000,40.1(-4.75 %),0,0,174070,7050340000,86773890,13.29
20/03/2020,-24310,-984680000,40.6(1.25 %),4110,168060000,28420,1152740000,86824530,13.29
23/03/2020,-62010,-2349372500,37.8(-6.90 %),120,4570000,62130,2353942500,87105340,13.27
24/03/2020,-286360,-10562487500,37.5(-0.79 %),12760,469638500,299120,11032126000,87391700,13.25
25/03/2020,-3060,-122706000,40.1(6.93 %),170140,6780014000,173200,6902720000,87394760,13.25
26/03/2020,5980,240752500,39.45(-1.62 %),7980,319752500,2000,79000000,87388780,13.25
27/03/2020,310390,12189300000,39.5(0.13 %),310390,12189300000,0,0,87179270,13.26
30/03/2020,-4140,-150640000,35.8(-9.37 %),8600,309290000,12740,459930000,87193870,13.26
31/03/2020,75040,2762990000,36.5(1.96 %),107160,3934580000,32120,1171590000,87088710,13.27
01/04/2020,165150,6360480000,38.9(6.58 %),166590,6416210000,1440,55730000,86922120,13.28
03/04/2020,-1610,-52570000,39.9(2.57 %),37290,1487960000,38900,1540530000,86897570,13.28
06/04/2020,-606290,-24420466000,40.1(0.50 %),17660,714837500,623950,25135303500,87696610,13.22
07/04/2020,-205360,-7978236000,38.85(-3.12 %),47780,1856253000,253140,9834489000,87901970,13.21
08/04/2020,-519000,-19883570000,38.4(-1.16 %),62330,2389680000,581330,22273250000,86838900,13.29
09/04/2020,-507750,-20310000000,40(4.17 %),200720,8049659020,708470,28359659020,88928720,13.13
10/04/2020,108680,4419218000,40.75(1.88 %),205760,8323375000,97080,3904157000,88820040,13.14
13/04/2020,-28390,-1164830000,40.35(-0.98 %),59950,2455480000,88340,3620310000,87962550,13.2
14/04/2020,-193880,-7638840000,39.6(-1.86 %),15940,630510000,209820,8269350000,88522220,13.16
15/04/2020,-56910,-2270580000,39.9(0.76 %),65260,2598780000,122170,4869360000,88554040,13.16
16/04/2020,69420,2847340000,41(2.76 %),82470,3374842500,13050,527502500,89029800,13.12
17/04/2020,19110,788159500,41.4(0.98 %),24960,1030197500,5850,242038000,89010690,13.12
20/04/2020,157580,6720202000,43.9(6.04 %),169430,7236104000,11850,515902000,88853110,13.13
21/04/2020,-130550,-5336290000,40.85(-6.95 %),13030,541090000,143580,5877380000,88697530,13.14
22/04/2020,-118340,-4724420000,40.7(-0.37 %),47730,1915810000,166070,6640230000,88656610,13.15
23/04/2020,-59230,-2448504500,40.7(0.00 %),10470,429133500,69700,2877638000,89161230,13.11
24/04/2020,104140,4273292500,41.35(1.60 %),105470,4327550000,1330,54257500,89057090,13.12
27/04/2020,-257650,-10460408500,40.2(-2.78 %),30630,1251153000,288280,11711561500,89314740,13.1
28/04/2020,-282640,-11099407000,39.7(-1.24 %),27600,1097074500,310240,12196481500,89597380,13.08
29/04/2020,-5080,-201611500,40.3(1.51 %),173370,6962421000,178450,7164032500,89602460,13.07
04/05/2020,-222660,-8984925500,40.1(-0.50 %),10450,419913500,233110,9404839000,88988680,13.12
05/05/2020,135610,5474115000,40.4(0.75 %),152100,6139411000,16490,665296000,88853070,13.13
06/05/2020,108260,4476897500,41.95(3.84 %),227020,9389711500,118760,4912814000,88744810,13.14
07/05/2020,327330,13785133000,42.05(0.24 %),327860,13807410500,530,22277500,88417480,13.17
08/05/2020,792440,34746750000,43.8(4.16 %),911830,39966363500,119390,5219613500,87625040,13.23
11/05/2020,92220,4066151980,44.3(1.14 %),370320,5967336080,278100,1901184100,87532820,13.23
12/05/2020,211760,9336402500,45.55(2.82 %),426190,19082003000,214430,9745600500,87321060,13.25
13/05/2020,274360,12559569000,45.65(0.22 %),311500,14247571500,37140,1688002500,87046700,13.27
14/05/2020,425230,19386732000,45.6(-0.11 %),633170,28868478500,207940,9481746500,86621470,13.31
15/05/2020,-51000,-2288980000,44.5(-2.41 %),25980,1173040000,76980,3462020000,87248200,13.26
18/05/2020,244580,11040730000,45.35(1.91 %),244800,11050640000,220,9910000,87040540,13.27
19/05/2020,342080,16013390000,46.8(3.20 %),371890,17408860000,29810,1395470000,86696590,13.3
20/05/2020,368410,17194660500,46.85(0.11 %),376290,17561089000,7880,366428500,85717400,13.38
21/05/2020,-37040,-1738456500,47(0.32 %),8660,407770500,45700,2146227000,85754440,13.37
22/05/2020,-24910,-1157051500,46.4(-1.28 %),830,38745500,25740,1195797000,85779350,13.37
25/05/2020,-17000,-787640000,46.35(-0.11 %),9170,426860000,26170,1214500000,86419520,13.32
26/05/2020,-10700,-494682500,46.9(1.19 %),9110,426444500,19810,921127000,85807050,13.37
27/05/2020,-248760,-11735530000,46.9(0.00 %),9680,454950000,258440,12190480000,86474470,13.32
28/05/2020,-1000,-45089000,46.8(-0.21 %),20840,976241000,21840,1021330000,86056810,13.35
29/05/2020,-116180,-5384506500,46.15(-1.39 %),49110,2267078500,165290,7651585000,86172990,13.34
01/06/2020,-173510,-8036069000,46.3(0.33 %),12490,578417000,186000,8614486000,86701120,13.3
02/06/2020,-68500,-3205079500,46.4(0.22 %),98420,4563937500,166920,7769017000,86769620,13.29
03/06/2020,7740,364120000,46.7(0.65 %),20190,944010000,12450,579890000,86755310,13.29
04/06/2020,131160,6178860000,47.15(0.96 %),163750,7716790000,32590,1537930000,86777560,13.29
05/06/2020,68240,3199770000,47(-0.32 %),106830,5009660000,38590,1809890000,86836500,13.29
08/06/2020,370600,17743480000,48(2.13 %),383490,18360940000,12890,617460000,86465460,13.32
09/06/2020,94710,4519250000,47.6(-0.83 %),110930,5295780000,16220,776530000,86383670,13.32
10/06/2020,161230,7661630000,47.7(0.21 %),163290,7759200000,2060,97570000,86257820,13.33
11/06/2020,189540,8964830000,44.4(-6.92 %),238110,11267420000,48570,2302590000,86032600,13.35
12/06/2020,-147850,-6488730000,45.2(1.80 %),6350,275040000,154200,6763770000,86042470,13.35
15/06/2020,72820,3245070000,44(-2.65 %),100730,4492870000,27910,1247800000,85942650,13.36
16/06/2020,203030,9120422000,44.3(0.68 %),203750,9152539000,720,32117000,85781350,13.37
17/06/2020,1201380,53659022560,45.75(3.27 %),1205610,53849051080,4230,190028520,84579970,13.46
18/06/2020,646380,30148158500,46.7(2.08 %),653450,30474950000,7070,326791500,83933590,13.51
19/06/2020,-16900,-778915500,46(-1.50 %),6750,311317500,23650,1090233000,83950490,13.51
22/06/2020,-1190,-53771500,46(0.00 %),6200,285190000,7390,338961500,83951680,13.51
23/06/2020,362730,16716820000,46.25(0.54 %),363770,16764560000,1040,47740000,83743980,13.53
24/06/2020,998460,46360991000,45.9(-0.76 %),1002770,46559061500,4310,198070500,82590490,13.62
25/06/2020,137870,6285265000,45.85(-0.11 %),139710,6369203500,1840,83938500,82452620,13.63
26/06/2020,2300920,106660680000,45.8(-0.11 %),2326270,107822610000,25350,1161930000,80310040,13.79
29/06/2020,2302900,106729476140,44.5(-2.84 %),2328250,107891405140,25350,1161929000,77848800,13.98
30/06/2020,-32300,-1442990000,44.5(0.00 %),760,34010000,33060,1477000000,80311150,13.79
01/07/2020,3926760,180113850200,45.1(1.35 %),3929460,180234900700,2700,121050500,76405890,14.09
02/07/2020,43160,1958702000,45.5(0.89 %),47290,2145148000,4130,186446000,76362730,14.1
03/07/2020,2973070,136244130000,45.95(0.99 %),2976800,136415220000,3730,171090000,73477640,14.32
06/07/2020,109540,5073030000,46.4(0.98 %),112980,5232250000,3440,159220000,73367360,14.33
07/07/2020,1931440,87328950000,46.5(0.22 %),1938820,87670300000,7380,341350000,71431060,14.48
08/07/2020,167890,7785330000,46.5(0.00 %),169880,7877420000,1990,92090000,71263300,14.49
09/07/2020,17240,802830500,46.55(0.11 %),56250,2616802000,39010,1813971500,71163550,14.5
10/07/2020,159720,7405170000,46.35(-0.43 %),178180,8259770000,18460,854600000,71037390,14.51
13/07/2020,320700,14865537000,46.4(0.11 %),341960,15851121000,21260,985584000,70683130,14.54
14/07/2020,134010,6198023500,46.4(0.00 %),151640,7006963500,17630,808940000,70549120,14.55
15/07/2020,178180,8271076500,46.45(0.11 %),201650,9360591000,23470,1089514500,70370940,14.56
16/07/2020,22650,1051830000,46.85(0.86 %),235900,11024350000,213250,9972520000,70193170,14.57
17/07/2020,-11020,-529380000,47.5(1.39 %),117590,5610300000,128610,6139680000,70093210,14.58
20/07/2020,39070,1815930000,46.4(-2.32 %),146030,6793450000,106960,4977520000,69970650,14.59
21/07/2020,-70860,-3255670000,45.9(-1.08 %),22220,1020460000,93080,4276130000,70161680,14.58
22/07/2020,24980,1140594000,45.3(-1.31 %),51690,2362215500,26710,1221621500,70366120,14.56
23/07/2020,113670,5211844500,46(1.55 %),117450,5383716500,3780,171872000,70252450,14.57
24/07/2020,255480,11510072000,45.4(-1.30 %),266940,12030015000,11460,519943000,69996970,14.59
27/07/2020,221160,9424930000,42.25(-6.94 %),223100,9508650000,1940,83720000,69860160,14.6
28/07/2020,160770,6923647500,43.6(3.20 %),199990,8634818500,39220,1711171000,69615040,14.62
29/07/2020,14640,608890000,41.55(-4.70 %),51530,2151730000,36890,1542840000,69624220,14.62
30/07/2020,14640,608888500,42.2(1.56 %),51530,2151733000,36890,1542844500,69585760,14.62
31/07/2020,68600,2891043500,42.2(0.00 %),81020,3414702500,12420,523659000,69517160,14.63
03/08/2020,195410,8489109000,43.75(3.67 %),208550,9061147000,13140,572038000,69610240,14.62
04/08/2020,180360,7947620000,44.5(1.71 %),180360,7947620000,0,0,69221330,14.65
05/08/2020,-5040,-223067000,44.45(-0.11 %),3690,164157500,8730,387224500,69434920,14.63
06/08/2020,8460,377637500,44.6(0.34 %),14610,650578000,6150,272940500,69426460,14.63
07/08/2020,5980,267410000,44.6(0.00 %),13980,623090000,8000,355680000,69213230,14.65
10/08/2020,17220,778500000,45.2(1.35 %),17220,778500000,0,0,69203590,14.65
11/08/2020,107970,4898130000,45.7(1.11 %),370840,16866170000,262870,11968040000,69100600,14.66
12/08/2020,10560,479698000,46.5(1.75 %),55700,2577486500,45140,2097788500,69284730,14.65
13/08/2020,18440,863517500,46.6(0.22 %),72820,3393439000,54380,2529921500,69266290,14.65
14/08/2020,105800,4924060000,46.6(0.00 %),107130,4985710000,1330,61650000,68874120,14.68
17/08/2020,-420,-19380000,46.2(-0.86 %),1800,83290000,2220,102670000,68924360,14.67
18/08/2020,6820,314840000,46.05(-0.32 %),10010,461880000,3190,147040000,68973790,14.67
19/08/2020,-114260,-5282921500,47(2.06 %),4500,207961000,118760,5490882500,69268350,14.65
20/08/2020,-106840,-5002268000,46.35(-1.38 %),2580,120722000,109420,5122990000,69375190,14.64
21/08/2020,-257560,-11992420000,46.55(0.43 %),10450,487200000,268010,12479620000,68963000,14.67
24/08/2020,160250,7723970000,48.5(4.19 %),213100,10248930000,52850,2524960000,68868660,14.68
25/08/2020,-260,-14214000,50.4(3.92 %),18650,935011000,18910,949225000,69472760,14.63
26/08/2020,139420,7140430000,51.4(1.98 %),571120,29267830000,431700,22127400000,68962760,14.67
27/08/2020,940050,49077070000,52.8(2.72 %),1522750,79534540000,582700,30457470000,67497460,14.78
28/08/2020,1685790,88884946000,52.3(-0.95 %),2511020,132431427000,825230,43546481000,66707500,14.84
31/08/2020,1603670,84713150000,52.5(0.38 %),2288130,120846250000,684460,36133100000,62848920,15.14
01/09/2020,1192270,63034008000,52.9(0.76 %),1353440,71555904000,161170,8521896000,63430930,15.1
03/09/2020,1196810,62477140000,52.1(-1.51 %),1213900,63369400000,17090,892260000,61688820,15.23
04/09/2020,3721350,192050882720,51.6(-0.96 %),4308490,222623590720,587140,30572708000,58512770,15.48
07/09/2020,250700,12922492000,51.1(-0.97 %),551150,28262454000,300450,15339962000,58262070,15.5
08/09/2020,474170,24297749000,51.2(0.20 %),503000,25771530000,28830,1473781000,57787900,15.53
09/09/2020,509030,25860328000,50.9(-0.59 %),535640,27212722000,26610,1352394000,57278870,15.57
10/09/2020,-49830,-2421760000,50.1(-1.57 %),504270,25628790000,554100,28050550000,57037660,15.59
11/09/2020,3106990,158899032400,49.7(-0.80 %),3204060,163762034400,97070,4863002000,54221710,15.81
14/09/2020,182310,9113710000,49.8(0.20 %),531050,26550440000,348740,17436730000,53358150,15.88
15/09/2020,-366950,-18167790000,49.5(-0.60 %),12650,626490000,379600,18794280000,53898450,15.83
16/09/2020,-10690,-539494000,50.8(2.63 %),4650,235290000,15340,774784000,54417040,15.79
17/09/2020,10660,539598000,50(-1.57 %),18910,957474000,8250,417876000,54406380,15.8
18/09/2020,1498630,75902836000,50.4(0.80 %),1505030,76225354000,6400,322518000,52907750,15.91
21/09/2020,1986060,100708990000,50.7(0.60 %),1989490,100882080000,3430,173090000,51218590,16.04
22/09/2020,5140,261453000,50.4(-0.59 %),8370,424345000,3230,162892000,50916550,16.06
23/09/2020,165310,8456942000,51.6(2.38 %),173120,8852025000,7810,395083000,50751240,16.08
24/09/2020,263330,13614210000,51.7(0.19 %),290200,14997490000,26870,1383280000,50764420,16.08
25/09/2020,31840,1651410000,51.6(-0.19 %),51900,2677880000,20060,1026470000,50715750,16.08
28/09/2020,-46070,-2351909000,51.3(-0.58 %),6830,351186000,52900,2703095000,50502140,16.1
29/09/2020,91280,4730890000,50.6(-1.36 %),156520,8066200000,65240,3335310000,50587080,16.09
30/09/2020,470,24050000,50.3(-0.59 %),1800,90820000,1330,66770000,50605510,16.09
01/10/2020,30150,1530920000,50.8(0.99 %),33260,1689190000,3110,158270000,50625150,16.09
02/10/2020,-1580,-80090000,50.6(-0.39 %),1480,74800000,3060,154890000,50688910,16.08
05/10/2020,-68230,-3432240000,50.2(-0.79 %),6830,343720000,75060,3775960000,50683410,16.08
06/10/2020,-7690,-385770000,50.2(0.00 %),3330,167800000,11020,553570000,50683190,16.08
07/10/2020,-270440,-13538645000,49.9(-0.60 %),12160,609299000,282600,14147944000,51006350,16.06
08/10/2020,-56260,-2806516000,49.8(-0.20 %),2480,123700000,58740,2930216000,51062610,16.05
09/10/2020,-131240,-6539230000,49.75(-0.10 %),60,2990000,131300,6542220000,50757290,16.08
12/10/2020,-94290,-4680123000,49.35(-0.80 %),1160,57398000,95450,4737521000,51288140,16.04
13/10/2020,-47000,-2324220000,49.35(0.00 %),31150,1538150000,78150,3862370000,51066320,16.05
14/10/2020,-103460,-5114042500,49.5(0.30 %),359760,17770465000,463220,22884507500,51438600,16.02
15/10/2020,-152590,-7640520000,49.8(0.61 %),69050,3455960000,221640,11096480000,50864260,16.07
16/10/2020,-116210,-5800850000,49.95(0.30 %),30,1495500,116240,5802345500,51707400,16.0
19/10/2020,-171960,-8512590000,49.35(-1.20 %),379960,18748410000,551920,27261000000,51026100,16.06
20/10/2020,-111020,-5421132000,49.1(-0.51 %),192910,9478696500,303930,14899828500,51990380,15.98
21/10/2020,12130,591033000,48.9(-0.41 %),102220,5003583000,90090,4412550000,51978250,15.98
22/10/2020,63310,3098910000,49.4(1.02 %),80310,3930710000,17000,831800000,51538460,16.02
23/10/2020,-14790,-735295000,49.5(0.20 %),55530,2741696000,70320,3476991000,51929730,15.99
26/10/2020,101040,5042064000,50(1.01 %),116850,5823944000,15810,781880000,51828690,15.99
27/10/2020,-36940,-1828440000,49.4(-1.20 %),13990,694630000,50930,2523070000,51762770,16.0
28/10/2020,24800,1211450000,47.5(-3.85 %),24800,1211450000,0,0,51806820,16.0
29/10/2020,20620,985610000,48.2(1.47 %),24720,1181800000,4100,196190000,51797910,16.0
30/10/2020,-311190,-14874718500,49(1.66 %),1960,93584500,313150,14968303000,52131400,15.97
02/11/2020,-77930,-3774430000,48.35(-1.33 %),2610,126450000,80540,3900880000,51845420,15.99
03/11/2020,-47360,-2291120000,48.3(-0.10 %),7560,365150000,54920,2656270000,51841960,15.99
04/11/2020,-45310,-2211780000,48.8(1.04 %),64320,3145610000,109630,5357390000,52107110,15.97
05/11/2020,1280,57124000,48.7(-0.20 %),61540,3012526000,60260,2955402000,51939420,15.99
06/11/2020,-106240,-5135590000,48.3(-0.82 %),1500,72520000,107740,5208110000,52178370,15.97
09/11/2020,-79960,-3879700000,48.5(0.41 %),95050,4609410000,175010,8489110000,52192950,15.97
10/11/2020,-46190,-2344680000,48.85(0.72 %),168890,8199220000,215080,10543900000,52084320,15.97
11/11/2020,-295150,-14359802500,48.85(0.00 %),61100,2990979000,356250,17350781500,52466960,15.94
12/11/2020,-229680,-11172274000,48.6(-0.51 %),36670,1782229500,266350,12954503500,52696640,15.93
13/11/2020,-96240,-4659199000,48.8(0.41 %),1820,87805000,98060,4747004000,52792880,15.92
16/11/2020,-456300,-22049438500,48.15(-1.33 %),37890,1845201000,494190,23894639500,53249180,15.88
17/11/2020,-222850,-10752043500,48.4(0.52 %),93570,4525181000,316420,15277224500,53472030,15.87
18/11/2020,-45610,-2216130000,48.4(0.00 %),19460,943970000,65070,3160100000,53056070,15.9
19/11/2020,-407070,-20647870000,50.7(4.75 %),52040,2652200000,459110,23300070000,53505470,15.86
20/11/2020,-9750,-486501000,50.6(-0.20 %),231690,11760913000,241440,12247414000,53934460,15.83
23/11/2020,-145610,-7357300000,50.7(0.20 %),43960,2217690000,189570,9574990000,53612470,15.86
24/11/2020,-115710,-5836977500,50.2(-0.99 %),31550,1583152500,147260,7420130000,54195780,15.81
25/11/2020,-21290,-1071150000,50.4(0.40 %),114290,5781210000,135580,6852360000,54168630,15.81
26/11/2020,-632880,-32473644000,51.4(1.98 %),20200,1026095000,653080,33499739000,54801510,15.76
27/11/2020,-165190,-8485840000,51.3(-0.19 %),29440,1510270000,194630,9996110000,54456980,15.79
30/11/2020,9130,473910000,50.8(-0.97 %),37140,1899720000,28010,1425810000,54555420,15.78
01/12/2020,-4471,-2229920000,50.6(-0.39 %),9220,4648590000,13691,6878510000,55116300,15.74
02/12/2020,155470,7867430000,50.9(0.59 %),156340,7911510000,870,44080000,55154790,15.74
03/12/2020,-219820,-11102539000,50.6(-0.59 %),109600,5550368000,329420,16652907000,55272850,15.73
04/12/2020,-185400,-9459900000,50.8(0.40 %),32230,1640230000,217630,11100130000,55177880,15.74
07/12/2020,148060,7577781000,51.3(0.98 %),211990,10845667000,63930,3267886000,55310190,15.73
08/12/2020,-54600,-2766391000,50.7(-1.17 %),208420,10625315000,263020,13391706000,55364790,15.72
09/12/2020,22989,11916030000,52.3(3.16 %),35764,18592500000,12775,6676470000,54944270,15.75
10/12/2020,249410,13038040000,51.6(-1.34 %),252790,13214030000,3380,175990000,54753960,15.77
11/12/2020,23623,12415130000,53(2.71 %),26065,13690940000,2442,1275810000,54756330,15.77
14/12/2020,41918,22687250000,54.5(2.83 %),42443,22970480000,525,283230000,54459650,15.79
15/12/2020,-589770,-31549920000,53.9(-1.10 %),324270,17609830000,914040,49159750000,54138760,15.82
16/12/2020,-203070,-10897670000,53.7(-0.37 %),30590,1642400000,233660,12540070000,54132590,15.82
17/12/2020,-222820,-11648280000,52.3(-2.61 %),54130,2852720000,276950,14501000000,54080830,15.82
18/12/2020,197190,10579820000,53.8(2.87 %),367230,19609310000,170040,9029490000,54629840,15.78
21/12/2020,325600,17524993000,54(0.37 %),331570,17847055000,5970,322062000,54722950,15.77
22/12/2020,-18971,-10108430000,53.2(-1.48 %),788,419240000,19759,10527670000,54814350,15.76
23/12/2020,-14549,-7808900000,53.1(-0.19 %),6826,3647680000,21375,11456580000,54916130,15.76
24/12/2020,-950,25090000,52.7(-0.75 %),212180,11234170000,213130,11209080000,54707020,15.77
25/12/2020,-1818,-955380000,53.1(0.76 %),21,10930000,1839,966310000,54902950,15.76
28/12/2020,16640,9049900000,54.8(3.20 %),27114,14699390000,10474,5649490000,54845560,15.76
29/12/2020,-194410,-10596835000,54.7(-0.18 %),478170,26367770000,672580,36964605000,55105290,15.74
30/12/2020,19429,10649810000,54.9(0.37 %),21032,11527800000,1603,877990000,54388590,15.8
31/12/2020,295220,16175683000,54.6(-0.55 %),301080,16496043000,5860,320360000,54093370,15.82
04/01/2021,-8810,-4861890000,54.9(0.55 %),21800,12053990000,30610,16915880000,54646830,15.78
05/01/2021,69600,3829900000,55.1(0.36 %),234300,12909350000,164700,9079450000,54577230,15.78
06/01/2021,-101900,-5681800000,55.3(0.36 %),59700,3349650000,161600,9031450000,54679130,15.77
07/01/2021,-270600,-14990590000,55.6(0.54 %),37400,2083060000,308000,17073650000,54949730,15.75
08/01/2021,-39650,-22443450000,56.2(1.08 %),5460,3081350000,45110,25524800000,54753520,15.77
11/01/2021,-9650,-5500340000,57.3(1.96 %),21440,12388830000,31090,17889170000,54700720,15.77
12/01/2021,-197700,-11319708900,57.3(0.00 %),308200,17646907400,505900,28966616300,55640430,15.7
13/01/2021,-134700,-7724310000,57(-0.52 %),4500,259830000,139200,7984140000,55775130,15.69
14/01/2021,-118300,-6627340000,56.2(-1.40 %),440500,24909540000,558800,31536880000,55893430,15.68
15/01/2021,-58550,-32693800000,56(-0.36 %),20,11160000,58570,32704960000,55639220,15.7
18/01/2021,140200,7827850000,56.1(0.18 %),588200,32924030000,448000,25096180000,56338730,15.65
19/01/2021,-880,-468210000,53(-5.53 %),41600,23276460000,42480,23744670000,55606980,15.7
20/01/2021,364500,19505020000,53.3(0.57 %),483400,25843340000,118900,6338320000,55983030,15.67
21/01/2021,35500,1889650000,54.9(3.00 %),504900,27432780000,469400,25543130000,55947530,15.68
22/01/2021,-37740,-20571390000,54.3(-1.09 %),65260,35753670000,103000,56325060000,55490240,15.71
25/01/2021,-77800,-42223080000,53.9(-0.74 %),6780,3690800000,84580,45913880000,55513640,15.71
26/01/2021,-633800,-33455670000,52.6(-2.41 %),15000,796870000,648800,34252540000,57736730,15.54
27/01/2021,-42150,-21773680000,50.7(-3.61 %),8180,4249130000,50330,26022810000,56542220,15.63
28/01/2021,4000,334975000,47.2(-6.90 %),219000,10659750000,215000,10324775000,58154230,15.51
29/01/2021,-10700,-496925000,49(3.81 %),151300,7409850000,162000,7906775000,58164930,15.5
01/02/2021,-369300,-17997125000,48.5(-1.02 %),7200,350580000,376500,18347705000,58170420,15.5
02/02/2021,-688000,-33590755000,49.7(2.47 %),89200,4367155000,777200,37957910000,58858420,15.45
03/02/2021,-270700,-13742100000,50.5(1.61 %),16400,828830000,287100,14570930000,59129120,15.43
04/02/2021,-5920,-3008190000,51.3(1.58 %),390,199090000,6310,3207280000,58807220,15.45
05/02/2021,-3300,-1705980000,52.2(1.75 %),10050,5215010000,13350,6920990000,59483920,15.4
08/02/2021,-91820,-47181110000,52(-0.38 %),15200,7942020000,107020,55123130000,59604020,15.39
09/02/2021,-90900,-46710850000,53(1.92 %),3360,1739300000,94260,48450150000,59621520,15.39
17/02/2021,17610,9727900000,55.7(5.09 %),23070,12732060000,5460,3004160000,59518320,15.4
18/02/2021,16080,9013040000,56.1(0.72 %),25140,14082370000,9060,5069330000,60337120,15.34
19/02/2021,80000,4485790000,56.2(0.18 %),399200,22363730000,319200,17877940000,60631620,15.31
22/02/2021,-30360,-17367780000,57.2(1.78 %),32980,18854570000,63340,36222350000,60602500,15.32
23/02/2021,-672000,-38142720000,56.8(-0.70 %),72400,4127260000,744400,42269980000,61607220,15.24
24/02/2021,-697600,-39861470000,57.3(0.88 %),4500,259760000,702100,40121230000,62304820,15.18
25/02/2021,-815000,-47267840000,58.4(1.92 %),94600,5512250000,909600,52780090000,63119820,15.12
26/02/2021,-53310,-30703290000,58.2(-0.34 %),2850,1646090000,56160,32349380000,62145080,15.2
01/03/2021,2215700,129914170000,59(1.37 %),2566100,150585050000,350400,20670880000,62847180,15.14
02/03/2021,162860,95690090000,58.6(-0.68 %),245500,144345570000,82640,48655480000,58731180,15.46
03/03/2021,232400,136224000000,58.5(-0.17 %),270550,158542160000,38150,22318160000,56582480,15.63
04/03/2021,1947300,114858290000,57.8(-1.20 %),2576600,150739080000,629300,35880790000,56947280,15.6
05/03/2021,499800,29225633500,58(0.35 %),1963700,114159690000,1463900,84934056500,56447480,15.64
08/03/2021,1066500,61991420000,58.4(0.69 %),1587700,92393860000,521200,30402440000,55380980,15.72
09/03/2021,1210800,69823710000,56.6(-3.08 %),1830600,105157910000,619800,35334200000,54170180,15.81
10/03/2021,102300,57122360000,55.8(-1.41 %),134910,75323510000,32610,18201150000,50879880,16.07
11/03/2021,219500,12046660000,55.6(-0.36 %),383400,21222430000,163900,9175770000,52927680,15.91
12/03/2021,-57540,-32147030000,55.6(0.00 %),19040,10643480000,76580,42790510000,51426080,16.03
15/03/2021,-209300,-12247000000,57.1(2.70 %),424200,23600200000,633500,35847200000,53712380,15.85
16/03/2021,2185500,124360680000,57.8(1.23 %),2222400,126483460000,36900,2122780000,51526880,16.02
17/03/2021,158070,91037740000,57.8(1.05 %),329460,189984610000,171390,98946870000,46735380,16.39
18/03/2021,242960,140267780000,57.7(-0.17 %),243930,140828150000,970,560370000,44920580,16.53
19/03/2021,-155800,-8730780000,56.3(-2.43 %),56500,3190810000,212300,11921590000,47672380,16.32
22/03/2021,-31900,-1789790000,56(-0.53 %),2600,146650000,34500,1936440000,47704280,16.31
23/03/2021,-495700,-28121840000,57.2(2.14 %),56300,3163940000,552000,31285780000,48199980,16.27
24/03/2021,3400,184920000,56.3(-1.57 %),42400,2386430000,39000,2201510000,48196580,16.28
25/03/2021,18240,10256890000,56.2(-0.18 %),20150,11325900000,1910,1069010000,46523020,16.4
26/03/2021,41100,2249510000,55.9(-0.53 %),49600,2715320000,8500,465810000,47973080,16.29
29/03/2021,2530,1409150000,55.6(-0.54 %),5160,2881450000,2630,1472300000,47014820,16.37
30/03/2021,-171500,-9510840000,55.5(-0.18 %),214300,11951730000,385800,21462570000,48119280,16.28
31/03/2021,-37620,-20894840000,55.1(-0.72 %),6170,3450090000,43790,24344930000,46773020,16.39
01/04/2021,150200,8380770000,56.3(2.18 %),203100,11327000000,52900,2946230000,46798420,16.38
02/04/2021,9730,5518120000,56.5(0.36 %),12460,7063300000,2730,1545180000,46856520,16.38
05/04/2021,-27530,-14998310000,55.9(-1.06 %),33320,19113260000,60850,34111570000,46961220,16.37
06/04/2021,-217700,-12097670000,55.8(-0.18 %),274100,15210916800,491800,27308586800,47194120,16.35
07/04/2021,-487800,-27064290000,55.8(0.00 %),325200,18040260000,813000,45104550000,47681920,16.31
08/04/2021,9090,5087540000,55.9(0.18 %),13870,7756030000,4780,2668490000,47148320,16.36
09/04/2021,14120,7916180000,55.9(0.00 %),18270,10239400000,4150,2323220000,47374720,16.34
12/04/2021,5450,3086550000,55.9(0.00 %),46460,25916060000,41010,22829510000,47724920,16.31
13/04/2021,273400,15224130000,54.9(-1.79 %),496300,27519990000,222900,12295860000,47121920,16.36
14/04/2021,40000,2228680000,55.2(0.55 %),147500,8124550000,107500,5895870000,47081920,16.36
15/04/2021,-943600,-51287510000,54.4(-1.45 %),119700,6618400000,1063300,57905910000,48025520,17.2
16/04/2021,-439600,-23361640000,52.8(-2.94 %),55300,2961870000,494900,26323510000,48465120,16.25
19/04/2021,-428000,-22470480000,52.5(-0.57 %),349200,18445240000,777200,40915720000,48893120,16.22
20/04/2021,-55900,-2941910000,52.9(0.76 %),180700,9599900000,236600,12541810000,48949020,16.22
22/04/2021,-298300,-15284190000,51(-3.59 %),152700,7963020000,451000,23247210000,49247320,16.19
23/04/2021,-817100,-41340910000,51(0.00 %),200300,10204610000,1017400,51545520000,50064420,16.13
26/04/2021,-14440,-7129960000,49.95(-2.06 %),16390,8393340000,30830,15523300000,49245720,16.19
27/04/2021,-601100,-29543340000,48.6(-2.70 %),192000,9469065000,793100,39012405000,50809920,16.07
28/04/2021,-7680,-3644710000,50(2.88 %),46740,23340600000,54420,26985310000,50055340,16.13
29/04/2021,-268800,-13367620000,50.3(0.60 %),214500,10801950000,483300,24169570000,51155520,16.05
04/05/2021,-27240,-13493120000,49.65(-1.29 %),12080,6034340000,39320,19527460000,50815140,16.07
05/05/2021,-26310,-13428590000,50.9(2.52 %),1990,1019170000,28300,14447760000,51336440,16.03
06/05/2021,-502300,-25552930000,50.8(-0.20 %),1900,96810000,504200,25649740000,51701340,16.0
07/05/2021,-414200,-20933620000,50.7(-0.20 %),4200,211730000,418400,21145350000,51965540,15.98
10/05/2021,-51570,-26920230000,53.3(5.13 %),610,320230000,52180,27240460000,52477740,15.94
11/05/2021,-204100,-10887200000,53(-0.56 %),160400,8537390000,364500,19424590000,52685340,15.93
12/05/2021,-95010,-50424670000,53.3(0.57 %),5480,2920930000,100490,53345600000,53183250,15.89
13/05/2021,-425700,-22924050000,54(1.31 %),302700,16307530000,728400,39231580000,54061140,15.82
14/05/2021,-94550,-51514850000,54.8(1.48 %),200,108820000,94750,51623670000,54061850,15.82
17/05/2021,-109370,-59566710000,54(-1.46 %),10620,5795940000,119990,65362650000,54956050,15.75
18/05/2021,-119790,-64474810000,54(0.00 %),150,80550000,119940,64555360000,55383750,15.72
19/05/2021,-103340,-56328910000,54.2(0.37 %),4440,2429680000,107780,58758590000,56283850,15.65
20/05/2021,-46070,-24893780000,54.4(0.37 %),3250,1756270000,49320,26650050000,57447650,15.56
21/05/2021,-4830,-2652950000,57.4(5.51 %),3160,1735870000,7990,4388820000,58615450,15.47
24/05/2021,1940,1088280000,56.3(-1.92 %),4110,2305960000,2170,1217680000,59652235,15.39
25/05/2021,2187600,122697000000,56.2(-0.18 %),2518600,141240060000,331000,18543060000,56633640,15.62
26/05/2021,2459600,136512850000,55.3(-1.60 %),2506600,139123670000,47000,2610820000,54174040,15.81
27/05/2021,249500,135968290000,53.9(-2.53 %),255590,139271350000,6090,3303060000,52669535,15.93
28/05/2021,2705900,148349470000,54.8(1.67 %),2714500,148818110000,8600,468640000,48973140,16.22
31/05/2021,243070,133369970000,54.6(-0.36 %),246550,135273580000,3480,1903610000,47869535,16.3
01/06/2021,-20500,-1128650000,54.7(0.18 %),18600,1016810000,39100,2145460000,47931335,16.3
02/06/2021,7980,4410900000,55.2(0.91 %),11300,6244990000,3320,1834090000,47809235,16.3
03/06/2021,507000,28045270000,55.4(0.36 %),647400,35818050000,140400,7772780000,47344535,16.34
04/06/2021,1262000,69540880000,57.2(3.25 %),1304800,71904170000,42800,2363290000,46082535,16.44
07/06/2021,1309700,73768160000,56.6(-1.05 %),1507200,85157600000,197500,11389440000,44772835,16.54
08/06/2021,2407700,134572920000,54.7(-3.36 %),2509800,140268220000,102100,5695300000,42365135,16.73
09/06/2021,75400,4353570000,53.8(-1.65 %),944000,51226700000,868600,46873130000,42289735,16.73
10/06/2021,79600,4196610000,52.5(-2.42 %),79600,4196610000,0,0,42210135,16.74
11/06/2021,2605800,140120630000,54(2.86 %),3306900,177606230000,701100,37485600000,39604335,16.94
14/06/2021,102000,55223610000,55(1.85 %),207760,113192980000,105760,57969370000,36920135,17.15
15/06/2021,176880,97454620000,54.8(-0.36 %),269990,148542970000,93110,51088350000,34220235,17.36
16/06/2021,15770,8806180000,56(2.19 %),48240,27062500000,32470,18256320000,34438935,17.34
17/06/2021,-110400,-6223030000,56.7(1.25 %),145900,8275270000,256300,14498300000,36768235,17.16
18/06/2021,251200,14216200000,56.5(-0.35 %),359300,20326570000,108100,6110370000,36517035,17.18
21/06/2021,3620,2119140000,58.6(3.72 %),5110,2991950000,1490,872810000,36201135,17.2
22/06/2021,343600,20206320000,58.6(0.00 %),418700,24623290000,75100,4416970000,36137235,17.21
23/06/2021,271600,15490340000,56.5(-3.58 %),410100,23381390000,138500,7891050000,35865635,17.23
24/06/2021,3240,1819420000,56(-0.88 %),3840,2156500000,600,337080000,35716235,17.24
25/06/2021,-6510,-3647280000,56.5(0.89 %),4160,2339220000,10670,5986500000,35749735,17.24
28/06/2021,900,52150000,57.1(1.06 %),30200,1724840000,29300,1672690000,35897435,17.23
29/06/2021,-9320,-5234610000,56.2(-1.58 %),3650,2054790000,12970,7289400000,35831135,17.23
30/06/2021,1820,1002020000,54.8(-2.49 %),5190,2880580000,3370,1878560000,35890435,17.23
01/07/2021,444000,24485600000,55.5(1.28 %),624000,34387380000,180000,9901780000,35927235,17.22
02/07/2021,-44500,-2479130000,55.4(-0.18 %),6900,383280000,51400,2862410000,35971735,17.22
05/07/2021,-14770,-7992620000,54.5(-1.62 %),4730,2568710000,19500,10561330000,35424435,17.26
06/07/2021,57400,3072110000,51.7(-5.14 %),67600,3606600000,10200,534490000,36062035,17.21
07/07/2021,49560,25957870000,53.2(2.90 %),50110,26244160000,550,286290000,35087135,17.29
08/07/2021,7430,3894170000,52.3(-1.69 %),8080,4235100000,650,340930000,35204335,17.28
09/07/2021,91700,4675820000,50.8(-2.87 %),125100,6399430000,33400,1723610000,35400435,17.26
12/07/2021,18500,744170000,49.65(-2.26 %),267100,13172105000,248600,12427935000,35381935,17.27
13/07/2021,25850,13082700000,51(2.72 %),31880,16120590000,6030,3037890000,34509635,17.33
14/07/2021,-1570,-749330000,50.9(-0.20 %),17430,8930920000,19000,9680250000,34364235,17.34
15/07/2021,29720,15123940000,50.9(0.00 %),30270,15404370000,550,280430000,34293635,17.35
16/07/2021,-19470,-9951840000,51.1(0.39 %),14200,7251640000,33670,17203480000,34217935,17.36
19/07/2021,54400,2648790000,49(-4.11 %),146200,7167385000,91800,4518595000,34982235,17.3
20/07/2021,-29960,-14399940000,49.35(0.71 %),17430,8550370000,47390,22950310000,34112135,17.36
21/07/2021,6590,3313390000,50(1.32 %),14240,7136850000,7650,3823460000,34309435,17.35
22/07/2021,22400,1141600000,50.9(1.80 %),35800,1821990000,13400,680390000,35193535,17.28
23/07/2021,-14600,-726670000,50.2(-1.38 %),73800,3722540000,88400,4449210000,35208135,17.28
26/07/2021,-22830,-11306300000,49.9(-0.60 %),2800,1395310000,25630,12701610000,34814035,17.31
27/07/2021,-31720,-16005860000,50.3(0.80 %),370,187100000,32090,16192960000,34823735,17.31
28/07/2021,-49900,-2516140000,50.5(0.40 %),600,30330000,50500,2546470000,35803535,17.23
29/07/2021,-29970,-14958220000,51(0.99 %),20090,10159570000,50060,25117790000,34975935,17.3
30/07/2021,361200,18494180000,51.3(0.59 %),378100,19358050000,16900,863870000,35742035,17.24
02/08/2021,-1100,-48790000,51.5(0.39 %),43700,2258370000,44800,2307160000,34969235,17.3
03/08/2021,25200,1293770000,51.2(-0.58 %),41100,2107530000,15900,813760000,34944035,17.3
04/08/2021,348400,18117050000,52.3(2.15 %),349200,18157980000,800,40930000,34595635,17.33
05/08/2021,2500,131690000,52.4(0.19 %),6700,352010000,4200,220320000,34593135,17.33
06/08/2021,278600,14759930000,52.9(0.95 %),352400,18668980000,73800,3909050000,34314535,17.35
09/08/2021,460400,24361570000,52.9(0.00 %),552400,29222650000,92000,4861080000,33854135,17.38
10/08/2021,1295300,69466480000,53.8(1.70 %),1476500,79130110000,181200,9663630000,32558835,17.48
11/08/2021,1803500,97008240000,53.4(-0.74 %),1861300,100100950000,57800,3092710000,30755335,17.62
12/08/2021,1028600,55090990000,53(-0.75 %),1085200,58105970000,56600,3014980000,29726735,17.7
13/08/2021,1859900,86029410200,52.9(-0.19 %),1958900,87743583400,99000,1714173200,27866835,17.85
16/08/2021,-31300,-1641470000,52.1(-1.51 %),39700,2065820000,71000,3707290000,27898135,17.84
17/08/2021,-157900,-8173560000,51.6(-0.96 %),36300,1880410000,194200,10053970000,28182635,17.82
18/08/2021,-173600,-8941760000,51.6(0.00 %),101100,5214710000,274700,14156470000,28071735,17.83
19/08/2021,-9000,-472180000,51.5(-0.19 %),276500,14200580000,285500,14672760000,28080735,17.83
20/08/2021,-170200,-8618500000,49.6(-3.69 %),61600,3102215000,231800,11720715000,28250935,17.82
23/08/2021,-492000,-24159055000,48.5(-2.22 %),39600,1945015000,531600,26104070000,28742935,17.78
24/08/2021,-290800,-14159650000,48.8(0.62 %),106600,5203750000,397400,19363400000,29033735,17.76
25/08/2021,-308400,-15228430000,49.55(1.54 %),8200,404600000,316600,15633030000,29342135,17.73
26/08/2021,-331000,-16308055000,48.7(-1.72 %),32600,1610420000,363600,17918475000,29673135,17.71
27/08/2021,72700,3618145000,49.5(1.64 %),187200,9210985000,114500,5592840000,29600435,17.71
30/08/2021,-325500,-16122770000,49.55(0.10 %),169370,8387205000,494870,24509975000,29925935,17.69
31/08/2021,-352400,-17495300000,49.7(0.30 %),94300,4683895000,446700,22179195000,30278335,17.66
01/09/2021,61200,3107850000,50.8(2.21 %),69600,3533000000,8400,425150000,30113935,17.67
06/09/2021,489500,25171190000,51.1(0.59 %),554000,28476680000,64500,3305490000,29624435,17.71
07/09/2021,109600,5618660000,50.4(-1.37 %),245700,12507660000,136100,6889000000,29514835,17.72
08/09/2021,-336500,-16764215000,49.3(-2.18 %),2900,145060000,339400,16909275000,29851335,17.69
09/09/2021,134200,6749785000,50.6(2.64 %),235300,11855930000,101100,5106145000,29717135,17.7
10/09/2021,121400,6170580000,50.5(-0.20 %),203800,10342800000,82400,4172220000,29595735,17.71
13/09/2021,-57500,-2865260000,50.3(-0.40 %),80100,4074720000,137600,6939980000,29653235,17.71
14/09/2021,-112500,-5655440000,50.1(-0.40 %),119900,6050140000,232400,11705580000,29765735,17.7
15/09/2021,38600,1959950000,50.9(1.60 %),133900,6774800000,95300,4814850000,29727135,17.7
16/09/2021,41900,2148810000,51(0.20 %),118800,6076470000,76900,3927660000,29685235,17.71
17/09/2021,-49000,-2467250000,50.7(-0.59 %),160900,8200260000,209900,10667510000,29734235,17.7
20/09/2021,-80800,-4058050000,50(-1.38 %),8800,442360000,89600,4500410000,29815035,17.7
21/09/2021,-59200,-2930995000,49.6(-0.80 %),5000,247755000,64200,3178750000,29874235,17.69
22/09/2021,-30700,-1539000000,50.1(1.01 %),10000,502040000,40700,2041040000,29904935,17.69
23/09/2021,25100,1264350000,50.2(0.20 %),40200,2023060000,15100,758710000,29879835,17.69
24/09/2021,-10000,-500830000,50(-0.40 %),38400,1929640000,48400,2430470000,29889835,17.69
27/09/2021,-131100,-6647930000,50.1(0.20 %),245100,12366280000,376200,19014210000,30020935,17.68
28/09/2021,-668300,-34067480000,51.1(2.00 %),237100,12119430000,905400,46186910000,30689235,17.63
29/09/2021,292700,15152390000,52(1.76 %),305200,15799280000,12500,646890000,30396535,17.65
30/09/2021,6600,341210000,51.6(-0.77 %),22600,1170680000,16000,829470000,30389935,17.65
01/10/2021,-325800,-16816370000,51.9(0.58 %),370110,18122350000,695910,34938720000,31123675,17.59
04/10/2021,341900,18416080000,53.8(3.66 %),373100,20089680000,31200,1673600000,30781775,17.62
05/10/2021,163900,8819430000,53.9(0.19 %),300000,16142170000,136100,7322740000,30617875,17.63
06/10/2021,-81900,-4404640000,53.9(0.00 %),600,32190000,82500,4436830000,30699775,0.0
07/10/2021,227800,12235070000,54(0.19 %),322100,17272290000,94300,5037220000,30471975,0.0
08/10/2021,-24300,-1308510000,53.9(-0.19 %),20200,1087490000,44500,2396000000,30496275,0.0
11/10/2021,387200,20760653300,54.9(1.86 %),411300,21565669400,24100,805016100,30109075,0.0
12/10/2021,427000,23565960000,55(0.18 %),969600,53305020000,542600,29739060000,29682075,0.0
13/10/2021,-329600,-17860740000,53.8(-2.18 %),30700,1678780000,360300,19539520000,30011675,0.0
14/10/2021,-35300,-1904680000,53.9(0.19 %),31200,1682490000,66500,3587170000,30046975,0.0
15/10/2021,-95700,-5124470000,53.6(-0.56 %),45300,2438720000,141000,7563190000,30142675,0.0
18/10/2021,-454900,-24556480000,54.4(1.49 %),166300,9066660000,621200,33623140000,30597575,0.0
19/10/2021,-110900,-6072390000,54.8(0.74 %),4500,246050000,115400,6318440000,30708475,0.0
20/10/2021,-384100,-20805830000,53.9(-1.64 %),27100,1465690000,411200,22271520000,31092575,0.0
21/10/2021,-308700,-16559370000,53.5(-0.74 %),4200,225620000,312900,16784990000,31017175,0.0
22/10/2021,-491600,-26088560000,52.9(-1.12 %),6400,340230000,498000,26428790000,31508775,0.0
25/10/2021,73100,3972900000,54.1(2.27 %),181000,9797370000,107900,5824470000,31435675,0.0
26/10/2021,-210600,-11605560000,54.6(0.92 %),32700,1793830000,243300,13399390000,31646275,0.0
27/10/2021,-115500,-6356190000,55.3(1.28 %),74800,4113920000,190300,10470110000,31761775,0.0
28/10/2021,-25200,-1384680000,54.8(-0.90 %),4900,269180000,30100,1653860000,31786975,17.54
29/10/2021,-389500,-21189650000,54.1(-1.28 %),2900,157700000,392400,21347350000,32176475,17.51
01/11/2021,-327000,-17764000000,53.9(-0.37 %),4200,227130000,331200,17991130000,32645230,17.48
02/11/2021,-582600,-31610690000,54.3(0.74 %),15200,825050000,597800,32435740000,33227830,17.43
03/11/2021,0,0,53(-2.39 %),0,0,0,0,33227830,17.43
04/11/2021,-199200,-10500121600,52.7(-0.57 %),4400,232865600,203600,10732987200,33427030,0.0
05/11/2021,-319500,-17289750000,53.9(2.28 %),5000,270180000,324500,17559930000,33547330,0.0
08/11/2021,27300,1492080000,54.7(1.48 %),56900,3117160000,29600,1625080000,33200530,17.43
09/11/2021,-9900,-537540000,54.5(-0.37 %),5300,288760000,15200,826300000,33210430,17.43
10/11/2021,0,0,58.3(6.97 %),0,0,0,0,33210430,17.43
11/11/2021,-623300,-37369580000,59.8(2.57 %),301000,17980460000,924300,55350040000,33833730,17.39
12/11/2021,-680000,-40180470000,60(0.33 %),63000,3732610000,743000,43913080000,34513730,17.33
15/11/2021,-68200,-4165560000,60.1(0.17 %),62300,3787730000,130500,7953290000,34581930,17.33
16/11/2021,83600,4973750000,58.8(-2.16 %),99300,5906360000,15700,932610000,34498330,17.33
17/11/2021,-394000,-24536760000,62.1(5.61 %),195300,11855380000,589300,36392140000,34892330,17.3
18/11/2021,-243700,-14981470000,61(-1.77 %),43600,2695380000,287300,17676850000,35136030,17.28
19/11/2021,-25500,-1668540000,59.4(-2.62 %),112200,6612980000,137700,8281520000,35161530,0.0
22/11/2021,280700,16114740000,55.9(-5.89 %),330300,18914030000,49600,2799290000,34910830,17.3
23/11/2021,155500,8765930000,57(1.97 %),158900,8957590000,3400,191660000,34755330,17.31
24/11/2021,84000,4835550000,57(0.00 %),129100,7402080000,45100,2566530000,34671330,17.32
25/11/2021,27600,1570160000,58(1.75 %),84500,4879910000,56900,3309750000,34643730,17.32
26/11/2021,-353700,-20400840000,56.8(-2.07 %),48500,2788590000,402200,23189430000,34997430,0.0
29/11/2021,142900,8320228500,54.9(-3.35 %),204800,11247411200,61900,2927182700,34854530,0.0
30/11/2021,-635420,-34597812000,54.1(-1.46 %),22300,1215590000,657720,35813402000,35632850,0.0
01/12/2021,-175800,-9539040000,54.3(0.37 %),83500,4566200000,259300,14105240000,36193710,17.2
02/12/2021,79800,4414120000,55.5(2.21 %),94900,5240230000,15100,826110000,36113910,17.21
03/12/2021,-33500,-1812040000,53.3(-3.96 %),7900,432080000,41400,2244120000,36147410,17.21
06/12/2021,-32200,-1668140000,51.7(-3.00 %),12000,635920000,44200,2304060000,36179610,17.2
07/12/2021,101100,5331450000,53.5(3.48 %),106000,5588360000,4900,256910000,36078510,17.21
08/12/2021,-15100,-812280000,53.8(0.56 %),10600,573550000,25700,1385830000,36093610,17.21
09/12/2021,3200,176500000,54.1(0.56 %),21200,1148400000,18000,971900000,36090410,0.0
10/12/2021,-78000,-4171410000,53.3(-1.48 %),27000,1443980000,105000,5615390000,36168410,17.2
13/12/2021,27900,1498100000,53.7(0.75 %),36300,1948300000,8400,450200000,36140510,17.21
14/12/2021,-15400,-840160000,54.5(1.49 %),57300,3110850000,72700,3951010000,36155910,18.16
15/12/2021,117000,6368380000,54.6(0.18 %),140300,7646120000,23300,1277740000,36038910,18.17
16/12/2021,105600,5781320000,54.9(0.55 %),149000,8156300000,43400,2374980000,35933310,18.18
17/12/2021,-229000,-12450820000,54.3(-1.09 %),26500,1449970000,255500,13900790000,36162310,18.16
20/12/2021,-67600,-3597690000,53(-2.39 %),4300,228000000,71900,3825690000,36229910,18.16
21/12/2021,110300,5843870000,53(0.00 %),128800,6823870000,18500,980000000,36119610,0.0
22/12/2021,5300,282360000,52.8(-0.38 %),13900,739540000,8600,457180000,36114310,18.17
23/12/2021,0,0,52.8(0.00 %),0,0,0,0,36114310,18.17
24/12/2021,0,0,53(0.38 %),0,0,0,0,36114310,18.17
27/12/2021,-105300,-5637670000,54.1(2.08 %),4800,257180000,110100,5894850000,37010880,17.14
28/12/2021,-26400,-1429850000,53.8(-0.55 %),5700,310480000,32100,1740330000,37037280,18.09
29/12/2021,2300,124790000,54(0.37 %),34300,1850980000,32000,1726190000,37139380,17.13
30/12/2021,-1900,-104430000,54(0.00 %),24800,1341810000,26700,1446240000,37146680,17.13
31/12/2021,148500,8015080000,53.9(-0.19 %),300000,16188360000,151500,8173280000,36878680,17.15
04/01/2022,1166000,64730910000,55.9(3.71 %),1202400,66739640000,36400,2008730000,35702980,17.24
05/01/2022,249900,14106560000,55.7(-0.36 %),314500,17754000000,64600,3647440000,35540000,17.25
06/01/2022,-11300,-628020000,55.5(-0.36 %),7100,396960000,18400,1024980000,35569300,17.25
07/01/2022,-19200,-1079070000,56.3(1.44 %),9700,545370000,28900,1624440000,35622200,17.25
10/01/2022,-51000,-2890376200,55(-2.31 %),12400,56233000,63400,2946609200,35628400,17.25
11/01/2022,33200,1812590000,54.1(-1.64 %),48300,2640190000,15100,827600000,35609000,17.25
12/01/2022,-288700,-15773480000,54.8(1.29 %),30300,1650600000,319000,17424080000,35642100,17.25
13/01/2022,-203200,-11142870000,54.2(-1.09 %),103200,5645450000,306400,16788320000,35553000,17.25
14/01/2022,29000,1583280000,55(1.48 %),34600,1889190000,5600,305910000,35835400,17.23
17/01/2022,-6900,-404500000,53.6(-2.55 %),17800,973380000,24700,1377880000,36122000,17.21
18/01/2022,172600,9280080000,54(0.75 %),175500,9436740000,2900,156660000,35952100,17.22
19/01/2022,61600,3335060000,54(0.00 %),93400,5057550000,31800,1722490000,35886400,17.23
20/01/2022,55300,2996130000,54.2(0.18 %),65800,3563910000,10500,567780000,35823500,17.23
21/01/2022,30700,1665690000,54.8(1.29 %),50600,2739980000,19900,1074290000,35799610,17.23
24/01/2022,-8400,-468760000,54.3(-0.91 %),22300,1216030000,30700,1684790000,35787810,17.23
25/01/2022,42600,2312400000,54.4(0.18 %),55700,3017900000,13100,705500000,35752010,17.24
26/01/2022,-1189700,-69340846200,57(4.78 %),366600,16389045600,1556300,85729891800,35416710,17.26
27/01/2022,395800,22754740000,57(0.00 %),436400,25084950000,40600,2330210000,34992410,17.3
28/01/2022,-16000,-910240000,56.1(-1.58 %),8800,496140000,24800,1406380000,36538310,17.18
07/02/2022,-34200,-2134800000,58.7(4.63 %),394200,23210700000,428400,25345500000,36182710,17.2
08/02/2022,-37400,-2197020000,58.8(0.17 %),25000,1468230000,62400,3665250000,36182510,17.2
09/02/2022,13100,787830000,59.4(1.02 %),38200,2291640000,25100,1503810000,36571710,17.17
10/02/2022,279700,16843540000,60.5(1.85 %),316900,19086620000,37200,2243080000,36307210,17.19
11/02/2022,-7700,-504280000,59.4(-1.82 %),59200,3540870000,66900,4045150000,36265110,17.2
14/02/2022,-60200,-3667730000,60.2(1.35 %),138400,8451890000,198600,12119620000,36163910,17.2
15/02/2022,113100,6771810000,59(-1.99 %),170200,10151310000,57100,3379500000,36060610,17.21
16/02/2022,-12200,-814510000,59(0.00 %),41500,2323900000,53700,3138410000,36217710,17.2
17/02/2022,-32400,-1926660000,60(1.69 %),19400,1142360000,51800,3069020000,36257410,17.2
18/02/2022,114100,6827750000,59.8(-0.33 %),119100,7127160000,5000,299410000,36192010,17.2
21/02/2022,48300,2903540000,59.9(0.17 %),57100,3432990000,8800,529450000,36185510,17.2
22/02/2022,-1019700,-63737590000,62(3.51 %),16600,1009610000,1036300,64747200000,36173910,17.2
23/02/2022,-780500,-49771850000,62.5(0.81 %),6800,427340000,787300,50199190000,36175910,17.2
24/02/2022,-609500,-38706430000,63.4(1.44 %),106800,6769230000,716300,45475660000,37101410,17.13
25/02/2022,-174700,-10904830000,62.4(-1.58 %),5800,362760000,180500,11267590000,37876910,17.07
28/02/2022,95800,5994930000,62.3(-0.16 %),122200,7656410000,26400,1661480000,38461510,17.03
01/03/2022,127800,7894600000,61.3(-1.61 %),155000,9565310000,27200,1670710000,38487010,17.03
02/03/2022,-154900,-9614260000,61.5(0.33 %),88400,5597320000,243300,15211580000,38425010,17.03
03/03/2022,157500,9854010000,62.8(2.11 %),172800,10805270000,15300,951260000,38279410,17.04
04/03/2022,-321100,-19762290000,61.1(-2.71 %),9000,557040000,330100,20319330000,38513710,17.02
07/03/2022,39500,2463990000,63.3(3.60 %),160100,10040440000,120600,7576450000,38367510,17.03
08/03/2022,-99600,-6205570000,61.3(-3.16 %),9600,593000000,109200,6798570000,38685610,17.01
09/03/2022,300,2650000,63(2.77 %),37800,2347810000,37500,2345160000,38766010,17.0
10/03/2022,-778900,-47812040000,61.3(-2.70 %),65800,4053440000,844700,51865480000,38806410,17.0
11/03/2022,-241700,-14546900000,58(-5.38 %),81100,4759470000,322800,19306370000,38760810,17.0
14/03/2022,564700,31885730000,55.9(-3.62 %),574200,32422780000,9500,537050000,39031370,16.98
15/03/2022,183000,10117020000,56(0.18 %),688800,38399370000,505800,28282350000,38665450,17.01
16/03/2022,204400,11409770000,56.2(0.36 %),527400,29487440000,323000,18077670000,38147520,17.05
17/03/2022,39100,2194400000,55.8(-0.71 %),305000,17039020000,265900,14844620000,38348320,17.04
18/03/2022,-86600,-4834760000,55.9(0.18 %),20400,1149420000,107000,5984180000,38650920,17.01
21/03/2022,-42500,-2384690000,56(0.18 %),200,11180000,42700,2395870000,38916620,16.99
22/03/2022,-43800,-2486810000,56.8(1.43 %),20600,1176100000,64400,3662910000,39003020,16.99
23/03/2022,-90600,-5119510000,56(-1.41 %),9800,552080000,100400,5671590000,39033920,16.98
24/03/2022,17500,987880000,56(0.00 %),77500,4354680000,60000,3366800000,39017820,16.98
25/03/2022,-2900,-158950000,56(0.00 %),17600,989010000,20500,1147960000,39097620,16.98
28/03/2022,-29000,-1623120000,56(0.00 %),8100,453100000,37100,2076220000,39149520,16.97
29/03/2022,-11500,-643950000,56.4(0.71 %),55900,3144600000,67400,3788550000,39114120,16.98
30/03/2022,89500,4950600000,55(-2.48 %),141600,7829160000,52100,2878560000,39009620,16.99
31/03/2022,322100,17684470000,55.2(0.36 %),406300,22306120000,84200,4621650000,38670720,17.01
01/04/2022,6200,342530000,55.1(-0.18 %),7300,402990000,1100,60460000,38715520,17.01
04/04/2022,183100,10229530000,56.2(2.00 %),220400,12315860000,37300,2086330000,38577320,17.02
05/04/2022,-59300,-3338090000,56.1(-0.18 %),600,34020000,59900,3372110000,38577860,17.02
06/04/2022,200400,11249400000,56(-0.18 %),212200,11908810000,11800,659410000,38376960,17.03
07/04/2022,275700,15397520000,56.6(1.07 %),352700,19740710000,77000,4343190000,38101260,18.01
08/04/2022,-97300,-5502190000,56.2(-0.71 %),6800,385280000,104100,5887470000,38084160,17.06
12/04/2022,230100,12833740000,54.6(-2.85 %),315400,17565070000,85300,4731330000,37854060,18.03
13/04/2022,3200,175360000,54.7(0.18 %),11500,627990000,8300,452630000,37843760,17.08
14/04/2022,87400,4812980000,54.7(0.00 %),89400,4922580000,2000,109600000,37929260,17.07
15/04/2022,137900,7319334600,54.7(0.00 %),138700,7363393800,800,44059200,37798460,17.08
18/04/2022,83400,4549410000,52.9(-3.29 %),118100,6445210000,34700,1895800000,37681360,17.09
19/04/2022,125500,6624790000,51(-3.59 %),126600,6683610000,1100,58820000,37559160,17.1
20/04/2022,386760,19977556000,51.3(0.59 %),419500,21668280000,32740,1690724000,37522460,18.05
21/04/2022,365400,18568440000,50.3(-1.95 %),374200,19017030000,8800,448590000,36829260,17.15
22/04/2022,247900,12401785000,50.1(-0.40 %),262100,13113825000,14200,712040000,36611700,17.17
25/04/2022,361000,16962130000,46.6(-6.99 %),396300,18670220000,35300,1708090000,36238200,17.2
26/04/2022,485700,22412435000,47.8(2.58 %),517800,23903540000,32100,1491105000,35734600,17.24
27/04/2022,121900,5879210000,48.3(1.05 %),202800,9705955000,80900,3826745000,35573100,17.25
28/04/2022,7700,367640000,47.8(-1.04 %),95600,4586835000,87900,4219195000,35510400,17.26
29/04/2022,179700,8662250000,48(0.42 %),211400,10185205000,31700,1522955000,35381900,17.27
04/05/2022,9900,481465000,48.65(1.35 %),17400,846510000,7500,365045000,35452400,17.26
05/05/2022,28800,1362175000,47.6(-2.26 %),77600,3716985000,48800,2354810000,35423600,18.22
06/05/2022,-7400,-338920000,45.8(-3.78 %),40600,1859480000,48000,2198400000,35373400,17.27
09/05/2022,-10500,-447300000,42.6(-6.99 %),96600,4115160000,107100,4562460000,35325600,17.27
10/05/2022,12800,546560000,42.7(0.23 %),172900,7382830000,160100,6836270000,35200700,17.28
11/05/2022,-503500,-21221240000,41.5(-2.81 %),32200,1360530000,535700,22581770000,35704200,18.2
12/05/2022,-336100,-13613905000,38.6(-6.99 %),50400,2021350000,386500,15635255000,36040300,18.17
13/05/2022,-103800,-4003160000,37.35(-3.24 %),221000,8406770000,324800,12409930000,35699000,17.24
16/05/2022,365100,14275410000,39.1(4.55 %),587500,22971250000,222400,8695840000,35498000,17.26
17/05/2022,-241900,-10111420000,41.8(6.91 %),212600,8886680000,454500,18998100000,35611200,17.25
18/05/2022,-69300,-2869020000,41.4(-0.96 %),64000,2649600000,133300,5518620000,35771600,17.24
19/05/2022,-495400,-20063700000,40.5(-2.17 %),21100,854550000,516500,20918250000,36207000,17.2
20/05/2022,-238300,-9651150000,40.5(0.00 %),112100,4540050000,350400,14191200000,36228200,17.2
23/05/2022,-356000,-14329000000,40.25(-0.62 %),141000,5675250000,497000,20004250000,36604700,17.17
24/05/2022,-21000,-840000000,40(-0.74 %),70900,2836000000,91900,3676000000,36886200,17.15
25/05/2022,46700,1933380000,41.4(3.50 %),60700,2512980000,14000,579600000,37326500,17.12
26/05/2022,256500,10914075000,42.55(2.78 %),297100,12641605000,40600,1727530000,37121300,17.13
27/05/2022,14000,596400000,42.6(0.00 %),159800,6807480000,145800,6211080000,36975500,17.14
30/05/2022,238000,10329200000,43.4(1.88 %),256000,11110400000,18000,781200000,36762100,17.16
31/05/2022,-4400,-193600000,44(1.38 %),47800,2103200000,52200,2296800000,36864500,17.15
01/06/2022,328400,14613800000,44.5(1.14 %),398000,17711000000,69600,3097200000,36484500,17.18
02/06/2022,-40900,-1779150000,43.5(-2.25 %),118400,5150400000,159300,6929550000,36418300,17.19
03/06/2022,35100,1526850000,43.5(0.00 %),37800,1644300000,2700,117450000,36450100,17.18
06/06/2022,37000,1665295000,44.9(3.22 %),45300,2036770000,8300,371475000,36564100,17.17
07/06/2022,338300,15798610000,46.7(4.01 %),399900,18675330000,61600,2876720000,36166900,17.2
08/06/2022,-113800,-5331530000,46.85(0.32 %),40200,1883370000,154000,7214900000,36135000,17.21
09/06/2022,165200,7747880000,46.9(0.00 %),218100,10228890000,52900,2481010000,35978500,17.22
10/06/2022,212800,9576000000,45(-4.05 %),301400,13563000000,88600,3987000000,35831100,17.23
13/06/2022,151800,6375600000,42(-6.67 %),210500,8841000000,58700,2465400000,35668500,17.24
14/06/2022,212900,9175990000,43.1(2.62 %),259300,11175830000,46400,1999840000,35497800,17.26
15/06/2022,-100500,-4120500000,41(-4.87 %),16800,688800000,117300,4809300000,35539700,17.25
16/06/2022,60400,2539820000,42.05(2.56 %),96100,4041005000,35700,1501185000,35493000,17.26
17/06/2022,257900,10806010000,41.9(-0.48 %),290200,12159380000,32300,1353370000,35324100,17.27
20/06/2022,-68800,-2780530000,39.25(-6.32 %),22200,891010000,91000,3671540000,35337600,17.27
21/06/2022,4800,187200000,39(-0.76 %),81800,3190200000,77000,3003000000,35288100,17.27
22/06/2022,173000,6833500000,39.5(1.28 %),205200,8105400000,32200,1271900000,35174900,17.28
23/06/2022,-23700,-964590000,40.7(3.04 %),2900,118030000,26600,1082620000,35249000,17.28
24/06/2022,-108100,-4410480000,40.8(0.25 %),10800,440640000,118900,4851120000,35274400,17.27
27/06/2022,-25100,-1023370000,41.5(1.72 %),22000,908150000,47100,1931520000,35279000,17.27
28/06/2022,162500,6792500000,41.8(0.72 %),201800,8435240000,39300,1642740000,35196100,17.28
29/06/2022,-57700,-2382295000,41(-1.91 %),2600,107500000,60300,2489795000,35240600,17.28
30/06/2022,-37900,-1527370000,40.3(-1.71 %),3900,157170000,41800,1684540000,35276000,17.27
01/07/2022,-9900,-401940000,40.6(0.74 %),32500,1319500000,42400,1721440000,35303800,17.27
04/07/2022,-19900,-805715000,40.35(-0.62 %),13800,565920000,33700,1371635000,35300900,0.0
05/07/2022,-22700,-911405000,40.15(-0.62 %),5900,236885000,28600,1148290000,35373300,17.27
06/07/2022,-34600,-1321720000,38.2(-4.98 %),28500,1088700000,63100,2410420000,35378500,17.27
07/07/2022,19800,772200000,39(2.09 %),41700,1626300000,21900,854100000,35365400,17.27
08/07/2022,-503500,-861100000,39.35(0.90 %),32200,165900000,535700,1027000000,35868900,0.0
11/07/2022,-21800,-861100000,39.5(0.25 %),4200,165900000,26000,1027000000,35426200,17.26
12/07/2022,22100,892840000,40.4(2.28 %),25100,1014040000,3000,121200000,35420800,17.26
13/07/2022,-22500,-898875000,39.95(-1.11 %),2000,79900000,24500,978775000,35444800,17.26
14/07/2022,8000,320800000,40.1(0.25 %),8000,320800000,0,0,35439800,17.26
15/07/2022,-23500,-935300000,39.8(-0.75 %),200,7960000,23700,943260000,35471100,17.26
18/07/2022,-7400,-297850000,40.25(1.13 %),1200,48300000,8600,346150000,35469900,17.26
19/07/2022,20000,842000000,42.1(4.47 %),20000,842000000,0,0,35473600,17.26
20/07/2022,4400,188540000,42.85(1.78 %),14500,621325000,10100,432785000,35467700,17.26
21/07/2022,-28600,-1211210000,42.35(-1.28 %),13000,550550000,41600,1761760000,35455700,17.26
22/07/2022,-23700,376200000,41.8(-1.42 %),2900,443080000,26600,66880000,35455200,17.26
25/07/2022,-2800,-115080000,41.1(-1.67 %),27000,1109700000,29800,1224780000,35470800,17.26
26/07/2022,-13900,-567815000,40.85(-0.61 %),4900,200165000,18800,767980000,35469500,17.26
27/07/2022,-146300,-6042190000,41.3(0.98 %),7800,322140000,154100,6364330000,35491500,17.26
28/07/2022,-59500,-2469250000,41.5(0.48 %),79500,3299250000,139000,5768500000,35430800,17.26
29/07/2022,-135900,-5585490000,41.1(-0.96 %),6100,250710000,142000,5836200000,35578800,17.25
01/08/2022,42100,1759780000,41.8(1.70 %),45700,1910260000,3600,150480000,35672100,17.24
02/08/2022,8000,328000000,41(-1.91 %),43700,1791700000,35700,1463700000,35770400,17.24
03/08/2022,11000,449900000,40.9(-0.24 %),67200,2748480000,56200,2298580000,35706800,17.24
04/08/2022,-7600,-319960000,42.1(2.93 %),81400,3426940000,89000,3746900000,35661100,17.24
05/08/2022,-26100,-1087065000,41.65(-1.07 %),19800,824670000,45900,1911735000,35697500,17.24
08/08/2022,22500,955125000,42.45(1.80 %),22500,955125000,0,0,35759000,17.24
09/08/2022,-700,-29470000,42.1(-0.94 %),11000,463100000,11700,492570000,35794900,17.23
10/08/2022,7100,297845000,41.95(-0.36 %),9900,415305000,2800,117460000,35785400,17.23
11/08/2022,18100,757485000,41.85(-0.36 %),34200,1431270000,16100,673785000,35762900,17.24
12/08/2022,13500,566325000,41.95(0.12 %),15700,658615000,2200,92290000,35750000,17.24
15/08/2022,9000,378900000,42.1(0.24 %),24200,1018820000,15200,639920000,35741900,17.24
16/08/2022,93100,4026575000,43.25(2.73 %),98700,4268775000,5600,242200000,35645400,17.25
17/08/2022,13000,554450000,42.65(-1.50 %),45200,1927780000,32200,1373330000,35612400,17.25
18/08/2022,-1700,-72080000,42.4(-0.70 %),65500,2777200000,67200,2849280000,35558000,17.25
19/08/2022,-22000,-939400000,42.7(0.71 %),85600,3655120000,107600,4594520000,35504600,17.26
22/08/2022,-22300,-944405000,42.35(-0.82 %),12200,516670000,34500,1461075000,35559600,17.25
23/08/2022,38500,1694000000,44(3.77 %),141800,6239200000,103300,4545200000,35517400,17.25
24/08/2022,-175300,-7678140000,43.8(-0.45 %),40000,1752000000,215300,9430140000,35511900,17.26
25/08/2022,36300,1593570000,43.9(0.23 %),36900,1619910000,600,26340000,35578300,17.25
26/08/2022,88600,3854100000,43.5(-0.91 %),88800,3862800000,200,8700000,35706800,17.24
29/08/2022,-34900,-1497210000,42.9(-1.38 %),54100,2320890000,89000,3818100000,35653300,17.24
30/08/2022,-102900,-4347525000,42.25(-1.52 %),4500,190125000,107400,4537650000,35649000,17.24
31/08/2022,13000,548600000,42.2(-0.24 %),22100,932620000,9100,384020000,35715900,17.24
05/09/2022,158800,6653720000,41.9(-0.71 %),219000,9176100000,60200,2522380000,35604300,17.25
06/09/2022,-16400,-680600000,41.5(-0.95 %),8400,348600000,24800,1029200000,35603000,17.25
07/09/2022,-312800,-12512000000,40(-3.61 %),8900,356000000,321700,12868000000,35654300,17.24
08/09/2022,-103900,-4135220000,39.8(-0.50 %),35300,1404940000,139200,5540160000,35643800,17.25
09/09/2022,-50000,-2010000000,40.2(1.01 %),9800,393960000,59800,2403960000,35956200,17.22
12/09/2022,-6800,-2010000000,40.25(0.12 %),8900,393960000,15700,2403960000,36086500,17.21
13/09/2022,-85000,428535000,40.1(-0.50 %),13000,428535000,98000,0,36133300,17.21
14/09/2022,-115800,428535000,39.4(-1.75 %),2600,428535000,118400,0,36148400,17.21
15/09/2022,-355300,-4562520000,39.3(-0.25 %),34500,102440000,389800,4664960000,0,17.2
16/09/2022,18269,715231350,39.15(-0.38 %),60919,2384978850,42650,1669747500,36269381,17.2
19/09/2022,30100,1143800000,38(-3.06 %),53200,2021600000,23100,877800000,36239281,0.0
20/09/2022,-259900,-9876200000,38(0.00 %),21300,809400000,281200,10685600000,36629331,17.17
21/09/2022,1700,64430000,37.9(-0.26 %),7700,291830000,6000,227400000,36644731,17.17
22/09/2022,-321500,-12072325000,37.55(-0.92 %),16000,600800000,337500,12673125000,36909931,17.15
23/09/2022,-251830,-9368076000,37.2(-1.06 %),13200,491040000,265030,9859116000,36902731,17.15
26/09/2022,48480,1750128000,36.1(-2.96 %),79200,2859120000,30720,1108992000,37161031,17.13
27/09/2022,-730,-25842000,35.4(-1.94 %),8700,307980000,9430,333822000,37417861,17.11
28/09/2022,-56900,-1985810000,34.9(-1.41 %),7500,261750000,64400,2247560000,37442081,17.11
29/09/2022,19200,659520000,34.35(-1.58 %),21000,721350000,1800,61830000,37430511,17.11
30/09/2022,-228900,-7530810000,32.9(-4.36 %),74500,2451050000,303400,9981860000,37427611,17.11
03/10/2022,-107354,-3472901900,32.35(-1.67 %),41088,1329196800,148442,4802098700,37408723,17.11
04/10/2022,136100,4355200000,32(-1.23 %),171400,5484800000,35300,1129600000,37543723,17.1
05/10/2022,178100,5877300000,33(3.12 %),180500,5956500000,2400,79200000,37523665,17.1
06/10/2022,187200,6027840000,32.2(-2.42 %),220900,7112980000,33700,1085140000,37341565,17.11
07/10/2022,187400,5959320000,31.8(-1.24 %),211800,6735240000,24400,775920000,37136165,17.13
10/10/2022,364000,12194000000,33.5(5.35 %),388200,13004700000,24200,810700000,36787665,17.16
11/10/2022,263060,8680980000,33(-1.49 %),369600,12196800000,106540,3515820000,36442465,17.18
12/10/2022,222100,7529190000,33.9(2.73 %),257100,8715690000,35000,1186500000,36209565,17.2
13/10/2022,-46500,-1567050000,33.7(-0.59 %),18200,613340000,64700,2180390000,36299905,17.19
14/10/2022,-5700,-192090000,33.7(0.00 %),13800,465060000,19500,657150000,36321105,17.19
17/10/2022,-51200,-1684480000,32.9(-2.37 %),38000,1250200000,89200,2934680000,36349805,17.19
18/10/2022,-300,-9975000,33.25(1.06 %),36500,1213625000,36800,1223600000,36332805,17.19
19/10/2022,-51600,-1721995000,33.25(-0.15 %),39000,1301470000,90600,3023465000,36384405,18.15
20/10/2022,274500,9201855000,33.5(0.60 %),382400,12821575000,107900,3619720000,36108505,18.17
21/10/2022,-93400,-3151575000,31.5(-5.97 %),301500,9691515000,394900,12843090000,36134801,18.17
24/10/2022,119700,3598775000,29.3(-6.98 %),122300,3681290000,2600,82515000,35712781,18.2
25/10/2022,179600,5063000000,28(-4.44 %),181200,5107755000,1600,44755000,35533181,18.22
26/10/2022,1400,42290000,27.75(-0.89 %),29800,832465000,28400,790175000,35641081,18.21
27/10/2022,80300,2296155000,29.1(4.68 %),81500,2330325000,1200,34170000,35928681,17.22
28/10/2022,-62920,-1824680000,29(-0.34 %),7800,226200000,70720,2050880000,35951281,17.22
31/10/2022,-34400,-980400000,28.5(-1.72 %),17100,487350000,51500,1467750000,35935381,17.22
01/11/2022,49000,1425900000,29.1(2.11 %),66200,1926420000,17200,500520000,35931401,17.22
02/11/2022,-10470,-306771000,29.3(0.69 %),17600,515680000,28070,822451000,35965301,17.22
03/11/2022,-11900,-348075000,29.25(-0.17 %),88200,2579850000,100100,2927925000,35896301,17.23
04/11/2022,325100,9362880000,28.8(-1.71 %),365100,10514880000,40000,1152000000,35561271,17.25
07/11/2022,18000,519300000,28.85(0.17 %),134900,3891865000,116900,3372565000,35532471,17.25
08/11/2022,227410,6697224500,29.45(1.90 %),231900,6829455000,4490,132230500,35350571,17.27
09/11/2022,271570,7848373000,28.9(2.12 %),320300,9256670000,48730,1408297000,35151171,17.28
10/11/2022,47590,1284930000,27(-6.57 %),128500,3469500000,80910,2184570000,35032161,17.29
11/11/2022,104590,2844848000,27.2(0.74 %),132900,3614880000,28310,770032000,34956791,17.3
14/11/2022,208100,5514650000,26.5(-2.57 %),254300,6738950000,46200,1224300000,34794401,17.31
15/11/2022,41105,1013238250,24.65(-6.98 %),125605,3096163250,84500,2082925000,34697106,17.32
16/11/2022,201210,5231460000,26(5.26 %),333350,8667100000,132140,3435640000,34409956,17.34
17/11/2022,24595,630861750,25.65(-1.35 %),61800,1585170000,37205,954308250,34442656,17.34
18/11/2022,13902,348940200,25.1(-2.33 %),49002,1229950200,35100,881010000,34530794,17.33
21/11/2022,57500,1454750000,25.3(0.80 %),70200,1776060000,12700,321310000,34499999,17.33
22/11/2022,67200,1760640000,26.2(3.56 %),131100,3434820000,63900,1674180000,34403999,17.34
23/11/2022,560995,14950516750,26.65(1.72 %),580600,15472990000,19605,522473250,33841099,17.38
24/11/2022,531200,14608000000,27.5(3.19 %),548500,15083750000,17300,475750000,33361499,17.42
25/11/2022,217100,6133075000,28.25(2.73 %),254100,7178325000,37000,1045250000,33132004,17.44
28/11/2022,233061,6840340350,29.35(3.71 %),246361,7230695350,13300,390355000,32898943,0.0
29/11/2022,425200,12585920000,29.6(0.68 %),454900,13465040000,29700,879120000,32473743,0.0
30/11/2022,286200,8442900000,29.5(-0.34 %),322200,9504900000,36000,1062000000,32187543,18.49
01/12/2022,374000,11594000000,31(5.08 %),426900,13233900000,52900,1639900000,31746543,0.0
02/12/2022,242300,7620335000,31.45(1.45 %),249700,7853065000,7400,232730000,31504243,0.0
05/12/2022,225490,7226954500,32.05(1.75 %),332190,10646689500,106700,3419735000,31278753,0.0
06/12/2022,141521,4273934200,30.2(-5.92 %),352691,10651268200,211170,6377334000,31137232,18.57
07/12/2022,89791,2621897200,29.2(-3.31 %),97891,2858417200,8100,236520000,31047441,0.0
08/12/2022,114269,3405216200,29.8(2.05 %),127869,3810496200,13600,405280000,31033072,17.6
09/12/2022,29400,893760000,30.4(2.01 %),50800,1544320000,21400,650560000,30995372,17.6
12/12/2022,211963,6592049300,31.1(2.30 %),302003,9392293300,90040,2800244000,30691809,18.61
13/12/2022,381900,11991660000,31.4(0.96 %),455000,14287000000,73100,2295340000,30309909,18.64
14/12/2022,-30200,-946770000,31.35(-0.16 %),58400,1830840000,88600,2777610000,30340109,18.64
15/12/2022,-66865,-2089531250,31.25(-0.48 %),11535,360468750,78400,2450000000,30406974,0.0
16/12/2022,54891,1701621000,31(-0.96 %),881701,27332731000,826810,25631110000,30352083,0.0
19/12/2022,-13490,-410096000,30.4(-1.94 %),22210,675184000,35700,1085280000,30365573,18.64
20/12/2022,267300,7845255000,29.35(-3.45 %),277300,8138755000,10000,293500000,30098273,18.66
21/12/2022,247500,7301250000,29.5(0.34 %),254300,7501850000,6800,200600000,29850773,18.68
22/12/2022,232500,7126125000,30.65(3.90 %),287400,8808810000,54900,1682685000,29618273,18.7
23/12/2022,223400,6903060000,30.9(0.65 %),239100,7388190000,15700,485130000,29394873,18.72
26/12/2022,230000,6946000000,30.2(-2.27 %),240700,7269140000,10700,323140000,29164873,18.73
27/12/2022,247425,7571205000,30.6(1.32 %),261200,7992720000,13775,421515000,28917448,18.75
28/12/2022,163200,5140800000,31.5(2.94 %),232200,7314300000,69000,2173500000,28754248,18.77
29/12/2022,137100,4298085000,31.35(-0.48 %),224500,7038075000,87400,2739990000,28597948,17.79
30/12/2022,204800,6492160000,31.7(0.96 %),262500,8321250000,57700,1829090000,28404448,17.8
03/01/2023,165600,5456520000,32.95(3.94 %),187700,6184715000,22100,728195000,28216748,0.0
04/01/2023,275000,9693750000,35.25(6.82 %),285900,10077975000,10900,384225000,28079948,17.83
05/01/2023,263706,9440674800,35.8(1.42 %),275300,9855740000,11594,415065200,27826748,17.85
06/01/2023,101500,3562650000,35.1(-1.96 %),150300,5275530000,48800,1712880000,27687348,17.86
09/01/2023,53800,1909900000,35.5(1.14 %),58900,2090950000,5100,181050000,27640042,17.86
10/01/2023,205970,7589994500,36.85(3.80 %),211170,7781614500,5200,191620000,27481672,17.88
11/01/2023,-20707,-771335750,37.25(0.95 %),208703,7774186750,229410,8545522500,27282069,17.89
12/01/2023,83100,3083010000,37.1(-0.54 %),103300,3832430000,20200,749420000,27183969,17.9
13/01/2023,40720,1508676000,37.05(-0.13 %),56820,2105181000,16100,596505000,27360559,17.89
16/01/2023,124670,4587856000,36.8(-0.81 %),126570,4657776000,1900,69920000,27262189,17.89
17/01/2023,94600,3533310000,37.35(1.49 %),102000,3809700000,7400,276390000,27182289,17.9
18/01/2023,173393,6588934000,38(1.60 %),173400,6589200000,7,266000,27022789,17.91
19/01/2023,122100,4639800000,38(0.00 %),157000,5966000000,34900,1326200000,26877189,17.92
27/01/2023,30800,1173480000,38.1(0.26 %),39000,1485900000,8200,312420000,26838196,17.93
30/01/2023,5500,203775000,37.05(-2.76 %),48500,1796925000,43000,1593150000,26824596,17.93
31/01/2023,-147000,-5409600000,36.8(-0.81 %),300,11040000,147300,5420640000,26836996,17.93
01/02/2023,168699,6115338750,36.25(-1.49 %),308400,11179500000,139701,5064161250,26571596,17.95
02/02/2023,-28300,-1024460000,36.2(-0.28 %),22500,814500000,50800,1838960000,26696396,17.94
03/02/2023,346400,12920720000,37.3(3.04 %),361100,13469030000,14700,548310000,26474997,17.95
06/02/2023,128300,4978040000,38.8(4.02 %),147900,5738520000,19600,760480000,26377897,17.96
07/02/2023,568500,22171500000,39(0.52 %),576300,22475700000,7800,304200000,25816297,18.0
08/02/2023,31097,1156808400,37.2(-4.62 %),33900,1261080000,2803,104271600,25801997,18.01
09/02/2023,107600,4078040000,37.9(1.88 %),117000,4434300000,9400,356260000,25692797,18.01
10/02/2023,-41900,-1604770000,38.3(1.06 %),173900,6660370000,215800,8265140000,25521700,18.03
13/02/2023,59300,2247470000,37.9(-1.04 %),97600,3699040000,38300,1451570000,25433500,18.03
14/02/2023,56350,2141300000,38(0.26 %),63300,2405400000,6950,264100000,25586000,18.02
15/02/2023,32200,1247750000,38.75(1.97 %),41600,1612000000,9400,364250000,25593700,18.02
16/02/2023,215700,8412300000,39(0.52 %),221700,8646300000,6000,234000000,25378950,18.04
17/02/2023,26050,1005530000,38.6(-1.03 %),65600,2532160000,39550,1526630000,25322750,18.04
20/02/2023,41800,1646920000,39.4(2.07 %),51600,2033040000,9800,386120000,25277150,18.05
21/02/2023,9800,397880000,40.6(3.05 %),21600,876960000,11800,479080000,25295100,18.05
22/02/2023,-120903,-4618494600,38.2(-5.91 %),14700,561540000,135603,5180034600,25285200,18.05
23/02/2023,-17776,-681709600,38.35(0.39 %),108202,4149546700,125978,4831256300,25188798,18.05
24/02/2023,60000,2262000000,37.7(-1.82 %),104100,3924570000,44100,1662570000,25128798,19.06
27/02/2023,-6275,-232488750,37.05(-1.72 %),31400,1163370000,37675,1395858750,25299379,18.04
28/02/2023,5600,208880000,37.3(0.54 %),19900,742270000,14300,533390000,25314579,18.04
01/03/2023,121700,4703705000,38.65(3.62 %),125400,4846710000,3700,143005000,25226854,18.05
02/03/2023,194300,7509695000,38.65(-0.13 %),207900,8035335000,13600,525640000,25033254,18.07
03/03/2023,120265,4666282000,38.8(0.26 %),139265,5403482000,19000,737200000,24892689,18.08
06/03/2023,139213,5415385700,38.9(0.26 %),156200,6076180000,16987,660794300,24750089,18.09
07/03/2023,85200,3322800000,39(0.26 %),170800,6661200000,85600,3338400000,24598289,18.1
08/03/2023,121400,4722460000,38.9(-0.26 %),126500,4920850000,5100,198390000,24488776,18.11
09/03/2023,110100,4293900000,39(0.26 %),191500,7468500000,81400,3174600000,24382876,18.12
10/03/2023,-68270,-2604500500,38.15(-2.18 %),115000,4387250000,183270,6991750500,24272476,18.12
13/03/2023,68360,2601098000,38.05(-0.39 %),116760,4442718000,48400,1841620000,24204116,0.0
14/03/2023,101946,3782196600,37.1(-2.62 %),128700,4774770000,26754,992573400,24291686,18.12
15/03/2023,-37600,-1415640000,37.65(1.48 %),62400,2349360000,100000,3765000000,24266686,18.12
16/03/2023,-410400,-14918040000,36.35(-3.58 %),97400,3540490000,507800,18458530000,24196040,18.13
17/03/2023,-2190200,-77533080000,35.4(-2.75 %),1658200,58700280000,3848400,136233360000,22637840,18.25
20/03/2023,-586062,-20746594800,35.4(0.00 %),127638,4518385200,713700,25264980000,23016002,18.22
21/03/2023,-883962,2262000000,34.7(-1.98 %),182538,3924570000,1066500,1662570000,26681864,17.94
22/03/2023,-775200,-26889610000,34.7(0.00 %),216600,7518740000,991800,34408350000,27457064,18.87
23/03/2023,-999800,-35104400000,35.85(3.31 %),164300,5827990000,1164100,40932390000,28456864,18.79
24/03/2023,273700,9966850000,36.35(1.25 %),299700,10909435000,26000,942585000,28183164,18.81
27/03/2023,-93852,-3350516400,35.7(-1.92 %),203248,7255953600,297100,10606470000,28277016,0.0
28/03/2023,54538,1952460400,35.8(0.28 %),87438,3130280400,32900,1177820000,28222478,18.81
29/03/2023,8521,306756000,36(0.56 %),111241,4004676000,102720,3697920000,29860423,17.69
30/03/2023,433900,16010910000,36.9(2.50 %),491200,18125280000,57300,2114370000,29402123,17.73
31/03/2023,-44000,-1647800000,37.45(1.49 %),585000,21908250000,629000,23556050000,28919843,17.76
03/04/2023,-280240,-10509000000,37.5(0.00 %),205360,7701000000,485600,18210000000,28771783,17.78
04/04/2023,135160,5129322000,37.95(1.20 %),351300,13331835000,216140,8202513000,29049483,17.75
05/04/2023,281000,10692050000,38.05(0.13 %),292500,11129625000,11500,437575000,29242583,17.74
06/04/2023,-80160,-2993976000,37.35(-1.97 %),206400,7709040000,286560,10703016000,29252323,17.74
07/04/2023,275300,10378810000,37.7(0.80 %),279100,10522070000,3800,143260000,28984723,17.76
10/04/2023,349100,13021430000,37.3(-1.06 %),454400,16949120000,105300,3927690000,28816883,17.77
11/04/2023,-100,-3695000,36.95(-0.94 %),70300,2597585000,70400,2601280000,28750383,17.78
12/04/2023,-65700,-2430900000,37(0.00 %),0,0,65700,2430900000,28855883,17.77
13/04/2023,-4000,-148800000,37.2(0.54 %),28800,1071360000,32800,1220160000,28897483,17.77
14/04/2023,-8800,-321200000,36.5(-1.88 %),44700,1631550000,53500,1952750000,28918483,17.76
17/04/2023,-11500,-415150000,36.1(-1.10 %),29000,1046900000,40500,1462050000,28922283,17.76
18/04/2023,290600,10694080000,36.8(1.94 %),320600,11798080000,30000,1104000000,28655183,17.79
19/04/2023,-63470,-2310308000,36.4(-1.09 %),16100,586040000,79570,2896348000,28679583,17.78
20/04/2023,73800,2700290000,36.45(0.14 %),169100,6177505000,95300,3477215000,28605783,17.11
21/04/2023,176700,6493725000,36.75(0.68 %),213900,7860825000,37200,1367100000,28406153,17.8
24/04/2023,121400,4461450000,36.75(-0.14 %),153200,5630100000,31800,1168650000,28348253,17.81
25/04/2023,113100,4116840000,36.4(-1.09 %),158600,5773040000,45500,1656200000,28222853,17.82
26/04/2023,237300,8756370000,36.9(1.37 %),264300,9752670000,27000,996300000,27990353,17.84
27/04/2023,112800,4225305000,37.45(1.49 %),165400,6193440000,52600,1968135000,27877553,18.84
28/04/2023,31000,1162020000,37.45(0.00 %),49300,1848210000,18300,686190000,27846553,18.84
04/05/2023,-19900,-747235000,37.45(0.00 %),6100,229335000,26000,976570000,27848153,17.16
05/05/2023,440400,16600615000,37.8(0.93 %),479500,18076715000,39100,1476100000,27433453,17.88
08/05/2023,106700,4049925000,37.8(0.00 %),126900,4814945000,20200,765020000,27332553,17.89
09/05/2023,393000,14936070000,38(0.53 %),412000,15658250000,19000,722180000,26945653,17.92
10/05/2023,44800,1703215000,37.75(-0.66 %),75700,2867175000,30900,1163960000,26900853,17.23
11/05/2023,-12200,-459980000,37.75(-0.13 %),65100,2456710000,77300,2916690000,26842053,17.93
12/05/2023,56700,2131670000,37.55(-0.66 %),107700,4049475000,51000,1917805000,26765253,17.93
15/05/2023,-57400,-2166335000,37.8(0.67 %),33300,1256165000,90700,3422500000,26822653,17.24
16/05/2023,-64800,-2464505000,38.05(0.66 %),14000,531550000,78800,2996055000,26887453,17.23
17/05/2023,-62500,-2376670000,37.5(-1.45 %),33700,1278700000,96200,3655370000,26949953,17.23
18/05/2023,12300,460090000,37.45(-0.13 %),31400,1175940000,19100,715850000,26937653,17.23
19/05/2023,-168700,-6384880000,37.6(0.40 %),21800,822050000,190500,7206930000,27106353,17.22
22/05/2023,-239500,-9047785000,37.75(0.40 %),22100,835010000,261600,9882795000,27345853,17.2
23/05/2023,-110700,-4200100000,37.5(-0.66 %),59300,2237280000,170000,6437380000,27456553,17.19
24/05/2023,-17100,-641580000,37.3(-0.53 %),17600,661555000,34700,1303135000,27473653,17.19
25/05/2023,-46800,-1747620000,37.35(0.13 %),40800,1522010000,87600,3269630000,27520453,17.19
26/05/2023,-173200,-6566205000,37.65(0.80 %),133700,5044625000,306900,11610830000,27693653,17.17
29/05/2023,-248200,-9397325000,37.9(0.66 %),38700,1467130000,286900,10864455000,27941853,17.15
30/05/2023,-7200,-273635000,37.9(0.00 %),57000,2166565000,64200,2440200000,27949053,17.15
31/05/2023,-269900,-10163440000,37.5(-1.06 %),28100,1057650000,298000,11221090000,28218953,17.13
01/06/2023,4600,174400000,37.45(-0.13 %),35800,1346730000,31200,1172330000,27961089,17.15
02/06/2023,2800,111585000,38.25(2.14 %),40500,1542110000,37700,1430525000,27958289,17.15
05/06/2023,40400,1589230000,39.1(2.22 %),78800,3093585000,38400,1504355000,27917889,17.16
06/06/2023,-5900,-230340000,38.9(-0.51 %),17900,696205000,23800,926545000,27923789,17.16
07/06/2023,-78600,-3036865000,38.9(0.00 %),15400,593745000,94000,3630610000,28002389,17.15
08/06/2023,-10200,-394420000,38.3(-1.54 %),2000,77260000,12200,471680000,28012589,17.15
09/06/2023,151700,5787020000,38(-0.78 %),153700,5863360000,2000,76340000,27860889,17.16
12/06/2023,1100,41420000,37.95(-0.13 %),8600,326880000,7500,285460000,27859789,17.16
13/06/2023,400,15120000,38.05(0.26 %),400,15120000,0,0,27859389,17.16
14/06/2023,187800,7174860000,38.05(0.00 %),213600,8159025000,25800,984165000,27671589,17.17
15/06/2023,-682700,-26165985000,38.3(0.66 %),47000,1802040000,729700,27968025000,28354289,17.12
16/06/2023,-134200,-5124335000,37.2(-2.87 %),32600,1239850000,166800,6364185000,27942962,17.84
19/06/2023,-168300,-6306585000,37.2(0.00 %),5700,213450000,174000,6520035000,28666942,17.78
20/06/2023,-112100,-4164935000,37.2(0.00 %),2800,104040000,114900,4268975000,28779042,17.09
21/06/2023,30300,1134985000,37.5(0.81 %),78300,2928575000,48000,1793590000,28925642,17.76
22/06/2023,3200,120560000,37.65(0.40 %),18800,708965000,15600,588405000,28922442,17.08
23/06/2023,-51200,-1919990000,37.5(-0.53 %),5500,207055000,56700,2127045000,28973642,17.08
26/06/2023,-154400,-5770775000,37.55(0.13 %),75300,2824915000,229700,8595690000,29004675,17.76
27/06/2023,-1800,-68540000,38.15(1.46 %),16000,609130000,17800,677670000,29006475,17.08
28/06/2023,-1700,-64575000,38.1(-0.26 %),12500,476410000,14200,540985000,29008175,17.08
29/06/2023,4800,180595000,37.5(-1.57 %),17900,678990000,13100,498395000,29003375,17.08
30/06/2023,-47000,-1765940000,37.35(-0.40 %),7000,262160000,54000,2028100000,29050375,17.07
03/07/2023,32900,1241620000,37.65(0.67 %),47500,1793105000,14600,551485000,29253942,17.06
04/07/2023,-509800,-19935160000,39.85(5.70 %),59900,2346590000,569700,22281750000,29763742,17.02
05/07/2023,120700,4873285000,40.3(1.00 %),195100,7851770000,74400,2978485000,29643042,17.03
06/07/2023,-148100,-5976700000,40.3(0.00 %),33800,1364645000,181900,7341345000,29569132,17.71
07/07/2023,-162500,-6550755000,40.3(0.00 %),38400,1552585000,200900,8103340000,29605186,17.71
10/07/2023,-190000,-7765470000,41.8(3.72 %),112100,4604615000,302100,12370085000,29795186,17.02
11/07/2023,-275000,-11433550000,41.25(-1.32 %),12500,520620000,287500,11954170000,30070186,17.0
12/07/2023,9500,394705000,41.5(0.48 %),27000,1120500000,17500,725795000,30060686,17.0
13/07/2023,-389000,-16060455000,41.4(-0.24 %),24500,1014550000,413500,17075005000,30449686,16.97
14/07/2023,-203500,-8369905000,40.9(-1.21 %),22400,925870000,225900,9295775000,30395803,17.65
17/07/2023,-322800,-13149580000,40.95(0.12 %),84100,3422205000,406900,16571785000,30718603,16.95
18/07/2023,-366400,-14920080000,40.55(-1.10 %),30700,1259010000,397100,16179090000,31085003,16.92
19/07/2023,-192400,-7800745000,40.1(-1.23 %),132500,5351180000,324900,13151925000,31194825,17.59
20/07/2023,-246300,-9811975000,39.7(-1.00 %),99800,3971515000,346100,13783490000,31441125,16.89
21/07/2023,-341700,-13729470000,40.5(2.02 %),75900,3056195000,417600,16785665000,31782825,16.87
24/07/2023,-71800,-2891720000,40.3(-0.49 %),322600,13051675000,394400,15943395000,31791799,17.54
25/07/2023,-399300,-16213795000,40.3(0.00 %),49300,2001245000,448600,18215040000,32165101,17.51
26/07/2023,-90000,-3649280000,40.5(0.50 %),15100,610895000,105100,4260175000,32255101,16.83
27/07/2023,-355000,-14209545000,39.9(-1.48 %),28500,1142860000,383500,15352405000,32610101,16.81
28/07/2023,-209100,-8344640000,40.05(0.38 %),46600,1860785000,255700,10205425000,32819201,16.79
31/07/2023,-523100,-21336290000,41.5(3.49 %),43500,1780065000,566600,23116355000,33342301,16.75
01/08/2023,-4800,-189825000,41(-1.20 %),28700,1196960000,33500,1386785000,33373784,16.75
02/08/2023,66900,2747145000,40.95(-0.12 %),107700,4421160000,40800,1674015000,33306884,16.76
03/08/2023,-361300,-14642940000,40.1(-2.20 %),14600,589480000,375900,15232420000,33668184,16.73
04/08/2023,-393500,-15819450000,40.3(0.50 %),40600,1634150000,434100,17453600000,34086854,17.37
07/08/2023,-61300,-2479295000,40.5(0.50 %),10600,429010000,71900,2908305000,34148154,16.69
08/08/2023,-172200,-7073065000,40.9(0.99 %),85400,3500375000,257600,10573440000,34320354,16.68
09/08/2023,-2800,-113655000,40.7(-0.49 %),4100,167640000,6900,281295000,34323154,16.68
10/08/2023,-44700,-1854310000,40.8(0.25 %),20400,837880000,65100,2692190000,34367854,16.68
11/08/2023,-55600,-2258375000,40.65(-0.37 %),6600,267955000,62200,2526330000,34423454,16.67
14/08/2023,-142400,-5774210000,40.55(-0.37 %),9900,401725000,152300,6175935000,35135529,17.28
15/08/2023,-30800,-1243280000,40.35(-0.62 %),1600,64480000,32400,1307760000,35188207,17.28
16/08/2023,-143700,-5813040000,40.25(-0.37 %),5400,218140000,149100,6031180000,36341144,17.19
17/08/2023,-117800,-4707605000,39.75(-1.36 %),3000,120090000,120800,4827695000,36458944,16.52
18/08/2023,-36100,-1457695000,37.35(-6.16 %),69700,2676980000,105800,4134675000,36785914,17.16
21/08/2023,-130600,-4899350000,37.5(0.27 %),18600,697610000,149200,5596960000,36890084,17.15
22/08/2023,53100,1982985000,37.7(0.53 %),180900,6765795000,127800,4782810000,36812534,17.15
23/08/2023,-364100,-13600165000,37.4(-0.80 %),161300,6037605000,525400,19637770000,36794544,17.16
24/08/2023,-16500,-619900000,37.8(1.07 %),20800,779980000,37300,1399880000,36811044,16.5
25/08/2023,-200000,-7531140000,37.55(-0.66 %),50300,1899100000,250300,9430240000,37369664,17.11
28/08/2023,-34000,-1287405000,38.15(1.60 %),17000,646325000,51000,1933730000,37403664,16.45
29/08/2023,-42200,-1607015000,38.05(-0.26 %),21400,815950000,63600,2422965000,37616914,17.09
30/08/2023,-200,-8165000,38.4(0.92 %),29000,1115310000,29200,1123475000,37617114,16.44
31/08/2023,-39300,-1513100000,38.55(0.39 %),20100,775920000,59400,2289020000,37682414,17.09
05/09/2023,-82000,-3210070000,39.15(1.56 %),17300,676990000,99300,3887060000,37694314,17.09
06/09/2023,-21900,-860780000,39.3(0.38 %),24400,960670000,46300,1821450000,37716214,16.43
07/09/2023,-97300,-3839755000,39.35(0.13 %),14000,552625000,111300,4392380000,37814614,17.08
08/09/2023,4800,192495000,39.4(0.13 %),28200,1115095000,23400,922600000,37830714,17.08
11/09/2023,-2200,-100195000,39.85(1.14 %),69000,2767570000,71200,2867765000,37869014,17.07
12/09/2023,2000,79350000,40(0.38 %),14800,590020000,12800,510670000,37880614,17.07
13/09/2023,-113900,-4599570000,40.3(0.75 %),56700,2298245000,170600,6897815000,37891114,17.07
14/09/2023,17000,684570000,40(-0.74 %),42600,1714200000,25600,1029630000,37861314,17.07
15/09/2023,-193800,-7784565000,40.15(0.38 %),219000,8883405000,412800,16667970000,37808914,17.08
18/09/2023,0,0,39.6(-1.37 %),0,0,0,0,37808914,16.42
19/09/2023,28300,1123485000,39.9(0.76 %),43600,1728500000,15300,605015000,37801914,16.42
20/09/2023,69500,2795455000,40.4(1.25 %),101500,4085495000,32000,1290040000,37732414,16.43
21/09/2023,9900,390810000,39.8(0.25 %),26600,1058260000,16700,667450000,37722514,16.43
22/09/2023,8000,307525000,39.15(-1.63 %),52500,2040470000,44500,1732945000,38100130,17.06
25/09/2023,57100,2198965000,37.5(-4.21 %),74700,2877750000,17600,678785000,38038138,17.06
26/09/2023,-91900,-3427340000,37.1(-1.07 %),77700,2904225000,169600,6331565000,38004438,17.06
27/09/2023,-247100,-9023985000,36.55(-1.48 %),260200,9526035000,507300,18550020000,38251538,16.39
28/09/2023,28100,1042025000,37.75(3.28 %),138200,5123785000,110100,4081760000,38223438,16.39
29/09/2023,-50300,-1881155000,37.5(-0.66 %),2900,108360000,53200,1989515000,38310899,17.04
02/10/2023,-39200,-1468560000,37.5(0.00 %),2300,86260000,41500,1554820000,39468746,16.95
03/10/2023,-76400,-2806405000,36(-4.00 %),15100,551190000,91500,3357595000,39506867,16.95
04/10/2023,129900,4699575000,36.25(0.69 %),164900,5966645000,35000,1267070000,39376967,16.3
05/10/2023,-362000,-12772530000,34.4(-5.10 %),7400,259950000,369400,13032480000,39468600,16.95
06/10/2023,-409000,-14243010000,35(1.74 %),292600,10147050000,701600,24390060000,39877600,16.27
09/10/2023,-365400,-13038095000,35.7(2.00 %),233400,8340055000,598800,21378150000,40243000,16.24
10/10/2023,152400,5514380000,36(0.84 %),253400,9159810000,101000,3645430000,39796200,16.92
11/10/2023,-71900,-2636965000,36.9(2.50 %),85200,3132560000,157100,5769525000,40309963,16.88
12/10/2023,-67400,-2493620000,36.7(-0.54 %),1800,66250000,69200,2559870000,40409346,16.88
13/10/2023,17000,622605000,36.7(0.00 %),43800,1603500000,26800,980895000,40522646,16.87
16/10/2023,-86900,-3223095000,36.8(0.27 %),15100,559045000,102000,3782140000,40576814,16.86
17/10/2023,19400,706495000,36(-2.17 %),82300,3003905000,62900,2297410000,40521325,16.87
18/10/2023,8900,304685000,35(-2.78 %),48000,1701890000,39100,1397205000,40575325,16.86
19/10/2023,48600,1712705000,35(0.00 %),64700,2280680000,16100,567975000,40573525,16.86
20/10/2023,-5400,-180735000,35.4(1.14 %),39400,1375895000,44800,1556630000,40573285,16.86
23/10/2023,-19300,-675725000,35.35(-0.14 %),42700,1510410000,62000,2186135000,40546685,16.87
24/10/2023,-17200,-607585000,35.5(0.42 %),12000,425475000,29200,1033060000,40563885,16.22
25/10/2023,-20900,-742270000,35.35(-0.42 %),24500,868780000,45400,1611050000,40579485,16.86
26/10/2023,-2800,-105295000,32.9(-6.93 %),30200,1009145000,33000,1114440000,40612955,16.86
27/10/2023,21200,697170000,33(0.30 %),35700,1177730000,14500,480560000,40622655,16.86
30/10/2023,37100,1227385000,32.85(-0.45 %),46900,1551530000,9800,324145000,40609755,16.86
31/10/2023,273400,8900825000,31.9(-2.89 %),301000,9791270000,27600,890445000,40323555,16.88
01/11/2023,125600,4022650000,32.3(1.25 %),132700,4248520000,7100,225870000,40200655,16.89
02/11/2023,25700,863420000,33.4(3.41 %),65800,2192380000,40100,1328960000,40174955,16.25
03/11/2023,35500,1180180000,33.1(-0.90 %),129500,4308505000,94000,3128325000,40139455,16.25
06/11/2023,24500,816015000,33.25(0.45 %),52800,1755940000,28300,939925000,40114955,16.25
07/11/2023,-37000,-1235070000,33.15(-0.30 %),9500,317460000,46500,1552530000,40151955,16.25
08/11/2023,46200,1551595000,34.2(3.17 %),61800,2068565000,15600,516970000,40094355,16.9
09/11/2023,-8800,-299710000,33.95(-0.73 %),8700,297660000,17500,597370000,40146155,16.9
10/11/2023,-37900,-1275330000,33.35(-1.77 %),2300,77390000,40200,1352720000,40162455,16.9
13/11/2023,82300,2746965000,33.35(0.00 %),113600,3792475000,31300,1045510000,40061355,16.9
14/11/2023,-22800,-767125000,33.5(0.45 %),4200,140660000,27000,907785000,40102955,16.25
15/11/2023,-23200,-788930000,34(1.49 %),39300,1341290000,62500,2130220000,40126155,16.25
16/11/2023,0,0,34.45(1.32 %),0,0,0,0,40126155,16.25
17/11/2023,-48900,-1647710000,33.5(-2.76 %),11200,380410000,60100,2028120000,40149991,16.9
20/11/2023,206400,6921135000,33.5(0.00 %),237800,7970900000,31400,1049765000,39919591,16.91
21/11/2023,-4600,-154420000,33.8(0.90 %),8200,275625000,12800,430045000,39971491,16.91
22/11/2023,24300,830255000,34.05(0.74 %),42000,1430715000,17700,600460000,39960891,16.91
23/11/2023,187200,6363825000,33.7(-1.03 %),213700,7264515000,26500,900690000,39773691,16.28
24/11/2023,3600,119360000,33.4(-0.89 %),15100,501750000,11500,382390000,39770091,16.28
27/11/2023,198200,6699990000,33.6(0.60 %),212600,7185470000,14400,485480000,39571891,16.29
28/11/2023,237400,7920565000,33.7(0.30 %),258600,8628495000,21200,707930000,39334491,16.31
29/11/2023,1232400,42935305000,35.8(6.23 %),1243200,43308250000,10800,372945000,38102091,16.4
30/11/2023,-64400,-2271335000,35.1(-1.96 %),8300,293745000,72700,2565080000,38166491,16.39
01/12/2023,-33800,-1190655000,35.2(0.28 %),10900,385390000,44700,1576045000,38114568,16.4
04/12/2023,18900,674835000,35.5(0.85 %),30600,1090035000,11700,415200000,38095668,16.4
05/12/2023,-8400,-303320000,35.55(0.14 %),17300,614845000,25700,918165000,38104068,16.4
06/12/2023,231700,8296455000,35.9(0.98 %),237900,8518260000,6200,221805000,37872368,16.42
07/12/2023,-38100,-1350040000,35.15(-2.09 %),20100,708690000,58200,2058730000,37910468,16.41
08/12/2023,21400,759400000,35.65(1.42 %),34200,1212990000,12800,453590000,37889068,16.42
11/12/2023,-8300,-295845000,35.65(0.00 %),6800,241410000,15100,537255000,37897368,16.41
12/12/2023,-21500,-762435000,35.45(-0.56 %),20200,712995000,41700,1475430000,37918868,16.41
13/12/2023,-142000,-4975525000,34.7(-2.12 %),8800,308585000,150800,5284110000,38060868,16.4
14/12/2023,20600,716885000,34.35(-1.01 %),32700,1136080000,12100,419195000,38040268,16.4
15/12/2023,-96500,-3324775000,34.3(-0.15 %),11000,380100000,107500,3704875000,38136768,16.4
18/12/2023,-79400,-2708215000,33.9(-1.17 %),30400,1035600000,109800,3743815000,38216168,16.39
19/12/2023,-6100,-207570000,33.95(0.15 %),19000,641025000,25100,848595000,38222268,16.39
20/12/2023,-25700,-867120000,34.4(1.33 %),32000,1099490000,57700,1966610000,38247968,16.39
21/12/2023,-154600,-5264205000,34(-1.16 %),18600,634005000,173200,5898210000,38402568,16.38
22/12/2023,-243300,-8246025000,33.8(-0.59 %),30200,1023755000,273500,9269780000,38645868,16.36
25/12/2023,20000,689040000,34.65(2.51 %),26800,921920000,6800,232880000,38625868,16.36
26/12/2023,-365400,-12621790000,34.45(-0.58 %),1500,51795000,366900,12673585000,38991268,16.33
27/12/2023,-140600,-4845675000,34.45(0.00 %),15200,523305000,155800,5368980000,39131868,16.32
28/12/2023,-204600,-6988640000,34.5(0.15 %),318500,10963300000,523100,17951940000,39336468,16.31
29/12/2023,-112800,-3893380000,34.5(0.00 %),1400,48320000,114200,3941700000,39449268,16.3
02/01/2024,-105600,-3651675000,34.55(0.14 %),7600,262970000,113200,3914645000,38652156,17.01
03/01/2024,-155700,-5383720000,34.9(1.01 %),3100,107050000,158800,5490770000,38289950,16.39
04/01/2024,-359300,-12637725000,35.1(0.57 %),21600,761540000,380900,13399265000,38649250,16.36
05/01/2024,-280800,-9886045000,35.2(0.28 %),200,7060000,281000,9893105000,38930050,16.34
08/01/2024,-250300,-8838115000,35.3(0.28 %),15800,557530000,266100,9395645000,39180350,16.32
09/01/2024,-90900,-3169220000,34.65(-1.84 %),12100,422385000,103000,3591605000,37275320,17.12
10/01/2024,147200,5119475000,34.85(0.58 %),211500,7355025000,64300,2235550000,37329930,17.11
11/01/2024,376800,13253670000,35.45(1.72 %),593000,20863390000,216200,7609720000,36218628,17.2
12/01/2024,-2400,-93755000,34.95(-1.41 %),224500,7843775000,226900,7937530000,38742050,16.35
15/01/2024,-65700,-2291680000,34.65(-0.86 %),100,3480000,65800,2295160000,36274820,17.2
16/01/2024,-60100,-2087850000,34.75(0.29 %),200,6940000,60300,2094790000,36501520,17.18
17/01/2024,-107900,-3750005000,34.55(-0.58 %),19100,664160000,127000,4414165000,36548220,17.18
18/01/2024,-65900,-2275875000,34.5(-0.14 %),2200,76010000,68100,2351885000,39041650,16.33
19/01/2024,-55300,-1918260000,34.85(1.01 %),161500,5621715000,216800,7539975000,39096950,16.33
22/01/2024,500,17385000,34.75(-0.29 %),1700,59085000,1200,41700000,39096450,16.33
23/01/2024,8100,282470000,34.85(0.29 %),8900,310275000,800,27805000,39088350,16.33
24/01/2024,-400,-13940000,34.65(-0.57 %),0,0,400,13940000,39088750,16.33
25/01/2024,-8700,-301470000,34.5(-0.43 %),300,10380000,9000,311850000,39097450,16.33
26/01/2024,600,20850000,34.5(0.00 %),1500,52050000,900,31200000,39096850,16.33
29/01/2024,100400,3485915000,34.7(0.58 %),100400,3485915000,0,0,36748064,17.16
30/01/2024,-10200,-354255000,34.75(0.14 %),0,0,10200,354255000,36749044,17.16
31/01/2024,197000,6832170000,34.6(-0.43 %),200200,6943310000,3200,111140000,36548844,17.18
01/02/2024,5100,176800000,34.6(0.00 %),9200,318780000,4100,141980000,36548844,16.52
02/02/2024,-1300,-45020000,34.6(0.00 %),400,13855000,1700,58875000,36549770,17.18
05/02/2024,17500,606960000,34.55(-0.14 %),18500,641560000,1000,34600000,36523367,16.52
06/02/2024,-44700,-1548495000,34.7(0.43 %),6600,228715000,51300,1777210000,36533268,17.18
07/02/2024,-52600,-1831035000,34.75(0.14 %),10400,361685000,63000,2192720000,36523868,17.18
15/02/2024,19800,700190000,35.3(1.58 %),38200,1349090000,18400,648900000,36532970,17.18
16/02/2024,5900,207350000,35.3(0.00 %),17400,612660000,11500,405310000,36578570,17.17
19/02/2024,233217,8426247650,36.25(2.69 %),310017,11196117650,76800,2769870000,36286950,17.2
20/02/2024,-350,-12975550,36.1(-0.41 %),13300,480795000,13650,493770550,36281150,17.2
21/02/2024,-129600,-4635095000,35.75(-0.97 %),6400,230150000,136000,4865245000,36347550,17.19
22/02/2024,-286400,-10290160000,35.85(0.28 %),18700,672315000,305100,10962475000,36347550,17.19
23/02/2024,-89490,-3187992000,35.1(-2.09 %),27010,961238000,116500,4149230000,36867590,16.49
26/02/2024,15660,550364000,35.2(0.28 %),19600,688305000,3940,137941000,36730990,17.16
27/02/2024,-55500,-1973380000,35.65(1.28 %),37000,1317275000,92500,3290655000,36907430,16.49
28/02/2024,265900,9716475000,36.2(1.54 %),395200,14393680000,129300,4677205000,36641530,16.51
29/02/2024,4250,153210000,35.85(-0.97 %),7500,270155000,3250,116945000,36496130,17.18
01/03/2024,-45000,-1623625000,35.9(0.14 %),24700,885745000,69700,2509370000,36471430,16.52
04/03/2024,-202900,-7314560000,35.95(0.14 %),36800,1332225000,239700,8646785000,36674330,16.51
05/03/2024,25600,918740000,35.95(0.00 %),35400,1270430000,9800,351690000,36589480,17.17
06/03/2024,122800,4481080000,36.3(0.97 %),138000,5033815000,15200,552735000,36525930,16.52
07/03/2024,986400,36508070000,37.5(3.45 %),1088700,40296305000,102300,3788235000,35539530,16.59
08/03/2024,-11500,-428805000,36.8(-1.87 %),33700,1247500000,45200,1676305000,35551030,16.59
11/03/2024,-238400,-8660935000,35.95(-2.31 %),20500,746785000,258900,9407720000,35789430,16.57
12/03/2024,349600,12694600000,36.35(1.11 %),370000,13434185000,20400,739585000,35346780,17.27
13/03/2024,502200,18463675000,37.1(2.06 %),622400,22886020000,120200,4422345000,34983280,17.3
14/03/2024,-113800,-4268145000,37.35(0.67 %),161500,6061585000,275300,10329730000,35097080,16.62
15/03/2024,-20700,-774090000,37.65(0.80 %),70200,2636680000,90900,3410770000,35117780,16.62
18/03/2024,46000,1672235000,36.5(-3.05 %),113700,4174370000,67700,2502135000,35053780,17.29
19/03/2024,-51400,-1893560000,37.45(2.60 %),96300,3593445000,147700,5487005000,33044380,17.45
20/03/2024,109600,4095320000,37.45(0.00 %),168300,6288945000,58700,2193625000,35013580,16.63
21/03/2024,606600,23103160000,38.45(2.67 %),680700,25913265000,74100,2810105000,34406980,16.67
22/03/2024,34200,1287905000,38(-1.17 %),144600,5503635000,110400,4215730000,34372780,16.68
25/03/2024,-109200,-4122700000,37.4(-1.58 %),31200,1173965000,140400,5296665000,32361950,17.5
26/03/2024,-80900,-3028435000,38(1.60 %),7200,268915000,88100,3297350000,34706680,16.65
27/03/2024,356400,13466185000,38(0.00 %),461500,17442715000,105100,3976530000,32139050,17.52
28/03/2024,-66400,-2495590000,37.55(-1.18 %),5800,218310000,72200,2713900000,32219350,17.51
29/03/2024,6100,226385000,37.3(-0.67 %),14800,552570000,8700,326185000,32309650,17.5
01/04/2024,-38200,-1426280000,37.45(0.40 %),24200,906730000,62400,2333010000,32357650,17.5
02/04/2024,-21500,-808105000,37.9(1.20 %),37600,1416930000,59100,2225035000,32331150,16.83
03/04/2024,-83600,-3146810000,37.6(-0.79 %),0,0,83600,3146810000,32387150,17.5
04/04/2024,20500,767005000,37.15(-1.20 %),24900,930840000,4400,163835000,32394250,16.82
05/04/2024,497100,18758860000,37.15(0.00 %),517900,19538210000,20800,779350000,31986550,17.53
08/04/2024,43500,1620975000,37.05(-0.27 %),59700,2224570000,16200,603595000,31853650,16.86
09/04/2024,22100,816945000,37.15(0.27 %),53000,1963750000,30900,1146805000,31831550,16.87
10/04/2024,-34200,-1266500000,36.6(-1.48 %),45400,1667860000,79600,2934360000,31865750,16.86
11/04/2024,-186700,-6778735000,36.3(-0.82 %),29600,1074305000,216300,7853040000,31871180,17.54
12/04/2024,38900,1432030000,36.85(1.52 %),40300,1483550000,1400,51520000,31910480,17.53
15/04/2024,-2300,-118820000,36(-2.31 %),38000,1359540000,40300,1478360000,32015850,16.85
16/04/2024,-97900,-3495745000,35.95(-0.14 %),25600,910660000,123500,4406405000,32113750,16.84
17/04/2024,-65700,-2333475000,35.3(-1.81 %),8800,313200000,74500,2646675000,32081550,16.85
19/04/2024,-34900,-1218070000,34.65(-1.84 %),17300,601840000,52200,1819910000,32116450,16.84
22/04/2024,-36600,-1272960000,34.65(0.00 %),3000,104160000,39600,1377120000,32291050,17.5
23/04/2024,114300,3988660000,35(1.01 %),145300,5065860000,31000,1077200000,32197598,17.51
24/04/2024,-388700,-13634250000,35.25(0.71 %),136300,4770725000,525000,18404975000,32427450,16.82
25/04/2024,117500,4126990000,35.1(-0.43 %),122900,4316255000,5400,189265000,32309950,16.83
26/04/2024,155900,5504280000,35.7(1.71 %),168300,5941690000,12400,437410000,32366328,17.5
02/05/2024,-25300,-900940000,35.8(0.28 %),20800,743935000,46100,1644875000,32350928,17.5
03/05/2024,40400,1459350000,36(0.56 %),51000,1840360000,10600,381010000,32312328,17.5
06/05/2024,35200,1290975000,36.7(1.94 %),39700,1456145000,4500,165170000,32318738,17.5
07/05/2024,347400,13293295000,38.7(5.45 %),351000,13432185000,3600,138890000,31978338,17.53
08/05/2024,26200,1026875000,40(3.36 %),81800,3225850000,55600,2198975000,31901038,17.53
09/05/2024,403000,16015225000,40.2(0.50 %),414700,16479000000,11700,463775000,31479972,17.57
10/05/2024,286500,11489095000,40.1(-0.25 %),328100,13162045000,41600,1672950000,31197532,17.59
13/05/2024,57200,2291795000,39.85(-0.62 %),159400,6377875000,102200,4086080000,31049764,17.6
14/05/2024,-64300,-2411250000,37.5(-2.22 %),41900,1595410000,106200,4006660000,31234728,16.91
15/05/2024,228500,8714790000,38.2(1.87 %),261200,9959145000,32700,1244355000,31006228,16.93
16/05/2024,-302600,-11626665000,38.2(0.00 %),78100,3004220000,380700,14630885000,31308828,16.9
17/05/2024,-804000,-30353685000,37.95(-0.65 %),87900,3320035000,891900,33673720000,30863364,17.61
20/05/2024,-33700,-1270725000,38(0.13 %),107300,4102005000,141000,5372730000,31136764,17.59
21/05/2024,-583800,-21973235000,37.5(-1.32 %),72500,2723535000,656300,24696770000,31952164,17.53
22/05/2024,167100,6276815000,37.7(0.53 %),402800,15155945000,235700,8879130000,31682364,17.55
23/05/2024,267800,10553835000,40.3(6.90 %),407200,16035340000,139400,5481505000,31931464,17.53
24/05/2024,87700,3551435000,41(1.74 %),337700,13858040000,250000,10306605000,31905128,16.86
27/05/2024,-873200,-35876860000,41.3(0.73 %),156200,6449915000,1029400,42326775000,31846612,17.54
28/05/2024,-15400,-623820000,41.55(0.61 %),105200,4368735000,120600,4992555000,31993912,17.53
29/05/2024,-73600,-3091980000,41.5(-0.12 %),254000,10687980000,327600,13779960000,32764912,17.47
30/05/2024,-18800,-801480000,41.35(-0.36 %),170100,6931320000,188900,7732800000,32715412,17.47
31/05/2024,25400,1041280000,41(-0.85 %),38700,1587170000,13300,545890000,33004312,17.45
03/06/2024,-76800,-3252580000,41.5(1.22 %),54700,2274885000,131500,5527465000,33004313,16.78
04/06/2024,-92100,-3833130000,41.7(0.48 %),86100,3590095000,178200,7423225000,33096413,16.77
05/06/2024,-35700,-1503470000,41.85(0.36 %),173000,7249090000,208700,8752560000,33132113,16.77
06/06/2024,-287420,-12072122050,41.9(0.12 %),116500,4891095000,403920,16963217050,33085913,17.44
07/06/2024,215700,8985750000,41.5(-0.95 %),291700,12155065000,76000,3169315000,32998913,17.45
10/06/2024,266159,11165071200,41.95(1.08 %),278459,11681566200,12300,516495000,32732754,16.8
11/06/2024,1654900,71231695000,43.2(2.98 %),1712500,73716410000,57600,2484715000,33085913,17.44
12/06/2024,162629,6964574100,43.1(-0.23 %),330729,14162009100,168100,7197435000,31165445,17.59
13/06/2024,0,0,42.2(-2.09 %),0,0,0,0,31197945,17.59
14/06/2024,-136300,-5701910000,40.5(-4.03 %),166700,6911180000,303000,12613090000,31199345,17.59
17/06/2024,-40300,-1621030000,39.9(-1.48 %),126300,5104050000,166600,6725080000,31472645,17.57
18/06/2024,240000,9782055000,41(2.76 %),261000,10642655000,21000,860600000,31514645,17.56
19/06/2024,178800,7298525000,41.5(1.22 %),225400,9208300000,46600,1909775000,31453845,17.57
20/06/2024,-143900,-5989480000,41.3(-0.48 %),40700,1674870000,184600,7664350000,31434145,17.57
21/06/2024,350200,14658465000,42.3(2.42 %),513000,21455405000,162800,6796940000,30977745,17.61
24/06/2024,-66000,-2905080000,40.75(-3.66 %),104700,4337805000,170700,7242885000,31057645,17.6
25/06/2024,275340,11330441000,41(0.61 %),314700,12941230000,39360,1610789000,30914745,17.61
26/06/2024,799031,33213913100,42.4(3.41 %),818100,34007735000,19069,793821900,30275245,17.66
27/06/2024,-349800,-14611155000,41.3(-2.59 %),4800,200155000,354600,14811310000,30310805,17.66
28/06/2024,71554,2959165600,40.9(-0.97 %),200000,8270345000,128446,5311179400,30131874,17.67
04/07/2024,78400,3546810000,43.9(4.90 %),284600,12332095000,206200,8785285000,30404920,0.0
05/07/2024,181500,7988040000,43.95(0.11 %),264400,11640365000,82900,3652325000,30223420,0.0
08/07/2024,287200,12809700000,46.5(5.80 %),721500,32649870000,434300,19840170000,29936220,0.0
09/07/2024,46300,2121315000,46(-1.08 %),338300,15599120000,292000,13477805000,29889920,0.0
10/07/2024,14200,657250000,46.55(1.20 %),434000,20266090000,419800,19608840000,29875720,0.0
11/07/2024,874900,40705935000,46.8(0.54 %),978400,45521780000,103500,4815845000,29000820,0.0
12/07/2024,559900,26109010000,46.3(-1.07 %),606000,28251680000,46100,2142670000,28440920,0.0
15/07/2024,569500,27041505000,48(3.67 %),903700,42840690000,334200,15799185000,27871420,0.0
16/07/2024,95400,4561865000,47.1(-1.88 %),520100,24885230000,424700,20323365000,27776020,0.0
17/07/2024,269000,12320960000,45(-4.46 %),513700,23555570000,244700,11234610000,27507020,0.0
18/07/2024,529000,24306445000,47.5(5.56 %),706600,32556275000,177600,8249830000,26978020,0.0
19/07/2024,-222600,-10505080000,46.9(-1.26 %),141200,6604725000,363800,17109805000,27200620,0.0
22/07/2024,445200,20464210000,46.35(-1.17 %),601300,27689515000,156100,7225305000,26755420,0.0
23/07/2024,375900,17444135000,45.5(-1.83 %),512600,23796190000,136700,6352055000,26379520,0.0
24/07/2024,-155800,-6835140000,46.5(2.20 %),1211400,54746195000,1367200,61581335000,26535320,0.0
25/07/2024,-36900,-1670510000,46.35(-0.32 %),198000,9149905000,234900,10820415000,26572220,0.0
26/07/2024,236600,11290235000,47.8(3.13 %),509700,24197035000,273100,12906800000,26335620,0.0
29/07/2024,-347500,-16656700000,47.8(0.00 %),109800,5216275000,457300,21872975000,26683120,0.0
30/07/2024,-347500,-16656700000,47.1(-1.46 %),109800,5216275000,457300,21872975000,27030620,0.0
31/07/2024,55300,2595220000,45.9(-2.55 %),237400,11127270000,182100,8532050000,26975320,0.0
01/08/2024,541800,25057055000,45.3(-1.31 %),579600,26804255000,37800,1747200000,26307525,0.0
02/08/2024,765500,35168465000,47.5(4.86 %),880300,40421255000,114800,5252790000,25542025,0.0
05/08/2024,31100,1316355000,45.5(-4.21 %),328600,14939690000,297500,13623335000,25510925,0.0
06/08/2024,379600,17680985000,47(3.30 %),718400,33285935000,338800,15604950000,25131325,0.0
07/08/2024,74700,3567475000,47.8(1.70 %),160500,7577530000,85800,4010055000,25056625,0.0
08/08/2024,317900,15222270000,47.55(-0.52 %),511100,24440385000,193200,9218115000,24738725,0.0
09/08/2024,-50200,-2334925000,48(0.95 %),114200,5457690000,164400,7792615000,24788925,0.0
12/08/2024,235800,11633360000,48.85(1.77 %),551300,27202915000,315500,15569555000,24553125,0.0
13/08/2024,228800,11254290000,48.85(0.00 %),453400,22363525000,224600,11109235000,24324325,0.0
14/08/2024,351000,17482890000,49.2(0.72 %),769500,38360820000,418500,20877930000,23973325,0.0
15/08/2024,229500,11260530000,49(-0.41 %),315600,15482065000,86100,4221535000,23743825,0.0
16/08/2024,-238600,-12120315000,50.6(3.27 %),529400,26852740000,768000,38973055000,23982425,0.0
19/08/2024,-160100,-8147930000,50.4(-0.40 %),154000,7809470000,314100,15957400000,24142525,0.0
20/08/2024,-388400,-19437540000,49.45(-1.88 %),114600,5751750000,503000,25189290000,24530925,0.0
21/08/2024,-167800,-8191040000,48.8(-1.31 %),58600,2878775000,226400,11069815000,24698725,0.0
22/08/2024,-26200,-1285300000,49(0.41 %),5900,289800000,32100,1575100000,24724925,0.0
23/08/2024,143200,6994435000,49(0.00 %),213100,10419040000,69900,3424605000,24581725,0.0
26/08/2024,111800,5477035000,48.55(-0.92 %),206500,10115910000,94700,4638875000,24469925,0.0
27/08/2024,233100,11392535000,49.1(1.13 %),264500,12932195000,31400,1539660000,24236825,0.0
28/08/2024,268400,13283300000,49.4(0.61 %),303200,15003665000,34800,1720365000,23968425,0.0
29/08/2024,-39700,-1939735000,48.8(-1.21 %),12800,626370000,52500,2566105000,24008125,0.0
30/08/2024,-208900,-10177185000,48.6(-0.41 %),132100,6444765000,341000,16621950000,24217025,0.0
04/09/2024,-330900,-15804950000,47(-3.29 %),91500,4308460000,422400,20113410000,23789210,0.0
05/09/2024,-356200,-16595100000,46.05(-2.02 %),30100,1395480000,386300,17990580000,24145410,0.0
06/09/2024,-400,-10685000,46.95(1.95 %),86300,3998175000,86700,4008860000,24145810,0.0
09/09/2024,146500,6949845000,46.45(-1.06 %),311900,14635980000,165400,7686135000,23999310,0.0
10/09/2024,270100,12593460000,46.4(-0.11 %),286900,13374680000,16800,781220000,23729210,0.0
11/09/2024,-211600,-9730915000,45.8(-1.29 %),7100,326195000,218700,10057110000,23940810,0.0
12/09/2024,-509700,-23264915000,45.4(-0.87 %),12400,565910000,522100,23830825000,24450510,0.0
13/09/2024,18000,814760000,45.8(0.88 %),162800,7393605000,144800,6578845000,24432510,0.0
16/09/2024,10300,447685000,45(-1.75 %),209700,9508805000,199400,9061120000,24422210,0.0
17/09/2024,-30600,-1359625000,45(0.00 %),60600,2705535000,91200,4065160000,24452810,0.0
18/09/2024,-354200,-15979070000,45(0.00 %),24800,1117385000,379000,17096455000,24807010,0.0
19/09/2024,-167900,-7568545000,45.35(0.78 %),226800,10145525000,394700,17714070000,24974910,0.0
20/09/2024,6200,283225000,46(1.43 %),21800,998255000,15600,715030000,24968710,0.0
23/09/2024,-296300,-13455410000,45.25(-1.63 %),13100,594315000,309400,14049725000,25265010,0.0
24/09/2024,-484800,-21948750000,45.2(-0.11 %),15800,715120000,500600,22663870000,25749810,0.0
25/09/2024,219000,9982500000,45.4(0.44 %),236600,10783990000,17600,801490000,25530810,0.0
26/09/2024,224700,10255545000,45.6(0.44 %),523400,23869090000,298700,13613545000,25306110,0.0
27/09/2024,-56200,-2527885000,44.95(-1.43 %),16900,765315000,73100,3293200000,25362310,0.0
30/09/2024,-44300,-1976915000,44.5(-1.00 %),5200,232815000,49500,2209730000,25406610,0.0
01/10/2024,-334200,-14906260000,44.5(0.00 %),2600,116230000,336800,15022490000,26012655,0.0
02/10/2024,-179100,-8042160000,44.95(1.01 %),6500,291360000,185600,8333520000,26191755,0.0
03/10/2024,-282300,-12591860000,44.4(-1.22 %),23500,1046600000,305800,13638460000,26474055,0.0
04/10/2024,-1093700,-49251825000,45.1(1.58 %),352400,15840725000,1446100,65092550000,27567755,0.0
07/10/2024,-471700,-21222685000,44.95(-0.33 %),2900,130650000,474600,21353335000,28039455,0.0
08/10/2024,-720600,-32499085000,44.65(-0.67 %),205900,9288670000,926500,41787755000,28760055,0.0
09/10/2024,-692200,-30756310000,44.4(-0.56 %),223900,9960185000,916100,40716495000,29452255,0.0
10/10/2024,-21100,-948150000,44.5(0.23 %),7500,335120000,28600,1283270000,29473355,0.0
11/10/2024,220000,9855390000,44.7(0.45 %),227100,10172840000,7100,317450000,29253355,0.0
14/10/2024,-15800,-703335000,44.45(-0.56 %),200,8915000,16000,712250000,29269155,0.0
15/10/2024,-347700,-14982435000,42.85(-3.60 %),25300,1095840000,373000,16078275000,29616855,0.0
16/10/2024,28900,1222300000,41.85(-2.33 %),391000,16465790000,362100,15243490000,29587955,0.0
17/10/2024,286100,12014280000,42.25(0.96 %),306100,12854700000,20000,840420000,29301855,0.0
18/10/2024,13100,556645000,42.35(0.24 %),21100,897280000,8000,340635000,29288755,0.0
21/10/2024,-325100,-13587790000,41.6(-1.77 %),16700,696635000,341800,14284425000,29613855,0.0
22/10/2024,199000,8289560000,41.8(0.48 %),245800,10236320000,46800,1946760000,29414855,0.0
23/10/2024,2900,122695000,42.3(1.20 %),35500,1499200000,32600,1376505000,29411955,0.0
24/10/2024,161300,6795685000,41.75(-1.30 %),206800,8709660000,45500,1913975000,29250655,0.0
25/10/2024,-103700,-4316945000,41.55(-0.48 %),14500,605755000,118200,4922700000,29354355,0.0
28/10/2024,-20200,-838015000,42(1.08 %),11800,483720000,32000,1321735000,29374555,0.0
29/10/2024,-158200,-6600700000,41.9(-0.24 %),11300,472140000,169500,7072840000,29532755,0.0
30/10/2024,-1200,-53270000,41.4(-1.19 %),57400,2390065000,58600,2443335000,29533955,0.0
31/10/2024,32000,1316195000,41.1(-0.72 %),68200,2806705000,36200,1490510000,29501955,0.0
01/11/2024,-30800,-1253570000,40.6(-1.22 %),38000,1555390000,68800,2808960000,29869086,0.0
04/11/2024,-170300,-6848815000,39.9(-1.72 %),227400,9141305000,397700,15990120000,30039386,0.0
05/11/2024,99200,3982955000,40.05(0.38 %),103500,4155745000,4300,172790000,29940186,0.0
06/11/2024,-198200,-7979095000,40.15(0.25 %),19800,799160000,218000,8778255000,30138386,0.0
07/11/2024,-29300,-1183845000,40.3(0.37 %),16600,670180000,45900,1854025000,30167686,0.0
08/11/2024,-92000,-3707670000,40.05(-0.62 %),7700,310100000,99700,4017770000,30259686,0.0
11/11/2024,-203100,-8020445000,39.25(-2.00 %),16900,664445000,220000,8684890000,30462786,0.0
12/11/2024,-226000,-8890030000,39.4(0.38 %),51600,2026210000,277600,10916240000,31145087,17.59
13/11/2024,52500,2038335000,38.9(-1.27 %),65500,2545155000,13000,506820000,30636286,0.0
14/11/2024,17100,650790000,38.95(0.13 %),117800,4616310000,100700,3965520000,30619186,0.0
15/11/2024,-167200,-6496295000,38.4(-1.41 %),11800,459205000,179000,6955500000,30786386,0.0
18/11/2024,-270200,-10218405000,37.7(-1.82 %),60600,2297290000,330800,12515695000,31056586,0.0
19/11/2024,114800,4427600000,38.3(1.59 %),135000,5200145000,20200,772545000,30941786,0.0
20/11/2024,42300,1635915000,38.6(0.78 %),83100,3205535000,40800,1569620000,30899486,0.0
21/11/2024,-22200,-858225000,39.05(1.17 %),22300,865975000,44500,1724200000,30921686,0.0
22/11/2024,-40800,-1596375000,39.15(0.26 %),15600,608710000,56400,2205085000,30962486,0.0
25/11/2024,-63600,-2489875000,39.4(0.64 %),14400,565670000,78000,3055545000,31003077,17.6
26/11/2024,-110600,-4331810000,39.25(-0.38 %),12500,488775000,123100,4820585000,31042658,17.6
27/11/2024,-31400,-1230480000,39.1(-0.38 %),2200,86110000,33600,1316590000,31114458,17.6
28/11/2024,46700,1807670000,40(2.30 %),129800,5142095000,83100,3334425000,31105758,17.6
29/11/2024,-18800,-758095000,40(0.00 %),24000,966440000,42800,1724535000,31115358,17.6
02/12/2024,29700,1177395000,39.75(-0.62 %),55800,2213940000,26100,1036545000,31142658,17.59
03/12/2024,30800,1227975000,40(0.63 %),65600,2607720000,34800,1379745000,31119858,17.59
04/12/2024,-5800,-234125000,40.3(0.75 %),12200,492595000,18000,726720000,31137758,17.59
05/12/2024,19800,800805000,40.6(0.74 %),34200,1380105000,14400,579300000,31140387,17.59
09/12/2024,11800,474075000,40.15(-0.74 %),22600,908970000,10800,434895000,31135487,17.59
10/12/2024,-5500,-221955000,40.3(0.37 %),6300,253785000,11800,475740000,31142587,17.59
16/12/2024,-50000,-1940770000,38.7(0.00 %),5300,205900000,55300,2146670000,31163587,17.59
17/12/2024,-116400,-4517425000,38.9(0.52 %),9600,372400000,126000,4889825000,31583587,17.56
18/12/2024,-428300,-16686380000,39.3(1.03 %),14100,550290000,442400,17236670000,31624787,17.56
19/12/2024,-83300,-3287480000,39.4(0.25 %),9400,369910000,92700,3657390000,31741387,17.55
20/12/2024,-212700,-8329385000,39(-1.02 %),13600,530850000,226300,8860235000,32170187,17.51
24/12/2024,0,0,38.45(-0.77 %),0,0,0,0,32463652,17.49
25/12/2024,49400,1923315000,38.6(0.39 %),156100,6042780000,106700,4119465000,32478252,17.49
26/12/2024,-165000,-6378615000,38.45(-0.39 %),44600,1739585000,209600,8118200000,32628552,17.48
27/12/2024,-467700,-17958935000,38.5(0.13 %),7100,273115000,474800,18232050000,32724152,17.47
30/12/2024,-90500,-3481820000,38.2(-0.78 %),6700,257790000,97200,3739610000,32925052,17.46
31/12/2024,-267000,-10030025000,37.5(-1.83 %),12400,466170000,279400,10496195000,33387452,17.42
02/01/2025,66000,2517230000,38.15(1.73 %),83900,3198125000,17900,680895000,33400752,17.42
03/01/2025,130600,5012410000,38.45(0.79 %),139000,5335125000,8400,322715000,33541152,17.41
06/01/2025,22800,880690000,38.35(-0.26 %),69400,2677625000,46600,1796935000,33492052,17.41
07/01/2025,-113800,-4343890000,37.9(-1.17 %),11600,443430000,125400,4787320000,33492052,17.41
08/01/2025,-201900,-7575905000,38.3(1.06 %),30900,1171815000,232800,8747720000,33500552,17.41
09/01/2025,70200,2723630000,39(1.83 %),103400,4008365000,33200,1284735000,33522552,17.41
10/01/2025,-119400,-4615145000,38.1(-2.31 %),15200,591440000,134600,5206585000,33744952,17.39
13/01/2025,155100,6015030000,38.9(2.10 %),194600,7537995000,39500,1522965000,33583552,17.4
14/01/2025,71800,2854255000,39.75(2.19 %),83300,3309435000,11500,455180000,33630852,17.4
15/01/2025,-53500,-2132445000,40(0.63 %),1800,71440000,55300,2203885000,33666552,17.4
16/01/2025,-127800,-5114825000,40(0.00 %),24400,981300000,152200,6096125000,33794352,0.0
17/01/2025,-17300,-689410000,40(0.00 %),27500,1095665000,44800,1785075000,33681452,17.4
20/01/2025,-3300,-131700000,39.85(-0.38 %),12900,515095000,16200,646795000,33820842,17.39
21/01/2025,-15100,-581545000,39.85(0.00 %),38200,1529185000,53300,2110730000,33827442,17.39
22/01/2025,-258200,-10135300000,39.15(-1.76 %),14100,554565000,272300,10689865000,33829542,17.39
23/01/2025,-16500,-645360000,39.6(1.15 %),11900,467040000,28400,1112400000,33870942,17.38
24/01/2025,40300,1589245000,39.5(-0.25 %),60100,2367815000,19800,778570000,34083142,17.37
03/02/2025,-3300,-126115000,0(0.00 %),35700,1394205000,39000,1520320000,34075842,17.37
04/02/2025,173800,6930180000,40(1.78 %),213100,8496180000,39300,1566000000,33882542,17.38
05/02/2025,-59100,-2350355000,39.9(-0.25 %),9200,367275000,68300,2717630000,33912332,17.38
06/02/2025,128500,5104645000,39.9(0.00 %),214400,8517260000,85900,3412615000,33727232,17.39
07/02/2025,30700,1220505000,39.85(-0.13 %),204400,8126330000,173700,6905825000,33591124,17.4
10/02/2025,92800,3768470000,40.4(1.38 %),240600,9726245000,147800,5957775000,33436424,17.42
11/02/2025,-152500,-6257705000,41.2(1.98 %),44200,1806930000,196700,8064635000,33561924,17.41
12/02/2025,121400,5010325000,41.35(0.36 %),222900,9198355000,101500,4188030000,33482824,17.41
13/02/2025,168500,7051885000,42(1.57 %),336700,14007850000,168200,6955965000,33340124,17.42
14/02/2025,-194100,-8229740000,42.35(0.83 %),5800,246230000,199900,8475970000,33435774,17.42
17/02/2025,29800,1269625000,42.05(-0.71 %),147300,6259610000,117500,4989985000,33452674,17.41
18/02/2025,120500,5137000000,42.6(1.31 %),214800,9135070000,94300,3998070000,33440774,17.42
19/02/2025,500700,21624030000,43.2(1.41 %),519000,22411675000,18300,787645000,33037274,17.45
20/02/2025,-15400,-663550000,43.1(-0.23 %),2600,112040000,18000,775590000,33128974,17.44
21/02/2025,-27500,-1183875000,43.2(0.23 %),35500,1528260000,63000,2712135000,33111774,17.44
24/02/2025,-28100,-1205370000,43(-0.46 %),5500,235750000,33600,1441120000,33124274,17.44
25/02/2025,-233200,-10053780000,43.3(0.70 %),14300,617725000,247500,10671505000,33172024,17.44
26/02/2025,-126200,-5440205000,43.25(-0.12 %),65400,2824240000,191600,8264445000,33140224,17.44
27/02/2025,177000,7625080000,42.95(-0.69 %),302400,13026280000,125400,5401200000,33083339,17.44
28/02/2025,87000,3769820000,43.55(1.40 %),104800,4539760000,17800,769940000,33170139,17.44
03/03/2025,334600,14743545000,44.2(1.49 %),562300,24774530000,227700,10030985000,32733239,17.47
04/03/2025,238400,10522405000,44.5(0.68 %),470800,20783205000,232400,10260800000,32280239,17.51
05/03/2025,-93900,-4152040000,43.75(-1.69 %),215900,9497355000,309800,13649395000,32292039,17.5
06/03/2025,100300,4365640000,43.65(-0.23 %),112600,4900045000,12300,534405000,32411929,17.49
07/03/2025,-743200,-31906190000,42.85(-1.83 %),2100,90140000,745300,31996330000,32719649,17.47
10/03/2025,25800,1117210000,43(0.35 %),213700,9079210000,187900,7962000000,32518249,17.49
11/03/2025,186600,8012235000,43.3(0.70 %),216100,9281930000,29500,1269695000,32518249,17.49
12/03/2025,-3500,-150085000,42.9(-0.92 %),9700,414520000,13200,564605000,33235649,17.43
13/03/2025,-6122,-270545750,41.7(-2.80 %),47300,1981470000,53422,2252015750,33217849,17.43
14/03/2025,24900,1025670000,41.4(-0.72 %),57700,2377105000,32800,1351435000,33174049,17.44
17/03/2025,-19600,-813805000,41.45(0.12 %),19200,787445000,38800,1601250000,33208271,17.43
18/03/2025,18200,747645000,41.7(0.60 %),96600,4017535000,78400,3269890000,33144571,17.44
19/03/2025,-12400,-514480000,41.5(-0.48 %),21300,880860000,33700,1395340000,33162671,17.44
20/03/2025,38500,1572905000,41.3(-0.48 %),70400,2888025000,31900,1315120000,33170178,17.44
21/03/2025,-141500,-5810660000,41.3(0.00 %),61400,2525720000,202900,8336380000,33141150,17.44
24/03/2025,-134400,-5523645000,41.25(-0.12 %),6900,283570000,141300,5807215000,33166300,17.44
25/03/2025,-77100,-3168030000,40.95(-0.73 %),25400,1041980000,102500,4210010000,33340800,17.42
26/03/2025,6500,272740000,41.15(0.49 %),51200,2113660000,44700,1840920000,33431000,17.42
27/03/2025,50700,2063065000,40.95(-0.49 %),75600,3084540000,24900,1021475000,33454275,17.41
28/03/2025,-51500,-2088225000,39.8(-2.81 %),17000,682405000,68500,2770630000,33479985,17.41
31/03/2025,-47700,-1878655000,39.55(-0.63 %),13400,526070000,61100,2404725000,33491885,17.41
01/04/2025,-29700,-1187425000,40.3(1.90 %),4200,167445000,33900,1354870000,33556951,17.41
02/04/2025,-5000,-199485000,40.2(-0.25 %),25300,1018705000,30300,1218190000,33589705,17.4
03/04/2025,-43400,-1652115000,37.4(-6.97 %),21800,819650000,65200,2471765000,33601830,17.4
04/04/2025,282800,10022540000,35.7(-4.55 %),794400,27835200000,511600,17812660000,32833930,17.46
08/04/2025,516400,17205450000,33.25(-6.86 %),568300,18936320000,51900,1730870000,32324886,17.5
09/04/2025,441800,13962705000,30.95(-6.92 %),881000,27868870000,439200,13906165000,31950406,17.53
10/04/2025,-300,-9930000,33.1(6.95 %),0,0,300,9930000,31993306,17.53
11/04/2025,94300,3397270000,35.35(6.80 %),695200,24148075000,600900,20750805000,31737306,17.55
14/04/2025,-601300,-20827055000,34.85(-1.41 %),150700,5253470000,752000,26080525000,31786956,17.54
15/04/2025,-225000,-7644850000,33.6(-3.59 %),9400,321665000,234400,7966515000,32378455,17.5
16/04/2025,-38900,-1279890000,33(-1.79 %),91600,3084625000,130500,4364515000,33038805,17.45
17/04/2025,198900,6596555000,33.85(2.58 %),199200,6606435000,300,9880000,33074005,17.44
18/04/2025,-40000,-1365845000,34(0.44 %),10500,360205000,50500,1726050000,33194005,17.43
21/04/2025,-25400,-860440000,33.8(-0.59 %),25500,860630000,50900,1721070000,33168797,17.44
22/04/2025,-105900,-3459860000,33.1(-2.07 %),74700,2411330000,180600,5871190000,33144507,17.44
23/04/2025,-130500,-4359575000,33.45(1.06 %),72000,2405975000,202500,6765550000,33124407,17.44
24/04/2025,-35800,-1196065000,33.65(0.60 %),83600,2838565000,119400,4034630000,33221417,17.43
25/04/2025,-297000,-10038850000,34.25(1.78 %),84900,2893425000,381900,12932275000,33339017,17.42
28/04/2025,-346600,-11695195000,33.8(-1.31 %),5600,189520000,352200,11884715000,33452817,17.41
29/04/2025,1000,33645000,33.9(0.30 %),8000,270800000,7000,237155000,33826787,17.39
05/05/2025,55900,-269025000,33.65(-0.74 %),55900,1875525000,0,2144550000,34178987,17.36
06/05/2025,233800,7978820000,33.9(0.74 %),277500,9471795000,43700,1492975000,33952187,17.38
07/05/2025,-267400,-8954200000,33.5(-1.18 %),60500,2023700000,327900,10977900000,33960387,17.38
08/05/2025,662200,23149515000,35.7(6.57 %),873500,30506360000,211300,7356845000,33298187,17.43
09/05/2025,-328500,-11574540000,35.15(-1.54 %),6100,215500000,334600,11790040000,33565612,17.41
12/05/2025,221100,7805710000,35.5(1.00 %),234500,8278395000,13400,472685000,33344512,17.42
13/05/2025,-400900,-14287455000,35.55(0.14 %),18500,658940000,419400,14946395000,33673012,17.4
14/05/2025,-316800,-11359990000,35.7(0.42 %),203800,7289185000,520600,18649175000,33673012,17.4
15/05/2025,45800,-1212940000,35.55(-0.42 %),45800,1630335000,0,2843275000,34073912,17.37
16/05/2025,0,-5020465000,35.75(0.56 %),0,0,0,5020465000,34390712,17.34
19/05/2025,1900,-7433025000,35.1(-1.82 %),1900,67260000,0,7500285000,34425012,17.34
20/05/2025,1500,-297630000,34.8(-0.85 %),1500,52220000,0,349850000,34565212,17.33
21/05/2025,24100,-759990000,35.3(1.44 %),24100,850720000,0,1610710000,34775912,17.31
22/05/2025,2300,-592965000,34.8(-1.42 %),2300,80430000,0,673395000,34784412,17.31
23/05/2025,-451200,-15489685000,34.35(-1.29 %),400,13745000,451600,15503430000,34805812,17.31
26/05/2025,222908,6754076600,34.7(1.02 %),222908,7546411600,0,792335000,34623004,17.32
27/05/2025,-449500,-15641705000,34.75(0.14 %),51600,1803420000,501100,17445125000,35074254,17.29
28/05/2025,113450,4013462500,35.5(2.16 %),113450,4038267500,0,24805000,34961504,17.3
29/05/2025,2300,-24201135000,34.9(-1.69 %),2300,80445000,0,24281580000,35411004,17.26
30/05/2025,13600,-4413711550,34.5(-1.15 %),13600,470560000,0,4884271550,35411004,17.26
02/06/2025,393500,10286521600,35.6(3.19 %),393500,13833650000,0,3547128400,35809083,17.23
03/06/2025,53020,-1056347000,35.65(0.14 %),53020,1890153000,0,2946500000,35935906,17.22
04/06/2025,192400,3654690000,36.05(1.12 %),192400,6916210000,0,3261520000,35833506,17.23
05/06/2025,54100,-9543000000,36.1(0.14 %),54100,1959705000,0,11502705000,35863186,17.23
06/06/2025,278330,7870281000,37.4(3.60 %),278330,10249261000,0,2378980000,35648656,17.24
09/06/2025,2406,-9368209800,37(-1.07 %),2406,88945200,0,9457155000,35912156,17.22
10/06/2025,9000,-451670000,35.5(-0.84 %),9000,320960000,0,772630000,35912156,17.22
11/06/2025,-12800,-451255000,34.95(-1.55 %),17100,601625000,29900,1052880000,36165650,17.2
12/06/2025,-1200,-40370000,35.25(0.86 %),21100,746970000,22300,787340000,36178350,17.2
13/06/2025,938200,34972100000,37.7(6.95 %),1071000,39851185000,132800,4879085000,35252954,17.28
16/06/2025,89800,3640935000,40.3(6.90 %),518200,20812415000,428400,17171480000,35164304,17.28
17/06/2025,169400,6646570000,39.05(-3.10 %),187300,7359300000,17900,712730000,34995904,17.3
18/06/2025,-567100,-22200840000,39(-0.13 %),484000,19112985000,1051100,41313825000,34995904,17.3
19/06/2025,-177800,-7117620000,39.55(1.41 %),95400,3678895000,273200,10796515000,34995904,17.3
20/06/2025,-290400,-11359225000,39.15(-1.01 %),141100,5515645000,431500,16874870000,35563004,17.25
23/06/2025,-406500,-16517885000,40.2(2.68 %),70900,2893755000,477400,19411640000,35740804,17.24
24/06/2025,-59000,-2254860000,38.05(-5.35 %),226100,8659565000,285100,10914425000,36031204,17.22
25/06/2025,8900,343925000,37.3(-1.97 %),26300,1001660000,17400,657735000,36428004,17.18
26/06/2025,-157100,-5816040000,37.05(-0.67 %),160900,5959215000,318000,11775255000,36486984,17.18
27/06/2025,-55200,-2049325000,37.3(0.67 %),0,0,55200,2049325000,36486984,17.18
30/06/2025,-30600,-1140050000,37.25(-0.13 %),10600,393280000,41200,1533330000,36644084,17.17
01/07/2025,-85500,-3164950000,36.9(-0.94 %),700,25885000,86200,3190835000,36699284,17.16
02/07/2025,16800,621015000,36.95(0.14 %),26800,990310000,10000,369295000,36713084,17.16
03/07/2025,-63600,-2367295000,37(0.14 %),33000,1229180000,96600,3596475000,36798584,17.16
04/07/2025,-122600,-4545150000,37.25(0.68 %),29300,1087040000,151900,5632190000,36798584,17.16
07/07/2025,-147900,-5490300000,37.1(-0.40 %),9000,334500000,156900,5824800000,36862135,17.15
08/07/2025,-140200,-5217455000,37.3(0.54 %),89100,3317190000,229300,8534645000,36984735,17.14
09/07/2025,-134300,-5031960000,37.45(0.40 %),81600,3066290000,215900,8098250000,37132535,17.13
10/07/2025,-156400,-5911400000,37.9(1.20 %),50500,1907140000,206900,7818540000,37132535,17.13
11/07/2025,-4000,-136025000,37.7(-0.53 %),221800,8390775000,225800,8526800000,37407005,17.11
14/07/2025,-166400,-6251260000,37.5(-0.53 %),13500,506830000,179900,6758090000,37563405,17.1
15/07/2025,-207700,-7788710000,37.3(-0.53 %),105400,3951520000,313100,11740230000,37567405,17.1
16/07/2025,-233600,-8685250000,37.25(-0.13 %),32400,1205580000,266000,9890830000,37736235,17.08
17/07/2025,-208900,-7769010000,37.1(-0.40 %),5500,204435000,214400,7973445000,37736235,17.08
18/07/2025,5000,172830000,37.3(0.54 %),272600,10176530000,267600,10003700000,38167735,17.05
21/07/2025,-175800,-6549350000,37.1(-0.54 %),500,18605000,176300,6567955000,38376235,17.03
22/07/2025,16900,624035000,37.15(0.13 %),29900,1105735000,13000,481700000,38359335,17.04
23/07/2025,-319400,-11873990000,37.25(0.27 %),87000,3239155000,406400,15113145000,38534855,17.02
24/07/2025,-204300,-7791655000,38.1(2.28 %),376600,14192320000,580900,21983975000,38534855,17.02
25/07/2025,-322000,-12291780000,38.1(0.00 %),16400,630875000,338400,12922655000,38854255,17.0
28/07/2025,-1167200,-44220720000,37.85(-0.66 %),6400,241990000,1173600,44462710000,39053205,16.98
29/07/2025,-1582900,-59120180000,36.5(-3.57 %),657800,24968215000,2240700,84088395000,39374905,16.96
30/07/2025,-691900,-25189505000,36.3(-0.55 %),302100,11003815000,994000,36193320000,40542105,16.87
31/07/2025,-735900,-26747980000,36.25(-0.14 %),4300,156385000,740200,26904365000,42125005,16.74
01/08/2025,-1423200,-51184340000,35.8(-1.24 %),62400,2251200000,1485600,53435540000,42816905,16.69
04/08/2025,-606100,-22080740000,36.6(2.23 %),104800,3826610000,710900,25907350000,43552805,16.63
05/08/2025,376700,13877110000,36.6(0.00 %),588400,21629475000,211700,7752365000,44599315,16.55
06/08/2025,381600,14143300000,37.45(2.32 %),419700,15569655000,38100,1426355000,44823759,16.54
07/08/2025,-64600,-2391320000,37.1(-0.93 %),50500,1879425000,115100,4270745000,44821759,16.54
08/08/2025,142500,5304855000,38.2(2.96 %),759100,28641265000,616600,23336410000,44679259,16.55
11/08/2025,-277400,-10521915000,37.95(-0.65 %),33900,1282730000,311300,11804645000,44743919,16.54
12/08/2025,694900,26443340000,38.5(1.45 %),773200,29443415000,78300,3000075000,44048319,16.6
13/08/2025,-529100,-20192200000,38(-1.30 %),151000,5735015000,680100,25927215000,44325699,16.57
14/08/2025,-9900,-378505000,37.9(-0.26 %),187600,7098450000,197500,7476955000,44325299,16.57
15/08/2025,582000,22330975000,38.5(1.58 %),1084400,41893140000,502400,19562165000,44272301,16.58
18/08/2025,-400200,-15549840000,38.8(0.78 %),177000,6895560000,577200,22445400000,44282201,16.58
19/08/2025,-43200,-1642085000,38.35(-1.16 %),122800,4788105000,166000,6430190000,44282201,16.58
20/08/2025,-842500,-31656475000,37(-3.52 %),233200,8683070000,1075700,40339545000,44678141,16.55
21/08/2025,-237600,-8756870000,36.9(-0.27 %),32700,1207350000,270300,9964220000,44720641,16.54
22/08/2025,-15200,-558835000,35.95(-2.57 %),179600,6546445000,194800,7105280000,44720641,16.54
25/08/2025,-402700,-14460385000,35.85(-0.28 %),30200,1085870000,432900,15546255000,45563141,16.48
26/08/2025,-398600,-14340125000,0(-100.00 %),324400,11689830000,723000,26029955000,45800741,16.46
