Ngay,KLGDRong,GTDGRong,ThayDoi,KLMua,GtMua,KLBan,GtBan,RoomConLai,DangSoHuu
04/01/2018,0,0,0(0.00 %),0,0,0,0,14040000,10.0
05/01/2018,0,0,0(0.00 %),0,0,0,0,14040000,10.0
08/01/2018,0,0,0(0.00 %),0,0,0,0,14040000,10.0
09/01/2018,17060,1125960000,0(0.00 %),17060,1125960000,0,0,14022940,10.05
10/01/2018,34000,2400400000,0(0.00 %),34000,2400400000,0,0,13988940,10.14
11/01/2018,33740,2327730000,0(0.00 %),33740,2327730000,0,0,13955200,10.24
12/01/2018,180250,11728260000,0(0.00 %),180250,11728260000,0,0,13774950,10.74
15/01/2018,1000,65000000,64.3(-2.58 %),1000,65000000,0,0,13773950,10.74
16/01/2018,-100,-9050000,64.1(-0.31 %),2000,125000000,2100,134050000,13771950,10.74
17/01/2018,5000,329090000,65.2(1.72 %),7000,459500000,2000,130410000,13764950,10.76
18/01/2018,4080,258500000,64.7(-0.77 %),4080,258500000,0,0,13760870,10.78
19/01/2018,0,0,64.9(0.31 %),0,0,0,0,13762970,10.77
22/01/2018,201590,13353770000,66.2(2.00 %),201590,13353770000,0,0,13563380,11.32
25/01/2018,195340,12822330000,66.5(0.45 %),195340,12822330000,0,0,13368040,11.87
26/01/2018,302130,20091570000,66.4(-0.15 %),302130,20091570000,0,0,13065910,12.71
29/01/2018,22000,1407700000,65.8(-0.90 %),22000,1407700000,0,0,13043910,12.77
30/01/2018,436710,28345970000,65.1(-1.06 %),436710,28345970000,0,0,12607200,13.98
31/01/2018,240,15830000,65.9(1.23 %),240,15830000,0,0,12606960,13.98
01/02/2018,295600,19974260000,68.8(4.40 %),306750,20730350000,11150,756090000,12300210,14.83
02/02/2018,109500,7630890000,69.7(1.31 %),109500,7630890000,0,0,12190710,15.14
05/02/2018,92650,6365230000,68.6(-1.58 %),101500,6973230000,8850,608000000,12089210,15.42
06/02/2018,42970,2757390000,64.3(-6.27 %),46030,2956290000,3060,198900000,12054330,15.52
07/02/2018,103000,6738470000,66.5(3.42 %),103000,6738470000,0,0,11951330,15.8
08/02/2018,4000,269300000,67(0.75 %),4000,269300000,0,0,11956180,15.79
09/02/2018,41000,2685200000,65.6(-2.09 %),41000,2685200000,0,0,11918240,15.89
12/02/2018,0,0,67.1(2.29 %),0,0,0,0,11918240,15.89
13/02/2018,28000,1890970000,67.9(1.19 %),28000,1890970000,0,0,11890240,15.97
21/02/2018,14700,1038810000,71.2(4.86 %),14700,1038810000,0,0,11875540,16.01
22/02/2018,-300,-21700000,71.3(0.14 %),200,14200000,500,35900000,11875340,16.01
23/02/2018,8870,635540000,72(0.98 %),8870,635540000,0,0,11866470,16.04
26/02/2018,11100,804150000,72(0.00 %),11100,804150000,0,0,11855370,16.07
27/02/2018,52420,3748570000,71.6(-0.56 %),57420,4105410000,5000,356840000,11798450,16.23
28/02/2018,76360,5458720000,71.6(0.00 %),87860,6278620000,11500,819900000,11710590,16.47
01/03/2018,149780,10769840000,72(0.56 %),152000,10930070000,2220,160230000,11558590,16.89
02/03/2018,112500,8117720000,76.8(6.67 %),113000,8153620000,500,35900000,11450590,17.19
05/03/2018,237250,18961400000,79(2.86 %),240220,19197270000,2970,235870000,11221870,17.83
06/03/2018,106300,8344290000,78.7(-0.38 %),109800,8617960000,3500,273670000,11114290,18.13
07/03/2018,-28960,-2332790000,78.4(-0.38 %),540,42710000,29500,2375500000,11114250,18.13
08/03/2018,22470,1766830000,81(3.32 %),22470,1766830000,0,0,11094750,18.18
09/03/2018,90300,7648100000,84.9(4.81 %),90900,7699070000,600,50970000,11007350,18.42
12/03/2018,9930,848270000,83.2(-2.00 %),10590,904300000,660,56030000,11026260,18.37
13/03/2018,5960,486370000,82.9(-0.36 %),10000,821020000,4040,334650000,11016260,18.4
14/03/2018,3300,275990000,83.5(0.72 %),5300,442630000,2000,166640000,11011560,18.41
15/03/2018,1990,159620000,77.7(-6.95 %),1990,159620000,0,0,11010230,18.42
16/03/2018,1350,110960000,82(5.53 %),1550,126500000,200,15540000,11012720,18.41
19/03/2018,197800,16121700000,81.4(-0.73 %),200000,16300000000,2200,178300000,10814720,18.96
20/03/2018,1950,161740000,82(0.74 %),3450,282070000,1500,120330000,10811270,18.97
21/03/2018,360,28010000,76.5(-6.71 %),600,47210000,240,19200000,10810870,18.97
22/03/2018,17310,1294640000,77(0.65 %),21040,1580090000,3730,285450000,10792030,19.02
23/03/2018,-1800,-132680000,76.8(-0.26 %),1200,90220000,3000,222900000,10792330,19.02
26/03/2018,0,0,77.6(1.04 %),0,0,0,0,10792570,19.02
27/03/2018,48350,3840840000,82(5.67 %),48350,3840840000,0,0,10747950,19.14
28/03/2018,0,0,80.7(-1.59 %),0,0,0,0,10750950,19.14
29/03/2018,42880,3406480000,80(-0.87 %),48880,3887730000,6000,481250000,10702070,19.27
30/03/2018,27760,2204930000,80(0.00 %),36350,2892200000,8590,687270000,10665720,19.37
02/04/2018,19140,1521360000,79.8(-0.25 %),51350,4086090000,32210,2564730000,10614370,19.52
03/04/2018,43960,3509760000,80.5(0.88 %),62320,4985600000,18360,1475840000,10558050,19.67
04/04/2018,83550,6706300000,80.9(0.50 %),83550,6706300000,0,0,10483090,19.88
05/04/2018,40850,3272230000,80.9(0.00 %),40850,3272230000,0,0,10474450,19.9
06/04/2018,49320,4012080000,81.4(0.62 %),49500,4026660000,180,14580000,10443310,19.99
09/04/2018,39270,3145330000,80.8(-0.74 %),39270,3145330000,0,0,10404040,20.1
10/04/2018,62730,5026480000,80.1(-0.87 %),65380,5240070000,2650,213590000,10338660,20.28
11/04/2018,60380,4763280000,77.9(-2.75 %),60380,4763280000,0,0,10278460,20.45
12/04/2018,65080,5028580000,77.4(-0.64 %),65080,5028580000,0,0,10213380,20.63
13/04/2018,98200,7544260000,78.3(1.16 %),98200,7544260000,0,0,10117830,20.89
16/04/2018,34900,2752750000,79(0.89 %),35000,2760700000,100,7950000,10082830,20.99
17/04/2018,208460,16674430000,80(1.27 %),208460,16674430000,0,0,9874370,21.57
18/04/2018,156350,12694210000,81.2(1.50 %),156350,12694210000,0,0,9718020,22.01
19/04/2018,121360,9951530000,82(0.99 %),121780,9986070000,420,34540000,9596340,22.34
20/04/2018,6000,494950000,82.5(0.61 %),6500,536250000,500,41300000,9589840,22.36
23/04/2018,64580,5294540000,82(-0.61 %),64580,5294540000,0,0,9525260,22.54
24/04/2018,103670,8476010000,82.5(0.61 %),103670,8476010000,0,0,9422010,22.83
26/04/2018,10180,837260000,81.9(-0.73 %),10180,837260000,0,0,9412330,22.85
27/04/2018,-3790,-308630000,82(0.12 %),1670,136110000,5460,444740000,9410660,22.86
02/05/2018,5100,418400000,81.5(-0.61 %),5100,418400000,0,0,9405560,22.87
03/05/2018,10000,819290000,81.5(0.00 %),10000,819290000,0,0,9395560,22.9
04/05/2018,0,0,81.4(-0.12 %),0,0,0,0,9401020,22.89
07/05/2018,330,25790000,79.5(-2.33 %),330,25790000,0,0,9400690,22.89
08/05/2018,-17030,-1304340000,75.5(-5.03 %),1800,137390000,18830,1441730000,9398890,22.89
09/05/2018,28730,2098430000,73.5(-2.65 %),30130,2202160000,1400,103730000,9368760,22.98
10/05/2018,1600,115030000,71(-3.40 %),1600,115030000,0,0,9367160,22.98
11/05/2018,-4550,-311090000,70(-1.41 %),1450,99530000,6000,410620000,9384540,22.93
14/05/2018,-1550,-108040000,71(1.43 %),1450,101550000,3000,209590000,9384490,22.93
15/05/2018,0,0,70.1(-1.27 %),0,0,0,0,9384490,22.93
16/05/2018,300,20780000,69.1(-1.43 %),300,20780000,0,0,9390190,22.92
17/05/2018,200,14000000,69.7(0.87 %),200,14000000,0,0,9392990,22.91
18/05/2018,20,1400000,70(0.43 %),20,1400000,0,0,9392970,22.91
21/05/2018,1000,70100000,69.5(-0.71 %),1000,70100000,0,0,9391970,22.91
22/05/2018,50,3650000,67.5(-2.88 %),540,36980000,490,33330000,9391430,22.91
23/05/2018,1740,114830000,66.9(-0.89 %),2030,134260000,290,19430000,9389400,22.92
24/05/2018,-200,-13240000,66(-1.35 %),0,0,200,13240000,9389400,22.92
25/05/2018,2000,129750000,65.2(-1.21 %),2000,129750000,0,0,9387890,22.92
28/05/2018,2850,182450000,63(-3.37 %),2850,182450000,0,0,9385330,22.93
29/05/2018,0,0,59(-6.35 %),0,0,0,0,9385530,22.93
30/05/2018,290,17940000,63.1(6.95 %),300,18570000,10,630000,9385230,22.93
31/05/2018,470,31090000,64.8(2.69 %),470,31090000,0,0,9384760,22.93
01/06/2018,5590,380500000,69.3(6.94 %),36640,2462900000,31050,2082400000,9348120,23.03
04/06/2018,2960,207130000,69.5(0.29 %),25460,1767390000,22500,1560260000,9322670,23.1
05/06/2018,37310,2564050000,68.7(-1.15 %),73000,5023750000,35690,2459700000,9249670,23.31
06/06/2018,-9960,-684630000,68.5(-0.29 %),14340,974600000,24300,1659230000,9266380,23.26
07/06/2018,-14580,-996810000,68.6(0.15 %),2700,185320000,17280,1182130000,9286180,23.21
08/06/2018,-1310,-93090000,67.2(-2.04 %),27300,1831350000,28610,1924440000,9294570,23.18
11/06/2018,-2840,-191060000,66.7(-0.74 %),510,33780000,3350,224840000,9318360,23.12
12/06/2018,11800,776690000,66(-1.05 %),12100,796520000,300,19830000,9323540,23.1
13/06/2018,20,1600000,66.9(1.36 %),320,21700000,300,20100000,9351830,23.02
14/06/2018,21970,1464910000,66.9(0.00 %),50000,3345520000,28030,1880610000,9305180,23.15
15/06/2018,-3770,-252970000,67(0.15 %),830,55680000,4600,308650000,9304650,23.15
18/06/2018,-1330,-84920000,65(0.00 %),3100,204400000,4430,289320000,9301850,23.16
19/06/2018,7050,433360000,61.3(-5.69 %),7950,490270000,900,56910000,9321930,23.11
20/06/2018,700,43330000,63.5(3.59 %),700,43330000,0,0,9325830,23.09
21/06/2018,49990,3170750000,63.9(0.63 %),50000,3171360000,10,610000,9280260,23.22
22/06/2018,2550,162290000,63.8(-0.16 %),2550,162290000,0,0,9278610,23.23
25/06/2018,15000,943350000,63.2(-0.94 %),15000,943350000,0,0,9263610,23.27
26/06/2018,8210,516570000,63(-0.32 %),8500,534580000,290,18010000,9255120,23.29
27/06/2018,22260,1406290000,63.2(0.32 %),24260,1532390000,2000,126100000,9230860,23.36
28/06/2018,7950,500900000,62.9(-0.47 %),20950,1316140000,13000,815240000,9209910,23.42
29/06/2018,3900,245590000,62.9(0.00 %),21100,1325317000,17200,1079727000,9206010,23.43
02/07/2018,23440,1467752000,62.5(-0.64 %),31600,1976178000,8160,508426000,9182570,23.49
03/07/2018,33100,2058360000,62(-0.80 %),33100,2058360000,0,0,9139400,23.61
04/07/2018,31000,1926570000,62.4(0.65 %),31000,1926570000,0,0,9125600,23.65
05/07/2018,24960,1553080000,62.4(0.00 %),30000,1865530000,5040,312450000,9103760,23.71
06/07/2018,29070,1805460000,62.4(0.00 %),31030,1926590000,1960,121130000,9072730,23.8
09/07/2018,24650,1550900000,62.9(0.80 %),30000,1888050000,5350,337150000,9042730,23.88
10/07/2018,20600,1297800000,63(0.16 %),20600,1297800000,0,0,9027170,23.92
11/07/2018,1730,107740000,62.2(-1.27 %),1730,107740000,0,0,9027400,23.92
12/07/2018,-99520,-6088993000,61(-1.93 %),480,29372000,100000,6118365000,9126920,23.65
13/07/2018,-490,-30720000,61.2(0.33 %),0,0,490,30720000,9032270,23.91
16/07/2018,1000,61800000,61.2(0.00 %),1000,61800000,0,0,9031270,23.91
17/07/2018,10,610000,61.3(0.16 %),10,610000,0,0,9131260,23.64
18/07/2018,-850,-49968000,61.5(0.33 %),3150,194970000,4000,244938000,9132110,23.63
19/07/2018,-1000,-60930000,60.8(-1.14 %),1000,61000000,2000,121930000,9127600,23.65
20/07/2018,1600,97600000,60.8(0.00 %),1600,97600000,0,0,9126000,23.65
23/07/2018,7100,434360000,61.2(0.66 %),8100,495260000,1000,60900000,9118900,23.67
24/07/2018,2060,125870000,61.5(0.49 %),2070,126480000,10,610000,9121830,23.66
25/07/2018,3000,187165000,62.3(1.30 %),6000,371900000,3000,184735000,9118830,23.67
26/07/2018,2360,148310000,62.9(0.96 %),4480,281450000,2120,133140000,9112350,23.69
27/07/2018,-1630,-102430000,63(0.16 %),0,0,1630,102430000,9112360,23.69
30/07/2018,4000,250845000,63(0.00 %),5000,313250000,1000,62405000,9108360,23.7
31/07/2018,-1000,-62100000,62.7(-0.48 %),0,0,1000,62100000,9109360,23.7
01/08/2018,35000,2185008000,62.9(0.32 %),35000,2185008000,0,0,9074360,23.79
02/08/2018,-400,-25200000,62.7(-0.32 %),0,0,400,25200000,9074760,23.79
03/08/2018,-70,-4368000,62.7(0.00 %),0,0,70,4368000,9074830,23.79
06/08/2018,0,0,62.8(0.16 %),0,0,0,0,9074830,23.79
07/08/2018,-4400,-286080000,66.9(6.53 %),600,39420000,5000,325500000,9079230,23.78
08/08/2018,-30820,-2050869000,65(-2.84 %),0,0,30820,2050869000,9110050,23.69
09/08/2018,-30720,-2006073000,65(0.00 %),3800,248627000,34520,2254700000,9140770,23.61
10/08/2018,50000,3187010000,64.3(-1.08 %),50000,3187010000,0,0,9032180,23.91
13/08/2018,1000,62700000,62.8(-2.33 %),1000,62700000,0,0,9031180,23.91
14/08/2018,-600,-36900000,63.9(1.75 %),400,25600000,1000,62500000,9096120,23.73
15/08/2018,-3500,-221670000,63.4(-0.78 %),500,31500000,4000,253170000,9095620,23.73
16/08/2018,0,0,63.2(-0.32 %),0,0,0,0,9095620,23.73
17/08/2018,-1400,-88867000,63.3(0.16 %),600,37780000,2000,126647000,9097020,23.73
20/08/2018,-850,-53953000,63.4(0.16 %),150,9525000,1000,63478000,9097870,23.73
21/08/2018,0,0,63.5(0.16 %),1000,63300000,1000,63300000,9097870,23.73
22/08/2018,-3600,-226550000,63.5(0.00 %),400,25000000,4000,251550000,9100470,23.72
23/08/2018,-200,-12620000,61.7(-2.83 %),0,0,200,12620000,9101470,23.72
24/08/2018,-1800,-110880000,62(0.49 %),0,0,1800,110880000,9103270,23.71
27/08/2018,3000,185850000,62.2(0.32 %),10000,620000000,7000,434150000,9100270,23.72
28/08/2018,-2000,-124000000,62.5(0.48 %),0,0,2000,124000000,9102270,23.72
29/08/2018,0,0,62.3(-0.32 %),0,0,0,0,9102270,23.72
30/08/2018,-1600,-100060000,62.7(0.64 %),400,25000000,2000,125060000,9105070,23.71
31/08/2018,0,0,62.5(-0.32 %),0,0,0,0,9105070,23.71
04/09/2018,-2810,-173070000,61.5(-1.60 %),130,8034000,2940,181104000,9107880,23.7
05/09/2018,-460,-28290000,62.2(1.14 %),0,0,460,28290000,9108340,23.7
06/09/2018,0,0,62.2(0.00 %),0,0,0,0,9108340,23.7
07/09/2018,0,0,62.2(0.00 %),0,0,0,0,9108340,23.7
10/09/2018,-20,-1250000,62.4(0.32 %),0,0,20,1250000,9112340,23.69
11/09/2018,640,39760000,62.3(-0.16 %),640,39760000,0,0,9111700,23.69
12/09/2018,0,0,62.4(0.16 %),0,0,0,0,9111700,23.69
13/09/2018,0,0,61.7(-1.12 %),0,0,0,0,9111720,23.69
14/09/2018,2000,123200000,61.4(-0.49 %),2000,123200000,0,0,9109720,23.7
17/09/2018,0,0,61.2(-0.33 %),0,0,0,0,9109720,23.7
18/09/2018,0,0,61.3(0.16 %),0,0,0,0,9109720,23.7
19/09/2018,2000,121600000,61.4(0.16 %),2000,121600000,0,0,9107720,23.7
20/09/2018,-540,-33510000,62.3(1.47 %),50,3070000,590,36580000,9108260,23.7
21/09/2018,0,0,62.5(0.32 %),0,0,0,0,9108260,23.7
24/09/2018,-4410,-276646000,62.7(0.32 %),0,0,4410,276646000,9112080,23.69
25/09/2018,-1490,-93627130,62.9(0.32 %),0,0,1490,93627130,9113570,23.68
26/09/2018,0,0,62.9(0.00 %),0,0,0,0,9113570,23.68
27/09/2018,900,56707000,63.2(0.48 %),9000,567900000,8100,511193000,9112670,23.69
28/09/2018,-62150,-4040092000,65(2.85 %),0,0,62150,4040092000,9174820,23.51
01/10/2018,-27790,-1849313340,66(1.54 %),6210,413250660,34000,2262564000,9102140,23.72
02/10/2018,4200,279180000,66.6(0.91 %),4200,279180000,0,0,9097940,23.73
03/10/2018,-17600,-1182944000,67.4(1.20 %),19400,1301984000,37000,2484928000,9115540,23.68
04/10/2018,-40000,-2692022000,66.5(-1.34 %),0,0,40000,2692022000,9155540,23.57
05/10/2018,-35800,-2378938000,66.5(0.00 %),200,13310000,36000,2392248000,9191340,23.47
08/10/2018,-36550,-2413360000,65.5(-1.50 %),1000,66500000,37550,2479860000,9227890,23.37
09/10/2018,-31830,-2078190000,65(-0.76 %),0,0,31830,2078190000,9260590,23.28
10/10/2018,-5720,-371511000,66.6(2.46 %),2500,163250000,8220,534761000,9266310,23.26
11/10/2018,6020,391300000,66(-0.90 %),6020,391300000,0,0,9260290,23.28
12/10/2018,-5150,-332705000,66.5(0.76 %),5000,328111000,10150,660816000,9265440,23.26
15/10/2018,8000,536470000,67.6(1.65 %),8000,536470000,0,0,9257440,23.28
16/10/2018,3000,204500000,68.8(1.78 %),3000,204500000,0,0,9254440,23.29
17/10/2018,1000,69300000,69.8(1.45 %),1000,69300000,0,0,9253440,23.3
18/10/2018,0,0,69.7(-0.14 %),0,0,0,0,9253440,23.3
19/10/2018,10,688000,69.5(-0.29 %),10,688000,0,0,9253430,23.3
22/10/2018,0,0,70.5(1.44 %),0,0,0,0,9253430,23.3
23/10/2018,-1750,-120350000,68.4(-2.98 %),250,17650000,2000,138000000,9255180,23.29
24/10/2018,990,67855000,68.9(0.73 %),3000,205500000,2010,137645000,9254190,23.29
25/10/2018,-16080,-1078160000,68(-1.31 %),0,0,16080,1078160000,9270270,23.25
26/10/2018,-12890,-877048490,67.9(-0.15 %),0,0,12890,877048490,9283160,23.21
29/10/2018,-31000,-2077693000,66(-2.80 %),0,0,31000,2077693000,9314160,23.13
30/10/2018,-12640,-832788000,65.5(-0.76 %),0,0,12640,832788000,9326800,23.09
31/10/2018,-31000,-2033188000,65.7(0.31 %),1000,65500000,32000,2098688000,9357800,23.01
01/11/2018,-26760,-1757440000,65.6(-0.15 %),0,0,26760,1757440000,9434290,22.79
02/11/2018,-32000,-2101664000,65.8(0.30 %),0,0,32000,2101664000,9466290,22.7
05/11/2018,-35530,-2357589000,66.3(0.76 %),0,0,35530,2357589000,9501820,22.61
06/11/2018,-29140,-1918748000,65(-1.96 %),0,0,29140,1918748000,9530960,22.53
07/11/2018,-53080,-3464241000,65(0.00 %),0,0,53080,3464241000,9584040,22.38
08/11/2018,-47000,-3060776000,65.4(0.62 %),2000,130000000,49000,3190776000,9631040,22.25
09/11/2018,-33540,-2194974000,65.6(0.31 %),100,6550000,33640,2201524000,9664580,22.15
12/11/2018,-26300,-1719194000,65.8(0.30 %),1700,111010000,28000,1830204000,9690880,22.08
13/11/2018,-11000,-721280000,65(-1.22 %),8000,519982000,19000,1241262000,9701880,22.05
14/11/2018,0,0,65(0.00 %),0,0,0,0,9701880,22.05
15/11/2018,1000,64600000,64.5(-0.77 %),1000,64600000,0,0,9700880,22.05
16/11/2018,50,3205000,63.5(-1.55 %),50,3205000,0,0,9700830,22.05
19/11/2018,0,0,64.4(1.42 %),0,0,0,0,9759590,21.89
20/11/2018,99300,6397900000,64.7(0.47 %),99300,6397900000,0,0,9660290,22.17
21/11/2018,76570,4963520000,65.1(0.62 %),76570,4963520000,0,0,9583720,22.38
22/11/2018,0,0,65.5(0.61 %),0,0,0,0,9583720,22.38
23/11/2018,0,0,65.5(0.00 %),0,0,0,0,9583720,22.38
26/11/2018,0,0,65.8(0.46 %),0,0,0,0,9583720,22.38
27/11/2018,3000,197710000,66(0.30 %),3000,197710000,0,0,9580720,22.39
28/11/2018,2170,147038000,68(3.03 %),4000,268916000,1830,121878000,9578550,22.39
29/11/2018,46840,3248853000,69.4(2.06 %),46840,3248853000,0,0,9531710,22.52
30/11/2018,3000,209060000,69.7(0.43 %),3000,209060000,0,0,9528710,22.53
03/12/2018,3290,228553000,69.5(-0.29 %),3350,232723000,60,4170000,9525360,22.54
04/12/2018,-4450,-309590000,68.9(-0.86 %),0,0,4450,309590000,9529810,22.53
05/12/2018,-1000,-68500000,68.5(-0.58 %),0,0,1000,68500000,9530810,22.53
06/12/2018,-2770,-192016000,69.3(1.17 %),0,0,2770,192016000,9533580,22.52
07/12/2018,-3180,-220542000,69.4(0.14 %),0,0,3180,220542000,9536760,22.51
10/12/2018,-9800,-676670000,69.1(-0.43 %),0,0,9800,676670000,9546560,22.48
11/12/2018,-1300,-89830000,69.2(0.14 %),0,0,1300,89830000,9547860,22.48
12/12/2018,2000,138200000,69.6(0.58 %),2000,138200000,0,0,9545860,22.48
13/12/2018,1000,69700000,69.8(0.29 %),1000,69700000,0,0,9544860,22.49
14/12/2018,20,1414000,70.2(0.57 %),20,1414000,0,0,9544840,22.49
17/12/2018,0,0,69.9(-0.43 %),0,0,0,0,9544840,22.49
18/12/2018,15000,1051000000,70.9(1.43 %),15000,1051000000,0,0,9529840,22.53
19/12/2018,0,0,70.3(-0.85 %),0,0,0,0,9529840,22.53
20/12/2018,0,0,70.6(0.43 %),0,0,0,0,9529840,22.53
21/12/2018,1074000,75184380000,70.6(0.00 %),1074200,75198500000,200,14120000,8455840,25.51
24/12/2018,802450,56171550000,70(-0.85 %),802450,56171550000,0,0,7653390,27.74
25/12/2018,317600,22232600000,69(-1.43 %),320600,22442000000,3000,209400000,7332650,28.63
26/12/2018,890,61321000,69.2(0.29 %),890,61321000,0,0,7331760,28.63
27/12/2018,0,0,68.9(-0.43 %),0,0,0,0,7331760,28.63
28/12/2018,130,8957000,69.2(0.44 %),130,8957000,0,0,7331630,28.63
02/01/2019,380,26524000,69.2(0.00 %),760,52820000,380,26296000,7334070,28.63
03/01/2019,0,0,69(-0.29 %),0,0,0,0,7334070,28.63
04/01/2019,3700,255300000,69(0.00 %),4000,276000000,300,20700000,7330370,28.64
07/01/2019,0,0,69.3(0.43 %),0,0,0,0,7330370,28.64
08/01/2019,0,0,70.3(1.44 %),0,0,0,0,7330370,28.64
09/01/2019,-250,-17675000,71.5(1.71 %),0,0,250,17675000,7330620,28.64
10/01/2019,400,28640000,71.7(0.28 %),400,28640000,0,0,7330350,28.64
11/01/2019,-1800,-127940000,71.3(-0.56 %),200,14200000,2000,142140000,7332150,28.63
14/01/2019,0,0,70.5(-1.12 %),0,0,0,0,7332150,28.63
15/01/2019,0,0,69.2(-1.84 %),0,0,0,0,7332150,28.63
16/01/2019,0,0,65.5(-5.35 %),0,0,0,0,7332150,28.63
17/01/2019,-56400,-3554394000,62.3(-4.89 %),0,0,56400,3554394000,7388550,28.48
18/01/2019,-19830,-1244980000,62.6(0.48 %),0,0,19830,1244980000,7332400,28.63
21/01/2019,-22400,-1410680000,62.8(0.32 %),0,0,22400,1410680000,7332400,28.63
22/01/2019,-13900,-873064000,62.8(0.00 %),70,4396000,13970,877460000,7368700,28.53
23/01/2019,-9820,-618370000,62.9(0.16 %),7000,438730000,16820,1057100000,7401560,28.44
24/01/2019,-14340,-900980000,62.8(-0.16 %),0,0,14340,900980000,7423960,28.38
25/01/2019,-15860,-1002992000,63(0.32 %),0,0,15860,1002992000,7408720,28.42
28/01/2019,-34330,-2160661000,63(0.00 %),50,3145000,34380,2163806000,7443050,28.32
29/01/2019,0,0,63(0.00 %),0,0,0,0,7443050,28.32
30/01/2019,0,0,63.5(0.79 %),0,0,0,0,7484900,28.21
31/01/2019,0,0,64.3(1.26 %),0,0,0,0,7443050,28.32
01/02/2019,250,16350000,65(1.09 %),250,16350000,0,0,7519030,28.11
11/02/2019,-1580,-102767000,65.5(0.77 %),20,1300000,1600,104067000,7520860,28.11
12/02/2019,17770,1165790000,66.2(1.07 %),17770,1165790000,0,0,7501240,28.16
13/02/2019,19000,1268320000,67(1.21 %),20000,1334920000,1000,66600000,7481240,28.22
14/02/2019,46350,3131094000,68(1.49 %),46550,3144634000,200,13540000,7437740,28.34
15/02/2019,1000,68030000,67.6(-0.59 %),1000,68030000,0,0,7436740,28.34
18/02/2019,17350,1179260000,68.5(1.33 %),17350,1179260000,0,0,7418940,28.39
19/02/2019,41000,2819810000,69(0.73 %),41000,2819810000,0,0,7378140,28.51
20/02/2019,33000,2286210000,69.3(0.43 %),33000,2286210000,0,0,7345140,28.6
21/02/2019,0,0,69.3(0.00 %),0,0,0,0,7345390,28.6
22/02/2019,1000,69219000,69.4(0.14 %),1000,69219000,0,0,7344390,28.6
25/02/2019,-5000,-347500000,70(0.86 %),0,0,5000,347500000,7344140,28.6
26/02/2019,0,0,70.5(0.71 %),0,0,0,0,7349390,28.59
27/02/2019,0,0,71(0.71 %),0,0,0,0,7349390,28.59
28/02/2019,0,0,70.2(-1.13 %),0,0,0,0,7349140,28.59
01/03/2019,1400,98420000,70.5(0.43 %),1400,98420000,0,0,7349140,28.59
04/03/2019,0,0,71(0.71 %),0,0,0,0,7349140,28.59
05/03/2019,-800,-56800000,71.3(0.42 %),0,0,800,56800000,7349940,28.58
06/03/2019,0,0,71(-0.42 %),0,0,0,0,7347740,28.59
07/03/2019,500,35500000,71(0.00 %),500,35500000,0,0,7349440,28.58
08/03/2019,0,0,70.3(-0.99 %),0,0,0,0,7348040,28.59
11/03/2019,10,703000,70.5(0.28 %),10,703000,0,0,7349430,28.58
12/03/2019,55060,3887690000,70.8(0.43 %),55060,3887690000,0,0,7292970,28.74
13/03/2019,-2470,-174960000,70.9(0.14 %),450,31910000,2920,206870000,7292520,28.74
14/03/2019,-2610,-184800000,70.9(0.00 %),0,0,2610,184800000,7292520,28.74
15/03/2019,26780,1894314000,70.5(-0.56 %),26780,1894314000,0,0,7272670,28.8
18/03/2019,-3010,-209192000,69.5(-1.42 %),0,0,3010,209192000,7275680,28.79
19/03/2019,28900,2037937000,70.8(1.87 %),30000,2115817000,1100,77880000,7246780,28.87
20/03/2019,-300,-21110000,70.9(0.14 %),100,7090000,400,28200000,7241170,28.89
21/03/2019,-750,-53390000,71.2(0.42 %),0,0,750,53390000,7244180,28.88
22/03/2019,0,0,71.1(-0.14 %),0,0,0,0,7247830,28.87
25/03/2019,0,0,70.7(-0.56 %),0,0,0,0,7245680,28.87
26/03/2019,0,0,70.7(0.00 %),0,0,0,0,7247830,28.87
27/03/2019,20,1410000,70.2(-0.71 %),20,1410000,0,0,7246410,28.87
28/03/2019,27240,1916030000,70.6(0.57 %),27240,1916030000,0,0,7219170,28.95
29/03/2019,20500,1448630000,70.7(0.14 %),20500,1448630000,0,0,7198670,29.0
01/04/2019,0,0,70.5(-0.28 %),0,0,0,0,7198670,29.0
02/04/2019,43170,3046852000,70.7(0.28 %),43170,3046852000,0,0,7155500,29.12
03/04/2019,0,0,70.6(-0.14 %),0,0,0,0,7155300,29.12
04/04/2019,210,14825000,70.4(-0.28 %),210,14825000,0,0,7155290,29.12
05/04/2019,2600,183300000,70.6(0.28 %),2600,183300000,0,0,7152690,29.13
08/04/2019,3250,230090000,70.8(0.28 %),3250,230090000,0,0,7154240,29.13
09/04/2019,-17210,-1210663000,69.8(-1.41 %),1240,87531000,18450,1298194000,7166650,29.09
10/04/2019,26700,1875330000,70.4(0.86 %),27000,1896390000,300,21060000,7126000,29.21
11/04/2019,41510,2934590000,71(0.85 %),41510,2934590000,0,0,7084490,29.32
12/04/2019,41200,2948050000,72.2(1.69 %),43500,3112950000,2300,164900000,7059440,29.39
16/04/2019,21690,1559276000,72(-0.28 %),21690,1559276000,0,0,7035550,29.46
17/04/2019,47760,3521360000,75(4.17 %),48160,3550630000,400,29270000,6989890,29.58
18/04/2019,20100,1496600000,74.6(-0.53 %),23000,1712390000,2900,215790000,6969190,29.64
19/04/2019,28800,2157500000,74.9(0.40 %),30800,2307320000,2000,149820000,6938390,29.73
22/04/2019,77490,5787880000,75.3(0.53 %),79690,5952550000,2200,164670000,6859100,29.95
23/04/2019,70510,5292100000,75.3(0.00 %),71010,5329630000,500,37530000,6790990,30.14
24/04/2019,28390,2128630000,75.4(0.13 %),29080,2180730000,690,52100000,6763910,30.21
25/04/2019,32930,2465601000,75(-0.53 %),32930,2465601000,0,0,6729570,30.31
26/04/2019,21100,1582500000,75.4(0.53 %),21100,1582500000,0,0,6712580,30.35
02/05/2019,56200,4224480000,75.4(0.00 %),56200,4224480000,0,0,6657070,30.51
03/05/2019,16400,1229800000,75.2(-0.27 %),16800,1260000000,400,30200000,6696870,30.4
06/05/2019,78600,5894970000,75(-0.27 %),80400,6030040000,1800,135070000,6618270,30.62
07/05/2019,35260,2655717000,75.6(0.80 %),36170,2724331000,910,68614000,6583010,30.71
08/05/2019,-1400,-105840000,75.3(-0.40 %),0,0,1400,105840000,6539100,30.84
09/05/2019,0,0,75(-0.40 %),0,0,0,0,6540900,30.83
10/05/2019,0,0,75.1(0.13 %),0,0,0,0,6584410,30.71
13/05/2019,200,14980000,75(-0.13 %),200,14980000,0,0,6543010,30.82
14/05/2019,-3000,-224000000,74(-1.33 %),0,0,3000,224000000,6587210,30.7
15/05/2019,2130,158695000,74.3(0.41 %),2130,158695000,0,0,6585080,30.71
16/05/2019,2640,196165000,74.2(-0.13 %),5180,384887000,2540,188722000,6582440,30.72
17/05/2019,-3520,-261180000,74.2(0.00 %),0,0,3520,261180000,6538700,30.84
20/05/2019,23310,1403260000,60.2(-18.87 %),23310,1403260000,0,0,6515390,30.9
21/05/2019,31000,1929980000,63.2(4.98 %),31000,1929980000,0,0,6486930,30.98
22/05/2019,7950,503290000,63.3(0.16 %),19020,1204310000,11070,701020000,6471430,31.02
23/05/2019,15620,983560000,63(-0.47 %),15620,983560000,0,0,6455810,31.07
24/05/2019,17600,1102630000,62.5(-0.79 %),20760,1300620000,3160,197990000,6435050,31.12
27/05/2019,-20880,-1291671000,61.5(-1.60 %),22120,1371294000,43000,2662965000,6459090,31.06
28/05/2019,58260,3572530000,61.7(0.33 %),93680,5744170000,35420,2171640000,6330320,31.42
29/05/2019,12120,741066000,61.4(-0.49 %),16750,1026495000,4630,285429000,6388710,31.25
30/05/2019,29420,1795588000,61(-0.65 %),52710,3218014000,23290,1422426000,6359290,31.34
31/05/2019,23250,1412211000,61(0.00 %),132800,8075645000,109550,6663434000,6336040,31.4
03/06/2019,31850,1939150000,61.3(0.49 %),76000,4632300000,44150,2693150000,6138270,31.95
04/06/2019,61400,3778800000,63(2.77 %),61400,3778800000,0,0,6100160,32.06
05/06/2019,52200,3288900000,63.1(0.16 %),52200,3288900000,0,0,6024670,32.26
06/06/2019,100000,6300500000,63.1(0.00 %),200000,12600500000,100000,6300000000,6101660,32.05
07/06/2019,0,0,63.1(0.00 %),0,0,0,0,6101660,32.05
10/06/2019,201660,12768380000,63.9(1.27 %),201660,12768380000,0,0,5900000,32.61
11/06/2019,16700,1073180000,64(0.16 %),16700,1073180000,0,0,5883300,32.66
12/06/2019,99940,6462730000,65(1.56 %),99940,6462730000,0,0,5783360,32.94
13/06/2019,147590,9775821000,67.2(3.38 %),154590,10238435000,7000,462614000,5545330,33.6
14/06/2019,28100,1876710000,67.2(0.00 %),69500,4650570000,41400,2773860000,5559270,33.56
17/06/2019,202310,13546559000,65.8(-2.08 %),206720,13840922000,4410,294363000,5314920,34.24
18/06/2019,9050,594937000,65.4(-0.61 %),10150,667210000,1100,72273000,5305870,34.26
19/06/2019,2150,140610000,65(-0.61 %),2150,140610000,0,0,5388650,34.03
20/06/2019,-1050,-69090000,66.6(2.46 %),50,3270000,1100,72360000,7029209,33.38
21/06/2019,400,26030000,66.4(-0.30 %),1500,98990000,1100,72960000,7028809,33.38
24/06/2019,4450,294770000,66(-0.60 %),5550,367570000,1100,72800000,7023259,33.39
25/06/2019,4700,300970000,64(-3.03 %),6000,385040000,1300,84070000,7018359,33.4
26/06/2019,13750,879700000,63.8(-0.31 %),15350,982170000,1600,102470000,5281470,37.26
27/06/2019,23750,1519684000,64(0.31 %),25750,1647694000,2000,128010000,5257720,27.52
28/06/2019,-1200,-77021000,64(0.00 %),0,0,1200,77021000,5258920,27.51
01/07/2019,0,0,64.1(0.16 %),0,0,0,0,6982359,33.48
02/07/2019,540,34480000,63.9(-0.31 %),540,34480000,0,0,6983819,33.48
03/07/2019,4200,267960000,63.7(-0.31 %),4200,267960000,0,0,6980819,33.49
04/07/2019,4400,280550000,64(0.47 %),6700,427350000,2300,146800000,6973219,33.5
05/07/2019,19490,1249016000,64.2(0.31 %),23340,1495556000,3850,246540000,6953729,33.55
08/07/2019,1800,114456000,63.8(-0.62 %),2300,146666000,500,32210000,6951929,33.55
09/07/2019,14170,899390000,63.3(-0.78 %),14170,899390000,0,0,6936609,33.59
10/07/2019,-2760,-174560000,63.5(0.32 %),0,0,2760,174560000,6940459,33.58
11/07/2019,12150,759721000,62.2(-2.05 %),13500,844092000,1350,84371000,6928369,33.6
12/07/2019,18450,1149965000,62.6(0.64 %),19900,1240185000,1450,90220000,6909919,33.64
15/07/2019,8690,544900000,62.6(0.00 %),9000,564370000,310,19470000,6901319,33.66
16/07/2019,24530,1541110000,62.8(0.32 %),24530,1541110000,0,0,6878139,33.72
17/07/2019,10510,660470000,62.9(0.16 %),10510,660470000,0,0,6869079,33.74
18/07/2019,17700,1111340000,62.8(-0.16 %),32790,2059630000,15090,948290000,6836599,33.81
19/07/2019,0,0,62.4(-0.64 %),0,0,0,0,6836599,33.81
22/07/2019,-16060,-988971000,61.2(-1.92 %),0,0,16060,988971000,6864549,33.75
23/07/2019,-2850,-173598000,61.6(0.65 %),28710,1757914000,31560,1931512000,6867399,33.74
24/07/2019,-8050,-495080000,61.4(-0.32 %),0,0,8050,495080000,6875449,33.72
25/07/2019,-17780,-1094580000,61.6(0.33 %),1220,74910000,19000,1169490000,6837819,33.8
26/07/2019,11830,729530000,61.7(0.16 %),11830,729530000,0,0,6857549,33.76
29/07/2019,-10930,-668230000,61(-1.13 %),1020,62220000,11950,730450000,6864579,33.75
30/07/2019,1480,90388000,61(0.00 %),1480,90388000,0,0,6890849,33.69
31/07/2019,-13400,-825970000,62.2(1.97 %),3600,223730000,17000,1049700000,6878499,33.71
01/08/2019,39540,2521617000,64.2(3.22 %),41290,2632457000,1750,110840000,6890449,33.69
02/08/2019,1350,87350000,64.5(0.47 %),1350,87350000,0,0,6847809,33.78
05/08/2019,-10280,-663274000,64.4(-0.16 %),2650,170711000,12930,833985000,6899379,33.67
06/08/2019,32990,2086890000,64(-0.62 %),33840,2141330000,850,54440000,6830069,33.82
07/08/2019,47470,3103122000,66.1(3.28 %),71700,4689229000,24230,1586107000,6818919,33.85
08/08/2019,36370,2434850000,67.1(1.51 %),64760,4323080000,28390,1888230000,6706539,34.1
09/08/2019,50910,3405784000,67(-0.15 %),63960,4277809000,13050,872025000,6731639,24.24
12/08/2019,49430,3332496000,68(1.49 %),54680,3684824000,5250,352328000,6682209,34.15
13/08/2019,24730,1679380000,68.1(0.15 %),36470,2476480000,11740,797100000,6657479,34.21
14/08/2019,19910,1346290000,67.7(-0.59 %),20160,1363240000,250,16950000,6597789,34.34
15/08/2019,-3200,-211200000,66(-2.51 %),0,0,3200,211200000,6640769,34.24
16/08/2019,13870,914607000,65.6(-0.61 %),24010,1584225000,10140,669618000,6626899,34.27
19/08/2019,20,1318000,66.2(0.91 %),20,1318000,0,0,6626879,34.27
20/08/2019,100,6690000,66.7(0.76 %),100,6690000,0,0,6595319,34.34
21/08/2019,29980,2006630000,67.4(1.05 %),29980,2006630000,0,0,6575479,34.39
22/08/2019,42330,2866800000,68.2(1.19 %),42330,2866800000,0,0,6533149,34.48
23/08/2019,19300,1307395000,67.7(-0.73 %),19300,1307395000,0,0,6535169,34.48
26/08/2019,6870,462100000,67.4(-0.44 %),17670,1191910000,10800,729810000,6496179,34.56
27/08/2019,29450,1979000000,66.9(-0.74 %),33150,2228110000,3700,249110000,6463029,34.64
28/08/2019,-5050,-337070000,66(-1.35 %),3620,238990000,8670,576060000,6459409,34.65
29/08/2019,-11900,-781420000,65.5(-0.76 %),610,40260000,12510,821680000,6469599,34.62
30/08/2019,-85930,-5538230000,65.4(-0.15 %),0,0,85930,5538230000,6473299,34.61
03/09/2019,27700,1820997000,65.7(0.46 %),31700,2084420000,4000,263423000,6481969,34.6
04/09/2019,69750,4658260000,67.3(2.44 %),87250,5823410000,17500,1165150000,6375529,34.83
05/09/2019,18880,1277910000,67.8(0.74 %),18880,1277910000,0,0,6393339,34.79
06/09/2019,4345679,274200360000,68(0.29 %),4352319,274651920000,6640,451560000,2094260,44.35
09/09/2019,1500,102000000,67.4(-0.88 %),1500,102000000,0,0,2046160,44.45
10/09/2019,-6500,-430975000,66.2(-1.78 %),3500,230740000,10000,661715000,2052660,44.44
11/09/2019,151671,9341550000,66.4(0.30 %),151971,9361410000,300,19860000,1961429,44.64
12/09/2019,15260,1018714000,66.8(0.60 %),17260,1151314000,2000,132600000,2037700,44.47
13/09/2019,20200,1352670000,67.1(0.45 %),20200,1352670000,0,0,1933969,44.7
16/09/2019,21510,1449889000,67.6(0.75 %),22010,1483639000,500,33750000,1995990,44.56
17/09/2019,20500,1385953000,67.8(0.30 %),20500,1385953000,0,0,1975490,44.61
18/09/2019,8500,600684000,71.8(5.90 %),8500,600684000,0,0,1966990,44.63
19/09/2019,3900,278430000,71(-1.11 %),3900,278430000,0,0,1881859,44.82
20/09/2019,5200,370550000,71.1(0.14 %),5200,370550000,0,0,1957890,44.65
23/09/2019,-20490,-1390340000,68.1(-4.22 %),45710,3162160000,66200,4552500000,1830949,44.93
24/09/2019,-2650,-175710000,66.5(-2.35 %),11650,769950000,14300,945660000,1819299,44.96
25/09/2019,-2400,-160445000,66(-0.75 %),13630,900104000,16030,1060549000,1983430,44.59
26/09/2019,-13960,-917385000,65.2(-1.21 %),0,0,13960,917385000,1997390,44.56
27/09/2019,-10540,-689978000,65.2(0.00 %),7590,497811000,18130,1187789000,2007930,44.54
30/09/2019,11880,779778000,66.4(1.84 %),14560,956658000,2680,176880000,1996050,44.56
01/10/2019,7310,486898000,66.7(0.45 %),13830,923738000,6520,436840000,1894009,44.79
02/10/2019,12700,845860000,66.6(-0.15 %),12700,845860000,0,0,1885609,44.81
03/10/2019,0,0,66.2(-0.60 %),0,0,0,0,1888289,44.8
04/10/2019,13300,882450000,66.8(0.91 %),17300,1150450000,4000,268000000,1877509,44.83
07/10/2019,82000,5645424000,69.2(3.59 %),100000,6878384000,18000,1232960000,1786009,45.03
08/10/2019,-17000,-1149100000,67.2(-2.89 %),0,0,17000,1149100000,1777509,45.05
09/10/2019,-1370,-92500000,66.9(-0.45 %),7200,484258000,8570,576758000,1804379,44.99
10/10/2019,4980,332965000,67(0.15 %),5080,339665000,100,6700000,1799399,45.0
11/10/2019,4990,339393000,68.1(1.64 %),5040,342773000,50,3380000,1794409,45.01
14/10/2019,22750,1558310000,68.1(0.00 %),22750,1558310000,0,0,1785009,45.03
15/10/2019,24130,1653623000,68(-0.15 %),36000,2461662000,11870,808039000,1747529,45.12
16/10/2019,42250,2903293000,68.5(0.74 %),59250,4071183000,17000,1167890000,1705279,45.21
17/10/2019,30100,2074757000,68.9(0.58 %),47100,3246357000,17000,1171600000,1675179,45.28
18/10/2019,16930,1174060000,69.5(0.87 %),34100,2363140000,17170,1189080000,1620579,45.4
21/10/2019,25820,1796200000,70(0.72 %),26170,1820460000,350,24260000,1611409,45.42
22/10/2019,17650,1232574000,70(0.00 %),20530,1434194000,2880,201620000,1614779,45.41
23/10/2019,18970,1336740000,71(1.43 %),35970,2537020000,17000,1200280000,1589084,45.47
24/10/2019,22300,1584533000,71.1(0.14 %),24100,1712133000,1800,127600000,1573509,45.5
25/10/2019,17040,1233970000,72.5(1.97 %),33040,2394330000,16000,1160360000,1535174,45.59
28/10/2019,17660,1297115000,74(2.07 %),19060,1400715000,1400,103600000,1538809,45.58
29/10/2019,30320,2201715000,72.7(-1.76 %),65300,4738304000,34980,2536589000,1508489,45.65
30/10/2019,3470,249236000,72.4(-0.41 %),10890,785253000,7420,536017000,1505019,45.66
31/10/2019,-16830,-1225627000,72.5(0.14 %),3670,267424000,20500,1493051000,1521849,45.62
01/11/2019,15890,1159971000,73(0.69 %),32890,2398451000,17000,1238480000,1507434,45.65
04/11/2019,11490,844680000,73.6(0.82 %),27490,2019970000,16000,1175290000,1454474,45.77
05/11/2019,11910,880400000,74(0.54 %),27910,2061400000,16000,1181000000,1447064,45.78
06/11/2019,-2000,-149430000,73.5(-0.68 %),23100,1699990000,25100,1849420000,1440964,45.8
07/11/2019,-5470,-396292000,72.5(-1.36 %),11110,806267000,16580,1202559000,1491504,45.69
08/11/2019,-8020,-580390000,72.4(-0.14 %),15000,1086600000,23020,1666990000,1446854,45.78
11/11/2019,4910,353680000,72.2(-0.28 %),14960,1075260000,10050,721580000,1456994,45.76
12/11/2019,17590,1284192000,73.4(1.66 %),18760,1368900000,1170,84708000,1477024,45.72
13/11/2019,-160,-11700000,73.4(0.00 %),10,740000,170,12440000,1477824,45.72
14/11/2019,570,41095000,71.5(-2.59 %),1040,74700000,470,33605000,1476614,45.72
15/11/2019,10060,732430000,72.8(1.82 %),10450,760430000,390,28000000,1477554,45.72
18/11/2019,13320,979010000,73.8(1.37 %),16400,1205640000,3080,226630000,1461324,45.75
19/11/2019,19380,1448230000,75.2(1.90 %),19380,1448230000,0,0,1442414,45.79
20/11/2019,10900,823360000,75.9(0.93 %),11160,842960000,260,19600000,1431644,45.82
21/11/2019,22130,1702068000,78(2.77 %),28330,2175183000,6200,473115000,1400824,45.89
22/11/2019,19400,1500587000,76.9(-1.41 %),36720,2834125000,17320,1333538000,1381424,45.93
25/11/2019,-2280,-172510000,75.5(-1.82 %),350,26540000,2630,199050000,1369584,45.96
26/11/2019,320,23400000,75.2(-0.40 %),11700,877540000,11380,854140000,1364084,45.97
27/11/2019,1720,131692000,77.5(3.06 %),1820,139382000,100,7690000,1381664,45.93
28/11/2019,900,69516000,78.2(0.90 %),1000,77251000,100,7735000,1380764,45.93
29/11/2019,450,35695000,78.2(0.00 %),1270,99491000,820,63796000,1380314,45.93
02/12/2019,11350,896669000,79.8(2.05 %),11660,921186000,310,24517000,1391424,45.91
03/12/2019,-18170,-1420140000,79(-1.00 %),35070,2781830000,53240,4201970000,1344794,46.01
04/12/2019,7700,615040000,82(3.80 %),8220,656020000,520,40980000,1337394,46.03
05/12/2019,9280,781494000,85.3(4.02 %),10310,869002000,1030,87508000,1392614,45.91
06/12/2019,6230,524300000,84.5(-0.94 %),7760,653350000,1530,129050000,1372874,45.95
09/12/2019,2890,249020000,89.9(6.39 %),3190,275770000,300,26750000,1370204,45.96
10/12/2019,-23400,-2032760000,86.3(-4.00 %),2310,203180000,25710,2235940000,1368924,45.96
11/12/2019,-2840,-242420000,84(-2.67 %),3360,285510000,6200,527930000,1367094,45.96
12/12/2019,-8130,-670370000,82.5(-1.79 %),1300,107780000,9430,778150000,1366094,45.96
13/12/2019,-24390,-2016410000,82.5(0.00 %),3760,311260000,28150,2327670000,1388044,45.92
16/12/2019,-54020,-4338958000,82.5(0.00 %),1700,142118000,55720,4481076000,1496274,45.67
17/12/2019,-1280,-105880000,79.6(-3.52 %),4980,399370000,6260,505250000,1396994,45.9
18/12/2019,4080,328175000,80(0.50 %),10400,832119000,6320,503944000,1493474,45.68
19/12/2019,2460,197761000,80(0.00 %),3070,247050000,610,49289000,1491014,45.69
20/12/2019,4720,378720000,80.5(0.62 %),5970,478760000,1250,100040000,1467684,45.74
23/12/2019,23120,1903561000,82(1.86 %),24320,2002021000,1200,98460000,1463174,45.75
24/12/2019,4890,412160000,83.7(2.07 %),8950,746120000,4060,333960000,1441346,45.8
25/12/2019,9170,783400000,85(1.55 %),9290,793690000,120,10290000,1433306,45.81
26/12/2019,-4050,-343850000,84.8(-0.24 %),9530,810310000,13580,1154160000,1424976,45.83
27/12/2019,6070,514260000,85(0.24 %),6920,586140000,850,71880000,1422116,45.84
30/12/2019,-300,-23160000,85.2(0.24 %),10850,927320000,11150,950480000,1411386,45.86
31/12/2019,-2100,-179496000,85(-0.23 %),4700,398450000,6800,577946000,1444304,45.79
02/01/2020,60,4503000,85(0.00 %),10060,859201000,10000,854698000,1421116,45.84
03/01/2020,-2300,-196210000,84.2(-0.94 %),6830,579090000,9130,775300000,1415376,45.85
06/01/2020,16380,1421199000,89(5.70 %),23020,1994830000,6640,573631000,1407036,45.87
07/01/2020,-2110,-186776000,88(-1.12 %),2400,211710000,4510,398486000,1409146,45.87
08/01/2020,-1170,-102660000,83.9(-4.66 %),11920,1002260000,13090,1104920000,1403966,45.88
09/01/2020,-2170,-180650000,84.5(0.72 %),19820,1651880000,21990,1832530000,1412486,45.86
10/01/2020,-11490,-952733000,83(-1.78 %),105160,8686789000,116650,9639522000,1423976,45.84
13/01/2020,1610,132300000,82.5(-0.60 %),8360,689180000,6750,556880000,1294866,46.12
14/01/2020,8640,734402000,84.7(2.67 %),31600,2677324000,22960,1942922000,1413726,45.86
15/01/2020,180,15333000,85(0.35 %),1400,118800000,1220,103467000,1413546,45.86
16/01/2020,7380,624520000,84.6(-0.47 %),10160,860440000,2780,235920000,1397096,45.9
17/01/2020,12120,1026470000,84.8(0.24 %),13420,1136730000,1300,110260000,1406636,45.87
20/01/2020,9230,785450000,85.5(0.83 %),10970,933350000,1740,147900000,1396886,45.9
21/01/2020,3950,344730000,86.3(0.94 %),9900,858520000,5950,513790000,1389766,45.91
22/01/2020,3570,311103000,87(0.81 %),8070,699453000,4500,388350000,1386196,45.92
30/01/2020,25970,2156250000,84(-3.45 %),36070,2986200000,10100,829950000,1348666,46.0
31/01/2020,4840,402914000,81.5(-2.98 %),14140,1166374000,9300,763460000,1355386,45.99
03/02/2020,-10940,-828714000,82(0.61 %),11110,862347000,22050,1691061000,1344976,46.01
04/02/2020,-6090,-485686000,79(-3.66 %),210,17241000,6300,502927000,1351066,46.0
05/02/2020,-5200,-411210000,79(0.00 %),400,31600000,5600,442810000,1352656,45.99
06/02/2020,660,49960000,78(-1.27 %),16510,1287818000,15850,1237858000,1355606,45.99
07/02/2020,1920,147241000,77.3(-0.90 %),12370,959236000,10450,811995000,1353686,45.99
10/02/2020,11060,827821000,75.8(-1.94 %),26990,2034841000,15930,1207020000,1342626,46.02
11/02/2020,4740,361880000,76.5(0.92 %),12480,952770000,7740,590890000,1334086,46.04
12/02/2020,-3460,-268040000,77(0.65 %),5430,416120000,8890,684160000,1339106,46.02
13/02/2020,-6140,-474410000,77.8(1.04 %),1360,105070000,7500,579480000,1353676,45.99
14/02/2020,-9850,-767770000,78.9(1.41 %),8320,651520000,18170,1419290000,1353096,45.99
17/02/2020,1180,91680000,77.9(-1.27 %),9130,713600000,7950,621920000,1352856,45.99
18/02/2020,-13190,-1001100000,75.4(-3.21 %),1380,104770000,14570,1105870000,1358976,45.98
19/02/2020,-19290,-1424123000,72.9(-3.32 %),960,71530000,20250,1495653000,1388636,45.91
20/02/2020,180,13335000,72.5(-0.55 %),2230,162544000,2050,149209000,1388456,45.91
21/02/2020,-4580,-323918000,69.5(-4.14 %),1790,126529000,6370,450447000,1393036,45.9
24/02/2020,2650,172425000,67(-3.60 %),19370,1304879000,16720,1132454000,1390386,45.91
25/02/2020,270,6940000,62.8(-6.27 %),15150,948360000,14880,941420000,1382466,45.93
26/02/2020,1770,90070000,59.3(-5.57 %),23020,1366320000,21250,1276250000,1365816,45.96
27/02/2020,-67670,-3757461000,55.2(-6.91 %),65290,3607634000,132960,7365095000,1456016,45.76
28/02/2020,-16710,-898720000,59(6.88 %),7560,409980000,24270,1308700000,1324566,46.06
02/03/2020,-10290,-619400000,62(5.08 %),1700,103490000,11990,722890000,1344116,46.01
03/03/2020,3940,248610000,63(1.61 %),12960,814070000,9020,565460000,1464116,45.75
04/03/2020,1960,122480000,61(-3.17 %),6810,418479000,4850,295999000,1338216,46.03
05/03/2020,8800,552210000,62.3(2.13 %),47320,2962440000,38520,2410230000,1474246,45.72
06/03/2020,4660,282880000,60(-3.69 %),15390,931150000,10730,648270000,1467876,45.74
09/03/2020,14120,788900000,55.8(-7.00 %),17350,969290000,3230,180390000,1455376,45.77
10/03/2020,-10800,-595760000,55(-1.43 %),8160,448240000,18960,1044000000,1457736,45.76
11/03/2020,-1810,-99170000,54(-1.82 %),190,10620000,2000,109790000,1468276,45.74
12/03/2020,-250,-12700000,50.8(-5.93 %),0,0,250,12700000,1323496,46.06
13/03/2020,-4590,-217350000,50.8(0.00 %),710,34260000,5300,251610000,1489756,45.69
16/03/2020,-36600,-1744260000,48.9(-3.74 %),18690,885900000,55290,2630160000,1473066,45.73
17/03/2020,-36050,-1740800000,47.5(-2.86 %),1610,77390000,37660,1818190000,1471706,45.73
18/03/2020,-6040,-288370000,48.5(2.11 %),46150,2215270000,52190,2503640000,1430856,45.82
19/03/2020,-6040,-288365500,46.45(-4.23 %),46150,2215274500,52190,2503640000,1412816,45.86
20/03/2020,1510,70300000,46.2(-0.54 %),2200,102340000,690,32040000,1521606,45.62
23/03/2020,-1270,-54990000,43(-6.93 %),1680,72496000,2950,127486000,1412576,45.86
24/03/2020,1550,65648000,43(0.00 %),1550,65648000,0,0,1411026,45.86
25/03/2020,5230,235549000,45.95(6.86 %),9960,444388500,4730,208839500,1405796,45.88
26/03/2020,33600,1431000000,42.75(-6.96 %),41030,1760130000,7430,329130000,1524986,45.61
27/03/2020,180,7690000,43(0.58 %),1280,54990000,1100,47300000,1523706,45.61
30/03/2020,-15950,-668980000,41(-4.65 %),330,13800000,16280,682780000,1528106,45.6
31/03/2020,-11200,-461180000,41(0.00 %),1110,46060000,12310,507240000,1534426,45.59
01/04/2020,-60910,-2512050000,41.5(1.22 %),1770,73100000,62680,2585150000,1533756,45.59
03/04/2020,-79310,-3407474000,43.5(4.82 %),2370,102442000,81680,3509916000,1614836,45.41
06/04/2020,2190,101023500,46.5(6.90 %),3190,145523500,1000,44500000,1612646,45.42
07/04/2020,-23610,-1069750000,44.9(-3.44 %),2410,108360000,26020,1178110000,1617056,45.41
08/04/2020,-40470,-1741750000,43(-4.23 %),3670,158550000,44140,1900300000,1695066,45.23
09/04/2020,-16020,-705290000,45(4.65 %),2550,112110000,18570,817400000,1693516,45.24
10/04/2020,-45390,-2127778500,47.25(5.00 %),2740,122857500,48130,2250636000,1738136,45.14
13/04/2020,-42990,-2148831000,50.3(6.46 %),4100,205628000,47090,2354459000,1781126,45.04
14/04/2020,-27510,-1318850000,47.5(-5.57 %),920,44740000,28430,1363590000,1774486,45.06
15/04/2020,-29520,-1393070000,49(3.16 %),1770,83293000,31290,1476363000,1838156,44.92
16/04/2020,-19950,-1002827000,51(4.08 %),2270,115028000,22220,1117855000,1858106,44.87
17/04/2020,-14640,-757490000,53(3.92 %),13710,714170000,28350,1471660000,1880386,44.82
20/04/2020,-39100,-2112483000,56.3(6.23 %),1490,81042000,40590,2193525000,1911846,44.75
21/04/2020,-25380,-1384554000,54.2(-3.73 %),2910,158742000,28290,1543296000,1937226,44.7
22/04/2020,-24920,-1303570000,54.5(0.55 %),6530,348380000,31450,1651950000,1951316,44.66
23/04/2020,-17630,-979110000,54.9(0.73 %),1400,77250000,19030,1056360000,1990506,44.58
24/04/2020,-11170,-603930000,53.8(-2.00 %),190,10330000,11360,614260000,2018606,44.51
27/04/2020,-90180,-4681580000,51(-5.20 %),4620,245320000,94800,4926900000,2045436,44.45
28/04/2020,-11590,-594081000,51.7(1.37 %),3410,175579000,15000,769660000,2092716,44.35
29/04/2020,-27580,-1470440000,53.6(3.68 %),7170,382560000,34750,1853000000,2065246,44.41
04/05/2020,-9690,-518030000,52.5(-2.05 %),3770,203120000,13460,721150000,2156276,44.21
05/05/2020,-21090,-1091988000,51.8(-1.33 %),160,8311000,21250,1100299000,2181136,44.15
06/05/2020,-17500,-895200000,51(-1.54 %),1510,77599000,19010,972799000,2198636,44.11
07/05/2020,-9850,-511548000,51.7(1.37 %),5150,267587000,15000,779135000,2208486,44.09
08/05/2020,-17150,-896474000,52.3(1.16 %),3190,166790000,20340,1063264000,2225636,44.05
11/05/2020,-25570,-1324858410,51.8(-0.96 %),3330,172537290,28900,1497395700,2251206,44.0
12/05/2020,-96420,-5182167000,55(6.18 %),13740,746323000,110160,5928490000,2347626,43.78
13/05/2020,-33450,-1891730000,56.4(2.55 %),10,570000,33460,1892300000,2267998,43.96
14/05/2020,-13400,-749199000,56(-0.71 %),2290,128599000,15690,877798000,2394476,43.68
15/05/2020,-34930,-1894680000,53.9(-3.75 %),1370,75060000,36300,1969740000,2403398,43.66
18/05/2020,-12610,-671210000,53.8(-0.19 %),2250,121640000,14860,792850000,2434608,43.59
19/05/2020,-25800,-1411998000,55(2.23 %),4730,260764000,30530,1672762000,2467816,43.52
20/05/2020,-35180,-1945034000,55.2(0.36 %),13940,778305000,49120,2723339000,2502996,43.44
21/05/2020,-5340,-292963000,54.3(-1.63 %),0,0,5340,292963000,2508336,43.43
22/05/2020,-7040,-381584000,53(-2.39 %),120,6510000,7160,388094000,2515376,43.41
25/05/2020,-49110,-2622941000,53.8(1.51 %),2210,118388000,51320,2741329000,2564486,43.3
26/05/2020,660,35923000,53.8(0.00 %),2460,132943000,1800,97020000,2563826,43.3
27/05/2020,1410,78213000,54.6(1.49 %),1570,86980000,160,8767000,2562416,43.31
28/05/2020,-7800,-421380000,54(-1.10 %),2690,145360000,10490,566740000,2617208,43.18
29/05/2020,1530,82534000,54.1(0.19 %),1660,89595000,130,7061000,2568686,43.29
01/06/2020,-52320,-2825560000,54.2(0.18 %),10,540000,52330,2826100000,2617498,43.18
02/06/2020,3070,169320000,54.8(1.11 %),4000,219520000,930,50200000,2623988,43.17
03/06/2020,-103320,-5563154000,53.8(-1.82 %),150,8062000,103470,5571216000,2717758,42.96
04/06/2020,8730,478823000,55.5(3.16 %),9840,538723000,1110,59900000,2709028,42.98
05/06/2020,0,0,55.2(-0.54 %),0,0,0,0,2709028,42.98
08/06/2020,-12320,-724950000,58(5.07 %),18710,1076690000,31030,1801640000,2744998,42.9
09/06/2020,-12380,-736920000,58.5(0.86 %),9650,569790000,22030,1306710000,2736458,42.92
10/06/2020,3330,194328000,57.6(-1.54 %),3350,195488000,20,1160000,2718018,42.96
11/06/2020,-3850,-213771000,53.6(-6.94 %),2540,144418000,6390,358189000,2721868,42.95
12/06/2020,-37580,-1915191000,53(-1.12 %),13650,712826000,51230,2628017000,2759448,42.87
15/06/2020,-5220,-273460000,51.1(-3.58 %),0,0,5220,273460000,2769998,42.84
16/06/2020,-5480,-282910000,52(1.76 %),1460,75880000,6940,358790000,2774928,42.83
17/06/2020,30,1562730,52.3(0.58 %),30,1562730,0,0,2770118,42.84
18/06/2020,2230,116392000,52.3(0.00 %),3760,195612000,1530,79220000,2767888,42.85
19/06/2020,2610,138154000,52.5(0.38 %),2610,138154000,0,0,2765278,42.85
22/06/2020,-55510,-2865740000,51.8(-1.33 %),130,6770000,55640,2872510000,2831788,42.71
23/06/2020,1660,86598000,52.1(0.58 %),1660,86598000,0,0,2819128,42.74
24/06/2020,-3890,-202652000,51.5(-1.15 %),1100,58088000,4990,260740000,2823018,42.73
25/06/2020,-4260,-216997000,51.1(-0.78 %),1150,59044000,5410,276041000,2827278,42.72
26/06/2020,-6380,-325763000,51.2(0.20 %),210,10767000,6590,336530000,2833658,42.7
29/06/2020,-6380,-325763000,50.4(-1.56 %),210,10767000,6590,336530000,2840038,42.69
30/06/2020,-2880,-142900000,49.3(-2.18 %),1520,75870000,4400,218770000,2824418,42.72
01/07/2020,-1210,-59956000,50(1.42 %),50,2470000,1260,62426000,2831008,42.71
02/07/2020,2100,104430000,49.9(-0.20 %),2100,104430000,0,0,2835338,42.7
03/07/2020,-340,-17100000,50.2(0.60 %),70,3540000,410,20640000,2839668,42.69
06/07/2020,-830,-42930000,51.9(3.39 %),1000,50500000,1830,93430000,2839928,42.69
07/07/2020,-1760,-90460000,51.3(-1.16 %),0,0,1760,90460000,2839928,42.69
08/07/2020,0,0,50.7(-1.17 %),0,0,0,0,2840338,42.69
09/07/2020,-1050,-53430000,51(0.59 %),0,0,1050,53430000,2842168,42.68
10/07/2020,-860,-43590000,50.9(-0.20 %),10,510000,870,44100000,2843918,42.68
13/07/2020,-300,-15270000,51(0.20 %),0,0,300,15270000,2834048,42.7
14/07/2020,-53710,-2726290000,51(0.00 %),0,0,53710,2726290000,2844968,42.68
15/07/2020,-50960,-2585570000,51(0.00 %),0,0,50960,2585570000,2845838,42.68
16/07/2020,-20560,-1048520000,50.9(-0.20 %),0,0,20560,1048520000,2846138,42.68
17/07/2020,-15100,-767060000,50.8(-0.20 %),0,0,15100,767060000,2899848,42.56
20/07/2020,-460,-23350000,50.6(-0.39 %),0,0,460,23350000,2950808,42.44
21/07/2020,-300,-15140000,50.5(-0.20 %),0,0,300,15140000,2975138,42.39
22/07/2020,-1740,-87370000,49.8(-1.39 %),1020,51010000,2760,138380000,2985448,42.37
23/07/2020,-13790,-682340000,49.8(0.00 %),0,0,13790,682340000,2985908,42.36
24/07/2020,-23680,-1126030000,46.5(-6.63 %),1060,49340000,24740,1175370000,2985148,42.37
27/07/2020,-41010,-1775603500,43.25(-6.99 %),1180,51041000,42190,1826644500,3055358,42.21
28/07/2020,1740,73430000,45.95(6.24 %),3250,137120000,1510,63690000,2997268,42.34
29/07/2020,-930,-39549000,43(-6.42 %),340,14946000,1270,54495000,3054548,42.21
30/07/2020,5660,228850000,41.95(-2.44 %),10000,410000000,4340,181150000,3053858,42.21
31/07/2020,7400,302050000,41.5(-1.07 %),7400,302050000,0,0,3047968,42.23
03/08/2020,1670,70030000,43.4(4.58 %),1670,70030000,0,0,3047568,42.23
04/08/2020,-30,-1270000,43.5(0.23 %),400,17410000,430,18680000,3051508,42.22
05/08/2020,1520,67420000,44.5(2.30 %),1650,73180000,130,5760000,3049858,42.22
06/08/2020,-280,-12150000,43.7(-1.80 %),570,25070000,850,37220000,3049288,42.22
07/08/2020,-1470,-63180000,42.8(-2.06 %),150,6440000,1620,69620000,3049568,42.22
10/08/2020,-2270,-98890000,42.9(0.23 %),0,0,2270,98890000,3049698,42.22
11/08/2020,-680,-29670000,43.75(1.98 %),630,27570000,1310,57240000,3049918,42.22
12/08/2020,930,41076000,44.2(1.03 %),930,41076000,0,0,3051518,42.22
13/08/2020,4280,192150000,45.65(3.28 %),4480,201050000,200,8900000,3048398,42.23
14/08/2020,1990,93400000,46.6(2.08 %),4400,205989500,2410,112589500,3045248,42.23
17/08/2020,-4650,-212180000,45.5(-2.36 %),50,2270000,4700,214450000,3045258,42.23
18/08/2020,1700,77128500,45.4(-0.22 %),2110,95685000,410,18556500,3048198,42.23
19/08/2020,-5570,-251150000,44.9(-1.10 %),2150,96910000,7720,348060000,3043608,42.24
20/08/2020,-60,-2710000,45(0.22 %),110,4900000,170,7610000,3048198,42.23
21/08/2020,1680,75630000,45.3(0.67 %),3010,135450000,1330,59820000,3045598,42.23
24/08/2020,0,0,46.5(2.65 %),0,0,0,0,3052148,42.22
25/08/2020,-20760,-962110000,46.1(-0.86 %),380,17530000,21140,979640000,3053108,42.22
26/08/2020,-43320,-1971766000,45.4(-1.52 %),50,2275000,43370,1974041000,3116228,42.08
27/08/2020,-8740,-397500000,45.65(0.55 %),900,40960000,9640,438460000,3053488,42.21
28/08/2020,-12820,-585054000,45.7(0.11 %),180,8241000,13000,593295000,3137788,42.03
31/08/2020,-1160,-56150000,47.5(3.94 %),3940,185780000,5100,241930000,3113878,42.08
01/09/2020,19090,938271000,49.2(3.58 %),19110,939254000,20,983000,3123518,42.06
03/09/2020,-110990,-5358690000,48.6(-1.22 %),50,2430000,111040,5361120000,3117358,42.07
04/09/2020,2900,139445000,49(0.82 %),2940,141357000,40,1912000,3231608,41.82
07/09/2020,-4710,-233820000,49.1(0.20 %),17640,872750000,22350,1106570000,3101898,42.11
08/09/2020,-40740,-1971700000,49(-0.20 %),70050,3399820000,110790,5371520000,3142888,42.02
09/09/2020,3700,179150000,49(0.00 %),3700,179150000,0,0,3139228,42.02
10/09/2020,-144290,-6986210000,48.8(-0.41 %),5960,288420000,150250,7274630000,3155618,41.99
11/09/2020,11420,554335500,48.3(-1.02 %),12550,609253500,1130,54918000,3406228,41.43
14/09/2020,-1730,-85850000,49.5(2.48 %),1670,82620000,3400,168470000,3407958,41.43
15/09/2020,4370,214963000,49.2(-0.61 %),4370,214963000,0,0,3403588,41.44
16/09/2020,8100,407180000,51.3(4.27 %),11550,584170000,3450,176990000,3387648,41.47
17/09/2020,-54090,-2748525000,51.2(-0.19 %),90,4617000,54180,2753142000,3449578,41.33
18/09/2020,-4070,-207400000,50.9(-0.59 %),3060,155520000,7130,362920000,3387898,41.47
21/09/2020,300,15600000,52(2.16 %),300,15600000,0,0,3453348,41.33
22/09/2020,7290,381820000,52.7(1.35 %),37710,1976510000,30420,1594690000,3407518,41.43
23/09/2020,25750,1359900000,52.9(0.38 %),33990,1795720000,8240,435820000,3380658,41.49
24/09/2020,-6340,-332070000,51.5(-2.65 %),1300,68590000,7640,400660000,3379358,41.49
25/09/2020,3320,171930000,51.5(0.00 %),3800,196825000,480,24895000,3423328,41.39
28/09/2020,90,4665000,51.4(-0.19 %),300,15480000,210,10815000,3423238,41.39
29/09/2020,300,15361000,50.6(-1.56 %),300,15361000,0,0,3422938,41.39
30/09/2020,3320,167705000,50.6(0.00 %),4510,227481000,1190,59776000,3419618,41.4
01/10/2020,4120,210020000,50.9(0.59 %),5150,262860000,1030,52840000,3412288,41.42
02/10/2020,-7310,-366500000,50.2(-1.38 %),100,5000000,7410,371500000,3412188,41.42
05/10/2020,3100,156875000,50.9(1.39 %),4010,202836000,910,45961000,3421648,41.4
06/10/2020,-960,-49284000,50.9(0.00 %),0,0,960,49284000,3422608,41.39
07/10/2020,1750,88639000,50.5(-0.79 %),1850,93699000,100,5060000,3420858,41.4
08/10/2020,10990,547615000,50.3(-0.40 %),15220,760540000,4230,212925000,3409868,41.42
09/10/2020,-6650,-325837000,49.7(-1.19 %),31000,1550512000,37650,1876349000,3416518,41.41
12/10/2020,32590,1618566500,49.7(0.00 %),52610,2613655000,20020,995088500,3383928,41.48
13/10/2020,-2790,-138660000,49.6(-0.20 %),440,21880000,3230,160540000,3322888,41.62
14/10/2020,-210,-10368000,49.7(0.20 %),1280,63694000,1490,74062000,3386928,41.47
15/10/2020,-18810,-952830000,50.5(1.61 %),19050,950970000,37860,1903800000,3360228,41.53
16/10/2020,59410,2997948000,50.7(0.40 %),59410,2997948000,0,0,3346328,41.56
19/10/2020,-35730,-1803114000,50(-1.38 %),700,35560000,36430,1838674000,3382058,41.48
20/10/2020,-14640,-726355500,49.6(-0.80 %),13000,644765000,27640,1371120500,3396698,41.45
21/10/2020,32650,1619962500,49.5(-0.20 %),50480,2504705000,17830,884742500,3364048,41.52
22/10/2020,24000,1187730000,49.6(0.20 %),48140,2382440000,24140,1194710000,3267508,41.74
23/10/2020,13000,645720000,49.7(0.20 %),38000,1888030000,25000,1242310000,3257148,41.76
26/10/2020,34940,1734160000,49.55(-0.30 %),103600,5145660000,68660,3411500000,3171378,41.95
27/10/2020,-27330,-1334820000,48.2(-2.72 %),2240,108980000,29570,1443800000,3193278,41.9
28/10/2020,-68300,-3145080000,45.2(-6.22 %),2400,112420000,70700,3257500000,3215878,41.85
29/10/2020,23120,1073484000,46.8(3.54 %),24370,1130881500,1250,57397500,3364618,41.52
30/10/2020,-3710,-174790500,46.6(-0.43 %),0,0,3710,174790500,3368328,41.51
02/11/2020,120,5580000,46.9(0.64 %),130,6050000,10,470000,3360308,41.53
03/11/2020,-18890,-890101500,47.2(0.64 %),14110,665190500,33000,1555292000,3379328,41.49
04/11/2020,-10930,-518950000,47.45(0.53 %),9070,430750000,20000,949700000,3342088,41.57
05/11/2020,35100,1666851000,47.5(0.11 %),35100,1666851000,0,0,3355158,41.54
06/11/2020,8460,402696500,47.5(0.00 %),8460,402696500,0,0,3346698,41.56
09/11/2020,13850,663946000,48(1.05 %),13850,663946000,0,0,3332848,41.59
10/11/2020,-237240,-11996472000,51.3(6.87 %),100660,5115774000,337900,17112246000,3570088,41.07
11/11/2020,9450,502110000,51.7(0.78 %),11750,622770000,2300,120660000,3225278,41.83
12/11/2020,3010,152005000,51.2(-0.97 %),3010,152005000,0,0,3557628,41.09
13/11/2020,36470,1860350000,51.3(0.20 %),37420,1908420000,950,48070000,3522748,41.17
16/11/2020,74390,3772980000,50.7(-1.17 %),74390,3772980000,0,0,3450658,41.33
17/11/2020,22110,1126378000,51.2(0.99 %),22110,1126378000,0,0,3424658,41.39
18/11/2020,21550,1096712000,50.8(-0.78 %),21550,1096712000,0,0,3403108,41.44
19/11/2020,58190,2980928000,51.9(2.17 %),58190,2980928000,0,0,3344918,41.57
20/11/2020,78180,4139010000,54(4.05 %),79330,4199570000,1150,60560000,3270428,41.73
23/11/2020,15160,823370000,54.4(0.74 %),15170,823910000,10,540000,3255258,41.77
24/11/2020,39190,2111845000,53(-2.57 %),39880,2149036000,690,37191000,3212388,41.86
25/11/2020,13800,731160000,53(0.00 %),15210,805280000,1410,74120000,3201318,41.89
26/11/2020,15470,812630000,53(0.00 %),15470,812630000,0,0,3185848,41.92
27/11/2020,31290,1655740000,53.2(0.38 %),31290,1655740000,0,0,3155258,41.99
30/11/2020,45230,2407150000,53.3(0.19 %),45230,2407150000,0,0,3111438,42.09
01/12/2020,11645,6187820000,54.5(2.25 %),11645,6187820000,0,0,2994988,42.34
02/12/2020,2670,1439290000,54(-0.92 %),2694,1452180000,24,12890000,2968048,42.4
03/12/2020,7890,4257770000,54.1(0.19 %),7890,4257770000,0,0,2889148,42.58
04/12/2020,47120,2543750000,54(-0.18 %),47120,2543750000,0,0,2842028,42.68
07/12/2020,35730,1950320000,54.7(1.30 %),37730,2058720000,2000,108400000,2804538,42.77
08/12/2020,21480,1204355000,55.3(1.10 %),36500,2040637000,15020,836282000,2901508,42.55
09/12/2020,2046,1155650000,56.2(1.63 %),4220,2383050000,2174,1227400000,2725838,42.94
10/12/2020,43850,2455064000,55.4(-1.42 %),45200,2530292000,1350,75228000,2837198,42.7
11/12/2020,36620,2035043000,55.8(0.72 %),52580,2922393000,15960,887350000,2800578,42.78
14/12/2020,5070,283230000,55.9(0.18 %),6130,341850000,1060,58620000,2660693,43.09
15/12/2020,12450,700820000,56.3(0.72 %),37230,2101030000,24780,1400210000,2624818,43.17
16/12/2020,818,460440000,56.6(0.53 %),3340,1886640000,2522,1426200000,2607378,43.21
17/12/2020,-46460,-2593091000,55.6(-1.77 %),3560,200084000,50020,2793175000,2821338,42.73
18/12/2020,30150,1679750000,55.8(0.36 %),35820,1995330000,5670,315580000,2593838,43.24
21/12/2020,45890,2562592000,55.3(-0.90 %),74050,4129748000,28160,1567156000,2745298,42.9
22/12/2020,49880,1902918500,55.3(0.00 %),50480,1935888500,600,32970000,2695418,43.01
23/12/2020,21890,1211164000,55(-0.54 %),44790,2473614000,22900,1262450000,2673528,43.06
24/12/2020,56750,3114580000,55(0.00 %),60680,3330010000,3930,215430000,2472908,43.5
25/12/2020,8550,471530000,55.3(0.55 %),10960,603120000,2410,131590000,2462548,43.53
28/12/2020,-1120,-61480000,55.2(-0.18 %),1120,62090000,2240,123570000,2484328,43.48
29/12/2020,3355,1860750000,56.3(1.99 %),3506,1943700000,151,82950000,2453198,43.55
30/12/2020,-22610,-1288890000,57.5(2.13 %),32690,1868540000,55300,3157430000,2422918,43.62
31/12/2020,-35,-19940000,57.4(-0.17 %),19,10820000,54,30760000,2424968,43.61
04/01/2021,-100,-57710000,57.3(-0.17 %),70,40040000,170,97750000,2425778,43.61
05/01/2021,-800,-46220000,57.2(-0.17 %),2000,114060000,2800,160280000,2426578,43.61
06/01/2021,61600,3520470000,57.2(0.00 %),62800,3588680000,1200,68210000,2364978,43.74
07/01/2021,-100,-6260000,57(-0.35 %),1000,56270000,1100,62530000,2365078,43.74
08/01/2021,-210,-121230000,57.2(0.35 %),40,23120000,250,144350000,2419918,43.62
11/01/2021,0,490000,57.8(1.05 %),1000,57810000,1000,57320000,2367178,43.74
12/01/2021,-1430,-844400000,59.7(3.29 %),490,287940000,1920,1132340000,2416318,43.63
13/01/2021,-49400,-2906200000,58.6(-1.84 %),2300,136850000,51700,3043050000,2430878,43.6
14/01/2021,20100,1189880000,60(2.39 %),20100,1189880000,0,0,2410778,43.64
15/01/2021,-5060,-2996700000,59.3(-1.17 %),240,142540000,5300,3139240000,2414218,43.64
18/01/2021,85100,5051420000,59.5(0.34 %),92800,5508950000,7700,457530000,2376278,43.72
19/01/2021,17040,10109360000,59.4(-0.17 %),17890,10614890000,850,505530000,2194218,44.12
20/01/2021,4740,2765700000,62.9(5.89 %),10020,5997190000,5280,3231490000,2147018,44.23
21/01/2021,-10200,-639260000,62.5(-0.64 %),100,6340000,10300,645600000,2168678,44.18
22/01/2021,3800,240830000,64(2.40 %),40100,2534450000,36300,2293620000,2164878,44.19
25/01/2021,2610,1667040000,63.4(-0.94 %),2910,1857770000,300,190730000,2146658,44.23
26/01/2021,-5200,-320730000,61.4(-3.15 %),700,43190000,5900,363920000,2143978,44.24
27/01/2021,2680,1644130000,61(-0.65 %),3630,2227350000,950,583220000,2156258,44.21
28/01/2021,210,118540000,56.8(-6.89 %),520,296020000,310,177480000,2154058,44.21
29/01/2021,77900,4419860000,58.5(2.99 %),89400,5094860000,11500,675000000,2037178,44.47
01/02/2021,-5440,-3082050000,56(-4.27 %),40,22580000,5480,3104630000,2079658,44.38
02/02/2021,800,41580000,56.7(1.25 %),2500,137450000,1700,95870000,2079258,44.38
03/02/2021,-690,-386690000,57(0.53 %),190,107200000,880,493890000,2089858,44.36
04/02/2021,1200,66880000,58(1.75 %),5700,325090000,4500,258210000,2084958,44.37
05/02/2021,900,52560000,58.6(1.03 %),2900,169250000,2000,116690000,2084058,44.37
08/02/2021,23000,1318520000,57.5(-1.88 %),23700,1358650000,700,40130000,2061058,44.42
09/02/2021,10300,595320000,58.5(1.74 %),77200,4442090000,66900,3846770000,2050758,44.44
17/02/2021,27400,1628030000,59.5(1.71 %),29400,1746180000,2000,118150000,2023358,44.5
18/02/2021,-360,-215500000,60.2(1.18 %),80,47950000,440,263450000,2022658,44.51
19/02/2021,9100,548190000,60.4(0.33 %),35200,2118910000,26100,1570720000,2017858,44.52
22/02/2021,40500,2474240000,61.5(1.82 %),74100,4528940000,33600,2054700000,1977358,44.61
23/02/2021,-31300,-1978960000,63.3(2.93 %),69100,4373530000,100400,6352490000,2008658,44.54
24/02/2021,-70600,-4487170000,62(-2.05 %),0,0,70600,4487170000,2079258,44.38
25/02/2021,-3040,-1906980000,63(1.61 %),60,37760000,3100,1944740000,1976658,44.61
26/02/2021,-70,-46590000,63.9(1.43 %),250,158190000,320,204780000,2074558,44.39
01/03/2021,-57000,-3675800000,63.9(0.00 %),800,51950000,57800,3727750000,2145158,44.23
02/03/2021,-3240,-2100370000,64(0.16 %),4220,2739840000,7460,4840210000,2133158,44.26
03/03/2021,-16900,-1103290000,65.2(1.88 %),67300,4397900000,84200,5501190000,2194458,44.12
04/03/2021,80,53240000,65.6(0.61 %),7330,4836820000,7250,4783580000,2053558,44.44
05/03/2021,-8200,-533900000,64.6(-1.52 %),400,25740000,8600,559640000,2201858,44.11
08/03/2021,-31500,-2030330000,64.1(-0.77 %),0,0,31500,2030330000,2233358,44.04
09/03/2021,-4900,-311980000,63.5(-0.94 %),0,0,4900,311980000,2238258,44.03
10/03/2021,48300,3066440000,63.6(0.16 %),100000,6348960000,51700,3282520000,2189958,44.13
11/03/2021,-1190,-756720000,63.1(-0.79 %),100,63900000,1290,820620000,2223558,44.06
12/03/2021,-1550,-975600000,62.7(-0.63 %),0,0,1550,975600000,2228458,44.05
15/03/2021,-7800,-487810000,62.1(-0.96 %),0,0,7800,487810000,2225158,44.06
16/03/2021,5940,3709800000,62.4(0.48 %),9420,5875640000,3480,2165840000,2198858,44.11
17/03/2021,-23500,-1463080000,62.3(-1.89 %),1500,93600000,25000,1556680000,2189258,44.13
18/03/2021,-800,-50420000,62.3(0.00 %),0,0,800,50420000,2190058,44.13
19/03/2021,-16700,-1040940000,62(-0.48 %),0,0,16700,1040940000,2206758,44.1
22/03/2021,-2710,-1689620000,62(0.00 %),70,43400000,2780,1733020000,2279788,43.93
23/03/2021,-1420,-874050000,61(-1.61 %),30,18300000,1450,892350000,2280288,43.93
24/03/2021,-620,-374640000,60.8(-0.33 %),50,30250000,670,404890000,2296488,43.9
25/03/2021,-1000,-59570000,60(-1.32 %),2900,175440000,3900,235010000,2255258,43.99
26/03/2021,11600,693190000,59.3(-1.17 %),12500,746440000,900,53250000,2243658,44.01
29/03/2021,230,137650000,60(1.18 %),270,161710000,40,24060000,2327388,43.83
30/03/2021,910,561010000,61.6(2.67 %),1060,652960000,150,91950000,2320688,43.84
31/03/2021,-1300,-80150000,61.5(-0.16 %),2000,122230000,3300,202380000,2233558,44.04
01/04/2021,1650,1019590000,62(0.81 %),1700,1050440000,50,30850000,2303078,43.88
02/04/2021,1410,876060000,62.2(0.32 %),1420,882250000,10,6190000,2290378,43.91
05/04/2021,-11300,-691510000,60.5(-2.73 %),0,0,11300,691510000,2317278,43.85
06/04/2021,100,6130000,60.5(0.00 %),500,30250000,400,24120000,2317178,43.85
07/04/2021,13600,833680000,61.5(1.65 %),14000,858240000,400,24560000,2303578,43.88
08/04/2021,11200,692250000,61.8(0.49 %),12200,754040000,1000,61790000,2292378,43.91
09/04/2021,-1000,-59790000,61.7(-0.16 %),1100,67940000,2100,127730000,2293378,43.9
12/04/2021,100,6140000,60.4(-2.11 %),500,30500000,400,24360000,2293278,43.9
13/04/2021,20,12120000,59.9(-0.83 %),100,60000000,80,47880000,2278078,43.94
14/04/2021,-10400,-618640000,59.6(-0.50 %),100,5940000,10500,624580000,2303478,43.88
15/04/2021,-700,-41320000,58.9(-1.17 %),0,0,700,41320000,2304178,43.88
16/04/2021,-460,-266430000,57.5(-2.38 %),80,45640000,540,312070000,2280478,43.93
19/04/2021,-1560,-895370000,57(-0.87 %),10,5800000,1570,901170000,2290878,43.91
20/04/2021,-22900,-1313560000,57.2(0.35 %),4900,280280000,27800,1593840000,2347278,43.78
22/04/2021,-26000,-1474200000,55.5(-2.97 %),1300,74230000,27300,1548430000,2373278,43.73
23/04/2021,-820,-458860000,56(0.90 %),0,0,820,458860000,2306478,43.87
26/04/2021,-900,-49330000,54.6(-2.50 %),1100,60850000,2000,110180000,2382378,43.71
27/04/2021,500,26840000,54(-1.10 %),1000,53700000,500,26860000,2381878,43.71
28/04/2021,3770,2040740000,54(0.00 %),3810,2062540000,40,21800000,2329578,43.82
29/04/2021,15400,843840000,55.4(2.59 %),16000,876360000,600,32520000,2328778,43.82
04/05/2021,2360,1300100000,55(-0.72 %),8180,4453720000,5820,3153620000,2234278,44.03
05/05/2021,700,38140000,54.2(-1.45 %),700,38140000,0,0,2315378,43.85
06/05/2021,680,365300000,53.5(-1.29 %),770,413490000,90,48190000,2226878,44.05
07/05/2021,-880,-461680000,51.9(-2.99 %),10,5210000,890,466890000,2284978,43.92
10/05/2021,800,40530000,50.6(-2.50 %),2200,112450000,1400,71920000,2316578,43.85
11/05/2021,-4800,-243800000,51(0.79 %),400,20400000,5200,264200000,2321378,43.84
12/05/2021,-1470,-750600000,51.8(1.57 %),90,45980000,1560,796580000,2291278,43.91
13/05/2021,0,0,51.2(-1.16 %),0,0,0,0,2336078,43.81
14/05/2021,-1050,-535910000,51(-0.39 %),320,164160000,1370,700070000,2294678,43.9
17/05/2021,-66700,-3267950000,48.2(-5.49 %),1300,63690000,68000,3331640000,2413278,43.64
18/05/2021,-111800,-5182745000,46(-4.56 %),9400,440720000,121200,5623465000,2525078,43.39
19/05/2021,-6300,-300765000,48.5(5.43 %),10800,518630000,17100,819395000,2531378,43.37
20/05/2021,610,312410000,49.9(2.89 %),10940,5470400000,10330,5157990000,2261078,43.98
21/05/2021,1310,651490000,49.9(0.00 %),5410,2696960000,4100,2045470000,2328178,43.83
24/05/2021,44600,2228425000,50(0.20 %),88100,4395110000,43500,2166685000,2467578,43.52
25/05/2021,-12900,-629590000,48.6(-2.80 %),9900,489155000,22800,1118745000,2480478,43.49
26/05/2021,-3300,-1585870000,47.9(-1.44 %),10,4790000,3310,1590660000,2391478,43.69
27/05/2021,-3470,-1635760000,46.5(-2.92 %),60,28360000,3530,1664120000,2434378,43.59
28/05/2021,-30600,-1438430000,47(1.08 %),0,0,30600,1438430000,2578778,43.27
31/05/2021,-7700,-359530000,46.65(-0.74 %),1400,65110000,9100,424640000,2586478,43.25
01/06/2021,-2700,-125210000,46.35(-0.64 %),100,4630000,2800,129840000,2524178,43.39
02/06/2021,-44400,-2054235000,46.2(-0.32 %),200,9245000,44600,2063480000,2568578,43.29
03/06/2021,-51500,-2441775000,47.35(2.49 %),13100,620750000,64600,3062525000,2620078,43.18
04/06/2021,-46200,-2211275000,47.5(0.32 %),5100,244125000,51300,2455400000,2666278,43.07
07/06/2021,-7200,-3393490000,47.2(-0.63 %),690,323020000,7890,3716510000,2585878,43.25
08/06/2021,-9860,-4672990000,47.15(-0.11 %),4620,2180750000,14480,6853740000,2604278,43.21
09/06/2021,-22000,-1051430000,49(3.92 %),16800,812255000,38800,1863685000,2858878,42.65
10/06/2021,2000,1018690000,50.9(3.88 %),5050,2533930000,3050,1515240000,2667178,43.07
11/06/2021,1590,798860000,50.3(-1.18 %),1850,929230000,260,130370000,2793478,42.79
14/06/2021,34800,1757220000,51.2(1.79 %),42800,2163400000,8000,406180000,2788178,42.8
15/06/2021,17100,869470000,51(-0.39 %),23300,1185120000,6200,315650000,2771078,42.84
16/06/2021,550,281440000,51.4(0.78 %),1080,552170000,530,270730000,2788478,42.8
17/06/2021,14300,729825000,51.2(-0.39 %),15900,810410000,1600,80585000,2751278,42.89
18/06/2021,810,415990000,51.5(0.59 %),860,441690000,50,25700000,2778178,42.83
21/06/2021,-650,-341730000,52.2(1.36 %),380,198930000,1030,540660000,2779678,42.82
22/06/2021,-8300,-431820000,52.4(0.38 %),4300,225050000,12600,656870000,2757978,42.87
23/06/2021,-1130,-587900000,51.9(-0.95 %),0,0,1130,587900000,2777478,42.83
24/06/2021,-5300,-271020000,51.2(-1.35 %),2300,118450000,7600,389470000,2774578,42.83
25/06/2021,-1270,-635810000,50(-2.34 %),70,35840000,1340,671650000,2797378,42.78
28/06/2021,-5500,-277800000,50.7(1.40 %),1000,51200000,6500,329000000,2792778,42.79
29/06/2021,-8400,-429850000,51(0.59 %),300,15410000,8700,445260000,2801178,42.78
30/06/2021,-19200,-976920000,51(0.00 %),1300,66850000,20500,1043770000,2820378,42.73
01/07/2021,1100,56610000,51.8(1.57 %),1100,56610000,0,0,2833578,42.7
02/07/2021,-300,-15450000,51.4(-0.77 %),600,31140000,900,46590000,2833878,42.7
05/07/2021,-710,-368080000,51.6(0.39 %),440,226860000,1150,594940000,2856678,42.65
06/07/2021,-2000,-103150000,51(-1.16 %),100,5160000,2100,108310000,2842978,42.68
07/07/2021,38200,1941715000,51(0.00 %),51200,2595965000,13000,654250000,2804778,42.77
08/07/2021,-7900,-299395500,50.3(-1.37 %),100,5074500,8000,304470000,2812678,42.75
09/07/2021,-670,-337950000,50.2(-0.20 %),80,40220000,750,378170000,2818978,42.74
12/07/2021,18500,893020000,48.1(-4.18 %),20000,966040000,1500,73020000,2800878,42.78
13/07/2021,-1000,-483780000,48.25(0.31 %),0,0,1000,483780000,2819978,42.73
14/07/2021,-12000,-581590000,48.6(0.73 %),100,4840000,12100,586430000,2822878,42.73
15/07/2021,-1270,-618320000,48.8(0.41 %),10,4800000,1280,623120000,2828778,42.71
16/07/2021,-300,-14200000,48.9(0.20 %),1200,59290000,1500,73490000,2835878,42.7
19/07/2021,-380,-184540000,50.4(3.07 %),200,94160000,580,278700000,2847678,42.67
20/07/2021,810,405470000,49(-2.78 %),1540,762080000,730,356610000,2845078,42.68
21/07/2021,-14600,-728100000,50(2.04 %),100,4900000,14700,733000000,2846178,42.68
22/07/2021,-230,-113050000,49(-2.00 %),0,0,230,113050000,2852278,42.66
23/07/2021,-7900,-383190000,48.5(-1.02 %),20100,972630000,28000,1355820000,2856378,42.65
26/07/2021,-2000,-96890000,48.5(0.00 %),100,4850000,2100,101740000,2858378,42.65
27/07/2021,-530,-254170000,48(-1.03 %),150,72360000,680,326530000,2854878,42.66
28/07/2021,-2700,-129530000,47.95(-0.10 %),0,0,2700,129530000,2866378,42.63
29/07/2021,9100,437000000,48(0.10 %),19100,916380000,10000,479380000,2857278,42.65
30/07/2021,-8000,-381680000,48(0.00 %),0,0,8000,381680000,2865278,42.63
02/08/2021,-5400,-261795000,48.5(1.04 %),1400,67850000,6800,329645000,2875378,42.61
03/08/2021,-3300,-160255000,48.55(0.10 %),0,0,3300,160255000,2878678,42.6
04/08/2021,20200,989945000,49.1(1.13 %),39200,1919960000,19000,930015000,2858478,42.65
05/08/2021,-2600,-129300000,49.8(1.43 %),1600,79160000,4200,208460000,2861078,42.64
06/08/2021,-1100,-55000000,49.85(0.10 %),2200,110000000,3300,165000000,2862178,42.64
09/08/2021,-5400,-265755000,49.2(-1.30 %),700,34470000,6100,300225000,2867578,42.63
10/08/2021,-200,-9840000,49.2(0.00 %),0,0,200,9840000,2867778,42.63
11/08/2021,-12800,-633500000,49.7(1.02 %),1100,54550000,13900,688050000,2880578,42.6
12/08/2021,-15500,-767255000,49.65(-0.10 %),0,0,15500,767255000,2896078,42.56
13/08/2021,-600,0,49.45(-0.40 %),500,0,1100,0,2896678,42.56
16/08/2021,300,14790000,49.2(-0.51 %),300,14790000,0,0,2896378,42.56
17/08/2021,-3200,-156195000,49(-0.41 %),1800,88050000,5000,244245000,2903078,42.55
18/08/2021,-100,-4780000,48.5(-1.02 %),400,19475000,500,24255000,2896478,42.56
19/08/2021,0,-35000,48.85(0.72 %),100,4860000,100,4895000,2896478,42.56
20/08/2021,-4100,-198370000,48(-1.74 %),800,38665000,4900,237035000,2900578,42.55
23/08/2021,-600,-28665000,47.7(-0.62 %),900,42910000,1500,71575000,2901178,42.55
24/08/2021,100,4660000,47.7(0.00 %),400,19125000,300,14465000,2901078,42.55
25/08/2021,500,23975000,47.6(-0.21 %),2100,100240000,1600,76265000,2900578,42.55
26/08/2021,2800,134655000,48.25(1.37 %),2900,139415000,100,4760000,2897778,42.56
27/08/2021,4800,233910000,48.75(1.04 %),5800,281955000,1000,48045000,2892978,42.57
30/08/2021,7000,344655000,49.8(2.15 %),7400,364475000,400,19820000,2885978,42.59
31/08/2021,21900,1081690000,49.5(-0.60 %),22800,1126155000,900,44465000,2864078,42.64
01/09/2021,1100,53830000,49.35(-0.30 %),3100,152330000,2000,98500000,2886278,42.59
06/09/2021,2700,133375000,49.3(-0.10 %),6200,305875000,3500,172500000,2883578,42.59
07/09/2021,3400,168280000,49.4(0.20 %),3700,183080000,300,14800000,2880178,42.6
08/09/2021,2500,121560000,48.5(-1.82 %),2800,136360000,300,14800000,2877678,42.61
09/09/2021,600,30220000,51.8(6.80 %),1800,91340000,1200,61120000,2877078,42.61
10/09/2021,-1400,-77560000,55.4(6.95 %),400,22160000,1800,99720000,2878478,42.6
13/09/2021,-3900,-225040000,55.9(0.90 %),5500,321850000,9400,546890000,2882378,42.59
14/09/2021,4200,230130000,54.3(-2.86 %),4800,263060000,600,32930000,2878178,42.6
15/09/2021,1800,97420000,54.1(-0.37 %),2000,108460000,200,11040000,2876378,42.61
16/09/2021,600,32140000,54.1(0.00 %),1400,75000000,800,42860000,2875778,42.61
17/09/2021,6300,337900000,54.5(0.74 %),6400,343340000,100,5440000,2869478,42.62
20/09/2021,3700,204790000,54.3(-0.37 %),5700,315440000,2000,110650000,2865778,42.63
21/09/2021,2000,108050000,53.7(-1.10 %),3100,167420000,1100,59370000,2863778,42.64
22/09/2021,500,26820000,54(0.56 %),800,43310000,300,16490000,2863278,42.64
23/09/2021,1300,70540000,54.3(0.56 %),1500,81520000,200,10980000,2861978,42.64
24/09/2021,0,0,54.3(0.00 %),0,0,0,0,2861978,42.64
27/09/2021,-800,-43520000,54.2(-0.18 %),800,43600000,1600,87120000,2862778,42.64
28/09/2021,51100,2867840000,57(5.17 %),51200,2873490000,100,5650000,2811678,42.75
29/09/2021,1100,62280000,56.5(-0.88 %),2600,146660000,1500,84380000,2810578,42.75
30/09/2021,-500,-28280000,56.5(0.00 %),100,5600000,600,33880000,2811078,42.75
01/10/2021,-1200,-68270000,55.6(-1.59 %),37450,1973180000,38650,2041450000,2811298,42.75
04/10/2021,-1100,-60960000,55.5(-0.18 %),0,0,1100,60960000,2812398,42.75
05/10/2021,100,5550000,55.5(0.00 %),200,11100000,100,5550000,2812298,42.75
06/10/2021,8300,465900000,56.4(1.62 %),10400,583930000,2100,118030000,2803998,0.0
07/10/2021,0,0,56.6(0.35 %),0,0,0,0,2803998,0.0
08/10/2021,-1400,-79540000,56.9(0.53 %),0,0,1400,79540000,2805398,0.0
11/10/2021,-17500,-1004555200,57.9(1.76 %),500,22830800,18000,1027386000,2822898,0.0
12/10/2021,-5000,-289910000,57.6(-0.52 %),0,0,5000,289910000,2827898,0.0
13/10/2021,-1800,-103780000,57.7(0.17 %),100,5760000,1900,109540000,2829698,0.0
14/10/2021,9200,535610000,57.8(0.17 %),10100,587780000,900,52170000,2820498,0.0
15/10/2021,3300,192200000,57.9(0.17 %),3700,215430000,400,23230000,2817198,0.0
18/10/2021,6500,377010000,57.8(-0.17 %),7500,435000000,1000,57990000,2810698,0.0
19/10/2021,-1800,-103160000,57.5(-0.52 %),100,5760000,1900,108920000,2812498,0.0
20/10/2021,-600,-34280000,57.5(0.00 %),0,0,600,34280000,2813098,0.0
21/10/2021,-4300,-244390000,56.9(-1.04 %),0,0,4300,244390000,2816798,0.0
22/10/2021,-500,-28200000,56.1(-1.41 %),0,0,500,28200000,2817298,0.0
25/10/2021,-800,-44310000,55.8(-0.53 %),100,5540000,900,49850000,2818098,0.0
26/10/2021,1200,66570000,55.3(-0.90 %),2000,110800000,800,44230000,2816898,0.0
27/10/2021,-4700,-255400000,55.8(0.90 %),3100,171160000,7800,426560000,2821598,0.0
28/10/2021,-200,-11080000,55.1(-1.25 %),0,0,200,11080000,2821798,42.73
29/10/2021,-100,-5470000,54.5(-1.09 %),0,0,100,5470000,2821898,42.73
01/11/2021,1200,66560000,55.6(2.02 %),3200,176510000,2000,109950000,2826498,42.72
02/11/2021,-400,-22040000,54.9(-1.26 %),300,16460000,700,38500000,2826898,42.72
03/11/2021,-1100,-59750000,54.5(-0.73 %),1200,65160000,2300,124910000,2827998,0.0
04/11/2021,-400,0,53.8(-1.28 %),100,0,500,0,2827298,0.0
05/11/2021,-5600,-301310000,54.3(0.93 %),0,0,5600,301310000,2832498,0.0
08/11/2021,-7700,-422300000,54.9(1.10 %),1300,71590000,9000,493890000,2834598,42.7
09/11/2021,-2900,-157260000,54.5(-0.73 %),3500,191090000,6400,348350000,2837498,42.69
10/11/2021,-7600,-413272800,54.8(0.55 %),1400,76129200,9000,489402000,2845098,0.0
11/11/2021,1100,59600000,54.4(-0.73 %),1100,59600000,0,0,2836398,42.7
12/11/2021,200,10730000,54.4(0.00 %),200,10730000,0,0,2836198,42.7
15/11/2021,-600,-32620000,56(2.94 %),0,0,600,32620000,2836798,42.7
16/11/2021,0,-120000,54.5(-2.68 %),500,27340000,500,27460000,2836798,42.7
17/11/2021,-100,-5550000,54.6(0.18 %),0,0,100,5550000,2836898,42.7
18/11/2021,25500,1402410000,55.4(1.47 %),25600,1407920000,100,5510000,2811398,42.75
19/11/2021,3400,188000000,54(-2.53 %),5400,296600000,2000,108600000,2807998,42.76
22/11/2021,0,0,53.6(-0.74 %),0,0,0,0,2807998,42.76
23/11/2021,0,0,54(0.75 %),0,0,0,0,2807998,42.76
24/11/2021,-50200,-2689520000,53.4(-1.11 %),0,0,50200,2689520000,2858198,42.65
25/11/2021,0,0,54(1.12 %),0,0,0,0,2858198,42.65
26/11/2021,-1900,-102640000,54.5(0.93 %),0,0,1900,102640000,2860098,0.0
29/11/2021,-2800,0,53.1(-2.57 %),200,0,3000,0,2862898,0.0
30/11/2021,-2800,-149220000,53.1(0.00 %),1100,59010000,3900,208230000,2862898,42.64
01/12/2021,-2300,-122180000,52.9(-0.38 %),100,5330000,2400,127510000,2874398,42.61
02/12/2021,-5300,-289240000,55(3.97 %),0,0,5300,289240000,2879698,42.6
03/12/2021,-200,-10780000,53.9(-2.00 %),0,0,200,10780000,2879898,42.6
06/12/2021,700,37660000,52.4(-2.78 %),700,37660000,0,0,2879198,42.6
07/12/2021,0,0,53.4(1.91 %),0,0,0,0,2879198,42.6
08/12/2021,0,0,55(3.00 %),0,0,0,0,2879198,42.6
09/12/2021,-800,-43200000,54(-1.82 %),200,10800000,1000,54000000,2879998,0.0
10/12/2021,-6600,-354750000,53.5(-0.93 %),0,0,6600,354750000,2886598,42.59
13/12/2021,-600,-31910000,53.8(0.56 %),100,5330000,700,37240000,2887198,42.58
14/12/2021,1800,96180000,53(-1.49 %),3900,209510000,2100,113330000,2885398,42.59
15/12/2021,-700,-36910000,52.5(-0.94 %),200,10340000,900,47250000,2886098,42.59
16/12/2021,0,0,53.9(2.67 %),0,0,0,0,2886098,42.59
17/12/2021,100,5230000,53.6(-0.56 %),100,5230000,0,0,2885998,42.59
20/12/2021,13100,696280000,52.7(-1.68 %),15000,795660000,1900,99380000,2872898,42.62
21/12/2021,-7500,-392610000,51(-3.23 %),100,5230000,7600,397840000,2880398,0.0
22/12/2021,-3400,-181480000,52.9(3.73 %),1200,62320000,4600,243800000,2883798,42.59
23/12/2021,0,0,52.1(-1.51 %),0,0,0,0,2883798,42.59
24/12/2021,100,0,52.8(1.34 %),100,0,0,0,2883698,0.0
27/12/2021,-2000,-105200000,52.5(-0.57 %),0,0,2000,105200000,2872038,42.62
28/12/2021,-100,-5270000,52.9(0.76 %),0,0,100,5270000,2872138,42.62
29/12/2021,1200,63720000,52.9(0.00 %),1200,63720000,0,0,2872838,42.62
30/12/2021,800,42640000,53.2(0.57 %),800,42640000,0,0,2872138,42.62
31/12/2021,0,0,52.8(-0.75 %),0,0,0,0,2872138,42.62
04/01/2022,-100,-5400000,53.2(0.76 %),0,0,100,5400000,2872138,42.62
05/01/2022,5000,268830000,53.5(0.56 %),5000,268830000,0,0,2867138,42.63
06/01/2022,-26300,-1386710000,53.5(0.00 %),0,0,26300,1386710000,2867238,42.63
07/01/2022,0,0,53(-0.93 %),0,0,0,0,2867238,42.63
10/01/2022,600,0,53.3(0.57 %),600,0,0,0,2892938,42.57
11/01/2022,1800,95400000,52.7(-1.13 %),1800,95400000,0,0,2891163,42.58
12/01/2022,100,5260000,52.5(-0.38 %),200,10500000,100,5240000,2891043,42.58
13/01/2022,700,37100000,52.8(0.57 %),700,37100000,0,0,2890343,42.58
14/01/2022,0,0,51.5(-2.46 %),0,0,0,0,2890443,42.58
17/01/2022,0,0,52.2(1.36 %),0,0,0,0,2890443,42.58
18/01/2022,1500,79200000,52.2(0.00 %),1500,79200000,0,0,2888943,42.58
19/01/2022,1100,58190000,52.2(0.00 %),1100,58190000,0,0,2887843,42.58
20/01/2022,1500,78030000,52(-0.19 %),1500,78030000,0,0,2886343,42.59
21/01/2022,1000,51000000,51.8(-0.19 %),1000,51000000,0,0,2885343,42.59
24/01/2022,-2000,-103400000,51.3(-0.97 %),0,0,2000,103400000,2885343,42.59
25/01/2022,300,15590000,51.6(0.58 %),400,20780000,100,5190000,2884943,42.59
26/01/2022,400,0,52.1(0.97 %),400,0,0,0,2886543,42.59
27/01/2022,-1600,-83940000,52.9(1.54 %),100,5290000,1700,89230000,2886543,42.59
28/01/2022,-6200,-325960000,52.9(0.00 %),0,0,6200,325960000,2886543,42.59
07/02/2022,-1700,-94680000,56.6(6.99 %),0,0,1700,94680000,2888243,42.58
08/02/2022,-1300,-75980000,58.4(3.18 %),1200,71040000,2500,147020000,2893243,42.57
09/02/2022,0,0,57.6(-1.37 %),0,0,0,0,2894943,42.57
10/02/2022,0,0,57.2(-0.69 %),0,0,0,0,2897443,42.56
11/02/2022,-700,-39900000,56.8(-0.70 %),0,0,700,39900000,2897443,42.56
14/02/2022,-1900,-110600000,58(2.11 %),100,5800000,2000,116400000,2897343,42.56
15/02/2022,0,0,58.4(0.69 %),0,0,0,0,2898043,42.56
16/02/2022,0,0,58.6(0.34 %),0,0,0,0,2900043,42.56
17/02/2022,-200,-12000000,60(2.39 %),0,0,200,12000000,2900043,42.56
18/02/2022,-1000,-63180000,62.9(4.83 %),1200,74840000,2200,138020000,2898893,42.56
21/02/2022,3800,241340000,64.1(1.91 %),3800,241340000,0,0,2895293,42.57
22/02/2022,300,19130000,64(-0.16 %),1000,64000000,700,44870000,2896493,42.56
23/02/2022,-1400,-89600000,62.9(-1.72 %),0,0,1400,89600000,2896493,42.56
24/02/2022,-500,-31060000,60.7(-3.50 %),1100,66910000,1600,97970000,2896093,42.56
25/02/2022,-29800,-1827700000,62.5(2.97 %),2000,123400000,31800,1951100000,2895493,42.57
28/02/2022,2000,123950000,61(-2.40 %),2000,123950000,0,0,2895093,42.57
01/03/2022,6400,393250000,60.5(-0.82 %),6400,393250000,0,0,2920493,42.51
02/03/2022,1100,67160000,59.2(-2.15 %),1100,67160000,0,0,2919393,42.51
03/03/2022,200,11970000,59.5(0.51 %),200,11970000,0,0,2919193,42.51
04/03/2022,0,0,60(0.84 %),0,0,0,0,2919193,42.51
07/03/2022,300,19000000,59.4(-1.00 %),1300,78000000,1000,59000000,2917893,42.52
08/03/2022,-200,-11760000,58.8(-1.01 %),0,0,200,11760000,2917893,42.52
09/03/2022,-100,-6000000,60(2.04 %),0,0,100,6000000,2918893,42.51
10/03/2022,800,46950000,61.5(2.50 %),1500,90000000,700,43050000,2917593,42.52
11/03/2022,-400,-23860000,61.6(0.16 %),1000,62160000,1400,86020000,2916693,42.52
14/03/2022,-400,-24680000,61.8(0.32 %),0,0,400,24680000,2917393,42.52
15/03/2022,9000,564000000,61.8(0.00 %),10000,625000000,1000,61000000,2908793,42.54
16/03/2022,-2700,-164960000,60.8(-1.62 %),0,0,2700,164960000,2909193,42.54
17/03/2022,-900,-54450000,60.8(0.00 %),1400,85400000,2300,139850000,2908793,42.54
18/03/2022,-300,-17970000,59.8(-1.64 %),0,0,300,17970000,2911493,42.53
21/03/2022,0,0,59.8(0.00 %),0,0,0,0,2913793,42.52
22/03/2022,-3100,-187250000,60(0.33 %),0,0,3100,187250000,2914093,42.52
23/03/2022,-100,-6080000,60(0.00 %),0,0,100,6080000,2914093,42.52
24/03/2022,0,0,60.1(0.17 %),0,0,0,0,2917193,42.52
25/03/2022,0,0,60(-0.17 %),0,0,0,0,2917293,42.52
28/03/2022,0,0,59.7(-0.50 %),0,0,0,0,2917293,42.52
29/03/2022,1000,60000000,60(0.50 %),1000,60000000,0,0,2916293,42.52
30/03/2022,0,0,59.7(-0.50 %),0,0,0,0,2916293,42.52
31/03/2022,0,0,60.2(0.84 %),0,0,0,0,2916293,42.52
01/04/2022,5500,332240000,60.5(0.50 %),5500,332240000,0,0,2910793,42.53
04/04/2022,37000,2339840000,63.6(5.12 %),37100,2346190000,100,6350000,2873693,42.61
05/04/2022,-800,-51900000,64.5(1.42 %),0,0,800,51900000,2873693,42.61
06/04/2022,-100,-6530000,65.4(1.40 %),0,0,100,6530000,2873793,42.61
07/04/2022,1700,107110000,64(-2.14 %),3000,192000000,1300,84890000,2872093,42.62
08/04/2022,700,45500000,65.2(1.88 %),700,45500000,0,0,2870993,42.62
12/04/2022,-100200,-6580140000,66(1.23 %),100,6500000,100300,6586640000,2971193,42.4
13/04/2022,-5000,-334680000,67.5(2.27 %),1000,66900000,6000,401580000,2872193,42.62
14/04/2022,-18900,-1263390000,65.9(-2.37 %),1100,74090000,20000,1337480000,2970393,42.4
15/04/2022,600,0,64.8(-1.67 %),600,0,0,0,2975793,42.39
18/04/2022,-17900,-1159920000,68(4.94 %),0,0,17900,1159920000,2995793,42.34
19/04/2022,-1500,-101450000,66(-2.94 %),0,0,1500,101450000,2995793,42.34
20/04/2022,2200,143190000,64.5(-2.27 %),3400,222270000,1200,79080000,2986093,42.36
21/04/2022,300,15640000,62.5(-3.10 %),4600,286500000,4300,270860000,3007193,42.32
22/04/2022,700,44580000,61.7(-1.28 %),1000,63100000,300,18520000,3007393,42.32
25/04/2022,24900,1468030000,59(-4.38 %),46100,2771410000,21200,1303380000,2965593,42.41
26/04/2022,2100,124760000,61.7(4.58 %),5400,308240000,3300,183480000,2960493,42.42
27/04/2022,1800,110700000,61.2(-0.81 %),1800,110700000,0,0,2979893,42.38
28/04/2022,-55700,-3413160000,61(-0.33 %),2700,164740000,58400,3577900000,2980493,42.38
29/04/2022,-6800,-414220000,62.4(2.30 %),100,6080000,6900,420300000,2980393,42.38
04/05/2022,200,12740000,62.1(-0.48 %),200,12740000,0,0,3038593,42.25
05/05/2022,100,6100000,62(-0.16 %),200,12300000,100,6200000,3038493,42.25
06/05/2022,-100,-6130000,61.3(-1.13 %),400,24520000,500,30650000,3044893,42.23
09/05/2022,4300,245530000,57.1(-6.85 %),4300,245530000,0,0,3040693,42.24
10/05/2022,4300,247250000,57.5(0.70 %),4300,247250000,0,0,3036893,42.25
11/05/2022,300,17450000,57.6(0.17 %),1600,92000000,1300,74550000,3036593,42.25
12/05/2022,16200,884500000,54.5(-5.38 %),22900,1253050000,6700,368550000,3020393,42.29
13/05/2022,23700,1230570000,50.7(-6.97 %),25500,1324460000,1800,93890000,2988193,42.36
16/05/2022,30300,1605900000,53(4.54 %),31700,1680100000,1400,74200000,2963193,42.42
17/05/2022,21200,1187200000,56(5.66 %),21200,1187200000,0,0,2943793,42.46
18/05/2022,15000,825000000,55(-1.79 %),15000,825000000,0,0,2930193,42.49
19/05/2022,8500,468350000,55.1(0.18 %),8500,468350000,0,0,2921693,42.51
20/05/2022,-900,-48150000,53.5(-2.90 %),55500,2969250000,56400,3017400000,2866193,42.63
23/05/2022,31000,1705000000,55(2.80 %),31000,1705000000,0,0,2835193,42.7
24/05/2022,-1100,-60500000,55(0.00 %),33600,1848000000,34700,1908500000,2857993,42.65
25/05/2022,1600,88000000,55(0.00 %),1600,88000000,0,0,2856393,42.65
26/05/2022,0,88000000,55.5(0.91 %),0,88000000,0,0,2891093,42.58
27/05/2022,0,88000000,55.6(0.18 %),0,88000000,0,0,2891093,42.58
30/05/2022,2100,115500000,55(-1.08 %),2100,115500000,0,0,2888993,42.58
31/05/2022,-800,-44560000,55.7(1.27 %),0,0,800,44560000,2888993,42.58
01/06/2022,0,-44560000,55.3(-0.72 %),0,0,0,44560000,2888993,42.58
02/06/2022,0,-44560000,55.1(-0.36 %),0,0,0,44560000,2889793,42.58
03/06/2022,500,27700000,55.4(0.54 %),500,27700000,0,0,2889293,42.58
06/06/2022,100,5550000,55.4(0.00 %),100,5550000,0,0,2889193,42.58
07/06/2022,0,0,55.7(0.54 %),0,0,0,0,2889193,42.58
08/06/2022,-100,-5560000,55.6(-0.18 %),0,0,100,5560000,2889193,42.58
09/06/2022,1800,104400000,58(4.32 %),1800,104400000,0,0,2888893,42.58
10/06/2022,900,52200000,58(0.00 %),2000,116000000,1100,63800000,2886993,42.58
13/06/2022,1600,89120000,55.7(-3.97 %),1600,89120000,0,0,2885393,42.59
14/06/2022,0,89120000,56.5(1.44 %),0,89120000,0,0,2886493,42.59
15/06/2022,-2100,-119490000,56.9(0.71 %),0,0,2100,119490000,2886493,42.59
16/06/2022,300,17160000,57.2(0.53 %),400,22880000,100,5720000,2886093,42.59
17/06/2022,1400,81060000,57.9(1.22 %),2000,115800000,600,34740000,2886193,42.59
20/06/2022,700,40530000,57.7(-0.35 %),700,40530000,0,0,2885593,42.59
21/06/2022,0,40390000,56(-2.95 %),0,40390000,0,0,2886193,42.59
22/06/2022,-100,-5600000,56(0.00 %),0,0,100,5600000,2886193,42.59
23/06/2022,0,-5600000,56.7(1.25 %),0,0,0,5600000,2886193,42.59
24/06/2022,1000,56100000,56.1(-1.06 %),1000,56100000,0,0,2885293,42.59
27/06/2022,-1000,-56600000,58.5(4.28 %),0,0,1000,56600000,2885293,42.59
28/06/2022,0,-58500000,58.7(0.34 %),0,0,0,58500000,2885293,42.59
29/06/2022,0,0,58.3(-0.68 %),0,0,0,0,2886293,42.59
30/06/2022,0,-58500000,57.9(-0.69 %),0,0,0,58500000,2886293,42.59
01/07/2022,300,17370000,57.9(0.00 %),300,17370000,0,0,2885993,42.59
04/07/2022,100,5780000,57.1(-1.38 %),500,28900000,400,23120000,2885993,0.0
05/07/2022,1700,97070000,57.1(0.00 %),1700,97070000,0,0,2883793,42.59
06/07/2022,-2000,-114200000,57.1(0.00 %),0,0,2000,114200000,2884193,42.59
07/07/2022,1300,74620000,57.4(0.53 %),1300,74620000,0,0,2882893,42.59
08/07/2022,300,-17010000,57.3(-0.17 %),1600,0,1300,17010000,2882593,0.0
11/07/2022,-300,-17010000,56.7(-1.05 %),0,0,300,17010000,2882893,42.59
12/07/2022,-3400,-192780000,56.7(0.00 %),0,0,3400,192780000,2882893,42.59
13/07/2022,-2500,-142500000,57(0.53 %),400,22800000,2900,165300000,2882793,42.59
14/07/2022,0,-142500000,56.7(-0.53 %),0,22800000,0,165300000,2886193,42.59
15/07/2022,2900,164430000,56.7(0.00 %),3000,170100000,100,5670000,2886093,42.59
18/07/2022,0,164430000,56.8(0.18 %),0,170100000,0,5670000,2886093,42.59
19/07/2022,-600,-34440000,57.4(1.06 %),0,0,600,34440000,2886193,42.59
20/07/2022,-4000,-231200000,57.8(0.70 %),0,0,4000,231200000,2886193,42.59
21/07/2022,-4300,-245530000,57.1(-1.21 %),103700,5921270000,108000,6166800000,2883093,42.59
22/07/2022,0,-245530000,57(-0.18 %),0,5921270000,0,6166800000,2887093,42.58
25/07/2022,400,22920000,57.3(0.53 %),400,22920000,0,0,2894693,42.57
26/07/2022,0,22920000,57.3(0.00 %),0,22920000,0,0,2894693,42.57
27/07/2022,0,22920000,57.1(-0.35 %),0,22920000,0,0,2894693,42.57
28/07/2022,2700,156870000,58.1(1.75 %),2700,156870000,0,0,2891993,42.57
29/07/2022,10500,638400000,60.8(4.65 %),11800,717440000,1300,79040000,2880193,42.6
01/08/2022,17700,1088550000,61.5(1.15 %),17700,1088550000,0,0,2862493,42.64
02/08/2022,3100,186930000,60.3(-1.95 %),3100,186930000,0,0,2860693,42.64
03/08/2022,0,186930000,60(-0.50 %),0,186930000,0,0,2860693,42.64
04/08/2022,0,186930000,59.5(-0.83 %),0,186930000,0,0,2860693,42.64
05/08/2022,0,186930000,59.1(-0.67 %),0,186930000,0,0,2860693,42.64
08/08/2022,4800,287040000,59.8(1.18 %),4800,287040000,0,0,2855893,42.65
09/08/2022,-3900,-232050000,59.5(-0.50 %),1100,65450000,5000,297500000,2854793,42.66
10/08/2022,-700,-41650000,59.5(0.00 %),0,0,700,41650000,2854793,42.66
11/08/2022,1500,89550000,59.7(0.34 %),1500,89550000,0,0,2858293,42.65
12/08/2022,-200,-11920000,59.6(-0.17 %),0,0,200,11920000,2858993,42.65
15/08/2022,-1000,-59200000,59.2(-0.67 %),1000,59200000,2000,118400000,2857993,42.65
16/08/2022,0,-59200000,59.5(0.51 %),0,59200000,0,118400000,2858193,42.65
17/08/2022,18500,1104450000,59.7(0.34 %),18600,1110420000,100,5970000,2841593,42.69
18/08/2022,22400,1337280000,59.7(0.00 %),22400,1337280000,0,0,2819193,42.74
19/08/2022,0,0,60.5(1.34 %),200,12100000,200,12100000,2819093,42.74
22/08/2022,100,5960000,59.6(-1.49 %),100,5960000,0,0,2818993,42.74
23/08/2022,0,5960000,59.8(0.34 %),0,5960000,0,0,2819193,42.74
24/08/2022,0,5960000,59.9(0.17 %),0,5960000,0,0,2819193,42.74
25/08/2022,31100,1866000000,60(0.17 %),36500,2190000000,5400,324000000,2782693,42.82
26/08/2022,-1400,-84000000,60(0.00 %),0,0,1400,84000000,2782693,42.82
29/08/2022,29200,1752000000,60(0.00 %),30000,1800000000,800,48000000,2758093,42.87
30/08/2022,0,1752000000,59.9(-0.17 %),0,1800000000,0,48000000,2759493,42.87
31/08/2022,0,1752000000,59.7(-0.33 %),0,1800000000,0,48000000,2760293,42.87
05/09/2022,6700,405350000,60.5(1.34 %),17400,1052700000,10700,647350000,2742893,42.9
06/09/2022,-3400,-206380000,60.7(0.33 %),0,0,3400,206380000,2742893,42.9
07/09/2022,500,29450000,58.9(-2.97 %),1000,58900000,500,29450000,2752593,42.88
08/09/2022,30400,1790560000,58.9(0.00 %),31000,1825900000,600,35340000,2724993,42.94
09/09/2022,-2200,-128480000,58.4(-0.85 %),0,0,2200,128480000,2725493,42.94
12/09/2022,-3029,-128480000,58(-0.68 %),0,0,3029,128480000,2726093,42.94
13/09/2022,-1000,-128480000,58(0.00 %),0,0,1000,128480000,2728293,42.94
14/09/2022,-4100,-128480000,57.8(-0.34 %),0,0,4100,128480000,2731322,42.93
15/09/2022,-2700,-236980000,57.5(-0.52 %),200,0,2900,236980000,0,42.93
16/09/2022,-1300,-74360000,57.2(-0.52 %),0,0,1300,74360000,2736222,42.92
19/09/2022,-2300,-129490000,56.3(-1.57 %),3700,208310000,6000,337800000,2738522,42.91
20/09/2022,1300,73840000,56.8(0.89 %),1400,79520000,100,5680000,2735322,42.92
21/09/2022,3975,228165000,57.4(1.06 %),9100,522340000,5125,294175000,2732222,42.93
22/09/2022,8500,483650000,56.9(-0.87 %),8500,483650000,0,0,2723822,42.95
23/09/2022,0,483650000,57.1(0.35 %),0,483650000,0,0,2728947,42.94
26/09/2022,21200,1199920000,56.6(-0.88 %),21200,1199920000,0,0,2707747,42.98
27/09/2022,24000,1348800000,56.2(-0.71 %),24000,1348800000,0,0,2683747,43.04
28/09/2022,4430,249409000,56.3(0.18 %),4500,253350000,70,3941000,2679247,43.05
29/09/2022,4100,231240000,56.4(0.18 %),4100,231240000,0,0,2675147,43.06
30/09/2022,42100,2399700000,57(1.06 %),43000,2451000000,900,51300000,2632217,43.15
03/10/2022,43200,2432160000,56.3(-1.23 %),43200,2432160000,0,0,2589017,43.25
04/10/2022,13300,748790000,56.3(0.00 %),13300,748790000,0,0,2576617,43.27
05/10/2022,1300,73190000,56.3(0.00 %),1300,73190000,0,0,2575317,43.28
06/10/2022,19200,1090560000,56.8(0.89 %),19200,1090560000,0,0,2556117,43.32
07/10/2022,49600,2802400000,56.5(-0.53 %),60600,3423900000,11000,621500000,2495517,43.45
10/10/2022,33100,1870150000,56.5(0.00 %),33400,1887100000,300,16950000,2462117,43.53
11/10/2022,73900,4167960000,56.4(-0.18 %),73900,4167960000,0,0,2399217,43.67
12/10/2022,0,4167960000,55.5(-1.60 %),0,4167960000,0,0,2399517,43.67
13/10/2022,26400,1488960000,56.4(1.62 %),36400,2052960000,10000,564000000,2363117,43.75
14/10/2022,3300,186450000,56.5(0.18 %),13300,751450000,10000,565000000,2349817,43.78
17/10/2022,18500,1041550000,56.3(-0.35 %),28500,1604550000,10000,563000000,2331317,43.82
18/10/2022,8700,493290000,56.7(0.71 %),18700,1060290000,10000,567000000,2322617,43.84
19/10/2022,-9400,-530050000,55.2(-2.65 %),88100,4989310000,97500,5519360000,2332017,43.82
20/10/2022,-15200,-837390000,55(-0.36 %),83800,4613930000,99000,5451320000,2259717,43.98
21/10/2022,26800,1470590000,54(-1.82 %),36800,2018340000,10000,547750000,2143917,44.24
24/10/2022,17700,930750000,52.2(-3.33 %),17700,930750000,0,0,2213717,44.08
25/10/2022,26700,1392390000,52.5(0.57 %),26700,1392390000,0,0,2187017,44.14
26/10/2022,8200,433680000,52.8(0.57 %),8200,433680000,0,0,2277817,43.94
27/10/2022,1800,99220000,54(2.27 %),9800,501070000,8000,401850000,2278022,43.94
28/10/2022,29300,1582200000,54(0.00 %),35800,1933200000,6500,351000000,2242222,44.02
31/10/2022,32800,1722000000,52.5(-2.78 %),33400,1753500000,600,31500000,2216822,44.07
01/11/2022,-50,-2575000,51.5(-1.90 %),0,0,50,2575000,2223322,44.06
02/11/2022,0,-2575000,51.8(0.58 %),0,0,0,2575000,2223922,44.06
03/11/2022,0,-2575000,50.9(-1.74 %),0,0,0,2575000,2223972,44.06
04/11/2022,29300,1465000000,50(-1.77 %),29300,1465000000,0,0,2194672,44.12
07/11/2022,12800,595200000,46.5(-7.00 %),12800,595200000,0,0,2181872,44.15
08/11/2022,14290,683062000,47.8(2.80 %),15400,736120000,1110,53058000,2166472,44.19
09/11/2022,5300,258110000,48.7(1.88 %),5300,258110000,0,0,2161172,44.2
10/11/2022,9800,469420000,47.9(-1.64 %),9800,469420000,0,0,2152482,44.22
11/11/2022,5200,253760000,48.8(1.88 %),5200,253760000,0,0,2147282,44.23
14/11/2022,18000,837000000,46.5(-4.71 %),18000,837000000,0,0,2129282,44.27
15/11/2022,40900,1881400000,46(-1.08 %),40900,1881400000,0,0,2088382,44.36
16/11/2022,28400,1326280000,46.7(1.52 %),29600,1382320000,1200,56040000,2058782,44.42
17/11/2022,10400,499200000,48(2.78 %),15700,753600000,5300,254400000,2043082,44.46
18/11/2022,1000,48600000,48.6(1.25 %),1100,53460000,100,4860000,2043182,44.46
21/11/2022,7400,369260000,49.9(2.67 %),7600,379240000,200,9980000,2040882,44.46
22/11/2022,9900,512820000,51.8(3.81 %),10000,518000000,100,5180000,2030982,44.49
23/11/2022,0,512820000,51.8(0.00 %),0,518000000,0,5180000,2031182,44.49
24/11/2022,-200,-10360000,51.8(0.00 %),0,0,200,10360000,2031282,44.49
25/11/2022,1500,77700000,51.8(0.00 %),1500,77700000,0,0,2029782,44.49
28/11/2022,0,77700000,51(-1.54 %),0,77700000,0,0,2029782,44.49
29/11/2022,-2130,-108417000,50.9(-0.20 %),0,0,2130,108417000,2031912,44.48
30/11/2022,100,5070000,50.7(-0.39 %),100,5070000,0,0,2031812,44.48
01/12/2022,1200,60720000,50.6(-0.20 %),1500,75900000,300,15180000,2028382,0.0
02/12/2022,0,60720000,50(-1.19 %),0,75900000,0,15180000,2028382,44.49
05/12/2022,-3900,-198510000,50.9(1.80 %),0,0,3900,198510000,2032282,0.0
06/12/2022,2200,110220000,50.1(-1.57 %),2200,110220000,0,0,2030082,0.0
07/12/2022,11300,567260000,50.2(0.20 %),11300,567260000,0,0,2018782,44.51
08/12/2022,3300,166320000,50.4(0.40 %),3300,166320000,0,0,2017912,44.52
09/12/2022,0,166320000,53.8(6.75 %),0,166320000,0,0,2017912,44.52
12/12/2022,6400,350080000,54.7(1.67 %),6400,350080000,0,0,2009082,44.54
13/12/2022,5000,275000000,55(0.55 %),5000,275000000,0,0,2004082,44.55
14/12/2022,6700,368500000,55(0.00 %),8000,440000000,1300,71500000,1997382,0.0
15/12/2022,0,368500000,54.5(-0.91 %),0,440000000,0,71500000,1997382,44.56
16/12/2022,9400,521700000,55.5(1.83 %),9400,521700000,0,0,1987982,44.58
19/12/2022,-2100,-114660000,54.6(-1.62 %),7400,404040000,9500,518700000,1990082,44.58
20/12/2022,800,42400000,53(-2.93 %),2100,111300000,1300,68900000,1989282,44.58
21/12/2022,0,42400000,53(0.00 %),0,111300000,0,68900000,1989282,44.58
22/12/2022,0,42400000,55.5(4.72 %),0,111300000,0,68900000,1989282,44.58
23/12/2022,0,42400000,54(-2.70 %),0,111300000,0,68900000,1989282,44.58
26/12/2022,-500,-26050000,52.1(-3.52 %),1000,52100000,1500,78150000,1989782,44.58
27/12/2022,0,-26050000,53.4(2.50 %),0,52100000,0,78150000,1989782,44.58
28/12/2022,0,-26050000,54(1.12 %),0,52100000,0,78150000,1989782,44.58
29/12/2022,5290,283015000,53.5(-0.93 %),5390,288365000,100,5350000,1986822,44.58
30/12/2022,900,51300000,57(6.54 %),1000,57000000,100,5700000,1985822,44.59
03/01/2023,0,51300000,56.8(-0.35 %),0,57000000,0,5700000,1985822,44.59
04/01/2023,0,51300000,56.7(-0.18 %),0,57000000,0,5700000,1986022,44.59
05/01/2023,600,33840000,56.4(-0.53 %),600,33840000,0,0,1985422,44.59
06/01/2023,10500,598500000,57(1.06 %),12500,712500000,2000,114000000,1972922,44.62
09/01/2023,500,28500000,57(0.00 %),600,34200000,100,5700000,1972322,44.62
10/01/2023,100,5600000,56(-1.75 %),100,5600000,0,0,1974222,44.61
11/01/2023,200,11220000,56.1(0.18 %),200,11220000,0,0,1974122,44.61
12/01/2023,1200,68040000,56.7(1.07 %),1200,68040000,0,0,1972922,44.62
13/01/2023,200,11320000,56.6(-0.18 %),200,11320000,0,0,1972722,44.62
16/01/2023,1100,61380000,55.8(-1.41 %),1100,61380000,0,0,1971622,44.62
17/01/2023,-700,-39550000,56.5(1.25 %),0,0,700,39550000,1971622,44.62
18/01/2023,8500,484500000,57(0.88 %),10000,570000000,1500,85500000,1961622,44.64
19/01/2023,13500,787050000,58.3(2.28 %),14000,816200000,500,29150000,1948322,44.67
27/01/2023,-12920,-740316000,57.3(-1.72 %),40800,2337840000,53720,3078156000,1909022,44.76
30/01/2023,-6000,-342000000,57(-0.52 %),32100,1829700000,38100,2171700000,1877422,44.83
31/01/2023,-6800,-387600000,57(0.00 %),63300,3608100000,70100,3995700000,1867842,44.85
01/02/2023,-4700,-260850000,55.5(-2.63 %),35000,1942500000,39700,2203350000,1870942,44.84
02/02/2023,-2800,-154840000,55.3(-0.36 %),45200,2499560000,48000,2654400000,1895842,44.79
03/02/2023,18100,1013600000,56(1.27 %),18100,1013600000,0,0,1917442,44.74
06/02/2023,9300,530100000,57(1.79 %),68300,3893100000,59000,3363000000,1897142,44.78
07/02/2023,3800,212800000,56(-1.75 %),59800,3348800000,56000,3136000000,1837342,44.92
08/02/2023,-1600,-91040000,56.9(1.61 %),20400,1160760000,22000,1251800000,1875942,44.83
09/02/2023,0,0,56.8(-0.18 %),69000,3919200000,69000,3919200000,1862942,44.86
10/02/2023,-800,-44480000,55.6(-2.11 %),99800,5548880000,100600,5593360000,1785142,45.03
13/02/2023,20600,1153600000,56(0.72 %),20600,1153600000,0,0,1833542,44.93
14/02/2023,5300,302100000,57(1.79 %),5300,302100000,0,0,1928842,44.71
15/02/2023,0,302100000,56.8(-0.35 %),0,302100000,0,0,1928842,44.71
16/02/2023,-1500,-85500000,57(0.35 %),200000,11400000000,201500,11485500000,1928842,44.71
17/02/2023,0,-85500000,56.2(-1.40 %),0,11400000000,0,11485500000,1928842,44.71
20/02/2023,12600,719460000,57.1(1.60 %),12600,719460000,0,0,1917742,44.74
21/02/2023,13500,770850000,57.1(0.00 %),13500,770850000,0,0,1904242,44.77
22/02/2023,6200,352160000,56.8(-0.53 %),6200,352160000,0,0,1898042,44.78
23/02/2023,10600,602080000,56.8(0.00 %),10600,602080000,0,0,1887442,44.81
24/02/2023,13800,783840000,56.8(0.00 %),13800,783840000,0,0,1873642,44.84
27/02/2023,6300,355950000,56.5(-0.53 %),6300,355950000,0,0,1867342,44.85
28/02/2023,11600,661200000,57(0.88 %),11600,661200000,0,0,1855742,44.88
01/03/2023,4300,247680000,57.6(1.05 %),4300,247680000,0,0,1851442,44.89
02/03/2023,7700,446600000,58(0.69 %),7700,446600000,0,0,1843742,44.9
03/03/2023,-400,-22880000,57.2(-1.38 %),0,0,400,22880000,1843742,44.9
06/03/2023,0,-22880000,57.3(0.17 %),0,0,0,22880000,1843742,44.9
07/03/2023,0,-22880000,56.6(-1.22 %),0,0,0,22880000,1844142,44.9
08/03/2023,-31365,-1665481500,53.1(-6.18 %),35700,1895670000,67065,3561151500,1808442,44.98
09/03/2023,-4000,-224000000,56(5.46 %),76500,4284000000,80500,4508000000,1731942,45.15
10/03/2023,-900,-50850000,56.5(0.89 %),1800,101700000,2700,152550000,1797207,45.01
13/03/2023,13000,728000000,56(-0.88 %),13000,728000000,0,0,1784207,0.0
14/03/2023,5000,278000000,55.6(-0.71 %),5100,283560000,100,5560000,1862307,44.86
15/03/2023,175,9765000,55.8(0.36 %),200,11160000,25,1395000,1862107,44.86
16/03/2023,0,9765000,56.1(0.54 %),0,11160000,0,1395000,1862207,44.86
17/03/2023,-100,-5570000,55.7(-0.71 %),0,0,100,5570000,1862232,44.86
20/03/2023,0,-5570000,56.4(1.26 %),0,0,0,5570000,1862232,44.86
21/03/2023,6800,783840000,56.5(0.18 %),6800,783840000,0,0,1855532,44.88
22/03/2023,0,0,55.8(-1.24 %),0,0,0,0,1855532,44.88
23/03/2023,0,0,55.8(0.00 %),0,0,0,0,1855532,44.88
24/03/2023,0,0,55.7(-0.18 %),0,0,0,0,1855532,44.88
27/03/2023,0,0,55.7(0.00 %),0,0,0,0,1855532,44.88
28/03/2023,0,0,56(0.54 %),0,0,0,0,1855532,0.0
29/03/2023,0,0,56.2(0.36 %),0,0,0,0,1855532,44.88
30/03/2023,0,0,56(-0.36 %),0,0,0,0,1855532,44.88
31/03/2023,1100,61050000,55.5(-0.89 %),1100,61050000,0,0,1854432,44.88
03/04/2023,1800,100260000,55.7(0.36 %),2300,128110000,500,27850000,1852132,44.88
04/04/2023,-26900,-1487570000,55.3(-0.72 %),96600,5341980000,123500,6829550000,1755532,45.1
05/04/2023,-3800,-210520000,55.4(0.18 %),0,0,3800,210520000,1756032,45.1
06/04/2023,0,-210520000,55.6(0.36 %),0,0,0,210520000,1879532,44.82
07/04/2023,0,-210520000,55.2(-0.72 %),0,0,0,210520000,1883332,44.81
10/04/2023,0,-210520000,55.7(0.91 %),0,0,0,210520000,1883332,44.81
11/04/2023,1900,104880000,55.2(-0.90 %),1900,104880000,0,0,1881432,44.82
12/04/2023,0,0,55.1(-0.18 %),0,0,0,0,1881432,44.82
13/04/2023,-2100,-116550000,55.5(0.73 %),0,0,2100,116550000,1881432,44.82
14/04/2023,0,-116550000,55.6(0.18 %),0,0,0,116550000,1881432,44.82
17/04/2023,0,-116550000,55(-1.08 %),0,0,0,116550000,1883532,44.81
18/04/2023,-800,-44400000,55.5(0.91 %),0,0,800,44400000,1883532,44.81
19/04/2023,500,28000000,56(0.90 %),500,28000000,0,0,1883032,44.82
20/04/2023,0,0,57(1.79 %),0,0,0,0,1883032,44.82
21/04/2023,-1500,-88350000,58.9(3.33 %),0,0,1500,88350000,1883832,44.81
24/04/2023,0,-88350000,58.8(-0.17 %),0,0,0,88350000,1883832,44.81
25/04/2023,-300,-17730000,59.1(0.51 %),0,0,300,17730000,1885332,44.81
26/04/2023,0,-17730000,58.7(-0.68 %),0,0,0,17730000,1885332,44.81
27/04/2023,0,0,57.9(-1.36 %),0,0,0,0,1885332,44.81
28/04/2023,0,0,58.5(1.04 %),0,0,0,0,1885332,44.81
04/05/2023,-2500,-147720000,59.1(1.03 %),0,0,2500,147720000,1885632,44.81
05/05/2023,0,0,59.8(1.18 %),0,0,0,0,1885632,44.81
08/05/2023,-14500,-873380000,60(0.33 %),100,6050000,14600,879430000,1888137,44.8
09/05/2023,-14400,-858110000,59.1(-1.50 %),100,6020000,14500,864130000,1888037,44.8
10/05/2023,1600,96010000,60.7(2.71 %),1800,108010000,200,12000000,1886437,44.81
11/05/2023,1700,99560000,62.5(2.97 %),2700,162060000,1000,62500000,1912637,44.75
12/05/2023,-300,-18060000,62.4(-0.16 %),200,12440000,500,30500000,1912637,44.75
15/05/2023,1600,99200000,62.2(-0.32 %),1600,99200000,0,0,1911037,44.75
16/05/2023,-300,-18660000,62.6(0.64 %),0,0,300,18660000,1911337,44.75
17/05/2023,-500,-31000000,62.3(-0.48 %),0,0,500,31000000,1911837,44.75
18/05/2023,0,0,62.1(-0.32 %),0,0,0,0,1911837,44.75
19/05/2023,500,30930000,61.7(-0.64 %),1000,61830000,500,30900000,1911337,44.75
22/05/2023,0,0,61(-1.13 %),0,0,0,0,1911337,44.75
23/05/2023,400,23760000,61(0.00 %),400,23760000,0,0,1910937,44.75
24/05/2023,5000,300000000,60.7(-0.49 %),5000,300000000,0,0,1905937,44.76
25/05/2023,4000,239640000,59.4(-2.14 %),4000,239640000,0,0,1901937,44.77
26/05/2023,1300,76700000,61(2.69 %),1300,76700000,0,0,1900637,44.78
29/05/2023,-1100,-66000000,60(-1.64 %),8400,504000000,9500,570000000,1901737,44.77
30/05/2023,100,6050000,60.7(1.17 %),600,35650000,500,29600000,1901637,44.77
31/05/2023,-1100,-65000000,60.4(-0.49 %),4000,237550000,5100,302550000,1902737,44.77
01/06/2023,200,12080000,60.4(0.00 %),200,12080000,0,0,1898637,44.78
02/06/2023,100,6040000,59.2(-1.99 %),100,6040000,0,0,1898537,44.78
05/06/2023,1200,70880000,59.9(1.18 %),1300,76790000,100,5910000,1897337,44.78
06/06/2023,0,0,59.8(-0.17 %),0,0,0,0,1897337,44.78
07/06/2023,0,0,59.9(0.17 %),0,0,0,0,1897337,44.78
08/06/2023,1100,64820000,59.7(-0.33 %),1200,70800000,100,5980000,1896237,44.79
09/06/2023,3800,227600000,60(0.50 %),18900,1133700000,15100,906100000,1892437,44.79
12/06/2023,-200,-11900000,59.9(-0.17 %),0,0,200,11900000,1892637,44.79
13/06/2023,1500,88420000,60(0.17 %),1700,100300000,200,11880000,1891137,44.8
14/06/2023,400,24030000,60.2(0.33 %),3600,216670000,3200,192640000,1890737,44.8
15/06/2023,0,0,59.5(-1.16 %),0,0,0,0,1890737,44.8
16/06/2023,1000,59600000,59.6(0.17 %),2000,119100000,1000,59500000,1894137,44.79
19/06/2023,2600,155260000,59.9(0.50 %),2600,155260000,0,0,1891537,44.8
20/06/2023,24600,1452200000,59(-1.50 %),28300,1671060000,3700,218860000,1866937,44.85
21/06/2023,4000,233000000,59.5(0.85 %),4000,233000000,0,0,1860237,44.87
22/06/2023,200,11140000,59.2(-0.50 %),1000,58500000,800,47360000,1860037,44.87
23/06/2023,-800,-47840000,59.8(1.01 %),0,0,800,47840000,1860837,44.86
26/06/2023,5100,300950000,59.4(-0.67 %),5100,300950000,0,0,1858787,44.87
27/06/2023,15600,920110000,59(-0.67 %),15700,926080000,100,5970000,1843187,44.9
28/06/2023,-500,-29250000,58.9(-0.17 %),400,23400000,900,52650000,1843687,44.9
29/06/2023,-3400,-198220000,59(0.17 %),600,35100000,4000,233320000,1847087,44.9
30/06/2023,400,23300000,59.2(0.34 %),500,29150000,100,5850000,1846687,44.9
03/07/2023,10300,607690000,59(-0.34 %),22700,1339930000,12400,732240000,1843387,44.9
04/07/2023,27700,1634300000,59(0.00 %),28700,1693300000,1000,59000000,1815687,44.97
05/07/2023,31700,1902450000,59.3(0.51 %),85500,5098650000,53800,3196200000,1783987,45.04
06/07/2023,7000,419550000,59.9(1.01 %),7000,419550000,0,0,1716987,45.18
07/07/2023,3800,226460000,59.9(0.00 %),3800,226460000,0,0,1766987,45.07
10/07/2023,6900,412580000,60.5(1.00 %),11800,708000000,4900,295420000,1760087,45.09
11/07/2023,1100,66540000,60.4(-0.17 %),1100,66540000,0,0,1758987,45.09
12/07/2023,400,24080000,60.4(0.00 %),400,24080000,0,0,1758587,45.09
13/07/2023,3600,216700000,60.3(-0.17 %),3700,222730000,100,6030000,1754987,45.1
14/07/2023,2800,168180000,60.1(-0.33 %),2800,168180000,0,0,1752087,45.11
17/07/2023,1000,60500000,60.3(0.33 %),1000,60500000,0,0,1751087,45.11
18/07/2023,0,50000,60.7(0.66 %),100,6090000,100,6040000,1751087,45.11
19/07/2023,0,0,60.7(0.00 %),0,0,0,0,1751092,45.11
20/07/2023,1000,59900000,59.9(-1.32 %),1000,59900000,0,0,1750092,45.11
21/07/2023,1000,60000000,60.1(0.33 %),1000,60000000,0,0,1749092,45.11
24/07/2023,1000,60000000,60.1(0.00 %),1000,60000000,0,0,1748192,45.12
25/07/2023,1000,60000000,60.1(0.00 %),1000,60000000,0,0,1747192,45.12
26/07/2023,0,0,60(-0.17 %),0,0,0,0,1747192,45.12
27/07/2023,0,0,60(0.00 %),0,0,0,0,1747192,45.12
28/07/2023,0,0,60.5(0.83 %),0,0,0,0,1747192,45.12
31/07/2023,21800,1314260000,60.8(0.50 %),21800,1314260000,0,0,1725392,45.17
01/08/2023,100,6130000,60.8(0.00 %),100,6130000,0,0,1725392,45.17
02/08/2023,0,0,60.9(0.16 %),0,0,0,0,1725392,45.17
03/08/2023,0,0,60.9(0.00 %),0,0,0,0,1725392,45.17
04/08/2023,-8400,-491150000,60.5(-0.66 %),21600,1339650000,30000,1830800000,1703592,45.21
07/08/2023,17400,1070300000,61.8(2.15 %),18400,1131300000,1000,61000000,1686192,45.25
08/08/2023,0,0,61.2(-0.97 %),0,0,0,0,1686192,45.25
09/08/2023,700,42700000,61.3(0.16 %),700,42700000,0,0,1685492,45.25
10/08/2023,300,18150000,60.5(-1.31 %),1000,60500000,700,42350000,1685192,45.26
11/08/2023,-600,-26770000,60(-0.83 %),15200,923850000,15800,950620000,1685792,45.25
14/08/2023,2000,122000000,61(1.67 %),2000,122000000,0,0,1697992,45.23
15/08/2023,6500,396500000,61.1(0.16 %),6600,402600000,100,6100000,1707191,45.21
16/08/2023,3600,219600000,61.1(0.00 %),4000,244000000,400,24400000,1703191,45.22
17/08/2023,4300,262150000,61(-0.16 %),4300,262150000,0,0,1698891,45.22
18/08/2023,1100,66420000,60.7(-0.49 %),1700,102420000,600,36000000,1697691,45.23
21/08/2023,0,0,60.3(-0.66 %),0,0,0,0,1697691,45.23
22/08/2023,0,0,60(-0.50 %),0,0,0,0,1698291,45.23
23/08/2023,0,0,60(0.00 %),0,0,0,0,1698291,45.23
24/08/2023,0,0,59(-1.67 %),0,0,0,0,1698291,45.23
25/08/2023,0,0,59.9(1.53 %),0,0,0,0,1698291,45.23
28/08/2023,0,0,59.8(-0.17 %),0,0,0,0,1698291,45.23
29/08/2023,-100,-5850000,59.7(-0.17 %),0,0,100,5850000,1698291,45.23
30/08/2023,0,0,59.7(0.00 %),0,0,0,0,1698291,45.23
31/08/2023,0,0,59.4(-0.50 %),0,0,0,0,1698391,45.23
05/09/2023,-800,-46900000,59.2(-0.34 %),200,11800000,1000,58700000,1698191,45.23
06/09/2023,1000,58800000,58.8(-0.68 %),1000,58800000,0,0,1697191,45.23
07/09/2023,200,11670000,59(0.34 %),1000,58690000,800,47020000,1697191,45.23
08/09/2023,7400,445540000,60.4(2.37 %),8000,481750000,600,36210000,1689191,45.25
11/09/2023,0,0,60(-0.66 %),0,0,0,0,1689991,45.24
12/09/2023,0,0,60(0.00 %),0,0,0,0,1690591,45.24
13/09/2023,-100,-5970000,59.8(-0.33 %),0,0,100,5970000,1690591,45.24
14/09/2023,0,0,59.5(-0.50 %),0,0,0,0,1690591,45.24
15/09/2023,-31100,-1809020000,58(-2.52 %),0,0,31100,1809020000,1690691,45.24
18/09/2023,0,0,57.5(-0.86 %),0,0,0,0,1690691,45.24
19/09/2023,-1200,-69000000,58.7(2.09 %),0,0,1200,69000000,1691891,45.24
20/09/2023,0,0,58.9(0.34 %),0,0,0,0,1691891,45.24
21/09/2023,0,0,57.5(-2.38 %),0,0,0,0,1691891,45.24
22/09/2023,500,28150000,57.8(0.52 %),500,28150000,0,0,1722571,45.17
25/09/2023,0,0,58.5(1.21 %),0,0,0,0,1722571,45.17
26/09/2023,0,0,58.1(-0.68 %),0,0,0,0,1722571,45.17
27/09/2023,0,0,57.7(-0.69 %),0,0,0,0,1722571,45.17
28/09/2023,200,11220000,57.9(0.35 %),200,11220000,0,0,1722371,45.17
29/09/2023,-500,-28750000,57.9(0.00 %),900,51750000,1400,80500000,1721471,45.17
02/10/2023,0,0,58(0.17 %),0,0,0,0,1721471,45.17
03/10/2023,0,0,57(-1.72 %),0,0,0,0,1722871,45.17
04/10/2023,0,0,56.1(-1.58 %),0,0,0,0,1722871,45.17
05/10/2023,0,0,56.5(0.71 %),0,0,0,0,1722871,45.17
06/10/2023,-100,-5600000,56.5(0.00 %),900,50550000,1000,56150000,1722971,45.17
09/10/2023,0,0,56.5(0.00 %),400,22400000,400,22400000,1722971,45.17
10/10/2023,0,0,56.8(0.53 %),0,0,0,0,1722571,45.17
11/10/2023,-1700,-94510000,58(2.11 %),7300,418490000,9000,513000000,1715671,45.19
12/10/2023,23100,1380710000,59.5(2.59 %),29900,1787960000,6800,407250000,1685771,45.25
13/10/2023,0,0,59.7(0.34 %),0,0,0,0,1694771,45.23
16/10/2023,0,0,59.6(-0.17 %),0,0,0,0,1701571,45.22
17/10/2023,0,0,59.6(0.00 %),0,0,0,0,1701571,45.22
18/10/2023,0,0,59(-1.01 %),0,0,0,0,1701571,45.22
19/10/2023,0,0,58.8(-0.34 %),0,0,0,0,1701571,45.22
20/10/2023,0,0,59(0.34 %),0,0,0,0,1701571,45.22
23/10/2023,0,0,59(0.00 %),0,0,0,0,1701571,45.22
24/10/2023,-600,-34210000,57.2(-3.05 %),0,0,600,34210000,1702171,45.22
25/10/2023,-500,-28600000,58.6(2.45 %),0,0,500,28600000,1701571,45.22
26/10/2023,-300,-16750000,55.5(-5.29 %),0,0,300,16750000,1702171,45.22
27/10/2023,-3900,-215670000,55.3(-0.36 %),0,0,3900,215670000,1702671,45.22
30/10/2023,0,0,58.8(6.33 %),0,0,0,0,1702971,45.22
31/10/2023,0,0,57.4(-2.38 %),0,0,0,0,1706871,45.21
01/11/2023,0,0,56.7(-1.22 %),0,0,0,0,1706871,45.21
02/11/2023,-2000,-108210000,56.4(-0.53 %),0,0,2000,108210000,1708871,45.2
03/11/2023,0,0,55.9(-0.89 %),0,0,0,0,1708871,45.2
06/11/2023,0,0,57(1.97 %),0,0,0,0,1708871,45.2
07/11/2023,0,0,57(0.00 %),0,0,0,0,1708871,45.2
08/11/2023,1400,76300000,54.7(-4.04 %),2000,109300000,600,33000000,1706871,45.21
09/11/2023,-36000,-1936460000,53(-3.11 %),1000,53000000,37000,1989460000,1705871,45.21
10/11/2023,-1000,-53000000,53.8(1.51 %),0,0,1000,53000000,1706471,45.21
13/11/2023,0,0,53.4(-0.74 %),0,0,0,0,1743471,45.13
14/11/2023,-5000,-255150000,52.1(-2.43 %),1000,51000000,6000,306150000,1711471,45.2
15/11/2023,-51000,-2573640000,50.2(-3.65 %),2000,101100000,53000,2674740000,1762471,45.08
16/11/2023,0,0,52.1(3.78 %),0,0,0,0,1762471,45.08
17/11/2023,-14800,-741220000,50.1(-3.84 %),0,0,14800,741220000,1797371,45.01
20/11/2023,-11200,-559050000,50.8(1.40 %),100,5040000,11300,564090000,1798871,45.0
21/11/2023,0,0,50.3(-0.98 %),0,0,0,0,1813671,44.97
22/11/2023,3200,168720000,50.5(0.40 %),100000,5032260000,96800,4863540000,1724971,45.17
23/11/2023,0,0,51.2(1.39 %),0,0,0,0,1724971,45.17
24/11/2023,200,10010000,50.8(-0.78 %),200,10010000,0,0,1724771,45.17
27/11/2023,-600,-30070000,51.4(1.18 %),0,0,600,30070000,1725371,45.17
28/11/2023,0,0,49.4(-3.89 %),0,0,0,0,1725371,45.17
29/11/2023,-200,-10040000,50.1(1.42 %),0,0,200,10040000,1725571,45.17
30/11/2023,0,0,50(-0.20 %),0,0,0,0,1725571,45.17
01/12/2023,1000,49700000,49.7(-0.60 %),1000,49700000,0,0,1822171,44.95
04/12/2023,0,0,51(2.62 %),0,0,0,0,1822171,44.95
05/12/2023,0,0,51.6(1.18 %),0,0,0,0,1822171,44.95
06/12/2023,0,0,51(-1.16 %),0,0,0,0,1822171,44.95
07/12/2023,0,0,50(-1.96 %),0,0,0,0,1822171,44.95
08/12/2023,0,0,51(2.00 %),0,0,0,0,1822171,44.95
11/12/2023,0,0,50.8(-0.39 %),0,0,0,0,1822171,44.95
12/12/2023,-3000,-151500000,50.8(0.00 %),0,0,3000,151500000,1825171,44.94
13/12/2023,0,0,50.8(0.00 %),0,0,0,0,1825171,44.94
14/12/2023,-12900,-659100000,50.5(-0.59 %),0,0,12900,659100000,1838071,44.92
15/12/2023,0,0,50.5(0.00 %),0,0,0,0,1838071,44.92
18/12/2023,7400,363775000,49(-2.97 %),7400,363775000,0,0,1830671,44.93
19/12/2023,-9900,-476270000,49(0.00 %),1200,58060000,11100,534330000,1840571,44.91
20/12/2023,0,0,49.8(1.63 %),4400,215600000,4400,215600000,1840571,44.91
21/12/2023,100,4860000,50(0.40 %),500,24860000,400,20000000,1840471,44.91
22/12/2023,-4000,-199920000,50(0.00 %),0,0,4000,199920000,1844471,44.9
25/12/2023,22500,1150500000,51(2.00 %),22500,1150500000,0,0,1821971,44.95
26/12/2023,7100,358890000,50.5(-0.98 %),9000,454080000,1900,95190000,1814871,44.97
27/12/2023,-2000,-102000000,50.2(-0.59 %),0,0,2000,102000000,1816871,44.96
28/12/2023,-400,-20080000,50.2(0.00 %),0,0,400,20080000,1817271,44.96
29/12/2023,0,0,50.5(0.60 %),0,0,0,0,1817271,44.96
02/01/2024,0,0,50.5(0.00 %),0,0,0,0,1816653,44.96
03/01/2024,0,0,50(-0.99 %),0,0,0,0,1816253,44.96
04/01/2024,200,10100000,50.5(1.00 %),200,10100000,0,0,1816053,44.96
05/01/2024,-4000,-202800000,50.8(0.59 %),0,0,4000,202800000,1820053,44.96
08/01/2024,4400,223440000,51(0.39 %),4400,223440000,0,0,1815653,44.97
09/01/2024,0,0,53.8(5.49 %),0,0,0,0,1816053,44.96
10/01/2024,-8000,-440120000,55(2.23 %),200,10880000,8200,451000000,1815853,44.96
11/01/2024,-126100,-7244790000,57(3.64 %),100,5800000,126200,7250590000,1815753,44.96
12/01/2024,-38400,-2187610000,56.9(-0.18 %),0,0,38400,2187610000,1988153,44.58
15/01/2024,-72300,-4118670000,56.5(-0.70 %),100,5700000,72400,4124370000,1950053,44.67
16/01/2024,-9700,-548800000,56.8(0.53 %),0,0,9700,548800000,1988453,44.58
17/01/2024,-3900,-221420000,57(0.35 %),0,0,3900,221420000,2060853,44.42
18/01/2024,-28800,-1634660000,56.9(-0.18 %),0,0,28800,1634660000,2102853,44.33
19/01/2024,-24100,-1374440000,56.9(0.00 %),100,5680000,24200,1380120000,2126953,44.27
22/01/2024,-83600,-4755810000,56.5(-0.70 %),0,0,83600,4755810000,2210553,44.09
23/01/2024,-1900,-107780000,57.4(1.59 %),0,0,1900,107780000,2212453,44.08
24/01/2024,-20400,-1153160000,56.9(-0.87 %),5000,285500000,25400,1438660000,2232853,44.04
25/01/2024,-1700,-96460000,56.9(0.00 %),0,0,1700,96460000,2234553,44.03
26/01/2024,-2300,-130430000,57(0.18 %),0,0,2300,130430000,2236853,44.03
29/01/2024,-2500,-141820000,56.9(-0.18 %),700,39830000,3200,181650000,2234298,44.03
30/01/2024,-95800,-5472890000,58.1(2.11 %),2400,137160000,98200,5610050000,2234198,44.04
31/01/2024,-74000,-4274720000,57.5(-1.03 %),500,29000000,74500,4303720000,2236898,44.03
01/02/2024,-85900,-4896250000,56.7(-1.39 %),0,0,85900,4896250000,2236898,44.03
02/02/2024,-9700,-548980000,57.1(0.71 %),0,0,9700,548980000,2335098,43.81
05/02/2024,-2100,-119300000,56.8(-0.53 %),0,0,2100,119300000,2248698,44.0
06/02/2024,-19200,-1094040000,57.4(1.06 %),0,0,19200,1094040000,2505198,43.43
07/02/2024,-5200,-296920000,57(-0.70 %),0,0,5200,296920000,2507298,43.43
15/02/2024,-30805,-1768960000,57.7(1.23 %),8600,496250000,39405,2265210000,2517898,43.4
16/02/2024,-900,-52710000,58.3(1.04 %),5600,325160000,6500,377870000,2517498,43.41
19/02/2024,-44900,-2623910000,59(1.20 %),1000,58550000,45900,2682460000,2555903,43.32
20/02/2024,-76100,-4425140000,58.2(-1.36 %),3200,185600000,79300,4610740000,2559203,43.31
21/02/2024,-60400,-3483710000,57.7(-0.86 %),17100,987260000,77500,4470970000,2588003,43.25
22/02/2024,-42640,-2463670000,57.6(-0.17 %),21100,1223680000,63740,3687350000,2588003,43.25
23/02/2024,-5400,-316690000,58(0.69 %),14700,849420000,20100,1166110000,2534243,43.37
26/02/2024,-4600,-264800000,58(0.00 %),8700,501410000,13300,766210000,2764043,42.86
27/02/2024,-2500,-144750000,58.4(0.69 %),5000,289470000,7500,434220000,2541343,43.35
28/02/2024,-300,-16620000,58.5(0.17 %),6400,373620000,6700,390240000,2541643,43.35
29/02/2024,-7500,-433180000,58(-0.85 %),100,5780000,7600,438960000,2793443,42.79
01/03/2024,-6400,-368190000,57.7(-0.52 %),0,0,6400,368190000,2793443,42.79
04/03/2024,0,0,57.9(0.35 %),0,0,0,0,2793443,42.79
05/03/2024,0,0,58.5(1.04 %),0,0,0,0,2814143,42.75
06/03/2024,-1900,-110980000,58.2(-0.51 %),100,5820000,2000,116800000,2795343,42.79
07/03/2024,-7200,-418440000,58(-0.51 %),0,0,7200,418440000,2802543,42.77
08/03/2024,-3300,-190490000,57.7(-0.52 %),1000,58000000,4300,248490000,2805843,42.76
11/03/2024,-14000,-803950000,57.1(-1.04 %),1000,57200000,15000,861150000,2819843,42.73
12/03/2024,100,5710000,57(-0.18 %),100,5710000,0,0,2830843,42.71
13/03/2024,2400,136800000,57.7(1.23 %),2400,136800000,0,0,2843533,42.68
14/03/2024,200,11540000,57.7(0.00 %),200,11540000,0,0,2843333,42.68
15/03/2024,13100,756710000,57.5(-0.35 %),13100,756710000,0,0,2830233,42.71
18/03/2024,0,1480000,56.9(-1.04 %),11300,645670000,11300,644190000,2818933,42.74
19/03/2024,5600,324370000,57.8(1.58 %),5600,324370000,0,0,2813333,42.75
20/03/2024,-500,-28900000,57.8(0.00 %),0,0,500,28900000,2825133,42.72
21/03/2024,500,28900000,57.8(0.00 %),500,28900000,0,0,2824633,42.72
22/03/2024,-700,-40420000,57.7(-0.17 %),0,0,700,40420000,2825333,42.72
25/03/2024,0,0,57.5(-0.35 %),0,0,0,0,2824643,42.72
26/03/2024,0,0,57.2(-0.52 %),0,0,0,0,2824133,42.72
27/03/2024,-100,-5730000,57.5(0.52 %),0,0,100,5730000,2825343,42.72
28/03/2024,0,0,57.2(-0.52 %),0,0,0,0,2825343,42.72
29/03/2024,-7000,-400400000,57.1(-0.17 %),0,0,7000,400400000,2825443,42.72
01/04/2024,6000,342400000,57(-0.18 %),6000,342400000,0,0,2819443,42.73
02/04/2024,-1500,-85350000,57.4(0.70 %),200,11380000,1700,96730000,2826943,42.72
03/04/2024,1600,91040000,56.9(-0.87 %),1600,91040000,0,0,2824665,42.72
04/04/2024,7000,393620000,56.1(-1.41 %),7000,393620000,0,0,2818343,42.74
05/04/2024,7800,433090000,56.8(1.25 %),7800,433090000,0,0,2811565,42.75
08/04/2024,-3000,-168680000,56.3(-0.88 %),0,0,3000,168680000,2813543,42.75
09/04/2024,0,0,56.9(1.07 %),0,0,0,0,2813543,42.75
10/04/2024,-3000,-168000000,56.8(-0.18 %),0,0,3000,168000000,2816543,42.74
11/04/2024,-2400,-134850000,56.5(-0.53 %),0,0,2400,134850000,2814570,42.75
12/04/2024,-14400,-806330000,56.1(-0.71 %),0,0,14400,806330000,2817570,42.74
15/04/2024,-700,-39480000,56.2(0.18 %),0,0,700,39480000,2834043,42.7
16/04/2024,-5000,-279200000,55.8(-0.71 %),0,0,5000,279200000,2839043,42.69
17/04/2024,200,11170000,55.8(0.00 %),200,11170000,0,0,2833843,42.7
19/04/2024,-2300,-126100000,55(-1.43 %),200,10980000,2500,137080000,2836143,42.7
22/04/2024,0,0,55.2(0.36 %),0,0,0,0,2839670,42.69
23/04/2024,300,16230000,54.2(-1.81 %),300,16230000,0,0,2841870,42.68
24/04/2024,0,0,54.6(0.74 %),0,0,0,0,2835843,42.7
25/04/2024,0,0,54.4(-0.37 %),0,0,0,0,2835843,42.7
26/04/2024,-300,-16320000,54.8(0.74 %),0,0,300,16320000,2841870,42.68
02/05/2024,2000,112600000,56.5(3.10 %),2500,140700000,500,28100000,2839370,42.69
03/05/2024,9900,559280000,56.7(0.35 %),11200,632400000,1300,73120000,2828470,42.71
06/05/2024,38500,2242210000,58.9(3.88 %),39400,2294590000,900,52380000,2789570,42.8
07/05/2024,73200,4536660000,63(6.96 %),73700,4567910000,500,31250000,2717170,42.96
08/05/2024,-200,-12490000,62.4(-0.95 %),0,0,200,12490000,2718070,42.96
09/05/2024,-2400,-147890000,61.4(-1.60 %),500,30560000,2900,178450000,2718070,42.96
10/05/2024,1000,59970000,60(-2.28 %),1000,59970000,0,0,2717270,42.96
13/05/2024,24100,1444010000,59.5(-0.83 %),24100,1444010000,0,0,2696070,43.01
14/05/2024,25200,1503190000,59.5(0.00 %),25200,1503190000,0,0,2672570,43.06
15/05/2024,21100,1272700000,61.5(3.36 %),21100,1272700000,0,0,2651470,43.11
16/05/2024,8400,515780000,61.7(0.33 %),8400,515780000,0,0,2643070,43.13
17/05/2024,7800,482390000,61(-1.13 %),7800,482390000,0,0,2633570,43.15
20/05/2024,1500,90960000,59.9(-1.80 %),1500,90960000,0,0,2632070,43.15
21/05/2024,-600,-38880000,59.2(-1.17 %),1600,94880000,2200,133760000,2630530,43.15
22/05/2024,400,23740000,59.5(0.51 %),400,23740000,0,0,2630130,43.16
23/05/2024,800,48000000,60.1(1.01 %),900,54000000,100,6000000,2631430,43.15
24/05/2024,-5600,-333190000,59.7(-0.67 %),0,0,5600,333190000,2647170,43.12
27/05/2024,0,0,59.9(0.34 %),0,0,0,0,2631530,43.15
28/05/2024,0,0,61(1.84 %),0,0,0,0,2637130,43.14
29/05/2024,8100,494200000,61.3(0.49 %),8400,512500000,300,18300000,2628730,43.16
30/05/2024,3400,205480000,61.3(0.00 %),5000,303400000,1600,97920000,2623730,43.17
31/05/2024,-600,-36210000,59.3(-1.33 %),0,0,600,36210000,2624030,43.17
03/06/2024,0,0,60.9(2.70 %),0,0,0,0,2624030,43.17
04/06/2024,800,48000000,60.5(-0.66 %),800,48000000,0,0,2623230,43.17
05/06/2024,500,29630000,60.5(0.00 %),700,41790000,200,12160000,2622730,43.17
06/06/2024,1000,60000000,59.7(-1.32 %),1000,60000000,0,0,2623752,43.17
07/06/2024,1400,82910000,59.9(0.34 %),1600,94960000,200,12050000,2622380,43.17
10/06/2024,7400,442100000,59.9(0.00 %),8000,478010000,600,35910000,2614980,43.19
11/06/2024,4700,289100000,64(6.84 %),7700,479800000,3000,190700000,2623752,43.17
12/06/2024,1900,124320000,65.7(2.66 %),3500,230970000,1600,106650000,2603980,43.21
13/06/2024,0,0,66.2(0.76 %),0,0,0,0,2606980,43.21
14/06/2024,-1500,-99500000,61.9(-6.50 %),1500,96300000,3000,195800000,2607080,43.21
17/06/2024,2300,142510000,62(0.16 %),2500,154970000,200,12460000,2604580,43.21
18/06/2024,2700,167470000,63(1.61 %),2700,167470000,0,0,2604880,43.21
19/06/2024,-100,-6320000,64.4(2.22 %),0,0,100,6320000,2605080,43.21
20/06/2024,400,25880000,64.4(0.00 %),700,45080000,300,19200000,2604380,43.21
21/06/2024,16000,1066050000,67.1(4.19 %),16100,1072730000,100,6680000,2588380,43.25
24/06/2024,-2500,-162400000,64.2(-4.32 %),100,6480000,2600,168880000,2588580,43.25
25/06/2024,-5600,-353960000,62.7(-2.34 %),100,6260000,5700,360220000,2588580,43.25
26/06/2024,-900,-56840000,63.7(1.59 %),0,0,900,56840000,2591180,43.24
27/06/2024,3300,207800000,63.9(0.31 %),3300,207800000,0,0,2593580,43.24
28/06/2024,17315,1088093500,62.5(-2.19 %),17615,1107083500,300,18990000,2576865,43.27
04/07/2024,3500,217000000,62.1(0.16 %),3500,217000000,0,0,2565765,0.0
05/07/2024,-2100,-130200000,62.5(0.64 %),0,0,2100,130200000,2567865,0.0
08/07/2024,-100,-6310000,62.5(0.00 %),0,0,100,6310000,2567965,0.0
09/07/2024,6400,398680000,61.9(-0.96 %),6800,423680000,400,25000000,2561565,0.0
10/07/2024,-2800,-171730000,61(-1.45 %),200,12380000,3000,184110000,2564365,0.0
11/07/2024,4500,284440000,64.7(6.07 %),4500,284440000,0,0,2559865,0.0
12/07/2024,4500,282750000,63.4(-2.01 %),5500,346260000,1000,63510000,2555365,0.0
15/07/2024,-600,-37960000,62.3(-1.74 %),0,0,600,37960000,2555965,0.0
16/07/2024,0,0,63.2(1.44 %),0,0,0,0,2555965,0.0
17/07/2024,-500,-31500000,63.3(0.16 %),0,0,500,31500000,2556465,0.0
18/07/2024,-600,-37950000,63.3(0.00 %),0,0,600,37950000,2557065,0.0
19/07/2024,-700,-43690000,62.3(-1.58 %),0,0,700,43690000,2557765,0.0
22/07/2024,-1500,-91500000,60(-3.69 %),0,0,1500,91500000,2559265,0.0
23/07/2024,8500,513190000,60.2(0.33 %),8500,513190000,0,0,2550765,0.0
24/07/2024,0,0,59.6(-1.00 %),0,0,0,0,2550765,0.0
25/07/2024,14400,859750000,60(0.67 %),15800,943190000,1400,83440000,2536365,0.0
26/07/2024,0,0,59.9(-0.17 %),0,0,0,0,2536365,0.0
29/07/2024,300,17820000,59.9(0.00 %),300,17820000,0,0,2536065,0.0
30/07/2024,300,17820000,59.7(-0.33 %),300,17820000,0,0,2535765,0.0
31/07/2024,1800,106920000,59.2(-0.84 %),1800,106920000,0,0,2533965,0.0
01/08/2024,-300,-17760000,59.2(0.00 %),0,0,300,17760000,2530965,0.0
02/08/2024,7300,427790000,59.2(0.00 %),8000,468770000,700,40980000,2523665,0.0
05/08/2024,-3300,-192770000,59(-0.34 %),100,5820000,3400,198590000,2526965,0.0
06/08/2024,-100,-5880000,59.3(0.51 %),0,0,100,5880000,2527065,0.0
07/08/2024,0,0,59.8(0.84 %),0,0,0,0,2527065,0.0
08/08/2024,2900,172550000,58.4(-2.34 %),3000,178500000,100,5950000,2524165,0.0
09/08/2024,1000,58670000,58.8(0.68 %),1000,58670000,0,0,2523165,0.0
12/08/2024,0,0,58.9(0.17 %),0,0,0,0,2523165,0.0
13/08/2024,-3200,-186260000,58.1(-1.36 %),200,11700000,3400,197960000,2526365,0.0
14/08/2024,400,23210000,58.1(0.00 %),400,23210000,0,0,2525965,0.0
15/08/2024,0,0,57.9(-0.34 %),0,0,0,0,2525965,0.0
16/08/2024,0,20000,59(1.90 %),200,11600000,200,11580000,2525965,0.0
19/08/2024,-100,-5830000,58.9(-0.17 %),0,0,100,5830000,2526065,0.0
20/08/2024,-900,-53250000,58.4(-0.85 %),400,23320000,1300,76570000,2526965,0.0
21/08/2024,0,0,58.3(-0.17 %),0,0,0,0,2526965,0.0
22/08/2024,1800,104640000,58.4(0.17 %),1800,104640000,0,0,2525165,0.0
23/08/2024,-300,-18210000,60(2.74 %),0,0,300,18210000,2525465,0.0
26/08/2024,0,0,58.7(-2.17 %),0,0,0,0,2525465,0.0
27/08/2024,-1600,-93040000,57.6(-1.87 %),200,11560000,1800,104600000,2527065,0.0
28/08/2024,100,5790000,57.9(0.52 %),100,5790000,0,0,2526965,0.0
29/08/2024,0,0,57.6(-0.52 %),0,0,0,0,2526965,0.0
30/08/2024,0,0,57.6(0.00 %),0,0,0,0,2526965,0.0
04/09/2024,-700,-40310000,57.6(0.00 %),0,0,700,40310000,2527265,0.0
05/09/2024,700,40320000,57.6(0.00 %),700,40320000,0,0,2526565,0.0
06/09/2024,0,0,57.1(-0.87 %),0,0,0,0,2526565,0.0
09/09/2024,0,0,56.5(-1.05 %),0,0,0,0,2526565,0.0
10/09/2024,-17900,-1010840000,56(-0.88 %),400,22600000,18300,1033440000,2544465,0.0
11/09/2024,0,0,55.9(-0.18 %),0,0,0,0,2544465,0.0
12/09/2024,-3000,-169730000,56.9(1.79 %),8100,459880000,11100,629610000,2547465,0.0
13/09/2024,-2600,-147420000,56.6(-0.53 %),0,0,2600,147420000,2550065,0.0
16/09/2024,-2100,-117130000,56.1(-0.88 %),8000,448470000,10100,565600000,2552165,0.0
17/09/2024,0,0,56.1(0.00 %),0,0,0,0,2552165,0.0
18/09/2024,0,0,55.9(-0.36 %),0,0,0,0,2552165,0.0
19/09/2024,7100,397440000,56.5(1.07 %),7100,397440000,0,0,2545065,0.0
20/09/2024,0,0,56.4(-0.18 %),0,0,0,0,2545065,0.0
23/09/2024,7200,405880000,56.5(0.18 %),7200,405880000,0,0,2537865,0.0
24/09/2024,9700,551550000,56.5(0.00 %),9700,551550000,0,0,2528165,0.0
25/09/2024,14500,826050000,57.1(1.06 %),14600,831770000,100,5720000,2513665,0.0
26/09/2024,11000,626880000,57.1(0.00 %),11000,626880000,0,0,2502665,0.0
27/09/2024,19300,1101280000,57(-0.18 %),19300,1101280000,0,0,2483365,0.0
30/09/2024,0,0,57(0.00 %),0,0,0,0,2483365,0.0
01/10/2024,1000,56900000,56(-1.75 %),1300,73850000,300,16950000,2484065,0.0
02/10/2024,5300,297340000,57(1.79 %),5300,297340000,0,0,2478765,0.0
03/10/2024,5000,280950000,56(-1.75 %),5000,280950000,0,0,2473765,0.0
04/10/2024,100,5630000,56.1(0.18 %),300,16830000,200,11200000,2473665,0.0
07/10/2024,800,45280000,56.6(0.89 %),800,45280000,0,0,2472865,0.0
08/10/2024,-900,-51030000,55.2(-2.47 %),0,0,900,51030000,2473765,0.0
09/10/2024,-100,-5670000,56.5(2.36 %),0,0,100,5670000,2473865,0.0
10/10/2024,1300,73450000,56.7(0.35 %),1300,73450000,0,0,2472565,0.0
11/10/2024,500,28200000,56.5(-0.35 %),500,28200000,0,0,2472065,0.0
14/10/2024,-300,-16740000,56(-0.88 %),0,0,300,16740000,2472365,0.0
15/10/2024,400,22240000,55.7(-0.54 %),400,22240000,0,0,2471965,0.0
16/10/2024,0,0,55.1(-1.08 %),0,0,0,0,2471965,0.0
17/10/2024,0,0,55.4(0.54 %),0,0,0,0,2471965,0.0
18/10/2024,0,0,55(-0.72 %),0,0,0,0,2471965,0.0
21/10/2024,2200,120980000,55(0.00 %),2200,120980000,0,0,2469765,0.0
22/10/2024,-100,-4400000,54.9(-0.18 %),2900,159310000,3000,163710000,2469865,0.0
23/10/2024,-100,-5500000,54.6(-0.55 %),0,0,100,5500000,2469965,0.0
24/10/2024,600,32800000,54.8(0.37 %),600,32800000,0,0,2469365,0.0
25/10/2024,3500,192570000,55.5(1.28 %),3500,192570000,0,0,2465865,0.0
28/10/2024,0,0,55.3(-0.36 %),0,0,0,0,2465865,0.0
29/10/2024,900,49370000,54.9(-0.72 %),1300,71370000,400,22000000,2464965,0.0
30/10/2024,0,0,54(-1.64 %),0,0,0,0,2464965,0.0
31/10/2024,0,0,54.2(0.37 %),0,0,0,0,2464965,0.0
01/11/2024,0,0,54.4(0.37 %),0,0,0,0,2463925,0.0
04/11/2024,0,0,54.3(-0.18 %),0,0,0,0,2463925,0.0
05/11/2024,-8000,-432100000,54.5(0.37 %),0,0,8000,432100000,2471925,0.0
06/11/2024,0,0,54.7(0.37 %),0,0,0,0,2471925,0.0
07/11/2024,0,0,54.8(0.18 %),0,0,0,0,2471925,0.0
08/11/2024,1100,60900000,55.2(0.73 %),1100,60900000,0,0,2470825,0.0
11/11/2024,400,21900000,55.3(0.18 %),400,21900000,0,0,2470425,0.0
12/11/2024,0,0,55(-0.54 %),0,0,0,0,2454029,43.55
13/11/2024,800,44000000,54.7(-0.55 %),900,49500000,100,5500000,2469625,0.0
14/11/2024,900,49500000,54.7(0.00 %),900,49500000,0,0,2468725,0.0
15/11/2024,0,0,54.7(0.00 %),0,0,0,0,2468725,0.0
18/11/2024,700,38160000,54.5(-0.37 %),1100,59760000,400,21600000,2468025,0.0
19/11/2024,0,0,54.5(0.00 %),0,0,0,0,2468025,0.0
20/11/2024,400,21770000,54.5(0.00 %),400,21770000,0,0,2467625,0.0
21/11/2024,0,0,54.9(0.73 %),0,0,0,0,2467625,0.0
22/11/2024,-100,-5400000,54.3(1.69 %),0,0,100,5400000,2467725,0.0
25/11/2024,200,10640000,53.1(-2.21 %),200,10640000,0,0,2467505,43.52
26/11/2024,0,0,53.2(0.19 %),0,0,0,0,2467605,43.52
27/11/2024,-200,-10900000,54.5(2.44 %),0,0,200,10900000,2467605,43.52
28/11/2024,2300,125350000,53.8(-1.28 %),3000,163500000,700,38150000,2464605,43.52
29/11/2024,900,48470000,53.4(-0.74 %),900,48470000,0,0,2463905,43.52
02/12/2024,0,0,53.5(0.19 %),0,0,0,0,2464605,43.52
03/12/2024,1700,91050000,52.6(-1.68 %),1700,91050000,0,0,2462905,43.53
04/12/2024,200,10520000,53.4(1.52 %),200,10520000,0,0,2462705,43.53
05/12/2024,4100,218900000,53.4(0.00 %),4500,240300000,400,21400000,2458205,43.54
09/12/2024,3300,179520000,54(0.00 %),3500,190400000,200,10880000,2453829,43.55
10/12/2024,0,0,54(0.00 %),0,0,0,0,2453829,43.55
16/12/2024,5200,278200000,53.5(-0.56 %),5200,278200000,0,0,2448370,43.56
17/12/2024,4800,257640000,53.5(0.00 %),4800,257640000,0,0,2443570,43.57
18/12/2024,0,0,53.8(0.56 %),0,0,0,0,2443570,43.57
19/12/2024,-16600,-887210000,53.8(0.00 %),5000,266400000,21600,1153610000,2438570,43.58
20/12/2024,600,32350000,53.6(-0.37 %),700,37740000,100,5390000,2437870,43.58
24/12/2024,0,0,54.7(2.05 %),0,0,0,0,2458570,43.54
25/12/2024,3600,201600000,56.2(2.74 %),4000,224200000,400,22600000,2454570,43.55
26/12/2024,0,0,55.7(-0.89 %),0,0,0,0,2454570,43.55
27/12/2024,3500,193350000,55(-1.26 %),4100,226530000,600,33180000,2450870,43.55
30/12/2024,4000,219730000,55.4(0.73 %),4000,219730000,0,0,2446870,43.56
31/12/2024,3700,203500000,54.5(-1.62 %),3700,203500000,0,0,2443770,43.57
02/01/2025,0,0,54.4(-0.18 %),0,0,0,0,2443770,43.57
03/01/2025,3200,174090000,54.5(0.18 %),4700,255840000,1500,81750000,2439070,43.58
06/01/2025,4500,242500000,54.4(-0.18 %),4500,242500000,0,0,2434570,43.59
07/01/2025,2800,151760000,54.4(0.00 %),2800,151760000,0,0,2434570,43.59
08/01/2025,2000,107360000,54.3(-0.18 %),2000,107360000,0,0,2431270,43.6
09/01/2025,1900,102030000,53.8(-0.92 %),1900,102030000,0,0,2429370,43.6
10/01/2025,12300,659050000,53.5(-0.56 %),12300,659050000,0,0,2417070,43.63
13/01/2025,14500,769860000,52.6(-1.68 %),14900,791220000,400,21360000,2402220,43.66
14/01/2025,1000,52500000,52.6(0.00 %),1000,52500000,0,0,2401220,43.66
15/01/2025,4000,209600000,53.5(1.71 %),4000,209600000,0,0,2397620,43.67
16/01/2025,0,0,53(-0.93 %),0,0,0,0,2397620,0.0
17/01/2025,0,0,52.9(-0.19 %),0,0,0,0,2397620,43.67
20/01/2025,0,0,53.5(1.13 %),0,0,0,0,2397620,43.67
21/01/2025,0,0,53.3(-0.37 %),0,0,0,0,2397620,43.67
22/01/2025,1000,53800000,53.4(0.19 %),1000,53800000,0,0,2396620,43.67
23/01/2025,200,10800000,54(1.12 %),200,10800000,0,0,2396420,43.67
24/01/2025,0,0,53.5(-0.93 %),0,0,0,0,2396420,43.67
03/02/2025,0,0,0(0.00 %),0,0,0,0,2396420,43.67
04/02/2025,2300,124410000,54.4(1.68 %),2300,124410000,0,0,2394120,43.68
05/02/2025,-200,-10920000,54.4(0.00 %),300,16380000,500,27300000,2393820,43.68
06/02/2025,1300,70610000,57.6(5.88 %),1800,98260000,500,27650000,2392020,43.68
07/02/2025,1500,86030000,56.9(-1.22 %),1500,86030000,0,0,2391020,43.69
10/02/2025,-300,-16980000,56.4(-0.88 %),0,0,300,16980000,2391519,43.69
11/02/2025,1400,78570000,56.3(-0.18 %),1500,84170000,100,5600000,2390019,43.69
12/02/2025,-2200,-123860000,56.3(0.00 %),0,0,2200,123860000,2390319,43.69
13/02/2025,-1500,-84070000,56.4(0.18 %),0,0,1500,84070000,2390419,43.69
14/02/2025,2600,146640000,56.6(0.35 %),2600,146640000,0,0,2390019,43.69
17/02/2025,2500,140450000,56.1(-0.88 %),2500,140450000,0,0,2389019,43.69
18/02/2025,1800,99920000,56(-0.18 %),2000,111080000,200,11160000,2387019,43.7
19/02/2025,6500,361890000,55.5(-0.89 %),6500,361890000,0,0,2380519,43.71
20/02/2025,5300,296620000,55.6(0.18 %),5300,296620000,0,0,2375419,43.72
21/02/2025,8600,484000000,57.2(2.88 %),8600,484000000,0,0,2366819,43.74
24/02/2025,13700,775280000,56.5(-1.22 %),13700,775280000,0,0,2353119,43.77
25/02/2025,4400,249490000,57.1(1.06 %),4400,249490000,0,0,2348719,43.78
26/02/2025,700,40460000,57.6(0.88 %),700,40460000,0,0,2348019,43.78
27/02/2025,-1400,-80360000,57.6(0.00 %),0,0,1400,80360000,2348019,43.78
28/02/2025,800,46050000,57.7(0.17 %),800,46050000,0,0,2347219,43.78
03/03/2025,-400,-22400000,56.9(-1.39 %),0,0,400,22400000,2348619,43.78
04/03/2025,-2100,-119490000,57.1(0.35 %),0,0,2100,119490000,2348619,43.78
05/03/2025,0,0,57.1(0.00 %),0,0,0,0,2349019,43.78
06/03/2025,0,0,56.9(-0.35 %),0,0,0,0,2351119,43.78
07/03/2025,2000,113800000,56.8(-0.18 %),2000,113800000,0,0,2349119,43.78
10/03/2025,1400,79850000,57.5(1.23 %),2000,114100000,600,34250000,2347119,43.78
11/03/2025,200,11440000,57.2(-0.52 %),200,11440000,0,0,2347119,43.78
12/03/2025,4800,275080000,57.6(0.70 %),4800,275080000,0,0,2342719,43.79
13/03/2025,1600,91560000,57.3(-0.52 %),2000,114480000,400,22920000,2340719,43.8
14/03/2025,0,0,57(-0.52 %),0,0,0,0,2340719,43.8
17/03/2025,1800,101600000,56.5(-0.88 %),1800,101600000,0,0,2339319,43.8
18/03/2025,0,0,56(-0.88 %),0,0,0,0,2339319,43.8
19/03/2025,0,0,56(0.00 %),0,0,0,0,2339319,43.8
20/03/2025,1000,55500000,54.8(-2.14 %),1000,55500000,0,0,2338319,43.8
21/03/2025,0,0,54.8(0.00 %),0,0,0,0,2338319,43.8
24/03/2025,-100,-5500000,55.1(0.55 %),0,0,100,5500000,2338319,43.8
25/03/2025,0,0,55(-0.18 %),0,0,0,0,2338319,43.8
26/03/2025,0,0,55.1(0.18 %),0,0,0,0,2338419,43.8
27/03/2025,100,5510000,55.1(0.00 %),800,44080000,700,38570000,2337619,43.81
28/03/2025,0,0,54.8(-0.54 %),0,0,0,0,2337619,43.81
31/03/2025,0,0,54.8(0.00 %),0,0,0,0,2338319,43.8
01/04/2025,0,0,55(0.36 %),0,0,0,0,2338319,43.8
02/04/2025,400,22000000,55.3(0.55 %),400,22000000,0,0,2337919,43.8
03/04/2025,-2600,-135940000,52(-5.97 %),1400,72660000,4000,208600000,2336519,43.81
04/04/2025,900,48470000,51.5(-0.96 %),3200,161000000,2300,112530000,2333319,43.81
08/04/2025,89600,4318655000,48.55(-5.73 %),89700,4323515000,100,4860000,2247579,44.01
09/04/2025,4600,229590000,49.9(2.78 %),6700,329420000,2100,99830000,2243083,44.02
10/04/2025,0,0,53.3(6.81 %),0,0,0,0,2243183,44.02
11/04/2025,28100,1550440000,55.4(3.94 %),28900,1594930000,800,44490000,2216370,44.07
14/04/2025,5600,290410000,54.4(-1.81 %),6500,339500000,900,49090000,2209870,44.09
15/04/2025,8900,463890000,52.8(-2.94 %),8900,463890000,0,0,2201770,44.11
16/04/2025,200,10450000,52.5(-0.57 %),500,26200000,300,15750000,2202257,44.11
17/04/2025,-100,-5300000,52.7(0.38 %),0,0,100,5300000,2202257,44.11
18/04/2025,1000,52700000,53.1(0.76 %),1000,52700000,0,0,2201557,44.11
21/04/2025,12500,680580000,55(3.58 %),12600,686080000,100,5500000,2189057,44.14
22/04/2025,14100,752700000,54.7(-0.55 %),14100,752700000,0,0,2174957,44.17
23/04/2025,-28000,-1541070000,56(2.38 %),6100,335610000,34100,1876680000,2168957,44.18
24/04/2025,2300,128230000,56.2(0.36 %),2300,128230000,0,0,2166657,44.19
25/04/2025,17300,982890000,56.8(1.07 %),17300,982890000,0,0,2183457,44.15
28/04/2025,46800,2680940000,57.4(1.06 %),48800,2795740000,2000,114800000,2134657,44.26
29/04/2025,9800,564140000,57.7(0.52 %),11800,679540000,2000,115400000,2122857,44.28
05/05/2025,15900,200670000,61.7(6.93 %),15900,948150000,0,747480000,2121357,44.29
06/05/2025,34200,2158770000,64(3.73 %),42200,2666370000,8000,507600000,2089066,44.36
07/05/2025,16500,1050200000,63.9(-0.16 %),16500,1050200000,0,0,2072566,44.39
08/05/2025,23600,1480710000,62.5(-2.19 %),23600,1480710000,0,0,2048904,44.45
09/05/2025,2400,149390000,63.4(1.44 %),8900,564040000,6500,414650000,2046504,44.45
12/05/2025,200,12630000,62.4(-1.58 %),200,12630000,0,0,2046304,44.45
13/05/2025,-200,-12400000,61.8(-0.96 %),0,0,200,12400000,2046304,44.45
14/05/2025,0,0,61.9(0.16 %),0,0,0,0,2046304,44.45
15/05/2025,11300,-180000000,61.8(-0.16 %),11300,702280000,0,882280000,2046504,44.45
16/05/2025,0,-30101800,60(-0.50 %),0,0,0,30101800,2046504,44.45
19/05/2025,0,-327650000,58.9(-1.83 %),0,0,0,327650000,2049404,44.45
20/05/2025,1800,105720900,59.5(1.02 %),1800,105780000,0,59100,2048106,44.45
21/05/2025,0,0,59.5(0.00 %),0,0,0,0,2053706,44.44
22/05/2025,1200,72240000,60(0.84 %),1200,72240000,0,0,2052506,44.44
23/05/2025,2800,167920000,60.4(0.67 %),3000,180000000,200,12080000,2049706,44.45
26/05/2025,0,-48320000,59.8(-0.99 %),0,0,0,48320000,2049706,44.45
27/05/2025,0,0,60(0.33 %),0,0,0,0,2049706,44.45
28/05/2025,0,0,60(0.00 %),0,0,0,0,2050506,44.44
29/05/2025,0,0,59.5(-0.83 %),0,0,0,0,2050506,44.44
30/05/2025,1600,95260000,59.9(0.67 %),1600,95260000,0,0,2048906,44.45
02/06/2025,0,0,63.8(6.51 %),0,0,0,0,2048906,44.45
03/06/2025,0,-120490000,63.8(0.00 %),0,0,0,120490000,2048906,44.45
04/06/2025,8900,490900000,62.5(-2.04 %),8900,560250000,0,69350000,2041106,44.46
05/06/2025,400,-100140000,62.5(0.00 %),400,24720000,0,124860000,2043006,44.46
06/06/2025,0,-12500000,61.3(-1.92 %),0,0,0,12500000,2043006,44.46
09/06/2025,0,-12530000,63.6(3.75 %),0,0,0,12530000,2044606,44.46
10/06/2025,0,-38160000,62.5(-1.73 %),0,0,0,38160000,2044806,44.46
11/06/2025,-300,-19080000,63.9(2.24 %),0,0,300,19080000,2045006,44.46
12/06/2025,-94800,-6140670000,65(1.72 %),3500,226720000,98300,6367390000,2045606,44.45
13/06/2025,300,19950000,64.4(-0.92 %),800,51700000,500,31750000,2045606,44.45
16/06/2025,200,13080000,64.4(0.00 %),200,13080000,0,0,2140206,44.24
17/06/2025,29500,1908420000,65.2(1.24 %),31100,2010480000,1600,102060000,2110706,44.31
18/06/2025,6300,409670000,65.5(0.46 %),7000,455150000,700,45480000,2104406,44.32
19/06/2025,-1000,-63950000,64.7(-1.22 %),100,6500000,1100,70450000,2104406,44.32
20/06/2025,22100,1408460000,63.7(-1.55 %),22300,1421400000,200,12940000,2082306,44.37
23/06/2025,6700,427390000,64(0.47 %),8700,554790000,2000,127400000,2076606,44.39
24/06/2025,4400,279310000,63.2(-1.25 %),4900,311660000,500,32350000,2072206,44.4
25/06/2025,4900,313740000,64(1.27 %),4900,313740000,0,0,2067306,44.41
26/06/2025,12200,792850000,65(1.56 %),13300,864350000,1100,71500000,2055106,44.43
27/06/2025,900,57900000,64.6(-0.62 %),1000,64450000,100,6550000,2054206,44.44
30/06/2025,5600,367400000,66(2.17 %),7300,478420000,1700,111020000,2048606,44.45
01/07/2025,10500,691270000,66(0.00 %),10500,691270000,0,0,2038106,44.47
02/07/2025,100,6670000,66.5(0.76 %),100,6670000,0,0,2038006,44.47
03/07/2025,-100,-6710000,66(-0.75 %),200,13320000,300,20030000,2038006,44.47
04/07/2025,800,53440000,66.4(0.61 %),1800,120240000,1000,66800000,2037206,44.47
07/07/2025,0,-180000,65.8(-0.90 %),1000,66000000,1000,66180000,2037306,44.47
08/07/2025,5000,329410000,65.9(0.15 %),5300,349060000,300,19650000,2032306,44.48
09/07/2025,-1300,-85220000,65.5(-0.61 %),0,0,1300,85220000,2032306,44.48
10/07/2025,1500,98650000,66(0.76 %),1500,98650000,0,0,2032306,44.48
11/07/2025,600,39570000,65.9(-0.15 %),600,39570000,0,0,2031506,44.49
14/07/2025,-3500,-228060000,65.2(-1.06 %),1200,77760000,4700,305820000,2031506,44.49
15/07/2025,-5300,-345400000,64.2(-1.53 %),500,32150000,5800,377550000,2031506,44.49
16/07/2025,-800,-51440000,64.3(0.16 %),0,0,800,51440000,2035006,44.48
17/07/2025,-3000,-192230000,63.8(-0.78 %),0,0,3000,192230000,2035006,44.48
18/07/2025,700,44590000,63.8(0.00 %),700,44590000,0,0,2040406,44.47
21/07/2025,-5000,-319000000,63.8(0.00 %),0,0,5000,319000000,2043406,44.46
22/07/2025,0,0,64.2(0.63 %),0,0,0,0,2043406,44.46
23/07/2025,-3400,-217840000,64(-0.31 %),0,0,3400,217840000,2048406,44.45
24/07/2025,-8100,-513170000,63.4(-0.94 %),2000,126700000,10100,639870000,2048406,44.45
25/07/2025,-4100,-261180000,63.8(0.63 %),0,0,4100,261180000,2051806,44.44
28/07/2025,10300,656220000,65(1.88 %),11400,727570000,1100,71350000,2049606,44.45
29/07/2025,-800,-51920000,63.9(-1.69 %),0,0,800,51920000,2053706,44.44
30/07/2025,9000,588390000,66.1(3.44 %),9000,588390000,0,0,2044706,44.46
31/07/2025,8000,522630000,65.5(-0.91 %),9400,613850000,1400,91220000,2037537,44.47
01/08/2025,0,0,65.4(-0.15 %),0,0,0,0,2037537,44.47
04/08/2025,200,2240000,69.9(6.88 %),5300,347330000,5100,345090000,2037417,44.47
05/08/2025,76500,5354180000,69.2(-1.00 %),77000,5389480000,500,35300000,1960917,44.64
06/08/2025,800,54670000,68(-1.73 %),800,54670000,0,0,1960117,44.64
07/08/2025,13200,900820000,69.5(2.21 %),13900,948420000,700,47600000,1946917,44.67
08/08/2025,5500,373800000,67.6(-2.73 %),5500,373800000,0,0,1941417,44.69
11/08/2025,21300,1452870000,68.8(1.78 %),22000,1501800000,700,48930000,1920117,44.73
12/08/2025,22800,1568460000,69.3(0.73 %),22800,1568460000,0,0,1897317,44.78
13/08/2025,0,0,67.5(-2.60 %),0,0,0,0,1897317,44.78
14/08/2025,-500,-34210000,69.3(2.67 %),0,0,500,34210000,1897317,44.78
15/08/2025,7000,482270000,68.1(-1.73 %),8500,583710000,1500,101440000,1890317,44.8
18/08/2025,11900,815650000,68.2(0.15 %),12200,836320000,300,20670000,1878917,44.82
19/08/2025,9600,654460000,67.6(-0.88 %),9600,654460000,0,0,1869317,44.85
20/08/2025,15700,1053380000,66.9(-1.04 %),16100,1080020000,400,26640000,1853617,44.88
21/08/2025,12800,889890000,68.8(2.84 %),13000,903890000,200,14000000,1840817,44.91
22/08/2025,18400,1259200000,68(-1.16 %),18400,1259200000,0,0,1840817,44.91
25/08/2025,15200,1043450000,68.5(0.74 %),15700,1077950000,500,34500000,1822417,44.95
