Ngay,KLGDRong,GTDGRong,ThayDoi,KLMua,GtMua,KLBan,GtBan,RoomConLai,DangSoHuu
23/03/2009,10000,456000000,0(0.00 %),10000,456000000,0,0,9134000,0.0
24/03/2009,0,0,0(0.00 %),0,0,0,0,9134000,18.55
25/03/2009,0,0,0(0.00 %),0,0,0,0,9134000,18.55
26/03/2009,0,0,0(0.00 %),0,0,0,0,9134000,18.55
27/03/2009,-13470,-740850000,0(0.00 %),36530,2009150000,50000,2750000000,9147470,18.51
30/03/2009,1110,61050000,0(0.00 %),1110,61050000,0,0,9146360,18.51
31/03/2009,2100,104790000,0(0.00 %),2100,104790000,0,0,9144260,18.52
01/04/2009,530,26047000,52(4.21 %),530,26047000,0,0,9143730,18.52
02/04/2009,0,0,52(0.00 %),0,0,0,0,9143730,18.52
03/04/2009,100,5200000,51(-1.92 %),100,5200000,0,0,9143630,18.52
07/04/2009,0,0,51(0.00 %),0,0,0,0,9143630,18.52
08/04/2009,14100,707535000,49.8(-2.35 %),14600,732085000,500,24550000,9129530,18.57
09/04/2009,4000,197800000,49(-1.61 %),4000,197800000,0,0,9125530,18.58
10/04/2009,-30,-1530000,51(4.08 %),0,0,30,1530000,9125560,18.58
13/04/2009,-2000,-107000000,53.5(4.90 %),0,0,2000,107000000,9127560,18.57
14/04/2009,300,15600000,52.5(-1.87 %),300,15600000,0,0,9127260,18.58
15/04/2009,0,0,50(-4.76 %),0,0,0,0,9127260,18.58
16/04/2009,0,0,50.5(1.00 %),0,0,0,0,9127260,18.58
17/04/2009,300,15000000,49(-2.97 %),300,15000000,0,0,9126960,18.58
20/04/2009,3500,178500000,50(2.04 %),3500,178500000,0,0,9123460,18.59
21/04/2009,2780,145700000,52.5(5.00 %),2780,145700000,0,0,9120680,18.6
22/04/2009,2280,125400000,54.5(3.81 %),2280,125400000,0,0,9118400,18.61
23/04/2009,2200,114600000,52(-4.59 %),2200,114600000,0,0,9116200,18.61
24/04/2009,-2900,-145000000,50.5(-2.88 %),600,30000000,3500,175000000,9119100,18.6
27/04/2009,-1000,-50000000,50(-0.99 %),0,0,1000,50000000,9120100,18.6
28/04/2009,-300,-14760000,50.5(1.00 %),0,0,300,14760000,9120400,18.6
29/04/2009,-780,-39000000,49.8(-1.39 %),0,0,780,39000000,9121180,18.6
04/05/2009,0,0,52(4.42 %),0,0,0,0,9121180,18.6
05/05/2009,60000,3260000000,53.5(2.88 %),60000,3260000000,0,0,9061180,18.8
06/05/2009,26150,1337405000,51(-4.67 %),28150,1441405000,2000,104000000,9035030,18.88
07/05/2009,6500,335750000,52.5(2.94 %),6500,335750000,0,0,9028530,18.9
08/05/2009,60,2850000,52.5(0.00 %),160,8100000,100,5250000,9028470,18.91
11/05/2009,-2000,-105000000,52(-0.95 %),0,0,2000,105000000,9030470,18.9
12/05/2009,-1300,-67450000,52.5(0.96 %),200,10300000,1500,77750000,9031770,18.89
13/05/2009,0,0,52(-0.95 %),0,0,0,0,9031770,18.89
14/05/2009,0,0,51.5(-0.96 %),0,0,0,0,9031770,18.89
15/05/2009,-800,-42200000,52(0.97 %),200,10300000,1000,52500000,9032570,18.89
18/05/2009,0,0,52(0.00 %),0,0,0,0,9032570,18.89
19/05/2009,0,0,51.5(-0.96 %),0,0,0,0,9032570,18.89
20/05/2009,0,0,53(2.91 %),0,0,0,0,9032570,18.89
21/05/2009,0,0,52.5(-0.94 %),0,0,0,0,9032570,18.89
22/05/2009,4000,220000000,55(4.76 %),4000,220000000,0,0,9028570,18.9
25/05/2009,0,0,57.5(4.55 %),0,0,0,0,9028570,18.9
26/05/2009,0,0,60(4.35 %),0,0,0,0,9028570,18.9
27/05/2009,0,0,63(5.00 %),0,0,0,0,9028570,18.9
28/05/2009,0,0,66(4.76 %),0,0,0,0,9028570,18.9
29/05/2009,-8600,-593600000,69(4.55 %),400,27400000,9000,621000000,9037170,18.88
01/06/2009,0,0,72(4.35 %),0,0,0,0,9037170,18.88
02/06/2009,0,0,75.5(4.86 %),0,0,0,0,9037170,18.88
03/06/2009,7360,578940000,79(4.64 %),15000,1182500000,7640,603560000,9029810,18.9
04/06/2009,-7480,-601400000,81.5(3.16 %),2000,162000000,9480,763400000,9037290,18.88
05/06/2009,8360,688210000,83(1.84 %),12160,1003610000,3800,315400000,9028930,18.9
08/06/2009,-15530,-1346610000,87(4.82 %),3500,294000000,19030,1640610000,9044460,18.85
09/06/2009,-17640,-1613695000,90.5(4.02 %),2370,207210000,20010,1820905000,9062100,18.79
10/06/2009,500,43250000,86(-4.97 %),500,43250000,0,0,9061600,18.79
11/06/2009,4110,373600000,86(0.00 %),20010,1740850000,15900,1367250000,9057490,18.81
12/06/2009,10000,840000000,84(-2.33 %),10000,840000000,0,0,9047490,18.84
15/06/2009,-20000,-1615000000,80.5(-4.17 %),0,0,20000,1615000000,9067490,18.78
16/06/2009,500,38250000,76.5(-4.97 %),500,38250000,0,0,9066990,18.78
17/06/2009,10030,745845000,74.5(-2.61 %),10030,745845000,0,0,9056960,18.81
18/06/2009,-19900,-1552200000,78(4.70 %),100,7800000,20000,1560000000,9076860,18.74
19/06/2009,3000,243000000,81.5(4.49 %),3000,243000000,0,0,9073860,18.75
22/06/2009,-28000,-2211000000,77.5(-4.91 %),2000,159000000,30000,2370000000,9101860,18.66
23/06/2009,-1500,-111000000,74(-4.52 %),0,0,1500,111000000,9103360,18.66
24/06/2009,11150,864125000,77.5(4.73 %),11150,864125000,0,0,9092210,18.69
25/06/2009,14800,1098500000,74(-4.52 %),14800,1098500000,0,0,9077410,18.74
26/06/2009,0,0,75(1.35 %),0,0,0,0,9077410,18.74
29/06/2009,10000,730000000,73(-2.67 %),10000,730000000,0,0,9067410,18.78
30/06/2009,20300,1461600000,69.5(-4.79 %),20300,1461600000,0,0,9047110,18.84
01/07/2009,40930,2721845000,67(-3.60 %),51500,3424750000,10570,702905000,9006180,18.98
02/07/2009,0,0,69(2.99 %),0,0,0,0,9006180,18.98
03/07/2009,-3400,-234600000,69(0.00 %),0,0,3400,234600000,9009580,18.97
06/07/2009,11000,790000000,72(4.35 %),11000,790000000,0,0,9005580,18.98
07/07/2009,-18000,-1283000000,70(-2.78 %),12000,862000000,30000,2145000000,9016580,18.94
08/07/2009,35000,2457500000,71(1.43 %),35000,2457500000,0,0,8981580,19.06
09/07/2009,26340,1891480000,72.5(2.11 %),26340,1891480000,0,0,8955240,19.15
10/07/2009,48280,3468690000,72.5(0.00 %),48280,3468690000,0,0,8906960,19.31
13/07/2009,20,1440000,72(-0.69 %),20,1440000,0,0,8906940,19.31
14/07/2009,40000,2845000000,71(-1.39 %),40000,2845000000,0,0,8866940,19.44
15/07/2009,10890,773745000,72(1.41 %),10890,773745000,0,0,8856050,19.48
16/07/2009,17310,1237665000,72(0.00 %),17310,1237665000,0,0,8838740,19.54
17/07/2009,33700,2426400000,72(0.00 %),33700,2426400000,0,0,8805040,19.65
20/07/2009,87600,6282200000,72.5(0.69 %),87600,6282200000,0,0,8717440,19.94
21/07/2009,0,0,73(0.69 %),0,0,0,0,8717440,19.94
22/07/2009,0,0,73(0.00 %),0,0,0,0,8717440,19.94
23/07/2009,0,0,75(2.74 %),0,0,0,0,8717440,19.94
24/07/2009,0,0,78.5(4.67 %),0,0,0,0,8717440,19.94
27/07/2009,280,21980000,78.5(0.00 %),280,21980000,0,0,8717160,19.94
28/07/2009,0,0,75(-4.46 %),0,0,0,0,8717160,19.94
29/07/2009,0,0,74.5(-0.67 %),0,0,0,0,8717160,19.94
30/07/2009,0,0,74.5(0.00 %),0,0,0,0,8717160,19.94
31/07/2009,0,0,76.5(2.68 %),0,0,0,0,8717160,19.94
03/08/2009,-700,-53550000,76.5(0.00 %),0,0,700,53550000,8717860,19.94
04/08/2009,-800,-63200000,79.5(3.92 %),0,0,800,63200000,8718660,19.94
05/08/2009,-470,-38585000,83(4.40 %),30,2415000,500,41000000,8719130,19.94
06/08/2009,74400,6178175000,82(-1.20 %),74400,6178175000,0,0,8644730,20.18
07/08/2009,0,0,80.5(-1.83 %),0,0,0,0,8644730,20.18
10/08/2009,102920,8612730000,84(4.35 %),103220,8637480000,300,24750000,8541810,20.53
11/08/2009,75200,6315350000,84.5(0.60 %),75200,6315350000,0,0,8466610,20.78
12/08/2009,43900,3656500000,83(0.00 %),43900,3656500000,0,0,8422710,20.92
13/08/2009,1000,84500000,83(0.00 %),1000,84500000,0,0,8421710,20.93
14/08/2009,13800,1179200000,85.5(3.01 %),15000,1280000000,1200,100800000,8407910,20.97
17/08/2009,0,0,85.5(0.00 %),0,0,0,0,8407910,20.97
18/08/2009,40000,3425000000,86(0.58 %),40000,3425000000,0,0,8367910,21.11
19/08/2009,21760,1937615000,90(4.65 %),22000,1958615000,240,21000000,8346150,21.18
20/08/2009,-200,-18400000,90(0.00 %),0,0,200,18400000,8346350,21.18
21/08/2009,-84820,-7769870000,91(1.11 %),490,46305000,85310,7816175000,8431170,20.9
24/08/2009,-17380,-1521220000,89.5(-1.65 %),40330,3615970000,57710,5137190000,8448550,20.84
25/08/2009,19500,1728000000,87(-2.79 %),20000,1772500000,500,44500000,8429050,20.9
26/08/2009,20100,1761250000,87.5(0.57 %),20100,1761250000,0,0,8408950,20.97
27/08/2009,-1080,-95110000,87.5(0.00 %),120,10490000,1200,105600000,8410030,20.97
28/08/2009,0,0,68.5(4.42 %),0,0,0,0,8410030,20.97
31/08/2009,0,0,71.5(4.38 %),0,0,0,0,8410030,20.97
01/09/2009,51170,3708120000,72.5(1.40 %),51170,3708120000,0,0,8358860,21.14
03/09/2009,101400,7280700000,71(-2.07 %),101400,7280700000,0,0,8257460,21.48
04/09/2009,3270,233135000,69(-2.82 %),3270,233135000,0,0,8254190,21.49
07/09/2009,1700,116800000,66.5(-3.62 %),1700,116800000,0,0,8252490,21.49
08/09/2009,1500,102000000,69.5(4.51 %),1500,102000000,0,0,8250990,21.5
09/09/2009,154900,10923100000,70.5(1.44 %),154900,10923100000,0,0,8096090,22.01
10/09/2009,126330,8884880000,71(0.71 %),126330,8884880000,0,0,7969760,22.43
11/09/2009,100500,7135500000,70(-1.41 %),100500,7135500000,0,0,7869260,22.77
14/09/2009,130,9020000,69(-1.43 %),280,19370000,150,10350000,7869130,22.77
15/09/2009,-20000,-1355000000,68.5(-0.72 %),50000,3420000000,70000,4775000000,7889130,22.7
16/09/2009,-80000,-5444360000,68(-0.73 %),0,0,80000,5444360000,7969130,22.44
17/09/2009,-95400,-6494560000,68(0.00 %),0,0,95400,6494560000,8064530,22.12
18/09/2009,12080,819940000,68(0.00 %),14180,962740000,2100,142800000,8024360,22.25
21/09/2009,16010,1075100000,67.5(-0.74 %),20760,1398025000,4750,322925000,8036440,22.21
22/09/2009,20560,1373845000,67(-0.74 %),20560,1373845000,0,0,8015880,22.28
23/09/2009,27470,1886130000,67.5(0.75 %),29570,2026830000,2100,140700000,7988410,22.37
24/09/2009,-152000,-10068810000,66(-2.22 %),15500,1030250000,167500,11099060000,8140410,21.87
25/09/2009,0,0,67(1.52 %),0,0,0,0,8140410,35.43
28/09/2009,-362300,-26360445000,66.5(-0.75 %),55770,4026295000,418070,30386740000,8564260,34.73
29/09/2009,160,10190000,65.5(-1.50 %),700,46100000,540,35910000,8124700,21.92
30/09/2009,0,0,66(0.76 %),0,0,0,0,8124700,21.92
01/10/2009,0,0,65.5(-0.76 %),0,0,0,0,8124700,21.92
02/10/2009,0,0,64.5(-1.53 %),0,0,0,0,8124700,21.92
05/10/2009,0,0,63.5(-1.55 %),0,0,0,0,8124700,21.92
06/10/2009,400,25500000,63.5(0.00 %),400,25500000,0,0,8124300,21.92
07/10/2009,46260,3050110000,66.5(4.72 %),49510,3259735000,3250,209625000,8078040,22.07
08/10/2009,34000,2277000000,69.5(4.51 %),35000,2345000000,1000,68000000,8044040,22.19
09/10/2009,400,29000000,71.5(2.88 %),2400,174000000,2000,145000000,8043640,22.19
12/10/2009,0,0,70.5(-1.40 %),0,0,0,0,8043640,22.19
13/10/2009,300,20500000,68(-3.55 %),300,20500000,0,0,8043340,22.19
14/10/2009,-200,-14200000,71(4.41 %),0,0,200,14200000,8043540,22.19
15/10/2009,-2290,-168035000,73(2.82 %),2270,168595000,4560,336630000,8045830,22.18
16/10/2009,250,18000000,70(-4.11 %),250,18000000,0,0,8045580,22.18
19/10/2009,90000,6280000000,72(2.86 %),90000,6280000000,0,0,7955580,22.48
20/10/2009,0,0,70.5(-2.08 %),0,0,0,0,7955580,22.48
21/10/2009,-3510,-242190000,70(-0.71 %),200,13800000,3710,255990000,7959090,22.47
22/10/2009,99870,7075920000,71(1.43 %),100000,7085050000,130,9130000,7859220,22.8
23/10/2009,-23030,-1606085000,69.5(-2.11 %),0,0,23030,1606085000,7882250,29.29
26/10/2009,250,17275000,68(-2.16 %),500,34500000,250,17225000,7882000,29.29
27/10/2009,500,33750000,67.5(-0.74 %),500,33750000,0,0,7881500,29.3
28/10/2009,-260,-17420000,67(-0.74 %),0,0,260,17420000,7881760,29.3
29/10/2009,700,45550000,64(-4.48 %),1000,64750000,300,19200000,7881060,29.3
30/10/2009,0,0,66(3.12 %),0,0,0,0,7881060,29.3
02/11/2009,-72260,-4552380000,63(-4.55 %),0,0,72260,4552380000,7953320,29.12
03/11/2009,0,0,60(-4.76 %),0,0,0,0,7953320,29.12
04/11/2009,-1350,-83350000,61(1.67 %),0,0,1350,83350000,7954670,29.11
05/11/2009,2340,149760000,64(4.92 %),2340,149760000,0,0,7952330,29.12
06/11/2009,0,0,63(-1.56 %),0,0,0,0,7952330,29.12
09/11/2009,0,0,60.5(-3.97 %),0,0,0,0,7952330,29.12
10/11/2009,-10,-610000,60(-0.83 %),0,0,10,610000,7952340,29.12
11/11/2009,0,0,63(5.00 %),0,0,0,0,7952340,29.12
12/11/2009,1400,92400000,66(4.76 %),1400,92400000,0,0,7950940,29.12
13/11/2009,240100,16303580000,69(4.55 %),240100,16303580000,0,0,7710840,29.72
16/11/2009,-400,-27400000,66.5(-3.62 %),0,0,400,27400000,7711240,29.72
17/11/2009,100,6650000,66.5(0.00 %),100,6650000,0,0,7711140,29.72
18/11/2009,-1330,-87780000,66(-0.75 %),0,0,1330,87780000,7712470,29.72
19/11/2009,0,0,66(0.00 %),0,0,0,0,7712470,29.72
20/11/2009,0,0,65.5(-0.76 %),0,0,0,0,7712470,29.72
23/11/2009,0,0,64(-2.29 %),0,0,0,0,7712470,29.72
24/11/2009,4960,314760000,63.5(-0.78 %),4960,314760000,0,0,7707510,29.73
25/11/2009,500,31750000,60.5(-4.72 %),500,31750000,0,0,7707010,29.73
26/11/2009,0,0,57.5(-4.96 %),0,0,0,0,7707010,29.73
27/11/2009,-180,-10080000,60(4.35 %),0,0,180,10080000,7707190,29.73
30/11/2009,0,0,61.5(2.50 %),0,0,0,0,7707190,29.73
01/12/2009,50000,3166470000,63.5(3.25 %),50000,3166470000,0,0,7657190,29.86
02/12/2009,0,0,60.5(-4.72 %),0,0,0,0,7657190,29.86
03/12/2009,0,0,59.5(0.00 %),0,0,0,0,7657190,29.86
04/12/2009,30980,1879170000,61(2.52 %),30980,1879170000,0,0,7626210,29.93
07/12/2009,30700,1894100000,61.5(0.82 %),30700,1894100000,0,0,7595510,30.01
08/12/2009,80700,4775350000,59(-4.07 %),80700,4775350000,0,0,7514810,30.21
09/12/2009,49960,2893840000,59(0.00 %),54460,3150340000,4500,256500000,7464850,30.34
10/12/2009,0,0,59(0.00 %),0,0,0,0,7464850,30.34
11/12/2009,14650,835050000,56.5(-4.24 %),30000,1710000000,15350,874950000,7450200,30.37
14/12/2009,-100,-5800000,58(2.65 %),0,0,100,5800000,7450300,30.37
15/12/2009,1790,102030000,57(-1.72 %),1790,102030000,0,0,7448510,30.38
16/12/2009,137000,7809000000,54.5(-4.39 %),137000,7809000000,0,0,7311510,30.72
17/12/2009,65700,3614460000,55.5(1.83 %),65700,3614460000,0,0,7245810,30.89
18/12/2009,100380,5772040000,58(4.50 %),101380,5828540000,1000,56500000,7145430,31.14
21/12/2009,5100,305300000,60(3.45 %),5100,305300000,0,0,7140330,31.15
22/12/2009,38930,2338765000,58.5(-2.50 %),38960,2340535000,30,1770000,7101400,31.25
23/12/2009,12220,711760000,58(-0.85 %),12220,711760000,0,0,7089180,31.28
24/12/2009,22020,1275350000,59(1.72 %),22020,1275350000,0,0,7067160,31.33
25/12/2009,41030,2459055000,60(1.69 %),41030,2459055000,0,0,7026130,31.43
28/12/2009,17850,1068050000,60(0.00 %),17850,1068050000,0,0,7008280,31.48
29/12/2009,12000,717500000,60(0.00 %),12000,717500000,0,0,6996280,31.51
30/12/2009,27100,1621890000,60(0.00 %),27100,1621890000,0,0,6969180,31.58
31/12/2009,25000,1497500000,59.5(-0.83 %),25000,1497500000,0,0,6944180,31.64
04/01/2010,0,0,61(2.52 %),0,0,0,0,6944180,31.64
05/01/2010,131110,8386040000,64(4.92 %),131110,8386040000,0,0,6813070,31.97
06/01/2010,36250,2345430000,64.5(0.78 %),37260,2410070000,1010,64640000,6776820,32.06
07/01/2010,4900,310300000,63(-2.33 %),4930,312190000,30,1890000,6771920,32.07
08/01/2010,-1570,-99695000,60(-4.76 %),700,44450000,2270,144145000,6773490,32.07
11/01/2010,2270,136835000,60(0.00 %),2270,136835000,0,0,6771220,32.07
12/01/2010,15910,946485000,57.5(-4.17 %),15910,946485000,0,0,6755310,32.11
13/01/2010,6840,396140000,57.5(0.00 %),7540,437090000,700,40950000,6748470,32.13
14/01/2010,35000,2063000000,58.5(1.74 %),35000,2063000000,0,0,6713470,32.22
15/01/2010,18170,1057055000,58(-0.85 %),19320,1124255000,1150,67200000,6695300,32.26
18/01/2010,38070,2167495000,56(-3.45 %),38070,2167495000,0,0,6657230,32.36
19/01/2010,37080,2091265000,58.5(4.46 %),37080,2091265000,0,0,6620150,32.45
20/01/2010,10000,570000000,57(-2.56 %),10000,570000000,0,0,6610150,32.47
21/01/2010,50680,2858745000,55(-3.51 %),50680,2858745000,0,0,6559470,32.6
22/01/2010,1900,115140000,54.5(-0.91 %),42900,2351375000,41000,2236235000,6557570,32.61
25/01/2010,2000,110000000,56.5(3.67 %),2000,110000000,0,0,6555570,32.61
26/01/2010,8950,519995000,58.5(3.54 %),8950,519995000,0,0,6546620,32.63
27/01/2010,21600,1232000000,56.5(-3.42 %),21600,1232000000,0,0,6525020,32.69
28/01/2010,1820,100960000,55.5(-1.77 %),1920,106560000,100,5600000,6523200,32.69
29/01/2010,10220,561100000,55(-0.90 %),10220,561100000,0,0,6512980,32.72
01/02/2010,27750,1525700000,54.5(-0.91 %),27850,1531250000,100,5550000,6485230,32.79
02/02/2010,20040,1102200000,55(0.92 %),20040,1102200000,0,0,6465190,32.84
03/02/2010,23250,1306750000,57(3.64 %),23250,1306750000,0,0,6441940,32.9
04/02/2010,32820,1870640000,57(0.00 %),32820,1870640000,0,0,6409120,32.98
05/02/2010,17300,959650000,55.5(-2.63 %),20000,1110000000,2700,150350000,6391820,33.02
08/02/2010,-8150,-457250000,56(0.90 %),2430,133650000,10580,590900000,6399970,33.0
09/02/2010,7160,393800000,55(-1.79 %),7160,393800000,0,0,6392810,33.02
10/02/2010,50,2800000,56(1.82 %),50,2800000,0,0,6392760,33.02
11/02/2010,0,0,56.5(0.89 %),0,0,0,0,6392760,33.02
12/02/2010,1500,86250000,57(0.88 %),1500,86250000,0,0,6391260,33.02
22/02/2010,0,0,57(0.00 %),0,0,0,0,6391260,33.02
23/02/2010,7720,424600000,55(-3.51 %),7720,424600000,0,0,6383540,33.04
24/02/2010,-26740,-1434685000,53.5(-2.73 %),0,0,26740,1434685000,6410280,32.97
25/02/2010,-36490,-1971415000,54(0.93 %),0,0,36490,1971415000,6446770,32.88
26/02/2010,-22860,-1221580000,53(-1.85 %),100,5400000,22960,1226980000,9200466,32.83
01/03/2010,0,0,55(3.77 %),0,0,0,0,9200466,26.0
02/03/2010,-2150,-117325000,54(-1.82 %),0,0,2150,117325000,9202616,25.99
03/03/2010,0,0,54.5(0.93 %),0,0,0,0,9202616,25.99
04/03/2010,0,0,54.5(0.00 %),0,0,0,0,9202616,25.99
05/03/2010,1550,84690000,55(0.92 %),1550,84690000,0,0,9201066,26.0
08/03/2010,0,0,55.5(0.91 %),0,0,0,0,9201066,26.0
09/03/2010,34920,1973030000,57(2.70 %),35020,1978630000,100,5600000,9166146,26.08
10/03/2010,0,0,56.5(-0.88 %),0,0,0,0,9166146,26.08
11/03/2010,480,27120000,56(-0.88 %),480,27120000,0,0,9165666,26.09
12/03/2010,25410,1433915000,57(1.79 %),32910,1853915000,7500,420000000,9140256,26.15
15/03/2010,21440,1229920000,57(0.00 %),21440,1229920000,0,0,9118816,26.2
16/03/2010,10000,560000000,56(-1.75 %),10000,560000000,0,0,9108816,26.23
17/03/2010,20500,1132500000,54.5(-2.68 %),20500,1132500000,0,0,9088316,26.28
18/03/2010,19570,1066565000,55(0.92 %),19570,1066565000,0,0,9068746,26.33
19/03/2010,34360,1857280000,54(-1.82 %),34360,1857280000,0,0,9034386,26.41
22/03/2010,-3030,-171195000,56.5(4.63 %),0,0,3030,171195000,9037416,26.41
23/03/2010,7010,413090000,59(4.42 %),7010,413090000,0,0,9030406,26.42
24/03/2010,2930,170690000,58(-1.69 %),2930,170690000,0,0,9027476,26.43
25/03/2010,30,1710000,57.5(-0.86 %),30,1710000,0,0,9027446,26.43
26/03/2010,2210,127075000,57.5(0.00 %),2210,127075000,0,0,9025236,26.44
29/03/2010,0,0,58(0.87 %),0,0,0,0,9025236,26.44
30/03/2010,-250,-14250000,57.5(-0.86 %),0,0,250,14250000,9025486,26.44
31/03/2010,6960,402945000,58(0.87 %),6960,402945000,0,0,9018526,26.45
01/04/2010,17220,998260000,58.5(0.86 %),17220,998260000,0,0,9001306,26.5
02/04/2010,19030,1115705000,58.5(0.00 %),19530,1145205000,500,29500000,8982276,26.54
05/04/2010,10600,628400000,61(4.27 %),11100,658400000,500,30000000,8971676,26.57
06/04/2010,76940,4791455000,62(1.64 %),80940,5043955000,4000,252500000,8894736,26.76
07/04/2010,0,0,62.5(0.81 %),0,0,0,0,8894736,26.76
08/04/2010,32540,2015750000,60.5(-3.20 %),33340,2065750000,800,50000000,8862196,26.84
09/04/2010,1000,61000000,61(0.83 %),2500,152500000,1500,91500000,8861196,26.85
12/04/2010,-56800,-3499300000,61(0.00 %),13200,805200000,70000,4304500000,8917996,26.7
13/04/2010,15000,915000000,61(0.00 %),15000,915000000,0,0,8902996,26.74
14/04/2010,10000,607500000,60.5(-0.82 %),10000,607500000,0,0,8892996,26.77
15/04/2010,41880,2553690000,61.5(1.65 %),44880,2738190000,3000,184500000,8851116,26.87
16/04/2010,11080,671340000,60.5(-1.63 %),11080,671340000,0,0,8840036,26.9
19/04/2010,13090,778605000,59.5(-1.65 %),13590,808605000,500,30000000,8826946,26.93
20/04/2010,-140,-8330000,59(-0.84 %),0,0,140,8330000,8827086,26.93
21/04/2010,18340,1128210000,61.5(4.24 %),18640,1146360000,300,18150000,8808746,26.98
22/04/2010,64630,4015230000,61.5(0.82 %),64630,4015230000,0,0,8744116,27.14
26/04/2010,-12830,-790130000,61.5(0.00 %),37170,2262370000,50000,3052500000,8695636,27.26
27/04/2010,37660,2297260000,61(-0.81 %),37660,2297260000,0,0,8706456,27.23
28/04/2010,23650,1430825000,60.5(-0.82 %),23650,1430825000,0,0,8682806,27.29
29/04/2010,6370,385385000,60.5(0.00 %),6370,385385000,0,0,8676436,27.31
04/05/2010,22540,1374670000,61(0.83 %),22540,1374670000,0,0,8653896,27.37
05/05/2010,5000,300000000,60(-1.64 %),5000,300000000,0,0,8648896,27.38
06/05/2010,-1800,-109250000,61.5(2.50 %),0,0,1800,109250000,8650696,27.37
07/05/2010,1200,72600000,60(-2.44 %),1200,72600000,0,0,8649496,27.38
10/05/2010,1500,89250000,59.5(-0.83 %),1500,89250000,0,0,8647996,27.38
11/05/2010,-38550,-2297725000,60(0.84 %),0,0,38550,2297725000,8686546,27.28
12/05/2010,11050,651950000,59(-1.67 %),30000,1770000000,18950,1118050000,8675496,27.31
13/05/2010,-1310,-77325000,59(0.00 %),70,4095000,1380,81420000,8676806,27.31
14/05/2010,0,0,58.5(-0.85 %),0,0,0,0,8676806,27.31
17/05/2010,600,34500000,57.5(-1.71 %),600,34500000,0,0,8676206,27.31
18/05/2010,1000,57000000,57.5(0.00 %),1000,57000000,0,0,8675206,27.31
19/05/2010,-18600,-1041245000,55.5(-3.48 %),0,0,18600,1041245000,8693806,27.27
20/05/2010,16480,918340000,58(4.50 %),16480,918340000,0,0,8677326,27.31
21/05/2010,34520,1916860000,55.5(-4.31 %),34520,1916860000,0,0,8642806,27.39
24/05/2010,1000,55750000,56.5(1.80 %),1000,55750000,0,0,8641806,27.4
25/05/2010,21120,1195180000,56.5(0.00 %),21620,1223530000,500,28350000,8620686,27.45
26/05/2010,11500,655010000,57(0.88 %),11500,655010000,0,0,8609186,27.48
27/05/2010,-1000,-55500000,58(1.75 %),0,0,1000,55500000,8610186,27.47
28/05/2010,-1000,-59000000,59(1.72 %),0,0,1000,59000000,8611186,27.47
31/05/2010,-500,-29500000,58(-1.69 %),0,0,500,29500000,8611686,27.47
01/06/2010,0,0,58.5(0.86 %),0,0,0,0,8611686,27.47
02/06/2010,-8160,-469780000,57.5(-1.71 %),0,0,8160,469780000,8619846,27.45
03/06/2010,112880,6512625000,57.5(0.00 %),162880,9462625000,50000,2950000000,8506966,27.73
04/06/2010,-92360,-5504740000,59(2.61 %),0,0,92360,5504740000,8599326,27.5
07/06/2010,-12630,-739810000,58.5(-0.85 %),0,0,12630,739810000,8611956,27.47
08/06/2010,-17540,-1017600000,58.5(0.00 %),420,24150000,17960,1041750000,8629496,27.43
09/06/2010,18310,1078790000,59(0.85 %),40020,2358680000,21710,1279890000,8611186,27.47
10/06/2010,-17920,-1057685000,59(0.00 %),195830,11553565000,213750,12611250000,8629106,27.43
11/06/2010,-800,-48015000,59(0.00 %),109200,6445850000,110000,6493865000,8629906,27.43
14/06/2010,15000,877500000,58(-1.69 %),15000,877500000,0,0,8614906,27.46
15/06/2010,53000,3076490000,59(1.72 %),53000,3076490000,0,0,8561906,27.6
16/06/2010,24780,1462020000,59(0.00 %),173000,10207000000,148220,8744980000,8537126,27.66
17/06/2010,106720,6296220000,59(0.00 %),106720,6296220000,0,0,8430406,27.92
18/06/2010,95290,5622110000,59(0.00 %),95290,5622110000,0,0,8335116,28.16
21/06/2010,42110,2484480000,59(0.00 %),80110,4726480000,38000,2242000000,8293006,28.27
22/06/2010,11470,676180000,59(0.00 %),131470,7753680000,120000,7077500000,8281536,28.3
23/06/2010,9800,381900000,39.9(1.53 %),10000,390000000,200,8100000,8271736,28.32
24/06/2010,-20370,-786455000,38.5(-3.51 %),37000,1428065000,57370,2214520000,8292106,28.27
25/06/2010,23760,912730000,38(-1.30 %),38260,1463730000,14500,551000000,8268346,28.33
28/06/2010,-29620,-1160905000,39.5(3.95 %),380,14440000,30000,1175345000,8297966,28.26
29/06/2010,-5000,-200000000,40(1.27 %),0,0,5000,200000000,8302966,28.24
30/06/2010,-10250,-396700000,38.2(-4.50 %),20000,764000000,30250,1160700000,8313216,28.22
01/07/2010,0,0,38.4(0.52 %),0,0,0,0,8313216,28.22
02/07/2010,-31230,-1224728000,39.5(2.86 %),1000,38400000,32230,1263128000,8344446,28.14
05/07/2010,34350,1345760000,39.8(0.76 %),34450,1349650000,100,3890000,8310096,28.22
06/07/2010,-20000,-787760000,39.4(-1.01 %),0,0,20000,787760000,8330096,28.17
07/07/2010,4810,183790000,38.1(-3.30 %),27760,1059160000,22950,875370000,8325286,28.19
08/07/2010,0,0,37.8(-0.79 %),0,0,0,0,8325286,28.19
09/07/2010,800,30560000,38.3(1.32 %),800,30560000,0,0,8324486,28.19
12/07/2010,34600,1325090000,38.4(0.26 %),34600,1325090000,0,0,8289886,28.28
13/07/2010,17280,666880000,38.9(1.30 %),17280,666880000,0,0,8272606,28.32
14/07/2010,0,0,38.5(-1.03 %),0,0,0,0,8272606,28.32
15/07/2010,18980,732311000,38.5(0.00 %),21780,840671000,2800,108360000,8253626,28.37
16/07/2010,13050,505739000,38.8(0.78 %),13050,505739000,0,0,8240576,28.4
19/07/2010,13000,503600000,38.8(0.00 %),13000,503600000,0,0,8227576,28.43
20/07/2010,12270,470022000,38.2(-1.55 %),22000,843100000,9730,373078000,8215306,28.46
21/07/2010,4600,175760000,38(-0.52 %),4600,175760000,0,0,8210706,28.47
22/07/2010,-630,-23840000,37.6(-1.05 %),2400,91000000,3030,114840000,8211336,28.47
23/07/2010,0,0,37.5(-0.27 %),0,0,0,0,8211336,28.47
26/07/2010,300,11250000,37.3(-0.53 %),300,11250000,0,0,8211036,28.47
27/07/2010,-4380,-159870000,36.5(-2.14 %),200,7300000,4580,167170000,8215416,28.46
28/07/2010,0,0,36(-1.37 %),0,0,0,0,8215416,28.46
29/07/2010,300,10740000,35.8(-0.56 %),300,10740000,0,0,8215116,28.46
30/07/2010,0,0,35.6(-0.56 %),0,0,0,0,8215116,28.46
02/08/2010,0,0,35.6(0.00 %),0,0,0,0,8215116,28.46
03/08/2010,2100,74600000,35.5(-0.28 %),2100,74600000,0,0,8213016,28.47
04/08/2010,300,10470000,34.7(-2.25 %),300,10470000,0,0,8212716,28.47
05/08/2010,10080,345822000,34.1(-1.73 %),10080,345822000,0,0,8202636,28.49
06/08/2010,0,0,34(-0.29 %),0,0,0,0,8202636,28.49
09/08/2010,0,0,32.6(-4.12 %),0,0,0,0,8202636,28.49
10/08/2010,-170,-5512000,31.2(-4.29 %),90,2808000,260,8320000,8202806,28.49
11/08/2010,120,3744000,31.6(1.28 %),120,3744000,0,0,12409893,28.32
12/08/2010,-11730,-355508000,30.1(-4.75 %),300,9030000,12030,364538000,8214536,28.46
13/08/2010,15700,472050000,30.5(1.33 %),15700,472050000,0,0,8198836,28.5
16/08/2010,-590,-19880000,32(4.92 %),14410,460120000,15000,480000000,8199426,28.5
17/08/2010,20430,669910000,33(3.12 %),20430,669910000,0,0,12390603,28.35
18/08/2010,5540,178674000,31.5(-4.55 %),5540,178674000,0,0,12453103,11.91
19/08/2010,10330,327145000,31.9(1.27 %),10330,327145000,0,0,12442773,28.26
20/08/2010,31740,1041295000,33(3.45 %),31740,1041295000,0,0,12411033,28.31
23/08/2010,1020,32748000,31.8(-3.64 %),4280,136940000,3260,104192000,12410013,28.32
24/08/2010,30830,939055000,30.4(-4.40 %),30840,939367000,10,312000,12379183,28.37
25/08/2010,38140,1121052000,29.4(-3.29 %),38140,1121052000,0,0,12341043,28.43
26/08/2010,27080,819166000,30.8(4.76 %),27080,819166000,0,0,12313963,28.48
27/08/2010,1350,36485000,32(3.90 %),3380,101445000,2030,64960000,12312613,28.48
30/08/2010,30620,1025723000,33.6(5.00 %),30620,1025723000,0,0,12281993,28.53
31/08/2010,77000,2655790000,35(4.17 %),77090,2658868000,90,3078000,12204993,28.66
01/09/2010,35190,1227141000,35(0.00 %),35190,1227141000,0,0,12169803,28.72
06/09/2010,9820,353966000,36(2.86 %),9820,353966000,0,0,12159983,28.73
07/09/2010,11020,394264000,35.8(-0.56 %),11020,394264000,0,0,12148963,28.75
08/09/2010,54080,1897249000,35.5(-0.84 %),54080,1897249000,0,0,12094883,28.84
09/09/2010,4290,153687000,35.7(0.56 %),10340,368462000,6050,214775000,12090593,28.85
10/09/2010,3280,116597000,35(-1.96 %),3280,116597000,0,0,12087313,28.85
13/09/2010,19980,684014000,34.2(-2.29 %),19980,684014000,0,0,12067333,28.89
14/09/2010,0,0,34.5(0.88 %),0,0,0,0,12067333,28.89
15/09/2010,15680,529616000,33.8(0.90 %),15680,529616000,0,0,12051653,28.91
16/09/2010,1690,57291000,33.9(0.30 %),4790,162181000,3100,104890000,12049963,28.92
17/09/2010,5000,170000000,34(0.29 %),5000,170000000,0,0,12044963,28.92
20/09/2010,14820,511278000,34.5(1.47 %),14820,511278000,0,0,12030143,28.95
21/09/2010,-53420,-1773120000,33(-4.35 %),650,21950000,54070,1795070000,12083563,28.86
22/09/2010,6310,211338000,33.8(2.42 %),6310,211338000,0,0,12077253,28.87
23/09/2010,15030,508014000,33.8(0.00 %),15030,508014000,0,0,12062223,28.9
24/09/2010,5000,169000000,33.8(0.00 %),5000,169000000,0,0,12057223,28.9
27/09/2010,5000,168500000,33.7(-0.30 %),5000,168500000,0,0,12052223,28.91
28/09/2010,11390,384742000,33.8(0.30 %),11390,384742000,0,0,12040833,28.93
29/09/2010,13750,467450000,34(0.59 %),13750,467450000,0,0,12027083,28.95
30/09/2010,43590,1480154000,34.1(0.29 %),43590,1480154000,0,0,11983493,29.03
01/10/2010,14000,476710000,34(-0.29 %),14000,476710000,0,0,11969493,29.05
04/10/2010,57100,1930238000,34(0.00 %),57100,1930238000,0,0,11912393,29.15
05/10/2010,36290,1227564000,34(0.00 %),37290,1261064000,1000,33500000,11876103,29.21
06/10/2010,74860,2563140000,34.5(1.47 %),74860,2563140000,0,0,11801243,29.33
07/10/2010,65000,2239418000,34.6(0.29 %),65000,2239418000,0,0,11736243,29.44
08/10/2010,25300,871405000,34.5(-0.29 %),25300,871405000,0,0,11710943,29.48
11/10/2010,10410,357002000,34.5(0.00 %),10410,357002000,0,0,11700533,29.5
12/10/2010,150,5150000,34(-1.45 %),150,5150000,0,0,11700383,29.5
13/10/2010,35980,1227544000,34.3(0.88 %),35980,1227544000,0,0,11664403,29.56
14/10/2010,30360,1039355000,34.3(0.00 %),30360,1039355000,0,0,11634043,29.61
15/10/2010,37950,1302380000,34.4(0.29 %),37950,1302380000,0,0,11596093,29.67
18/10/2010,35000,1196400000,34.4(0.00 %),35000,1196400000,0,0,11561093,29.73
19/10/2010,96900,3305195000,34.3(-0.29 %),98300,3353015000,1400,47820000,11464193,29.89
20/10/2010,89500,3029871000,33.7(-1.75 %),189500,6399871000,100000,3370000000,11374693,30.04
21/10/2010,83460,2799776000,33.6(-0.30 %),83460,2799776000,0,0,11291233,30.18
22/10/2010,69630,2350171000,34.2(1.79 %),69630,2350171000,0,0,11221603,30.3
25/10/2010,61410,2073717000,33.7(-1.46 %),61410,2073717000,0,0,11160193,30.4
26/10/2010,40000,1359736000,34.2(1.48 %),40000,1359736000,0,0,11120193,30.47
27/10/2010,27900,951574000,34.2(0.00 %),27900,951574000,0,0,11092293,30.51
28/10/2010,30000,1020000000,34(-0.58 %),30000,1020000000,0,0,11062293,30.56
29/10/2010,12920,438522000,34(0.00 %),42580,1446962000,29660,1008440000,11049373,30.58
01/11/2010,9460,321520000,34(0.00 %),19460,661520000,10000,340000000,11039913,30.6
02/11/2010,21300,721307000,33.9(-0.29 %),26300,891307000,5000,170000000,11018613,30.64
03/11/2010,29530,1000366000,33.9(0.00 %),29530,1000366000,0,0,10989083,30.68
04/11/2010,11570,391128000,33.9(0.00 %),16570,561128000,5000,170000000,10977513,30.7
05/11/2010,11970,405877000,34.1(0.59 %),44330,1508353000,32360,1102476000,10965543,30.72
08/11/2010,65810,2251129000,34.2(0.29 %),72210,2470309000,6400,219180000,10899733,30.83
09/11/2010,45640,1563923000,34.4(0.58 %),45640,1563923000,0,0,10854093,30.91
10/11/2010,18850,648440000,34.4(0.00 %),18850,648440000,0,0,10835243,30.94
11/11/2010,15000,513000000,34.2(-0.58 %),15000,513000000,0,0,10820243,30.97
12/11/2010,71630,2444921000,34.2(0.00 %),71630,2444921000,0,0,10748613,31.09
15/11/2010,33940,1154742000,34(-0.58 %),43940,1487630000,10000,332888000,10714673,31.14
16/11/2010,-4320,-140033000,33.5(-1.47 %),31680,1055998000,36000,1196031000,10718993,31.13
17/11/2010,-22690,-749246000,32.9(-1.79 %),0,0,22690,749246000,10741683,31.1
18/11/2010,39570,1336215000,33.8(2.74 %),42360,1427446000,2790,91231000,10702113,31.16
19/11/2010,34370,1159471000,33.7(-0.30 %),39370,1326028000,5000,166557000,10667743,31.22
22/11/2010,49000,1648120000,33.7(0.00 %),54000,1811012000,5000,162892000,10618743,31.3
23/11/2010,41680,1404371000,33.7(0.00 %),41680,1404371000,0,0,10577063,31.37
24/11/2010,21480,727130000,33.7(0.00 %),26480,892299000,5000,165169000,10555583,31.41
25/11/2010,39450,1331330000,33.7(0.00 %),39450,1331330000,0,0,10516133,31.47
26/11/2010,26050,877847000,33.7(0.00 %),31050,1045637000,5000,167790000,10490083,31.52
29/11/2010,44400,1495337000,33.7(0.00 %),44400,1495337000,0,0,10445683,31.59
30/11/2010,1780,60392000,34(0.89 %),56360,1920601000,54580,1860209000,10443903,31.59
01/12/2010,-7830,-263423000,33.7(-0.88 %),18340,616634000,26170,880057000,10451733,31.58
02/12/2010,-2130,-72119000,33.6(-0.30 %),14250,479300000,16380,551419000,10453863,31.58
03/12/2010,-14120,-478546000,33.9(0.89 %),7880,266784000,22000,745330000,10467983,31.55
06/12/2010,-33580,-1136876000,33.9(0.00 %),7100,240690000,40680,1377566000,10501563,31.5
07/12/2010,-17380,-582552000,33.5(-1.18 %),12810,432579000,30190,1015131000,10518943,31.47
08/12/2010,5550,186225000,33.2(-0.90 %),5550,186225000,0,0,10513393,31.48
09/12/2010,2400,79409000,33(-0.60 %),27400,903790000,25000,824381000,10510993,31.48
10/12/2010,23360,786087000,33.8(2.42 %),23360,786087000,0,0,10487633,31.52
13/12/2010,8310,285523000,34.4(1.78 %),13310,456523000,5000,171000000,10479323,31.53
14/12/2010,36520,1242122000,34(-1.16 %),62620,2128300000,26100,886178000,10442803,31.6
15/12/2010,32410,1105293000,34.1(0.29 %),66760,2274118000,34350,1168825000,10410393,31.65
16/12/2010,23080,777788000,33.5(-1.76 %),23080,777788000,0,0,10387313,31.69
17/12/2010,22450,754162000,34(1.49 %),32450,1090162000,10000,336000000,10364863,31.72
20/12/2010,137850,4754160000,35.7(5.00 %),155350,5378910000,17500,624750000,10227013,31.95
21/12/2010,20610,760546000,37.4(4.76 %),67010,2495906000,46400,1735360000,10206403,31.99
22/12/2010,24950,944275000,37.5(0.27 %),24950,944275000,0,0,10181453,32.03
23/12/2010,71900,2697156000,37.6(0.27 %),103880,3906198000,31980,1209042000,10109553,32.15
24/12/2010,65960,2424272000,37(-1.60 %),65960,2424272000,0,0,10043593,32.26
27/12/2010,105280,3864228000,36.6(-1.08 %),130280,4784228000,25000,920000000,9938313,32.44
28/12/2010,46050,1674182000,36.3(-0.82 %),46050,1674182000,0,0,9892263,32.51
29/12/2010,79080,2854680000,36(-0.83 %),79080,2854680000,0,0,9813183,32.64
30/12/2010,28890,1027816000,35.2(-2.22 %),28890,1027816000,0,0,9784293,32.69
31/12/2010,58450,2088548000,35.6(1.14 %),58450,2088548000,0,0,9725843,32.79
04/01/2011,17140,624387000,36.3(1.97 %),17140,624387000,0,0,9708703,32.82
05/01/2011,49810,1783231000,35.6(-1.93 %),49810,1783231000,0,0,9658893,32.9
06/01/2011,24230,848450000,35(1.16 %),24230,848450000,0,0,9634663,32.94
07/01/2011,41710,1459850000,35(0.00 %),41710,1459850000,0,0,9592953,33.01
10/01/2011,47620,1671291000,35.5(1.43 %),47620,1671291000,0,0,9545333,33.09
11/01/2011,40610,1417886000,35(-1.41 %),40610,1417886000,0,0,9504723,33.16
12/01/2011,12850,449490000,35(0.00 %),12850,449490000,0,0,9491873,33.18
13/01/2011,22210,778693000,35(0.00 %),22610,792693000,400,14000000,9469663,33.22
14/01/2011,40460,1432389000,35.4(1.14 %),40460,1432389000,0,0,9429203,33.28
17/01/2011,10000,354330000,35.5(0.28 %),10000,354330000,0,0,9419203,33.3
18/01/2011,52680,1858593000,35.3(-0.56 %),55080,1943313000,2400,84720000,9366523,33.39
19/01/2011,61620,2196210000,35.8(1.42 %),63120,2249310000,1500,53100000,9304903,33.49
20/01/2011,84860,3039070000,36(0.56 %),84860,3039070000,0,0,9220043,33.63
21/01/2011,31980,1159840000,36.4(1.11 %),31980,1159840000,0,0,9188063,33.69
24/01/2011,42810,1573387000,36.8(1.10 %),42810,1573387000,0,0,9145253,33.76
25/01/2011,41980,1544163000,36.7(-0.27 %),41980,1544163000,0,0,9103273,33.83
26/01/2011,33020,1216362000,36.9(0.54 %),33020,1216362000,0,0,9070253,39.77
27/01/2011,59790,2221505000,37.5(1.63 %),59790,2221505000,0,0,9010463,33.98
28/01/2011,60590,2267744000,37.4(-0.27 %),60590,2267744000,0,0,8949873,34.08
08/02/2011,-15660,-586733000,37.5(0.27 %),23320,872943000,38980,1459676000,8965533,34.06
09/02/2011,8020,300424000,37.4(-0.27 %),29820,1118624000,21800,818200000,8957513,34.07
10/02/2011,19040,709096000,37.4(0.00 %),27000,1006800000,7960,297704000,8938473,34.1
11/02/2011,22680,848516000,37.4(0.00 %),27680,1033516000,5000,185000000,8915793,34.14
14/02/2011,27000,1006200000,37.2(-0.53 %),27000,1006200000,0,0,8888793,34.19
15/02/2011,3120,114132000,36.1(-2.96 %),3120,114132000,0,0,8885673,34.19
16/02/2011,27000,996900000,36.9(2.22 %),27000,996900000,0,0,8858673,34.24
17/02/2011,27140,1001330000,37(0.27 %),33210,1225920000,6070,224590000,8831533,34.28
18/02/2011,42390,1550164000,36.2(-2.16 %),42390,1550164000,0,0,8789143,34.35
21/02/2011,0,0,34.4(-4.97 %),0,0,0,0,8818673,34.3
22/02/2011,-4500,-152100000,33(-4.07 %),0,0,4500,152100000,8793643,34.34
23/02/2011,5920,201880000,34.2(3.64 %),5920,201880000,0,0,8787723,34.35
24/02/2011,-30950,-1016092000,32.6(-4.68 %),0,0,30950,1016092000,8818673,34.3
25/02/2011,3520,117920000,33.5(2.76 %),3520,117920000,0,0,8815153,34.31
28/02/2011,0,0,32.1(-4.18 %),0,0,0,0,8815153,34.31
01/03/2011,0,0,31.6(-1.56 %),0,0,0,0,8815153,34.31
02/03/2011,0,0,30.1(-4.75 %),0,0,0,0,8815153,34.31
03/03/2011,0,0,29.4(-2.33 %),0,0,0,0,0,0.0
04/03/2011,0,0,29.3(-0.34 %),0,0,0,0,0,0.0
07/03/2011,130,3789000,29.4(0.34 %),270,7965000,140,4176000,0,0.0
08/03/2011,-1990,-58417000,29.4(0.00 %),0,0,1990,58417000,0,0.0
09/03/2011,10500,309390000,29.1(-1.02 %),20000,585500000,9500,276110000,0,0.0
10/03/2011,5090,153718000,30.2(3.78 %),5090,153718000,0,0,0,0.0
11/03/2011,-2800,-84840000,30.3(0.33 %),200,6060000,3000,90900000,0,0.0
14/03/2011,-3000,-84745000,29(-4.29 %),2000,60600000,5000,145345000,0,0.0
15/03/2011,-13010,-376168000,28.8(-0.69 %),0,0,13010,376168000,0,0.0
16/03/2011,-18060,-521631000,28.7(-0.35 %),0,0,18060,521631000,8808713,34.32
17/03/2011,-14110,-406437000,29(1.05 %),0,0,14110,406437000,8822823,34.3
18/03/2011,-19950,-577691000,29(0.00 %),1250,36250000,21200,613941000,8842773,34.26
21/03/2011,-1900,-55670000,29.3(1.03 %),0,0,1900,55670000,8844673,34.26
22/03/2011,-68440,-1925970000,27.9(-4.78 %),0,0,68440,1925970000,8913113,34.14
23/03/2011,-24800,-697358000,28(0.36 %),0,0,24800,697358000,8937913,34.1
24/03/2011,-290,-8265000,28.5(1.79 %),0,0,290,8265000,8938203,34.1
25/03/2011,0,0,28.5(0.00 %),0,0,0,0,8938203,34.1
28/03/2011,13510,383388000,28.5(0.00 %),18220,517152000,4710,133764000,8924693,34.13
29/03/2011,0,0,28.2(-1.05 %),0,0,0,0,8924693,34.13
30/03/2011,6840,192340000,28.4(0.71 %),6840,192340000,0,0,8917853,34.14
31/03/2011,19870,557380000,28.2(-0.70 %),19870,557380000,0,0,8897983,34.17
01/04/2011,0,0,28.2(0.00 %),0,0,0,0,8937053,34.1
04/04/2011,0,0,28.4(0.71 %),0,0,0,0,8937053,34.1
05/04/2011,500,14020000,28(-1.41 %),500,14020000,0,0,8936553,34.11
06/04/2011,0,0,28.5(1.79 %),105500,2994500000,105500,2994500000,8936553,34.11
07/04/2011,21320,607149000,28.5(0.00 %),355820,10307649000,334500,9700500000,8915233,34.14
08/04/2011,10010,285210000,28.5(0.00 %),10010,285210000,0,0,8905223,34.16
13/04/2011,0,0,28.2(-1.05 %),0,0,0,0,8905223,34.16
14/04/2011,0,0,28(-0.71 %),0,0,0,0,8905223,34.16
15/04/2011,7250,203125000,28(0.00 %),7250,203125000,0,0,8897973,34.17
18/04/2011,3410,95080000,27.6(-1.43 %),3410,95080000,0,0,8894563,34.18
19/04/2011,6930,191196000,27.9(1.09 %),6930,191196000,0,0,8887633,34.19
20/04/2011,3670,103787000,28.4(1.79 %),17270,488825000,13600,385038000,8883963,34.19
21/04/2011,0,0,28.2(-0.70 %),0,0,0,0,8883963,34.19
22/04/2011,0,0,27.5(-2.48 %),0,0,0,0,8883963,34.19
25/04/2011,2000,55000000,27.7(0.73 %),2000,55000000,0,0,8881963,34.2
26/04/2011,7010,196918000,28.2(1.81 %),7010,196918000,0,0,8874953,34.21
27/04/2011,12910,363972000,28.2(0.00 %),13910,392272000,1000,28300000,8862043,34.23
28/04/2011,0,0,27.9(-1.06 %),0,0,0,0,8862043,34.23
29/04/2011,7890,221498000,27.9(0.00 %),7890,221498000,0,0,8854153,34.24
04/05/2011,0,0,27.7(-0.72 %),0,0,0,0,8853153,34.24
05/05/2011,6820,190324000,28(1.08 %),6820,190324000,0,0,8846333,34.26
06/05/2011,0,0,27.2(-2.86 %),0,0,0,0,8846333,34.26
09/05/2011,0,0,27.3(0.37 %),0,0,0,0,8846333,34.26
10/05/2011,2000,54800000,27.4(0.37 %),2000,54800000,0,0,8844333,34.26
11/05/2011,0,0,26.9(0.00 %),0,0,0,0,8844333,34.26
12/05/2011,0,0,26.7(-0.74 %),0,0,0,0,8844333,34.26
13/05/2011,420,10767000,25.6(-4.12 %),420,10767000,0,0,8843913,34.26
16/05/2011,1020,26917000,25.8(0.78 %),1020,26917000,0,0,8842893,34.26
17/05/2011,1540,39116000,25.4(-1.55 %),1540,39116000,0,0,8841353,34.26
18/05/2011,12680,322471000,25.4(0.00 %),12680,322471000,0,0,8828673,34.29
19/05/2011,180,4464000,24.8(-2.36 %),180,4464000,0,0,8828493,34.29
20/05/2011,-7290,-176850000,23.6(-4.84 %),1330,32303000,8620,209153000,8835783,34.27
23/05/2011,-10240,-233554000,22.5(-4.66 %),0,0,10240,233554000,8846023,34.26
24/05/2011,-19170,-410662000,21.4(-4.89 %),150,3210000,19320,413872000,8865193,34.22
25/05/2011,2010,42704000,20.5(-4.21 %),10080,207632000,8070,164928000,8863183,34.23
26/05/2011,100,1950000,21.5(4.88 %),100,1950000,0,0,8863083,34.23
27/05/2011,4000,89700000,22.5(4.65 %),4000,89700000,0,0,8859083,34.23
30/05/2011,9400,216000000,22.8(1.33 %),9400,216000000,0,0,8849683,34.25
31/05/2011,0,0,22.8(0.00 %),0,0,0,0,8849683,34.25
01/06/2011,9340,223092000,23.9(4.82 %),9340,223092000,0,0,8841143,34.26
02/06/2011,-26500,-653600000,25(4.60 %),0,0,26500,653600000,8867643,34.22
03/06/2011,-11370,-283715000,25(0.00 %),2500,60000000,13870,343715000,8879013,34.2
06/06/2011,-5000,-125160000,25.4(1.60 %),1000,25000000,6000,150160000,8884013,34.19
07/06/2011,-20090,-512587000,25.6(0.79 %),0,0,20090,512587000,8904103,34.16
08/06/2011,-14000,-355000000,25.6(0.00 %),16000,398400000,30000,753400000,8918103,34.14
09/06/2011,-42300,-1047645000,24.5(-4.30 %),0,0,42300,1047645000,8960403,34.07
10/06/2011,-19850,-482925000,23.8(-2.86 %),0,0,19850,482925000,8980253,34.03
13/06/2011,-285150,-6493329000,22.7(-4.62 %),10000,227000000,295150,6720329000,9265403,33.56
14/06/2011,-109370,-2408731000,21.6(-4.85 %),35000,756000000,144370,3164731000,9374773,33.38
15/06/2011,-270690,-5713336000,20.6(-4.63 %),7100,150530000,277790,5863866000,9645463,32.92
16/06/2011,-377000,-8037480000,21.6(4.85 %),100,2150000,377100,8039630000,10022463,32.3
17/06/2011,-293950,-6643270000,22.6(4.63 %),45000,1017000000,338950,7660270000,10316413,31.81
20/06/2011,-277500,-6576901000,23.7(4.87 %),411500,9752399000,689000,16329300000,10593913,31.34
21/06/2011,9030,220179000,24.8(4.64 %),9030,220179000,0,0,10584883,31.36
22/06/2011,-500,-12000000,24.9(0.40 %),0,0,500,12000000,10585383,31.36
23/06/2011,-79320,-1959355000,24.8(-0.40 %),0,0,79320,1959355000,10664703,31.23
24/06/2011,347170,8652369000,25(0.81 %),357170,8902369000,10000,250000000,10317533,31.8
27/06/2011,-5660,-146594000,26.2(4.80 %),0,0,5660,146594000,10323193,31.79
28/06/2011,-21200,-555170000,26.5(1.15 %),0,0,21200,555170000,10344393,31.76
29/06/2011,0,0,26.6(0.38 %),0,0,0,0,10344393,31.76
30/06/2011,-20000,-549350000,27.6(3.76 %),0,0,20000,549350000,10364393,31.73
01/07/2011,20470,542546000,26.5(-3.99 %),20470,542546000,0,0,10322113,31.8
04/07/2011,4220,107330000,25.6(-3.40 %),10200,261300000,5980,153970000,10317893,31.8
05/07/2011,-150,-3930000,26.2(2.34 %),0,0,150,3930000,10318043,31.8
06/07/2011,0,0,26.1(-0.38 %),0,0,0,0,10318043,31.8
07/07/2011,37670,967086000,26.1(0.00 %),57670,1476324000,20000,509238000,10280373,31.87
08/07/2011,11200,289864000,26.5(1.53 %),11200,289864000,0,0,10269173,31.88
11/07/2011,7440,193782000,26.1(-1.51 %),7440,193782000,0,0,10261733,31.9
12/07/2011,39330,1022580000,26.2(0.38 %),39330,1022580000,0,0,10222403,31.96
13/07/2011,33220,863550000,26.2(0.00 %),33220,863550000,0,0,10189183,32.02
14/07/2011,68500,1709976000,25.4(0.79 %),68500,1709976000,0,0,10120683,32.13
15/07/2011,12770,319250000,25.1(-1.18 %),12770,319250000,0,0,10107913,32.15
18/07/2011,0,0,25.9(3.19 %),0,0,0,0,10107913,32.15
19/07/2011,0,0,25.9(0.00 %),0,0,0,0,10107913,32.15
20/07/2011,-11000,-285407000,25.8(-0.39 %),22000,565993000,33000,851400000,10118913,32.13
21/07/2011,8000,204900000,25.9(0.39 %),28000,721900000,20000,517000000,10110913,32.15
22/07/2011,50000,1313568000,26.7(3.09 %),50000,1313568000,0,0,10060913,32.23
25/07/2011,0,0,27.8(4.12 %),0,0,0,0,10060913,32.23
26/07/2011,0,0,27.7(-0.36 %),0,0,0,0,10060913,32.23
27/07/2011,0,0,27.3(-1.44 %),0,0,0,0,10060913,32.23
28/07/2011,10,274000,27(-1.10 %),10,274000,0,0,10060903,32.23
29/07/2011,0,0,27(0.00 %),0,0,0,0,10060903,32.23
01/08/2011,1500,40950000,27.2(0.74 %),1500,40950000,0,0,10080133,32.2
02/08/2011,0,0,27.1(-0.37 %),0,0,0,0,10080133,32.2
03/08/2011,0,0,26.3(-2.95 %),0,0,0,0,10080133,32.2
04/08/2011,0,0,26.5(0.76 %),0,0,0,0,10080133,32.2
05/08/2011,0,0,26(-1.89 %),0,0,0,0,10080133,32.2
08/08/2011,20000,517700000,26.3(1.15 %),20000,517700000,0,0,10060133,32.23
09/08/2011,0,0,25.9(-1.52 %),0,0,0,0,10060133,32.23
10/08/2011,175000,4602065000,26.3(1.54 %),175000,4602065000,0,0,9885133,32.52
11/08/2011,23000,604900000,26.6(1.14 %),23000,604900000,0,0,9862133,32.56
12/08/2011,-3250,-86850000,26.8(0.75 %),0,0,3250,86850000,9865383,32.56
15/08/2011,1000,26800000,27.1(1.12 %),1000,26800000,0,0,9864383,32.56
16/08/2011,18000,487800000,27.4(1.11 %),18000,487800000,0,0,9846383,32.59
17/08/2011,3450,91425000,27.2(-0.73 %),3450,91425000,0,0,9842933,32.59
18/08/2011,147990,3984896000,27(-0.74 %),147990,3984896000,0,0,9694943,32.84
19/08/2011,33200,894860000,27.1(0.37 %),33200,894860000,0,0,9661743,32.9
22/08/2011,49300,1397376000,28.4(4.80 %),74300,2107376000,25000,710000000,9612443,32.98
23/08/2011,5750,159730000,29.8(4.93 %),36000,1061180000,30250,901450000,9606693,32.99
24/08/2011,62500,1930750000,30.4(2.01 %),74000,2287400000,11500,356650000,9544193,33.09
25/08/2011,60410,1820218000,29.8(-1.97 %),90410,2714218000,30000,894000000,9483783,33.19
26/08/2011,95300,2855939000,29.9(0.34 %),95300,2855939000,0,0,9388483,33.35
29/08/2011,43980,1318000000,30(0.33 %),43980,1318000000,0,0,9344503,33.43
30/08/2011,-2000,-60000000,30.5(1.67 %),0,0,2000,60000000,9346503,33.42
31/08/2011,55860,1699664000,30.4(-0.33 %),55860,1699664000,0,0,9290643,33.52
01/09/2011,5000,151000000,30.1(-0.99 %),5000,151000000,0,0,9288643,33.52
05/09/2011,68430,2091830000,30.9(2.66 %),68430,2091830000,0,0,9220213,33.63
06/09/2011,111950,3476280000,32.4(4.85 %),111950,3476280000,0,0,9108263,33.82
07/09/2011,9370,325339000,34(4.94 %),49370,1671380000,40000,1346041000,9098893,33.83
08/09/2011,27990,994927000,35.7(5.00 %),27990,994927000,0,0,9070903,33.88
09/09/2011,43250,1611425000,36.9(3.36 %),43250,1611425000,0,0,9027653,33.95
12/09/2011,0,0,35.3(-4.34 %),0,0,0,0,9027653,33.95
13/09/2011,20000,679330000,35.3(0.00 %),20300,689710000,300,10380000,9007653,33.99
14/09/2011,1247810,44923660000,36.5(3.40 %),1247810,44923660000,0,0,7759843,36.07
15/09/2011,104000,3741761000,36(-1.37 %),104000,3741761000,0,0,7655843,36.24
16/09/2011,114200,4105201000,36.1(0.28 %),114200,4105201000,0,0,7541643,36.43
19/09/2011,12210,438860000,36.3(0.55 %),13710,493560000,1500,54700000,7529433,36.45
20/09/2011,40700,1460076000,35.8(-1.38 %),42700,1532076000,2000,72000000,7488733,36.52
21/09/2011,-2000,-72600000,35.9(0.28 %),0,0,2000,72600000,7490733,36.52
22/09/2011,-24200,-906920000,37.3(3.90 %),1000,37300000,25200,944220000,7514933,36.47
23/09/2011,24700,902550000,36.5(-2.14 %),24700,902550000,0,0,7490233,36.52
26/09/2011,8000,288100000,35.6(-2.47 %),8000,288100000,0,0,7482233,36.53
27/09/2011,-3200,-115840000,35.8(0.56 %),0,0,3200,115840000,7485433,36.52
28/09/2011,154500,5693712000,37.1(3.63 %),160000,5896012000,5500,202300000,7330933,36.78
29/09/2011,95300,3527098000,37.2(0.27 %),120000,4441407000,24700,914309000,7235633,36.94
30/09/2011,-67420,-2646500000,39(4.84 %),100000,3850780000,167420,6497280000,7303053,36.83
03/10/2011,10000,418408000,40.8(4.62 %),50000,2026408000,40000,1608000000,7107433,37.15
04/10/2011,-20660,-826960000,38.8(-4.90 %),0,0,20660,826960000,7128093,37.12
05/10/2011,0,0,38.4(-1.03 %),200000,8140000000,200000,8140000000,7128093,37.12
06/10/2011,-2000,-76800000,38(-1.04 %),0,0,2000,76800000,7130093,37.12
07/10/2011,0,0,38.4(1.05 %),0,0,0,0,7130093,37.12
10/10/2011,-10000,-378196000,37.5(-2.34 %),0,0,10000,378196000,7140093,37.1
11/10/2011,-30000,-1071000000,35.7(-4.80 %),0,0,30000,1071000000,7170093,37.05
12/10/2011,129790,4705676000,36.4(1.96 %),150240,5452281000,20450,746605000,7040303,37.27
13/10/2011,42980,1581058000,37.2(2.20 %),42980,1581058000,0,0,6997323,37.34
14/10/2011,55000,2062720000,37.2(0.00 %),55000,2062720000,0,0,6942323,37.43
17/10/2011,2300,83410000,36.7(-1.34 %),2300,83410000,0,0,6940023,37.43
18/10/2011,0,0,37.6(2.45 %),0,0,0,0,6940023,37.43
19/10/2011,-11200,-416240000,37.6(0.00 %),0,0,11200,416240000,6951223,37.41
20/10/2011,2000,73800000,37(-1.60 %),2000,73800000,0,0,6949223,37.42
21/10/2011,-1000,-37700000,36.6(-1.08 %),1000,36600000,2000,74300000,6950223,37.42
24/10/2011,0,0,36.6(0.00 %),0,0,0,0,6950223,37.42
25/10/2011,5000,182800000,36.4(-0.55 %),5000,182800000,0,0,6945223,37.42
26/10/2011,0,0,36.5(0.27 %),0,0,0,0,6945223,37.42
27/10/2011,0,0,36.2(-0.82 %),0,0,0,0,6945223,37.42
28/10/2011,0,0,36.6(1.10 %),0,0,0,0,6945223,37.42
31/10/2011,0,0,35.6(-2.73 %),0,0,0,0,6945223,37.42
01/11/2011,128600,4629560000,36(1.12 %),128600,4629560000,0,0,7132843,37.11
02/11/2011,0,0,35.6(-1.11 %),0,0,0,0,7132843,37.11
03/11/2011,149790,5392540000,36.1(1.40 %),149790,5392540000,0,0,6983053,37.36
04/11/2011,17500,631900000,36.1(0.00 %),32500,1173400000,15000,541500000,6965553,37.39
07/11/2011,3100,110050000,35.5(-1.66 %),3100,110050000,0,0,6962453,37.4
08/11/2011,-20000,-702000000,35.2(-0.85 %),0,0,20000,702000000,6982453,37.36
09/11/2011,78520,2768052000,35(-0.57 %),80000,2820000000,1480,51948000,6903933,37.49
10/11/2011,160000,5587991000,34.8(-0.57 %),160000,5587991000,0,0,6743933,37.76
11/11/2011,56380,1978630000,34.5(-0.86 %),154000,5383600000,97620,3404970000,6687553,37.85
14/11/2011,88690,3065457000,34.5(0.00 %),131590,4544855000,42900,1479398000,6598863,38.0
15/11/2011,116000,4010940000,34.5(0.00 %),116000,4010940000,0,0,6482863,38.2
16/11/2011,-32700,-1132363000,34.8(0.87 %),0,0,32700,1132363000,6515563,38.14
17/11/2011,83660,2923324000,35(0.57 %),83960,2933764000,300,10440000,6431903,38.28
18/11/2011,84450,2955550000,35.1(0.29 %),84450,2955550000,0,0,6347453,38.42
21/11/2011,0,0,35.1(0.00 %),0,0,0,0,6347453,38.42
22/11/2011,0,0,35.1(0.00 %),0,0,0,0,6347453,38.42
23/11/2011,5000,175500000,35.4(0.85 %),5000,175500000,0,0,6342453,38.43
24/11/2011,400,14200000,35.5(0.28 %),400,14200000,0,0,6342053,38.43
25/11/2011,22470,797685000,35.5(0.00 %),22470,797685000,0,0,6319583,38.47
28/11/2011,99500,3582000000,35.6(0.28 %),100000,3600000000,500,18000000,6220083,38.63
29/11/2011,0,0,35.6(0.00 %),0,0,0,0,6220083,38.63
30/11/2011,0,0,35.5(-0.28 %),0,0,0,0,6220083,38.63
01/12/2011,-1000,-35500000,35.2(-0.85 %),500,17600000,1500,53100000,6090983,38.85
02/12/2011,50000,1770000000,35.4(0.57 %),50000,1770000000,0,0,6040983,38.93
05/12/2011,-55500,-2059050000,37.1(4.80 %),46000,1706600000,101500,3765650000,6096483,38.84
06/12/2011,69980,2722222000,38.9(4.85 %),71980,2800022000,2000,77800000,6026503,38.96
07/12/2011,306490,12488089000,40.6(4.37 %),381990,15565049000,75500,3076960000,5720013,39.47
08/12/2011,71000,2795999000,38.8(-4.43 %),71000,2795999000,0,0,5649013,39.58
09/12/2011,41500,1564800000,37.5(-3.35 %),41500,1564800000,0,0,5607513,39.65
12/12/2011,29680,1148610000,39(4.00 %),29680,1148610000,0,0,5577833,39.7
13/12/2011,52000,2013180000,38.5(-1.28 %),52000,2013180000,0,0,5525833,39.79
14/12/2011,179000,6942680000,38.9(1.04 %),179000,6942680000,0,0,5346833,40.09
15/12/2011,209070,8102694000,38.9(0.00 %),224070,8682702000,15000,580008000,5137763,40.44
16/12/2011,286860,11376392000,40.8(4.88 %),578070,23164431000,291210,11788039000,4850903,40.92
19/12/2011,166720,6795309000,41(0.49 %),402000,16364343000,235280,9569034000,4684183,41.19
20/12/2011,11060,441280000,39.3(-4.15 %),11060,441280000,0,0,4673123,41.21
21/12/2011,500,19050000,39(-0.76 %),500,19050000,0,0,4672623,41.21
22/12/2011,-137650,-5261170000,38.9(-0.26 %),0,0,137650,5261170000,4810273,40.98
23/12/2011,530,29897000,39(0.26 %),10000,389800000,9470,359903000,4809743,40.98
26/12/2011,500,19150000,39.3(0.77 %),500,19150000,0,0,4809243,40.98
27/12/2011,-32160,-1232772000,39.5(0.51 %),1500,57350000,33660,1290122000,4841403,40.93
28/12/2011,21360,836624000,39.6(0.25 %),54610,2148724000,33250,1312100000,4820043,40.97
29/12/2011,-22820,-923870000,40.5(4.92 %),0,0,22820,923870000,4842863,40.93
30/12/2011,70490,2813832000,40.2(-0.74 %),78990,3153412000,8500,339580000,4772373,41.05
03/01/2012,56900,2273984000,39.9(-0.75 %),56900,2273984000,0,0,4709303,41.15
04/01/2012,-260,-10244000,39(-2.26 %),0,0,260,10244000,4709563,41.15
05/01/2012,64110,2489691000,39.2(0.51 %),64110,2489691000,0,0,4645453,41.26
06/01/2012,22910,895706000,39.3(0.26 %),50000,1958000000,27090,1062294000,4622543,41.3
09/01/2012,0,0,38.6(-1.78 %),0,0,0,0,4622543,41.3
10/01/2012,-2370,-92520000,38.7(0.26 %),1500,57150000,3870,149670000,4624913,41.29
11/01/2012,0,0,38.7(0.00 %),0,0,0,0,4624913,41.29
12/01/2012,0,0,38.7(0.00 %),0,0,0,0,4624913,41.29
13/01/2012,-10000,-380000000,38(-1.81 %),0,0,10000,380000000,4634913,41.28
16/01/2012,-30570,-1148681000,38.3(0.79 %),1800,68940000,32370,1217621000,4665483,41.22
17/01/2012,1500,56400000,37(-3.39 %),1500,56400000,0,0,4663983,41.23
18/01/2012,0,0,38.3(3.51 %),0,0,0,0,4663983,41.23
19/01/2012,-9600,-369487000,38.6(0.78 %),25400,980440000,35000,1349927000,4673583,41.21
20/01/2012,-2980,-115028000,38.7(0.26 %),0,0,2980,115028000,4676563,41.21
30/01/2012,1520,58326000,38.8(0.26 %),5520,213576000,4000,155250000,4675043,41.21
31/01/2012,-12700,-491690000,38.5(-0.77 %),500,19150000,13200,510840000,4687743,41.19
01/02/2012,-2770,-106624000,38.2(-0.78 %),17880,682728000,20650,789352000,4657353,41.24
02/02/2012,1920,74120000,38.7(1.31 %),70840,2744826000,68920,2670706000,4655433,41.24
03/02/2012,56640,2201780000,38.8(0.26 %),132260,5151503000,75620,2949723000,4598793,41.34
06/02/2012,5700,218558000,38.5(-0.77 %),36990,1423223000,31290,1204665000,4593093,41.34
07/02/2012,39640,1522422000,38.5(0.00 %),90780,3492160000,51140,1969738000,4553453,41.41
08/02/2012,16900,651860000,38.5(0.00 %),43470,1676801000,26570,1024941000,4536553,41.44
09/02/2012,8900,341850000,38.2(-0.78 %),11000,422700000,2100,80850000,4527653,41.45
10/02/2012,27020,1038880000,38.5(0.79 %),27020,1038880000,0,0,4500633,41.5
13/02/2012,8750,332725000,38(-1.30 %),8750,332725000,0,0,4491883,41.51
14/02/2012,33630,1287105000,38.5(1.32 %),33630,1287105000,0,0,4458253,41.57
15/02/2012,11580,445164000,38.5(0.00 %),11580,445164000,0,0,4446673,41.59
16/02/2012,15730,603232000,38.4(-0.26 %),15730,603232000,0,0,4430943,41.61
17/02/2012,6800,262140000,38.3(-0.26 %),8800,339140000,2000,77000000,4424143,41.63
20/02/2012,-10000,-382900000,38.3(0.00 %),31000,1187900000,41000,1570800000,4434143,41.61
21/02/2012,-1000,-37534000,37.8(-1.31 %),30000,1141866000,31000,1179400000,4435143,41.61
22/02/2012,-34000,-1273670000,37.4(-1.06 %),10000,374400000,44000,1648070000,4469143,41.55
23/02/2012,3220,127157000,38.3(2.41 %),45220,1708057000,42000,1580900000,4465923,41.56
24/02/2012,49140,1920538000,39.2(2.35 %),49140,1920538000,0,0,4416783,41.64
27/02/2012,15490,605245000,39.3(0.26 %),21810,850911000,6320,245666000,4401293,41.66
28/02/2012,107120,4211636000,39(-0.76 %),108620,4269886000,1500,58250000,4294173,41.84
29/02/2012,117320,4638141000,40.9(4.87 %),118320,4678141000,1000,40000000,4176853,42.04
01/03/2012,43730,1852776000,42.7(4.40 %),45230,1916076000,1500,63300000,4163633,42.06
02/03/2012,-2530,-112154000,42.7(0.00 %),2470,104846000,5000,217000000,4166163,42.06
05/03/2012,33670,1453324000,43.2(1.17 %),35170,1519144000,1500,65820000,4132493,42.11
06/03/2012,-31910,-1335301000,41.1(-4.86 %),18090,764699000,50000,2100000000,4164403,42.06
07/03/2012,37060,1471704000,39.4(-4.14 %),37560,1492254000,500,20550000,4127343,42.12
08/03/2012,33000,1289850000,38.1(-3.30 %),34000,1329200000,1000,39350000,4094343,42.18
09/03/2012,32000,1223000000,38(-0.26 %),32000,1223000000,0,0,4062343,42.23
12/03/2012,3000,115247000,38(0.00 %),8000,305969000,5000,190722000,4059343,42.23
13/03/2012,76500,2917300000,38.2(0.53 %),80000,3051000000,3500,133700000,3982843,42.36
14/03/2012,64680,2484852000,38.9(1.83 %),64680,2484852000,0,0,3918163,42.47
15/03/2012,41520,1637929000,39.9(2.57 %),53490,2097577000,11970,459648000,3876643,42.54
16/03/2012,-36280,-1401460000,38.5(-3.51 %),26320,1037640000,62600,2439100000,3912923,42.48
19/03/2012,-10000,-387910000,38.6(0.26 %),40000,1537600000,50000,1925510000,3922923,42.46
20/03/2012,7370,282393000,38.5(-0.26 %),25080,964588000,17710,682195000,3915553,42.47
21/03/2012,32080,1232792000,38.6(0.26 %),62940,2425902000,30860,1193110000,3883473,42.53
22/03/2012,13450,517675000,38.6(0.00 %),13450,517675000,0,0,3870023,42.55
23/03/2012,40150,1545760000,38.5(-0.26 %),40150,1545760000,0,0,3829873,42.62
26/03/2012,20000,771300000,38.6(0.26 %),20000,771300000,0,0,3809873,42.65
27/03/2012,30000,1151000000,38.5(-0.26 %),30000,1151000000,0,0,3779873,42.7
28/03/2012,82040,3140100000,38.6(0.26 %),83040,3178100000,1000,38000000,3697833,42.84
29/03/2012,100420,3893683000,38.6(0.00 %),100420,3893683000,0,0,3597413,43.0
30/03/2012,108560,4233777000,39(1.04 %),108560,4233777000,0,0,3488853,43.19
03/04/2012,20000,774000000,39.2(0.51 %),20000,774000000,0,0,3498173,43.17
04/04/2012,70620,2746072000,38.9(-0.77 %),70620,2746072000,0,0,3427553,43.29
05/04/2012,18000,701300000,38.9(0.00 %),18000,701300000,0,0,3409553,43.32
06/04/2012,51310,1994863000,39(0.26 %),51310,1994863000,0,0,3358243,43.4
09/04/2012,18000,710718000,39.8(2.05 %),18000,710718000,0,0,3340243,43.43
10/04/2012,4490,179852000,40.2(1.01 %),8200,328292000,3710,148440000,3335753,43.44
11/04/2012,75660,3079909000,41.5(3.23 %),75660,3079909000,0,0,3260093,43.57
12/04/2012,127390,5406205000,43(3.61 %),233390,9882905000,106000,4476700000,3132703,43.78
13/04/2012,184360,8107320000,43.1(0.23 %),198350,8724259000,13990,616939000,2948343,44.09
16/04/2012,66730,2904652000,44.4(3.02 %),66730,2904652000,0,0,2881613,44.2
17/04/2012,74390,3269159000,44(-0.90 %),91140,4006009000,16750,736850000,2807223,44.32
18/04/2012,48220,2103492000,43.5(-1.14 %),65500,2854730000,17280,751238000,2759003,44.4
19/04/2012,21160,914328000,43(-1.15 %),22290,963370000,1130,49042000,2737843,44.44
20/04/2012,10030,431290000,43(0.00 %),10130,435590000,100,4300000,2727813,44.45
23/04/2012,0,0,43(0.00 %),0,0,0,0,2727813,44.45
24/04/2012,1200,51620000,43.1(0.23 %),1200,51620000,0,0,2726613,44.46
25/04/2012,-5200,-224100000,43.2(0.23 %),4800,206400000,10000,430500000,2731813,44.45
26/04/2012,39000,1725400000,44.5(3.01 %),39000,1725400000,0,0,2692813,44.51
27/04/2012,500,22250000,43.9(-1.35 %),500,22250000,0,0,2692313,44.51
02/05/2012,15530,678661000,43.7(-0.46 %),15530,678661000,0,0,2647783,44.59
03/05/2012,8910,376020000,42(-3.89 %),8910,376020000,0,0,2638873,44.6
04/05/2012,37180,1557010000,41.5(-1.19 %),37180,1557010000,0,0,2601693,44.66
07/05/2012,20750,864575000,41.5(0.00 %),20750,864575000,0,0,2580943,44.7
08/05/2012,460,19090000,42.5(2.41 %),460,19090000,0,0,2580483,44.7
09/05/2012,35310,1498740000,42.5(0.00 %),35310,1498740000,0,0,2545173,44.76
10/05/2012,43850,1861489000,42.5(0.00 %),43850,1861489000,0,0,2501323,44.83
11/05/2012,91230,3867114000,42.3(-0.47 %),91230,3867114000,0,0,2410093,44.98
14/05/2012,25000,1045000000,41.8(-1.18 %),25000,1045000000,0,0,2385093,45.02
15/05/2012,519719,21789608000,41.8(0.00 %),556909,23341470000,37190,1551862000,1865374,45.89
16/05/2012,1330,55661000,41.7(-0.24 %),12000,500600000,10670,444939000,1864044,45.89
17/05/2012,29150,1216590000,41.7(0.00 %),38970,1626084000,9820,409494000,1834894,45.94
18/05/2012,-3080,-127982000,41.5(-0.48 %),0,0,3080,127982000,1837974,45.94
21/05/2012,20740,854474000,41.6(0.24 %),34790,1438954000,14050,584480000,1817234,45.97
22/05/2012,9800,406700000,41.8(0.48 %),9800,406700000,0,0,1807434,45.99
23/05/2012,4470,185505000,41.9(0.24 %),4470,185505000,0,0,1802964,46.0
24/05/2012,7490,310835000,41.5(-0.95 %),7490,310835000,0,0,1795474,46.01
25/05/2012,-14720,-613182000,41.6(0.24 %),14480,602368000,29200,1215550000,1810194,45.98
28/05/2012,10590,440485000,41.7(0.24 %),10590,440485000,0,0,1799604,46.0
29/05/2012,124820,5177906000,41.5(0.73 %),124820,5177906000,0,0,1674784,46.21
30/05/2012,0,0,41.4(-0.24 %),0,0,0,0,1674784,46.21
31/05/2012,200000,8262895000,41.4(0.00 %),200000,8262895000,0,0,1474784,46.54
01/06/2012,0,0,41.4(0.00 %),0,0,0,0,1484784,46.53
04/06/2012,-4630,-182422000,39.4(-4.83 %),0,0,4630,182422000,1489414,46.52
05/06/2012,-1940,-76630000,39.4(0.00 %),0,0,1940,76630000,1486724,46.52
06/06/2012,0,0,39.5(0.25 %),0,0,0,0,1486724,46.52
07/06/2012,-980,-39200000,40(1.27 %),11450,458000000,12430,497200000,1487704,46.52
08/06/2012,0,0,42(5.00 %),0,0,0,0,1487704,46.52
11/06/2012,17760,736445000,41.4(-1.43 %),17760,736445000,0,0,1469944,46.55
12/06/2012,0,0,40.1(-3.14 %),0,0,0,0,1469944,46.55
13/06/2012,-3190,-128807000,40.3(0.50 %),0,0,3190,128807000,1473134,46.54
14/06/2012,13840,566170000,41(1.74 %),13840,566170000,0,0,1459294,46.57
15/06/2012,188900,8019913000,43(4.88 %),190000,8066163000,1100,46250000,1270394,46.88
18/06/2012,0,0,41.8(-2.79 %),0,0,0,0,1270394,46.88
19/06/2012,0,0,41(-1.91 %),0,0,0,0,1270394,46.88
20/06/2012,0,0,40.7(-0.73 %),0,0,0,0,1270394,46.88
21/06/2012,-3200,-129180000,40.4(-0.74 %),0,0,3200,129180000,1273594,46.88
22/06/2012,0,0,42(3.96 %),0,0,0,0,1273594,46.88
25/06/2012,-9250,-378630000,41.8(-0.48 %),15930,663994000,25180,1042624000,1282844,46.86
26/06/2012,-11000,-451500000,41.5(-0.72 %),0,0,11000,451500000,1293844,46.84
27/06/2012,-12400,-519560000,41.9(0.96 %),0,0,12400,519560000,1306244,46.82
28/06/2012,34250,1462248000,42.9(2.39 %),37000,1579123000,2750,116875000,1271994,46.88
29/06/2012,58890,2626030000,45(4.90 %),58890,2626030000,0,0,1213104,46.98
02/07/2012,500,22920000,43(-4.44 %),500,22920000,0,0,1204203,46.99
03/07/2012,-750,-31125000,41.5(-3.49 %),0,0,750,31125000,1204953,46.99
04/07/2012,0,0,43(3.61 %),0,0,0,0,1204953,46.99
05/07/2012,0,0,43(0.00 %),0,0,0,0,1204953,46.99
06/07/2012,0,0,43.1(0.23 %),0,0,0,0,1204953,46.99
09/07/2012,0,0,41.6(-3.48 %),0,0,0,0,1204953,46.99
10/07/2012,4080,171338000,42(0.96 %),25780,1082760000,21700,911422000,1200873,47.0
11/07/2012,210,8822000,42.2(0.48 %),210,8822000,0,0,1200663,47.0
12/07/2012,0,0,42.5(0.71 %),0,0,0,0,1200663,47.0
13/07/2012,2620,112111000,42.7(0.47 %),2620,112111000,0,0,1198043,47.0
16/07/2012,0,0,42.8(0.23 %),0,0,0,0,1198043,47.0
17/07/2012,-10,-428000,42.8(0.00 %),29720,1272016000,29730,1272444000,1198053,47.0
18/07/2012,0,0,42.2(-1.40 %),0,0,0,0,1198053,47.0
19/07/2012,0,0,42.5(0.71 %),0,0,0,0,1198053,47.0
20/07/2012,-20390,-848240000,41.5(-2.35 %),0,0,20390,848240000,1218443,46.97
23/07/2012,-2000,-83000000,41.5(0.00 %),0,0,2000,83000000,1220443,46.97
24/07/2012,-2000,-83000000,41.5(0.00 %),0,0,2000,83000000,1222443,46.96
25/07/2012,-7960,-331273000,41.8(0.72 %),100,4150000,8060,335423000,1230403,46.95
26/07/2012,-3920,-162792000,41.5(-0.72 %),0,0,3920,162792000,1234323,46.94
27/07/2012,-2010,-84219000,41.3(-0.48 %),0,0,2010,84219000,1236333,46.94
30/07/2012,0,0,41.5(0.48 %),0,0,0,0,1236333,46.94
31/07/2012,-1000,-41300000,41.3(-0.48 %),0,0,1000,41300000,1237333,46.94
01/08/2012,-650,-26650000,41(-0.73 %),0,0,650,26650000,1249473,46.92
02/08/2012,-10000,-410140000,41.9(2.20 %),0,0,10000,410140000,1259473,46.9
03/08/2012,-15300,-627924000,41.8(-0.24 %),0,0,15300,627924000,1274773,46.88
06/08/2012,-6760,-276710000,41(-1.91 %),500,20950000,7260,297660000,1281533,46.86
07/08/2012,-400,-16440000,41.1(0.24 %),0,0,400,16440000,1281933,46.86
08/08/2012,-102570,-4308425000,41.9(1.95 %),0,0,102570,4308425000,1384503,46.69
09/08/2012,-9560,-403958000,42.2(0.72 %),150,6300000,9710,410258000,1394063,46.68
10/08/2012,-6070,-256023000,41.8(-0.95 %),200,8380000,6270,264403000,1400133,46.67
13/08/2012,1500,63180000,41.8(0.00 %),2000,84180000,500,21000000,1398633,46.67
14/08/2012,-7640,-316713000,41.4(-0.96 %),5000,209000000,12640,525713000,1406273,46.66
15/08/2012,1310,54065000,40(-3.38 %),1310,54065000,0,0,1404963,46.66
16/08/2012,4000,166268000,40.6(1.50 %),4000,166268000,0,0,1400963,46.67
17/08/2012,0,0,40.7(0.25 %),0,0,0,0,1400963,46.67
20/08/2012,100,4069000,40.6(-0.25 %),100,4069000,0,0,1400863,46.67
21/08/2012,19720,767941000,39(-3.94 %),19720,767941000,0,0,1381143,46.7
22/08/2012,-1600,-48640000,30.4(-4.10 %),0,0,1600,48640000,1382743,46.7
23/08/2012,51570,1491369000,28.9(-4.93 %),51570,1491369000,0,0,1331173,46.78
24/08/2012,9960,283688000,30.3(4.84 %),9960,283688000,0,0,1321213,46.8
27/08/2012,-11720,-337487000,28.8(-4.95 %),170,5015000,11890,342502000,1332933,46.78
28/08/2012,5000,151000000,30.2(4.86 %),5000,151000000,0,0,1327933,46.79
29/08/2012,7680,242400000,31.4(3.97 %),7680,242400000,0,0,1320253,46.8
30/08/2012,1400,44196000,31.5(0.32 %),1400,44196000,0,0,1318853,46.8
31/08/2012,2000,60000000,30(-4.76 %),2000,60000000,0,0,1316853,46.81
04/09/2012,-8810,-264259000,30(0.00 %),8600,259760000,17410,524019000,1311913,46.81
05/09/2012,3000,91290000,29.6(-1.33 %),3000,91290000,0,0,1308913,46.82
06/09/2012,-3200,-95181000,28.5(-3.72 %),111400,3226160000,114600,3321341000,1312113,46.81
07/09/2012,25230,721855000,29(1.75 %),215230,6210855000,190000,5489000000,1286883,46.86
10/09/2012,81980,2377420000,29(0.00 %),81980,2377420000,0,0,1204903,46.99
11/09/2012,0,0,29.1(0.34 %),0,0,0,0,1204903,46.99
12/09/2012,10560,304560000,29(-0.34 %),60560,1754560000,50000,1450000000,1194343,47.01
13/09/2012,1600,46400000,29.5(1.72 %),1600,46400000,0,0,1192743,47.01
14/09/2012,0,0,29.6(0.34 %),0,0,0,0,1192743,47.01
17/09/2012,0,0,29.1(-1.69 %),0,0,0,0,1192743,47.01
18/09/2012,-60,-1746000,29.2(0.34 %),153110,4486123000,153170,4487869000,1192803,47.01
19/09/2012,2390,69310000,29(-0.68 %),102390,3019310000,100000,2950000000,1190413,47.02
20/09/2012,-1530,-44370000,28.9(-0.34 %),150100,4352900000,151630,4397270000,1191943,47.01
21/09/2012,-60220,-1671185000,27.5(-4.84 %),377670,10478475000,437890,12149660000,1252163,46.91
24/09/2012,0,0,28.2(2.55 %),0,0,0,0,1252163,46.91
25/09/2012,1970,56145000,28.5(1.06 %),1970,56145000,0,0,1250193,46.92
26/09/2012,2400,68094000,28(-1.75 %),2400,68094000,0,0,1247793,46.92
27/09/2012,7700,218855000,28.5(1.79 %),7700,218855000,0,0,1240093,46.93
28/09/2012,0,0,28.6(0.35 %),0,0,0,0,1240093,46.93
01/10/2012,-3610,-97890000,28.5(-0.35 %),1390,39615000,5000,137505000,1256113,46.91
02/10/2012,1500,42600000,28.4(-0.35 %),1500,42600000,0,0,1254613,47.26
03/10/2012,10,284000,28.5(0.35 %),10,284000,0,0,1254603,47.26
04/10/2012,0,0,28.4(-0.35 %),0,0,0,0,1254603,47.26
05/10/2012,-4800,-136820000,28.4(0.00 %),200,5680000,5000,142500000,1259403,47.25
08/10/2012,0,0,29.6(4.23 %),100000,2850000000,100000,2850000000,1259403,47.25
09/10/2012,12730,375995000,29.6(0.00 %),213770,6340174000,201040,5964179000,1246673,47.27
10/10/2012,3330,89204000,31(4.73 %),154230,4620114000,150900,4530910000,1243343,47.27
11/10/2012,8300,259790000,31.2(0.65 %),8300,259790000,0,0,1235043,47.28
12/10/2012,36130,1125756000,31.5(0.96 %),56130,1751256000,20000,625500000,1198913,47.33
15/10/2012,17000,528700000,31.4(-0.32 %),17000,528700000,0,0,1181913,47.36
16/10/2012,27010,848545000,31.8(1.27 %),135170,4244121000,108160,3395576000,1154903,47.4
17/10/2012,5500,172650000,31.7(-0.31 %),5500,172650000,0,0,1149403,47.4
18/10/2012,4000,125600000,31.7(0.00 %),4000,125600000,0,0,1145403,47.41
19/10/2012,21500,676830000,31(-2.21 %),21500,676830000,0,0,1123903,47.44
22/10/2012,26490,835944000,31.9(2.90 %),127490,4022644000,101000,3186700000,1097413,47.48
23/10/2012,8720,280840000,32.2(0.94 %),10000,322000000,1280,41160000,1088693,47.49
24/10/2012,4000,128800000,32.2(0.00 %),5000,161000000,1000,32200000,1084693,47.49
25/10/2012,14000,452690000,32.4(0.62 %),20000,645690000,6000,193000000,1070693,47.51
26/10/2012,0,0,32(-1.23 %),0,0,0,0,1070693,13.9
29/10/2012,4000,126000000,31.5(-1.56 %),54000,1702150000,50000,1576150000,1066693,47.52
30/10/2012,-2710,-85165000,31.5(0.00 %),58990,1852286000,61700,1937451000,1069403,47.51
31/10/2012,-8350,-252350000,31.5(0.00 %),17700,548890000,26050,801240000,1077753,47.5
01/11/2012,5000,160000000,32(1.59 %),5000,160000000,0,0,1325421,47.16
02/11/2012,0,0,30.6(-4.38 %),244310,7673610000,244310,7673610000,1325421,47.16
05/11/2012,10000,315000000,31.5(2.94 %),10000,315000000,0,0,1315421,47.17
06/11/2012,12140,376325000,31.1(-1.27 %),220000,6870000000,207860,6493675000,1303281,47.19
07/11/2012,4730,148363000,31.3(0.64 %),105650,3316975000,100920,3168612000,1298551,47.2
08/11/2012,83570,2620098000,31.5(0.64 %),94570,2965498000,11000,345400000,1214981,47.31
09/11/2012,0,0,31.9(1.27 %),271640,8420840000,271640,8420840000,1214981,47.31
12/11/2012,0,0,31.5(-1.25 %),0,0,0,0,1214981,47.31
13/11/2012,0,0,31.5(0.00 %),0,0,0,0,1214981,47.31
14/11/2012,0,0,30.6(-2.86 %),0,0,0,0,1214981,47.31
15/11/2012,8000,251800000,31.5(2.94 %),70000,2196400000,62000,1944600000,1206981,47.32
16/11/2012,-980,-30769000,31.4(-0.32 %),30,945000,1010,31714000,1207961,47.32
19/11/2012,-5080,-157152000,31.4(0.00 %),70,2198000,5150,159350000,1213041,47.32
20/11/2012,-4120,-129168000,31.4(0.00 %),0,0,4120,129168000,1217161,47.31
21/11/2012,-1500,-46800000,31.4(0.00 %),0,0,1500,46800000,1218661,47.31
22/11/2012,0,0,31.4(0.00 %),0,0,0,0,1218661,47.31
23/11/2012,16270,510478000,31.3(-0.32 %),75500,2348492000,59230,1838014000,1202391,47.33
26/11/2012,30,933000,31.3(0.00 %),30,933000,0,0,1202361,47.33
27/11/2012,-5010,-154813000,31.3(0.00 %),0,0,5010,154813000,1207371,47.32
28/11/2012,-2610,-81072000,31.1(-0.64 %),0,0,2610,81072000,1209981,47.32
29/11/2012,0,0,31.6(1.61 %),0,0,0,0,1209981,47.32
30/11/2012,15510,491147000,31.9(0.95 %),255510,8088587000,240000,7597440000,1194471,47.34
03/12/2012,0,0,31.2(-2.19 %),0,0,0,0,1220621,47.3
04/12/2012,-10,-312000,31.2(0.00 %),0,0,10,312000,1220631,47.3
05/12/2012,0,0,31(-0.64 %),0,0,0,0,1220631,47.3
06/12/2012,30,930000,31.5(1.61 %),32980,1022380000,32950,1021450000,1220601,47.3
07/12/2012,5670,175944000,31.2(-0.95 %),44670,1388844000,39000,1212900000,1214931,47.31
10/12/2012,32000,999681000,31.6(1.28 %),32000,999681000,0,0,1182931,47.36
11/12/2012,5000,157600000,31.5(-0.32 %),5000,157600000,0,0,1177931,47.36
12/12/2012,29930,950130000,32.5(3.17 %),74930,2383470000,45000,1433340000,1148001,47.41
13/12/2012,133340,4341327000,32.5(0.00 %),154540,5034567000,21200,693240000,1014661,47.59
14/12/2012,14750,500390000,33.5(3.08 %),56500,1884815000,41750,1384425000,1133251,47.43
17/12/2012,18770,645086000,34.3(2.39 %),38770,1331086000,20000,686000000,1114481,47.45
18/12/2012,226530,7779950000,34.6(0.87 %),229530,7882950000,3000,103000000,887951,47.77
19/12/2012,10000,335930000,34.5(-0.29 %),10000,335930000,0,0,877951,47.78
20/12/2012,99580,3394984000,34.2(-0.87 %),168740,5748256000,69160,2353272000,778371,47.92
21/12/2012,37720,1281873000,34(-0.58 %),182580,6266889000,144860,4985016000,740651,47.97
24/12/2012,52090,1790206000,34.9(2.65 %),52090,1790206000,0,0,688561,48.04
25/12/2012,51600,1800868000,35.1(0.57 %),57000,1988788000,5400,187920000,636961,48.12
26/12/2012,0,0,34.8(-0.85 %),0,0,0,0,636961,48.12
27/12/2012,10000,345000000,34.5(-0.86 %),10000,345000000,0,0,626961,48.13
28/12/2012,19990,691657000,34.6(0.29 %),120000,4122000000,100010,3430343000,606971,48.16
02/01/2013,10,335000,33.5(-3.18 %),211460,7316505000,211450,7316170000,476221,48.34
03/01/2013,0,0,34.3(2.39 %),0,0,0,0,476221,48.34
04/01/2013,19570,654638000,33.5(-2.33 %),19570,654638000,0,0,456651,48.37
07/01/2013,10000,337000000,33.5(0.00 %),10000,337000000,0,0,446651,48.38
08/01/2013,-2140,-67840000,32.5(-2.99 %),4060,134895000,6200,202735000,448791,48.38
09/01/2013,2470,82559000,33.3(2.46 %),3670,121800000,1200,39241000,446321,48.38
10/01/2013,87500,2895195000,33(-0.90 %),99920,3306160000,12420,410965000,358821,48.5
11/01/2013,103690,3412683000,33.4(1.21 %),214740,7093753000,111050,3681070000,255131,48.65
14/01/2013,-9800,-327310000,33.3(-0.30 %),74100,2474730000,83900,2802040000,264931,48.63
15/01/2013,10700,354692000,33.6(0.90 %),77000,2567752000,66300,2213060000,254231,48.65
16/01/2013,-26470,-868192000,33.3(-0.89 %),12990,451944000,39460,1320136000,280701,48.61
17/01/2013,45470,1512244000,33.2(-0.30 %),90970,3023694000,45500,1511450000,235231,48.67
18/01/2013,54640,1810152000,33(-0.60 %),83980,2780240000,29340,970088000,180591,48.75
21/01/2013,58190,1904320000,32.7(-0.91 %),66300,2169580000,8110,265260000,122401,48.83
22/01/2013,12570,396631000,30.7(-6.12 %),39460,1247354000,26890,850723000,109831,48.85
23/01/2013,41020,1259314000,30.7(0.00 %),41020,1259314000,0,0,68811,48.9
24/01/2013,33820,1046367000,31.4(2.28 %),33820,1046367000,0,0,34991,48.95
25/01/2013,-10000,-314438000,31.5(0.32 %),7000,222593000,17000,537031000,44991,48.94
28/01/2013,-8530,-260375000,31.5(0.00 %),28000,899090000,36530,1159465000,53521,48.93
29/01/2013,-9470,-293370000,31.3(-0.63 %),35960,1186680000,45430,1480050000,62991,48.91
30/01/2013,0,0,31.3(0.00 %),0,0,0,0,62991,48.91
31/01/2013,17000,535971000,31.3(0.00 %),17000,535971000,0,0,45991,48.94
01/02/2013,24530,770988000,31.4(0.32 %),96374,3121440000,71844,2350452000,7,49.0
04/02/2013,9470,298257000,31.4(0.00 %),9470,298257000,0,0,0,49.01
05/02/2013,0,0,30.7(-2.23 %),0,0,0,0,7,49.0
06/02/2013,0,0,31.3(1.95 %),0,0,0,0,7,49.0
07/02/2013,12000,376200000,31.3(0.00 %),59000,1946000000,47000,1569800000,0,49.02
08/02/2013,0,0,31.4(0.32 %),0,0,0,0,7,49.0
18/02/2013,-2500,-81700000,32.5(3.50 %),0,0,2500,81700000,2507,49.0
19/02/2013,0,0,31.5(-3.08 %),0,0,0,0,2507,49.0
20/02/2013,0,0,31.6(0.32 %),0,0,0,0,2507,49.0
21/02/2013,0,0,31(-1.90 %),0,0,0,0,2507,49.0
22/02/2013,2500,78100000,31(0.00 %),2500,78100000,0,0,7,49.0
25/02/2013,10,313000,31.3(0.97 %),10,313000,0,0,0,49.0
26/02/2013,-450,-13773000,30.5(-2.56 %),0,0,450,13773000,5,49.0
27/02/2013,0,0,29.6(-2.95 %),0,0,0,0,5,49.0
28/02/2013,0,0,30.8(4.05 %),0,0,0,0,5,49.0
01/03/2013,0,0,30.5(-0.97 %),0,0,0,0,5,49.0
04/03/2013,-150,-3862000,29.2(-4.26 %),450,13860000,600,17722000,155,49.0
05/03/2013,0,0,29.3(0.34 %),0,0,0,0,155,49.0
06/03/2013,0,0,29.9(2.05 %),0,0,0,0,155,49.0
07/03/2013,-160,-4784000,30(0.33 %),0,0,160,4784000,315,49.0
08/03/2013,600,18000000,30(0.00 %),600,18000000,0,0,0,49.0
11/03/2013,0,0,30(0.00 %),0,0,0,0,5,49.0
12/03/2013,0,0,29.9(-0.33 %),115068,3693683000,115068,3693683000,5,49.0
13/03/2013,160,4795000,29.7(-0.67 %),160,4795000,0,0,0,49.0
14/03/2013,0,0,29.4(-1.01 %),0,0,0,0,5,49.0
15/03/2013,0,0,29.2(-0.68 %),0,0,0,0,5,49.0
18/03/2013,0,0,29.2(0.00 %),0,0,0,0,5,49.0
19/03/2013,0,0,28.8(-1.37 %),0,0,0,0,5,49.0
20/03/2013,0,0,28.9(0.35 %),0,0,0,0,5,49.0
21/03/2013,0,0,28.9(0.00 %),0,0,0,0,5,49.0
22/03/2013,0,0,28.7(-0.69 %),0,0,0,0,5,49.0
25/03/2013,0,0,28.8(0.35 %),0,0,0,0,5,49.0
26/03/2013,0,0,28.8(0.00 %),0,0,0,0,5,49.0
27/03/2013,0,0,28.8(0.00 %),0,0,0,0,5,49.0
28/03/2013,0,0,28.5(-1.04 %),0,0,0,0,5,49.0
29/03/2013,0,0,28.4(-0.35 %),0,0,0,0,5,49.0
01/04/2013,0,0,28.5(0.35 %),0,0,0,0,5,49.0
02/04/2013,0,0,28.5(0.00 %),0,0,0,0,5,49.0
03/04/2013,0,0,28.5(0.00 %),0,0,0,0,5,49.0
04/04/2013,0,0,28.4(-0.35 %),67658,2056803000,67658,2056803000,5,49.0
05/04/2013,0,0,28.4(0.00 %),0,0,0,0,5,49.0
08/04/2013,0,0,28.3(-0.35 %),0,0,0,0,5,49.0
09/04/2013,-1230,-36900000,30.2(6.71 %),0,0,1230,36900000,1235,49.0
10/04/2013,-460,-14638000,31.5(4.30 %),0,0,460,14638000,1695,49.0
11/04/2013,0,0,30.8(-2.22 %),0,0,0,0,1695,49.0
12/04/2013,0,0,30(-2.60 %),0,0,0,0,1695,49.0
15/04/2013,1230,36039000,27.9(-7.00 %),1230,36039000,0,0,465,49.0
16/04/2013,0,0,27.3(-2.15 %),0,0,0,0,465,49.0
17/04/2013,410,11398000,28(2.56 %),410,11398000,0,0,55,49.0
18/04/2013,50,1400000,27.9(-0.36 %),50,1400000,0,0,5,49.0
22/04/2013,0,0,27.9(0.00 %),0,0,0,0,5,49.0
23/04/2013,0,0,26.8(-3.94 %),0,0,0,0,5,49.0
24/04/2013,0,0,26.7(-0.37 %),141812,4055823000,141812,4055823000,5,49.0
25/04/2013,0,0,26.7(0.00 %),0,0,0,0,5,49.0
26/04/2013,0,0,26.6(-0.37 %),0,0,0,0,5,49.0
02/05/2013,0,0,26.4(-0.75 %),0,0,0,0,5,49.0
03/05/2013,0,0,26.7(1.14 %),0,0,0,0,5,49.0
06/05/2013,0,0,27.2(1.87 %),0,0,0,0,5,49.0
07/05/2013,0,0,26.9(-1.10 %),0,0,0,0,5,49.0
08/05/2013,-950,-25555000,26.8(-0.37 %),0,0,950,25555000,955,49.0
09/05/2013,0,0,26.8(0.00 %),0,0,0,0,955,49.0
10/05/2013,0,0,26.7(-0.37 %),0,0,0,0,955,49.0
13/05/2013,0,0,26.7(0.00 %),0,0,0,0,955,49.0
14/05/2013,-680,-18134000,25.6(0.79 %),700,18160000,1380,36294000,1635,49.0
15/05/2013,0,0,25.5(-0.39 %),0,0,0,0,1635,49.0
16/05/2013,250,6425000,25.7(0.78 %),250,6425000,0,0,1385,49.0
17/05/2013,0,0,25.3(-1.56 %),0,0,0,0,1385,49.0
20/05/2013,0,0,25.3(0.00 %),300000,7650000000,300000,7650000000,1385,49.0
21/05/2013,0,0,25.4(0.40 %),200000,5140000000,200000,5140000000,1385,49.0
22/05/2013,0,0,26.2(3.15 %),150000,3885000000,150000,3885000000,1385,49.0
23/05/2013,660,17488000,26.6(1.53 %),150760,3935188000,150100,3917700000,725,49.0
24/05/2013,600,15960000,26.7(0.38 %),600,15960000,0,0,125,49.0
27/05/2013,-200,-5440000,27.1(1.50 %),0,0,200,5440000,325,49.0
28/05/2013,0,0,26.7(-1.48 %),0,0,0,0,325,49.0
29/05/2013,0,0,26.8(0.37 %),0,0,0,0,325,49.0
30/05/2013,0,0,26.6(-0.75 %),0,0,0,0,325,49.0
31/05/2013,100,2700000,26.7(0.38 %),100,2700000,0,0,225,49.0
03/06/2013,0,0,27.1(1.50 %),0,0,0,0,225,49.0
04/06/2013,-7760,-214996000,27.7(2.21 %),0,0,7760,214996000,7985,48.99
05/06/2013,0,0,27.8(0.36 %),50000,1480000000,50000,1480000000,7985,48.99
06/06/2013,-400,-11120000,28(0.72 %),50000,1485000000,50400,1496120000,8385,48.99
07/06/2013,200,5560000,28(0.00 %),50424,1507258000,50224,1501698000,8185,48.99
10/06/2013,7790,225131000,27.9(-0.36 %),57790,1720131000,50000,1495000000,395,49.0
11/06/2013,0,0,27.8(-0.36 %),25000,745000000,25000,745000000,395,49.0
12/06/2013,0,0,27.7(-0.36 %),0,0,0,0,395,49.0
13/06/2013,-10000,-272000000,27.2(-1.81 %),0,0,10000,272000000,10395,48.99
14/06/2013,0,0,27.2(0.00 %),0,0,0,0,10395,48.99
17/06/2013,300,8250000,27.5(1.10 %),300,8250000,0,0,10095,48.99
18/06/2013,0,0,27.4(-0.36 %),0,0,0,0,10095,48.99
19/06/2013,10100,276740000,27.2(-0.73 %),10100,276740000,0,0,0,49.0
20/06/2013,0,0,27(-0.74 %),0,0,0,0,3,49.0
21/06/2013,0,0,26.8(-0.74 %),0,0,0,0,3,49.0
24/06/2013,0,0,26.5(-1.12 %),0,0,0,0,3,49.0
25/06/2013,-640,-16960000,25.5(-3.77 %),0,0,640,16960000,643,49.0
26/06/2013,0,0,26(1.96 %),0,0,0,0,643,49.0
27/06/2013,0,0,27(3.85 %),0,0,0,0,643,49.0
28/06/2013,0,0,27(0.00 %),0,0,0,0,643,49.0
01/07/2013,390,10335000,26.5(-1.85 %),390,10335000,0,0,253,49.0
02/07/2013,0,0,26.8(1.13 %),0,0,0,0,253,49.0
03/07/2013,0,0,26.7(-0.37 %),0,0,0,0,253,49.0
04/07/2013,-1460,-38380000,26.7(0.00 %),60,1596000,1520,39976000,1713,49.0
05/07/2013,0,0,26.8(0.37 %),0,0,0,0,1713,49.0
08/07/2013,40,1076000,26.8(0.00 %),40,1076000,0,0,1673,49.0
09/07/2013,0,0,26.5(-1.12 %),0,0,0,0,1673,49.0
10/07/2013,0,0,26.5(0.00 %),0,0,0,0,1673,49.0
11/07/2013,1670,44756000,26.4(-0.38 %),1670,44756000,0,0,3,49.0
12/07/2013,-1000,-26400000,26.6(0.76 %),0,0,1000,26400000,1003,49.0
15/07/2013,0,0,26.5(-0.38 %),0,0,0,0,1003,49.0
16/07/2013,-9000,-234000000,26(-1.89 %),0,0,9000,234000000,10003,48.99
17/07/2013,-22520,-585520000,26.4(1.54 %),0,0,22520,585520000,32523,48.95
18/07/2013,0,0,26.4(0.00 %),650000,17195000000,650000,17195000000,32523,48.95
19/07/2013,-500,-12400000,26(-1.52 %),1000,26600000,1500,39000000,33023,48.95
22/07/2013,3620,104566000,26(0.00 %),9000,244800000,5380,140234000,29403,48.96
23/07/2013,22520,605788000,26.5(1.92 %),22520,605788000,0,0,6883,48.99
24/07/2013,-750,-19500000,26(-1.89 %),0,0,750,19500000,7633,48.99
25/07/2013,1300,34810000,26.3(1.15 %),70918,1879627000,69618,1844817000,6333,48.99
26/07/2013,5380,141494000,26.3(0.00 %),884440,23436584000,879060,23295090000,953,49.0
29/07/2013,0,0,26.2(-0.38 %),0,0,0,0,953,49.0
30/07/2013,0,0,26.2(0.00 %),0,0,0,0,953,49.0
31/07/2013,0,0,26.4(0.76 %),0,0,0,0,953,49.0
01/08/2013,0,0,26.5(0.38 %),0,0,0,0,957,49.0
02/08/2013,0,0,26.5(0.00 %),0,0,0,0,957,49.0
05/08/2013,0,0,26.5(0.00 %),0,0,0,0,957,49.0
06/08/2013,200,5489000,26.2(-1.13 %),950,25175000,750,19686000,757,49.0
07/08/2013,0,0,26.2(0.00 %),0,0,0,0,757,49.0
08/08/2013,0,0,26.3(0.38 %),0,0,0,0,757,49.0
09/08/2013,-500,-13300000,26.6(1.14 %),0,0,500,13300000,1257,49.0
12/08/2013,750,20171000,26.9(1.13 %),750,20171000,0,0,507,49.0
13/08/2013,0,0,26.8(-0.37 %),0,0,0,0,507,49.0
14/08/2013,0,0,27(0.75 %),0,0,0,0,507,49.0
15/08/2013,70,1890000,26.8(-0.74 %),54070,1557090000,54000,1555200000,437,49.0
16/08/2013,0,0,27(0.75 %),0,0,0,0,437,49.0
19/08/2013,0,0,27.4(1.48 %),0,0,0,0,437,49.0
20/08/2013,-2010,-54471000,27(-1.46 %),0,0,2010,54471000,2447,49.0
21/08/2013,-10,-266000,27(0.00 %),0,0,10,266000,2457,49.0
22/08/2013,-650,-17355000,26.5(-1.85 %),0,0,650,17355000,3107,49.0
23/08/2013,0,0,26.4(-0.38 %),0,0,0,0,3107,49.0
26/08/2013,2440,65392000,26.8(1.52 %),2440,65392000,0,0,667,49.0
27/08/2013,-500,-13250000,26.5(-1.12 %),0,0,500,13250000,1167,49.0
28/08/2013,0,0,26.6(0.38 %),0,0,0,0,1167,49.0
29/08/2013,-3600,-95760000,26.5(-0.38 %),0,0,3600,95760000,4767,48.99
30/08/2013,100,2650000,26.5(0.00 %),36730,973345000,36630,970695000,4667,48.99
03/09/2013,-490,-12985000,26.6(0.38 %),0,0,490,12985000,1067,49.0
04/09/2013,1010,26871000,26.5(-0.38 %),1060,28196000,50,1325000,57,49.0
05/09/2013,3600,99000000,27(1.89 %),3600,99000000,0,0,0,49.0
06/09/2013,0,0,26.8(-0.74 %),0,0,0,0,7,49.0
09/09/2013,490,13132000,26.5(-1.12 %),490,13132000,0,0,0,49.0
10/09/2013,60,1590000,26.8(1.13 %),60,1590000,0,0,3,49.0
11/09/2013,0,0,27.1(1.12 %),0,0,0,0,3,49.0
12/09/2013,0,0,27.2(0.37 %),0,0,0,0,3,49.0
13/09/2013,0,0,27.2(0.00 %),0,0,0,0,3,49.0
16/09/2013,0,0,27.1(-0.37 %),0,0,0,0,3,49.0
17/09/2013,0,0,27(-0.37 %),0,0,0,0,3,49.0
18/09/2013,0,0,26.8(-0.74 %),0,0,0,0,3,49.0
19/09/2013,-70,-1855000,26.8(0.00 %),103000,2781000000,103070,2782855000,73,49.0
20/09/2013,0,0,27(0.75 %),0,0,0,0,73,49.0
23/09/2013,0,0,26.9(-0.37 %),0,0,0,0,73,49.0
24/09/2013,-5200,-138840000,26.8(-0.37 %),0,0,5200,138840000,5273,48.99
25/09/2013,70,1876000,26.8(0.00 %),70,1876000,0,0,5203,48.99
26/09/2013,0,0,27.1(1.12 %),0,0,0,0,5203,48.99
27/09/2013,0,0,27(-0.37 %),0,0,0,0,5203,48.99
30/09/2013,5200,140400000,26.7(-1.11 %),5200,140400000,0,0,3,49.0
01/10/2013,-5000,-133000000,26.7(0.00 %),0,0,5000,133000000,3,49.0
02/10/2013,0,0,27.2(1.87 %),0,0,0,0,3,49.0
03/10/2013,0,0,27(-0.74 %),0,0,0,0,3,49.0
04/10/2013,-550,-14905000,27.1(0.37 %),0,0,550,14905000,553,49.0
07/10/2013,5000,136500000,27.3(0.74 %),5000,136500000,0,0,0,49.01
08/10/2013,0,0,27.1(-0.73 %),0,0,0,0,3,49.0
09/10/2013,0,0,27.1(0.00 %),0,0,0,0,3,49.0
10/10/2013,550,15015000,27.1(0.00 %),550,15015000,0,0,0,49.0
11/10/2013,0,0,26.9(-0.74 %),0,0,0,0,3,49.0
14/10/2013,0,0,26.8(-0.37 %),0,0,0,0,3,49.0
15/10/2013,-100,-2670000,26.8(0.00 %),0,0,100,2670000,103,49.0
16/10/2013,0,0,26.7(-0.37 %),0,0,0,0,103,49.0
17/10/2013,-5500,-147950000,27(1.12 %),355068,9835384000,360568,9983334000,5603,48.99
18/10/2013,0,0,27(0.00 %),0,0,0,0,5603,48.99
21/10/2013,0,0,26.7(-1.11 %),0,0,0,0,5603,48.99
22/10/2013,-5660,-149424000,27(1.12 %),100,2640000,5760,152064000,11263,48.98
23/10/2013,5500,150150000,27.3(1.11 %),5500,150150000,0,0,5763,48.99
24/10/2013,0,0,27.2(-0.37 %),0,0,0,0,5763,48.99
25/10/2013,0,0,27(-0.74 %),0,0,0,0,5763,48.99
28/10/2013,5760,158400000,26.9(-0.37 %),5760,158400000,0,0,3,49.0
29/10/2013,0,0,26.9(0.00 %),0,0,0,0,3,49.0
30/10/2013,0,0,26.9(0.00 %),0,0,0,0,3,49.0
31/10/2013,0,0,27(0.37 %),0,0,0,0,3,49.0
01/11/2013,0,0,27(0.00 %),0,0,0,0,3,49.0
04/11/2013,0,0,27.1(0.37 %),0,0,0,0,3,49.0
05/11/2013,0,0,27.1(0.00 %),0,0,0,0,3,49.0
06/11/2013,0,0,27.2(0.37 %),200000,5780000000,200000,5780000000,3,49.0
07/11/2013,0,0,27(-0.74 %),598800,17369080000,598800,17369080000,3,49.0
08/11/2013,0,0,27.1(0.37 %),0,0,0,0,3,49.0
11/11/2013,-200,-5520000,27.7(2.21 %),0,0,200,5520000,203,49.0
12/11/2013,0,0,27.6(-0.36 %),0,0,0,0,203,49.0
13/11/2013,0,0,27.4(-0.72 %),0,0,0,0,203,49.0
14/11/2013,0,0,27.4(0.00 %),0,0,0,0,203,49.0
15/11/2013,0,0,27.5(0.36 %),100000,2930000000,100000,2930000000,203,49.0
18/11/2013,200,5500000,27.5(0.00 %),200,5500000,0,0,3,49.0
19/11/2013,0,0,27.6(0.36 %),0,0,0,0,3,49.0
20/11/2013,0,0,27.3(-1.09 %),0,0,0,0,3,49.0
21/11/2013,0,0,27.3(0.00 %),0,0,0,0,3,49.0
22/11/2013,0,0,27.5(0.73 %),0,0,0,0,3,49.0
25/11/2013,0,0,27.1(-1.45 %),0,0,0,0,3,49.0
26/11/2013,0,0,27.5(1.48 %),0,0,0,0,3,49.0
27/11/2013,0,0,27.5(0.00 %),0,0,0,0,3,49.0
28/11/2013,0,0,27.5(0.00 %),0,0,0,0,3,49.0
29/11/2013,0,0,27.3(-0.73 %),200000,5880000000,200000,5880000000,3,49.0
02/12/2013,0,0,27.5(0.73 %),21455,585722000,21455,585722000,3,49.0
03/12/2013,0,0,27.4(-0.36 %),172000,5056800000,172000,5056800000,3,49.0
04/12/2013,0,0,27.8(1.46 %),0,0,0,0,3,49.0
05/12/2013,0,0,29.7(6.83 %),0,0,0,0,3,49.0
06/12/2013,0,0,28.8(-3.03 %),0,0,0,0,3,49.0
09/12/2013,-2400,-69120000,28.8(0.00 %),0,0,2400,69120000,2403,49.0
10/12/2013,0,0,28.5(-1.04 %),0,0,0,0,2403,49.0
11/12/2013,0,0,28.8(1.05 %),0,0,0,0,2403,49.0
12/12/2013,0,0,28.8(0.00 %),0,0,0,0,2403,49.0
13/12/2013,2400,69600000,28.5(-1.04 %),2400,69600000,0,0,3,49.0
16/12/2013,0,0,28.3(-0.70 %),0,0,0,0,3,49.0
17/12/2013,-1800,-50220000,28.3(0.00 %),0,0,1800,50220000,1803,49.0
18/12/2013,0,0,28.5(0.71 %),0,0,0,0,1803,49.0
19/12/2013,0,0,28.6(0.35 %),0,0,0,0,1803,49.0
20/12/2013,0,0,28.6(0.00 %),0,0,0,0,1803,49.0
23/12/2013,570760,17465256000,30.6(6.99 %),570760,17465256000,0,0,1194651,47.42
24/12/2013,708630,22692056000,32(4.58 %),708630,22692056000,0,0,486021,50.77
25/12/2013,457710,14540244000,31.7(-0.94 %),457710,14540244000,0,0,28311,48.96
26/12/2013,28310,899758000,30.6(-3.47 %),222150,7102638000,193840,6202880000,1,49.0
27/12/2013,0,0,30.6(0.00 %),0,0,0,0,1,49.0
30/12/2013,0,0,30(-1.96 %),0,0,0,0,1,49.0
31/12/2013,-3000,-87600000,30.6(2.00 %),0,0,3000,87600000,1,49.0
02/01/2014,0,0,30.4(-0.65 %),0,0,0,0,1,51.45
03/01/2014,0,0,30.4(0.00 %),0,0,0,0,1,51.45
06/01/2014,0,0,29(-1.36 %),0,0,0,0,1,51.45
07/01/2014,3000,90000000,29(0.00 %),3000,90000000,0,0,0,51.45
08/01/2014,0,0,29.2(0.69 %),375500,11265000000,375500,11265000000,1,51.45
09/01/2014,0,0,29.5(1.03 %),0,0,0,0,1,51.45
10/01/2014,0,0,29.9(1.36 %),0,0,0,0,1,51.45
13/01/2014,0,0,29.6(-1.00 %),0,0,0,0,1,51.45
14/01/2014,0,0,29.1(-1.69 %),0,0,0,0,1,51.45
15/01/2014,0,0,29.6(1.72 %),0,0,0,0,1,51.45
16/01/2014,0,0,29.9(1.01 %),0,0,0,0,1,51.45
17/01/2014,0,0,30.7(2.68 %),0,0,0,0,1,51.45
20/01/2014,0,0,30.7(0.00 %),0,0,0,0,1,51.45
21/01/2014,0,0,30(-2.28 %),0,0,0,0,1,51.45
22/01/2014,0,0,29.4(-2.00 %),0,0,0,0,1,51.45
23/01/2014,-6900,-203220000,30(2.04 %),0,0,6900,203220000,6901,51.44
24/01/2014,-1000,-29800000,29.9(-0.33 %),0,0,1000,29800000,7901,51.44
27/01/2014,-120,-3720000,31(3.68 %),0,0,120,3720000,8021,51.44
06/02/2014,-320,-9664000,30.2(-2.58 %),0,0,320,9664000,1,51.45
07/02/2014,6900,213210000,30.7(1.66 %),6900,213210000,0,0,0,51.46
10/02/2014,1000,30900000,30.8(0.33 %),1000,30900000,0,0,1,51.45
11/02/2014,50,1540000,30.8(0.00 %),50,1540000,0,0,0,51.45
12/02/2014,170,5236000,30.5(-0.97 %),170,5236000,0,0,221,51.45
13/02/2014,-4780,-146334000,32(4.92 %),220,6666000,5000,153000000,5001,51.44
14/02/2014,0,0,31.9(-0.31 %),0,0,0,0,5001,49.85
17/02/2014,-100,-3120000,30(-5.96 %),0,0,100,3120000,5101,49.85
18/02/2014,0,0,30.5(1.67 %),0,0,0,0,5101,49.85
19/02/2014,5000,155000000,30.4(-0.33 %),5000,155000000,0,0,101,49.85
20/02/2014,0,0,30.5(0.33 %),0,0,0,0,101,49.85
21/02/2014,100,3000000,30.4(-0.33 %),100,3000000,0,0,1,49.85
24/02/2014,0,0,29.6(-2.63 %),0,0,0,0,1,49.85
25/02/2014,-10,-295000,28.8(-2.70 %),0,0,10,295000,11,49.85
26/02/2014,0,0,29.5(2.43 %),0,0,0,0,11,49.85
27/02/2014,0,0,29.4(-0.34 %),0,0,0,0,11,49.85
28/02/2014,0,0,28.1(-4.42 %),0,0,0,0,11,49.85
03/03/2014,0,0,28.6(1.78 %),0,0,0,0,11,49.85
04/03/2014,10,290000,29.3(2.45 %),10,290000,0,0,1,49.85
05/03/2014,0,0,29.3(0.00 %),0,0,0,0,1,49.85
06/03/2014,0,0,29.2(-0.34 %),0,0,0,0,1,49.85
07/03/2014,0,0,29.4(0.68 %),0,0,0,0,1,49.85
10/03/2014,0,0,29.5(0.34 %),0,0,0,0,1,49.85
11/03/2014,0,0,29.5(0.00 %),0,0,0,0,1,49.85
12/03/2014,0,0,29.6(0.34 %),0,0,0,0,1,49.85
13/03/2014,0,0,29.4(-0.68 %),0,0,0,0,1,49.85
14/03/2014,0,0,30(2.04 %),0,0,0,0,1,49.85
17/03/2014,0,0,30(0.00 %),0,0,0,0,1,49.85
18/03/2014,0,0,30.2(0.67 %),0,0,0,0,1,49.85
19/03/2014,0,0,30.2(0.00 %),0,0,0,0,1,49.85
20/03/2014,0,0,30(-0.66 %),0,0,0,0,1,49.85
21/03/2014,0,0,30.1(0.33 %),0,0,0,0,1,49.85
24/03/2014,0,0,30.2(0.33 %),0,0,0,0,1,49.85
25/03/2014,0,0,30(-0.66 %),0,0,0,0,1,49.85
26/03/2014,0,0,30(0.00 %),0,0,0,0,1,49.85
27/03/2014,0,0,30(0.00 %),0,0,0,0,1,49.85
28/03/2014,0,0,30.2(0.67 %),0,0,0,0,1,49.85
31/03/2014,0,0,30.8(1.99 %),0,0,0,0,1,49.85
01/04/2014,0,0,30.5(-0.97 %),0,0,0,0,1,49.85
02/04/2014,0,0,30.6(0.33 %),0,0,0,0,1,49.85
03/04/2014,0,0,32.2(5.23 %),0,0,0,0,1,49.85
04/04/2014,0,0,32(-0.62 %),0,0,0,0,1,49.85
07/04/2014,0,0,32(0.00 %),0,0,0,0,1,49.85
08/04/2014,-480,-15360000,32(0.00 %),0,0,480,15360000,481,49.85
10/04/2014,-10,-332000,31(-3.12 %),0,0,10,332000,491,49.85
11/04/2014,0,0,30.7(-0.97 %),0,0,0,0,491,49.85
14/04/2014,0,0,30.6(-0.33 %),0,0,0,0,491,49.85
15/04/2014,0,0,31(1.31 %),0,0,0,0,491,49.85
16/04/2014,-1010,-31088000,30.7(-0.97 %),490,15190000,1500,46278000,1501,49.85
17/04/2014,0,0,31(0.98 %),0,0,0,0,1501,49.85
18/04/2014,0,0,31(0.00 %),0,0,0,0,1501,49.85
21/04/2014,0,0,29.3(-5.48 %),0,0,0,0,1501,49.85
22/04/2014,1500,45000000,30.2(6.71 %),1500,45000000,0,0,1,49.85
23/04/2014,0,0,30.3(0.33 %),0,0,0,0,1,49.85
24/04/2014,0,0,30.7(1.32 %),0,0,0,0,1,49.85
25/04/2014,0,0,30.8(0.33 %),0,0,0,0,1,49.85
28/04/2014,0,0,29.1(-5.52 %),0,0,0,0,1,49.85
29/04/2014,0,0,31(6.53 %),0,0,0,0,1,49.85
05/05/2014,-400,-12320000,30.8(-0.65 %),0,0,400,12320000,1,49.85
06/05/2014,-300,-9150000,30.5(-0.97 %),0,0,300,9150000,301,49.85
07/05/2014,-540,-16200000,30(-1.64 %),0,0,540,16200000,841,49.85
08/05/2014,-1700,-47600000,29.5(-1.67 %),0,0,1700,47600000,2541,49.85
09/05/2014,400,11920000,29.7(0.68 %),400,11920000,0,0,2141,49.85
12/05/2014,300,8310000,29.5(-0.67 %),300,8310000,0,0,1841,49.85
13/05/2014,540,15930000,30.1(2.03 %),540,15930000,0,0,1301,49.85
14/05/2014,1700,51000000,29.1(-3.32 %),1700,51000000,0,0,0,49.85
15/05/2014,0,0,29.5(1.37 %),0,0,0,0,1,49.85
16/05/2014,-1360,-39848000,29.5(0.00 %),0,0,1360,39848000,1361,49.85
19/05/2014,0,0,29.5(0.00 %),0,0,0,0,1361,49.85
20/05/2014,0,0,30.4(3.05 %),0,0,0,0,1361,49.85
21/05/2014,0,0,30.5(0.33 %),0,0,0,0,1361,49.85
22/05/2014,1360,41480000,30.5(0.00 %),1360,41480000,0,0,1,49.85
23/05/2014,0,0,29(-4.92 %),0,0,0,0,1,49.85
26/05/2014,0,0,30.8(6.21 %),0,0,0,0,1,49.85
27/05/2014,-1200,-36000000,30.8(0.00 %),0,0,1200,36000000,1201,49.85
28/05/2014,0,0,30.7(-0.32 %),0,0,0,0,1201,49.85
29/05/2014,0,0,30.5(-0.65 %),0,0,0,0,1201,49.85
30/05/2014,0,0,31(1.64 %),0,0,0,0,1201,49.85
02/06/2014,0,0,30.9(-0.32 %),0,0,0,0,1201,49.85
03/06/2014,1200,36470000,30.4(-1.62 %),1200,36470000,0,0,1,49.85
04/06/2014,0,0,30.4(0.00 %),0,0,0,0,1,49.85
05/06/2014,0,0,30.4(0.00 %),0,0,0,0,1,49.85
06/06/2014,0,0,30.3(-0.33 %),0,0,0,0,1,49.85
09/06/2014,0,0,30.5(0.66 %),0,0,0,0,1,49.85
10/06/2014,0,0,30(-1.64 %),0,0,0,0,1,49.85
11/06/2014,0,0,30(0.00 %),0,0,0,0,1,49.85
12/06/2014,0,0,30.4(1.33 %),0,0,0,0,1,49.85
13/06/2014,0,0,30.4(0.00 %),0,0,0,0,1,49.85
16/06/2014,0,0,30.3(-0.33 %),0,0,0,0,1,49.85
17/06/2014,0,0,30.6(0.99 %),0,0,0,0,1,49.85
18/06/2014,0,0,30.9(0.98 %),0,0,0,0,1,49.85
19/06/2014,-250,-7500000,30(-2.91 %),820000,27060000000,820250,27067500000,251,49.85
20/06/2014,0,0,29.4(-2.00 %),0,0,0,0,251,49.85
23/06/2014,0,0,30.2(2.72 %),0,0,0,0,251,49.85
24/06/2014,0,0,29.5(-2.32 %),0,0,0,0,251,49.85
25/06/2014,0,0,29.8(1.02 %),0,0,0,0,251,49.85
26/06/2014,10,296000,29.8(0.00 %),10,296000,0,0,241,49.85
27/06/2014,0,0,29.8(0.00 %),0,0,0,0,241,49.85
30/06/2014,240,7488000,30(0.67 %),240,7488000,0,0,1,49.85
01/07/2014,0,0,29.9(-0.33 %),0,0,0,0,1,49.85
02/07/2014,0,0,29.6(-1.00 %),0,0,0,0,1,49.85
03/07/2014,0,0,29.6(0.00 %),0,0,0,0,1,49.85
04/07/2014,0,0,30.3(2.36 %),0,0,0,0,1,49.85
07/07/2014,0,0,30.1(-0.66 %),0,0,0,0,1,49.85
08/07/2014,0,0,30(-0.33 %),0,0,0,0,1,49.85
09/07/2014,0,0,30.2(0.67 %),0,0,0,0,1,49.85
10/07/2014,0,0,30.2(0.00 %),0,0,0,0,1,49.0
11/07/2014,0,0,30.2(0.00 %),0,0,0,0,0,0.0
14/07/2014,0,0,30(-0.66 %),0,0,0,0,1,49.85
15/07/2014,0,0,30.2(0.67 %),0,0,0,0,1,49.85
16/07/2014,0,0,30(-0.66 %),0,0,0,0,0,0.0
17/07/2014,0,0,30(0.00 %),0,0,0,0,1,49.85
18/07/2014,0,0,29.5(-1.67 %),0,0,0,0,1,49.0
21/07/2014,-180,-5310000,31(5.08 %),0,0,180,5310000,0,0.0
22/07/2014,0,0,31(0.00 %),0,0,0,0,0,0.0
23/07/2014,0,0,30.8(-0.65 %),0,0,0,0,0,0.0
24/07/2014,-1560,-46488000,30.7(-0.32 %),0,0,1560,46488000,0,0.0
25/07/2014,180,5526000,30.4(-0.98 %),180,5526000,0,0,0,0.0
28/07/2014,0,0,30.3(-0.33 %),0,0,0,0,0,0.0
29/07/2014,0,0,30(-0.99 %),0,0,0,0,0,0.0
30/07/2014,1560,48984000,30(0.00 %),1560,48984000,0,0,0,0.0
31/07/2014,0,0,30.5(1.67 %),0,0,0,0,0,0.0
01/08/2014,0,0,30.8(0.98 %),22414,683627000,22414,683627000,0,0.0
04/08/2014,0,0,30.7(-0.32 %),0,0,0,0,0,0.0
05/08/2014,0,0,30.4(-0.98 %),0,0,0,0,0,0.0
06/08/2014,0,0,30.2(-0.66 %),0,0,0,0,1,49.0
07/08/2014,0,0,30.3(0.33 %),0,0,0,0,1,49.85
08/08/2014,0,0,30.5(0.66 %),0,0,0,0,0,0.0
11/08/2014,0,0,30.5(0.00 %),0,0,0,0,0,0.0
12/08/2014,0,0,30.5(0.00 %),0,0,0,0,0,0.0
13/08/2014,0,0,31(1.64 %),0,0,0,0,0,0.0
14/08/2014,0,0,30.7(-0.97 %),40800,1350480000,40800,1350480000,1,49.0
15/08/2014,0,0,30.7(0.00 %),0,0,0,0,1,49.0
18/08/2014,-20,-640000,31.7(3.26 %),0,0,20,640000,0,0.0
19/08/2014,-4720,-151040000,31.8(0.32 %),0,0,4720,151040000,0,0.0
20/08/2014,-10,-320000,31.8(0.00 %),0,0,10,320000,0,0.0
21/08/2014,0,0,31.5(-0.94 %),0,0,0,0,0,0.0
22/08/2014,0,0,31.5(0.00 %),0,0,0,0,21,49.0
25/08/2014,3490,116566000,31.9(1.27 %),4740,158316000,1250,41750000,4741,48.99
26/08/2014,0,0,31.5(-1.25 %),0,0,0,0,11,49.0
27/08/2014,0,0,31.5(0.00 %),0,0,0,0,11,49.0
28/08/2014,10,324000,31.8(0.95 %),10,324000,0,0,11,49.0
29/08/2014,1250,40000000,31.8(0.00 %),1250,40000000,0,0,0,0.0
03/09/2014,0,0,31.8(0.00 %),0,0,0,0,1,49.0
04/09/2014,0,0,33.8(6.29 %),0,0,0,0,0,0.0
05/09/2014,0,0,33.5(-0.89 %),1645802,59248872000,1645802,59248872000,0,0.0
08/09/2014,0,0,33(-1.49 %),0,0,0,0,1,49.0
09/09/2014,0,0,31.7(-3.94 %),0,0,0,0,1,49.0
10/09/2014,0,0,31.5(-0.63 %),0,0,0,0,0,0.0
11/09/2014,0,0,31(-1.59 %),0,0,0,0,0,0.0
12/09/2014,0,0,31.5(1.61 %),0,0,0,0,0,0.0
15/09/2014,0,0,30.7(-2.54 %),0,0,0,0,1,49.0
16/09/2014,0,0,31(0.98 %),0,0,0,0,0,0.0
17/09/2014,-80,-2456000,31(0.00 %),0,0,80,2456000,0,0.0
18/09/2014,-100,-3200000,32.3(4.19 %),0,0,100,3200000,0,0.0
19/09/2014,0,0,32.1(-0.62 %),0,0,0,0,0,0.0
22/09/2014,0,0,32.3(0.62 %),0,0,0,0,0,0.0
23/09/2014,80,2638000,33.1(2.48 %),80,2638000,0,0,0,0.0
24/09/2014,-50,-1880000,35.4(6.95 %),50,1660000,100,3540000,51,49.85
25/09/2014,0,0,37.8(6.78 %),0,0,0,0,51,49.85
26/09/2014,0,0,37.8(0.00 %),0,0,0,0,51,49.85
29/09/2014,-50,-1900000,37(-2.12 %),50,1800000,100,3700000,0,0.0
30/09/2014,50,1800000,35.8(-3.24 %),50,1800000,0,0,51,0.0
01/10/2014,0,0,36.5(1.96 %),0,0,0,0,51,0.0
02/10/2014,50,1820000,36.3(-0.55 %),50,1820000,0,0,1,0.0
03/10/2014,100,3610000,36.5(0.55 %),100,3610000,0,0,0,0.0
06/10/2014,0,0,36.3(-0.55 %),0,0,0,0,0,0.0
07/10/2014,-100,-3730000,37.2(2.48 %),0,0,100,3730000,0,0.0
08/10/2014,0,0,38(2.15 %),0,0,0,0,0,0.0
09/10/2014,0,0,37.5(-1.32 %),0,0,0,0,0,0.0
10/10/2014,0,0,37.8(0.80 %),0,0,0,0,0,0.0
13/10/2014,-370,-13986000,38.3(1.32 %),0,0,370,13986000,7,49.85
14/10/2014,-680,-26044000,38.5(0.52 %),0,0,680,26044000,687,49.85
15/10/2014,100,3800000,38.4(-0.26 %),100,3800000,0,0,587,49.85
16/10/2014,0,0,37.2(-3.12 %),0,0,0,0,587,49.85
17/10/2014,0,0,37(-0.54 %),0,0,0,0,587,49.85
20/10/2014,0,0,38(2.70 %),0,0,0,0,587,49.85
21/10/2014,1050,39685000,37.7(-0.79 %),1050,39685000,0,0,0,49.85
22/10/2014,0,0,37.7(0.00 %),0,0,0,0,7,49.85
23/10/2014,0,0,37.7(0.00 %),0,0,0,0,7,49.85
24/10/2014,0,0,37.3(-1.06 %),0,0,0,0,7,49.85
27/10/2014,0,0,37(-0.80 %),0,0,0,0,7,49.85
29/10/2014,0,0,37.5(1.35 %),0,0,0,0,7,49.85
30/10/2014,0,0,37.4(-0.27 %),0,0,0,0,7,49.85
31/10/2014,0,0,37.7(0.80 %),0,0,0,0,7,49.85
03/11/2014,-100,-3900000,39(3.45 %),0,0,100,3900000,7,49.85
04/11/2014,0,0,39(0.00 %),0,0,0,0,7,49.85
05/11/2014,0,0,40(2.56 %),0,0,0,0,7,49.85
06/11/2014,-520,-21080000,40(0.00 %),0,0,520,21080000,527,49.85
07/11/2014,10,400000,42(5.00 %),10,400000,0,0,517,49.85
10/11/2014,90,3690000,41.9(-0.24 %),90,3690000,0,0,427,49.85
11/11/2014,0,0,42(0.24 %),0,0,0,0,427,49.85
12/11/2014,150,6225000,41.8(-0.48 %),150,6225000,0,0,277,49.85
13/11/2014,40,1640000,41.1(-1.67 %),40,1640000,0,0,237,49.85
14/11/2014,10,410000,41.5(0.97 %),10,410000,0,0,227,49.85
17/11/2014,50,2050000,41.4(-0.24 %),50,2050000,0,0,177,49.85
18/11/2014,-30,-1242000,39.8(-3.86 %),0,0,30,1242000,207,49.85
19/11/2014,0,0,40(0.50 %),0,0,0,0,207,49.85
20/11/2014,0,0,41.3(3.25 %),0,0,0,0,277,0.0
21/11/2014,270,10910000,40.4(-2.18 %),270,10910000,0,0,7,0.0
24/11/2014,0,0,40.4(0.00 %),0,0,0,0,37,0.0
25/11/2014,0,0,41.5(2.72 %),0,0,0,0,37,0.0
26/11/2014,0,0,41.4(-0.24 %),0,0,0,0,37,0.0
27/11/2014,0,0,41(-0.97 %),0,0,0,0,37,0.0
28/11/2014,0,0,40.9(-0.24 %),0,0,0,0,37,0.0
01/12/2014,0,0,40.9(0.00 %),67738,2770480000,67738,2770480000,37,0.0
02/12/2014,0,0,39.2(-4.16 %),0,0,0,0,37,0.0
03/12/2014,-240,-9410000,40(2.04 %),0,0,240,9410000,37,0.0
04/12/2014,0,0,40(0.00 %),0,0,0,0,37,0.0
05/12/2014,0,0,40(0.00 %),0,0,0,0,37,0.0
08/12/2014,30,1170000,39.9(-0.25 %),30,1170000,0,0,7,0.0
09/12/2014,-180,-7020000,40(0.25 %),0,0,180,7020000,247,0.0
10/12/2014,0,0,39.9(-0.25 %),0,0,0,0,247,0.0
11/12/2014,0,0,39.9(0.00 %),0,0,0,0,247,0.0
12/12/2014,240,9576000,39.9(0.00 %),240,9576000,0,0,7,49.85
15/12/2014,180,7020000,40(0.25 %),180,7020000,0,0,7,0.0
16/12/2014,0,0,39(-2.50 %),0,0,0,0,7,0.0
17/12/2014,0,0,38.5(-1.28 %),0,0,0,0,7,0.0
18/12/2014,0,0,40.9(6.23 %),140000,5754000000,140000,5754000000,7,0.0
19/12/2014,0,0,40.9(0.00 %),0,0,0,0,7,0.0
22/12/2014,0,0,40(-2.20 %),0,0,0,0,7,49.85
23/12/2014,0,0,40(0.00 %),0,0,0,0,7,0.0
24/12/2014,0,0,39.8(-0.50 %),0,0,0,0,7,0.0
25/12/2014,0,0,39.8(0.00 %),0,0,0,0,7,0.0
26/12/2014,0,0,39.8(0.00 %),0,0,0,0,7,49.85
29/12/2014,0,0,39.8(0.00 %),0,0,0,0,7,49.85
30/12/2014,-1300,-48360000,39.6(-0.50 %),0,0,1300,48360000,1307,49.85
31/12/2014,0,0,39.9(0.76 %),0,0,0,0,1307,49.85
05/01/2015,0,0,39.8(-0.25 %),29039,1158656000,29039,1158656000,7,49.85
06/01/2015,0,0,39(-2.01 %),0,0,0,0,7,49.85
07/01/2015,1300,50784000,39(0.00 %),1300,50784000,0,0,0,49.86
08/01/2015,0,0,38.9(-0.26 %),0,0,0,0,7,49.85
09/01/2015,0,0,38(-2.31 %),0,0,0,0,7,49.85
12/01/2015,0,0,38.2(0.53 %),0,0,0,0,7,49.85
13/01/2015,0,0,38.5(0.79 %),0,0,0,0,7,49.85
14/01/2015,0,0,39(1.30 %),0,0,0,0,7,49.85
15/01/2015,0,0,38(-2.56 %),0,0,0,0,7,49.85
16/01/2015,0,0,38(0.00 %),0,0,0,0,7,49.85
19/01/2015,0,0,38(0.00 %),0,0,0,0,7,49.85
20/01/2015,0,0,38(0.00 %),0,0,0,0,7,49.85
21/01/2015,0,0,37.5(-1.32 %),0,0,0,0,7,49.85
22/01/2015,0,0,38(1.33 %),0,0,0,0,7,49.85
23/01/2015,0,0,37.4(-1.58 %),0,0,0,0,7,49.85
26/01/2015,0,0,38(1.60 %),0,0,0,0,7,49.85
27/01/2015,0,0,37.5(-1.32 %),0,0,0,0,7,49.85
28/01/2015,0,0,37.5(0.00 %),0,0,0,0,7,49.85
29/01/2015,0,0,37.6(0.27 %),0,0,0,0,7,49.85
30/01/2015,0,0,37.6(0.00 %),0,0,0,0,7,49.85
02/02/2015,0,0,37.5(-0.27 %),0,0,0,0,7,49.85
03/02/2015,0,0,37(-1.33 %),0,0,0,0,7,49.85
04/02/2015,0,0,37(0.00 %),0,0,0,0,7,49.85
05/02/2015,0,0,36.8(-0.54 %),51020,2015290000,51020,2015290000,7,49.85
06/02/2015,0,0,37.5(1.90 %),0,0,0,0,7,49.85
09/02/2015,0,0,37.4(-0.27 %),0,0,0,0,7,49.85
10/02/2015,0,0,37(-1.07 %),0,0,0,0,7,49.85
11/02/2015,0,0,37(0.00 %),0,0,0,0,7,49.85
12/02/2015,-960,-35880000,37.5(1.35 %),0,0,960,35880000,967,49.85
13/02/2015,0,0,37(-1.33 %),0,0,0,0,967,49.85
24/02/2015,0,0,37.3(0.81 %),0,0,0,0,967,49.85
25/02/2015,0,0,36.9(-1.07 %),0,0,0,0,967,49.85
26/02/2015,960,35724000,37.2(0.81 %),960,35724000,0,0,7,49.85
27/02/2015,0,0,37.2(0.00 %),0,0,0,0,7,49.85
02/03/2015,0,0,36.5(-1.88 %),0,0,0,0,7,49.85
03/03/2015,0,0,36.8(0.82 %),0,0,0,0,7,49.85
04/03/2015,0,0,36.8(0.00 %),0,0,0,0,7,49.85
05/03/2015,0,0,37.4(1.63 %),234100,9200130000,234100,9200130000,7,49.85
06/03/2015,0,0,37.1(-0.80 %),0,0,0,0,7,49.85
09/03/2015,0,0,37.1(0.00 %),0,0,0,0,7,49.85
10/03/2015,0,0,37.2(0.27 %),0,0,0,0,7,49.85
11/03/2015,0,0,37.2(0.00 %),0,0,0,0,7,49.85
12/03/2015,0,0,37.4(0.54 %),0,0,0,0,7,49.85
13/03/2015,0,0,38.1(1.87 %),0,0,0,0,7,49.85
16/03/2015,0,0,38.1(0.00 %),0,0,0,0,7,49.85
17/03/2015,0,0,38.4(0.79 %),0,0,0,0,7,49.85
18/03/2015,-2000,-76800000,38.9(1.30 %),0,0,2000,76800000,2007,49.85
19/03/2015,0,0,41.6(6.94 %),0,0,0,0,2007,49.85
20/03/2015,0,0,43.4(4.33 %),0,0,0,0,2007,49.85
23/03/2015,0,0,43.4(0.00 %),364000,16889600000,364000,16889600000,2007,49.85
24/03/2015,2000,84000000,42.1(-3.00 %),253900,11772160000,251900,11688160000,7,49.85
25/03/2015,2000,84000000,42(-0.24 %),253900,11772160000,251900,11688160000,0,49.86
26/03/2015,0,0,42.4(0.95 %),500000,22450000000,500000,22450000000,7,49.85
27/03/2015,0,0,43(1.42 %),150000,6795000000,150000,6795000000,7,49.85
30/03/2015,0,0,43(0.00 %),0,0,0,0,7,49.85
31/03/2015,0,0,43.8(1.86 %),0,0,0,0,7,49.85
01/04/2015,0,0,44(0.46 %),25527,1118083000,25527,1118083000,7,49.85
02/04/2015,0,0,44.5(1.14 %),0,0,0,0,7,49.85
03/04/2015,0,0,45(1.12 %),0,0,0,0,7,49.85
06/04/2015,0,0,45(0.00 %),160000,7696000000,160000,7696000000,7,49.85
07/04/2015,0,0,45(0.00 %),0,0,0,0,7,49.85
08/04/2015,0,0,46(2.22 %),260400,12525240000,260400,12525240000,7,49.85
09/04/2015,-200000,-9200000000,46.1(0.22 %),363670,17492527000,563670,26692527000,200007,49.59
10/04/2015,0,0,46.7(1.30 %),510000,25143000000,510000,25143000000,200007,49.59
13/04/2015,0,0,47.5(1.71 %),340000,16966000000,340000,16966000000,200007,49.59
14/04/2015,0,0,48(1.05 %),100000,5000000000,100000,5000000000,200007,49.59
15/04/2015,9730,467040000,48(0.00 %),9730,467040000,0,0,190277,49.6
16/04/2015,97510,4816449000,49.5(3.12 %),190270,9429429000,92760,4612980000,92767,49.73
17/04/2015,0,0,49.5(0.00 %),0,0,0,0,92767,49.73
20/04/2015,-1010,-49490000,49(-1.01 %),37000,1942500000,38010,1991990000,93777,49.73
21/04/2015,-190,-9310000,49.4(0.82 %),200000,10000000000,200190,10009310000,93967,49.73
22/04/2015,4480,221312000,49.4(0.00 %),4480,221312000,0,0,89487,49.73
23/04/2015,-400,-19450000,48.5(-1.82 %),50,2400000,450,21850000,89887,49.73
24/04/2015,6000,309000000,51(5.15 %),6000,309000000,0,0,83887,49.74
27/04/2015,1000,51000000,48.5(-4.90 %),1000,51000000,0,0,82887,49.74
04/05/2015,70,3385000,48.5(0.00 %),70,3385000,0,0,82367,49.74
05/05/2015,10,485000,48.5(0.00 %),10,485000,0,0,82357,49.74
06/05/2015,25890,1308790000,50.5(4.12 %),63350,3209885000,37460,1901095000,56467,47.48
07/05/2015,30,1515000,51(0.99 %),30,1515000,0,0,56437,47.48
08/05/2015,0,0,51(0.00 %),0,0,0,0,56437,47.48
11/05/2015,570,28985000,50.5(-0.98 %),570,28985000,0,0,55867,47.48
12/05/2015,15540,796345000,52(2.97 %),115540,5971345000,100000,5175000000,40327,47.5
13/05/2015,0,0,52(0.00 %),285000,14991000000,285000,14991000000,40327,47.5
14/05/2015,1880,94000000,52(0.00 %),1880,94000000,0,0,38447,47.5
15/05/2015,3450,172500000,51.5(-0.96 %),92000,4688550000,88550,4516050000,34997,47.51
18/05/2015,2400,120000000,50.5(-1.94 %),2400,120000000,0,0,32597,47.51
19/05/2015,400,20200000,50.5(0.00 %),1000,50500000,600,30300000,32197,47.51
20/05/2015,440,22200000,51(0.99 %),30440,1552200000,30000,1530000000,31757,47.51
21/05/2015,0,0,51.5(0.98 %),0,0,0,0,31757,47.51
22/05/2015,1000,51500000,51.5(0.00 %),1000,51500000,0,0,30757,47.51
25/05/2015,-3440,-176985000,51.5(0.00 %),2200,114150000,5640,291135000,34197,47.51
26/05/2015,1390,72280000,52(0.97 %),1390,72280000,0,0,32807,47.51
27/05/2015,2460,127420000,51.5(-0.96 %),2500,129500000,40,2080000,30347,47.51
28/05/2015,1860,96790000,52(0.97 %),2300,119400000,440,22610000,28487,47.51
29/05/2015,6480,336480000,51(-1.92 %),106480,5436480000,100000,5100000000,22007,47.52
01/06/2015,900,46800000,51(0.00 %),900,46800000,0,0,21077,47.52
02/06/2015,3600,183600000,51(0.00 %),3600,183600000,0,0,17477,47.53
03/06/2015,30,1530000,51(0.00 %),30,1530000,0,0,17447,47.53
04/06/2015,17890,953820000,50.5(-0.98 %),17890,953820000,0,0,0,47.55
05/06/2015,-60990,-3141430000,51.5(1.98 %),100000,5150000000,160990,8291430000,37,47.55
08/06/2015,30,1545000,51.5(0.00 %),30,1545000,0,0,7,47.55
09/06/2015,-40,-2060000,51.5(0.00 %),0,0,40,2060000,47,47.55
10/06/2015,0,0,39(-1.02 %),0,0,0,0,47,47.55
11/06/2015,18470,756230000,41.6(6.67 %),619020,25379110000,600550,24622880000,0,47.57
12/06/2015,90,3735000,41.5(-0.24 %),90,3735000,0,0,32617,47.51
15/06/2015,3600,150400000,41(-1.20 %),3600,150400000,0,0,38247,47.5
16/06/2015,5670,228050000,40(-2.44 %),5670,228050000,0,0,32577,47.51
17/06/2015,420,16800000,40.3(0.75 %),420,16800000,0,0,32157,47.51
18/06/2015,1900,76274000,40.1(-0.50 %),1900,76274000,0,0,30257,47.51
19/06/2015,500,20000000,40(-0.25 %),500,20000000,0,0,29757,47.51
22/06/2015,470,18800000,39.8(-0.50 %),200470,8018800000,200000,8000000000,29287,47.51
23/06/2015,-320,-12480000,39.8(0.00 %),0,0,320,12480000,29607,47.51
24/06/2015,30,1194000,39.8(0.00 %),30,1194000,0,0,29577,47.51
25/06/2015,0,0,39.8(0.00 %),100000,4050000000,100000,4050000000,29577,47.51
26/06/2015,2500,99750000,39.9(0.25 %),302500,12219750000,300000,12120000000,27077,47.52
29/06/2015,0,0,39.5(-1.00 %),0,0,0,0,27077,47.52
30/06/2015,0,0,39.5(0.00 %),0,0,0,0,27077,47.52
01/07/2015,-2020,-80001000,39.5(0.00 %),191490,7563560000,193510,7643561000,26177,48.97
02/07/2015,0,0,39.2(-0.76 %),0,0,0,0,26177,48.97
03/07/2015,10,392000,39.2(0.00 %),10,392000,0,0,26167,48.97
06/07/2015,0,0,39.2(0.00 %),0,0,0,0,26167,48.97
07/07/2015,2260,87953000,38.9(-0.77 %),2290,89117000,30,1164000,27387,48.96
08/07/2015,2590,100751000,38.9(0.00 %),2590,100751000,0,0,24797,48.97
09/07/2015,2710,105419000,39(0.26 %),2710,105419000,0,0,22087,48.97
10/07/2015,1280,50175000,39.1(0.26 %),1290,50568000,10,393000,20797,48.97
13/07/2015,0,0,40(2.30 %),0,0,0,0,20827,48.97
14/07/2015,10500,420000000,40(0.00 %),10500,420000000,0,0,10327,48.99
15/07/2015,-4000,-159200000,39.8(-0.50 %),0,0,4000,159200000,10327,48.99
16/07/2015,3000,119400000,39.8(0.00 %),3000,119400000,0,0,24900,48.97
17/07/2015,0,0,39.5(-0.75 %),400000,15920000000,400000,15920000000,24900,48.97
20/07/2015,6700,267980000,38.5(-2.53 %),6700,267980000,0,0,18200,48.98
21/07/2015,10350,412605000,39.9(3.64 %),190350,7612605000,180000,7200000000,11850,48.99
22/07/2015,0,0,38.5(-3.51 %),0,0,0,0,11850,48.99
23/07/2015,5150,204096000,38.7(0.52 %),5150,204096000,0,0,6700,48.99
24/07/2015,-120,-4656000,39(0.78 %),38000,1520000000,38120,1524656000,6700,48.99
27/07/2015,-2870,-103755000,40(2.56 %),4200,166930000,7070,270685000,9690,48.99
28/07/2015,0,0,40(0.00 %),0,0,0,0,9690,48.99
29/07/2015,20,782000,38.6(-3.50 %),620020,25110782000,620000,25110000000,9670,48.99
30/07/2015,0,0,38.4(-0.52 %),0,0,0,0,9670,48.99
31/07/2015,2000,74410000,36.7(-4.43 %),2020,75180000,20,770000,7670,48.99
03/08/2015,500,17600000,35.3(-3.81 %),500,17600000,0,0,7150,48.99
04/08/2015,0,0,35.2(-0.28 %),0,0,0,0,7150,48.99
05/08/2015,7150,251260000,35(-0.57 %),7150,251260000,0,0,0,49.0
06/08/2015,-10,-350000,35(0.00 %),0,0,10,350000,22,49.0
07/08/2015,20,700000,34.8(-0.57 %),20,700000,0,0,2,49.0
10/08/2015,0,0,34.8(0.00 %),0,0,0,0,2,49.0
11/08/2015,0,0,34.9(0.29 %),0,0,0,0,2,49.0
12/08/2015,10,350000,34.5(-1.15 %),10,350000,0,0,0,49.0
13/08/2015,-30,-1010000,33.5(-2.90 %),0,0,30,1010000,2,49.0
14/08/2015,0,0,32.5(-2.99 %),0,0,0,0,2,49.0
17/08/2015,-21060,-638370000,30.3(-6.77 %),0,0,21060,638370000,21062,48.98
18/08/2015,0,0,32.3(6.60 %),0,0,0,0,21062,48.98
19/08/2015,30,970000,32.4(0.31 %),30,970000,0,0,21032,48.98
20/08/2015,0,0,31.5(-2.78 %),0,0,0,0,21032,48.98
21/08/2015,20980,669360000,31.9(1.27 %),20980,669360000,0,0,52,49.0
24/08/2015,80,2490000,31.5(-1.25 %),80,2490000,0,0,0,49.0
25/08/2015,0,0,32(1.59 %),0,0,0,0,4,49.0
26/08/2015,0,0,32.5(1.56 %),0,0,0,0,4,49.0
27/08/2015,0,0,32.5(0.00 %),0,0,0,0,4,49.0
28/08/2015,0,0,33.5(3.08 %),0,0,0,0,4,49.0
31/08/2015,10,330000,32.5(-2.99 %),10,330000,0,0,0,49.0
01/09/2015,0,0,32(-1.54 %),0,0,0,0,1,49.0
03/09/2015,0,0,31.6(-1.25 %),0,0,0,0,1,49.0
04/09/2015,0,0,33.8(6.96 %),0,0,0,0,1,49.0
07/09/2015,0,0,33.8(0.00 %),0,0,0,0,1,49.0
08/09/2015,0,0,32.5(-3.85 %),0,0,0,0,1,49.0
09/09/2015,0,0,33.6(3.38 %),0,0,0,0,1,49.0
10/09/2015,0,0,33.6(0.00 %),0,0,0,0,1,49.0
11/09/2015,0,0,33.5(-0.30 %),0,0,0,0,1,49.0
14/09/2015,0,0,32.7(-2.39 %),0,0,0,0,1,49.0
15/09/2015,0,0,32.8(0.31 %),0,0,0,0,1,49.0
16/09/2015,0,0,33(0.61 %),0,0,0,0,1,49.0
17/09/2015,0,0,32.7(-0.91 %),0,0,0,0,1,49.0
18/09/2015,0,0,32.8(0.31 %),0,0,0,0,1,49.0
21/09/2015,0,0,32.8(0.00 %),0,0,0,0,1,49.0
22/09/2015,0,0,32(-2.44 %),0,0,0,0,1,49.0
23/09/2015,0,0,32.2(0.62 %),0,0,0,0,1,49.0
24/09/2015,-1550,-48210000,32.4(0.62 %),0,0,1550,48210000,1551,49.0
25/09/2015,0,0,32.8(1.23 %),0,0,0,0,1551,49.0
28/09/2015,0,0,32.8(0.00 %),0,0,0,0,1551,49.0
29/09/2015,0,0,32.8(0.00 %),0,0,0,0,1551,49.0
30/09/2015,1550,50840000,33(0.61 %),1550,50840000,0,0,1,49.0
01/10/2015,0,0,33(0.00 %),0,0,0,0,4,49.0
02/10/2015,0,0,32.9(-0.30 %),0,0,0,0,4,49.0
05/10/2015,0,0,33(0.30 %),0,0,0,0,4,49.0
06/10/2015,0,0,32.9(-0.30 %),0,0,0,0,4,49.0
07/10/2015,0,0,32.7(-0.61 %),100000,3500000000,100000,3500000000,4,49.0
08/10/2015,0,0,32.9(0.61 %),0,0,0,0,4,49.0
09/10/2015,0,0,32.7(-0.61 %),100000,3500000000,100000,3500000000,4,49.0
12/10/2015,0,0,32(-2.14 %),0,0,0,0,4,49.0
13/10/2015,0,0,32.1(0.31 %),0,0,0,0,4,49.0
14/10/2015,0,0,32.1(0.00 %),0,0,0,0,4,49.0
15/10/2015,0,0,31.8(-0.93 %),0,0,0,0,4,49.0
16/10/2015,0,0,31.8(0.00 %),0,0,0,0,4,49.0
19/10/2015,0,0,31.4(-1.26 %),0,0,0,0,4,49.0
20/10/2015,0,0,31(-1.27 %),0,0,0,0,4,49.0
21/10/2015,0,0,31.1(0.32 %),0,0,0,0,4,49.0
22/10/2015,-1170,-36390000,32.3(3.86 %),0,0,1170,36390000,1174,49.0
23/10/2015,0,0,32.1(-0.62 %),0,0,0,0,1174,49.0
26/10/2015,0,0,32(-0.31 %),0,0,0,0,1174,49.0
27/10/2015,0,0,32(0.00 %),0,0,0,0,1174,49.0
28/10/2015,1170,37440000,32.2(0.62 %),1170,37440000,0,0,4,49.0
29/10/2015,0,0,32(-0.62 %),0,0,0,0,4,49.0
30/10/2015,0,0,32(0.00 %),0,0,0,0,4,49.0
02/11/2015,-2200,-69650000,31.4(-1.88 %),0,0,2200,69650000,4,49.0
03/11/2015,-4000,-125610000,31.7(0.96 %),0,0,4000,125610000,4004,49.0
04/11/2015,0,0,31.8(0.32 %),0,0,0,0,4004,49.0
05/11/2015,0,0,32(0.63 %),0,0,0,0,4004,49.0
06/11/2015,2110,69420000,32(0.00 %),2200,72380000,90,2960000,1894,49.0
09/11/2015,4000,130000000,32.1(0.31 %),4000,130000000,0,0,0,49.0
10/11/2015,0,0,32.1(0.00 %),0,0,0,0,4,49.0
11/11/2015,0,0,32(-0.31 %),0,0,0,0,4,49.0
12/11/2015,-5200,-171640000,34.2(6.88 %),0,0,5200,171640000,5204,48.99
13/11/2015,0,0,34.7(1.46 %),0,0,0,0,5204,48.99
16/11/2015,0,0,34.7(0.00 %),483278,17929610000,483278,17929610000,5204,48.99
17/11/2015,90,3150000,35.3(1.73 %),259980,9645070000,259890,9641920000,5114,48.99
18/11/2015,5200,171080000,35.3(0.00 %),1505200,56421080000,1500000,56250000000,0,49.0
19/11/2015,-1560,-53610000,35.2(-0.28 %),0,0,1560,53610000,4,49.0
20/11/2015,0,0,36(2.27 %),0,0,0,0,4,49.0
23/11/2015,0,0,36(0.00 %),0,0,0,0,4,49.0
24/11/2015,0,0,36.4(1.11 %),0,0,0,0,4,49.0
25/11/2015,1560,57560000,36.5(0.27 %),1560,57560000,0,0,4,49.0
26/11/2015,0,0,39(6.85 %),0,0,0,0,4,49.0
27/11/2015,0,0,38.4(-1.54 %),0,0,0,0,4,49.0
30/11/2015,0,0,38.9(1.30 %),0,0,0,0,4,49.0
01/12/2015,0,0,38.8(-0.26 %),0,0,0,0,4,49.0
02/12/2015,0,0,38.8(0.00 %),0,0,0,0,4,49.0
03/12/2015,0,0,39.5(1.80 %),0,0,0,0,4,49.0
04/12/2015,0,0,41(3.80 %),0,0,0,0,4,49.0
07/12/2015,0,0,39.8(-2.93 %),0,0,0,0,4,49.0
08/12/2015,0,0,40.4(1.51 %),0,0,0,0,4,49.0
09/12/2015,0,0,40(-0.99 %),0,0,0,0,4,49.0
10/12/2015,0,0,39.9(-0.25 %),0,0,0,0,4,49.0
11/12/2015,0,0,40.5(1.50 %),0,0,0,0,4,49.0
14/12/2015,0,0,40.3(-0.49 %),0,0,0,0,4,49.0
15/12/2015,-2700,-108000000,41.8(3.72 %),233372,10058330000,236072,10166330000,4,49.0
16/12/2015,-80,-3380000,43(2.87 %),0,0,80,3380000,4,49.0
17/12/2015,0,0,44(2.33 %),0,0,0,0,4,49.0
18/12/2015,0,0,43.3(-1.59 %),0,0,0,0,4,49.0
21/12/2015,2700,120150000,43.3(0.00 %),2700,120150000,0,0,4,49.0
22/12/2015,0,0,43.3(0.00 %),0,0,0,0,84,49.0
23/12/2015,-1520,-65020000,40.9(-5.54 %),0,0,1520,65020000,84,49.0
24/12/2015,80,3300000,41(0.24 %),80,3300000,0,0,4,49.0
25/12/2015,0,0,42.8(4.39 %),0,0,0,0,4,49.0
28/12/2015,0,0,43.4(1.40 %),0,0,0,0,4,49.0
29/12/2015,1520,65360000,43.3(-0.23 %),1520,65360000,0,0,4,49.0
30/12/2015,0,0,43.3(1.17 %),0,0,0,0,4,49.0
31/12/2015,0,0,42.9(-0.92 %),0,0,0,0,4,49.0
04/01/2016,0,0,43(0.23 %),79803,3423550000,79803,3423550000,4,49.0
05/01/2016,0,0,42.3(-1.63 %),126100,5800600000,126100,5800600000,4,49.0
06/01/2016,0,0,42.9(1.42 %),0,0,0,0,4,49.0
07/01/2016,-3000,-126460000,42.8(-0.23 %),0,0,3000,126460000,4,49.0
08/01/2016,0,0,42.9(0.23 %),95000,4341500000,95000,4341500000,4,49.0
11/01/2016,0,0,42.2(-1.63 %),0,0,0,0,4,49.0
12/01/2016,3000,127500000,42(-0.47 %),3000,127500000,0,0,4,49.0
13/01/2016,0,0,42(0.00 %),0,0,0,0,4,49.0
14/01/2016,0,0,40.5(-3.57 %),0,0,0,0,4,49.0
15/01/2016,0,0,41.7(2.96 %),0,0,0,0,4,49.0
18/01/2016,0,0,41.5(-0.48 %),100000,4460000000,100000,4460000000,4,49.0
19/01/2016,0,0,41(-1.20 %),0,0,0,0,4,49.0
20/01/2016,0,0,40.7(-0.73 %),0,0,0,0,4,49.0
21/01/2016,-630,-25580000,41.5(1.97 %),0,0,630,25580000,4,49.0
22/01/2016,0,0,41.5(0.00 %),0,0,0,0,4,49.0
25/01/2016,0,0,42.8(3.13 %),0,0,0,0,4,49.0
26/01/2016,630,27090000,43.3(1.17 %),630,27090000,0,0,4,49.0
27/01/2016,0,0,44(1.62 %),0,0,0,0,4,49.0
28/01/2016,0,0,44.5(1.14 %),0,0,0,0,4,49.0
29/01/2016,0,0,44.9(0.90 %),0,0,0,0,4,49.0
01/02/2016,0,0,44.5(-0.89 %),0,0,0,0,4,49.0
02/02/2016,0,0,45(1.12 %),0,0,0,0,4,49.0
03/02/2016,0,0,44.5(-1.11 %),0,0,0,0,4,49.0
04/02/2016,0,0,44.6(0.22 %),0,0,0,0,4,49.0
05/02/2016,0,0,44.7(0.22 %),0,0,0,0,4,49.0
15/02/2016,0,0,45(0.67 %),0,0,0,0,4,49.0
16/02/2016,0,0,45.6(1.33 %),0,0,0,0,4,49.0
17/02/2016,0,0,45.9(0.66 %),0,0,0,0,4,49.0
18/02/2016,0,0,45.2(-1.53 %),0,0,0,0,4,49.0
19/02/2016,0,0,45(-0.44 %),0,0,0,0,4,49.0
22/02/2016,0,0,45(0.00 %),0,0,0,0,4,49.0
23/02/2016,0,0,45.3(0.67 %),0,0,0,0,4,49.0
24/02/2016,0,0,44.7(-1.32 %),0,0,0,0,4,49.0
25/02/2016,-400,-17960000,45(0.67 %),273320,12920700000,273720,12938660000,4,49.0
26/02/2016,0,0,45.1(0.22 %),0,0,0,0,4,49.0
29/02/2016,0,0,45.2(0.22 %),0,0,0,0,4,49.0
01/03/2016,0,0,45.3(0.22 %),0,0,0,0,404,49.0
02/03/2016,0,0,45.9(1.32 %),0,0,0,0,404,49.0
03/03/2016,0,0,46.6(1.53 %),0,0,0,0,404,49.0
04/03/2016,400,18850000,48(3.00 %),400,18850000,0,0,4,49.0
07/03/2016,0,0,50.5(5.21 %),0,0,0,0,4,49.0
08/03/2016,0,0,50.5(0.00 %),0,0,0,0,4,49.0
09/03/2016,0,0,48.4(-4.16 %),0,0,0,0,4,49.0
10/03/2016,0,0,48.9(1.03 %),0,0,0,0,4,49.0
11/03/2016,0,0,48.5(-0.82 %),0,0,0,0,4,49.0
14/03/2016,0,0,48.3(-0.41 %),0,0,0,0,4,49.0
15/03/2016,0,0,48(-0.62 %),0,0,0,0,4,49.0
16/03/2016,0,0,49.6(3.33 %),0,0,0,0,4,49.0
17/03/2016,0,0,49.7(0.20 %),0,0,0,0,4,49.0
18/03/2016,-9500,-462560000,49(-1.41 %),101400,4968600000,110900,5431160000,4,49.0
21/03/2016,-2900,-142100000,49(0.00 %),0,0,2900,142100000,4,49.0
22/03/2016,0,0,49.2(0.41 %),0,0,0,0,4,49.0
23/03/2016,3190,163600000,49.6(0.81 %),109500,5403050000,106310,5239450000,4,49.0
24/03/2016,2900,143840000,49.6(0.00 %),302900,15893840000,300000,15750000000,4,49.0
25/03/2016,0,0,49.5(-0.20 %),0,0,0,0,4,49.0
28/03/2016,6300,312480000,49.4(-0.20 %),6300,312480000,0,0,14,49.0
29/03/2016,0,0,48.5(-1.82 %),0,0,0,0,14,49.0
30/03/2016,10,490000,48(-1.03 %),10,490000,0,0,4,49.0
31/03/2016,0,0,48(0.00 %),0,0,0,0,4,49.0
01/04/2016,0,0,48(0.00 %),45742,2195620000,45742,2195620000,4,49.0
04/04/2016,0,0,48(0.00 %),0,0,0,0,4,49.0
05/04/2016,0,0,48(0.00 %),0,0,0,0,4,49.0
06/04/2016,0,0,48.1(0.21 %),0,0,0,0,4,49.0
07/04/2016,0,0,48(-0.21 %),0,0,0,0,4,49.0
08/04/2016,0,0,49.5(3.12 %),0,0,0,0,4,49.0
11/04/2016,0,0,52.5(6.06 %),0,0,0,0,4,49.0
12/04/2016,0,0,52(-0.95 %),0,0,0,0,4,49.0
13/04/2016,0,0,51.5(-0.96 %),0,0,0,0,4,49.0
14/04/2016,0,0,51(-0.97 %),0,0,0,0,4,49.0
15/04/2016,0,0,52(1.96 %),20000,950000000,20000,950000000,4,49.0
19/04/2016,0,0,51.5(-0.96 %),35000,1802500000,35000,1802500000,4,49.0
20/04/2016,0,0,51.5(0.00 %),0,0,0,0,4,49.0
21/04/2016,0,0,52.5(1.94 %),0,0,0,0,4,49.0
22/04/2016,-500,-26250000,56(6.67 %),34500,1787100000,35000,1813350000,4,49.0
25/04/2016,0,0,55(-1.79 %),0,0,0,0,4,49.0
26/04/2016,0,0,57(3.64 %),0,0,0,0,4,49.0
27/04/2016,500,28750000,57.5(0.88 %),500,28750000,0,0,4,49.0
28/04/2016,-10030,-573470000,57(-0.87 %),50000,3075000000,60030,3648470000,4,49.0
29/04/2016,-1000,-57500000,57.5(0.88 %),0,0,1000,57500000,4,49.0
04/05/2016,0,0,57.5(0.00 %),0,0,0,0,4,49.0
05/05/2016,10030,591770000,58(0.87 %),10030,591770000,0,0,4,49.0
06/05/2016,1000,58000000,57(-1.72 %),1000,58000000,0,0,4,49.0
09/05/2016,0,0,58(1.75 %),0,0,0,0,4,49.0
10/05/2016,0,0,60(3.45 %),373793,23175170000,373793,23175170000,4,49.0
11/05/2016,-3100,-186000000,59.5(-0.83 %),0,0,3100,186000000,4,49.0
12/05/2016,0,0,59.5(0.00 %),0,0,0,0,4,49.0
13/05/2016,0,0,60(0.84 %),0,0,0,0,4,49.0
16/05/2016,3100,186000000,60(0.00 %),3100,186000000,0,0,4,49.0
17/05/2016,0,0,60(0.00 %),0,0,0,0,4,49.0
18/05/2016,0,0,60.5(0.83 %),0,0,0,0,4,49.0
19/05/2016,0,0,61(0.83 %),0,0,0,0,4,49.0
20/05/2016,0,0,61(0.00 %),0,0,0,0,4,49.0
23/05/2016,0,0,61(0.00 %),0,0,0,0,4,49.0
24/05/2016,0,0,60.5(-0.82 %),0,0,0,0,4,49.0
25/05/2016,0,0,60(-0.83 %),0,0,0,0,4,49.0
26/05/2016,0,0,60.5(0.83 %),0,0,0,0,4,49.0
27/05/2016,0,0,60(-0.83 %),0,0,0,0,4,49.0
30/05/2016,-350,-21000000,64(6.67 %),0,0,350,21000000,354,49.0
31/05/2016,0,0,65(1.56 %),0,0,0,0,354,49.0
01/06/2016,0,0,64.5(0.78 %),0,0,0,0,4,49.0
02/06/2016,350,22550000,64(-0.78 %),350,22550000,0,0,0,49.0
03/06/2016,-3000,-195000000,66.5(3.91 %),0,0,3000,195000000,4,49.0
06/06/2016,0,0,68(2.26 %),0,0,0,0,4,49.0
07/06/2016,-7000,-469020000,67.5(-0.74 %),0,0,7000,469020000,4,49.0
08/06/2016,3000,202500000,67(-0.74 %),3000,202500000,0,0,4,49.0
09/06/2016,-90,-5990000,66(-1.49 %),0,0,90,5990000,4,49.0
10/06/2016,7000,458500000,66(0.00 %),7000,458500000,0,0,4,49.0
13/06/2016,0,0,65.5(-0.76 %),0,0,0,0,4,49.0
14/06/2016,90,5850000,65(-0.76 %),90,5850000,0,0,4,49.0
15/06/2016,-9000,-585000000,67(3.08 %),0,0,9000,585000000,4,49.0
16/06/2016,0,0,65.5(-2.24 %),0,0,0,0,4,49.0
17/06/2016,0,0,66(0.76 %),0,0,0,0,4,49.0
20/06/2016,9000,594000000,69.5(5.30 %),9000,594000000,0,0,4,49.0
21/06/2016,0,0,71(2.16 %),0,0,0,0,4,49.0
22/06/2016,0,0,72.5(2.11 %),0,0,0,0,4,49.0
23/06/2016,0,0,74(2.07 %),0,0,0,0,4,49.0
24/06/2016,-220,-15520000,73(-1.35 %),0,0,220,15520000,4,49.0
27/06/2016,0,0,75(2.74 %),0,0,0,0,4,49.0
28/06/2016,0,0,77(2.67 %),600000,47900000000,600000,47900000000,4,49.0
29/06/2016,0,0,79(2.60 %),0,0,0,0,224,49.0
30/06/2016,0,0,77(-2.53 %),100000,7900000000,100000,7900000000,224,49.0
01/07/2016,0,0,75(-2.60 %),0,0,0,0,224,49.0
04/07/2016,0,0,76.5(2.00 %),0,0,0,0,224,49.0
05/07/2016,60,4650000,76.5(0.00 %),60,4650000,0,0,164,49.0
06/07/2016,160,12320000,77.5(1.31 %),160,12320000,0,0,4,49.0
07/07/2016,0,0,82(5.81 %),0,0,0,0,4,49.0
08/07/2016,0,0,81(-1.22 %),2945350,250354750000,2945350,250354750000,4,49.0
11/07/2016,0,0,78.5(-3.09 %),80650,6894250000,80650,6894250000,4,49.0
12/07/2016,0,0,77.5(-1.27 %),0,0,0,0,4,49.0
13/07/2016,0,0,77(-0.65 %),0,0,0,0,4,49.0
14/07/2016,0,0,72.5(-5.84 %),32900,2697800000,32900,2697800000,4,49.0
15/07/2016,0,0,70(-3.45 %),81520,6317800000,81520,6317800000,4,49.0
18/07/2016,0,0,71.5(2.14 %),0,0,0,0,4,49.0
19/07/2016,-4680,-334620000,71(-0.70 %),0,0,4680,334620000,4,49.0
20/07/2016,0,0,71.5(0.70 %),0,0,0,0,4,49.0
21/07/2016,0,0,70(-2.10 %),0,0,0,0,4,49.0
22/07/2016,4680,329940000,68.5(-2.14 %),4680,329940000,0,0,4,49.0
25/07/2016,0,0,67(-2.19 %),0,0,0,0,4,49.0
26/07/2016,0,0,63(-5.97 %),0,0,0,0,4,49.0
27/07/2016,0,0,66(4.76 %),241100,16153700000,241100,16153700000,4,49.0
28/07/2016,0,0,65(-1.52 %),0,0,0,0,4,49.0
29/07/2016,0,0,64(-1.54 %),0,0,0,0,4,49.0
01/08/2016,0,0,63(-1.56 %),0,0,0,0,4,49.0
02/08/2016,0,0,64(1.59 %),0,0,0,0,4,49.0
03/08/2016,0,0,63.5(-0.78 %),0,0,0,0,4,49.0
04/08/2016,0,0,63(-0.79 %),0,0,0,0,4,49.0
05/08/2016,0,0,62.5(-0.79 %),0,0,0,0,4,49.0
08/08/2016,0,0,65.5(4.80 %),0,0,0,0,4,49.0
09/08/2016,0,0,65.5(0.00 %),0,0,0,0,4,49.0
10/08/2016,0,0,70(6.87 %),0,0,0,0,4,49.0
11/08/2016,0,0,70(0.00 %),0,0,0,0,4,49.0
12/08/2016,0,0,69(-1.43 %),0,0,0,0,4,49.0
15/08/2016,0,0,70(1.45 %),0,0,0,0,4,49.0
16/08/2016,0,0,72.5(3.57 %),0,0,0,0,4,49.0
17/08/2016,0,0,74.5(2.76 %),0,0,0,0,4,49.0
18/08/2016,0,0,73.5(-1.34 %),0,0,0,0,4,49.0
19/08/2016,0,0,72(-2.04 %),132000,10362000000,132000,10362000000,4,49.0
22/08/2016,0,0,70(-2.78 %),0,0,0,0,4,49.0
23/08/2016,0,0,71(1.43 %),0,0,0,0,4,49.0
24/08/2016,0,0,68(-4.23 %),0,0,0,0,4,49.0
25/08/2016,0,0,67(-1.47 %),0,0,0,0,4,49.0
26/08/2016,0,0,68.5(2.24 %),0,0,0,0,4,49.0
29/08/2016,0,0,66.5(-2.92 %),0,0,0,0,4,49.0
30/08/2016,0,0,67(0.75 %),0,0,0,0,4,49.0
31/08/2016,0,0,70.5(5.22 %),0,0,0,0,4,49.0
01/09/2016,0,0,69.5(-1.42 %),0,0,0,0,4,49.0
05/09/2016,0,0,70.5(1.44 %),0,0,0,0,4,49.0
06/09/2016,0,0,73(3.55 %),0,0,0,0,4,49.0
07/09/2016,0,0,72.5(-0.68 %),727000,56706000000,727000,56706000000,4,49.0
08/09/2016,0,0,73.5(1.38 %),0,0,0,0,4,49.0
09/09/2016,0,0,72.5(-1.36 %),0,0,0,0,4,49.0
12/09/2016,0,0,70.3(-3.03 %),0,0,0,0,4,49.0
13/09/2016,0,0,70(-0.43 %),0,0,0,0,4,49.0
14/09/2016,0,0,68.6(-2.00 %),0,0,0,0,4,49.0
15/09/2016,0,0,70.3(2.48 %),0,0,0,0,4,49.0
16/09/2016,0,0,70.1(-0.28 %),0,0,0,0,4,49.0
19/09/2016,0,0,71.4(1.85 %),0,0,0,0,4,49.0
20/09/2016,0,0,72(0.84 %),0,0,0,0,4,49.0
21/09/2016,0,0,72.5(0.69 %),0,0,0,0,4,49.0
22/09/2016,0,0,75(3.45 %),0,0,0,0,4,49.0
23/09/2016,-10000,-745000000,75(0.00 %),0,0,10000,745000000,4,49.0
26/09/2016,0,0,76.6(2.13 %),0,0,0,0,4,49.0
27/09/2016,0,0,76.9(0.39 %),0,0,0,0,4,49.0
28/09/2016,10000,770000000,76(-1.17 %),10000,770000000,0,0,4,49.0
29/09/2016,0,0,76.1(0.13 %),0,0,0,0,4,49.0
30/09/2016,-800,-60800000,75(-1.45 %),0,0,800,60800000,4,49.0
03/10/2016,0,0,74.5(-0.67 %),0,0,0,0,4,49.0
04/10/2016,-130,-9840000,75(0.67 %),0,0,130,9840000,4,49.0
05/10/2016,800,60160000,76(1.33 %),800,60160000,0,0,4,49.0
06/10/2016,0,0,76.5(0.66 %),0,0,0,0,4,49.0
07/10/2016,0,0,75(-1.96 %),0,0,0,0,134,49.0
10/10/2016,130,9730000,73.2(-2.40 %),130,9730000,0,0,4,49.0
11/10/2016,0,0,72.9(-0.41 %),0,0,0,0,4,49.0
12/10/2016,0,0,73(0.14 %),0,0,0,0,4,49.0
13/10/2016,0,0,72.7(-0.41 %),0,0,0,0,4,49.0
14/10/2016,0,0,73.8(1.51 %),0,0,0,0,4,49.0
17/10/2016,0,0,74.4(0.81 %),0,0,0,0,4,49.0
18/10/2016,0,0,75(0.81 %),0,0,0,0,4,49.0
19/10/2016,0,0,74.5(-0.67 %),0,0,0,0,4,49.0
20/10/2016,0,0,73(-2.01 %),0,0,0,0,4,49.0
21/10/2016,0,0,72(-1.37 %),0,0,0,0,4,49.0
24/10/2016,0,0,70(-2.78 %),0,0,0,0,4,49.0
25/10/2016,0,0,68.1(-2.71 %),0,0,0,0,4,49.0
26/10/2016,0,0,69(1.32 %),0,0,0,0,4,49.0
27/10/2016,0,0,69(0.00 %),0,0,0,0,4,49.0
28/10/2016,0,0,68.8(-0.29 %),0,0,0,0,4,49.0
31/10/2016,0,0,68(-1.16 %),0,0,0,0,4,49.0
01/11/2016,0,0,68.2(0.29 %),0,0,0,0,4,49.0
02/11/2016,0,0,68(-0.29 %),0,0,0,0,4,49.0
03/11/2016,0,0,69.1(1.62 %),0,0,0,0,4,49.0
04/11/2016,0,0,69(-0.14 %),0,0,0,0,4,49.0
07/11/2016,0,0,68.5(-0.72 %),0,0,0,0,4,49.0
08/11/2016,0,0,68.4(-0.15 %),0,0,0,0,4,49.0
09/11/2016,0,0,73(6.73 %),0,0,0,0,4,49.0
10/11/2016,0,0,72(-1.37 %),0,0,0,0,4,49.0
11/11/2016,0,0,70.5(-2.08 %),0,0,0,0,4,49.0
14/11/2016,0,0,68.6(-2.70 %),0,0,0,0,4,49.0
15/11/2016,0,0,68.6(0.00 %),0,0,0,0,4,49.0
16/11/2016,0,0,69(0.58 %),0,0,0,0,4,49.0
17/11/2016,0,0,69.3(0.43 %),0,0,0,0,4,49.0
18/11/2016,0,0,69(-0.43 %),0,0,0,0,4,49.0
21/11/2016,0,0,69.2(0.29 %),0,0,0,0,4,47.27
22/11/2016,-150,-10440000,69.6(0.58 %),0,0,150,10440000,4,47.27
23/11/2016,0,0,69.1(0.73 %),0,0,0,0,4,47.27
24/11/2016,0,0,70.3(1.74 %),0,0,0,0,4,47.27
25/11/2016,150,10580000,70(-0.43 %),150,10580000,0,0,4,47.27
28/11/2016,0,0,69.6(-0.57 %),0,0,0,0,4,47.27
29/11/2016,0,0,66.9(-3.88 %),0,0,0,0,4,47.27
30/11/2016,0,0,68.9(2.99 %),0,0,0,0,4,47.27
01/12/2016,0,0,69(0.15 %),0,0,0,0,4,47.27
02/12/2016,0,0,69.1(0.14 %),0,0,0,0,4,47.27
05/12/2016,0,0,69.1(0.00 %),0,0,0,0,4,47.27
06/12/2016,0,0,68.9(-0.29 %),0,0,0,0,4,47.27
07/12/2016,0,0,68.9(0.00 %),0,0,0,0,4,47.27
08/12/2016,0,0,68.2(-1.02 %),0,0,0,0,4,47.27
09/12/2016,0,0,68.9(1.03 %),1250000,91125000000,1250000,91125000000,4,47.27
12/12/2016,0,0,65.5(-4.93 %),0,0,0,0,4,47.27
13/12/2016,0,0,66(0.76 %),0,0,0,0,4,47.27
14/12/2016,0,0,67.9(2.88 %),0,0,0,0,4,47.27
15/12/2016,0,0,68.3(0.59 %),0,0,0,0,4,47.27
16/12/2016,-520,-35370000,68.3(0.00 %),0,0,520,35370000,4,47.27
19/12/2016,0,0,68(-0.44 %),0,0,0,0,4,47.27
20/12/2016,0,0,68(0.00 %),0,0,0,0,4,47.27
21/12/2016,520,35520000,68.1(0.15 %),1250520,90910520000,1250000,90875000000,4,47.27
22/12/2016,0,0,67.6(-0.73 %),0,0,0,0,4,47.27
23/12/2016,0,0,67.5(-0.15 %),0,0,0,0,4,47.27
26/12/2016,0,0,67(-0.74 %),0,0,0,0,4,47.27
27/12/2016,0,0,67(0.00 %),0,0,0,0,4,47.27
28/12/2016,0,0,66.6(-0.60 %),0,0,0,0,4,47.27
29/12/2016,0,0,66.5(-0.15 %),0,0,0,0,4,47.27
30/12/2016,0,0,66.5(0.00 %),0,0,0,0,4,47.27
03/01/2017,0,0,66.7(0.30 %),0,0,0,0,4,47.27
04/01/2017,0,0,66.9(0.30 %),0,0,0,0,4,47.27
05/01/2017,0,0,67(0.15 %),0,0,0,0,4,47.27
06/01/2017,0,0,68.9(2.84 %),0,0,0,0,4,47.27
09/01/2017,0,0,69.9(1.45 %),0,0,0,0,4,47.27
10/01/2017,0,0,69.8(-0.14 %),0,0,0,0,4,47.27
11/01/2017,0,0,69.4(-0.57 %),0,0,0,0,4,47.27
12/01/2017,0,0,69.4(0.00 %),0,0,0,0,4,47.27
13/01/2017,0,0,69.1(-0.43 %),0,0,0,0,4,47.27
16/01/2017,0,0,68.8(-0.43 %),0,0,0,0,4,47.27
17/01/2017,0,0,68.6(-0.29 %),0,0,0,0,4,47.27
18/01/2017,0,0,68.9(0.44 %),0,0,0,0,4,47.27
19/01/2017,0,0,68.9(0.00 %),0,0,0,0,4,47.27
20/01/2017,0,0,68.9(0.00 %),0,0,0,0,4,47.27
23/01/2017,0,0,68.9(0.00 %),0,0,0,0,4,47.27
24/01/2017,0,0,68.6(-0.44 %),0,0,0,0,4,47.27
25/01/2017,0,0,69(0.58 %),0,0,0,0,4,47.27
02/02/2017,0,0,70.5(2.17 %),0,0,0,0,4,47.27
03/02/2017,0,0,70.1(-0.57 %),0,0,0,0,4,47.27
06/02/2017,0,0,71.2(1.57 %),0,0,0,0,4,47.27
07/02/2017,0,0,72.6(1.97 %),165848,12040560000,165848,12040560000,7,47.27
08/02/2017,0,0,73(0.55 %),0,0,0,0,7,47.27
09/02/2017,0,0,72.4(-0.82 %),0,0,0,0,7,47.27
10/02/2017,-10,-730000,74.1(2.35 %),0,0,10,730000,7,47.27
13/02/2017,0,0,75.5(1.89 %),0,0,0,0,7,47.27
14/02/2017,0,0,75.1(-0.53 %),0,0,0,0,7,47.27
15/02/2017,0,0,74.9(-0.27 %),0,0,0,0,17,47.27
16/02/2017,0,0,74.2(-0.93 %),0,0,0,0,17,47.27
17/02/2017,0,0,75(1.08 %),0,0,0,0,17,47.27
20/02/2017,10,760000,78.4(4.53 %),10,760000,0,0,7,47.27
21/02/2017,0,0,77.7(-0.89 %),0,0,0,0,7,47.27
22/02/2017,0,0,76.9(-1.03 %),0,0,0,0,7,47.27
23/02/2017,-280,-21390000,75.8(-1.43 %),0,0,280,21390000,7,47.27
24/02/2017,0,0,76.2(0.53 %),0,0,0,0,7,47.27
27/02/2017,0,0,77.5(1.71 %),0,0,0,0,7,47.27
28/02/2017,280,21700000,75(-3.23 %),280,21700000,0,0,7,47.27
01/03/2017,0,0,75.5(0.67 %),0,0,0,0,7,47.27
02/03/2017,0,0,76.1(0.79 %),0,0,0,0,7,47.27
03/03/2017,10,770000,76.8(0.92 %),10,770000,0,0,3,47.27
06/03/2017,0,0,76.3(-0.65 %),0,0,0,0,3,47.27
07/03/2017,0,0,76.5(0.26 %),0,0,0,0,3,47.27
08/03/2017,0,0,77.8(1.70 %),0,0,0,0,3,47.27
09/03/2017,-40,-3150000,78.9(1.41 %),0,0,40,3150000,3,47.27
10/03/2017,0,0,78.6(-0.38 %),0,0,0,0,3,47.27
13/03/2017,-10,-780000,77.5(-1.40 %),0,0,10,780000,3,47.27
14/03/2017,40,3110000,77.8(0.39 %),40,3110000,0,0,3,47.27
15/03/2017,0,0,76.7(-1.41 %),0,0,0,0,3,47.27
16/03/2017,10,770000,75.8(-1.17 %),10,770000,0,0,3,47.27
17/03/2017,0,0,76.2(0.53 %),0,0,0,0,3,47.27
20/03/2017,0,0,76.9(0.92 %),0,0,0,0,3,47.27
21/03/2017,0,0,76.9(0.00 %),0,0,0,0,3,47.27
22/03/2017,0,0,74.6(-2.99 %),0,0,0,0,3,47.27
23/03/2017,0,0,74.5(-0.13 %),0,0,0,0,3,47.27
24/03/2017,0,0,74.6(0.13 %),0,0,0,0,3,47.27
27/03/2017,0,0,73.7(-1.21 %),0,0,0,0,3,47.27
28/03/2017,-3120,-229320000,73.7(0.00 %),0,0,3120,229320000,3,47.27
29/03/2017,0,0,75.6(2.58 %),0,0,0,0,3,47.27
30/03/2017,0,0,75(-0.79 %),0,0,0,0,3,47.27
31/03/2017,3120,236810000,75.8(1.07 %),3120,236810000,0,0,3,47.27
03/04/2017,0,0,74.1(-2.24 %),0,0,0,0,3,47.27
04/04/2017,0,0,74.1(0.00 %),0,0,0,0,3,47.27
05/04/2017,0,0,74(-0.13 %),0,0,0,0,3,47.27
07/04/2017,0,0,74.4(0.54 %),0,0,0,0,3,47.27
10/04/2017,0,0,76(2.15 %),0,0,0,0,3,47.27
11/04/2017,0,0,76.9(1.18 %),0,0,0,0,3,47.27
12/04/2017,0,0,76.9(0.00 %),0,0,0,0,3,47.27
13/04/2017,-800,-62160000,77.5(0.78 %),0,0,800,62160000,3,47.27
14/04/2017,0,0,76.4(-1.42 %),0,0,0,0,3,47.27
17/04/2017,0,0,74.8(-2.09 %),0,0,0,0,3,47.27
18/04/2017,800,59840000,75.4(0.80 %),800,59840000,0,0,3,47.27
19/04/2017,-10,-800000,80.6(6.90 %),0,0,10,800000,3,47.27
20/04/2017,-40,-3300000,82.6(2.48 %),0,0,40,3300000,3,47.27
21/04/2017,0,0,84(1.69 %),350000,30800000000,350000,30800000000,3,47.27
24/04/2017,0,0,87.3(3.93 %),0,0,0,0,13,47.27
25/04/2017,0,0,86(-1.49 %),0,0,0,0,53,47.27
26/04/2017,0,0,86.5(0.58 %),0,0,0,0,53,47.27
27/04/2017,50,4470000,89(2.89 %),50,4470000,0,0,3,47.27
28/04/2017,0,0,87.9(-1.24 %),3682090,349798550000,3682090,349798550000,3,47.27
03/05/2017,0,0,91(3.53 %),0,0,0,0,3,47.27
04/05/2017,0,0,92.9(2.09 %),0,0,0,0,3,47.27
05/05/2017,0,0,94.8(2.05 %),0,0,0,0,3,47.27
08/05/2017,0,0,95(0.21 %),0,0,0,0,3,47.27
09/05/2017,0,0,95.2(0.21 %),750000,76200000000,750000,76200000000,3,47.27
10/05/2017,0,0,92(-3.36 %),0,0,0,0,3,47.27
11/05/2017,0,0,90.1(-2.07 %),0,0,0,0,3,47.27
12/05/2017,0,0,91.8(1.89 %),0,0,0,0,3,47.27
15/05/2017,0,0,93.4(1.74 %),0,0,0,0,3,47.27
16/05/2017,0,0,90.5(-3.10 %),206530,20632350000,206530,20632350000,3,47.27
17/05/2017,0,0,92.1(2.68 %),0,0,0,0,3,47.27
18/05/2017,0,0,92.5(0.43 %),0,0,0,0,3,47.27
19/05/2017,0,0,93.6(1.19 %),0,0,0,0,3,47.27
22/05/2017,0,0,94(0.43 %),570000,57057000000,570000,57057000000,3,47.27
23/05/2017,0,0,94(0.00 %),0,0,0,0,3,47.27
24/05/2017,0,0,97.9(4.15 %),573470,57633740000,573470,57633740000,3,47.27
25/05/2017,0,0,95.9(-2.04 %),0,0,0,0,3,47.27
26/05/2017,-780,-75270000,97(1.15 %),0,0,780,75270000,3,47.27
29/05/2017,0,0,96.5(-0.52 %),0,0,0,0,3,47.27
30/05/2017,-50,-4710000,95(-1.55 %),0,0,50,4710000,3,47.27
31/05/2017,80,7660000,95.3(0.32 %),80,7660000,0,0,703,47.27
01/06/2017,330,32070000,96.2(0.94 %),700,67410000,370,35340000,3,47.27
02/06/2017,50,4820000,96(-0.21 %),50,4820000,0,0,3,47.27
05/06/2017,0,0,95.3(-0.73 %),0,0,0,0,3,47.27
06/06/2017,370,35410000,97.6(2.41 %),370,35410000,0,0,3,49.0
07/06/2017,0,0,96.9(-0.72 %),150000,15660000000,150000,15660000000,3,49.0
08/06/2017,0,0,98.2(1.34 %),0,0,0,0,3,49.0
09/06/2017,0,0,97.9(-0.31 %),0,0,0,0,3,49.0
12/06/2017,0,0,96.5(-1.43 %),0,0,0,0,3,49.0
13/06/2017,0,0,95.8(-0.73 %),0,0,0,0,3,49.0
14/06/2017,0,0,95.3(-0.52 %),128500,13171250000,128500,13171250000,3,49.0
15/06/2017,0,0,96.5(1.26 %),0,0,0,0,3,49.0
16/06/2017,0,0,96.5(0.00 %),0,0,0,0,3,49.0
19/06/2017,0,0,96(-0.52 %),0,0,0,0,3,49.0
20/06/2017,0,0,96.5(0.52 %),0,0,0,0,3,49.0
21/06/2017,0,0,96.7(0.21 %),0,0,0,0,3,49.0
22/06/2017,0,0,98.3(1.65 %),0,0,0,0,3,49.0
23/06/2017,0,0,102(3.76 %),0,0,0,0,3,49.0
26/06/2017,0,0,104(1.96 %),0,0,0,0,3,49.0
27/06/2017,0,0,102(-1.92 %),0,0,0,0,3,49.0
28/06/2017,0,0,101.9(-0.10 %),0,0,0,0,3,49.0
29/06/2017,0,0,102(0.10 %),0,0,0,0,3,49.0
30/06/2017,0,0,101.8(-0.20 %),0,0,0,0,3,49.0
03/07/2017,0,0,103.5(1.67 %),0,0,0,0,3,49.0
04/07/2017,0,0,103(-0.48 %),41000,4538700000,41000,4538700000,3,49.0
05/07/2017,0,0,101.9(-1.07 %),0,0,0,0,3,49.0
06/07/2017,0,0,99(-2.85 %),0,0,0,0,3,49.0
07/07/2017,0,0,99(0.00 %),0,0,0,0,3,49.0
10/07/2017,-580,-56690000,95.7(-3.33 %),0,0,580,56690000,3,49.0
11/07/2017,0,0,95.6(-0.10 %),0,0,0,0,3,49.0
12/07/2017,0,0,98(2.51 %),0,0,0,0,3,49.0
13/07/2017,580,56960000,97.3(-0.71 %),580,56960000,0,0,3,49.0
14/07/2017,0,0,97.3(0.00 %),0,0,0,0,3,49.0
17/07/2017,0,0,96(-1.34 %),0,0,0,0,3,49.0
18/07/2017,0,0,95.9(-0.10 %),0,0,0,0,3,49.0
19/07/2017,0,0,96.8(0.94 %),0,0,0,0,3,49.0
20/07/2017,0,0,97.3(0.52 %),0,0,0,0,3,49.0
21/07/2017,0,0,96.9(-0.41 %),0,0,0,0,3,49.0
24/07/2017,0,0,97.2(0.31 %),0,0,0,0,3,49.0
25/07/2017,0,0,97.4(0.21 %),0,0,0,0,3,49.0
26/07/2017,0,0,101.5(4.21 %),0,0,0,0,3,49.0
27/07/2017,0,0,101(-0.49 %),35000,3801000000,35000,3801000000,3,49.0
28/07/2017,-500,-51500000,103.1(2.08 %),0,0,500,51500000,3,49.0
31/07/2017,0,0,103.9(0.78 %),782821,86345160000,782821,86345160000,3,49.0
01/08/2017,0,0,105(1.06 %),0,0,0,0,3,49.0
02/08/2017,500,52500000,104(-0.95 %),500,52500000,0,0,3,49.0
03/08/2017,0,0,105.2(1.15 %),0,0,0,0,3,49.0
04/08/2017,0,0,107.5(2.19 %),0,0,0,0,4,53.9
07/08/2017,0,0,107.5(0.00 %),0,0,0,0,4,53.9
08/08/2017,0,0,105.2(-2.14 %),0,0,0,0,4,49.0
09/08/2017,0,0,103(-2.09 %),0,0,0,0,4,49.0
10/08/2017,0,0,104.1(1.07 %),0,0,0,0,4,49.0
11/08/2017,0,0,105(0.86 %),0,0,0,0,4,49.0
14/08/2017,0,0,105.5(0.48 %),0,0,0,0,4,49.0
15/08/2017,0,0,106.4(0.85 %),0,0,0,0,4,49.0
16/08/2017,0,0,105.3(-0.09 %),0,0,0,0,4,49.0
17/08/2017,0,0,104.2(-1.04 %),0,0,0,0,4,49.0
18/08/2017,0,0,104.8(0.58 %),0,0,0,0,4,49.0
21/08/2017,0,0,104.5(-0.29 %),0,0,0,0,4,49.0
22/08/2017,0,0,103.7(-0.77 %),0,0,0,0,4,49.0
23/08/2017,0,0,103.7(0.00 %),0,0,0,0,4,49.0
24/08/2017,0,0,104.6(0.87 %),0,0,0,0,4,49.0
25/08/2017,0,0,104(-0.57 %),0,0,0,0,4,49.0
28/08/2017,0,0,105(0.96 %),0,0,0,0,4,49.0
29/08/2017,0,0,105.7(0.67 %),0,0,0,0,4,49.0
30/08/2017,0,0,107.5(1.70 %),0,0,0,0,4,49.0
31/08/2017,0,0,107.5(0.00 %),0,0,0,0,4,49.0
01/09/2017,0,0,108(0.47 %),0,0,0,0,4,49.0
05/09/2017,0,0,107.6(-0.37 %),0,0,0,0,4,49.0
06/09/2017,0,0,107(-0.56 %),0,0,0,0,4,49.0
07/09/2017,0,0,107.5(0.47 %),0,0,0,0,4,49.0
08/09/2017,0,0,109.6(1.95 %),0,0,0,0,4,49.0
11/09/2017,0,0,109.2(-0.36 %),0,0,0,0,4,49.0
12/09/2017,0,0,109.6(0.37 %),0,0,0,0,4,49.0
13/09/2017,0,0,111.6(1.82 %),0,0,0,0,4,49.0
14/09/2017,0,0,111.5(-0.09 %),0,0,0,0,4,49.0
15/09/2017,0,0,112(0.45 %),0,0,0,0,4,49.0
18/09/2017,0,0,112.7(0.62 %),0,0,0,0,4,49.0
19/09/2017,-10,-1140000,114(1.15 %),0,0,10,1140000,4,49.0
20/09/2017,0,0,114.3(0.26 %),0,0,0,0,4,49.0
21/09/2017,0,0,114.6(0.26 %),0,0,0,0,4,49.0
22/09/2017,10,1150000,114.4(-0.17 %),10,1150000,0,0,4,49.0
25/09/2017,0,0,115(0.52 %),0,0,0,0,4,49.0
26/09/2017,0,0,114.8(-0.17 %),0,0,0,0,4,49.0
27/09/2017,0,0,112.1(-2.35 %),0,0,0,0,4,49.0
28/09/2017,0,0,112.7(0.54 %),0,0,0,0,4,49.0
29/09/2017,0,0,113.8(0.98 %),0,0,0,0,4,49.0
02/10/2017,0,0,113.1(-0.62 %),0,0,0,0,4,49.0
03/10/2017,-10,-1140000,113.9(0.71 %),0,0,10,1140000,4,49.0
04/10/2017,0,0,113.9(0.00 %),0,0,0,0,4,49.0
05/10/2017,0,0,111.6(-2.02 %),0,0,0,0,4,49.0
06/10/2017,0,0,110.5(-0.99 %),0,0,0,0,14,49.0
09/10/2017,0,0,110.9(0.36 %),0,0,0,0,14,49.0
10/10/2017,10,1100000,113.5(2.34 %),10,1100000,0,0,4,49.0
11/10/2017,0,0,112(-1.32 %),0,0,0,0,4,49.0
12/10/2017,0,0,108.9(-2.77 %),0,0,0,0,4,49.0
13/10/2017,0,0,109.1(0.18 %),0,0,0,0,4,49.0
16/10/2017,0,0,109.9(0.73 %),0,0,0,0,4,49.0
17/10/2017,0,0,110.5(0.55 %),0,0,0,0,4,49.0
18/10/2017,0,0,111.3(0.72 %),0,0,0,0,4,49.0
19/10/2017,0,0,110.5(-0.72 %),0,0,0,0,4,49.0
20/10/2017,0,0,109(-1.36 %),0,0,0,0,4,49.0
23/10/2017,0,0,106.9(-1.93 %),0,0,0,0,4,49.0
24/10/2017,0,0,107.1(0.19 %),0,0,0,0,4,49.0
25/10/2017,0,0,107.2(0.09 %),0,0,0,0,4,49.0
26/10/2017,0,0,106.9(-0.28 %),0,0,0,0,4,49.0
27/10/2017,0,0,107.5(0.56 %),0,0,0,0,4,49.0
30/10/2017,0,0,108.1(0.56 %),0,0,0,0,4,49.0
31/10/2017,0,0,107.6(-0.46 %),0,0,0,0,4,49.0
01/11/2017,0,0,107.9(0.28 %),0,0,0,0,4,49.0
02/11/2017,0,0,103.6(-3.99 %),0,0,0,0,4,49.0
03/11/2017,0,0,105(1.35 %),0,0,0,0,4,49.0
06/11/2017,-3400,-360400000,108(2.86 %),0,0,3400,360400000,4,49.0
07/11/2017,0,0,107.7(-0.28 %),0,0,0,0,4,49.0
08/11/2017,0,0,109(1.21 %),0,0,0,0,4,49.0
09/11/2017,3400,374000000,110.4(1.28 %),3400,374000000,0,0,4,49.0
10/11/2017,-500,-54800000,110.9(0.45 %),0,0,500,54800000,4,49.0
13/11/2017,0,0,118.6(6.94 %),0,0,0,0,4,49.0
14/11/2017,0,0,120(1.18 %),0,0,0,0,4,49.0
15/11/2017,500,60000000,119.4(-0.50 %),500,60000000,0,0,4,49.0
16/11/2017,0,0,119.5(0.08 %),0,0,0,0,4,49.0
17/11/2017,0,0,116.2(-2.76 %),0,0,0,0,4,49.0
20/11/2017,0,0,118(1.55 %),0,0,0,0,4,49.0
21/11/2017,0,0,117.6(-0.34 %),0,0,0,0,4,49.0
22/11/2017,0,0,121(2.89 %),0,0,0,0,4,49.0
23/11/2017,0,0,122.9(1.57 %),0,0,0,0,4,49.0
24/11/2017,0,0,123.4(0.41 %),0,0,0,0,4,49.0
27/11/2017,0,0,122(-1.13 %),147777,19506560000,147777,19506560000,4,49.0
28/11/2017,0,0,121.4(-0.49 %),0,0,0,0,4,49.0
29/11/2017,0,0,122(0.49 %),0,0,0,0,4,49.0
30/11/2017,0,0,124.6(2.13 %),0,0,0,0,4,49.0
01/12/2017,0,0,127(1.93 %),0,0,0,0,11,49.0
04/12/2017,-910,-115570000,127(0.00 %),10,1270000,920,116840000,1,49.0
05/12/2017,0,0,125(-1.57 %),0,0,0,0,1,49.0
06/12/2017,0,0,125(0.00 %),0,0,0,0,1,49.0
07/12/2017,920,115920000,122.6(-1.92 %),920,115920000,0,0,1,49.0
08/12/2017,0,0,123.5(0.73 %),0,0,0,0,1,49.0
11/12/2017,0,0,123(-0.40 %),0,0,0,0,1,49.0
12/12/2017,0,0,123.5(0.41 %),0,0,0,0,1,49.0
13/12/2017,0,0,122(-1.21 %),0,0,0,0,1,49.0
14/12/2017,-270,-34020000,126(3.28 %),0,0,270,34020000,1,49.0
15/12/2017,0,0,131(3.97 %),0,0,0,0,1,49.0
18/12/2017,-3570,-467670000,131(0.00 %),0,0,3570,467670000,1,49.0
19/12/2017,270,35370000,130.9(0.54 %),270,35370000,0,0,1,49.0
20/12/2017,0,0,131.5(0.46 %),0,0,0,0,1,49.0
21/12/2017,3570,471240000,133(1.14 %),3570,471240000,0,0,1,49.0
22/12/2017,-390,-51320000,130.9(-1.58 %),0,0,390,51320000,1,49.0
25/12/2017,0,0,131(0.08 %),0,0,0,0,1,49.0
26/12/2017,0,0,131.7(0.53 %),0,0,0,0,1,49.0
27/12/2017,390,51480000,132.3(0.46 %),390,51480000,0,0,1,49.0
28/12/2017,0,0,135.1(2.12 %),0,0,0,0,1,49.0
29/12/2017,0,0,137(1.41 %),0,0,0,0,1,49.0
02/01/2018,0,0,133.6(-2.48 %),0,0,0,0,1,49.0
03/01/2018,0,0,133(-0.45 %),50000,7145000000,50000,7145000000,1,49.0
04/01/2018,0,0,134(0.75 %),0,0,0,0,1,49.0
05/01/2018,0,0,134(0.00 %),0,0,0,0,1,49.0
08/01/2018,0,0,134.6(0.45 %),0,0,0,0,1,49.0
09/01/2018,0,0,133.7(-0.67 %),0,0,0,0,1,49.0
10/01/2018,0,0,137.1(2.54 %),0,0,0,0,1,49.0
11/01/2018,-4330,-590110000,136.3(-0.58 %),0,0,4330,590110000,1,49.0
12/01/2018,0,0,136.5(0.15 %),0,0,0,0,1,49.0
15/01/2018,0,0,139.5(2.20 %),0,0,0,0,1,49.0
16/01/2018,4330,610530000,140.9(1.00 %),4330,610530000,0,0,1,49.0
17/01/2018,0,0,138(-2.06 %),0,0,0,0,1,49.0
18/01/2018,0,0,138(0.00 %),35000,5166000000,35000,5166000000,1,49.0
19/01/2018,0,0,143(3.62 %),0,0,0,0,1,49.0
22/01/2018,0,0,145(1.40 %),0,0,0,0,1,49.0
25/01/2018,0,0,145.2(0.14 %),77000,10387300000,77000,10387300000,1,49.0
26/01/2018,0,0,143.5(-1.17 %),0,0,0,0,1,49.0
29/01/2018,0,0,141.2(-1.60 %),0,0,0,0,1,49.0
30/01/2018,0,0,146(3.40 %),0,0,0,0,1,49.0
31/01/2018,0,0,149(2.05 %),0,0,0,0,1,49.0
01/02/2018,0,0,149(0.00 %),0,0,0,0,1,49.0
02/02/2018,0,0,150.5(1.01 %),0,0,0,0,1,49.0
05/02/2018,0,0,146(-2.99 %),5226010,841387610000,5226010,841387610000,1,49.0
06/02/2018,0,0,140.9(-3.49 %),0,0,0,0,1,49.0
07/02/2018,-20,-2890000,147.6(4.76 %),0,0,20,2890000,1,49.0
08/02/2018,0,0,146.1(-1.02 %),0,0,0,0,1,49.0
09/02/2018,0,0,147.5(0.96 %),0,0,0,0,1,49.0
12/02/2018,20,3020000,155(5.08 %),20,3020000,0,0,1,49.0
13/02/2018,0,0,159.5(2.90 %),0,0,0,0,1,49.0
21/02/2018,0,0,165(3.45 %),0,0,0,0,1,49.0
22/02/2018,0,0,164(-0.61 %),0,0,0,0,1,49.0
23/02/2018,0,0,170.7(4.09 %),0,0,0,0,1,49.0
26/02/2018,0,0,165.6(-2.99 %),200000,36260000000,200000,36260000000,1,49.0
27/02/2018,0,0,166.8(0.72 %),0,0,0,0,1,49.0
28/02/2018,0,0,166.7(-0.06 %),700000,124880000000,700000,124880000000,1,49.0
01/03/2018,0,0,164(-1.62 %),0,0,0,0,1,49.0
02/03/2018,0,0,163.3(-0.43 %),0,0,0,0,1,49.0
05/03/2018,-3120,-508250000,165.3(1.22 %),0,0,3120,508250000,1,49.0
06/03/2018,-7010,-1188900000,172(4.05 %),0,0,7010,1188900000,1,49.0
07/03/2018,0,0,170.5(-0.87 %),0,0,0,0,1,49.0
08/03/2018,3120,536330000,173.9(1.99 %),220620,40208330000,217500,39672000000,1,49.0
09/03/2018,7010,1226750000,173.9(0.00 %),7010,1226750000,0,0,1,49.0
12/03/2018,0,0,172.7(-0.69 %),200000,37200000000,200000,37200000000,1,49.0
13/03/2018,0,0,171.3(-0.81 %),0,0,0,0,1,49.0
14/03/2018,-1560,-271440000,172.4(0.64 %),0,0,1560,271440000,1,49.0
15/03/2018,0,0,172(-0.23 %),0,0,0,0,1,49.0
16/03/2018,-300,-52500000,180(4.65 %),0,0,300,52500000,1,49.0
19/03/2018,1560,283920000,182.4(1.33 %),131560,24463920000,130000,24180000000,1,49.0
20/03/2018,0,0,182(-0.22 %),0,0,0,0,1,49.0
21/03/2018,300,54600000,183(0.55 %),300,54600000,0,0,1,49.0
22/03/2018,-1450,-266850000,184(0.55 %),0,0,1450,266850000,1,49.0
23/03/2018,0,0,181(-1.63 %),50000,9840000000,50000,9840000000,1,49.0
26/03/2018,0,0,185.3(2.38 %),100000,19360000000,100000,19360000000,1,49.0
27/03/2018,1450,271150000,188.5(1.73 %),1450,271150000,0,0,1,49.0
28/03/2018,0,0,197(4.51 %),20000,4032000000,20000,4032000000,1,49.0
29/03/2018,0,0,198(0.51 %),75000,15802500000,75000,15802500000,1,49.0
30/03/2018,-4000,-804000000,206(4.04 %),900000,190440000000,904000,191244000000,1,49.0
02/04/2018,0,0,204.4(-0.78 %),152870,33692550000,152870,33692550000,1,49.0
03/04/2018,0,0,202.5(-0.93 %),225000,49207500000,225000,49207500000,1,49.0
04/04/2018,4000,812000000,201.4(-0.54 %),312330,67596280000,308330,66784280000,1,49.0
05/04/2018,0,0,200.5(-0.45 %),104190,22442530000,104190,22442530000,1,49.0
06/04/2018,0,0,194(-3.24 %),48200,10338900000,48200,10338900000,1,49.0
09/04/2018,0,0,185(-4.64 %),0,0,0,0,1,49.0
10/04/2018,0,0,193(4.32 %),0,0,0,0,1,49.0
11/04/2018,0,0,187(-3.11 %),342120,70647780000,342120,70647780000,1,49.0
12/04/2018,0,0,186.3(-0.37 %),50000,10000000000,50000,10000000000,1,49.0
13/04/2018,0,0,186(-0.16 %),0,0,0,0,1,49.0
16/04/2018,0,0,184.7(-0.70 %),0,0,0,0,5,49.0
17/04/2018,0,0,181.5(-1.73 %),0,0,0,0,5,49.0
18/04/2018,0,0,175(-3.58 %),0,0,0,0,5,49.0
19/04/2018,0,0,165(-5.71 %),0,0,0,0,5,49.0
20/04/2018,0,0,172.4(4.48 %),0,0,0,0,5,49.0
23/04/2018,0,0,174(0.93 %),0,0,0,0,5,49.0
24/04/2018,0,0,174(0.00 %),0,0,0,0,5,49.0
26/04/2018,0,0,167(-4.02 %),0,0,0,0,5,49.0
27/04/2018,0,0,171(2.40 %),0,0,0,0,5,49.0
02/05/2018,0,0,171(0.00 %),0,0,0,0,5,49.0
03/05/2018,0,0,170(-0.58 %),0,0,0,0,5,49.0
04/05/2018,0,0,171(0.59 %),0,0,0,0,5,49.0
07/05/2018,0,0,182.9(6.96 %),0,0,0,0,5,49.0
08/05/2018,0,0,183.1(0.11 %),110000,21450000000,110000,21450000000,5,49.0
09/05/2018,0,0,182.5(-0.33 %),0,0,0,0,5,49.0
10/05/2018,0,0,177(-3.01 %),0,0,0,0,5,49.0
11/05/2018,-780,-138060000,183(3.39 %),0,0,780,138060000,5,49.0
14/05/2018,0,0,186(1.75 %),733000,142935000000,733000,142935000000,5,49.0
15/05/2018,0,0,185(-0.54 %),46500,9253500000,46500,9253500000,5,49.0
16/05/2018,-1720,-309930000,182(-1.62 %),34280,6772470000,36000,7082400000,5,49.0
17/05/2018,-200,-36600000,181(-0.55 %),42500,8274750000,42700,8311350000,5,49.0
18/05/2018,0,0,181(0.00 %),80310,15548020000,80310,15548020000,5,49.0
21/05/2018,2500,458500000,180(-0.55 %),2500,458500000,0,0,5,49.0
22/05/2018,200,35400000,176.9(-1.72 %),80200,15443400000,80000,15408000000,5,49.0
23/05/2018,0,0,179(1.19 %),0,0,0,0,5,49.0
24/05/2018,0,0,179(0.00 %),0,0,0,0,5,49.0
25/05/2018,0,0,174(-2.79 %),80000,15320000000,80000,15320000000,5,49.0
28/05/2018,0,0,161.9(-6.95 %),0,0,0,0,5,49.0
29/05/2018,0,0,165(1.91 %),0,0,0,0,5,49.0
30/05/2018,0,0,162(-1.82 %),0,0,0,0,5,49.0
31/05/2018,0,0,167(3.09 %),0,0,0,0,5,49.0
01/06/2018,0,0,170.7(2.22 %),0,0,0,0,5,49.0
04/06/2018,0,0,173(1.35 %),0,0,0,0,5,49.0
05/06/2018,0,0,179(3.47 %),0,0,0,0,5,49.0
06/06/2018,0,0,184.9(3.30 %),0,0,0,0,5,49.0
07/06/2018,0,0,183(-1.03 %),145000,28681000000,145000,28681000000,5,49.0
08/06/2018,0,0,183.7(0.38 %),368750,72201250000,368750,72201250000,5,49.0
11/06/2018,0,0,182(-0.93 %),0,0,0,0,5,49.0
12/06/2018,0,0,178(-2.20 %),0,0,0,0,5,49.0
13/06/2018,0,0,174.5(-1.97 %),0,0,0,0,5,49.0
14/06/2018,0,0,119(2.29 %),213930,26612890000,213930,26612890000,5,49.0
15/06/2018,0,0,119(0.00 %),50000,6365000000,50000,6365000000,5,49.0
18/06/2018,0,0,113(-5.04 %),34000,4328200000,34000,4328200000,5,49.0
19/06/2018,0,0,106(-6.19 %),67300,8136570000,67300,8136570000,5,49.0
20/06/2018,0,0,107(0.94 %),0,0,0,0,5,49.0
21/06/2018,0,0,103(-3.74 %),64500,7378800000,64500,7378800000,5,49.0
22/06/2018,0,0,105(1.94 %),50000,5510000000,50000,5510000000,5,49.0
25/06/2018,0,0,103.5(-1.43 %),95090,10678610000,95090,10678610000,5,49.0
26/06/2018,0,0,102.2(-1.26 %),0,0,0,0,5,49.0
27/06/2018,0,0,97(-5.09 %),142430,15567600000,142430,15567600000,5,49.0
28/06/2018,0,0,90.3(-6.91 %),0,0,0,0,5,49.0
29/06/2018,0,0,87(-3.65 %),65460,6323436000,65460,6323436000,5,44.55
02/07/2018,0,0,81(-6.90 %),60000,5580000000,60000,5580000000,5,49.0
03/07/2018,0,0,76(-6.17 %),0,0,0,0,5,49.0
04/07/2018,0,0,81.3(6.97 %),0,0,0,0,5,49.0
05/07/2018,0,0,81.3(0.00 %),0,0,0,0,5,49.0
06/07/2018,0,0,86.5(6.40 %),0,0,0,0,0,49.0
09/07/2018,0,0,82.5(-4.62 %),0,0,0,0,0,49.0
10/07/2018,0,0,85.5(3.64 %),0,0,0,0,0,49.0
11/07/2018,0,0,82.5(-3.51 %),50000,4570000000,50000,4570000000,0,49.0
12/07/2018,0,0,82.2(-0.36 %),0,0,0,0,0,49.0
13/07/2018,0,0,85(3.41 %),0,0,0,0,0,49.0
16/07/2018,0,0,90.3(6.24 %),0,0,0,0,0,49.0
17/07/2018,0,0,93.9(3.99 %),0,0,0,0,0,49.0
18/07/2018,0,0,96(2.24 %),0,0,0,0,3,29.7
19/07/2018,-60,-5790000,94(-2.08 %),20000,2054000000,20060,2059790000,0,49.0
20/07/2018,0,0,95.1(1.17 %),100000,10050000000,100000,10050000000,0,49.0
23/07/2018,0,0,96(0.95 %),0,0,0,0,3,29.7
24/07/2018,0,0,93.1(-3.02 %),0,0,0,0,0,49.0
25/07/2018,0,0,92(-1.18 %),20000,1910000000,20000,1910000000,0,49.0
26/07/2018,-20,-1840000,90(-2.17 %),0,0,20,1840000,0,49.0
27/07/2018,0,0,93.5(3.89 %),0,0,0,0,0,49.0
30/07/2018,0,0,96.9(3.64 %),1020000,101891000000,1020000,101891000000,0,49.0
31/07/2018,0,0,96.5(-0.41 %),0,0,0,0,3,29.7
01/08/2018,0,0,94(-2.59 %),200000,20640000000,200000,20640000000,0,49.0
02/08/2018,0,0,95.5(1.60 %),0,0,0,0,0,49.0
03/08/2018,0,0,95.5(0.00 %),0,0,0,0,0,49.0
06/08/2018,0,0,93.5(-2.09 %),0,0,0,0,3,29.7
07/08/2018,0,0,92.1(-1.50 %),0,0,0,0,3,29.7
08/08/2018,0,0,92.5(1.54 %),66000,6428400000,66000,6428400000,0,49.0
09/08/2018,0,0,96(3.78 %),0,0,0,0,0,49.0
10/08/2018,0,0,96(0.00 %),0,0,0,0,0,49.0
13/08/2018,0,0,97.5(1.56 %),100000,10270000000,100000,10270000000,0,49.0
14/08/2018,0,0,102(4.62 %),0,0,0,0,0,49.0
15/08/2018,0,0,99(-2.94 %),0,0,0,0,0,49.0
16/08/2018,0,0,101(2.02 %),0,0,0,0,0,49.0
17/08/2018,0,0,99(-1.98 %),66100,7138800000,66100,7138800000,3,29.7
20/08/2018,0,0,99.9(0.91 %),0,0,0,0,0,49.0
21/08/2018,0,0,105(5.11 %),35310,3771110000,35310,3771110000,0,49.0
22/08/2018,0,0,103.9(-1.05 %),147840,16602430000,147840,16602430000,0,49.0
23/08/2018,0,0,103.8(-0.10 %),0,0,0,0,0,49.0
24/08/2018,0,0,103.9(0.10 %),33000,3663000000,33000,3663000000,3,29.7
27/08/2018,0,0,103(-0.87 %),0,0,0,0,0,49.0
28/08/2018,0,0,103(0.00 %),0,0,0,0,0,49.0
29/08/2018,0,0,104.1(1.07 %),0,0,0,0,0,49.0
30/08/2018,0,0,106(1.83 %),0,0,0,0,0,49.0
31/08/2018,0,0,103.1(-2.74 %),0,0,0,0,0,49.0
04/09/2018,0,0,100(-3.01 %),0,0,0,0,3,29.7
05/09/2018,0,0,97.5(-2.50 %),0,0,0,0,0,49.0
06/09/2018,0,0,96(-1.54 %),0,0,0,0,3,29.7
07/09/2018,0,0,98.2(2.29 %),100000,10270000000,100000,10270000000,3,29.7
10/09/2018,0,0,0(0.00 %),0,0,0,0,0,49.0
11/09/2018,0,0,99.7(1.53 %),0,0,0,0,0,49.0
12/09/2018,0,0,100.5(0.80 %),0,0,0,0,0,49.0
13/09/2018,-3000,-301500000,101.5(1.00 %),0,0,3000,301500000,0,49.0
14/09/2018,0,0,101.9(0.39 %),0,0,0,0,0,49.0
17/09/2018,0,0,99.9(-1.96 %),0,0,0,0,0,49.0
18/09/2018,-1400,-139080000,99(-0.90 %),0,0,1400,139080000,0,49.0
19/09/2018,0,0,99.4(0.40 %),0,0,0,0,0,49.0
20/09/2018,0,0,99.4(0.00 %),0,0,0,0,0,49.0
21/09/2018,0,0,101.6(2.21 %),0,0,0,0,0,49.0
24/09/2018,0,0,102.4(0.79 %),0,0,0,0,0,49.0
25/09/2018,0,0,103.5(1.07 %),0,0,0,0,0,49.0
26/09/2018,0,0,102.5(-0.97 %),0,0,0,0,0,49.0
27/09/2018,0,0,102.8(0.29 %),0,0,0,0,0,49.0
28/09/2018,0,0,105.5(2.63 %),0,0,0,0,0,49.0
01/10/2018,0,0,105.1(-0.38 %),0,0,0,0,0,49.0
02/10/2018,0,0,104.6(-0.48 %),0,0,0,0,0,49.0
03/10/2018,0,0,107.8(3.06 %),0,0,0,0,0,49.0
04/10/2018,0,0,108(0.19 %),400003,46000350000,400003,46000350000,0,49.0
05/10/2018,0,0,106.7(-1.20 %),530000,61215000000,530000,61215000000,0,49.0
08/10/2018,0,0,106.7(0.00 %),100000,11410000000,100000,11410000000,0,49.0
09/10/2018,0,0,108.6(1.78 %),200000,22820000000,200000,22820000000,0,49.0
10/10/2018,0,0,109.7(1.01 %),0,0,0,0,0,49.0
11/10/2018,-12000,-1254920000,102.2(-6.84 %),600685,70460350500,612685,71715270500,0,49.0
12/10/2018,0,0,105.8(3.52 %),0,0,0,0,0,49.0
15/10/2018,0,0,102.5(-3.12 %),0,0,0,0,0,49.0
16/10/2018,10090,1034230000,103.6(1.07 %),10090,1034230000,0,0,7,49.0
17/10/2018,0,0,104(0.39 %),0,0,0,0,7,49.0
18/10/2018,0,0,104(0.00 %),0,0,0,0,7,49.0
19/10/2018,0,0,104.2(0.19 %),0,0,0,0,7,49.0
22/10/2018,-4680,-490930000,101.5(-2.59 %),0,0,4680,490930000,7,49.0
23/10/2018,0,0,99(-2.46 %),0,0,0,0,7,49.0
24/10/2018,0,0,96(-3.03 %),0,0,0,0,7,49.0
25/10/2018,4680,425880000,94.9(-1.15 %),4680,425880000,0,0,7,49.0
26/10/2018,0,0,92.6(-2.42 %),0,0,0,0,7,49.0
29/10/2018,0,0,90.1(-2.70 %),0,0,0,0,7,49.0
30/10/2018,0,0,91.6(1.66 %),0,0,0,0,7,49.0
31/10/2018,0,0,97(5.90 %),0,0,0,0,7,49.0
01/11/2018,0,0,95(-2.06 %),0,0,0,0,7,49.0
02/11/2018,0,0,98.5(3.68 %),0,0,0,0,7,49.0
05/11/2018,0,0,98.5(0.00 %),0,0,0,0,7,49.0
06/11/2018,0,0,97(-1.52 %),0,0,0,0,7,49.0
07/11/2018,0,0,96.2(-0.82 %),0,0,0,0,7,49.0
08/11/2018,0,0,96.7(0.52 %),0,0,0,0,7,49.0
09/11/2018,-10,-970000,94(-2.79 %),0,0,10,970000,7,49.0
12/11/2018,0,0,95(1.06 %),0,0,0,0,7,49.0
13/11/2018,0,0,93.5(-1.58 %),0,0,0,0,7,49.0
14/11/2018,10,935000,93.5(0.00 %),300010,30000935000,300000,30000000000,-3,49.0
15/11/2018,0,0,92(-1.60 %),0,0,0,0,7,49.0
16/11/2018,0,0,93(1.09 %),0,0,0,0,7,49.0
19/11/2018,0,0,94.9(2.04 %),0,0,0,0,7,49.0
20/11/2018,0,0,95.6(0.74 %),326370,33126560000,326370,33126560000,7,49.0
21/11/2018,0,0,95.5(-0.10 %),0,0,0,0,7,49.0
22/11/2018,0,0,96.4(0.94 %),0,0,0,0,7,49.0
23/11/2018,0,0,95.1(-1.35 %),0,0,0,0,7,49.0
26/11/2018,0,0,96(0.95 %),0,0,0,0,7,49.0
27/11/2018,0,0,94.5(-1.56 %),0,0,0,0,7,49.0
28/11/2018,0,0,95.5(1.06 %),0,0,0,0,7,49.0
29/11/2018,0,0,91.3(-4.40 %),0,0,0,0,7,49.0
30/11/2018,0,0,92.1(0.88 %),0,0,0,0,7,49.0
03/12/2018,0,0,94.9(3.04 %),0,0,0,0,7,49.0
04/12/2018,0,0,95(0.11 %),0,0,0,0,7,49.0
05/12/2018,0,0,95.4(0.42 %),0,0,0,0,7,49.0
06/12/2018,0,0,96(0.63 %),0,0,0,0,7,49.0
07/12/2018,0,0,98(2.08 %),0,0,0,0,7,49.0
10/12/2018,0,0,96.8(-1.22 %),0,0,0,0,7,49.0
11/12/2018,0,0,97(0.21 %),0,0,0,0,7,49.0
12/12/2018,0,0,98(1.03 %),0,0,0,0,7,49.0
13/12/2018,0,0,98.9(0.92 %),0,0,0,0,7,49.0
14/12/2018,0,0,98.1(-0.81 %),0,0,0,0,7,49.0
17/12/2018,0,0,99.5(1.43 %),0,0,0,0,7,49.0
18/12/2018,2383200,253539200000,95.8(-3.72 %),2473200,263115200000,90000,9576000000,0,49.0
19/12/2018,0,0,94.2(-1.67 %),0,0,0,0,0,49.0
20/12/2018,0,0,94.1(-0.11 %),0,0,0,0,0,49.0
21/12/2018,0,0,95(0.96 %),0,0,0,0,0,49.0
24/12/2018,0,0,95.2(0.21 %),0,0,0,0,0,49.0
25/12/2018,0,0,93.7(-1.58 %),0,0,0,0,0,49.0
26/12/2018,0,0,93.5(-0.21 %),0,0,0,0,0,49.0
27/12/2018,0,0,94.8(1.39 %),0,0,0,0,0,49.0
28/12/2018,0,0,93.2(-0.85 %),0,0,0,0,0,49.0
02/01/2019,0,0,92(-1.29 %),0,0,0,0,0,49.0
03/01/2019,0,0,89(-3.26 %),0,0,0,0,0,49.0
04/01/2019,-2050,-180260000,90(1.12 %),0,0,2050,180260000,0,49.0
07/01/2019,0,0,91.4(1.56 %),0,0,0,0,0,49.0
08/01/2019,0,0,91(-0.44 %),0,0,0,0,0,49.0
09/01/2019,2050,187990000,91.5(0.55 %),2050,187990000,0,0,0,49.0
10/01/2019,0,0,92.3(0.87 %),0,0,0,0,0,49.0
11/01/2019,0,0,92.5(0.22 %),0,0,0,0,0,49.0
14/01/2019,0,0,91.9(-0.65 %),0,0,0,0,0,49.0
15/01/2019,0,0,91.9(0.00 %),0,0,0,0,0,49.0
16/01/2019,0,0,91.7(-0.22 %),0,0,0,0,0,49.0
17/01/2019,0,0,90(-1.85 %),0,0,0,0,0,49.0
18/01/2019,0,0,89.2(-0.89 %),0,0,0,0,0,49.0
21/01/2019,0,0,91.7(2.80 %),0,0,0,0,0,49.0
22/01/2019,0,0,90.6(-1.20 %),0,0,0,0,0,49.0
23/01/2019,0,0,90.5(-0.11 %),0,0,0,0,0,49.0
24/01/2019,0,0,90.7(0.22 %),0,0,0,0,0,49.0
25/01/2019,0,0,92(1.43 %),0,0,0,0,0,49.0
28/01/2019,0,0,94.2(2.39 %),0,0,0,0,0,49.0
29/01/2019,0,0,94(-0.21 %),0,0,0,0,0,49.0
30/01/2019,0,0,93.8(-0.21 %),0,0,0,0,0,49.0
31/01/2019,0,0,95(1.28 %),0,0,0,0,0,49.0
01/02/2019,0,0,94.6(-0.42 %),0,0,0,0,0,0.0
11/02/2019,0,0,97.5(3.07 %),0,0,0,0,0,49.0
12/02/2019,0,0,96.8(-0.72 %),0,0,0,0,0,49.0
13/02/2019,-190,-18390000,97.6(0.83 %),0,0,190,18390000,0,49.0
14/02/2019,0,0,97.2(-0.41 %),0,0,0,0,0,49.0
15/02/2019,0,0,96.7(-0.51 %),0,0,0,0,0,49.0
18/02/2019,190,18487000,97.3(0.62 %),190,18487000,0,0,190,49.0
19/02/2019,0,0,97.9(0.62 %),0,0,0,0,0,49.0
20/02/2019,0,0,98.9(1.02 %),0,0,0,0,190,49.0
21/02/2019,0,0,99(0.10 %),0,0,0,0,190,49.0
22/02/2019,0,0,99.1(0.10 %),0,0,0,0,190,49.0
25/02/2019,0,0,100(0.91 %),0,0,0,0,0,49.0
26/02/2019,0,0,98.2(-1.80 %),0,0,0,0,0,49.0
27/02/2019,0,0,98.6(0.41 %),0,0,0,0,0,49.0
28/02/2019,0,0,96.4(-2.23 %),0,0,0,0,190,49.0
01/03/2019,0,0,98.5(2.18 %),0,0,0,0,190,49.0
04/03/2019,0,0,100.9(2.44 %),0,0,0,0,0,49.0
05/03/2019,0,0,100.1(-0.79 %),0,0,0,0,0,49.0
06/03/2019,0,0,99.9(-0.20 %),0,0,0,0,0,49.0
07/03/2019,0,0,99.8(-0.10 %),0,0,0,0,190,49.0
08/03/2019,0,0,98.8(-1.00 %),0,0,0,0,190,49.0
11/03/2019,0,0,99.5(0.71 %),0,0,0,0,0,49.0
12/03/2019,0,0,99.9(0.40 %),0,0,0,0,0,49.0
13/03/2019,0,0,102(2.10 %),0,0,0,0,190,49.0
14/03/2019,0,0,104.2(2.16 %),0,0,0,0,190,49.0
15/03/2019,0,0,104(-0.19 %),0,0,0,0,0,49.0
18/03/2019,0,0,104(0.00 %),0,0,0,0,0,49.0
19/03/2019,0,0,102.3(-1.63 %),0,0,0,0,0,49.0
20/03/2019,0,0,101.5(-0.78 %),0,0,0,0,0,49.0
21/03/2019,0,0,100.5(-0.99 %),0,0,0,0,0,49.0
22/03/2019,0,0,102.2(1.69 %),0,0,0,0,0,49.0
25/03/2019,0,0,99.7(-2.45 %),0,0,0,0,0,49.0
26/03/2019,0,0,99.7(0.00 %),0,0,0,0,0,49.0
27/03/2019,0,0,99.9(0.20 %),0,0,0,0,0,49.0
28/03/2019,0,0,99.6(-0.30 %),0,0,0,0,0,49.0
29/03/2019,0,0,99.5(-0.10 %),0,0,0,0,0,49.0
01/04/2019,0,0,100.3(0.80 %),0,0,0,0,0,49.0
02/04/2019,0,0,99.7(-0.60 %),0,0,0,0,0,49.0
03/04/2019,0,0,99(-0.70 %),0,0,0,0,0,49.0
04/04/2019,0,0,101(2.02 %),0,0,0,0,0,49.0
05/04/2019,0,0,100.5(-0.50 %),0,0,0,0,0,49.0
08/04/2019,0,0,101.3(0.80 %),0,0,0,0,0,49.0
09/04/2019,0,0,101.6(0.30 %),0,0,0,0,0,49.0
10/04/2019,0,0,99.9(-1.67 %),0,0,0,0,0,49.0
11/04/2019,0,0,100.2(0.30 %),0,0,0,0,0,49.0
12/04/2019,0,0,99.6(-0.60 %),0,0,0,0,0,49.0
16/04/2019,0,0,98.7(-0.90 %),0,0,0,0,0,49.0
17/04/2019,0,0,99.2(0.51 %),0,0,0,0,0,49.0
18/04/2019,0,0,97.3(-1.92 %),0,0,0,0,0,49.0
19/04/2019,0,0,97.7(0.41 %),0,0,0,0,0,49.0
22/04/2019,0,0,98.5(0.82 %),0,0,0,0,0,49.0
23/04/2019,0,0,99.8(1.32 %),0,0,0,0,0,49.0
24/04/2019,0,0,100(0.20 %),0,0,0,0,0,49.0
25/04/2019,0,0,99.3(-0.70 %),0,0,0,0,0,49.0
26/04/2019,0,0,100.1(0.81 %),0,0,0,0,0,49.0
02/05/2019,0,0,103(2.90 %),0,0,0,0,0,49.0
03/05/2019,0,0,102.7(-0.29 %),0,0,0,0,0,49.0
06/05/2019,0,0,101.9(-0.78 %),0,0,0,0,0,49.0
07/05/2019,0,0,101.6(-0.29 %),0,0,0,0,0,49.0
08/05/2019,0,0,101(-0.59 %),0,0,0,0,0,49.0
09/05/2019,0,0,99.8(-1.19 %),300000,32400000000,300000,32400000000,0,49.0
10/05/2019,0,0,100.5(0.70 %),0,0,0,0,0,49.0
13/05/2019,0,0,100.8(0.30 %),0,0,0,0,0,49.0
14/05/2019,0,0,100.9(0.10 %),110000,11858000000,110000,11858000000,0,49.0
15/05/2019,-3000,-306600000,102.5(1.59 %),0,0,3000,306600000,0,49.0
16/05/2019,0,0,102.9(0.39 %),0,0,0,0,0,49.0
17/05/2019,-870,-89090000,102.5(-0.39 %),0,0,870,89090000,0,49.0
20/05/2019,3000,308700000,108(5.37 %),3000,308700000,0,0,0,49.0
21/05/2019,0,0,106.4(-1.48 %),500000,57650000000,500000,57650000000,0,49.0
22/05/2019,870,92570000,107.4(0.94 %),870,92570000,0,0,0,49.0
23/05/2019,0,0,109.5(1.96 %),0,0,0,0,0,49.0
24/05/2019,0,0,107.5(-1.83 %),0,0,0,0,0,49.0
27/05/2019,0,0,106(-1.40 %),0,0,0,0,0,49.0
28/05/2019,0,0,108.3(2.17 %),0,0,0,0,0,49.0
29/05/2019,0,0,106.7(-1.48 %),850000,98430000000,850000,98430000000,0,49.0
30/05/2019,0,0,106.2(-0.47 %),0,0,0,0,0,49.0
31/05/2019,0,0,103.1(-2.92 %),0,0,0,0,0,49.0
03/06/2019,0,0,100.8(-2.23 %),500000,55150000000,500000,55150000000,0,49.0
04/06/2019,0,0,100.9(0.10 %),0,0,0,0,0,49.0
05/06/2019,0,0,77(-23.69 %),0,0,0,0,0,49.0
06/06/2019,0,0,77(0.00 %),0,0,0,0,0,49.0
07/06/2019,-10,-774000,78.8(2.34 %),0,0,10,774000,0,49.0
10/06/2019,0,0,78.8(0.00 %),0,0,0,0,0,49.0
11/06/2019,0,0,78.9(0.13 %),0,0,0,0,0,49.0
12/06/2019,10,780000,76.7(-2.79 %),10,780000,0,0,10,49.0
13/06/2019,0,0,74.7(-2.61 %),0,0,0,0,10,49.0
14/06/2019,0,0,74.2(-0.67 %),0,0,0,0,10,49.0
17/06/2019,0,0,72.2(-2.70 %),300000,23790000000,300000,23790000000,10,49.0
18/06/2019,0,0,71.5(-0.97 %),0,0,0,0,10,49.0
19/06/2019,0,0,71.8(0.42 %),0,0,0,0,0,49.0
20/06/2019,0,0,73.7(2.65 %),0,0,0,0,0,49.0
21/06/2019,0,0,74.2(0.68 %),0,0,0,0,10,49.0
24/06/2019,0,0,73.6(-0.81 %),0,0,0,0,10,49.0
25/06/2019,0,0,72.7(-1.22 %),0,0,0,0,10,49.0
26/06/2019,0,0,72.8(0.14 %),0,0,0,0,10,49.0
27/06/2019,0,0,72(-1.10 %),0,0,0,0,0,49.0
28/06/2019,0,0,73(1.39 %),0,0,0,0,0,49.0
01/07/2019,0,0,74.3(1.78 %),0,0,0,0,10,49.0
02/07/2019,0,0,74.8(0.67 %),0,0,0,0,10,49.0
03/07/2019,0,0,73.7(-1.47 %),0,0,0,0,10,49.0
04/07/2019,0,0,74.5(1.09 %),0,0,0,0,10,49.0
05/07/2019,0,0,74.5(0.00 %),0,0,0,0,0,49.0
08/07/2019,0,0,73.7(-1.07 %),100000,7970000000,100000,7970000000,10,36.75
09/07/2019,0,0,73.6(-0.14 %),0,0,0,0,10,49.0
10/07/2019,0,0,73(-0.82 %),0,0,0,0,0,49.0
11/07/2019,0,0,73(0.00 %),0,0,0,0,10,49.0
12/07/2019,0,0,73.6(0.82 %),590000,46079000000,590000,46079000000,10,36.75
15/07/2019,0,0,74.4(1.09 %),0,0,0,0,10,49.0
16/07/2019,-10,-754000,74.7(0.40 %),30000,2388000000,30010,2388754000,20,36.75
17/07/2019,0,0,74.2(-0.67 %),0,0,0,0,0,49.0
18/07/2019,0,0,73.3(-1.21 %),0,0,0,0,20,49.0
19/07/2019,0,0,74(0.95 %),0,0,0,0,0,49.0
22/07/2019,0,0,77(4.05 %),0,0,0,0,20,49.0
23/07/2019,0,0,77.5(0.65 %),0,0,0,0,20,49.0
24/07/2019,0,0,76.7(-1.03 %),0,0,0,0,20,49.0
25/07/2019,0,0,78.2(1.96 %),0,0,0,0,20,49.0
26/07/2019,0,0,78.2(0.00 %),0,0,0,0,20,49.0
29/07/2019,0,0,77.8(-0.51 %),0,0,0,0,0,49.0
30/07/2019,0,0,76.3(-1.93 %),0,0,0,0,20,49.0
31/07/2019,0,0,76.8(0.66 %),0,0,0,0,20,49.0
01/08/2019,0,0,78.2(1.82 %),0,0,0,0,20,49.0
02/08/2019,0,0,80.4(2.81 %),0,0,0,0,20,49.0
05/08/2019,0,0,80.7(0.37 %),100000,8600000000,100000,8600000000,0,49.0
06/08/2019,0,0,83.8(3.84 %),100000,8630000000,100000,8630000000,20,36.75
07/08/2019,0,0,86.6(3.34 %),1167880,104148414000,1167880,104148414000,20,36.75
08/08/2019,0,0,84.8(-2.08 %),0,0,0,0,0,49.0
09/08/2019,0,0,84.2(-0.71 %),0,0,0,0,0,49.0
12/08/2019,0,0,85.7(1.78 %),0,0,0,0,20,49.0
13/08/2019,0,0,87(1.52 %),20000,1832000000,20000,1832000000,20,36.75
14/08/2019,0,0,85.7(-1.49 %),290000,26970000000,290000,26970000000,0,49.0
15/08/2019,0,0,86.6(1.05 %),0,0,0,0,0,49.0
16/08/2019,0,0,86(-0.69 %),0,0,0,0,0,49.0
19/08/2019,0,0,84.9(-1.28 %),0,0,0,0,0,49.0
20/08/2019,0,0,85.8(1.06 %),300000,27240000000,300000,27240000000,20,36.75
21/08/2019,0,0,85.6(-0.23 %),0,0,0,0,0,49.0
22/08/2019,0,0,83.5(-2.45 %),0,0,0,0,20,49.0
23/08/2019,0,0,82.8(-0.84 %),0,0,0,0,0,49.0
26/08/2019,0,0,83.8(1.21 %),0,0,0,0,20,49.0
27/08/2019,0,0,83.2(-0.72 %),0,0,0,0,20,49.0
28/08/2019,0,0,81.4(-2.16 %),74572,6636908000,74572,6636908000,20,36.75
29/08/2019,0,0,81.9(0.61 %),0,0,0,0,20,49.0
30/08/2019,0,0,82.2(0.37 %),0,0,0,0,0,49.0
03/09/2019,-4260,-351020000,82.4(0.24 %),0,0,4260,351020000,0,49.0
04/09/2019,-600,-49440000,82.5(0.12 %),50000,4405000000,50600,4454440000,0,49.0
05/09/2019,0,0,81.4(-1.33 %),0,0,0,0,4880,49.0
06/09/2019,2980,243168000,81(-0.49 %),2980,243168000,0,0,1900,49.0
09/09/2019,600,48600000,80.4(-0.74 %),600,48600000,0,0,1300,49.0
10/09/2019,0,0,78.1(-2.86 %),0,0,0,0,8,49.0
11/09/2019,0,0,79.9(2.30 %),0,0,0,0,1300,49.0
12/09/2019,0,0,80.4(0.63 %),0,0,0,0,8,49.0
13/09/2019,0,0,82(1.99 %),0,0,0,0,1300,49.0
16/09/2019,0,0,82.3(0.37 %),0,0,0,0,1300,49.0
17/09/2019,0,0,82(-0.36 %),0,0,0,0,1300,49.0
18/09/2019,-1000,-83000000,82.4(0.49 %),0,0,1000,83000000,2300,49.0
19/09/2019,0,0,82.7(0.36 %),0,0,0,0,0,49.0
20/09/2019,-7000,-586900000,83.8(1.33 %),1000000,88400000000,1007000,88986900000,0,49.0
23/09/2019,990,83358000,83.5(-0.36 %),990,83358000,0,0,8310,49.0
24/09/2019,0,0,83(-0.60 %),0,0,0,0,8310,49.0
25/09/2019,7000,575400000,82.1(-1.08 %),91270,8058576000,84270,7483176000,1310,49.0
26/09/2019,0,0,80.7(-1.71 %),0,0,0,0,1310,49.0
27/09/2019,0,0,81.1(0.50 %),990490,85479290000,990490,85479290000,3,49.0
30/09/2019,0,0,80.4(-0.86 %),0,0,0,0,1310,49.0
01/10/2019,0,0,79.5(-1.12 %),145000,12470000000,145000,12470000000,3,49.0
02/10/2019,0,0,80.6(1.38 %),0,0,0,0,3,49.0
03/10/2019,0,0,80.9(0.37 %),0,0,0,0,3,49.0
04/10/2019,-9000,-725460000,80.3(-0.74 %),0,0,9000,725460000,3,49.0
07/10/2019,0,0,79(-1.62 %),0,0,0,0,9003,49.0
08/10/2019,0,0,79.7(0.89 %),50000,4225000000,50000,4225000000,3,49.0
09/10/2019,9000,719100000,79.1(-0.75 %),9000,719100000,0,0,3,49.0
10/10/2019,0,0,79.1(0.00 %),50000,4230000000,50000,4230000000,3,49.0
11/10/2019,0,0,80(1.14 %),0,0,0,0,3,49.0
14/10/2019,-1810,-145030000,80(0.00 %),0,0,1810,145030000,0,49.0
15/10/2019,0,0,80(0.00 %),850000,72760000000,850000,72760000000,0,49.0
16/10/2019,0,0,81.9(2.38 %),200000,17120000000,200000,17120000000,1813,49.0
17/10/2019,1810,148963000,82.7(0.98 %),301810,26428963000,300000,26280000000,3,49.0
18/10/2019,0,0,82.4(-0.36 %),0,0,0,0,3,49.0
21/10/2019,0,0,82(-0.49 %),0,0,0,0,0,49.0
22/10/2019,0,0,83(1.22 %),0,0,0,0,3,49.0
23/10/2019,0,0,82.8(-0.24 %),0,0,0,0,0,49.0
24/10/2019,0,0,83.7(1.09 %),0,0,0,0,3,49.0
25/10/2019,0,0,83.2(-0.60 %),0,0,0,0,3,49.0
28/10/2019,0,0,83.5(0.36 %),0,0,0,0,0,49.0
29/10/2019,0,0,82.6(-1.08 %),0,0,0,0,0,49.0
30/10/2019,0,0,83(0.48 %),0,0,0,0,3,49.0
31/10/2019,0,0,83.3(0.36 %),0,0,0,0,0,49.0
01/11/2019,0,0,83.3(0.00 %),500000,44550000000,500000,44550000000,0,49.0
04/11/2019,0,0,85.6(2.76 %),0,0,0,0,0,49.0
05/11/2019,0,0,85.2(-0.47 %),416340,38095110000,416340,38095110000,3,49.0
06/11/2019,0,0,85(-0.23 %),0,0,0,0,0,49.0
07/11/2019,0,0,85.2(0.24 %),0,0,0,0,3,49.0
08/11/2019,0,0,85.7(0.59 %),0,0,0,0,3,49.0
11/11/2019,0,0,84.7(-1.17 %),0,0,0,0,3,49.0
12/11/2019,0,0,85.3(0.71 %),0,0,0,0,3,49.0
13/11/2019,0,0,86(0.82 %),300000,27360000000,300000,27360000000,3,49.0
14/11/2019,0,0,85(-1.16 %),0,0,0,0,3,49.0
15/11/2019,0,0,85.3(0.35 %),0,0,0,0,3,49.0
18/11/2019,0,0,84.4(-1.06 %),120000,10944000000,120000,10944000000,3,49.0
19/11/2019,0,0,84.5(0.12 %),0,0,0,0,0,49.0
20/11/2019,0,0,83.4(-1.30 %),0,0,0,0,3,49.0
21/11/2019,0,0,82.5(-1.08 %),0,0,0,0,0,49.0
22/11/2019,0,0,81.6(-1.09 %),0,0,0,0,3,49.0
25/11/2019,0,0,82.9(1.59 %),0,0,0,0,3,49.0
26/11/2019,0,0,83.3(0.48 %),0,0,0,0,0,49.0
27/11/2019,0,0,82.3(-1.20 %),0,0,0,0,0,49.0
28/11/2019,0,0,81.1(-1.46 %),0,0,0,0,3,49.0
29/11/2019,0,0,81.2(0.12 %),0,0,0,0,3,49.0
02/12/2019,0,0,80(-1.48 %),50000,4340000000,50000,4340000000,0,49.0
03/12/2019,0,0,81(1.25 %),946666,81034610000,946666,81034610000,0,49.0
04/12/2019,0,0,82.4(1.73 %),0,0,0,0,3,49.0
05/12/2019,0,0,82(-0.49 %),62900,5541490000,62900,5541490000,3,49.0
06/12/2019,0,0,82.2(0.24 %),0,0,0,0,3,49.0
09/12/2019,0,0,82.2(0.00 %),0,0,0,0,3,49.0
10/12/2019,0,0,82.8(0.73 %),0,0,0,0,3,49.0
11/12/2019,0,0,84.1(1.57 %),465188,41169138000,465188,41169138000,3,49.0
12/12/2019,0,0,84(-0.12 %),0,0,0,0,3,49.0
13/12/2019,0,0,83.5(-0.60 %),68000,6106400000,68000,6106400000,3,49.0
16/12/2019,0,0,83.6(0.12 %),0,0,0,0,0,49.0
17/12/2019,-440,-36650000,82.2(-1.67 %),0,0,440,36650000,0,49.0
18/12/2019,0,0,80.9(-1.58 %),0,0,0,0,0,49.0
19/12/2019,0,0,81.5(0.74 %),0,0,0,0,0,49.0
20/12/2019,440,36432000,82.8(1.60 %),440,36432000,0,0,3,49.0
23/12/2019,0,0,84.7(2.29 %),0,0,0,0,3,49.0
24/12/2019,0,0,84.5(-0.24 %),60000,5436000000,60000,5436000000,0,49.0
25/12/2019,-3120,-263640000,85.5(1.18 %),0,0,3120,263640000,3123,49.0
26/12/2019,0,0,85.6(0.12 %),0,0,0,0,3123,49.0
27/12/2019,0,0,86.5(1.05 %),200820,18375030000,200820,18375030000,3123,49.0
30/12/2019,3120,271440000,86.5(0.00 %),3120,271440000,0,0,0,49.0
31/12/2019,0,0,86(-0.58 %),0,0,0,0,0,49.0
02/01/2020,0,0,87.4(1.63 %),0,0,0,0,3123,49.0
03/01/2020,0,0,86.8(-0.69 %),0,0,0,0,0,49.0
06/01/2020,0,0,85.8(-1.15 %),50000,4640000000,50000,4640000000,3123,49.0
07/01/2020,0,0,86.9(1.28 %),328863,30189623400,328863,30189623400,3123,49.0
08/01/2020,0,0,85.1(-2.07 %),140000,13006000000,140000,13006000000,3123,49.0
09/01/2020,886550,80642642000,86.2(1.29 %),886550,80642642000,0,0,-883427,49.97
10/01/2020,0,0,88.5(2.67 %),0,0,0,0,6,49.0
13/01/2020,0,0,89(0.56 %),0,0,0,0,6,49.0
14/01/2020,0,0,88.9(-0.11 %),0,0,0,0,6,49.0
15/01/2020,0,0,90(1.24 %),0,0,0,0,6,49.0
16/01/2020,0,0,89.9(-0.11 %),0,0,0,0,6,49.0
17/01/2020,0,0,90.7(0.89 %),0,0,0,0,6,49.0
20/01/2020,0,0,92(1.43 %),0,0,0,0,6,49.0
21/01/2020,0,0,91(-1.09 %),100000,9840000000,100000,9840000000,6,49.0
22/01/2020,0,0,91.3(0.33 %),93600,17604475200,93600,17604475200,6,49.0
30/01/2020,0,0,87.7(-3.94 %),0,0,0,0,6,49.0
31/01/2020,0,0,84.3(-3.88 %),250000,23450000000,250000,23450000000,6,49.0
03/02/2020,0,0,82.8(-1.78 %),0,0,0,0,6,49.0
04/02/2020,0,0,84(1.45 %),0,0,0,0,6,49.0
05/02/2020,0,0,82.7(-1.55 %),0,0,0,0,6,49.0
06/02/2020,-10970,-916000000,83.9(1.45 %),300000,26520000000,310970,27436000000,6,49.0
07/02/2020,0,0,82.6(-1.55 %),200000,30439500000,200000,30439500000,10976,49.0
10/02/2020,0,0,81.5(-1.33 %),35470,3132000000,35470,3132000000,6,49.0
11/02/2020,10970,899540000,81.5(0.00 %),10970,899540000,0,0,6,49.0
12/02/2020,0,0,82.5(1.23 %),0,0,0,0,6,49.0
13/02/2020,0,0,82.5(0.00 %),0,0,0,0,6,49.0
14/02/2020,0,0,82.7(0.24 %),0,0,0,0,6,49.0
17/02/2020,0,0,82.4(-0.36 %),0,0,0,0,6,49.0
18/02/2020,0,0,83.7(1.58 %),0,0,0,0,6,49.0
19/02/2020,-1920,-163200000,85.5(2.15 %),0,0,1920,163200000,6,49.0
20/02/2020,0,0,85.3(-0.23 %),0,0,0,0,1926,49.0
21/02/2020,0,0,83.8(-1.76 %),0,0,0,0,1926,49.0
24/02/2020,1920,155904000,81.2(-3.10 %),287350,25730432000,285430,25574528000,6,49.0
25/02/2020,0,0,83(2.22 %),0,0,0,0,6,49.0
26/02/2020,0,0,83(0.00 %),130000,11544000000,130000,11544000000,6,49.0
27/02/2020,0,0,83.5(0.60 %),100000,8880000000,100000,8880000000,6,49.0
28/02/2020,-60,-4910000,81.7(-2.16 %),0,0,60,4910000,6,49.0
02/03/2020,0,0,81.6(-0.12 %),65000,5681000000,65000,5681000000,6,49.0
03/03/2020,0,0,82(0.49 %),0,0,0,0,6,49.0
04/03/2020,60,4932000,82.2(0.24 %),877343,76942651100,877283,76937719100,-54,49.0
05/03/2020,0,0,81.7(-0.61 %),0,0,0,0,9,49.0
06/03/2020,0,0,80.7(-1.22 %),88680,14925642120,88680,14925642120,9,49.0
09/03/2020,0,0,75.1(-6.94 %),131450,21346428400,131450,21346428400,9,49.0
10/03/2020,-30,-2163000,73.7(-1.86 %),0,0,30,2163000,39,49.0
11/03/2020,0,0,68.6(-6.92 %),350000,52389400000,350000,52389400000,39,49.0
12/03/2020,0,0,63.8(-7.00 %),50000,3670000000,50000,3670000000,39,49.0
13/03/2020,0,0,61.6(-3.45 %),58310,3720180000,58310,3720180000,0,49.0
16/03/2020,0,0,57.3(-6.98 %),204740,13245675000,204740,13245675000,39,49.0
17/03/2020,-5040,-287280000,57(-0.52 %),191470,11051231000,196510,11338511000,5079,49.0
18/03/2020,-520,-29640000,57.4(0.70 %),498330,29989800000,498850,30019440000,0,49.0
19/03/2020,-520,-29640000,54.4(-5.23 %),0,0,520,29640000,6119,49.0
20/03/2020,5040,272160000,55(1.10 %),274900,15924040000,269860,15651880000,0,49.0
23/03/2020,520,-18376783450,51.2(-6.91 %),686640,37763224000,686120,56140007450,559,49.0
24/03/2020,1230,63222000,51.4(0.39 %),116930,6392012000,115700,6328790000,-671,49.0
25/03/2020,0,0,54.9(6.81 %),0,0,0,0,0,49.0
26/03/2020,0,0,53.8(-2.00 %),145950,8567270000,145950,8567270000,0,49.0
27/03/2020,0,0,51.9(-3.53 %),30000,1725000000,30000,1725000000,0,49.0
30/03/2020,-3000,-144900000,48.3(-6.94 %),461600,24418640000,464600,24563540000,0,49.0
31/03/2020,0,0,46.9(-2.90 %),60000,3084000000,60000,3084000000,0,49.0
01/04/2020,0,0,48.6(3.62 %),0,0,0,0,0,49.0
03/04/2020,-80620,-4023610000,51.9(6.79 %),88000,4528810000,168620,8552420000,0,49.0
06/04/2020,-264100,-14657550000,55.5(6.94 %),42000,2331000000,306100,16988550000,0,49.0
07/04/2020,0,0,57(2.70 %),170000,10081000000,170000,10081000000,0,49.0
08/04/2020,79930,4867740000,56.2(-1.40 %),179930,10957740000,100000,6090000000,0,49.0
09/04/2020,264100,15777900000,58(3.20 %),264100,15777900000,0,0,0,49.0
10/04/2020,0,0,57.6(-0.69 %),100000,6200000000,100000,6200000000,0,49.0
13/04/2020,0,0,57.6(0.00 %),0,0,0,0,0,49.0
14/04/2020,0,0,57.5(-0.17 %),0,0,0,0,0,49.0
15/04/2020,0,0,59.2(2.96 %),0,0,0,0,0,49.0
16/04/2020,0,0,59(-0.34 %),0,0,0,0,0,49.0
17/04/2020,0,0,59.7(1.19 %),45000,2839500000,45000,2839500000,0,49.0
20/04/2020,0,0,60.2(0.84 %),264450,16871910000,264450,16871910000,0,49.0
21/04/2020,0,0,57.9(-3.82 %),0,0,0,0,0,49.0
22/04/2020,0,0,58.8(1.55 %),229790,14224000000,229790,14224000000,0,49.0
23/04/2020,0,0,59.4(1.02 %),0,0,0,0,0,49.0
24/04/2020,0,0,59.5(0.17 %),0,0,0,0,0,49.0
27/04/2020,0,0,58(-2.52 %),0,0,0,0,0,49.0
28/04/2020,0,0,57.2(-1.38 %),115000,7130000000,115000,7130000000,0,49.0
29/04/2020,0,0,56.9(-0.52 %),499933,30595899600,499933,30595899600,0,49.0
04/05/2020,0,0,56.5(-0.70 %),0,0,0,0,0,49.0
05/05/2020,0,0,56(-0.88 %),156000,9422400000,156000,9422400000,0,49.0
06/05/2020,0,0,56.5(0.89 %),192610,11537340000,192610,11537340000,0,49.0
07/05/2020,0,0,57.5(1.77 %),178640,10789856000,178640,10789856000,0,49.0
08/05/2020,0,0,58.2(1.22 %),0,0,0,0,0,49.0
11/05/2020,0,0,59.7(2.58 %),0,0,0,0,0,49.0
12/05/2020,0,0,63.8(6.87 %),818400,52213920000,818400,52213920000,2,49.0
13/05/2020,0,0,64.9(1.72 %),200440,13670010000,200440,13670010000,2,49.0
14/05/2020,0,0,63.6(-2.00 %),349560,24259460000,349560,24259460000,2,49.0
15/05/2020,0,0,62(-2.52 %),0,0,0,0,2,49.0
18/05/2020,0,0,63.5(2.42 %),0,0,0,0,2,49.0
19/05/2020,0,0,64.3(1.26 %),0,0,0,0,2,49.0
20/05/2020,0,0,64(-0.47 %),170000,11696000000,170000,11696000000,2,49.0
21/05/2020,0,0,64(0.00 %),0,0,0,0,2,49.0
22/05/2020,0,0,63.2(-1.25 %),84440,5775700000,84440,5775700000,2,49.0
25/05/2020,0,0,64(1.27 %),200000,13520000000,200000,13520000000,2,49.0
26/05/2020,0,0,64.2(0.31 %),200000,13680000000,200000,13680000000,2,49.0
27/05/2020,0,0,63(-1.87 %),200000,13720000000,200000,13720000000,2,49.0
28/05/2020,0,0,62.7(-0.48 %),400000,26960000000,400000,26960000000,0,49.0
29/05/2020,0,0,63.1(0.64 %),200000,13400000000,200000,13400000000,2,49.0
01/06/2020,-8320,-529150000,63.9(1.27 %),25110,1694930000,33430,2224080000,0,49.0
02/06/2020,0,0,63.2(-1.10 %),450990,30802617000,450990,30802617000,8322,49.0
03/06/2020,0,0,63.4(0.32 %),488000,32988800000,488000,32988800000,0,49.0
04/06/2020,8320,530820000,63.7(0.47 %),499020,33260510000,490700,32729690000,0,49.0
05/06/2020,0,0,63.7(0.00 %),215900,14444200000,215900,14444200000,0,49.0
08/06/2020,0,0,66.1(3.77 %),382676,26060235600,382676,26060235600,2,49.0
09/06/2020,0,0,65.5(-0.91 %),0,0,0,0,2,49.0
10/06/2020,0,0,65(-0.76 %),233190,16323300000,233190,16323300000,0,49.0
11/06/2020,0,0,60.5(-6.92 %),0,0,0,0,0,49.0
12/06/2020,0,0,59.5(-1.65 %),40000,2588000000,40000,2588000000,0,49.0
15/06/2020,0,0,57.2(-3.87 %),0,0,0,0,2,49.0
16/06/2020,0,0,58.8(2.80 %),0,0,0,0,2,49.0
17/06/2020,-6200,-361380000,58.3(-0.85 %),0,0,6200,361380000,0,49.0
18/06/2020,-10000,-579142000,58.2(-0.17 %),0,0,10000,579142000,16202,48.99
19/06/2020,-10000,-585630000,59.1(1.55 %),2178200,135370520000,2188200,135956150000,0,49.0
22/06/2020,6200,368280000,59.1(0.00 %),6200,368280000,0,0,20002,48.99
23/06/2020,3890,229395000,59.8(1.18 %),730000,46099000000,726110,45869605000,16112,48.99
24/06/2020,10000,610000000,60.4(1.00 %),10000,610000000,0,0,0,49.0
25/06/2020,0,0,59.6(-1.32 %),0,0,0,0,6112,49.0
26/06/2020,6110,369044000,59.6(0.00 %),132420,8414991000,126310,8045947000,2,49.0
29/06/2020,6110,369044000,57.5(-3.52 %),132420,8414991000,126310,8045947000,-6108,49.0
30/06/2020,6110,369044000,57.4(-0.17 %),132420,8414991000,126310,8045947000,0,49.0
01/07/2020,0,0,58.6(2.09 %),100000,6027000000,100000,6027000000,0,49.0
02/07/2020,-9050,-528459000,58.7(0.17 %),82000,5141400000,91050,5669859000,0,49.0
03/07/2020,0,0,58.6(-0.17 %),0,0,0,0,0,49.0
06/07/2020,-10120,-597771000,59.5(1.54 %),580970,35264879000,591090,35862650000,0,49.0
07/07/2020,6320,379200000,59.4(-0.17 %),6320,379200000,0,0,6320,49.0
08/07/2020,0,0,59.2(-0.34 %),0,0,0,0,6320,49.0
09/07/2020,2960,171639000,60.6(2.36 %),108170,6534932000,105210,6363293000,3360,49.0
10/07/2020,0,0,59.9(-1.16 %),23000,1380000000,23000,1380000000,0,49.0
13/07/2020,-4760,-285632000,59.3(-1.00 %),150000,9164700000,154760,9450332000,8120,49.0
14/07/2020,-1450,-85700000,59.3(0.00 %),5210,307910000,6660,393610000,0,49.0
15/07/2020,0,0,60.2(1.52 %),980000,59276280000,980000,59276280000,9570,49.0
16/07/2020,4760,287980000,60.5(0.50 %),104760,6387980000,100000,6100000000,0,49.0
17/07/2020,6660,401598000,60.4(-0.17 %),6660,401598000,0,0,0,49.0
20/07/2020,-40000,-2383850000,59.4(-1.66 %),0,0,40000,2383850000,0,49.0
21/07/2020,0,0,59.4(0.00 %),0,0,0,0,0,49.0
22/07/2020,0,0,58.6(-1.35 %),300000,17684100000,300000,17684100000,0,49.0
23/07/2020,40000,2344000000,59(0.68 %),420000,24779440000,380000,22435440000,0,49.0
24/07/2020,0,0,56(-5.08 %),35000,2082500000,35000,2082500000,0,49.0
27/07/2020,0,0,52.1(-6.96 %),95230,5237650000,95230,5237650000,0,49.0
28/07/2020,-2760,-144070000,54(3.65 %),0,0,2760,144070000,0,49.0
29/07/2020,-40000,-2040000000,51.5(-4.63 %),0,0,40000,2040000000,0,49.0
30/07/2020,-43530,-2245060000,51.5(0.00 %),0,0,43530,2245060000,0,49.0
31/07/2020,2760,138000000,51.6(0.19 %),2760,138000000,0,0,0,49.0
03/08/2020,0,-13149000,52.8(2.33 %),80000,4214000000,80000,4227149000,2760,49.0
04/08/2020,43530,2335350000,53.5(1.33 %),43530,2335350000,0,0,0,49.0
05/08/2020,0,0,54.9(2.62 %),0,0,0,0,0,49.0
06/08/2020,40000,2216000000,55.6(1.28 %),263330,14856480000,223330,12640480000,0,49.0
07/08/2020,0,0,55.2(-0.72 %),0,0,0,0,0,49.0
10/08/2020,0,0,55.3(0.18 %),0,0,0,0,0,49.0
11/08/2020,0,0,55.1(-0.36 %),1485350,87617369000,1485350,87617369000,0,49.0
12/08/2020,0,0,54.6(-0.91 %),262000,15327300000,262000,15327300000,0,49.0
13/08/2020,0,0,56(2.56 %),2179600,127288640000,2179600,127288640000,0,49.0
14/08/2020,-5400,-305699000,56.5(0.89 %),0,0,5400,305699000,0,49.0
17/08/2020,0,0,55.9(-1.06 %),0,0,0,0,0,49.0
18/08/2020,0,0,55.3(-1.07 %),0,0,0,0,0,49.0
19/08/2020,5400,297540000,55.6(0.54 %),5400,297540000,0,0,5400,49.0
20/08/2020,0,0,55.6(0.00 %),0,0,0,0,5400,49.0
21/08/2020,0,0,56.3(1.26 %),0,0,0,0,5400,49.0
24/08/2020,0,0,58.6(4.09 %),1225601,73654100200,1225601,73654100200,5400,49.0
25/08/2020,0,0,59.7(1.88 %),0,0,0,0,5400,49.0
26/08/2020,0,0,59(-1.17 %),0,0,0,0,0,49.0
27/08/2020,0,0,58.8(-0.34 %),0,0,0,0,0,49.0
28/08/2020,-8270,-506124000,60.8(3.40 %),30000,1887000000,38270,2393124000,13670,48.99
31/08/2020,0,0,60(-1.32 %),0,0,0,0,13670,48.99
01/09/2020,-840,-51070000,61(1.67 %),285000,17346240000,285840,17397310000,0,49.0
03/09/2020,8270,506951000,61.4(0.66 %),8270,506951000,0,0,6240,49.0
04/09/2020,0,0,60.6(-1.30 %),0,0,0,0,0,49.0
07/09/2020,0,0,58.9(-2.81 %),112240,6801744000,112240,6801744000,6240,49.0
08/09/2020,-1220,-72346000,59.8(1.53 %),0,0,1220,72346000,7460,49.0
09/09/2020,0,0,59.5(-0.50 %),0,0,0,0,0,49.0
10/09/2020,0,0,59.8(0.50 %),0,0,0,0,7460,49.0
11/09/2020,-69770,-4143245000,59.5(-0.50 %),0,0,69770,4143245000,77230,48.97
14/09/2020,-37000,-2213060000,60(0.84 %),444770,27219920000,481770,29432980000,0,49.0
15/09/2020,0,0,59.9(-0.17 %),0,0,0,0,0,49.0
16/09/2020,69770,4242020000,60.7(1.34 %),124480,7568390000,54710,3326370000,0,49.0
17/09/2020,22150,1348940000,59.8(-1.48 %),322150,19648940000,300000,18300000000,0,49.0
18/09/2020,0,0,60.4(1.00 %),0,0,0,0,22310,48.99
21/09/2020,0,0,61(0.99 %),100000,6340000000,100000,6340000000,0,49.0
22/09/2020,0,0,60.9(-0.16 %),0,0,0,0,22310,48.99
23/09/2020,0,0,63.4(4.11 %),400000,26040000000,400000,26040000000,22310,48.99
24/09/2020,0,0,62.3(-1.74 %),0,0,0,0,22310,48.99
25/09/2020,0,0,62(-0.48 %),0,0,0,0,0,49.0
28/09/2020,0,0,62(0.00 %),0,0,0,0,0,49.0
29/09/2020,0,0,60.8(-1.94 %),0,0,0,0,0,49.0
30/09/2020,0,0,60.9(0.16 %),0,0,0,0,0,49.0
01/10/2020,0,0,61.7(1.31 %),0,0,0,0,0,49.0
02/10/2020,0,0,61(-1.13 %),0,0,0,0,0,49.0
05/10/2020,0,0,61.2(0.33 %),334200,21054600000,334200,21054600000,0,49.0
06/10/2020,0,0,61.1(-0.16 %),0,0,0,0,22310,48.99
07/10/2020,0,0,61.1(0.00 %),534100,33221020000,534100,33221020000,22310,48.99
08/10/2020,0,0,62.8(2.78 %),0,0,0,0,22310,48.99
09/10/2020,0,0,63.2(0.64 %),0,0,0,0,22310,48.99
12/10/2020,0,0,62(-1.90 %),0,0,0,0,0,49.0
13/10/2020,0,0,62.5(0.81 %),622600,39749450000,622600,39749450000,0,49.0
14/10/2020,0,0,62.9(0.64 %),300000,19500000000,300000,19500000000,0,49.0
15/10/2020,0,0,65(3.34 %),1008500,66561000000,1008500,66561000000,22310,48.99
16/10/2020,0,0,68.1(4.77 %),1371900,94943250000,1371900,94943250000,22310,48.99
19/10/2020,0,0,67.5(-0.88 %),0,0,0,0,0,49.0
20/10/2020,0,0,67(-0.74 %),0,0,0,0,0,49.0
21/10/2020,0,0,67(0.00 %),300000,20400000000,300000,20400000000,22310,48.99
22/10/2020,0,0,68.2(1.79 %),200000,13600000000,200000,13600000000,22310,48.99
23/10/2020,0,0,68(-0.29 %),590000,41245000000,590000,41245000000,22310,48.99
26/10/2020,-142950,-10108057000,69(1.47 %),0,0,142950,10108057000,165260,48.93
27/10/2020,0,0,69.4(0.58 %),104000,0,104000,0,165260,48.93
28/10/2020,-121900,-8375357000,66(-4.90 %),507700,35089000000,629600,43464357000,287160,48.87
29/10/2020,88940,5849620000,66.8(1.21 %),370940,24710040000,282000,18860420000,4,49.0
30/10/2020,0,0,69.5(4.04 %),400000,27300000000,400000,27300000000,4,49.0
02/11/2020,-90100,-6577460000,71.5(2.88 %),159800,11230660000,249900,17808120000,4,49.0
03/11/2020,-146000,-10308431000,71(-0.70 %),54000,3931200000,200000,14239631000,146004,48.94
04/11/2020,-161790,-11513390000,71.7(0.99 %),437440,31359060000,599230,42872450000,4,49.0
05/11/2020,210480,15348650000,72.6(1.26 %),420480,30888650000,210000,15540000000,4,49.0
06/11/2020,-218180,-16112068000,73.3(0.96 %),200000,14796980000,418180,30909048000,315494,48.86
09/11/2020,-5150,-337370000,74(0.95 %),279850,20784440000,285000,21121810000,4,49.0
10/11/2020,0,0,73(-1.35 %),115000,8682500000,115000,8682500000,320644,48.86
11/11/2020,67120,4879430000,71.9(-1.51 %),267120,19276680000,200000,14397250000,151060,48.93
12/11/2020,-90960,-6605870000,73.6(2.36 %),139550,10055940000,230510,16661810000,176510,48.92
13/11/2020,170690,12608627000,73.8(0.27 %),170690,12608627000,0,0,173794,48.92
16/11/2020,45730,3622770000,72.1(-2.30 %),196120,14509820000,150390,10887050000,0,49.0
17/11/2020,229490,16779740000,74(2.64 %),680630,49870470000,451140,33090730000,0,49.0
18/11/2020,-810,-59697000,73.5(-0.68 %),90520,6716584000,91330,6776281000,0,49.0
19/11/2020,125970,9387010000,74(0.68 %),129050,9614230000,3080,227220000,0,49.0
20/11/2020,-510,-37330000,73.6(-0.54 %),1020,75480000,1530,112810000,0,49.0
23/11/2020,310,21690000,76.7(4.21 %),250810,19059940000,250500,19038250000,129250,48.94
24/11/2020,3080,237160000,75.9(-1.04 %),383144,29175861878,380064,28938701878,126170,48.94
25/11/2020,1160,90320000,76.2(0.40 %),1530,118580000,370,28260000,0,49.0
26/11/2020,400,30380000,76.2(0.00 %),150500,11737950000,150100,11707570000,0,49.0
27/11/2020,0,0,78.8(3.41 %),0,0,0,0,0,49.0
30/11/2020,220,17676000,77.9(-1.14 %),370,29526000,150,11850000,370,49.0
01/12/2020,100,7700000,78(0.13 %),200100,15887700000,200000,15880000000,0,49.0
02/12/2020,0,0,77(-1.28 %),15000,11910000000,15000,11910000000,0,49.0
03/12/2020,150,11550000,77.5(0.65 %),150,11550000,0,0,0,49.0
04/12/2020,0,0,78.5(1.29 %),100000,8000000000,100000,8000000000,0,49.0
07/12/2020,-1000,-78500000,78.5(0.00 %),0,0,1000,78500000,0,49.0
08/12/2020,0,0,78.5(0.00 %),0,0,0,0,0,49.0
09/12/2020,0,0,78.4(-0.13 %),10000,7840300000,10000,7840300000,0,49.0
10/12/2020,0,0,73(-6.89 %),0,0,0,0,0,49.0
11/12/2020,0,0,77.4(6.03 %),0,0,0,0,0,49.0
14/12/2020,0,0,77.6(0.26 %),0,0,0,0,0,49.0
15/12/2020,0,0,77.1(-0.64 %),0,0,0,0,0,49.0
16/12/2020,0,0,77.6(0.65 %),13310,10589300000,13310,10589300000,0,49.0
17/12/2020,-6712,-5086410000,75.8(-2.32 %),11847,9833010000,18559,14919420000,0,49.0
18/12/2020,0,0,77.3(1.98 %),0,0,0,0,0,49.0
21/12/2020,0,0,77.3(0.00 %),0,0,0,0,0,49.0
22/12/2020,67120,5221940000,78.3(1.29 %),107120,8421940000,40000,3200000000,0,49.0
23/12/2020,0,0,78(-0.38 %),0,0,0,0,0,49.0
24/12/2020,-4540,-349676000,76.9(-1.41 %),140000,11200000000,144540,11549676000,0,49.0
25/12/2020,-540,-41810000,77.7(1.04 %),0,0,540,41810000,0,49.0
28/12/2020,-840,-65420000,77.8(0.13 %),0,0,840,65420000,0,49.0
29/12/2020,4300,335480000,78.5(0.90 %),4540,354120000,240,18640000,0,49.0
30/12/2020,430,33970430,80.4(2.42 %),275540,22237035540,275110,22203065110,0,49.0
31/12/2020,790,63768000,81(0.75 %),840,67788000,50,4020000,0,49.0
04/01/2021,20,16290000,81.7(0.86 %),22365,18786090000,22345,18769800000,40,49.0
05/01/2021,100,8100000,81.3(-0.49 %),100,8100000,0,0,-60,49.0
06/01/2021,10,8200000,81.2(-0.12 %),10,8200000,0,0,0,49.0
07/01/2021,0,0,81.6(0.49 %),0,0,0,0,0,49.0
08/01/2021,0,0,82.4(0.98 %),0,0,0,0,100,49.0
11/01/2021,0,0,82.7(0.36 %),250000,21375000000,250000,21375000000,100,49.0
12/01/2021,0,0,82.9(0.24 %),17100,14569200000,17100,14569200000,0,49.0
13/01/2021,0,0,82.7(-0.24 %),22469,19098650000,22469,19098650000,0,49.0
14/01/2021,-10,-8190000,82.1(-0.73 %),0,0,10,8190000,0,49.0
15/01/2021,0,0,82.5(0.49 %),35330,29853850000,35330,29853850000,0,49.0
18/01/2021,1136100,97100450000,83.9(1.70 %),1192100,101860450000,56000,4760000000,-1135900,50.01
19/01/2021,10,8330000,79(-5.84 %),11127,9335490000,11117,9327160000,98,49.0
20/01/2021,0,0,80.5(1.90 %),0,0,0,0,98,49.0
21/01/2021,0,0,82.4(2.36 %),0,0,0,0,98,49.02
22/01/2021,0,0,84(1.94 %),0,0,0,0,98,49.0
25/01/2021,0,0,87(3.57 %),0,0,0,0,98,49.0
26/01/2021,-100,-8590000,85(-2.30 %),0,0,100,8590000,198,49.0
27/01/2021,0,0,83.5(-1.76 %),5000,4377500000,5000,4377500000,98,49.0
28/01/2021,-18000,-1413870000,77.7(-6.95 %),339500,28981050000,357500,30394920000,18198,48.99
29/01/2021,100,7500000,83.1(6.95 %),100,7500000,0,0,18098,48.99
01/02/2021,0,0,78.8(-5.17 %),0,0,0,0,98,49.0
02/02/2021,18000,1404000000,81.5(3.43 %),118000,9404000000,100000,8000000000,0,49.02
03/02/2021,0,0,82.9(1.72 %),0,0,0,0,98,49.0
04/02/2021,-5600,-4640700000,82.9(0.00 %),44000,36240000000,49600,40880700000,98,49.0
05/02/2021,0,0,83.9(1.21 %),0,0,0,0,56098,48.99
08/02/2021,-2200,-184380000,80.9(-3.58 %),0,0,2200,184380000,58298,48.99
09/02/2021,40000,3300000000,83.6(3.34 %),40000,3300000000,0,0,18298,49.01
17/02/2021,0,0,86.5(3.47 %),0,0,0,0,18298,49.01
18/02/2021,2200,191400000,87.5(1.16 %),2200,191400000,0,0,16098,49.01
19/02/2021,0,0,86.9(-0.69 %),0,0,0,0,0,49.0
22/02/2021,-8360,-7173430000,85.1(-2.07 %),23300,20465300000,31660,27638730000,0,49.0
23/02/2021,-183400,-15366730000,83.5(-1.88 %),0,0,183400,15366730000,283098,48.89
24/02/2021,-11700,-983970000,82.8(-0.84 %),777100,65617489600,788800,66601459600,294798,48.89
25/02/2021,71500,6006000000,84(1.45 %),356400,30222500000,284900,24216500000,223298,48.92
26/02/2021,9720,8332710000,84.9(1.07 %),63235,53860800000,53515,45528090000,90,49.0
01/03/2021,-5760,-4846350000,84.7(-0.24 %),1170,1006200000,6930,5852550000,90,49.0
02/03/2021,0,0,84(-0.83 %),264900,22781400000,264900,22781400000,11790,49.01
03/03/2021,4380,3725320000,84.6(0.71 %),48130,41119250000,43750,37393930000,0,49.0
04/03/2021,35900,3102770000,83.8(-0.95 %),386900,33273400000,351000,30170630000,80,49.02
05/03/2021,0,0,83.8(0.00 %),107300,8991740000,107300,8991740000,80,49.02
08/03/2021,-13300,-1116080000,83.6(-0.24 %),220700,18754700000,234000,19870780000,13380,49.01
09/03/2021,4700,390580000,83.5(-0.12 %),42700,3608600000,38000,3218020000,8680,49.01
10/03/2021,-77000,-6433890000,83.6(0.12 %),20000,1700000000,97000,8133890000,85680,48.98
11/03/2021,530,447850000,84(0.48 %),20530,17447850000,20000,17000000000,80,49.0
12/03/2021,0,0,83.6(-0.48 %),40010,34058550000,40010,34058550000,0,49.0
15/03/2021,7700,6506500000,84.1(0.60 %),25700,21752500000,18000,15246000000,0,49.0
16/03/2021,0,0,83.5(-0.71 %),64900,5516500000,64900,5516500000,3380,49.01
17/03/2021,-19900,-1660800000,83.6(-0.36 %),124100,10573320000,144000,12234120000,23280,49.01
18/03/2021,-1600,-1341390000,84.9(1.56 %),10000,8470000000,11600,9811390000,0,49.0
19/03/2021,-2620,-2206960000,84.6(-0.35 %),0,0,2620,2206960000,0,49.0
22/03/2021,7400,626040000,84.2(-0.47 %),7400,626040000,0,0,58080,48.99
23/03/2021,0,0,84.2(0.00 %),0,0,0,0,58080,48.99
24/03/2021,-5460,-4674700000,84.1(-0.12 %),21820,18505990000,27280,23180690000,0,49.0
25/03/2021,0,0,85(1.07 %),37000,3138044000,37000,3138044000,112680,48.97
26/03/2021,0,0,84.9(-0.12 %),0,0,0,0,112680,48.97
29/03/2021,500,42420000,85(0.12 %),1500,127510000,1000,85090000,112180,48.97
30/03/2021,56300,4906300000,84.5(-0.59 %),219100,18913700000,162800,14007400000,55880,48.99
31/03/2021,-10,-8450000,84.5(0.00 %),15000,12900000000,15010,12908450000,10,49.0
01/04/2021,0,0,85.5(1.18 %),0,0,0,0,55980,48.99
02/04/2021,3800,328810000,88.7(3.74 %),3900,337410000,100,8600000,52180,48.99
05/04/2021,30,26750000,88.8(0.11 %),30,26750000,0,0,10700,49.0
06/04/2021,1070,950160000,89(0.23 %),50000,45965760000,48930,45015600000,0,49.0
07/04/2021,-2570,-2265120000,88.5(-0.56 %),10,8810000,2580,2273930000,0,49.0
08/04/2021,0,0,88.5(0.00 %),0,0,0,0,0,49.0
09/04/2021,0,0,90.3(2.03 %),220000,19836000000,220000,19836000000,66880,48.99
12/04/2021,-5130,-4736770000,91.8(1.66 %),6670,6159770000,11800,10896540000,5,49.0
13/04/2021,-103300,-9372560000,90.7(-1.20 %),305700,28430100000,409000,37802660000,221480,48.92
14/04/2021,0,0,91.5(0.88 %),15860,14829100000,15860,14829100000,0,49.0
15/04/2021,34600,3176870000,92(0.55 %),41100,3780870000,6500,604000000,186880,45.93
16/04/2021,-24860,-22812200000,90.9(-1.20 %),37030,34286360000,61890,57098560000,0,49.0
19/04/2021,-29990,-28039670000,94(3.41 %),0,0,29990,28039670000,0,49.0
20/04/2021,-15120,-14301440000,94.4(0.43 %),59459,56106480000,74579,70407920000,0,49.0
22/04/2021,29220,27415010000,93.9(-0.53 %),33360,31306610000,4140,3891600000,44300,48.98
23/04/2021,-4010,-4118000000,96(2.24 %),66520,63097740000,70530,67215740000,0,49.0
26/04/2021,10120,9636390000,95(-1.04 %),15120,14375970000,5000,4739580000,0,49.0
27/04/2021,-770,-757400000,96(1.05 %),10440,9674780000,11210,10432180000,0,49.0
28/04/2021,318800,30478850000,95.7(-0.31 %),376300,35963370000,57500,5484520000,222180,48.92
29/04/2021,-78600,-7762230000,98(2.40 %),46400,4427350000,125000,12189580000,300780,48.88
04/05/2021,28700,2776920000,95.2(-2.86 %),28800,2786520000,100,9600000,45200,49.0
05/05/2021,6980,6762720000,97(1.89 %),12050,11731320000,5070,4968600000,80,49.0
06/05/2021,-380,-359460000,96(-1.03 %),15920,15564480000,16300,15923940000,79980,48.96
07/05/2021,7900,7539630000,95.5(-0.52 %),8000,7635130000,100,95500000,80,49.0
10/05/2021,-100,-94200000,93.6(-1.99 %),28120,26417620000,28220,26511820000,0,49.0
11/05/2021,3410,3240600000,94(0.43 %),10690,10155500000,7280,6914900000,0,49.0
12/05/2021,800,75740000,95.8(1.91 %),67410,6395946440,66610,6320206440,8180,49.01
13/05/2021,-31100,-2958280000,94.3(-1.57 %),295900,28233298500,327000,31191578500,39280,49.0
14/05/2021,-37700,-3558360000,94.2(-0.11 %),1000,94430000,38700,3652790000,76980,48.98
17/05/2021,-40,-38130000,94(-0.21 %),0,0,40,38130000,0,49.0
18/05/2021,1790,1697440000,93.5(-0.53 %),68570,64354360000,66780,62656920000,0,49.0
19/05/2021,-4800,-4465130000,93.5(0.00 %),220,204860000,5020,4669990000,32500,48.99
20/05/2021,2780,2641430000,99.3(6.20 %),2810,2670730000,30,29300000,0,49.0
21/05/2021,-35900,-3730630000,101.8(2.52 %),13200,1313760000,49100,5044390000,115580,48.97
24/05/2021,23100,2380100000,101.9(0.10 %),499200,51661146000,476100,49281046000,92480,48.98
25/05/2021,-2273,-2297670000,101.9(0.00 %),81590,84639380000,83863,86937050000,0,49.0
26/05/2021,1820,1952210000,101.8(-0.10 %),7580,7868470000,5760,5916260000,0,49.0
27/05/2021,27100,2791300000,101.6(-0.20 %),27100,2791300000,0,0,49880,48.99
28/05/2021,2240,2257470000,101(-0.59 %),18950,19558120000,16710,17300650000,23,49.0
31/05/2021,-29200,-2897850000,100.9(-0.10 %),974900,98611860000,1004100,101509710000,56680,48.99
01/06/2021,-500,-50270000,100.5(-0.40 %),0,0,500,50270000,23,49.02
02/06/2021,-116800,-11934710000,100.5(0.00 %),420000,42527800000,536800,54462510000,116823,48.97
03/06/2021,3190,3285780000,101.2(0.70 %),35410,36054090000,32220,32768310000,0,49.0
04/06/2021,-3000,-301890000,100.6(-0.59 %),500,50320000,3500,352210000,87923,48.98
07/06/2021,67800,6880640000,99.6(-0.99 %),330000,33278384600,262200,26397744600,20123,49.01
08/06/2021,-34600,-3444050000,96(-3.61 %),51200,5160100000,85800,8604150000,54723,48.99
09/06/2021,120,116350000,95.8(-0.21 %),350,335300000,230,218950000,0,49.0
10/06/2021,2090,2056950000,95.8(0.00 %),3150,3080700000,1060,1023750000,0,49.0
11/06/2021,40400,3797980000,96.9(1.15 %),124250,11910605000,83850,8112625000,-7777,49.02
14/06/2021,300,29400000,97(0.10 %),45500,4545400000,45200,4516000000,0,49.02
15/06/2021,-5920,-5730510000,96(-1.03 %),4080,3982500000,10000,9713010000,0,49.0
16/06/2021,-3920,-3736080000,95.1(-0.94 %),19780,19325200000,23700,23061280000,0,49.0
17/06/2021,-22900,-2192130000,95.5(0.42 %),1400,133000000,24300,2325130000,39300,49.0
18/06/2021,5580,5516240000,98(2.62 %),24630,24016740000,19050,18500500000,0,49.0
21/06/2021,1310,1316430000,98.1(0.10 %),64810,63800400000,63500,62483970000,0,49.0
22/06/2021,2410,2385940000,98.5(0.41 %),66430,65608100000,64020,63222160000,0,49.0
23/06/2021,650,645450000,98.8(0.30 %),3820,3815450000,3170,3170000000,0,49.0
24/06/2021,3500,3458000000,98.1(-0.71 %),6550,6508000000,3050,3050000000,0,49.0
25/06/2021,-7000,-683920000,97.4(-0.71 %),200,19610000,7200,703530000,200,49.02
28/06/2021,0,0,98.1(0.72 %),39900,39475040000,39900,39475040000,0,49.0
29/06/2021,0,0,98.6(0.51 %),0,0,0,0,200,49.02
30/06/2021,-5000,-5000540000,100.1(1.52 %),2000,2020000000,7000,7020540000,0,49.0
01/07/2021,-10600,-1056270000,100.2(0.10 %),20000,2020000000,30600,3076270000,60800,48.99
02/07/2021,-100,-9960000,99.5(-0.70 %),0,0,100,9960000,60900,48.99
05/07/2021,3000,3045000000,99.3(-0.20 %),43100,43556000000,40100,40511000000,0,49.0
06/07/2021,-1630,-1688830000,99.6(0.30 %),1060,1061710000,2690,2750540000,0,49.0
07/07/2021,-180200,-18667400000,106.5(6.93 %),100,10000000,180300,18677400000,227400,48.92
08/07/2021,-2500,-2624780000,105.6(-0.85 %),75000,79755360000,77500,82380140000,0,49.0
09/07/2021,-109400,-11756090000,105.5(-0.09 %),418100,44544658800,527500,56300748800,361800,48.86
12/07/2021,171300,18056070000,102.1(-3.22 %),172300,18156760000,1000,100690000,190500,48.93
13/07/2021,-28400,-2749860000,99.2(-2.84 %),336000,34421917200,364400,37171777200,218900,48.92
14/07/2021,130300,13355750000,96(-3.23 %),130300,13355750000,0,0,88600,48.98
15/07/2021,0,0,95.1(-0.94 %),0,0,0,0,88600,48.98
16/07/2021,6220,5971200000,96(0.95 %),8220,7931200000,2000,1960000000,0,49.0
19/07/2021,0,0,91.6(-4.58 %),0,0,0,0,26400,49.0
20/07/2021,-28500,-2565490000,92(0.44 %),142500,13046723600,171000,15612213600,54900,48.99
21/07/2021,-3900,-3526390000,91.2(-0.87 %),6790,6246800000,10690,9773190000,90,49.0
22/07/2021,-2500,-2292370000,93.1(2.08 %),0,0,2500,2292370000,90,49.0
23/07/2021,28500,2676150000,91(-2.26 %),28500,2676150000,0,0,90400,48.98
26/07/2021,-19900,-18037380000,90.7(-0.33 %),23900,21668810000,43800,39706190000,90,49.0
27/07/2021,2500,2297500000,90.1(-0.66 %),52500,47547500000,50000,45250000000,90,49.0
28/07/2021,-1480,-1333480000,90.1(0.00 %),10000,9002600000,11480,10336080000,90,49.0
29/07/2021,188000,17465200000,93(3.22 %),228000,21181200000,40000,3716000000,91200,48.98
30/07/2021,-73800,-7013800000,95.8(3.01 %),523500,50584000000,597300,57597800000,165000,48.94
02/08/2021,14800,1416360000,95.6(-0.21 %),14800,1416360000,0,0,14890,49.01
03/08/2021,39900,3850460000,96.5(0.94 %),40000,3860000000,100,9540000,-25010,49.03
04/08/2021,8500,921970000,96.5(0.00 %),73800,7217640000,65300,6295670000,73890,48.98
05/08/2021,0,0,95.8(-0.73 %),0,0,0,0,73890,48.98
06/08/2021,100,9540000,96.2(0.42 %),100,9540000,0,0,73790,48.98
09/08/2021,3800,454210000,96.5(0.31 %),103800,10073838000,100000,9619628000,69990,48.99
10/08/2021,-130000,-12450570000,95.8(-0.73 %),0,0,130000,12450570000,199990,48.93
11/08/2021,0,0,95.4(-0.42 %),0,0,0,0,199990,48.93
12/08/2021,54500,5227400000,94.5(-0.94 %),154500,14816550000,100000,9589150000,145490,48.95
13/08/2021,102700,9680193900,94.5(0.00 %),186800,17607207600,84100,7927013700,42790,49.0
16/08/2021,-77900,-7331170000,94.5(0.00 %),0,0,77900,7331170000,120690,48.96
17/08/2021,7000,663600000,95.5(1.06 %),7000,663600000,0,0,28790,49.0
18/08/2021,-178300,-16984820000,94.7(-0.84 %),574100,54672404000,752400,71657224000,207090,48.93
19/08/2021,-6800,-635550000,94(-0.74 %),847800,79676657500,854600,80312207500,213890,48.92
20/08/2021,-70000,-6463050000,91.5(-2.66 %),0,0,70000,6463050000,283890,48.89
23/08/2021,106300,9587510000,88.5(-3.28 %),255600,22950160000,149300,13362650000,177590,48.94
24/08/2021,70400,6270440000,88.3(-0.23 %),77500,6902680000,7100,632240000,107190,48.97
25/08/2021,-32100,-2864160000,89(0.79 %),40500,3578240000,72600,6442400000,139290,48.96
26/08/2021,-211100,-18608630000,86.2(-3.15 %),521400,48849670000,732500,67458300000,350390,48.86
27/08/2021,-725700,-62268080000,85.8(-0.46 %),80700,6953902400,806400,69221982400,1076090,48.54
30/08/2021,-401600,-34660830000,86.4(0.70 %),72600,6265630000,474200,40926460000,1477690,48.37
31/08/2021,-230100,-19808510000,86(-0.46 %),69200,5951890000,299300,25760400000,1707790,48.27
01/09/2021,-213700,-18202780000,85.3(-0.81 %),494000,42052780000,707700,60255560000,635080,48.74
06/09/2021,-59200,-5098570000,86.5(1.41 %),692100,59636755200,751300,64735325200,694280,48.71
07/09/2021,-215500,-18611550000,86.2(-0.35 %),424600,36704910000,640100,55316460000,909780,48.62
08/09/2021,-82700,-7119890000,86.2(0.00 %),421700,36300410200,504400,43420300200,992480,48.58
09/09/2021,-185300,-15968780000,90.5(4.99 %),496100,43683020000,681400,59651800000,1177780,48.5
10/09/2021,522400,48012370000,94(3.87 %),596200,54804860000,73800,6792490000,655380,48.73
13/09/2021,19900,1860390000,92(-2.13 %),187900,17455410000,168000,15595020000,635480,48.74
14/09/2021,-312600,-28197820000,89(-3.26 %),78500,7080640000,391100,35278460000,948080,48.6
15/09/2021,-196500,-17877580000,91.9(3.26 %),55500,5031010000,252000,22908590000,1144580,48.51
16/09/2021,107600,9916720000,93(1.20 %),378600,35024010000,271000,25107290000,1036980,48.56
17/09/2021,-13100,-1211760000,92.5(-0.54 %),56700,5247450000,69800,6459210000,1050080,48.55
20/09/2021,15000,1363850000,91(-1.62 %),16000,1454930000,1000,91080000,1035080,48.56
21/09/2021,-8200,-735180000,90.1(-0.99 %),10000,896000000,18200,1631180000,1043280,48.56
22/09/2021,158400,14715620000,93.1(3.33 %),233700,21712410000,75300,6996790000,884880,48.63
23/09/2021,300,16950000,92.2(-0.97 %),97000,8979400000,96700,8962450000,884580,48.63
24/09/2021,100700,9244600000,92(-0.22 %),113500,10423210000,12800,1178610000,783880,48.67
27/09/2021,49800,4559820000,91(-1.09 %),166300,15340500000,116500,10780680000,734080,48.69
28/09/2021,-70300,-6492530000,93(2.20 %),334700,30730770000,405000,37223300000,804380,48.66
29/09/2021,-41900,-3898020000,93.3(0.32 %),57900,5365220000,99800,9263240000,846280,48.64
30/09/2021,105200,10484160000,98.7(5.79 %),575600,56066590000,470400,45582430000,741080,48.69
01/10/2021,142300,14073120000,99(0.30 %),879797,86753384800,737497,72680264800,1405080,48.4
04/10/2021,5300,505100000,98.8(-0.20 %),84300,8326380000,79000,7821280000,1399780,48.4
05/10/2021,34000,3302160000,97(-1.82 %),47600,4624220000,13600,1322060000,1365780,48.42
06/10/2021,12200,1190260000,98.1(1.13 %),25000,2433690000,12800,1243430000,1353580,0.0
07/10/2021,-42200,-4135570000,97(-1.12 %),190400,18570980000,232600,22706550000,1395780,0.0
08/10/2021,58000,5725370000,99.5(2.58 %),95800,9423230000,37800,3697860000,1337780,0.0
11/10/2021,231100,22477005900,102(2.51 %),231100,22477005900,0,0,1106680,0.0
12/10/2021,56000,5656710000,100(-1.96 %),118900,12011590000,62900,6354880000,1050680,0.0
13/10/2021,72400,7316240000,101(1.00 %),112600,11376060000,40200,4059820000,978280,0.0
14/10/2021,-5000,-496340000,101(0.00 %),335200,33820180000,340200,34316520000,983280,0.0
15/10/2021,86600,8719080000,100.5(-0.50 %),244200,24626340000,157600,15907260000,896680,0.0
18/10/2021,-55500,-5605040000,99(-1.49 %),145100,14412870000,200600,20017910000,952180,0.0
19/10/2021,-92000,-9009020000,98(-1.01 %),56000,5539490000,148000,14548510000,1044180,0.0
20/10/2021,-348800,-34292840000,99(1.02 %),256100,25319760000,604900,59612600000,1392980,0.0
21/10/2021,-155900,-15391830000,98(-1.01 %),156200,15473250000,312100,30865080000,1200080,0.0
22/10/2021,-30900,-3036370000,99(1.02 %),13900,1370070000,44800,4406440000,1230980,0.0
25/10/2021,-50700,-5044560000,99.1(0.10 %),75100,7469560000,125800,12514120000,1281680,0.0
26/10/2021,-310300,-30600260000,98.3(-0.81 %),268400,26460830000,578700,57061090000,1591980,0.0
27/10/2021,-25700,-2512650000,101.9(3.66 %),727400,72962030000,753100,75474680000,1617680,0.0
28/10/2021,-50500,-5087730000,101.6(-0.29 %),111100,11390620000,161600,16478350000,1668180,48.28
29/10/2021,18100,1780380000,104(2.36 %),191300,19609690000,173200,17829310000,1650080,48.29
01/11/2021,-145800,-14812100000,101.1(-2.79 %),90200,9291330000,236000,24103430000,2111591,48.09
02/11/2021,-5100,-532590000,105(3.86 %),108800,11051190000,113900,11583780000,2116691,48.09
03/11/2021,-30800,-3165190000,104.5(-0.48 %),272600,28126010000,303400,31291200000,2147491,0.0
04/11/2021,0,0,104(-0.48 %),0,0,0,0,2116691,48.09
05/11/2021,0,0,108(3.85 %),0,0,0,0,2116691,48.09
08/11/2021,84300,9150290000,108(0.00 %),113500,12279760000,29200,3129470000,2032391,48.12
09/11/2021,248200,26366310000,106(-1.85 %),368100,39080620000,119900,12714310000,1784191,48.23
10/11/2021,0,0,103(-2.83 %),0,0,0,0,1784191,48.23
11/11/2021,-201100,-21172940000,104.5(1.46 %),207400,21676540000,408500,42849480000,1985291,48.14
12/11/2021,32700,4132720000,109.9(5.17 %),236500,25456940000,203800,21324220000,1952591,48.16
15/11/2021,-15900,-1803200000,110.8(0.82 %),83800,9201900000,99700,11005100000,1968491,48.15
16/11/2021,-63200,-6890470000,108(-2.53 %),254200,27673010000,317400,34563480000,2031691,48.12
17/11/2021,-210000,-22395020000,106.4(-1.48 %),133700,14287420000,343700,36682440000,2241691,48.03
18/11/2021,72200,7749140000,106.2(-0.19 %),88700,9515300000,16500,1766160000,2169491,48.06
19/11/2021,-346400,-36471340000,102.3(-3.67 %),14800,1545090000,361200,38016430000,2515891,47.91
22/11/2021,44000,4591740000,104(1.66 %),147600,15342580000,103600,10750840000,2471891,47.93
23/11/2021,55500,5767030000,105.7(1.63 %),131600,13652460000,76100,7885430000,2416391,47.95
24/11/2021,-21600,-2262150000,105.7(0.00 %),3400,357460000,25000,2619610000,2437991,47.94
25/11/2021,44500,4721590000,104.1(-1.51 %),204600,21568300000,160100,16846710000,2393491,47.96
26/11/2021,-369000,-38037860000,101.5(-2.50 %),5500,563630000,374500,38601490000,2762491,0.0
29/11/2021,0,0,98.1(-3.35 %),0,0,0,0,2762491,47.8
30/11/2021,-241000,-23538520000,97.9(-0.20 %),330900,32427500000,571900,55966020000,3003491,47.7
01/12/2021,-98900,-9665530000,97.3(-0.61 %),48100,4711760000,147000,14377290000,2417274,47.95
02/12/2021,-52300,-5078720000,97.4(0.10 %),68400,6675670000,120700,11754390000,2469574,47.93
03/12/2021,40200,3894920000,94(-3.49 %),136400,13225850000,96200,9330930000,2429374,47.95
06/12/2021,89200,8402720000,91.2(-2.98 %),196700,18512800000,107500,10110080000,2340174,47.99
07/12/2021,-250900,-23141730000,93.8(2.85 %),249700,23123990000,500600,46265720000,2591074,47.88
08/12/2021,26500,2523550000,96.6(2.99 %),186400,17939970000,159900,15416420000,2564574,0.0
09/12/2021,29100,2857260000,98.5(2.60 %),58200,5733790000,29100,2876530000,2535474,0.0
10/12/2021,-48000,-4654160000,97.3(-1.22 %),6200,600740000,54200,5254900000,2583474,47.88
13/12/2021,113000,11053150000,98.5(1.23 %),188200,18395870000,75200,7342720000,2470474,47.93
14/12/2021,-2900,-278380000,96.2(-2.34 %),23100,2251570000,26000,2529950000,2473374,47.95
15/12/2021,7000,674730000,96(-0.21 %),9800,943900000,2800,269170000,2466374,47.95
16/12/2021,-50200,-4712390000,93.7(-2.40 %),43300,4125750000,93500,8838140000,2516574,47.93
17/12/2021,31900,3046140000,95.5(1.92 %),108300,10321740000,76400,7275600000,2484674,47.94
20/12/2021,-245400,-23236770000,94.2(-1.36 %),29800,2817610000,275200,26054380000,2730074,47.84
21/12/2021,93100,8744500000,94.8(0.64 %),105600,9917930000,12500,1173430000,2636974,0.0
22/12/2021,-20700,-1967000000,94.5(-0.32 %),47700,4538320000,68400,6505320000,2657674,47.87
23/12/2021,-81100,-7554800000,93.7(-0.85 %),36000,3384330000,117100,10939130000,2738774,0.0
24/12/2021,66300,6256731000,94.7(1.07 %),82900,7823273000,16600,1566542000,2591374,0.0
27/12/2021,-23700,-2232910000,96(1.37 %),30500,2900060000,54200,5132970000,4283136,47.12
28/12/2021,47100,4511690000,95.6(-0.42 %),158000,15072380000,110900,10560690000,4236036,47.17
29/12/2021,-29100,-2744830000,93.2(-2.51 %),17000,1599670000,46100,4344500000,4175436,47.17
30/12/2021,-54500,-5054950000,92.5(-0.75 %),126400,11816570000,180900,16871520000,4159936,47.17
31/12/2021,207000,20052330000,96.2(4.00 %),400000,38376820000,193000,18324490000,3806036,47.33
04/01/2022,95600,9198500000,96.5(0.31 %),155400,14933510000,59800,5735010000,3831536,47.32
05/01/2022,203200,19577050000,95.1(-1.45 %),321300,30963010000,118100,11385960000,3703236,47.37
06/01/2022,-127000,-12054720000,94.6(-0.53 %),53300,5053840000,180300,17108560000,3709736,47.37
07/01/2022,-108100,-10152850000,93.9(-0.74 %),51200,4809720000,159300,14962570000,3773636,47.34
10/01/2022,-139500,-13106199600,93.2(-0.75 %),195300,16933508600,334800,30039708200,3758836,47.35
11/01/2022,27700,2635750000,94.1(0.97 %),147200,13772120000,119500,11136370000,3770936,47.34
12/01/2022,-114900,-10660540000,92.7(-1.49 %),94600,8798250000,209500,19458790000,4011136,47.24
13/01/2022,-44000,-4143390000,94.1(1.51 %),56600,5316280000,100600,9459670000,4072036,47.21
14/01/2022,-86800,-8094090000,93.9(-0.21 %),29800,2798160000,116600,10892250000,4232736,47.14
17/01/2022,-4300,-433090000,93.5(-0.43 %),215100,20011700000,219400,20444790000,4169236,47.17
18/01/2022,-4700,-411920000,93.3(-0.21 %),73800,6860940000,78500,7272860000,4212036,47.15
19/01/2022,-109100,-10091670000,92.3(-1.07 %),3100,288590000,112200,10380260000,4362836,47.08
20/01/2022,22100,2089620000,94(0.43 %),88900,8363040000,66800,6273420000,4352426,47.09
21/01/2022,272100,25841380000,95.5(1.17 %),426000,40456820000,153900,14615440000,4030987,47.23
24/01/2022,360000,34820490000,96.9(1.47 %),411400,39782440000,51400,4961950000,3686387,47.38
25/01/2022,275500,26685910000,97(0.10 %),365100,35389240000,89600,8703330000,3475157,47.47
26/01/2022,-435700,-43244766000,101(4.12 %),685900,65922498000,1121600,109167264000,2841257,47.75
27/01/2022,-334600,-33797970000,101(0.00 %),240700,24293680000,575300,58091650000,2688657,47.82
28/01/2022,90200,9179350000,104(2.97 %),124100,12632120000,33900,3452770000,3683757,47.38
07/02/2022,565000,60286950000,107.3(3.17 %),658600,70114150000,93600,9827200000,3597457,47.42
08/02/2022,48600,5094070000,105(-2.14 %),243300,25764610000,194700,20670540000,3388057,47.51
09/02/2022,-81000,-8375250000,103.3(-1.62 %),432200,44788110000,513200,53163360000,3051457,47.66
10/02/2022,130800,13491600000,103.3(0.00 %),358900,36900470000,228100,23408870000,2907257,47.72
11/02/2022,132300,13621320000,104.8(1.45 %),168500,17376380000,36200,3755060000,3239957,47.58
14/02/2022,-16500,-1746140000,104.6(-0.19 %),113400,11891070000,129900,13637210000,3354657,47.53
15/02/2022,148200,15488070000,105.5(0.86 %),174900,18300210000,26700,2812140000,3215957,47.59
16/02/2022,226500,23973350000,106.3(0.76 %),331700,35072000000,105200,11098650000,3007151,47.68
17/02/2022,345000,37053770000,107.9(1.51 %),412200,44271920000,67200,7218150000,2623651,47.85
18/02/2022,261800,28206520000,107(-0.83 %),273700,29485020000,11900,1278500000,2455151,47.92
21/02/2022,244700,25959240000,106.5(-0.47 %),284700,30184440000,40000,4225200000,2212351,48.03
22/02/2022,-96100,-11492040000,110(3.29 %),404400,43772400000,500500,55264440000,1869851,48.18
23/02/2022,74500,8128950000,109.6(-0.36 %),484700,53745700000,410200,45616750000,1425151,48.37
24/02/2022,22700,2513530000,109(-0.55 %),381500,41971880000,358800,39458350000,1505651,48.34
25/02/2022,259500,28217620000,107.8(-1.10 %),421400,45729390000,161900,17511770000,1572951,48.31
28/02/2022,-460800,-48528840000,103(-4.45 %),14500,1526340000,475300,50055180000,1902751,48.16
01/03/2022,95300,9790680000,105(1.94 %),331700,34366770000,236400,24576090000,1732951,48.24
02/03/2022,-168900,-17275590000,103.4(-1.52 %),64300,6633380000,233200,23908970000,2143951,48.06
03/03/2022,161900,16833200000,104(0.58 %),303000,31539370000,141100,14706170000,2073851,48.09
04/03/2022,659200,69615710000,106.2(2.12 %),1175500,124073470000,516300,54457760000,1131551,48.5
07/03/2022,-109100,-11580630000,108(2.27 %),1354300,149045140000,1463400,160625770000,124551,48.95
08/03/2022,-193410,-20379467000,106(-1.85 %),324500,35239190000,517910,55618657000,512751,48.77
09/03/2022,138950,14978750000,110.5(4.25 %),1112700,122649620000,973750,107670870000,1237051,48.46
10/03/2022,232800,25229380000,108.3(-1.99 %),1226100,132900150400,993300,107670770400,1024461,48.55
11/03/2022,-75300,-7995910000,104.5(-3.51 %),308500,32549890000,383800,40545800000,1086711,48.52
14/03/2022,-218700,-21799020000,98.5(-5.74 %),183700,18564490000,402400,40363510000,1194711,48.48
15/03/2022,242100,24238360000,102.9(4.47 %),396500,39656630000,154400,15418270000,1182011,48.48
16/03/2022,263300,26955180000,102.8(-0.10 %),359700,36841560000,96400,9886380000,1224615,48.46
17/03/2022,501100,51561070000,103(0.19 %),523100,53821350000,22000,2260280000,855915,48.62
18/03/2022,217800,22802800000,103.5(0.49 %),355700,37164120000,137900,14361320000,596615,48.74
21/03/2022,390900,41060260000,105.6(2.03 %),795400,83771680000,404500,42711420000,345715,48.85
22/03/2022,343000,36975340000,107(1.33 %),645700,69876520000,302700,32901180000,137915,48.94
23/03/2022,81500,8993850000,105.1(-1.78 %),563900,60645800000,482400,51651950000,141515,48.94
24/03/2022,107800,11628270000,107(1.81 %),341500,36760970000,233700,25132700000,0,49.0
25/03/2022,-3000,-323000000,108.2(1.12 %),48000,5186928000,51000,5509928000,51900,48.98
28/03/2022,7600,846000000,108.2(0.00 %),51900,5709000000,44300,4863000000,33702,48.99
29/03/2022,-30100,-3343880000,110.5(2.13 %),33700,3707000000,63800,7050880000,3002,49.0
30/03/2022,-6000,-654170000,108.3(-1.99 %),1536600,181459884000,1542600,182114054000,44302,48.98
31/03/2022,41600,4599770000,110.5(2.03 %),44300,4895150000,2700,295380000,63802,48.97
01/04/2022,-128700,-15132710000,117.2(6.06 %),0,0,128700,15132710000,9002,49.0
04/04/2022,-130900,-15400490000,116.6(-0.51 %),200200,25032180000,331100,40432670000,0,49.0
05/04/2022,-17300,-2053300000,117.8(1.03 %),292200,36437340000,309500,38490640000,128700,48.94
06/04/2022,106900,12980040000,118.1(0.25 %),107700,13074780000,800,94740000,121900,48.95
07/04/2022,-50000,-5846640000,115.1(-2.54 %),0,0,50000,5846640000,171900,45.93
08/04/2022,7700,886120000,114.5(-0.52 %),285700,34214420000,278000,33328300000,0,49.0
12/04/2022,-146900,-16650420000,112.4(-1.83 %),0,0,146900,16650420000,0,34.0
13/04/2022,-141600,-15961190000,116(3.20 %),632800,72910564400,774400,88871754400,44000,48.98
14/04/2022,-41800,-5047440000,117(0.86 %),6500,763100000,48300,5810540000,140900,48.94
15/04/2022,140900,0,117.1(0.09 %),140900,0,0,0,184818,48.92
18/04/2022,22600,2481760000,123.5(5.47 %),356300,42957680000,333700,40475920000,46818,48.98
19/04/2022,-78900,-9606730000,118.9(-3.72 %),230200,28452720000,309100,38059450000,18,49.0
20/04/2022,-32400,-3880960000,118.9(0.00 %),175000,21487210000,207400,25368170000,173300,48.96
21/04/2022,84600,10269220000,119(0.08 %),247300,29907780000,162700,19638560000,118718,48.95
22/04/2022,118700,14350830000,115(-3.36 %),219000,26386830000,100300,12036000000,32418,48.99
25/04/2022,13500,1499580000,107(-6.96 %),76400,8670300000,62900,7170720000,70618,48.97
26/04/2022,68700,7112200000,107.4(0.37 %),70600,7307100000,1900,194900000,18,49.0
27/04/2022,0,0,107(-0.37 %),0,0,0,0,18918,48.99
28/04/2022,-14500,-1586500000,106.2(-0.75 %),18900,2022300000,33400,3608800000,1918,49.0
29/04/2022,-900,-97250000,108(1.69 %),1900,202350000,2800,299600000,18,49.0
04/05/2022,-7100,-762350000,108.3(0.28 %),124900,13893876000,132000,14656226000,33418,48.99
05/05/2022,31600,3495540000,110(1.57 %),33400,3690700000,1800,195160000,1818,49.05
06/05/2022,2800,298200000,106.5(-3.18 %),2800,298200000,0,0,7118,49.0
09/05/2022,7100,703610000,99.1(-6.95 %),7100,703610000,0,0,1818,49.0
10/05/2022,1400,144200000,103(3.94 %),625400,64416200000,624000,64272000000,18,49.0
11/05/2022,0,0,107(3.88 %),0,0,0,0,18,49.05
12/05/2022,0,0,101.1(-5.51 %),0,0,0,0,18,49.05
13/05/2022,-20100,-1958810000,97.5(-3.56 %),660000,70086000000,680100,72044810000,0,49.0
16/05/2022,-9000,-882000000,98(0.51 %),117600,11524800000,126600,12406800000,0,49.0
17/05/2022,-10100,-1041310000,103.1(5.20 %),0,0,10100,1041310000,20189,48.99
18/05/2022,11500,1174150000,102.1(-0.97 %),20100,2052210000,8600,878060000,9089,49.0
19/05/2022,-2000,-204200000,102.1(0.00 %),418600,42739060000,420600,42943260000,10209,49.0
20/05/2022,10200,1081200000,106(3.82 %),32900,3487400000,22700,2406200000,8609,49.0
23/05/2022,600,62700000,104.5(-1.42 %),28600,2988700000,28000,2926000000,11009,49.0
24/05/2022,11000,1186900000,107.9(3.25 %),11000,1186900000,0,0,9,49.0
25/05/2022,0,1186900000,115.4(6.95 %),0,1186900000,0,0,8009,49.0
26/05/2022,7100,811530000,114.3(-0.95 %),8000,914400000,900,102870000,9,49.0
27/05/2022,-5000,-611500000,122.3(7.00 %),0,0,5000,611500000,9,49.0
30/05/2022,-490500,-59105250000,120.5(-1.47 %),510800,61551400000,1001300,120656650000,909,49.0
31/05/2022,-573100,-65849190000,114.9(-4.65 %),20900,2401410000,594000,68250600000,5009,49.0
01/06/2022,-237900,-27905670000,117.3(2.09 %),5000,586500000,242900,28492170000,490509,48.8
02/06/2022,-74300,-9153760000,123.2(5.03 %),1033200,127290240000,1107500,136444000000,574009,48.76
03/06/2022,-49700,-6123040000,123.2(0.00 %),388300,47838560000,438000,53961600000,428609,48.82
06/06/2022,113600,14238410000,125(1.46 %),881400,111611800000,767800,97373390000,564809,48.77
07/06/2022,446400,57139200000,128(2.40 %),600600,76876800000,154200,19737600000,438009,48.82
08/06/2022,306100,39180800000,128(0.00 %),506400,64819200000,200300,25638400000,315009,48.87
09/06/2022,314200,40374700000,128.5(0.39 %),315000,40477500000,800,102800000,118409,48.95
10/06/2022,114200,13783940000,120.7(-6.07 %),338200,40820740000,224000,27036800000,131909,48.95
13/06/2022,131900,14812370000,112.3(-6.96 %),175900,19753570000,44000,4941200000,0,49.0
14/06/2022,-249600,-28953600000,116(3.29 %),240800,27932800000,490400,56886400000,4200,49.0
15/06/2022,3600,424800000,118(1.72 %),26800,3162400000,23200,2737600000,0,49.0
16/06/2022,0,0,121.8(3.22 %),191100,23275980000,191100,23275980000,249600,48.9
17/06/2022,249100,30390200000,122(0.16 %),249600,30451200000,500,61000000,600,49.0
20/06/2022,-39400,-4697800000,118(-3.28 %),600,73020000,40000,4770820000,0,49.0
21/06/2022,0,0,119.8(1.53 %),63000,7547400000,63000,7547400000,480,49.0
22/06/2022,400,46400000,116(-3.17 %),42400,4918400000,42000,4872000000,40080,48.98
23/06/2022,16400,1976200000,120.5(4.42 %),590000,71095000000,573600,69118800000,80,49.0
24/06/2022,-11000,-1342000000,122(1.24 %),215000,26230000000,226000,27572000000,80,49.0
27/06/2022,-23100,-2910800000,129.5(6.15 %),382000,49851000000,405100,52761800000,23680,48.99
28/06/2022,6900,893550000,129.5(0.00 %),23600,3056200000,16700,2162650000,11080,49.0
29/06/2022,-100800,-12981860000,129.5(0.00 %),1139800,143177700000,1240600,156159560000,23180,48.99
30/06/2022,-77500,-9958750000,128.5(-0.77 %),23100,2968350000,100600,12927100000,16780,48.99
01/07/2022,11700,1499940000,128.2(-0.23 %),86700,11114940000,75000,9615000000,111880,48.95
04/07/2022,83200,10882830000,123.8(-3.43 %),1071600,134486640000,988400,123603810000,11280,49.05
05/07/2022,3200,379520000,118.6(-4.20 %),100600,11931160000,97400,11551640000,5080,49.0
06/07/2022,-183400,-20540800000,112(-5.56 %),456700,51150400000,640100,71691200000,28680,48.99
07/07/2022,-11500,-1334000000,116(3.57 %),276800,32108800000,288300,33442800000,97480,48.96
08/07/2022,0,23850750000,116(0.00 %),100000,41857200000,100000,18006450000,97480,0.0
11/07/2022,206500,23850750000,115.5(-0.43 %),362400,41857200000,155900,18006450000,40180,48.98
12/07/2022,-16500,-1927200000,116.8(1.13 %),240100,28043680000,256600,29970880000,69380,48.97
13/07/2022,-113800,-13087000000,115(-1.54 %),69300,7969500000,183100,21056500000,7580,49.0
14/07/2022,-62500,-7218750000,115.5(0.43 %),107500,12416250000,170000,19635000000,56680,48.98
15/07/2022,-81900,-9295650000,113.5(-1.73 %),122400,13892400000,204300,23188050000,183180,48.92
18/07/2022,93600,10623600000,113.5(0.00 %),269500,30588250000,175900,19964650000,70080,48.97
19/07/2022,-5600,-618800000,110.5(-2.64 %),141000,15580500000,146600,16199300000,138580,48.94
20/07/2022,138500,15733600000,113.6(2.81 %),138500,15733600000,0,0,89580,48.96
21/07/2022,88500,10089000000,114(0.35 %),602400,68673600000,513900,58584600000,75680,48.97
22/07/2022,16400,8656200000,114.5(0.44 %),590000,34567550000,573600,25911350000,80,49.0
25/07/2022,-3000,-339600000,113.2(-1.14 %),0,0,3000,339600000,1080,49.0
26/07/2022,100,11200000,112(-1.06 %),60000,6720000000,59900,6708800000,80,49.0
27/07/2022,0,11200000,112.2(0.18 %),0,6720000000,0,6708800000,0,49.0
28/07/2022,0,11200000,113(0.71 %),0,6720000000,0,6708800000,900,49.0
29/07/2022,900,102600000,114(0.88 %),900,102600000,0,0,0,49.0
01/08/2022,-400,-46800000,117(2.63 %),0,0,400,46800000,0,49.0
02/08/2022,-78900,-9191850000,116.5(-0.43 %),77900,9075350000,156800,18267200000,0,49.0
03/08/2022,-6300,-730800000,116(-0.43 %),40000,4640000000,46300,5370800000,400,49.0
04/08/2022,400,46400000,116(0.00 %),80400,9326400000,80000,9280000000,78900,48.97
05/08/2022,78900,9065610000,114.9(-0.95 %),118900,13661610000,40000,4596000000,6300,49.0
08/08/2022,5300,618510000,116.7(1.57 %),26300,3069210000,21000,2450700000,0,49.0
09/08/2022,0,618510000,116.7(0.00 %),0,3069210000,0,2450700000,0,49.0
10/08/2022,0,0,116.5(-0.17 %),73400,8551100000,73400,8551100000,1000,49.0
11/08/2022,1000,114100000,114.1(-2.06 %),21000,2396100000,20000,2282000000,0,49.0
12/08/2022,0,0,113.4(-0.61 %),75000,8505000000,75000,8505000000,0,49.0
15/08/2022,-12600,-1445220000,114.7(1.15 %),23000,2638100000,35600,4083320000,0,49.0
16/08/2022,0,0,115(0.26 %),43500,5002500000,43500,5002500000,0,49.0
17/08/2022,0,0,114.9(-0.09 %),81700,9387330000,81700,9387330000,12600,48.99
18/08/2022,12600,1441440000,114.4(-0.44 %),12600,1441440000,0,0,0,49.0
19/08/2022,0,1441440000,114(-0.35 %),0,1441440000,0,0,0,49.0
22/08/2022,0,1441440000,114.8(0.70 %),0,1441440000,0,0,0,49.0
23/08/2022,0,1441440000,114.5(-0.26 %),0,1441440000,0,0,0,49.0
24/08/2022,0,0,117.2(2.36 %),82500,9669000000,82500,9669000000,0,49.0
25/08/2022,0,0,116.6(-0.51 %),23400,2728440000,23400,2728440000,0,49.0
26/08/2022,-300,-35340000,117.8(1.03 %),0,0,300,35340000,0,49.0
29/08/2022,0,-35340000,116.5(-1.10 %),0,0,0,35340000,0,49.0
30/08/2022,0,-35340000,114.4(-1.80 %),0,0,0,35340000,300,49.0
31/08/2022,300,34440000,114.8(0.35 %),45300,5200440000,45000,5166000000,0,49.0
05/09/2022,-20000,-2286000000,114.3(-0.44 %),0,0,20000,2286000000,0,49.0
06/09/2022,0,-2286000000,114(-0.26 %),0,0,0,2286000000,0,49.0
07/09/2022,0,0,111(-2.63 %),200000,22200000000,200000,22200000000,20000,48.99
08/09/2022,-20000,-2250000000,112.5(1.35 %),73300,8246250000,93300,10496250000,0,49.0
09/09/2022,0,0,111.8(-0.62 %),100000,11180000000,100000,11180000000,0,49.0
12/09/2022,-144,0,112.2(0.36 %),0,11180000000,144,11180000000,40000,48.98
13/09/2022,39951,4494487500,113(0.71 %),216100,4500000000,176149,5512500,0,49.0
14/09/2022,0,4494487500,111.7(-1.15 %),47400,4500000000,47400,5512500,144,49.0
15/09/2022,137,0,111.9(0.18 %),27144,5294580000,27007,5294580000,0,48.28
16/09/2022,1772443,200640547600,113.2(1.16 %),1781443,201659347600,9000,1018800000,0,49.0
19/09/2022,-79300,-8881600000,112(-1.06 %),0,0,79300,8881600000,0,0.0
20/09/2022,-2793,-315609000,113(0.89 %),154207,17425391000,157000,17741000000,9000,49.0
21/09/2022,9000,1025100000,113.9(0.80 %),9000,1025100000,0,0,79300,48.97
22/09/2022,64600,7364400000,114(0.09 %),399100,45497400000,334500,38133000000,2800,49.0
23/09/2022,2800,318920000,113.9(-0.09 %),2800,318920000,0,0,0,49.0
26/09/2022,-3600,-399960000,111.1(-2.46 %),20000,2222000000,23600,2621960000,14700,48.99
27/09/2022,-6100,-677710000,111.1(0.00 %),14700,1633170000,20800,2310880000,0,49.0
28/09/2022,-13100,-1454100000,111(-0.09 %),153900,17082900000,167000,18537000000,3600,49.0
29/09/2022,-17500,-1942500000,111(0.00 %),3600,399600000,21100,2342100000,20800,48.99
30/09/2022,-196600,-21036200000,107(-3.60 %),310400,33212800000,507000,54249000000,13100,48.99
03/10/2022,-114650,-11419140000,99.6(-6.92 %),113100,11264760000,227750,22683900000,21100,48.99
04/10/2022,850,83725000,98.5(-1.10 %),820000,80770000000,819150,80686275000,217400,48.91
05/10/2022,217400,22261760000,102.4(3.96 %),217400,22261760000,0,0,127750,48.95
06/10/2022,127750,13132700000,102.8(0.39 %),127750,13132700000,0,0,20250,48.99
07/10/2022,-7150,-736450000,103(0.19 %),1328850,136871550000,1336000,137608000000,0,49.0
10/10/2022,0,0,105(1.94 %),300000,31500000000,300000,31500000000,0,49.0
11/10/2022,-91,-9518600,104.6(-0.38 %),675700,70678220000,675791,70687738600,27400,48.99
12/10/2022,27400,2877000000,105(0.38 %),27400,2877000000,0,0,0,49.0
13/10/2022,0,0,104.5(-0.48 %),60000,6270000000,60000,6270000000,91,49.0
14/10/2022,-7709,-810215900,105.1(0.57 %),91,9564100,7800,819780000,0,49.0
17/10/2022,-12000,-1260000000,105(-0.10 %),0,0,12000,1260000000,0,49.0
18/10/2022,-200,-21200000,106(0.95 %),300400,31842400000,300600,31863600000,7800,49.0
19/10/2022,-10200,-1091150000,107.5(1.42 %),7800,833040000,18000,1924190000,18000,49.03
20/10/2022,-9100,-978370000,107.6(0.09 %),12000,1300800000,21100,2279170000,21100,49.03
21/10/2022,200,21680000,104.7(-2.70 %),200,21680000,0,0,0,49.03
24/10/2022,2500,225560000,101.5(-3.06 %),18000,1801800000,15500,1576240000,15500,49.03
25/10/2022,21100,2215500000,101.6(0.10 %),21100,2215500000,0,0,-5600,49.04
26/10/2022,-17800,-1826750000,103.4(1.77 %),0,0,17800,1826750000,0,49.03
27/10/2022,8500,900410000,103.6(0.19 %),15500,1622850000,7000,722440000,0,49.0
28/10/2022,-18578,-1926538600,103.7(0.88 %),0,0,18578,1926538600,17800,48.99
31/10/2022,9800,1012340000,103.3(-0.39 %),70900,7323970000,61100,6311630000,7000,49.0
01/11/2022,-5000,-508000000,101.6(-1.65 %),176300,17912080000,181300,18420080000,18578,48.99
02/11/2022,18578,1878235800,101.1(-0.49 %),118578,11988235800,100000,10110000000,8000,49.0
03/11/2022,8000,816000000,102(0.89 %),8000,816000000,0,0,12000,49.0
04/11/2022,11900,1129310000,94.9(-6.96 %),595400,56503460000,583500,55374150000,0,49.0
07/11/2022,-15000,-1432500000,95.5(0.63 %),350000,33425000000,365000,34857500000,0,49.0
08/11/2022,0,0,96.9(1.47 %),137300,13304370000,137300,13304370000,100,49.0
09/11/2022,100,9730000,97.3(0.41 %),100,9730000,0,0,15000,48.99
10/11/2022,15000,1455000000,97(-0.31 %),1339500,129931500000,1324500,128476500000,0,49.0
11/11/2022,0,0,97.2(0.21 %),116300,11304360000,116300,11304360000,0,49.0
14/11/2022,0,0,96.6(-0.62 %),500000,48300000000,500000,48300000000,0,49.0
15/11/2022,-100,-9410000,94.1(-2.59 %),528589,49740224900,528689,49749634900,0,49.0
16/11/2022,-900,-87300000,97(3.08 %),800000,77600000000,800900,77687300000,0,49.0
17/11/2022,-3900,-390000000,100(3.09 %),0,0,3900,390000000,100,49.0
18/11/2022,-1500,-150150000,100.1(0.10 %),576300,57687630000,577800,57837780000,900,49.0
21/11/2022,-1100,-112310000,102.1(2.00 %),20900,2133890000,22000,2246200000,3900,49.0
22/11/2022,3899,401597000,103(0.88 %),390900,40262700000,387001,39861103000,1600,49.0
23/11/2022,1600,169120000,105.7(2.62 %),101600,10739120000,100000,10570000000,2000,49.0
24/11/2022,2000,212000000,106(0.28 %),214600,22747600000,212600,22535600000,1,49.0
25/11/2022,1,106200,106.2(0.19 %),2337801,248274466200,2337800,248274360000,0,49.0
28/11/2022,0,0,109(2.64 %),425000,46325000000,425000,46325000000,0,0.0
29/11/2022,0,0,112.8(3.49 %),387000,43653600000,387000,43653600000,0,49.03
30/11/2022,0,0,113.5(0.62 %),100000,11350000000,100000,11350000000,0,49.03
01/12/2022,-200,-22400000,112(-1.32 %),0,0,200,22400000,0,49.03
02/12/2022,-200,-23000000,115(2.68 %),483600,55614000000,483800,55637000000,0,0.0
05/12/2022,-45,-5170500,114.9(-0.09 %),0,0,45,5170500,0,49.03
06/12/2022,-6900,-766590000,111.1(-3.31 %),200,22220000,7100,788810000,0,0.0
07/12/2022,200,21740000,108.7(-2.16 %),200,21740000,0,0,0,0.0
08/12/2022,45,4995000,111(2.12 %),45,4995000,0,0,7100,49.0
09/12/2022,6100,682590000,111.9(0.81 %),7100,794490000,1000,111900000,0,49.0
12/12/2022,0,0,111.8(-0.09 %),46100,5153980000,46100,5153980000,0,0.0
13/12/2022,0,0,112.5(0.63 %),0,5153980000,0,5153980000,0,49.03
14/12/2022,1000,113000000,113(0.44 %),575600,65042800000,574600,64929800000,0,0.0
15/12/2022,0,113000000,113(0.00 %),0,65042800000,0,64929800000,0,49.03
16/12/2022,0,113000000,112.9(-0.09 %),0,65042800000,0,64929800000,0,0.0
19/12/2022,-3300,-369600000,112(-0.80 %),0,0,3300,369600000,0,49.03
20/12/2022,0,-369600000,110.5(-1.34 %),0,0,0,369600000,0,49.03
21/12/2022,0,0,109.6(-0.81 %),60000,6576000000,60000,6576000000,0,49.03
22/12/2022,0,0,109(-0.55 %),105000,11445000000,105000,11445000000,0,49.03
23/12/2022,0,0,108.6(-0.37 %),0,11445000000,0,11445000000,0,49.02
26/12/2022,-10000,-1080000000,108(-0.55 %),0,0,10000,1080000000,0,49.02
27/12/2022,-10000,-1080000000,108(0.00 %),0,0,10000,1080000000,0,49.02
28/12/2022,0,0,110(1.85 %),40000,4400000000,40000,4400000000,0,36.78
29/12/2022,0,0,86(4.24 %),0,4400000000,0,4400000000,-17358,49.01
30/12/2022,-26500,-2382350000,89.9(4.53 %),21219,1907588100,47719,4289938100,-17358,49.01
03/01/2023,-80,-7160000,89.5(-0.44 %),40000,3580000000,40080,3587160000,0,36.78
04/01/2023,0,-7160000,89(-0.56 %),0,3580000000,0,3587160000,9142,49.0
05/01/2023,9142,818209000,89.5(0.56 %),422942,37853309000,413800,37035100000,80,49.0
06/01/2023,80,7056000,88.2(-0.79 %),80,7056000,0,0,0,49.0
09/01/2023,0,682590000,88.2(0.00 %),0,794490000,0,111900000,0,49.0
10/01/2023,-5500,-484000000,88(-0.23 %),37200,3273600000,42700,3757600000,0,49.0
11/01/2023,0,0,86.8(-1.36 %),20000,1736000000,20000,1736000000,0,49.0
12/01/2023,0,0,86(-0.92 %),457000,39302000000,457000,39302000000,5500,49.0
13/01/2023,-4500,-388350000,86.3(0.35 %),331600,28617080000,336100,29005430000,0,49.0
16/01/2023,-1900,-166250000,87.5(1.39 %),26000,2275000000,27900,2441250000,0,49.0
17/01/2023,0,0,88(0.57 %),135289,11905432000,135289,11905432000,10000,49.0
18/01/2023,10000,885000000,88.5(0.57 %),60000,5310000000,50000,4425000000,1900,49.0
19/01/2023,-247800,-22029420000,88.9(0.45 %),1900,168910000,249700,22198330000,0,49.0
27/01/2023,-36833,-3462302000,94(5.74 %),0,0,36833,3462302000,0,49.0
30/01/2023,-11000,-1014200000,92.2(-1.91 %),200000,18440000000,211000,19454200000,249700,48.9
31/01/2023,249700,22522940000,90.2(-2.17 %),363300,32769660000,113600,10246720000,36833,48.99
01/02/2023,36833,3193421100,86.7(-3.88 %),36833,3193421100,0,0,11000,49.0
02/02/2023,11000,940500000,85.5(-1.38 %),61000,5215500000,50000,4275000000,0,49.01
03/02/2023,0,940500000,82.1(-3.98 %),0,5215500000,0,4275000000,-34913,49.01
06/02/2023,-21800,-1826840000,83.8(2.07 %),21000,1759800000,42800,3586640000,-34913,49.01
07/02/2023,0,-1826840000,83.1(-0.84 %),0,1759800000,0,3586640000,-34913,49.01
08/02/2023,0,-1826840000,82.9(-0.24 %),0,1759800000,0,3586640000,-13113,49.0
09/02/2023,0,0,82.9(0.00 %),227400,18851460000,227400,18851460000,-13113,49.0
10/02/2023,0,0,83.3(0.48 %),150000,12495000000,150000,12495000000,-13113,49.0
13/02/2023,0,0,83.5(0.24 %),148900,12433150000,148900,12433150000,-13113,49.0
14/02/2023,-9133,-749819300,82.1(-1.68 %),0,0,9133,749819300,-13113,49.0
15/02/2023,-476,-39032000,82(-0.12 %),146000,11972000000,146476,12011032000,-13113,49.0
16/02/2023,0,0,82.6(0.73 %),200000,16520000000,200000,16520000000,-3980,49.0
17/02/2023,-9900,-821700000,83(0.48 %),100000,8300000000,109900,9121700000,-3504,49.0
20/02/2023,0,0,84.5(1.81 %),250000,21125000000,250000,21125000000,-3504,49.0
21/02/2023,-2556,-215982000,84.5(0.00 %),240000,20280000000,242556,20495982000,6396,49.0
22/02/2023,6396,530868000,83(-1.78 %),326396,27090868000,320000,26560000000,0,49.0
23/02/2023,-972,-79801200,82.1(-1.08 %),0,0,972,79801200,2556,49.0
24/02/2023,2556,207036000,81(-1.34 %),399556,32364036000,397000,32157000000,0,49.01
27/02/2023,-4400,-334840000,76.1(-6.05 %),446000,33940600000,450400,34275440000,972,49.0
28/02/2023,972,74746800,76.9(1.05 %),26972,2074146800,26000,1999400000,0,49.0
01/03/2023,0,0,77.6(0.91 %),793700,61591120000,793700,61591120000,4400,49.0
02/03/2023,4400,353320000,80.3(3.48 %),4400,353320000,0,0,0,49.0
03/03/2023,-800,-63520000,79.4(-1.12 %),200000,15880000000,200800,15943520000,0,49.0
06/03/2023,-4,-314000,78.5(-1.13 %),0,0,4,314000,0,49.0
07/03/2023,0,0,79.3(1.02 %),45300,3592290000,45300,3592290000,800,49.0
08/03/2023,-10261,-820880000,80(0.88 %),800,64000000,11061,884880000,4,49.0
09/03/2023,4,319600,79.9(-0.12 %),4,319600,0,0,0,49.0
10/03/2023,0,0,79(-1.13 %),135400,10696600000,135400,10696600000,11061,49.0
13/03/2023,11028,884445600,80.2(1.52 %),779961,62552872200,768933,61668426600,33,49.01
14/03/2023,0,884445600,80.7(0.62 %),0,62552872200,0,61668426600,0,49.0
15/03/2023,-760,-61408000,80.8(0.12 %),775000,62620000000,775760,62681408000,0,49.0
16/03/2023,0,-61408000,80.5(-0.37 %),0,62620000000,0,62681408000,0,49.0
17/03/2023,0,-61408000,79(-1.86 %),0,62620000000,0,62681408000,760,49.0
20/03/2023,-48440,-3875200000,80(1.27 %),60860,4868800000,109300,8744000000,0,49.0
21/03/2023,0,207036000,79(-1.25 %),0,32364036000,0,32157000000,0,49.0
22/03/2023,0,0,78.9(-0.13 %),0,0,0,0,0,49.01
23/03/2023,0,0,78.5(-0.51 %),0,0,0,0,49200,49.0
24/03/2023,-400,-31440000,79(0.64 %),0,0,400,31440000,49600,49.0
27/03/2023,-39400,-3081080000,78.2(-1.01 %),300000,23460000000,339400,26541080000,89000,0.0
28/03/2023,-104100,-8098980000,77.8(-0.51 %),100000,7780000000,204100,15878980000,193100,48.96
29/03/2023,-108906,-8385762000,77(-1.03 %),500466,38535882000,609372,46921644000,39400,48.99
30/03/2023,39400,3061380000,77.7(0.91 %),260100,20209770000,220700,17148390000,104100,48.97
31/03/2023,-142549,-11076057300,77.7(0.00 %),59151,4596032700,201700,15672090000,154321,48.95
03/04/2023,-383376,-29443276800,76.8(-1.16 %),288450,22152960000,671826,51596236800,5871,49.0
04/04/2023,-310429,-23778861400,76.6(-0.26 %),47871,3666918600,358300,27445780000,201700,48.94
05/04/2023,-216099,-16704452700,77.3(0.91 %),551700,42646410000,767799,59350862700,531826,48.84
06/04/2023,-294616,-22626508800,76.8(-0.65 %),3110,238848000,297726,22865356800,845016,48.74
07/04/2023,61268,4687002000,76.5(-0.39 %),62600,4788900000,1332,101898000,1200215,48.63
10/04/2023,25426,1962887200,77.2(0.92 %),25426,1962887200,0,0,1472515,48.55
11/04/2023,147200,11569920000,78.6(1.81 %),207700,16325220000,60500,4755300000,1266147,48.61
12/04/2023,250900,19545110000,77.9(-0.89 %),251900,19623010000,1000,77900000,1014247,48.69
13/04/2023,27300,2102100000,77(-1.16 %),30500,2348500000,3200,246400000,1063747,48.68
14/04/2023,321634,24958798400,77.6(0.78 %),325900,25289840000,4266,331041600,749347,48.77
17/04/2023,374067,29214632700,78.1(0.64 %),377667,29495792700,3600,281160000,374880,48.89
18/04/2023,263800,20629160000,78.2(0.13 %),530800,41508560000,267000,20879400000,4346,49.0
19/04/2023,4317,336726000,78(-0.26 %),4317,336726000,0,0,17129,48.99
20/04/2023,8600,683880000,77.3(-0.90 %),17100,1342350000,8500,658470000,8529,49.01
21/04/2023,98200,7561400000,77(-0.39 %),281000,21637000000,182800,14075600000,0,49.0
24/04/2023,0,7561400000,76.5(-0.65 %),0,21637000000,0,14075600000,8500,49.0
25/04/2023,8500,641750000,75.5(-1.31 %),8500,641750000,0,0,14400,49.0
26/04/2023,14134,1068530400,75.6(0.13 %),714400,54008640000,700266,52940109600,0,49.0
27/04/2023,-46000,-3482220000,75.7(0.13 %),0,0,46000,3482220000,0,49.01
28/04/2023,0,0,77(1.72 %),0,0,0,0,0,49.01
04/05/2023,200,15380000,76.1(-1.17 %),200,15380000,0,0,266,49.01
05/05/2023,45500,3494250000,76.2(0.13 %),46000,3532580000,500,38330000,33,49.0
08/05/2023,-300,-22950000,75.9(-0.39 %),0,0,300,22950000,36,49.0
09/05/2023,-300,-22860000,75.6(-0.40 %),0,0,300,22860000,0,49.0
10/05/2023,0,0,75.2(-0.53 %),0,0,0,0,0,49.01
11/05/2023,300,22560000,75(-0.27 %),300,22560000,0,0,0,49.0
12/05/2023,0,0,75(0.00 %),0,0,0,0,0,49.0
15/05/2023,0,0,75.2(0.27 %),0,0,0,0,0,49.01
16/05/2023,0,0,74.5(-0.93 %),0,0,0,0,0,49.01
17/05/2023,0,0,74.6(0.13 %),0,0,0,0,0,49.01
18/05/2023,-167900,-12409050000,73.5(-1.47 %),0,0,167900,12409050000,0,49.01
19/05/2023,0,0,72.5(-1.36 %),0,0,0,0,0,49.01
22/05/2023,0,0,72.1(-0.55 %),0,0,0,0,0,49.01
23/05/2023,153600,11240970000,72.2(0.14 %),167900,12284300000,14300,1043330000,167900,48.96
24/05/2023,-28400,-2040990000,71.5(-0.97 %),0,0,28400,2040990000,196300,48.95
25/05/2023,-6700,-480880000,71.2(-0.42 %),0,0,6700,480880000,203000,48.95
26/05/2023,5000,359760000,72(1.12 %),14300,1027230000,9300,667470000,198000,48.95
29/05/2023,-17600,-1262600000,71.4(-0.83 %),0,0,17600,1262600000,215600,48.95
30/05/2023,-29400,-2089340000,71.1(-0.42 %),0,0,29400,2089340000,245000,48.94
31/05/2023,-49000,-3480540000,70.9(-0.28 %),6500,462600000,55500,3943140000,294000,48.92
01/06/2023,-4000,-283450000,70.3(-0.85 %),0,0,4000,283450000,298000,48.92
02/06/2023,-11100,-803410000,73(3.84 %),0,0,11100,803410000,309100,48.92
05/06/2023,17300,1286700000,73.7(0.96 %),18500,1374550000,1200,87850000,291800,48.92
06/06/2023,-34800,-2531480000,72.8(-1.22 %),3400,247680000,38200,2779160000,326600,48.91
07/06/2023,-86000,-6210740000,72.6(-0.27 %),0,0,86000,6210740000,412600,48.89
08/06/2023,-15600,-1129890000,72.2(-0.55 %),1200,86870000,16800,1216760000,428200,48.88
09/06/2023,-31800,-2281520000,72(-0.28 %),38200,2754920000,70000,5036440000,460000,48.87
12/06/2023,-85100,-6093030000,72.5(0.69 %),6900,496770000,92000,6589800000,545100,48.85
13/06/2023,-304900,-22450440000,73.3(1.10 %),1800,132250000,306700,22582690000,850000,48.75
14/06/2023,-98700,-7220030000,72.8(-0.68 %),18500,1356500000,117200,8576530000,948700,48.72
15/06/2023,-5500,-388660000,73.3(0.69 %),84000,6144950000,89500,6533610000,954200,48.72
16/06/2023,-108300,-7998650000,72.8(-0.68 %),101700,7428050000,210000,15426700000,414703,48.87
19/06/2023,-275200,-19723360000,72.3(-0.69 %),130800,9452740000,406000,29176100000,373470,48.89
20/06/2023,-567500,-40421090000,72.3(0.00 %),162800,11752040000,730300,52173130000,940970,48.73
21/06/2023,-28000,-2006430000,72.8(0.69 %),313300,22747280000,341300,24753710000,513359,48.84
22/06/2023,141000,10471750000,74.5(2.34 %),251300,18632720000,110300,8160970000,372359,48.9
23/06/2023,53500,4018370000,75.8(1.74 %),189900,14280290000,136400,10261920000,318859,48.92
26/06/2023,326900,24685720000,76.4(0.79 %),326900,24685720000,0,0,935285,48.71
27/06/2023,2500,188520000,75.5(-1.18 %),2500,188520000,0,0,932785,48.73
28/06/2023,10100,760640000,74.8(-0.93 %),157700,11803740000,147600,11043100000,922685,48.73
29/06/2023,-145800,-10837440000,75(0.27 %),242700,18176830000,388500,29014270000,1068485,48.69
30/06/2023,-324300,-23893900000,75(0.00 %),317600,23734070000,641900,47627970000,1392785,48.59
03/07/2023,-478300,-35424010000,74(-1.33 %),165100,12218720000,643400,47642730000,424818,48.88
04/07/2023,-174800,-12923920000,74(0.00 %),128000,9459930000,302800,22383850000,599618,48.83
05/07/2023,-604200,-44801180000,73.7(-0.41 %),57000,4229970000,661200,49031150000,1203818,48.65
06/07/2023,-321900,-23624150000,72.6(-1.49 %),111300,8115860000,433200,31740010000,1940241,48.41
07/07/2023,-755900,-54498350000,71.8(-1.10 %),19800,1430150000,775700,55928500000,2581641,48.21
10/07/2023,-320100,-23387830000,73.7(2.65 %),166200,12176930000,486300,35564760000,2901741,48.13
11/07/2023,-368200,-27415780000,74.5(1.09 %),137200,10215140000,505400,37630920000,3269941,48.02
12/07/2023,-135600,-10049240000,73.8(-0.94 %),105600,7816160000,241200,17865400000,3405541,47.98
13/07/2023,165000,12882270000,78(5.69 %),866300,66951850000,701300,54069580000,3240541,48.03
14/07/2023,436500,34784130000,78.5(0.64 %),482200,38385750000,45700,3601620000,3294714,48.0
17/07/2023,521000,41700800000,80.3(2.29 %),574800,46012010000,53800,4311210000,2773714,48.17
18/07/2023,322000,25654090000,79.7(-0.75 %),329900,26281910000,7900,627820000,2451714,48.27
19/07/2023,223400,17624820000,78.6(-1.38 %),228500,18029650000,5100,404830000,3010322,48.08
20/07/2023,80000,6276020000,78.9(0.38 %),94700,7430760000,14700,1154740000,2930322,48.12
21/07/2023,-64900,-5207390000,80(1.39 %),95000,7559580000,159900,12766970000,2995222,48.1
24/07/2023,-360100,-28553030000,79.3(-0.87 %),103200,8253430000,463300,36806460000,2786723,48.15
25/07/2023,-127800,-10120910000,80.5(1.51 %),362000,29005330000,489800,39126240000,2584634,48.21
26/07/2023,257300,20975290000,81.8(1.61 %),407900,33218640000,150600,12243350000,2327334,48.3
27/07/2023,216600,17541510000,80.9(-1.10 %),217400,17606440000,800,64930000,2110734,48.37
28/07/2023,773200,63472660000,82.6(2.10 %),774900,63612080000,1700,139420000,1337534,48.61
31/07/2023,717900,59614490000,83(0.48 %),730100,60626930000,12200,1012440000,619634,48.83
01/08/2023,1407100,116503030000,81(-2.41 %),1506700,124750980000,99600,8247950000,1506719,48.55
02/08/2023,-900,-72140000,81.5(0.62 %),1700,136860000,2600,209000000,1507619,48.55
03/08/2023,500,44200000,81.3(-0.25 %),12200,992100000,11700,947900000,1507119,48.55
04/08/2023,69900,5696100000,80.8(-0.62 %),99600,8084800000,29700,2388700000,2660,49.0
07/08/2023,-25300,-2064670000,82.2(1.73 %),2600,210700000,27900,2275370000,27960,49.01
08/08/2023,-67500,-5478250000,81.4(-0.97 %),11700,966420000,79200,6444670000,95460,48.98
09/08/2023,21200,1720180000,80.3(-1.35 %),29300,2376960000,8100,656780000,74260,48.99
10/08/2023,8700,691000000,79(-1.62 %),10300,819150000,1600,128150000,65560,48.99
11/08/2023,7300,650440000,79.4(0.51 %),97100,7774490000,89800,7124050000,58260,49.0
14/08/2023,-16300,-1292370000,79.4(0.00 %),8100,648000000,24400,1940370000,0,49.0
15/08/2023,-151300,-11917990000,79(-0.50 %),0,0,151300,11917990000,89800,48.97
16/08/2023,-12400,-927710000,80.2(1.52 %),89700,7168460000,102100,8096170000,0,49.0
17/08/2023,-105000,-8254980000,80.2(0.00 %),0,0,105000,8254980000,0,49.01
18/08/2023,-131700,-10469170000,78.5(-2.12 %),300,23790000,132000,10492960000,67100,48.98
21/08/2023,4100,405100000,79(0.64 %),67100,5334450000,63000,4929350000,105000,48.97
22/08/2023,20800,1657490000,78.5(-0.63 %),104900,8241920000,84100,6584430000,62033,48.98
23/08/2023,-108100,-8397910000,77.5(-1.27 %),0,0,108100,8397910000,0,49.0
24/08/2023,0,0,78(0.65 %),0,0,0,0,0,49.01
25/08/2023,0,0,78.3(0.38 %),0,0,0,0,108100,48.97
28/08/2023,-44500,-3534150000,79.5(1.53 %),100,7890000,44600,3542040000,152600,48.97
29/08/2023,-42500,-3404280000,80.4(1.13 %),0,0,42500,3404280000,0,49.0
30/08/2023,-80000,-6415070000,80.7(0.37 %),0,0,80000,6415070000,0,49.01
31/08/2023,-80100,-6479610000,80.5(-0.25 %),0,0,80100,6479610000,42500,48.99
05/09/2023,-34500,-2783860000,80.5(0.00 %),500,40550000,35000,2824410000,80000,48.98
06/09/2023,38000,3078000000,81.1(0.75 %),38000,3078000000,0,0,42000,49.0
07/09/2023,70300,5758010000,84.2(3.82 %),80100,6580040000,9800,822030000,0,49.0
08/09/2023,-18800,-1575290000,84(-0.24 %),0,0,18800,1575290000,0,49.0
11/09/2023,-1700,-142550000,83.6(-0.48 %),0,0,1700,142550000,0,49.0
12/09/2023,-60000,-4964590000,83.6(0.00 %),0,0,60000,4964590000,20299,48.99
13/09/2023,20200,1696800000,83.3(-0.36 %),20200,1696800000,0,0,0,49.0
14/09/2023,0,0,81.2(-2.52 %),0,0,0,0,60000,48.98
15/09/2023,-500,-40450000,81.4(0.25 %),0,0,500,40450000,0,49.0
18/09/2023,0,0,81.5(0.12 %),0,0,0,0,0,49.01
19/09/2023,-231600,-18680530000,81.2(-0.37 %),0,0,231600,18680530000,0,49.01
20/09/2023,-11500,-939890000,82.7(1.85 %),500,40700000,12000,980590000,500,49.01
21/09/2023,0,0,82.6(-0.12 %),0,0,0,0,500,49.01
22/09/2023,1600,129830000,81(-1.94 %),1600,129830000,0,0,12000,49.0
25/09/2023,11400,929580000,79.8(-1.48 %),12000,978000000,600,48420000,0,49.0
26/09/2023,-23800,-1888900000,78.5(-1.63 %),0,0,23800,1888900000,25,49.0
27/09/2023,0,0,79.1(0.76 %),0,0,0,0,25,49.01
28/09/2023,-15700,-1233080000,78.5(-0.76 %),600,47220000,16300,1280300000,15725,49.01
29/09/2023,2100,165820000,78.8(0.38 %),2100,165820000,0,0,21625,48.99
02/10/2023,0,0,78.9(0.13 %),0,0,0,0,16300,49.0
03/10/2023,300,38320000,77.5(-1.77 %),16300,1294220000,16000,1255900000,0,49.0
04/10/2023,0,0,77.6(0.13 %),0,0,0,0,0,49.01
05/10/2023,0,0,77.8(0.26 %),0,0,0,0,16033,49.0
06/10/2023,16000,1251200000,78(0.26 %),16000,1251200000,0,0,33,49.01
09/10/2023,0,0,80(2.56 %),0,0,0,0,33,49.01
10/10/2023,-100,-8060000,79.5(-0.62 %),0,0,100,8060000,0,49.0
11/10/2023,-10800,-864750000,80.3(1.01 %),0,0,10800,864750000,0,49.0
12/10/2023,0,0,80(-0.37 %),0,0,0,0,166,49.0
13/10/2023,-8300,-660540000,79.8(-0.25 %),100,7990000,8400,668530000,-34186,49.01
16/10/2023,-2200,-175340000,79.9(0.13 %),0,0,2200,175340000,-34186,49.01
17/10/2023,-5400,-427140000,79.1(-1.00 %),0,0,5400,427140000,-25786,49.01
18/10/2023,0,0,77(-2.65 %),0,0,0,0,21414,48.99
19/10/2023,-15300,-1173860000,75.9(-1.43 %),0,0,15300,1173860000,5400,49.0
20/10/2023,-10500,-790700000,75.4(0.40 %),5400,407700000,15900,1198400000,0,49.0
23/10/2023,-15300,-1148020000,74.3(-1.46 %),0,0,15300,1148020000,15300,49.0
24/10/2023,14100,1055060000,74.8(0.67 %),15300,1144440000,1200,89380000,1200,49.01
25/10/2023,15900,1189320000,74.3(-0.67 %),15900,1189320000,0,0,15900,49.0
26/10/2023,15200,1124840000,74(-0.40 %),15300,1132200000,100,7360000,1266,49.0
27/10/2023,-5100,-371510000,73.6(-0.54 %),1200,88560000,6300,460070000,26,49.0
30/10/2023,0,0,72.9(-0.95 %),0,0,0,0,100,49.0
31/10/2023,-11100,-803260000,72(-1.23 %),100,7300000,11200,810560000,6300,49.0
01/11/2023,6300,450450000,72(0.00 %),6300,450450000,0,0,0,49.0
02/11/2023,-8900,-649700000,73.8(2.50 %),0,0,8900,649700000,0,49.01
03/11/2023,11200,837760000,73.8(0.00 %),11200,837760000,0,0,11200,49.01
06/11/2023,0,0,76.6(3.79 %),0,0,0,0,11200,49.01
07/11/2023,8900,684410000,75.9(-0.91 %),8900,684410000,0,0,2300,49.01
08/11/2023,0,0,77(1.45 %),0,0,0,0,0,49.0
09/11/2023,0,0,76.5(-0.65 %),0,0,0,0,0,49.0
10/11/2023,-11000,-838090000,76(-0.65 %),0,0,11000,838090000,0,49.0
13/11/2023,-10300,-782920000,76.1(0.13 %),0,0,10300,782920000,0,49.0
14/11/2023,-400,-31240000,78.1(2.63 %),0,0,400,31240000,0,49.01
15/11/2023,11000,869000000,78.3(0.26 %),11000,869000000,0,0,11000,49.01
16/11/2023,0,0,78(-0.38 %),0,0,0,0,11000,49.01
17/11/2023,400,31200000,78.9(1.15 %),400,31200000,0,0,0,49.0
20/11/2023,-700,-55400000,79(0.13 %),0,0,700,55400000,0,49.0
21/11/2023,-3700,-298780000,81.1(2.66 %),0,0,3700,298780000,0,49.0
22/11/2023,-1000,-81300000,81.2(0.12 %),0,0,1000,81300000,700,49.0
23/11/2023,500,40690000,80.8(-0.49 %),700,56910000,200,16220000,200,49.01
24/11/2023,3700,297850000,80.4(-0.50 %),3700,297850000,0,0,-3500,49.02
27/11/2023,1000,80600000,79.5(-1.12 %),1000,80600000,0,0,1000,49.01
28/11/2023,200,15720000,79.1(-0.50 %),200,15720000,0,0,800,49.01
29/11/2023,0,0,79.9(1.01 %),0,0,0,0,800,49.01
30/11/2023,-200,-16080000,80.5(0.75 %),0,0,200,16080000,1000,49.01
01/12/2023,-600,-48120000,80.3(-0.25 %),0,0,600,48120000,1600,49.01
04/12/2023,-100,-8010000,80.5(0.25 %),0,0,100,8010000,1700,49.01
05/12/2023,100,8120000,80(-0.62 %),200,16140000,100,8020000,1600,49.01
06/12/2023,200,15980000,80.1(0.12 %),600,47820000,400,31840000,1400,49.01
07/12/2023,0,0,78.5(-2.00 %),0,0,0,0,1400,49.01
08/12/2023,0,0,78.6(0.13 %),0,0,0,0,1400,49.01
11/12/2023,400,31440000,80(1.78 %),400,31440000,0,0,1000,49.01
12/12/2023,0,0,80.3(0.38 %),0,0,0,0,1000,49.01
13/12/2023,0,0,80.4(0.12 %),0,0,0,0,1000,49.01
14/12/2023,0,0,79.6(-1.00 %),0,0,0,0,1000,49.01
15/12/2023,0,0,79.2(-0.50 %),0,0,0,0,1000,49.01
18/12/2023,-100,-7880000,79.5(0.38 %),0,0,100,7880000,1100,49.01
19/12/2023,-15400,-1214370000,79.4(-0.13 %),0,0,15400,1214370000,16500,49.01
20/12/2023,-14700,-1164820000,80.3(1.13 %),0,0,14700,1164820000,31200,49.0
21/12/2023,-17300,-1444870000,83.9(4.48 %),100,8050000,17400,1452920000,48500,49.0
22/12/2023,14400,1209600000,83.8(-0.12 %),15400,1293600000,1000,84000000,34100,49.0
25/12/2023,12100,1014140000,84.5(0.84 %),14700,1234800000,2600,220660000,22000,49.01
26/12/2023,17400,1472040000,85.6(1.30 %),17400,1472040000,0,0,4600,49.01
27/12/2023,-16100,-1381160000,85.3(-0.35 %),1000,85400000,17100,1466560000,20700,49.01
28/12/2023,0,0,84.8(-0.59 %),0,0,0,0,20700,49.01
29/12/2023,0,0,86(1.42 %),0,0,0,0,20700,49.01
02/01/2024,17100,1491120000,86(0.00 %),17100,1491120000,0,0,0,49.0
03/01/2024,0,0,86(0.00 %),0,0,0,0,17100,49.01
04/01/2024,0,0,84.6(-1.63 %),0,0,0,0,17100,49.01
05/01/2024,0,0,83.4(-1.42 %),0,0,0,0,17100,49.01
08/01/2024,-1100,-92480000,84.3(1.08 %),0,0,1100,92480000,18200,49.01
09/01/2024,-300,-25650000,85.5(1.42 %),0,0,300,25650000,0,49.0
10/01/2024,-400,-34340000,86.9(1.64 %),0,0,400,34340000,0,49.0
11/01/2024,-2400,-207700000,86.2(-0.81 %),0,0,2400,207700000,0,49.0
12/01/2024,0,0,85(-1.39 %),0,0,0,0,0,49.01
15/01/2024,0,0,84.5(-0.59 %),0,0,0,0,0,49.0
16/01/2024,-5100,-434800000,86.4(2.25 %),0,0,5100,434800000,0,49.0
17/01/2024,-900,-79360000,88.6(2.55 %),0,0,900,79360000,0,49.0
18/01/2024,-12100,-1080570000,89(0.45 %),0,0,12100,1080570000,0,49.01
19/01/2024,5100,453900000,88.2(-0.90 %),5100,453900000,0,0,5100,49.01
22/01/2024,900,79380000,87.7(-0.57 %),900,79380000,0,0,4200,49.01
23/01/2024,11300,995530000,89.8(2.39 %),12100,1067220000,800,71690000,-7100,49.02
24/01/2024,0,0,89.4(-0.45 %),0,0,0,0,0,49.01
25/01/2024,0,0,89.5(0.11 %),0,0,0,0,0,49.01
26/01/2024,800,71600000,89.5(0.00 %),800,71600000,0,0,800,49.01
29/01/2024,-1500,-136050000,91.3(2.01 %),0,0,1500,136050000,0,49.0
30/01/2024,-300,-27420000,91.4(0.11 %),0,0,300,27420000,0,49.0
31/01/2024,-200,-18400000,91.5(0.11 %),0,0,200,18400000,3216004,48.04
01/02/2024,16900,1546350000,91.7(0.22 %),17500,1601250000,600,54900000,3216004,49.01
02/02/2024,254,23356800,91.9(0.22 %),239904,22071158400,239650,22047801600,304,49.0
05/02/2024,100,9390000,91(-0.98 %),220200,19798380000,220100,19788990000,0,49.99
06/02/2024,478,43452900,91(0.00 %),163259,14723939100,162781,14680486200,50,49.0
07/02/2024,-17,-1548100,91.2(0.22 %),193200,17600520000,193217,17602068100,150,49.0
15/02/2024,-2316,-212347400,90.9(-0.33 %),349950,32177255000,352266,32389602400,0,49.0
16/02/2024,0,0,90.5(-0.44 %),94100,8503540000,94100,8503540000,17,49.0
19/02/2024,0,0,88.7(-1.99 %),282700,9365440000,282700,9365440000,2483,49.0
20/02/2024,-5400,-480540000,88.7(0.00 %),439700,12432580000,445100,12913120000,83,49.0
21/02/2024,83,7329200,88.1(-0.68 %),313083,20616749200,313000,20609420000,0,49.0
22/02/2024,-33,-2942400,89.6(1.70 %),259000,22989100000,259033,22992042400,0,49.0
23/02/2024,7800,701220000,87.8(-2.01 %),552600,48955320000,544800,48254100000,-84,49.99
26/02/2024,0,0,88.5(0.80 %),300000,0,300000,0,0,49.0
27/02/2024,-5000,-445000000,89.9(1.58 %),260000,23098000000,265000,23543000000,0,49.99
28/02/2024,-100,-9030000,90.2(0.33 %),65700,0,65800,9030000,0,49.99
29/02/2024,-1900,-172140000,90.4(0.22 %),0,0,1900,172140000,5000,49.0
01/03/2024,4675,421852500,95.7(5.86 %),250100,23850540000,245425,23428687500,0,49.99
04/03/2024,80,7650000,95.6(-0.10 %),900100,69261570000,900020,69253920000,0,49.99
05/03/2024,1900,182210000,96.8(1.26 %),501900,48444290000,500000,48262080000,325,49.0
06/03/2024,-11475,-1098492500,94.7(-2.17 %),131525,12626607500,143000,13725100000,0,49.99
07/03/2024,-14644,-1404864800,96.5(1.58 %),70800,6766080000,85444,8170944800,0,49.99
08/03/2024,0,0,96.5(0.00 %),80000,0,80000,0,0,49.99
11/03/2024,0,0,99(2.59 %),0,0,0,0,0,49.99
12/03/2024,0,0,99(0.00 %),0,0,0,0,0,49.0
13/03/2024,0,0,101.5(2.53 %),0,0,0,0,0,49.0
14/03/2024,-1000,-102800000,100.9(-0.59 %),0,0,1000,102800000,0,49.99
15/03/2024,0,0,99.5(-0.80 %),0,0,0,0,0,49.99
18/03/2024,0,0,97.3(-2.21 %),0,0,0,0,1000,49.0
19/03/2024,1000,96100000,96.5(-0.82 %),1000,96100000,0,0,0,49.0
20/03/2024,-13300,-1287880000,98.2(1.76 %),0,0,13300,1287880000,14300,49.99
21/03/2024,0,0,98.7(0.51 %),0,0,0,0,14300,49.99
22/03/2024,-200,-19580000,98.5(-0.20 %),0,0,200,19580000,14500,49.99
25/03/2024,13300,1307390000,96(-2.54 %),13300,1307390000,0,0,50,49.0
26/03/2024,-20400,-1968220000,97.4(1.46 %),0,0,20400,1968220000,50,49.99
27/03/2024,300,29400000,97.5(0.10 %),300,29400000,0,0,0,49.0
28/03/2024,0,0,97.7(0.21 %),0,0,0,0,20400,48.99
29/03/2024,0,0,98.9(1.23 %),0,0,0,0,0,49.0
01/04/2024,-300,-29510000,98.9(0.00 %),0,0,300,29510000,0,49.0
02/04/2024,0,0,99(0.10 %),0,0,0,0,20700,49.99
03/04/2024,0,0,97(-2.02 %),0,0,0,0,300,49.0
04/04/2024,300,29160000,97.5(0.52 %),300,29160000,0,0,20400,49.99
05/04/2024,0,0,96.9(-0.62 %),0,0,0,0,0,49.0
08/04/2024,0,0,95.5(-1.44 %),0,0,0,0,20400,49.99
09/04/2024,-200,-19260000,97(1.57 %),0,0,200,19260000,20600,49.99
10/04/2024,0,0,100.6(3.71 %),0,0,0,0,20600,49.99
11/04/2024,0,0,100(-0.60 %),0,0,0,0,200,49.0
12/04/2024,200,20140000,103.1(3.10 %),200,20140000,0,0,0,49.0
15/04/2024,0,0,96.5(-6.40 %),0,0,0,0,20400,49.99
16/04/2024,-1100,-106590000,95.9(-0.62 %),0,0,1100,106590000,21500,49.99
17/04/2024,-169000,-15723430000,92.5(-3.55 %),0,0,169000,15723430000,189400,49.94
19/04/2024,-2400,-219600000,91.5(-1.08 %),0,0,2400,219600000,191800,49.94
22/04/2024,0,0,93.4(2.08 %),0,0,0,0,99000,48.97
23/04/2024,14800,1380840000,92.5(-0.96 %),14800,1380840000,0,0,2400,49.0
24/04/2024,2400,222240000,94.3(1.95 %),2400,222240000,0,0,174600,49.94
25/04/2024,0,0,94.2(-0.11 %),0,0,0,0,174600,49.94
26/04/2024,-38500,-3643180000,95(0.85 %),0,0,38500,3643180000,0,49.0
02/05/2024,-52100,-4922200000,96.1(1.16 %),0,0,52100,4922200000,0,49.0
03/05/2024,-3000,-288730000,96.5(0.42 %),0,0,3000,288730000,38500,48.99
06/05/2024,4700,453650000,95.9(-0.62 %),4900,472850000,200,19200000,52166,48.98
07/05/2024,26800,2681460000,98(2.19 %),52000,5109970000,25200,2428510000,3166,49.0
08/05/2024,-52600,-5124880000,97.6(-0.41 %),3100,303800000,55700,5428680000,266,49.0
09/05/2024,-800,-76680000,96.5(-1.13 %),200,19520000,1000,96200000,25200,48.99
10/05/2024,-49800,-4842830000,97.5(1.04 %),25200,2457000000,75000,7299830000,55700,48.98
13/05/2024,-46800,-4534620000,97.2(-0.31 %),15000,1469650000,61800,6004270000,41586,48.99
14/05/2024,300,51910000,96.4(-0.82 %),41500,4062850000,41200,4010940000,386400,49.88
15/05/2024,71100,6900010000,96.7(0.31 %),75000,7275000000,3900,374990000,315300,49.9
16/05/2024,-400,-38970000,97.2(0.52 %),0,0,400,38970000,315700,49.9
17/05/2024,-15400,-1529440000,99.1(1.95 %),0,0,15400,1529440000,3900,49.0
20/05/2024,-305100,-29876710000,97.4(-1.72 %),3900,387200000,309000,30263910000,400,49.0
21/05/2024,-100,-10300000,98(0.62 %),400,39400000,500,49700000,15400,49.0
22/05/2024,15300,1508680000,98.1(0.10 %),15400,1518440000,100,9760000,309019,48.91
23/05/2024,308800,30091860000,98.1(0.00 %),309000,30111160000,200,19300000,519,49.0
24/05/2024,500,48500000,94.9(-3.26 %),500,48500000,0,0,311300,49.9
27/05/2024,-10200,-963120000,94.2(-0.74 %),100,9500000,10300,972620000,200,49.0
28/05/2024,-1200,-113120000,94.9(0.74 %),200,18840000,1400,131960000,0,49.0
29/05/2024,-1000,-94200000,93.3(-1.69 %),0,0,1000,94200000,10300,49.0
30/05/2024,-259700,-23900780000,92.9(-0.43 %),10300,954810000,270000,24855590000,1400,49.0
31/05/2024,-190100,-17728530000,93.9(1.08 %),1400,130060000,191500,17858590000,1000,49.0
03/06/2024,-449100,-41845190000,93.6(-0.32 %),1000,94000000,450100,41939190000,1000,49.99
04/06/2024,-29700,-2779920000,94.8(1.28 %),0,0,29700,2779920000,30700,49.98
05/06/2024,-219400,-20703500000,94.4(-0.42 %),1500,142500000,220900,20846000000,250100,49.92
06/06/2024,450100,43039220000,95(0.64 %),530100,50663220000,80000,7624000000,29712,48.99
07/06/2024,-171788,-16167180000,94.6(-0.42 %),89712,8462640000,261500,24629820000,220900,48.93
10/06/2024,212100,-747880000,94.6(0.00 %),240900,1972600000,28800,2720480000,8800,49.99
11/06/2024,-33,-3135100,94.3(-0.32 %),0,0,33,3135100,29712,48.99
12/06/2024,201500,0,96.9(2.76 %),201500,0,0,0,8800,49.0
13/06/2024,0,0,97.3(0.41 %),0,0,0,0,33,49.0
14/06/2024,33,3210900,95.8(-1.54 %),30933,2985060900,30900,2981850000,0,49.0
17/06/2024,-45100,-4304350000,96(0.21 %),0,0,45100,4304350000,47766,48.99
18/06/2024,47696,-391800,96.6(0.62 %),547566,48181402200,499870,48181794000,0,49.0
19/06/2024,0,0,96.8(0.21 %),300000,28740000000,300000,28740000000,0,49.0
20/06/2024,-2800,-270540000,97.8(1.03 %),35000,3412500000,37800,3683040000,70,49.0
21/06/2024,70,6859600,97.7(-0.10 %),121570,11918009600,121500,11911150000,0,49.0
24/06/2024,0,0,97.3(-0.41 %),20100,1917540000,20100,1917540000,2800,49.0
25/06/2024,-6300,-605463400,96.5(-0.82 %),2800,269920000,9100,875383400,0,49.0
26/06/2024,-7100,-672100000,96.1(-0.41 %),0,0,7100,672100000,0,49.0
27/06/2024,0,0,95.5(-0.62 %),29200,2768160000,29200,2768160000,9100,49.0
28/06/2024,9100,868140000,95.5(0.00 %),9100,868140000,0,0,0,49.0
04/07/2024,0,0,94.9(0.32 %),0,0,0,0,0,0.0
05/07/2024,0,0,95(0.11 %),0,0,0,0,0,0.0
08/07/2024,0,0,95.4(0.42 %),0,0,0,0,0,0.0
09/07/2024,-2800,-266780000,98.7(3.46 %),0,0,2800,266780000,0,0.0
10/07/2024,0,0,98(-0.71 %),0,0,0,0,0,0.0
11/07/2024,0,0,97.4(-0.61 %),0,0,0,0,0,0.0
12/07/2024,2800,273840000,97.7(0.31 %),2800,273840000,0,0,2800,0.0
15/07/2024,0,0,97.7(0.00 %),0,0,0,0,2800,0.0
16/07/2024,0,0,97.1(-0.61 %),0,0,0,0,2800,0.0
17/07/2024,0,0,95.9(-1.24 %),0,0,0,0,2800,0.0
18/07/2024,-2400,-228660000,96(0.10 %),0,0,2400,228660000,5200,0.0
19/07/2024,0,0,95.7(-0.31 %),0,0,0,0,5200,0.0
22/07/2024,0,0,94.2(-1.57 %),0,0,0,0,5200,0.0
23/07/2024,-600,-58380000,93.8(-0.42 %),2400,226320000,3000,284700000,5800,0.0
24/07/2024,-1200,-112350000,94.8(1.07 %),0,0,1200,112350000,7000,0.0
25/07/2024,0,0,94.8(0.00 %),0,0,0,0,7000,0.0
26/07/2024,1600,152800000,96.2(1.48 %),3000,285900000,1400,133100000,5400,0.0
29/07/2024,1200,116040000,96.8(0.62 %),1200,116040000,0,0,4200,0.0
30/07/2024,1200,116040000,96.9(0.10 %),1200,116040000,0,0,3000,0.0
31/07/2024,-28700,-2777740000,97.1(0.21 %),1400,136220000,30100,2913960000,31700,0.0
01/08/2024,0,0,97.8(0.72 %),0,0,0,0,31700,0.0
02/08/2024,1000,95600000,99(1.23 %),1000,95600000,0,0,30700,0.0
05/08/2024,100,9690000,95.2(-3.84 %),100,9690000,0,0,30600,0.0
06/08/2024,-13700,-1296950000,95.6(0.42 %),0,0,13700,1296950000,44300,0.0
07/08/2024,0,0,95.5(-0.10 %),0,0,0,0,44300,0.0
08/08/2024,-6200,-587140000,94.3(-1.26 %),0,0,6200,587140000,50500,0.0
09/08/2024,13700,1304240000,95.6(1.38 %),13700,1304240000,0,0,36800,0.0
12/08/2024,-5400,-515980000,97(1.46 %),0,0,5400,515980000,42200,0.0
13/08/2024,6200,602640000,97.4(0.41 %),6200,602640000,0,0,36000,0.0
14/08/2024,-5200,-508290000,97.4(0.00 %),0,0,5200,508290000,41200,0.0
15/08/2024,-12800,-1240090000,96.9(-0.51 %),5400,524880000,18200,1764970000,54000,0.0
16/08/2024,0,0,98.1(1.24 %),0,0,0,0,54000,0.0
19/08/2024,5200,514800000,104.9(6.93 %),5200,514800000,0,0,48800,0.0
20/08/2024,10800,1148450000,108(2.96 %),18200,1940120000,7400,791670000,38000,0.0
21/08/2024,-100,-10810000,108.4(0.37 %),0,0,100,10810000,38100,0.0
22/08/2024,0,0,109.3(0.83 %),0,0,0,0,38100,0.0
23/08/2024,-14600,-1570280000,108.9(-0.37 %),7400,811040000,22000,2381320000,52700,0.0
26/08/2024,-115200,-12143600000,102.6(-5.79 %),100,10700000,115300,12154300000,167900,0.0
27/08/2024,0,0,103(0.39 %),0,0,0,0,167900,0.0
28/08/2024,-2700,-274590000,101.6(-1.36 %),0,0,2700,274590000,170600,0.0
29/08/2024,-13100,-1339960000,101(-0.59 %),0,0,13100,1339960000,183700,0.0
30/08/2024,-7800,-797160000,102.2(1.19 %),0,0,7800,797160000,191500,0.0
04/09/2024,2900,293190000,101.2(-0.98 %),3000,303300000,100,10110000,3066,0.0
05/09/2024,-30400,-3093260000,100.1(-1.09 %),13100,1334890000,43500,4428150000,33466,0.0
06/09/2024,4800,479700000,99.6(-0.50 %),7800,780000000,3000,300300000,28666,0.0
09/09/2024,-10400,-1034770000,99.5(-0.10 %),100,9930000,10500,1044700000,39066,0.0
10/09/2024,43500,4340760000,99(-0.50 %),43500,4340760000,0,0,-4434,0.0
11/09/2024,0,0,99.2(0.20 %),0,0,0,0,0,0.0
12/09/2024,10500,1048950000,99.4(0.20 %),10500,1048950000,0,0,10500,0.0
13/09/2024,0,0,99.8(0.40 %),0,0,0,0,10500,0.0
16/09/2024,0,0,99.5(-0.30 %),0,0,0,0,10500,0.0
17/09/2024,0,0,100(0.50 %),0,0,0,0,10500,0.0
18/09/2024,0,0,100(0.00 %),0,0,0,0,10500,0.0
19/09/2024,-2000,-197800000,98.9(-1.10 %),0,0,2000,197800000,12500,0.0
20/09/2024,0,0,98.8(-0.10 %),0,0,0,0,12500,0.0
23/09/2024,0,0,99.1(0.30 %),0,0,0,0,12500,0.0
24/09/2024,2000,198200000,99.4(0.30 %),2000,198200000,0,0,10500,0.0
25/09/2024,-23300,-2314400000,99.6(0.20 %),0,0,23300,2314400000,33800,0.0
26/09/2024,-1300,-130260000,99.3(-0.30 %),0,0,1300,130260000,35100,0.0
27/09/2024,0,0,99(-0.30 %),0,0,0,0,35100,0.0
30/09/2024,-23300,-2298980000,98.8(-0.20 %),0,0,23300,2298980000,58400,0.0
01/10/2024,1300,128700000,98.4(-0.40 %),1300,128700000,0,0,1333,0.0
02/10/2024,-200,-19620000,98(1.03 %),0,0,200,19620000,1533,0.0
03/10/2024,100,9800000,97.2(-0.82 %),100,9800000,0,0,1433,0.0
04/10/2024,0,0,95.4(-1.85 %),0,0,0,0,1433,0.0
07/10/2024,200,19100000,95.4(0.00 %),200,19100000,0,0,1233,0.0
08/10/2024,0,0,94.8(-0.63 %),0,0,0,0,1233,0.0
09/10/2024,0,0,94.4(-0.42 %),0,0,0,0,1233,0.0
10/10/2024,-700,-66540000,95.5(1.17 %),0,0,700,66540000,1933,0.0
11/10/2024,-500,-47500000,95.4(-0.10 %),0,0,500,47500000,2433,0.0
14/10/2024,0,0,94.7(-0.73 %),0,0,0,0,2433,0.0
15/10/2024,700,66290000,94.1(-0.63 %),700,66290000,0,0,1733,0.0
16/10/2024,500,47150000,94.6(0.53 %),500,47150000,0,0,1233,0.0
17/10/2024,0,0,95.1(0.53 %),0,0,0,0,1233,0.0
18/10/2024,0,0,94.9(-0.21 %),0,0,0,0,1233,0.0
21/10/2024,0,0,94.6(-0.32 %),0,0,0,0,1233,0.0
22/10/2024,0,0,93(-1.69 %),0,0,0,0,1233,0.0
23/10/2024,-200,-18710000,93.8(0.86 %),0,0,200,18710000,1433,0.0
24/10/2024,0,0,94(0.21 %),0,0,0,0,1433,0.0
25/10/2024,0,0,94.1(0.11 %),0,0,0,0,1433,0.0
28/10/2024,100,9430000,94.9(0.85 %),200,18840000,100,9410000,1333,0.0
29/10/2024,0,0,96.3(1.48 %),0,0,0,0,1333,0.0
30/10/2024,0,0,95.5(-0.83 %),0,0,0,0,1333,0.0
31/10/2024,100,9580000,94.8(-0.73 %),100,9580000,0,0,1233,0.0
01/11/2024,-3600,-332720000,91.4(-3.59 %),0,0,3600,332720000,4833,0.0
04/11/2024,-100,-9270000,92.7(1.42 %),0,0,100,9270000,4933,0.0
05/11/2024,-100,-9350000,93.5(0.86 %),0,0,100,9350000,5033,0.0
06/11/2024,2900,271380000,94.3(0.86 %),3600,336960000,700,65580000,2133,0.0
07/11/2024,-8900,-830270000,93.3(-1.06 %),100,9430000,9000,839700000,11033,0.0
08/11/2024,-1100,-101910000,93(-0.32 %),100,9330000,1200,111240000,12133,0.0
11/11/2024,-80300,-7399420000,92.9(-0.11 %),700,64960000,81000,7464380000,92433,0.0
12/11/2024,4400,406630000,93.2(0.32 %),8500,788230000,4100,381600000,0,49.0
13/11/2024,-8300,-772310000,93(-0.21 %),1700,157690000,10000,930000000,96333,0.0
14/11/2024,-4300,-399960000,93(0.00 %),3000,279000000,7300,678960000,100633,0.0
15/11/2024,-15200,-1390440000,91.4(-1.72 %),4100,379510000,19300,1769950000,115833,0.0
18/11/2024,10000,922000000,91.9(0.55 %),10000,922000000,0,0,105833,0.0
19/11/2024,6500,599940000,91.7(-0.22 %),7300,673060000,800,73120000,99333,0.0
20/11/2024,-31200,-2891370000,92.8(1.20 %),19300,1767880000,50500,4659250000,130533,0.0
21/11/2024,0,0,94(1.29 %),0,0,0,0,130533,0.0
22/11/2024,-41700,-3881200000,92.9(-1.17 %),0,0,41700,3881200000,172233,0.0
25/11/2024,-65000,-6035270000,92.9(0.00 %),24800,2307400000,89800,8342670000,0,49.0
26/11/2024,-216000,-20028200000,92.8(-0.11 %),0,0,216000,20028200000,0,49.0
27/11/2024,-41700,-3878100000,93(0.22 %),0,0,41700,3878100000,89813,48.97
28/11/2024,71200,6627580000,92.8(-0.22 %),71200,6627580000,0,0,1200379,48.64
29/11/2024,530900,49324770000,92.9(0.11 %),531100,49343350000,200,18580000,660978,48.8
02/12/2024,349000,32637140000,94(1.18 %),435100,40689550000,86100,8052410000,15823,49.0
03/12/2024,15800,1484860000,93.6(-0.43 %),15800,1484860000,0,0,281,49.0
04/12/2024,-3400,-318580000,94.2(0.64 %),200,18740000,3600,337320000,86101,48.97
05/12/2024,-32100,-3058100000,96(1.91 %),14900,1423900000,47000,4482000000,71201,48.98
09/12/2024,33600,3259270000,96.8(0.41 %),33600,3259270000,0,0,47021,48.99
10/12/2024,47000,4568580000,97(0.21 %),47000,4568580000,0,0,100,49.0
16/12/2024,-3700,-365730000,98.2(1.24 %),200,19500000,3900,385230000,27500,48.99
17/12/2024,0,0,97.8(-0.41 %),0,0,0,0,0,49.0
18/12/2024,-4000,-388940000,97.5(-0.31 %),0,0,4000,388940000,3900,49.0
19/12/2024,-8000,-776730000,97.4(-0.10 %),3900,376740000,11900,1153470000,2,49.0
20/12/2024,0,0,97(-0.41 %),0,0,0,0,0,49.0
24/12/2024,0,0,97.2(-0.10 %),0,0,0,0,0,49.0
25/12/2024,0,0,97.6(0.41 %),0,0,0,0,11200,49.0
26/12/2024,10300,1008730000,97.5(-0.10 %),11200,1096480000,900,87750000,10000,49.0
27/12/2024,10000,976000000,97.6(0.10 %),10000,976000000,0,0,0,49.0
30/12/2024,0,0,97.5(-0.10 %),0,0,0,0,900,49.0
31/12/2024,-500,-49170000,97.9(0.41 %),900,87750000,1400,136920000,0,49.0
02/01/2025,0,0,97.9(0.00 %),0,0,0,0,0,49.0
03/01/2025,0,0,96.6(-1.33 %),0,0,0,0,1400,49.0
06/01/2025,1400,135660000,96.8(0.21 %),1400,135660000,0,0,0,49.0
07/01/2025,-6000,-567600000,94.6(-2.27 %),0,0,6000,567600000,0,49.0
08/01/2025,0,0,96(1.48 %),0,0,0,0,0,49.0
09/01/2025,-15100,-1440570000,95.1(-0.94 %),0,0,15100,1440570000,6000,49.0
10/01/2025,5000,477500000,93.8(-1.37 %),6000,573000000,1000,95500000,0,49.0
13/01/2025,-15300,-1439720000,94.4(0.64 %),0,0,15300,1439720000,15100,49.0
14/01/2025,14200,1357790000,95.4(1.06 %),15100,1443560000,900,85770000,1,49.0
15/01/2025,-9000,-851200000,94.3(-1.15 %),1000,95000000,10000,946200000,153,49.0
16/01/2025,10300,964530000,95(0.74 %),15300,1439730000,5000,475200000,-10147,0.0
17/01/2025,900,85950000,95.2(0.21 %),900,85950000,0,0,10000,49.0
20/01/2025,-8500,-815520000,96.1(0.95 %),10000,957000000,18500,1772520000,0,49.0
21/01/2025,0,0,95.6(-0.52 %),0,0,0,0,33,49.0
22/01/2025,0,0,95.8(0.21 %),0,0,0,0,18366,48.99
23/01/2025,18300,1771510000,97.1(1.36 %),18300,1771510000,0,0,0,49.0
24/01/2025,0,0,97.6(0.51 %),0,0,0,0,0,49.0
03/02/2025,-100,-9830000,0(0.00 %),0,0,100,9830000,0,49.0
04/02/2025,-1200,-117840000,98.2(0.10 %),0,0,1200,117840000,0,49.0
05/02/2025,0,0,98.2(0.00 %),0,0,0,0,100,49.0
06/02/2025,-2400,-236160000,99.6(1.43 %),100,9840000,2500,246000000,1200,49.0
07/02/2025,-5600,-551270000,98.3(-1.31 %),1200,118560000,6800,669830000,0,49.0
10/02/2025,-5600,-536780000,95.2(-2.56 %),0,0,5600,536780000,2502,49.0
11/02/2025,-38500,-3638670000,94.5(-0.74 %),2500,238250000,41000,3876920000,6800,49.0
12/02/2025,-39000,-3706400000,95(0.53 %),6800,646680000,45800,4353080000,5600,49.0
13/02/2025,5600,534800000,95(0.00 %),5600,534800000,0,0,41000,48.99
14/02/2025,40000,3841930000,95.6(0.63 %),41000,3937930000,1000,96000000,45800,48.99
17/02/2025,-92000,-8704130000,95.4(-0.21 %),0,0,92000,8704130000,0,49.0
18/02/2025,-364200,-34240980000,93.6(-1.89 %),0,0,364200,34240980000,0,49.0
19/02/2025,-36900,-3474600000,95(1.50 %),0,0,36900,3474600000,57000,48.98
20/02/2025,-138200,-13029750000,94.1(-0.95 %),5500,520340000,143700,13550090000,380692,48.89
21/02/2025,-1400,-131240000,94.3(0.21 %),2000,188700000,3400,319940000,410592,48.88
24/02/2025,40700,3850570000,94.6(0.32 %),40700,3850570000,0,0,478582,48.86
25/02/2025,82100,7825500000,95.5(0.95 %),97800,9322490000,15700,1496990000,381182,48.89
26/02/2025,381100,36255080000,95.6(0.10 %),381100,36255080000,0,0,0,49.0
27/02/2025,-1900,-180450000,94.7(-0.94 %),0,0,1900,180450000,15750,49.0
28/02/2025,-196100,-18424380000,94(-0.74 %),15700,1473320000,211800,19897700000,49,49.0
03/03/2025,-93200,-8776110000,94.1(0.11 %),0,0,93200,8776110000,1900,49.0
04/03/2025,-4700,-442880000,94.2(0.11 %),700,65800000,5400,508680000,177900,48.95
05/03/2025,-70800,-6604730000,93(-1.27 %),127200,11943630000,198000,18548360000,143800,48.96
06/03/2025,89200,8414580000,93.7(0.75 %),97200,9169470000,8000,754890000,34499,48.99
07/03/2025,27300,2557800000,93.9(0.21 %),34300,3212300000,7000,654500000,180600,48.95
10/03/2025,-20200,-1887620000,93.3(-0.64 %),21300,1989650000,41500,3877270000,149793,48.96
11/03/2025,22800,2127110000,93.4(0.11 %),74500,6940590000,51700,4813480000,149793,48.96
12/03/2025,-757200,-69507910000,91(-2.57 %),7000,647900000,764200,70155810000,99393,48.97
13/03/2025,-641400,-58178950000,90(-1.10 %),67800,6184180000,709200,64363130000,65793,48.98
14/03/2025,-577200,-50801000000,87.4(-2.89 %),65700,5836920000,642900,56637920000,750744,48.78
17/03/2025,-532200,-46204820000,87.9(0.57 %),29400,2557870000,561600,48762690000,1412964,48.58
18/03/2025,-83700,-7396970000,88.2(0.34 %),13100,1158750000,96800,8555720000,2040356,48.4
19/03/2025,36500,3230550000,88.2(0.00 %),115700,10269200000,79200,7038650000,2490889,48.26
20/03/2025,380900,34171550000,89.8(1.81 %),436200,39131970000,55300,4960420000,2153289,48.36
21/03/2025,27700,2474490000,89.6(-0.22 %),28700,2563740000,1000,89250000,2205782,48.35
24/03/2025,-94700,-8391670000,88.5(-1.23 %),3200,285710000,97900,8677380000,2258249,48.33
25/03/2025,-175100,-15339330000,87.8(-0.79 %),50800,4435390000,225900,19774720000,2209029,48.35
26/03/2025,-274000,-23842490000,86.6(-1.37 %),8000,696330000,282000,24538820000,2297862,48.32
27/03/2025,-530000,-45266930000,84.9(-1.96 %),172000,14730260000,702000,59997190000,2418964,48.28
28/03/2025,-2045000,-169095810000,82(-3.42 %),496300,41158820000,2541300,210254630000,2190813,48.35
31/03/2025,24500,2015680000,83.3(1.59 %),452500,37432140000,428000,35416460000,2444203,48.28
01/04/2025,166500,13867170000,83.4(0.12 %),220900,18392240000,54400,4525070000,4768777,47.59
02/04/2025,-77300,-6434400000,82.5(-1.08 %),63100,5283410000,140400,11717810000,5118778,47.49
03/04/2025,-537500,-41516360000,76.8(-6.91 %),288600,22548110000,826100,64064470000,4867682,47.56
04/04/2025,-1577800,-113019250000,72.5(-5.60 %),406000,29090310000,1983800,142109560000,4533913,47.66
08/04/2025,-160700,-10951530000,67.5(-6.90 %),199600,13543130000,360300,24494660000,5021377,47.51
09/04/2025,-311900,-19739750000,62.8(-6.96 %),820300,51661100000,1132200,71400850000,6045033,47.21
10/04/2025,-900,-60390000,67.1(6.85 %),0,0,900,60390000,6259033,47.15
11/04/2025,228400,16382910000,71.7(6.86 %),983400,70477640000,755000,54094730000,6411811,47.1
14/04/2025,-240300,-17792240000,73.7(2.79 %),136500,10087180000,376800,27879420000,6422144,47.1
15/04/2025,-450000,-32051940000,71.5(-2.99 %),113000,8065990000,563000,40117930000,7064144,46.91
16/04/2025,-272600,-18961620000,68.6(-4.06 %),154000,10643690000,426600,29605310000,7286944,46.84
17/04/2025,-317700,-21787070000,69.8(1.75 %),78600,5383120000,396300,27170190000,7771344,46.7
18/04/2025,8200,562930000,72.5(3.87 %),60300,4325880000,52100,3762950000,8137644,46.59
21/04/2025,-458500,-32494340000,69.5(-4.14 %),22100,1558530000,480600,34052870000,8507344,46.48
22/04/2025,-214600,-14911600000,67.1(-3.45 %),315100,20665470000,529700,35577070000,8244344,46.56
23/04/2025,-84700,-5778760000,68.8(2.53 %),645700,44463860000,730400,50242620000,8079259,46.61
24/04/2025,341600,24089210000,71(3.20 %),655700,46318630000,314100,22229420000,7953332,46.65
25/04/2025,279000,19559930000,70.1(-1.27 %),951200,66792910000,672200,47232980000,7732565,46.71
28/04/2025,263100,18522090000,70.8(1.00 %),564800,39771960000,301700,21249870000,7481865,46.79
29/04/2025,120200,8524740000,71.1(0.42 %),321100,22768730000,200900,14243990000,7832895,46.68
05/05/2025,225500,-5171956300,70.8(-0.42 %),225500,16041790000,0,21213746300,8134595,46.59
06/05/2025,411000,29861360000,73.6(3.95 %),633200,45809480000,222200,15948120000,7924494,46.66
07/05/2025,-84400,-6185800000,72.8(-1.09 %),605200,43951790000,689600,50137590000,7997327,46.63
08/05/2025,405500,29870760000,74(1.65 %),952500,69858550000,547000,39987790000,7591757,46.75
09/05/2025,798300,60635520000,76.4(3.24 %),1265100,95972810000,466800,35337290000,6877956,46.97
12/05/2025,637100,49434110000,78.6(2.88 %),770500,59693790000,133400,10259680000,6240816,47.15
13/05/2025,2691300,221217410000,82.2(4.58 %),3089300,253969470000,398000,32752060000,3549453,47.95
14/05/2025,2156800,181222310000,86(4.62 %),2394000,200876200000,237200,19653890000,1392570,48.59
15/05/2025,1092269,67956169900,84.4(-1.86 %),1092269,92917319900,0,24961150000,594401,48.82
16/05/2025,154035,-17848863800,81(-4.03 %),154035,12592348100,0,30441211900,594401,48.82
19/05/2025,376630,29735059800,81.6(0.74 %),376630,30933119800,0,1198060000,232271,48.93
20/05/2025,230723,-2600374300,82.3(0.86 %),230723,18936428300,0,21536802600,452037,48.87
21/05/2025,303400,-19757881500,80.7(-1.94 %),303400,24520190000,0,44278071500,452037,48.87
22/05/2025,114870,-31500096000,78.9(-2.23 %),114870,9046564000,0,40546660000,484782,48.86
23/05/2025,-5300,-420120000,79(0.13 %),21600,1690950000,26900,2111070000,728582,48.78
26/05/2025,94862,634289600,80.5(1.90 %),94862,7512749600,0,6878460000,1119450,48.67
27/05/2025,31600,2536200000,80.3(-0.25 %),57600,4631460000,26000,2095260000,1093122,48.68
28/05/2025,104400,-76007500,79.3(-1.25 %),104400,8320820000,0,8396827500,1093122,48.68
29/05/2025,1092422,51274286000,84(5.93 %),1092422,91471826000,0,40197540000,482000,48.86
30/05/2025,490600,-1621678900,82.5(-1.79 %),490600,41157533000,0,42779211900,482300,48.86
02/06/2025,244918,-7192137600,78.2(-5.21 %),244918,19077872400,0,26270010000,482300,48.86
03/06/2025,261720,-15723232000,77.8(-0.51 %),261720,20448140000,0,36171372000,508345,48.85
04/06/2025,339200,1103600000,78.9(1.41 %),339200,26533690000,0,25430090000,586527,48.83
05/06/2025,276200,378270000,77.9(-1.27 %),276200,21551234200,0,21172964200,783327,48.77
06/06/2025,212400,-9152137200,75.7(-2.82 %),212400,16264850000,0,25416987200,783327,48.77
09/06/2025,60280,-12921725400,74.6(-1.45 %),60280,4516201400,0,17437926800,783327,48.77
10/06/2025,200100,11740617400,76.1(2.01 %),200100,15183797400,0,3443180000,747428,48.78
11/06/2025,-62900,-4779070000,76(-0.13 %),44700,3397940000,107600,8177010000,920548,48.73
12/06/2025,51000,3990500000,78.3(3.03 %),86000,6723660000,35000,2733160000,869498,48.74
13/06/2025,73200,5721090000,78(-0.38 %),113900,8899010000,40700,3177920000,859214,48.75
16/06/2025,464800,37370990000,82(5.13 %),495500,39801830000,30700,2430840000,394416,48.88
17/06/2025,183000,14869290000,81.1(-1.10 %),203700,16564790000,20700,1695500000,210916,48.94
18/06/2025,-119400,-9572970000,80(-1.36 %),42000,3367310000,161400,12940280000,210916,48.94
19/06/2025,50500,4057140000,80.3(0.38 %),64700,5194770000,14200,1137630000,160416,48.95
20/06/2025,2300,186380000,79.6(-0.87 %),31500,2525360000,29200,2338980000,277516,48.92
23/06/2025,47000,3745030000,80.5(1.13 %),64700,5148730000,17700,1403700000,230516,48.93
24/06/2025,200,15920000,80.2(-0.37 %),34900,2810730000,34700,2794810000,230316,48.93
25/06/2025,-137400,-10967950000,79.6(-0.75 %),100700,8052660000,238100,19020610000,230316,48.93
26/06/2025,39900,3219330000,80.9(1.63 %),206800,16604070000,166900,13384740000,190483,48.94
27/06/2025,33800,2769080000,81.9(1.24 %),60700,4949670000,26900,2180590000,294081,48.91
30/06/2025,-33400,-2778590000,83.1(1.47 %),284000,23524500000,317400,26303090000,294081,48.91
01/07/2025,7100,593140000,83.4(0.36 %),210300,17441570000,203200,16848430000,286981,48.92
02/07/2025,136900,11411990000,82.9(-0.60 %),276700,23097100000,139800,11685110000,183431,48.95
03/07/2025,77400,6443020000,82.5(-0.48 %),133300,11085010000,55900,4641990000,106031,48.97
04/07/2025,104600,8695060000,82.7(0.24 %),105800,8794980000,1200,99920000,1400,49.0
07/07/2025,-94000,-7743350000,82.5(-0.24 %),1400,115700000,95400,7859050000,1400,49.0
08/07/2025,-213900,-17630360000,82.3(-0.24 %),1400,115630000,215300,17745990000,1400,49.0
09/07/2025,-354800,-29235190000,82.8(0.61 %),1300,107600000,356100,29342790000,95400,48.97
10/07/2025,-227200,-18739290000,82.3(-0.60 %),95400,7876820000,322600,26616110000,95400,48.97
11/07/2025,59300,4934300000,83.2(1.09 %),247900,20513720000,188600,15579420000,604767,48.82
14/07/2025,361000,30833160000,87.6(5.29 %),377000,32215650000,16000,1382490000,470967,48.86
15/07/2025,140300,12224060000,86.7(-1.03 %),167500,14605340000,27200,2381280000,330600,48.9
16/07/2025,169500,14676820000,88(1.50 %),188400,16295350000,18900,1618530000,161100,48.95
17/07/2025,118600,10394220000,86.3(-1.93 %),161000,14126580000,42400,3732360000,161100,48.95
18/07/2025,31200,2699510000,86.2(-0.12 %),42400,3666160000,11200,966650000,51200,48.98
21/07/2025,-124400,-10630430000,85(-1.39 %),0,0,124400,10630430000,51200,48.98
22/07/2025,18300,1548370000,85.9(1.06 %),51200,4321090000,32900,2772720000,32900,48.99
23/07/2025,17500,1498970000,86(0.12 %),32900,2820800000,15400,1321830000,88600,48.97
24/07/2025,-94400,-8083320000,86(0.00 %),88600,7623100000,183000,15706420000,88600,48.97
25/07/2025,14500,1257120000,86.4(0.47 %),88600,7657030000,74100,6399910000,74100,48.98
28/07/2025,-121500,-10451940000,86(-0.46 %),74100,6378920000,195600,16830860000,168500,48.95
29/07/2025,-110600,-9363130000,84.3(-1.98 %),168500,14437840000,279100,23800970000,168500,48.95
30/07/2025,166600,13991420000,85.5(1.42 %),168500,14153870000,1900,162450000,123400,48.96
31/07/2025,118700,10014660000,84.4(-1.29 %),123400,10410940000,4700,396280000,115322,48.97
01/08/2025,-133500,-11279100000,90.3(6.99 %),115300,9697270000,248800,20976370000,115322,48.97
04/08/2025,15300,1349360000,86.5(-4.21 %),115300,9986620000,100000,8637260000,100000,48.97
05/08/2025,-153500,-13179990000,85.5(-1.16 %),100000,8634000000,253500,21813990000,233478,48.93
06/08/2025,207500,17842840000,86.3(0.94 %),207600,17851430000,100,8590000,25843,48.99
07/08/2025,19800,1739130000,86.4(0.12 %),25800,2257530000,6000,518400000,159500,48.95
08/08/2025,-14400,-1230550000,85.8(-0.69 %),159500,13731050000,173900,14961600000,159500,48.95
11/08/2025,-128200,-11056540000,86.5(0.82 %),55500,4805850000,183700,15862390000,159500,48.95
12/08/2025,47400,4127050000,87.5(1.16 %),49100,4274880000,1700,147830000,126512,48.96
13/08/2025,-188600,-16495450000,88(0.57 %),68800,6080890000,257400,22576340000,254686,48.92
14/08/2025,142100,12431220000,88(0.00 %),249100,21710320000,107000,9279100000,112586,48.97
15/08/2025,64900,5632830000,86.2(-2.05 %),112500,9762290000,47600,4129460000,236185,48.93
18/08/2025,-80000,-6807060000,85(-1.39 %),3400,289790000,83400,7096850000,236185,48.93
19/08/2025,-36200,-3072640000,84.9(-0.12 %),126800,10778460000,163000,13851100000,236185,48.93
20/08/2025,198400,16899560000,85.3(0.47 %),235500,20050290000,37100,3150730000,117690,48.97
21/08/2025,115000,9782180000,85.6(0.35 %),116500,9909830000,1500,127650000,38510,48.99
22/08/2025,-23300,-1953220000,84.8(-0.93 %),33900,2897580000,57200,4850800000,38510,48.99
25/08/2025,28800,2439620000,83.5(-1.53 %),38000,3217100000,9200,777480000,38510,48.99
26/08/2025,-64400,-5377410000,0(-100.00 %),9200,774270000,73600,6151680000,9700,49.0
