Ngay,KLGDRong,GTDGRong,ThayDoi,KLMua,GtMua,KLBan,GtBan,RoomConLai,DangSoHuu
15/07/2021,-195000,-5666000000,0(0.00 %),0,0,195000,5666000000,0,49.0
16/07/2021,-10000,-299000000,0(0.00 %),0,0,10000,299000000,0,18.04
19/07/2021,-30000,-885100000,0(0.00 %),0,0,30000,885100000,0,18.04
20/07/2021,-12100,-338350000,0(0.00 %),2900,81650000,15000,420000000,0,18.04
21/07/2021,265100,7608970000,0(0.00 %),296100,8498340000,31000,889370000,191007,17.99
22/07/2021,354000,10567630000,0(0.00 %),354000,10567630000,0,0,0,50.05
23/07/2021,234300,6884550000,0(0.00 %),234600,6893550000,300,9000000,114074114,18.15
26/07/2021,0,0,27.5(-3.51 %),0,0,0,0,114074114,18.15
27/07/2021,-11700,-321320000,26.9(-2.18 %),200,5500000,11900,326820000,114085814,18.15
28/07/2021,-15500,-418180000,26(-3.35 %),0,0,15500,418180000,114101314,18.15
29/07/2021,-24800,-642720000,25.8(-0.77 %),200,5280000,25000,648000000,114126114,18.14
30/07/2021,204100,5422790000,26.7(3.49 %),204100,5422790000,0,0,113922014,18.2
02/08/2021,1000,26110000,25.9(-3.00 %),1000,26110000,0,0,113882314,18.21
03/08/2021,254900,6442910000,25.6(-1.16 %),255000,6445480000,100,2570000,113627414,18.28
04/08/2021,279500,7307780000,26.6(3.91 %),279600,7310350000,100,2570000,113347914,18.36
05/08/2021,181200,4867750000,27.2(2.26 %),181200,4867750000,0,0,113166714,18.41
06/08/2021,756000,21028970000,27.9(2.57 %),756000,21028970000,0,0,112410714,18.62
09/08/2021,680600,19432540000,29.2(4.66 %),681100,19446830000,500,14290000,111730114,18.81
10/08/2021,168000,4851320000,29.2(0.00 %),168000,4851320000,0,0,111562114,18.85
11/08/2021,432400,12405530000,28.4(-2.74 %),432400,12405530000,0,0,111129714,18.98
12/08/2021,50200,1425680000,28.4(0.00 %),50200,1425680000,0,0,111079514,18.99
13/08/2021,114900,3205470000,28.2(-0.70 %),161900,4534220000,47000,1328750000,110964614,0.0
16/08/2021,59000,1710520000,29.1(3.19 %),79000,2290520000,20000,580000000,110905614,19.04
17/08/2021,136000,3903640000,28.4(-2.41 %),136000,3903640000,0,0,110769614,19.08
18/08/2021,2000,56000000,28(-1.41 %),8000,226400000,6000,170400000,110767614,19.08
19/08/2021,123200,3439820000,28(0.00 %),123200,3439820000,0,0,110644414,19.11
20/08/2021,262700,7279440000,27(-3.57 %),262700,7279440000,0,0,110381714,19.18
23/08/2021,145100,3824930000,25.7(-4.81 %),145100,3824930000,0,0,110236614,19.22
24/08/2021,136400,3638390000,26.8(4.28 %),137400,3665290000,1000,26900000,110100214,19.26
25/08/2021,160600,4342270000,27.2(1.49 %),200600,5414720000,40000,1072450000,109939614,19.31
26/08/2021,471600,13232640000,28.5(4.78 %),623600,17460240000,152000,4227600000,109468014,19.44
27/08/2021,460200,13045320000,28.5(0.00 %),515200,14579050000,55000,1533730000,109007814,19.57
06/09/2021,78400,2216245000,28.5(0.00 %),82400,2330445000,4000,114200000,108845514,19.61
07/09/2021,21100,590010000,28(-1.75 %),23100,646810000,2000,56800000,108824414,19.62
08/09/2021,206900,5835810000,28.35(1.25 %),206900,5835810000,0,0,108617514,19.68
09/09/2021,32300,912635000,28.05(-1.06 %),32300,912635000,0,0,108585214,19.69
10/09/2021,57000,1603775000,28.1(0.18 %),57000,1603775000,0,0,108528214,19.7
13/09/2021,233900,6632445000,28.85(2.67 %),234900,6660445000,1000,28000000,108294314,19.77
14/09/2021,120700,3456945000,28.55(-1.04 %),120700,3456945000,0,0,108173614,19.8
15/09/2021,150100,4267245000,28.55(0.00 %),150100,4267245000,0,0,108023514,19.84
16/09/2021,148400,4187660000,28.2(-1.23 %),148400,4187660000,0,0,107875114,19.88
17/09/2021,539400,15458970000,29(2.84 %),559400,16030240000,20000,571270000,107335714,20.03
20/09/2021,50000,1445835000,28.7(-1.03 %),50000,1445835000,0,0,107285714,20.05
21/09/2021,50000,1417015000,28.5(-0.70 %),50000,1417015000,0,0,107235714,20.06
22/09/2021,52200,1478555000,28.2(-1.05 %),52700,1492705000,500,14150000,107183514,20.08
23/09/2021,650500,18777915000,28.8(2.13 %),652400,18832540000,1900,54625000,106533014,20.26
24/09/2021,83600,2405910000,28.9(0.35 %),83600,2405910000,0,0,106449414,20.28
27/09/2021,574700,16627350000,29(0.35 %),582200,16846250000,7500,218900000,105874714,20.44
28/09/2021,-36500,-1040215000,28.75(-0.86 %),88500,2525980000,125000,3566195000,105911214,20.43
29/09/2021,12100,346910000,28.45(-1.04 %),26300,751120000,14200,404210000,105899114,20.44
30/09/2021,142600,4065725000,28.6(0.53 %),184300,5253565000,41700,1187840000,105756514,20.48
01/10/2021,65300,1872355000,28.3(-1.05 %),65300,1872355000,0,0,105622214,20.51
04/10/2021,31900,899680000,28.4(0.35 %),34300,967840000,2400,68160000,105590314,20.52
05/10/2021,207200,5896365000,28.65(0.88 %),208500,5933480000,1300,37115000,105383114,20.58
06/10/2021,34900,1006065000,28.8(0.52 %),38900,1122065000,4000,116000000,105348214,0.0
07/10/2021,138600,3994575000,28.9(0.35 %),138600,3994575000,0,0,105209614,0.0
08/10/2021,179000,5166240000,28.9(0.00 %),179000,5166240000,0,0,105030614,0.0
11/10/2021,209900,5975971200,30.9(6.92 %),212400,6052351200,2500,76380000,104820714,0.0
12/10/2021,665500,21295710000,32.5(5.18 %),665500,21295710000,0,0,104155214,0.0
13/10/2021,51800,1684475000,32.45(-0.15 %),53800,1749475000,2000,65000000,104103414,0.0
14/10/2021,56900,1816900000,31.55(-2.77 %),358600,11389930000,301700,9573030000,104046514,0.0
15/10/2021,21000,744565000,31.2(-1.11 %),541000,16966860000,520000,16222295000,104025514,0.0
18/10/2021,276100,8679600000,31(-0.64 %),276100,8679600000,0,0,103749414,0.0
19/10/2021,248000,7733405000,31.5(1.61 %),448000,13982805000,200000,6249400000,103501414,0.0
20/10/2021,9200,286415000,30.8(-2.22 %),216200,6690490000,207000,6404075000,103492214,0.0
21/10/2021,32000,974790000,30.3(-1.62 %),732000,22210090000,700000,21235300000,103469414,0.0
22/10/2021,216000,6546725000,30.3(0.00 %),220000,6668025000,4000,121300000,103253414,0.0
25/10/2021,53500,1595680000,29.6(-2.31 %),130300,3918785000,76800,2323105000,103199914,0.0
26/10/2021,-155400,-4461655000,29(-2.03 %),299600,8575650000,455000,13037305000,103355314,0.0
27/10/2021,56500,1697975000,30.6(5.52 %),579800,17464455000,523300,15766480000,103298814,0.0
28/10/2021,163000,4940380000,30.6(0.00 %),170500,5167055000,7500,226675000,103135814,21.21
29/10/2021,100500,3031580000,30.4(-0.65 %),126000,3807355000,25500,775775000,103035314,21.24
01/11/2021,252500,7690150000,30.6(0.66 %),258100,7861060000,5600,170910000,102983714,21.25
02/11/2021,301900,9306200000,31.4(2.61 %),302300,9318440000,400,12240000,102681814,21.33
03/11/2021,218600,6714375000,30.8(-1.91 %),218600,6714375000,0,0,102463214,0.0
04/11/2021,0,0,30.9(0.32 %),0,0,0,0,102681814,21.33
05/11/2021,150500,4582565000,30.35(-1.78 %),150500,4582565000,0,0,102531314,0.0
08/11/2021,25700,778040000,30.95(1.98 %),125800,3832380000,100100,3054340000,102656114,21.34
09/11/2021,-28100,-861435000,30.6(-1.13 %),11900,363330000,40000,1224765000,102684214,21.33
10/11/2021,0,0,31.1(1.63 %),0,0,0,0,102684214,21.33
11/11/2021,-240100,-7427450000,30.5(-1.93 %),15400,469700000,255500,7897150000,102924314,21.27
12/11/2021,500,14800000,30.5(0.00 %),1500,45450000,1000,30650000,102923814,21.27
15/11/2021,347400,10758300000,31.05(1.80 %),348900,10804650000,1500,46350000,102576414,21.36
16/11/2021,133100,4123575000,30.7(-1.13 %),583100,18066825000,450000,13943250000,102443314,0.0
17/11/2021,169000,5206010000,31.1(1.30 %),169000,5206010000,0,0,102274314,21.45
18/11/2021,142100,4467975000,32.15(3.38 %),742100,23590575000,600000,19122600000,102132214,0.0
19/11/2021,117500,3809950000,32.75(1.87 %),497100,16307880000,379600,12497930000,102014714,21.52
22/11/2021,-19900,-668870000,31.9(-2.60 %),16300,525730000,36200,1194600000,102034614,21.51
23/11/2021,-182000,-5817970000,31.8(-0.31 %),103500,3308880000,285500,9126850000,102216614,21.46
24/11/2021,-237500,-7774330000,32(0.63 %),1800,57410000,239300,7831740000,102454114,21.4
25/11/2021,-245300,-8087235000,32.65(2.03 %),841900,27795790000,1087200,35883025000,102699414,0.0
26/11/2021,-526100,-16763015000,31.2(-4.44 %),150000,4702500000,676100,21465515000,103225514,0.0
29/11/2021,0,0,30.65(-1.76 %),0,0,0,0,103225514,21.18
30/11/2021,-219300,-7180720000,32.75(6.85 %),162800,5290840000,382100,12471560000,103444814,21.12
01/12/2021,-1033600,-35607850000,34(3.82 %),58200,1973715000,1091800,37581565000,101521214,21.66
02/12/2021,315700,10635300000,33.9(-0.29 %),323200,10890275000,7500,254975000,101205514,21.75
03/12/2021,609500,20569855000,32.9(-2.95 %),727400,24568165000,117900,3998310000,100596014,21.92
06/12/2021,-54400,-1654330000,32(-2.74 %),272400,8876350000,326800,10530680000,100650414,21.9
07/12/2021,194700,6271425000,32.5(1.56 %),197200,6353425000,2500,82000000,100455714,21.96
08/12/2021,412900,13508210000,33.85(4.15 %),440500,14419130000,27600,910920000,100042814,22.07
09/12/2021,899700,32036085000,36.2(6.94 %),1218700,42862835000,319000,10826750000,99143114,0.0
10/12/2021,753700,27847550000,36.95(2.07 %),997700,36859925000,244000,9012375000,98389414,22.53
13/12/2021,476000,17913767400,38.5(4.19 %),782800,29514586200,306800,11600818800,97913414,0.0
14/12/2021,169400,6427365000,37.2(-3.38 %),425100,16131085000,255700,9703720000,98076514,0.0
15/12/2021,359800,13289525000,36.6(-1.61 %),400000,14769660000,40200,1480135000,97716714,0.0
16/12/2021,427100,16050390000,38.2(4.37 %),445900,16764220000,18800,713830000,97289614,0.0
17/12/2021,187300,7184315000,37.95(-0.65 %),187300,7184315000,0,0,97102314,0.0
20/12/2021,-56900,-2104935000,36.75(-3.16 %),208200,7644320000,265100,9749255000,97159214,0.0
21/12/2021,116300,4364820000,36.5(-0.68 %),216300,8025725000,100000,3660905000,97042914,0.0
22/12/2021,71800,2653255000,37(1.37 %),71800,2653255000,0,0,96971114,0.0
23/12/2021,0,0,35.9(-2.97 %),0,0,0,0,96971114,0.0
24/12/2021,101400,3652225200,36.5(1.67 %),104200,3753075600,2800,100850400,96869714,0.0
27/12/2021,12500,447005000,36.1(-1.10 %),20600,741600000,8100,294595000,99030214,22.35
28/12/2021,126500,4640755000,36.95(2.35 %),126500,4640755000,0,0,98903714,0.0
29/12/2021,28000,1037150000,37(0.00 %),28000,1037150000,0,0,98886614,22.39
30/12/2021,47100,1699445000,35.65(-3.65 %),60900,2200565000,13800,501120000,98825714,22.41
31/12/2021,207800,7731960000,37.3(4.48 %),213000,7914940000,5200,182980000,98612714,22.47
04/01/2022,8400,321950000,37(-0.80 %),58800,2191970000,50400,1870020000,98567714,22.48
05/01/2022,-102800,-3764180000,36.5(-1.35 %),2700,98865000,105500,3863045000,98570214,22.48
06/01/2022,-131600,-4753740000,37(1.37 %),373900,14023855000,505500,18777595000,98246714,22.57
07/01/2022,-57600,-2116950000,36.3(-1.89 %),133500,4884520000,191100,7001470000,98268714,22.57
10/01/2022,46400,1234734300,36.1(-0.55 %),407500,3484368900,361100,2249634600,98666414,22.46
11/01/2022,287400,10481015000,36.6(1.39 %),394100,14367550000,106700,3886535000,98413414,22.53
12/01/2022,-232000,-8101305000,34.65(-5.33 %),69400,2408985000,301400,10510290000,98405414,22.53
13/01/2022,276500,9718145000,34(-2.02 %),413100,14478285000,136600,4760140000,98099014,22.61
14/01/2022,65400,2269430000,35.2(3.53 %),67000,2325035000,1600,55605000,98333414,22.55
17/01/2022,-13000,-468235000,34.55(-1.85 %),6600,225890000,19600,694125000,98463414,22.51
18/01/2022,53800,1792250000,34(-1.59 %),87700,2919445000,33900,1127195000,98377314,22.54
19/01/2022,19900,677350000,34(0.00 %),200000,6797710000,180100,6120360000,98196914,22.59
20/01/2022,57500,1906100000,33.65(-1.03 %),244600,8254795000,187100,6348695000,97986214,22.64
21/01/2022,-37200,-1253155000,33.4(-1.76 %),2000,66850000,39200,1320005000,98164314,22.6
24/01/2022,-18500,-597045000,32.4(-2.99 %),52600,1706755000,71100,2303800000,98298814,22.56
25/01/2022,32600,1122765000,34.45(6.33 %),113700,3726090000,81100,2603325000,98224314,22.58
26/01/2022,-140600,-4568064900,32.35(-6.23 %),16400,177082200,157000,4745147100,98279014,22.56
27/01/2022,-57800,-1852370000,32.9(1.54 %),149400,4927820000,207200,6780190000,98210714,22.58
28/01/2022,24400,816750000,33(0.30 %),108400,3590805000,84000,2774055000,98259314,22.57
07/02/2022,-404000,-13307252800,33.1(0.30 %),202700,6645665000,606700,19952917800,98263814,22.57
08/02/2022,-244000,-8139325000,34.8(5.14 %),56000,1919235000,300000,10058560000,98291814,22.56
09/02/2022,-61300,-2083820000,34.2(-1.72 %),102900,3536025000,164200,5619845000,98795614,22.42
10/02/2022,-218500,-7499130000,34.8(1.75 %),145700,5027065000,364200,12526195000,98949914,22.38
11/02/2022,-3000,-102110000,34.45(-1.01 %),55500,1913105000,58500,2015215000,99058614,22.35
14/02/2022,-186600,-6379880000,34.4(-0.29 %),82400,2827460000,269000,9207340000,99340414,22.27
15/02/2022,-500,19450000,35(1.74 %),278800,9723505000,279300,9704055000,99120114,22.33
16/02/2022,5400,182995000,34.85(-0.43 %),287600,10044650000,282200,9861655000,99101514,22.33
17/02/2022,-154100,-5373085000,35(0.29 %),275700,9639295000,429800,15012380000,99107114,22.33
18/02/2022,61900,2160050000,35(0.00 %),195200,6799125000,133300,4639075000,99194114,22.31
21/02/2022,-91000,-3214500000,35.55(1.57 %),499900,17769435000,590900,20983935000,99124014,22.33
22/02/2022,52800,1820415000,35.2(-1.12 %),370300,12945600000,317500,11125185000,98887014,22.39
23/02/2022,-337000,-11934000000,35.95(2.13 %),668000,23689355000,1005000,35623355000,98809914,22.41
24/02/2022,358800,13073730000,37.75(4.86 %),589000,21404515000,230200,8330785000,98538414,22.49
25/02/2022,504100,20047450000,40.35(6.75 %),529000,21029330000,24900,981880000,99014414,22.36
28/02/2022,-225900,-9002210000,39.95(-1.11 %),138700,5546040000,364600,14548250000,99105914,22.33
01/03/2022,-29300,-1167000000,39.75(-0.62 %),20800,820465000,50100,1987465000,99110014,22.33
02/03/2022,95800,3753120000,39.3(-1.26 %),96400,3776790000,600,23670000,99378214,22.26
03/03/2022,355800,14048915000,40(1.78 %),601700,23728395000,245900,9679480000,98826614,22.41
04/03/2022,26000,1062395000,39.3(-1.75 %),215700,8690375000,189700,7627980000,98611514,22.47
07/03/2022,-145900,-5638120000,38.5(-2.04 %),3300,127470000,149200,5765590000,98855114,22.4
08/03/2022,-71600,-2697870000,37.15(-3.51 %),332300,12600475000,403900,15298345000,98712514,22.44
09/03/2022,-400200,-14861885000,37.8(1.61 %),12100,440655000,412300,15302540000,98849614,22.4
10/03/2022,87700,3415480000,39.95(5.69 %),87700,3415480000,0,0,99166814,22.32
11/03/2022,14900,583315000,39.95(-0.12 %),14900,583315000,0,0,99564214,22.2
14/03/2022,-51200,-1999565000,39.7(-0.75 %),2100,82990000,53300,2082555000,99562114,22.2
15/03/2022,-122500,-4780915000,39.1(-1.51 %),16600,650575000,139100,5431490000,99545514,22.21
16/03/2022,-38700,-1495225000,39.5(1.02 %),96300,3775675000,135000,5270900000,99502514,22.22
17/03/2022,173900,6874645000,39.5(0.00 %),201100,7952775000,27200,1078130000,99440514,22.24
18/03/2022,43900,1686785000,38.9(-1.52 %),195500,7599695000,151600,5912910000,99380014,22.26
21/03/2022,470100,18740355000,40.8(4.88 %),483400,19262575000,13300,522220000,98923814,22.38
22/03/2022,501800,20273045000,40.6(-0.49 %),506200,20450970000,4400,177925000,98569214,22.48
23/03/2022,280600,11231165000,39.5(-2.71 %),400000,15987260000,119400,4756095000,98182514,22.59
24/03/2022,165600,6414265000,39.85(0.89 %),324400,12661880000,158800,6247615000,97862514,22.68
25/03/2022,-27700,-1083965000,39.4(-1.25 %),18800,735770000,46500,1819735000,97963114,22.65
28/03/2022,12900,469900000,37.05(-5.96 %),58000,2201535000,45100,1731635000,98063914,22.62
29/03/2022,-282400,-10567340000,37.15(0.13 %),191000,7161185000,473400,17728525000,97919414,22.66
30/03/2022,37900,1327475000,36(-3.23 %),155300,5603625000,117400,4276150000,97809214,22.69
31/03/2022,-153600,-5540315000,36(0.00 %),108500,3920785000,262100,9461100000,98174114,22.59
01/04/2022,79200,2828735000,36.7(1.94 %),219200,7884720000,140000,5055985000,98072314,22.62
04/04/2022,138500,5166115000,36.8(0.27 %),280500,10450475000,142000,5284360000,98053914,22.63
05/04/2022,-9900,-358880000,36.6(-0.54 %),117300,4297725000,127200,4656605000,98076614,22.62
06/04/2022,140300,5105225000,36.6(0.00 %),263400,9596550000,123100,4491325000,97955214,22.65
07/04/2022,194400,7002430000,35.6(-2.73 %),207800,7487230000,13400,484800000,97760814,0.0
08/04/2022,55900,1951740000,33.6(-5.62 %),77400,2712005000,21500,760265000,97920314,22.66
12/04/2022,119000,4079455000,33.95(1.04 %),152500,5211805000,33500,1132350000,97801314,0.0
13/04/2022,61000,2086135000,34.7(2.06 %),73800,2521080000,12800,434945000,97781214,22.7
14/04/2022,124000,4279115000,34.15(-1.59 %),138400,4776385000,14400,497270000,97624014,22.75
15/04/2022,102900,3481195000,33.7(-1.46 %),110000,3722510000,7100,241315000,97526814,22.77
18/04/2022,344400,11209620000,32.25(-4.30 %),351600,11442880000,7200,233260000,97189614,22.87
19/04/2022,283800,9186005000,30.5(-5.57 %),286000,9257550000,2200,71545000,96910714,22.95
20/04/2022,208400,6391495000,30(-1.64 %),208400,6391495000,0,0,97312714,22.83
21/04/2022,93100,2869355000,30.5(1.67 %),209100,6146390000,116000,3277035000,96503614,23.06
22/04/2022,39600,1182515000,30.9(1.31 %),50600,1518940000,11000,336425000,96454014,23.07
25/04/2022,134000,4029235000,28.75(-6.96 %),161700,4866560000,27700,837325000,96408314,23.09
26/04/2022,38200,1109140000,29.85(3.65 %),41600,1205240000,3400,96100000,96377714,23.09
27/04/2022,-195200,-5682445000,29.1(-2.68 %),13000,382405000,208200,6064850000,96392414,23.09
28/04/2022,11900,356005000,30.1(3.44 %),13500,404105000,1600,48100000,96382314,23.09
29/04/2022,-10600,-324770000,30.7(1.99 %),39900,1196765000,50500,1521535000,96550614,23.05
04/05/2022,-1200,-37215000,28.65(-6.68 %),3000,88500000,4200,125715000,96549214,23.05
05/05/2022,-47700,-1331800000,28.7(0.00 %),26200,751870000,73900,2083670000,96596914,0.0
06/05/2022,1400,38780000,27.7(-3.48 %),30700,850390000,29300,811610000,96547014,23.05
09/05/2022,44700,1153260000,25.8(-6.86 %),102800,2652240000,58100,1498980000,96518114,23.05
10/05/2022,-65400,-1582680000,24.2(-6.20 %),134600,3257320000,200000,4840000000,96412814,23.08
11/05/2022,39500,976240000,24.55(1.45 %),39500,976240000,0,0,96373314,0.0
12/05/2022,-3400,-72280000,22.85(-6.92 %),19200,446915000,22600,519195000,96376714,0.0
13/05/2022,491200,10477455000,21.3(-6.78 %),551400,11766370000,60200,1288915000,96061814,23.18
16/05/2022,-79200,-1572120000,19.85(-6.81 %),7100,140935000,86300,1713055000,96077314,23.18
17/05/2022,-339500,-7197400000,21.2(6.53 %),423300,8973960000,762800,16171360000,95715214,23.28
18/05/2022,-246800,-5590020000,22.65(6.84 %),26800,607020000,273600,6197040000,95774714,23.26
19/05/2022,54600,1250340000,22.9(0.88 %),132500,3034250000,77900,1783910000,96405014,23.09
20/05/2022,-126900,-2893320000,22.8(-0.44 %),87600,1997280000,214500,4890600000,96591014,23.03
23/05/2022,64000,1372800000,21.45(-5.92 %),122700,2631915000,58700,1259115000,96547214,23.05
24/05/2022,82700,1782185000,21.55(0.23 %),122700,2644185000,40000,862000000,96639014,23.02
25/05/2022,-49900,-1105285000,22.15(2.55 %),47100,1043265000,97000,2148550000,96650614,23.02
26/05/2022,-205300,-3952025000,19.25(-0.26 %),11000,211750000,216300,4163775000,96679614,23.01
27/05/2022,-44400,-865800000,19.5(1.04 %),96600,1883700000,141000,2749500000,96680014,23.01
30/05/2022,-47000,-949400000,20.2(3.59 %),47300,955460000,94300,1904860000,96849014,22.96
31/05/2022,11100,223110000,20.1(-0.50 %),151300,3041130000,140200,2818020000,96838714,22.97
01/06/2022,-4000,-78000000,19.5(-2.99 %),168100,3277950000,172100,3355950000,96914914,22.94
02/06/2022,92500,1817625000,19.65(0.77 %),179200,3521280000,86700,1703655000,96915914,22.94
03/06/2022,222100,4464210000,20.1(2.03 %),341300,6860130000,119200,2395920000,96596714,23.03
06/06/2022,219400,4419430000,20(-0.50 %),219400,4419430000,0,0,96424014,23.08
07/06/2022,52200,1025730000,19.65(-1.75 %),206500,4057725000,154300,3031995000,96449814,23.07
08/06/2022,-30900,-618000000,20(1.52 %),285300,5706000000,316200,6324000000,96444514,23.08
09/06/2022,-41100,-832275000,20.25(1.25 %),101300,2051325000,142400,2883600000,96484414,23.06
10/06/2022,-1900,-38000000,20(-1.48 %),17500,350000000,19400,388000000,96503114,23.06
13/06/2022,22100,411060000,18.6(-7.00 %),136900,2546340000,114800,2135280000,96408614,23.09
14/06/2022,-100100,-1801800000,18(-3.23 %),55300,995400000,155400,2797200000,96372714,23.1
15/06/2022,-55100,-922925000,16.75(-6.94 %),19000,318250000,74100,1241175000,96468514,23.07
16/06/2022,-112700,-1758120000,15.6(-7.14 %),1500,23400000,114200,1781520000,96622414,23.03
17/06/2022,-138800,-2054240000,14.8(-5.13 %),27500,407000000,166300,2461240000,96669014,23.01
20/06/2022,22000,312120000,13.8(-6.76 %),22200,315060000,200,2940000,96761014,22.99
21/06/2022,-800,-11160000,13.95(1.09 %),49200,686340000,50000,697500000,96878114,22.95
22/06/2022,11500,164450000,14.3(2.14 %),13500,193050000,2000,28600000,96865814,22.96
23/06/2022,9300,142290000,15.3(6.99 %),9700,148410000,400,6120000,96906114,22.95
24/06/2022,23300,380955000,16.35(6.86 %),29300,479055000,6000,98100000,96878814,22.95
27/06/2022,95100,1622555000,17.45(6.40 %),100000,1705410000,4900,82855000,96779214,22.98
28/06/2022,-142400,-2591680000,18.2(4.00 %),25400,462280000,167800,3053960000,96759814,22.99
29/06/2022,-12600,-221945000,17.3(-4.95 %),800,14400000,13400,236345000,96763914,22.99
30/06/2022,12900,237360000,18.4(6.36 %),43500,800400000,30600,563040000,111405759,22.96
01/07/2022,-28000,-487200000,17.4(-5.43 %),72000,1252800000,100000,1740000000,111347159,22.97
04/07/2022,-13100,-226575000,17.2(-1.15 %),5400,93195000,18500,319770000,111381259,22.96
05/07/2022,-170300,-2809950000,16.5(-4.07 %),0,0,170300,2809950000,111473359,22.94
06/07/2022,20400,336600000,16.5(0.00 %),75100,1239150000,54700,902550000,111416759,22.95
07/07/2022,-19800,-328680000,16.6(0.61 %),2000,33200000,21800,361880000,111585059,22.91
08/07/2022,39500,-565950000,16.7(0.60 %),39500,254100000,0,820050000,111545559,0.0
11/07/2022,-34300,-565950000,16.5(-1.20 %),15400,254100000,49700,820050000,111647659,22.9
12/07/2022,-35200,-598400000,17(3.03 %),6300,107100000,41500,705500000,111656859,22.89
13/07/2022,-14000,-238000000,17(0.00 %),1200,20400000,15200,258400000,111705309,22.88
14/07/2022,-3600,-61200000,17(0.00 %),15300,260100000,18900,321300000,111731509,22.88
15/07/2022,-27100,-460700000,17(0.00 %),3100,52700000,30200,513400000,111743609,22.87
18/07/2022,-17100,-279585000,16.35(-3.82 %),6800,111180000,23900,390765000,111755634,22.87
19/07/2022,19400,317190000,16.35(-0.30 %),31200,510120000,11800,192930000,111754634,22.87
20/07/2022,37000,629000000,17(3.66 %),49000,833000000,12000,204000000,111729534,22.88
21/07/2022,-1200,-20160000,16.8(-1.18 %),200,3360000,1400,23520000,111742634,22.87
22/07/2022,9300,-315840000,16.8(0.00 %),9700,11760000,400,327600000,111753934,22.87
25/07/2022,-36800,-603520000,16.4(-2.38 %),15100,247640000,51900,851160000,111741734,22.87
26/07/2022,-2000,-32700000,16.35(-0.30 %),4000,65400000,6000,98100000,111757234,22.87
27/07/2022,-14400,-239040000,16.6(1.22 %),400,6640000,14800,245680000,111808734,22.86
28/07/2022,-72300,-1200180000,16.6(0.00 %),3100,51460000,75400,1251640000,111811634,22.86
29/07/2022,700,11375000,16.25(-2.11 %),700,11375000,0,0,111825734,22.85
01/08/2022,-24200,-411400000,17(4.29 %),3300,56100000,27500,467500000,111897834,22.84
02/08/2022,-138400,-2422000000,17.5(2.94 %),2100,36750000,140500,2458750000,111895734,22.84
03/08/2022,-45900,-821610000,17.9(2.29 %),8100,144990000,54000,966600000,111915134,22.83
04/08/2022,3300,59235000,17.95(0.28 %),6900,123855000,3600,64620000,112048818,22.8
05/08/2022,23500,423000000,18(0.00 %),23500,423000000,0,0,112079318,22.79
08/08/2022,1400,24500000,17.5(-2.78 %),1400,24500000,0,0,112081518,22.79
09/08/2022,0,0,17.65(0.86 %),100,1765000,100,1765000,112081418,22.79
10/08/2022,-3000,-56550000,18.85(6.50 %),7000,131950000,10000,188500000,112074418,22.79
11/08/2022,-8500,-159800000,18.8(-0.53 %),5000,94000000,13500,253800000,112069518,22.79
12/08/2022,-1100,-20735000,18.85(0.27 %),0,0,1100,20735000,112079518,22.79
15/08/2022,1200,22500000,18.75(-0.79 %),1600,30000000,400,7500000,112091418,22.79
16/08/2022,0,22500000,18.8(0.00 %),0,30000000,0,7500000,112092518,22.79
17/08/2022,-1000,-18750000,18.75(-0.27 %),6300,118125000,7300,136875000,112086336,22.79
18/08/2022,-62300,-1152550000,18.5(-1.60 %),0,0,62300,1152550000,112086336,22.79
19/08/2022,-4200,-78540000,18.7(1.08 %),300,5610000,4500,84150000,112093336,22.79
22/08/2022,-9700,-174600000,18(-3.74 %),0,0,9700,174600000,112155636,22.77
23/08/2022,-53300,-1004705000,18.85(4.72 %),6700,126295000,60000,1131000000,112153436,22.77
24/08/2022,-55700,-1033235000,18.55(-1.85 %),900,16695000,56600,1049930000,112162236,22.77
25/08/2022,7700,145915000,18.95(1.88 %),7700,145915000,0,0,112214536,22.76
26/08/2022,3300,63360000,19.2(1.05 %),3300,63360000,0,0,112267836,22.75
29/08/2022,-111300,-2136960000,19.2(0.00 %),100,1920000,111400,2138880000,112281236,22.74
30/08/2022,-296600,-5828190000,19.65(2.34 %),3300,64845000,299900,5893035000,112277936,22.74
31/08/2022,-72600,-1491930000,20.55(4.31 %),118300,2431065000,190900,3922995000,112271050,22.75
05/09/2022,-8900,-191795000,21.55(4.61 %),5600,120680000,14500,312475000,112565350,22.67
06/09/2022,-348200,-7904140000,22.7(5.09 %),700,15890000,348900,7920030000,112755550,22.63
07/09/2022,-33300,-730935000,21.95(-3.30 %),1400,30730000,34700,761665000,112768650,22.62
08/09/2022,-250100,-5489695000,21.95(-0.23 %),0,0,250100,5489695000,113117550,22.54
09/09/2022,-156100,-3402980000,21.8(-0.91 %),22600,492680000,178700,3895660000,113129739,22.54
12/09/2022,-45032,-3402980000,21.75(-0.23 %),5000,492680000,50032,3895660000,113374839,22.48
13/09/2022,-7800,38610000,21.7(-0.46 %),60200,214500000,68000,175890000,113493339,22.45
14/09/2022,26000,38610000,22.05(1.61 %),56000,214500000,30000,175890000,113487371,22.45
15/09/2022,-50000,573300000,22(-0.45 %),0,1234800000,50000,661500000,0,22.43
16/09/2022,-67800,-1433970000,21.15(-3.86 %),0,0,67800,1433970000,113585371,22.43
19/09/2022,8600,179310000,20.85(-1.65 %),8600,179310000,0,0,113576771,22.43
20/09/2022,-151400,-3156690000,20.85(-0.24 %),50000,1042500000,201400,4199190000,113644571,22.41
21/09/2022,-182300,-3800955000,20.85(-0.24 %),4700,97995000,187000,3898950000,113639871,22.41
22/09/2022,-245800,-5124930000,20.85(-0.24 %),4200,87570000,250000,5212500000,113837071,22.36
23/09/2022,-162300,-3343380000,20.6(-1.44 %),900,18540000,163200,3361920000,114023171,22.32
26/09/2022,-102500,-1968000000,19.2(-6.80 %),11600,222720000,114100,2190720000,114261571,22.26
27/09/2022,-144500,-2586550000,17.9(-6.77 %),91300,1634270000,235800,4220820000,114333471,22.24
28/09/2022,-389600,-6486840000,16.65(-6.98 %),18800,313020000,408400,6799860000,114428771,22.22
29/09/2022,-453300,-7026150000,15.5(-7.19 %),65200,1010600000,518500,8036750000,114599371,22.18
30/09/2022,-325544,-4704110800,14.45(-6.77 %),82200,1187790000,407744,5891900800,114925571,22.1
03/10/2022,-245079,-3296312550,13.45(-7.24 %),62521,840907450,307600,4137220000,115381550,21.99
04/10/2022,64600,910860000,14.1(4.44 %),65400,922140000,800,11280000,115723894,21.91
05/10/2022,-13700,-204815000,14.95(6.03 %),3200,47840000,16900,252655000,116028294,21.83
06/10/2022,-14000,-196700000,14.05(-6.33 %),5000,70250000,19000,266950000,116024094,21.83
07/10/2022,-51800,-678580000,13.1(-7.09 %),28100,368110000,79900,1046690000,116013694,21.84
10/10/2022,19400,256080000,13.2(0.76 %),69400,916080000,50000,660000000,115963294,21.85
11/10/2022,-2000,-24600000,12.3(-6.82 %),4500,55350000,6500,79950000,116038694,21.83
12/10/2022,12000,145800000,12.15(-1.22 %),12500,151875000,500,6075000,116076194,21.82
13/10/2022,70100,855220000,12.2(0.00 %),72100,879620000,2000,24400000,116010594,21.84
14/10/2022,-434000,-5208000000,12(-1.64 %),36100,433200000,470100,5641200000,115974994,21.85
17/10/2022,-24000,-259200000,10.8(-0.92 %),17000,183600000,41000,442800000,115959994,21.85
18/10/2022,-1194800,-13023320000,10.9(0.93 %),25100,273590000,1219900,13296910000,116404994,21.74
19/10/2022,-228200,-2481600000,10.75(-1.38 %),0,0,228200,2481600000,116633194,0.0
20/10/2022,-24700,-265060000,10.1(-6.48 %),3000,30700000,27700,295760000,116472694,0.0
21/10/2022,-45800,-439091000,9.4(-6.93 %),34700,326810000,80500,765901000,117710694,0.0
24/10/2022,-31100,-276172000,8.75(-6.91 %),43900,393861000,75000,670033000,117889494,0.0
25/10/2022,15100,132983000,8.2(-6.82 %),155200,1276477000,140100,1143494000,117874394,0.0
26/10/2022,-31600,-244880000,7.63(-6.95 %),59500,467799000,91100,712679000,117858694,0.0
27/10/2022,-677000,-5240073000,7.7(1.32 %),143400,1100130000,820400,6340203000,117784494,21.41
28/10/2022,-342200,-2723912000,7.96(3.38 %),26000,206960000,368200,2930872000,117849594,21.39
31/10/2022,-376400,-2977324000,7.91(-1.12 %),106900,845579000,483300,3822903000,118563094,21.22
01/11/2022,-265000,-2104100000,7.94(0.51 %),96000,762240000,361000,2866340000,118841294,21.15
02/11/2022,-229850,-1776740500,7.73(-2.15 %),56700,438291000,286550,2215031500,119267894,21.05
03/11/2022,36700,275250000,7.5(-2.60 %),40000,300000000,3300,24750000,119588894,20.97
04/11/2022,29400,205212000,6.98(-6.93 %),64900,453002000,35500,247790000,119810544,20.91
07/11/2022,-160000,-1040000000,6.5(-7.14 %),42200,274300000,202200,1314300000,119771644,20.92
08/11/2022,-6800,-41140000,6.05(-6.92 %),67700,409585000,74500,450725000,119739444,20.93
09/11/2022,209600,1211488000,5.78(-5.25 %),223700,1292986000,14100,81498000,119717944,20.94
10/11/2022,105068,565265840,5.38(-7.24 %),105068,565265840,0,0,131331737,21.02
11/11/2022,70000,350700000,5.01(-7.22 %),70000,350700000,0,0,131275837,21.03
14/11/2022,100,466000,4.66(-6.80 %),100,466000,0,0,131275737,21.03
15/11/2022,-500,-2170000,4.34(-7.66 %),16000,69440000,16500,71610000,131259737,21.03
16/11/2022,-2071905,-9323572500,4.5(4.65 %),242500,1091250000,2314405,10414822500,131017237,21.09
17/11/2022,-1064897,-5005015900,4.7(4.44 %),77103,362384100,1142000,5367400000,130956634,21.1
18/11/2022,-1148900,-5767478000,5.02(6.81 %),888100,4458262000,2037000,10225740000,132382939,20.78
21/11/2022,-402100,-2159277000,5.37(7.40 %),75500,405435000,477600,2564712000,133449439,20.55
22/11/2022,59900,343826000,5.74(6.30 %),96800,555632000,36900,211806000,135389639,20.12
23/11/2022,137500,781000000,5.68(-0.35 %),197900,1124072000,60400,343072000,135669339,20.06
24/11/2022,312300,1683297000,5.39(-5.11 %),336100,1811579000,23800,128282000,135370139,20.13
25/11/2022,86800,499968000,5.76(6.67 %),86800,499968000,0,0,135343739,20.13
28/11/2022,-523477,-3224618320,6.16(6.21 %),156000,960960000,679477,4185578320,135867216,0.0
29/11/2022,54400,358496000,6.59(6.29 %),175500,1156545000,121100,798049000,135812816,20.03
30/11/2022,47300,329681000,6.97(5.61 %),154700,1078259000,107400,748578000,135765516,20.04
01/12/2022,-33900,-237978000,7.02(0.29 %),52200,366444000,86100,604422000,135508616,0.0
02/12/2022,137572,1020784240,7.42(6.00 %),160200,1188684000,22628,167899760,135371044,20.12
05/12/2022,110600,873740000,7.9(6.76 %),310600,2453740000,200000,1580000000,135260444,0.0
06/12/2022,-142900,-1050315000,7.35(-6.96 %),6200,45570000,149100,1095885000,135403344,20.12
07/12/2022,-144700,-989748000,6.84(-7.57 %),288700,1974708000,433400,2964456000,135548044,20.09
08/12/2022,-681700,-4976410000,7.3(7.35 %),19000,138700000,700700,5115110000,135410244,20.12
09/12/2022,-263300,-1922090000,7.3(0.00 %),2800,20440000,266100,1942530000,135840844,20.02
12/12/2022,-109900,-781389000,7.11(-2.60 %),156300,1111293000,266200,1892682000,136602944,19.85
13/12/2022,-511400,-3636054000,7.11(0.14 %),16800,119448000,528200,3755502000,137114344,19.74
14/12/2022,-236500,-1653135000,6.99(-1.55 %),6300,44037000,242800,1697172000,137350844,19.69
15/12/2022,-298500,-2059650000,6.9(-1.43 %),61500,424350000,360000,2484000000,137649344,0.0
16/12/2022,-168200,-1125258000,6.69(-3.04 %),151000,1010190000,319200,2135448000,137817544,0.0
19/12/2022,-13500,-86400000,6.4(-4.48 %),20200,129280000,33700,215680000,137831044,19.58
20/12/2022,-214900,-1332380000,6.2(-3.12 %),81500,505300000,296400,1837680000,138045944,19.53
21/12/2022,135500,848230000,6.26(0.97 %),156200,977812000,20700,129582000,137910444,19.56
22/12/2022,36800,235520000,6.4(1.59 %),45500,291200000,8700,55680000,137873644,19.57
23/12/2022,-47600,-307020000,6.45(0.78 %),23500,151575000,71100,458595000,137921244,19.56
26/12/2022,-196244,-1177464000,6(-7.69 %),4900,29400000,201144,1206864000,138117488,19.52
27/12/2022,39700,248125000,6.25(4.17 %),93100,581875000,53400,333750000,138077788,19.53
28/12/2022,57205,365539950,6.39(1.43 %),61600,393624000,4395,28084050,138020583,0.0
29/12/2022,-106475,-670792500,6.3(-1.56 %),10600,66780000,117075,737572500,138320188,19.47
30/12/2022,21300,143136000,6.72(6.67 %),26700,179424000,5400,36288000,138297883,19.48
03/01/2023,26150,182004000,6.96(3.88 %),44400,309024000,18250,127020000,138254483,19.49
04/01/2023,17400,117450000,6.75(-3.57 %),29600,199800000,12200,82350000,138346358,19.47
05/01/2023,-116000,-734280000,6.33(-6.91 %),7600,48108000,123600,782388000,138357008,19.47
06/01/2023,-24900,-159360000,6.4(1.59 %),3900,24960000,28800,184320000,138365308,19.46
09/01/2023,-146000,-940240000,6.44(0.62 %),20000,128800000,166000,1069040000,138468908,19.44
10/01/2023,-152950,-986527500,6.45(0.78 %),10600,68370000,163550,1054897500,138487108,19.44
11/01/2023,-24700,-162526000,6.58(1.23 %),13700,90146000,38400,252672000,138639408,19.4
12/01/2023,-3400,-21284000,6.26(-5.15 %),8100,50706000,11500,71990000,138794858,19.37
13/01/2023,-5500,-33550000,6.1(-3.17 %),100,610000,5600,34160000,138833158,19.36
16/01/2023,-197400,-1231776000,6.24(2.30 %),14300,89232000,211700,1321008000,138830358,19.36
17/01/2023,-40600,-254968000,6.28(1.29 %),59400,373032000,100000,628000000,138776558,19.37
18/01/2023,-18500,-122100000,6.6(4.76 %),81500,537900000,100000,660000000,138906758,19.34
19/01/2023,16200,108540000,6.7(1.52 %),18200,121940000,2000,13400000,138988558,19.33
27/01/2023,65300,437510000,6.7(0.00 %),70500,472350000,5200,34840000,139018058,19.32
30/01/2023,-103800,-676776000,6.52(-2.69 %),11700,76284000,115500,753060000,139008358,19.32
31/01/2023,-31300,-215970000,6.9(6.15 %),3900,26910000,35200,242880000,139009658,19.32
01/02/2023,9100,62790000,6.9(0.00 %),23500,162150000,14400,99360000,139101658,19.3
02/02/2023,-7100,-49700000,7(1.45 %),28200,197400000,35300,247100000,139108658,19.3
03/02/2023,-16800,-117936000,7.02(0.29 %),13500,94770000,30300,212706000,139109558,19.3
06/02/2023,2200,15532000,7.06(0.86 %),10000,70600000,7800,55068000,139134858,19.29
07/02/2023,66000,488400000,7.4(4.23 %),68300,505420000,2300,17020000,139096858,19.3
08/02/2023,-75200,-560992000,7.46(0.81 %),3000,22380000,78200,583372000,139101658,19.3
09/02/2023,-32700,-241980000,7.4(-1.33 %),0,0,32700,241980000,139103958,19.3
10/02/2023,-102700,-716846000,6.98(-5.68 %),6000,41880000,108700,758726000,139176158,19.29
13/02/2023,122400,822528000,6.72(-4.00 %),122400,822528000,0,0,139086458,19.3
14/02/2023,0,822528000,6.51(-2.84 %),0,822528000,0,0,139195158,19.28
15/02/2023,-58400,-404712000,6.93(6.62 %),1600,11088000,60000,415800000,139193558,19.28
16/02/2023,-112552,-794617120,7.06(2.32 %),13600,96016000,126152,890633120,139179958,19.28
17/02/2023,-35131,-250835340,7.14(0.56 %),4900,34986000,40031,285821340,139235058,19.27
20/02/2023,-34200,-252396000,7.38(3.94 %),7900,58302000,42100,310698000,139353310,19.25
21/02/2023,91800,651780000,7.1(-4.05 %),115400,819340000,23600,167560000,139277941,19.26
22/02/2023,17600,121264000,6.89(-2.96 %),22500,155025000,4900,33761000,139297541,19.26
23/02/2023,74100,511290000,6.9(0.00 %),100000,690000000,25900,178710000,139221141,19.28
24/02/2023,102500,708275000,6.91(0.14 %),142100,981911000,39600,273636000,139118641,19.3
27/02/2023,-728200,-5024580000,6.9(0.00 %),1000,6900000,729200,5031480000,139108841,19.3
28/02/2023,-341257,-2303484750,6.75(-2.17 %),0,0,341257,2303484750,139148441,19.29
01/03/2023,-309400,-2011100000,6.5(-4.41 %),10600,68900000,320000,2080000000,139867041,19.13
02/03/2023,-10000,-64300000,6.43(-1.08 %),2000,12860000,12000,77160000,140206298,19.06
03/03/2023,7700,48895000,6.35(-0.78 %),7700,48895000,0,0,140518598,18.99
06/03/2023,100500,663300000,6.6(3.12 %),102500,676500000,2000,13200000,140428098,19.01
07/03/2023,2000,13000000,6.5(-1.52 %),2000,13000000,0,0,140426098,19.01
08/03/2023,-49000,-317030000,6.47(-0.46 %),1000,6470000,50000,323500000,140427098,19.01
09/03/2023,-2100,-13587000,6.47(-0.46 %),22900,148163000,25000,161750000,140404198,19.01
10/03/2023,-21000,-133770000,6.37(-2.00 %),4000,25480000,25000,159250000,140450198,19.0
13/03/2023,-2600,-15756000,6.06(-5.31 %),10400,63024000,13000,78780000,140452798,0.0
14/03/2023,10900,68234000,6.26(2.62 %),10900,68234000,0,0,140478898,19.0
15/03/2023,-5000,-32400000,6.48(2.86 %),8000,51840000,13000,84240000,140483898,19.0
16/03/2023,-107300,-685647000,6.39(-1.69 %),4700,30033000,112000,715680000,140479198,19.0
17/03/2023,3200,19840000,6.2(-3.12 %),3200,19840000,0,0,140488998,19.0
20/03/2023,1000,6020000,6.02(-2.90 %),1000,6020000,0,0,140599998,18.97
21/03/2023,-63000,708275000,6.2(3.33 %),0,981911000,63000,273636000,140599998,18.97
22/03/2023,-2300,-14135000,6.1(-1.61 %),0,0,2300,14135000,140602298,0.0
23/03/2023,10100,60704000,6.08(-0.33 %),10100,60704000,0,0,140592198,0.0
24/03/2023,-180000,-1091697000,6(-1.64 %),0,0,180000,1091697000,140772198,0.0
27/03/2023,-202900,-1207255000,5.95(-0.83 %),10100,60095000,213000,1267350000,140975098,0.0
28/03/2023,-160100,-957398000,5.98(-0.33 %),0,0,160100,957398000,141135198,0.0
29/03/2023,-112564,-672007080,5.97(-0.50 %),0,0,112564,672007080,141038156,18.87
30/03/2023,-239466,-1410454740,5.89(-1.83 %),1700,10013000,241166,1420467740,141196556,18.84
31/03/2023,-200,-1162000,5.81(-1.53 %),200,1162000,400,2324000,141308920,18.81
03/04/2023,109300,677660000,6.2(6.90 %),120800,748960000,11500,71300000,141429286,18.79
04/04/2023,-2355,-14530350,6.17(-0.48 %),31800,196206000,34155,210736350,141397886,18.79
05/04/2023,361200,2336964000,6.47(4.35 %),361400,2338258000,200,1294000,141047986,18.87
06/04/2023,149900,974350000,6.5(0.00 %),174200,1132300000,24300,157950000,140907941,18.9
07/04/2023,79200,527472000,6.66(2.46 %),79200,527472000,0,0,140828941,18.92
10/04/2023,35200,232320000,6.6(-1.49 %),60100,396660000,24900,164340000,140793141,18.93
11/04/2023,176900,1220610000,6.9(4.55 %),213800,1475220000,36900,254610000,140579341,18.98
12/04/2023,34100,235631000,6.91(0.14 %),34100,235631000,0,0,140570141,18.98
13/04/2023,-5600,-36456000,6.51(-5.65 %),23400,152334000,29000,188790000,140583641,18.97
14/04/2023,-4700,-29187000,6.21(-4.46 %),9000,55890000,13700,85077000,140574641,18.98
17/04/2023,11500,71300000,6.2(0.00 %),19000,117800000,7500,46500000,140584641,18.97
18/04/2023,-48900,-303669000,6.21(0.16 %),300,1863000,49200,305532000,140598041,18.97
19/04/2023,-31890,-196123500,6.15(-0.81 %),11000,67650000,42890,263773500,140594541,18.97
20/04/2023,-8700,-52648000,6.19(-0.16 %),18300,112654000,27000,165302000,140603241,18.97
21/04/2023,9400,57810000,6.15(-0.81 %),28900,177735000,19500,119925000,140639431,18.96
24/04/2023,24600,149076000,6.06(-2.26 %),36500,221190000,11900,72114000,140629931,18.96
25/04/2023,-30100,-182406000,6.06(-0.66 %),7000,42420000,37100,224826000,140642431,18.96
26/04/2023,-14670,-88900200,6.06(-0.66 %),1030,6241800,15700,95142000,140653301,18.96
27/04/2023,-3200,-19157000,6.22(2.64 %),9800,60501000,13000,79658000,140656501,0.0
28/04/2023,39600,250455000,6.54(5.14 %),40900,258788000,1300,8333000,140616901,0.0
04/05/2023,-37800,-243404000,6.39(-2.29 %),0,0,37800,243404000,140655401,0.0
05/05/2023,-16700,-107092000,6.3(-1.41 %),5300,33712000,22000,140804000,140664401,18.96
08/05/2023,-105700,-676833000,6.42(1.90 %),28600,185025000,134300,861858000,140673618,18.95
09/05/2023,-829500,-5233880000,6.31(-1.41 %),11500,72480000,841000,5306360000,140684118,18.95
10/05/2023,-51900,-338687000,6.67(5.87 %),73600,482509000,125500,821196000,140736018,0.0
11/05/2023,-125900,-843207000,6.69(-0.15 %),3100,20595000,129000,863802000,141582773,18.75
12/05/2023,-10700,-72212000,6.7(0.00 %),29300,196931000,40000,269143000,141678973,18.73
15/05/2023,-540100,-3594748000,6.55(-2.24 %),33200,224686000,573300,3819434000,142219073,18.61
16/05/2023,15300,100157000,6.5(-0.76 %),16000,104728000,700,4571000,142203773,18.62
17/05/2023,-17200,-111726000,6.95(6.92 %),37700,261133000,54900,372859000,142220973,18.61
18/05/2023,-80000,-555579000,6.8(-2.16 %),29500,202852000,109500,758431000,142300973,18.6
19/05/2023,-360800,-2425391000,6.7(-1.47 %),6000,39320000,366800,2464711000,142661773,18.52
22/05/2023,-777700,-5226974000,6.77(1.04 %),900,6053000,778600,5233027000,143439473,18.34
23/05/2023,59800,410752000,6.9(1.92 %),62300,428027000,2500,17275000,143379673,18.36
24/05/2023,60000,437124000,7.13(3.33 %),110000,784374000,50000,347250000,143319673,18.37
25/05/2023,46600,327568000,7.11(-0.28 %),73400,520236000,26800,192668000,143273073,18.38
26/05/2023,-76500,-546851000,7.19(1.13 %),99700,706384000,176200,1253235000,143349573,18.36
29/05/2023,-2800,-12286000,7.35(2.23 %),200200,1474275000,203000,1486561000,143352373,18.36
30/05/2023,-37000,-269414000,7.35(0.00 %),71900,535654000,108900,805068000,143389373,18.36
31/05/2023,183500,1430733000,7.86(6.94 %),285500,2219172000,102000,788439000,143205873,18.4
01/06/2023,17400,141724000,8.41(7.00 %),43000,356940000,25600,215216000,143164054,18.4
02/06/2023,-61100,-502906000,8.37(-0.48 %),34900,293973000,96000,796879000,143225154,18.39
05/06/2023,-270600,-2262771000,8.17(-2.39 %),0,0,270600,2262771000,143495754,18.33
06/06/2023,247700,2067086000,8.47(3.67 %),253200,2112516000,5500,45430000,143248054,18.39
07/06/2023,8600,77670000,8.83(4.25 %),33500,297312000,24900,219642000,143239454,18.39
08/06/2023,500,-6762000,8.43(-4.53 %),42800,363091000,42300,369853000,143238954,18.39
09/06/2023,91600,765659000,8.4(-0.36 %),92800,775691000,1200,10032000,143147354,18.41
12/06/2023,6500,53001000,8.29(-1.31 %),20500,170043000,14000,117042000,143140854,18.41
13/06/2023,-335400,-2847301000,8.48(2.29 %),124300,1074334000,459700,3921635000,143476254,18.34
14/06/2023,-219200,-1833005000,8.4(-0.94 %),0,0,219200,1833005000,143695454,18.29
15/06/2023,1043700,8841308000,8.8(4.76 %),1049100,8886344000,5400,45036000,142651754,18.52
16/06/2023,892600,7816817000,8.5(-3.41 %),1007400,8822657000,114800,1005840000,141832454,18.7
19/06/2023,-135700,-1142107000,8.3(-2.35 %),0,0,135700,1142107000,141837854,18.7
20/06/2023,56200,476786000,8.64(4.10 %),56200,476786000,0,0,141781654,18.71
21/06/2023,12800,115461000,8.75(1.74 %),45700,399652000,32900,284191000,141986454,18.66
22/06/2023,87800,803708000,9.2(5.14 %),109600,1001536000,21800,197828000,141898654,18.68
23/06/2023,945900,8667803000,9.11(-0.98 %),1002500,9185523000,56600,517720000,140952754,18.89
26/06/2023,-44400,-391504000,8.94(-1.76 %),0,0,44400,391504000,140929054,18.9
27/06/2023,930300,8349833000,9.45(6.18 %),1010900,9062593000,80600,712760000,139998754,19.1
28/06/2023,-45500,-428885000,9.37(-1.37 %),8500,79860000,54000,508745000,140044254,19.09
29/06/2023,827600,7581176000,9.09(-3.30 %),1030000,9425492000,202400,1844316000,139216654,19.28
30/06/2023,-5900,-53148000,9.09(-0.11 %),0,0,5900,53148000,139222554,19.27
03/07/2023,16700,151529000,9.05(-0.55 %),20200,183026000,3500,31497000,139115254,19.3
04/07/2023,618000,5640837000,9.2(1.10 %),618000,5640837000,0,0,138497254,19.43
05/07/2023,39700,366197000,9.21(0.11 %),39700,366197000,0,0,138457554,19.44
06/07/2023,-2600,-23188000,9.09(-1.20 %),10400,95609000,13000,118797000,138638754,19.4
07/07/2023,1032400,9373146000,9.2(1.10 %),1060300,9622570000,27900,249424000,137578454,19.64
10/07/2023,138800,1302023000,9.39(2.07 %),156600,1468656000,17800,166633000,137439654,19.67
11/07/2023,33900,310817000,9.13(-2.87 %),35500,325910000,1600,15093000,137405754,19.68
12/07/2023,-161400,-1469293000,9.2(1.10 %),26500,242600000,187900,1711893000,137567154,19.64
13/07/2023,81800,766933000,9.33(1.41 %),202800,1884323000,121000,1117390000,137485354,19.66
14/07/2023,-64800,-604545000,9.4(1.08 %),53700,501907000,118500,1106452000,137351554,19.69
17/07/2023,-71500,-722546000,10.05(6.91 %),33500,321904000,105000,1044450000,137423054,19.67
18/07/2023,29400,301635000,10.25(1.49 %),79400,801635000,50000,500000000,137393654,19.68
19/07/2023,11200,98288000,9.63(-6.50 %),69200,677704000,58000,579416000,137513954,19.65
20/07/2023,113000,1106183000,10(4.17 %),131400,1284429000,18400,178246000,137400954,19.68
21/07/2023,48000,489310000,10.25(2.50 %),68100,693100000,20100,203790000,137352954,19.69
24/07/2023,94300,979445000,10.5(1.94 %),97600,1014095000,3300,34650000,137343254,19.69
25/07/2023,2000,20780000,10.3(-1.90 %),2000,20780000,0,0,137361354,19.69
26/07/2023,85900,897845000,11(6.80 %),119100,1251895000,33200,354050000,137275454,19.7
27/07/2023,-335300,-3770940000,11.45(4.09 %),153000,1740635000,488300,5511575000,137610754,19.63
28/07/2023,37800,426220000,11.65(1.30 %),112100,1294075000,74300,867855000,137572954,19.64
31/07/2023,-391300,-4399960000,11.5(-1.71 %),15500,171450000,406800,4571410000,137964254,19.55
01/08/2023,-24900,-279785000,11(-4.35 %),7900,88665000,32800,368450000,137486400,19.66
02/08/2023,180600,2002135000,11.2(1.82 %),195900,2168140000,15300,166005000,137305800,19.7
03/08/2023,37900,421380000,11.2(0.00 %),37900,421380000,0,0,137267900,19.71
04/08/2023,-379600,-4315025000,11.35(1.34 %),50400,574305000,430000,4889330000,137723530,19.61
07/08/2023,-184600,-2077285000,11.35(0.00 %),0,0,184600,2077285000,137908130,19.56
08/08/2023,-62200,-696640000,11.3(-0.44 %),500,5600000,62700,702240000,137970330,19.55
09/08/2023,-432400,-4958780000,11.75(3.98 %),15800,182550000,448200,5141330000,138402730,19.46
10/08/2023,-155800,-1773040000,11.3(-3.83 %),1000,11550000,156800,1784590000,138558530,19.42
11/08/2023,-1284200,-14275735000,11.35(0.44 %),108300,1204890000,1392500,15480625000,139842730,19.14
14/08/2023,167200,1957620000,11.6(1.75 %),182200,2133870000,15000,176250000,138698114,19.39
15/08/2023,-10900,-129805000,11.55(-0.43 %),30600,353370000,41500,483175000,140060014,19.09
16/08/2023,-44400,-525865000,11.9(2.59 %),12200,144085000,56600,669950000,140062814,19.09
17/08/2023,-112700,-1340775000,11.5(-3.36 %),105000,1239900000,217700,2580675000,140175514,19.06
18/08/2023,39600,390720000,10.7(-6.96 %),121000,1305450000,81400,914730000,139934914,19.12
21/08/2023,270900,2816550000,10.1(-5.61 %),299800,3111235000,28900,294685000,139852814,19.14
22/08/2023,392600,3930892000,10.15(0.50 %),410600,4113927000,18000,183035000,139523654,19.21
23/08/2023,105500,1088095000,10.15(0.00 %),136200,1404600000,30700,316505000,139416344,19.23
24/08/2023,153400,1604765000,10.85(6.90 %),207500,2161905000,54100,557140000,139262944,19.27
25/08/2023,24800,269395000,10.8(-0.46 %),123900,1349770000,99100,1080375000,139133644,19.29
28/08/2023,52100,565515000,11.15(3.24 %),103200,1120915000,51100,555400000,139081544,19.31
29/08/2023,21700,246795000,11.15(0.00 %),102900,1150275000,81200,903480000,139080744,19.31
30/08/2023,107200,1205425000,11.45(2.69 %),140300,1576645000,33100,371220000,138973544,19.33
31/08/2023,-160300,-1831175000,11.35(-0.87 %),0,0,160300,1831175000,139072744,19.31
05/09/2023,-89100,-986475000,11.05(-2.64 %),0,0,89100,986475000,139105844,19.3
06/09/2023,24300,272130000,11.3(2.26 %),67900,747200000,43600,475070000,139081544,19.31
07/09/2023,-165600,-2000095000,12.05(6.64 %),154400,1840905000,320000,3841000000,139132944,19.29
08/09/2023,127400,1553750000,11.95(-0.83 %),146600,1785660000,19200,231910000,139029944,19.32
11/09/2023,-41800,-483715000,11.15(-6.69 %),105000,1220940000,146800,1704655000,139244944,19.27
12/09/2023,377300,4223555000,11.4(2.24 %),405100,4534915000,27800,311360000,138859044,19.36
13/09/2023,299400,3384515000,11.1(-2.63 %),453300,5128425000,153900,1743910000,138552524,19.42
14/09/2023,325500,3563060000,10.8(-2.70 %),325500,3563060000,0,0,138254824,19.49
15/09/2023,-401000,-4371345000,11.05(2.31 %),189400,2067825000,590400,6439170000,138219324,19.5
18/09/2023,0,0,11(-0.45 %),0,0,0,0,138219324,19.5
19/09/2023,346600,3745180000,10.8(-1.82 %),363500,3930150000,16900,184970000,137598124,19.63
20/09/2023,302500,3335995000,11.1(2.78 %),321900,3548680000,19400,212685000,137295624,19.7
21/09/2023,170700,1905405000,11.05(-0.45 %),267000,2978250000,96300,1072845000,137124924,19.74
22/09/2023,113600,1174570000,10.3(-6.79 %),127400,1322380000,13800,147810000,137493324,19.66
25/09/2023,30500,288852000,9.58(-6.99 %),112400,1110107000,81900,821255000,137477179,19.66
26/09/2023,112300,1043401000,8.91(-6.99 %),112300,1043401000,0,0,137378679,19.68
27/09/2023,215800,1866790000,9.05(1.57 %),223000,1931950000,7200,65160000,137162879,19.73
28/09/2023,19800,173716000,8.65(-4.42 %),19800,173716000,0,0,137143079,19.73
29/09/2023,-92700,-812081000,8.88(2.66 %),36500,321579000,129200,1133660000,137188389,19.72
02/10/2023,23700,212910000,9(1.35 %),38800,347629000,15100,134719000,137149589,19.73
03/10/2023,-23900,-213402000,8.37(-7.00 %),26800,230825000,50700,444227000,137251989,19.71
04/10/2023,174500,1423570000,8.48(1.31 %),180000,1467775000,5500,44205000,137077489,19.75
05/10/2023,-205300,-1712208000,8.1(-4.48 %),1500,12952000,206800,1725160000,137136289,19.74
06/10/2023,77600,636120000,8.25(1.85 %),77600,636120000,0,0,137058689,19.75
09/10/2023,-17900,-149802000,8.58(4.00 %),118800,1011883000,136700,1161685000,137076589,19.75
10/10/2023,-212100,-1832091000,8.58(0.00 %),4100,35506000,216200,1867597000,137148089,19.73
11/10/2023,-140900,-1206183000,8.67(1.05 %),5000,42910000,145900,1249093000,137279789,19.7
12/10/2023,23600,208845000,8.76(1.04 %),53000,469281000,29400,260436000,137442989,19.67
13/10/2023,-31300,-225343000,7.25(4.92 %),2000,14268000,33300,239611000,137586889,19.64
16/10/2023,-60600,-439699000,7.14(-1.52 %),38300,272352000,98900,712051000,137577989,19.64
17/10/2023,19900,130513000,6.8(-4.76 %),73000,508431000,53100,377918000,137538289,19.65
18/10/2023,-205400,-1362281000,6.33(-6.91 %),0,0,205400,1362281000,137637102,19.62
19/10/2023,142700,892722000,6.31(-0.32 %),227500,1427897000,84800,535175000,137462771,19.66
20/10/2023,-81100,-512764000,6.62(4.91 %),8800,56144000,89900,568908000,137659371,19.62
23/10/2023,-524600,-3500280000,6.6(-0.30 %),0,0,524600,3500280000,137744171,19.6
24/10/2023,-472400,-3137304000,6.7(1.52 %),27600,184595000,500000,3321899000,138216571,15.39
25/10/2023,-70200,-470304000,6.7(0.00 %),7800,52622000,78000,522926000,137806471,19.59
26/10/2023,21900,136518000,6.24(-6.87 %),23000,143520000,1100,7002000,138800271,19.37
27/10/2023,-301400,-1841199000,6.3(0.96 %),0,0,301400,1841199000,138878271,19.35
30/10/2023,10500,65491000,6(-4.76 %),11000,68626000,500,3135000,138868371,19.35
31/10/2023,-316600,-1856035000,5.6(-6.67 %),83400,473158000,400000,2329193000,139086371,19.3
01/11/2023,31300,182631000,5.6(0.00 %),105300,592768000,74000,410137000,138981571,19.33
02/11/2023,36300,213006000,5.99(6.96 %),36300,213006000,0,0,138945271,15.26
03/11/2023,27000,167053000,6.19(3.34 %),61100,377008000,34100,209955000,138918271,15.27
06/11/2023,12300,75953000,6.27(1.29 %),57800,359681000,45500,283728000,138905971,15.27
07/11/2023,-10400,-64124000,6.14(-2.07 %),18800,115332000,29200,179456000,138916371,15.27
08/11/2023,85700,541115000,6.56(6.84 %),101800,642880000,16100,101765000,176002028,19.34
09/11/2023,1034400,7179804000,7.01(6.86 %),1083600,7516983000,49200,337179000,174947628,19.53
10/11/2023,227700,1646164000,7.17(2.28 %),687700,4961334000,460000,3315170000,174276028,19.64
13/11/2023,-108900,-772397000,7(-2.37 %),0,0,108900,772397000,174325228,19.64
14/11/2023,-235400,-1657436000,6.94(-0.86 %),400,2724000,235800,1660160000,174620328,19.58
15/11/2023,48200,342761000,6.96(0.29 %),80000,566387000,31800,223626000,174572128,19.59
16/11/2023,0,0,7.1(2.01 %),0,0,0,0,174572128,24.82
17/11/2023,-6600,-46826000,7.19(1.27 %),600,4272000,7200,51098000,175007028,19.52
20/11/2023,-35800,-248961000,7.2(0.14 %),5900,41599000,41700,290560000,175014828,19.52
21/11/2023,-476200,-3413217000,7.15(-0.69 %),3800,27151000,480000,3440368000,175018228,19.51
22/11/2023,26300,193906000,7.34(2.66 %),60700,443841000,34400,249935000,174999228,19.52
23/11/2023,38600,282706000,7.34(0.00 %),41200,302408000,2600,19702000,174960628,24.74
24/11/2023,-16700,-122041000,7.25(-1.23 %),4000,28430000,20700,150471000,174977328,24.73
27/11/2023,-407800,-2913807000,7.01(-3.31 %),0,0,407800,2913807000,175385128,24.64
28/11/2023,-569100,-3929116000,6.99(-0.29 %),17000,115750000,586100,4044866000,175954228,24.52
29/11/2023,-940500,-6602600000,7.01(0.29 %),0,0,940500,6602600000,176894728,24.31
30/11/2023,-529500,-3738225000,6.95(-0.86 %),400,2820000,529900,3741045000,177424228,24.19
01/12/2023,-8800,-59248000,6.93(-0.29 %),9800,66346000,18600,125594000,176468253,24.4
04/12/2023,-350000,-2481277000,7.17(3.46 %),150000,1068042000,500000,3549319000,176818253,24.33
05/12/2023,26300,192471000,7.24(0.98 %),26300,192471000,0,0,176791953,24.33
06/12/2023,1793500,13665555000,7.74(6.91 %),1793500,13665555000,0,0,174998453,24.73
07/12/2023,461200,3617831000,8.1(4.65 %),604700,4765774000,143500,1147943000,174537253,24.83
08/12/2023,-23500,-185421000,7.83(-3.33 %),10400,82289000,33900,267710000,174560753,24.83
11/12/2023,1200,9186000,7.65(-2.30 %),1200,9186000,0,0,174559553,24.83
12/12/2023,60900,474249000,7.73(1.05 %),75000,584229000,14100,109980000,174498653,24.84
13/12/2023,-64800,-502709000,7.56(-2.20 %),0,0,64800,502709000,174563453,24.83
14/12/2023,2300,17403000,7.41(-1.98 %),3300,25053000,1000,7650000,174561153,24.83
15/12/2023,62500,468769000,7.54(1.75 %),68700,514720000,6200,45951000,174498653,24.84
18/12/2023,-47500,-354382000,7.47(-0.93 %),20300,153062000,67800,507444000,174546153,24.83
19/12/2023,-29600,-219312000,7.3(-2.28 %),0,0,29600,219312000,174575753,24.82
20/12/2023,-714300,-5183253000,7.25(-0.68 %),24000,175272000,738300,5358525000,175290053,24.66
21/12/2023,-39700,-286318000,7.25(0.00 %),3200,23081000,42900,309399000,175329753,24.66
22/12/2023,-47600,-347659000,7.25(0.00 %),52000,378600000,99600,726259000,175377353,24.65
25/12/2023,-257000,-1895707000,7.38(1.79 %),26000,191008000,283000,2086715000,175634353,24.59
26/12/2023,-36300,-270416000,7.47(1.22 %),12500,93635000,48800,364051000,175670653,24.58
27/12/2023,-86500,-647294000,7.46(-0.13 %),0,0,86500,647294000,175757153,24.56
28/12/2023,-18600,-138129000,7.46(0.00 %),1000,7380000,19600,145509000,175775753,24.56
29/12/2023,53100,397297000,7.5(0.54 %),61700,461742000,8600,64445000,175722653,24.57
02/01/2024,-7900,-59070000,7.42(-1.07 %),0,0,7900,59070000,175893456,19.36
03/01/2024,67600,504385000,7.54(1.62 %),67600,504385000,0,0,175806261,24.55
04/01/2024,-113100,-863895000,7.6(0.80 %),248100,1903212000,361200,2767107000,175919361,24.53
05/01/2024,-4900,-36968000,7.63(0.39 %),0,0,4900,36968000,175924261,24.52
08/01/2024,-49700,-388616000,7.8(2.23 %),2600,20202000,52300,408818000,175973961,24.51
09/01/2024,-77100,-600277000,7.72(-1.03 %),2000,15630000,79100,615907000,172455800,19.96
10/01/2024,16000,118975000,7.41(-4.02 %),21500,161315000,5500,42340000,172486656,19.96
11/01/2024,2000,14920000,7.51(1.35 %),2000,14920000,0,0,170063760,20.38
12/01/2024,-18600,-138476000,7.38(-1.73 %),3500,25968000,22100,164444000,176051661,24.5
15/01/2024,-40000,-293394000,7.28(-1.36 %),10000,72700000,50000,366094000,170055760,20.38
16/01/2024,35000,254232000,7.38(1.37 %),43000,312394000,8000,58162000,170034864,20.38
17/01/2024,-21000,-156239000,7.33(-0.68 %),15000,109950000,36000,266189000,170069856,20.38
18/01/2024,-104500,-767925000,7.34(0.14 %),2500,18538000,107000,786463000,176182161,24.47
19/01/2024,-106700,-784376000,7.32(-0.27 %),11000,80680000,117700,865056000,176288861,24.44
22/01/2024,-27900,-203216000,7.34(0.27 %),3200,23520000,31100,226736000,176316761,24.44
23/01/2024,84700,619838000,7.32(-0.27 %),84700,619838000,0,0,176232061,24.46
24/01/2024,146100,1068975000,7.31(-0.14 %),146100,1068975000,0,0,176085961,24.49
25/01/2024,75000,548905000,7.3(-0.14 %),85000,622005000,10000,73100000,176010961,24.51
26/01/2024,110800,813639000,7.34(0.55 %),111000,815099000,200,1460000,175900161,24.53
29/01/2024,150000,1101963000,7.33(-0.14 %),150000,1101963000,0,0,169786224,20.43
30/01/2024,43700,319917000,7.34(0.14 %),50000,366114000,6300,46197000,169736416,20.43
31/01/2024,-392200,-2833825000,7.15(-2.59 %),15000,108150000,407200,2941975000,169721424,20.44
01/02/2024,-71800,-511433000,7.13(-0.28 %),1000,7100000,72800,518533000,169721421,25.89
02/02/2024,-960400,-6864176000,7.08(-0.70 %),187400,236014000,1147800,7100190000,169726720,20.44
05/02/2024,32000,226560000,7.06(-0.28 %),32000,226560000,0,0,170648821,25.69
06/02/2024,-499800,-3517855000,6.96(-1.42 %),200,1398000,500000,3519253000,171142700,20.19
07/02/2024,0,0,7.02(0.86 %),0,0,0,0,171142700,20.19
15/02/2024,-206400,-1454035000,7.05(0.43 %),43600,307865000,250000,1761900000,171599100,20.11
16/02/2024,-169500,-1197713000,7.19(1.99 %),450500,3244417000,620000,4442130000,171148592,20.19
19/02/2024,-594500,-4234178000,7.13(-0.83 %),0,0,594500,4234178000,171398600,20.14
20/02/2024,-629756,-4480259840,7.1(-0.42 %),10000,71300000,639756,4551559840,172008592,20.04
21/02/2024,-179000,-1273287000,7.11(0.14 %),46200,327741000,225200,1601028000,172556900,19.94
22/02/2024,193600,1390420000,7.13(0.28 %),207200,1487160000,13600,96740000,172556900,19.94
23/02/2024,-98800,-702929000,6.96(-2.38 %),171500,1214915000,270300,1917844000,172832977,25.21
26/02/2024,42900,298709000,6.95(-0.14 %),100000,695500000,57100,396791000,172956752,19.87
27/02/2024,-513200,-3567140000,6.99(0.58 %),29400,204330000,542600,3771470000,173303277,25.1
28/02/2024,-307600,-2158261000,7(0.14 %),43100,302432000,350700,2460693000,173610877,25.04
29/02/2024,-92600,-648390000,7(0.00 %),12400,86862000,105000,735252000,176241856,19.57
01/03/2024,-152496,-1065915000,7.01(0.14 %),5000,34950000,157496,1100865000,176236853,25.01
04/03/2024,262904,1880777720,7.14(1.85 %),957500,6834475000,694596,4953697280,175973949,25.07
05/03/2024,-235000,-1666642000,7.07(-0.98 %),0,0,235000,1666642000,176526048,19.52
06/03/2024,1335100,9602427000,7.11(0.57 %),1500500,10791164000,165400,1188737000,174873849,25.31
07/03/2024,406400,2907265000,7.18(0.56 %),700500,5009254000,294100,2101989000,174467449,25.4
08/03/2024,-104500,-737057000,7.05(-1.81 %),36600,261981000,141100,999038000,174571949,25.37
11/03/2024,-187200,-1308915000,6.97(-1.13 %),212300,1488561000,399500,2797476000,174759149,25.33
12/03/2024,-221200,-1532160000,6.9(-1.00 %),9100,62932000,230300,1595092000,175108848,19.76
13/03/2024,-236100,-1637371000,6.98(1.16 %),72400,501879000,308500,2139250000,175435945,19.71
14/03/2024,-249600,-1743722000,6.98(0.00 %),70300,493317000,319900,2237039000,175685545,25.13
15/03/2024,-231400,-1634156000,7.02(0.57 %),76200,541131000,307600,2175287000,175916945,25.08
18/03/2024,284400,2051596000,7.18(2.28 %),417300,2994840000,132900,943244000,175730848,19.65
19/03/2024,-37200,-266516000,7.1(-1.11 %),3700,26603000,40900,293119000,176034752,19.6
20/03/2024,-70300,-496816000,7.1(0.00 %),500,3535000,70800,500351000,175740045,25.12
21/03/2024,1074100,7800150000,7.4(4.23 %),1160400,8425948000,86300,625798000,174665945,25.35
22/03/2024,-353900,-2631111000,7.39(-0.14 %),19300,141676000,373200,2772787000,175019845,25.28
25/03/2024,-244400,-1805816000,7.31(-1.08 %),10000,75000000,254400,1880816000,175175472,19.75
26/03/2024,-298200,-2181943000,7.38(0.96 %),43900,321838000,342100,2503781000,175138245,25.25
27/03/2024,-68700,-513552000,7.45(0.95 %),18800,140331000,87500,653883000,175740368,19.65
28/03/2024,-565900,-4246856000,7.45(0.00 %),66400,499960000,632300,4746816000,176016064,19.61
29/03/2024,-79600,-582350000,7.3(-2.01 %),100,743000,79700,583093000,176103472,19.59
01/04/2024,1013500,7554935000,7.81(6.99 %),1053400,7856719000,39900,301784000,175682368,19.66
02/04/2024,1069100,8487296000,7.96(1.92 %),1198300,9518547000,129200,1031251000,175034370,25.27
03/04/2024,1192400,9630287000,8.11(1.88 %),1200400,9695587000,8000,65300000,173403264,20.06
04/04/2024,-387200,-3089920000,7.99(-1.48 %),246700,1954889000,633900,5044809000,174229170,25.45
05/04/2024,-95500,-754454000,7.77(-2.75 %),191700,1507864000,287200,2262318000,173102064,20.11
08/04/2024,16800,123254000,7.8(0.39 %),157700,1222711000,140900,1099457000,174307870,25.43
09/04/2024,24800,189259000,7.99(2.44 %),314000,2446473000,289200,2257214000,174283070,25.44
10/04/2024,20800,157470000,7.76(-2.88 %),131300,1024050000,110500,866580000,174262270,25.44
11/04/2024,-124200,-949265000,7.69(-0.90 %),13100,99859000,137300,1049124000,173837168,19.98
12/04/2024,2900,22637000,7.72(0.39 %),10000,77731000,7100,55094000,173937664,19.96
15/04/2024,-70500,-548932000,7.18(-6.99 %),63700,468923000,134200,1017855000,174454070,25.4
16/04/2024,-30900,-221653000,6.75(-5.99 %),90400,610855000,121300,832508000,174484970,25.39
17/04/2024,-305500,-2056005000,6.65(-1.48 %),33500,227130000,339000,2283135000,174759570,25.33
19/04/2024,597200,3983925000,6.66(0.15 %),653700,4357423000,56500,373498000,174162370,25.47
22/04/2024,191800,1325601000,6.9(3.60 %),214000,1479076000,22200,153475000,173621300,20.02
23/04/2024,-19300,-132464000,6.9(0.00 %),6200,42613000,25500,175077000,173671600,20.01
24/04/2024,202900,1455131000,7.2(4.35 %),409800,2924191000,206900,1469060000,173786970,25.55
25/04/2024,66700,471402000,7.1(-1.39 %),66700,471402000,0,0,173720270,25.56
26/04/2024,15400,108703000,7.04(-0.85 %),16500,116447000,1100,7744000,173433216,20.05
02/05/2024,-3600,-25738000,7.15(1.56 %),300,2160000,3900,27898000,173432928,20.05
03/05/2024,39400,283232000,7.15(0.00 %),44000,316284000,4600,33052000,173390016,20.06
06/05/2024,30800,222477000,7.22(0.98 %),30800,222477000,0,0,173363200,20.06
07/05/2024,-1300,-9347000,7.2(-0.28 %),0,0,1300,9347000,173367792,20.06
08/05/2024,108500,769433000,7.11(-1.25 %),136000,967790000,27500,198357000,173231744,20.09
09/05/2024,-8600,-61276000,7.11(0.00 %),1800,12848000,10400,74124000,173231248,20.09
10/05/2024,100,1539000,7.11(0.00 %),46300,330582000,46200,329043000,173212448,20.09
13/05/2024,-690300,-5063099000,7.3(2.67 %),79400,584521000,769700,5647620000,173143440,20.1
14/05/2024,-39500,-292054000,7.31(0.14 %),13500,99066000,53000,391120000,173994124,25.5
15/05/2024,-945000,-6860162000,7.22(-1.23 %),104300,756760000,1049300,7616922000,174939124,25.29
16/05/2024,-276100,-2011877000,7.25(0.42 %),49900,363436000,326000,2375313000,175215224,25.23
17/05/2024,-956400,-6939214000,7.3(0.69 %),72500,526616000,1028900,7465830000,174821440,19.81
20/05/2024,-2787300,-21786156000,7.81(6.99 %),779400,6061632000,3566700,27847788000,174368048,19.89
21/05/2024,261800,2051866000,7.85(0.51 %),388400,3056546000,126600,1004680000,175008544,19.78
22/05/2024,423500,3389868000,7.97(1.53 %),462700,3702769000,39200,312901000,178112544,19.24
23/05/2024,-2020800,-15622592000,7.7(-3.39 %),74700,584503000,2095500,16207095000,178164448,19.23
24/05/2024,-116600,-936062000,7.68(-0.26 %),533300,4164700000,649900,5100762000,180134924,24.15
27/05/2024,-275200,-2109810000,7.68(0.00 %),0,0,275200,2109810000,179765920,18.96
28/05/2024,-998800,-7900659000,7.9(2.86 %),180100,1422718000,1178900,9323377000,180235728,18.88
29/05/2024,84300,792645000,8.39(6.20 %),1187500,10000830000,1103200,9208185000,179323424,19.03
30/05/2024,1393700,11479206000,8.49(1.19 %),1556500,12839116000,162800,1359910000,178945824,19.1
31/05/2024,1328000,11238454000,8.3(-2.24 %),1530900,12981090000,202900,1742636000,178518100,19.17
03/06/2024,-517500,-4326531000,8.22(-0.96 %),24000,201140000,541500,4527671000,178518093,24.5
04/06/2024,-317900,-2634188000,8.24(0.24 %),11100,92597000,329000,2726785000,178835993,24.43
05/06/2024,-233400,-1935966000,8.33(1.09 %),41100,339889000,274500,2275855000,179069393,24.38
06/06/2024,-161300,-1344891000,8.17(-1.92 %),5600,46731000,166900,1391622000,179672612,18.97
07/06/2024,9200,74955000,8.17(0.00 %),16500,134814000,7300,59859000,179930612,18.93
10/06/2024,-58700,-496560000,8.3(1.59 %),8600,70780000,67300,567340000,179989312,24.18
11/06/2024,-56339,-466841630,8.1(-2.41 %),0,0,56339,466841630,179672612,18.97
12/06/2024,-58000,-469509000,8.14(0.49 %),6300,51237000,64300,520746000,180157212,18.89
13/06/2024,0,0,8.2(0.74 %),0,0,0,0,180203651,18.88
14/06/2024,-34700,-278183000,7.68(-6.34 %),18000,146830000,52700,425013000,180249951,18.87
17/06/2024,-421076,-3170683720,7.55(-1.69 %),6000,45670000,427076,3216353720,180296351,18.87
18/06/2024,-92700,-703703000,7.5(-0.66 %),48000,361984000,140700,1065687000,180301051,18.87
19/06/2024,-532300,-3931654000,7.56(0.80 %),105500,781814000,637800,4713468000,180622627,18.81
20/06/2024,-60500,-452017000,7.44(-1.59 %),31300,232620000,91800,684637000,180732027,18.79
21/06/2024,-392922,-2911232280,7.41(-0.40 %),6078,45017720,399000,2956250000,181363749,18.68
24/06/2024,-35200,-265871000,7.11(-4.05 %),13500,96791000,48700,362662000,181442049,18.67
25/06/2024,151600,1083059000,7.21(1.41 %),151600,1083059000,0,0,181689449,18.63
26/06/2024,1000,7140000,7.16(-0.69 %),1000,7140000,0,0,181737149,18.62
27/06/2024,3000,21521000,7.29(1.82 %),3700,26533000,700,5012000,181733449,18.62
28/06/2024,-116000,-832573000,7.08(-2.88 %),8400,59872000,124400,892445000,181725049,18.62
04/07/2024,278700,2006525000,7.18(-0.42 %),280200,2017385000,1500,10860000,181662049,0.0
05/07/2024,-8100,-56771000,7.08(-1.39 %),34900,248149000,43000,304920000,181670149,0.0
08/07/2024,-918900,-6131938000,6.59(-6.92 %),36300,242160000,955200,6374098000,182589049,0.0
09/07/2024,-1566000,-9658748000,6.2(-5.92 %),39400,241601000,1605400,9900349000,184155049,0.0
10/07/2024,-316600,-1995665000,6.26(0.97 %),23000,146970000,339600,2142635000,184471649,0.0
11/07/2024,14300,91097000,6.38(1.92 %),14300,91097000,0,0,184457349,0.0
12/07/2024,-745200,-4693945000,6.25(-2.04 %),0,0,745200,4693945000,185202549,0.0
15/07/2024,-586400,-3571110000,5.98(-4.32 %),94600,573766000,681000,4144876000,185788949,0.0
16/07/2024,-523300,-3074739000,5.75(-3.85 %),160600,939248000,683900,4013987000,186312249,0.0
17/07/2024,432700,2365412000,5.45(-5.22 %),862100,4790540000,429400,2425128000,185879549,0.0
18/07/2024,148000,821403000,5.8(6.42 %),155200,861756000,7200,40353000,185731549,0.0
19/07/2024,-137400,-784500000,5.69(-1.90 %),500,2815000,137900,787315000,185868949,0.0
22/07/2024,-262400,-1477348000,5.6(-1.58 %),32700,179460000,295100,1656808000,186131349,0.0
23/07/2024,-152100,-853175000,5.56(-0.71 %),5200,28990000,157300,882165000,186283449,0.0
24/07/2024,-126900,-705839000,5.7(2.52 %),95400,531900000,222300,1237739000,186410349,0.0
25/07/2024,-7700,-43540000,5.68(-0.35 %),21500,120960000,29200,164500000,186418049,0.0
26/07/2024,21000,118530000,5.6(-1.41 %),26300,148490000,5300,29960000,186397049,0.0
29/07/2024,159100,894685000,5.63(0.54 %),167000,939260000,7900,44575000,186237949,0.0
30/07/2024,159100,894685000,5.6(-0.53 %),167000,939260000,7900,44575000,186078849,0.0
31/07/2024,598900,3499275000,5.85(4.46 %),603700,3527849000,4800,28574000,185479949,0.0
01/08/2024,-222000,-1274040000,5.6(-4.27 %),2500,13930000,224500,1287970000,185272014,0.0
02/08/2024,-68400,-380850000,5.6(0.00 %),0,0,68400,380850000,185340414,0.0
05/08/2024,-633100,-3344257000,5.21(-6.96 %),56500,299243000,689600,3643500000,185973514,0.0
06/08/2024,59700,318439000,5.4(3.65 %),86200,457894000,26500,139455000,185913814,0.0
07/08/2024,145000,802843000,5.6(3.70 %),148000,819051000,3000,16208000,185768814,0.0
08/08/2024,57900,323298000,5.5(-1.79 %),60900,339918000,3000,16620000,185710914,0.0
09/08/2024,4200,23396000,5.58(1.45 %),4200,23396000,0,0,185706714,0.0
12/08/2024,15600,87355000,5.53(-0.90 %),15600,87355000,0,0,185691114,0.0
13/08/2024,233500,1306986000,5.62(1.63 %),234400,1312008000,900,5022000,185457614,0.0
14/08/2024,29500,166324000,5.56(-1.07 %),29500,166324000,0,0,185428114,0.0
15/08/2024,1600,8792000,5.52(-0.72 %),5000,27560000,3400,18768000,185426514,0.0
16/08/2024,473200,2798207000,5.9(6.88 %),591800,3476320000,118600,678113000,184953314,0.0
19/08/2024,-65600,-398502000,6.02(2.03 %),38300,229279000,103900,627781000,185018914,0.0
20/08/2024,328000,2019416000,6.26(3.99 %),368300,2265717000,40300,246301000,184690914,0.0
21/08/2024,136300,824494000,6.12(-2.24 %),207700,1266934000,71400,442440000,184554614,0.0
22/08/2024,42700,260110000,6.1(-0.33 %),57900,353566000,15200,93456000,184511914,0.0
23/08/2024,-52600,-322702000,6.11(0.16 %),96600,586612000,149200,909314000,184564514,0.0
26/08/2024,-133600,-823601000,6.11(0.00 %),1200,7365000,134800,830966000,184698114,0.0
27/08/2024,65300,400702000,6.18(1.15 %),111200,680743000,45900,280041000,184632814,0.0
28/08/2024,2700,16745000,6.1(-1.29 %),66300,402300000,63600,385555000,184630114,0.0
29/08/2024,54800,331104000,6.02(-1.31 %),65700,397503000,10900,66399000,184575314,0.0
30/08/2024,-221800,-1326089000,5.95(-1.16 %),39700,236009000,261500,1562098000,184797114,0.0
04/09/2024,22700,131074000,5.94(-0.17 %),27200,157579000,4500,26505000,184776549,0.0
05/09/2024,129800,779012000,5.94(0.00 %),151800,912452000,22000,133440000,184646749,0.0
06/09/2024,69600,410821000,5.94(0.00 %),69600,410821000,0,0,184577149,0.0
09/09/2024,45300,268476000,5.88(-1.01 %),54300,321718000,9000,53242000,184531849,0.0
10/09/2024,-90800,-528915000,5.76(-2.04 %),50400,294194000,141200,823109000,184622649,0.0
11/09/2024,4400,26597000,5.76(0.00 %),36700,210587000,32300,183990000,184618249,0.0
12/09/2024,-36500,-209619000,5.69(-1.22 %),3000,17220000,39500,226839000,184654749,0.0
13/09/2024,200,2047000,5.78(1.58 %),18500,106114000,18300,104067000,184654549,0.0
16/09/2024,4100,23155000,5.7(-1.38 %),5800,33060000,1700,9905000,184650449,0.0
17/09/2024,53500,305905000,5.79(1.58 %),53500,305905000,0,0,184596949,0.0
18/09/2024,5900,33897000,5.8(0.17 %),11300,65427000,5400,31530000,184591049,0.0
19/09/2024,47000,275300000,5.98(3.10 %),64500,380485000,17500,105185000,184544049,0.0
20/09/2024,-600,-3594000,5.9(-1.34 %),0,0,600,3594000,184544649,0.0
23/09/2024,-8900,-52458000,5.85(-0.85 %),0,0,8900,52458000,184553549,0.0
24/09/2024,-4800,-28820000,5.87(0.34 %),39300,229089000,44100,257909000,184558349,0.0
25/09/2024,8800,52570000,5.96(1.53 %),14700,87911000,5900,35341000,184549549,0.0
26/09/2024,8300,49175000,5.97(0.17 %),20100,120903000,11800,71728000,184541249,0.0
27/09/2024,101300,607917000,5.97(0.00 %),106100,636730000,4800,28813000,184439949,0.0
30/09/2024,-13800,-81361000,5.93(-0.67 %),500,2945000,14300,84306000,184453749,0.0
01/10/2024,88700,530786000,5.95(0.34 %),108800,651242000,20100,120456000,184684350,0.0
02/10/2024,-8000,-49183000,5.83(-2.02 %),72700,425218000,80700,474401000,184692350,0.0
03/10/2024,119400,687099000,5.7(-2.23 %),146000,841770000,26600,154671000,184572950,0.0
04/10/2024,-84600,-480412000,5.65(-0.88 %),25000,141750000,109600,622162000,184657550,0.0
07/10/2024,-13900,-79495000,5.66(0.18 %),0,0,13900,79495000,184671450,0.0
08/10/2024,33700,190339000,5.64(-0.35 %),35100,198291000,1400,7952000,184637750,0.0
09/10/2024,-29300,-165757000,5.66(0.35 %),0,0,29300,165757000,184667050,0.0
10/10/2024,4100,23496000,5.66(0.00 %),21100,119424000,17000,95928000,184662950,0.0
11/10/2024,18800,106210000,5.64(-0.35 %),18800,106210000,0,0,184644150,0.0
14/10/2024,-12400,-70027000,5.59(-0.89 %),0,0,12400,70027000,184656550,0.0
15/10/2024,4000,22000000,5.5(-1.61 %),4000,22000000,0,0,184652550,0.0
16/10/2024,0,-10000,5.5(0.00 %),200,1100000,200,1110000,184652550,0.0
17/10/2024,32000,178480000,5.75(4.55 %),32000,178480000,0,0,184620550,0.0
18/10/2024,-6800,-38964000,5.65(-1.74 %),0,0,6800,38964000,184627350,0.0
21/10/2024,500,2842000,5.7(0.88 %),700,3990000,200,1148000,184626850,0.0
22/10/2024,-29900,-172694000,5.79(1.58 %),3200,18165000,33100,190859000,184656750,0.0
23/10/2024,-8200,-47921000,5.9(1.90 %),100,588000,8300,48509000,184664950,0.0
24/10/2024,300,1686000,5.8(-1.69 %),1400,8148000,1100,6462000,184664650,0.0
25/10/2024,5300,31320000,5.89(1.55 %),5300,31320000,0,0,184659350,0.0
28/10/2024,-503600,-2932564000,5.81(-1.36 %),0,0,503600,2932564000,185162950,0.0
29/10/2024,1600,9197000,5.77(-0.69 %),1900,10934000,300,1737000,185161350,0.0
30/10/2024,-5200,-30044000,5.8(0.52 %),2300,13231000,7500,43275000,185166550,0.0
31/10/2024,-4100,-23634000,5.78(-0.34 %),0,0,4100,23634000,185170650,0.0
01/11/2024,-5700,-33110000,5.77(-0.17 %),0,0,5700,33110000,185089450,0.0
04/11/2024,122700,709121000,5.71(-1.04 %),125000,722500000,2300,13379000,184966750,0.0
05/11/2024,31900,185344000,5.79(1.40 %),31900,185344000,0,0,184934850,0.0
06/11/2024,3600,20911000,5.82(0.52 %),4200,24391000,600,3480000,184931250,0.0
07/11/2024,-52800,-330800000,6.22(6.87 %),71400,432904000,124200,763704000,184984050,0.0
08/11/2024,440800,2803801000,6.39(2.73 %),530700,3373308000,89900,569507000,184543250,0.0
11/11/2024,379100,2427053000,6.39(0.00 %),400100,2559333000,21000,132280000,184164150,0.0
12/11/2024,157200,996135000,6.35(-0.63 %),456200,2889689000,299000,1893554000,179228083,19.05
13/11/2024,609900,3864835000,6.79(6.93 %),646800,4113495000,36900,248660000,183397050,0.0
14/11/2024,-181400,-1250348000,6.73(-0.88 %),0,0,181400,1250348000,183578450,0.0
15/11/2024,107400,725579000,6.77(0.59 %),126400,854940000,19000,129361000,183471050,0.0
18/11/2024,35200,242544000,6.85(1.18 %),97200,659940000,62000,417396000,183435850,0.0
19/11/2024,4800,32075000,6.62(-3.36 %),4800,32075000,0,0,183431050,0.0
20/11/2024,505400,3483879000,7.05(6.50 %),616000,4252032000,110600,768153000,182925650,0.0
21/11/2024,484700,3481108000,7.5(6.38 %),677500,4885876000,192800,1404768000,182440950,0.0
22/11/2024,1100,9174000,7.48(-0.27 %),19100,141662000,18000,132488000,182439850,0.0
25/11/2024,-61100,-459193000,7.55(0.94 %),44500,335320000,105600,794513000,181354365,18.68
26/11/2024,538300,4164751000,7.73(2.38 %),614100,4749656000,75800,584905000,180758255,18.79
27/11/2024,-400,-3724000,7.55(-2.33 %),6300,48055000,6700,51779000,180857555,18.77
28/11/2024,576400,4366893000,7.58(0.40 %),623800,4723873000,47400,356980000,180309583,18.86
29/11/2024,568500,4292935000,7.7(1.58 %),572000,4319561000,3500,26626000,179744283,18.96
02/12/2024,-800,-6077000,7.49(-2.73 %),1400,10785000,2200,16862000,179990283,18.92
03/12/2024,582400,4408001000,7.65(2.14 %),593300,4490721000,10900,82720000,179400483,19.02
04/12/2024,177700,1336019000,7.57(-1.05 %),300200,2265473000,122500,929454000,179102483,19.07
05/12/2024,701200,5393889000,7.77(2.64 %),719400,5532884000,18200,138995000,178543983,19.17
09/12/2024,309500,2398142000,7.78(2.91 %),338900,2622724000,29400,224582000,178905783,19.11
10/12/2024,-752300,-6103906000,7.93(1.93 %),95400,761701000,847700,6865607000,179208083,19.05
16/12/2024,-177700,-1349882000,7.6(-1.81 %),1100,8338000,178800,1358220000,180253740,18.87
17/12/2024,-38100,-289309000,7.71(1.45 %),11000,84382000,49100,373691000,180306140,18.86
18/12/2024,315000,2441260000,7.99(3.63 %),399300,3117944000,84300,676684000,180085640,18.9
19/12/2024,-63200,-510201000,8.03(0.50 %),72100,568769000,135300,1078970000,180062677,18.91
20/12/2024,-98000,-781011000,7.9(-1.62 %),3800,30182000,101800,811193000,180143177,18.89
24/12/2024,0,0,7.2(-6.98 %),0,0,0,0,180105777,18.9
25/12/2024,376200,2691309000,7.3(1.39 %),395500,2827461000,19300,136152000,179890377,18.94
26/12/2024,4000,28544000,7.29(-0.14 %),4100,29274000,100,730000,180166877,18.89
27/12/2024,148500,1063971000,7.16(-1.78 %),215800,1543486000,67300,479515000,179908322,18.93
30/12/2024,206200,1458258000,7.07(-1.26 %),223900,1584462000,17700,126204000,179684522,18.97
31/12/2024,82700,595087000,7.2(1.84 %),158400,1136884000,75700,541797000,179793420,18.95
02/01/2025,-4700,-30459000,7.13(-0.97 %),100000,713000000,104700,743459000,179711120,18.97
03/01/2025,8600,50567000,6.95(-2.52 %),121500,844191000,112900,793624000,179665320,18.98
06/01/2025,522600,3541866000,6.8(-2.16 %),545000,3696124000,22400,154258000,179225102,19.05
07/01/2025,255400,1712205000,6.66(-2.06 %),273700,1836645000,18300,124440000,179225102,19.05
08/01/2025,-124000,-661512000,6.75(1.35 %),1099400,7102456000,1223400,7763968000,178147304,19.24
09/01/2025,-214800,-1425346000,6.66(-1.33 %),139500,928714000,354300,2354060000,178026104,19.26
10/01/2025,83400,548561000,6.55(-1.65 %),126100,833001000,42700,284440000,179123494,19.07
13/01/2025,191100,1234962000,6.77(3.36 %),239900,1562075000,48800,327113000,179237894,19.05
14/01/2025,-317100,-2087489000,6.5(-3.99 %),0,0,317100,2087489000,179280594,19.04
15/01/2025,-91100,-594578000,6.5(0.00 %),210600,1369633000,301700,1964211000,179205594,19.05
16/01/2025,108600,717824000,6.75(3.85 %),136500,901233000,27900,183409000,179096994,0.0
17/01/2025,209400,1425626000,6.78(0.44 %),306400,2071462000,97000,645836000,179381494,19.02
20/01/2025,-360100,-2389731000,6.7(-1.18 %),0,0,360100,2389731000,179409394,19.02
21/01/2025,-46900,-315045000,6.54(-2.39 %),123200,806156000,170100,1121201000,179383194,19.02
22/01/2025,-246800,-1607895000,6.46(-1.22 %),40000,261400000,286800,1869295000,179703294,18.97
23/01/2025,-50700,-323871000,6.66(3.10 %),114500,760938000,165200,1084809000,179758894,18.96
24/01/2025,124800,832903000,6.7(0.60 %),140800,939178000,16000,106275000,179904894,18.93
03/02/2025,-90700,-605780000,0(0.00 %),58400,387615000,149100,993395000,180011694,18.92
04/02/2025,-93900,-634208000,6.81(0.29 %),66700,450361000,160600,1084569000,179960994,18.92
05/02/2025,86800,610969000,6.95(2.06 %),446200,3117696000,359400,2506727000,179763884,18.96
06/02/2025,-14700,-101083000,6.89(-0.86 %),103500,713315000,118200,814398000,179820939,18.95
07/02/2025,-121300,-837127000,6.76(-1.89 %),103000,696490000,224300,1533617000,180077294,18.9
10/02/2025,-147500,-975380000,6.66(-1.48 %),100000,666000000,247500,1641380000,180095494,18.9
11/02/2025,-200,-1257000,6.63(-0.45 %),31200,205930000,31400,207187000,180288594,18.87
12/02/2025,-29600,-197495000,6.59(-0.60 %),94100,622061000,123700,819556000,180441994,18.84
13/02/2025,134600,882957000,6.64(0.76 %),135400,888217000,800,5260000,180337994,18.86
14/02/2025,451800,3034931000,6.74(1.51 %),469900,3156648000,18100,121717000,179991794,18.92
17/02/2025,397100,2693554000,6.75(0.15 %),415200,2816363000,18100,122809000,179577394,18.99
18/02/2025,487900,3388569000,6.94(2.81 %),710500,4931366000,222600,1542797000,178884994,19.11
19/02/2025,-123900,-868441000,7.11(2.45 %),100000,711000000,223900,1579441000,178803094,19.12
20/02/2025,936000,6653771000,7.11(0.00 %),1200000,8533673000,264000,1879902000,177825694,19.29
21/02/2025,567100,4035091000,7.15(0.56 %),603500,4293635000,36400,258544000,177446094,19.36
24/02/2025,-309400,-2193709000,7.11(-0.56 %),19800,141086000,329200,2334795000,177690294,19.32
25/02/2025,-37200,-262078000,7.24(1.83 %),82400,593736000,119600,855814000,177644294,19.32
26/02/2025,-126100,-895632000,7.2(-0.55 %),103000,741480000,229100,1637112000,177870494,19.29
27/02/2025,79100,568647000,7.34(1.94 %),142400,1022317000,63300,453670000,177847694,19.29
28/02/2025,-170600,-1246778000,7.39(0.68 %),3400,24989000,174000,1271767000,178073394,19.25
03/03/2025,186400,1365744000,7.3(-1.22 %),330000,2415247000,143600,1049503000,177806694,19.3
04/03/2025,-117600,-844604000,7.14(-2.19 %),3800,27056000,121400,871660000,177976894,19.27
05/03/2025,-109800,-781215000,7.11(-0.42 %),81500,582105000,191300,1363320000,178038994,19.26
06/03/2025,152100,1096879000,7.25(1.97 %),152100,1096879000,0,0,178008294,19.26
07/03/2025,246300,1806015000,7.26(0.14 %),361300,2647121000,115000,841106000,177838294,19.29
10/03/2025,130800,956656000,7.32(0.83 %),318400,2321427000,187600,1364771000,177519894,19.35
11/03/2025,541900,3955764000,7.49(2.32 %),587000,4284186000,45100,328422000,177519894,19.35
12/03/2025,162700,1216143000,7.51(0.27 %),321300,2406116000,158600,1189973000,176614194,19.5
13/03/2025,389300,2927427000,7.46(-0.67 %),573200,4319148000,183900,1391721000,176086094,19.59
14/03/2025,864600,6508676000,7.6(1.88 %),939800,7073714000,75200,565038000,175004894,19.78
17/03/2025,-200700,-1524158000,7.6(0.00 %),500,3805000,201200,1527963000,175188294,19.75
18/03/2025,154500,1114772000,7.45(-1.97 %),241900,1775440000,87400,660668000,173832494,19.98
19/03/2025,-87700,-639110000,7.39(-0.81 %),168400,1237690000,256100,1876800000,173865294,19.98
20/03/2025,464900,3354056000,7.3(-1.22 %),542200,3918485000,77300,564429000,173610494,20.02
21/03/2025,70800,511663000,7.17(-1.78 %),94100,680010000,23300,168347000,173772514,19.99
24/03/2025,47100,341969000,7.23(0.84 %),165600,1185113000,118500,843144000,173684214,20.01
25/03/2025,230900,1662734000,7.23(0.00 %),307500,2215956000,76600,553222000,173400014,20.06
26/03/2025,-66900,-477988000,7.1(-1.80 %),289500,2074039000,356400,2552027000,173229014,20.09
27/03/2025,151500,1077025000,7.2(1.41 %),214000,1522076000,62500,445051000,173091577,20.11
28/03/2025,-124300,-883845000,7.08(-1.67 %),98100,696668000,222400,1580513000,173349877,20.07
31/03/2025,-78600,-550980000,6.9(-2.54 %),13600,94883000,92200,645863000,173398752,20.06
01/04/2025,-17000,-123539000,7.09(2.75 %),29200,201993000,46200,325532000,173591954,20.02
02/04/2025,-6800,-46528000,7.08(-0.14 %),31000,220680000,37800,267208000,173653154,20.01
03/04/2025,300400,1979640000,6.59(-6.92 %),300400,1979640000,0,0,173398954,20.06
04/04/2025,458400,2808688000,6.13(-6.98 %),490400,3006172000,32000,197484000,172946354,20.14
08/04/2025,368300,2103891000,5.71(-6.85 %),453300,2589842000,85000,485951000,172493054,20.21
09/04/2025,373900,1988912000,5.32(-6.83 %),428500,2279886000,54600,290974000,172096603,20.28
10/04/2025,0,0,5.69(6.95 %),0,0,0,0,172181603,20.27
11/04/2025,1173000,6834339000,6.04(6.15 %),1188400,6925785000,15400,91446000,171047803,20.46
14/04/2025,194700,1186523000,6.13(1.49 %),208500,1271255000,13800,84732000,170499303,20.56
15/04/2025,226200,1366776000,6(-2.12 %),226200,1366776000,0,0,170288503,20.59
16/04/2025,-118100,-690452000,5.84(-2.67 %),335900,2010631000,454000,2701083000,170082903,20.63
17/04/2025,199400,1179067000,6.04(3.42 %),208500,1233275000,9100,54208000,167785003,21.03
18/04/2025,35000,214707000,6(-0.66 %),76400,467035000,41400,252328000,167779803,21.03
21/04/2025,-37500,-228118000,6(0.00 %),36300,216332000,73800,444450000,167752603,21.03
22/04/2025,272000,1545818000,5.71(-4.83 %),414100,2363197000,142100,817379000,167379903,21.1
23/04/2025,390800,2374633000,6.1(6.83 %),406100,2463961000,15300,89328000,167047603,21.15
24/04/2025,1189000,7533985000,6.3(3.28 %),1456000,9220926000,267000,1686941000,165733703,21.38
25/04/2025,-34900,-219546000,6.24(-0.95 %),33000,205932000,67900,425478000,165716003,21.38
28/04/2025,61100,383477000,6.24(0.00 %),99000,620793000,37900,237316000,165884003,21.36
29/04/2025,104500,677140000,6.44(3.21 %),201300,1287340000,96800,610200000,165750603,21.38
05/05/2025,45200,73982000,6.4(-0.62 %),45200,287777000,0,213795000,165776803,21.37
06/05/2025,-23700,-147204000,6.31(-1.41 %),133300,852227000,157000,999431000,165873603,21.36
07/05/2025,190400,1212812000,6.5(3.01 %),212000,1351043000,21600,138231000,165683203,21.39
08/05/2025,-111100,-725646000,6.48(-0.31 %),34400,223137000,145500,948783000,165706903,21.39
09/05/2025,190600,1238106000,6.5(0.31 %),223800,1453936000,33200,215830000,165516303,21.42
12/05/2025,11100,74331000,6.64(2.15 %),24800,163567000,13700,89236000,165616303,21.4
13/05/2025,-153400,-1011490000,6.56(-1.20 %),52700,347137000,206100,1358627000,165616303,21.4
14/05/2025,214500,1420407000,6.62(0.91 %),233800,1548294000,19300,127887000,165401803,21.44
15/05/2025,24900,-97610000,6.66(0.60 %),24900,164088000,0,261698000,165555203,21.41
16/05/2025,358700,723399000,6.91(3.75 %),358700,2429915000,0,1706516000,165447203,21.43
19/05/2025,301600,-199959000,6.8(-1.59 %),301600,2048664000,0,2248623000,165461803,21.43
20/05/2025,200300,734927000,6.76(-0.59 %),200300,1352013000,0,617086000,165352603,21.45
21/05/2025,101900,292751000,6.76(0.00 %),101900,676378000,0,383627000,165335203,21.45
22/05/2025,91200,162286000,6.64(-1.78 %),91200,609020000,0,446734000,165311003,21.45
23/05/2025,60800,409749000,6.7(0.90 %),158700,1071483000,97900,661734000,165250203,21.46
26/05/2025,311200,632969000,6.91(3.13 %),311200,2134504000,0,1501535000,165154803,21.48
27/05/2025,24400,176991000,7.12(3.04 %),313700,2213728000,289300,2036737000,165130403,21.49
28/05/2025,321300,-1200509000,7.01(-1.54 %),321300,2259944000,0,3460453000,165130403,21.49
29/05/2025,265300,-661267000,7.1(1.28 %),265300,1887433000,0,2548700000,165130403,21.49
30/05/2025,295600,264678000,7.12(0.28 %),295600,2092121000,0,1827443000,165261103,21.46
02/06/2025,55300,-3530332000,7.2(1.12 %),55300,404993000,0,3935325000,165353103,21.45
03/06/2025,27100,-4556170000,7.25(0.69 %),27100,190513000,0,4746683000,165353103,21.45
04/06/2025,263000,-828625000,7.75(6.90 %),263000,1960359000,0,2788984000,165840603,21.36
05/06/2025,1820300,8809015000,8.29(6.97 %),1820300,14927218000,0,6118203000,165401203,21.44
06/06/2025,2954700,19558459000,8.85(6.76 %),2954700,25626186000,0,6067727000,163261803,21.81
09/06/2025,812800,2747428720,8.65(-2.26 %),812800,7262687000,0,4515258280,162951434,21.86
10/06/2025,1087400,8311180000,8.3(-4.05 %),1087400,9484847000,0,1173667000,161999534,22.03
11/06/2025,900900,7596893000,8.5(2.41 %),1338700,11243655000,437800,3646762000,161098634,22.18
12/06/2025,-88200,-817155000,9.09(6.94 %),217000,1885555000,305200,2702710000,161098634,22.18
13/06/2025,-2300000,-20607399000,9(-0.99 %),815900,7171360000,3115900,27778759000,161098634,22.18
16/06/2025,-1550100,-13563879000,8.99(-0.11 %),833900,7289241000,2384000,20853120000,161186887,22.17
17/06/2025,-407500,-3690727000,8.85(-1.56 %),957400,8515363000,1364900,12206090000,163486887,21.77
18/06/2025,-28200,-249859000,8.8(-0.56 %),371000,3225078000,399200,3474937000,165036988,21.5
19/06/2025,279500,2415464000,8.89(1.02 %),546000,4760069000,266500,2344605000,165164988,21.48
20/06/2025,249500,2221135000,8.7(-2.14 %),530600,4739343000,281100,2518208000,164943688,21.52
23/06/2025,557600,4786984000,8.78(0.92 %),688800,5911953000,131200,1124969000,164386088,21.61
24/06/2025,-195900,-1734656000,9(2.51 %),573700,5128672000,769600,6863328000,164386088,21.61
25/06/2025,-866000,-8138701000,9.35(3.89 %),181200,1706551000,1047200,9845252000,164386088,21.61
26/06/2025,-1045900,-9624888000,9.2(-1.60 %),31000,283336000,1076900,9908224000,164581988,21.58
27/06/2025,-173300,-1600433000,8.91(-3.15 %),102100,924124000,275400,2524557000,165447988,21.43
30/06/2025,-408800,-3608450000,8.91(0.00 %),235400,2066426000,644200,5674876000,166493888,21.25
01/07/2025,-666000,-5851272000,8.66(-2.81 %),233800,2042693000,899800,7893965000,166667188,21.22
02/07/2025,217900,1908141000,8.96(3.46 %),269700,2360179000,51800,452038000,166858088,21.19
03/07/2025,377000,3419191000,9.22(2.90 %),566600,5141669000,189600,1722478000,167147088,21.14
04/07/2025,589800,5445275000,9.2(-0.22 %),658500,6085861000,68700,640586000,166557288,21.24
07/07/2025,195500,1820803000,9.35(1.63 %),553100,5109272000,357600,3288469000,166361788,21.27
08/07/2025,-14500,-159363000,9.67(3.42 %),272000,2617972000,286500,2777335000,166361788,21.27
09/07/2025,-414100,-3982368000,9.56(-1.14 %),53400,515675000,467500,4498043000,166361788,21.27
10/07/2025,-411300,-3914108000,9.62(0.63 %),79600,770515000,490900,4684623000,166361788,21.27
11/07/2025,-90500,-859438000,9.35(-2.81 %),303600,2867888000,394100,3727326000,166790388,21.2
14/07/2025,609600,5731539000,10(6.95 %),1068900,10303117000,459300,4571578000,166592178,21.23
15/07/2025,-205400,-2103660000,10.1(1.00 %),163900,1681515000,369300,3785175000,166682681,21.22
16/07/2025,1018600,10323040000,10.35(2.48 %),1147300,11622685000,128700,1299645000,165664081,21.39
17/07/2025,1409900,15146740000,10.8(4.35 %),1840900,19730480000,431000,4583740000,165664081,21.39
18/07/2025,1590200,17555605000,11.55(6.94 %),1873900,20692635000,283700,3137030000,162869381,21.88
21/07/2025,-1741500,-19709960000,11.05(-4.33 %),383000,4281130000,2124500,23991090000,162869381,21.88
22/07/2025,1072900,12022740000,11.4(3.17 %),1375500,15418125000,302600,3395385000,161796481,22.06
23/07/2025,-947500,-10758695000,11.3(-0.88 %),115300,1307280000,1062800,12065975000,163537981,21.76
24/07/2025,-243500,-2740800000,11.3(0.00 %),649500,7249925000,893000,9990725000,163537981,21.76
25/07/2025,611100,6984685000,11.6(2.65 %),1617100,18487985000,1006000,11503300000,163874381,21.7
28/07/2025,-1964800,-23469465000,11.85(2.16 %),149500,1779675000,2114300,25249140000,164117881,21.66
29/07/2025,-640700,-7397925000,11.05(-6.75 %),329100,3732260000,969800,11130185000,164117881,21.66
30/07/2025,582600,5954570000,10.55(-4.52 %),1629900,17068700000,1047300,11114130000,165500115,21.42
31/07/2025,-1125900,-12133580000,10.95(3.79 %),220800,2372800000,1346700,14506380000,166140815,21.31
01/08/2025,-367700,-4094945000,11(0.46 %),122400,1344935000,490100,5439880000,166140815,21.31
04/08/2025,-261100,-2945205000,11.3(2.73 %),170500,1896940000,431600,4842145000,167266715,21.12
05/08/2025,-1527900,-17336110000,11(-2.65 %),440700,4864980000,1968600,22201090000,167634415,21.05
06/08/2025,807000,9089180000,11.4(3.64 %),911500,10264605000,104500,1175425000,167088515,21.15
07/08/2025,529100,6206405000,12.15(6.58 %),716100,8420775000,187000,2214370000,168086315,20.97
08/08/2025,-311900,-3808775000,12.55(3.29 %),150300,1822515000,462200,5631290000,168086315,20.97
11/08/2025,-909900,-11515055000,12.55(0.00 %),114600,1434300000,1024500,12949355000,168086315,20.97
12/08/2025,-163000,-2047305000,12.35(-1.59 %),491900,6021155000,654900,8068460000,168398215,20.92
13/08/2025,462200,5765070000,12.65(2.43 %),891900,11142445000,429700,5377375000,168845926,20.84
14/08/2025,190300,2404670000,12.7(0.40 %),295900,3736950000,105600,1332280000,168818626,20.85
15/08/2025,-341800,-4357720000,12.35(-2.76 %),252100,3094130000,593900,7451850000,168818626,20.85
18/08/2025,800100,9968265000,12.9(4.45 %),1245300,15536725000,445200,5568460000,168018526,20.99
19/08/2025,-2758400,-35951125000,13(0.78 %),832700,10788635000,3591100,46739760000,168360378,20.93
20/08/2025,653700,7982760000,12.8(-1.54 %),1012300,12558050000,358600,4575290000,167706718,21.04
21/08/2025,-1178500,-14684250000,12.2(-4.69 %),85500,1054295000,1264000,15738545000,170464118,20.56
22/08/2025,74500,785770000,11.4(-6.56 %),887400,10297920000,812900,9512150000,170464118,20.56
25/08/2025,125300,1421305000,11.45(0.44 %),444100,5150245000,318800,3728940000,170389618,20.58
26/08/2025,181500,2155650000,0(-100.00 %),430300,5074415000,248800,2918765000,171442818,20.4
