Ngay,KLGDRong,GTDGRong,ThayDoi,KLMua,GtMua,KLBan,GtBan,RoomConLai,DangSoHuu
18/07/2006,2000,71000,0(0.00 %),2000,71000,0,0,0,0.0
19/07/2006,4630,159735,0(0.00 %),4630,159735,0,0,0,0.0
20/07/2006,-9600,-309120,0(0.00 %),100,3220,9700,312340,0,0.0
21/07/2006,18000,586412,0(0.00 %),25000,811812,7000,225400,0,0.0
24/07/2006,-4260,-130356,0(0.00 %),0,0,4260,130356,0,0.0
25/07/2006,200,5820,0(0.00 %),200,5820,0,0,0,0.0
26/07/2006,-4500,-124650,0(0.00 %),200,5540,4700,130190,0,0.0
27/07/2006,-2400,-67110,0(0.00 %),100,2890,2500,70000,0,0.0
28/07/2006,15500,456000,0(0.00 %),18000,531000,2500,75000,0,0.0
31/07/2006,400,11320,0(0.00 %),400,11320,0,0,0,0.0
01/08/2006,-9990,-269730,0(0.00 %),10,270,10000,270000,0,0.0
02/08/2006,-2200,-58930,0(0.00 %),700,18550,2900,77480,0,0.0
03/08/2006,43400,1236900,0(0.00 %),43400,1236900,0,0,0,0.0
04/08/2006,18000,532800,0(0.00 %),22000,651200,4000,118400,0,0.0
07/08/2006,11810,357951,0(0.00 %),11810,357951,0,0,0,0.0
08/08/2006,-2000,-59200,0(0.00 %),0,0,2000,59200,0,0.0
09/08/2006,51000,1540200,0(0.00 %),56000,1691200,5000,151000,0,0.0
10/08/2006,15950,478500,0(0.00 %),15950,478500,0,0,0,0.0
11/08/2006,94230,2913110,0(0.00 %),94230,2913110,0,0,0,0.0
14/08/2006,14450,469625,0(0.00 %),14450,469625,0,0,0,0.0
15/08/2006,170740,5627540,0(0.00 %),170740,5627540,0,0,0,0.0
16/08/2006,138230,4711059,0(0.00 %),138230,4711059,0,0,0,0.0
17/08/2006,437570,15533735,0(0.00 %),437570,15533735,0,0,0,0.0
18/08/2006,625910,21911000,0(0.00 %),625910,21911000,0,0,0,0.0
21/08/2006,16660,591480,0(0.00 %),16660,591480,0,0,0,0.0
22/08/2006,140300,4792170,0(0.00 %),140300,4792170,0,0,0,0.0
23/08/2006,-5000,-177500,0(0.00 %),0,0,5000,177500,0,0.0
24/08/2006,190000,6735000,0(0.00 %),190000,6735000,0,0,0,0.0
25/08/2006,194100,6890550,0(0.00 %),197100,6997050,3000,106500,0,0.0
28/08/2006,100630,3562302,0(0.00 %),100630,3562302,0,0,0,0.0
29/08/2006,88330,3135825,0(0.00 %),89330,3171425,1000,35600,0,0.0
30/08/2006,59600,2149560,0(0.00 %),59600,2149560,0,0,0,0.0
31/08/2006,19800,703300,0(0.00 %),19800,703300,0,0,0,0.0
01/09/2006,5100,183600,0(0.00 %),5100,183600,0,0,0,0.0
05/09/2006,3000,113400,0(0.00 %),3000,113400,0,0,0,0.0
06/09/2006,294900,11678040,0(0.00 %),294900,11678040,0,0,0,0.0
07/09/2006,280,11020,0(0.00 %),280,11020,0,0,0,0.0
11/09/2006,85250,3307720,0(0.00 %),85250,3307720,0,0,0,0.0
12/09/2006,32970,1236375,0(0.00 %),32970,1236375,0,0,0,0.0
14/09/2006,1000,38100,0(0.00 %),1000,38100,0,0,0,0.0
15/09/2006,131030,5016049,0(0.00 %),131030,5016049,0,0,0,0.0
18/09/2006,50300,1914670,0(0.00 %),56300,2142370,6000,227700,0,0.0
19/09/2006,-1600,-60480,0(0.00 %),400,15120,2000,75600,0,0.0
20/09/2006,10100,381780,0(0.00 %),10100,381780,0,0,0,0.0
21/09/2006,59480,2224560,0(0.00 %),59480,2224560,0,0,0,0.0
22/09/2006,84630,3159077,0(0.00 %),84630,3159077,0,0,0,0.0
25/09/2006,1100,41040,0(0.00 %),1100,41040,0,0,0,0.0
26/09/2006,122900,4571520,0(0.00 %),122900,4571520,0,0,0,0.0
27/09/2006,58870,2208988,0(0.00 %),71070,2666488,12200,457500,0,0.0
28/09/2006,101290,3830642,0(0.00 %),102290,3868542,1000,37900,0,0.0
29/09/2006,256250,9853614,38.4(1.32 %),259250,9968814,3000,115200,0,0.0
02/10/2006,-7400,-280560,38(-1.04 %),2600,99440,10000,380000,0,0.0
03/10/2006,11200,425600,38(0.00 %),12000,456000,800,30400,0,0.0
04/10/2006,3600,136800,38(0.00 %),3600,136800,0,0,0,0.0
05/10/2006,3200,121500,37.5(-1.32 %),3200,121500,0,0,0,0.0
06/10/2006,36700,1376250,37.5(0.00 %),36700,1376250,0,0,0,0.0
09/10/2006,14400,539962,37.6(0.27 %),14400,539962,0,0,0,0.0
10/10/2006,103800,3892500,37.5(-0.27 %),105800,3967500,2000,75000,0,0.0
11/10/2006,1000,38000,37.6(0.27 %),1000,38000,0,0,0,0.0
12/10/2006,73840,2769000,37.5(-0.27 %),73840,2769000,0,0,0,0.0
13/10/2006,200480,7518000,37.5(0.00 %),200480,7518000,0,0,0,0.0
16/10/2006,253170,9470679,37.4(-0.27 %),253170,9470679,0,0,0,0.0
17/10/2006,192850,7164735,37.1(-0.80 %),192850,7164735,0,0,0,0.0
18/10/2006,54400,2029720,37.3(0.54 %),67400,2514020,13000,484300,0,0.0
19/10/2006,13930,522375,37.5(0.54 %),13930,522375,0,0,0,0.0
20/10/2006,64760,2439036,37.7(0.53 %),64760,2439036,0,0,0,0.0
23/10/2006,83130,3096229,37.2(-1.33 %),83130,3096229,0,0,0,0.0
24/10/2006,51540,1917300,37.2(0.00 %),56540,2102800,5000,185500,0,0.0
25/10/2006,53440,1996512,37.4(0.54 %),53440,1996512,0,0,0,0.0
26/10/2006,66260,2487056,37.5(0.27 %),66260,2487056,0,0,0,0.0
27/10/2006,134850,5056875,37.5(0.00 %),134850,5056875,0,0,0,0.0
30/10/2006,500,18550,37.1(-1.07 %),500,18550,0,0,0,0.0
31/10/2006,9600,351568,37(-0.27 %),19600,721568,10000,370000,0,0.0
03/11/2006,1800,65700,36.4(-1.89 %),1800,65700,0,0,0,0.0
06/11/2006,35500,1292200,36.4(0.00 %),35500,1292200,0,0,0,0.0
07/11/2006,64720,2358980,36.5(0.27 %),65000,2369200,280,10220,0,0.0
08/11/2006,106000,3922000,37(1.37 %),128200,4743400,22200,821400,0,0.0
09/11/2006,36800,1365280,37.1(0.27 %),57000,2114700,20200,749420,0,0.0
10/11/2006,76240,2830140,37(-0.27 %),76240,2830140,0,0,0,0.0
13/11/2006,101370,3755814,37.1(0.27 %),111370,4126814,10000,371000,0,0.0
14/11/2006,296610,11481816,38.9(4.85 %),306610,11870816,10000,389000,0,0.0
15/11/2006,621110,25124919,39.9(2.57 %),622110,25164819,1000,39900,0,0.0
16/11/2006,671930,26418202,39.4(-1.25 %),691830,27194342,19900,776140,0,0.0
17/11/2006,572390,22980378,40.2(2.03 %),592390,23784378,20000,804000,0,0.0
20/11/2006,782920,32425965,41.5(3.23 %),807920,33456465,25000,1030500,0,0.0
21/11/2006,353210,14774570,41.5(0.00 %),353210,14774570,0,0,0,0.0
22/11/2006,312700,13133400,42(1.20 %),312700,13133400,0,0,0,0.0
23/11/2006,248740,10811804,44.1(5.00 %),258480,11241338,9740,429534,0,0.0
24/11/2006,78920,3653996,46.3(4.99 %),118920,5505996,40000,1852000,0,0.0
27/11/2006,74150,3482035,44(-4.97 %),74950,3520835,800,38800,0,0.0
28/11/2006,-12800,-562300,44(0.00 %),100,4300,12900,566600,0,0.0
29/11/2006,122650,5151300,42(-4.55 %),122650,5151300,0,0,0,0.0
30/11/2006,98000,4191040,43(2.38 %),99000,4233240,1000,42200,0,0.0
01/12/2006,175560,7579484,43(0.00 %),176560,7622884,1000,43400,0,0.0
04/12/2006,116930,5001440,42.5(-1.16 %),116930,5001440,0,0,0,0.0
05/12/2006,61920,2588760,41.6(-2.12 %),66000,2760120,4080,171360,0,0.0
06/12/2006,217610,9280990,43(3.37 %),217710,9285240,100,4250,0,0.0
07/12/2006,330030,14884353,45.1(4.88 %),330030,14884353,0,0,0,0.0
08/12/2006,186480,8820504,47.3(4.88 %),186480,8820504,0,0,0,0.0
11/12/2006,398070,19744272,49.6(4.86 %),430670,21361232,32600,1616960,0,0.0
12/12/2006,489580,25444560,48(-3.23 %),511400,26579200,21820,1134640,0,0.0
13/12/2006,137100,6855000,50(4.17 %),154500,7725000,17400,870000,0,0.0
14/12/2006,359540,18843800,52.5(5.00 %),399540,20938800,40000,2095000,0,0.0
15/12/2006,293560,16145800,55(4.76 %),323760,17806800,30200,1661000,0,0.0
18/12/2006,105280,6053600,57.5(4.55 %),125280,7203600,20000,1150000,0,0.0
19/12/2006,272080,16324800,60(4.35 %),277200,16632000,5120,307200,0,0.0
20/12/2006,260900,15991350,58.5(-2.50 %),392900,23948850,132000,7957500,0,0.0
21/12/2006,121400,6919200,56(-4.27 %),121400,6919200,0,0,0,0.0
22/12/2006,40100,2145350,53.5(-4.46 %),50000,2675000,9900,529650,0,0.0
25/12/2006,900,45900,51(-4.67 %),900,45900,0,0,0,0.0
26/12/2006,-209720,-10171420,48.5(-4.90 %),400,19400,210120,10190820,0,0.0
27/12/2006,-1195340,-56490910,50.5(4.12 %),5000,243700,1200340,56734610,0,0.0
28/12/2006,-124110,-5750280,48(-4.95 %),127660,6484080,251770,12234360,0,0.0
29/12/2006,19800,990000,49.6(3.33 %),19800,990000,0,0,0,0.0
01/03/2007,-116210,-9599360000,84(-1.18 %),34780,2955840000,150990,12555200000,0,0.0
02/03/2007,181780,15439780000,85(1.19 %),367690,31177220000,185910,15737440000,0,0.0
05/03/2007,105100,9493060000,85(0.00 %),271860,23746860000,166760,14253800000,0,0.0
06/03/2007,-118130,-9646160000,84(-1.18 %),83630,6931890000,201760,16578050000,0,0.0
07/03/2007,-206510,-16780190000,80(-4.76 %),29950,2436000000,236460,19216190000,0,0.0
08/03/2007,-80450,-6309820000,81(1.25 %),59830,4738590000,140280,11048410000,0,0.0
09/03/2007,-54720,-4445990000,81(0.00 %),52790,4375870000,107510,8821860000,0,0.0
12/03/2007,31540,2586280000,82(1.23 %),154440,12664080000,122900,10077800000,0,0.0
13/03/2007,-66110,-5304910000,80(-2.44 %),19600,1587600000,85710,6892510000,0,0.0
14/03/2007,-107810,-8193560000,76(-5.00 %),113200,8603200000,221010,16796760000,0,0.0
15/03/2007,-43320,-3140700000,72.5(-4.61 %),73680,5341800000,117000,8482500000,0,0.0
16/03/2007,-80010,-6080760000,76(4.83 %),39640,3012640000,119650,9093400000,0,0.0
19/03/2007,-132590,-10540905000,79.5(4.61 %),50290,3998055000,182880,14538960000,0,0.0
20/03/2007,82930,6782260000,77(-3.14 %),106390,8695980000,23460,1913720000,0,0.0
21/03/2007,-27600,-2118535000,77.5(0.65 %),27980,2105475000,55580,4224010000,0,0.0
22/03/2007,-40780,-3089640000,75(-3.23 %),5570,424610000,46350,3514250000,0,0.0
23/03/2007,11830,887250000,75(0.00 %),97770,7332750000,85940,6445500000,0,0.0
26/03/2007,47690,3551050000,74(-1.33 %),97990,7300100000,50300,3749050000,0,0.0
27/03/2007,98570,7281625000,72.5(-2.03 %),98570,7281625000,0,0,0,0.0
28/03/2007,-4740,-307350000,72.5(0.00 %),76460,5543050000,81200,5850400000,0,0.0
29/03/2007,-33070,-2401285000,76(4.83 %),202430,15055715000,235500,17457000000,0,0.0
30/03/2007,122560,9483410000,76(0.00 %),156500,12122650000,33940,2639240000,0,0.0
02/04/2007,73120,5557120000,76(0.00 %),112820,8574320000,39700,3017200000,0,0.0
03/04/2007,12320,893200000,72.5(-4.61 %),34360,2491100000,22040,1597900000,0,0.0
04/04/2007,-9700,-687700000,73(0.69 %),1900,141300000,11600,829000000,0,0.0
05/04/2007,67410,4920930000,73(0.00 %),67410,4920930000,0,0,0,0.0
06/04/2007,21500,1536400000,72(-1.37 %),21500,1536400000,0,0,0,0.0
09/04/2007,-15900,-1113000000,70(-2.78 %),100,7000000,16000,1120000000,0,0.0
10/04/2007,53750,3908170000,72.5(3.57 %),53750,3908170000,0,0,0,0.0
11/04/2007,29230,2106455000,70.5(-2.76 %),42440,3064180000,13210,957725000,0,0.0
12/04/2007,62480,4452210000,71.5(1.42 %),62580,4459210000,100,7000000,0,0.0
13/04/2007,131000,9392350000,72(0.70 %),160270,11485155000,29270,2092805000,0,0.0
16/04/2007,137180,9915880000,71(-1.39 %),162300,11729440000,25120,1813560000,0,0.0
17/04/2007,-46320,-3134540000,68(-4.23 %),10310,720800000,56630,3855340000,0,0.0
18/04/2007,-150,-21560000,70(2.94 %),5880,400540000,6030,422100000,0,0.0
19/04/2007,21940,1529400000,69(-1.43 %),22940,1598400000,1000,69000000,0,0.0
20/04/2007,-16410,-1099470000,67(-2.90 %),6490,434830000,22900,1534300000,0,0.0
23/04/2007,-14090,-901760000,64(-4.48 %),3830,245120000,17920,1146880000,0,0.0
24/04/2007,44120,2808140000,64(0.00 %),115380,7270845000,71260,4462705000,0,0.0
25/04/2007,1290,82560000,64(0.00 %),64860,4151040000,63570,4068480000,0,0.0
02/05/2007,65040,4321500000,64.5(0.78 %),122670,8109615000,57630,3788115000,0,0.0
03/05/2007,-19430,-1206595000,62.5(-3.10 %),73010,4693465000,92440,5900060000,0,0.0
04/05/2007,-38200,-2353075000,62(-0.80 %),11950,739515000,50150,3092590000,0,0.0
07/05/2007,-9600,-560280000,65(4.84 %),79130,5143450000,88730,5703730000,0,0.0
08/05/2007,57630,3896520000,67(3.08 %),127240,8566920000,69610,4670400000,0,0.0
09/05/2007,137650,9603355000,70(4.48 %),307650,21473505000,170000,11870150000,0,0.0
10/05/2007,190120,13407420000,70.5(0.71 %),254000,17903410000,63880,4495990000,0,0.0
11/05/2007,53060,3714200000,70(-0.71 %),143060,10014200000,90000,6300000000,0,0.0
14/05/2007,79880,5874295000,73.5(5.00 %),82780,6084295000,2900,210000000,0,0.0
15/05/2007,147410,10885000000,73(-0.68 %),171910,12702500000,24500,1817500000,0,0.0
16/05/2007,15350,1104190000,71.5(-2.05 %),70210,5031680000,54860,3927490000,0,0.0
17/05/2007,-105300,-7271830000,69.5(-2.80 %),343870,23805810000,449170,31077640000,0,0.0
18/05/2007,32070,2229960000,69.5(0.00 %),97070,6747460000,65000,4517500000,0,0.0
21/05/2007,107730,7702895000,72.5(4.32 %),108230,7739145000,500,36250000,0,0.0
22/05/2007,86470,6341160000,73(0.69 %),159920,11762260000,73450,5421100000,0,0.0
23/05/2007,203450,15078165000,74(1.37 %),318110,23598005000,114660,8519840000,0,0.0
24/05/2007,176790,12952310000,73.5(-0.68 %),224610,16469330000,47820,3517020000,0,0.0
25/05/2007,82450,6058390000,73(-0.68 %),136900,10033600000,54450,3975210000,0,0.0
28/05/2007,164700,12232810000,74(1.37 %),223540,16622310000,58840,4389500000,0,0.0
29/05/2007,9600,706600000,73(-1.35 %),44150,3244970000,34550,2538370000,0,0.0
30/05/2007,28780,2042790000,71(-2.74 %),46830,3342390000,18050,1299600000,0,0.0
31/05/2007,41140,2920165000,70(-1.41 %),228680,16148025000,187540,13227860000,0,0.0
01/06/2007,79960,5658115000,70(0.00 %),113940,8071725000,33980,2413610000,0,0.0
04/06/2007,33880,2367950000,69.5(-0.71 %),82130,5732415000,48250,3364465000,0,0.0
05/06/2007,-4430,-309305000,69(-0.72 %),15330,1056635000,19760,1365940000,0,0.0
06/06/2007,-10020,-691380000,69(0.00 %),68030,4694070000,78050,5385450000,0,0.0
07/06/2007,-38170,-2633730000,69(0.00 %),37560,2591640000,75730,5225370000,0,0.0
08/06/2007,7150,498230000,68(-1.45 %),63530,4368450000,56380,3870220000,0,0.0
11/06/2007,-9270,-629130000,68(0.00 %),13750,939875000,23020,1569005000,0,0.0
12/06/2007,30400,2080560000,68(0.00 %),45730,3129030000,15330,1048470000,0,0.0
13/06/2007,6160,421080000,68(0.00 %),42920,2924120000,36760,2503040000,0,0.0
14/06/2007,-470,-30555000,67.5(-0.74 %),3720,252270000,4190,282825000,0,0.0
15/06/2007,75300,5120400000,68(0.74 %),109630,7454840000,34330,2334440000,0,0.0
18/06/2007,-153390,-9970350000,65(-4.41 %),66100,4296500000,219490,14266850000,0,0.0
19/06/2007,-4890,-312660000,66.5(2.31 %),75410,5030985000,80300,5343645000,0,0.0
20/06/2007,-55200,-3600475000,65(-2.26 %),12450,810650000,67650,4411125000,0,0.0
21/06/2007,-55140,-3528960000,64(-1.54 %),5660,362240000,60800,3891200000,0,0.0
22/06/2007,40,2560000,64(0.00 %),41290,2642560000,41250,2640000000,0,0.0
25/06/2007,5250,336930000,65(1.56 %),10250,659430000,5000,322500000,0,0.0
26/06/2007,-10740,-691370000,64.5(-0.77 %),18040,1166440000,28780,1857810000,0,0.0
27/06/2007,5530,353920000,64(-0.78 %),5630,360320000,100,6400000,0,0.0
28/06/2007,-10700,-674100000,63(-1.56 %),25300,1593900000,36000,2268000000,0,0.0
29/06/2007,-3600,-224760000,62.5(-0.79 %),2800,176400000,6400,401160000,0,0.0
02/07/2007,81160,5066000000,62(-0.80 %),81260,5072300000,100,6300000,0,0.0
03/07/2007,48770,2921630000,60(-3.23 %),50040,2997465000,1270,75835000,0,0.0
04/07/2007,-420,-23500000,62.5(4.17 %),1580,98500000,2000,122000000,0,0.0
05/07/2007,111710,7018610000,63(0.80 %),111810,7024910000,100,6300000,0,0.0
06/07/2007,25850,1624035000,63(0.00 %),25850,1624035000,0,0,0,0.0
09/07/2007,4380,282150000,62.5(-0.79 %),52650,3235765000,48270,2953615000,0,0.0
10/07/2007,-6170,-384265000,62.5(0.00 %),0,0,6170,384265000,0,0.0
11/07/2007,28100,1766250000,62.5(0.00 %),30100,1891250000,2000,125000000,0,0.0
12/07/2007,15070,939045000,62(-0.80 %),27830,1730165000,12760,791120000,0,0.0
13/07/2007,20270,1252005000,61.5(-0.81 %),21260,1312890000,990,60885000,0,0.0
16/07/2007,12020,734745000,61(-0.81 %),19480,1193420000,7460,458675000,0,0.0
17/07/2007,22520,1373720000,61(0.00 %),22520,1373720000,0,0,0,0.0
18/07/2007,34770,2103585000,60.5(-0.82 %),105410,6377305000,70640,4273720000,0,0.0
19/07/2007,17170,1026330000,59.5(-1.65 %),21020,1256195000,3850,229865000,0,0.0
20/07/2007,-8710,-513890000,59(-0.84 %),120,7080000,8830,520970000,0,0.0
23/07/2007,38000,2211500000,58(-1.69 %),51000,2965500000,13000,754000000,0,0.0
24/07/2007,1840,116250000,58.5(0.86 %),108340,6391565000,106500,6275315000,0,0.0
25/07/2007,46650,2744695000,59(0.85 %),188730,11088045000,142080,8343350000,0,0.0
26/07/2007,13040,771190000,59(0.00 %),90520,5366250000,77480,4595060000,0,0.0
27/07/2007,-27970,-1589780000,56.5(-4.24 %),41100,2344675000,69070,3934455000,0,0.0
30/07/2007,-8860,-478565000,54(-4.42 %),23450,1266300000,32310,1744865000,0,0.0
31/07/2007,-4870,-250805000,51.5(-4.63 %),4100,211150000,8970,461955000,0,0.0
01/08/2007,-187980,-9412456000,51.5(0.00 %),13400,658750000,201380,10071206000,0,0.0
02/08/2007,-40200,-2045405000,49.5(-3.88 %),3580,180985000,43780,2226390000,0,0.0
03/08/2007,-83810,-3970295000,47.1(-4.85 %),19400,920737000,103210,4891032000,0,0.0
06/08/2007,-7080,-331148000,46.1(-2.12 %),20,940000,7100,332088000,0,0.0
07/08/2007,-67580,-2960544000,43.8(-4.99 %),100,4650000,67680,2965194000,0,0.0
08/08/2007,-72820,-3226857000,45(2.74 %),12980,568812000,85800,3795669000,0,0.0
09/08/2007,-290260,-12630586000,43.7(-2.89 %),8640,375333000,298900,13005919000,0,0.0
10/08/2007,-115310,-5137009000,44.2(1.14 %),400,17680000,115710,5154689000,0,0.0
13/08/2007,-121210,-5187638000,42.6(-3.62 %),300,12870000,121510,5200508000,0,0.0
14/08/2007,-117280,-5021578000,43(0.94 %),0,0,117280,5021578000,0,0.0
15/08/2007,300,12930000,42.8(2.27 %),300,12930000,0,0,0,0.0
16/08/2007,-100600,-4159350000,41.2(-3.74 %),0,0,100600,4159350000,0,0.0
17/08/2007,-92490,-3663466000,39.5(-4.13 %),2070,82386000,94560,3745852000,0,0.0
20/08/2007,-130940,-4972538000,37.6(-4.81 %),2800,108920000,133740,5081458000,0,0.0
21/08/2007,72090,2812776000,39.4(4.79 %),272090,10692776000,200000,7880000000,0,0.0
22/08/2007,-1380,-56994000,41.3(4.82 %),0,0,1380,56994000,0,0.0
23/08/2007,-129460,-5608743000,43.3(4.84 %),96100,4158005000,225560,9766748000,0,0.0
24/08/2007,-104680,-4752502000,45.4(4.85 %),21100,957910000,125780,5710412000,0,0.0
27/08/2007,108400,5103000000,47.6(4.85 %),111400,5244000000,3000,141000000,0,0.0
28/08/2007,46580,2320866000,49.4(3.78 %),91580,4523890000,45000,2203024000,0,0.0
29/08/2007,5650,265550000,47(-4.86 %),5650,265550000,0,0,0,0.0
30/08/2007,74910,3432052000,47(0.00 %),74910,3432052000,0,0,0,0.0
31/08/2007,-39930,-1820692000,47.1(0.21 %),100210,4731888000,140140,6552580000,0,0.0
04/09/2007,46730,2303857000,49.4(4.88 %),51750,2547327000,5020,243470000,0,0.0
05/09/2007,231980,11937725000,51.5(4.25 %),231980,11937725000,0,0,0,0.0
06/09/2007,-44550,-2280880000,50.5(-1.94 %),18450,941205000,63000,3222085000,0,0.0
07/09/2007,-31450,-1555450000,51(0.99 %),32550,1650550000,64000,3206000000,0,0.0
10/09/2007,-62970,-3183970000,51(0.00 %),30,1530000,63000,3185500000,0,0.0
11/09/2007,-3450,-172500000,50(-1.96 %),0,0,3450,172500000,0,0.0
12/09/2007,-46810,-2317530000,49(-2.00 %),100,4954000,46910,2322484000,0,0.0
13/09/2007,1000,49000000,49(0.00 %),1000,49000000,0,0,0,0.0
14/09/2007,4140,205673000,50(2.04 %),4140,205673000,0,0,0,0.0
17/09/2007,0,0,50(0.00 %),0,0,0,0,0,0.0
18/09/2007,-200,-9800000,49(-2.00 %),0,0,200,9800000,0,0.0
19/09/2007,94410,4752981000,51(4.08 %),104070,5245641000,9660,492660000,0,0.0
20/09/2007,143750,7654165000,53.5(4.90 %),143750,7654165000,0,0,0,0.0
21/09/2007,54140,2889070000,53(-0.93 %),79140,4215070000,25000,1326000000,0,0.0
24/09/2007,31800,1769630000,54.5(2.83 %),240000,12963370000,208200,11193740000,0,0.0
25/09/2007,4520,256980000,57(4.59 %),4700,267150000,180,10170000,0,0.0
26/09/2007,24280,1443610000,56(-1.75 %),28280,1681610000,4000,238000000,0,0.0
27/09/2007,125470,7194455000,57(1.79 %),127470,7308455000,2000,114000000,0,0.0
28/09/2007,69230,4007190000,57.5(0.88 %),69230,4007190000,0,0,0,0.0
01/10/2007,115770,6758630000,58.5(1.74 %),116770,6816630000,1000,58000000,0,0.0
02/10/2007,221630,13299260000,61(4.27 %),278370,16756400000,56740,3457140000,0,0.0
03/10/2007,21270,1332905000,63(3.28 %),21670,1357905000,400,25000000,0,0.0
04/10/2007,-16130,-753220000,61(-3.17 %),219950,13663600000,236080,14416820000,0,0.0
05/10/2007,-62130,-3540580000,58.5(-4.10 %),108370,6445480000,170500,9986060000,0,0.0
08/10/2007,14000,826000000,59(0.85 %),17000,1003000000,3000,177000000,0,0.0
09/10/2007,3460,201730000,59(0.00 %),21640,1269150000,18180,1067420000,0,0.0
10/10/2007,14100,841650000,59.5(0.85 %),51100,3025400000,37000,2183750000,0,0.0
11/10/2007,21590,1277195000,59(-0.84 %),22590,1336195000,1000,59000000,0,0.0
12/10/2007,17770,1038490000,58.5(-0.85 %),18070,1056040000,300,17550000,0,0.0
15/10/2007,101650,6013695000,59(0.85 %),130650,7666695000,29000,1653000000,0,0.0
16/10/2007,48590,2878215000,59(0.00 %),52590,3114715000,4000,236500000,0,0.0
17/10/2007,41010,2404090000,58(-1.69 %),41010,2404090000,0,0,0,0.0
18/10/2007,-68240,-3846675000,56(-3.45 %),15620,881370000,83860,4728045000,0,0.0
19/10/2007,19080,1086880000,58(3.57 %),21760,1238960000,2680,152080000,0,0.0
22/10/2007,20700,1196780000,58(0.00 %),27700,1592280000,7000,395500000,0,0.0
23/10/2007,-14290,-802240000,56(-3.45 %),0,0,14290,802240000,0,0.0
24/10/2007,129910,7576895000,58.5(4.46 %),140690,8194525000,10780,617630000,0,0.0
25/10/2007,39810,2379280000,59.5(1.71 %),79010,4711680000,39200,2332400000,0,0.0
26/10/2007,45420,2701670000,59.5(0.00 %),59420,3534670000,14000,833000000,0,0.0
29/10/2007,-191240,-10900955000,57(-4.20 %),15700,894900000,206940,11795855000,0,0.0
30/10/2007,72260,4199570000,58.5(2.63 %),150510,8760835000,78250,4561265000,0,0.0
31/10/2007,79400,4708965000,59(0.85 %),79400,4708965000,0,0,0,0.0
01/11/2007,12000,696000000,58.5(-0.85 %),12000,696000000,0,0,0,0.0
02/11/2007,-23270,-1312505000,56.5(-3.42 %),6300,358200000,29570,1670705000,0,0.0
05/11/2007,-296650,-16027605000,54(-4.42 %),57000,3081700000,353650,19109305000,0,0.0
06/11/2007,-217470,-11260810000,51.5(-4.63 %),32530,1690060000,250000,12950870000,0,0.0
07/11/2007,-224560,-11343765000,50.5(-1.94 %),50000,2525000000,274560,13868765000,0,0.0
08/11/2007,50200,2660500000,53(4.95 %),50200,2660500000,0,0,0,0.0
09/11/2007,-126260,-6452020000,51(-3.77 %),50400,2620950000,176660,9072970000,0,0.0
12/11/2007,77950,4081050000,52(1.96 %),78150,4091450000,200,10400000,0,0.0
13/11/2007,-130960,-6519006000,49.4(-5.00 %),61340,3082000000,192300,9601006000,0,0.0
14/11/2007,-359640,-17376287000,47.6(-3.64 %),62560,3108757000,422200,20485044000,0,0.0
15/11/2007,64500,3212950000,49.9(4.83 %),64700,3222930000,200,9980000,0,0.0
16/11/2007,-77350,-3634825000,49.1(-1.60 %),88520,4515080000,165870,8149905000,0,0.0
19/11/2007,80630,4103465000,50.5(2.85 %),81730,4159515000,1100,56050000,0,0.0
20/11/2007,-22440,-1111433000,49.5(-1.98 %),5230,258885000,27670,1370318000,0,0.0
21/11/2007,-45680,-2225356000,48.7(-1.62 %),6790,333085000,52470,2558441000,0,0.0
22/11/2007,-35490,-1742395000,49(0.62 %),36450,1778907000,71940,3521302000,0,0.0
23/11/2007,28660,1424075000,49.4(0.82 %),28660,1424075000,0,0,0,0.0
26/11/2007,-2700,-131806000,49.6(0.40 %),48300,2400124000,51000,2531930000,0,0.0
27/11/2007,138500,7062410000,51(2.82 %),179000,9113010000,40500,2050600000,0,0.0
28/11/2007,10800,547230000,50.5(-0.98 %),10800,547230000,0,0,0,0.0
29/11/2007,-1300,-65480000,51(0.99 %),0,0,1300,65480000,0,0.0
30/11/2007,-16860,-806500000,49.5(-2.94 %),92830,4645080000,109690,5451580000,0,0.0
03/12/2007,57410,2899155000,50.5(2.02 %),57410,2899155000,0,0,0,0.0
04/12/2007,187510,9653690000,51.5(1.98 %),188410,9700040000,900,46350000,0,0.0
05/12/2007,-4060,-204260000,51(-0.97 %),15600,798400000,19660,1002660000,0,0.0
06/12/2007,23250,1172640000,50(-1.96 %),26940,1357140000,3690,184500000,0,0.0
07/12/2007,0,0,50.5(1.00 %),0,0,0,0,0,0.0
10/12/2007,9350,467500000,50(-0.99 %),9350,467500000,0,0,0,0.0
11/12/2007,5160,253920000,49.5(-1.00 %),6000,295500000,840,41580000,0,0.0
12/12/2007,-7300,-365190000,50(1.01 %),100,4810000,7400,370000000,0,0.0
13/12/2007,8900,429810000,48.5(-3.00 %),14530,705830000,5630,276020000,0,0.0
14/12/2007,-87720,-4143411000,47(-3.09 %),1220,57340000,88940,4200751000,0,0.0
17/12/2007,-29790,-1387110000,46.4(-1.28 %),101670,4770190000,131460,6157300000,0,0.0
18/12/2007,31940,1478401000,46.3(-0.22 %),80040,3704141000,48100,2225740000,0,0.0
19/12/2007,34730,1678616000,48.4(4.54 %),34990,1691174000,260,12558000,0,0.0
20/12/2007,30150,1462714000,48(-0.83 %),31580,1531534000,1430,68820000,0,0.0
21/12/2007,62780,3020024000,48.2(0.42 %),62780,3020024000,0,0,0,0.0
24/12/2007,-9510,-450183000,47.2(-2.07 %),23790,1130048000,33300,1580231000,0,0.0
25/12/2007,56590,2671193000,47.2(0.00 %),56590,2671193000,0,0,0,0.0
26/12/2007,51670,2448752000,47.5(0.64 %),51670,2448752000,0,0,0,0.0
27/12/2007,48720,2280600000,47(-1.05 %),48740,2281520000,20,920000,0,0.0
28/12/2007,13420,627264000,46.7(-0.64 %),13530,632401000,110,5137000,0,0.0
02/01/2008,4690,219942000,46.8(0.21 %),9600,449630000,4910,229688000,0,0.0
03/01/2008,-16360,-741704000,45.2(-3.42 %),34050,1574340000,50410,2316044000,0,0.0
04/01/2008,10050,452250000,45(-0.44 %),10180,458100000,130,5850000,0,0.0
07/01/2008,39240,1783384000,44.6(-0.89 %),50610,2291007000,11370,507623000,0,0.0
08/01/2008,46630,2119284000,45.4(1.79 %),53700,2440005000,7070,320721000,0,0.0
09/01/2008,-5160,-230971000,44.6(-1.76 %),1300,59150000,6460,290121000,0,0.0
10/01/2008,-60760,-2576594000,42.4(-4.93 %),11590,491416000,72350,3068010000,0,0.0
11/01/2008,-1840,-79304000,43.1(1.65 %),0,0,1840,79304000,0,0.0
14/01/2008,29490,1267716000,42.6(-1.16 %),31340,1347616000,1850,79900000,0,0.0
15/01/2008,-22950,-930155000,40.5(-4.93 %),0,0,22950,930155000,0,0.0
16/01/2008,-253260,-10749766000,42.5(4.94 %),0,0,253260,10749766000,0,0.0
17/01/2008,-48510,-2037270000,41(-3.53 %),10,410000,48520,2037680000,0,0.0
18/01/2008,-9740,-406615000,41.5(1.22 %),12150,498150000,21890,904765000,0,0.0
21/01/2008,-10450,-427950000,41(-1.20 %),500,21000000,10950,448950000,0,0.0
22/01/2008,-240000,-9360240000,39(-4.88 %),0,0,240000,9360240000,0,0.0
23/01/2008,-189960,-7065785000,37.1(-4.87 %),0,0,189960,7065785000,0,0.0
24/01/2008,-120290,-4396889000,36(-2.96 %),1100,41030000,121390,4437919000,0,0.0
25/01/2008,17270,631356000,37.5(4.17 %),63510,2348502000,46240,1717146000,0,0.0
28/01/2008,91220,3567286000,39.3(4.80 %),109020,4264126000,17800,696840000,0,0.0
29/01/2008,27450,1116452000,41.2(4.83 %),37740,1540400000,10290,423948000,0,0.0
30/01/2008,46250,1998000000,43.2(4.85 %),51390,2220048000,5140,222048000,0,0.0
31/01/2008,47870,2065499000,43(-0.46 %),50320,2170849000,2450,105350000,0,0.0
01/02/2008,67200,2958940000,44(2.33 %),67200,2958940000,0,0,0,0.0
12/02/2008,3970,166937000,42(-4.55 %),3970,166937000,0,0,0,0.0
13/02/2008,-76660,-3059373000,40(-4.76 %),700,27930000,77360,3087303000,0,0.0
14/02/2008,11560,475513000,41.2(3.00 %),24450,1003265000,12890,527752000,0,0.0
15/02/2008,40140,1648267000,41(-0.49 %),40140,1648267000,0,0,0,0.0
18/02/2008,-2470,-96330000,39(-4.88 %),90,3510000,2560,99840000,0,0.0
19/02/2008,900,34740000,39(0.00 %),900,34740000,0,0,0,0.0
20/02/2008,48620,1871503000,38.1(-2.31 %),50120,1928653000,1500,57150000,0,0.0
21/02/2008,39320,1423384000,36.2(-4.99 %),39320,1423384000,0,0,0,0.0
22/02/2008,-119100,-4097040000,34.4(-4.97 %),4900,168560000,124000,4265600000,0,0.0
25/02/2008,6530,235733000,36.1(4.94 %),17440,629584000,10910,393851000,0,0.0
26/02/2008,19600,717460000,36(-0.28 %),19600,717460000,0,0,0,0.0
27/02/2008,-510,-18524000,36(0.00 %),0,0,510,18524000,0,0.0
28/02/2008,32570,1185933000,36.3(0.83 %),32770,1193193000,200,7260000,0,0.0
29/02/2008,-29720,-1050021000,35.1(-3.31 %),6630,233193000,36350,1283214000,0,0.0
03/03/2008,22200,755035000,34(-3.13 %),22850,777850000,650,22815000,0,0.0
04/03/2008,-1090,-36185000,32.3(-5.00 %),400,12985000,1490,49170000,0,0.0
05/03/2008,-10420,-319804000,30.7(-4.95 %),580,17896000,11000,337700000,0,0.0
06/03/2008,0,0,32.2(4.89 %),0,0,0,0,0,0.0
07/03/2008,0,0,33.8(4.97 %),0,0,0,0,0,0.0
10/03/2008,29010,1026954000,35.4(4.73 %),30010,1062354000,1000,35400000,0,0.0
11/03/2008,18090,643269000,35.4(0.00 %),26610,949588000,8520,306319000,0,0.0
12/03/2008,-65660,-2307343000,34.1(-1.45 %),5400,188370000,71060,2495713000,0,0.0
13/03/2008,-45630,-1559189000,34.1(0.00 %),14380,492288000,60010,2051477000,0,0.0
14/03/2008,800,27100000,34(-0.29 %),800,27100000,0,0,0,0.0
17/03/2008,11260,364548000,32.4(-4.71 %),11720,379728000,460,15180000,0,0.0
18/03/2008,-18680,-575344000,30.8(-4.94 %),8200,252560000,26880,827904000,0,0.0
19/03/2008,0,0,29.3(-4.87 %),0,0,0,0,0,0.0
20/03/2008,-4890,-148778000,30.4(3.75 %),0,0,4890,148778000,0,0.0
21/03/2008,3070,94618000,30(-1.32 %),3070,94618000,0,0,0,0.0
24/03/2008,45680,1347877000,29(-3.33 %),45780,1350857000,100,2980000,0,0.0
25/03/2008,21310,588556000,27.6(-4.83 %),26340,727384000,5030,138828000,0,0.0
26/03/2008,6350,183515000,28.9(4.71 %),7230,208947000,880,25432000,0,0.0
27/03/2008,0,0,29.1(0.69 %),0,0,0,0,0,0.0
28/03/2008,0,0,29.3(0.69 %),0,0,0,0,0,0.0
31/03/2008,900,26550000,29.5(0.68 %),10120,298540000,9220,271990000,0,0.0
01/04/2008,2240,66328000,29.7(0.68 %),2240,66328000,0,0,0,0.0
02/04/2008,0,0,29.9(0.67 %),0,0,0,0,0,0.0
03/04/2008,0,0,30.1(0.67 %),0,0,0,0,0,0.0
04/04/2008,0,0,30.4(1.00 %),0,0,0,0,0,0.0
07/04/2008,0,0,31(1.97 %),0,0,0,0,0,0.0
08/04/2008,49020,1549032000,31.6(1.94 %),49020,1549032000,0,0,0,0.0
09/04/2008,8790,283038000,32.2(1.90 %),8790,283038000,0,0,0,0.0
10/04/2008,414560,13578497000,32.8(1.86 %),419070,13726425000,4510,147928000,0,0.0
11/04/2008,104730,3412694000,33.4(1.83 %),125950,4101542000,21220,688848000,0,0.0
16/04/2008,52500,1722000000,32.8(-1.80 %),87530,2870984000,35030,1148984000,0,0.0
17/04/2008,73200,2379195000,33.4(1.83 %),114050,3699476000,40850,1320281000,0,0.0
18/04/2008,220850,7508900000,34(1.80 %),220850,7508900000,0,0,0,0.0
21/04/2008,115770,4005642000,34.6(1.76 %),115770,4005642000,0,0,0,0.0
22/04/2008,54700,1914162000,35.2(1.73 %),75640,2650074000,20940,735912000,0,0.0
23/04/2008,-110,-3795000,34.5(-1.99 %),5490,189405000,5600,193200000,0,0.0
24/04/2008,41640,1411896000,33.9(-1.74 %),41640,1411896000,0,0,0,0.0
25/04/2008,1840,61352000,33.4(-1.47 %),1840,61352000,0,0,0,0.0
28/04/2008,172180,5853266000,34(1.80 %),173280,5890006000,1100,36740000,0,0.0
29/04/2008,226710,7840270000,34.6(1.76 %),226710,7840270000,0,0,0,0.0
05/05/2008,100310,3522553000,35.1(1.45 %),104850,3682361000,4540,159808000,0,0.0
06/05/2008,121980,4226860000,35(-0.28 %),121980,4226860000,0,0,0,0.0
07/05/2008,89860,3118220000,35(0.00 %),90740,3148580000,880,30360000,0,0.0
08/05/2008,125700,4314530000,34.3(-2.00 %),129700,4451730000,4000,137200000,0,0.0
09/05/2008,15520,523024000,33.7(-1.75 %),15520,523024000,0,0,0,0.0
12/05/2008,10890,360459000,33.1(-1.78 %),10890,360459000,0,0,0,0.0
13/05/2008,0,0,32.5(-1.81 %),0,0,0,0,0,0.0
14/05/2008,-10,-319000,31.9(-1.85 %),0,0,10,319000,0,0.0
15/05/2008,0,0,31.3(-1.88 %),0,0,0,0,0,0.0
16/05/2008,700,21490000,30.7(-1.92 %),30700,942490000,30000,921000000,0,0.0
19/05/2008,51390,1546839000,30.1(-1.95 %),90760,2731876000,39370,1185037000,0,0.0
20/05/2008,-600,-17700000,29.5(-1.99 %),1000,29500000,1600,47200000,0,0.0
21/05/2008,126440,3666760000,29(-1.69 %),126490,3668210000,50,1450000,0,0.0
22/05/2008,72150,2056275000,28.5(-1.72 %),93900,2676150000,21750,619875000,0,0.0
23/05/2008,25190,705320000,28(-1.75 %),25220,706160000,30,840000,0,0.0
26/05/2008,-1040,-28600000,27.5(-1.79 %),0,0,1040,28600000,0,0.0
27/05/2008,0,0,27.5(0.00 %),0,0,0,0,0,0.0
28/05/2008,0,0,27.5(0.00 %),0,0,0,0,0,0.0
29/05/2008,0,0,27.5(0.00 %),0,0,0,0,0,0.0
30/05/2008,55760,1505520000,27(-1.82 %),90810,2451870000,35050,946350000,0,0.0
02/06/2008,0,0,26.5(-1.85 %),0,0,0,0,0,0.0
03/06/2008,-500,-13000000,26(-1.89 %),0,0,500,13000000,0,0.0
04/06/2008,28900,736950000,25.5(-1.92 %),28900,736950000,0,0,0,0.0
05/06/2008,-10,-250000,25(-1.96 %),0,0,10,250000,0,0.0
06/06/2008,1760,44010000,24.5(-2.00 %),1780,44500000,20,490000,0,0.0
09/06/2008,-270,-6507000,24.1(-1.63 %),800,19280000,1070,25787000,0,0.0
10/06/2008,-510,-12087000,23.7(-1.66 %),0,0,510,12087000,0,0.0
11/06/2008,-52260,-1217658000,23.3(-1.69 %),92320,2151056000,144580,3368714000,0,0.0
12/06/2008,-67920,-1555368000,22.9(-1.72 %),119670,2740443000,187590,4295811000,0,0.0
13/06/2008,-69920,-1603432000,23.3(1.75 %),167490,3768525000,237410,5371957000,0,0.0
16/06/2008,-134680,-3171448000,23.7(1.72 %),198530,4633845000,333210,7805293000,0,0.0
17/06/2008,-173470,-4183785000,24.1(1.69 %),16530,395215000,190000,4579000000,0,0.0
18/06/2008,144670,3471899000,24.1(0.00 %),144670,3471899000,0,0,0,0.0
19/06/2008,113950,2666430000,23.4(-2.90 %),157780,3692052000,43830,1025622000,0,0.0
20/06/2008,64970,1474819000,22.7(-2.99 %),65970,1497519000,1000,22700000,0,0.0
23/06/2008,-43110,-966101000,22.2(-2.20 %),19370,428077000,62480,1394178000,0,0.0
24/06/2008,0,0,22.8(2.70 %),0,0,0,0,0,0.0
25/06/2008,112210,2625714000,23.4(2.63 %),112210,2625714000,0,0,0,0.0
26/06/2008,127290,3052358000,24(2.56 %),301090,6997618000,173800,3945260000,0,0.0
27/06/2008,21340,512182000,24(0.00 %),24850,593965000,3510,81783000,0,0.0
30/06/2008,1820,44168000,24.2(0.83 %),18890,453884000,17070,409716000,0,0.0
01/07/2008,17280,430242000,24.9(2.89 %),17280,430242000,0,0,0,0.0
02/07/2008,89430,2287768000,25.6(2.81 %),120380,3074088000,30950,786320000,0,0.0
03/07/2008,100420,2641046000,26.3(2.73 %),105240,2767812000,4820,126766000,0,0.0
04/07/2008,150000,4050000000,27(2.66 %),150000,4050000000,0,0,0,0.0
07/07/2008,453140,12526333000,27(0.00 %),455140,12581933000,2000,55600000,0,0.0
08/07/2008,95460,2534207000,27.8(2.96 %),105560,2798827000,10100,264620000,0,0.0
09/07/2008,167820,4799652000,28.6(2.88 %),167820,4799652000,0,0,0,0.0
10/07/2008,34470,1013418000,29.4(2.80 %),34470,1013418000,0,0,0,0.0
11/07/2008,54540,1647108000,30.2(2.72 %),54540,1647108000,0,0,0,0.0
14/07/2008,13460,418606000,31.1(2.98 %),13560,421716000,100,3110000,0,0.0
15/07/2008,95080,3042560000,32(2.89 %),95080,3042560000,0,0,0,0.0
16/07/2008,121030,3950949000,32.9(2.81 %),124040,4049978000,3010,99029000,0,0.0
17/07/2008,24010,811538000,33.8(2.74 %),28010,946738000,4000,135200000,0,0.0
18/07/2008,58990,1934872000,32.9(-2.66 %),58990,1934872000,0,0,0,0.0
21/07/2008,-23890,-764480000,32(-2.74 %),0,0,23890,764480000,0,0.0
22/07/2008,0,0,31.1(-2.81 %),0,0,0,0,0,0.0
23/07/2008,0,0,30.2(-2.89 %),0,0,0,0,0,0.0
24/07/2008,87280,2545343000,29.3(-2.98 %),198140,5805742000,110860,3260399000,0,0.0
25/07/2008,51970,1481145000,28.5(-2.73 %),82590,2353815000,30620,872670000,0,0.0
28/07/2008,7870,230017000,29.3(2.81 %),7870,230017000,0,0,0,0.0
29/07/2008,500,15050000,30.1(2.73 %),500,15050000,0,0,0,0.0
30/07/2008,24300,753060000,30.2(0.33 %),24300,753060000,0,0,0,0.0
31/07/2008,20780,608854000,30.2(0.00 %),20780,608854000,0,0,0,0.0
01/08/2008,2890,85544000,29.5(-2.32 %),3000,88800000,110,3256000,0,0.0
04/08/2008,68310,1961697000,28.7(-2.71 %),68310,1961697000,0,0,0,0.0
05/08/2008,54450,1519155000,27.9(-2.79 %),78840,2199636000,24390,680481000,0,0.0
06/08/2008,15370,439119000,28.7(2.87 %),15370,439119000,0,0,0,0.0
07/08/2008,20880,615960000,29.5(2.79 %),21080,621860000,200,5900000,0,0.0
08/08/2008,-1130,-35041000,30.3(2.71 %),1810,54041000,2940,89082000,0,0.0
11/08/2008,11100,346320000,31.2(2.97 %),11100,346320000,0,0,0,0.0
12/08/2008,112450,3609645000,32.1(2.88 %),112550,3612855000,100,3210000,0,0.0
13/08/2008,83320,2685392000,33(2.80 %),83420,2688692000,100,3300000,0,0.0
14/08/2008,100060,3391914000,33.9(2.73 %),105210,3566499000,5150,174585000,0,0.0
15/08/2008,71330,2489417000,34.9(2.95 %),71330,2489417000,0,0,0,0.0
18/08/2008,329800,12066960000,36.6(4.87 %),330000,12074280000,200,7320000,0,0.0
19/08/2008,154620,5861045000,36.9(0.82 %),154620,5861045000,0,0,0,0.0
20/08/2008,184700,6623658000,37.8(2.44 %),186400,6687918000,1700,64260000,0,0.0
21/08/2008,55020,2100141000,38.5(1.85 %),55020,2100141000,0,0,0,0.0
22/08/2008,134610,5272314000,38.5(0.00 %),144690,5662600000,10080,390286000,0,0.0
25/08/2008,67670,2613774000,40(3.90 %),72430,2798084000,4760,184310000,0,0.0
26/08/2008,35620,1496040000,41.6(4.00 %),54200,2276400000,18580,780360000,0,0.0
27/08/2008,153130,6501132000,41.7(0.24 %),161640,6861052000,8510,359920000,0,0.0
28/08/2008,47640,1891308000,39.7(-4.80 %),48640,1931008000,1000,39700000,0,0.0
29/08/2008,-22360,-845208000,37.8(-4.79 %),20100,759780000,42460,1604988000,0,0.0
03/09/2008,-115220,-4408702000,39.2(3.70 %),36760,1422882000,151980,5831584000,0,0.0
04/09/2008,120450,4640993000,39(-0.51 %),120450,4640993000,0,0,0,0.0
05/09/2008,47340,1858017000,37.1(-4.87 %),55500,2163170000,8160,305153000,0,0.0
08/09/2008,69550,2454715000,35.5(-4.31 %),80000,2824100000,10450,369385000,0,0.0
09/09/2008,-2250,-81000000,35(-1.41 %),250,9000000,2500,90000000,0,0.0
10/09/2008,-61670,-2009191000,33.4(-4.57 %),24230,869705000,85900,2878896000,0,0.0
11/09/2008,-25950,-826305000,32(-4.19 %),19050,609595000,45000,1435900000,0,0.0
12/09/2008,35370,1096164000,31(-3.12 %),178110,5522230000,142740,4426066000,0,0.0
15/09/2008,-1020,-37320000,32.5(4.84 %),4780,148180000,5800,185500000,0,0.0
16/09/2008,183000,5671544000,30.9(-4.92 %),240750,7461100000,57750,1789556000,0,0.0
17/09/2008,-59960,-1764245000,29.4(-4.85 %),253140,7442316000,313100,9206561000,0,0.0
18/09/2008,68240,1910720000,28(-4.76 %),307930,8622040000,239690,6711320000,0,0.0
19/09/2008,-65290,-1832614000,29.4(5.00 %),26910,768880000,92200,2601494000,0,0.0
22/09/2008,75460,2324168000,30.8(4.76 %),88010,2710708000,12550,386540000,0,0.0
23/09/2008,180050,5552075000,30.7(-0.32 %),180050,5552075000,0,0,0,0.0
24/09/2008,-18790,-574588000,30.4(-0.98 %),48400,1453200000,67190,2027788000,0,0.0
25/09/2008,211560,6689910000,31.9(4.93 %),268140,8482680000,56580,1792770000,0,0.0
26/09/2008,95280,3105482000,32(0.31 %),112000,3652305000,16720,546823000,0,0.0
29/09/2008,30780,941234000,30.4(-5.00 %),33000,1009166000,2220,67932000,0,0.0
30/09/2008,297840,8607576000,28.9(-4.93 %),335000,9681500000,37160,1073924000,0,0.0
01/10/2008,-28120,-852036000,30.3(4.84 %),0,0,28120,852036000,0,0.0
02/10/2008,-100800,-3192570000,31.8(4.95 %),100,3100000,100900,3195670000,0,0.0
03/10/2008,-16930,-526945000,31(-2.52 %),21510,674518000,38440,1201463000,0,0.0
06/10/2008,-15050,-444075000,29.5(-4.84 %),51000,1504500000,66050,1948575000,0,0.0
07/10/2008,-47700,-1340370000,28.1(-4.75 %),40000,1124000000,87700,2464370000,0,0.0
08/10/2008,32470,884299000,28(-0.36 %),146210,3938953000,113740,3054654000,0,0.0
09/10/2008,-66950,-1858147000,28.4(1.43 %),27440,740880000,94390,2599027000,0,0.0
10/10/2008,-83490,-2260030000,27(-4.93 %),320000,8643312000,403490,10903342000,0,0.0
13/10/2008,134400,3620156000,27(0.00 %),160710,4362098000,26310,741942000,0,0.0
14/10/2008,119520,3382416000,28.3(4.81 %),177000,5009100000,57480,1626684000,0,0.0
15/10/2008,19140,555677000,29.2(3.18 %),108640,3169267000,89500,2613590000,0,0.0
16/10/2008,10490,293483000,28(-4.11 %),22120,618360000,11630,324877000,0,0.0
17/10/2008,66530,1922004000,29.2(4.29 %),67590,1952638000,1060,30634000,0,0.0
20/10/2008,38700,1087380000,27.9(-4.45 %),44500,1251000000,5800,163620000,0,0.0
21/10/2008,43570,1228085000,28.3(1.43 %),52660,1485480000,9090,257395000,0,0.0
22/10/2008,39680,1115981000,28.5(0.71 %),56680,1589881000,17000,473900000,0,0.0
23/10/2008,13670,372007000,27.2(-4.56 %),66440,1805524000,52770,1433517000,0,0.0
24/10/2008,-15150,-396310000,26.1(-4.04 %),69760,1823736000,84910,2220046000,0,0.0
27/10/2008,99530,2486596000,25.8(-1.15 %),125050,3127364000,25520,640768000,0,0.0
28/10/2008,-101990,-2492579000,27(4.65 %),82200,2039160000,184190,4531739000,0,0.0
29/10/2008,155830,4396913000,28.3(4.81 %),167650,4731419000,11820,334506000,0,0.0
30/10/2008,18750,537075000,28.7(1.41 %),40840,1165940000,22090,628865000,0,0.0
31/10/2008,2300,67241000,29.2(1.74 %),17500,498750000,15200,431509000,0,0.0
03/11/2008,-5800,-162755000,28(-4.11 %),10400,291200000,16200,453955000,0,0.0
04/11/2008,129340,3771720000,29.4(5.00 %),130340,3801120000,1000,29400000,0,0.0
05/11/2008,263200,8106560000,30.8(4.76 %),263250,8108100000,50,1540000,0,0.0
06/11/2008,285200,9049140000,32.3(4.87 %),295200,9359140000,10000,310000000,0,0.0
07/11/2008,114200,3505415000,30.7(-4.95 %),122050,3746935000,7850,241520000,0,0.0
10/11/2008,30400,917100000,29.7(-3.26 %),30400,917100000,0,0,0,0.0
11/11/2008,59750,1716825000,28.5(-4.04 %),60000,1724000000,250,7175000,0,0.0
12/11/2008,14020,409390000,27(-1.82 %),61500,1737600000,47480,1328210000,0,0.0
13/11/2008,0,0,27(0.00 %),0,0,0,0,0,0.0
14/11/2008,-9360,-259494000,27.9(3.33 %),3070,86574000,12430,346068000,0,0.0
17/11/2008,300,8370000,28(0.36 %),300,8370000,0,0,0,0.0
18/11/2008,26120,709994000,27.2(-2.86 %),26120,709994000,0,0,0,0.0
19/11/2008,117380,3211010000,27.5(1.10 %),123460,3377094000,6080,166084000,0,0.0
20/11/2008,85610,2304451000,26.8(-2.55 %),96410,2595801000,10800,291350000,0,0.0
21/11/2008,-105040,-2769645000,26(-2.99 %),760,20064000,105800,2789709000,0,0.0
24/11/2008,0,0,26.2(0.77 %),0,0,0,0,0,0.0
25/11/2008,-29850,-791550000,26.5(1.15 %),0,0,29850,791550000,0,0.0
26/11/2008,-1630,-44394000,25.4(-4.15 %),3950,103476000,5580,147870000,0,0.0
27/11/2008,-83790,-2036471000,24.2(-4.72 %),20000,508000000,103790,2544471000,0,0.0
28/11/2008,-42980,-1083569000,25.4(4.96 %),0,0,42980,1083569000,0,0.0
01/12/2008,12500,328550000,26.2(3.15 %),12500,328550000,0,0,0,0.0
02/12/2008,19050,497660000,26.2(0.00 %),20800,542460000,1750,44800000,0,0.0
03/12/2008,6030,160857000,26.6(1.53 %),22180,585865000,16150,425008000,0,0.0
04/12/2008,41220,1138555000,27.9(4.89 %),41220,1138555000,0,0,0,0.0
05/12/2008,37860,1022920000,27(-3.23 %),49360,1334570000,11500,311650000,0,0.0
08/12/2008,0,0,26.5(-1.85 %),0,0,0,0,0,0.0
09/12/2008,46070,1273591000,27.7(4.53 %),64130,1759605000,18060,486014000,0,0.0
10/12/2008,17470,471128000,26.9(-2.89 %),22590,608968000,5120,137840000,0,0.0
11/12/2008,11900,321710000,27.5(2.23 %),11900,321710000,0,0,0,0.0
12/12/2008,53320,1490875000,28(1.82 %),53320,1490875000,0,0,0,0.0
15/12/2008,7890,223712000,28.5(1.79 %),10140,287837000,2250,64125000,0,0.0
16/12/2008,-870,-24360000,27.2(-4.56 %),0,0,870,24360000,0,0.0
17/12/2008,-56060,-1520284000,27.1(-0.37 %),0,0,56060,1520284000,0,0.0
18/12/2008,9220,255802000,27.5(1.48 %),19480,535008000,10260,279206000,0,0.0
19/12/2008,-68750,-1877239000,27.2(-1.09 %),0,0,68750,1877239000,0,0.0
22/12/2008,-3900,-106080000,27.4(0.74 %),0,0,3900,106080000,0,0.0
23/12/2008,86660,2376464000,27.6(0.73 %),104540,2866376000,17880,489912000,0,0.0
24/12/2008,20260,561938000,27.9(1.09 %),20260,561938000,0,0,0,0.0
25/12/2008,1000,27600000,27.9(0.00 %),1000,27600000,0,0,0,0.0
26/12/2008,0,0,27.6(-1.08 %),0,0,0,0,0,0.0
29/12/2008,16180,446104000,27.5(-0.36 %),16180,446104000,0,0,0,0.0
30/12/2008,40630,1125389000,27.8(1.09 %),58940,1631376000,18310,505987000,0,0.0
31/12/2008,50450,1405915000,28(0.72 %),53670,1495622000,3220,89707000,0,0.0
02/01/2009,16530,463740000,28(0.00 %),16530,463740000,0,0,28757992,28.08
05/01/2009,-36050,-1002375000,28(0.00 %),13950,387225000,50000,1389600000,28794042,28.06
06/01/2009,-6520,-182890000,28.1(0.36 %),0,0,6520,182890000,28800562,28.05
07/01/2009,-1290,-36765000,28.5(1.42 %),200,5700000,1490,42465000,28801852,28.05
08/01/2009,900,23270000,28.3(-0.70 %),38780,1093806000,37880,1070536000,28800952,28.05
09/01/2009,200,5720000,28.3(0.00 %),200,5720000,0,0,28800752,28.05
12/01/2009,1500,42450000,28.3(0.00 %),1500,42450000,0,0,28799252,28.05
13/01/2009,0,0,28.3(0.00 %),0,0,0,0,28799252,28.05
14/01/2009,0,0,28.3(0.00 %),0,0,0,0,28799252,28.05
15/01/2009,-24300,-686030000,28.3(0.00 %),5700,160670000,30000,846700000,28823552,28.04
16/01/2009,15640,442812000,28.4(0.35 %),56850,1610155000,41210,1167343000,28807912,28.05
19/01/2009,-43280,-1224328000,28.3(-0.35 %),12370,350071000,55650,1574399000,28851192,28.02
20/01/2009,-48830,-1381689000,28.3(0.00 %),4760,134708000,53590,1516397000,28900022,27.98
21/01/2009,-51370,-1447601000,28.2(-0.35 %),6500,183300000,57870,1630901000,28951392,27.94
22/01/2009,12020,345491000,28.1(-0.35 %),28500,809250000,16480,463759000,28939372,27.95
23/01/2009,-11520,-324760000,28.2(0.36 %),95000,2536500000,106520,2861260000,28950892,27.94
02/02/2009,35960,1041031000,29(2.84 %),249440,6790451000,213480,5749420000,28914932,27.97
03/02/2009,-55610,-1563128000,28(-3.45 %),51370,1448012000,106980,3011140000,28970542,27.93
04/02/2009,-15970,-444816000,27.6(-1.43 %),0,0,15970,444816000,28986512,27.92
05/02/2009,15640,431897000,27.6(0.00 %),268640,7085797000,253000,6653900000,28970872,27.93
06/02/2009,0,0,28(1.45 %),0,0,0,0,28970872,27.93
09/02/2009,-32800,-910689000,27.8(-0.71 %),10200,292740000,43000,1203429000,29003672,27.91
10/02/2009,0,0,27.8(0.00 %),0,0,0,0,29003672,27.91
11/02/2009,-5850,-162630000,27.9(0.36 %),0,0,5850,162630000,29009522,27.9
12/02/2009,-1000,-28000000,28(0.36 %),90000,2394000000,91000,2422000000,29010522,27.9
13/02/2009,-10200,-284247000,28(0.00 %),0,0,10200,284247000,29020722,27.89
16/02/2009,-7270,-203860000,28.5(1.79 %),0,0,7270,203860000,29027992,27.89
17/02/2009,34230,953594000,27.9(-2.11 %),164531,4484751100,130301,3531157100,28993762,27.91
18/02/2009,63720,1753300000,27.5(-1.43 %),63720,1753300000,0,0,28930042,27.96
19/02/2009,-2420,-63212000,27.7(0.73 %),50000,1384121000,52420,1447333000,28932462,27.96
20/02/2009,26820,747442000,28.1(1.44 %),47580,1322198000,20760,574756000,28905642,27.98
23/02/2009,-2830,-72387000,28.1(0.00 %),53700,1486135000,56530,1558522000,28908472,27.97
24/02/2009,16450,449325000,26.7(-4.98 %),45450,1226875000,29000,777550000,28892022,27.99
25/02/2009,-24600,-676640000,27.7(3.75 %),10400,285950000,35000,962590000,28916622,27.97
26/02/2009,-236130,-6255730000,26.4(-4.69 %),130000,3437900000,366130,9693630000,29152752,27.8
27/02/2009,-394240,-10003057000,25.1(-4.92 %),51400,1312840000,445640,11315897000,29546992,27.51
02/03/2009,38000,999340000,26.3(4.78 %),38000,999340000,0,0,29508992,27.54
03/03/2009,-30230,-770761000,26(-1.14 %),0,0,30230,770761000,29539222,27.52
04/03/2009,42000,1095085000,26.2(0.77 %),42000,1095085000,0,0,29497222,27.55
05/03/2009,-48910,-1265381000,25.5(-2.67 %),0,0,48910,1265381000,29546132,27.51
06/03/2009,-4000,-101800000,25.6(0.39 %),1000,25200000,5000,127000000,29550132,27.51
09/03/2009,0,0,25.7(0.39 %),0,0,0,0,29550132,27.51
10/03/2009,40120,1050330000,26.7(3.89 %),40120,1050330000,0,0,29510012,27.54
11/03/2009,8000,219200000,26.5(-0.75 %),8000,219200000,0,0,29502012,27.54
12/03/2009,0,0,26.4(-0.38 %),0,0,0,0,29502012,27.54
13/03/2009,-4230,-111149000,26.4(0.00 %),1000,26400000,5230,137549000,29506242,27.54
16/03/2009,-9460,-251686000,26.6(0.76 %),300,7980000,9760,259666000,29515702,27.53
17/03/2009,12080,326583000,27(1.50 %),17310,468839000,5230,142256000,29503622,27.54
18/03/2009,-5050,-138047000,27.5(1.85 %),180,4914000,5230,142961000,29508672,27.54
19/03/2009,-11060,-304150000,27.5(0.00 %),0,0,11060,304150000,29519732,27.53
20/03/2009,3270,90110000,27.5(0.00 %),8500,233935000,5230,143825000,29516462,27.53
23/03/2009,2490,71261000,27.5(0.00 %),35730,980298000,33240,909037000,29513972,27.53
24/03/2009,355740,10238063000,28.8(4.73 %),370530,10663815000,14790,425752000,29158232,27.79
25/03/2009,187930,5547662000,29.6(2.78 %),187930,5547662000,0,0,28970302,27.93
26/03/2009,319420,9782133000,31(4.73 %),322820,9882713000,3400,100580000,28650882,28.16
27/03/2009,48180,1470780000,30.5(-1.61 %),49180,1501280000,1000,30500000,28602702,28.2
30/03/2009,-330,-9900000,29(-4.92 %),0,0,330,9900000,28603032,28.2
31/03/2009,-68370,-1952591000,29(0.00 %),20690,580266000,89060,2532857000,28671402,28.15
01/04/2009,13520,391900000,29.1(0.34 %),13520,391900000,0,0,28657882,28.16
02/04/2009,173420,5130040000,30.1(3.44 %),173920,5145040000,500,15000000,28484462,28.28
03/04/2009,216260,6754255000,31.5(4.65 %),246310,7700835000,30050,946580000,28268202,28.44
07/04/2009,149370,4882976000,33(4.76 %),178710,5846274000,29340,963298000,28118832,28.55
08/04/2009,-148190,-4664816000,31.4(-4.85 %),5250,165375000,153440,4830191000,28267022,28.44
09/04/2009,0,0,31.3(-0.32 %),0,0,0,0,28267022,28.44
10/04/2009,-127360,-3944389000,31.3(0.00 %),54120,1749515000,181480,5693904000,28394382,28.35
13/04/2009,-176790,-5735926000,32.5(3.83 %),0,0,176790,5735926000,28571172,28.22
14/04/2009,-126590,-3964301000,31.5(-3.08 %),23640,743932000,150230,4708233000,28697762,28.13
15/04/2009,-62640,-1956011000,31(-1.59 %),53070,1672445000,115710,3628456000,28760402,28.08
16/04/2009,342140,11076305000,31.5(1.61 %),463150,14981264000,121010,3904959000,28418262,28.33
17/04/2009,-1000,-31000000,31(-1.59 %),0,0,1000,31000000,28419262,28.33
20/04/2009,1360,38756000,29.5(-4.84 %),15000,442500000,13640,403744000,28417902,28.33
21/04/2009,-18690,-530458000,29.4(-0.34 %),35000,1009652000,53690,1540110000,28436592,28.32
22/04/2009,184740,5681572000,30.8(4.76 %),184960,5688348000,220,6776000,28251852,28.45
23/04/2009,0,0,30(-2.60 %),0,0,0,0,28251852,28.45
24/04/2009,-68250,-1976675000,29(-3.33 %),1000,28900000,69250,2005575000,28320102,28.4
27/04/2009,56580,1702006000,30(3.45 %),56580,1702006000,0,0,28263522,28.44
28/04/2009,-42970,-1253342000,29.6(-1.33 %),0,0,42970,1253342000,28306492,28.41
29/04/2009,4280,126688000,29.9(1.01 %),4280,126688000,0,0,28302212,28.42
04/05/2009,27490,860437000,31.3(4.68 %),74800,2341240000,47310,1480803000,28274722,28.44
05/05/2009,80110,2627608000,32.8(4.79 %),80580,2643024000,470,15416000,28194612,28.49
06/05/2009,251630,8535889000,32.8(0.00 %),299740,10138677000,48110,1602788000,27942982,28.68
07/05/2009,100000,3431399000,34.3(4.57 %),110000,3774599000,10000,343200000,27842982,28.75
08/05/2009,1180,38607000,33.9(-1.17 %),1180,38607000,0,0,27841802,28.75
11/05/2009,106940,3611752000,33.5(-1.18 %),107320,3624522000,380,12770000,27734862,28.83
12/05/2009,100,3290000,32.9(-1.79 %),100,3290000,0,0,27734762,28.83
13/05/2009,-42790,-1385245000,31.7(-3.65 %),5090,165425000,47880,1550670000,27777552,28.8
14/05/2009,-184580,-5665556000,30.6(-3.47 %),132310,4096325000,316890,9761881000,27962132,28.66
15/05/2009,26270,842049000,32.1(4.90 %),64260,2057729000,37990,1215680000,27935862,28.68
18/05/2009,115410,3771732000,32.5(1.25 %),219700,7189030000,104290,3417298000,27820452,28.77
19/05/2009,213420,7270019000,34.1(4.92 %),213520,7273419000,100,3400000,27607032,28.92
20/05/2009,214260,7527432000,35.7(4.69 %),214610,7539907000,350,12475000,27392772,29.08
21/05/2009,114900,4096390000,35.6(-0.28 %),115000,4099950000,100,3560000,27277872,29.16
22/05/2009,192120,6793100000,36.3(1.97 %),192220,6796510000,100,3410000,27085752,29.3
25/05/2009,-156250,-5575152000,35.5(-2.20 %),1970,69935000,158220,5645087000,27242002,29.19
26/05/2009,-36640,-1277659000,34.5(-2.82 %),500,17500000,37140,1295159000,27278642,29.16
27/05/2009,-11420,-381444000,33.5(-2.90 %),0,0,11420,381444000,27290062,29.15
28/05/2009,-297590,-9525445000,31.9(-4.78 %),10700,350630000,308290,9876075000,27587652,28.94
29/05/2009,-206160,-6273607000,30.4(-4.70 %),2000,66400000,208160,6340007000,27793812,28.79
01/06/2009,-11300,-360470000,31.9(4.93 %),20326,648399000,31626,1008869000,27805112,28.78
02/06/2009,-1460,-48764000,33.4(4.70 %),2000,66800000,3460,115564000,27806572,28.78
03/06/2009,-22880,-800800000,35(4.79 %),22570,789950000,45450,1590750000,27829452,28.76
04/06/2009,278330,10212114000,36.7(4.86 %),347730,12749989000,69400,2537875000,27551122,28.96
05/06/2009,32950,1268575000,38.5(4.90 %),43950,1692075000,11000,423500000,27518172,28.99
08/06/2009,143300,5787714000,40.4(4.94 %),168700,6812534000,25400,1024820000,27374872,29.09
09/06/2009,189490,7675362000,40.3(-0.25 %),221000,8952261000,31510,1276899000,27185382,29.23
10/06/2009,-20,-766000,38.3(-4.96 %),0,0,20,766000,27185402,29.23
11/06/2009,134530,5100628000,38.3(0.00 %),137030,5196378000,2500,95750000,27050872,29.33
12/06/2009,124700,4738064000,37.5(-2.09 %),126700,4814064000,2000,76000000,26926172,29.42
15/06/2009,-8560,-306422000,35.7(-4.80 %),25390,906443000,33950,1212865000,26934732,29.41
16/06/2009,-25320,-861180000,34(-4.76 %),1000,34000000,26320,895180000,26960052,29.39
17/06/2009,3380,114722000,35(2.94 %),3380,114722000,0,0,26956672,29.39
18/06/2009,-133490,-4614318000,34(-2.86 %),0,0,133490,4614318000,27090162,29.3
19/06/2009,-12490,-432150000,34(0.00 %),0,0,12490,432150000,27102652,29.29
22/06/2009,2700,88600000,33(-2.94 %),3200,105600000,500,17000000,27099952,29.29
23/06/2009,72730,2308813000,31.7(-3.94 %),88020,2790944000,15290,482131000,27027222,29.34
24/06/2009,-36230,-1202836000,33.2(4.73 %),500,16600000,36730,1219436000,27063452,29.32
25/06/2009,100,3460000,33(-0.60 %),100,3460000,0,0,27063352,29.32
26/06/2009,-59100,-1950300000,33(0.00 %),1000,33000000,60100,1983300000,27122452,29.27
29/06/2009,-99700,-3250382000,33(0.00 %),300,9750000,100000,3260132000,27222152,29.2
30/06/2009,-89110,-2940630000,33(0.00 %),0,0,89110,2940630000,27311262,29.14
01/07/2009,64130,2037634000,31.7(-3.94 %),88930,2819081000,24800,781447000,27247132,29.18
02/07/2009,119900,3945306000,33.2(4.73 %),119900,3945306000,0,0,27127232,29.27
03/07/2009,-30,-1050000,33.1(-0.30 %),270,8910000,300,9960000,27127262,29.27
06/07/2009,0,0,34(2.72 %),0,0,0,0,27112482,29.28
07/07/2009,14780,498240000,33.3(-2.06 %),15000,505500000,220,7260000,27112482,29.28
08/07/2009,-32390,-1074409000,33(-0.90 %),1000,33300000,33390,1107709000,27144872,29.26
09/07/2009,8640,286940000,33.5(1.52 %),8640,286940000,0,0,27136232,29.26
10/07/2009,-109770,-3532385000,32(-4.48 %),2400,76800000,112170,3609185000,27246002,29.18
13/07/2009,-8000,-256000000,32(0.00 %),0,0,8000,256000000,27254002,29.18
14/07/2009,-65800,-2062624000,31.2(-2.50 %),15000,480000000,80800,2542624000,27319802,29.13
15/07/2009,4100,131912000,32(2.56 %),4100,131912000,0,0,27315702,29.13
16/07/2009,-14810,-474620000,32.9(2.81 %),5680,183960000,20490,658580000,27330512,29.12
17/07/2009,18310,604503000,33(0.30 %),37050,1219405000,18740,614902000,27312202,29.14
20/07/2009,-5320,-168140000,32(-3.03 %),18540,590280000,23860,758420000,27317522,29.13
21/07/2009,-23990,-775800000,32.5(1.56 %),550,17875000,24540,793675000,27341512,29.11
22/07/2009,103940,3501141000,33.5(3.08 %),106030,3571978000,2090,70837000,27237572,29.19
23/07/2009,40280,1348380000,33.7(0.60 %),65680,2199280000,25400,850900000,27197292,29.22
24/07/2009,-124680,-4400617000,35.3(4.75 %),66530,2338854000,191210,6739471000,27321972,29.13
27/07/2009,54650,1983179000,36(1.98 %),73350,2657990000,18700,674811000,27267322,29.17
28/07/2009,16820,588300000,35(-2.78 %),24390,853250000,7570,264950000,27250502,29.18
29/07/2009,25500,865985000,33.8(-3.43 %),27910,947940000,2410,81955000,27225002,29.2
30/07/2009,34280,1126304000,33(-2.37 %),35490,1166092000,1210,39788000,27190722,29.22
31/07/2009,26040,876774000,34.3(3.94 %),26060,877434000,20,660000,27164682,29.24
03/08/2009,4950,168574000,34.3(0.00 %),5450,185324000,500,16750000,27159732,29.25
04/08/2009,203850,7085563000,35(2.04 %),231580,8045096000,27730,959533000,26955882,29.39
05/08/2009,26100,899765000,35(0.00 %),32930,1134985000,6830,235220000,26929782,29.41
06/08/2009,105820,3723300000,35(0.00 %),173540,6118360000,67720,2395060000,26823962,29.49
07/08/2009,8220,286715000,34.6(-1.14 %),8220,286715000,0,0,26815742,29.5
10/08/2009,200,6980000,34.6(0.00 %),200,6980000,0,0,26815542,29.5
11/08/2009,1820,62296000,34.6(0.00 %),3580,123852000,1760,61556000,26813722,29.5
12/08/2009,12170,420995000,34.6(0.00 %),20000,692000000,7830,271005000,26801552,29.51
13/08/2009,-113020,-3910528000,34.6(0.00 %),5440,189144000,118460,4099672000,26914572,29.42
14/08/2009,-79500,-2883900000,36.3(4.91 %),22000,798600000,101500,3682500000,26994072,29.37
17/08/2009,-49200,-1874530000,38(4.68 %),800,30470000,50000,1905000000,27043272,29.33
18/08/2009,-33040,-1263040000,38(0.00 %),0,0,33040,1263040000,27076312,29.31
19/08/2009,38750,1468860000,37.5(-1.32 %),43590,1650360000,4840,181500000,27037562,29.34
20/08/2009,110720,4185017000,37.8(0.80 %),118220,4465817000,7500,280800000,26926842,29.42
21/08/2009,117950,4511385000,38(0.53 %),160000,6116555000,42050,1605170000,26808892,29.5
24/08/2009,26690,1026620000,38.8(2.11 %),30300,1163900000,3610,137280000,26782202,29.52
25/08/2009,-62180,-2423135000,38.8(0.00 %),20000,775500000,82180,3198635000,26844382,29.48
26/08/2009,-89420,-3470996000,38.8(0.00 %),500,19400000,89920,3490396000,26933802,29.41
27/08/2009,167400,6515582000,38.9(0.26 %),167500,6519462000,100,3880000,26766402,29.53
28/08/2009,2540,103632000,40.8(4.88 %),2640,107712000,100,4080000,26763862,29.53
31/08/2009,2070,88596000,42.8(4.90 %),2070,88596000,0,0,26761792,29.54
01/09/2009,332230,14619037000,44.9(4.91 %),335650,14769933000,3420,150896000,26429562,29.78
03/09/2009,47520,2030534000,42.8(-4.68 %),50030,2141284000,2510,110750000,26382042,29.81
04/09/2009,81250,3407260000,40.7(-4.91 %),90120,3781800000,8870,374540000,26300792,29.87
07/09/2009,-9210,-375445000,40.5(-0.49 %),110,4479000,9320,379924000,26310002,29.86
08/09/2009,-148700,-5963237000,40.5(0.00 %),1520,61670000,150220,6024907000,26458702,29.76
09/09/2009,-574350,-23563360000,41.4(2.22 %),250000,10142470000,824350,33705830000,27033052,29.34
10/09/2009,-423510,-17133900000,40(-3.38 %),160990,6441800000,584500,23575700000,27456562,29.03
11/09/2009,103400,4225351000,40.8(2.00 %),266200,10859651000,162800,6634300000,27353162,29.11
14/09/2009,-196590,-7874650000,39.9(-2.21 %),440,17600000,197030,7892250000,27549752,28.96
15/09/2009,-251880,-9831839000,38.9(-2.51 %),0,0,251880,9831839000,27801632,28.78
16/09/2009,-634150,-24066114000,37.5(-3.60 %),79020,3005338000,713170,27071452000,28435782,28.32
17/09/2009,-312830,-11897984000,38.2(1.87 %),0,0,312830,11897984000,28748612,28.09
18/09/2009,-444830,-17232269000,38.5(0.79 %),0,0,444830,17232269000,29748292,27.36
21/09/2009,-110020,-4264005000,38.4(-0.26 %),70,2709000,110090,4266714000,29303462,27.69
22/09/2009,-98060,-3733443000,38.2(-0.52 %),0,0,98060,3733443000,29401522,27.62
23/09/2009,-2050,-79790000,38.9(1.83 %),0,0,2050,79790000,29403572,27.61
24/09/2009,-16710,-648746000,39.2(0.77 %),0,0,16710,648746000,29420282,27.6
25/09/2009,0,0,39.2(0.00 %),0,0,0,0,29420282,34.74
28/09/2009,-100,-3260000,39.2(0.00 %),0,0,100,3260000,29414032,34.74
29/09/2009,630,23734000,39.5(0.77 %),12880,506084000,12250,482350000,29415192,27.61
30/09/2009,-80060,-3152469000,39.3(-0.51 %),10780,426002000,90840,3578471000,29495252,27.55
01/10/2009,8010,312392000,38(-3.31 %),8010,312392000,0,0,29487242,27.55
02/10/2009,-253010,-9193509000,36.1(-5.00 %),6360,231540000,259370,9425049000,29740252,27.37
05/10/2009,-620090,-21490215000,34.3(-4.99 %),11000,377300000,631090,21867515000,30360342,26.92
06/10/2009,-87550,-3145876000,36(4.96 %),9610,345244000,97160,3491120000,30447892,26.86
07/10/2009,-1780,-67284000,37.8(5.00 %),0,0,1780,67284000,30449672,26.85
08/10/2009,-850,-33672000,39.6(4.76 %),20,780000,870,34452000,30450522,26.85
09/10/2009,19430,767988000,39(-1.52 %),19530,771888000,100,3900000,30431092,26.87
12/10/2009,-35590,-1381634000,38.8(-0.51 %),1020,39580000,36610,1421214000,30466682,26.84
13/10/2009,-51300,-1993603000,38.8(0.00 %),80700,3133997000,132000,5127600000,30517982,26.8
14/10/2009,-23650,-917712000,38.8(0.00 %),7810,303082000,31460,1220794000,30541632,26.79
15/10/2009,-28900,-1167110000,39.5(1.80 %),0,0,28900,1167110000,30570532,26.77
16/10/2009,-11630,-453370000,38.5(-2.53 %),2500,97700000,14130,551070000,30582162,26.76
19/10/2009,-44650,-1730345000,38.8(0.78 %),2310,88935000,46960,1819280000,30626812,26.73
20/10/2009,-151940,-6010803000,39.7(2.32 %),4360,173192000,156300,6183995000,30778752,26.61
21/10/2009,-28720,-1138276000,39.4(-0.76 %),21280,842816000,50000,1981092000,30807472,26.59
22/10/2009,-190880,-7411917000,38.9(-1.27 %),260,10036000,191140,7421953000,30998352,26.45
23/10/2009,-113880,-4534692000,38.5(-1.03 %),3830,150090000,117710,4684782000,31112232,26.37
26/10/2009,-16010,-623990000,38.5(0.00 %),1160,45240000,17170,669230000,31128242,26.36
27/10/2009,-40940,-1556288000,37.6(-2.34 %),270,10071000,41210,1566359000,31169182,26.33
28/10/2009,-86840,-3374392000,38(1.06 %),2330,89208000,89170,3463600000,31256022,26.27
29/10/2009,-104910,-3830134000,36.6(-3.68 %),10090,373866000,115000,4204000000,31360932,26.19
30/10/2009,-95380,-3530135000,37(1.09 %),13100,481169000,108480,4011304000,31456312,26.12
02/11/2009,-517830,-18265135000,35.2(-4.86 %),7440,263322000,525270,18528457000,31974142,25.75
03/11/2009,4990,172472000,33.5(-4.83 %),7020,243672000,2030,71200000,31969152,25.75
04/11/2009,-645200,-22635520000,35.1(4.78 %),0,0,645200,22635520000,32614352,25.28
05/11/2009,-200000,-7360000000,36.8(4.84 %),0,0,200000,7360000000,32814352,25.13
06/11/2009,-65960,-2431144000,36.7(-0.27 %),3300,121440000,69260,2552584000,32880312,25.09
09/11/2009,23460,840698000,35(-4.63 %),23460,840698000,0,0,32856852,25.1
10/11/2009,-30640,-1066172000,34.5(-1.43 %),7830,272550000,38470,1338722000,32887492,25.08
11/11/2009,1390,46743000,36(4.35 %),11390,394743000,10000,348000000,32886102,25.08
12/11/2009,250,9075000,35.5(-1.39 %),250,9075000,0,0,32885852,25.08
13/11/2009,-68680,-2414379000,35.4(-0.28 %),17760,625040000,86440,3039419000,32954532,25.03
16/11/2009,1000,24000000,24(4.80 %),1000,24000000,0,0,32953532,25.03
17/11/2009,-9500,-221164000,22.9(-4.58 %),3230,75716000,12730,296880000,32963032,25.03
18/11/2009,-56880,-1259031000,22.2(-3.06 %),2800,62520000,59680,1321551000,33019912,24.98
19/11/2009,61060,1367869000,22.5(1.35 %),61060,1367869000,0,0,32958852,25.03
20/11/2009,-120900,-2701794000,22(-2.22 %),4100,92250000,125000,2794044000,33079752,24.94
23/11/2009,-390,-8057000,20.9(-5.00 %),470,9917000,860,17974000,33080142,24.94
24/11/2009,12510,256606000,20(-4.31 %),13790,282974000,1280,26368000,33067632,24.95
25/11/2009,17060,325640000,19(-5.00 %),17660,337040000,600,11400000,33050572,24.96
26/11/2009,230940,4180024000,18.1(-4.74 %),265840,4811714000,34900,631690000,32819632,25.13
27/11/2009,57140,983478000,18.7(3.31 %),59830,1029926000,2690,46448000,32762492,25.17
30/11/2009,174330,3304051000,19.3(3.21 %),228460,4321382000,54130,1017331000,32588162,25.3
01/12/2009,18090,358429000,19.3(0.00 %),19900,393905000,1810,35476000,32570072,25.31
02/12/2009,-9850,-184620000,18.4(-4.66 %),21000,393800000,30850,578420000,32579922,25.3
03/12/2009,84320,1509896000,18.3(-0.54 %),250500,4546601000,166180,3036705000,32495602,25.37
04/12/2009,21730,407424000,18.3(0.00 %),121400,2242490000,99670,1835066000,32473872,25.38
07/12/2009,-6410,-114313000,18.5(1.09 %),93590,1712697000,100000,1827010000,32480282,25.38
08/12/2009,50550,1012773000,18.1(-2.16 %),150550,2829955000,100000,1817182000,32429732,25.41
09/12/2009,-29300,-511946000,17.4(-3.87 %),100,1750000,29400,513696000,32459032,25.39
10/12/2009,-206070,-3502756000,16.8(-3.45 %),50020,870350000,256090,4373106000,32665102,25.24
11/12/2009,-20220,-332086000,16.3(-2.98 %),1100,17930000,21320,350016000,32685322,25.23
14/12/2009,-128900,-2151960000,17.1(4.91 %),51100,868040000,180000,3020000000,32814222,25.13
15/12/2009,-69880,-1180042000,16.8(-1.75 %),45020,762340000,114900,1942382000,32884102,25.08
16/12/2009,-128380,-2070951000,16(-4.76 %),51620,834244000,180000,2905195000,33012482,24.99
17/12/2009,-209330,-3265295000,15.8(-1.25 %),20000,319329000,229330,3584624000,33221812,24.84
18/12/2009,-953800,-15045480000,15.5(-1.90 %),54600,870578000,1008400,15916058000,34175612,24.14
21/12/2009,12060,182336000,16.2(4.52 %),76910,1232906000,64850,1050570000,34163552,24.15
22/12/2009,-9250,-151896000,16.3(0.62 %),62020,1020724000,71270,1172620000,34172802,24.15
23/12/2009,-46470,-753744000,16.3(0.00 %),41060,669248000,87530,1422992000,34219272,24.11
24/12/2009,-198570,-3224288000,16.4(0.61 %),34890,564418000,233460,3788706000,34417842,23.97
25/12/2009,-1580,-27176000,17.2(4.88 %),0,0,1580,27176000,34419422,23.97
28/12/2009,-46150,-799694000,17.3(0.58 %),4590,80108000,50740,879802000,34465572,23.93
29/12/2009,-201840,-3429088000,17(-1.73 %),2320,39904000,204160,3468992000,34667412,23.79
30/12/2009,-136390,-2323769000,17(0.00 %),5000,85000000,141390,2408769000,34803802,23.69
31/12/2009,-251370,-4247659000,16.7(-1.76 %),30,513000,251400,4248172000,35055172,23.5
04/01/2010,-69750,-1220625000,17.5(4.79 %),250,4375000,70000,1225000000,35124922,23.45
05/01/2010,-318730,-5834779000,18.2(4.00 %),102370,1869351000,421100,7704130000,35443652,23.22
06/01/2010,-58370,-1051115000,17.9(-1.65 %),13690,249388000,72060,1300503000,35502022,23.18
07/01/2010,-35040,-624704000,17.5(-2.23 %),24990,441824000,60030,1066528000,35537062,23.15
08/01/2010,-94580,-1647775000,17(-2.86 %),27880,488364000,122460,2136139000,35631642,23.08
11/01/2010,9160,154929000,16.8(-1.18 %),108840,1829553000,99680,1674624000,35622482,23.09
12/01/2010,87770,1485515000,16.9(0.60 %),197780,3353685000,110010,1868170000,35534712,23.16
13/01/2010,32130,536964000,16.9(0.00 %),39900,667500000,7770,130536000,35502582,23.18
14/01/2010,-290000,-4888009000,16.8(-0.59 %),12400,210760000,302400,5098769000,35792582,22.97
15/01/2010,-148950,-2472067000,16.6(-1.19 %),101740,1699232000,250690,4171299000,35941532,22.86
18/01/2010,126560,2047210000,16.1(-3.01 %),134810,2180860000,8250,133650000,35814972,22.95
19/01/2010,-5840,-98040000,16.2(0.62 %),104610,1697221000,110450,1795261000,35820812,22.95
20/01/2010,56050,895772000,16(-1.23 %),310465,5027785000,254415,4132013000,35764762,22.99
21/01/2010,46960,739046000,15.6(-2.50 %),121510,1925614000,74550,1186568000,35717802,23.02
22/01/2010,-92900,-1452414000,15.7(0.64 %),57100,890860000,150000,2343274000,35810702,22.95
25/01/2010,22200,353540000,15.7(0.00 %),54000,852800000,31800,499260000,35788502,22.97
26/01/2010,-280000,-4460899000,16.1(2.55 %),0,0,280000,4460899000,36068502,22.77
27/01/2010,-287410,-4515926000,15.5(-3.73 %),14400,224420000,301810,4740346000,36355912,22.56
28/01/2010,-149700,-2299755000,15.2(-1.94 %),13750,212575000,163450,2512330000,36505612,22.45
29/01/2010,-16970,-259344000,15.3(0.66 %),3400,51280000,20370,310624000,36522582,22.44
01/02/2010,-27750,-422350000,15.3(0.00 %),22250,342650000,50000,765000000,36550332,22.42
02/02/2010,-133230,-2038354000,15.3(0.00 %),50650,775010000,183880,2813364000,36683562,22.32
03/02/2010,-7450,-112937000,15.3(0.00 %),83000,1270948000,90450,1383885000,36691012,22.31
04/02/2010,-133540,-2068288000,15.5(1.31 %),0,0,133540,2068288000,36824552,22.22
05/02/2010,-126260,-1952275000,15.5(0.00 %),51400,791440000,177660,2743715000,36950812,22.13
08/02/2010,-105070,-1616299000,15.4(-0.65 %),50000,767000000,155070,2383299000,37055882,22.05
09/02/2010,-329260,-4976264000,15.2(-1.30 %),50130,757989000,379390,5734253000,37385142,21.81
10/02/2010,-125000,-1908000000,15.3(0.66 %),30000,456000000,155000,2364000000,37510142,21.72
11/02/2010,-191650,-2930050000,15.3(0.00 %),200,3060000,191850,2933110000,37701792,21.58
12/02/2010,-106000,-1643755000,15.5(1.31 %),9000,138910000,115000,1782665000,37807792,21.5
22/02/2010,-13180,-203108000,15.3(-1.29 %),4000,62400000,17180,265508000,37820972,21.49
23/02/2010,-349330,-5298884000,15.1(-1.31 %),51010,775150000,400340,6074034000,38170302,21.24
24/02/2010,-554840,-8395449000,15.1(0.00 %),3020,45602000,557860,8441051000,38725142,20.84
25/02/2010,-611130,-9267420000,15.1(0.00 %),0,0,611130,9267420000,39336272,20.39
26/02/2010,-1558230,-24069461000,15.8(4.64 %),9000,135900000,1567230,24205361000,54341250,19.26
01/03/2010,-883980,-14585670000,16.5(4.43 %),1220,20130000,885200,14605800000,55225230,8.83
02/03/2010,-485820,-7925457000,16.2(-1.82 %),302000,4952200000,787820,12877657000,55711050,8.48
03/03/2010,-128410,-2099315000,16.4(1.23 %),61000,988200000,189410,3087515000,55839460,8.39
04/03/2010,-102100,-1663660000,16(-2.44 %),0,0,102100,1663660000,55941560,8.31
05/03/2010,-21220,-339020000,16(0.00 %),0,0,21220,339020000,55962780,8.3
08/03/2010,2200,35420000,16(0.00 %),2200,35420000,0,0,55960580,8.3
09/03/2010,-2460,-39426000,16.1(0.62 %),0,0,2460,39426000,55963040,8.3
10/03/2010,3230,51680000,16.1(0.00 %),3230,51680000,0,0,55959810,8.3
11/03/2010,-102780,-1653264000,16(-0.62 %),95520,1528336000,198300,3181600000,56062590,8.23
12/03/2010,-133100,-2150527000,16.2(1.25 %),69340,1109941000,202440,3260468000,56195690,8.13
15/03/2010,16300,261420000,16.1(-0.62 %),26300,423420000,10000,162000000,56179390,8.14
16/03/2010,95160,1516586000,15.8(-1.86 %),255410,4086536000,160250,2569950000,56084230,8.21
17/03/2010,-71260,-1116066000,15.1(-4.43 %),13930,219863000,85190,1335929000,56155490,8.16
18/03/2010,44490,695189000,15.8(4.64 %),96530,1515521000,52040,820332000,56111000,8.19
19/03/2010,55980,882133000,15.7(-0.63 %),77780,1226393000,21800,344260000,56055020,8.23
22/03/2010,-154950,-2375747000,15.4(-1.91 %),51340,811038000,206290,3186785000,56209970,8.12
23/03/2010,5590,85541000,15.3(-0.65 %),5590,85541000,0,0,56204380,8.12
24/03/2010,73340,1152441000,15.6(1.96 %),113340,1776441000,40000,624000000,56131040,8.18
25/03/2010,102100,1572150000,15.3(-1.92 %),102100,1572150000,0,0,56028940,8.25
26/03/2010,-16760,-256644000,15.3(0.00 %),40000,613000000,56760,869644000,56045700,8.24
29/03/2010,16850,262811000,15.3(0.00 %),30330,470051000,13480,207240000,56028850,8.25
30/03/2010,-186090,-2820491000,15.1(-1.31 %),2010,30552000,188100,2851043000,56214940,8.11
31/03/2010,28890,436741000,15(-0.66 %),32720,494191000,3830,57450000,56186050,8.14
01/04/2010,81120,1217008000,15.4(2.67 %),193270,2936273000,112150,1719265000,56104930,8.19
02/04/2010,50150,772206000,15.4(0.00 %),88960,1373380000,38810,601174000,56054780,8.23
05/04/2010,86120,1325148000,15.3(-0.65 %),86120,1325148000,0,0,55968660,8.29
06/04/2010,-95920,-1463568000,15.2(-0.65 %),86580,1326932000,182500,2790500000,56064580,8.22
07/04/2010,-53610,-814872000,15.2(0.00 %),3500,53200000,57110,868072000,56118190,8.19
08/04/2010,-104850,-1594764000,15.2(0.00 %),43000,654700000,147850,2249464000,56223040,8.11
09/04/2010,-138780,-2123934000,15.3(0.66 %),15780,240834000,154560,2364768000,56361820,8.01
12/04/2010,-53840,-823308000,15.2(-0.65 %),1600,24380000,55440,847688000,56415660,7.97
13/04/2010,-74990,-1132533000,15.1(-0.66 %),0,0,74990,1132533000,56490650,7.91
14/04/2010,12430,192184000,15(-0.66 %),97600,1477451000,85170,1285267000,56478220,7.92
15/04/2010,386080,5912951000,15.4(2.67 %),727270,11097377000,341190,5184426000,56092140,8.2
16/04/2010,253540,3931103000,15.6(1.30 %),793600,12275028000,540060,8343925000,55838600,8.39
19/04/2010,-239320,-3658240000,15.3(-1.92 %),21000,325500000,260320,3983740000,56077920,8.21
20/04/2010,-50520,-773224000,15.2(-0.65 %),2000,30500000,52520,803724000,56128440,8.18
21/04/2010,-227710,-3454507000,15.1(-0.66 %),23000,351900000,250710,3806407000,56356150,8.01
22/04/2010,-133180,-2026703000,15.2(0.66 %),74500,1135900000,207680,3162603000,56489330,7.92
27/04/2010,-174990,-2662309000,15.2(-0.65 %),118830,1810899000,293820,4473208000,56664320,7.79
28/04/2010,-7930,-119951000,15.3(0.66 %),20810,317312000,28740,437263000,56672250,7.78
29/04/2010,-138140,-2173726000,15.7(2.61 %),100,1570000,138240,2175296000,56810390,7.68
04/05/2010,-31610,-505366000,16(1.91 %),43200,692210000,74810,1197576000,56842000,7.66
05/05/2010,890,15131000,15.6(-2.50 %),10580,166964000,9690,151833000,56841110,7.66
07/05/2010,80250,1258230000,15.4(-1.28 %),114700,1788850000,34450,530620000,56760860,7.72
10/05/2010,-108930,-1654051000,15.1(-1.95 %),12500,191200000,121430,1845251000,56869790,7.64
11/05/2010,-74940,-1143732000,15.2(0.66 %),1500,22800000,76440,1166532000,56944730,7.58
12/05/2010,-62790,-951570000,15.1(-0.66 %),3470,52050000,66260,1003620000,57007520,7.54
13/05/2010,-2800,-42480000,15(-0.66 %),0,0,2800,42480000,57010320,7.54
14/05/2010,-45170,-678117000,15(0.00 %),500,7500000,45670,685617000,57055490,7.5
17/05/2010,-178400,-2620514000,14.6(-2.67 %),0,0,178400,2620514000,57233890,7.37
18/05/2010,-19100,-278950000,14.6(0.00 %),900,13050000,20000,292000000,57252990,7.36
19/05/2010,102520,1504149000,14.1(-3.42 %),201000,2919613000,98480,1415464000,57150470,7.43
20/05/2010,26980,366971000,14.3(1.42 %),91980,1296146000,65000,929175000,57123490,7.45
21/05/2010,160910,2244657000,13.7(-4.20 %),204000,2845650000,43090,600993000,56962580,7.57
24/05/2010,102080,1435611000,14.1(2.92 %),251000,3528401000,148920,2092790000,56860500,7.65
25/05/2010,94960,1327268000,14(-0.71 %),210520,2946608000,115560,1619340000,56765540,7.71
26/05/2010,55230,768621000,14.1(0.71 %),245130,3439201000,189900,2670580000,56710310,7.75
27/05/2010,-43350,-607317000,14.1(0.00 %),137000,1925300000,180350,2532617000,56753660,7.72
28/05/2010,-199530,-2856485000,14.3(1.42 %),1500,21450000,201030,2877935000,56953190,7.58
31/05/2010,6520,88505000,14(-2.10 %),43170,604380000,36650,515875000,56946670,7.58
01/06/2010,-232400,-3351657000,14.7(5.00 %),128410,1812183000,360810,5163840000,57179070,7.41
02/06/2010,-182170,-2637220000,14.4(-2.04 %),200,2940000,182370,2640160000,57361240,7.28
04/06/2010,-50660,-727980000,14.3(-1.38 %),4000,57600000,54660,785580000,57411900,7.24
07/06/2010,-99570,-1374301000,13.9(-2.80 %),100000,1385000000,199570,2759301000,57511470,7.17
08/06/2010,28930,400841000,13.9(0.00 %),70000,970000000,41070,569159000,57482540,7.19
09/06/2010,-5000,-68820000,14(0.72 %),90000,1260000000,95000,1328820000,57487540,7.19
10/06/2010,0,0,13.9(-0.71 %),0,0,0,0,57487540,7.19
11/06/2010,-37360,-523126000,14(0.72 %),342911,4596232000,380271,5119358000,57524900,7.16
14/06/2010,-254600,-3609970000,14.1(0.71 %),1100,15430000,255700,3625400000,57779500,6.98
15/06/2010,-154390,-2171788000,14.1(0.00 %),100,1400000,154490,2173188000,57933890,6.86
16/06/2010,-189950,-2678295000,14.1(0.00 %),50,705000,190000,2679000000,58123840,6.73
17/06/2010,36260,511266000,14.1(0.00 %),328310,4424736000,292050,3913470000,58087580,6.75
21/06/2010,-140650,-1978600000,14(0.00 %),160,2240000,140810,1980840000,58228230,6.65
22/06/2010,49970,699580000,14(0.00 %),59150,828100000,9180,128520000,58178260,6.69
23/06/2010,0,0,13.9(-0.71 %),0,0,0,0,58178260,6.69
24/06/2010,-235340,-3294760000,14(0.72 %),0,0,235340,3294760000,58413600,6.52
25/06/2010,-233510,-3240804000,13.8(-1.43 %),3500,48650000,237010,3289454000,58647110,6.35
28/06/2010,-181080,-2473600000,13.6(-1.45 %),1000,13900000,182080,2487500000,58828190,6.21
29/06/2010,-5000,-69000000,13.8(1.47 %),5000,69000000,10000,138000000,58833190,6.21
30/06/2010,-3330,-45288000,13.6(-1.45 %),400,5440000,3730,50728000,58836520,6.21
01/07/2010,28340,397889000,13.8(1.47 %),368200,5056888000,339860,4658999000,58808180,6.23
02/07/2010,-434740,-5974629000,13.9(0.72 %),213730,2943774000,648470,8918403000,59242920,5.91
05/07/2010,-92780,-1279878000,13.8(-0.72 %),118860,1642254000,211640,2922132000,59335700,5.84
06/07/2010,-72320,-992280000,13.6(-1.45 %),2680,36720000,75000,1029000000,59408020,5.79
07/07/2010,-389110,-5320711000,13.7(0.74 %),1040,14144000,390150,5334855000,59797130,5.51
08/07/2010,-167380,-2287634000,13.6(-0.73 %),10300,141590000,177680,2429224000,59964510,5.39
09/07/2010,-62460,-853242000,13.6(0.00 %),114500,1565930000,176960,2419172000,60026970,5.34
12/07/2010,-1750,-23975000,13.6(0.00 %),250,3425000,2000,27400000,60028720,5.34
13/07/2010,-324250,-4441503000,13.7(0.74 %),58670,804501000,382920,5246004000,60352970,5.11
14/07/2010,-307550,-4196236000,13.6(-0.73 %),16450,225810000,324000,4422046000,60660520,4.88
15/07/2010,-119920,-1631083000,13.6(0.00 %),1700,22950000,121620,1654033000,60780440,4.79
16/07/2010,-378310,-5153832000,13.6(0.00 %),69850,952960000,448160,6106792000,61158750,4.52
19/07/2010,-417120,-5672832000,13.6(0.00 %),44680,607648000,461800,6280480000,61575870,4.22
20/07/2010,-238650,-3249922000,13.7(0.74 %),5000,68500000,243650,3318422000,61814520,4.04
21/07/2010,-902900,-12284440000,13.6(-0.73 %),110010,1495136000,1012910,13779576000,62717420,3.39
22/07/2010,-272930,-3715130000,13.6(0.00 %),5400,73100000,278330,3788230000,62990350,3.19
23/07/2010,-126480,-1707259000,13.5(-0.74 %),30700,414850000,157180,2122109000,63116830,3.09
26/07/2010,0,0,13.4(-0.74 %),0,0,0,0,63116830,3.09
27/07/2010,-63730,-846036000,13.2(-1.49 %),2000,26600000,65730,872636000,63180560,3.05
28/07/2010,500,6070000,12.8(-3.03 %),2300,29470000,1800,23400000,63180060,3.05
29/07/2010,-487000,-6104370000,12.3(-3.91 %),0,0,487000,6104370000,63667060,2.69
30/07/2010,-1493490,-18477946000,12.4(0.81 %),33010,408824000,1526500,18886770000,65160550,1.61
02/08/2010,-974110,-12081359000,12.4(0.00 %),0,0,974110,12081359000,66134660,0.9
03/08/2010,-423630,-5297442000,12.4(0.00 %),0,0,423630,5297442000,66558290,0.59
04/08/2010,-98810,-1228244000,12.5(0.81 %),1190,14756000,100000,1243000000,66657100,0.52
05/08/2010,-289740,-3663324000,12.7(1.60 %),34260,432476000,324000,4095800000,66946840,0.31
06/08/2010,-270010,-3387228000,12.4(-2.36 %),2000,25000000,272010,3412228000,67216850,0.11
09/08/2010,26530,329819000,12.1(-2.42 %),26530,329819000,0,0,67190320,0.13
10/08/2010,-19860,-233225000,11.8(-2.48 %),3050,36295000,22910,269520000,67210180,0.12
11/08/2010,0,0,11.8(0.00 %),0,0,0,0,68030000,-0.48
12/08/2010,17420,212860000,11.3(-4.24 %),71000,829300000,53580,616440000,67192760,0.13
13/08/2010,-179500,-2054950000,11.5(1.77 %),330000,3763000000,509500,5817950000,67372260,0.0
16/08/2010,-241700,-2868400000,12(4.35 %),80000,942000000,321700,3810400000,67613960,-0.18
17/08/2010,120840,1464625000,12.2(1.67 %),307070,3732591000,186230,2267966000,67731490,-0.26
18/08/2010,-92900,-1148980000,11.8(-3.28 %),260100,3162620000,353000,4311600000,67586020,-0.16
19/08/2010,-51640,-611652000,11.8(0.00 %),11570,137226000,63210,748878000,67637660,-0.19
20/08/2010,-214670,-2560007000,12.1(2.54 %),120380,1449098000,335050,4009105000,67852330,-0.35
23/08/2010,-177670,-2131403000,12(-0.83 %),0,0,177670,2131403000,68030000,-0.48
24/08/2010,0,0,11.9(-0.83 %),0,0,0,0,0,0.0
25/08/2010,812720,9698441000,12(0.84 %),815720,9734141000,3000,35700000,0,49.59
26/08/2010,65290,807467000,12.3(2.50 %),95290,1172067000,30000,364600000,0,49.64
27/08/2010,-37700,-466340000,12.5(1.63 %),14000,169400000,51700,635740000,0,49.61
30/08/2010,-130220,-1623350000,12.5(3.31 %),8200,101700000,138420,1725050000,0,49.52
31/08/2010,104230,1297460000,12.7(1.60 %),106230,1322460000,2000,25000000,0,49.59
01/09/2010,-62260,-782024000,12.4(-2.36 %),57740,717976000,120000,1500000000,0,49.55
06/09/2010,199830,2517116000,12.4(0.00 %),253410,3186966000,53580,669850000,69970715,49.69
07/09/2010,88380,1086074000,12.2(-1.61 %),88380,1086074000,0,0,0,49.76
08/09/2010,85680,1023260000,12(-1.64 %),140330,1676960000,54650,653700000,0,49.82
09/09/2010,77520,939753000,12.2(1.67 %),82600,1001042000,5080,61289000,0,49.88
10/09/2010,11780,141838000,11.9(-2.46 %),11780,141838000,0,0,0,49.88
13/09/2010,67250,806339000,12.2(2.52 %),68670,823095000,1420,16756000,0,49.93
14/09/2010,-16010,-194604000,12.4(1.64 %),0,0,16010,194604000,0,49.92
15/09/2010,73060,897947000,12.3(-0.81 %),149850,1841927000,76790,943980000,0,49.97
16/09/2010,-57330,-700427000,12.2(-0.81 %),43470,529253000,100800,1229680000,0,49.93
17/09/2010,-97000,-1173400000,12.1(-0.82 %),3000,36600000,100000,1210000000,0,49.86
20/09/2010,32080,384795000,12(-0.83 %),33730,404760000,1650,19965000,0,49.89
21/09/2010,-210180,-2480124000,11.8(-1.67 %),0,0,210180,2480124000,0,49.73
22/09/2010,37560,446964000,11.9(0.85 %),37560,446964000,0,0,0,49.76
23/09/2010,51660,609588000,11.8(-0.84 %),51660,609588000,0,0,0,49.8
24/09/2010,0,0,11.8(0.00 %),0,0,0,0,0,49.8
27/09/2010,1000,11900000,11.9(0.85 %),1000,11900000,0,0,0,49.8
28/09/2010,68610,825820000,12(0.84 %),68610,825820000,0,0,0,49.85
29/09/2010,118140,1418498000,12(0.00 %),118140,1418498000,0,0,0,49.93
30/09/2010,111900,1341017000,12(0.00 %),115480,1383977000,3580,42960000,69526615,50.02
01/10/2010,95460,1139674000,11.9(-0.83 %),96750,1155025000,1290,15351000,69431155,-1.5
04/10/2010,196290,2317586000,11.8(-0.84 %),196290,2317586000,0,0,69234865,-1.35
05/10/2010,128180,1512639000,11.9(0.85 %),128180,1512639000,0,0,69106685,-1.26
06/10/2010,172870,2074621000,12(0.84 %),178510,2141994000,5640,67373000,68933815,-1.14
07/10/2010,-41070,-487716000,11.9(-0.83 %),91100,1085265000,132170,1572981000,68974885,-1.17
08/10/2010,-78670,-936623000,11.9(0.00 %),71330,848377000,150000,1785000000,69053555,-1.22
11/10/2010,-138820,-1649159000,11.8(-0.84 %),200,2380000,139020,1651539000,69192375,-1.32
12/10/2010,-125890,-1472072000,11.6(-1.69 %),0,0,125890,1472072000,69318265,-1.42
13/10/2010,73410,859272000,11.7(0.86 %),73410,859272000,0,0,69244855,-1.36
14/10/2010,22100,258570000,11.8(0.85 %),22100,258570000,0,0,69222755,-1.35
15/10/2010,96070,1124060000,11.7(-0.85 %),96070,1124060000,0,0,69126685,-1.28
18/10/2010,9350,109649000,11.8(0.85 %),9350,109649000,0,0,69117335,-1.27
19/10/2010,47330,548833000,11.6(-1.69 %),49280,571648000,1950,22815000,69070005,-1.23
20/10/2010,4500,51320000,11.2(-3.45 %),4500,51320000,0,0,69065505,-1.23
21/10/2010,-684410,-7626669000,10.9(-2.68 %),47660,519494000,732070,8146163000,69749915,-1.73
22/10/2010,66530,738083000,11.1(1.83 %),66530,738083000,0,0,69683385,-1.68
25/10/2010,5300,58430000,11(-0.90 %),5300,58430000,0,0,69678085,-1.68
26/10/2010,2900,32770000,11.2(1.82 %),2900,32770000,0,0,69675185,-1.67
27/10/2010,55350,612650000,11(-1.79 %),55350,612650000,0,0,69619835,-1.63
28/10/2010,500000,5539800000,11(0.00 %),500000,5539800000,0,0,69119835,-1.27
29/10/2010,502930,5628163000,11.2(1.82 %),506500,5667890000,3570,39727000,68616905,-0.91
01/11/2010,540740,6152024000,11.5(2.68 %),547640,6230394000,6900,78370000,68076165,-0.51
02/11/2010,497000,5714400000,11.6(0.87 %),500000,5749000000,3000,34600000,67579165,-0.15
03/11/2010,543060,6358211000,11.7(0.86 %),547630,6411423000,4570,53212000,67036105,0.24
04/11/2010,523480,6327196000,12.1(3.42 %),523580,6328396000,100,1200000,66512625,0.63
05/11/2010,447630,5461323000,12.1(0.00 %),547630,6681323000,100000,1220000000,66064995,0.95
08/11/2010,-22000,-258600000,11.7(-3.31 %),0,0,22000,258600000,66086995,0.93
09/11/2010,14780,167764000,11.4(-2.56 %),31750,361950000,16970,194186000,66072215,0.95
10/11/2010,-37380,-420790000,11.4(0.00 %),52620,599868000,90000,1020658000,66109595,0.92
11/11/2010,-1700,-19210000,11.2(-1.75 %),0,0,1700,19210000,66111295,0.92
12/11/2010,60160,673644000,11.2(0.00 %),60160,673644000,0,0,66051135,0.96
15/11/2010,3930,43716000,11(-1.79 %),3930,43716000,0,0,66047205,0.96
16/11/2010,18170,197536000,10.8(-1.82 %),18170,197536000,0,0,66029035,0.98
17/11/2010,-74760,-816208000,10.8(0.00 %),0,0,74760,816208000,66103795,0.92
18/11/2010,-525090,-5705445000,10.8(0.00 %),25900,280810000,550990,5986255000,66628885,0.54
19/11/2010,-22950,-247555000,10.7(-0.93 %),27050,292445000,50000,540000000,66651835,0.52
22/11/2010,37920,411506000,10.8(0.93 %),47920,517506000,10000,106000000,66613915,0.55
23/11/2010,90260,983290000,10.9(0.93 %),143260,1555690000,53000,572400000,66523655,16.74
24/11/2010,566030,6297178000,11.2(2.75 %),591030,6572178000,25000,275000000,65957625,17.02
25/11/2010,523190,5978600000,11.5(2.68 %),523190,5978600000,0,0,65434435,17.27
26/11/2010,500100,5815201000,11.6(0.87 %),500100,5815201000,0,0,64934335,17.52
29/11/2010,652090,7571167000,11.7(0.86 %),652400,7574763000,310,3596000,64282245,17.83
30/11/2010,549500,6615122000,12(2.56 %),549500,6615122000,0,0,63732745,18.1
01/12/2010,359880,4290419000,11.9(-0.83 %),371280,4426779000,11400,136360000,63372865,18.27
02/12/2010,295550,3522945000,12.1(1.68 %),400000,4786500000,104450,1263555000,63077315,18.42
03/12/2010,-98460,-1191366000,12(-0.83 %),0,0,98460,1191366000,63175775,18.37
06/12/2010,253840,3030319000,12(0.00 %),298740,3577882000,44900,547563000,62921935,18.49
07/12/2010,266180,3180945000,11.9(-0.83 %),275050,3286498000,8870,105553000,62655755,18.62
08/12/2010,245150,2907881000,11.6(-2.52 %),500200,5931476000,255050,3023595000,62410605,18.74
09/12/2010,351100,4190735000,12.1(4.31 %),363700,4336895000,12600,146160000,62059505,18.91
10/12/2010,76550,946507000,12.5(3.31 %),76550,946507000,0,0,61982955,18.95
13/12/2010,-39730,-515026000,13(4.00 %),45870,593214000,85600,1108240000,62022685,18.93
14/12/2010,313760,4030929000,12.9(-0.77 %),313760,4030929000,0,0,61708925,19.08
15/12/2010,27630,355444000,12.6(-2.33 %),27630,355444000,0,0,61681295,19.09
16/12/2010,91150,1129030000,12.4(-1.59 %),91150,1129030000,0,0,61590145,19.14
17/12/2010,20820,246260000,12.7(2.42 %),126370,1586505000,105550,1340245000,61569325,19.15
20/12/2010,11310,141475000,12.5(-1.57 %),11310,141475000,0,0,61558015,19.15
21/12/2010,189310,2381822000,12.6(0.80 %),242310,3033722000,53000,651900000,61368705,19.24
22/12/2010,75730,943614000,12.4(-1.59 %),101140,1262289000,25410,318675000,61292975,19.28
23/12/2010,57100,707815000,12.4(0.00 %),87260,1078783000,30160,370968000,61235875,19.31
24/12/2010,59900,737470000,12.3(-0.81 %),59900,737470000,0,0,61175975,19.34
27/12/2010,31290,383367000,12.2(-0.81 %),31290,383367000,0,0,61144685,19.35
28/12/2010,13660,168318000,12.4(1.64 %),13660,168318000,0,0,61131025,19.36
29/12/2010,9400,116610000,12.4(0.00 %),10390,128836000,990,12226000,61121625,19.36
30/12/2010,68290,842111000,12.4(0.00 %),68290,842111000,0,0,61053335,19.4
31/12/2010,-3210,-39833000,12.4(0.00 %),290,3567000,3500,43400000,61056545,19.4
04/01/2011,12450,152072000,12.3(-0.81 %),43920,539153000,31470,387081000,61044095,19.4
05/01/2011,58180,712817000,12.3(0.00 %),59180,725117000,1000,12300000,60985915,19.43
06/01/2011,-275720,-3309686000,11.9(-3.25 %),24580,293396000,300300,3603082000,61261635,19.3
07/01/2011,3400,40470000,12(0.84 %),3400,40470000,0,0,61258235,19.3
10/01/2011,87940,1053215000,12(0.00 %),107440,1287215000,19500,234000000,61170295,19.34
11/01/2011,238810,2849660000,11.9(-0.83 %),250230,2986290000,11420,136630000,60931485,19.46
12/01/2011,30420,364698000,12(0.84 %),47860,573534000,17440,208836000,60901065,19.47
13/01/2011,27470,332887000,12.2(1.67 %),27470,332887000,0,0,60873595,19.48
14/01/2011,128000,1560914000,12.3(0.82 %),128000,1560914000,0,0,60745595,19.55
17/01/2011,72330,888968000,12.3(0.00 %),72330,888968000,0,0,60673265,19.58
18/01/2011,131910,1608886000,12.2(-0.81 %),131910,1608886000,0,0,60741685,19.55
19/01/2011,260780,3188410000,12.3(0.82 %),261780,3200610000,1000,12200000,60480905,19.67
20/01/2011,-308160,-3733115000,12.1(-1.63 %),106830,1296354000,414990,5029469000,60789065,19.53
21/01/2011,90410,1102552000,12.1(0.00 %),90910,1108702000,500,6150000,60698655,19.57
24/01/2011,26860,323720000,12(-0.83 %),26860,323720000,0,0,60671795,19.58
25/01/2011,88610,1064220000,12(0.00 %),90390,1085580000,1780,21360000,60583185,19.63
26/01/2011,20290,246109000,12.2(1.67 %),20290,246109000,0,0,60562895,19.63
27/01/2011,151700,1869267000,12.4(1.64 %),151700,1869267000,0,0,60411195,19.71
28/01/2011,119080,1478673000,12.5(0.81 %),119080,1478673000,0,0,60292115,19.77
08/02/2011,13910,170738000,12.2(-2.40 %),78270,963575000,64360,792837000,60278205,19.77
09/02/2011,-103380,-1253997000,12(-1.64 %),14700,178640000,118080,1432637000,60381585,19.72
10/02/2011,-1650,-19800000,12.2(1.67 %),0,0,1650,19800000,60383235,19.72
11/02/2011,20760,251298000,12.1(-0.82 %),20760,251298000,0,0,60362475,19.73
14/02/2011,-2270,-28829000,12.7(4.96 %),0,0,2270,28829000,60364745,19.73
15/02/2011,10550,132933000,12.6(-0.79 %),10550,132933000,0,0,60354195,19.74
16/02/2011,125250,1578150000,12.6(0.00 %),158720,1999872000,33470,421722000,60228945,19.8
17/02/2011,185400,2336142000,12.7(0.79 %),187400,2361552000,2000,25410000,60043545,19.89
18/02/2011,224070,2824355000,12.7(0.00 %),225850,2846783000,1780,22428000,59819475,20.0
21/02/2011,332180,4126159000,12.2(-3.94 %),332180,4126159000,0,0,59487295,20.16
22/02/2011,77550,981581000,12.6(3.28 %),361730,4483033000,284180,3501452000,59409745,20.19
23/02/2011,298090,3756133000,12.6(0.00 %),298090,3756133000,0,0,59111655,20.34
24/02/2011,256390,3213424000,12.6(0.00 %),360700,4518230000,104310,1304806000,58855265,20.46
25/02/2011,-78870,-968001000,12.3(-2.38 %),27000,334200000,105870,1302201000,58934135,20.42
28/02/2011,54630,667973000,12.2(-0.81 %),60000,734000000,5370,66027000,58879505,20.45
01/03/2011,13260,160446000,12.2(0.00 %),17360,210056000,4100,49610000,58866245,20.46
02/03/2011,42960,508968000,11.9(-2.46 %),42960,508968000,0,0,58823285,20.48
03/03/2011,70000,816000000,11.6(-2.52 %),70000,816000000,0,0,0,0.0
04/03/2011,49840,569062000,11.4(-1.72 %),62410,712874000,12570,143812000,0,0.0
07/03/2011,22290,254106000,11.4(0.00 %),32290,368106000,10000,114000000,0,0.0
08/03/2011,140600,1592895000,11.4(0.00 %),140600,1592895000,0,0,0,0.0
09/03/2011,61000,684850000,11.2(-1.75 %),81000,908850000,20000,224000000,0,0.0
10/03/2011,46150,529240000,11.6(3.57 %),46150,529240000,0,0,0,0.0
11/03/2011,13920,163857000,11.7(0.86 %),15200,178833000,1280,14976000,0,0.0
14/03/2011,-1100,-12650000,11.3(-3.42 %),0,0,1100,12650000,0,0.0
15/03/2011,-74770,-839424000,11.2(-0.88 %),0,0,74770,839424000,0,0.0
16/03/2011,-61330,-677354000,11.1(-0.89 %),6640,73564000,67970,750918000,58706265,20.54
17/03/2011,-109010,-1203511000,11(-0.90 %),0,0,109010,1203511000,58815275,20.48
18/03/2011,-254250,-2792201000,11(0.00 %),20000,220000000,274250,3012201000,59069525,20.36
21/03/2011,-17390,-198092000,11.3(2.73 %),5000,57000000,22390,255092000,59086915,20.35
22/03/2011,23000,262670000,11.3(0.00 %),31700,360980000,8700,98310000,59063915,20.36
23/03/2011,123040,1430018000,11.7(3.54 %),123040,1430018000,0,0,58940875,20.42
24/03/2011,0,0,11.6(-0.85 %),0,0,0,0,58940875,20.42
25/03/2011,6000,69600000,11.4(-1.72 %),6000,69600000,0,0,58934875,20.42
28/03/2011,1090,12317000,11.4(0.00 %),1100,12430000,10,113000,58933785,20.42
29/03/2011,-18000,-200100000,11.1(-2.63 %),0,0,18000,200100000,58951785,20.42
30/03/2011,16490,184047000,11.1(0.00 %),23080,257196000,6590,73149000,58935295,20.42
31/03/2011,-19930,-220221000,11(-0.90 %),0,0,19930,220221000,58955225,20.41
01/04/2011,-114000,-1244600000,11(0.00 %),0,0,114000,1244600000,59055830,20.37
04/04/2011,9710,106039000,11(0.00 %),9710,106039000,0,0,59046120,20.37
05/04/2011,-32680,-354644000,10.9(-0.91 %),0,0,32680,354644000,59078800,20.35
06/04/2011,0,0,11(0.92 %),0,0,0,0,59078800,20.35
07/04/2011,10300,114208000,11.1(0.91 %),11190,123909000,890,9701000,59068500,20.36
08/04/2011,22660,250394000,11.1(0.00 %),33720,371448000,11060,121054000,59045840,20.37
13/04/2011,-145060,-1581432000,10.9(-1.80 %),0,0,145060,1581432000,59190900,20.3
14/04/2011,-29530,-316745000,10.7(-1.83 %),0,0,29530,316745000,59220430,20.29
15/04/2011,-16180,-174062000,10.8(0.93 %),24820,268138000,41000,442200000,59236610,20.28
18/04/2011,-193510,-2033117000,10.3(-4.63 %),11480,122036000,204990,2155153000,59430120,20.18
19/04/2011,18510,194315000,10.5(1.94 %),23360,245080000,4850,50765000,59411610,20.19
20/04/2011,18240,190001000,10.5(0.00 %),59240,619220000,41000,429219000,59393370,20.2
21/04/2011,-4000,-41600000,10.4(-0.95 %),0,0,4000,41600000,59397370,20.2
22/04/2011,0,0,10.1(-2.88 %),0,0,0,0,59397370,20.2
25/04/2011,-1500,-15750000,10.5(3.96 %),0,0,1500,15750000,59398870,20.2
26/04/2011,22570,231871000,10.2(-2.86 %),23630,242789000,1060,10918000,59376300,20.21
27/04/2011,46900,479343000,10.3(0.98 %),46900,479343000,0,0,59329400,20.23
28/04/2011,-4510,-45596000,10.1(-1.94 %),0,0,4510,45596000,59333910,20.23
29/04/2011,21440,219724000,10.3(1.98 %),23220,237922000,1780,18198000,59312470,20.24
04/05/2011,-1280,-13056000,10.2(-0.97 %),0,0,1280,13056000,59464705,20.17
05/05/2011,21480,217996000,10.2(0.00 %),22980,233296000,1500,15300000,59443225,20.18
06/05/2011,-28970,-293100000,10.2(0.00 %),1000,10000000,29970,303100000,59472195,20.16
09/05/2011,-4160,-42050000,10.1(-0.98 %),340,3400000,4500,45450000,59476355,20.16
10/05/2011,0,0,10.1(0.00 %),0,0,0,0,59476355,20.16
11/05/2011,0,0,10(-0.99 %),0,0,0,0,59476355,20.16
12/05/2011,-7580,-75800000,10(0.00 %),100,1000000,7680,76800000,59483935,20.16
13/05/2011,-2660,-26334000,9.9(-1.00 %),0,0,2660,26334000,59486595,20.16
16/05/2011,-1780,-17622000,9.9(0.00 %),0,0,1780,17622000,59488375,20.16
17/05/2011,0,0,9.9(0.00 %),0,0,0,0,59488375,20.16
18/05/2011,0,0,9.9(0.00 %),0,0,0,0,59488375,20.16
19/05/2011,-4390,-43022000,9.8(-1.01 %),0,0,4390,43022000,59492765,20.15
20/05/2011,-90740,-872031000,9.7(-1.02 %),2200,21340000,92940,893371000,59583505,20.11
23/05/2011,-21560,-200976000,9.3(-4.12 %),0,0,21560,200976000,59605065,20.1
24/05/2011,-38500,-343918000,8.9(-4.30 %),0,0,38500,343918000,59643565,20.08
25/05/2011,-48640,-414164000,8.5(-4.49 %),0,0,48640,414164000,59692205,20.06
26/05/2011,-110,-891000,8.9(4.71 %),0,0,110,891000,59692315,20.06
27/05/2011,-10870,-94806000,9.2(3.37 %),7360,63037000,18230,157843000,59703185,20.05
30/05/2011,-9880,-88075000,8.8(-4.35 %),8300,74700000,18180,162775000,59713065,20.05
31/05/2011,-8680,-74253000,8.7(-1.14 %),9500,82200000,18180,156453000,59721745,20.04
01/06/2011,33060,299884000,9.1(4.60 %),51240,464036000,18180,164152000,59648485,20.08
02/06/2011,23880,226343000,9.5(4.40 %),42060,398035000,18180,171692000,59624605,20.09
03/06/2011,33180,313774000,9.3(-2.11 %),52460,495870000,19280,182096000,59591425,20.11
06/06/2011,-26070,-234569000,9(-3.23 %),0,0,26070,234569000,59617495,20.09
07/06/2011,-71610,-667473000,9.3(3.33 %),25000,232500000,96610,899973000,59689105,20.06
08/06/2011,-54190,-504702000,9.3(0.00 %),0,0,54190,504702000,59743295,20.03
09/06/2011,-156730,-1431268000,9.1(-2.15 %),100,910000,156830,1432178000,59900025,19.96
10/06/2011,-699540,-6419221000,9.1(0.00 %),2400,21980000,701940,6441201000,60599565,19.62
13/06/2011,-842840,-7487850000,8.8(-3.30 %),57000,507500000,899840,7995350000,61442405,19.21
14/06/2011,-938240,-8396645000,8.9(1.14 %),30000,268500000,968240,8665145000,62380645,18.75
15/06/2011,-863740,-7449197000,8.6(-3.37 %),11000,97800000,874740,7546997000,63244385,18.33
16/06/2011,-1133960,-9651575000,8.5(-1.16 %),6100,52160000,1140060,9703735000,64378345,17.78
17/06/2011,-1473140,-12286434000,8.2(-3.53 %),0,0,1473140,12286434000,65851485,17.07
20/06/2011,-652620,-5549124000,8.5(3.66 %),500,4200000,653120,5553324000,66504105,16.75
21/06/2011,-202120,-1720255000,8.7(2.35 %),50,420000,202170,1720675000,66706225,16.66
22/06/2011,-200960,-1728872000,8.6(-1.15 %),100,850000,201060,1729722000,66907185,16.56
23/06/2011,15000,126000000,8.5(-1.16 %),15000,126000000,0,0,66892185,16.57
24/06/2011,-316000,-2663370000,8.4(-1.18 %),60600,513040000,376600,3176410000,67208185,16.41
27/06/2011,-439300,-3676120000,8.3(-1.19 %),0,0,439300,3676120000,67647485,16.2
28/06/2011,-2140,-21476000,8.5(2.41 %),82860,701024000,85000,722500000,67649625,16.2
29/06/2011,0,0,8.5(0.00 %),0,0,0,0,67649625,16.2
30/06/2011,-3350,-28475000,8.5(0.00 %),0,0,3350,28475000,67652975,16.2
01/07/2011,-19030,-158251000,8.4(-1.18 %),50,415000,19080,158666000,67607395,16.22
04/07/2011,2200,18480000,8.4(0.00 %),2200,18480000,0,0,67605195,16.22
05/07/2011,0,0,8.4(0.00 %),0,0,0,0,67605195,16.22
06/07/2011,50000,420000000,8.4(0.00 %),50000,420000000,0,0,67555195,16.24
07/07/2011,-10640,-89376000,8.4(0.00 %),0,0,10640,89376000,67565835,16.24
08/07/2011,30050,255425000,8.5(1.19 %),30050,255425000,0,0,67535785,16.25
11/07/2011,0,0,8.5(0.00 %),0,0,0,0,67535785,16.25
12/07/2011,0,0,8.5(0.00 %),0,0,0,0,67535785,16.25
13/07/2011,2010,17086000,8.5(0.00 %),2010,17086000,0,0,67533775,16.25
14/07/2011,0,0,8.6(1.18 %),0,0,0,0,67533775,16.25
15/07/2011,0,0,8.5(-1.16 %),0,0,0,0,67533775,16.25
18/07/2011,107500,913750000,8.5(0.00 %),107500,913750000,0,0,67426275,16.31
19/07/2011,52250,448750000,8.6(1.18 %),56250,482750000,4000,34000000,67374025,16.33
20/07/2011,11250,96750000,8.7(1.16 %),11250,96750000,0,0,67362775,16.34
21/07/2011,225000,2032770000,9.1(4.60 %),225000,2032770000,0,0,67137775,16.45
22/07/2011,199500,1809600000,9(-1.10 %),200000,1814200000,500,4600000,66938275,16.54
25/07/2011,99660,875308000,8.7(-3.33 %),105000,922300000,5340,46992000,66838615,16.59
26/07/2011,-58530,-509211000,8.7(0.00 %),500,4350000,59030,513561000,66897145,16.56
27/07/2011,-7900,-68789000,8.7(0.00 %),590,5074000,8490,73863000,66905045,16.56
28/07/2011,63120,554879000,8.8(1.15 %),63120,554879000,0,0,66841925,16.59
29/07/2011,94000,831700000,8.9(1.14 %),94000,831700000,0,0,66747925,16.64
01/08/2011,200000,1798900000,8.9(0.00 %),200000,1798900000,0,0,66655305,16.68
02/08/2011,170090,1512959000,8.9(0.00 %),170420,1515896000,330,2937000,66485215,16.76
03/08/2011,270220,2404938000,8.9(0.00 %),308190,2742871000,37970,337933000,66214995,16.89
04/08/2011,200000,1800000000,9.1(2.25 %),200000,1800000000,0,0,66014995,16.99
05/08/2011,199450,1795050000,9.1(0.00 %),199450,1795050000,0,0,65815545,17.09
08/08/2011,363450,3309326000,8.8(-3.30 %),878100,7900910000,514650,4591584000,65452095,17.26
09/08/2011,210660,1826911000,8.6(-2.27 %),253360,2197036000,42700,370125000,65241435,17.37
10/08/2011,1000,8700000,8.7(1.16 %),1000,8700000,0,0,65240435,17.37
11/08/2011,-31270,-278303000,8.9(2.30 %),0,0,31270,278303000,65271705,17.35
12/08/2011,-450910,-3927908000,8.8(-1.12 %),1000,8900000,451910,3936808000,65722615,17.13
15/08/2011,0,0,8.9(1.14 %),0,0,0,0,65722615,17.13
16/08/2011,-20290,-181581000,9(1.12 %),0,0,20290,181581000,65742905,17.12
17/08/2011,6200,55800000,8.9(-1.11 %),6200,55800000,0,0,65736705,17.13
18/08/2011,393710,3504019000,8.9(0.00 %),400000,3560000000,6290,55981000,65342995,17.32
19/08/2011,-12780,-113742000,8.9(0.00 %),0,0,12780,113742000,65355775,17.31
22/08/2011,29380,261482000,8.9(0.00 %),29380,261482000,0,0,65326395,17.33
23/08/2011,434870,3913830000,9(1.12 %),438840,3949560000,3970,35730000,64891525,17.54
24/08/2011,292000,2657100000,9.1(1.11 %),292000,2657100000,0,0,64599525,17.68
25/08/2011,263010,2393391000,9.2(1.10 %),264510,2407041000,1500,13650000,64336515,17.81
26/08/2011,10670,98064000,9.3(1.09 %),10670,98064000,0,0,64325845,17.81
29/08/2011,-50520,-477226000,9.7(4.30 %),300,2880000,50820,480106000,64376365,17.79
30/08/2011,15200,139545000,9.8(1.03 %),61200,593640000,46000,454095000,64361165,17.79
31/08/2011,164560,1622056000,9.9(1.02 %),164860,1624996000,300,2940000,64196605,17.87
01/09/2011,33980,338801000,10.1(2.02 %),204010,2034101000,170030,1695300000,64116025,17.91
05/09/2011,-15990,-162251000,9.9(-1.98 %),356870,3551849000,372860,3714100000,64132015,17.9
06/09/2011,531730,5300300000,10(1.01 %),581730,5800300000,50000,500000000,63600285,18.16
07/09/2011,15980,157300000,10.1(1.00 %),257990,2581900000,242010,2424600000,63584305,18.17
08/09/2011,40400,414750000,10.3(1.98 %),47000,482100000,6600,67350000,63543905,18.19
09/09/2011,90550,959180000,10.7(3.88 %),91050,964530000,500,5350000,63453355,18.23
12/09/2011,146430,1581027000,10.8(0.93 %),156010,1684908000,9580,103881000,63306925,18.3
13/09/2011,171610,1854549000,10.9(0.93 %),174540,1886486000,2930,31937000,63135315,18.39
14/09/2011,419890,4520023000,10.7(-1.83 %),419890,4520023000,0,0,62715425,18.59
15/09/2011,250410,2619971000,10.5(-1.87 %),252970,2646595000,2560,26624000,62465015,18.71
16/09/2011,196000,2034800000,10.4(-0.95 %),196000,2034800000,0,0,62269015,18.81
19/09/2011,129010,1345704000,10.6(1.92 %),129010,1345704000,0,0,62140005,18.87
20/09/2011,210000,2224500000,10.6(0.00 %),210000,2224500000,0,0,61930005,18.97
21/09/2011,139740,1479540000,10.5(-0.94 %),192040,2029420000,52300,549880000,61790265,19.04
22/09/2011,180,1990000,10.6(0.95 %),1000,10600000,820,8610000,61790085,19.04
23/09/2011,180000,1872000000,10.4(-1.89 %),180000,1872000000,0,0,61610085,19.13
26/09/2011,-42310,-431526000,10.4(0.00 %),7060,74130000,49370,505656000,61652395,19.11
27/09/2011,-20820,-217446000,10.2(-1.92 %),40000,408000000,60820,625446000,61673215,19.1
28/09/2011,-22730,-233246000,10.2(0.00 %),50,510000,22780,233756000,61695945,19.09
29/09/2011,-47000,-474700000,10.2(0.00 %),0,0,47000,474700000,61742945,19.06
30/09/2011,-45730,-463446000,10.2(0.00 %),0,0,45730,463446000,61788675,19.04
03/10/2011,590,6077000,10(-1.96 %),590,6077000,0,0,61736305,19.07
04/10/2011,150430,1500756000,10(0.00 %),257740,2573706000,107310,1072950000,61585875,19.14
05/10/2011,196720,1967200000,10(0.00 %),200000,2000000000,3280,32800000,61389155,19.23
06/10/2011,0,0,10.1(1.00 %),0,0,0,0,61389155,19.23
07/10/2011,172190,1739419000,10.1(0.00 %),177500,1792750000,5310,53331000,61216965,19.32
10/10/2011,-7530,-75290000,10(-0.99 %),100,1010000,7630,76300000,61224495,19.31
11/10/2011,-15290,-153150000,10.1(1.00 %),0,0,15290,153150000,61239785,19.31
12/10/2011,5500,55050000,9.9(-1.98 %),5500,55050000,0,0,61234285,19.31
13/10/2011,100,990000,9.9(0.00 %),100,990000,0,0,61234185,19.31
14/10/2011,-10260,-101574000,9.9(0.00 %),0,0,10260,101574000,61244445,19.3
17/10/2011,0,0,9.9(0.00 %),0,0,0,0,61244445,19.3
18/10/2011,107060,1059788000,9.9(0.00 %),107060,1059788000,0,0,61137385,19.36
19/10/2011,10000,100000000,9.9(0.00 %),10000,100000000,0,0,61127385,19.36
20/10/2011,0,0,9.9(0.00 %),0,0,0,0,61127385,19.36
21/10/2011,2830,27429000,9.9(0.00 %),2940,28518000,110,1089000,61124555,19.36
24/10/2011,0,0,9.8(-1.01 %),0,0,0,0,61124555,19.36
25/10/2011,400,3920000,9.8(0.00 %),400,3920000,0,0,61124155,19.36
26/10/2011,0,0,9.9(1.02 %),0,0,0,0,61124155,19.36
27/10/2011,0,0,9.9(0.00 %),0,0,0,0,61124155,19.36
28/10/2011,-5090,-50900000,10.1(2.02 %),0,0,5090,50900000,61129245,19.36
31/10/2011,-17000,-170000000,10(-0.99 %),0,0,17000,170000000,61146245,19.35
01/11/2011,0,0,9.9(-1.00 %),0,0,0,0,61239075,19.31
02/11/2011,-26910,-261956000,9.7(-2.02 %),58970,575509000,85880,837465000,61265985,19.29
03/11/2011,0,0,10(3.09 %),0,0,0,0,61265985,19.29
04/11/2011,-15000,-149000000,10(0.00 %),0,0,15000,149000000,61280985,19.29
07/11/2011,101240,1016684000,10.1(1.00 %),116240,1165684000,15000,149000000,61179745,19.34
08/11/2011,8260,82106000,10(-0.99 %),14940,148906000,6680,66800000,61171485,19.34
09/11/2011,64440,644400000,10(0.00 %),64440,644400000,0,0,61107045,19.37
10/11/2011,104510,1045100000,10(0.00 %),104510,1045100000,0,0,61002535,19.42
11/11/2011,44930,449300000,10(0.00 %),117270,1167973000,72340,718673000,60957605,19.44
14/11/2011,145230,1448577000,9.9(-1.00 %),234940,2342906000,89710,894329000,60812375,19.51
15/11/2011,40000,400000000,10(1.01 %),110000,1100000000,70000,700000000,60772375,19.53
16/11/2011,19740,197200000,10.1(1.00 %),56740,567400000,37000,370200000,60752635,19.54
17/11/2011,12000,121000000,10(-0.99 %),72000,718800000,60000,597800000,60740635,19.55
18/11/2011,30000,300600000,10(0.00 %),40000,400000000,10000,99400000,60710635,19.56
21/11/2011,103960,1039277000,10(0.00 %),103960,1039277000,0,0,60606675,19.61
22/11/2011,102410,1024100000,10.1(1.00 %),105660,1056600000,3250,32500000,60504265,19.66
23/11/2011,8100,82620000,10.3(1.98 %),8100,82620000,0,0,60496165,19.67
24/11/2011,43330,437633000,10.1(-1.94 %),43330,437633000,0,0,60452835,19.69
25/11/2011,149170,1506212000,10.1(0.00 %),149170,1506212000,0,0,60303665,19.76
28/11/2011,117350,1197970000,10.2(0.99 %),180000,1843000000,62650,645030000,60186315,19.82
29/11/2011,94550,963820000,10.2(0.00 %),98610,1005232000,4060,41412000,60091765,19.86
30/11/2011,124140,1273642000,10.5(2.94 %),134140,1376642000,10000,103000000,59967625,19.92
01/12/2011,327560,3536892000,10.8(2.86 %),340000,3670000000,12440,133108000,59973005,19.92
02/12/2011,350500,3813389000,11(1.85 %),360500,3923400000,10000,110011000,59622505,20.09
05/12/2011,-256610,-2850512000,11.1(0.91 %),132600,1468640000,389210,4319152000,59879115,19.97
06/12/2011,-109140,-1206166000,10.6(-4.50 %),190100,2054110000,299240,3260276000,59988255,19.91
07/12/2011,-304500,-3291830000,10.9(2.83 %),42460,458568000,346960,3750398000,60292755,19.77
08/12/2011,159040,1711135000,10.8(-0.92 %),241000,2593603000,81960,882468000,60133715,19.84
09/12/2011,39500,430315000,10.8(0.00 %),39500,430315000,0,0,60094215,19.86
12/12/2011,-39500,-423600000,10.7(-0.93 %),500,5400000,40000,429000000,60133715,19.84
13/12/2011,-90200,-958040000,10.6(-0.93 %),0,0,90200,958040000,60223915,19.8
14/12/2011,213770,1771355000,8.3(-3.49 %),227540,1884457000,13770,113102000,60010145,19.9
15/12/2011,486350,3908410000,8(-3.61 %),889280,7169210000,402930,3260800000,59523795,20.14
16/12/2011,82000,665958000,8.2(2.50 %),83770,680472000,1770,14514000,59441795,20.18
19/12/2011,95470,781612000,8.2(0.00 %),96740,792026000,1270,10414000,59346325,20.22
20/12/2011,421910,3417471000,8.1(-1.22 %),446110,3613491000,24200,196020000,58924415,20.43
21/12/2011,139120,1138859000,8.2(1.23 %),139120,1138859000,0,0,58785295,20.5
22/12/2011,283520,2324864000,8.2(0.00 %),283620,2325684000,100,820000,58501775,20.63
23/12/2011,315900,2580430000,8.2(0.00 %),315900,2580430000,0,0,58185875,20.79
26/12/2011,372980,3058436000,8.2(0.00 %),554440,4546408000,181460,1487972000,57812895,20.97
27/12/2011,244030,1982442000,8.1(-1.22 %),425490,3452268000,181460,1469826000,57568865,21.09
28/12/2011,98460,810530000,8.4(3.70 %),117590,970509000,19130,159979000,57470405,21.13
29/12/2011,85080,706078000,8.3(-1.19 %),85080,706078000,0,0,57385325,21.18
30/12/2011,50010,415083000,8.3(0.00 %),73180,607394000,23170,192311000,57335315,21.2
03/01/2012,81870,679521000,8.3(0.00 %),81870,679521000,0,0,56982183,21.37
04/01/2012,110100,914190000,8.3(0.00 %),110100,914190000,0,0,56872083,21.42
05/01/2012,123700,1025363000,8.2(-1.20 %),134470,1113854000,10770,88491000,56748383,21.48
06/01/2012,153570,1267784000,8.3(1.22 %),153570,1267784000,0,0,56594813,21.56
09/01/2012,2000,16400000,8.3(0.00 %),2000,16400000,0,0,56592813,21.56
10/01/2012,16140,133048000,8.2(-1.20 %),17520,144364000,1380,11316000,56576673,21.57
11/01/2012,31900,259880000,8.1(-1.22 %),31900,259880000,0,0,56544773,21.58
12/01/2012,183100,1454250000,8(-1.23 %),183100,1454250000,0,0,56361673,21.67
13/01/2012,285200,2234330000,8(0.00 %),285200,2234330000,0,0,56076473,21.81
16/01/2012,321990,2516640000,8(0.00 %),324530,2536960000,2540,20320000,55754483,21.97
17/01/2012,249200,1968680000,8(0.00 %),249200,1968680000,0,0,55505283,22.09
18/01/2012,304810,2407161000,8.1(1.25 %),309000,2441100000,4190,33939000,55200473,22.23
19/01/2012,500,4100000,8.2(1.23 %),500,4100000,0,0,55199973,22.24
20/01/2012,-3560,-28736000,8.1(-1.22 %),29510,239131000,33070,267867000,55203533,22.23
30/01/2012,51690,420189000,8.2(1.23 %),51690,420189000,0,0,55151843,22.26
31/01/2012,421130,3525379000,8.3(1.22 %),425330,3560239000,4200,34860000,54730713,22.46
01/02/2012,30120,247184000,8.3(0.00 %),31120,255484000,1000,8300000,54653323,22.5
02/02/2012,-58430,-490813000,8.7(4.82 %),10,83000,58440,490896000,54711753,22.47
03/02/2012,3480,30640000,8.5(-2.30 %),12600,108760000,9120,78120000,54708273,22.47
06/02/2012,-18670,-156828000,8.4(-1.18 %),4010,33684000,22680,190512000,54726943,22.46
07/02/2012,164050,1388020000,8.5(1.19 %),164050,1388020000,0,0,54562893,22.54
08/02/2012,10000,85000000,8.6(1.18 %),10000,85000000,0,0,54552893,22.55
09/02/2012,171980,1484978000,8.9(3.49 %),175000,1511000000,3020,26022000,54380913,22.63
10/02/2012,110800,955520000,8.6(-3.37 %),115300,994220000,4500,38700000,54270113,22.69
13/02/2012,133160,1133150000,8.5(-1.16 %),133160,1133150000,0,0,54136953,22.75
14/02/2012,59660,507110000,8.6(1.18 %),63190,537115000,3530,30005000,54077293,22.78
15/02/2012,160700,1373160000,8.6(0.00 %),160700,1373160000,0,0,53916593,22.86
16/02/2012,28130,241918000,8.6(0.00 %),30050,258430000,1920,16512000,53888463,22.87
17/02/2012,121680,1046498000,8.7(1.16 %),121680,1046498000,0,0,53766783,22.93
20/02/2012,9840,86592000,8.9(2.30 %),10000,88000000,160,1408000,53756943,22.93
21/02/2012,-29950,-266401000,8.7(-2.25 %),30000,262000000,59950,528401000,53786893,22.92
22/02/2012,42890,372174000,9(3.45 %),197700,1739365000,154810,1367191000,53744003,22.94
23/02/2012,54000,486000000,9(0.00 %),54000,486000000,0,0,53690003,22.97
24/02/2012,329680,3001005000,9.2(2.22 %),571500,5179390000,241820,2178385000,53360323,23.13
27/02/2012,76510,712392000,9.5(3.26 %),76510,712392000,0,0,53283813,23.16
28/02/2012,157350,1494366000,9.4(-1.05 %),161780,1536008000,4430,41642000,53126463,23.24
29/02/2012,132970,1253117000,9.8(4.26 %),341300,3261536000,208330,2008419000,52993493,23.31
01/03/2012,677600,6873677000,10.2(4.08 %),698100,7077077000,20500,203400000,52117633,23.73
02/03/2012,70180,750926000,10.7(4.90 %),92640,991248000,22460,240322000,52047453,23.76
05/03/2012,0,0,11.2(4.67 %),0,0,0,0,52047453,23.76
06/03/2012,868460,10148028000,11.7(4.46 %),1009960,11803578000,141500,1655550000,51178993,24.18
07/03/2012,-577720,-6788060000,12(2.56 %),1376870,16549056000,1954590,23337116000,51756713,23.9
08/03/2012,84470,1003807000,11.4(-5.00 %),415800,4889059000,331330,3885252000,51672243,23.95
09/03/2012,-15000,-167327000,11.2(-1.75 %),0,0,15000,167327000,51687243,23.94
12/03/2012,-157510,-1682005000,10.7(-4.46 %),100000,1079500000,257510,2761505000,51844753,23.86
13/03/2012,-162500,-1833440000,11.2(4.67 %),300000,3283731000,462500,5117171000,52007253,23.78
14/03/2012,-3330,-42533000,11(-1.79 %),291170,3244367000,294500,3286900000,52010583,23.78
15/03/2012,107770,1194186000,11.5(4.55 %),607770,6939186000,500000,5745000000,51902813,23.83
16/03/2012,413840,4915500000,11.9(3.48 %),1176010,13927996000,762170,9012496000,51488973,24.03
19/03/2012,257530,2950268000,11.4(-4.20 %),258530,2962068000,1000,11800000,51231443,24.16
20/03/2012,318270,3638866000,11.6(1.75 %),518270,5948866000,200000,2310000000,50913173,24.31
21/03/2012,517410,6177966000,11.8(1.72 %),1018780,12117348000,501370,5939382000,50395763,24.56
22/03/2012,455810,5379904000,11.8(0.00 %),537580,6352790000,81770,972886000,49939953,24.79
23/03/2012,325110,3851621000,11.8(0.00 %),486500,5773500000,161390,1921879000,49614843,24.94
26/03/2012,319210,3770861000,11.8(0.00 %),539700,6379117000,220490,2608256000,49295633,25.1
27/03/2012,98970,1136429000,11.4(-3.39 %),101060,1160882000,2090,24453000,49196663,25.15
28/03/2012,329620,3751178000,11.6(1.75 %),629620,7194678000,300000,3443500000,48867043,25.31
29/03/2012,148640,1694824000,11.3(-2.59 %),277010,3145716000,128370,1450892000,48718403,25.38
30/03/2012,305310,3433895000,11.1(-1.77 %),517530,5811389000,212220,2377494000,48413093,25.53
03/04/2012,-200000,-2289000000,11.5(3.60 %),10000,115000000,210000,2404000000,47978466,25.74
04/04/2012,34000,384706000,11.3(-1.74 %),44000,499100000,10000,114394000,47944466,25.75
05/04/2012,138790,1588299000,11.6(2.65 %),488800,5645412000,350010,4057113000,47805676,25.82
06/04/2012,56380,652406000,11.6(0.00 %),306380,3552406000,250000,2900000000,47749296,25.85
09/04/2012,123490,1428684000,11.6(0.00 %),243490,2820684000,120000,1392000000,47625806,25.91
10/04/2012,-60620,-702130000,11.4(-1.72 %),0,0,60620,702130000,47686426,25.88
11/04/2012,-95130,-1099451000,11.7(2.63 %),10000,114000000,105130,1213451000,47781556,25.83
12/04/2012,22680,263088000,11.6(-0.85 %),22680,263088000,0,0,47758876,25.84
13/04/2012,8400,97440000,11.5(-0.86 %),19000,220400000,10600,122960000,47750476,25.85
16/04/2012,-82710,-973018000,11.8(2.61 %),200,2320000,82910,975338000,47833186,25.81
17/04/2012,-173910,-2137103000,12.3(4.24 %),2540,29972000,176450,2167075000,48007096,25.72
18/04/2012,-290510,-3745419000,12.6(2.44 %),0,0,290510,3745419000,48297606,25.58
19/04/2012,-132180,-1610152000,12(-4.76 %),18050,216600000,150230,1826752000,48429786,25.52
20/04/2012,24440,292536000,11.9(-0.83 %),24440,292536000,0,0,48405346,25.53
23/04/2012,-94580,-1136554000,11.9(0.00 %),27970,332346000,122550,1468900000,48499926,25.48
24/04/2012,-110830,-1331872000,12(0.84 %),131350,1551130000,242180,2883002000,48610756,25.43
25/04/2012,-162390,-1971619000,12.1(0.83 %),17610,214381000,180000,2186000000,48773146,25.35
26/04/2012,92640,1097278000,11.9(-1.65 %),127660,1520720000,35020,423442000,48680506,25.4
27/04/2012,-67810,-821463000,12(0.84 %),97500,1163751000,165310,1985214000,48748316,25.36
02/05/2012,227310,2774286000,12.6(5.00 %),527310,6521786000,300000,3747500000,48753616,25.36
03/05/2012,264030,3310112000,12.5(-0.79 %),339220,4251223000,75190,941111000,48489586,25.49
04/05/2012,-43980,-588012000,13.1(4.80 %),156020,2021988000,200000,2610000000,48533566,25.47
07/05/2012,-26690,-365985000,13.7(4.58 %),344310,4716715000,371000,5082700000,48560256,25.45
08/05/2012,-154510,-2173483000,14(2.19 %),563000,8024390000,717510,10197873000,48714766,25.38
09/05/2012,29840,412601000,13.8(-1.43 %),42300,587540000,12460,174939000,48684926,25.39
10/05/2012,28950,393510000,13.4(-2.90 %),30000,408000000,1050,14490000,48655976,25.41
11/05/2012,-79000,-1092800000,13.6(1.49 %),0,0,79000,1092800000,48734976,25.37
14/05/2012,60000,828000000,13(-4.41 %),60000,828000000,0,0,48674976,25.4
15/05/2012,271360,3375682000,12.4(-4.62 %),390000,4854000000,118640,1478318000,48403616,25.53
16/05/2012,304830,3794716000,12.5(0.81 %),341390,4251656000,36560,456940000,48098786,25.68
17/05/2012,472770,5906626000,12.5(0.00 %),495710,6194376000,22940,287750000,47626016,25.91
18/05/2012,468410,5665990000,12(-4.00 %),478930,5793310000,10520,127320000,47157606,26.13
21/05/2012,18240,214015000,12.6(5.00 %),70000,864972000,51760,650957000,47139366,26.14
22/05/2012,34380,429690000,12.5(-0.79 %),34980,437250000,600,7560000,47104986,26.16
23/05/2012,339210,4109670000,12.1(-3.20 %),339210,4109670000,0,0,46765776,26.32
24/05/2012,430160,5165916000,12.1(0.00 %),436820,5246502000,6660,80586000,46335616,26.53
25/05/2012,-42910,-548776000,12.7(4.96 %),55550,693820000,98460,1242596000,46378526,26.51
28/05/2012,20000,250000000,12.5(-1.57 %),20000,250000000,0,0,46358526,26.52
29/05/2012,-500,-6150000,12.3(-1.60 %),0,0,500,6150000,46359026,26.52
30/05/2012,25900,318570000,12.4(0.81 %),25900,318570000,0,0,46333126,26.53
31/05/2012,85330,1037026000,12.5(0.81 %),88230,1072406000,2900,35380000,46247796,26.58
01/06/2012,-11950,-147905000,12.2(-2.40 %),13000,159000000,24950,306905000,46844376,26.29
04/06/2012,556240,6599426000,11.6(-4.92 %),580180,6877130000,23940,277704000,46288136,26.56
05/06/2012,-44370,-521109000,11.7(0.86 %),10100,116190000,54470,637299000,46888746,26.27
06/06/2012,39410,465338000,12.1(3.42 %),47000,554900000,7590,89562000,46849336,26.28
07/06/2012,-381900,-4654370000,12(-0.83 %),10000,120000000,391900,4774370000,47231236,26.1
08/06/2012,-350000,-4228849000,12(0.00 %),0,0,350000,4228849000,47581236,25.93
11/06/2012,-189000,-2270427000,12(0.00 %),102000,1221600000,291000,3492027000,47770236,25.84
12/06/2012,-193510,-2290867000,11.7(-2.50 %),139990,1649883000,333500,3940750000,47963746,25.74
13/06/2012,-222010,-2578115000,11.5(-1.71 %),149990,1739885000,372000,4318000000,48185756,25.64
14/06/2012,-155050,-1773585000,11.3(-1.74 %),400000,4560100000,555050,6333685000,48340806,25.56
15/06/2012,-288910,-3283325000,11.8(4.42 %),418470,4873057000,707380,8156382000,48629716,25.42
18/06/2012,-459700,-5455800000,12(1.69 %),240300,2864440000,700000,8320240000,49089416,25.2
19/06/2012,-219080,-2555528000,11.6(-3.33 %),10920,126672000,230000,2682200000,49308496,25.09
20/06/2012,-504760,-5852151000,11.6(0.00 %),104240,1206184000,609000,7058335000,49813256,24.85
21/06/2012,-338340,-3915844000,11.5(-0.86 %),195660,2255656000,534000,6171500000,50151596,24.68
22/06/2012,-239420,-2721946000,11.3(-1.74 %),184320,2089816000,423740,4811762000,50391016,24.57
25/06/2012,66170,709084000,11(-2.65 %),520000,5733430000,453830,5024346000,50324846,24.6
26/06/2012,-65770,-725820000,10.8(-1.82 %),475000,5158000000,540770,5883820000,50390616,24.57
27/06/2012,-173200,-1851557000,10.5(-2.78 %),804070,8604535000,977270,10456092000,50563816,24.48
28/06/2012,-23930,-250622000,10.5(0.00 %),154870,1622148000,178800,1872770000,50587746,24.47
29/06/2012,-24000,-255492000,10.5(0.00 %),39850,418425000,63850,673917000,50611746,24.46
02/07/2012,-669110,-7160967000,10.5(0.00 %),178000,1869000000,847110,9029967000,49385941,25.05
03/07/2012,37000,383700000,10.3(-1.90 %),189000,1974700000,152000,1591000000,49348941,25.07
04/07/2012,-26520,-274757000,10.4(0.97 %),120000,1246497000,146520,1521254000,49375461,25.06
05/07/2012,9760,95356000,10.5(0.96 %),149800,1555876000,140040,1460520000,49365701,25.06
06/07/2012,-102440,-1085908000,10.7(1.90 %),0,0,102440,1085908000,49468141,25.01
09/07/2012,62260,628521000,10.2(-4.67 %),427510,4410194000,365250,3781673000,49405881,25.04
10/07/2012,1750,22400000,10.2(0.00 %),233800,2396260000,232050,2373860000,49404131,25.05
11/07/2012,-96500,-991100000,10.3(0.98 %),35450,361590000,131950,1352690000,49500631,25.0
12/07/2012,-38440,-397375000,10.4(0.97 %),5990,61697000,44430,459072000,49539071,24.98
13/07/2012,-214260,-2273304000,10.6(1.92 %),2740,28496000,217000,2301800000,49753331,24.88
16/07/2012,-10030,-111702000,10.4(-1.89 %),71970,755498000,82000,867200000,49763361,24.87
17/07/2012,-18700,-183598000,10.8(3.85 %),443100,4739942000,461800,4923540000,49782061,24.86
18/07/2012,61770,665716000,10.7(-0.93 %),443100,4769723000,381330,4104007000,49720291,24.89
19/07/2012,48000,522000000,11.2(4.67 %),50000,543400000,2000,21400000,49672291,24.92
20/07/2012,-54940,-597646000,10.9(-2.68 %),4000,44800000,58940,642446000,49727231,24.89
23/07/2012,-120000,-1293500000,10.7(-1.83 %),0,0,120000,1293500000,49847231,24.83
24/07/2012,14900,156350000,10.5(-1.87 %),20000,210000000,5100,53650000,49832331,24.84
25/07/2012,10000,105000000,10.6(0.95 %),10000,105000000,0,0,49822331,24.84
26/07/2012,0,0,10.6(0.00 %),0,0,0,0,49822331,24.84
27/07/2012,-19710,-207457000,10.5(-0.94 %),27600,291320000,47310,498777000,49842041,24.83
30/07/2012,77000,806000000,10.4(-0.95 %),77000,806000000,0,0,49765041,24.87
31/07/2012,21490,225645000,10.5(0.96 %),21490,225645000,0,0,49743551,24.88
01/08/2012,-269770,-2832626000,10.5(0.00 %),209920,2200171000,479690,5032797000,50853351,24.34
02/08/2012,-49000,-514500000,10.6(0.95 %),280250,2942625000,329250,3457125000,50902351,24.32
03/08/2012,26110,276855000,10.5(-0.94 %),27000,286200000,890,9345000,50876241,24.33
06/08/2012,0,0,10.8(2.86 %),0,0,0,0,50876241,24.33
07/08/2012,0,0,10.6(-1.85 %),0,0,0,0,50876241,24.33
08/08/2012,-860,-9202000,10.8(1.89 %),900,9630000,1760,18832000,50877101,24.33
09/08/2012,4670,50903000,10.8(0.00 %),4670,50903000,0,0,50872431,24.33
10/08/2012,100000,1080000000,10.8(0.00 %),100000,1080000000,0,0,50772431,24.38
13/08/2012,82630,892404000,10.8(0.00 %),82630,892404000,0,0,50689801,24.42
14/08/2012,4900,52920000,10.8(0.00 %),71230,769284000,66330,716364000,50684901,24.42
15/08/2012,127000,1386300000,10.9(0.93 %),127000,1386300000,0,0,50557901,24.49
16/08/2012,100000,1090000000,10.9(0.00 %),100000,1090000000,0,0,50457901,24.53
17/08/2012,72280,793832000,11.1(1.83 %),96000,1054400000,23720,260568000,50385621,24.57
20/08/2012,15000,168000000,11.3(1.80 %),65000,728000000,50000,560000000,50370621,24.58
21/08/2012,195000,2106000000,10.8(-4.42 %),195000,2106000000,0,0,50175621,24.67
22/08/2012,155200,1639188000,10.5(-2.78 %),159300,1682238000,4100,43050000,50020421,24.75
23/08/2012,465620,4656200000,10(-4.76 %),465620,4656200000,0,0,49554801,24.97
24/08/2012,234960,2355987000,10.5(5.00 %),234960,2355987000,0,0,49319841,25.09
27/08/2012,181710,1841580000,10.1(-3.81 %),230900,2338399000,49190,496819000,49138131,25.17
28/08/2012,17520,180912000,10.5(3.96 %),20000,205960000,2480,25048000,49120611,25.18
29/08/2012,60220,645682000,10.8(2.86 %),60220,645682000,0,0,49060391,25.21
30/08/2012,0,0,10.7(-0.93 %),0,0,0,0,49060391,25.21
31/08/2012,9200,98440000,10.6(-0.93 %),9200,98440000,0,0,49051191,25.22
04/09/2012,14100,152220000,10.6(0.00 %),14100,152220000,0,0,49564092,24.97
05/09/2012,-4170,-43785000,10.5(-0.94 %),0,0,4170,43785000,49568262,24.97
06/09/2012,-9000,-94300000,10.4(-0.95 %),0,0,9000,94300000,49577262,24.96
07/09/2012,-6100,-63440000,10.4(0.00 %),0,0,6100,63440000,49583362,24.96
10/09/2012,-200000,-2030603000,10.1(-2.88 %),40000,405000000,240000,2435603000,49783362,24.86
11/09/2012,0,0,10.2(0.99 %),0,0,0,0,49783362,24.86
12/09/2012,-109860,-1127058000,10.2(0.00 %),11400,116420000,121260,1243478000,49893222,24.81
13/09/2012,-125000,-1270000000,10.3(0.98 %),0,0,125000,1270000000,50018222,24.75
14/09/2012,-71490,-743079000,10.4(0.97 %),0,0,71490,743079000,50089712,24.71
17/09/2012,-1380,-14204000,10.4(0.00 %),100,1040000,1480,15244000,50091092,24.71
18/09/2012,63600,655940000,10.2(-1.92 %),63600,655940000,0,0,50027492,24.74
19/09/2012,101540,1047098000,10.4(1.96 %),108980,1123730000,7440,76632000,49925952,24.79
20/09/2012,147600,1504920000,10.2(-1.92 %),147600,1504920000,0,0,49778352,24.86
21/09/2012,301690,3199735000,10.7(4.90 %),332950,3528565000,31260,328830000,49476662,25.01
24/09/2012,-18530,-189359000,10.2(-4.67 %),0,0,18530,189359000,49495192,25.0
25/09/2012,1700,17339000,10.3(0.98 %),10000,102000000,8300,84661000,49493492,25.0
26/09/2012,11300,117520000,10.4(0.97 %),11300,117520000,0,0,49482192,25.01
27/09/2012,-1850,-18870000,10.3(-0.96 %),0,0,1850,18870000,49484042,25.01
28/09/2012,9460,96478000,10.2(-0.97 %),16420,167484000,6960,71006000,49474582,25.01
01/10/2012,10000,102000000,10.2(0.00 %),10000,102000000,0,0,49462072,25.02
02/10/2012,10000,102000000,10.2(0.00 %),10000,102000000,0,0,49452072,25.02
03/10/2012,9300,94860000,10.3(0.98 %),9300,94860000,0,0,49442772,25.03
04/10/2012,-356360,-3634872000,10.2(-0.97 %),130000,1326000000,486360,4960872000,49799132,24.85
05/10/2012,-142670,-1454842000,10.3(0.98 %),102630,1049826000,245300,2504668000,49941802,24.78
08/10/2012,-193480,-1992844000,10.3(0.00 %),110240,1135472000,303720,3128316000,50135282,24.69
09/10/2012,-227330,-2334649000,10.2(-0.97 %),2670,27234000,230000,2361883000,50362612,24.58
10/10/2012,-96230,-981546000,10.3(0.98 %),40000,408000000,136230,1389546000,50458842,24.53
11/10/2012,-2000,-20700000,10.2(-0.97 %),1000,10200000,3000,30900000,50460842,24.53
12/10/2012,30000,306000000,10.2(0.00 %),30000,306000000,0,0,50430842,24.55
15/10/2012,44750,456930000,10.2(0.00 %),44750,456930000,0,0,50386092,24.57
16/10/2012,72370,756303000,10.5(2.94 %),72370,756303000,0,0,50313722,24.6
17/10/2012,0,0,10.4(-0.95 %),0,0,0,0,50313722,24.6
18/10/2012,0,0,10.4(0.00 %),0,0,0,0,50313722,24.6
19/10/2012,1000,10300000,10.3(-0.96 %),1000,10300000,0,0,50312722,24.6
22/10/2012,79480,810696000,10.3(0.00 %),79480,810696000,0,0,50233242,24.64
23/10/2012,0,0,10.3(0.00 %),0,0,0,0,50233242,24.64
24/10/2012,0,0,10.4(0.97 %),0,0,0,0,50233242,24.64
25/10/2012,145580,1523542000,10.4(0.00 %),145580,1523542000,0,0,50087662,24.71
26/10/2012,-21380,-224490000,10.5(0.96 %),1000,10500000,22380,234990000,50109042,21.57
29/10/2012,100860,1054200000,10.5(0.00 %),100860,1054200000,0,0,50028182,24.74
30/10/2012,-9790,-103816000,10.4(-0.95 %),10210,106184000,20000,210000000,50037972,24.74
31/10/2012,242780,2529632000,10.5(0.96 %),244800,2550640000,2020,21008000,49795192,24.86
01/11/2012,100000,1086992000,10.9(3.81 %),150000,1611992000,50000,525000000,49631985,24.93
02/11/2012,-2520,-26460000,10.5(-3.67 %),0,0,2520,26460000,49634505,24.93
05/11/2012,87480,942646000,10.8(2.86 %),90000,969610000,2520,26964000,49547025,24.98
06/11/2012,252510,2738764000,10.9(0.93 %),372520,4043973000,120010,1305209000,49294515,25.1
07/11/2012,186500,2032850000,10.9(0.00 %),229580,2502422000,43080,469572000,49108015,25.19
08/11/2012,297450,3229205000,10.9(0.00 %),297450,3229205000,0,0,48810565,25.33
09/11/2012,-20550,-223995000,10.9(0.00 %),0,0,20550,223995000,48831115,25.32
12/11/2012,35670,385336000,10.9(0.00 %),35670,385336000,0,0,48795445,25.34
13/11/2012,50000,546000000,10.9(0.00 %),50000,546000000,0,0,48745445,25.36
14/11/2012,-203090,-2264617000,11.1(1.83 %),0,0,203090,2264617000,48948535,25.27
15/11/2012,196130,2209269000,11.2(0.90 %),313040,3527352000,116910,1318083000,48752405,25.36
16/11/2012,0,0,11.1(-0.89 %),0,0,0,0,48752405,25.36
19/11/2012,60600,673360000,11.1(0.00 %),63600,706660000,3000,33300000,48691805,25.39
20/11/2012,66850,748720000,11.2(0.90 %),67000,750400000,150,1680000,48624955,25.42
21/11/2012,-67730,-741030000,11(-1.79 %),51200,567200000,118930,1308230000,48692685,25.39
22/11/2012,-4820,-53020000,11(0.00 %),0,0,4820,53020000,48697505,25.39
23/11/2012,-6060,-66660000,11(0.00 %),0,0,6060,66660000,48703565,25.39
26/11/2012,-2360,-25488000,10.8(-1.82 %),0,0,2360,25488000,48705925,25.38
27/11/2012,80290,880661000,10.9(0.93 %),85000,932000000,4710,51339000,48625635,25.42
28/11/2012,-57900,-622150000,10.9(0.00 %),1104008,11589583000,1161908,12211733000,48683535,25.39
29/11/2012,-3930,-42444000,10.8(-0.92 %),0,0,3930,42444000,48687465,25.39
30/11/2012,25630,274241000,10.8(0.00 %),25630,274241000,0,0,48661835,25.41
03/12/2012,131020,1419775000,10.9(0.93 %),131020,1419775000,0,0,48511005,25.48
04/12/2012,0,0,10.8(-0.92 %),0,0,0,0,48511005,25.48
05/12/2012,100000,1085000000,10.9(0.93 %),100000,1085000000,0,0,48411005,25.53
06/12/2012,0,0,10.8(-0.92 %),0,0,0,0,48411005,25.53
07/12/2012,46280,504452000,10.9(0.93 %),46280,504452000,0,0,48364725,25.55
10/12/2012,-95000,-1035500000,10.9(0.00 %),5000,54500000,100000,1090000000,48459725,25.5
11/12/2012,84920,923003000,10.9(0.00 %),231620,2524658000,146700,1601655000,48374805,25.54
12/12/2012,-95180,-1036980000,10.9(0.00 %),6000,66000000,101180,1102980000,48469985,25.5
13/12/2012,-138700,-1511830000,11(0.92 %),0,0,138700,1511830000,48608685,25.43
14/12/2012,-150310,-1638379000,10.9(-0.91 %),2000,21800000,152310,1660179000,48620295,25.43
17/12/2012,-330000,-3387611000,10.2(-0.97 %),0,0,330000,3387611000,48950295,25.27
18/12/2012,-279000,-2813702000,10(-1.96 %),0,0,279000,2813702000,49229295,25.13
19/12/2012,-285770,-2888287000,10.2(2.00 %),0,0,285770,2888287000,49515065,24.99
20/12/2012,-125080,-1263308000,10.1(-0.98 %),32970,332997000,158050,1596305000,49640145,24.93
21/12/2012,117500,1202750000,10.2(0.99 %),227500,2317750000,110000,1115000000,49522645,24.99
24/12/2012,60350,628425000,10.3(0.98 %),137620,1411579000,77270,783154000,49462295,25.02
25/12/2012,-33390,-341317000,10.2(-0.97 %),21450,219435000,54840,560752000,49495685,25.0
26/12/2012,-139700,-1415940000,10.2(0.00 %),300,3060000,140000,1419000000,49635385,24.93
27/12/2012,20000,214200000,10.3(0.98 %),50000,523200000,30000,309000000,49615385,24.94
28/12/2012,-67000,-690100000,10.3(0.00 %),3000,30900000,70000,721000000,49682385,24.91
02/01/2013,-84940,-883882000,10.4(0.97 %),0,0,84940,883882000,49672915,24.92
03/01/2013,107290,1114766000,10.4(0.00 %),117290,1218766000,10000,104000000,49565625,24.97
04/01/2013,32630,336380000,10.4(0.00 %),68720,711716000,36090,375336000,49532995,24.98
07/01/2013,-112430,-1215987000,10.9(4.81 %),171480,1867632000,283910,3083619000,49645425,24.93
08/01/2013,273440,3111395000,11.4(4.59 %),656440,7477595000,383000,4366200000,49371985,25.06
09/01/2013,309190,3490605000,11.3(-0.88 %),309190,3490605000,0,0,49062795,25.21
10/01/2013,343990,3830131000,11.3(0.00 %),413490,4600231000,69500,770100000,48718805,25.38
11/01/2013,231460,2555541000,11.1(-1.77 %),251460,2783541000,20000,228000000,48487345,25.49
14/01/2013,123230,1359075000,11.1(0.00 %),123230,1359075000,0,0,48364115,25.55
15/01/2013,447080,5052330000,11.5(3.60 %),496380,5612160000,49300,559830000,47917035,25.77
16/01/2013,181350,2085890000,11.6(0.87 %),204350,2351390000,23000,265500000,47735685,25.85
17/01/2013,9000,100600000,11.3(-2.59 %),19000,216600000,10000,116000000,47726685,25.86
18/01/2013,4470,49074000,11.2(-0.88 %),10100,112130000,5630,63056000,47722215,25.86
21/01/2013,-311890,-3424090000,11(-1.79 %),6500,72300000,318390,3496390000,48034105,25.71
22/01/2013,-2900,-31080000,10.8(-1.82 %),2300,25100000,5200,56180000,48037005,25.71
23/01/2013,122330,1324623000,11(1.85 %),122330,1324623000,0,0,47914675,25.77
24/01/2013,294100,3275295000,11.2(1.82 %),302100,3364895000,8000,89600000,47620575,25.91
25/01/2013,410330,4674046000,11.5(2.68 %),410330,4674046000,0,0,47210245,26.11
28/01/2013,736700,8932080000,12.3(6.96 %),936700,11381080000,200000,2449000000,46473545,26.47
29/01/2013,755300,9701909000,12.9(4.88 %),769310,9880236000,14010,178327000,45718245,26.83
30/01/2013,354500,4536914000,12.6(-2.33 %),363410,4650962000,8910,114048000,45363745,27.0
31/01/2013,147340,1793744000,12(-4.76 %),153060,1864220000,5720,70476000,45216405,27.08
01/02/2013,-129970,-1534446000,11.9(-0.83 %),203030,2415754000,333000,3950200000,45309675,27.03
04/02/2013,29590,358839000,12.1(1.68 %),51590,625239000,22000,266400000,45280085,27.05
05/02/2013,39910,483411000,12(-0.83 %),60910,735511000,21000,252100000,45240175,27.06
06/02/2013,299730,3722672000,12.6(5.00 %),421860,5243532000,122130,1520860000,44940445,27.21
07/02/2013,17000,212500000,12.5(-0.79 %),40000,500000000,23000,287500000,44923445,27.22
08/02/2013,45000,569000000,12.4(-0.80 %),50000,631500000,5000,62500000,44878445,27.24
18/02/2013,-21500,-264450000,12.6(1.61 %),0,0,21500,264450000,44899945,27.23
19/02/2013,220040,2807002000,12.8(1.59 %),220040,2807002000,0,0,44679905,27.34
20/02/2013,94450,1207760000,12.8(0.00 %),123450,1575160000,29000,367400000,44585455,27.38
21/02/2013,-35020,-437154000,12(-6.25 %),0,0,35020,437154000,44620475,27.36
22/02/2013,5450,55345000,11.8(-1.67 %),51000,609045000,45550,553700000,44615025,27.37
25/02/2013,1500,18000000,11.9(0.85 %),1500,18000000,0,0,44613525,27.37
26/02/2013,-205000,-2352900000,11.2(-5.88 %),100000,1140000000,305000,3492900000,44818525,27.27
27/02/2013,-145600,-1615980000,11.1(-0.89 %),142200,1571920000,287800,3187900000,44964125,27.2
28/02/2013,-30000,-322929000,11.3(1.80 %),115000,1304571000,145000,1627500000,44994125,27.18
01/03/2013,76490,883861000,11.5(1.77 %),84740,978736000,8250,94875000,44533230,27.41
04/03/2013,68000,771900000,11.3(-1.74 %),68000,771900000,0,0,44465230,27.44
05/03/2013,20000,223400000,11.2(-0.88 %),20000,223400000,0,0,44445230,27.45
06/03/2013,44720,510854000,11.5(2.68 %),46470,530629000,1750,19775000,44400510,27.47
07/03/2013,20360,234040000,11.2(-2.61 %),22110,254165000,1750,20125000,44380150,27.48
08/03/2013,41920,481755000,11.3(0.89 %),43670,501705000,1750,19950000,44338230,27.5
11/03/2013,26480,305888000,11.5(1.77 %),29000,334616000,2520,28728000,44311750,27.51
12/03/2013,85280,986288000,11.5(0.00 %),85280,986288000,0,0,44226470,27.56
13/03/2013,225340,2591510000,11.5(0.00 %),225340,2591510000,0,0,44001130,27.67
14/03/2013,154150,1784551000,11.5(0.00 %),274000,3168100000,119850,1383549000,43846980,27.74
15/03/2013,508630,6059443000,12(4.35 %),526130,6262443000,17500,203000000,43338350,27.99
18/03/2013,21570,255101000,11.7(-2.50 %),40630,479334000,19060,224233000,43316780,28.0
19/03/2013,-26790,-309764000,11.6(-0.85 %),500,5800000,27290,315564000,43343570,27.98
20/03/2013,3270,37932000,11.7(0.86 %),3270,37932000,0,0,43340300,27.99
21/03/2013,0,0,11.7(0.00 %),0,0,0,0,43340300,27.99
22/03/2013,12820,149494000,11.5(-1.71 %),12820,149494000,0,0,43327480,27.99
25/03/2013,31190,365247000,11.7(1.74 %),33320,389529000,2130,24282000,43296290,28.01
26/03/2013,-8000,-92800000,11.5(-1.71 %),0,0,8000,92800000,43304290,28.0
27/03/2013,24190,289191000,11.9(3.48 %),60000,715350000,35810,426159000,43280100,28.01
28/03/2013,34900,413610000,11.9(0.00 %),35000,414800000,100,1190000,43245200,28.03
29/03/2013,103770,1232013000,11.8(-0.84 %),106500,1264227000,2730,32214000,43141430,28.08
01/04/2013,5000,58500000,11.9(0.85 %),5000,58500000,0,0,43843840,27.74
02/04/2013,72940,875686000,11.9(0.00 %),82500,989450000,9560,113764000,43770900,27.78
03/04/2013,-63500,-742610000,11.7(-1.68 %),2200,26080000,65700,768690000,43834400,27.75
04/04/2013,220110,2638356000,11.8(0.85 %),236140,2829269000,16030,190913000,43614290,27.85
05/04/2013,-5300,-63650000,12.5(5.93 %),0,0,5300,63650000,43619590,27.85
08/04/2013,200010,2578139000,12.9(3.20 %),290500,3716714000,90490,1138575000,43419580,27.95
09/04/2013,-301030,-3840125000,12.7(-1.55 %),1800,22860000,302830,3862985000,43720610,27.8
10/04/2013,-161060,-1946216000,12(-5.51 %),35300,439834000,196360,2386050000,43881670,27.72
11/04/2013,-130820,-1603498000,12.2(1.67 %),312720,3801184000,443540,5404682000,44012490,27.66
12/04/2013,-1821590,-22169249000,13(6.56 %),57010,695522000,1878600,22864771000,45834080,26.78
15/04/2013,419060,5390073000,12.7(-2.31 %),419060,5390073000,0,0,45415020,26.98
16/04/2013,-35440,-421835000,12.8(0.79 %),132480,1682972000,167920,2104807000,45450460,26.96
17/04/2013,3670,46838000,12.6(-1.56 %),3670,46838000,0,0,45446790,26.96
18/04/2013,-72770,-909402000,12.6(0.00 %),130100,1634260000,202870,2543662000,45519560,26.93
22/04/2013,43510,548701000,12.6(0.00 %),43510,548701000,0,0,45476050,26.95
23/04/2013,-56580,-714296000,12.6(0.00 %),19000,239400000,75580,953696000,45532630,26.92
24/04/2013,128940,1608346000,12.5(-0.79 %),180000,2246596000,51060,638250000,45403690,26.99
25/04/2013,179000,2239742000,12.6(0.80 %),179000,2239742000,0,0,45224690,27.07
26/04/2013,83200,1038273000,12.4(-1.59 %),83200,1038273000,0,0,45141490,27.11
02/05/2013,-35600,-441440000,12.3(-0.81 %),0,0,35600,441440000,45129070,27.12
03/05/2013,8400,104160000,12.5(1.63 %),10910,135284000,2510,31124000,45120670,27.12
06/05/2013,176710,2265622000,12.9(3.20 %),179220,2296997000,2510,31375000,44943960,27.21
07/05/2013,-136790,-1762091000,12.7(-1.55 %),30000,384000000,166790,2146091000,45080750,27.14
08/05/2013,106920,1352684000,12.7(0.00 %),106920,1352684000,0,0,44973830,27.19
09/05/2013,26000,340246000,12.7(0.00 %),190000,2427974000,164000,2087728000,44947830,27.21
10/05/2013,88140,1107211000,12.7(0.00 %),123470,1555869000,35330,448658000,44859690,27.25
13/05/2013,95000,1215500000,12.9(1.57 %),125000,1598500000,30000,383000000,44764690,27.29
14/05/2013,0,0,12.7(-1.55 %),0,0,0,0,44764690,27.29
15/05/2013,-21990,-281592000,12.9(1.57 %),100,1260000,22090,282852000,44786680,27.28
16/05/2013,-547630,-7419251000,13.5(4.65 %),0,0,547630,7419251000,45334310,27.02
17/05/2013,-212960,-2875860000,13.5(0.00 %),0,0,212960,2875860000,45547270,26.92
20/05/2013,-829910,-11207777000,13.5(0.00 %),71680,967747000,901590,12175524000,46377180,26.51
21/05/2013,-267430,-3665934000,14.4(6.67 %),338290,4812299000,605720,8478233000,46644610,26.38
22/05/2013,702090,10233567000,14.7(2.08 %),957290,13981167000,255200,3747600000,45942520,26.72
23/05/2013,-60000,-871000000,14.2(-3.40 %),0,0,60000,871000000,46002520,26.69
24/05/2013,-1075200,-15177249000,14(-1.41 %),2120,30102000,1077320,15207351000,47077720,26.17
27/05/2013,-1235120,-17716992000,14.3(2.14 %),1000,14200000,1236120,17731192000,48312840,25.57
28/05/2013,-1410300,-21094304000,15.3(6.99 %),3000,45900000,1413300,21140204000,49723140,24.89
29/05/2013,182720,2847002000,15.4(0.65 %),237010,3700455000,54290,853453000,49540420,24.98
30/05/2013,-101000,-1542400000,15.5(0.65 %),0,0,101000,1542400000,49641420,24.93
31/05/2013,274520,4167150000,15.1(-2.58 %),300800,4565478000,26280,398328000,49366900,25.06
03/06/2013,-4940,-74600000,14.8(-1.99 %),60,900000,5000,75500000,49271945,25.11
04/06/2013,-91940,-1326018000,14.4(-2.70 %),20000,294000000,111940,1620018000,49363885,25.06
05/06/2013,-13800,-196280000,14.5(0.69 %),1000,14400000,14800,210680000,49377685,25.06
06/06/2013,-76490,-1127767000,14.7(1.38 %),800,11680000,77290,1139447000,49454175,25.02
07/06/2013,1330,19285000,14.5(-1.36 %),1330,19285000,0,0,49452845,25.02
10/06/2013,-111940,-1627906000,14.5(0.00 %),0,0,111940,1627906000,49564785,24.97
11/06/2013,0,0,14.5(0.00 %),0,0,0,0,49564785,24.97
12/06/2013,-244890,-3510411000,14.3(-1.38 %),16280,235320000,261170,3745731000,49809675,24.85
13/06/2013,-596180,-8426459000,14.1(-1.40 %),0,0,596180,8426459000,50405855,24.56
14/06/2013,-211610,-2966508000,14(-0.71 %),0,0,211610,2966508000,50617465,24.46
17/06/2013,-63970,-849389000,13.2(-5.71 %),300,4110000,64270,853499000,50681435,24.43
18/06/2013,19400,254140000,13.3(0.76 %),20000,262000000,600,7860000,50662035,24.44
19/06/2013,59200,775360000,13.4(0.75 %),61000,799300000,1800,23940000,50602835,24.46
20/06/2013,-21000,-274867000,13.1(-2.24 %),0,0,21000,274867000,50623835,24.45
21/06/2013,-138020,-1795760000,13(-0.76 %),0,0,138020,1795760000,50761855,24.39
24/06/2013,-162860,-2084099000,12.7(-2.31 %),15900,203930000,178760,2288029000,50924715,24.31
25/06/2013,-75120,-903504000,12.2(-3.94 %),416830,4960377000,491950,5863881000,50999835,24.27
26/06/2013,-242290,-2919187000,12.3(0.82 %),157340,1901584000,399630,4820771000,51242125,24.15
27/06/2013,-52400,-662760000,12.8(4.07 %),7600,94240000,60000,757000000,51294525,24.13
28/06/2013,0,0,12.6(-1.56 %),0,0,0,0,51294525,24.13
01/07/2013,300,3720000,12.4(-1.59 %),300,3720000,0,0,51021165,24.26
02/07/2013,-3420,-42812000,12.8(3.23 %),0,0,3420,42812000,51024585,24.26
03/07/2013,-45070,-559875000,12.5(-2.34 %),30000,379500000,75070,939375000,51069655,24.24
04/07/2013,-55070,-688375000,12.5(0.00 %),15000,187500000,70070,875875000,51124725,24.21
05/07/2013,6600,85460000,12.8(2.40 %),16600,212460000,10000,127000000,51118125,24.21
08/07/2013,0,0,12.6(-1.56 %),0,0,0,0,51118125,24.21
09/07/2013,10500,132450000,12.7(0.79 %),20000,252000000,9500,119550000,51107625,24.22
10/07/2013,62200,795560000,12.8(0.79 %),131200,1678760000,69000,883200000,51045425,24.25
11/07/2013,81240,1046872000,13(1.56 %),91000,1171800000,9760,124928000,50964185,24.29
12/07/2013,-300,-4110000,13.7(5.38 %),0,0,300,4110000,50964485,24.29
15/07/2013,-11600,-160950000,13.7(0.00 %),4200,59220000,15800,220170000,50976085,24.28
16/07/2013,-265080,-3590480000,13.5(-1.46 %),0,0,265080,3590480000,51241165,24.15
17/07/2013,-172480,-2351728000,13.8(2.22 %),0,0,172480,2351728000,51413645,24.07
18/07/2013,-265350,-3615583000,13.6(-1.45 %),5770,78562000,271120,3694145000,51678995,23.94
19/07/2013,37700,535340000,14.2(4.41 %),38000,539600000,300,4260000,51641295,23.96
22/07/2013,151400,2115422000,14(-1.41 %),210700,2941652000,59300,826230000,51489895,24.03
23/07/2013,101120,1417433000,14.1(0.71 %),104200,1460380000,3080,42947000,51388775,24.08
24/07/2013,16450,232890000,13.7(-2.84 %),100300,1396700000,83850,1163810000,51372325,24.09
25/07/2013,170000,2303000000,13.5(-1.46 %),170000,2303000000,0,0,51202325,24.17
26/07/2013,-4000,-54400000,13.8(2.22 %),0,0,4000,54400000,51206325,24.17
29/07/2013,0,0,13.4(-2.90 %),0,0,0,0,51206325,24.17
30/07/2013,-15140,-202704000,13.6(1.49 %),1010,13736000,16150,216440000,51221465,24.16
31/07/2013,-2000,-27200000,13.6(0.00 %),0,0,2000,27200000,51223465,24.16
01/08/2013,-18900,-260810000,13.7(0.74 %),100,1390000,19000,262200000,51665050,23.95
02/08/2013,4400,60720000,13.7(0.00 %),4400,60720000,0,0,51660650,23.95
05/08/2013,0,0,13.4(-2.19 %),0,0,0,0,51660650,23.95
06/08/2013,-38050,-514135000,13.5(0.75 %),4800,65760000,42850,579895000,51698700,23.93
07/08/2013,102000,1391500000,13.7(1.48 %),102000,1391500000,0,0,51596700,23.98
08/08/2013,0,0,13.7(0.00 %),0,0,0,0,51596700,23.98
09/08/2013,-14700,-200260000,13.7(0.00 %),9710,132306000,24410,332566000,51611400,23.98
12/08/2013,5000,68000000,13.6(-0.73 %),5000,68000000,0,0,51606400,23.98
13/08/2013,-11000,-149600000,13.6(0.00 %),0,0,11000,149600000,51617400,23.97
14/08/2013,0,0,13.7(0.74 %),0,0,0,0,51617400,23.97
15/08/2013,-41070,-559745000,13.7(0.00 %),0,0,41070,559745000,51658470,23.95
16/08/2013,-98400,-1337304000,13.8(0.73 %),2340,32760000,100740,1370064000,51756870,23.9
19/08/2013,-88430,-1238016000,14(1.45 %),16800,235244000,105230,1473260000,51845300,23.86
20/08/2013,-77090,-1107822000,14.3(2.14 %),11250,157914000,88340,1265736000,51922390,23.82
21/08/2013,12140,171464000,14.2(-0.70 %),18200,257450000,6060,85986000,51910250,23.83
22/08/2013,-18520,-267959000,14.2(0.00 %),6230,88466000,24750,356425000,51928770,23.82
23/08/2013,-70420,-981840000,14(-1.41 %),400,5640000,70820,987480000,51999190,23.79
26/08/2013,-143420,-1983696000,14(0.00 %),7500,105000000,150920,2088696000,52142610,23.72
27/08/2013,-4000,-55200000,13.7(-2.14 %),0,0,4000,55200000,52146610,23.72
28/08/2013,-3210,-41181000,13.2(-3.65 %),133620,1777417000,136830,1818598000,52149820,23.71
29/08/2013,-68480,-874949000,12.8(-3.03 %),100300,1328880000,168780,2203829000,52218300,23.68
30/08/2013,100000,1298000000,13.1(2.34 %),100000,1298000000,0,0,52118300,23.73
03/09/2013,200500,2656610000,13.3(1.53 %),200500,2656610000,0,0,51649340,23.96
04/09/2013,3100,40610000,13.1(-1.50 %),3100,40610000,0,0,51646240,23.96
05/09/2013,-9890,-129547000,13.2(0.76 %),120,1584000,10010,131131000,51656130,23.95
06/09/2013,73040,976319000,13.4(1.52 %),75380,1007675000,2340,31356000,51583090,23.99
09/09/2013,-13060,-171232000,13.1(-2.24 %),0,0,13060,171232000,51596150,23.98
10/09/2013,-100,-1310000,13.2(0.76 %),0,0,100,1310000,51596250,23.98
11/09/2013,83130,1105629000,13.3(0.76 %),83130,1105629000,0,0,51513120,24.02
12/09/2013,99850,1334562000,13.4(0.75 %),105000,1403057000,5150,68495000,51413270,24.07
13/09/2013,1010,13583000,13.4(0.00 %),1500,20100000,490,6517000,51412260,24.07
16/09/2013,0,0,13.1(-2.24 %),0,0,0,0,51412260,24.07
17/09/2013,-1650,-21615000,13.1(0.00 %),0,0,1650,21615000,51413910,24.07
18/09/2013,10120,133584000,13.1(0.00 %),10120,133584000,0,0,51403790,24.08
19/09/2013,107950,1425440000,13.3(1.53 %),110000,1452700000,2050,27260000,51295840,24.13
20/09/2013,-189360,-2480163000,13.1(-1.50 %),466940,6134914000,656300,8615077000,51485200,24.04
23/09/2013,0,0,13.3(1.53 %),0,0,0,0,51485200,24.04
24/09/2013,-100,-1350000,13.4(0.75 %),0,0,100,1350000,51485300,24.04
25/09/2013,0,0,13.5(0.75 %),0,0,0,0,51485300,24.04
26/09/2013,-10050,-136675000,13.6(0.74 %),5000,68000000,15050,204675000,51495350,24.03
27/09/2013,0,0,13.6(0.00 %),0,0,0,0,51495350,24.03
30/09/2013,770,10472000,13.6(0.00 %),770,10472000,0,0,51494580,24.03
01/10/2013,-6300,-85680000,13.6(0.00 %),0,0,6300,85680000,51785145,23.89
02/10/2013,-169100,-2311898000,13.7(0.74 %),39130,536081000,208230,2847979000,51954245,23.81
03/10/2013,50930,693538000,13.6(-0.73 %),70030,951408000,19100,257870000,51903315,23.83
04/10/2013,15190,212064000,13.6(0.00 %),86190,1169565000,71000,957501000,51888125,23.84
07/10/2013,60010,812637000,13.6(0.00 %),60010,812637000,0,0,51828115,23.87
08/10/2013,55000,744000000,13.6(0.00 %),55000,744000000,0,0,51773115,23.9
09/10/2013,55720,761220000,13.9(2.21 %),55720,761220000,0,0,51717395,23.92
10/10/2013,48900,672600000,13.6(-2.16 %),48900,672600000,0,0,51668495,23.95
11/10/2013,43500,591600000,13.6(0.00 %),51000,693600000,7500,102000000,51624995,23.97
14/10/2013,-750,-10125000,13.5(-0.74 %),500,6750000,1250,16875000,51625745,23.97
15/10/2013,-6100,-82350000,13.6(0.74 %),0,0,6100,82350000,51631845,23.97
16/10/2013,4300,58450000,13.5(-0.74 %),4300,58450000,0,0,51627545,23.97
17/10/2013,-19900,-270640000,13.5(0.00 %),0,0,19900,270640000,51647445,23.96
18/10/2013,-85000,-1164500000,13.7(1.48 %),0,0,85000,1164500000,51732445,23.92
21/10/2013,-80400,-1101130000,13.7(0.00 %),0,0,80400,1101130000,51812845,23.88
22/10/2013,-254090,-3516410000,14.1(2.92 %),40010,561140000,294100,4077550000,52066935,23.75
23/10/2013,101280,1432276000,14.2(0.71 %),101280,1432276000,0,0,51965655,23.8
24/10/2013,-103740,-1467196000,14(-1.41 %),118150,1654100000,221890,3121296000,52069395,23.75
25/10/2013,-21670,-303813000,13.9(-0.71 %),38190,530841000,59860,834654000,52091065,23.74
28/10/2013,31700,439980000,13.9(0.00 %),45200,626280000,13500,186300000,52059365,23.76
29/10/2013,64190,885622000,14.2(2.16 %),65190,899622000,1000,14000000,51995175,23.79
30/10/2013,-20760,-293240000,14(-1.41 %),100000,1400000000,120760,1693240000,52015935,23.78
31/10/2013,-7030,-96922000,13.9(-0.71 %),100000,1390000000,107030,1486922000,52022965,23.78
01/11/2013,-4800,-67720000,13.9(0.00 %),30200,416780000,35000,484500000,51785325,23.89
04/11/2013,1000,13900000,13.8(-0.72 %),1000,13900000,0,0,51784325,23.89
05/11/2013,-4000,-55590000,14(1.45 %),0,0,4000,55590000,51788325,23.89
06/11/2013,142000,1988000000,14(0.00 %),180000,2520000000,38000,532000000,51646325,23.96
07/11/2013,-1260,-17640000,14(0.00 %),800,11200000,2060,28840000,51647585,23.96
08/11/2013,-36000,-504000000,14(0.00 %),0,0,36000,504000000,51683585,23.94
11/11/2013,35970,503403000,14.2(1.43 %),37150,519805000,1180,16402000,51647615,23.96
12/11/2013,-54130,-766106000,14.2(0.00 %),23800,333200000,77930,1099306000,51701745,23.93
13/11/2013,177380,2554636000,14.5(2.11 %),178180,2566156000,800,11520000,51524365,24.02
14/11/2013,3000,43000000,14.4(-0.69 %),3000,43000000,0,0,51521365,24.02
15/11/2013,13240,190230000,14.4(0.00 %),16490,237030000,3250,46800000,51508125,24.03
18/11/2013,220150,3229455000,14.6(1.39 %),225150,3302255000,5000,72800000,51287975,24.13
19/11/2013,20000,292000000,14.6(0.00 %),50000,730000000,30000,438000000,51267975,24.14
20/11/2013,184990,2695354000,14.6(0.00 %),184990,2695354000,0,0,51082985,24.23
21/11/2013,122070,1797220000,14.5(-0.68 %),192980,2832506000,70910,1035286000,50960915,24.29
22/11/2013,6030,87435000,14.8(2.07 %),6030,87435000,0,0,50954885,24.29
25/11/2013,6850,99875000,14.6(-1.35 %),7350,107175000,500,7300000,50948035,24.3
26/11/2013,0,0,14.6(0.00 %),0,0,0,0,50948035,24.3
27/11/2013,2500,36500000,14.7(0.68 %),2500,36500000,0,0,50945535,24.3
28/11/2013,-2690,-39393000,14.7(0.00 %),0,0,2690,39393000,50948225,24.3
29/11/2013,5500,80850000,14.7(0.00 %),5500,80850000,0,0,50942725,24.3
02/12/2013,13130,190385000,14.6(-0.68 %),13130,190385000,0,0,51190700,24.18
03/12/2013,120680,1738407000,14.5(2.11 %),121790,1754391000,1110,15984000,51070020,24.24
04/12/2013,-284800,-4083940000,14.3(-1.38 %),8000,115200000,292800,4199140000,51354820,24.1
05/12/2013,276650,3956095000,14.3(0.00 %),280000,4004000000,3350,47905000,51078170,24.23
06/12/2013,-1710,-24684000,14.5(1.40 %),0,0,1710,24684000,51079880,24.23
09/12/2013,355670,5160015000,14.6(0.69 %),355670,5160015000,0,0,50724210,24.41
10/12/2013,553050,8027215000,14.5(-0.68 %),557640,8093780000,4590,66565000,50171160,24.67
11/12/2013,893950,12878485000,14.3(-1.38 %),893950,12878485000,0,0,49277210,25.11
12/12/2013,191870,2743741000,14.4(0.70 %),201210,2877303000,9340,133562000,49085340,25.2
13/12/2013,272500,3956399000,14.8(2.78 %),272500,3956399000,0,0,48812840,25.33
16/12/2013,-130710,-1960630000,15(1.35 %),0,0,130710,1960630000,48943550,25.27
17/12/2013,160250,2416700000,15.3(2.00 %),200050,3020760000,39800,604060000,48783300,25.35
18/12/2013,196180,2977112000,15.2(-0.65 %),346340,5264528000,150160,2287416000,48587120,25.44
19/12/2013,168030,2568656000,15.3(0.66 %),220000,3355000000,51970,786344000,48419090,25.52
20/12/2013,-235360,-3509546000,15(-1.96 %),249230,3764604000,484590,7274150000,48654450,25.41
23/12/2013,163110,2462491000,15.1(0.67 %),385300,5817560000,222190,3355069000,48491340,25.49
24/12/2013,285200,4261440000,15(-0.66 %),290000,4333000000,4800,71560000,48206140,25.63
25/12/2013,323540,4816750000,14.9(-0.67 %),400000,5956004000,76460,1139254000,47882600,25.78
26/12/2013,252940,3749321000,14.9(0.00 %),400660,5950349000,147720,2201028000,47629660,25.91
27/12/2013,286920,4260916000,14.8(-0.67 %),286920,4260916000,0,0,47342740,26.04
30/12/2013,490000,7196500000,14.6(-1.35 %),490000,7196500000,0,0,46852740,26.28
31/12/2013,219200,3221303000,14.8(1.37 %),221800,3259783000,2600,38480000,46633540,26.39
02/01/2014,125590,1848614000,14.8(0.00 %),126770,1866196000,1180,17582000,46506860,26.45
03/01/2014,34260,503022000,14.8(0.00 %),104260,1532622000,70000,1029600000,46472600,26.47
06/01/2014,177520,2630144000,14.9(0.68 %),177520,2630144000,0,0,46295080,26.55
07/01/2014,157510,2350899000,14.9(0.00 %),160000,2388000000,2490,37101000,46137570,26.63
08/01/2014,-136540,-2020927000,14.8(-0.67 %),23800,351360000,160340,2372287000,46274110,26.56
09/01/2014,285700,4226377000,14.9(0.68 %),285700,4226377000,0,0,45988410,26.7
10/01/2014,-44520,-674164000,14.9(0.00 %),2300,34500000,46820,708664000,46032930,26.68
13/01/2014,0,0,14.9(0.00 %),0,0,0,0,46032930,26.68
14/01/2014,165700,2503840000,15.1(1.34 %),216000,3262900000,50300,759060000,45867230,26.76
15/01/2014,225290,3394079000,15(-0.66 %),225590,3398609000,300,4530000,45641940,26.87
16/01/2014,12880,172610000,15.5(3.33 %),50200,748020000,37320,575410000,45629060,26.88
17/01/2014,374450,5796383000,15.5(0.00 %),381950,5914233000,7500,117850000,45254610,27.06
20/01/2014,224250,3517925000,15.7(1.29 %),258180,4059665000,33930,541740000,45030360,27.17
21/01/2014,154940,2459572000,16.2(3.18 %),184940,2937172000,30000,477600000,44875420,27.24
22/01/2014,-49390,-787123000,16(-1.23 %),3050,49155000,52440,836278000,44924810,27.22
23/01/2014,142210,2286790000,16.5(3.12 %),143210,2302790000,1000,16000000,44782600,27.29
24/01/2014,5000,84000000,16.5(0.00 %),5000,84000000,0,0,44777600,27.29
27/01/2014,34250,569500000,16.7(1.21 %),34250,569500000,0,0,44743350,27.31
06/02/2014,-133520,-2203718000,16.6(-0.60 %),0,0,133520,2203718000,44746130,27.3
07/02/2014,-48320,-787648000,16.3(-1.81 %),0,0,48320,787648000,44794450,27.28
10/02/2014,-55000,-890500000,16.1(-1.23 %),30000,483000000,85000,1373500000,44849450,27.25
11/02/2014,27530,445739000,16(-0.62 %),30830,499529000,3300,53790000,44821920,27.27
12/02/2014,18880,306140000,16.2(1.25 %),40610,654820000,21730,348680000,44803040,27.28
13/02/2014,68730,1119490000,16.3(0.62 %),92730,1508290000,24000,388800000,44734310,27.31
14/02/2014,149500,2455800000,16.4(0.61 %),150000,2464000000,500,8200000,44584810,27.38
17/02/2014,-30740,-501185000,16.4(0.00 %),110200,1802731000,140940,2303916000,44615550,27.37
18/02/2014,104540,1702322000,16.4(0.00 %),111170,1810954000,6630,108632000,44511010,27.42
19/02/2014,-38360,-630568000,16.5(0.61 %),96000,1579466000,134360,2210034000,44549370,27.4
20/02/2014,496480,7925203000,15.9(-3.64 %),551000,8802751000,54520,877548000,44052890,27.64
21/02/2014,173280,2725516000,16(0.63 %),205100,3231100000,31820,505584000,43879610,27.72
24/02/2014,0,0,15.9(-0.62 %),0,0,0,0,43879610,27.72
25/02/2014,-16190,-258802000,16(0.63 %),0,0,16190,258802000,43895800,27.72
26/02/2014,2900,46590000,16(0.00 %),5000,80200000,2100,33610000,43892900,27.72
27/02/2014,-4000,-64400000,16(0.00 %),0,0,4000,64400000,43896900,27.72
28/02/2014,-12080,-193264000,15.9(-0.62 %),0,0,12080,193264000,43908980,27.71
03/03/2014,-44300,-709504000,15.5(-2.52 %),76300,1182650000,120600,1892154000,43949025,27.69
04/03/2014,-139710,-2129163000,15.3(-1.29 %),0,0,139710,2129163000,44088735,27.62
05/03/2014,-67920,-1043174000,15.4(0.65 %),0,0,67920,1043174000,44156655,27.59
06/03/2014,-61930,-952529000,15.5(0.65 %),0,0,61930,952529000,44218585,27.56
07/03/2014,-215100,-3374620000,15.7(1.29 %),0,0,215100,3374620000,44433685,27.46
10/03/2014,-68000,-1066331000,15.7(0.00 %),0,0,68000,1066331000,44501685,27.42
11/03/2014,154500,2432650000,15.9(1.27 %),157000,2471900000,2500,39250000,44347185,27.5
12/03/2014,79640,1265984000,15.8(-0.63 %),100000,1586000000,20360,320016000,44267545,27.54
13/03/2014,0,0,15.8(0.00 %),0,0,0,0,44267545,27.54
14/03/2014,0,0,15.6(-1.27 %),0,0,0,0,44267545,27.54
17/03/2014,-392390,-6098884000,16(2.56 %),0,0,392390,6098884000,44659935,27.35
18/03/2014,-100650,-1644600000,16.5(3.12 %),0,0,100650,1644600000,44760585,27.3
19/03/2014,0,0,16.5(0.00 %),0,0,0,0,44760585,27.3
20/03/2014,-9000,-147600000,16.6(0.61 %),0,0,9000,147600000,44769585,27.29
21/03/2014,534300,9082807000,17(2.41 %),653160,11108791000,118860,2025984000,44235285,27.55
24/03/2014,194280,3403946000,18(5.88 %),215300,3771700000,21020,367754000,44041005,27.65
25/03/2014,185970,3350768000,17.9(-0.56 %),251000,4525708000,65030,1174940000,43855035,27.74
26/03/2014,-14700,-253605000,17(-5.03 %),5550,98790000,20250,352395000,43869735,27.73
27/03/2014,4040,69286000,17.6(3.53 %),4040,69286000,0,0,43865695,27.73
28/03/2014,-106970,-1861074000,17.4(-1.14 %),220000,3858200000,326970,5719274000,43972665,27.68
31/03/2014,-190920,-3327344000,17.5(0.57 %),240000,4159000000,430920,7486344000,44163585,27.59
01/04/2014,-75040,-1309552000,17.1(-2.29 %),409840,7032748000,484880,8342300000,43134635,28.09
02/04/2014,163420,2765056000,17(-0.58 %),221250,3745125000,57830,980069000,42971215,28.16
03/04/2014,124880,2138743000,17.2(1.18 %),225000,3840783000,100120,1702040000,42846335,28.23
04/04/2014,160800,2743680000,17.1(-0.58 %),195800,3342180000,35000,598500000,42685535,28.3
07/04/2014,120200,2078920000,17.6(2.92 %),133200,2303220000,13000,224300000,42565335,28.36
08/04/2014,-429500,-7564700000,17.6(0.00 %),275500,4830800000,705000,12395500000,42994835,28.15
10/04/2014,53670,926083000,17.4(-1.14 %),144750,2530157000,91080,1604074000,42941165,28.18
11/04/2014,94120,1622856000,17.4(0.00 %),94120,1622856000,0,0,42847045,28.22
14/04/2014,5000,85500000,17(-2.30 %),5000,85500000,0,0,42842045,28.23
15/04/2014,61840,1042769000,16.5(-2.94 %),63570,1071833000,1730,29064000,42780205,28.26
16/04/2014,-15000,-240559000,16.6(0.61 %),0,0,15000,240559000,42795205,28.25
17/04/2014,-65200,-1078984000,16.6(0.00 %),200,3300000,65400,1082284000,42860405,28.22
18/04/2014,0,0,16.2(-2.41 %),0,0,0,0,42860405,28.22
21/04/2014,350,5565000,16.1(-0.62 %),350,5565000,0,0,42860055,28.22
22/04/2014,0,0,16.4(1.86 %),0,0,0,0,42860055,28.22
23/04/2014,-51380,-832171000,16.3(-0.61 %),1100,17737000,52480,849908000,42911435,28.19
24/04/2014,0,0,16.4(0.61 %),0,0,0,0,42911435,28.19
25/04/2014,29680,487920000,16.5(0.61 %),29680,487920000,0,0,42881755,28.21
28/04/2014,-13520,-222932000,16.5(0.00 %),11500,190900000,25020,413832000,42895275,28.2
29/04/2014,7350,121075000,16.5(0.00 %),7350,121075000,0,0,42887925,28.2
05/05/2014,0,0,16.3(-1.21 %),0,0,0,0,44105685,27.61
06/05/2014,-4010,-62155000,16.2(-0.61 %),0,0,4010,62155000,44109695,27.61
07/05/2014,-89000,-1417350000,16.2(0.00 %),0,0,89000,1417350000,44198695,27.57
08/05/2014,79710,1203621000,15.1(-6.79 %),100000,1510000000,20290,306379000,44118985,27.61
09/05/2014,-136850,-2030957000,15.1(0.00 %),59650,897250000,196500,2928207000,44255835,27.54
12/05/2014,444380,6306318000,14.1(-6.62 %),875000,12395028000,430620,6088710000,43811455,27.76
13/05/2014,1280000,17936912000,14.1(0.00 %),1330000,18642412000,50000,705500000,42531455,28.38
14/05/2014,651810,9370773000,14.6(3.55 %),652800,9385004000,990,14231000,41879645,28.69
15/05/2014,671810,9873468000,14.7(0.68 %),672310,9880918000,500,7450000,41207835,29.02
16/05/2014,201690,3007584000,15.2(3.40 %),203420,3032323000,1730,24739000,41006145,29.12
19/05/2014,85620,1290697000,14.8(-2.63 %),145620,2186511000,60000,895814000,40920525,29.16
20/05/2014,-78080,-1144445000,15(1.35 %),111010,1640948000,189090,2785393000,40998605,29.12
21/05/2014,118510,1807056000,15.4(2.67 %),161200,2449468000,42690,642412000,40880095,29.18
22/05/2014,237440,3621888000,15.3(-0.65 %),271580,4141030000,34140,519142000,40642655,29.29
23/05/2014,189140,2897545000,15.4(0.65 %),217000,3323803000,27860,426258000,40453515,29.39
26/05/2014,51460,784899000,15.4(0.00 %),111200,1697121000,59740,912222000,40402055,29.41
27/05/2014,167700,2633092000,15.7(1.95 %),246510,3840766000,78810,1207674000,40234355,29.49
28/05/2014,39980,641351000,16.2(3.18 %),358370,5767295000,318390,5125944000,40194375,29.51
29/05/2014,280760,4598957000,16.4(1.23 %),359570,5879901000,78810,1280944000,39913615,29.65
30/05/2014,93470,1533880000,16.6(1.22 %),322300,5302992000,228830,3769112000,39820145,29.69
02/06/2014,91240,1476136000,16.2(-2.41 %),91240,1476136000,0,0,39127895,30.03
03/06/2014,68640,1105526000,16.2(0.00 %),73820,1188924000,5180,83398000,39059255,30.06
04/06/2014,175940,2831446000,16.1(-0.62 %),175940,2831446000,0,0,38883315,30.15
05/06/2014,0,0,16(-0.62 %),0,0,0,0,38883315,30.15
06/06/2014,20650,328335000,16.2(1.25 %),20650,328335000,0,0,38862665,30.16
09/06/2014,-11640,-187180000,16.1(-0.62 %),0,0,11640,187180000,38874305,30.15
10/06/2014,-8030,-128232000,16(-0.62 %),0,0,8030,128232000,38882335,30.15
11/06/2014,182650,2981564000,16.5(3.12 %),182970,2986652000,320,5088000,38699685,30.24
12/06/2014,20740,338394000,16.4(-0.61 %),23470,382474000,2730,44080000,38678945,30.25
13/06/2014,110140,1799598000,16.4(0.00 %),110140,1799598000,0,0,38568805,30.3
16/06/2014,190350,3132708000,16.5(0.61 %),196170,3226574000,5820,93866000,38378455,30.39
17/06/2014,54000,891000000,16.6(0.61 %),59000,972500000,5000,81500000,38324455,30.42
18/06/2014,94900,1567850000,16.6(0.00 %),149900,2473850000,55000,906000000,38229555,30.46
19/06/2014,172880,2835769000,16.6(0.00 %),178140,2921523000,5260,85754000,38056675,30.55
20/06/2014,-93750,-1450426000,15.8(-4.82 %),302830,4863358000,396580,6313784000,38150425,30.5
23/06/2014,36000,574300000,15.9(0.63 %),39000,622300000,3000,48000000,38114425,30.52
24/06/2014,43600,700300000,16.1(1.26 %),47600,763500000,4000,63200000,38070825,30.54
25/06/2014,-361670,-5924023000,16.4(1.86 %),68330,1118762000,430000,7042785000,38432495,30.37
26/06/2014,-622440,-10123087000,16.2(-1.22 %),505000,8181000000,1127440,18304087000,39054935,30.06
27/06/2014,-93950,-1516565000,16.1(-0.62 %),523000,8424300000,616950,9940865000,39148885,30.02
30/06/2014,-667930,-10528929000,15.6(-3.11 %),0,0,667930,10528929000,39816815,29.69
01/07/2014,-220440,-3407133000,15.5(-0.64 %),8000,124800000,228440,3531933000,38889805,30.14
02/07/2014,-1759790,-26894028000,15.5(0.00 %),0,0,1759790,26894028000,40649595,29.29
03/07/2014,-871720,-13614886000,15.6(0.65 %),100000,1560000000,971720,15174886000,41521315,28.87
04/07/2014,-470000,-7295393000,15.6(0.00 %),160000,2490525000,630000,9785918000,41991315,28.64
07/07/2014,-157220,-2449427000,15.6(0.00 %),4750,74100000,161970,2523527000,42148535,28.56
08/07/2014,-55000,-850950000,15.5(-0.64 %),25000,385000000,80000,1235950000,42203535,28.54
09/07/2014,-205840,-3252272000,16(3.23 %),0,0,205840,3252272000,42409375,28.44
10/07/2014,51000,810200000,15.6(-2.50 %),151000,2380200000,100000,1570000000,43735075,27.79
11/07/2014,-120120,-1861372000,15.6(0.00 %),12000,187200000,132120,2048572000,43734045,0.0
14/07/2014,-100300,-1550680000,15.6(0.00 %),0,0,100300,1550680000,43834345,27.75
15/07/2014,-77380,-1207128000,15.5(-0.64 %),42700,666120000,120080,1873248000,43911725,27.71
16/07/2014,-241630,-3767728000,15.5(0.00 %),4000,62600000,245630,3830328000,44073185,0.0
17/07/2014,-100300,-1545620000,15.4(-0.65 %),0,0,100300,1545620000,44173485,27.58
18/07/2014,-402070,-6184863000,15.3(-0.65 %),12600,194040000,414670,6378903000,44305605,27.52
21/07/2014,-126300,-1932240000,15.2(-0.65 %),2600,40040000,128900,1972280000,44410485,0.0
22/07/2014,-471910,-7108909000,15.1(-0.66 %),0,0,471910,7108909000,44656115,0.0
23/07/2014,-141520,-2142470000,15.1(0.00 %),5400,82080000,146920,2224550000,44751015,0.0
24/07/2014,-26220,-395922000,15(-0.66 %),0,0,26220,395922000,45165685,0.0
25/07/2014,5740,86204000,14.8(-1.33 %),24700,372500000,18960,286296000,45269885,0.0
28/07/2014,6220,91568000,14.3(-3.38 %),10000,146000000,3780,54432000,45738845,0.0
29/07/2014,0,0,14.6(2.10 %),0,0,0,0,45878715,0.0
30/07/2014,-63030,-908938000,14.3(-2.05 %),0,0,63030,908938000,45904935,0.0
31/07/2014,-26640,-386290000,14.6(2.10 %),8080,117150000,34720,503440000,45915815,0.0
01/08/2014,0,0,14.6(0.00 %),0,0,0,0,45919595,0.0
04/08/2014,5350,78075000,14.6(0.00 %),5350,78075000,0,0,45914245,0.0
05/08/2014,-142860,-2101426000,14.8(1.37 %),70490,1035154000,213350,3136580000,45906785,0.0
06/08/2014,-119190,-1754970000,14.7(-0.68 %),268120,3957949000,387310,5712919000,45941505,26.72
07/08/2014,-705970,-10322252000,14.8(0.68 %),208240,3040109000,914210,13362361000,46647475,26.38
08/08/2014,-319580,-4691043000,14.6(-1.35 %),0,0,319580,4691043000,45465145,0.0
11/08/2014,-191100,-2782466000,14.5(-0.68 %),0,0,191100,2782466000,45678495,0.0
12/08/2014,-141130,-2035885000,14.4(-0.69 %),0,0,141130,2035885000,46065805,0.0
13/08/2014,-455510,-6568895000,14.5(0.69 %),0,0,455510,6568895000,46980015,0.0
14/08/2014,-400450,-5979340000,15(3.45 %),0,0,400450,5979340000,47299595,26.07
15/08/2014,-215540,-3191802000,14.7(-2.00 %),300,4470000,215840,3196272000,47490695,25.97
18/08/2014,-200000,-2940000000,14.6(-0.68 %),0,0,200000,2940000000,47631525,0.0
19/08/2014,-240,-3480000,14.6(0.00 %),0,0,240,3480000,48087035,0.0
20/08/2014,-129000,-1882030000,14.6(0.00 %),1300,18920000,130300,1900950000,48486185,0.0
21/08/2014,-275000,-4017625000,14.6(0.00 %),0,0,275000,4017625000,48702025,0.0
22/08/2014,-463240,-6786524000,14.7(0.68 %),0,0,463240,6786524000,48902025,25.29
25/08/2014,-99000,-1455300000,14.7(0.00 %),1000,14700000,100000,1470000000,48902265,25.29
26/08/2014,-5160,-75336000,14.6(-0.68 %),0,0,5160,75336000,49031565,25.23
27/08/2014,-16100,-234560000,14.5(-0.68 %),0,0,16100,234560000,49306565,25.09
28/08/2014,8000,123206000,14.8(2.07 %),403000,5946400000,395000,5823194000,49769805,24.87
29/08/2014,277780,4107105000,14.8(0.00 %),405000,5989961000,127220,1882856000,49061805,0.0
03/09/2014,686890,10573039000,15.6(5.41 %),981710,15062767000,294820,4489728000,49066965,25.21
04/09/2014,8480,130736000,15.2(-2.56 %),10200,156880000,1720,26144000,48091155,0.0
05/09/2014,-77300,-1174880000,15.2(0.00 %),800,12240000,78100,1187120000,48485355,0.0
08/09/2014,-202680,-3034560000,14.8(-2.63 %),13310,200290000,215990,3234850000,48612575,25.43
09/09/2014,498640,7373300000,14.6(-1.35 %),500800,7405500000,2160,32200000,48894085,25.29
10/09/2014,4000,58000000,14.8(1.37 %),4000,58000000,0,0,48391005,0.0
11/09/2014,136260,2005971000,14.7(-0.68 %),171290,2521062000,35030,515091000,48297815,0.0
12/09/2014,211000,3086000000,14.8(0.68 %),211000,3086000000,0,0,48302805,0.0
15/09/2014,408000,6087200000,14.9(0.68 %),408000,6087200000,0,0,48304965,25.58
16/09/2014,-21640,-321380000,14.8(-0.67 %),113000,1665900000,134640,1987280000,47783965,0.0
17/09/2014,-14850,-221265000,14.7(-0.68 %),0,0,14850,221265000,47818995,0.0
18/09/2014,196500,2888537000,14.6(-0.68 %),200000,2939987000,3500,51450000,47618995,0.0
19/09/2014,-537460,-7671455000,14.3(-2.05 %),305000,4432700000,842460,12104155000,47313995,0.0
22/09/2014,107440,1557052000,14.5(1.40 %),195710,2827295000,88270,1270243000,47252925,0.0
23/09/2014,339890,4972060000,14.7(1.38 %),345250,5050680000,5360,78620000,46922525,0.0
24/09/2014,-7220,-108353000,14.7(0.00 %),546750,8006006000,553970,8114359000,46929745,26.25
25/09/2014,-181850,-2642688000,14.6(-0.68 %),274920,4024132000,456770,6666820000,47111595,26.16
26/09/2014,61500,901063000,14.6(0.00 %),61500,901063000,0,0,47050095,26.19
29/09/2014,24000,349184000,14.4(-1.37 %),144000,2083600000,120000,1734416000,46834945,0.0
30/09/2014,95000,1380800000,14.6(1.39 %),95000,1380800000,0,0,47293915,0.0
01/10/2014,79500,1163150000,14.7(0.68 %),122000,1787400000,42500,624250000,47628685,0.0
02/10/2014,-263000,-3839850000,14.6(-0.68 %),138000,2014850000,401000,5854700000,47490685,0.0
03/10/2014,0,0,14.7(0.68 %),0,0,0,0,47610685,0.0
06/10/2014,-124250,-1814050000,14.7(0.00 %),5750,83950000,130000,1898000000,47604935,0.0
07/10/2014,-140000,-2044000000,14.6(-0.68 %),0,0,140000,2044000000,47647435,0.0
08/10/2014,-588160,-8528827000,14.5(-0.68 %),0,0,588160,8528827000,48048435,0.0
09/10/2014,1000,14600000,14.6(0.69 %),1000,14600000,0,0,48047435,0.0
10/10/2014,0,0,14.5(-0.68 %),0,0,0,0,48177435,0.0
13/10/2014,-25020,-360038000,14.5(0.00 %),0,0,25020,360038000,48202455,25.63
14/10/2014,46300,665600000,14.3(-1.38 %),47800,687350000,1500,21750000,48156155,25.65
15/10/2014,0,0,14.2(-0.70 %),0,0,0,0,48156155,25.65
16/10/2014,0,0,13.8(-2.82 %),0,0,0,0,48156155,25.65
17/10/2014,-257310,-3548989000,13.8(0.00 %),220000,3022200000,477310,6571189000,48413465,25.53
20/10/2014,24500,342219000,14(1.45 %),113810,1592559000,89310,1250340000,48388965,25.54
21/10/2014,-135390,-1919127000,14.2(1.43 %),15970,225177000,151360,2144304000,48524355,25.47
22/10/2014,-238430,-3444262000,14.4(1.41 %),0,0,238430,3444262000,48762785,25.36
23/10/2014,230560,3317022000,14.3(-0.69 %),455110,6542955000,224550,3225933000,48532225,25.47
24/10/2014,137990,1975342000,14.3(0.00 %),163590,2341837000,25600,366495000,48394235,25.54
27/10/2014,817220,11696024000,14.2(-0.70 %),817220,11696024000,0,0,47577015,25.93
29/10/2014,290850,4185548000,14.5(1.40 %),290850,4185548000,0,0,47286165,26.07
30/10/2014,440500,6339518000,14.3(-1.38 %),460400,6628068000,19900,288550000,46845665,26.29
31/10/2014,323980,4673172000,14.5(1.40 %),323980,4673172000,0,0,46521685,26.44
03/11/2014,72400,1050700000,14.5(0.00 %),82400,1195700000,10000,145000000,46996785,26.21
04/11/2014,565000,8122000000,14.3(-1.38 %),590000,8482000000,25000,360000000,46431785,26.49
05/11/2014,395770,5693881000,14.5(1.40 %),395920,5696041000,150,2160000,46036015,26.68
06/11/2014,238930,3452292000,14.5(0.00 %),241930,3495792000,3000,43500000,45797085,26.79
07/11/2014,196070,2853239000,14.8(2.07 %),1046070,15093239000,850000,12240000000,45601015,26.89
10/11/2014,-3860,-50876000,14.5(-2.03 %),96140,1401924000,100000,1452800000,45604875,26.89
11/11/2014,-18100,-262446000,14.5(0.00 %),1340,19434000,19440,281880000,45622975,26.88
12/11/2014,0,0,14.6(0.69 %),0,0,0,0,45622975,26.88
13/11/2014,0,0,14.6(0.00 %),0,0,0,0,45622975,26.88
14/11/2014,-144980,-2101533000,14.5(-0.68 %),5020,73510000,150000,2175043000,45767955,26.81
17/11/2014,38880,554710000,14.4(-0.69 %),201240,2897856000,162360,2343146000,45729075,26.83
18/11/2014,-105300,-1508090000,14.4(0.00 %),59700,853710000,165000,2361800000,45834375,26.78
19/11/2014,133400,1927960000,14.5(0.69 %),133400,1927960000,0,0,45700975,26.84
20/11/2014,-100380,-1463690000,14.6(0.69 %),79620,1165210000,180000,2628900000,45323895,0.0
21/11/2014,-51000,-744300000,14.4(-1.37 %),0,0,51000,744300000,45486255,0.0
24/11/2014,205770,2974060000,14.4(0.00 %),310770,4492560000,105000,1518500000,45340485,0.0
25/11/2014,58300,836770000,14.4(0.00 %),141890,2034320000,83590,1197550000,45198595,0.0
26/11/2014,4540,81250000,14.2(-1.39 %),216050,3102850000,211510,3021600000,45162545,0.0
27/11/2014,-304370,-4276060000,14.1(-0.70 %),120000,1694400000,424370,5970460000,45093545,0.0
28/11/2014,-92650,-1305670000,14.1(0.00 %),178040,2505460000,270690,3811130000,45020505,0.0
01/12/2014,79820,1131780000,14.3(1.42 %),145820,2069280000,66000,937500000,44958275,0.0
02/12/2014,21140,300490000,14.3(0.00 %),105950,1506800000,84810,1206310000,45063835,0.0
03/12/2014,-69460,-978350000,14(-2.10 %),0,0,69460,978350000,45488205,0.0
04/12/2014,-66720,-933910000,14(0.00 %),0,0,66720,933910000,45758895,0.0
05/12/2014,-228430,-3175760000,14(0.00 %),0,0,228430,3175760000,45824895,0.0
08/12/2014,0,0,13.8(-1.43 %),0,0,0,0,45909705,0.0
09/12/2014,149920,2054390000,13.6(-1.45 %),149920,2054390000,0,0,45829245,0.0
10/12/2014,131780,1789140000,13.6(0.00 %),177780,2415080000,46000,625940000,45718185,0.0
11/12/2014,0,0,13.6(0.00 %),0,0,0,0,45946615,0.0
12/12/2014,200000,2765908000,14(2.94 %),200000,2765908000,0,0,45746615,26.82
15/12/2014,199690,2794090000,14(0.00 %),199690,2794090000,0,0,45546925,0.0
16/12/2014,141180,1963060000,13.8(-1.43 %),342460,4752550000,201280,2789490000,45250465,0.0
17/12/2014,118630,1608310000,13.6(-1.45 %),189700,2583070000,71070,974760000,45060765,0.0
18/12/2014,-71320,-974600000,13.6(0.00 %),207500,2822000000,278820,3796600000,45053265,0.0
19/12/2014,-3654740,-46880510000,12.7(-6.62 %),1331100,16915860000,4985840,63796370000,43722165,0.0
22/12/2014,7700,92630000,13.2(3.94 %),51700,669330000,44000,576700000,43714465,27.8
23/12/2014,85340,1153550000,13.5(2.27 %),851420,11467670000,766080,10314120000,43791395,0.0
24/12/2014,-55610,-771120000,13.6(0.74 %),412880,5612600000,468490,6383720000,43677335,0.0
25/12/2014,-186620,-2506890000,13.4(-1.47 %),2200,29700000,188820,2536590000,48660975,0.0
26/12/2014,-69800,-929160000,13.4(0.00 %),200,2660000,70000,931820000,48730775,25.37
29/12/2014,-35000,-469000000,13.3(-0.75 %),5000,67000000,40000,536000000,48765775,25.35
30/12/2014,-71000,-951400000,13.4(0.75 %),0,0,71000,951400000,48836775,25.32
31/12/2014,0,0,13.5(0.75 %),0,0,0,0,48836775,25.32
05/01/2015,-39970,-543589000,13.6(0.74 %),1000,13700000,40970,557289000,49272165,25.11
06/01/2015,0,0,13.7(0.74 %),0,0,0,0,49272165,25.11
07/01/2015,-15070,-206452000,13.7(0.00 %),0,0,15070,206452000,49287235,25.1
08/01/2015,-93000,-1261000000,13.5(-1.46 %),0,0,93000,1261000000,49380235,25.06
09/01/2015,-76110,-1034516000,13.6(0.74 %),0,0,76110,1034516000,49456345,25.02
12/01/2015,-24030,-326355000,13.5(-0.74 %),0,0,24030,326355000,49480375,25.01
13/01/2015,-33470,-451845000,13.6(0.74 %),0,0,33470,451845000,49513845,24.99
14/01/2015,50040,693433000,14(2.94 %),51000,706585000,960,13152000,49463805,25.02
15/01/2015,5400,75600000,14(0.00 %),5700,79800000,300,4200000,49458405,25.02
16/01/2015,-25150,-355100000,14(0.00 %),100000,1404000000,125150,1759100000,49483555,25.01
19/01/2015,49850,697900000,14(0.00 %),50000,700000000,150,2100000,49433705,25.03
20/01/2015,-12750,-179625000,14.1(0.71 %),0,0,12750,179625000,49446455,25.02
21/01/2015,0,0,14(-0.71 %),0,0,0,0,49446455,25.02
22/01/2015,1650,23430000,14.2(1.43 %),1650,23430000,0,0,49444805,25.03
23/01/2015,-115000,-1630500000,14.2(0.00 %),10000,142000000,125000,1772500000,49559805,24.97
26/01/2015,-4500,-63450000,14.5(2.11 %),0,0,4500,63450000,49564305,24.97
27/01/2015,-18360,-267160000,14.4(-0.69 %),14900,216010000,33260,483170000,49582665,24.96
28/01/2015,-9570,-135932000,14.6(1.39 %),27750,409925000,37320,545857000,49592235,24.95
29/01/2015,-2000,-29200000,14.5(-0.68 %),200,2920000,2200,32120000,49594235,24.95
30/01/2015,-3000,-43500000,14.4(-0.69 %),0,0,3000,43500000,49597235,24.95
02/02/2015,0,0,14.4(0.00 %),0,0,0,0,49706690,24.9
03/02/2015,0,0,14.2(-1.39 %),0,0,0,0,49706690,24.9
04/02/2015,-197950,-2824713000,14.3(0.70 %),2500,35750000,200450,2860463000,49904640,24.8
05/02/2015,-399500,-5094516000,13(1.56 %),500,6400000,400000,5100916000,50304140,24.61
06/02/2015,-203430,-2571410000,12.5(-3.85 %),0,0,203430,2571410000,50507570,24.51
09/02/2015,57810,721084000,12.5(0.00 %),63710,794244000,5900,73160000,50449760,24.54
10/02/2015,94720,1190330000,12.6(0.80 %),104720,1315330000,10000,125000000,50355040,24.58
11/02/2015,105850,1354142000,12.9(2.38 %),267400,3424457000,161550,2070315000,50249190,24.64
12/02/2015,44060,566268000,12.9(0.00 %),44060,566268000,0,0,50205130,24.66
13/02/2015,49220,636438000,13(0.78 %),49220,636438000,0,0,50155910,24.68
24/02/2015,-23220,-308533000,13.4(3.08 %),0,0,23220,308533000,50179130,24.67
25/02/2015,367330,4949478000,13.3(-0.75 %),367330,4949478000,0,0,49811800,24.85
26/02/2015,234000,3171946000,13.8(3.76 %),234000,3171946000,0,0,49577800,24.96
27/02/2015,25310,342947000,13.7(-0.72 %),25640,347468000,330,4521000,49552490,24.97
02/03/2015,8100,109370000,13.6(-0.73 %),8100,109370000,0,0,49586580,24.96
03/03/2015,280100,3807360000,13.7(0.74 %),284330,3865188000,4230,57828000,49306480,25.09
04/03/2015,-8350,-113731000,13.6(-0.73 %),0,0,8350,113731000,49314830,25.09
05/03/2015,-10700,-145520000,13.5(-0.74 %),700,9520000,11400,155040000,49325530,25.08
06/03/2015,0,0,13.8(2.22 %),0,0,0,0,49325530,25.08
09/03/2015,6100,83170000,13.5(-2.17 %),6100,83170000,0,0,49319430,25.09
10/03/2015,0,0,13.6(0.74 %),0,0,0,0,49319430,25.09
11/03/2015,-12180,-164423000,13.5(-0.74 %),1300,17420000,13480,181843000,49331610,25.08
12/03/2015,177240,2393040000,13.5(0.00 %),177240,2393040000,0,0,49154370,25.17
13/03/2015,71170,960795000,13.6(0.74 %),131210,1771335000,60040,810540000,49083200,25.2
16/03/2015,93260,1263979000,13.6(0.00 %),95280,1291280000,2020,27301000,48989940,25.25
17/03/2015,528010,7192271000,13.5(-0.74 %),532930,7258691000,4920,66420000,48461930,25.5
18/03/2015,245860,3340505000,13.6(0.74 %),245860,3340505000,0,0,48216070,25.62
19/03/2015,-5140,-69390000,13.5(-0.74 %),0,0,5140,69390000,48221210,25.62
20/03/2015,0,0,13.5(0.00 %),0,0,0,0,48221210,25.62
23/03/2015,-4000,-53600000,13.4(-0.74 %),0,0,4000,53600000,48225210,25.62
24/03/2015,-13860,-183088000,13.3(-0.75 %),0,0,13860,183088000,48239070,25.61
25/03/2015,-13860,-183088000,13.3(0.00 %),0,0,13860,183088000,48252930,25.6
26/03/2015,0,0,13.3(0.00 %),0,0,0,0,48252930,25.6
27/03/2015,85870,1133984000,13.2(-0.75 %),85870,1133984000,0,0,48167060,25.65
30/03/2015,74130,975281000,13.2(0.00 %),74130,975281000,0,0,48092930,25.68
31/03/2015,227210,2997420000,13.3(0.76 %),230690,3043108000,3480,45688000,47865720,25.79
01/04/2015,109310,1440402000,13.2(-0.75 %),109310,1440402000,0,0,47739300,25.85
02/04/2015,136430,1792423000,13.3(0.76 %),136430,1792423000,0,0,47602870,25.92
03/04/2015,162930,2184122000,13.5(1.50 %),163030,2185462000,100,1340000,47439940,26.0
06/04/2015,200740,2710521000,13.5(0.00 %),200740,2710521000,0,0,47239200,26.1
07/04/2015,137370,1856705000,13.6(0.74 %),152500,2060960000,15130,204255000,47101830,26.16
08/04/2015,116150,1578140000,13.6(0.00 %),120000,1630500000,3850,52360000,46985680,26.22
09/04/2015,122510,1666636000,13.7(0.74 %),122510,1666636000,0,0,46863170,26.28
10/04/2015,104090,1425173000,13.7(0.00 %),105490,1444213000,1400,19040000,46759080,26.33
13/04/2015,132010,1800910000,13.7(0.00 %),134470,1834366000,2460,33456000,46627070,26.39
14/04/2015,144730,1968328000,13.6(-0.73 %),144730,1968328000,0,0,46482340,26.46
15/04/2015,30240,408740000,13.5(-0.74 %),30240,408740000,0,0,46452100,26.48
16/04/2015,98540,1330390000,13.5(0.00 %),101000,1363600000,2460,33210000,46353560,26.52
17/04/2015,94760,1274760000,13.5(0.00 %),94760,1274760000,0,0,46258800,26.57
20/04/2015,4600,61180000,13.2(-2.22 %),5000,66500000,400,5320000,46254200,26.57
21/04/2015,8470,110957000,13.2(0.00 %),8470,110957000,0,0,46245730,26.58
22/04/2015,16550,218360000,13.3(0.76 %),36000,475100000,19450,256740000,46229180,26.58
23/04/2015,66150,882359000,13.5(1.50 %),66240,883556000,90,1197000,46163030,26.62
24/04/2015,69070,928538000,13.4(-0.74 %),69070,928538000,0,0,46093960,26.65
27/04/2015,120850,1629670000,13.5(0.75 %),120850,1629670000,0,0,45973110,26.71
04/05/2015,320360,4461030000,14(3.70 %),320360,4461030000,0,0,45656140,26.86
05/05/2015,-750,-10425000,13.9(-0.71 %),0,0,750,10425000,45656890,26.86
06/05/2015,0,0,13.5(-2.88 %),0,0,0,0,45656890,26.86
07/05/2015,110000,1509000000,13.8(2.22 %),110000,1509000000,0,0,45546890,26.92
08/05/2015,-510,-6987000,13.8(0.00 %),5000,68500000,5510,75487000,45547400,26.92
11/05/2015,300,4110000,13.7(-0.72 %),300,4110000,0,0,45547100,26.92
12/05/2015,630,8568000,13.5(-1.46 %),630,8568000,0,0,45546470,26.92
13/05/2015,0,0,13.5(0.00 %),0,0,0,0,45546470,26.92
14/05/2015,194840,2661071000,13.7(1.48 %),209040,2853091000,14200,192020000,45351630,27.01
15/05/2015,171810,2350017000,13.7(0.00 %),193760,2650732000,21950,300715000,45179820,27.09
18/05/2015,99200,1344077000,13.6(-0.73 %),99200,1344077000,0,0,45080620,27.14
19/05/2015,0,0,13.5(-0.74 %),0,0,0,0,45080620,27.14
20/05/2015,142270,1946645000,13.8(2.22 %),142270,1946645000,0,0,44938350,27.21
21/05/2015,57730,790128000,13.7(-0.72 %),157730,2150128000,100000,1360000000,44880620,27.24
22/05/2015,76110,1042707000,13.8(0.73 %),76110,1042707000,0,0,44804510,27.28
25/05/2015,149830,2050688000,13.7(-0.72 %),149830,2050688000,0,0,44654680,27.35
26/05/2015,117700,1649918000,14.3(4.38 %),117700,1649918000,0,0,44536980,27.41
27/05/2015,1060,15886000,14.2(-0.70 %),101360,1428176000,100300,1412290000,44535920,27.41
28/05/2015,-2580,-35919000,14.2(0.00 %),43110,607851000,45690,643770000,44538500,27.4
29/05/2015,16890,237649000,14.1(-0.70 %),16890,237649000,0,0,44521610,27.41
01/06/2015,-2090,-29260000,14.3(1.42 %),0,0,2090,29260000,44375710,27.48
02/06/2015,-148920,-2123054000,14(-2.10 %),0,0,148920,2123054000,44524630,27.41
03/06/2015,-54650,-763326000,13.9(-0.71 %),0,0,54650,763326000,44579280,27.38
04/06/2015,37500,525030000,14.1(1.44 %),185800,2610730000,148300,2085700000,44541780,27.4
05/06/2015,34230,482643000,14.2(0.71 %),34230,482643000,0,0,44507550,27.42
08/06/2015,-50750,-720725000,14.1(-0.70 %),0,0,50750,720725000,44558300,27.4
09/06/2015,5330,75447000,14.1(0.00 %),170270,2394807000,164940,2319360000,44552970,27.4
10/06/2015,24400,343638000,14.1(0.00 %),110000,1548038000,85600,1204400000,44528570,27.41
11/06/2015,-23910,-335446000,14(-0.71 %),0,0,23910,335446000,44552480,27.4
12/06/2015,-41120,-575680000,13.9(-0.71 %),0,0,41120,575680000,44593600,27.38
15/06/2015,18200,254300000,13.9(0.00 %),18200,254300000,0,0,44575400,27.39
16/06/2015,-24130,-335907000,13.8(-0.72 %),11000,152400000,35130,488307000,44599530,27.38
17/06/2015,-151600,-2066864000,13.7(-0.72 %),25000,342500000,176600,2409364000,44751130,27.3
18/06/2015,-65000,-890343000,13.8(0.73 %),25000,345657000,90000,1236000000,44816130,27.27
19/06/2015,11900,163020000,13.8(0.00 %),51500,706500000,39600,543480000,44804230,27.28
22/06/2015,-48520,-681282000,13.9(0.72 %),50010,695138000,98530,1376420000,44852750,27.25
23/06/2015,-47250,-656775000,13.9(0.00 %),60000,834000000,107250,1490775000,44900000,27.23
24/06/2015,-91570,-1259823000,13.8(-0.72 %),15400,214060000,106970,1473883000,44991570,27.18
25/06/2015,-436910,-5932005000,13.5(-2.17 %),5000,67900000,441910,5999905000,45428480,26.97
26/06/2015,-91280,-1242346000,13.5(0.00 %),0,0,91280,1242346000,45519760,26.93
29/06/2015,2020,27270000,13.6(0.74 %),2020,27270000,0,0,45517740,26.93
30/06/2015,-2480,-33480000,13.4(-1.47 %),0,0,2480,33480000,45520220,26.93
01/07/2015,0,0,13.4(0.00 %),0,0,0,0,45574540,26.9
02/07/2015,-55000,-736500000,13.5(0.75 %),45000,607500000,100000,1344000000,45629540,26.88
03/07/2015,68380,936806000,13.8(2.22 %),70030,959411000,1650,22605000,45561160,26.91
06/07/2015,81050,1112382000,13.8(0.00 %),81050,1112382000,0,0,45480110,26.95
07/07/2015,86100,1187447000,13.8(0.00 %),91920,1267481000,5820,80034000,45394010,26.99
08/07/2015,143970,1977389000,13.7(-0.72 %),143970,1977389000,0,0,45250040,27.06
09/07/2015,-187850,-2529838000,13.8(0.73 %),82150,1119325000,270000,3649163000,45437890,26.97
10/07/2015,630,8568000,13.6(-1.45 %),630,8568000,0,0,45437260,26.97
13/07/2015,0,0,13.6(0.00 %),0,0,0,0,45437260,26.97
14/07/2015,10600,145160000,13.7(0.74 %),11600,158760000,1000,13600000,45426660,26.97
15/07/2015,-2100,-28770000,13.7(0.00 %),0,0,2100,28770000,45428760,26.97
16/07/2015,-2770,-37395000,13.8(0.73 %),0,0,2770,37395000,45431530,26.97
17/07/2015,0,0,13.7(-0.72 %),0,0,0,0,45431530,26.97
20/07/2015,300,4110000,13.8(0.73 %),300,4110000,0,0,45431230,26.97
21/07/2015,42180,584074000,13.8(0.00 %),165080,2270804000,122900,1686730000,45389050,26.99
22/07/2015,20330,277336000,13.8(0.00 %),112850,1548060000,92520,1270724000,45368720,27.0
23/07/2015,63650,877370000,13.8(0.00 %),213650,2947370000,150000,2070000000,45305070,27.03
24/07/2015,-10000,-133831000,13.9(0.72 %),120000,1658600000,130000,1792431000,45315070,27.03
27/07/2015,84770,1178303000,13.9(0.00 %),178020,2474478000,93250,1296175000,45230300,27.07
28/07/2015,3170,44063000,13.9(0.00 %),130000,1807000000,126830,1762937000,45227130,27.07
29/07/2015,30000,412700000,13.9(0.00 %),180000,2497700000,150000,2085000000,45197130,27.09
30/07/2015,-110960,-1589780000,14.3(2.88 %),113390,1594120000,224350,3183900000,45308090,27.03
31/07/2015,193430,2759580000,14.2(-0.70 %),272660,3894570000,79230,1134990000,45114660,27.13
03/08/2015,98920,1377220000,14.1(-0.70 %),119500,1665400000,20580,288180000,44635345,27.36
04/08/2015,12100,162400000,14(-0.71 %),151900,2118750000,139800,1956350000,44623245,27.36
05/08/2015,81780,1161630000,14.3(2.14 %),221780,3146630000,140000,1985000000,44541465,27.4
06/08/2015,132310,1877910000,14.3(0.00 %),197420,2804960000,65110,927050000,44409155,27.47
07/08/2015,-4970,-70820000,14.2(-0.70 %),100200,1422590000,105170,1493410000,44414125,27.46
10/08/2015,-108660,-1543130000,14.2(0.00 %),124540,1767990000,233200,3311120000,44522785,27.41
11/08/2015,-81200,-1155040000,14.3(0.70 %),81240,1154110000,162440,2309150000,44603985,27.37
12/08/2015,5000,70000000,14.1(-1.40 %),5000,70000000,0,0,44598985,27.38
13/08/2015,0,0,14(-0.71 %),0,0,0,0,44598985,27.38
14/08/2015,0,0,14(0.00 %),0,0,0,0,44598985,27.38
17/08/2015,-1150,-16100000,14(0.00 %),0,0,1150,16100000,44600135,27.37
18/08/2015,500,7050000,14.1(0.71 %),500,7050000,0,0,44599635,27.38
19/08/2015,200,2800000,14(-0.71 %),200,2800000,0,0,44599435,27.38
20/08/2015,-30100,-424410000,14.1(0.71 %),0,0,30100,424410000,44629535,27.36
21/08/2015,-35950,-497690000,14.1(0.00 %),300,4170000,36250,501860000,44665485,27.34
24/08/2015,0,0,13.8(-2.13 %),0,0,0,0,44665485,27.34
25/08/2015,-20,-280000,13.6(-1.45 %),0,0,20,280000,44665505,27.34
26/08/2015,142970,1981680000,13.9(2.21 %),142970,1981680000,0,0,44522535,27.41
27/08/2015,38420,534160000,13.9(0.00 %),40640,564800000,2220,30640000,44484115,27.43
28/08/2015,102280,1422920000,14(0.72 %),102280,1422920000,0,0,44381835,27.48
31/08/2015,32550,452450000,14(0.00 %),32550,452450000,0,0,44349285,27.5
01/09/2015,98680,1389720000,14.1(0.71 %),110680,1558920000,12000,169200000,44710560,27.32
04/09/2015,12350,171470000,14.1(1.44 %),13350,185570000,1000,14100000,44698210,27.33
07/09/2015,6300,88860000,14.1(0.00 %),6300,88860000,0,0,44691910,27.33
08/09/2015,100,1420000,14.2(0.71 %),100,1420000,0,0,44691810,27.33
09/09/2015,-4610,-64510000,14.3(0.70 %),500,7030000,5110,71540000,44696420,27.33
10/09/2015,0,0,14.3(0.00 %),0,0,0,0,44696420,27.33
11/09/2015,5250,74920000,14.3(0.00 %),6500,92800000,1250,17880000,44691170,27.33
14/09/2015,780,11190000,14.3(0.00 %),1700,24310000,920,13120000,44690390,27.33
15/09/2015,0,0,14.3(0.00 %),0,0,0,0,44690390,27.33
16/09/2015,-270,-3860000,14.3(0.00 %),0,0,270,3860000,44690660,27.33
17/09/2015,-24160,-345490000,14.4(0.70 %),100,1430000,24260,346920000,44714820,27.32
18/09/2015,0,0,14.4(0.00 %),0,0,0,0,44714820,27.32
21/09/2015,100,1440000,14.4(0.00 %),100,1440000,0,0,44714720,27.32
22/09/2015,-2280,-32380000,14.4(0.00 %),0,0,2280,32380000,44717000,27.32
23/09/2015,0,0,14.4(0.00 %),0,0,0,0,44717000,27.32
24/09/2015,0,0,14.3(-0.69 %),0,0,0,0,44717000,27.32
25/09/2015,96640,1377670000,14.4(0.70 %),96640,1377670000,0,0,44620360,27.36
28/09/2015,38400,546880000,14.4(0.00 %),55400,788480000,17000,241600000,44581960,27.38
29/09/2015,3300,47610000,14.1(-2.08 %),3600,51840000,300,4230000,44578660,27.39
30/09/2015,-1980,-27880000,14.1(0.00 %),200,2860000,2180,30740000,44580640,27.38
01/10/2015,0,0,14.2(0.71 %),0,0,0,0,44504170,27.42
02/10/2015,45250,646830000,14.4(1.41 %),45250,646830000,0,0,44458920,27.44
05/10/2015,86960,1278610000,14.8(2.78 %),86970,1278760000,10,150000,44371960,27.49
06/10/2015,354020,5326870000,15.1(2.03 %),380870,5731050000,26850,404180000,44017940,27.66
07/10/2015,234900,3540490000,15(-0.66 %),235000,3542000000,100,1510000,43783040,27.77
08/10/2015,318860,4791670000,15.1(0.67 %),318860,4791670000,0,0,43464180,27.93
09/10/2015,85000,1275000000,14.9(-1.32 %),85000,1275000000,0,0,43379180,27.97
12/10/2015,135080,2032640000,15(0.67 %),135410,2037620000,330,4980000,43244100,28.03
13/10/2015,70000,1062740000,15.2(1.33 %),70000,1062740000,0,0,43174100,28.07
14/10/2015,0,0,15.1(-0.66 %),0,0,0,0,43174100,28.07
15/10/2015,-54000,-811710000,15.1(0.00 %),0,0,54000,811710000,43228100,28.04
16/10/2015,30450,466330000,15.1(0.00 %),82970,1259640000,52520,793310000,43197650,28.05
19/10/2015,-55660,-837900000,15(-0.66 %),0,0,55660,837900000,43253310,28.03
20/10/2015,-7600,-114970000,15.1(0.67 %),87400,1311000000,95000,1425970000,43260910,28.02
21/10/2015,-28240,-424420000,15.2(0.66 %),100,1510000,28340,425930000,43289150,28.01
22/10/2015,-15200,-223460000,14.8(0.68 %),0,0,15200,223460000,43304350,28.0
23/10/2015,-45530,-670680000,14.9(0.68 %),9270,137200000,54800,807880000,43349880,27.98
26/10/2015,41500,622530000,15.1(1.34 %),43500,652530000,2000,30000000,43308380,28.0
27/10/2015,-29500,-468900000,16.1(6.62 %),500,7600000,30000,476500000,43337880,27.99
28/10/2015,280,4740000,16.7(3.73 %),280,4740000,0,0,43337600,27.99
29/10/2015,-120,-2080000,16.6(-0.60 %),480,8060000,600,10140000,43337720,27.99
30/10/2015,1140,19100000,16.8(1.20 %),1140,19100000,0,0,43336580,27.99
02/11/2015,-490,-8280000,16.8(0.00 %),0,0,490,8280000,43355466,27.98
03/11/2015,-34220,-564870000,16.5(-1.79 %),200,3320000,34420,568190000,43389686,27.96
04/11/2015,-195270,-3202430000,16.4(-0.61 %),0,0,195270,3202430000,43584956,27.87
05/11/2015,6120,101710000,17.2(4.88 %),11220,185440000,5100,83730000,43578836,27.87
06/11/2015,-7540,-127670000,17.4(1.16 %),0,0,7540,127670000,43586376,27.87
09/11/2015,-121720,-2084460000,17.1(-1.72 %),2000,34400000,123720,2118860000,43708096,27.81
10/11/2015,8050,137750000,17(-0.58 %),12040,205880000,3990,68130000,43700046,27.81
11/11/2015,100,1720000,17.1(0.59 %),100,1720000,0,0,43699946,27.81
12/11/2015,-10000,-171000000,17.3(1.17 %),0,0,10000,171000000,43709946,27.81
13/11/2015,-2900,-49550000,17.3(0.00 %),200,3460000,3100,53010000,43712846,27.8
16/11/2015,4300,73960000,17.3(0.00 %),4300,73960000,0,0,43708546,27.81
17/11/2015,-90,-1560000,17(-1.73 %),60,1040000,150,2600000,43708636,27.81
18/11/2015,1140,19380000,17(0.00 %),1140,19380000,0,0,43707496,27.81
19/11/2015,100,1710000,17(0.00 %),100,1710000,0,0,43707396,27.81
20/11/2015,100,1700000,17.2(1.18 %),100,1700000,0,0,43707296,27.81
23/11/2015,-7200,-122620000,17.1(-0.58 %),3100,53630000,10300,176250000,43714496,27.8
24/11/2015,100,1710000,17.1(0.00 %),100,1710000,0,0,43705186,27.81
25/11/2015,100,1710000,17.1(0.00 %),100,1710000,0,0,43705086,27.81
26/11/2015,-4700,-79720000,17(-0.58 %),1800,30780000,6500,110500000,43703286,27.81
27/11/2015,0,0,16.9(-0.59 %),0,0,0,0,43703286,27.81
30/11/2015,-3000,-50100000,16.7(-1.18 %),0,0,3000,50100000,43713586,27.8
01/12/2015,-8100,-132030000,16.2(-2.99 %),0,0,8100,132030000,43713586,27.8
02/12/2015,5500,91570000,16.2(0.00 %),5500,91570000,0,0,43714586,27.8
03/12/2015,0,0,16.2(0.00 %),0,0,0,0,43714586,27.8
04/12/2015,0,0,16(-1.23 %),0,0,0,0,43717591,27.8
07/12/2015,4000,63600000,15.7(-1.88 %),4000,63600000,0,0,43721691,27.8
08/12/2015,-120840,-1869690000,15.7(0.00 %),700,10780000,121540,1880470000,43720991,27.8
09/12/2015,-32420,-506300000,15.5(-1.27 %),0,0,32420,506300000,43720991,27.8
10/12/2015,33170,517310000,15.5(0.00 %),43170,673340000,10000,156030000,43677821,27.82
11/12/2015,16150,251950000,15.7(1.29 %),38100,594370000,21950,342420000,43639721,27.84
14/12/2015,15000,233840000,15.7(0.00 %),15000,233840000,0,0,43746261,27.79
15/12/2015,-1024550,-17208000000,15.9(1.27 %),98030,1539090000,1122580,18747090000,43680656,27.82
16/12/2015,9400,149310000,15.9(0.00 %),11100,176510000,1700,27200000,43679556,27.82
17/12/2015,100,1630000,16.3(2.52 %),100,1630000,0,0,43701406,27.81
18/12/2015,290,4730000,16.1(-1.23 %),290,4730000,0,0,43701116,27.81
21/12/2015,13000,209750000,16.1(0.00 %),13000,209750000,0,0,44810696,27.27
22/12/2015,4910,78670000,16(-0.62 %),4910,78670000,0,0,44807486,27.27
23/12/2015,-1140,-18120000,15.9(-0.62 %),720,11340000,1860,29460000,44806766,27.27
24/12/2015,11200,176370000,15.8(-0.63 %),11200,176370000,0,0,44795566,27.28
25/12/2015,172690,2694150000,15.6(-1.27 %),172690,2694150000,0,0,44622876,27.36
28/12/2015,4270,67890000,15.9(1.92 %),4270,67890000,0,0,44618606,27.37
29/12/2015,2100,33380000,15.9(0.00 %),2100,33380000,0,0,44618366,27.37
30/12/2015,2000,31580000,15.9(0.00 %),2000,31580000,0,0,44616366,27.37
31/12/2015,-300,-4740000,16(0.63 %),0,0,300,4740000,44616366,27.37
04/01/2016,2720,43220000,16(0.00 %),2720,43220000,0,0,44613646,27.37
05/01/2016,0,0,15.8(-1.25 %),0,0,0,0,44613646,27.37
06/01/2016,-12200,-192760000,15.9(0.63 %),0,0,12200,192760000,44613646,27.37
07/01/2016,-11000,-173800000,15.9(0.00 %),0,0,11000,173800000,44613946,27.37
08/01/2016,55220,875580000,15.9(0.00 %),55220,875580000,0,0,44558726,27.39
11/01/2016,86640,1374380000,16(0.63 %),86640,1374380000,0,0,44484286,27.43
12/01/2016,39300,631560000,16.6(3.75 %),39300,631560000,0,0,44455986,27.44
13/01/2016,48820,799530000,16.6(0.00 %),50320,823900000,1500,24370000,44405666,27.47
14/01/2016,75910,1240290000,16.3(-1.81 %),75910,1240290000,0,0,44329756,27.51
15/01/2016,17870,283730000,15.9(-2.45 %),54960,873860000,37090,590130000,44304765,27.52
18/01/2016,19100,302270000,15.8(-0.63 %),19100,302270000,0,0,44287165,27.53
19/01/2016,57010,903980000,15.9(0.63 %),74090,1169910000,17080,265930000,44213075,27.56
20/01/2016,131520,2084040000,15.8(-0.63 %),131520,2084040000,0,0,44088685,27.62
21/01/2016,72570,1145050000,15.5(-1.90 %),74570,1176250000,2000,31200000,44014115,27.66
22/01/2016,71360,1124350000,15.8(1.94 %),83000,1307800000,11640,183450000,43948197,27.69
25/01/2016,50290,805670000,16.1(1.90 %),50290,805670000,0,0,43882507,27.72
26/01/2016,11710,188210000,16(-0.62 %),28400,456240000,16690,268030000,43871507,27.73
27/01/2016,0,0,16(0.00 %),0,0,0,0,43883147,27.72
28/01/2016,0,0,16.1(0.62 %),0,0,0,0,43883147,27.72
29/01/2016,29000,466900000,16.1(0.00 %),29000,466900000,0,0,43870837,27.73
01/02/2016,22200,352060000,15.8(-1.86 %),22200,352060000,0,0,43848637,27.74
02/02/2016,-20840,-324830000,16(1.27 %),0,0,20840,324830000,43848637,27.74
03/02/2016,0,0,15.6(-2.50 %),0,0,0,0,43848637,27.74
04/02/2016,0,0,16(2.56 %),0,0,0,0,43848637,27.74
05/02/2016,22910,366560000,16.1(0.62 %),22910,366560000,0,0,43846567,27.74
15/02/2016,-820,-12120000,15.9(-1.24 %),1730,27850000,2550,39970000,43844837,27.74
16/02/2016,16000,252300000,15.8(-0.63 %),16000,252300000,0,0,43828837,27.75
17/02/2016,-283910,-4416260000,15.4(-2.53 %),170600,2659950000,454510,7076210000,43658237,27.83
18/02/2016,9460,149400000,15.7(1.95 %),79250,1232080000,69790,1082680000,43581537,27.87
19/02/2016,57060,896400000,15.8(0.64 %),57960,910620000,900,14220000,43523577,27.9
22/02/2016,0,0,15.8(0.00 %),0,0,0,0,43978087,27.68
23/02/2016,18500,294500000,15.8(0.00 %),18500,294500000,0,0,44029377,27.65
24/02/2016,65970,1042030000,15.8(0.00 %),65970,1042030000,0,0,43964307,27.68
25/02/2016,9420,148550000,15.9(0.63 %),10000,157660000,580,9110000,43954307,27.69
26/02/2016,9080,143110000,15.8(-0.63 %),9080,143110000,0,0,43945227,27.69
29/02/2016,-12000,-187080000,15.8(0.00 %),8800,137880000,20800,324960000,43936427,27.7
01/03/2016,3290,51850000,15.8(0.00 %),3290,51850000,0,0,43933717,27.7
02/03/2016,-352220,-5563450000,15.8(0.00 %),0,0,352220,5563450000,43933717,27.7
03/03/2016,3300,52140000,15.9(0.63 %),3300,52140000,0,0,43951217,27.69
04/03/2016,-1500,-23700000,15.8(-0.63 %),0,0,1500,23700000,43951217,27.69
07/03/2016,-3040,-47680000,15.8(0.00 %),0,0,3040,47680000,44303437,27.52
08/03/2016,-33010,-518260000,15.8(0.00 %),12000,188400000,45010,706660000,44291437,27.52
09/03/2016,7920,124550000,15.8(0.00 %),9400,147920000,1480,23370000,44283537,27.53
10/03/2016,4000,62840000,15.8(0.00 %),4000,62840000,0,0,44282577,27.53
11/03/2016,11000,175000000,16(1.27 %),11000,175000000,0,0,44316587,27.51
14/03/2016,4000,63660000,16(0.00 %),4000,63660000,0,0,44314067,27.51
15/03/2016,20940,332930000,15.9(-0.62 %),20940,332930000,0,0,44293127,27.52
16/03/2016,11000,175300000,16(0.63 %),11000,175300000,0,0,44282127,27.53
17/03/2016,-40,-630000,16(0.00 %),0,0,40,630000,44282127,27.53
18/03/2016,-1500,-23850000,15.8(-1.25 %),0,0,1500,23850000,44282127,27.53
21/03/2016,0,0,15.8(0.00 %),0,0,0,0,44282127,27.53
22/03/2016,26000,409300000,15.8(0.00 %),26000,409300000,0,0,44256167,27.54
23/03/2016,14960,236370000,15.8(0.00 %),14960,236370000,0,0,44242707,27.55
24/03/2016,18500,297400000,16.2(2.53 %),18500,297400000,0,0,44224207,27.56
25/03/2016,10000,162100000,16.2(0.00 %),10000,162100000,0,0,44214207,27.56
28/03/2016,5000,80300000,16.2(0.00 %),5000,80300000,0,0,44209207,27.56
29/03/2016,12000,192700000,16.1(-0.62 %),12000,192700000,0,0,44197207,27.57
30/03/2016,13820,220420000,16(-0.62 %),23000,367300000,9180,146880000,44174212,27.58
31/03/2016,3870,61620000,16(0.00 %),6000,95700000,2130,34080000,44168212,27.58
01/04/2016,12000,192200000,16.3(1.88 %),12000,192200000,0,0,44156212,27.59
04/04/2016,16000,246540000,15.4(0.65 %),22940,353280000,6940,106740000,44142452,27.6
05/04/2016,4900,75730000,15.5(0.65 %),4900,75730000,0,0,44139682,27.6
06/04/2016,1500,23100000,15.5(0.00 %),3000,45900000,1500,22800000,44136682,27.6
07/04/2016,5680,85580000,15.5(0.00 %),16500,248150000,10820,162570000,44127122,27.6
08/04/2016,-5800,-88690000,15.4(-0.65 %),3700,56660000,9500,145350000,44123422,27.61
11/04/2016,-360,-5430000,15.4(0.00 %),1500,22990000,1860,28420000,44123422,27.61
12/04/2016,-1120,-16970000,15.4(0.00 %),6000,91100000,7120,108070000,44128242,27.6
13/04/2016,-1180,-17760000,15.4(0.00 %),2600,39780000,3780,57540000,44135142,27.6
14/04/2016,-20260,-299780000,14.8(-3.90 %),11200,167840000,31460,467620000,44125802,27.6
15/04/2016,-3310,-48460000,14.9(0.68 %),28000,412910000,31310,461370000,44131922,27.6
19/04/2016,19300,286870000,14.9(0.00 %),19300,286870000,0,0,44116402,27.61
20/04/2016,-4400,-63630000,14.8(-0.67 %),8600,125770000,13000,189400000,44139262,27.6
21/04/2016,-400,-5750000,14.8(0.00 %),2600,38450000,3000,44200000,44140972,27.6
22/04/2016,-19540,-282270000,14.8(0.00 %),19840,289250000,39380,571520000,44121132,27.61
25/04/2016,-2580,-36590000,14.8(0.00 %),111000,1624220000,113580,1660810000,44123132,27.61
26/04/2016,-22630960,-328149120000,14.6(-1.35 %),6000,87990000,22636960,328237110000,44120132,27.61
27/04/2016,33500,489010000,14.7(0.68 %),148530,2169520000,115030,1680510000,44122982,27.61
28/04/2016,5060,73830000,14.6(-0.68 %),5060,73830000,0,0,44131502,27.6
29/04/2016,49960,729420000,14.7(0.68 %),49960,729420000,0,0,66718502,16.65
04/05/2016,17290,252600000,14.7(0.00 %),17290,252600000,0,0,66704247,16.66
05/05/2016,36370,534640000,14.8(0.68 %),36370,534640000,0,0,66667877,16.67
06/05/2016,16240,238730000,14.8(0.00 %),16240,238730000,0,0,66651637,16.68
09/05/2016,17650,263100000,15(1.35 %),19750,294390000,2100,31290000,66631887,16.69
10/05/2016,15530,231870000,15(0.00 %),15530,231870000,0,0,66616357,16.7
11/05/2016,41000,615000000,15.1(0.67 %),41000,615000000,0,0,66575357,16.72
12/05/2016,27100,406500000,15(-0.66 %),27100,406500000,0,0,66550357,16.73
13/05/2016,7060,104600000,15(0.00 %),7060,104600000,0,0,66543297,16.74
16/05/2016,2200,32370000,15(0.00 %),2200,32370000,0,0,66541097,16.74
17/05/2016,3480,51100000,14.5(-3.33 %),3480,51100000,0,0,66537617,16.74
18/05/2016,-7200,-104010000,14.6(0.69 %),300,4390000,7500,108400000,66537317,16.74
19/05/2016,100,1470000,14.6(0.00 %),100,1470000,0,0,66537217,16.74
20/05/2016,0,0,14.7(0.68 %),0,0,0,0,66537217,16.74
23/05/2016,200,2940000,14.7(0.00 %),200,2940000,0,0,66544517,16.73
24/05/2016,-2430,-35240000,14.7(0.00 %),0,0,2430,35240000,66544517,16.73
25/05/2016,0,0,14.7(0.00 %),0,0,0,0,66544517,16.73
26/05/2016,15700,230790000,14.5(-1.36 %),15700,230790000,0,0,66528817,16.74
27/05/2016,0,0,14.6(0.69 %),0,0,0,0,66531247,16.74
30/05/2016,10,146000,14.6(0.00 %),10,146000,0,0,66531237,16.74
31/05/2016,3600,52540000,14.4(-1.37 %),3600,52540000,0,0,66527637,16.74
01/06/2016,0,0,14.5(0.69 %),0,0,0,0,66527637,16.74
02/06/2016,-68500,-983398000,14.3(-1.38 %),0,0,68500,983398000,66596137,16.71
03/06/2016,30,440000,14.5(1.40 %),150020,2145300000,149990,2144860000,66527612,16.74
06/06/2016,60,880000,14.5(0.00 %),60,880000,0,0,66527552,16.74
07/06/2016,-90,-1280000,14.5(0.00 %),30,440000,120,1720000,66596022,16.71
08/06/2016,24500,353800000,14.5(0.00 %),24600,355240000,100,1440000,66571422,16.72
09/06/2016,15960,230010000,14.5(0.00 %),19890,286600000,3930,56590000,66551532,16.73
10/06/2016,25000,360000000,14.6(0.69 %),25000,360000000,0,0,66526652,16.74
13/06/2016,18290,265200000,14.6(0.00 %),19940,289130000,1650,23930000,66506812,16.75
14/06/2016,8260,120600000,14.6(0.00 %),8260,120600000,0,0,66502482,16.76
15/06/2016,12400,180890000,14.5(-0.68 %),12400,180890000,0,0,66490082,16.76
16/06/2016,13000,188250000,14.5(0.00 %),13000,188250000,0,0,66478732,16.77
17/06/2016,-2730,-38750000,14.5(0.00 %),21550,310880000,24280,349630000,66457182,16.78
20/06/2016,46780,681320000,14.6(0.69 %),46780,681320000,0,0,66410402,16.8
21/06/2016,76200,1124760000,14.9(2.05 %),76530,1129610000,330,4850000,66333872,16.84
22/06/2016,29500,437200000,14.9(0.00 %),29500,437200000,0,0,66328652,16.84
23/06/2016,45080,671690000,15(0.67 %),45080,671690000,0,0,66283572,16.86
24/06/2016,41880,615230000,14.8(-1.33 %),41880,615230000,0,0,66242022,16.88
27/06/2016,0,0,14.7(-0.68 %),0,0,0,0,66242022,16.88
28/06/2016,-50,-730000,14.7(0.00 %),0,0,50,730000,66242022,16.88
29/06/2016,0,0,14.7(0.00 %),0,0,0,0,66242022,16.88
30/06/2016,-1000,-14570000,14.7(0.00 %),0,0,1000,14570000,66242022,16.88
01/07/2016,0,0,14.7(0.00 %),0,0,0,0,66242072,16.88
04/07/2016,20,290000,14.7(0.00 %),20,290000,0,0,66242052,16.88
05/07/2016,0,0,14.6(-0.68 %),0,0,0,0,66243052,16.88
06/07/2016,0,0,14.5(-0.68 %),0,0,0,0,66243052,16.88
07/07/2016,10000,146200000,14.5(0.00 %),10000,146200000,0,0,66233052,16.89
08/07/2016,200,2900000,14.6(0.69 %),200,2900000,0,0,66232852,16.89
11/07/2016,750,10950000,14.5(-0.68 %),7000,102200000,6250,91250000,66232852,16.89
12/07/2016,-3790,-54740000,14.5(0.00 %),0,0,3790,54740000,66225852,16.89
13/07/2016,-23040,-332860000,14.5(0.00 %),3750,54380000,26790,387240000,66222102,16.89
14/07/2016,19000,274700000,14.5(0.00 %),19000,274700000,0,0,66209352,16.9
15/07/2016,0,0,14.5(0.00 %),0,0,0,0,66213142,16.9
18/07/2016,0,0,14.5(0.00 %),0,0,0,0,66239932,16.88
19/07/2016,-1090,-15810000,14.4(-0.69 %),0,0,1090,15810000,66239932,16.88
20/07/2016,-4860,-69510000,14.3(-0.69 %),0,0,4860,69510000,66239932,16.88
21/07/2016,0,0,14.5(1.40 %),0,0,0,0,66239932,16.88
22/07/2016,0,0,14.5(0.00 %),0,0,0,0,66241022,16.88
25/07/2016,0,0,14.3(-1.38 %),0,0,0,0,66245882,16.88
26/07/2016,-3300,-46920000,14.4(0.70 %),0,0,3300,46920000,66245882,16.88
27/07/2016,-1490,-21260000,14.3(-0.69 %),0,0,1490,21260000,66245882,16.88
28/07/2016,0,0,14.3(0.00 %),0,0,0,0,66245882,16.88
29/07/2016,0,0,14.3(0.00 %),0,0,0,0,66249182,16.88
01/08/2016,-4810,-68780000,14.5(1.40 %),0,0,4810,68780000,66250672,16.88
02/08/2016,0,0,14.4(-0.69 %),0,0,0,0,66250672,16.88
03/08/2016,600,8640000,14.4(0.00 %),600,8640000,0,0,66250072,16.88
04/08/2016,6760,97340000,14.4(0.00 %),6760,97340000,0,0,66248122,16.88
05/08/2016,0,0,14.4(0.00 %),0,0,0,0,66248122,16.88
08/08/2016,0,0,14.3(-0.69 %),0,0,0,0,66248122,16.88
09/08/2016,0,0,14.4(0.70 %),0,0,0,0,66248122,16.88
10/08/2016,0,0,14.5(0.69 %),0,0,0,0,66248122,16.88
11/08/2016,-6600,-94430000,14.4(-0.69 %),0,0,6600,94430000,66248122,16.88
12/08/2016,0,0,14.4(0.00 %),0,0,0,0,66248122,16.88
15/08/2016,-16800,-242960000,14.6(1.39 %),100,1440000,16900,244400000,66248022,16.88
16/08/2016,0,0,14.6(0.00 %),0,0,0,0,66254622,16.88
17/08/2016,0,0,14.4(-1.37 %),0,0,0,0,66254622,16.88
18/08/2016,-187970,-2705500000,14.4(0.00 %),0,0,187970,2705500000,66271522,16.87
19/08/2016,-7960,-115420000,14.5(0.69 %),0,0,7960,115420000,66271522,16.87
22/08/2016,-60010,-869130000,14.4(-0.69 %),0,0,60010,869130000,66271522,16.87
23/08/2016,-10,-140000,14.4(0.00 %),10,150000,20,290000,66459482,16.78
24/08/2016,-11430,-164590000,14.4(0.00 %),0,0,11430,164590000,66467442,16.77
25/08/2016,0,0,14.5(0.69 %),0,0,0,0,66527452,16.74
26/08/2016,0,0,14.5(0.00 %),0,0,0,0,66527477,16.74
29/08/2016,-22000,-331680000,15.5(6.90 %),0,0,22000,331680000,66538907,16.74
30/08/2016,-69400,-1090170000,15.6(0.65 %),0,0,69400,1090170000,66538907,16.74
31/08/2016,-143160,-2209530000,15.4(-1.28 %),0,0,143160,2209530000,66538907,16.74
01/09/2016,-3030,-48730000,15.7(1.95 %),0,0,3030,48730000,66560907,16.73
05/09/2016,-328570,-5313830000,16.7(6.37 %),0,0,328570,5313830000,66630307,16.69
06/09/2016,-43510,-744620000,17(1.80 %),0,0,43510,744620000,66773467,16.62
07/09/2016,-59450,-990650000,16.6(-2.35 %),0,0,59450,990650000,66776497,16.62
08/09/2016,-15060,-255510000,17.1(3.01 %),0,0,15060,255510000,67105067,16.46
09/09/2016,-11820,-200600000,17(-0.58 %),0,0,11820,200600000,67148577,16.44
12/09/2016,-41980,-704430000,16.75(-1.47 %),100,1660000,42080,706090000,67207927,16.41
13/09/2016,-24600,-406850000,16.65(-0.60 %),0,0,24600,406850000,67222987,16.41
14/09/2016,-2370,-40320000,17(2.10 %),1000,16650000,3370,56970000,67233807,16.4
15/09/2016,-37090,-613430000,16.8(-1.18 %),0,0,37090,613430000,67275887,16.38
16/09/2016,0,0,16.2(-3.57 %),0,0,0,0,67300487,16.37
19/09/2016,18530,294040000,15.9(-1.85 %),18530,294040000,0,0,67285327,16.38
20/09/2016,-13080,-199020000,15.2(-4.40 %),0,0,13080,199020000,67322417,16.36
21/09/2016,-7480,-113570000,15.4(1.32 %),10,160000,7490,113730000,67322407,16.36
22/09/2016,400,6200000,15.8(2.60 %),400,6200000,0,0,67322007,16.36
23/09/2016,-6740,-105820000,15.7(-0.63 %),0,0,6740,105820000,67335087,16.35
26/09/2016,-29630,-452630000,15.25(-2.87 %),0,0,29630,452630000,67342577,16.35
27/09/2016,-174630,-2663260000,15.25(0.00 %),0,0,174630,2663260000,67342577,16.35
28/09/2016,-18620,-282500000,15.45(1.31 %),6700,102360000,25320,384860000,67342617,16.35
29/09/2016,-21870,-338140000,15.55(0.65 %),0,0,21870,338140000,67372247,16.33
30/09/2016,-73690,-1138420000,15.45(-0.64 %),1500,23180000,75190,1161600000,67545377,16.25
03/10/2016,-2520,-38810000,15.6(0.97 %),0,0,2520,38810000,67570697,16.24
04/10/2016,-70400,-1119520000,15.9(1.92 %),0,0,70400,1119520000,67592567,16.23
05/10/2016,-64410,-1016880000,15.9(0.00 %),3000,47700000,67410,1064580000,67664757,16.19
06/10/2016,-13380,-209540000,15.6(-1.89 %),0,0,13380,209540000,67667277,16.19
07/10/2016,-130120,-2011510000,15.45(-0.96 %),0,0,130120,2011510000,67737677,16.16
10/10/2016,2440,38550000,15.7(1.62 %),2440,38550000,0,0,67802648,16.12
11/10/2016,-1570,-24340000,15.7(0.00 %),0,0,1570,24340000,67816028,16.12
12/10/2016,0,0,15.9(1.27 %),0,0,0,0,67946148,16.06
13/10/2016,-268060,-4234110000,15.8(-0.63 %),0,0,268060,4234110000,67946148,16.06
14/10/2016,-2080,-32780000,15.8(0.00 %),0,0,2080,32780000,67947718,16.05
17/10/2016,-264550,-4163610000,15.75(-0.32 %),0,0,264550,4163610000,67947718,16.05
18/10/2016,-232850,-3668400000,15.75(0.00 %),4300,67730000,237150,3736130000,68211478,15.93
19/10/2016,-10100,-159540000,15.9(0.95 %),0,0,10100,159540000,68213548,15.93
20/10/2016,-180,-2810000,15.75(-0.94 %),1500,23700000,1680,26510000,68476598,15.8
21/10/2016,-37020,-583070000,15.75(0.00 %),0,0,37020,583070000,68713748,15.68
24/10/2016,-36530,-575860000,15.8(0.32 %),50,790000,36580,576650000,68723798,15.68
25/10/2016,-18290,-288070000,15.75(-0.32 %),0,0,18290,288070000,68725478,15.68
26/10/2016,-6750,-105940000,15.6(-0.95 %),0,0,6750,105940000,68762498,15.66
27/10/2016,-118260,-1826720000,15.4(-1.28 %),0,0,118260,1826720000,68799078,15.64
28/10/2016,0,0,15.45(0.32 %),0,0,0,0,68817368,15.63
31/10/2016,-84890,-1306170000,15.2(-1.62 %),9500,148680000,94390,1454850000,68814618,15.63
01/11/2016,-85160,-1296480000,15.2(0.00 %),0,0,85160,1296480000,68932878,15.58
02/11/2016,-98760,-1510130000,15.3(0.66 %),6000,91200000,104760,1601330000,68926878,15.58
03/11/2016,-99780,-1526880000,15.3(0.00 %),0,0,99780,1526880000,69021268,15.53
04/11/2016,0,0,15.4(0.65 %),0,0,0,0,69106428,15.49
07/11/2016,-60170,-923070000,15.45(0.32 %),5000,76750000,65170,999820000,69206188,15.44
08/11/2016,2000,30950000,15.45(0.00 %),2000,30950000,0,0,69303968,15.4
09/11/2016,30,460000,15.45(0.00 %),30,460000,0,0,69303938,15.4
10/11/2016,0,0,15.45(0.00 %),0,0,0,0,69369108,15.37
11/11/2016,-2700,-41850000,15.5(0.32 %),0,0,2700,41850000,69369108,15.37
14/11/2016,-126110,-1948070000,15.4(-0.65 %),0,0,126110,1948070000,69369108,15.37
15/11/2016,-23370,-360100000,15.4(0.00 %),0,0,23370,360100000,69369108,15.37
16/11/2016,-21900,-337260000,15.4(0.00 %),0,0,21900,337260000,69371808,15.36
17/11/2016,-21400,-329560000,15.4(0.00 %),0,0,21400,329560000,69497918,15.3
18/11/2016,-18240,-280800000,15.4(0.00 %),0,0,18240,280800000,69521288,15.29
21/11/2016,1600,24760000,15.45(0.32 %),1600,24760000,0,0,69541588,15.28
22/11/2016,-3370,-52070000,15.45(0.00 %),0,0,3370,52070000,69562988,15.27
23/11/2016,0,0,15.45(0.00 %),0,0,0,0,69581228,15.26
24/11/2016,-9500,-148010000,15.6(0.97 %),0,0,9500,148010000,69581228,15.26
25/11/2016,0,0,15.6(0.00 %),0,0,0,0,69584598,15.26
28/11/2016,0,0,15.6(0.00 %),0,0,0,0,69584598,15.26
29/11/2016,0,0,15.8(1.28 %),0,0,0,0,69594098,15.26
30/11/2016,0,0,15.7(-0.63 %),0,0,0,0,69594098,15.26
01/12/2016,-10,-160000,15.7(0.00 %),0,0,10,160000,69594098,15.26
02/12/2016,-1850,-29100000,15.8(0.64 %),0,0,1850,29100000,69594098,15.26
05/12/2016,0,0,16.4(3.80 %),0,0,0,0,69594098,15.26
06/12/2016,-17320,-277350000,16(-2.44 %),1200,19640000,18520,296990000,69592908,15.26
07/12/2016,-15700,-250470000,16(0.00 %),5000,80830000,20700,331300000,69589758,15.26
08/12/2016,-750,-12000000,16.3(1.88 %),0,0,750,12000000,69589758,15.26
09/12/2016,-250,-4080000,16(-1.84 %),0,0,250,4080000,69608278,15.25
12/12/2016,-1250,-20000000,16.1(0.62 %),0,0,1250,20000000,69628978,15.24
13/12/2016,1300,20930000,15.8(-1.86 %),1300,20930000,0,0,69628428,15.24
14/12/2016,-1680,-26290000,15.9(0.63 %),0,0,1680,26290000,69628678,15.24
15/12/2016,-5510,-87110000,15.6(-1.89 %),0,0,5510,87110000,69629928,15.24
16/12/2016,-9950,-155410000,15.8(1.28 %),0,0,9950,155410000,69606818,15.25
19/12/2016,15100,238580000,15.6(-1.27 %),132100,2084140000,117000,1845560000,69616508,15.25
20/12/2016,15200,240120000,15.7(0.64 %),15200,240120000,0,0,69606818,15.25
21/12/2016,-3330,-51810000,15.7(0.00 %),0,0,3330,51810000,69616768,15.24
22/12/2016,5000,78500000,15.65(-0.32 %),5000,78500000,0,0,69611768,15.25
23/12/2016,0,0,15.6(-0.32 %),0,0,0,0,69611768,15.25
26/12/2016,26900,422080000,15.65(0.32 %),26900,422080000,0,0,69588198,15.26
27/12/2016,-990,-15440000,15.7(0.32 %),0,0,990,15440000,69588198,15.26
28/12/2016,0,0,15.65(-0.32 %),0,0,0,0,69588198,15.26
29/12/2016,-36000,-552220000,15.3(-2.24 %),0,0,36000,552220000,69588198,15.26
30/12/2016,0,0,15.5(1.31 %),0,0,0,0,69589188,15.26
03/01/2017,-8220,-127560000,15.65(0.97 %),0,0,8220,127560000,69589188,15.26
04/01/2017,3000,46800000,15.5(-0.96 %),3000,46800000,0,0,69622188,15.24
05/01/2017,-35970,-551180000,15.2(-1.94 %),17400,268770000,53370,819950000,69604788,15.25
06/01/2017,0,0,15.45(1.64 %),53378,816360000,53378,816360000,69613008,15.25
09/01/2017,3000,46800000,15.5(0.32 %),56378,872820000,53378,826020000,69610008,15.25
10/01/2017,3000,46760000,15.6(0.65 %),56378,873430000,53378,826670000,69660378,15.22
11/01/2017,1100,17160000,15.5(-0.64 %),54478,841370000,53378,824210000,69659278,15.22
12/01/2017,5280,81050000,15.5(0.00 %),5280,81050000,0,0,69653998,15.23
13/01/2017,5290,81470000,15.4(-0.65 %),5290,81470000,0,0,69648708,15.23
16/01/2017,0,0,15.6(1.30 %),39000,600950000,39000,600950000,69648708,15.23
17/01/2017,-15470,-237850000,15.6(0.00 %),39000,599660000,54470,837510000,69648708,15.23
18/01/2017,-18710,-287200000,15.35(-1.60 %),39000,599510000,57710,886710000,69648708,15.23
19/01/2017,-53590,-817530000,15.25(-0.65 %),39000,595260000,92590,1412790000,69648708,15.23
20/01/2017,-49200,-751450000,15.25(0.00 %),43400,662710000,92600,1414160000,69659778,15.22
23/01/2017,-48790,-744160000,15.2(-0.33 %),44000,671340000,92790,1415500000,69673488,15.22
24/01/2017,-52400,-806960000,15.4(1.32 %),0,0,52400,806960000,69727078,15.19
25/01/2017,-48580,-731220000,15.1(-1.95 %),5010,77990000,53590,809210000,69775668,15.17
02/02/2017,-7000,-107410000,15.3(1.32 %),0,0,7000,107410000,69829458,15.14
03/02/2017,-164650,-2519910000,15.5(1.31 %),0,0,164650,2519910000,69881858,15.12
06/02/2017,-96000,-1469000000,15.3(-1.29 %),30153,463000000,126153,1932000000,69931448,15.09
07/02/2017,-4150,-63500000,15.4(0.65 %),0,0,4150,63500000,69938448,15.09
08/02/2017,0,0,15.5(0.65 %),100000,1550000000,100000,1550000000,70103098,15.01
09/02/2017,0,0,15.5(0.00 %),100000,1560000000,100000,1560000000,70203098,14.96
10/02/2017,-10,-160000,15.5(0.00 %),180000,2808000000,180010,2808160000,70207248,14.96
13/02/2017,-9000,-139500000,15.5(0.00 %),0,0,9000,139500000,70207248,14.96
14/02/2017,0,0,15.6(0.65 %),0,0,0,0,70207248,14.96
15/02/2017,0,0,15.6(0.00 %),0,0,0,0,70207258,14.96
16/02/2017,-160,-2520000,15.75(0.96 %),0,0,160,2520000,70216258,14.95
17/02/2017,0,0,15.7(-0.32 %),0,0,0,0,70216258,14.95
20/02/2017,2100,32970000,15.9(1.27 %),2100,32970000,0,0,70214158,14.96
21/02/2017,0,0,15.9(0.00 %),0,0,0,0,70214318,14.96
22/02/2017,0,0,16.05(0.94 %),0,0,0,0,70214318,14.96
23/02/2017,1000,16000000,16.05(0.00 %),1000,16000000,0,0,70213318,14.96
24/02/2017,9600,154610000,16.1(0.31 %),10000,160980000,400,6370000,70203318,14.96
27/02/2017,0,0,16.1(0.00 %),0,0,0,0,70202718,14.96
28/02/2017,1000,16050000,16.1(0.00 %),1000,16050000,0,0,70202318,14.96
01/03/2017,0,0,16(-0.62 %),0,0,0,0,70202718,14.96
02/03/2017,-1720,-27180000,16(0.00 %),0,0,1720,27180000,70202718,14.96
03/03/2017,-3000,-48000000,16(0.00 %),0,0,3000,48000000,70202723,14.96
06/03/2017,0,0,15.9(-0.62 %),0,0,0,0,70202723,14.96
07/03/2017,-15180,-240240000,15.9(0.00 %),0,0,15180,240240000,70204443,14.96
08/03/2017,0,0,15.9(0.00 %),0,0,0,0,70207443,14.96
09/03/2017,0,0,16(0.63 %),0,0,0,0,70207443,14.96
10/03/2017,30000,480000000,15.7(-1.88 %),30000,480000000,0,0,70192623,14.97
13/03/2017,600,9420000,16(1.91 %),600,9420000,0,0,70192023,14.97
14/03/2017,-40010,-634410000,16(0.00 %),0,0,40010,634410000,70192023,14.97
15/03/2017,-1500,-23930000,15.9(-0.62 %),0,0,1500,23930000,70192023,14.97
16/03/2017,10120,160910000,15.9(0.00 %),10120,160910000,0,0,70181903,14.97
17/03/2017,0,0,15.9(0.00 %),0,0,0,0,70181903,14.97
20/03/2017,29990,476840000,15.9(0.00 %),30000,477000000,10,160000,70181903,14.97
21/03/2017,0,0,15.9(0.00 %),0,0,0,0,70181903,14.97
22/03/2017,0,0,15.7(-1.26 %),0,0,0,0,70181903,14.97
23/03/2017,-2100,-33080000,15.8(0.64 %),0,0,2100,33080000,70181903,14.97
24/03/2017,0,0,15.9(0.63 %),0,0,0,0,70181903,14.97
27/03/2017,-1150,-18170000,15.85(-0.31 %),0,0,1150,18170000,70181903,14.97
28/03/2017,0,0,15.85(0.00 %),0,0,0,0,70181903,14.97
29/03/2017,0,0,15.85(0.00 %),0,0,0,0,70181903,14.97
30/03/2017,-2000,-31600000,15.85(0.00 %),0,0,2000,31600000,70181903,14.97
31/03/2017,4000,63400000,15.85(0.00 %),4000,63400000,0,0,70181903,14.97
03/04/2017,-10000,-156500000,15.8(-0.32 %),0,0,10000,156500000,70192673,14.97
04/04/2017,0,0,15.8(0.00 %),0,0,0,0,70194673,14.96
05/04/2017,0,0,15.8(0.00 %),0,0,0,0,70194673,14.96
07/04/2017,4500,71100000,15.75(-0.32 %),4500,71100000,0,0,70200173,14.96
10/04/2017,0,0,15.7(-0.32 %),0,0,0,0,70200173,14.96
11/04/2017,12000,188620000,15.7(0.00 %),17000,267370000,5000,78750000,70183173,14.97
12/04/2017,8750,139000000,15.9(1.27 %),9000,143000000,250,4000000,70174173,14.97
13/04/2017,1000,16000000,16.4(3.14 %),1000,16000000,0,0,70173173,14.98
14/04/2017,1040,16940000,16.3(-0.61 %),1040,16940000,0,0,70177133,14.97
17/04/2017,-1010,-16350000,16.35(0.31 %),0,0,1010,16350000,70177383,14.97
18/04/2017,0,0,16.2(-0.92 %),0,0,0,0,70177383,14.97
19/04/2017,-260,-4210000,16.1(-0.62 %),0,0,260,4210000,70177383,14.97
20/04/2017,-620,-9980000,16.1(0.00 %),500,8050000,1120,18030000,70177893,14.97
21/04/2017,50,790000,15.5(2.65 %),50,790000,0,0,70177843,14.97
24/04/2017,1950,32180000,15.3(-1.29 %),6000,93000000,4050,60820000,70172103,14.98
25/04/2017,-2030,-31070000,15.5(1.31 %),0,0,2030,31070000,70173223,14.98
26/04/2017,-5000,-77000000,15.5(0.00 %),0,0,5000,77000000,70173223,14.98
27/04/2017,-1000,-15400000,15.5(0.00 %),0,0,1000,15400000,70177273,14.97
28/04/2017,-9900,-151380000,15.6(0.65 %),0,0,9900,151380000,70179303,14.97
03/05/2017,-14850,-227110000,15.55(-0.32 %),0,0,14850,227110000,70184303,14.97
04/05/2017,-10,-160000,15.65(0.64 %),0,0,10,160000,70185303,14.97
05/05/2017,0,0,15.9(1.60 %),0,0,0,0,70195203,14.96
08/05/2017,-5010,-79160000,15.9(0.00 %),0,0,5010,79160000,70210053,14.96
09/05/2017,-6210,-97060000,16.05(0.94 %),8900,141700000,15110,238760000,70201163,14.96
10/05/2017,-7900,-127910000,15.95(-0.62 %),15400,244560000,23300,372470000,70185763,14.97
11/05/2017,12640,199510000,16(0.31 %),12640,199510000,0,0,70178133,14.97
12/05/2017,57370,934800000,16.5(3.12 %),57370,934800000,0,0,70135873,14.99
15/05/2017,40460,680420000,17(3.03 %),50480,845760000,10020,165340000,70108693,15.01
16/05/2017,62250,1054250000,17.1(0.59 %),82550,1398200000,20300,343950000,70026143,15.05
17/05/2017,124300,2134380000,17.4(1.75 %),124320,2134730000,20,350000,69901823,15.11
18/05/2017,23180,402850000,17.3(-0.57 %),24180,420200000,1000,17350000,69887663,15.11
19/05/2017,38170,657840000,17.25(-0.29 %),44000,758250000,5830,100410000,69863963,15.13
22/05/2017,150930,2591710000,17.25(0.00 %),157930,2711910000,7000,120200000,69706053,15.2
23/05/2017,75570,1301700000,17.3(0.29 %),75570,1301700000,0,0,69631483,15.24
24/05/2017,77670,1334000000,17.3(0.00 %),97670,1678530000,20000,344530000,69539643,15.28
25/05/2017,31490,541610000,17.3(0.00 %),31490,541610000,0,0,69515153,15.29
26/05/2017,85840,1466400000,17(-1.73 %),85840,1466400000,0,0,69429313,15.34
29/05/2017,47300,797720000,16.9(-0.59 %),47300,797720000,0,0,69402013,15.35
30/05/2017,-44910,-763470000,17(0.59 %),0,0,44910,763470000,69402013,15.35
31/05/2017,7000,120860000,17.3(1.76 %),7000,120860000,0,0,69395013,15.35
01/06/2017,30000,516000000,17.2(-0.58 %),30000,516000000,0,0,69365013,15.37
02/06/2017,-7920,-132760000,16.9(-1.74 %),0,0,7920,132760000,69409923,15.35
05/06/2017,0,0,16.9(0.00 %),0,0,0,0,69409923,15.35
06/06/2017,0,0,17(0.59 %),0,0,0,0,69409923,15.35
07/06/2017,0,0,16.95(-0.29 %),0,0,0,0,69417848,15.34
08/06/2017,0,0,17(0.29 %),0,0,0,0,69417848,15.34
09/06/2017,-1900,-31920000,16.8(-1.18 %),100,1680000,2000,33600000,69417748,15.34
12/06/2017,0,0,16.7(-0.60 %),0,0,0,0,69417748,15.34
13/06/2017,0,0,17(1.80 %),0,0,0,0,69417748,15.34
14/06/2017,1500,25050000,16.7(-1.76 %),1500,25050000,0,0,69418248,15.34
15/06/2017,0,0,16.7(0.00 %),0,0,0,0,69418248,15.34
16/06/2017,0,0,16.7(0.00 %),0,0,0,0,69418248,15.34
19/06/2017,-5260,-89510000,17(1.80 %),0,0,5260,89510000,69418248,15.34
20/06/2017,-10000,-170000000,17(0.00 %),0,0,10000,170000000,69418248,15.34
21/06/2017,-1000,-17000000,17(0.00 %),0,0,1000,17000000,69418248,15.34
22/06/2017,0,0,16.9(-0.59 %),0,0,0,0,69423508,15.34
23/06/2017,0,0,16.9(0.00 %),0,0,0,0,69433508,15.33
26/06/2017,-1100,-18700000,17.4(2.96 %),0,0,1100,18700000,69434508,15.33
27/06/2017,-10000,-173000000,17.35(-0.29 %),0,0,10000,173000000,69384508,15.36
28/06/2017,50000,851340000,17.2(-0.86 %),50000,851340000,0,0,69384508,15.36
29/06/2017,-13190,-223050000,16.95(-1.45 %),18200,310720000,31390,533770000,69367408,15.37
30/06/2017,18000,305970000,17.1(0.88 %),18000,305970000,0,0,69359413,15.37
03/07/2017,2180,37200000,17.25(0.88 %),3000,51300000,820,14100000,69356413,15.37
04/07/2017,27400,470110000,17.2(-0.29 %),27400,470110000,0,0,69360403,15.37
05/07/2017,22000,374940000,17.2(0.00 %),22000,374940000,0,0,69338403,15.38
06/07/2017,28000,478300000,17.2(0.00 %),28000,478300000,0,0,69311223,15.39
07/07/2017,5740,98460000,17.2(0.00 %),5740,98460000,0,0,69305483,15.4
10/07/2017,0,0,17(-1.16 %),0,0,0,0,69303533,15.4
11/07/2017,1950,33340000,17.2(1.18 %),1950,33340000,0,0,69303533,15.4
12/07/2017,0,0,17.2(0.00 %),0,0,0,0,69303533,15.4
13/07/2017,28300,484970000,17.15(-0.29 %),28300,484970000,0,0,69275233,15.41
14/07/2017,65000,1121250000,17.8(3.79 %),65000,1121250000,0,0,69210233,15.44
17/07/2017,1870,33290000,17.7(-0.56 %),1870,33290000,0,0,69208363,15.44
18/07/2017,-1200,-21000000,17.5(-1.13 %),1800,31500000,3000,52500000,69206563,15.44
19/07/2017,3790,66330000,17.5(0.00 %),3790,66330000,0,0,69202773,15.45
20/07/2017,0,0,17.4(-0.57 %),0,0,0,0,69202773,15.45
21/07/2017,0,0,17.4(0.00 %),0,0,0,0,69205773,15.44
24/07/2017,-10230,-178010000,17.9(2.87 %),3810,66290000,14040,244300000,69201963,15.45
25/07/2017,-26360,-470480000,17.9(0.00 %),3640,66250000,30000,536730000,69198323,15.45
26/07/2017,0,0,18.4(2.79 %),0,0,0,0,69195883,15.45
27/07/2017,6480,113700000,18.1(-1.63 %),16480,296710000,10000,183010000,69195883,15.45
28/07/2017,35370,661140000,18.75(3.59 %),36150,675340000,780,14200000,69189733,15.45
31/07/2017,-1700,-25620000,19.6(4.53 %),10000,192900000,11700,218520000,69179733,15.46
01/08/2017,1000,19500000,19(-3.06 %),1000,19500000,0,0,69188733,15.45
02/08/2017,-53460,-1017660000,18.9(-0.53 %),0,0,53460,1017660000,69189513,15.45
03/08/2017,-52510,-997770000,18.8(-0.53 %),100,1890000,52610,999660000,69201113,15.45
04/08/2017,1100,20350000,18.85(0.27 %),1400,25900000,300,5550000,69199713,15.45
07/08/2017,350,6600000,18.5(-1.86 %),350,6600000,0,0,69252823,15.42
08/08/2017,-6600,-121800000,18.25(-1.35 %),0,0,6600,121800000,69305433,15.4
09/08/2017,1700,30940000,18.25(0.00 %),1700,30940000,0,0,69304033,15.4
10/08/2017,1500,27290000,18.05(-1.10 %),1600,29120000,100,1830000,69302433,15.4
11/08/2017,1000,18100000,18.5(2.49 %),1000,18100000,0,0,69308033,15.39
14/08/2017,0,0,18.85(1.89 %),0,0,0,0,69308033,15.39
15/08/2017,-710,-13300000,18.85(0.00 %),0,0,710,13300000,69308133,15.39
16/08/2017,-6550,-120520000,18.7(-0.80 %),0,0,6550,120520000,69308133,15.39
17/08/2017,-27000,-498000000,18.4(-1.60 %),2000,37000000,29000,535000000,69306133,15.4
18/08/2017,0,0,18.3(-0.54 %),0,0,0,0,69306843,15.4
21/08/2017,-6000,-109410000,18.3(0.00 %),0,0,6000,109410000,69313393,15.39
22/08/2017,0,0,18.3(0.00 %),0,0,0,0,69342393,15.38
23/08/2017,22000,402200000,18.3(0.00 %),22000,402200000,0,0,69320393,15.39
24/08/2017,1000,18000000,18.3(0.00 %),1000,18000000,0,0,69325393,15.39
25/08/2017,0,0,18.3(0.00 %),0,0,0,0,69325393,15.39
28/08/2017,0,0,18.3(0.00 %),0,0,0,0,69325393,15.39
29/08/2017,-7950,-142970000,18.5(1.09 %),50,910000,8000,143880000,69325343,15.39
30/08/2017,2200,40600000,18.65(0.81 %),2200,40600000,0,0,69323143,15.39
31/08/2017,-38030,-688740000,18.3(-1.88 %),0,0,38030,688740000,69323143,15.39
01/09/2017,0,0,18.25(-0.27 %),0,0,0,0,69331143,15.38
05/09/2017,0,0,18.2(-0.27 %),0,0,0,0,69331143,15.38
06/09/2017,200,4810000,17.9(-1.65 %),7400,133440000,7200,128630000,69361773,15.37
07/09/2017,-5950,-106430000,17.9(0.00 %),0,0,5950,106430000,69361773,15.37
08/09/2017,-1470,-26060000,17.9(0.00 %),0,0,1470,26060000,69361773,15.37
11/09/2017,2000,36180000,18.1(1.12 %),8500,152150000,6500,115970000,69360473,15.37
12/09/2017,-150660,-2696720000,18.1(0.00 %),0,0,150660,2696720000,69366423,15.37
13/09/2017,13730,249990000,18.2(0.55 %),33030,596450000,19300,346460000,69334863,15.38
14/09/2017,-1210,-21870000,18.2(0.00 %),0,0,1210,21870000,69341368,15.38
15/09/2017,2000,36600000,18.5(1.65 %),2000,36600000,0,0,69490028,15.31
18/09/2017,0,0,18.4(-0.54 %),0,0,0,0,69509328,15.3
19/09/2017,88340,1649770000,18.7(1.63 %),98340,1836660000,10000,186890000,69412198,15.34
20/09/2017,49120,925550000,19(1.60 %),49120,925550000,0,0,69363078,15.37
21/09/2017,150000,2861190000,19.15(0.79 %),150000,2861190000,0,0,69213078,15.44
22/09/2017,164850,3168580000,19.3(0.78 %),165000,3171430000,150,2850000,69058078,15.52
25/09/2017,104110,2032770000,19.6(1.55 %),104110,2032770000,0,0,68953968,15.57
26/09/2017,-2300,-43470000,19(-3.06 %),0,0,2300,43470000,68953968,15.57
27/09/2017,0,0,19(0.00 %),0,0,0,0,68954118,15.57
28/09/2017,13960,264580000,18.1(-4.74 %),13960,264580000,0,0,68940158,15.57
29/09/2017,0,0,18.4(1.66 %),0,0,0,0,68942458,15.57
02/10/2017,450,8510000,18.4(0.00 %),450,8510000,0,0,68942008,15.57
03/10/2017,-8990,-163070000,18.05(-1.90 %),3350,60980000,12340,224050000,68938658,15.57
04/10/2017,-6520,-117360000,17.85(-1.11 %),0,0,6520,117360000,68938658,15.57
05/10/2017,-88790,-1565870000,17.6(-1.40 %),0,0,88790,1565870000,68938658,15.57
06/10/2017,-12000,-209470000,17.6(0.00 %),0,0,12000,209470000,68950998,15.57
09/10/2017,0,0,17.8(1.14 %),0,0,0,0,68957518,15.56
10/10/2017,1690,28730000,17.85(0.28 %),1690,28730000,0,0,69044618,15.52
11/10/2017,-5000,-88630000,17.6(-1.40 %),0,0,5000,88630000,69056618,15.52
12/10/2017,0,0,17.8(1.14 %),0,0,0,0,69056618,15.52
13/10/2017,-158850,-2780300000,17.8(0.00 %),60,1050000,158910,2781350000,69056558,15.52
16/10/2017,4050,71280000,17.65(-0.84 %),4050,71280000,0,0,69057508,15.52
17/10/2017,0,0,18(1.98 %),0,0,0,0,69057508,15.52
18/10/2017,0,0,17.9(-0.56 %),0,0,0,0,69216418,15.44
19/10/2017,200,3540000,17.8(-0.56 %),200,3540000,0,0,69216218,15.44
20/10/2017,-3350,-58980000,17.65(-0.84 %),300,5310000,3650,64290000,69215918,15.44
23/10/2017,0,0,17.5(-0.85 %),0,0,0,0,69215918,15.44
24/10/2017,-7610,-131700000,17.5(0.00 %),9000,159050000,16610,290750000,69206918,15.44
25/10/2017,-16310,-283110000,17.35(-0.86 %),500,8680000,16810,291790000,69210068,15.44
26/10/2017,-15180,-261860000,17.1(-1.44 %),3000,52050000,18180,313910000,69207068,15.44
27/10/2017,-54250,-928380000,17.1(0.00 %),18000,307440000,72250,1235820000,69205678,15.44
30/10/2017,-22920,-391930000,17(-0.58 %),0,0,22920,391930000,69222488,15.44
31/10/2017,-21180,-353130000,16.5(-2.94 %),1320,21120000,22500,374250000,69239348,15.43
01/11/2017,-12500,-208750000,16.8(1.82 %),0,0,12500,208750000,69311598,15.39
02/11/2017,-1000,-16800000,16.6(-1.19 %),0,0,1000,16800000,69334518,15.38
03/11/2017,-2160,-36260000,16.8(1.20 %),0,0,2160,36260000,69357023,15.37
06/11/2017,0,0,16.95(0.89 %),0,0,0,0,69369523,15.36
07/11/2017,-70,-1160000,16.5(-2.65 %),0,0,70,1160000,69370523,15.36
08/11/2017,0,0,16.5(0.00 %),0,0,0,0,69372683,15.36
09/11/2017,0,0,16.6(0.61 %),0,0,0,0,69372683,15.36
10/11/2017,-1100,-18040000,16.6(0.00 %),900,14760000,2000,32800000,69371853,15.36
13/11/2017,4000,66400000,16.6(0.00 %),4000,66400000,0,0,69367853,15.37
14/11/2017,-10000,-164810000,16.7(0.60 %),0,0,10000,164810000,69367853,15.37
15/11/2017,0,0,16.65(-0.30 %),0,0,0,0,69369853,15.36
16/11/2017,500,8300000,16.6(-0.30 %),500,8300000,0,0,69369353,15.36
17/11/2017,-37530,-620070000,16.45(-0.90 %),0,0,37530,620070000,69379353,15.36
20/11/2017,-750,-12380000,16.7(1.52 %),0,0,750,12380000,69379353,15.36
21/11/2017,0,0,16.55(-0.90 %),0,0,0,0,69379353,15.36
22/11/2017,0,0,16.55(0.00 %),0,0,0,0,69416883,15.34
23/11/2017,-150,-2480000,16.65(0.60 %),0,0,150,2480000,69417633,15.34
24/11/2017,-20000,-335590000,17(2.10 %),0,0,20000,335590000,69417633,15.34
27/11/2017,-22000,-376700000,17(0.00 %),0,0,22000,376700000,69417633,15.34
28/11/2017,0,0,17(0.00 %),0,0,0,0,69417783,15.34
29/11/2017,-3000,-51100000,17.05(0.29 %),2180,37500000,5180,88600000,69435603,15.33
30/11/2017,-19990,-344820000,17(-0.29 %),630,10840000,20620,355660000,69456973,15.32
01/12/2017,-16260,-281320000,17.4(2.35 %),0,0,16260,281320000,69456973,15.32
04/12/2017,-8310,-146220000,18(3.45 %),1060,18660000,9370,164880000,69461098,15.32
05/12/2017,-5530,-99540000,17.6(-2.22 %),0,0,5530,99540000,69481718,15.31
06/12/2017,-27490,-471890000,16.9(-3.98 %),1300,22140000,28790,494030000,69496678,15.3
07/12/2017,-2860,-48610000,17.9(5.92 %),0,0,2860,48610000,69506048,15.3
08/12/2017,0,0,17.2(-3.91 %),0,0,0,0,69511578,15.3
11/12/2017,0,0,17.2(0.00 %),0,0,0,0,69540368,15.28
12/12/2017,1000,17200000,17.3(0.58 %),1000,17200000,0,0,69542228,15.28
13/12/2017,-36910,-622320000,16.85(-2.60 %),0,0,36910,622320000,69542228,15.28
14/12/2017,-1570,-26750000,17.2(2.08 %),0,0,1570,26750000,69542228,15.28
15/12/2017,-39700,-681890000,17.2(0.00 %),2300,39330000,42000,721220000,69539928,15.28
18/12/2017,-19330,-332630000,17.2(0.00 %),0,0,19330,332630000,69576838,15.26
19/12/2017,-321690,-5485710000,17.2(0.00 %),0,0,321690,5485710000,69578408,15.26
20/12/2017,-76330,-1311190000,17.1(-0.58 %),1210,20810000,77540,1332000000,69619198,15.24
21/12/2017,1210,20810000,17.1(0.00 %),1210,20810000,0,0,69637318,15.24
22/12/2017,0,0,17.4(1.75 %),0,0,0,0,69959008,15.08
25/12/2017,0,0,17.35(-0.29 %),0,0,0,0,70036548,15.04
26/12/2017,0,0,17.3(-0.29 %),0,0,0,0,70036548,15.04
27/12/2017,-63000,-1066560000,16.8(-2.89 %),0,0,63000,1066560000,70036548,15.04
28/12/2017,-40,-680000,16.9(0.60 %),0,0,40,680000,70036548,15.04
29/12/2017,2100,35500000,17.2(1.78 %),3100,52700000,1000,17200000,70033448,15.04
02/01/2018,-120,-2060000,17.2(0.00 %),0,0,120,2060000,70096448,15.01
03/01/2018,-33500,-573990000,17(-1.16 %),0,0,33500,573990000,70096488,15.01
04/01/2018,-10,-170000,17.1(0.59 %),0,0,10,170000,70097488,15.01
05/01/2018,-190690,-3207210000,16.9(-1.17 %),0,0,190690,3207210000,70097608,15.01
08/01/2018,-50410,-849070000,16.8(-0.59 %),960,16180000,51370,865250000,70130148,15.0
09/01/2018,-23900,-401680000,17.1(1.79 %),0,0,23900,401680000,70130158,15.0
10/01/2018,-3950,-67150000,17(-0.58 %),0,0,3950,67150000,70320848,14.9
11/01/2018,-121260,-2036520000,16.8(-1.18 %),0,0,121260,2036520000,70372218,14.88
12/01/2018,4730,79700000,17.1(1.79 %),4950,83410000,220,3710000,70391168,14.87
15/01/2018,-109350,-1834370000,16.7(-2.34 %),0,0,109350,1834370000,70395118,14.87
16/01/2018,-140480,-2362310000,16.9(1.20 %),5000,84000000,145480,2446310000,70511378,14.81
17/01/2018,-24220,-408070000,16.9(0.00 %),3780,63130000,28000,471200000,70507818,14.81
18/01/2018,0,0,16.9(0.00 %),0,0,0,0,70617168,14.76
19/01/2018,0,0,17(0.59 %),0,0,0,0,70762648,14.69
22/01/2018,0,0,16.9(-0.59 %),0,0,0,0,70790648,14.68
25/01/2018,11000,187000000,17.1(1.18 %),11000,187000000,0,0,70779648,14.68
26/01/2018,-10000,-169360000,17.1(0.00 %),0,0,10000,169360000,70779648,14.68
29/01/2018,-9160,-156810000,17.15(0.29 %),0,0,9160,156810000,70779648,14.68
30/01/2018,29840,510260000,17.1(-0.29 %),30000,513000000,160,2740000,70749653,14.7
31/01/2018,-29260,-495500000,16.95(-0.88 %),30000,508500000,59260,1004000000,70729653,14.71
01/02/2018,-3840,-64810000,16.9(-0.29 %),200,3390000,4040,68200000,70738613,14.7
02/02/2018,-3200,-53830000,16.85(-0.30 %),0,0,3200,53830000,70738773,14.7
05/02/2018,-7960,-133720000,17(0.89 %),0,0,7960,133720000,70798033,14.67
06/02/2018,-26920,-446810000,16.7(-1.76 %),580,9690000,27500,456500000,70801493,14.67
07/02/2018,-17000,-286200000,16.9(1.20 %),0,0,17000,286200000,70804693,14.67
08/02/2018,-22160,-373800000,16.9(0.00 %),0,0,22160,373800000,70812653,14.67
09/02/2018,-6500,-109200000,16.8(-0.59 %),0,0,6500,109200000,70840153,14.65
12/02/2018,-3440,-58440000,16.9(0.60 %),560,9510000,4000,67950000,70856593,14.64
13/02/2018,-27820,-470730000,17.1(1.18 %),0,0,27820,470730000,70878753,14.63
21/02/2018,-5000,-86000000,17.2(0.58 %),0,0,5000,86000000,70885253,14.63
22/02/2018,-10100,-173760000,17.15(-0.29 %),0,0,10100,173760000,70889253,14.63
23/02/2018,-10900,-188690000,17.35(1.17 %),100,1740000,11000,190430000,70916983,14.61
26/02/2018,-8000,-138450000,17.2(-0.86 %),0,0,8000,138450000,70921983,14.61
27/02/2018,-17290,-297600000,17.3(0.58 %),0,0,17290,297600000,70932083,14.61
28/02/2018,0,0,17.4(0.58 %),0,0,0,0,70943083,14.6
01/03/2018,-4900,-85260000,17.4(0.00 %),0,0,4900,85260000,70951083,14.6
02/03/2018,-2700,-46840000,17.4(0.00 %),0,0,2700,46840000,70968373,14.59
05/03/2018,5750,100620000,17.4(0.00 %),14000,245000000,8250,144380000,70954373,14.6
06/03/2018,-60,-1050000,17.5(0.57 %),0,0,60,1050000,70959273,14.59
07/03/2018,0,0,17.5(0.00 %),0,0,0,0,70961973,14.59
08/03/2018,-5000,-87170000,17.45(-0.29 %),0,0,5000,87170000,70970223,14.59
09/03/2018,-104000,-1819170000,17.45(0.00 %),0,0,104000,1819170000,70970283,14.59
12/03/2018,0,0,17.8(2.01 %),0,0,0,0,70970283,14.59
13/03/2018,-44860,-791620000,17.5(-1.69 %),0,0,44860,791620000,70975288,14.59
14/03/2018,0,0,17.9(2.29 %),0,0,0,0,71079288,14.54
15/03/2018,-2400,-42570000,17.8(-0.56 %),0,0,2400,42570000,71079288,14.54
16/03/2018,-163730,-2869840000,17.5(-1.69 %),0,0,163730,2869840000,71124148,14.51
19/03/2018,6200,108500000,17.8(1.71 %),6200,108500000,0,0,71117948,14.52
20/03/2018,-50310,-871640000,17.7(-0.56 %),140000,2419060000,190310,3290700000,71120348,14.52
21/03/2018,0,0,17.6(-0.56 %),0,0,0,0,71284078,14.44
22/03/2018,-99480,-1707930000,17.5(-0.57 %),900,15480000,100380,1723410000,71283178,14.44
23/03/2018,0,0,17.2(-1.71 %),0,0,0,0,71333488,14.41
26/03/2018,-7200,-123840000,17.2(0.00 %),0,0,7200,123840000,71333488,14.41
27/03/2018,0,0,17.35(0.87 %),0,0,0,0,71433868,14.36
28/03/2018,0,0,17.55(1.15 %),0,0,0,0,71433868,14.36
29/03/2018,-12000,-210000000,17.55(0.00 %),0,0,12000,210000000,71441068,14.36
30/03/2018,0,0,17.6(0.28 %),0,0,0,0,71441068,14.36
02/04/2018,0,0,17.5(-0.57 %),0,0,0,0,71441068,14.36
03/04/2018,0,0,17.4(-0.57 %),0,0,0,0,71453068,14.35
04/04/2018,0,0,17.5(0.57 %),0,0,0,0,71453068,14.35
05/04/2018,-90,-1580000,17.45(-0.29 %),0,0,90,1580000,71453068,14.35
06/04/2018,0,0,17.8(2.01 %),0,0,0,0,71453068,14.35
09/04/2018,0,0,17.8(0.00 %),0,0,0,0,71453068,14.35
10/04/2018,0,0,17.7(-0.56 %),0,0,0,0,71453158,14.35
11/04/2018,-17580,-308810000,17.5(-1.13 %),0,0,17580,308810000,71453158,14.35
12/04/2018,-3420,-59850000,17.7(1.14 %),0,0,3420,59850000,71453158,14.35
13/04/2018,0,0,17.8(0.56 %),0,0,0,0,71453158,14.35
16/04/2018,0,0,18(1.12 %),0,0,0,0,71470738,14.35
17/04/2018,-15120,-272170000,18.1(0.56 %),0,0,15120,272170000,71474158,14.34
18/04/2018,-5080,-91670000,18.2(0.55 %),0,0,5080,91670000,71474158,14.34
19/04/2018,-4830,-84530000,17.5(1.74 %),0,0,4830,84530000,71474158,14.34
20/04/2018,-8980,-154850000,17.4(-0.57 %),100,1730000,9080,156580000,71489178,14.34
23/04/2018,0,0,17.1(-1.72 %),0,0,0,0,71494258,14.33
24/04/2018,-530,-8960000,17(-0.58 %),0,0,530,8960000,71499088,14.33
26/04/2018,-2600,-43890000,16.9(-0.59 %),0,0,2600,43890000,71508168,14.33
27/04/2018,0,0,16.9(0.00 %),0,0,0,0,71508170,14.33
02/05/2018,0,0,17(0.59 %),0,0,0,0,71508700,14.33
03/05/2018,0,0,17(0.00 %),0,0,0,0,71511300,14.33
04/05/2018,50,850000,17(0.00 %),50,850000,0,0,71511256,14.33
07/05/2018,500,8950000,17(0.00 %),500,8950000,0,0,71510756,14.33
08/05/2018,-5950,-100450000,16.7(-1.76 %),0,0,5950,100450000,71510756,14.33
09/05/2018,2500,41750000,16.7(0.00 %),2500,41750000,0,0,71508256,14.33
10/05/2018,0,0,16.7(0.00 %),0,0,0,0,71508256,14.33
11/05/2018,-1260,-21040000,16.7(0.00 %),0,0,1260,21040000,71514206,14.32
14/05/2018,3000,50100000,16.7(0.00 %),3000,50100000,0,0,71511206,14.33
15/05/2018,0,0,16.9(1.20 %),0,0,0,0,71511206,14.33
16/05/2018,0,0,16.9(0.00 %),0,0,0,0,71512466,14.33
17/05/2018,0,0,17(0.59 %),0,0,0,0,71512466,14.33
18/05/2018,-2280,-38080000,16.9(-0.59 %),0,0,2280,38080000,71512466,14.33
21/05/2018,-160,-2670000,16.8(-0.59 %),0,0,160,2670000,71512466,14.33
22/05/2018,10,170000,16.7(-0.60 %),10,170000,0,0,71512456,14.33
23/05/2018,0,0,16.8(0.60 %),0,0,0,0,71514736,14.32
24/05/2018,0,0,16.65(-0.89 %),0,0,0,0,71514896,14.32
25/05/2018,1500,24750000,16.5(-0.90 %),1500,24750000,0,0,71513396,14.33
28/05/2018,-3300,-54450000,16.45(-0.30 %),0,0,3300,54450000,71513396,14.33
29/05/2018,0,0,16.7(1.52 %),0,0,0,0,71513396,14.33
30/05/2018,0,0,16.7(0.00 %),0,0,0,0,71513396,14.33
31/05/2018,3000,49800000,16.8(0.60 %),3000,49800000,0,0,71513696,14.33
01/06/2018,0,0,16.8(0.00 %),0,0,0,0,71513696,14.33
04/06/2018,0,0,16.85(0.30 %),0,0,0,0,71513696,14.33
05/06/2018,0,0,16.8(-0.30 %),0,0,0,0,71513696,14.33
06/06/2018,0,0,16.85(0.30 %),0,0,0,0,71513696,14.33
07/06/2018,0,0,17(0.89 %),0,0,0,0,71513696,14.33
08/06/2018,1000,17000000,17.4(2.35 %),1000,17000000,0,0,71512696,14.33
11/06/2018,0,0,17.55(0.86 %),0,0,0,0,71512696,14.33
12/06/2018,-27790,-473340000,17(-3.13 %),0,0,27790,473340000,71512701,14.33
13/06/2018,0,0,17.2(1.18 %),0,0,0,0,71512701,14.33
14/06/2018,-810,-13830000,17.4(1.16 %),0,0,810,13830000,71512701,14.33
15/06/2018,0,0,17.2(-1.15 %),0,0,0,0,71540491,14.31
18/06/2018,0,0,17(-1.16 %),0,0,0,0,71540491,14.31
19/06/2018,700,11180000,16.8(-1.18 %),3000,50400000,2300,39220000,71538301,14.31
20/06/2018,-2000,-33810000,17(1.19 %),0,0,2000,33810000,71538301,14.31
21/06/2018,-17230,-292860000,17.2(1.18 %),0,0,17230,292860000,71538301,14.31
22/06/2018,0,0,17.05(-0.87 %),0,0,0,0,71540601,14.31
25/06/2018,-21800,-372690000,17.1(0.29 %),8200,140220000,30000,512910000,71534401,14.32
26/06/2018,-6000,-102600000,17.2(0.58 %),0,0,6000,102600000,71551631,14.31
27/06/2018,-40140,-690410000,17.2(0.00 %),0,0,40140,690410000,71551631,14.31
28/06/2018,17890,308850000,17.2(0.00 %),26000,448350000,8110,139500000,71555631,14.3
29/06/2018,-9970,-171484000,17.3(0.58 %),0,0,9970,171484000,71565601,14.3
02/07/2018,0,0,17.3(0.00 %),0,0,0,0,71601771,14.28
03/07/2018,0,0,16.85(-2.60 %),0,0,0,0,71609881,14.28
04/07/2018,480,8060000,17(0.89 %),480,8060000,0,0,71619371,14.27
05/07/2018,0,0,17(0.00 %),0,0,0,0,71619371,14.27
06/07/2018,0,0,17(0.00 %),0,0,0,0,71619371,14.27
09/07/2018,-170,-2890000,17(0.00 %),0,0,170,2890000,71619371,14.27
10/07/2018,-9980,-169660000,17(0.00 %),0,0,9980,169660000,71619371,14.27
11/07/2018,-22300,-379100000,16.35(-3.82 %),0,0,22300,379100000,71619371,14.27
12/07/2018,0,0,17(3.98 %),0,0,0,0,71619371,14.27
13/07/2018,0,0,17(0.00 %),0,0,0,0,71629521,14.27
16/07/2018,0,0,17.2(1.18 %),0,0,0,0,71651821,14.26
17/07/2018,0,0,17.2(0.00 %),0,0,0,0,71651821,14.26
18/07/2018,-95590,-1625470000,16.95(-1.45 %),0,0,95590,1625470000,71651821,14.26
19/07/2018,200,3420000,17(0.29 %),200,3420000,0,0,71651621,14.26
20/07/2018,0,0,17.2(1.18 %),0,0,0,0,71651621,14.26
23/07/2018,0,0,17.3(0.58 %),0,0,0,0,71651621,14.26
24/07/2018,-5080,-87860000,17.1(-1.16 %),0,0,5080,87860000,71747211,14.21
25/07/2018,0,0,17.2(0.58 %),0,0,0,0,71747211,14.21
26/07/2018,0,0,17.3(0.58 %),0,0,0,0,71747211,14.21
27/07/2018,0,0,17.3(0.00 %),0,0,0,0,71752291,14.21
30/07/2018,-7000,-119700000,17.35(0.29 %),0,0,7000,119700000,71752291,14.21
31/07/2018,20,350000,17.4(0.29 %),20,350000,0,0,71752271,14.21
01/08/2018,100,1740000,17.6(1.15 %),700,12180000,600,10440000,71751571,14.21
02/08/2018,0,0,17.6(0.00 %),0,0,0,0,71758571,14.21
03/08/2018,0,0,17.6(0.00 %),0,0,0,0,71758571,14.21
06/08/2018,0,0,17.85(1.42 %),0,0,0,0,71758571,14.21
07/08/2018,100,1790000,17.7(-0.84 %),100,1790000,0,0,71759071,14.21
08/08/2018,5000,89750000,17.8(0.56 %),5000,89750000,0,0,71754071,14.21
09/08/2018,0,0,17.65(-0.84 %),0,0,0,0,71754071,14.21
10/08/2018,0,0,17.8(0.85 %),0,0,0,0,71754071,14.21
13/08/2018,-4800,-85200000,17.85(0.28 %),200,3570000,5000,88770000,71753871,14.21
14/08/2018,-19030,-339830000,17.85(0.00 %),0,0,19030,339830000,71753871,14.21
15/08/2018,-3850,-68920000,17.7(-0.84 %),0,0,3850,68920000,71753871,14.21
16/08/2018,0,0,17.75(0.28 %),0,0,0,0,71758871,14.21
17/08/2018,0,0,17.8(0.28 %),0,0,0,0,71758871,14.21
20/08/2018,-50000,-889420000,17.65(-0.84 %),0,0,50000,889420000,71781751,14.2
21/08/2018,-103230,-1822400000,17.45(-1.13 %),0,0,103230,1822400000,71781751,14.2
22/08/2018,-104780,-1817000000,17.3(-0.86 %),0,0,104780,1817000000,71781751,14.2
23/08/2018,-101160,-1751068000,17.2(-0.58 %),0,0,101160,1751068000,71882911,14.15
24/08/2018,-101160,-1744320000,17.2(0.00 %),0,0,101160,1744320000,71934981,14.12
27/08/2018,-111290,-1915030000,17.15(-0.29 %),0,0,111290,1915030000,72039761,14.07
28/08/2018,-121390,-2085460000,17.15(0.00 %),0,0,121390,2085460000,72140921,14.02
29/08/2018,-151750,-2610050000,17.2(0.29 %),0,0,151750,2610050000,72242081,13.97
30/08/2018,-171980,-2960020000,17.2(0.00 %),0,0,171980,2960020000,72353371,13.92
31/08/2018,0,0,17.2(0.00 %),0,0,0,0,72474761,13.86
04/09/2018,0,0,17.25(0.29 %),0,0,0,0,72626511,13.79
05/09/2018,0,0,17.3(0.29 %),0,0,0,0,72798491,13.7
06/09/2018,0,0,17.2(-0.58 %),0,0,0,0,72798491,13.7
07/09/2018,0,0,17.25(0.29 %),0,0,0,0,72798491,13.7
10/09/2018,0,300000,17.35(0.58 %),3000,52200000,3000,51900000,72795491,13.7
11/09/2018,50,870000,17.45(0.58 %),50,870000,0,0,72795441,13.7
12/09/2018,0,0,17.5(0.29 %),0,0,0,0,72795441,13.7
13/09/2018,0,0,17.3(-1.14 %),0,0,0,0,72798441,13.7
14/09/2018,-1590,-27670000,17.4(0.58 %),0,0,1590,27670000,72798441,13.7
17/09/2018,0,0,17.45(0.29 %),0,0,0,0,72798441,13.7
18/09/2018,140,2440000,17.5(0.29 %),140,2440000,0,0,72798301,13.7
19/09/2018,8730,152340000,17.4(-0.57 %),8940,156000000,210,3660000,72790951,13.71
20/09/2018,0,0,17.4(0.00 %),0,0,0,0,72790951,13.71
21/09/2018,-190,-3320000,17.4(0.00 %),0,0,190,3320000,72790951,13.71
24/09/2018,0,0,17.6(1.15 %),0,0,0,0,72791161,13.71
25/09/2018,0,0,17.6(0.00 %),0,0,0,0,72791161,13.71
26/09/2018,-310,-5460000,17.6(0.00 %),0,0,310,5460000,72790531,13.71
27/09/2018,-190,-3350000,17.6(0.00 %),300,5280000,490,8630000,72790231,13.71
28/09/2018,15000,264000000,17.6(0.00 %),15000,264000000,0,0,72775231,13.71
01/10/2018,930,16370000,17.6(0.00 %),930,16370000,0,0,72774605,13.71
02/10/2018,0,0,17.6(0.00 %),0,0,0,0,72774605,13.71
03/10/2018,-18350,-322960000,17.5(-0.57 %),1000,17600000,19350,340560000,72774095,13.71
04/10/2018,0,0,17.55(0.29 %),0,0,0,0,72774095,13.71
05/10/2018,0,0,17.6(0.28 %),0,0,0,0,72774095,13.71
08/10/2018,100,1770000,17.7(0.57 %),100,1770000,0,0,72793345,13.7
09/10/2018,0,0,17.6(-0.56 %),0,0,0,0,72793345,13.7
10/10/2018,-8030,-143080000,17.65(0.28 %),970,17120000,9000,160200000,72792375,13.71
11/10/2018,0,0,17.4(-1.42 %),0,0,0,0,72792375,13.71
12/10/2018,0,0,17.6(1.15 %),0,0,0,0,72792375,13.71
15/10/2018,0,0,17.5(-0.57 %),146480,2563400000,146480,2563400000,72801375,13.7
16/10/2018,0,0,17.6(0.57 %),0,0,0,0,72801375,13.7
17/10/2018,0,0,17.6(0.00 %),0,0,0,0,72801375,13.7
18/10/2018,0,0,17.5(-0.57 %),0,0,0,0,72801375,13.7
19/10/2018,-2910,-51220000,17.6(0.57 %),0,0,2910,51220000,72801375,13.7
22/10/2018,-13880,-244280000,17.6(0.00 %),20,360000,13900,244640000,72801355,13.7
23/10/2018,-1990,-34974000,17.35(-1.42 %),0,0,1990,34974000,72803345,13.7
24/10/2018,-2000,-34800000,17.4(0.29 %),0,0,2000,34800000,72804265,13.7
25/10/2018,-15820,-270770000,17.2(-1.15 %),0,0,15820,270770000,72818165,13.69
26/10/2018,0,0,17.1(-0.58 %),0,0,0,0,72820155,13.69
29/10/2018,-13600,-229680000,17(-0.58 %),0,0,13600,229680000,72822155,13.69
30/10/2018,-11000,-187000000,17(0.00 %),0,0,11000,187000000,72833155,13.69
31/10/2018,-12700,-215900000,17.1(0.59 %),0,0,12700,215900000,72845855,13.68
01/11/2018,-10500,-178260000,16.9(-1.17 %),0,0,10500,178260000,72851575,13.68
02/11/2018,-1400,-23660000,16.9(0.00 %),0,0,1400,23660000,72852975,13.68
05/11/2018,0,0,16.9(0.00 %),0,0,0,0,72875275,13.67
06/11/2018,0,0,16.9(0.00 %),0,0,0,0,72885775,13.66
07/11/2018,0,0,17(0.59 %),0,0,0,0,72887175,13.66
08/11/2018,0,0,17(0.00 %),0,0,0,0,72887175,13.66
09/11/2018,0,0,17(0.00 %),0,0,0,0,72887175,13.66
12/11/2018,0,0,17(0.00 %),0,0,0,0,72887175,13.66
13/11/2018,0,0,16.7(-1.76 %),0,0,0,0,72887175,13.66
14/11/2018,-20830,-347500000,16.7(0.00 %),650,10890000,21480,358390000,72886525,13.66
15/11/2018,0,0,16.7(0.00 %),0,0,0,0,72886525,13.66
16/11/2018,0,0,16.7(0.00 %),0,0,0,0,72886525,13.66
19/11/2018,0,0,16.7(0.00 %),0,0,0,0,72908005,13.65
20/11/2018,0,0,17(1.80 %),0,0,0,0,72908005,13.65
21/11/2018,0,0,17(0.00 %),0,0,0,0,72908005,13.65
22/11/2018,0,0,16.7(-1.76 %),0,0,0,0,72908005,13.65
23/11/2018,-35040,-589120000,16.85(0.90 %),0,0,35040,589120000,72908005,13.65
26/11/2018,0,0,16.85(0.00 %),0,0,0,0,72908005,13.65
27/11/2018,0,0,16.8(-0.30 %),0,0,0,0,72908005,13.65
28/11/2018,0,0,16.8(0.00 %),0,0,0,0,72943045,13.63
29/11/2018,0,0,16.6(-1.19 %),0,0,0,0,72943045,13.63
30/11/2018,-14010,-234820000,16.8(1.20 %),0,0,14010,234820000,72943045,13.63
03/12/2018,-24980,-419350000,16.8(0.00 %),0,0,24980,419350000,72943045,13.63
04/12/2018,-20770,-348840000,16.8(0.00 %),0,0,20770,348840000,72943045,13.63
05/12/2018,-14180,-239082000,16.8(0.00 %),0,0,14180,239082000,72957225,13.63
06/12/2018,-18850,-319120000,16.8(0.00 %),0,0,18850,319120000,72982035,13.61
07/12/2018,-24220,-406580000,16.75(-0.30 %),0,0,24220,406580000,73002805,13.6
10/12/2018,0,0,17.4(3.88 %),0,0,0,0,73016985,13.6
11/12/2018,0,0,17(-2.30 %),0,0,0,0,73035835,13.59
12/12/2018,-13000,-218980000,16.9(-0.59 %),0,0,13000,218980000,73060055,13.58
13/12/2018,-18750,-317280000,16.9(0.00 %),0,0,18750,317280000,73060055,13.58
14/12/2018,-13300,-224870000,16.9(0.00 %),0,0,13300,224870000,73060055,13.58
17/12/2018,-14950,-252660000,16.9(0.00 %),0,0,14950,252660000,73073055,13.57
18/12/2018,0,0,16.9(0.00 %),0,0,0,0,73091805,13.56
19/12/2018,-23100,-390390000,16.9(0.00 %),0,0,23100,390390000,73105105,13.55
20/12/2018,0,0,17(0.59 %),0,0,0,0,73120055,13.55
21/12/2018,-370,-6290000,17(0.00 %),0,0,370,6290000,73120055,13.55
24/12/2018,0,0,16.8(-1.18 %),0,0,0,0,73143155,13.54
25/12/2018,0,0,16.9(0.60 %),0,0,0,0,73143155,13.54
26/12/2018,0,0,16.9(0.00 %),0,0,0,0,73143155,13.54
27/12/2018,0,0,17(0.59 %),0,0,0,0,73143525,13.53
28/12/2018,0,0,16.75(-1.47 %),0,0,0,0,73143525,13.53
02/01/2019,0,0,17.5(4.48 %),0,0,0,0,73143525,13.53
03/01/2019,-50,-830000,16.6(-5.14 %),0,0,50,830000,73143525,13.53
04/01/2019,0,0,16.6(0.00 %),0,0,0,0,73143525,13.53
07/01/2019,0,0,17.3(4.22 %),0,0,0,0,73143525,13.53
08/01/2019,0,0,17.2(-0.58 %),0,0,0,0,73143575,13.53
09/01/2019,0,0,17.15(-0.29 %),0,0,0,0,73143575,13.53
10/01/2019,-10,-170000,17.1(-0.29 %),0,0,10,170000,73143575,13.53
11/01/2019,0,0,17.1(0.00 %),0,0,0,0,73143575,13.53
14/01/2019,0,0,17.1(0.00 %),0,0,0,0,73143575,13.53
15/01/2019,-11540,-195880000,16.75(-2.05 %),0,0,11540,195880000,73143585,13.53
16/01/2019,-19310,-330466500,17.15(2.39 %),0,0,19310,330466500,73162895,13.53
17/01/2019,0,0,16.8(-2.04 %),0,0,0,0,73143585,13.53
18/01/2019,0,0,16.8(0.00 %),0,0,0,0,73155125,13.53
21/01/2019,-10000,-170000000,17(1.19 %),0,0,10000,170000000,73174435,13.52
22/01/2019,-16830,-287600000,17.1(0.59 %),1000,17150000,17830,304750000,73173435,13.52
23/01/2019,0,0,17.2(0.58 %),0,0,0,0,73173435,13.52
24/01/2019,-22000,-378480000,17.2(0.00 %),0,0,22000,378480000,73183435,13.52
25/01/2019,0,0,17(-1.16 %),0,0,0,0,73201265,13.51
28/01/2019,-17250,-293710000,17.05(0.29 %),0,0,17250,293710000,73201265,13.51
29/01/2019,-29160,-497033500,17.1(0.29 %),0,0,29160,497033500,73241845,13.49
30/01/2019,-16210,-275833500,17.05(-0.29 %),0,0,16210,275833500,73258055,13.48
31/01/2019,-10,-172000,17.2(0.88 %),0,0,10,172000,73258065,13.48
01/02/2019,-18730,-321180000,17.15(-0.29 %),9000,153900000,27730,475080000,73260675,13.48
11/02/2019,-10000,-171000000,17.15(0.00 %),0,0,10000,171000000,73276885,13.47
12/02/2019,-31870,-546974500,17.2(0.29 %),0,0,31870,546974500,73302545,13.46
13/02/2019,-29490,-507680000,17.25(0.29 %),0,0,29490,507680000,73304625,13.46
14/02/2019,0,0,17(-1.45 %),0,0,0,0,73332035,13.44
15/02/2019,-49310,-851910000,17.3(1.76 %),0,0,49310,851910000,73346495,13.44
18/02/2019,-22000,-380600000,17.3(0.00 %),0,0,22000,380600000,73403345,13.41
19/02/2019,-24690,-427140000,17.3(0.00 %),0,0,24690,427140000,73375985,13.42
20/02/2019,-82900,-1414603000,17(-1.73 %),100,1700000,83000,1416303000,73510935,13.36
21/02/2019,-204710,-3480090000,17(0.00 %),0,0,204710,3480090000,73447195,13.39
22/02/2019,0,0,17(0.00 %),0,0,0,0,73715645,13.26
25/02/2019,-32240,-554380000,17.2(1.18 %),14000,240640000,46240,795020000,73747885,13.24
26/02/2019,-20030,-340761500,17.05(-0.87 %),0,0,20030,340761500,73767915,13.23
27/02/2019,-41980,-720490000,17.25(1.17 %),0,0,41980,720490000,73809895,13.21
28/02/2019,-22000,-379204000,17(-1.45 %),0,0,22000,379204000,73831895,13.2
01/03/2019,-2000,-34000000,17.1(0.59 %),0,0,2000,34000000,73811865,13.21
04/03/2019,-160,-2770000,17.1(0.00 %),0,0,160,2770000,73853845,13.19
05/03/2019,-3690,-63470000,17.15(0.29 %),0,0,3690,63470000,73875845,13.18
06/03/2019,0,0,17.15(0.00 %),0,0,0,0,73877845,13.18
07/03/2019,0,0,17.2(0.29 %),0,0,0,0,73878005,13.18
08/03/2019,0,0,17.3(0.58 %),0,0,0,0,73881695,13.18
11/03/2019,0,0,17.45(0.87 %),0,0,0,0,73881695,13.18
12/03/2019,-10,-173000,17.4(-0.29 %),0,0,10,173000,73815725,13.21
13/03/2019,0,0,17.6(1.15 %),0,0,0,0,73881695,13.18
14/03/2019,-1500,-25800000,17.2(-2.27 %),0,0,1500,25800000,73881695,13.18
15/03/2019,-5340,-91040000,17.1(-0.58 %),0,0,5340,91040000,73881705,13.18
18/03/2019,-130950,-2261940000,17.3(1.17 %),0,0,130950,2261940000,73881705,13.18
19/03/2019,0,0,17.1(-1.16 %),0,0,0,0,74012655,13.11
20/03/2019,0,0,17.15(0.29 %),0,0,0,0,74012655,13.11
21/03/2019,300,5160000,17.3(0.87 %),300,5160000,0,0,74019195,13.11
22/03/2019,0,0,17.4(0.58 %),0,0,0,0,74019195,13.11
25/03/2019,-500,-8650000,17.3(-0.57 %),0,0,500,8650000,74019195,13.11
26/03/2019,11000,192500000,17.3(0.00 %),11000,192500000,0,0,74008195,13.12
27/03/2019,-25150,-435060000,17.2(-0.58 %),10000,173000000,35150,608060000,73998195,13.12
28/03/2019,3110,53500000,17.2(0.00 %),4430,76200000,1320,22700000,73994265,13.12
29/03/2019,0,0,17.25(0.29 %),0,0,0,0,74023895,13.11
01/04/2019,-2650,-45650000,17.1(-0.87 %),0,0,2650,45650000,74029415,13.11
02/04/2019,-2170,-37324000,17.15(0.29 %),0,0,2170,37324000,74031585,13.1
03/04/2019,0,0,17.15(0.00 %),0,0,0,0,74031585,13.1
04/04/2019,400,6860000,17.15(0.00 %),400,6860000,0,0,74032985,13.1
05/04/2019,4860,84078000,17.3(0.87 %),5010,86673000,150,2595000,74026325,13.11
08/04/2019,-5000,-86750000,17.35(0.29 %),0,0,5000,86750000,74031325,13.1
09/04/2019,-26500,-464900000,17.4(0.29 %),0,0,26500,464900000,74057825,13.09
10/04/2019,6000,106200000,17.55(0.86 %),6000,106200000,0,0,74051825,13.09
11/04/2019,-9830,-175190000,17.6(0.28 %),100,1760000,9930,176950000,74029195,13.11
12/04/2019,-25800,-454140000,17.3(-1.70 %),200,3460000,26000,457600000,74087455,13.08
16/04/2019,17590,314320000,17.9(3.47 %),23220,415100000,5630,100780000,74032275,13.1
17/04/2019,-2890,-51720000,17.6(-1.68 %),110,1980000,3000,53700000,74042095,13.1
18/04/2019,-19460,-350970000,17.35(-1.42 %),5810,102290000,25270,453260000,74092215,13.07
19/04/2019,12800,227370000,17.5(0.86 %),20300,362220000,7500,134850000,74079415,13.08
22/04/2019,15770,280850000,18(2.86 %),31590,566110000,15820,285260000,74019025,13.11
23/04/2019,4170,75060000,18.15(0.83 %),4170,75060000,0,0,74059475,13.09
24/04/2019,9020,166570000,18.5(1.93 %),9020,166570000,0,0,74038605,13.1
25/04/2019,18800,348500000,18.5(0.00 %),18800,348500000,0,0,74035625,13.1
26/04/2019,39360,741570000,18.5(0.00 %),39360,741570000,0,0,73996265,13.12
02/05/2019,6120,110370000,18(-2.70 %),20120,369370000,14000,259000000,73976145,13.13
03/05/2019,50750,956010000,18.9(5.00 %),72750,1374010000,22000,418000000,73903395,13.17
06/05/2019,29880,564039000,19(0.53 %),30070,567611000,190,3572000,73915635,13.16
07/05/2019,19350,369920000,18.7(-1.58 %),19350,369920000,0,0,73867975,13.18
08/05/2019,15020,286200000,18.8(0.53 %),23020,439500000,8000,153300000,73866955,13.18
09/05/2019,31560,603860000,18.9(0.53 %),31560,603860000,0,0,73835585,13.2
10/05/2019,13840,264489000,18.7(-1.06 %),21790,416010000,7950,151521000,73835865,13.2
13/05/2019,-60500,-1130842000,18.6(-0.53 %),7040,132651000,67540,1263493000,73896365,13.17
14/05/2019,-219190,-4139878000,18.7(0.54 %),15020,283384000,234210,4423262000,74115555,13.06
15/05/2019,-148810,-2826969000,19.4(3.74 %),3450,65664500,152260,2892633500,74264365,12.99
16/05/2019,0,0,19.15(-1.29 %),0,0,0,0,74264365,12.99
17/05/2019,-23500,-450570000,19.2(0.26 %),13500,260330000,37000,710900000,74092490,13.07
20/05/2019,-40800,-779560000,19.1(-0.52 %),22200,429540000,63000,1209100000,74222550,13.01
21/05/2019,3250,62330000,19.1(0.00 %),3250,62330000,0,0,74219300,13.01
22/05/2019,10870,210750000,19.1(0.00 %),26870,515700000,16000,304950000,74229430,13.01
23/05/2019,13100,254660000,19.1(0.00 %),13100,254660000,0,0,74279330,12.98
24/05/2019,9000,175350000,19.3(1.05 %),20000,389850000,11000,214500000,74259330,12.99
27/05/2019,7500,143860000,19.1(-1.04 %),7500,143860000,0,0,74267830,12.99
28/05/2019,13350,256162000,19.3(1.05 %),16350,313462000,3000,57300000,74238480,13.0
29/05/2019,11700,226710000,19.35(0.26 %),12700,246210000,1000,19500000,74249780,13.0
30/05/2019,25290,490991000,19.4(0.26 %),25690,498751000,400,7760000,74201490,13.02
31/05/2019,14390,280710000,19(-2.06 %),14390,280710000,0,0,74212700,13.02
03/06/2019,0,0,19.05(0.26 %),0,0,0,0,74213700,13.02
04/06/2019,7580,144778000,19.1(0.26 %),7610,145351000,30,573000,74206120,13.02
05/06/2019,-49050,-936360000,19.2(0.52 %),3000,57800000,52050,994160000,74203490,13.02
06/06/2019,3720,71780000,19.1(-0.52 %),3720,71780000,0,0,74199770,13.02
07/06/2019,-14000,-267800000,19.2(0.52 %),2110,40301000,16110,308101000,74265450,12.99
10/06/2019,0,0,19.2(0.00 %),0,0,0,0,74265450,12.99
11/06/2019,1080,21440000,19.2(0.00 %),15080,290240000,14000,268800000,74234660,13.01
12/06/2019,-18930,-362800000,19.2(0.00 %),9070,174800000,28000,537600000,74241700,13.0
13/06/2019,-1280,-24580000,19.2(0.00 %),9800,188160000,11080,212740000,74231900,13.01
14/06/2019,6000,118200000,19.2(0.00 %),10000,195000000,4000,76800000,74248870,13.0
17/06/2019,2070,39820000,19.1(-0.52 %),2070,39820000,0,0,74261830,12.99
18/06/2019,3000,57980000,19.2(0.52 %),3000,57980000,0,0,74269915,12.99
19/06/2019,3800,72450000,19(-1.04 %),3800,72450000,0,0,74270115,12.99
20/06/2019,2000,38800000,19(0.00 %),2000,38800000,0,0,74268115,12.99
21/06/2019,2700,51300000,19(0.00 %),2700,51300000,0,0,74265415,12.99
24/06/2019,130,2470000,18.6(-2.11 %),1410,26790000,1280,24320000,74264005,12.99
25/06/2019,7000,131320000,18.5(-0.54 %),7000,131320000,0,0,74257005,13.0
26/06/2019,2600,49240000,18.8(1.62 %),2600,49240000,0,0,74254405,13.0
27/06/2019,0,0,18.1(-3.72 %),1500,27750000,1500,27750000,74254185,13.0
28/06/2019,-5200,-92660000,17.9(-1.10 %),1300,23140000,6500,115800000,74252885,13.0
01/07/2019,14900,266760000,18.4(2.79 %),14900,266760000,0,0,74252885,13.0
02/07/2019,11000,202400000,18.5(0.54 %),11000,202400000,0,0,74241885,13.0
03/07/2019,0,0,18.5(0.00 %),0,0,0,0,74241885,13.0
04/07/2019,7500,141150000,18.5(0.00 %),7500,141150000,0,0,74234385,13.01
05/07/2019,870,16352000,18.5(0.00 %),1020,19142000,150,2790000,74233515,13.01
08/07/2019,2000,37191000,18.6(0.54 %),2000,37191000,0,0,74231515,13.01
09/07/2019,0,0,18.6(0.00 %),0,0,0,0,74231515,13.01
10/07/2019,2000,37984000,18.75(0.81 %),2000,37984000,0,0,74229515,13.01
11/07/2019,0,0,18.75(0.00 %),0,0,0,0,74229515,13.01
12/07/2019,-5500,-103130000,18.75(0.00 %),0,0,5500,103130000,74222615,13.01
15/07/2019,0,0,18.8(0.27 %),0,0,0,0,74235015,13.01
16/07/2019,2600,49350000,18.8(0.00 %),2600,49350000,0,0,74220015,13.01
17/07/2019,2000,37600000,18.8(0.00 %),2000,37600000,0,0,74230415,13.01
18/07/2019,0,0,18.8(0.00 %),0,0,0,0,74230415,13.01
19/07/2019,0,0,19(1.06 %),0,0,0,0,74230415,13.01
22/07/2019,0,0,18.5(-2.63 %),0,0,0,0,74230415,13.01
23/07/2019,0,0,18.7(1.08 %),0,0,0,0,74230415,13.01
24/07/2019,10150,194860000,19(1.60 %),10150,194860000,0,0,74213365,13.02
25/07/2019,1500,28800000,19(0.00 %),1500,28800000,0,0,74218765,13.01
26/07/2019,0,0,19(0.00 %),0,0,0,0,74218765,13.01
29/07/2019,-3880,-73720000,19(0.00 %),4700,89540000,8580,163260000,74207165,13.02
30/07/2019,500,9500000,19(0.00 %),500,9500000,0,0,74222145,13.01
31/07/2019,-6000,-114000000,19.2(1.05 %),0,0,6000,114000000,74228145,13.01
01/08/2019,-74000,-1406042500,19(-1.04 %),0,0,74000,1406042500,74215245,13.02
02/08/2019,-39980,-759620000,19(0.00 %),20,380000,40000,760000000,74255225,13.0
05/08/2019,0,0,19(0.00 %),0,0,0,0,74255225,13.0
06/08/2019,2100,40120000,19(0.00 %),2100,40120000,0,0,74293125,12.98
07/08/2019,1500,28650000,19.1(0.53 %),1500,28650000,0,0,74331625,12.96
08/08/2019,-18000,-342000000,19(-0.52 %),2000,38000000,20000,380000000,74329625,12.96
09/08/2019,1200,22920000,19.1(0.53 %),1200,22920000,0,0,74328425,12.96
12/08/2019,280,5350000,19.1(0.00 %),280,5350000,0,0,74328145,12.96
13/08/2019,-10000,-190000000,19(-0.52 %),0,0,10000,190000000,74348145,12.95
14/08/2019,2500,47750000,19.2(1.05 %),2500,47750000,0,0,74345645,12.95
15/08/2019,4000,76400000,19.05(-0.78 %),4000,76400000,0,0,74341645,12.95
16/08/2019,-500,-9550000,19.1(0.26 %),5500,105050000,6000,114600000,74346145,12.95
19/08/2019,0,0,19.1(0.00 %),0,0,0,0,74346145,12.95
20/08/2019,0,0,19.2(0.52 %),0,0,0,0,74346145,12.95
21/08/2019,1000,19200000,19.2(0.00 %),1000,19200000,0,0,74351145,12.95
22/08/2019,0,0,19.25(0.26 %),0,0,0,0,74351145,12.95
23/08/2019,0,0,19.4(0.78 %),0,0,0,0,74351145,12.95
26/08/2019,1840,35700000,19.45(0.26 %),1840,35700000,0,0,74349305,12.95
27/08/2019,-8000,-154130000,19.25(-1.03 %),0,0,8000,154130000,74349305,12.95
28/08/2019,-17510,-336890000,19.2(-0.26 %),690,13460000,18200,350350000,74348615,12.95
29/08/2019,0,0,19.2(0.00 %),0,0,0,0,74348615,12.95
30/08/2019,-1840,-35330000,19.1(-0.52 %),0,0,1840,35330000,74356615,12.95
03/09/2019,0,0,19.2(0.52 %),0,0,0,0,74374815,12.94
04/09/2019,0,0,19.2(0.00 %),0,0,0,0,74374815,12.94
05/09/2019,-7890,-145900000,19.2(0.00 %),100,1920000,7990,147820000,74376555,12.94
06/09/2019,-6000,-115200000,19.2(0.00 %),0,0,6000,115200000,74388705,12.93
09/09/2019,0,0,18.55(-3.39 %),0,0,0,0,74388705,12.93
10/09/2019,-1190,-22074500,18.9(1.89 %),0,0,1190,22074500,74389895,12.93
11/09/2019,0,0,18.55(-1.85 %),0,0,0,0,74390545,12.93
12/09/2019,0,0,19(2.43 %),0,0,0,0,74390545,12.93
13/09/2019,1000,18800000,18.55(-2.37 %),2000,38000000,1000,19200000,74389735,12.93
16/09/2019,0,0,19(2.43 %),0,0,0,0,74389735,12.93
17/09/2019,0,0,19(0.00 %),0,0,0,0,74389735,12.93
18/09/2019,10000,190000000,19(0.00 %),10000,190000000,0,0,74380735,12.94
19/09/2019,0,0,19.1(0.53 %),0,0,0,0,74380735,12.94
20/09/2019,0,0,19.3(1.05 %),0,0,0,0,74380735,12.94
23/09/2019,0,0,19.1(-1.04 %),0,0,0,0,74380735,12.94
24/09/2019,23000,447240000,19.45(1.83 %),23000,447240000,0,0,74357735,12.95
25/09/2019,20000,382000000,19.1(-1.80 %),20000,382000000,0,0,74337735,12.96
26/09/2019,0,0,19.1(0.00 %),0,0,0,0,74337735,12.96
27/09/2019,3000,57300000,19.1(0.00 %),3000,57300000,0,0,74334735,12.96
30/09/2019,5800,110830000,19.35(1.31 %),5800,110830000,0,0,74328935,12.96
01/10/2019,-8000,-152800000,19.1(-1.29 %),0,0,8000,152800000,74328935,12.96
02/10/2019,0,0,19.1(0.00 %),0,0,0,0,74328935,12.96
03/10/2019,0,0,19.35(1.31 %),0,0,0,0,74328935,12.96
04/10/2019,0,0,19.35(0.00 %),0,0,0,0,74336935,12.96
07/10/2019,-100,-1940000,19.35(0.00 %),0,0,100,1940000,74336935,12.96
08/10/2019,-30500,-589350000,19(-1.81 %),0,0,30500,589350000,74359535,12.95
09/10/2019,40,760000,19(0.00 %),40,760000,0,0,74359495,12.95
10/10/2019,0,0,19(0.00 %),0,0,0,0,74359495,12.95
11/10/2019,0,0,19(0.00 %),0,0,0,0,74367495,12.94
14/10/2019,-20500,-393600000,19.3(1.58 %),0,0,20500,393600000,74379995,12.94
15/10/2019,0,0,19.3(0.00 %),0,0,0,0,74379995,12.94
16/10/2019,8100,156330000,19.3(0.00 %),8100,156330000,0,0,74371895,12.94
17/10/2019,12190,235270000,19.3(0.00 %),12190,235270000,0,0,74367705,12.94
18/10/2019,0,0,19.4(0.52 %),0,0,0,0,74367705,12.94
21/10/2019,0,0,19.8(2.06 %),0,0,0,0,74367705,12.94
22/10/2019,0,0,19.8(0.00 %),0,0,0,0,74367705,12.94
23/10/2019,0,0,19.6(-1.01 %),0,0,0,0,74367705,12.94
24/10/2019,0,0,19(-3.06 %),0,0,0,0,74367705,12.94
25/10/2019,0,0,19.4(2.11 %),0,0,0,0,74367705,12.94
28/10/2019,0,0,19.2(-1.03 %),0,0,0,0,74367705,12.94
29/10/2019,0,0,19.1(-0.52 %),0,0,0,0,74367705,12.94
30/10/2019,-3410,-65410000,19.1(0.00 %),0,0,3410,65410000,74367705,12.94
31/10/2019,-6720,-128742000,19.1(0.00 %),0,0,6720,128742000,74369835,12.94
01/11/2019,0,0,19.2(0.52 %),0,0,0,0,74367705,12.94
04/11/2019,0,0,19.2(0.00 %),0,0,0,0,74371115,12.94
05/11/2019,0,0,19.2(0.00 %),0,0,0,0,74377835,12.94
06/11/2019,0,0,19.7(2.60 %),0,0,0,0,74377835,12.94
07/11/2019,0,0,19.5(-1.02 %),0,0,0,0,74377835,12.94
08/11/2019,0,0,19.5(0.00 %),0,0,0,0,74377835,12.94
11/11/2019,0,0,19.2(-1.54 %),0,0,0,0,74377835,12.94
12/11/2019,5260,107830000,20.4(6.25 %),5260,107830000,0,0,74372575,12.94
13/11/2019,0,0,19.2(-5.88 %),0,0,0,0,74372575,12.94
14/11/2019,0,0,20.3(5.73 %),0,0,0,0,74372575,12.94
15/11/2019,-4000,-81600000,20.9(2.96 %),0,0,4000,81600000,74372575,12.94
18/11/2019,0,0,20.7(-0.96 %),0,0,0,0,74372575,12.94
19/11/2019,0,0,21(1.45 %),0,0,0,0,74372575,12.94
20/11/2019,0,0,19.7(-6.19 %),0,0,0,0,74376575,12.94
21/11/2019,0,0,19.9(1.02 %),0,0,0,0,74376575,12.94
22/11/2019,-1420,-27203500,19.7(-1.01 %),3010,63611500,4430,90815000,74367865,12.94
25/11/2019,0,0,20.6(4.57 %),0,0,0,0,74373565,12.94
26/11/2019,0,0,21.5(4.37 %),0,0,0,0,74373565,12.94
27/11/2019,-3180,-69801000,21.6(0.47 %),3740,82093000,6920,151894000,74371045,12.94
28/11/2019,-8560,-189210000,22.7(5.09 %),2550,56230000,11110,245440000,74371705,12.94
29/11/2019,-22500,-501810000,21.5(-5.29 %),1800,39690000,24300,541500000,74402105,12.92
02/12/2019,110,2420000,22(2.33 %),110,2420000,0,0,74376715,12.94
03/12/2019,600,13020000,21.7(-1.36 %),600,13020000,0,0,74387225,12.93
04/12/2019,-550,-12120000,22(1.38 %),100,2180000,650,14300000,74411425,12.92
05/12/2019,-13600,-299300000,21.5(-2.27 %),200,4300000,13800,303600000,74411225,12.92
06/12/2019,-1500,-32240000,21.55(0.23 %),100,2160000,1600,34400000,74411125,12.92
09/12/2019,1960,43120000,22(2.09 %),1960,43120000,0,0,74409815,12.92
10/12/2019,8700,191400000,21.5(-2.27 %),8700,191400000,0,0,74414915,12.92
11/12/2019,-14140,-311090000,21.65(0.70 %),40,870000,14180,311960000,74416475,12.92
12/12/2019,-4950,-107167500,21.8(0.69 %),5050,109332500,10000,216500000,74400305,12.93
13/12/2019,-8800,-192040000,21.9(0.46 %),0,0,8800,192040000,74411425,12.92
16/12/2019,-11120,-248070000,22.3(1.83 %),460,10160000,11580,258230000,74425145,12.91
17/12/2019,-15900,-352420500,21.6(-3.14 %),1200,26010000,17100,378430500,74436125,12.91
18/12/2019,-6980,-153410000,22(1.85 %),720,16240000,7700,169650000,74442025,12.91
19/12/2019,-1300,-28730000,22.3(1.36 %),0,0,1300,28730000,74453605,12.9
20/12/2019,-21000,-468450000,22.3(0.00 %),0,0,21000,468450000,74470705,12.89
23/12/2019,-3410,-76040000,22.3(0.00 %),90,2010000,3500,78050000,74478315,12.89
24/12/2019,-4590,-101492000,22.3(0.00 %),3550,80230000,8140,181722000,74478705,12.89
25/12/2019,-5120,-111280000,22(-1.35 %),500,11150000,5620,122430000,74496565,12.88
26/12/2019,-13500,-302580000,22.7(3.18 %),0,0,13500,302580000,74500065,12.88
27/12/2019,-4500,-99150000,21.9(-3.52 %),0,0,4500,99150000,74508205,12.87
30/12/2019,-4590,-101492000,22(0.46 %),3550,80230000,8140,181722000,74506415,12.87
31/12/2019,10,220000,22(0.00 %),10,220000,0,0,74527315,12.86
02/01/2020,0,0,21.6(-1.82 %),0,0,0,0,74531815,12.86
03/01/2020,0,0,22.2(2.78 %),0,0,0,0,74583315,12.84
06/01/2020,0,0,22.3(0.45 %),0,0,0,0,74583315,12.84
07/01/2020,-1500,-33300000,22.2(-0.45 %),0,0,1500,33300000,74583315,12.84
08/01/2020,100,2240000,22.4(0.90 %),100,2240000,0,0,74583215,12.84
09/01/2020,0,0,21.75(-2.90 %),0,0,0,0,74583215,12.84
10/01/2020,0,0,21.75(0.00 %),0,0,0,0,74584715,12.84
13/01/2020,0,0,21.8(0.23 %),0,0,0,0,74584715,12.84
14/01/2020,-59100,-1282320000,20.65(-5.28 %),0,0,59100,1282320000,74584715,12.84
15/01/2020,-100,-2180000,21.8(5.57 %),0,0,100,2180000,74592415,12.83
16/01/2020,-1340,-29480000,22.4(2.75 %),0,0,1340,29480000,74584715,12.84
17/01/2020,0,0,22.4(0.00 %),0,0,0,0,74643815,12.81
20/01/2020,1200,26880000,22.4(0.00 %),1200,26880000,0,0,74642715,12.81
21/01/2020,0,0,22.45(0.22 %),0,0,0,0,74644055,12.81
22/01/2020,-3110,-69980000,21.2(-5.57 %),0,0,3110,69980000,74644055,12.81
30/01/2020,260,5540000,21.3(0.47 %),260,5540000,0,0,74643795,12.81
31/01/2020,0,0,21.3(0.00 %),0,0,0,0,74646905,12.81
03/02/2020,-2380,-49867000,22(3.29 %),120,2633000,2500,52500000,74646905,12.81
04/02/2020,-100,-2100000,21(-4.55 %),0,0,100,2100000,74647005,12.81
05/02/2020,-6000,-128000000,21(0.00 %),0,0,6000,128000000,74653005,12.8
06/02/2020,-5320,-111781000,21.2(0.95 %),0,0,5320,111781000,74658325,12.8
07/02/2020,-8700,-184570000,21.05(-0.71 %),0,0,8700,184570000,74649385,12.8
10/02/2020,-17200,-362310000,21.05(0.00 %),0,0,17200,362310000,74655385,12.8
11/02/2020,-51160,-1094124000,21.05(0.00 %),0,0,51160,1094124000,74735385,12.76
12/02/2020,-10230,-215480000,21.2(0.71 %),0,0,10230,215480000,74745615,12.76
13/02/2020,-100,-2180000,21.2(0.00 %),0,0,100,2180000,74745715,12.76
14/02/2020,0,0,21.5(1.42 %),0,0,0,0,74745715,12.76
17/02/2020,-9150,-196780000,21.4(-0.47 %),2000,43000000,11150,239780000,74745995,12.76
18/02/2020,0,0,21.4(0.00 %),0,0,0,0,74754865,12.75
19/02/2020,0,0,21.4(0.00 %),0,0,0,0,74754865,12.75
20/02/2020,0,0,21.5(0.47 %),0,0,0,0,74757245,12.75
21/02/2020,0,0,21.6(0.47 %),0,0,0,0,74757245,12.75
24/02/2020,0,0,21.6(0.00 %),0,0,0,0,74757245,12.75
25/02/2020,-9150,-197640000,21.7(0.46 %),0,0,9150,197640000,74764015,12.75
26/02/2020,0,0,21.7(0.00 %),0,0,0,0,74764015,12.75
27/02/2020,-12220,-267940000,21.8(0.46 %),0,0,12220,267940000,74776235,12.74
28/02/2020,-13880,-301954000,21.8(0.00 %),3600,79110000,17480,381064000,74790115,12.74
02/03/2020,0,0,21.8(0.00 %),0,0,0,0,74762795,12.75
03/03/2020,0,0,21.8(0.00 %),0,0,0,0,74775015,12.74
04/03/2020,0,0,21.9(0.46 %),0,0,0,0,74792495,12.74
05/03/2020,0,0,21.9(0.00 %),0,0,0,0,74792495,12.74
06/03/2020,-9410,-205890000,21(-4.11 %),0,0,9410,205890000,74792495,12.74
09/03/2020,-35200,-748850000,21.05(0.24 %),0,0,35200,748850000,74792495,12.74
10/03/2020,-1000,-21600000,21.4(1.66 %),0,0,1000,21600000,74808405,12.73
11/03/2020,-33100,-711650000,21.5(0.47 %),0,0,33100,711650000,74841505,12.71
12/03/2020,-70410,-1513820000,21.5(0.00 %),0,0,70410,1513820000,74837098,12.71
13/03/2020,-5200,-106100000,20.6(-4.19 %),0,0,5200,106100000,74917115,12.68
16/03/2020,0,0,19.5(-5.34 %),0,0,0,0,74917115,12.68
17/03/2020,-45500,-841750000,18.6(-4.62 %),0,0,45500,841750000,74962615,12.65
18/03/2020,-1030,-19160000,18.8(1.08 %),0,0,1030,19160000,74946808,12.66
19/03/2020,-1030,-19158000,19.95(6.12 %),0,0,1030,19158000,74964675,12.65
20/03/2020,100,2100000,20(0.25 %),100,2100000,0,0,74992208,12.64
23/03/2020,-9670,-185664000,19(-5.00 %),1500,28800000,11170,214464000,74974245,12.65
24/03/2020,-14310,-259280000,17.9(-5.79 %),0,0,14310,259280000,74991738,12.64
25/03/2020,0,0,18(0.56 %),0,0,0,0,74991738,12.64
26/03/2020,200,3672500,18.95(5.28 %),200,3672500,0,0,74988355,12.64
27/03/2020,8810,167447000,19.4(2.37 %),9000,171000000,190,3553000,74979545,12.64
30/03/2020,-5080,-91895000,18.65(-3.87 %),90,1683000,5170,93578000,74984625,12.64
31/03/2020,-16950,-304620000,17.4(-6.70 %),0,0,16950,304620000,75007928,12.63
01/04/2020,-10730,-182940000,16.5(-5.17 %),0,0,10730,182940000,75008118,12.63
03/04/2020,-14840,-246312000,16.8(1.82 %),0,0,14840,246312000,75022958,12.62
06/04/2020,-4840,-86880000,17.9(6.55 %),0,0,4840,86880000,75030238,12.62
07/04/2020,-1240,-19870000,17.25(-3.63 %),3600,63620000,4840,83490000,75037368,12.62
08/04/2020,-12190,-211523000,17.2(-0.29 %),0,0,12190,211523000,75041228,12.61
09/04/2020,-14990,-257510000,16.9(-1.74 %),0,0,14990,257510000,75057048,12.61
10/04/2020,-4990,-86830000,17.4(2.96 %),0,0,4990,86830000,75061888,12.6
13/04/2020,100,1750000,17.5(0.57 %),100,1750000,0,0,75073978,12.6
14/04/2020,-20520,-348350000,16.8(-4.00 %),0,0,20520,348350000,75088968,12.59
15/04/2020,-4840,-82280000,17(1.19 %),0,0,4840,82280000,75093958,12.59
16/04/2020,-12710,-225440000,17.5(2.94 %),0,0,12710,225440000,75093958,12.59
17/04/2020,-4840,-87804000,17.9(2.29 %),0,0,4840,87804000,75104018,12.58
20/04/2020,-4740,-85320000,18(0.56 %),100,1800000,4840,87120000,75119218,12.58
21/04/2020,-4840,-83732000,17.3(-3.89 %),0,0,4840,83732000,75113598,12.58
22/04/2020,-4840,-86394000,17.85(3.18 %),0,0,4840,86394000,75118438,12.58
23/04/2020,4490,83170000,17.9(0.28 %),9330,169810000,4840,86640000,75132278,12.57
24/04/2020,-4840,-84700000,17.5(-2.23 %),0,0,4840,84700000,75137118,12.57
27/04/2020,-4840,-86152000,17.8(1.71 %),0,0,4840,86152000,75123628,12.57
28/04/2020,-4840,-85670000,17.7(-0.56 %),0,0,4840,85670000,75146798,12.56
29/04/2020,-19750,-348331000,17.5(-1.13 %),30,534000,19780,348865000,75148218,12.56
04/05/2020,-4740,-82950000,17.5(0.00 %),100,1750000,4840,84700000,75156448,12.56
05/05/2020,-4840,-85670000,17.7(1.14 %),0,0,4840,85670000,75161188,12.56
06/05/2020,-5850,-102960000,17.6(-0.56 %),0,0,5850,102960000,75180968,12.55
07/05/2020,-38840,-687470000,17.85(1.42 %),0,0,38840,687470000,75205978,12.53
08/05/2020,-2940,-52080000,17.85(0.00 %),3200,57600000,6140,109680000,75187448,12.54
11/05/2020,-6540,-117750000,18(0.84 %),0,0,6540,117750000,75193298,12.54
12/05/2020,-20540,-370274000,18.1(0.56 %),0,0,20540,370274000,75235998,12.52
13/05/2020,-5840,-105724000,18.1(0.00 %),0,0,5840,105724000,75241838,12.52
14/05/2020,-4840,-85910000,17.75(-1.93 %),0,0,4840,85910000,75246678,12.52
15/05/2020,-5840,-103660000,17.75(0.00 %),0,0,5840,103660000,75265358,12.51
18/05/2020,-5840,-103952000,17.8(0.28 %),0,0,5840,103952000,75258358,12.51
19/05/2020,-4840,-85670000,17.7(-0.56 %),0,0,4840,85670000,75276038,12.5
20/05/2020,-5840,-103952000,17.8(0.56 %),0,0,5840,103952000,75269038,12.5
21/05/2020,-4840,-86394000,17.85(0.28 %),0,0,4840,86394000,75273878,12.5
22/05/2020,-700,-12510000,17.85(0.00 %),0,0,700,12510000,75292558,12.49
25/05/2020,8210,154350000,18.8(5.32 %),12010,225790000,3800,71440000,75286388,12.5
26/05/2020,-14260,-259513000,18.05(-3.99 %),0,0,14260,259513000,75280628,12.5
27/05/2020,-14010,-248970000,17.55(-2.77 %),0,0,14010,248970000,75291928,12.49
28/05/2020,-26260,-470104000,17.65(0.57 %),0,0,26260,470104000,75320898,12.48
29/05/2020,-11060,-196794000,17.7(0.28 %),2200,38940000,13260,235734000,75331958,12.47
01/06/2020,-9490,-167485000,17.6(-0.56 %),31770,559152000,41260,726637000,75321798,12.48
02/06/2020,-7260,-127780000,17.6(0.00 %),0,0,7260,127780000,75316288,12.48
03/06/2020,-7260,-127780000,17.6(0.00 %),0,0,7260,127780000,75329548,12.48
04/06/2020,-7260,-127780000,17.6(0.00 %),0,0,7260,127780000,75370808,12.46
05/06/2020,-7260,-127780000,17.6(0.00 %),0,0,7260,127780000,75378068,12.45
08/06/2020,5130,94950000,17.6(0.00 %),12400,222900000,7270,127950000,75372928,12.45
09/06/2020,460,8100000,17.7(0.57 %),480,8450000,20,350000,75379708,12.45
10/06/2020,-10860,-189680000,17.5(-1.13 %),0,0,10860,189680000,75386968,12.45
11/06/2020,0,0,17.6(0.57 %),0,0,0,0,75394238,12.44
12/06/2020,0,0,17.6(0.00 %),0,0,0,0,75394258,12.44
15/06/2020,0,0,17.5(-0.57 %),0,0,0,0,75405118,12.44
16/06/2020,0,0,17.5(0.00 %),0,0,0,0,75405118,12.44
17/06/2020,0,0,17.5(0.00 %),0,0,0,0,75405118,12.44
18/06/2020,0,0,17.55(0.29 %),0,0,0,0,75405118,12.44
19/06/2020,0,0,17.65(0.57 %),0,0,0,0,75405118,12.44
22/06/2020,0,0,17.65(0.00 %),0,0,0,0,75405118,12.44
23/06/2020,0,0,17.5(-0.85 %),0,0,0,0,75405118,12.44
24/06/2020,0,0,17.4(-0.57 %),0,0,0,0,75405118,12.44
25/06/2020,-100,-1740000,17.35(-0.29 %),0,0,100,1740000,75405118,12.44
26/06/2020,0,0,17.3(-0.29 %),0,0,0,0,75405118,12.44
29/06/2020,3800,65930000,17.4(0.58 %),3800,65930000,0,0,75401318,12.44
30/06/2020,0,0,17.6(1.15 %),0,0,0,0,75401418,12.44
01/07/2020,9730,169302000,17.4(-1.14 %),9730,169302000,0,0,75401418,12.44
02/07/2020,0,0,17.5(0.57 %),0,0,0,0,75401418,12.44
03/07/2020,1500,25800000,17.6(0.57 %),11500,198100000,10000,172300000,75380188,12.45
06/07/2020,-6400,-110910000,17.2(-2.27 %),0,0,6400,110910000,75380188,12.45
07/07/2020,7000,120050000,17.2(0.00 %),7000,120050000,0,0,75399318,12.44
08/07/2020,11300,194450000,17.25(0.29 %),11300,194450000,0,0,75388018,12.45
09/07/2020,700,12110000,17.3(0.29 %),700,12110000,0,0,75387318,12.45
10/07/2020,0,0,17.45(0.87 %),0,0,0,0,75387318,12.45
13/07/2020,-1000,-17150000,17.45(0.00 %),2500,42880000,3500,60030000,75375088,12.45
14/07/2020,0,0,17.4(-0.29 %),0,0,0,0,75388318,12.45
15/07/2020,-60,-1030000,17.25(-0.86 %),0,0,60,1030000,75375088,12.45
16/07/2020,0,0,17.2(-0.29 %),0,0,0,0,75388378,12.45
17/07/2020,0,0,17.15(-0.29 %),0,0,0,0,75388378,12.45
20/07/2020,-8750,-149930000,17.1(-0.29 %),0,0,8750,149930000,75378648,12.45
21/07/2020,1530,26241500,17.2(0.58 %),3030,51881500,1500,25640000,75395598,12.44
22/07/2020,0,0,17.2(0.00 %),0,0,0,0,75395598,12.44
23/07/2020,-24200,-417490000,17.25(0.29 %),800,13760000,25000,431250000,75419798,12.43
24/07/2020,-53120,-916622500,17.25(0.00 %),0,0,53120,916622500,75472918,12.41
27/07/2020,0,0,16.7(-3.19 %),0,0,0,0,75472918,12.41
28/07/2020,0,0,17.3(3.59 %),0,0,0,0,75472918,12.41
29/07/2020,0,0,17.2(-0.58 %),0,0,0,0,75472918,12.41
30/07/2020,0,0,17.1(-0.58 %),0,0,0,0,75472918,12.41
31/07/2020,0,0,16.6(-2.92 %),0,0,0,0,75472918,12.41
03/08/2020,-8990,-149760000,16.65(0.30 %),7800,129480000,16790,279240000,75455388,12.41
04/08/2020,0,0,16.65(0.00 %),0,0,0,0,75463188,12.41
05/08/2020,-36600,-611180000,16.7(0.30 %),0,0,36600,611180000,75455388,12.41
06/08/2020,-14140,-236140000,16.7(0.00 %),0,0,14140,236140000,75472178,12.41
07/08/2020,-12810,-214720000,16.7(0.00 %),20550,343160000,33360,557880000,75451628,12.42
10/08/2020,0,0,16.75(0.30 %),0,0,0,0,75526738,12.38
11/08/2020,0,0,17.1(2.09 %),0,0,0,0,75526738,12.38
12/08/2020,0,0,16.8(-1.75 %),0,0,0,0,75535728,12.38
13/08/2020,-43000,-721973500,16.75(-0.30 %),0,0,43000,721973500,75569738,12.36
14/08/2020,-6020,-100530000,16.95(1.19 %),3100,51930000,9120,152460000,75532628,12.38
17/08/2020,-3000,-50850000,16.95(0.00 %),2000,33900000,5000,84750000,75578758,12.35
18/08/2020,0,0,17(0.29 %),0,0,0,0,75578758,12.35
19/08/2020,-4100,-69714000,17(0.00 %),0,0,4100,69714000,75582858,12.35
20/08/2020,-90,-1530000,16.95(-0.29 %),0,0,90,1530000,75587748,12.35
21/08/2020,-3580,-60681000,16.95(0.00 %),0,0,3580,60681000,75586528,12.35
24/08/2020,-31970,-543780000,17(0.29 %),500,8500000,32470,552280000,75591348,12.35
25/08/2020,-59030,-1003740000,16.9(-0.59 %),0,0,59030,1003740000,75591438,12.35
26/08/2020,-30620,-518720000,17(0.59 %),0,0,30620,518720000,75595018,12.35
27/08/2020,-18030,-306230000,17(0.00 %),0,0,18030,306230000,75726178,12.28
28/08/2020,-19110,-323881000,16.95(-0.29 %),0,0,19110,323881000,75745288,12.27
31/08/2020,-39030,-662280000,16.9(-0.29 %),0,0,39030,662280000,75717138,12.29
01/09/2020,-32000,-540850000,16.9(0.00 %),0,0,32000,540850000,75735168,12.28
03/09/2020,-37340,-631593500,17(0.59 %),0,0,37340,631593500,75772508,12.26
04/09/2020,-8290,-140490500,16.95(-0.29 %),500,8500000,8790,148990500,75780798,12.26
07/09/2020,-10200,-173140000,16.95(0.00 %),20,340000,10220,173480000,75824788,12.23
08/09/2020,-41940,-712342000,17.25(1.77 %),0,0,41940,712342000,75832938,12.23
09/09/2020,-12160,-206720000,17(-1.45 %),0,0,12160,206720000,75870918,12.21
10/09/2020,-38050,-646514000,17.15(0.88 %),0,0,38050,646514000,75883148,12.21
11/09/2020,0,0,17.2(0.29 %),0,0,0,0,75923078,12.19
14/09/2020,-33430,-615112000,18.4(6.98 %),0,0,33430,615112000,75916578,12.19
15/09/2020,0,0,19(3.26 %),0,0,0,0,75973288,12.16
16/09/2020,-2500,-47250000,19.25(1.32 %),0,0,2500,47250000,75973288,12.16
17/09/2020,-17100,-329102000,19.2(-0.26 %),200,3850000,17300,332952000,75936178,12.18
18/09/2020,0,0,19.1(-0.52 %),0,0,0,0,76006518,12.15
21/09/2020,-12380,-236930000,19.2(0.52 %),0,0,12380,236930000,76009018,12.15
22/09/2020,-320,-6130000,19.5(1.56 %),0,0,320,6130000,76026318,12.14
23/09/2020,0,0,20(2.56 %),0,0,0,0,76026318,12.14
24/09/2020,0,0,21.3(6.50 %),0,0,0,0,76038698,12.13
25/09/2020,-1260,-27720000,21.8(2.35 %),0,0,1260,27720000,76039018,12.13
28/09/2020,-2080,-45690000,22(0.92 %),0,0,2080,45690000,76039018,12.13
29/09/2020,-10100,-216460000,21.75(-1.14 %),0,0,10100,216460000,76039018,12.13
30/09/2020,-13650,-295120000,21.9(0.69 %),0,0,13650,295120000,76040278,12.13
01/10/2020,-16900,-369490000,22.1(0.91 %),0,0,16900,369490000,76042358,12.13
02/10/2020,-5300,-117100000,22(-0.45 %),0,0,5300,117100000,76052458,12.12
05/10/2020,200,4360000,22(0.00 %),200,4360000,0,0,76065908,12.12
06/10/2020,0,0,21.95(-0.23 %),0,0,0,0,76082808,12.11
07/10/2020,-2000,-43000000,21.45(-2.28 %),0,0,2000,43000000,76088108,12.11
08/10/2020,0,0,21(-2.10 %),0,0,0,0,76088108,12.11
09/10/2020,0,0,20.95(-0.24 %),0,0,0,0,76088108,12.11
12/10/2020,0,0,21(0.24 %),0,0,0,0,76090108,12.11
13/10/2020,2900,60860000,21(0.00 %),2900,60860000,0,0,76087208,12.11
14/10/2020,-25570,-532953000,20.9(-0.48 %),0,0,25570,532953000,76072128,12.11
15/10/2020,-14430,-300750500,20.85(-0.24 %),0,0,14430,300750500,76086558,12.11
16/10/2020,1010,21113000,20.9(0.24 %),1010,21113000,0,0,76085548,12.11
19/10/2020,0,0,20.9(0.00 %),0,0,0,0,76111768,12.1
20/10/2020,0,0,20.8(-0.48 %),0,0,0,0,76126198,12.09
21/10/2020,-130,-2680000,19.9(-4.33 %),0,0,130,2680000,76126198,12.09
22/10/2020,0,0,18.9(-5.03 %),0,0,0,0,76126198,12.09
23/10/2020,-200,-3880000,20(5.82 %),0,0,200,3880000,76126198,12.09
26/10/2020,3600,71140000,19.75(-1.25 %),3800,75240000,200,4100000,76122528,12.09
27/10/2020,-13710,-257560000,19.7(-0.25 %),0,0,13710,257560000,76122528,12.09
28/10/2020,-100,-1910000,19.65(-0.25 %),0,0,100,1910000,76122728,12.09
29/10/2020,-3990,-76321000,19(-3.31 %),0,0,3990,76321000,76100078,12.1
30/10/2020,-37530,-711690500,19.3(1.58 %),0,0,37530,711690500,76137608,12.08
02/11/2020,-200,-3860000,19(-1.55 %),0,0,200,3860000,76136738,12.08
03/11/2020,-200,-3730000,19.3(1.58 %),0,0,200,3730000,76140728,12.08
04/11/2020,-11050,-213210000,19.3(0.00 %),0,0,11050,213210000,76178258,12.06
05/11/2020,-52650,-1016090000,19.35(0.26 %),0,0,52650,1016090000,76178458,12.06
06/11/2020,-200,-3880000,20.2(4.39 %),0,0,200,3880000,76178658,12.06
09/11/2020,-22700,-460260000,20.5(1.49 %),0,0,22700,460260000,76223538,12.04
10/11/2020,-4500,-90000000,20.1(-1.95 %),0,0,4500,90000000,76242358,12.03
11/11/2020,-10200,-203980000,19.9(-1.00 %),0,0,10200,203980000,76242558,12.03
12/11/2020,-13070,-260090000,19.85(-0.25 %),0,0,13070,260090000,76265258,12.02
13/11/2020,-100,-1980000,20.1(1.26 %),0,0,100,1980000,76269758,12.02
16/11/2020,-2950,-58557500,19.75(-1.74 %),50,992500,3000,59550000,76254358,12.03
17/11/2020,150,2970000,18.8(-4.81 %),150,2970000,0,0,76292828,12.01
18/11/2020,-980,-18434000,18.6(-1.06 %),100,1870000,1080,20304000,76255188,12.03
19/11/2020,-77420,-1432270000,19.1(2.69 %),0,0,77420,1432270000,76332608,11.99
20/11/2020,0,0,18.8(-1.57 %),0,0,0,0,76332608,11.99
23/11/2020,-400,-8550000,18.9(0.53 %),4000,74000000,4400,82550000,76292908,12.01
24/11/2020,0,0,18.7(-1.06 %),0,0,0,0,76370328,11.97
25/11/2020,0,0,18.9(1.07 %),0,0,0,0,76370328,11.97
26/11/2020,0,0,19(0.53 %),0,0,0,0,76374728,11.97
27/11/2020,2850,53730000,18.9(-0.53 %),3000,56550000,150,2820000,76371728,11.97
30/11/2020,-360,-6730000,18.9(0.00 %),1140,21320000,1500,28050000,76370588,11.97
01/12/2020,0,0,18.9(0.00 %),0,0,0,0,76370588,11.97
02/12/2020,4290,80460000,18.85(-0.26 %),4290,80460000,0,0,76366448,11.97
03/12/2020,20,380000,18.8(-0.27 %),20,380000,0,0,76367928,11.97
04/12/2020,3000,55950000,18.6(-1.06 %),3000,55950000,0,0,76364928,11.97
07/12/2020,-60,-1120000,18.8(1.08 %),0,0,60,1120000,76364928,11.97
08/12/2020,0,0,18.8(0.00 %),0,0,0,0,76364928,11.97
09/12/2020,-4020,-76090000,18.85(0.27 %),0,0,4020,76090000,76364928,11.97
10/12/2020,0,0,18.7(-0.80 %),0,0,0,0,76367358,11.97
11/12/2020,0,0,18.75(0.27 %),0,0,0,0,76367358,11.97
14/12/2020,0,0,18.6(-0.80 %),0,0,0,0,76369008,11.97
15/12/2020,0,0,18.65(0.27 %),0,0,0,0,76369008,11.97
16/12/2020,0,0,18.7(0.27 %),0,0,0,0,76369008,11.97
17/12/2020,270,5050000,18.6(-0.53 %),270,5050000,0,0,76368738,11.97
18/12/2020,1080,20033000,18.5(-0.54 %),1080,20033000,0,0,76366008,11.97
21/12/2020,0,0,18.6(0.54 %),0,0,0,0,76367663,11.97
22/12/2020,0,0,18.35(-1.34 %),0,0,0,0,76367663,11.97
23/12/2020,-4000,-73400000,18.45(0.54 %),0,0,4000,73400000,76370008,11.97
24/12/2020,350,6820000,18.2(-1.36 %),3000,54770000,2650,47950000,76364663,11.97
25/12/2020,0,0,18.6(2.20 %),0,0,0,0,76369658,11.97
28/12/2020,-5700,-106020000,18.7(0.54 %),0,0,5700,106020000,76375358,11.97
29/12/2020,0,0,18.7(0.00 %),0,0,0,0,76375358,11.97
30/12/2020,0,0,18.8(0.53 %),0,0,0,0,76371318,11.97
31/12/2020,50,935000,18.8(0.00 %),100,1875000,50,940000,76371268,11.97
04/01/2021,100,1850000,18.85(0.27 %),100,1850000,0,0,76376818,11.97
05/01/2021,-25000,-471255000,18.85(0.00 %),600,11305000,25600,482560000,76401818,11.96
06/01/2021,100,1890000,18.8(-0.27 %),1100,20790000,1000,18900000,76401718,11.96
07/01/2021,0,0,18.6(-1.06 %),0,0,0,0,76401718,11.96
08/01/2021,700,13300000,18.65(0.27 %),700,13300000,0,0,76401018,11.96
11/01/2021,0,0,18.6(-0.27 %),0,0,0,0,76401068,11.96
12/01/2021,0,0,18.5(-0.54 %),0,0,0,0,76401068,11.96
13/01/2021,0,0,18.5(0.00 %),0,0,0,0,76401068,11.96
14/01/2021,-100,-1850000,18.45(-0.27 %),0,0,100,1850000,76401118,11.96
15/01/2021,3900,72155000,18.55(0.54 %),4000,74000000,100,1845000,76397218,11.96
18/01/2021,-100,-1850000,18.55(0.00 %),0,0,100,1850000,76397318,11.96
19/01/2021,-500,-9195000,18(-2.96 %),0,0,500,9195000,76397818,11.96
20/01/2021,-12000,-211535000,17.85(-0.83 %),0,0,12000,211535000,76409818,11.95
21/01/2021,-1900,-34200000,18.3(2.52 %),0,0,1900,34200000,76411718,10.43
22/01/2021,0,0,18.1(-1.09 %),0,0,0,0,76411718,11.95
25/01/2021,0,0,19.35(6.91 %),0,0,0,0,76411718,11.95
26/01/2021,4100,75500000,19(-1.81 %),5000,93500000,900,18000000,76407618,11.95
27/01/2021,700,13300000,18.1(-4.74 %),700,13300000,0,0,76406918,11.95
28/01/2021,-5000,-82640000,17(-6.08 %),5000,87000000,10000,169640000,76411918,11.95
29/01/2021,-2500,-44000000,17.5(2.94 %),0,0,2500,44000000,76414418,11.95
01/02/2021,-3000,-51195000,17.5(0.00 %),3000,52500000,6000,103695000,76401973,11.96
02/02/2021,100,1765000,17.65(0.86 %),100,1765000,0,0,76401873,11.96
03/02/2021,0,0,17.9(1.42 %),0,0,0,0,76411423,11.95
04/02/2021,0,0,17.95(0.28 %),0,0,0,0,76417423,11.95
05/02/2021,3000,54000000,18.05(0.56 %),3000,54000000,0,0,76398873,11.96
08/02/2021,200,3540000,17.7(-1.94 %),200,3540000,0,0,76398673,11.96
09/02/2021,0,0,17.8(0.56 %),0,0,0,0,76414223,11.95
17/02/2021,-22600,-406740000,18(1.12 %),500,8950000,23100,415690000,76436823,11.94
18/02/2021,0,0,18(0.00 %),0,0,0,0,76436823,11.94
19/02/2021,-21600,-387215000,18(0.00 %),0,0,21600,387215000,76458423,11.93
22/02/2021,0,0,18(0.00 %),0,0,0,0,76458423,11.93
23/02/2021,3000,54150000,18(0.00 %),3000,54150000,0,0,76455423,11.93
24/02/2021,0,0,17.9(-0.56 %),0,0,0,0,76455423,11.93
25/02/2021,0,0,17.8(-0.56 %),0,0,0,0,76455423,11.93
26/02/2021,0,0,17.7(-0.56 %),0,0,0,0,76455423,11.93
01/03/2021,-1600,-28430000,17.8(0.56 %),0,0,1600,28430000,76455423,11.93
02/03/2021,0,0,17.8(0.00 %),0,0,0,0,76455423,11.93
03/03/2021,0,0,17.7(-0.56 %),0,0,0,0,76455423,11.93
04/03/2021,0,0,17.7(0.00 %),0,0,0,0,76457023,11.93
05/03/2021,-7000,-123965000,17.7(0.00 %),0,0,7000,123965000,76462423,11.93
08/03/2021,0,0,17.8(0.56 %),0,0,0,0,87826219,11.82
09/03/2021,0,0,18(1.12 %),0,0,0,0,87826219,11.82
10/03/2021,-4700,-83660000,18.1(0.56 %),0,0,4700,83660000,76467123,19.05
11/03/2021,500,9300000,19.1(5.52 %),500,9300000,0,0,76466623,19.05
12/03/2021,-300,-5850000,19.1(0.00 %),0,0,300,5850000,76466923,19.05
15/03/2021,0,0,19.1(0.00 %),0,0,0,0,87837419,11.82
16/03/2021,-900,-17190000,18.8(-1.57 %),0,0,900,17190000,76467823,19.05
17/03/2021,0,0,18.9(0.53 %),0,0,0,0,87837719,11.82
18/03/2021,0,0,18.8(-0.53 %),0,0,0,0,87837719,11.82
19/03/2021,0,0,18.8(0.00 %),0,0,0,0,87838619,11.82
22/03/2021,-4500,-85050000,18.9(0.53 %),0,0,4500,85050000,76472323,16.63
23/03/2021,0,0,18.75(-0.79 %),0,0,0,0,87838619,11.82
24/03/2021,-2000,-37400000,18.75(0.00 %),0,0,2000,37400000,76474323,16.63
25/03/2021,-1500,-28050000,18.75(0.00 %),0,0,1500,28050000,76475823,16.63
26/03/2021,-5900,-108985000,18.5(-1.33 %),0,0,5900,108985000,76481723,16.63
29/03/2021,19800,366290000,18.65(0.81 %),19900,368150000,100,1860000,76461923,16.63
30/03/2021,0,0,18.85(1.07 %),0,0,0,0,87826719,11.82
31/03/2021,34900,654880000,18.9(0.27 %),34900,654880000,0,0,76427023,16.65
01/04/2021,700,13230000,18.8(-0.53 %),700,13230000,0,0,87797819,11.84
02/04/2021,21500,407970000,18.95(0.80 %),21500,407970000,0,0,87776319,11.84
05/04/2021,100,1890000,18.6(-1.85 %),100,1890000,0,0,87776219,11.84
06/04/2021,1200,22340000,18.95(1.88 %),1200,22340000,0,0,87775019,11.85
07/04/2021,0,0,19.15(1.06 %),0,0,0,0,87775019,11.85
08/04/2021,3400,65280000,19.2(0.26 %),3400,65280000,0,0,87771619,11.85
09/04/2021,0,0,19.35(0.78 %),0,0,0,0,87771619,11.85
12/04/2021,100,1935000,19.55(1.03 %),100,1935000,0,0,87771519,11.85
13/04/2021,0,0,19.4(-0.77 %),0,0,0,0,87771519,11.85
14/04/2021,0,0,19.4(0.00 %),0,0,0,0,87771519,11.85
15/04/2021,0,0,19.1(-1.55 %),0,0,0,0,87771519,11.85
16/04/2021,-3200,-61120000,18.9(-1.05 %),0,0,3200,61120000,87774719,11.85
19/04/2021,-4600,-86480000,19.2(1.59 %),0,0,4600,86480000,87779319,11.84
20/04/2021,3100,58900000,19.2(0.00 %),3100,58900000,0,0,87776219,11.84
22/04/2021,-1000,-19150000,19.1(-0.52 %),0,0,1000,19150000,87777219,11.84
23/04/2021,0,0,19.1(0.00 %),0,0,0,0,87777219,11.84
26/04/2021,-600,-11460000,19.1(0.00 %),0,0,600,11460000,87777819,11.84
27/04/2021,-1200,-23080000,19.25(0.79 %),0,0,1200,23080000,87779019,11.84
28/04/2021,0,0,19.25(0.00 %),0,0,0,0,87779019,11.84
29/04/2021,-1800,-34290000,19.4(0.78 %),0,0,1800,34290000,87780819,11.84
04/05/2021,-21500,-409260000,20(3.09 %),0,0,21500,409260000,87778319,11.84
05/05/2021,-1400,-28000000,19.9(-0.50 %),0,0,1400,28000000,87779719,11.84
06/05/2021,0,0,20(0.50 %),0,0,0,0,87780119,11.84
07/05/2021,0,0,19.7(-1.50 %),0,0,0,0,87801619,11.83
10/05/2021,0,0,19.7(0.00 %),0,0,0,0,87803019,11.83
11/05/2021,0,0,19.3(-2.03 %),0,0,0,0,87803019,11.83
12/05/2021,0,0,19.3(0.00 %),0,0,0,0,87803019,11.83
13/05/2021,0,0,19.25(-0.26 %),0,0,0,0,87803019,11.83
14/05/2021,0,0,19.7(2.34 %),0,0,0,0,87803019,11.83
17/05/2021,-1000,-19500000,19.7(0.00 %),0,0,1000,19500000,87780719,11.84
18/05/2021,-10200,-198965000,19.55(-0.76 %),0,0,10200,198965000,87790919,11.84
19/05/2021,-13600,-265640000,19.5(-0.26 %),0,0,13600,265640000,87804519,11.83
20/05/2021,-5400,-104780000,19.45(-0.26 %),0,0,5400,104780000,87809919,11.83
21/05/2021,-9100,-176795000,19.4(-0.26 %),0,0,9100,176795000,87819019,11.83
24/05/2021,-11400,-221115000,19.5(0.52 %),0,0,11400,221115000,87830419,11.82
25/05/2021,-10000,-195350000,19.5(0.00 %),0,0,10000,195350000,87840419,11.82
26/05/2021,-9000,-175535000,19.6(0.51 %),0,0,9000,175535000,87849419,11.81
27/05/2021,0,0,19.85(1.28 %),0,0,0,0,87853719,11.81
28/05/2021,-3500,-69475000,19.85(0.00 %),0,0,3500,69475000,87852919,11.81
31/05/2021,0,0,20(0.76 %),0,0,0,0,87872719,11.8
01/06/2021,-700,-14070000,20(0.00 %),0,0,700,14070000,87872719,11.8
02/06/2021,-10000,-200000000,20(0.00 %),0,0,10000,200000000,87882719,11.8
03/06/2021,-18500,-369950000,20.1(0.50 %),0,0,18500,369950000,87901219,11.79
04/06/2021,1100,22840000,20.05(-0.25 %),8500,170995000,7400,148155000,87900119,11.79
07/06/2021,3000,60860000,19.9(-0.75 %),6000,120900000,3000,60040000,87897119,11.79
08/06/2021,-6100,-121490000,19.9(0.00 %),0,0,6100,121490000,87903219,11.79
09/06/2021,-64600,-1287970000,19.9(0.00 %),0,0,64600,1287970000,87967819,11.76
10/06/2021,-10000,-200000000,20(0.50 %),0,0,10000,200000000,87977819,11.76
11/06/2021,0,0,20.05(0.25 %),0,0,0,0,87977819,11.76
14/06/2021,15600,322945000,20.6(2.74 %),15600,322945000,0,0,87962219,11.77
15/06/2021,2000,41200000,20.6(0.00 %),2000,41200000,0,0,87960219,11.77
16/06/2021,-487800,-9739810000,20.8(0.97 %),19000,396445000,506800,10136255000,88448019,11.56
17/06/2021,3500,72900000,20.8(0.00 %),6500,135450000,3000,62550000,87938019,11.78
18/06/2021,77400,1642955000,21.6(3.85 %),77400,1642955000,0,0,87860619,11.81
21/06/2021,82500,1766760000,21.2(-1.85 %),86000,1842360000,3500,75600000,87778119,11.84
22/06/2021,50500,1092925000,21.6(1.89 %),50500,1092925000,0,0,87727619,11.87
23/06/2021,5600,120740000,21.6(0.00 %),5600,120740000,0,0,87722019,11.87
24/06/2021,7400,159130000,21.4(-0.93 %),7400,159130000,0,0,87714619,11.87
25/06/2021,77700,1671780000,21.55(0.70 %),77700,1671780000,0,0,87636919,11.9
28/06/2021,4500,96975000,21.7(0.70 %),4500,96975000,0,0,87632419,11.91
29/06/2021,4200,91515000,21.85(0.69 %),4200,91515000,0,0,87628219,11.91
30/06/2021,24500,537060000,22(0.69 %),24500,537060000,0,0,87603719,11.92
01/07/2021,2000,44050000,21.8(-0.91 %),2000,44050000,0,0,88114414,11.7
02/07/2021,32900,718340000,21.8(0.00 %),37900,827340000,5000,109000000,88081514,11.72
05/07/2021,17100,0,21.5(-1.38 %),17100,0,0,0,88064414,11.72
06/07/2021,0,0,20.1(-6.51 %),0,0,0,0,88064414,11.72
07/07/2021,-4000,-83800000,20.5(1.99 %),0,0,4000,83800000,88068414,11.72
08/07/2021,5400,112098600,20.8(1.46 %),5400,112098600,0,0,88063014,11.72
09/07/2021,-1700,-35120000,20.8(0.00 %),300,6180000,2000,41300000,88064714,11.72
12/07/2021,-10300,-213540000,19.65(-5.53 %),9500,193320000,19800,406860000,88075014,11.72
13/07/2021,-9300,-193810000,20.95(6.62 %),0,0,9300,193810000,88084314,11.71
14/07/2021,100,2080000,21(0.24 %),100,2080000,0,0,88084214,11.71
15/07/2021,-3500,-73500000,21(0.00 %),500,10500000,4000,84000000,88087714,11.71
16/07/2021,39300,831860000,20.9(-0.48 %),44300,938360000,5000,106500000,88048414,11.73
19/07/2021,-5000,-104000000,20.25(-3.11 %),0,0,5000,104000000,88053414,11.73
20/07/2021,-100,-2100000,21(3.70 %),0,0,100,2100000,88053514,11.73
21/07/2021,-76100,-1598100000,20.4(-2.86 %),0,0,76100,1598100000,88129614,11.7
22/07/2021,14000,287000000,20.5(0.49 %),14000,287000000,0,0,88115614,11.7
23/07/2021,700,14385000,20.6(0.49 %),700,14385000,0,0,88114914,11.7
26/07/2021,1900,39180000,20.9(1.46 %),1900,39180000,0,0,88113014,11.7
27/07/2021,200,4180000,20.9(0.00 %),200,4180000,0,0,88112814,11.7
28/07/2021,0,0,20.75(-0.72 %),0,0,0,0,88112814,11.7
29/07/2021,-1200,-25200000,20.8(0.24 %),0,0,1200,25200000,88114014,11.7
30/07/2021,-54000,-1151010000,21.3(2.40 %),0,0,54000,1151010000,88168014,11.68
02/08/2021,5000,109000000,21.7(1.88 %),5000,109000000,0,0,88110964,11.7
03/08/2021,0,0,21.7(0.00 %),6000,130200000,6000,130200000,88110964,11.7
04/08/2021,0,0,21.4(-1.38 %),0,0,0,0,88110964,11.7
05/08/2021,-75600,-1627885000,21.7(1.40 %),0,0,75600,1627885000,88186564,11.67
06/08/2021,-3700,-81040000,21.95(1.15 %),0,0,3700,81040000,88190264,11.67
09/08/2021,0,0,23.2(5.69 %),0,0,0,0,88190264,11.67
10/08/2021,3600,88860000,24.8(6.90 %),8600,208860000,5000,120000000,88186664,11.67
11/08/2021,-3600,-89230000,24.8(0.00 %),0,0,3600,89230000,88190264,11.67
12/08/2021,400,10000000,25(0.81 %),400,10000000,0,0,88189864,11.67
13/08/2021,1500,0,24.65(-1.40 %),1500,0,0,0,88188364,11.67
16/08/2021,0,0,25.4(3.04 %),0,0,0,0,88188364,11.67
17/08/2021,-15500,-420825000,27.15(6.89 %),100,2635000,15600,423460000,88219364,11.66
18/08/2021,-5600,-162790000,29.05(7.00 %),600,17000000,6200,179790000,88193964,11.67
19/08/2021,-10900,-327150000,28.5(-1.89 %),100,2850000,11000,330000000,88204864,11.66
20/08/2021,-5000,-135420000,26.55(-6.84 %),0,0,5000,135420000,88209864,11.66
23/08/2021,500,13500000,26.6(0.19 %),500,13500000,0,0,88209364,11.66
24/08/2021,-3200,-85280000,27.1(1.88 %),0,0,3200,85280000,88212564,11.66
25/08/2021,0,0,27.7(2.21 %),0,0,0,0,88212564,11.66
26/08/2021,-100,-2740000,27.5(-0.72 %),0,0,100,2740000,88212664,11.66
27/08/2021,0,0,28.1(2.18 %),0,0,0,0,88212664,11.66
30/08/2021,1700,48110000,28(-0.36 %),140861,3958534100,139161,3910424100,88210964,11.66
31/08/2021,0,0,27.6(-1.43 %),0,0,0,0,88210964,11.66
01/09/2021,7000,194650000,29.5(6.88 %),7100,197470000,100,2820000,88269564,11.64
06/09/2021,9500,277295000,29(-1.69 %),10600,309195000,1100,31900000,88260064,11.64
07/09/2021,2800,79580000,27.65(-4.66 %),4600,130640000,1800,51060000,88257264,11.64
08/09/2021,300,8420000,27.7(0.18 %),300,8420000,0,0,88256964,11.64
09/09/2021,400,11180000,28.2(1.81 %),400,11180000,0,0,88256564,11.64
10/09/2021,900,25365000,28.3(0.35 %),900,25365000,0,0,88255664,11.64
13/09/2021,1700,47720000,28(-1.06 %),2200,61800000,500,14080000,88253964,11.64
14/09/2021,-700,-19290000,27.65(-1.25 %),800,22335000,1500,41625000,88254664,11.64
15/09/2021,1700,46715000,27.7(0.18 %),1700,46715000,0,0,88252964,11.64
16/09/2021,1700,47285000,27.75(0.18 %),1700,47285000,0,0,88251264,11.64
17/09/2021,-2500,-69080000,28.2(1.62 %),500,14170000,3000,83250000,88253764,11.64
20/09/2021,-9500,-270200000,28(-0.71 %),0,0,9500,270200000,88263264,11.64
21/09/2021,-14500,-397965000,27.65(-1.25 %),100,2745000,14600,400710000,88277764,11.63
22/09/2021,-700,-19230000,27.6(-0.18 %),300,8300000,1000,27530000,88278464,11.63
23/09/2021,0,0,28.1(1.81 %),0,0,0,0,88278464,11.63
24/09/2021,2100,58805000,28(-0.36 %),2100,58805000,0,0,88276364,11.63
27/09/2021,300,8215000,27.2(-2.86 %),300,8215000,0,0,88276064,11.63
28/09/2021,400,10935000,27.3(0.37 %),400,10935000,0,0,88275664,11.63
29/09/2021,700,19155000,27.3(0.00 %),700,19155000,0,0,88274964,11.63
30/09/2021,2900,81330000,27.7(1.47 %),5400,149580000,2500,68250000,88272064,11.63
01/10/2021,700,19350000,27.6(-0.36 %),540490,13945932000,539790,13926582000,88268964,11.64
04/10/2021,-20900,-615030000,29.5(6.88 %),0,0,20900,615030000,88289864,11.63
05/10/2021,-12200,-368060000,30.4(3.05 %),2400,73240000,14600,441300000,88302064,11.62
06/10/2021,800,24600000,30.7(0.99 %),1600,49030000,800,24430000,88301264,0.0
07/10/2021,-3800,-115215000,30.15(-1.79 %),700,21135000,4500,136350000,88305064,0.0
08/10/2021,0,0,29.65(-1.66 %),0,0,0,0,88305064,0.0
11/10/2021,-4300,0,30.5(2.87 %),700,0,5000,0,88309364,0.0
12/10/2021,-600,-17745000,29.85(-2.13 %),8700,265020000,9300,282765000,88309964,0.0
13/10/2021,1900,56710000,29.3(-1.84 %),2100,62630000,200,5920000,88308064,0.0
14/10/2021,-7500,-219900000,29.5(0.68 %),3000,88800000,10500,308700000,88315564,0.0
15/10/2021,2000,59400000,30.65(3.90 %),2000,59400000,0,0,88313564,0.0
18/10/2021,-100,-4985000,30.15(-1.63 %),3300,98820000,3400,103805000,88313664,0.0
19/10/2021,2900,87695000,30.05(-0.33 %),2900,87695000,0,0,88310764,0.0
20/10/2021,1800,53635000,29.7(-1.16 %),2100,62575000,300,8940000,88308964,0.0
21/10/2021,3900,115055000,29.5(-0.67 %),4000,118010000,100,2955000,88306864,0.0
22/10/2021,3700,110165000,30(1.69 %),3700,110165000,0,0,88303164,0.0
25/10/2021,-200,-6020000,30.1(0.33 %),700,21035000,900,27055000,88303364,0.0
26/10/2021,-1200,-35780000,29.9(-0.66 %),1000,29600000,2200,65380000,88304564,0.0
27/10/2021,1000,31570000,30.2(1.00 %),4000,121270000,3000,89700000,88303564,0.0
28/10/2021,6600,205330000,32.1(6.29 %),10600,330530000,4000,125200000,88296964,0.0
29/10/2021,15300,483320000,31.9(-0.62 %),15600,492830000,300,9510000,88288264,11.63
01/11/2021,-26800,-820850000,30.8(-3.45 %),7500,230190000,34300,1051040000,88278064,11.63
02/11/2021,13700,411065000,29.9(-2.92 %),13700,411065000,0,0,88264364,11.64
03/11/2021,-7900,-233295000,29.4(-1.67 %),500,14750000,8400,248045000,88272264,0.0
04/11/2021,40000,712757500,29.9(1.70 %),43800,825142500,3800,112385000,88224364,0.0
05/11/2021,-1100,-32925000,29.8(-0.33 %),400,12000000,1500,44925000,88265464,0.0
08/11/2021,57200,1716360000,30(0.67 %),58000,1740290000,800,23930000,88207164,11.66
09/11/2021,1800,54345000,30.2(0.67 %),2900,87415000,1100,33070000,88205364,11.66
10/11/2021,25700,771950900,29.9(-0.99 %),25700,771950900,0,0,88179664,0.0
11/11/2021,8100,242220000,30(0.33 %),14700,440825000,6600,198605000,88197264,11.67
12/11/2021,11700,350520000,29.95(-0.17 %),12400,371450000,700,20930000,88185564,11.67
15/11/2021,17100,512065000,29.95(0.00 %),22100,661785000,5000,149720000,88168464,11.68
16/11/2021,30200,904155000,30.1(0.50 %),31400,939990000,1200,35835000,88138264,11.69
17/11/2021,-22700,-681870000,30.2(0.33 %),1100,33210000,23800,715080000,88160964,11.68
18/11/2021,-18100,-539795000,29.9(-0.99 %),1900,57260000,20000,597055000,88179064,11.67
19/11/2021,-5100,-152605000,29.5(-1.34 %),600,17930000,5700,170535000,88184164,11.67
22/11/2021,-29400,-850105000,28.7(-2.71 %),7000,200720000,36400,1050825000,88213564,11.66
23/11/2021,-10300,-298100000,29(1.05 %),900,25905000,11200,324005000,88223864,11.66
24/11/2021,-25900,-748535000,29(0.00 %),1600,46465000,27500,795000000,88249764,11.64
25/11/2021,-12500,-360440000,29.15(0.52 %),0,0,12500,360440000,88262264,11.64
26/11/2021,-5100,-146635000,28.85(-1.03 %),2000,58300000,7100,204935000,88267364,0.0
29/11/2021,-2000,0,28.6(-0.87 %),200,0,2200,0,88269364,0.0
30/11/2021,-3200,-91795000,28.6(0.00 %),600,17250000,3800,109045000,88270564,11.64
01/12/2021,-3300,-95345000,28.6(0.00 %),100,2875000,3400,98220000,88237269,11.65
02/12/2021,-28800,-820925000,28.7(0.35 %),0,0,28800,820925000,88266069,11.64
03/12/2021,-1300,-37215000,28.55(-0.52 %),0,0,1300,37215000,88267369,11.64
06/12/2021,-19100,-536520000,27.8(-2.63 %),1200,32040000,20300,568560000,88286469,11.63
07/12/2021,-1400,-38920000,27.9(0.36 %),100,2780000,1500,41700000,88287869,11.63
08/12/2021,1000,28000000,28.4(1.79 %),1000,28000000,0,0,88286869,11.63
09/12/2021,-300,-8490000,28.2(-0.70 %),0,0,300,8490000,88287169,0.0
10/12/2021,900,25655000,28.5(1.06 %),1000,28500000,100,2845000,88286269,11.63
13/12/2021,2000,57200000,28.85(1.23 %),2000,57200000,0,0,88284269,11.63
14/12/2021,0,0,28.85(0.00 %),0,0,0,0,88284269,11.63
15/12/2021,-500,-14450000,28.9(0.17 %),0,0,500,14450000,88284769,11.63
16/12/2021,600,17120000,28.65(-0.87 %),3300,94030000,2700,76910000,88284169,11.63
17/12/2021,1000,28700000,28.8(0.52 %),1000,28700000,0,0,88283169,11.63
20/12/2021,-100,-2860000,28.7(-0.35 %),0,0,100,2860000,88283269,11.63
21/12/2021,-16900,-484675000,28.7(0.00 %),0,0,16900,484675000,88300169,0.0
22/12/2021,100,2875000,28.75(0.17 %),100,2875000,0,0,88300069,11.62
23/12/2021,-14200,-407227600,28.75(-0.17 %),1000,28678000,15200,435905600,88314269,0.0
24/12/2021,0,0,28.7(-0.35 %),0,0,0,0,88300069,11.62
27/12/2021,-11000,-313910000,28.65(-0.17 %),0,0,11000,313910000,88323634,11.61
28/12/2021,1800,51685000,28.6(-0.35 %),1800,51685000,0,0,88321834,11.61
29/12/2021,100,2870000,28.8(0.70 %),100,2870000,0,0,88332734,11.61
30/12/2021,900,25830000,28.8(0.00 %),900,25830000,0,0,88331834,11.61
31/12/2021,400,11485000,28.7(-0.35 %),400,11485000,0,0,88331434,11.61
04/01/2022,2100,60360000,28.8(0.35 %),2100,60360000,0,0,88329334,11.61
05/01/2022,1300,37730000,28.8(0.00 %),1300,37730000,0,0,88328044,11.61
06/01/2022,400,11500000,28.85(0.17 %),400,11500000,0,0,88327644,11.61
07/01/2022,15700,452355000,28.8(-0.35 %),15900,458155000,200,5800000,88311744,11.62
10/01/2022,500,2837800,28.6(-0.69 %),500,2837800,0,0,88311244,11.62
11/01/2022,-7200,-205440000,28.7(0.35 %),0,0,7200,205440000,88311444,11.62
12/01/2022,-500,-14270000,28.7(0.00 %),0,0,500,14270000,88311444,11.62
13/01/2022,-800,-22830000,28.5(-0.70 %),0,0,800,22830000,88318644,11.62
14/01/2022,1200,34095000,28.4(-0.35 %),1500,42600000,300,8505000,88317644,11.62
17/01/2022,-1800,-50230000,28.2(-0.70 %),0,0,1800,50230000,88318444,11.62
18/01/2022,-1300,-36335000,27.8(-1.42 %),0,0,1300,36335000,88318744,11.62
19/01/2022,-6600,-184045000,27.8(0.00 %),0,0,6600,184045000,88320544,11.61
20/01/2022,-4100,-113515000,27.7(-0.36 %),0,0,4100,113515000,88321844,11.61
21/01/2022,-1000,-27745000,28.9(3.96 %),0,0,1000,27745000,88328444,11.61
24/01/2022,-500,-13855000,28.7(-0.69 %),0,0,500,13855000,88332544,11.61
25/01/2022,100,3255000,27.8(-3.14 %),700,20055000,600,16800000,88332844,11.61
26/01/2022,0,0,28(0.72 %),0,0,0,0,88333344,11.61
27/01/2022,-14900,-417200000,28.3(1.07 %),0,0,14900,417200000,88334009,11.61
28/01/2022,-6000,-170230000,28.25(-0.18 %),0,0,6000,170230000,88334009,11.61
07/02/2022,-2600,-73840000,28.45(0.53 %),0,0,2600,73840000,88348909,11.6
08/02/2022,-3000,-85500000,28.8(1.05 %),0,0,3000,85500000,88354909,11.6
09/02/2022,0,0,28.75(-0.17 %),0,0,0,0,88357509,11.6
10/02/2022,100,2870000,28.6(-0.69 %),100,2870000,0,0,88360409,11.6
11/02/2022,0,0,28.6(0.00 %),0,0,0,0,88360409,11.6
14/02/2022,0,0,28.4(-0.70 %),0,0,0,0,88360409,11.6
15/02/2022,0,0,28.55(0.53 %),0,0,0,0,88360409,11.6
16/02/2022,0,0,28.5(-0.35 %),0,0,0,0,88360409,11.6
17/02/2022,0,0,28.5(0.00 %),0,0,0,0,88360409,11.6
18/02/2022,0,0,28.5(0.00 %),0,0,0,0,88360409,11.6
21/02/2022,-100,-2850000,28.5(0.00 %),0,0,100,2850000,88360409,11.6
22/02/2022,2500,71250000,28.45(-0.18 %),2500,71250000,0,0,88357909,11.6
23/02/2022,0,0,28.5(0.00 %),0,0,0,0,88358009,11.6
24/02/2022,0,0,28.25(-0.88 %),0,0,0,0,88358009,11.6
25/02/2022,0,0,28.45(0.53 %),0,0,0,0,88358009,11.6
28/02/2022,-1500,-43050000,28.5(0.00 %),2500,70000000,4000,113050000,88355509,11.6
01/03/2022,0,0,28.5(0.00 %),0,0,0,0,88355509,11.6
02/03/2022,0,0,28.6(0.35 %),0,0,0,0,88359509,11.6
03/03/2022,0,0,28.65(0.17 %),0,0,0,0,88359509,11.6
04/03/2022,0,0,28.5(-0.70 %),0,0,0,0,88359509,11.6
07/03/2022,-6300,-180005000,28.8(1.05 %),700,20195000,7000,200200000,88358809,11.6
08/03/2022,2200,63360000,28.8(0.00 %),2200,63360000,0,0,88356609,11.6
09/03/2022,2000,57200000,28.5(-1.04 %),2000,57200000,0,0,88361609,11.6
10/03/2022,0,0,28.5(0.00 %),0,0,0,0,88361609,11.6
11/03/2022,0,0,28.55(0.18 %),0,0,0,0,88361609,11.6
14/03/2022,0,0,28.4(-0.70 %),0,0,0,0,88361609,11.6
15/03/2022,0,0,28.4(0.00 %),0,0,0,0,88361609,11.6
16/03/2022,0,0,28.7(1.06 %),0,0,0,0,88361609,11.6
17/03/2022,0,0,28.8(0.35 %),0,0,0,0,88361609,11.6
18/03/2022,0,0,28.7(-0.35 %),0,0,0,0,88361609,11.6
21/03/2022,0,0,28.9(0.70 %),0,0,0,0,88361609,11.6
22/03/2022,0,0,28.7(-0.69 %),0,0,0,0,88361609,11.6
23/03/2022,0,0,28.7(0.00 %),0,0,0,0,88361609,11.6
24/03/2022,2900,82670000,28.7(0.00 %),3600,103390000,700,20720000,88358009,11.6
25/03/2022,0,0,28.7(0.00 %),0,0,0,0,88358009,11.6
28/03/2022,-100,-2865000,28.8(0.35 %),0,0,100,2865000,88358709,11.6
29/03/2022,-100,-2890000,28.9(0.35 %),0,0,100,2890000,88358709,11.6
30/03/2022,0,0,28.8(-0.35 %),0,0,0,0,88358809,11.6
31/03/2022,-300,-8610000,29(0.69 %),0,0,300,8610000,88358909,11.6
01/04/2022,400,12400000,31(6.90 %),500,15500000,100,3100000,88358409,11.6
04/04/2022,-2000,-64950000,33(6.45 %),1000,32850000,3000,97800000,88357709,11.6
05/04/2022,0,0,32(-3.03 %),0,0,0,0,88357829,11.6
06/04/2022,-2200,-69410000,32(0.00 %),0,0,2200,69410000,88360829,11.6
07/04/2022,-2600,-83865000,32.65(2.03 %),100,3210000,2700,87075000,88363429,11.6
08/04/2022,0,0,32.1(-1.83 %),0,0,0,0,88362929,11.6
12/04/2022,500,15950000,30.5(-4.98 %),500,15950000,0,0,88362429,11.6
13/04/2022,0,0,31.2(2.30 %),0,0,0,0,88365129,11.6
14/04/2022,-1100,-34430000,31.3(0.32 %),0,0,1100,34430000,88365129,11.6
15/04/2022,0,0,31.25(-0.16 %),0,0,0,0,88365129,11.6
18/04/2022,-400,-14460000,33.4(6.71 %),1700,53040000,2100,67500000,88364529,11.6
19/04/2022,300,9725000,32.65(-2.25 %),500,16325000,200,6600000,88364029,11.6
20/04/2022,-2100,-66500000,31.8(-2.60 %),400,13000000,2500,79500000,88367229,11.59
21/04/2022,800,25360000,31.4(-1.26 %),800,25360000,0,0,88365129,11.6
22/04/2022,0,0,30.6(-2.55 %),0,0,0,0,88367629,11.59
25/04/2022,11600,330600000,28.6(-6.54 %),12000,342000000,400,11400000,88355629,11.6
26/04/2022,5000,135500000,29.8(4.20 %),5000,135500000,0,0,88350629,11.6
27/04/2022,-100,-2950000,28.6(-4.03 %),0,0,100,2950000,88351029,11.6
28/04/2022,0,0,30.6(6.99 %),0,0,0,0,88351029,11.6
29/04/2022,-18500,-604850000,32.7(6.86 %),0,0,18500,604850000,88351129,11.6
04/05/2022,-7000,-228940000,33.45(2.29 %),0,0,7000,228940000,88351129,11.6
05/05/2022,0,0,33.05(-1.34 %),0,0,0,0,88351129,11.6
06/05/2022,0,0,35.3(6.65 %),0,0,0,0,88376629,11.59
09/05/2022,-8600,-282510000,32.85(-6.94 %),1400,45990000,10000,328500000,88375229,11.59
10/05/2022,0,0,33.5(1.82 %),0,0,0,0,88375229,11.59
11/05/2022,-1500,-50850000,34.7(3.58 %),0,0,1500,50850000,88376729,11.59
12/05/2022,-11400,-381100000,32.3(-6.92 %),0,0,11400,381100000,88388129,11.59
13/05/2022,0,0,30.05(-6.97 %),0,0,0,0,88386729,11.59
16/05/2022,2800,78260000,27.95(-7.14 %),4000,111800000,1200,33540000,88394129,11.58
17/05/2022,-700,-20930000,29.9(6.79 %),5500,164450000,6200,185380000,88388629,11.59
18/05/2022,0,-20930000,30.9(3.34 %),0,164450000,0,185380000,88389829,11.58
19/05/2022,-37800,-1228500000,32.5(5.18 %),2000,65000000,39800,1293500000,88394029,11.58
20/05/2022,0,-1228500000,32.4(-0.31 %),0,65000000,0,1293500000,88394029,11.58
23/05/2022,-3400,-105400000,31(-4.32 %),0,0,3400,105400000,88433829,11.57
24/05/2022,7000,217000000,31(0.00 %),7000,217000000,0,0,88426829,11.57
25/05/2022,-15400,-490490000,31.85(2.74 %),0,0,15400,490490000,88430229,11.57
26/05/2022,8300,273070000,32.9(3.13 %),8300,273070000,0,0,88421929,11.57
27/05/2022,1300,43810000,33.7(2.43 %),2500,84250000,1200,40440000,88434829,11.57
30/05/2022,14600,510270000,34.95(6.88 %),16400,573180000,1800,62910000,88418429,11.57
31/05/2022,5000,180000000,36(2.86 %),5900,212400000,900,32400000,88413729,11.57
01/06/2022,16900,625300000,37(2.78 %),16900,625300000,0,0,88398629,11.58
02/06/2022,5800,214600000,37(0.00 %),5800,214600000,0,0,88393729,11.58
03/06/2022,7100,266250000,37.5(1.35 %),7400,277500000,300,11250000,88386329,11.59
06/06/2022,-12400,-462435000,39.05(4.13 %),8600,331715000,21000,794150000,88377729,11.59
07/06/2022,0,0,40.8(4.35 %),0,0,0,0,88373229,11.59
08/06/2022,9400,387280000,41.2(0.98 %),23600,972320000,14200,585040000,88370694,11.59
09/06/2022,-13300,-558600000,42(1.94 %),500,21000000,13800,579600000,88374994,11.59
10/06/2022,200,7900000,39.5(-5.95 %),18900,746550000,18700,738650000,88370294,11.59
13/06/2022,6200,252340000,40.7(3.04 %),7200,293040000,1000,40700000,88376894,11.59
14/06/2022,-24200,-995830000,41.15(1.11 %),6500,267475000,30700,1263305000,88389094,11.59
15/06/2022,-4900,-202860000,41.4(0.49 %),3700,153180000,8600,356040000,88386394,11.59
16/06/2022,-47000,-2079750000,44.25(6.88 %),8000,354000000,55000,2433750000,88409094,11.58
17/06/2022,-11400,-528390000,46.35(4.63 %),5000,231750000,16400,760140000,88412694,11.58
20/06/2022,-15200,-716310000,46.8(0.86 %),6700,316035000,21900,1032345000,88460994,11.55
21/06/2022,128400,5778000000,45(-3.85 %),139100,6259500000,10700,481500000,88338294,11.61
22/06/2022,40500,1694925000,41.85(-7.00 %),52500,2197125000,12000,502200000,88307694,11.62
23/06/2022,-12900,-561150000,43.5(3.82 %),2500,108750000,15400,669900000,88315894,11.62
24/06/2022,26000,1138800000,43.8(0.69 %),31100,1362180000,5100,223380000,88296794,11.62
27/06/2022,-17500,-757255000,43.9(0.23 %),1800,79150000,19300,836405000,88310394,11.62
28/06/2022,-7000,-311500000,44.5(1.37 %),0,0,7000,311500000,88315494,11.62
29/06/2022,-1900,-81975000,44.9(0.90 %),900,41130000,2800,123105000,88333894,11.61
30/06/2022,-1900,-85500000,45(0.22 %),300,13500000,2200,99000000,88340594,11.61
01/07/2022,-4600,-202400000,44(-2.22 %),2500,110000000,7100,312400000,88340894,11.61
04/07/2022,400,17500000,41(-6.82 %),400,17500000,0,0,88338994,11.61
05/07/2022,5600,213640000,38.15(-6.95 %),7600,289940000,2000,76300000,88342194,11.61
06/07/2022,26500,980500000,37(-3.14 %),26600,984200000,100,3700000,88315594,11.62
07/07/2022,9000,341100000,37.9(2.43 %),15600,591240000,6600,250140000,88301994,11.62
08/07/2022,-1500,-307100000,38.8(2.37 %),0,33300000,1500,340400000,88303494,11.62
11/07/2022,-8300,-307100000,37(-4.64 %),900,33300000,9200,340400000,88306394,11.62
12/07/2022,-4300,-167270000,38.9(5.14 %),300,11670000,4600,178940000,88307994,11.62
13/07/2022,-8500,-331075000,38.95(0.13 %),400,15580000,8900,346655000,88316794,11.62
14/07/2022,200,7800000,39(0.00 %),2500,97500000,2300,89700000,88318894,11.61
15/07/2022,-7700,-321090000,41.7(6.92 %),0,0,7700,321090000,88327794,11.61
18/07/2022,-10400,-444080000,42.7(2.40 %),1600,68320000,12000,512400000,88328494,11.61
19/07/2022,-3500,-153825000,43.95(2.93 %),100,4395000,3600,158220000,88336094,11.61
20/07/2022,21400,958720000,44.8(1.82 %),21400,958720000,0,0,88326694,11.61
21/07/2022,-900,-39150000,43.5(-2.90 %),0,0,900,39150000,88330294,11.61
22/07/2022,-12900,-46805000,42.55(-2.18 %),2500,0,15400,46805000,88330294,11.61
25/07/2022,-900,-38700000,43(0.94 %),0,0,900,38700000,88331194,11.61
26/07/2022,700,28070000,40.1(-6.74 %),700,28070000,0,0,88331594,11.61
27/07/2022,3000,123000000,41(2.24 %),8000,328000000,5000,205000000,88324494,11.61
28/07/2022,8700,352350000,40.5(-1.22 %),10000,405000000,1300,52650000,88314494,11.62
29/07/2022,100,3930000,39.3(-2.96 %),600,23580000,500,19650000,88318894,11.61
01/08/2022,2600,98800000,38(-3.31 %),3200,121600000,600,22800000,88316994,11.62
02/08/2022,-31000,-1224500000,39.5(3.95 %),3200,126400000,34200,1350900000,88314294,11.62
03/08/2022,-700,-27755000,39.65(0.38 %),1400,55510000,2100,83265000,88313494,11.62
04/08/2022,-9100,-351260000,38.6(-2.77 %),800,30880000,9900,382140000,88346894,11.6
05/08/2022,-32700,-1281840000,39.2(1.55 %),100,3920000,32800,1285760000,88348894,11.6
08/08/2022,11400,453720000,39.8(1.53 %),15000,597000000,3600,143280000,88343794,11.6
09/08/2022,-600,-23370000,38.95(-2.14 %),0,0,600,23370000,88376594,11.59
10/08/2022,-40000,-1530000000,38.25(-1.92 %),0,0,40000,1530000000,88380254,11.59
11/08/2022,-30100,-1149820000,38.2(-0.26 %),0,0,30100,1149820000,88380854,11.59
12/08/2022,-38900,-1495705000,38.45(0.65 %),1100,42295000,40000,1538000000,88419754,11.57
15/08/2022,0,-1495705000,39.2(1.82 %),0,42295000,0,1538000000,88449854,11.56
16/08/2022,18100,730335000,40.35(2.93 %),18100,730335000,0,0,88471754,11.55
17/08/2022,-24200,-951060000,39.3(-2.72 %),200,7860000,24400,958920000,88471554,11.55
18/08/2022,-57400,-2209900000,38.5(-2.04 %),100,3850000,57500,2213750000,88471454,11.55
19/08/2022,-2400,-91680000,38.2(-0.78 %),0,0,2400,91680000,88495854,11.54
22/08/2022,-200,-7760000,38.8(1.57 %),300,11640000,500,19400000,88553054,11.52
23/08/2022,-3200,-125120000,39.1(0.77 %),1200,46920000,4400,172040000,88554254,11.52
24/08/2022,-400,-15560000,38.9(-0.51 %),100,3890000,500,19450000,88554654,11.52
25/08/2022,1700,65875000,38.75(-0.39 %),1700,65875000,0,0,88557354,11.51
26/08/2022,-9800,-377300000,38.5(-0.77 %),5200,200200000,15000,577500000,88552654,11.52
29/08/2022,4200,163590000,38.95(1.17 %),4300,167485000,100,3895000,88551054,11.52
30/08/2022,300,11730000,39.1(0.26 %),1800,70380000,1500,58650000,88564254,11.51
31/08/2022,200,7970000,39.85(1.92 %),1300,51805000,1100,43835000,88563054,11.51
05/09/2022,8000,320000000,40(0.25 %),11000,440000000,3000,120000000,88553554,11.52
06/09/2022,-29900,-1198990000,40.1(0.25 %),0,0,29900,1198990000,88554654,11.52
07/09/2022,9200,358800000,39(-2.74 %),9200,358800000,0,0,88548454,11.52
08/09/2022,19100,774505000,40.55(3.97 %),20000,811000000,900,36495000,88558354,11.51
09/09/2022,-4100,-177735000,43.35(6.77 %),5000,216750000,9100,394485000,88553354,11.52
12/09/2022,-4712,-177735000,43.6(0.46 %),0,216750000,4712,394485000,88554254,11.52
13/09/2022,3600,67650000,44.9(2.98 %),10000,320210000,6400,252560000,88553354,11.52
14/09/2022,-12005,67650000,44.6(-0.67 %),22900,320210000,34905,252560000,88535166,11.52
15/09/2022,4900,-535423000,44.6(0.00 %),6000,1021340000,1100,1556763000,0,11.52
16/09/2022,17800,817020000,45.9(2.91 %),18100,830790000,300,13770000,88552371,11.52
19/09/2022,6900,304290000,44.1(-3.92 %),10700,471870000,3800,167580000,88545471,11.52
20/09/2022,21600,928800000,43(-2.49 %),22300,958900000,700,30100000,88520771,11.53
21/09/2022,14400,624960000,43.4(0.93 %),14400,624960000,0,0,88510171,11.53
22/09/2022,1600,72800000,45.5(4.84 %),4300,195650000,2700,122850000,88506571,11.54
23/09/2022,-23100,-1014090000,43.9(-3.52 %),100,4390000,23200,1018480000,88506471,11.54
26/09/2022,-2900,-118465000,40.85(-6.95 %),3400,138890000,6300,257355000,88505771,11.54
27/09/2022,-14600,-613200000,42(2.69 %),1700,71400000,16300,684600000,88527271,11.53
28/09/2022,-12100,-473110000,39.1(-6.90 %),5000,195500000,17100,668610000,88528571,11.53
29/09/2022,-4300,-156520000,36.4(-6.91 %),8800,320320000,13100,476840000,88536071,11.52
30/09/2022,46400,1698240000,36.6(0.55 %),57700,2111820000,11300,413580000,88495471,11.54
03/10/2022,-10200,-347310000,34.05(-6.97 %),3500,119175000,13700,466485000,88505071,11.54
04/10/2022,8900,304380000,34.2(0.29 %),14500,495900000,5600,191520000,88501871,11.54
05/10/2022,7500,270000000,36(5.26 %),7500,270000000,0,0,88508071,11.53
06/10/2022,-15500,-542500000,35(-2.78 %),300,10500000,15800,553000000,88513371,11.53
07/10/2022,2100,68460000,32.6(-6.86 %),14800,482480000,12700,414020000,88498771,11.54
10/10/2022,9200,318320000,34.6(6.13 %),12200,422120000,3000,103800000,88502371,11.54
11/10/2022,-5651,-184787700,32.7(-5.49 %),2000,65400000,7651,250187700,88513071,11.53
12/10/2022,7000,235200000,33.6(2.75 %),9000,302400000,2000,67200000,88507071,11.54
13/10/2022,-3600,-120780000,33.55(-0.15 %),2200,73810000,5800,194590000,88512522,11.53
14/10/2022,-1930,-66585000,34.5(2.68 %),1870,64515000,3800,131100000,88512652,11.53
17/10/2022,-7500,-266250000,35.5(2.90 %),1300,46150000,8800,312400000,88517152,11.53
18/10/2022,-14800,-532800000,36(1.41 %),400,14400000,15200,547200000,88520552,11.53
19/10/2022,-10700,-382830000,35.6(-1.11 %),5400,193670000,16100,576500000,88531252,11.53
20/10/2022,-6500,-233735000,36.15(1.54 %),0,0,6500,233735000,88530952,11.53
21/10/2022,-4500,-158880000,34.8(-3.87 %),3000,103800000,7500,262680000,88544152,11.52
24/10/2022,-2300,-78645000,34.4(-1.15 %),3700,127150000,6000,205795000,88555052,11.51
25/10/2022,-9000,-312165000,35.25(2.47 %),1100,39050000,10100,351215000,88564052,11.51
26/10/2022,-13300,-469570000,34.3(-2.83 %),0,0,13300,469570000,88577852,11.51
27/10/2022,-2900,-100700000,35.2(2.62 %),0,0,2900,100700000,88579252,11.5
28/10/2022,-2000,-70200000,35.1(-0.28 %),1200,42120000,3200,112320000,88591352,11.5
31/10/2022,-8200,-281260000,34.3(-2.28 %),3700,126910000,11900,408170000,88590552,11.5
01/11/2022,-8100,-277020000,34.2(-0.29 %),0,0,8100,277020000,88595252,11.5
02/11/2022,-3700,-126170000,34.1(-0.29 %),5300,180730000,9000,306900000,88601852,11.5
03/11/2022,-6400,-213760000,33.4(-2.05 %),100,3340000,6500,217100000,88609852,11.49
04/11/2022,42900,1368510000,31.9(-4.49 %),47700,1521630000,4800,153120000,88571152,11.51
07/11/2022,-5100,-151470000,29.7(-6.90 %),12100,359370000,17200,510840000,88565552,11.51
08/11/2022,17400,497640000,28.6(-3.70 %),19600,560560000,2200,62920000,88550752,11.52
09/11/2022,2900,87000000,30(4.90 %),3900,117000000,1000,30000000,88564052,11.51
10/11/2022,-3800,-106020000,27.9(-7.00 %),2000,55800000,5800,161820000,88564252,11.51
11/11/2022,9900,272250000,27.5(-1.43 %),12400,341000000,2500,68750000,88552852,11.52
14/11/2022,42705,1101789000,25.8(-6.18 %),42705,1101789000,0,0,88515947,11.53
15/11/2022,21600,518400000,24(-6.98 %),21600,518400000,0,0,88496847,11.54
16/11/2022,39500,1013175000,25.65(6.87 %),39500,1013175000,0,0,88457347,11.56
17/11/2022,-4200,-115080000,27.4(6.61 %),5100,139740000,9300,254820000,88452247,11.56
18/11/2022,-12000,-333000000,27.75(1.28 %),2300,63825000,14300,396825000,88449947,11.56
21/11/2022,-9300,-268305000,28.85(3.78 %),3000,86550000,12300,354855000,88456247,11.56
22/11/2022,-4963,-144919600,29.2(1.04 %),37,1080400,5000,146000000,88470510,11.55
23/11/2022,2600,73190000,28.15(-3.60 %),3400,95710000,800,22520000,88479410,11.55
24/11/2022,-1200,-34260000,28.55(1.42 %),1500,42825000,2700,77085000,88482910,11.55
25/11/2022,-1600,-47520000,29.7(3.85 %),200,5940000,1800,53460000,88483510,11.55
28/11/2022,-800,-24800000,31(4.38 %),4200,130200000,5000,155000000,88484310,0.0
29/11/2022,-5700,-180690000,31.7(2.26 %),2300,72910000,8000,253600000,88490010,0.0
30/11/2022,-4300,-135450000,31.5(-0.63 %),0,0,4300,135450000,88494310,11.54
01/12/2022,-2605,-81536500,31.3(-0.63 %),2300,71990000,4905,153526500,88484210,0.0
02/12/2022,-200,-6260000,31.3(0.00 %),900,28170000,1100,34430000,88484410,11.54
05/12/2022,2093,66976000,32(2.24 %),3100,99200000,1007,32224000,88482317,0.0
06/12/2022,-1800,-56340000,31.3(-2.19 %),1700,53210000,3500,109550000,88484117,0.0
07/12/2022,-400,-12400000,31(-0.96 %),2000,62000000,2400,74400000,88484517,11.54
08/12/2022,-3105,-99360000,32(3.23 %),200,6400000,3305,105760000,88499122,11.54
09/12/2022,-700,-22400000,32(0.00 %),0,0,700,22400000,88501522,11.54
12/12/2022,-100,-3150000,31.5(-1.56 %),600,18900000,700,22050000,88488422,11.54
13/12/2022,-38600,-1215900000,31.5(0.00 %),2500,78750000,41100,1294650000,88527022,11.53
14/12/2022,1500,47700000,31.8(0.95 %),1500,47700000,0,0,88525522,0.0
15/12/2022,-2000,-64000000,32(0.63 %),500,16000000,2500,80000000,88527522,11.53
16/12/2022,900,28800000,32(0.00 %),900,28800000,0,0,88526622,11.53
19/12/2022,-900,-28665000,31.85(-0.47 %),1100,35035000,2000,63700000,88527522,0.0
20/12/2022,-7800,-245700000,31.5(-1.25 %),400,12600000,8200,258300000,88535322,11.52
21/12/2022,-200,-6350000,31.75(0.79 %),300,9525000,500,15875000,88535522,0.0
22/12/2022,-2500,-79250000,31.7(-0.31 %),300,9510000,2800,88760000,88538022,0.0
23/12/2022,-300,-9735000,32.45(2.37 %),300,9735000,600,19470000,88538322,0.0
26/12/2022,-400,-12800000,32(-1.54 %),400,12800000,800,25600000,88538722,11.52
27/12/2022,-900,-28710000,31.9(-0.31 %),0,0,900,28710000,88539622,11.52
28/12/2022,-300,-9570000,31.9(0.00 %),200,6380000,500,15950000,88539922,0.0
29/12/2022,-1800,-56880000,31.6(-0.94 %),600,18960000,2400,75840000,88556027,11.51
30/12/2022,-11900,-376040000,31.6(0.00 %),600,18960000,12500,395000000,88555927,11.51
03/01/2023,2800,90160000,32.2(1.90 %),2800,90160000,0,0,88553127,11.52
04/01/2023,100,3250000,32.5(0.93 %),100,3250000,0,0,88567927,11.51
05/01/2023,-1900,-65265000,34.35(5.69 %),200,6870000,2100,72135000,88567727,11.51
06/01/2023,-1400,-47740000,34.1(-0.87 %),1800,61380000,3200,109120000,88565927,11.51
09/01/2023,-9800,-328300000,33.5(-1.76 %),200,6700000,10000,335000000,88567827,11.51
10/01/2023,-400,-13400000,33.5(0.00 %),500,16750000,900,30150000,88570527,11.51
11/01/2023,100,3355000,33.55(0.15 %),200,6710000,100,3355000,88580327,11.5
12/01/2023,-850,-28517500,33.55(-0.15 %),0,0,850,28517500,88581227,11.5
13/01/2023,-400,-13400000,33.5(-0.30 %),0,0,400,13400000,88581327,11.5
16/01/2023,-1900,-62700000,33(-1.49 %),0,0,1900,62700000,88582177,11.5
17/01/2023,1500,50925000,33.95(2.88 %),1700,57715000,200,6790000,88580877,11.5
18/01/2023,100,3415000,34.15(0.44 %),600,20490000,500,17075000,88582177,11.5
19/01/2023,200,6870000,34.35(0.44 %),300,10305000,100,3435000,88582077,11.5
27/01/2023,300,10380000,34.6(0.58 %),300,10380000,0,0,88582277,11.5
30/01/2023,0,10380000,35.4(2.31 %),0,10380000,0,0,88582377,11.5
31/01/2023,-400,-14640000,36.6(3.39 %),1900,69540000,2300,84180000,88580477,11.5
01/02/2023,-600,-21960000,36.6(0.00 %),300,10980000,900,32940000,88580177,11.5
02/02/2023,4700,174370000,37.1(1.37 %),5900,218890000,1200,44520000,88576577,11.51
03/02/2023,-800,-29400000,36.75(-0.94 %),0,0,800,29400000,88577477,11.51
06/02/2023,4300,157380000,36.6(-0.54 %),5100,186660000,800,29280000,88573577,11.51
07/02/2023,14800,545380000,36.85(0.68 %),15400,567490000,600,22110000,88558977,11.51
08/02/2023,13600,503200000,37(0.27 %),14700,543900000,1100,40700000,88545077,11.52
09/02/2023,6800,252960000,37.2(0.54 %),7500,279000000,700,26040000,88538177,11.52
10/02/2023,16200,596160000,36.8(-1.08 %),17200,632960000,1000,36800000,88522077,11.53
13/02/2023,9900,361350000,36.5(-0.82 %),10600,386900000,700,25550000,88512177,11.53
14/02/2023,6800,251260000,36.95(1.23 %),7700,284515000,900,33255000,88505477,11.54
15/02/2023,16800,621600000,37(0.00 %),17400,643800000,600,22200000,88488777,11.54
16/02/2023,16000,595200000,37.2(0.54 %),17000,632400000,1000,37200000,88472677,11.55
17/02/2023,7400,278610000,37.65(1.21 %),9100,342615000,1700,64005000,88464177,11.55
20/02/2023,44800,1736000000,38.75(2.79 %),45800,1774750000,1000,38750000,88419377,11.57
21/02/2023,17800,690640000,38.8(0.00 %),21100,818680000,3300,128040000,88399977,11.58
22/02/2023,22300,856320000,38.4(-1.03 %),23100,887040000,800,30720000,88377877,11.59
23/02/2023,17600,677600000,38.5(0.26 %),18500,712250000,900,34650000,88362677,11.6
24/02/2023,14400,558720000,38.8(0.78 %),15600,605280000,1200,46560000,88348277,11.6
27/02/2023,37376,1444582400,38.65(-0.39 %),37900,1464835000,524,20252600,88310877,11.62
28/02/2023,7600,294120000,38.7(0.00 %),8000,309600000,400,15480000,88304077,11.62
01/03/2023,10500,406350000,38.7(0.00 %),10500,406350000,0,0,88294101,11.63
02/03/2023,57200,2253680000,39.4(1.81 %),63200,2490080000,6000,236400000,88231301,11.65
03/03/2023,-900,-35100000,39(-1.02 %),20300,791700000,21200,826800000,88211001,11.66
06/03/2023,3300,128700000,39(0.00 %),12000,468000000,8700,339300000,88205001,11.66
07/03/2023,1500,58425000,38.95(-0.13 %),5500,214225000,4000,155800000,88220701,11.66
08/03/2023,-8700,-338865000,38.95(-0.13 %),21300,829635000,30000,1168500000,88208101,11.66
09/03/2023,18800,729440000,38.8(-0.51 %),31100,1206680000,12300,477240000,88181001,11.67
10/03/2023,11039,427209300,38.7(-0.26 %),17000,657900000,5961,230690700,88194001,11.67
13/03/2023,8000,310400000,38.8(0.26 %),12700,492760000,4700,182360000,88186001,0.0
14/03/2023,8000,310400000,38.8(0.00 %),13200,512160000,5200,201760000,88186362,11.67
15/03/2023,9300,359910000,38.7(-0.26 %),13700,530190000,4400,170280000,88177362,11.67
16/03/2023,5100,197625000,38.75(0.13 %),15400,596750000,10300,399125000,88167162,11.68
17/03/2023,13400,522600000,39(0.52 %),22500,877500000,9100,354900000,88149062,11.69
20/03/2023,30400,1170400000,38.5(-1.28 %),45000,1732500000,14600,562100000,88114362,11.7
21/03/2023,-5100,558720000,38.4(-0.26 %),0,605280000,5100,46560000,88123462,11.7
22/03/2023,-2700,-103650000,38.4(0.00 %),0,0,2700,103650000,88126162,11.7
23/03/2023,-5700,-217115000,38(-1.04 %),0,0,5700,217115000,88131862,11.69
24/03/2023,12300,467710000,38(0.00 %),19400,737430000,7100,269720000,88119562,11.7
27/03/2023,-18025,-686752500,38.1(0.26 %),0,0,18025,686752500,88137587,0.0
28/03/2023,-6500,-247000000,38(-0.26 %),1000,38000000,7500,285000000,88144087,11.69
29/03/2023,-6000,-228000000,38(0.00 %),0,0,6000,228000000,88156287,11.68
30/03/2023,-4800,-183600000,38.25(0.66 %),4000,153000000,8800,336600000,88159787,11.68
31/03/2023,10500,411600000,39.2(2.35 %),23600,925120000,13100,513520000,88142187,11.69
03/04/2023,6300,249165000,39.55(0.89 %),12300,486465000,6000,237300000,88138687,11.69
04/04/2023,-7300,-289810000,39.7(0.25 %),4700,186590000,12000,476400000,88147087,11.69
05/04/2023,2400,95880000,39.95(0.63 %),4000,159800000,1600,63920000,88149087,11.69
06/04/2023,5200,208520000,40.1(0.25 %),5500,220550000,300,12030000,88155587,11.68
07/04/2023,16500,661650000,40.1(0.00 %),16500,661650000,0,0,88140687,11.69
10/04/2023,7900,316790000,40.1(0.00 %),8100,324810000,200,8020000,88132887,11.69
11/04/2023,6900,278070000,40.3(0.50 %),7300,294190000,400,16120000,88125587,11.7
12/04/2023,4100,165230000,40.3(0.00 %),4100,165230000,0,0,88121687,11.7
13/04/2023,2900,116870000,40.3(0.00 %),4000,161200000,1100,44330000,88118087,11.7
14/04/2023,-100,-4030000,40.3(0.00 %),0,0,100,4030000,88118087,11.7
17/04/2023,0,-4030000,40.45(0.37 %),0,0,0,4030000,88119187,11.7
18/04/2023,16800,675360000,40.2(-0.74 %),16800,675360000,0,0,88102487,11.71
19/04/2023,400,16080000,40.2(0.00 %),400,16080000,0,0,88102087,11.71
20/04/2023,2000,80200000,40(-0.50 %),2000,80200000,0,0,88100087,11.71
21/04/2023,-34900,-1409960000,40.4(1.00 %),800,32320000,35700,1442280000,88099287,11.71
24/04/2023,0,-1409960000,40(-0.99 %),0,32320000,0,1442280000,88099337,11.71
25/04/2023,0,-1409960000,40(0.00 %),0,32320000,0,1442280000,88135037,11.69
26/04/2023,2900,116725000,40.25(0.62 %),3600,144900000,700,28175000,88131437,11.69
27/04/2023,0,0,40.3(0.12 %),0,0,0,0,88131437,11.69
28/04/2023,57400,2373695000,41.5(2.98 %),57400,2373695000,0,0,88074037,11.72
04/05/2023,-3000,-123565000,41.3(-0.48 %),0,0,3000,123565000,88074737,11.72
05/05/2023,19900,821575000,41.45(0.36 %),19900,821575000,0,0,88054837,11.73
08/05/2023,-4500,-186270000,41.7(0.60 %),0,0,4500,186270000,88057837,11.73
09/05/2023,41400,1742175000,41.8(0.24 %),61100,2568735000,19700,826560000,87996737,11.75
10/05/2023,1000,41670000,41.9(0.24 %),3400,142120000,2400,100450000,87995737,11.75
11/05/2023,0,0,41.8(-0.24 %),0,0,0,0,88017537,11.74
12/05/2023,-1300,-55120000,41.9(0.24 %),3300,138085000,4600,193205000,88016637,11.74
15/05/2023,1800,75480000,41.85(-0.12 %),2000,83800000,200,8320000,88014837,11.74
16/05/2023,17200,719965000,41.85(0.00 %),19700,824865000,2500,104900000,87997637,11.75
17/05/2023,45900,1919970000,41.9(0.12 %),52500,2196590000,6600,276620000,87951737,11.77
18/05/2023,-3000,-124370000,41.55(-0.84 %),0,0,3000,124370000,87954737,11.77
19/05/2023,49100,2056200000,42.25(1.68 %),54100,2265450000,5000,209250000,87905637,11.79
22/05/2023,100,3875000,39.25(-7.10 %),200,7850000,100,3975000,87905537,11.79
23/05/2023,500,19760000,39.4(0.38 %),1000,39500000,500,19740000,87905037,11.79
24/05/2023,-3100,-121830000,39.55(0.38 %),0,0,3100,121830000,87908137,11.79
25/05/2023,-3600,-141660000,39.1(-1.14 %),0,0,3600,141660000,87911737,11.79
26/05/2023,41600,1635770000,39.3(0.51 %),41600,1635770000,0,0,87870137,11.8
29/05/2023,2000,78600000,39.5(0.51 %),2000,78600000,0,0,87868137,11.81
30/05/2023,-100,-3935000,39.4(-0.25 %),100,3925000,200,7860000,87868237,11.81
31/05/2023,59800,2359585000,39.6(0.51 %),59800,2359585000,0,0,87808437,11.83
01/06/2023,1700,67040000,39.4(-0.51 %),1700,67040000,0,0,87812975,11.83
02/06/2023,65000,2538145000,39.4(0.00 %),65100,2542060000,100,3915000,87747975,11.86
05/06/2023,1100,43445000,39.45(0.13 %),1100,43445000,0,0,87746875,11.86
06/06/2023,900,35515000,39.5(0.13 %),900,35515000,0,0,87745975,11.86
07/06/2023,35300,1402020000,39.85(0.89 %),35300,1402020000,0,0,87710675,11.87
08/06/2023,0,0,39.8(-0.13 %),0,0,0,0,87710675,11.87
09/06/2023,-200,-7940000,39.8(0.00 %),0,0,200,7940000,87710875,11.87
12/06/2023,200,8010000,39.95(0.38 %),200,8010000,0,0,87710675,11.87
13/06/2023,37900,1531850000,40.5(1.38 %),37900,1531850000,0,0,87672775,11.89
14/06/2023,500,20235000,40.5(0.00 %),500,20235000,0,0,87672275,11.89
15/06/2023,15100,615595000,40.8(0.74 %),15100,615595000,0,0,87657175,11.9
16/06/2023,13600,555790000,40.95(0.37 %),13600,555790000,0,0,87642055,11.9
19/06/2023,27100,1108660000,41.1(0.24 %),27200,1112750000,100,4090000,87614824,11.91
20/06/2023,11000,452240000,41.3(0.49 %),11000,452240000,0,0,87603824,11.92
21/06/2023,21400,888650000,41.5(0.48 %),21400,888650000,0,0,87582533,11.93
22/06/2023,5800,240890000,41.55(0.12 %),6000,249180000,200,8290000,87576733,11.93
23/06/2023,16200,675375000,41.8(0.48 %),16700,696075000,500,20700000,87560533,11.94
26/06/2023,5100,218490000,42.8(2.39 %),9300,394575000,4200,176085000,87550710,11.94
27/06/2023,23100,1014805000,44.5(3.97 %),26700,1171190000,3600,156385000,87527610,11.95
28/06/2023,100,4550000,44.3(-0.45 %),1100,48890000,1000,44340000,87527510,11.95
29/06/2023,0,0,43.3(-2.26 %),0,0,0,0,87527510,11.95
30/06/2023,200,8860000,44.3(2.31 %),400,17720000,200,8860000,87527310,11.95
03/07/2023,1500,67320000,43.9(-0.90 %),20500,899925000,19000,832605000,87531810,11.95
04/07/2023,1200,52675000,43.9(0.00 %),10200,447725000,9000,395050000,87530610,11.95
05/07/2023,19800,872775000,44.2(0.68 %),25300,1112070000,5500,239295000,87510810,11.96
06/07/2023,600,26520000,44.2(0.00 %),600,26520000,0,0,87503410,11.96
07/07/2023,800,35360000,44.2(0.00 %),800,35360000,0,0,87508115,11.96
10/07/2023,-2000,-88390000,44.5(0.68 %),100,4420000,2100,92810000,87510115,11.96
11/07/2023,-100,-4395000,44.55(0.11 %),400,17880000,500,22275000,87510215,11.96
12/07/2023,-700,-30850000,44.5(-0.22 %),600,26700000,1300,57550000,87510915,11.96
13/07/2023,1200,53390000,44.6(0.22 %),1300,57850000,100,4460000,87509715,11.96
14/07/2023,1000,44350000,44.75(0.34 %),1000,44350000,0,0,87508615,11.96
17/07/2023,300,13425000,44.5(-0.67 %),300,13425000,0,0,87508315,11.96
18/07/2023,1700,75010000,44(-1.12 %),2000,88325000,300,13315000,87506615,11.96
19/07/2023,3000,133610000,44.1(0.23 %),3100,138030000,100,4420000,87503315,11.96
20/07/2023,1200,53710000,44.7(1.36 %),1200,53710000,0,0,87502115,11.96
21/07/2023,600,26760000,44(-1.57 %),600,26760000,0,0,87501515,11.96
24/07/2023,-1000,-44390000,44.4(0.91 %),0,0,1000,44390000,87501915,11.96
25/07/2023,2400,106705000,44.8(0.90 %),2400,106705000,0,0,87499515,11.96
26/07/2023,200,8960000,44.85(0.11 %),200,8960000,0,0,87499315,11.96
27/07/2023,600,26980000,44.9(0.00 %),1100,49335000,500,22355000,87498715,11.96
28/07/2023,800,35920000,44.9(0.00 %),800,35920000,0,0,87497915,11.96
31/07/2023,7400,334375000,45.25(0.78 %),7600,343375000,200,9000000,87490515,11.97
01/08/2023,1300,59310000,45.3(0.00 %),1900,86460000,600,27150000,87492325,11.96
02/08/2023,-5500,-248970000,45.3(0.00 %),100,4515000,5600,253485000,87497825,11.96
03/08/2023,3400,154960000,45.45(0.33 %),3400,154960000,0,0,87494425,11.96
04/08/2023,-1200,-54045000,45.45(0.00 %),700,31835000,1900,85880000,87492625,11.96
07/08/2023,1200,54480000,45.45(0.00 %),2200,99880000,1000,45400000,87491425,11.97
08/08/2023,100,4545000,45.45(0.00 %),100,4545000,0,0,87491325,11.97
09/08/2023,2400,109080000,45.5(0.11 %),2400,109080000,0,0,87488925,11.97
10/08/2023,0,0,46.1(1.32 %),0,0,0,0,87488925,11.97
11/08/2023,-5100,-232910000,46.2(0.22 %),1000,45900000,6100,278810000,87494025,11.96
14/08/2023,1900,88150000,46.3(0.22 %),3100,143470000,1200,55320000,87486725,11.97
15/08/2023,6000,277190000,46.3(0.00 %),9400,434220000,3400,157030000,87483425,11.97
16/08/2023,6900,321215000,46.4(0.22 %),8900,414235000,2000,93020000,87475725,11.97
17/08/2023,-8200,-377190000,46.4(0.00 %),1600,73610000,9800,450800000,87483925,11.97
18/08/2023,-500,-21765000,45.9(-1.08 %),1000,46025000,1500,67790000,87478525,11.97
21/08/2023,-3900,-175640000,45.3(-1.31 %),100,4500000,4000,180140000,87488261,11.97
22/08/2023,6700,303415000,45.3(0.00 %),10000,451970000,3300,148555000,87479761,11.97
23/08/2023,1300,60870000,45.4(0.22 %),4700,212910000,3400,152040000,87479061,11.97
24/08/2023,22400,1027095000,46(1.32 %),27100,1241870000,4700,214775000,87456661,11.98
25/08/2023,-1600,-73120000,45.7(-0.65 %),0,0,1600,73120000,87458661,11.98
28/08/2023,-4000,-181080000,45.3(-0.88 %),700,31990000,4700,213070000,87462661,11.98
29/08/2023,-10000,-449315000,45.3(0.00 %),100,4535000,10100,453850000,87464161,11.98
30/08/2023,-1200,-53920000,45.8(1.10 %),0,0,1200,53920000,87465361,11.98
31/08/2023,-11800,-532075000,45.35(-0.98 %),1300,59690000,13100,591765000,87477661,11.97
05/09/2023,-1800,-80500000,45.75(0.88 %),1400,59220000,3200,139720000,87477461,11.97
06/09/2023,-13200,-570920000,44.7(-2.30 %),1200,54170000,14400,625090000,87490661,11.97
07/09/2023,-8000,-348145000,44.5(-0.45 %),200,8900000,8200,357045000,87492361,11.96
08/09/2023,-3000,-125990000,44.4(-0.22 %),2200,98680000,5200,224670000,87504598,11.96
11/09/2023,-20900,-896030000,44(-0.90 %),700,30950000,21600,926980000,87512098,11.96
12/09/2023,-9400,-387505000,42.7(-2.95 %),3200,140490000,12600,527995000,87514098,11.96
13/09/2023,-4900,-181270000,43.1(0.94 %),19200,830615000,24100,1011885000,87516498,11.95
14/09/2023,19100,844560000,43.5(0.93 %),54300,2351600000,35200,1507040000,87474798,11.97
15/09/2023,14000,613050000,43.8(0.69 %),16000,700650000,2000,87600000,87482905,11.97
18/09/2023,0,0,43.15(-1.48 %),0,0,0,0,87482905,11.97
19/09/2023,19100,819065000,43(-0.35 %),22300,956005000,3200,136940000,87495405,11.96
20/09/2023,-7500,-317445000,42.6(-0.93 %),3300,140130000,10800,457575000,87502905,11.96
21/09/2023,-9300,-394280000,42.5(-0.23 %),30300,1292125000,39600,1686405000,87512205,11.96
22/09/2023,3300,143615000,42.9(0.94 %),12100,516520000,8800,372905000,87465055,11.98
25/09/2023,20300,868265000,42.8(-0.23 %),47000,2009020000,26700,1140755000,87457680,11.98
26/09/2023,44900,1943360000,43.3(1.17 %),44900,1943360000,0,0,87421580,11.99
27/09/2023,8800,378490000,43(-0.69 %),11800,507190000,3000,128700000,87412780,12.0
28/09/2023,3200,137690000,43.5(1.16 %),3200,137690000,0,0,87409580,12.0
29/09/2023,0,0,43.5(0.00 %),0,0,0,0,87436280,11.99
02/10/2023,2100,91350000,43.5(0.00 %),2100,91350000,0,0,87434180,11.99
03/10/2023,25400,1088895000,43.7(0.46 %),25400,1088895000,0,0,87408780,12.0
04/10/2023,28400,1231430000,43.8(0.23 %),28400,1231430000,0,0,87380380,12.01
05/10/2023,9800,428260000,43.7(-0.23 %),9800,428260000,0,0,87371580,12.02
06/10/2023,2500,109250000,43.9(0.46 %),2500,109250000,0,0,87369080,12.02
09/10/2023,400,19500000,44.3(0.91 %),3400,149585000,3000,130085000,87368680,12.02
10/10/2023,2800,124320000,45(1.58 %),2800,124320000,0,0,87363380,12.02
11/10/2023,5900,264120000,44.9(-0.22 %),5900,264120000,0,0,87360480,12.02
12/10/2023,1900,85140000,44.9(0.00 %),2600,116500000,700,31360000,87357880,12.02
13/10/2023,1700,75440000,44.2(-1.56 %),3300,145760000,1600,70320000,87355580,12.02
16/10/2023,7000,311760000,44.25(0.11 %),8200,364095000,1200,52335000,87348080,12.03
17/10/2023,4000,179800000,44.9(1.47 %),4000,179800000,0,0,87345680,12.03
18/10/2023,8300,372160000,44.7(-0.45 %),8400,376490000,100,4330000,87338480,12.03
19/10/2023,-2200,-96940000,44(-1.57 %),2600,114510000,4800,211450000,87335880,12.03
20/10/2023,-500,-21780000,44.55(1.25 %),1300,57365000,1800,79145000,87335680,12.03
23/10/2023,-1000,-43950000,44.9(0.79 %),1000,44500000,2000,88450000,87339480,12.03
24/10/2023,8300,366490000,44.4(-1.11 %),8300,366490000,0,0,87331180,12.03
25/10/2023,35500,1539195000,43.9(-1.13 %),38500,1668885000,3000,129690000,87332980,12.03
26/10/2023,20400,876350000,43.7(-0.46 %),21500,923520000,1100,47170000,87274980,12.06
27/10/2023,4000,171300000,43(-1.60 %),4000,171300000,0,0,87274980,12.06
30/10/2023,14900,635975000,42.6(-0.93 %),14900,635975000,0,0,87262180,12.06
31/10/2023,5200,220585000,42.6(0.00 %),5200,220585000,0,0,87257380,12.06
01/11/2023,16300,688120000,43(0.94 %),16300,688120000,0,0,87241580,12.07
02/11/2023,-8800,-373070000,43(0.00 %),0,0,8800,373070000,87250380,12.07
03/11/2023,0,0,42.5(-1.16 %),0,0,0,0,87250380,12.07
06/11/2023,600,25935000,43.25(1.76 %),1200,51635000,600,25700000,87249780,12.07
07/11/2023,-200,-8365000,43.35(0.23 %),100,4325000,300,12690000,87249980,12.07
08/11/2023,0,0,43.1(-0.58 %),0,0,0,0,87249680,12.07
09/11/2023,0,0,43.6(1.16 %),0,0,0,0,87249980,12.07
10/11/2023,4200,184790000,43.55(-0.11 %),4200,184790000,0,0,87245780,12.07
13/11/2023,0,0,43.7(0.34 %),100,4450000,100,4450000,87245680,12.07
14/11/2023,0,0,43.7(0.00 %),0,0,0,0,87245780,12.07
15/11/2023,1100,48250000,43.7(0.00 %),1400,61180000,300,12930000,87244680,12.07
16/11/2023,0,0,43.5(-0.46 %),0,0,0,0,87244680,12.07
17/11/2023,0,0,44.5(2.30 %),0,0,0,0,87244680,12.07
20/11/2023,0,0,43.7(-1.80 %),0,0,0,0,87244680,12.07
21/11/2023,1800,78660000,43.8(0.23 %),1800,78660000,0,0,87242880,12.07
22/11/2023,-10400,-453165000,44.2(0.91 %),0,0,10400,453165000,87242880,12.07
23/11/2023,0,0,43.55(-1.47 %),0,0,0,0,87242880,12.07
24/11/2023,0,0,43.3(-0.57 %),0,0,0,0,87242880,12.07
27/11/2023,0,0,43.25(-0.12 %),0,0,0,0,87242880,12.07
28/11/2023,0,0,43.3(0.12 %),0,0,0,0,87242880,12.07
29/11/2023,-3000,-130715000,44.4(2.54 %),0,0,3000,130715000,87245880,12.07
30/11/2023,-7000,-307085000,45(1.35 %),0,0,7000,307085000,87252880,12.07
01/12/2023,-500,-22265000,45.45(1.00 %),100,4495000,600,26760000,87253360,12.07
04/12/2023,-1100,-48570000,45.5(0.11 %),400,17880000,1500,66450000,87254460,12.07
05/12/2023,0,0,45.4(-0.22 %),0,0,0,0,87254460,12.07
06/12/2023,800,36320000,44.8(-1.32 %),800,36320000,0,0,87253660,12.07
07/12/2023,-17600,-776760000,44.8(0.00 %),0,0,17600,776760000,87271260,12.06
08/12/2023,100,4525000,45.25(1.00 %),100,4525000,0,0,87271160,12.06
11/12/2023,0,0,45.5(0.55 %),0,0,0,0,87271160,12.06
12/12/2023,-5100,-229660000,45.5(0.00 %),1900,85370000,7000,315030000,87276260,12.06
13/12/2023,-4800,-216850000,45(-1.10 %),2200,98780000,7000,315630000,87281060,12.05
14/12/2023,-7700,-346510000,45(0.00 %),0,0,7700,346510000,87288760,12.05
15/12/2023,-36200,-1617390000,44.4(-1.33 %),0,0,36200,1617390000,87324960,12.04
18/12/2023,-31400,-1396500000,44.4(0.00 %),0,0,31400,1396500000,87356360,12.02
19/12/2023,-30000,-1332155000,44.4(0.00 %),0,0,30000,1332155000,87386360,12.01
20/12/2023,-78200,-3514205000,45.2(1.80 %),0,0,78200,3514205000,87464560,11.98
21/12/2023,-25200,-1139005000,46(1.77 %),1700,77350000,26900,1216355000,87489760,11.97
22/12/2023,2000,92650000,46.3(0.65 %),2700,124920000,700,32270000,87487760,11.97
25/12/2023,-1200,-55600000,46.3(0.00 %),1800,83320000,3000,138920000,87488960,11.97
26/12/2023,-600,-27845000,46.5(0.43 %),0,0,600,27845000,87489560,11.97
27/12/2023,-12200,-570645000,47.8(2.80 %),0,0,12200,570645000,87501760,11.96
28/12/2023,600,26700000,45(0.45 %),600,26700000,0,0,87501160,11.96
29/12/2023,0,0,44.8(-0.44 %),0,0,0,0,87501160,11.96
02/01/2024,0,0,45.3(1.12 %),0,0,0,0,87512030,11.96
03/01/2024,0,0,46.5(2.65 %),0,0,0,0,87512029,11.96
04/01/2024,0,0,46.5(0.00 %),0,0,0,0,87512029,11.96
05/01/2024,0,5000,46.5(0.00 %),200,9305000,200,9300000,87512029,11.96
08/01/2024,0,0,46(-1.08 %),0,0,0,0,87512029,11.96
09/01/2024,0,0,46.5(1.09 %),0,0,0,0,87512030,11.96
10/01/2024,0,0,46.6(0.22 %),0,0,0,0,87512030,11.96
11/01/2024,0,0,46.9(0.64 %),0,0,0,0,87512060,11.96
12/01/2024,100,4695000,46.9(0.00 %),100,4695000,0,0,87511929,11.96
15/01/2024,1100,51530000,46.5(-0.85 %),1100,51530000,0,0,87510860,11.96
16/01/2024,18700,877250000,46.5(0.00 %),18700,877250000,0,0,87492160,11.96
17/01/2024,1500,69730000,46.5(0.00 %),1500,69730000,0,0,87490664,11.97
18/01/2024,400,18745000,46.45(-0.11 %),400,18745000,0,0,87490229,11.97
19/01/2024,-500,-23200000,46.4(-0.11 %),0,0,500,23200000,87490729,11.97
22/01/2024,-600,-27920000,46.3(-0.22 %),200,9280000,800,37200000,87491329,11.97
23/01/2024,-3700,-171310000,46.3(0.00 %),0,0,3700,171310000,87495029,11.96
24/01/2024,0,0,46.5(0.43 %),0,0,0,0,87495029,11.96
25/01/2024,0,0,46.6(0.22 %),0,0,0,0,87495029,11.96
26/01/2024,-900,-41940000,46.6(0.00 %),0,0,900,41940000,87495929,11.96
29/01/2024,0,0,46.6(0.00 %),0,0,0,0,87495070,11.96
30/01/2024,-6600,-307785000,46.6(0.00 %),1500,69300000,8100,377085000,87494470,11.96
31/01/2024,200,9320000,46.6(0.00 %),200,9320000,0,0,87494270,11.96
01/02/2024,-900,-42120000,46.8(0.43 %),0,0,900,42120000,87494271,11.96
02/02/2024,400,18560000,46.6(-0.43 %),400,18560000,0,0,87502370,11.96
05/02/2024,500,23225000,46.4(-0.43 %),600,27885000,100,4660000,87493371,11.96
06/02/2024,7000,326000000,47(1.29 %),7000,326000000,0,0,87495270,11.96
07/02/2024,10100,477020000,47.5(1.06 %),10900,515420000,800,38400000,87484470,11.97
15/02/2024,14800,708590000,48.4(1.89 %),20600,986420000,5800,277830000,87463870,11.98
16/02/2024,0,0,47.5(-1.86 %),0,0,0,0,87464670,11.98
19/02/2024,0,0,47.8(0.63 %),0,0,0,0,87470470,11.97
20/02/2024,32000,1520000000,48.4(1.26 %),32000,1520000000,0,0,87438470,11.99
21/02/2024,800,38400000,48.9(1.03 %),800,38400000,0,0,87437670,11.99
22/02/2024,300,14270000,49.9(2.04 %),400,19470000,100,5200000,87437670,11.99
23/02/2024,1900,93100000,49.5(-0.80 %),1900,93100000,0,0,87426471,11.99
26/02/2024,-700,-33950000,49.05(-0.91 %),800,38800000,1500,72750000,87434670,11.99
27/02/2024,500,24550000,49(-0.10 %),500,24550000,0,0,87426671,11.99
28/02/2024,-900,-44100000,49.9(1.84 %),0,0,900,44100000,87427571,11.99
29/02/2024,2200,109520000,49.9(0.00 %),2300,114500000,100,4980000,87433370,11.99
01/03/2024,-400,-19930000,49.5(-0.80 %),0,0,400,19930000,87433371,11.99
04/03/2024,3000,152040000,49.9(0.81 %),3000,152040000,0,0,87430371,11.99
05/03/2024,0,0,49.8(-0.20 %),0,0,0,0,87431770,11.99
06/03/2024,100,4975000,49.75(-0.10 %),100,4975000,0,0,87430271,11.99
07/03/2024,-900,-45015000,50(0.00 %),100,4985000,1000,50000000,87431171,11.99
08/03/2024,0,0,49.9(-0.20 %),0,0,0,0,87431171,11.99
11/03/2024,-2300,-114770000,50(0.20 %),0,0,2300,114770000,87433471,11.99
12/03/2024,-100,-5050000,50(0.00 %),0,0,100,5050000,87432570,11.99
13/03/2024,0,0,50(0.00 %),0,0,0,0,87434901,11.99
14/03/2024,-1800,-89615000,49.9(-0.20 %),0,0,1800,89615000,87436701,11.99
15/03/2024,100,4990000,49.75(-0.30 %),100,4990000,0,0,87436601,11.99
18/03/2024,100,4950000,49.5(-0.50 %),200,9950000,100,5000000,87436504,11.99
19/03/2024,0,0,49.5(0.00 %),0,0,0,0,87436504,11.99
20/03/2024,0,0,49(-1.01 %),0,0,0,0,87436501,11.99
21/03/2024,-1000,-48610000,49(0.00 %),0,0,1000,48610000,87437501,11.99
22/03/2024,100,4900000,49.5(1.02 %),100,4900000,0,0,87437401,11.99
25/03/2024,0,0,48.2(-2.63 %),0,0,0,0,87437500,11.99
26/03/2024,5600,270200000,48.7(1.04 %),5600,270200000,0,0,87431901,11.99
27/03/2024,100,4870000,48.7(0.00 %),100,4870000,0,0,87431800,11.99
28/03/2024,500,23525000,49(0.62 %),1000,48000000,500,24475000,87430800,11.99
29/03/2024,300,14700000,49(0.00 %),300,14700000,0,0,87430504,11.99
01/04/2024,0,0,49(0.00 %),0,0,0,0,87431000,11.99
02/04/2024,100,4720000,49(0.00 %),300,14445000,200,9725000,87430401,11.99
03/04/2024,10700,524300000,49(0.00 %),16300,798700000,5600,274400000,87414400,12.0
04/04/2024,600,29430000,49(0.00 %),1400,68600000,800,39170000,87419101,12.0
05/04/2024,0,0,48.9(-0.20 %),0,0,0,0,87418800,12.0
08/04/2024,0,0,48(-1.84 %),0,0,0,0,87419101,12.0
09/04/2024,16300,789725000,48.95(1.98 %),17800,863225000,1500,73500000,87402801,12.0
10/04/2024,0,0,47.7(-2.55 %),0,0,0,0,87402801,12.0
11/04/2024,43000,2069950000,48(0.63 %),43000,2069950000,0,0,87360300,12.02
12/04/2024,10800,513295000,48(0.00 %),10800,513295000,0,0,87349500,12.03
15/04/2024,2500,119710000,47.5(-1.04 %),2500,119710000,0,0,87346501,12.03
16/04/2024,3000,144000000,48(1.05 %),3000,144000000,0,0,87343501,12.03
17/04/2024,100,4800000,48.2(0.42 %),100,4800000,0,0,87346401,12.03
19/04/2024,3800,182200000,47.95(-0.52 %),4000,191800000,200,9600000,87342601,12.03
22/04/2024,-700,-33040000,47.9(-0.10 %),100,4720000,800,37760000,87339800,12.03
23/04/2024,-100,-4790000,47.2(-1.46 %),0,0,100,4790000,87340000,12.03
24/04/2024,3400,156330000,46.7(-1.06 %),4400,203350000,1000,47020000,87340001,12.03
25/04/2024,3100,138555000,45.05(-3.53 %),3100,138555000,0,0,87336901,12.03
26/04/2024,-100,-4500000,44.15(-2.00 %),0,0,100,4500000,87334400,12.03
02/05/2024,-9200,-408075000,44.2(0.11 %),1600,70710000,10800,478785000,87332800,12.03
03/05/2024,0,0,45.5(2.94 %),0,0,0,0,87332904,12.03
06/05/2024,400,18280000,47(3.30 %),400,18280000,0,0,87343304,12.03
07/05/2024,500,23500000,47.8(1.70 %),500,23500000,0,0,87342810,12.03
08/05/2024,-100,-4780000,47.7(-0.21 %),0,0,100,4780000,87342810,12.03
09/05/2024,-3900,-186030000,47.7(0.00 %),100,4770000,4000,190800000,87342700,12.03
10/05/2024,-4700,-224090000,48(0.63 %),0,0,4700,224090000,87342810,12.03
13/05/2024,-2200,-104990000,48.5(1.04 %),100,4800000,2300,109790000,87346700,12.03
14/05/2024,300,14550000,48.9(0.82 %),300,14550000,0,0,87344101,12.03
15/05/2024,-2100,-102360000,49(0.20 %),0,0,2100,102360000,87346201,12.03
16/05/2024,-200,-9800000,49(0.00 %),300,14700000,500,24500000,87346401,12.03
17/05/2024,0,5000,49.05(0.10 %),100,4910000,100,4905000,87355100,12.02
20/05/2024,0,0,49.45(0.82 %),0,0,0,0,87355610,12.02
21/05/2024,0,0,49(-0.91 %),100,4920000,100,4920000,87355610,12.02
22/05/2024,-700,-34160000,49.1(0.20 %),0,0,700,34160000,87355620,12.02
23/05/2024,-700,-34300000,49(-0.20 %),2300,112700000,3000,147000000,87353416,12.02
24/05/2024,-300,-14640000,49(0.00 %),0,0,300,14640000,87347901,12.03
27/05/2024,-2100,-102350000,49(0.00 %),0,0,2100,102350000,87357120,12.02
28/05/2024,-1000,-48730000,48.85(-0.31 %),0,0,1000,48730000,87357416,12.02
29/05/2024,-3700,-180085000,48.6(-0.51 %),0,0,3700,180085000,87359520,12.02
30/05/2024,0,0,48.65(0.10 %),0,0,0,0,87360510,12.02
31/05/2024,-100,-4880000,48.8(0.31 %),0,0,100,4880000,87364216,12.02
03/06/2024,-7500,-366040000,48.85(0.10 %),0,0,7500,366040000,87364216,12.02
04/06/2024,0,0,49.1(0.51 %),0,0,0,0,87364216,12.02
05/06/2024,0,0,48.9(-0.41 %),0,0,0,0,87364216,12.02
06/06/2024,-200,-9860000,49.1(0.41 %),0,0,200,9860000,87371876,12.02
07/06/2024,0,0,49.1(0.00 %),0,0,0,0,87371876,12.02
10/06/2024,-100,-4940000,49.5(0.81 %),100,4940000,200,9880000,87371976,12.02
11/06/2024,-3100,-148800000,49.7(0.40 %),0,0,3100,148800000,87371876,12.02
12/06/2024,0,0,49.5(-0.40 %),0,0,0,0,87372176,12.02
13/06/2024,0,0,49.5(0.00 %),0,0,0,0,87375276,12.01
14/06/2024,-800,-39840000,49.6(0.20 %),0,0,800,39840000,87375276,12.01
17/06/2024,0,0,49.7(0.20 %),0,0,0,0,87375276,12.01
18/06/2024,0,0,49.5(-0.40 %),0,0,0,0,87376076,12.01
19/06/2024,-100,-4940000,49.55(0.10 %),0,0,100,4940000,87376076,12.01
20/06/2024,0,0,49.55(0.00 %),0,0,0,0,87376076,12.01
21/06/2024,-2100,-104060000,49.55(0.00 %),1000,49500000,3100,153560000,87375176,12.01
24/06/2024,-3100,-151955000,49.6(0.10 %),0,0,3100,151955000,87375176,12.01
25/06/2024,0,0,49.6(0.00 %),0,0,0,0,87378276,12.01
26/06/2024,0,0,49.65(0.10 %),0,0,0,0,87381376,12.01
27/06/2024,-700,-34650000,50(0.70 %),300,15000000,1000,49650000,87381076,12.01
28/06/2024,800,39600000,49.9(-0.20 %),800,39600000,0,0,87380276,12.01
04/07/2024,0,0,50.7(0.20 %),0,0,0,0,87381276,0.0
05/07/2024,0,0,50.6(-0.20 %),0,0,0,0,87381276,0.0
08/07/2024,-1000,-50600000,50.6(0.00 %),0,0,1000,50600000,87382276,0.0
09/07/2024,200,11020000,53.4(5.53 %),600,31800000,400,20780000,87382076,0.0
10/07/2024,-600,-31810000,52.9(-0.94 %),100,5290000,700,37100000,87382676,0.0
11/07/2024,-800,-42400000,53(0.19 %),0,0,800,42400000,87383476,0.0
12/07/2024,0,0,52.4(-1.13 %),0,0,0,0,87383476,0.0
15/07/2024,0,0,53(1.15 %),0,0,0,0,87383476,0.0
16/07/2024,-100,-5300000,51(-3.77 %),0,0,100,5300000,87383576,0.0
17/07/2024,10800,569200000,53(3.92 %),11500,606180000,700,36980000,87372776,0.0
18/07/2024,-100,-5200000,52.5(-0.94 %),0,0,100,5200000,87372876,0.0
19/07/2024,500,26200000,52.5(0.00 %),1800,94450000,1300,68250000,87372376,0.0
22/07/2024,-100,-5200000,52.5(0.00 %),0,0,100,5200000,87372476,0.0
23/07/2024,-500,-26250000,52(-0.95 %),100,5250000,600,31500000,87372976,0.0
24/07/2024,0,0,52(0.00 %),0,0,0,0,87372976,0.0
25/07/2024,-100,-5200000,51.8(-0.38 %),0,0,100,5200000,87373076,0.0
26/07/2024,0,0,51.8(0.00 %),0,0,0,0,87373076,0.0
29/07/2024,0,0,51.7(-0.19 %),0,0,0,0,87373076,0.0
30/07/2024,0,0,51.6(-0.19 %),0,0,0,0,87373076,0.0
31/07/2024,-1600,-81580000,50.8(-1.55 %),0,0,1600,81580000,87374676,0.0
01/08/2024,300,15030000,51.1(0.59 %),300,15030000,0,0,87373096,0.0
02/08/2024,-14500,-717400000,50.2(-1.76 %),100,4820000,14600,722220000,87387596,0.0
05/08/2024,-5500,-273130000,50(-0.40 %),0,0,5500,273130000,87393096,0.0
06/08/2024,100,4780000,51(2.00 %),400,19960000,300,15180000,87392996,0.0
07/08/2024,0,0,51(0.00 %),0,0,0,0,87392996,0.0
08/08/2024,500,25900000,51.4(0.78 %),500,25900000,0,0,87392496,0.0
09/08/2024,-100,-5130000,51.5(0.19 %),0,0,100,5130000,87392596,0.0
12/08/2024,-400,-20600000,51.9(0.78 %),0,0,400,20600000,87392996,0.0
13/08/2024,-700,-35080000,51.8(-0.19 %),0,0,700,35080000,87393696,0.0
14/08/2024,-3900,-191380000,51.5(-0.58 %),300,14850000,4200,206230000,87397596,0.0
15/08/2024,100,5000000,51.8(0.58 %),100,5000000,0,0,87397496,0.0
16/08/2024,-800,-39820000,49.85(-3.76 %),0,0,800,39820000,87398296,0.0
19/08/2024,0,0,51(2.31 %),0,0,0,0,87398296,0.0
20/08/2024,-3400,-170400000,50(-1.96 %),0,0,3400,170400000,87401696,0.0
21/08/2024,0,0,50(0.00 %),0,0,0,0,87401696,0.0
22/08/2024,-1100,-55000000,50(0.00 %),400,20000000,1500,75000000,87402796,0.0
23/08/2024,0,0,49.9(-0.20 %),0,0,0,0,87402796,0.0
26/08/2024,0,0,50.3(0.80 %),0,0,0,0,87402796,0.0
27/08/2024,-100,-5000000,50(-0.60 %),0,0,100,5000000,87402896,0.0
28/08/2024,0,0,50.1(0.20 %),0,0,0,0,87402896,0.0
29/08/2024,0,0,50.2(0.20 %),0,0,0,0,87402896,0.0
30/08/2024,0,0,50.1(-0.20 %),0,0,0,0,87402896,0.0
04/09/2024,-200,-9920000,50.1(0.00 %),0,0,200,9920000,87404261,0.0
05/09/2024,-7700,-381180000,50.1(0.00 %),0,0,7700,381180000,87411961,0.0
06/09/2024,2600,122200000,50.2(0.20 %),2600,122200000,0,0,87409361,0.0
09/09/2024,400,20180000,50.3(0.20 %),600,30180000,200,10000000,87408961,0.0
10/09/2024,-1800,-90410000,49.5(-1.59 %),0,0,1800,90410000,87410761,0.0
11/09/2024,0,0,49.6(0.20 %),0,0,0,0,87410761,0.0
12/09/2024,-2000,-100000000,50(0.81 %),0,0,2000,100000000,87412761,0.0
13/09/2024,-2300,-115000000,50(0.00 %),0,0,2300,115000000,87415061,0.0
16/09/2024,0,0,50.3(0.60 %),0,0,0,0,87415061,0.0
17/09/2024,-3500,-176050000,50.3(0.00 %),0,0,3500,176050000,87418561,0.0
18/09/2024,-500,-25150000,50.3(0.00 %),0,0,500,25150000,87419061,0.0
19/09/2024,-6000,-301020000,50(-0.60 %),0,0,6000,301020000,87425061,0.0
20/09/2024,-3400,-170000000,50.1(0.20 %),700,35000000,4100,205000000,87428461,0.0
23/09/2024,0,0,49.9(-0.40 %),0,0,0,0,87428461,0.0
24/09/2024,0,0,50(0.20 %),0,0,0,0,87428461,0.0
25/09/2024,0,0,50(0.00 %),0,0,0,0,87428461,0.0
26/09/2024,0,0,49.95(-0.10 %),0,0,0,0,87428461,0.0
27/09/2024,0,0,49.95(0.00 %),0,0,0,0,87428461,0.0
30/09/2024,0,0,49.95(0.00 %),0,0,0,0,87428461,0.0
01/10/2024,-1800,-90000000,50.2(0.50 %),0,0,1800,90000000,87428661,0.0
02/10/2024,-1900,-95380000,50.2(0.00 %),0,0,1900,95380000,87430561,0.0
03/10/2024,-6200,-310690000,50.4(0.40 %),0,0,6200,310690000,87436761,0.0
04/10/2024,800,40470000,50.2(-0.40 %),800,40470000,0,0,87435961,0.0
07/10/2024,-1300,-65030000,50(-0.40 %),0,0,1300,65030000,87437261,0.0
08/10/2024,0,0,50.3(0.60 %),0,0,0,0,87437261,0.0
09/10/2024,-4400,-222680000,51(1.39 %),0,0,4400,222680000,87441661,0.0
10/10/2024,0,0,51(0.00 %),0,0,0,0,87441661,0.0
11/10/2024,2000,101000000,50.5(-0.98 %),2000,101000000,0,0,87439661,0.0
14/10/2024,-1800,-90720000,50.1(-0.79 %),0,0,1800,90720000,87441461,0.0
15/10/2024,-100,-5030000,50.2(0.20 %),0,0,100,5030000,87441561,0.0
16/10/2024,0,0,50.9(1.39 %),0,0,0,0,87441561,0.0
17/10/2024,-5600,-282620000,50.4(-0.98 %),0,0,5600,282620000,87447161,0.0
18/10/2024,-4900,-247520000,50.6(0.40 %),0,0,4900,247520000,87452061,0.0
21/10/2024,-4100,-207410000,50.5(-0.20 %),0,0,4100,207410000,87456161,0.0
22/10/2024,-4200,-210090000,50.2(-0.59 %),0,0,4200,210090000,87460361,0.0
23/10/2024,-500,-25050000,50(-0.40 %),0,0,500,25050000,87460861,0.0
24/10/2024,-5400,-270000000,50.1(0.20 %),0,0,5400,270000000,87466261,0.0
25/10/2024,-5600,-280560000,50.3(0.40 %),0,0,5600,280560000,87471861,0.0
28/10/2024,-9700,-483125000,50(-0.60 %),1400,69720000,11100,552845000,87481561,0.0
29/10/2024,-8200,-402180000,50.4(0.80 %),0,0,8200,402180000,87489761,0.0
30/10/2024,-100,-5040000,50.4(0.00 %),0,0,100,5040000,87489861,0.0
31/10/2024,-5300,-267120000,50.4(0.00 %),0,0,5300,267120000,87495161,0.0
01/11/2024,0,0,50.4(0.00 %),0,0,0,0,87491561,0.0
04/11/2024,0,0,49.2(-2.38 %),0,0,0,0,87491561,0.0
05/11/2024,200,9700000,49(-0.41 %),200,9700000,0,0,87491361,0.0
06/11/2024,0,0,49(0.00 %),0,0,0,0,87491361,0.0
07/11/2024,-1400,-70400000,49.5(1.02 %),400,19600000,1800,90000000,87492761,0.0
08/11/2024,-3800,-190000000,50(1.01 %),0,0,3800,190000000,87496561,0.0
11/11/2024,0,0,50(0.00 %),0,0,0,0,87496561,0.0
12/11/2024,-1100,-55550000,50(0.00 %),0,0,1100,55550000,87532747,11.95
13/11/2024,-1300,-65050000,50.3(0.60 %),0,0,1300,65050000,87498961,0.0
14/11/2024,-2500,-124825000,50.7(0.80 %),300,15120000,2800,139945000,87501461,0.0
15/11/2024,-100,-5070000,50.7(0.00 %),0,0,100,5070000,87501561,0.0
18/11/2024,0,0,50.7(0.00 %),0,0,0,0,87501561,0.0
19/11/2024,0,0,52(2.56 %),0,0,0,0,87501561,0.0
20/11/2024,3000,153000000,51(-1.92 %),3000,153000000,0,0,87498561,0.0
21/11/2024,0,0,51(0.00 %),0,0,0,0,87498561,0.0
22/11/2024,-100,-5050000,51(0.00 %),0,0,100,5050000,87498661,0.0
25/11/2024,-3800,-192460000,51(0.00 %),0,0,3800,192460000,87504047,11.96
26/11/2024,-3100,-157090000,51(0.00 %),0,0,3100,157090000,87504147,11.96
27/11/2024,-100,-5160000,50.8(-0.39 %),500,25420000,600,30580000,87507447,11.96
28/11/2024,0,0,50.8(2.01 %),0,0,0,0,87510547,11.96
29/11/2024,-100,-5150000,50.5(-0.59 %),100,4950000,200,10100000,87511047,11.96
02/12/2024,0,0,50.5(0.00 %),0,0,0,0,87511047,11.96
03/12/2024,-19000,-934600000,50.3(-0.40 %),100,4910000,19100,939510000,87511147,11.96
04/12/2024,0,0,50(-0.60 %),0,0,0,0,87511147,11.96
05/12/2024,-100,-5000000,50(0.00 %),0,0,100,5000000,87530247,11.95
09/12/2024,-1700,-85000000,50(0.20 %),0,0,1700,85000000,87530347,11.95
10/12/2024,-1000,-50000000,50(0.00 %),0,0,1000,50000000,87531047,11.95
16/12/2024,-5200,-260290000,50(0.00 %),0,0,5200,260290000,87539790,11.94
17/12/2024,-4900,-245800000,51(2.00 %),0,0,4900,245800000,87540790,11.94
18/12/2024,-1000,-52000000,50.1(-1.76 %),0,0,1000,52000000,87545990,11.94
19/12/2024,0,0,50.1(0.00 %),0,0,0,0,87550920,11.94
20/12/2024,0,0,50.5(0.80 %),0,0,0,0,87551920,11.94
24/12/2024,0,0,50(-0.99 %),0,0,0,0,87551920,11.94
25/12/2024,0,0,50(0.00 %),0,0,0,0,87552420,11.94
26/12/2024,-100,-5050000,50(0.00 %),0,0,100,5050000,87557520,11.94
27/12/2024,0,0,49.5(-1.00 %),0,0,0,0,87557520,11.94
30/12/2024,0,0,49.1(0.20 %),0,0,0,0,87557620,11.94
31/12/2024,0,0,49.1(0.00 %),0,0,0,0,87557620,11.94
02/01/2025,-300,-14730000,49.5(0.81 %),0,0,300,14730000,87557620,11.94
03/01/2025,-300,-14850000,49.5(0.00 %),0,0,300,14850000,87557620,11.94
06/01/2025,0,0,49.45(-0.10 %),0,0,0,0,87557920,11.94
07/01/2025,0,0,49.45(0.00 %),0,0,0,0,87557920,11.94
08/01/2025,100,4945000,49.5(0.10 %),100,4945000,0,0,87558120,11.94
09/01/2025,2700,133650000,49.5(0.00 %),2700,133650000,0,0,87555420,11.94
10/01/2025,-1900,-93370000,49.6(0.20 %),100,4875000,2000,98245000,87555320,11.94
13/01/2025,0,0,49.65(0.10 %),0,0,0,0,87555320,11.94
14/01/2025,0,0,49.5(-0.30 %),0,0,0,0,87557320,11.94
15/01/2025,0,0,49.5(0.00 %),0,0,0,0,87557320,11.94
16/01/2025,-100,-4950000,49.5(0.00 %),0,0,100,4950000,87557420,0.0
17/01/2025,-100,-4950000,49.5(0.00 %),0,0,100,4950000,87557320,11.94
20/01/2025,0,0,50(1.01 %),0,0,0,0,87557420,11.94
21/01/2025,0,0,50(0.00 %),0,0,0,0,87557520,11.94
22/01/2025,-200,-10000000,50(0.00 %),0,0,200,10000000,87557520,11.94
23/01/2025,-100,-5000000,50(0.00 %),0,0,100,5000000,87557520,11.94
24/01/2025,0,0,49.8(-0.40 %),0,0,0,0,87557720,11.94
03/02/2025,0,0,0(0.00 %),0,0,0,0,87557820,11.94
04/02/2025,-600,-30000000,50(0.00 %),0,0,600,30000000,87557820,11.94
05/02/2025,-3000,-150000000,50.4(0.80 %),0,0,3000,150000000,87557820,11.94
06/02/2025,-20000,-1000000000,50(-0.79 %),0,0,20000,1000000000,87558420,11.94
07/02/2025,-900,-45120000,50.6(1.20 %),0,0,900,45120000,87561420,11.94
10/02/2025,0,0,50.6(0.00 %),0,0,0,0,87581420,11.93
11/02/2025,-1100,-55540000,50.5(-0.20 %),0,0,1100,55540000,87582320,11.93
12/02/2025,0,0,50.5(0.00 %),0,0,0,0,87582320,11.93
13/02/2025,0,0,50.5(0.00 %),0,0,0,0,87583420,11.93
14/02/2025,200,10120000,50.6(0.20 %),200,10120000,0,0,87583220,11.93
17/02/2025,-1000,-50200000,51(0.79 %),0,0,1000,50200000,87583220,11.93
18/02/2025,0,0,51.5(0.98 %),0,0,0,0,87583220,11.93
19/02/2025,0,0,51.5(0.00 %),0,0,0,0,87584220,11.93
20/02/2025,0,0,51.6(0.19 %),0,0,0,0,87584220,11.93
21/02/2025,0,0,52.5(1.74 %),0,0,0,0,87584220,11.93
24/02/2025,100,5380000,52.7(0.38 %),600,31630000,500,26250000,87583620,11.93
25/02/2025,0,0,53.5(1.52 %),0,0,0,0,87583620,11.93
26/02/2025,-1300,-68950000,53(-0.93 %),0,0,1300,68950000,87584120,11.93
27/02/2025,0,0,53(0.00 %),0,0,0,0,87584120,11.93
28/02/2025,0,0,53(0.00 %),0,0,0,0,87585420,11.93
03/03/2025,0,0,53(0.00 %),0,0,0,0,87585420,11.93
04/03/2025,-200,-10600000,53(0.00 %),300,15900000,500,26500000,87585120,11.93
05/03/2025,0,0,53(0.00 %),0,0,0,0,87585120,11.93
06/03/2025,-100,-5300000,53.1(0.19 %),0,0,100,5300000,87585620,11.93
07/03/2025,0,0,53.4(0.56 %),0,0,0,0,87585620,11.93
10/03/2025,-700,-37180000,53.7(0.56 %),0,0,700,37180000,87585720,11.93
11/03/2025,0,0,53.8(0.19 %),0,0,0,0,87585720,11.93
12/03/2025,0,0,53.7(-0.19 %),0,0,0,0,87586420,11.93
13/03/2025,0,0,54(0.56 %),0,0,0,0,87586420,11.93
14/03/2025,0,0,54(0.00 %),0,0,0,0,87586420,11.93
17/03/2025,0,0,54(0.00 %),0,0,0,0,87586420,11.93
18/03/2025,-100,-5350000,53.2(-1.48 %),0,0,100,5350000,87586420,11.93
19/03/2025,200,10000000,50(-6.02 %),200,10000000,0,0,87586220,11.93
20/03/2025,-300,-15630000,51(2.00 %),0,0,300,15630000,87586320,11.93
21/03/2025,0,0,52.2(2.35 %),0,0,0,0,87586320,11.93
24/03/2025,-900,-46400000,53(1.53 %),400,21200000,1300,67600000,87586220,11.93
25/03/2025,0,0,53(0.00 %),0,0,0,0,87586220,11.93
26/03/2025,-2600,-137300000,53(0.00 %),0,0,2600,137300000,87587520,11.92
27/03/2025,0,0,53.5(0.94 %),0,0,0,0,87587520,11.92
28/03/2025,-3300,-174990000,53.5(0.00 %),0,0,3300,174990000,87590180,11.92
31/03/2025,-11100,-580500000,53(-0.93 %),0,0,11100,580500000,87590180,11.92
01/04/2025,0,0,53(0.00 %),0,0,0,0,87593480,11.92
02/04/2025,900,47700000,53(0.00 %),900,47700000,0,0,87603680,11.92
03/04/2025,-6100,-305200000,52.7(-0.57 %),0,0,6100,305200000,87603680,11.92
04/04/2025,-8900,-456320000,52.2(-0.95 %),0,0,8900,456320000,87603680,11.92
08/04/2025,-9300,-464960000,49.6(-4.98 %),900,45000000,10200,509960000,87608880,11.92
09/04/2025,-8000,-390215000,52(4.84 %),0,0,8000,390215000,87617780,11.91
10/04/2025,-16900,-887710000,52.4(0.77 %),400,21140000,17300,908850000,87627580,11.91
11/04/2025,-5500,-278580000,50.5(-3.63 %),500,26000000,6000,304580000,87635159,11.9
14/04/2025,-27400,-1392320000,50.5(0.00 %),0,0,27400,1392320000,87652459,11.9
15/04/2025,0,0,52.9(4.75 %),0,0,0,0,87658459,11.89
16/04/2025,300,15000000,50.6(-4.35 %),300,15000000,0,0,87685559,11.88
17/04/2025,500,25300000,51.7(2.17 %),500,25300000,0,0,87685059,11.88
18/04/2025,0,0,52(0.58 %),0,0,0,0,87685059,11.88
21/04/2025,0,0,52(0.00 %),0,0,0,0,87685059,11.88
22/04/2025,900,45450000,52(0.00 %),900,45450000,0,0,87684159,11.88
23/04/2025,0,0,52(0.00 %),0,0,0,0,87684159,11.88
24/04/2025,-1200,-62400000,52(0.00 %),0,0,1200,62400000,87684159,11.88
25/04/2025,0,0,52.9(1.73 %),0,0,0,0,87684159,11.88
28/04/2025,0,0,52.8(-0.19 %),0,0,0,0,87685378,11.88
29/04/2025,0,0,52.5(-0.57 %),0,0,0,0,87685378,11.88
05/05/2025,400,21200000,53.1(1.14 %),400,21200000,0,0,87684978,11.88
06/05/2025,0,0,53.4(0.56 %),0,0,0,0,87684978,11.88
07/05/2025,-6500,-341300000,52.5(-1.69 %),0,0,6500,341300000,87684978,11.88
08/05/2025,-4000,-210000000,52.6(0.19 %),0,0,4000,210000000,87684978,11.88
09/05/2025,0,0,52.6(0.00 %),0,0,0,0,87691478,11.88
12/05/2025,-200,-10460000,52.6(0.00 %),0,0,200,10460000,87695478,11.88
13/05/2025,0,0,53(0.76 %),0,0,0,0,87695478,11.88
14/05/2025,0,0,53(0.00 %),0,0,0,0,87695678,11.88
15/05/2025,0,-234920000,52.5(-0.94 %),0,0,0,234920000,87695678,11.88
16/05/2025,0,-67700000,52(-0.95 %),0,0,0,67700000,87695678,11.88
19/05/2025,0,-36050000,53(1.92 %),0,0,0,36050000,87700178,11.88
20/05/2025,0,0,53(0.00 %),0,0,0,0,87701478,11.88
21/05/2025,0,-645010000,51.6(-2.64 %),0,0,0,645010000,87702178,11.88
22/05/2025,0,0,51.5(-0.19 %),0,0,0,0,87702178,11.88
23/05/2025,-3000,-152700000,50.8(-1.36 %),0,0,3000,152700000,87714678,11.87
26/05/2025,0,0,52.1(2.56 %),0,0,0,0,87714678,11.87
27/05/2025,100,5230000,52.1(0.00 %),100,5230000,0,0,87717578,11.87
28/05/2025,0,0,51.8(-0.58 %),0,0,0,0,87717578,11.87
29/05/2025,0,-169740000,51.2(-1.16 %),0,0,0,169740000,87717578,11.87
30/05/2025,0,-76500000,50.8(-0.78 %),0,0,0,76500000,87717578,11.87
02/06/2025,400,-749630000,49.6(-2.36 %),400,20280000,0,769910000,87720878,11.87
03/06/2025,1000,-3801350000,48.85(-1.51 %),1000,48700000,0,3850050000,87722378,11.87
04/06/2025,0,0,48.65(0.62 %),0,0,0,0,87737278,11.86
05/06/2025,0,-298740000,50.2(3.19 %),0,0,0,298740000,87815078,11.83
06/06/2025,0,0,50.5(0.60 %),0,0,0,0,87815078,11.83
09/06/2025,0,-1039550000,49(-2.97 %),0,0,0,1039550000,87821078,11.83
10/06/2025,0,-1821650000,48.55(-0.92 %),0,0,0,1821650000,87821078,11.83
11/06/2025,-67000,-3238750000,48.8(0.51 %),0,0,67000,3238750000,87842178,11.82
12/06/2025,-6000,-292800000,48.2(-1.23 %),0,0,6000,292800000,87879678,11.8
13/06/2025,-72600,-3487520000,48.4(0.41 %),100,4760000,72700,3492280000,87946678,11.77
16/06/2025,-1900,-92600000,48.8(0.83 %),300,14640000,2200,107240000,87952678,11.77
17/06/2025,-2900,-141580000,48.2(-1.23 %),100,4820000,3000,146400000,88025278,11.74
18/06/2025,-321000,-15147165000,48.5(0.62 %),100,4720000,321100,15151885000,88027178,11.74
19/06/2025,-104600,-4927170000,47(-3.09 %),2300,108360000,106900,5035530000,88030078,11.74
20/06/2025,-255300,-11688280000,45.7(-2.77 %),0,0,255300,11688280000,88351078,11.6
23/06/2025,-167200,-7607960000,45.45(-0.55 %),0,0,167200,7607960000,88455678,11.56
24/06/2025,-652400,-29632320000,46(1.21 %),500,22560000,652900,29654880000,88710978,11.45
25/06/2025,500,24215000,47.2(2.61 %),900,42760000,400,18545000,88877688,11.38
26/06/2025,0,0,47.95(1.59 %),0,0,0,0,89530088,11.1
27/06/2025,-25600,-1227520000,48(0.10 %),0,0,25600,1227520000,89530088,11.1
30/06/2025,-18,527,49.5(3.12 %),57,29039,75,28512,89530088,11.1
01/07/2025,100,4900000,49.5(0.00 %),100,4900000,0,0,89555588,11.09
02/07/2025,0,0,49.9(0.81 %),0,0,0,0,89555888,11.09
03/07/2025,0,0,49.7(-0.40 %),0,0,0,0,89555888,11.09
04/07/2025,100,4990000,48.6(-2.21 %),100,4990000,0,0,89555788,11.09
07/07/2025,0,0,49.4(1.65 %),0,0,0,0,89555788,11.09
08/07/2025,0,0,49.35(-0.10 %),0,0,0,0,89555788,11.09
09/07/2025,-8900,-440115000,49.4(0.10 %),600,29685000,9500,469800000,89555788,11.09
10/07/2025,2600,128790000,49.5(0.20 %),2600,128790000,0,0,89555788,11.09
11/07/2025,100,4950000,49.5(0.00 %),100,4950000,0,0,89561988,11.09
14/07/2025,-100,-4905000,49.1(-0.81 %),0,0,100,4905000,89561988,11.09
15/07/2025,0,0,49.05(-0.10 %),300,14730000,300,14730000,89561988,11.09
16/07/2025,0,0,48.7(-0.71 %),0,0,0,0,89562153,11.09
17/07/2025,0,0,48.7(0.00 %),0,0,0,0,89562153,11.09
18/07/2025,0,0,48.7(0.00 %),0,0,0,0,89562153,11.09
21/07/2025,300,14690000,48.75(0.10 %),300,14690000,0,0,89561853,11.09
22/07/2025,0,0,49.55(1.64 %),0,0,0,0,89561853,11.09
23/07/2025,0,0,49.9(0.71 %),0,0,0,0,89561853,11.09
24/07/2025,-11300,-557280000,49.8(-0.20 %),0,0,11300,557280000,89561853,11.09
25/07/2025,-3800,-186465000,49.5(-0.60 %),0,0,3800,186465000,89561853,11.09
28/07/2025,-1900,-92790000,49(-1.01 %),0,0,1900,92790000,89573153,11.08
29/07/2025,-100,-4865000,48.9(-0.20 %),0,0,100,4865000,89576953,11.08
30/07/2025,-13900,-667510000,47.9(-2.04 %),0,0,13900,667510000,89578853,11.08
31/07/2025,-8500,-399875000,47.1(-1.67 %),0,0,8500,399875000,89578953,11.08
01/08/2025,0,0,47.4(0.64 %),0,0,0,0,89592853,11.08
04/08/2025,0,0,47.75(0.74 %),0,0,0,0,89601353,11.07
05/08/2025,-600,-28795000,48.8(2.20 %),0,0,600,28795000,89601353,11.07
06/08/2025,-4400,-211470000,47.8(-2.05 %),400,18840000,4800,230310000,89601353,11.07
07/08/2025,-4900,-234260000,47.95(0.31 %),0,0,4900,234260000,89601953,11.07
08/08/2025,-8700,-413260000,48(0.10 %),2000,98000000,10700,511260000,89606353,11.07
11/08/2025,-3600,-172800000,47.65(-0.73 %),0,0,3600,172800000,89611253,11.07
12/08/2025,0,0,47.8(0.31 %),0,0,0,0,89620003,11.06
13/08/2025,-400,-19240000,47.9(0.21 %),1100,52880000,1500,72120000,89623603,11.06
14/08/2025,-3600,-172845000,0(0.00 %),0,0,3600,172845000,89623603,11.06
15/08/2025,0,0,47.95(0.10 %),0,0,0,0,89624003,11.06
18/08/2025,-5400,-258820000,47.95(0.00 %),2100,100730000,7500,359550000,89627603,11.06
19/08/2025,-800,-38335000,47.95(0.00 %),0,0,800,38335000,89627603,11.06
20/08/2025,-5900,-273695000,46.6(-0.75 %),100,4650000,6000,278345000,89633003,11.06
21/08/2025,-100,-4695000,46.9(0.64 %),0,0,100,4695000,89633803,11.06
22/08/2025,-100,-4680000,46.9(0.00 %),0,0,100,4680000,89633803,11.06
25/08/2025,0,-55000,46.95(0.11 %),100,4640000,100,4695000,89639703,11.06
26/08/2025,-100,-4695000,0(-100.00 %),0,0,100,4695000,89639803,11.06
