Ngay,KLGDRong,GTDGRong,ThayDoi,KLMua,GtMua,KLBan,GtBan,RoomConLai,DangSoHuu
14/08/2009,32700,1569600000,0(0.00 %),32700,1569600000,0,0,4646464,5.58
17/08/2009,150,7050000,0(0.00 %),150,7050000,0,0,4646314,5.58
18/08/2009,0,0,0(0.00 %),0,0,0,0,4646314,5.58
19/08/2009,0,0,0(0.00 %),0,0,0,0,4646314,5.58
20/08/2009,0,0,0(0.00 %),0,0,0,0,4646314,5.58
21/08/2009,-10000,-465000000,0(0.00 %),0,0,10000,465000000,4656314,5.48
24/08/2009,-3340,-159652000,0(0.00 %),0,0,3340,159652000,4659654,5.45
25/08/2009,-1000,-47800000,0(0.00 %),0,0,1000,47800000,4661654,5.43
26/08/2009,0,0,47.5(-0.63 %),0,0,0,0,4660654,5.44
27/08/2009,0,0,47(-1.05 %),0,0,0,0,4660654,5.44
28/08/2009,0,0,49.3(4.89 %),0,0,0,0,4660654,5.44
31/08/2009,1500,77250000,51.5(4.46 %),1500,77250000,0,0,4659154,5.46
01/09/2009,0,0,54(4.85 %),0,0,0,0,4659154,5.46
03/09/2009,1000,55000000,56(3.70 %),1000,55000000,0,0,4658154,5.47
04/09/2009,320,17920000,53.5(-4.46 %),320,17920000,0,0,4657834,5.47
07/09/2009,0,0,51.5(-3.74 %),0,0,0,0,4657834,5.47
08/09/2009,0,0,52(0.97 %),0,0,0,0,4657834,5.47
09/09/2009,-230,-11960000,50(-3.85 %),0,0,230,11960000,4658064,5.47
10/09/2009,3000,150750000,50(0.00 %),3000,150750000,0,0,4655064,5.49
11/09/2009,-70000,-3613825000,52.5(5.00 %),0,0,70000,3613825000,4725064,4.84
14/09/2009,0,0,53(0.95 %),0,0,0,0,4725064,4.84
15/09/2009,0,0,53(0.00 %),0,0,0,0,4725064,4.84
16/09/2009,0,0,51(-3.77 %),0,0,0,0,4725064,4.84
17/09/2009,0,0,50(-1.96 %),0,0,0,0,4725064,4.84
18/09/2009,0,0,51(2.00 %),0,0,0,0,4725064,4.84
21/09/2009,0,0,53.5(4.90 %),0,0,0,0,4725064,4.84
22/09/2009,20,1080000,56(4.67 %),20,1080000,0,0,4725044,4.84
23/09/2009,-9800,-548800000,53.5(-4.46 %),200,11200000,10000,560000000,4734844,4.75
24/09/2009,-500,-25600000,52(-2.80 %),500,26400000,1000,52000000,4735344,4.74
25/09/2009,0,0,53(1.92 %),0,0,0,0,4735344,4.74
28/09/2009,0,0,55.5(4.72 %),0,0,0,0,4734844,4.75
29/09/2009,100,5700000,56(0.90 %),100,5700000,0,0,4734744,4.75
30/09/2009,-202700,-11222590000,56(0.00 %),0,0,202700,11222590000,4937444,2.86
01/10/2009,-45300,-2439150000,54(-3.57 %),5000,277500000,50300,2716650000,4982744,2.43
02/10/2009,-21300,-1107400000,52(-3.70 %),0,0,21300,1107400000,5004044,2.23
05/10/2009,-80000,-4241495000,53(1.92 %),0,0,80000,4241495000,5084044,1.49
06/10/2009,-98000,-5339000000,55.5(4.72 %),0,0,98000,5339000000,5182044,0.57
07/10/2009,-440,-25520000,58(4.50 %),520,30160000,960,55680000,5182484,0.57
08/10/2009,0,0,60.5(4.31 %),0,0,0,0,5182484,0.57
09/10/2009,0,0,63.5(4.96 %),0,0,0,0,5182484,0.57
12/10/2009,0,0,66.5(4.72 %),0,0,0,0,5182484,0.57
13/10/2009,0,0,69.5(4.51 %),0,0,0,0,5182484,0.57
14/10/2009,39700,2879750000,72.5(4.32 %),41300,2994250000,1600,114500000,5142784,0.94
15/10/2009,59200,4474550000,76(4.83 %),59200,4474550000,0,0,5083584,1.49
16/10/2009,-1360,-101900000,72.5(-4.61 %),340,25600000,1700,127500000,5086304,1.46
19/10/2009,0,0,69(-4.83 %),0,0,0,0,5084944,1.48
20/10/2009,0,0,72(4.35 %),0,0,0,0,5084944,1.48
21/10/2009,0,0,70(-2.78 %),0,0,0,0,5084944,1.48
22/10/2009,0,0,70(0.00 %),0,0,0,0,5084944,1.48
23/10/2009,0,0,67(-4.29 %),0,0,0,0,5084944,1.48
26/10/2009,0,0,64(-4.48 %),0,0,0,0,5084944,1.48
27/10/2009,200,12500000,62(-3.12 %),200,12500000,0,0,5084744,1.48
28/10/2009,0,0,65(4.84 %),0,0,0,0,5084744,1.48
29/10/2009,0,0,65(0.00 %),0,0,0,0,5084744,1.48
30/10/2009,1000,67000000,68(4.62 %),1000,67000000,0,0,5083744,1.49
02/11/2009,0,0,65(-4.41 %),0,0,0,0,5083744,1.49
03/11/2009,0,0,62.5(-3.85 %),0,0,0,0,5083744,1.49
04/11/2009,0,0,63.5(1.60 %),0,0,0,0,5083744,1.49
05/11/2009,0,0,66(3.94 %),0,0,0,0,5083744,1.49
06/11/2009,-300,-19950000,63(-4.55 %),0,0,300,19950000,5084044,1.49
09/11/2009,0,0,60(-4.76 %),0,0,0,0,5084044,1.49
10/11/2009,0,0,57.5(-4.17 %),0,0,0,0,5084044,1.49
11/11/2009,3000,174000000,60(4.35 %),3000,174000000,0,0,5081044,1.51
12/11/2009,0,0,63(5.00 %),0,0,0,0,5081044,1.51
13/11/2009,0,0,66(4.76 %),0,0,0,0,5081044,1.51
16/11/2009,0,0,64.5(-2.27 %),0,0,0,0,5081044,1.51
17/11/2009,0,0,63.5(-1.55 %),0,0,0,0,5081044,1.51
18/11/2009,0,0,66.5(4.72 %),0,0,0,0,5081044,1.51
19/11/2009,460,30820000,67.5(1.50 %),460,30820000,0,0,5080584,1.52
20/11/2009,900,59400000,65.5(-2.96 %),900,59400000,0,0,5079684,1.53
23/11/2009,1000,65500000,63(-3.82 %),1000,65500000,0,0,5078684,1.54
24/11/2009,1000,63000000,62.5(-0.79 %),1000,63000000,0,0,5077684,1.55
25/11/2009,5000,300000000,59.5(-4.80 %),5000,300000000,0,0,5072684,1.59
26/11/2009,0,0,57(-4.20 %),0,0,0,0,5072684,1.59
27/11/2009,-460,-25070000,57.5(0.88 %),0,0,460,25070000,5073144,1.59
30/11/2009,0,0,58(0.87 %),0,0,0,0,5073144,1.59
01/12/2009,0,0,57(-1.72 %),0,0,0,0,5073144,1.59
02/12/2009,0,0,54.5(-4.39 %),0,0,0,0,5073144,1.59
03/12/2009,250,13000000,54.5(0.00 %),250,13000000,0,0,5072894,1.59
04/12/2009,0,0,54.5(0.00 %),0,0,0,0,5072894,1.59
07/12/2009,0,0,55.5(1.83 %),0,0,0,0,5072894,1.59
08/12/2009,0,0,53.5(-3.60 %),0,0,0,0,5072894,1.59
09/12/2009,0,0,51(-4.67 %),0,0,0,0,5072894,1.59
10/12/2009,0,0,50(-1.96 %),0,0,0,0,5072894,1.59
11/12/2009,-500,-24000000,47.5(-5.00 %),0,0,500,24000000,5073394,1.59
14/12/2009,0,0,49(3.16 %),0,0,0,0,5073394,1.59
15/12/2009,0,0,48.9(-0.20 %),0,0,0,0,5073394,1.59
16/12/2009,0,0,46.5(-4.91 %),0,0,0,0,5073394,1.59
17/12/2009,-100,-4420000,44.2(-4.95 %),0,0,100,4420000,5073494,1.58
18/12/2009,0,0,46(4.07 %),0,0,0,0,5073494,1.58
21/12/2009,0,0,48.3(5.00 %),0,0,0,0,5073494,1.58
22/12/2009,0,0,46.3(-4.14 %),0,0,0,0,5073494,1.58
23/12/2009,0,0,47(1.51 %),0,0,0,0,5073494,1.58
24/12/2009,0,0,49.3(4.89 %),0,0,0,0,5073494,1.58
25/12/2009,0,0,51.5(4.46 %),0,0,0,0,5073494,1.58
28/12/2009,0,0,52(0.97 %),0,0,0,0,5073494,1.58
29/12/2009,0,0,54.5(4.81 %),0,0,0,0,5073494,1.58
30/12/2009,0,0,57(4.59 %),0,0,0,0,5073494,1.58
31/12/2009,10,590000,57(0.00 %),10,590000,0,0,5073484,1.58
04/01/2010,0,0,59.5(4.39 %),0,0,0,0,5073484,1.58
05/01/2010,-2670,-164205000,61(2.52 %),330,20295000,3000,184500000,5076154,1.56
06/01/2010,10,625000,63.5(4.10 %),10,625000,0,0,5076144,1.56
07/01/2010,0,0,62(-2.36 %),0,0,0,0,5076144,1.56
08/01/2010,0,0,59(-4.84 %),0,0,0,0,5076144,1.56
11/01/2010,0,0,57.5(-2.54 %),0,0,0,0,5076144,1.56
12/01/2010,0,0,55(-4.35 %),0,0,0,0,5076144,1.56
13/01/2010,600,31800000,55(0.00 %),600,31800000,0,0,5075544,1.57
14/01/2010,0,0,57.5(4.55 %),0,0,0,0,5075544,1.57
15/01/2010,0,0,55(-4.35 %),0,0,0,0,5075544,1.57
18/01/2010,0,0,52.5(-4.55 %),0,0,0,0,5075544,1.57
19/01/2010,0,0,53(0.95 %),0,0,0,0,5075544,1.57
20/01/2010,0,0,50.5(-4.72 %),0,0,0,0,5075544,1.57
21/01/2010,0,0,48(-4.95 %),0,0,0,0,5075544,1.57
22/01/2010,0,0,46(-4.17 %),0,0,0,0,5075544,1.57
25/01/2010,1720,79840000,47.9(4.13 %),1720,79840000,0,0,5073824,1.58
26/01/2010,1000,50000000,50(4.38 %),1000,50000000,0,0,5072824,1.59
27/01/2010,0,0,49(-2.00 %),0,0,0,0,5072824,1.59
28/01/2010,0,0,47.8(-2.45 %),0,0,0,0,5072824,1.59
29/01/2010,0,0,47.6(-0.42 %),0,0,0,0,5072824,1.59
01/02/2010,-1000,-47600000,47.6(0.00 %),0,0,1000,47600000,5073824,1.58
02/02/2010,20,952000,48.5(1.89 %),20,952000,0,0,5073804,1.58
03/02/2010,0,0,48(-1.03 %),0,0,0,0,5073804,1.58
04/02/2010,0,0,49.9(3.96 %),0,0,0,0,5073804,1.58
05/02/2010,0,0,48(-3.81 %),0,0,0,0,5073804,1.58
08/02/2010,-20,-600000,48(0.00 %),700,33600000,720,34200000,5073824,1.58
09/02/2010,350,16450000,47.2(-1.67 %),350,16450000,0,0,5073474,1.58
10/02/2010,0,0,47.3(0.21 %),0,0,0,0,5073474,1.58
11/02/2010,500,24250000,48.9(3.38 %),500,24250000,0,0,5072974,1.59
12/02/2010,500,24900000,49.3(0.82 %),500,24900000,0,0,5072474,1.59
22/02/2010,0,0,49.9(1.22 %),0,0,0,0,5072474,1.59
23/02/2010,0,0,47.6(-4.61 %),0,0,0,0,5072474,1.59
24/02/2010,-500,-23501000,48(0.84 %),0,0,500,23501000,5072974,1.59
25/02/2010,-500,-24100000,48.5(1.04 %),0,0,500,24100000,5073474,1.58
26/02/2010,0,0,49.3(1.65 %),0,0,0,0,5105174,1.58
01/03/2010,1000,49600000,49.6(0.61 %),1000,49600000,0,0,5104174,1.3
02/03/2010,500,25000000,50.5(1.81 %),500,25000000,0,0,5103674,1.3
03/03/2010,0,0,51.5(1.98 %),0,0,0,0,5103674,1.3
04/03/2010,0,0,51.5(0.00 %),0,0,0,0,5103674,1.3
05/03/2010,-500,-25750000,51.5(0.00 %),0,0,500,25750000,5104174,1.3
08/03/2010,0,0,53(2.91 %),0,0,0,0,5104174,1.3
09/03/2010,-1000,-52750000,52.5(-0.94 %),0,0,1000,52750000,5105174,1.29
10/03/2010,2800,149450000,54.5(3.81 %),2800,149450000,0,0,5102374,1.31
11/03/2010,0,0,57(4.59 %),0,0,0,0,5102374,1.31
12/03/2010,0,0,57.5(0.88 %),0,0,0,0,5102374,1.31
15/03/2010,0,0,57.5(1.77 %),0,0,0,0,5102374,1.31
16/03/2010,-1800,-100300000,55.5(-3.48 %),0,0,1800,100300000,5104174,1.3
17/03/2010,-1000,-55000000,53.5(-3.60 %),0,0,1000,55000000,5105174,1.29
18/03/2010,0,0,54.5(1.87 %),0,0,0,0,5105174,1.29
19/03/2010,0,0,54.5(0.00 %),0,0,0,0,5105174,1.29
22/03/2010,0,0,54(-0.92 %),0,0,0,0,5105174,1.29
23/03/2010,0,0,53(-1.85 %),0,0,0,0,5105174,1.29
24/03/2010,0,0,52.5(-0.94 %),0,0,0,0,5105174,1.29
25/03/2010,0,0,55(4.76 %),0,0,0,0,5105174,1.29
26/03/2010,0,0,56.5(2.73 %),0,0,0,0,5105174,1.29
29/03/2010,0,0,57(0.88 %),0,0,0,0,5105174,1.29
30/03/2010,0,0,55(-3.51 %),0,0,0,0,5105174,1.29
31/03/2010,0,0,53(-3.64 %),0,0,0,0,5105174,1.29
01/04/2010,0,0,53.5(0.94 %),0,0,0,0,5105174,1.29
02/04/2010,0,0,56(4.67 %),0,0,0,0,5105174,1.29
05/04/2010,-980,-56840000,56.5(0.89 %),20,1160000,1000,58000000,5106154,1.28
06/04/2010,0,0,59(4.42 %),0,0,0,0,5106154,1.28
07/04/2010,20,1220000,61.5(4.24 %),20,1220000,0,0,5106134,1.28
08/04/2010,0,0,60(-2.44 %),0,0,0,0,5106134,1.28
09/04/2010,1400,84000000,62(3.33 %),1400,84000000,0,0,5104734,1.29
12/04/2010,0,0,59.5(-4.03 %),0,0,0,0,5104734,1.29
13/04/2010,0,0,58.5(-1.68 %),0,0,0,0,5104734,1.29
14/04/2010,0,0,58.5(0.00 %),0,0,0,0,5104734,1.29
15/04/2010,0,0,61(4.27 %),0,0,0,0,5104734,1.29
16/04/2010,0,0,62.5(2.46 %),0,0,0,0,5104734,1.29
19/04/2010,0,0,61(-2.40 %),0,0,0,0,5104734,1.29
20/04/2010,0,0,61.5(0.82 %),0,0,0,0,5104734,1.29
21/04/2010,0,0,60.5(-1.63 %),0,0,0,0,5104734,1.29
22/04/2010,0,0,61(0.83 %),0,0,0,0,5104734,1.29
26/04/2010,0,0,62.5(2.46 %),0,0,0,0,5104734,1.29
27/04/2010,0,0,64(2.40 %),0,0,0,0,5104734,1.29
28/04/2010,0,0,67(4.69 %),0,0,0,0,5104734,1.29
29/04/2010,-5000,-347500000,69(2.99 %),0,0,5000,347500000,5109734,1.25
04/05/2010,-1000,-69000000,70(1.45 %),0,0,1000,69000000,5110734,1.24
05/05/2010,0,0,72.5(3.57 %),0,0,0,0,5110734,1.24
06/05/2010,300,22500000,71(-2.07 %),300,22500000,0,0,5110434,1.24
07/05/2010,0,0,71(0.00 %),0,0,0,0,5110434,1.24
10/05/2010,0,0,67.5(-4.93 %),0,0,0,0,5110434,1.24
11/05/2010,0,0,66(-2.22 %),0,0,0,0,5110434,1.24
12/05/2010,0,0,63(-4.55 %),0,0,0,0,5110434,1.24
13/05/2010,0,0,60(-4.76 %),0,0,0,0,5110434,1.24
14/05/2010,0,0,60(0.00 %),0,0,0,0,5110434,1.24
17/05/2010,0,0,58.5(-2.50 %),0,0,0,0,5110434,1.24
18/05/2010,0,0,60(2.56 %),0,0,0,0,5110434,1.24
19/05/2010,0,0,57(-5.00 %),0,0,0,0,5110434,1.24
20/05/2010,0,0,58.5(2.63 %),0,0,0,0,5110434,1.24
21/05/2010,0,0,56(-4.27 %),0,0,0,0,5110434,1.24
24/05/2010,0,0,56(0.00 %),0,0,0,0,5110434,1.24
25/05/2010,0,0,54(-3.57 %),0,0,0,0,5110434,1.24
26/05/2010,0,0,55(1.85 %),0,0,0,0,5110434,1.24
27/05/2010,0,0,56(1.82 %),0,0,0,0,5110434,1.24
28/05/2010,0,0,58.5(4.46 %),0,0,0,0,5110434,1.24
31/05/2010,4000,244000000,61(4.27 %),4000,244000000,0,0,5106434,1.28
01/06/2010,0,0,61(0.00 %),0,0,0,0,5106434,1.28
02/06/2010,0,0,62.5(2.46 %),0,0,0,0,5106434,1.28
03/06/2010,0,0,61(-2.40 %),0,0,0,0,5106434,1.28
04/06/2010,-4000,-242000000,59(-3.28 %),0,0,4000,242000000,5110434,1.24
07/06/2010,0,0,57(-3.39 %),0,0,0,0,5110434,1.24
08/06/2010,0,0,57.5(0.88 %),0,0,0,0,5110434,1.24
09/06/2010,0,0,57.5(0.00 %),0,0,0,0,5110434,1.24
10/06/2010,0,0,58(0.87 %),0,0,0,0,5110434,1.24
11/06/2010,0,0,59(1.72 %),0,0,0,0,5110434,1.24
14/06/2010,0,0,60(1.69 %),0,0,0,0,5110434,1.24
15/06/2010,0,0,57.5(-4.17 %),0,0,0,0,5110434,1.24
16/06/2010,0,0,59(2.61 %),0,0,0,0,5110434,1.24
17/06/2010,0,0,58(-1.69 %),0,0,0,0,5110434,1.24
18/06/2010,0,0,58.5(0.86 %),0,0,0,0,5110434,1.24
21/06/2010,0,0,58.5(0.00 %),0,0,0,0,5110434,1.24
22/06/2010,0,0,58(-0.85 %),0,0,0,0,5110434,1.24
23/06/2010,1000,58000000,58(0.00 %),1000,58000000,0,0,5109434,1.25
24/06/2010,0,0,59.5(2.59 %),0,0,0,0,5109434,1.25
25/06/2010,0,0,58(-2.52 %),0,0,0,0,5109434,1.25
28/06/2010,0,0,59(1.72 %),0,0,0,0,5109434,1.25
29/06/2010,0,0,57(-3.39 %),0,0,0,0,5109434,1.25
30/06/2010,0,0,56.5(-0.88 %),0,0,0,0,5109434,1.25
01/07/2010,0,0,55(-2.65 %),0,0,0,0,5109434,1.25
02/07/2010,0,0,56.5(2.73 %),0,0,0,0,5109434,1.25
05/07/2010,0,0,55.5(-1.77 %),0,0,0,0,5109434,1.25
06/07/2010,0,0,53.5(-3.60 %),0,0,0,0,5109434,1.25
07/07/2010,0,0,53.5(0.00 %),0,0,0,0,5109434,1.25
08/07/2010,0,0,53.5(0.00 %),0,0,0,0,5109434,1.25
09/07/2010,0,0,54(0.93 %),0,0,0,0,5109434,1.25
12/07/2010,0,0,54(0.00 %),0,0,0,0,5109434,1.25
13/07/2010,0,0,56(3.70 %),0,0,0,0,5109434,1.25
14/07/2010,0,0,56(0.00 %),0,0,0,0,5109434,1.25
15/07/2010,0,0,54.5(-2.68 %),0,0,0,0,5109434,1.25
16/07/2010,0,0,54(-0.92 %),0,0,0,0,5109434,1.25
19/07/2010,0,0,53(-1.85 %),0,0,0,0,5109434,1.25
20/07/2010,0,0,54(1.89 %),0,0,0,0,5109434,1.25
21/07/2010,0,0,53(-1.85 %),0,0,0,0,5109434,1.25
22/07/2010,5000,265000000,53(0.00 %),5000,265000000,0,0,5104434,1.3
23/07/2010,0,0,54(1.89 %),0,0,0,0,5104434,1.3
26/07/2010,-1000,-54000000,54(0.00 %),0,0,1000,54000000,5105434,1.29
27/07/2010,61530,3401320000,56.5(4.63 %),61530,3401320000,0,0,5043904,1.86
28/07/2010,18530,1019150000,55(-2.65 %),18530,1019150000,0,0,5025374,2.03
29/07/2010,16050,882750000,55(0.00 %),16050,882750000,0,0,5009324,2.18
30/07/2010,21840,1201200000,55(0.00 %),21840,1201200000,0,0,4987484,2.39
02/08/2010,36160,1988800000,55(0.00 %),36160,1988800000,0,0,4951324,2.73
03/08/2010,3920,215600000,55(0.00 %),3920,215600000,0,0,4947404,2.76
04/08/2010,9780,537900000,55.5(0.91 %),9780,537900000,0,0,4937624,2.85
05/08/2010,255070,13914115000,55.5(0.00 %),255070,13914115000,0,0,4682554,5.24
06/08/2010,7770,427350000,55(-0.90 %),7770,427350000,0,0,4674784,5.31
09/08/2010,139790,7688450000,55(0.00 %),139790,7688450000,0,0,4534994,6.62
10/08/2010,149470,8186575000,55(0.00 %),149470,8186575000,0,0,4385524,8.01
11/08/2010,53640,2950200000,55(0.00 %),53640,2950200000,0,0,0,49.5
12/08/2010,119600,6557930000,55(0.00 %),119600,6557930000,0,0,4212284,9.63
13/08/2010,29530,1624100000,55(0.00 %),29530,1624100000,0,0,4182754,9.91
16/08/2010,5230,287650000,55.5(0.91 %),5230,287650000,0,0,4177524,9.96
17/08/2010,52240,2873200000,55.5(0.00 %),52240,2873200000,0,0,4027624,11.36
18/08/2010,19470,1066040000,55(0.92 %),19470,1066040000,0,0,4105814,10.63
19/08/2010,18200,1001000000,55.5(0.91 %),18200,1001000000,0,0,4087614,10.8
20/08/2010,7750,426250000,55.5(0.00 %),7750,426250000,0,0,4079864,10.87
23/08/2010,3920,211680000,54(-2.70 %),3920,211680000,0,0,4075944,10.91
24/08/2010,25000,1367455000,54(0.00 %),25000,1367455000,0,0,4050944,11.14
25/08/2010,0,0,52.5(-2.78 %),0,0,0,0,4050944,11.14
26/08/2010,3000,157500000,54(2.86 %),3000,157500000,0,0,4047944,11.17
27/08/2010,12520,687220000,55(1.85 %),12520,687220000,0,0,4035424,11.29
30/08/2010,-1000,-56000000,56(1.82 %),0,0,1000,56000000,4036424,11.28
31/08/2010,0,0,54.5(-2.68 %),0,0,0,0,4036424,11.28
01/09/2010,0,0,54.5(0.00 %),0,0,0,0,4036424,11.28
06/09/2010,0,0,55(0.92 %),0,0,0,0,4004724,11.28
07/09/2010,0,0,53(-3.64 %),0,0,0,0,4036424,11.28
08/09/2010,0,0,53(0.00 %),0,0,0,0,4036424,11.28
09/09/2010,0,0,53(0.00 %),0,0,0,0,4036424,11.28
10/09/2010,0,0,52.5(-0.94 %),0,0,0,0,4036424,11.28
13/09/2010,0,0,53(0.95 %),0,0,0,0,4036424,11.28
14/09/2010,0,0,53.5(0.94 %),0,0,0,0,4036424,11.28
15/09/2010,0,0,53.5(0.00 %),0,0,0,0,4036424,11.28
16/09/2010,0,0,52.5(-1.87 %),0,0,0,0,4036424,11.28
17/09/2010,0,0,52(-0.95 %),0,0,0,0,4036424,11.28
20/09/2010,0,0,49.4(-5.00 %),0,0,0,0,4036424,11.28
21/09/2010,0,0,51.5(4.25 %),0,0,0,0,4036424,11.28
22/09/2010,0,0,51(-0.97 %),0,0,0,0,4036424,11.28
23/09/2010,0,0,51(0.00 %),0,0,0,0,4036424,11.28
24/09/2010,0,0,50(-1.96 %),0,0,0,0,4036424,11.28
27/09/2010,0,0,50(0.00 %),0,0,0,0,4036424,11.28
28/09/2010,0,0,49.6(-0.80 %),0,0,0,0,4036424,11.28
29/09/2010,0,0,50.5(1.81 %),0,0,0,0,4036424,11.28
30/09/2010,0,0,49.4(-2.18 %),0,0,0,0,4004724,11.28
01/10/2010,0,0,49.3(-0.20 %),0,0,0,0,4004724,11.57
04/10/2010,0,0,49.5(0.41 %),0,0,0,0,4004724,11.57
05/10/2010,0,0,49.9(0.81 %),0,0,0,0,4004724,11.57
06/10/2010,0,0,50(0.20 %),0,0,0,0,4004724,11.57
07/10/2010,0,0,50(0.00 %),0,0,0,0,4004724,11.57
08/10/2010,-1320,-64880000,49.4(-1.20 %),0,0,1320,64880000,4006044,11.56
11/10/2010,-1860,-92130000,49.7(0.61 %),0,0,1860,92130000,4007904,11.54
12/10/2010,-16820,-798148000,47.4(-4.63 %),0,0,16820,798148000,0,0.0
13/10/2010,-14400,-685505000,47.5(0.21 %),0,0,14400,685505000,14400,48.87
14/10/2010,-15600,-723112000,46.3(-2.53 %),0,0,15600,723112000,30000,48.72
15/10/2010,0,0,47.9(3.46 %),0,0,0,0,30000,48.72
18/10/2010,0,0,47.5(-0.84 %),0,0,0,0,30000,48.72
19/10/2010,0,0,47.1(-0.84 %),0,0,0,0,30000,48.72
20/10/2010,0,0,44.8(-4.88 %),0,0,0,0,30000,48.72
21/10/2010,0,0,43.8(-2.23 %),0,0,0,0,30000,48.72
22/10/2010,0,0,45.9(4.79 %),0,0,0,0,30000,48.72
25/10/2010,0,0,48.1(4.79 %),0,0,0,0,30000,48.72
26/10/2010,0,0,48.9(1.66 %),0,0,0,0,30000,48.72
27/10/2010,0,0,48.7(-0.41 %),0,0,0,0,30000,48.72
28/10/2010,0,0,46.6(-4.31 %),0,0,0,0,30000,48.72
29/10/2010,0,0,46.6(0.00 %),0,0,0,0,30000,48.72
01/11/2010,-3890,-175705000,44.5(-4.51 %),0,0,3890,175705000,33890,48.68
02/11/2010,-6690,-287346000,42.9(-3.60 %),0,0,6690,287346000,40580,48.62
03/11/2010,-12940,-528616000,40.8(-4.90 %),0,0,12940,528616000,53520,48.5
04/11/2010,-14530,-572110000,39.2(-3.92 %),0,0,14530,572110000,68050,48.36
05/11/2010,0,0,41.1(4.85 %),0,0,0,0,68050,48.36
08/11/2010,-8100,-331676000,40.8(-0.73 %),0,0,8100,331676000,76150,48.29
09/11/2010,-2600,-102450000,39.1(-4.17 %),0,0,2600,102450000,78750,48.26
10/11/2010,-3250,-125735000,38.6(-1.28 %),0,0,3250,125735000,82000,48.23
11/11/2010,0,0,38.8(0.52 %),0,0,0,0,82000,48.23
12/11/2010,0,0,36.9(-4.90 %),0,0,0,0,82000,48.23
15/11/2010,0,0,35.1(-4.88 %),0,0,0,0,82000,48.23
16/11/2010,0,0,33.4(-4.84 %),0,0,0,0,82000,48.23
17/11/2010,0,0,32.1(-3.89 %),0,0,0,0,82000,48.23
18/11/2010,0,0,33.7(4.98 %),0,0,0,0,82000,48.23
19/11/2010,0,0,34(0.89 %),0,0,0,0,82000,48.23
22/11/2010,0,0,34.2(0.59 %),0,0,0,0,82000,48.23
23/11/2010,0,0,34.5(0.88 %),0,0,0,0,82000,48.23
24/11/2010,0,0,35.5(2.90 %),0,0,0,0,82000,48.23
25/11/2010,0,0,36.4(2.54 %),0,0,0,0,82000,48.23
26/11/2010,0,0,36.7(0.82 %),0,0,0,0,82000,48.23
29/11/2010,0,0,36(-1.91 %),0,0,0,0,82000,48.23
30/11/2010,0,0,35.7(-0.83 %),0,0,0,0,82000,48.23
01/12/2010,0,0,37.4(4.76 %),0,0,0,0,82000,48.23
02/12/2010,0,0,39.2(4.81 %),0,0,0,0,82000,48.23
03/12/2010,0,0,41.1(4.85 %),0,0,0,0,82000,48.23
06/12/2010,0,0,43.1(4.87 %),0,0,0,0,82000,48.23
07/12/2010,0,0,41(-4.87 %),0,0,0,0,82000,48.23
08/12/2010,0,0,39.3(-4.15 %),0,0,0,0,82000,48.23
09/12/2010,0,0,41(4.33 %),0,0,0,0,82000,48.23
10/12/2010,0,0,42(2.44 %),0,0,0,0,82000,48.23
13/12/2010,0,0,43(2.38 %),0,0,0,0,82000,48.23
14/12/2010,0,0,41(-4.65 %),0,0,0,0,82000,48.23
15/12/2010,300,12300000,39.5(-3.66 %),300,12300000,0,0,81700,48.24
16/12/2010,-8000,-306511000,39.4(-0.25 %),0,0,8000,306511000,89700,48.16
17/12/2010,0,0,40(1.52 %),0,0,0,0,89700,48.16
20/12/2010,0,0,40(0.00 %),0,0,0,0,89700,48.16
21/12/2010,15900,639412000,40.5(1.25 %),15900,639412000,0,0,73800,48.31
22/12/2010,0,0,40(-1.23 %),0,0,0,0,73800,48.31
23/12/2010,0,0,39(-2.50 %),0,0,0,0,73800,48.31
24/12/2010,0,0,39(0.00 %),0,0,0,0,73800,48.31
27/12/2010,0,0,40(2.56 %),0,0,0,0,73800,48.31
28/12/2010,0,0,40.3(0.75 %),0,0,0,0,73800,48.31
29/12/2010,0,0,39.2(-2.73 %),0,0,0,0,73800,48.31
30/12/2010,0,0,39(-0.51 %),0,0,0,0,73800,48.31
31/12/2010,0,0,39.5(1.28 %),0,0,0,0,73800,48.31
04/01/2011,0,0,39(-1.27 %),0,0,0,0,73800,48.31
05/01/2011,0,0,38.6(-1.03 %),0,0,0,0,73800,48.31
06/01/2011,-5000,-187946000,38.6(0.00 %),0,0,5000,187946000,78800,48.26
07/01/2011,0,0,39.4(2.07 %),0,0,0,0,78800,48.26
10/01/2011,0,0,38(-3.55 %),0,0,0,0,78800,48.26
11/01/2011,0,0,39(2.63 %),0,0,0,0,78800,48.26
12/01/2011,0,0,38.8(-0.51 %),0,0,0,0,78800,48.26
13/01/2011,0,0,38.8(0.00 %),0,0,0,0,78800,48.26
14/01/2011,0,0,39.5(1.80 %),0,0,0,0,78800,48.26
17/01/2011,0,0,40.5(2.53 %),0,0,0,0,78800,48.26
18/01/2011,0,0,39.5(-2.47 %),0,0,0,0,78800,48.26
19/01/2011,0,0,39.5(0.00 %),0,0,0,0,78800,48.26
20/01/2011,0,0,39(-1.27 %),0,0,0,0,78800,48.26
21/01/2011,0,0,39(0.00 %),0,0,0,0,78800,48.26
24/01/2011,0,0,38(-2.56 %),0,0,0,0,78800,48.26
25/01/2011,0,0,37.7(-0.79 %),0,0,0,0,78800,48.26
26/01/2011,0,0,39(3.45 %),0,0,0,0,78800,48.26
27/01/2011,0,0,39(0.00 %),0,0,0,0,78800,48.26
28/01/2011,100,3850000,38.5(-1.28 %),100,3850000,0,0,78700,48.26
08/02/2011,0,0,39.5(2.60 %),0,0,0,0,78700,48.26
09/02/2011,0,0,38.2(-3.29 %),0,0,0,0,78700,48.26
10/02/2011,-2000,-77500000,39.6(3.66 %),0,0,2000,77500000,80700,48.25
11/02/2011,100,3620000,37(-1.60 %),100,3620000,0,0,80600,48.25
14/02/2011,0,0,36.5(-1.35 %),0,0,0,0,80600,48.25
15/02/2011,0,0,36(-1.37 %),0,0,0,0,80600,48.25
16/02/2011,0,0,34.5(-4.17 %),0,0,0,0,80600,48.25
17/02/2011,0,0,35(1.45 %),0,0,0,0,80600,48.25
18/02/2011,0,0,35(0.00 %),0,0,0,0,80600,48.25
21/02/2011,0,0,33.3(-4.86 %),0,0,0,0,80600,48.25
22/02/2011,0,0,31.7(-4.80 %),0,0,0,0,80600,48.25
23/02/2011,0,0,31.7(0.00 %),0,0,0,0,80600,48.25
24/02/2011,0,0,31.7(0.00 %),0,0,0,0,80600,48.25
25/02/2011,0,0,31.5(-0.63 %),0,0,0,0,80600,48.25
28/02/2011,0,0,31.1(-1.27 %),0,0,0,0,80600,48.25
01/03/2011,0,0,31.1(0.00 %),0,0,0,0,80600,48.25
02/03/2011,0,0,31(-0.32 %),0,0,0,0,80600,48.25
03/03/2011,0,0,29.5(-4.84 %),0,0,0,0,0,0.0
04/03/2011,0,0,29.1(-1.36 %),0,0,0,0,0,0.0
07/03/2011,0,0,29(-0.34 %),0,0,0,0,0,0.0
08/03/2011,-40,-1176000,29(0.00 %),0,0,40,1176000,0,0.0
09/03/2011,0,0,28.8(-0.69 %),0,0,0,0,0,0.0
10/03/2011,0,0,29.9(3.82 %),0,0,0,0,0,0.0
11/03/2011,-60,-1878000,31.3(4.68 %),0,0,60,1878000,0,0.0
14/03/2011,0,0,30(-4.15 %),0,0,0,0,0,0.0
15/03/2011,0,0,30.8(2.67 %),0,0,0,0,0,0.0
16/03/2011,500,14650000,30.6(-0.65 %),500,14650000,0,0,4138064,10.33
17/03/2011,0,0,30.5(-0.33 %),0,0,0,0,4138064,10.33
18/03/2011,0,0,30.4(-0.33 %),0,0,0,0,4138064,10.33
21/03/2011,0,0,30(-1.32 %),0,0,0,0,4138064,10.33
22/03/2011,0,0,30.7(2.33 %),0,0,0,0,4138064,10.33
23/03/2011,0,0,30.5(-0.65 %),0,0,0,0,4138064,10.33
24/03/2011,0,0,29.5(-3.28 %),0,0,0,0,4138064,10.33
25/03/2011,0,0,30.3(2.71 %),0,0,0,0,4138064,10.33
28/03/2011,0,0,29.1(-3.96 %),0,0,0,0,4138064,10.33
29/03/2011,-100,-3000000,30(3.09 %),0,0,100,3000000,4138164,10.33
30/03/2011,0,0,30(0.00 %),0,0,0,0,4138164,10.33
31/03/2011,0,0,28.5(-5.00 %),0,0,0,0,4138164,10.33
01/04/2011,0,0,29(1.75 %),0,0,0,0,4137624,10.33
04/04/2011,0,0,29.7(2.41 %),0,0,0,0,4137624,10.33
05/04/2011,0,0,29.7(0.00 %),0,0,0,0,4137624,10.33
06/04/2011,450,13050000,29(-2.36 %),450,13050000,0,0,4137174,10.33
07/04/2011,0,0,28.5(-1.72 %),0,0,0,0,4137174,10.33
08/04/2011,0,0,29.5(3.51 %),0,0,0,0,4137174,10.33
13/04/2011,0,0,29(-1.69 %),0,0,0,0,4137174,10.33
14/04/2011,0,0,28.5(-1.72 %),0,0,0,0,4137174,10.33
15/04/2011,0,0,27.1(-4.91 %),0,0,0,0,4137174,10.33
18/04/2011,0,0,25.8(-4.80 %),0,0,0,0,4137174,10.33
19/04/2011,0,0,25.5(-1.16 %),0,0,0,0,4137174,10.33
20/04/2011,0,0,25.5(0.00 %),0,0,0,0,4137174,10.33
21/04/2011,0,0,25.5(0.00 %),0,0,0,0,4137174,10.33
22/04/2011,0,0,25(-1.96 %),0,0,0,0,4137174,10.33
25/04/2011,0,0,26(4.00 %),0,0,0,0,4137174,10.33
26/04/2011,0,0,25.8(-0.77 %),0,0,0,0,4137174,10.33
27/04/2011,0,0,25.7(-0.39 %),0,0,0,0,4137174,10.33
28/04/2011,0,0,25.4(-1.17 %),0,0,0,0,4137174,10.33
29/04/2011,0,0,25.4(0.00 %),0,0,0,0,4137174,10.33
04/05/2011,0,0,24.5(-3.54 %),0,0,0,0,4137274,10.33
05/05/2011,0,0,23.7(-3.27 %),0,0,0,0,4137274,10.33
06/05/2011,0,0,24.3(2.53 %),0,0,0,0,4137274,10.33
09/05/2011,0,0,24.9(2.47 %),0,0,0,0,4137274,10.33
10/05/2011,0,0,25.1(0.80 %),0,0,0,0,4137274,10.33
11/05/2011,0,0,25.1(0.00 %),0,0,0,0,4137274,10.33
12/05/2011,0,0,25.1(0.00 %),0,0,0,0,4137274,10.33
13/05/2011,0,0,24.5(-2.39 %),0,0,0,0,4137274,10.33
16/05/2011,0,0,25(2.04 %),0,0,0,0,4137274,10.33
17/05/2011,0,0,25(0.00 %),0,0,0,0,4137274,10.33
18/05/2011,0,0,23.8(-4.80 %),0,0,0,0,4137274,10.33
19/05/2011,0,0,24.4(2.52 %),0,0,0,0,4137274,10.33
20/05/2011,0,0,24.7(1.23 %),0,0,0,0,4137274,10.33
23/05/2011,0,0,23.5(-4.86 %),0,0,0,0,4137274,10.33
24/05/2011,0,0,22.4(-4.68 %),0,0,0,0,4137274,10.33
25/05/2011,0,0,21.3(-4.91 %),0,0,0,0,4137274,10.33
26/05/2011,0,0,20.4(-4.23 %),0,0,0,0,4137274,10.33
27/05/2011,0,0,20.1(-1.47 %),0,0,0,0,4137274,10.33
30/05/2011,0,0,19.2(-4.48 %),0,0,0,0,4137274,10.33
31/05/2011,0,0,19(-1.04 %),0,0,0,0,4137274,10.33
01/06/2011,0,0,19.3(1.58 %),0,0,0,0,4137274,10.33
02/06/2011,0,0,19.9(3.11 %),0,0,0,0,4137274,10.33
03/06/2011,3200,62400000,19.4(-2.51 %),3200,62400000,0,0,4134074,10.36
06/06/2011,0,0,19.7(1.55 %),0,0,0,0,4134074,10.36
07/06/2011,0,0,19.7(0.00 %),0,0,0,0,4134074,10.36
08/06/2011,0,0,19.7(0.00 %),0,0,0,0,4134074,10.36
09/06/2011,0,0,19.9(1.02 %),0,0,0,0,4134074,10.36
10/06/2011,0,0,20.7(4.02 %),0,0,0,0,4134074,10.36
13/06/2011,0,0,21.6(4.35 %),0,0,0,0,4134074,10.36
14/06/2011,0,0,22.2(2.78 %),0,0,0,0,4134074,10.36
15/06/2011,0,0,22(-0.90 %),0,0,0,0,4134074,10.36
16/06/2011,0,0,20.9(-5.00 %),0,0,0,0,4134074,10.36
17/06/2011,0,0,19.9(-4.78 %),0,0,0,0,4134074,10.36
20/06/2011,0,0,19(-4.52 %),0,0,0,0,4134074,10.36
21/06/2011,0,0,19.7(3.68 %),0,0,0,0,4134074,10.36
22/06/2011,0,0,20(1.52 %),0,0,0,0,4134074,10.36
23/06/2011,0,0,20(0.00 %),0,0,0,0,4134074,10.36
24/06/2011,0,0,20(0.00 %),0,0,0,0,4134074,10.36
27/06/2011,0,0,19(-5.00 %),0,0,0,0,4134074,10.36
28/06/2011,0,0,19.7(3.68 %),0,0,0,0,4134074,10.36
29/06/2011,0,0,19.7(0.00 %),0,0,0,0,4134074,10.36
30/06/2011,0,0,19.2(-2.54 %),0,0,0,0,4134074,10.36
01/07/2011,0,0,18.3(-4.69 %),0,0,0,0,4134074,10.36
04/07/2011,0,0,17.9(-2.19 %),0,0,0,0,4134074,10.36
05/07/2011,0,0,18.7(4.47 %),0,0,0,0,4134074,10.36
06/07/2011,0,0,19.5(4.28 %),0,0,0,0,4134074,10.36
07/07/2011,0,0,18.9(-3.08 %),0,0,0,0,4134074,10.36
08/07/2011,0,0,18.5(-2.12 %),0,0,0,0,4134074,10.36
11/07/2011,0,0,18.2(-1.62 %),0,0,0,0,4134074,10.36
12/07/2011,0,0,18.9(3.85 %),0,0,0,0,4134074,10.36
13/07/2011,0,0,18.8(-0.53 %),0,0,0,0,4134074,10.36
14/07/2011,0,0,18.8(0.00 %),0,0,0,0,4134074,10.36
15/07/2011,0,0,18.7(-0.53 %),0,0,0,0,4134074,10.36
18/07/2011,0,0,18.5(-1.07 %),0,0,0,0,4134074,10.36
19/07/2011,0,0,18.5(0.00 %),0,0,0,0,4134074,10.36
20/07/2011,0,0,18.5(0.00 %),0,0,0,0,4134074,10.36
21/07/2011,0,0,18(-2.70 %),0,0,0,0,4134074,10.36
22/07/2011,0,0,18.4(2.22 %),0,0,0,0,4134074,10.36
25/07/2011,0,0,18.4(0.00 %),0,0,0,0,4134074,10.36
26/07/2011,0,0,17.9(-2.72 %),0,0,0,0,4134074,10.36
27/07/2011,0,0,17.1(-4.47 %),0,0,0,0,4134074,10.36
28/07/2011,0,0,17(-0.58 %),0,0,0,0,4134074,10.36
29/07/2011,0,0,17.3(1.76 %),0,0,0,0,4134074,10.36
01/08/2011,0,0,17.3(0.00 %),0,0,0,0,4134074,10.36
02/08/2011,0,0,16.8(-2.89 %),0,0,0,0,4134074,10.36
03/08/2011,0,0,16.1(-4.17 %),0,0,0,0,4134074,10.36
04/08/2011,0,0,16.5(2.48 %),0,0,0,0,4134074,10.36
05/08/2011,0,0,16.2(-1.82 %),0,0,0,0,4134074,10.36
08/08/2011,0,0,16.6(2.47 %),0,0,0,0,4134074,10.36
09/08/2011,0,0,15.8(-4.82 %),0,0,0,0,4134074,10.36
10/08/2011,0,0,16.5(4.43 %),0,0,0,0,4134074,10.36
11/08/2011,0,0,16(-3.03 %),0,0,0,0,4134074,10.36
12/08/2011,0,0,16.6(3.75 %),0,0,0,0,4134074,10.36
15/08/2011,0,0,17(2.41 %),0,0,0,0,4134074,10.36
16/08/2011,0,0,16.8(-1.18 %),0,0,0,0,4134074,10.36
17/08/2011,0,0,16.8(0.00 %),0,0,0,0,4134074,10.36
18/08/2011,0,0,17.3(2.98 %),0,0,0,0,4134074,10.36
19/08/2011,0,0,16.5(-4.62 %),0,0,0,0,4134074,10.36
22/08/2011,0,0,17.1(3.64 %),0,0,0,0,4134074,10.36
23/08/2011,5000,85013000,17.1(0.00 %),5000,85013000,0,0,4129074,10.41
24/08/2011,6000,102600000,16.7(-2.34 %),6000,102600000,0,0,4123074,10.47
25/08/2011,0,0,17.3(3.59 %),0,0,0,0,4123074,10.47
26/08/2011,0,0,17(-1.73 %),0,0,0,0,4123074,10.47
29/08/2011,0,0,17.5(2.94 %),0,0,0,0,4123074,10.47
30/08/2011,0,0,18.3(4.57 %),0,0,0,0,4123074,10.47
31/08/2011,0,0,18.8(2.73 %),0,0,0,0,4123074,10.47
01/09/2011,0,0,18.8(0.00 %),0,0,0,0,4123074,10.47
05/09/2011,0,0,18.5(-1.60 %),0,0,0,0,4123074,10.47
06/09/2011,0,0,18.5(0.00 %),0,0,0,0,4123074,10.47
07/09/2011,0,0,19(2.70 %),0,0,0,0,4123074,10.47
08/09/2011,0,0,19.2(1.05 %),0,0,0,0,4123074,10.47
09/09/2011,5500,107250000,19.3(0.52 %),5500,107250000,0,0,4117574,10.52
12/09/2011,0,0,19.8(2.59 %),0,0,0,0,4117574,10.52
13/09/2011,50,1000000,20.5(3.54 %),50,1000000,0,0,4117524,10.52
14/09/2011,50,1045000,20.3(-0.98 %),50,1045000,0,0,4117474,10.52
15/09/2011,0,0,19.6(-3.45 %),0,0,0,0,4117474,10.52
16/09/2011,0,0,19.1(-2.55 %),0,0,0,0,4117474,10.52
19/09/2011,0,0,19.9(4.19 %),0,0,0,0,4117474,10.52
20/09/2011,0,0,20.3(2.01 %),0,0,0,0,4117474,10.52
21/09/2011,0,0,19.5(1.04 %),0,0,0,0,4117474,10.52
22/09/2011,0,0,19.4(-0.51 %),0,0,0,0,4117474,10.52
23/09/2011,0,0,19(-2.06 %),0,0,0,0,4117474,10.52
26/09/2011,0,0,19(0.00 %),0,0,0,0,4117474,10.52
27/09/2011,0,0,18.6(-2.11 %),0,0,0,0,4117474,10.52
28/09/2011,0,0,18.3(-1.61 %),0,0,0,0,4117474,10.52
29/09/2011,0,0,18.3(0.00 %),0,0,0,0,4117474,10.52
30/09/2011,0,0,18.5(1.09 %),0,0,0,0,4117474,10.52
03/10/2011,0,0,18.9(2.16 %),0,0,0,0,4117474,10.52
04/10/2011,0,0,18.7(-1.06 %),0,0,0,0,4117474,10.52
05/10/2011,0,0,18.9(1.07 %),0,0,0,0,4117474,10.52
06/10/2011,0,0,19(0.53 %),0,0,0,0,4117474,10.52
07/10/2011,0,0,18.5(-2.63 %),0,0,0,0,4117474,10.52
10/10/2011,0,0,18.9(2.16 %),0,0,0,0,4117474,10.52
11/10/2011,0,0,19(0.53 %),0,0,0,0,4117474,10.52
12/10/2011,0,0,18.2(-4.21 %),0,0,0,0,4117474,10.52
13/10/2011,0,0,18.6(2.20 %),0,0,0,0,4117474,10.52
14/10/2011,0,0,18.8(1.08 %),0,0,0,0,4117474,10.52
17/10/2011,0,0,18.5(-1.60 %),0,0,0,0,4117474,10.52
18/10/2011,0,0,18.6(0.54 %),0,0,0,0,4117474,10.52
19/10/2011,0,0,18.8(1.08 %),0,0,0,0,4117474,10.52
20/10/2011,0,0,18.8(0.00 %),0,0,0,0,4117474,10.52
21/10/2011,0,0,19(1.06 %),0,0,0,0,4117474,10.52
24/10/2011,0,0,19.1(0.53 %),0,0,0,0,4117474,10.52
25/10/2011,0,0,19.2(0.52 %),0,0,0,0,4117474,10.52
26/10/2011,0,0,18.4(-4.17 %),0,0,0,0,4117474,10.52
27/10/2011,0,0,18.8(2.17 %),0,0,0,0,4117474,10.52
28/10/2011,0,0,18.4(-2.13 %),0,0,0,0,4117474,10.52
31/10/2011,0,0,19.2(4.35 %),0,0,0,0,4117474,10.52
01/11/2011,0,0,18.6(-3.12 %),0,0,0,0,4117474,10.52
02/11/2011,0,0,18.1(-2.69 %),0,0,0,0,4117474,10.52
03/11/2011,0,0,18.5(2.21 %),0,0,0,0,4117474,10.52
04/11/2011,0,0,19(2.70 %),0,0,0,0,4117474,10.52
07/11/2011,620,11470000,18.5(-2.63 %),620,11470000,0,0,4116854,10.52
08/11/2011,0,0,18.6(0.54 %),0,0,0,0,4116854,10.52
09/11/2011,0,0,18.6(0.00 %),0,0,0,0,4116854,10.52
10/11/2011,0,0,18.6(0.00 %),0,0,0,0,4116854,10.52
11/11/2011,-1520,-27708000,18.4(-1.08 %),0,0,1520,27708000,4118374,10.51
14/11/2011,-1000,-17600000,19(3.26 %),0,0,1000,17600000,4119374,10.5
15/11/2011,-1800,-32878000,18.5(-2.63 %),0,0,1800,32878000,4121174,10.48
16/11/2011,-700,-12533000,18.5(0.00 %),0,0,700,12533000,4121874,10.48
17/11/2011,-1000,-17601000,17.6(-4.86 %),0,0,1000,17601000,4122874,10.47
18/11/2011,-10500,-176900000,16.8(-4.55 %),0,0,10500,176900000,4133374,10.37
21/11/2011,0,0,16.3(-2.98 %),0,0,0,0,4133374,10.37
22/11/2011,0,0,16.7(2.45 %),0,0,0,0,4133374,10.37
23/11/2011,0,0,16.8(0.60 %),0,0,0,0,4133374,10.37
24/11/2011,0,0,16.8(0.00 %),0,0,0,0,4133374,10.37
25/11/2011,0,0,16.7(-0.60 %),0,0,0,0,4133374,10.37
28/11/2011,0,0,17(1.80 %),0,0,0,0,4133374,10.37
29/11/2011,0,0,17(0.00 %),0,0,0,0,4133374,10.37
30/11/2011,0,0,17(0.00 %),0,0,0,0,4133374,10.37
01/12/2011,0,0,17.5(2.94 %),0,0,0,0,4133374,10.37
02/12/2011,0,0,17.5(0.00 %),0,0,0,0,4133374,10.37
05/12/2011,0,0,17.2(-1.71 %),0,0,0,0,4133374,10.37
06/12/2011,0,0,16.9(-1.74 %),0,0,0,0,4133374,10.37
07/12/2011,20,336000,16.8(-0.59 %),20,336000,0,0,4133354,10.37
08/12/2011,0,0,17.3(2.98 %),0,0,0,0,4133354,10.37
09/12/2011,0,0,17.5(1.16 %),0,0,0,0,4133354,10.37
12/12/2011,0,0,17.5(0.00 %),0,0,0,0,4133354,10.37
13/12/2011,0,0,16.7(-4.57 %),0,0,0,0,4133354,10.37
14/12/2011,0,0,15.9(-4.79 %),0,0,0,0,4133354,10.37
15/12/2011,0,0,16.3(2.52 %),0,0,0,0,4133354,10.37
16/12/2011,0,0,16(-1.84 %),0,0,0,0,4133354,10.37
19/12/2011,0,0,15.2(-5.00 %),0,0,0,0,4133354,10.37
20/12/2011,0,0,14.5(-4.61 %),0,0,0,0,4133354,10.37
21/12/2011,0,0,14.6(0.69 %),0,0,0,0,4133354,10.37
22/12/2011,0,0,14.5(-0.68 %),0,0,0,0,4133354,10.37
23/12/2011,0,0,15.2(4.83 %),0,0,0,0,4133354,10.37
26/12/2011,0,0,15.7(3.29 %),0,0,0,0,4133354,10.37
27/12/2011,0,0,15(-4.46 %),0,0,0,0,4133354,10.37
28/12/2011,0,0,15.5(3.33 %),0,0,0,0,4133354,10.37
29/12/2011,0,0,15.5(0.00 %),0,0,0,0,4133354,10.37
30/12/2011,0,0,15.9(2.58 %),0,0,0,0,4133354,10.37
03/01/2012,0,0,15.3(-3.77 %),0,0,0,0,4133354,10.37
04/01/2012,0,0,15.3(0.00 %),0,0,0,0,4133354,10.37
05/01/2012,0,0,15.4(0.65 %),0,0,0,0,4133354,10.37
06/01/2012,0,0,15(-2.60 %),0,0,0,0,4133354,10.37
09/01/2012,0,0,15.6(4.00 %),0,0,0,0,4133354,10.37
10/01/2012,0,0,16(2.56 %),0,0,0,0,4133354,10.37
11/01/2012,0,0,16(0.00 %),0,0,0,0,4133354,10.37
12/01/2012,0,0,15.8(-1.25 %),0,0,0,0,4133354,10.37
13/01/2012,0,0,15.9(0.63 %),0,0,0,0,4133354,10.37
16/01/2012,0,0,16(0.63 %),0,0,0,0,4133354,10.37
17/01/2012,0,0,16.2(1.25 %),0,0,0,0,4133354,10.37
18/01/2012,0,0,16.2(0.00 %),0,0,0,0,4133354,10.37
19/01/2012,0,0,16.5(1.85 %),0,0,0,0,4133354,10.37
20/01/2012,0,0,17(3.03 %),0,0,0,0,4133354,10.37
30/01/2012,0,0,17(0.00 %),0,0,0,0,4133354,10.37
31/01/2012,0,0,16.8(-1.18 %),0,0,0,0,4133354,10.37
01/02/2012,0,0,16.1(-4.17 %),0,0,0,0,4133354,10.37
02/02/2012,0,0,16.1(0.00 %),0,0,0,0,4133354,10.37
03/02/2012,0,0,15.8(-1.86 %),0,0,0,0,4133354,10.37
06/02/2012,-2010,-31959000,15.9(0.63 %),2800,44520000,4810,76479000,4135364,10.35
07/02/2012,-1500,-23850000,15.9(0.00 %),0,0,1500,23850000,4136864,10.34
08/02/2012,0,0,15.6(-1.89 %),0,0,0,0,4136864,10.34
09/02/2012,-1610,-25116000,15.9(1.92 %),0,0,1610,25116000,4138474,10.32
10/02/2012,-120,-1908000,15.9(0.00 %),0,0,120,1908000,4138594,10.32
13/02/2012,0,0,15.9(0.00 %),0,0,0,0,4138594,10.32
14/02/2012,-4010,-61759000,15.4(-3.14 %),0,0,4010,61759000,4142604,10.28
15/02/2012,-3950,-60678000,15.9(3.25 %),0,0,3950,60678000,4146554,10.25
16/02/2012,0,0,15.9(0.00 %),0,0,0,0,4146554,10.25
17/02/2012,0,0,15.9(0.00 %),0,0,0,0,4146554,10.25
20/02/2012,0,0,16.1(1.26 %),0,0,0,0,4146554,10.25
21/02/2012,0,0,15.9(-1.24 %),0,0,0,0,4146554,10.25
22/02/2012,0,0,16.5(3.77 %),0,0,0,0,4146554,10.25
23/02/2012,0,0,16.7(1.21 %),0,0,0,0,4146554,10.25
24/02/2012,0,0,16.2(-2.99 %),0,0,0,0,4146554,10.25
27/02/2012,0,0,17(4.94 %),0,0,0,0,4146554,10.25
28/02/2012,0,0,17.5(2.94 %),0,0,0,0,4146554,10.25
29/02/2012,0,0,17.3(-1.14 %),0,0,0,0,4146554,10.25
01/03/2012,0,0,17.9(3.47 %),0,0,0,0,4146554,10.25
02/03/2012,0,0,17.9(0.00 %),0,0,0,0,4146554,10.25
05/03/2012,0,0,18.7(4.47 %),0,0,0,0,4146554,10.25
06/03/2012,0,0,18.7(0.00 %),0,0,0,0,4146554,10.25
07/03/2012,0,0,18.7(0.00 %),0,0,0,0,4146554,10.25
08/03/2012,0,0,18(-3.74 %),0,0,0,0,4146554,10.25
09/03/2012,0,0,18(0.00 %),0,0,0,0,4146554,10.25
12/03/2012,0,0,18.5(2.78 %),0,0,0,0,4146554,10.25
13/03/2012,0,0,18.5(0.00 %),0,0,0,0,4146554,10.25
14/03/2012,0,0,18.1(-2.16 %),0,0,0,0,4146554,10.25
15/03/2012,0,0,17.4(-3.87 %),0,0,0,0,4146554,10.25
16/03/2012,0,0,17.4(0.00 %),0,0,0,0,4146554,10.25
19/03/2012,0,0,18(3.45 %),0,0,0,0,4146554,10.25
20/03/2012,0,0,18.3(1.67 %),0,0,0,0,4146554,10.25
21/03/2012,0,0,17.8(-2.73 %),0,0,0,0,4146554,10.25
22/03/2012,0,0,17.8(0.00 %),0,0,0,0,4146554,10.25
23/03/2012,0,0,18.2(2.25 %),0,0,0,0,4146554,10.25
26/03/2012,0,0,18.3(0.55 %),0,0,0,0,4146554,10.25
27/03/2012,0,0,18(-1.64 %),0,0,0,0,4146554,10.25
28/03/2012,0,0,18(0.00 %),0,0,0,0,4146554,10.25
29/03/2012,0,0,18.5(2.78 %),0,0,0,0,4146554,10.25
30/03/2012,0,0,18(-2.70 %),0,0,0,0,4146554,10.25
03/04/2012,0,0,18.4(2.22 %),0,0,0,0,4146554,10.25
04/04/2012,0,0,17.6(-4.35 %),0,0,0,0,4146554,10.25
05/04/2012,0,0,18.3(3.98 %),0,0,0,0,4146554,10.25
06/04/2012,0,0,18.4(0.55 %),0,0,0,0,4146554,10.25
09/04/2012,0,0,18.2(-1.09 %),0,0,0,0,4146554,10.25
10/04/2012,0,0,18.5(1.65 %),0,0,0,0,4146554,10.25
11/04/2012,0,0,18.4(-0.54 %),0,0,0,0,4146554,10.25
12/04/2012,0,0,18.8(2.17 %),0,0,0,0,4146554,10.25
13/04/2012,0,0,18(-4.26 %),0,0,0,0,4146554,10.25
16/04/2012,0,0,18.3(1.67 %),0,0,0,0,4146554,10.25
17/04/2012,0,0,17.8(-2.73 %),0,0,0,0,4146554,10.25
18/04/2012,0,0,18.3(2.81 %),0,0,0,0,4146554,10.25
19/04/2012,0,0,18.9(3.28 %),0,0,0,0,4146554,10.25
20/04/2012,14000,261800000,18.7(-1.06 %),14000,261800000,0,0,4132554,10.38
23/04/2012,0,0,18.9(1.07 %),0,0,0,0,4132554,10.38
24/04/2012,0,0,18.5(-2.12 %),0,0,0,0,4132554,10.38
25/04/2012,0,0,18.6(0.54 %),0,0,0,0,4132554,10.38
26/04/2012,0,0,18.7(0.54 %),0,0,0,0,4132554,10.38
27/04/2012,0,0,18.5(-1.07 %),0,0,0,0,4132554,10.38
02/05/2012,1600,30720000,19.4(4.86 %),1600,30720000,0,0,4132554,10.38
03/05/2012,0,0,20.3(4.64 %),0,0,0,0,4132554,10.38
04/05/2012,0,0,21.3(4.93 %),0,0,0,0,4132554,10.38
07/05/2012,0,0,22.3(4.69 %),0,0,0,0,4132554,10.38
08/05/2012,-1600,-36790000,23.1(3.59 %),0,0,1600,36790000,4134154,10.36
09/05/2012,0,0,22(-4.76 %),0,0,0,0,4134154,10.36
10/05/2012,10,228000,22.5(2.27 %),10,228000,0,0,4134144,10.36
11/05/2012,0,0,21.4(-4.89 %),0,0,0,0,4134144,10.36
14/05/2012,0,0,20.4(-4.67 %),0,0,0,0,4134144,10.36
15/05/2012,0,0,20.4(0.00 %),0,0,0,0,4134144,10.36
16/05/2012,0,0,19.3(2.12 %),0,0,0,0,4134144,10.36
17/05/2012,-10,-184000,18.8(-2.59 %),0,0,10,184000,4134154,10.36
18/05/2012,0,0,18.4(-2.13 %),0,0,0,0,4134154,10.36
21/05/2012,0,0,18.5(0.54 %),0,0,0,0,4134154,10.36
22/05/2012,0,0,17.6(-4.86 %),0,0,0,0,4134154,10.36
23/05/2012,0,0,17.6(0.00 %),0,0,0,0,4134154,10.36
24/05/2012,0,0,16.8(-4.55 %),0,0,0,0,4134154,10.36
25/05/2012,0,0,17.6(4.76 %),0,0,0,0,4134154,10.36
28/05/2012,0,0,18.3(3.98 %),0,0,0,0,4134154,10.36
29/05/2012,0,0,18.7(2.19 %),0,0,0,0,4134154,10.36
30/05/2012,0,0,18.5(-1.07 %),0,0,0,0,4134154,10.36
31/05/2012,0,0,18.3(-1.08 %),0,0,0,0,4134154,10.36
01/06/2012,0,0,18.3(0.00 %),0,0,0,0,4132554,10.38
04/06/2012,0,0,18.2(-0.55 %),0,0,0,0,4132554,10.38
05/06/2012,0,0,18.5(1.65 %),0,0,0,0,4132554,10.38
06/06/2012,0,0,18.8(1.62 %),0,0,0,0,4132554,10.38
07/06/2012,0,0,18.9(0.53 %),0,0,0,0,4132554,10.38
08/06/2012,3100,58590000,19(0.53 %),3100,58590000,0,0,4129454,10.41
11/06/2012,0,0,19(0.00 %),0,0,0,0,4129454,10.41
12/06/2012,0,0,19(0.00 %),0,0,0,0,4129454,10.41
13/06/2012,0,0,18.9(-0.53 %),0,0,0,0,4129454,10.41
14/06/2012,0,0,18.3(-3.17 %),0,0,0,0,4129454,10.41
15/06/2012,0,0,18.5(1.09 %),0,0,0,0,4129454,10.41
18/06/2012,0,0,18.9(2.16 %),0,0,0,0,4129454,10.41
19/06/2012,0,0,18.9(0.00 %),0,0,0,0,4129454,10.41
20/06/2012,0,0,18.9(0.00 %),0,0,0,0,4129454,10.41
21/06/2012,0,0,18.8(-0.53 %),0,0,0,0,4129454,10.41
22/06/2012,0,0,18.8(0.00 %),0,0,0,0,4129454,10.41
25/06/2012,0,0,18.9(0.53 %),0,0,0,0,4129454,10.41
26/06/2012,0,0,18.7(-1.06 %),0,0,0,0,4129454,10.41
27/06/2012,0,0,18.6(-0.53 %),0,0,0,0,4129454,10.41
28/06/2012,0,0,18.8(1.08 %),0,0,0,0,4129454,10.41
29/06/2012,0,0,18.9(0.53 %),0,0,0,0,4129454,10.41
02/07/2012,0,0,18.9(0.00 %),0,0,0,0,4129454,10.41
03/07/2012,0,0,18.9(0.00 %),0,0,0,0,4129454,10.41
04/07/2012,0,0,18.7(-1.06 %),0,0,0,0,4129454,10.41
05/07/2012,0,0,17.8(-4.81 %),0,0,0,0,4129454,10.41
06/07/2012,0,0,18.6(4.49 %),0,0,0,0,4129454,10.41
09/07/2012,0,0,18.6(0.00 %),0,0,0,0,4129454,10.41
10/07/2012,0,0,18.6(0.00 %),0,0,0,0,4129454,10.41
11/07/2012,0,0,18.9(1.61 %),0,0,0,0,4129454,10.41
12/07/2012,0,0,19.3(2.12 %),0,0,0,0,4129454,10.41
13/07/2012,0,0,19(-1.55 %),0,0,0,0,4129454,10.41
16/07/2012,0,0,19.5(2.63 %),0,0,0,0,4129454,10.41
17/07/2012,0,0,19.5(0.00 %),0,0,0,0,4129454,10.41
18/07/2012,0,0,19.4(-0.51 %),0,0,0,0,4129454,10.41
19/07/2012,0,0,19(-2.06 %),0,0,0,0,4129454,10.41
20/07/2012,0,0,19.7(3.68 %),0,0,0,0,4129454,10.41
23/07/2012,0,0,19.4(-1.52 %),0,0,0,0,4129454,10.41
24/07/2012,0,0,19.4(0.00 %),0,0,0,0,4129454,10.41
25/07/2012,0,0,18.5(-4.64 %),0,0,0,0,4129454,10.41
26/07/2012,0,0,19.2(3.78 %),0,0,0,0,4129454,10.41
27/07/2012,0,0,19.2(0.00 %),0,0,0,0,4129454,10.41
30/07/2012,0,0,19.2(0.00 %),0,0,0,0,4129454,10.41
31/07/2012,0,0,18.3(-4.69 %),0,0,0,0,4129454,10.41
01/08/2012,0,0,18.9(3.28 %),0,0,0,0,4129454,10.41
02/08/2012,0,0,18.9(0.00 %),0,0,0,0,4129454,10.41
03/08/2012,0,0,19(0.53 %),0,0,0,0,4129454,10.41
06/08/2012,0,0,19(0.00 %),0,0,0,0,4129454,10.41
07/08/2012,0,0,19(0.00 %),0,0,0,0,4129454,10.41
08/08/2012,0,0,19(0.00 %),0,0,0,0,4129454,10.41
09/08/2012,0,0,19(0.00 %),0,0,0,0,4129454,10.41
10/08/2012,0,0,18.2(-4.21 %),0,0,0,0,4129454,10.41
13/08/2012,0,0,19(4.40 %),0,0,0,0,4129454,10.41
14/08/2012,0,0,19(0.00 %),0,0,0,0,4129454,10.41
15/08/2012,0,0,19(0.00 %),0,0,0,0,4129454,10.41
16/08/2012,0,0,18.6(-2.11 %),0,0,0,0,4129454,10.41
17/08/2012,0,0,18.2(-2.15 %),0,0,0,0,4129454,10.41
20/08/2012,0,0,18.5(1.65 %),0,0,0,0,4129454,10.41
21/08/2012,0,0,17.6(-4.86 %),0,0,0,0,4129454,10.41
22/08/2012,0,0,16.8(-4.55 %),0,0,0,0,4129454,10.41
23/08/2012,0,0,17.6(4.76 %),0,0,0,0,4129454,10.41
24/08/2012,0,0,18.4(4.55 %),0,0,0,0,4129454,10.41
27/08/2012,0,0,19.2(4.35 %),0,0,0,0,4129454,10.41
28/08/2012,0,0,19.2(0.00 %),0,0,0,0,4129454,10.41
29/08/2012,0,0,19.2(0.00 %),0,0,0,0,4129454,10.41
30/08/2012,0,0,19.2(0.00 %),0,0,0,0,4129454,10.41
31/08/2012,0,0,20(4.17 %),0,0,0,0,4129454,10.41
04/09/2012,0,0,20(0.00 %),0,0,0,0,4129454,10.41
05/09/2012,0,0,19(-5.00 %),0,0,0,0,4129454,10.41
06/09/2012,0,0,18.6(-2.11 %),0,0,0,0,4129454,10.41
07/09/2012,0,0,19(2.15 %),0,0,0,0,4129454,10.41
10/09/2012,0,0,18.1(-4.74 %),0,0,0,0,4129454,10.41
11/09/2012,0,0,18(-0.55 %),0,0,0,0,4129454,10.41
12/09/2012,0,0,18(0.00 %),0,0,0,0,4129454,10.41
13/09/2012,0,0,18.8(4.44 %),0,0,0,0,4129454,10.41
14/09/2012,0,0,18.9(0.53 %),0,0,0,0,4129454,10.41
17/09/2012,0,0,18(-4.76 %),0,0,0,0,4129454,10.41
18/09/2012,0,0,17.5(-2.78 %),0,0,0,0,4129454,10.41
19/09/2012,0,0,17.4(-0.57 %),0,0,0,0,4129454,10.41
20/09/2012,0,0,17.9(2.87 %),0,0,0,0,4129454,10.41
21/09/2012,0,0,17.9(0.00 %),0,0,0,0,4129454,10.41
24/09/2012,0,0,18.6(3.91 %),0,0,0,0,4129454,10.41
25/09/2012,0,0,18.2(-2.15 %),0,0,0,0,4129454,10.41
26/09/2012,0,0,18(4.65 %),0,0,0,0,4129454,10.41
27/09/2012,0,0,18(0.00 %),0,0,0,0,4129454,10.41
28/09/2012,0,0,18.4(2.22 %),0,0,0,0,4129454,10.41
01/10/2012,0,0,18.6(1.09 %),0,0,0,0,4129454,10.41
02/10/2012,0,0,18.8(1.08 %),0,0,0,0,4129454,10.41
03/10/2012,0,0,18(-4.26 %),0,0,0,0,4129454,10.41
04/10/2012,0,0,17.1(-5.00 %),0,0,0,0,4129454,10.41
05/10/2012,0,0,16.3(-4.68 %),0,0,0,0,4129454,10.41
08/10/2012,0,0,15.5(-4.91 %),0,0,0,0,4129454,10.41
09/10/2012,0,0,16.2(4.52 %),0,0,0,0,4129454,10.41
10/10/2012,4000,66000000,16.9(4.32 %),4000,66000000,0,0,4125454,10.44
11/10/2012,0,0,17.2(1.78 %),0,0,0,0,4125454,10.44
12/10/2012,0,0,17.5(1.74 %),0,0,0,0,4125454,10.44
15/10/2012,0,0,17.9(2.29 %),0,0,0,0,4125454,10.44
16/10/2012,0,0,18(0.56 %),0,0,0,0,4125454,10.44
17/10/2012,0,0,18(0.00 %),0,0,0,0,4125454,10.44
18/10/2012,0,0,17.1(-5.00 %),0,0,0,0,4125454,10.44
19/10/2012,0,0,17.5(2.34 %),0,0,0,0,4125454,10.44
22/10/2012,0,0,17.2(-1.71 %),0,0,0,0,4125454,10.44
23/10/2012,0,0,17.9(4.07 %),0,0,0,0,4125454,10.44
24/10/2012,0,0,17.1(-4.47 %),0,0,0,0,4125454,10.44
25/10/2012,0,0,16.3(-4.68 %),0,0,0,0,4125454,10.44
26/10/2012,0,0,17.1(4.91 %),0,0,0,0,4125454,3.69
29/10/2012,0,0,17.8(4.09 %),0,0,0,0,4125454,10.44
30/10/2012,0,0,17.3(-2.81 %),0,0,0,0,4125454,10.44
31/10/2012,0,0,17(-1.73 %),0,0,0,0,4125454,10.44
01/11/2012,0,0,16.8(-1.18 %),0,0,0,0,4125454,10.44
02/11/2012,0,0,16(-4.76 %),0,0,0,0,4125454,10.44
05/11/2012,0,0,15.2(-5.00 %),0,0,0,0,4125454,10.44
06/11/2012,0,0,15.9(4.61 %),0,0,0,0,4125454,10.44
07/11/2012,0,0,15.9(0.00 %),0,0,0,0,4125454,10.44
08/11/2012,0,0,15.9(0.00 %),0,0,0,0,4125454,10.44
09/11/2012,0,0,16.4(3.14 %),0,0,0,0,4125454,10.44
12/11/2012,0,0,17.1(4.27 %),0,0,0,0,4125454,10.44
13/11/2012,0,0,17.5(2.34 %),0,0,0,0,4125454,10.44
14/11/2012,0,0,18(2.86 %),0,0,0,0,4125454,10.44
15/11/2012,0,0,17.1(-5.00 %),0,0,0,0,4125454,10.44
16/11/2012,0,0,17(-0.58 %),0,0,0,0,4125454,10.44
19/11/2012,0,0,17(0.00 %),0,0,0,0,4125454,10.44
20/11/2012,0,0,17.4(2.35 %),0,0,0,0,4125454,10.44
21/11/2012,0,0,17.6(1.15 %),0,0,0,0,4125454,10.44
22/11/2012,0,0,16.8(-4.55 %),0,0,0,0,4125454,10.44
23/11/2012,0,0,16.5(-1.79 %),0,0,0,0,4125454,10.44
26/11/2012,0,0,16.9(2.42 %),0,0,0,0,4125454,10.44
27/11/2012,0,0,16.8(-0.59 %),0,0,0,0,4125454,10.44
28/11/2012,0,0,17(1.19 %),0,0,0,0,4125454,10.44
29/11/2012,0,0,17(0.00 %),0,0,0,0,4125454,10.44
30/11/2012,0,0,17.4(2.35 %),0,0,0,0,4125454,10.44
03/12/2012,0,0,17.1(-1.72 %),0,0,0,0,4125454,10.44
04/12/2012,0,0,17.1(0.00 %),0,0,0,0,4125454,10.44
05/12/2012,0,0,17.5(2.34 %),0,0,0,0,4125454,10.44
06/12/2012,0,0,17.4(-0.57 %),0,0,0,0,4125454,10.44
07/12/2012,0,0,17.4(0.00 %),0,0,0,0,4125454,10.44
10/12/2012,0,0,17.3(-0.57 %),0,0,0,0,4125454,10.44
11/12/2012,0,0,17.2(-0.58 %),0,0,0,0,4125454,10.44
12/12/2012,0,0,17.5(1.74 %),0,0,0,0,4125454,10.44
13/12/2012,0,0,17.5(0.00 %),0,0,0,0,4125454,10.44
14/12/2012,0,0,17.5(0.00 %),0,0,0,0,4125454,10.44
17/12/2012,0,0,18(2.86 %),0,0,0,0,4125454,10.44
18/12/2012,0,0,17.5(-2.78 %),0,0,0,0,4125454,10.44
19/12/2012,0,0,17.4(-0.57 %),0,0,0,0,4125454,10.44
20/12/2012,0,0,16.6(-4.60 %),0,0,0,0,4125454,10.44
21/12/2012,0,0,17(2.41 %),0,0,0,0,4125454,10.44
24/12/2012,0,0,17.3(1.76 %),0,0,0,0,4125454,10.44
25/12/2012,0,0,17.4(0.58 %),0,0,0,0,4125454,10.44
26/12/2012,0,0,17(-2.30 %),0,0,0,0,4125454,10.44
27/12/2012,0,0,17.1(0.59 %),0,0,0,0,4125454,10.44
28/12/2012,0,0,16.8(-1.75 %),0,0,0,0,4125454,10.44
02/01/2013,0,0,17.6(4.76 %),0,0,0,0,4125454,10.44
03/01/2013,0,0,17(-3.41 %),0,0,0,0,4125454,10.44
04/01/2013,0,0,17.5(2.94 %),0,0,0,0,4125454,10.44
07/01/2013,0,0,17.7(1.14 %),0,0,0,0,4125454,10.44
08/01/2013,0,0,17.7(0.00 %),0,0,0,0,4125454,10.44
09/01/2013,0,0,16.9(-4.52 %),0,0,0,0,4125454,10.44
10/01/2013,0,0,16.7(-1.18 %),0,0,0,0,4125454,10.44
11/01/2013,0,0,16.7(0.00 %),0,0,0,0,4125454,10.44
14/01/2013,0,0,16.3(-2.40 %),0,0,0,0,4125454,10.44
15/01/2013,0,0,16.8(3.07 %),0,0,0,0,4125454,10.44
16/01/2013,0,0,16.5(-1.79 %),0,0,0,0,4125454,10.44
17/01/2013,0,0,17.5(6.06 %),0,0,0,0,4125454,10.44
18/01/2013,0,0,17.4(-0.57 %),0,0,0,0,4125454,10.44
21/01/2013,0,0,16.3(-6.32 %),0,0,0,0,4125454,10.44
22/01/2013,0,0,17.1(4.91 %),0,0,0,0,4125454,10.44
23/01/2013,0,0,17.3(1.17 %),0,0,0,0,4125454,10.44
24/01/2013,0,0,17.3(0.00 %),0,0,0,0,4125454,10.44
25/01/2013,0,0,17.6(1.73 %),0,0,0,0,4125454,10.44
28/01/2013,10000,176000000,16.7(-5.11 %),10000,176000000,0,0,4115454,10.54
29/01/2013,0,0,16.3(-2.40 %),0,0,0,0,4115454,10.54
30/01/2013,0,0,16.5(1.23 %),0,0,0,0,4115454,10.54
31/01/2013,0,0,16.9(2.42 %),0,0,0,0,4115454,10.54
01/02/2013,0,0,16.5(-2.37 %),0,0,0,0,4115454,10.54
04/02/2013,0,0,16.5(0.00 %),0,0,0,0,4115454,10.54
05/02/2013,0,0,16.6(0.61 %),0,0,0,0,4115454,10.54
06/02/2013,0,0,17.3(4.22 %),0,0,0,0,4115454,10.54
07/02/2013,0,0,17.3(0.00 %),0,0,0,0,4115454,10.54
08/02/2013,0,0,17.3(0.00 %),0,0,0,0,4115454,10.54
18/02/2013,0,0,17.5(1.16 %),0,0,0,0,4115454,10.54
19/02/2013,0,0,17.5(0.00 %),0,0,0,0,4115454,10.54
20/02/2013,0,0,17.4(-0.57 %),0,0,0,0,4115454,10.54
21/02/2013,0,0,17.1(-1.72 %),0,0,0,0,4115454,10.54
22/02/2013,0,0,16.5(-3.51 %),0,0,0,0,4115454,10.54
25/02/2013,0,0,16.5(0.00 %),0,0,0,0,4115454,10.54
26/02/2013,0,0,16(-3.03 %),0,0,0,0,4115454,10.54
27/02/2013,0,0,16.8(5.00 %),0,0,0,0,4115454,10.54
28/02/2013,0,0,16.8(0.00 %),0,0,0,0,4115454,10.54
01/03/2013,0,0,16.8(0.00 %),0,0,0,0,4115454,10.54
04/03/2013,0,0,17.1(1.79 %),0,0,0,0,4115454,10.54
05/03/2013,0,0,16.5(-3.51 %),0,0,0,0,4115454,10.54
06/03/2013,0,0,16.5(0.00 %),0,0,0,0,4115454,10.54
07/03/2013,0,0,16.7(1.21 %),0,0,0,0,4115454,10.54
08/03/2013,0,0,16.7(0.00 %),0,0,0,0,4115454,10.54
11/03/2013,0,0,16.7(0.00 %),0,0,0,0,4115454,10.54
12/03/2013,0,0,16.5(-1.20 %),0,0,0,0,4115454,10.54
13/03/2013,0,0,16.5(0.00 %),0,0,0,0,4115454,10.54
14/03/2013,0,0,16.5(0.00 %),0,0,0,0,4115454,10.54
15/03/2013,0,0,17.6(6.67 %),0,0,0,0,4115454,10.54
18/03/2013,0,0,18(2.27 %),0,0,0,0,4115454,10.54
19/03/2013,0,0,18(0.00 %),0,0,0,0,4115454,10.54
20/03/2013,0,0,18(0.00 %),0,0,0,0,4115454,10.54
21/03/2013,0,0,18.2(1.11 %),0,0,0,0,4115454,10.54
22/03/2013,0,0,18(-1.10 %),0,0,0,0,4115454,10.54
25/03/2013,0,0,17.1(-5.00 %),0,0,0,0,4115454,10.54
26/03/2013,0,0,17.4(1.75 %),0,0,0,0,4115454,10.54
27/03/2013,0,0,17.4(0.00 %),0,0,0,0,4115454,10.54
28/03/2013,0,0,17.2(-1.15 %),0,0,0,0,4115454,10.54
29/03/2013,0,0,17.2(0.00 %),0,0,0,0,4115454,10.54
01/04/2013,0,0,17(-1.16 %),0,0,0,0,4115454,10.54
02/04/2013,0,0,17.2(1.18 %),0,0,0,0,4115454,10.54
03/04/2013,0,0,17(-1.16 %),0,0,0,0,4115454,10.54
04/04/2013,0,0,17.8(4.71 %),0,0,0,0,4115454,10.54
05/04/2013,0,0,18(1.12 %),0,0,0,0,4115454,10.54
08/04/2013,0,0,19.2(6.67 %),0,0,0,0,4115454,10.54
09/04/2013,0,0,17.9(-6.77 %),0,0,0,0,4115454,10.54
10/04/2013,0,0,17.9(0.00 %),0,0,0,0,4115454,10.54
11/04/2013,0,0,17.9(0.00 %),0,0,0,0,4115454,10.54
12/04/2013,0,0,17.8(-0.56 %),0,0,0,0,4115454,10.54
15/04/2013,0,0,17(-4.49 %),0,0,0,0,4115454,10.54
16/04/2013,0,0,18(5.88 %),0,0,0,0,4115454,10.54
17/04/2013,0,0,17(-5.56 %),0,0,0,0,4115454,10.54
18/04/2013,0,0,17(0.00 %),0,0,0,0,4115454,10.54
22/04/2013,0,0,17(0.00 %),0,0,0,0,4115454,10.54
23/04/2013,1000,17500000,17.5(2.94 %),1000,17500000,0,0,4114454,10.55
24/04/2013,0,0,17(-2.86 %),0,0,0,0,4114454,10.55
25/04/2013,0,0,17(0.00 %),0,0,0,0,4114454,10.55
26/04/2013,1000,17500000,17.7(4.12 %),1000,17500000,0,0,4113454,10.56
02/05/2013,0,0,17(-3.95 %),0,0,0,0,4113454,10.56
03/05/2013,0,0,17(0.00 %),0,0,0,0,4113454,10.56
06/05/2013,0,0,17.8(4.71 %),0,0,0,0,4113454,10.56
07/05/2013,0,0,17.6(-1.12 %),0,0,0,0,4113454,10.56
08/05/2013,-370,-6512000,17.5(-0.57 %),0,0,370,6512000,4113824,10.55
09/05/2013,0,0,17.5(0.00 %),0,0,0,0,4113824,10.55
10/05/2013,0,0,17.5(0.00 %),0,0,0,0,4113824,10.55
13/05/2013,40,748000,17.8(1.71 %),40,748000,0,0,4113784,10.55
14/05/2013,0,0,17.8(0.00 %),0,0,0,0,4113784,10.55
15/05/2013,0,0,17.9(0.56 %),0,0,0,0,4113784,10.55
16/05/2013,0,0,17.1(4.27 %),0,0,0,0,4113784,10.55
17/05/2013,0,0,17.2(0.58 %),0,0,0,0,4113784,10.55
20/05/2013,0,0,17.2(0.00 %),0,0,0,0,4113784,10.55
21/05/2013,0,0,16.8(-2.33 %),0,0,0,0,4113784,10.55
22/05/2013,0,0,16.8(0.00 %),0,0,0,0,4113784,10.55
23/05/2013,0,0,16.8(0.00 %),0,0,0,0,4113784,10.55
24/05/2013,0,0,17.3(2.98 %),0,0,0,0,4113784,10.55
27/05/2013,0,0,17.5(1.16 %),0,0,0,0,4113784,10.55
28/05/2013,0,0,17.5(0.00 %),0,0,0,0,4113784,10.55
29/05/2013,0,0,17.4(-0.57 %),0,0,0,0,4113784,10.55
30/05/2013,0,0,17.6(1.15 %),0,0,0,0,4113784,10.55
31/05/2013,0,0,17.4(-1.14 %),0,0,0,0,4113784,10.55
03/06/2013,0,0,17.2(-1.15 %),0,0,0,0,4113784,10.55
04/06/2013,0,0,17(-1.16 %),0,0,0,0,4113784,10.55
05/06/2013,0,0,17.5(2.94 %),0,0,0,0,4113784,10.55
06/06/2013,0,0,17.2(-1.71 %),0,0,0,0,4113784,10.55
07/06/2013,0,0,17.2(0.00 %),0,0,0,0,4113784,10.55
10/06/2013,0,0,17.2(0.00 %),0,0,0,0,4113784,10.55
11/06/2013,0,0,17.2(0.00 %),0,0,0,0,4113784,10.55
12/06/2013,0,0,17.2(0.00 %),0,0,0,0,4113784,10.55
13/06/2013,0,0,17.2(0.00 %),0,0,0,0,4113784,10.55
14/06/2013,0,0,17.2(0.00 %),0,0,0,0,4113784,10.55
17/06/2013,0,0,17.2(0.00 %),0,0,0,0,4113784,10.55
18/06/2013,0,0,16.4(-4.65 %),0,0,0,0,4113784,10.55
19/06/2013,0,0,17.4(6.10 %),0,0,0,0,4113784,10.55
20/06/2013,0,0,17.4(0.00 %),0,0,0,0,4113784,10.55
21/06/2013,-300,-5040000,16.8(-3.45 %),0,0,300,5040000,4114084,10.55
24/06/2013,0,0,17.4(3.57 %),0,0,0,0,4114084,10.55
25/06/2013,800,13120000,17.2(-1.15 %),800,13120000,0,0,4113284,10.56
26/06/2013,0,0,17.2(0.00 %),0,0,0,0,4113284,10.56
27/06/2013,0,0,17.2(0.00 %),0,0,0,0,4113284,10.56
28/06/2013,10,171000,17.2(0.00 %),10,171000,0,0,4113274,10.56
01/07/2013,3600,61560000,17.1(-0.58 %),3600,61560000,0,0,4109674,10.59
02/07/2013,0,0,18(5.26 %),0,0,0,0,4109674,10.59
03/07/2013,0,0,17.5(-2.78 %),0,0,0,0,4109674,10.59
04/07/2013,0,0,16.7(-4.57 %),0,0,0,0,4109674,10.59
05/07/2013,0,0,16.7(0.00 %),0,0,0,0,4109674,10.59
08/07/2013,0,0,16.7(0.00 %),0,0,0,0,4109674,10.59
09/07/2013,60,990000,16.5(-1.20 %),60,990000,0,0,4109614,10.59
10/07/2013,0,0,16.6(0.61 %),0,0,0,0,4109614,10.59
11/07/2013,0,0,16.6(0.00 %),0,0,0,0,4109614,10.59
12/07/2013,0,0,17(2.41 %),0,0,0,0,4109614,10.59
15/07/2013,0,0,17(0.00 %),0,0,0,0,4109614,10.59
16/07/2013,0,0,17.3(1.76 %),0,0,0,0,4109614,10.59
17/07/2013,0,0,17.3(0.00 %),0,0,0,0,4109614,10.59
18/07/2013,0,0,17.5(1.16 %),0,0,0,0,4109614,10.59
19/07/2013,0,0,17.5(0.00 %),0,0,0,0,4109614,10.59
22/07/2013,0,0,17.5(0.00 %),0,0,0,0,4109614,10.59
23/07/2013,0,0,17.3(-1.14 %),0,0,0,0,4109614,10.59
24/07/2013,1200,20760000,17.3(0.00 %),1200,20760000,0,0,4108414,10.6
25/07/2013,0,0,17.3(0.00 %),0,0,0,0,4108414,10.6
26/07/2013,0,0,17.4(0.58 %),0,0,0,0,4108414,10.6
29/07/2013,0,0,17.4(0.00 %),0,0,0,0,4108414,10.6
30/07/2013,0,0,17.5(0.57 %),0,0,0,0,4108414,10.6
31/07/2013,0,0,17.6(0.57 %),0,0,0,0,4108414,10.6
01/08/2013,0,0,17.6(0.00 %),0,0,0,0,4108414,10.6
02/08/2013,0,0,17.6(0.00 %),0,0,0,0,4108414,10.6
05/08/2013,0,0,17.5(-0.57 %),0,0,0,0,4108414,10.6
06/08/2013,0,0,17.5(0.00 %),0,0,0,0,4108414,10.6
07/08/2013,0,0,17.5(0.00 %),0,0,0,0,4108414,10.6
08/08/2013,0,0,17.5(0.00 %),0,0,0,0,4108414,10.6
09/08/2013,3500,61250000,17.5(0.00 %),3500,61250000,0,0,4104914,10.64
12/08/2013,0,0,17.5(0.00 %),0,0,0,0,4104914,10.64
13/08/2013,0,0,17.4(-0.57 %),0,0,0,0,4104914,10.64
14/08/2013,0,0,17.4(0.00 %),0,0,0,0,4104914,10.64
15/08/2013,0,0,17.4(0.00 %),0,0,0,0,4104914,10.64
16/08/2013,0,0,18(3.45 %),0,0,0,0,4104914,10.64
19/08/2013,0,0,18(0.00 %),0,0,0,0,4104914,10.64
20/08/2013,0,0,18(0.00 %),0,0,0,0,4104914,10.64
21/08/2013,500,8850000,17.7(-1.67 %),500,8850000,0,0,4104414,10.64
22/08/2013,0,0,18(1.69 %),0,0,0,0,4104414,10.64
23/08/2013,0,0,18(0.00 %),0,0,0,0,4104414,10.64
26/08/2013,3200,55680000,17.9(-0.56 %),3200,55680000,0,0,4101214,10.67
27/08/2013,0,0,17.9(0.00 %),0,0,0,0,4101214,10.67
28/08/2013,0,0,17.7(-1.12 %),0,0,0,0,4101214,10.67
29/08/2013,0,0,18.5(4.52 %),0,0,0,0,4101214,10.67
30/08/2013,0,0,18.5(0.00 %),0,0,0,0,4101214,10.67
03/09/2013,0,0,18.5(0.00 %),0,0,0,0,4101214,10.67
04/09/2013,0,0,18.5(0.00 %),0,0,0,0,4101214,10.67
05/09/2013,0,0,18.5(0.00 %),0,0,0,0,4101214,10.67
06/09/2013,0,0,18.5(0.00 %),0,0,0,0,4101214,10.67
09/09/2013,0,0,17.9(-3.24 %),0,0,0,0,4101214,10.67
10/09/2013,0,0,17.8(-0.56 %),0,0,0,0,4101214,10.67
11/09/2013,0,0,18(1.12 %),0,0,0,0,4101214,10.67
12/09/2013,0,0,18(0.00 %),0,0,0,0,4101214,10.67
13/09/2013,0,0,18(0.00 %),0,0,0,0,4101214,10.67
16/09/2013,0,0,18(0.00 %),0,0,0,0,4101214,10.67
17/09/2013,0,0,18(0.00 %),0,0,0,0,4101214,10.67
18/09/2013,0,0,18(5.88 %),0,0,0,0,4101214,10.67
19/09/2013,0,0,18(0.00 %),0,0,0,0,4101214,10.67
20/09/2013,0,0,17.1(-5.00 %),0,0,0,0,4101214,10.67
23/09/2013,0,0,17.6(2.92 %),0,0,0,0,4101214,10.67
24/09/2013,0,0,17.7(0.57 %),0,0,0,0,4101214,10.67
25/09/2013,0,0,17.7(0.00 %),0,0,0,0,4101214,10.67
26/09/2013,0,0,17.7(0.00 %),0,0,0,0,4101214,10.67
27/09/2013,0,0,17.8(0.56 %),0,0,0,0,4101214,10.67
30/09/2013,0,0,17.7(-0.56 %),0,0,0,0,4101214,10.67
01/10/2013,0,0,17.7(0.00 %),0,0,0,0,4101214,10.67
02/10/2013,0,0,17.7(0.00 %),0,0,0,0,4101214,10.67
03/10/2013,0,0,18(1.69 %),0,0,0,0,4101214,10.67
04/10/2013,0,0,18(0.00 %),0,0,0,0,4101214,10.67
07/10/2013,0,0,18.4(2.22 %),0,0,0,0,4101214,10.67
08/10/2013,0,0,19.3(4.89 %),0,0,0,0,4101214,10.67
09/10/2013,0,0,18.5(-4.15 %),0,0,0,0,4101214,10.67
10/10/2013,0,0,18.5(0.00 %),0,0,0,0,4101214,10.67
11/10/2013,0,0,18.5(0.00 %),0,0,0,0,4101214,10.67
14/10/2013,0,0,18.5(0.00 %),0,0,0,0,4101214,10.67
15/10/2013,50,920000,17.9(-3.24 %),50,920000,0,0,4101164,10.67
16/10/2013,0,0,18.5(3.35 %),0,0,0,0,4101164,10.67
17/10/2013,0,0,18.5(0.00 %),0,0,0,0,4101164,10.67
18/10/2013,0,0,18.5(0.00 %),0,0,0,0,4101164,10.67
21/10/2013,0,0,18.5(0.00 %),0,0,0,0,4101164,10.67
22/10/2013,0,0,18(-2.70 %),0,0,0,0,4101164,10.67
23/10/2013,0,0,18(0.00 %),0,0,0,0,4101164,10.67
24/10/2013,0,0,18.2(1.11 %),0,0,0,0,4101164,10.67
25/10/2013,0,0,18.6(2.20 %),0,0,0,0,4101164,10.67
28/10/2013,0,0,19(2.15 %),0,0,0,0,4101164,10.67
29/10/2013,0,0,19(0.00 %),0,0,0,0,4101164,10.67
30/10/2013,0,0,18.6(-2.11 %),0,0,0,0,4101164,10.67
31/10/2013,0,0,19(2.15 %),0,0,0,0,4101164,10.67
01/11/2013,0,0,19(0.00 %),0,0,0,0,4101164,10.67
04/11/2013,0,0,19(0.00 %),0,0,0,0,4101164,10.67
05/11/2013,0,0,19(0.00 %),0,0,0,0,4101164,10.67
06/11/2013,2000,38000000,19(0.00 %),2000,38000000,0,0,4099164,10.69
07/11/2013,0,0,19(0.00 %),0,0,0,0,4099164,10.69
08/11/2013,0,0,19(0.00 %),0,0,0,0,4099164,10.69
11/11/2013,0,0,18.2(-4.21 %),0,0,0,0,4099164,10.69
12/11/2013,0,0,18.2(0.00 %),0,0,0,0,4099164,10.69
13/11/2013,0,0,19.4(6.59 %),0,0,0,0,4099164,10.69
14/11/2013,0,0,19.5(0.52 %),0,0,0,0,4099164,10.69
15/11/2013,0,0,19.5(0.00 %),0,0,0,0,4099164,10.69
18/11/2013,0,0,19.5(0.00 %),0,0,0,0,4099164,10.69
19/11/2013,0,0,19.5(0.00 %),0,0,0,0,4099164,10.69
20/11/2013,0,0,19.2(-1.54 %),0,0,0,0,4099164,10.69
21/11/2013,0,0,19.6(2.08 %),0,0,0,0,4099164,10.69
22/11/2013,0,0,19.6(0.00 %),0,0,0,0,4099164,10.69
25/11/2013,0,0,19.5(-0.51 %),0,0,0,0,4099164,10.69
26/11/2013,0,0,19.5(0.00 %),0,0,0,0,4099164,10.69
27/11/2013,0,0,19.5(0.00 %),0,0,0,0,4099164,10.69
28/11/2013,0,0,19.5(0.00 %),0,0,0,0,4099164,10.69
29/11/2013,0,0,19.5(0.00 %),0,0,0,0,4099164,10.69
02/12/2013,0,0,19.5(0.00 %),0,0,0,0,4099164,10.69
03/12/2013,0,0,19.8(1.54 %),0,0,0,0,4099164,10.69
04/12/2013,0,0,20(1.01 %),0,0,0,0,4099164,10.69
05/12/2013,0,0,20(0.00 %),0,0,0,0,4099164,10.69
06/12/2013,0,0,20(0.00 %),0,0,0,0,4099164,10.69
09/12/2013,0,0,18.9(-5.50 %),0,0,0,0,4099164,10.69
10/12/2013,0,0,19.6(3.70 %),0,0,0,0,4099164,10.69
11/12/2013,0,0,19.6(0.00 %),0,0,0,0,4099164,10.69
12/12/2013,0,0,19.6(0.00 %),0,0,0,0,4099164,10.69
13/12/2013,0,0,19.6(0.00 %),0,0,0,0,4099164,10.69
16/12/2013,0,0,19.8(1.02 %),0,0,0,0,4099164,10.69
17/12/2013,0,0,19.8(0.00 %),0,0,0,0,4099164,10.69
18/12/2013,0,0,19.8(0.00 %),0,0,0,0,4099164,10.69
19/12/2013,0,0,20(1.01 %),0,0,0,0,4099164,10.69
20/12/2013,0,0,18.7(-6.50 %),0,0,0,0,4099164,10.69
23/12/2013,0,0,20(6.95 %),0,0,0,0,4099164,10.69
24/12/2013,0,0,20(0.00 %),0,0,0,0,4099164,10.69
25/12/2013,0,0,20.4(2.00 %),0,0,0,0,4099164,10.69
26/12/2013,0,0,21(2.94 %),0,0,0,0,4099164,10.69
27/12/2013,0,0,20.8(-0.95 %),0,0,0,0,4099164,10.69
30/12/2013,12800,259840000,20.3(-2.40 %),12800,259840000,0,0,4086364,10.81
31/12/2013,1990,40397000,20.8(2.46 %),1990,40397000,0,0,4084374,10.83
02/01/2014,0,0,21(0.96 %),0,0,0,0,4084374,10.83
03/01/2014,0,0,20.8(-0.95 %),0,0,0,0,4084374,10.83
06/01/2014,600,12480000,20.8(0.00 %),600,12480000,0,0,4083774,10.83
07/01/2014,9200,191360000,21.9(5.29 %),9200,191360000,0,0,4074574,10.92
08/01/2014,2870,61864000,21.8(-0.46 %),2870,61864000,0,0,4071704,10.95
09/01/2014,0,0,21.8(0.00 %),0,0,0,0,4071704,10.95
10/01/2014,0,0,23(5.50 %),0,0,0,0,4071704,10.95
13/01/2014,0,0,22(-4.35 %),0,0,0,0,4071704,10.95
14/01/2014,0,0,21.6(-1.82 %),0,0,0,0,4071704,10.95
15/01/2014,0,0,21.6(0.00 %),0,0,0,0,4071704,10.95
16/01/2014,0,0,21.6(0.00 %),0,0,0,0,4071704,10.95
17/01/2014,0,0,21.6(0.00 %),0,0,0,0,4071704,10.95
20/01/2014,0,0,21.7(0.46 %),0,0,0,0,4071704,10.95
21/01/2014,300,6510000,21.7(0.00 %),300,6510000,0,0,4071404,10.95
22/01/2014,300,6480000,21.8(0.46 %),300,6480000,0,0,4071104,10.95
23/01/2014,0,0,22.3(2.29 %),0,0,0,0,4071104,10.95
24/01/2014,2000,44600000,22.3(0.00 %),2000,44600000,0,0,4069104,10.97
27/01/2014,0,0,23.5(5.38 %),0,0,0,0,4069104,10.97
06/02/2014,0,0,25.1(6.81 %),0,0,0,0,4069104,10.97
07/02/2014,0,0,26.6(5.98 %),0,0,0,0,4069104,10.97
10/02/2014,0,0,27(1.50 %),0,0,0,0,4069104,10.97
11/02/2014,0,0,27(0.00 %),0,0,0,0,4069104,10.97
12/02/2014,0,0,27(0.00 %),0,0,0,0,4069104,10.97
13/02/2014,-18270,-487809000,26.5(-1.85 %),0,0,18270,487809000,4087374,10.8
14/02/2014,0,0,26.7(0.75 %),0,0,0,0,4087374,10.8
17/02/2014,0,0,26.2(-1.87 %),0,0,0,0,4087374,10.8
18/02/2014,0,0,26.9(2.67 %),0,0,0,0,4087374,10.8
19/02/2014,0,0,26.8(-0.37 %),0,0,0,0,4087374,10.8
20/02/2014,0,0,26.6(-0.75 %),0,0,0,0,4087374,10.8
21/02/2014,0,0,26.5(-0.38 %),0,0,0,0,4087374,10.8
24/02/2014,0,0,26.5(0.00 %),0,0,0,0,4087374,10.8
25/02/2014,0,0,26.4(-0.38 %),0,0,0,0,4087374,10.8
26/02/2014,0,0,25.8(-2.27 %),0,0,0,0,4087374,10.8
27/02/2014,0,0,25.5(-1.16 %),0,0,0,0,4087374,10.8
28/02/2014,0,0,25.5(0.00 %),0,0,0,0,4087374,10.8
03/03/2014,0,0,24.5(-3.92 %),0,0,0,0,4087374,10.8
04/03/2014,0,0,24.1(-1.63 %),0,0,0,0,4087374,10.8
05/03/2014,0,0,24.7(2.49 %),0,0,0,0,4087374,10.8
06/03/2014,0,0,25.2(2.02 %),0,0,0,0,4087374,10.8
07/03/2014,0,0,25.5(1.19 %),0,0,0,0,4087374,10.8
10/03/2014,0,0,25.9(1.57 %),0,0,0,0,4087374,10.8
11/03/2014,0,0,26(0.39 %),0,0,0,0,4087374,10.8
12/03/2014,0,0,26.4(1.54 %),0,0,0,0,4087374,10.8
13/03/2014,0,0,26.2(-0.76 %),0,0,0,0,4087374,10.8
14/03/2014,0,0,25.1(-4.20 %),0,0,0,0,4087374,10.8
17/03/2014,0,0,26(3.59 %),0,0,0,0,4087374,10.8
18/03/2014,0,0,26.3(1.15 %),0,0,0,0,4087374,10.8
19/03/2014,0,0,26.3(0.00 %),0,0,0,0,4087374,10.8
20/03/2014,0,0,26.3(0.00 %),0,0,0,0,4087374,10.8
21/03/2014,0,0,25.3(-3.80 %),0,0,0,0,4087374,10.8
24/03/2014,0,0,26(2.77 %),0,0,0,0,4087374,10.8
25/03/2014,0,0,25.8(-0.77 %),0,0,0,0,4087374,10.8
26/03/2014,14900,383480000,25.2(-2.33 %),14900,383480000,0,0,4072474,10.94
27/03/2014,10,260000,25.3(0.40 %),10,260000,0,0,4072464,10.94
28/03/2014,4900,123480000,25.3(0.00 %),4900,123480000,0,0,4067564,10.99
31/03/2014,0,0,25.2(-0.40 %),0,0,0,0,4067564,10.99
01/04/2014,20,490000,24.8(-1.59 %),20,490000,0,0,4067544,10.99
02/04/2014,5000,122500000,24.3(-2.02 %),5000,122500000,0,0,4062544,11.03
03/04/2014,0,0,24.5(0.82 %),0,0,0,0,4062544,11.03
04/04/2014,0,0,25.5(4.08 %),0,0,0,0,4062544,11.03
07/04/2014,5100,123930000,24.4(-4.31 %),5100,123930000,0,0,4057444,11.08
08/04/2014,0,0,25(2.46 %),0,0,0,0,4057444,11.08
10/04/2014,0,0,26(4.00 %),0,0,0,0,4057444,11.08
11/04/2014,4900,122500000,25(-3.85 %),4900,122500000,0,0,4052544,11.13
14/04/2014,0,0,25(0.00 %),0,0,0,0,4052544,11.13
15/04/2014,5000,123000000,23.5(-6.00 %),5000,123000000,0,0,4047544,11.17
16/04/2014,0,0,23.4(-0.43 %),0,0,0,0,4047544,11.17
17/04/2014,0,0,24.2(3.42 %),0,0,0,0,4047544,11.17
18/04/2014,0,0,24.2(0.00 %),0,0,0,0,4047544,11.17
21/04/2014,0,0,24.3(0.41 %),0,0,0,0,4047544,11.17
22/04/2014,5100,123930000,24.4(0.41 %),5100,123930000,0,0,4042444,11.22
23/04/2014,0,0,25(2.46 %),0,0,0,0,4042444,11.22
24/04/2014,1000,24100000,24.1(-3.60 %),1000,24100000,0,0,4041444,11.23
25/04/2014,0,0,25(3.73 %),0,0,0,0,4041444,11.23
28/04/2014,0,0,24.4(-2.40 %),0,0,0,0,4041444,11.23
29/04/2014,0,0,25(2.46 %),0,0,0,0,4041444,11.23
05/05/2014,0,0,24.3(-2.80 %),0,0,0,0,4041444,11.23
06/05/2014,5100,123930000,24.3(0.00 %),5100,123930000,0,0,4036344,11.28
07/05/2014,0,0,24.5(0.82 %),0,0,0,0,4036344,11.28
08/05/2014,5100,123930000,22.8(-6.94 %),5100,123930000,0,0,4031244,11.32
09/05/2014,0,0,24.3(6.58 %),0,0,0,0,4031244,11.32
12/05/2014,5200,123240000,23.7(-2.47 %),5200,123240000,0,0,4026044,11.37
13/05/2014,5200,123240000,23.8(0.42 %),5200,123240000,0,0,4020844,11.42
14/05/2014,15500,347650000,22.8(2.24 %),15500,347650000,0,0,4005344,11.57
15/05/2014,0,0,22.5(-1.32 %),0,0,0,0,4005344,11.57
16/05/2014,0,0,22.6(0.44 %),0,0,0,0,4005344,11.57
19/05/2014,5500,123750000,22.5(-0.44 %),5500,123750000,0,0,3999844,11.62
20/05/2014,0,0,22.5(0.00 %),0,0,0,0,3999844,11.62
21/05/2014,1800,40500000,23.9(6.22 %),1800,40500000,0,0,3998044,11.64
22/05/2014,1800,40500000,23.8(-0.42 %),1800,40500000,0,0,3996244,11.65
23/05/2014,4600,103500000,22.5(-5.46 %),4600,103500000,0,0,3991644,11.69
26/05/2014,0,0,22.5(0.00 %),0,0,0,0,3991644,11.69
27/05/2014,0,0,23(2.22 %),0,0,0,0,3991644,11.69
28/05/2014,100,2250000,22.5(-2.17 %),100,2250000,0,0,3991544,11.7
29/05/2014,4600,102580000,22.3(-0.89 %),4600,102580000,0,0,3986944,11.74
30/05/2014,4600,102120000,22.2(-0.45 %),4600,102120000,0,0,3982344,11.78
02/06/2014,2300,51060000,22.2(0.00 %),2300,51060000,0,0,3980044,11.8
03/06/2014,0,0,22.3(0.45 %),0,0,0,0,3980044,11.8
04/06/2014,0,0,22.3(0.00 %),0,0,0,0,3980044,11.8
05/06/2014,0,0,22.5(0.90 %),0,0,0,0,3980044,11.8
06/06/2014,0,0,22.5(0.00 %),0,0,0,0,3980044,11.8
09/06/2014,0,0,23(2.22 %),0,0,0,0,3980044,11.8
10/06/2014,0,0,23(0.00 %),0,0,0,0,3980044,11.8
11/06/2014,2020,45046000,22.3(-3.04 %),2020,45046000,0,0,3978024,11.82
12/06/2014,0,0,22.3(0.00 %),0,0,0,0,3978024,11.82
13/06/2014,0,0,22.4(0.45 %),0,0,0,0,3978024,11.82
16/06/2014,14600,318040000,22.3(-0.45 %),14600,318040000,0,0,3963424,11.96
17/06/2014,0,0,22.3(0.00 %),0,0,0,0,3963424,11.96
18/06/2014,0,0,22.5(0.90 %),0,0,0,0,3963424,11.96
19/06/2014,0,0,22.5(0.00 %),0,0,0,0,3963424,11.96
20/06/2014,0,0,23(2.22 %),0,0,0,0,3963424,11.96
23/06/2014,0,0,23(0.00 %),0,0,0,0,3963424,11.96
24/06/2014,6000,135300000,22.5(-2.17 %),6000,135300000,0,0,3957424,12.01
25/06/2014,7600,171300000,22.6(0.44 %),7600,171300000,0,0,3949824,12.09
26/06/2014,14100,317250000,22.5(-0.44 %),14100,317250000,0,0,3935724,12.22
27/06/2014,5000,113000000,22.6(0.44 %),5000,113000000,0,0,3930724,12.26
30/06/2014,0,0,23.9(5.75 %),0,0,0,0,3930724,12.26
01/07/2014,0,0,23.8(-0.42 %),0,0,0,0,3930724,12.26
02/07/2014,0,0,23.8(0.00 %),0,0,0,0,3930724,12.26
03/07/2014,0,0,23.2(-2.52 %),0,0,0,0,3930724,12.26
04/07/2014,2280,53124000,23.3(0.43 %),2280,53124000,0,0,3928444,12.29
07/07/2014,-3000,-70500000,23.5(0.86 %),2000,46600000,5000,117100000,3931444,12.26
08/07/2014,2450,57575000,23.5(0.00 %),2450,57575000,0,0,3928994,12.28
09/07/2014,0,0,24(2.13 %),0,0,0,0,3928994,12.28
10/07/2014,9300,221340000,22.5(-6.25 %),9300,221340000,0,0,3923994,12.33
11/07/2014,0,0,23.6(4.89 %),0,0,0,0,3919694,0.0
14/07/2014,1010,23937000,23.8(0.85 %),1010,23937000,0,0,3918684,12.38
15/07/2014,0,0,23.8(0.00 %),0,0,0,0,3918684,12.38
16/07/2014,0,0,24.4(2.52 %),0,0,0,0,3918684,0.0
17/07/2014,0,0,25.4(4.10 %),0,0,0,0,3918684,12.38
18/07/2014,6000,151900000,25.2(-0.79 %),6000,151900000,0,0,3918684,12.38
21/07/2014,4100,103320000,25.3(0.40 %),4100,103320000,0,0,3912684,12.43
22/07/2014,1060,26712000,25.3(0.00 %),1060,26712000,0,0,3907524,0.0
23/07/2014,3620,91224000,25.3(0.00 %),3620,91224000,0,0,3907524,12.48
24/07/2014,0,0,25.5(0.79 %),0,0,0,0,3903904,0.0
25/07/2014,0,0,27(5.88 %),0,0,0,0,3903904,0.0
28/07/2014,6980,176594000,25.3(-6.30 %),6980,176594000,0,0,3897804,0.0
29/07/2014,4300,108790000,25.9(2.37 %),4300,108790000,0,0,3892624,0.0
30/07/2014,4500,113850000,25.3(-2.32 %),4500,113850000,0,0,3888124,0.0
31/07/2014,0,0,25.3(0.00 %),0,0,0,0,3888124,0.0
01/08/2014,0,0,26(2.77 %),0,0,0,0,3888124,0.0
04/08/2014,0,0,25.5(-1.92 %),0,0,0,0,3888124,0.0
05/08/2014,0,0,25.6(0.39 %),0,0,0,0,3888124,0.0
06/08/2014,0,0,26.6(3.91 %),0,0,0,0,3888124,12.66
07/08/2014,-1990,-51742000,26(-2.26 %),10,258000,2000,52000000,3890114,12.64
08/08/2014,0,0,26.3(1.15 %),0,0,0,0,3888114,0.0
11/08/2014,6900,181470000,26.3(0.00 %),6900,181470000,0,0,3881214,0.0
12/08/2014,2960,77848000,26.6(1.14 %),2960,77848000,0,0,3878254,0.0
13/08/2014,100,2650000,26.5(-0.38 %),100,2650000,0,0,3880154,0.0
14/08/2014,-2850,-75825000,26.6(0.38 %),150,3975000,3000,79800000,3880154,12.74
15/08/2014,0,0,27(1.50 %),0,0,0,0,3880004,12.74
18/08/2014,200,5450000,27.3(1.11 %),200,5450000,0,0,3879804,0.0
19/08/2014,8800,238600000,27.1(-0.73 %),8800,238600000,0,0,3871004,0.0
20/08/2014,0,0,27.5(1.48 %),0,0,0,0,3874004,0.0
21/08/2014,0,0,27.5(0.00 %),0,0,0,0,3874004,0.0
22/08/2014,2000,55000000,27.5(0.00 %),2000,55000000,0,0,3874004,12.79
25/08/2014,0,0,28.6(4.00 %),0,0,0,0,3872004,12.81
26/08/2014,0,0,27.9(-2.45 %),0,0,0,0,3872004,12.81
27/08/2014,-50,-1425000,28.1(0.72 %),0,0,50,1425000,3872004,12.81
28/08/2014,500,13950000,29.4(4.63 %),500,13950000,0,0,3872004,12.81
29/08/2014,0,0,28.5(-3.06 %),0,0,0,0,3871504,0.0
03/09/2014,50,1450000,29(1.75 %),50,1450000,0,0,3871504,12.82
04/09/2014,260,7540000,29.2(0.69 %),260,7540000,0,0,3871244,0.0
05/09/2014,0,0,30.9(5.82 %),0,0,0,0,3871244,0.0
08/09/2014,0,0,31.5(1.94 %),0,0,0,0,3871244,12.82
09/09/2014,13400,402000000,30(-4.76 %),13400,402000000,0,0,3871244,12.82
10/09/2014,6400,192000000,31.8(6.00 %),6400,192000000,0,0,3851444,0.0
11/09/2014,-3040,-97740000,31.7(-0.31 %),1960,60760000,5000,158500000,3849484,0.0
12/09/2014,0,0,32.6(2.84 %),0,0,0,0,3849484,0.0
15/09/2014,90,3015000,33(1.23 %),90,3015000,0,0,3849484,13.02
16/09/2014,-1800,-59000000,32.6(-1.21 %),3200,104000000,5000,163000000,3846194,0.0
17/09/2014,0,0,33(1.23 %),0,0,0,0,3851194,0.0
18/09/2014,3100,102300000,33(0.00 %),3100,102300000,0,0,3848094,0.0
19/09/2014,3100,102300000,32.3(-2.12 %),3100,102300000,0,0,3844994,0.0
22/09/2014,0,0,33(2.17 %),0,0,0,0,3849994,0.0
23/09/2014,0,0,33.1(0.30 %),0,0,0,0,3849994,0.0
24/09/2014,3700,122100000,33(-0.30 %),3700,122100000,0,0,3846294,13.05
25/09/2014,0,0,33(0.00 %),0,0,0,0,3846294,13.05
26/09/2014,3700,122100000,33(0.00 %),3700,122100000,0,0,3842594,13.09
29/09/2014,0,0,33(0.00 %),0,0,0,0,3842594,0.0
30/09/2014,4610,152130000,33.3(0.91 %),4610,152130000,0,0,3837984,0.0
01/10/2014,0,0,33.9(1.80 %),0,0,0,0,3837984,0.0
02/10/2014,3700,123580000,33.9(0.00 %),3700,123580000,0,0,3834284,0.0
03/10/2014,0,0,34(0.29 %),0,0,0,0,3834284,0.0
06/10/2014,0,0,34.4(1.18 %),0,0,0,0,3834284,0.0
07/10/2014,3600,122400000,34.3(-0.29 %),3600,122400000,0,0,3830684,0.0
08/10/2014,0,0,34.4(0.29 %),0,0,0,0,3830684,0.0
09/10/2014,13600,468740000,34.8(1.16 %),13600,468740000,0,0,3817084,0.0
10/10/2014,13000,449400000,35(0.57 %),13000,449400000,0,0,3804084,0.0
13/10/2014,13310,459195000,34.5(-1.43 %),13310,459195000,0,0,3790774,13.57
14/10/2014,8600,296700000,34.5(0.00 %),8600,296700000,0,0,3782174,13.65
15/10/2014,8600,296200000,34.5(0.00 %),8600,296200000,0,0,3773574,13.73
16/10/2014,8600,294120000,34(-1.45 %),8600,294120000,0,0,3764974,13.81
17/10/2014,8600,292400000,34(0.00 %),8600,292400000,0,0,3756374,13.89
20/10/2014,3600,122400000,34.5(1.47 %),3600,122400000,0,0,3752774,13.93
21/10/2014,0,0,34.5(0.00 %),0,0,0,0,3752774,13.93
22/10/2014,3100,105400000,34.5(0.00 %),3100,105400000,0,0,3749674,13.96
23/10/2014,3390,115260000,34.4(-0.29 %),3390,115260000,0,0,3746284,13.99
24/10/2014,0,0,34(-1.16 %),0,0,0,0,3746284,13.99
27/10/2014,3600,122400000,34(0.00 %),3600,122400000,0,0,3742684,14.02
29/10/2014,1200,40800000,34(0.00 %),1200,40800000,0,0,3741484,14.03
30/10/2014,0,0,34(0.00 %),0,0,0,0,3741484,14.03
31/10/2014,0,0,33.3(-2.06 %),0,0,0,0,3741484,14.03
03/11/2014,0,0,33.9(1.80 %),0,0,0,0,3738484,14.06
04/11/2014,0,0,33.9(0.00 %),0,0,0,0,3738484,14.06
05/11/2014,2400,81360000,34.5(1.77 %),2400,81360000,0,0,3736084,14.08
06/11/2014,0,0,34(-1.45 %),0,0,0,0,3736084,14.08
07/11/2014,0,0,34(0.00 %),0,0,0,0,3736084,14.08
10/11/2014,800,27200000,34(0.00 %),800,27200000,0,0,3735284,14.09
11/11/2014,0,0,34(0.00 %),0,0,0,0,3735284,14.09
12/11/2014,2400,81600000,34.4(1.18 %),2400,81600000,0,0,3732884,14.11
13/11/2014,2400,81600000,34(-1.16 %),2400,81600000,0,0,3730484,14.14
14/11/2014,0,0,34(0.00 %),0,0,0,0,3730484,14.14
17/11/2014,200,6870000,34.4(1.18 %),200,6870000,0,0,3730284,14.14
18/11/2014,2400,81600000,34.3(-0.29 %),2400,81600000,0,0,3727884,14.16
19/11/2014,8100,275110000,34.3(0.00 %),8100,275110000,0,0,3719784,14.24
20/11/2014,1000,33800000,34.3(0.00 %),1000,33800000,0,0,3718784,0.0
21/11/2014,6100,204350000,34.2(-0.29 %),6100,204350000,0,0,3712684,0.0
24/11/2014,3100,103850000,34(-0.58 %),3100,103850000,0,0,3709584,0.0
25/11/2014,0,0,34(0.00 %),0,0,0,0,3709584,0.0
26/11/2014,200,6960000,34.8(2.35 %),200,6960000,0,0,3709384,0.0
27/11/2014,3010,99330000,33(-5.17 %),3010,99330000,0,0,3706374,0.0
28/11/2014,3200,105730000,34.3(3.94 %),3200,105730000,0,0,3703174,0.0
01/12/2014,100,3430000,34.3(0.00 %),100,3430000,0,0,3703074,0.0
02/12/2014,300,10710000,34.5(0.58 %),400,14140000,100,3430000,3702674,0.0
03/12/2014,-100,-3310000,34.4(-0.29 %),0,0,100,3310000,3702674,0.0
04/12/2014,0,0,34.4(0.00 %),0,0,0,0,3702674,0.0
05/12/2014,0,0,34.4(0.00 %),0,0,0,0,3702674,0.0
08/12/2014,3700,123950000,33.5(-2.62 %),3700,123950000,0,0,3699074,0.0
09/12/2014,3700,123950000,33.5(0.00 %),3700,123950000,0,0,3695474,0.0
10/12/2014,0,0,33.8(0.90 %),0,0,0,0,3695474,0.0
11/12/2014,120,4050000,33.8(0.00 %),120,4050000,0,0,3695354,0.0
12/12/2014,10,348000,34.8(2.96 %),10,348000,0,0,3695344,14.46
15/12/2014,10,350000,34.8(0.00 %),10,350000,0,0,3695334,0.0
16/12/2014,3800,124260000,33.4(-4.02 %),3800,124260000,0,0,3691534,0.0
17/12/2014,3900,124800000,31.1(-6.89 %),3900,124800000,0,0,3687634,0.0
18/12/2014,10,320000,32(2.89 %),10,320000,0,0,3687624,0.0
19/12/2014,130,4040000,31.9(-0.31 %),130,4040000,0,0,3687494,0.0
22/12/2014,0,0,31.5(-1.25 %),0,0,0,0,3687494,14.54
23/12/2014,0,0,31.5(0.00 %),0,0,0,0,3687494,0.0
24/12/2014,0,0,31.5(0.00 %),0,0,0,0,3687494,0.0
25/12/2014,0,0,31.9(1.27 %),0,0,0,0,3687494,0.0
26/12/2014,1770,54870000,31(-2.82 %),1770,54870000,0,0,3685724,14.55
29/12/2014,10,331000,33.1(6.77 %),10,331000,0,0,3685714,14.55
30/12/2014,0,44000,32.9(-0.60 %),10,354000,10,310000,3685714,14.55
31/12/2014,0,19000,32.7(-0.61 %),10,329000,10,310000,3685714,14.55
05/01/2015,10,348000,34.8(6.42 %),10,348000,0,0,3685684,14.55
06/01/2015,-40,-1260000,32.5(-6.61 %),60,1990000,100,3250000,3685724,14.55
07/01/2015,3000,97200000,32.4(-0.31 %),3000,97200000,0,0,3682724,14.58
08/01/2015,10,329000,32.9(1.54 %),10,329000,0,0,3682714,14.58
09/01/2015,0,0,32.7(-0.61 %),0,0,0,0,3682714,14.58
12/01/2015,3200,104320000,32.6(-0.31 %),3200,104320000,0,0,3679514,14.61
13/01/2015,1020,33150000,32.5(-0.31 %),1020,33150000,0,0,3678494,14.62
14/01/2015,3200,103040000,32(-1.54 %),3200,103040000,0,0,3675294,14.65
15/01/2015,100,3238000,32.2(0.62 %),100,3238000,0,0,3675194,14.65
16/01/2015,190,6175000,32.5(0.93 %),190,6175000,0,0,3675004,14.65
19/01/2015,2340,75348000,32.2(-0.92 %),2340,75348000,0,0,3672664,14.68
20/01/2015,3210,102324000,30(-6.83 %),3210,102324000,0,0,3669454,14.71
21/01/2015,10,321000,32.1(7.00 %),10,321000,0,0,3669444,14.71
22/01/2015,0,0,33.5(4.36 %),0,0,0,0,3669444,14.71
23/01/2015,0,0,33.5(0.00 %),0,0,0,0,3669444,14.71
26/01/2015,0,0,33.5(0.00 %),0,0,0,0,3669444,14.71
27/01/2015,20,661000,32.6(-2.69 %),30,977000,10,316000,3669424,14.71
28/01/2015,-100,-3260000,33(1.23 %),0,0,100,3260000,3669524,14.71
29/01/2015,3200,104320000,32.6(-1.21 %),3200,104320000,0,0,3666324,14.74
30/01/2015,3200,104320000,32.2(-1.23 %),3200,104320000,0,0,3663124,14.77
02/02/2015,0,0,34(5.59 %),0,0,0,0,3663044,14.77
03/02/2015,3200,103040000,32.2(-5.29 %),3200,103040000,0,0,3659844,14.8
04/02/2015,2870,91842000,32(-0.62 %),2870,91842000,0,0,3656974,14.82
05/02/2015,0,0,32(0.00 %),0,0,0,0,3656974,14.82
06/02/2015,10,328000,32.8(2.50 %),10,328000,0,0,3656964,14.82
09/02/2015,0,0,32.8(0.00 %),0,0,0,0,3656964,14.82
10/02/2015,3190,102080000,32(-2.44 %),3190,102080000,0,0,3653774,14.85
11/02/2015,0,0,32(0.00 %),0,0,0,0,3653774,14.85
12/02/2015,0,0,32.2(0.62 %),0,0,0,0,3653774,14.85
13/02/2015,0,0,32.2(0.00 %),0,0,0,0,3653774,14.85
24/02/2015,0,0,32.5(0.93 %),0,0,0,0,3653774,14.85
25/02/2015,0,0,32.5(0.00 %),0,0,0,0,3653774,14.85
26/02/2015,0,0,32.5(0.00 %),0,0,0,0,3653774,14.85
27/02/2015,3210,104329000,32.5(0.00 %),3210,104329000,0,0,3650564,14.88
02/03/2015,3200,104000000,32.5(0.00 %),3200,104000000,0,0,3647464,14.91
03/03/2015,20,660000,32.6(0.31 %),20,660000,0,0,3647444,14.91
04/03/2015,3200,104000000,32.5(-0.31 %),3200,104000000,0,0,3644244,14.94
05/03/2015,3210,104328000,32.8(0.92 %),3210,104328000,0,0,3641034,14.97
06/03/2015,0,0,32.8(0.00 %),0,0,0,0,3641034,14.97
09/03/2015,3200,103680000,32.4(-1.22 %),3200,103680000,0,0,3637834,15.0
10/03/2015,1300,41600000,32(-1.23 %),1300,41600000,0,0,3636534,15.01
11/03/2015,3210,103048000,32.8(2.50 %),3210,103048000,0,0,3633324,15.04
12/03/2015,3200,102400000,32(-2.44 %),3200,102400000,0,0,3630124,15.07
13/03/2015,0,0,32.5(1.56 %),0,0,0,0,3630124,15.07
16/03/2015,3200,102400000,32(-1.54 %),3200,102400000,0,0,3626924,15.1
17/03/2015,960,30528000,31.8(-0.62 %),960,30528000,0,0,3625964,15.11
18/03/2015,1580,50222000,31.8(0.00 %),3200,101760000,1620,51538000,3624384,15.13
19/03/2015,0,0,31.8(0.00 %),0,0,0,0,3624384,15.13
20/03/2015,0,0,31.8(0.00 %),0,0,0,0,3624384,15.13
23/03/2015,0,0,31.8(0.00 %),0,0,0,0,3624384,15.13
24/03/2015,0,0,31.8(0.00 %),0,0,0,0,3624384,15.13
25/03/2015,0,0,31.8(0.00 %),0,0,0,0,3624384,15.13
26/03/2015,0,0,30.5(-4.09 %),0,0,0,0,3624384,15.13
27/03/2015,10,318000,31.8(4.26 %),10,318000,0,0,3624374,15.13
30/03/2015,0,0,31.8(0.00 %),0,0,0,0,3624374,15.13
31/03/2015,0,0,31.8(0.00 %),0,0,0,0,3624374,15.13
01/04/2015,0,0,31.8(0.00 %),0,0,0,0,3624374,15.13
02/04/2015,0,0,31.7(-0.31 %),0,0,0,0,3624374,15.13
03/04/2015,0,0,31.7(0.00 %),0,0,0,0,3624374,15.13
06/04/2015,10,317000,31.7(0.00 %),10,317000,0,0,3624364,15.13
07/04/2015,0,0,31.1(-1.89 %),0,0,0,0,3624364,15.13
08/04/2015,20,650000,31.2(0.32 %),20,650000,0,0,3624344,15.13
09/04/2015,20,650000,32.5(4.17 %),20,650000,0,0,3624324,15.13
10/04/2015,0,0,32.5(0.00 %),0,0,0,0,3624324,15.13
13/04/2015,3300,103290000,31.3(-3.69 %),3300,103290000,0,0,3621024,15.16
14/04/2015,20,629000,31.9(1.92 %),20,629000,0,0,3621004,15.16
15/04/2015,0,0,31.9(0.00 %),0,0,0,0,3621004,15.16
16/04/2015,0,0,31.9(0.00 %),0,0,0,0,3621004,15.16
17/04/2015,10,320000,32(0.31 %),10,320000,0,0,3620994,15.16
20/04/2015,900,27913000,32.3(0.94 %),900,27913000,0,0,3620094,15.17
21/04/2015,0,0,32.3(0.00 %),0,0,0,0,3620094,15.17
22/04/2015,0,0,32.3(0.00 %),0,0,0,0,3620094,15.17
23/04/2015,10,315000,32.6(0.93 %),10,315000,0,0,3620084,15.17
24/04/2015,0,21000,32.6(0.00 %),10,326000,10,305000,3620084,15.17
27/04/2015,0,0,32.6(0.00 %),0,0,0,0,3620084,15.17
04/05/2015,3200,102400000,32(-1.84 %),3200,102400000,0,0,3616874,15.2
05/05/2015,3200,101440000,31.7(-0.94 %),3200,101440000,0,0,3613674,15.23
06/05/2015,10,326000,32.6(2.84 %),10,326000,0,0,3613664,15.29
07/05/2015,0,22000,32(-1.84 %),10,326000,10,304000,3613664,15.29
08/05/2015,0,0,32(0.00 %),0,0,0,0,3613664,15.29
11/05/2015,0,0,32(0.00 %),0,0,0,0,3613664,15.29
12/05/2015,0,0,31.6(-1.25 %),120,3792000,120,3792000,3613664,15.29
13/05/2015,0,0,31.6(0.00 %),0,0,0,0,3613664,15.29
14/05/2015,0,0,31.6(0.00 %),0,0,0,0,3613664,15.29
15/05/2015,0,0,31.8(0.63 %),0,0,0,0,3613664,15.29
18/05/2015,3200,101440000,31.7(4.62 %),3200,101440000,0,0,3610464,15.32
19/05/2015,3410,102996000,31.6(-0.32 %),3410,102996000,0,0,3607054,15.35
20/05/2015,2220,66614000,31.4(-0.63 %),2220,66614000,0,0,3604834,15.37
21/05/2015,0,0,31.4(0.00 %),0,0,0,0,3604834,15.37
22/05/2015,10,326000,31.9(1.59 %),10,326000,0,0,3604824,15.37
25/05/2015,0,0,31.9(0.00 %),0,0,0,0,3604824,15.37
26/05/2015,1490,44402000,31(-2.82 %),1490,44402000,0,0,3603334,15.39
27/05/2015,0,8000,31(0.00 %),10,310000,10,302000,3603334,15.39
28/05/2015,0,24000,31.9(2.90 %),10,319000,10,295000,3603334,15.39
29/05/2015,0,0,31.9(0.00 %),0,0,0,0,3603334,15.39
01/06/2015,0,19000,32(0.31 %),10,320000,10,301000,3603314,15.39
02/06/2015,0,18000,30.3(-5.31 %),10,320000,10,302000,3603314,15.39
03/06/2015,10,310000,31(2.31 %),10,310000,0,0,3603304,15.39
04/06/2015,0,0,31(0.00 %),0,0,0,0,3603304,15.39
05/06/2015,830,25923000,31.7(2.26 %),840,26233000,10,310000,3602474,15.4
08/06/2015,0,0,31(-2.21 %),0,0,0,0,3602474,15.4
09/06/2015,3330,101565000,31(0.00 %),3330,101565000,0,0,3599144,15.43
10/06/2015,0,0,31(0.00 %),0,0,0,0,3599144,15.43
11/06/2015,0,0,31(0.00 %),0,0,0,0,3599144,15.43
12/06/2015,0,0,31(0.00 %),0,0,0,0,3599144,15.43
15/06/2015,0,0,31(0.00 %),0,0,0,0,3599144,15.43
16/06/2015,0,0,30.7(-0.97 %),0,0,0,0,3599144,15.43
17/06/2015,0,0,30.7(0.00 %),0,0,0,0,3599144,15.43
18/06/2015,10,315000,31.5(2.61 %),10,315000,0,0,3599134,15.43
19/06/2015,10,315000,31.5(0.00 %),10,315000,0,0,3599124,15.43
22/06/2015,0,0,31.5(0.00 %),0,0,0,0,3599124,15.43
23/06/2015,0,0,31(-1.59 %),0,0,0,0,3599124,15.43
24/06/2015,3300,102300000,31(0.00 %),3300,102300000,0,0,3595824,15.46
25/06/2015,0,0,31(0.00 %),0,0,0,0,3595824,15.46
26/06/2015,3300,102300000,30.7(-0.97 %),3300,102300000,0,0,3592524,15.49
29/06/2015,10,315000,31.5(2.61 %),10,315000,0,0,3592514,15.49
30/06/2015,3300,102300000,31.5(0.00 %),3300,102300000,0,0,3589214,15.52
01/07/2015,0,0,31.5(0.00 %),0,0,0,0,3589244,15.46
02/07/2015,0,0,31.5(0.00 %),0,0,0,0,3589244,15.46
03/07/2015,3300,103950000,31.5(0.00 %),3300,103950000,0,0,3585944,15.49
06/07/2015,10,320000,32(1.59 %),10,320000,0,0,3585934,15.49
07/07/2015,0,0,31.5(-1.56 %),0,0,0,0,3585934,15.49
08/07/2015,0,0,31.5(0.00 %),0,0,0,0,3585934,15.49
09/07/2015,0,0,31.5(0.00 %),0,0,0,0,3585934,15.49
10/07/2015,0,0,32(1.59 %),0,0,0,0,3585934,15.49
13/07/2015,2000,63600000,31.8(-0.62 %),2000,63600000,0,0,3583934,15.51
14/07/2015,2000,63600000,31.8(0.00 %),2100,66750000,100,3150000,3581934,15.52
15/07/2015,3300,104280000,32(0.63 %),3300,104280000,0,0,3578634,15.55
16/07/2015,3300,103950000,31.5(-1.56 %),3300,103950000,0,0,3575334,15.59
17/07/2015,0,0,31.5(0.00 %),0,0,0,0,3575334,15.59
20/07/2015,3000,93600000,31.2(-0.95 %),3000,93600000,0,0,3572334,15.61
21/07/2015,0,0,32.8(5.13 %),0,0,0,0,3572334,15.61
22/07/2015,0,0,31.5(-3.96 %),0,0,0,0,3572334,15.61
23/07/2015,0,0,31.5(0.00 %),0,0,0,0,3572334,15.61
24/07/2015,0,0,31.5(0.00 %),0,0,0,0,3572334,15.61
27/07/2015,0,0,32(1.59 %),0,0,0,0,3572334,15.61
28/07/2015,0,0,32(0.00 %),0,0,0,0,3572334,15.61
29/07/2015,50,1700000,32(0.00 %),50,1700000,0,0,3572284,15.61
30/07/2015,3210,102720000,32.4(1.25 %),3210,102720000,0,0,3569074,15.64
31/07/2015,0,0,32(-1.23 %),0,0,0,0,3569074,15.64
03/08/2015,3200,102400000,32(0.00 %),3200,102400000,0,0,3565874,15.67
04/08/2015,3210,102740000,33.5(4.69 %),3210,102740000,0,0,3562664,15.7
05/08/2015,0,0,32(-4.48 %),0,0,0,0,3562664,15.7
06/08/2015,3200,102400000,32(0.00 %),3200,102400000,0,0,3559464,15.73
07/08/2015,0,0,32(0.00 %),0,0,0,0,3559464,15.73
10/08/2015,0,0,32(0.00 %),0,0,0,0,3559464,15.73
11/08/2015,-2000,-64000000,32(0.00 %),0,0,2000,64000000,3561464,15.72
12/08/2015,3200,102080000,31.8(-0.62 %),3200,102080000,0,0,3558264,15.75
13/08/2015,3200,104000000,32(0.63 %),3200,104000000,0,0,3555064,15.78
14/08/2015,0,0,31.9(-0.31 %),0,0,0,0,3555064,15.78
17/08/2015,3200,102080000,31.9(0.00 %),3200,102080000,0,0,3551864,15.81
18/08/2015,6340,202250000,33(3.45 %),6400,204160000,60,1910000,3545524,15.86
19/08/2015,6400,204160000,31.9(-3.33 %),6400,204160000,0,0,3539124,15.92
20/08/2015,0,0,31.9(0.00 %),0,0,0,0,3539124,15.92
21/08/2015,3300,103290000,31.5(-1.25 %),3300,103290000,0,0,3535824,15.95
24/08/2015,6600,204600000,29.3(-6.98 %),6600,204600000,0,0,3529224,16.02
25/08/2015,0,0,31(5.80 %),0,0,0,0,3529224,16.02
26/08/2015,100,2970000,33.1(6.77 %),100,2970000,0,0,3529124,16.02
27/08/2015,0,0,33.1(0.00 %),0,0,0,0,3529124,16.02
28/08/2015,0,0,33.1(0.00 %),0,0,0,0,3529124,16.02
31/08/2015,0,20000,33(-0.30 %),10,330000,10,310000,3529124,16.02
01/09/2015,0,0,33(0.00 %),0,0,0,0,3529114,16.02
03/09/2015,0,0,33(0.00 %),0,0,0,0,3529114,16.02
04/09/2015,0,0,33(0.00 %),0,0,0,0,3529114,16.02
07/09/2015,0,0,33(0.00 %),0,0,0,0,3529114,16.02
08/09/2015,10,330000,32.8(-0.61 %),10,330000,0,0,3529104,16.02
09/09/2015,0,0,32.8(0.00 %),0,0,0,0,3529104,16.02
10/09/2015,0,0,32.8(0.00 %),0,0,0,0,3529104,16.02
11/09/2015,0,0,32.8(0.00 %),0,0,0,0,3529104,16.02
14/09/2015,0,0,32.8(0.00 %),0,0,0,0,3529104,16.02
15/09/2015,0,0,32.8(0.00 %),0,0,0,0,3529104,16.02
16/09/2015,0,0,32.8(0.00 %),0,0,0,0,3529104,16.02
17/09/2015,0,0,32.8(0.00 %),0,0,0,0,3529104,16.02
18/09/2015,0,0,32.8(0.00 %),0,0,0,0,3529104,16.02
21/09/2015,0,0,31.7(-3.35 %),0,0,0,0,3529104,16.02
22/09/2015,0,0,31(-2.21 %),0,0,0,0,3529104,16.02
23/09/2015,10,320000,31.6(1.94 %),10,320000,0,0,3529094,16.02
24/09/2015,0,0,31.5(-0.32 %),0,0,0,0,3529094,16.02
25/09/2015,0,0,30.5(-3.17 %),0,0,0,0,3529094,16.02
28/09/2015,10,320000,30.5(0.00 %),10,320000,0,0,3529084,16.02
29/09/2015,0,0,30.5(0.00 %),0,0,0,0,3529084,16.02
30/09/2015,0,0,30.5(0.00 %),0,0,0,0,3529084,16.02
01/10/2015,10,320000,31.9(4.59 %),10,320000,0,0,3529084,16.02
02/10/2015,0,0,31.9(0.00 %),0,0,0,0,3529084,16.02
05/10/2015,0,0,31.9(0.00 %),0,0,0,0,3529084,16.02
06/10/2015,0,0,31.9(0.00 %),0,0,0,0,3529084,16.02
07/10/2015,0,0,31.9(0.00 %),0,0,0,0,3529084,16.02
08/10/2015,0,0,31.9(0.00 %),0,0,0,0,3529084,16.02
09/10/2015,0,0,31.9(0.00 %),0,0,0,0,3529084,16.02
12/10/2015,0,0,31.9(0.00 %),0,0,0,0,3529084,16.02
13/10/2015,0,0,31.9(0.00 %),0,0,0,0,3529084,16.02
14/10/2015,0,0,31.9(0.00 %),0,0,0,0,3529084,16.02
15/10/2015,0,0,31.9(0.00 %),0,0,0,0,3529084,16.02
16/10/2015,10,330000,32.5(1.88 %),10,330000,0,0,3529074,16.02
19/10/2015,0,0,31.5(-3.08 %),0,0,0,0,3529074,16.02
20/10/2015,10,330000,32.9(4.44 %),10,330000,0,0,3529064,16.02
21/10/2015,0,0,32(-2.74 %),0,0,0,0,3529064,16.02
22/10/2015,10,330000,32.8(2.50 %),10,330000,0,0,3529054,16.02
23/10/2015,0,0,32.8(0.00 %),0,0,0,0,3529054,16.02
26/10/2015,0,0,32.5(-0.91 %),0,0,0,0,3529054,16.02
27/10/2015,0,0,32.5(0.00 %),0,0,0,0,3529054,16.02
28/10/2015,0,0,32(-1.54 %),0,0,0,0,3529054,16.02
29/10/2015,0,0,32.4(1.25 %),0,0,0,0,3529054,16.02
30/10/2015,10,350000,34.5(6.48 %),10,350000,0,0,3529044,16.02
02/11/2015,0,0,32.1(-6.96 %),0,0,0,0,3529050,16.02
03/11/2015,20,650000,33(2.80 %),20,650000,0,0,3529030,16.02
04/11/2015,10,330000,32.5(-1.52 %),10,330000,0,0,3529020,16.02
05/11/2015,0,0,32.2(-0.92 %),0,0,0,0,3529020,16.02
06/11/2015,0,0,32.2(0.00 %),0,0,0,0,3529020,16.02
09/11/2015,0,0,32.2(0.00 %),0,0,0,0,3529020,16.02
10/11/2015,0,0,32.2(0.00 %),0,0,0,0,3529020,16.02
11/11/2015,10,320000,32.4(0.62 %),10,320000,0,0,3529010,16.02
12/11/2015,10,330000,32.9(1.54 %),10,330000,0,0,3529000,16.02
13/11/2015,0,0,32(-2.74 %),0,0,0,0,3529000,16.02
16/11/2015,0,0,32(0.00 %),0,0,0,0,3529000,16.02
17/11/2015,-1970,-63220000,32.9(2.81 %),20,660000,1990,63880000,3530970,16.0
18/11/2015,0,0,32(-2.74 %),0,0,0,0,3530970,16.0
19/11/2015,0,0,32(0.00 %),0,0,0,0,3530970,16.0
20/11/2015,-330,-10490000,32(0.00 %),0,0,330,10490000,3531300,16.0
23/11/2015,0,0,32(0.00 %),0,0,0,0,3531300,16.0
24/11/2015,10,330000,33(3.12 %),10,330000,0,0,3530960,16.0
25/11/2015,0,0,33(0.00 %),0,0,0,0,3530960,16.0
26/11/2015,0,0,33(0.00 %),0,0,0,0,3531290,16.0
27/11/2015,0,0,32(-3.03 %),0,0,0,0,3531290,16.0
30/11/2015,10,330000,33(3.12 %),10,330000,0,0,3531280,16.0
01/12/2015,0,0,33(0.00 %),0,0,0,0,3531280,16.0
02/12/2015,0,0,33(0.00 %),0,0,0,0,3531280,16.0
03/12/2015,0,0,33(0.00 %),0,0,0,0,3531280,16.0
04/12/2015,0,0,33(0.00 %),0,0,0,0,3531280,16.0
07/12/2015,0,0,33(0.00 %),0,0,0,0,3531280,16.0
08/12/2015,0,0,33(0.00 %),0,0,0,0,3531280,16.0
09/12/2015,0,0,33(0.00 %),0,0,0,0,3531280,16.0
10/12/2015,0,0,33(0.00 %),0,0,0,0,3531280,16.0
11/12/2015,10,340000,33.5(1.52 %),10,340000,0,0,3531270,16.0
14/12/2015,0,0,33.5(0.00 %),0,0,0,0,3531270,16.0
15/12/2015,0,0,33.5(0.00 %),0,0,0,0,3531270,16.0
16/12/2015,30,980000,33.5(0.00 %),30,980000,0,0,3531240,16.0
17/12/2015,10,340000,34(1.49 %),10,340000,0,0,3531230,16.0
18/12/2015,0,0,34(0.00 %),0,0,0,0,3531230,16.0
21/12/2015,0,0,32.5(-4.41 %),0,0,0,0,3531230,16.0
22/12/2015,0,0,32(-1.54 %),0,0,0,0,3531230,16.0
23/12/2015,1010,31340000,31(-3.12 %),1010,31340000,0,0,3530220,16.01
24/12/2015,10,330000,32.5(4.84 %),10,330000,0,0,3530210,16.01
25/12/2015,0,0,32.5(0.00 %),0,0,0,0,3530210,16.01
28/12/2015,0,0,32.5(0.00 %),0,0,0,0,3530210,16.01
29/12/2015,0,0,32.5(0.00 %),0,0,0,0,3530210,16.01
30/12/2015,0,0,32.5(0.00 %),0,0,0,0,3530210,16.01
31/12/2015,0,0,32.5(0.00 %),0,0,0,0,3530210,16.01
04/01/2016,0,0,32.5(0.00 %),0,0,0,0,3530210,16.01
05/01/2016,10,340000,33.5(3.08 %),10,340000,0,0,3530200,16.01
06/01/2016,0,0,33.5(0.00 %),0,0,0,0,3530200,16.01
07/01/2016,0,0,33.5(0.00 %),0,0,0,0,3530200,16.01
08/01/2016,0,0,33.5(0.00 %),0,0,0,0,3530200,16.01
11/01/2016,0,0,33.5(0.00 %),0,0,0,0,3530200,16.01
12/01/2016,-500,-16000000,32(-4.48 %),0,0,500,16000000,3530200,16.01
13/01/2016,-510,-16410000,33.9(5.94 %),0,0,510,16410000,3530200,16.01
14/01/2016,0,0,33.9(0.00 %),0,0,0,0,3530200,16.01
15/01/2016,0,0,33.1(-2.36 %),0,0,0,0,3530700,16.0
18/01/2016,0,0,32.5(-1.81 %),0,0,0,0,3531210,16.0
19/01/2016,20,650000,32.5(3.17 %),20,650000,0,0,3531190,16.0
20/01/2016,0,0,32.5(0.00 %),0,0,0,0,3531190,16.0
21/01/2016,0,0,30.6(-5.85 %),0,0,0,0,3531190,16.0
22/01/2016,10,330000,32.7(6.86 %),10,330000,0,0,3531180,16.0
25/01/2016,10,340000,33(0.92 %),10,340000,0,0,3531170,16.0
26/01/2016,0,0,33(0.00 %),0,0,0,0,3531170,16.0
27/01/2016,0,0,33(0.00 %),0,0,0,0,3531170,16.0
28/01/2016,0,0,33(0.00 %),0,0,0,0,3531170,16.0
29/01/2016,0,0,32.5(-1.52 %),0,0,0,0,3531170,16.0
01/02/2016,0,0,32(-1.54 %),0,0,0,0,3531170,16.0
02/02/2016,0,0,31(-3.12 %),0,0,0,0,3531170,16.0
03/02/2016,0,0,31.5(1.61 %),0,0,0,0,3531170,16.0
04/02/2016,0,0,31.5(0.00 %),0,0,0,0,3531170,16.0
05/02/2016,-10,-320000,32(1.59 %),0,0,10,320000,3531170,16.0
15/02/2016,0,0,32(0.00 %),0,0,0,0,3531170,16.0
16/02/2016,-790,-25260000,34.2(6.88 %),10,340000,800,25600000,3531160,16.0
17/02/2016,0,0,32.5(-4.97 %),0,0,0,0,3531170,16.0
18/02/2016,0,0,32(-1.54 %),0,0,0,0,3531170,16.0
19/02/2016,10,330000,32.8(2.50 %),10,330000,0,0,3531960,15.99
22/02/2016,0,0,32.5(-0.91 %),0,0,0,0,3531960,15.99
23/02/2016,0,0,32(-1.54 %),0,0,0,0,3531960,15.99
24/02/2016,0,0,32(0.00 %),0,0,0,0,3531960,15.99
25/02/2016,0,0,32(0.00 %),0,0,0,0,3531960,15.99
26/02/2016,0,0,32.1(0.31 %),0,0,0,0,3531960,15.99
29/02/2016,0,0,32.1(0.00 %),0,0,0,0,3531960,15.99
01/03/2016,0,0,31.8(-0.93 %),0,0,0,0,3531960,15.99
02/03/2016,-80,-2580000,31.5(-0.94 %),0,0,80,2580000,3531960,15.99
03/03/2016,0,0,31.5(0.00 %),0,0,0,0,3531960,15.99
04/03/2016,0,0,31.5(0.00 %),0,0,0,0,3531960,15.99
07/03/2016,10,330000,32.5(3.17 %),10,330000,0,0,3532030,15.99
08/03/2016,0,0,31.6(-2.77 %),0,0,0,0,3532030,15.99
09/03/2016,0,0,31.6(0.00 %),0,0,0,0,3532030,15.99
10/03/2016,0,0,33(4.43 %),0,0,0,0,3532030,15.99
11/03/2016,0,0,33.5(1.52 %),0,0,0,0,3532030,15.99
14/03/2016,10,340000,31.9(-4.78 %),10,340000,0,0,3532020,15.99
15/03/2016,10,330000,32.5(1.88 %),10,330000,0,0,3532010,15.99
16/03/2016,0,0,31(-4.62 %),0,0,0,0,3532010,15.99
17/03/2016,0,0,32.1(3.55 %),0,0,0,0,3532010,15.99
18/03/2016,0,0,32.1(0.00 %),0,0,0,0,3532010,15.99
21/03/2016,0,0,32(-0.31 %),0,0,0,0,3532010,15.99
22/03/2016,0,0,32(0.00 %),0,0,0,0,3532010,15.99
23/03/2016,0,0,33(3.12 %),0,0,0,0,3532010,15.99
24/03/2016,0,0,31.7(-3.94 %),0,0,0,0,3532010,15.99
25/03/2016,-100,-3170000,31.7(0.00 %),0,0,100,3170000,3532010,15.99
28/03/2016,0,0,31.1(-1.89 %),0,0,0,0,3532010,15.99
29/03/2016,10,320000,31.7(1.93 %),10,320000,0,0,3532000,15.99
30/03/2016,0,0,31.7(0.00 %),0,0,0,0,3532100,15.99
31/03/2016,0,0,31.7(0.00 %),0,0,0,0,3532100,15.99
01/04/2016,0,0,31.5(-0.63 %),0,0,0,0,3532100,15.99
04/04/2016,0,0,31.5(0.00 %),0,0,0,0,3532100,15.99
05/04/2016,0,0,31.7(0.63 %),0,0,0,0,3532100,15.99
06/04/2016,0,0,31.7(0.00 %),0,0,0,0,3532100,15.99
07/04/2016,70,2300000,32.9(3.79 %),70,2300000,0,0,3532030,15.99
08/04/2016,0,0,32.9(0.00 %),0,0,0,0,3532030,15.99
11/04/2016,0,0,32.9(0.00 %),0,0,0,0,3532030,15.99
12/04/2016,0,0,32.5(-1.22 %),0,0,0,0,3532030,15.99
13/04/2016,-80,-2630000,32.9(1.23 %),0,0,80,2630000,3532030,15.99
14/04/2016,0,0,32(-2.74 %),0,0,0,0,3532030,15.99
15/04/2016,10,330000,33(3.12 %),10,330000,0,0,3532020,15.99
19/04/2016,0,0,33(0.00 %),0,0,0,0,3532100,15.99
20/04/2016,0,0,31(-6.06 %),0,0,0,0,3532100,15.99
21/04/2016,10,330000,33.1(6.77 %),10,330000,0,0,3532090,15.99
22/04/2016,0,0,33(-0.30 %),0,0,0,0,3532090,15.99
25/04/2016,10,340000,34(3.03 %),10,340000,0,0,3532080,15.99
26/04/2016,0,0,32.6(-4.12 %),0,0,0,0,3532080,15.99
27/04/2016,0,0,32.9(0.92 %),0,0,0,0,3532080,15.99
28/04/2016,0,0,33(0.30 %),0,0,0,0,3532080,15.99
29/04/2016,10,350000,33(0.00 %),10,350000,0,0,3532070,15.99
04/05/2016,0,0,33.5(1.52 %),0,0,0,0,3532070,15.99
05/05/2016,10,340000,33.9(1.19 %),10,340000,0,0,3532060,15.99
06/05/2016,10,350000,34.5(1.77 %),10,350000,0,0,3532050,15.99
09/05/2016,0,0,33.8(-2.03 %),0,0,0,0,3532050,15.99
10/05/2016,0,0,33(-2.37 %),0,0,0,0,3532050,15.99
11/05/2016,0,0,34(3.03 %),0,0,0,0,3532050,15.99
12/05/2016,0,0,34.5(1.47 %),0,0,0,0,3532050,15.99
13/05/2016,0,0,34(-1.45 %),0,0,0,0,3532050,15.99
16/05/2016,10,360000,33.5(-1.47 %),10,360000,0,0,3532040,15.99
17/05/2016,10,350000,34.5(2.99 %),10,350000,0,0,3532030,15.99
18/05/2016,0,0,33.5(-2.90 %),0,0,0,0,3532030,15.99
19/05/2016,0,0,33(-1.49 %),0,0,0,0,3532030,15.99
20/05/2016,600,18580000,30.8(-6.67 %),600,18580000,0,0,3531430,16.0
23/05/2016,0,0,32.3(4.87 %),0,0,0,0,3531430,16.0
24/05/2016,0,0,30.6(-5.26 %),0,0,0,0,3531430,16.0
25/05/2016,10,320000,31.7(3.59 %),10,320000,0,0,3531420,16.0
26/05/2016,0,0,31(-2.21 %),0,0,0,0,3531420,16.0
27/05/2016,0,0,32(3.23 %),0,0,0,0,3531420,16.0
30/05/2016,0,0,32(0.00 %),0,0,0,0,3531420,16.0
31/05/2016,20,620000,31(-3.12 %),20,620000,0,0,3531400,16.0
01/06/2016,0,0,31.4(1.29 %),0,0,0,0,3531400,16.0
02/06/2016,0,0,31.6(0.64 %),0,0,0,0,3531400,16.0
03/06/2016,2390,77700000,32.5(2.85 %),2500,81250000,110,3550000,3528900,16.02
06/06/2016,0,0,34(4.62 %),0,0,0,0,3528900,16.02
07/06/2016,0,0,33.3(-2.06 %),0,0,0,0,3528900,16.02
08/06/2016,0,0,32(-3.90 %),0,0,0,0,3529010,16.02
09/06/2016,-800,-26620000,32.6(1.88 %),110,3590000,910,30210000,3528900,16.02
10/06/2016,-900,-29880000,33.2(1.84 %),0,0,900,29880000,3528900,16.02
13/06/2016,-190,-6460000,34.1(2.71 %),0,0,190,6460000,3528900,16.02
14/06/2016,-500,-17010000,34.5(1.17 %),0,0,500,17010000,3529810,16.01
15/06/2016,0,0,34(-1.45 %),0,0,0,0,3530710,16.0
16/06/2016,10,340000,34(0.00 %),10,340000,0,0,3530890,16.0
17/06/2016,0,0,33.1(-2.65 %),0,0,0,0,3531390,16.0
20/06/2016,10,340000,34.1(3.02 %),10,340000,0,0,3531380,16.0
21/06/2016,0,0,33.5(-1.76 %),0,0,0,0,3531380,16.0
22/06/2016,0,0,33.6(0.30 %),0,0,0,0,3531380,16.0
23/06/2016,-30,-1020000,32.8(-2.38 %),0,0,30,1020000,3531380,16.0
24/06/2016,0,0,32(-2.44 %),0,0,0,0,3531380,16.0
27/06/2016,0,0,32.3(0.94 %),0,0,0,0,3531380,16.0
28/06/2016,0,0,32.5(0.62 %),0,0,0,0,3531410,16.0
29/06/2016,10,340000,33.2(2.15 %),10,340000,0,0,3531400,16.0
30/06/2016,0,0,34(2.41 %),0,0,0,0,3531400,16.0
01/07/2016,0,0,34(0.00 %),0,0,0,0,3531400,16.0
04/07/2016,0,0,36.3(6.76 %),0,0,0,0,3531400,16.0
05/07/2016,0,0,38.8(6.89 %),0,0,0,0,3531400,16.0
06/07/2016,-700,-28780000,41.5(6.96 %),0,0,700,28780000,3531400,16.0
07/07/2016,0,0,42(1.20 %),0,0,0,0,3531400,16.0
08/07/2016,0,0,39.5(-5.95 %),0,0,0,0,3531400,16.0
11/07/2016,0,0,39.5(0.00 %),0,0,0,0,3531400,16.0
12/07/2016,0,0,40(1.27 %),0,0,0,0,3532100,15.99
13/07/2016,0,0,39.2(-2.00 %),0,0,0,0,3532100,15.99
14/07/2016,0,0,39(-0.51 %),0,0,0,0,3532100,15.99
15/07/2016,0,0,39.4(1.03 %),0,0,0,0,3532100,15.99
18/07/2016,0,0,42.1(6.85 %),0,0,0,0,3532100,15.99
19/07/2016,0,0,42.1(0.00 %),0,0,0,0,3532100,15.99
20/07/2016,0,0,42(-0.24 %),0,0,0,0,3532100,15.99
21/07/2016,0,0,40(-4.76 %),0,0,0,0,3532100,15.99
22/07/2016,0,0,39.5(-1.25 %),0,0,0,0,3532100,15.99
25/07/2016,0,0,41(3.80 %),0,0,0,0,3532100,15.99
26/07/2016,0,0,41.7(1.71 %),0,0,0,0,3532100,15.99
27/07/2016,0,0,40(-4.08 %),0,0,0,0,3532100,15.99
28/07/2016,0,0,42.6(6.50 %),0,0,0,0,3532100,15.99
29/07/2016,7000,297500000,42.3(-0.70 %),7000,297500000,0,0,3525100,16.06
01/08/2016,0,0,41(-3.07 %),0,0,0,0,3525100,16.06
02/08/2016,0,0,40.9(-0.24 %),0,0,0,0,3525100,16.06
03/08/2016,0,0,42.5(3.91 %),0,0,0,0,3525100,16.06
04/08/2016,0,0,42.6(0.24 %),0,0,0,0,3525100,16.06
05/08/2016,0,0,42(-1.41 %),0,0,0,0,3525100,16.06
08/08/2016,0,0,42.5(1.19 %),0,0,0,0,3525100,16.06
09/08/2016,0,0,42.5(0.00 %),0,0,0,0,3525100,16.06
10/08/2016,0,0,44.9(5.65 %),0,0,0,0,3525100,16.06
11/08/2016,0,0,46.6(3.79 %),0,0,0,0,3525100,16.06
12/08/2016,-8250,-375440000,45(-3.43 %),0,0,8250,375440000,3525100,16.06
15/08/2016,-13150,-591450000,44.8(-0.44 %),6480,291600000,19630,883050000,3518620,16.12
16/08/2016,-17520,-782340000,44.8(0.00 %),0,0,17520,782340000,3518620,16.12
17/08/2016,-102620,-4719010000,46(2.68 %),0,0,102620,4719010000,3526870,16.04
18/08/2016,-32120,-1477520000,46(0.00 %),0,0,32120,1477520000,3546500,15.86
19/08/2016,-9150,-412340000,44.6(-3.04 %),0,0,9150,412340000,3564020,15.69
22/08/2016,-33220,-1431090000,42.4(-4.93 %),0,0,33220,1431090000,3666640,14.73
23/08/2016,-6540,-276840000,41.6(-1.89 %),0,0,6540,276840000,3698760,14.43
24/08/2016,-19890,-835980000,41.7(0.24 %),5000,211100000,24890,1047080000,3702910,14.39
25/08/2016,-17930,-747860000,42(0.72 %),0,0,17930,747860000,3736130,14.08
26/08/2016,-19680,-834700000,42.6(1.43 %),0,0,19680,834700000,3742670,14.02
29/08/2016,-17400,-731240000,41.8(-1.88 %),0,0,17400,731240000,3767560,13.79
30/08/2016,-15390,-644690000,41.8(0.00 %),0,0,15390,644690000,3785490,13.62
31/08/2016,-26000,-1094900000,42.5(1.67 %),0,0,26000,1094900000,3805170,13.44
01/09/2016,-22260,-939260000,42.3(-0.47 %),10,420000,22270,939680000,3822560,13.28
05/09/2016,-28850,-1220470000,42.5(0.47 %),100,4250000,28950,1224720000,3837850,13.13
06/09/2016,-27880,-1227280000,43.8(3.06 %),0,0,27880,1227280000,3863850,12.89
07/09/2016,-20000,-868400000,43.7(-0.23 %),0,0,20000,868400000,3886120,12.68
08/09/2016,-37060,-1653410000,45.1(3.20 %),0,0,37060,1653410000,3915070,12.41
09/09/2016,-14420,-642270000,44.5(-1.33 %),0,0,14420,642270000,3942950,12.15
12/09/2016,-4630,-200840000,43(-3.37 %),0,0,4630,200840000,3962950,11.96
13/09/2016,0,0,43.2(0.47 %),0,0,0,0,4000010,11.62
14/09/2016,0,0,43.3(0.23 %),0,0,0,0,4014430,11.48
15/09/2016,-2510,-108690000,43(-0.69 %),0,0,2510,108690000,4019060,11.44
16/09/2016,0,0,43(0.00 %),0,0,0,0,4019060,11.44
19/09/2016,-1010,-42930000,42.5(1.19 %),0,0,1010,42930000,4019060,11.44
20/09/2016,-3300,-138850000,42.4(-0.24 %),0,0,3300,138850000,4021570,11.42
21/09/2016,-17580,-745190000,42.2(-0.47 %),2420,103110000,20000,848300000,4019150,11.44
22/09/2016,-30000,-1272390000,43(1.90 %),0,0,30000,1272390000,4020160,11.43
23/09/2016,-15010,-648930000,43(0.00 %),0,0,15010,648930000,4023460,11.4
26/09/2016,-22120,-959590000,43.2(0.47 %),4060,175570000,26180,1135160000,4039400,11.25
27/09/2016,-14420,-623750000,43.3(0.23 %),5720,247100000,20140,870850000,4063680,11.02
28/09/2016,490,22690000,46.3(6.93 %),490,22690000,0,0,4078200,10.89
29/09/2016,-17780,-851080000,47.2(1.94 %),0,0,17780,851080000,4104380,10.64
30/09/2016,-13000,-614510000,47.2(0.00 %),100,4670000,13100,619180000,4124420,10.45
03/10/2016,-19570,-950980000,48.2(2.12 %),0,0,19570,950980000,4124420,10.45
04/10/2016,-9820,-475660000,46.7(-3.11 %),0,0,9820,475660000,4142200,10.29
05/10/2016,-15330,-718680000,46.8(0.21 %),0,0,15330,718680000,4155300,10.17
06/10/2016,-9000,-420000000,46(-1.71 %),0,0,9000,420000000,4174870,9.98
07/10/2016,0,0,45(-2.17 %),0,0,0,0,4184690,9.89
10/10/2016,8980,403660000,44.8(-0.44 %),14000,630600000,5020,226940000,4186020,9.88
11/10/2016,-17290,-794340000,46(2.68 %),10000,450000000,27290,1244340000,4185020,9.89
12/10/2016,-16000,-754100000,47.3(2.83 %),0,0,16000,754100000,4185020,9.89
13/10/2016,-14000,-663950000,47.3(0.00 %),2000,94600000,16000,758550000,4188040,9.86
14/10/2016,3000,141900000,47.6(0.63 %),3000,141900000,0,0,4212330,9.63
17/10/2016,-8000,-379200000,47.4(-0.42 %),0,0,8000,379200000,4228330,9.48
18/10/2016,-11000,-522000000,47.5(0.21 %),0,0,11000,522000000,4244330,9.33
19/10/2016,640,30990000,46.8(-1.47 %),2000,95000000,1360,64010000,4242330,9.35
20/10/2016,5000,233700000,46(-1.71 %),5000,233700000,0,0,4245330,9.32
21/10/2016,0,0,45(-2.17 %),0,0,0,0,4256330,9.22
24/10/2016,0,0,43.6(-3.11 %),0,0,0,0,4257690,9.21
25/10/2016,0,0,41(-5.96 %),0,0,0,0,4257690,9.21
26/10/2016,2500,105250000,41.4(0.98 %),2500,105250000,0,0,4255190,9.23
27/10/2016,0,0,42(1.45 %),0,0,0,0,4255190,9.23
28/10/2016,100,4380000,43.4(3.33 %),100,4380000,0,0,4255090,9.23
31/10/2016,1000,41410000,42.7(-1.61 %),1000,41410000,0,0,4254090,9.24
01/11/2016,0,0,41.8(-2.11 %),0,0,0,0,4254090,9.24
02/11/2016,7140,296380000,40.2(-3.83 %),7240,300460000,100,4080000,4246850,9.31
03/11/2016,6370,255190000,39(-2.99 %),6370,255190000,0,0,4240480,9.37
04/11/2016,0,0,39.3(0.77 %),0,0,0,0,4240480,9.37
07/11/2016,11630,463880000,40(1.78 %),11630,463880000,0,0,4228950,9.48
08/11/2016,-3200,-128300000,40.4(1.00 %),500,20100000,3700,148400000,4228450,9.48
09/11/2016,-50,-1980000,40(-0.99 %),0,0,50,1980000,4228450,9.48
10/11/2016,-5000,-200500000,40.1(0.25 %),0,0,5000,200500000,4228450,9.48
11/11/2016,0,0,40.2(0.25 %),0,0,0,0,4232150,9.45
14/11/2016,32410,1324590000,41.4(2.99 %),32410,1324590000,0,0,4199790,9.75
15/11/2016,7800,319800000,40.3(-2.66 %),7800,319800000,0,0,4196990,9.78
16/11/2016,100,4030000,40.3(0.00 %),100,4030000,0,0,4196890,9.78
17/11/2016,200,8060000,40.5(0.50 %),200,8060000,0,0,4196690,9.78
18/11/2016,0,0,40(-1.23 %),0,0,0,0,4196690,9.78
21/11/2016,0,0,40(0.00 %),0,0,0,0,4196690,9.78
22/11/2016,0,0,39.5(-1.25 %),0,0,0,0,4196690,9.78
23/11/2016,0,0,39.4(-0.25 %),0,0,0,0,4196690,9.78
24/11/2016,0,0,38(-3.55 %),0,0,0,0,4196690,9.78
25/11/2016,0,0,38(0.00 %),0,0,0,0,4196690,9.78
28/11/2016,0,0,38(0.00 %),0,0,0,0,4196690,9.78
29/11/2016,-1000,-38000000,38(0.00 %),0,0,1000,38000000,4196690,9.78
30/11/2016,0,0,38.1(0.26 %),0,0,0,0,4196690,9.78
01/12/2016,-13500,-514870000,39.5(3.67 %),0,0,13500,514870000,4196690,9.78
02/12/2016,16220,636930000,38.7(-2.03 %),16220,636930000,0,0,4181470,9.92
05/12/2016,28050,1097280000,39.85(2.97 %),28050,1097280000,0,0,4153420,10.18
06/12/2016,0,0,39.2(-1.63 %),0,0,0,0,4166920,10.06
07/12/2016,640,25450000,38.8(-1.02 %),640,25450000,0,0,4166280,10.06
08/12/2016,0,0,39.4(1.55 %),0,0,0,0,4166280,10.06
09/12/2016,0,0,38.8(-1.52 %),0,0,0,0,4166280,10.06
12/12/2016,0,0,37.7(-2.84 %),0,0,0,0,4166280,10.06
13/12/2016,0,0,37.8(0.27 %),0,0,0,0,4166280,10.06
14/12/2016,0,0,38(0.53 %),0,0,0,0,4166280,10.06
15/12/2016,0,0,38.4(1.05 %),0,0,0,0,4166280,10.06
16/12/2016,0,0,38.6(0.52 %),0,0,0,0,4166280,10.06
19/12/2016,0,0,37.2(-3.63 %),0,0,0,0,4166280,10.06
20/12/2016,0,0,38(2.15 %),0,0,0,0,4166280,10.06
21/12/2016,-3000,-111000000,37.1(-2.37 %),0,0,3000,111000000,4166280,10.06
22/12/2016,0,0,37(-0.27 %),0,0,0,0,4166280,10.06
23/12/2016,0,0,36.5(-1.35 %),0,0,0,0,4166280,10.06
26/12/2016,0,0,36.2(-0.82 %),0,0,0,0,4169280,10.03
27/12/2016,0,0,36.5(0.83 %),0,0,0,0,4169280,10.03
28/12/2016,0,0,36.8(0.82 %),0,0,0,0,4169280,10.03
29/12/2016,0,0,37.4(1.63 %),0,0,0,0,4169280,10.03
30/12/2016,0,0,36.3(-2.94 %),0,0,0,0,4169280,10.03
03/01/2017,0,0,36.1(-0.55 %),0,0,0,0,4169280,10.03
04/01/2017,0,0,35.5(-1.66 %),0,0,0,0,4169280,10.03
05/01/2017,-7170,-251090000,35(-1.41 %),0,0,7170,251090000,4169280,10.03
06/01/2017,-14230,-498050000,35(0.00 %),0,0,14230,498050000,4169280,10.03
09/01/2017,0,0,33.7(-3.71 %),0,0,0,0,4169280,10.03
10/01/2017,-11090,-388150000,34.8(3.26 %),0,0,11090,388150000,4176450,9.97
11/01/2017,-5420,-189120000,34.8(0.00 %),0,0,5420,189120000,4190680,9.83
12/01/2017,-4270,-148670000,34.8(0.00 %),0,0,4270,148670000,4190680,9.83
13/01/2017,-6920,-239970000,34.7(-0.29 %),0,0,6920,239970000,4201770,9.73
16/01/2017,0,0,34.5(-0.58 %),0,0,0,0,4207190,9.68
17/01/2017,-110,-3750000,34(-1.45 %),0,0,110,3750000,4211460,9.64
18/01/2017,-50,-1680000,33(-2.94 %),0,0,50,1680000,4218380,9.58
19/01/2017,0,0,32.8(-0.61 %),0,0,0,0,4218380,9.58
20/01/2017,0,0,32.5(-0.91 %),0,0,0,0,4218490,9.57
23/01/2017,200,6850000,33.1(1.85 %),400,13470000,200,6620000,4218140,9.58
24/01/2017,0,0,33.8(2.11 %),0,0,0,0,4218140,9.58
25/01/2017,0,0,33.8(0.00 %),0,0,0,0,4218140,9.58
02/02/2017,0,0,34.7(2.66 %),0,0,0,0,4218340,9.58
03/02/2017,0,0,35.7(2.88 %),0,0,0,0,4218340,9.58
06/02/2017,0,0,34.6(-3.08 %),0,0,0,0,4218340,9.58
07/02/2017,0,0,35(1.16 %),0,0,0,0,4218340,9.58
08/02/2017,0,0,35.6(1.71 %),0,0,0,0,4218340,9.58
09/02/2017,0,0,36(1.12 %),0,0,0,0,4218340,9.58
10/02/2017,10,370000,36.3(0.83 %),10,370000,0,0,4218330,9.58
13/02/2017,0,0,38(4.68 %),0,0,0,0,4218330,9.58
14/02/2017,100,3830000,38.2(0.53 %),100,3830000,0,0,4218230,9.58
15/02/2017,90,3460000,38.9(1.83 %),90,3460000,0,0,4218140,9.58
16/02/2017,0,0,38.5(-1.03 %),0,0,0,0,4218140,9.58
17/02/2017,0,0,38.9(1.04 %),0,0,0,0,4218140,9.58
20/02/2017,0,0,39.7(2.06 %),0,0,0,0,4218140,9.58
21/02/2017,0,0,39.7(0.00 %),0,0,0,0,4218140,9.58
22/02/2017,0,0,38.9(-2.02 %),0,0,0,0,4218140,9.58
23/02/2017,0,0,38.3(-1.54 %),0,0,0,0,4218140,9.58
24/02/2017,0,0,38.15(-0.39 %),0,0,0,0,4218140,9.58
27/02/2017,0,0,37.8(-0.92 %),0,0,0,0,4218140,9.58
28/02/2017,0,0,37.3(-1.32 %),0,0,0,0,4218140,9.58
01/03/2017,0,0,38(1.88 %),0,0,0,0,4218140,9.58
02/03/2017,0,0,38.5(1.32 %),0,0,0,0,4218140,9.58
03/03/2017,0,0,38.55(0.13 %),0,0,0,0,4218140,9.58
06/03/2017,0,0,38.9(0.91 %),0,0,0,0,4218140,9.58
07/03/2017,0,0,38(-2.31 %),0,0,0,0,4218140,9.58
08/03/2017,0,0,39(2.63 %),0,0,0,0,4218140,9.58
09/03/2017,0,0,41.7(6.92 %),0,0,0,0,4218140,9.58
10/03/2017,-35000,-1466060000,42(0.72 %),0,0,35000,1466060000,4218140,9.58
13/03/2017,-120,-4990000,41.8(-0.48 %),0,0,120,4990000,4218140,9.58
14/03/2017,-9800,-414140000,41.5(-0.72 %),200,8470000,10000,422610000,4217940,9.58
15/03/2017,-28770,-1228740000,43.1(3.86 %),0,0,28770,1228740000,4252940,9.25
16/03/2017,-18620,-816060000,43.8(1.62 %),0,0,18620,816060000,4253060,9.25
17/03/2017,-20000,-879000000,43(-1.83 %),0,0,20000,879000000,4253060,9.25
20/03/2017,-10,-430000,42.35(-1.51 %),0,0,10,430000,4253060,9.25
21/03/2017,0,0,42.9(1.30 %),0,0,0,0,4253060,9.25
22/03/2017,2200,92290000,42(-2.10 %),2400,100800000,200,8510000,4253060,9.25
23/03/2017,4900,205800000,41.1(-2.14 %),4900,205800000,0,0,4253060,9.25
24/03/2017,5000,205500000,41.4(0.73 %),5000,205500000,0,0,4253060,9.25
27/03/2017,0,0,42.3(2.17 %),0,0,0,0,4253060,9.25
28/03/2017,2200,92400000,42(-0.71 %),2200,92400000,0,0,4253060,9.25
29/03/2017,0,0,42.1(0.24 %),0,0,0,0,4253060,9.25
30/03/2017,60,2530000,42.5(0.95 %),60,2530000,0,0,4253060,9.25
31/03/2017,3390,143430000,42(-1.18 %),3390,143430000,0,0,4253060,9.25
03/04/2017,-11120,-468400000,42(0.00 %),5000,210000000,16120,678400000,4307710,8.74
04/04/2017,-25170,-1038280000,40.6(-3.33 %),4900,205800000,30070,1244080000,4302810,8.79
05/04/2017,-45000,-1848000000,40.8(0.49 %),0,0,45000,1848000000,4302810,8.79
07/04/2017,-11220,-457440000,40.8(0.00 %),5000,204000000,16220,661440000,4313930,8.68
10/04/2017,-20210,-825570000,40.9(0.25 %),0,0,20210,825570000,4344000,8.4
11/04/2017,0,0,42.5(3.91 %),0,0,0,0,4389000,7.98
12/04/2017,0,0,42.8(0.71 %),0,0,0,0,4405220,7.83
13/04/2017,0,0,43.5(1.64 %),0,0,0,0,4425430,7.64
14/04/2017,5300,227900000,43.5(0.00 %),5300,227900000,0,0,4420130,7.69
17/04/2017,5300,227900000,42(-3.45 %),5300,227900000,0,0,4414830,7.74
18/04/2017,140,5880000,42.5(1.19 %),140,5880000,0,0,4414690,7.74
19/04/2017,0,0,42.5(0.00 %),0,0,0,0,4414690,7.74
20/04/2017,0,0,44(3.53 %),0,0,0,0,4414690,7.74
21/04/2017,5300,227900000,42.8(-2.73 %),5300,227900000,0,0,4409390,7.79
24/04/2017,5300,222600000,41.6(-2.80 %),5300,222600000,0,0,4404090,7.84
25/04/2017,0,0,39.5(-5.05 %),0,0,0,0,4404090,7.84
26/04/2017,0,0,40.2(1.77 %),0,0,0,0,4404090,7.84
27/04/2017,500,19850000,39.95(-0.62 %),500,19850000,0,0,4403590,7.84
28/04/2017,0,0,39(-2.38 %),0,0,0,0,4403590,7.84
03/05/2017,0,0,39.4(1.03 %),0,0,0,0,4403590,7.84
04/05/2017,15510,619190000,40.3(2.28 %),15510,619190000,0,0,4388080,7.99
05/05/2017,0,0,39.7(-1.49 %),0,0,0,0,4388080,7.99
08/05/2017,0,0,39.5(-0.50 %),0,0,0,0,4388080,7.99
09/05/2017,0,0,39.55(0.13 %),0,0,0,0,4388080,7.99
10/05/2017,0,0,39.55(0.00 %),0,0,0,0,4388080,7.99
11/05/2017,0,0,39.6(0.13 %),0,0,0,0,4388080,7.99
12/05/2017,0,0,39.5(-0.25 %),0,0,0,0,4388080,7.99
15/05/2017,0,0,39(-1.27 %),0,0,0,0,4388080,7.99
16/05/2017,15300,600530000,39(0.00 %),15300,600530000,0,0,4372780,8.13
17/05/2017,0,0,39(0.00 %),0,0,0,0,4372780,8.13
18/05/2017,0,0,38.55(-1.15 %),0,0,0,0,4372780,8.13
19/05/2017,0,0,38.2(-0.91 %),0,0,0,0,4372780,8.13
22/05/2017,0,0,37.4(-2.09 %),0,0,0,0,4372780,8.13
23/05/2017,0,0,36.1(-3.48 %),0,0,0,0,4372780,8.13
24/05/2017,0,0,37.3(3.32 %),0,0,0,0,4372780,8.13
25/05/2017,0,0,36.8(2.79 %),0,0,0,0,4372780,8.13
26/05/2017,0,0,35.9(-2.45 %),0,0,0,0,4372780,8.13
29/05/2017,500,17500000,35(-2.51 %),500,17500000,0,0,4372280,8.14
30/05/2017,0,0,35.4(1.14 %),0,0,0,0,4372280,8.14
31/05/2017,0,0,35.7(0.85 %),0,0,0,0,4372280,8.14
01/06/2017,0,0,35.4(-0.84 %),0,0,0,0,4372280,8.14
02/06/2017,0,0,35.8(1.13 %),0,0,0,0,4372280,8.14
05/06/2017,0,0,35.5(-0.84 %),0,0,0,0,4372280,8.14
06/06/2017,0,0,36.8(3.66 %),0,0,0,0,4372280,8.14
07/06/2017,0,0,36.8(0.00 %),0,0,0,0,4372280,8.14
08/06/2017,1780,64690000,36.3(-1.36 %),1780,64690000,0,0,4370500,8.15
09/06/2017,0,0,36.3(0.00 %),0,0,0,0,4370500,8.15
12/06/2017,7450,270440000,35.8(-1.38 %),7450,270440000,0,0,4363050,8.22
13/06/2017,3000,108000000,36.3(1.40 %),3000,108000000,0,0,4360050,8.25
14/06/2017,0,0,36.4(0.28 %),0,0,0,0,4360050,8.25
15/06/2017,10000,370060000,37.3(2.47 %),10000,370060000,0,0,4350050,8.35
16/06/2017,3800,140840000,36.9(-1.07 %),3800,140840000,0,0,4346250,8.38
19/06/2017,6640,245680000,37.3(1.08 %),6640,245680000,0,0,4339610,8.44
20/06/2017,4000,156690000,39.8(6.70 %),4000,156690000,0,0,4335610,8.48
21/06/2017,670,26310000,39(-2.01 %),670,26310000,0,0,4334940,8.49
22/06/2017,500,19600000,39.3(0.77 %),500,19600000,0,0,4334440,8.49
23/06/2017,160,6220000,39.1(-0.51 %),160,6220000,0,0,4334280,8.49
26/06/2017,0,0,38.6(-1.28 %),0,0,0,0,4334280,8.49
27/06/2017,0,0,39(1.04 %),0,0,0,0,4333290,8.5
28/06/2017,990,38410000,38.6(-1.03 %),990,38410000,0,0,4333290,8.5
29/06/2017,1000,39300000,39.3(1.81 %),1000,39300000,0,0,4332290,8.51
30/06/2017,0,0,39.2(-0.25 %),0,0,0,0,4332290,8.51
03/07/2017,0,0,39(-0.51 %),0,0,0,0,4332290,8.51
04/07/2017,0,0,38.6(-1.03 %),0,0,0,0,4332290,8.51
05/07/2017,0,0,38.3(-0.78 %),0,0,0,0,4332290,8.51
06/07/2017,170,6550000,38.4(0.26 %),170,6550000,0,0,4332120,8.51
07/07/2017,0,0,38.2(-0.52 %),0,0,0,0,4332120,8.51
10/07/2017,0,0,38.3(0.26 %),0,0,0,0,4332120,8.51
11/07/2017,0,0,38.1(-0.52 %),0,0,0,0,4332120,8.51
12/07/2017,-1000,-39500000,39.5(3.67 %),0,0,1000,39500000,4332120,8.51
13/07/2017,0,0,39.15(-0.89 %),0,0,0,0,4332120,8.51
14/07/2017,0,0,39.15(0.00 %),0,0,0,0,4332120,8.51
17/07/2017,0,0,39(-0.38 %),0,0,0,0,4333120,8.5
18/07/2017,0,0,38.45(-1.41 %),0,0,0,0,4333120,8.5
19/07/2017,0,0,37.1(-3.51 %),0,0,0,0,4333120,8.5
20/07/2017,0,0,37(-0.27 %),0,0,0,0,4333120,8.5
21/07/2017,5000,182500000,37(0.00 %),5000,182500000,0,0,4328120,8.55
24/07/2017,6380,232870000,37(0.00 %),6380,232870000,0,0,4321740,8.61
25/07/2017,0,0,37.1(0.27 %),0,0,0,0,4321740,8.61
26/07/2017,0,0,37.2(0.27 %),0,0,0,0,4321740,8.61
27/07/2017,0,0,36.9(-0.81 %),0,0,0,0,4321740,8.61
28/07/2017,0,0,36.85(-0.14 %),0,0,0,0,4321740,8.61
31/07/2017,0,0,37.6(2.04 %),0,0,0,0,4321740,8.61
01/08/2017,0,0,37.2(-1.06 %),0,0,0,0,4321740,8.61
02/08/2017,0,0,37.2(0.00 %),0,0,0,0,4321740,8.61
03/08/2017,0,0,37.4(0.54 %),0,0,0,0,4321740,8.61
04/08/2017,0,0,37.5(0.27 %),0,0,0,0,4321740,8.61
07/08/2017,0,0,37.6(0.27 %),0,0,0,0,4321740,8.61
08/08/2017,0,0,37.6(0.00 %),0,0,0,0,4321740,8.61
09/08/2017,0,0,37.4(-0.53 %),0,0,0,0,4321740,8.61
10/08/2017,0,0,37.5(0.27 %),0,0,0,0,4321740,8.61
11/08/2017,0,0,37.4(-0.27 %),0,0,0,0,4321740,8.61
14/08/2017,0,0,37.4(0.00 %),0,0,0,0,4321740,8.61
15/08/2017,0,0,37.4(0.00 %),0,0,0,0,4321740,8.61
16/08/2017,0,0,38.1(1.87 %),0,0,0,0,4321740,8.61
17/08/2017,0,0,37.75(-0.92 %),0,0,0,0,4321740,8.61
18/08/2017,0,0,38(0.66 %),0,0,0,0,4321740,8.61
21/08/2017,0,0,38(0.00 %),0,0,0,0,4321740,8.61
22/08/2017,0,0,37.6(-1.05 %),0,0,0,0,4321740,8.61
23/08/2017,0,0,37.7(0.27 %),0,0,0,0,4321740,8.61
24/08/2017,0,0,37.9(0.53 %),0,0,0,0,4321740,8.61
25/08/2017,0,0,37.9(0.00 %),0,0,0,0,4321740,8.61
28/08/2017,0,0,37.2(-1.85 %),0,0,0,0,4321740,8.61
29/08/2017,0,0,37.4(0.54 %),0,0,0,0,4321740,8.61
30/08/2017,0,0,39(4.28 %),0,0,0,0,4321740,8.61
31/08/2017,-6010,-249530000,41.4(6.15 %),0,0,6010,249530000,4321740,8.61
01/09/2017,-1740,-69650000,40(-3.38 %),0,0,1740,69650000,4321740,8.61
05/09/2017,0,0,42.6(6.50 %),0,0,0,0,4321740,8.61
06/09/2017,-1000,-42000000,44.85(5.28 %),0,0,1000,42000000,4327750,8.55
07/09/2017,0,0,47.5(5.91 %),0,0,0,0,4329490,8.54
08/09/2017,-13340,-648280000,46(-3.16 %),0,0,13340,648280000,4329490,8.54
11/09/2017,0,0,44.4(-3.48 %),0,0,0,0,4330490,8.53
12/09/2017,0,0,46.2(4.05 %),0,0,0,0,4330490,8.53
13/09/2017,0,0,45.9(-0.65 %),0,0,0,0,4343830,8.4
14/09/2017,0,0,45.8(-0.22 %),0,0,0,0,4343830,8.4
15/09/2017,0,0,47.8(4.37 %),0,0,0,0,4343830,8.4
18/09/2017,370,17480000,49.4(3.35 %),380,17970000,10,490000,4343450,8.41
19/09/2017,10,490000,48.6(-1.62 %),10,490000,0,0,4343440,8.41
20/09/2017,0,0,49(0.82 %),0,0,0,0,4343440,8.41
21/09/2017,0,0,47.5(-3.06 %),0,0,0,0,4343450,8.41
22/09/2017,-160,-7600000,48.2(1.47 %),0,0,160,7600000,4343450,8.41
25/09/2017,0,0,50(3.73 %),0,0,0,0,4343450,8.41
26/09/2017,-8000,-409110000,52.7(5.40 %),10,510000,8010,409620000,4343440,8.41
27/09/2017,0,0,56.3(6.83 %),0,0,0,0,4343600,8.41
28/09/2017,-100,-5400000,54(-4.09 %),0,0,100,5400000,4343600,8.41
29/09/2017,0,0,54(0.00 %),0,0,0,0,4351610,8.33
02/10/2017,130,6760000,51.9(-3.89 %),130,6760000,0,0,4351480,8.33
03/10/2017,11800,607850000,54.4(4.82 %),11800,607850000,0,0,4339780,8.44
04/10/2017,120,6240000,56.9(4.60 %),120,6240000,0,0,4339660,8.44
05/10/2017,0,0,56.3(-1.05 %),0,0,0,0,4339660,8.44
06/10/2017,0,0,58.5(3.91 %),0,0,0,0,4339660,8.44
09/10/2017,380,21260000,56.5(-3.42 %),500,28000000,120,6740000,4339160,8.45
10/10/2017,15260,815120000,53.6(-5.13 %),15260,815120000,0,0,4323900,8.59
11/10/2017,0,0,49.9(-6.90 %),0,0,0,0,4323900,8.59
12/10/2017,0,0,49.35(-1.10 %),0,0,0,0,4324020,8.59
13/10/2017,0,0,52.8(6.99 %),0,0,0,0,4324020,8.59
16/10/2017,0,0,52.9(0.19 %),0,0,0,0,4324020,8.59
17/10/2017,0,0,54.9(3.78 %),0,0,0,0,4324020,8.59
18/10/2017,-700,-37910000,53.5(-2.55 %),0,0,700,37910000,4324020,8.59
19/10/2017,100,5200000,53.5(0.00 %),100,5200000,0,0,4323920,8.59
20/10/2017,100,5200000,53.1(-0.75 %),100,5200000,0,0,4323820,8.59
23/10/2017,37460,1990910000,52.5(-1.13 %),37460,1990910000,0,0,4287060,8.93
24/10/2017,0,0,55(4.76 %),0,0,0,0,4287060,8.93
25/10/2017,-300,-16490000,55.9(1.64 %),0,0,300,16490000,4287060,8.93
26/10/2017,-2200,-125400000,57(1.97 %),0,0,2200,125400000,4287060,8.93
27/10/2017,-10200,-587050000,56.5(-0.88 %),0,0,10200,587050000,4287060,8.93
30/10/2017,300,16290000,55.9(-1.06 %),300,16290000,0,0,4287060,8.93
31/10/2017,0,0,56.4(0.89 %),0,0,0,0,4289260,8.91
01/11/2017,0,0,56(-0.71 %),0,0,0,0,4299460,8.82
02/11/2017,0,0,55.5(-0.89 %),0,0,0,0,4299460,8.82
03/11/2017,2960,161060000,57(2.70 %),9960,554760000,7000,393700000,4289500,8.91
06/11/2017,-300,-15700000,59.5(4.39 %),1000,59000000,1300,74700000,4288500,8.92
07/11/2017,4000,249900000,63(5.88 %),4000,249900000,0,0,4284500,8.96
08/11/2017,1500,93250000,62(-1.59 %),1500,93250000,0,0,4290000,8.91
09/11/2017,0,0,61.4(-0.97 %),0,0,0,0,4291300,8.89
10/11/2017,500,30000000,62(0.98 %),500,30000000,0,0,4290800,8.9
13/11/2017,440,26550000,61.8(-0.32 %),440,26550000,0,0,4290360,8.9
14/11/2017,630,38300000,61.2(-0.97 %),630,38300000,0,0,4289730,8.91
15/11/2017,1500,90500000,61.5(0.49 %),1500,90500000,0,0,4288230,8.92
16/11/2017,500,30000000,61(-0.81 %),500,30000000,0,0,4287730,8.93
17/11/2017,1600,96600000,61.4(0.66 %),1600,96600000,0,0,4286130,8.94
20/11/2017,14270,877050000,61.6(0.33 %),14970,918900000,700,41850000,4271160,9.08
21/11/2017,5000,304840000,61.5(-0.16 %),5000,304840000,0,0,4266160,9.13
22/11/2017,-300,-19350000,64.5(4.88 %),0,0,300,19350000,4266160,9.13
23/11/2017,500,32500000,66.9(3.72 %),500,32500000,0,0,4266360,9.13
24/11/2017,0,0,63.5(-5.08 %),0,0,0,0,4266360,9.13
27/11/2017,14950,944840000,63.4(-0.16 %),14950,944840000,0,0,4251710,9.26
28/11/2017,50,3160000,63.8(0.63 %),50,3160000,0,0,4251660,9.26
29/11/2017,0,0,66(3.45 %),0,0,0,0,4251660,9.26
30/11/2017,-1400,-93600000,69.8(5.76 %),0,0,1400,93600000,4251660,9.26
01/12/2017,-100,-7090000,70.5(1.00 %),0,0,100,7090000,4251660,9.26
04/12/2017,0,0,71(0.71 %),0,0,0,0,4251660,9.26
05/12/2017,0,0,70.5(-0.70 %),0,0,0,0,4253060,9.25
06/12/2017,0,0,70.2(-0.43 %),0,0,0,0,4253160,9.25
07/12/2017,3870,267530000,70(-0.28 %),3870,267530000,0,0,4249290,9.29
08/12/2017,0,0,70(0.00 %),0,0,0,0,4249290,9.29
11/12/2017,0,0,69(-1.43 %),0,0,0,0,4249290,9.29
12/12/2017,0,0,68.9(-0.14 %),0,0,0,0,4249290,9.29
13/12/2017,0,0,66.3(-3.77 %),0,0,0,0,4249290,9.29
14/12/2017,0,0,64.5(-2.71 %),0,0,0,0,4249290,9.29
15/12/2017,2000,130000000,68(5.43 %),2000,130000000,0,0,4247290,9.31
18/12/2017,0,0,67.8(-0.29 %),0,0,0,0,4247290,9.31
19/12/2017,0,0,66(-2.65 %),0,0,0,0,4247290,9.31
20/12/2017,0,0,65(-1.52 %),0,0,0,0,4247290,9.31
21/12/2017,0,0,65(0.00 %),0,0,0,0,4247290,9.31
22/12/2017,-220,-14300000,65(0.00 %),0,0,220,14300000,4247290,9.31
25/12/2017,0,0,64(-1.54 %),0,0,0,0,4247290,9.31
26/12/2017,0,0,64.9(1.41 %),0,0,0,0,4247290,9.31
27/12/2017,0,0,64(-1.39 %),0,0,0,0,4247510,9.3
28/12/2017,0,0,64(0.00 %),0,0,0,0,4247510,9.3
29/12/2017,0,0,64(0.00 %),0,0,0,0,4247510,9.3
02/01/2018,0,0,63.5(-0.78 %),0,0,0,0,4247510,9.3
03/01/2018,-110,-7150000,65(2.36 %),0,0,110,7150000,4247510,9.3
04/01/2018,-200,-12960000,64.5(-0.77 %),0,0,200,12960000,4247510,9.3
05/01/2018,-3000,-192300000,64.1(-0.62 %),0,0,3000,192300000,4247510,9.3
08/01/2018,26440,1698680000,64.5(0.62 %),33710,2161730000,7270,463050000,4213910,9.62
09/01/2018,0,0,64(-0.78 %),0,0,0,0,4214110,9.62
10/01/2018,-1730,-110720000,64(0.00 %),0,0,1730,110720000,4217110,9.59
11/01/2018,0,0,64.8(1.25 %),0,0,0,0,4224380,9.52
12/01/2018,0,0,61(-5.86 %),0,0,0,0,4224380,9.52
15/01/2018,-100,-6500000,64.9(6.39 %),0,0,100,6500000,4226110,9.5
16/01/2018,-4300,-278360000,64.9(0.00 %),0,0,4300,278360000,4226110,9.5
17/01/2018,-12020,-781300000,64.9(0.00 %),0,0,12020,781300000,4226110,9.5
18/01/2018,0,0,67(3.24 %),0,0,0,0,4226210,9.5
19/01/2018,-2000,-136000000,68.6(2.39 %),0,0,2000,136000000,4230510,9.46
22/01/2018,0,0,69(0.58 %),0,0,0,0,4242530,9.35
25/01/2018,21840,1503880000,70(1.45 %),22490,1548080000,650,44200000,4222040,9.54
26/01/2018,0,0,69(-1.43 %),0,0,0,0,4222040,9.54
29/01/2018,-3000,-206400000,68(-1.45 %),100,6880000,3100,213280000,4221940,9.54
30/01/2018,-4100,-278800000,68(0.00 %),0,0,4100,278800000,4222590,9.54
31/01/2018,0,0,68.1(0.15 %),0,0,0,0,4222590,9.54
01/02/2018,0,0,68.1(0.00 %),0,0,0,0,4225690,9.51
02/02/2018,0,0,68.8(1.03 %),0,0,0,0,4229790,9.47
05/02/2018,0,0,68.9(0.15 %),0,0,0,0,4229790,9.47
06/02/2018,-3700,-246310000,66.5(-3.48 %),100,6770000,3800,253080000,4229690,9.47
07/02/2018,0,0,70.3(5.71 %),0,0,0,0,4229690,9.47
08/02/2018,0,0,69.8(-0.71 %),0,0,0,0,4229690,9.47
09/02/2018,0,0,69.9(0.14 %),0,0,0,0,4233490,9.43
12/02/2018,0,0,69.6(-0.43 %),0,0,0,0,4233490,9.43
13/02/2018,0,0,71(2.01 %),0,0,0,0,4233490,9.43
21/02/2018,0,0,69(-2.82 %),0,0,0,0,4233490,9.43
22/02/2018,0,0,69.5(0.72 %),0,0,0,0,4233490,9.43
23/02/2018,0,0,69(-0.72 %),0,0,0,0,4233490,9.43
26/02/2018,0,0,69.5(0.72 %),0,0,0,0,4233490,9.43
27/02/2018,0,0,68.5(-1.44 %),0,0,0,0,4233490,9.43
28/02/2018,0,0,68.5(0.00 %),0,0,0,0,4233490,9.43
01/03/2018,0,0,68.8(0.44 %),0,0,0,0,4233490,9.43
02/03/2018,0,0,68(-1.16 %),0,0,0,0,4233490,9.43
05/03/2018,0,0,67.5(-0.74 %),0,0,0,0,4233490,9.43
06/03/2018,0,0,62.8(-6.96 %),0,0,0,0,4233490,9.43
07/03/2018,0,0,67(6.69 %),0,0,0,0,4233490,9.43
08/03/2018,0,0,69(2.99 %),0,0,0,0,4233490,9.43
09/03/2018,0,0,67.6(-2.03 %),0,0,0,0,4233490,9.43
12/03/2018,0,0,68.4(1.18 %),0,0,0,0,4233490,9.43
13/03/2018,0,0,69.1(1.02 %),0,0,0,0,4233490,9.43
14/03/2018,0,0,68.7(-0.58 %),0,0,0,0,4233490,9.43
15/03/2018,0,0,67.5(-1.75 %),0,0,0,0,4233490,9.43
16/03/2018,0,0,68.9(2.07 %),0,0,0,0,4233490,9.43
19/03/2018,0,0,69.1(0.29 %),0,0,0,0,4233490,9.43
20/03/2018,0,0,69(-0.14 %),0,0,0,0,4233490,9.43
21/03/2018,0,0,69.8(1.16 %),0,0,0,0,4233490,9.43
22/03/2018,0,0,70(0.29 %),0,0,0,0,4233490,9.43
23/03/2018,0,0,74(5.71 %),0,0,0,0,4233490,9.43
26/03/2018,0,0,73(-1.35 %),0,0,0,0,4233490,9.43
27/03/2018,-100,-7400000,73.4(0.55 %),0,0,100,7400000,4233490,9.43
28/03/2018,3000,217500000,73.8(0.54 %),3000,217500000,0,0,4230490,9.46
29/03/2018,0,0,74.9(1.49 %),0,0,0,0,4230490,9.46
30/03/2018,8000,618600000,77.8(3.87 %),8000,618600000,0,0,4222590,9.54
02/04/2018,2000,155400000,77.8(0.00 %),2000,155400000,0,0,4220590,9.56
03/04/2018,480,37410000,77.7(-0.13 %),1480,115000000,1000,77590000,4219110,9.57
04/04/2018,-1080,-80790000,77(-0.90 %),4000,309980000,5080,390770000,4215110,9.61
05/04/2018,-10,-780000,76.1(-1.17 %),0,0,10,780000,4215110,9.61
06/04/2018,0,0,81(6.44 %),0,0,0,0,4216110,9.6
09/04/2018,-7070,-561530000,81.8(0.99 %),50,4000000,7120,565530000,4221140,9.55
10/04/2018,-1460,-118490000,81.8(0.00 %),2000,159800000,3460,278290000,4219150,9.57
11/04/2018,0,0,79.5(-2.81 %),0,0,0,0,4219150,9.57
12/04/2018,0,0,78.5(-1.26 %),0,0,0,0,4226270,9.5
13/04/2018,-500,-39250000,79.3(1.02 %),0,0,500,39250000,4229730,9.47
16/04/2018,0,0,78.5(-1.01 %),0,0,0,0,4229730,9.47
17/04/2018,-1000,-77020000,78(-0.64 %),0,0,1000,77020000,4229730,9.47
18/04/2018,0,0,78(0.00 %),0,0,0,0,4230230,9.47
19/04/2018,0,0,78(0.00 %),0,0,0,0,4230230,9.47
20/04/2018,0,0,79(1.28 %),0,0,0,0,4231230,9.46
23/04/2018,-3800,-292600000,77.8(-1.52 %),0,0,3800,292600000,4231230,9.46
24/04/2018,0,0,77(-1.03 %),0,0,0,0,4231230,9.46
26/04/2018,260,20020000,75.5(-1.95 %),260,20020000,0,0,4230970,9.46
27/04/2018,0,0,76.7(1.59 %),0,0,0,0,4234770,9.42
02/05/2018,-14270,-1084520000,78.9(2.87 %),0,0,14270,1084520000,4234770,9.42
03/05/2018,200,15200000,76(-3.68 %),200,15200000,0,0,4234570,9.42
04/05/2018,0,0,78.4(3.16 %),0,0,0,0,4234570,9.42
07/05/2018,0,0,77(-1.79 %),0,0,0,0,4248840,9.29
08/05/2018,0,0,77(0.00 %),0,0,0,0,4248840,9.29
09/05/2018,0,0,76(-1.30 %),0,0,0,0,4248840,9.29
10/05/2018,-30,-2280000,75.7(-0.39 %),0,0,30,2280000,4248840,9.29
11/05/2018,0,0,77.5(2.38 %),0,0,0,0,4248840,9.29
14/05/2018,10,780000,78.5(1.29 %),10,780000,0,0,4248830,9.29
15/05/2018,0,0,76.5(-2.55 %),0,0,0,0,4248860,9.29
16/05/2018,10,790000,77(0.65 %),10,790000,0,0,4248850,9.29
17/05/2018,10,770000,76(-1.30 %),10,770000,0,0,4248840,9.29
18/05/2018,-390,-28630000,76(0.00 %),10,730000,400,29360000,4248830,9.29
21/05/2018,0,0,75(-1.32 %),10,790000,10,790000,4248820,9.29
22/05/2018,-200,-14620000,74(-1.33 %),0,0,200,14620000,4248820,9.29
23/05/2018,-5000,-365000000,74.3(0.41 %),0,0,5000,365000000,4249220,9.29
24/05/2018,0,0,74(-0.40 %),0,0,0,0,4249230,9.29
25/05/2018,-9400,-684320000,74.5(0.68 %),0,0,9400,684320000,4249430,9.29
28/05/2018,0,0,73.5(-1.34 %),0,0,0,0,4254430,9.24
29/05/2018,0,0,73.7(0.27 %),0,0,0,0,4254430,9.24
30/05/2018,0,0,73.7(0.00 %),0,0,0,0,4263830,9.15
31/05/2018,0,0,73.7(0.00 %),0,0,0,0,4263830,9.15
01/06/2018,0,0,73.9(0.27 %),0,0,0,0,4263830,9.15
04/06/2018,-800,-57690000,71.5(-3.25 %),0,0,800,57690000,4263830,9.15
05/06/2018,0,0,71.5(0.00 %),0,0,0,0,4263830,9.15
06/06/2018,0,0,71.4(-0.14 %),0,0,0,0,4263830,9.15
07/06/2018,-9380,-654400000,70.9(-0.70 %),0,0,9380,654400000,4264630,9.14
08/06/2018,0,0,70.4(-0.71 %),0,0,0,0,4264630,9.14
11/06/2018,0,0,70.1(-0.43 %),0,0,0,0,4264630,9.14
12/06/2018,-1340,-93470000,68.7(-2.00 %),0,0,1340,93470000,4274010,9.06
13/06/2018,-100,-6960000,68.6(-0.15 %),0,0,100,6960000,4274010,9.06
14/06/2018,-3000,-205750000,68.5(-0.15 %),0,0,3000,205750000,4274010,9.06
15/06/2018,-8270,-563070000,68.4(-0.15 %),0,0,8270,563070000,4275350,9.04
18/06/2018,-27310,-1862670000,69.5(1.61 %),190,12920000,27500,1875590000,4275260,9.04
19/06/2018,0,0,68(2.26 %),0,0,0,0,4278260,9.02
20/06/2018,-10,-690000,68(0.00 %),0,0,10,690000,4286530,8.94
21/06/2018,-100,-6800000,68(0.00 %),0,0,100,6800000,4314030,8.68
22/06/2018,-6060,-409360000,67.7(-0.44 %),0,0,6060,409360000,4314030,8.68
25/06/2018,0,0,67(-1.03 %),0,0,0,0,4314040,8.68
26/06/2018,0,0,66.2(-1.19 %),0,0,0,0,4314140,8.68
27/06/2018,0,0,66.5(0.45 %),0,0,0,0,4320200,8.62
28/06/2018,-2100,-139660000,66.5(0.00 %),0,0,2100,139660000,4320200,8.62
29/06/2018,-9900,-660320000,68.6(3.16 %),0,0,9900,660320000,4320200,8.62
02/07/2018,0,0,68.3(-0.44 %),0,0,0,0,4320200,8.62
03/07/2018,-100,-6800000,67(-1.90 %),0,0,100,6800000,4322300,8.6
04/07/2018,-100,-6690000,65(-2.99 %),0,0,100,6690000,4332200,8.51
05/07/2018,-900,-58510000,64.1(-1.38 %),0,0,900,58510000,4332200,8.51
06/07/2018,-16500,-1069400000,64.3(0.31 %),0,0,16500,1069400000,4332300,8.51
09/07/2018,-27580,-1765270000,64.3(0.00 %),0,0,27580,1765270000,4332400,8.51
10/07/2018,-20700,-1332870000,65.8(2.33 %),0,0,20700,1332870000,4333300,8.5
11/07/2018,-3550,-229690000,64(-2.74 %),0,0,3550,229690000,4349800,8.35
12/07/2018,-22200,-1432260000,64.9(1.41 %),0,0,22200,1432260000,4377380,8.09
13/07/2018,-22950,-1492760000,65.4(0.77 %),0,0,22950,1492760000,4398080,7.9
16/07/2018,-9700,-634390000,65.5(0.15 %),0,0,9700,634390000,4401630,7.86
17/07/2018,-1800,-117900000,65.5(0.00 %),0,0,1800,117900000,4423830,7.66
18/07/2018,-21400,-1404460000,65.9(0.61 %),0,0,21400,1404460000,4445230,7.46
19/07/2018,-44780,-2910890000,64.8(-1.67 %),0,0,44780,2910890000,4456480,7.35
20/07/2018,-8800,-572890000,65.3(0.77 %),0,0,8800,572890000,4458280,7.33
23/07/2018,-8050,-524375000,65(-0.46 %),0,0,8050,524375000,4466330,7.26
24/07/2018,-30660,-1952830000,64.9(-0.15 %),0,0,30660,1952830000,4524460,6.72
25/07/2018,-16900,-1094220000,66(1.69 %),0,0,16900,1094220000,4533260,6.63
26/07/2018,-1400,-90860000,64.5(-2.27 %),0,0,1400,90860000,4541310,6.56
27/07/2018,-4000,-258560000,67.5(4.65 %),0,0,4000,258560000,4571970,6.27
30/07/2018,-870,-58742000,67.6(0.15 %),0,0,870,58742000,4572840,6.26
31/07/2018,1300,90680000,68.9(1.92 %),2000,138000000,700,47320000,4571540,6.28
01/08/2018,0,0,67.6(-1.89 %),0,0,0,0,4253060,9.25
02/08/2018,0,0,68.1(0.74 %),0,0,0,0,4593140,6.07
03/08/2018,-17310,-1158915000,66.2(-2.79 %),140,9450000,17450,1168365000,4610450,5.91
06/08/2018,-9510,-628611000,66.5(0.45 %),0,0,9510,628611000,4619960,5.82
07/08/2018,-5900,-392370000,66.7(0.30 %),0,0,5900,392370000,4625860,5.77
08/08/2018,-6000,-400090000,66.7(0.00 %),0,0,6000,400090000,4631860,5.71
09/08/2018,-6100,-407590000,67(0.45 %),0,0,6100,407590000,4637960,5.65
10/08/2018,-9700,-650840000,67.3(0.45 %),0,0,9700,650840000,4626560,5.76
13/08/2018,-5800,-390910000,67.4(0.15 %),0,0,5800,390910000,4632560,5.71
14/08/2018,0,0,66.9(-0.74 %),0,0,0,0,4638660,5.65
15/08/2018,-5500,-369060000,67.8(1.35 %),0,0,5500,369060000,4648360,5.56
16/08/2018,-2700,-183130000,67.9(0.15 %),0,0,2700,183130000,4654160,5.5
17/08/2018,-1300,-88140000,70.9(4.42 %),0,0,1300,88140000,4655460,5.49
20/08/2018,0,0,70(-1.27 %),0,0,0,0,4655460,5.49
21/08/2018,-390,-27300000,69.5(-0.71 %),0,0,390,27300000,4655850,5.49
22/08/2018,-2590,-180150000,69.1(-0.58 %),0,0,2590,180150000,4663660,5.41
23/08/2018,-1990,-136810000,69(-0.14 %),10,690000,2000,137500000,4663650,5.41
24/08/2018,-2100,-144900000,69(0.00 %),0,0,2100,144900000,4665750,5.39
27/08/2018,-500,-34500000,68.9(-0.14 %),0,0,500,34500000,4666250,5.39
28/08/2018,0,0,68.5(-0.58 %),0,0,0,0,4666250,5.39
29/08/2018,0,0,67.9(-0.88 %),0,0,0,0,4670730,5.35
30/08/2018,-26070,-1728120000,66(-2.80 %),0,0,26070,1728120000,4671230,5.34
31/08/2018,-23600,-1570950000,67.7(2.58 %),0,0,23600,1570950000,4694830,5.12
04/09/2018,-1150,-77465000,68(0.44 %),0,0,1150,77465000,4253060,9.25
05/09/2018,0,0,70.5(3.68 %),0,0,0,0,4253060,9.25
06/09/2018,0,0,70.2(-0.43 %),0,0,0,0,4253060,9.25
07/09/2018,-300,-21060000,69.9(-0.43 %),0,0,300,21060000,4253360,9.25
10/09/2018,0,0,69.5(-0.57 %),0,0,0,0,4722050,4.87
11/09/2018,0,0,69.5(0.00 %),0,0,0,0,4722050,4.87
12/09/2018,0,0,70.5(1.44 %),0,0,0,0,4722350,4.87
13/09/2018,0,0,70(-0.71 %),0,0,0,0,4722350,4.87
14/09/2018,-920,-64310000,69.6(-0.57 %),0,0,920,64310000,4722350,4.87
17/09/2018,0,0,69(-0.86 %),0,0,0,0,4722350,4.87
18/09/2018,-25050,-1718680000,68(-1.45 %),0,0,25050,1718680000,4722350,4.87
19/09/2018,0,0,68(0.00 %),0,0,0,0,4723270,4.86
20/09/2018,0,0,67.8(-0.29 %),0,0,0,0,4723270,4.86
21/09/2018,-2200,-148960000,67.8(0.00 %),0,0,2200,148960000,4748320,4.62
24/09/2018,-4940,-334826000,67.9(0.15 %),0,0,4940,334826000,4753260,4.58
25/09/2018,0,0,67.5(-0.59 %),0,0,0,0,4753260,4.58
26/09/2018,0,0,67(-0.74 %),0,0,0,0,4753260,4.58
27/09/2018,-1900,-127680000,67(0.00 %),0,0,1900,127680000,4755160,4.56
28/09/2018,-12920,-868700000,67.4(0.60 %),0,0,12920,868700000,4768080,4.44
01/10/2018,0,0,67.4(0.00 %),0,0,0,0,4755460,4.56
02/10/2018,-15610,-1039585000,67.3(-0.15 %),0,0,15610,1039585000,4771070,4.41
03/10/2018,-5600,-376890000,67.4(0.15 %),0,0,5600,376890000,4776670,4.36
04/10/2018,-21040,-1400743000,67.4(0.00 %),0,0,21040,1400743000,4797710,4.16
05/10/2018,-800,-53840000,67(-0.59 %),0,0,800,53840000,4798510,4.15
08/10/2018,-2100,-141130000,67.2(0.30 %),0,0,2100,141130000,4793860,4.2
09/10/2018,-200,-13440000,67.2(0.00 %),0,0,200,13440000,4814900,4.0
10/10/2018,-1800,-120810000,67(-0.30 %),0,0,1800,120810000,4816700,3.98
11/10/2018,-7400,-496380000,68(1.49 %),0,0,7400,496380000,4824100,3.91
12/10/2018,-9250,-632000000,70(2.94 %),0,0,9250,632000000,4833350,3.83
15/10/2018,-1260,-87100000,69(-1.43 %),0,0,1260,87100000,4834610,3.82
16/10/2018,-3080,-211920000,69(0.00 %),0,0,3080,211920000,4837690,3.79
17/10/2018,-8670,-593030000,69(0.00 %),0,0,8670,593030000,4846360,3.71
18/10/2018,-2090,-144210000,69(0.00 %),0,0,2090,144210000,4837710,3.79
19/10/2018,-4010,-277295000,69(0.00 %),0,0,4010,277295000,4841720,3.75
22/10/2018,-32310,-2193720000,68(-1.45 %),0,0,32310,2193720000,4874030,3.45
23/10/2018,-17160,-1165680000,68(0.00 %),0,0,17160,1165680000,4891190,3.29
24/10/2018,-93730,-6373440000,68.3(0.44 %),0,0,93730,6373440000,4984920,2.41
25/10/2018,-1000,-68100000,73(6.88 %),0,0,1000,68100000,4985920,2.4
26/10/2018,-1000,-70770000,72(-1.37 %),0,0,1000,70770000,4905030,3.16
29/10/2018,-1000,-71100000,71.6(-0.56 %),0,0,1000,71100000,4998760,2.28
30/10/2018,-350,-25060000,71.6(0.00 %),0,0,350,25060000,4999110,2.28
31/10/2018,-650,-45955000,71.6(0.00 %),0,0,650,45955000,4999760,2.27
01/11/2018,-1000,-70414000,71.8(0.28 %),0,0,1000,70414000,5002110,2.25
02/11/2018,0,0,72(0.28 %),0,0,0,0,5002110,2.25
05/11/2018,0,0,71.9(-0.14 %),0,0,0,0,5002760,2.25
06/11/2018,0,0,71.9(0.00 %),0,0,0,0,5002760,2.25
07/11/2018,-100,-6980000,69.5(-3.34 %),0,0,100,6980000,5002860,2.24
08/11/2018,0,0,69.2(-0.43 %),0,0,0,0,5002860,2.24
09/11/2018,0,0,68(-1.73 %),0,0,0,0,5002860,2.24
12/11/2018,0,0,68(0.00 %),0,0,0,0,5002860,2.24
13/11/2018,0,0,68(0.00 %),0,0,0,0,5002860,2.24
14/11/2018,0,0,68.3(0.44 %),0,0,0,0,5002860,2.24
15/11/2018,0,0,68.3(0.00 %),0,0,0,0,5002860,2.24
16/11/2018,-17130,-1195674000,69.8(2.20 %),0,0,17130,1195674000,5019990,2.08
19/11/2018,0,0,70(0.29 %),0,0,0,0,5003860,2.23
20/11/2018,-50,-3500000,69.9(-0.14 %),0,0,50,3500000,5003860,2.23
21/11/2018,-16870,-1156100000,69.5(-0.57 %),0,0,16870,1156100000,5020990,2.07
22/11/2018,0,0,69(-0.72 %),0,0,0,0,5020990,2.07
23/11/2018,0,0,69.1(0.14 %),0,0,0,0,5020990,2.07
26/11/2018,0,0,69.8(1.01 %),0,0,0,0,5020990,2.07
27/11/2018,-1000,-69500000,69(-1.15 %),0,0,1000,69500000,5021990,2.07
28/11/2018,0,0,69(0.00 %),0,0,0,0,5021990,2.07
29/11/2018,0,0,69(0.00 %),0,0,0,0,5021990,2.07
30/11/2018,0,0,69.5(0.72 %),0,0,0,0,5021990,2.07
03/12/2018,0,0,70(0.72 %),0,0,0,0,5038910,1.91
04/12/2018,0,0,69.5(-0.71 %),0,0,0,0,5038910,1.91
05/12/2018,-20280,-1391680000,69(-0.72 %),0,0,20280,1391680000,5059190,1.72
06/12/2018,500,34700000,69(0.00 %),500,34700000,0,0,5058690,1.72
07/12/2018,0,0,69.2(0.29 %),0,0,0,0,5058690,1.72
10/12/2018,0,0,69.3(0.14 %),0,0,0,0,5058690,1.72
11/12/2018,0,0,69(1.77 %),0,0,0,0,5058690,1.72
12/12/2018,0,0,68.9(-0.14 %),0,0,0,0,5058690,1.72
13/12/2018,300,20400000,67.8(-1.60 %),300,20400000,0,0,5058390,1.73
14/12/2018,0,0,68.6(1.18 %),0,0,0,0,5058390,1.73
17/12/2018,0,0,69.2(0.87 %),0,0,0,0,5058390,1.73
18/12/2018,0,0,68.4(-1.16 %),0,0,0,0,5058390,1.73
19/12/2018,0,0,68.1(-0.44 %),0,0,0,0,5058390,1.73
20/12/2018,0,0,68(-0.15 %),0,0,0,0,5058390,1.73
21/12/2018,0,0,70(2.94 %),0,0,0,0,5058390,1.73
24/12/2018,0,0,69.4(-0.86 %),0,0,0,0,5058390,1.73
25/12/2018,0,0,68(-2.02 %),0,0,0,0,5058390,1.73
26/12/2018,0,0,68.9(1.32 %),0,0,0,0,5058390,1.73
27/12/2018,0,0,68.7(-0.29 %),0,0,0,0,5058390,1.73
28/12/2018,0,0,68.7(0.00 %),0,0,0,0,5058390,1.73
02/01/2019,0,0,69.2(0.73 %),0,0,0,0,5058390,1.73
03/01/2019,0,0,68(-1.73 %),0,0,0,0,5058390,1.73
04/01/2019,0,0,68(0.00 %),0,0,0,0,5058390,1.73
07/01/2019,0,0,68.7(1.03 %),0,0,0,0,5058390,1.73
08/01/2019,0,0,68.5(-0.29 %),0,0,0,0,5058390,1.73
09/01/2019,0,0,68(-0.73 %),0,0,0,0,5058390,1.73
10/01/2019,0,0,67.9(-0.15 %),0,0,0,0,5058390,1.73
11/01/2019,0,0,68.6(1.03 %),0,0,0,0,5058390,1.73
14/01/2019,0,0,69.9(1.90 %),0,0,0,0,5058390,1.73
15/01/2019,-40,-2720000,67(-4.15 %),0,0,40,2720000,5058430,1.72
16/01/2019,-10,-679000,67.4(0.60 %),0,0,10,679000,5058440,1.72
17/01/2019,-100,-6760000,67.6(0.30 %),0,0,100,6760000,5058390,1.73
18/01/2019,0,0,67(-0.89 %),0,0,0,0,5058430,1.72
21/01/2019,0,0,69.8(4.18 %),0,0,0,0,5058440,1.72
22/01/2019,-8330,-566458000,69.7(-0.14 %),0,0,8330,566458000,5066770,1.65
23/01/2019,0,0,71(1.87 %),0,0,0,0,5058540,1.72
24/01/2019,0,0,68(-4.23 %),0,0,0,0,5066770,1.65
25/01/2019,0,0,69.4(2.06 %),0,0,0,0,5066870,1.65
28/01/2019,0,0,70.5(1.59 %),0,0,0,0,5066770,1.65
29/01/2019,3310,236140000,72(2.13 %),3310,236140000,0,0,5063560,1.68
30/01/2019,3030,216930000,72(0.00 %),3420,246180000,390,29250000,5060140,1.71
31/01/2019,8600,617261000,73(1.39 %),8600,617261000,0,0,5051830,1.79
01/02/2019,-7740,-582610000,74.9(2.60 %),2520,187290000,10260,769900000,5049020,1.81
11/02/2019,-10850,-817620000,77(2.80 %),4390,330460000,15240,1148080000,5045020,1.85
12/02/2019,1270,96600000,76(-1.30 %),3400,258760000,2130,162160000,5041620,1.88
13/02/2019,10830,843774000,77.8(2.37 %),23460,1804064000,12630,960290000,5050290,1.8
14/02/2019,4050,312260000,79.9(2.70 %),4050,312260000,0,0,5039610,1.9
15/02/2019,23630,1832970000,75.6(-5.38 %),23630,1832970000,0,0,5018110,2.1
18/02/2019,-1070,-82110000,76.5(1.19 %),0,0,1070,82110000,5030740,1.98
19/02/2019,0,0,77.2(0.92 %),0,0,0,0,5023680,2.05
20/02/2019,0,0,77(-0.26 %),0,0,0,0,5030740,1.98
21/02/2019,0,0,77(0.00 %),0,0,0,0,5031810,1.97
22/02/2019,0,0,75(-2.60 %),0,0,0,0,5023680,2.05
25/02/2019,0,0,78.3(4.40 %),0,0,0,0,5023680,2.05
26/02/2019,-10,-819000,83.7(6.90 %),0,0,10,819000,5023690,2.05
27/02/2019,-13960,-1165752000,83(-0.84 %),0,0,13960,1165752000,5037650,1.92
28/02/2019,29150,2311595000,82(-1.20 %),29150,2311595000,0,0,5008500,2.19
01/03/2019,0,0,83(1.22 %),0,0,0,0,5002670,2.25
04/03/2019,490,42880000,88.8(6.99 %),490,42880000,0,0,5016140,2.12
05/03/2019,-31450,-2828152000,89.3(0.56 %),0,0,31450,2828152000,5033630,1.96
06/03/2019,0,0,94(5.26 %),0,0,0,0,5033630,1.96
07/03/2019,34470,3310540000,94.9(0.96 %),34970,3358400000,500,47860000,4981170,2.45
08/03/2019,0,0,94.6(-0.32 %),0,0,0,0,5012620,2.15
11/03/2019,1000,99100000,100.2(5.92 %),1000,99100000,0,0,4998160,2.29
12/03/2019,0,0,102.8(2.59 %),0,0,0,0,5012120,2.16
13/03/2019,400,41940000,105(2.14 %),1200,123300000,800,81360000,5010920,2.17
14/03/2019,0,0,106.5(1.43 %),0,0,0,0,4997760,2.29
15/03/2019,0,0,102.1(-4.13 %),0,0,0,0,5010920,2.17
18/03/2019,-1000,-100660000,104(1.86 %),0,0,1000,100660000,5011720,2.16
19/03/2019,200,20960000,98(-5.77 %),200,20960000,0,0,4998560,2.28
20/03/2019,0,0,99.5(1.53 %),0,0,0,0,4998560,2.28
21/03/2019,0,0,98.5(-1.01 %),0,0,0,0,5012520,2.15
22/03/2019,1000,97000000,100.6(2.13 %),1000,97000000,0,0,5011520,2.16
25/03/2019,6400,625000000,96(-4.57 %),6400,625000000,0,0,4991160,2.35
26/03/2019,500,47250000,95(-1.04 %),500,47250000,0,0,4990660,2.36
27/03/2019,-400,-38800000,98(3.16 %),0,0,400,38800000,5004620,2.23
28/03/2019,0,0,96.8(-1.22 %),0,0,0,0,5004620,2.23
29/03/2019,10,980000,98.5(1.76 %),10,980000,0,0,5004610,2.23
01/04/2019,10880,1109410000,104(5.58 %),10880,1109410000,0,0,4994130,2.33
02/04/2019,0,0,103.4(-0.58 %),0,0,0,0,4994130,2.33
03/04/2019,-370,-39530000,107(3.48 %),130,13870000,500,53400000,4994000,2.33
04/04/2019,34420,3802500000,114.3(6.82 %),34420,3802500000,0,0,4959580,2.65
05/04/2019,200,23150000,115.9(1.40 %),200,23150000,0,0,4959380,2.65
08/04/2019,1200,135320000,113.6(-1.98 %),1200,135320000,0,0,4969560,2.56
09/04/2019,700,78470000,111.6(-1.76 %),700,78470000,0,0,4968860,2.56
10/04/2019,7610,838700000,111.9(0.27 %),8010,882700000,400,44000000,4949970,2.74
11/04/2019,-630,-72140000,116.5(4.11 %),0,0,630,72140000,4949970,2.74
12/04/2019,120,14016000,116(-0.43 %),120,14016000,0,0,4961760,2.63
16/04/2019,50,5750000,117.8(1.55 %),50,5750000,0,0,4961710,2.63
17/04/2019,0,0,114(-3.23 %),0,0,0,0,4950830,2.73
18/04/2019,0,0,116(1.75 %),0,0,0,0,4950830,2.73
19/04/2019,0,0,115.1(-0.78 %),0,0,0,0,4950830,2.73
22/04/2019,0,0,111(-3.56 %),0,0,0,0,4950830,2.73
23/04/2019,0,0,113.4(2.16 %),0,0,0,0,4950830,2.73
24/04/2019,2690,309030000,114.1(0.62 %),2690,309030000,0,0,4948140,2.76
25/04/2019,0,0,113(-0.96 %),0,0,0,0,4948140,2.76
26/04/2019,-400,-45200000,116.8(3.36 %),0,0,400,45200000,4948140,2.76
02/05/2019,50,5790000,118.6(1.54 %),1050,124340000,1000,118550000,4947090,2.77
03/05/2019,0,0,124(4.55 %),0,0,0,0,4947090,2.77
06/05/2019,-150,-18050000,126.8(2.26 %),100,12700000,250,30750000,4948290,2.75
07/05/2019,5010,648340000,132(4.10 %),7510,974740000,2500,326400000,4940880,2.82
08/05/2019,43630,5733883000,122.8(-6.97 %),48380,6318558000,4750,584675000,4899650,3.21
09/05/2019,4160,515420000,122.3(-0.41 %),4710,583140000,550,67720000,4888040,3.32
10/05/2019,0,0,125(2.21 %),0,0,0,0,4895490,3.25
13/05/2019,0,0,127.6(2.08 %),0,0,0,0,4895490,3.25
14/05/2019,0,0,128.2(0.47 %),0,0,0,0,4895840,3.24
15/05/2019,0,0,125.8(-1.87 %),0,0,0,0,4895840,3.24
16/05/2019,0,0,125.5(-0.24 %),0,0,0,0,4895840,3.24
17/05/2019,0,0,132(5.18 %),0,0,0,0,4895840,3.24
20/05/2019,220,29770000,138(4.55 %),220,29770000,0,0,4895620,3.25
21/05/2019,100,13800000,135(-2.17 %),100,13800000,0,0,4895520,3.25
22/05/2019,0,0,132.5(-1.85 %),0,0,0,0,4895520,3.25
23/05/2019,0,0,137.5(3.77 %),0,0,0,0,4895520,3.25
24/05/2019,100,13790000,136.5(-0.73 %),100,13790000,0,0,4895420,3.25
27/05/2019,300,41100000,141(3.30 %),300,41100000,0,0,4895120,3.25
28/05/2019,100,14100000,139.2(-1.28 %),100,14100000,0,0,4895020,3.25
29/05/2019,0,0,137.5(-1.22 %),0,0,0,0,4895020,3.25
30/05/2019,-120,-16224000,137.5(0.00 %),0,0,120,16224000,4895140,3.25
31/05/2019,0,0,133.5(-2.91 %),0,0,0,0,4895140,3.25
03/06/2019,-5760,-765400000,132.5(-0.75 %),0,0,5760,765400000,4895020,3.25
04/06/2019,-570,-75909000,135(1.89 %),0,0,570,75909000,4895590,3.25
05/06/2019,110,15160000,136.8(1.33 %),110,15160000,0,0,4895030,3.25
06/06/2019,0,0,135.5(-0.95 %),0,0,0,0,4895480,3.25
07/06/2019,0,0,137.5(1.48 %),0,0,0,0,4895480,3.25
10/06/2019,11820,1643160000,139(1.09 %),11820,1643160000,0,0,4889540,3.3
11/06/2019,0,0,133(-4.32 %),0,0,0,0,4889540,3.3
12/06/2019,-3320,-442060000,133.8(0.60 %),80,10710000,3400,452770000,4889460,3.3
13/06/2019,0,0,129.8(-2.99 %),0,0,0,0,4889460,3.3
14/06/2019,-600,-78135000,128(-1.39 %),0,0,600,78135000,4887580,3.32
17/06/2019,-200,-25320000,125.3(-2.11 %),0,0,200,25320000,4887780,3.32
18/06/2019,0,0,131(4.55 %),0,0,0,0,4892860,3.27
19/06/2019,6890,924900000,134.5(2.67 %),6890,924900000,0,0,4886570,3.33
20/06/2019,8740,1171630000,133.9(-0.45 %),8740,1171630000,0,0,4878030,3.41
21/06/2019,6460,869720000,135(0.82 %),6460,869720000,0,0,4871570,3.47
24/06/2019,700,96200000,137.6(1.93 %),700,96200000,0,0,4870870,3.48
25/06/2019,11970,1614880000,135.1(-1.82 %),11970,1614880000,0,0,4858900,3.59
26/06/2019,10000,1344500000,134.2(-0.67 %),10000,1344500000,0,0,4843020,3.74
27/06/2019,730,98400000,135.3(0.82 %),730,98400000,0,0,4848170,3.69
28/06/2019,0,0,138(2.00 %),0,0,0,0,4848170,3.69
01/07/2019,-1580,-219950000,139.7(1.23 %),1400,195050000,2980,415000000,4846770,3.7
02/07/2019,500,69450000,138.9(-0.57 %),500,69450000,0,0,4846270,3.71
03/07/2019,2200,306490000,140(0.79 %),2200,306490000,0,0,4844070,3.73
04/07/2019,-1090,-81100000,74.9(-46.50 %),210,15720000,1300,96820000,4846840,3.7
05/07/2019,820,63214000,77.8(3.87 %),1320,101664000,500,38450000,4845740,3.71
08/07/2019,-2000,-157394000,77(-1.03 %),200,15400000,2200,172794000,4847740,3.69
09/07/2019,250,19102000,77.7(0.91 %),370,28342000,120,9240000,4847490,3.7
10/07/2019,800,62850000,78.8(1.42 %),800,62850000,0,0,4846690,3.7
11/07/2019,7970,645981000,81(2.79 %),7970,645981000,0,0,4838720,3.78
12/07/2019,1550,127240000,81.5(0.62 %),1550,127240000,0,0,4837170,3.79
15/07/2019,-200,-16600000,82.9(1.72 %),300,24750000,500,41350000,4838450,3.78
16/07/2019,9330,755410000,81(-2.29 %),10230,829870000,900,74460000,4828220,3.88
17/07/2019,-650,-51630000,78(-3.70 %),100,8150000,750,59780000,4828120,3.88
18/07/2019,-200,-15540000,80.7(3.46 %),0,0,200,15540000,4828620,3.87
19/07/2019,7640,629270000,81.8(1.36 %),9200,756520000,1560,127250000,4820320,3.95
22/07/2019,0,0,80.9(-1.10 %),0,0,0,0,4821070,3.94
23/07/2019,5700,466730000,81.7(0.99 %),5700,466730000,0,0,4815570,3.99
24/07/2019,1250,103379000,80.8(-1.10 %),2650,216525000,1400,113146000,4814300,4.01
25/07/2019,-130,-10460000,80.5(-0.37 %),0,0,130,10460000,4814480,4.0
26/07/2019,20580,1642964000,79.5(-1.24 %),21280,1699144000,700,56180000,4793850,4.2
29/07/2019,-10,-780000,78(-1.89 %),0,0,10,780000,4793860,4.2
30/07/2019,0,0,80.4(3.08 %),0,0,0,0,4793860,4.2
31/07/2019,0,0,79(-1.74 %),0,0,0,0,4793860,4.2
01/08/2019,-12960,-1095120000,84.5(6.96 %),1000,84500000,13960,1179620000,9619432,3.95
02/08/2019,2540,223066000,87.5(3.55 %),2540,223066000,0,0,9617892,7.91
05/08/2019,0,0,86.9(-0.69 %),0,0,0,0,9617892,7.91
06/08/2019,21330,1933494000,91.6(5.41 %),21330,1933494000,0,0,9596562,4.06
07/08/2019,-2440,-218810000,90(-1.75 %),0,0,2440,218810000,9609522,4.0
08/08/2019,0,0,88.8(-1.33 %),0,0,0,0,9599002,4.05
09/08/2019,-400,-35210000,88(-0.90 %),100,8900000,500,44110000,9609422,4.0
12/08/2019,0,0,87.2(-0.91 %),0,0,0,0,9611862,3.99
13/08/2019,-200,-13000000,84.5(-3.10 %),1100,94900000,1300,107900000,9599602,4.05
14/08/2019,0,0,84(-0.59 %),0,0,0,0,9599602,4.05
15/08/2019,0,0,84.4(0.48 %),0,0,0,0,9611262,3.99
16/08/2019,600,52480000,87.6(3.79 %),700,61080000,100,8600000,9599002,4.05
19/08/2019,-530,-46136000,86.5(-1.26 %),0,0,530,46136000,9599532,4.05
20/08/2019,3800,339790000,90.8(4.97 %),3800,339790000,0,0,9608062,4.01
21/08/2019,-3500,-324140000,89(-1.98 %),1700,151660000,5200,475800000,9606462,4.02
22/08/2019,2000,179174000,87.6(-1.57 %),2000,179174000,0,0,9597232,4.06
23/08/2019,-730,-64040000,87.2(-0.46 %),500,43050000,1230,107090000,9604492,4.02
26/08/2019,-980,-85280000,87.5(0.34 %),20,1740000,1000,87020000,9609672,4.0
27/08/2019,-600,-52040000,85.3(-2.51 %),0,0,600,52040000,9609672,4.0
28/08/2019,0,100000,84(-1.52 %),500,42750000,500,42650000,9599542,4.05
29/08/2019,-12300,-1012120000,82.5(-1.79 %),0,0,12300,1012120000,9611842,3.99
30/08/2019,11580,956929000,80(-3.03 %),13720,1133377000,2140,176448000,9600262,4.04
03/09/2019,-580,-45420000,74.4(-7.00 %),0,0,580,45420000,9598782,4.05
04/09/2019,2680,220030000,74(-0.54 %),16690,1205870000,14010,985840000,9594392,4.07
05/09/2019,1200,90680000,74.5(0.68 %),1200,90680000,0,0,9594902,4.07
06/09/2019,0,0,72(-3.36 %),0,0,0,0,9595912,4.06
09/09/2019,1000,67100000,67(-6.94 %),1000,67100000,0,0,9608922,4.0
10/09/2019,59780,3861460000,63.5(-5.22 %),61300,3957880000,1520,96420000,9547622,4.29
11/09/2019,300,19950000,67.9(6.93 %),300,19950000,0,0,9547322,4.29
12/09/2019,-400,-28480000,71(4.57 %),600,42270000,1000,70750000,9534222,4.35
13/09/2019,200,13860000,71.5(0.70 %),200,13860000,0,0,9548042,4.29
16/09/2019,7350,526500000,70(-2.10 %),7350,526500000,0,0,9540692,4.32
17/09/2019,-1800,-124500000,71.5(2.14 %),0,0,1800,124500000,9541692,4.32
18/09/2019,200,14300000,71(-0.70 %),200,14300000,0,0,9528272,4.38
19/09/2019,-200,-14080000,70.9(-0.14 %),0,0,200,14080000,9541492,4.32
20/09/2019,41780,2924600000,69.7(-1.69 %),41780,2924600000,0,0,9486692,4.58
23/09/2019,-17570,-1199700000,66(-5.31 %),300,20760000,17870,1220460000,9501212,4.51
24/09/2019,0,0,66.5(0.76 %),0,0,0,0,9501412,4.51
25/09/2019,2030,135490000,68(2.26 %),2030,135490000,0,0,9499382,4.52
26/09/2019,200,13640000,68.3(0.44 %),200,13640000,0,0,9502032,4.5
27/09/2019,-27160,-1845540000,67.5(-1.17 %),2000,135700000,29160,1981240000,9515052,4.44
30/09/2019,300,20550000,70(3.70 %),300,20550000,0,0,9528892,4.38
01/10/2019,-2630,-189350000,72.5(3.57 %),600,43170000,3230,232520000,9514152,4.45
02/10/2019,-15340,-1102225000,71.6(-1.24 %),300,21450000,15640,1123675000,9530092,4.37
03/10/2019,0,0,73.4(2.51 %),0,0,0,0,9530092,4.37
04/10/2019,1180,87515000,74.3(1.23 %),1180,87515000,0,0,9528912,4.38
07/10/2019,-100,-7340000,73(-1.75 %),0,0,100,7340000,9560702,4.23
08/10/2019,200,14740000,74.1(1.51 %),200,14740000,0,0,9560502,4.23
09/10/2019,0,0,75.4(1.75 %),0,0,0,0,9528812,4.38
10/10/2019,1180,89190000,74.2(-1.59 %),1210,91420000,30,2230000,9559392,4.24
11/10/2019,0,0,74(-0.27 %),0,0,0,0,9559392,4.24
14/10/2019,9350,701930000,72(-2.70 %),10350,777140000,1000,75210000,9549042,4.28
15/10/2019,-700,-50330000,73.6(2.22 %),0,0,700,50330000,9549072,4.28
16/10/2019,-1010,-77348000,78(5.98 %),300,22860000,1310,100208000,9519992,4.42
17/10/2019,500,38570000,80(2.56 %),500,38570000,0,0,9549272,4.28
18/10/2019,1200,100020000,83.1(3.88 %),1200,100020000,0,0,9518292,4.43
21/10/2019,200,16280000,82.2(-1.08 %),200,16280000,0,0,9518092,4.43
22/10/2019,-470,-38230000,82.8(0.73 %),160,13120000,630,51350000,9549722,4.28
23/10/2019,1330,113835000,85.5(3.26 %),2530,216381000,1200,102546000,9517232,4.43
24/10/2019,0,0,85(-0.58 %),0,0,0,0,9547192,4.29
25/10/2019,-840,-70890000,85.5(0.59 %),1860,159960000,2700,230850000,9545962,4.3
28/10/2019,4690,401935000,85(-0.58 %),6260,535230000,1570,133295000,9513382,4.45
29/10/2019,-4810,-399870000,82.5(-2.94 %),0,0,4810,399870000,9540902,4.32
30/10/2019,9220,771614000,83.9(1.70 %),9220,771614000,0,0,9508972,4.47
31/10/2019,2080,175278000,83(-1.07 %),2080,175278000,0,0,9506892,4.48
01/11/2019,-8420,-686191000,82(-1.20 %),720,59783000,9140,745974000,9538682,4.33
04/11/2019,4300,353203000,82.3(0.37 %),5750,471602000,1450,118399000,9534382,4.35
05/11/2019,7850,649080000,83.8(1.82 %),7850,649080000,0,0,9526532,4.39
06/11/2019,13450,1174090000,87(3.82 %),13450,1174090000,0,0,9520052,4.42
07/11/2019,49680,4347090000,86.7(-0.34 %),49680,4347090000,0,0,9471822,4.65
08/11/2019,4400,381480000,86.3(-0.46 %),4400,381480000,0,0,9459002,4.71
11/11/2019,-6010,-517060000,86(-0.35 %),3360,288400000,9370,805460000,9464062,4.68
12/11/2019,28880,2504112000,86.5(0.58 %),31280,2711567000,2400,207455000,9436132,4.81
13/11/2019,-6290,-540131000,84.7(-2.08 %),390,33150000,6680,573281000,9442422,4.78
14/11/2019,-1140,-95830000,85(0.35 %),3230,273590000,4370,369420000,9438532,4.8
15/11/2019,4550,391010000,86.5(1.76 %),4550,391010000,0,0,9436382,4.81
18/11/2019,8320,734309000,88.8(2.66 %),8320,734309000,0,0,9430692,4.84
19/11/2019,-170,-14660000,88.6(-0.23 %),1000,89000000,1170,103660000,9438112,4.8
20/11/2019,10470,927853000,88.6(0.00 %),13560,1201258000,3090,273405000,9420392,4.89
21/11/2019,-1420,-124820000,89.2(0.68 %),3550,316730000,4970,441550000,9421002,4.88
22/11/2019,-11690,-1019072000,83(-6.95 %),0,0,11690,1019072000,9433502,4.83
25/11/2019,18430,1483035000,82(-1.20 %),21540,1735433000,3110,252398000,9415072,4.91
26/11/2019,-9700,-798080000,82.6(0.73 %),6610,546640000,16310,1344720000,9402082,4.97
27/11/2019,4320,354520000,81.7(-1.09 %),7170,588490000,2850,233970000,9406602,4.95
28/11/2019,-810,-64060000,81.5(-0.24 %),4460,362194000,5270,426254000,9421262,4.88
29/11/2019,5460,447670000,81.6(0.12 %),6860,561450000,1400,113780000,9414702,4.91
02/12/2019,320,11400000,75.9(-6.99 %),3510,269510000,3190,258110000,9414042,4.92
03/12/2019,-5450,-401500000,76.5(0.79 %),9630,722142000,15080,1123642000,9423002,4.87
04/12/2019,-4950,-374480000,75(-1.96 %),0,0,4950,374480000,9411082,4.93
05/12/2019,91740,6918378000,75.4(0.53 %),93410,7044404000,1670,126026000,9336212,5.28
06/12/2019,3360,251780000,74.5(-1.19 %),4780,358900000,1420,107120000,9331162,5.3
09/12/2019,26310,1975280000,75.6(1.48 %),29010,2177640000,2700,202360000,9307102,5.42
10/12/2019,-7710,-584692000,75.5(-0.13 %),1470,111061000,9180,695753000,9314252,5.38
11/12/2019,12430,969909000,78.3(3.71 %),12570,980745000,140,10836000,9301822,5.44
12/12/2019,6190,493874000,78.5(0.26 %),10650,845948000,4460,352074000,9295632,5.47
13/12/2019,3950,312768000,78.2(-0.38 %),6800,536660000,2850,223892000,9291682,5.49
16/12/2019,-2210,-171700000,77.9(-0.38 %),0,0,2210,171700000,9290722,5.49
17/12/2019,450,34740000,76.7(-1.54 %),450,34740000,0,0,9293442,5.48
18/12/2019,-630,-48190000,77(0.39 %),20,1540000,650,49730000,9297562,5.46
19/12/2019,320,25056000,78(1.30 %),320,25056000,0,0,9293752,5.48
20/12/2019,13060,1034350000,79(1.28 %),13060,1034350000,0,0,9286392,5.51
23/12/2019,270,21490000,79(0.00 %),1240,97980000,970,76490000,9285802,5.52
24/12/2019,-260,-20307000,77.8(-1.52 %),0,0,260,20307000,9280682,5.54
25/12/2019,11470,916130000,79.3(1.93 %),11600,926270000,130,10140000,9274202,5.57
26/12/2019,90,7400000,79.4(0.13 %),850,67580000,760,60180000,9274322,5.57
27/12/2019,-2890,-228400000,79.8(0.50 %),0,0,2890,228400000,9274582,5.57
30/12/2019,-1810,-143720000,79.1(-0.88 %),370,29700000,2180,173420000,9274342,5.57
31/12/2019,-490,-38700000,79(-0.13 %),0,0,490,38700000,9275102,5.57
02/01/2020,450,35645000,78.9(-0.13 %),650,51545000,200,15900000,9277992,5.55
03/01/2020,-4020,-301188000,73.4(-6.97 %),570,44484000,4590,345672000,9282012,5.53
06/01/2020,-43930,-3018029000,68.3(-6.95 %),2510,171774000,46440,3189803000,9325942,5.33
07/01/2020,-31590,-2153752000,69.4(1.61 %),4470,303609000,36060,2457361000,9357532,5.18
08/01/2020,-750,-50260000,65.3(-5.91 %),230,15500000,980,65760000,9277022,5.56
09/01/2020,31680,2113115000,67.9(3.98 %),33680,2247433000,2000,134318000,9326602,5.33
10/01/2020,-3500,-242460000,67.5(-0.59 %),1380,92740000,4880,335200000,9324462,5.34
13/01/2020,20040,1337154000,66.6(-1.33 %),20170,1345864000,130,8710000,9310062,5.4
14/01/2020,21320,1417590000,67.6(1.50 %),22760,1514210000,1440,96620000,9284512,5.52
15/01/2020,-310,-21574000,68.6(1.48 %),300,20760000,610,42334000,9289052,5.5
16/01/2020,-1110,-76920000,69(0.58 %),0,0,1110,76920000,9289222,5.5
17/01/2020,9300,624960000,66.9(-3.04 %),9300,624960000,0,0,9281362,5.54
20/01/2020,1800,118590000,66(-1.35 %),1800,118590000,0,0,9280172,5.54
21/01/2020,2140,140020000,66(0.00 %),2140,140020000,0,0,9279142,5.55
22/01/2020,-300,-19440000,64(-3.03 %),0,0,300,19440000,9279442,5.55
30/01/2020,2650,159684000,59.6(-6.88 %),2770,167092000,120,7408000,9276792,5.56
31/01/2020,540,29970000,55.5(-6.88 %),730,40520000,190,10550000,9275642,5.56
03/02/2020,320,16544000,51.7(-6.85 %),320,16544000,0,0,9275942,5.56
04/02/2020,-180,-11477000,48.1(-6.96 %),5870,289408000,6050,300885000,9276122,5.56
05/02/2020,15730,762363000,51.4(6.86 %),17430,846433000,1700,84070000,9260392,5.64
06/02/2020,5650,303858000,54.9(6.81 %),7470,400345000,1820,96487000,9254742,5.66
07/02/2020,16310,912581000,54.3(-1.09 %),21120,1176772000,4810,264191000,9238432,5.74
10/02/2020,15980,839200000,52.5(-3.31 %),15990,839730000,10,530000,9215802,5.84
11/02/2020,12140,648630000,53.9(2.67 %),12540,669800000,400,21170000,9205082,5.89
12/02/2020,9330,506309000,54.3(0.74 %),9350,507403000,20,1094000,9200982,5.91
13/02/2020,1250,66790000,53.4(-1.66 %),3350,178480000,2100,111690000,9197202,5.93
14/02/2020,3270,177670000,54.6(2.25 %),4280,232520000,1010,54850000,9193322,5.95
17/02/2020,-1320,-72580000,57(4.40 %),0,0,1320,72580000,9193342,5.95
18/02/2020,-12330,-714410000,58(1.75 %),0,0,12330,714410000,9195442,5.94
19/02/2020,-6930,-412320000,62(6.90 %),1000,59800000,7930,472120000,9195452,5.94
20/02/2020,-11330,-712760000,64(3.23 %),11020,712270000,22350,1425030000,9185752,5.99
21/02/2020,-12670,-790707000,64(0.00 %),0,0,12670,790707000,9241042,5.73
24/02/2020,-4990,-299400000,59.6(-6.88 %),0,0,4990,299400000,9246032,5.7
25/02/2020,410,26360000,61.5(3.19 %),12410,707260000,12000,680900000,9215952,5.84
26/02/2020,6780,410753000,61.3(-0.33 %),10000,605000000,3220,194247000,9238842,5.74
27/02/2020,-630,-38570000,61.4(0.16 %),0,0,630,38570000,9223612,5.81
28/02/2020,-11430,-676970000,60.8(-0.98 %),1010,59090000,12440,736060000,9234602,5.76
02/03/2020,10500,650000000,61.5(1.15 %),10500,650000000,0,0,9227322,5.79
03/03/2020,34550,2168090000,62.5(1.63 %),49760,3099663000,15210,931573000,9192772,5.95
04/03/2020,580,35540000,61.8(-1.12 %),1580,97490000,1000,61950000,9192192,5.96
05/03/2020,4100,252610000,60.9(-1.46 %),4800,296170000,700,43560000,9184252,5.99
06/03/2020,59980,3656510000,61(0.16 %),60200,3670040000,220,13530000,9139262,6.2
09/03/2020,-1380,-78800000,56.8(-6.89 %),0,0,1380,78800000,9140262,6.2
10/03/2020,-16400,-875954000,55(-3.17 %),3600,194046000,20000,1070000000,9145892,6.17
11/03/2020,-1140,-57830000,52(-5.45 %),500,28050000,1640,85880000,9137082,6.21
12/03/2020,11560,559504000,48.4(-6.92 %),11560,559504000,0,0,9135472,6.22
13/03/2020,57790,2617170000,47(-2.89 %),58990,2671900000,1200,54730000,9087912,6.44
16/03/2020,-2970,-140185500,46(-2.13 %),0,0,2970,140185500,9080652,6.48
17/03/2020,-1380,-63216000,49.2(6.96 %),120,5484000,1500,68700000,9082032,6.47
18/03/2020,-7250,-362230000,50.5(2.64 %),0,0,7250,362230000,9090632,6.43
19/03/2020,-2100,-101890000,49.5(-1.98 %),0,0,2100,101890000,9093602,6.42
20/03/2020,820,40599000,50.4(1.82 %),880,43560000,60,2961000,9095712,6.41
23/03/2020,-20,-944000,46.9(-6.94 %),0,0,20,944000,9095732,6.41
24/03/2020,1600,72739500,46.2(-1.49 %),1600,72739500,0,0,9094132,6.41
25/03/2020,-1930,-91060000,47.2(2.16 %),610,29290000,2540,120350000,9101422,6.38
26/03/2020,2730,126140000,45.5(-3.60 %),2730,126140000,0,0,9098712,6.39
27/03/2020,-1590,-72145500,44.85(-1.43 %),0,0,1590,72145500,9094922,6.41
30/03/2020,510,21520000,42.3(-5.69 %),510,21520000,0,0,9100742,6.38
31/03/2020,-410,-17040000,41.8(-1.18 %),390,17020000,800,34060000,9100352,6.39
01/04/2020,9080,384505500,43.5(4.07 %),9120,386235500,40,1730000,9101942,6.38
03/04/2020,3010,134150000,45.6(4.83 %),3010,134150000,0,0,9089812,6.43
06/04/2020,4370,206364500,47.6(4.39 %),4370,206364500,0,0,9094562,6.41
07/04/2020,3310,156860000,47.8(0.42 %),3360,159250000,50,2390000,9082922,6.47
08/04/2020,4270,202089500,47.8(0.00 %),6570,310189500,2300,108100000,9086982,6.45
09/04/2020,11010,550860000,51.1(6.90 %),21170,1067700000,10160,516840000,9055182,6.6
10/04/2020,-1940,-98311000,51(-0.20 %),0,0,1940,98311000,9077912,6.49
13/04/2020,1920,98770000,51(0.00 %),2380,121960000,460,23190000,9055152,6.6
14/04/2020,-16850,-853714000,51.7(1.37 %),3150,161286000,20000,1015000000,9092842,6.42
15/04/2020,20020,1095880000,55.3(6.96 %),20020,1095880000,0,0,9044082,6.65
16/04/2020,-11970,-650850000,55.2(-0.18 %),2030,111376000,14000,762226000,9084792,6.46
17/04/2020,-5730,-321560000,55.4(0.36 %),120,6740000,5850,328300000,9062392,6.56
20/04/2020,-730,-38890000,54.7(-1.26 %),500,27900000,1230,66790000,9061892,6.57
21/04/2020,140,7214000,51(-6.76 %),240,12360000,100,5146000,9091112,6.43
22/04/2020,-12960,-659720000,53(3.92 %),9040,471450000,22000,1131170000,9072462,6.52
23/04/2020,-6630,-353340000,52.5(-0.94 %),0,0,6630,353340000,9073692,6.51
24/04/2020,-2180,-113352000,52.4(-0.19 %),1500,79050000,3680,192402000,9112882,6.33
27/04/2020,6270,346250000,56(6.87 %),6290,347340000,20,1090000,9088002,6.44
28/04/2020,-4810,-272673000,56.8(1.43 %),3000,169400000,7810,442073000,9111422,6.33
29/04/2020,48950,2823163000,56.8(0.00 %),55670,3209172000,6720,386009000,9062472,6.56
04/05/2020,-22820,-1202406000,53.8(-5.28 %),59980,3345504000,82800,4547910000,9039662,6.67
05/05/2020,4670,260040000,55.5(3.16 %),7030,387520000,2360,127480000,8980462,6.95
06/05/2020,32340,1824350000,57(2.70 %),32640,1841390000,300,17040000,9002652,6.84
07/05/2020,850,48219000,56.8(-0.35 %),1050,59659000,200,11440000,9001802,6.85
08/05/2020,6390,367646000,56(-1.41 %),8170,469374000,1780,101728000,8995412,6.88
11/05/2020,3440,195830000,56.8(1.43 %),5840,332150000,2400,136320000,9024942,6.74
12/05/2020,15300,881440000,59.2(4.23 %),17600,1014860000,2300,133420000,9007542,6.82
13/05/2020,5020,296040000,58.5(-1.18 %),5280,311350000,260,15310000,9004042,6.84
14/05/2020,3190,186778000,58(-0.85 %),3190,186778000,0,0,8968462,7.0
15/05/2020,-5310,-300838000,56.5(-2.59 %),0,0,5310,300838000,8973772,6.98
18/05/2020,-26760,-1520750000,57.4(1.59 %),2860,164440000,29620,1685190000,9002952,6.84
19/05/2020,2140,124060000,57.5(0.17 %),2140,124060000,0,0,9000812,6.85
20/05/2020,210,12045000,57(-0.87 %),210,12045000,0,0,8998182,6.86
21/05/2020,14940,867100000,58(1.75 %),14980,869440000,40,2340000,9020552,6.76
22/05/2020,3220,189977000,58.6(1.03 %),4130,243178000,910,53201000,8980022,6.95
25/05/2020,36440,2180290000,60(2.39 %),36800,2200920000,360,20630000,8979622,6.95
26/05/2020,-8450,-504456000,59.6(-0.67 %),5300,319334000,13750,823790000,8952032,7.08
27/05/2020,-6460,-381310000,58.6(-1.68 %),1360,79700000,7820,461010000,8973912,6.98
28/05/2020,-17040,-992210000,58.1(-0.85 %),4960,289790000,22000,1282000000,8969312,7.0
29/05/2020,-120,-1320000,59.4(2.24 %),7730,457910000,7850,459230000,8975332,6.97
01/06/2020,46910,2929115000,63.5(6.90 %),46910,2929115000,0,0,8983152,6.93
02/06/2020,-20110,-1197355000,61.5(-3.15 %),68640,4349576000,88750,5546931000,9003262,6.84
03/06/2020,-2740,-168820000,62.9(2.28 %),0,0,2740,168820000,8897452,7.34
04/06/2020,-1310,-81350000,61.8(-1.75 %),600,37500000,1910,118850000,8896852,7.34
05/06/2020,8740,540260000,62(0.32 %),10740,663950000,2000,123690000,8974862,6.97
08/06/2020,-870,-54770000,63(1.61 %),5430,337940000,6300,392710000,8972172,6.99
09/06/2020,19000,1201230000,62.7(-0.48 %),19600,1239310000,600,38080000,8954482,7.07
10/06/2020,8700,550640000,63.6(1.44 %),9150,578580000,450,27940000,8947332,7.1
11/06/2020,-56690,-3539343000,59.2(-6.92 %),370,23523000,57060,3562866000,9056172,6.59
12/06/2020,1870,106069000,57.6(-2.70 %),2680,151915000,810,45846000,9054302,6.6
15/06/2020,-20490,-1156249000,53.9(-6.42 %),0,0,20490,1156249000,9074792,6.51
16/06/2020,7660,427460000,56.6(5.01 %),10850,602150000,3190,174690000,8997842,6.87
17/06/2020,41710,2079491510,57.3(1.24 %),41720,2079491510,10,0,9025422,6.74
18/06/2020,0,0,58(1.22 %),0,0,0,0,9025422,6.74
19/06/2020,7050,409570000,58.1(0.17 %),7050,409570000,0,0,8973562,6.98
22/06/2020,2110,124608000,58.5(0.69 %),2850,167846000,740,43238000,9016262,6.78
23/06/2020,-5610,-327830000,58.3(-0.34 %),0,0,5610,327830000,9021872,6.75
24/06/2020,-8750,-501843000,56.7(-2.74 %),10,569000,8760,502412000,9030622,6.71
25/06/2020,-51970,-2896404000,56.3(-0.71 %),1310,74033000,53280,2970437000,9082592,6.47
26/06/2020,-8620,-485716000,56(-0.53 %),0,0,8620,485716000,9091212,6.43
29/06/2020,-13320,-731560000,54.2(-3.21 %),1500,81750000,14820,813310000,8983012,6.93
30/06/2020,-24380,-1305970000,53.1(-2.03 %),1490,78550000,25870,1384520000,9034802,6.69
01/07/2020,30,2610000,55.4(4.33 %),11230,608817000,11200,606207000,9043422,6.65
02/07/2020,-25790,-1416700000,55(-0.72 %),370,20670000,26160,1437370000,9046642,6.64
03/07/2020,-34690,-1910750000,54.9(-0.18 %),2800,154510000,37490,2065260000,9069712,6.53
06/07/2020,11740,658283000,56.5(2.91 %),27820,1562262000,16080,903979000,9092162,6.42
07/07/2020,-2570,-144880000,55(-2.65 %),0,0,2570,144880000,9079252,6.48
08/07/2020,6110,339089000,55.4(0.73 %),7310,405564000,1200,66475000,9088622,6.44
09/07/2020,4490,252670000,56.9(2.71 %),4490,252670000,0,0,9121022,6.29
10/07/2020,-3430,-193662000,56.5(-0.70 %),320,18041000,3750,211703000,9087562,6.45
13/07/2020,-7540,-421590000,56.2(-0.53 %),200,11380000,7740,432970000,9124272,6.27
14/07/2020,-15810,-878130000,55.7(-0.89 %),0,0,15810,878130000,9124272,6.27
15/07/2020,1230,69390000,56.1(0.72 %),2520,141346000,1290,71956000,9109682,6.34
16/07/2020,-14010,-790790000,56.4(0.53 %),0,0,14010,790790000,9133242,6.23
17/07/2020,-1870,-112320000,59.5(5.50 %),1630,96880000,3500,209200000,9147422,6.16
20/07/2020,4590,282036000,60.4(1.51 %),10300,626300000,5710,344264000,9120972,6.29
21/07/2020,-25440,-1509280000,59.9(-0.83 %),0,0,25440,1509280000,9152422,6.14
22/07/2020,6630,399061000,59.5(-0.67 %),10000,601000000,3370,201939000,9139782,6.2
23/07/2020,1260,75646000,59.6(0.17 %),5200,308700000,3940,233054000,9138522,6.21
24/07/2020,-3850,-222823000,56.4(-5.37 %),3150,178865000,7000,401688000,9142372,6.19
27/07/2020,-15390,-827990000,52.5(-6.91 %),4660,249680000,20050,1077670000,9167432,6.07
28/07/2020,4730,257570000,54.8(4.38 %),4730,257570000,0,0,9166642,6.07
29/07/2020,2550,132870000,52.7(-3.83 %),2590,134930000,40,2060000,9171052,6.05
30/07/2020,-1860,-99490000,53.5(1.52 %),0,0,1860,99490000,9191102,5.96
31/07/2020,-35400,-1871080000,52.5(-1.87 %),0,0,35400,1871080000,9191102,5.96
03/08/2020,-37100,-1985600000,54.4(3.62 %),13870,742950000,50970,2728550000,9177272,6.03
04/08/2020,-32630,-1776953000,54.5(0.18 %),12450,685184000,45080,2462137000,9223772,5.81
05/08/2020,19480,1080580000,56.2(3.12 %),19480,1080580000,0,0,9182602,6.0
06/08/2020,5250,294183000,55.7(-0.89 %),5250,294183000,0,0,9199042,5.92
07/08/2020,-8210,-459942000,56(0.54 %),1790,100058000,10000,560000000,9207252,5.88
10/08/2020,13480,788242000,58(3.57 %),13480,788242000,0,0,9193772,5.95
11/08/2020,7250,429851000,58(0.00 %),11090,652910000,3840,223059000,9186522,5.98
12/08/2020,-2980,-171137000,57.5(-0.86 %),0,0,2980,171137000,9189502,5.97
13/08/2020,4780,278974000,58.2(1.22 %),4780,278974000,0,0,9184722,5.99
14/08/2020,670,38760000,57.3(-1.55 %),710,41050000,40,2290000,9255392,5.66
17/08/2020,-1140,-64670000,57.5(0.35 %),260,14920000,1400,79590000,9258112,5.65
18/08/2020,14620,849761000,58.7(2.09 %),14620,849761000,0,0,9170572,6.06
19/08/2020,14390,883160000,62.8(6.98 %),14390,883160000,0,0,9229142,5.78
20/08/2020,-6330,-406361000,64.5(2.71 %),10850,701576000,17180,1107937000,9162512,6.09
21/08/2020,7570,492297000,64.5(0.00 %),7790,506587000,220,14290000,9154942,6.13
24/08/2020,450,29079000,64.7(0.31 %),1450,94179000,1000,65100000,9154492,6.13
25/08/2020,1280,81780000,64.2(-0.77 %),3080,198162000,1800,116382000,9153212,6.14
26/08/2020,19310,1310110000,68.6(6.85 %),24510,1647450000,5200,337340000,9200262,5.92
27/08/2020,-6190,-423160000,67.9(-1.02 %),200,13680000,6390,436840000,9201062,5.91
28/08/2020,5260,357598000,67.7(-0.29 %),8520,578743000,3260,221145000,9134832,6.22
31/08/2020,-31200,-2055248000,65.3(-3.55 %),2690,179099000,33890,2234347000,9166032,6.08
01/09/2020,-63910,-4208850000,66.2(1.38 %),19790,1306380000,83700,5515230000,9183452,6.0
03/09/2020,-126080,-8405670000,66.4(0.30 %),740,49290000,126820,8454960000,9185972,5.98
04/09/2020,46960,3235990000,69.3(4.37 %),49430,3404920000,2470,168930000,9170432,6.06
07/09/2020,-9580,-657240000,67.8(-2.16 %),0,0,9580,657240000,9254132,5.67
08/09/2020,2000,137042000,68.2(0.59 %),4640,315642000,2640,178600000,9289942,5.5
09/09/2020,10140,693370000,68.4(0.29 %),10140,693370000,0,0,9368642,5.13
10/09/2020,-4830,-349360000,70.6(3.22 %),5000,344500000,9830,693860000,9373222,5.11
11/09/2020,200,14200000,70.6(0.00 %),200,14200000,0,0,9375662,5.1
14/09/2020,0,0,70.2(-0.57 %),0,0,0,0,9284432,5.52
15/09/2020,4450,309866000,69.9(-0.43 %),4450,309866000,0,0,9279982,5.54
16/09/2020,7370,523401000,69.8(-0.14 %),7370,523401000,0,0,9272612,5.58
17/09/2020,-4880,-331170000,68.2(-2.29 %),24000,1642100000,28880,1973270000,9349672,5.22
18/09/2020,-17220,-1162982000,67.7(-0.73 %),0,0,17220,1162982000,9294712,5.48
21/09/2020,-16600,-1122160000,67.6(-0.15 %),0,0,16600,1122160000,9349672,5.22
22/09/2020,-15000,-1003443000,66.9(-1.04 %),0,0,15000,1003443000,9326312,5.33
23/09/2020,21050,1435670000,68.7(2.69 %),21050,1435670000,0,0,9374722,5.1
24/09/2020,1450,99900000,68.6(-0.15 %),1450,99900000,0,0,9389872,5.03
25/09/2020,-5390,-368120000,68.4(-0.29 %),0,0,5390,368120000,9404872,4.96
28/09/2020,10460,721890000,68.5(0.15 %),14700,1012360000,4240,290470000,9390172,5.03
29/09/2020,680,47906000,70(2.19 %),1180,82906000,500,35000000,9298062,5.46
30/09/2020,480,35199000,73(4.29 %),1920,140028000,1440,104829000,9297582,5.46
01/10/2020,-8410,-609570000,72.5(-0.68 %),4490,329930000,12900,939500000,9392212,5.02
02/10/2020,-69420,-4927464000,71.3(-1.66 %),9500,680735000,78920,5608199000,9466122,4.67
05/10/2020,75650,5442240000,72.4(1.54 %),75650,5442240000,0,0,9309002,5.41
06/10/2020,35680,2585290000,72.4(0.00 %),36080,2613970000,400,28680000,9285822,5.52
07/10/2020,36800,2646530000,71.8(-0.83 %),38740,2786060000,1940,139530000,9326002,5.33
08/10/2020,-3160,-224705000,71.8(0.00 %),250,17808000,3410,242513000,9321152,5.35
09/10/2020,20,1426000,71.8(0.00 %),120,8596000,100,7170000,9321132,5.35
12/10/2020,16360,1176010000,70.9(-1.25 %),25090,1801030000,8730,625020000,9302882,5.44
13/10/2020,10730,763944000,71(0.14 %),14310,1017286000,3580,253342000,9294042,5.48
14/10/2020,5320,378720000,71(0.00 %),5320,378720000,0,0,9288722,5.5
15/10/2020,42320,3003331000,69(-2.82 %),46970,3329898000,4650,326567000,9246402,5.7
16/10/2020,-7220,-443740000,68(-1.45 %),39990,2755400000,47210,3199140000,9212112,5.86
19/10/2020,-21560,-1475330000,68.3(0.44 %),2000,136680000,23560,1612010000,9210112,5.87
20/10/2020,-28080,-1921330000,68(-0.44 %),1160,79390000,29240,2000720000,9213602,5.86
21/10/2020,-14750,-994961000,67(-1.47 %),220,14805000,14970,1009766000,9318012,5.37
22/10/2020,-6960,-460744000,66.3(-1.04 %),350,23153000,7310,483897000,9324972,5.33
23/10/2020,-6970,-463170000,66(-0.45 %),30,1980000,7000,465150000,9313012,5.39
26/10/2020,3170,206895000,65(-1.52 %),5660,369098000,2490,162203000,9328772,5.32
27/10/2020,-7920,-526686000,63.5(-2.31 %),1250,35326500,9170,562012500,9336692,5.28
28/10/2020,-39080,-2412321000,61.9(-2.52 %),6950,430034000,46030,2842355000,9375772,5.1
29/10/2020,-11570,-719580000,63(1.78 %),5840,358670000,17410,1078250000,9325082,5.33
30/10/2020,4120,272800000,64(1.59 %),16000,1026000000,11880,753200000,9318252,5.36
02/11/2020,5950,378949000,63.5(-0.78 %),5950,378949000,0,0,9364282,5.15
03/11/2020,5260,340948000,65.5(3.15 %),5620,363952000,360,23004000,9359022,5.17
04/11/2020,9890,657976000,67.3(2.75 %),9890,657976000,0,0,9349132,5.22
05/11/2020,3590,237080000,65.3(-2.97 %),3810,251530000,220,14450000,9368302,5.13
06/11/2020,-35100,-2326150000,65.9(0.92 %),8650,570460000,43750,2896610000,9360012,5.17
09/11/2020,-26500,-1765160000,66.7(1.21 %),0,0,26500,1765160000,9360012,5.17
10/11/2020,-86340,-5843893000,67.8(1.65 %),2150,144953000,88490,5988846000,9493482,4.54
11/11/2020,-4330,-293616000,67.9(0.15 %),0,0,4330,293616000,9497812,4.52
12/11/2020,-120,-8380000,69.8(2.80 %),0,0,120,8380000,9428332,4.85
13/11/2020,8260,596618000,72.7(4.15 %),8260,596618000,0,0,9489672,4.56
16/11/2020,4980,370665000,74.6(2.61 %),5840,434485000,860,63820000,9484692,4.59
17/11/2020,-2560,-189280000,74.3(-0.40 %),0,0,2560,189280000,9507172,4.48
18/11/2020,3210,238180000,74.3(0.00 %),3210,238180000,0,0,9503962,4.5
19/11/2020,3080,230260000,74.5(0.27 %),3080,230260000,0,0,9501742,4.51
20/11/2020,1980,147880000,75(0.67 %),1980,147880000,0,0,9502322,4.5
23/11/2020,18790,1449983000,77.4(3.20 %),18830,1453019000,40,3036000,9460192,4.7
24/11/2020,-72950,-5545360000,75.9(-1.94 %),7420,570440000,80370,6115800000,9476072,4.63
25/11/2020,-60190,-4528500000,75.9(0.00 %),1330,100670000,61520,4629170000,9474742,4.63
26/11/2020,9170,502466000,57.1(-24.77 %),39630,2234658000,30460,1732192000,9584162,4.12
27/11/2020,-3640,-213290000,58(1.58 %),1450,84900000,5090,298190000,9514072,4.45
30/11/2020,-3540,-196753000,56.6(-2.41 %),20860,1188541000,24400,1385294000,9517612,4.43
01/12/2020,33250,1860233000,57.1(0.88 %),33250,1860233000,0,0,9585192,4.11
02/12/2020,-13253,-7416530000,55.8(-2.28 %),617,349360000,13870,7765890000,9550862,4.28
03/12/2020,-3760,-210750000,55.9(0.18 %),10150,566990000,13910,777740000,9565112,4.21
04/12/2020,10040,559300000,55.4(-0.89 %),10310,574340000,270,15040000,9554802,4.26
07/12/2020,1390,75880000,55.1(-0.54 %),3300,181500000,1910,105620000,9690202,3.62
08/12/2020,-20719,-11337900000,55(-0.18 %),0,0,20719,11337900000,9704112,3.56
09/12/2020,21090,1195280000,56.5(2.73 %),21710,1230220000,620,34940000,9682672,3.66
10/12/2020,-7720,-432300000,55.8(-1.24 %),500,28250000,8220,460550000,9684082,3.65
11/12/2020,-1660,-91532000,56(0.36 %),400,22386000,2060,113918000,9905532,2.61
14/12/2020,3930,221165000,56.3(0.54 %),3930,221165000,0,0,9901602,2.63
15/12/2020,12190,700638000,57.9(2.84 %),14250,818470000,2060,117832000,9889412,2.69
16/12/2020,17770,1035940000,58.2(0.52 %),17770,1035940000,0,0,9865822,2.8
17/12/2020,0,0,57.5(-1.20 %),0,0,0,0,9871642,2.77
18/12/2020,-1690,-96771000,57.2(-0.52 %),0,0,1690,96771000,9873332,2.77
21/12/2020,678,386680000,58.4(2.10 %),1060,605870000,382,219190000,9857282,2.84
22/12/2020,12210,734800000,62.4(6.85 %),15410,922100000,3200,187300000,9841872,2.91
23/12/2020,-1659,-1040430000,62(-0.64 %),130,81710000,1789,1122140000,9842262,2.91
24/12/2020,-25940,-1541980000,61(-1.61 %),100,5950000,26040,1547930000,9845982,2.89
25/12/2020,866,524640000,62.8(2.95 %),1321,803680000,455,279040000,9835972,2.94
28/12/2020,-780,-37709000,62.3(-0.80 %),12960,816712000,13740,854421000,9888992,23.23
29/12/2020,10410,655870000,62.4(0.16 %),10410,655870000,0,0,13886079,3.18
30/12/2020,63010,3921310000,62(-0.64 %),68990,4291980000,5980,370670000,13821639,3.39
31/12/2020,2551,1586980000,62.2(0.32 %),2563,1594440000,12,7460000,13809749,3.43
04/01/2021,39800,2546280000,63.5(2.09 %),39800,2546280000,0,0,13769949,3.56
05/01/2021,51400,3287620000,63.8(0.47 %),51400,3287620000,0,0,13718549,3.73
06/01/2021,12000,766290000,63.8(0.00 %),14600,932230000,2600,165940000,13706549,3.77
07/01/2021,-11600,-729540000,63.4(-0.63 %),3800,239490000,15400,969030000,13718149,3.73
08/01/2021,430,273890000,64.3(1.42 %),830,530120000,400,256230000,13697949,3.8
11/01/2021,-2000,-118200000,64.4(0.16 %),8000,516800000,10000,635000000,13715849,3.74
12/01/2021,8700,561610000,66.4(3.11 %),9400,606620000,700,45010000,13707149,3.77
13/01/2021,9300,629760000,65.3(-1.66 %),13600,914940000,4300,285180000,13697849,3.8
14/01/2021,-900,-54840000,64.6(-1.07 %),3000,191850000,3900,246690000,13698749,3.8
15/01/2021,-41700,-2666060000,63.8(-1.24 %),100,6460000,41800,2672520000,13740449,3.66
18/01/2021,21600,1398070000,64.4(0.94 %),21700,1404480000,100,6410000,13718849,3.73
19/01/2021,-1240,-752310000,59.9(-6.99 %),1460,909980000,2700,1662290000,13668339,3.9
20/01/2021,7700,405150000,58(-3.17 %),27600,1558180000,19900,1153030000,13723549,3.71
21/01/2021,-14200,-832000000,59.9(3.28 %),1000,58910000,15200,890910000,13737749,3.67
22/01/2021,9500,565370000,59(-1.50 %),21100,1254880000,11600,689510000,13728249,3.7
25/01/2021,-3550,-2062470000,58.2(-1.36 %),230,133630000,3780,2196100000,13704824,3.78
26/01/2021,-1020,-580130000,56(-3.78 %),40,22600000,1060,602730000,13719624,3.73
27/01/2021,100,-4220000,53.3(-4.82 %),8700,467330000,8600,471550000,13773849,3.55
28/01/2021,12600,631845000,49.6(-6.94 %),22600,1141845000,10000,510000000,13761249,3.59
29/01/2021,6600,308235000,52(4.84 %),18600,927385000,12000,619150000,13754649,3.61
01/02/2021,-17500,-892010000,51(-1.92 %),3400,174850000,20900,1066860000,13738324,3.67
02/02/2021,710,391910000,52(1.96 %),2400,1244540000,1690,852630000,13721024,3.72
03/02/2021,12400,667320000,54.6(5.00 %),22600,1210250000,10200,542930000,13718824,3.73
04/02/2021,-20600,-1113370000,54(-1.10 %),1000,54060000,21600,1167430000,13739424,3.66
05/02/2021,-1000,-52340000,54.5(0.93 %),4100,222300000,5100,274640000,13740424,3.66
08/02/2021,-2660,-1412920000,53.1(-2.57 %),160,87720000,2820,1500640000,13750970,3.62
09/02/2021,410,222740000,54.5(2.64 %),720,386730000,310,163990000,13765370,3.58
17/02/2021,12100,673230000,56.7(4.04 %),12600,700930000,500,27700000,13750824,3.62
18/02/2021,1340,775270000,57.7(1.76 %),2140,1236540000,800,461270000,13764670,3.58
19/02/2021,380,219920000,57.5(-0.35 %),600,346000000,220,126080000,13761770,3.59
22/02/2021,-800,-459080000,57.3(-0.35 %),500,288370000,1300,747450000,13757206,3.6
23/02/2021,-3940,-2239070000,56.6(-1.22 %),20,11340000,3960,2250410000,13765006,3.58
24/02/2021,20,12140000,57.7(1.94 %),70,40490000,50,28350000,13766506,3.57
25/02/2021,-11100,-636040000,57.3(-0.69 %),100,5720000,11200,641760000,13791924,3.49
26/02/2021,-450,-255980000,57.1(-0.35 %),0,0,450,255980000,13819006,3.4
01/03/2021,720,416000000,58.4(2.28 %),1060,611290000,340,195290000,13808906,3.43
02/03/2021,-61300,-3588170000,58.8(0.68 %),2000,117720000,63300,3705890000,13880806,3.2
03/03/2021,-60900,-3638270000,59.8(1.70 %),12400,740370000,73300,4378640000,13941706,2.99
04/03/2021,-10400,-601670000,58(-3.01 %),0,0,10400,601670000,13952106,2.96
05/03/2021,-11700,-669070000,57.5(-0.86 %),2100,120180000,13800,789250000,13963806,2.92
08/03/2021,-2000,-114990000,57.5(0.00 %),5800,336400000,7800,451390000,13965806,2.92
09/03/2021,-700,-400620000,57.8(0.52 %),20,11520000,720,412140000,13952517,2.96
10/03/2021,6600,384950000,58.5(1.21 %),6700,390740000,100,5790000,13966206,2.91
11/03/2021,620,378430000,60.8(3.93 %),620,378430000,0,0,13961217,2.93
12/03/2021,1400,83460000,60.1(-1.15 %),3800,228500000,2400,145040000,13958606,2.94
15/03/2021,20,13350000,60(-0.17 %),820,494100000,800,480750000,13956517,2.95
16/03/2021,-70,-41500000,59.2(-1.33 %),20,11870000,90,53370000,13956317,2.95
17/03/2021,270,161240000,59.8(1.36 %),270,161240000,0,0,13955969,2.95
18/03/2021,-80,-47760000,59.5(-0.50 %),10,5970000,90,53730000,13963538,2.92
19/03/2021,-2100,-124960000,59.2(-0.50 %),100,5920000,2200,130880000,13959306,2.94
22/03/2021,6600,401260000,60.5(2.20 %),8000,483820000,1400,82560000,13952706,2.96
23/03/2021,8300,504090000,59.6(-1.49 %),9000,546160000,700,42070000,13944406,2.99
24/03/2021,8500,499900000,57.2(-4.03 %),14000,825500000,5500,325600000,13935906,3.01
25/03/2021,-18400,-1053070000,56.9(-0.52 %),100,5690000,18500,1058760000,13954306,2.95
26/03/2021,-11700,-650600000,56.5(-0.70 %),1000,55090000,12700,705690000,13966006,2.91
29/03/2021,370,214140000,58(2.65 %),380,219930000,10,5790000,13939277,3.0
30/03/2021,-3000,-174000000,57.9(-0.17 %),0,0,3000,174000000,13965306,2.92
31/03/2021,40,23800000,58(0.17 %),220,127840000,180,104040000,13968277,2.91
01/04/2021,7200,419160000,58.4(0.69 %),7200,419160000,0,0,13968377,2.91
02/04/2021,4900,291980000,59(1.03 %),6000,356450000,1100,64470000,13963477,2.92
05/04/2021,-1720,-1007560000,58.3(-1.19 %),0,0,1720,1007560000,13959977,2.93
06/04/2021,22700,1323560000,58.3(0.00 %),27900,1625530000,5200,301970000,13957977,2.94
07/04/2021,-220,-127480000,58.3(0.00 %),0,0,220,127480000,13933177,3.02
08/04/2021,0,0,58.4(0.17 %),0,0,0,0,13960177,2.93
09/04/2021,0,0,58.6(0.34 %),0,0,0,0,13955657,2.95
12/04/2021,0,0,58.7(0.17 %),0,0,0,0,13957857,2.94
13/04/2021,-400,-231690000,57.5(-2.04 %),0,0,400,231690000,13957857,2.94
14/04/2021,-15600,-888980000,57.5(0.00 %),0,0,15600,888980000,13979777,2.87
15/04/2021,-16400,-928920000,56.4(-1.91 %),1500,85500000,17900,1014420000,13996177,0.0
16/04/2021,-970,-538990000,54.7(-3.01 %),70,38650000,1040,577640000,13959609,2.94
19/04/2021,-4500,-246570000,55.2(0.91 %),500,27260000,5000,273830000,14010377,2.77
20/04/2021,-1300,-72030000,54.5(-1.27 %),0,0,1300,72030000,14011677,2.76
22/04/2021,-820,-442240000,52(-4.59 %),120,64720000,940,506960000,14001809,2.8
23/04/2021,790,412080000,53(1.92 %),830,432960000,40,20880000,13998509,2.81
26/04/2021,-1050,-552310000,52.6(-0.75 %),70,36980000,1120,589290000,13999109,2.81
27/04/2021,-1000,-52400000,52.7(0.19 %),0,0,1000,52400000,14023477,2.73
28/04/2021,-700,-36740000,53.3(1.14 %),1300,69260000,2000,106000000,14024177,2.72
29/04/2021,-1400,-745340000,53.2(-0.19 %),0,0,1400,745340000,14018809,2.74
04/05/2021,-1580,-823950000,52(-2.26 %),0,0,1580,823950000,14019809,2.74
05/05/2021,6900,362850000,52.7(1.35 %),6900,362850000,0,0,14012909,2.76
06/05/2021,-64000,-3389550000,52.8(0.19 %),2400,128110000,66400,3517660000,14076909,2.55
07/05/2021,-4000,-209590000,52.4(-0.76 %),0,0,4000,209590000,14080909,2.54
10/05/2021,-14200,-746970000,53(1.15 %),0,0,14200,746970000,14095109,2.49
11/05/2021,2100,113960000,53.6(1.13 %),4200,226780000,2100,112820000,14093009,2.5
12/05/2021,560,301960000,55.5(3.54 %),900,485900000,340,183940000,14099502,2.47
13/05/2021,-610,-333960000,54.5(-1.80 %),10,5510000,620,339470000,14113602,2.43
14/05/2021,-5400,-293070000,54.1(-0.73 %),0,0,5400,293070000,14098909,2.48
17/05/2021,-870,-466820000,53.5(-1.11 %),0,0,870,466820000,14119102,2.41
18/05/2021,-1040,-555980000,53.5(0.00 %),0,0,1040,555980000,14125302,2.39
19/05/2021,-670,-357210000,53(-0.93 %),0,0,670,357210000,14130702,2.37
20/05/2021,-6100,-323160000,52.9(-0.19 %),0,0,6100,323160000,14130809,2.37
21/05/2021,1900,96710000,52.1(-1.51 %),1900,96710000,0,0,14128909,2.38
24/05/2021,11800,630330000,53.6(2.88 %),12800,683190000,1000,52860000,14117109,2.42
25/05/2021,-850,-450140000,52.9(-1.31 %),250,131750000,1100,581890000,14145274,2.32
26/05/2021,-1460,-762910000,52.2(-1.32 %),20,10400000,1480,773310000,14145074,2.32
27/05/2021,-1100,-56710000,51(-2.30 %),200,10240000,1300,66950000,14141309,2.34
28/05/2021,-12900,-655260000,51.3(0.59 %),200,10160000,13100,665420000,14154209,2.29
31/05/2021,-11200,-567560000,50.8(-0.97 %),200,10180000,11400,577740000,14165409,2.26
01/06/2021,-550,-278020000,50.4(-0.79 %),20,10100000,570,288120000,14172303,2.23
02/06/2021,-290,-145940000,51.2(1.59 %),40,20080000,330,166020000,14185003,2.19
03/06/2021,-11800,-599490000,51.7(0.98 %),800,40710000,12600,640200000,14187203,2.18
04/06/2021,1600,81960000,53.7(3.87 %),4900,257400000,3300,175440000,14185603,2.19
07/06/2021,-70,-38050000,54.3(1.12 %),50,27050000,120,65100000,14199203,2.15
08/06/2021,-50,-27320000,53.5(-1.47 %),0,0,50,27320000,14211803,2.1
09/06/2021,-340,-179350000,52.6(-1.68 %),40,21300000,380,200650000,14214703,2.09
10/06/2021,-700,-36740000,52.6(0.00 %),200,10420000,900,47160000,14190903,2.17
11/06/2021,940,494330000,52.7(0.19 %),940,494330000,0,0,14206803,2.12
14/06/2021,890,478840000,54.1(2.66 %),890,478840000,0,0,14201703,2.14
15/06/2021,3200,178750000,57.8(6.84 %),3300,184530000,100,5780000,14169403,2.24
16/06/2021,-6500,-373490000,57.5(-0.52 %),2500,145500000,9000,518990000,14175903,2.22
17/06/2021,8000,461360000,57.6(0.17 %),9600,551400000,1600,90040000,14167903,2.25
18/06/2021,-30,-17520000,58.5(1.56 %),20,11720000,50,29240000,14187018,2.19
21/06/2021,-160,-92800000,57.3(-2.05 %),0,0,160,92800000,14196018,2.16
22/06/2021,-2400,-137010000,57(-0.52 %),0,0,2400,137010000,14172203,2.23
23/06/2021,-9000,-494950000,54.6(-4.21 %),900,51080000,9900,546030000,14181203,2.2
24/06/2021,100,5430000,54.7(0.18 %),100,5430000,0,0,14181103,2.21
25/06/2021,-1700,-92580000,54.7(0.00 %),0,0,1700,92580000,14182803,2.2
28/06/2021,-30,-16650000,55.4(1.28 %),0,0,30,16650000,14211018,2.11
29/06/2021,5700,316980000,54.7(-1.26 %),6000,333510000,300,16530000,14177403,2.22
30/06/2021,-330,-178130000,53.7(-1.83 %),10,5380000,340,183510000,14206618,2.12
01/07/2021,370,198460000,53.8(0.19 %),610,326290000,240,127830000,14200818,2.14
02/07/2021,20,10770000,53.6(-0.37 %),30,16130000,10,5360000,14200818,2.14
05/07/2021,2150,1140060000,52.7(-1.68 %),3280,1734450000,1130,594390000,14171418,2.24
06/07/2021,500,256260000,50.8(-3.61 %),950,489250000,450,232990000,14164318,2.26
07/07/2021,-1300,-64870000,51.5(1.38 %),3700,188640000,5000,253510000,14181518,2.2
08/07/2021,-690,-354230000,50.9(-1.17 %),10,5090000,700,359320000,14171918,2.24
09/07/2021,-600,-30120000,50.9(0.00 %),3300,168980000,3900,199100000,14189018,2.18
12/07/2021,-50,-25250000,50.2(-1.38 %),0,0,50,25250000,14177938,2.22
13/07/2021,-1330,-671240000,50.9(1.39 %),100,50300000,1430,721540000,14183938,2.2
14/07/2021,-9400,-475090000,50.4(-0.98 %),100,5060000,9500,480150000,14212218,2.1
15/07/2021,0,0,50.9(0.99 %),0,0,0,0,14188238,2.18
16/07/2021,-120,-60670000,51.1(0.39 %),0,0,120,60670000,14202538,2.13
19/07/2021,-10,-5000000,49.35(-3.42 %),0,0,10,5000000,14211812,2.1
20/07/2021,700,35140000,50.6(2.53 %),700,35140000,0,0,14212818,2.1
21/07/2021,0,0,49.95(-1.28 %),0,0,0,0,14212312,2.1
22/07/2021,3500,177580000,50.8(1.70 %),3500,177580000,0,0,14209318,2.11
23/07/2021,700,35900000,50.3(-0.98 %),1400,71200000,700,35300000,14208618,2.11
26/07/2021,90,45360000,50.6(0.60 %),90,45360000,0,0,14206612,2.12
27/07/2021,2900,147770000,50.6(0.00 %),2900,147770000,0,0,14204818,2.13
28/07/2021,-1200,-60640000,50.9(0.59 %),0,0,1200,60640000,14206018,2.12
29/07/2021,-290,-146680000,50.6(-0.59 %),0,0,290,146680000,14204412,2.13
30/07/2021,-2600,-132320000,50.9(0.59 %),200,10200000,2800,142520000,14211518,2.1
02/08/2021,28200,1448680000,51(0.20 %),28200,1448680000,0,0,14205412,2.12
03/08/2021,5000,260690000,52.7(3.33 %),5100,265910000,100,5220000,14200412,2.14
04/08/2021,-2700,-142400000,52.6(-0.19 %),200,10640000,2900,153040000,14203112,2.13
05/08/2021,-500,-26410000,52.9(0.57 %),0,0,500,26410000,14203612,2.13
06/08/2021,400,21340000,53.4(0.95 %),400,21340000,0,0,14203212,2.13
09/08/2021,4100,221830000,54.2(1.50 %),4100,221830000,0,0,14199112,2.15
10/08/2021,78800,4314400000,54.7(0.92 %),78800,4314400000,0,0,14120312,2.41
11/08/2021,2800,152700000,54.2(-1.28 %),2800,152700000,0,0,14117512,2.41
12/08/2021,9500,511180000,53.7(-0.92 %),9500,511180000,0,0,14108012,2.45
13/08/2021,10100,485208000,54.6(1.68 %),10100,485208000,0,0,14097912,2.48
16/08/2021,-2900,-167010000,57(4.40 %),1300,72870000,4200,239880000,14100812,2.47
17/08/2021,-10400,-584280000,55.9(-1.93 %),0,0,10400,584280000,14118712,2.41
18/08/2021,2600,144800000,56(0.18 %),2600,144800000,0,0,14098212,2.48
19/08/2021,-5200,-283230000,54.6(-2.50 %),600,32720000,5800,315950000,14103412,2.46
20/08/2021,-9700,-532320000,53.1(-2.75 %),2200,115040000,11900,647360000,14113112,2.43
23/08/2021,7600,399060000,51.6(-2.82 %),7600,399060000,0,0,14105512,2.45
24/08/2021,300,13860000,51(-1.16 %),2700,137160000,2400,123300000,14105212,2.46
25/08/2021,-4300,-217070000,51.2(0.39 %),0,0,4300,217070000,14109512,2.44
26/08/2021,4000,206620000,51.5(0.59 %),4000,206620000,0,0,14105512,2.45
27/08/2021,3300,170780000,53(2.91 %),3300,170780000,0,0,14102212,2.47
30/08/2021,18800,1008580000,54(1.89 %),19400,1040370000,600,31790000,14083412,2.53
31/08/2021,-5600,-307400000,56.7(5.00 %),400,22720000,6000,330120000,14089012,2.51
01/09/2021,-3200,-183070000,57.3(1.06 %),3000,172180000,6200,355250000,14067312,2.58
06/09/2021,36900,2151710000,58.3(1.75 %),37700,2198420000,800,46710000,14030412,2.7
07/09/2021,-9100,-518220000,56.5(-3.09 %),7400,420430000,16500,938650000,14039512,2.67
08/09/2021,1800,102730000,55.7(-1.42 %),5100,286190000,3300,183460000,14037712,2.68
09/09/2021,-6500,-363130000,56.9(2.15 %),8800,500530000,15300,863660000,14044212,2.66
10/09/2021,0,0,56.8(-0.18 %),0,0,0,0,14044212,2.66
13/09/2021,200,11350000,56.1(-1.23 %),200,11350000,0,0,14044012,2.66
14/09/2021,2400,133700000,56(-0.18 %),2400,133700000,0,0,14041612,2.67
15/09/2021,4700,264590000,56.3(0.54 %),4700,264590000,0,0,14036912,2.68
16/09/2021,2400,135120000,56.1(-0.36 %),2400,135120000,0,0,14034512,2.69
17/09/2021,3300,186840000,56.9(1.43 %),4500,254180000,1200,67340000,14031212,2.7
20/09/2021,200,11310000,55.9(-1.76 %),200,11310000,0,0,14031012,2.7
21/09/2021,1300,70650000,54.2(-3.04 %),1600,86830000,300,16180000,14029712,2.7
22/09/2021,300,16080000,54.2(0.00 %),300,16080000,0,0,14029412,2.71
23/09/2021,7200,395950000,54.2(0.00 %),7200,395950000,0,0,14022212,2.73
24/09/2021,600,33120000,54(-0.37 %),2000,108340000,1400,75220000,14021612,2.73
27/09/2021,-15500,-823260000,51.2(-5.19 %),200,10610000,15700,833870000,14037112,2.68
28/09/2021,14800,764740000,53(3.52 %),14800,764740000,0,0,14022312,2.73
29/09/2021,-1500,-78580000,52.6(-0.75 %),0,0,1500,78580000,14023812,2.72
30/09/2021,0,0,53(0.76 %),100,5290000,100,5290000,14023812,2.72
01/10/2021,-42300,-2217520000,52.5(-0.94 %),22612,1114771600,64912,3332291600,14035072,2.69
04/10/2021,0,0,52.7(0.38 %),0,0,0,0,14035072,2.69
05/10/2021,-33400,-1784760000,53.8(2.09 %),200,10600000,33600,1795360000,14068472,2.58
06/10/2021,-36100,-1938150000,53.8(0.00 %),100,5360000,36200,1943510000,14104572,0.0
07/10/2021,-3000,-162800000,55.4(2.97 %),1100,60850000,4100,223650000,14107572,0.0
08/10/2021,-4000,-219940000,54.9(-0.90 %),0,0,4000,219940000,14111572,0.0
11/10/2021,-100,0,54.7(-0.36 %),0,0,100,0,14111672,0.0
12/10/2021,-2400,-130590000,54.7(0.00 %),0,0,2400,130590000,14114072,0.0
13/10/2021,900,49230000,54.6(-0.18 %),900,49230000,0,0,14113172,0.0
14/10/2021,5400,297050000,55.5(1.65 %),5400,297050000,0,0,14107772,0.0
15/10/2021,-2900,-162020000,56.1(1.08 %),0,0,2900,162020000,14110672,0.0
18/10/2021,-5700,-321470000,57(1.60 %),0,0,5700,321470000,14116372,0.0
19/10/2021,-4800,-276280000,57.9(1.58 %),1100,63550000,5900,339830000,14121172,0.0
20/10/2021,3000,180090000,60.4(4.32 %),5300,317070000,2300,136980000,14118172,0.0
21/10/2021,12500,774840000,63.3(4.80 %),13200,817460000,700,42620000,14108672,0.0
22/10/2021,7400,468050000,63.3(0.00 %),8000,505850000,600,37800000,14101272,0.0
25/10/2021,12700,789220000,62(-2.05 %),12700,789220000,0,0,14088572,0.0
26/10/2021,39400,2420170000,62.8(1.29 %),39400,2420170000,0,0,14049172,0.0
27/10/2021,10300,665950000,66(5.10 %),11400,738450000,1100,72500000,14038872,0.0
28/10/2021,-4700,-310070000,66(0.00 %),2600,171860000,7300,481930000,14043572,2.66
29/10/2021,-500,-32210000,65.9(-0.15 %),800,52480000,1300,84690000,14044072,2.66
01/11/2021,9500,629860000,64.8(-1.67 %),19000,1248050000,9500,618190000,14076347,2.55
02/11/2021,120300,8075010000,69.3(6.94 %),121500,8157100000,1200,82090000,13956047,2.95
03/11/2021,0,0,64.5(-6.93 %),0,0,0,0,13956047,2.95
04/11/2021,24900,1597310100,66(2.33 %),25100,1610139900,200,12829800,13931147,0.0
05/11/2021,0,0,65.9(-0.15 %),0,0,0,0,13956047,2.95
08/11/2021,-9000,-582330000,64.9(-1.52 %),0,0,9000,582330000,13965047,2.92
09/11/2021,7200,467050000,64.1(-1.23 %),9900,641140000,2700,174090000,13957847,2.94
10/11/2021,30300,1969742400,67.4(5.15 %),30700,1995745600,400,26003200,13927547,0.0
11/11/2021,-9500,-641810000,67.9(0.74 %),1900,129890000,11400,771700000,13967347,2.91
12/11/2021,-16600,-1100080000,67.5(-0.59 %),0,0,16600,1100080000,13983947,2.86
15/11/2021,-13400,-886600000,66.2(-1.93 %),100,6630000,13500,893230000,13997347,2.81
16/11/2021,25900,1698590000,64(-3.32 %),31700,2076440000,5800,377850000,13971447,2.9
17/11/2021,-200,-12860000,64.9(1.41 %),0,0,200,12860000,13971647,2.9
18/11/2021,5400,350120000,64.7(-0.31 %),5900,382240000,500,32120000,13966247,2.91
19/11/2021,-3200,-219150000,61.1(-5.56 %),7900,487530000,11100,706680000,13969447,2.9
22/11/2021,20000,1185570000,58.8(-3.76 %),20100,1191570000,100,6000000,13949447,2.97
23/11/2021,19500,1158480000,60.6(3.06 %),19500,1158480000,0,0,13929947,3.03
24/11/2021,-9300,-561020000,60.3(-0.50 %),2900,175500000,12200,736520000,13939247,3.0
25/11/2021,6300,387700000,61.6(2.16 %),8300,508090000,2000,120390000,13932947,3.02
26/11/2021,-30500,-1844350000,60.7(-1.46 %),100,6150000,30600,1850500000,13963447,0.0
29/11/2021,0,0,59.4(-2.14 %),0,0,0,0,13963447,2.92
30/11/2021,1400,84850000,61(2.69 %),1600,97090000,200,12240000,13962047,2.93
01/12/2021,-8800,-541220000,61.6(0.98 %),100,6110000,8900,547330000,13889920,3.17
02/12/2021,-2900,-178180000,61.8(0.32 %),0,0,2900,178180000,13892820,3.16
03/12/2021,-15000,-911340000,60(-2.91 %),4300,261150000,19300,1172490000,13907820,3.11
06/12/2021,-7800,-449450000,56.5(-5.83 %),600,35040000,8400,484490000,13915620,3.08
07/12/2021,14300,815110000,57.8(2.30 %),14900,849730000,600,34620000,13901320,3.13
08/12/2021,-5800,-338770000,58.3(0.87 %),800,47040000,6600,385810000,13907120,3.11
09/12/2021,-500,-29210000,58.7(0.69 %),0,0,500,29210000,13907620,0.0
10/12/2021,1300,77330000,59.7(1.70 %),1300,77330000,0,0,13906320,3.11
13/12/2021,1500,90130000,63(5.53 %),1700,102750000,200,12620000,13904820,3.12
14/12/2021,-13700,-853530000,62.2(-1.27 %),0,0,13700,853530000,13918520,3.08
15/12/2021,85100,5312850000,62.5(0.48 %),86300,5387450000,1200,74600000,13833420,3.36
16/12/2021,20600,1283360000,63(0.80 %),20800,1295830000,200,12470000,13812820,3.43
17/12/2021,4400,285390000,64.3(2.06 %),4500,291790000,100,6400000,13808420,3.44
20/12/2021,-15400,-966430000,63(-2.02 %),0,0,15400,966430000,13823820,3.39
21/12/2021,200,13230000,62.9(-0.16 %),2500,157750000,2300,144520000,13823620,0.0
22/12/2021,4100,256470000,64.2(2.07 %),9500,603050000,5400,346580000,13819520,3.4
23/12/2021,-10200,-635633400,62.5(-2.65 %),4400,274194800,14600,909828200,13829720,0.0
24/12/2021,0,0,62.2(-0.48 %),0,0,0,0,13819520,3.4
27/12/2021,-7100,-429530000,61.6(-0.96 %),0,0,7100,429530000,13842988,3.32
28/12/2021,-1000,-61500000,61.1(-0.81 %),1600,98540000,2600,160040000,13843988,3.32
29/12/2021,-1900,-114800000,59.7(-2.29 %),0,0,1900,114800000,13857088,3.27
30/12/2021,300,18020000,60.2(0.84 %),300,18020000,0,0,13859388,3.27
31/12/2021,-6200,-371100000,59.7(-0.83 %),0,0,6200,371100000,13861288,3.26
04/01/2022,-36500,-2205470000,60.6(1.51 %),1900,115760000,38400,2321230000,13859388,3.27
05/01/2022,-38800,-2368040000,61.5(1.49 %),5200,318070000,44000,2686110000,13860388,3.26
06/01/2022,1000,65060000,65.3(6.18 %),4800,311070000,3800,246010000,13893988,3.15
07/01/2022,-10800,-703530000,64.5(-1.23 %),0,0,10800,703530000,13937988,3.01
10/01/2022,-6400,-549435600,64.9(0.62 %),2000,0,8400,549435600,13939788,3.0
11/01/2022,-2200,-147080000,69.4(6.93 %),15500,1049440000,17700,1196520000,13935088,3.02
12/01/2022,-6000,-401470000,67.9(-2.16 %),3000,205340000,9000,606810000,13940488,3.0
13/01/2022,-21800,-1451320000,65.8(-3.09 %),1200,78750000,23000,1530070000,13956988,2.94
14/01/2022,6700,431730000,65.8(0.00 %),8600,557580000,1900,125850000,13957388,2.94
17/01/2022,-16600,-1065280000,61.2(-6.99 %),2400,149170000,19000,1214450000,13977988,2.88
18/01/2022,90100,5447200000,60.1(-1.80 %),90500,5471600000,400,24400000,13889388,3.17
19/01/2022,-11800,-716380000,61.8(2.83 %),1800,110880000,13600,827260000,13906588,3.11
20/01/2022,-1300,-81220000,62.1(0.00 %),2300,142260000,3600,223480000,13904688,3.12
21/01/2022,-8000,-498560000,62.5(-0.79 %),300,18660000,8300,517220000,13917988,3.07
24/01/2022,-24400,-1486800000,59.5(-4.80 %),100,6030000,24500,1492830000,13921488,3.06
25/01/2022,400,28940000,62.1(4.37 %),5300,321620000,4900,292680000,13923488,3.06
26/01/2022,-17600,-769575000,60.5(-2.58 %),0,0,17600,769575000,13947988,2.97
27/01/2022,-4700,-280590000,60.4(-0.17 %),200,12000000,4900,292590000,13952628,2.96
28/01/2022,-5900,-351270000,60.8(0.66 %),100,5970000,6000,357240000,13970128,2.9
07/02/2022,-300,-18250000,60.8(0.00 %),500,30400000,800,48650000,13974528,2.89
08/02/2022,2500,154330000,61.5(1.15 %),2700,166540000,200,12210000,13977828,2.88
09/02/2022,1600,99070000,62(0.81 %),2200,136510000,600,37440000,13976428,2.88
10/02/2022,1800,112250000,63.1(1.77 %),2100,130910000,300,18660000,13974528,2.89
11/02/2022,40500,2600000000,64.3(1.90 %),40500,2600000000,0,0,13934628,3.02
14/02/2022,-2100,-133930000,63.9(-0.62 %),0,0,2100,133930000,13934928,3.02
15/02/2022,2400,152880000,63.9(0.00 %),2400,152880000,0,0,13932528,3.03
16/02/2022,-200,-12410000,63.3(-0.94 %),900,57150000,1100,69560000,13933726,3.02
17/02/2022,0,0,63(-0.47 %),0,0,0,0,13933656,3.02
18/02/2022,-1300,-81120000,62.7(-0.48 %),0,0,1300,81120000,13934756,3.02
21/02/2022,8900,564960000,65(3.67 %),8900,564960000,0,0,13925856,3.05
22/02/2022,-2800,-180250000,64.5(-0.77 %),100,6420000,2900,186670000,13927056,3.04
23/02/2022,0,0,65(0.78 %),0,0,0,0,13927056,3.04
24/02/2022,-7600,-487180000,64(-1.54 %),0,0,7600,487180000,13929956,3.03
25/02/2022,300,18390000,64(0.00 %),1600,103020000,1300,84630000,13928356,3.04
28/02/2022,0,0,63.3(-1.09 %),0,0,0,0,13935956,3.01
01/03/2022,0,0,63(-0.47 %),0,0,0,0,13937256,3.01
02/03/2022,0,0,61.6(-2.22 %),0,0,0,0,13937256,3.01
03/03/2022,700,43190000,62.3(1.14 %),2200,135890000,1500,92700000,13935056,3.02
04/03/2022,2100,130420000,62.7(0.64 %),2100,130420000,0,0,13932956,3.02
07/03/2022,4100,254790000,61.8(-1.44 %),4100,254790000,0,0,13930356,3.03
08/03/2022,-1500,-92230000,61(-1.29 %),0,0,1500,92230000,13930356,3.03
09/03/2022,-2000,-120250000,60.3(-1.15 %),100,5930000,2100,126180000,13930256,3.03
10/03/2022,0,-690000,60.9(1.00 %),900,54540000,900,55230000,13930856,3.03
11/03/2022,-2200,-131660000,60(-1.48 %),100,6040000,2300,137700000,13932856,3.02
14/03/2022,-1200,-71190000,59.7(-0.50 %),100,5950000,1300,77140000,13933656,3.02
15/03/2022,0,0,61.3(2.68 %),0,0,0,0,13935956,3.01
16/03/2022,100,5900000,60.5(-1.31 %),200,12080000,100,6180000,14240095,3.01
17/03/2022,0,0,60.9(0.66 %),0,0,0,0,14240095,3.01
18/03/2022,0,0,60.9(0.00 %),0,0,0,0,14240195,3.01
21/03/2022,0,0,61(0.16 %),0,0,0,0,14240195,3.01
22/03/2022,0,0,61(0.00 %),0,0,0,0,14240195,3.01
23/03/2022,2000,122180000,60.9(-0.16 %),2000,122180000,0,0,14238195,3.02
24/03/2022,700,42680000,60.5(-0.66 %),700,42680000,0,0,14237495,3.02
25/03/2022,7100,432720000,61.2(1.16 %),7100,432720000,0,0,14230395,3.04
28/03/2022,300,17800000,59.9(-2.12 %),2100,126280000,1800,108480000,14228295,3.05
29/03/2022,-100,-6060000,59.9(0.00 %),100,6020000,200,12080000,14228195,3.05
30/03/2022,3500,215890000,61.6(2.84 %),3500,215890000,0,0,14226495,3.06
31/03/2022,200,11590000,62.9(2.11 %),2200,136460000,2000,124870000,14224495,3.06
01/04/2022,22300,1401950000,62.9(0.00 %),22300,1401950000,0,0,14202195,3.14
04/04/2022,-100,-6360000,63.3(0.64 %),0,0,100,6360000,14204195,3.13
05/04/2022,29500,1857930000,62.5(-1.26 %),29500,1857930000,0,0,14174695,3.23
06/04/2022,3400,211320000,61.6(-1.44 %),3400,211320000,0,0,14171395,3.24
07/04/2022,-3100,-188530000,60.2(-2.27 %),300,18270000,3400,206800000,14174495,3.23
08/04/2022,-2200,-133400000,60.7(0.83 %),100,6080000,2300,139480000,14170995,3.24
12/04/2022,-19000,-1140020000,59.4(-2.14 %),100,5940000,19100,1145960000,14189995,3.18
13/04/2022,-500,-29100000,60(1.01 %),1800,107570000,2300,136670000,14174295,3.23
14/04/2022,-3300,-199160000,60(0.00 %),0,0,3300,199160000,14193895,3.16
15/04/2022,-400,-23540000,59.9(-0.17 %),1400,84200000,1800,107740000,14194795,3.16
18/04/2022,73700,4337030000,59.7(-0.33 %),75600,4449790000,1900,112760000,14122495,3.4
19/04/2022,21300,1259070000,56.5(-5.36 %),25200,1489280000,3900,230210000,14099088,3.48
20/04/2022,3200,175740000,52.6(-6.90 %),3200,175740000,0,0,14117395,3.42
21/04/2022,15000,764235000,51(-3.04 %),15000,764235000,0,0,14086688,3.52
22/04/2022,700,35710000,50(-1.96 %),1500,76700000,800,40990000,14085188,3.52
25/04/2022,3100,146735000,46.5(-7.00 %),3800,180650000,700,33915000,14081388,3.53
26/04/2022,14900,688745000,47.1(1.29 %),15200,702645000,300,13900000,14066988,3.58
27/04/2022,-2200,-103440000,50.3(6.79 %),800,39220000,3000,142660000,14066888,3.58
28/04/2022,-13500,-696980000,51.3(1.99 %),300,15530000,13800,712510000,14066888,3.58
29/04/2022,-2600,-132260000,51.6(0.58 %),700,35860000,3300,168120000,14069188,3.57
04/05/2022,-31100,-1573560000,51(-1.16 %),100,5040000,31200,1578600000,14082888,3.53
05/05/2022,-2200,-111320000,51(0.00 %),800,40690000,3000,152010000,14085088,0.0
06/05/2022,-8300,-413340000,49.8(-2.35 %),1600,79680000,9900,493020000,14114988,3.42
09/05/2022,-2800,-136080000,48.6(-2.41 %),800,38880000,3600,174960000,14117188,3.42
10/05/2022,3500,175700000,50.2(3.29 %),4000,200800000,500,25100000,14123088,3.4
11/05/2022,54600,2843490000,53(5.58 %),54700,2848720000,100,5230000,14068488,0.0
12/05/2022,-5100,-263040000,51.2(-3.40 %),400,20850000,5500,283890000,14073588,0.0
13/05/2022,-5300,-265040000,49(-4.30 %),400,19810000,5700,284850000,14071788,3.57
16/05/2022,-2800,-137760000,49.2(0.41 %),300,14760000,3100,152520000,14076988,3.55
17/05/2022,500,26000000,52(5.69 %),1300,67600000,800,41600000,14081388,3.53
18/05/2022,-2000,-105000000,52.5(0.96 %),0,0,2000,105000000,14084488,3.52
19/05/2022,2500,132250000,52.9(0.76 %),2600,137540000,100,5290000,14082688,3.53
20/05/2022,-600,-31740000,52.9(0.00 %),500,26450000,1100,58190000,14084188,3.52
23/05/2022,-1500,-75750000,50.5(2.23 %),0,0,1500,75750000,14084288,3.52
24/05/2022,-2500,-125750000,50.3(-0.40 %),100,5030000,2600,130780000,14085288,3.52
25/05/2022,6200,312480000,50.4(0.20 %),6900,347760000,700,35280000,14079888,3.54
26/05/2022,0,312480000,50.2(-0.40 %),0,347760000,0,35280000,14082488,3.53
27/05/2022,-100,-4990000,49.9(-0.60 %),0,0,100,4990000,14083188,3.53
30/05/2022,-6700,-334665000,49.95(0.10 %),0,0,6700,334665000,14083188,3.53
31/05/2022,0,-334665000,49.4(-1.20 %),0,0,0,334665000,14083288,3.53
01/06/2022,0,-334665000,48.5(-1.82 %),0,0,0,334665000,14089988,3.51
02/06/2022,-100,-4940000,49.4(1.86 %),0,0,100,4940000,14089988,3.51
03/06/2022,-100,-4915000,49.15(-0.51 %),0,0,100,4915000,14089988,3.51
06/06/2022,0,0,49.3(0.20 %),0,0,0,0,14090088,3.51
07/06/2022,0,0,49.3(0.00 %),0,0,0,0,14090088,3.51
08/06/2022,-32600,-1607180000,49.3(0.00 %),0,0,32600,1607180000,14090088,3.51
09/06/2022,-30800,-1499960000,48.7(-1.22 %),0,0,30800,1499960000,14090088,3.51
10/06/2022,-24700,-1190540000,48.2(-1.03 %),400,19280000,25100,1209820000,14122288,3.4
13/06/2022,200,8970000,44.85(-6.95 %),200,8970000,0,0,14152888,3.3
14/06/2022,100,4480000,44.8(-0.22 %),100,4480000,0,0,14177888,3.22
15/06/2022,-400,-17600000,44(-1.79 %),0,0,400,17600000,14177883,3.22
16/06/2022,0,-17600000,44.3(0.68 %),0,0,0,17600000,14177883,3.22
17/06/2022,0,-17600000,43.6(-1.58 %),0,0,0,17600000,14178283,3.21
20/06/2022,200,8110000,41.95(-3.78 %),200,8110000,0,0,14178083,3.21
21/06/2022,1000,41900000,41.9(-0.24 %),1000,41900000,0,0,14177083,3.22
22/06/2022,100,4050000,40.5(-3.34 %),100,4050000,0,0,14176983,3.22
23/06/2022,1400,60620000,43.3(6.91 %),1400,60620000,0,0,14175583,3.22
24/06/2022,0,60620000,43.2(-0.23 %),0,60620000,0,0,14175583,3.22
27/06/2022,0,0,43.2(0.00 %),0,0,0,0,14175583,3.22
28/06/2022,-400,-17120000,42.8(-0.93 %),0,0,400,17120000,14175583,3.22
29/06/2022,0,0,42.5(-0.70 %),0,0,0,0,14175583,3.22
30/06/2022,100,4150000,41.5(-2.35 %),100,4150000,0,0,14175883,3.22
01/07/2022,0,4150000,41.3(-0.48 %),0,4150000,0,0,14175883,3.22
04/07/2022,0,4150000,40.9(-0.97 %),0,4150000,0,0,14175883,0.0
05/07/2022,0,4150000,40.8(-0.24 %),0,4150000,0,0,14175883,3.22
06/07/2022,-100,-4030000,40.3(-1.23 %),0,0,100,4030000,14175883,3.22
07/07/2022,200,7880000,39.4(-2.23 %),200,7880000,0,0,14175683,3.22
08/07/2022,54600,-710600000,39(-1.02 %),54700,11400000,100,722000000,14121083,0.0
11/07/2022,-18700,-710600000,38(-2.56 %),300,11400000,19000,722000000,14175183,3.22
12/07/2022,-24300,-936765000,38.55(1.45 %),7700,296835000,32000,1233600000,14167483,3.25
13/07/2022,15700,620150000,39.5(2.33 %),15700,620150000,0,0,14170783,3.24
14/07/2022,13100,523345000,39.95(1.14 %),13500,539325000,400,15980000,14189283,3.18
15/07/2022,3800,148580000,39.1(-2.25 %),3800,148580000,0,0,14185483,3.19
18/07/2022,5900,236000000,40(2.30 %),5900,236000000,0,0,14179983,3.21
19/07/2022,500,19700000,39.4(-1.50 %),2700,106380000,2200,86680000,14177283,3.22
20/07/2022,-18700,-757350000,40.5(2.79 %),5800,234900000,24500,992250000,14171483,3.24
21/07/2022,10600,437780000,41.3(1.98 %),12700,524510000,2100,86730000,14160983,3.27
22/07/2022,1400,139230000,40.95(-0.85 %),1400,139230000,0,0,14182083,3.2
25/07/2022,8700,352785000,40.55(-1.10 %),8700,352785000,0,0,14175403,3.22
26/07/2022,6700,269340000,40.2(-0.99 %),6700,269340000,0,0,14168703,3.25
27/07/2022,8100,319950000,39.5(-1.74 %),8100,319950000,0,0,14160603,3.27
28/07/2022,4000,162000000,40.5(2.53 %),5000,202500000,1000,40500000,14155603,3.29
29/07/2022,8400,341880000,40.7(0.49 %),8900,362230000,500,20350000,14146703,3.32
01/08/2022,11000,447700000,40.7(0.00 %),11000,447700000,0,0,14136703,3.35
02/08/2022,7400,306360000,41.4(1.72 %),7500,310500000,100,4140000,14129703,3.37
03/08/2022,7500,311250000,41.5(0.24 %),8500,352750000,1000,41500000,14121203,3.4
04/08/2022,2300,94990000,41.3(-0.48 %),2700,111510000,400,16520000,14118603,3.41
05/08/2022,300,12390000,41.3(0.00 %),500,20650000,200,8260000,14119103,3.41
08/08/2022,2900,119625000,41.25(-0.12 %),4100,169125000,1200,49500000,14115403,3.42
09/08/2022,-1100,-46090000,41.9(1.45 %),900,37710000,2000,83800000,14114703,3.42
10/08/2022,6200,262570000,42.35(1.07 %),6200,262570000,0,0,14109703,3.44
11/08/2022,-6000,-247200000,41.2(-2.83 %),2200,90640000,8200,337840000,14109503,3.44
12/08/2022,1800,74610000,41.45(0.61 %),1900,78755000,100,4145000,14107603,3.45
15/08/2022,300,12330000,41.1(-0.96 %),400,16440000,100,4110000,14115403,3.42
16/08/2022,-3600,-146880000,40.8(-0.73 %),0,0,3600,146880000,14115503,3.42
17/08/2022,-4700,-188470000,40.1(-1.72 %),0,0,4700,188470000,14115603,3.42
18/08/2022,-4600,-183540000,39.9(-0.50 %),0,0,4600,183540000,14119203,3.41
19/08/2022,-2700,-108000000,40(0.25 %),100,4000000,2800,112000000,14123803,3.39
22/08/2022,-6300,-251370000,39.9(-0.25 %),0,0,6300,251370000,14128403,3.38
23/08/2022,2500,101500000,40.6(1.75 %),2600,105560000,100,4060000,14128603,3.38
24/08/2022,2500,101500000,40.6(0.00 %),2500,101500000,0,0,14132403,3.37
25/08/2022,0,101500000,40.45(-0.37 %),0,101500000,0,0,14132503,3.37
26/08/2022,-800,-32080000,40.1(-0.99 %),800,32080000,1600,64160000,14131703,3.37
29/08/2022,-7300,-287620000,39.4(-1.75 %),0,0,7300,287620000,14131703,3.37
30/08/2022,-4300,-168990000,39.3(-0.25 %),4500,176850000,8800,345840000,14128803,3.38
31/08/2022,-2100,-81795000,38.95(-0.89 %),500,19475000,2600,101270000,14135603,3.36
05/09/2022,400,15580000,38.95(-0.13 %),700,27265000,300,11685000,14143703,3.33
06/09/2022,-1200,-46620000,38.85(-0.38 %),0,0,1200,46620000,14146303,3.32
07/09/2022,-7200,-273600000,38(-2.31 %),0,0,7200,273600000,14146603,3.32
08/09/2022,-13700,-512380000,37.4(-1.58 %),200,7480000,13900,519860000,14147603,3.32
09/09/2022,-5900,-218300000,37(-1.07 %),0,0,5900,218300000,14154803,3.29
12/09/2022,1438,-218300000,37.45(1.22 %),2300,0,862,218300000,14166403,3.25
13/09/2022,-500,-218300000,37.55(0.13 %),0,0,500,218300000,14172303,3.23
14/09/2022,-1530,-218300000,37.1(-1.33 %),0,0,1530,218300000,14173165,3.23
15/09/2022,-2400,-56763000,37(-0.27 %),0,0,2400,56763000,0,3.23
16/09/2022,-3400,-125290000,36.85(-0.41 %),0,0,3400,125290000,14175195,3.22
19/09/2022,-8000,-277200000,34.65(-6.10 %),300,10395000,8300,287595000,14183195,3.2
20/09/2022,-4000,-140000000,35(0.86 %),0,0,4000,140000000,14180695,3.21
21/09/2022,-2900,-102660000,35.4(1.14 %),100,3540000,3000,106200000,14188895,3.18
22/09/2022,-100,-3560000,35.6(0.56 %),200,7120000,300,10680000,14192695,3.17
23/09/2022,0,0,35.2(-1.12 %),400,14080000,400,14080000,14195295,3.16
26/09/2022,-5800,-193140000,33.3(-5.40 %),300,9990000,6100,203130000,14195295,3.16
27/09/2022,-1400,-46900000,33.5(0.60 %),0,0,1400,46900000,14195695,3.16
28/09/2022,-1681,-56313500,33.5(0.00 %),100,3350000,1781,59663500,14201695,3.14
29/09/2022,-500,-16600000,33.2(-0.90 %),0,0,500,16600000,14203095,3.13
30/09/2022,-2900,-92800000,32(-3.61 %),600,19200000,3500,112000000,14204276,3.13
03/10/2022,3500,105000000,30(-6.25 %),3800,114000000,300,9000000,14200976,3.14
04/10/2022,9100,274365000,30.15(0.50 %),9100,274365000,0,0,14195376,3.16
05/10/2022,4300,131580000,30.6(1.32 %),4300,131580000,0,0,14191376,3.17
06/10/2022,2200,66000000,30(-1.96 %),2200,66000000,0,0,14189176,3.18
07/10/2022,2000,57000000,28.5(-5.00 %),2000,57000000,0,0,14187176,3.18
10/10/2022,5896,175406000,29.75(4.39 %),6100,181475000,204,6069000,14181076,3.21
11/10/2022,700,19950000,28.5(-4.36 %),700,19950000,0,0,14180376,3.21
12/10/2022,700,20300000,29(1.75 %),700,20300000,0,0,14179880,3.21
13/10/2022,-200,-5830000,29.15(0.52 %),0,0,200,5830000,14179880,3.21
14/10/2022,1800,52740000,29.3(0.34 %),1800,52740000,0,0,14178080,3.22
17/10/2022,2900,85260000,29.4(0.34 %),2900,85260000,0,0,14175380,3.22
18/10/2022,800,23760000,29.7(1.02 %),800,23760000,0,0,14174580,3.23
19/10/2022,0,0,29.6(-0.34 %),0,0,0,0,14174580,0.0
20/10/2022,-1500,-43795000,29(-2.03 %),0,0,1500,43795000,14176080,0.0
21/10/2022,-1800,-50800000,28.05(-3.28 %),600,17360000,2400,68160000,14176380,0.0
24/10/2022,-1200,-33320000,26.5(-5.69 %),100,2715000,1300,36035000,14175180,0.0
25/10/2022,6200,156930000,25(-5.66 %),6200,156930000,0,0,14168980,0.0
26/10/2022,38600,978010000,25.2(0.80 %),38600,978010000,0,0,14130564,0.0
27/10/2022,25200,652705000,26.7(5.95 %),25300,655240000,100,2535000,14108964,3.44
28/10/2022,1300,36270000,27.9(4.49 %),1300,36270000,0,0,14107664,3.45
31/10/2022,-800,-21880000,27.35(-1.97 %),700,19145000,1500,41025000,14107064,3.45
01/11/2022,-1600,-42400000,26.5(-3.28 %),0,0,1600,42400000,14107064,3.45
02/11/2022,24211,641591500,26.5(0.00 %),24400,646600000,189,5008500,14084164,3.52
03/11/2022,4300,113950000,26.5(0.00 %),6700,177550000,2400,63600000,14079064,3.54
04/11/2022,19900,515410000,25.9(-2.26 %),22700,587930000,2800,72520000,14056553,3.62
07/11/2022,-1400,-35000000,25(-3.47 %),300,7500000,1700,42500000,14058653,3.61
08/11/2022,-1700,-41650000,24.5(-2.00 %),0,0,1700,41650000,14061453,3.6
09/11/2022,27900,686340000,24.6(0.41 %),28300,696180000,400,9840000,14034853,3.69
10/11/2022,100,2290000,22.9(-6.91 %),1000,22900000,900,20610000,14035553,3.69
11/11/2022,1200,25560000,21.3(-6.99 %),1200,25560000,0,0,14034753,3.69
14/11/2022,3387,67231950,19.85(-6.81 %),3400,67490000,13,258050,14032253,3.7
15/11/2022,2000,37000000,18.5(-7.04 %),2000,37000000,0,0,14030253,3.7
16/11/2022,5400,106110000,19.65(6.22 %),5400,106110000,0,0,14024866,3.72
17/11/2022,-1503,-29759400,19.8(0.51 %),0,0,1503,29759400,14024866,3.72
18/11/2022,1600,31600000,19.75(-0.25 %),1700,33575000,100,1975000,14023166,3.73
21/11/2022,2100,42420000,20.2(2.02 %),2300,46460000,200,4040000,14022369,3.73
22/11/2022,1893,38238600,20.2(0.00 %),2000,40400000,107,2161400,14020469,3.74
23/11/2022,200,4000000,20(-0.99 %),400,8000000,200,4000000,14020269,3.74
24/11/2022,-276,-5409600,19.6(-2.00 %),0,0,276,5409600,14020376,3.74
25/11/2022,35100,723060000,20.6(5.10 %),35300,727180000,200,4120000,13985276,3.85
28/11/2022,11300,248600000,22(6.80 %),12000,264000000,700,15400000,13973976,0.0
29/11/2022,-1100,-25300000,23(4.55 %),0,0,1100,25300000,13975076,3.89
30/11/2022,21700,516460000,23.8(3.48 %),22700,540260000,1000,23800000,13953376,3.96
01/12/2022,30700,781315000,25.45(6.93 %),33800,860210000,3100,78895000,13917952,0.0
02/12/2022,800,20360000,25.45(-0.20 %),1900,48355000,1100,27995000,13917152,4.08
05/12/2022,-1200,-30360000,25.3(-0.78 %),0,0,1200,30360000,13918352,0.0
06/12/2022,-1400,-33600000,24(-5.14 %),0,0,1400,33600000,13919752,0.0
07/12/2022,900,20520000,22.8(-5.00 %),2100,47880000,1200,27360000,13918852,4.08
08/12/2022,15600,368940000,23.65(3.73 %),17800,420970000,2200,52030000,13905052,4.12
09/12/2022,-1200,-28200000,23.5(-0.84 %),100,2350000,1300,30550000,13906152,4.11
12/12/2022,21200,519400000,24.5(4.26 %),22600,553700000,1400,34300000,13883252,4.19
13/12/2022,-1300,-31395000,24.15(-1.43 %),0,0,1300,31395000,13884552,4.19
14/12/2022,-1300,-31850000,24.5(1.24 %),0,0,1300,31850000,13885852,0.0
15/12/2022,-1400,-33880000,24.2(-1.22 %),0,0,1400,33880000,13887252,0.0
16/12/2022,-1300,-32240000,24.8(2.48 %),0,0,1300,32240000,13888552,4.18
19/12/2022,-3500,-86625000,24.75(-0.20 %),100,2475000,3600,89100000,13892052,0.0
20/12/2022,-1600,-38080000,23.8(-4.03 %),0,0,1600,38080000,13893652,4.16
21/12/2022,-2000,-46000000,23(-3.36 %),0,0,2000,46000000,13895652,4.15
22/12/2022,-1800,-41400000,23(0.00 %),0,0,1800,41400000,13897452,4.15
23/12/2022,-2300,-52325000,22.75(-1.09 %),0,0,2300,52325000,13899752,0.0
26/12/2022,-5200,-118300000,22.75(-0.22 %),0,0,5200,118300000,13904952,4.12
27/12/2022,-2300,-52440000,22.8(0.00 %),0,0,2300,52440000,13907252,4.11
28/12/2022,3500,79100000,22.6(-0.88 %),5700,128820000,2200,49720000,13903752,4.13
29/12/2022,400,9080000,22.7(0.44 %),2300,52210000,1900,43130000,13904452,4.12
30/12/2022,1600,36400000,22.75(0.22 %),4000,91000000,2400,54600000,13902652,4.12
03/01/2023,-2600,-60710000,23.35(2.41 %),0,0,2600,60710000,13902652,4.13
04/01/2023,100,2325000,23.25(-0.64 %),3000,69750000,2900,67425000,13903952,4.12
05/01/2023,-2200,-50820000,23.1(-0.86 %),0,0,2200,50820000,13906552,4.11
06/01/2023,-2600,-59280000,22.8(-1.30 %),0,0,2600,59280000,13909452,4.1
09/01/2023,200,4480000,22.4(-1.75 %),2000,44800000,1800,40320000,13909652,4.1
10/01/2023,-1800,-40590000,22.55(0.67 %),0,0,1800,40590000,13912252,4.09
11/01/2023,-2000,-45100000,22.55(-0.22 %),0,0,2000,45100000,13914052,4.09
12/01/2023,-2500,-55000000,22(-2.65 %),0,0,2500,55000000,13915852,4.08
13/01/2023,-2300,-50600000,22(0.00 %),0,0,2300,50600000,13917852,4.07
16/01/2023,-1900,-41040000,21.6(-1.82 %),0,0,1900,41040000,13920352,4.07
17/01/2023,-2200,-48290000,21.95(1.62 %),0,0,2200,48290000,13922652,4.06
18/01/2023,-3800,-85500000,22.5(2.27 %),0,0,3800,85500000,13924552,4.05
19/01/2023,-2700,-62100000,23(2.22 %),100,2300000,2800,64400000,13926652,4.04
27/01/2023,-2800,-64960000,23.2(0.87 %),100,2320000,2900,67280000,13930352,4.03
30/01/2023,-800,-18600000,23.25(0.22 %),1200,27900000,2000,46500000,13931952,4.03
31/01/2023,-900,-20970000,23.3(0.00 %),0,0,900,20970000,13934852,4.02
01/02/2023,-2500,-59500000,23.8(2.15 %),0,0,2500,59500000,13936852,4.01
02/02/2023,0,0,23.9(0.42 %),100,2390000,100,2390000,13937652,4.01
03/02/2023,0,0,23.5(-1.67 %),0,2390000,0,2390000,13940152,4.0
06/02/2023,0,0,23.4(-0.43 %),0,2390000,0,2390000,13940252,4.0
07/02/2023,200,4460000,22.3(-4.70 %),200,4460000,0,0,13940052,4.0
08/02/2023,0,4460000,22.65(1.57 %),0,4460000,0,0,13940052,4.0
09/02/2023,0,4460000,22.9(0.88 %),0,4460000,0,0,13940052,4.0
10/02/2023,0,4460000,22.8(-0.44 %),0,4460000,0,0,13940052,4.0
13/02/2023,0,4460000,22.2(-2.63 %),0,4460000,0,0,13940052,4.0
14/02/2023,0,4460000,22.25(0.23 %),0,4460000,0,0,13940052,4.0
15/02/2023,0,4460000,22.3(0.00 %),0,4460000,0,0,13940052,4.0
16/02/2023,0,4460000,22.65(1.57 %),0,4460000,0,0,13940052,4.0
17/02/2023,0,4460000,22.55(-0.66 %),0,4460000,0,0,13940052,4.0
20/02/2023,0,4460000,22.5(-0.44 %),0,4460000,0,0,13940052,4.0
21/02/2023,3600,81720000,22.7(0.89 %),3600,81720000,0,0,13936452,4.01
22/02/2023,0,81720000,22.5(-0.88 %),0,81720000,0,0,13936452,4.01
23/02/2023,700,15540000,22.2(-1.33 %),700,15540000,0,0,13935652,4.01
24/02/2023,0,15540000,22(-0.90 %),0,15540000,0,0,13935652,4.02
27/02/2023,1500,32250000,21.5(-2.27 %),1500,32250000,0,0,13934152,4.02
28/02/2023,-1,-22000,22(2.33 %),0,0,1,22000,13934152,4.02
01/03/2023,0,-22000,22(0.00 %),0,0,0,22000,13934152,4.02
02/03/2023,0,-22000,22.05(0.23 %),0,0,0,22000,13934153,4.02
03/03/2023,0,-22000,22.3(0.90 %),0,0,0,22000,13934153,4.02
06/03/2023,0,-22000,22.3(0.00 %),0,0,0,22000,13934153,4.02
07/03/2023,0,-22000,22.5(0.90 %),0,0,0,22000,13934153,4.02
08/03/2023,0,-22000,22.6(0.44 %),0,0,0,22000,13934153,4.02
09/03/2023,-200,-4540000,22.7(0.44 %),0,0,200,4540000,13934153,4.02
10/03/2023,0,-4540000,22.75(0.22 %),0,0,0,4540000,13934153,4.02
13/03/2023,0,-4540000,22.95(0.66 %),0,0,0,4540000,13934153,4.03
14/03/2023,-300,-7365000,24.55(6.74 %),0,0,300,7365000,13934353,4.02
15/03/2023,-1170,-29016000,24.8(0.81 %),130,3224000,1300,32240000,13934223,4.02
16/03/2023,-33,-775500,23.5(-5.24 %),12,282000,45,1057500,13934511,4.02
17/03/2023,-40,-940000,23.5(0.00 %),60,1410000,100,2350000,13935751,4.01
20/03/2023,-82630,-1900490000,23(-2.13 %),0,0,82630,1900490000,13935796,4.01
21/03/2023,-22620,15540000,23(0.00 %),0,15540000,22620,0,13935896,4.01
22/03/2023,-15300,-351830000,23(0.00 %),0,0,15300,351830000,13951196,0.0
23/03/2023,-18600,-424820000,23.05(0.22 %),0,0,18600,424820000,13969796,0.0
24/03/2023,-21900,-505225000,23.1(0.00 %),0,0,21900,505225000,13991696,0.0
27/03/2023,-18400,-426880000,23.2(0.43 %),0,0,18400,426880000,14010096,0.0
28/03/2023,-20037,-469867650,23.45(1.08 %),0,0,20037,469867650,14030133,0.0
29/03/2023,-24200,-559020000,23.1(-1.70 %),0,0,24200,559020000,14115392,3.42
30/03/2023,-44014,-1043131800,23.7(2.60 %),100,2370000,44114,1045501800,14135329,3.36
31/03/2023,-10300,-248745000,24.15(1.90 %),0,0,10300,248745000,14159529,3.28
03/04/2023,500,12350000,24.7(2.07 %),500,12350000,0,0,14203143,3.13
04/04/2023,2100,51870000,24.7(0.00 %),2100,51870000,0,0,14211343,3.11
05/04/2023,0,51870000,24.95(1.01 %),0,51870000,0,0,14211343,3.11
06/04/2023,-600,-14970000,24.95(-0.20 %),0,0,600,14970000,14211343,3.11
07/04/2023,1300,32240000,24.8(-0.80 %),1300,32240000,0,0,14210043,3.11
10/04/2023,-700,-17640000,25.2(1.61 %),0,0,700,17640000,14210643,3.11
11/04/2023,400,10080000,25.2(0.00 %),400,10080000,0,0,14210243,3.11
12/04/2023,-3100,-83390000,26.9(6.75 %),0,0,3100,83390000,14210943,3.11
13/04/2023,0,-83390000,26.85(-0.19 %),0,0,0,83390000,14210943,3.11
14/04/2023,100,2555000,25.55(-5.02 %),100,2555000,0,0,14213943,3.1
17/04/2023,0,2555000,25.4(-0.78 %),0,2555000,0,0,14213943,3.1
18/04/2023,0,2555000,25.5(0.39 %),0,2555000,0,0,14213943,3.1
19/04/2023,-1500,-38025000,25.35(-0.59 %),0,0,1500,38025000,14213943,3.1
20/04/2023,100,2520000,25.35(-0.20 %),100,2520000,0,0,14213843,3.1
21/04/2023,0,2535000,25.35(-0.20 %),0,2535000,0,0,14215343,3.09
24/04/2023,0,2535000,25.15(-0.98 %),0,2535000,0,0,14215343,3.09
25/04/2023,0,2535000,25.2(0.00 %),0,2535000,0,0,14215343,3.09
26/04/2023,-100,-2520000,25.2(0.00 %),0,0,100,2520000,14215343,3.09
27/04/2023,0,0,26(3.17 %),0,0,0,0,14215343,0.0
28/04/2023,200,5210000,26(0.00 %),200,5210000,0,0,14215143,0.0
04/05/2023,100,2545000,26(0.00 %),200,5150000,100,2605000,14215243,0.0
05/05/2023,0,0,25.9(-0.38 %),0,0,0,0,14215043,3.09
08/05/2023,-200,-5240000,26.3(1.54 %),0,0,200,5240000,14215143,3.09
09/05/2023,-5200,-140150000,26.9(2.28 %),0,0,5200,140150000,14215143,3.09
10/05/2023,-200,-5340000,26.9(0.00 %),0,0,200,5340000,14215343,0.0
11/05/2023,0,0,26.9(0.00 %),0,0,0,0,14220543,3.07
12/05/2023,0,0,26.7(-0.74 %),0,0,0,0,14220743,3.07
15/05/2023,200,5280000,26.35(-1.31 %),200,5280000,0,0,14220543,3.08
16/05/2023,100,2630000,26.35(0.00 %),100,2630000,0,0,14220443,3.08
17/05/2023,0,0,26.35(0.00 %),0,0,0,0,14220443,3.08
18/05/2023,-100,-2660000,26.4(0.19 %),0,0,100,2660000,14220543,3.08
19/05/2023,0,0,26.95(2.08 %),0,0,0,0,14220543,3.08
22/05/2023,-200,-5390000,26.95(0.00 %),0,0,200,5390000,14220743,3.08
23/05/2023,0,0,26.75(-0.74 %),0,0,0,0,14220743,3.08
24/05/2023,0,0,27(0.93 %),0,0,0,0,14220743,3.08
25/05/2023,0,0,27.2(0.74 %),0,0,0,0,14220743,3.08
26/05/2023,-500,-13700000,27.9(2.57 %),0,0,500,13700000,14221243,3.08
29/05/2023,0,0,28.15(0.90 %),0,0,0,0,14221243,3.08
30/05/2023,-500,-14050000,28.2(0.18 %),0,0,500,14050000,14221743,3.08
31/05/2023,-500,-14325000,28.1(-0.35 %),0,0,500,14325000,14222243,3.07
01/06/2023,0,0,28.1(0.00 %),0,0,0,0,14221250,3.08
02/06/2023,0,0,28.2(0.36 %),0,0,0,0,14221250,3.08
05/06/2023,500,14225000,28.35(0.53 %),500,14225000,0,0,14220750,3.08
06/06/2023,0,0,28.3(-0.18 %),0,0,0,0,14220750,3.08
07/06/2023,0,0,28.4(0.35 %),0,0,0,0,14220750,3.08
08/06/2023,0,0,28.4(0.00 %),0,0,0,0,14220750,3.08
09/06/2023,0,0,28.25(-0.53 %),0,0,0,0,14220750,3.08
12/06/2023,0,0,29.6(4.78 %),0,0,0,0,14220750,3.08
13/06/2023,0,0,29.9(1.01 %),0,0,0,0,14220750,3.08
14/06/2023,2000,60200000,29.8(-0.33 %),2000,60200000,0,0,14218750,3.09
15/06/2023,0,0,29(-2.68 %),0,0,0,0,14218750,3.09
16/06/2023,1000,29600000,29(0.00 %),1000,29600000,0,0,14218750,3.08
19/06/2023,0,0,28.95(-0.17 %),0,0,0,0,14218750,3.08
20/06/2023,0,0,29(0.00 %),0,0,0,0,14218750,3.09
21/06/2023,0,0,29.1(0.34 %),0,0,0,0,14218750,3.08
22/06/2023,1800,52730000,29.3(0.69 %),1800,52730000,0,0,14216950,3.09
23/06/2023,0,0,29.4(0.34 %),0,0,0,0,14216950,3.09
26/06/2023,0,0,29.4(0.00 %),0,0,0,0,14216950,3.09
27/06/2023,0,0,29.4(0.00 %),0,0,0,0,14216950,3.09
28/06/2023,0,0,29.4(0.00 %),0,0,0,0,14216950,3.09
29/06/2023,0,0,29.4(0.00 %),0,0,0,0,14216950,3.09
30/06/2023,600,18350000,30.3(3.06 %),2100,63800000,1500,45450000,14216350,3.09
03/07/2023,600,18420000,30.7(1.32 %),600,18420000,0,0,14214947,3.1
04/07/2023,0,0,31.8(3.58 %),0,0,0,0,14214947,3.1
05/07/2023,1700,55805000,32.85(3.30 %),1700,55805000,0,0,14213247,3.1
06/07/2023,-3500,-113450000,32.2(-2.13 %),500,16150000,4000,129600000,14213647,3.1
07/07/2023,0,0,32.9(2.17 %),0,0,0,0,14213647,3.1
10/07/2023,-3700,-126575000,34.9(6.08 %),300,10425000,4000,137000000,14217347,3.09
11/07/2023,200,6980000,35.4(1.43 %),200,6980000,0,0,14217147,3.09
12/07/2023,1000,35000000,35(-1.13 %),1000,35000000,0,0,14216147,3.09
13/07/2023,0,0,34.6(-1.14 %),0,0,0,0,14216147,3.09
14/07/2023,600,20830000,34.8(0.58 %),600,20830000,0,0,14219547,3.08
17/07/2023,2400,83920000,34.85(0.14 %),2400,83920000,0,0,14217147,3.09
18/07/2023,1300,45370000,34.8(-0.29 %),1300,45370000,0,0,14215847,3.09
19/07/2023,-800,-25305000,31.6(-0.63 %),1900,60420000,2700,85725000,14213947,3.1
20/07/2023,-300,-9330000,30.65(-3.01 %),0,0,300,9330000,14214247,3.1
21/07/2023,1400,42610000,30.4(-0.98 %),1600,48690000,200,6080000,14212847,3.1
24/07/2023,-1300,-39760000,30.75(1.15 %),0,0,1300,39760000,14215347,3.09
25/07/2023,500,15050000,30(-2.60 %),1000,30300000,500,15250000,14214547,3.09
26/07/2023,0,0,30.1(0.33 %),0,0,0,0,14214547,3.1
27/07/2023,0,0,29.35(-2.49 %),0,0,0,0,14214547,3.1
28/07/2023,1100,32445000,29.75(1.19 %),1100,32445000,0,0,14213447,3.1
31/07/2023,-3300,-98175000,29.7(-0.34 %),0,0,3300,98175000,14216747,3.09
01/08/2023,0,0,29.7(0.00 %),0,0,0,0,14215247,3.1
02/08/2023,400,11740000,29.65(-0.17 %),400,11740000,0,0,14214847,3.1
03/08/2023,200,5920000,29.7(0.00 %),200,5920000,0,0,14214647,3.1
04/08/2023,600,17745000,29.7(0.00 %),600,17745000,0,0,14217347,3.09
07/08/2023,1000,29700000,30.25(1.85 %),1000,29700000,0,0,14216347,3.09
08/08/2023,1000,30050000,30.4(0.50 %),1000,30050000,0,0,14215347,3.1
09/08/2023,-700,-21130000,30.1(-0.99 %),300,9070000,1000,30200000,14216047,3.09
10/08/2023,1100,33000000,29.7(-1.33 %),1100,33000000,0,0,14214947,3.1
11/08/2023,7700,225765000,29(-2.36 %),7700,225765000,0,0,14207247,3.12
14/08/2023,3000,88195000,29.5(1.72 %),3000,88195000,0,0,14204247,3.13
15/08/2023,200,5860000,29.5(0.00 %),200,5860000,0,0,14204047,3.13
16/08/2023,500,14750000,29.6(0.34 %),500,14750000,0,0,14203557,3.13
17/08/2023,2000,59000000,29.8(0.68 %),2000,59000000,0,0,14201557,3.14
18/08/2023,1900,55355000,27.8(-6.71 %),3100,89855000,1200,34500000,14198457,3.15
21/08/2023,-100,-2765000,28.4(2.16 %),0,0,100,2765000,14198457,3.15
22/08/2023,400,11540000,28.9(1.76 %),400,11540000,0,0,14199257,3.15
23/08/2023,2000,56150000,28.85(-0.17 %),2000,56150000,0,0,14197357,3.15
24/08/2023,1400,40405000,28.9(0.17 %),1400,40405000,0,0,14195957,3.16
25/08/2023,2100,59730000,28.8(-0.35 %),2100,59730000,0,0,14193857,3.16
28/08/2023,1500,43500000,28.8(0.00 %),1500,43500000,0,0,14192357,3.17
29/08/2023,500,14275000,28.8(0.00 %),500,14275000,0,0,14191857,3.17
30/08/2023,1200,34240000,28.7(-0.35 %),1200,34240000,0,0,14190657,3.18
31/08/2023,8000,229500000,28.7(0.00 %),8000,229500000,0,0,14182657,3.2
05/09/2023,0,0,28.7(0.00 %),0,0,0,0,14182657,3.2
06/09/2023,0,0,28.8(0.35 %),0,0,0,0,14182657,3.2
07/09/2023,0,0,28.85(0.17 %),0,0,0,0,14182657,3.2
08/09/2023,-300,-9060000,30.25(4.85 %),0,0,300,9060000,14182657,3.2
11/09/2023,0,0,29(-4.13 %),0,0,0,0,14182657,3.2
12/09/2023,0,0,29.45(1.55 %),0,0,0,0,14182957,3.2
13/09/2023,0,0,29.45(0.00 %),0,0,0,0,14182957,3.2
14/09/2023,100,2880000,28.8(-2.21 %),100,2880000,0,0,14182857,3.2
15/09/2023,0,0,28.7(-0.35 %),0,0,0,0,14182857,3.2
18/09/2023,0,0,28.65(-0.17 %),0,0,0,0,14182857,3.2
19/09/2023,0,0,28.4(-0.87 %),0,0,0,0,14182857,3.2
20/09/2023,0,0,28.65(0.88 %),0,0,0,0,14182857,3.2
21/09/2023,0,0,28.4(-0.87 %),0,0,0,0,14182857,3.2
22/09/2023,-2500,-70500000,28(-1.41 %),0,0,2500,70500000,14182867,3.2
25/09/2023,0,0,27.05(-3.39 %),0,0,0,0,14182867,3.2
26/09/2023,0,0,27.1(0.18 %),0,0,0,0,14185367,3.19
27/09/2023,100,2650000,27(-0.37 %),100,2650000,0,0,14185267,3.2
28/09/2023,0,0,26.7(-1.11 %),0,0,0,0,14185267,3.2
29/09/2023,0,0,27.2(1.87 %),0,0,0,0,14185267,3.19
02/10/2023,0,0,27.2(0.00 %),0,0,0,0,14185267,3.19
03/10/2023,0,0,26.5(-2.57 %),0,0,0,0,14185267,3.19
04/10/2023,1000,26500000,26.8(1.13 %),1000,26500000,0,0,14184267,3.2
05/10/2023,100,2660000,26.8(0.00 %),100,2660000,0,0,14184167,3.19
06/10/2023,2300,62065000,26.75(-0.19 %),2300,62065000,0,0,14181867,3.21
09/10/2023,0,0,26.65(-0.37 %),0,0,0,0,14181867,3.21
10/10/2023,0,0,26.7(0.19 %),0,0,0,0,14181867,3.2
11/10/2023,900,24030000,27.1(1.50 %),900,24030000,0,0,14180967,3.21
12/10/2023,100,2690000,26.8(-1.11 %),100,2690000,0,0,14180867,3.21
13/10/2023,0,0,26.65(-0.56 %),0,0,0,0,14180867,3.21
16/10/2023,0,0,26.7(0.19 %),0,0,0,0,14180867,3.21
17/10/2023,0,0,26.5(-0.75 %),0,0,0,0,14180867,3.21
18/10/2023,-3000,-79500000,26.05(-1.70 %),0,0,3000,79500000,14180867,3.21
19/10/2023,900,23375000,25.65(-1.54 %),1100,28565000,200,5190000,14179767,3.21
20/10/2023,-900,-22950000,26.2(2.14 %),0,0,900,22950000,14182847,3.2
23/10/2023,0,0,25.6(-2.29 %),0,0,0,0,14183047,3.2
24/10/2023,0,0,25.65(0.20 %),0,0,0,0,14183047,3.2
25/10/2023,1500,38550000,25.7(0.19 %),1500,38550000,0,0,14183947,3.2
26/10/2023,-4100,-102080000,24.85(-3.31 %),0,0,4100,102080000,14182447,3.2
27/10/2023,-500,-12250000,25.3(1.81 %),0,0,500,12250000,14182447,3.2
30/10/2023,0,0,24.8(-1.98 %),0,0,0,0,14186547,3.19
31/10/2023,0,0,24.25(-2.22 %),0,0,0,0,14187047,3.19
01/11/2023,0,0,24.1(-0.62 %),0,0,0,0,14187047,3.19
02/11/2023,0,0,24.8(2.90 %),0,0,0,0,14187047,3.19
03/11/2023,100,2480000,24.8(0.00 %),100,2480000,0,0,14186947,3.19
06/11/2023,0,0,24.4(-1.61 %),0,0,0,0,14186947,3.19
07/11/2023,-50000,-1205080000,24.1(-1.23 %),0,0,50000,1205080000,14236947,3.03
08/11/2023,0,0,24.6(2.07 %),0,0,0,0,14186947,3.19
09/11/2023,0,0,24.6(0.00 %),0,0,0,0,14236947,3.02
10/11/2023,0,0,24.7(0.41 %),0,0,0,0,14236947,3.02
13/11/2023,0,0,24.6(-0.40 %),0,0,0,0,14236947,3.02
14/11/2023,0,0,24.6(0.00 %),0,0,0,0,14236947,3.03
15/11/2023,0,0,24.7(0.41 %),0,0,0,0,14236947,3.03
16/11/2023,0,0,24.7(0.00 %),0,0,0,0,14236947,3.03
17/11/2023,0,0,24.7(0.00 %),0,0,0,0,14236947,3.02
20/11/2023,0,0,25.15(1.82 %),0,0,0,0,14236947,3.02
21/11/2023,0,0,25.8(2.58 %),0,0,0,0,14236947,3.02
22/11/2023,-100,-2580000,25.6(-0.78 %),0,0,100,2580000,14236947,3.02
23/11/2023,0,0,25.3(-1.17 %),0,0,0,0,14236947,3.03
24/11/2023,100,2505000,25.2(-0.40 %),100,2505000,0,0,14236847,3.03
27/11/2023,0,0,24.9(-1.19 %),0,0,0,0,14236847,3.03
28/11/2023,100,2480000,25(0.40 %),100,2480000,0,0,14236747,3.03
29/11/2023,0,0,25(0.00 %),0,0,0,0,14236747,3.03
30/11/2023,100,2500000,25(0.00 %),100,2500000,0,0,14236647,3.03
01/12/2023,0,0,24.95(-0.20 %),0,0,0,0,14236747,3.03
04/12/2023,100,2495000,25.05(0.40 %),100,2495000,0,0,14236647,3.03
05/12/2023,0,0,25.2(0.60 %),0,0,0,0,14236647,3.03
06/12/2023,0,0,25(-0.79 %),0,0,0,0,14236647,3.03
07/12/2023,0,0,25.1(0.40 %),0,0,0,0,14236647,3.03
08/12/2023,0,0,24.9(-0.80 %),0,0,0,0,14236647,3.03
11/12/2023,0,0,25.35(1.81 %),0,0,0,0,14236647,3.03
12/12/2023,-28300,-704950000,25.45(0.39 %),0,0,28300,704950000,14264947,2.93
13/12/2023,0,0,25.35(-0.39 %),0,0,0,0,14264947,2.93
14/12/2023,-300,-7515000,25(-1.38 %),0,0,300,7515000,14265247,2.93
15/12/2023,0,0,24.9(-0.40 %),0,0,0,0,14265247,2.93
18/12/2023,0,0,25(0.40 %),0,0,0,0,14265247,2.93
19/12/2023,0,0,24.95(-0.20 %),0,0,0,0,14265247,2.93
20/12/2023,-2100,-52290000,25.25(1.20 %),0,0,2100,52290000,14267347,2.92
21/12/2023,0,0,25.2(-0.20 %),0,0,0,0,14267347,2.92
22/12/2023,0,0,25.3(0.40 %),0,0,0,0,14267347,2.92
25/12/2023,0,0,25.1(-0.79 %),0,0,0,0,14267347,2.92
26/12/2023,0,0,25.25(0.60 %),0,0,0,0,14267347,2.92
27/12/2023,0,0,25.25(0.00 %),0,0,0,0,14267347,2.92
28/12/2023,0,0,25.2(-0.20 %),0,0,0,0,14267347,2.92
29/12/2023,0,0,25.2(0.00 %),0,0,0,0,14267347,2.92
02/01/2024,0,0,25.1(-0.40 %),0,0,0,0,14267390,2.92
03/01/2024,0,0,25.15(0.20 %),0,0,0,0,14267390,2.92
04/01/2024,0,0,25.25(0.40 %),0,0,0,0,14267390,2.92
05/01/2024,600,15210000,25.25(0.00 %),600,15210000,0,0,14266790,2.93
08/01/2024,400,10290000,25.65(1.58 %),600,15420000,200,5130000,14266390,2.93
09/01/2024,-200,-5130000,25.6(-0.19 %),0,0,200,5130000,14266190,2.92
10/01/2024,-100,-2590000,25.7(0.39 %),0,0,100,2590000,14266390,2.92
11/01/2024,-300,-7830000,26.1(1.56 %),0,0,300,7830000,14266590,2.92
12/01/2024,-500,-12855000,26(-0.38 %),100,2565000,600,15420000,14267490,2.92
15/01/2024,100,2545000,25.45(-2.12 %),100,2545000,0,0,14266790,2.92
16/01/2024,100,2550000,25.5(0.20 %),100,2550000,0,0,14267290,2.92
17/01/2024,-2000,-51000000,25.55(0.20 %),0,0,2000,51000000,14267290,2.92
18/01/2024,-2400,-61900000,25.9(1.37 %),200,5230000,2600,67130000,14271690,2.91
19/01/2024,-9000,-233100000,25.95(0.19 %),2000,51800000,11000,284900000,14280690,2.88
22/01/2024,-27400,-712300000,26(0.19 %),100,2600000,27500,714900000,14308090,2.79
23/01/2024,-15000,-390000000,26(0.00 %),0,0,15000,390000000,14323090,2.74
24/01/2024,-25000,-651500000,26.15(0.58 %),0,0,25000,651500000,14348090,2.66
25/01/2024,-342700,-9353550000,27.95(6.88 %),300,8010000,343000,9361560000,14690790,1.53
26/01/2024,-208000,-6218150000,29.9(6.98 %),0,0,208000,6218150000,14898790,0.84
29/01/2024,-2200,-68610000,30(0.33 %),0,0,2200,68610000,14690834,1.52
30/01/2024,2000,60080000,30.2(0.67 %),2000,60080000,0,0,14896834,0.84
31/01/2024,-2500,-78425000,31.05(2.81 %),0,0,2500,78425000,14899034,0.84
01/02/2024,-4500,-141595000,31.75(2.25 %),100,3105000,4600,144700000,14899034,0.84
02/02/2024,-1500,-48575000,31.9(0.47 %),0,0,1500,48575000,14898934,0.84
05/02/2024,-18000,-607550000,34.1(6.90 %),0,0,18000,607550000,14918434,0.77
06/02/2024,-3500,-121925000,34.3(0.59 %),0,0,3500,121925000,14907534,0.81
07/02/2024,-3000,-104720000,35(2.04 %),0,0,3000,104720000,14925534,0.75
15/02/2024,3400,116450000,35(0.00 %),3400,116450000,0,0,14925634,0.75
16/02/2024,-500,-17575000,35.1(0.29 %),0,0,500,17575000,14928634,0.74
19/02/2024,-500,-17525000,35(-0.28 %),0,0,500,17525000,14928634,0.74
20/02/2024,0,0,35(0.00 %),0,0,0,0,14929134,0.74
21/02/2024,0,0,35(0.00 %),0,0,0,0,14929634,0.74
22/02/2024,-1000,-35100000,34.75(-0.71 %),0,0,1000,35100000,14929634,0.74
23/02/2024,-500,-17340000,35.2(1.29 %),500,17810000,1000,35150000,14924034,0.75
26/02/2024,0,0,34.7(-1.42 %),0,0,0,0,14930134,0.73
27/02/2024,-3000,-106150000,35.1(1.15 %),0,0,3000,106150000,14927034,0.74
28/02/2024,200,6775000,35.45(1.00 %),700,24500000,500,17725000,14926834,0.75
29/02/2024,0,0,35.4(-0.14 %),0,0,0,0,14933434,0.72
01/03/2024,0,0,35.55(0.42 %),0,0,0,0,14933434,0.72
04/03/2024,-84,-2969200,35.3(-0.70 %),0,0,84,2969200,14933518,0.72
05/03/2024,0,0,35.5(0.57 %),0,0,0,0,14933934,0.72
06/03/2024,0,0,35.1(-1.13 %),0,0,0,0,14933518,0.72
07/03/2024,0,0,35.7(1.56 %),0,0,0,0,14933518,0.72
08/03/2024,3000,105930000,35.7(0.00 %),3100,109500000,100,3570000,14930518,0.73
11/03/2024,-9200,-339810000,36.2(1.40 %),2000,72200000,11200,412010000,14939718,0.7
12/03/2024,-3300,-124225000,36.85(1.80 %),200,7550000,3500,131775000,14928818,0.74
13/03/2024,-500,-18710000,37.05(0.54 %),0,0,500,18710000,14940018,0.7
14/03/2024,0,0,36.5(-1.48 %),0,0,0,0,14940018,0.7
15/03/2024,0,0,36(-1.37 %),0,0,0,0,14940018,0.7
18/03/2024,-800,-28720000,35.95(-0.14 %),0,0,800,28720000,14944018,0.69
19/03/2024,-8800,-321620000,36.5(1.53 %),0,0,8800,321620000,14944078,0.69
20/03/2024,-14200,-554510000,39.05(6.99 %),0,0,14200,554510000,14963818,0.62
21/03/2024,0,0,41.75(6.91 %),0,0,0,0,14963818,0.62
22/03/2024,-1700,-72270000,42.3(1.32 %),0,0,1700,72270000,14965518,0.62
25/03/2024,200,8335000,41.5(-1.89 %),300,12465000,100,4130000,14967578,0.61
26/03/2024,0,0,44.4(6.99 %),0,0,0,0,14949418,0.67
27/03/2024,0,0,44.85(1.01 %),0,0,0,0,14969378,0.6
28/03/2024,0,105000,44.25(-1.34 %),300,13480000,300,13375000,14969078,0.6
29/03/2024,300,13500000,44.1(-0.34 %),300,13500000,0,0,14968778,0.61
01/04/2024,600,26440000,43(-2.49 %),600,26440000,0,0,14968478,0.61
02/04/2024,1800,77340000,43(0.00 %),2400,102925000,600,25585000,14966978,0.61
03/04/2024,400,17200000,42.8(-0.47 %),400,17200000,0,0,14965678,0.62
04/04/2024,1800,77850000,43.8(2.34 %),1800,77850000,0,0,14964778,0.62
05/04/2024,600,25935000,43.5(-0.68 %),800,34610000,200,8675000,14963678,0.62
08/04/2024,100,4395000,43.05(-1.03 %),600,25955000,500,21560000,14964078,0.62
09/04/2024,-200,-8635000,42.9(-0.35 %),100,4290000,300,12925000,14964278,0.62
10/04/2024,1300,56200000,43.5(1.40 %),1300,56200000,0,0,14962978,0.63
11/04/2024,0,0,43.15(-0.80 %),0,0,0,0,14962691,0.63
12/04/2024,700,30175000,43.4(0.58 %),700,30175000,0,0,14961991,0.63
15/04/2024,-2000,-91470000,42.8(-1.38 %),600,26360000,2600,117830000,14964278,0.62
16/04/2024,-9400,-408850000,43.5(1.64 %),100,4335000,9500,413185000,14973678,0.59
17/04/2024,-1800,-80145000,43.85(0.80 %),0,0,1800,80145000,14966078,0.62
19/04/2024,-2200,-95060000,42.6(-2.85 %),0,0,2200,95060000,14968278,0.61
22/04/2024,1900,80870000,42.5(-0.23 %),1900,80870000,0,0,14973338,0.59
23/04/2024,2800,119020000,42.3(-0.47 %),2800,119020000,0,0,14972738,0.59
24/04/2024,1600,68580000,43.15(2.01 %),2600,111490000,1000,42910000,14961978,0.63
25/04/2024,1400,59875000,42.8(-0.81 %),1400,59875000,0,0,14960578,0.63
26/04/2024,900,38530000,42.8(0.00 %),900,38530000,0,0,14968838,0.61
02/05/2024,4100,176575000,43.5(1.64 %),4100,176575000,0,0,14964738,0.62
03/05/2024,3400,148610000,43.9(0.92 %),3500,153010000,100,4400000,14961238,0.63
06/05/2024,1200,53310000,44.5(1.37 %),1400,62230000,200,8920000,14959838,0.64
07/05/2024,0,0,44.3(-0.45 %),0,0,0,0,14959938,0.64
08/05/2024,-200,-8925000,44.35(0.11 %),200,8800000,400,17725000,14959938,0.64
09/05/2024,1200,52960000,44.1(-0.56 %),1900,83855000,700,30895000,14958038,0.64
10/05/2024,1600,69905000,45.5(3.17 %),3000,133520000,1400,63615000,14955438,0.65
13/05/2024,-6800,-317880000,46.45(2.09 %),300,13920000,7100,331800000,14955890,0.65
14/05/2024,600,27005000,45.7(-1.61 %),900,40905000,300,13900000,14967838,0.61
15/05/2024,2000,90560000,45.05(-1.42 %),2000,90560000,0,0,14965838,0.62
16/05/2024,1100,49310000,44.6(-1.00 %),1100,49310000,0,0,14964738,0.62
17/05/2024,5700,257080000,45.45(1.91 %),5700,257080000,0,0,14954990,0.65
20/05/2024,1100,49525000,45.5(0.11 %),1100,49525000,0,0,14953890,0.65
21/05/2024,-900,-40905000,45.2(-0.66 %),0,0,900,40905000,14953890,0.65
22/05/2024,-1100,-49480000,44.35(-1.88 %),0,0,1100,49480000,14953890,0.65
23/05/2024,900,40110000,44.6(0.56 %),1000,44590000,100,4480000,14953790,0.66
24/05/2024,-700,-31075000,44.25(-0.78 %),600,26730000,1300,57805000,14960838,0.63
27/05/2024,-2500,-116665000,45.8(3.50 %),2800,126445000,5300,243110000,14951590,0.66
28/05/2024,-900,-40905000,45.5(-0.66 %),0,0,900,40905000,14952890,0.66
29/05/2024,1600,73690000,46(1.10 %),1800,82860000,200,9170000,14956390,0.65
30/05/2024,5600,259485000,47.9(4.13 %),8200,379605000,2600,120120000,14949090,0.67
31/05/2024,-700,-33430000,47.5(-0.84 %),0,0,700,33430000,14949290,0.67
03/06/2024,-2600,-122855000,47.05(-0.95 %),100,4710000,2700,127565000,14949290,0.67
04/06/2024,-4600,-216620000,47.05(0.00 %),300,14035000,4900,230655000,14953890,0.66
05/06/2024,3700,174595000,47(-0.11 %),3700,174595000,0,0,14950190,0.67
06/06/2024,900,42285000,47.15(0.32 %),900,42285000,0,0,14955230,0.65
07/06/2024,2300,108290000,47.6(0.95 %),2300,108290000,0,0,14952930,0.66
10/06/2024,500,23435000,46.8(-1.68 %),700,32945000,200,9510000,14952430,0.66
11/06/2024,-800,-37760000,46.85(0.11 %),0,0,800,37760000,14955230,0.65
12/06/2024,100,4685000,46.85(0.00 %),100,4685000,0,0,14952330,0.66
13/06/2024,0,0,47.1(0.53 %),0,0,0,0,14951830,0.66
14/06/2024,1400,65920000,47.4(0.64 %),1400,65920000,0,0,14950430,0.67
17/06/2024,6500,311265000,48.1(1.48 %),8000,383165000,1500,71900000,14942678,0.69
18/06/2024,400,19090000,48.15(0.10 %),400,19090000,0,0,14942278,0.69
19/06/2024,0,0,48.15(0.00 %),0,0,0,0,14943778,0.69
20/06/2024,2900,141420000,48.75(1.25 %),3500,170590000,600,29170000,14940278,0.7
21/06/2024,0,0,48.8(0.10 %),0,0,0,0,14940278,0.7
24/06/2024,-200,-9870000,48.6(-0.41 %),1000,48580000,1200,58450000,14939878,0.7
25/06/2024,-200,-9775000,48.7(0.21 %),1000,48660000,1200,58435000,14938878,0.7
26/06/2024,400,19320000,48.7(0.00 %),400,19320000,0,0,14939678,0.7
27/06/2024,800,38825000,48.6(-0.21 %),800,38825000,0,0,14940078,0.7
28/06/2024,1400,68070000,48.6(0.00 %),1400,68070000,0,0,14938678,0.71
04/07/2024,1200,58215000,48.5(-0.61 %),1200,58215000,0,0,14934578,0.0
05/07/2024,100,4835000,48.4(-0.21 %),100,4835000,0,0,14934478,0.0
08/07/2024,1000,48490000,48.95(1.14 %),1000,48490000,0,0,14933478,0.0
09/07/2024,200,9725000,48.65(-0.61 %),200,9725000,0,0,14933278,0.0
10/07/2024,0,0,48.5(-0.31 %),0,0,0,0,14933278,0.0
11/07/2024,300,14520000,48.5(0.00 %),300,14520000,0,0,14932978,0.0
12/07/2024,200,9655000,48.5(0.00 %),300,14495000,100,4840000,14932778,0.0
15/07/2024,0,0,48.6(0.21 %),0,0,0,0,14932778,0.0
16/07/2024,0,0,48.4(-0.41 %),0,0,0,0,14932778,0.0
17/07/2024,-5900,-277745000,47(-2.89 %),0,0,5900,277745000,14938678,0.0
18/07/2024,-500,-23160000,46.3(-1.49 %),0,0,500,23160000,14939178,0.0
19/07/2024,-1400,-65265000,46.9(1.30 %),0,0,1400,65265000,14940578,0.0
22/07/2024,-500,-23350000,46.6(-0.64 %),0,0,500,23350000,14941078,0.0
23/07/2024,-1600,-73720000,45.6(-2.15 %),0,0,1600,73720000,14942678,0.0
24/07/2024,-300,-13630000,45.8(0.44 %),300,13660000,600,27290000,14942978,0.0
25/07/2024,-200,-8985000,45(-1.75 %),100,4510000,300,13495000,14943178,0.0
26/07/2024,-200,-9060000,44.9(-0.22 %),100,4420000,300,13480000,14943378,0.0
29/07/2024,-500,-22140000,44(-2.00 %),300,13170000,800,35310000,14943878,0.0
30/07/2024,-500,-22140000,43.8(-0.45 %),300,13170000,800,35310000,14944378,0.0
31/07/2024,0,0,43.05(-1.71 %),0,0,0,0,14944378,0.0
01/08/2024,1300,55280000,40.8(-5.23 %),2500,105050000,1200,49770000,14945578,0.0
02/08/2024,2000,78860000,40(-1.96 %),2000,78860000,0,0,14943578,0.0
05/08/2024,1100,42905000,39(-2.50 %),1200,46795000,100,3890000,14942478,0.0
06/08/2024,-1300,-50390000,39.5(1.28 %),100,3820000,1400,54210000,14943778,0.0
07/08/2024,-2000,-78905000,39.4(-0.25 %),100,3900000,2100,82805000,14945778,0.0
08/08/2024,-1000,-39340000,39.25(-0.38 %),0,0,1000,39340000,14946778,0.0
09/08/2024,-1700,-69590000,41.1(4.71 %),300,11970000,2000,81560000,14948478,0.0
12/08/2024,-700,-29035000,41.65(1.34 %),0,0,700,29035000,14949178,0.0
13/08/2024,100,4120000,41.7(0.12 %),300,12360000,200,8240000,14949078,0.0
14/08/2024,-300,-13750000,39.5(-5.28 %),1100,43575000,1400,57325000,14949378,0.0
15/08/2024,-700,-28280000,40(1.27 %),0,0,700,28280000,14950078,0.0
16/08/2024,400,14850000,40(0.00 %),1300,50180000,900,35330000,14949678,0.0
19/08/2024,-1300,-51580000,39.8(-0.50 %),0,0,1300,51580000,14950978,0.0
20/08/2024,-700,-28065000,39.95(0.38 %),100,3995000,800,32060000,14951678,0.0
21/08/2024,-3900,-160020000,40.3(0.88 %),2800,113230000,6700,273250000,14955578,0.0
22/08/2024,-500,-20225000,40.35(0.12 %),0,0,500,20225000,14956078,0.0
23/08/2024,-1600,-64050000,40.15(-0.50 %),200,8010000,1800,72060000,14957678,0.0
26/08/2024,-2600,-103895000,39.75(-1.00 %),1600,63590000,4200,167485000,14960278,0.0
27/08/2024,0,0,39.8(0.13 %),0,0,0,0,14960278,0.0
28/08/2024,-1300,-51350000,39.65(-0.38 %),100,3970000,1400,55320000,14961578,0.0
29/08/2024,-1600,-63635000,39.95(0.76 %),0,0,1600,63635000,14963178,0.0
30/08/2024,-600,-24020000,40.1(0.38 %),0,0,600,24020000,14963778,0.0
04/09/2024,-700,-28080000,40.15(0.12 %),600,24130000,1300,52210000,14960378,0.0
05/09/2024,-600,-24085000,40.1(-0.12 %),0,0,600,24085000,14960978,0.0
06/09/2024,-1600,-64090000,40.1(0.00 %),0,0,1600,64090000,14962578,0.0
09/09/2024,-2900,-116145000,40.4(0.75 %),0,0,2900,116145000,14965478,0.0
10/09/2024,-1000,-40590000,39.9(-1.24 %),0,0,1000,40590000,14966478,0.0
11/09/2024,-1500,-59815000,40.2(0.75 %),0,0,1500,59815000,14967978,0.0
12/09/2024,-1400,-56225000,40(-0.50 %),0,0,1400,56225000,14969378,0.0
13/09/2024,-1000,-39990000,40(0.00 %),0,0,1000,39990000,14970378,0.0
16/09/2024,-1200,-49675000,42.1(5.25 %),1000,41280000,2200,90955000,14971578,0.0
17/09/2024,-2400,-100775000,42.2(0.24 %),0,0,2400,100775000,14973978,0.0
18/09/2024,-2100,-89810000,42.5(0.71 %),200,8520000,2300,98330000,14976078,0.0
19/09/2024,-3400,-143980000,42.15(-0.82 %),0,0,3400,143980000,14979478,0.0
20/09/2024,-5100,-216745000,42.3(0.36 %),0,0,5100,216745000,14984578,0.0
23/09/2024,-2900,-123355000,42.45(0.35 %),0,0,2900,123355000,14987478,0.0
24/09/2024,-1100,-47545000,43.5(2.47 %),600,25990000,1700,73535000,14988578,0.0
25/09/2024,-1200,-52755000,44.45(2.18 %),0,0,1200,52755000,14989778,0.0
26/09/2024,-200,-8950000,44.7(0.56 %),0,0,200,8950000,14989978,0.0
27/09/2024,1100,47805000,46.5(4.03 %),3500,159295000,2400,111490000,14988878,0.0
30/09/2024,1900,89300000,49.3(6.02 %),1900,89300000,0,0,14986978,0.0
01/10/2024,-2800,-137955000,48.85(-0.91 %),2200,108395000,5000,246350000,14987478,0.0
02/10/2024,-2300,-111365000,47.6(-2.56 %),0,0,2300,111365000,14989778,0.0
03/10/2024,0,0,48.1(1.05 %),0,0,0,0,14989778,0.0
04/10/2024,2200,104945000,48.3(0.42 %),5300,257375000,3100,152430000,14987578,0.0
07/10/2024,1500,72450000,48.2(-0.21 %),1500,72450000,0,0,14986078,0.0
08/10/2024,1300,61880000,45.05(-6.54 %),1300,61880000,0,0,14984778,0.0
09/10/2024,7100,325240000,45.75(1.55 %),7100,325240000,0,0,14977678,0.0
10/10/2024,700,31840000,45.7(-0.11 %),700,31840000,0,0,14976978,0.0
11/10/2024,-600,-21860000,36.75(-0.68 %),1700,62135000,2300,83995000,14977578,0.0
14/10/2024,-3700,-133780000,35.5(-3.40 %),700,24710000,4400,158490000,14981278,0.0
15/10/2024,500,16950000,33.6(-5.35 %),500,16950000,0,0,14980778,0.0
16/10/2024,1000,33950000,33.9(0.89 %),1000,33950000,0,0,14979778,0.0
17/10/2024,-2900,-97485000,33.6(-0.88 %),1200,39720000,4100,137205000,14982678,0.0
18/10/2024,-2700,-89910000,33(-1.79 %),600,19980000,3300,109890000,14985378,0.0
21/10/2024,0,0,33(0.00 %),0,0,0,0,14985378,0.0
22/10/2024,0,0,32.4(-1.82 %),0,0,0,0,14985378,0.0
23/10/2024,-2300,-73640000,32.45(0.15 %),0,0,2300,73640000,14987678,0.0
24/10/2024,-800,-25920000,31.85(-1.85 %),0,0,800,25920000,14988478,0.0
25/10/2024,0,415000,32.15(0.94 %),2200,70180000,2200,69765000,14988478,0.0
28/10/2024,1500,47850000,32(-0.47 %),1500,47850000,0,0,14986978,0.0
29/10/2024,0,0,31.9(-0.31 %),0,0,0,0,14986978,0.0
30/10/2024,300,9600000,32.1(0.63 %),300,9600000,0,0,14986678,0.0
31/10/2024,15300,489610000,32(-0.31 %),15300,489610000,0,0,14971378,0.0
01/11/2024,1700,54400000,32(0.00 %),1700,54400000,0,0,14976569,0.0
04/11/2024,-1800,-57465000,31.6(-1.25 %),300,9600000,2100,67065000,14978369,0.0
05/11/2024,0,0,31.55(-0.16 %),0,0,0,0,14978369,0.0
06/11/2024,7600,244020000,32.2(2.06 %),8700,279245000,1100,35225000,14970769,0.0
07/11/2024,-3200,-105020000,32.8(1.86 %),0,0,3200,105020000,14973969,0.0
08/11/2024,-1000,-32570000,32.45(-1.07 %),0,0,1000,32570000,14974969,0.0
11/11/2024,-2400,-77560000,32.2(-0.77 %),200,6480000,2600,84040000,14977369,0.0
12/11/2024,-900,-29080000,32(-0.62 %),100,3220000,1000,32300000,14977739,0.58
13/11/2024,-500,-15615000,32(0.00 %),400,12730000,900,28345000,14978769,0.0
14/11/2024,500,15690000,31.4(-1.88 %),500,15690000,0,0,14978269,0.0
15/11/2024,-500,-15560000,31.35(-0.16 %),0,0,500,15560000,14978769,0.0
18/11/2024,-7000,-219275000,31(-1.12 %),900,28350000,7900,247625000,14985769,0.0
19/11/2024,-100,-3095000,30.6(-1.29 %),0,0,100,3095000,14985869,0.0
20/11/2024,-1900,-58485000,31(1.31 %),200,6205000,2100,64690000,14987769,0.0
21/11/2024,-200,-9990000,32.05(3.39 %),2800,88860000,3000,98850000,14987969,0.0
22/11/2024,-900,-28860000,32.4(1.09 %),1500,48175000,2400,77035000,14988869,0.0
25/11/2024,4300,138260000,32.05(-1.08 %),4300,138260000,0,0,14980539,0.57
26/11/2024,1800,57565000,32(-0.16 %),2400,76820000,600,19255000,14980539,0.57
27/11/2024,-1200,-38850000,32(0.00 %),300,9600000,1500,48450000,14980239,0.57
28/11/2024,-600,-19210000,32.15(0.47 %),700,22390000,1300,41600000,14980139,0.57
29/11/2024,600,19025000,32(-0.47 %),1000,31845000,400,12820000,14980639,0.57
02/12/2024,800,25440000,32.05(0.16 %),800,25440000,0,0,14981139,0.57
03/12/2024,-200,-6410000,31.85(-0.62 %),0,0,200,6410000,14981539,0.56
04/12/2024,0,0,31.8(-0.16 %),0,0,0,0,14981539,0.56
05/12/2024,600,19120000,31.85(0.16 %),1400,44670000,800,25550000,14980339,0.57
09/12/2024,900,28775000,31.85(-0.31 %),900,28775000,0,0,14979039,0.57
10/12/2024,1200,38490000,31.95(0.31 %),1200,38490000,0,0,14977839,0.58
16/12/2024,-500,-15660000,31.45(0.00 %),100,3150000,600,18810000,14975939,0.58
17/12/2024,-1200,-37805000,31.5(0.16 %),0,0,1200,37805000,14975939,0.58
18/12/2024,900,28860000,32.45(3.02 %),1000,32030000,100,3170000,14975539,0.58
19/12/2024,200,6445000,32.45(0.00 %),200,6445000,0,0,14976539,0.58
20/12/2024,-500,-16105000,32.25(-0.62 %),400,12920000,900,29025000,14976239,0.58
24/12/2024,0,0,31.6(-1.25 %),0,0,0,0,14975739,0.58
25/12/2024,-500,-15875000,31.6(0.00 %),0,0,500,15875000,14975839,0.58
26/12/2024,0,-40000,31.9(0.95 %),200,6360000,200,6400000,14975738,0.58
27/12/2024,600,19050000,31.6(-0.94 %),600,19050000,0,0,14975638,0.58
30/12/2024,-500,-15850000,31.6(0.00 %),0,0,500,15850000,14975838,0.58
31/12/2024,0,0,31.7(0.32 %),0,0,0,0,14975838,0.58
02/01/2025,-2800,-88425000,31.5(-0.63 %),0,0,2800,88425000,14976338,0.58
03/01/2025,-2400,-76080000,31.7(0.63 %),0,0,2400,76080000,14976338,0.58
06/01/2025,-400,-12625000,31.5(-0.63 %),0,0,400,12625000,14979138,0.57
07/01/2025,-1000,-31435000,31.25(-0.79 %),0,0,1000,31435000,14979138,0.57
08/01/2025,-300,-9510000,31.35(0.32 %),0,0,300,9510000,14981938,0.56
09/01/2025,-300,-9470000,31.4(0.16 %),0,0,300,9470000,14982938,0.56
10/01/2025,-1600,-50205000,31.4(0.00 %),0,0,1600,50205000,14983238,0.56
13/01/2025,-600,-18930000,31.4(0.00 %),0,0,600,18930000,14983538,0.56
14/01/2025,0,0,31.4(0.00 %),0,0,0,0,14985138,0.55
15/01/2025,-1000,-31725000,31.8(1.27 %),0,0,1000,31725000,14985738,0.55
16/01/2025,-600,-19215000,32(0.63 %),0,0,600,19215000,14986338,0.0
17/01/2025,-100,-3210000,32.1(0.31 %),0,0,100,3210000,14986738,0.55
20/01/2025,-400,-13165000,34.3(6.85 %),100,3220000,500,16385000,14987238,0.54
21/01/2025,-4200,-151945000,35.85(4.52 %),0,0,4200,151945000,14987338,0.54
22/01/2025,2100,72575000,34.8(-2.93 %),3000,104225000,900,31650000,14984838,0.55
23/01/2025,0,0,34.75(-0.14 %),0,0,0,0,14989038,0.54
24/01/2025,0,0,34.6(-0.43 %),0,0,0,0,14989938,0.54
03/02/2025,1000,34940000,0(0.00 %),1000,34940000,0,0,14988938,0.54
04/02/2025,0,0,35.2(0.72 %),0,0,0,0,14988938,0.54
05/02/2025,400,14055000,35.5(0.85 %),600,21180000,200,7125000,14988338,0.54
06/02/2025,-400,-14400000,35.55(0.14 %),0,0,400,14400000,14988338,0.54
07/02/2025,22700,800390000,35.55(0.00 %),22700,800390000,0,0,14965838,0.62
10/02/2025,38900,1370765000,35.45(-0.28 %),38900,1370765000,0,0,14927338,0.74
11/02/2025,4200,147980000,35.3(-0.42 %),4200,147980000,0,0,14923137,0.76
12/02/2025,1100,39735000,35.5(0.57 %),1100,39735000,0,0,14922037,0.76
13/02/2025,1300,45820000,35.7(0.56 %),2900,103260000,1600,57440000,14919137,0.77
14/02/2025,23700,849940000,35.95(0.70 %),24000,860740000,300,10800000,14895137,0.85
17/02/2025,4700,172275000,36.55(1.67 %),4700,172275000,0,0,14892037,0.86
18/02/2025,700,26030000,37.15(1.64 %),700,26030000,0,0,14891636,0.86
19/02/2025,-400,-14800000,37(-0.40 %),0,0,400,14800000,14891636,0.86
20/02/2025,0,0,37(0.00 %),0,0,0,0,14891636,0.86
21/02/2025,0,0,37.4(1.08 %),0,0,0,0,14892036,0.86
24/02/2025,0,0,37(-1.07 %),0,0,0,0,14892036,0.86
25/02/2025,0,0,37.15(0.41 %),0,0,0,0,14892036,0.86
26/02/2025,100,3740000,37.35(0.54 %),100,3740000,0,0,14891936,0.86
27/02/2025,100,3725000,37.3(-0.13 %),100,3725000,0,0,14891836,0.86
28/02/2025,600,22350000,37.2(-0.27 %),600,22350000,0,0,14891236,0.86
03/03/2025,400,14885000,37.2(0.00 %),400,14885000,0,0,14890836,0.86
04/03/2025,4400,164480000,37.35(0.40 %),4400,164480000,0,0,14886436,0.88
05/03/2025,0,0,37.3(-0.13 %),0,0,0,0,14886436,0.88
06/03/2025,25500,978500000,38.8(4.02 %),25500,978500000,0,0,14860936,0.96
07/03/2025,17900,692005000,38.55(-0.64 %),23500,909160000,5600,217155000,14837436,1.04
10/03/2025,13100,510620000,39.8(3.24 %),15500,605420000,2400,94800000,14821936,1.09
11/03/2025,-4700,-189450000,39.9(0.25 %),0,0,4700,189450000,14821936,1.09
12/03/2025,-2200,-87830000,40(0.25 %),0,0,2200,87830000,14829936,1.06
13/03/2025,-600,-23970000,39.3(-1.75 %),0,0,600,23970000,14834636,1.05
14/03/2025,-700,-27615000,39.55(0.64 %),0,0,700,27615000,14836836,1.04
17/03/2025,10600,422820000,40.1(1.39 %),10600,422820000,0,0,14826836,1.07
18/03/2025,4300,172165000,40(-0.25 %),5800,232915000,1500,60750000,14821736,1.09
19/03/2025,-8300,-328945000,39.65(-0.87 %),1400,55680000,9700,384625000,14820336,1.1
20/03/2025,2300,91250000,39.65(0.00 %),2300,91250000,0,0,14819536,1.1
21/03/2025,4000,160330000,40.6(2.40 %),4000,160330000,0,0,14825285,1.08
24/03/2025,-11700,-483730000,41.45(2.09 %),4100,170060000,15800,653790000,14821186,1.09
25/03/2025,5200,218740000,42.15(1.69 %),5200,218740000,0,0,14815986,1.11
26/03/2025,-6900,-300560000,43(2.02 %),1500,66150000,8400,366710000,14830286,1.06
27/03/2025,-4400,-190920000,42.1(-2.09 %),2200,93420000,6600,284340000,14828086,1.07
28/03/2025,5400,229740000,42.4(0.71 %),5400,229740000,0,0,14831086,1.06
31/03/2025,6200,257715000,42(-0.94 %),6200,257715000,0,0,14831486,1.06
01/04/2025,-2500,-104350000,41.55(-1.07 %),700,29400000,3200,133750000,14830786,1.06
02/04/2025,-11800,-491765000,42(1.08 %),2100,87955000,13900,579720000,14828686,1.07
03/04/2025,-3700,-146070000,39.1(-6.90 %),14500,574325000,18200,720395000,14817386,1.11
04/04/2025,4200,156115000,39.6(1.28 %),6400,238965000,2200,82850000,14824886,1.08
08/04/2025,-3800,-146500000,38(-4.04 %),2800,106480000,6600,252980000,14840286,1.03
09/04/2025,1900,70335000,36.7(-3.42 %),3300,122255000,1400,51920000,14839186,1.03
10/04/2025,100,3925000,39.25(6.95 %),100,3925000,0,0,14845686,1.01
11/04/2025,-2100,-82325000,40.5(3.18 %),1400,55465000,3500,137790000,14845686,1.01
14/04/2025,27800,1134720000,41.1(1.48 %),27800,1134720000,0,0,14817886,1.1
15/04/2025,5500,227300000,41.45(0.85 %),5600,231425000,100,4125000,14815827,1.11
16/04/2025,300,15140000,39.9(-3.74 %),5600,227615000,5300,212475000,14810227,1.13
17/04/2025,1400,55085000,39.7(-0.50 %),1500,59010000,100,3925000,14808827,1.13
18/04/2025,-600,-23820000,39.9(0.50 %),400,16080000,1000,39900000,14813727,1.12
21/04/2025,-10000,-397655000,39.9(0.00 %),400,15880000,10400,413535000,14813427,1.12
22/04/2025,-400,-14825000,39.7(-0.50 %),1000,39510000,1400,54335000,14813428,1.12
23/04/2025,700,27950000,40(0.76 %),700,27950000,0,0,14823128,1.09
24/04/2025,1200,48010000,39.9(-0.25 %),1200,48010000,0,0,14823328,1.09
25/04/2025,12400,497205000,40.2(0.75 %),14600,584765000,2200,87560000,14808728,1.13
28/04/2025,2300,92845000,40.1(-0.25 %),3300,132945000,1000,40100000,14805428,1.14
29/04/2025,2300,92485000,40.2(0.25 %),2300,92485000,0,0,14805328,1.15
05/05/2025,1700,68795000,40.5(0.75 %),1700,68795000,0,0,14804628,1.15
06/05/2025,8800,365160000,41.7(2.96 %),8800,365160000,0,0,14795828,1.18
07/05/2025,3400,145030000,42.8(2.64 %),3400,145030000,0,0,14792428,1.19
08/05/2025,-4800,-212090000,43.75(2.22 %),3900,171830000,8700,383920000,14792428,1.19
09/05/2025,-2500,-110710000,44.8(2.40 %),4600,205680000,7100,316390000,14792428,1.19
12/05/2025,11500,516810000,45(0.45 %),11500,516810000,0,0,14785728,1.21
13/05/2025,4200,189210000,44.95(-0.11 %),4200,189210000,0,0,14784070,1.22
14/05/2025,40800,1820550000,44.3(-1.45 %),40800,1820550000,0,0,14743270,1.35
15/05/2025,13400,596565000,44.5(0.45 %),13400,596565000,0,0,14729870,1.39
16/05/2025,30400,1236000000,45.2(1.57 %),30400,1367370000,0,131370000,14702370,1.48
19/05/2025,18100,521850000,46.05(1.88 %),18100,829650000,0,307800000,14690970,1.52
20/05/2025,22000,336880000,45.4(-1.41 %),22000,1015785000,0,678905000,14683870,1.55
21/05/2025,9606,-711300000,44.5(-1.98 %),9606,429535000,0,1140835000,14683870,1.55
22/05/2025,12000,-2378140000,34(-5.82 %),12000,409800000,0,2787940000,14683870,1.55
23/05/2025,100,6410000,34(0.00 %),6500,223820000,6400,217410000,14699564,1.49
26/05/2025,0,-251695000,34.1(0.29 %),0,0,0,251695000,14767964,1.27
27/05/2025,200,6780000,34.15(0.15 %),200,6780000,0,0,14767764,1.27
28/05/2025,0,0,34.15(0.00 %),0,0,0,0,14775364,1.24
29/05/2025,994,33856500,33.7(-1.32 %),994,33856500,0,0,14774370,1.25
30/05/2025,200,6730000,33.65(-0.15 %),200,6730000,0,0,14774170,1.25
02/06/2025,3300,-406005000,33.75(0.30 %),3300,111345000,0,517350000,14774170,1.25
03/06/2025,4700,160180000,33.8(0.15 %),4700,160180000,0,0,14769470,1.26
04/06/2025,0,-148720000,33.8(0.00 %),0,0,0,148720000,14781470,1.22
05/06/2025,0,-6760000,33.75(-0.15 %),0,0,0,6760000,14781470,1.22
06/06/2025,0,-23590000,33.6(-0.44 %),0,0,0,23590000,14785870,1.21
09/06/2025,5200,175285000,33.75(0.45 %),5200,175285000,0,0,14780870,1.23
10/06/2025,0,-111030000,33.6(-0.44 %),0,0,0,111030000,14781570,1.22
11/06/2025,14000,471790000,33.7(0.30 %),14000,471790000,0,0,14767570,1.27
12/06/2025,200,6730000,33.65(-0.15 %),200,6730000,0,0,14770670,1.26
13/06/2025,-5600,-187500000,33.35(-0.89 %),2400,80350000,8000,267850000,14770670,1.26
16/06/2025,-5700,-191210000,33.5(0.45 %),300,10040000,6000,201250000,14770670,1.26
17/06/2025,51800,1742965000,33.7(0.60 %),52000,1749665000,200,6700000,14724470,1.41
18/06/2025,1800,60310000,33.55(-0.45 %),2300,77215000,500,16905000,14728370,1.4
19/06/2025,-6000,-202300000,33.75(0.60 %),0,0,6000,202300000,14728370,1.4
20/06/2025,28400,957495000,33.75(0.00 %),28400,957495000,0,0,14699970,1.49
23/06/2025,-14100,-476435000,33.8(0.15 %),100,3370000,14200,479805000,14705970,1.47
24/06/2025,-8300,-280045000,33.65(-0.44 %),100,3375000,8400,283420000,14705970,1.47
25/06/2025,-500,-16900000,33.65(0.00 %),0,0,500,16900000,14720070,1.43
26/06/2025,22800,767220000,33.7(0.15 %),27100,911945000,4300,144725000,14705570,1.47
27/06/2025,119900,4074835000,34.3(1.78 %),123000,4182135000,3100,107300000,14586170,1.87
30/06/2025,300,10480000,34.4(0.29 %),2300,79280000,2000,68800000,14585870,1.87
01/07/2025,2000,69030000,34.5(0.29 %),2000,69030000,0,0,14583870,1.88
02/07/2025,-22400,-768820000,34.3(-0.58 %),600,20615000,23000,789435000,14583870,1.88
03/07/2025,-11800,-403735000,34.3(0.00 %),0,0,11800,403735000,14583870,1.88
04/07/2025,3400,117555000,34.55(0.73 %),5200,179230000,1800,61675000,14602870,1.81
07/07/2025,-1200,-41410000,34.55(0.00 %),300,10390000,1500,51800000,14614670,1.77
08/07/2025,4900,170695000,34.8(0.72 %),6300,219345000,1400,48650000,14609770,1.79
09/07/2025,9500,331255000,35.3(1.44 %),10100,352305000,600,21050000,14601478,1.82
10/07/2025,6800,241810000,35.45(0.42 %),6800,241810000,0,0,14601478,1.82
11/07/2025,3700,131730000,35.4(-0.14 %),5800,206035000,2100,74305000,14590978,1.85
14/07/2025,24800,876400000,35.5(0.28 %),26300,929500000,1500,53100000,14566178,1.93
15/07/2025,28300,1014415000,35.6(0.28 %),28300,1014415000,0,0,14537878,2.03
16/07/2025,3200,115460000,36.05(1.26 %),6600,237700000,3400,122240000,14534678,2.04
17/07/2025,-16400,-591410000,35.9(-0.42 %),800,28835000,17200,620245000,14534678,2.04
18/07/2025,-10600,-412955000,36.8(2.51 %),23600,879560000,34200,1292515000,14534678,2.04
21/07/2025,23100,899495000,38.5(4.62 %),27300,1062300000,4200,162805000,14527978,2.06
22/07/2025,19200,742220000,38.7(0.52 %),19200,742220000,0,0,14519378,2.09
23/07/2025,17800,684100000,38.1(-1.55 %),26600,1019460000,8800,335360000,14501578,2.15
24/07/2025,12500,470025000,37.4(-1.84 %),13600,511695000,1100,41670000,14489078,2.19
25/07/2025,24300,916980000,38.05(1.74 %),28500,1078050000,4200,161070000,14464778,2.27
28/07/2025,113600,4373480000,38.6(1.45 %),115400,4443230000,1800,69750000,14351178,2.64
29/07/2025,3700,138525000,37.35(-3.24 %),7400,281015000,3700,142490000,14347478,2.66
30/07/2025,15500,580830000,37.7(0.94 %),15500,580830000,0,0,14331978,2.71
31/07/2025,-12200,-466295000,37.75(0.13 %),5700,215615000,17900,681910000,14331978,2.71
01/08/2025,-1000,-38260000,37.9(0.40 %),3800,143450000,4800,181710000,14331978,2.71
04/08/2025,54300,2066335000,38(0.26 %),67600,2571975000,13300,505640000,14289878,2.85
05/08/2025,20500,776790000,37.5(-1.32 %),21400,810750000,900,33960000,14270378,2.91
06/08/2025,13600,518105000,37.95(1.20 %),14400,548265000,800,30160000,14256778,2.96
07/08/2025,54600,2085925000,38.3(0.92 %),55600,2124250000,1000,38325000,14202178,3.14
08/08/2025,17300,665400000,39.45(3.00 %),36000,1399700000,18700,734300000,14184878,3.19
11/08/2025,3700,147390000,39.45(0.00 %),5500,219070000,1800,71680000,14181178,3.2
12/08/2025,142200,5539380000,38.65(-2.03 %),142200,5539380000,0,0,14038978,3.67
13/08/2025,15300,593605000,38.65(0.00 %),19500,755935000,4200,162330000,14023678,3.72
14/08/2025,14300,553425000,38.65(0.00 %),17900,692675000,3600,139250000,14009378,3.77
15/08/2025,-24000,-920575000,38.1(-1.42 %),4500,173595000,28500,1094170000,14009378,3.77
18/08/2025,15100,577040000,38.25(0.39 %),15200,580840000,100,3800000,13994278,3.82
19/08/2025,7200,274945000,38.1(-0.39 %),7200,274945000,0,0,14011078,3.77
20/08/2025,-1700,-61510000,37.2(-2.36 %),6100,231730000,7800,293240000,14011078,3.77
21/08/2025,-29900,-1109175000,36.8(-1.08 %),0,0,29900,1109175000,14011078,3.77
22/08/2025,-16100,-583210000,36(-2.17 %),1400,49865000,17500,633075000,14011078,3.77
25/08/2025,16200,578715000,35.7(-0.83 %),31800,1138145000,15600,559430000,14012778,3.76
