Ngay,KLGDRong,GTDGRong,ThayDoi,KLMua,GtMua,KLBan,GtBan,RoomConLai,DangSoHuu
21/11/2016,42300,1480500000,0(0.00 %),42300,1480500000,0,0,1002608681,2.95
22/11/2016,49700,1997940000,0(0.00 %),49700,1997940000,0,0,1002558981,2.95
23/11/2016,166000,7241140000,0(0.00 %),316000,13755240000,150000,6514100000,1002242981,2.97
24/11/2016,576800,23430760000,0(0.00 %),596800,24250760000,20000,820000000,1001646181,2.99
25/11/2016,441300,17782290000,0(0.00 %),785600,31667460000,344300,13885170000,1000935581,3.03
28/11/2016,590240,24188828000,0(0.00 %),748740,30957978000,158500,6769150000,1000336841,3.05
29/11/2016,82800,3511090000,0(0.00 %),133500,5631960000,50700,2120870000,1000223341,3.06
30/11/2016,469000,19284320000,0(0.00 %),634000,26115080000,165000,6830760000,999858641,3.08
01/12/2016,189100,7704540000,0(0.00 %),668700,27398340000,479600,19693800000,999348441,3.1
02/12/2016,350300,14340970000,0(0.00 %),626800,25680540000,276500,11339570000,998772341,3.13
05/12/2016,288800,11837160000,0(0.00 %),538800,22088270000,250000,10251110000,998398541,3.14
06/12/2016,282500,11548240000,40.9(-0.24 %),542500,22167740000,260000,10619500000,998335641,3.15
07/12/2016,340300,13728420000,40.6(-0.73 %),340300,13728420000,0,0,998271841,3.15
08/12/2016,148806,6094395700,41.1(1.73 %),298806,12236505700,150000,6142110000,998223035,3.15
09/12/2016,131900,5479760000,41.8(2.20 %),261900,10855040000,130000,5375280000,998221135,3.15
12/12/2016,106600,4427120000,41.2(-0.48 %),216600,8948690000,110000,4521570000,998004535,3.16
13/12/2016,365000,15300560000,42.1(2.18 %),365100,15304760000,100,4200000,997789435,3.17
14/12/2016,137200,6051740000,44.6(6.44 %),1187200,53252680000,1050000,47200940000,997732235,3.17
15/12/2016,62700,2889250000,46.6(5.91 %),62700,2889250000,0,0,997779535,3.17
16/12/2016,280700,14455420000,52.7(13.58 %),1111600,58135920000,830900,43680500000,997398135,3.19
19/12/2016,-65100,-3373690000,50(-2.91 %),4200,223100000,69300,3596790000,997443935,3.19
20/12/2016,156600,7681210000,48.7(-6.53 %),221800,10866630000,65200,3185420000,997222135,3.2
21/12/2016,54200,2598210000,47.6(-2.86 %),100300,4789920000,46100,2191710000,997222635,3.2
22/12/2016,153700,7648200000,50(5.04 %),521200,26017980000,367500,18369780000,997038335,3.2
23/12/2016,118800,5884000000,49.5(-0.60 %),146600,7259110000,27800,1375110000,996956935,3.21
26/12/2016,74500,3725710000,49.6(0.20 %),74500,3725710000,0,0,996928535,3.21
27/12/2016,67200,3212110000,46.9(-6.20 %),67200,3212110000,0,0,996961235,3.21
28/12/2016,65700,3226930000,48.5(1.25 %),237900,11695590000,172200,8468660000,996834335,3.21
29/12/2016,124600,6063020000,49(0.00 %),124600,6063020000,0,0,996709735,3.22
30/12/2016,116800,5650130000,48.6(-0.21 %),185600,8998790000,68800,3348660000,996524135,3.23
03/01/2017,13800,650750000,47.6(-1.65 %),16000,756380000,2200,105630000,996597135,3.23
04/01/2017,89100,4328510000,48.7(2.74 %),258300,12564720000,169200,8236210000,996338835,3.24
05/01/2017,48000,2319420000,48.1(-1.03 %),52000,2515020000,4000,195600000,996355635,3.24
06/01/2017,60400,2888200000,48(-0.83 %),162400,7781530000,102000,4893330000,996195435,3.24
09/01/2017,58300,2798930000,48.1(0.42 %),97400,4685760000,39100,1886830000,996267235,3.24
10/01/2017,51600,2500080000,48.2(0.21 %),92900,4500280000,41300,2000200000,996178335,3.24
11/01/2017,119946,5811421800,48.6(0.21 %),119946,5811421800,0,0,996160389,3.25
12/01/2017,99107,4955269500,49.6(2.48 %),180807,9076699500,81700,4121430000,996018682,3.25
13/01/2017,112430,5578578000,49.6(-1.20 %),173130,8591688000,60700,3013110000,995886852,3.26
16/01/2017,136300,6693750000,49(-1.21 %),193500,9501380000,57200,2807630000,995693352,3.27
17/01/2017,56100,2709490000,48.1(-2.04 %),56100,2709490000,0,0,995718952,3.27
18/01/2017,157200,7661180000,48.9(1.24 %),157200,7661180000,0,0,995622452,3.27
19/01/2017,113100,5535990000,49(0.82 %),113100,5535990000,0,0,995566552,3.27
20/01/2017,82400,4000150000,48.5(-1.02 %),94900,4606400000,12500,606250000,995471652,3.28
23/01/2017,142900,7001050000,49.1(1.24 %),456900,22681450000,314000,15680400000,995314752,3.28
24/01/2017,119600,5943860000,49.9(2.04 %),285900,14289140000,166300,8345280000,995128852,3.29
25/01/2017,43900,2176840000,49.9(0.20 %),47900,2375640000,4000,198800000,995093452,3.29
02/02/2017,34510,1721660000,50.1(1.01 %),35510,1771260000,1000,49600000,995071942,3.3
03/02/2017,282910,14343490000,50.5(1.20 %),806110,40775180000,523200,26431690000,994732132,3.31
06/02/2017,250600,12543930000,50(-1.57 %),390400,19537500000,139800,6993570000,994345732,3.33
07/02/2017,88800,4438830000,50(0.00 %),1086400,54368230000,997600,49929400000,994197932,3.34
08/02/2017,159600,7988680000,50.1(0.00 %),316700,15869460000,157100,7880780000,994104432,3.34
09/02/2017,-17200,-861060000,50.2(0.20 %),202300,10155200000,219500,11016260000,994041932,3.34
10/02/2017,-145780,-7379636000,50.8(1.20 %),468220,23717844000,614000,31097480000,993683712,3.36
13/02/2017,-135500,-6988700000,51.6(1.78 %),114200,5890540000,249700,12879240000,993626612,3.36
14/02/2017,-53370,-2756414000,51.1(-0.97 %),1230,63246000,54600,2819660000,993844882,3.35
15/02/2017,47600,2438150000,51.5(0.19 %),395200,20309140000,347600,17870990000,994205582,3.34
16/02/2017,111200,5698770000,51.3(-0.19 %),267700,13745170000,156500,8046400000,994187582,3.34
17/02/2017,111370,5707971000,51.8(0.97 %),216400,11104010000,105030,5396039000,994025782,3.34
20/02/2017,-28400,-1501910000,52.5(2.34 %),192900,10194960000,221300,11696870000,993988582,3.34
21/02/2017,-27800,-1462220000,52.6(-0.57 %),52200,2746800000,80000,4209020000,994092882,3.34
22/02/2017,-108500,-5720696200,52.6(0.00 %),58300,3072770000,166800,8793466200,994139612,3.34
23/02/2017,52200,2705200000,52.2(-0.95 %),52400,2715500000,200,10300000,994308512,3.33
24/02/2017,15410,795736000,51.4(-0.77 %),15410,795736000,0,0,994373102,3.33
27/02/2017,-14200,-753560000,51.9(0.39 %),30900,1611450000,45100,2365010000,994509002,3.32
28/02/2017,23300,1194790000,51.2(-1.92 %),23300,1194790000,0,0,994485902,3.32
01/03/2017,175500,8855090000,50.3(-2.33 %),199300,10059500000,23800,1204410000,994286602,3.33
02/03/2017,85600,4343680000,50.9(0.79 %),85600,4343680000,0,0,994246102,3.33
03/03/2017,102700,5231730000,50.9(0.20 %),123500,6287790000,20800,1056060000,994122602,3.34
06/03/2017,37100,1949640000,52.5(3.14 %),380000,19953560000,342900,18003920000,993766402,3.36
07/03/2017,104700,5473680000,52.5(0.00 %),144100,7542660000,39400,2068980000,993622302,3.36
08/03/2017,11800,615220000,52(-0.76 %),12800,667820000,1000,52600000,993630302,3.36
09/03/2017,84900,4408760000,52(-0.38 %),574800,29927140000,489900,25518380000,993866302,3.35
10/03/2017,69500,3611780000,52(0.19 %),652000,33901780000,582500,30290000000,993754702,3.36
13/03/2017,99400,5165770000,52(0.00 %),99400,5165770000,0,0,993656302,3.36
14/03/2017,47100,2438280000,51.5(-0.96 %),227100,11798280000,180000,9360000000,993631202,3.36
15/03/2017,112000,5693140000,51(-1.35 %),123300,6267180000,11300,574040000,993589402,3.36
16/03/2017,59500,3073880000,51.8(1.97 %),278000,14435880000,218500,11362000000,993529902,3.37
17/03/2017,31247,1608354600,51.6(0.00 %),31247,1608354600,0,0,993498655,3.37
20/03/2017,31300,1604840000,51.4(0.00 %),31300,1604840000,0,0,993478655,3.37
22/03/2017,44800,2303780000,51.2(0.00 %),45300,2329380000,500,25600000,993425455,3.37
23/03/2017,-20000,-960000000,51.2(-0.39 %),100000,5130000000,120000,6090000000,993425455,3.37
24/03/2017,49400,2520960000,51(-0.20 %),49400,2520960000,0,0,993376055,3.37
27/03/2017,69200,3527140000,51(-0.20 %),174200,8892640000,105000,5365500000,993273955,3.38
28/03/2017,83700,4268120000,51(0.00 %),433300,22097650000,349600,17829530000,993180655,3.38
29/03/2017,65100,3316050000,51(0.00 %),295100,15046050000,230000,11730000000,993115555,3.39
30/03/2017,69600,3536220000,50.8(-0.20 %),435100,22176720000,365500,18640500000,993079355,3.39
31/03/2017,70900,3608540000,51(0.39 %),458800,23391440000,387900,19782900000,993025255,3.39
03/04/2017,85700,4344740000,50.8(-0.20 %),132200,6699490000,46500,2354750000,992893055,3.4
04/04/2017,69800,3498720000,50.4(-0.59 %),69800,3498720000,0,0,992823255,3.4
05/04/2017,39700,1995000000,50.1(0.00 %),599000,30015930000,559300,28020930000,992796355,3.4
07/04/2017,38600,1942040000,50.3(0.20 %),423800,21287060000,385200,19345020000,992729055,3.4
10/04/2017,51000,2579540000,50.6(0.60 %),717600,36237500000,666600,33657960000,992678055,3.41
11/04/2017,27700,1393340000,50.3(-0.59 %),454400,22941690000,426700,21548350000,992650355,3.41
12/04/2017,34400,1717630000,50.1(-0.40 %),284000,14222590000,249600,12504960000,992491555,3.41
13/04/2017,77200,3868420000,50.2(0.20 %),490300,24567040000,413100,20698620000,992391255,3.42
14/04/2017,20000,1000000000,49.8(-0.60 %),20000,1000000000,0,0,992371255,3.42
17/04/2017,112300,5615800000,50(0.20 %),207500,10385320000,95200,4769520000,992458555,3.42
18/04/2017,6200,309480000,50(0.00 %),10700,533830000,4500,224350000,992470955,3.41
19/04/2017,10200,505150000,49.7(-0.40 %),10200,505150000,0,0,992460755,3.42
20/04/2017,55300,2763680000,49.5(0.00 %),58000,2898530000,2700,134850000,992402755,3.42
21/04/2017,100,4990000,49.6(-0.80 %),100,4990000,0,0,992407155,3.42
24/04/2017,29500,1457810000,49.6(0.00 %),35800,1770070000,6300,312260000,992371355,3.42
25/04/2017,20400,1002850000,49.1(-0.61 %),20400,1002850000,0,0,992353655,3.42
26/04/2017,49500,2471710000,49.6(1.22 %),120000,5996620000,70500,3524910000,992303655,3.42
27/04/2017,36800,1839790000,49.8(-0.20 %),302700,15134690000,265900,13294900000,992207255,3.43
28/04/2017,500,24800000,49.6(-0.80 %),500,24800000,0,0,992206755,3.43
03/05/2017,-4400,-215250000,49(-1.21 %),302500,15003200000,306900,15218450000,992204755,3.43
04/05/2017,400,19680000,49.2(0.20 %),1000,49200000,600,29520000,992269655,3.42
05/05/2017,0,0,49.1(-0.20 %),0,0,0,0,992269655,3.42
08/05/2017,25700,1268160000,49.4(0.61 %),28500,1406200000,2800,138040000,992248055,3.42
09/05/2017,35800,1768860000,49.4(0.00 %),35800,1768860000,0,0,992212855,3.43
10/05/2017,17720,876810000,49.5(0.20 %),217720,10816810000,200000,9940000000,992195135,3.43
11/05/2017,21810,1082100000,50(1.21 %),811610,40573920000,789800,39491820000,992076325,3.43
12/05/2017,29700,1486920000,50(0.00 %),691000,34554960000,661300,33068040000,991928325,3.44
15/05/2017,60200,3008700000,50(0.00 %),117900,5893520000,57700,2884820000,991810425,3.45
16/05/2017,9900,491230000,49.6(-0.80 %),212600,10625410000,202700,10134180000,991897625,3.44
17/05/2017,6300,310610000,49.4(-0.60 %),7100,350160000,800,39550000,992008825,3.44
18/05/2017,51700,2563940000,49.6(0.61 %),87500,4339620000,35800,1775680000,991979025,3.44
19/05/2017,20100,1000020000,49.6(0.00 %),21000,1044650000,900,44630000,991960725,3.44
22/05/2017,11200,555000000,49.5(-0.40 %),11200,555000000,0,0,991950325,3.44
23/05/2017,12300,608000000,49.4(-0.20 %),13000,642600000,700,34600000,991973125,3.44
24/05/2017,32900,1622210000,49.3(-0.20 %),160400,7920460000,127500,6298250000,991938625,3.44
25/05/2017,28400,1391090000,49.2(-0.20 %),45900,2250780000,17500,859690000,991892725,3.44
26/05/2017,7700,376960000,49(0.00 %),7700,376960000,0,0,991885725,3.44
29/05/2017,4700,229110000,48.8(-0.20 %),5600,273050000,900,43940000,991882625,3.44
30/05/2017,500,23810000,47.8(-2.05 %),1100,52840000,600,29030000,991899025,3.44
31/05/2017,900,43170000,48(-0.21 %),900,43170000,0,0,991898125,3.44
01/06/2017,23700,1136290000,47.9(-0.21 %),343000,16461390000,319300,15325100000,991783725,3.45
02/06/2017,7100,340560000,48(0.00 %),422800,20294560000,415700,19954000000,991494025,3.46
05/06/2017,19700,945370000,48(0.00 %),19800,950170000,100,4800000,991474225,3.46
06/06/2017,5800,278610000,48.5(1.04 %),6600,317090000,800,38480000,991559225,3.46
07/06/2017,27500,1327220000,48.1(-0.21 %),202500,9745560000,175000,8418340000,991789925,3.45
08/06/2017,16900,815590000,48.5(0.62 %),190200,9133990000,173300,8318400000,991772825,3.45
09/06/2017,-600,-27080000,48(-0.41 %),202800,9773360000,203400,9800440000,991740825,3.45
12/06/2017,15200,731970000,48.2(0.21 %),335600,16175200000,320400,15443230000,991730225,3.45
13/06/2017,8300,404940000,49(1.66 %),163300,7883600000,155000,7478660000,991697225,3.45
14/06/2017,-16900,-842500000,50(2.67 %),54900,2700950000,71800,3543450000,991675725,3.45
16/06/2017,53110,2744682000,51.8(2.37 %),367110,18918482000,314000,16173800000,991583715,3.46
19/06/2017,141390,7328414000,52(0.58 %),141690,7343964000,300,15550000,991513825,3.46
20/06/2017,55900,2907160000,52.1(0.39 %),717400,37317250000,661500,34410090000,991350225,3.47
21/06/2017,58600,3045420000,52(0.00 %),467400,24304200000,408800,21258780000,991196825,3.47
22/06/2017,77400,4024800000,52.1(0.19 %),77400,4024800000,0,0,991119725,3.48
23/06/2017,82600,4289110000,52(0.00 %),107700,5591700000,25100,1302590000,991173525,3.47
26/06/2017,39400,2051070000,52(0.19 %),57400,2988180000,18000,937110000,991224925,3.47
27/06/2017,29600,1535050000,51.9(-0.38 %),374700,19477950000,345100,17942900000,991149625,3.48
28/06/2017,56110,2909699000,51.9(0.00 %),375510,19500029000,319400,16590330000,991098615,3.48
29/06/2017,32500,1686200000,51.8(-0.19 %),318100,16516600000,285600,14830400000,991068515,3.48
30/06/2017,36900,1889620000,51(-1.73 %),57100,2921120000,20200,1031500000,991057115,3.48
03/07/2017,99700,5083200000,51(-0.39 %),114700,5849020000,15000,765820000,990962415,3.48
04/07/2017,34300,1734610000,50.5(-0.98 %),107900,5454640000,73600,3720030000,990930115,3.49
05/07/2017,6300,319600000,50.8(0.40 %),24100,1222310000,17800,902710000,990926215,3.49
06/07/2017,5900,298740000,50.9(0.39 %),312500,15934420000,306600,15635680000,990927215,3.49
07/07/2017,44100,2248940000,51(0.20 %),336700,17143850000,292600,14894910000,990879315,3.49
10/07/2017,23010,1173521000,51(0.00 %),121310,6186791000,98300,5013270000,990775805,3.49
11/07/2017,62800,3205200000,51(0.00 %),465500,23768550000,402700,20563350000,990468405,3.51
12/07/2017,-100,-4690000,50.8(-0.59 %),36500,1861630000,36600,1866320000,990449305,3.51
13/07/2017,15900,810610000,51(0.00 %),555300,28320050000,539400,27509440000,990492305,3.51
14/07/2017,9900,504580000,50.7(-0.59 %),303300,15467720000,293400,14963140000,990732305,3.49
17/07/2017,5700,287160000,49.5(-2.75 %),8800,442330000,3100,155170000,990760105,3.49
18/07/2017,-7800,-380220000,48.3(-3.78 %),57300,2761620000,65100,3141840000,990742205,3.49
19/07/2017,10600,515840000,49.1(1.87 %),51400,2512950000,40800,1997110000,990693605,3.5
20/07/2017,21400,1071590000,50.5(3.27 %),21400,1071590000,0,0,990675305,3.5
21/07/2017,53000,2689900000,50.8(1.40 %),253000,12889900000,200000,10200000000,990687405,3.5
24/07/2017,56700,2880010000,50.8(0.00 %),258900,13191610000,202200,10311600000,990668505,3.5
25/07/2017,25600,1301080000,50.8(0.00 %),25600,1301080000,0,0,990642905,3.5
26/07/2017,15200,771690000,50.8(0.00 %),26200,1330490000,11000,558800000,990616705,3.5
27/07/2017,29800,1515400000,50.8(0.00 %),29800,1515400000,0,0,990589905,3.5
28/07/2017,14600,742530000,50.9(0.00 %),314600,16042530000,300000,15300000000,990575305,3.5
31/07/2017,11500,584600000,50.8(-0.20 %),11500,584600000,0,0,990574805,3.5
01/08/2017,4100,208360000,50.9(0.20 %),4300,218520000,200,10160000,990570505,3.5
02/08/2017,64900,3334720000,51.9(1.96 %),90900,4668000000,26000,1333280000,990479605,3.51
03/08/2017,0,0,51.9(0.97 %),0,0,0,0,990479605,3.51
04/08/2017,2500,129650000,51.3(-1.16 %),2500,129650000,0,0,990477305,3.51
07/08/2017,23400,1198220000,51(-1.35 %),33600,1719520000,10200,521300000,990469705,3.51
08/08/2017,15600,793060000,50.8(-0.78 %),15600,793060000,0,0,990454105,3.51
09/08/2017,40300,2056280000,51(0.39 %),54300,2770280000,14000,714000000,990399805,3.51
10/08/2017,3100,158110000,51(0.00 %),3100,158110000,0,0,990406905,3.51
11/08/2017,7100,362040000,51(0.00 %),8600,438600000,1500,76560000,990398305,3.51
14/08/2017,36000,1857600000,51.7(1.37 %),57500,2968840000,21500,1111240000,990354805,3.51
15/08/2017,15200,785350000,51.6(-0.19 %),65300,3390550000,50100,2605200000,990339605,3.51
16/08/2017,37200,1920920000,51.9(0.39 %),37200,1920920000,0,0,990303905,3.51
17/08/2017,27500,1426830000,51.9(0.78 %),27500,1426830000,0,0,990297905,3.51
18/08/2017,12300,646110000,52.9(2.12 %),26300,1369910000,14000,723800000,990271605,3.52
21/08/2017,16690,909265000,54.5(4.21 %),16700,909810000,10,545000,990254905,3.52
22/08/2017,3200,174770000,54.4(0.55 %),3200,174770000,0,0,990251705,3.52
23/08/2017,2700,149290000,55.4(1.84 %),8100,447230000,5400,297940000,990257605,3.52
24/08/2017,54400,3018030000,56.5(2.54 %),99000,5478870000,44600,2460840000,990158615,3.52
25/08/2017,34600,1965990000,57.5(3.98 %),34600,1965990000,0,0,990124015,3.52
28/08/2017,37200,2204690000,60(5.82 %),40700,2412560000,3500,207870000,990088715,3.52
29/08/2017,41000,2436630000,60(1.69 %),63400,3764750000,22400,1328120000,990069915,3.52
30/08/2017,39400,2349850000,60(1.01 %),55400,3300650000,16000,950800000,990014515,3.53
31/08/2017,34625,2050190000,59.5(-0.17 %),73625,4387300000,39000,2337110000,989944390,3.53
01/09/2017,28099,1657492300,59.2(-0.84 %),39599,2336892300,11500,679400000,989927191,3.53
05/09/2017,47610,2899445000,59.8(1.36 %),127210,7580245000,79600,4680800000,989815981,3.54
06/09/2017,26200,1565470000,59(0.00 %),39900,2384930000,13700,819460000,989815081,3.54
07/09/2017,-2190,-128533000,58.5(-2.17 %),4810,283407000,7000,411940000,989821771,3.54
08/09/2017,3700,211860000,58.3(-1.35 %),11400,659620000,7700,447760000,989889971,3.53
12/09/2017,-9000,-528390000,58.9(0.86 %),41600,2423860000,50600,2952250000,989835671,3.54
13/09/2017,3900,225330000,57.8(-0.86 %),34100,1972870000,30200,1747540000,989809271,3.54
14/09/2017,23300,1385280000,58.6(1.21 %),214360,12469860000,191060,11084580000,989785771,3.54
15/09/2017,24600,1452010000,59.2(1.37 %),752140,44017550000,727540,42565540000,989799671,3.54
18/09/2017,-1400,-79360000,57.7(-2.20 %),86700,5068940000,88100,5148300000,989815971,3.54
19/09/2017,43400,2561770000,60(3.09 %),55400,3260770000,12000,699000000,989772771,3.54
20/09/2017,39400,2380260000,61.5(4.59 %),51800,3124300000,12400,744040000,989733071,3.54
21/09/2017,7400,455720000,61.5(1.99 %),19400,1189870000,12000,734150000,989728971,3.54
22/09/2017,2900,257400000,64(4.58 %),35100,2233880000,32200,1976480000,989705871,3.54
25/09/2017,12000,756770000,64.2(0.94 %),57400,3634940000,45400,2878170000,989660871,3.54
26/09/2017,8500,539910000,64(0.95 %),20500,1303280000,12000,763370000,989652371,3.54
27/09/2017,2800,187210000,63.9(0.47 %),64800,4105650000,62000,3918440000,989619771,3.55
28/09/2017,35800,2444450000,68.2(7.91 %),52600,3561730000,16800,1117280000,989612571,3.55
29/09/2017,-28100,-1969340000,69.6(3.57 %),357400,25044160000,385500,27013500000,989538571,3.55
02/10/2017,-27400,-1779300000,67.9(-3.28 %),29600,2019190000,57000,3798490000,989570971,3.55
03/10/2017,22300,1501060000,67.9(-0.73 %),34300,2314260000,12000,813200000,989553471,3.55
04/10/2017,-32400,-2198420000,67.7(0.74 %),145500,9868790000,177900,12067210000,989522071,3.55
05/10/2017,5100,353040000,67(-1.18 %),22900,1555170000,17800,1202130000,989556171,3.55
06/10/2017,-3700,-246730000,66.7(-1.04 %),8300,552890000,12000,799620000,989559871,3.55
09/10/2017,5700,378010000,66.6(0.00 %),17300,1148110000,11600,770100000,989720471,3.54
10/10/2017,6700,447030000,67(1.21 %),18700,1247110000,12000,800080000,989719571,3.54
11/10/2017,-4400,-292860000,67(0.60 %),307600,21507160000,312000,21800020000,989723971,3.54
12/10/2017,26500,1760540000,66.3(-0.60 %),41000,2721990000,14500,961450000,989694571,3.54
16/10/2017,-4175,-295575000,69.5(3.42 %),71825,4980895000,76000,5276470000,989628746,3.55
17/10/2017,5100,352920000,68.8(-0.86 %),14600,1006030000,9500,653110000,989628646,3.55
19/10/2017,8400,575200000,68.9(0.00 %),9400,643300000,1000,68100000,989632246,3.55
20/10/2017,15200,1038630000,68.8(0.58 %),15200,1038630000,0,0,989626546,3.55
23/10/2017,2000,136440000,68.5(0.29 %),2000,136440000,0,0,989679646,3.54
24/10/2017,2825,194120000,69.1(1.32 %),4025,277380000,1200,83260000,989676621,3.54
25/10/2017,-14630,-988560000,73(6.10 %),51970,3742030000,66600,4730590000,989624651,3.55
26/10/2017,-36000,-2556660000,71(-0.70 %),63400,4488740000,99400,7045400000,989561251,3.55
27/10/2017,2900,219680000,71.9(0.84 %),130300,9295510000,127400,9075830000,989484951,3.55
30/10/2017,1100,102530000,70(-2.10 %),47100,3343810000,46000,3241280000,989504451,3.55
31/10/2017,24200,1701050000,70.8(0.00 %),24200,1701050000,0,0,989579651,3.55
01/11/2017,12500,874960000,70(0.00 %),12500,874960000,0,0,989641751,3.54
02/11/2017,40800,2879260000,71(1.43 %),44000,3108150000,3200,228890000,989643751,3.54
03/11/2017,7600,537950000,70.6(-0.28 %),7600,537950000,0,0,989636151,3.54
06/11/2017,100,7820000,69.8(-1.41 %),18000,1264170000,17900,1256350000,989618151,3.55
07/11/2017,10175,717035000,72(2.56 %),18000,1280290000,7825,563255000,989603351,3.55
08/11/2017,34500,2544140000,73.8(3.51 %),274300,20619330000,239800,18075190000,989504551,3.55
09/11/2017,24300,1822010000,75.2(2.87 %),24300,1822010000,0,0,989498151,3.55
10/11/2017,15500,1190560000,77.4(3.34 %),24600,1890850000,9100,700290000,989481376,3.55
13/11/2017,-1400,-106250000,81(5.33 %),134300,10805660000,135700,10911910000,989511376,3.55
14/11/2017,-25100,-2062570000,80.5(-0.98 %),40400,3277200000,65500,5339770000,989470976,3.55
15/11/2017,-16100,-1314610000,81.4(0.25 %),68700,5620190000,84800,6934800000,989461376,3.55
16/11/2017,19700,1621350000,82.5(0.86 %),25100,2064060000,5400,442710000,989471976,3.55
17/11/2017,-16630,-1373506000,82.4(0.24 %),146070,12034878000,162700,13408384000,989490376,3.55
20/11/2017,24600,2015930000,83.3(1.09 %),213600,17621310000,189000,15605380000,989461576,3.55
21/11/2017,-30700,-2510870000,81.5(-1.57 %),8300,684120000,39000,3194990000,989458676,3.55
22/11/2017,56136,4728616000,85.5(4.40 %),137436,11648646000,81300,6920030000,989454970,3.55
23/11/2017,-59600,-4831380000,82.5(-1.55 %),26900,2308810000,86500,7140190000,989467070,3.55
24/11/2017,-36400,-3011650000,81(-4.71 %),290500,24434410000,326900,27446060000,989415570,3.56
27/11/2017,-21250,-1746140000,82(-1.32 %),66350,5439070000,87600,7185210000,989360520,3.56
28/11/2017,14800,1229920000,83(1.22 %),121600,10163990000,106800,8934070000,989365420,3.56
29/11/2017,-84500,-7038610000,83.4(0.00 %),21700,1818710000,106200,8857320000,989470620,3.55
30/11/2017,-48500,-4056080000,84(0.72 %),374600,31265800000,423100,35321880000,989183620,3.57
01/12/2017,-46700,-4046020000,88(5.39 %),305400,25857370000,352100,29903390000,989145020,3.57
04/12/2017,24640,2345280000,96.5(12.08 %),115740,10883920000,91100,8538640000,989135480,3.57
05/12/2017,-39200,-3655710000,90.3(-3.73 %),77600,7246160000,116800,10901870000,989480980,3.55
06/12/2017,50780,4551840000,89(-4.81 %),218600,19546820000,167820,14994980000,989414480,3.56
07/12/2017,-37000,-3308570000,90(0.78 %),2200,196860000,39200,3505430000,989503380,3.55
08/12/2017,-84700,-7410000000,89.3(-0.11 %),6600,577240000,91300,7987240000,989613580,3.55
11/12/2017,-30700,-2702670000,87(-0.57 %),2000,175360000,32700,2878030000,989779400,3.54
12/12/2017,-36400,-3177900000,86.5(-1.48 %),26000,2271850000,62400,5449750000,989792600,3.54
13/12/2017,14500,1230680000,85.5(-1.38 %),34700,2969330000,20200,1738650000,989849200,3.54
14/12/2017,-18480,-1594322000,86.5(1.41 %),127000,10919750000,145480,12514072000,989754900,3.54
15/12/2017,-21410,-1896650000,88.1(2.44 %),28700,2530700000,50110,4427350000,989788600,3.54
18/12/2017,-31010,-2789244000,89.9(1.81 %),37000,3328470000,68010,6117714000,989796600,3.54
19/12/2017,74700,6761810000,91(1.34 %),420500,38092720000,345800,31330910000,989721580,3.54
20/12/2017,11200,1037880000,93.1(2.65 %),44700,4167730000,33500,3129850000,989726990,3.54
21/12/2017,50100,4885640000,96.8(3.86 %),51100,4982640000,1000,97000000,989719100,3.54
22/12/2017,83400,8153190000,97.5(0.52 %),141400,13783090000,58000,5629900000,989723500,3.54
25/12/2017,14000,1355630000,97.4(0.31 %),14800,1433630000,800,78000000,989742200,3.54
26/12/2017,18300,1811870000,99.2(2.59 %),18600,1841490000,300,29620000,989724600,3.54
27/12/2017,-15500,-1584440000,103(4.25 %),25500,2630330000,41000,4214770000,989757100,3.54
28/12/2017,50000,5330130000,110(7.00 %),62000,6623940000,12000,1293810000,989695900,3.54
29/12/2017,-60400,-6614040000,108.5(1.21 %),25200,2753520000,85600,9367560000,989671000,3.54
02/01/2018,16700,1928930000,119(9.07 %),247800,28404180000,231100,26475250000,989692700,3.54
03/01/2018,-145880,-16978417000,114.5(-1.55 %),80430,9419994000,226310,26398411000,989624270,3.55
04/01/2018,-41800,-4723490000,119(0.93 %),131000,15042440000,172800,19765930000,989678870,3.54
05/01/2018,17300,2049850000,119(3.93 %),181300,21845020000,164000,19795170000,989573670,3.55
08/01/2018,-39700,-4636880000,116.6(-3.00 %),12200,1422860000,51900,6059740000,989787780,3.54
09/01/2018,-60500,-6949740000,112(-3.95 %),200200,22414870000,260700,29364610000,989760380,3.54
10/01/2018,23220,2458068000,106.5(-5.25 %),295320,31990378000,272100,29532310000,989655560,3.54
11/01/2018,-85500,-9476640000,110(3.68 %),183000,20065220000,268500,29541860000,989624460,3.55
12/01/2018,-63300,-7093050000,111.9(1.73 %),58400,6539480000,121700,13632530000,989726760,3.54
15/01/2018,-13300,-1440660000,108.7(-2.86 %),24000,2619010000,37300,4059670000,989874860,3.53
16/01/2018,-22300,-2383310000,106.5(-2.02 %),50900,5441230000,73200,7824540000,989992460,3.53
17/01/2018,7130,736547000,105.5(-1.31 %),154030,16310927000,146900,15574380000,989965130,3.53
18/01/2018,-74100,-7474490000,105(-0.85 %),336400,34774850000,410500,42249340000,989716030,3.54
19/01/2018,-172500,-17928420000,105(2.04 %),108700,11414960000,281200,29343380000,989680530,3.54
22/01/2018,-73300,-7878204000,108(2.66 %),19300,2107370000,92600,9985574000,989803130,3.54
23/01/2018,-198600,-22540670000,114(5.26 %),181900,20766900000,380500,43307570000,989981730,3.53
24/01/2018,-55650,-6320340000,111.8(-1.93 %),101200,11327930000,156850,17648270000,990161730,3.52
25/01/2018,-14400,-1594670000,109.1(-3.02 %),6600,738150000,21000,2332820000,990247730,3.52
26/01/2018,15560,1674330000,108.4(-2.08 %),20510,2210890000,4950,536560000,990607720,3.5
29/01/2018,-78187,-8107895400,103(-3.74 %),50213,5231404600,128400,13339300000,990714357,3.5
30/01/2018,-29415,-3065025000,104.2(0.19 %),38000,4000500000,67415,7065525000,990697357,3.5
31/01/2018,-38650,-3946050000,99.9(-4.77 %),9050,925610000,47700,4871660000,990693257,3.5
01/02/2018,-28790,-2790160000,96.4(-5.58 %),48210,4662480000,77000,7452640000,990773447,3.49
02/02/2018,-34260,-3395730000,99(2.27 %),120840,11892720000,155100,15288450000,990720022,3.5
05/02/2018,23725,2316845000,94(-4.57 %),40425,3942695000,16700,1625850000,990727297,3.49
06/02/2018,115520,9783460000,88(-9.84 %),917120,77963210000,801600,68179750000,990473777,3.51
07/02/2018,2323,241839000,91(7.57 %),129323,11866029000,127000,11624190000,990499554,3.51
08/02/2018,32500,2987230000,92.3(0.33 %),121500,11168070000,89000,8180840000,990394754,3.51
09/02/2018,67500,6147890000,91.9(0.00 %),532700,48491650000,465200,42343760000,990377054,3.51
12/02/2018,-22000,-2008320000,93(2.20 %),130200,11847300000,152200,13855620000,990373854,3.51
13/02/2018,-89700,-8254540000,92(0.99 %),223800,20590360000,313500,28844900000,990239054,3.52
21/02/2018,-50900,-4736130000,93(1.09 %),97200,8958400000,148100,13694530000,990307054,3.51
22/02/2018,-16600,-1537190000,92(-0.65 %),51400,4729350000,68000,6266540000,990412054,3.51
23/02/2018,24210,2224850000,92.2(0.00 %),141410,13060930000,117200,10836080000,990684144,3.5
26/02/2018,-54100,-5009450000,93(0.98 %),53700,4972170000,107800,9981620000,990778544,3.49
27/02/2018,-27680,-2564878000,93(0.43 %),5520,509682000,33200,3074560000,990841024,3.49
28/02/2018,-489600,-47423990000,100(8.11 %),224300,21308070000,713900,68732060000,990733924,3.49
01/03/2018,-34978,-3544970000,99.6(2.68 %),16122,1648420000,51100,5193390000,990825602,3.49
02/03/2018,45600,4611090000,99.1(-2.56 %),50500,5099490000,4900,488400000,990808302,3.49
05/03/2018,60710,6002880000,98(-2.49 %),62610,6191080000,1900,188200000,991359592,3.47
06/03/2018,61860,6004302000,98.9(0.00 %),69060,6702832000,7200,698530000,991341632,3.47
07/03/2018,17900,1727840000,97.5(0.21 %),34200,3327700000,16300,1599860000,991312332,3.47
08/03/2018,22000,2138220000,97.9(0.31 %),22000,2138220000,0,0,991292232,3.47
09/03/2018,-2250,-222370000,98.7(1.54 %),30750,3013060000,33000,3235430000,991268682,3.47
12/03/2018,31787,3207890000,99.4(1.33 %),84700,8493770000,52913,5285880000,991200282,3.47
13/03/2018,2817,275416200,98(-2.20 %),5417,531776200,2600,256360000,991194865,3.47
14/03/2018,1810,174091000,95.7(-2.64 %),1810,174091000,0,0,991226055,3.47
15/03/2018,-15100,-1412700000,92.4(-4.05 %),8900,829800000,24000,2242500000,991270068,3.47
16/03/2018,16900,1569280000,95(2.26 %),20000,1862980000,3100,293700000,991252668,3.47
19/03/2018,-21210,-1953195000,91.7(-1.40 %),37200,3503710000,58410,5456905000,991215468,3.47
20/03/2018,-34600,-3149530000,89.5(-4.28 %),15600,1408460000,50200,4557990000,991223868,3.47
21/03/2018,45600,4107490000,91(0.44 %),47200,4249890000,1600,142400000,991179768,3.47
22/03/2018,103600,9423770000,91.2(1.45 %),103700,9432880000,100,9110000,991134478,3.48
23/03/2018,49815,4461743500,89.6(-1.54 %),61625,5523693500,11810,1061950000,991123053,3.48
26/03/2018,37760,3420038000,91.5(2.12 %),47400,4278300000,9640,858262000,991077253,3.48
27/03/2018,53283,5082746300,96.8(7.20 %),83800,7915990000,30517,2833243700,990993553,3.48
28/03/2018,513685,41820163500,96(1.48 %),517200,42159760000,3515,339596500,990488163,3.51
29/03/2018,35800,3617860000,100.5(4.15 %),124700,12513480000,88900,8895620000,990373103,3.51
30/03/2018,132100,13857060000,106.1(5.78 %),133900,14048950000,1800,191890000,990269720,3.52
02/04/2018,60500,6376510000,104.9(-0.10 %),178400,18773130000,117900,12396620000,990189835,3.52
03/04/2018,84800,8857035000,103.5(-1.71 %),163600,17070315000,78800,8213280000,990115135,3.52
04/04/2018,7200,727380000,98.9(-5.09 %),58100,5783140000,50900,5055760000,990058835,3.53
05/04/2018,13600,1300980000,95.4(-4.02 %),13700,1310580000,100,9600000,990068035,3.53
06/04/2018,5900,552020000,94(-1.78 %),24300,2271480000,18400,1719460000,990122535,3.52
09/04/2018,-18200,-1714010000,96(2.78 %),31900,3049560000,50100,4763570000,990141535,3.52
10/04/2018,-4200,-392780000,93.8(-1.37 %),5800,544240000,10000,937020000,990135835,3.52
12/04/2018,4400,412530000,94.2(0.53 %),4700,440640000,300,28110000,990154735,3.52
13/04/2018,14200,1334050000,94.4(0.53 %),14400,1352950000,200,18900000,990150335,3.52
16/04/2018,31900,2998230000,93.7(-0.43 %),43400,4081550000,11500,1083320000,990138435,3.52
17/04/2018,17510,1625722000,92.9(-1.17 %),20410,1897382000,2900,271660000,990118325,3.52
18/04/2018,-12300,-1131720000,92(-0.97 %),208300,19165710000,220600,20297430000,990110225,3.52
19/04/2018,38300,3511560000,92.1(-0.11 %),39600,3630960000,1300,119400000,990082125,3.52
20/04/2018,12938,1179295400,91.7(0.11 %),22038,2011345400,9100,832050000,990062987,3.53
24/04/2018,13019,1170188100,89.9(-1.43 %),13219,1188088100,200,17900000,990045268,3.53
26/04/2018,55008,4926886000,89.7(-0.11 %),63608,5696486000,8600,769600000,989990760,3.53
27/04/2018,-2288,-200940000,89.5(0.00 %),28212,2477850000,30500,2678790000,989974148,3.53
02/05/2018,5210,457450000,88(0.11 %),317210,28064170000,312000,27606720000,989957138,3.53
03/05/2018,28300,2486400000,88.2(0.11 %),134400,11870890000,106100,9384490000,989929338,3.53
07/05/2018,32530,2867143000,91.7(4.09 %),129630,11423223000,97100,8556080000,989830808,3.54
08/05/2018,-21078,-1900830000,90(2.16 %),88922,8016810000,110000,9917640000,989808386,3.54
09/05/2018,10300,925250000,89.9(-0.66 %),108800,9790250000,98500,8865000000,989797986,3.54
10/05/2018,13100,1176810000,89.5(-0.33 %),224900,20238810000,211800,19062000000,989820186,3.54
11/05/2018,20000,1791640000,89.6(-0.33 %),22000,1970140000,2000,178500000,989849786,3.54
14/05/2018,4700,417700000,90(0.56 %),6600,586430000,1900,168730000,989843486,3.54
15/05/2018,-25680,-2253690000,88(-1.23 %),17120,1515660000,42800,3769350000,989888166,3.53
16/05/2018,2700,237560000,88(-0.34 %),8900,779910000,6200,542350000,989881266,3.53
17/05/2018,3200,282530000,87.3(0.00 %),6900,607970000,3700,325440000,989876266,3.53
18/05/2018,18500,1617050000,87(-1.14 %),160760,14116710000,142260,12499660000,989872066,3.53
21/05/2018,3600,316900000,87(-0.34 %),203600,17716900000,200000,17400000000,989874666,3.53
22/05/2018,50900,4224270000,84.4(-3.87 %),269940,22412170000,219040,18187900000,989819666,3.54
23/05/2018,3700,342750000,82.1(-1.56 %),68200,5570710000,64500,5227960000,989779966,3.54
24/05/2018,15000,1236450000,82(0.61 %),38500,3175200000,23500,1938750000,989741466,3.54
25/05/2018,13052,1059446000,81.2(-1.58 %),207747,17015720000,194695,15956274000,989725519,3.54
28/05/2018,43610,3490130000,80(-1.48 %),115010,9204030000,71400,5713900000,989715009,3.54
29/05/2018,32113,2540197000,80(-0.12 %),32113,2540197000,0,0,989706396,3.54
30/05/2018,-5060,-391050000,79.2(0.38 %),433100,34309620000,438160,34700670000,989573991,3.55
01/06/2018,11900,967960000,81(1.00 %),31400,2540660000,19500,1572700000,989548191,3.55
04/06/2018,27400,2305200000,88(8.91 %),35200,2983380000,7800,678180000,989661151,3.54
05/06/2018,18600,1672500000,90.5(6.97 %),159700,14421390000,141100,12748890000,989620751,3.55
06/06/2018,-4400,-387070000,88.1(-2.11 %),4100,362590000,8500,749660000,989636151,3.54
07/06/2018,15502,1368906000,88.4(0.11 %),215502,18968906000,200000,17600000000,989628449,3.55
08/06/2018,32600,2907450000,89.5(1.94 %),33300,2970100000,700,62650000,989642849,3.54
11/06/2018,85800,8033770000,96.2(7.97 %),91000,8522720000,5200,488950000,989560349,3.55
12/06/2018,13741,1298552000,94(-0.11 %),20341,1909932000,6600,611380000,989540008,3.55
13/06/2018,11500,1067210000,92.5(-0.96 %),129000,12091890000,117500,11024680000,989522008,3.55
14/06/2018,-5800,-528290000,90.6(-2.27 %),600300,54454340000,606100,54982630000,989526208,3.55
15/06/2018,-4800,-427930000,89(-2.41 %),1900,169050000,6700,596980000,989530908,3.55
18/06/2018,-6300,-555440000,88.4(-0.79 %),0,0,6300,555440000,989538108,3.55
20/06/2018,30600,2751790000,90(5.76 %),122500,11005260000,91900,8253470000,989491886,3.55
21/06/2018,4600,413270000,88(-1.23 %),6400,573070000,1800,159800000,989491786,3.55
22/06/2018,84600,7758410000,92(3.14 %),312000,28368410000,227400,20610000000,989385586,3.56
25/06/2018,102302,9500046600,92.5(0.87 %),126110,11711719000,23808,2211672400,989276776,3.56
26/06/2018,1500,134240000,90(-3.12 %),17500,1574240000,16000,1440000000,989261076,3.56
27/06/2018,147013,13616595100,92.5(3.01 %),295613,27318465100,148600,13701870000,988996763,3.57
28/06/2018,89700,8290030000,92(-0.43 %),233100,21557820000,143400,13267790000,988787471,3.58
29/06/2018,56100,5117080000,91.5(-1.08 %),142400,13048990000,86300,7931910000,988661071,3.59
02/07/2018,3100,275760000,88.1(-3.82 %),6100,543880000,3000,268120000,988803571,3.58
03/07/2018,11312,1001158000,88(-1.23 %),18312,1617408000,7000,616250000,988928659,3.58
04/07/2018,-20400,-1749130000,86(-2.49 %),121100,10460160000,141500,12209290000,989007259,3.57
05/07/2018,11290,969413000,85(-1.16 %),555100,47937930000,543810,46968517000,988955159,3.58
06/07/2018,1200,99010000,85.5(-0.47 %),207600,17646000000,206400,17546990000,988953659,3.58
09/07/2018,1000,85820000,84(-1.52 %),2000,170430000,1000,84610000,988979759,3.58
10/07/2018,18900,1606300000,85(0.00 %),975800,82942800000,956900,81336500000,988961769,3.58
11/07/2018,1000,84130000,82(-3.53 %),5300,437830000,4300,353700000,988963769,3.58
12/07/2018,-9205,-741980000,81(-1.70 %),208600,16704260000,217805,17446240000,988936169,3.58
13/07/2018,44200,3559050000,80.7(0.25 %),124500,10033066000,80300,6474016000,988901569,3.58
16/07/2018,-1500,-121730000,80.7(0.12 %),200,16370000,1700,138100000,988905669,3.58
17/07/2018,-1900,-155090000,81(-0.25 %),31900,2586220000,33800,2741310000,988932074,3.58
18/07/2018,-23200,-1873530000,80.7(-0.25 %),63500,5117800000,86700,6991330000,988901874,3.58
19/07/2018,-13900,-1122480000,80.7(0.00 %),12700,1024620000,26600,2147100000,988890874,3.58
20/07/2018,-7600,-612600000,80.6(-0.12 %),300,24120000,7900,636720000,988903874,3.58
23/07/2018,6800,544560000,80.5(0.00 %),222200,17850360000,215400,17305800000,988968374,3.58
24/07/2018,-7100,-572810000,80.4(0.00 %),48500,3901910000,55600,4474720000,988946474,3.58
25/07/2018,9500,766100000,80.3(-0.25 %),11000,886550000,1500,120450000,988943374,3.58
26/07/2018,2300,184840000,80.5(0.00 %),2800,225040000,500,40200000,988955974,3.58
27/07/2018,4500,380130000,80.4(0.00 %),95400,7662610000,90900,7282480000,988990574,3.57
30/07/2018,-14862,-1198874000,80.5(-0.62 %),121738,9829590000,136600,11028464000,988969336,3.58
31/07/2018,-4265,-323492500,80.4(-0.62 %),148635,12297773500,152900,12621266000,988973601,3.58
01/08/2018,72900,6329210000,87(5.58 %),103300,8972590000,30400,2643380000,988860401,3.58
02/08/2018,5800,488060000,83.9(-3.45 %),8900,750180000,3100,262120000,988889101,3.58
03/08/2018,26600,2250900000,85(0.47 %),26600,2250900000,0,0,988889401,3.58
06/08/2018,65400,5764950000,88(4.14 %),78400,6907940000,13000,1142990000,988841401,3.58
07/08/2018,14900,1312210000,88.1(-0.11 %),118100,10494530000,103200,9182320000,988826401,3.58
08/08/2018,30200,2643560000,88.3(0.34 %),30200,2643560000,0,0,988796201,3.58
09/08/2018,18700,1644660000,88(0.80 %),30700,2698600000,12000,1053940000,988778501,3.58
10/08/2018,27600,2421750000,88.3(0.46 %),28000,2456910000,400,35160000,988753701,3.59
13/08/2018,18700,1647720000,88.6(0.91 %),18700,1647720000,0,0,988735001,3.59
14/08/2018,-12400,-1091470000,87.9(-0.34 %),55500,4884100000,67900,5975570000,988715601,3.59
15/08/2018,-134200,-11939940000,87(-1.14 %),85400,7559490000,219600,19499430000,988849801,3.58
16/08/2018,0,0,87(-2.14 %),0,0,0,0,988630601,3.59
17/08/2018,-50100,-4318650000,86(-0.23 %),101100,8795550000,151200,13114200000,988680701,3.59
20/08/2018,100,8700000,85(-1.39 %),100,8700000,0,0,988892801,3.58
21/08/2018,3210,271240000,84.1(-1.52 %),3300,278800000,90,7560000,988889501,3.58
22/08/2018,-9200,-773160000,83.8(0.00 %),3500,295750000,12700,1068910000,988937201,3.58
23/08/2018,-8100,-677520000,83.4(-0.95 %),600,50150000,8700,727670000,988936601,3.58
24/08/2018,13000,1086210000,85.1(1.67 %),75300,6353370000,62300,5267160000,988861391,3.58
27/08/2018,2100,178410000,85(0.71 %),8000,679120000,5900,500710000,988866091,3.58
28/08/2018,-700,-59460000,84.9(0.00 %),500,42500000,1200,101960000,988874291,3.58
29/08/2018,-11150,-934205000,83.5(-1.76 %),2950,246845000,14100,1181050000,988933641,3.58
30/08/2018,-7000,-577590000,83.2(-0.72 %),26600,2225970000,33600,2803560000,988912941,3.58
31/08/2018,-14790,-1229716000,82.9(-0.72 %),2410,200904000,17200,1430620000,988911731,3.58
04/09/2018,-3900,-322140000,82.1(-1.32 %),2000,165160000,5900,487300000,993529902,3.37
05/09/2018,-3800,-310960000,81(-1.94 %),31900,2584290000,35700,2895250000,993533702,3.37
07/09/2018,3600,294680000,82.5(2.36 %),3600,294680000,0,0,988943931,3.58
10/09/2018,8200,681550000,83.5(2.20 %),11500,956200000,3300,274650000,988968131,3.58
12/09/2018,-5200,-431350000,83(-0.95 %),2800,232360000,8000,663710000,988954006,3.58
13/09/2018,30500,2550240000,84.5(1.81 %),32400,2710170000,1900,159930000,0,0.0
14/09/2018,1300,109640000,84.6(1.32 %),3400,287050000,2100,177410000,988921506,3.58
17/09/2018,1000,85000000,83.3(-1.19 %),2000,167650000,1000,82650000,988927506,3.58
18/09/2018,25200,2116160000,85(2.04 %),31400,2640040000,6200,523880000,988898006,3.58
19/09/2018,-16100,-1349810000,84(-0.36 %),61800,5186000000,77900,6535810000,988838306,3.58
20/09/2018,-5700,-474780000,84(1.20 %),14000,1169170000,19700,1643950000,988825306,3.58
21/09/2018,21248,1817420000,85.7(2.51 %),23148,1979550000,1900,162130000,988804058,3.58
24/09/2018,1800,159760000,87.9(2.81 %),90500,8029070000,88700,7869310000,988875758,3.58
25/09/2018,10600,936780000,87.7(0.46 %),42100,3725030000,31500,2788250000,988868958,3.58
26/09/2018,-16000,-1398920000,87(-1.58 %),0,0,16000,1398920000,988870858,3.58
27/09/2018,-37100,-3183700000,86.5(-1.03 %),200,17080000,37300,3200780000,988879358,3.58
28/09/2018,-6500,-560950000,86.2(0.35 %),0,0,6500,560950000,988895258,3.58
01/10/2018,-4500,-381310000,83(-3.82 %),3800,332440000,8300,713750000,988907458,3.58
02/10/2018,-21900,-1881640000,86(0.00 %),5400,467040000,27300,2348680000,988929358,3.58
03/10/2018,-400,-33200000,85.8(-0.35 %),3800,326800000,4200,360000000,988942058,3.58
04/10/2018,-22600,-1935250000,86(0.00 %),0,0,22600,1935250000,988964658,3.58
05/10/2018,-100,-7320000,85(-0.93 %),1500,128300000,1600,135620000,988976158,3.58
08/10/2018,-2100,-176190000,84(-1.06 %),200,16640000,2300,192830000,988980158,3.58
09/10/2018,-4900,-408550000,83(-1.07 %),1600,133480000,6500,542030000,989001158,3.57
10/10/2018,-8400,-697210000,82.6(-0.84 %),0,0,8400,697210000,989002758,3.57
11/10/2018,10400,838770000,80(-3.61 %),83100,6639410000,72700,5800640000,988992358,3.57
12/10/2018,29600,2387420000,82.1(2.63 %),39300,3171610000,9700,784190000,988889158,3.58
15/10/2018,8000,650380000,81.8(1.24 %),12300,999110000,4300,348730000,988885258,3.58
16/10/2018,1410,114845000,81.9(0.99 %),3610,294645000,2200,179800000,988954348,3.58
17/10/2018,-1400,-114920000,82.2(0.61 %),300100,24708300000,301500,24823220000,988963948,3.58
18/10/2018,8910,731100000,82.1(-0.12 %),41420,3397335000,32510,2666235000,988926828,3.58
19/10/2018,-4100,-332750000,82(0.00 %),200,16150000,4300,348900000,988928828,3.58
22/10/2018,14300,1172870000,82.1(1.61 %),20500,1681220000,6200,508350000,988909828,3.58
23/10/2018,5800,468270000,81(-1.22 %),16600,1342880000,10800,874610000,988925738,3.58
24/10/2018,-1700,-136030000,80.4(-0.62 %),1700,136930000,3400,272960000,988927438,3.58
25/10/2018,8100,644060000,80(-0.37 %),252700,20088330000,244600,19444270000,988852438,3.58
26/10/2018,2100,169080000,80.5(1.39 %),103000,8241570000,100900,8072490000,988860238,3.58
29/10/2018,-2700,-215610000,80(-0.62 %),160800,12864260000,163500,13079870000,988862838,3.58
30/10/2018,-1900,-149050000,79(-1.13 %),4000,318400000,5900,467450000,988932838,3.58
31/10/2018,-3400,-271860000,80.6(1.77 %),6900,552350000,10300,824210000,988926838,3.58
01/11/2018,4000,321150000,80.5(0.62 %),8500,681350000,4500,360200000,988921838,3.58
02/11/2018,3700,299310000,80.9(1.00 %),3700,299310000,0,0,988924038,3.58
05/11/2018,61700,4932810000,80.6(-0.37 %),61700,4932810000,0,0,988872638,3.58
06/11/2018,50525,4044699000,80.5(0.50 %),122400,9794890000,71875,5750191000,988814738,3.58
07/11/2018,-200,-16180000,80.1(0.00 %),0,0,200,16180000,988814738,3.58
08/11/2018,4300,348100000,80.5(0.12 %),4300,348100000,0,0,988810438,3.58
09/11/2018,14400,1151020000,80.4(-0.62 %),14400,1151020000,0,0,988807913,3.58
12/11/2018,32300,2625310000,82.6(3.38 %),32900,2674670000,600,49360000,988775213,3.58
13/11/2018,5300,464390000,81.9(0.49 %),55300,4607250000,50000,4142860000,988719913,3.59
14/11/2018,6300,518260000,82.8(-0.24 %),6300,518260000,0,0,988713613,3.59
15/11/2018,3300,274910000,80.4(-2.31 %),3800,315220000,500,40310000,988710413,3.59
16/11/2018,1800,146040000,81.4(0.00 %),1800,146040000,0,0,988758613,3.59
19/11/2018,23800,1929080000,81(0.00 %),23800,1929080000,0,0,988734813,3.59
20/11/2018,80,5992000,80(-0.87 %),900,72000000,820,66008000,988734413,3.59
21/11/2018,-1000,-80530000,80.9(1.00 %),9000,724470000,10000,805000000,988725413,3.59
22/11/2018,-500,-44400000,80(-0.37 %),5300,419930000,5800,464330000,988720113,3.59
23/11/2018,6000,471420000,80.5(1.13 %),50100,3970990000,44100,3499570000,988670833,3.59
26/11/2018,400,32100000,79.5(0.25 %),400,32100000,0,0,988680433,3.59
27/11/2018,7600,611800000,79.7(-0.25 %),15100,1212350000,7500,600550000,988671133,3.59
28/11/2018,2200,174400000,79.6(-0.87 %),2200,174400000,0,0,988713033,3.59
29/11/2018,1700,137950000,79(-0.50 %),51700,4104380000,50000,3966430000,988661333,3.59
30/11/2018,12200,987780000,80.5(1.51 %),157200,12587930000,145000,11600150000,988649133,3.59
03/12/2018,3700,296260000,81(1.12 %),63700,5108170000,60000,4811910000,988553133,3.59
04/12/2018,10200,827180000,81(0.50 %),210200,17127180000,200000,16300000000,988592933,3.59
05/12/2018,26120,2114720000,81(-0.12 %),26120,2114720000,0,0,988661813,3.59
06/12/2018,-3400,-275770000,81.2(0.25 %),274400,22226300000,277800,22502070000,988612213,3.59
07/12/2018,14600,1182530000,81(0.00 %),745800,60417617600,731200,59235087600,988578013,3.59
10/12/2018,9500,769040000,81(0.00 %),25200,2040740000,15700,1271700000,988568513,3.59
11/12/2018,-6000,-481730000,80.3(-0.62 %),123700,9933530000,129700,10415260000,988502613,3.6
12/12/2018,-126600,-10299580000,81.8(1.87 %),547400,44361280000,674000,54660860000,988474813,3.6
13/12/2018,-45590,-3839005000,84.3(3.69 %),14510,1232065000,60100,5071070000,988460303,3.6
14/12/2018,1500,125370000,84.5(0.12 %),690600,58609480000,689100,58484110000,988549403,3.59
17/12/2018,18110,1509855000,82.6(-2.25 %),219610,18435855000,201500,16926000000,988703793,3.59
18/12/2018,-37940,-3112950000,82(-1.68 %),179460,14716470000,217400,17829420000,988584433,3.59
19/12/2018,11300,949650000,83.6(1.95 %),226900,19046520000,215600,18096870000,988596633,3.59
20/12/2018,14400,1202030000,83.8(0.36 %),16400,1369630000,2000,167600000,988581733,3.59
21/12/2018,31600,2643660000,83.8(0.24 %),180900,15118010000,149300,12474350000,988726233,3.59
24/12/2018,32800,2737520000,83(-0.60 %),51000,4256630000,18200,1519110000,988690833,3.59
25/12/2018,63500,5219240000,83(-0.48 %),85500,7036390000,22000,1817150000,988607333,3.59
26/12/2018,51900,4351900000,83.7(1.95 %),59100,4956400000,7200,604500000,988589533,3.59
27/12/2018,10400,884950000,86(2.63 %),95100,8098060000,84700,7213110000,988512633,3.6
28/12/2018,177400,15731830000,90(5.88 %),312400,27660550000,135000,11928720000,988222233,3.61
02/01/2019,-19320,-1706894000,88.3(0.00 %),118000,10447940000,137320,12154834000,988193433,3.61
03/01/2019,25300,2191090000,86.8(-2.03 %),27500,2382180000,2200,191090000,988168133,3.61
04/01/2019,2700,227400000,85.4(-1.39 %),66600,5635540000,63900,5408140000,988165433,3.61
07/01/2019,-2900,-248144000,85.5(1.18 %),70700,6035490000,73600,6283634000,988168333,3.61
08/01/2019,-15720,-1379097000,87.8(2.81 %),221400,19262303000,237120,20641400000,988184053,3.61
09/01/2019,-25200,-2219430000,88(0.46 %),102100,8995030000,127300,11214460000,988209253,3.61
10/01/2019,10000,876760000,87.8(-0.34 %),10000,876760000,0,0,988199253,3.61
11/01/2019,-75500,-6737490000,89.3(1.94 %),0,0,75500,6737490000,988274753,3.61
14/01/2019,-7300,-648910000,88.4(-1.01 %),200,17760000,7500,666670000,988282053,0.01
15/01/2019,-2160,-192444000,88.8(0.00 %),100,8930000,2260,201374000,988284213,0.01
16/01/2019,4000,350640000,87.8(-0.79 %),4000,350640000,0,0,988280213,0.01
17/01/2019,51000,4355610000,86.2(-1.71 %),51000,4355610000,0,0,988229213,0.01
18/01/2019,10300,873620000,85(-0.70 %),10700,907540000,400,33920000,988218913,0.01
21/01/2019,-7300,-628910000,86.6(1.88 %),0,0,7300,628910000,988226213,0.01
22/01/2019,-1300,-112040000,86(-0.23 %),200,17200000,1500,129240000,988227513,0.01
24/01/2019,7400,619500000,84.5(1.56 %),7400,619500000,0,0,988220113,0.01
25/01/2019,9700,816200000,85(1.92 %),72800,6151700000,63100,5335500000,988210413,0.01
28/01/2019,18800,1589450000,84.4(-0.35 %),18800,1589450000,0,0,988191613,0.01
29/01/2019,-2400,-207480000,84.2(-0.36 %),5900,496870000,8300,704350000,988194013,0.01
30/01/2019,-3600,-303670000,83.5(-1.53 %),6400,537910000,10000,841580000,988197613,0.01
31/01/2019,8300,698170000,84.1(0.12 %),19800,1665110000,11500,966940000,988189313,0.01
01/02/2019,-4700,-395520000,84.1(0.00 %),3100,260390000,7800,655910000,988442333,0.0
11/02/2019,-10500,-886830000,84.5(0.60 %),5000,422370000,15500,1309200000,988452833,0.0
12/02/2019,-6900,-589560000,85(0.59 %),1900,161500000,8800,751060000,988459733,0.0
13/02/2019,-16500,-1416480000,86(0.70 %),103300,8780510000,119800,10196990000,988476233,0.0
14/02/2019,-2600,-222030000,85.5(0.00 %),3100,265560000,5700,487590000,988478833,0.0
15/02/2019,-131200,-11247788000,86.9(1.52 %),109700,9342910000,240900,20590698000,988610033,0.0
18/02/2019,-42200,-3702730000,88.3(1.96 %),87800,7698140000,130000,11400870000,988652233,3.59
19/02/2019,-258400,-22696640000,88.1(0.23 %),17600,1552040000,276000,24248680000,988910633,3.58
20/02/2019,32000,2902670000,89.7(1.70 %),333800,29919680000,301800,27017010000,988878633,3.58
21/02/2019,33500,3008180000,89.6(0.00 %),245200,21998740000,211700,18990560000,988725133,0.0
22/02/2019,-5000,-445010000,88.3(-1.56 %),0,0,5000,445010000,988730133,0.0
25/02/2019,107111,9759697700,90.7(2.37 %),231011,20987927700,123900,11228230000,988623022,0.01
26/02/2019,60600,5486200000,90.1(-0.66 %),94100,8527350000,33500,3041150000,988562422,0.0
27/02/2019,-16500,-1482830000,89.7(-0.99 %),19600,1759360000,36100,3242190000,988578922,0.0
28/02/2019,86202,7557306600,88(-2.00 %),97402,8550866600,11200,993560000,988492720,3.6
01/03/2019,-34500,-3040060000,87.9(0.00 %),20500,1806300000,55000,4846360000,988454220,0.0
04/03/2019,-17100,-1518940000,88.9(0.91 %),31600,2806620000,48700,4325560000,988471320,0.0
05/03/2019,-17890,-1596222000,88.6(-0.23 %),30010,2664398000,47900,4260620000,988489210,0.0
06/03/2019,-17600,-1549280000,88(-0.90 %),0,0,17600,1549280000,988506810,0.0
07/03/2019,-35600,-3196690000,89.8(2.05 %),42100,3792220000,77700,6988910000,988542410,0.0
08/03/2019,3700,326910000,88.5(-1.67 %),150100,13402710000,146400,13075800000,988538710,0.0
11/03/2019,-2550,-224640000,87.5(-1.24 %),64750,5712650000,67300,5937290000,988541260,0.0
12/03/2019,21900,1908850000,87.6(0.00 %),21900,1908850000,0,0,988519360,0.0
13/03/2019,16800,1450100000,86.5(-0.80 %),50600,4374720000,33800,2924620000,988502560,0.01
14/03/2019,-2500,-220150000,87(0.69 %),3000,259370000,5500,479520000,988505060,0.0
15/03/2019,6700,578410000,86.5(0.00 %),10900,943350000,4200,364940000,988498360,0.0
18/03/2019,-9900,-867920000,87.6(1.04 %),49700,4344650000,59600,5212570000,988508260,0.0
19/03/2019,-41500,-3664530000,88(0.69 %),0,0,41500,3664530000,988549760,0.0
20/03/2019,300,22960000,86.6(-1.81 %),50300,4353440000,50000,4330480000,988549460,0.0
21/03/2019,-32600,-2812700000,85(-1.85 %),4100,355810000,36700,3168510000,988582060,0.0
22/03/2019,60000,5149820000,86.3(-0.35 %),263000,22607820000,203000,17458000000,988522060,0.0
25/03/2019,40800,3459790000,84.8(-1.28 %),40800,3459790000,0,0,988481260,0.0
26/03/2019,-7200,-606590000,84(-0.94 %),6500,548490000,13700,1155080000,988488460,0.0
27/03/2019,-11100,-942260000,84.2(-0.24 %),17000,1438810000,28100,2381070000,988499560,0.0
28/03/2019,5400,456160000,85.1(0.35 %),20500,1735810000,15100,1279650000,988494160,0.0
29/03/2019,3200,272100000,84.7(0.00 %),49000,4180210000,45800,3908110000,988490960,0.0
01/04/2019,-1700,-144240000,85.1(-0.23 %),41700,3532180000,43400,3676420000,988530660,0.0
02/04/2019,-6800,-575500000,84.5(-0.24 %),100,8440000,6900,583940000,988537460,0.0
03/04/2019,-4400,-370740000,84.2(-0.36 %),1500,126000000,5900,496740000,988541860,0.0
04/04/2019,-20500,-1708730000,83(-1.31 %),41900,3492280000,62400,5201010000,988562360,0.0
05/04/2019,-7600,-625160000,82(-1.56 %),167100,13693226400,174700,14318386400,988569960,0.0
08/04/2019,-44540,-3625086000,83.7(2.07 %),32400,2628000000,76940,6253086000,988614500,0.0
09/04/2019,-5100,-431460000,83.5(2.71 %),108200,9054990000,113300,9486450000,988619600,0.0
10/04/2019,600,49800000,82.9(-0.96 %),600,49800000,0,0,988619000,0.0
11/04/2019,11200,919600000,82(-1.44 %),11200,919600000,0,0,988607800,0.0
12/04/2019,17900,1487880000,83.9(2.07 %),18900,1571880000,1000,84000000,988589900,0.0
16/04/2019,24800,2059570000,83.2(0.00 %),24800,2059570000,0,0,988565100,0.0
17/04/2019,34800,2888390000,83(0.00 %),34800,2888390000,0,0,988530300,0.0
18/04/2019,27800,2301550000,82.8(-0.24 %),37800,3130550000,10000,829000000,988502500,0.0
19/04/2019,15200,1248680000,82.8(0.00 %),15200,1248680000,0,0,988487300,0.0
22/04/2019,-900,-73800000,82(0.00 %),100,8200000,1000,82000000,988488200,0.0
23/04/2019,1700,139400000,83(1.22 %),201700,16439400000,200000,16300000000,988486500,0.0
24/04/2019,0,0,82.5(-0.36 %),200000,16531200000,200000,16531200000,988486500,0.0
25/04/2019,12700,1048920000,82.8(0.24 %),12700,1048920000,0,0,988473800,0.0
26/04/2019,-4800,-397030000,83(0.48 %),4400,363900000,9200,760930000,988478600,0.0
02/05/2019,-23600,-1977980000,83.7(1.21 %),19100,1599680000,42700,3577660000,988514600,0.0
03/05/2019,3000,251190000,83.7(0.00 %),3000,251190000,0,0,988511600,0.0
06/05/2019,11805,970542500,81.9(-2.15 %),19805,1628152500,8000,657610000,988499795,0.0
07/05/2019,8379,687818000,81.5(-0.85 %),12824,1050218000,4445,362400000,988491416,0.0
08/05/2019,-2100,-170150000,80.9(-1.10 %),400,32350000,2500,202500000,988493516,0.0
09/05/2019,17900,1427690000,80(-0.99 %),226100,18098730000,208200,16671040000,988475616,0.0
10/05/2019,3000,240530000,80.1(0.12 %),76190,6127845000,73190,5887315000,988472616,0.0
13/05/2019,-1980,-158596000,80.1(0.00 %),27720,2218304000,29700,2376900000,988474596,0.0
14/05/2019,29700,2366450000,80.1(0.00 %),39100,3118300000,9400,751850000,988444896,0.0
15/05/2019,-2000,-161940000,80.4(0.88 %),200,15960000,2200,177900000,988446896,0.0
16/05/2019,-5322,-426606600,80(-0.37 %),31200,2495980000,36522,2922586600,988452218,0.0
17/05/2019,-21600,-1729360000,80.3(0.38 %),16400,1313060000,38000,3042420000,988473818,0.0
20/05/2019,-68000,-5500730000,81.2(1.37 %),175000,14157500000,243000,19658230000,988541818,0.0
21/05/2019,-9800,-810290000,82.8(2.35 %),150200,12308877500,160000,13119167500,988551618,0.0
22/05/2019,1600,129610000,82(-0.97 %),3600,295610000,2000,166000000,988550018,0.0
23/05/2019,-3700,-301560000,81.6(-0.61 %),1300,106440000,5000,408000000,988553718,0.0
24/05/2019,2100,171090000,81.6(0.12 %),2100,171090000,0,0,988551618,0.0
27/05/2019,-1400,-114390000,81.6(0.25 %),7600,619140000,9000,733530000,988553018,0.0
28/05/2019,-11000,-899350000,81.5(0.12 %),900,73020000,11900,972370000,988564018,0.0
29/05/2019,15100,1226670000,81.5(0.00 %),43200,3510700000,28100,2284030000,988548918,0.0
30/05/2019,15523,1260052600,81.5(0.37 %),22123,1797552600,6600,537500000,988533395,0.0
31/05/2019,10200,827960000,81.1(-0.12 %),22400,1818070000,12200,990110000,988523195,0.0
03/06/2019,22700,1830650000,81(-0.12 %),22700,1830650000,0,0,988533595,0.0
04/06/2019,-3000,-240660000,80(-0.74 %),4900,392040000,7900,632700000,988536595,0.0
05/06/2019,-4400,-351780000,80(-0.12 %),5100,408670000,9500,760450000,988540995,0.0
06/06/2019,-20800,-1663520000,80(0.00 %),101700,8122180000,122500,9785700000,988561795,0.0
07/06/2019,-17200,-1379000000,80.1(0.25 %),21500,1719350000,38700,3098350000,988578995,0.0
10/06/2019,-6600,-531100000,80.5(0.62 %),0,0,6600,531100000,988585595,0.0
11/06/2019,-9700,-780560000,80.5(0.12 %),101500,8187000000,111200,8967560000,988595295,0.0
12/06/2019,-43700,-3530000000,80.8(0.50 %),29440,2366976000,73140,5896976000,988638995,0.0
13/06/2019,-54510,-4391425000,80.7(0.00 %),52790,4249577000,107300,8641002000,988693505,0.0
14/06/2019,-145960,-12099866880,83(3.11 %),164000,13555410000,309960,25655276880,988839465,0.0
17/06/2019,23110,1928403000,83.9(1.57 %),150510,12564883000,127400,10636480000,988816355,0.0
18/06/2019,33000,2766100000,84(0.60 %),186100,15605320000,153100,12839220000,988783355,0.0
19/06/2019,97160,8228300000,86.5(3.10 %),221060,18716270000,123900,10487970000,988686195,0.0
20/06/2019,80200,6918250000,86.1(1.65 %),190200,16360260000,110000,9442010000,988605995,0.0
21/06/2019,74400,6433220000,86.3(0.35 %),350300,30181890000,275900,23748670000,988531595,0.0
24/06/2019,9700,867080000,85.2(-1.16 %),183900,15692770000,174200,14825690000,988521895,0.0
25/06/2019,111400,9610780000,85(-0.23 %),257600,21996070000,146200,12385290000,988410495,0.0
26/06/2019,17720,1517092000,85.1(-0.12 %),141620,11980362000,123900,10463270000,988392775,0.0
27/06/2019,-5600,-459490000,83.9(-0.71 %),79500,6742980000,85100,7202470000,988398375,0.0
28/06/2019,514900,46135860000,97(14.39 %),614600,54546660000,99700,8410800000,987883475,0.01
01/07/2019,-30200,-2575340000,84.8(-4.40 %),52900,4502470000,83100,7077810000,987664575,0.0
02/07/2019,-25000,-2032550000,85.5(0.35 %),89900,7561604000,114900,9594154000,987689575,0.0
03/07/2019,-15270,-1289609000,84(0.12 %),309230,26081101000,324500,27370710000,987704845,0.0
04/07/2019,1802,148387000,84.6(0.00 %),404702,34027777600,402900,33879390600,987703043,0.0
05/07/2019,23400,1965330000,83.1(-1.07 %),76900,6436150000,53500,4470820000,987679643,3.63
08/07/2019,-14500,-1189130000,81.7(-2.27 %),1400,115000000,15900,1304130000,987694143,0.01
09/07/2019,-30700,-2509010000,81.5(-0.73 %),144500,11789960000,175200,14298970000,987724843,0.01
10/07/2019,-20300,-1674950000,82.3(0.86 %),19700,1625990000,40000,3300940000,987745143,0.0
11/07/2019,-28400,-2344700000,82.5(0.00 %),3100,256210000,31500,2600910000,987773543,0.0
12/07/2019,-27500,-2267610000,82.6(0.00 %),28100,2318230000,55600,4585840000,987801043,0.01
15/07/2019,16600,1387870000,84(1.94 %),16700,1396270000,100,8400000,987784443,0.01
16/07/2019,-3400,-287410000,83.2(0.12 %),27000,2259540000,30400,2546950000,987787843,0.01
17/07/2019,9700,811350000,83.4(-0.48 %),31700,2642850000,22000,1831500000,987778143,0.01
18/07/2019,-6400,-527870000,82.5(-0.60 %),7500,621180000,13900,1149050000,987784543,0.01
19/07/2019,-56000,-4604380000,82.8(0.24 %),55600,4570700000,111600,9175080000,987840543,0.01
22/07/2019,-20800,-1706780000,82(-0.24 %),23300,1910270000,44100,3617050000,987861343,0.01
23/07/2019,-12500,-1036360000,81.5(-0.73 %),58800,4777020000,71300,5813380000,987873843,0.0
24/07/2019,-7100,-577140000,82.3(1.35 %),32800,2683730000,39900,3260870000,987880943,0.01
25/07/2019,-24800,-2033610000,82(0.37 %),64100,5255860000,88900,7289470000,987905743,0.01
26/07/2019,7900,647750000,81.9(-0.12 %),25900,2123750000,18000,1476000000,987897843,0.01
29/07/2019,-31500,-2569990000,83(1.22 %),58500,4843230000,90000,7413220000,987929343,0.01
30/07/2019,-87200,-7211320000,84(1.57 %),90400,7509930000,177600,14721250000,988016543,0.0
31/07/2019,-1865,-160490500,83.2(0.24 %),46135,3834279500,48000,3994770000,988018408,0.0
01/08/2019,6400,532760000,83.2(0.12 %),130000,10778550000,123600,10245790000,987995708,0.0
02/08/2019,11800,975520000,82.5(-0.36 %),39000,3226420000,27200,2250900000,987983908,0.01
05/08/2019,65470,5450937800,84.5(2.18 %),303180,25439464800,237710,19988527000,987918438,0.01
06/08/2019,22600,1902280000,84(0.12 %),119900,10082220000,97300,8179940000,987895838,0.01
07/08/2019,1700,142140000,83(-1.31 %),3200,267430000,1500,125290000,987894138,0.0
08/08/2019,-15800,-1354810000,85.8(2.51 %),137200,11744270000,153000,13099080000,987909938,0.01
09/08/2019,2800,236380000,84.9(-0.59 %),22800,1936620000,20000,1700240000,987907138,0.01
12/08/2019,-2000,-167970000,84.5(-0.82 %),11000,932710000,13000,1100680000,987909138,0.01
13/08/2019,-251800,-20516102900,82.5(-2.48 %),118200,9582600000,370000,30098702900,988160938,0.0
14/08/2019,-3300,-268444400,82(0.49 %),17800,1448990000,21100,1717434400,988164238,0.0
15/08/2019,14800,1200860000,81.8(0.49 %),16900,1371800000,2100,170940000,988149438,0.0
16/08/2019,73200,6022510000,82.1(0.98 %),73800,6071710000,600,49200000,988076238,0.02
19/08/2019,49200,4074180000,83.5(1.46 %),50700,4198080000,1500,123900000,988027038,0.02
20/08/2019,1024,85382000,82.5(-0.36 %),1024,85382000,0,0,988026014,0.01
21/08/2019,29802,2440815200,81.8(-1.80 %),30002,2457215200,200,16400000,987996212,0.01
22/08/2019,12302,1005214000,81.3(-0.73 %),12302,1005214000,0,0,987983910,0.01
23/08/2019,6900,565790000,82(0.61 %),7100,582090000,200,16300000,987977010,0.01
26/08/2019,49800,4072250000,81.8(0.00 %),49800,4072250000,0,0,987927210,0.02
27/08/2019,22600,1845780000,81.8(0.12 %),59300,4844440000,36700,2998660000,987904610,0.01
28/08/2019,9200,753130000,82(0.37 %),20700,1693700000,11500,940570000,987895410,0.01
29/08/2019,12000,993220000,82.7(1.10 %),33600,2774550000,21600,1781330000,987883410,0.01
30/08/2019,-3083,-252876000,82.5(-0.60 %),18500,1517070000,21583,1769946000,987886493,0.01
03/09/2019,11900,967030000,81.2(-0.98 %),40600,3307270000,28700,2340240000,988086910,0.0
04/09/2019,50567,4102055700,80(-1.84 %),347617,27835706600,297050,23733650900,988036343,0.0
05/09/2019,-292217,-23379963000,79.8(0.25 %),17500,1395920000,309717,24775883000,988328560,0.0
06/09/2019,19200,1531740000,79.7(-0.13 %),45200,3610390000,26000,2078650000,988309360,0.0
09/09/2019,-96780,-7692550000,78.2(-2.13 %),54420,4271770000,151200,11964320000,988406140,0.0
10/09/2019,40690,2775976000,71(-9.55 %),198100,14023886000,157410,11247910000,988365450,0.0
11/09/2019,61728,4321725000,70.3(-1.95 %),529728,37069655000,468000,32747930000,988303722,0.0
12/09/2019,-16320,-1170170000,71.5(2.29 %),27900,1974490000,44220,3144660000,988320042,0.0
13/09/2019,40110,2932104000,74.6(4.92 %),58910,4317024000,18800,1384920000,988279932,0.0
16/09/2019,25079,1898052500,75.8(3.13 %),53810,4084034000,28731,2185981500,988254853,0.0
17/09/2019,183800,12763150000,76.1(0.00 %),197700,13818680000,13900,1055530000,988071053,0.01
18/09/2019,45800,3527070000,77(1.58 %),62200,4790570000,16400,1263500000,988025253,0.0
19/09/2019,11600,901990000,77(0.00 %),14700,1141010000,3100,239020000,988013653,0.0
20/09/2019,16100,1242620000,77.3(-0.13 %),458000,35268960000,441900,34026340000,987997553,0.0
23/09/2019,-600,-45650000,76.4(-0.78 %),0,0,600,45650000,987998153,0.0
24/09/2019,301400,21836920000,75.9(0.13 %),301400,21836920000,0,0,987696753,0.02
25/09/2019,232800,16979930000,76(0.53 %),267300,19585380000,34500,2605450000,987463953,0.01
26/09/2019,19100,1463030000,75.8(0.26 %),23100,1771030000,4000,308000000,987444853,0.0
27/09/2019,21505,1667463000,77.2(1.05 %),21505,1667463000,0,0,987423348,0.0
30/09/2019,19267,1487929000,77(-0.65 %),23400,1806780000,4133,318851000,987404081,0.0
01/10/2019,72770,5521264800,76.1(-1.30 %),72800,5523530000,30,2265200,987399031,0.0
02/10/2019,28000,2132400000,76.5(0.79 %),31000,2359940000,3000,227540000,987371031,0.0
03/10/2019,20810,1590780000,76.7(0.92 %),23010,1757180000,2200,166400000,987350221,0.0
04/10/2019,-5800,-439480000,75.5(-0.92 %),72200,5452360000,78000,5891840000,987356021,0.0
07/10/2019,-8300,-626460000,74.5(-1.46 %),51700,4052330000,60000,4678790000,987364321,0.0
08/10/2019,12800,969070000,74.3(-1.46 %),31000,2461360000,18200,1492290000,987351521,0.0
09/10/2019,3000,224930000,75(-0.13 %),3000,224930000,0,0,987348521,0.0
10/10/2019,105600,7999990000,76.2(1.60 %),123100,9320780000,17500,1320790000,987242921,0.0
11/10/2019,42400,3221650000,75.8(0.13 %),53400,4058130000,11000,836480000,987200521,0.0
14/10/2019,49100,3750210000,76.5(0.66 %),59700,4558430000,10600,808220000,987151421,0.0
15/10/2019,14900,1161130000,76.3(0.00 %),18900,1468150000,4000,307020000,987136521,0.0
16/10/2019,42000,3234310000,77(-1.28 %),61500,4735880000,19500,1501570000,987094521,0.0
17/10/2019,17231,1329773500,77(0.00 %),47400,3652790000,30169,2323016500,987077290,0.0
18/10/2019,15500,1210310000,77.8(0.91 %),65500,5060310000,50000,3850000000,987061790,0.0
21/10/2019,7500,582530000,77.5(-0.77 %),108900,8471740000,101400,7889210000,987054290,0.0
22/10/2019,15700,1217340000,77.7(0.13 %),15800,1225130000,100,7790000,987038590,0.0
23/10/2019,50605,3955112000,78.2(0.90 %),204505,15929022000,153900,11973910000,986987985,0.0
24/10/2019,11500,900140000,78.5(0.51 %),11500,900140000,0,0,986976485,0.0
25/10/2019,18300,1422070000,78.2(-0.13 %),18300,1422070000,0,0,986958185,0.0
28/10/2019,20000,1564400000,78.6(0.90 %),20000,1564400000,0,0,986938185,0.0
29/10/2019,26410,2081308000,78.8(0.90 %),26410,2081308000,0,0,986911775,0.0
30/10/2019,34300,2626620000,78.8(0.00 %),74300,5777020000,40000,3150400000,986877475,0.0
31/10/2019,121700,9594730000,80(1.52 %),221700,17514030000,100000,7919300000,986755775,0.0
01/11/2019,-32400,-2590120000,80(1.01 %),122300,9789210000,154700,12379330000,986697638,0.0
04/11/2019,78420,6165700000,81(1.12 %),78420,6165700000,0,0,986619218,0.01
05/11/2019,6771,542223000,79.6(-0.87 %),6971,558143000,200,15920000,986612447,0.0
06/11/2019,7189,574930000,80(0.00 %),7189,574930000,0,0,986605258,0.0
07/11/2019,-133200,-10770840000,77.9(-2.50 %),64600,4939910000,197800,15710750000,986738458,0.0
08/11/2019,-7,-659400,78(-1.02 %),5400,422110000,5407,422769400,986738465,0.0
11/11/2019,-296200,-24004060000,77.8(-0.51 %),3800,295940000,300000,24300000000,987034665,0.0
12/11/2019,-157700,-12924050000,77.9(0.00 %),22300,1745950000,180000,14670000000,987192365,0.0
13/11/2019,-10600,-823860000,77.5(-1.02 %),0,0,10600,823860000,987202965,0.0
14/11/2019,121500,9190940000,77.9(0.13 %),121500,9190940000,0,0,987081465,0.0
15/11/2019,18200,1401000000,76.9(0.13 %),47400,3675520000,29200,2274520000,987063265,0.0
18/11/2019,-8400,-639540000,76(-1.30 %),184500,14053860000,192900,14693400000,987071665,0.0
19/11/2019,100,14810000,76(-0.13 %),8000,616810000,7900,602000000,987071565,0.0
20/11/2019,58600,4273860000,76.1(-0.65 %),86000,6365710000,27400,2091850000,987012965,0.01
21/11/2019,7500,572100000,76(-0.52 %),7500,572100000,0,0,987005465,0.0
22/11/2019,38303,2886398300,75.5(-0.92 %),45103,3400598300,6800,514200000,986967162,0.0
25/11/2019,15700,1186770000,75.4(0.00 %),85300,6441176000,69600,5254406000,986951462,0.0
26/11/2019,5000,380010000,75.5(0.00 %),5000,380010000,0,0,986946462,0.0
27/11/2019,-4700,-352860000,74.9(-1.32 %),29600,2220270000,34300,2573130000,986951162,0.0
28/11/2019,19600,1462680000,74.7(-0.40 %),116200,8671744800,96600,7209064800,986931562,0.0
29/11/2019,8100,604260000,74.6(0.00 %),23800,1774780000,15700,1170520000,986923462,0.0
02/12/2019,39077,2895174200,74.6(0.00 %),179777,13322724200,140700,10427550000,986963685,0.0
03/12/2019,44300,3277720000,73.8(-0.40 %),44300,3277720000,0,0,986919385,0.0
04/12/2019,12400,914950000,74(0.00 %),12400,914950000,0,0,986906985,0.0
05/12/2019,0,0,74(0.68 %),0,0,0,0,986906985,0.0
06/12/2019,11100,840840000,75.5(2.17 %),13100,990480000,2000,149640000,986895885,0.0
09/12/2019,7735,587380000,76(0.53 %),34215,2599860000,26480,2012480000,986888150,0.0
10/12/2019,21718,1634708000,75.3(-0.92 %),275618,20769278000,253900,19134570000,986866432,0.0
11/12/2019,44700,3313600000,76(0.93 %),205700,15190716000,161000,11877116000,986821732,0.0
12/12/2019,-4100,-306140000,74.3(0.54 %),0,0,4100,306140000,986825832,0.0
13/12/2019,3600,269600000,75.1(0.40 %),6600,494230000,3000,224630000,986822232,0.0
16/12/2019,2200,164520000,75(0.13 %),159500,11956590000,157300,11792070000,986820032,0.0
17/12/2019,355400,25602710000,75(0.27 %),413300,29941850000,57900,4339140000,986464632,0.02
18/12/2019,15000,1125220000,75(0.13 %),15000,1125220000,0,0,986449632,0.0
19/12/2019,13200,989530000,75.1(0.13 %),17200,1288930000,4000,299400000,986436432,0.0
20/12/2019,5800,434650000,75(0.27 %),10700,801660000,4900,367010000,986430632,0.0
23/12/2019,-3500,-262590000,75.1(0.27 %),0,0,3500,262590000,986434132,0.0
24/12/2019,2100,157580000,75.3(0.27 %),3900,292200000,1800,134620000,986432032,0.0
25/12/2019,-1700,-128700000,76.2(1.74 %),0,0,1700,128700000,986433732,0.0
26/12/2019,-26300,-2037180000,77(1.32 %),10000,784750000,36300,2821930000,986460032,0.0
27/12/2019,14700,1136250000,77.4(-0.51 %),14700,1136250000,0,0,986445332,0.0
30/12/2019,17710,1368093000,77.4(0.13 %),17710,1368093000,0,0,986427622,0.0
31/12/2019,64018,4935945400,75(-2.72 %),64018,4935945400,0,0,986363604,0.0
02/01/2020,45303,3344891400,74(-3.77 %),45303,3344891400,0,0,986334701,0.0
03/01/2020,7400,548620000,74.2(0.54 %),11600,857770000,4200,309150000,986327301,0.0
06/01/2020,18500,1368410000,73.9(0.00 %),227900,16862170000,209400,15493760000,986308801,0.0
07/01/2020,3100,229060000,74(0.00 %),8400,621260000,5300,392200000,986305701,0.0
08/01/2020,10100,741700000,73.5(-0.27 %),10100,741700000,0,0,986295601,0.0
09/01/2020,22806,1665382500,73.2(-0.14 %),41215,3007019500,18409,1341637000,986272795,0.0
10/01/2020,-17153,-1213400400,72.9(0.00 %),34640,2464342000,51793,3677742400,986289948,0.0
13/01/2020,-645,-45050000,72(1.27 %),56255,4003350000,56900,4048400000,986290593,0.0
14/01/2020,-2500,-177680000,71.2(0.14 %),115400,8216320000,117900,8394000000,986293093,0.0
15/01/2020,10577,750663100,71.1(0.00 %),57410,4079570000,46833,3328906900,986282516,0.0
16/01/2020,-14000,-975740000,71(0.00 %),171700,12019570000,185700,12995310000,986167383,3.7
20/01/2020,-6090,-425520000,70.9(1.29 %),18720,1307470000,24810,1732990000,986190796,3.7
21/01/2020,-34200,-2350930000,69.9(0.00 %),38300,2642070000,72500,4993000000,986238196,3.7
22/01/2020,-32900,-2223760000,69(0.15 %),17100,1168580000,50000,3392340000,986271096,0.0
30/01/2020,-33200,-2166780000,64.4(-5.29 %),111600,7361030000,144800,9527810000,986304296,0.0
31/01/2020,32033,2083302700,64.6(-1.82 %),86280,5589360000,54247,3506057300,986272263,0.0
03/02/2020,-2550,-162680000,58.7(-9.41 %),63850,3781920000,66400,3944600000,986112776,0.0
04/02/2020,-3100,-199730000,55(-7.09 %),240300,13384600000,243400,13584330000,986115876,0.01
05/02/2020,-17040,-993570000,59(6.69 %),443960,25893430000,461000,26887000000,986132916,0.0
06/02/2020,-79000,-4702410000,59(1.20 %),243400,14488200000,322400,19190610000,986211916,0.0
07/02/2020,-2100,-124340000,59(-0.67 %),647200,38144345000,649300,38268685000,986214016,0.0
10/02/2020,-37900,-2189730000,57(-3.23 %),14800,858870000,52700,3048600000,986251916,0.0
11/02/2020,-41000,-2378120000,58(-0.17 %),138700,8051740000,179700,10429860000,986292916,0.01
12/02/2020,-18930,-1132879000,59.9(3.28 %),37300,2229860000,56230,3362739000,986311846,0.0
13/02/2020,-15390,-922691000,59.9(0.00 %),38710,2317699000,54100,3240390000,986327236,0.0
14/02/2020,-16600,-996210000,60(0.17 %),44100,2647660000,60700,3643870000,986343836,0.01
17/02/2020,-7000,-418830000,60(0.00 %),1500,89640000,8500,508470000,986350836,0.01
18/02/2020,-45300,-2716330000,59.8(-0.17 %),18600,1112180000,63900,3828510000,986396136,0.01
19/02/2020,-13500,-798380000,59.6(-0.50 %),34300,2043210000,47800,2841590000,986409636,0.01
20/02/2020,-73650,-4424926000,60(0.84 %),85600,5138180000,159250,9563106000,986483286,0.0
21/02/2020,-67950,-4053581000,60(-0.17 %),900,53870000,68850,4107451000,986551236,0.0
24/02/2020,-107800,-5995020000,54.6(-8.54 %),24400,1367980000,132200,7363000000,986659036,0.0
25/02/2020,-135246,-7127238800,53.9(-3.41 %),33554,1747971200,168800,8875210000,986794282,0.0
26/02/2020,-90300,-4755650000,52.6(0.38 %),698200,36792748000,788500,41548398000,986884582,0.0
27/02/2020,-17900,-942130000,52.4(-0.57 %),4554300,221075390000,4572200,222017520000,986902482,0.0
28/02/2020,-273300,-13939600000,51.3(-2.47 %),195900,10025371200,469200,23964971200,987175782,0.0
02/03/2020,-286290,-15143024000,53(3.52 %),345010,18255590000,631300,33398614000,986953519,0.01
03/03/2020,79648,4446499400,57(7.75 %),242810,13794588200,163162,9348088800,986873871,0.01
04/03/2020,265620,12893330800,58.3(4.29 %),545500,29228085000,279880,16334754200,986608251,0.03
05/03/2020,359700,17703780000,61(4.63 %),444400,22793350000,84700,5089570000,986248551,0.05
06/03/2020,78600,4754890000,61.2(1.49 %),95400,5771810000,16800,1016920000,986169951,0.03
09/03/2020,91100,5142630000,56.4(-6.93 %),118400,6683660000,27300,1541030000,986078851,0.04
10/03/2020,-24300,-1375070000,57.3(1.60 %),77500,4425200000,101800,5800270000,986103151,0.03
11/03/2020,-268200,-15569062200,0(0.00 %),291400,16893730000,559600,32462792200,986371351,3.69
12/03/2020,-800,-55380000,55.6(-4.14 %),588900,32918910000,589700,32974290000,986372151,3.69
13/03/2020,-240370,-12357614000,51(-8.60 %),19300,990790000,259670,13348404000,986612521,0.0
16/03/2020,-110290,-5568122200,49(-4.67 %),23210,1156480000,133500,6724602200,986722811,0.01
17/03/2020,-57500,-2690970000,53.9(6.73 %),37300,1896350000,94800,4587320000,986780311,0.01
18/03/2020,452800,25772680000,50.5(2.85 %),512400,28811110000,59600,3038430000,986327511,0.05
19/03/2020,-106554,-5174776000,48.5(-5.27 %),17300,841110000,123854,6015886000,986434065,0.02
20/03/2020,-24100,-1165820000,48.8(0.41 %),15400,746140000,39500,1911960000,986458165,0.03
23/03/2020,-34600,-1591170000,43.4(-10.33 %),25645,1164980000,60245,2756150000,986492765,0.03
24/03/2020,-32600,-1431830000,44.8(-0.44 %),2000,87880000,34600,1519710000,986525365,0.03
25/03/2020,-82400,-3786580000,46.8(6.36 %),10600,488750000,93000,4275330000,986607765,0.03
26/03/2020,-91900,-4134690000,44.3(-3.70 %),11400,512690000,103300,4647380000,986699665,0.03
27/03/2020,-64020,-2867489200,44(-2.22 %),45300,2037130000,109320,4904619200,986763685,0.02
30/03/2020,-69900,-2938290000,42.6(-5.12 %),34600,1474350000,104500,4412640000,986833585,0.02
31/03/2020,-109985,-4672924800,42.2(-0.24 %),639650,27346245000,749635,32019169800,986943570,3.67
01/04/2020,-650,-28770000,44(3.53 %),560050,24112190000,560700,24140960000,987483385,0.0
03/04/2020,-181300,-8099870000,44.9(2.51 %),32700,1459100000,214000,9558970000,987664685,0.0
06/04/2020,-373700,-18055230000,48.5(8.50 %),1200,58800000,374900,18114030000,988038385,0.0
07/04/2020,-31500,-1529490000,48.5(0.21 %),44500,2169860000,76000,3699350000,988069885,0.0
08/04/2020,-287400,-13652870000,47.7(-2.25 %),55200,2622360000,342600,16275230000,988357285,0.0
09/04/2020,-248900,-12243930000,49.5(3.99 %),211100,10368080000,460000,22612010000,988606185,0.0
10/04/2020,-542900,-28228987000,52.9(7.52 %),93300,4868803000,636200,33097790000,989149085,3.57
13/04/2020,-143700,-7818320000,54.4(4.02 %),2500,136400000,146200,7954720000,989292785,0.0
14/04/2020,-38475,-2087162500,53.3(-1.84 %),2725,145577500,41200,2232740000,989331260,0.0
15/04/2020,-30100,-1641520000,54(0.00 %),19900,1063280000,50000,2704800000,989361360,0.0
16/04/2020,-121200,-6578170000,54.4(1.12 %),40900,2226760000,162100,8804930000,989482560,0.0
17/04/2020,-215400,-12009370000,56(3.13 %),13800,769150000,229200,12778520000,989697960,0.0
20/04/2020,-196500,-11885260000,62(11.31 %),42300,2557360000,238800,14442620000,989894460,0.0
21/04/2020,-26300,-1632930000,58.7(-2.33 %),48800,2893430000,75100,4526360000,989920760,0.0
22/04/2020,-63300,-3732110000,59.8(-0.33 %),19200,1131920000,82500,4864030000,989984060,0.0
23/04/2020,-172982,-10442876600,60.7(3.58 %),112510,6788905000,285492,17231781600,990157042,0.0
24/04/2020,-63300,-3780550000,59.3(-1.82 %),700,41890000,64000,3822440000,990220342,0.0
27/04/2020,-120,-8810000,58.5(-2.17 %),102280,6018765200,102400,6027575200,990220462,0.0
28/04/2020,-37900,-2168220000,57.6(-1.87 %),1000,57650000,38900,2225870000,990258362,0.01
29/04/2020,610,122875000,59.3(3.67 %),32110,1978805000,31500,1855930000,990257752,0.01
04/05/2020,-38400,-2240670000,57.6(-2.37 %),0,0,38400,2240670000,990422187,0.0
05/05/2020,-84700,-4835120000,57(-2.23 %),1500,86250000,86200,4921370000,990506887,0.0
06/05/2020,-395800,-22512600000,56.9(-0.52 %),1100,62480000,396900,22575080000,990489987,3.51
07/05/2020,-53900,-3123370000,58(1.93 %),0,0,53900,3123370000,990543887,0.0
08/05/2020,-191400,-11145330000,57.5(-0.86 %),50600,2942670000,242000,14088000000,990735287,0.0
11/05/2020,-269300,-15529030000,58.2(0.00 %),22400,1287600000,291700,16816630000,991004587,0.0
12/05/2020,-250600,-14643890000,58.5(1.39 %),100,5840000,250700,14649730000,991255187,0.0
13/05/2020,-275918,-16333020200,59.1(1.03 %),0,0,275918,16333020200,991531105,0.0
14/05/2020,-228200,-13382450000,58.5(-1.18 %),71300,4189200000,299500,17571650000,991759305,0.0
15/05/2020,-199700,-11629700000,57.9(-1.36 %),48200,2805130000,247900,14434830000,991959005,0.0
18/05/2020,-193600,-11171690000,57.8(-0.86 %),200,11550000,193800,11183240000,992152605,0.0
19/05/2020,-111851,-6798317100,60.5(4.85 %),375009,22239332800,486860,29037649900,992264456,0.0
20/05/2020,-161410,-10002499000,61.9(3.17 %),11800,727520000,173210,10730019000,992425866,0.0
21/05/2020,-132000,-8061590000,60.9(-1.77 %),1500,91270000,133500,8152860000,992557866,0.0
22/05/2020,-191347,-11431748200,59.7(-2.45 %),10700,638660000,202047,12070408200,992749213,0.0
25/05/2020,-143500,-8478820000,59.5(-0.34 %),6500,381820000,150000,8860640000,992892713,0.0
26/05/2020,-3200,-192520000,59.9(1.53 %),1200,71480000,4400,264000000,992895913,0.01
27/05/2020,-24120,-1459212000,59.9(0.17 %),2080,124978000,26200,1584190000,992920033,0.02
28/05/2020,300,17830000,59.7(-1.16 %),300,17830000,0,0,992919733,0.02
29/05/2020,-9000,-536420000,59(-1.17 %),3200,189760000,12200,726180000,992928733,3.39
01/06/2020,-446000,-26493000000,59.4(0.34 %),0,0,446000,26493000000,993438033,0.0
02/06/2020,11900,706610000,60.1(1.18 %),16700,994610000,4800,288000000,993426133,0.0
03/06/2020,104400,6273840000,60.3(0.67 %),108200,6502600000,3800,228760000,993321733,0.01
04/06/2020,148400,9171990000,63.9(6.32 %),159400,9876190000,11000,704200000,993173333,0.03
05/06/2020,300,19190000,63.6(1.27 %),400,25540000,100,6350000,993173033,0.02
08/06/2020,196236,13187965200,68.7(7.68 %),209836,14104265200,13600,916300000,992976797,0.03
09/06/2020,107244,7258012000,67.5(0.90 %),114844,7768942000,7600,510930000,992869553,0.03
10/06/2020,-5840,-395295000,66.5(-1.92 %),1710,114500000,7550,509795000,992875393,0.02
11/06/2020,22100,1534020000,63.4(-5.23 %),86500,5741150000,64400,4207130000,992853293,0.02
12/06/2020,33200,2081460000,64(-2.44 %),61700,3849960000,28500,1768500000,992820093,0.02
15/06/2020,16800,1052290000,62(-0.32 %),19700,1234990000,2900,182700000,992803293,0.02
16/06/2020,14200,893200000,63.4(1.60 %),19200,1209220000,5000,316020000,992789093,0.02
17/06/2020,3400,213730000,62.8(-0.63 %),3400,213730000,0,0,992785693,0.02
18/06/2020,-41700,-2592490000,62.2(-1.27 %),6500,405210000,48200,2997700000,992827393,0.02
19/06/2020,-72000,-4518900000,62.9(0.80 %),0,0,72000,4518900000,992899393,0.02
22/06/2020,-50400,-3187670000,63.4(0.96 %),20000,1266000000,70400,4453670000,992949793,0.01
23/06/2020,-188600,-12021920000,63(-0.47 %),600,38100000,189200,12060020000,993138393,0.01
24/06/2020,-58900,-3685370000,62.5(-2.04 %),1100,69000000,60000,3754370000,993197293,0.01
25/06/2020,-74900,-4652420000,62.3(-0.64 %),1000,62400000,75900,4714820000,993398293,3.37
26/06/2020,-118300,-7287340000,61(-1.93 %),800,48890000,119100,7336230000,993516593,0.0
29/06/2020,-21478,-1129157000,60(-2.28 %),120822,7185303000,142300,8314460000,993538071,0.0
30/06/2020,-97800,-5702770000,58.3(-0.68 %),11700,691330000,109500,6394100000,993635871,0.0
01/07/2020,-143093,-8403537000,58.8(0.68 %),40607,2383253000,183700,10786790000,993668564,0.0
02/07/2020,-38400,-2264400000,58.9(0.34 %),1000,58500000,39400,2322900000,993706964,0.0
03/07/2020,-38265,-2261421500,59.1(0.00 %),2200,130000000,40465,2391421500,993745229,0.01
06/07/2020,-29390,-1731599000,59.4(0.51 %),3110,182471000,32500,1914070000,993774619,0.01
07/07/2020,-89180,-5277572000,58.9(-0.17 %),220,13018000,89400,5290590000,993863799,0.01
08/07/2020,-112762,-6633706500,59(-0.34 %),50120,2954060000,162882,9587766500,993976561,0.01
09/07/2020,-158700,-9368240000,59(0.17 %),15400,908810000,174100,10277050000,994135261,0.0
10/07/2020,-54200,-3190600000,59(0.00 %),41100,2421690000,95300,5612290000,994189461,0.0
13/07/2020,7700,459090000,59.5(1.02 %),105200,6192270000,97500,5733180000,994181761,0.01
14/07/2020,-9300,-550350000,59.3(0.85 %),7900,467860000,17200,1018210000,994191061,0.01
15/07/2020,4542,270701500,59.1(-0.17 %),96142,5695691500,91600,5424990000,994186519,0.01
16/07/2020,-9200,-541190000,59(-0.34 %),5800,342860000,15000,884050000,994195719,0.02
17/07/2020,-84800,-4944820000,58.5(-0.85 %),28900,1684820000,113700,6629640000,994280519,0.01
20/07/2020,-59975,-3502100000,58.3(0.00 %),9125,532690000,69100,4034790000,994340494,0.01
21/07/2020,-131000,-7613390000,58.2(-0.34 %),5000,291000000,136000,7904390000,994471494,0.01
22/07/2020,-177000,-10244010000,57.6(-0.86 %),3000,173100000,180000,10417110000,994648494,0.0
23/07/2020,5300,303520000,57.5(-0.69 %),5300,303520000,0,0,994643194,0.01
24/07/2020,150900,8364270000,56.2(-2.09 %),154900,8588270000,4000,224000000,994492294,0.02
27/07/2020,319610,16317920000,51.6(-7.19 %),319810,16328100000,200,10180000,994172684,0.03
28/07/2020,36400,1887190000,53.5(4.70 %),65900,3434100000,29500,1546910000,994136284,0.02
29/07/2020,20720,1056048000,51.6(-1.15 %),520720,26661548000,500000,25605500000,994115564,0.02
30/07/2020,-7400,-379730000,51.8(1.17 %),7600,393470000,15000,773200000,994122964,0.02
31/07/2020,4570,234876000,51.7(0.00 %),4870,250116000,300,15240000,994118394,0.02
03/08/2020,-62780,-3259366000,52.3(1.36 %),69020,3566084000,131800,6825450000,994469574,0.0
04/08/2020,-24890,-1312861000,53.1(2.51 %),45110,2388739000,70000,3701600000,994494464,0.0
05/08/2020,-82800,-4447750000,53.9(1.89 %),14500,774370000,97300,5222120000,994577264,0.0
06/08/2020,-24400,-1310070000,53.5(-0.37 %),65000,3483600000,89400,4793670000,994601664,0.0
07/08/2020,3300,176960000,53.8(0.37 %),19300,1031340000,16000,854380000,994598364,0.0
10/08/2020,-19700,-1051480000,53.8(0.75 %),5300,282490000,25000,1333970000,994618064,0.0
11/08/2020,-62000,-3302340000,53.2(-0.37 %),15400,822560000,77400,4124900000,994680064,0.0
12/08/2020,21300,1148350000,54.3(1.88 %),43900,2372590000,22600,1224240000,994658764,0.0
13/08/2020,-58200,-3214130000,55(1.48 %),2800,155230000,61000,3369360000,994716964,0.0
14/08/2020,-57000,-3128810000,54.6(-1.27 %),3500,193060000,60500,3321870000,994773964,0.0
17/08/2020,3700,200440000,54.1(-1.64 %),3800,205840000,100,5400000,994770264,0.0
18/08/2020,28300,1533960000,54.3(0.18 %),29100,1577330000,800,43370000,994741964,0.01
19/08/2020,89900,4933760000,55(1.48 %),89900,4933760000,0,0,994652064,0.01
20/08/2020,22500,1235350000,55(0.18 %),50300,2758560000,27800,1523210000,994629564,0.01
21/08/2020,50300,2768600000,55.1(0.36 %),76000,4178140000,25700,1409540000,994579264,0.01
24/08/2020,-59264,-3278881200,55.2(0.36 %),736,41088800,60000,3319970000,994638528,0.0
25/08/2020,-113300,-6257580000,55.2(-0.54 %),4700,259960000,118000,6517540000,994751828,0.0
26/08/2020,-121000,-6680690000,55.2(0.00 %),2300,127150000,123300,6807840000,994872828,0.0
27/08/2020,-116100,-6372500000,54.8(-0.72 %),2800,154720000,118900,6527220000,994988928,0.0
28/08/2020,-12890,-712412000,55.5(1.09 %),110,6098000,13000,718510000,995001818,0.0
31/08/2020,-5600,-325600000,58(4.69 %),1500,84850000,7100,410450000,995007418,0.0
01/09/2020,-1900,-110400000,58.1(1.04 %),212100,12299801000,214000,12410201000,995133318,0.0
03/09/2020,-3800,-222660000,58.7(1.21 %),3200,188240000,7000,410900000,995137118,0.0
04/09/2020,-88940,-5131631800,57.8(-1.53 %),11100,639180000,100040,5770811800,995226058,0.0
07/09/2020,-234600,-13428090000,57(-1.04 %),2800,159750000,237400,13587840000,995460658,0.0
08/09/2020,-22800,-1327050000,57.9(1.22 %),85400,4947950000,108200,6275000000,995483458,0.0
10/09/2020,230600,13855400000,61.2(5.70 %),464400,27866710000,233800,14011310000,995252858,0.01
11/09/2020,-79200,-4870010000,61.3(2.00 %),3000,184800000,82200,5054810000,995332058,0.0
14/09/2020,6158,382808400,62.3(1.47 %),8658,538978400,2500,156170000,995325900,0.0
15/09/2020,51000,3171920000,62.8(0.64 %),51000,3171920000,0,0,995274900,0.0
16/09/2020,1000,62830000,62.6(1.62 %),1400,87920000,400,25090000,995273900,0.0
17/09/2020,-74200,-4591030000,62.4(-0.64 %),50600,3123960000,124800,7714990000,995348100,0.0
18/09/2020,97000,6012810000,62(0.16 %),97200,6025240000,200,12430000,995251100,0.0
21/09/2020,62500,3886440000,62.4(0.65 %),103000,6409900000,40500,2523460000,995188600,0.0
22/09/2020,108500,6751340000,62.2(0.00 %),108700,6763760000,200,12420000,995080100,0.0
23/09/2020,65750,4102280000,62.4(0.32 %),68300,4261190000,2550,158910000,995014350,0.0
24/09/2020,47300,2951470000,62.8(0.64 %),47400,2957740000,100,6270000,994967050,0.0
25/09/2020,-110,-6963000,63.3(1.28 %),90,5697000,200,12660000,994967160,0.0
28/09/2020,-44300,-2862370000,64.9(2.69 %),900,58010000,45200,2920380000,995011460,0.0
29/09/2020,131590,8695145000,66.3(2.63 %),202040,13360750000,70450,4665605000,994879870,0.0
30/09/2020,56100,3711980000,66.9(1.06 %),206600,13628217200,150500,9916237200,994823770,0.0
01/10/2020,37100,2479800000,66.9(1.98 %),165100,11043600000,128000,8563800000,994636191,3.32
02/10/2020,101401,6685356000,65.8(-1.64 %),222501,14655746000,121100,7970390000,994534790,0.01
05/10/2020,73950,4960640000,65.9(0.15 %),264000,17509760000,190050,12549120000,994460840,0.01
06/10/2020,-85420,-5564612000,65.1(-1.51 %),14580,950118000,100000,6514730000,994546260,0.0
07/10/2020,-113500,-7264020000,63.5(-2.61 %),17200,1100940000,130700,8364960000,994659760,0.0
08/10/2020,-94300,-5916170000,62.9(-1.87 %),32400,2034590000,126700,7950760000,994754060,0.0
09/10/2020,-99080,-6221544000,63.6(1.27 %),1020,64206000,100100,6285750000,994853140,0.0
12/10/2020,-86300,-5468950000,63.2(0.64 %),24400,1557230000,110700,7026180000,994939440,0.0
13/10/2020,-60700,-3794780000,62.5(-1.57 %),18200,1140200000,78900,4934980000,995000140,0.0
14/10/2020,-44800,-2771250000,61.5(-1.76 %),49500,3052680000,94300,5823930000,995044940,0.0
15/10/2020,-149400,-9178580000,61.8(0.32 %),111100,6809600000,260500,15988180000,995194340,0.0
16/10/2020,5700,340020000,62.4(1.63 %),86800,5359800000,81100,5019780000,995188640,0.0
19/10/2020,36680,2289110000,62.5(0.81 %),89700,5589450000,53020,3300340000,995151960,0.0
20/10/2020,18600,1157000000,62.1(-0.32 %),36000,2239120000,17400,1082120000,995133360,0.0
21/10/2020,62500,3884340000,62(-0.32 %),62500,3884340000,0,0,995070860,0.0
22/10/2020,28600,1770140000,62.1(0.00 %),28600,1770140000,0,0,995042260,0.01
23/10/2020,15600,990610000,63.5(2.58 %),15600,990610000,0,0,995026660,0.01
26/10/2020,39700,2532020000,63.6(0.47 %),46100,2941420000,6400,409400000,994986960,0.01
27/10/2020,31200,1976070000,63.5(-0.63 %),36100,2286320000,4900,310250000,994955760,0.01
28/10/2020,70500,4407970000,62(-2.21 %),83200,5205680000,12700,797710000,994885260,0.01
29/10/2020,12520,772640000,61.7(-1.44 %),61020,3751280000,48500,2978640000,994872740,0.0
30/10/2020,-9600,-593050000,61.6(0.16 %),42200,2603550000,51800,3196600000,994882340,0.0
02/11/2020,47144,2947890000,62.6(1.46 %),47144,2947890000,0,0,994836946,0.0
03/11/2020,9600,601450000,62.8(0.32 %),10000,626690000,400,25240000,994827346,0.0
04/11/2020,35600,2244930000,63.1(0.48 %),35600,2244930000,0,0,994791746,0.01
05/11/2020,74610,4716422000,63(-0.16 %),75810,4792382000,1200,75960000,994717136,0.01
06/11/2020,29610,1865360000,63(-0.32 %),35110,2211490000,5500,346130000,994687526,0.01
09/11/2020,33000,2079260000,63.1(0.16 %),37200,2343880000,4200,264620000,994654526,0.01
10/11/2020,16400,1135090000,65.9(4.60 %),165100,10999860000,148700,9864770000,994638126,0.0
11/11/2020,-11400,-760350000,67(0.60 %),61100,4088460000,72500,4848810000,994649526,0.0
12/11/2020,106330,7160290000,68.2(1.94 %),107530,7241530000,1200,81240000,994543196,0.0
13/11/2020,190150,13120545000,69(2.07 %),190700,13158110000,550,37565000,994353046,0.01
16/11/2020,194110,13352665000,68.6(-0.58 %),195210,13428395000,1100,75730000,994158936,0.01
17/11/2020,165600,11496642100,70.3(2.18 %),165700,11503562100,100,6920000,993993336,0.01
18/11/2020,89220,6425966000,72(3.45 %),200870,14469506000,111650,8043540000,993904116,0.01
19/11/2020,101700,7303890000,72.1(0.00 %),113200,8132870000,11500,828980000,993802416,0.0
20/11/2020,85100,6218230000,73.9(2.92 %),85400,6240160000,300,21930000,993717316,0.0
25/11/2020,9350,686480000,72(-3.10 %),31500,2292520000,22150,1606040000,993707966,0.0
26/11/2020,112180,7941170000,70.9(-2.21 %),115100,8149410000,2920,208240000,993595786,0.0
30/11/2020,-21200,-1513540000,72.3(0.84 %),80000,5777620000,101200,7291160000,993616986,0.0
01/12/2020,138700,9934660000,71.8(-0.69 %),149200,10689290000,10500,754630000,993364772,0.01
02/12/2020,80550,5777310000,72(0.84 %),80550,5777310000,0,0,993284222,0.01
03/12/2020,37600,2693410000,71.4(-0.42 %),239800,17451370000,202200,14757960000,993246622,0.01
04/12/2020,-132062,-9744759200,73.2(2.23 %),273238,19943680800,405300,29688440000,993378684,0.0
07/12/2020,-12890,-943760000,73(-0.41 %),7210,525530000,20100,1469290000,993391574,0.0
08/12/2020,-62800,-4596610000,73.3(0.41 %),700,51210000,63500,4647820000,993454374,0.0
09/12/2020,-56300,-4180250000,74.6(2.05 %),7400,550020000,63700,4730270000,993510674,0.0
10/12/2020,-27885,-2110358000,76.1(2.84 %),28715,2188592000,56600,4298950000,993538559,0.0
11/12/2020,-94800,-7303740000,77.9(1.96 %),119500,9204980000,214300,16508720000,993633359,0.0
14/12/2020,147309,11525937400,78.5(1.82 %),167309,13097327400,20000,1571390000,993486050,0.0
15/12/2020,223910,17458841000,78.5(0.26 %),253910,19804841000,30000,2346000000,993262140,0.01
16/12/2020,170115,13456913500,79(1.41 %),229015,18100083500,58900,4643170000,993154725,3.38
17/12/2020,-158886,-12158194800,77.3(-2.15 %),43914,3395125200,202800,15553320000,993313611,0.0
18/12/2020,175520,13731982000,78(0.91 %),336620,26285842000,161100,12553860000,993138091,0.0
21/12/2020,2800,219910000,77.7(-0.51 %),25800,2005330000,23000,1785420000,993135291,0.0
22/12/2020,-200,-15150000,77(-0.90 %),3100,238800000,3300,253950000,993135491,0.0
23/12/2020,-28149,-2172158800,76.5(-0.65 %),22901,1759456800,51050,3931615600,993163640,0.0
24/12/2020,-6600,-499470000,75.5(-1.69 %),12500,946340000,19100,1445810000,993170240,0.0
25/12/2020,2300,175460000,76.8(1.59 %),2300,175460000,0,0,993167940,0.0
28/12/2020,-45600,-3474580000,76.2(0.13 %),4400,335420000,50000,3810000000,993213540,0.0
29/12/2020,4740,370479000,78(2.36 %),4970,388070000,230,17591000,993208800,0.0
30/12/2020,-123200,-9586450000,77.4(-0.64 %),4200,325640000,127400,9912090000,993263270,3.38
31/12/2020,529500,42199610000,81(4.25 %),555700,44294000000,26200,2094390000,992733770,0.03
04/01/2021,-69380,-5727034000,83.1(4.66 %),166720,13870456000,236100,19597490000,992591080,0.01
05/01/2021,1080,88380000,82(-1.20 %),2400,197420000,1320,109040000,992590000,0.01
06/01/2021,-14900,-1214950000,81.5(-0.97 %),38100,3106430000,53000,4321380000,992604900,0.01
07/01/2021,-18870,-1532531000,81.2(-0.49 %),27230,2215559000,46100,3748090000,992623770,0.01
08/01/2021,-165100,-13345280000,80.5(-0.98 %),5500,446020000,170600,13791300000,992788870,0.01
11/01/2021,-25500,-2117320000,82.9(2.47 %),3000,247880000,28500,2365200000,992814370,0.01
12/01/2021,3400,281620000,82.6(-0.12 %),6200,510710000,2800,229090000,992810970,0.01
13/01/2021,-27400,-2260250000,81.9(-0.85 %),51800,4253070000,79200,6513320000,992838370,0.02
14/01/2021,-115200,-9396370000,81.1(-1.46 %),19900,1623400000,135100,11019770000,992953570,0.01
15/01/2021,-246218,-19858789000,80.3(-1.71 %),10300,830270000,256518,20689059000,993199788,0.0
18/01/2021,-41500,-3330650000,80(-0.87 %),11100,890690000,52600,4221340000,993241288,0.0
19/01/2021,22400,1803490000,78(-2.86 %),158900,12515700000,136500,10712210000,993218888,0.0
20/01/2021,176900,13747320000,78.2(1.69 %),285900,22264740000,109000,8517420000,993041988,0.02
21/01/2021,-104500,-8183110000,78.1(0.13 %),74700,5855949500,179200,14039059500,993146488,0.01
22/01/2021,150855,11768161500,78.1(-0.26 %),374355,29214641500,223500,17446480000,992995633,0.01
25/01/2021,21464,1678512800,77.3(-1.02 %),60864,4734962800,39400,3056450000,992974169,0.01
26/01/2021,97000,7233140000,75(-3.47 %),229000,17159570000,132000,9926430000,992877169,0.01
27/01/2021,7200,521720000,72.5(-3.59 %),117300,8610350000,110100,8088630000,992869969,0.01
28/01/2021,242840,16016652000,67(-8.34 %),293240,19484762000,50400,3468110000,992627129,0.02
29/01/2021,-60600,-4286380000,70.1(5.41 %),175300,12379580000,235900,16665960000,992687729,0.01
01/02/2021,37538,2651688000,70.5(-0.28 %),216800,15377590000,179262,12725902000,992724329,0.01
02/02/2021,-102100,-7003550000,69.5(-2.11 %),63000,4358410000,165100,11361960000,992711729,0.0
03/02/2021,22500,1597860000,71.8(4.21 %),122500,8599670000,100000,7001810000,992689229,0.0
04/02/2021,18500,1364520000,74(4.67 %),59100,4351250000,40600,2986730000,992670729,0.01
05/02/2021,42350,3162550000,74.9(1.90 %),55350,4137550000,13000,975000000,992628379,0.02
09/02/2021,-282500,-19637450000,72.5(0.83 %),62700,4380550000,345200,24018000000,992812141,3.4
17/02/2021,4400,321090000,73.4(5.16 %),5900,430020000,1500,108930000,992807741,0.0
18/02/2021,-167800,-12078910000,71.7(-1.38 %),32200,2333350000,200000,14412260000,992989341,0.0
19/02/2021,23740,1730670000,72.6(0.69 %),284340,20530200000,260600,18799530000,992965601,0.01
22/02/2021,-24400,-1797350000,74.1(2.63 %),63600,4699650000,88000,6497000000,992990001,0.01
23/02/2021,-265800,-19685840000,73.9(0.14 %),157000,11552460000,422800,31238300000,993255801,0.0
24/02/2021,17600,1299970000,74(-0.13 %),62600,4627910000,45000,3327940000,993238201,0.0
25/02/2021,52400,3884380000,74.3(0.41 %),71800,5321730000,19400,1437350000,993185801,0.0
26/02/2021,-400,-29430000,74.3(0.13 %),100700,7454870000,101100,7484300000,993186201,0.02
01/03/2021,6120,459688400,76.3(2.97 %),10120,762268400,4000,302580000,993655881,0.0
02/03/2021,-33200,-2512180000,76(0.53 %),16800,1278010000,50000,3790190000,993689081,0.0
03/03/2021,-50090,-3783148000,75.9(-0.39 %),56610,4272762000,106700,8055910000,993739171,0.0
04/03/2021,10290,800226000,76.5(1.32 %),153500,11780560000,143210,10980334000,993728881,0.0
05/03/2021,-16900,-1291320000,77(0.39 %),33200,2535130000,50100,3826450000,993745781,0.0
08/03/2021,-78700,-6052270000,0(0.00 %),47300,3625920000,126000,9678190000,993824481,0.0
09/03/2021,-128900,-9774340000,75.1(-2.21 %),87200,6607570000,216100,16381910000,993953381,0.0
10/03/2021,-78200,-5882700000,75.2(-0.79 %),110000,8260500000,188200,14143200000,994031581,0.0
11/03/2021,20900,1314490000,76.8(2.26 %),53700,4096330000,32800,2781840000,994010681,0.0
12/03/2021,21612,1653510900,76.6(0.66 %),161713,12364407400,140101,10710896500,993989069,0.0
15/03/2021,10830,824070000,76(-0.65 %),46230,3513600000,35400,2689530000,993978239,0.0
16/03/2021,-85907,-6736022000,74.9(-1.45 %),92400,6679100000,178307,13415122000,994064146,0.0
17/03/2021,-143000,-10621610000,74.2(-1.46 %),145900,10866540000,288900,21488150000,994207146,0.0
18/03/2021,45300,3418800000,74.9(0.67 %),198700,14896600000,153400,11477800000,994161846,0.0
19/03/2021,471986,35264750000,74.5(-0.53 %),904000,67603270000,432014,32338520000,993689860,0.0
22/03/2021,230400,16824640000,74.4(-0.40 %),281600,20956610000,51200,4131970000,993459460,0.0
23/03/2021,32890,2407266000,73.6(-1.08 %),212600,15645120000,179710,13237854000,993426570,0.0
24/03/2021,8100,587340000,73.6(-0.14 %),10500,761060000,2400,173720000,993418470,0.0
25/03/2021,149700,10997210000,73.6(1.52 %),149700,10997210000,0,0,993268770,0.0
26/03/2021,500,36850000,72.8(-0.95 %),500,36850000,0,0,993268270,0.0
29/03/2021,18900,1386500000,73.9(2.07 %),19900,1460000000,1000,73500000,993249370,0.0
30/03/2021,87700,6471100000,74(0.54 %),88500,6530300000,800,59200000,993161670,0.0
31/03/2021,14100,1036740000,73.8(0.00 %),14100,1036740000,0,0,993147570,0.0
01/04/2021,32500,2407730000,74.3(0.81 %),134600,9954500000,102100,7546770000,993117170,0.0
02/04/2021,13000,635520000,74.7(0.81 %),29600,1871860000,16600,1236340000,993104170,0.0
05/04/2021,-36900,-2729030000,73.5(-1.34 %),305500,22720200000,342400,25449230000,993141070,0.0
06/04/2021,94900,7024180000,74.2(0.00 %),324800,24046070000,229900,17021890000,993046170,0.0
07/04/2021,58900,4348980000,74(0.00 %),310300,22926121600,251400,18577141600,992987270,0.0
08/04/2021,-46200,-3390790000,73.3(-0.81 %),4300,316170000,50500,3706960000,993033470,0.0
09/04/2021,-17800,-1299360000,0(0.00 %),700,51140000,18500,1350500000,993051270,0.0
12/04/2021,-101890,-7431737000,73(0.00 %),57410,4192493000,159300,11624230000,993153160,0.0
13/04/2021,6300,459680000,72.3(-0.96 %),506300,36939680000,500000,36480000000,993146860,0.0
14/04/2021,-41600,-2982720000,71.9(-0.83 %),554400,40039040000,596000,43021760000,993188460,0.0
15/04/2021,-96300,-6824980000,71(-1.25 %),265800,19145870000,362100,25970850000,992822760,3.4
16/04/2021,37600,2671480000,70.9(-0.84 %),329100,23351610000,291500,20680130000,992785160,0.0
19/04/2021,8800,617210000,70.1(-0.99 %),91800,6432530000,83000,5815320000,992776360,0.01
20/04/2021,204200,14709020000,72.7(3.71 %),462600,33318378000,258400,18609358000,992572160,0.03
22/04/2021,95500,6954420000,72.5(0.69 %),239600,17423520000,144100,10469100000,992476660,0.02
23/04/2021,75200,5438530000,72.7(-0.14 %),76100,5503540000,900,65010000,992401460,0.02
26/04/2021,172800,12533860000,72.6(0.28 %),290500,21069380000,117700,8535520000,992228660,0.02
27/04/2021,168000,12180820000,72.6(0.00 %),295400,21418420000,127400,9237600000,992060660,0.02
28/04/2021,11000,794390000,72.1(-0.55 %),162100,11689300000,151100,10894910000,992049660,0.01
29/04/2021,82230,5951309000,72.5(0.55 %),90630,6557789000,8400,606480000,991967430,0.01
04/05/2021,1520,106034000,70.9(-2.07 %),620520,43921944000,619000,43815910000,992160810,0.01
05/05/2021,69200,4998270000,72.9(2.97 %),79300,5728250000,10100,729980000,992091610,0.01
06/05/2021,-12090,-870277000,72(0.00 %),39810,2876063000,51900,3746340000,992103700,0.01
07/05/2021,-57800,-4073170000,70.5(-2.35 %),70900,5016120000,128700,9089290000,992161500,0.01
10/05/2021,51100,3639680000,0(0.00 %),152000,10820860000,100900,7181180000,992110400,0.01
11/05/2021,317700,22614650000,71.3(0.14 %),482100,34272550000,164400,11657900000,991792700,0.02
12/05/2021,32100,2283790000,71(-0.14 %),32100,2283790000,0,0,991760600,0.0
13/05/2021,34610,2453997000,70.6(-0.70 %),97900,6920140000,63290,4466143000,991725990,0.01
14/05/2021,-141200,-9744700000,69(-2.27 %),149600,10338200000,290800,20082900000,991867190,0.0
17/05/2021,174200,12071120000,69.7(0.72 %),187400,12987490000,13200,916370000,991692990,0.0
18/05/2021,153600,10717450000,69.8(0.72 %),249500,17404090000,95900,6686640000,991539390,0.01
19/05/2021,2700,189180000,69(-1.15 %),33700,2322220000,31000,2133040000,991536690,0.01
20/05/2021,121917,8439276400,69.3(0.73 %),137917,9545516400,16000,1106240000,991414773,0.01
21/05/2021,302800,21100840000,69.9(1.01 %),324300,22597280000,21500,1496440000,991111973,0.02
24/05/2021,15000,1046660000,69.9(0.29 %),37000,2580030000,22000,1533370000,991096973,0.01
25/05/2021,236250,16532580000,70(0.43 %),354450,24796740000,118200,8264160000,990860723,0.02
26/05/2021,309100,21633940000,69.9(-0.14 %),325700,22795000000,16600,1161060000,990551623,0.03
27/05/2021,7100,491210000,69.4(-0.86 %),12400,859560000,5300,368350000,990544523,0.01
28/05/2021,27700,1909130000,68.5(-1.15 %),28900,1991690000,1200,82560000,990516823,0.01
31/05/2021,-4360,-277283000,66.8(-2.91 %),36900,2475000000,41260,2752283000,990521183,0.01
01/06/2021,43600,2925000000,67.5(0.90 %),361600,24360590000,318000,21435590000,990393623,0.02
02/06/2021,-60400,-4058330000,67.4(0.00 %),57300,3853510000,117700,7911840000,990454023,0.0
03/06/2021,1820,124566000,68.6(1.93 %),2220,151826000,400,27260000,990452203,0.0
04/06/2021,-138500,-9331620000,67(-2.05 %),62500,4248320000,201000,13579940000,990590703,0.0
07/06/2021,85300,5841500000,69.5(2.81 %),114700,7875150000,29400,2033650000,990505403,0.01
08/06/2021,-71721,-4802160000,69.6(1.31 %),892200,62373740000,963921,67175900000,990577124,0.0
09/06/2021,59500,4184090000,71.1(1.14 %),59600,4191090000,100,7000000,990517624,0.01
10/06/2021,6900,493110000,69.8(-0.71 %),57700,4054210000,50800,3561100000,990510724,0.01
11/06/2021,155900,11093100000,72(2.56 %),271900,19332260000,116000,8239160000,990354824,0.02
14/06/2021,116100,8444480000,72.7(2.11 %),121900,8867880000,5800,423400000,990238724,0.02
15/06/2021,80600,5891240000,72.1(-0.83 %),80600,5891240000,0,0,990158124,0.02
16/06/2021,26900,1928600000,72(-1.50 %),32300,2315640000,5400,387040000,990131224,0.02
17/06/2021,16200,1149390000,71.4(-0.42 %),16200,1149390000,0,0,990115024,0.02
18/06/2021,19600,1398410000,71.5(0.70 %),19700,1405570000,100,7160000,990095424,0.02
22/06/2021,24297,1775272200,73.5(2.08 %),156900,11456950000,132603,9681677800,990071127,0.01
23/06/2021,42100,3098680000,73.9(0.96 %),42500,3128040000,400,29360000,990029027,0.01
24/06/2021,85600,6311680000,73.6(0.00 %),86800,6400240000,1200,88560000,989943427,0.01
25/06/2021,273300,20591250000,75.6(2.58 %),273900,20636040000,600,44790000,989670127,0.03
28/06/2021,178400,13732140000,77.1(2.25 %),185600,14285170000,7200,553030000,989491727,0.02
29/06/2021,90420,6821884000,75(-2.47 %),190720,14357264000,100300,7535380000,989401307,0.02
30/06/2021,167404,12619262000,75.3(0.00 %),227304,17121622000,59900,4502360000,989233903,0.02
01/07/2021,453900,35128730000,78.4(4.12 %),470000,36383280000,16100,1254550000,988937363,0.02
02/07/2021,212900,16712300000,78.3(1.16 %),213200,16735770000,300,23470000,988724463,0.01
05/07/2021,28161,2177929100,77(-1.91 %),45861,3544439100,17700,1366510000,988696302,0.01
06/07/2021,93174,7092279600,75(-2.98 %),93174,7092279600,0,0,988603128,0.01
07/07/2021,77100,5821670000,75.7(-0.39 %),92500,6979090000,15400,1157420000,988526028,0.01
09/07/2021,9400,730990000,75(-2.72 %),116900,8919940000,107500,8188950000,988516628,0.0
12/07/2021,48100,3584490000,72.2(-5.00 %),92500,6843210000,44400,3258720000,988468528,0.0
13/07/2021,50120,3648156000,74.9(2.04 %),51920,3780156000,1800,132000000,988418408,0.0
14/07/2021,77870,5806161000,75(3.16 %),80400,5994060000,2530,187899000,988340538,0.0
15/07/2021,42707,3248859900,76.3(2.42 %),47007,3577529900,4300,328670000,988297831,0.0
16/07/2021,26700,2027270000,76(0.13 %),76700,5824820000,50000,3797550000,988271131,0.0
19/07/2021,-11881,-869227300,73(-3.82 %),80519,5914432700,92400,6783660000,988283012,0.0
20/07/2021,-15900,-1161490000,73.4(0.00 %),29400,2152690000,45300,3314180000,988298912,0.0
21/07/2021,-13980,-1022186000,73(-0.27 %),33120,2420784000,47100,3442970000,988312892,0.0
22/07/2021,0,0,73.1(0.00 %),0,0,0,0,988312892,0.0
23/07/2021,0,0,73.1(0.00 %),0,0,0,0,988312892,0.0
26/07/2021,0,0,73.1(0.00 %),0,0,0,0,988312892,0.0
27/07/2021,0,0,73.1(0.00 %),0,0,0,0,988312892,0.0
28/07/2021,0,0,73.1(0.00 %),0,0,0,0,988312892,0.0
29/07/2021,0,0,73.1(0.00 %),0,0,0,0,988312892,0.0
30/07/2021,42110,3174561000,75.8(3.69 %),116610,8730671000,74500,5556110000,988270782,0.0
02/08/2021,5708,430336800,74.9(0.27 %),67908,5098096800,62200,4667760000,988161774,0.0
03/08/2021,78600,5925690000,76.6(2.00 %),375700,28240730000,297100,22315040000,988083174,0.0
04/08/2021,36600,2797610000,76.6(1.86 %),38900,2973520000,2300,175910000,988046574,0.0
05/08/2021,44900,3416040000,76.6(0.13 %),271100,20609160000,226200,17193120000,988001674,0.0
06/08/2021,55700,4281150000,76.7(0.92 %),77900,5987950000,22200,1706800000,987945974,0.0
09/08/2021,27700,2106050000,76(-1.17 %),124600,9487380000,96900,7381330000,987918274,0.0
10/08/2021,28800,2194110000,76.3(0.26 %),77500,5904190000,48700,3710080000,987889474,0.0
11/08/2021,-4800,-371000000,77(1.05 %),26400,2027210000,31200,2398210000,987894274,0.0
12/08/2021,162400,12636000000,79(2.86 %),190000,14773160000,27600,2137160000,987731874,0.01
13/08/2021,-10600,-834130000,78.8(1.03 %),6000,472240000,16600,1306370000,987803774,3.63
16/08/2021,86800,6894900000,79.9(1.14 %),96900,7698340000,10100,803440000,987716974,0.01
17/08/2021,89700,7066720000,78.4(-1.38 %),100900,7946060000,11200,879340000,987627274,0.01
18/08/2021,36200,2793400000,77.4(-1.65 %),40800,3149040000,4600,355640000,987591074,0.0
19/08/2021,33500,2603050000,78.6(1.81 %),82200,6341670000,48700,3738620000,987557574,0.0
20/08/2021,102300,7899140000,77.8(1.30 %),108500,8375210000,6200,476070000,987455274,0.01
23/08/2021,34200,2611500000,76(-1.43 %),64600,4924550000,30400,2313050000,987421074,0.0
24/08/2021,62200,4672210000,76(-0.13 %),177800,13357090000,115600,8684880000,987358874,0.0
25/08/2021,14900,1131750000,75.5(0.53 %),29900,2263190000,15000,1131440000,987343974,0.0
26/08/2021,105350,8118160000,77.1(2.12 %),122750,9453230000,17400,1335070000,987238624,0.0
27/08/2021,-9400,-726110000,77.2(0.26 %),84600,6506810000,94000,7232920000,987248024,0.0
30/08/2021,118300,9262360000,79.1(2.73 %),124000,9711330000,5700,448970000,987129724,0.0
31/08/2021,16120,1258232200,77.5(-0.90 %),16120,1258232200,0,0,987113604,0.0
01/09/2021,29100,2261790000,77.5(-0.51 %),262200,20420420000,233100,18158630000,987152804,0.0
06/09/2021,39700,3058150000,77(-0.90 %),40500,3119970000,800,61820000,987113104,0.0
07/09/2021,89200,6959340000,78.2(1.56 %),92900,7246180000,3700,286840000,987023904,0.0
08/09/2021,119378,9397033000,78.7(1.16 %),168100,13212620000,48722,3815587000,986904526,0.01
09/09/2021,163172,13293874800,83(5.46 %),238100,19503880000,74928,6210005200,986741354,0.01
10/09/2021,104083,8780630600,83.5(1.46 %),239200,20198280000,135117,11417649400,986637271,0.0
13/09/2021,-5200,-435940000,83.7(-0.83 %),139500,11710220000,144700,12146160000,986642471,0.0
14/09/2021,52715,4381635500,83(-0.95 %),128315,10626175500,75600,6244540000,986589756,0.0
15/09/2021,80100,6644740000,83(0.36 %),86200,7151740000,6100,507000000,986509656,3.69
16/09/2021,157600,13189570000,84.1(1.45 %),159700,13365970000,2100,176400000,986432156,0.0
17/09/2021,82100,6836460000,84(0.36 %),218900,18219320000,136800,11382860000,986350056,0.0
20/09/2021,1400,115860000,82.4(-0.84 %),1400,115860000,0,0,986348656,0.0
21/09/2021,-1500,-122670000,81.4(-1.69 %),2400,194760000,3900,317430000,986350156,0.0
22/09/2021,42240,3560603000,83.7(3.21 %),74040,6154213000,31800,2593610000,986307916,0.0
23/09/2021,125300,10627710000,85(3.03 %),167000,14164450000,41700,3536740000,986182616,0.0
24/09/2021,63000,5343130000,84.9(0.12 %),63100,5351130000,100,8000000,986119616,0.0
27/09/2021,48800,4093090000,84.3(-0.59 %),48800,4093090000,0,0,986070816,0.0
28/09/2021,13940,1160856000,83(-1.31 %),13940,1160856000,0,0,986056876,0.0
29/09/2021,8120,678820000,83.6(0.48 %),19520,1634120000,11400,955300000,986048756,0.0
30/09/2021,24950,2096617500,83.1(-0.72 %),24950,2096617500,0,0,986023806,0.0
01/10/2021,8300,692230000,83(-1.07 %),21300,1776970000,13000,1084740000,985918106,0.0
04/10/2021,48918,4132433100,85(1.92 %),56018,4734843100,7100,602410000,985869188,0.0
05/10/2021,-28465,-2431932800,85.5(1.18 %),140444,12047492100,168909,14479424900,985897653,0.0
07/10/2021,14351,1230486200,86(0.23 %),14351,1230486200,0,0,985747765,3.72
08/10/2021,13349,1134159900,85(-0.93 %),55949,4756129900,42600,3621970000,985734416,0.0
11/10/2021,41692,3583202000,86.2(1.41 %),41700,3583890000,8,688000,985692724,0.0
12/10/2021,25237,2199663200,87.7(2.10 %),74937,6536863200,49700,4337200000,985667487,0.0
13/10/2021,-33100,-2878390000,86.8(-0.46 %),12801,1120827000,45901,3999217000,985700587,0.0
14/10/2021,32010,2762307000,86.6(-0.57 %),69110,5953007000,37100,3190700000,985668577,0.0
15/10/2021,18700,1611110000,86.2(0.12 %),31600,2722690000,12900,1111580000,985649877,0.0
18/10/2021,-12904,-1104078200,85.3(-1.04 %),25196,2147991800,38100,3252070000,985662781,0.0
19/10/2021,-8600,-729470000,85(-0.47 %),23000,1958540000,31600,2688010000,985671381,0.0
20/10/2021,11500,989650000,86.4(1.53 %),12000,1032800000,500,43150000,985659881,0.0
21/10/2021,32000,2762750000,86.2(0.23 %),38600,3332430000,6600,569680000,985639381,0.0
22/10/2021,6400,551050000,86.5(0.35 %),6400,551050000,0,0,985632981,0.0
25/10/2021,7471,638368500,85.5(-0.70 %),21500,1838320000,14029,1199951500,985625510,0.0
26/10/2021,6010,512904000,85.2(-0.23 %),25010,2132964000,19000,1620060000,985619500,0.0
27/10/2021,13100,1122550000,85.1(-0.12 %),538200,46051788000,525100,44929238000,985606400,0.01
28/10/2021,-24437,-2061022700,86.3(0.82 %),69763,5939037300,94200,8000060000,985630837,0.0
29/10/2021,42830,3706955000,87.1(2.47 %),120330,10429725000,77500,6722770000,985588007,0.0
01/11/2021,34314,2980456400,86(-0.81 %),48414,4206416400,14100,1225960000,985511314,0.0
02/11/2021,-25230,-2142206500,85.8(-1.27 %),14000,1191030000,39230,3333236500,985536544,0.0
03/11/2021,39300,3341100000,85.8(0.94 %),150100,12781370000,110800,9440270000,985497244,0.01
04/11/2021,51197,4430454700,86.6(1.76 %),58600,5067110000,7403,636655300,985446047,0.0
05/11/2021,73000,6360780000,87(0.58 %),80000,6969140000,7000,608360000,985373047,0.01
08/11/2021,76400,6670850000,87.8(0.80 %),83300,7274250000,6900,603400000,985296647,0.01
09/11/2021,-1700,-148780000,87.3(0.00 %),59300,5153930000,61000,5302710000,985298347,0.01
10/11/2021,-17400,-1493820000,85.6(-1.50 %),10300,883660000,27700,2377480000,985315747,0.0
11/11/2021,-6400,-546560000,85.3(-0.58 %),10200,875300000,16600,1421860000,985322147,0.0
12/11/2021,9631,824193600,86.4(0.93 %),13731,1177413600,4100,353220000,985312516,0.01
15/11/2021,11000,941470000,85.5(-0.23 %),11300,967120000,300,25650000,985301516,0.01
16/11/2021,33540,2881191200,86(0.35 %),49240,4229281200,15700,1348090000,985267976,0.01
17/11/2021,9700,837690000,86.8(1.05 %),166200,14407900000,156500,13570210000,985258276,0.01
18/11/2021,-2100,-182530000,87(0.12 %),22900,1988200000,25000,2170730000,985260376,0.0
19/11/2021,21600,1875890000,86.5(-0.57 %),52400,4541240000,30800,2665350000,985238776,0.0
22/11/2021,32900,2824770000,85.4(-1.39 %),51600,4433080000,18700,1608310000,985205876,0.01
23/11/2021,-1900,-160916400,85(-0.93 %),66700,5676793600,68600,5837710000,985207776,0.01
24/11/2021,20400,1725670000,84.5(-0.71 %),173300,14706640000,152900,12980970000,985187376,0.01
25/11/2021,-5000,-421270000,84.5(-0.47 %),6500,550810000,11500,972080000,985192376,0.0
26/11/2021,-16800,-1413080000,84.1(-0.59 %),82300,6920150000,99100,8333230000,985209176,0.0
29/11/2021,-15500,-1263140000,81.9(-2.62 %),112300,9184840000,127800,10447980000,985224676,0.0
30/11/2021,-29782,-2423317700,81.1(-0.73 %),12025,997156800,41807,3420474500,985254458,0.0
01/12/2021,-28870,-2334447000,80.6(-1.59 %),9630,779353000,38500,3113800000,985261021,0.0
02/12/2021,-15210,-1219466400,80.3(-0.62 %),21510,1725542000,36720,2945008400,985276231,0.01
03/12/2021,4200,340050000,80(-0.25 %),6700,541430000,2500,201380000,985272031,0.01
06/12/2021,-11100,-874630000,78.5(-2.61 %),14700,1161020000,25800,2035650000,985283131,0.01
07/12/2021,3500,275530000,80(1.39 %),96500,7729210000,93000,7453680000,985279631,0.01
08/12/2021,-9200,-744290000,81.1(1.38 %),89300,7223030000,98500,7967320000,985288831,0.0
09/12/2021,26300,2157610000,82.1(1.48 %),146900,12056490400,120600,9898880400,985262531,0.0
10/12/2021,-3700,-304910000,82(-0.12 %),300,24660000,4000,329570000,985266231,0.0
13/12/2021,7180,588289000,82(-0.61 %),67900,5567890000,60720,4979601000,985259051,0.01
14/12/2021,17279,1416995500,81.7(-0.37 %),24205,1984780000,6926,567784500,985241772,0.01
15/12/2021,7470,610516000,81.1(-1.10 %),44170,3609934000,36700,2999418000,985234302,0.01
16/12/2021,16900,1376740000,81.1(-0.49 %),68200,5559010000,51300,4182270000,985217402,0.01
17/12/2021,13200,1087420000,82(0.61 %),40600,3343740000,27400,2256320000,985204202,0.01
20/12/2021,5600,460390000,81.1(-1.46 %),24100,1972180000,18500,1511790000,985198602,0.01
21/12/2021,-36100,-2909110000,80.3(-1.71 %),53700,4369530000,89800,7278640000,985234702,0.01
22/12/2021,20290,1648865800,0(0.00 %),63290,5150655800,43000,3501790000,985214412,0.01
23/12/2021,2430,195913000,80(-1.60 %),24030,1923133000,21600,1727220000,985265689,3.75
24/12/2021,30100,2459600000,81.7(2.00 %),39800,3250520000,9700,790920000,985315689,3.74
27/12/2021,13010,1065730500,81.5(-0.12 %),34510,2832570500,21500,1766840000,985345779,3.74
28/12/2021,35000,2872480000,0(0.00 %),149800,12244830000,114800,9372350000,985310779,0.0
29/12/2021,13607,1115741900,82.1(0.49 %),513407,42089936000,499800,40974194100,985209872,3.75
30/12/2021,18900,1552190000,82.8(0.98 %),44100,3632060000,25200,2079870000,985280572,3.74
31/12/2021,0,0,0(0.00 %),0,0,0,0,985109660,3.75
04/01/2022,44010,3816370000,86.5(3.10 %),67410,5838370000,23400,2022000000,985067450,3.75
05/01/2022,70957,6200485700,87.5(1.16 %),90457,7908025700,19500,1707540000,985117993,3.75
06/01/2022,12426,1074597200,87(-0.57 %),20026,1733747200,7600,659150000,985121367,3.75
07/01/2022,-13784,-1201341400,86.6(0.00 %),3416,297278600,17200,1498620000,985137451,3.75
10/01/2022,32500,2848355000,86.1(-1.03 %),51600,4515215000,19100,1666860000,985093451,3.75
11/01/2022,20500,1788810000,87.3(-0.11 %),31800,2774860000,11300,986050000,985078851,3.75
12/01/2022,-37890,-3277010000,86.1(-1.26 %),7610,661240000,45500,3938250000,985090341,3.75
13/01/2022,44900,4007370000,88(1.50 %),60900,5427170000,16000,1419800000,985040741,3.76
14/01/2022,15519,1372663500,88(-1.23 %),38419,3400063500,22900,2027400000,985047822,3.76
17/01/2022,0,0,0(0.00 %),0,0,0,0,985035112,3.76
18/01/2022,17000,1496690000,88(-0.68 %),53400,4707530000,36400,3210840000,985004612,3.76
19/01/2022,-100,-7900000,87.2(-1.13 %),5900,518650000,6000,526550000,985022112,3.76
20/01/2022,0,2070000,87.3(-0.68 %),40800,3568280000,40800,3566210000,985017712,3.76
21/01/2022,733,65250500,87(-0.34 %),3213,280274500,2480,215024000,985020499,3.76
24/01/2022,44402,3778224000,85.8(-1.15 %),58602,4988514000,14200,1210290000,985002697,3.76
25/01/2022,-995700,-80137120000,84.5(-0.82 %),9600,812620000,1005300,80949740000,984995577,3.76
26/01/2022,4219,367223000,84.8(0.12 %),15019,1282333000,10800,915110000,984994758,3.76
27/01/2022,40400,3535420000,87(2.11 %),64200,5619420000,23800,2084000000,985935858,3.71
28/01/2022,-1684,-145652400,87(-0.57 %),48316,4196907600,50000,4342560000,985898342,3.72
07/02/2022,-116200,-10554010000,93.3(7.36 %),33000,3035680000,149200,13589690000,985889142,3.72
08/02/2022,-2286,-213936600,94.3(1.95 %),51514,4850953400,53800,5064890000,985887628,3.72
09/02/2022,42781,4053027800,95.5(1.38 %),52305,4963895000,9524,910867200,985984523,3.71
10/02/2022,60600,5670810000,93(-2.31 %),78900,7387460000,18300,1716650000,985959423,3.71
11/02/2022,33104,3061899500,93(-0.64 %),43130,3984278500,10026,922379000,985925817,3.72
14/02/2022,2900,261770000,91(-1.09 %),48800,4485060000,45900,4223290000,985895317,3.72
15/02/2022,-77000,-7245500000,96.5(4.89 %),44400,4246490000,121400,11491990000,985860943,3.72
16/02/2022,-26100,-2510590000,96(1.27 %),7100,679880000,33200,3190470000,985899743,3.72
17/02/2022,9410,901286000,95.9(0.00 %),72410,6924296000,63000,6023010000,985948733,3.71
18/02/2022,57401,5535887000,96.4(0.94 %),125701,12129747000,68300,6593860000,985856232,3.72
21/02/2022,17334,1671944400,96.4(-0.10 %),41534,4007324400,24200,2335380000,985877698,3.72
22/02/2022,300,38560000,95(-1.55 %),15500,1482800000,15200,1444240000,985930498,3.72
23/02/2022,20700,1957080000,94.5(-0.74 %),21300,2013970000,600,56890000,985933398,3.71
24/02/2022,45500,4282150000,94(-0.63 %),137100,12903700000,91600,8621550000,985811498,3.72
25/02/2022,88306,8521668000,97(3.08 %),93806,9052268000,5500,530600000,985718292,3.72
28/02/2022,7700,738870000,95.9(-0.52 %),8700,834370000,1000,95500000,985801192,3.72
01/03/2022,10001,950818000,95.3(0.00 %),10001,950818000,0,0,985796691,3.72
02/03/2022,8200,776680000,94.3(-0.53 %),8500,805330000,300,28650000,985789191,3.72
03/03/2022,-23775,-2217107500,93.3(-1.37 %),5525,516232500,29300,2733340000,985783666,3.72
04/03/2022,494400,47494630000,93.4(0.00 %),556200,53248320000,61800,5753690000,985227566,3.75
07/03/2022,-34400,-3136940000,89.3(-4.29 %),18900,1712710000,53300,4849650000,985237966,3.75
08/03/2022,186300,16756120000,90(-0.44 %),202300,18199020000,16000,1442900000,985097466,3.75
09/03/2022,-10400,-926790000,89.2(-0.45 %),30300,2695810000,40700,3622600000,985120466,3.75
10/03/2022,-53900,-4771070000,88(-1.12 %),33700,2991030000,87600,7762100000,985102766,3.75
11/03/2022,18526,1688786000,91.4(3.04 %),72626,6593616000,54100,4904830000,985070840,3.75
14/03/2022,-12500,-1115980000,89.5(-1.32 %),20100,1812590000,32600,2928570000,985138340,3.75
15/03/2022,-28720,-2560532600,89(-1.22 %),16600,1483430000,45320,4043962600,985175840,3.75
16/03/2022,-7400,-664670000,89.6(0.45 %),1700,152460000,9100,817130000,985206740,3.75
17/03/2022,-6000,-537720000,89.3(-0.67 %),21300,1908320000,27300,2446040000,985230760,3.75
18/03/2022,-2300,-204140000,88.6(-1.12 %),2900,257900000,5200,462040000,985236960,3.75
21/03/2022,7800,700260000,89.8(0.90 %),81200,7285480000,73400,6585220000,985183060,3.75
22/03/2022,14009,1254050000,89.5(-0.22 %),56609,5069270000,42600,3815220000,985131651,3.75
23/03/2022,14400,1294900000,89.6(0.00 %),69800,6263840000,55400,4968940000,985135251,3.75
24/03/2022,-3000,-268900000,89.7(0.00 %),10000,896510000,13000,1165410000,985167851,3.75
25/03/2022,-21300,-1918040000,89.7(0.00 %),34300,3088230000,55600,5006270000,985188951,3.75
28/03/2022,9600,860500000,89.6(-0.55 %),35200,3157690000,25600,2297190000,985166751,3.75
29/03/2022,9300,840410000,90.8(1.23 %),53700,4837230000,44400,3996820000,985168651,3.75
30/03/2022,39315,3598283500,92(2.22 %),74815,6859863500,35500,3261580000,985119436,3.75
31/03/2022,19300,1792700000,92.7(1.09 %),24500,2274850000,5200,482150000,985139336,3.75
01/04/2022,12600,1162680000,92.8(-0.11 %),21200,1953880000,8600,791200000,985153636,3.75
04/04/2022,15110,1412810000,93.9(1.84 %),19010,1777140000,3900,364330000,985139826,3.75
05/04/2022,9100,871260000,95(1.82 %),18600,1767360000,9500,896100000,985129826,3.75
06/04/2022,300,28210000,94.8(0.00 %),400,37600000,100,9390000,985133326,3.75
07/04/2022,-6400,-594930000,92.5(-1.60 %),5200,483700000,11600,1078630000,985137626,3.75
08/04/2022,3900,359390000,92(-1.08 %),3900,359390000,0,0,985133826,3.75
12/04/2022,1000,91960000,91.4(-0.76 %),4500,413960000,3500,322000000,985132826,0.0
13/04/2022,-5300,-483850000,91.2(-0.65 %),1900,173740000,7200,657590000,985140926,3.75
14/04/2022,-15900,-1440770000,90(-1.53 %),4100,373940000,20000,1814710000,985138426,3.75
15/04/2022,0,0,0(0.00 %),0,0,0,0,985144925,3.75
18/04/2022,14400,1308530000,91.5(1.22 %),15000,1363390000,600,54860000,985149925,3.75
19/04/2022,0,0,91.5(0.55 %),0,0,0,0,985134225,3.75
20/04/2022,13400,1230820000,91(-2.26 %),58600,5388830000,45200,4158010000,985075625,3.75
21/04/2022,3800,350130000,92(0.00 %),29900,2670090000,26100,2319960000,985078125,3.75
22/04/2022,-5401,-488358000,89.2(0.11 %),6400,576730000,11801,1065088000,985116925,3.75
25/04/2022,3700,353350000,83(-7.98 %),41600,3589460000,37900,3236110000,985101425,3.75
26/04/2022,14600,1256980000,87(1.40 %),25800,2196280000,11200,939300000,985087426,3.75
27/04/2022,7600,669120000,87.9(3.78 %),17000,1485780000,9400,816660000,985108326,3.75
28/04/2022,8900,774540000,88(1.03 %),14100,1225140000,5200,450600000,985105426,3.75
29/04/2022,9100,802110000,88(1.85 %),11300,994880000,2200,192770000,985103526,3.75
04/05/2022,-200,-17120000,86.2(-2.05 %),0,0,200,17120000,985108726,3.75
05/05/2022,27404,2431474800,88.9(1.95 %),28204,2502274800,800,70800000,985082722,3.75
06/05/2022,-1200,-101920000,86.7(-2.36 %),4900,424640000,6100,526560000,985078022,3.75
09/05/2022,17223,1470634000,85.2(-1.73 %),31923,2727074000,14700,1256440000,985046899,3.76
10/05/2022,43908,3926522800,89.1(4.09 %),58708,5185362800,14800,1258840000,984994291,3.76
11/05/2022,-4500,-405960000,90(2.04 %),27300,2456580000,31800,2862540000,984981691,3.76
12/05/2022,14500,1293030000,88.7(-1.44 %),117600,10468600000,103100,9175570000,984963891,3.76
13/05/2022,-15800,-1301750000,86(-3.48 %),50900,4334750000,66700,5636500000,984944791,3.76
16/05/2022,-13895,-1168492500,83(-2.12 %),12905,1088457500,26800,2256950000,984949986,3.76
17/05/2022,-4300,-320190000,85.8(2.14 %),53200,4517310000,57500,4837500000,984963486,3.76
18/05/2022,404,37220000,85.5(1.54 %),55704,4736190000,55300,4698970000,984934582,3.76
19/05/2022,12200,1042520000,86(1.18 %),22100,1888860000,9900,846340000,984969982,3.76
20/05/2022,12500,1077900000,85.5(0.23 %),25100,2165180000,12600,1087280000,985000182,3.76
23/05/2022,7101,613555600,85.6(-0.70 %),13601,1172655600,6500,559100000,984996481,3.76
24/05/2022,9597,824725500,86.4(0.35 %),310000,26660230000,300403,25835504500,984899081,3.76
25/05/2022,13000,1132050000,87(1.16 %),94300,8204380000,81300,7072330000,984811281,3.77
26/05/2022,-600,-52340000,86.6(-0.46 %),7700,669760000,8300,722100000,984903984,3.76
27/05/2022,-100,-9110000,86.8(-0.12 %),40700,3540440000,40800,3549550000,984944584,3.76
30/05/2022,-13699,-1189524500,86.9(-0.11 %),17001,1478305500,30700,2667830000,984935883,3.76
31/05/2022,200,17360000,86.9(0.00 %),511500,38248690000,511300,38231330000,984965183,3.76
01/06/2022,4200,364580000,86.9(0.12 %),17900,1556480000,13700,1191900000,984977983,3.76
02/06/2022,12407,1079229000,86.6(-0.35 %),14807,1288059000,2400,208830000,984974476,3.76
03/06/2022,8300,713050000,85.2(-1.96 %),54300,4673830000,46000,3960780000,984933876,3.76
06/06/2022,-15698,-1336729400,85(-1.16 %),10602,902560600,26300,2239290000,984925674,3.76
07/06/2022,-1100,-93940000,84.6(-0.59 %),14900,1266000000,16000,1359940000,984956774,3.76
08/06/2022,-1600,-135950000,84.8(-0.12 %),22800,1936720000,24400,2072670000,984960274,3.76
09/06/2022,-409500,-33606150000,84.8(-0.12 %),57300,4869060000,466800,38475210000,984918974,3.76
10/06/2022,600,52780000,84.1(-1.06 %),39100,3312940000,38500,3260160000,984904274,3.76
13/06/2022,8900,749040000,84.6(0.00 %),22400,1883980000,13500,1134940000,985348674,3.74
14/06/2022,84500,7628790000,80.5(-4.17 %),129000,11278680000,44500,3649890000,985258174,3.75
15/06/2022,-798,-64572000,80.8(-1.82 %),4402,353648000,5200,418220000,985267272,3.75
16/06/2022,286800,25610660000,80.4(-0.25 %),321400,28397650000,34600,2786990000,984990372,3.76
17/06/2022,-15799,-1228099000,79(-1.86 %),24601,1927111000,40400,3155210000,984970971,3.76
20/06/2022,4800,371550000,76.5(-2.17 %),54400,4227260000,49600,3855710000,984951171,3.76
21/06/2022,0,310000,76(-2.19 %),15800,1205370000,15800,1205060000,984975771,3.76
22/06/2022,-9900,-753730000,76.2(0.00 %),194500,14828080000,204400,15581810000,984830871,3.77
23/06/2022,2477,190512000,76.7(0.66 %),205707,15721266000,203230,15530754000,984640964,3.77
24/06/2022,27700,2216440000,80(4.71 %),62900,5025470000,35200,2809030000,984782464,3.77
27/06/2022,-2599,-206510000,80(0.25 %),133401,10657530000,136000,10864040000,984852293,3.76
28/06/2022,-6300,-498030000,80(0.13 %),97800,7808070000,104100,8306100000,984789693,3.77
29/06/2022,1400,110900000,80(0.25 %),47100,3767200000,45700,3656300000,984878593,3.76
30/06/2022,10102,806502000,79(-1.25 %),21402,1710502000,11300,904000000,984961291,3.76
01/07/2022,-5700,-450230000,79(-1.00 %),3000,234690000,8700,684920000,985003991,3.76
04/07/2022,-400,-31290000,78.9(0.64 %),500,39280000,900,70570000,985014791,3.76
05/07/2022,3500,274710000,78.2(-0.51 %),4000,313950000,500,39240000,985019491,3.76
06/07/2022,-2000,-155030000,77.4(-1.40 %),1200,93370000,3200,248400000,985019191,3.76
07/07/2022,-28290,-2194214000,77.5(-0.13 %),110,8546000,28400,2202760000,985019581,3.76
08/07/2022,-15517,-1201796800,77.4(-0.26 %),5800,449320000,21317,1651116800,985016981,3.76
11/07/2022,-7400,-576640000,77.4(0.00 %),7400,573410000,14800,1150050000,985037981,3.76
12/07/2022,-7100,-550440000,77.5(-0.13 %),5800,451230000,12900,1001670000,985053498,3.76
13/07/2022,-35000,-2717570000,77.5(-0.13 %),70200,5445080000,105200,8162650000,984998098,3.76
14/07/2022,5700,444220000,78.4(1.03 %),23100,1796970000,17400,1352750000,984987898,3.76
15/07/2022,9100,724180000,80.3(3.21 %),14200,1133050000,5100,408870000,985078898,3.75
18/07/2022,11300,915570000,81(1.50 %),11300,915570000,0,0,985084998,3.75
19/07/2022,13107,1061084000,81.1(0.12 %),13407,1085084000,300,24000000,985076691,3.75
20/07/2022,18800,1555250000,83.9(4.22 %),19400,1605480000,600,50230000,985057291,3.76
21/07/2022,1400,117010000,83(0.36 %),3400,284610000,2000,167600000,985054191,3.76
22/07/2022,23201,1945725000,85(2.29 %),23601,1979715000,400,33990000,985031190,3.76
25/07/2022,11100,938160000,85.1(1.55 %),11500,972150000,400,33990000,985021690,3.76
26/07/2022,5000,428800000,85.9(1.54 %),6700,573570000,1700,144770000,985015390,3.76
27/07/2022,20100,1737260000,87.8(2.81 %),20600,1780410000,500,43150000,984995190,3.76
28/07/2022,4667,412519000,87(0.93 %),11200,974530000,6533,562011000,984985690,3.76
29/07/2022,-669000,-65010230000,87(0.23 %),11100,958370000,680100,65968600000,984975090,3.76
01/08/2022,1200,105990000,88.2(2.32 %),1400,123790000,200,17800000,984980223,3.76
02/08/2022,4600,405870000,87(-1.69 %),4600,405870000,0,0,985655723,3.73
03/08/2022,684395,51382026000,87.9(0.34 %),685800,51503110000,1405,121084000,984970123,3.76
04/08/2022,-7600,-651990000,85.8(-0.69 %),14815,1273600000,22415,1925590000,984955308,3.76
05/08/2022,-300,-23910000,85.8(-0.12 %),12500,1070670000,12800,1094580000,984944213,3.76
08/08/2022,-1600,-138950000,86.7(1.40 %),4900,425390000,6500,564340000,984961728,3.76
09/08/2022,4200,363930000,86.4(-0.46 %),13900,1204850000,9700,840920000,984960628,3.76
10/08/2022,-1700,-147760000,86.3(-0.46 %),12400,1068380000,14100,1216140000,984954728,3.76
11/08/2022,19100,1661670000,87.3(1.28 %),40200,3498710000,21100,1837040000,984924228,3.76
12/08/2022,-17400,-1487610000,86.9(-0.23 %),11700,1002130000,29100,2489740000,984926628,3.76
15/08/2022,24400,2120460000,87.8(2.69 %),27800,2415230000,3400,294770000,984919928,3.76
16/08/2022,28500,2515680000,88.7(2.07 %),28600,2524560000,100,8880000,984920428,3.76
17/08/2022,41000,3638320000,88.7(0.45 %),41100,3647180000,100,8860000,984882728,3.76
18/08/2022,24200,2131020000,88.9(0.11 %),24200,2131020000,0,0,984858628,3.76
19/08/2022,19109,1691701000,88(0.00 %),20309,1797801000,1200,106100000,984838419,3.77
22/08/2022,16603,1458354000,87.9(-0.68 %),17403,1528554000,800,70200000,984821016,3.77
23/08/2022,44400,3978600000,90.1(2.62 %),45800,4101820000,1400,123220000,984776416,3.77
24/08/2022,-19890,-1724749000,89.9(0.33 %),30110,2690701000,50000,4415450000,984747106,3.77
25/08/2022,16500,1477660000,88.7(0.11 %),16500,1477660000,0,0,984732006,3.77
26/08/2022,24100,2168360000,90.5(1.34 %),24900,2240420000,800,72060000,984757106,3.77
29/08/2022,12833,1149740000,91(1.11 %),14433,1292060000,1600,142320000,984742673,3.77
30/08/2022,2800,248390000,90(1.12 %),8800,788390000,6000,540000000,984734673,3.77
31/08/2022,-57093,-4968996500,86(-3.80 %),8907,772873500,66000,5741870000,984727366,3.77
05/09/2022,-1281,-109350000,87.5(0.57 %),1249,109201000,2530,218551000,984732117,3.77
06/09/2022,7800,681870000,87.5(0.81 %),7800,681870000,0,0,984790317,3.77
07/09/2022,-2900,-240840000,85.5(-2.17 %),17800,1551370000,20700,1792210000,984775047,3.77
08/09/2022,-1100,-92660000,85.5(-1.50 %),5200,447990000,6300,540650000,984769847,3.77
09/09/2022,10600,922290000,87.3(1.51 %),12800,1112290000,2200,190000000,984777747,3.77
12/09/2022,-18481,-1581696300,86.7(-0.23 %),5852,502631700,24333,2084328000,984778195,3.77
13/09/2022,12910,1119710000,87(1.52 %),32410,2803350000,19500,1683640000,984747985,3.77
14/09/2022,-11839,-994337800,87(0.58 %),240153,20648775000,251992,21643112800,984732165,3.77
15/09/2022,-70510,-6000534000,84.8(-0.93 %),8300,707100000,78810,6707634000,0,3.77
16/09/2022,-6663,-562688100,84.5(-0.71 %),22300,1902020000,28963,2464708100,984773057,3.77
19/09/2022,4220,355650000,83.9(-1.41 %),7720,652320000,3500,296670000,984765337,0.0
20/09/2022,1126,95163000,84.7(0.36 %),75926,6453163000,74800,6358000000,984871984,3.76
21/09/2022,3420,287233000,84.1(-0.47 %),3420,287233000,0,0,984872064,3.76
22/09/2022,1701,143103200,84.9(1.07 %),2501,210473200,800,67370000,984869563,3.76
23/09/2022,500,43200000,85(0.83 %),1400,119700000,900,76500000,984869063,0.0
26/09/2022,-105000,-8266600000,82.5(-3.17 %),4000,330400000,109000,8597000000,984864963,3.76
27/09/2022,800,66560000,82.8(-0.12 %),1500,124500000,700,57940000,984864363,3.76
28/09/2022,300,27740000,81(-2.29 %),6600,539530000,6300,511790000,984966763,3.76
29/09/2022,-32999,-2675901000,82(0.00 %),23201,1889433000,56200,4565334000,984944262,3.76
30/09/2022,-64186,-4945987400,75(-7.29 %),40014,3084182600,104200,8030170000,984910548,3.76
03/10/2022,-99800,-7670496000,78.7(2.47 %),7600,584020000,107400,8254516000,984959148,3.76
04/10/2022,125300,10296980000,80(4.17 %),138300,11312340000,13000,1015360000,984925048,3.76
05/10/2022,9075,729850000,80.4(2.42 %),10400,836550000,1325,106700000,985022048,3.76
06/10/2022,34964,2805753700,80.5(0.00 %),41779,3347157300,6815,541403600,984993269,3.76
07/10/2022,22321,1735218900,78.8(-1.62 %),24521,1906388900,2200,171170000,984970073,3.76
10/10/2022,106100,8668400000,79(1.67 %),109800,8957740000,3700,289340000,984867088,3.76
11/10/2022,-14000,-1063880000,76(-3.06 %),54200,4136995200,68200,5200875200,984856688,3.76
12/10/2022,-30125,-2276964500,75.3(-0.53 %),1026775,74625469500,1056900,76902434000,984833613,3.77
13/10/2022,-17600,-1308630000,74.2(-1.85 %),12900,965210000,30500,2273840000,984847313,3.76
14/10/2022,-7600,-561460000,76(2.01 %),23000,1756460000,30600,2317920000,984881213,3.76
17/10/2022,-7700,-572240000,74.1(-2.37 %),13100,979200000,20800,1551440000,984898613,3.76
18/10/2022,-2300,-168580000,76.6(2.68 %),34700,2614700000,37000,2783280000,984894513,3.76
19/10/2022,0,0,77(2.26 %),0,0,0,0,984827013,3.77
20/10/2022,-1200,-91860000,76.5(-0.65 %),3100,239220000,4300,331080000,984860913,3.76
21/10/2022,-28300,-2098300000,76.6(-0.78 %),22500,1669200000,50800,3767500000,984881413,3.76
24/10/2022,800,59080000,73.6(-0.81 %),3300,243550000,2500,184470000,984882413,3.76
25/10/2022,15400,1135500000,73.9(0.27 %),41400,3047190000,26000,1911690000,984891813,3.76
26/10/2022,5900,430740000,72.7(-1.09 %),7200,525350000,1300,94610000,984887113,3.76
27/10/2022,-2090,-152444000,73.3(0.55 %),8610,630846000,10700,783290000,984904503,3.76
28/10/2022,1710,131294000,74.5(1.64 %),1035810,80134254000,1034100,80002960000,984869993,3.76
31/10/2022,17100,1281170000,74.5(1.22 %),23400,1737340000,6300,456170000,984857293,3.76
01/11/2022,27700,2051620000,74.1(0.00 %),38600,2856630000,10900,805010000,984852793,3.76
02/11/2022,18010,1330210000,73.9(-0.14 %),22810,1685410000,4800,355200000,984836283,3.77
03/11/2022,4210,311462100,74(0.27 %),4210,311462100,0,0,984842973,3.77
04/11/2022,3500,259690000,74(0.00 %),43000,3131300000,39500,2871610000,984804773,3.77
07/11/2022,8200,601410000,73.3(0.69 %),511400,35585740000,503200,34984330000,984793373,3.77
08/11/2022,25610,1885000000,73.9(0.82 %),28910,2128170000,3300,243170000,984803963,3.77
09/11/2022,46000,3398220000,73.4(-0.27 %),546100,41205670000,500100,37807450000,984761063,3.77
10/11/2022,40204,2966846000,74(0.14 %),558904,38930566000,518700,35963720000,984705459,3.77
11/11/2022,77800,5866820000,76(3.54 %),82600,6236240000,4800,369420000,984622959,3.78
14/11/2022,5911,453410100,76(0.66 %),546511,43453810100,540600,43000400000,984595148,3.78
15/11/2022,640,99615000,73.2(-4.06 %),45540,3431905000,44900,3332290000,984554408,3.78
16/11/2022,30320,2267919000,78(4.42 %),542220,38889029000,511900,36621110000,984552788,3.78
17/11/2022,16098,1228864000,76.9(4.06 %),16200,1236800000,102,7936000,984581488,3.78
18/11/2022,50100,3853530000,77.3(1.18 %),561900,43711530000,511800,39858000000,984531488,3.78
21/11/2022,7600,590640000,77.7(1.04 %),7600,590640000,0,0,984523990,3.78
22/11/2022,19100,1487350000,78(0.26 %),21000,1634070000,1900,146720000,984514790,3.78
23/11/2022,23600,1856650000,79.3(1.93 %),23600,1856650000,0,0,984491190,3.78
24/11/2022,19523,1586535900,83(5.46 %),25701,2080839300,6178,494303400,984467389,3.78
25/11/2022,3700,304790000,82(1.61 %),10500,861420000,6800,556630000,984456889,3.78
28/11/2022,4180,343363900,81.6(-0.37 %),4180,343363900,0,0,984452709,0.0
29/11/2022,-488300,-38681120000,83.4(1.96 %),25600,2119500000,513900,40800620000,984433287,0.0
30/11/2022,11405,951333000,84.5(2.05 %),26605,2215933000,15200,1264600000,984413482,0.0
01/12/2022,553512,47825257600,86(3.24 %),868512,74598257600,315000,26773000000,983844970,0.0
02/12/2022,7870,674068000,85(-0.47 %),21600,1843730000,13730,1169662000,984337270,0.0
05/12/2022,2900,246830000,84.5(-0.94 %),65600,5577330000,62700,5330500000,984286870,0.0
06/12/2022,7300,617560000,85(0.00 %),15800,1337910000,8500,720350000,984286070,0.0
07/12/2022,4910,415636000,85(0.35 %),52710,4477606000,47800,4061970000,984270990,0.0
08/12/2022,1700,144130000,84.8(-0.12 %),6300,533530000,4600,389400000,984335890,3.79
09/12/2022,3300,275520000,85(0.71 %),228900,19450480000,225600,19174960000,984130890,3.8
12/12/2022,-13770,-1162742000,84(-1.18 %),430,36148000,14200,1198890000,984130460,0.0
13/12/2022,3400,288240000,85(0.71 %),42200,3585110000,38800,3296870000,984092860,0.0
14/12/2022,11900,1010710000,85(0.12 %),25100,2132710000,13200,1122000000,984293360,0.0
15/12/2022,4500,380410000,85(0.00 %),84200,7152890000,79700,6772480000,984223360,0.0
16/12/2022,17990,1525940000,85(0.12 %),95400,8105790000,77410,6579850000,984166760,0.0
19/12/2022,15690,1332230000,84.9(-0.12 %),29800,2531490000,14110,1199260000,984150160,0.0
20/12/2022,12921,1092215000,84.9(0.00 %),28621,2418105000,15700,1325890000,984201239,0.0
21/12/2022,8024,680991900,83.6(-0.95 %),49280,4184950400,41256,3503958500,984229369,0.0
22/12/2022,7352,624838000,84(-1.06 %),36500,3096150000,29148,2471312000,984206979,0.0
23/12/2022,-691300,-55401310000,85(0.24 %),20300,1724470000,711600,57125780000,984202379,0.0
26/12/2022,5168,438068200,85(0.12 %),65900,5600370000,60732,5162301800,984177735,0.0
27/12/2022,694800,64097550000,85.3(0.35 %),750600,68841850000,55800,4744300000,983456283,0.0
28/12/2022,-49700,-4223690000,85(0.00 %),74500,6329080000,124200,10552770000,984154115,3.8
29/12/2022,-2100,-178120000,85(0.00 %),15000,1275610000,17100,1453730000,984194915,3.79
30/12/2022,1750,148315000,84.6(-0.47 %),105450,8964115000,103700,8815800000,984257665,3.79
03/01/2023,11300,952800000,84.5(-0.59 %),11800,994950000,500,42150000,984245865,0.0
04/01/2023,1012,85058000,84.2(0.00 %),1012,85058000,0,0,984321653,3.79
05/01/2023,-8520,-713222000,84.4(0.48 %),1500,125650000,10020,838872000,984320653,3.79
06/01/2023,29500,2498980000,84.9(1.31 %),62500,5303940000,33000,2804960000,984258153,3.79
09/01/2023,3600,305730000,85(0.12 %),3700,314220000,100,8490000,984264473,3.79
10/01/2023,1170,98639000,84.6(-0.35 %),1200,101390000,30,2751000,984296273,3.79
11/01/2023,1030,87068000,84.6(0.00 %),1030,87068000,0,0,984295343,3.79
12/01/2023,5115,430076000,84.6(0.12 %),5115,430076000,0,0,984290258,3.79
13/01/2023,8900,753620000,84.5(0.48 %),10600,897950000,1700,144330000,984279658,3.79
16/01/2023,6803,576162000,84.7(0.00 %),15603,1321522000,8800,745360000,984264055,3.79
17/01/2023,-7100,-604190000,84.9(0.24 %),67700,5754470000,74800,6358660000,984198055,3.79
18/01/2023,2900,245860000,85(0.00 %),73800,6270850000,70900,6024990000,984133055,3.8
19/01/2023,-25346,-2155240500,85(0.12 %),45654,3880059500,71000,6035300000,984162201,3.8
27/01/2023,-14400,-1224800000,86(1.18 %),56500,4808100000,70900,6032900000,984176601,3.8
30/01/2023,-35882,-3077461000,85.5(0.35 %),71318,6100119000,107200,9177580000,984176283,3.8
31/01/2023,-10789,-919454500,85(-0.70 %),15211,1293765500,26000,2213220000,984231972,3.79
01/02/2023,22100,1881340000,85(-0.23 %),79300,6750970000,57200,4869630000,984259872,3.79
02/02/2023,3956,335849000,84.9(-0.24 %),10056,854349000,6100,518500000,984275816,3.79
03/02/2023,6006,508357600,84.5(-0.47 %),7906,668907600,1900,160550000,984325110,3.79
06/02/2023,4500,381180000,84.5(-0.12 %),4500,381180000,0,0,984326710,3.79
07/02/2023,3400,287710000,84.8(0.12 %),5500,465370000,2100,177660000,984323110,3.79
08/02/2023,-37300,-3147990000,84.5(0.00 %),38900,3291770000,76200,6439760000,984284210,3.79
09/02/2023,900,75950000,84.5(0.00 %),900,75950000,0,0,984285410,3.79
10/02/2023,800,67650000,84.6(0.12 %),800,67650000,0,0,984360810,3.79
13/02/2023,-33700,-2847300000,84.5(0.00 %),1500,126450000,35200,2973750000,984359310,3.79
14/02/2023,-8500,-717370000,84.4(-0.12 %),5300,447710000,13800,1165080000,984354010,3.79
15/02/2023,1609,135539600,84.5(0.12 %),7409,625439600,5800,489900000,984381801,3.79
16/02/2023,-17000,-1441070000,85(0.71 %),40000,3410200000,57000,4851270000,984355601,3.79
17/02/2023,-17400,-1480580000,85.1(0.00 %),40200,3417390000,57600,4897970000,984321201,3.79
20/02/2023,5600,476390000,85(0.00 %),50100,4258390000,44500,3782000000,984328101,3.79
21/02/2023,11,673900,84.5(-0.47 %),811,68673900,800,68000000,984384890,3.79
22/02/2023,1300,109860000,84.6(0.00 %),1300,109860000,0,0,984428090,3.78
23/02/2023,-27990,-2365166000,84.6(0.12 %),1510,127654000,29500,2492820000,984427380,3.78
24/02/2023,600,50800000,84.5(0.00 %),4600,386980000,4000,336180000,984422780,0.0
27/02/2023,-45100,-3788940000,84(-0.24 %),2300,192300000,47400,3981240000,984449980,3.78
28/02/2023,-2600,-136500000,84.2(0.24 %),34400,2916300000,37000,3052800000,984419580,3.78
01/03/2023,-1300,-108180000,84(0.96 %),0,0,1300,108180000,984466980,3.78
02/03/2023,-700,-57610000,83.8(0.60 %),2500,210410000,3200,268020000,984501480,3.78
03/03/2023,-2100,-171810000,83.9(0.00 %),11900,994670000,14000,1166480000,984490880,3.78
06/03/2023,8100,685250000,84.9(1.80 %),35000,2970890000,26900,2285640000,984459080,3.78
07/03/2023,-100,-8260000,84(-0.94 %),200,16880000,300,25140000,984472880,3.78
08/03/2023,-6410,-535205000,84(-0.12 %),1800,150900000,8210,686105000,984497980,3.78
09/03/2023,3901,331134800,85(1.67 %),11001,933514800,7100,602380000,984487279,3.78
10/03/2023,15790,1348260000,84.7(-0.12 %),310700,26416710000,294910,25068450000,984465189,3.78
13/03/2023,-6200,-516740000,83.4(-2.11 %),10500,876150000,16700,1392890000,984454689,0.0
14/03/2023,5660,475318000,84(0.72 %),10150,850665000,4490,375347000,984466149,3.78
15/03/2023,30900,2607380000,85(1.55 %),209500,17765150000,178600,15157770000,984273349,3.79
16/03/2023,100,8450000,84(-0.94 %),100,8450000,0,0,984277739,3.79
17/03/2023,8300,702050000,84.1(-0.12 %),9800,826910000,1500,124860000,984446539,3.78
20/03/2023,2100,177340000,84(-0.12 %),2100,177340000,0,0,984444439,3.78
21/03/2023,9500,801420000,84.5(0.12 %),9500,801420000,0,0,984436439,3.78
22/03/2023,423,36031300,84.9(0.59 %),500,42410000,77,6378700,984435939,3.78
23/03/2023,-23,-2102200,84.1(-0.83 %),0,0,23,2102200,984435939,3.78
24/03/2023,330,27544000,83.2(-1.65 %),330,27544000,0,0,984435686,3.78
27/03/2023,7400,614320000,83(-0.36 %),7400,614320000,0,0,984428309,3.78
28/03/2023,9104,755702400,83(-0.12 %),32104,2664782400,23000,1909080000,984396205,0.0
29/03/2023,64820,5338380000,81.6(-1.69 %),85220,7005410000,20400,1667030000,984310985,3.79
30/03/2023,1500,123450000,82.1(-0.12 %),1800,148160000,300,24710000,984332185,3.79
31/03/2023,-800,-65490000,82(-0.49 %),5500,451000000,6300,516490000,984347085,3.79
03/04/2023,-6699,-547031800,81.3(-0.85 %),1510,121864000,8209,668895800,984345875,3.79
04/04/2023,2709,219641600,81.1(-0.37 %),10609,862401600,7900,642760000,984341566,3.79
05/04/2023,-5700,-459470000,80.5(-0.98 %),10800,869900000,16500,1329370000,984338975,3.79
06/04/2023,-3300,-265820000,80.5(-0.12 %),1600,128770000,4900,394590000,984345275,3.79
07/04/2023,-7587,-608149500,80(-0.62 %),12113,967760500,19700,1575910000,984349662,3.79
10/04/2023,-23392,-1849250200,77.5(-3.12 %),6308,500009800,29700,2349260000,984348254,3.79
11/04/2023,-9400,-730930000,77.8(-1.64 %),10500,816650000,19900,1547580000,984357454,3.79
12/04/2023,-13692,-1067968400,78.4(0.77 %),27208,2122831600,40900,3190800000,984371146,0.0
13/04/2023,-3100,-243070000,78.1(0.00 %),21500,1684850000,24600,1927920000,984358346,3.79
14/04/2023,-4700,-367910000,78(-0.51 %),1300,101670000,6000,469580000,984397946,3.79
17/04/2023,-2000,-156270000,78(-0.38 %),2700,210900000,4700,367170000,984419846,3.78
18/04/2023,-15495,-1194643000,77(-1.41 %),7205,555707000,22700,1750350000,984418641,3.78
19/04/2023,-2900,-222040000,77.1(0.00 %),28600,2206430000,31500,2428470000,984394741,3.79
20/04/2023,13200,1037060000,78.8(2.20 %),20000,1571540000,6800,534480000,984381541,0.0
21/04/2023,1400,109930000,77.5(-1.40 %),1400,109930000,0,0,984427541,3.78
24/04/2023,4733,367239400,78(-0.64 %),9623,746074200,4890,378834800,984424718,3.78
25/04/2023,33000,2540650000,76.2(-1.68 %),48800,3755280000,15800,1214630000,984375918,3.79
26/04/2023,401,31158000,77(0.13 %),401,31158000,0,0,984380407,3.79
27/04/2023,254,19345600,77(-0.39 %),2054,157945600,1800,138600000,984380153,0.0
28/04/2023,4400,343430000,78(1.43 %),68200,5279720000,63800,4936290000,984375753,0.0
04/05/2023,-17682,-1358017600,76.4(-2.05 %),2208,169764400,19890,1527782000,984373945,0.0
05/05/2023,-13971,-1060467000,77(0.26 %),15229,1163933000,29200,2224400000,984374116,3.79
08/05/2023,-500,-38310000,76.9(0.79 %),3000,231530000,3500,269840000,984391006,3.79
09/05/2023,-10700,-829590000,77.3(0.39 %),1000,77600000,11700,907190000,984419206,3.78
10/05/2023,6500,527520000,81.8(5.55 %),41500,3252660000,35000,2725140000,984412706,0.0
11/05/2023,-9835,-794043000,80.7(3.07 %),15,1197000,9850,795240000,984422541,0.0
12/05/2023,-3383,-267671800,80.7(0.12 %),617,49728200,4000,317400000,984427274,3.78
15/05/2023,751,59653900,79.3(-1.12 %),851,67653900,100,8000000,984426523,0.0
16/05/2023,0,210000,78.7(-1.01 %),1600,126650000,1600,126440000,984426523,0.0
17/05/2023,6117,482737500,79(-0.13 %),15417,1214647500,9300,731910000,984420406,0.0
18/05/2023,300,23630000,78.8(0.00 %),300,23630000,0,0,984420106,0.0
19/05/2023,718,56657600,78.8(0.00 %),718,56657600,0,0,984419388,0.0
22/05/2023,700,55260000,78.9(0.00 %),1500,118460000,800,63200000,984418688,0.0
23/05/2023,2300,180450000,78.1(-1.01 %),2300,180450000,0,0,984416388,0.0
24/05/2023,-4300,-336690000,78(-0.38 %),8000,626400000,12300,963090000,984420688,0.0
25/05/2023,7135,553190000,77.7(-0.77 %),8535,662390000,1400,109200000,984413553,0.0
26/05/2023,-4800,-372910000,77.6(0.00 %),400,31080000,5200,403990000,984418353,0.0
29/05/2023,2900,224870000,77.8(0.13 %),4000,310450000,1100,85580000,984415453,0.0
30/05/2023,-3299,-256032300,77.5(-0.26 %),7701,596827700,11000,852860000,984418752,0.0
31/05/2023,-400,-31200000,77.9(0.39 %),1500,117000000,1900,148200000,984419152,0.0
01/06/2023,2831,219704600,77.5(-0.26 %),6031,467704600,3200,248000000,984414071,0.0
02/06/2023,-400,-31220000,77.6(0.00 %),4400,342420000,4800,373640000,984414471,0.0
05/06/2023,-5300,-413680000,79.4(2.06 %),1400,108920000,6700,522600000,984419771,0.0
06/06/2023,-3226,-251269400,77.5(-0.51 %),2774,215830600,6000,467100000,984422997,0.0
07/06/2023,11310,876279000,78(0.26 %),12010,930879000,700,54600000,984411687,0.0
08/06/2023,6300,488480000,77.6(0.00 %),6300,488480000,0,0,984405387,0.0
09/06/2023,11215,875485500,79(1.80 %),13815,1077705500,2600,202220000,984394172,0.0
12/06/2023,2000,155110000,77.9(-0.13 %),2000,155110000,0,0,984392172,0.0
13/06/2023,24902,1943493600,78(0.39 %),25402,1982523600,500,39030000,984367270,0.0
14/06/2023,800,62430000,78(0.00 %),800,62430000,0,0,984366470,0.0
15/06/2023,-1500,-115900000,76(-2.69 %),9300,720170000,10800,836070000,984367970,0.0
16/06/2023,8200,638880000,78(0.65 %),8400,654480000,200,15600000,984364870,3.79
19/06/2023,0,10000,77.5(-0.39 %),4400,341120000,4400,341110000,984371270,3.79
20/06/2023,7101,550407500,77.6(0.00 %),14401,1115507500,7300,565100000,984357069,3.79
21/06/2023,-300,-23640000,77.9(0.52 %),3800,295290000,4100,318930000,984357669,3.79
22/06/2023,300,23340000,77.8(0.26 %),400,31120000,100,7780000,984357369,0.0
23/06/2023,-1200,-93240000,77.6(0.00 %),1200,93240000,2400,186480000,984367469,3.79
26/06/2023,-1200,-93240000,77.7(0.00 %),400,31080000,1600,124320000,984367169,3.79
27/06/2023,-1000,-77930000,77.5(0.00 %),1100,85090000,2100,163020000,984368469,3.79
28/06/2023,-53370,-4081115000,75.1(-3.22 %),26130,2020975000,79500,6102090000,984343939,3.79
29/06/2023,-53600,-4038250000,77(0.26 %),23000,1753120000,76600,5791370000,984323039,3.79
30/06/2023,-137281,-10099384000,73.5(-2.78 %),99119,7302736000,236400,17402120000,984303420,3.79
03/07/2023,12300,930210000,75.5(2.44 %),107800,8152160000,95500,7221950000,984272220,3.79
04/07/2023,29411,2225966000,76.2(0.79 %),108711,8247506000,79300,6021540000,984399909,3.79
05/07/2023,24900,1887830000,76(0.13 %),91200,6921400000,66300,5033570000,984454209,3.78
06/07/2023,19515,1488940700,76.4(0.66 %),40815,3116400700,21300,1627460000,984492694,3.78
07/07/2023,18200,1395890000,76.4(0.00 %),35100,2693810000,16900,1297920000,984473894,3.78
10/07/2023,-34786,-2702131800,77.7(1.30 %),43814,3406618200,78600,6108750000,984451380,3.78
11/07/2023,-2100,-168640000,79(1.67 %),31600,2486620000,33700,2655260000,984436680,3.78
12/07/2023,-1000,-88220000,82.5(4.70 %),47000,3815020000,48000,3903240000,984468280,3.78
13/07/2023,6050,500535000,82.9(2.47 %),10100,833390000,4050,332855000,984491880,3.78
14/07/2023,-34300,-2828810000,82.6(0.61 %),3200,263950000,37500,3092760000,984536680,3.78
17/07/2023,-46800,-3769070000,78.5(-4.96 %),28200,2316920000,75000,6085990000,984512530,3.78
18/07/2023,-797,-36267300,79(-2.95 %),31303,2552242700,32100,2588510000,984518727,3.78
19/07/2023,-24200,-1924640000,79.4(-1.85 %),10000,796680000,34200,2721320000,984583727,3.78
20/07/2023,-33100,-2635780000,79.7(0.13 %),21100,1677770000,54200,4313550000,984594727,3.78
21/07/2023,-16577,-1325027200,80.8(1.51 %),15724,1255722800,32301,2580750000,984613203,3.78
24/07/2023,11507,924698400,80.3(0.50 %),20600,1655060000,9093,730361600,984646803,3.77
25/07/2023,25390,2030819400,79.5(-1.12 %),54600,4378861600,29210,2348042200,984648104,3.77
26/07/2023,2600,208320000,80(-0.12 %),17700,1417520000,15100,1209200000,984645504,0.0
27/07/2023,11300,900730000,80(-0.12 %),23000,1835420000,11700,934690000,984634204,0.0
28/07/2023,5000,398370000,79.6(-0.25 %),9000,718170000,4000,319800000,984613107,0.0
31/07/2023,13001,1040399900,80.4(0.75 %),30901,2472529900,17900,1432130000,984609006,3.78
01/08/2023,0,0,0(0.00 %),0,0,0,0,984611006,3.78
02/08/2023,0,0,81.7(0.37 %),0,0,0,0,984620806,3.78
03/08/2023,36900,3021120000,82(0.49 %),37300,3053800000,400,32680000,984587106,3.78
04/08/2023,300,24540000,81.2(-0.73 %),300,24540000,0,0,984623606,3.78
07/08/2023,13408,1095479000,81.7(0.37 %),13408,1095479000,0,0,984610198,0.0
08/08/2023,1500,122440000,81.1(-0.73 %),6100,496330000,4600,373890000,984608698,0.0
09/08/2023,2533,206748000,81.1(-0.37 %),2600,212010000,67,5262000,984606165,0.0
10/08/2023,-5100,-411070000,80.6(-1.10 %),2600,209720000,7700,620790000,984611265,0.0
11/08/2023,-10700,-850860000,79.9(-0.99 %),31000,2462570000,41700,3313430000,984621965,0.0
14/08/2023,-23797,-1868342400,78.5(-1.26 %),6203,486820000,30000,2355162400,984574462,3.78
15/08/2023,-64804,-5048812400,77.7(-1.02 %),12400,968380000,77204,6017192400,984603762,3.78
16/08/2023,5462,432074000,79.2(1.54 %),36700,2912280000,31238,2480206000,984628062,3.77
17/08/2023,7015,556099500,79.3(0.25 %),7015,556099500,0,0,984698251,3.77
18/08/2023,-200,-15020000,77.8(-1.89 %),13300,1044700000,13500,1059720000,984685189,3.77
21/08/2023,3800,295930000,78.2(-0.51 %),5500,428320000,1700,132390000,984679689,3.77
22/08/2023,-1300,-101030000,78(0.00 %),6400,499620000,7700,600650000,984686789,3.77
23/08/2023,18400,1439540000,78.3(0.38 %),74500,5826040000,56100,4386500000,984613989,3.78
24/08/2023,-107300,-8175950000,76.5(-2.17 %),36200,2759800000,143500,10935750000,984585489,3.78
25/08/2023,-7090,-544120000,77.5(1.71 %),1110,85280000,8200,629400000,984640479,3.77
28/08/2023,-79106,-5974236800,75.5(-1.69 %),17094,1293903200,96200,7268140000,984766885,3.77
29/08/2023,-34900,-2635130000,75.3(-0.26 %),23600,1778500000,58500,4413630000,984751485,3.77
30/08/2023,-67500,-5025950000,75.8(0.53 %),140600,10521140000,208100,15547090000,984707085,3.77
31/08/2023,-104500,-7832470000,75(0.40 %),29500,2218450000,134000,10050920000,984736085,3.77
05/09/2023,-16900,-1277950000,75(0.00 %),7200,545630000,24100,1823580000,984936985,3.76
06/09/2023,-42800,-3234340000,76(0.40 %),83100,6287930000,125900,9522270000,984853885,0.0
07/09/2023,-65000,-4926920000,75.6(-0.13 %),10600,802960000,75600,5729880000,985001385,3.76
08/09/2023,-73100,-5491180000,75.8(0.00 %),16700,1253700000,89800,6744880000,985110585,3.75
11/09/2023,-65398,-4908299000,74.8(-0.40 %),11002,826031000,76400,5734330000,985175183,3.75
12/09/2023,-5144,-386822300,75.8(1.07 %),11356,853917700,16500,1240740000,985253627,3.75
13/09/2023,-17050,-1288630000,75.1(-0.13 %),17350,1310720000,34400,2599350000,985312677,3.74
14/09/2023,11820,890296000,75.1(-0.53 %),39600,2983790000,27780,2093494000,985289577,3.74
15/09/2023,6200,465140000,75.3(0.00 %),24600,1848610000,18400,1383470000,985299377,3.74
18/09/2023,-17800,-1346660000,76(1.06 %),16800,1271880000,34600,2618540000,985317177,0.0
19/09/2023,-37100,-2840280000,76.7(1.32 %),8900,681010000,46000,3521290000,985347457,0.0
20/09/2023,-27800,-2164920000,78(1.83 %),18100,1409850000,45900,3574770000,985375257,0.0
21/09/2023,900,69710000,77.9(0.13 %),15300,1191220000,14400,1121510000,985321057,0.0
22/09/2023,-300,-25630000,77(-1.03 %),41400,3185250000,41700,3210880000,985371557,3.74
25/09/2023,1000,76310000,77.2(0.26 %),22700,1749900000,21700,1673590000,985363257,3.74
26/09/2023,-33000,-2501990000,75.5(-2.08 %),14800,1129000000,47800,3630990000,985390157,3.74
27/09/2023,-11800,-886270000,75.5(-0.79 %),3700,277610000,15500,1163880000,985386457,0.0
28/09/2023,8300,626450000,75.1(0.00 %),30300,2278150000,22000,1651700000,985377857,0.0
29/09/2023,-16879,-1264698600,74.9(-0.27 %),3321,248761400,20200,1513460000,985437836,3.74
02/10/2023,-1812,-135288800,75.2(0.40 %),5000,377130000,6812,512418800,985454836,3.74
03/10/2023,-15728,-1175553600,75.2(0.13 %),12400,924360000,28128,2099913600,985462636,3.74
04/10/2023,-10800,-803030000,74.5(-0.13 %),8100,603330000,18900,1406360000,985461348,3.74
05/10/2023,-14500,-1082130000,74.6(0.27 %),2000,149220000,16500,1231350000,985487476,3.74
06/10/2023,-17730,-1323707700,74.3(-0.40 %),2770,206502300,20500,1530210000,985503606,3.73
09/10/2023,13900,1035360000,74.4(-0.27 %),30000,2234970000,16100,1199610000,985490106,3.74
10/10/2023,-9700,-721800000,74.4(-0.13 %),2600,193440000,12300,915240000,985508006,3.73
11/10/2023,-36690,-2719324000,74.4(0.00 %),7610,564346000,44300,3283670000,985516496,3.73
12/10/2023,-50500,-3742390000,74(-0.27 %),6000,444430000,56500,4186820000,985522796,3.73
13/10/2023,-6500,-481470000,74.1(0.00 %),2500,185110000,9000,666580000,985564596,3.73
16/10/2023,-2400,-178800000,74(-0.13 %),2600,192010000,5000,370810000,985618496,3.73
17/10/2023,43000,3186330000,74.3(0.27 %),136200,10092300000,93200,6905970000,985582296,3.73
18/10/2023,5300,392280000,73.7(-0.54 %),7600,562480000,2300,170200000,985579696,3.73
19/10/2023,-1800,-131740000,73.3(-0.81 %),39000,2854548000,40800,2986288000,985580896,3.73
20/10/2023,-991,-74095000,74.2(1.37 %),39209,2902000400,40200,2976095400,985582087,3.73
23/10/2023,200,14740000,73.7(-0.41 %),200,14740000,0,0,985584687,3.73
24/10/2023,-3000,-220360000,73.2(-0.81 %),19000,1391260000,22000,1611620000,985580687,0.0
25/10/2023,-44200,-3226480000,72.8(-0.55 %),27800,2029200000,72000,5255680000,985582787,3.73
26/10/2023,-16892,-1208501600,71.1(-2.60 %),6408,459738400,23300,1668240000,985555579,3.73
27/10/2023,-41100,-2903480000,70.4(-1.81 %),6200,440100000,47300,3343580000,985621379,3.73
30/10/2023,12500,879800000,70.7(0.00 %),101000,7114440200,88500,6234640200,985616579,3.73
31/10/2023,-4797,-337094000,69.8(-0.99 %),6903,483336000,11700,820430000,985656976,3.73
01/11/2023,-19390,-1356777000,69.9(-0.29 %),5910,413683000,25300,1770460000,985666666,3.73
02/11/2023,-4700,-330210000,70.2(0.43 %),2900,203770000,7600,533980000,985675466,3.73
03/11/2023,-3400,-238050000,70(-0.28 %),3200,225840000,6600,463890000,985697566,3.73
06/11/2023,-21000,-1472390000,69.8(-0.57 %),1900,133100000,22900,1605490000,985703266,3.73
07/11/2023,18100,1292410000,72.4(3.28 %),50900,3616700000,32800,2324290000,985685166,0.0
08/11/2023,-24000,-1716700000,71.9(1.27 %),5100,365230000,29100,2081930000,985676766,3.73
09/11/2023,-61000,-4319750000,70.4(-1.40 %),10000,706550000,71000,5026300000,985699566,3.73
10/11/2023,-5600,-392450000,70(-1.13 %),3300,231110000,8900,623560000,985725366,3.72
13/11/2023,-600,-41800000,70(-0.14 %),3300,232470000,3900,274270000,985793066,3.72
14/11/2023,1402,98941600,70.6(0.57 %),60502,4272701800,59100,4173760200,985800564,3.72
15/11/2023,28111,1999370200,71.1(0.71 %),28121,2000075200,10,705000,985776343,3.72
16/11/2023,3880,281374800,72.5(1.97 %),5580,404124800,1700,122750000,985772463,0.0
17/11/2023,8800,639410000,73(0.97 %),9200,668530000,400,29120000,985761573,3.72
20/11/2023,3200,229980000,71.7(-1.24 %),3200,229980000,0,0,985760073,3.72
21/11/2023,8000,573620000,71.8(-0.14 %),13000,932490000,5000,358870000,985747473,3.72
22/11/2023,-39900,-2832920000,71.7(-0.14 %),62700,4462800000,102600,7295720000,985734773,3.72
23/11/2023,-84090,-5892020000,69.7(-1.97 %),88110,6165710000,172200,12057730000,985818863,0.0
24/11/2023,-39300,-2716060000,69(-1.43 %),49900,3451150000,89200,6167210000,985858163,0.0
27/11/2023,5200,357660000,68.7(-0.72 %),23900,1647040000,18700,1289380000,985852963,0.0
28/11/2023,4300,295440000,69(0.15 %),27300,1868200000,23000,1572760000,985848663,0.0
29/11/2023,-36701,-2498398700,68.6(0.29 %),105700,7213770000,142401,9712168700,985885364,0.0
30/11/2023,-37900,-2578590000,67.9(-0.44 %),4700,319640000,42600,2898230000,985923264,0.0
01/12/2023,-17300,-1171380000,67.7(-0.59 %),8200,557370000,25500,1728750000,985787663,0.0
04/12/2023,-16300,-1110760000,67.2(-0.88 %),4800,318670000,21100,1429430000,985803963,0.01
05/12/2023,-10000,-672680000,67.1(0.30 %),100,6720000,10100,679400000,985813963,0.01
06/12/2023,-25200,-1696130000,67.7(0.45 %),6500,437330000,31700,2133460000,985839163,0.01
07/12/2023,-39200,-2628390000,66.7(-0.74 %),1100,74240000,40300,2702630000,985878363,0.01
08/12/2023,-73400,-4885330000,66.3(-1.34 %),1700,113060000,75100,4998390000,985951763,0.0
11/12/2023,-9000,-598140000,66.6(0.00 %),200,13300000,9200,611440000,985960763,0.0
12/12/2023,-224000,-14300920000,65.8(-0.90 %),12400,817940000,236400,15118860000,986184763,0.0
13/12/2023,-41000,-2675980000,64.8(-0.92 %),23500,1528580000,64500,4204560000,986225763,0.0
14/12/2023,-81000,-5179010000,64.5(-0.92 %),703300,46854450000,784300,52033460000,986306763,0.0
15/12/2023,-14997,-950096500,64.5(0.78 %),513313,30661890600,528310,31611987100,986321760,0.0
18/12/2023,26200,1691910000,64.4(1.10 %),27300,1763410000,1100,71500000,986295560,0.0
19/12/2023,-58200,-3687380000,63.8(-1.24 %),28800,1830720000,87000,5518100000,986353760,0.01
20/12/2023,-254248,-15725778800,62.3(-1.89 %),28552,1779401200,282800,17505180000,986730409,0.0
21/12/2023,-198370,-12150053900,61.5(-0.81 %),181200,11076440000,379570,23226493900,986928779,0.0
22/12/2023,-74800,-4622200000,62.2(1.47 %),41500,2557230000,116300,7179430000,987003579,0.0
25/12/2023,-47400,-2990300000,64(3.39 %),111700,7117050000,159100,10107350000,987050979,0.0
26/12/2023,-37800,-2445610000,64.8(1.89 %),273800,16960780000,311600,19406390000,986906179,3.67
27/12/2023,15000,968730000,64.3(-0.92 %),402900,25318360000,387900,24349630000,986733279,0.0
28/12/2023,-59600,-3808440000,63.6(-1.24 %),125400,8006920000,185000,11815360000,986766979,0.0
29/12/2023,-68300,-4091790000,66(3.45 %),319300,20337670000,387600,24429460000,986717179,3.68
02/01/2024,-398600,-24375860000,63.9(0.79 %),80200,5168780000,478800,29544640000,986821952,3.67
03/01/2024,24925,1635089500,65.8(2.02 %),24925,1635089500,0,0,986612054,0.01
04/01/2024,36600,2405070000,65.2(-0.61 %),57400,3766870000,20800,1361800000,986575454,0.03
05/01/2024,-9200,-597980000,65.4(-0.30 %),22800,1483600000,32000,2081580000,986584654,0.05
08/01/2024,48300,3161840000,65.4(0.62 %),48300,3161840000,0,0,986536354,0.05
09/01/2024,-256700,-15977170000,65.6(0.31 %),44800,2956280000,301500,18933450000,987543000,3.64
10/01/2024,110,7224000,65.3(-1.06 %),110,7224000,0,0,987542848,3.64
11/01/2024,30617,1985641000,65(-0.46 %),853517,53265741000,822900,51280100000,987790848,3.63
12/01/2024,58909,3805030400,64.5(-0.92 %),858909,53721830400,800000,49916800000,986703418,0.05
15/01/2024,-1299,-83785500,64.2(-0.62 %),2701,174214500,4000,258000000,987752100,3.63
16/01/2024,10601,683784400,64.3(-0.16 %),14301,919214400,3700,235430000,987737800,3.63
17/01/2024,-282100,-18170550000,65.7(2.82 %),81000,5254640000,363100,23425190000,987660800,3.64
18/01/2024,-1087300,-71544490000,65.1(0.62 %),112800,7301980000,1200100,78846470000,988063516,0.0
19/01/2024,-46700,-2987500000,66.5(2.62 %),28400,1879130000,75100,4866630000,988110216,0.0
22/01/2024,14400,950930000,65.7(-0.61 %),25500,1684620000,11100,733690000,988095816,0.0
23/01/2024,31805,2083398500,65.9(-0.30 %),31905,2089958500,100,6560000,988064011,0.05
24/01/2024,24010,1586520000,66.3(1.22 %),24310,1606290000,300,19770000,988040001,0.05
25/01/2024,192700,13150690000,69.1(4.70 %),193000,13171280000,300,20590000,987847301,0.06
26/01/2024,97400,6927000000,72(5.57 %),183700,13054980000,86300,6127980000,987749901,0.05
29/01/2024,-1800,-125330000,69.7(-1.97 %),3200,226510000,5000,351840000,988711800,3.59
30/01/2024,186100,13395940400,72.2(2.41 %),186600,13431870400,500,35930000,988611500,3.59
31/01/2024,101600,7675400000,77.4(7.65 %),207500,15752510000,105900,8077110000,988409000,3.6
01/02/2024,1402,113124000,78.4(3.29 %),19802,1546864000,18400,1433740000,988389199,0.0
02/02/2024,4200,320690000,77.8(0.00 %),9700,743450000,5500,422760000,988389700,3.6
05/02/2024,73527,5864236800,80.9(5.06 %),76000,6061610000,2473,197373200,988409899,0.0
06/02/2024,52501,4194999200,80.5(1.00 %),55001,4394069200,2500,199070000,988378800,3.6
07/02/2024,2700,220910000,79.9(0.00 %),7400,596190000,4700,375280000,988373900,3.6
15/02/2024,43000,3420450000,80(0.00 %),64100,5108940000,21100,1688490000,988312256,3.61
16/02/2024,156500,12574290000,82.5(3.00 %),162500,13064300000,6000,490010000,988154500,3.61
19/02/2024,-3300,-260620000,81.6(1.12 %),41600,3390880000,44900,3651500000,988133952,3.61
20/02/2024,125200,10125200000,82(0.00 %),130100,10523590000,4900,398390000,988009856,3.62
21/02/2024,149780,12328352000,83.5(2.96 %),152500,12550590000,2720,222238000,987902300,3.62
22/02/2024,8000,653660000,83(0.48 %),11900,980360000,3900,326700000,987902300,3.62
23/02/2024,97600,7962060000,81.5(-1.57 %),99500,8120160000,1900,158100000,987795771,0.0
26/02/2024,24400,1958020000,81.1(-0.73 %),25200,2023120000,800,65100000,987777200,3.63
27/02/2024,48815,4025548000,82.5(2.10 %),247715,20388976300,198900,16363428300,987623576,0.0
28/02/2024,55638,4592053800,83.6(1.58 %),130200,10742900000,74562,6150846200,987495276,0.0
29/02/2024,83500,6877150000,83.2(0.73 %),84500,6959890000,1000,82740000,987516352,3.64
01/03/2024,91900,7672670000,83.8(1.45 %),105900,8843680000,14000,1171010000,987410476,0.0
04/03/2024,-164403,-14048799000,86(3.37 %),294400,25113520000,458803,39162319000,987390638,0.0
05/03/2024,-32800,-2827450000,85.5(0.00 %),12600,1084550000,45400,3912000000,987393000,3.65
06/03/2024,38100,3209240000,84.9(-1.51 %),40700,3428770000,2600,219530000,987352338,0.0
07/03/2024,3200,269020000,84.4(0.00 %),96900,8168480000,93700,7899460000,987514241,0.0
08/03/2024,22000,1826580000,84.2(0.00 %),29200,2427460000,7200,600880000,987530441,0.0
11/03/2024,3300,262570000,84.1(0.72 %),16800,1399620000,13500,1137050000,987516241,0.0
12/03/2024,-89600,-7706710000,86.5(3.10 %),138600,11894250000,228200,19600960000,987478500,3.64
13/03/2024,55200,4980220000,90(4.90 %),156300,13942620000,101100,8962400000,987335741,3.65
14/03/2024,8100,722900000,89.5(1.02 %),8200,731880000,100,8980000,987327541,0.0
15/03/2024,-105600,-9385570000,89.4(0.45 %),100,8990000,105700,9394560000,987555641,0.0
18/03/2024,-10000,-865960000,86.6(-2.91 %),1800,159090000,11800,1025050000,987655040,3.64
19/03/2024,-71083,-6063748900,85(-3.41 %),51446,4394543600,122529,10458292500,987709300,3.63
20/03/2024,-56076,-4769477600,87.5(1.86 %),97224,8249492400,153300,13018970000,987662071,0.0
21/03/2024,-35997,-3117160500,86.5(1.65 %),15403,1315919500,51400,4433080000,987658468,0.0
22/03/2024,58810,5005970000,85.6(-0.47 %),58810,5005970000,0,0,987722187,0.0
25/03/2024,16910,1407249000,83.9(-1.87 %),70310,5928669000,53400,4521420000,987806600,3.63
26/03/2024,-21990,-1868833000,84.5(-0.12 %),18510,1547987000,40500,3416820000,987788067,0.0
27/03/2024,-1600,-152490000,84.3(0.24 %),31600,2645240000,33200,2797730000,987809856,3.63
28/03/2024,-8500,-720980000,84.8(0.59 %),400,33770000,8900,754750000,987850000,3.63
29/03/2024,43410,3674785000,84.8(0.12 %),50010,4235975000,6600,561190000,987833152,3.63
01/04/2024,8700,726240000,84.7(0.00 %),11700,981240000,3000,255000000,987830336,3.63
02/04/2024,19200,1611770000,84(-0.36 %),32200,2704450000,13000,1092680000,987798157,0.0
03/04/2024,27100,2253100000,84.1(0.12 %),51800,4327930000,24700,2074830000,987755968,3.63
04/04/2024,39430,3285175000,83.8(0.00 %),42030,3502005000,2600,216830000,987713927,0.0
05/04/2024,15000,1246410000,84.9(1.68 %),20000,1670000000,5000,423590000,987731648,3.63
08/04/2024,102000,8548020000,84.4(-0.12 %),102000,8548020000,0,0,987629627,0.0
09/04/2024,45400,3804300000,84.4(0.72 %),80100,6736450000,34700,2932150000,987552127,0.0
10/04/2024,25100,2125990000,85.3(1.31 %),50500,4300240000,25400,2174250000,987506627,0.0
11/04/2024,96000,8047160000,84.3(-1.29 %),120400,10098670000,24400,2051510000,987420900,3.65
12/04/2024,93600,7954810000,84.9(1.07 %),100500,8544120000,6900,589310000,987345856,3.65
15/04/2024,-92700,-8084150000,85(0.00 %),152000,13042750000,244700,21126900000,987193827,0.0
16/04/2024,47970,4092018000,86.5(0.12 %),88500,7500570000,40530,3408552000,987129727,0.0
17/04/2024,229100,19345110000,85.5(1.18 %),240600,20338800000,11500,993690000,986896027,0.0
19/04/2024,122730,10244628000,84.4(-0.71 %),183030,15281898000,60300,5037270000,986957697,0.0
22/04/2024,55200,4610460000,84.3(0.72 %),56700,4736660000,1500,126200000,986953000,3.67
23/04/2024,-4700,-414450000,83.9(0.12 %),75300,6270180000,80000,6684630000,986938048,3.67
24/04/2024,-152500,-12667180000,83.9(0.00 %),59100,4910260000,211600,17577440000,986878927,0.0
25/04/2024,-90570,-7337558000,81.8(-1.68 %),33030,2665322000,123600,10002880000,986847397,0.0
26/04/2024,105732,8749945800,83.4(2.84 %),110232,9122775800,4500,372830000,987028736,3.66
02/05/2024,-95200,-8321240000,90(8.83 %),2400,212600000,97600,8533840000,987149952,3.66
03/05/2024,9840,920294000,94.4(6.91 %),11300,1055990000,1460,135696000,987143200,3.66
06/05/2024,-147091,-14360372500,98.2(5.25 %),5209,507297500,152300,14867670000,987235600,3.66
07/05/2024,53500,5250860000,97.9(0.20 %),98600,9672350000,45100,4421490000,987138400,3.66
08/05/2024,17612,1687644000,98.8(0.92 %),126712,12263044000,109100,10575400000,987164000,3.66
09/05/2024,3500,364520000,99.8(2.89 %),104700,10559850000,101200,10195330000,987104400,3.66
10/05/2024,-9800,-968830000,99.9(-0.99 %),2100,206390000,11900,1175220000,987211400,3.66
13/05/2024,-195200,-18883770000,96.1(-2.83 %),150800,14562728000,346000,33446498000,987249800,3.65
14/05/2024,-30010,-2857260000,98.5(1.86 %),356900,34957830000,386910,37815090000,987082904,0.0
15/05/2024,-24000,-2372980000,97.9(0.20 %),433100,42756333300,457100,45129313300,986908004,0.0
16/05/2024,-23090,-2283048200,97.9(-0.91 %),104810,10283131800,127900,12566180000,987061194,0.0
17/05/2024,-29800,-2999320000,99(1.02 %),355000,35354670000,384800,38353990000,987113900,3.66
20/05/2024,-53000,-5311310000,99.6(0.00 %),100000,10142260000,153000,15453570000,987141800,3.66
21/05/2024,4402,425750000,97.5(-3.75 %),7402,728380000,3000,302630000,987519200,3.64
22/05/2024,104300,10241110000,98.1(-0.20 %),110600,10864530000,6300,623420000,987561600,3.64
23/05/2024,84290,8279279000,100(1.94 %),101000,9917740000,16710,1638461000,987463600,3.64
24/05/2024,15000,1417600000,98(-0.20 %),101000,10013690000,86000,8596090000,987362602,0.0
27/05/2024,-40230,-3824010000,98.5(-0.91 %),139800,13581500000,180030,17405510000,987345800,3.65
28/05/2024,-104300,-10517680000,101.8(4.95 %),132800,13533770000,237100,24051450000,987299000,3.65
29/05/2024,137162,14068848800,103(1.48 %),250900,25721220000,113738,11652371200,987128100,3.66
30/05/2024,-27099,-2713371800,100.5(-2.05 %),121801,12160668200,148900,14874040000,987243456,3.65
31/05/2024,-48400,-5061130000,103.5(4.12 %),14100,1443300000,62500,6504430000,987343100,3.65
03/06/2024,1300,180740000,111.9(6.98 %),25800,2853430000,24500,2672690000,987317279,0.0
04/06/2024,-50800,-5806420000,116(5.45 %),143700,16374640000,194500,22181060000,987322479,0.0
05/06/2024,-115000,-13119730000,113(-0.96 %),145700,16634320000,260700,29754050000,987239279,0.0
06/06/2024,-2540,-298699500,114.3(0.18 %),40500,4592290000,43040,4890989500,987417779,3.65
07/06/2024,0,0,116(2.38 %),0,0,0,0,987538779,3.64
10/06/2024,-97300,-11369830000,121.9(5.63 %),28400,3368370000,125700,14738200000,987510379,0.0
11/06/2024,-164100,-19837120000,121.2(1.59 %),92100,11150320000,256200,30987440000,987674479,0.0
12/06/2024,132601,16223962500,123.5(1.90 %),284901,34696162500,152300,18472200000,987674774,3.63
13/06/2024,-65600,-8183200000,135.6(10.87 %),94700,12392990000,160300,20576190000,987786274,3.63
14/06/2024,-320450,-42458865000,129.3(0.00 %),138350,18444965000,458800,60903830000,987650224,3.64
17/06/2024,-179800,-23572620000,131.6(-0.98 %),1100,142370000,180900,23714990000,987809424,3.63
18/06/2024,-22200,-2922160000,131.2(0.61 %),103000,13528510000,125200,16450670000,988265224,3.61
19/06/2024,-41400,-5348860000,131.9(0.23 %),14800,1935370000,56200,7284230000,988431324,3.6
20/06/2024,45700,6108100000,134.4(3.70 %),58000,7749270000,12300,1641170000,988398524,3.6
21/06/2024,-48250,-6481299200,135.3(1.05 %),88250,11990050800,136500,18471350000,988366474,3.6
24/06/2024,-87550,-11284023600,127.6(-6.11 %),77500,9942810000,165050,21226833600,988301274,3.61
25/06/2024,7400,926940000,126(-1.56 %),19200,2418640000,11800,1491700000,988418574,3.6
26/06/2024,5700,724420000,128(2.40 %),13400,1710340000,7700,985920000,988570224,3.59
27/06/2024,-41500,-5236580000,125.5(-1.18 %),62400,7806120000,103900,13042700000,988519624,3.6
28/06/2024,-10363,-1312921500,122(-2.32 %),58337,7140608500,68700,8453530000,988468987,3.6
03/07/2024,-247998,-29154002000,117(-2.26 %),62402,7355888000,310400,36509890000,988483681,0.0
04/07/2024,-8095,-968925700,121.1(2.98 %),705,84694300,8800,1053620000,988491776,0.0
05/07/2024,20400,2539710000,124.5(3.66 %),26400,3275610000,6000,735900000,988471376,0.0
08/07/2024,-1711802,-200543129000,125(1.13 %),63500,7904840000,1775302,208447969000,990183178,0.0
09/07/2024,-12800,-1569470000,123(-1.68 %),3300,408260000,16100,1977730000,990195978,0.0
10/07/2024,-15101,-1826518000,120(-2.20 %),1999,242762000,17100,2069280000,990211079,0.0
11/07/2024,1753128,205786374000,121(0.00 %),1776228,208542924000,23100,2756550000,988457951,0.0
12/07/2024,2200,266430000,120.8(0.67 %),170400,20603492000,168200,20337062000,988455751,0.0
15/07/2024,-1742900,-200166630000,118.5(-1.99 %),31200,3685890000,1774100,203852520000,990198651,0.0
16/07/2024,2900,246700000,116(-2.11 %),79000,9181090000,76100,8934390000,990195751,0.0
17/07/2024,334615,37676515000,113.7(-2.65 %),541370,60902876000,206755,23226361000,989861136,0.0
18/07/2024,1699900,185074937700,110.9(-1.51 %),2049200,223905927700,349300,38830990000,988161236,0.0
19/07/2024,40000,4333710000,108.9(0.09 %),47600,5158060000,7600,824350000,988121236,0.0
22/07/2024,111700,11840670000,108(-0.46 %),113500,12031920000,1800,191250000,988009536,0.0
23/07/2024,-16000,-1691670000,107.3(1.61 %),44100,4713470000,60100,6405140000,988025536,0.0
24/07/2024,3826,517328000,108(1.50 %),54326,5846758000,50500,5329430000,988021710,0.0
25/07/2024,39800,4405370000,111.8(5.17 %),171800,19036610000,132000,14631240000,987981910,0.0
26/07/2024,139622,16047661000,115.1(4.26 %),182722,21001492400,43100,4953831400,987842288,0.0
29/07/2024,-3000,-367840000,117.5(2.44 %),69000,8117110000,72000,8484950000,987845288,0.0
30/07/2024,73200,8643320000,118(0.43 %),116700,13755110000,43500,5111790000,987772088,0.0
31/07/2024,57711,6634226100,115.9(-1.45 %),163311,18725036100,105600,12090810000,987714377,0.0
01/08/2024,76981,8643148200,113(-1.48 %),90381,10134268200,13400,1491120000,987934896,0.0
02/08/2024,22000,2543930000,114.4(2.23 %),34600,3935680000,12600,1391750000,987912896,0.0
05/08/2024,-33700,-3704370000,107(-4.46 %),26900,2887390000,60600,6591760000,987946596,0.0
06/08/2024,-625200,-64491150000,102(-5.99 %),40900,4213060000,666100,68704210000,988571796,0.0
07/08/2024,-100200,-10285250000,101.7(-1.45 %),33300,3434410000,133500,13719660000,988671996,0.0
08/08/2024,14900,1541420000,103.5(0.39 %),33500,3453020000,18600,1911600000,988657096,0.0
09/08/2024,204140,21933050400,109.9(6.80 %),205440,22072350400,1300,139300000,988452956,0.0
12/08/2024,26900,2925420000,109.6(2.62 %),27900,3033220000,1000,107800000,988426056,0.0
13/08/2024,-83471,-9019667600,108.7(0.46 %),16829,1829542400,100300,10849210000,988509527,0.0
14/08/2024,47500,5126810000,109(0.55 %),49000,5290310000,1500,163500000,988462027,0.0
15/08/2024,14910,1598768000,107(-0.56 %),15510,1662968000,600,64200000,988447117,0.0
16/08/2024,17417,1899534500,109.5(2.24 %),20217,2203844500,2800,304310000,988429700,0.0
19/08/2024,151890,17390465000,112.5(3.21 %),160800,18388020000,8910,997555000,988277810,0.0
20/08/2024,32976,3733036800,113.9(1.88 %),39300,4449940000,6324,716903200,988244834,0.0
21/08/2024,31750,3608700000,113.9(0.80 %),33700,3829700000,1950,221000000,988213084,0.0
22/08/2024,14005,1591785000,113.7(0.44 %),21605,2452145000,7600,860360000,988199079,0.0
23/08/2024,33407,3887271700,112(-1.06 %),64807,7387741700,31400,3500470000,988165672,0.0
26/08/2024,19850,2179730000,109.9(-1.52 %),19850,2179730000,0,0,988145822,0.0
27/08/2024,22300,2449020000,110(-0.18 %),31200,3416120000,8900,967100000,988123522,0.0
28/08/2024,-850,-87113600,109.9(1.10 %),13500,1482310000,14350,1569423600,988124372,0.0
29/08/2024,20000,2201750000,109.8(0.37 %),34000,3725150000,14000,1523400000,988104372,0.0
30/08/2024,23400,2581390000,110(0.82 %),51200,5638060000,27800,3056670000,988080972,0.0
04/09/2024,1600,175680000,109.4(-0.36 %),3300,362680000,1700,187000000,988198372,0.0
05/09/2024,22400,2421540000,108(-0.92 %),23400,2529940000,1000,108400000,988175972,0.0
06/09/2024,12620,1349309000,107(-1.20 %),13020,1392149000,400,42840000,988163352,0.0
09/09/2024,-13634,-1444944900,106(-0.56 %),3466,368285100,17100,1813230000,988176986,0.0
10/09/2024,50038,5322834000,106.5(0.38 %),105638,11227374000,55600,5904540000,988126948,0.0
11/09/2024,23000,2437990000,107.6(1.22 %),28500,3032000000,5500,594010000,988103948,0.0
12/09/2024,14000,1497640000,107(0.00 %),16500,1765980000,2500,268340000,988089948,0.0
13/09/2024,35100,3756110000,106.9(-0.37 %),75200,8043310000,40100,4287200000,988054848,0.0
16/09/2024,45400,4850280000,106.9(-0.09 %),49400,5274680000,4000,424400000,988009448,0.0
17/09/2024,-18200,-1932300000,106.1(-0.47 %),4000,424370000,22200,2356670000,988027648,0.0
18/09/2024,-77900,-8341000000,106.3(0.09 %),7100,758480000,85000,9099480000,988105548,0.0
19/09/2024,-97580,-10343134000,106.1(-0.93 %),7920,841286000,105500,11184420000,988203128,0.0
20/09/2024,78700,8496480000,108(1.79 %),111700,12057970000,33000,3561490000,988124428,0.0
23/09/2024,-500,-53510000,106.6(-1.20 %),1300,139700000,1800,193210000,988124928,0.0
24/09/2024,10300,1093500000,106.1(-0.84 %),14500,1540310000,4200,446810000,988114628,0.0
25/09/2024,-59495,-6313008500,106(-0.19 %),12710,1349803000,72205,7662811500,988174123,0.0
26/09/2024,-13500,-1435140000,105.7(-0.56 %),6800,720220000,20300,2155360000,988187623,0.0
27/09/2024,-6620,-698262800,105.1(-0.66 %),4500,473730000,11120,1171992800,988194243,0.0
30/09/2024,-10946,-1139654000,103.8(-1.52 %),8620,894340000,19566,2033994000,988205189,0.0
01/10/2024,1828,189314800,103.8(-0.10 %),5228,543594800,3400,354280000,988197461,0.0
02/10/2024,1500,153890000,102.7(-1.25 %),18600,1914050000,17100,1760160000,988195961,0.0
03/10/2024,3300,340460000,102.9(0.00 %),3800,391990000,500,51530000,988192661,0.0
04/10/2024,-9300,-954250000,102(-1.07 %),4700,479750000,14000,1434000000,988201961,0.0
07/10/2024,3800,386290000,102(-0.10 %),8600,877750000,4800,491460000,988198161,0.0
08/10/2024,67594,6917966800,103.7(1.47 %),117700,12031350000,50106,5113383200,988130567,0.0
09/10/2024,22825,2447794300,109(6.55 %),332100,35688980000,309275,33241185700,988107742,0.0
10/10/2024,7414,824034600,108(0.75 %),47814,5203604600,40400,4379570000,988100328,0.0
11/10/2024,187700,20914910000,113.4(4.13 %),195100,21739620000,7400,824710000,987912628,0.0
14/10/2024,71872,8084110800,113(1.53 %),81400,9152990000,9528,1068879200,987840756,0.0
15/10/2024,142300,16224520000,113.8(1.52 %),147900,16861220000,5600,636700000,987698456,0.0
16/10/2024,186400,21432940000,115.5(1.32 %),220400,25342730000,34000,3909790000,987512056,0.0
17/10/2024,68700,7885390000,115.1(0.26 %),70400,8080490000,1700,195100000,987443356,0.0
18/10/2024,100900,11659320000,115.7(1.05 %),107000,12364360000,6100,705040000,987342456,0.0
21/10/2024,66050,7586335000,115.5(-0.09 %),71500,8211500000,5450,625165000,987276406,0.0
22/10/2024,90289,10282860500,114(-0.61 %),92000,10476860000,1711,193999500,987186117,0.0
23/10/2024,99000,11247860000,114.3(0.70 %),100000,11362760000,1000,114900000,987087117,0.0
24/10/2024,80900,9509260000,117(3.17 %),114700,13494600000,33800,3985340000,987006217,0.0
25/10/2024,32700,3830120000,117.7(0.00 %),68500,8017740000,35800,4187620000,986973517,0.0
28/10/2024,-24300,-2810660000,115.4(-1.37 %),1900,220620000,26200,3031280000,986997817,0.0
29/10/2024,189800,22375270000,118(1.99 %),222300,26204250000,32500,3828980000,986808017,0.0
30/10/2024,28300,3339060000,117.6(-0.17 %),30300,3574060000,2000,235000000,986779717,0.0
31/10/2024,121900,14158260000,118(0.08 %),131100,15217160000,9200,1058900000,986657817,0.0
01/11/2024,14200,1637680000,116(0.96 %),15000,1731060000,800,93380000,986665703,0.0
04/11/2024,15600,1779180000,113.9(-1.21 %),16800,1915640000,1200,136460000,986650103,0.0
05/11/2024,5800,660670000,114.5(0.62 %),6000,683440000,200,22770000,986644303,0.0
06/11/2024,-16500,-1878140000,115(1.23 %),10300,1179520000,26800,3057660000,986660803,0.0
07/11/2024,-19000,-2277230000,118.3(3.68 %),9200,1083020000,28200,3360250000,986679803,0.0
08/11/2024,9620,1149159800,120(1.44 %),351900,42191420000,342280,41042260200,986670183,0.0
11/11/2024,2700,340290000,121.3(1.17 %),101000,12407677400,98300,12067387400,986667483,0.0
12/11/2024,-30800,-3684010000,122(-0.73 %),10900,1324680000,41700,5008690000,987755675,3.63
13/11/2024,5200,643310000,121.5(1.08 %),20000,2418150000,14800,1774840000,986693083,0.0
14/11/2024,13200,1573470000,118(-1.42 %),23000,2746920000,9800,1173450000,986679883,0.0
15/11/2024,36800,4318450000,117.8(-1.01 %),42500,4982890000,5700,664440000,986643083,0.0
18/11/2024,2700,330300000,120(3.18 %),10500,1256280000,7800,925980000,986640383,0.0
19/11/2024,-38996,-4774404700,120(0.84 %),20204,2419755300,59200,7194160000,986679379,0.0
20/11/2024,16575,1988760000,119.9(-1.07 %),35575,4254100000,19000,2265340000,986662804,0.0
21/11/2024,-5000,-603210000,120(1.01 %),11000,1318600000,16000,1921810000,986667804,0.0
22/11/2024,-25400,-3048480000,119.7(0.17 %),16400,1968140000,41800,5016620000,986693204,0.0
25/11/2024,-45800,-5497510000,118.7(-1.08 %),6900,823390000,52700,6320900000,986656504,3.68
26/11/2024,23160,2756120000,119.9(0.00 %),61300,7341470000,38140,4585350000,986637004,3.68
27/11/2024,-95600,-11560220000,122(1.92 %),103100,12540940000,198700,24101160000,986586604,3.68
28/11/2024,-124897,-15483609500,124.3(2.47 %),2103,260020500,127000,15743630000,986622641,3.68
29/11/2024,2619,327255900,125.7(1.29 %),115419,14572095900,112800,14244840000,986705922,3.68
02/12/2024,-850900,-118704260000,126.3(0.00 %),105100,13080210000,956000,131784470000,986777822,3.68
03/12/2024,-178353,-21842416000,122(-2.09 %),33200,4076290000,211553,25918706000,986857422,3.67
04/12/2024,493100,49916680000,122(-0.41 %),704700,75928150000,211600,26011470000,987058722,3.66
05/12/2024,-105900,-13384720000,122.5(0.00 %),122500,14507130000,228400,27891850000,987147775,3.66
09/12/2024,-69300,-8463070000,122(0.00 %),20000,2439820000,89300,10902890000,987545175,3.64
10/12/2024,-43200,-5254250000,121.5(-0.49 %),0,0,43200,5254250000,987666875,3.64
16/12/2024,-101284,-12175641600,120(1.27 %),63016,7548728400,164300,19724370000,987935059,3.62
17/12/2024,-389200,-52331400000,120(0.08 %),22600,2709890000,411800,55041290000,987975459,3.62
18/12/2024,-48700,-5796000000,119.9(0.00 %),31400,3738560000,80100,9534560000,988108359,3.62
19/12/2024,-48100,-5725660000,118.7(-0.25 %),3700,439390000,51800,6165050000,988516459,3.6
20/12/2024,38819,-1997012100,123.9(4.38 %),383400,39640020000,344581,41637032100,988213159,3.61
24/12/2024,0,0,126(0.32 %),0,0,0,0,988453340,3.6
25/12/2024,-10473,-1282688500,124.5(-0.64 %),90227,11292571500,100700,12575260000,988605513,3.59
26/12/2024,-82857,-10227331500,124.9(-0.08 %),150143,18624043500,233000,28851375000,989162670,3.57
27/12/2024,794350,89581313700,124.5(0.48 %),1073900,124124760000,279550,34543446300,988189470,3.61
30/12/2024,-57200,-6962230000,125.8(1.70 %),151100,18934980000,208300,25897210000,988271370,3.61
31/12/2024,-227800,-28353310000,125.9(1.04 %),104600,13026750000,332400,41380060000,988446320,3.6
02/01/2025,-298600,-37923960000,126.6(1.52 %),15400,1959660000,314000,39883620000,988639220,3.59
03/01/2025,-199750,-24888680000,123.5(-2.83 %),7750,972060000,207500,25860740000,988963870,3.58
06/01/2025,9950,1171265000,122.9(-1.36 %),39300,4812660000,29350,3641395000,989238570,3.56
07/01/2025,50200,6180820000,124(0.98 %),50600,6230020000,400,49200000,989188370,0.0
08/01/2025,11500,1414730000,123.7(0.49 %),11500,1414730000,0,0,989413320,3.56
09/01/2025,2000,243340000,123.3(-0.16 %),4100,504460000,2100,261120000,989409620,3.56
10/01/2025,-298200,-36210960000,120(-2.60 %),39500,4758210000,337700,40969170000,989370120,3.56
13/01/2025,24100,2904790000,121.4(-0.08 %),25200,3036050000,1100,131260000,989347020,3.56
14/01/2025,37600,4500970000,120(0.42 %),53300,6386170000,15700,1885200000,989631420,3.55
15/01/2025,-84450,-10063161800,119(-0.58 %),46650,5564990000,131100,15628151800,989585870,3.55
16/01/2025,-97629,-11651354600,119.5(0.17 %),2800,333880000,100429,11985234600,989583070,0.0
17/01/2025,-652300,-78910900000,122.5(2.68 %),28600,3502330000,680900,82413230000,989701270,3.54
20/01/2025,-101200,-12567690000,123.3(1.57 %),181100,22491230000,282300,35058920000,989620599,3.55
21/01/2025,-116400,-14217410000,122(-1.77 %),5100,625140000,121500,14842550000,990296399,3.51
22/01/2025,-167400,-20211250000,120.3(-1.39 %),6600,796400000,174000,21007650000,990572099,3.5
23/01/2025,-11600,-1385830000,122(0.99 %),58300,7094210000,69900,8480040000,990635299,3.5
24/01/2025,56100,5638830000,121.5(0.08 %),88500,9594440000,32400,3955610000,990720799,3.5
03/02/2025,0,0,0(0.00 %),0,0,0,0,990785699,3.49
04/02/2025,-88189,-10821271400,122.8(0.08 %),124411,15301068600,212600,26122340000,990693688,3.5
05/02/2025,-234100,-28781850000,123.2(0.41 %),5600,691900000,239700,29473750000,990746398,3.49
06/02/2025,10900,1359900000,124.8(0.81 %),10900,1359900000,0,0,990948098,3.48
07/02/2025,76100,9425030000,124.7(0.00 %),80000,9906720000,3900,481690000,991107798,3.48
10/02/2025,12800,1536810000,120(-2.60 %),12800,1536810000,0,0,991094998,3.48
11/02/2025,-63500,-7437040000,116.2(-3.65 %),46700,5467870000,110200,12904910000,991052198,3.48
12/02/2025,43900,5078350000,116.2(-1.19 %),45500,5263210000,1600,184860000,991006698,3.48
13/02/2025,-3600,-418370000,116(0.26 %),1600,184740000,5200,603110000,991115298,3.48
14/02/2025,-122800,-13932050000,112.3(-2.85 %),114700,12797210000,237500,26729260000,991002198,3.48
17/02/2025,-129656,-13990558400,106.8(-4.98 %),69144,7437721600,198800,21428280000,990938254,3.49
18/02/2025,-112800,-11882430000,105(-2.60 %),30800,3255440000,143600,15137870000,991144954,3.48
19/02/2025,-42045,-4574672700,108.9(3.22 %),4328,472963600,46373,5047636300,991339426,3.47
20/02/2025,85901,9524741500,111.4(2.67 %),125201,13881471500,39300,4356730000,991357825,3.47
21/02/2025,6500,710150000,109.8(-0.90 %),16300,1802330000,9800,1092180000,991387898,3.46
24/02/2025,-76900,-8144500000,109.2(-1.27 %),50800,5481450000,127700,13625950000,991376398,3.46
25/02/2025,-18100,-1943220000,107.4(0.28 %),500,53800000,18600,1997020000,991385698,3.46
26/02/2025,-12800,-1384880000,108(0.47 %),600,64840000,13400,1449720000,991512798,3.46
27/02/2025,-1500,-161260000,107.7(-0.46 %),3300,355060000,4800,516320000,991528098,3.46
28/02/2025,-81480,-8673936700,106.2(-1.21 %),19820,2108556000,101300,10782492700,991521678,3.46
03/03/2025,-74763,-7915925400,105.9(-0.56 %),1737,184014600,76500,8099940000,991524741,3.46
04/03/2025,-8600,-921090000,107.9(1.98 %),1500,161100000,10100,1082190000,991624541,3.45
05/03/2025,-94397,-10026457800,106(-1.30 %),2203,233842200,96600,10260300000,991698838,3.45
06/03/2025,-221630,-23294334400,104.5(-1.60 %),54530,5724819000,276160,29019153400,991654408,3.45
07/03/2025,-223300,-23298820000,105.8(0.76 %),25300,2670210000,248600,25969030000,991725708,3.45
10/03/2025,-145800,-15285080000,104.8(0.29 %),300,31540000,146100,15316620000,992001568,3.44
11/03/2025,-42650,-4380265700,104.8(-0.10 %),25700,2686250000,68350,7066515700,992001568,3.44
12/03/2025,-185100,-18975280000,104(0.39 %),76200,7854300000,261300,26829580000,992294368,3.42
13/03/2025,-47700,-4921510000,103(0.19 %),6300,647320000,54000,5568830000,992356418,3.42
14/03/2025,-518785,-52425563500,100.8(-2.70 %),29615,2983976500,548400,55409540000,992588103,3.41
17/03/2025,0,0,0(0.00 %),0,0,0,0,992636603,3.41
18/03/2025,-97900,-9918170000,101(-0.39 %),2100,213310000,100000,10131480000,993182903,3.38
19/03/2025,-113500,-11250980000,98.6(-2.67 %),7300,722750000,120800,11973730000,993275603,3.38
20/03/2025,-47370,-4599165000,97.8(-1.41 %),5430,527635000,52800,5126800000,993370173,3.37
21/03/2025,4500,440100000,97(-0.41 %),11000,1066500000,6500,626400000,993479973,3.37
24/03/2025,5400,543820000,100.5(3.82 %),11100,1106000000,5700,562180000,993521673,3.37
25/03/2025,8900,913820000,102.4(3.23 %),13600,1398010000,4700,484190000,993514573,3.37
26/03/2025,37825,3832780000,100.8(-1.66 %),37825,3832780000,0,0,993482448,3.37
27/03/2025,22550,2278650000,102(0.29 %),22850,2309040000,300,30390000,993464298,3.37
28/03/2025,2000,201400000,100.1(-0.10 %),2000,201400000,0,0,993462298,3.37
31/03/2025,110,10920000,99(-1.88 %),410,40370000,300,29450000,993462188,3.37
01/04/2025,-151105,-14910539500,99.1(0.30 %),695,68610500,151800,14979150000,993461493,3.37
02/04/2025,-53163,-5214596600,97.7(-1.01 %),137,13453400,53300,5228050000,993461656,3.37
03/04/2025,-88094,-7624529800,84.8(-13.47 %),196106,16901980200,284200,24526510000,993417350,3.37
04/04/2025,92014,7750800000,86.5(-1.14 %),169514,14016350000,77500,6265550000,993301136,3.38
08/04/2025,64906,5383097600,80.8(-2.06 %),143106,11792937600,78200,6409840000,993442230,3.37
09/04/2025,311910,25987233800,86.5(4.72 %),510800,42585500000,198890,16598266200,993008930,3.39
10/04/2025,-228000,-22018500000,96.6(15.00 %),30800,2975280000,258800,24993780000,993056330,3.39
11/04/2025,-460800,-43680400000,94.5(-1.97 %),19600,1861320000,480400,45541720000,993235620,3.38
14/04/2025,-112300,-10504360000,93.3(-1.48 %),447200,41592270000,559500,52096630000,993467220,3.37
15/04/2025,35600,3379100000,93.3(-0.21 %),190600,17444220000,155000,14065120000,993757020,3.36
16/04/2025,-105350,-9513435000,90.9(0.00 %),12250,1124975000,117600,10638410000,993884270,3.35
17/04/2025,-51730,-4610470000,90(-1.42 %),504770,45365634800,556500,49976104800,993791900,3.35
18/04/2025,-458650,-40937580000,89.4(-0.33 %),17750,1584150000,476400,42521730000,993891750,3.35
21/04/2025,-14900,-1308550000,87.8(-1.68 %),185100,16248380000,200000,17556930000,994005750,3.34
22/04/2025,590407,52505288700,90.3(2.85 %),644407,57354658700,54000,4849370000,993837743,3.35
23/04/2025,-17900,-1630230000,90.2(2.15 %),76400,6892020000,94300,8522250000,993961343,3.35
24/04/2025,19000,1695260000,90.3(-0.22 %),58500,5256210000,39500,3560950000,993956843,3.35
25/04/2025,103900,9416260000,90.9(1.11 %),153900,13947830000,50000,4531570000,993897243,3.35
28/04/2025,-29300,-2756750000,94.6(4.42 %),95500,9018290000,124800,11775040000,993881243,3.35
29/04/2025,-11600,-1102590000,94.1(-0.63 %),421400,39814770000,433000,40917360000,993859843,3.35
05/05/2025,16200,1557610000,93.5(-1.06 %),323200,30324952000,307000,28767342000,993928373,3.35
06/05/2025,-66700,-6177030000,93.3(-0.53 %),465900,43474868400,532600,49651898400,994011373,3.34
07/05/2025,-114300,-9570470000,93.2(-0.11 %),417300,38664740000,531600,48235210000,994011373,3.34
08/05/2025,-16300,-1563810000,95.5(3.02 %),21600,2061170000,37900,3624980000,994078033,3.34
09/05/2025,123800,12711400000,95(-0.52 %),168900,17026200000,45100,4314800000,994068600,3.34
12/05/2025,26300,2642100000,97.2(1.67 %),410900,40100880000,384600,37458780000,994058587,3.34
13/05/2025,10800,1098430000,97.7(0.00 %),383800,37551850000,373000,36453420000,994047783,3.34
14/05/2025,-31900,-3133350000,97.7(-0.20 %),92000,8998450000,123900,12131800000,994047783,3.34
15/05/2025,3500,338860000,97(-1.02 %),303500,29478460000,300000,29139600000,994044283,3.34
16/05/2025,1600,155070000,97.2(0.10 %),419600,40687570000,418000,40532500000,994074583,3.34
19/05/2025,1000,96000000,96(-1.03 %),165300,15868810000,164300,15772810000,994073682,3.34
20/05/2025,202000,19689370000,98(2.08 %),203700,19855480000,1700,166110000,993871682,3.35
21/05/2025,153500,15102180000,100.1(2.67 %),153500,15102180000,0,0,993718182,3.36
22/05/2025,36300,3576860000,98.8(-0.20 %),151800,15041390000,115500,11464530000,993681882,3.36
23/05/2025,-25600,-2622830000,102.4(3.33 %),261700,26776650000,287300,29399480000,993681882,3.36
26/05/2025,-83500,-8503670000,102(-0.29 %),323300,32794150000,406800,41297820000,993681882,3.36
27/05/2025,19000,1927990000,101.7(0.10 %),79700,8120670000,60700,6192680000,993688482,3.36
28/05/2025,-180900,-18207360000,99.9(-1.96 %),35600,3563290000,216500,21770650000,993771940,3.35
29/05/2025,-261700,-25755830000,97.5(-3.18 %),201700,19791600000,463400,45547430000,993771940,3.35
30/05/2025,-151100,-14496060000,97.8(-0.51 %),358500,34812600000,509600,49308660000,993952840,3.35
02/06/2025,-34600,-3344970000,96.8(0.21 %),17800,1720450000,52400,5065420000,994214540,3.33
03/06/2025,-135400,-13053680000,96.6(-0.10 %),21500,2085000000,156900,15138680000,994365640,3.33
04/06/2025,-357800,-34234480000,95.5(-1.14 %),253100,24227440000,610900,58461920000,994400240,3.33
05/06/2025,-356800,-33738490000,94.3(-1.46 %),7000,661260000,363800,34399750000,994535640,3.32
06/06/2025,-299000,-27793860000,93.5(-1.16 %),72900,6791890000,371900,34585750000,994893440,3.3
09/06/2025,-235600,-21672060000,91.9(-1.29 %),140800,13090580000,376400,34762640000,995250240,3.29
10/06/2025,-416600,-38004180000,90.9(-1.84 %),138700,12723720000,555300,50727900000,995549240,3.27
11/06/2025,-623400,-56106410000,89.7(-1.75 %),859800,77270790000,1483200,133377200000,995784840,3.26
12/06/2025,-368500,-33106280000,92.7(3.00 %),389000,35086370000,757500,68192650000,996202164,3.24
13/06/2025,24700,2283420000,92.4(0.22 %),34500,3185780000,9800,902360000,996800874,3.22
16/06/2025,27800,2557080000,92.9(0.65 %),229600,21160740000,201800,18603660000,997141574,3.2
17/06/2025,-223900,-20848875300,93.3(1.30 %),33100,3092840000,257000,23941715300,997141574,3.2
18/06/2025,-250800,-23283210000,92.6(-0.75 %),4200,389150000,255000,23672360000,997141574,3.2
19/06/2025,-53200,-4892780000,92.1(-0.86 %),8000,737620000,61200,5630400000,997365474,3.19
20/06/2025,22800,2100490000,92.1(0.00 %),123800,11402590000,101000,9302100000,997593474,3.18
23/06/2025,18200,1661910000,91.3(-0.76 %),75500,6883760000,57300,5221850000,997628474,3.18
24/06/2025,189500,17668300000,93.7(2.74 %),209700,19529060000,20200,1860760000,997438975,3.19
25/06/2025,-462200,-42832800000,93.8(0.75 %),40400,3781100000,502600,46613900000,997438975,3.19
26/06/2025,14000,1336250000,95.8(3.23 %),25500,2435790000,11500,1099540000,997424975,3.19
27/06/2025,-14100,-1359070000,97.2(1.89 %),3000,290550000,17100,1649620000,997887201,3.17
30/06/2025,9300,910910000,98.5(1.65 %),10300,1008810000,1000,97900000,997877901,3.17
01/07/2025,-88300,-8479980000,95.4(-2.65 %),82600,7905100000,170900,16385080000,997892001,3.17
02/07/2025,-146200,-13984410000,95.7(-0.10 %),5600,536040000,151800,14520450000,997892001,3.17
03/07/2025,-83100,-8038660000,97.1(1.46 %),23100,2226080000,106200,10264740000,997980301,3.16
04/07/2025,-58100,-5621170000,96.8(0.21 %),42700,4138810000,100800,9759980000,998126501,3.15
07/07/2025,-205900,-19648640000,96(-0.93 %),44600,4256260000,250500,23904900000,998209601,3.15
08/07/2025,-236200,-22421900000,94.8(-0.73 %),51400,4878770000,287600,27300670000,998267701,3.15
09/07/2025,-141900,-13452810000,94.9(0.00 %),27700,2627940000,169600,16080750000,998473601,3.14
10/07/2025,-416300,-39255460000,94(-0.95 %),36500,3454460000,452800,42709920000,998473601,3.14
11/07/2025,-459000,-42969520000,94(-0.32 %),129900,12167150000,588900,55136670000,998853451,3.12
14/07/2025,-283100,-26356980000,93.1(-0.64 %),180800,16824510000,463900,43181490000,999270941,3.1
15/07/2025,-57900,-5417850000,93.5(0.43 %),126500,11870160000,184400,17288010000,999799939,3.08
16/07/2025,-33400,-3141210000,93.9(0.11 %),25000,2348730000,58400,5489940000,1000083039,3.07
17/07/2025,-16300,-1534960000,93.7(-0.21 %),7500,705620000,23800,2240580000,1000083039,3.07
18/07/2025,-54200,-5207930000,95.2(1.38 %),46800,4411270000,101000,9619200000,1000174339,3.06
21/07/2025,-386200,-36496710000,93.9(-0.95 %),46500,4376720000,432700,40873430000,1000190592,3.06
22/07/2025,-341400,-32110510000,94(-0.95 %),25900,2437630000,367300,34548140000,1000244792,3.06
23/07/2025,167000,16105790000,96.2(2.23 %),306800,29293940000,139800,13188150000,1000467392,3.05
24/07/2025,-204200,-19734080000,96.4(1.15 %),23000,2218930000,227200,21953010000,1000811792,3.03
25/07/2025,-100200,-9782850000,97.4(0.72 %),48100,4708640000,148300,14491490000,1000811792,3.03
28/07/2025,-25200,-2468700000,98.6(0.92 %),302500,29814740000,327700,32283440000,1001015992,3.02
29/07/2025,-308900,-30504970000,96.4(-2.23 %),29100,2875920000,338000,33380890000,1001116192,3.02
30/07/2025,33400,3246800000,98(-1.31 %),37100,3606750000,3700,359950000,1001107092,3.02
31/07/2025,11400,1139480000,100.3(3.30 %),19200,1901630000,7800,762150000,1001404522,3.0
01/08/2025,5200,520080000,100.5(1.11 %),16700,1679970000,11500,1159890000,1001399322,3.0
04/08/2025,-329600,-33444830000,102(1.29 %),21100,2141020000,350700,35585850000,1001399322,3.0
05/08/2025,-46900,-4792500000,101.8(0.10 %),60500,6189580000,107400,10982080000,1001399322,3.0
06/08/2025,370000,38412980000,105.1(2.94 %),389600,40444720000,19600,2031740000,1001358812,3.01
07/08/2025,-513100,-34517440000,67.1(6.00 %),14500,980700000,527600,35498140000,1001405712,3.0
08/08/2025,-69000,-4579950000,66.7(-1.77 %),65400,4370370000,134400,8950320000,1001405712,3.0
11/08/2025,-326100,-21656430000,66.2(-0.90 %),30800,2054180000,356900,23710610000,1001920222,2.98
12/08/2025,-248800,-16250120000,65.1(-2.25 %),10400,683450000,259200,16933570000,1001989200,2.98
13/08/2025,-364300,-23477140000,64.5(-1.38 %),144300,9351520000,508600,32828660000,1002315341,2.96
14/08/2025,-418900,-26766270000,63.9(-1.24 %),63000,4025410000,481900,30791680000,1002564541,2.95
15/08/2025,-307800,-19823890000,64(0.16 %),54900,3534280000,362700,23358170000,1002928811,2.93
18/08/2025,-53700,-3431720000,63.6(-1.24 %),269600,17215740000,323300,20647460000,1003347711,2.92
19/08/2025,-78200,-4982180000,63.7(-0.31 %),53200,3389190000,131400,8371370000,1003655511,2.9
20/08/2025,-187700,-11810860000,62.7(-1.57 %),14600,918460000,202300,12729320000,1003709198,2.9
21/08/2025,-443100,-27694320000,62.5(-0.95 %),26600,1663790000,469700,29358110000,1003787398,2.89
22/08/2025,-138000,-8396960000,61.1(-2.24 %),40600,2443300000,178600,10840260000,1003787398,2.89
25/08/2025,-460200,-27749770000,59.8(-1.48 %),18300,1107860000,478500,28857630000,1003975058,2.89
