Ngay,KLGDRong,GTDGRong,ThayDoi,KLMua,GtMua,KLBan,GtBan,RoomConLai,DangSoHuu
02/01/2007,22000,1031600000,0(0.00 %),22000,1031600000,0,0,0,0.0
03/01/2007,7000,325630000,0(0.00 %),7000,325630000,0,0,0,0.0
04/01/2007,50000,2397700000,0(0.00 %),50000,2397700000,0,0,0,0.0
05/01/2007,183500,9262530000,0(0.00 %),190500,9616030000,7000,353500000,0,0.0
08/01/2007,222300,11431040000,0(0.00 %),222300,11431040000,0,0,0,0.0
09/01/2007,308000,16906680000,0(0.00 %),308000,16906680000,0,0,0,0.0
10/01/2007,47800,2853600000,0(0.00 %),47800,2853600000,0,0,0,0.0
11/01/2007,1809300,118590000000,0(0.00 %),1809300,118590000000,0,0,0,0.0
01/03/2007,345950,32893990000,92(-3.16 %),463820,44045140000,117870,11151150000,0,0.0
02/03/2007,446120,42251770000,95(3.26 %),498620,47239270000,52500,4987500000,0,0.0
05/03/2007,381120,36619540000,97(2.11 %),381120,36619540000,0,0,0,0.0
06/03/2007,-155260,-14361550000,92.5(-4.64 %),407400,37684500000,562660,52046050000,0,0.0
07/03/2007,1400,130000000,92.5(0.00 %),1400,130000000,0,0,0,0.0
08/03/2007,-15870,-1462040000,92(-0.54 %),4180,382560000,20050,1844600000,0,0.0
09/03/2007,-192320,-17308800000,90(-2.17 %),42890,3860100000,235210,21168900000,0,0.0
12/03/2007,-232330,-20218030000,86.5(-3.89 %),4280,371990000,236610,20590020000,0,0.0
13/03/2007,-301690,-25771240000,85(-1.73 %),103700,8815000000,405390,34586240000,0,0.0
14/03/2007,-235400,-19067400000,81(-4.71 %),1300,105300000,236700,19172700000,0,0.0
15/03/2007,-133620,-10288740000,77(-4.94 %),311660,23997820000,445280,34286560000,0,0.0
16/03/2007,-31550,-2508225000,79.5(4.61 %),50,3975000,31600,2512200000,0,0.0
19/03/2007,-841530,-68986030000,81(1.89 %),5450,451810000,846980,69437840000,0,0.0
20/03/2007,-142100,-11330120000,79(-2.47 %),6940,560540000,149040,11890660000,0,0.0
21/03/2007,-412390,-31888070000,77(-2.53 %),85090,6715730000,497480,38603800000,0,0.0
22/03/2007,-361340,-27707180000,76(-1.30 %),12770,990860000,374110,28698040000,0,0.0
23/03/2007,-359380,-27092160000,75(-1.32 %),77500,5908000000,436880,33000160000,0,0.0
26/03/2007,-157710,-11241060000,74(-1.33 %),332640,25244840000,490350,36485900000,0,0.0
27/03/2007,92730,7310720000,71(-4.05 %),224720,16713770000,131990,9403050000,0,0.0
28/03/2007,-776750,-52915600000,68(-4.23 %),24550,1672800000,801300,54588400000,0,0.0
29/03/2007,-497340,-35311140000,71(4.41 %),2660,188860000,500000,35500000000,0,0.0
30/03/2007,-800200,-59614900000,74.5(4.93 %),0,0,800200,59614900000,0,0.0
02/04/2007,-22470,-1752660000,78(4.70 %),666130,51958140000,688600,53710800000,0,0.0
03/04/2007,165880,12358060000,74.5(-4.49 %),165880,12358060000,0,0,0,0.0
04/04/2007,223410,16638745000,74(-0.67 %),227010,16906945000,3600,268200000,0,0.0
05/04/2007,-9410,-716040000,73(-1.35 %),77070,5683480000,86480,6399520000,0,0.0
06/04/2007,63700,4617850000,70.5(-3.42 %),63700,4617850000,0,0,0,0.0
09/04/2007,36920,2657340000,72(2.13 %),37020,2664440000,100,7100000,0,0.0
10/04/2007,109120,7856540000,72(0.00 %),109220,7863840000,100,7300000,0,0.0
11/04/2007,32790,2346580000,71(-1.39 %),33190,2375380000,400,28800000,0,0.0
12/04/2007,151010,10721710000,71(0.00 %),153310,10885010000,2300,163300000,0,0.0
13/04/2007,225870,16077635000,71.5(0.70 %),225870,16077635000,0,0,0,0.0
16/04/2007,166070,11680465000,69.5(-2.80 %),176170,12392515000,10100,712050000,0,0.0
17/04/2007,124300,8611500000,68(-2.16 %),165300,11419500000,41000,2808000000,0,0.0
18/04/2007,18640,1307220000,70.5(3.68 %),20040,1403820000,1400,96600000,0,0.0
19/04/2007,70790,4955050000,69.5(-1.42 %),70790,4955050000,0,0,0,0.0
20/04/2007,-55670,-3841230000,69(-0.72 %),2450,169050000,58120,4010280000,0,0.0
23/04/2007,-72090,-4819215000,66(-4.35 %),1400,92400000,73490,4911615000,0,0.0
24/04/2007,-731650,-46093950000,63(-4.55 %),29620,1866060000,761270,47960010000,0,0.0
25/04/2007,-103770,-6864210000,66(4.76 %),61250,4027110000,165020,10891320000,0,0.0
02/05/2007,-150060,-9818540000,66(0.00 %),31190,2053030000,181250,11871570000,0,0.0
03/05/2007,-14790,-958750000,65(-1.52 %),36010,2364050000,50800,3322800000,0,0.0
04/05/2007,-10980,-702720000,64(-1.54 %),24390,1560960000,35370,2263680000,0,0.0
07/05/2007,116090,7742030000,67(4.69 %),215990,14375330000,99900,6633300000,0,0.0
08/05/2007,100460,7032200000,70(4.48 %),250660,17546200000,150200,10514000000,0,0.0
09/05/2007,285500,20179420000,70(0.00 %),285500,20179420000,0,0,0,0.0
10/05/2007,162730,11391100000,70(0.00 %),163230,11426100000,500,35000000,0,0.0
11/05/2007,111320,7781460000,70(0.00 %),111320,7781460000,0,0,0,0.0
14/05/2007,76300,5551500000,72.5(3.57 %),102300,7411750000,26000,1860250000,0,0.0
15/05/2007,345180,24849050000,71.5(-1.38 %),345180,24849050000,0,0,0,0.0
16/05/2007,280550,19979795000,71.5(0.00 %),286750,20423095000,6200,443300000,0,0.0
17/05/2007,153790,10971040000,71.5(0.00 %),153790,10971040000,0,0,0,0.0
18/05/2007,333870,24072425000,72.5(1.40 %),334870,24143925000,1000,71500000,0,0.0
21/05/2007,202550,14585510000,72(-0.69 %),202550,14585510000,0,0,0,0.0
22/05/2007,233040,16719445000,71.5(-0.69 %),279940,20096245000,46900,3376800000,0,0.0
23/05/2007,169790,12198605000,71.5(0.00 %),173490,12465005000,3700,266400000,0,0.0
24/05/2007,124260,8722370000,69.5(-2.80 %),128160,8997320000,3900,274950000,0,0.0
25/05/2007,-126680,-8708980000,69(-0.72 %),154120,10607220000,280800,19316200000,0,0.0
28/05/2007,239070,17213040000,72(4.35 %),243790,17552880000,4720,339840000,0,0.0
29/05/2007,57150,4061180000,71(-1.39 %),57790,4106620000,640,45440000,0,0.0
30/05/2007,2230,161000000,70(-1.41 %),9230,644000000,7000,483000000,0,0.0
31/05/2007,14490,1120480000,70(0.00 %),165510,11691920000,151020,10571440000,0,0.0
01/06/2007,150130,10610200000,71(1.43 %),158200,11179135000,8070,568935000,0,0.0
04/06/2007,179870,12675100000,70(-1.41 %),184870,13026600000,5000,351500000,0,0.0
05/06/2007,8950,613825000,69(-1.43 %),9950,682825000,1000,69000000,0,0.0
06/06/2007,44830,3228995000,69(0.00 %),139200,9790390000,94370,6561395000,0,0.0
07/06/2007,110620,7834545000,70(1.45 %),129420,9162345000,18800,1327800000,0,0.0
08/06/2007,192850,13601180000,70(0.00 %),262850,18501180000,70000,4900000000,0,0.0
11/06/2007,185620,13128900000,70(0.00 %),209080,14771400000,23460,1642500000,0,0.0
12/06/2007,222510,15767565000,70.5(0.71 %),309950,21957385000,87440,6189820000,0,0.0
13/06/2007,114450,8043655000,70.5(0.00 %),187450,13184615000,73000,5140960000,0,0.0
14/06/2007,130710,9149700000,70(-0.71 %),165710,11599700000,35000,2450000000,0,0.0
15/06/2007,143300,10031000000,70(0.00 %),218300,15281000000,75000,5250000000,0,0.0
18/06/2007,127370,8691120000,67.5(1.12 %),178100,12160600000,50730,3469480000,0,0.0
19/06/2007,98170,6665100000,68(0.74 %),205260,13913920000,107090,7248820000,0,0.0
20/06/2007,-85390,-5677460000,66(-2.94 %),129500,8650170000,214890,14327630000,0,0.0
21/06/2007,-53450,-3502525000,65(-1.52 %),9690,641285000,63140,4143810000,0,0.0
22/06/2007,112230,7273525000,64.5(-0.77 %),125600,8142575000,13370,869050000,0,0.0
25/06/2007,113590,7544070000,66(2.33 %),120090,7977570000,6500,433500000,0,0.0
26/06/2007,110460,7494000000,66(0.00 %),110460,7494000000,0,0,0,0.0
27/06/2007,10970,715940000,65(-1.52 %),10970,715940000,0,0,0,0.0
28/06/2007,-33580,-2108115000,63(-3.08 %),6420,411885000,40000,2520000000,0,0.0
29/06/2007,-4290,-269620000,64(1.59 %),650,41600000,4940,311220000,0,0.0
02/07/2007,42970,2731270000,61.5(-3.91 %),96970,6058270000,54000,3327000000,0,0.0
03/07/2007,-9800,-585880000,59.5(-3.25 %),500,29750000,10300,615630000,0,0.0
04/07/2007,64910,3968090000,62(4.20 %),67310,4113890000,2400,145800000,0,0.0
05/07/2007,262550,16605850000,63.5(2.42 %),262650,16612200000,100,6350000,0,0.0
06/07/2007,18510,1164145000,63(-0.79 %),18510,1164145000,0,0,0,0.0
09/07/2007,1700,160950000,61.5(-2.38 %),53200,3330450000,51500,3169500000,0,0.0
10/07/2007,-105810,-6507315000,61.5(0.00 %),3000,184500000,108810,6691815000,0,0.0
11/07/2007,-10460,-648860000,61.5(0.00 %),3000,185160000,13460,834020000,0,0.0
12/07/2007,-4920,-239100000,61(-0.81 %),102700,6345720000,107620,6584820000,0,0.0
13/07/2007,-77130,-4588235000,61(0.00 %),22870,1386380000,100000,5974615000,0,0.0
16/07/2007,-62670,-3728865000,59.5(-2.46 %),4300,255850000,66970,3984715000,0,0.0
17/07/2007,11470,698435000,60(0.84 %),83370,5037435000,71900,4339000000,0,0.0
18/07/2007,5060,302960000,59.5(-0.83 %),23400,1400330000,18340,1097370000,0,0.0
19/07/2007,-21190,-1242270000,59(-0.84 %),78810,4674400000,100000,5916670000,0,0.0
20/07/2007,-107820,-6214490000,57.5(-2.54 %),11200,649000000,119020,6863490000,0,0.0
23/07/2007,10350,591500000,57(-0.87 %),25600,1475000000,15250,883500000,0,0.0
24/07/2007,27080,1557100000,57.5(0.88 %),166610,9580075000,139530,8022975000,0,0.0
25/07/2007,23950,1386185000,57.5(0.00 %),147950,8482850000,124000,7096665000,0,0.0
26/07/2007,-15040,-862525000,57(-0.87 %),67360,3864175000,82400,4726700000,0,0.0
27/07/2007,-32030,-1777665000,55.5(-2.63 %),53210,2953155000,85240,4730820000,0,0.0
30/07/2007,-26120,-1396310000,53(-4.50 %),8300,447200000,34420,1843510000,0,0.0
31/07/2007,124360,6344560000,51(-3.77 %),421020,21609820000,296660,15265260000,0,0.0
01/08/2007,70250,3758375000,53.5(4.90 %),75250,4025875000,5000,267500000,0,0.0
02/08/2007,-87370,-4604890000,51.5(-3.74 %),151390,7927955000,238760,12532845000,0,0.0
03/08/2007,57970,2932320000,50.5(-1.94 %),74740,3785740000,16770,853420000,0,0.0
06/08/2007,76380,3873420000,50.5(0.00 %),76880,3898670000,500,25250000,0,0.0
07/08/2007,-20700,-1045700000,51(0.99 %),9300,474300000,30000,1520000000,0,0.0
08/08/2007,79850,4113230000,51.5(0.98 %),139850,7157600000,60000,3044370000,0,0.0
09/08/2007,88510,4672125000,53(2.91 %),116700,6138105000,28190,1465980000,0,0.0
10/08/2007,19860,1053205000,52.5(-0.94 %),53870,2847060000,34010,1793855000,0,0.0
13/08/2007,23370,1220945000,51(-2.86 %),40530,2104930000,17160,883985000,0,0.0
14/08/2007,11500,592650000,51.5(0.98 %),11500,592650000,0,0,0,0.0
15/08/2007,500,25500000,51(-0.97 %),500,25500000,0,0,0,0.0
16/08/2007,16140,823140000,51(0.00 %),16140,823140000,0,0,0,0.0
17/08/2007,25500,1300250000,50.5(-0.98 %),25700,1310350000,200,10100000,0,0.0
20/08/2007,34810,1821860000,52(2.97 %),188810,9766000000,154000,7944140000,0,0.0
21/08/2007,127850,6718360000,52.5(0.96 %),147850,7758360000,20000,1040000000,0,0.0
22/08/2007,88520,4608665000,51.5(-1.90 %),88520,4608665000,0,0,0,0.0
23/08/2007,62350,3202180000,51.5(0.00 %),62350,3202180000,0,0,0,0.0
24/08/2007,282290,14753240000,52.5(1.94 %),282290,14753240000,0,0,0,0.0
27/08/2007,80460,4261115000,53(0.95 %),83360,4413815000,2900,152700000,0,0.0
28/08/2007,40070,2108810000,52.5(-0.94 %),40270,2119310000,200,10500000,0,0.0
29/08/2007,81130,4293575000,53.5(1.90 %),82220,4350800000,1090,57225000,0,0.0
30/08/2007,30270,1615960000,53(-0.93 %),30270,1615960000,0,0,0,0.0
31/08/2007,232300,12748385000,55.5(4.72 %),530100,29274785000,297800,16526400000,0,0.0
04/09/2007,-3250,-188500000,58(4.50 %),16540,959320000,19790,1147820000,0,0.0
05/09/2007,159460,9520455000,60(3.45 %),291560,17512505000,132100,7992050000,0,0.0
06/09/2007,180850,10831005000,60(0.00 %),182530,10931805000,1680,100800000,0,0.0
07/09/2007,206310,12511020000,61.5(2.50 %),206310,12511020000,0,0,0,0.0
10/09/2007,3300,199800000,60(-2.44 %),4300,260800000,1000,61000000,0,0.0
11/09/2007,36280,2142175000,58.5(-2.50 %),36280,2142175000,0,0,0,0.0
12/09/2007,-710,-41595000,59.5(1.71 %),1750,104800000,2460,146395000,0,0.0
13/09/2007,253090,15528630000,62(4.20 %),266000,16328735000,12910,800105000,0,0.0
14/09/2007,25840,1628850000,62.5(0.81 %),53300,3345100000,27460,1716250000,0,0.0
17/09/2007,44140,2780820000,63(0.80 %),44240,2787120000,100,6300000,0,0.0
18/09/2007,33510,2096480000,62.5(-0.79 %),33510,2096480000,0,0,0,0.0
19/09/2007,40460,2530165000,62.5(0.00 %),82480,5154125000,42020,2623960000,0,0.0
20/09/2007,51440,3224120000,62.5(0.00 %),63530,3985790000,12090,761670000,0,0.0
21/09/2007,-16150,-977945000,61(-2.40 %),71550,4400600000,87700,5378545000,0,0.0
24/09/2007,-21270,-1297470000,61(0.00 %),16080,980880000,37350,2278350000,0,0.0
25/09/2007,222620,13982400000,63(3.28 %),316250,19866090000,93630,5883690000,0,0.0
26/09/2007,571370,35571380000,62.5(0.81 %),576710,35908040000,5340,336660000,0,0.0
27/09/2007,42420,2658150000,63(0.80 %),44420,2784150000,2000,126000000,0,0.0
28/09/2007,9190,587830000,64(1.59 %),31720,1998110000,22530,1410280000,0,0.0
01/10/2007,22780,1000000000,66(3.12 %),1575180,103000000000,1552400,102000000000,0,0.0
02/10/2007,61070,4085295000,67(1.52 %),92070,6173295000,31000,2088000000,0,0.0
03/10/2007,22130,1468085000,66(-1.49 %),30650,2026905000,8520,558820000,0,0.0
04/10/2007,-105180,-6354620000,63(-4.55 %),327070,21384735000,432250,27739355000,0,0.0
05/10/2007,251940,16406635000,65.5(3.97 %),253040,16477235000,1100,70600000,0,0.0
08/10/2007,172480,11325920000,66.5(1.53 %),186120,12223820000,13640,897900000,0,0.0
09/10/2007,67480,4503835000,66.5(0.00 %),68580,4577035000,1100,73200000,0,0.0
10/10/2007,159890,10672005000,66.5(0.00 %),223570,14906725000,63680,4234720000,0,0.0
11/10/2007,21400,1419405000,65.5(-1.50 %),48750,3223505000,27350,1804100000,0,0.0
12/10/2007,62350,4073025000,65.5(0.00 %),99490,6508765000,37140,2435740000,0,0.0
15/10/2007,61410,3983455000,64.5(-1.53 %),61410,3983455000,0,0,0,0.0
16/10/2007,52430,3402505000,65(0.78 %),73670,4782505000,21240,1380000000,0,0.0
17/10/2007,-30640,-1943460000,64(-1.54 %),42000,2705500000,72640,4648960000,0,0.0
18/10/2007,-10750,-676980000,63(-1.56 %),31270,1973010000,42020,2649990000,0,0.0
19/10/2007,14540,928110000,64(1.59 %),67480,4276200000,52940,3348090000,0,0.0
22/10/2007,90200,5681285000,63(-1.56 %),90500,5700185000,300,18900000,0,0.0
23/10/2007,82130,5109625000,62.5(-0.79 %),104310,6487785000,22180,1378160000,0,0.0
24/10/2007,119550,7579510000,64(2.40 %),211250,13410860000,91700,5831350000,0,0.0
25/10/2007,-13620,-861020000,63.5(-0.78 %),67600,4261450000,81220,5122470000,0,0.0
26/10/2007,116060,7363960000,63.5(0.00 %),181060,11471460000,65000,4107500000,0,0.0
29/10/2007,-125080,-7550390000,60.5(-4.72 %),297300,18195150000,422380,25745540000,0,0.0
30/10/2007,229500,14389325000,63(4.13 %),294790,18502595000,65290,4113270000,0,0.0
31/10/2007,80900,5015410000,63(0.00 %),401300,25160210000,320400,20144800000,0,0.0
01/11/2007,60630,3800325000,62.5(-0.79 %),126280,7904450000,65650,4104125000,0,0.0
02/11/2007,58630,3632390000,62(-0.80 %),84240,5220210000,25610,1587820000,0,0.0
05/11/2007,27030,1649660000,61(-1.61 %),192030,11769180000,165000,10119520000,0,0.0
06/11/2007,71110,4328785000,60.5(-0.82 %),197610,12036285000,126500,7707500000,0,0.0
07/11/2007,86250,5287810000,62(2.48 %),160530,9828930000,74280,4541120000,0,0.0
08/11/2007,71990,4438680000,62(0.00 %),102990,6360680000,31000,1922000000,0,0.0
09/11/2007,2060,118440000,61.5(-0.81 %),127240,7694510000,125180,7576070000,0,0.0
12/11/2007,131170,8021835000,61.5(0.00 %),271780,16579150000,140610,8557315000,0,0.0
13/11/2007,71730,4486640000,58.5(-4.88 %),199280,11948315000,127550,7461675000,0,0.0
14/11/2007,-425600,-24246905000,56(-4.27 %),295410,16869945000,721010,41116850000,0,0.0
15/11/2007,-24550,-1436370000,58.5(4.46 %),263190,15396420000,287740,16832790000,0,0.0
16/11/2007,69530,4185915000,60.5(3.42 %),249000,15071950000,179470,10886035000,0,0.0
19/11/2007,343500,21613300000,63(4.13 %),469500,29516250000,126000,7902950000,0,0.0
20/11/2007,184300,11430950000,62(-1.59 %),351250,21762895000,166950,10331945000,0,0.0
21/11/2007,136970,8418335000,61.5(-0.81 %),208510,12825440000,71540,4407105000,0,0.0
22/11/2007,18570,1160820000,61.5(0.00 %),74610,4610300000,56040,3449480000,0,0.0
23/11/2007,1151037,70756880500,60.5(-1.63 %),1206037,74126880500,55000,3370000000,0,0.0
26/11/2007,-2130,-129955000,60.5(0.00 %),19000,1151350000,21130,1281305000,0,0.0
27/11/2007,1200,72700000,60.5(0.00 %),1300,78800000,100,6100000,0,0.0
28/11/2007,34300,2048315000,59.5(-1.65 %),36400,2174315000,2100,126000000,0,0.0
29/11/2007,6520,387940000,59.5(0.00 %),6520,387940000,0,0,0,0.0
30/11/2007,-164270,-9498240000,57.5(-3.36 %),121200,7054500000,285470,16552740000,0,0.0
03/12/2007,103710,6190285000,60(4.35 %),111110,6630585000,7400,440300000,0,0.0
04/12/2007,5400,320825000,59.5(-0.83 %),12810,758375000,7410,437550000,0,0.0
05/12/2007,79360,4747220000,59.5(0.00 %),79360,4747220000,0,0,0,0.0
06/12/2007,88780,5280410000,59.5(0.00 %),88780,5280410000,0,0,0,0.0
07/12/2007,47130,2820300000,60(0.84 %),65120,3899700000,17990,1079400000,0,0.0
10/12/2007,73310,4325890000,59(-1.67 %),91800,5416800000,18490,1090910000,0,0.0
11/12/2007,175340,10393230000,59.5(0.85 %),179180,10619790000,3840,226560000,0,0.0
12/12/2007,38500,2289535000,59.5(0.00 %),118500,7049535000,80000,4760000000,0,0.0
13/12/2007,23120,1345210000,58(-2.52 %),65320,3808660000,42200,2463450000,0,0.0
14/12/2007,40910,2343490000,57.5(-0.86 %),66460,3808225000,25550,1464735000,0,0.0
17/12/2007,59480,3450970000,57.5(0.00 %),105180,6055870000,45700,2604900000,0,0.0
18/12/2007,82910,4913660000,59(2.61 %),113020,6690095000,30110,1776435000,0,0.0
19/12/2007,31720,1896550000,59.5(0.85 %),151720,9026550000,120000,7130000000,0,0.0
20/12/2007,47150,2806795000,58.5(-1.68 %),106020,6268780000,58870,3461985000,0,0.0
21/12/2007,5290,317280000,59(0.85 %),177560,10468710000,172270,10151430000,0,0.0
24/12/2007,41940,2487225000,59(0.00 %),111390,6587450000,69450,4100225000,0,0.0
25/12/2007,77360,4555240000,58.5(-0.85 %),87420,5143780000,10060,588540000,0,0.0
26/12/2007,198740,11819030000,59.5(1.71 %),199260,11849970000,520,30940000,0,0.0
27/12/2007,-11340,-657355000,59.5(0.00 %),101850,6036855000,113190,6694210000,0,0.0
28/12/2007,52700,3140415000,59.5(0.00 %),252700,15010415000,200000,11870000000,0,0.0
02/01/2008,49250,2931425000,59.5(0.00 %),159650,9475225000,110400,6543800000,0,0.0
03/01/2008,31050,1834225000,59(-0.84 %),50300,2962755000,19250,1128530000,0,0.0
04/01/2008,14750,855225000,58(-1.69 %),15300,887400000,550,32175000,0,0.0
07/01/2008,112970,6676635000,59(1.72 %),141310,8333415000,28340,1656780000,0,0.0
08/01/2008,117180,6912300000,59(0.00 %),121880,7188420000,4700,276120000,0,0.0
09/01/2008,17280,1010425000,58(-1.69 %),38380,2242000000,21100,1231575000,0,0.0
10/01/2008,-96310,-5336420000,55.5(-4.31 %),207690,11552455000,304000,16888875000,0,0.0
11/01/2008,70870,4038155000,57(2.70 %),71270,4060755000,400,22600000,0,0.0
14/01/2008,121780,6985485000,57(0.00 %),121780,6985485000,0,0,0,0.0
15/01/2008,53130,2894045000,54.5(-4.39 %),105500,5764750000,52370,2870705000,0,0.0
16/01/2008,-68360,-3826815000,57(4.59 %),191640,10845075000,260000,14671890000,0,0.0
17/01/2008,7190,407040000,55.5(-2.63 %),41300,2322150000,34110,1915110000,0,0.0
18/01/2008,-6270,-331210000,57(2.70 %),109070,6142955000,115340,6474165000,0,0.0
21/01/2008,-80960,-4459925000,55(-3.51 %),198270,10965595000,279230,15425520000,0,0.0
22/01/2008,-210670,-11074020000,52.5(-4.55 %),65750,3454700000,276420,14528720000,0,0.0
23/01/2008,29660,1546270000,52(-0.95 %),29860,1556720000,200,10450000,0,0.0
24/01/2008,4710,249210000,51(-1.92 %),55000,2835540000,50290,2586330000,0,0.0
25/01/2008,85030,4389630000,52(1.96 %),182030,9423630000,97000,5034000000,0,0.0
28/01/2008,158440,8461480000,53.5(2.88 %),309240,16519280000,150800,8057800000,0,0.0
29/01/2008,43290,2363380000,55(2.80 %),144860,7883945000,101570,5520565000,0,0.0
30/01/2008,101860,5822095000,57.5(4.55 %),232160,13289195000,130300,7467100000,0,0.0
31/01/2008,106680,5931965000,56(-2.61 %),204730,11422765000,98050,5490800000,0,0.0
01/02/2008,47870,2680985000,56(0.00 %),192870,10840985000,145000,8160000000,0,0.0
12/02/2008,59560,3340510000,56(0.00 %),100720,5650320000,41160,2309810000,0,0.0
13/02/2008,-60,6515000,54(-3.57 %),34000,1854280000,34060,1847765000,0,0.0
14/02/2008,28020,1510640000,54(0.00 %),116040,6313145000,88020,4802505000,0,0.0
15/02/2008,62880,3391920000,53.5(-0.93 %),92880,4996920000,30000,1605000000,0,0.0
18/02/2008,123370,6301690000,51(-4.67 %),124000,6334000000,630,32310000,0,0.0
19/02/2008,33830,1672645000,51(0.00 %),58830,2910715000,25000,1238070000,0,0.0
20/02/2008,220650,10996835000,48.5(-4.90 %),225070,11211205000,4420,214370000,0,0.0
21/02/2008,270470,12474887000,46.2(-4.74 %),270470,12474887000,0,0,0,0.0
22/02/2008,-150850,-6623465000,43.9(-4.98 %),257020,11283178000,407870,17906643000,0,0.0
25/02/2008,193210,8887660000,46(4.78 %),193210,8887660000,0,0,0,0.0
26/02/2008,128520,6072072000,47.2(2.61 %),128840,6087432000,320,15360000,0,0.0
27/02/2008,128870,6155950000,48(1.69 %),128870,6155950000,0,0,0,0.0
28/02/2008,122740,5881881000,48(0.00 %),127990,6133881000,5250,252000000,0,0.0
29/02/2008,-83790,-3966375000,47.5(-1.04 %),82640,3933580000,166430,7899955000,0,0.0
03/03/2008,183690,8391680000,45.5(-4.21 %),184690,8437680000,1000,46000000,0,0.0
04/03/2008,9020,390573000,43.3(-4.84 %),115930,5019776000,106910,4629203000,0,0.0
05/03/2008,49800,2026860000,40.7(-4.91 %),90000,3663000000,40200,1636140000,0,0.0
06/03/2008,25680,1096536000,42.7(4.91 %),27380,1169126000,1700,72590000,0,0.0
07/03/2008,-1299570,-58220736000,44.8(4.92 %),137690,6168512000,1437260,64389248000,0,0.0
10/03/2008,906270,41277610000,47(4.91 %),998970,45631590000,92700,4353980000,0,0.0
11/03/2008,30990,1392701000,45(-4.26 %),35990,1616701000,5000,224000000,0,0.0
12/03/2008,44260,2084075000,47(4.44 %),81400,3780900000,37140,1696825000,0,0.0
13/03/2008,90540,4136943000,45.5(-3.19 %),109900,5019135000,19360,882192000,0,0.0
14/03/2008,122350,5530701000,45.5(0.00 %),122350,5530701000,0,0,0,0.0
17/03/2008,108990,4786501000,43.3(-4.84 %),129190,5668823000,20200,882322000,0,0.0
18/03/2008,33050,1361660000,41.2(-4.85 %),33050,1361660000,0,0,0,0.0
19/03/2008,97990,3968790000,39.5(-4.13 %),97990,3968790000,0,0,0,0.0
20/03/2008,76280,2930540000,39(-1.27 %),76280,2930540000,0,0,0,0.0
21/03/2008,76990,2948921000,38.5(-1.28 %),76990,2948921000,0,0,0,0.0
24/03/2008,120220,4404052000,36.6(-4.94 %),170220,6234052000,50000,1830000000,0,0.0
25/03/2008,117170,4077516000,34.8(-4.92 %),117380,4084824000,210,7308000,0,0.0
26/03/2008,136390,4958285000,36.5(4.89 %),137440,4996505000,1050,38220000,0,0.0
27/03/2008,18550,682640000,36.8(0.82 %),38550,1418640000,20000,736000000,0,0.0
28/03/2008,36510,1354521000,37.1(0.82 %),66510,2467521000,30000,1113000000,0,0.0
31/03/2008,43650,1632510000,37.4(0.81 %),43650,1632510000,0,0,0,0.0
01/04/2008,79600,2953160000,37.7(0.80 %),79600,2953160000,0,0,0,0.0
02/04/2008,0,0,38(0.80 %),0,0,0,0,0,0.0
03/04/2008,0,0,38.3(0.79 %),0,0,0,0,0,0.0
04/04/2008,0,0,38.6(0.78 %),0,0,0,0,0,0.0
07/04/2008,2630,103359000,39.3(1.81 %),2630,103359000,0,0,0,0.0
08/04/2008,466110,18644400000,40(1.78 %),466110,18644400000,0,0,0,0.0
09/04/2008,389620,15785370000,40.7(1.75 %),400010,16206543000,10390,421173000,0,0.0
10/04/2008,494490,19993880000,39.9(-1.97 %),498360,20153324000,3870,159444000,0,0.0
11/04/2008,90020,3528784000,39.2(-1.75 %),140680,5514656000,50660,1985872000,0,0.0
16/04/2008,175480,6755980000,38.5(-1.79 %),175480,6755980000,0,0,0,0.0
17/04/2008,19010,733040000,39.2(1.82 %),19110,736820000,100,3780000,0,0.0
18/04/2008,274130,10876287000,39.5(0.77 %),274130,10876287000,0,0,0,0.0
21/04/2008,381530,15182809000,40(1.27 %),381530,15182809000,0,0,0,0.0
22/04/2008,16450,644840000,39.2(-2.00 %),16450,644840000,0,0,0,0.0
23/04/2008,9040,348040000,38.5(-1.79 %),9040,348040000,0,0,0,0.0
24/04/2008,140360,5303508000,37.8(-1.82 %),143360,5419008000,3000,115500000,0,0.0
25/04/2008,640,23744000,37.1(-1.85 %),640,23744000,0,0,0,0.0
28/04/2008,36930,1395954000,37.8(1.89 %),36930,1395954000,0,0,0,0.0
29/04/2008,529080,20369580000,38.5(1.85 %),529080,20369580000,0,0,0,0.0
05/05/2008,147410,5752436000,38.7(0.52 %),147410,5752436000,0,0,0,0.0
06/05/2008,310370,11797566000,38(-1.81 %),310370,11797566000,0,0,0,0.0
07/05/2008,298690,11227056000,38.7(1.84 %),298690,11227056000,0,0,0,0.0
08/05/2008,377870,14359060000,38(-1.81 %),377870,14359060000,0,0,0,0.0
09/05/2008,33980,1267454000,37.3(-1.84 %),33980,1267454000,0,0,0,0.0
12/05/2008,4630,169458000,36.6(-1.88 %),4630,169458000,0,0,0,0.0
13/05/2008,0,0,35.9(-1.91 %),0,0,0,0,0,0.0
14/05/2008,-5900,-207680000,35.2(-1.95 %),80,2816000,5980,210496000,0,0.0
15/05/2008,5020,173190000,34.5(-1.99 %),5020,173190000,0,0,0,0.0
16/05/2008,-6680,-226452000,33.9(-1.74 %),35210,1193619000,41890,1420071000,0,0.0
19/05/2008,218860,7288038000,33.3(-1.77 %),241460,8040618000,22600,752580000,0,0.0
20/05/2008,-3460,-113142000,32.7(-1.80 %),800,26160000,4260,139302000,0,0.0
21/05/2008,323060,10370226000,32.1(-1.83 %),330930,10622853000,7870,252627000,0,0.0
22/05/2008,199690,6290355000,31.5(-1.87 %),246540,7766130000,46850,1475775000,0,0.0
23/05/2008,58070,1794363000,30.9(-1.90 %),58070,1794363000,0,0,0,0.0
26/05/2008,2980,90294000,30.3(-1.94 %),10000,303000000,7020,212706000,0,0.0
27/05/2008,0,0,30.3(0.00 %),0,0,0,0,0,0.0
28/05/2008,0,0,30.3(0.00 %),0,0,0,0,0,0.0
29/05/2008,0,0,30.3(0.00 %),0,0,0,0,0,0.0
30/05/2008,245590,7294023000,29.7(-1.98 %),265590,7888023000,20000,594000000,0,0.0
02/06/2008,3760,109792000,29.2(-1.68 %),4960,144832000,1200,35040000,0,0.0
03/06/2008,11400,327180000,28.7(-1.71 %),12400,355880000,1000,28700000,0,0.0
04/06/2008,67600,1906320000,28.2(-1.74 %),83660,2359212000,16060,452892000,0,0.0
05/06/2008,-460,-12742000,27.7(-1.77 %),19310,534887000,19770,547629000,0,0.0
06/06/2008,-10340,-281248000,27.2(-1.81 %),19610,533392000,29950,814640000,0,0.0
09/06/2008,-900,-24030000,26.7(-1.84 %),700,18690000,1600,42720000,0,0.0
10/06/2008,-2550,-66810000,26.2(-1.87 %),0,0,2550,66810000,0,0.0
11/06/2008,67790,1742203000,25.7(-1.91 %),281870,7244059000,214080,5501856000,0,0.0
12/06/2008,161580,4071816000,25.2(-1.95 %),367340,9256968000,205760,5185152000,0,0.0
13/06/2008,-175580,-4415348000,25.7(1.98 %),389420,9649324000,565000,14064672000,0,0.0
16/06/2008,-128980,-3379030000,26.2(1.95 %),40460,1060052000,169440,4439082000,0,0.0
17/06/2008,-460400,-12292896000,26.7(1.91 %),70510,1882401000,530910,14175297000,0,0.0
18/06/2008,303330,8060221000,26.2(-1.87 %),303330,8060221000,0,0,0,0.0
19/06/2008,137540,3507270000,25.5(-2.67 %),181160,4619580000,43620,1112310000,0,0.0
20/06/2008,63410,1572568000,24.8(-2.75 %),69410,1721368000,6000,148800000,0,0.0
23/06/2008,-84490,-2038059000,24.1(-2.82 %),82790,1995239000,167280,4033298000,0,0.0
24/06/2008,79630,1944649000,24.8(2.90 %),108730,2650479000,29100,705830000,0,0.0
25/06/2008,39260,997023000,25.5(2.82 %),39260,997023000,0,0,0,0.0
26/06/2008,135770,3512680000,24.8(-2.75 %),165770,4298680000,30000,786000000,0,0.0
27/06/2008,-19070,-461977000,24.8(0.00 %),9700,234280000,28770,696257000,0,0.0
30/06/2008,127500,3219945000,25.5(2.82 %),241970,6095195000,114470,2875250000,0,0.0
01/07/2008,-20930,-548366000,26.2(2.75 %),29070,761634000,50000,1310000000,0,0.0
02/07/2008,60700,1632830000,26.9(2.67 %),60700,1632830000,0,0,0,0.0
03/07/2008,41300,1144010000,27.7(2.97 %),91300,2529010000,50000,1385000000,0,0.0
04/07/2008,52930,1508505000,28.5(2.89 %),52930,1508505000,0,0,0,0.0
07/07/2008,441190,12808497000,27.7(-2.81 %),491190,14273497000,50000,1465000000,0,0.0
08/07/2008,-7130,-191797000,26.9(-2.89 %),31060,835514000,38190,1027311000,0,0.0
09/07/2008,65190,1803863000,27.7(2.97 %),85390,2363403000,20200,559540000,0,0.0
10/07/2008,92100,2624850000,28.5(2.89 %),112100,3194850000,20000,570000000,0,0.0
11/07/2008,15010,439793000,29.3(2.81 %),15010,439793000,0,0,0,0.0
14/07/2008,36730,1105573000,30.1(2.73 %),40730,1225973000,4000,120400000,0,0.0
15/07/2008,412100,12775100000,31(2.99 %),416100,12899100000,4000,124000000,0,0.0
16/07/2008,274630,8727776000,31.9(2.90 %),361630,11493576000,87000,2765800000,0,0.0
17/07/2008,93110,3050494000,32.5(1.88 %),462829,14521609000,369719,11471115000,0,0.0
18/07/2008,261050,8250700000,31.6(-2.77 %),283650,8965360000,22600,714660000,0,0.0
21/07/2008,-9590,-294413000,30.7(-2.85 %),1900,58330000,11490,352743000,0,0.0
22/07/2008,2100,62580000,29.8(-2.93 %),2100,62580000,0,0,0,0.0
23/07/2008,-150,-4350000,29(-2.68 %),16640,482560000,16790,486910000,0,0.0
24/07/2008,90510,2552382000,28.2(-2.76 %),152960,4313472000,62450,1761090000,0,0.0
25/07/2008,165420,4532508000,27.4(-2.84 %),213600,5852640000,48180,1320132000,0,0.0
28/07/2008,129910,3432618000,28.2(2.92 %),277450,7387098000,147540,3954480000,0,0.0
29/07/2008,86340,2503860000,29(2.84 %),96340,2793860000,10000,290000000,0,0.0
30/07/2008,325050,9662640000,29.6(2.07 %),335050,9960640000,10000,298000000,0,0.0
31/07/2008,83730,2412600000,29.2(-1.35 %),83830,2415480000,100,2880000,0,0.0
01/08/2008,25360,720224000,28.4(-2.74 %),25660,728744000,300,8520000,0,0.0
04/08/2008,8360,230736000,27.6(-2.82 %),8360,230736000,0,0,0,0.0
05/08/2008,1780,47704000,26.8(-2.90 %),5150,138020000,3370,90316000,0,0.0
06/08/2008,81890,2245485000,27.6(2.99 %),86770,2372973000,4880,127488000,0,0.0
07/08/2008,201920,5734528000,28.4(2.90 %),207120,5882208000,5200,147680000,0,0.0
08/08/2008,82980,2382824000,28.8(1.41 %),82980,2382824000,0,0,0,0.0
11/08/2008,106600,3154780000,29.6(2.78 %),106600,3154780000,0,0,0,0.0
12/08/2008,183320,5513528000,30(1.35 %),183520,5519608000,200,6080000,0,0.0
13/08/2008,412690,12389342000,30.1(0.33 %),413690,12419342000,1000,30000000,0,0.0
14/08/2008,216460,6709860000,31(2.99 %),217460,6740860000,1000,31000000,0,0.0
15/08/2008,454460,14497274000,31.9(2.90 %),455460,14529174000,1000,31900000,0,0.0
18/08/2008,575890,19233329000,33.4(4.70 %),576990,19270069000,1100,36740000,0,0.0
19/08/2008,1208740,42201422000,35(4.79 %),1211840,42308412000,3100,106990000,0,0.0
20/08/2008,400820,13922362000,35(0.00 %),446470,15474432000,45650,1552070000,0,0.0
21/08/2008,126810,4531642000,36.7(4.86 %),133390,4762792000,6580,231150000,0,0.0
22/08/2008,129680,5009793000,37.6(2.45 %),171420,6599450000,41740,1589657000,0,0.0
25/08/2008,21960,863750000,39.4(4.79 %),31620,1244354000,9660,380604000,0,0.0
26/08/2008,-19770,-817761000,41.3(4.82 %),253970,10487701000,273740,11305462000,0,0.0
27/08/2008,85370,3671311000,42.5(2.91 %),96870,4168181000,11500,496870000,0,0.0
28/08/2008,-17900,-723160000,40.4(-4.94 %),743520,30038208000,761420,30761368000,0,0.0
29/08/2008,-10000,-384000000,38.4(-4.95 %),120,4608000,10120,388608000,0,0.0
03/09/2008,-415680,-16110436000,38.4(0.00 %),21170,821928000,436850,16932364000,0,0.0
04/09/2008,54770,2037797000,36.7(-4.43 %),69120,2581590000,14350,543793000,0,0.0
05/09/2008,-6140,-216630000,34.9(-4.90 %),4570,159950000,10710,376580000,0,0.0
08/09/2008,-9360,-310752000,33.2(-4.87 %),2370,78684000,11730,389436000,0,0.0
09/09/2008,266500,9267552000,34.8(4.82 %),374030,13008837000,107530,3741285000,0,0.0
10/09/2008,-13090,-420299000,34.5(-0.86 %),94840,3270980000,107930,3691279000,0,0.0
11/09/2008,62510,2066968000,33(-4.35 %),108780,3594078000,46270,1527110000,0,0.0
12/09/2008,-33720,-1058808000,31.4(-4.85 %),66410,2085274000,100130,3144082000,0,0.0
15/09/2008,-247850,-7777718000,30(-4.46 %),3280,98655000,251130,7876373000,0,0.0
16/09/2008,72210,2298515000,29.1(-3.00 %),107200,3363100000,34990,1064585000,0,0.0
17/09/2008,-308260,-8575272000,28.1(-3.44 %),319010,8844179000,627270,17419451000,0,0.0
18/09/2008,64450,1720815000,26.7(-4.98 %),379380,10129446000,314930,8408631000,0,0.0
19/09/2008,-452110,-12659080000,28(4.87 %),168200,4709600000,620310,17368680000,0,0.0
22/09/2008,52850,1553790000,29.4(5.00 %),798560,23477664000,745710,21923874000,0,0.0
23/09/2008,238170,7199601000,30.8(4.76 %),279220,8463941000,41050,1264340000,0,0.0
24/09/2008,135550,4313814000,32(3.90 %),282430,8951970000,146880,4638156000,0,0.0
25/09/2008,469360,15502814000,33.6(5.00 %),610970,20235152000,141610,4732338000,0,0.0
26/09/2008,343330,12052783000,35.1(4.46 %),343330,12052783000,0,0,0,0.0
29/09/2008,245900,8484350000,35.1(0.00 %),246080,8490617000,180,6267000,0,0.0
30/09/2008,0,0,33.4(-4.84 %),0,0,0,0,0,0.0
01/10/2008,-69890,-2252927000,31.8(-4.79 %),62000,2008800000,131890,4261727000,0,0.0
02/10/2008,-85420,-2723966000,31.9(0.31 %),4350,139580000,89770,2863546000,0,0.0
03/10/2008,-57410,-1774712000,30.8(-3.45 %),0,0,57410,1774712000,0,0.0
06/10/2008,-54900,-1636795000,29.3(-4.87 %),11400,348190000,66300,1984985000,0,0.0
07/10/2008,-47180,-1316322000,27.9(-4.78 %),300,8370000,47480,1324692000,0,0.0
08/10/2008,-186540,-5030594000,26.8(-3.94 %),103140,2744124000,289680,7774718000,0,0.0
09/10/2008,-125090,-3431286000,28(4.48 %),41870,1127122000,166960,4558408000,0,0.0
10/10/2008,-387640,-10314260000,26.6(-5.00 %),256430,6821038000,644070,17135298000,0,0.0
13/10/2008,-171570,-4529267000,26.5(-0.38 %),100800,2670880000,272370,7200147000,0,0.0
14/10/2008,-480020,-13344556000,27.8(4.91 %),19100,530980000,499120,13875536000,0,0.0
15/10/2008,-142450,-3958443000,28(0.72 %),134010,3799696000,276460,7758139000,0,0.0
16/10/2008,-162510,-4323456000,26.6(-5.00 %),29000,771400000,191510,5094856000,0,0.0
17/10/2008,-181970,-4731220000,26(-2.26 %),22000,572000000,203970,5303220000,0,0.0
20/10/2008,-100130,-2473211000,24.7(-5.00 %),10500,259350000,110630,2732561000,0,0.0
21/10/2008,-52910,-1317948000,25(1.21 %),56040,1398920000,108950,2716868000,0,0.0
22/10/2008,-132420,-3160059000,24(-4.00 %),8680,208220000,141100,3368279000,0,0.0
23/10/2008,-253710,-5784608000,22.8(-5.00 %),1900,43320000,255610,5827928000,0,0.0
24/10/2008,-155720,-3379124000,21.7(-4.82 %),25800,559860000,181520,3938984000,0,0.0
27/10/2008,-149330,-3091131000,20.7(-4.61 %),28340,586638000,177670,3677769000,0,0.0
28/10/2008,-212430,-4123338000,19.4(-4.90 %),48400,938960000,260830,5062298000,0,0.0
29/10/2008,10810,219443000,20.3(4.64 %),38900,789670000,28090,570227000,0,0.0
30/10/2008,8210,174873000,21.3(4.93 %),73860,1573218000,65650,1398345000,0,0.0
31/10/2008,-2220,-49506000,22.3(4.69 %),0,0,2220,49506000,0,0.0
03/11/2008,4900,114660000,23.4(4.93 %),27230,637182000,22330,522522000,0,0.0
04/11/2008,75800,1857050000,24.5(4.70 %),77100,1888900000,1300,31850000,0,0.0
05/11/2008,37000,950900000,25.7(4.90 %),38000,976600000,1000,25700000,0,0.0
06/11/2008,323740,8695366000,26.9(4.67 %),324740,8722266000,1000,26900000,0,0.0
07/11/2008,83470,2154614000,25.6(-4.83 %),83470,2154614000,0,0,0,0.0
10/11/2008,4420,113574000,25.6(0.00 %),4420,113574000,0,0,0,0.0
11/11/2008,-12690,-309636000,24.4(-4.69 %),14000,341600000,26690,651236000,0,0.0
12/11/2008,-102460,-2377072000,23.2(-4.92 %),200,4640000,102660,2381712000,0,0.0
13/11/2008,-169400,-3790755000,23.9(3.02 %),0,0,169400,3790755000,0,0.0
14/11/2008,200,4900000,24.2(1.26 %),200,4900000,0,0,0,0.0
17/11/2008,-7750,-178446000,23.1(-4.55 %),1010,23610000,8760,202056000,0,0.0
18/11/2008,37000,844888000,23.5(1.73 %),37000,844888000,0,0,0,0.0
19/11/2008,-1300,-30230000,23(-2.13 %),1800,41580000,3100,71810000,0,0.0
20/11/2008,11510,252069000,21.9(-4.78 %),11510,252069000,0,0,0,0.0
21/11/2008,-62460,-1306254000,20.9(-4.57 %),100,2090000,62560,1308344000,0,0.0
24/11/2008,-7890,-156211000,19.9(-4.78 %),2110,42789000,10000,199000000,0,0.0
25/11/2008,-86960,-1652240000,19(-4.52 %),183314,3482966000,270274,5135206000,0,0.0
26/11/2008,12790,231499000,18.1(-4.74 %),12790,231499000,0,0,0,0.0
27/11/2008,0,0,17.2(-4.97 %),0,0,0,0,0,0.0
28/11/2008,-182170,-3178991000,18(4.65 %),231200,4034861000,413370,7213852000,0,0.0
01/12/2008,52940,990611000,18.9(5.00 %),52940,990611000,0,0,0,0.0
02/12/2008,23000,416400000,18.1(-4.23 %),23000,416400000,0,0,0,0.0
03/12/2008,-9220,-165520000,17.8(-1.66 %),0,0,9220,165520000,0,0.0
04/12/2008,1600,28650000,17.8(0.00 %),1600,28650000,0,0,0,0.0
05/12/2008,7600,127623000,17(-4.49 %),19330,330125000,11730,202502000,0,0.0
08/12/2008,3200,52800000,16.2(-4.71 %),3200,52800000,0,0,0,0.0
09/12/2008,98960,1610236000,16.2(0.00 %),114260,1858766000,15300,248530000,0,0.0
10/12/2008,0,0,15.8(-2.47 %),0,0,0,0,0,0.0
11/12/2008,24880,383020000,15.3(-3.16 %),24880,383020000,0,0,0,0.0
12/12/2008,97830,1560313000,16(4.58 %),97830,1560313000,0,0,0,0.0
15/12/2008,2910,48088000,16.4(2.50 %),2910,48088000,0,0,0,0.0
16/12/2008,79860,1309704000,15.6(-4.88 %),79860,1309704000,0,0,0,0.0
17/12/2008,-13530,-215451000,15.7(0.64 %),1850,29015000,15380,244466000,0,0.0
18/12/2008,97530,1560602000,16.4(4.46 %),112570,1800842000,15040,240240000,0,0.0
19/12/2008,-137920,-2374926000,17.2(4.88 %),70860,1210948000,208780,3585874000,0,0.0
22/12/2008,-50380,-906840000,18(4.65 %),100200,1803600000,150580,2710440000,0,0.0
23/12/2008,471530,8522656000,18.6(3.33 %),473030,8549656000,1500,27000000,0,0.0
24/12/2008,26250,483306000,18.5(-0.54 %),226250,4071335000,200000,3588029000,0,0.0
25/12/2008,60360,1081524000,17.9(-3.24 %),150400,2693240000,90040,1611716000,0,0.0
26/12/2008,24410,436198000,17.9(0.00 %),74710,1322837000,50300,886639000,0,0.0
29/12/2008,-36700,-656755000,17.9(0.00 %),3350,60335000,40050,717090000,0,0.0
30/12/2008,1610,-2023000,18.7(4.47 %),228060,4189285000,226450,4191308000,0,0.0
31/12/2008,164110,3178974000,18.7(0.00 %),269750,5175986000,105640,1997012000,0,0.0
02/01/2009,211420,4079901000,19.5(4.28 %),268450,5161489000,57030,1081588000,101541856,17.87
05/01/2009,65620,1288832000,19.5(0.00 %),145920,2855742000,80300,1566910000,101476236,17.89
06/01/2009,77260,1546352000,19.8(1.54 %),177290,3524400000,100030,1978048000,101398976,17.92
07/01/2009,-85390,-1731859000,20.5(3.54 %),63020,1266222000,148410,2998081000,101484366,17.89
08/01/2009,-72340,-1430425000,19.5(-4.88 %),34620,688841000,106960,2119266000,101556706,17.87
09/01/2009,-218670,-4149213000,18.8(-3.59 %),1330,25270000,220000,4174483000,101775376,17.8
12/01/2009,-57000,-1051745000,18.5(-1.60 %),3000,55200000,60000,1106945000,101832376,17.79
13/01/2009,-11700,-214115000,18(-2.70 %),100,1800000,11800,215915000,101844076,17.78
14/01/2009,-38550,-695895000,18.4(2.22 %),3450,62105000,42000,758000000,101882626,17.77
15/01/2009,-5040,-90128000,18.2(-1.09 %),8000,147200000,13040,237328000,101887666,17.77
16/01/2009,199000,3789710000,19.1(4.95 %),249020,4740090000,50020,950380000,101688666,17.83
19/01/2009,-4210,-79534000,18.6(-2.62 %),1200,22920000,5410,102454000,101692876,17.83
20/01/2009,64720,1206292000,18.7(0.54 %),64720,1206292000,0,0,101628156,17.85
21/01/2009,-68200,-1250662000,18.3(-2.14 %),500,9200000,68700,1259862000,101696356,17.83
22/01/2009,-166410,-3001459000,18.3(0.00 %),1100,19800000,167510,3021259000,101862766,17.78
23/01/2009,-10000,-182900000,18.5(1.09 %),0,0,10000,182900000,101872766,17.77
02/02/2009,-2000,-37000000,18.4(-0.54 %),0,0,2000,37000000,101874766,17.77
03/02/2009,-93900,-1658440000,17.5(-4.89 %),31200,550720000,125100,2209160000,101968666,17.74
04/02/2009,37040,650700000,17.7(1.14 %),74430,1309025000,37390,658325000,101931626,17.76
05/02/2009,149270,2610842000,17.4(-1.69 %),152270,2663642000,3000,52800000,101782356,17.8
06/02/2009,333490,6035149000,18.2(4.60 %),333490,6035149000,0,0,101448866,17.9
09/02/2009,168610,3131691000,18.9(3.85 %),168800,3135149000,190,3458000,101280256,17.95
10/02/2009,159760,2890102000,18(-4.76 %),159760,2890102000,0,0,101120496,18.0
11/02/2009,-171940,-2945053000,17.2(-4.44 %),777390,13317802000,949330,16262855000,101292436,17.95
12/02/2009,117820,2039521000,17.4(1.16 %),159820,2761921000,42000,722400000,101174616,17.99
13/02/2009,8120,139955000,17.5(0.57 %),15780,273398000,7660,133443000,101166496,17.99
16/02/2009,18000,318600000,17.8(1.71 %),18000,318600000,0,0,101148496,18.0
17/02/2009,139400,2411160000,17.4(-2.25 %),139800,2418100000,400,6940000,101009096,18.04
18/02/2009,103050,1764477000,17.2(-1.15 %),118050,2021977000,15000,257500000,100906046,18.07
19/02/2009,147850,2594930000,17.7(2.91 %),159610,2800330000,11760,205400000,100758196,18.11
20/02/2009,97000,1709600000,17.7(0.00 %),97000,1709600000,0,0,100661196,18.14
23/02/2009,85040,1497108000,17.6(-0.56 %),305380,5245026000,220340,3747918000,100576156,18.17
24/02/2009,20060,355362000,17.7(0.57 %),20060,355362000,0,0,100556096,18.18
25/02/2009,67460,1234132000,18.5(4.52 %),68300,1249420000,840,15288000,100488636,18.2
26/02/2009,-17760,-324174000,18.1(-2.16 %),9000,162600000,26760,486774000,100506396,18.19
27/02/2009,96210,1778164000,18.5(2.21 %),98410,1818644000,2200,40480000,100410186,18.22
02/03/2009,43610,805996000,18.4(-0.54 %),56700,1048061000,13090,242065000,100366576,18.23
03/03/2009,-40800,-731240000,17.9(-2.72 %),0,0,40800,731240000,100407376,18.22
04/03/2009,88240,1619810000,18.4(2.79 %),93000,1706918000,4760,87108000,100319136,18.25
05/03/2009,-38930,-716266000,18.3(-0.54 %),25000,470300000,63930,1186566000,100358066,18.24
06/03/2009,4800,88110000,18.3(0.00 %),4800,88110000,0,0,100353266,18.24
09/03/2009,-127780,-2309767000,18.1(-1.09 %),2220,40386000,130000,2350153000,100481046,18.2
10/03/2009,-95110,-1718860000,18.2(0.55 %),20600,370870000,115710,2089730000,100576156,18.17
11/03/2009,-63800,-1174210000,18.5(1.65 %),36200,669790000,100000,1844000000,100639956,18.15
12/03/2009,-34000,-619300000,18.2(-1.62 %),40000,735000000,74000,1354300000,100673956,18.14
13/03/2009,314790,5898854000,18.9(3.85 %),800000,14997314000,485210,9098460000,100359166,18.24
16/03/2009,-8740,-163876000,18.7(-1.06 %),5210,98469000,13950,262345000,100367906,18.23
17/03/2009,306430,5937252000,19.6(4.81 %),331350,6423032000,24920,485780000,100061476,18.33
18/03/2009,432400,8860260000,20.5(4.59 %),432600,8864360000,200,4100000,99629076,18.46
19/03/2009,530880,11408465000,21.5(4.88 %),540280,11610565000,9400,202100000,99098196,18.62
20/03/2009,350210,7879365000,22.5(4.65 %),405210,9116865000,55000,1237500000,98747986,18.73
23/03/2009,116320,2521162000,21.4(-4.89 %),188720,4079306000,72400,1558144000,98631666,18.77
24/03/2009,159950,3582880000,22.4(4.67 %),222790,4990496000,62840,1407616000,98471716,18.82
25/03/2009,220370,5043674000,23.5(4.91 %),226770,5192574000,6400,148900000,98251346,18.88
26/03/2009,163550,4021492000,24.6(4.68 %),243550,5989492000,80000,1968000000,98087796,18.93
27/03/2009,289680,7472444000,25.8(4.88 %),390240,10066892000,100560,2594448000,97798116,19.02
30/03/2009,105740,2684699000,24.9(-3.49 %),172200,4351950000,66460,1667251000,97692376,19.05
31/03/2009,472340,11744031000,25(0.40 %),633340,15754497000,161000,4010466000,97220036,19.2
01/04/2009,-171880,-4253606000,26.2(4.80 %),88120,2280965000,260000,6534571000,97391916,19.15
02/04/2009,209660,5772293000,27.5(4.96 %),491660,13290984000,282000,7518691000,97182256,19.21
03/04/2009,57830,1665504000,28.8(4.73 %),241870,6965856000,184040,5300352000,97124426,19.23
07/04/2009,-311870,-9368220000,30.2(4.86 %),70800,2063930000,382670,11432150000,97436296,19.13
08/04/2009,-383440,-11147310000,28.7(-4.97 %),37050,1081500000,420490,12228810000,97819736,19.02
09/04/2009,6190,166505000,27.3(-4.88 %),28900,795670000,22710,629165000,97813546,19.02
10/04/2009,245080,7009288000,28.6(4.76 %),466600,13344760000,221520,6335472000,97568466,19.09
13/04/2009,-93230,-2800014000,30(4.90 %),118870,3559086000,212100,6359100000,97661696,19.06
14/04/2009,174760,5173213000,29.9(-0.33 %),257000,7619209000,82240,2445996000,97486936,19.12
15/04/2009,139900,3992220000,28.5(-4.68 %),370600,10597380000,230700,6605160000,97347036,19.16
16/04/2009,71460,2332141000,29.4(3.16 %),513290,15209187000,441830,12877046000,97275576,19.18
17/04/2009,-578020,-16412729000,28(-4.76 %),13450,393990000,591470,16806719000,97853596,19.01
20/04/2009,242230,6447265000,26.6(-5.00 %),379520,10109428000,137290,3662163000,97611366,19.08
21/04/2009,12400,305781000,26.6(0.00 %),207040,5314376000,194640,5008595000,97598966,19.08
22/04/2009,-199710,-5176709000,27.9(4.89 %),201390,5503396000,401100,10680105000,97798676,19.02
23/04/2009,131200,3678050000,27.8(-0.36 %),191000,5345850000,59800,1667800000,97667476,19.06
24/04/2009,-3430,-94566000,27.3(-1.80 %),63500,1714500000,66930,1809066000,97670906,19.06
27/04/2009,159660,4447407000,27.3(0.00 %),159900,4454175000,240,6768000,97511246,19.11
28/04/2009,-19410,-507925000,27.6(1.10 %),82880,2267586000,102290,2775511000,97530656,19.1
29/04/2009,45000,1235500000,27.8(0.72 %),45000,1235500000,0,0,97485656,19.12
04/05/2009,-13820,-402162000,29.1(4.68 %),136530,3973023000,150350,4375185000,97499476,19.11
05/05/2009,212390,6477895000,30.5(4.81 %),220430,6723115000,8040,245220000,97287086,19.18
06/05/2009,1495000,47651333000,31.7(3.93 %),1718190,54713677000,223190,7062344000,95792086,19.64
07/05/2009,139330,4625756000,33.2(4.73 %),181840,6037088000,42510,1411332000,95652756,19.68
08/05/2009,212970,7252837000,34.8(4.82 %),292050,9990882000,79080,2738045000,95439786,19.75
11/05/2009,362890,12796248000,35.1(0.86 %),449350,15857774000,86460,3061526000,95076896,19.86
12/05/2009,53430,1922154000,35(-0.28 %),124560,4371369000,71130,2449215000,95023466,19.87
13/05/2009,101490,3447846000,33.4(-4.57 %),142760,4828618000,41270,1380772000,94921976,19.9
14/05/2009,40580,1405198000,33.4(0.00 %),130130,4272254000,89550,2867056000,94881396,19.92
15/05/2009,-391210,-13134062000,33.5(0.30 %),39320,1324607000,430530,14458669000,95272606,19.8
18/05/2009,101620,3325084000,32.9(-1.79 %),222540,7306810000,120920,3981726000,95170986,19.83
19/05/2009,179660,6234826000,33.5(1.82 %),386720,13223934000,207060,6989108000,94991326,19.88
20/05/2009,648000,22013669000,33.9(1.19 %),654840,22250205000,6840,236536000,94343326,20.08
21/05/2009,10,330000,33(-2.65 %),10,330000,0,0,94343316,20.08
22/05/2009,-30790,-985153000,31.5(-4.55 %),710,22615000,31500,1007768000,94374106,20.07
25/05/2009,-229560,-7511299000,33(4.76 %),1500,48000000,231060,7559299000,94603666,20.0
26/05/2009,-56150,-1811312000,32.6(-1.21 %),85300,2816750000,141450,4628062000,94659816,19.98
27/05/2009,-29650,-939780000,31.8(-2.45 %),15650,500800000,45300,1440580000,94689466,19.98
28/05/2009,-303910,-9242422000,30.3(-4.72 %),35020,1077611000,338930,10320033000,94993376,19.88
29/05/2009,-121130,-3515781000,29.3(-3.30 %),143100,4272661000,264230,7788442000,95114506,19.84
01/06/2009,73120,2230554000,30.7(4.78 %),88430,2697565000,15310,467011000,95041386,19.87
02/06/2009,-39200,-1262240000,32.2(4.89 %),48100,1548820000,87300,2811060000,95080586,19.86
03/06/2009,37080,1239302000,32.3(0.31 %),143610,4713292000,106530,3473990000,95043506,19.87
04/06/2009,-106560,-3436303000,32.3(0.00 %),19440,626207000,126000,4062510000,95150066,19.83
05/06/2009,-40250,-1383487000,33.9(4.95 %),198570,6618881000,238820,8002368000,95190316,19.82
08/06/2009,-37500,-1334730000,35.5(4.72 %),275160,9761330000,312660,11096060000,95227816,19.81
09/06/2009,63920,2189917000,35(-1.41 %),384490,13400043000,320570,11210126000,95163896,19.83
10/06/2009,-22050,-733557000,33.3(-4.86 %),22010,734853000,44060,1468410000,95185946,19.82
11/06/2009,-46540,-1341845000,32.9(-1.20 %),437160,14118316000,483700,15460161000,95232486,19.81
12/06/2009,-105700,-3237026000,31.7(-3.65 %),367660,12002783000,473360,15239809000,95338186,19.78
15/06/2009,-621780,-18780876000,30.2(-4.73 %),68480,2068096000,690260,20848972000,95959966,19.59
16/06/2009,-7500,-215250000,28.7(-4.97 %),5500,157850000,13000,373100000,95967466,19.58
17/06/2009,-1185010,-32774290000,28(-2.44 %),87520,2391946000,1272530,35166236000,97152476,19.22
18/06/2009,-1194340,-34415567000,29.4(5.00 %),118000,3369400000,1312340,37784967000,98346816,18.85
19/06/2009,-743080,-21997509000,28.9(-1.70 %),2600,76923000,745680,22074432000,99089896,18.63
22/06/2009,-167840,-4670648000,27.6(-4.50 %),100490,2779645000,268330,7450293000,99257736,18.57
23/06/2009,-43830,-1095377000,27(-2.17 %),405420,10878408000,449250,11973785000,99301566,18.56
24/06/2009,-292530,-8267246000,28.3(4.81 %),219000,6187800000,511530,14455046000,99594096,18.47
25/06/2009,449490,13243527000,29(2.47 %),801500,23655640000,352010,10412113000,99144606,18.61
26/06/2009,-407900,-11636210000,28.4(-2.07 %),1130100,32120359000,1538000,43756569000,99552506,18.48
29/06/2009,-173050,-4804360000,27.5(-3.17 %),774200,21304340000,947250,26108700000,99725556,18.43
30/06/2009,203960,5481978000,26.9(-2.18 %),445010,11988387000,241050,6506409000,99521596,18.49
01/07/2009,415200,11048744000,26.8(-0.37 %),761100,20161974000,345900,9113230000,99106396,18.62
02/07/2009,61610,1709684000,27.5(2.61 %),169910,4664005000,108300,2954321000,99044786,18.64
03/07/2009,24500,683250000,27.9(1.45 %),27500,765750000,3000,82500000,99020286,18.65
06/07/2009,161100,4650229000,29.1(4.30 %),161100,4650229000,0,0,98575316,18.78
07/07/2009,122770,3510711000,28.3(-2.75 %),328150,9318475000,205380,5807764000,98736416,18.73
08/07/2009,-25170,-692468000,27.9(-1.41 %),160800,4489738000,185970,5182206000,98761586,18.73
09/07/2009,91310,2553418000,28(0.36 %),145310,4066430000,54000,1513012000,98670276,18.75
10/07/2009,-248800,-6806758000,27.1(-3.21 %),1250,34400000,250050,6841158000,98919076,18.68
13/07/2009,69600,1839736000,26.5(-2.21 %),281600,7509662000,212000,5669926000,98849476,18.7
14/07/2009,-73180,-1917008000,26.2(-1.13 %),279010,7338148000,352190,9255156000,98922656,18.68
15/07/2009,-154720,-4076508000,26.3(0.38 %),137320,3623691000,292040,7700199000,99077376,18.63
16/07/2009,209020,5668511000,26.9(2.28 %),211840,5746061000,2820,77550000,98868356,18.69
17/07/2009,131510,3525635000,26.7(-0.74 %),277710,7428675000,146200,3903040000,98736846,18.73
20/07/2009,156380,4107250000,26.3(-1.50 %),334670,8782877000,178290,4675627000,98580466,18.78
21/07/2009,-7920,-215708000,26.3(0.00 %),221000,5816698000,228920,6032406000,98588386,18.78
22/07/2009,55620,1488772000,26.3(0.00 %),288000,7632122000,232380,6143350000,98532766,18.8
23/07/2009,43400,1198904000,27.3(3.80 %),268360,7176632000,224960,5977728000,98489366,18.81
24/07/2009,-397500,-11368400000,28.6(4.76 %),315080,9011076000,712580,20379476000,98886866,18.69
27/07/2009,73370,2087070000,28.4(-0.70 %),88420,2516500000,15050,429430000,98813496,18.71
28/07/2009,-11660,-346882000,27.2(-4.23 %),258060,7044250000,269720,7391132000,98825156,18.71
29/07/2009,-104600,-2870604000,27.5(1.10 %),103620,2822381000,208220,5692985000,98929756,18.68
30/07/2009,-91000,-2471298000,27.5(0.00 %),100000,2744000000,191000,5215298000,99020756,18.65
31/07/2009,-146410,-4090870000,28(1.82 %),159710,4464552000,306120,8555422000,99167166,18.6
03/08/2009,116200,3195700000,27.5(-1.79 %),120000,3300000000,3800,104300000,99050966,18.64
04/08/2009,151440,4171433000,27.7(0.73 %),358350,9885777000,206910,5714344000,98899526,18.68
05/08/2009,-3560,-96644000,27.6(-0.36 %),239000,6581600000,242560,6678244000,98903086,18.68
06/08/2009,850450,24175408000,28.4(2.90 %),1030950,29253696000,180500,5078288000,98052636,18.94
07/08/2009,138730,3975479000,28.6(0.70 %),141760,4061261000,3030,85782000,97913906,18.99
10/08/2009,34490,999516000,29.1(1.75 %),97440,2818516000,62950,1819000000,97879416,19.0
11/08/2009,405310,11710612000,29.4(1.03 %),409710,11838397000,4400,127785000,97474106,19.12
12/08/2009,127710,3739138000,29.2(-0.68 %),181400,5313460000,53690,1574322000,97346396,19.16
13/08/2009,486570,14315233000,29.5(1.03 %),509670,14996383000,23100,681150000,96859826,19.31
14/08/2009,119200,3626846000,30.7(4.07 %),183200,5581000000,64000,1954154000,96740626,19.35
17/08/2009,14850,446626000,30(-2.28 %),32600,988850000,17750,542224000,96725776,19.35
18/08/2009,41640,1234898000,29.6(-1.33 %),110000,3250910000,68360,2016012000,96684136,19.36
19/08/2009,440330,13220234000,30.3(2.36 %),440540,13226492000,210,6258000,96243806,19.5
20/08/2009,231740,6998286000,30.2(-0.33 %),254840,7693916000,23100,695630000,96012066,19.57
21/08/2009,347770,10600771000,30.1(-0.33 %),352820,10756606000,5050,155835000,95664296,19.68
24/08/2009,234310,7078285000,30.2(0.33 %),243150,7344955000,8840,266670000,95429986,19.75
25/08/2009,212470,6359448000,29.5(-2.32 %),308730,9211248000,96260,2851800000,95217516,19.81
26/08/2009,150020,4444722000,29.7(0.68 %),258130,7651768000,108110,3207046000,95067496,19.86
27/08/2009,133910,3965472000,29.7(0.00 %),244110,7229712000,110200,3264240000,94933586,19.9
28/08/2009,140470,4198083000,30(1.01 %),241970,7225033000,101500,3026950000,94793116,19.94
31/08/2009,-930,-15446000,30(0.00 %),249570,7499654000,250500,7515100000,94794046,19.94
01/09/2009,-221490,-6554518000,29.5(-1.67 %),210460,6226116000,431950,12780634000,95015536,19.88
03/09/2009,48010,1414090000,29.1(-1.36 %),162000,4734300000,113990,3320210000,94967526,19.89
04/09/2009,133750,3861870000,28.5(-2.06 %),155060,4478940000,21310,617070000,94833776,19.93
07/09/2009,33580,937939000,28.1(-1.40 %),62020,1736664000,28440,798725000,94800196,19.94
08/09/2009,137640,3956511000,28.9(2.85 %),138050,3968319000,410,11808000,94662556,19.98
09/09/2009,-157420,-4502635000,28.6(-1.04 %),141290,4037765000,298710,8540400000,94819976,19.94
10/09/2009,-45110,-1267379000,28.5(-0.35 %),262940,7507209000,308050,8774588000,94865086,19.92
11/09/2009,136870,3936080000,28.8(1.05 %),238380,6848306000,101510,2912226000,94728216,19.96
14/09/2009,113670,3275178000,28.8(0.00 %),189910,5467018000,76240,2191840000,94614546,20.0
15/09/2009,124850,3574363000,28.5(-1.04 %),194960,5578631000,70110,2004268000,94489696,20.04
16/09/2009,174770,5027729000,28.7(0.70 %),237670,6835096000,62900,1807367000,94314926,20.09
17/09/2009,243440,7015315000,29(1.05 %),263450,7591603000,20010,576288000,94071486,20.16
18/09/2009,-161260,-4841496000,30(3.45 %),245470,7336554000,406730,12178050000,94326516,20.09
21/09/2009,67490,2000731000,29.3(-2.33 %),80240,2381500000,12750,380769000,94165256,20.14
22/09/2009,66560,1925765000,28.7(-2.05 %),159370,4599944000,92810,2674179000,94098696,20.16
23/09/2009,118490,3403456000,28.6(-0.35 %),150130,4309531000,31640,906075000,93980206,20.19
24/09/2009,-61510,-1721765000,28(-2.10 %),36980,1036338000,98490,2758103000,94041716,20.17
25/09/2009,-63150,-4580800000,28(0.00 %),22400,1619900000,85550,6200700000,94104866,20.15
28/09/2009,0,0,27.5(-1.79 %),0,0,0,0,94180856,20.13
29/09/2009,-57650,-1604967000,27.6(0.36 %),9560,264806000,67210,1869773000,94817226,19.94
30/09/2009,-71010,-1956182000,27.5(-0.36 %),67970,1879867000,138980,3836049000,94888236,19.91
01/10/2009,-5480,-149237000,27.3(-0.73 %),19270,527771000,24750,677008000,94893716,19.91
02/10/2009,-49400,-1312679000,26.4(-3.30 %),12500,332500000,61900,1645179000,94943116,19.9
05/10/2009,-86670,-2284153000,26.3(-0.38 %),310,8184000,86980,2292337000,95029786,19.87
06/10/2009,-39610,-1033600000,26.2(-0.38 %),24890,657050000,64500,1690650000,95069396,19.86
07/10/2009,-161120,-4306603000,26.9(2.67 %),5520,146280000,166640,4452883000,95230516,19.81
08/10/2009,11860,339403000,26.6(-1.12 %),82860,2205766000,71000,1866363000,95218656,19.81
09/10/2009,15750,423340000,26.8(0.75 %),61750,1655650000,46000,1232310000,95202906,19.82
12/10/2009,55490,1488192000,26.8(0.00 %),56800,1523500000,1310,35308000,95147416,19.83
13/10/2009,-52260,-1387720000,26.5(-1.12 %),27840,740488000,80100,2128208000,95199676,19.82
14/10/2009,0,0,27.8(4.91 %),0,0,0,0,95199676,19.82
15/10/2009,15700,456870000,29.1(4.68 %),19900,579090000,4200,122220000,95183976,19.82
16/10/2009,-359300,-10960438000,30.5(4.81 %),155300,4734862000,514600,15695300000,95543276,19.71
19/10/2009,-110330,-3195900000,29(-4.92 %),64320,1892900000,174650,5088800000,95653606,19.68
20/10/2009,-550660,-15485402000,28.4(-2.07 %),68660,1950140000,619320,17435542000,96204266,19.51
21/10/2009,-163270,-4561062000,27.8(-2.11 %),76730,2149844000,240000,6710906000,96367536,19.46
22/10/2009,261160,7181441000,28.7(3.24 %),382930,10683866000,121770,3502425000,96106376,19.54
23/10/2009,-123860,-3489548000,27.5(-4.18 %),5000,142100000,128860,3631648000,96230236,19.5
26/10/2009,2740,75076000,27.5(0.00 %),31830,873642000,29090,798566000,96227496,19.5
27/10/2009,-339760,-9068313000,26.7(-2.91 %),55260,1484550000,395020,10552863000,96567256,19.4
28/10/2009,3220,108341000,26.7(0.00 %),209440,5619037000,206220,5510696000,96564036,19.4
29/10/2009,121300,3180230000,26(-2.62 %),122590,3213899000,1290,33669000,96442736,19.44
30/10/2009,90250,2405408000,26.4(1.54 %),100250,2666510000,10000,261102000,96352486,19.47
02/11/2009,-497530,-12502975000,25.1(-4.92 %),132910,3338163000,630440,15841138000,96850016,19.31
03/11/2009,-427470,-10216021000,23.9(-4.78 %),122530,3000092000,550000,13216113000,97277486,19.18
04/11/2009,100290,2467281000,24.5(2.51 %),113790,2802231000,13500,334950000,97177196,19.21
05/11/2009,11150,249750000,25.7(4.90 %),50150,1238250000,39000,988500000,97166046,19.22
06/11/2009,-699090,-17523873000,24.6(-4.28 %),32920,829835000,732010,18353708000,97865136,19.0
09/11/2009,-61110,-1421776000,23.4(-4.88 %),157510,3766529000,218620,5188305000,97926246,18.98
10/11/2009,-173360,-4024551000,22.8(-2.56 %),129650,2964580000,303010,6989131000,98099606,18.93
11/11/2009,10500,235770000,23.5(3.07 %),120500,2817770000,110000,2582000000,98089106,18.93
12/11/2009,-132000,-3153700000,23.7(0.85 %),3000,71100000,135000,3224800000,98221106,18.89
13/11/2009,-464890,-10814515000,23.5(-0.84 %),84240,1968292000,549130,12782807000,98685996,18.75
16/11/2009,-145360,-3428189000,23.3(-0.85 %),8100,191750000,153460,3619939000,98831356,18.71
17/11/2009,-23930,-560206000,23(-1.29 %),46780,1089930000,70710,1650136000,98855286,18.7
18/11/2009,-14690,-342160000,22.9(-0.43 %),141140,3242006000,155830,3584166000,98869976,18.69
19/11/2009,-322060,-7446619000,23.1(0.87 %),10000,232000000,332060,7678619000,99192036,18.59
20/11/2009,-123350,-2842666000,23(-0.43 %),22750,525375000,146100,3368041000,99315386,18.56
23/11/2009,-13250,-298064000,22(-4.35 %),63810,1433591000,77060,1731655000,99328636,18.55
24/11/2009,-21650,-465243000,21.4(-2.73 %),56660,1224262000,78310,1689505000,99350286,18.55
25/11/2009,131340,2696971000,20.4(-4.67 %),137040,2816286000,5700,119315000,99218946,18.59
26/11/2009,197510,3831694000,19.4(-4.90 %),209240,4059256000,11730,227562000,99021436,18.65
27/11/2009,84650,1566025000,20.2(4.12 %),88650,1640025000,4000,74000000,98936786,18.67
30/11/2009,-93470,-1875077000,19.7(-2.48 %),150120,3005490000,243590,4880567000,99030256,18.64
01/12/2009,-129050,-2592005000,19.9(1.02 %),42950,865295000,172000,3457300000,99159306,18.6
02/12/2009,-121940,-2319945000,19(-4.52 %),9590,185304000,131530,2505249000,99281246,18.57
03/12/2009,-111130,-2020579000,18.3(-3.68 %),31100,566510000,142230,2587089000,99392376,18.53
04/12/2009,-288800,-5236788000,18(-1.64 %),17150,313875000,305950,5550663000,99681176,18.44
07/12/2009,-189350,-3482113000,18.9(5.00 %),32150,580287000,221500,4062400000,99870526,18.39
08/12/2009,-175000,-3258039000,18.4(-2.65 %),13400,253300000,188400,3511339000,100045526,18.33
09/12/2009,-493400,-8646777000,17.6(-4.35 %),2100,36750000,495500,8683527000,100538926,18.18
10/12/2009,-420340,-7187698000,16.8(-4.55 %),13020,228852000,433360,7416550000,100959266,18.05
11/12/2009,-18670,-237575000,16.5(-1.79 %),231330,3774030000,250000,4011605000,100977936,18.05
14/12/2009,-16790,-277035000,17.1(3.64 %),3050,50325000,19840,327360000,100994726,18.04
15/12/2009,-45690,-772354000,17(-0.58 %),40860,694284000,86550,1466638000,101040416,18.03
16/12/2009,-279940,-4542892000,16.2(-4.71 %),105060,1705466000,385000,6248358000,101320356,17.94
17/12/2009,-111060,-1741748000,16.4(1.23 %),126940,2031840000,238000,3773588000,101431416,17.91
18/12/2009,-593480,-9940475000,16.5(0.61 %),423520,7165486000,1017000,17105961000,102024896,17.73
21/12/2009,-189370,-3284829000,17.3(4.85 %),80290,1371289000,269660,4656118000,102214266,17.67
22/12/2009,109980,1996656000,17.8(2.89 %),349270,6290317000,239290,4293661000,102104286,17.7
23/12/2009,-263000,-4682961000,17.8(0.00 %),334820,5965496000,597820,10648457000,102367286,17.62
24/12/2009,-537720,-9415016000,18.1(1.69 %),216480,3891107000,754200,13306123000,102905006,17.46
25/12/2009,-353910,-6524110000,19(4.97 %),33200,609730000,387110,7133840000,103258916,17.35
28/12/2009,198280,3735811000,18.5(-2.63 %),320470,6047576000,122190,2311765000,103060636,17.41
29/12/2009,-700,-26343000,18.3(-1.08 %),279400,5050580000,280100,5076923000,103061336,17.41
30/12/2009,-247960,-4705101000,19.2(4.92 %),252250,4679570000,500210,9384671000,103309296,17.33
31/12/2009,54000,1038800000,18.9(-1.56 %),154000,2958800000,100000,1920000000,103255296,17.35
04/01/2010,256450,5049025000,19.8(4.76 %),414950,8187325000,158500,3138300000,102998846,17.43
05/01/2010,-353300,-7308809000,20.7(4.55 %),888980,18400044000,1242280,25708853000,103352146,17.32
06/01/2010,-665810,-13939927000,21.3(2.90 %),350250,7267875000,1016060,21207802000,104017956,17.12
07/01/2010,-8120,-162966000,20.4(-4.23 %),72880,1541204000,81000,1704170000,104026076,17.11
08/01/2010,301080,6209954000,20.4(0.00 %),318520,6574882000,17440,364928000,103724996,17.21
11/01/2010,144810,2964226000,20.5(0.49 %),197840,4052144000,53030,1087918000,103580186,17.25
12/01/2010,142810,3001449000,20.5(0.00 %),399820,8432531000,257010,5431082000,103437376,17.29
13/01/2010,75930,1555913000,20.6(0.49 %),78930,1618613000,3000,62700000,103361446,17.32
14/01/2010,10090,210150000,20.6(0.00 %),33090,686250000,23000,476100000,103351356,17.32
15/01/2010,-110810,-2215283000,20(-2.91 %),137120,2783972000,247930,4999255000,103462166,17.29
18/01/2010,-281080,-5342274000,19(-5.00 %),104920,2012240000,386000,7354514000,103743246,17.2
19/01/2010,-18750,-364045000,18.9(-0.53 %),121920,2308331000,140670,2672376000,103761996,17.19
20/01/2010,101680,1917348000,18.7(-1.06 %),537141,10107818000,435461,8190470000,103660316,17.23
21/01/2010,276730,5153130000,18.5(-1.07 %),384940,7171931000,108210,2018801000,103383586,17.31
22/01/2010,40460,741518000,18.4(-0.54 %),41460,760018000,1000,18500000,103343126,17.32
25/01/2010,24650,453696000,18.5(0.54 %),50110,923554000,25460,469858000,103318476,17.33
26/01/2010,-197680,-3834050000,19.4(4.86 %),87320,1686450000,285000,5520500000,103516156,17.27
27/01/2010,-22820,-423749000,18.7(-3.61 %),179390,3442484000,202210,3866233000,103538976,17.26
28/01/2010,-43630,-816534000,18.6(-0.53 %),404300,7563550000,447930,8380084000,103582606,17.25
29/01/2010,-114150,-2143482000,18.7(0.54 %),233060,4358528000,347210,6502010000,103696756,17.21
01/02/2010,187500,3400404000,18.3(4.57 %),187500,3400404000,0,0,103509256,17.27
02/02/2010,131610,2416625000,18.1(-1.09 %),300500,5479400000,168890,3062775000,103377646,17.31
03/02/2010,168150,3104975000,18.7(3.31 %),374730,6944958000,206580,3839983000,103209496,17.36
04/02/2010,119390,2236712000,18.7(0.00 %),138200,2590340000,18810,353628000,103090106,17.4
05/02/2010,36480,676892000,18.1(-3.21 %),156340,2861522000,119860,2184630000,103053626,17.41
08/02/2010,2670,46339000,18(-0.55 %),89260,1609106000,86590,1562767000,103050956,17.41
09/02/2010,45040,797478000,17.6(-2.22 %),204200,3619312000,159160,2821834000,103005916,17.43
10/02/2010,21540,384573000,17.8(1.14 %),46240,826703000,24700,442130000,102984376,17.43
11/02/2010,-1810,-30912000,18(1.12 %),92730,1665180000,94540,1696092000,102986186,17.43
12/02/2010,15270,274998000,18.2(1.11 %),79020,1436179000,63750,1161181000,102970916,17.44
22/02/2010,13770,258902000,18.5(1.65 %),80660,1500098000,66890,1241196000,102957146,17.44
23/02/2010,-295610,-5278363000,17.8(-3.78 %),41870,755008000,337480,6033371000,103252756,17.35
24/02/2010,-690790,-12052941000,17.4(-2.25 %),107220,1870950000,798010,13923891000,103943546,17.14
25/02/2010,-662860,-11540965000,17.2(-1.15 %),59680,1043140000,722540,12584105000,104606406,16.94
26/02/2010,-1277720,-22491401000,18(4.65 %),216380,3776791000,1494100,26268192000,102797723,16.54
01/03/2010,-256250,-4645610000,17.8(-1.11 %),141500,2539440000,397750,7185050000,103053973,17.41
02/03/2010,-130450,-2317110000,17.6(-1.12 %),1000,17800000,131450,2334910000,103184423,17.37
03/03/2010,-161720,-2851816000,17.8(1.14 %),4900,87020000,166620,2938836000,103346143,17.32
04/03/2010,-162570,-2883473000,17.6(-1.12 %),16770,297779000,179340,3181252000,103508713,17.27
05/03/2010,34170,600985000,17.7(0.57 %),242300,4272580000,208130,3671595000,103474543,17.28
08/03/2010,162260,2899528000,18(1.69 %),268260,4792528000,106000,1893000000,103312283,17.33
09/03/2010,86780,1564240000,18(0.00 %),90280,1627240000,3500,63000000,103225503,17.36
10/03/2010,-58820,-1055470000,17.7(-1.67 %),43180,770430000,102000,1825900000,103284323,17.34
11/03/2010,-43720,-769216000,17.6(-0.56 %),40500,715900000,84220,1485116000,103328043,17.33
12/03/2010,58370,1034563000,17.7(0.57 %),58870,1043453000,500,8890000,103269673,17.35
15/03/2010,-156370,-2761644000,17.6(-0.56 %),50510,893258000,206880,3654902000,103426043,17.3
16/03/2010,-139230,-2430659000,17.3(-1.70 %),900,15660000,140130,2446319000,103565273,17.25
17/03/2010,-19620,-337416000,17.1(-1.16 %),5850,100205000,25470,437621000,103584893,17.25
18/03/2010,-68510,-1179646000,17.2(0.58 %),5650,98160000,74160,1277806000,103653403,17.23
19/03/2010,-84290,-1441422000,17(-1.16 %),39970,681050000,124260,2122472000,103737693,17.2
22/03/2010,-113490,-1921031000,16.9(-0.59 %),30570,519337000,144060,2440368000,103851183,17.17
23/03/2010,22240,376680000,16.9(0.00 %),65970,1116090000,43730,739410000,103828943,17.17
24/03/2010,-35810,-607811000,17(0.59 %),50630,862313000,86440,1470124000,103864753,17.16
25/03/2010,-14720,-239266000,16.7(-1.76 %),33780,568148000,48500,807414000,103879473,17.16
26/03/2010,-174000,-2894357000,16.5(-1.20 %),47580,792746000,221580,3687103000,104053473,17.1
29/03/2010,-81740,-1359852000,16.6(0.61 %),1100,18260000,82840,1378112000,104135213,17.08
30/03/2010,-229400,-3775066000,16.3(-1.81 %),500,8300000,229900,3783366000,104364613,17.01
31/03/2010,82750,1359842000,16.3(0.00 %),147750,2423842000,65000,1064000000,104281863,17.03
01/04/2010,-154590,-2664285000,17.1(4.91 %),140410,2342765000,295000,5007050000,104436453,16.99
02/04/2010,-89040,-1534799000,17.1(0.00 %),142660,2444671000,231700,3979470000,104525493,16.96
05/04/2010,95240,1647219000,17.3(1.17 %),156440,2707379000,61200,1060160000,104430253,16.99
06/04/2010,12670,231891000,17(-1.73 %),162670,2810391000,150000,2578500000,104417583,16.99
07/04/2010,-47400,-807500000,17.1(0.59 %),12600,214200000,60000,1021700000,104464983,16.98
08/04/2010,-194530,-3282540000,16.8(-1.75 %),78320,1324840000,272850,4607380000,104659513,16.92
09/04/2010,-313180,-5452900000,17.5(4.17 %),20660,353455000,333840,5806355000,104972693,16.82
12/04/2010,-52110,-920576000,17.5(0.00 %),260,4553000,52370,925129000,105024803,16.81
13/04/2010,-146210,-2590414000,17.6(0.57 %),267130,4743250000,413340,7333664000,105171013,16.76
14/04/2010,152610,2700619000,17.7(0.57 %),277610,4888199000,125000,2187580000,105018403,16.81
15/04/2010,276780,4903611000,17.7(0.00 %),351780,6231111000,75000,1327500000,104741623,16.89
16/04/2010,108540,1912836000,17.4(-1.69 %),132800,2340860000,24260,428024000,104633083,16.93
19/04/2010,17010,296641000,17(-2.30 %),19660,341691000,2650,45050000,104616073,16.93
20/04/2010,82900,1429970000,17.3(1.76 %),99500,1716350000,16600,286380000,104533173,16.96
21/04/2010,-13110,-226922000,17.3(0.00 %),3690,63738000,16800,290660000,104546283,16.95
22/04/2010,6550,120857000,17.4(0.58 %),117840,2060432000,111290,1939575000,104539733,16.96
26/04/2010,511360,9305032000,18.2(4.60 %),728220,13251834000,216860,3946802000,102934903,17.45
27/04/2010,306070,5603345000,18.7(2.75 %),420780,7748222000,114710,2144877000,104233663,17.05
28/04/2010,787400,15153302000,19.6(4.81 %),809900,15584302000,22500,431000000,103446263,17.29
29/04/2010,487400,9783812000,20.1(2.55 %),509210,10222574000,21810,438762000,102958863,17.44
04/05/2010,224960,4555983000,19.9(-1.00 %),245250,4967039000,20290,411056000,102733903,17.51
05/05/2010,135150,2570746000,19(-4.52 %),136490,2596708000,1340,25962000,102598753,17.55
06/05/2010,43650,828185000,19.3(1.58 %),191000,3658970000,147350,2830785000,102555103,17.56
07/05/2010,-277070,-5104973000,18.7(-3.11 %),249760,4636338000,526830,9741311000,102832173,17.48
10/05/2010,37250,680258000,17.9(-4.28 %),62740,1141129000,25490,460871000,102794923,17.49
11/05/2010,18680,341040000,18.7(4.47 %),86200,1567519000,67520,1226479000,102776243,17.5
12/05/2010,-18770,-341161000,18(-3.74 %),62680,1140776000,81450,1481937000,102795013,17.49
13/05/2010,30000,541480000,17.9(-0.56 %),30200,545080000,200,3600000,102765013,17.5
14/05/2010,36660,655505000,17.8(-0.56 %),67040,1201383000,30380,545878000,102728353,17.51
17/05/2010,-134470,-2311336000,17.1(-3.93 %),2100,35980000,136570,2347316000,102862823,17.47
18/05/2010,-31820,-546084000,17(-0.58 %),3900,66300000,35720,612384000,102894643,17.46
19/05/2010,-312740,-5146178000,16.3(-4.12 %),65430,1082161000,378170,6228339000,103207383,17.36
20/05/2010,-163640,-2691820000,16.7(2.45 %),680,11016000,164320,2702836000,103371023,17.31
21/05/2010,-89520,-1447080000,15.9(-4.79 %),58200,926380000,147720,2373460000,103460543,17.29
24/05/2010,-29850,-474938000,16.2(1.89 %),107520,1749993000,137370,2224931000,103490393,17.28
25/05/2010,29260,474387000,16.3(0.62 %),224550,3655414000,195290,3181027000,103461133,17.29
26/05/2010,-10100,-164536000,16.5(1.23 %),144320,2383936000,154420,2548472000,103471233,17.28
27/05/2010,75080,1238438000,16.7(1.21 %),187060,3093924000,111980,1855486000,103396153,17.31
28/05/2010,66860,1153821000,17.5(4.79 %),206860,3562521000,140000,2408700000,103329293,17.33
31/05/2010,192620,3302497000,17.2(-1.71 %),209030,3584653000,16410,282156000,103136673,17.39
01/06/2010,-19090,-358895000,17.6(2.33 %),75910,1305105000,95000,1664000000,103155763,17.38
02/06/2010,87910,1536025000,17.4(-1.14 %),261010,4557775000,173100,3021750000,103067853,17.41
03/06/2010,-15830,-271408000,17.2(-1.15 %),122000,2124400000,137830,2395808000,103083683,17.4
04/06/2010,-90840,-1559226000,17.1(-0.58 %),119950,2060540000,210790,3619766000,103174523,17.37
07/06/2010,-189530,-3158173000,16.5(-3.51 %),157400,2620617000,346930,5778790000,103364053,17.32
08/06/2010,-276470,-4565078000,16.5(0.00 %),198000,3269200000,474470,7834278000,103640523,17.23
09/06/2010,-185890,-3076461000,16.5(0.00 %),157700,2609240000,343590,5685701000,103826413,17.17
10/06/2010,-62190,-1027235000,16.5(0.00 %),25140,414810000,87330,1442045000,103888603,17.16
11/06/2010,-99240,-1652351000,16.6(0.61 %),294268,4628335000,393508,6280686000,103987843,17.12
14/06/2010,-262750,-4447311000,16.9(1.81 %),249550,4216395000,512300,8663706000,104250593,17.04
15/06/2010,-115880,-1944472000,16.7(-1.18 %),48070,809290000,163950,2753762000,104366473,17.01
16/06/2010,-50640,-852430000,16.8(0.60 %),54360,916070000,105000,1768500000,104417113,16.99
17/06/2010,79250,1337008000,16.9(0.60 %),553557,8973763000,474307,7636755000,104337863,17.02
18/06/2010,176870,3020253000,17.1(1.18 %),246190,4206057000,69320,1185804000,104160993,17.07
21/06/2010,-120690,-2065981000,17(-0.58 %),11820,202239000,132510,2268220000,104281683,17.03
22/06/2010,109060,1854020000,17(0.00 %),119060,2024020000,10000,170000000,104172623,17.07
23/06/2010,53290,901104000,16.9(-0.59 %),53290,901104000,0,0,104119333,17.08
24/06/2010,95360,1629129000,16.9(0.00 %),187550,3193350000,92190,1564221000,104023973,17.11
25/06/2010,87720,1482591000,16.9(0.00 %),166580,2815325000,78860,1332734000,103936253,17.14
28/06/2010,-107100,-1806804000,16.8(-0.59 %),37100,623980000,144200,2430784000,104043353,17.11
29/06/2010,20080,337592000,16.8(0.00 %),95890,1610700000,75810,1273108000,104023273,17.11
30/06/2010,-155960,-2547152000,16.3(-2.98 %),106770,1752134000,262730,4299286000,104179233,17.07
01/07/2010,-63970,-1050505000,16.5(1.23 %),3000,49200000,66970,1099705000,104243203,17.05
02/07/2010,-95530,-1551024000,16.2(-1.82 %),13460,219797000,108990,1770821000,104338733,17.02
05/07/2010,200050,3275428000,16.5(1.85 %),200060,3275593000,10,165000,104138683,17.08
06/07/2010,-225150,-3624630000,16.1(-2.42 %),12700,205040000,237850,3829670000,104363833,17.01
07/07/2010,-72150,-1162603000,15.9(-1.24 %),4000,64020000,76150,1226623000,104435983,16.99
08/07/2010,-131540,-2094457000,15.8(-0.63 %),9840,157440000,141380,2251897000,104567523,16.95
09/07/2010,-30000,-477000000,15.8(0.00 %),20000,316000000,50000,793000000,104597523,16.94
12/07/2010,-28900,-455620000,15.8(0.00 %),3100,48980000,32000,504600000,104626423,16.93
13/07/2010,111720,1810063000,16.3(3.16 %),125720,2038390000,14000,228327000,104514703,16.96
14/07/2010,-38100,-618142000,16.1(-1.23 %),7400,118870000,45500,737012000,104552803,16.95
15/07/2010,-10500,-168050000,16(-0.62 %),24500,391950000,35000,560000000,104563303,16.95
16/07/2010,75640,1210240000,16(0.00 %),75640,1210240000,0,0,104487663,16.97
19/07/2010,59500,947597000,15.9(-0.62 %),81500,1299797000,22000,352200000,104428163,16.99
20/07/2010,-48620,-771058000,15.9(0.00 %),21000,333900000,69620,1104958000,104476783,16.97
21/07/2010,-2460,-40839000,15.7(-1.26 %),12100,189730000,14560,230569000,104479243,16.97
22/07/2010,-34800,-539616000,15.4(-1.91 %),33600,523160000,68400,1062776000,104514043,16.96
23/07/2010,-17850,-276155000,15.4(0.00 %),17850,274965000,35700,551120000,104531893,16.96
26/07/2010,12850,197920000,15.4(0.00 %),12850,197920000,0,0,104519043,16.96
27/07/2010,-96150,-1479688000,15.6(1.30 %),40200,627080000,136350,2106768000,104615193,16.93
28/07/2010,1400,21040000,15.3(-1.92 %),6400,98540000,5000,77500000,104613793,16.93
29/07/2010,-282190,-4254595000,14.9(-2.61 %),66380,998180000,348570,5252775000,104895983,16.85
30/07/2010,-544050,-8068781000,14.7(-1.34 %),12510,186118000,556560,8254899000,105440033,16.68
02/08/2010,-300190,-4355920000,14.5(-1.36 %),161780,2347382000,461970,6703302000,105740223,16.59
03/08/2010,-481970,-6894960000,14.2(-2.07 %),17600,253110000,499570,7148070000,106222193,16.44
04/08/2010,-686400,-9491364000,13.8(-2.82 %),1800,24920000,688200,9516284000,106908593,16.23
05/08/2010,-977500,-14061857000,14.4(4.35 %),56190,807279000,1033690,14869136000,107886093,15.93
06/08/2010,-80350,-1160169000,14.4(0.00 %),36780,532884000,117130,1693053000,107966443,15.91
09/08/2010,26600,376750000,14(-2.78 %),46600,656860000,20000,280110000,107939843,15.91
10/08/2010,-417820,-5568210000,13.3(-2.92 %),14100,192060000,431920,5760270000,108357663,15.79
11/08/2010,-375330,-4964629000,13.3(0.00 %),4550,60465000,379880,5025094000,375330,48.88
12/08/2010,-245980,-3178320000,12.7(-4.51 %),9430,123233000,255410,3301553000,108603643,15.71
13/08/2010,-385530,-4847491000,12.8(0.79 %),22470,281475000,408000,5128966000,108989173,15.59
16/08/2010,5950,78550000,13.4(4.69 %),6950,91550000,1000,13000000,108983223,15.59
17/08/2010,75080,1013200000,13.5(0.75 %),76080,1026500000,1000,13300000,109173983,15.54
18/08/2010,-460600,-5951936000,13(-3.70 %),12600,165610000,473200,6117546000,109368743,15.48
19/08/2010,-44680,-581249000,13(0.00 %),49800,645964000,94480,1227213000,109413423,15.46
20/08/2010,164360,2196346000,13.4(3.08 %),164360,2196346000,0,0,109249063,15.51
23/08/2010,-64210,-834914000,13(-2.99 %),5050,65870000,69260,900784000,109313273,15.49
24/08/2010,11850,151330000,12.6(-3.08 %),11900,151970000,50,640000,109301423,0.0
25/08/2010,66900,806895000,12(-4.76 %),121700,1472929000,54800,666034000,109234523,15.52
26/08/2010,-291030,-3443328000,11.8(-1.67 %),47160,568820000,338190,4012148000,109525553,15.43
27/08/2010,26220,311658000,12(1.69 %),26220,311658000,0,0,109499333,15.44
30/08/2010,-194270,-2439702000,12.6(5.00 %),0,0,194270,2439702000,109693603,15.38
31/08/2010,10080,132236000,12.8(1.59 %),162050,2081658000,151970,1949422000,109683523,15.38
01/09/2010,-7210,-88638000,12.8(0.00 %),83220,1065166000,90430,1153804000,109690733,15.38
06/09/2010,-203940,-2694369000,13.1(2.34 %),58150,760639000,262090,3455008000,112943636,14.38
07/09/2010,-126890,-1624903000,12.8(-2.29 %),68110,882417000,195000,2507320000,113070526,14.34
08/09/2010,-100790,-1259898000,12.7(-0.78 %),224250,2815412000,325040,4075310000,113171316,14.31
09/09/2010,80650,1031342000,12.9(1.57 %),80650,1031342000,0,0,113090666,14.33
10/09/2010,26950,342035000,12.4(-3.88 %),28210,357929000,1260,15894000,113063716,14.34
13/09/2010,28230,353942000,12.4(0.00 %),128230,1584734000,100000,1230792000,113035486,14.35
14/09/2010,86750,1081796000,12.6(1.61 %),87950,1096796000,1200,15000000,112948736,14.38
15/09/2010,241760,3067122000,12.9(2.38 %),312760,3963622000,71000,896500000,112706976,14.45
16/09/2010,58960,761330000,12.9(0.00 %),158130,2034580000,99170,1273250000,112648016,14.47
17/09/2010,414650,5408621000,13.1(1.55 %),417950,5451191000,3300,42570000,112233366,14.6
20/09/2010,103810,1363970000,13.2(0.76 %),103810,1363970000,0,0,112129556,14.63
21/09/2010,-252650,-3238632000,12.8(-3.03 %),12280,157640000,264930,3396272000,112382206,14.55
22/09/2010,75390,962791000,12.8(0.00 %),75800,968039000,410,5248000,112306816,14.57
23/09/2010,427660,5484198000,12.9(0.78 %),428160,5490648000,500,6450000,111879156,14.71
24/09/2010,-318850,-4032214000,12.8(-0.78 %),2020,25451000,320870,4057665000,112198006,14.61
27/09/2010,-135900,-1712387000,12.7(-0.78 %),16100,204380000,152000,1916767000,112333906,14.57
28/09/2010,46820,600956000,12.8(0.79 %),76820,983956000,30000,383000000,112287086,14.58
29/09/2010,426990,5488699000,12.9(0.78 %),434390,5583419000,7400,94720000,111860096,14.71
30/09/2010,207080,2648904000,12.8(-0.78 %),246080,3147636000,39000,498732000,111653016,14.78
01/10/2010,73930,940246000,12.6(-1.56 %),88750,1129430000,14820,189184000,111579086,14.8
04/10/2010,331490,4144985000,12.5(-0.79 %),331490,4144985000,0,0,111247596,14.9
05/10/2010,210300,2666933000,12.8(2.40 %),244800,3094733000,34500,427800000,111037296,14.96
06/10/2010,82390,1053628000,12.8(0.00 %),369890,4733628000,287500,3680000000,110954906,14.99
07/10/2010,106460,1356698000,12.6(-1.56 %),179610,2280436000,73150,923738000,110848446,15.02
08/10/2010,-594330,-7279268000,12.2(-3.17 %),159880,1984977000,754210,9264245000,111442776,14.84
11/10/2010,-86820,-1040989000,12(-1.64 %),66870,807529000,153690,1848518000,111529596,14.81
12/10/2010,-256680,-3041306000,11.8(-1.67 %),49620,588080000,306300,3629386000,111786276,14.73
13/10/2010,-68970,-788949000,12.1(2.54 %),217390,2591945000,286360,3380894000,111855246,14.71
14/10/2010,-293310,-3493827000,11.8(-2.48 %),93590,1121629000,386900,4615456000,112148556,14.62
15/10/2010,42350,510255000,11.9(0.85 %),206980,2448552000,164630,1938297000,112106206,14.64
18/10/2010,55100,654265000,11.8(-0.84 %),60700,720905000,5600,66640000,112051106,14.65
19/10/2010,122980,1439272000,11.7(-0.85 %),122980,1439272000,0,0,111928126,14.69
20/10/2010,61520,702272000,11.3(-3.42 %),64620,738212000,3100,35940000,111866606,14.71
21/10/2010,32110,368884000,11.4(0.88 %),122910,1396121000,90800,1027237000,111834496,14.72
22/10/2010,53120,605314000,11.3(-0.88 %),155120,1742920000,102000,1137606000,111781376,14.74
25/10/2010,75320,839699000,11.1(-1.77 %),81520,908847000,6200,69148000,111706056,14.76
26/10/2010,96820,1098619000,11.4(2.70 %),96820,1098619000,0,0,111609236,14.79
27/10/2010,135300,1525801000,11.3(-0.88 %),135300,1525801000,0,0,111473936,14.83
28/10/2010,55730,626176000,11.2(-0.88 %),55730,626176000,0,0,111418206,14.85
29/10/2010,37640,424568000,11.3(0.89 %),40040,451448000,2400,26880000,111380566,14.86
01/11/2010,135400,1546528000,11.5(1.77 %),135400,1546528000,0,0,111245166,14.9
02/11/2010,44630,505439000,11.3(-1.74 %),44630,505439000,0,0,111200536,14.91
03/11/2010,116170,1311638000,11.3(0.00 %),116170,1311638000,0,0,111084366,14.95
04/11/2010,-18830,-212991000,11.3(0.00 %),82760,934976000,101590,1147967000,111103196,14.94
05/11/2010,118370,1365383000,11.6(2.65 %),120370,1387983000,2000,22600000,110984826,14.98
08/11/2010,27870,325702000,11.3(-2.59 %),63660,732156000,35790,406454000,110956956,14.99
09/11/2010,24840,273546000,11.1(-1.77 %),101260,1126542000,76420,852996000,110932116,15.0
10/11/2010,79350,882785000,11.1(0.00 %),115350,1282385000,36000,399600000,110852766,15.02
11/11/2010,-19970,-217927000,10.9(-1.80 %),45030,497573000,65000,715500000,110872736,15.01
12/11/2010,119200,1304530000,11(0.92 %),121700,1331980000,2500,27450000,110753536,15.05
15/11/2010,46040,499928000,10.7(-2.73 %),46040,499928000,0,0,110707496,15.07
16/11/2010,54770,580553000,10.5(-1.87 %),68510,727571000,13740,147018000,110652726,15.08
17/11/2010,27130,287698000,10.6(0.95 %),300110,3203500000,272980,2915802000,110625596,15.09
18/11/2010,78320,848842000,10.9(2.83 %),78320,848842000,0,0,110547276,15.11
19/11/2010,76580,832789000,10.9(0.00 %),91680,996680000,15100,163891000,110470696,15.14
22/11/2010,26640,293172000,10.8(-0.92 %),116640,1252172000,90000,959000000,110444056,15.15
23/11/2010,195630,2166431000,11.1(2.78 %),306930,3372841000,111300,1206410000,110248426,15.21
24/11/2010,56110,647781000,11.3(1.80 %),196110,2193705000,140000,1545924000,110192316,15.22
25/11/2010,57060,650487000,11.2(-0.88 %),79760,910457000,22700,259970000,110135256,15.24
26/11/2010,25010,280664000,11.1(-0.89 %),47410,531992000,22400,251328000,110110246,15.25
29/11/2010,276060,3171870000,11.6(4.50 %),281000,3226824000,4940,54954000,109834186,15.33
30/11/2010,44430,536469000,11.6(0.00 %),119990,1431209000,75560,894740000,109789756,15.35
01/12/2010,96700,1115386000,11.3(-2.59 %),108700,1252786000,12000,137400000,109693056,15.38
02/12/2010,52830,607019000,11.5(1.77 %),56830,652219000,4000,45200000,109640226,15.39
03/12/2010,-224650,-2603787000,11.7(1.74 %),79520,933768000,304170,3537555000,109864876,15.32
06/12/2010,48670,566023000,11.6(-0.85 %),58510,680167000,9840,114144000,109816206,15.34
07/12/2010,177720,2066966000,11.4(-1.72 %),288800,3348184000,111080,1281218000,109638486,15.39
08/12/2010,39820,446066000,10.9(-4.39 %),51820,579666000,12000,133600000,109598666,15.4
09/12/2010,60620,667152000,11.1(1.83 %),66160,726830000,5540,59678000,109538046,15.42
10/12/2010,101410,1154894000,11.5(3.60 %),206410,2341894000,105000,1187000000,109436636,15.45
13/12/2010,-46050,-557490000,12(4.35 %),102950,1227980000,149000,1785470000,109482686,15.44
14/12/2010,539280,6526779000,12.3(2.50 %),549330,6648894000,10050,122115000,108943406,15.61
15/12/2010,246030,3034654000,12.2(-0.81 %),288030,3553933000,42000,519279000,108697376,15.68
16/12/2010,377150,4553972000,12.1(-0.82 %),419050,5064152000,41900,510180000,108320226,15.8
17/12/2010,706700,8800433000,12.7(4.96 %),765200,9516583000,58500,716150000,107613526,16.01
20/12/2010,37250,466190000,12.3(-3.15 %),88190,1112393000,50940,646203000,107576276,16.02
21/12/2010,257180,3193453000,12.3(0.00 %),305530,3787083000,48350,593630000,107319096,16.1
22/12/2010,228300,2784723000,12(-2.44 %),313450,3814191000,85150,1029468000,107090796,16.17
23/12/2010,200170,2391726000,11.9(-0.83 %),233380,2787488000,33210,395762000,106890626,16.24
24/12/2010,104390,1239374000,11.9(0.00 %),104390,1239374000,0,0,106786236,16.27
27/12/2010,85170,991163000,11.6(-2.52 %),100060,1163887000,14890,172724000,106701066,16.29
28/12/2010,72390,839187000,11.3(-2.59 %),97390,1127647000,25000,288460000,106628676,16.32
29/12/2010,69720,807895000,11.5(1.77 %),73910,856699000,4190,48804000,106558956,16.34
30/12/2010,150060,1747238000,11.7(1.74 %),150060,1747238000,0,0,106408896,16.38
31/12/2010,45340,527362000,11.7(0.00 %),45340,527362000,0,0,106363556,16.4
04/01/2011,85580,996664000,11.7(0.00 %),111360,1297312000,25780,300648000,106277976,16.42
05/01/2011,99280,1158176000,11.6(-0.85 %),135280,1576876000,36000,418700000,106178696,16.45
06/01/2011,60610,699534000,11.4(-1.72 %),70610,815066000,10000,115532000,106118086,16.47
07/01/2011,2380,27026000,11.6(1.75 %),54880,632176000,52500,605150000,106115706,16.47
10/01/2011,167470,1942217000,11.7(0.86 %),167470,1942217000,0,0,105948236,16.52
11/01/2011,136090,1570328000,11.6(-0.85 %),136090,1570328000,0,0,105812146,16.57
12/01/2011,-106140,-1213738000,11.4(-1.72 %),46950,536300000,153090,1750038000,105918286,16.53
13/01/2011,132030,1533915000,11.7(2.63 %),134650,1564407000,2620,30492000,105786256,16.57
14/01/2011,490840,5912807000,12.2(4.27 %),490840,5912807000,0,0,105295416,16.72
17/01/2011,86820,1064818000,12.2(0.00 %),86820,1064818000,0,0,105208596,16.75
18/01/2011,334600,4075378000,12.2(0.00 %),334600,4075378000,0,0,104873996,16.85
19/01/2011,411070,5052947000,12.4(1.64 %),426070,5236947000,15000,184000000,104462926,16.98
20/01/2011,241910,2991322000,12.3(-0.81 %),262070,3240306000,20160,248984000,104221016,17.05
21/01/2011,148710,1836204000,12.3(0.00 %),198710,2453004000,50000,616800000,104072306,17.1
24/01/2011,134870,1634523000,12.1(-1.63 %),134870,1634523000,0,0,103937436,17.14
25/01/2011,139350,1656049000,12(-0.83 %),168350,1999349000,29000,343300000,103798086,17.18
26/01/2011,83350,991175000,11.8(-1.67 %),85350,1014775000,2000,23600000,103714736,17.21
27/01/2011,291230,3499798000,12.1(2.54 %),303230,3641398000,12000,141600000,103423506,17.3
28/01/2011,223330,2727167000,12.3(1.65 %),248330,3032261000,25000,305094000,103200176,17.37
08/02/2011,114040,1424804000,12.5(1.63 %),214990,2683149000,100950,1258345000,103086136,17.4
09/02/2011,63120,782790000,12.2(-2.40 %),66120,819890000,3000,37100000,103023016,17.42
10/02/2011,17750,216720000,12.2(0.00 %),48990,596572000,31240,379852000,103005266,17.43
11/02/2011,42600,519650000,12.2(0.00 %),49700,605650000,7100,86000000,102962666,17.44
14/02/2011,-52700,-662224000,12.4(1.64 %),45990,582782000,98690,1245006000,103015366,17.42
15/02/2011,23960,292060000,12.2(-1.61 %),65260,796550000,41300,504490000,102991406,17.43
16/02/2011,5130,67927000,12(-1.64 %),77590,942716000,72460,874789000,102986276,17.43
17/02/2011,26850,325048000,12.1(0.83 %),120130,1447828000,93280,1122780000,102959426,17.44
18/02/2011,132810,1597701000,12.1(0.00 %),134810,1621701000,2000,24000000,102826616,17.48
21/02/2011,103820,1205656000,11.6(-4.13 %),103820,1205656000,0,0,102610766,17.55
22/02/2011,86890,1015226000,11.8(1.72 %),89490,1045286000,2600,30060000,102739726,17.51
23/02/2011,147890,1758371000,11.9(0.85 %),154890,1841171000,7000,82800000,102591836,17.55
24/02/2011,-122750,-1428475000,11.7(-1.68 %),45520,529784000,168270,1958259000,102714586,17.52
25/02/2011,6630,78489000,11.7(0.00 %),46130,539068000,39500,460579000,102707956,17.52
28/02/2011,47600,555630000,11.7(0.00 %),47600,555630000,0,0,102660356,17.53
01/03/2011,44770,524809000,11.8(0.85 %),49600,581520000,4830,56711000,102615586,17.55
02/03/2011,52810,599073000,11.3(-4.24 %),66810,760173000,14000,161100000,102562776,17.56
03/03/2011,40500,444530000,10.8(-4.42 %),45600,501140000,5100,56610000,0,0.0
04/03/2011,16450,177592000,10.8(0.00 %),46610,500328000,30160,322736000,0,0.0
07/03/2011,-22120,-237439000,10.6(-1.85 %),48210,517668000,70330,755107000,0,0.0
08/03/2011,82600,875960000,10.7(0.94 %),82600,875960000,0,0,0,0.0
09/03/2011,78180,826499000,10.3(-3.74 %),118180,1245934000,40000,419435000,0,0.0
10/03/2011,74280,797521000,10.7(3.88 %),189080,2002881000,114800,1205360000,0,0.0
11/03/2011,-25250,-271939000,10.8(0.93 %),154820,1687556000,180070,1959495000,0,0.0
14/03/2011,28800,308850000,10.5(-2.78 %),90500,956300000,61700,647450000,0,0.0
15/03/2011,-88260,-916878000,10.3(-1.90 %),107350,1115689000,195610,2032567000,0,0.0
16/03/2011,-226080,-2305004000,10.2(-0.97 %),144670,1479954000,370750,3784958000,101874014,17.77
17/03/2011,-211510,-2087417000,9.9(-2.94 %),144050,1432770000,355560,3520187000,102085524,17.71
18/03/2011,-327640,-3204775000,9.7(-2.02 %),201530,2046768000,529170,5251543000,102413164,17.61
21/03/2011,-388420,-3888319000,9.9(2.06 %),0,0,388420,3888319000,102801584,17.49
22/03/2011,29420,295704000,10.1(2.02 %),43460,437508000,14040,141804000,102772164,17.5
23/03/2011,78010,808086000,10.4(2.97 %),228010,2334162000,150000,1526076000,102694154,17.52
24/03/2011,46950,477890000,10.2(-1.92 %),46950,477890000,0,0,102647204,17.54
25/03/2011,48710,490400000,10(-1.96 %),48710,490400000,0,0,102598494,17.55
28/03/2011,53240,533214000,10(0.00 %),54240,543204000,1000,9990000,102545254,17.57
29/03/2011,62640,624590000,9.9(-1.00 %),64140,639440000,1500,14850000,102482614,17.59
30/03/2011,28130,275174000,9.7(-2.02 %),108130,1054873000,80000,779699000,102454484,17.59
31/03/2011,87950,875028000,10(3.09 %),93950,934428000,6000,59400000,102366534,17.62
01/04/2011,-10160,-94490000,9.8(-2.00 %),67840,663910000,78000,758400000,102854549,17.47
04/04/2011,50000,489605000,9.8(0.00 %),50500,494505000,500,4900000,102804549,17.49
05/04/2011,44950,440125000,9.7(-1.02 %),46950,459605000,2000,19480000,102759599,17.5
06/04/2011,42950,424130000,9.9(2.06 %),46950,463610000,4000,39480000,102716649,17.51
07/04/2011,69300,681327000,9.8(-1.01 %),70000,688187000,700,6860000,102647349,17.54
08/04/2011,92230,909644000,9.9(1.02 %),104330,1028534000,12100,118890000,102555119,17.56
13/04/2011,51540,502892000,9.7(-2.02 %),51540,502892000,0,0,102503579,17.58
14/04/2011,55940,543118000,9.7(0.00 %),56940,552818000,1000,9700000,102447639,17.6
15/04/2011,82770,797096000,9.5(-2.06 %),83770,806846000,1000,9750000,102364869,17.62
18/04/2011,-72020,-651922000,9.1(-4.21 %),87470,823165000,159490,1475087000,102436889,17.6
19/04/2011,67130,620395000,9.2(1.10 %),130120,1200201000,62990,579806000,102369759,17.62
20/04/2011,151570,1418778000,9.4(2.17 %),196090,1835965000,44520,417187000,102218189,17.67
21/04/2011,46950,425428000,9.3(-1.06 %),47950,434751000,1000,9323000,102171239,17.68
22/04/2011,20200,181738000,8.9(-4.30 %),27800,250200000,7600,68462000,102151039,17.69
25/04/2011,32330,293617000,9.1(2.25 %),47430,430827000,15100,137210000,102118709,17.7
26/04/2011,75650,682074000,8.8(-3.30 %),85150,767664000,9500,85590000,102043059,17.72
27/04/2011,73700,651241000,8.9(1.14 %),134700,1190841000,61000,539600000,101969359,17.74
28/04/2011,52620,469841000,9(1.12 %),57120,510051000,4500,40210000,101916739,17.76
29/04/2011,84460,760270000,8.9(-1.11 %),84460,760270000,0,0,101832279,17.79
04/05/2011,92230,820052000,8.9(0.00 %),92230,820052000,0,0,101772209,17.8
05/05/2011,84500,750754000,9(1.12 %),84500,750754000,0,0,101687709,17.83
06/05/2011,44190,393541000,8.9(-1.11 %),79690,709491000,35500,315950000,101643519,17.84
09/05/2011,16860,151136000,9(1.12 %),67950,606546000,51090,455410000,101626659,17.85
10/05/2011,53750,480513000,9(0.00 %),70140,628023000,16390,147510000,101572909,17.87
11/05/2011,-5970,-52541000,8.9(-1.11 %),58050,516637000,64020,569178000,101578879,17.86
12/05/2011,-5170,-44315000,8.9(0.00 %),47330,417695000,52500,462010000,101584049,17.86
13/05/2011,52840,470276000,8.9(0.00 %),52840,470276000,0,0,101531209,17.88
16/05/2011,49700,440370000,8.8(-1.12 %),56700,502460000,7000,62090000,101481509,17.89
17/05/2011,53960,473128000,8.7(-1.14 %),54960,481928000,1000,8800000,101427549,17.91
18/05/2011,47030,410067000,8.8(1.15 %),47030,410067000,0,0,101380519,17.92
19/05/2011,-49200,-424357000,8.6(-2.27 %),47030,407764000,96230,832121000,101429719,17.91
20/05/2011,-126150,-1070552000,8.4(-2.33 %),18700,159620000,144850,1230172000,101555869,17.87
23/05/2011,-94820,-760830000,8(-4.76 %),500,4050000,95320,764880000,101650689,17.84
24/05/2011,-120940,-920015000,7.6(-5.00 %),0,0,120940,920015000,101771629,17.8
25/05/2011,-53040,-387192000,7.3(-3.95 %),8090,59057000,61130,446249000,101824669,17.79
26/05/2011,-94310,-660165000,7.3(0.00 %),2050,14355000,96360,674520000,101918979,17.76
27/05/2011,14300,111606000,7.4(1.37 %),123120,882633000,108820,771027000,101904679,17.76
30/05/2011,-34510,-246883000,7.1(-4.05 %),6310,44801000,40820,291684000,101939189,17.75
31/05/2011,29230,203081000,7(-1.41 %),61050,422639000,31820,219558000,101909959,17.76
01/06/2011,47940,347614000,7.3(4.29 %),102460,734054000,54520,386440000,101692699,17.83
02/06/2011,19280,145360000,7.6(4.11 %),51100,386810000,31820,241450000,101673419,17.83
03/06/2011,61710,504834000,7.4(-2.63 %),163530,1273398000,101820,768564000,101611709,17.85
06/06/2011,-21480,-156877000,7.4(0.00 %),47840,350239000,69320,507116000,101633189,17.85
07/06/2011,94000,722385000,7.7(4.05 %),94000,722385000,0,0,101539189,17.88
08/06/2011,58090,461971000,8(3.90 %),58090,461971000,0,0,101481099,17.89
09/06/2011,500,4000000,8(0.00 %),500,4000000,0,0,101480599,17.89
10/06/2011,-77180,-625199000,8.1(1.25 %),0,0,77180,625199000,101557779,17.87
13/06/2011,-170090,-1346410000,8(-1.23 %),0,0,170090,1346410000,101727869,17.82
14/06/2011,-184430,-1482054000,7.9(-1.25 %),15100,122190000,199530,1604244000,101912299,17.76
15/06/2011,-101960,-774261000,7.6(-3.80 %),102240,791796000,204200,1566057000,102014259,17.73
16/06/2011,-80590,-613774000,7.8(2.63 %),79690,614333000,160280,1228107000,102094849,17.71
17/06/2011,-240460,-1806646000,7.5(-3.85 %),197870,1491732000,438330,3298378000,102335309,17.63
20/06/2011,-32560,-234378000,7.2(-4.00 %),43300,319520000,75860,553898000,102367869,17.62
21/06/2011,10940,82675000,7.5(4.17 %),49910,369219000,38970,286544000,102356929,17.62
22/06/2011,52260,391946000,7.5(0.00 %),95670,715789000,43410,323843000,102304669,17.64
23/06/2011,-117820,-866168000,7.4(-1.33 %),0,0,117820,866168000,102422489,17.6
24/06/2011,-41480,-308104000,7.7(4.05 %),0,0,41480,308104000,102463969,17.59
27/06/2011,-78040,-615696000,8(3.90 %),6770,52656000,84810,668352000,102542009,17.57
28/06/2011,-123190,-1031451000,8.4(5.00 %),2000,15450000,125190,1046901000,102665199,17.53
29/06/2011,-24620,-203128000,8.1(-3.57 %),2100,17620000,26720,220748000,102689819,17.52
30/06/2011,-12000,-100734000,8.1(0.00 %),20000,158000000,32000,258734000,102701819,17.52
01/07/2011,12730,100353000,7.7(-4.94 %),14600,115260000,1870,14907000,102752729,17.5
04/07/2011,-56390,-419460000,7.4(-3.90 %),800,6000000,57190,425460000,102809119,17.49
05/07/2011,-111840,-842231000,7.5(1.35 %),7000,52990000,118840,895221000,102920959,17.45
06/07/2011,-32200,-238605000,7.4(-1.33 %),0,0,32200,238605000,102953159,17.44
07/07/2011,-30260,-223285000,7.3(-1.35 %),0,0,30260,223285000,102983419,17.43
08/07/2011,-103990,-750718000,7.2(-1.37 %),800,5770000,104790,756488000,103087409,17.4
11/07/2011,-80020,-569476000,7.1(-1.39 %),980,7056000,81000,576532000,103167429,17.38
12/07/2011,-80540,-569791000,7(-1.41 %),10000,71000000,90540,640791000,103247969,17.35
13/07/2011,-113500,-797663000,7(0.00 %),11000,77000000,124500,874663000,103361469,17.32
14/07/2011,5000,36000000,7(0.00 %),5000,36000000,0,0,103356469,17.32
15/07/2011,-114570,-792290000,6.9(-1.43 %),3050,21250000,117620,813540000,103471039,17.28
18/07/2011,-233970,-1565729000,6.7(-2.90 %),30,201000,234000,1565930000,103705009,17.21
19/07/2011,-174210,-1142806000,6.5(-2.99 %),12930,86728000,187140,1229534000,103879219,17.16
20/07/2011,-164950,-1088393000,6.6(1.54 %),10000,66500000,174950,1154893000,104044169,17.11
21/07/2011,-2130,-14521000,6.6(0.00 %),12870,84979000,15000,99500000,104046299,17.11
22/07/2011,26000,172000000,6.7(1.52 %),45000,300200000,19000,128200000,104020299,17.11
25/07/2011,-6300,-41605000,6.6(-1.49 %),7500,49280000,13800,90885000,104026599,17.11
26/07/2011,14080,91988000,6.6(0.00 %),29080,191988000,15000,100000000,104012519,17.12
27/07/2011,2490,15964000,6.6(0.00 %),6800,44200000,4310,28236000,104010029,17.12
28/07/2011,-18610,-123307000,6.6(0.00 %),0,0,18610,123307000,104028639,17.11
29/07/2011,42440,277321000,6.5(-1.52 %),109010,707565000,66570,430244000,103986199,17.13
01/08/2011,-131500,-823842000,6.2(-4.62 %),24280,155984000,155780,979826000,104047919,17.11
02/08/2011,-83640,-508868000,6.1(-1.61 %),5800,35460000,89440,544328000,104131559,17.08
03/08/2011,-30630,-183556000,6(-1.64 %),9800,58800000,40430,242356000,104162189,17.07
04/08/2011,-126610,-797003000,6.3(5.00 %),15800,98680000,142410,895683000,104288799,17.03
05/08/2011,-9100,-57670000,6.3(0.00 %),10400,64980000,19500,122650000,104297899,17.03
08/08/2011,-110910,-673358000,6(-4.76 %),7600,47080000,118510,720438000,104408809,17.0
09/08/2011,-9720,-56948000,5.9(-1.67 %),26000,153800000,35720,210748000,104418529,16.99
10/08/2011,-147050,-860229000,5.8(-1.69 %),29000,168800000,176050,1029029000,104565579,16.95
11/08/2011,-538990,-3032957000,5.6(-3.45 %),1000,5780000,539990,3038737000,105104569,16.78
12/08/2011,-113050,-627421000,5.5(-1.79 %),100,560000,113150,627981000,105217619,16.75
15/08/2011,0,0,5.6(1.82 %),0,0,0,0,105217619,16.75
16/08/2011,-18000,-102600000,5.6(0.00 %),2000,11400000,20000,114000000,105235619,16.74
17/08/2011,-28290,-159224000,5.7(1.79 %),13100,73460000,41390,232684000,105263909,16.73
18/08/2011,-143590,-819144000,5.6(-1.75 %),126410,723178000,270000,1542322000,105407499,16.69
19/08/2011,-217330,-1200383000,5.5(-1.79 %),8500,47600000,225830,1247983000,105624829,16.62
22/08/2011,-82780,-464490000,5.7(3.64 %),0,0,82780,464490000,105707609,16.6
23/08/2011,-2360,-13271000,5.6(-1.75 %),1530,8721000,3890,21992000,105709969,16.6
24/08/2011,-162480,-899762000,5.5(-1.79 %),27000,151400000,189480,1051162000,105872449,16.55
25/08/2011,-1450,-7975000,5.7(3.64 %),0,0,1450,7975000,105873899,16.55
26/08/2011,-41860,-245231000,5.9(3.51 %),0,0,41860,245231000,105915759,16.53
29/08/2011,-118820,-724802000,6.1(3.39 %),0,0,118820,724802000,106034579,16.5
30/08/2011,-32910,-210624000,6.4(4.92 %),5090,32576000,38000,243200000,106067489,16.49
31/08/2011,-130200,-871960000,6.7(4.69 %),11700,73710000,141900,945670000,106197689,16.45
01/09/2011,-3000,-21000000,7(4.48 %),0,0,3000,21000000,106139499,16.47
05/09/2011,-97250,-707860000,7.2(2.86 %),102900,738420000,200150,1446280000,106236749,16.44
06/09/2011,55000,382500000,6.9(-4.17 %),55000,382500000,0,0,106181749,16.45
07/09/2011,70570,495942000,7(1.45 %),73570,516942000,3000,21000000,106111179,16.47
08/09/2011,77440,560806000,7.1(1.43 %),77440,560806000,0,0,106033739,16.5
09/09/2011,-69830,-517352000,7.4(4.23 %),72050,532560000,141880,1049912000,106103569,16.48
12/09/2011,-415500,-3191814000,7.7(4.05 %),51000,392400000,466500,3584214000,106519069,16.35
13/09/2011,-393060,-3144480000,8(3.90 %),119360,954880000,512420,4099360000,106912129,16.23
14/09/2011,-633380,-5293132000,8.1(1.25 %),247180,2062672000,880560,7355804000,107545509,16.03
15/09/2011,-548380,-4260783000,8.1(0.00 %),180240,1408369000,728620,5669152000,108093889,15.87
16/09/2011,-629300,-4855249000,7.7(-4.94 %),310020,2391948000,939320,7247197000,108723189,15.67
19/09/2011,42110,320770000,7.8(1.30 %),42110,320770000,0,0,108681079,15.69
20/09/2011,-108080,-815608000,7.5(-3.85 %),43390,326464000,151470,1142072000,108789159,15.65
21/09/2011,-181650,-1318694000,7.2(-4.00 %),55450,406585000,237100,1725279000,108970809,15.6
22/09/2011,-1099160,-7705404000,7.3(1.39 %),43400,299460000,1142560,8004864000,110069969,15.26
23/09/2011,-129330,-928893000,7.2(-1.37 %),10100,72720000,139430,1001613000,110199299,15.22
26/09/2011,-52270,-369837000,7.1(-1.39 %),26740,191328000,79010,561165000,110251569,15.2
27/09/2011,41870,301262000,7.1(0.00 %),43390,312074000,1520,10812000,110209699,15.22
28/09/2011,-151030,-1072865000,7.1(0.00 %),21050,150114000,172080,1222979000,110360729,15.17
29/09/2011,36830,257320000,6.9(-2.82 %),43330,303310000,6500,45990000,110323899,15.18
30/09/2011,25630,176697000,6.9(0.00 %),25630,176697000,0,0,110298269,15.19
03/10/2011,97410,684716000,6.9(0.00 %),106950,752150000,9540,67434000,110421413,15.15
04/10/2011,-97610,-684104000,7.2(4.35 %),50,350000,97660,684454000,110519023,15.12
05/10/2011,-68440,-502846000,7.2(0.00 %),61550,445480000,129990,948326000,110587463,15.1
06/10/2011,-175320,-1279504000,7.3(1.39 %),0,0,175320,1279504000,110762783,15.05
07/10/2011,-110370,-809121000,7.3(0.00 %),18400,134300000,128770,943421000,110873153,15.01
10/10/2011,0,0,7.2(-1.37 %),0,0,0,0,110873153,15.01
11/10/2011,-42880,-309491000,7.2(0.00 %),450,3285000,43330,312776000,110916033,15.0
12/10/2011,24220,173864000,7.1(-1.39 %),24220,173864000,0,0,110891813,15.01
13/10/2011,400,2820000,7.1(0.00 %),400,2820000,0,0,110891413,15.01
14/10/2011,-6680,-46421000,7(-1.41 %),3390,24069000,10070,70490000,110898093,15.01
17/10/2011,30380,217436000,7.2(2.86 %),30380,217436000,0,0,110867713,15.02
18/10/2011,1000,7100000,7(-2.78 %),1000,7100000,0,0,110866713,15.02
19/10/2011,-84910,-580148000,6.8(-2.86 %),10000,69000000,94910,649148000,110951623,14.99
20/10/2011,-4000,-27280000,6.8(0.00 %),0,0,4000,27280000,110955623,14.99
21/10/2011,73150,517722000,7.1(4.41 %),124150,874702000,51000,356980000,110882473,15.01
24/10/2011,32700,233345000,7.1(0.00 %),38750,276300000,6050,42955000,110849773,15.02
25/10/2011,93080,645560000,6.9(-2.82 %),93080,645560000,0,0,110756693,15.05
26/10/2011,-432050,-2930589000,6.9(0.00 %),179100,1235919000,611150,4166508000,111188743,14.92
27/10/2011,-504690,-3421580000,6.7(-2.90 %),43310,297839000,548000,3719419000,111693433,14.76
28/10/2011,-89500,-609800000,6.8(1.49 %),14500,98200000,104000,708000000,111782933,14.74
31/10/2011,-90800,-618140000,6.8(0.00 %),5500,37900000,96300,656040000,111873733,14.71
01/11/2011,-55160,-372572000,6.8(0.00 %),0,0,55160,372572000,111206605,14.91
02/11/2011,-90950,-614062000,6.7(-1.47 %),15760,107098000,106710,721160000,111297555,14.88
03/11/2011,-25000,-165000000,6.6(-1.49 %),0,0,25000,165000000,111322555,14.88
04/11/2011,10000,66630000,6.6(0.00 %),10000,66630000,0,0,111312555,14.88
07/11/2011,19540,130918000,6.7(1.52 %),19540,130918000,0,0,111293015,14.89
08/11/2011,-5360,-35376000,6.7(0.00 %),0,0,5360,35376000,111298375,14.88
09/11/2011,-91180,-613224000,6.8(1.49 %),2820,18976000,94000,632200000,111389555,14.86
10/11/2011,-70000,-469000000,6.7(-1.47 %),0,0,70000,469000000,111459555,14.83
11/11/2011,-274000,-1859938000,6.8(1.49 %),16000,108200000,290000,1968138000,111733555,14.75
14/11/2011,-185990,-1245133000,6.6(-2.94 %),50300,336010000,236290,1581143000,111919545,14.69
15/11/2011,-426030,-2817748000,6.6(0.00 %),43300,286090000,469330,3103838000,112345575,14.56
16/11/2011,-356970,-2390812000,6.7(1.52 %),51200,346740000,408170,2737552000,112702545,14.45
17/11/2011,-389060,-2612702000,6.7(0.00 %),0,0,389060,2612702000,113091605,14.33
18/11/2011,-250010,-1676066000,6.7(0.00 %),10000,66000000,260010,1742066000,113341615,14.26
21/11/2011,-87460,-581103000,6.5(-2.99 %),0,0,87460,581103000,113429075,14.23
22/11/2011,27810,183697000,6.7(3.08 %),58810,391277000,31000,207580000,113401265,14.24
23/11/2011,-109370,-731979000,6.7(0.00 %),31630,212521000,141000,944500000,113510635,14.21
24/11/2011,-62000,-418400000,6.7(0.00 %),0,0,62000,418400000,113572635,14.19
25/11/2011,-78600,-529020000,6.7(0.00 %),7000,46900000,85600,575920000,113651235,14.16
28/11/2011,-60290,-400849000,6.6(-1.49 %),10900,73120000,71190,473969000,113711525,14.14
29/11/2011,-32500,-217900000,6.6(0.00 %),8500,56100000,41000,274000000,113744025,14.13
30/11/2011,-210240,-1394473000,6.6(0.00 %),5800,38280000,216040,1432753000,113954265,14.07
01/12/2011,-10100,-67160000,6.8(3.03 %),0,0,10100,67160000,114429495,13.92
02/12/2011,-49000,-333818000,6.8(0.00 %),1500,10050000,50500,343868000,114478495,13.91
05/12/2011,-139470,-955896000,6.9(1.47 %),10000,68000000,149470,1023896000,114617965,13.87
06/12/2011,-77070,-536490000,6.9(0.00 %),12310,86170000,89380,622660000,114695035,13.84
07/12/2011,7660,52854000,7(1.45 %),10000,69000000,2340,16146000,114687375,13.85
08/12/2011,-272600,-1898940000,6.9(-1.43 %),0,0,272600,1898940000,114959975,13.76
09/12/2011,3000,21000000,6.9(0.00 %),3000,21000000,0,0,114956975,13.76
12/12/2011,97590,684577000,7(1.45 %),179470,1257737000,81880,573160000,114859385,13.79
13/12/2011,270120,1930858000,7.2(2.86 %),510340,3641420000,240220,1710562000,114589265,13.88
14/12/2011,145590,1059185000,7.4(2.78 %),453880,3296436000,308290,2237251000,114443675,13.92
15/12/2011,120360,887972000,7.5(1.35 %),361280,2649279000,240920,1761307000,114323315,13.96
16/12/2011,345460,2669161000,7.8(4.00 %),553960,4277911000,208500,1608750000,113977855,14.06
19/12/2011,200630,1573644000,7.8(0.00 %),207630,1628044000,7000,54400000,113777225,14.12
20/12/2011,24700,186060000,7.5(-3.85 %),28700,216220000,4000,30160000,113752525,14.13
21/12/2011,58280,435600000,7.3(-2.67 %),58280,435600000,0,0,113694245,14.15
22/12/2011,-569480,-3999610000,7(-4.11 %),52260,366762000,621740,4366372000,114263725,13.98
23/12/2011,-29010,-195867000,6.7(-4.29 %),0,0,29010,195867000,114292735,13.97
26/12/2011,-2500,-15846000,6.8(1.49 %),10500,71254000,13000,87100000,114295235,13.97
27/12/2011,11210,78299000,6.9(1.47 %),51210,352299000,40000,274000000,114284025,13.97
28/12/2011,59990,414365000,6.9(0.00 %),59990,414365000,0,0,114224035,13.99
29/12/2011,47010,323668000,7(1.45 %),50660,348488000,3650,24820000,114177025,14.0
30/12/2011,-23550,-163429000,7(0.00 %),50660,352620000,74210,516049000,114200575,13.99
03/01/2012,-101320,-689658000,6.8(-2.86 %),0,0,101320,689658000,114461062,13.91
04/01/2012,5300,36040000,6.7(-1.47 %),5300,36040000,0,0,114455762,13.92
05/01/2012,0,0,6.6(-1.49 %),0,0,0,0,114455762,13.92
06/01/2012,14320,92144000,6.6(0.00 %),19000,123500000,4680,31356000,114441442,13.92
09/01/2012,-17960,-120128000,6.8(3.03 %),2900,19720000,20860,139848000,114459402,13.92
10/01/2012,-345130,-2346784000,6.8(0.00 %),0,0,345130,2346784000,114804532,13.81
11/01/2012,-99010,-673179000,6.8(0.00 %),1000,6889000,100010,680068000,114903542,13.78
12/01/2012,26880,185472000,6.9(1.47 %),50740,350106000,23860,164634000,114876662,13.79
13/01/2012,24330,170606000,7(1.45 %),57540,401976000,33210,231370000,114852332,13.79
16/01/2012,-288020,-2017706000,7(0.00 %),1500,10350000,289520,2028056000,115140352,13.71
17/01/2012,-26720,-186785000,7.1(1.43 %),50730,359110000,77450,545895000,115167072,13.7
18/01/2012,-33270,-236424000,7.2(1.41 %),50730,365256000,84000,601680000,115200342,13.69
19/01/2012,48420,358443000,7.4(2.78 %),163490,1205254000,115070,846811000,115151922,13.7
20/01/2012,-26960,-189253000,7.1(-4.05 %),53790,394651000,80750,583904000,115178882,13.69
30/01/2012,45360,334149000,7.4(4.23 %),56910,419619000,11550,85470000,115133522,13.71
31/01/2012,-123300,-925280000,7.4(0.00 %),50700,379680000,174000,1304960000,115256822,13.67
01/02/2012,11020,89581000,7.6(2.70 %),131020,992581000,120000,903000000,115126802,13.71
02/02/2012,77120,599020000,7.8(2.63 %),134120,1039060000,57000,440040000,115049682,13.73
03/02/2012,88350,690485000,7.8(0.00 %),89350,698285000,1000,7800000,114961332,13.76
06/02/2012,57360,444825000,7.7(-1.28 %),57860,448625000,500,3800000,114903972,13.78
07/02/2012,169550,1352628000,8(3.90 %),222550,1761628000,53000,409000000,114734422,13.83
08/02/2012,112980,931820000,8.4(5.00 %),132980,1094820000,20000,163000000,114621442,13.87
09/02/2012,164240,1406895000,8.8(4.76 %),247440,2109015000,83200,702120000,114457202,13.92
10/02/2012,24250,213984000,8.4(-4.55 %),127350,1082770000,103100,868786000,114432952,13.92
13/02/2012,-35370,-281714000,8(-4.76 %),50660,407346000,86030,689060000,114468322,13.91
14/02/2012,39160,325670000,8.3(3.75 %),100960,819770000,61800,494100000,114429162,13.92
15/02/2012,47570,386147000,8.1(-2.41 %),53870,437327000,6300,51180000,114381592,13.94
16/02/2012,-33160,-268926000,8.3(2.47 %),76140,622734000,109300,891660000,114414752,13.93
17/02/2012,31200,267065000,8.6(3.61 %),51670,440873000,20470,173808000,114383552,13.94
20/02/2012,-52060,-460128000,8.9(3.49 %),9940,87472000,62000,547600000,114435612,13.92
21/02/2012,-71490,-635561000,8.7(-2.25 %),50690,451141000,122180,1086702000,114507102,13.9
22/02/2012,30640,274093000,8.9(2.30 %),50840,452033000,20200,177940000,114476462,13.91
23/02/2012,107930,981383000,9.2(3.37 %),171430,1547883000,63500,566500000,114368532,13.94
24/02/2012,44170,409711000,8.8(-4.35 %),69170,633611000,25000,223900000,114324362,13.96
27/02/2012,64900,587998000,9.2(4.55 %),135100,1223798000,70200,635800000,114259462,13.98
28/02/2012,-1720,-20110000,8.8(-4.35 %),60960,556546000,62680,576656000,114261182,13.98
29/02/2012,-2930,-21471000,9(2.27 %),89080,792816000,92010,814287000,114264112,13.97
01/03/2012,-37920,-325640000,9.1(1.11 %),138460,1250658000,176380,1576298000,114198942,13.99
02/03/2012,12820,115026000,9.2(1.10 %),50820,464426000,38000,349400000,114186122,14.0
05/03/2012,61410,590454000,9.6(4.35 %),111410,1068454000,50000,478000000,114124712,14.02
06/03/2012,22220,216348000,9.4(-2.08 %),141910,1382700000,119690,1166352000,114102492,14.02
07/03/2012,186900,1791920000,9.8(4.26 %),188900,1811020000,2000,19100000,113915592,14.08
08/03/2012,18900,179988000,9.4(-4.08 %),51000,486000000,32100,306012000,113896692,14.09
09/03/2012,40100,379466000,9.3(-1.06 %),60100,567466000,20000,188000000,113856592,14.1
12/03/2012,-89080,-832822000,9.3(0.00 %),0,0,89080,832822000,113945672,14.07
13/03/2012,-400800,-3729743000,9.3(0.00 %),0,0,400800,3729743000,114346472,13.95
14/03/2012,-333390,-3054810000,8.9(-4.30 %),138370,1242609000,471760,4297419000,114679862,13.85
15/03/2012,-677220,-6043935000,9.3(4.49 %),2300,20440000,679520,6064375000,115357082,13.64
16/03/2012,-1767640,-16144882000,9(-3.23 %),112780,1015050000,1880420,17159932000,117124722,13.1
19/03/2012,-30680,-281924000,9.3(3.33 %),1000,9200000,31680,291124000,117155402,13.09
20/03/2012,43870,410657000,9.4(1.08 %),73870,692657000,30000,282000000,117111532,13.1
21/03/2012,-32210,-305886000,9.3(-1.06 %),41890,391866000,74100,697752000,117143742,13.09
22/03/2012,-23800,-222218000,9.5(2.15 %),43200,402760000,67000,624978000,117167542,13.08
23/03/2012,-4740,-44109000,9.5(0.00 %),61180,582809000,65920,626918000,117172282,13.08
26/03/2012,30990,293665000,9.7(2.11 %),80990,778665000,50000,485000000,117141292,13.09
27/03/2012,-136920,-1321320000,9.7(0.00 %),42180,408768000,179100,1730088000,117278212,13.05
28/03/2012,31870,307377000,9.8(1.03 %),48370,469077000,16500,161700000,117246342,13.06
29/03/2012,-49820,-497054000,10(2.04 %),41180,402946000,91000,900000000,117296162,13.05
30/03/2012,-92710,-983702000,10.5(5.00 %),133570,1392238000,226280,2375940000,117388872,13.02
03/04/2012,-222120,-2335258000,10.5(0.00 %),41180,435072000,263300,2770330000,117456362,13.0
04/04/2012,-86430,-899015000,10.3(-1.90 %),43570,454985000,130000,1354000000,117542792,12.97
05/04/2012,24770,254905000,10.3(0.00 %),46180,467012000,21410,212107000,117518022,12.98
06/04/2012,0,0,9.9(-3.88 %),0,0,0,0,117518022,12.98
09/04/2012,43280,427028000,9.8(-1.01 %),43280,427028000,0,0,117474742,12.99
10/04/2012,41580,407784000,9.7(-1.02 %),44190,433362000,2610,25578000,117433162,13.0
11/04/2012,60340,588160000,9.7(0.00 %),60340,588160000,0,0,117372822,13.02
12/04/2012,-449150,-4444919000,10.1(4.12 %),28040,282404000,477190,4727323000,117821972,12.88
13/04/2012,-161770,-1624426000,10.1(0.00 %),48160,484048000,209930,2108474000,117983742,12.83
16/04/2012,-323820,-3308290000,10.2(0.99 %),46180,472710000,370000,3781000000,118307562,12.74
17/04/2012,56930,626710000,10.7(4.90 %),221970,2375079000,165040,1748369000,118250632,12.75
18/04/2012,507090,5679374000,11.2(4.67 %),668160,7481858000,161070,1802484000,117743542,12.91
19/04/2012,150620,1662573000,11(-1.79 %),433420,4862673000,282800,3200100000,117592922,12.95
20/04/2012,84670,924116000,11(0.00 %),84670,924116000,0,0,117508252,12.98
23/04/2012,57480,624182000,10.8(-1.82 %),57480,624182000,0,0,117450772,13.0
24/04/2012,-32830,-346038000,10.6(-1.85 %),45170,480962000,78000,827000000,117483602,12.99
25/04/2012,-14450,-151570000,10.6(0.00 %),68670,729502000,83120,881072000,117498052,12.98
26/04/2012,10830,118087000,10.6(0.00 %),41170,441719000,30340,323632000,117487222,12.99
27/04/2012,40060,423156000,10.6(0.00 %),45570,481562000,5510,58406000,117447162,13.0
02/05/2012,2170,25679000,11.1(4.72 %),47170,522179000,45000,496500000,117836931,12.88
03/05/2012,105170,1144727000,10.9(-1.80 %),116370,1269167000,11200,124440000,117731761,12.91
04/05/2012,59050,651717000,11.2(2.75 %),85500,942667000,26450,290950000,117672711,12.93
07/05/2012,44050,523592000,11.7(4.46 %),100310,1165156000,56260,641564000,117628661,12.94
08/05/2012,28070,342454000,12.2(4.27 %),41170,502274000,13100,159820000,117600591,12.95
09/05/2012,-13040,-167432000,12.8(4.92 %),44060,563448000,57100,730880000,117613631,12.95
10/05/2012,-85930,-1094964000,12.8(0.00 %),41160,537928000,127090,1632892000,117699561,12.92
11/05/2012,4760,66934000,12.5(-2.34 %),45860,576282000,41100,509348000,117694801,12.92
14/05/2012,40180,490450000,11.9(-4.80 %),41180,502350000,1000,11900000,117654621,12.94
15/05/2012,-9320,-108511000,11.4(-4.20 %),86910,991755000,96230,1100266000,117663941,12.93
16/05/2012,-70120,-776864000,10.9(-4.39 %),42190,463909000,112310,1240773000,117734061,12.91
17/05/2012,-348650,-3715923000,10.4(-4.59 %),6000,64200000,354650,3780123000,118082711,12.8
18/05/2012,-132850,-1383287000,10.2(-1.92 %),144100,1459290000,276950,2842577000,118215561,12.76
21/05/2012,-398210,-4190497000,10.7(4.90 %),100,1000000,398310,4191497000,118613771,12.64
22/05/2012,110080,1220746000,11.2(4.67 %),152000,1686800000,41920,466054000,118503691,12.68
23/05/2012,264820,2889338000,10.9(-2.68 %),266820,2911338000,2000,22000000,118238871,12.76
24/05/2012,1100,11280000,10.5(-3.67 %),3900,40960000,2800,29680000,118237771,12.76
25/05/2012,790,5906000,11(4.76 %),163250,1790420000,162460,1784514000,118236981,12.76
28/05/2012,196550,2161714000,11(0.00 %),196550,2161714000,0,0,118040431,12.82
29/05/2012,191440,2089743000,11(0.00 %),195950,2138100000,4510,48357000,117848991,12.88
30/05/2012,105360,1172044000,11.1(0.91 %),110260,1226434000,4900,54390000,117743631,12.91
31/05/2012,181730,1984766000,10.9(-1.80 %),227740,2484534000,46010,499768000,117561901,12.96
01/06/2012,89300,973890000,10.8(-0.92 %),141300,1539040000,52000,565150000,117529151,12.97
04/06/2012,41870,441048000,10.4(-3.70 %),115000,1206420000,73130,765372000,117487281,12.99
05/06/2012,-136660,-1431159000,10.4(0.00 %),2000,20200000,138660,1451359000,117665811,12.93
06/06/2012,-19200,-202600000,10.7(2.88 %),800,8400000,20000,211000000,117685011,12.93
07/06/2012,-84950,-914799000,10.7(0.00 %),10000,108000000,94950,1022799000,117769961,12.9
08/06/2012,-22600,-241624000,10.6(-0.93 %),0,0,22600,241624000,117792561,12.89
11/06/2012,-27450,-289435000,10.5(-0.94 %),2000,21100000,29450,310535000,117820011,12.88
12/06/2012,-10680,-111740000,10.4(-0.95 %),1060,11030000,11740,122770000,117830691,12.88
13/06/2012,23160,241910000,10.6(1.92 %),65000,682730000,41840,440820000,117807531,12.89
14/06/2012,-179580,-1892802000,10.4(-1.89 %),0,0,179580,1892802000,117987111,12.83
15/06/2012,290,6222000,10.9(4.81 %),348260,3770642000,347970,3764420000,117986821,12.83
18/06/2012,-3000,-32760000,10.9(0.00 %),37000,405240000,40000,438000000,117989821,12.83
19/06/2012,42690,463788000,10.7(-1.83 %),90770,986468000,48080,522680000,117947131,12.85
20/06/2012,11200,119897000,10.8(0.93 %),12200,130597000,1000,10700000,117935931,12.85
21/06/2012,23060,244848000,10.6(-1.85 %),32000,340200000,8940,95352000,117912871,12.86
22/06/2012,500,5250000,10.5(-0.94 %),2000,21000000,1500,15750000,117912371,12.86
25/06/2012,0,0,10.5(0.00 %),0,0,0,0,117912371,12.86
26/06/2012,-1810,-18725000,10.3(-1.90 %),1000,10500000,2810,29225000,117914181,12.86
27/06/2012,-2810,-29024000,10.4(0.97 %),0,0,2810,29024000,117916991,12.86
28/06/2012,-10100,-104030000,10.4(0.00 %),0,0,10100,104030000,117927091,12.85
29/06/2012,2000,20800000,10.3(-0.96 %),2000,20800000,0,0,117925091,12.85
02/07/2012,-2500,-26950000,10.5(1.94 %),1000,10500000,3500,37450000,117976736,12.84
03/07/2012,-2000,-20400000,10.3(-1.90 %),1000,10200000,3000,30600000,117978736,12.84
04/07/2012,3000,30300000,10.1(-1.94 %),3000,30300000,0,0,117975736,12.84
05/07/2012,0,0,10.2(0.99 %),0,0,0,0,117975736,12.84
06/07/2012,1000,10100000,10.3(0.98 %),1000,10100000,0,0,117974736,12.84
09/07/2012,-44350,-444773000,9.9(-3.88 %),4500,45050000,48850,489823000,118019086,12.82
10/07/2012,-110180,-1082754000,9.8(-1.01 %),1000,9960000,111180,1092714000,118129266,12.79
11/07/2012,9700,97586000,10(2.04 %),41300,412826000,31600,315240000,118119566,12.79
12/07/2012,-30000,-300000000,10(0.00 %),0,0,30000,300000000,118149566,12.78
13/07/2012,-34370,-349448000,10.4(4.00 %),3000,29700000,37370,379148000,118183936,12.77
16/07/2012,-31950,-330280000,10.1(-2.88 %),0,0,31950,330280000,118215886,12.76
17/07/2012,-72120,-728412000,10.1(0.00 %),0,0,72120,728412000,118288006,12.74
18/07/2012,-38030,-383906000,10.2(0.99 %),3000,30600000,41030,414506000,118326036,12.73
19/07/2012,-74890,-760313000,10.4(1.96 %),500,5100000,75390,765413000,118400926,12.71
20/07/2012,-196610,-2016323000,10.1(-2.88 %),0,0,196610,2016323000,118597536,12.65
23/07/2012,1300,13260000,10.1(0.00 %),1300,13260000,0,0,118596236,12.65
24/07/2012,0,0,9.7(-3.96 %),0,0,0,0,118596236,12.65
25/07/2012,25000,243893000,9.9(2.06 %),25000,243893000,0,0,118571236,12.65
26/07/2012,-1000,-9900000,9.9(0.00 %),0,0,1000,9900000,118572236,12.65
27/07/2012,-1000,-9800000,9.9(0.00 %),0,0,1000,9800000,118573236,12.65
30/07/2012,0,0,9.8(-1.01 %),0,0,0,0,118573236,12.65
31/07/2012,100,980000,9.8(0.00 %),100,980000,0,0,118573136,12.65
01/08/2012,-40910,-396827000,9.7(-1.02 %),0,0,40910,396827000,118588551,12.65
02/08/2012,0,0,9.8(1.03 %),0,0,0,0,118588551,12.65
03/08/2012,0,0,9.8(0.00 %),0,0,0,0,118588551,12.65
06/08/2012,18410,182089000,9.9(1.02 %),49840,493246000,31430,311157000,118570141,12.65
07/08/2012,-1000,-9700000,9.7(-2.02 %),0,0,1000,9700000,118571141,12.65
08/08/2012,55350,553317000,10.1(4.12 %),55350,553317000,0,0,118515791,12.67
09/08/2012,-38900,-382103000,9.8(-2.97 %),2000,19700000,40900,401803000,118554691,12.66
10/08/2012,-40900,-397482000,9.6(-2.04 %),0,0,40900,397482000,118595591,12.65
13/08/2012,0,0,9.7(1.04 %),0,0,0,0,118595591,12.65
14/08/2012,-20710,-200887000,9.7(0.00 %),0,0,20710,200887000,118616301,12.64
15/08/2012,-40900,-396530000,9.7(0.00 %),0,0,40900,396530000,118657201,12.63
16/08/2012,-20890,-202722000,9.7(0.00 %),20000,196000000,40890,398722000,118678091,12.62
17/08/2012,-24850,-239195000,9.6(-1.03 %),3950,38315000,28800,277510000,118702941,12.61
20/08/2012,-500,-4900000,9.8(2.08 %),0,0,500,4900000,118703441,12.61
21/08/2012,970,9499000,9.4(-4.08 %),970,9499000,0,0,118702471,12.61
22/08/2012,-79400,-725312000,9.1(-3.19 %),2400,21890000,81800,747202000,118781871,12.59
23/08/2012,6200,54793000,8.7(-4.40 %),6200,54793000,0,0,118775671,12.59
24/08/2012,-61560,-527625000,9.1(4.60 %),112440,1021955000,174000,1549580000,118837231,12.57
27/08/2012,-185990,-1633393000,8.9(-2.20 %),0,0,185990,1633393000,119023221,12.52
28/08/2012,-48130,-416821000,8.7(-2.25 %),1000,8700000,49130,425521000,119071351,12.5
29/08/2012,-28940,-254682000,9.1(4.60 %),0,0,28940,254682000,119100291,12.49
30/08/2012,57960,543822000,9.5(4.40 %),62950,589930000,4990,46108000,119042331,12.51
31/08/2012,51190,491182000,9.6(1.05 %),65190,625582000,14000,134400000,118991141,12.53
04/09/2012,42060,411225000,9.9(3.12 %),43060,421025000,1000,9800000,118918061,12.55
05/09/2012,34060,333903000,9.9(0.00 %),42540,417393000,8480,83490000,118884001,12.56
06/09/2012,34480,341929000,10(1.01 %),40920,405529000,6440,63600000,118849521,12.57
07/09/2012,33920,330324000,9.8(-2.00 %),40920,398924000,7000,68600000,118815601,12.58
10/09/2012,-594590,-5589351000,9.4(-4.08 %),44120,414728000,638710,6004079000,119410191,12.4
11/09/2012,20050,185172000,9.1(-3.19 %),51050,468845000,31000,283673000,119390141,12.4
12/09/2012,-26800,-239580000,8.8(-3.30 %),64130,581966000,90930,821546000,119416941,12.4
13/09/2012,-69560,-598417000,8.7(-1.14 %),44980,389627000,114540,988044000,119486501,12.37
14/09/2012,-119530,-1047756000,8.5(-2.30 %),120,1044000,119650,1048800000,119606031,12.34
17/09/2012,-40500,-356990000,8.6(1.18 %),198940,1745688000,239440,2102678000,119646531,12.33
18/09/2012,-246930,-2109251000,9(4.65 %),229400,2055687000,476330,4164938000,119893461,12.25
19/09/2012,-374490,-3376738000,8.8(-2.22 %),270510,2425264000,645000,5802002000,120267951,12.13
20/09/2012,120530,1074442000,8.8(0.00 %),306190,2740177000,185660,1665735000,120147421,12.17
21/09/2012,-3521950,-29967101000,8.4(-4.55 %),642160,5478448000,4164110,35445549000,123669371,11.09
24/09/2012,-1841490,-15849244000,8.5(1.19 %),0,0,1841490,15849244000,125510861,10.53
25/09/2012,-666020,-5678703000,8.5(0.00 %),0,0,666020,5678703000,126176881,10.32
26/09/2012,-476660,-4053110000,8.5(0.00 %),0,0,476660,4053110000,126653541,10.18
27/09/2012,-182860,-1566166000,8.8(3.53 %),500,4250000,183360,1570416000,126836401,10.12
28/09/2012,-80650,-686202000,8.5(-3.41 %),11030,93755000,91680,779957000,126917051,10.1
01/10/2012,21620,181858000,8.5(0.00 %),21620,181858000,0,0,126192666,10.32
02/10/2012,0,0,8.5(0.00 %),0,0,0,0,126192666,10.32
03/10/2012,-200000,-1703000000,8.6(1.18 %),0,0,200000,1703000000,126392666,10.26
04/10/2012,-2398360,-20623528000,8.4(-2.33 %),0,0,2398360,20623528000,128791026,9.52
05/10/2012,-850000,-7287050000,8.5(1.19 %),0,0,850000,7287050000,129641026,9.26
08/10/2012,-607960,-5228456000,8.6(1.18 %),0,0,607960,5228456000,130248986,9.08
09/10/2012,-43030,-365765000,8.5(-1.16 %),2800,23520000,45830,389285000,130292016,9.06
10/10/2012,-2000,-17200000,8.6(1.18 %),0,0,2000,17200000,130294016,9.06
11/10/2012,-550,-4730000,8.6(0.00 %),0,0,550,4730000,130294566,9.06
12/10/2012,4000,34000000,8.5(-1.16 %),4000,34000000,0,0,130290566,9.06
15/10/2012,0,0,8.6(1.18 %),0,0,0,0,130290566,9.06
16/10/2012,-1950,-16800000,8.8(2.33 %),0,0,1950,16800000,130292516,9.06
17/10/2012,10000,88000000,8.7(-1.14 %),10000,88000000,0,0,130282516,9.06
18/10/2012,41330,360653000,8.8(1.15 %),45820,399716000,4490,39063000,130241186,9.08
19/10/2012,45830,401604000,8.7(-1.14 %),45830,401604000,0,0,130195356,9.09
22/10/2012,45820,400106000,8.8(1.15 %),45820,400106000,0,0,130149536,9.11
23/10/2012,13830,120873000,8.6(-2.27 %),45830,398055000,32000,277182000,130135706,9.11
24/10/2012,45820,400902000,8.8(2.33 %),45820,400902000,0,0,130089886,9.12
25/10/2012,-2100,-18070000,8.6(-2.27 %),0,0,2100,18070000,130091986,9.12
26/10/2012,-29860,-256545000,8.5(-1.16 %),0,0,29860,256545000,130121846,9.27
29/10/2012,8000,68000000,8.5(0.00 %),9000,76500000,1000,8500000,130113846,9.12
30/10/2012,-5000,-42500000,8.5(0.00 %),9000,76500000,14000,119000000,130118846,9.11
31/10/2012,2400,20440000,8.5(0.00 %),2400,20440000,0,0,130116446,9.12
01/11/2012,-13180,-112030000,8.6(1.18 %),3000,25500000,16180,137530000,130850146,8.89
02/11/2012,4000,33300000,8.3(-3.49 %),4000,33300000,0,0,130846146,8.89
05/11/2012,0,0,8.3(0.00 %),0,0,0,0,130846146,8.89
06/11/2012,2000,16600000,8.3(0.00 %),2000,16600000,0,0,130844146,8.89
07/11/2012,0,0,8.4(1.20 %),0,0,0,0,130844146,8.89
08/11/2012,0,0,8.4(0.00 %),0,0,0,0,130844146,8.89
09/11/2012,-5550,-46675000,8.4(0.00 %),0,0,5550,46675000,130849696,8.89
12/11/2012,0,0,8.5(1.19 %),0,0,0,0,130849696,8.89
13/11/2012,1000,8580000,8.6(1.18 %),1000,8580000,0,0,130848696,8.89
14/11/2012,0,0,8.6(0.00 %),0,0,0,0,130848696,8.89
15/11/2012,-5200,-43680000,8.4(-2.33 %),0,0,5200,43680000,130853896,8.89
16/11/2012,0,0,8.5(1.19 %),0,0,0,0,130853896,8.89
19/11/2012,30000,255100000,8.5(0.00 %),30000,255100000,0,0,130823896,8.9
20/11/2012,23700,203406000,8.6(1.18 %),63800,547459000,40100,344053000,130800196,8.91
21/11/2012,-115020,-978544000,8.5(-1.16 %),28120,239020000,143140,1217564000,130915216,8.87
22/11/2012,27130,233118000,8.7(2.35 %),29130,250518000,2000,17400000,130888086,8.88
23/11/2012,3000,25800000,8.7(0.00 %),3000,25800000,0,0,130885086,8.88
26/11/2012,0,0,8.7(0.00 %),0,0,0,0,130885086,8.88
27/11/2012,0,0,8.8(1.15 %),0,0,0,0,130885086,8.88
28/11/2012,-29950,-275540000,9.2(4.55 %),284856,2392790000,314806,2668330000,130915036,8.87
29/11/2012,8000,76800000,9.6(4.35 %),10000,96000000,2000,19200000,130907036,8.87
30/11/2012,160920,1609200000,10(4.17 %),161520,1615200000,600,6000000,130746116,8.92
03/12/2012,22100,213650000,9.5(-5.00 %),83100,798450000,61000,584800000,130661651,8.95
04/12/2012,20390,199067000,9.9(4.21 %),20690,202037000,300,2970000,130641261,8.95
05/12/2012,58510,602653000,10.3(4.04 %),58510,602653000,0,0,130582751,8.97
06/12/2012,221600,2311437000,10.4(0.97 %),221600,2311437000,0,0,130361151,9.04
07/12/2012,16480,170996000,10.2(-1.92 %),131150,1360124000,114670,1189128000,130344671,9.05
10/12/2012,81710,837402000,10.5(2.94 %),182000,1910505000,100290,1073103000,130262961,9.07
11/12/2012,143990,1524097000,10.6(0.95 %),145590,1540897000,1600,16800000,130118971,9.11
12/12/2012,119160,1281776000,10.8(1.89 %),125540,1351318000,6380,69542000,129999811,9.15
13/12/2012,82530,885369000,10.8(0.00 %),87530,938869000,5000,53500000,129917281,9.18
14/12/2012,111530,1196771000,10.4(-3.70 %),117530,1261571000,6000,64800000,129888281,9.19
17/12/2012,0,0,10.9(4.81 %),0,0,0,0,129888281,9.19
18/12/2012,555530,6333042000,11.4(4.59 %),559230,6375222000,3700,42180000,129332751,9.36
19/12/2012,1707130,20302225000,11.9(4.39 %),1970410,23435257000,263280,3133032000,127625621,9.88
20/12/2012,2318750,28481777000,12.4(4.20 %),2452120,30115560000,133370,1633783000,125306871,10.59
21/12/2012,2362740,30063054000,12.8(3.23 %),2451980,31205126000,89240,1142072000,122944131,11.31
24/12/2012,50460,619304000,12.2(-4.69 %),50460,619304000,0,0,122893671,11.33
25/12/2012,71250,826500000,11.6(-4.92 %),72250,838100000,1000,11600000,122822421,11.35
26/12/2012,-7000,-82825000,11.4(-1.72 %),43000,492063000,50000,574888000,122829421,11.35
27/12/2012,116760,1385302000,11.9(4.39 %),116760,1385302000,0,0,122712661,11.39
28/12/2012,-2480,-28762000,11.9(0.00 %),66760,798358000,69240,827120000,122715141,11.38
02/01/2013,66750,818644000,12.4(4.20 %),66750,818644000,0,0,122540171,11.44
03/01/2013,-28450,-334232000,12(-3.23 %),66720,834122000,95170,1168354000,122568621,11.43
04/01/2013,174050,2164076000,12.6(5.00 %),211690,2629048000,37640,464972000,122394571,11.48
07/01/2013,262640,3359308000,12.9(2.38 %),262640,3359308000,0,0,122131931,11.56
08/01/2013,384500,5052339000,13.5(4.65 %),392500,5155939000,8000,103600000,121747431,11.68
09/01/2013,244310,3341956000,13.4(-0.74 %),244310,3341956000,0,0,121503121,11.76
10/01/2013,135540,1831903000,13.8(2.99 %),135540,1831903000,0,0,121367581,11.8
11/01/2013,259140,3617048000,14.4(4.35 %),259140,3617048000,0,0,121108441,11.88
14/01/2013,199480,2928034000,15(4.17 %),249480,3652434000,50000,724400000,120908961,11.94
15/01/2013,107700,1607532000,15(0.00 %),133520,1989827000,25820,382295000,120801261,11.97
16/01/2013,166490,2510006000,14.9(-0.67 %),168990,2547556000,2500,37550000,120634771,12.02
17/01/2013,153880,2251704000,14.5(-2.68 %),153880,2251704000,0,0,120480891,12.07
18/01/2013,145280,2073320000,14(-3.45 %),148280,2116520000,3000,43200000,120335611,12.11
21/01/2013,-13300,-183140000,13.8(-1.43 %),0,0,13300,183140000,120348911,12.11
22/01/2013,88560,1237636000,13.9(0.72 %),133860,1868316000,45300,630680000,120260351,12.14
23/01/2013,133820,1971689000,14(0.72 %),133820,1971689000,0,0,120126531,12.18
24/01/2013,177820,2533737000,14.5(3.57 %),185820,2649737000,8000,116000000,119948711,12.23
25/01/2013,197010,2886985000,14.8(2.07 %),198420,2907430000,1410,20445000,119751701,12.29
28/01/2013,134320,2009220000,14.5(-2.03 %),135320,2024320000,1000,15100000,119617381,12.33
29/01/2013,179400,2585186000,14.2(-2.07 %),181400,2613586000,2000,28400000,119437981,12.39
30/01/2013,185240,2683459000,14.3(0.70 %),185240,2683459000,0,0,119252741,12.45
31/01/2013,254090,3594288000,13.9(-2.80 %),256490,3628608000,2400,34320000,118998651,12.52
01/02/2013,76780,1039818000,14.1(1.44 %),221780,3041218000,145000,2001400000,118893711,12.56
04/02/2013,136280,1946632000,14(-0.71 %),136280,1946632000,0,0,118757431,12.6
05/02/2013,299530,4199785000,14.1(0.71 %),300230,4209585000,700,9800000,118457901,12.69
06/02/2013,737000,10774529000,15(6.38 %),744200,10882529000,7200,108000000,117720901,12.92
07/02/2013,187320,2977032000,16(6.67 %),214320,3405232000,27000,428200000,117533581,12.97
08/02/2013,150190,2561449000,17.1(6.88 %),181190,3091349000,31000,529900000,117383391,13.02
18/02/2013,31760,500568000,17.6(2.92 %),176510,3004518000,144750,2503950000,117351631,13.03
19/02/2013,169670,2948166000,17.2(-2.27 %),186670,3242666000,17000,294500000,117181961,13.08
20/02/2013,59580,1017988000,17.1(-0.58 %),162780,2788270000,103200,1770282000,117122381,13.1
21/02/2013,274060,4523370000,16(-6.43 %),325260,5365570000,51200,842200000,116848321,13.18
22/02/2013,212960,3327739000,15.3(-4.38 %),232960,3635759000,20000,308020000,116635361,13.25
25/02/2013,86480,1392654000,16(4.58 %),146980,2376804000,60500,984150000,116548881,13.27
26/02/2013,-739720,-11618939000,15(-6.25 %),234780,3679826000,974500,15298765000,117288601,13.05
27/02/2013,148570,2334822000,16(6.67 %),238540,3726155000,89970,1391333000,117140031,13.09
28/02/2013,313640,5196230000,16.5(3.12 %),334640,5547230000,21000,351000000,116826391,13.19
01/03/2013,340390,5729766000,17.2(4.24 %),388140,6525716000,47750,795950000,115709181,13.53
04/03/2013,142320,2334440000,16(-6.98 %),142320,2334440000,0,0,115566861,13.58
05/03/2013,107980,1674259000,15.2(-5.00 %),188680,2919821000,80700,1245562000,115458881,13.61
06/03/2013,77500,1207114000,15.5(1.97 %),134200,2083620000,56700,876506000,115381381,13.63
07/03/2013,95730,1481492000,15.3(-1.29 %),191220,2958810000,95490,1477318000,115285651,13.66
08/03/2013,77200,1221408000,15.9(3.92 %),139200,2194448000,62000,973040000,115208451,13.69
11/03/2013,144710,2339984000,16.5(3.77 %),241110,3894304000,96400,1554320000,115063741,13.73
12/03/2013,118000,1910940000,16.3(-1.21 %),118000,1910940000,0,0,114945741,13.77
13/03/2013,28420,493015000,16.2(-0.61 %),200000,3294340000,171580,2801325000,114917321,13.77
14/03/2013,315770,5195512000,16.6(2.47 %),386620,6358702000,70850,1163190000,114601551,13.87
15/03/2013,375110,6255924000,16.7(0.60 %),428010,7135340000,52900,879416000,114226441,13.99
18/03/2013,36920,613223000,16.2(-2.99 %),121550,1996173000,84630,1382950000,114189521,14.0
19/03/2013,65140,1055944000,16.1(-0.62 %),147840,2389510000,82700,1333566000,114124381,14.02
20/03/2013,64720,1045142000,16.3(1.24 %),131820,2118948000,67100,1073806000,114059661,14.04
21/03/2013,228840,3827996000,16.5(1.23 %),288840,4835996000,60000,1008000000,113830821,14.11
22/03/2013,276760,4619482000,16.5(0.00 %),276760,4619482000,0,0,113554061,14.19
25/03/2013,131890,2178478000,16.8(1.82 %),131890,2178478000,0,0,113422171,14.23
26/03/2013,308740,5321488000,17.2(2.38 %),342920,5912724000,34180,591236000,113113431,14.33
27/03/2013,172810,2943023000,17.1(-0.58 %),215620,3675074000,42810,732051000,112940621,14.38
28/03/2013,103780,1760000000,16.9(-1.17 %),215920,3666440000,112140,1906440000,112836841,14.41
29/03/2013,130000,2161900000,16.9(0.00 %),150000,2499900000,20000,338000000,112706841,14.45
01/04/2013,78240,1367830000,18(6.51 %),131920,2301640000,53680,933810000,113326191,14.26
02/04/2013,84010,1617139000,18.5(2.78 %),182950,3468635000,98940,1851496000,113242181,14.29
03/04/2013,63120,1205638000,19.3(4.32 %),133900,2561456000,70780,1355818000,113179061,14.31
04/04/2013,32230,623387000,19.4(0.52 %),150880,2927196000,118650,2303809000,113146831,14.32
05/04/2013,-50290,-1060582000,20.7(6.70 %),138510,2817878000,188800,3878460000,113197121,14.3
08/04/2013,-258310,-5176688000,21.2(2.42 %),376550,7995080000,634860,13171768000,113455431,14.22
09/04/2013,-20100,-393342000,20.6(-2.83 %),136900,2885098000,157000,3278440000,113475531,14.22
10/04/2013,-165990,-3420351000,20.5(-0.49 %),350,7525000,166340,3427876000,113641521,14.17
11/04/2013,-331700,-6917902000,20.7(0.98 %),15000,312900000,346700,7230802000,113973221,14.06
12/04/2013,-181020,-3770885000,20.5(-0.97 %),5000,105300000,186020,3876185000,114154241,14.01
15/04/2013,-33000,-640569000,19.1(-6.83 %),0,0,33000,640569000,114187241,14.0
16/04/2013,-84880,-1635696000,18.7(-2.09 %),108100,1993250000,192980,3628946000,114272121,13.97
17/04/2013,-6020,-112474000,18.7(0.00 %),30,561000,6050,113035000,114278141,13.97
18/04/2013,63580,1171922000,18.5(-1.07 %),92000,1696700000,28420,524778000,114214561,13.99
22/04/2013,94890,1784023000,18.8(1.62 %),358010,6748973000,263120,4964950000,114119671,14.02
23/04/2013,68020,1331638000,20.1(6.91 %),106380,2082686000,38360,751048000,114051651,14.04
24/04/2013,-130110,-2615473000,20.1(0.00 %),72260,1450998000,202370,4066471000,114181761,14.0
25/04/2013,247950,5114389000,20.6(2.49 %),265050,5469279000,17100,354890000,113933811,14.08
26/04/2013,293350,6013765000,20.5(-0.49 %),296250,6072925000,2900,59160000,113640461,14.17
02/05/2013,117820,2409828000,20.4(-0.49 %),161530,3301512000,43710,891684000,113485191,14.21
03/05/2013,90000,1837100000,21.1(3.43 %),90000,1837100000,0,0,113395191,14.24
06/05/2013,13580,300955000,22.4(6.16 %),13630,302045000,50,1090000,113381611,14.25
07/05/2013,-99410,-2349117000,23.6(5.36 %),301000,7193900000,400410,9543017000,113481021,14.21
08/05/2013,-107990,-2399197000,22(-6.78 %),1800,40620000,109790,2439817000,113589011,14.18
09/05/2013,52880,1174271000,22.2(0.91 %),60380,1343371000,7500,169100000,113536131,14.2
10/05/2013,95590,2141096000,22.2(0.00 %),109600,2453620000,14010,312524000,113440541,14.23
13/05/2013,85500,1919050000,22.5(1.35 %),85500,1919050000,0,0,113355041,14.25
14/05/2013,145300,3213332000,22(-2.22 %),159590,3531895000,14290,318563000,113209741,14.3
15/05/2013,41700,928740000,22.6(2.73 %),41700,928740000,0,0,113168041,14.31
16/05/2013,615060,14652367000,24.1(6.64 %),646460,15383197000,31400,730830000,112552981,14.5
17/05/2013,673280,17161749000,25.5(5.81 %),774780,19750349000,101500,2588600000,111879701,14.71
20/05/2013,275500,7193333000,26.8(5.10 %),393900,10306433000,118400,3113100000,111604201,14.79
21/05/2013,519750,14197579000,27.6(2.99 %),566150,15458387000,46400,1260808000,111084451,14.95
22/05/2013,-4010,-105865000,26.9(1.13 %),11510,314135000,15520,420000000,111088461,14.95
23/05/2013,-293400,-7632970000,25.4(-5.58 %),104100,2694350000,397500,10327320000,111381861,14.86
24/05/2013,-322960,-8345018000,26(2.36 %),72000,1896800000,394960,10241818000,111704821,14.76
27/05/2013,608990,16491866000,27.3(5.00 %),727990,19736966000,119000,3245100000,111095831,14.95
28/05/2013,-187250,-5131623000,27.7(1.47 %),481200,13061850000,668450,18193473000,111283081,14.89
29/05/2013,264070,7246527000,27.2(-1.81 %),327200,8960950000,63130,1714423000,111019011,14.97
30/05/2013,438300,11786206000,27.1(-0.37 %),454800,12229956000,16500,443750000,110580711,15.1
31/05/2013,295290,7930348000,26.8(-1.11 %),371020,9981877000,75730,2051529000,110285421,15.19
03/06/2013,-97700,-2561540000,25.6(-4.48 %),52300,1364380000,150000,3925920000,110343846,15.18
04/06/2013,-302000,-7786800000,25.2(-1.56 %),29000,746500000,331000,8533300000,110645846,15.08
05/06/2013,4500,113200000,25.3(0.40 %),5500,138500000,1000,25300000,110641346,15.09
06/06/2013,-51300,-1410930000,27(6.72 %),28000,722450000,79300,2133380000,110692646,15.07
07/06/2013,56000,1558379000,27.5(1.85 %),133000,3696979000,77000,2138600000,110636646,15.09
10/06/2013,149040,3962630000,26.5(-3.64 %),261440,6986288000,112400,3023658000,110487606,15.13
11/06/2013,106180,2814240000,26.3(-0.75 %),113980,3019440000,7800,205200000,110381426,15.17
12/06/2013,121250,3163965000,25.9(-1.52 %),125250,3269425000,4000,105460000,110260176,15.2
13/06/2013,96400,2481277000,25.5(-1.54 %),124300,3199394000,27900,718117000,110163776,15.23
14/06/2013,27000,692700000,25.4(-0.39 %),28000,718200000,1000,25500000,110136776,15.24
17/06/2013,-155310,-3747134000,23.7(-6.69 %),200000,4755000000,355310,8502134000,110292086,15.19
18/06/2013,-1060420,-23551588000,24(1.27 %),158840,3525656000,1219260,27077244000,111352506,14.87
19/06/2013,-875440,-20087223000,22.9(-4.58 %),16100,368280000,891540,20455503000,112227946,14.6
20/06/2013,-868610,-19275410000,22.1(-3.49 %),161520,3624012000,1030130,22899422000,113096556,14.33
21/06/2013,-1383370,-31972432000,23.6(6.79 %),3356970,78618813000,4740340,110591245000,114479926,13.91
24/06/2013,-73540,-1743992000,23.8(0.85 %),263880,6356261000,337420,8100253000,114553466,13.89
25/06/2013,219600,4946548000,22.4(-5.88 %),686320,15450674000,466720,10504126000,114333866,13.95
26/06/2013,-657140,-14581289000,22(-1.79 %),42300,945160000,699440,15526449000,114991006,13.75
27/06/2013,439510,10019121000,22.9(4.09 %),652150,14861907000,212640,4842786000,114551496,13.89
28/06/2013,576160,13616203000,23.4(2.18 %),577160,13639903000,1000,23700000,113975336,14.06
01/07/2013,-8360,-201876000,23.8(1.71 %),41710,972755000,50070,1174631000,113505916,14.21
02/07/2013,125450,3077363000,24.7(3.78 %),337500,8325250000,212050,5247887000,113380466,14.25
03/07/2013,-80170,-1981311000,24.4(-1.21 %),35900,872045000,116070,2853356000,113460636,14.22
04/07/2013,-214860,-5314400000,24.5(0.41 %),9650,239005000,224510,5553405000,113675496,14.16
05/07/2013,5600,144140000,24.6(0.41 %),71600,1784440000,66000,1640300000,113669896,14.16
08/07/2013,0,0,24(-2.44 %),0,0,0,0,113669896,14.16
09/07/2013,235670,5745221000,24.8(3.33 %),343000,8369941000,107330,2624720000,113434226,14.23
10/07/2013,-598640,-14640784000,24.2(-2.42 %),26370,646326000,625010,15287110000,114032866,14.05
11/07/2013,-28880,-703940000,24.5(1.24 %),24000,580560000,52880,1284500000,114061746,14.04
12/07/2013,31000,767330000,25.2(2.86 %),31000,767330000,0,0,114030746,14.05
15/07/2013,-69240,-1762217000,25.4(0.79 %),2810,71653000,72050,1833870000,114099986,14.03
16/07/2013,-70700,-1819080000,25.9(1.97 %),29000,749500000,99700,2568580000,114170686,14.0
17/07/2013,-192040,-4943272000,25.7(-0.77 %),2000,51380000,194040,4994652000,114362726,13.94
18/07/2013,0,1300000,25.6(-0.39 %),13000,336300000,13000,335000000,114362726,13.94
19/07/2013,-11450,-292120000,25.5(-0.39 %),2550,65280000,14000,357400000,114374176,13.94
22/07/2013,-25100,-644880000,25(-1.96 %),1000,25000000,26100,669880000,114399276,13.93
23/07/2013,258740,6544546000,25(0.00 %),293480,7427761000,34740,883215000,114140536,14.01
24/07/2013,15110,375017000,24.5(-2.00 %),24000,593780000,8890,218763000,114125426,14.02
25/07/2013,-11540,-283876000,23.2(-5.31 %),1500,35000000,13040,318876000,114136966,14.01
26/07/2013,-28370,-665245000,23.5(1.29 %),29500,683800000,57870,1349045000,114165336,14.01
29/07/2013,-1900,-42430000,22.5(-4.26 %),3000,68400000,4900,110830000,114167236,14.0
30/07/2013,23500,529750000,22.9(1.78 %),39500,889750000,16000,360000000,114143736,14.01
31/07/2013,-99040,-2254672000,22.9(0.00 %),9100,207420000,108140,2462092000,114242776,13.98
01/08/2013,-5000,-117100000,23.3(1.75 %),0,0,5000,117100000,114896886,13.78
02/08/2013,73970,1734791000,23.2(-0.43 %),96770,2266311000,22800,531520000,114822916,13.8
05/08/2013,-2820,-65523000,22.8(-1.72 %),330,7557000,3150,73080000,114825736,13.8
06/08/2013,64070,1474810000,23(0.88 %),65070,1497810000,1000,23000000,114761666,13.82
07/08/2013,11010,255425000,23.5(2.17 %),16300,379340000,5290,123915000,114750656,13.83
08/08/2013,29840,699964000,23(-2.13 %),38300,895390000,8460,195426000,114720816,13.83
09/08/2013,-6460,-147152000,22.9(-0.43 %),14540,336748000,21000,483900000,114727276,13.83
12/08/2013,2360,53808000,22.8(-0.44 %),2360,53808000,0,0,114724916,13.83
13/08/2013,2000,45500000,22.3(-2.19 %),2000,45500000,0,0,114722916,13.83
14/08/2013,1500,32950000,22.6(1.35 %),3500,77650000,2000,44700000,114721416,13.83
15/08/2013,-7700,-174140000,22.8(0.88 %),9500,215020000,17200,389160000,114729116,13.83
16/08/2013,14300,327630000,23(0.88 %),21300,489430000,7000,161800000,114714816,13.84
19/08/2013,-116760,-2684099000,22.9(-0.43 %),5100,116960000,121860,2801059000,114831576,13.8
20/08/2013,-41820,-968739000,23.2(1.31 %),6650,153965000,48470,1122704000,114873396,13.79
21/08/2013,-44200,-1009070000,22.9(-1.29 %),27300,630680000,71500,1639750000,114917596,13.77
22/08/2013,-545110,-12357031000,22.5(-1.75 %),3000,68100000,548110,12425131000,115462706,13.61
23/08/2013,-301050,-6704809000,22.1(-1.78 %),1000,22500000,302050,6727309000,115763756,13.52
26/08/2013,-644640,-13847766000,22(-0.45 %),2500,53650000,647140,13901416000,116408396,13.32
27/08/2013,-56570,-1217219000,21.1(-4.09 %),3000,65250000,59570,1282469000,116464966,13.3
28/08/2013,-149890,-3051567000,20(-5.21 %),5000,102270000,154890,3153837000,116614856,13.25
29/08/2013,-338290,-6793332000,19.8(-1.00 %),34500,697500000,372790,7490832000,116953146,13.15
30/08/2013,52880,1050576000,20.2(2.02 %),53400,1061080000,520,10504000,116900266,13.17
03/09/2013,-51560,-1039170000,20(-0.99 %),0,0,51560,1039170000,116506106,13.29
04/09/2013,2500,48430000,19.2(-4.00 %),2500,48430000,0,0,116503606,13.29
05/09/2013,440,10144000,19.7(2.60 %),3440,67744000,3000,57600000,116503166,13.29
06/09/2013,88020,1757004000,20.1(2.03 %),88020,1757004000,0,0,116415146,13.32
09/09/2013,184040,3622808000,19.6(-2.49 %),208400,4103600000,24360,480792000,116231106,13.37
10/09/2013,32150,634963000,20(2.04 %),57140,1136872000,24990,501909000,116198956,13.38
11/09/2013,81310,1666895000,20.5(2.50 %),81310,1666895000,0,0,116117646,13.41
12/09/2013,23850,487880000,20.4(-0.49 %),24000,490955000,150,3075000,116093796,13.41
13/09/2013,49970,1022791000,20.5(0.49 %),59970,1227791000,10000,205000000,116043826,13.43
16/09/2013,-832350,-16028392000,19.2(-6.34 %),490560,9517838000,1322910,25546230000,116876176,13.17
17/09/2013,-334000,-6329648000,19.2(0.00 %),196000,3718552000,530000,10048200000,117210176,13.07
18/09/2013,-1444060,-27242912000,18.6(-3.12 %),52500,989770000,1496560,28232682000,118654236,12.63
19/09/2013,-1027800,-19614302000,19.1(2.69 %),10000,192000000,1037800,19806302000,119682036,12.31
20/09/2013,-7019680,-134185634000,19.1(0.00 %),847250,16267281000,7866930,150452915000,126701716,10.16
23/09/2013,-80700,-1570750000,19.7(3.14 %),10000,195400000,90700,1766150000,126782416,10.14
24/09/2013,16010,314168000,20.4(3.55 %),300000,6043067000,283990,5728899000,126766406,10.14
25/09/2013,-188490,-3851309000,20.3(-0.49 %),29510,602791000,218000,4454100000,126954896,10.08
26/09/2013,21300,429380000,20.3(0.00 %),38700,784140000,17400,354760000,126933596,10.09
27/09/2013,58620,1196748000,20.4(0.49 %),58620,1196748000,0,0,126874976,10.11
30/09/2013,75430,1538836000,20.4(0.00 %),75430,1538836000,0,0,126799546,10.13
01/10/2013,-47000,-964700000,20.6(0.98 %),11000,223700000,58000,1188400000,127350911,9.96
02/10/2013,28170,590070000,20.8(0.97 %),28170,590070000,0,0,127322741,9.97
03/10/2013,-33310,-687411000,20.6(-0.96 %),13200,271200000,46510,958611000,127356051,9.96
04/10/2013,5700,116870000,20.6(0.00 %),5700,116870000,0,0,127350351,9.96
07/10/2013,-12900,-264450000,20.5(-0.49 %),100,2050000,13000,266500000,127363251,9.96
08/10/2013,4900,100540000,20.4(-0.49 %),6000,123000000,1100,22460000,127358351,9.96
09/10/2013,-14000,-284100000,20.2(-0.98 %),0,0,14000,284100000,127372351,9.96
10/10/2013,-4260,-86374000,20.2(0.00 %),9500,193710000,13760,280084000,127376611,9.96
11/10/2013,64300,1300600000,20(-0.99 %),67300,1361500000,3000,60900000,127312311,9.98
14/10/2013,27650,552755000,19.9(-0.50 %),27650,552755000,0,0,127284661,9.98
15/10/2013,0,0,19.7(-1.01 %),0,0,0,0,127284661,9.98
16/10/2013,30050,599790000,20(1.52 %),30050,599790000,0,0,127254611,9.99
17/10/2013,48400,976680000,20.1(0.50 %),50000,1009000000,1600,32320000,127206211,10.01
18/10/2013,100980,2030998000,20.1(0.00 %),100980,2030998000,0,0,127105231,10.04
21/10/2013,-164320,-3313866000,20.2(0.50 %),57580,1166364000,221900,4480230000,127269551,9.99
22/10/2013,-84990,-1701019000,20(-0.99 %),55080,1104808000,140070,2805827000,127354541,9.96
23/10/2013,90690,1836933000,20.6(3.00 %),130790,2654943000,40100,818010000,127263851,9.99
24/10/2013,559100,11689386000,20.7(0.49 %),719400,15047057000,160300,3357671000,126704751,10.16
25/10/2013,452710,9435283000,20.8(0.48 %),485180,10110659000,32470,675376000,126252041,10.3
28/10/2013,210360,4343688000,20.4(-1.92 %),214360,4425688000,4000,82000000,126041681,10.36
29/10/2013,155260,3154848000,20.5(0.49 %),157360,3197498000,2100,42650000,125886421,10.41
30/10/2013,132740,2716814000,20.3(-0.98 %),242740,4970002000,110000,2253188000,125753681,10.45
31/10/2013,-45290,-919387000,20.3(0.00 %),0,0,45290,919387000,125798971,10.44
01/11/2013,165240,3379086000,20.6(1.48 %),165240,3379086000,0,0,125551754,10.51
04/11/2013,135560,2788663000,20.7(0.49 %),135560,2788663000,0,0,125416194,10.56
05/11/2013,88250,1826975000,21(1.45 %),112710,2333297000,24460,506322000,125327944,10.58
06/11/2013,285690,5989293000,21(0.00 %),296190,6208743000,10500,219450000,125042254,10.67
07/11/2013,313840,6711906000,21.4(1.90 %),339540,7263386000,25700,551480000,124728414,10.77
08/11/2013,175200,3764400000,21.5(0.47 %),176200,3785900000,1000,21500000,124553214,10.82
11/11/2013,78370,1720235000,22.2(3.26 %),117370,2569035000,39000,848800000,124474844,10.85
12/11/2013,90870,1982537000,22(-0.90 %),207380,4547820000,116510,2565283000,124383974,10.87
13/11/2013,310820,6781988000,21.8(-0.91 %),394610,8612489000,83790,1830501000,124073154,10.97
14/11/2013,53170,1159808000,22(0.92 %),64300,1402310000,11130,242502000,124019984,10.98
15/11/2013,154650,3495823000,22.7(3.18 %),154750,3498083000,100,2260000,123865334,11.03
18/11/2013,135430,3102287000,22.8(0.44 %),167430,3839795000,32000,737508000,123729904,11.07
19/11/2013,211070,4836535000,23(0.88 %),213470,4891855000,2400,55320000,123518834,11.14
20/11/2013,53250,1230215000,23.2(0.87 %),190790,4403760000,137540,3173545000,123465584,11.15
21/11/2013,401910,9402408000,23(-0.86 %),410710,9612798000,8800,210390000,123063674,11.28
22/11/2013,15800,366810000,23.7(3.04 %),51340,1198442000,35540,831632000,123047874,11.28
25/11/2013,-6490,-154420000,23.4(-1.27 %),510,12180000,7000,166600000,123054364,11.28
26/11/2013,-14040,-327332000,23.3(-0.43 %),0,0,14040,327332000,123068404,11.28
27/11/2013,-16070,-367079000,23.4(0.43 %),51930,1217921000,68000,1585000000,123084474,11.27
28/11/2013,-2880,-67680000,23.6(0.85 %),0,0,2880,67680000,123087354,11.27
29/11/2013,64710,1524498000,23.4(-0.85 %),69710,1642498000,5000,118000000,123022644,11.29
02/12/2013,400,9360000,23.4(0.00 %),2400,56160000,2000,46800000,123101772,11.27
03/12/2013,5100,121214000,23.8(1.71 %),17000,403654000,11900,282440000,123096672,11.27
04/12/2013,6850,162800000,23.9(0.42 %),31850,759670000,25000,596870000,123089822,11.27
05/12/2013,1060,26300000,23.9(0.00 %),16300,391060000,15240,364760000,123088762,11.27
06/12/2013,128640,3161899000,24.8(3.77 %),140040,3441199000,11400,279300000,122960122,11.31
09/12/2013,486750,12401050000,25.6(3.23 %),554650,14128710000,67900,1727660000,122473372,11.46
10/12/2013,61470,1561728000,25.5(-0.39 %),102200,2597370000,40730,1035642000,122411902,11.48
11/12/2013,-484500,-11861641000,24.3(-4.71 %),15500,392150000,500000,12253791000,122896402,11.33
12/12/2013,-197060,-4777772000,24.6(1.23 %),29150,703950000,226210,5481722000,123093462,11.27
13/12/2013,5100,125880000,24.6(0.00 %),5100,125880000,0,0,123088362,11.27
16/12/2013,-140360,-3416178000,24.3(-1.22 %),0,0,140360,3416178000,123228722,11.23
17/12/2013,-15580,-380221000,24.6(1.23 %),3000,73200000,18580,453421000,123244302,11.22
18/12/2013,700,17130000,24.9(1.22 %),800,19600000,100,2470000,123243602,11.22
19/12/2013,-166080,-4195916000,25.2(1.20 %),55690,1425389000,221770,5621305000,123409682,11.17
20/12/2013,-119470,-2956554000,25(-0.79 %),234470,5891946000,353940,8848500000,123529152,11.13
23/12/2013,-59250,-1494875000,24.9(-0.40 %),38620,968162000,97870,2463037000,123588402,11.12
24/12/2013,-53280,-1323499000,24.8(-0.40 %),0,0,53280,1323499000,123641682,11.1
25/12/2013,-26700,-656210000,24.7(-0.40 %),3800,94090000,30500,750300000,123668382,11.09
26/12/2013,-22340,-557564000,24.7(0.00 %),0,0,22340,557564000,123690722,11.09
27/12/2013,24930,615761000,24.6(-0.40 %),24930,615761000,0,0,123665792,11.09
30/12/2013,-1910,-47568000,24.6(0.00 %),3000,73800000,4910,121368000,123667702,11.09
31/12/2013,116300,2900500000,25.1(2.03 %),116300,2900500000,0,0,123551402,11.13
02/01/2014,194880,4980798000,25.4(1.20 %),281720,7204916000,86840,2224118000,123342652,11.19
03/01/2014,27130,686789000,25.4(0.00 %),28130,712089000,1000,25300000,123315522,11.2
06/01/2014,-30100,-768800000,26.3(3.54 %),3000,78900000,33100,847700000,123345622,11.19
07/01/2014,133950,3545985000,26(-1.14 %),162650,4296135000,28700,750150000,123211672,11.23
08/01/2014,-72420,-1895364000,26.3(1.15 %),4380,113880000,76800,2009244000,123284092,11.21
09/01/2014,80070,2115501000,26.5(0.76 %),118270,3116931000,38200,1001430000,123204022,11.23
10/01/2014,-114730,-2988796000,25.9(-2.26 %),4240,111526000,118970,3100322000,123318752,11.2
13/01/2014,-14410,-370336000,25.3(-2.32 %),1600,40720000,16010,411056000,123333162,11.19
14/01/2014,43620,1118301000,25.6(1.19 %),45620,1169701000,2000,51400000,123289542,11.21
15/01/2014,81990,2107889000,25.6(0.00 %),108230,2783133000,26240,675244000,123207552,11.23
16/01/2014,61140,1558184000,25.6(0.00 %),61140,1558184000,0,0,123146412,11.25
17/01/2014,376290,9648523000,25.6(0.00 %),376290,9648523000,0,0,122770122,11.37
20/01/2014,342290,8794510000,25.6(0.00 %),360290,9255310000,18000,460800000,122427832,11.47
21/01/2014,766350,19984295000,26.4(3.12 %),776450,20243915000,10100,259620000,121661482,11.71
22/01/2014,-43900,-1098967000,25.9(-1.89 %),199190,5297342000,243090,6396309000,121705382,11.69
23/01/2014,160440,4193396000,26.2(1.16 %),176040,4601906000,15600,408510000,121544942,11.74
24/01/2014,228640,5964284000,26.1(-0.38 %),272600,7109982000,43960,1145698000,121316302,11.81
27/01/2014,105770,2761128000,26.2(0.38 %),139620,3642521000,33850,881393000,121210532,11.85
06/02/2014,-53390,-1377999000,25.7(-1.91 %),58120,1500520000,111510,2878519000,121150752,11.86
07/02/2014,264890,6780003000,25.6(-0.39 %),396920,10166144000,132030,3386141000,120885862,11.95
10/02/2014,292900,7540944000,26.1(1.95 %),328900,8468544000,36000,927600000,120592962,12.03
11/02/2014,488960,12796746000,25.8(-1.15 %),488960,12796746000,0,0,120104002,12.18
12/02/2014,95390,2488661000,26.1(1.16 %),115600,3018100000,20210,529439000,120008612,12.21
13/02/2014,126300,3316022000,26.2(0.38 %),167800,4403020000,41500,1086998000,119882312,12.25
14/02/2014,184200,4813330000,26.1(-0.38 %),191200,4996030000,7000,182700000,119698112,12.31
17/02/2014,246300,6562410000,26.4(1.15 %),246300,6562410000,0,0,119451812,12.38
18/02/2014,201100,5311840000,26.5(0.38 %),284100,7495740000,83000,2183900000,119250712,12.45
19/02/2014,50500,1333070000,26.4(-0.38 %),56500,1492470000,6000,159400000,119200212,12.46
20/02/2014,71090,1885025000,25.4(-3.79 %),126600,3286570000,55510,1401545000,119129122,12.48
21/02/2014,15650,394207000,25.4(0.00 %),65300,1647760000,49650,1253553000,119113472,12.49
24/02/2014,323050,8205069000,25.7(1.18 %),352100,8945939000,29050,740870000,118790422,12.59
25/02/2014,-54800,-1397680000,25.7(0.00 %),56200,1435220000,111000,2832900000,118845222,12.57
26/02/2014,50100,1277670000,25.5(-0.78 %),56100,1431070000,6000,153400000,118795122,12.59
27/02/2014,-23140,-591434000,25.1(-1.57 %),56200,1429700000,79340,2021134000,118818262,12.58
28/02/2014,-41140,-1022944000,25(-0.40 %),57910,1452630000,99050,2475574000,118859402,12.57
03/03/2014,-90940,-2210834000,23.7(-5.20 %),61700,1509480000,152640,3720314000,118818247,12.58
04/03/2014,-30570,-733418000,24(1.27 %),218580,5154054000,249150,5887472000,118848817,12.57
05/03/2014,-132250,-3236680000,24.5(2.08 %),61180,1499527000,193430,4736207000,118981067,12.53
06/03/2014,-90530,-2209958000,24.4(-0.41 %),179730,4372920000,270260,6582878000,119071597,12.5
07/03/2014,-60860,-1483903000,24.4(0.00 %),209730,5101767000,270590,6585670000,119132457,12.48
10/03/2014,131530,3202194000,24.5(0.41 %),156580,3811624000,25050,609430000,119000927,12.52
11/03/2014,146300,3590359000,24.6(0.41 %),248620,6102116000,102320,2511757000,118854627,12.57
12/03/2014,80430,1953291000,24.7(0.41 %),299810,7412688000,219380,5459397000,118774197,12.59
13/03/2014,20880,517969000,24.8(0.40 %),84480,2095204000,63600,1577235000,118753317,12.6
14/03/2014,-36600,-869008000,24.5(-1.21 %),182400,4500492000,219000,5369500000,118789917,12.59
17/03/2014,-48410,-1155958000,23.8(-2.86 %),0,0,48410,1155958000,118838327,12.57
18/03/2014,-137200,-3274220000,23.9(0.42 %),0,0,137200,3274220000,118975527,12.53
19/03/2014,-254370,-6073649000,23.9(0.00 %),127850,3053615000,382220,9127264000,119229897,12.45
20/03/2014,-116580,-2801974000,24.1(0.84 %),187160,4488774000,303740,7290748000,119346477,12.42
21/03/2014,-4985490,-117182451000,23.5(-2.49 %),1962500,46220750000,6947990,163403201000,124331967,10.89
24/03/2014,39920,963240000,24.7(5.11 %),60000,1450500000,20080,487260000,124292047,10.9
25/03/2014,283890,6926445000,24.1(-2.43 %),332510,8116307000,48620,1189862000,124008157,10.99
26/03/2014,416820,9912432000,23.7(-1.66 %),475180,11309240000,58360,1396808000,123591337,11.12
27/03/2014,108700,2575110000,23.8(0.42 %),220010,5213024000,111310,2637914000,123482637,11.15
28/03/2014,281610,6714404000,23.8(0.00 %),311430,7425284000,29820,710880000,123201027,11.24
31/03/2014,-46190,-1091389000,23.4(-1.68 %),3170,75346000,49360,1166735000,123247217,11.22
01/04/2014,-35210,-817592000,22.7(-2.99 %),6400,148420000,41610,966012000,123387357,11.18
02/04/2014,227880,5148826000,22.5(-0.88 %),302300,6827210000,74420,1678384000,123159477,11.25
03/04/2014,88900,2023164000,22.9(1.78 %),109420,2490568000,20520,467404000,123070577,11.28
04/04/2014,134320,3119283000,23.3(1.75 %),170580,3963172000,36260,843889000,122936257,11.32
07/04/2014,166490,3894316000,23.4(0.43 %),189060,4422630000,22570,528314000,122769767,11.37
08/04/2014,192390,4485943000,23.3(-0.43 %),217180,5064966000,24790,579023000,122577377,11.43
10/04/2014,201220,4657799000,23(-1.29 %),221460,5126796000,20240,468997000,122376157,11.49
11/04/2014,232090,5322789000,23(0.00 %),232090,5322789000,0,0,122144067,11.56
14/04/2014,109410,2511003000,22.9(-0.43 %),131410,3014803000,22000,503800000,122034657,11.59
15/04/2014,286270,6484755000,22.5(-1.75 %),288270,6529755000,2000,45000000,121748387,11.68
16/04/2014,294320,6439948000,22(-2.22 %),336320,7345548000,42000,905600000,121454067,11.77
17/04/2014,140390,3100700000,22.1(0.45 %),162290,3584562000,21900,483862000,121313677,11.81
18/04/2014,14800,318350000,21(-4.98 %),14800,318350000,0,0,121298877,11.82
21/04/2014,320820,6581487000,20.2(-3.81 %),338690,6951409000,17870,369922000,120978057,11.92
22/04/2014,125390,2563459000,21.3(5.45 %),144240,2945692000,18850,382233000,120852667,11.96
23/04/2014,281720,5974946000,21.1(-0.94 %),302580,6416664000,20860,441718000,120570947,12.04
24/04/2014,-1510,-32330000,21(-0.47 %),216600,4548620000,218110,4580950000,120572457,12.04
25/04/2014,134360,2826881000,20.8(-0.95 %),155160,3262576000,20800,435695000,120438097,12.08
28/04/2014,47600,985698000,20.7(-0.48 %),158500,3297450000,110900,2311752000,120390497,12.1
29/04/2014,53130,1095067000,20.8(0.48 %),60000,1236600000,6870,141533000,120337367,12.11
05/05/2014,-58730,-1192800000,20.1(-3.37 %),0,0,58730,1192800000,120430902,12.08
06/05/2014,97780,1912249000,19.8(-1.49 %),117240,2297321000,19460,385072000,120333122,12.11
07/05/2014,151080,3056196000,20.4(3.03 %),169020,3417482000,17940,361286000,120182042,12.16
08/05/2014,492340,9427434000,19(-6.86 %),492340,9427434000,0,0,119689702,12.31
09/05/2014,452050,8861435000,20.3(6.84 %),555920,10898000000,103870,2036565000,119237652,12.45
12/05/2014,722070,13866136000,19.2(-5.42 %),795860,15295077000,73790,1428941000,118515582,12.67
13/05/2014,221340,4237526000,19.1(-0.52 %),257200,4925540000,35860,688014000,118294242,12.74
14/05/2014,493280,9502777000,19.5(6.56 %),528730,10180646000,35450,677869000,117800962,12.89
15/05/2014,615090,12137009000,19.9(2.05 %),670100,13219002000,55010,1081993000,117185872,13.08
16/05/2014,275690,5534606000,20.3(2.01 %),311040,6243060000,35350,708454000,116910182,13.16
19/05/2014,369590,7532914000,20.5(0.99 %),406960,8294957000,37370,762043000,116540592,13.28
20/05/2014,140440,2871425000,20.5(0.00 %),192050,3925724000,51610,1054299000,116400152,13.32
21/05/2014,106890,2206778000,21(2.44 %),155260,3204053000,48370,997275000,116293262,13.35
22/05/2014,127270,2652083000,20.8(-0.95 %),161520,3365464000,34250,713381000,116165992,13.39
23/05/2014,110450,2290407000,20.8(0.00 %),138550,2872260000,28100,581853000,116055542,13.43
26/05/2014,55340,1143200000,20.7(-0.48 %),68950,1424609000,13610,281409000,116000202,13.44
27/05/2014,186640,3963394000,21.2(2.42 %),543150,11406472000,356510,7443078000,115813562,13.5
28/05/2014,151620,3248413000,21.5(1.42 %),185270,3968717000,33650,720304000,115661942,13.55
29/05/2014,524880,11539593000,22.1(2.79 %),558430,12277290000,33550,737697000,115137062,13.71
30/05/2014,246200,5449938000,22.1(0.00 %),279750,6189924000,33550,739986000,114890862,13.78
02/06/2014,59590,1284979000,21.5(-2.71 %),70290,1516099000,10700,231120000,114950672,13.76
03/06/2014,31510,676053000,21.3(-0.93 %),43730,938255000,12220,262202000,114919162,13.77
04/06/2014,-25290,-527692000,21(-1.41 %),0,0,25290,527692000,114944452,13.77
05/06/2014,-14540,-302677000,20.8(-0.95 %),6000,124681000,20540,427358000,114958992,13.76
06/06/2014,-19650,-409098000,21.2(1.92 %),1000,20857000,20650,429955000,114978642,13.76
09/06/2014,-12030,-254875000,21(-0.94 %),6000,126000000,18030,380875000,114990672,13.75
10/06/2014,8160,172850000,20.5(-2.38 %),30700,637530000,22540,464680000,114982512,13.75
11/06/2014,25720,531883000,20.7(0.98 %),35300,729968000,9580,198085000,114956792,13.76
12/06/2014,-5690,-117077000,20.6(-0.48 %),14510,299506000,20200,416583000,114962482,13.76
13/06/2014,1600,33803000,20.6(0.00 %),14510,301057000,12910,267254000,114960882,13.76
16/06/2014,7280,149175000,20.7(0.49 %),298600,6159379000,291320,6010204000,114953602,13.76
17/06/2014,86860,1801071000,20.8(0.48 %),158880,3293014000,72020,1491943000,114866742,13.79
18/06/2014,92210,1918288000,20.8(0.00 %),92210,1918288000,0,0,114774532,13.82
19/06/2014,17970,370424000,20.6(-0.96 %),21970,451224000,4000,80800000,114756562,13.82
20/06/2014,-338800,-6651163000,19.6(-4.85 %),74050,1520030000,412850,8171193000,115095362,13.72
23/06/2014,18610,376720000,20.1(2.55 %),32410,653860000,13800,277140000,115076752,13.73
24/06/2014,9880,201141000,20.1(0.00 %),47050,948510000,37170,747369000,115066872,13.73
25/06/2014,16500,333629000,20.3(1.00 %),31680,641268000,15180,307639000,115050372,13.73
26/06/2014,28060,574773000,20.4(0.49 %),44680,914340000,16620,339567000,115022312,13.74
27/06/2014,20390,416051000,20.4(0.00 %),20390,416051000,0,0,115001922,13.75
30/06/2014,109820,2233561000,20.4(0.00 %),300270,6116968000,190450,3883407000,114892102,13.78
01/07/2014,61590,1256875000,20.4(0.00 %),65320,1332594000,3730,75719000,114791917,13.81
02/07/2014,-3970,-81126000,20.5(0.49 %),11370,232010000,15340,313136000,114795887,13.81
03/07/2014,-7000,-143500000,20.6(0.49 %),4000,82000000,11000,225500000,114802887,13.81
04/07/2014,-2200,-45780000,20.6(0.00 %),4500,92510000,6700,138290000,114805087,13.81
07/07/2014,-12500,-263600000,21(1.94 %),0,0,12500,263600000,114817587,13.81
08/07/2014,-13760,-288510000,20.9(-0.48 %),0,0,13760,288510000,114831347,13.8
09/07/2014,-5460,-114277000,20.9(0.00 %),5870,123183000,11330,237460000,114836807,13.8
10/07/2014,451340,9464604000,21.1(0.96 %),574610,12052004000,123270,2587400000,114915722,13.78
11/07/2014,220280,4647315000,21.3(0.95 %),235050,4959607000,14770,312292000,114118562,0.0
14/07/2014,256400,5511576000,21.8(2.35 %),277070,5955298000,20670,443722000,113862162,14.1
15/07/2014,228650,5044443000,22.3(2.29 %),267100,5894270000,38450,849827000,113633512,14.17
16/07/2014,240370,5429887000,22.5(0.90 %),318620,7199950000,78250,1770063000,113404132,0.0
17/07/2014,430880,9778251000,23(2.22 %),465330,10558260000,34450,780009000,112973252,14.37
18/07/2014,406150,9536978000,23.8(3.48 %),459330,10783854000,53180,1246876000,112974248,14.37
21/07/2014,545490,13025368000,24.1(1.26 %),644740,15395988000,99250,2370620000,111908628,0.0
22/07/2014,386640,9231191000,23.8(-1.24 %),486930,11626434000,100290,2395243000,111499948,0.0
23/07/2014,327990,7707250000,23.6(-0.84 %),389070,9137221000,61080,1429971000,111175328,0.0
24/07/2014,269330,6383189000,23.9(1.27 %),270580,6412689000,1250,29500000,110937928,0.0
25/07/2014,362780,8647572000,23.7(-0.84 %),364080,8678642000,1300,31070000,110663098,0.0
28/07/2014,105100,2348350000,22.1(-6.75 %),105100,2348350000,0,0,110658288,0.0
29/07/2014,-44580,-959108000,21.9(-0.90 %),34920,758248000,79500,1717356000,110684448,0.0
30/07/2014,127000,2747400000,21.6(-1.37 %),152000,3282400000,25000,535000000,110533698,0.0
31/07/2014,27740,604364000,21.9(1.39 %),27940,608764000,200,4400000,110507058,0.0
01/08/2014,146390,3201661000,22(0.46 %),146390,3201661000,0,0,110360668,0.0
04/08/2014,37960,830608000,21.9(-0.45 %),53160,1163488000,15200,332880000,110387008,0.0
05/08/2014,102900,2261166000,22.4(2.28 %),146300,3219276000,43400,958110000,110265708,0.0
06/08/2014,245500,5562061000,22.7(1.34 %),265500,6017061000,20000,455000000,110265908,15.2
07/08/2014,-342300,-7817538000,22.8(0.44 %),305790,6961053000,648090,14778591000,110608208,15.1
08/08/2014,76270,1718288000,22.6(-0.88 %),599720,13634962000,523450,11916674000,109360098,0.0
11/08/2014,-169590,-3666829000,21.7(-3.98 %),170980,3722687000,340570,7389516000,109247738,0.0
12/08/2014,-228300,-4830309000,21.1(-2.76 %),278000,5884000000,506300,10714309000,109074518,0.0
13/08/2014,-274850,-5701683000,20.7(-1.90 %),93620,1938796000,368470,7640479000,109578988,0.0
14/08/2014,-410120,-8537769000,21(1.45 %),95500,1988900000,505620,10526669000,109902438,15.31
15/08/2014,-114950,-2397810000,20.8(-0.95 %),337550,7037440000,452500,9435250000,110147508,15.24
18/08/2014,-497400,-10211738000,20.4(-1.92 %),0,0,497400,10211738000,110466258,0.0
19/08/2014,-369380,-7531569000,20.3(-0.49 %),2000,40600000,371380,7572169000,110832728,0.0
20/08/2014,-96270,-1961293000,20.5(0.99 %),29520,601858000,125790,2563151000,111308828,0.0
21/08/2014,142010,2960810000,20.8(1.46 %),142010,2960810000,0,0,111369318,0.0
22/08/2014,300660,6373114000,21.6(3.85 %),304660,6457914000,4000,84800000,111866718,14.71
25/08/2014,282500,6227980000,22(1.85 %),300500,6620080000,18000,392100000,111933438,14.69
26/08/2014,322660,7020670000,21.9(-0.45 %),372450,8100800000,49790,1080130000,111758728,14.74
27/08/2014,133270,2883366000,21.6(-1.37 %),145000,3137107000,11730,253741000,111386278,14.86
28/08/2014,394470,8654615000,22.1(2.31 %),394470,8654615000,0,0,111245278,14.9
29/08/2014,97750,2143700000,22(-0.45 %),259500,5702200000,161750,3558500000,110609308,0.0
03/09/2014,284700,6526326000,23.1(5.00 %),317000,7264366000,32300,738040000,110659098,15.08
04/09/2014,88660,2052427000,23.1(0.00 %),226680,5214287000,138020,3161860000,110127148,0.0
05/09/2014,398000,9344510000,23.6(2.16 %),415300,9750160000,17300,405650000,109711848,0.0
08/09/2014,263640,6298277000,23.7(0.42 %),263640,6298277000,0,0,109873598,15.32
09/09/2014,480040,11330545000,23.2(-2.11 %),517290,12211173000,37250,880628000,109642258,15.39
10/09/2014,-44590,-1043457000,23.3(0.43 %),46410,1071012000,91000,2114469000,109216578,0.0
11/09/2014,-44600,-1037030000,23.4(0.43 %),4000,93200000,48600,1130230000,109229878,0.0
12/09/2014,-95000,-2209500000,23.4(0.00 %),5000,116000000,100000,2325500000,109224878,0.0
15/09/2014,246950,6123734000,25(6.84 %),247950,6148734000,1000,25000000,109262128,15.51
16/09/2014,47140,1219539000,25.8(3.20 %),283150,7283973000,236010,6064434000,108822028,0.0
17/09/2014,-139490,-3530974000,24.8(-3.88 %),100000,2584900000,239490,6115874000,108770628,0.0
18/09/2014,104300,2593870000,25.4(2.42 %),147600,3691100000,43300,1097230000,108723028,0.0
19/09/2014,3956810,106988958000,27.1(6.69 %),5152190,139190939000,1195380,32201981000,103571838,0.0
22/09/2014,591900,15375209000,26(-4.06 %),732880,19058825000,140980,3683616000,103074968,0.0
23/09/2014,421560,10963822000,26(0.00 %),477060,12411472000,55500,1447650000,102837398,0.0
24/09/2014,-101290,-2515237000,24.7(-5.00 %),630400,16012360000,731690,18527597000,102938688,17.45
25/09/2014,-304980,-7503587000,24.7(0.00 %),160130,3975605000,465110,11479192000,103243668,17.35
26/09/2014,64640,1629764000,25.3(2.43 %),65640,1654964000,1000,25200000,103179028,17.37
29/09/2014,36410,909009000,24.9(-1.58 %),45210,1129729000,8800,220720000,103501178,0.0
30/09/2014,75000,1884610000,25.3(1.61 %),82000,2059310000,7000,174700000,104020868,0.0
01/10/2014,-5500,-142650000,25.5(0.79 %),3000,77500000,8500,220150000,104482978,0.0
02/10/2014,-29900,-759960000,25.5(0.00 %),0,0,29900,759960000,104483978,0.0
03/10/2014,-18000,-468100000,26(1.96 %),0,0,18000,468100000,104492778,0.0
06/10/2014,-74000,-1935000000,26.2(0.77 %),0,0,74000,1935000000,104499778,0.0
07/10/2014,-51600,-1335184000,26(-0.76 %),0,0,51600,1335184000,104508278,0.0
08/10/2014,20070,512927000,25.8(-0.77 %),105570,2714729000,85500,2201802000,104432608,0.0
09/10/2014,15480,364787000,24.5(-5.04 %),47530,1185946000,32050,821159000,104403078,0.0
10/10/2014,-141720,-3541012000,24.7(0.82 %),280,6944000,142000,3547956000,104476798,0.0
13/10/2014,-98290,-2433663000,24.8(0.40 %),0,0,98290,2433663000,104575088,16.94
14/10/2014,-67740,-1668276000,24.1(-2.82 %),7800,193440000,75540,1861716000,104642828,16.92
15/10/2014,-82710,-1983140000,24(-0.41 %),2290,54760000,85000,2037900000,104725538,16.9
16/10/2014,136750,3215045000,23.3(-2.92 %),300000,7040843000,163250,3825798000,104588788,16.94
17/10/2014,-566120,-12894196000,22.9(-1.72 %),2000,45200000,568120,12939396000,105154908,16.77
20/10/2014,-54540,-1253489000,23.8(3.93 %),162280,3814500000,216820,5067989000,105209448,16.75
21/10/2014,-153170,-3606683000,23.6(-0.84 %),88350,2081725000,241520,5688408000,105362618,16.7
22/10/2014,188790,4532601000,24.2(2.54 %),323150,7762267000,134360,3229666000,105173828,16.76
23/10/2014,190430,4565602000,24(-0.83 %),222510,5335720000,32080,770118000,104983398,16.82
24/10/2014,18820,453694000,24(0.00 %),28820,692244000,10000,238550000,104964578,16.83
27/10/2014,-68380,-1591345000,22.8(-5.00 %),800,19040000,69180,1610385000,105032958,16.8
29/10/2014,2900,68732000,23.6(1.72 %),30990,728989000,28090,660257000,105030058,16.81
30/10/2014,260070,6275154000,24.1(2.12 %),260070,6275154000,0,0,104769988,16.89
31/10/2014,207940,5160730000,25.2(4.56 %),217280,5395440000,9340,234710000,104562048,16.95
03/11/2014,187070,4772845000,25.2(0.00 %),190070,4849745000,3000,76900000,104620568,16.93
04/11/2014,23700,604338000,25.2(0.00 %),42420,1077026000,18720,472688000,104596868,16.94
05/11/2014,105980,2667222000,25(-0.79 %),106350,2676576000,370,9354000,104490888,16.97
06/11/2014,39000,982400000,25.2(0.80 %),39000,982400000,0,0,104451888,16.98
07/11/2014,70040,1774733000,25.7(1.98 %),76640,1941763000,6600,167030000,104381848,17.0
10/11/2014,-5000,-128494000,25.6(-0.39 %),3000,77106000,8000,205600000,104386848,17.0
11/11/2014,-25090,-630579000,25.2(-1.56 %),0,0,25090,630579000,104411938,16.99
12/11/2014,52760,1335826000,25.4(0.79 %),53760,1361071000,1000,25245000,104359178,17.01
13/11/2014,40160,1012432000,25.1(-1.18 %),56820,1431664000,16660,419232000,104319018,17.02
14/11/2014,36860,911456000,24.9(-0.80 %),94360,2332581000,57500,1421125000,104282158,17.03
17/11/2014,26700,662060000,24.8(-0.40 %),28000,694400000,1300,32340000,104255458,17.04
18/11/2014,-43630,-1075330000,24.4(-1.61 %),26030,637976000,69660,1713306000,104299088,17.03
19/11/2014,-20500,-502300000,24.4(0.00 %),5500,134600000,26000,636900000,104319588,17.02
20/11/2014,39970,1005720000,25.3(3.69 %),54940,1383760000,14970,378040000,104208118,0.0
21/11/2014,56160,1416850000,25(-1.19 %),56160,1416850000,0,0,104153258,0.0
24/11/2014,10290,255730000,24.8(-0.80 %),23290,573930000,13000,318200000,104199628,0.0
25/11/2014,76540,1908220000,24.9(0.40 %),78660,1960390000,2120,52170000,104146968,0.0
26/11/2014,63950,1645400000,25.1(0.80 %),128010,3266010000,64060,1620610000,104033928,0.0
27/11/2014,-2800,-69180000,25.5(1.59 %),500,12750000,3300,81930000,104033428,0.0
28/11/2014,-1000,-24870000,25.1(-1.57 %),4000,100930000,5000,125800000,104042428,0.0
01/12/2014,43170,1090640000,25.2(0.40 %),44170,1115840000,1000,25200000,104000378,0.0
02/12/2014,0,0,25.2(0.00 %),1000,25200000,1000,25200000,104063438,0.0
03/12/2014,49800,1268320000,25.5(1.19 %),50000,1273360000,200,5040000,104016738,0.0
04/12/2014,123800,3189870000,25.8(1.18 %),125490,3232900000,1690,43030000,103896248,0.0
05/12/2014,129450,3442990000,26.8(3.88 %),155050,4122690000,25600,679700000,103742198,0.0
08/12/2014,-171920,-4661980000,27.1(1.12 %),134080,3633720000,306000,8295700000,103609118,0.0
09/12/2014,61880,1636030000,26.8(-1.11 %),276050,7430850000,214170,5794820000,103333268,0.0
10/12/2014,-29770,-877180000,28.6(6.72 %),106370,2852690000,136140,3729870000,103228588,0.0
11/12/2014,-163060,-4683270000,28.2(-1.40 %),23300,669920000,186360,5353190000,103230888,0.0
12/12/2014,1400,39480000,28.2(0.00 %),1400,39480000,0,0,103229488,17.36
15/12/2014,-450010,-12213380000,26.9(-4.61 %),300,8130000,450310,12221510000,103749358,0.0
16/12/2014,-115280,-3026100000,25.9(-3.72 %),32190,838520000,147470,3864620000,103853308,0.0
17/12/2014,-36380,-945690000,25.3(-2.32 %),46000,1166000000,82380,2111690000,103993668,0.0
18/12/2014,-990620,-24816730000,25.5(0.79 %),0,0,990620,24816730000,103993668,0.0
19/12/2014,-2401250,-60626780000,25.2(-1.18 %),406080,10261820000,2807330,70888600000,104037898,0.0
22/12/2014,22150,584235000,26.9(6.75 %),22150,584235000,0,0,104015748,17.12
23/12/2014,96420,2590260000,27(0.37 %),300150,8125880000,203730,5535620000,104038448,0.0
24/12/2014,7500,201950000,26.8(-0.74 %),9000,242600000,1500,40650000,105020068,0.0
25/12/2014,-31610,-844020000,26.5(-1.12 %),3300,88080000,34910,932100000,107824098,0.0
26/12/2014,349820,9324791000,27(1.89 %),354820,9457291000,5000,132500000,107474278,16.06
29/12/2014,343340,9041684000,26(-0.76 %),362340,9543184000,19000,501500000,107130938,16.16
30/12/2014,157400,4067390000,26.4(1.54 %),162400,4197390000,5000,130000000,106973538,16.21
31/12/2014,138940,3670319000,26.4(0.00 %),154940,4098166000,16000,427847000,106834598,16.25
05/01/2015,26000,701440000,27.1(2.65 %),71000,1918800000,45000,1217360000,106870738,16.24
06/01/2015,134180,3647204000,28.4(4.80 %),177000,4829480000,42820,1182276000,106736558,16.28
07/01/2015,-260600,-7353879000,27.8(-2.11 %),66620,1878041000,327220,9231920000,106997158,16.2
08/01/2015,119250,3291866000,27(-2.88 %),261920,7178003000,142670,3886137000,106877908,16.24
09/01/2015,-64400,-1763938000,26.9(-0.37 %),100030,2707058000,164430,4470996000,106942308,16.22
12/01/2015,68900,1841082000,26.1(-2.97 %),69900,1867257000,1000,26175000,106873408,16.24
13/01/2015,196610,5251415000,27.3(4.60 %),200610,5355215000,4000,103800000,106676798,16.3
14/01/2015,254650,6882821000,26.9(-1.47 %),331010,8943488000,76360,2060667000,106422148,16.38
15/01/2015,102840,2761823000,27(0.37 %),318870,8595676000,216030,5833853000,106319308,16.41
16/01/2015,150430,4054778000,27(0.00 %),238590,6439501000,88160,2384723000,106168878,16.46
19/01/2015,364900,9857300000,26.9(-0.37 %),365000,9860000000,100,2700000,105803978,16.57
20/01/2015,243600,6624514000,27.3(1.49 %),245400,6673384000,1800,48870000,105560378,16.64
21/01/2015,2000,53600000,26.8(-1.83 %),2000,53600000,0,0,105558378,16.64
22/01/2015,-100,-2690000,26.8(0.00 %),0,0,100,2690000,105558478,16.64
23/01/2015,5030,135307000,26.8(0.00 %),5030,135307000,0,0,105553448,16.64
26/01/2015,-4100,-110390000,27(0.75 %),0,0,4100,110390000,105557548,16.64
27/01/2015,44370,1174683000,26(-3.70 %),51300,1360200000,6930,185517000,105513178,16.66
28/01/2015,23510,618300000,25.5(-1.92 %),25570,671448000,2060,53148000,105489668,16.66
29/01/2015,1400,35700000,26(1.96 %),1400,35700000,0,0,105488268,16.66
30/01/2015,42630,1099823000,25.6(-1.54 %),61000,1573795000,18370,473972000,105445638,16.68
02/02/2015,-42040,-1053964000,24.7(-3.52 %),0,0,42040,1053964000,105510208,16.66
03/02/2015,-15200,-379590000,24.2(-2.02 %),11500,278750000,26700,658340000,105525408,16.65
04/02/2015,56300,1349806000,24.2(0.00 %),127140,3059034000,70840,1709228000,105469108,16.67
05/02/2015,81610,1979386000,24.5(1.24 %),81610,1979386000,0,0,105387498,16.7
06/02/2015,4500,110200000,24.7(0.82 %),4500,110200000,0,0,105382998,16.7
09/02/2015,60850,1508209000,24.5(-0.81 %),71310,1764479000,10460,256270000,105322148,16.72
10/02/2015,27240,685283000,24.7(0.82 %),92230,2290236000,64990,1604953000,105294908,16.72
11/02/2015,65300,1645988000,25.5(3.24 %),65300,1645988000,0,0,105229608,16.74
12/02/2015,118330,3034139000,25.7(0.78 %),118350,3034657000,20,518000,105111278,16.78
13/02/2015,103010,2671861000,25.3(-1.56 %),103010,2671861000,0,0,105008268,16.81
24/02/2015,50640,1300324000,25.5(0.79 %),62880,1614352000,12240,314028000,104957628,16.83
25/02/2015,33400,860829000,25.2(-1.18 %),91820,2355391000,58420,1494562000,104924228,16.84
26/02/2015,-41430,-1038427000,25.2(0.00 %),63590,1601022000,105020,2639449000,104965658,16.83
27/02/2015,43470,1087683000,25.1(-0.40 %),63180,1581500000,19710,493817000,104922188,16.84
02/03/2015,68750,1734060000,25.3(0.80 %),68750,1734060000,0,0,104732758,16.9
03/03/2015,257300,6672146000,26.2(3.56 %),361310,9373940000,104010,2701794000,104475458,16.98
04/03/2015,5000,129830000,26(-0.76 %),5000,129830000,0,0,104470458,16.98
05/03/2015,-53040,-1363819000,25.7(-1.15 %),3500,91000000,56540,1454819000,104523498,16.96
06/03/2015,-97690,-2520402000,25.8(0.39 %),0,0,97690,2520402000,104621188,16.93
09/03/2015,-46370,-1181060000,25.5(-1.16 %),2810,71830000,49180,1252890000,104667558,16.92
10/03/2015,-67320,-1711728000,25.5(0.00 %),0,0,67320,1711728000,104734878,16.9
11/03/2015,-28450,-722630000,25.5(0.00 %),0,0,28450,722630000,104763328,16.89
12/03/2015,98000,2508900000,25.6(0.39 %),100000,2559900000,2000,51000000,104665328,16.92
13/03/2015,96730,2482513000,25.7(0.39 %),99280,2547978000,2550,65465000,104568598,16.95
16/03/2015,163110,4177464000,25.5(-0.78 %),214110,5482064000,51000,1304600000,104405488,17.0
17/03/2015,99890,2575014000,25.9(1.57 %),188770,4862990000,88880,2287976000,104305598,17.03
18/03/2015,125930,3243733000,25.8(-0.39 %),127930,3295433000,2000,51700000,104179668,17.07
19/03/2015,-84090,-2131177000,25.2(-2.33 %),130000,3291500000,214090,5422677000,104263758,17.04
20/03/2015,376350,9660735000,25.7(1.98 %),532570,13674289000,156220,4013554000,103887408,17.16
23/03/2015,-203400,-5055768000,24.9(-3.11 %),85000,2157500000,288400,7213268000,104090808,17.09
24/03/2015,-77820,-1899178000,24.3(-2.41 %),25200,619580000,103020,2518758000,104168628,17.07
25/03/2015,-77820,-1899178000,24.1(-0.82 %),25200,619580000,103020,2518758000,104246448,17.05
26/03/2015,-313700,-7484800000,23.5(-2.49 %),0,0,313700,7484800000,104560148,16.95
27/03/2015,-140830,-3307344000,23.2(-1.28 %),179330,4196540000,320160,7503884000,104700978,16.91
30/03/2015,-57930,-1319049000,22.5(-3.02 %),118870,2732840000,176800,4051889000,104758908,16.89
31/03/2015,114020,2605622000,22.9(1.78 %),116170,2653997000,2150,48375000,104644888,16.92
01/04/2015,205370,4635091000,22.5(-1.75 %),205370,4635091000,0,0,104126368,17.08
02/04/2015,98680,2248526000,23(2.22 %),98680,2248526000,0,0,104027688,17.11
03/04/2015,75030,1739834000,23.3(1.30 %),75030,1739834000,0,0,103952658,17.14
06/04/2015,49110,1135887000,23.2(-0.43 %),132830,3072191000,83720,1936304000,103903548,17.15
07/04/2015,-6200,-141602000,23.5(1.29 %),129850,3025107000,136050,3166709000,103909748,17.15
08/04/2015,-31700,-745034000,23.6(0.43 %),168070,3955261000,199770,4700295000,103941448,17.14
09/04/2015,-10330,-242379000,23.5(-0.42 %),12600,296986000,22930,539365000,103951778,17.14
10/04/2015,89150,2113425000,23.7(0.85 %),90150,2137125000,1000,23700000,103862628,17.16
13/04/2015,339350,8300225000,24.7(4.22 %),339350,8300225000,0,0,103523278,17.27
14/04/2015,109110,2672510000,24.4(-1.21 %),109170,2674004000,60,1494000,103414168,17.3
15/04/2015,89910,2194449000,24.5(0.41 %),89910,2194449000,0,0,103324258,17.33
16/04/2015,137290,3379131000,24.5(0.00 %),137290,3379131000,0,0,103186968,17.37
17/04/2015,70810,1741482000,24.2(-1.22 %),70810,1741482000,0,0,103116158,17.39
20/04/2015,79130,1920786000,23.8(-1.65 %),79130,1920786000,0,0,103037028,17.42
21/04/2015,62460,1504040000,24(0.84 %),62460,1504040000,0,0,102974568,17.44
22/04/2015,64460,1556079000,23.9(-0.42 %),64460,1556079000,0,0,102910108,17.46
23/04/2015,60320,1446159000,24(0.42 %),63460,1521369000,3140,75210000,102849788,17.47
24/04/2015,67720,1640542000,24.5(2.08 %),67720,1640542000,0,0,102782068,17.49
27/04/2015,58660,1436492000,24(-2.04 %),68560,1675516000,9900,239024000,102723408,17.51
04/05/2015,70040,1670989000,23.6(-1.67 %),70040,1670989000,0,0,103139443,17.38
05/05/2015,124280,2997318000,24.9(5.51 %),124280,2997318000,0,0,103015163,17.42
06/05/2015,24520,598972000,24.4(-2.01 %),64590,1578875000,40070,979903000,102990643,17.87
07/05/2015,14150,342519000,24.1(-1.23 %),67550,1637879000,53400,1295360000,102976493,17.88
08/05/2015,-61250,-1435092000,23.5(-2.49 %),62650,1469507000,123900,2904599000,103037743,17.86
11/05/2015,-1620,-28934000,22.6(-3.83 %),62550,1450515000,64170,1479449000,103039363,17.86
12/05/2015,-294350,-6364155000,21.2(-6.19 %),11000,238400000,305350,6602555000,103333713,17.77
13/05/2015,83910,1781703000,21.3(0.47 %),189440,4027672000,105530,2245969000,103249803,17.79
14/05/2015,-10430,-225094000,21.6(1.41 %),31070,664856000,41500,889950000,103260233,17.79
15/05/2015,82520,1795107000,21.8(0.93 %),116020,2522757000,33500,727650000,103177713,17.81
18/05/2015,-1690,-27797000,21.6(-0.92 %),144310,3071646000,146000,3099443000,103179403,17.81
19/05/2015,10790,232351000,21.6(0.00 %),26990,582311000,16200,349960000,103168613,17.82
20/05/2015,-6350,-147862000,21.9(1.39 %),108650,2392009000,115000,2539871000,103174963,17.82
21/05/2015,3490,114002000,22.8(4.11 %),53490,1217502000,50000,1103500000,103171473,17.82
22/05/2015,96020,2120652000,22.1(2.31 %),96020,2120652000,0,0,103075453,17.85
25/05/2015,-9640,-205192000,21.5(-2.71 %),7650,163985000,17290,369177000,103085093,17.84
26/05/2015,-14590,-305770000,22(2.33 %),62610,1363250000,77200,1669020000,103099683,17.84
27/05/2015,63170,1387766000,22(0.00 %),63170,1387766000,0,0,103036513,17.86
28/05/2015,75820,1692300000,22.5(2.27 %),75820,1692300000,0,0,102960693,17.88
29/05/2015,98030,2211151000,22.5(0.00 %),98030,2211151000,0,0,102862663,17.91
01/06/2015,74440,1670809000,22.4(-0.44 %),74440,1670809000,0,0,102801268,17.93
02/06/2015,62740,1405150000,22.4(0.00 %),64840,1452200000,2100,47050000,102738528,17.95
03/06/2015,-160390,-3491895000,21.6(-3.57 %),26990,588055000,187380,4079950000,102898918,17.9
04/06/2015,-36300,-786826000,21.8(0.93 %),40000,882008000,76300,1668834000,102935218,17.89
05/06/2015,-88510,-1929839000,21.7(-0.46 %),164350,3580330000,252860,5510169000,103023728,17.86
08/06/2015,-404880,-8621056000,21(-3.23 %),500,10900000,405380,8631956000,103428608,17.74
09/06/2015,-78660,-1682430000,21.5(2.38 %),13000,277300000,91660,1959730000,103507268,17.71
10/06/2015,-35720,-777309000,21.7(0.93 %),44640,965888000,80360,1743197000,103542988,17.7
11/06/2015,-6290,-143087000,21.8(0.46 %),68560,1495816000,74850,1638903000,103549278,17.7
12/06/2015,101100,2213621000,21.9(0.46 %),101100,2213621000,0,0,103448178,17.73
15/06/2015,-129190,-2844880000,22(0.46 %),177220,3895940000,306410,6740820000,103577368,17.69
16/06/2015,39230,893186000,22.6(2.73 %),434820,9814084000,395590,8920898000,103538138,17.7
17/06/2015,-2540,-56214000,22.3(-1.33 %),195720,4382082000,198260,4438296000,103540678,17.7
18/06/2015,86770,1946190000,22.3(0.00 %),444150,9967700000,357380,8021510000,103453908,17.73
19/06/2015,-3715900,-81761022000,22(-1.35 %),1022370,22500013000,4738270,104261035000,107169808,16.56
22/06/2015,42520,963984000,22.7(3.18 %),67030,1516343000,24510,552359000,107127288,16.57
23/06/2015,15860,356924000,22.4(-1.32 %),24940,561584000,9080,204660000,107111428,16.58
24/06/2015,-670,-15814000,22.2(-0.89 %),24330,541086000,25000,556900000,107112098,16.58
25/06/2015,12520,276359000,22.1(-0.45 %),19030,420673000,6510,144314000,107099578,16.58
26/06/2015,-8480,-187109000,22(-0.45 %),0,0,8480,187109000,107108058,16.58
29/06/2015,29170,640004000,21.9(-0.45 %),57020,1249338000,27850,609334000,107078888,16.59
30/06/2015,29270,639216000,21.7(-0.91 %),45740,999022000,16470,359806000,107049618,16.6
01/07/2015,43900,948669000,21.5(-0.92 %),76610,1654027000,32710,705358000,106952923,16.63
02/07/2015,-59350,-1287004000,22(2.33 %),68610,1499932000,127960,2786936000,107012273,16.2
03/07/2015,7300,159400000,21.8(-0.91 %),7300,159400000,0,0,107004973,16.2
06/07/2015,73110,1600559000,22(0.92 %),75710,1657759000,2600,57200000,106931863,16.22
07/07/2015,34110,753631000,22.1(0.45 %),68610,1507391000,34500,753760000,106897753,16.23
08/07/2015,68660,1519974000,22(-0.45 %),68660,1519974000,0,0,106829093,16.25
09/07/2015,47780,1047924000,21.9(-0.45 %),68580,1501944000,20800,454020000,106781313,16.27
10/07/2015,28030,620581000,22.1(0.91 %),50240,1106980000,22210,486399000,106753283,16.28
13/07/2015,7000,152450000,22(-0.45 %),11000,240050000,4000,87600000,106746283,16.28
14/07/2015,210560,4648252000,22.6(2.73 %),210560,4648252000,0,0,106535723,16.34
15/07/2015,-95190,-2094670000,21.9(-3.10 %),15400,345520000,110590,2440190000,106630913,16.31
16/07/2015,-69000,-1515300000,21.9(0.00 %),68580,1506428000,137580,3021728000,106699913,16.29
17/07/2015,-123330,-2735378000,22.1(0.91 %),145410,3209608000,268740,5944986000,106823243,16.26
20/07/2015,-56950,-1248976000,21.8(-1.36 %),45760,1002144000,102710,2251120000,106880193,16.24
21/07/2015,-101800,-2192332000,21.7(-0.46 %),128080,2782224000,229880,4974556000,106981993,16.21
22/07/2015,-30170,-656549000,21.5(-0.92 %),103470,2240419000,133640,2896968000,107012163,16.2
23/07/2015,-10620,-234418000,21.5(0.00 %),117340,2522930000,127960,2757348000,107022783,16.19
24/07/2015,-61700,-1333020000,21.5(0.00 %),98300,2113980000,160000,3447000000,107084483,16.18
27/07/2015,-168860,-3706059000,22(2.33 %),84530,1858274000,253390,5564333000,107253343,16.12
28/07/2015,-146200,-3238160000,22.2(0.91 %),6000,133900000,152200,3372060000,107399543,16.08
29/07/2015,-424490,-9654277000,22.5(1.35 %),14700,336430000,439190,9990707000,107824033,15.95
30/07/2015,-42490,-964260000,22.3(-0.89 %),73690,1650980000,116180,2615240000,107866523,15.94
31/07/2015,-57230,-1260810000,21.9(-1.79 %),39800,875560000,97030,2136370000,107923753,15.92
03/08/2015,-201900,-4245220000,21.1(-3.65 %),53400,1138020000,255300,5383240000,107270753,16.12
04/08/2015,-194950,-4136170000,21.1(0.00 %),5690,120560000,200640,4256730000,107465703,16.06
05/08/2015,-91710,-1957860000,21.3(0.95 %),58290,1240640000,150000,3198500000,107557413,16.03
06/08/2015,-56690,-1204720000,21.1(-0.94 %),3100,66320000,59790,1271040000,107614103,16.01
07/08/2015,-136580,-2876710000,21(-0.47 %),23060,487650000,159640,3364360000,107750683,15.97
10/08/2015,-95560,-2000740000,20.9(-0.48 %),5860,122850000,101420,2123590000,107846243,15.94
11/08/2015,-98570,-2076590000,20.9(0.00 %),39600,831620000,138170,2908210000,107944813,15.91
12/08/2015,-111730,-2318450000,20.7(-0.96 %),24910,517000000,136640,2835450000,108056543,15.88
13/08/2015,-98080,-2006600000,20.4(-1.45 %),1200,24600000,99280,2031200000,108154623,15.85
14/08/2015,-147670,-2988840000,20.3(-0.49 %),1590,32160000,149260,3021000000,108302293,15.8
17/08/2015,26770,538710000,20.1(-0.99 %),251190,5051150000,224420,4512440000,108275523,15.81
18/08/2015,-97130,-1961550000,20.3(1.00 %),155810,3153670000,252940,5115220000,108372653,15.78
19/08/2015,-84850,-1718000000,20.1(-0.99 %),148600,2984080000,233450,4702080000,108457503,15.75
20/08/2015,-248900,-4942220000,20(-0.50 %),1670,33070000,250570,4975290000,108706403,15.68
21/08/2015,-646710,-12202800000,18.9(-5.50 %),7830,151840000,654540,12354640000,109353113,15.48
24/08/2015,17460,388340000,17.7(-6.35 %),562760,10181480000,545300,9793140000,109335653,15.49
25/08/2015,-342000,-5854750000,16.6(-6.21 %),25740,443420000,367740,6298170000,109677653,15.38
26/08/2015,-199850,-3475580000,17.7(6.63 %),59310,1000880000,259160,4476460000,109877503,15.32
27/08/2015,-114770,-2106540000,18.5(4.52 %),5500,99550000,120270,2206090000,109992273,15.28
28/08/2015,-18090,-333770000,18.5(0.00 %),5000,92500000,23090,426270000,110010363,15.28
31/08/2015,-64440,-1184760000,18.2(-1.62 %),42420,783570000,106860,1968330000,110074803,15.26
01/09/2015,0,0,18(-1.10 %),0,0,0,0,110732283,15.06
03/09/2015,-128290,-2225510000,17.1(-5.00 %),7070,121600000,135360,2347110000,110860573,15.02
04/09/2015,13000,222300000,17.8(4.09 %),13000,222300000,0,0,110847573,15.02
07/09/2015,-22800,-396570000,17.4(-2.25 %),300,5250000,23100,401820000,110870373,15.02
08/09/2015,-76480,-1322780000,17.4(0.00 %),0,0,76480,1322780000,110946853,14.99
09/09/2015,3900,68070000,17.4(0.00 %),3900,68070000,0,0,110942953,14.99
10/09/2015,1000,17400000,17.7(1.72 %),1000,17400000,0,0,110941953,14.99
11/09/2015,-18070,-318250000,17.7(0.00 %),5000,88700000,23070,406950000,110960023,14.99
14/09/2015,-4110,-70880000,17.3(-2.26 %),3270,57870000,7380,128750000,110964133,14.99
15/09/2015,-177020,-2994730000,16.8(-2.89 %),0,0,177020,2994730000,111141153,14.93
16/09/2015,5160,88600000,17.1(1.79 %),5200,89270000,40,670000,111135993,14.93
17/09/2015,100,1720000,17(-0.58 %),100,1720000,0,0,111135893,14.93
18/09/2015,187360,3293840000,17.8(4.71 %),187360,3293840000,0,0,110948533,14.99
21/09/2015,61970,1101570000,17.8(0.00 %),61970,1101570000,0,0,110886563,15.01
22/09/2015,3270,58210000,17.7(-0.56 %),5780,102390000,2510,44180000,110883293,15.01
23/09/2015,0,0,17.5(-1.13 %),0,0,0,0,110883293,15.01
24/09/2015,43200,758040000,17.6(0.57 %),43200,758040000,0,0,110840093,15.02
25/09/2015,-29360,-511600000,17.4(-1.14 %),1800,31500000,31160,543100000,110869453,15.02
28/09/2015,100,1750000,17.4(0.00 %),100,1750000,0,0,110869353,15.02
29/09/2015,-2900,-50460000,17.5(0.57 %),11500,200100000,14400,250560000,110872253,15.01
30/09/2015,46600,818170000,17.6(0.57 %),46600,818170000,0,0,110825653,15.03
01/10/2015,6900,121830000,17.6(0.00 %),6900,121830000,0,0,111054573,14.96
02/10/2015,82940,1495620000,18.6(5.68 %),133900,2417010000,50960,921390000,110971633,14.98
05/10/2015,11540,211780000,18.5(-0.54 %),50000,920040000,38460,708260000,110960093,14.99
06/10/2015,131330,2503820000,19.1(3.24 %),160330,3046120000,29000,542300000,110828763,15.03
07/10/2015,139570,2656260000,18.7(-2.09 %),202590,3839160000,63020,1182900000,110689193,15.07
08/10/2015,33810,636170000,18.8(0.53 %),70810,1325970000,37000,689800000,110655383,15.08
09/10/2015,72180,1356160000,18.6(-1.06 %),72180,1356160000,0,0,110583203,15.1
12/10/2015,120280,2260420000,18.6(0.00 %),120380,2262300000,100,1880000,110462923,15.14
13/10/2015,170480,3207900000,19(2.15 %),170480,3207900000,0,0,110292443,15.19
14/10/2015,52460,1011980000,18.6(-2.11 %),120480,2285960000,68020,1273980000,110239983,15.21
15/10/2015,-302980,-5633160000,18.6(0.00 %),188460,3510250000,491440,9143410000,110542963,15.12
16/10/2015,-163040,-3031120000,18.6(0.00 %),10550,199290000,173590,3230410000,110706003,15.07
19/10/2015,75890,1429230000,18.8(1.08 %),75890,1429230000,0,0,110630113,15.09
20/10/2015,3610,68620000,18.5(-1.60 %),6110,114870000,2500,46250000,110626503,15.09
21/10/2015,12700,238060000,18.5(0.00 %),12700,238060000,0,0,110613803,15.09
22/10/2015,33490,626410000,18.5(0.00 %),33490,626410000,0,0,110580313,15.1
23/10/2015,14000,261800000,18.7(1.08 %),14000,261800000,0,0,110566313,15.11
26/10/2015,75470,1412940000,18.8(0.53 %),75470,1412940000,0,0,110490843,15.13
27/10/2015,14350,269910000,18.7(-0.53 %),14350,269910000,0,0,110476493,15.14
28/10/2015,132150,2470070000,19(1.60 %),132150,2470070000,0,0,110344343,15.18
29/10/2015,71080,1349040000,18.8(-1.05 %),71080,1349040000,0,0,110273263,15.2
30/10/2015,8560,160400000,18.6(-1.06 %),8560,160400000,0,0,110264703,15.2
02/11/2015,-4500,-78350000,18.3(-1.61 %),10000,188000000,14500,266350000,110269103,15.2
03/11/2015,0,0,18.4(0.55 %),0,0,0,0,110269103,15.2
04/11/2015,91490,1696180000,18.5(0.54 %),91490,1696180000,0,0,110177613,15.23
05/11/2015,-5550,-100970000,18.5(0.00 %),10450,195330000,16000,296300000,110183163,15.23
06/11/2015,200,3670000,18.5(0.00 %),300,5520000,100,1850000,110182963,15.23
09/11/2015,-89680,-1656540000,18.4(-0.54 %),23970,443650000,113650,2100190000,110272643,15.2
10/11/2015,106800,1977900000,18.6(1.09 %),110200,2041480000,3400,63580000,110165843,15.23
11/11/2015,-900,-16740000,18.4(-1.08 %),0,0,900,16740000,110166743,15.23
12/11/2015,6980,129130000,18.4(0.00 %),10000,185000000,3020,55870000,110159763,15.23
13/11/2015,-15010,-272280000,18.1(-1.63 %),0,0,15010,272280000,110174773,15.23
16/11/2015,0,0,17.7(-2.21 %),0,0,0,0,110174773,15.23
17/11/2015,110040,1973590000,18.2(2.82 %),116490,2089840000,6450,116250000,110064733,15.26
18/11/2015,-2460,-44990000,18.5(1.65 %),20000,368470000,22460,413460000,110067193,15.26
19/11/2015,17340,320500000,18.6(0.54 %),20250,374630000,2910,54130000,110049853,15.27
20/11/2015,48630,894060000,18.5(-0.54 %),56390,1036220000,7760,142160000,110001223,15.28
23/11/2015,22260,410080000,18.5(0.00 %),22260,410080000,0,0,109978963,15.29
24/11/2015,71330,1313650000,18.4(-0.54 %),76850,1415540000,5520,101890000,109905943,15.31
25/11/2015,14690,268330000,18.3(-0.54 %),72880,1333670000,58190,1065340000,109835973,15.33
26/11/2015,50000,913000000,18.3(0.00 %),50000,913000000,0,0,109793733,15.35
27/11/2015,42710,777793000,18.2(-0.55 %),113000,2057900000,70290,1280107000,109751023,15.36
30/11/2015,84820,1542340000,18.1(-0.55 %),84820,1542340000,0,0,109601433,15.4
01/12/2015,193130,3576720000,18.9(4.42 %),269860,4979410000,76730,1402690000,109389763,15.47
02/12/2015,31180,585440000,18.9(0.00 %),78380,1473540000,47200,888100000,109311383,15.49
03/12/2015,7540,140890000,18.7(-1.06 %),77770,1454300000,70230,1313410000,109303903,15.5
04/12/2015,82930,1551920000,18.8(0.53 %),82930,1551920000,0,0,109220973,15.52
07/12/2015,42150,793900000,18.9(0.53 %),159200,3001310000,117050,2207410000,109255553,15.51
08/12/2015,70000,1310350000,18.6(-1.59 %),70000,1310350000,0,0,109232753,15.52
09/12/2015,-407920,-7215450000,17.4(-6.45 %),11250,208780000,419170,7424230000,109291733,15.5
10/12/2015,108800,1945020000,17.7(1.72 %),108800,1945020000,0,0,109182933,15.53
11/12/2015,11840,214590000,17.9(1.13 %),21840,390590000,10000,176000000,109161093,15.54
14/12/2015,-8440,-147160000,17.5(-2.23 %),6060,105440000,14500,252600000,109155033,15.54
15/12/2015,-8890,-156680000,17.6(0.57 %),5000,87500000,13890,244180000,109569203,15.41
16/12/2015,-45730,-803440000,17.5(-0.57 %),5000,89000000,50730,892440000,109564203,15.42
17/12/2015,35660,627350000,17.7(1.14 %),44660,785750000,9000,158400000,109529543,15.43
18/12/2015,-1248780,-20460460000,16.5(-6.78 %),719580,12017480000,1968360,32477940000,108824463,15.64
21/12/2015,59500,1035240000,17.5(6.06 %),85500,1487730000,26000,452490000,108752853,15.66
22/12/2015,113990,1995840000,17.5(0.00 %),207990,3642620000,94000,1646780000,108595593,15.71
23/12/2015,232320,4034890000,17.4(-0.57 %),236950,4115450000,4630,80560000,108367643,15.78
24/12/2015,59290,1036620000,17.5(0.57 %),74540,1300970000,15250,264350000,110261468,15.2
25/12/2015,75040,1323110000,17.6(0.57 %),75040,1323110000,0,0,110212428,15.22
28/12/2015,58200,1045710000,18.1(2.84 %),154610,2772350000,96410,1726640000,110151818,15.24
29/12/2015,91380,1644370000,18(-0.55 %),91380,1644370000,0,0,110065068,15.26
30/12/2015,150,6400000,18.3(1.67 %),88150,1604150000,88000,1597750000,109992168,15.28
31/12/2015,84420,1545930000,18.3(0.00 %),89120,1631940000,4700,86010000,109903048,15.31
04/01/2016,51490,943060000,18.3(0.00 %),51490,943060000,0,0,109947968,15.3
05/01/2016,36700,671610000,18.3(0.00 %),37180,680390000,480,8780000,109910788,15.31
06/01/2016,152900,2843480000,19(3.83 %),157500,2929580000,4600,86100000,109841288,15.33
07/01/2016,143050,2684390000,18.5(-2.63 %),183050,3426350000,40000,741960000,109662938,15.39
08/01/2016,203960,3857900000,19(2.70 %),206460,3904150000,2500,46250000,109456958,15.45
11/01/2016,20420,391340000,18.8(-1.05 %),38720,734100000,18300,342760000,109422838,15.46
12/01/2016,-47870,-884890000,18.6(-1.06 %),200,3700000,48070,888590000,109462638,15.45
13/01/2016,-28480,-522970000,18.3(-1.61 %),0,0,28480,522970000,109465138,15.45
14/01/2016,-45000,-815410000,18.3(0.00 %),2000,36200000,47000,851610000,109481438,15.44
15/01/2016,-191650,-3506950000,18.2(-0.55 %),0,0,191650,3506950000,109529508,15.43
18/01/2016,-33560,-585890000,17.7(-2.75 %),11000,192000000,44560,777890000,109546988,15.42
19/01/2016,-26210,-457280000,17.1(-3.39 %),28210,486020000,54420,943300000,109565778,15.42
20/01/2016,-91820,-1533980000,16.8(-1.75 %),34340,572750000,126160,2106730000,109723088,15.37
21/01/2016,-94800,-1566710000,16.2(-3.57 %),2000,33050000,96800,1599760000,109765648,15.35
22/01/2016,-118690,-1863410000,16.1(-0.62 %),81710,1281990000,200400,3145400000,109738358,15.36
25/01/2016,-1520,-26720000,17.2(6.83 %),2480,40880000,4000,67600000,109932268,15.3
26/01/2016,91680,1566170000,17.2(0.00 %),93180,1591670000,1500,25500000,109865658,15.32
27/01/2016,200,3440000,17.1(-0.58 %),200,3440000,0,0,110065858,15.26
28/01/2016,-20970,-353610000,16.8(-1.75 %),0,0,20970,353610000,110069858,15.26
29/01/2016,-96280,-1678220000,17.5(4.17 %),1500,25050000,97780,1703270000,110069858,15.26
01/02/2016,16780,301960000,17.9(2.29 %),24780,441960000,8000,140000000,110045078,15.27
02/02/2016,0,0,17.6(-1.68 %),0,0,0,0,110066048,15.26
03/02/2016,12050,215950000,17.5(-0.57 %),31400,552640000,19350,336690000,110132428,15.24
04/02/2016,0,0,17.5(0.00 %),0,0,0,0,110140428,15.24
05/02/2016,1000,17300000,17.4(-0.57 %),1000,17300000,0,0,110139428,15.24
15/02/2016,-1450,-24100000,16.8(-3.45 %),1250,21130000,2700,45230000,110157528,15.23
16/02/2016,5600,91840000,17.1(1.79 %),11000,184800000,5400,92960000,110146528,15.24
17/02/2016,-225460,-3834940000,17(-0.58 %),7000,119600000,232460,3954540000,110139528,15.24
18/02/2016,-18060,-308830000,17.1(0.59 %),0,0,18060,308830000,110142228,15.24
19/02/2016,-23700,-405610000,17.1(0.00 %),15000,257200000,38700,662810000,110132628,15.24
22/02/2016,-115280,-1969960000,17.1(0.00 %),820,13940000,116100,1983900000,110364268,15.17
23/02/2016,-4370,-73790000,16.9(-1.17 %),2130,36380000,6500,110170000,110380198,15.17
24/02/2016,12000,202300000,16.8(-0.59 %),12000,202300000,0,0,110406898,15.16
25/02/2016,-4310,-71540000,16.8(0.00 %),17500,294200000,21810,365740000,110505498,15.13
26/02/2016,47200,790460000,16.8(0.00 %),47200,790460000,0,0,110464798,15.14
29/02/2016,-7000,-118300000,17(1.19 %),5000,85500000,12000,203800000,110459798,15.14
01/03/2016,440,7520000,17.4(2.35 %),440,7520000,0,0,110481168,15.13
02/03/2016,35200,612480000,17.3(-0.57 %),35200,612480000,0,0,110445968,15.15
03/03/2016,194730,3450790000,18(4.05 %),199730,3538290000,5000,87500000,110258238,15.2
04/03/2016,15000,268500000,17.8(-1.11 %),15000,268500000,0,0,110243238,15.21
07/03/2016,59610,1085540000,18.4(3.37 %),59610,1085540000,0,0,110183628,15.23
08/03/2016,396740,7315810000,18.5(0.54 %),396740,7315810000,0,0,109791888,15.35
09/03/2016,136360,2511690000,18.5(0.00 %),136920,2521990000,560,10300000,109654968,15.39
10/03/2016,0,0,18.4(-0.54 %),0,0,0,0,109654968,15.39
11/03/2016,1800,32990000,18.4(0.00 %),1800,32990000,0,0,109653168,15.39
14/03/2016,-37530,-671390000,17.8(-3.26 %),0,0,37530,671390000,109653728,15.39
15/03/2016,-112220,-2018560000,17.9(0.56 %),0,0,112220,2018560000,109653728,15.39
16/03/2016,-359700,-6457890000,17.8(-0.56 %),6000,108000000,365700,6565890000,109647728,15.39
17/03/2016,-2693410,-49065810000,18.4(3.37 %),3800,70180000,2697210,49135990000,109681458,15.38
18/03/2016,-3420440,-63275950000,18.5(0.54 %),2778320,51398920000,6198760,114674870000,107015358,16.2
21/03/2016,134600,2583950000,19.4(4.86 %),139100,2670300000,4500,86350000,107241958,16.13
22/03/2016,-39550,-753180000,18.8(-3.09 %),61350,1155920000,100900,1909100000,109877818,15.32
23/03/2016,-89070,-1678970000,18.9(0.53 %),10930,206530000,100000,1885500000,116065648,13.42
24/03/2016,-198000,-3801390000,19.2(1.59 %),2000,38000000,200000,3839390000,116068148,13.42
25/03/2016,-153000,-2944460000,19.6(2.08 %),0,0,153000,2944460000,116169048,13.39
28/03/2016,-16400,-350390000,20.2(3.06 %),134000,2639970000,150400,2990360000,116135048,13.4
29/03/2016,-428030,-8644750000,19.8(-1.98 %),0,0,428030,8644750000,116335048,13.34
30/03/2016,-91350,-1736310000,19(-4.04 %),23000,455400000,114350,2191710000,116465048,13.3
31/03/2016,-49200,-939840000,18.8(-1.05 %),161300,3109410000,210500,4049250000,116454148,13.3
01/04/2016,-50000,-916500000,18.1(-3.72 %),0,0,50000,916500000,116882178,13.17
04/04/2016,-171870,-3139810000,18.2(0.55 %),4340,79690000,176210,3219500000,116992188,13.14
05/04/2016,-56000,-1009200000,18.2(0.00 %),0,0,56000,1009200000,117202688,13.07
06/04/2016,2500,45450000,18.1(-0.55 %),2500,45450000,0,0,117250188,13.06
07/04/2016,63280,1145860000,18.2(0.55 %),113280,2061720000,50000,915860000,117313118,13.04
08/04/2016,-44500,-804640000,18(-1.10 %),5500,100500000,50000,905140000,117363618,13.02
11/04/2016,44790,801720000,17.8(-1.11 %),45000,805500000,210,3780000,117318618,13.04
12/04/2016,0,0,18(1.12 %),0,0,0,0,117368618,13.02
13/04/2016,-2500,-45800000,18.5(2.78 %),0,0,2500,45800000,117418618,13.01
14/04/2016,-79000,-1461700000,18.5(0.00 %),36000,669490000,115000,2131190000,117382828,13.02
15/04/2016,13820,254670000,18.2(-1.62 %),13820,254670000,0,0,117369008,13.02
19/04/2016,-100000,-1814450000,17.7(-2.75 %),0,0,100000,1814450000,117371508,13.02
20/04/2016,87540,1580310000,17.7(0.00 %),155000,2777100000,67460,1196790000,117331508,13.03
21/04/2016,28500,511900000,18(1.69 %),61000,1096600000,32500,584700000,117270508,13.05
22/04/2016,-100,-1800000,18(0.00 %),0,0,100,1800000,117370508,13.02
25/04/2016,32000,581000000,18.3(1.67 %),32000,581000000,0,0,117405968,13.01
26/04/2016,8260,151170000,18.1(-1.09 %),10000,183000000,1740,31830000,117428468,13.0
27/04/2016,-7920,-140270000,17.8(-1.66 %),7000,126800000,14920,267070000,117421568,13.01
28/04/2016,-16050,-284100000,17.8(0.00 %),9000,162000000,25050,446100000,117412568,13.01
29/04/2016,-249930,-4484300000,17.9(0.56 %),1100,19690000,251030,4503990000,117413208,13.01
04/05/2016,-8190,-147420000,17.8(-0.56 %),2000,36000000,10190,183420000,117426128,13.01
05/05/2016,-210,-3990000,19(6.74 %),0,0,210,3990000,117451178,13.0
06/05/2016,-31060,-606980000,19.3(1.58 %),240,4640000,31300,611620000,117701968,12.92
09/05/2016,-4880,-94580000,19.3(0.00 %),120,2320000,5000,96900000,117712038,12.92
10/05/2016,32100,622330000,19.4(0.52 %),36100,700330000,4000,78000000,117676148,12.93
11/05/2016,68550,1337590000,19.5(0.52 %),165000,3217500000,96450,1879910000,117542448,12.97
12/05/2016,157000,3061400000,19.4(-0.51 %),165000,3217500000,8000,156100000,117382448,13.02
13/05/2016,-2600,-49450000,19.2(-1.03 %),2400,46550000,5000,96000000,117384048,13.02
16/05/2016,0,0,19(-1.04 %),0,0,0,0,117480498,12.99
17/05/2016,48400,921410000,19(0.00 %),48400,921410000,0,0,117440098,13.0
18/05/2016,100,1650000,16.2(-1.82 %),100,1650000,0,0,117444998,13.0
19/05/2016,0,0,15.8(-2.47 %),0,0,0,0,117444998,13.0
20/05/2016,39800,625960000,15.8(0.00 %),40000,629160000,200,3200000,117404998,13.01
23/05/2016,215000,3420800000,16.1(1.90 %),215000,3420800000,0,0,117189998,13.08
24/05/2016,130790,2092990000,16(-0.62 %),130790,2092990000,0,0,117059208,13.12
25/05/2016,130700,2089590000,15.9(-0.62 %),130700,2089590000,0,0,116928708,13.16
26/05/2016,13400,212700000,16(0.63 %),13400,212700000,0,0,116915308,13.16
27/05/2016,2500,39750000,15.9(-0.62 %),2500,39750000,0,0,116912808,13.16
30/05/2016,670,10586000,15.8(-0.63 %),670,10586000,0,0,116912138,13.16
31/05/2016,900,14220000,15.7(-0.63 %),900,14220000,0,0,116911238,13.16
01/06/2016,100760,1591932000,15.7(0.00 %),100760,1591932000,0,0,116810478,13.19
02/06/2016,2590,40514000,15.7(0.00 %),3090,48314000,500,7800000,116807888,13.2
03/06/2016,820,12730000,15.6(-0.64 %),820,12730000,0,0,116806568,13.2
06/06/2016,2900,44340000,15.2(-2.56 %),3000,45900000,100,1560000,116803568,13.2
07/06/2016,13900,214960000,15.4(1.32 %),23000,355100000,9100,140140000,116781068,13.2
08/06/2016,130470,1997390000,15.4(0.00 %),130470,1997390000,0,0,116650598,13.24
09/06/2016,62480,957100000,15.4(0.00 %),62480,957100000,0,0,116588218,13.26
10/06/2016,20500,314500000,15.3(-0.65 %),21000,322200000,500,7700000,116576318,13.27
13/06/2016,63100,964760000,15.3(0.00 %),63100,964760000,0,0,116513218,13.29
14/06/2016,51000,766000000,15.1(-1.31 %),51000,766000000,0,0,116462218,13.3
15/06/2016,5550,82660000,14.9(-1.32 %),5750,85680000,200,3020000,116456968,13.3
16/06/2016,5000,74000000,14.8(-0.67 %),5000,74000000,0,0,116451968,13.3
17/06/2016,159700,2333260000,14.7(-0.68 %),161000,2352500000,1300,19240000,116290968,13.35
20/06/2016,189000,2760450000,14.6(-0.68 %),192000,2804400000,3000,43950000,116099168,13.41
21/06/2016,15000,218500000,14.6(0.00 %),15000,218500000,0,0,116084168,13.42
22/06/2016,105000,1533000000,14.7(0.68 %),110000,1606000000,5000,73000000,115975468,13.45
23/06/2016,-200,-2950000,15(2.04 %),800,11900000,1000,14850000,115977668,13.45
24/06/2016,128620,1856940000,14.4(-4.00 %),159270,2298340000,30650,441400000,115818398,13.5
27/06/2016,7910,113540000,14.1(-2.08 %),8000,114800000,90,1260000,115815398,13.5
28/06/2016,46000,644200000,14(-0.71 %),100000,1400000000,54000,755800000,115716398,13.53
29/06/2016,64650,923280000,14.4(2.86 %),64650,923280000,0,0,115682398,13.54
30/06/2016,75820,1091880000,14.4(0.00 %),75820,1091880000,0,0,115606668,13.56
01/07/2016,3000,43500000,14.4(0.00 %),3000,43500000,0,0,115657668,13.55
04/07/2016,35850,517140000,14.7(2.08 %),35850,517140000,0,0,115621818,13.56
05/07/2016,96050,1424540000,14.7(0.00 %),102050,1513340000,6000,88800000,115519768,13.59
06/07/2016,-34210,-502290000,14.6(-0.68 %),0,0,34210,502290000,115519768,13.59
07/07/2016,-1200,-17480000,14.4(-1.37 %),2000,29000000,3200,46480000,115517768,13.59
08/07/2016,59190,846570000,14.4(0.00 %),61190,875170000,2000,28600000,115462578,13.61
11/07/2016,52940,757340000,14.3(-0.69 %),52940,757340000,0,0,115462578,13.61
12/07/2016,19990,287860000,14.5(1.40 %),19990,287860000,0,0,115427058,13.62
13/07/2016,18800,275980000,14.5(0.00 %),20500,300970000,1700,24990000,115408558,13.62
14/07/2016,387300,5677710000,14.7(1.38 %),387300,5677710000,0,0,115021258,13.74
15/07/2016,451880,6772940000,15.2(3.40 %),451980,6774440000,100,1500000,114569278,13.88
18/07/2016,305300,4692750000,15.5(1.97 %),310000,4764190000,4700,71440000,114260978,13.98
19/07/2016,5420,80520000,15.1(-2.58 %),11020,166400000,5600,85880000,114249958,13.98
20/07/2016,93890,1416070000,14.8(-1.99 %),97010,1463440000,3120,47370000,114153048,14.01
21/07/2016,96650,1456580000,15.2(2.70 %),111000,1670400000,14350,213820000,114046748,14.04
22/07/2016,194310,2941580000,15.2(0.00 %),194810,2949180000,500,7600000,113857538,14.1
25/07/2016,-8300,-123850000,14.5(-4.61 %),25000,368500000,33300,492350000,113835658,14.11
26/07/2016,111100,1614400000,14.6(0.69 %),111100,1614400000,0,0,113738908,14.14
27/07/2016,81970,1221860000,15.1(3.42 %),89970,1337860000,8000,116000000,113649438,14.16
28/07/2016,103810,1573330000,15.2(0.66 %),105410,1597650000,1600,24320000,113577328,14.19
29/07/2016,127510,1962150000,15.4(1.32 %),152900,2353160000,25390,391010000,113424428,14.23
01/08/2016,-18770,-279130000,15.2(-1.30 %),11160,170010000,29930,449140000,113421268,14.23
02/08/2016,158520,2379210000,15.2(0.00 %),178050,2672520000,19530,293310000,113244818,14.29
03/08/2016,-12790,-191180000,14.9(-1.97 %),7210,106820000,20000,298000000,113262998,14.28
04/08/2016,-21570,-317990000,14.5(-2.68 %),5990,89250000,27560,407240000,113286938,14.27
05/08/2016,60500,875250000,14.5(0.00 %),60500,875250000,0,0,113245968,14.29
08/08/2016,220100,3310640000,15.4(6.21 %),230100,3459640000,10000,149000000,113035868,14.35
09/08/2016,61050,921710000,15.1(-1.95 %),100000,1509360000,38950,587650000,112963428,14.37
10/08/2016,-890,-13240000,14.8(-1.99 %),110,1660000,1000,14900000,112963318,14.37
11/08/2016,-3050,-44150000,15(1.35 %),8000,120800000,11050,164950000,112965318,14.37
12/08/2016,4000,60400000,14.8(-1.33 %),4000,60400000,0,0,113000268,14.36
15/08/2016,194970,2908460000,15(1.35 %),199970,2982760000,5000,74300000,112801298,14.42
16/08/2016,96960,1451530000,15(0.00 %),96960,1451530000,0,0,112715388,14.45
17/08/2016,5980,90300000,14.8(-1.33 %),5980,90300000,0,0,112709408,14.45
18/08/2016,44870,657350000,14.6(-1.35 %),107170,1570760000,62300,913410000,112607238,14.48
19/08/2016,25650,375290000,14.7(0.68 %),32650,478190000,7000,102900000,112574588,14.49
22/08/2016,48780,718570000,14.6(-0.68 %),81000,1192200000,32220,473630000,112493588,14.52
23/08/2016,200,2900000,14.6(0.00 %),200,2900000,0,0,112555688,14.5
24/08/2016,9800,141890000,14.4(-1.37 %),9800,141890000,0,0,112552888,14.5
25/08/2016,-2000,-29000000,14.5(0.69 %),0,0,2000,29000000,112585108,14.49
26/08/2016,370,5330000,14.5(0.00 %),370,5330000,0,0,112584738,14.49
29/08/2016,-8500,-122920000,14.4(-0.69 %),2300,33410000,10800,156330000,112582438,14.49
30/08/2016,-10080,-145530000,14.4(0.00 %),2100,30240000,12180,175770000,112582338,14.49
31/08/2016,331520,4963080000,15.1(4.86 %),333570,4993220000,2050,30140000,112248768,14.59
01/09/2016,-50,-750000,14.8(-1.99 %),100,1510000,150,2260000,112259468,14.59
05/09/2016,110,1630000,14.9(0.68 %),110,1630000,0,0,112271538,14.59
06/09/2016,1000,14850000,14.9(0.00 %),1000,14850000,0,0,112272588,14.59
07/09/2016,1400,20920000,14.8(-0.67 %),5900,87520000,4500,66600000,112266838,14.59
08/09/2016,153500,2294720000,15(1.35 %),170500,2548420000,17000,253700000,112096338,14.64
09/09/2016,96310,1442230000,14.9(-0.67 %),105500,1579160000,9190,136930000,111990838,14.67
12/09/2016,100,1470000,14.7(-1.34 %),1000,14700000,900,13230000,111994338,14.67
13/09/2016,-5710,-84040000,14.7(0.00 %),500,7350000,6210,91390000,112010838,14.67
14/09/2016,0,0,15(2.04 %),0,0,0,0,112020028,14.66
15/09/2016,-113990,-1675260000,14(-6.67 %),0,0,113990,1675260000,112020928,14.66
16/09/2016,0,0,14.6(4.29 %),0,0,0,0,112027138,14.66
19/09/2016,24480,362010000,14.8(1.37 %),24480,362010000,0,0,112002658,14.67
20/09/2016,-26520,-384270000,14.4(-2.70 %),0,0,26520,384270000,112116648,14.63
21/09/2016,-18330,-266060000,14.6(1.39 %),100,1450000,18430,267510000,112116548,14.63
22/09/2016,-5040,-73580000,14.7(0.68 %),0,0,5040,73580000,112116548,14.63
23/09/2016,-20400,-296270000,14.6(-0.68 %),416989,6129740000,437389,6426010000,112143068,14.63
26/09/2016,-33050,-475430000,14.4(-1.37 %),4210,60200000,37260,535630000,112157288,14.62
27/09/2016,-9800,-140620000,14.4(0.00 %),200,2880000,10000,143500000,112162128,14.62
28/09/2016,-22140,-316990000,14.3(-0.69 %),21000,302400000,43140,619390000,112161528,14.62
29/09/2016,-17340,-245720000,14.3(0.00 %),19900,286280000,37240,532000000,112178888,14.61
30/09/2016,79870,1140340000,14.4(0.70 %),797000,11451580000,717130,10311240000,111891888,14.7
03/10/2016,119650,1725740000,14.4(0.00 %),1212930,17469600000,1093280,15743860000,111787098,14.73
04/10/2016,-84850,-1216060000,14.2(-1.39 %),13200,189560000,98050,1405620000,111811138,14.73
05/10/2016,-73690,-1049320000,14.2(0.00 %),350000,4980000000,423690,6029320000,111878268,14.71
06/10/2016,72000,1048650000,14.5(2.11 %),143000,2078950000,71000,1030300000,111763548,14.74
07/10/2016,-41700,-597960000,14.4(-0.69 %),143400,2073500000,185100,2671460000,111718098,14.76
10/10/2016,-7250,-104330000,14.35(-0.35 %),174520,2511690000,181770,2616020000,111767268,14.74
11/10/2016,-51060,-736400000,14.35(0.00 %),165530,2383130000,216590,3119530000,111672738,14.77
12/10/2016,15270,219450000,14.4(0.35 %),27080,389620000,11810,170170000,111830758,14.72
13/10/2016,8720,123630000,14.55(1.04 %),38320,553310000,29600,429680000,111974208,14.68
14/10/2016,10910,158810000,14.65(0.69 %),61310,897690000,50400,738880000,112129488,14.63
17/10/2016,83000,1214710000,14.8(1.02 %),83000,1214710000,0,0,112058298,14.65
18/10/2016,48910,717530000,14.7(-0.68 %),48910,717530000,0,0,112038988,14.66
19/10/2016,158890,2325070000,14.7(0.00 %),161090,2357520000,2200,32450000,111928288,14.69
20/10/2016,56130,818730000,14.6(-0.68 %),56130,818730000,0,0,111872158,14.71
21/10/2016,31170,454500000,14.55(-0.34 %),31170,454500000,0,0,111840988,14.72
24/10/2016,13490,195540000,14.65(0.69 %),52460,763480000,38970,567940000,111790728,14.73
25/10/2016,-4360,-69520000,14.9(1.71 %),149440,2238540000,153800,2308060000,111641288,14.78
26/10/2016,81910,1224950000,15(0.67 %),82910,1239850000,1000,14900000,111558378,14.8
27/10/2016,177410,2661180000,15(0.00 %),178010,2670150000,600,8970000,111419338,14.85
28/10/2016,309020,4725760000,15.4(2.67 %),317020,4848160000,8000,122400000,111256118,14.9
31/10/2016,128930,1963500000,15(-2.60 %),156930,2387200000,28000,423700000,111100188,14.94
01/11/2016,-8090,-120070000,14.85(-1.00 %),14510,217730000,22600,337800000,111086278,14.95
02/11/2016,9600,141990000,14.7(-1.01 %),60000,885350000,50400,743360000,111034278,14.96
03/11/2016,28900,422190000,14.65(-0.34 %),46000,672730000,17100,250540000,111016278,14.97
04/11/2016,6520,98390000,15.05(2.73 %),11520,171640000,5000,73250000,111027358,14.97
07/11/2016,52550,789210000,15.05(0.00 %),52550,789210000,0,0,111025208,14.97
08/11/2016,56200,841790000,14.95(-0.66 %),557200,8356840000,501000,7515050000,110985108,14.98
09/11/2016,134060,1952800000,14.9(-0.33 %),149300,2176180000,15240,223380000,110840808,15.02
10/11/2016,67730,1000540000,14.7(-1.34 %),67730,1000540000,0,0,110773078,15.05
11/11/2016,52240,775520000,14.95(1.70 %),1052840,15584340000,1000600,14808820000,110721238,15.06
14/11/2016,40150,605540000,15.15(1.34 %),71760,1083450000,31610,477910000,110664718,15.08
15/11/2016,-1620,-21890000,15(-0.99 %),29690,449820000,31310,471710000,110635028,15.09
16/11/2016,-29300,-441630000,15(0.00 %),4500,67500000,33800,509130000,110631128,15.09
17/11/2016,191120,2895730000,15.7(4.67 %),225920,3435030000,34800,539300000,110436818,15.15
18/11/2016,-28570,-442540000,15.3(-2.55 %),20,320000,28590,442860000,110468108,15.14
21/11/2016,100700,1580480000,15.55(1.63 %),101000,1585220000,300,4740000,110400908,15.16
22/11/2016,100,1570000,15.8(1.61 %),100,1570000,0,0,110435608,15.15
23/11/2016,0,0,15.6(-1.27 %),0,0,0,0,110464198,15.14
24/11/2016,4250,67040000,15.65(0.32 %),4300,67820000,50,780000,110460198,15.14
25/11/2016,-73790,-1182940000,16(2.24 %),0,0,73790,1182940000,110460198,15.14
28/11/2016,217880,3489420000,15.8(-1.25 %),222700,3566780000,4820,77360000,110237498,15.21
29/11/2016,102320,1635420000,16(1.27 %),131370,2099190000,29050,463770000,110106178,15.25
30/11/2016,207600,3417920000,16.65(4.06 %),227600,3751720000,20000,333800000,109952368,15.3
01/12/2016,26110,430610000,16.5(-0.90 %),26730,441150000,620,10540000,109930458,15.3
02/12/2016,152660,2538050000,16.5(0.00 %),154760,2573110000,2100,35060000,109804748,15.34
05/12/2016,54100,865900000,16.5(0.00 %),57000,913500000,2900,47600000,109767748,15.35
06/12/2016,171550,2734030000,15.9(-3.64 %),215500,3434820000,43950,700790000,109552868,15.42
07/12/2016,101050,1604450000,15.9(0.00 %),110050,1747550000,9000,143100000,109444918,15.45
08/12/2016,7260,117570000,16.2(1.89 %),7860,127230000,600,9660000,109439958,15.45
09/12/2016,39880,647490000,16.4(1.23 %),53900,874990000,14020,227500000,109430008,15.46
12/12/2016,146950,2387000000,16.4(0.00 %),166450,2706800000,19500,319800000,109272558,15.5
13/12/2016,166920,2733300000,16.4(0.00 %),170020,2784300000,3100,51000000,109103138,15.56
14/12/2016,-27450,-450020000,16.4(0.00 %),77480,1269190000,104930,1719210000,109039678,15.58
15/12/2016,-82240,-1366970000,16.6(1.22 %),20,330000,82260,1367300000,109059158,15.57
16/12/2016,-3100,-53500000,16.9(1.81 %),117640,1989800000,120740,2043300000,108997528,15.59
19/12/2016,87770,1486640000,17(0.59 %),87770,1486640000,0,0,108961778,15.6
20/12/2016,112020,1923310000,17.3(1.76 %),143680,2469190000,31660,545880000,108927528,15.61
21/12/2016,147100,2565260000,17.45(0.87 %),155100,2704460000,8000,139200000,108893168,15.62
22/12/2016,34000,580460000,17(-2.58 %),39000,666440000,5000,85980000,108854168,15.63
23/12/2016,107920,1830140000,17.1(0.59 %),110620,1876030000,2700,45890000,108748038,15.67
26/12/2016,76260,1311250000,17.1(0.00 %),76560,1316410000,300,5160000,108635648,15.7
27/12/2016,9800,166750000,17.1(0.00 %),9800,166750000,0,0,108635648,15.7
28/12/2016,41730,709580000,17(-0.58 %),41730,709580000,0,0,108635648,15.7
29/12/2016,62600,1036890000,16.55(2.16 %),85800,1421410000,23200,384520000,108550148,15.73
30/12/2016,81620,1357020000,16.7(0.91 %),84620,1406970000,3000,49950000,108465528,15.75
03/01/2017,81120,1376640000,17(1.80 %),95980,1627500000,14860,250860000,108369548,15.78
04/01/2017,158290,2695540000,17.1(0.59 %),163290,2781040000,5000,85500000,108229458,15.82
05/01/2017,102350,1747510000,17.05(-0.29 %),157350,2684210000,55000,936700000,108075108,15.87
06/01/2017,-31620,-529030000,16.3(-4.40 %),301000,5087050000,332620,5616080000,108088973,15.87
09/01/2017,-49830,-809490000,16.8(3.07 %),3000,49670000,52830,859160000,108090973,15.87
10/01/2017,144000,2441350000,17(1.19 %),153000,2594350000,9000,153000000,107992973,15.9
11/01/2017,165000,2809360000,17.2(1.18 %),200000,3406310000,35000,596950000,107825593,15.95
12/01/2017,191180,3261440000,17(-1.16 %),287010,4897120000,95830,1635680000,107591413,16.02
13/01/2017,3000,49800000,16.6(-2.35 %),3000,49800000,0,0,107597413,16.02
16/01/2017,62280,1046030000,16.8(1.20 %),90420,1518090000,28140,472060000,107541993,16.04
17/01/2017,39340,667570000,17(1.19 %),74890,1269000000,35550,601430000,107562933,16.03
18/01/2017,128630,2218980000,17.55(3.24 %),131760,2272190000,3130,53210000,107431173,16.07
19/01/2017,-52110,-887030000,17(-3.13 %),33000,562730000,85110,1449760000,107426313,16.07
20/01/2017,109660,1848900000,16.8(-1.18 %),215000,3622350000,105340,1773450000,107246863,16.13
23/01/2017,328610,5501970000,16.7(-0.60 %),413470,6919030000,84860,1417060000,106841523,16.25
24/01/2017,112010,1913650000,17.1(2.40 %),198150,3385640000,86140,1471990000,106728483,16.28
25/01/2017,29510,504470000,17.1(0.00 %),116380,1989650000,86870,1485180000,106717443,16.29
02/02/2017,42850,731290000,17.1(0.00 %),43360,740040000,510,8750000,106758943,16.28
03/02/2017,88480,1512750000,17(-0.58 %),88580,1514460000,100,1710000,106756503,16.28
06/02/2017,16760,283250000,16.9(-0.59 %),29010,490270000,12250,207020000,106814363,16.26
07/02/2017,95140,1607140000,16.8(-0.59 %),101090,1707250000,5950,100110000,106713783,16.29
08/02/2017,11900,201110000,16.9(0.60 %),12000,202800000,100,1690000,106701883,16.29
09/02/2017,5520,93240000,16.9(0.00 %),5520,93240000,0,0,106708613,16.29
10/02/2017,950,16160000,16.9(0.00 %),5010,85170000,4060,69010000,106709553,16.29
13/02/2017,38380,651920000,17(0.59 %),46030,781620000,7650,129700000,106663623,16.3
14/02/2017,37960,644070000,17.1(0.59 %),38960,661070000,1000,17000000,106624663,16.32
15/02/2017,7220,123190000,17(-0.58 %),7220,123190000,0,0,106621503,16.32
16/02/2017,88400,1498510000,17(0.00 %),89000,1508650000,600,10140000,106540153,16.34
17/02/2017,600,10840000,16.95(-0.29 %),65190,1104040000,64590,1093200000,106521953,16.35
20/02/2017,150560,2558430000,17(0.29 %),150560,2558430000,0,0,106371393,16.39
21/02/2017,12930,218700000,16.8(-1.18 %),13680,231450000,750,12750000,106358318,16.4
22/02/2017,38100,641620000,16.6(-1.19 %),38100,641620000,0,0,106338818,16.4
23/02/2017,58870,978310000,16.65(0.30 %),85870,1427060000,27000,448750000,106252948,16.43
24/02/2017,102950,1727710000,16.8(0.90 %),102950,1727710000,0,0,106150748,16.46
27/02/2017,121750,2056780000,16.9(0.60 %),152300,2573050000,30550,516270000,106021458,16.5
28/02/2017,2000,33650000,16.8(-0.59 %),2000,33650000,0,0,106023458,16.5
01/03/2017,2000,33600000,16.65(-0.89 %),2000,33600000,0,0,106021458,16.5
02/03/2017,12170,202240000,16.8(0.90 %),12170,202240000,0,0,106039838,16.5
03/03/2017,3000,49800000,16.7(-0.60 %),5000,83000000,2000,33200000,106034838,16.5
06/03/2017,29860,502790000,16.9(1.20 %),30860,519640000,1000,16850000,106003978,16.51
07/03/2017,0,0,16.8(-0.59 %),0,0,0,0,106003978,16.51
08/03/2017,0,0,16.8(0.00 %),0,0,0,0,106005978,16.51
09/03/2017,4000,67400000,16.9(0.60 %),4000,67400000,0,0,106002978,16.51
10/03/2017,6000,100800000,16.9(0.00 %),306000,5170800000,300000,5070000000,105996978,16.51
13/03/2017,-32890,-556330000,16.9(0.00 %),10610,178820000,43500,735150000,105986368,16.51
14/03/2017,-200,-3500000,17.6(4.14 %),0,0,200,3500000,105986368,16.51
15/03/2017,10000,180790000,17.1(-2.84 %),23000,404390000,13000,223600000,105963368,16.52
16/03/2017,-35730,-615430000,17.2(0.58 %),0,0,35730,615430000,106006873,16.51
17/03/2017,56790,990990000,17.6(2.33 %),59800,1043600000,3010,52610000,106006873,16.51
20/03/2017,23790,430370000,17.95(1.99 %),138810,2467250000,115020,2036880000,106006873,16.51
21/03/2017,9560,167800000,17.4(-3.06 %),24610,433390000,15050,265590000,106006873,16.51
22/03/2017,5760,99820000,17.3(-0.57 %),5760,99820000,0,0,106006873,16.51
23/03/2017,4270,73240000,17(-1.73 %),12120,208760000,7850,135520000,106006873,16.51
24/03/2017,1520,27290000,17.3(1.76 %),23020,395910000,21500,368620000,106006873,16.51
27/03/2017,66910,1140740000,17.1(-1.16 %),69310,1181420000,2400,40680000,106006873,16.51
28/03/2017,14040,238210000,16.9(-1.17 %),14540,246710000,500,8500000,106006873,16.51
29/03/2017,1230,20810000,16.9(0.00 %),1230,20810000,0,0,106006873,16.51
30/03/2017,35530,605060000,17(0.59 %),35530,605060000,0,0,106006873,16.51
31/03/2017,54590,934160000,17.2(1.18 %),54590,934160000,0,0,106006873,16.51
03/04/2017,51970,891430000,17.2(0.00 %),53410,916200000,1440,24770000,105728403,16.59
04/04/2017,40860,700990000,17.15(-0.29 %),40860,700990000,0,0,105687543,16.6
05/04/2017,-10180,-175250000,17.1(-0.29 %),84470,1445710000,94650,1620960000,105603073,16.63
07/04/2017,45200,768890000,17(-0.58 %),49230,837460000,4030,68570000,105555283,16.64
10/04/2017,34440,585630000,17(0.00 %),34940,594130000,500,8500000,105520343,16.66
11/04/2017,4900,83300000,17.05(0.29 %),4900,83300000,0,0,105610093,16.63
12/04/2017,12020,204940000,17.05(0.00 %),14020,239040000,2000,34100000,105600103,16.63
13/04/2017,64500,1100430000,17.1(0.29 %),64500,1100430000,0,0,105536103,16.65
14/04/2017,4950,84750000,17(-0.58 %),4950,84750000,0,0,105531153,16.65
17/04/2017,10000,170000000,17(0.00 %),10000,170000000,0,0,105523153,16.65
18/04/2017,7960,139760000,16.9(-0.59 %),16910,291670000,8950,151910000,105506243,16.66
19/04/2017,50,850000,16.9(0.00 %),50,850000,0,0,105506193,16.66
20/04/2017,7470,127490000,17.15(1.48 %),7470,127490000,0,0,105498723,16.66
21/04/2017,-1300,-22190000,17(-0.87 %),0,0,1300,22190000,105507673,16.66
24/04/2017,-4220,-71740000,17(0.00 %),30,510000,4250,72250000,105507643,16.66
25/04/2017,2200,37620000,17.2(1.18 %),2200,37620000,0,0,105505443,16.66
26/04/2017,51290,907780000,17.85(3.78 %),55340,979400000,4050,71620000,105451403,16.68
27/04/2017,0,0,17.6(-1.40 %),0,0,0,0,105455653,16.67
28/04/2017,2320,41100000,17.5(-0.57 %),11020,192850000,8700,151750000,105444633,16.68
03/05/2017,47080,826850000,17.8(1.71 %),47080,826850000,0,0,105401603,16.69
04/05/2017,69460,1236390000,17.85(0.28 %),69460,1236390000,0,0,105332143,16.71
05/05/2017,38730,688280000,17.9(0.28 %),38730,688280000,0,0,105302113,16.72
08/05/2017,31210,559670000,18.2(1.68 %),32410,581270000,1200,21600000,105269703,16.73
09/05/2017,7400,131180000,19.1(4.95 %),53400,995510000,46000,864330000,105216303,16.75
10/05/2017,45120,853140000,18.9(-1.05 %),50120,947140000,5000,94000000,105166183,16.76
11/05/2017,99460,1922140000,19.5(3.17 %),117460,2265940000,18000,343800000,105049923,16.8
12/05/2017,-1100,-21330000,19.95(2.31 %),2200,44010000,3300,65340000,105093723,16.79
15/05/2017,36900,741440000,19.9(-0.25 %),42400,851440000,5500,110000000,105056323,16.8
16/05/2017,146790,2949910000,20(0.50 %),180030,3615240000,33240,665330000,104894293,16.85
17/05/2017,-19410,-386600000,20.1(0.50 %),940,18710000,20350,405310000,104896653,16.85
18/05/2017,161150,3236170000,20.15(0.25 %),161900,3251400000,750,15230000,104740253,16.89
19/05/2017,83810,1698360000,20.4(1.24 %),101600,2059980000,17790,361620000,104671893,16.92
22/05/2017,-18580,-385840000,20.8(1.96 %),20,420000,18600,386260000,104692223,16.91
23/05/2017,-95020,-1946780000,20.25(-2.64 %),9600,198600000,104620,2145380000,104683373,16.91
24/05/2017,-37020,-764030000,21(3.70 %),43400,911160000,80420,1675190000,104657763,16.92
25/05/2017,-133820,-2702460000,20.4(-2.86 %),800,16400000,134620,2718860000,104675563,16.91
26/05/2017,-15160,-307310000,19.8(-2.94 %),2000,40380000,17160,347690000,104778183,16.88
29/05/2017,48780,949240000,19.1(2.69 %),55000,1068560000,6220,119320000,104803603,16.87
30/05/2017,3250,63010000,19(-0.52 %),6250,118810000,3000,55800000,104931978,16.84
31/05/2017,-1850,-34420000,19(0.00 %),2590,48170000,4440,82590000,104946548,16.83
01/06/2017,-34980,-643450000,18.5(-2.63 %),15030,285560000,50010,929010000,104937738,16.83
02/06/2017,-15990,-292720000,18.3(-1.08 %),0,0,15990,292720000,104940738,16.83
05/06/2017,-390,-7290000,18.7(2.19 %),10,190000,400,7480000,104945168,16.83
06/06/2017,2720,51140000,18.8(0.53 %),19720,370740000,17000,319600000,104975458,16.82
07/06/2017,62500,1187290000,19.1(1.60 %),68180,1295310000,5680,108020000,104923273,16.84
08/06/2017,14950,285410000,18.8(-1.57 %),14960,285600000,10,190000,104908713,16.84
09/06/2017,3500,66150000,19(1.06 %),3500,66150000,0,0,104922213,16.84
12/06/2017,800,14940000,19(0.00 %),800,14940000,0,0,104927093,16.84
13/06/2017,28140,531300000,18.9(-0.53 %),28240,533180000,100,1880000,104898863,16.85
14/06/2017,18730,352910000,18.9(0.00 %),18730,352910000,0,0,104880133,16.85
15/06/2017,53850,1016940000,18.9(0.00 %),62120,1173000000,8270,156060000,104818013,16.87
16/06/2017,81010,1533090000,18.9(0.00 %),81010,1533090000,0,0,104737103,16.9
19/06/2017,111760,2172760000,20(5.82 %),112060,2178750000,300,5990000,104625043,16.93
20/06/2017,152680,3206310000,21.35(6.75 %),167680,3514260000,15000,307950000,104465633,16.98
21/06/2017,-18150,-380900000,21(-1.64 %),1850,38900000,20000,419800000,104463783,16.98
22/06/2017,-11070,-228280000,20.9(-0.48 %),9930,207670000,21000,435950000,104454153,16.98
23/06/2017,-19730,-402920000,20.4(-2.39 %),500,10180000,20230,413100000,104468653,16.98
26/06/2017,3390,68740000,19.8(-2.94 %),3490,70800000,100,2060000,104485163,16.97
27/06/2017,-4880,-96980000,19.9(0.51 %),0,0,4880,96980000,104517743,16.96
28/06/2017,8150,161110000,20.5(3.02 %),8650,171310000,500,10200000,104517743,16.96
29/06/2017,17230,360130000,20.4(-0.49 %),31870,660910000,14640,300780000,104485973,16.97
30/06/2017,-11080,-226630000,20.5(0.49 %),10,210000,11090,226840000,104490843,16.97
03/07/2017,-60900,-1228020000,20.05(-2.20 %),0,0,60900,1228020000,104491343,16.97
04/07/2017,5950,118390000,20.1(0.25 %),6150,122390000,200,4000000,104499833,16.97
05/07/2017,-1510,-29700000,20.3(1.00 %),4010,80200000,5520,109900000,104506913,16.97
06/07/2017,-260040,-5295900000,20.1(-0.99 %),3500,71050000,263540,5366950000,104564313,16.95
07/07/2017,-166970,-3447280000,20.4(1.49 %),350,7040000,167320,3454320000,104564163,16.95
10/07/2017,-327500,-6755210000,20.5(0.49 %),8280,172310000,335780,6927520000,104961193,16.83
11/07/2017,-145120,-2955990000,20.6(0.49 %),31070,638650000,176190,3594640000,104793873,16.88
12/07/2017,-454730,-9198210000,20.25(-1.70 %),9970,205090000,464700,9403300000,104951223,16.83
13/07/2017,-115910,-2346450000,20.2(-0.25 %),61100,1238780000,177010,3585230000,105225903,16.75
14/07/2017,-565070,-11351070000,20.2(0.00 %),87010,1745550000,652080,13096620000,105315083,16.72
17/07/2017,-291350,-5884420000,20.2(0.00 %),16650,337370000,308000,6221790000,105763133,16.58
18/07/2017,1400,28290000,20.8(2.97 %),3900,80790000,2500,52500000,105936243,16.53
19/07/2017,-4250,-83490000,20.55(-1.20 %),31250,655250000,35500,738740000,106557073,16.34
20/07/2017,-375680,-8164280000,21.9(6.57 %),1020,21780000,376700,8186060000,106864053,16.24
21/07/2017,-330710,-6928240000,20.6(-5.94 %),19300,409090000,350010,7337330000,106847253,16.25
24/07/2017,-81070,-1660730000,20.3(-1.46 %),39050,807660000,120120,2468390000,106843703,16.25
25/07/2017,5000,102120000,20.8(2.46 %),6000,122350000,1000,20230000,107214403,16.14
26/07/2017,49830,1034930000,21(0.96 %),93330,1950480000,43500,915550000,107388313,16.08
27/07/2017,159890,3451650000,21.65(3.10 %),202890,4382050000,43000,930400000,107388313,16.08
28/07/2017,242820,5301870000,21.8(0.69 %),300000,6549160000,57180,1247290000,107089313,16.17
31/07/2017,299550,6735350000,22.75(4.36 %),331080,7454230000,31530,718880000,106801733,16.26
01/08/2017,20490,463920000,22.25(-2.20 %),20490,463920000,0,0,106824243,16.26
02/08/2017,11570,262210000,22.8(2.47 %),13370,303090000,1800,40880000,106868053,16.24
03/08/2017,13240,304710000,22.6(-0.88 %),33240,759210000,20000,454500000,106866343,16.24
04/08/2017,-182300,-4053910000,22.25(-1.55 %),17700,395850000,200000,4449760000,106848643,16.25
07/08/2017,46330,1056820000,22.2(-0.22 %),71330,1620260000,25000,563440000,106779113,16.27
08/08/2017,-66910,-1497780000,22.2(0.00 %),0,0,66910,1497780000,106799113,16.26
09/08/2017,-20620,-450570000,21.45(-3.38 %),20,420000,20640,450990000,106999093,16.2
10/08/2017,-47190,-990450000,20.7(-3.50 %),2810,60270000,50000,1050720000,107021283,16.2
11/08/2017,-5200,-107250000,20.6(-0.48 %),0,0,5200,107250000,107088193,16.17
14/08/2017,12600,264670000,21(1.94 %),32200,670390000,19600,405720000,107076633,16.18
15/08/2017,-8240,-173580000,20.95(-0.24 %),2870,60340000,11110,233920000,107123763,16.16
16/08/2017,-26660,-531400000,19.8(-5.49 %),260,5210000,26920,536610000,107128703,16.16
17/08/2017,44410,888220000,19.75(-0.25 %),45010,900160000,600,11940000,107103293,16.17
18/08/2017,1110,21680000,19.7(-0.25 %),3060,60290000,1950,38610000,107111343,16.17
21/08/2017,7870,153330000,19.3(-2.03 %),14220,277790000,6350,124460000,107124043,16.16
22/08/2017,95100,1860410000,19.7(2.07 %),95100,1860410000,0,0,107029543,16.19
23/08/2017,0,0,19.8(0.51 %),0,0,0,0,107031493,16.19
24/08/2017,-8490,-165470000,19.45(-1.77 %),1210,23720000,9700,189190000,107036633,16.19
25/08/2017,9000,173700000,19.2(-1.29 %),9000,173700000,0,0,107027633,16.19
28/08/2017,-10,-200000,19.3(0.52 %),0,0,10,200000,107027633,16.19
29/08/2017,6100,117330000,19.3(0.00 %),10100,194950000,4000,77620000,107027233,16.19
30/08/2017,-300,-5850000,19.65(1.81 %),0,0,300,5850000,107027233,16.19
31/08/2017,21510,429520000,20(1.78 %),30750,610940000,9240,181420000,106996493,16.2
01/09/2017,1000,20100000,20.1(0.50 %),1000,20100000,0,0,106999493,16.2
05/09/2017,13620,273260000,20.1(0.00 %),13620,273260000,0,0,106986173,16.21
06/09/2017,9730,194290000,19.9(-1.00 %),10030,200250000,300,5960000,106985383,16.21
07/09/2017,106590,2153060000,20.4(2.51 %),113380,2289910000,6790,136850000,106872003,16.24
08/09/2017,89840,1835510000,20.4(0.00 %),89840,1835510000,0,0,106782163,16.27
11/09/2017,-74620,-1495290000,20(-1.96 %),400,8080000,75020,1503370000,106782063,16.27
12/09/2017,92390,1895620000,20.3(1.50 %),213200,4339840000,120810,2444220000,106575653,16.33
13/09/2017,248500,5074980000,20.6(1.48 %),250000,5105880000,1500,30900000,106325653,16.41
14/09/2017,187240,3838400000,20.5(-0.49 %),300050,6148850000,112810,2310450000,106100628,16.48
15/09/2017,219400,4519910000,20.65(0.73 %),242320,4989770000,22920,469860000,105979118,16.51
18/09/2017,154870,3160580000,20.45(-0.97 %),211370,4311910000,56500,1151330000,105769248,16.58
19/09/2017,604630,12370410000,20.5(0.24 %),966860,19759930000,362230,7389520000,104915198,16.84
20/09/2017,88410,1810810000,20.5(0.00 %),156420,3197610000,68010,1386800000,104781698,16.88
21/09/2017,80800,1649940000,20.45(-0.24 %),151500,3093150000,70700,1443210000,104686698,16.91
22/09/2017,244000,4983750000,20.4(-0.24 %),244000,4983750000,0,0,104804928,16.87
25/09/2017,213400,4346270000,20.35(-0.25 %),213400,4346270000,0,0,104659538,16.92
26/09/2017,880,17760000,20.2(-0.74 %),1280,25880000,400,8120000,104728958,16.9
27/09/2017,26370,531760000,20.05(-0.74 %),26370,531760000,0,0,104702588,16.91
28/09/2017,2630,52730000,20(-0.25 %),2880,57740000,250,5010000,104699708,16.91
29/09/2017,-8350,-166920000,20.25(1.25 %),0,0,8350,166920000,104700108,16.91
02/10/2017,-18000,-365430000,20.3(0.25 %),0,0,18000,365430000,104700108,16.91
03/10/2017,92990,1898650000,20.2(-0.49 %),99190,2024910000,6200,126260000,104601168,16.94
04/10/2017,0,0,20.2(0.00 %),0,0,0,0,104609518,16.93
05/10/2017,2020,40600000,20.1(-0.50 %),2020,40600000,0,0,104625498,16.93
06/10/2017,132800,2676130000,20.1(0.00 %),137000,2760760000,4200,84630000,104494698,16.97
09/10/2017,-20570,-413460000,20.1(0.00 %),4600,92460000,25170,505920000,104490100,16.97
10/10/2017,2530,50850000,20.1(0.00 %),3330,66930000,800,16080000,104486770,16.97
11/10/2017,0,0,20.15(0.25 %),0,0,0,0,104490970,16.97
12/10/2017,13600,273820000,20.1(-0.25 %),15300,308160000,1700,34340000,104500840,16.97
13/10/2017,58000,1177230000,20.9(3.98 %),58500,1187430000,500,10200000,104443140,16.99
16/10/2017,3200,68140000,21.35(2.15 %),3200,68140000,0,0,104439940,16.99
17/10/2017,-1000,-21720000,21.65(1.41 %),0,0,1000,21720000,104441640,16.99
18/10/2017,-57190,-1214930000,21(-3.00 %),2810,60570000,60000,1275500000,104439330,16.99
19/10/2017,0,0,21(0.00 %),0,0,0,0,104439330,16.99
20/10/2017,-33680,-696300000,20.5(-2.38 %),5800,122020000,39480,818320000,104434530,16.99
23/10/2017,23660,482610000,20.4(-0.49 %),28510,582040000,4850,99430000,104466020,16.98
24/10/2017,139930,2914040000,21.5(5.39 %),147940,3086260000,8010,172220000,104318080,17.02
25/10/2017,61390,1313780000,21.45(-0.23 %),62030,1327670000,640,13890000,104295530,17.03
26/10/2017,3000,63000000,20.9(-2.56 %),3000,63000000,0,0,104297380,17.03
27/10/2017,3500,72450000,21(0.48 %),3500,72450000,0,0,104301890,17.03
30/10/2017,14120,294940000,20.55(-2.14 %),19120,398340000,5000,103400000,104283410,17.03
31/10/2017,-201440,-4109010000,20.8(1.22 %),298560,6165990000,500000,10275000000,104134850,17.08
01/11/2017,123630,2576780000,20.95(0.72 %),125830,2622780000,2200,46000000,104009020,17.12
02/11/2017,178910,3729610000,20.9(-0.24 %),181910,3791860000,3000,62250000,103832110,17.17
03/11/2017,127250,2668610000,20.95(0.24 %),150000,3134620000,22750,466010000,104032110,17.11
06/11/2017,122790,2591120000,21.2(1.19 %),127260,2685130000,4470,94010000,103907050,17.15
07/11/2017,94970,2065390000,21.8(2.83 %),105020,2284450000,10050,219060000,103805030,17.18
08/11/2017,12000,262800000,21.7(-0.46 %),12000,262800000,0,0,103815780,17.18
09/11/2017,302610,6792750000,22.5(3.69 %),303010,6801550000,400,8800000,103517240,17.27
10/11/2017,1750,39110000,22.4(-0.44 %),3000,67200000,1250,28090000,103524290,17.27
13/11/2017,128290,2863070000,22.1(-1.34 %),252100,5615060000,123810,2751990000,103272190,17.34
14/11/2017,-2510,-54400000,21.7(-1.81 %),3510,76720000,6020,131120000,103269080,17.35
15/11/2017,-52130,-1116560000,21.3(-1.84 %),2170,47010000,54300,1163570000,103268160,17.35
16/11/2017,-16700,-359470000,21.8(2.35 %),300,6380000,17000,365850000,103391670,17.31
17/11/2017,-120550,-2595070000,21.45(-1.61 %),5950,127930000,126500,2723000000,103391740,17.31
20/11/2017,-248960,-5277970000,21(-2.10 %),23040,486090000,272000,5764060000,103423000,17.3
21/11/2017,-59900,-1269360000,21.15(0.71 %),3600,76140000,63500,1345500000,103436400,17.29
22/11/2017,154000,3366500000,22(4.02 %),154000,3366500000,0,0,103408900,17.3
23/11/2017,75700,1665020000,21.85(-0.68 %),75800,1667220000,100,2200000,103605100,17.24
24/11/2017,-304630,-6635620000,21.8(-0.23 %),700,15220000,305330,6650840000,103667900,17.22
27/11/2017,-34600,-743510000,22(0.92 %),65400,1423210000,100000,2166720000,103602500,17.24
28/11/2017,-12700,-284250000,22.5(2.27 %),300,6660000,13000,290910000,103602300,17.24
29/11/2017,-173050,-4032050000,23.35(3.78 %),16310,375770000,189360,4407820000,103891320,17.15
30/11/2017,109190,2598530000,23.55(0.86 %),114700,2729120000,5510,130590000,103876620,17.16
01/12/2017,-790,-19110000,24.25(2.97 %),1100,26520000,1890,45630000,103888520,17.16
04/12/2017,289150,6996460000,24.1(-0.62 %),301250,7289950000,12100,293490000,103776630,17.19
05/12/2017,-5660,-134710000,23(-4.56 %),4340,104240000,10000,238950000,103777801,17.19
06/12/2017,-7340,-169010000,23.4(1.74 %),0,0,7340,169010000,103779691,17.19
07/12/2017,0,0,23.05(-1.50 %),0,0,0,0,103791791,17.18
08/12/2017,-8740,-190550000,21.85(0.00 %),1200,26320000,9940,216870000,103800591,17.18
11/12/2017,4860,102690000,20.9(-4.35 %),4870,102910000,10,220000,103803061,17.18
12/12/2017,1850,40080000,20.4(-2.39 %),10850,223380000,9000,183300000,103792211,17.18
13/12/2017,-15460,-305180000,20.2(-0.98 %),66840,1376400000,82300,1681580000,103735311,17.2
14/12/2017,-470,-8200000,20.6(1.98 %),7200,147530000,7670,155730000,103728121,17.2
15/12/2017,-4000,-83200000,21.25(3.16 %),0,0,4000,83200000,103737121,17.2
18/12/2017,23910,512010000,21.7(2.12 %),23910,512010000,0,0,103795511,17.18
19/12/2017,192610,4190500000,21.75(0.23 %),200110,4353750000,7500,163250000,103603071,17.24
20/12/2017,0,0,21.2(-2.53 %),0,0,0,0,103607071,17.24
21/12/2017,200000,4304460000,21.3(0.47 %),200000,4304460000,0,0,103407071,17.3
22/12/2017,201000,4330410000,21.75(2.11 %),202000,4351710000,1000,21300000,103212571,17.36
25/12/2017,13360,285850000,21.6(-0.69 %),16290,349580000,2930,63730000,103196281,17.37
26/12/2017,128100,2784260000,21.9(1.39 %),128100,2784260000,0,0,103068181,17.41
27/12/2017,133740,2969710000,22.2(1.37 %),142970,3173790000,9230,204080000,102926211,17.45
28/12/2017,211540,4732550000,22.4(0.90 %),211550,4732770000,10,220000,102717591,17.51
29/12/2017,303600,6879440000,22.75(1.56 %),305470,6921690000,1870,42250000,102412121,17.61
02/01/2018,287000,6678190000,23.7(4.18 %),287000,6678190000,0,0,102134351,17.69
03/01/2018,52200,1236040000,23.4(-1.27 %),53200,1259340000,1000,23300000,102081161,17.71
04/01/2018,8200,192240000,23(-1.71 %),8300,194540000,100,2300000,102074731,17.71
05/01/2018,-63680,-1419860000,22.35(-2.83 %),39740,896760000,103420,2316620000,102034991,17.72
08/01/2018,-35020,-794890000,22.8(2.01 %),1800,40140000,36820,835030000,102034191,17.72
09/01/2018,11520,258300000,22.6(-0.88 %),18780,421910000,7260,163610000,102015511,17.73
10/01/2018,-39270,-889180000,22.45(-0.66 %),47500,1060440000,86770,1949620000,102071431,17.71
11/01/2018,5000,111250000,22.3(-0.67 %),281400,6351500000,276400,6240250000,102103251,17.7
12/01/2018,78190,1778320000,22.75(2.02 %),100250,2280520000,22060,502200000,102010261,17.73
15/01/2018,-5920,-133290000,22.5(-1.10 %),1080,24410000,7000,157700000,102095951,17.7
16/01/2018,-18500,-415700000,22.5(0.00 %),0,0,18500,415700000,102095951,17.7
17/01/2018,11900,265520000,22.25(-1.11 %),11900,265520000,0,0,102106111,17.7
18/01/2018,4470,98780000,22.1(-0.67 %),5220,115360000,750,16580000,102107891,17.7
19/01/2018,12300,271280000,22(-0.45 %),12300,271280000,0,0,102114091,17.7
22/01/2018,37450,810390000,21.3(-3.18 %),56600,1219950000,19150,409560000,102057491,17.72
25/01/2018,31530,668170000,20.9(-1.88 %),32430,687340000,900,19170000,102044961,17.72
26/01/2018,-60840,-1250480000,20.4(-2.39 %),15660,326100000,76500,1576580000,102029301,17.73
29/01/2018,-9570,-196110000,21.45(5.15 %),486930,10027250000,496500,10223360000,101885571,17.77
30/01/2018,74020,1553010000,21(-2.10 %),224020,4704800000,150000,3151790000,101662451,17.84
31/01/2018,-166650,-3451590000,20.5(-2.38 %),5500,115080000,172150,3566670000,101733451,17.82
01/02/2018,-23910,-484160000,20.1(-1.95 %),7100,143830000,31010,627990000,101879651,17.77
02/02/2018,-16500,-337130000,20.5(1.99 %),0,0,16500,337130000,102029651,17.73
05/02/2018,-70080,-1415600000,19.6(-4.39 %),19430,391090000,89510,1806690000,102182371,17.68
06/02/2018,-119640,-2205940000,18.7(-4.59 %),19020,352210000,138660,2558150000,102194361,17.67
07/02/2018,-59640,-1134940000,19.2(2.67 %),7600,144390000,67240,1279330000,102203261,17.67
08/02/2018,-8930,-166120000,19.2(0.00 %),32990,627520000,41920,793640000,102259781,17.65
09/02/2018,-5400,-101910000,18.85(-1.82 %),2100,39700000,7500,141610000,102396341,17.61
12/02/2018,-15600,-296810000,18.9(0.27 %),400,7640000,16000,304450000,102463181,17.59
13/02/2018,-11010,-213820000,19.65(3.97 %),3600,70920000,14610,284740000,102501501,17.58
21/02/2018,-26350,-521600000,19.8(0.76 %),9380,186470000,35730,708070000,102499621,17.58
22/02/2018,7160,142510000,19.8(0.00 %),42160,834360000,35000,691850000,102473461,17.59
23/02/2018,22660,456940000,20.3(2.53 %),74260,1496510000,51600,1039570000,102413811,17.61
26/02/2018,-8360,-165780000,19.8(-2.46 %),6000,120600000,14360,286380000,102443541,17.6
27/02/2018,40670,814010000,20.1(1.52 %),44370,886920000,3700,72910000,102434171,17.6
28/02/2018,-37070,-727970000,19.7(-1.99 %),6000,119800000,43070,847770000,102479771,17.59
01/03/2018,-78300,-1524470000,19.4(-1.52 %),700,13690000,79000,1538160000,102493431,17.58
02/03/2018,3800,75070000,19.9(2.58 %),4500,88620000,700,13550000,102492631,17.58
05/03/2018,-56350,-1096370000,19.4(-2.51 %),2370,47090000,58720,1143460000,102533331,17.57
06/03/2018,-152040,-2926290000,19.1(-1.55 %),10000,193000000,162040,3119290000,102602331,17.55
07/03/2018,-253500,-4798720000,18.95(-0.79 %),36520,697130000,290020,5495850000,102566511,17.56
08/03/2018,-318260,-6003330000,18.8(-0.79 %),59700,1130020000,377960,7133350000,102565531,17.56
09/03/2018,-251930,-4740930000,18.85(0.27 %),203400,3826620000,455330,8567550000,102524171,17.57
12/03/2018,-118150,-2228090000,18.8(-0.27 %),1000,18900000,119150,2246990000,102813191,17.48
13/03/2018,16630,321790000,19.3(2.66 %),16630,321790000,0,0,103174526,17.37
14/03/2018,-181080,-3460900000,18.9(-2.07 %),1700,32720000,182780,3493620000,103628156,17.24
15/03/2018,-197490,-3722620000,18.85(-0.26 %),4910,92750000,202400,3815370000,103742396,17.2
16/03/2018,-111900,-2110860000,19(0.80 %),480,9050000,112380,2119910000,103741916,17.2
19/03/2018,-57600,-1083960000,18.85(-0.79 %),12400,235130000,70000,1319090000,103912296,17.15
20/03/2018,-42670,-804380000,18.8(-0.27 %),0,0,42670,804380000,104114696,17.09
21/03/2018,-135070,-2539670000,18.9(0.53 %),29050,548850000,164120,3088520000,104198026,17.06
22/03/2018,-191690,-3591500000,18.7(-1.06 %),8730,163070000,200420,3754570000,104259296,17.04
23/03/2018,44130,831860000,18.9(1.07 %),44830,845060000,700,13200000,104257136,17.04
26/03/2018,-405970,-7249870000,17.8(-5.82 %),42010,768530000,447980,8018400000,104379246,17.0
27/03/2018,23000,425310000,18.45(3.65 %),23000,425310000,0,0,104556666,16.95
28/03/2018,-37970,-696090000,18.3(-0.81 %),12030,220690000,50000,916780000,104545336,16.95
29/03/2018,6800,124460000,18.7(2.19 %),6800,124460000,0,0,104986516,16.82
30/03/2018,-23500,-446810000,19.2(2.67 %),27300,517540000,50800,964350000,104959216,16.83
02/04/2018,-20870,-402250000,19.2(0.00 %),1000,19250000,21870,421500000,105008216,16.81
03/04/2018,-147340,-2780720000,18.8(-2.08 %),200,3790000,147540,2784510000,105008016,16.81
04/04/2018,1480,28090000,19(1.06 %),7000,132840000,5520,104750000,105051816,16.8
05/04/2018,4000,75850000,19.2(1.05 %),5000,94780000,1000,18930000,105068686,16.79
06/04/2018,2910,58070000,20.5(6.77 %),6010,121120000,3100,63050000,105210216,16.75
09/04/2018,-78210,-1610990000,20.55(0.24 %),24090,497840000,102300,2108830000,105191646,16.76
10/04/2018,15900,324250000,20.5(-0.24 %),15910,324450000,10,200000,105176736,16.76
11/04/2018,21200,438500000,20.7(0.98 %),21200,438500000,0,0,105158636,16.77
12/04/2018,2300,47610000,20.65(-0.24 %),3000,62100000,700,14490000,105257936,16.74
13/04/2018,-58950,-1205300000,20.15(-2.42 %),10100,208060000,69050,1413360000,105247846,16.74
16/04/2018,-12650,-255050000,20.3(0.74 %),7000,140900000,19650,395950000,105240846,16.74
17/04/2018,-113530,-2280760000,19.9(-1.97 %),374900,7099850000,488430,9380610000,105229146,16.74
18/04/2018,-102840,-2039170000,19.5(-2.01 %),290,5700000,103130,2044870000,105297906,16.72
19/04/2018,-30520,-592530000,19.2(-1.54 %),1780,34520000,32300,627050000,105315776,16.72
20/04/2018,-106030,-2010620000,18.8(-2.08 %),3600,68030000,109630,2078650000,105438106,16.68
23/04/2018,-10190,-192840000,18.7(1.08 %),2810,52860000,13000,245700000,105538426,16.65
24/04/2018,-12720,-238210000,18.7(0.00 %),12230,228670000,24950,466880000,105558496,16.64
26/04/2018,-3450,-59560000,18.3(-2.14 %),19300,360810000,22750,420370000,105648826,16.62
27/04/2018,-400,-7450000,18.4(0.55 %),100,1800000,500,9250000,105661726,16.61
02/05/2018,-66590,-1203530000,18.05(-1.90 %),11370,206670000,77960,1410200000,105675306,16.61
03/05/2018,-6970,-126370000,18.35(1.66 %),2220,40070000,9190,166440000,105695836,16.6
04/05/2018,-88620,-1621240000,18.25(-0.54 %),1310,24040000,89930,1645280000,105695026,16.6
07/05/2018,-5390,-99520000,18.8(3.01 %),10,180000,5400,99700000,105772976,16.58
08/05/2018,-3990,-75300000,19(1.06 %),0,0,3990,75300000,105782166,16.57
09/05/2018,1500,27650000,18.9(-0.53 %),4500,83750000,3000,56100000,105867596,16.55
10/05/2018,-1000,-18850000,18.4(-2.65 %),0,0,1000,18850000,105872996,16.55
11/05/2018,-95960,-1741710000,18.5(0.54 %),0,0,95960,1741710000,105876986,16.55
14/05/2018,-2800,-52340000,18.7(1.08 %),200,3760000,3000,56100000,105879786,16.54
15/05/2018,-294720,-5356320000,18.6(-0.53 %),5280,97800000,300000,5454120000,105875506,16.55
16/05/2018,-42000,-775770000,18.3(-1.61 %),0,0,42000,775770000,105971466,16.52
17/05/2018,-12500,-233890000,18.7(2.19 %),500,9230000,13000,243120000,105973966,16.52
18/05/2018,-173110,-3202380000,18.4(-1.60 %),410,7590000,173520,3209970000,106273556,16.42
21/05/2018,-186770,-3467130000,18.45(0.27 %),13270,247650000,200040,3714780000,106302286,16.42
22/05/2018,53480,988330000,18.45(0.00 %),243080,4486590000,189600,3498260000,106259706,16.43
23/05/2018,-6100,-112120000,18.5(0.27 %),0,0,6100,112120000,106433226,16.38
24/05/2018,0,0,18.35(-0.81 %),0,0,0,0,106633266,16.31
25/05/2018,-101700,-1867960000,18.3(-0.27 %),0,0,101700,1867960000,106635366,16.31
28/05/2018,-19810,-357120000,17.7(-3.28 %),3930,70650000,23740,427770000,106637536,16.31
29/05/2018,-7320,-131500000,18.45(4.24 %),0,0,7320,131500000,106637536,16.31
30/05/2018,-992670,-17471040000,17.1(-2.01 %),8930,156880000,1001600,17627920000,106730306,16.28
31/05/2018,600,10440000,17.5(2.34 %),600,10440000,0,0,106753446,16.28
01/06/2018,300,5080000,17.5(0.00 %),2000,35000000,1700,29920000,106758766,16.28
04/06/2018,-102510,-1773460000,17.15(-2.00 %),20000,340250000,122510,2113710000,107740366,15.97
05/06/2018,-985550,-16950930000,17.2(0.29 %),14450,249070000,1000000,17200000000,107725916,15.98
06/06/2018,-1920,-33410000,17.9(4.07 %),100,1790000,2020,35200000,107727516,15.98
07/06/2018,30,530000,17.9(0.00 %),30,530000,0,0,107849996,15.94
08/06/2018,28790,503650000,17.8(-0.56 %),29390,514330000,600,10680000,108820606,15.64
11/06/2018,5900,103740000,17.45(-1.97 %),5900,103740000,0,0,108816726,15.64
12/06/2018,22370,384680000,17.25(-1.15 %),22670,389920000,300,5240000,108794061,15.65
13/06/2018,-670,-11360000,17.4(0.87 %),1000,17450000,1670,28810000,108793661,15.65
14/06/2018,-152050,-2617500000,17.2(-1.15 %),129310,2226720000,281360,4844220000,108664351,15.69
15/06/2018,15970,279580000,17.6(2.33 %),16670,291730000,700,12150000,108647981,15.7
18/06/2018,-27140,-474410000,17.1(-2.84 %),12900,226290000,40040,700700000,108636751,15.7
19/06/2018,-221740,-3751590000,16.7(-2.34 %),8260,139900000,230000,3891490000,108909856,15.62
20/06/2018,-386020,-6453610000,16.7(0.00 %),97110,1625050000,483130,8078660000,108813446,15.65
21/06/2018,45050,765530000,17(1.80 %),50050,851280000,5000,85750000,108803436,15.65
22/06/2018,55060,936740000,17(0.00 %),55080,937080000,20,340000,108978356,15.6
25/06/2018,53060,904070000,17.3(1.76 %),53060,904070000,0,0,109408426,15.46
26/06/2018,42270,742940000,17.6(1.73 %),92270,1619940000,50000,877000000,109321156,15.49
27/06/2018,15010,263190000,17.75(0.85 %),65010,1144930000,50000,881740000,109256166,15.51
28/06/2018,98160,1727150000,17.6(-0.85 %),134160,2360250000,36000,633100000,109122006,15.55
29/06/2018,77820,1395902000,17.6(0.00 %),127820,2287951000,50000,892049000,109044186,15.57
02/07/2018,-176960,-3033770000,17(-3.41 %),54040,949710000,231000,3983480000,109040146,15.58
03/07/2018,-125080,-2108320000,17.1(0.59 %),10040,171170000,135120,2279490000,109066106,15.57
04/07/2018,56450,983550000,17.35(1.46 %),57950,1009150000,1500,25600000,109058156,15.57
05/07/2018,-65800,-1119720000,17(-2.02 %),0,0,65800,1119720000,109289156,15.5
06/07/2018,4200,72660000,17.2(1.18 %),4200,72660000,0,0,109420076,15.46
09/07/2018,-225370,-3858440000,17.05(-0.87 %),50,850000,225420,3859290000,109421526,15.46
10/07/2018,-221370,-3765270000,16.95(-0.59 %),18360,312840000,239730,4078110000,109468966,15.44
11/07/2018,15010,254170000,16.9(-0.29 %),15010,254170000,0,0,109453956,15.45
12/07/2018,7350,124235000,16.9(0.00 %),7350,124235000,0,0,109446606,15.45
13/07/2018,1540,26030000,17(0.59 %),1540,26030000,0,0,109910216,15.31
16/07/2018,0,0,17.2(1.18 %),0,0,0,0,109910216,15.31
17/07/2018,-670,-11460000,17.3(0.58 %),2000,34200000,2670,45660000,109908216,15.31
18/07/2018,-1000,-17800000,18.5(6.94 %),0,0,1000,17800000,109909216,15.31
19/07/2018,-119670,-2213760000,18(-2.70 %),520300,9706150000,639970,11919910000,109907916,15.31
20/07/2018,13000,244180000,18.9(5.00 %),13000,244180000,0,0,109897586,15.31
23/07/2018,12100,228060000,18.7(-1.06 %),12100,228060000,0,0,109885486,15.32
24/07/2018,10000,185000000,18.5(-1.07 %),10000,185000000,0,0,109996456,15.28
25/07/2018,100,1850000,18(-2.70 %),100,1850000,0,0,109996356,15.28
26/07/2018,21600,389150000,18.35(1.94 %),23600,425300000,2000,36150000,109972756,15.29
27/07/2018,7020,131270000,18.85(2.72 %),7020,131270000,0,0,109965736,15.29
30/07/2018,100,1620000,18.7(-0.80 %),5400,101790000,5300,100170000,109960336,15.29
31/07/2018,9000,166800000,18.8(0.53 %),39000,730800000,30000,564000000,109951336,15.3
01/08/2018,6010,116040000,18.7(-0.53 %),13010,246590000,7000,130550000,109910326,15.31
02/08/2018,10000,185980000,18.6(-0.53 %),10000,185980000,0,0,109905626,15.31
03/08/2018,15200,279700000,18.3(-1.61 %),15200,279700000,0,0,109920426,15.31
06/08/2018,14180,257905000,18.2(-0.55 %),14280,259740000,100,1835000,109906246,15.31
07/08/2018,34950,631100000,18(-1.10 %),35000,632000000,50,900000,109878146,15.32
08/08/2018,-250,-4410000,18.3(1.67 %),450,8190000,700,12600000,109877696,15.32
09/08/2018,6570,120000000,18.15(-0.82 %),6570,120000000,0,0,109871226,15.32
10/08/2018,15610,284430000,18.1(-0.28 %),15610,284430000,0,0,109855666,15.33
13/08/2018,21830,398510000,18.25(0.83 %),23080,421200000,1250,22690000,109833286,15.33
14/08/2018,100,1830000,18.2(-0.27 %),100,1830000,0,0,109833186,15.33
15/08/2018,320,5320000,18.2(0.00 %),11200,203340000,10880,198020000,109821986,15.34
16/08/2018,-67060,-1200970000,18.1(-0.55 %),93070,1667050000,160130,2868020000,109730166,15.36
17/08/2018,9640,172460000,18(-0.55 %),9640,172460000,0,0,109720526,15.37
20/08/2018,63910,1170810000,18.5(2.78 %),64110,1174430000,200,3620000,109667296,15.38
21/08/2018,-99900,-1842660000,18.5(0.00 %),100,1840000,100000,1844500000,109827326,15.33
22/08/2018,1680,30980000,18.45(-0.27 %),24580,454480000,22900,423500000,109802746,15.34
23/08/2018,2100,43330000,18.35(-0.54 %),52100,960530000,50000,917200000,109750846,15.36
24/08/2018,-4830,-87697500,18.3(-0.27 %),7970,146301000,12800,233998500,109755676,15.36
27/08/2018,-19760,-359800000,18.3(0.00 %),100,1820000,19860,361620000,109865676,15.32
28/08/2018,61580,1128910000,18.4(0.55 %),71580,1312010000,10000,183100000,109844096,15.33
29/08/2018,-73570,-1336680000,18.2(-1.09 %),13770,251200000,87340,1587880000,109843126,15.33
30/08/2018,-136820,-2482960000,18.25(0.27 %),12960,235580000,149780,2718540000,109850026,15.33
31/08/2018,7500,136510000,18.2(-0.27 %),7500,136510000,0,0,109852526,15.33
04/09/2018,13120,239261000,18.1(-0.55 %),13120,239261000,0,0,106006873,16.51
05/09/2018,-20900,-370460000,18.1(0.00 %),77720,1408100000,98620,1778560000,109998806,15.28
06/09/2018,0,0,17.95(-0.83 %),0,0,0,0,109998806,15.28
07/09/2018,1330,23712500,17.95(0.00 %),6750,121272500,5420,97560000,109997476,15.28
10/09/2018,7200,129830000,17.95(0.00 %),7700,138810000,500,8980000,110082976,15.26
11/09/2018,181300,3318650000,18.4(2.51 %),185800,3400780000,4500,82130000,109897176,15.31
12/09/2018,20970,386250000,18.4(0.00 %),20970,386250000,0,0,109881626,15.32
13/09/2018,42730,794750000,18.8(2.17 %),53500,993900000,10770,199150000,109828626,15.33
14/09/2018,26230,492060000,18.75(-0.27 %),48250,906780000,22020,414720000,109784876,15.35
17/09/2018,16660,306380000,18.5(-1.33 %),40000,740760000,23340,434380000,109744876,15.36
18/09/2018,-52600,-973080000,18.7(1.08 %),5100,94780000,57700,1067860000,109750546,15.36
19/09/2018,-30160,-562940000,18.5(-1.07 %),800,14860000,30960,577800000,109771766,15.35
20/09/2018,-60260,-1130530000,18.75(1.35 %),28790,539810000,89050,1670340000,109766316,15.35
21/09/2018,-19540,-367280000,18.7(-0.27 %),4000,75000000,23540,442280000,109820016,15.34
24/09/2018,-18600,-346148000,18.6(-0.53 %),22880,424430000,41480,770578000,109838616,15.33
25/09/2018,-98400,-1821482400,18.5(-0.54 %),600,11106600,99000,1832589000,109937016,15.3
26/09/2018,35700,703450000,19.75(6.76 %),35970,708470000,270,5020000,109904116,15.31
27/09/2018,-1720,-33090000,20.3(2.78 %),3300,67310000,5020,100400000,109942296,15.3
28/09/2018,27790,565468000,20.1(-0.99 %),27800,565670000,10,202000,109914506,15.31
01/10/2018,65250,1320960000,20.25(0.75 %),65250,1320960000,0,0,109953516,15.3
02/10/2018,-477940,-9455877000,19.6(-3.21 %),7800,157820000,485740,9613697000,110431456,15.15
03/10/2018,16100,322320000,20.2(3.06 %),18600,372670000,2500,50350000,109932146,15.3
04/10/2018,23330,470310000,20.3(0.50 %),30330,611810000,7000,141500000,109901816,15.31
05/10/2018,880,17410000,19.8(-2.46 %),1300,25870000,420,8460000,110386256,15.16
08/10/2018,-134260,-2614140000,19.4(-2.02 %),1000,19820000,135260,2633960000,110387759,15.16
09/10/2018,25000,487540000,19.4(0.00 %),25000,487540000,0,0,110369759,15.17
10/10/2018,1110,21587000,19.4(0.00 %),1110,21587000,0,0,110368649,15.17
11/10/2018,-190,-3536000,18.25(-5.93 %),110,2024000,300,5560000,110368839,15.17
12/10/2018,2150,39855000,18.8(3.01 %),2150,39855000,0,0,110366689,15.17
15/10/2018,18410,343510000,18.5(-1.60 %),18610,347200000,200,3690000,110483459,15.13
16/10/2018,-1600,-29490000,18.7(1.08 %),400,7510000,2000,37000000,110483359,15.13
17/10/2018,-287330,-5418201000,18.7(0.00 %),14670,277992000,302000,5696193000,110770689,15.05
18/10/2018,-443770,-8181920000,18.6(-0.53 %),75230,1398000000,519000,9579920000,110393659,15.16
19/10/2018,0,0,18.7(0.54 %),0,0,0,0,110393659,15.16
22/10/2018,-285940,-5268880000,18.3(-2.14 %),0,0,285940,5268880000,110697659,15.07
23/10/2018,-304230,-5459994500,17.75(-3.01 %),19340,351033000,323570,5811027500,111001889,14.97
24/10/2018,-151680,-2690080000,17.5(-1.41 %),6500,114400000,158180,2804480000,111190819,14.92
25/10/2018,-3670,-57920000,17.2(-1.71 %),52000,881600000,55670,939520000,111424759,14.85
26/10/2018,-35370,-611110000,17.15(-0.29 %),163030,2805450000,198400,3416560000,111585299,14.8
29/10/2018,-369660,-6293060000,16.9(-1.46 %),89350,1519560000,459010,7812620000,111654129,14.77
30/10/2018,52010,896056500,17.05(0.89 %),52010,896056500,0,0,111602119,14.79
31/10/2018,89500,1574125000,17.8(4.40 %),89500,1574125000,0,0,111512619,14.82
01/11/2018,163110,2884520000,17.6(-1.12 %),201400,3564170000,38290,679650000,112024299,14.66
02/11/2018,-70860,-1259693000,17.9(1.70 %),54950,974539000,125810,2234232000,112095159,14.64
05/11/2018,47010,841370000,18.1(1.12 %),47020,841550000,10,180000,111922329,14.69
06/11/2018,74890,1362476000,18.2(0.55 %),75290,1369736000,400,7260000,111847439,14.72
07/11/2018,97850,1789780000,18.35(0.82 %),97850,1789780000,0,0,111913289,14.7
08/11/2018,41420,765760000,18.55(1.09 %),42820,791520000,1400,25760000,111870479,14.71
09/11/2018,93330,1729420000,18.3(-1.35 %),93330,1729420000,0,0,111777549,14.74
12/11/2018,-111000,-2009010000,18.2(-0.55 %),478120,8677520000,589120,10686530000,111673549,14.77
13/11/2018,42140,765593000,18.15(-0.27 %),42140,765593000,0,0,111631409,14.78
14/11/2018,-1009160,-18468506000,18.15(0.00 %),47490,865052500,1056650,19333558500,112640569,14.47
15/11/2018,5900,109110000,18.2(0.28 %),26900,488160000,21000,379050000,111773419,14.74
16/11/2018,99550,1837070000,18.4(1.10 %),119550,2207070000,20000,370000000,111653869,14.78
19/11/2018,15700,288890000,18.4(0.00 %),15700,288890000,0,0,112694819,14.46
20/11/2018,74510,1380130000,18.55(0.82 %),157410,2915470000,82900,1535340000,112558409,14.5
21/11/2018,73220,1359710000,18.55(0.00 %),73220,1359710000,0,0,112505189,14.51
22/11/2018,86150,1618500000,18.8(1.35 %),87650,1646400000,1500,27900000,112417539,14.54
23/11/2018,0,0,18.65(-0.80 %),0,0,0,0,112417539,14.54
26/11/2018,10,0,18.9(1.34 %),10,0,0,0,112417529,14.54
27/11/2018,-20500,-392227000,18.9(0.00 %),18010,341289000,38510,733516000,112438029,14.53
28/11/2018,-1490,-28310000,19(0.53 %),0,0,1490,28310000,112462269,14.53
29/11/2018,1100,20480000,19(0.00 %),9500,181450000,8400,160970000,112506049,14.51
30/11/2018,67100,1281460000,19.2(1.05 %),69080,1319280000,1980,37820000,112475479,14.52
03/12/2018,133260,2639392000,19.8(3.12 %),224410,4437648000,91150,1798256000,112252559,14.59
04/12/2018,87290,1722120000,19.75(-0.25 %),106000,2094220000,18710,372100000,112154959,14.62
05/12/2018,85300,1683740000,19.75(0.00 %),111510,2196210000,26210,512470000,112069659,14.65
06/12/2018,112550,2224024500,19.8(0.25 %),113600,2244814500,1050,20790000,111957109,14.68
07/12/2018,104500,2062570000,19.7(-0.51 %),105000,2072400000,500,9830000,111936689,14.69
10/12/2018,-107650,-2095120000,19.45(-1.27 %),10540,205260000,118190,2300380000,111952359,14.68
11/12/2018,-11340,-204200000,18(0.28 %),2500,45030000,13840,249230000,111950909,14.68
12/12/2018,22510,417607000,18.7(3.89 %),22520,417787000,10,180000,111928399,14.69
13/12/2018,-18270,-338934500,18.45(-1.34 %),121450,2257609900,139720,2596544400,111946669,14.69
14/12/2018,-32020,-589610000,18.45(0.00 %),20150,373030000,52170,962640000,112002619,14.67
17/12/2018,-49040,-896840000,18.25(-1.08 %),5550,101570000,54590,998410000,111997079,14.67
18/12/2018,-17520,-316910000,18.05(-1.10 %),37480,676290000,55000,993200000,112016019,14.66
19/12/2018,35900,646150000,18(-0.28 %),35900,646150000,0,0,112032289,14.66
20/12/2018,28690,516600000,18.15(0.83 %),28690,516600000,0,0,112058189,14.65
21/12/2018,-31140,-561760000,18.1(-0.28 %),15630,281880000,46770,843640000,112097559,14.64
24/12/2018,-32140,-582530000,18(-0.55 %),2860,51480000,35000,634010000,112094699,14.64
25/12/2018,-78690,-1398670000,17.75(-1.39 %),69910,1244860000,148600,2643530000,112024789,14.66
26/12/2018,8950,160031000,17.75(0.00 %),9450,168906000,500,8875000,112015839,14.66
27/12/2018,17110,307990000,17.95(1.13 %),17110,307990000,0,0,112079999,14.64
28/12/2018,9900,179580000,18.1(0.84 %),9900,179580000,0,0,112218699,14.6
02/01/2019,-99910,-1809370000,18.1(0.00 %),120,2173000,100030,1811543000,112219079,14.6
03/01/2019,52110,939833500,18(-0.55 %),52360,944358500,250,4525000,112166969,14.62
04/01/2019,-9900,-178460000,18.1(0.56 %),0,0,9900,178460000,112166719,14.62
07/01/2019,-210,-2800500,18.55(2.49 %),26500,487542000,26710,490342500,112166929,14.62
08/01/2019,-169550,-3210560000,18.8(1.35 %),19550,369640000,189100,3580200000,112220949,14.6
09/01/2019,-18810,-358420000,18.95(0.80 %),6200,117800000,25010,476220000,112224649,14.6
10/01/2019,-86490,-1652990000,19.05(0.53 %),8800,167580000,95290,1820570000,112242559,14.59
11/01/2019,6230,119137000,19.35(1.57 %),10200,195560000,3970,76423000,112236329,14.6
14/01/2019,22000,426170000,19.55(1.03 %),22000,426170000,0,0,112424469,14.54
15/01/2019,23260,453020000,19.35(-1.02 %),29490,574490000,6230,121470000,112490269,14.52
16/01/2019,15690,307299000,19.55(1.03 %),309630,6032318500,293940,5725019500,112474579,14.52
17/01/2019,-110260,-2158230000,19.35(-1.02 %),3600,70440000,113860,2228670000,112381009,14.55
18/01/2019,-122080,-2494720000,20.3(4.91 %),236220,4755980000,358300,7250700000,112351019,14.56
21/01/2019,-50980,-1052980000,20.55(1.23 %),105100,2163650000,156080,3216630000,112439859,14.53
22/01/2019,-56440,-1161070000,20.4(-0.73 %),17910,369780000,74350,1530850000,112535809,14.5
23/01/2019,-30530,-646360000,21.4(4.90 %),10150,210020000,40680,856380000,112683959,14.46
24/01/2019,31760,686705000,21.5(0.47 %),39050,843661000,7290,156956000,112534579,14.51
25/01/2019,14710,316901000,21.75(1.16 %),26410,568032500,11700,251131500,112519869,14.51
28/01/2019,100950,2202230000,21.8(0.23 %),106700,2327460000,5750,125230000,112682909,14.46
29/01/2019,50970,1111690000,22.4(2.75 %),66870,1460690000,15900,349000000,112623329,14.48
30/01/2019,10770,243461500,22.5(0.45 %),26620,604681500,15850,361220000,112357179,14.56
31/01/2019,171850,3885610000,22.6(0.44 %),206350,4664990000,34500,779380000,112407809,14.54
01/02/2019,130450,2935390000,22.7(0.44 %),181600,4086340000,51150,1150950000,112242109,14.59
11/02/2019,109900,2552922000,23.7(4.41 %),121100,2816522000,11200,263600000,112132209,14.63
12/02/2019,-80010,-1895042500,23.3(-1.69 %),37430,888290500,117440,2783333000,112212219,14.6
13/02/2019,85380,1979020000,23.15(-0.64 %),98580,2286160000,13200,307140000,112086499,14.64
14/02/2019,30940,734750000,24(3.67 %),54500,1296070000,23560,561320000,112043199,14.66
15/02/2019,68830,1645413000,23.95(-0.21 %),78830,1884413000,10000,239000000,112027069,14.66
18/02/2019,-39300,-933455500,23.65(-1.25 %),12500,297591000,51800,1231046500,112066369,14.65
19/02/2019,67130,1604530000,22.9(-3.17 %),70400,1683010000,3270,78480000,112035669,14.66
20/02/2019,-72550,-1659810000,22.6(-1.31 %),20000,463210000,92550,2123020000,112025669,14.66
21/02/2019,-174950,-4080400000,23.2(2.65 %),41030,945350000,215980,5025750000,112036439,14.66
22/02/2019,20610,473610000,23.2(0.00 %),22210,510400000,1600,36790000,112017499,14.66
25/02/2019,73730,1694978500,23.1(-0.43 %),123920,2851653500,50190,1156675000,112152399,14.62
26/02/2019,-33330,-814715500,24.3(5.19 %),62770,1508194500,96100,2322910000,112185729,14.61
27/02/2019,2820,79793000,24.8(2.06 %),34020,838553000,31200,758760000,112182909,14.61
28/02/2019,-94260,-2309850000,23.7(-4.44 %),66820,1634560000,161080,3944410000,112090289,14.64
01/03/2019,17370,409980000,24(1.27 %),22370,528510000,5000,118530000,112164019,14.62
04/03/2019,-109550,-2556580000,22.9(-4.58 %),46890,1122730000,156440,3679310000,112148329,14.62
05/03/2019,102490,2392463500,24(4.80 %),102540,2393611000,50,1147500,112193449,14.61
06/03/2019,5270,117260000,23.95(-0.21 %),41190,983210000,35920,865950000,112170679,14.62
07/03/2019,36970,877580500,23.95(0.00 %),134570,3268780500,97600,2391200000,112181709,14.61
08/03/2019,70100,1667382500,23.7(-1.04 %),70100,1667382500,0,0,112111609,14.63
11/03/2019,12370,296761000,23.95(1.05 %),12380,297002000,10,241000,112099239,14.64
12/03/2019,-120050,-2993400000,25.6(6.89 %),51000,1224250000,171050,4217650000,112192639,14.61
13/03/2019,-378040,-9778240000,25.6(0.00 %),22880,598160000,400920,10376400000,112169759,14.62
14/03/2019,-90820,-2336405500,25.6(0.00 %),20980,541091000,111800,2877496500,112688149,14.46
15/03/2019,-142290,-3644210000,26.1(1.95 %),79150,2038330000,221440,5682540000,112240689,14.6
18/03/2019,-106710,-2750829500,25.3(-3.07 %),115030,2968701500,221740,5719531000,112347399,14.56
19/03/2019,-74330,-1798630000,24.2(-4.35 %),124690,3171620000,199020,4970250000,112513689,14.51
20/03/2019,88930,2149360000,25.85(6.82 %),100410,2433580000,11480,284220000,112634719,14.47
21/03/2019,12170,296256000,24.05(-6.96 %),24170,604503000,12000,308247000,112320629,14.57
22/03/2019,159360,3904960000,24.65(2.49 %),169370,4149750000,10010,244790000,112861939,14.4
25/03/2019,51970,1226170000,23.55(-4.46 %),52340,1234920000,370,8750000,112821079,14.42
26/03/2019,28960,694800000,23.7(0.64 %),66600,1586930000,37640,892130000,112766479,14.43
27/03/2019,128490,3145776000,24.35(2.74 %),141890,3473052000,13400,327276000,111951849,14.68
28/03/2019,128430,3159750000,24.75(1.64 %),128430,3159750000,0,0,112506539,14.51
29/03/2019,61340,1534160000,24.45(-1.21 %),81600,2037410000,20260,503250000,112462579,14.53
01/04/2019,6720,159030000,24.5(0.20 %),73780,1775550000,67060,1616520000,112402204,14.55
02/04/2019,73030,1812180000,24.5(0.00 %),88530,2198400000,15500,386220000,112313674,14.57
03/04/2019,9340,226272500,25.3(3.27 %),49660,1234723500,40320,1008451000,112393614,14.55
04/04/2019,53560,1358690000,25.4(0.40 %),181310,4601080000,127750,3242390000,112170024,14.62
05/04/2019,92800,2359210000,25.3(-0.39 %),117800,2998710000,25000,639500000,112067724,14.65
08/04/2019,-7730,-197771500,25.4(0.40 %),20300,514090500,28030,711862000,112254984,14.59
09/04/2019,135370,3426050000,24.7(-2.76 %),165780,4204440000,30410,778390000,112049714,14.65
10/04/2019,19570,478410000,24.4(-1.21 %),19870,485730000,300,7320000,112054844,14.65
11/04/2019,77840,1905460000,24.55(0.61 %),90340,2212310000,12500,306850000,111992534,14.67
12/04/2019,40770,999570000,24.65(0.41 %),60410,1483180000,19640,483610000,111962534,14.68
16/04/2019,227690,5667014000,25.45(3.25 %),237690,5911254000,10000,244240000,111753744,14.74
17/04/2019,147730,3785952000,25.55(0.39 %),187650,4814122000,39920,1028170000,111606014,14.79
18/04/2019,-62060,-1625880000,25.6(0.20 %),27940,714120000,90000,2340000000,111541694,14.81
19/04/2019,46030,1172933000,25.25(-1.37 %),61040,1554191500,15010,381258500,111622044,14.78
22/04/2019,52740,1316979000,26(2.97 %),105540,2684384500,52800,1367405500,111569304,14.8
23/04/2019,-82670,-2238340000,27.2(4.62 %),102560,2754090000,185230,4992430000,111412474,14.85
24/04/2019,-141910,-3833120000,27(-0.74 %),66740,1822830000,208650,5655950000,111360744,14.86
25/04/2019,-125510,-3416470000,27(0.00 %),29390,796650000,154900,4213120000,111384154,14.86
26/04/2019,-88340,-2381290000,28.2(4.44 %),10290,279020000,98630,2660310000,111559094,14.8
02/05/2019,17720,501453000,28.4(0.71 %),104670,2950610500,86950,2449157500,111767744,14.74
03/05/2019,240,6700000,28.5(0.35 %),800,22660000,560,15960000,111817174,14.72
06/05/2019,41100,1134606000,27(-5.26 %),57090,1581340000,15990,446734000,111726404,14.75
07/05/2019,86880,2374280000,28(3.70 %),107280,2931830000,20400,557550000,111838384,14.72
08/05/2019,7650,202440000,28(0.00 %),144580,4028560000,136930,3826120000,111694364,14.76
09/05/2019,120410,3353767000,27.6(-1.43 %),184660,5141590000,64250,1787823000,111511464,14.82
10/05/2019,-145780,-4046150000,27.95(1.27 %),26630,736410000,172410,4782560000,111519464,14.82
13/05/2019,3090,59692000,29.2(4.47 %),61420,1739302000,58330,1679610000,111654154,14.77
14/05/2019,-236830,-6872564000,29.3(0.34 %),5070,147901000,241900,7020465000,111890984,14.7
15/05/2019,-85860,-2495180000,29(-1.02 %),20040,587020000,105900,3082200000,111806524,14.73
16/05/2019,-12090,-352730000,28.75(-0.86 %),5790,167970000,17880,520700000,111859064,14.71
17/05/2019,-3980,-117310000,26.6(-7.48 %),9940,270330000,13920,387640000,112091024,14.64
20/05/2019,-136850,-3779220000,27.7(4.14 %),5000,138500000,141850,3917720000,112191924,14.61
21/05/2019,-78770,-2193740000,28.2(1.81 %),227230,6370290000,306000,8564030000,112182574,14.61
22/05/2019,-60800,-1718980000,27.8(-1.42 %),19150,541380000,79950,2260360000,112177344,14.61
23/05/2019,-27340,-758400000,28.1(1.08 %),54060,1510870000,81400,2269270000,112265134,14.59
24/05/2019,-42120,-1181960000,28.2(0.36 %),6230,175080000,48350,1357040000,112364904,14.56
27/05/2019,16080,455900000,28.1(-0.35 %),31900,906770000,15820,450870000,112412954,14.54
28/05/2019,2600,79220000,27.6(-1.78 %),31400,878890000,28800,799670000,112462954,14.53
29/05/2019,64320,1778490000,27.6(0.00 %),64320,1778490000,0,0,112446984,14.53
30/05/2019,-5430,-144852500,26.95(-2.36 %),68790,1890110500,74220,2034963000,112287334,14.58
31/05/2019,159760,4319860000,27(0.19 %),162860,4403820000,3100,83960000,112259954,14.59
03/06/2019,-38880,-1011260000,25.6(-5.19 %),103040,2741560000,141920,3752820000,112156914,14.62
04/06/2019,-22710,-582180000,26(1.56 %),95270,2477620000,117980,3059800000,112135864,14.63
05/06/2019,-75030,-1956430000,25.7(-1.15 %),41910,1095810000,116940,3052240000,112097054,14.64
06/06/2019,144020,3776242500,26.1(1.56 %),177450,4647721500,33430,871479000,112110634,14.64
07/06/2019,-79940,-2116140000,26.75(2.49 %),62890,1669170000,142830,3785310000,112116614,14.63
10/06/2019,127580,3478780000,27.5(2.80 %),405290,11032500000,277710,7553720000,112105774,14.64
11/06/2019,106060,2924480000,27.5(0.00 %),115520,3185860000,9460,261380000,112023684,14.66
12/06/2019,45390,1242270000,27(-1.82 %),48390,1323270000,3000,81000000,112118124,14.63
13/06/2019,111110,3019610000,27.25(0.93 %),134110,3642610000,23000,623000000,111984214,14.67
14/06/2019,33650,926260000,27(-0.92 %),37330,1026760000,3680,100500000,111956344,14.68
17/06/2019,66720,1815570000,27.3(1.11 %),67720,1842770000,1000,27200000,111891624,14.7
18/06/2019,86700,2364601000,27.4(0.37 %),94700,2582401000,8000,217800000,111680114,14.77
19/06/2019,-34760,-1002400000,28.75(4.93 %),25000,700610000,59760,1703010000,111798594,14.73
20/06/2019,52500,1514164500,29(0.87 %),60600,1747261500,8100,233097000,111662374,14.77
21/06/2019,19200,563173500,28.95(-0.17 %),38700,1128973500,19500,565800000,111643174,14.78
24/06/2019,83620,2433590000,29.7(2.59 %),100770,2928630000,17150,495040000,111667284,14.77
25/06/2019,60050,1786343000,29.35(-1.18 %),62050,1845843000,2000,59500000,111499504,14.82
26/06/2019,85770,2554740000,29.6(0.85 %),105770,3145460000,20000,590720000,111527064,14.81
27/06/2019,131760,3918370000,28.55(-3.55 %),164260,4884870000,32500,966500000,111379954,14.86
28/06/2019,72000,2074007500,28.85(1.05 %),80500,2316932500,8500,242925000,111209974,14.91
01/07/2019,39120,1142400000,29.3(1.56 %),68580,2003500000,29460,861100000,111321454,14.88
02/07/2019,193500,5753823000,30.3(3.41 %),208700,6205332500,15200,451509500,111127954,14.94
03/07/2019,24430,738170000,30.35(0.17 %),58160,1758400000,33730,1020230000,111027014,14.97
04/07/2019,146160,4519407000,31(2.14 %),186690,5773442000,40530,1254035000,110957364,14.99
05/07/2019,17390,541491000,31(0.00 %),49400,1533802000,32010,992311000,110939974,14.99
08/07/2019,49870,1560962000,31.35(1.13 %),70070,2195802000,20200,634840000,110890104,15.01
09/07/2019,-24710,-770157000,31.3(-0.16 %),24330,759720500,49040,1529877500,110914814,15.0
10/07/2019,70620,2221670000,31.5(0.64 %),83320,2623280000,12700,401610000,110764134,15.05
11/07/2019,28870,910121000,31.1(-1.27 %),45170,1422071000,16300,511950000,110815324,15.03
12/07/2019,-23970,-731330000,30.8(-0.96 %),45310,1408540000,69280,2139870000,110742894,15.05
15/07/2019,52300,1632603500,31.25(1.46 %),52300,1632603500,0,0,110786994,15.04
16/07/2019,163100,5130602500,29.1(-6.88 %),200220,6292042000,37120,1161439500,110623894,15.09
17/07/2019,-289330,-7929821000,27.2(-6.53 %),167020,4650333500,456350,12580154500,110913224,15.0
18/07/2019,-5800,-158906000,27.4(0.74 %),13720,375421000,19520,534327000,110919024,15.0
19/07/2019,396760,11114370000,28.5(4.01 %),721430,20019670000,324670,8905300000,109723604,15.37
22/07/2019,91430,2551268500,27.5(-3.51 %),91530,2554053500,100,2785000,110430834,15.15
23/07/2019,-54930,-1492707500,27.2(-1.09 %),49200,1355982500,104130,2848690000,110485764,15.13
24/07/2019,47960,1316573500,27.25(0.18 %),53960,1480573500,6000,164000000,110437804,15.15
25/07/2019,121520,3356083500,27.55(1.10 %),126550,3494483500,5030,138400000,110316284,15.19
26/07/2019,289060,7982384500,27.45(-0.36 %),291060,8037484500,2000,55100000,110027224,15.27
29/07/2019,-4640,-117640000,26.5(-3.46 %),22910,622650000,27550,740290000,109999164,15.28
30/07/2019,26430,680840000,25.1(-5.28 %),42630,1100870000,16200,420030000,109961564,15.29
31/07/2019,-13980,-349598000,25.2(0.40 %),13020,330652000,27000,680250000,110019414,15.28
01/08/2019,32720,814130000,24.3(-3.57 %),65560,1642580000,32840,828450000,109912534,15.31
02/08/2019,15510,395480000,25.15(3.50 %),49660,1236010000,34150,840530000,109879074,15.32
05/08/2019,115210,2928278500,25.3(0.60 %),117760,2993253500,2550,64975000,109847374,15.33
06/08/2019,68710,1714578000,24.8(-1.98 %),74620,1861742500,5910,147164500,109778664,15.35
07/08/2019,-59280,-1447150000,24.45(-1.41 %),78460,1946250000,137740,3393400000,109702224,15.37
08/08/2019,-5550,-125150000,24.8(1.43 %),58250,1424670000,63800,1549820000,109646524,15.39
09/08/2019,105820,2656523500,25.35(2.22 %),139820,3515151000,34000,858627500,109737674,15.36
12/08/2019,20000,505900000,25.2(-0.59 %),31000,785200000,11000,279300000,109717674,15.37
13/08/2019,37090,954940000,25.3(0.40 %),52330,1338720000,15240,383780000,109630824,15.4
14/08/2019,-260,-670000,24.9(-1.58 %),12240,310650000,12500,311320000,109652584,15.39
15/08/2019,2630,64900000,24.6(-1.20 %),12230,301310000,9600,236410000,109651354,15.39
16/08/2019,-2340,-51271000,25.1(2.03 %),28290,705341000,30630,756612000,109680554,15.38
19/08/2019,37840,976692500,25.45(1.39 %),99920,2534614500,62080,1557922000,109642714,15.39
20/08/2019,7320,194864500,26.8(5.30 %),16350,433292500,9030,238428000,109635394,15.39
21/08/2019,76470,2053097500,26.8(0.00 %),82350,2209211500,5880,156114000,109558924,15.42
22/08/2019,960,27270000,26.7(-0.37 %),7020,188140000,6060,160870000,109547474,15.42
23/08/2019,13300,352360000,26.55(-0.56 %),19400,514040000,6100,161680000,109537104,15.42
26/08/2019,-77130,-2013860000,26(-2.07 %),4270,111300000,81400,2125160000,109538714,15.42
27/08/2019,11950,311154000,25.65(-1.35 %),11950,311154000,0,0,109609844,15.4
28/08/2019,88460,2282270000,25(-2.53 %),98660,2545430000,10200,263160000,109440264,15.45
29/08/2019,4850,123580000,24.9(-0.40 %),23350,583680000,18500,460100000,109498314,15.44
30/08/2019,-112800,-2788260000,25(0.40 %),77500,1942050000,190300,4730310000,109420814,15.46
03/09/2019,15910,405561000,25.2(0.80 %),32410,818661000,16500,413100000,109431014,15.46
04/09/2019,8550,217690000,25.4(0.79 %),149570,3764750000,141020,3547060000,109267534,15.51
05/09/2019,6750,171734500,25(-1.57 %),9750,247184500,3000,75450000,109415714,15.46
06/09/2019,18100,455730000,25(0.00 %),38100,953220000,20000,497490000,109426484,15.46
09/09/2019,57310,1450529500,25.35(1.40 %),78610,1987830500,21300,537301000,109340304,15.48
10/09/2019,19970,510992500,25(-1.38 %),66940,1700312500,46970,1189320000,109320334,15.49
11/09/2019,-13860,-344074500,25(0.00 %),4000,99560000,17860,443634500,109334194,15.49
12/09/2019,16000,400940000,25(0.00 %),16000,400940000,0,0,109446254,15.45
13/09/2019,37600,949720000,25.45(1.80 %),37700,952270000,100,2550000,109455524,15.45
16/09/2019,800,20360000,25.5(0.20 %),1500,38180000,700,17820000,109471884,15.44
17/09/2019,7350,187352500,25.15(-1.37 %),8350,212702500,1000,25350000,109272444,15.5
18/09/2019,-24200,-602960000,24.9(-0.99 %),15800,396630000,40000,999590000,109447834,15.45
19/09/2019,-13100,-323850000,24.6(-1.20 %),5800,143840000,18900,467690000,109442734,15.45
20/09/2019,-23190,-571935000,25(1.63 %),76200,1890853500,99390,2462788500,109332934,15.49
23/09/2019,65870,1648560000,25(0.00 %),65870,1648560000,0,0,109341664,15.48
24/09/2019,4400,109710000,24.8(-0.80 %),4500,112200000,100,2490000,109356064,15.48
25/09/2019,93780,2377022000,25.6(3.23 %),113780,2889022000,20000,512000000,109168884,15.54
26/09/2019,45890,1201030000,26.5(3.52 %),45900,1201290000,10,260000,109295774,15.5
27/09/2019,9670,272988500,26(-1.89 %),97800,2587614000,88130,2314625500,109113324,15.55
30/09/2019,6580,171484000,25.6(-1.54 %),26580,688484000,20000,517000000,109106744,15.56
01/10/2019,-25980,-653794500,26.3(2.73 %),36000,930633500,61980,1584428000,109191504,15.53
02/10/2019,-95940,-2502710000,25.9(-1.52 %),4340,113480000,100280,2616190000,109239294,15.52
03/10/2019,2320,62900000,26.2(1.16 %),9320,244080000,7000,181180000,109249974,15.51
04/10/2019,-2410,-63450000,26.1(-0.38 %),3390,89090000,5800,152540000,109308564,15.49
07/10/2019,-52300,-1345332000,26.05(-0.19 %),54900,1467853000,107200,2813185000,109339834,15.48
08/10/2019,30320,792790000,26.15(0.38 %),55320,1443760000,25000,650970000,109305624,15.49
09/10/2019,35860,933700000,26(-0.57 %),46860,1222450000,11000,288750000,109264564,15.51
10/10/2019,-105790,-2634440000,25(-3.85 %),63200,1646340000,168990,4280780000,109308564,15.49
11/10/2019,-4000,-99930000,25.05(0.20 %),13000,325210000,17000,425140000,109320564,15.49
14/10/2019,3950,101040000,25.1(0.20 %),34380,864270000,30430,763230000,109297184,15.5
15/10/2019,-4460,-109950500,25.1(0.00 %),5540,139051500,10000,249002000,109383954,15.47
16/10/2019,53320,1345240000,25.15(0.20 %),53320,1345240000,0,0,109424314,15.46
17/10/2019,64580,1644460500,25.5(1.39 %),64580,1644460500,0,0,109266054,15.51
18/10/2019,141140,3596396000,25.05(-1.76 %),146210,3726091000,5070,129695000,109124914,15.55
21/10/2019,128100,3252420000,25.25(0.80 %),132100,3352990000,4000,100570000,109121854,15.55
22/10/2019,26980,675453000,25.05(-0.79 %),30090,752892000,3110,77439000,108969834,15.6
23/10/2019,134290,3393210000,25.1(0.20 %),138130,3490362000,3840,97152000,108835544,15.64
24/10/2019,32940,832120000,25.2(0.40 %),35700,901430000,2760,69310000,108927004,15.61
25/10/2019,31600,798056500,25.15(-0.20 %),44900,1132771000,13300,334714500,108771004,15.66
28/10/2019,32650,825798000,25.2(0.20 %),36170,914352500,3520,88554500,108738354,15.67
29/10/2019,57980,1465170000,25.3(0.40 %),59490,1503450000,1510,38280000,108796154,15.65
30/10/2019,112970,2895850000,26.1(3.16 %),224110,5764030000,111140,2868180000,108585344,15.72
31/10/2019,44700,1173310000,25.8(-1.15 %),61200,1600070000,16500,426760000,108527664,15.73
01/11/2019,177760,4662663000,26.2(1.55 %),196150,5143711500,18390,481048500,108529174,15.73
04/11/2019,7660,199190000,25.8(-1.53 %),10650,277370000,2990,78180000,108433514,15.76
05/11/2019,52990,1382276000,26(0.78 %),80740,2106551000,27750,724275000,108468524,15.75
06/11/2019,-85670,-2206480000,25.65(-1.35 %),23080,599330000,108750,2805810000,108364584,15.78
07/11/2019,32690,847260000,25.9(0.97 %),122560,3179970000,89870,2332710000,108245014,15.82
08/11/2019,107140,2791559000,26(0.39 %),119800,3121852000,12660,330293000,108414364,15.77
11/11/2019,43340,1128882000,25.85(-0.58 %),43340,1128882000,0,0,108371024,15.78
12/11/2019,53790,1395751500,26(0.58 %),78790,2043010500,25000,647259000,108317234,15.8
13/11/2019,38940,1020630000,26.1(0.38 %),38940,1020630000,0,0,108203174,15.83
14/11/2019,53570,1412490000,26.15(0.19 %),58980,1555570000,5410,143080000,108144194,15.85
15/11/2019,57900,1520340000,26.25(0.38 %),59900,1572740000,2000,52400000,108109294,15.86
18/11/2019,33610,904309000,27.5(4.76 %),33620,904573500,10,264500,108133214,15.85
19/11/2019,-152720,-4142141500,27.05(-1.64 %),151010,4112132500,303730,8254274000,108285934,15.81
20/11/2019,17190,474542000,27.5(1.66 %),36190,996592000,19000,522050000,108268744,15.81
21/11/2019,140790,3906470000,28(1.82 %),227540,6323430000,86750,2416960000,107668354,16.0
22/11/2019,48780,1365190000,26.6(-5.00 %),62590,1743400000,13810,378210000,107909494,15.92
25/11/2019,45420,1225313500,27(1.50 %),51310,1383333500,5890,158020000,108033754,15.88
26/11/2019,32560,889529500,27.4(1.48 %),59700,1624024000,27140,734494500,108001194,15.89
27/11/2019,80150,2224963500,27.75(1.28 %),80150,2224963500,0,0,107921044,15.92
28/11/2019,145330,4056323000,28.3(1.98 %),163450,4559844000,18120,503521000,107775714,15.96
29/11/2019,55420,1587130000,27.8(-1.77 %),164500,4698910000,109080,3111780000,107542974,16.04
02/12/2019,55810,1565040000,28.1(1.08 %),64380,1805900000,8570,240860000,107478594,16.05
03/12/2019,-29400,-798336000,27.3(-2.85 %),60240,1682224000,89640,2480560000,107572374,16.03
04/12/2019,22680,620447500,27.35(0.18 %),23180,634190000,500,13742500,107549694,16.03
05/12/2019,83190,2288561000,27.65(1.10 %),118180,3251842000,34990,963281000,107466504,16.06
06/12/2019,1070,24323000,28.4(2.71 %),47110,1340964000,46040,1316641000,107465434,16.06
09/12/2019,69320,1992777500,28.65(0.88 %),146670,4209242000,77350,2216464500,107396114,16.08
10/12/2019,134150,3864490000,28.95(1.05 %),299550,8639660000,165400,4775170000,107044564,16.19
11/12/2019,35310,1037920000,28.4(-1.90 %),184440,5325871000,149130,4287951000,107226654,16.13
12/12/2019,27560,797387000,29(2.11 %),104630,3027263500,77070,2229876500,107199094,16.14
13/12/2019,-78780,-2305550000,29.3(1.03 %),102090,2972170000,180870,5277720000,106942194,16.22
16/12/2019,37120,1090739500,29.45(0.51 %),115750,3395512500,78630,2304773000,107240754,16.13
17/12/2019,-33910,-955829500,28.5(-3.23 %),45740,1332714500,79650,2288544000,107274664,16.12
18/12/2019,23340,672660000,28.2(-1.05 %),101150,2888710000,77810,2216050000,107086624,16.18
19/12/2019,-1330,-32114500,28.5(1.06 %),140250,3973631000,141580,4005745500,107252654,16.12
20/12/2019,16670,460960000,27.2(-4.56 %),39570,1087940000,22900,626980000,107065084,16.18
23/12/2019,15220,425783500,26.8(-1.47 %),110140,3024850500,94920,2599067000,107220764,16.13
24/12/2019,53380,1439010500,26.8(0.00 %),125400,3371451500,72020,1932441000,107167384,16.15
25/12/2019,70580,1915268500,27.3(1.87 %),142070,3839011500,71490,1923743000,107096804,16.17
26/12/2019,-28320,-761004500,26.9(-1.47 %),126880,3421582000,155200,4182586500,107125124,16.16
27/12/2019,147270,4029528500,27.3(1.49 %),164270,4489474500,17000,459946000,106977854,16.21
30/12/2019,53380,1439010500,27(-1.10 %),125400,3371451500,72020,1932441000,106924474,16.22
31/12/2019,-100,-2700000,26.9(-0.37 %),0,0,100,2700000,106932714,16.22
02/01/2020,6830,184100000,26.85(-0.19 %),6830,184100000,0,0,106942884,16.22
03/01/2020,-25310,-654470000,25.55(-4.84 %),5620,150850000,30930,805320000,107008864,16.2
06/01/2020,52270,1349002000,25.7(0.59 %),52270,1349002000,0,0,106922754,16.23
07/01/2020,10520,299960000,25.6(-0.39 %),93930,2436850000,83410,2136890000,106862764,16.24
08/01/2020,66130,1688840000,25.15(-1.76 %),78130,1994280000,12000,305440000,106815564,16.26
09/01/2020,6300,162050000,25.5(1.39 %),36750,938150000,30450,776100000,106778814,16.27
10/01/2020,8230,219280000,25.55(0.20 %),52720,1357610000,44490,1138330000,106809504,16.26
13/01/2020,1830,48240000,25.1(-1.76 %),7600,194190000,5770,145950000,106813904,16.26
14/01/2020,12000,301760000,25.25(0.60 %),27390,691260000,15390,389500000,106816964,16.26
15/01/2020,67240,1737580000,25.8(2.18 %),67940,1755570000,700,17990000,106793514,16.26
16/01/2020,16330,425910000,25.9(0.39 %),50240,1304980000,33910,879070000,106749044,16.28
17/01/2020,12790,330820000,25.9(0.00 %),35030,905830000,22240,575010000,106729404,16.28
20/01/2020,23940,619110000,26.45(2.12 %),29960,777210000,6020,158100000,106700144,16.29
21/01/2020,12270,319670000,26.25(-0.76 %),19920,522130000,7650,202460000,106714134,16.29
22/01/2020,53360,1420610000,26.35(0.38 %),53560,1425910000,200,5300000,106682814,16.3
30/01/2020,61500,1638191000,26.45(0.38 %),108620,2873034500,47120,1234843500,106599274,16.32
31/01/2020,-8140,-208810000,25.6(-3.21 %),82860,2146210000,91000,2355020000,106505004,16.35
03/02/2020,32150,787270500,24.9(-2.73 %),46470,1131375000,14320,344104500,106505204,16.35
04/02/2020,6520,177660000,25.3(1.61 %),76000,1919690000,69480,1742030000,106429854,16.38
05/02/2020,56620,1462339500,25.7(1.58 %),138020,3540604500,81400,2078265000,106442064,16.37
06/02/2020,135440,3564170000,26.8(4.28 %),205440,5422070000,70000,1857900000,106191714,16.45
07/02/2020,58200,1565962000,26.95(0.56 %),106300,2851900500,48100,1285938500,106248424,16.43
10/02/2020,-4460,-122217500,26.75(-0.74 %),21040,563182500,25500,685400000,106252884,16.43
11/02/2020,-9460,-249070000,26.3(-1.68 %),11230,300270000,20690,549340000,106274024,16.42
12/02/2020,-5830,-152230000,26.6(1.14 %),35750,942150000,41580,1094380000,106286374,16.42
13/02/2020,40000,1074913500,28(5.26 %),57000,1530992000,17000,456078500,106228174,16.44
14/02/2020,-81570,-2266150000,27.95(-0.18 %),17810,497750000,99380,2763900000,106257754,16.43
17/02/2020,-41630,-1165700000,28.8(3.04 %),29410,836790000,71040,2002490000,106269924,16.43
18/02/2020,-89500,-2552970000,28.4(-1.39 %),21980,629890000,111480,3182860000,106264944,16.43
19/02/2020,-40950,-1177130000,28.5(0.35 %),29010,829980000,69960,2007110000,106335314,16.41
20/02/2020,9190,260150000,28.9(1.40 %),130220,3665760000,121030,3405610000,106276134,16.42
21/02/2020,9570,277815000,28(-3.11 %),55940,1597713500,46370,1319898500,106463064,16.37
24/02/2020,70830,1938290000,27.4(-2.14 %),84840,2321640000,14010,383350000,106316799,16.41
25/02/2020,41300,1139660000,27.9(1.82 %),68080,1879540000,26780,739880000,106369749,16.39
26/02/2020,56460,1569281500,28(0.36 %),89600,2490401000,33140,921119500,106294474,16.42
27/02/2020,-22010,-609680500,28.05(0.18 %),81390,2277493500,103400,2887174000,106316484,16.41
28/02/2020,-82980,-2239670000,27.55(-1.78 %),42640,1179420000,125620,3419090000,106243279,16.43
02/03/2020,-640,-11000000,27.45(-0.36 %),35830,985420000,36470,996420000,106240589,16.43
03/03/2020,-73300,-1988110000,27(-1.64 %),4690,128010000,77990,2116120000,106339299,16.4
04/03/2020,-25150,-678540000,27(0.00 %),25350,684470000,50500,1363010000,106439569,16.37
05/03/2020,14800,407450000,27(0.00 %),27200,743060000,12400,335610000,106448839,16.37
06/03/2020,11050,295800000,26.8(-0.74 %),21600,578640000,10550,282840000,106505229,16.35
09/03/2020,16360,406884500,24.95(-6.90 %),22810,571873500,6450,164989000,106296829,16.42
10/03/2020,2630,75300000,25(0.20 %),21430,537190000,18800,461890000,106523883,16.35
11/03/2020,-78460,-1866850000,24.1(-3.60 %),70290,1758840000,148750,3625690000,106464143,16.37
12/03/2020,-13990,-318272500,22.75(-5.60 %),24860,565565000,38850,883837500,106386649,16.39
13/03/2020,-23560,-563900000,22.8(0.22 %),52450,1122210000,76010,1686110000,106412083,16.38
16/03/2020,19450,441410000,22.9(0.44 %),39390,896800000,19940,455390000,106521443,16.35
17/03/2020,4860,111460000,23.4(2.18 %),11430,259190000,6570,147730000,106548863,16.34
18/03/2020,66870,1579206500,23.5(0.43 %),81000,1912530000,14130,333323500,106319029,16.41
19/03/2020,66870,1579206500,22.9(-2.55 %),81000,1912530000,14130,333323500,106252159,16.43
20/03/2020,-44330,-998530000,22(-3.93 %),1200,27320000,45530,1025850000,106546839,16.34
23/03/2020,-56400,-1166570000,20.5(-6.82 %),7970,174260000,64370,1340830000,106552999,16.34
24/03/2020,-18570,-382600000,20.7(0.98 %),12900,265950000,31470,648550000,106549799,16.34
25/03/2020,-47440,-1005828000,21.7(4.83 %),15390,331921500,62830,1337749500,106418899,16.38
26/03/2020,73030,1590320000,21.4(-1.38 %),73030,1590320000,0,0,106571279,16.33
27/03/2020,80120,1742540000,21.3(-0.47 %),94120,2041640000,14000,299100000,106508629,16.35
30/03/2020,120380,2531880000,21(-1.41 %),128850,2709680000,8470,177800000,106442609,16.37
31/03/2020,52670,1119950000,21.1(0.48 %),177220,3764820000,124550,2644870000,106265389,16.43
01/04/2020,22170,474070000,21.5(1.90 %),50860,1095040000,28690,620970000,106228529,16.44
03/04/2020,-124230,-2716846500,22.2(3.26 %),85760,1868462500,209990,4585309000,106403619,16.38
06/04/2020,91770,2110914500,23.6(6.31 %),99780,2299950500,8010,189036000,106311849,16.41
07/04/2020,87140,2143644000,24.6(4.24 %),98810,2430726000,11670,287082000,106224709,16.44
08/04/2020,103380,2529807000,24.4(-0.81 %),128730,3150181000,25350,620374000,106121329,16.47
09/04/2020,-13250,-321950000,24.15(-1.02 %),16520,402090000,29770,724040000,106178639,16.45
10/04/2020,46850,1142431000,24.35(0.83 %),65530,1598803000,18680,456372000,106087729,16.48
13/04/2020,22250,558220000,24.65(1.23 %),27760,695850000,5510,137630000,106122369,16.47
14/04/2020,13560,345430000,24.55(-0.41 %),52230,1293640000,38670,948210000,106099909,16.48
15/04/2020,12020,302850000,24.95(1.63 %),35420,884280000,23400,581430000,106083169,16.48
16/04/2020,38250,943460000,24.5(-1.80 %),46260,1139710000,8010,196250000,106042419,16.5
17/04/2020,-6520,-150230000,23.8(-2.86 %),14690,354600000,21210,504830000,106066399,16.49
20/04/2020,12070,288175500,23.9(0.42 %),25180,602034500,13110,313859000,105996099,16.51
21/04/2020,28790,695101000,23.5(-1.67 %),60530,1454754500,31740,759653500,105967309,16.52
22/04/2020,-15920,-377559500,23.5(0.00 %),19950,464741000,35870,842300500,105983229,16.51
23/04/2020,68120,1636779000,23.8(1.28 %),92600,2221262000,24480,584483000,105915109,16.53
24/04/2020,73610,1754390000,25.45(6.93 %),97120,2338320000,23510,583930000,105868494,16.55
27/04/2020,29310,755180000,25.6(0.59 %),53450,1376450000,24140,621270000,105850914,16.55
28/04/2020,-1090,-25840000,25.15(-1.76 %),12880,325580000,13970,351420000,105862514,16.55
29/04/2020,-17590,-437790000,24.9(-0.99 %),1640,41040000,19230,478830000,105884384,16.54
04/05/2020,-20580,-506784000,24.35(-2.21 %),7500,183761500,28080,690545500,105908524,16.54
05/05/2020,-19120,-468610000,24.5(0.62 %),1990,48460000,21110,517070000,105913004,16.53
06/05/2020,-48470,-1198110000,24.8(1.22 %),870,21530000,49340,1219640000,105931364,16.53
07/05/2020,-62150,-1548090000,24.85(0.20 %),14360,357470000,76510,1905560000,105945084,16.52
08/05/2020,-89250,-2210799500,24.7(-0.60 %),15240,376633500,104490,2587433000,106127514,16.47
11/05/2020,-51540,-1275010000,24.7(0.00 %),25860,642100000,77400,1917110000,105974434,16.52
12/05/2020,8430,215760000,25.3(2.43 %),40450,1024100000,32020,808340000,106010494,16.5
13/05/2020,19250,486790500,25.25(-0.20 %),27260,689043000,8010,202252500,106151374,16.46
14/05/2020,-5520,-133799500,24.7(-2.18 %),16830,422573500,22350,556373000,106156894,16.46
15/05/2020,-8000,-192877500,24.15(-2.23 %),8400,204984500,16400,397862000,106164894,16.46
18/05/2020,-6060,-142425500,24.25(0.41 %),15650,377901000,21710,520326500,106170954,16.46
19/05/2020,25020,616430500,24.45(0.82 %),44630,1095451000,19610,479020500,106145934,16.46
20/05/2020,2510,63178000,24.2(-1.02 %),17860,435593000,15350,372415000,106143424,16.46
21/05/2020,-31080,-750615500,24.35(0.62 %),80230,1950381500,111310,2700997000,106174504,16.45
22/05/2020,3010,82350500,24.05(-1.23 %),45110,1097863500,42100,1015513000,106171494,16.46
25/05/2020,70,6995500,24.5(1.87 %),31630,770100000,31560,763104500,106171424,16.46
26/05/2020,-21690,-536870000,25(2.04 %),18320,453980000,40010,990850000,106133224,16.47
27/05/2020,-48470,-1196550000,24.3(-2.80 %),15290,381690000,63760,1578240000,106160034,16.46
28/05/2020,-10170,-245063500,24.35(0.21 %),26380,648564000,36550,893627500,106251754,16.43
29/05/2020,-89580,-2159349000,24.1(-1.03 %),12520,302750500,102100,2462099500,106341334,16.4
01/06/2020,21080,514900000,24.5(1.66 %),33440,817660000,12360,302760000,106223024,16.44
02/06/2020,-178080,-4338051000,24.2(-1.22 %),73460,1793382500,251540,6131433500,106434544,16.37
03/06/2020,-4850,-118881000,24.4(0.83 %),7160,174163000,12010,293044000,106439394,16.37
04/06/2020,-22660,-557110000,24.5(0.41 %),4000,98170000,26660,655280000,106289414,16.42
05/06/2020,44480,1120320000,25.85(5.51 %),59680,1508910000,15200,388590000,106481274,16.36
08/06/2020,4830,126870000,25.75(-0.39 %),23300,603370000,18470,476500000,106469984,16.36
09/06/2020,88460,2277820000,25.7(-0.19 %),94050,2421660000,5590,143840000,106402594,16.38
10/06/2020,16630,427710000,25.3(-1.56 %),41420,1055301000,24790,627591000,106440594,16.37
11/06/2020,18240,459900000,24.3(-3.95 %),31380,789080000,13140,329180000,106363464,16.4
12/06/2020,-12520,-299823500,23.95(-1.44 %),4270,102003000,16790,401826500,106434874,16.37
15/06/2020,-14920,-357323500,23.6(-1.46 %),3870,92750000,18790,450073500,106449794,16.37
16/06/2020,-4720,-113537500,24.15(2.33 %),12780,307882500,17500,421420000,106454514,16.37
17/06/2020,-470,-9180000,24(-0.62 %),19530,471820000,20000,481000000,106383324,16.39
18/06/2020,11600,280770000,24.3(1.25 %),11600,280770000,0,0,106390514,16.39
19/06/2020,6230,151990000,24.4(0.41 %),7430,181150000,1200,29160000,106400584,16.39
22/06/2020,-7160,-176021000,24.7(1.23 %),7010,171174500,14170,347195500,106444314,16.37
23/06/2020,-5870,-148950000,25(1.21 %),5700,142870000,11570,291820000,106407874,16.38
24/06/2020,-31000,-761280000,24.7(-1.20 %),0,0,31000,761280000,106411174,16.38
25/06/2020,5370,132740000,24.6(-0.40 %),7100,175370000,1730,42630000,106418244,16.38
26/06/2020,-6830,-168034500,24.4(-0.81 %),7400,182200000,14230,350234500,106482644,16.36
29/06/2020,-6830,-168034500,23.85(-2.25 %),7400,182200000,14230,350234500,106489474,16.36
30/06/2020,21200,509380000,24.05(0.84 %),42200,1011080000,21000,501700000,106410644,16.38
01/07/2020,-1360,-28080000,24.1(0.21 %),18640,450290000,20000,478370000,106406234,16.38
02/07/2020,-18860,-453238500,24.15(0.21 %),920,22160500,19780,475399000,106443734,16.37
03/07/2020,4550,111400000,24.25(0.41 %),12340,300800000,7790,189400000,106421929,16.38
06/07/2020,-79910,-1921810000,24.15(-0.41 %),51870,1266240000,131780,3188050000,106390059,16.39
07/07/2020,24750,610940000,24.7(2.28 %),28520,704220000,3770,93280000,106381319,16.39
08/07/2020,6650,164080500,24.5(-0.81 %),10390,255710500,3740,91630000,106487694,16.36
09/07/2020,16170,399296000,24.65(0.61 %),26260,645430000,10090,246134000,106471524,16.36
10/07/2020,37510,924887000,24.6(-0.20 %),37690,929320000,180,4433000,106434014,16.38
13/07/2020,2470,60590000,24.6(0.00 %),2600,63790000,130,3200000,106451459,16.37
14/07/2020,-1650,-42176000,25.1(2.03 %),2350,57824000,4000,100000000,106433194,16.38
15/07/2020,98860,2459318000,24.9(-0.80 %),106210,2641971500,7350,182653500,106334334,16.41
16/07/2020,20460,510010000,24.85(-0.20 %),21550,537080000,1090,27070000,106331749,16.41
17/07/2020,56740,1402740000,24.85(0.00 %),58750,1452360000,2010,49620000,106276999,16.42
20/07/2020,31760,784293000,24.65(-0.80 %),32570,804192000,810,19899000,106225374,16.44
21/07/2020,28130,694457500,24.65(0.00 %),40300,993584000,12170,299126500,106197244,16.45
22/07/2020,-3180,-75150000,24.5(-0.61 %),31050,764160000,34230,839310000,106183529,16.45
23/07/2020,21480,522970000,24.4(-0.41 %),26950,656210000,5470,133240000,106157389,16.46
24/07/2020,67930,1630980000,23.95(-1.84 %),77080,1850750000,9150,219770000,106092479,16.48
27/07/2020,6100,141290000,23.2(-3.13 %),11690,270610000,5590,129320000,106115019,16.47
28/07/2020,7700,176104500,23.6(1.72 %),9200,211354500,1500,35250000,106097214,16.48
29/07/2020,-5900,-134730000,23(-2.54 %),270,6160000,6170,140890000,106120169,16.47
30/07/2020,6190,142970000,23.1(0.43 %),9050,209560000,2860,66590000,106116709,16.47
31/07/2020,21210,489470000,23(-0.43 %),44490,1024200000,23280,534730000,106073719,16.49
03/08/2020,-10080,-230461000,23.2(0.87 %),14240,330350500,24320,560811500,106079889,16.48
04/08/2020,-75570,-1754160000,23.1(-0.43 %),4600,106550000,80170,1860710000,106063909,16.49
05/08/2020,-12860,-299350000,23.5(1.73 %),150,3480000,13010,302830000,106087039,16.48
06/08/2020,-14190,-330560000,23.5(0.00 %),3800,88640000,17990,419200000,106107559,16.48
07/08/2020,-98120,-2282450000,23.2(-1.28 %),16290,379330000,114410,2661780000,106171439,16.46
10/08/2020,-65280,-1515840000,23.2(0.00 %),10370,240610000,75650,1756450000,106174079,16.45
11/08/2020,-50400,-1167618500,23.1(-0.43 %),20300,470583000,70700,1638201500,106396309,16.39
12/08/2020,-181710,-4186873000,23.15(0.22 %),9040,208884000,190750,4395757000,106578019,16.33
13/08/2020,-82250,-1901144000,23.25(0.43 %),17080,395892500,99330,2297036500,106660269,16.31
14/08/2020,-32410,-753747500,23.15(-0.43 %),20990,489152500,53400,1242900000,106692679,16.3
17/08/2020,-39910,-923210000,23.2(0.22 %),5320,123160000,45230,1046370000,106570849,16.33
18/08/2020,-89050,-2073413000,23.4(0.86 %),1080,25102000,90130,2098515000,106821639,16.26
19/08/2020,-56520,-1315740000,23.4(0.00 %),3200,74560000,59720,1390300000,106719299,16.29
20/08/2020,-49780,-1151100000,23.2(-0.85 %),21400,499710000,71180,1650810000,106743129,16.28
21/08/2020,8720,204750000,23.45(1.08 %),8720,204750000,0,0,106824539,16.26
24/08/2020,-95630,-2245500000,24.05(2.56 %),17210,409560000,112840,2655060000,106867049,16.24
25/08/2020,-33370,-800327500,24.05(0.00 %),15310,368971000,48680,1169298500,107048219,16.19
26/08/2020,-7190,-172403500,23.95(-0.42 %),510,12090000,7700,184493500,107055409,16.18
27/08/2020,12080,289925500,23.75(-0.84 %),12310,295461000,230,5535500,107043329,16.19
28/08/2020,7470,179014000,23.8(0.21 %),7470,179014000,0,0,107035859,16.19
31/08/2020,-59550,-1403523000,23.5(-1.26 %),3810,90641000,63360,1494164000,107095409,16.17
01/09/2020,31080,746670000,23.65(0.64 %),71080,1678670000,40000,932000000,106997189,16.2
03/09/2020,-27410,-645170000,23.7(0.21 %),31610,747910000,59020,1393080000,106965579,16.21
04/09/2020,-117490,-2760752000,23.5(-0.84 %),11210,263580500,128700,3024332500,107213169,16.14
07/09/2020,40150,943960000,23.5(0.00 %),51860,1219500000,11710,275540000,107005869,16.2
08/09/2020,-14900,-348172500,23.8(1.28 %),64620,1528350000,79520,1876522500,107187919,16.14
09/09/2020,20240,484250000,24.4(2.52 %),120240,2881370000,100000,2397120000,107008889,16.2
10/09/2020,-108470,-2657250000,24.45(0.20 %),21510,527770000,129980,3185020000,106999089,16.2
11/09/2020,-36850,-889030000,24.3(-0.61 %),9150,222590000,46000,1111620000,107069619,16.18
14/09/2020,-890,-17134000,24.4(0.41 %),22860,555391000,23750,572525000,107313889,16.11
15/09/2020,23290,568680000,24.35(-0.20 %),23290,568680000,0,0,107253449,16.12
16/09/2020,-8990,-218140000,24.25(-0.41 %),9640,233980000,18630,452120000,107289809,16.11
17/09/2020,-49260,-1181342500,23.95(-1.24 %),13140,317521000,62400,1498863500,107348849,16.09
18/09/2020,16080,385284000,23.95(0.00 %),28080,672704000,12000,287420000,107332769,16.1
21/09/2020,12630,305600000,24.1(0.63 %),13630,329570000,1000,23970000,107277339,16.12
22/09/2020,6440,154433500,23.9(-0.83 %),6440,154433500,0,0,107313699,16.11
23/09/2020,1100,26220000,23.9(0.00 %),1100,26220000,0,0,107344999,16.1
24/09/2020,-256740,-6078910000,23.6(-1.26 %),10000,237310000,266740,6316220000,107336479,16.1
25/09/2020,-1850,-43170000,23.8(0.85 %),5150,122130000,7000,165300000,107331329,16.1
28/09/2020,-18880,-449080000,23.85(0.21 %),9420,224950000,28300,674030000,107321909,16.1
29/09/2020,-89560,-2130490000,23.75(-0.42 %),14210,338950000,103770,2469440000,107574439,16.03
30/09/2020,-3730,-88080000,23.7(-0.21 %),3330,78960000,7060,167040000,107578109,16.02
01/10/2020,-197360,-4670503500,23.6(-0.42 %),200,4730000,197560,4675233500,107606409,16.02
02/10/2020,-349370,-8230041500,23.6(0.00 %),3890,91912500,353260,8321954000,107955779,15.91
05/10/2020,-39530,-932820000,23.6(0.00 %),21380,505010000,60910,1437830000,107691769,15.99
06/10/2020,35390,839918500,23.85(1.06 %),57680,1366801000,22290,526882500,107959919,15.91
07/10/2020,6640,158597000,24.15(1.26 %),11640,279830000,5000,121233000,107953279,15.91
08/10/2020,-28240,-676300000,24(-0.62 %),22880,551270000,51120,1227570000,108211299,15.83
09/10/2020,-23470,-561615000,24(0.00 %),19010,458752000,42480,1020367000,108004989,15.89
12/10/2020,-4330,-102627500,23.65(-1.46 %),12810,305212000,17140,407839500,108009319,15.89
13/10/2020,-3740,-86645500,23.75(0.42 %),18400,436114500,22140,522760000,108013059,15.89
14/10/2020,-80680,-1902640000,23.55(-0.84 %),4820,113770000,85500,2016410000,108277149,15.81
15/10/2020,-160390,-3760120000,23.4(-0.64 %),45360,1070010000,205750,4830130000,108248929,15.82
16/10/2020,8670,202586500,23.45(0.21 %),25110,589070000,16440,386483500,108245459,15.82
19/10/2020,31700,747520000,23.5(0.21 %),46660,1099490000,14960,351970000,108284799,15.81
20/10/2020,-60890,-1426930000,23.5(0.00 %),3010,70710000,63900,1497640000,108487539,15.75
21/10/2020,-209250,-4840260000,23.05(-1.91 %),6890,160590000,216140,5000850000,108497089,15.74
22/10/2020,-16420,-376950000,23.05(0.00 %),5400,124030000,21820,500980000,108506649,15.74
23/10/2020,-670,-15300000,23.15(0.43 %),5080,117820000,5750,133120000,108565469,15.72
26/10/2020,-610,-12778500,23.05(-0.43 %),33730,788412000,34340,801190500,108501599,15.74
27/10/2020,-21370,-490610000,22.9(-0.65 %),7910,182260000,29280,672870000,108761789,15.66
28/10/2020,-51800,-1169645500,22.5(-1.75 %),13280,302184000,65080,1471829500,108574769,15.72
29/10/2020,-107650,-2393650000,22.25(-1.11 %),970,21680000,108620,2415330000,108787309,15.65
30/10/2020,1130,27092000,22.6(1.57 %),28480,639210500,27350,612118500,108681289,15.69
02/11/2020,-5660,-127370000,22.7(0.44 %),5410,123350000,11070,250720000,108847779,15.64
03/11/2020,-25840,-584490000,22.65(-0.22 %),540,12231000,26380,596721000,108879029,15.63
04/11/2020,-10580,-240280000,22.65(0.00 %),12620,286500000,23200,526780000,108970589,15.6
05/11/2020,-41680,-938907000,22.5(-0.66 %),3280,74090500,44960,1012997500,108931289,15.61
06/11/2020,-36680,-825075500,22.45(-0.22 %),6960,156631500,43640,981707000,108967969,15.6
09/11/2020,-43200,-969610000,22.55(0.45 %),11040,248360000,54240,1217970000,109009959,15.59
10/11/2020,-271860,-6095324000,22.3(-1.11 %),13160,296050000,285020,6391374000,109283029,15.5
11/11/2020,-219710,-4895530000,22.25(-0.22 %),29510,661120000,249220,5556650000,109055889,15.57
12/11/2020,3710,84316000,22.7(2.02 %),8610,194442000,4900,110126000,109499029,15.44
13/11/2020,-164740,-3737910000,23(1.32 %),43100,987270000,207840,4725180000,109343439,15.48
16/11/2020,-1120,-25330000,22.9(-0.43 %),5930,136370000,7050,161700000,109586729,15.41
17/11/2020,-2400,-55100000,22.85(-0.22 %),4700,107490000,7100,162590000,109667289,15.38
18/11/2020,24880,568686000,23(0.66 %),31930,730741000,7050,162055000,109642409,15.39
19/11/2020,-2260,-52438000,23(0.00 %),9970,229902000,12230,282340000,109644669,15.39
20/11/2020,-7260,-167000000,23.1(0.43 %),11810,271720000,19070,438720000,109755209,15.36
23/11/2020,12500,289850000,23.15(0.22 %),13710,317870000,1210,28020000,109748549,15.36
24/11/2020,-47690,-1091007000,23.05(-0.43 %),14310,328793000,62000,1419800000,109687119,15.38
25/11/2020,-6270,-144440000,23.05(0.00 %),6240,144190000,12510,288630000,109759299,15.36
26/11/2020,8020,186351500,23.35(1.30 %),10920,253851500,2900,67500000,109751279,15.36
27/11/2020,8670,202390000,23.35(0.00 %),9280,216600000,610,14210000,109802309,15.34
30/11/2020,-7960,-184920000,23.9(2.36 %),6450,152270000,14410,337190000,109808369,15.34
01/12/2020,14820,352830000,24.25(1.46 %),15250,363140000,430,10310000,109796019,15.34
02/12/2020,40330,983980000,24.55(1.24 %),41180,1004630000,850,20650000,109755549,15.36
03/12/2020,-1860,-49031000,24(-2.24 %),32630,792572000,34490,841603000,109772799,15.35
04/12/2020,-25370,-604093000,23.85(-0.62 %),4790,114183000,30160,718276000,109798169,15.34
07/12/2020,-16320,-389210000,23.7(-0.63 %),3330,78820000,19650,468030000,109730489,15.36
08/12/2020,-41910,-1002873500,24.05(1.48 %),23080,548603000,64990,1551476500,109856399,15.33
09/12/2020,7770,185850000,24(-0.21 %),36490,875040000,28720,689190000,109735569,15.36
10/12/2020,-4630,-110391000,23.85(-0.62 %),930,22232000,5560,132623000,109853259,15.33
11/12/2020,-90,-2309000,24.3(1.89 %),280,6682000,370,8991000,109853349,15.33
14/12/2020,11860,287990000,24.4(0.41 %),21470,521730000,9610,233740000,109826249,15.34
15/12/2020,-91640,-2227400000,24.2(-0.82 %),12720,310380000,104360,2537780000,109819089,15.34
16/12/2020,-108210,-2618479000,24.2(0.00 %),7470,181191500,115680,2799670500,110041339,15.27
17/12/2020,-2920,-70560000,24.15(-0.21 %),80,1940000,3000,72500000,109821519,15.34
18/12/2020,32320,774603000,24(-0.62 %),35300,845871500,2980,71268500,110011939,15.28
21/12/2020,-22740,-544680000,24(0.00 %),13310,318650000,36050,863330000,109992949,15.28
22/12/2020,10600,263050000,24.85(3.54 %),27490,680840000,16890,417790000,109968459,15.29
23/12/2020,6770,168252500,24.6(-1.01 %),12510,310421500,5740,142169000,110017309,15.28
24/12/2020,-47940,-1153670000,23.9(-2.85 %),1380,33370000,49320,1187040000,109993589,15.28
25/12/2020,-23420,-561255500,24(0.42 %),7030,168464500,30450,729720000,110088669,15.25
28/12/2020,-42110,-1010385000,24.1(0.42 %),11800,284031500,53910,1294416500,110130779,15.24
29/12/2020,47980,1155195500,24.1(0.00 %),49280,1186496500,1300,31301000,110082799,15.26
30/12/2020,81860,1730579760,24.3(0.83 %),85200,1758222480,3340,27642720,110000939,15.28
31/12/2020,3670,89600500,24.45(0.62 %),7380,180081500,3710,90481000,109939013,15.3
04/01/2021,4700,115055000,24.5(0.20 %),11300,276475000,6600,161420000,109979213,15.29
05/01/2021,45900,1125385000,24.55(0.20 %),48500,1189100000,2600,63715000,109933313,15.3
06/01/2021,41900,1028975000,24.45(-0.41 %),44900,1102715000,3000,73740000,109891413,15.32
07/01/2021,-136500,-3368370000,24.7(1.02 %),64400,1582320000,200900,4950690000,110027913,15.27
08/01/2021,17800,488685000,25.6(3.64 %),91200,2320715000,73400,1832030000,110010113,15.28
11/01/2021,-140600,-3629575000,26.15(2.15 %),1700,44120000,142300,3673695000,110150713,15.24
12/01/2021,-215600,-5594285000,26.1(-0.19 %),2700,69870000,218300,5664155000,110366313,15.17
13/01/2021,-79300,-2064310000,25.4(-2.68 %),17600,459220000,96900,2523530000,110445613,15.15
14/01/2021,12800,325730000,25.7(1.18 %),29100,742750000,16300,417020000,110432813,15.15
15/01/2021,-26700,-690360000,25.15(-2.14 %),12300,309025000,39000,999385000,110459513,15.14
18/01/2021,-6000,-153770000,25.45(1.19 %),16800,419375000,22800,573145000,110465513,15.14
19/01/2021,-71300,-1863625000,25(-1.77 %),35500,891885000,106800,2755510000,110536813,15.12
20/01/2021,24300,628495000,25.85(3.40 %),59400,1510020000,35100,881525000,110512513,15.12
21/01/2021,-3100,-80960000,27.65(6.96 %),15700,431845000,18800,512805000,110515613,15.12
22/01/2021,-369700,-10403680000,27.7(0.18 %),13300,378745000,383000,10782425000,110885313,15.01
25/01/2021,-94800,-2659835000,28.1(1.44 %),7100,195370000,101900,2855205000,110980113,14.98
26/01/2021,-81900,-2244170000,28.15(0.18 %),4800,132195000,86700,2376365000,111062013,14.96
27/01/2021,-9000,-247835000,27.1(-3.73 %),16100,446570000,25100,694405000,111071013,14.95
28/01/2021,42200,1089915000,25.25(-6.83 %),52100,1348420000,9900,258505000,111028813,14.97
29/01/2021,6500,168010000,26.45(4.75 %),16600,426725000,10100,258715000,111022313,14.97
01/02/2021,2400,61825000,24.6(-6.99 %),17700,453580000,15300,391755000,111015873,14.97
02/02/2021,-182700,-4372275000,24.8(0.81 %),34100,819070000,216800,5191345000,111198573,14.91
03/02/2021,-13600,-338425000,25.8(4.03 %),31300,778480000,44900,1116905000,111212173,14.91
04/02/2021,-23300,-593605000,25.5(-1.16 %),1500,38300000,24800,631905000,111235473,14.9
05/02/2021,-4900,-124855000,25.6(0.39 %),2500,64170000,7400,189025000,111240373,14.9
08/02/2021,-59200,-1498425000,25.3(-1.17 %),10400,263655000,69600,1762080000,111299573,14.88
09/02/2021,23200,590140000,25.8(1.98 %),23900,607850000,700,17710000,111276373,14.89
17/02/2021,2600,66855000,26.4(2.33 %),8200,213020000,5600,146165000,111273773,14.89
18/02/2021,-3900,-104610000,26.2(-0.76 %),5600,147105000,9500,251715000,111277673,14.89
19/02/2021,-61300,-1627750000,26.45(0.95 %),14200,372580000,75500,2000330000,111338973,14.87
22/02/2021,7000,186215000,26.8(1.32 %),15000,398050000,8000,211835000,111331973,14.87
23/02/2021,102700,2866560000,27.9(4.10 %),133700,3715395000,31000,848835000,111229273,14.91
24/02/2021,-69400,-1938000000,27.9(0.00 %),0,0,69400,1938000000,111298673,14.88
25/02/2021,-40400,-1120250000,27.85(-0.18 %),25900,721190000,66300,1841440000,111339073,14.87
26/02/2021,-44000,-1203555000,27.7(-0.54 %),5700,155040000,49700,1358595000,111383073,14.86
01/03/2021,-80700,-2246670000,28.6(3.25 %),14100,394105000,94800,2640775000,111284853,14.89
02/03/2021,-183500,-5197160000,28.25(-1.22 %),77800,2187150000,261300,7384310000,111468353,14.83
03/03/2021,-150700,-4277410000,28.4(0.53 %),11000,311265000,161700,4588675000,111619053,14.79
04/03/2021,-70300,-1983035000,27.7(-2.46 %),8900,251020000,79200,2234055000,111689353,14.76
05/03/2021,2200,56635000,28.2(1.81 %),110700,3051190000,108500,2994555000,111687153,14.76
08/03/2021,-25700,-724735000,28.2(0.00 %),81400,2296975000,107100,3021710000,111712853,14.76
09/03/2021,-110400,-3068820000,27.95(-0.89 %),7800,217870000,118200,3286690000,111823253,14.72
10/03/2021,6000,170035000,27.9(-0.18 %),23300,649440000,17300,479405000,111817253,14.72
11/03/2021,-40700,-1132490000,27.75(-0.54 %),3100,86580000,43800,1219070000,111857953,14.71
12/03/2021,-47200,-1224460000,25.8(-7.03 %),4100,107065000,51300,1331525000,111905153,14.7
15/03/2021,-139400,-3564295000,25.6(-0.78 %),13600,348750000,153000,3913045000,112044553,14.66
16/03/2021,-9400,-237985000,25.6(0.00 %),3900,99450000,13300,337435000,112053953,14.65
17/03/2021,-41900,-1068975000,25.7(1.18 %),10600,272985000,52500,1341960000,112095853,14.64
18/03/2021,9600,252205000,25.85(0.58 %),24000,622530000,14400,370325000,112086253,14.64
19/03/2021,-112900,-2889770000,25.6(-0.97 %),6400,164480000,119300,3054250000,112199153,14.61
22/03/2021,-11500,-293340000,25.4(-0.78 %),4900,125440000,16400,418780000,112210653,14.6
23/03/2021,6700,168650000,25.05(-1.38 %),7000,176200000,300,7550000,112203953,14.61
24/03/2021,-31800,-784425000,24.3(-2.99 %),3700,91770000,35500,876195000,112235753,14.6
25/03/2021,-52400,-1275710000,24.65(1.44 %),4300,104490000,56700,1380200000,112288153,14.58
26/03/2021,-29500,-712905000,24.5(-0.61 %),5700,139845000,35200,852750000,112317653,14.57
29/03/2021,14000,337815000,24.35(-0.61 %),22600,547720000,8600,209905000,112303653,14.58
30/03/2021,34000,833685000,24.5(0.62 %),42800,1047955000,8800,214270000,112269653,14.59
31/03/2021,101000,2478840000,24.55(0.20 %),111600,2740220000,10600,261380000,112168653,14.62
01/04/2021,87800,2216445000,25.5(3.87 %),130400,3270245000,42600,1053800000,112345929,14.56
02/04/2021,-62300,-1591030000,26.1(2.35 %),45600,1183365000,107900,2774395000,112408229,14.54
05/04/2021,-68300,-1833375000,27.5(5.36 %),140200,3732215000,208500,5565590000,112476529,14.52
06/04/2021,101000,2917700000,29.1(5.82 %),248000,7208310000,147000,4290610000,112375529,14.55
07/04/2021,-23200,-685255000,28.8(-1.03 %),90300,2595510000,113500,3280765000,112398729,14.55
08/04/2021,56400,1582460000,27.9(-3.12 %),85500,2399205000,29100,816745000,112342329,14.56
09/04/2021,35400,991705000,28(0.36 %),63000,1763205000,27600,771500000,112306929,14.57
12/04/2021,37600,1052460000,28.15(0.54 %),62200,1743290000,24600,690830000,112269329,14.59
13/04/2021,87200,2451255000,27.8(-1.24 %),93900,2639160000,6700,187905000,112182129,14.61
14/04/2021,48500,1337905000,27.7(-0.36 %),76500,2104790000,28000,766885000,112133629,14.63
15/04/2021,24200,669715000,27.55(-0.54 %),37800,1047440000,13600,377725000,112109429,14.89
16/04/2021,-22300,-603700000,26.95(-2.18 %),7200,197190000,29500,800890000,112131729,14.63
19/04/2021,8500,233585000,27.4(1.67 %),22600,616815000,14100,383230000,112123229,14.63
20/04/2021,43900,1203390000,27.4(0.00 %),54800,1502110000,10900,298720000,112079329,14.64
22/04/2021,3300,92925000,27(-1.46 %),61600,1675740000,58300,1582815000,112076029,14.65
23/04/2021,-55900,-1458355000,27(0.00 %),57200,1543380000,113100,3001735000,112131929,14.63
26/04/2021,47000,1313125000,27.15(0.56 %),60000,1667565000,13000,354440000,112084929,14.64
27/04/2021,4100,115905000,27.1(-0.18 %),60300,1635715000,56200,1519810000,112080829,14.64
28/04/2021,31000,846935000,27.2(0.37 %),63700,1728850000,32700,881915000,112049829,14.65
29/04/2021,9400,259670000,27.2(0.00 %),62200,1706575000,52800,1446905000,112040429,14.66
04/05/2021,-150900,-4182665000,28.05(3.12 %),39000,1094125000,189900,5276790000,111936399,14.69
05/05/2021,7300,204970000,28.1(0.18 %),8100,227380000,800,22410000,111929099,14.69
06/05/2021,-43400,-1201915000,27.65(-1.60 %),3000,83700000,46400,1285615000,111972499,14.68
07/05/2021,73100,1994910000,27.15(-1.81 %),80700,2203250000,7600,208340000,111899399,14.7
10/05/2021,23800,647405000,27.15(0.00 %),28100,764150000,4300,116745000,111875599,14.71
11/05/2021,24400,673005000,27.65(1.84 %),25300,697685000,900,24680000,111851199,14.71
12/05/2021,23300,646270000,27.5(-0.54 %),37500,1035170000,14200,388900000,111827899,14.72
13/05/2021,-5600,-153400000,27.35(-0.55 %),4600,125915000,10200,279315000,111833499,14.72
14/05/2021,-13900,-377115000,27.4(0.18 %),26600,728710000,40500,1105825000,111847399,14.72
17/05/2021,-22200,-561815000,25.2(-8.03 %),4600,117670000,26800,679485000,111869599,14.71
18/05/2021,-4500,-111580000,24(-4.76 %),4400,107750000,8900,219330000,111874099,14.71
19/05/2021,-93900,-2189460000,23.25(-3.12 %),8900,208370000,102800,2397830000,111967999,14.68
20/05/2021,-140400,-3267740000,23.2(-0.22 %),8800,204970000,149200,3472710000,112108399,14.64
21/05/2021,-4400,-101915000,23.6(1.72 %),3600,85285000,8000,187200000,112112799,14.63
24/05/2021,34000,801985000,23.8(0.85 %),34000,801985000,0,0,112078799,14.64
25/05/2021,36900,878195000,23.85(0.21 %),37400,890120000,500,11925000,112041899,14.66
26/05/2021,28100,670990000,23.7(-0.63 %),37200,888440000,9100,217450000,112013799,14.66
27/05/2021,6700,155605000,23.25(-1.90 %),20400,476705000,13700,321100000,112007099,14.67
28/05/2021,4000,92150000,23.2(-0.22 %),5200,119925000,1200,27775000,112003099,14.67
31/05/2021,24500,569080000,23.2(0.00 %),25500,592230000,1000,23150000,111978599,14.68
01/06/2021,26900,623390000,23.2(0.00 %),26900,623390000,0,0,112212799,14.6
02/06/2021,34600,808850000,23.45(1.08 %),98800,2311690000,64200,1502840000,112178199,14.61
03/06/2021,-29300,-706275000,24.2(3.20 %),3600,85140000,32900,791415000,112207499,14.61
04/06/2021,-3300,-79385000,24.1(-0.41 %),20800,503855000,24100,583240000,112210799,14.6
07/06/2021,14700,354750000,23.95(-0.62 %),14700,354750000,0,0,112196099,14.61
08/06/2021,10100,242745000,23.7(-1.04 %),23200,555105000,13100,312360000,112185999,14.61
09/06/2021,-9500,-222855000,23.75(0.21 %),7300,172615000,16800,395470000,112195499,14.61
10/06/2021,85500,2033405000,23.75(0.00 %),99300,2359555000,13800,326150000,112109999,14.64
11/06/2021,28400,675450000,23.7(-0.21 %),48200,1147500000,19800,472050000,112081599,14.64
14/06/2021,33700,806505000,23.75(0.21 %),34600,827875000,900,21370000,112047899,14.65
15/06/2021,4800,115280000,23.95(0.84 %),8500,203980000,3700,88700000,112043099,14.66
16/06/2021,-10700,-256525000,24(0.21 %),8300,198765000,19000,455290000,112053799,14.65
17/06/2021,-41600,-1001505000,24(0.00 %),3400,81970000,45000,1083475000,112095399,14.64
18/06/2021,-3000,-72600000,24.05(0.21 %),0,0,3000,72600000,112098399,14.64
21/06/2021,13700,347410000,25.3(5.20 %),16200,409285000,2500,61875000,112084699,14.64
22/06/2021,23100,577945000,24.85(-1.78 %),25800,645945000,2700,68000000,112061599,14.65
23/06/2021,-5800,-142650000,24.8(-0.20 %),5300,130830000,11100,273480000,112067399,14.65
24/06/2021,42700,1074460000,25.2(1.61 %),48300,1214975000,5600,140515000,112024699,14.66
25/06/2021,102100,2572385000,25.1(-0.40 %),109500,2759040000,7400,186655000,111922599,14.69
28/06/2021,13300,332440000,25(-0.40 %),13900,347440000,600,15000000,111909299,14.7
29/06/2021,-3000,-74815000,24.95(-0.20 %),4000,100270000,7000,175085000,111912299,14.7
30/06/2021,8400,210090000,24.95(0.00 %),24700,617540000,16300,407450000,111903899,14.7
01/07/2021,30900,779735000,26(4.21 %),34500,870465000,3600,90730000,111856036,14.71
02/07/2021,15200,389810000,25.6(-1.54 %),15200,389810000,0,0,111840836,14.72
05/07/2021,-87400,-1827382500,25.5(-0.39 %),23600,520665000,111000,2348047500,111928236,14.69
06/07/2021,24100,602465000,24.9(-2.35 %),26100,652460000,2000,49995000,111904136,14.7
07/07/2021,78100,1947160000,25(0.40 %),87000,2168710000,8900,221550000,111826036,14.72
08/07/2021,7800,89413200,25(0.00 %),18600,188761200,10800,99348000,111818236,14.72
09/07/2021,28700,717030000,24.75(-1.00 %),32300,806990000,3600,89960000,111789536,14.73
12/07/2021,112800,2714480000,23.9(-3.43 %),116100,2795680000,3300,81200000,111676736,14.77
13/07/2021,28700,695945000,24.6(2.93 %),43700,1055950000,15000,360005000,111648036,14.78
14/07/2021,90200,2231350000,24.6(0.00 %),91100,2253540000,900,22190000,111557836,14.8
15/07/2021,66400,1539910000,23.5(-4.47 %),66500,1542230000,100,2320000,111491436,14.82
16/07/2021,55200,1296920000,23.5(0.00 %),55200,1296920000,0,0,111436236,14.84
19/07/2021,52900,1218030000,23.05(-1.91 %),53500,1231720000,600,13690000,111383336,14.86
20/07/2021,27800,641140000,23.2(0.65 %),27800,641140000,0,0,111355536,14.87
21/07/2021,39700,922515000,23.1(-0.43 %),44000,1021075000,4300,98560000,111315836,14.88
22/07/2021,10600,244260000,23.05(-0.22 %),11600,267070000,1000,22810000,111305236,14.88
23/07/2021,-5300,-122800000,22.85(-0.87 %),12800,293725000,18100,416525000,111310536,14.88
26/07/2021,-6300,-141745000,23(0.66 %),19600,445740000,25900,587485000,111316836,14.88
27/07/2021,-8400,-190990000,22.65(-1.52 %),4100,94000000,12500,284990000,111325236,14.88
28/07/2021,-21500,-486145000,22.5(-0.66 %),7400,167320000,28900,653465000,111346736,14.87
29/07/2021,-71000,-1592640000,22.4(-0.44 %),7800,175290000,78800,1767930000,111417736,14.85
30/07/2021,-86300,-1926600000,22.3(-0.45 %),19100,427250000,105400,2353850000,111504036,14.82
02/08/2021,4700,105990000,22.7(1.79 %),17200,387240000,12500,281250000,111312296,14.88
03/08/2021,-1900,-42380000,22.55(-0.66 %),2100,47620000,4000,90000000,111314196,14.88
04/08/2021,-22100,-498560000,22.5(-0.22 %),6800,153270000,28900,651830000,111336296,14.87
05/08/2021,-700,-23335000,22.95(1.77 %),26800,605765000,27500,629100000,111336996,14.87
06/08/2021,16000,365780000,22.8(-0.65 %),19000,434780000,3000,69000000,111320996,14.88
09/08/2021,-241500,-5442370000,23.2(1.75 %),5900,133810000,247400,5576180000,111562496,14.8
10/08/2021,-144900,-3349370000,24(3.45 %),7700,178925000,152600,3528295000,111707396,14.76
11/08/2021,-46500,-1104090000,23.6(-1.67 %),17600,418850000,64100,1522940000,111753896,14.74
12/08/2021,-55100,-1291240000,23.1(-2.12 %),4300,100480000,59400,1391720000,111808996,14.73
13/08/2021,-54000,-1181746800,22.9(-0.87 %),40000,886886000,94000,2068632800,111862996,14.71
16/08/2021,-95400,-2208140000,23.1(0.87 %),19600,455225000,115000,2663365000,111958396,14.68
17/08/2021,-23400,-545020000,23.4(1.30 %),28300,647000000,51700,1192020000,111909796,14.7
18/08/2021,-102600,-2360970000,22.95(-1.92 %),11100,256375000,113700,2617345000,112060996,14.65
19/08/2021,-18600,-430575000,23(0.22 %),30800,705485000,49400,1136060000,112079596,14.64
20/08/2021,22400,512245000,22.8(-0.87 %),92100,2111155000,69700,1598910000,112057196,14.65
23/08/2021,-17200,-385075000,22.5(-1.32 %),51400,1160120000,68600,1545195000,112074396,14.65
24/08/2021,27500,617005000,22.4(-0.44 %),66300,1486735000,38800,869730000,112046896,14.65
25/08/2021,-44300,-993970000,22.55(0.67 %),3300,74190000,47600,1068160000,112091196,14.64
26/08/2021,17300,393755000,22.6(0.22 %),18800,427630000,1500,33875000,112073896,14.65
27/08/2021,17800,357860000,24.15(6.86 %),302200,7172030000,284400,6814170000,112056096,14.65
30/08/2021,-15000,-369320000,24.8(2.69 %),79640,1934811000,94640,2304131000,112071096,14.65
31/08/2021,58900,1452805000,24.75(-0.20 %),75600,1865675000,16700,412870000,112012196,14.67
01/09/2021,-131800,-3242525000,24.5(-1.01 %),91300,2225840000,223100,5468365000,112073796,14.65
06/09/2021,34300,871485000,26(6.12 %),94100,2369605000,59800,1498120000,112039496,14.66
07/09/2021,-25400,-651625000,25.05(-3.65 %),10400,266640000,35800,918265000,112064896,14.65
08/09/2021,8300,207395000,24.7(-1.40 %),13800,343600000,5500,136205000,112056596,14.65
09/09/2021,-3200,-78565000,25(1.21 %),42200,1049625000,45400,1128190000,112059796,14.65
10/09/2021,51900,1281760000,24.6(-1.60 %),53300,1316760000,1400,35000000,112007896,14.67
13/09/2021,31200,756700000,24.2(-1.63 %),122100,2982445000,90900,2225745000,111976696,14.68
14/09/2021,-503600,-12000105000,23.5(-2.89 %),74400,1780465000,578000,13780570000,112480296,14.52
15/09/2021,-167300,-3967295000,23.75(1.06 %),36900,874175000,204200,4841470000,112647596,14.47
16/09/2021,-196800,-4673665000,24(1.05 %),29700,708315000,226500,5381980000,112844396,14.41
17/09/2021,-159200,-3785790000,24(0.00 %),47200,1128300000,206400,4914090000,113003596,14.36
20/09/2021,-8000,-191000000,24.15(0.62 %),16200,390775000,24200,581775000,113011596,14.36
21/09/2021,38000,869165000,23.3(1.75 %),44500,1019880000,6500,150715000,112973596,14.37
22/09/2021,-46400,-1068460000,23(-1.29 %),3400,78130000,49800,1146590000,113019996,14.36
23/09/2021,-13500,-309825000,22.9(-0.43 %),4300,98635000,17800,408460000,113033496,14.35
24/09/2021,7900,178700000,23.55(2.84 %),40900,952005000,33000,773305000,113025596,14.35
27/09/2021,-10900,-254205000,22.9(-2.76 %),21300,498525000,32200,752730000,113036496,14.35
28/09/2021,33200,760790000,23.15(1.09 %),42100,966130000,8900,205340000,113003296,14.36
29/09/2021,2300,50185000,23.1(-0.22 %),12000,274740000,9700,224555000,113000996,14.36
30/09/2021,-4100,-94315000,22.95(-0.65 %),9900,227760000,14000,322075000,113005096,14.36
01/10/2021,79400,1826650000,22.95(0.00 %),6973140,149009759000,6893740,147183109000,113173996,14.31
04/10/2021,-78200,-1836695000,23.6(2.83 %),15800,373755000,94000,2210450000,113252196,14.29
05/10/2021,900,22585000,23.5(-0.42 %),16300,385250000,15400,362665000,113251296,14.29
06/10/2021,-1300,-31195000,23.4(-0.43 %),7300,170890000,8600,202085000,113252596,0.0
07/10/2021,-120500,-2823870000,23.3(-0.43 %),19000,443445000,139500,3267315000,113373096,0.0
08/10/2021,64800,1521220000,23.5(0.86 %),68000,1596485000,3200,75265000,113308296,0.0
11/10/2021,-3400,-100508200,23.4(-0.43 %),10900,233740000,14300,334248200,113311696,0.0
12/10/2021,28000,658070000,23.4(0.00 %),55500,1298955000,27500,640885000,113283696,0.0
13/10/2021,6600,155025000,23.4(0.00 %),19000,443945000,12400,288920000,113277096,0.0
14/10/2021,24400,583235000,23.4(0.00 %),55500,1311355000,31100,728120000,113252696,0.0
15/10/2021,72400,1669475000,23.1(-1.28 %),72400,1669475000,0,0,113180296,0.0
18/10/2021,-23200,-525020000,22.8(-1.30 %),42300,970710000,65500,1495730000,113203496,0.0
19/10/2021,7000,161100000,22.95(0.66 %),11800,270095000,4800,108995000,113196496,0.0
20/10/2021,-10700,-245325000,22.85(-0.44 %),8800,202200000,19500,447525000,113207196,0.0
21/10/2021,-2300,-52155000,22.85(0.00 %),3700,84655000,6000,136810000,113198796,0.0
22/10/2021,9100,207665000,22.75(-0.44 %),9100,207665000,0,0,113189696,0.0
25/10/2021,6900,157060000,22.7(-0.22 %),9600,218600000,2700,61540000,113182796,0.0
26/10/2021,40400,921575000,23(1.32 %),47400,1081975000,7000,160400000,113142396,0.0
27/10/2021,34400,791020000,23(0.00 %),39600,910585000,5200,119565000,113107996,0.0
28/10/2021,2800,64845000,23.05(0.22 %),6200,143105000,3400,78260000,113105196,14.33
29/10/2021,-63200,-1464320000,23.3(1.08 %),18100,418205000,81300,1882525000,113168396,14.31
01/11/2021,20500,473175000,23.1(-0.86 %),29500,683190000,9000,210015000,113119276,14.33
02/11/2021,-42000,-971430000,23.05(-0.22 %),11800,271865000,53800,1243295000,113161276,14.31
03/11/2021,10100,235125000,22.9(-0.65 %),30900,714315000,20800,479190000,113151176,0.0
04/11/2021,1100,87046600,23(0.44 %),6500,148895500,5400,61848900,113160176,0.0
05/11/2021,4700,107970000,23(0.00 %),18900,434510000,14200,326540000,113156576,0.0
08/11/2021,7900,181840000,23.15(0.65 %),13500,311200000,5600,129360000,113153376,14.32
09/11/2021,-1900,-43825000,23.05(-0.43 %),2100,48510000,4000,92335000,113155276,14.31
10/11/2021,-3600,-82522800,23.05(0.00 %),0,0,3600,82522800,113158876,0.0
11/11/2021,-15700,-362065000,23.5(1.95 %),9400,216560000,25100,578625000,113170976,14.31
12/11/2021,-61200,-1429595000,23.4(-0.43 %),1100,25720000,62300,1455315000,113232176,14.29
15/11/2021,-69000,-1640710000,23.95(2.35 %),45300,1065015000,114300,2705725000,113301176,14.27
16/11/2021,34300,810115000,23.6(-1.46 %),54000,1277645000,19700,467530000,113266876,14.28
17/11/2021,-2500,-59805000,23.55(-0.21 %),26100,613390000,28600,673195000,113269376,14.28
18/11/2021,11700,274275000,23.25(-1.27 %),18700,436815000,7000,162540000,113257676,14.28
19/11/2021,-16300,-378785000,22.6(-2.80 %),11500,263260000,27800,642045000,113273976,14.28
22/11/2021,2300,49760000,22.5(-0.44 %),17400,392885000,15100,343125000,113271676,14.28
23/11/2021,25900,594395000,22.9(1.78 %),30200,692990000,4300,98595000,113245776,14.29
24/11/2021,900,20180000,22.9(0.00 %),10600,241825000,9700,221645000,113244876,14.29
25/11/2021,-33700,-769075000,22.95(0.22 %),1100,25245000,34800,794320000,113278576,14.28
26/11/2021,-297500,-6765495000,22.9(-0.22 %),9100,207450000,306600,6972945000,113576076,0.0
29/11/2021,-45400,-369554400,23(0.44 %),52100,1113225600,97500,1482780000,113621476,0.0
30/11/2021,6500,149595000,22.95(-0.22 %),7100,163300000,600,13705000,113569576,14.19
01/12/2021,40900,936330000,22.95(0.00 %),54500,1247630000,13600,311300000,113574376,14.19
02/12/2021,-28700,-655860000,22.8(-0.65 %),3700,84915000,32400,740775000,113603076,14.18
03/12/2021,-5500,-124125000,22.6(-0.88 %),20800,472395000,26300,596520000,113608576,14.18
06/12/2021,-47200,-1064930000,22.5(-0.44 %),13300,300480000,60500,1365410000,113655776,14.16
07/12/2021,49200,1125740000,22.85(1.56 %),59700,1362965000,10500,237225000,113606576,14.18
08/12/2021,-56800,-1279995000,22.7(-0.66 %),32100,731355000,88900,2011350000,113663376,14.16
09/12/2021,50100,1162535000,23.45(3.30 %),75200,1740240000,25100,577705000,113613276,0.0
10/12/2021,-59700,-1378535000,22.95(-2.13 %),43100,996180000,102800,2374715000,113672976,14.16
13/12/2021,-93400,-2163330000,23.2(1.09 %),55900,1288470000,149300,3451800000,113766376,14.13
14/12/2021,-14700,-344365000,23.6(1.72 %),25700,599105000,40400,943470000,113781076,14.37
15/12/2021,-35400,-844265000,23.6(0.00 %),13700,322390000,49100,1166655000,113816476,14.36
16/12/2021,200,5140000,23.7(0.42 %),18700,439270000,18500,434130000,113816276,14.36
17/12/2021,-85200,-2023205000,23.7(0.00 %),14600,346270000,99800,2369475000,113901476,14.33
20/12/2021,28600,668840000,23.7(0.00 %),46400,1086710000,17800,417870000,113872876,14.34
21/12/2021,-89100,-2187170000,24.5(3.38 %),0,0,89100,2187170000,113961976,0.0
22/12/2021,-136700,-3426285000,25.1(2.45 %),27900,705865000,164600,4132150000,114098676,14.27
23/12/2021,2200,55590000,24.8(-1.20 %),14700,363510000,12500,307920000,114096476,0.0
24/12/2021,5700,138504300,25(0.81 %),6200,150653800,500,12149500,114092976,0.0
27/12/2021,12500,306385000,24.55(-1.80 %),19600,483845000,7100,177460000,114127076,14.02
28/12/2021,-13900,-340110000,24.55(-0.20 %),17100,423555000,31000,763665000,114140976,14.26
29/12/2021,14500,356125000,24.5(-0.41 %),15400,378255000,900,22130000,114102176,14.02
30/12/2021,-6100,-146490000,24.15(-1.43 %),37100,900420000,43200,1046910000,114096076,14.03
31/12/2021,4300,103595000,24.05(-0.62 %),5300,127745000,1000,24150000,114091676,14.03
04/01/2022,-71100,-1745185000,24.8(2.90 %),21900,532735000,93000,2277920000,114112976,14.02
05/01/2022,-86700,-2149970000,24.5(-1.21 %),28400,704160000,115100,2854130000,114085579,14.03
06/01/2022,23000,564205000,24.35(-0.61 %),23300,571525000,300,7320000,114155279,14.01
07/01/2022,23200,563110000,24.35(-0.20 %),33300,809340000,10100,246230000,114237079,13.98
10/01/2022,-61100,-1560195000,24.6(0.82 %),10800,157248000,71900,1717443000,114226579,13.99
11/01/2022,41900,1025075000,24.3(-1.22 %),72200,1768280000,30300,743205000,114164479,14.01
12/01/2022,14300,337450000,23.6(-2.88 %),14400,339790000,100,2340000,114222029,13.99
13/01/2022,-1200,-29980000,22.65(-4.03 %),18800,437800000,20000,467780000,114233529,13.98
14/01/2022,39500,902830000,22.9(0.88 %),49700,1134490000,10200,231660000,114183929,14.0
17/01/2022,-50500,-1146615000,22.35(-2.40 %),62000,1407305000,112500,2553920000,114141929,14.01
18/01/2022,12600,281360000,22.3(-0.22 %),17900,400510000,5300,119150000,114134229,14.01
19/01/2022,-95400,-2120655000,22.1(-0.90 %),31700,704740000,127100,2825395000,114215029,13.99
20/01/2022,8900,193960000,22.45(1.58 %),16100,353670000,7200,159710000,114204229,13.99
21/01/2022,16800,375085000,22.3(-0.45 %),17100,381775000,300,6690000,114314229,13.96
24/01/2022,2700,58395000,22(-1.35 %),18800,417040000,16100,358645000,114302629,13.96
25/01/2022,-1200,-26825000,22.5(2.27 %),10900,240200000,12100,267025000,114292049,13.97
26/01/2022,-4700,0,22.2(-1.33 %),1700,0,6400,0,114306449,13.96
27/01/2022,-10300,-229320000,22.2(0.00 %),1000,22500000,11300,251820000,114317549,13.96
28/01/2022,9100,204740000,22.6(1.80 %),9100,204740000,0,0,114314849,13.96
07/02/2022,-85200,-1918790000,22.45(-0.66 %),36400,822410000,121600,2741200000,114289749,13.97
08/02/2022,5800,131900000,22.75(1.11 %),6600,149900000,800,18000000,114283149,13.97
09/02/2022,-26200,-586005000,22.85(0.22 %),34800,804345000,61000,1390350000,114369949,13.94
10/02/2022,-33300,-753250000,22.8(-0.44 %),20700,471495000,54000,1224745000,114350049,13.95
11/02/2022,-2700,-62795000,22.7(-0.44 %),13100,297035000,15800,359830000,114397949,13.93
14/02/2022,-91200,-2048545000,22.4(-1.32 %),9300,209930000,100500,2258475000,114442649,13.92
15/02/2022,-44400,-992465000,22.35(-0.22 %),12700,282400000,57100,1274865000,114445749,13.92
16/02/2022,-26700,-594950000,22.35(-0.22 %),25900,580180000,52600,1175130000,114520349,13.9
17/02/2022,-4200,-94500000,22.6(0.89 %),800,18000000,5000,112500000,114576649,13.88
18/02/2022,17000,383360000,22.5(-0.44 %),17000,383360000,0,0,114612249,13.87
21/02/2022,-44300,-996635000,22.5(0.00 %),8900,200030000,53200,1196665000,114608349,13.87
22/02/2022,22400,500660000,22.45(-0.22 %),37800,845250000,15400,344590000,114570549,13.88
23/02/2022,-130000,-2921060000,22.4(-0.44 %),13600,305500000,143600,3226560000,114610149,13.87
24/02/2022,-80000,-1773085000,22.1(-1.34 %),39100,868730000,119100,2641815000,114586449,13.88
25/02/2022,3000,66060000,22.2(0.45 %),11100,245800000,8100,179740000,114718949,13.84
28/02/2022,-200,-4190000,22.3(0.45 %),6400,142305000,6600,146495000,114831649,13.8
01/03/2022,5000,112530000,22.3(0.00 %),18800,420370000,13800,307840000,114820949,13.8
02/03/2022,11700,262295000,22.25(-0.22 %),28000,623365000,16300,361070000,114799549,13.81
03/03/2022,0,-55000,22.15(-0.67 %),16400,362385000,16400,362440000,114796949,13.81
04/03/2022,-58400,-1280550000,22.4(0.90 %),65500,1462555000,123900,2743105000,114747749,13.83
07/03/2022,-20900,-463370000,22.2(-0.89 %),57900,1287600000,78800,1750970000,114706249,13.84
08/03/2022,-120300,-2657125000,22.1(-0.45 %),13800,305360000,134100,2962485000,114816349,13.81
09/03/2022,-16400,-362070000,22.15(0.23 %),11000,242510000,27400,604580000,114884149,13.78
10/03/2022,-48000,-1060910000,22.15(-0.23 %),2300,50640000,50300,1111550000,115015949,13.74
11/03/2022,-20900,-461860000,22.1(-0.45 %),2000,44270000,22900,506130000,115041409,13.74
14/03/2022,-3100,-68195000,21.95(-0.68 %),10500,230985000,13600,299180000,115081209,13.72
15/03/2022,-41000,-894570000,22(0.00 %),11200,244160000,52200,1138730000,115092909,13.72
16/03/2022,-8900,-194635000,21.95(-0.23 %),0,0,8900,194635000,115106509,13.72
17/03/2022,-18400,-402950000,21.95(-0.23 %),1900,41675000,20300,444625000,115156809,13.7
18/03/2022,4900,106810000,21.85(-0.68 %),18200,398070000,13300,291260000,115147509,13.7
21/03/2022,2100,45670000,21.8(-0.46 %),7300,159240000,5200,113570000,115160509,13.7
22/03/2022,2300,50055000,21.9(0.46 %),6400,139495000,4100,89440000,115167409,13.7
23/03/2022,1900,41755000,22(0.46 %),15000,328915000,13100,287160000,115157639,13.7
24/03/2022,38300,842310000,22(0.00 %),54100,1189560000,15800,347250000,115107639,13.72
25/03/2022,3900,84555000,21.9(-0.45 %),10200,222855000,6300,138300000,115110539,13.72
28/03/2022,67100,1471545000,22.2(1.37 %),78300,1718025000,11200,246480000,115048039,13.73
29/03/2022,14700,326360000,22.25(0.23 %),19000,421820000,4300,95460000,115035339,13.74
30/03/2022,23400,523340000,22.05(-1.12 %),35700,797575000,12300,274235000,115010839,13.75
31/03/2022,19700,433455000,22(-0.45 %),21100,464200000,1400,30745000,114994039,13.75
01/04/2022,-2500,-54185000,21.9(-0.45 %),14200,311945000,16700,366130000,114992139,13.75
04/04/2022,900,20250000,22.1(0.91 %),3400,75560000,2500,55310000,114990139,13.75
05/04/2022,-10700,-235670000,22.1(0.00 %),5600,123790000,16300,359460000,115001239,13.75
06/04/2022,-9600,-211200000,21.9(-0.90 %),2400,52800000,12000,264000000,115001339,13.75
07/04/2022,-8700,-190390000,21.9(0.00 %),5500,120200000,14200,310590000,115010039,13.99
08/04/2022,-53800,-1170935000,21.7(-0.91 %),14500,315960000,68300,1486895000,115009639,13.75
12/04/2022,-49100,-1048115000,21.4(-1.38 %),19800,427635000,68900,1475750000,115058739,13.97
13/04/2022,6000,125545000,21.3(-0.47 %),34200,725600000,28200,600055000,115004039,13.75
14/04/2022,-159300,-3377960000,21.1(-0.94 %),4300,91425000,163600,3469385000,115102739,13.72
15/04/2022,-36800,-746237100,20.85(-1.18 %),100,2090300,36900,748327400,115130839,13.71
18/04/2022,-22000,-450705000,20.3(-2.87 %),500,10315000,22500,461020000,115293939,13.66
19/04/2022,-9000,-180845000,20(-1.48 %),4700,94435000,13700,275280000,115326139,13.65
20/04/2022,1200,26430000,19.85(-0.75 %),29700,595815000,28500,569385000,115101539,13.96
21/04/2022,-28700,-562680000,19.6(-1.51 %),12000,237415000,40700,800095000,115320639,13.65
22/04/2022,-8100,-159150000,19.75(0.77 %),100,1950000,8200,161100000,115349039,13.64
25/04/2022,-14600,-286675000,19(-4.04 %),3500,66745000,18100,353420000,115386239,13.63
26/04/2022,-53100,-1004480000,19(0.00 %),15900,299770000,69000,1304250000,115378539,13.63
27/04/2022,-18900,-358375000,19(0.00 %),3100,58835000,22000,417210000,115393539,13.63
28/04/2022,4700,89345000,19(0.00 %),4700,89345000,0,0,115457839,13.61
29/04/2022,-81700,-1531465000,19(0.00 %),2800,52660000,84500,1584125000,115477039,13.6
04/05/2022,-13000,-246135000,19(0.00 %),1100,20435000,14100,266570000,115475939,13.6
05/05/2022,-101400,-1907020000,18.9(-0.53 %),2800,52390000,104200,1959410000,115577339,13.81
06/05/2022,-900,-16830000,18.7(-1.06 %),3400,63580000,4300,80410000,115568339,13.58
09/05/2022,-102000,-1825800000,17.9(-4.28 %),16500,295350000,118500,2121150000,115656039,13.55
10/05/2022,12300,218940000,17.8(-0.56 %),19800,352440000,7500,133500000,115640539,13.55
11/05/2022,-7900,-141355000,18.25(2.53 %),2800,51005000,10700,192360000,115648439,13.79
12/05/2022,-8700,-155115000,17.65(-3.29 %),3900,69425000,12600,224540000,115657139,13.79
13/05/2022,-5200,-94255000,17.35(-1.70 %),12900,226570000,18100,320825000,115757704,13.52
16/05/2022,-2600,-45890000,17.65(1.44 %),1100,19415000,3700,65305000,115769204,13.51
17/05/2022,-2200,-39930000,18.15(2.54 %),4000,72600000,6200,112530000,115783304,13.51
18/05/2022,-5300,-95930000,18.1(-0.55 %),6000,108600000,11300,204530000,115781004,13.51
19/05/2022,-113000,-2005750000,17.75(-1.93 %),0,0,113000,2005750000,115787204,13.51
20/05/2022,-123900,-2193030000,17.7(-0.56 %),1100,19470000,125000,2212500000,115797404,13.5
23/05/2022,4300,76110000,17.7(0.00 %),30500,539850000,26200,463740000,115879904,13.48
24/05/2022,7500,132000000,17.6(-0.56 %),7500,132000000,0,0,115997404,13.44
25/05/2022,32900,582330000,17.7(0.57 %),32900,582330000,0,0,115990704,13.45
26/05/2022,33300,592740000,17.8(0.56 %),33300,592740000,0,0,115957404,13.46
27/05/2022,11000,198000000,18(1.12 %),11000,198000000,0,0,115946404,13.46
30/05/2022,-79900,-1414230000,17.7(-1.67 %),21100,373470000,101000,1787700000,115925304,13.47
31/05/2022,-2900,-51910000,17.9(1.13 %),9100,162890000,12000,214800000,115916204,13.47
01/06/2022,-3000,-57300000,19.1(6.70 %),13400,255940000,16400,313240000,116003804,13.44
02/06/2022,-1300,-23790000,18.3(-4.19 %),11800,215940000,13100,239730000,116004004,13.44
03/06/2022,-10900,-198925000,18.25(-0.27 %),400,7300000,11300,206225000,116020004,13.44
06/06/2022,13300,254930000,18.75(2.46 %),23100,437910000,9800,182980000,116010004,13.44
07/06/2022,0,0,19.7(4.79 %),0,0,0,0,116005304,13.44
08/06/2022,-37400,-736780000,19.7(0.00 %),600,11820000,38000,748600000,116014504,13.44
09/06/2022,-42700,-834785000,19.55(-0.76 %),6700,130985000,49400,965770000,116023904,13.44
10/06/2022,-15200,-288800000,19(-3.06 %),16400,311600000,31600,600400000,116045504,13.43
13/06/2022,-28100,-508610000,18.1(-4.74 %),16800,304080000,44900,812690000,116078104,13.42
14/06/2022,-74300,-1318825000,17.75(-1.93 %),33100,587525000,107400,1906350000,116076604,13.42
15/06/2022,-2400,-42360000,17.65(-0.84 %),3200,56480000,5600,98840000,116118304,13.41
16/06/2022,-12700,-226060000,17.8(0.56 %),2900,51620000,15600,277680000,116222804,13.37
17/06/2022,13700,247285000,18.05(1.40 %),37600,678680000,23900,431395000,116190804,13.38
20/06/2022,-13200,-239585000,18.3(1.10 %),400,7180000,13600,246765000,116206004,13.38
21/06/2022,30200,540580000,17.9(-2.19 %),33000,590700000,2800,50120000,116196904,13.38
22/06/2022,29600,520960000,17.6(-1.68 %),34400,605440000,4800,84480000,116176104,13.39
23/06/2022,-1900,-33630000,17.7(0.57 %),5200,92040000,7100,125670000,116173704,13.39
24/06/2022,-4100,-72160000,17.6(-0.56 %),100,1760000,4200,73920000,116178404,13.39
27/06/2022,-89100,-1544790000,17.55(-0.28 %),41600,727950000,130700,2272740000,116143904,13.4
28/06/2022,6100,108275000,17.75(0.85 %),6100,108275000,0,0,116142004,13.4
29/06/2022,6800,121065000,17.6(-1.12 %),8800,156365000,2000,35300000,116263904,13.36
30/06/2022,-11200,-196000000,17.5(-0.57 %),6000,105000000,17200,301000000,116257904,13.36
01/07/2022,51800,916860000,17.7(1.14 %),54200,959340000,2400,42480000,116205704,13.38
04/07/2022,5300,92870000,17.55(-0.85 %),5300,92870000,0,0,116205704,13.61
05/07/2022,15800,276500000,17.5(-0.57 %),17800,311500000,2000,35000000,116202204,13.38
06/07/2022,69700,1205810000,17.3(-1.14 %),72100,1247330000,2400,41520000,116130104,13.4
07/07/2022,300,5175000,17.25(-0.29 %),4800,82800000,4500,77625000,116127304,13.4
08/07/2022,-7900,-198940000,17.3(0.00 %),2800,41160000,10700,240100000,116135204,13.64
11/07/2022,-11600,-198940000,17.15(-0.87 %),2400,41160000,14000,240100000,116125477,13.4
12/07/2022,9600,168000000,17.5(1.74 %),9700,169750000,100,1750000,116122577,13.41
13/07/2022,-3300,-57750000,17.5(0.00 %),2700,47250000,6000,105000000,116133817,13.4
14/07/2022,3000,52500000,17.5(0.00 %),3000,52500000,0,0,116130917,13.4
15/07/2022,700,12075000,17.25(0.88 %),2100,36225000,1400,24150000,116134817,13.4
18/07/2022,4900,84035000,17.15(-0.87 %),5000,85750000,100,1715000,116129817,13.4
19/07/2022,16900,293215000,17.35(0.87 %),17700,307095000,800,13880000,116113517,13.41
20/07/2022,1800,31410000,17.45(0.29 %),11300,197185000,9500,165775000,116102317,13.41
21/07/2022,13100,229250000,17.5(0.00 %),13200,231000000,100,1750000,116089917,13.42
22/07/2022,-1900,298395000,17.45(-0.29 %),5200,298395000,7100,0,116082317,13.42
25/07/2022,3600,63180000,17.55(0.29 %),5700,100035000,2100,36855000,116076717,13.42
26/07/2022,9100,158340000,17.4(-1.14 %),11600,201840000,2500,43500000,116065117,13.42
27/07/2022,-3600,-62640000,17.4(0.00 %),100,1740000,3700,64380000,116067117,13.42
28/07/2022,-18800,-329000000,17.5(0.57 %),8700,152250000,27500,481250000,116060917,13.42
29/07/2022,1100,19250000,17.5(0.00 %),4700,82250000,3600,63000000,116059917,13.42
01/08/2022,10700,187785000,17.55(0.29 %),13300,233415000,2600,45630000,116074117,13.42
02/08/2022,4800,84960000,17.7(0.57 %),6800,120360000,2000,35400000,116070917,13.42
03/08/2022,-3400,-59840000,17.6(-0.56 %),5700,100320000,9100,160160000,116067817,13.42
04/08/2022,-4100,-72365000,17.65(0.28 %),5500,97075000,9600,169440000,116064317,13.42
05/08/2022,4400,77660000,17.65(-0.28 %),4700,82955000,300,5295000,116068717,13.42
08/08/2022,9800,173460000,17.7(0.00 %),13100,231870000,3300,58410000,116065217,13.42
09/08/2022,-52300,-941400000,18(1.69 %),27700,498600000,80000,1440000000,116037817,13.43
10/08/2022,-33900,-598335000,17.65(-1.94 %),600,10590000,34500,608925000,116040542,13.43
11/08/2022,1400,25060000,17.9(1.13 %),1400,25060000,0,0,116119142,13.41
12/08/2022,-1800,-32040000,17.8(-0.56 %),500,8900000,2300,40940000,116153142,13.4
15/08/2022,-22300,-396940000,17.8(0.00 %),9800,174440000,32100,571380000,116143342,13.4
16/08/2022,-3200,-57120000,17.85(0.28 %),3100,55335000,6300,112455000,116142542,13.4
17/08/2022,-82000,-1471900000,17.95(0.28 %),32700,586965000,114700,2058865000,116141942,13.4
18/08/2022,12700,227965000,17.95(-0.28 %),12700,227965000,0,0,116135542,13.4
19/08/2022,-33700,-594805000,17.65(-1.94 %),4000,70600000,37700,665405000,116246242,13.37
22/08/2022,-9200,-161460000,17.55(-0.85 %),200,3510000,9400,164970000,116246042,13.37
23/08/2022,-3000,-52500000,17.5(-0.57 %),8400,147000000,11400,199500000,116275342,13.36
24/08/2022,-14000,-248500000,17.75(1.43 %),2600,46150000,16600,294650000,116282142,13.36
25/08/2022,800,14200000,17.75(-0.28 %),8600,152650000,7800,138450000,116284942,13.36
26/08/2022,-11800,-210630000,17.85(0.28 %),1200,21420000,13000,232050000,116300342,13.35
29/08/2022,-13000,-226850000,17.45(-2.51 %),12700,221615000,25700,448465000,116295442,13.35
30/08/2022,-51600,-895260000,17.35(-0.86 %),4500,78075000,56100,973335000,116303942,13.35
31/08/2022,40300,733460000,18.2(4.60 %),106500,1938300000,66200,1204840000,116223142,13.37
05/09/2022,159500,2926825000,18.35(0.82 %),174400,3200240000,14900,273415000,116104842,13.41
06/09/2022,-18900,-343035000,18.15(-1.36 %),7200,130680000,26100,473715000,116163842,13.39
07/09/2022,50600,900680000,17.8(-2.20 %),75500,1343900000,24900,443220000,116103242,13.41
08/09/2022,4100,73390000,17.9(0.56 %),7900,141410000,3800,68020000,116121442,13.41
09/09/2022,-25800,-461820000,17.9(0.00 %),800,14320000,26600,476140000,116145542,13.4
12/09/2022,-6442,-461820000,17.8(-0.56 %),0,14320000,6442,476140000,116149342,13.4
13/09/2022,-12700,-198800000,17.7(-0.56 %),0,0,12700,198800000,116175942,13.39
14/09/2022,-71400,-198800000,17.4(-1.69 %),10100,0,81500,198800000,116172284,13.39
15/09/2022,18700,-1242360000,17.55(0.86 %),27200,175740000,8500,1418100000,0,13.39
16/09/2022,5630,97962000,17.4(-1.14 %),10000,174000000,4370,76038000,116229284,13.37
19/09/2022,-16800,-290640000,17.3(-0.57 %),0,0,16800,290640000,116246084,13.6
20/09/2022,-13805,-238826500,17.3(0.00 %),4200,72660000,18005,311486500,116237954,13.37
21/09/2022,-22700,-393845000,17.35(0.29 %),0,0,22700,393845000,116254754,13.36
22/09/2022,600,10410000,17.35(-0.29 %),800,13880000,200,3470000,116271959,13.36
23/09/2022,-10180,-176114000,17.3(-0.57 %),0,0,10180,176114000,116294659,13.35
26/09/2022,0,-176114000,17(-1.73 %),0,0,0,176114000,116294859,13.35
27/09/2022,-26800,-454260000,16.95(-0.29 %),400,6780000,27200,461040000,116304639,13.35
28/09/2022,-13200,-222420000,16.85(-0.88 %),0,0,13200,222420000,116304639,13.35
29/09/2022,-11300,-188145000,16.65(-1.48 %),5000,83250000,16300,271395000,116326839,13.34
30/09/2022,-111100,-1833150000,16.5(-1.20 %),8500,140250000,119600,1973400000,116331539,13.34
03/10/2022,-58900,-945345000,16.05(-2.73 %),300,4815000,59200,950160000,116347539,13.34
04/10/2022,-105300,-1674270000,15.9(-1.24 %),500,7950000,105800,1682220000,116466639,13.3
05/10/2022,-18600,-308760000,16.6(4.40 %),0,0,18600,308760000,116525839,13.28
06/10/2022,-300,-4935000,16.45(-0.90 %),0,0,300,4935000,116631639,13.25
07/10/2022,1100,17380000,15.8(-4.24 %),1100,17380000,0,0,116649139,13.24
10/10/2022,-21500,-338625000,15.75(-0.32 %),3200,50400000,24700,389025000,116646239,13.24
11/10/2022,9670,147467500,15.25(-3.48 %),27800,423950000,18130,276482500,116618439,13.25
12/10/2022,-54632,-833138000,15.25(-0.33 %),5300,80825000,59932,913963000,116637839,13.25
13/10/2022,-22101,-334830150,15.15(-0.98 %),0,0,22101,334830150,116655969,13.24
14/10/2022,-11442,-173918400,15.2(0.00 %),17000,258400000,28442,432318400,116698901,13.23
17/10/2022,-27700,-418270000,15.1(-0.66 %),300,4530000,28000,422800000,116720702,13.22
18/10/2022,-15000,-229500000,15.3(1.32 %),0,0,15000,229500000,116749144,13.21
19/10/2022,-27700,-429785000,15.45(0.98 %),4100,62920000,31800,492705000,116776844,13.44
20/10/2022,-6900,-107255000,15.45(-0.32 %),8100,125305000,15000,232560000,116779944,13.44
21/10/2022,-33100,-499215000,15.1(-2.58 %),1900,28400000,35000,527615000,116813044,13.42
24/10/2022,-11100,-164290000,14.8(-1.99 %),4500,67160000,15600,231450000,116820944,13.42
25/10/2022,-8600,-126360000,14.8(0.00 %),12300,178900000,20900,305260000,116829544,13.42
26/10/2022,-14900,-219725000,14.85(0.34 %),5600,82880000,20500,302605000,116843844,13.42
27/10/2022,-34100,-517820000,15.75(5.70 %),2300,34155000,36400,551975000,116871664,13.18
28/10/2022,-39700,-613365000,15.45(-2.22 %),20300,313635000,60000,927000000,116871864,13.18
31/10/2022,-25600,-384000000,15(-3.23 %),3300,49500000,28900,433500000,116904964,13.17
01/11/2022,-13900,-204330000,14.7(-2.00 %),2100,30870000,16000,235200000,116962864,13.15
02/11/2022,-12800,-184320000,14.4(-2.04 %),2200,31680000,15000,216000000,116989564,13.14
03/11/2022,-10800,-151740000,14.05(-2.43 %),4200,59010000,15000,210750000,117001364,13.14
04/11/2022,-19500,-272025000,13.95(-1.06 %),5400,75330000,24900,347355000,117010964,13.13
07/11/2022,-14100,-188235000,13.35(-4.64 %),4100,54735000,18200,242970000,117021864,13.13
08/11/2022,-800,-10320000,12.9(-3.73 %),17700,228330000,18500,238650000,117029064,13.13
09/11/2022,-21600,-281880000,13.05(1.16 %),0,0,21600,281880000,117047264,13.12
10/11/2022,-32000,-388800000,12.15(-7.25 %),4800,58320000,36800,447120000,117060964,13.12
11/11/2022,-10700,-131075000,12.25(0.41 %),13300,162925000,24000,294000000,117069264,13.12
14/11/2022,-12800,-152960000,11.95(-2.85 %),2200,26290000,15000,179250000,117103864,13.1
15/11/2022,-400,-4480000,11.2(-6.67 %),16700,187040000,17100,191520000,117111164,13.1
16/11/2022,-23690,-278357500,11.75(4.91 %),10300,121025000,33990,399382500,117115864,13.1
17/11/2022,-73300,-890595000,12.15(2.97 %),8700,105705000,82000,996300000,117124264,13.1
18/11/2022,2100,26040000,12.4(1.64 %),6100,75640000,4000,49600000,117152154,13.09
21/11/2022,8900,110360000,12.4(0.00 %),11900,147560000,3000,37200000,117222254,13.07
22/11/2022,-6300,-78120000,12.4(0.00 %),3800,47120000,10100,125240000,117222454,13.07
23/11/2022,2800,34300000,12.25(-1.21 %),2800,34300000,0,0,117222654,13.07
24/11/2022,-32800,-406720000,12.4(1.22 %),9100,112840000,41900,519560000,117223654,13.07
25/11/2022,-13000,-161200000,12.4(0.00 %),4500,55800000,17500,217000000,117219154,13.07
28/11/2022,-1800,-22950000,12.75(2.82 %),8200,104550000,10000,127500000,117220954,13.3
29/11/2022,14600,194180000,13.3(3.91 %),16000,212800000,1400,18620000,117206354,13.3
30/11/2022,5500,73150000,13.3(0.00 %),6000,79800000,500,6650000,117200854,13.3
01/12/2022,-33040,-437780000,13.25(-0.38 %),17000,225250000,50040,663030000,117241354,13.29
02/12/2022,-2100,-28035000,13.35(0.38 %),6900,92115000,9000,120150000,117243454,0.0
05/12/2022,15092,204496600,13.55(1.12 %),15100,204605000,8,108400,117228362,13.3
06/12/2022,69800,935320000,13.4(-1.47 %),75100,1006340000,5300,71020000,117158562,13.32
07/12/2022,10695,141174000,13.2(-1.49 %),10700,141240000,5,66000,117147867,13.32
08/12/2022,2900,38570000,13.3(0.76 %),2900,38570000,0,0,117196902,13.08
09/12/2022,-7100,-94075000,13.25(-0.38 %),0,0,7100,94075000,117196907,13.08
12/12/2022,6300,84420000,13.4(0.75 %),12200,163480000,5900,79060000,117145767,0.0
13/12/2022,-11400,-152190000,13.35(-0.37 %),100,1335000,11500,153525000,117157167,13.32
14/12/2022,-9400,-126430000,13.45(0.37 %),400,5380000,9800,131810000,117166567,0.0
15/12/2022,-20430,-274783500,13.45(-0.37 %),5100,68595000,25530,343378500,117186997,0.0
16/12/2022,-221500,-2879500000,13(-3.70 %),1400,18200000,222900,2897700000,117408497,0.0
19/12/2022,-37300,-484900000,13(0.00 %),300,3900000,37600,488800000,117445797,0.0
20/12/2022,-63010,-787625000,12.5(-3.85 %),0,0,63010,787625000,117508807,13.21
21/12/2022,-99100,-1228840000,12.4(-0.80 %),500,6200000,99600,1235040000,117607907,13.18
22/12/2022,22200,280830000,12.65(2.02 %),31200,394680000,9000,113850000,117585707,13.18
23/12/2022,-15380,-196095000,12.75(0.39 %),3500,44625000,18880,240720000,117601087,0.0
26/12/2022,28400,360680000,12.7(-0.78 %),37200,472440000,8800,111760000,117572687,13.19
27/12/2022,5800,73370000,12.65(-0.39 %),8800,111320000,3000,37950000,117566887,0.0
28/12/2022,4800,60960000,12.7(0.00 %),6000,76200000,1200,15240000,117562087,0.0
29/12/2022,-12100,-153065000,12.65(-0.39 %),5500,69575000,17600,222640000,117607327,12.95
30/12/2022,-1100,-13915000,12.65(-0.39 %),3300,41745000,4400,55660000,117605227,12.95
03/01/2023,200,2620000,13.1(3.15 %),200,2620000,0,0,117605027,13.18
04/01/2023,-32200,-421820000,13.1(0.00 %),7800,102180000,40000,524000000,117619227,12.95
05/01/2023,-100,-1360000,13.6(3.82 %),4100,55760000,4200,57120000,117615127,12.95
06/01/2023,1100,14960000,13.6(0.00 %),1100,14960000,0,0,117654027,12.94
09/01/2023,2700,36720000,13.6(0.00 %),2700,36720000,0,0,117655527,12.94
10/01/2023,16400,223040000,13.6(0.00 %),17400,236640000,1000,13600000,117638127,12.94
11/01/2023,6300,85995000,13.65(0.37 %),9100,124215000,2800,38220000,117629027,12.94
12/01/2023,3900,53625000,13.75(0.36 %),10000,137500000,6100,83875000,117620027,12.95
13/01/2023,0,53625000,14(1.45 %),0,137500000,0,83875000,117622827,12.95
16/01/2023,-9700,-133860000,13.8(-1.43 %),400,5520000,10100,139380000,117628527,12.94
17/01/2023,-1500,-21000000,14(1.45 %),500,7000000,2000,28000000,117628027,12.94
18/01/2023,11800,166380000,14.1(0.71 %),11900,167790000,100,1410000,117626227,12.94
19/01/2023,4600,65550000,14.25(1.06 %),4600,65550000,0,0,117623627,12.95
27/01/2023,-13700,-195225000,14.25(-0.35 %),5300,75525000,19000,270750000,117618427,12.95
30/01/2023,2600,37180000,14.3(0.00 %),2900,41470000,300,4290000,117615527,12.95
31/01/2023,3200,45920000,14.35(0.35 %),3200,45920000,0,0,117631327,12.94
01/02/2023,-13500,-193725000,14.35(-0.35 %),200,2870000,13700,196595000,117631427,12.94
02/02/2023,8200,116850000,14.25(-1.04 %),8900,126825000,700,9975000,117622527,12.95
03/02/2023,5500,78650000,14.3(0.00 %),5500,78650000,0,0,117630727,12.94
06/02/2023,2000,29400000,14.7(2.80 %),3600,52920000,1600,23520000,117627827,12.94
07/02/2023,-35900,-534910000,14.9(1.36 %),1100,16390000,37000,551300000,117626727,12.94
08/02/2023,11400,167580000,14.7(-1.34 %),14000,205800000,2600,38220000,117614327,12.95
09/02/2023,-57400,-855260000,14.9(1.36 %),0,0,57400,855260000,117651327,12.94
10/02/2023,22100,329290000,14.9(0.00 %),22100,329290000,0,0,117631827,12.94
13/02/2023,-13400,-192960000,14.4(-3.36 %),100,1440000,13500,194400000,117689127,12.93
14/02/2023,700,10115000,14.45(0.35 %),700,10115000,0,0,117688427,12.93
15/02/2023,-1300,-19045000,14.65(1.03 %),0,0,1300,19045000,117701927,12.92
16/02/2023,0,-19045000,14.6(-0.68 %),0,0,0,19045000,117701927,12.92
17/02/2023,3200,47040000,14.7(0.68 %),3200,47040000,0,0,117700027,12.92
20/02/2023,400,5940000,14.85(1.02 %),10000,148500000,9600,142560000,117690027,12.92
21/02/2023,8800,132000000,15(0.67 %),11100,166500000,2300,34500000,117678927,12.93
22/02/2023,12100,178475000,14.75(-1.67 %),17900,264025000,5800,85550000,117670627,12.93
23/02/2023,18500,272875000,14.75(-0.34 %),19100,281725000,600,8850000,117653827,12.94
24/02/2023,12200,179340000,14.7(-0.68 %),15700,230790000,3500,51450000,117641627,13.17
27/02/2023,11500,169050000,14.7(0.00 %),18500,271950000,7000,102900000,117626027,12.94
28/02/2023,-3000,-44400000,14.8(0.68 %),5000,74000000,8000,118400000,117624527,12.94
01/03/2023,22786,339511400,14.9(0.68 %),23386,348451400,600,8940000,117608141,12.95
02/03/2023,38900,602950000,15.5(4.03 %),39200,607600000,300,4650000,117576941,12.96
03/03/2023,13300,205485000,15.45(-0.32 %),13300,205485000,0,0,117564241,12.96
06/03/2023,6500,99450000,15.3(-1.29 %),11000,168300000,4500,68850000,117553541,12.97
07/03/2023,15700,240995000,15.35(0.33 %),18000,276300000,2300,35305000,117535541,12.97
08/03/2023,28100,434145000,15.45(0.32 %),29200,451140000,1100,16995000,117510841,12.98
09/03/2023,-37300,-574420000,15.4(-0.65 %),11700,180180000,49000,754600000,117501441,12.98
10/03/2023,29100,445230000,15.3(-0.65 %),29400,449820000,300,4590000,117473141,12.99
13/03/2023,44200,676260000,15.3(0.00 %),53000,810900000,8800,134640000,117428941,0.0
14/03/2023,13500,201825000,14.95(-2.29 %),14500,216775000,1000,14950000,117454941,13.0
15/03/2023,8100,122715000,15.15(1.00 %),8200,124230000,100,1515000,117455541,13.0
16/03/2023,39500,592500000,15(-1.32 %),39500,592500000,0,0,117417041,13.01
17/03/2023,4000,60400000,15.1(0.67 %),31400,474140000,27400,413740000,117385741,13.02
20/03/2023,36100,543305000,15.05(-0.33 %),37100,558355000,1000,15050000,117348641,13.03
21/03/2023,8700,179340000,15.1(0.00 %),9000,230790000,300,51450000,117367041,13.02
22/03/2023,32300,480650000,14.05(-6.95 %),32700,486710000,400,6060000,117334741,13.26
23/03/2023,6800,96890000,14.35(1.77 %),8000,113750000,1200,16860000,117327941,13.26
24/03/2023,21900,304840000,13.75(-4.51 %),21900,304840000,0,0,117306041,13.27
27/03/2023,2610,36540000,14(1.45 %),2610,36540000,0,0,117303431,13.27
28/03/2023,29500,408575000,13.85(-1.07 %),29500,408575000,0,0,117273931,13.28
29/03/2023,6000,83400000,13.9(0.00 %),6000,83400000,0,0,117269221,13.05
30/03/2023,0,83400000,14.05(1.08 %),0,83400000,0,0,117269221,13.05
31/03/2023,33480,470394000,14.05(-0.35 %),33500,470675000,20,281000,117235721,13.06
03/04/2023,-700,-9765000,13.95(-1.06 %),100,1395000,800,11160000,117235621,13.06
04/04/2023,5300,74995000,14.15(1.07 %),5900,83485000,600,8490000,117229741,13.07
05/04/2023,28900,411825000,14.25(0.35 %),29600,421800000,700,9975000,117200941,13.07
06/04/2023,-50000,-710000000,14.2(-0.70 %),0,0,50000,710000000,117201541,13.07
07/04/2023,0,0,14.2(0.00 %),100,1420000,100,1420000,117202141,13.07
10/04/2023,-8700,-131805000,15.15(6.69 %),5000,75750000,13700,207555000,117247141,13.06
11/04/2023,-840,-12936000,15.4(1.32 %),100,1540000,940,14476000,117247141,13.06
12/04/2023,-5160,-79464000,15.4(0.00 %),0,0,5160,79464000,117260841,13.06
13/04/2023,-8500,-127500000,15(-2.60 %),4500,67500000,13000,195000000,117257281,13.06
14/04/2023,-4000,-58400000,14.6(-2.67 %),1000,14600000,5000,73000000,117261441,13.06
17/04/2023,-7700,-113575000,14.75(1.03 %),2300,33925000,10000,147500000,117272141,13.05
18/04/2023,-5207,-75761850,14.55(-1.69 %),5100,74205000,10307,149966850,117272041,13.05
19/04/2023,-12900,-188985000,14.65(0.34 %),200,2930000,13100,191915000,117281841,13.05
20/04/2023,-1000,-14675000,14.7(0.00 %),500,7300000,1500,21975000,117282841,13.28
21/04/2023,0,-14700000,14.55(-1.02 %),0,7350000,0,22050000,117304748,13.04
24/04/2023,-1900,-28595000,15.05(3.08 %),200,3010000,2100,31605000,117306048,13.04
25/04/2023,-12700,-190500000,15(-0.66 %),2300,34500000,15000,225000000,117303748,13.04
26/04/2023,-19000,-285000000,15(0.00 %),1000,15000000,20000,300000000,117304848,13.04
27/04/2023,-11600,-176820000,15.2(1.33 %),0,0,11600,176820000,117316448,13.27
28/04/2023,-5300,-85060000,15.35(0.99 %),9700,147440000,15000,232500000,117321748,13.27
04/05/2023,-27200,-422955000,15.5(0.98 %),0,0,27200,422955000,117330148,13.26
05/05/2023,-15900,-245615000,15.4(-0.65 %),0,0,15900,245615000,117356748,13.03
08/05/2023,-119100,-1846270000,15.75(2.27 %),0,0,119100,1846270000,117383961,13.02
09/05/2023,-1100,-17475000,15.6(-1.27 %),1900,29925000,3000,47400000,117397961,13.01
10/05/2023,14900,230990000,15.45(-0.96 %),14900,230990000,0,0,117383061,13.25
11/05/2023,300,4650000,15.5(0.00 %),300,4650000,0,0,117504861,12.98
12/05/2023,9500,147440000,15.5(0.00 %),10500,162940000,1000,15500000,117494361,12.98
15/05/2023,2400,37100000,15.45(-0.32 %),2500,38650000,100,1550000,117491961,13.21
16/05/2023,-1300,-20085000,15.4(-0.32 %),0,0,1300,20085000,117493261,13.21
17/05/2023,5600,80410000,14.9(-3.25 %),19000,285000000,13400,204590000,117487661,13.21
18/05/2023,0,0,15.1(1.34 %),0,0,0,0,117487661,13.21
19/05/2023,-700,-10760000,15.3(1.32 %),0,0,700,10760000,117488361,13.21
22/05/2023,-2200,-34320000,15.6(1.96 %),0,0,2200,34320000,117490561,13.21
23/05/2023,7900,123290000,15.55(-0.32 %),7900,123290000,0,0,117482661,13.22
24/05/2023,7200,111470000,15.4(-0.96 %),12300,191030000,5100,79560000,117475461,13.22
25/05/2023,-17300,-265045000,15.4(0.00 %),10800,165510000,28100,430555000,117492761,13.21
26/05/2023,-8300,-127835000,15.35(-0.32 %),7800,119855000,16100,247690000,117501061,13.21
29/05/2023,-18300,-279830000,15.35(0.00 %),11500,176095000,29800,455925000,117519361,13.2
30/05/2023,-2800,-43790000,15.45(0.65 %),2200,33960000,5000,77750000,117522161,13.2
31/05/2023,8200,126705000,15.5(0.32 %),9000,139105000,800,12400000,117513961,13.21
01/06/2023,-300,-4835000,15.55(0.32 %),800,12320000,1100,17155000,117509191,13.21
02/06/2023,-400,-6255000,15.65(0.64 %),0,0,400,6255000,117509591,13.21
05/06/2023,4000,66605000,16.4(4.79 %),7000,114005000,3000,47400000,117505591,13.21
06/06/2023,43900,722470000,16.4(0.00 %),46400,763970000,2500,41500000,117461691,13.22
07/06/2023,4600,74950000,16.4(0.00 %),9600,157450000,5000,82500000,117457091,13.22
08/06/2023,5200,88125000,16.25(-0.91 %),10400,173720000,5200,85595000,117451891,13.23
09/06/2023,7100,117485000,16.75(3.08 %),7100,117485000,0,0,117444791,13.23
12/06/2023,-5100,-85410000,17.3(3.28 %),2500,43250000,7600,128660000,117449891,13.23
13/06/2023,-3500,-59965000,16.8(-2.89 %),0,0,3500,59965000,117453391,13.23
14/06/2023,-5000,-83685000,16.8(0.00 %),1600,26860000,6600,110545000,117458391,13.22
15/06/2023,5600,94435000,16.6(-1.19 %),6100,102785000,500,8350000,117452791,13.23
16/06/2023,1500,24855000,16.4(-1.20 %),1500,24855000,0,0,117456971,13.0
19/06/2023,13100,210090000,15.95(-2.74 %),13100,210090000,0,0,117444371,13.0
20/06/2023,6400,103030000,16.25(1.56 %),6400,103030000,0,0,117437971,13.23
21/06/2023,-8900,-146440000,16.2(-0.61 %),400,6520000,9300,152960000,117437571,13.0
22/06/2023,12400,203490000,16.45(1.54 %),16800,275585000,4400,72095000,117425171,13.23
23/06/2023,8200,135200000,16.3(-1.21 %),8500,140180000,300,4980000,117416971,13.24
26/06/2023,5400,87115000,16(-1.84 %),5800,93595000,400,6480000,117420171,13.01
27/06/2023,28900,462090000,16.1(0.62 %),28900,462090000,0,0,117391271,13.24
28/06/2023,10300,165935000,16.1(0.00 %),11800,190085000,1500,24150000,117380971,13.25
29/06/2023,6500,104495000,16(-0.62 %),6500,104495000,0,0,117374471,13.25
30/06/2023,4400,69960000,15.9(-0.62 %),4400,69960000,0,0,117370071,13.25
03/07/2023,-9300,-147670000,16.05(0.94 %),3400,54260000,12700,201930000,117370771,13.25
04/07/2023,1000,16000000,16(-0.62 %),1000,16000000,0,0,117369771,13.25
05/07/2023,0,0,16.1(0.62 %),0,0,0,0,117369771,13.25
06/07/2023,-4700,-75485000,16.05(-0.31 %),2200,35375000,6900,110860000,117376871,13.02
07/07/2023,-1300,-20740000,15.9(-1.24 %),0,0,1300,20740000,117376871,13.02
10/07/2023,-35400,-563180000,16.15(1.57 %),13200,209915000,48600,773095000,117412271,13.24
11/07/2023,-17300,-279910000,16.15(-0.31 %),11100,179330000,28400,459240000,117429571,13.23
12/07/2023,-14700,-237575000,16.15(-0.31 %),2200,35530000,16900,273105000,117444271,13.23
13/07/2023,-14000,-225570000,16.2(0.00 %),4500,72660000,18500,298230000,117458271,13.22
14/07/2023,-1900,-30020000,15.8(0.00 %),0,0,1900,30020000,117448021,13.0
17/07/2023,-4700,-72960000,15.65(-0.95 %),10800,169020000,15500,241980000,117452721,13.23
18/07/2023,-13900,-216280000,15.4(-1.91 %),100,1555000,14000,217835000,117466621,13.22
19/07/2023,-26600,-431100000,16.45(6.82 %),6400,98880000,33000,529980000,117466621,12.99
20/07/2023,-106800,-1727900000,16.3(-1.21 %),8000,130075000,114800,1857975000,117573421,13.19
21/07/2023,-2800,-45660000,15.95(-2.15 %),2600,41915000,5400,87575000,117576221,13.19
24/07/2023,18100,290990000,16.1(0.62 %),19300,310310000,1200,19320000,117598521,12.95
25/07/2023,5400,85940000,15.85(-1.55 %),5400,85940000,0,0,117598521,12.95
26/07/2023,-12700,-204320000,16.15(1.89 %),19100,306070000,31800,510390000,117611221,13.18
27/07/2023,9800,156760000,15.8(-2.47 %),9800,156760000,0,0,117601421,13.18
28/07/2023,14400,212855000,14.95(-5.38 %),29400,437690000,15000,224835000,117587021,13.18
31/07/2023,-13000,-191190000,14.8(-1.33 %),13400,198110000,26400,389300000,117600021,13.18
01/08/2023,-8700,-128590000,14.85(0.34 %),12900,192160000,21600,320750000,117559817,13.19
02/08/2023,-15000,-221240000,14.85(-0.34 %),17300,256675000,32300,477915000,117574817,13.19
03/08/2023,-24600,-366775000,14.85(-0.34 %),1900,28240000,26500,395015000,117599417,13.18
04/08/2023,-29600,-436400000,14.8(-0.34 %),7400,109440000,37000,545840000,117615617,12.95
07/08/2023,-6800,-100935000,14.85(0.34 %),3000,44400000,9800,145335000,117622417,13.17
08/08/2023,-22000,-325450000,14.8(-0.34 %),1200,17710000,23200,343160000,117644417,13.17
09/08/2023,-3700,-54705000,14.75(-0.34 %),200,2945000,3900,57650000,117648117,13.16
10/08/2023,-10500,-154315000,14.65(-0.68 %),2400,35250000,12900,189565000,117658617,13.16
11/08/2023,-9200,-133730000,14.5(-1.02 %),200,2920000,9400,136650000,117667817,13.16
14/08/2023,-30600,-443055000,14.5(0.00 %),19500,283565000,50100,726620000,117702422,12.92
15/08/2023,-39800,-574415000,14.4(-0.69 %),7300,105760000,47100,680175000,117704522,12.92
16/08/2023,-21100,-306685000,14.45(0.35 %),17700,256320000,38800,563005000,117736972,12.91
17/08/2023,-34300,-495035000,14.45(-0.34 %),100,1445000,34400,496480000,117771272,13.13
18/08/2023,-32800,-471690000,13.8(-4.83 %),38300,535740000,71100,1007430000,117784472,12.9
21/08/2023,-14500,-196445000,13.6(-1.45 %),31700,430520000,46200,626965000,117787172,12.89
22/08/2023,-84600,-1149275000,13.7(0.74 %),19800,269585000,104400,1418860000,117838472,12.88
23/08/2023,-96900,-1320055000,13.65(-0.36 %),29000,394430000,125900,1714485000,117855672,12.87
24/08/2023,-297000,-4036580000,13.75(0.73 %),64700,887260000,361700,4923840000,118152672,13.01
25/08/2023,-83800,-1144470000,13.8(0.36 %),6400,88130000,90200,1232600000,118014932,12.83
28/08/2023,-16600,-231650000,14.2(2.90 %),1600,22680000,18200,254330000,118031532,13.04
29/08/2023,-6200,-90610000,14.65(3.17 %),600,8790000,6800,99400000,118464632,12.69
30/08/2023,1000,14485000,14.5(-1.02 %),1200,17420000,200,2935000,118463632,12.91
31/08/2023,-45800,-657255000,14.35(-1.03 %),16100,232930000,61900,890185000,118472382,12.68
05/09/2023,-27100,-390265000,14.8(3.14 %),30600,446455000,57700,836720000,118441982,12.69
06/09/2023,190400,2908035000,15(1.35 %),288500,4371920000,98100,1463885000,118251582,12.98
07/09/2023,-600,-9000000,14.85(-1.00 %),0,0,600,9000000,118273082,12.75
08/09/2023,5300,78420000,14.75(-0.67 %),6000,88750000,700,10330000,118365187,12.72
11/09/2023,-8700,-129075000,14.75(0.00 %),2100,31065000,10800,160140000,118363687,12.72
12/09/2023,-47800,-703060000,14.55(-1.36 %),6500,95275000,54300,798335000,118357887,12.72
13/09/2023,-29000,-426725000,14.6(0.34 %),3000,43800000,32000,470525000,118365687,12.72
14/09/2023,-6600,-96795000,14.7(0.68 %),300,4380000,6900,101175000,118419687,12.7
15/09/2023,2700,39970000,14.7(0.00 %),3900,57720000,1200,17750000,118447787,12.69
18/09/2023,0,0,14.55(-1.02 %),0,0,0,0,118447787,12.92
19/09/2023,-18900,-274785000,14.6(0.34 %),4300,62415000,23200,337200000,118470887,12.91
20/09/2023,-7000,-102260000,14.6(0.00 %),1200,17410000,8200,119670000,118477887,12.91
21/09/2023,1000,14500000,14.5(-0.68 %),1000,14500000,0,0,118476887,12.91
22/09/2023,100,140000,14.25(-1.72 %),8100,115340000,8000,115200000,118473787,12.68
25/09/2023,-5400,-75705000,14(-1.75 %),0,0,5400,75705000,118473867,12.68
26/09/2023,2200,30585000,13.8(-1.43 %),2200,30585000,0,0,118479667,12.68
27/09/2023,1200,16475000,13.75(-0.36 %),3700,50975000,2500,34500000,118478467,12.91
28/09/2023,-1600,-22270000,13.9(1.09 %),0,0,1600,22270000,118480067,12.9
29/09/2023,-20000,-280000000,13.95(0.36 %),0,0,20000,280000000,118483867,12.68
02/10/2023,-19100,-265490000,14.05(0.72 %),0,0,19100,265490000,118485467,12.68
03/10/2023,-200,-2810000,14(-0.36 %),0,0,200,2810000,118505467,12.67
04/10/2023,-3500,-48640000,14(0.00 %),1200,16690000,4700,65330000,118508967,12.9
05/10/2023,0,0,13.85(-1.07 %),0,0,0,0,118523572,12.67
06/10/2023,1300,17605000,13.8(-0.36 %),4000,55000000,2700,37395000,118522272,12.89
09/10/2023,7700,106395000,14.05(1.81 %),7700,106395000,0,0,118514572,12.89
10/10/2023,3500,49335000,13.95(-0.71 %),9500,132735000,6000,83400000,118509772,12.67
11/10/2023,11500,161430000,14.05(0.72 %),11500,161430000,0,0,118498272,12.68
12/10/2023,400,5600000,14.05(0.00 %),900,12650000,500,7050000,118503372,12.68
13/10/2023,8500,119730000,14.15(0.71 %),8800,123960000,300,4230000,118494572,12.68
16/10/2023,400,5660000,14.05(-0.71 %),600,8490000,200,2830000,118494472,12.68
17/10/2023,3400,47000000,13.8(1.10 %),5100,70490000,1700,23490000,118489672,12.68
18/10/2023,-3800,-52155000,13.6(-1.45 %),0,0,3800,52155000,118489872,12.68
19/10/2023,16300,219705000,13.4(-1.47 %),16500,222405000,200,2700000,118475072,12.68
20/10/2023,-35300,-458770000,13.4(0.00 %),2000,26550000,37300,485320000,118476872,12.68
23/10/2023,1000,13100000,13.35(-0.37 %),6000,80100000,5000,67000000,118471072,12.69
24/10/2023,5000,66355000,13.35(0.00 %),13000,173125000,8000,106770000,118466072,12.91
25/10/2023,0,0,13.35(0.00 %),0,0,0,0,118495372,12.68
26/10/2023,900,11575000,12.45(-6.74 %),900,11575000,0,0,118507522,12.67
27/10/2023,7700,94710000,12.45(0.00 %),7700,94710000,0,0,118499822,12.68
30/10/2023,3000,37700000,12.55(0.80 %),3000,37700000,0,0,118496822,12.68
31/10/2023,2600,32750000,12.55(0.00 %),9900,124355000,7300,91605000,118486922,12.68
01/11/2023,0,0,12.45(-0.80 %),0,0,0,0,118486922,12.68
02/11/2023,-12100,-151550000,12.85(3.21 %),100,1270000,12200,152820000,118499022,12.9
03/11/2023,0,0,12.85(0.00 %),0,0,0,0,118499022,12.9
06/11/2023,7500,96375000,12.95(0.78 %),7500,96375000,0,0,118491522,12.9
07/11/2023,3000,38850000,12.95(0.00 %),3000,38850000,0,0,118488522,12.9
08/11/2023,-11300,-147655000,13.4(3.47 %),1000,12800000,12300,160455000,118494822,12.68
09/11/2023,-1400,-18560000,13.3(-0.75 %),3300,44220000,4700,62780000,118491582,12.68
10/11/2023,100,1320000,13.35(0.38 %),200,2670000,100,1350000,118503682,12.68
13/11/2023,3100,41430000,13.4(0.37 %),3100,41430000,0,0,118505282,12.67
14/11/2023,-91,-1219400,13.3(-0.75 %),0,0,91,1219400,118500673,12.9
15/11/2023,-4200,-56575000,13.45(1.13 %),100,1345000,4300,57920000,118504873,12.9
16/11/2023,0,0,13.45(0.00 %),0,0,0,0,118504873,12.9
17/11/2023,-3000,-39900000,13.45(0.00 %),0,0,3000,39900000,118509673,12.67
20/11/2023,-4000,-53315000,13.4(-0.37 %),0,0,4000,53315000,118509673,12.67
21/11/2023,0,0,13.3(-0.75 %),0,0,0,0,118512673,12.67
22/11/2023,3200,42555000,13.2(-0.75 %),5500,73150000,2300,30595000,118511173,12.67
23/11/2023,600,7875000,13.1(-0.76 %),600,7875000,0,0,118510573,12.9
24/11/2023,-3000,-39150000,13.1(0.00 %),0,0,3000,39150000,118513573,12.89
27/11/2023,-1000,-13130000,13.3(1.53 %),700,9310000,1700,22440000,118514573,12.89
28/11/2023,-14700,-198490000,13.55(1.88 %),0,0,14700,198490000,118529273,12.89
29/11/2023,-6800,-92500000,13.7(1.11 %),5000,67750000,11800,160250000,118536073,12.89
30/11/2023,-21400,-296860000,14(2.19 %),0,0,21400,296860000,118557473,12.88
01/12/2023,-12900,-184760000,14.4(2.86 %),0,0,12900,184760000,118526593,12.89
04/12/2023,1900,27550000,14.9(3.47 %),2000,29000000,100,1450000,118524693,12.89
05/12/2023,-7200,-106430000,14.75(-1.01 %),1300,19370000,8500,125800000,118531893,12.89
06/12/2023,0,0,14.8(0.34 %),0,0,0,0,118531893,12.89
07/12/2023,-52100,-760810000,14.65(-1.01 %),0,0,52100,760810000,118583993,12.87
08/12/2023,-21700,-316895000,14.6(-0.34 %),3500,51100000,25200,367995000,118605693,12.87
11/12/2023,-4700,-68395000,14.6(0.00 %),100,1455000,4800,69850000,118610393,12.86
12/12/2023,-12400,-181040000,14.6(0.00 %),0,0,12400,181040000,118622793,12.86
13/12/2023,-3700,-54005000,14.55(-0.34 %),0,0,3700,54005000,118626493,12.86
14/12/2023,-8400,-121245000,14.5(-0.34 %),0,0,8400,121245000,118634893,12.86
15/12/2023,-9200,-133400000,14.5(0.00 %),0,0,9200,133400000,118644093,12.85
18/12/2023,-21000,-304420000,14.6(0.69 %),2300,33430000,23300,337850000,118665093,12.85
19/12/2023,-24200,-351805000,14.55(-0.34 %),1300,19175000,25500,370980000,118689293,12.84
20/12/2023,-9400,-137650000,14.95(2.75 %),4000,58200000,13400,195850000,118698693,12.84
21/12/2023,-50500,-744890000,14.9(-0.33 %),17000,253830000,67500,998720000,118749193,12.82
22/12/2023,-16200,-241280000,15(0.67 %),5700,84900000,21900,326180000,118765393,12.82
25/12/2023,-13900,-206985000,14.9(-0.67 %),3700,55210000,17600,262195000,118779293,12.81
26/12/2023,-13500,-200240000,14.65(0.21 %),7300,107600000,20800,307840000,118792793,12.81
27/12/2023,21000,308665000,14.75(0.68 %),24000,352465000,3000,43800000,118771793,12.81
28/12/2023,14100,208090000,14.8(0.34 %),24000,353360000,9900,145270000,118757693,12.82
29/12/2023,-1900,-28710000,14.75(-0.34 %),10000,148000000,11900,176710000,118759593,12.82
02/01/2024,6000,88500000,14.85(0.68 %),6000,88500000,0,0,118787880,12.59
03/01/2024,-8100,-121500000,14.95(0.67 %),0,0,8100,121500000,118792078,12.81
04/01/2024,-300,-4485000,14.85(-0.67 %),0,0,300,4485000,118792378,12.81
05/01/2024,-3400,-51445000,14.8(-0.34 %),2800,41555000,6200,93000000,118795778,12.81
08/01/2024,0,0,14.9(0.68 %),0,0,0,0,118795778,12.81
09/01/2024,100,1545000,15.5(4.03 %),100,1545000,0,0,118811480,12.58
10/01/2024,7900,125705000,15.8(1.94 %),9200,146245000,1300,20540000,118802280,12.58
11/01/2024,-3100,-48720000,15.75(-0.32 %),5100,80830000,8200,129550000,118797176,12.59
12/01/2024,10800,169830000,15.55(-1.27 %),10800,169830000,0,0,118774078,12.81
15/01/2024,13900,219420000,15.8(1.61 %),15000,236750000,1100,17330000,118780856,12.59
16/01/2024,20200,318175000,15.8(0.00 %),20200,318175000,0,0,118760656,12.6
17/01/2024,-61300,-960835000,15.7(-0.63 %),36300,570720000,97600,1531555000,118725456,12.61
18/01/2024,30800,479120000,15.55(-0.96 %),47500,739955000,16700,260835000,118770478,12.81
19/01/2024,-51400,-704820000,13.75(-11.58 %),500,6875000,51900,711695000,118821878,12.8
22/01/2024,63000,872530000,13.8(0.36 %),66600,922750000,3600,50220000,118758878,12.82
23/01/2024,-21100,-290575000,13.85(0.36 %),10900,150375000,32000,440950000,118779978,12.81
24/01/2024,-1500,-20700000,13.75(-0.72 %),0,0,1500,20700000,118781478,12.81
25/01/2024,-800,-11085000,13.65(-0.73 %),1700,23290000,2500,34375000,118782278,12.81
26/01/2024,-16100,-220270000,13.65(0.00 %),24000,327600000,40100,547870000,118798378,12.81
29/01/2024,-43100,-588350000,13.65(0.00 %),400,5460000,43500,593810000,118779704,12.59
30/01/2024,-14800,-202170000,13.65(0.00 %),0,0,14800,202170000,118819808,12.58
31/01/2024,-122600,-1686030000,13.65(0.00 %),11700,159915000,134300,1845945000,118851608,12.57
01/02/2024,-58700,-798555000,13.65(0.00 %),5000,67750000,63700,866305000,118851607,12.79
02/02/2024,-4700,-64140000,13.7(0.37 %),5300,72610000,10000,136750000,118861408,12.57
05/02/2024,-8360,-114144000,13.7(0.00 %),4700,64290000,13060,178434000,118859667,12.79
06/02/2024,1400,19180000,13.7(0.00 %),1400,19180000,0,0,119058008,12.51
07/02/2024,-4000,-54740000,13.7(0.00 %),0,0,4000,54740000,119071064,12.5
15/02/2024,-3700,-51240000,13.75(0.36 %),12700,173990000,16400,225230000,119058368,12.51
16/02/2024,-2500,-34420000,13.85(0.73 %),8900,122380000,11400,156800000,119053464,12.51
19/02/2024,-1201,-16233750,13.8(-0.36 %),6600,91420000,7801,107653750,119063264,12.5
20/02/2024,10850,150032500,13.8(0.00 %),13200,182810000,2350,32777500,119061464,12.5
21/02/2024,1200,16560000,13.8(0.00 %),1200,16560000,0,0,119068064,12.5
22/02/2024,600,8310000,13.85(0.36 %),600,8310000,0,0,119068064,12.5
23/02/2024,2548,35192400,13.8(-0.36 %),5300,73300000,2752,38107600,118854470,12.79
26/02/2024,7900,108985000,13.8(0.00 %),8500,117275000,600,8290000,119056016,12.51
27/02/2024,1700,23425000,13.8(0.00 %),1700,23425000,0,0,118844870,12.79
28/02/2024,-42500,-583800000,13.75(-0.36 %),11500,158400000,54000,742200000,118887370,12.78
29/02/2024,-15400,-210610000,13.7(-0.36 %),2300,31545000,17700,242155000,119043872,12.51
01/03/2024,-100,-1375000,13.75(0.36 %),0,0,100,1375000,119043870,12.73
04/03/2024,4500,62325000,13.85(0.73 %),5000,69225000,500,6900000,119039370,12.73
05/03/2024,300,4155000,13.85(0.00 %),300,4155000,0,0,119110368,12.49
06/03/2024,-100,-895000,13.8(-0.36 %),7900,109105000,8000,110000000,119039170,12.73
07/03/2024,16900,230865000,13.8(0.00 %),16900,230865000,0,0,119022270,12.74
08/03/2024,-33000,-452005000,13.65(-1.09 %),500,6845000,33500,458850000,119055270,12.73
11/03/2024,-33300,-454510000,13.6(-0.37 %),2300,31310000,35600,485820000,119088570,12.72
12/03/2024,-4000,-54400000,13.65(0.37 %),500,6800000,4500,61200000,119123272,12.49
13/03/2024,-92300,-1255755000,13.75(0.73 %),2000,27200000,94300,1282955000,119156870,12.48
14/03/2024,-15500,-212300000,13.7(-0.36 %),100,1365000,15600,213665000,119172370,12.69
15/03/2024,-29100,-395740000,13.7(0.00 %),200,2740000,29300,398480000,119201470,12.68
18/03/2024,-26200,-355930000,13.5(-1.46 %),26500,359495000,52700,715425000,119244472,12.45
19/03/2024,-48800,-658515000,13.45(-0.37 %),2500,33740000,51300,692255000,119271272,12.44
20/03/2024,-50000,-674215000,13.5(0.37 %),0,0,50000,674215000,119326470,12.64
21/03/2024,-50000,-676120000,13.55(0.37 %),0,0,50000,676120000,119376470,12.63
22/03/2024,-68000,-923295000,13.55(0.00 %),0,0,68000,923295000,119444470,12.6
25/03/2024,-5600,-67360000,13.75(1.48 %),62600,870140000,68200,937500000,119412728,12.4
26/03/2024,-50200,-685315000,13.65(-0.73 %),0,0,50200,685315000,119382270,12.62
27/03/2024,-50100,-683905000,13.65(0.00 %),0,0,50100,683905000,119548928,12.35
28/03/2024,-50000,-679935000,13.55(-0.73 %),0,0,50000,679935000,119599128,12.34
29/03/2024,-7600,-103415000,13.65(0.74 %),1000,13600000,8600,117015000,119648232,12.32
01/04/2024,-46400,-632825000,13.6(-0.37 %),13000,176200000,59400,809025000,119685232,12.31
02/04/2024,21400,291675000,13.75(1.10 %),21400,291675000,0,0,119626830,12.55
03/04/2024,-102800,-1416350000,13.7(-0.36 %),4800,66180000,107600,1482530000,119727032,12.3
04/04/2024,-58800,-811115000,13.75(0.36 %),500,6850000,59300,817965000,119788430,12.5
05/04/2024,3500,47935000,13.75(0.00 %),3800,52060000,300,4125000,119830328,12.27
08/04/2024,1000,13750000,13.55(-1.45 %),1000,13750000,0,0,119783930,12.5
09/04/2024,-32100,-435560000,13.6(0.37 %),17900,243815000,50000,679375000,119816030,12.49
10/04/2024,-50000,-677235000,13.5(-0.74 %),0,0,50000,677235000,119866030,12.47
11/04/2024,-29100,-393315000,13.5(0.00 %),22000,297950000,51100,691265000,119899100,12.25
12/04/2024,-49100,-664765000,13.55(0.37 %),2000,26950000,51100,691715000,119947100,12.23
15/04/2024,-38900,-524410000,13.3(-1.85 %),11300,151850000,50200,676260000,119983130,12.44
16/04/2024,-67000,-878905000,13(-2.26 %),1100,14450000,68100,893355000,120050130,12.42
17/04/2024,-64700,-880405000,13.45(3.46 %),4700,63890000,69400,944295000,120047830,12.42
19/04/2024,-129000,-1735760000,13.45(0.00 %),3400,45895000,132400,1781655000,120176830,12.38
22/04/2024,-36300,-495920000,13.6(1.12 %),15200,207530000,51500,703450000,120201312,12.15
23/04/2024,-40800,-551480000,13.5(-0.74 %),9200,124720000,50000,676200000,120324512,12.12
24/04/2024,-48400,-654260000,13.5(0.00 %),11600,156595000,60000,810855000,120302330,12.34
25/04/2024,-48900,-661390000,13.5(0.00 %),1200,16200000,50100,677590000,120351230,12.32
26/04/2024,-61500,-829620000,13.45(-0.37 %),0,0,61500,829620000,120473200,12.07
02/05/2024,-62400,-867730000,14.35(6.69 %),17100,235430000,79500,1103160000,120506200,12.06
03/05/2024,-23200,-340310000,14.65(2.09 %),33900,501195000,57100,841505000,120533800,12.05
06/05/2024,-47900,-708845000,15.2(3.75 %),6400,93760000,54300,802605000,120606900,12.03
07/05/2024,-67800,-1024560000,15.2(0.00 %),7500,113375000,75300,1137935000,120656536,12.02
08/05/2024,-152200,-2325700000,15.5(1.97 %),24000,372025000,176200,2697725000,120686832,12.01
09/05/2024,-55400,-857860000,15.2(-1.94 %),2900,45120000,58300,902980000,120759240,11.98
10/05/2024,-4000,-68795000,15.9(4.61 %),56700,862370000,60700,931165000,120878744,11.95
13/05/2024,-71000,-1135740000,16(0.63 %),10000,158235000,81000,1293975000,120927040,11.93
14/05/2024,-69400,-1117635000,16.1(0.62 %),16500,263290000,85900,1380925000,120964103,12.13
15/05/2024,-49900,-799290000,16.05(-0.31 %),5100,82025000,55000,881315000,121014003,12.11
16/05/2024,-48400,-782740000,16.25(1.25 %),9600,154560000,58000,937300000,121062403,12.1
17/05/2024,-49100,-784280000,15.9(-2.15 %),6500,104610000,55600,888890000,121171992,11.86
20/05/2024,-41200,-660235000,15.9(0.00 %),33900,541110000,75100,1201345000,121196100,11.85
21/05/2024,19700,312450000,15.9(0.00 %),26100,414640000,6400,102190000,121225592,11.84
22/05/2024,-31800,-505160000,15.45(-2.83 %),57600,890500000,89400,1395660000,121243096,11.84
23/05/2024,200,22170000,15.9(2.91 %),72100,1137845000,71900,1115675000,121177416,11.86
24/05/2024,-66500,-1034345000,15.15(-4.72 %),2500,39325000,69000,1073670000,121182703,12.06
27/05/2024,81900,1278335000,15.8(4.29 %),140500,2186700000,58600,908365000,121195700,11.85
28/05/2024,4400,67835000,15.85(0.32 %),60600,955330000,56200,887495000,121204100,11.85
29/05/2024,-20100,-317795000,15.7(-0.95 %),35600,560390000,55700,878185000,121227112,11.84
30/05/2024,-18300,-286570000,16.05(2.23 %),68800,1079470000,87100,1366040000,121214480,11.84
31/05/2024,-161200,-2696055000,16.5(2.80 %),2700,44550000,163900,2740605000,121267480,11.83
03/06/2024,72300,1199500000,16.45(-0.30 %),74600,1237725000,2300,38225000,121267478,12.04
04/06/2024,-53700,-881545000,16.35(-0.61 %),12600,205700000,66300,1087245000,121321178,12.02
05/06/2024,36400,599365000,16.3(-0.31 %),93300,1530645000,56900,931280000,121284778,12.03
06/06/2024,-49200,-796120000,16(-1.84 %),30800,498515000,80000,1294635000,121375778,11.79
07/06/2024,28700,459000000,15.65(-2.19 %),78700,1257525000,50000,798525000,121353978,11.8
10/06/2024,169571,2649709050,15.8(0.96 %),240100,3759090000,70529,1109380950,121184407,12.06
11/06/2024,-119800,-1872470000,15.7(-0.63 %),8300,130030000,128100,2002500000,121375778,11.79
12/06/2024,-34200,-536365000,15.65(-0.32 %),26800,419095000,61000,955460000,121279307,11.82
13/06/2024,0,0,15.95(1.92 %),0,0,0,0,121400607,11.79
14/06/2024,-131200,-2078095000,15.5(-2.82 %),6700,105185000,137900,2183280000,121454907,11.77
17/06/2024,-94700,-1465690000,15.35(-0.97 %),11700,181180000,106400,1646870000,121590407,11.73
18/06/2024,56400,891305000,15.7(2.28 %),117600,1845355000,61200,954050000,121610707,11.72
19/06/2024,-8000,-124375000,15.8(0.64 %),42400,667670000,50400,792045000,121674707,11.7
20/06/2024,5200,80840000,15.7(-0.63 %),56000,876855000,50800,796015000,121679907,11.7
21/06/2024,69100,1089680000,15.8(0.64 %),139600,2200305000,70500,1110625000,121590707,11.73
24/06/2024,720,13830000,15.55(-1.58 %),89000,1392345000,88280,1378515000,121552507,11.74
25/06/2024,28170,448636500,15.75(1.29 %),123800,1933900000,95630,1485263500,121499207,11.76
26/06/2024,651900,10767535000,16.85(6.98 %),754700,12455795000,102800,1688260000,120832787,11.96
27/06/2024,-89985,-1556851450,16.95(0.59 %),77615,1316548550,167600,2873400000,120850802,11.96
28/06/2024,169700,2753740000,16.2(-4.42 %),224500,3662740000,54800,909000000,120729102,11.99
04/07/2024,-126300,-1963850000,15.55(-0.32 %),12800,199050000,139100,2162900000,121140302,0.0
05/07/2024,-135600,-2105255000,15.45(-0.64 %),2400,37225000,138000,2142480000,121275902,0.0
08/07/2024,-65300,-1005515000,15.35(-0.65 %),32700,506410000,98000,1511925000,121341202,0.0
09/07/2024,107700,1690235000,15.8(2.93 %),205000,3222365000,97300,1532130000,121233502,0.0
10/07/2024,-100600,-1580030000,15.55(-1.58 %),4200,66285000,104800,1646315000,121334102,0.0
11/07/2024,-102100,-1585880000,15.45(-0.64 %),5000,77920000,107100,1663800000,121436202,0.0
12/07/2024,-109200,-1682055000,15.35(-0.65 %),4500,69155000,113700,1751210000,121545402,0.0
15/07/2024,24800,382360000,15.45(0.65 %),105700,1631230000,80900,1248870000,121520602,0.0
16/07/2024,-24100,-368385000,15.3(-0.97 %),65200,1007800000,89300,1376185000,121544702,0.0
17/07/2024,35200,490845000,14.5(-5.23 %),193500,2837300000,158300,2346455000,121509502,0.0
18/07/2024,-21000,-305185000,14.5(0.00 %),31000,449260000,52000,754445000,121530502,0.0
19/07/2024,-82900,-1182275000,14.15(-2.41 %),11400,163340000,94300,1345615000,121613402,0.0
22/07/2024,-27400,-389620000,13.95(-1.41 %),50500,707800000,77900,1097420000,121640802,0.0
23/07/2024,-55200,-772310000,13.75(-1.43 %),0,0,55200,772310000,121696002,0.0
24/07/2024,-59300,-800280000,13.7(-0.36 %),100600,1370770000,159900,2171050000,121755302,0.0
25/07/2024,-41100,-560640000,13.75(0.36 %),12400,169085000,53500,729725000,121796402,0.0
26/07/2024,-100200,-1374950000,13.65(-0.73 %),27200,374020000,127400,1748970000,121896602,0.0
29/07/2024,-8100,-112230000,13.9(1.83 %),22200,306705000,30300,418935000,121904702,0.0
30/07/2024,-8100,-112230000,13.7(-1.44 %),22200,306705000,30300,418935000,121912802,0.0
31/07/2024,-48100,-663125000,13.6(-0.73 %),18100,247095000,66200,910220000,121960902,0.0
01/08/2024,-108100,-1465490000,13.35(-1.84 %),24800,337350000,132900,1802840000,122510392,0.0
02/08/2024,-10600,-138765000,13.45(0.75 %),70800,935565000,81400,1074330000,122520992,0.0
05/08/2024,-108700,-1430575000,12.55(-6.69 %),9200,116740000,117900,1547315000,122629692,0.0
06/08/2024,61200,802495000,13.3(5.98 %),134700,1751810000,73500,949315000,122568492,0.0
07/08/2024,25600,340565000,13.35(0.38 %),25600,340565000,0,0,122542892,0.0
08/08/2024,-40600,-538820000,13.15(-1.50 %),21200,280900000,61800,819720000,122583492,0.0
09/08/2024,-97100,-1283950000,13.2(0.38 %),35500,471275000,132600,1755225000,122680592,0.0
12/08/2024,-46700,-618210000,13.15(-0.38 %),13200,173670000,59900,791880000,122727292,0.0
13/08/2024,-69000,-916930000,13.3(1.14 %),7900,104585000,76900,1021515000,122796292,0.0
14/08/2024,-58500,-781855000,13.35(0.38 %),2500,33500000,61000,815355000,122854792,0.0
15/08/2024,-62600,-833080000,13.25(-0.75 %),5000,66920000,67600,900000000,122917392,0.0
16/08/2024,-41900,-558440000,13.45(1.51 %),12700,170130000,54600,728570000,122959292,0.0
19/08/2024,-56500,-747740000,13.25(-1.49 %),3500,46175000,60000,793915000,123015792,0.0
20/08/2024,-52000,-690655000,13.25(0.00 %),10600,140615000,62600,831270000,123067792,0.0
21/08/2024,-64600,-871580000,13.4(1.13 %),15700,210740000,80300,1082320000,123132392,0.0
22/08/2024,-48000,-643225000,13.35(-0.37 %),16400,219835000,64400,863060000,123180392,0.0
23/08/2024,-138700,-1846855000,13.25(-0.75 %),13100,174230000,151800,2021085000,123319092,0.0
26/08/2024,-93300,-1227615000,13.1(-1.13 %),11900,156775000,105200,1384390000,123412392,0.0
27/08/2024,-103700,-1355900000,13(-0.76 %),2000,26250000,105700,1382150000,123516092,0.0
28/08/2024,-93100,-1213085000,13.05(0.38 %),6000,78250000,99100,1291335000,123609192,0.0
29/08/2024,-46500,-605700000,13(-0.38 %),13100,170400000,59600,776100000,123655692,0.0
30/08/2024,-58900,-762555000,12.9(-0.77 %),15000,194600000,73900,957155000,123714592,0.0
04/09/2024,-38300,-492570000,12.8(-0.78 %),24700,317425000,63000,809995000,123878559,0.0
05/09/2024,-65500,-840375000,12.8(0.00 %),500,6425000,66000,846800000,123944059,0.0
06/09/2024,-46700,-593840000,12.65(-1.17 %),3400,43255000,50100,637095000,123990759,0.0
09/09/2024,-45300,-571395000,12.55(-0.79 %),7000,88250000,52300,659645000,124036059,0.0
10/09/2024,-77500,-972815000,12.5(-0.40 %),2400,30225000,79900,1003040000,124113559,0.0
11/09/2024,-50200,-623320000,12.35(-1.20 %),9100,113200000,59300,736520000,124163759,0.0
12/09/2024,-54500,-674895000,12.3(-0.40 %),8200,101230000,62700,776125000,124218259,0.0
13/09/2024,-3700,-45630000,12.3(0.00 %),7700,94450000,11400,140080000,124221959,0.0
16/09/2024,-51700,-636830000,12.25(-0.41 %),2200,27010000,53900,663840000,124273659,0.0
17/09/2024,-35800,-440265000,12.4(1.22 %),27600,339920000,63400,780185000,124309459,0.0
18/09/2024,-41700,-516070000,12.35(-0.40 %),10000,124000000,51700,640070000,124351159,0.0
19/09/2024,-48700,-601325000,12.3(-0.40 %),13000,161400000,61700,762725000,124399859,0.0
20/09/2024,-126400,-1558215000,12.3(0.00 %),14000,172700000,140400,1730915000,124526259,0.0
23/09/2024,-122000,-1494305000,12.3(0.00 %),5300,64725000,127300,1559030000,124648259,0.0
24/09/2024,-53900,-662990000,12.3(0.00 %),0,0,53900,662990000,124702159,0.0
25/09/2024,15600,198130000,12.55(2.03 %),70100,877785000,54500,679655000,124686559,0.0
26/09/2024,-50000,-625015000,12.45(-0.80 %),0,0,50000,625015000,124736559,0.0
27/09/2024,-39100,-488700000,12.45(0.00 %),16000,199300000,55100,688000000,124775659,0.0
30/09/2024,-96700,-1198795000,12.35(-0.80 %),2000,24810000,98700,1223605000,124872359,0.0
01/10/2024,-48900,-611135000,12.6(2.02 %),8300,104070000,57200,715205000,124890349,0.0
02/10/2024,-17600,-219410000,12.55(-0.40 %),36300,455745000,53900,675155000,124907949,0.0
03/10/2024,-63100,-787110000,12.4(-1.20 %),1600,19915000,64700,807025000,124971049,0.0
04/10/2024,-58100,-721700000,12.35(-0.40 %),0,0,58100,721700000,125029149,0.0
07/10/2024,-35400,-436525000,12.3(-0.40 %),19000,235050000,54400,671575000,125064549,0.0
08/10/2024,-158300,-1936600000,12.25(-0.41 %),5500,67445000,163800,2004045000,125222849,0.0
09/10/2024,-50200,-626445000,12.55(2.45 %),5100,63865000,55300,690310000,125273049,0.0
10/10/2024,-34700,-435640000,12.55(0.00 %),16900,213750000,51600,649390000,125307749,0.0
11/10/2024,-43700,-561665000,12.85(2.39 %),15400,198030000,59100,759695000,125351449,0.0
14/10/2024,-76200,-977350000,12.9(0.39 %),41000,531145000,117200,1508495000,125427649,0.0
15/10/2024,2200,28955000,12.8(-0.78 %),14600,189315000,12400,160360000,125425449,0.0
16/10/2024,-60200,-767240000,12.7(-0.78 %),6000,77700000,66200,844940000,125485649,0.0
17/10/2024,-4000,-51050000,12.75(0.39 %),1300,16405000,5300,67455000,125489649,0.0
18/10/2024,-48200,-612040000,12.65(-0.78 %),11200,141220000,59400,753260000,125537849,0.0
21/10/2024,-62300,-780765000,12.45(-1.58 %),5900,73825000,68200,854590000,125600149,0.0
22/10/2024,-110200,-1364210000,12.4(-0.40 %),3100,38380000,113300,1402590000,125710349,0.0
23/10/2024,-45700,-564480000,12.3(-0.81 %),7400,91270000,53100,655750000,125756049,0.0
24/10/2024,-91600,-1132635000,12.4(0.81 %),24200,299105000,115800,1431740000,125847649,0.0
25/10/2024,-49500,-611675000,12.3(-0.81 %),5300,65720000,54800,677395000,125897149,0.0
28/10/2024,-38000,-466215000,12.2(-0.81 %),15500,190550000,53500,656765000,125935149,0.0
29/10/2024,-44400,-547820000,12.35(1.23 %),10000,123710000,54400,671530000,125979549,0.0
30/10/2024,-56600,-696695000,12.3(-0.40 %),7400,91285000,64000,787980000,126036149,0.0
31/10/2024,-56800,-698740000,12.3(0.00 %),4200,51660000,61000,750400000,126092949,0.0
01/11/2024,-187200,-2298280000,12.3(0.00 %),2800,34365000,190000,2332645000,126170649,0.0
04/11/2024,-57400,-708450000,12.45(1.22 %),4500,55575000,61900,764025000,126228049,0.0
05/11/2024,-90400,-1069825000,11.75(-0.68 %),3000,35550000,93400,1105375000,126318449,0.0
06/11/2024,-68300,-799570000,11.75(0.00 %),9300,109440000,77600,909010000,126386749,0.0
07/11/2024,-57500,-668955000,11.6(-1.28 %),1500,17600000,59000,686555000,126444249,0.0
08/11/2024,-66500,-771740000,11.55(-0.43 %),900,10485000,67400,782225000,126510749,0.0
11/11/2024,-15300,-174665000,11.5(-0.43 %),66200,767775000,81500,942440000,126526049,0.0
12/11/2024,-44100,-509660000,11.55(0.43 %),13000,150500000,57100,660160000,128058869,9.75
13/11/2024,-83700,-961430000,11.4(-1.30 %),300,3450000,84000,964880000,126653849,0.0
14/11/2024,-72500,-825505000,11.3(-0.88 %),200,2280000,72700,827785000,126726349,0.0
15/11/2024,-63400,-713205000,11.2(-0.88 %),0,0,63400,713205000,126789749,0.0
18/11/2024,-98300,-1089880000,11.15(-0.45 %),7800,86335000,106100,1176215000,126888049,0.0
19/11/2024,-82600,-919380000,11.1(-0.45 %),1600,17730000,84200,937110000,126970649,0.0
20/11/2024,-49500,-551250000,11.1(0.00 %),3300,36795000,52800,588045000,127020149,0.0
21/11/2024,-74800,-832865000,11.15(0.45 %),11800,130980000,86600,963845000,127094949,0.0
22/11/2024,15700,172065000,11.05(-0.90 %),46100,511025000,30400,338960000,127079249,0.0
25/11/2024,-7600,-84055000,11.2(1.36 %),43800,490355000,51400,574410000,127317329,9.97
26/11/2024,-29200,-325930000,11.2(0.00 %),23800,267060000,53000,592990000,127323929,9.97
27/11/2024,-67800,-756455000,11.15(-0.45 %),24700,275610000,92500,1032065000,127350629,9.96
28/11/2024,-323600,-3559210000,11.05(-0.90 %),26400,294325000,350000,3853535000,127377229,9.96
29/11/2024,-39000,-432990000,11.1(0.45 %),13000,144300000,52000,577290000,127456779,9.93
02/12/2024,-54800,-607040000,11.05(-0.45 %),6400,71040000,61200,678080000,127800379,9.83
03/12/2024,-19400,-213940000,11.05(0.00 %),38100,422410000,57500,636350000,127814279,9.82
04/12/2024,-25500,-285470000,11.25(1.81 %),27500,305500000,53000,590970000,127847979,9.81
05/12/2024,-52300,-584470000,11.25(0.00 %),20300,227825000,72600,812295000,127885179,9.8
09/12/2024,-74900,-852665000,11.4(-0.44 %),9000,102590000,83900,955255000,127972579,9.77
10/12/2024,-119300,-1374860000,11.5(0.88 %),3900,44855000,123200,1419715000,128025479,9.76
16/12/2024,-47300,-538660000,11.35(-0.44 %),37100,423140000,84400,961800000,128188569,9.71
17/12/2024,-66600,-756885000,11.35(0.00 %),13200,149835000,79800,906720000,128250939,9.69
18/12/2024,-47200,-537310000,11.4(0.44 %),17100,194570000,64300,731880000,128318239,9.67
19/12/2024,-46800,-531785000,11.35(-0.44 %),13800,156635000,60600,688420000,128384289,9.65
20/12/2024,-67300,-762505000,11.35(0.00 %),6000,68095000,73300,830600000,128442594,9.63
24/12/2024,0,0,11.2(0.45 %),0,0,0,0,128568994,9.59
25/12/2024,-12700,-142215000,11.25(0.45 %),3300,37185000,16000,179400000,128580694,9.59
26/12/2024,-8000,-89980000,11.3(0.44 %),7700,87015000,15700,176995000,128580644,9.59
27/12/2024,11900,134470000,11.25(-0.44 %),12300,138990000,400,4520000,128584344,9.59
30/12/2024,-16200,-182105000,11.2(-0.44 %),43300,487125000,59500,669230000,128556744,9.59
31/12/2024,-42900,-478825000,11.15(-0.45 %),7100,80175000,50000,559000000,128550044,9.6
02/01/2025,-45900,-511080000,11.15(0.00 %),4100,45720000,50000,556800000,128605444,9.58
03/01/2025,-39100,-434260000,11.05(-0.90 %),17500,195095000,56600,629355000,128637944,9.57
06/01/2025,-63700,-701250000,10.95(-0.90 %),3000,33050000,66700,734300000,128684944,9.55
07/01/2025,-55400,-607650000,10.9(-0.46 %),16000,175810000,71400,783460000,128684944,9.55
08/01/2025,-18600,-202305000,10.9(0.00 %),39400,429840000,58000,632145000,128752844,9.53
09/01/2025,-31400,-343560000,10.9(0.00 %),18800,204920000,50200,548480000,128805494,9.52
10/01/2025,-4100,-45060000,11(0.92 %),0,0,4100,45060000,128863494,9.5
13/01/2025,-69200,-761625000,11(0.00 %),16200,177930000,85400,939555000,128897494,9.49
14/01/2025,-36800,-406570000,11(0.00 %),13300,146300000,50100,552870000,128888294,9.49
15/01/2025,-43500,-480300000,11(0.00 %),6600,72600000,50100,552900000,128967094,9.47
16/01/2025,-30200,-331915000,11(0.00 %),25100,277935000,55300,609850000,128997294,0.0
17/01/2025,-33100,-368785000,11.15(1.36 %),16900,187545000,50000,556330000,129025294,9.45
20/01/2025,-60500,-681795000,11.25(0.90 %),1000,11300000,61500,693095000,129079594,9.43
21/01/2025,-56300,-637110000,11.35(0.89 %),9200,104315000,65500,741425000,129120394,9.42
22/01/2025,-45200,-513650000,11.35(0.00 %),5600,63665000,50800,577315000,129176294,9.4
23/01/2025,-50600,-574110000,11.3(-0.44 %),21400,243345000,72000,817455000,129220425,9.39
24/01/2025,-44100,-500075000,11.3(0.00 %),12800,144980000,56900,645055000,129258425,9.38
03/02/2025,-54700,-620730000,0(0.00 %),15500,176110000,70200,796840000,129314925,9.36
04/02/2025,-36300,-421765000,11.65(2.64 %),18200,209650000,54500,631415000,129353695,9.35
05/02/2025,-53300,-615475000,11.55(-0.86 %),2700,31215000,56000,646690000,129421195,9.33
06/02/2025,-72000,-828190000,11.6(0.43 %),6000,69050000,78000,897240000,129469695,9.31
07/02/2025,-51200,-595170000,11.7(0.86 %),1100,12760000,52300,607930000,129524595,9.3
10/02/2025,-115300,-1331180000,11.45(-2.14 %),1000,11615000,116300,1342795000,129601595,9.27
11/02/2025,-56800,-652965000,11.55(0.87 %),100,1145000,56900,654110000,129653845,9.26
12/02/2025,-30800,-352360000,11.55(0.00 %),21000,243600000,51800,595960000,129749066,9.23
13/02/2025,17400,203000000,11.8(2.16 %),67400,785325000,50000,582325000,129738566,9.23
14/02/2025,900,14390000,11.75(-0.42 %),71700,860025000,70800,845635000,129718686,9.24
17/02/2025,-45000,-528895000,11.75(0.00 %),52500,620810000,97500,1149705000,129716186,9.24
18/02/2025,20700,245180000,11.9(1.28 %),71200,845450000,50500,600270000,129715786,9.24
19/02/2025,600,7610000,11.85(-0.42 %),56100,669260000,55500,661650000,129757186,9.23
20/02/2025,-43500,-514455000,11.75(-0.84 %),18500,219065000,62000,733520000,129789276,9.22
21/02/2025,-3600,-39935000,11.7(-0.43 %),62600,736290000,66200,776225000,129782176,9.22
24/02/2025,-26800,-319895000,11.85(1.28 %),31600,371510000,58400,691405000,129812576,9.21
25/02/2025,-49900,-590310000,11.75(-0.84 %),27000,320600000,76900,910910000,129851776,9.2
26/02/2025,-22700,-266420000,11.7(-0.43 %),29700,350415000,52400,616835000,129880476,9.19
27/02/2025,-24300,-281975000,11.7(0.00 %),31300,368405000,55600,650380000,129926076,9.17
28/02/2025,-52500,-614800000,11.7(0.00 %),1500,17550000,54000,632350000,129976976,9.16
03/03/2025,-24000,-279605000,11.65(-0.43 %),27000,316150000,51000,595755000,130005576,9.15
04/03/2025,-47000,-543640000,11.55(-0.86 %),12800,148100000,59800,691740000,130046776,9.14
05/03/2025,-74300,-858540000,11.55(0.00 %),1700,19550000,76000,878090000,130096076,9.12
06/03/2025,-48600,-560320000,11.55(0.00 %),9000,103700000,57600,664020000,130146876,9.11
07/03/2025,-31500,-363240000,11.55(0.00 %),18900,217380000,50400,580620000,130203976,9.09
10/03/2025,-111200,-1281125000,11.45(-0.87 %),7300,83945000,118500,1365070000,130254276,9.07
11/03/2025,-36900,-424170000,11.55(0.87 %),25000,288925000,61900,713095000,130254276,9.07
12/03/2025,17800,208690000,11.7(1.30 %),67900,790835000,50100,582145000,130330276,9.05
13/03/2025,-34900,-408875000,11.6(-0.85 %),15900,186965000,50800,595840000,130376326,9.04
14/03/2025,-50700,-584755000,11.55(-0.43 %),6500,75550000,57200,660305000,130419926,9.02
17/03/2025,-56100,-646570000,11.6(0.43 %),1300,14995000,57400,661565000,130469426,9.01
18/03/2025,-30800,-360165000,11.65(0.43 %),27500,322535000,58300,682700000,130499126,9.0
19/03/2025,-9100,-106285000,11.65(0.00 %),45200,527910000,54300,634195000,130511376,8.99
20/03/2025,-21500,-249300000,11.85(1.72 %),30100,354270000,51600,603570000,130539576,8.99
21/03/2025,-65600,-770650000,11.7(-1.27 %),9600,113120000,75200,883770000,130584276,8.97
24/03/2025,-42900,-503630000,11.8(0.85 %),18600,218395000,61500,722025000,130617321,8.96
25/03/2025,55600,660435000,11.9(0.85 %),111800,1324985000,56200,664550000,130580721,8.97
26/03/2025,-88500,-1048840000,11.75(-1.26 %),15500,184105000,104000,1232945000,130626721,8.96
27/03/2025,-21400,-248975000,11.7(-0.43 %),34800,408685000,56200,657660000,130648121,8.95
28/03/2025,-49700,-579030000,11.65(-0.43 %),20500,241335000,70200,820365000,130731621,8.93
31/03/2025,-103000,-1191705000,11.6(-0.43 %),41200,477980000,144200,1669685000,130746621,8.92
01/04/2025,7700,88630000,11.6(0.00 %),19000,220500000,11300,131870000,130797821,8.91
02/04/2025,-26100,-308030000,11.7(0.86 %),37100,433580000,63200,741610000,130904921,8.87
03/04/2025,-75900,-843895000,10.95(-6.41 %),34700,391095000,110600,1234990000,130881521,8.88
04/04/2025,-33400,-375345000,11.05(0.91 %),47800,514065000,81200,889410000,130896921,8.88
08/04/2025,345100,3659445000,10.55(-4.52 %),423200,4492065000,78100,832620000,130584241,8.97
09/04/2025,92700,987125000,10.75(1.90 %),170800,1822330000,78100,835205000,130494545,9.0
10/04/2025,-69100,-794310000,11.5(6.98 %),98000,1126565000,167100,1920875000,130474645,9.01
11/04/2025,115200,1355705000,11.4(-0.87 %),507200,5757705000,392000,4402000000,130045461,9.14
14/04/2025,163000,1870735000,11.55(1.32 %),252400,2892940000,89400,1022205000,129960113,9.16
15/04/2025,183900,2119910000,11.5(-0.43 %),272100,3136180000,88200,1016270000,130080013,9.13
16/04/2025,220200,2556160000,11.6(0.87 %),292600,3395520000,72400,839360000,129876813,9.19
17/04/2025,127100,1476200000,11.65(0.43 %),202300,2349625000,75200,873425000,129762713,9.22
18/04/2025,39100,457385000,11.65(0.00 %),60800,709280000,21700,251895000,129774313,9.22
21/04/2025,36800,426440000,11.6(-0.43 %),125500,1455800000,88700,1029360000,129724013,9.24
22/04/2025,89800,1015205000,11.35(-2.16 %),244400,2754720000,154600,1739515000,129501313,9.3
23/04/2025,75100,862240000,11.5(1.32 %),135800,1557325000,60700,695085000,129454213,9.32
24/04/2025,84600,974635000,11.5(0.00 %),161100,1855130000,76500,880495000,129447773,9.32
25/04/2025,118300,1360930000,11.5(0.00 %),189900,2183850000,71600,822920000,129318573,9.36
28/04/2025,288900,3341070000,11.65(1.30 %),341100,3943615000,52200,602545000,129053973,9.44
29/04/2025,137100,1605230000,11.7(0.43 %),194800,2280300000,57700,675070000,128930773,9.48
05/05/2025,440992,4189105000,12.5(6.84 %),440992,5390120000,0,1201015000,128640381,9.57
06/05/2025,136800,1758575000,12.8(2.40 %),257800,3305125000,121000,1546550000,128561281,9.59
07/05/2025,-16900,-233940000,12.55(-1.95 %),131900,1685955000,148800,1919895000,128561281,9.59
08/05/2025,-2700,-38020000,12.6(0.40 %),143700,1810710000,146400,1848730000,128561281,9.59
09/05/2025,-8700,-108435000,12.55(-0.40 %),81900,1030815000,90600,1139250000,128578181,9.59
12/05/2025,-203200,-2609390000,12.65(0.80 %),600,7640000,203800,2617030000,128580881,9.59
13/05/2025,-125100,-1565780000,12.35(-2.37 %),22800,281725000,147900,1847505000,128589581,9.58
14/05/2025,-69300,-853710000,12.35(0.00 %),19700,243280000,89000,1096990000,128792781,9.52
15/05/2025,19800,-1058450000,12.3(-0.40 %),19800,242245000,0,1300695000,128917881,9.48
16/05/2025,134600,564970000,12.5(1.63 %),134600,1671740000,0,1106770000,128941281,9.48
19/05/2025,22400,-1960715000,12.25(-2.00 %),22400,279065000,0,2239780000,129027881,9.45
20/05/2025,27300,-1271075000,12.15(-0.82 %),27300,332860000,0,1603935000,129027881,9.45
21/05/2025,59900,-4231410000,11.85(-2.47 %),59900,708120000,0,4939530000,129186681,9.4
22/05/2025,23501,-1335257750,11.8(-0.42 %),23501,279401850,0,1614659600,129290781,9.37
23/05/2025,-176700,-2086695000,11.75(-0.42 %),3400,40030000,180100,2126725000,129642381,9.26
26/05/2025,67900,-1058380000,11.85(0.85 %),67900,798210000,0,1856590000,129754485,9.23
27/05/2025,-110600,-1320180000,11.95(0.84 %),68000,815140000,178600,2135320000,129931185,9.17
28/05/2025,61800,-835785000,11.9(-0.42 %),61800,746340000,0,1582125000,130021585,9.14
29/05/2025,23200,-1586960000,11.95(0.42 %),23200,274115000,0,1861075000,130132185,9.11
30/05/2025,1700,-3666400000,11.8(-1.26 %),1700,20115000,0,3686515000,130202885,9.09
02/06/2025,37700,-1886752500,12.1(2.54 %),37700,449855000,0,2336607500,130336385,9.05
03/06/2025,24000,-3125650000,12.1(0.00 %),24000,292500000,0,3418150000,130645385,8.95
04/06/2025,900,-1858075000,12.1(0.00 %),900,10935000,0,1869010000,130800245,8.91
05/06/2025,17600,-1720910000,11.9(-1.65 %),17600,210710000,0,1931620000,131058345,8.83
06/06/2025,6000,-2284945000,11.8(-0.84 %),6000,71390000,0,2356335000,131211545,8.78
09/06/2025,8800,-1916270000,11.75(-0.42 %),8800,104560000,0,2020830000,131354945,8.74
10/06/2025,67400,-1242780000,11.8(0.43 %),67400,794845000,0,2037625000,131547545,8.68
11/06/2025,-137300,-1617125000,11.75(-0.42 %),0,0,137300,1617125000,131709945,8.63
12/06/2025,-126700,-1490095000,11.7(-0.43 %),4000,47150000,130700,1537245000,131815245,8.6
13/06/2025,-128700,-1496485000,11.6(-0.85 %),17400,202485000,146100,1698970000,131952545,8.55
16/06/2025,-96100,-1120170000,11.7(0.86 %),4000,46600000,100100,1166770000,132079245,8.51
17/06/2025,-99900,-1170365000,11.7(0.00 %),100,1170000,100000,1171535000,132207945,8.47
18/06/2025,-116700,-1361815000,11.65(-0.43 %),6000,69900000,122700,1431715000,132304045,8.45
19/06/2025,-118100,-1375120000,11.65(0.00 %),11600,135260000,129700,1510380000,132403945,8.41
20/06/2025,-140300,-1634910000,11.65(0.00 %),6100,70815000,146400,1705725000,132520645,8.38
23/06/2025,-20000,-232190000,11.65(0.00 %),100,1160000,20100,233350000,132638745,8.34
24/06/2025,-203000,-2374165000,11.7(0.43 %),25500,297300000,228500,2671465000,132779045,8.3
25/06/2025,-103700,-1211275000,11.65(-0.43 %),10700,125190000,114400,1336465000,132799045,8.29
26/06/2025,-139500,-1616900000,11.6(-0.43 %),1000,11610000,140500,1628510000,133002045,8.23
27/06/2025,-69000,-797440000,11.55(-0.43 %),70700,821870000,139700,1619310000,133105745,8.2
30/06/2025,-78100,-894970000,11.5(-0.43 %),53300,619115000,131400,1514085000,133245245,8.16
01/07/2025,-121600,-1386165000,11.35(-1.30 %),24100,276720000,145700,1662885000,133314325,8.14
02/07/2025,-99400,-1129640000,11.4(0.44 %),1200,13680000,100600,1143320000,133392425,8.11
03/07/2025,-149300,-1695410000,11.3(-0.88 %),35700,404825000,185000,2100235000,133514026,8.07
04/07/2025,2800,31540000,11.3(0.00 %),5300,59915000,2500,28375000,133610626,8.04
07/07/2025,-82000,-929525000,11.35(0.44 %),21500,243690000,103500,1173215000,133759926,8.0
08/07/2025,-3800,-45010000,11.5(1.32 %),103900,1191550000,107700,1236560000,133759926,8.0
09/07/2025,-111300,-1277210000,11.45(-0.43 %),2900,33340000,114200,1310550000,133841926,7.97
10/07/2025,-23900,-274870000,11.4(-0.44 %),76100,873220000,100000,1148090000,133841926,7.97
11/07/2025,-121000,-1382720000,11.45(0.44 %),17900,205005000,138900,1587725000,133957026,7.94
14/07/2025,-76100,-894870000,11.6(1.31 %),89000,1030110000,165100,1924980000,133980926,7.93
15/07/2025,-111600,-1294145000,11.55(-0.43 %),35500,412260000,147100,1706405000,134101926,7.89
16/07/2025,-88200,-1020745000,11.6(0.43 %),16800,194830000,105000,1215575000,134178026,7.87
17/07/2025,-175600,-2006360000,11.4(-1.72 %),19100,218175000,194700,2224535000,134178026,7.87
18/07/2025,-181800,-2057060000,11.3(-0.88 %),1400,15890000,183200,2072950000,134377826,7.81
21/07/2025,-223100,-2513475000,11.3(0.00 %),200,2250000,223300,2515725000,134553426,7.76
22/07/2025,-75300,-844965000,11.2(-0.88 %),1100,12420000,76400,857385000,134735226,7.7
23/07/2025,-211100,-2371220000,11.2(0.00 %),100,1120000,211200,2372340000,134958326,7.63
24/07/2025,-309300,-3462150000,11.2(0.00 %),416900,4686345000,726200,8148495000,135033626,7.61
25/07/2025,-744100,-8307375000,11.15(-0.45 %),35900,401805000,780000,8709180000,135244726,7.54
28/07/2025,100,-4765000,11.25(0.90 %),195800,2189610000,195700,2194375000,135553926,7.45
29/07/2025,-255100,-2864030000,11.1(-1.33 %),124400,1399505000,379500,4263535000,136298026,7.22
30/07/2025,-80500,-891005000,11.05(-0.45 %),7800,85905000,88300,976910000,136298026,7.22
31/07/2025,-325900,-3582165000,11.05(0.00 %),15500,169990000,341400,3752155000,136553266,7.14
01/08/2025,-6200,-68200000,11(-0.45 %),60800,668800000,67000,737000000,136633766,7.12
04/08/2025,-622400,-6858400000,11(0.00 %),15300,168380000,637700,7026780000,136959666,7.02
05/08/2025,-535100,-5908905000,11(0.00 %),66800,738160000,601900,6647065000,136965866,7.02
06/08/2025,-522400,-5732310000,11(0.00 %),58700,645700000,581100,6378010000,137588266,6.83
07/08/2025,-635500,-6995685000,11.05(0.45 %),164500,1815115000,800000,8810800000,138123366,6.66
08/08/2025,-252900,-2808085000,11.15(0.90 %),164200,1824055000,417100,4632140000,138645766,6.5
11/08/2025,-203100,-2274720000,11.2(0.45 %),9000,100800000,212100,2375520000,139281276,6.31
12/08/2025,-879900,-9982720000,11.4(1.79 %),532000,6017975000,1411900,16000695000,139534276,6.23
13/08/2025,-714800,-8160450000,11.4(0.00 %),31100,354700000,745900,8515150000,139737376,6.17
14/08/2025,-122600,-1398555000,11.35(-0.44 %),4800,54940000,127400,1453495000,140617276,5.9
15/08/2025,-248200,-2798700000,11.15(-1.76 %),132700,1486545000,380900,4285245000,141332076,5.68
18/08/2025,-48900,-548160000,11.2(0.45 %),200,2240000,49100,550400000,141454676,5.64
19/08/2025,-2198200,-24567940000,11.1(-0.89 %),354700,3986125000,2552900,28554065000,141702876,5.56
20/08/2025,-257000,-2829505000,11(-0.90 %),65700,722930000,322700,3552435000,141751776,5.55
21/08/2025,-3500,-37890000,11(0.00 %),60700,668930000,64200,706820000,143949976,4.88
22/08/2025,-289400,-3151345000,10.8(-1.82 %),49300,538340000,338700,3689685000,143949976,4.88
25/08/2025,-57000,-619355000,10.85(0.46 %),600,6510000,57600,625865000,144207006,4.8
26/08/2025,-560500,-6057475000,0(-100.00 %),6100,66055000,566600,6123530000,144210526,4.8
