Ngay,KLGDRong,GTDGRong,ThayDoi,KLMua,GtMua,KLBan,GtBan,RoomConLai,DangSoHuu
27/10/2009,1895930,54618510000,0(0.00 %),1895930,54618510000,0,0,39951775,44.44
28/10/2009,1121180,33047546000,0(0.00 %),1121180,33047546000,0,0,38830595,25.57
29/10/2009,376000,10629058000,0(0.00 %),376000,10629058000,0,0,38454595,25.61
30/10/2009,678750,19161230000,0(0.00 %),678750,19161230000,0,0,37775845,25.69
02/11/2009,3079260,84099510000,0(0.00 %),3082260,84180510000,3000,81000000,34696585,26.04
03/11/2009,814220,21621417000,0(0.00 %),814220,21621417000,0,0,33882365,26.13
04/11/2009,26840,710650000,0(0.00 %),26840,710650000,0,0,33855525,26.14
05/11/2009,559800,15182438000,27.3(3.02 %),560800,15209738000,1000,27300000,33295725,26.2
06/11/2009,400860,10912267000,27(-1.10 %),400860,10912267000,0,0,32894865,26.25
09/11/2009,2169210,57333321000,26.4(-2.22 %),2171230,57387055000,2020,53734000,30725655,26.49
10/11/2009,604640,15744469000,25.9(-1.89 %),604820,15749232000,180,4763000,30121015,45.56
11/11/2009,146370,3812846000,26.5(2.32 %),146370,3812846000,0,0,29974645,45.58
12/11/2009,189080,5022930000,26.5(0.00 %),189080,5022930000,0,0,29785565,45.6
13/11/2009,984650,25986585000,26.5(0.00 %),986150,26026335000,1500,39750000,28800915,45.71
16/11/2009,502280,13070738000,25.9(-2.26 %),503280,13096838000,1000,26100000,28298635,45.77
17/11/2009,58100,1489065000,25.3(-2.32 %),59100,1514565000,1000,25500000,28240535,45.78
18/11/2009,1016550,25394390000,25(-1.19 %),1016550,25394390000,0,0,27223985,45.89
19/11/2009,23810,595479000,25.4(1.60 %),23810,595479000,0,0,27200175,45.9
20/11/2009,72260,1802136000,25(-1.57 %),98350,2458995000,26090,656859000,27127915,45.9
23/11/2009,539800,13184707000,24.3(-2.80 %),539800,13184707000,0,0,26588115,45.97
24/11/2009,824100,19515890000,23.4(-3.70 %),824100,19515890000,0,0,25764015,46.06
25/11/2009,1592640,35671692000,22.3(-4.70 %),1596430,35756209000,3790,84517000,24171375,46.24
26/11/2009,1085470,23041332000,21.2(-4.93 %),1093330,23208796000,7860,167464000,23085905,46.37
27/11/2009,55680,1138936000,22.2(4.72 %),55680,1138936000,0,0,23030225,46.37
30/11/2009,114750,2673675000,23.3(4.95 %),116150,2706295000,1400,32620000,22915475,46.38
01/12/2009,0,0,24.4(4.72 %),0,0,0,0,22915475,46.38
02/12/2009,1735640,43047405000,24.3(-0.41 %),1735640,43047405000,0,0,21179835,46.58
03/12/2009,849400,20850369000,24.9(2.47 %),854400,20971869000,5000,121500000,20330435,46.68
04/12/2009,360730,9000154000,24.9(0.00 %),362730,9050054000,2000,49900000,19969705,46.72
07/12/2009,310630,7637226000,24.6(-1.20 %),317150,7797645000,6520,160419000,19659075,46.76
08/12/2009,269550,6453010000,23.8(-3.25 %),350550,8398310000,81000,1945300000,19389525,46.79
09/12/2009,189720,4335688000,22.9(-3.78 %),261100,5967890000,71380,1632202000,19199805,46.81
10/12/2009,231730,5307464000,22.8(-0.44 %),237730,5446264000,6000,138800000,18968075,46.84
11/12/2009,305750,6863265000,22.1(-3.07 %),317850,7130675000,12100,267410000,18662325,46.87
14/12/2009,450000,10424791000,23.2(4.98 %),450000,10424791000,0,0,18212325,46.92
15/12/2009,22430,536808000,23.8(2.59 %),22430,536808000,0,0,18189895,46.92
16/12/2009,240100,5504880000,22.9(-3.78 %),240100,5504880000,0,0,17949795,46.95
17/12/2009,782040,17964487000,23.5(2.62 %),782120,17966311000,80,1824000,17167755,47.04
18/12/2009,269220,6411585000,23.8(1.28 %),289220,6897585000,20000,486000000,16898535,47.07
21/12/2009,302400,7367320000,24.4(2.52 %),452400,10989220000,150000,3621900000,16596135,47.11
22/12/2009,1380240,33198384000,24(-1.64 %),1430240,34403384000,50000,1205000000,15215895,47.26
23/12/2009,1782110,42769035000,23.9(-0.42 %),1810530,43453957000,28420,684922000,13433785,47.47
24/12/2009,2050480,48967217000,24.1(0.84 %),2175100,51964635000,124620,2997418000,11383305,47.7
25/12/2009,616710,15149171000,24.7(2.49 %),616710,15149171000,0,0,10766595,47.77
28/12/2009,376060,9161971000,24.3(-1.62 %),376060,9161971000,0,0,10390535,47.81
29/12/2009,393850,9458048000,23.9(-1.65 %),395250,9491648000,1400,33600000,9996685,47.86
30/12/2009,53060,1281899000,23.9(0.00 %),53060,1281899000,0,0,9943625,47.87
31/12/2009,48000,1156600000,24(0.42 %),50000,1205000000,2000,48400000,9895625,47.87
04/01/2010,299700,7425930000,25.2(5.00 %),300300,7440950000,600,15020000,9595925,47.9
05/01/2010,735460,19396418000,26.1(3.57 %),737060,19438658000,1600,42240000,8860465,47.99
06/01/2010,982760,25278922000,25.5(-2.30 %),988760,25432422000,6000,153500000,7877705,48.1
07/01/2010,148000,3716320000,25(-1.96 %),148500,3728870000,500,12550000,7729705,48.12
08/01/2010,699220,17444609000,24.8(-0.80 %),699220,17444609000,0,0,7030485,48.2
11/01/2010,78900,1951331000,24.7(-0.40 %),78900,1951331000,0,0,6951585,48.21
12/01/2010,257210,6238666000,23.6(-4.45 %),275210,6679666000,18000,441000000,6694375,48.24
13/01/2010,51770,1228622000,23.9(1.27 %),51770,1228622000,0,0,6642605,48.24
14/01/2010,-117990,-2822262000,23.8(-0.42 %),21010,501738000,139000,3324000000,6760595,48.23
15/01/2010,411670,9790182000,23.8(0.00 %),593870,14117402000,182200,4327220000,6348925,48.28
18/01/2010,910020,21291916000,23.3(-2.10 %),972820,22755156000,62800,1463240000,5438905,48.38
19/01/2010,123350,2906250000,23.6(1.29 %),153950,3627210000,30600,720960000,5315555,48.39
20/01/2010,926920,21817898000,23.5(-0.42 %),927420,21829648000,500,11750000,4388635,48.5
21/01/2010,835440,19518408000,23.2(-1.28 %),835440,19518408000,0,0,3553195,48.59
22/01/2010,354120,8174915000,23(-0.86 %),354120,8174915000,0,0,3199075,48.63
25/01/2010,916600,21053770000,23(0.00 %),916600,21053770000,0,0,2282475,48.74
26/01/2010,546640,12970384000,24(4.35 %),546640,12970384000,0,0,1735835,48.8
27/01/2010,1211800,28550543000,23.7(-1.25 %),1211800,28550543000,0,0,524035,48.94
28/01/2010,510570,12074544000,23.1(-2.53 %),518820,12270069000,8250,195525000,13465,49.0
29/01/2010,0,0,23(-0.43 %),0,0,0,0,13465,49.0
01/02/2010,-8000,-184000000,23(0.00 %),0,0,8000,184000000,21465,49.0
02/02/2010,0,0,23.1(0.43 %),0,0,0,0,21465,49.0
03/02/2010,8250,189750000,23.1(0.00 %),8250,189750000,0,0,13215,49.0
04/02/2010,0,0,23.2(0.43 %),0,0,0,0,13215,49.0
05/02/2010,7990,183770000,23(-0.86 %),8000,184000000,10,230000,5225,49.0
08/02/2010,0,0,23.4(1.74 %),0,0,0,0,5225,49.0
09/02/2010,0,0,23.1(-1.28 %),0,0,0,0,5225,49.0
10/02/2010,-28000,-647600000,23.1(0.00 %),0,0,28000,647600000,33225,49.0
11/02/2010,10,230000,23.5(1.73 %),10,230000,0,0,33215,49.0
12/02/2010,0,0,23.7(0.85 %),0,0,0,0,33215,49.0
22/02/2010,0,0,23.7(0.00 %),0,0,0,0,33215,49.0
23/02/2010,8000,189200000,23.3(-1.69 %),28000,655200000,20000,466000000,25215,49.0
24/02/2010,-1500,-34800000,23.2(-0.43 %),0,0,1500,34800000,26715,49.0
25/02/2010,-17530,-406696000,23.1(-0.43 %),0,0,17530,406696000,44245,48.99
26/02/2010,0,0,23.1(0.00 %),200000,4660000000,200000,4660000000,0,48.99
01/03/2010,20000,470000000,23.4(1.30 %),20000,470000000,0,0,0,49.0
02/03/2010,-8500,-197750000,23.2(-0.85 %),1500,35250000,10000,233000000,0,49.0
03/03/2010,7530,174696000,23.4(0.86 %),17530,406696000,10000,232000000,0,49.0
04/03/2010,0,0,23.3(-0.43 %),0,0,0,0,0,49.0
05/03/2010,0,0,23.1(-0.86 %),0,0,0,0,0,49.0
08/03/2010,10000,232000000,23.1(0.00 %),10000,232000000,0,0,0,49.0
09/03/2010,-38610,-891891000,23.1(0.00 %),10000,231000000,48610,1122891000,9580,49.0
10/03/2010,-380,-8740000,23(-0.43 %),100000,2400000000,100380,2408740000,9960,49.0
11/03/2010,0,0,22.9(-0.43 %),0,0,0,0,9960,49.0
12/03/2010,0,0,23(0.44 %),0,0,0,0,9960,49.0
15/03/2010,48610,1127752000,23.2(0.87 %),48610,1127752000,0,0,0,49.0
16/03/2010,-620,-14422000,23.2(0.00 %),380,8778000,1000,23200000,0,49.0
17/03/2010,-1100,-25520000,23.2(0.00 %),0,0,1100,25520000,0,49.0
18/03/2010,0,0,23(-0.86 %),0,0,0,0,0,49.0
19/03/2010,0,0,23(0.00 %),0,0,0,0,0,49.0
22/03/2010,1000,23000000,23(0.00 %),1000,23000000,0,0,0,49.0
23/03/2010,1100,25300000,23(0.00 %),1100,25300000,0,0,0,49.0
24/03/2010,0,0,22.9(-0.43 %),0,0,0,0,0,49.0
25/03/2010,-974310,-22249699000,22.8(-0.44 %),0,0,974310,22249699000,935280,48.89
26/03/2010,0,0,22.8(0.00 %),0,0,0,0,935280,48.89
29/03/2010,-1000,-22500000,22.5(-1.32 %),0,0,1000,22500000,936280,48.89
30/03/2010,0,0,23.3(3.56 %),0,0,0,0,936280,48.89
31/03/2010,974110,22665170000,23.4(0.43 %),974310,22669830000,200,4660000,0,49.0
01/04/2010,0,0,23.1(-1.28 %),0,0,0,0,0,49.0
02/04/2010,1000,23000000,22.6(-2.16 %),1000,23000000,0,0,0,49.0
05/04/2010,0,0,22.6(0.00 %),0,0,0,0,0,49.0
06/04/2010,-700,-15825000,22.5(-0.44 %),50,1125000,750,16950000,0,49.0
07/04/2010,150,3375000,22.4(-0.44 %),150,3375000,0,0,0,49.0
08/04/2010,0,0,22.3(-0.45 %),0,0,0,0,0,49.0
09/04/2010,0,0,22.3(0.00 %),458190,10721646000,458190,10721646000,0,49.0
12/04/2010,-49350,-1100505000,22.3(0.00 %),750,16725000,50100,1117230000,11070,49.0
13/04/2010,0,0,22.1(-0.90 %),0,0,0,0,11070,49.0
14/04/2010,-113000,-2497300000,22.1(0.00 %),0,0,113000,2497300000,124070,48.99
15/04/2010,-500,-11000000,22(-0.45 %),0,0,500,11000000,124570,48.99
16/04/2010,6700,150043000,22.2(0.91 %),50100,1112220000,43400,962177000,117870,48.99
19/04/2010,0,0,21.8(-1.80 %),0,0,0,0,117870,48.99
20/04/2010,110000,2420000000,21.6(-0.92 %),113000,2486000000,3000,66000000,7870,49.0
21/04/2010,-14500,-313200000,21.5(-0.46 %),200500,4530800000,215000,4844000000,22370,49.0
22/04/2010,43400,941780000,22(2.33 %),43400,941780000,0,0,0,49.0
26/04/2010,-30,-660000,21.8(-0.91 %),0,0,30,660000,0,49.0
27/04/2010,1980,43066000,21.6(-0.92 %),3000,65100000,1020,22034000,0,49.0
28/04/2010,15000,324000000,21.5(-0.46 %),15000,324000000,0,0,0,49.0
29/04/2010,0,0,21.6(0.47 %),0,0,0,0,0,49.0
04/05/2010,0,0,22.6(4.63 %),37910,841602000,37910,841602000,0,49.0
05/05/2010,-100,-2280000,22.4(-0.88 %),0,0,100,2280000,0,49.0
06/05/2010,-5450,-122030000,22.2(-0.89 %),41120,918981000,46570,1041011000,0,49.0
07/05/2010,0,0,21.8(-1.80 %),0,0,0,0,0,49.0
10/05/2010,-8000,-172000000,21.5(-1.38 %),0,0,8000,172000000,0,49.0
11/05/2010,-380,-8170000,21.5(0.00 %),20,430000,400,8600000,0,49.0
12/05/2010,-120200,-2557618000,21.3(-0.93 %),5580,118296000,125780,2675914000,96150,48.99
13/05/2010,0,0,21.1(-0.94 %),0,0,0,0,96150,48.99
14/05/2010,5000,105000000,21(-0.47 %),8000,168000000,3000,63000000,91150,48.99
17/05/2010,-300,-6270000,20.8(-0.95 %),400,8360000,700,14630000,91450,48.99
18/05/2010,125780,2628802000,20.8(0.00 %),125780,2628802000,0,0,0,49.0
19/05/2010,0,0,20.3(-2.40 %),0,0,0,0,0,49.0
20/05/2010,300,5940000,20.5(0.99 %),300,5940000,0,0,0,49.0
21/05/2010,3400,67660000,19.9(-2.93 %),3400,67660000,0,0,0,49.0
24/05/2010,0,0,19.9(0.00 %),0,0,0,0,0,49.0
25/05/2010,0,0,19.8(-0.50 %),0,0,0,0,0,49.0
26/05/2010,0,0,19.7(-0.51 %),0,0,0,0,0,49.0
27/05/2010,0,0,19.6(-0.51 %),1000000,20600000000,1000000,20600000000,0,49.0
28/05/2010,0,0,20(2.04 %),0,0,0,0,0,49.0
31/05/2010,0,0,19.8(-1.00 %),1200000,25200000000,1200000,25200000000,0,49.0
01/06/2010,0,0,19.7(-0.51 %),0,0,0,0,0,49.0
02/06/2010,0,0,19.7(0.00 %),0,0,0,0,0,49.0
03/06/2010,0,0,19.7(0.00 %),0,0,0,0,0,49.0
04/06/2010,0,0,19.7(0.00 %),0,0,0,0,0,49.0
07/06/2010,-2300,-44620000,19.3(-2.03 %),0,0,2300,44620000,0,49.0
08/06/2010,-20,-386000,19.3(0.00 %),0,0,20,386000,0,49.0
09/06/2010,0,0,19.2(-0.52 %),0,0,0,0,0,49.0
10/06/2010,0,0,19.3(0.52 %),0,0,0,0,0,49.0
11/06/2010,2300,44620000,19.5(1.04 %),2300,44620000,0,0,0,49.0
14/06/2010,20,390000,19.5(0.00 %),20,390000,0,0,0,49.0
15/06/2010,0,0,19.4(-0.51 %),1622150,31884980000,1622150,31884980000,0,49.0
16/06/2010,0,0,19.6(1.03 %),190000,3857000000,190000,3857000000,0,49.0
17/06/2010,-5000,-97500000,19.6(0.00 %),200000,4100000000,205000,4197500000,0,49.0
18/06/2010,0,0,19.4(1.04 %),0,0,0,0,470,49.0
21/06/2010,-33500,-649900000,19.4(0.00 %),0,0,33500,649900000,470,49.0
22/06/2010,0,0,19.3(-0.52 %),0,0,0,0,470,49.0
23/06/2010,5000,96500000,19.3(0.00 %),5000,96500000,0,0,0,49.0
24/06/2010,0,0,19.4(0.52 %),0,0,0,0,0,49.0
25/06/2010,33500,646550000,19.2(-1.03 %),33500,646550000,0,0,0,49.0
28/06/2010,-100000,-1920000000,19.3(0.52 %),0,0,100000,1920000000,61970,48.99
29/06/2010,-1000,-19300000,19.4(0.52 %),0,0,1000,19300000,62970,48.99
30/06/2010,0,0,18.9(-2.58 %),0,0,0,0,62970,48.99
01/07/2010,0,0,19.1(1.06 %),0,0,0,0,62970,48.99
02/07/2010,100000,1920000000,19(-0.52 %),100000,1920000000,0,0,0,49.0
05/07/2010,1000,18900000,19.5(2.63 %),1000,18900000,0,0,0,49.0
06/07/2010,0,0,19.3(-1.03 %),0,0,0,0,0,49.0
07/07/2010,0,0,19.1(-1.04 %),610000,12322000000,610000,12322000000,0,49.0
08/07/2010,0,0,19.1(0.00 %),0,0,0,0,0,49.0
09/07/2010,0,0,19(-0.52 %),0,0,0,0,0,49.0
12/07/2010,0,0,19.1(0.53 %),0,0,0,0,0,49.0
13/07/2010,-40,-764000,19.2(0.52 %),0,0,40,764000,0,49.0
14/07/2010,0,0,19.3(0.52 %),0,0,0,0,0,49.0
15/07/2010,0,0,19.2(-0.52 %),82480,1666096000,82480,1666096000,0,49.0
16/07/2010,0,0,19.2(0.00 %),0,0,0,0,0,49.0
19/07/2010,0,0,19.2(0.00 %),0,0,0,0,0,49.0
20/07/2010,40,764000,19(-1.04 %),40,764000,0,0,0,49.0
21/07/2010,0,0,19.1(0.53 %),0,0,0,0,0,49.0
22/07/2010,0,0,19.1(0.00 %),0,0,0,0,0,49.0
23/07/2010,0,0,19.1(0.00 %),0,0,0,0,0,49.0
26/07/2010,0,0,19(-0.52 %),162000,3240000000,162000,3240000000,0,49.0
27/07/2010,0,0,18.9(-0.53 %),0,0,0,0,0,49.0
28/07/2010,0,0,18.9(0.00 %),0,0,0,0,0,49.0
29/07/2010,0,0,18.9(0.00 %),0,0,0,0,0,49.0
30/07/2010,0,0,18.9(0.00 %),0,0,0,0,0,49.0
02/08/2010,0,0,18.7(-1.06 %),0,0,0,0,0,49.0
03/08/2010,0,0,18.6(-0.53 %),0,0,0,0,0,49.0
04/08/2010,-10,-185000,18.4(-1.08 %),0,0,10,185000,0,49.0
05/08/2010,0,0,18.4(0.00 %),0,0,0,0,0,49.0
06/08/2010,0,0,18.1(-1.63 %),0,0,0,0,0,49.0
09/08/2010,0,0,18(-0.55 %),0,0,0,0,0,49.0
10/08/2010,0,0,17.5(-2.78 %),0,0,0,0,0,49.0
11/08/2010,10,172000,17.2(-1.71 %),300010,5490172000,300000,5490000000,0,49.0
12/08/2010,0,0,16.5(-4.07 %),0,0,0,0,0,49.0
13/08/2010,0,0,16.5(0.00 %),0,0,0,0,0,49.0
16/08/2010,0,0,17(3.03 %),0,0,0,0,0,49.0
17/08/2010,0,0,16.8(-1.18 %),0,0,0,0,0,49.0
18/08/2010,-780,-13104000,16.6(-1.19 %),0,0,780,13104000,0,49.0
19/08/2010,0,0,16.3(-1.81 %),0,0,0,0,0,49.0
20/08/2010,0,0,16.4(0.61 %),0,0,0,0,0,0.0
23/08/2010,0,0,16.3(-0.61 %),0,0,0,0,0,49.0
24/08/2010,780,12636000,16.1(-1.23 %),780,12636000,0,0,0,49.0
25/08/2010,0,0,15.9(-1.24 %),0,0,0,0,0,49.0
26/08/2010,0,0,16(0.63 %),0,0,0,0,0,49.0
27/08/2010,0,0,16(0.00 %),0,0,0,0,0,49.0
30/08/2010,-289970,-4871496000,16.8(5.00 %),0,0,289970,4871496000,251940,48.97
31/08/2010,0,0,16.9(0.60 %),200000,3520000000,200000,3520000000,251940,48.97
01/09/2010,0,0,16.8(-0.59 %),0,0,0,0,251940,48.97
06/09/2010,1134330,19964208000,17.5(4.17 %),1134330,19964208000,0,0,0,49.1
07/09/2010,289360,5179544000,17.3(-1.14 %),515970,9326263000,226610,4146719000,0,49.13
08/09/2010,0,0,17.1(-1.16 %),0,0,0,0,0,49.13
09/09/2010,0,0,17.4(1.75 %),0,0,0,0,0,49.13
10/09/2010,0,0,17(-2.30 %),0,0,0,0,0,49.13
13/09/2010,610,10340000,17(0.00 %),610,10340000,0,0,0,49.13
14/09/2010,0,0,17.2(1.18 %),0,0,0,0,0,49.13
15/09/2010,-300,-5130000,17.3(0.58 %),44000,792000000,44300,797130000,0,49.13
16/09/2010,0,0,17.3(0.00 %),0,0,0,0,0,48.79
17/09/2010,0,0,17.3(0.00 %),0,0,0,0,0,30.0
20/09/2010,0,0,17.6(1.73 %),0,0,0,0,0,30.0
21/09/2010,300,5280000,17.6(0.00 %),300,5280000,0,0,0,30.0
22/09/2010,0,0,17.6(0.00 %),150000,2760000000,150000,2760000000,0,30.0
23/09/2010,0,0,17.6(0.00 %),350000,6300000000,350000,6300000000,0,30.0
24/09/2010,-12000,-211200000,17.7(0.57 %),0,0,12000,211200000,11700,30.0
27/09/2010,0,0,17.6(-0.56 %),0,0,0,0,11700,30.0
28/09/2010,0,0,17.6(0.00 %),0,0,0,0,11700,30.0
29/09/2010,0,0,17.8(1.14 %),0,0,0,0,11700,49.0
30/09/2010,12000,216000000,17.9(0.56 %),512000,9316000000,500000,9100000000,0,49.0
01/10/2010,0,0,17.8(-0.56 %),987000,17963400000,987000,17963400000,0,49.0
04/10/2010,0,0,17.7(-0.56 %),0,0,0,0,0,49.0
05/10/2010,0,0,17.8(0.56 %),66000,1214400000,66000,1214400000,0,49.0
06/10/2010,0,0,17.9(0.56 %),63000,1146600000,63000,1146600000,0,49.0
07/10/2010,0,0,17.8(-0.56 %),0,0,0,0,0,49.0
08/10/2010,0,0,14.9(0.68 %),0,0,0,0,0,49.0
11/10/2010,0,0,14.9(0.00 %),0,0,0,0,0,49.0
12/10/2010,0,0,14.6(-2.01 %),100000,1560000000,100000,1560000000,0,49.0
13/10/2010,0,0,14.6(0.00 %),100000,1530000000,100000,1530000000,0,49.0
14/10/2010,0,0,14.5(-0.68 %),100000,1530000000,100000,1530000000,0,49.0
15/10/2010,0,0,14.5(0.00 %),483590,7253850000,483590,7253850000,0,49.0
18/10/2010,0,0,14.4(-0.69 %),0,0,0,0,0,49.0
19/10/2010,0,0,14.2(-1.39 %),0,0,0,0,0,49.0
20/10/2010,0,0,13.9(-2.11 %),0,0,0,0,0,49.0
21/10/2010,0,0,14(0.72 %),0,0,0,0,0,49.0
22/10/2010,-17900,-249000000,13.9(-0.71 %),300000,4290000000,317900,4539000000,17600,49.0
25/10/2010,0,0,14(0.72 %),0,0,0,0,17600,49.0
26/10/2010,0,0,14.3(2.14 %),0,0,0,0,17600,49.0
27/10/2010,0,0,14.1(-1.40 %),0,0,0,0,17600,49.0
28/10/2010,17900,254180000,14.3(1.42 %),17900,254180000,0,0,0,49.0
29/10/2010,0,0,14.4(0.70 %),0,0,0,0,0,49.0
01/11/2010,0,0,14.3(-0.69 %),0,0,0,0,0,49.0
02/11/2010,0,0,14.3(0.00 %),0,0,0,0,0,49.0
03/11/2010,0,0,14.3(0.00 %),0,0,0,0,0,49.0
04/11/2010,0,0,14.4(0.70 %),0,0,0,0,0,49.0
05/11/2010,0,0,14.4(0.00 %),0,0,0,0,0,49.0
08/11/2010,0,0,14.4(0.00 %),0,0,0,0,0,49.0
09/11/2010,0,0,14.2(-1.39 %),0,0,0,0,0,49.0
10/11/2010,0,0,14.2(0.00 %),0,0,0,0,0,49.0
11/11/2010,0,0,14(-1.41 %),0,0,0,0,0,49.0
12/11/2010,-4000,-55600000,13.7(-2.14 %),0,0,4000,55600000,3700,49.0
15/11/2010,0,0,13.5(-1.46 %),0,0,0,0,3700,49.0
16/11/2010,0,0,13.3(-1.48 %),0,0,0,0,3700,49.0
17/11/2010,0,0,13.3(0.00 %),0,0,0,0,3700,49.0
18/11/2010,3180,42294000,13.3(0.00 %),3180,42294000,0,0,520,49.0
19/11/2010,0,0,13.4(0.75 %),0,0,0,0,520,49.0
22/11/2010,-800,-10640000,13.5(0.75 %),0,0,800,10640000,1320,49.0
23/11/2010,-250000,-3375000000,13.5(0.00 %),0,0,250000,3375000000,251320,48.97
24/11/2010,0,0,13.6(0.74 %),360750,4917023000,360750,4917023000,251320,48.97
25/11/2010,0,0,13.9(2.21 %),0,0,0,0,251320,48.97
26/11/2010,800,11040000,14(0.72 %),800,11040000,0,0,250520,48.97
29/11/2010,250000,3600000000,13.9(-0.71 %),250000,3600000000,0,0,520,49.0
30/11/2010,0,0,14.1(1.44 %),0,0,0,0,520,49.0
01/12/2010,0,0,14(-0.71 %),0,0,0,0,520,49.0
02/12/2010,0,0,14.3(2.14 %),0,0,0,0,520,49.0
03/12/2010,0,0,14.7(2.80 %),0,0,0,0,520,49.0
06/12/2010,0,0,14.7(0.00 %),156718,2303755000,156718,2303755000,520,49.0
07/12/2010,0,0,14.6(-0.68 %),468000,7207200000,468000,7207200000,520,49.0
08/12/2010,0,0,14.8(1.37 %),0,0,0,0,520,49.0
09/12/2010,0,0,14.8(0.00 %),0,0,0,0,520,49.0
10/12/2010,0,0,15(1.35 %),0,0,0,0,520,49.0
13/12/2010,0,0,15.7(4.67 %),0,0,0,0,520,49.0
14/12/2010,-1200,-19680000,16.4(4.46 %),0,0,1200,19680000,1720,49.0
15/12/2010,0,0,17.2(4.88 %),0,0,0,0,1720,49.0
16/12/2010,-3200,-53440000,16.4(-4.65 %),0,0,3200,53440000,4920,49.0
17/12/2010,0,0,16.6(1.22 %),0,0,0,0,4920,49.0
20/12/2010,1190,20111000,16.5(-0.60 %),1190,20111000,0,0,3730,49.0
21/12/2010,-180,-2934000,16.2(-1.82 %),0,0,180,2934000,3910,49.0
22/12/2010,-19800,-322100000,16.2(0.00 %),3200,52800000,23000,374900000,23710,49.0
23/12/2010,1190,19278000,16.2(0.00 %),1190,19278000,0,0,22520,49.0
24/12/2010,0,0,16.2(0.00 %),0,0,0,0,22520,49.0
27/12/2010,-20,-330000,16.5(1.85 %),0,0,20,330000,22540,49.0
28/12/2010,23180,387106000,16.6(0.61 %),23180,387106000,0,0,0,49.0
29/12/2010,0,0,15.3(-0.65 %),100000,1610000000,100000,1610000000,0,49.0
30/12/2010,0,0,15.3(0.00 %),0,0,0,0,0,49.0
31/12/2010,0,0,15.5(1.31 %),0,0,0,0,0,49.0
04/01/2011,0,0,15.3(-1.29 %),0,0,0,0,0,49.0
05/01/2011,0,0,15(-1.96 %),0,0,0,0,0,49.0
06/01/2011,-1000,-15000000,15.2(1.33 %),0,0,1000,15000000,360,49.0
07/01/2011,20,300000,15(-1.32 %),20,300000,0,0,340,49.0
10/01/2011,0,0,14.9(-0.67 %),0,0,0,0,340,49.0
11/01/2011,0,0,14.5(-2.68 %),0,0,0,0,340,49.0
12/01/2011,1000,14690000,14.7(1.38 %),1000,14690000,0,0,0,49.0
13/01/2011,0,0,14.8(0.68 %),0,0,0,0,0,49.0
14/01/2011,0,0,14.9(0.68 %),600000,9300000000,600000,9300000000,7,30.0
17/01/2011,-70,-1050000,15.1(1.34 %),1271070,19828692000,1271140,19829742000,77,30.0
18/01/2011,-50,-750000,15(-0.66 %),0,0,50,750000,0,49.0
19/01/2011,0,0,15(0.00 %),0,0,0,0,0,49.0
20/01/2011,-1200,-18000000,15.1(0.67 %),0,0,1200,18000000,660,49.0
21/01/2011,70,1064000,15.3(1.32 %),70,1064000,0,0,590,49.0
24/01/2011,0,0,15.1(-1.31 %),0,0,0,0,590,49.0
25/01/2011,0,0,15.1(0.00 %),0,0,0,0,590,49.0
26/01/2011,1250,19000000,15.2(0.66 %),1250,19000000,0,0,0,30.0
27/01/2011,0,0,15.3(0.66 %),0,0,0,0,0,49.0
28/01/2011,0,0,15.3(0.00 %),0,0,0,0,0,49.0
08/02/2011,0,0,15.4(0.65 %),0,0,0,0,0,49.0
09/02/2011,0,0,15.6(1.30 %),0,0,0,0,7,30.0
10/02/2011,0,0,15.6(0.00 %),0,0,0,0,0,49.0
11/02/2011,0,0,15.5(-0.64 %),0,0,0,0,7,30.0
14/02/2011,0,0,15.4(-0.65 %),0,0,0,0,0,49.0
15/02/2011,0,0,15.3(-0.65 %),0,0,0,0,0,49.0
16/02/2011,20,306000,15.2(-0.65 %),20,306000,0,0,0,49.0
17/02/2011,0,0,15.4(1.32 %),0,0,0,0,0,49.0
18/02/2011,0,0,15.3(-0.65 %),0,0,0,0,0,49.0
21/02/2011,0,0,14.7(-3.92 %),0,0,0,0,0,49.0
22/02/2011,-9600,-135360000,14.4(-2.04 %),0,0,9600,135360000,8920,49.0
23/02/2011,0,0,14.9(3.47 %),0,0,0,0,8920,49.0
24/02/2011,0,0,14.6(-2.01 %),0,0,0,0,8920,49.0
25/02/2011,0,0,15(2.74 %),0,0,0,0,8920,49.0
28/02/2011,9600,143040000,14.8(-1.33 %),9600,143040000,0,0,0,49.0
01/03/2011,-6000,-88560000,14.9(0.68 %),0,0,6000,88560000,5320,49.0
02/03/2011,0,0,14.5(-2.68 %),0,0,0,0,5320,49.0
03/03/2011,0,0,14.6(0.69 %),0,0,0,0,0,0.0
04/03/2011,0,0,14.6(0.00 %),0,0,0,0,0,0.0
07/03/2011,6000,88200000,14.6(0.00 %),6000,88200000,0,0,0,0.0
08/03/2011,0,0,14.5(-0.68 %),0,0,0,0,0,0.0
09/03/2011,0,0,14.4(-0.69 %),0,0,0,0,0,0.0
10/03/2011,0,0,14.6(1.39 %),0,0,0,0,0,0.0
11/03/2011,0,0,14.9(2.05 %),733630,11224539000,733630,11224539000,0,0.0
14/03/2011,0,0,14.7(-1.34 %),0,0,0,0,0,0.0
15/03/2011,0,0,14.6(-0.68 %),0,0,0,0,0,0.0
16/03/2011,0,0,14.6(0.00 %),0,0,0,0,7,30.0
17/03/2011,0,0,14.7(0.68 %),0,0,0,0,7,30.0
18/03/2011,0,0,14.7(0.00 %),0,0,0,0,7,30.0
21/03/2011,0,0,14.5(-1.36 %),0,0,0,0,7,30.0
22/03/2011,0,0,14.5(0.00 %),0,0,0,0,7,30.0
23/03/2011,0,0,14.6(0.69 %),0,0,0,0,7,30.0
24/03/2011,0,0,14.6(0.00 %),0,0,0,0,7,30.0
25/03/2011,0,0,14.6(0.00 %),0,0,0,0,7,30.0
28/03/2011,0,0,14.6(0.00 %),0,0,0,0,7,30.0
29/03/2011,0,0,14.6(0.00 %),0,0,0,0,7,30.0
30/03/2011,0,0,14.7(0.68 %),0,0,0,0,7,30.0
31/03/2011,0,0,14.6(-0.68 %),0,0,0,0,7,30.0
01/04/2011,0,0,14.6(0.00 %),0,0,0,0,7,30.0
04/04/2011,0,0,14.5(-0.68 %),0,0,0,0,7,30.0
05/04/2011,0,0,14.6(0.69 %),0,0,0,0,7,30.0
06/04/2011,0,0,14.6(0.00 %),0,0,0,0,7,30.0
07/04/2011,0,0,14.6(0.00 %),0,0,0,0,7,30.0
08/04/2011,0,0,14.6(0.00 %),0,0,0,0,7,30.0
13/04/2011,-216980,-3146210000,14.6(0.00 %),143020,2188206000,360000,5334416000,216987,29.98
14/04/2011,0,0,14.6(0.00 %),0,0,0,0,216987,29.98
15/04/2011,0,0,14.5(-0.68 %),0,0,0,0,216987,29.98
18/04/2011,0,0,14.5(0.00 %),0,0,0,0,216987,29.98
19/04/2011,216980,3287848000,14.6(0.69 %),216980,3287848000,0,0,7,30.0
20/04/2011,0,0,14.6(0.00 %),0,0,0,0,7,30.0
21/04/2011,0,0,14.5(-0.68 %),0,0,0,0,7,30.0
22/04/2011,0,0,14.5(0.00 %),0,0,0,0,7,30.0
25/04/2011,0,0,14.6(0.69 %),0,0,0,0,7,30.0
26/04/2011,0,0,14.5(-0.68 %),0,0,0,0,7,30.0
27/04/2011,0,0,14.5(0.00 %),0,0,0,0,7,30.0
28/04/2011,0,0,14.6(0.69 %),0,0,0,0,7,30.0
29/04/2011,0,0,14.7(0.68 %),0,0,0,0,7,30.0
04/05/2011,-24000,-354300000,14.8(0.68 %),0,0,24000,354300000,7,30.0
05/05/2011,0,0,14.9(0.68 %),0,0,0,0,7,30.0
06/05/2011,0,0,15(0.67 %),0,0,0,0,7,30.0
09/05/2011,0,0,14.9(-0.67 %),0,0,0,0,7,30.0
10/05/2011,-360,11436000,14.9(0.00 %),24000,374400000,24360,362964000,367,30.0
11/05/2011,0,0,14.8(-0.67 %),0,0,0,0,367,30.0
12/05/2011,0,0,14.9(0.68 %),0,0,0,0,367,30.0
13/05/2011,0,0,14.9(0.00 %),0,0,0,0,367,30.0
16/05/2011,24360,380016000,15(0.67 %),24360,380016000,0,0,0,30.0
17/05/2011,0,0,15(0.00 %),0,0,0,0,7,30.0
18/05/2011,0,0,15(0.00 %),0,0,0,0,7,30.0
19/05/2011,0,0,15(0.00 %),0,0,0,0,7,30.0
20/05/2011,0,0,15(0.00 %),0,0,0,0,7,30.0
23/05/2011,0,0,14.9(-0.67 %),0,0,0,0,7,30.0
24/05/2011,-3120,-45240000,14.7(-1.34 %),0,0,3120,45240000,3127,30.0
25/05/2011,0,0,14.6(-0.68 %),0,0,0,0,3127,30.0
26/05/2011,-2120,-30740000,14.8(1.37 %),2058000,31487400000,2060120,31518140000,5247,30.0
27/05/2011,0,0,14.8(0.00 %),1333630,20671265000,1333630,20671265000,5247,30.0
30/05/2011,3120,46476000,14.8(0.00 %),3120,46476000,0,0,2127,30.0
31/05/2011,0,0,14.9(0.68 %),0,0,0,0,2127,30.0
01/06/2011,2120,31800000,14.9(0.00 %),122000,1901928000,119880,1870128000,2127,30.0
02/06/2011,0,0,15(1.35 %),0,0,0,0,2127,30.0
03/06/2011,0,0,14.9(-0.67 %),586830,9213231000,586830,9213231000,2127,30.0
06/06/2011,0,0,14.7(-1.34 %),0,0,0,0,2127,30.0
07/06/2011,0,0,14.8(0.68 %),0,0,0,0,2127,30.0
08/06/2011,0,0,14.8(0.00 %),420000,6510000000,420000,6510000000,2127,30.0
09/06/2011,0,0,14.8(0.00 %),0,0,0,0,2127,30.0
10/06/2011,0,0,14.8(0.00 %),0,0,0,0,2127,30.0
13/06/2011,0,0,14.8(0.00 %),0,0,0,0,2127,30.0
14/06/2011,0,0,14.8(0.00 %),0,0,0,0,2127,30.0
15/06/2011,0,0,14.7(-0.68 %),0,0,0,0,2127,30.0
16/06/2011,0,0,14.8(0.68 %),0,0,0,0,2127,30.0
17/06/2011,0,0,14.7(-0.68 %),0,0,0,0,2127,30.0
20/06/2011,0,0,14.6(-0.68 %),0,0,0,0,2127,30.0
21/06/2011,0,0,14.7(0.68 %),0,0,0,0,2127,30.0
22/06/2011,0,0,14.6(-0.68 %),0,0,0,0,2127,30.0
23/06/2011,10,146000,14.6(0.00 %),10,146000,0,0,2117,30.0
24/06/2011,0,0,14.6(0.00 %),0,0,0,0,2117,30.0
27/06/2011,0,0,14.6(0.00 %),0,0,0,0,2117,30.0
28/06/2011,0,0,14.6(0.00 %),0,0,0,0,2117,30.0
29/06/2011,0,0,14.6(0.00 %),0,0,0,0,2117,30.0
30/06/2011,0,0,14.6(0.00 %),0,0,0,0,2117,30.0
01/07/2011,0,0,14.6(0.00 %),0,0,0,0,3,30.0
04/07/2011,0,0,14.7(0.68 %),0,0,0,0,3,30.0
05/07/2011,0,0,14.7(0.00 %),0,0,0,0,3,30.0
06/07/2011,0,0,14.6(-0.68 %),0,0,0,0,3,30.0
07/07/2011,0,0,14.7(0.68 %),0,0,0,0,3,30.0
08/07/2011,0,0,14.7(0.00 %),0,0,0,0,3,30.0
11/07/2011,0,0,14.7(0.00 %),0,0,0,0,3,30.0
12/07/2011,0,0,14.7(0.00 %),0,0,0,0,3,30.0
13/07/2011,0,0,14.7(0.00 %),0,0,0,0,3,30.0
14/07/2011,0,0,14.7(0.00 %),0,0,0,0,3,30.0
15/07/2011,0,0,14.7(0.00 %),0,0,0,0,3,30.0
18/07/2011,0,0,14.8(0.68 %),40000,604000000,40000,604000000,3,30.0
19/07/2011,0,0,14.9(0.68 %),0,0,0,0,3,30.0
20/07/2011,0,0,15.1(1.34 %),206390,3219684000,206390,3219684000,3,30.0
21/07/2011,0,0,15.5(2.65 %),0,0,0,0,3,30.0
22/07/2011,0,0,15.2(-1.94 %),87110,1393760000,87110,1393760000,3,30.0
25/07/2011,0,0,14.9(-1.97 %),0,0,0,0,3,30.0
26/07/2011,0,0,14.9(0.00 %),0,0,0,0,3,30.0
27/07/2011,0,0,14.9(0.00 %),0,0,0,0,3,30.0
28/07/2011,0,0,14.9(0.00 %),0,0,0,0,3,30.0
29/07/2011,0,0,14.9(0.00 %),0,0,0,0,3,30.0
01/08/2011,0,0,14.9(0.00 %),0,0,0,0,3,30.0
02/08/2011,0,0,14.9(0.00 %),0,0,0,0,3,30.0
03/08/2011,0,0,14.9(0.00 %),0,0,0,0,3,30.0
04/08/2011,0,0,15.1(1.34 %),0,0,0,0,3,30.0
05/08/2011,0,0,15(-0.66 %),0,0,0,0,3,30.0
08/08/2011,0,0,14.9(-0.67 %),0,0,0,0,3,30.0
09/08/2011,0,0,14.8(-0.67 %),0,0,0,0,3,30.0
10/08/2011,0,0,14.9(0.68 %),0,0,0,0,3,30.0
11/08/2011,0,0,14.9(0.00 %),0,0,0,0,3,30.0
12/08/2011,0,0,15(0.67 %),0,0,0,0,3,30.0
15/08/2011,0,0,15(0.00 %),0,0,0,0,3,30.0
16/08/2011,0,0,14.9(-0.67 %),0,0,0,0,3,30.0
17/08/2011,0,0,15(0.67 %),0,0,0,0,3,30.0
18/08/2011,0,0,15(0.00 %),0,0,0,0,3,30.0
19/08/2011,0,0,14.9(-0.67 %),0,0,0,0,3,30.0
22/08/2011,0,0,14.9(0.00 %),0,0,0,0,3,30.0
23/08/2011,0,0,15(0.67 %),0,0,0,0,3,30.0
24/08/2011,0,0,14.9(-0.67 %),0,0,0,0,3,30.0
25/08/2011,0,0,14.9(0.00 %),0,0,0,0,3,30.0
26/08/2011,0,0,14.9(0.00 %),0,0,0,0,3,30.0
29/08/2011,0,0,15.2(2.01 %),0,0,0,0,3,30.0
30/08/2011,0,0,15.1(-0.66 %),0,0,0,0,3,30.0
31/08/2011,0,0,15.2(0.66 %),0,0,0,0,3,30.0
01/09/2011,0,0,15.9(4.61 %),0,0,0,0,3,30.0
05/09/2011,0,0,16.1(1.26 %),0,0,0,0,3,30.0
06/09/2011,0,0,15.8(-1.86 %),0,0,0,0,3,30.0
07/09/2011,0,0,16(1.27 %),0,0,0,0,3,30.0
08/09/2011,-20000,-320300000,15.8(-1.25 %),0,0,20000,320300000,20003,30.0
09/09/2011,0,0,15.8(0.00 %),0,0,0,0,20003,30.0
12/09/2011,0,0,15.7(-0.63 %),0,0,0,0,20003,30.0
13/09/2011,0,0,15.8(0.64 %),0,0,0,0,20003,30.0
14/09/2011,20000,316775000,15.7(-0.63 %),20000,316775000,0,0,3,30.0
15/09/2011,0,0,15.7(0.00 %),0,0,0,0,3,30.0
16/09/2011,-1680,-26376000,15.6(-0.64 %),0,0,1680,26376000,1683,30.0
19/09/2011,0,0,15.7(0.64 %),0,0,0,0,1683,30.0
20/09/2011,0,0,15.7(0.00 %),0,0,0,0,1683,30.0
21/09/2011,0,0,15.8(0.64 %),0,0,0,0,1683,30.0
22/09/2011,1500,23700000,16.3(3.16 %),1500,23700000,0,0,183,30.0
23/09/2011,0,0,16(-1.84 %),0,0,0,0,183,30.0
26/09/2011,50,800000,15.9(-0.62 %),50,800000,0,0,133,30.0
27/09/2011,10,160000,15.9(0.00 %),750010,12000160000,750000,12000000000,123,30.0
28/09/2011,0,0,15.9(0.00 %),70000,1120000000,70000,1120000000,123,30.0
29/09/2011,-29880,-472092000,15.9(0.00 %),500120,7951908000,530000,8424000000,30003,30.0
30/09/2011,-61700,-987200000,16(0.63 %),0,0,61700,987200000,91703,29.99
03/10/2011,-44670,-714720000,15.9(-0.62 %),0,0,44670,714720000,3,30.0
04/10/2011,-58570,-937120000,15.9(0.00 %),0,0,58570,937120000,58573,29.99
05/10/2011,5490,87840000,15.9(0.00 %),28500,456000000,23010,368160000,53083,29.99
06/10/2011,31240,496716000,15.9(0.00 %),31240,496716000,0,0,21843,30.0
07/10/2011,0,0,16(0.63 %),308430,4934880000,308430,4934880000,21843,30.0
10/10/2011,12550,199545000,15.9(-0.62 %),12550,199545000,0,0,9293,30.0
11/10/2011,70000,1127000000,15.8(-0.63 %),70000,1127000000,0,0,0,30.01
12/10/2011,10200,161476000,15.8(0.00 %),15200,240150000,5000,78674000,75663,29.99
13/10/2011,200,3110000,15.8(0.00 %),200,3110000,0,0,75463,29.99
14/10/2011,5200,80600000,15.5(-1.90 %),5200,80600000,0,0,70263,29.99
17/10/2011,20000,308530000,14.9(-3.87 %),21200,326770000,1200,18240000,50263,30.0
18/10/2011,6200,92370000,14.6(-2.01 %),6200,92370000,0,0,44063,30.0
19/10/2011,32660,475970000,14.6(0.00 %),32660,475970000,0,0,11403,30.0
20/10/2011,0,0,14.5(-0.68 %),0,0,0,0,11403,30.0
21/10/2011,0,0,13.8(-4.83 %),0,0,0,0,11403,30.0
24/10/2011,0,0,14.4(4.35 %),0,0,0,0,11403,30.0
25/10/2011,0,0,14.6(1.39 %),0,0,0,0,11403,30.0
26/10/2011,550,8085000,14.8(1.37 %),550,8085000,0,0,10853,30.0
27/10/2011,200,2950000,14.7(-0.68 %),200,2950000,0,0,10653,30.0
28/10/2011,450,6660000,14.7(0.00 %),450,6660000,0,0,10203,30.0
31/10/2011,0,0,14.7(0.00 %),0,0,0,0,10203,30.0
01/11/2011,0,0,14.7(0.00 %),0,0,0,0,3,30.0
02/11/2011,0,0,14.7(0.00 %),0,0,0,0,3,30.0
03/11/2011,0,0,14.6(-0.68 %),0,0,0,0,3,30.0
04/11/2011,0,0,14.6(0.00 %),0,0,0,0,3,30.0
07/11/2011,-10,-145000,14.6(0.00 %),0,0,10,145000,13,30.0
08/11/2011,0,0,14.5(-0.68 %),0,0,0,0,13,30.0
09/11/2011,-88190,-1275271000,14.4(-0.69 %),70000,1011430000,158190,2286701000,88203,29.99
10/11/2011,0,0,14.4(0.00 %),0,0,0,0,88203,29.99
11/11/2011,10,144000,14.4(0.00 %),170510,2453469000,170500,2453325000,88193,29.99
14/11/2011,-12000,-171600000,14.4(0.00 %),0,0,12000,171600000,100193,29.99
15/11/2011,0,0,14.4(0.00 %),0,0,0,0,100193,29.99
16/11/2011,88020,1284671000,14.5(0.69 %),88020,1284671000,0,0,12173,30.0
17/11/2011,0,0,14.6(0.69 %),0,0,0,0,12173,30.0
18/11/2011,5870,85702000,14.6(0.00 %),12110,176806000,6240,91104000,6303,30.0
21/11/2011,60,882000,14.7(0.68 %),60,882000,0,0,6243,30.0
22/11/2011,0,0,14.8(0.68 %),0,0,0,0,6243,30.0
23/11/2011,0,0,15.2(2.70 %),0,0,0,0,6243,30.0
24/11/2011,5740,88494000,15.3(0.66 %),6240,96096000,500,7602000,503,30.0
25/11/2011,0,0,15.3(0.00 %),0,0,0,0,503,30.0
28/11/2011,-2200,-29260000,13.3(1.53 %),240000,3288000000,242200,3317260000,2703,30.0
29/11/2011,0,0,13.1(-1.50 %),40000,548000000,40000,548000000,2703,30.0
30/11/2011,500,6550000,12.9(-1.53 %),300500,3981550000,300000,3975000000,2203,30.0
01/12/2011,0,0,12.8(-0.78 %),300000,3960000000,300000,3960000000,3,30.0
02/12/2011,150,1930000,12.9(0.78 %),150,1930000,0,0,0,30.0
05/12/2011,2000,26000000,12.9(0.00 %),2000,26000000,0,0,2053,30.0
06/12/2011,0,0,12.9(0.00 %),0,0,0,0,2053,30.0
07/12/2011,50,640000,12.8(-0.78 %),50,640000,0,0,2003,30.0
08/12/2011,0,0,13(1.56 %),0,0,0,0,2003,30.0
09/12/2011,0,0,13.1(0.77 %),0,0,0,0,2003,30.0
12/12/2011,0,0,13.3(1.53 %),0,0,0,0,2003,30.0
13/12/2011,-6000,-79800000,13.4(0.75 %),0,0,6000,79800000,8003,30.0
14/12/2011,0,0,13.4(0.00 %),0,0,0,0,8003,30.0
15/12/2011,0,0,13.4(0.00 %),0,0,0,0,8003,30.0
16/12/2011,0,0,13.5(0.75 %),100000,1340000000,100000,1340000000,8003,30.0
19/12/2011,6000,82200000,13.6(0.74 %),106000,1432200000,100000,1350000000,2003,30.0
20/12/2011,0,0,13.6(0.00 %),300000,4080000000,300000,4080000000,2003,30.0
21/12/2011,0,0,13.8(1.47 %),0,0,0,0,2003,30.0
22/12/2011,0,0,13.8(0.00 %),150000,2040000000,150000,2040000000,2003,30.0
23/12/2011,0,0,13.9(0.72 %),0,0,0,0,2003,30.0
26/12/2011,0,0,14.2(2.16 %),150000,2055000000,150000,2055000000,2003,30.0
27/12/2011,0,0,14.1(-0.70 %),0,0,0,0,2003,30.0
28/12/2011,0,0,14.1(0.00 %),0,0,0,0,2003,30.0
29/12/2011,0,0,14.3(1.42 %),0,0,0,0,2003,35.1
30/12/2011,-80000,-1146000000,14.3(0.00 %),0,0,80000,1146000000,82003,35.09
03/01/2012,-120000,-1719953000,14.3(0.00 %),0,0,120000,1719953000,202003,35.08
04/01/2012,0,0,14.5(1.40 %),0,0,0,0,202003,35.08
05/01/2012,0,0,14.3(-1.38 %),0,0,0,0,202003,35.08
06/01/2012,-24700,-354710000,14.4(0.70 %),50300,724290000,75000,1079000000,226703,29.98
09/01/2012,113280,1631732000,14.4(0.00 %),415040,5976576000,301760,4344844000,113423,29.99
10/01/2012,0,0,14.6(1.39 %),0,0,0,0,113423,29.99
11/01/2012,-200000,-2920000000,15(2.74 %),0,0,200000,2920000000,313423,29.97
12/01/2012,-80,-1148000,13.9(2.21 %),100,1390000,180,2538000,313503,29.97
13/01/2012,99990,1389861000,13.9(0.00 %),100010,1390139000,20,278000,213513,29.98
16/01/2012,9110,126629000,13.5(-2.88 %),9110,126629000,0,0,204403,29.98
17/01/2012,50590,682965000,13.5(0.00 %),50600,683100000,10,135000,153813,29.99
18/01/2012,56000,761300000,13.5(0.00 %),56000,761300000,0,0,97813,29.99
19/01/2012,0,0,13.9(2.96 %),0,0,0,0,97813,29.99
20/01/2012,60990,853785000,14(0.72 %),60990,853785000,0,0,36823,30.0
30/01/2012,33400,470940000,14.5(3.57 %),33400,470940000,0,0,3423,30.0
31/01/2012,0,0,14.8(2.07 %),0,0,0,0,3423,30.0
01/02/2012,0,0,15(1.35 %),0,0,0,0,7,30.0
02/02/2012,-200000,-3120000000,15.7(4.67 %),0,0,200000,3120000000,200007,29.98
03/02/2012,-150000,-2430000000,15.8(0.64 %),0,0,150000,2430000000,350007,29.97
06/02/2012,0,0,15.8(0.00 %),0,0,0,0,350007,29.97
07/02/2012,0,0,15.8(0.00 %),0,0,0,0,350007,29.97
08/02/2012,200000,3300000000,16.3(3.16 %),700000,11550000000,500000,8250000000,150007,29.99
09/02/2012,150000,2557500000,16.5(1.23 %),270000,4609500000,120000,2052000000,7,30.0
10/02/2012,0,0,16(-3.03 %),0,0,0,0,7,30.0
13/02/2012,0,0,15.3(-4.38 %),0,0,0,0,7,30.0
14/02/2012,0,0,15.5(1.31 %),344520,5512320000,344520,5512320000,7,30.0
15/02/2012,0,0,15.4(-0.65 %),400000,6400000000,400000,6400000000,7,30.0
16/02/2012,0,0,15.4(0.00 %),400000,6440000000,400000,6440000000,7,30.0
17/02/2012,0,0,15.9(3.25 %),220000,3542000000,220000,3542000000,7,30.0
20/02/2012,0,0,16.5(3.77 %),450000,7470000000,450000,7470000000,7,30.0
21/02/2012,0,0,16.4(-0.61 %),300000,5100000000,300000,5100000000,7,30.0
22/02/2012,0,0,16.8(2.44 %),500000,8600000000,500000,8600000000,7,30.0
23/02/2012,-50,-845000,16.9(0.60 %),470000,8272000000,470050,8272845000,57,30.0
24/02/2012,0,0,16.8(-0.59 %),300000,5310000000,300000,5310000000,57,30.0
27/02/2012,0,0,17(1.19 %),500000,8800000000,500000,8800000000,57,30.0
28/02/2012,0,0,17.1(0.59 %),0,0,0,0,57,30.0
29/02/2012,0,0,17.9(4.68 %),700000,12370000000,700000,12370000000,57,30.0
01/03/2012,-3270,-59856000,18.7(4.47 %),0,0,3270,59856000,57,30.0
02/03/2012,0,0,19.5(4.28 %),800000,15320000000,800000,15320000000,57,30.0
05/03/2012,-899950,-18288980000,20.4(4.62 %),50,1020000,900000,18290000000,900007,29.93
06/03/2012,-50,-1055000,19.4(-4.90 %),900000,18525200000,900050,18526255000,900057,29.93
07/03/2012,3170,59212000,18.5(-4.64 %),3270,61062000,100,1850000,896887,29.93
08/03/2012,0,0,17.6(-4.86 %),525000,9512500000,525000,9512500000,896887,29.93
09/03/2012,900000,15857839000,17.1(-2.84 %),900000,15857839000,0,0,0,30.0
12/03/2012,50,850000,16.9(-1.17 %),50,850000,0,0,57,30.0
13/03/2012,100,1700000,17.3(2.37 %),100,1700000,0,0,0,30.0
14/03/2012,0,0,17.1(-1.16 %),0,0,0,0,7,30.0
15/03/2012,10,169000,17.5(2.34 %),10,169000,0,0,0,30.0
16/03/2012,0,0,17.4(-0.57 %),0,0,0,0,5,30.0
19/03/2012,0,0,17.3(-0.57 %),431900,7860580000,431900,7860580000,5,30.0
20/03/2012,0,0,17.8(2.89 %),0,0,0,0,5,30.0
21/03/2012,0,0,18(1.12 %),0,0,0,0,5,30.0
22/03/2012,0,0,17.7(-1.67 %),205840,3890376000,205840,3890376000,5,30.0
23/03/2012,0,0,17.7(0.00 %),0,0,0,0,5,30.0
26/03/2012,0,0,17.6(-0.56 %),0,0,0,0,5,30.0
27/03/2012,0,0,17.2(-2.27 %),0,0,0,0,5,30.0
28/03/2012,0,0,17.4(1.16 %),0,0,0,0,5,30.0
29/03/2012,-9820,-171850000,17.5(0.57 %),0,0,9820,171850000,9825,30.0
30/03/2012,-13150,-229025000,17.3(-1.14 %),0,0,13150,229025000,22975,30.0
03/04/2012,0,0,17.5(1.16 %),0,0,0,0,5,30.0
04/04/2012,0,0,17.4(-0.57 %),0,0,0,0,5,30.0
05/04/2012,9820,172832000,17.9(2.87 %),9820,172832000,0,0,0,30.0
06/04/2012,13150,236700000,18(0.56 %),13150,236700000,0,0,13155,30.0
09/04/2012,-20,-360000,18.1(0.56 %),0,0,20,360000,13175,30.0
10/04/2012,0,0,17.9(-1.10 %),0,0,0,0,13175,30.0
11/04/2012,10,181000,18.1(1.12 %),500010,9350181000,500000,9350000000,13165,30.0
12/04/2012,0,0,18.4(1.66 %),700000,13300000000,700000,13300000000,13165,30.0
13/04/2012,20,368000,18.2(-1.09 %),20,368000,0,0,13145,30.0
16/04/2012,0,0,18.4(1.10 %),39000,744900000,39000,744900000,13145,30.0
17/04/2012,0,0,18.4(0.00 %),0,0,0,0,13145,30.0
18/04/2012,0,0,18.3(-0.54 %),370000,7141000000,370000,7141000000,13145,30.0
19/04/2012,-89230,-1632909000,18.2(-0.55 %),117810,2261952000,207040,3894861000,102375,29.99
20/04/2012,0,0,18.2(0.00 %),170000,3247000000,170000,3247000000,102375,29.99
23/04/2012,0,0,18.2(0.00 %),70000,1309000000,70000,1309000000,102375,29.99
24/04/2012,0,0,18.2(0.00 %),0,0,0,0,102375,29.99
25/04/2012,71900,1341950000,18.5(1.65 %),71900,1341950000,0,0,30475,30.0
26/04/2012,7940,145937000,18.3(-1.08 %),7940,145937000,0,0,22535,30.0
27/04/2012,-141380,-2589864000,18.3(0.00 %),8620,157536000,150000,2747400000,163915,29.99
02/05/2012,770,14091000,18.2(-0.55 %),770,14091000,0,0,773,30.0
03/05/2012,0,0,18.2(0.00 %),0,0,0,0,773,30.0
04/05/2012,0,0,18.3(0.55 %),0,0,0,0,773,30.0
07/05/2012,660,12078000,18.3(0.00 %),660,12078000,0,0,113,30.0
08/05/2012,145600,2708900000,18.8(2.73 %),360700,6835860000,215100,4126960000,0,30.01
09/05/2012,-289700,-5404420000,18.6(-1.06 %),0,0,289700,5404420000,43,30.0
10/05/2012,-135810,-2517565000,18.4(-1.08 %),0,0,135810,2517565000,135853,29.99
11/05/2012,40,740000,18.4(0.00 %),40,740000,0,0,135813,29.99
14/05/2012,3700,68260000,18.2(-1.09 %),3700,68260000,0,0,132113,29.99
15/05/2012,10870,197327000,18.1(-0.55 %),12570,228167000,1700,30840000,121243,29.99
16/05/2012,5000,90500000,18.1(0.00 %),5000,90500000,0,0,116243,29.99
17/05/2012,-485860,-8776961000,18(-0.55 %),14140,256039000,500000,9033000000,602103,29.95
18/05/2012,-1175000,-20887301000,17.7(-1.67 %),13000,231100000,1188000,21118401000,1777103,29.86
21/05/2012,2700,48870000,18.1(2.26 %),2700,48870000,0,0,1774403,29.86
22/05/2012,38000,689800000,18.2(0.55 %),38000,689800000,0,0,1736403,29.86
23/05/2012,-293400,-5335880000,18.2(0.00 %),6600,120120000,300000,5456000000,2029803,29.84
24/05/2012,-837000,-15140108000,17.9(-1.65 %),1000,18000000,838000,15158108000,2866803,29.77
25/05/2012,-199000,-3581900000,18.1(1.12 %),1000,18100000,200000,3600000000,3065803,29.75
28/05/2012,-50000,-910000000,18.2(0.55 %),0,0,50000,910000000,3115803,29.75
29/05/2012,-40,-728000,18.2(0.00 %),0,0,40,728000,3115843,29.75
30/05/2012,9970,184450000,18.4(1.10 %),59970,1099450000,50000,915000000,3105873,29.75
31/05/2012,32110,585613000,18.3(-0.54 %),100300,1833490000,68190,1247877000,3073763,29.75
01/06/2012,1200,21700000,17.9(0.56 %),1200,21700000,0,0,3247733,29.74
04/06/2012,-549100,-9739513000,17.7(-1.12 %),1000,17700000,550100,9757213000,3796833,29.69
05/06/2012,0,0,17.9(1.13 %),0,0,0,0,3247733,29.74
06/06/2012,-294300,-5297340000,18(0.56 %),0,0,294300,5297340000,3542033,29.71
07/06/2012,-223660,-4035623000,18.1(0.56 %),59340,1073877000,283000,5109500000,3765693,29.7
08/06/2012,198870,3617767000,18.1(0.00 %),498870,9047767000,300000,5430000000,3566823,29.71
11/06/2012,494030,8978046000,18.2(0.55 %),494030,8978046000,0,0,3072793,29.75
12/06/2012,120600,2194930000,18.2(0.00 %),120700,2196740000,100,1810000,2952193,29.76
13/06/2012,401610,7307502000,18.2(0.00 %),401610,7307502000,0,0,2550583,29.79
14/06/2012,177940,3236123000,18.2(0.00 %),177940,3236123000,0,0,2372643,29.81
15/06/2012,114000,2077500000,18.3(0.55 %),114000,2077500000,0,0,2258643,29.82
18/06/2012,-108980,-1983315000,18.2(-0.55 %),176520,3212785000,285500,5196100000,2367623,29.81
19/06/2012,91000,1655600000,18.3(0.55 %),97000,1765400000,6000,109800000,2276623,29.82
20/06/2012,127560,2338822000,18.4(0.55 %),180560,3303722000,53000,964900000,2149063,29.83
21/06/2012,314050,5778415000,18.4(0.00 %),314050,5778415000,0,0,1835013,29.85
22/06/2012,-87980,-1587716000,18.3(-0.54 %),303020,5539484000,391000,7127200000,1922993,29.84
25/06/2012,349540,6400198000,18.2(-0.55 %),510440,9328578000,160900,2928380000,1573453,29.87
26/06/2012,94750,1734370000,18.3(0.55 %),418900,7633900000,324150,5899530000,1478703,29.88
27/06/2012,282200,5162250000,18.2(-0.55 %),282200,5162250000,0,0,1196503,29.9
28/06/2012,179480,3284484000,18.3(0.55 %),179480,3284484000,0,0,1017023,29.92
29/06/2012,226600,4156050000,19(3.83 %),226600,4156050000,0,0,790423,29.94
02/07/2012,0,0,18.4(-3.16 %),0,0,0,0,1367757,29.89
03/07/2012,-347530,-6372097000,18.3(-0.54 %),144500,2644350000,492030,9016447000,1715287,29.86
04/07/2012,21800,400740000,18.3(0.00 %),21800,400740000,0,0,1693487,29.86
05/07/2012,226280,4140924000,18.5(1.09 %),226500,4144950000,220,4026000,1467207,29.88
06/07/2012,75000,1403000000,18.6(0.54 %),105000,1958000000,30000,555000000,1392207,29.89
09/07/2012,0,0,18.5(-0.54 %),0,0,0,0,1392207,29.89
10/07/2012,-300,-5520000,18.5(0.00 %),0,0,300,5520000,1392507,29.89
11/07/2012,-25120,-465108000,18.5(0.00 %),4880,89892000,30000,555000000,1417627,29.89
12/07/2012,0,0,18.5(0.00 %),0,0,0,0,1417627,29.89
13/07/2012,-126660,-2351081000,18.6(0.54 %),340,6319000,127000,2357400000,1544287,29.88
16/07/2012,124000,2306400000,18.6(0.00 %),650000,12090000000,526000,9783600000,1420287,29.89
17/07/2012,-128000,-2380800000,18.6(0.00 %),22000,409200000,150000,2790000000,1548287,29.87
18/07/2012,0,0,18.6(0.00 %),0,0,0,0,1548287,29.87
19/07/2012,-480,-9199000,18.7(0.54 %),2230,41478000,2710,50677000,1548767,29.87
20/07/2012,20000,374000000,18.8(0.53 %),20000,374000000,0,0,1528767,29.88
23/07/2012,1000,18800000,18.7(-0.53 %),1000,18800000,0,0,1527767,29.88
24/07/2012,0,0,18.6(-0.53 %),0,0,0,0,1527767,29.88
25/07/2012,-139450,-2593825000,18.6(0.00 %),60550,1126175000,200000,3720000000,1667217,29.87
26/07/2012,0,0,18.7(0.54 %),0,0,0,0,1667217,29.87
27/07/2012,0,0,18.7(0.00 %),0,0,0,0,1667217,29.87
30/07/2012,9500,177650000,18.7(0.00 %),10000,187000000,500,9350000,1657717,29.87
31/07/2012,0,0,18.8(0.53 %),0,0,0,0,1657717,29.87
01/08/2012,530,9964000,18.8(0.00 %),1530,28764000,1000,18800000,1655692,29.87
02/08/2012,0,0,18.8(0.00 %),0,0,0,0,1655692,29.87
03/08/2012,-5000,-94000000,18.9(0.53 %),0,0,5000,94000000,1660692,29.87
06/08/2012,-1400,-26460000,19(0.53 %),0,0,1400,26460000,1662092,29.87
07/08/2012,0,0,19(0.00 %),0,0,0,0,1662092,29.87
08/08/2012,3500,66850000,19(0.00 %),3500,66850000,0,0,1658592,29.87
09/08/2012,161100,3078320000,19.2(1.05 %),161100,3078320000,0,0,1497492,29.88
10/08/2012,0,0,19.2(0.00 %),0,0,0,0,1497492,29.88
13/08/2012,117140,2262789000,19.6(2.08 %),318140,6148189000,201000,3885400000,1380352,29.89
14/08/2012,4000,79200000,19.7(0.51 %),4000,79200000,0,0,1376352,29.89
15/08/2012,11000,220130000,20.1(2.03 %),11000,220130000,0,0,1365352,29.89
16/08/2012,-100,-2010000,20.1(0.00 %),0,0,100,2010000,1365452,29.89
17/08/2012,10300,207060000,20.4(1.49 %),10300,207060000,0,0,1355152,29.89
20/08/2012,0,0,20.8(1.96 %),0,0,0,0,1355152,29.89
21/08/2012,50000,990000000,19.8(-4.81 %),50000,990000000,0,0,1305152,29.89
22/08/2012,7500,141750000,18.9(-4.55 %),7500,141750000,0,0,1297652,29.89
23/08/2012,0,0,18(-4.76 %),0,0,0,0,1297652,29.89
24/08/2012,16120,157462000,17.7(-1.67 %),465120,7994362000,449000,7836900000,1281532,29.9
27/08/2012,15040,255480000,16.9(-4.52 %),18040,306180000,3000,50700000,1266492,29.9
28/08/2012,-265520,-4280772000,16.1(-4.73 %),2100,33810000,267620,4314582000,1532012,29.88
29/08/2012,-1198530,-18839267000,15.9(-1.24 %),12330,192481000,1210860,19031748000,2730542,29.78
30/08/2012,-446300,-7305617000,16.4(3.14 %),89700,1461600000,536000,8767217000,3176842,29.74
31/08/2012,-346560,-5584097000,16.1(-1.83 %),12170,195720000,358730,5779817000,3523402,29.71
04/09/2012,-336370,-5416735000,16(-0.62 %),5100,82110000,341470,5498845000,1414224,29.89
05/09/2012,-328280,-5186366000,15.8(-1.25 %),5100,82050000,333380,5268416000,1742504,29.86
06/09/2012,13200,205660000,15.4(-2.53 %),13200,205660000,0,0,1729304,29.86
07/09/2012,-142970,-2193436000,15.3(-0.65 %),90350,1382340000,233320,3575776000,1872274,29.85
10/09/2012,-267740,-3981226000,14.9(-2.61 %),15000,227400000,282740,4208626000,2140014,29.83
11/09/2012,-155700,-2305360000,14.9(0.00 %),300,4440000,156000,2309800000,2295714,29.81
12/09/2012,-296800,-4399388000,14.8(-0.67 %),3200,47660000,300000,4447048000,2592514,29.79
13/09/2012,1400,20580000,14.6(-1.35 %),1400,20580000,0,0,2591114,29.79
14/09/2012,-145610,-2140427000,14.7(0.68 %),400,5920000,146010,2146347000,2736724,29.78
17/09/2012,2000,30000000,15.2(3.40 %),2000,30000000,0,0,2734724,29.78
18/09/2012,-175850,-2577603000,14.5(-4.61 %),25550,384310000,201400,2961913000,2910574,29.76
19/09/2012,-822650,-11358547000,13.8(-4.83 %),5950,82220000,828600,11440767000,3733224,29.7
20/09/2012,-1301630,-17317308000,13.3(-3.62 %),55880,748236000,1357510,18065544000,5034854,29.59
21/09/2012,-893250,-12336140000,13.9(4.51 %),11700,161460000,904950,12497600000,5928104,29.52
24/09/2012,-653250,-9410311000,14.5(4.32 %),136750,1956689000,790000,11367000000,6581354,29.47
25/09/2012,-670100,-9961470000,14.8(2.07 %),0,0,670100,9961470000,7251454,29.41
26/09/2012,-422330,-6205736000,14.6(-1.35 %),150,2220000,422480,6207956000,7673784,29.38
27/09/2012,-399300,-5750590000,14.3(-2.05 %),100,1430000,399400,5752020000,8073084,29.35
28/09/2012,-163900,-2344590000,14.4(0.70 %),1100,15910000,165000,2360500000,8236984,29.33
01/10/2012,-900,-12780000,14.4(0.00 %),100,1420000,1000,14200000,9697064,29.22
02/10/2012,-226000,-3240900000,14.3(-0.69 %),0,0,226000,3240900000,9923064,29.2
03/10/2012,-24400,-351920000,14.4(0.70 %),5600,80080000,30000,432000000,9947464,29.19
04/10/2012,-54900,-790560000,14.3(-0.69 %),100,1440000,55000,792000000,10002364,29.19
05/10/2012,-699330,-10070372000,14.4(0.70 %),200,2860000,699530,10073232000,10701694,29.13
08/10/2012,184530,2657232000,14.6(1.39 %),335000,4824000000,150470,2166768000,10517164,29.15
09/10/2012,3000,43800000,14.6(0.00 %),3000,43800000,0,0,10514164,29.15
10/10/2012,4700,68150000,14.6(0.00 %),4700,68150000,0,0,10509464,29.15
11/10/2012,-797670,-11745564000,14.8(1.37 %),0,0,797670,11745564000,11307134,29.08
12/10/2012,-897210,-13482650000,15.1(2.03 %),5000,75500000,902210,13558150000,12204344,29.01
15/10/2012,16000,245200000,15.5(2.65 %),16000,245200000,0,0,12188344,29.01
16/10/2012,-21270,-332912000,15.7(1.29 %),0,0,21270,332912000,12209614,29.01
17/10/2012,5000,78470000,15.6(-0.64 %),5000,78470000,0,0,12204614,29.01
18/10/2012,-320900,-5026540000,15.7(0.64 %),6000,93600000,326900,5120140000,12525514,28.99
19/10/2012,-388930,-6230366000,16.3(3.82 %),12270,192749000,401200,6423115000,12914444,28.95
22/10/2012,-181800,-2905640000,16(-1.84 %),18200,289860000,200000,3195500000,13096244,28.94
23/10/2012,-141910,-2270560000,16(0.00 %),0,0,141910,2270560000,13238154,28.93
24/10/2012,0,0,15.8(-1.25 %),0,0,0,0,13238154,28.93
25/10/2012,0,0,15.5(-1.90 %),0,0,0,0,13238154,28.93
26/10/2012,4800,74340000,15.3(-1.29 %),4800,74340000,0,0,13233354,29.07
29/10/2012,10000,154000000,15.3(0.00 %),10000,154000000,0,0,13223354,28.93
30/10/2012,4000,61600000,15.3(0.00 %),4000,61600000,0,0,13219354,28.93
31/10/2012,-81000,-1255500000,15.7(2.61 %),0,0,81000,1255500000,13300354,28.92
01/11/2012,-27870,-434107000,15.1(-3.82 %),3180,48418000,31050,482525000,14204054,28.85
02/11/2012,14700,213220000,14.6(-3.31 %),14700,213220000,0,0,14189354,28.85
05/11/2012,-115000,-1706100000,14.8(1.37 %),0,0,115000,1706100000,14304354,28.84
06/11/2012,-10,-150000,14.8(0.00 %),0,0,10,150000,14304364,28.84
07/11/2012,-130000,-1933500000,14.9(0.68 %),0,0,130000,1933500000,14434364,28.83
08/11/2012,-100000,-1482000000,14.9(0.00 %),0,0,100000,1482000000,14534364,28.82
09/11/2012,-68200,-1009000000,14.8(-0.67 %),1800,27000000,70000,1036000000,14602564,28.82
12/11/2012,-108800,-1611240000,14.9(0.68 %),0,0,108800,1611240000,14711364,28.81
13/11/2012,-60000,-886000000,14.7(-1.34 %),10000,148000000,70000,1034000000,14771364,28.8
14/11/2012,-50000,-740500000,14.7(0.00 %),0,0,50000,740500000,14821364,28.8
15/11/2012,-480,-7008000,14.6(-0.68 %),0,0,480,7008000,14821844,28.8
16/11/2012,16290,237824000,14.5(-0.68 %),16290,237824000,0,0,14805554,28.8
19/11/2012,-12900,-187070000,14.3(-1.38 %),17100,247930000,30000,435000000,14818454,28.8
20/11/2012,30000,431000000,14.4(0.70 %),30000,431000000,0,0,14788454,28.8
21/11/2012,28300,407060000,14.4(0.00 %),28300,407060000,0,0,14760154,28.81
22/11/2012,0,0,14.5(0.69 %),0,0,0,0,14760154,28.81
23/11/2012,-17720,-251500000,14.3(-1.38 %),12280,177500000,30000,429000000,14777874,28.8
26/11/2012,40800,580247000,14.3(0.00 %),40800,580247000,0,0,14737074,28.81
27/11/2012,-39480,-561036000,14.1(-1.40 %),4200,59220000,43680,620256000,14776554,28.8
28/11/2012,-140640,-1982882000,14.1(0.00 %),42830,574222000,183470,2557104000,14917194,28.79
29/11/2012,-70000,-986000000,14.1(0.00 %),10000,142000000,80000,1128000000,14987194,28.79
30/11/2012,-95640,-1359652000,14.3(1.42 %),0,0,95640,1359652000,15082834,28.78
03/12/2012,-151540,-2123452000,14(-2.10 %),2800,39440000,154340,2162892000,14875304,28.8
04/12/2012,-75810,-1064883000,14(0.00 %),100,1390000,75910,1066273000,14951114,28.79
05/12/2012,-103500,-1463500000,14.2(1.43 %),21500,302500000,125000,1766000000,15054614,28.78
06/12/2012,-61750,-871512000,14.2(0.00 %),340,4828000,62090,876340000,15116364,28.78
07/12/2012,-42000,-595934000,14.2(0.00 %),17000,241400000,59000,837334000,15158364,28.77
10/12/2012,-258910,-3648651000,14.2(0.00 %),0,0,258910,3648651000,15417274,28.75
11/12/2012,-39900,-564089000,14.2(0.00 %),85100,1208410000,125000,1772499000,15457174,28.75
12/12/2012,0,0,14.4(1.41 %),0,0,0,0,15457174,28.75
13/12/2012,28000,406200000,14.4(0.00 %),30000,435000000,2000,28800000,15429174,28.75
14/12/2012,-567950,-8396275000,14.7(2.08 %),0,0,567950,8396275000,16025124,28.7
17/12/2012,-259950,-3832160000,14.7(0.00 %),2000,29600000,261950,3861760000,16285074,28.68
18/12/2012,-135250,-1966431000,14.5(-1.36 %),1210,17877000,136460,1984308000,16420324,28.67
19/12/2012,-169050,-2463679000,14.6(0.69 %),15490,224605000,184540,2688284000,16589374,28.66
20/12/2012,-291050,-4301740000,14.8(1.37 %),1000,14600000,292050,4316340000,16880424,28.63
21/12/2012,42200,624250000,14.9(0.68 %),42200,624250000,0,0,16838224,28.64
24/12/2012,0,0,14.9(0.00 %),0,0,0,0,16838224,28.64
25/12/2012,120,1766000,15.1(1.34 %),120,1766000,0,0,16838104,28.64
26/12/2012,176100,2693990000,15.3(1.32 %),176100,2693990000,0,0,16662004,28.65
27/12/2012,-10000,-154500000,15.4(0.65 %),0,0,10000,154500000,16672004,28.65
28/12/2012,-40450,-639200000,15.7(1.95 %),8550,130100000,49000,769300000,16712454,28.65
02/01/2013,-91730,-1467710000,16(1.91 %),10200,163170000,101930,1630880000,17086374,28.62
03/01/2013,-40660,-651106000,15.8(-1.25 %),6460,102314000,47120,753420000,17127034,28.61
04/01/2013,-5100,-80600000,15.9(0.63 %),0,0,5100,80600000,17132134,28.61
07/01/2013,4430,69195000,15.9(0.00 %),14680,232170000,10250,162975000,17127704,28.61
08/01/2013,-289000,-4639100000,16.2(1.89 %),11000,175900000,300000,4815000000,17416704,28.59
09/01/2013,5060,80460000,15.6(1.30 %),5360,85260000,300,4800000,17411644,28.59
10/01/2013,-26400,-409840000,15.8(1.28 %),0,0,26400,409840000,17438044,28.59
11/01/2013,-392600,-6094843000,15.4(-2.53 %),7600,120756000,400200,6215599000,17830644,28.56
14/01/2013,42800,656570000,15.3(-0.65 %),42800,656570000,0,0,17787844,28.56
15/01/2013,-349000,-5355400000,15.5(1.31 %),51000,787600000,400000,6143000000,18136844,28.53
16/01/2013,33000,518400000,15.7(1.29 %),33000,518400000,0,0,18103844,28.53
17/01/2013,-10950,-171020000,15.6(-0.64 %),0,0,10950,171020000,18114794,28.53
18/01/2013,51900,809640000,15.6(0.00 %),54900,856440000,3000,46800000,18062894,28.54
21/01/2013,-199480,-3094836000,15.5(-0.64 %),520,8164000,200000,3103000000,18262374,28.52
22/01/2013,-300000,-4613999000,15.3(-1.29 %),0,0,300000,4613999000,18562374,28.5
23/01/2013,-356250,-5438186000,15.3(0.00 %),4750,72735000,361000,5510921000,18918624,28.47
24/01/2013,10000,154000000,15.5(1.31 %),10000,154000000,0,0,18908624,28.47
25/01/2013,58000,904200000,15.8(1.94 %),58000,904200000,0,0,18850624,28.47
28/01/2013,239240,3932948000,16.9(6.96 %),249240,4101948000,10000,169000000,18611384,28.49
29/01/2013,790970,13558843000,17.4(2.96 %),807070,13839403000,16100,280560000,17820414,28.56
30/01/2013,672010,11626874000,17(-2.30 %),674410,11668354000,2400,41480000,17148404,28.61
31/01/2013,191330,3225271000,16.6(-2.35 %),201330,3392271000,10000,167000000,16957074,28.63
01/02/2013,2960,49021000,16.4(-1.20 %),2960,49021000,0,0,17086550,28.62
04/02/2013,-440770,-7226628000,16.4(0.00 %),0,0,440770,7226628000,17527320,28.58
05/02/2013,0,0,16.1(-1.83 %),0,0,0,0,17527320,28.58
06/02/2013,37200,601920000,16.4(1.86 %),37200,601920000,0,0,17490120,28.58
07/02/2013,7000,114100000,16.3(-0.61 %),7000,114100000,0,0,17483120,28.58
08/02/2013,4150,67530000,16.5(1.23 %),4150,67530000,0,0,17478970,28.59
18/02/2013,-10290,-170223000,16.5(0.00 %),23100,379450000,33390,549673000,17489260,28.58
19/02/2013,-102770,-1679051000,16.2(-1.82 %),1000,16200000,103770,1695251000,17592030,28.58
20/02/2013,-69200,-1123320000,16.3(0.62 %),6800,109780000,76000,1233100000,17661230,28.57
21/02/2013,-91500,-1480190000,15.7(-3.68 %),8500,136810000,100000,1617000000,17752730,28.56
22/02/2013,-91720,-1461807000,15.8(0.64 %),1400,22040000,93120,1483847000,17844450,28.56
25/02/2013,350,4565000,15.9(0.63 %),20350,323565000,20000,319000000,17844100,28.56
26/02/2013,-648000,-10115685000,15.5(-2.52 %),0,0,648000,10115685000,18492100,28.5
27/02/2013,-783830,-12101366000,15.5(0.00 %),9500,146700000,793330,12248066000,19275930,28.44
28/02/2013,-13320,-209124000,15.7(1.29 %),1000,15700000,14320,224824000,19289250,28.44
01/03/2013,2250,35225000,15.7(0.00 %),2250,35225000,0,0,17859859,28.55
04/03/2013,-75740,-1162786000,15.4(-1.91 %),12100,185550000,87840,1348336000,17935599,28.55
05/03/2013,-150050,-2276843000,15.1(-1.95 %),0,0,150050,2276843000,18085649,28.54
06/03/2013,-119000,-1799360000,15.1(0.00 %),1000,15300000,120000,1814660000,18204649,28.53
07/03/2013,-217900,-3290280000,15.1(0.00 %),1100,16620000,219000,3306900000,18422549,28.51
08/03/2013,-15200,-231040000,15.3(1.32 %),3800,57760000,19000,288800000,18437749,28.51
11/03/2013,-165910,-2525523000,15.3(0.00 %),500,7550000,166410,2533073000,18603659,28.49
12/03/2013,-88090,-1340687000,15.2(-0.65 %),4100,62320000,92190,1403007000,18691749,28.49
13/03/2013,-79500,-1202300000,15.1(-0.66 %),20500,310600000,100000,1512900000,18771249,28.48
14/03/2013,-500,-7600000,15.1(0.00 %),0,0,500,7600000,18771749,28.48
15/03/2013,-5640,-85828000,15.1(0.00 %),2000,30300000,7640,116128000,18777389,28.48
18/03/2013,-138400,-2085911000,15.1(0.00 %),81600,1236225000,220000,3322136000,18915789,28.47
19/03/2013,-225760,-3386500000,15(-0.66 %),0,0,225760,3386500000,19141549,28.45
20/03/2013,-121910,-1822450000,15(0.00 %),13100,196200000,135010,2018650000,19263459,28.44
21/03/2013,-21000,-313000000,14.8(-1.33 %),0,0,21000,313000000,19284459,28.44
22/03/2013,-187560,-2782044000,14.8(0.00 %),224620,3332438000,412180,6114482000,19472019,28.42
25/03/2013,13780,200681000,14.8(0.00 %),223780,3309816000,210000,3109135000,19458239,28.43
26/03/2013,61290,908192000,14.8(0.00 %),376820,5593497000,315530,4685305000,19396949,28.43
27/03/2013,5170,76516000,14.8(0.00 %),5170,76516000,0,0,19391779,28.43
28/03/2013,-38500,-565950000,14.6(-1.35 %),0,0,38500,565950000,19430279,28.43
29/03/2013,1900,27680000,14.5(-0.68 %),1900,27680000,0,0,19428379,28.43
01/04/2013,-490270,-7075309000,14.5(0.00 %),13940,200736000,504210,7276045000,20841589,28.31
02/04/2013,7000,102400000,14.6(0.69 %),7000,102400000,0,0,20834589,28.31
03/04/2013,-128500,-1865250000,14.5(-0.68 %),1500,21750000,130000,1887000000,20963089,28.3
04/04/2013,-20000,-291500000,14.7(1.38 %),0,0,20000,291500000,20983089,28.3
05/04/2013,11600,170520000,14.7(0.00 %),11600,170520000,0,0,20971489,28.3
08/04/2013,1650,24255000,14.8(0.68 %),1650,24255000,0,0,20969839,28.3
09/04/2013,-250000,-3658736000,14.8(0.00 %),0,0,250000,3658736000,21219839,28.28
10/04/2013,-220320,-3238619000,14.6(-1.35 %),69360,1025528000,289680,4264147000,21440159,28.26
11/04/2013,-241380,-3502673000,14.5(-0.68 %),500,7250000,241880,3509923000,21681539,28.25
12/04/2013,10200,147900000,14.7(1.38 %),10200,147900000,0,0,21671339,28.25
15/04/2013,200,2980000,14.7(0.00 %),2200,32780000,2000,29800000,21671139,28.25
16/04/2013,-106170,-1557159000,14.8(0.68 %),0,0,106170,1557159000,21777309,28.24
17/04/2013,-280400,-4067942000,14.5(-2.03 %),19600,288480000,300000,4356422000,22057709,28.21
18/04/2013,-300,-4350000,14.3(-1.38 %),0,0,300,4350000,22058009,28.21
22/04/2013,5360,76648000,14.2(-0.70 %),5360,76648000,0,0,22052649,28.22
23/04/2013,-496640,-7071184000,14.3(0.70 %),20000,284000000,516640,7355184000,22549289,28.17
24/04/2013,-50000,-717000000,14.4(0.70 %),0,0,50000,717000000,22599289,28.17
25/04/2013,-140500,-2033350000,14.6(1.39 %),0,0,140500,2033350000,22739789,28.16
26/04/2013,-57500,-839100000,14.5(-0.68 %),1000,14600000,58500,853700000,22797289,28.15
02/05/2013,-200010,-2911646000,14.5(0.00 %),0,0,200010,2911646000,23091000,28.13
03/05/2013,9500,138700000,14.6(0.69 %),10000,146000000,500,7300000,23081500,28.13
06/05/2013,2000,29200000,14.8(1.37 %),2000,29200000,0,0,23079500,28.13
07/05/2013,-233260,-3447071000,14.8(0.00 %),5700,84530000,238960,3531601000,23312760,28.11
08/05/2013,-194800,-2863772000,14.7(-0.68 %),5200,76740000,200000,2940512000,23507560,28.1
09/05/2013,-199280,-2955116000,15.1(2.72 %),2720,39984000,202000,2995100000,23706840,28.08
10/05/2013,39040,585316000,14.9(-1.32 %),39040,585316000,0,0,23667800,28.08
13/05/2013,-7900,-116520000,14.8(-0.67 %),3000,44800000,10900,161320000,23675700,28.08
14/05/2013,-197100,-2912140000,14.7(-0.68 %),4300,63440000,201400,2975580000,23872800,28.07
15/05/2013,-195000,-2886000000,14.8(0.68 %),5000,74000000,200000,2960000000,24067800,28.05
16/05/2013,-415600,-6167540000,14.8(0.00 %),1000,14800000,416600,6182340000,24483400,28.02
17/05/2013,-259000,-3832224000,14.7(-0.68 %),1000,14800000,260000,3847024000,24742400,28.0
20/05/2013,-354000,-5245600000,14.9(1.36 %),6000,89400000,360000,5335000000,25096400,27.97
21/05/2013,20000,305000000,14.9(0.00 %),250000,3750000000,230000,3445000000,25076400,27.97
22/05/2013,-168200,-2522300000,15(0.67 %),65100,978200000,233300,3500500000,25244600,27.96
23/05/2013,-75350,-1129397000,14.9(-0.67 %),54650,820215000,130000,1949612000,25319950,27.95
24/05/2013,-17240,-258900000,14.9(0.00 %),7760,116100000,25000,375000000,25337190,27.95
27/05/2013,-27500,-412700000,14.9(0.00 %),2500,37300000,30000,450000000,25364690,27.95
28/05/2013,-12000,-183000000,15(0.67 %),38000,570000000,50000,753000000,25376690,27.95
29/05/2013,-51000,-768100000,14.9(-0.67 %),0,0,51000,768100000,25427690,27.94
30/05/2013,-100000,-1490000000,14.9(0.00 %),0,0,100000,1490000000,25527690,27.93
31/05/2013,-23200,-348040000,14.9(0.00 %),1800,26960000,25000,375000000,25550890,27.93
03/06/2013,28000,428200000,15.3(2.68 %),65000,984000000,37000,555800000,25758906,27.92
04/06/2013,-34850,-532882000,15(-1.96 %),0,0,34850,532882000,25793756,27.91
05/06/2013,-29500,-445500000,15(0.00 %),500,7500000,30000,453000000,25823256,27.91
06/06/2013,11010,166352000,15.2(1.33 %),35010,530152000,24000,363800000,25812246,27.91
07/06/2013,-108000,-1650500000,15.7(3.29 %),5000,76000000,113000,1726500000,25920246,27.9
10/06/2013,-28000,-430600000,15.4(-1.91 %),2000,31400000,30000,462000000,25948246,27.9
11/06/2013,-10000,-154000000,15.3(-0.65 %),0,0,10000,154000000,25958246,27.9
12/06/2013,-140000,-2128000000,15.1(-1.31 %),0,0,140000,2128000000,26098246,27.89
13/06/2013,-89400,-1319580000,14.7(0.68 %),3000,44200000,92400,1363780000,26187646,27.88
14/06/2013,8000,117400000,14.7(0.00 %),8000,117400000,0,0,26179646,27.88
17/06/2013,4090,60123000,14.7(0.00 %),4090,60123000,0,0,26175556,27.88
18/06/2013,-61000,-892600000,14.6(-0.68 %),0,0,61000,892600000,26236556,27.88
19/06/2013,-72000,-1065100000,14.8(1.37 %),0,0,72000,1065100000,26308556,27.87
20/06/2013,-410000,-6064500000,14.8(0.00 %),0,0,410000,6064500000,26718556,27.84
21/06/2013,-489000,-7246302000,14.9(0.68 %),0,0,489000,7246302000,27207556,27.8
24/06/2013,-88400,-1318200000,14.9(0.00 %),18000,268200000,106400,1586400000,27295956,27.79
25/06/2013,-286700,-4196684000,14.7(-1.34 %),5000,74500000,291700,4271184000,27582656,27.77
26/06/2013,-24440,-360318000,14.8(0.68 %),5560,81682000,30000,442000000,27607096,27.77
27/06/2013,-190000,-2869900000,15.1(2.03 %),0,0,190000,2869900000,27797096,27.75
28/06/2013,-10410,-158262000,15.1(0.00 %),300,4530000,10710,162792000,27807506,27.75
01/07/2013,-100,-1490000,14.9(-1.32 %),0,0,100,1490000,27789796,27.75
02/07/2013,-30000,-446000000,15(0.67 %),0,0,30000,446000000,27819796,27.75
03/07/2013,25900,383610000,14.8(-1.33 %),25900,383610000,0,0,27793896,27.75
04/07/2013,-43000,-639400000,14.8(0.00 %),20000,298000000,63000,937400000,27836896,27.75
05/07/2013,-596400,-8748574000,14.7(-0.68 %),3600,53040000,600000,8801614000,28433296,27.7
08/07/2013,-87190,-1273874000,14.6(-0.68 %),2200,32320000,89390,1306194000,28520486,27.69
09/07/2013,-250000,-3674500000,14.7(0.68 %),0,0,250000,3674500000,28770486,27.67
10/07/2013,-250210,-3698582000,14.8(0.68 %),1400,20580000,251610,3719162000,29020696,27.65
11/07/2013,0,0,14.8(0.00 %),0,0,0,0,29020696,27.65
12/07/2013,-99440,-1471712000,14.7(-0.68 %),0,0,99440,1471712000,29120136,27.64
15/07/2013,-76980,-1133304000,14.7(0.00 %),53000,784400000,129980,1917704000,29197116,27.64
16/07/2013,-250000,-3696688000,14.7(0.00 %),0,0,250000,3696688000,29447116,27.62
17/07/2013,-200500,-2967400000,14.8(0.68 %),500,7400000,201000,2974800000,29647616,27.6
18/07/2013,-200000,-2960000000,14.8(0.00 %),0,0,200000,2960000000,29847616,27.58
19/07/2013,-150500,-2227350000,14.7(-0.68 %),0,0,150500,2227350000,29998116,27.57
22/07/2013,-599130,-8822210000,14.7(0.00 %),10,148000,599140,8822358000,30597246,27.52
23/07/2013,-700500,-10297350000,14.7(0.00 %),0,0,700500,10297350000,31297746,27.47
24/07/2013,-824770,-12029912000,14.6(-0.68 %),2600,37940000,827370,12067852000,32122516,27.4
25/07/2013,-400960,-5824846000,14.4(-1.37 %),0,0,400960,5824846000,32523476,27.37
26/07/2013,-109800,-1586780000,14.4(0.00 %),200,2880000,110000,1589660000,32633276,27.36
29/07/2013,400,5800000,14.5(0.69 %),400,5800000,0,0,32632876,27.36
30/07/2013,-900,-13040000,14.6(0.69 %),300,4360000,1200,17400000,32633776,27.36
31/07/2013,0,0,14.7(0.68 %),0,0,0,0,32633776,27.36
01/08/2013,-100000,-1460000000,14.6(-0.68 %),0,0,100000,1460000000,32863386,27.34
02/08/2013,-3000,-43500000,14.5(-0.68 %),0,0,3000,43500000,32866386,27.34
05/08/2013,570,8302000,14.5(0.00 %),570,8302000,0,0,32865816,27.34
06/08/2013,-237800,-3448100000,14.5(0.00 %),200,2900000,238000,3451000000,33103616,27.32
07/08/2013,-188480,-2717705000,14.3(-1.38 %),0,0,188480,2717705000,33292096,27.31
08/08/2013,-312480,-4495712000,14.3(0.00 %),0,0,312480,4495712000,33604576,27.28
09/08/2013,-222070,-3189922000,14.4(0.70 %),0,0,222070,3189922000,33826646,27.26
12/08/2013,-524820,-7517463000,14.3(-0.69 %),2000,29000000,526820,7546463000,34351466,27.22
13/08/2013,-60860,-873204000,14.4(0.70 %),700,10060000,61560,883264000,34412326,27.21
14/08/2013,10000,143000000,14.5(0.69 %),10000,143000000,0,0,34402326,27.22
15/08/2013,300,4290000,14.4(-0.69 %),300,4290000,0,0,34402026,27.22
16/08/2013,500,7120000,14.4(0.00 %),500,7120000,0,0,34401526,27.22
19/08/2013,28000,402300000,14.3(-0.69 %),28000,402300000,0,0,34373526,27.22
20/08/2013,200,2840000,14.2(-0.70 %),200,2840000,0,0,34373326,27.22
21/08/2013,13990,198658000,14.3(0.70 %),14000,198800000,10,142000,34359336,27.22
22/08/2013,-286860,-4058944000,14.1(-1.40 %),1100,15470000,287960,4074414000,34646196,27.2
23/08/2013,-149950,-2103295000,14.2(0.71 %),0,0,149950,2103295000,34796146,27.18
26/08/2013,-275590,-3872401000,14.1(-0.70 %),11300,159920000,286890,4032321000,35071736,27.16
27/08/2013,-151000,-2121500000,14.2(0.71 %),0,0,151000,2121500000,35222736,27.15
28/08/2013,-227770,-3183281000,14.1(-0.70 %),0,0,227770,3183281000,35450506,27.13
29/08/2013,200,2780000,14.1(0.00 %),200,2780000,0,0,35450306,27.13
30/08/2013,929720,13495045000,14.7(4.26 %),959020,13906201000,29300,411156000,34520586,27.21
03/09/2013,200,2910000,14.5(-1.36 %),200,2910000,0,0,34364517,27.22
04/09/2013,0,0,14.3(-1.38 %),0,0,0,0,34364517,27.22
05/09/2013,-21890,-313027000,14.3(0.00 %),90,1287000,21980,314314000,34386407,27.22
06/09/2013,0,0,14.3(0.00 %),0,0,0,0,34386407,27.22
09/09/2013,-271600,-3793103000,13.8(-3.50 %),200,2810000,271800,3795913000,34658007,27.19
10/09/2013,-39970,-560587000,14.2(2.90 %),3100,43400000,43070,603987000,34697977,27.19
11/09/2013,1000,14000000,14.1(-0.70 %),1000,14000000,0,0,34696977,27.19
12/09/2013,0,0,14.1(0.00 %),0,0,0,0,34696977,27.19
13/09/2013,0,0,14.1(0.00 %),0,0,0,0,34696977,27.19
16/09/2013,200,2800000,14.2(0.71 %),200,2800000,0,0,34696777,27.19
17/09/2013,0,0,14.2(0.00 %),0,0,0,0,34696777,27.19
18/09/2013,-28830,-407266000,14.2(0.00 %),400,5600000,29230,412866000,34725607,27.19
19/09/2013,0,0,14.1(-0.70 %),0,0,0,0,34725607,27.19
20/09/2013,2000,28200000,14(-0.71 %),2000,28200000,0,0,34723607,27.19
23/09/2013,31980,450220000,14.1(0.71 %),31980,450220000,0,0,34691627,27.19
24/09/2013,58200,820570000,14.1(0.00 %),58200,820570000,0,0,34633427,27.2
25/09/2013,-64000,-897400000,14.1(0.00 %),6000,84600000,70000,982000000,34697427,27.19
26/09/2013,-50000,-700000000,14(-0.71 %),0,0,50000,700000000,34747427,27.19
27/09/2013,7500,105000000,14.1(0.71 %),7500,105000000,0,0,34739927,27.19
30/09/2013,102050,1437405000,14.1(0.00 %),102050,1437405000,0,0,34637877,27.2
01/10/2013,20000,280000000,14.1(0.00 %),20000,280000000,0,0,34824947,27.18
02/10/2013,0,0,14.1(0.00 %),0,0,0,0,34824947,27.18
03/10/2013,-10400,-144760000,14(-0.71 %),0,0,10400,144760000,34835347,27.18
04/10/2013,0,0,14.1(0.71 %),0,0,0,0,34835347,27.18
07/10/2013,6400,90000000,14.1(0.00 %),6400,90000000,0,0,34828947,27.18
08/10/2013,-72420,-1013880000,14(-0.71 %),0,0,72420,1013880000,34901367,27.18
09/10/2013,-59500,-831250000,14(0.00 %),0,0,59500,831250000,34960867,27.17
10/10/2013,-125160,-1741640000,14(0.00 %),0,0,125160,1741640000,35086027,27.16
11/10/2013,-153090,-2125752000,14(0.00 %),1000,14000000,154090,2139752000,35239117,27.15
14/10/2013,0,0,14(0.00 %),0,0,0,0,35239117,27.15
15/10/2013,199000,2769100000,13.9(-0.71 %),200000,2783000000,1000,13900000,35040117,27.16
16/10/2013,0,0,13.9(0.00 %),0,0,0,0,35040117,27.16
17/10/2013,0,0,13.9(0.00 %),0,0,0,0,35040117,27.16
18/10/2013,1100,15180000,13.9(0.00 %),1100,15180000,0,0,35039017,27.16
21/10/2013,0,0,13.9(0.00 %),0,0,0,0,35039017,27.16
22/10/2013,0,0,13.9(0.00 %),0,0,0,0,35039017,27.16
23/10/2013,100,1380000,13.9(0.00 %),100,1380000,0,0,35038917,27.16
24/10/2013,14800,204240000,13.9(0.00 %),14800,204240000,0,0,35024117,27.17
25/10/2013,0,0,13.9(0.00 %),0,0,0,0,35024117,27.17
28/10/2013,-166190,-2305266000,13.9(0.00 %),400,5520000,166590,2310786000,35190307,27.15
29/10/2013,-99910,-1375758000,13.8(-0.72 %),10090,139242000,110000,1515000000,35290217,27.14
30/10/2013,-40610,-555498000,13.7(-0.72 %),9390,129502000,50000,685000000,35330827,27.14
31/10/2013,-106810,-1446017000,13.6(-0.73 %),0,0,106810,1446017000,35437637,27.13
01/11/2013,-75770,-1017873000,13.4(-1.47 %),9230,123627000,85000,1141500000,35211597,27.15
04/11/2013,-19800,-262246000,13.2(-1.49 %),140,1848000,19940,264094000,35231397,27.15
05/11/2013,30000,396000000,13.4(1.52 %),30000,396000000,0,0,35201397,27.15
06/11/2013,4000,55000000,13.8(2.99 %),5000,69000000,1000,14000000,35197397,27.15
07/11/2013,3100,42470000,13.7(-0.72 %),3100,42470000,0,0,35194297,27.15
08/11/2013,-3200,-43720000,13.5(-1.46 %),2300,31080000,5500,74800000,35197497,27.15
11/11/2013,80000,1080000000,13.5(0.00 %),80000,1080000000,0,0,35117497,27.16
12/11/2013,-50000,-667500000,13.3(-1.48 %),50000,670000000,100000,1337500000,35167497,27.15
13/11/2013,1000,13200000,13.2(-0.75 %),1000,13200000,0,0,35166497,27.15
14/11/2013,2600,34500000,13.3(0.76 %),2600,34500000,0,0,35163897,27.15
15/11/2013,18000,237600000,13.2(-0.75 %),18000,237600000,0,0,35145897,27.16
18/11/2013,57900,764290000,13.3(0.76 %),57900,764290000,0,0,35087997,27.16
19/11/2013,46350,615435000,13.2(-0.75 %),46350,615435000,0,0,35041647,27.16
20/11/2013,16210,212422000,13.1(-0.76 %),16210,212422000,0,0,35025437,27.17
21/11/2013,3000,39000000,13(-0.76 %),3000,39000000,0,0,35022437,27.17
22/11/2013,6100,79800000,13(0.00 %),6100,79800000,0,0,35016337,27.17
25/11/2013,200,2600000,12.9(-0.77 %),200,2600000,0,0,35016137,27.17
26/11/2013,-23900,-305970000,12.7(-1.55 %),1000,12750000,24900,318720000,35040037,27.16
27/11/2013,78090,1007474000,13.1(3.15 %),80780,1041906000,2690,34432000,34961947,27.17
28/11/2013,200000,2652422000,13.3(1.53 %),200000,2652422000,0,0,34761947,27.19
29/11/2013,0,0,13.3(0.00 %),0,0,0,0,34761947,27.19
02/12/2013,6000,78600000,13.3(0.00 %),6000,78600000,0,0,35105067,27.16
03/12/2013,123440,1617064000,13.1(-1.50 %),123440,1617064000,0,0,34981627,27.17
04/12/2013,-9770,-127987000,13.1(0.00 %),2000,26200000,11770,154187000,34991397,27.17
05/12/2013,-37630,-490921000,13(-0.76 %),1000,13000000,38630,503921000,35029027,27.16
06/12/2013,0,0,13.1(0.77 %),0,0,0,0,35029027,27.16
09/12/2013,0,0,13.3(1.53 %),0,0,0,0,35029027,27.16
10/12/2013,0,0,13.2(-0.75 %),0,0,0,0,35029027,27.16
11/12/2013,330,4323000,12.9(-2.27 %),330,4323000,0,0,35028697,27.16
12/12/2013,-17200,-221880000,12.9(0.00 %),0,0,17200,221880000,35045897,27.16
13/12/2013,-15800,-205400000,13(0.78 %),0,0,15800,205400000,35061697,27.16
16/12/2013,1000,12900000,12.9(-0.77 %),1000,12900000,0,0,35060697,27.16
17/12/2013,-26740,-346446000,13(0.78 %),0,0,26740,346446000,35087437,27.16
18/12/2013,0,0,12.9(-0.77 %),0,0,0,0,35087437,27.16
19/12/2013,-20640,-266256000,12.9(0.00 %),0,0,20640,266256000,35108077,27.16
20/12/2013,17000,219000000,12.8(-0.78 %),17000,219000000,0,0,35091077,27.16
23/12/2013,500,6450000,12.7(-0.78 %),500,6450000,0,0,35090577,27.16
24/12/2013,10900,139520000,12.7(0.00 %),10900,139520000,0,0,35079677,27.16
25/12/2013,0,0,12.7(0.00 %),0,0,0,0,35079677,27.16
26/12/2013,15000,190500000,12.6(-0.79 %),15000,190500000,0,0,35064677,27.16
27/12/2013,18000,225400000,12.5(-0.79 %),18000,225400000,0,0,35046677,27.16
30/12/2013,-13840,-169900000,12.3(-1.60 %),5050,63125000,18890,233025000,35060517,27.16
31/12/2013,-1000,-12500000,12.5(1.63 %),0,0,1000,12500000,35061517,27.16
02/01/2014,-1700,-21550000,12.8(2.40 %),200,2500000,1900,24050000,35044122,27.16
03/01/2014,-1000,-12800000,12.8(0.00 %),0,0,1000,12800000,35045122,27.16
06/01/2014,12000,154800000,12.8(0.00 %),12000,154800000,0,0,35033122,27.16
07/01/2014,29000,380100000,13(1.56 %),31000,406100000,2000,26000000,35004122,27.17
08/01/2014,16100,206200000,12.9(-0.77 %),16100,206200000,0,0,34988022,27.17
09/01/2014,-216890,-2797881000,12.9(0.00 %),0,0,216890,2797881000,35204912,27.15
10/01/2014,-320960,-4109384000,12.8(-0.78 %),1000,12900000,321960,4122284000,35525872,27.12
13/01/2014,0,0,12.8(0.00 %),0,0,0,0,35525872,27.12
14/01/2014,-48900,-630030000,12.9(0.78 %),0,0,48900,630030000,35574772,27.12
15/01/2014,36500,470800000,12.8(-0.78 %),36500,470800000,0,0,35538272,27.12
16/01/2014,0,0,13(1.56 %),0,0,0,0,35538272,27.12
17/01/2014,-1510,-20050000,13.1(0.77 %),200,2580000,1710,22630000,35539782,27.12
20/01/2014,52880,704017000,13.2(0.76 %),68870,915085000,15990,211068000,35486902,27.13
21/01/2014,-162120,-2139984000,13.2(0.00 %),200,2640000,162320,2142624000,35649022,27.11
22/01/2014,-118580,-1615854000,13.8(4.55 %),119920,1594946000,238500,3210800000,35767602,27.11
23/01/2014,49900,681420000,13.7(-0.72 %),100000,1370000000,50100,688580000,35717702,27.11
24/01/2014,207780,2799590000,13.5(-1.46 %),554390,7479245000,346610,4679655000,35509922,27.13
27/01/2014,-124800,-1660514000,13.3(-1.48 %),100,1340000,124900,1661854000,35634722,27.12
06/02/2014,-16230,-214635000,13.2(-0.75 %),0,0,16230,214635000,35134902,27.16
07/02/2014,26830,354159000,13.3(0.76 %),26830,354159000,0,0,35108072,27.16
10/02/2014,20550,273160000,13.4(0.75 %),20550,273160000,0,0,35087522,27.16
11/02/2014,100000,1340000000,13.2(-1.49 %),100000,1340000000,0,0,34987522,27.17
12/02/2014,20500,270750000,13.4(1.52 %),20500,270750000,0,0,34967022,27.17
13/02/2014,101190,1360944000,13.5(0.75 %),101200,1361080000,10,136000,34865832,27.18
14/02/2014,122990,1670764000,13.5(0.00 %),123000,1670900000,10,136000,34742842,27.19
17/02/2014,77200,1011870000,13.3(-1.48 %),78700,1031670000,1500,19800000,34665642,27.19
18/02/2014,63170,827450000,13.2(-0.75 %),63400,830440000,230,2990000,34602472,27.2
19/02/2014,20100,263310000,13.2(0.00 %),20100,263310000,0,0,34582372,27.2
20/02/2014,-42050,-560280000,13.3(0.76 %),200,2620000,42250,562900000,34624422,27.2
21/02/2014,480,5831000,13.2(-0.75 %),16000,210800000,15520,204969000,34623942,27.2
24/02/2014,26990,358867000,13.3(0.76 %),26990,358867000,0,0,34596952,27.2
25/02/2014,0,0,13.3(0.00 %),0,0,0,0,34596952,27.2
26/02/2014,-8000,-108400000,13.5(1.50 %),12000,159600000,20000,268000000,34604952,27.2
27/02/2014,24200,339620000,14(3.70 %),30200,423020000,6000,83400000,34580752,27.2
28/02/2014,-105880,-1470962000,13.9(-0.71 %),7200,100480000,113080,1571442000,34686632,27.19
03/03/2014,22000,299000000,13.5(-2.88 %),22000,299000000,0,0,35063397,27.16
04/03/2014,-183000,-2455178000,13.4(-0.74 %),2000,26800000,185000,2481978000,35246397,27.15
05/03/2014,150000,2030000000,13.6(1.49 %),150000,2030000000,0,0,35096397,27.16
06/03/2014,94900,1281150000,13.5(-0.74 %),130000,1755000000,35100,473850000,35001497,27.17
07/03/2014,738810,10194838000,13.9(2.96 %),739910,10209818000,1100,14980000,34262687,27.23
10/03/2014,-150000,-2083500000,13.9(0.00 %),0,0,150000,2083500000,34412687,27.21
11/03/2014,-129800,-1791240000,13.8(-0.72 %),200,2760000,130000,1794000000,34542487,27.2
12/03/2014,-186000,-2566800000,13.7(-0.72 %),15000,207000000,201000,2773800000,34728487,27.19
13/03/2014,-23230,-318451000,13.8(0.73 %),2100,28770000,25330,347221000,34751717,27.19
14/03/2014,7050,97290000,13.7(-0.72 %),8200,113160000,1150,15870000,34744667,27.19
17/03/2014,20000,277500000,13.9(1.46 %),20000,277500000,0,0,34724667,27.19
18/03/2014,10400,144760000,13.8(-0.72 %),20400,283760000,10000,139000000,34714267,27.19
19/03/2014,-315000,-4447800000,14.1(2.17 %),24000,336000000,339000,4783800000,35029267,27.16
20/03/2014,-111950,-1577420000,14.1(0.00 %),14750,209300000,126700,1786720000,35141217,27.16
21/03/2014,24870,356028000,14.4(2.13 %),24870,356028000,0,0,35116347,27.16
24/03/2014,39460,575876000,14.9(3.47 %),40600,592760000,1140,16884000,35076887,27.16
25/03/2014,-3390,-62142000,15.3(2.68 %),22890,341870000,26280,404012000,35080277,27.16
26/03/2014,60670,908624000,14.7(-3.92 %),60820,910854000,150,2230000,35019607,27.17
27/03/2014,400,5760000,14.7(0.00 %),400,5760000,0,0,35019207,27.17
28/03/2014,383200,5676394000,14.9(1.36 %),383200,5676394000,0,0,34636007,27.2
31/03/2014,27000,399600000,14.5(-2.68 %),27000,399600000,0,0,34609007,27.2
01/04/2014,-2700,-38540000,14.1(-2.76 %),0,0,2700,38540000,34748087,27.19
02/04/2014,-7000,-100400000,14(-0.71 %),5000,71000000,12000,171400000,34755087,27.19
03/04/2014,-27500,-388300000,14.1(0.71 %),4000,55700000,31500,444000000,34782587,27.18
04/04/2014,152610,2151302000,14.1(0.00 %),182610,2574302000,30000,423000000,34629977,27.2
07/04/2014,3700,52170000,14.1(0.00 %),3700,52170000,0,0,34626277,27.2
08/04/2014,-6000,-84600000,14(-0.71 %),0,0,6000,84600000,34632277,27.2
10/04/2014,200,2800000,14(0.00 %),200,2800000,0,0,34632077,27.2
11/04/2014,-80010,-1116520000,14.1(0.71 %),19990,279860000,100000,1396380000,34712087,27.19
14/04/2014,2000,27800000,13.9(-1.42 %),2000,27800000,0,0,34710087,27.19
15/04/2014,0,0,13.6(-2.16 %),0,0,0,0,34710087,27.19
16/04/2014,17000,229280000,13.4(-1.47 %),17000,229280000,0,0,34693087,27.19
17/04/2014,-80000,-1089600000,13.7(2.24 %),0,0,80000,1089600000,34773087,27.19
18/04/2014,-69300,-932480000,13.5(-1.46 %),700,9520000,70000,942000000,34842387,27.18
21/04/2014,0,0,13.4(-0.74 %),0,0,0,0,34842387,27.18
22/04/2014,0,0,13.4(0.00 %),0,0,0,0,34842387,27.18
23/04/2014,-4400,-58920000,13.3(-0.75 %),100,1330000,4500,60250000,34846787,27.18
24/04/2014,0,0,13.3(0.00 %),0,0,0,0,34846787,27.18
25/04/2014,-16320,-219388000,13.4(0.75 %),3500,46200000,19820,265588000,34863107,27.18
28/04/2014,1100,14740000,13.2(-1.49 %),1100,14740000,0,0,34862007,27.18
29/04/2014,4000,53200000,13.2(0.00 %),4000,53200000,0,0,34858007,27.18
05/05/2014,-355000,-4594149000,12.9(-2.27 %),5000,65500000,360000,4659649000,34835887,27.18
06/05/2014,-176890,-2230793000,12.5(-3.10 %),2000,25600000,178890,2256393000,35012777,27.17
07/05/2014,15500,197400000,12.8(2.40 %),15500,197400000,0,0,34997277,27.17
08/05/2014,1110,13155000,12.6(-1.56 %),3100,37940000,1990,24785000,34996167,27.17
09/05/2014,0,0,13(3.17 %),0,0,0,0,34996167,27.17
12/05/2014,200,2480000,12.5(-3.85 %),200,2480000,0,0,34995967,27.17
13/05/2014,400,5000000,12.9(3.20 %),400,5000000,0,0,34995567,27.17
14/05/2014,0,0,13(0.78 %),0,0,0,0,34995567,27.17
15/05/2014,-68720,-899344000,12.8(-1.54 %),1980,24156000,70700,923500000,35064287,27.16
16/05/2014,0,0,12.8(0.00 %),0,0,0,0,35064287,27.16
19/05/2014,10,130000,12.9(0.78 %),10,130000,0,0,35064277,27.16
20/05/2014,0,0,13(0.78 %),0,0,0,0,35064277,27.16
21/05/2014,-100350,-1304550000,13(0.00 %),2500,32500000,102850,1337050000,35164627,27.15
22/05/2014,-31000,-403000000,13(0.00 %),0,0,31000,403000000,35195627,27.15
23/05/2014,-15470,-197866000,12.8(-1.54 %),1500,19350000,16970,217216000,35211097,27.15
26/05/2014,0,0,12.9(0.78 %),0,0,0,0,35211097,27.15
27/05/2014,-200000,-2600000000,13(0.78 %),0,0,200000,2600000000,35411097,27.13
28/05/2014,-404410,-5360471000,13.3(2.31 %),6000,79200000,410410,5439671000,35815507,27.1
29/05/2014,-233600,-3111940000,13.3(0.00 %),3100,41840000,236700,3153780000,36049107,27.08
30/05/2014,-122000,-1616900000,13.2(-0.75 %),0,0,122000,1616900000,36171107,27.07
02/06/2014,-24690,-326027000,13.3(0.76 %),11500,151800000,36190,477827000,35770317,27.1
03/06/2014,-78000,-1031100000,13.3(0.00 %),0,0,78000,1031100000,35848317,27.1
04/06/2014,-241000,-3181450000,13.2(-0.75 %),0,0,241000,3181450000,36089317,27.08
05/06/2014,-94000,-1240750000,13.2(0.00 %),0,0,94000,1240750000,36183317,27.07
06/06/2014,-20930,-276579000,13.3(0.76 %),0,0,20930,276579000,36204247,27.07
09/06/2014,-223000,-2980000000,13.3(0.00 %),2000,26800000,225000,3006800000,36427247,27.05
10/06/2014,-284400,-3837907000,13.6(2.26 %),0,0,284400,3837907000,36711647,27.03
11/06/2014,-315000,-4314707000,13.8(1.47 %),30000,408000000,345000,4722707000,37026647,27.0
12/06/2014,-235440,-3195484000,13.6(1.49 %),0,0,235440,3195484000,37262087,26.98
13/06/2014,-85100,-1158260000,13.7(0.74 %),2000,27400000,87100,1185660000,37347187,26.98
16/06/2014,-29280,-395408000,13.5(-1.46 %),0,0,29280,395408000,37376467,26.97
17/06/2014,-50000,-673950000,13.4(-0.74 %),0,0,50000,673950000,37426467,26.97
18/06/2014,-66510,-896835000,13.5(0.75 %),500,6800000,67010,903635000,37492977,26.97
19/06/2014,-127240,-1704156000,13.4(-0.74 %),0,0,127240,1704156000,37620217,26.96
20/06/2014,-76990,-1031666000,13.4(0.00 %),0,0,76990,1031666000,37697207,26.95
23/06/2014,-61000,-811200000,13.3(-0.75 %),1000,13400000,62000,824600000,37758207,26.94
24/06/2014,-70500,-937700000,13.4(0.75 %),0,0,70500,937700000,37828707,26.94
25/06/2014,-148710,-1985614000,13.4(0.00 %),0,0,148710,1985614000,37977417,26.93
26/06/2014,-104120,-1388196000,13.4(0.00 %),10000,133500000,114120,1521696000,38081537,26.92
27/06/2014,-150590,-1999847000,13.2(-1.49 %),0,0,150590,1999847000,38232127,26.91
30/06/2014,-155200,-2048640000,13.2(0.00 %),0,0,155200,2048640000,38387327,26.89
01/07/2014,-275410,-3635412000,13.2(0.00 %),0,0,275410,3635412000,38772717,26.86
02/07/2014,-127500,-1682520000,13.1(-0.76 %),800,10640000,128300,1693160000,38900217,26.85
03/07/2014,-158060,-2069272000,13.2(0.76 %),0,0,158060,2069272000,39058277,26.84
04/07/2014,-109930,-1451076000,13.3(0.76 %),70,924000,110000,1452000000,39168207,26.83
07/07/2014,-150000,-1980000000,13.3(0.00 %),0,0,150000,1980000000,39318207,26.82
08/07/2014,-130050,-1709855000,13.2(-0.75 %),0,0,130050,1709855000,39448257,26.81
09/07/2014,-130,-1716000,13.2(0.00 %),30,396000,160,2112000,39448387,26.81
10/07/2014,-229650,-2999094000,13.1(-0.76 %),0,0,229650,2999094000,39863497,26.77
11/07/2014,-185640,-2414584000,13.1(0.00 %),100,1310000,185740,2415894000,40013397,0.0
14/07/2014,-305020,-3965260000,13(-0.76 %),0,0,305020,3965260000,40318417,26.74
15/07/2014,-64810,-841930000,12.9(-0.77 %),0,0,64810,841930000,40383227,26.73
16/07/2014,-270910,-3520330000,12.9(0.00 %),0,0,270910,3520330000,40373257,0.0
17/07/2014,-135860,-1762580000,13(0.78 %),0,0,135860,1762580000,40509117,26.72
18/07/2014,-175000,-2279100000,13(0.00 %),0,0,175000,2279100000,40864017,26.69
21/07/2014,-141340,-1823286000,12.9(-0.77 %),1000,12900000,142340,1836186000,40928827,26.69
22/07/2014,-91040,-1170166000,12.9(0.00 %),0,0,91040,1170166000,41198737,0.0
23/07/2014,-44660,-576529000,12.9(0.00 %),0,0,44660,576529000,41334597,0.0
24/07/2014,-65000,-838500000,12.9(0.00 %),0,0,65000,838500000,41509597,0.0
25/07/2014,-105000,-1356400000,12.9(0.00 %),0,0,105000,1356400000,41651937,0.0
28/07/2014,-76940,-980750000,12.6(-2.33 %),0,0,76940,980750000,41742977,0.0
29/07/2014,-83500,-1060243000,12.8(1.59 %),0,0,83500,1060243000,41787637,0.0
30/07/2014,2100,26470000,12.7(-0.78 %),2100,26470000,0,0,41850537,0.0
31/07/2014,-228120,-2895634000,12.7(0.00 %),0,0,228120,2895634000,41955537,0.0
01/08/2014,-44360,-560936000,12.8(0.79 %),0,0,44360,560936000,42032477,0.0
04/08/2014,0,0,12.7(-0.78 %),0,0,0,0,42115977,0.0
05/08/2014,740,9324000,12.8(0.79 %),740,9324000,0,0,42115277,0.0
06/08/2014,0,0,12.7(-0.78 %),0,0,0,0,42343357,26.57
07/08/2014,0,0,12.7(0.00 %),0,0,0,0,42343357,26.57
08/08/2014,7000,88900000,12.7(0.00 %),7000,88900000,0,0,42387627,0.0
11/08/2014,0,0,12.7(0.00 %),0,0,0,0,42380717,0.0
12/08/2014,0,0,12.7(0.00 %),0,0,0,0,42380717,0.0
13/08/2014,0,0,12.9(1.57 %),0,0,0,0,42380717,0.0
14/08/2014,0,0,13(0.78 %),0,0,0,0,42380717,26.57
15/08/2014,550,7040000,12.8(-1.54 %),550,7040000,0,0,42380717,26.57
18/08/2014,-40000,-514000000,12.8(0.00 %),0,0,40000,514000000,42380167,0.0
19/08/2014,-105000,-1344000000,12.7(-0.78 %),0,0,105000,1344000000,42380167,0.0
20/08/2014,-65000,-825500000,12.7(0.00 %),0,0,65000,825500000,42380167,0.0
21/08/2014,-97180,-1234204000,12.6(-0.79 %),0,0,97180,1234204000,42380167,0.0
22/08/2014,-91000,-1146600000,12.6(0.00 %),2000,25200000,93000,1171800000,42420167,26.57
25/08/2014,-133500,-1687100000,12.7(0.79 %),1500,18900000,135000,1706000000,42523167,26.56
26/08/2014,-26000,-330000000,12.6(-0.79 %),0,0,26000,330000000,42586667,26.55
27/08/2014,-82400,-1038240000,12.6(0.00 %),0,0,82400,1038240000,42683847,26.55
28/08/2014,-100000,-1259500000,12.5(-0.79 %),0,0,100000,1259500000,42776847,26.54
29/08/2014,71010,908928000,12.8(2.40 %),71010,908928000,0,0,42840837,0.0
03/09/2014,2000,25600000,12.7(-0.78 %),2000,25600000,0,0,42866837,26.53
04/09/2014,0,0,12.8(0.79 %),0,0,0,0,42947237,0.0
05/09/2014,-199030,-2510773000,12.6(-1.56 %),920,11592000,199950,2522365000,43046317,0.0
08/09/2014,-7000,-88200000,12.6(0.00 %),0,0,7000,88200000,43046317,26.52
09/09/2014,-51600,-650160000,12.5(-0.79 %),100,1260000,51700,651420000,43046317,26.52
10/09/2014,0,0,12.5(0.00 %),0,0,0,0,43046217,0.0
11/09/2014,2000,25200000,12.5(0.00 %),2000,25200000,0,0,43244167,0.0
12/09/2014,-61690,-769548000,12.6(0.80 %),3310,41406000,65000,810954000,43247857,0.0
15/09/2014,2000,25200000,12.6(0.00 %),2000,25200000,0,0,43299557,26.5
16/09/2014,1330,16625000,12.6(0.00 %),1330,16625000,0,0,43296227,0.0
17/09/2014,-3000,-37200000,12.4(-1.59 %),0,0,3000,37200000,43296227,0.0
18/09/2014,-14000,-173600000,12.3(-0.81 %),0,0,14000,173600000,43361227,0.0
19/09/2014,30100,370230000,12.3(0.00 %),30100,370230000,0,0,43331127,0.0
22/09/2014,0,0,12.2(-0.81 %),0,0,0,0,43331127,0.0
23/09/2014,0,0,12.2(0.00 %),0,0,0,0,43334127,0.0
24/09/2014,0,0,12.3(0.82 %),0,0,0,0,43334127,26.49
25/09/2014,-8230,-101229000,12.3(0.00 %),200,2460000,8430,103689000,43342357,26.49
26/09/2014,0,0,12.3(0.00 %),0,0,0,0,43342357,26.49
29/09/2014,-67090,-817998000,12.1(-1.63 %),0,0,67090,817998000,43347927,0.0
30/09/2014,0,0,12.1(0.00 %),0,0,0,0,43347927,0.0
01/10/2014,16510,201420000,12.2(0.83 %),16510,201420000,0,0,43339847,0.0
02/10/2014,-10170,-123060000,12.3(0.82 %),0,0,10170,123060000,43339847,0.0
03/10/2014,-2100,-25620000,12.3(0.00 %),0,0,2100,25620000,43406937,0.0
06/10/2014,-720,-8986000,12.3(0.00 %),1300,15860000,2020,24846000,43405637,0.0
07/10/2014,0,0,12.2(-0.81 %),0,0,0,0,43405637,0.0
08/10/2014,0,0,12.2(0.00 %),0,0,0,0,43415807,0.0
09/10/2014,-960,-11712000,12.3(0.82 %),0,0,960,11712000,43417907,0.0
10/10/2014,280,3416000,12.2(-0.81 %),280,3416000,0,0,43419647,0.0
13/10/2014,200,2420000,12.1(-0.82 %),200,2420000,0,0,43419447,26.49
14/10/2014,0,0,12(-0.83 %),0,0,0,0,43419447,26.49
15/10/2014,6000,71520000,12.3(2.50 %),6000,71520000,0,0,43413447,26.49
16/10/2014,0,0,12.1(-1.63 %),0,0,0,0,43413447,26.49
17/10/2014,0,0,11.9(-1.65 %),0,0,0,0,43413447,26.49
20/10/2014,1000,12100000,12.1(1.68 %),1000,12100000,0,0,43412447,26.49
21/10/2014,-15000,-178870000,11.9(-1.65 %),0,0,15000,178870000,43427447,26.49
22/10/2014,2000,24000000,12(0.84 %),2000,24000000,0,0,43425447,26.49
23/10/2014,-12600,-148561000,11.9(-0.83 %),0,0,12600,148561000,43438047,26.48
24/10/2014,-14400,-169300000,11.8(-0.84 %),400,4720000,14800,174020000,43452447,26.48
27/10/2014,-8500,-99020000,11.7(-0.85 %),0,0,8500,99020000,43460947,26.48
29/10/2014,-21800,-255110000,11.7(0.86 %),2700,31440000,24500,286550000,43482747,26.48
30/10/2014,-39100,-458177000,11.8(0.85 %),400,4640000,39500,462817000,43521847,26.48
31/10/2014,-81160,-962088000,12(1.69 %),10000,118000000,91160,1080088000,43603007,26.47
03/11/2014,-178550,-2148960000,12.1(0.83 %),11050,132600000,189600,2281560000,43442257,26.48
04/11/2014,-114590,-1376200000,12.1(0.00 %),0,0,114590,1376200000,43556847,26.47
05/11/2014,-38000,-456200000,12(-0.83 %),0,0,38000,456200000,43594847,26.47
06/11/2014,-23000,-275030000,12(0.00 %),0,0,23000,275030000,43617847,26.47
07/11/2014,-159000,-1891660000,11.9(-0.83 %),0,0,159000,1891660000,43776847,26.46
10/11/2014,-105030,-1231593000,11.7(-1.68 %),970,11466000,106000,1243059000,43881877,26.45
11/11/2014,-119400,-1396830000,11.7(0.00 %),8000,93600000,127400,1490430000,44001277,26.44
12/11/2014,-139040,-1628840000,11.7(0.00 %),350,4060000,139390,1632900000,44140317,26.43
13/11/2014,-73000,-853200000,11.7(0.00 %),0,0,73000,853200000,44213317,26.42
14/11/2014,-335000,-3875900000,11.7(0.00 %),8000,92000000,343000,3967900000,44548317,26.39
17/11/2014,-90780,-1059824000,11.7(0.00 %),100,1160000,90880,1060984000,44639097,26.39
18/11/2014,-156000,-1800600000,11.5(-1.71 %),0,0,156000,1800600000,44795097,26.37
19/11/2014,-76000,-875600000,11.6(0.87 %),0,0,76000,875600000,44871097,26.37
20/11/2014,-38610,-445980000,11.5(-0.86 %),0,0,38610,445980000,44892977,0.0
21/11/2014,-564580,-6418300000,11.3(-1.74 %),0,0,564580,6418300000,44983857,0.0
24/11/2014,-100900,-1137480000,11.3(0.00 %),8100,91520000,109000,1229000000,45131757,0.0
25/11/2014,-39700,-448610000,11.2(-0.88 %),300,3390000,40000,452000000,45207457,0.0
26/11/2014,8000,88800000,11.2(0.00 %),8000,88800000,0,0,45238067,0.0
27/11/2014,-8558998,-96706680000,11.2(0.00 %),0,0,8558998,96706680000,45802647,0.0
28/11/2014,-175000,-1960000000,11.2(0.00 %),0,0,175000,1960000000,45911647,0.0
01/12/2014,-214450,-2481280000,11.7(4.46 %),200,2280000,214650,2483560000,45951447,0.0
02/12/2014,-50000,-588000000,11.8(0.85 %),0,0,50000,588000000,45951447,0.0
03/12/2014,-525300,-6478420000,12.6(6.78 %),0,0,525300,6478420000,54510445,0.0
04/12/2014,-46180,-607620000,13.4(6.35 %),0,0,46180,607620000,54685450,0.0
05/12/2014,-26500,-346600000,13.1(-2.24 %),0,0,26500,346600000,54900100,0.0
08/12/2014,-5000,-62500000,12.6(-3.82 %),0,0,5000,62500000,54950100,0.0
09/12/2014,-4000,-48400000,11.8(-6.35 %),0,0,4000,48400000,55475400,0.0
10/12/2014,4000,47200000,12(1.69 %),4000,47200000,0,0,55517580,0.0
11/12/2014,-4000,-48000000,11.9(-0.83 %),0,0,4000,48000000,55544080,0.0
12/12/2014,29350,350265000,12(0.84 %),29350,350265000,0,0,55514730,25.51
15/12/2014,8000,95200000,11.8(-1.67 %),8000,95200000,0,0,55515730,0.0
16/12/2014,0,0,11.9(0.85 %),0,0,0,0,55515730,0.0
17/12/2014,10000,119000000,11.8(-0.84 %),10000,119000000,0,0,55509730,0.0
18/12/2014,-8000,-96200000,12.3(4.24 %),0,0,8000,96200000,55509730,0.0
19/12/2014,-4580,-54660000,11.7(-4.88 %),0,0,4580,54660000,55509730,0.0
22/12/2014,-6000,-71363000,12.3(5.13 %),5000,59920000,11000,131283000,55515730,25.51
23/12/2014,-2870,-34040000,12.2(-0.81 %),7130,87560000,10000,121600000,55497600,0.0
24/12/2014,-3000,-37200000,12.3(0.82 %),0,0,3000,37200000,55505600,0.0
25/12/2014,-5000,-61900000,12.5(1.63 %),0,0,5000,61900000,55510180,0.0
26/12/2014,-8000,-99200000,12.5(0.00 %),0,0,8000,99200000,55518180,25.51
29/12/2014,-3500,-44050000,12.6(0.80 %),2000,25400000,5500,69450000,55521680,25.51
30/12/2014,-147400,-1860400000,12.8(1.59 %),6600,83400000,154000,1943800000,55669080,25.49
31/12/2014,0,0,12.8(0.00 %),0,0,0,0,55669080,25.49
05/01/2015,-1000,-12800000,12.8(0.00 %),2000,25600000,3000,38400000,55536580,25.51
06/01/2015,-13500,-174150000,13(1.56 %),0,0,13500,174150000,55550080,25.5
07/01/2015,0,0,13.2(1.54 %),0,0,0,0,55550080,25.5
08/01/2015,1400,18200000,13.1(-0.76 %),1400,18200000,0,0,55548680,25.5
09/01/2015,119900,1606670000,13.4(2.29 %),120000,1608000000,100,1330000,55428780,25.51
12/01/2015,-200,-2670000,13.3(-0.75 %),0,0,200,2670000,55428980,25.51
13/01/2015,-5400,-71680000,13.4(0.75 %),0,0,5400,71680000,55434380,25.51
14/01/2015,200,2600000,13.1(-2.24 %),200,2600000,0,0,55434180,25.51
15/01/2015,-13840,-181306000,13.1(0.00 %),0,0,13840,181306000,55448020,25.51
16/01/2015,-41750,-538575000,13(-0.76 %),0,0,41750,538575000,55489770,25.51
19/01/2015,2200,28600000,13.1(0.77 %),2500,32500000,300,3900000,55487570,25.51
20/01/2015,0,0,12.9(-1.53 %),0,0,0,0,55487570,25.51
21/01/2015,0,0,12.5(-3.10 %),0,0,0,0,55487570,25.51
22/01/2015,82930,1060211000,12.8(2.40 %),82930,1060211000,0,0,55404640,25.52
23/01/2015,76430,1009947000,13.4(4.69 %),90000,1185000000,13570,175053000,55328210,25.52
26/01/2015,-3400,-46980000,13.8(2.99 %),0,0,3400,46980000,55331610,25.52
27/01/2015,12080,162316000,13.6(-1.45 %),14110,189911000,2030,27595000,55319530,25.52
28/01/2015,-79040,-1112444000,14(2.94 %),50960,698556000,130000,1811000000,55398570,25.52
29/01/2015,37010,531380000,14.3(2.14 %),38650,554640000,1640,23260000,55361560,25.52
30/01/2015,-16660,-232926000,13.9(-2.80 %),3340,47074000,20000,280000000,55378220,25.52
02/02/2015,-10000,-138000000,13.4(-3.60 %),10000,134000000,20000,272000000,55379082,25.52
03/02/2015,31500,420676000,12.5(-6.72 %),31500,420676000,0,0,55347582,25.52
04/02/2015,200,2470000,12.8(2.40 %),200,2470000,0,0,55347382,25.52
05/02/2015,0,0,13.1(2.34 %),0,0,0,0,55347382,25.52
06/02/2015,0,0,13.4(2.29 %),0,0,0,0,55347382,25.52
09/02/2015,0,0,13.1(-2.24 %),0,0,0,0,55347382,25.52
10/02/2015,-60000,-784500000,13(-0.76 %),0,0,60000,784500000,55407382,25.52
11/02/2015,-303010,-3941029000,13.1(0.77 %),0,0,303010,3941029000,55710392,25.49
12/02/2015,-40000,-528000000,13.2(0.76 %),0,0,40000,528000000,55750392,25.49
13/02/2015,0,0,13.3(0.76 %),0,0,0,0,55750392,25.49
24/02/2015,-9000,-121700000,13.3(0.00 %),1000,13300000,10000,135000000,55759392,25.49
25/02/2015,195000,2615000000,13.5(1.50 %),295000,3960000000,100000,1345000000,55564392,25.5
26/02/2015,216910,2919104000,13.4(-0.74 %),217360,2925124000,450,6020000,55347482,25.52
27/02/2015,86930,1162476000,13.2(-1.49 %),205000,2721000000,118070,1558524000,55260552,25.53
02/03/2015,116000,1523200000,13.1(-0.76 %),116000,1523200000,0,0,55097672,25.54
03/03/2015,126300,1661030000,13.1(0.00 %),136300,1793030000,10000,132000000,54971372,25.55
04/03/2015,70000,920000000,13.2(0.76 %),140000,1843000000,70000,923000000,54901372,25.56
05/03/2015,-79040,-1035424000,13.1(-0.76 %),180960,2370576000,260000,3406000000,54980412,25.55
06/03/2015,-11230,-147113000,13.2(0.76 %),0,0,11230,147113000,54991642,25.55
09/03/2015,-8620,-113784000,13.2(0.00 %),1380,18216000,10000,132000000,55000262,25.55
10/03/2015,34260,454306000,13.3(0.76 %),144250,1902175000,109990,1447869000,54966002,25.55
11/03/2015,-40000,-532000000,13.2(-0.75 %),0,0,40000,532000000,55006002,25.55
12/03/2015,100000,1320000000,13.2(0.00 %),100000,1320000000,0,0,54906002,25.56
13/03/2015,0,0,13.2(0.00 %),0,0,0,0,54906002,25.56
16/03/2015,0,0,13.2(0.00 %),0,0,0,0,54906002,25.56
17/03/2015,-39180,-517176000,13.1(-0.76 %),0,0,39180,517176000,54945182,25.55
18/03/2015,0,0,13.2(0.76 %),0,0,0,0,54945182,25.55
19/03/2015,70000,913410000,13(-1.52 %),70000,913410000,0,0,54875182,25.56
20/03/2015,0,0,13.1(0.77 %),0,0,0,0,54875182,25.56
23/03/2015,-7100,-92750000,13(-0.76 %),0,0,7100,92750000,54882282,25.56
24/03/2015,0,0,12.9(-0.77 %),0,0,0,0,54882282,25.56
25/03/2015,0,0,12.8(-0.78 %),0,0,0,0,54882282,25.56
26/03/2015,75000,966000000,13(1.56 %),75000,966000000,0,0,54807282,25.56
27/03/2015,105000,1341000000,12.8(-1.54 %),105000,1341000000,0,0,54702282,25.57
30/03/2015,78010,981125000,12.5(-2.34 %),78010,981125000,0,0,54624272,25.58
31/03/2015,60000,756900000,13.1(4.80 %),60000,756900000,0,0,54564272,25.58
01/04/2015,32680,418241000,12.7(-3.05 %),32680,418241000,0,0,54624614,25.58
02/04/2015,-105000,-1323000000,12.6(-0.79 %),95000,1197000000,200000,2520000000,54729614,25.57
03/04/2015,36710,467796000,12.9(2.38 %),36710,467796000,0,0,54692904,25.57
06/04/2015,6360,80164000,12.7(-1.55 %),105990,1345474000,99630,1265310000,54686544,25.57
07/04/2015,-41630,-521374000,12.7(0.00 %),104170,1310025000,145800,1831399000,54728174,25.57
08/04/2015,44790,567859000,12.7(0.00 %),109740,1392724000,64950,824865000,54683384,25.57
09/04/2015,83810,1064856000,12.6(-0.79 %),135310,1715906000,51500,651050000,54599574,25.58
10/04/2015,8760,114226000,12.7(0.79 %),133500,1688950000,124740,1574724000,54590814,25.58
13/04/2015,104590,1331217000,12.8(0.79 %),104590,1331217000,0,0,54486224,25.59
14/04/2015,154700,1976856000,12.9(0.78 %),177700,2269256000,23000,292400000,54331524,25.6
15/04/2015,232000,2998608000,12.9(0.00 %),252000,3256608000,20000,258000000,54099524,25.62
16/04/2015,252480,3276028000,12.8(-0.78 %),252480,3276028000,0,0,53847044,25.64
17/04/2015,-21180,-274722000,12.8(0.00 %),135000,1738000000,156180,2012722000,53868224,25.64
20/04/2015,105100,1341770000,12.9(0.78 %),105100,1341770000,0,0,53763124,25.65
21/04/2015,3500,44800000,12.8(-0.78 %),3500,44800000,0,0,53759624,25.65
22/04/2015,160000,2073602000,13(1.56 %),180000,2331602000,20000,258000000,53599624,25.66
23/04/2015,266730,3468151000,13(0.00 %),286830,3729441000,20100,261290000,53332894,25.68
24/04/2015,115250,1498250000,12.8(-1.54 %),115250,1498250000,0,0,53217644,25.69
27/04/2015,0,0,12.9(0.78 %),0,0,0,0,53217644,25.69
04/05/2015,0,0,12.5(-3.10 %),0,0,0,0,53197544,25.69
05/05/2015,900,11210000,12.5(0.00 %),900,11210000,0,0,53196644,25.69
06/05/2015,0,0,12.2(-2.40 %),0,0,0,0,53196644,25.69
07/05/2015,0,0,12.6(3.28 %),0,0,0,0,53196644,25.69
08/05/2015,2020,25250000,12.4(-1.59 %),2020,25250000,0,0,53194624,25.69
11/05/2015,-1500,-18600000,12.4(0.00 %),1200,14880000,2700,33480000,53196124,25.69
12/05/2015,100,1230000,12.1(-2.42 %),100,1230000,0,0,53196024,25.69
13/05/2015,500,6000000,12.1(0.00 %),500,6000000,0,0,53195524,25.69
14/05/2015,-11880,-143748000,12.3(1.65 %),0,0,11880,143748000,53207404,25.69
15/05/2015,0,0,12.2(-0.81 %),0,0,0,0,53207404,25.69
18/05/2015,-5490,-65179000,12(-1.64 %),8520,104344000,14010,169523000,53212894,25.69
19/05/2015,-20010,-242122000,12.1(0.83 %),0,0,20010,242122000,53232904,25.69
20/05/2015,-37700,-453940000,12(-0.83 %),2300,28060000,40000,482000000,53270604,25.69
21/05/2015,0,0,12.2(1.67 %),0,0,0,0,53270604,25.69
22/05/2015,-4500,-54900000,12.3(0.82 %),0,0,4500,54900000,53275104,25.69
25/05/2015,0,0,12.1(-1.63 %),0,0,0,0,53275104,25.69
26/05/2015,0,0,12.3(1.65 %),0,0,0,0,53275104,25.69
27/05/2015,28000,347100000,12.4(0.81 %),30000,371500000,2000,24400000,53247104,25.69
28/05/2015,131020,1691906000,13.2(6.45 %),131520,1698356000,500,6450000,53116084,25.7
29/05/2015,456030,6250769000,13.5(2.27 %),476030,6526769000,20000,276000000,52660054,25.74
01/06/2015,-31000,-421500000,13.6(0.74 %),0,0,31000,421500000,52657654,25.74
02/06/2015,394280,5318210000,13.2(-2.94 %),421900,5691080000,27620,372870000,52263374,25.77
03/06/2015,195000,2561000000,13.1(-0.76 %),215000,2821000000,20000,260000000,52068374,25.79
04/06/2015,417220,5599776000,13.5(3.05 %),417220,5599776000,0,0,51651154,25.82
05/06/2015,421110,5751832000,13.8(2.22 %),471110,6431832000,50000,680000000,51230044,25.85
08/06/2015,795000,11072313000,13.9(0.72 %),795000,11072313000,0,0,50435044,25.92
09/06/2015,269640,3703468000,13.6(-2.16 %),269640,3703468000,0,0,50165404,25.94
10/06/2015,1300,17680000,13.5(-0.74 %),1300,17680000,0,0,50164104,25.94
11/06/2015,0,0,13.4(-0.74 %),0,0,0,0,50164104,25.94
12/06/2015,0,0,13.2(-1.49 %),0,0,0,0,50164104,25.94
15/06/2015,24800,333560000,13.5(2.27 %),24800,333560000,0,0,50139304,25.94
16/06/2015,300000,4114901000,13.5(0.00 %),300000,4114901000,0,0,49839304,25.97
17/06/2015,142000,1919200000,13.5(0.00 %),150000,2028000000,8000,108800000,49697304,25.98
18/06/2015,-15280,-206054000,13.4(-0.74 %),100,1360000,15380,207414000,49712584,25.98
19/06/2015,0,0,13.4(0.00 %),0,0,0,0,49712584,25.98
22/06/2015,5000,67000000,13.3(-0.75 %),5000,67000000,0,0,49707584,25.98
23/06/2015,12270,166145000,13.6(2.26 %),12270,166145000,0,0,49695314,25.98
24/06/2015,500,6750000,13.5(-0.74 %),500,6750000,0,0,49694814,25.98
25/06/2015,158230,2133282000,13.4(-0.74 %),158230,2133282000,0,0,49536584,25.99
26/06/2015,-20000,-265000000,13.2(-1.49 %),10000,134000000,30000,399000000,49556584,25.99
29/06/2015,0,0,13(-1.52 %),0,0,0,0,49556584,25.99
30/06/2015,-5550,-71595000,13(0.00 %),0,0,5550,71595000,49562134,25.99
01/07/2015,6620,85260000,12.9(-0.77 %),10500,135700000,3880,50440000,49570588,25.99
02/07/2015,-36120,-469560000,13.3(3.10 %),0,0,36120,469560000,49606708,25.98
03/07/2015,145000,1957500000,13.5(1.50 %),145000,1957500000,0,0,49461708,26.0
06/07/2015,458380,6264885000,14(3.70 %),458580,6267605000,200,2720000,49003328,26.03
07/07/2015,162000,2247100000,14(0.00 %),162000,2247100000,0,0,48841328,26.05
08/07/2015,386670,5498326000,14.1(0.71 %),402170,5714376000,15500,216050000,48454658,26.08
09/07/2015,96500,1353150000,14(-0.71 %),452152,6365843000,355652,5012693000,48358158,26.09
10/07/2015,285500,4026050000,14(0.00 %),285500,4026050000,0,0,48072658,26.11
13/07/2015,1482420,21745020000,14.9(6.43 %),1487420,21817320000,5000,72300000,46590238,26.23
14/07/2015,369520,5763206000,15.6(4.70 %),399670,6235376000,30150,472170000,46220718,26.26
15/07/2015,150,2325000,15.3(-1.92 %),150,2325000,0,0,46220568,26.26
16/07/2015,399500,5854600000,14.6(-4.58 %),399500,5854600000,0,0,45821068,26.29
17/07/2015,205620,3000052000,14.6(0.00 %),205620,3000052000,0,0,45615448,26.31
20/07/2015,158250,2269875000,14.3(-2.05 %),158250,2269875000,0,0,45457198,26.32
21/07/2015,270300,3861290000,14.1(-1.40 %),270300,3861290000,0,0,45186898,26.34
22/07/2015,65140,908474000,14.2(0.71 %),75000,1047500000,9860,139026000,45121758,26.35
23/07/2015,106400,1496780000,14(-1.41 %),178000,2514100000,71600,1017320000,45015358,26.36
24/07/2015,2410,34600000,14.2(1.43 %),6010,84640000,3600,50040000,45012948,26.36
27/07/2015,320520,4547132000,14.1(-0.70 %),320520,4547132000,0,0,44692428,26.38
28/07/2015,387520,5414780000,13.9(-1.42 %),395000,5519500000,7480,104720000,44304908,26.41
29/07/2015,171000,2370850000,13.8(-0.72 %),171000,2370850000,0,0,44133908,26.43
30/07/2015,186400,2552810000,13.8(0.00 %),286400,3924310000,100000,1371500000,43947508,26.44
31/07/2015,16800,227110000,13.6(-1.45 %),125000,1705000000,108200,1477890000,43930708,26.44
03/08/2015,152490,2061770000,13.6(0.00 %),152490,2061770000,0,0,43609448,26.47
04/08/2015,310210,4254060000,13.7(0.74 %),310210,4254060000,0,0,43299238,26.5
05/08/2015,169570,2333530000,13.8(0.73 %),170970,2352570000,1400,19040000,43129668,26.51
06/08/2015,0,0,13.7(-0.72 %),0,0,0,0,43129668,26.51
07/08/2015,0,0,13.7(0.00 %),0,0,0,0,43129668,26.51
10/08/2015,-2870,-39320000,13.7(0.00 %),130,1780000,3000,41100000,43132538,26.51
11/08/2015,85020,1164770000,13.8(0.73 %),85020,1164770000,0,0,43047518,26.52
12/08/2015,526110,7241700000,13.8(0.00 %),526570,7248030000,460,6330000,42521408,26.56
13/08/2015,297000,4080900000,13.8(0.00 %),297000,4080900000,0,0,42224408,26.58
14/08/2015,-375370,-5128810000,13.5(-2.17 %),5000,68100000,380370,5196910000,42599778,26.55
17/08/2015,-339900,-4310740000,12.6(-6.67 %),100,1260000,340000,4312000000,42939678,26.52
18/08/2015,-1354560,-16054010000,12.2(-3.17 %),681950,8047090000,2036510,24101100000,44294238,26.41
19/08/2015,-198500,-2380350000,12.1(-0.82 %),1500,18150000,200000,2398500000,44492738,26.4
20/08/2015,-260660,-3034470000,11.8(-2.48 %),189340,2256440000,450000,5290910000,44753398,26.38
21/08/2015,-639490,-7308670000,11.6(-1.69 %),183580,2113200000,823070,9421870000,45392888,26.33
24/08/2015,-30300,-342430000,12.3(6.03 %),0,0,30300,342430000,45423188,26.32
25/08/2015,-10,-120000,12(-2.44 %),0,0,10,120000,45423198,26.32
26/08/2015,-53210,-633600000,11.9(-0.83 %),73990,880080000,127200,1513680000,45476408,26.32
27/08/2015,-90440,-1081240000,11.9(0.00 %),40000,471000000,130440,1552240000,45566848,26.31
28/08/2015,106470,1258600000,12.1(1.68 %),201470,2389100000,95000,1130500000,45460378,26.32
31/08/2015,140000,1635600000,11.6(-4.13 %),140000,1635600000,0,0,45320378,26.33
01/09/2015,100000,1152500000,11.5(-0.86 %),100000,1152500000,0,0,45203140,26.34
03/09/2015,43010,506980000,11.8(2.61 %),243010,2835300000,200000,2328320000,45160130,26.34
04/09/2015,105140,1240650000,11.9(0.85 %),117140,1382250000,12000,141600000,45054990,26.35
07/09/2015,300,3570000,11.9(0.00 %),300,3570000,0,0,45054690,26.35
08/09/2015,0,0,12(0.84 %),0,0,0,0,45054690,26.35
09/09/2015,0,0,12(0.00 %),0,0,0,0,45054690,26.35
10/09/2015,0,0,11.9(-0.83 %),0,0,0,0,45054690,26.35
11/09/2015,3000,36000000,12(0.84 %),3000,36000000,0,0,45051690,26.35
14/09/2015,-3950,-46430000,11.9(-0.83 %),16050,189590000,20000,236020000,45055640,26.35
15/09/2015,-600,-7140000,11.9(0.00 %),0,0,600,7140000,45056240,26.35
16/09/2015,-2400,-27760000,11.8(-0.84 %),400,4720000,2800,32480000,45058640,26.35
17/09/2015,0,0,11.7(-0.85 %),0,0,0,0,45058640,26.35
18/09/2015,0,0,11.8(0.85 %),0,0,0,0,45058640,26.35
21/09/2015,0,0,11.8(0.00 %),0,0,0,0,45058640,26.35
22/09/2015,0,0,11.9(0.85 %),0,0,0,0,45058640,26.35
23/09/2015,0,0,11.9(0.00 %),0,0,0,0,45058640,26.35
24/09/2015,0,0,12(0.84 %),0,0,0,0,45058640,26.35
25/09/2015,200,2380000,12(0.00 %),200,2380000,0,0,45058440,26.35
28/09/2015,0,0,11.9(-0.83 %),0,0,0,0,45058440,26.35
29/09/2015,0,0,12(0.84 %),0,0,0,0,45058440,26.35
30/09/2015,-1800,-21620000,12(0.00 %),200,2380000,2000,24000000,45060240,26.35
01/10/2015,0,0,12(0.00 %),0,0,0,0,45283693,26.33
02/10/2015,0,0,11.9(-0.83 %),0,0,0,0,45283693,26.33
05/10/2015,0,0,11.9(0.00 %),0,0,0,0,45283693,26.33
06/10/2015,-80000,-952000000,11.9(0.00 %),0,0,80000,952000000,45363693,26.33
07/10/2015,-327760,-3834790000,11.7(-1.68 %),0,0,327760,3834790000,45691453,26.3
08/10/2015,-537340,-6188520000,11.4(-2.56 %),0,0,537340,6188520000,46228793,26.26
09/10/2015,-555200,-6435500000,11.6(1.75 %),0,0,555200,6435500000,46783993,26.21
12/10/2015,0,0,11.6(0.00 %),0,0,0,0,46783993,26.21
13/10/2015,0,0,11.6(0.00 %),0,0,0,0,46783993,26.21
14/10/2015,-8730,-101270000,11.6(0.00 %),100,1160000,8830,102430000,46792723,26.21
15/10/2015,60,700000,11.6(0.00 %),60,700000,0,0,46792663,26.21
16/10/2015,1550,17980000,11.7(0.86 %),3000,34800000,1450,16820000,46791113,26.21
19/10/2015,0,0,11.6(-0.85 %),0,0,0,0,46791113,26.21
20/10/2015,0,0,11.6(0.00 %),0,0,0,0,46791113,26.21
21/10/2015,200,2360000,11.7(0.86 %),200,2360000,0,0,46790913,26.21
22/10/2015,0,0,11.8(0.85 %),0,0,0,0,46790913,26.21
23/10/2015,200,2380000,11.8(0.00 %),200,2380000,0,0,46790713,26.21
26/10/2015,130980,1552610000,11.7(-0.85 %),130980,1552610000,0,0,46659733,26.22
27/10/2015,57330,671780000,11.8(0.85 %),57330,671780000,0,0,46602403,26.23
28/10/2015,39850,466730000,11.8(0.00 %),40000,468500000,150,1770000,46562553,26.23
29/10/2015,30000,354000000,11.8(0.00 %),30000,354000000,0,0,46532553,26.23
30/10/2015,0,0,11.8(0.00 %),0,0,0,0,46532553,26.23
02/11/2015,-10650,-124610000,11.7(-0.85 %),0,0,10650,124610000,46534403,26.23
03/11/2015,-162320,-1881060000,11.7(0.00 %),22010,257170000,184330,2138230000,46696723,26.22
04/11/2015,500,5800000,11.6(-0.85 %),500,5800000,0,0,46696223,26.22
05/11/2015,25000,291680000,11.5(-0.86 %),45900,532030000,20900,240350000,46671223,26.22
06/11/2015,400,4560000,11.6(0.87 %),400,4560000,0,0,46670823,26.22
09/11/2015,-119900,-1373860000,11.5(-0.86 %),100,1140000,120000,1375000000,46790723,26.21
10/11/2015,0,0,11.5(0.00 %),0,0,0,0,46790723,26.21
11/11/2015,-259410,-2942170000,11.4(-0.87 %),0,0,259410,2942170000,47050133,26.19
12/11/2015,-1800,-20520000,11.4(0.00 %),0,0,1800,20520000,47051933,26.19
13/11/2015,0,0,11.6(1.75 %),0,0,0,0,47051933,26.19
16/11/2015,-112170,-1278740000,11.4(-1.72 %),0,0,112170,1278740000,47164103,26.18
17/11/2015,-261210,-2948550000,11.3(-0.88 %),0,0,261210,2948550000,47425313,26.16
18/11/2015,-168260,-1901340000,11.3(0.00 %),0,0,168260,1901340000,47593573,26.15
19/11/2015,0,0,11.3(0.00 %),0,0,0,0,47593573,26.15
20/11/2015,-105000,-1177030000,11.3(0.00 %),0,0,105000,1177030000,47698573,26.14
23/11/2015,-161000,-1803200000,11.2(-0.88 %),0,0,161000,1803200000,47859573,26.13
24/11/2015,-164900,-1846390000,11.2(0.00 %),100,1110000,165000,1847500000,47604274,26.15
25/11/2015,-55490,-619840000,11.2(0.00 %),31000,348200000,86490,968040000,47573274,26.15
26/11/2015,400,4440000,11.2(0.00 %),400,4440000,0,0,47677874,26.14
27/11/2015,-164510,-1819161000,10.9(-2.68 %),1000,11000000,165510,1830161000,47842384,26.13
30/11/2015,-77900,-833270000,10.5(-3.67 %),2100,22890000,80000,856160000,48000774,26.11
01/12/2015,-185650,-1959920000,10.5(0.00 %),40100,425060000,225750,2384980000,48047164,26.11
02/12/2015,-317530,-3364320000,10.6(0.95 %),0,0,317530,3364320000,48047164,26.11
03/12/2015,0,0,10.6(0.00 %),0,0,0,0,48212674,26.1
04/12/2015,-256130,-2691550000,10.5(-0.94 %),120,1250000,256250,2692800000,48292554,26.09
07/12/2015,-150000,-1576520000,10.6(0.95 %),0,0,150000,1576520000,48518304,26.07
08/12/2015,-410430,-4212250000,10.2(-3.77 %),70100,718030000,480530,4930280000,48765734,26.05
09/12/2015,-371800,-3781390000,10.1(-0.98 %),2180,22220000,373980,3803610000,48763554,26.05
10/12/2015,-181030,-1831900000,10.2(0.99 %),5300,53670000,186330,1885570000,49014504,26.03
11/12/2015,-265080,-2825840000,10.9(6.86 %),10000,105000000,275080,2930840000,49154504,26.02
14/12/2015,3647397,42309810000,11.5(5.50 %),4022397,46659810000,375000,4350000000,45612637,26.31
15/12/2015,-187680,-2165130000,11.2(-2.61 %),4630,53230000,192310,2218360000,45981987,26.28
16/12/2015,-34940,-381940000,11.2(0.00 %),245060,2745530000,280000,3127470000,45953257,26.28
17/12/2015,-9860,-108650000,11.3(0.89 %),291150,3287860000,301010,3396510000,45937187,26.28
18/12/2015,166110,1870130000,11.3(0.00 %),402710,4535710000,236600,2665580000,45909477,26.28
21/12/2015,21900,244930000,11.1(-1.77 %),196900,2204930000,175000,1960000000,46004887,26.28
22/12/2015,-830,-10410000,11.1(0.00 %),265260,2943190000,266090,2953600000,46235717,26.26
23/12/2015,10090,111310000,11.1(0.00 %),260090,2886310000,250000,2775000000,46526637,26.23
24/12/2015,10000,110400000,11.1(0.00 %),10000,110400000,0,0,46753237,26.22
25/12/2015,33700,370130000,11(-0.90 %),33700,370130000,0,0,46794537,26.21
28/12/2015,29990,328890000,10.9(-0.91 %),182260,2019090000,152270,1690200000,46784537,26.21
29/12/2015,-19340,-212910000,10.9(0.00 %),21540,232680000,40880,445590000,46762997,26.22
30/12/2015,415780,4819010000,11.6(6.42 %),674990,7644460000,259210,2825450000,46347127,26.25
31/12/2015,100000,1130800000,11.2(-3.45 %),100000,1130800000,0,0,46247127,26.26
04/01/2016,78470,878360000,11.2(0.00 %),78470,878360000,0,0,46168667,26.26
05/01/2016,110000,1229500000,11.2(0.00 %),110000,1229500000,0,0,46099547,26.27
06/01/2016,119800,1339940000,11.2(0.00 %),120000,1342200000,200,2260000,45979637,26.28
07/01/2016,89200,986560000,11.1(-0.89 %),89200,986560000,0,0,45890437,26.29
08/01/2016,250,2730000,10.9(-1.80 %),250,2730000,0,0,45890187,26.29
11/01/2016,92250,1018620000,10.9(0.00 %),92250,1018620000,0,0,45798137,26.29
12/01/2016,170500,1920200000,11.3(3.67 %),200500,2257200000,30000,337000000,45597637,26.31
13/01/2016,453780,5403290000,12(6.19 %),453780,5403290000,0,0,45143857,26.35
14/01/2016,11550000,147840000000,11.3(-5.83 %),11550000,147840000000,0,0,33593857,27.28
15/01/2016,-140000,-1582080000,11.2(-0.88 %),0,0,140000,1582080000,33623859,27.28
18/01/2016,2970,31870000,10.9(-2.68 %),5000,54000000,2030,22130000,33618859,27.28
19/01/2016,-44390,-484320000,10.9(0.00 %),13650,148320000,58040,632640000,33605209,27.28
20/01/2016,-30670,-334300000,10.8(-0.92 %),0,0,30670,334300000,33745209,27.27
21/01/2016,-41200,-429290000,10.7(-0.93 %),62800,665210000,104000,1094500000,33684439,27.27
22/01/2016,-172080,-1769890000,10.3(-3.74 %),157920,1623110000,330000,3393000000,33584559,27.28
25/01/2016,-545000,-5524910000,10.1(-1.94 %),500000,5000000000,1045000,10524910000,33704889,27.27
26/01/2016,8050,80990000,10.5(3.96 %),17000,171900000,8950,90910000,33702229,27.27
27/01/2016,46800,486280000,10.3(-1.90 %),46800,486280000,0,0,33985429,27.25
28/01/2016,-135410,-1381270000,10.1(-1.94 %),590,6080000,136000,1387350000,34529839,27.21
29/01/2016,-270000,-2734600000,10.5(3.96 %),114000,1181000000,384000,3915600000,34424789,27.21
01/02/2016,1000,10500000,10.3(-1.90 %),1000,10500000,0,0,34423789,27.21
02/02/2016,-9400,-96820000,10.5(1.94 %),0,0,9400,96820000,34559789,27.2
03/02/2016,-50000,-530000000,10.6(0.95 %),0,0,50000,530000000,34943789,27.17
04/02/2016,0,0,10.7(0.94 %),0,0,0,0,34943789,27.17
05/02/2016,0,0,10.8(0.93 %),0,0,0,0,34953189,27.17
15/02/2016,0,0,10.3(-4.63 %),0,0,0,0,35003189,27.17
16/02/2016,-164700,-1691060000,10.2(-0.97 %),55300,568590000,220000,2259650000,34947889,27.17
17/02/2016,-145180,-1475000000,10.1(-0.98 %),60900,619670000,206080,2094670000,34886989,27.18
18/02/2016,83200,865540000,10.5(3.96 %),83200,865540000,0,0,34803789,27.18
19/02/2016,-209260,-2165660000,10.5(0.00 %),128840,1346580000,338100,3512240000,34894949,27.18
22/02/2016,-206000,-2130250000,10.3(-1.90 %),63000,653900000,269000,2784150000,35038029,27.16
23/02/2016,48000,494700000,10.3(0.00 %),448000,4625500000,400000,4130800000,34990029,27.17
24/02/2016,62000,648270000,10.4(0.97 %),62000,648270000,0,0,35266129,27.15
25/02/2016,200900,2104860000,10.3(-0.96 %),200900,2104860000,0,0,35334229,27.14
26/02/2016,75540,793170000,10.5(1.94 %),75540,793170000,0,0,35258689,27.15
29/02/2016,814470,8545820000,10.4(-0.95 %),814470,8545820000,0,0,34444219,27.21
01/03/2016,62400,651960000,10.6(1.92 %),62400,651960000,0,0,34381819,27.22
02/03/2016,98530,1044120000,10.5(-0.94 %),98530,1044120000,0,0,34283289,27.23
03/03/2016,16780,176850000,10.6(0.95 %),16780,176850000,0,0,34266509,27.23
04/03/2016,-42350,-444580000,10.4(-1.89 %),99540,1045270000,141890,1489850000,34166969,27.23
07/03/2016,11000,115400000,10.4(0.00 %),11000,115400000,0,0,34155969,27.24
08/03/2016,65000,683500000,10.6(1.92 %),65000,683500000,0,0,34090969,27.24
09/03/2016,20000,210900000,10.6(0.00 %),20000,210900000,0,0,34212859,27.23
10/03/2016,5900,63160000,10.6(0.00 %),12000,126600000,6100,63440000,34200859,27.23
11/03/2016,-204430,-2108630000,10.3(-2.83 %),68000,704400000,272430,2813030000,34132859,27.24
14/03/2016,-11110,-115550000,10.4(0.97 %),203460,2115980000,214570,2231530000,33929399,27.25
15/03/2016,118510,1232330000,10.4(0.00 %),118510,1232330000,0,0,33816989,27.26
16/03/2016,-22150,-230030000,10.3(-0.96 %),7100,73640000,29250,303670000,34082319,27.24
17/03/2016,5354230,59055670000,10.5(1.94 %),5711550,62753070000,357320,3697400000,28585339,27.69
18/03/2016,0,0,10.4(-0.95 %),0,0,0,0,28585339,27.69
21/03/2016,31630,336510000,10.3(-0.96 %),152200,1582980000,120570,1246470000,28462389,27.7
22/03/2016,14000,144200000,10.3(0.00 %),18000,185400000,4000,41200000,28801709,27.67
23/03/2016,10000,103000000,10.3(0.00 %),10000,103000000,0,0,28791709,27.67
24/03/2016,17500,180250000,10.3(0.00 %),17500,180250000,0,0,28894779,27.66
25/03/2016,37000,381100000,10.3(0.00 %),40000,412000000,3000,30900000,28858779,27.66
28/03/2016,76190,784760000,10.4(0.97 %),76190,784760000,0,0,28782589,27.67
29/03/2016,33000,339900000,10.3(-0.96 %),33000,339900000,0,0,28749589,27.67
30/03/2016,-43900,-446360000,10.3(0.00 %),81100,841140000,125000,1287500000,28671489,27.68
31/03/2016,115000,1200100000,10.5(1.94 %),115000,1200100000,0,0,28556489,27.69
01/04/2016,58000,610600000,10.5(0.00 %),58000,610600000,0,0,28498489,27.69
04/04/2016,172100,1744930000,10.1(-3.81 %),172100,1744930000,0,0,28451389,27.7
05/04/2016,-24110,-237960000,10.2(0.99 %),144000,1443140000,168110,1681100000,28307389,27.71
06/04/2016,308030,3113530000,10.2(0.00 %),508230,5146550000,200200,2033020000,27799159,27.75
07/04/2016,68240,711210000,10.5(2.94 %),79440,827690000,11200,116480000,27719719,27.76
08/04/2016,25000,260740000,10.4(-0.95 %),25000,260740000,0,0,27862829,27.74
11/04/2016,37980,395490000,10.5(0.96 %),38000,395700000,20,210000,28025029,27.73
12/04/2016,46000,482650000,10.5(0.00 %),46000,482650000,0,0,27990229,27.73
13/04/2016,17500,180950000,10.4(-0.95 %),17500,180950000,0,0,27972729,27.74
14/04/2016,15000,154600000,10.3(-0.96 %),15000,154600000,0,0,27957749,27.74
15/04/2016,9200,95160000,10.4(0.97 %),9200,95160000,0,0,27948549,27.74
19/04/2016,22400,232420000,10.4(0.00 %),23900,247870000,1500,15450000,27924649,27.74
20/04/2016,54900,570460000,10.4(0.00 %),54900,570460000,0,0,27869749,27.74
21/04/2016,70000,730300000,10.5(0.96 %),70000,730300000,0,0,27799749,27.75
22/04/2016,39110,410960000,10.5(0.00 %),39110,410960000,0,0,27762145,27.75
25/04/2016,42800,448600000,10.5(0.00 %),42800,448600000,0,0,27719345,27.76
26/04/2016,27200,285600000,10.5(0.00 %),27200,285600000,0,0,27692145,27.76
27/04/2016,14000,147000000,10.6(0.95 %),14000,147000000,0,0,27678145,27.76
28/04/2016,14200,150520000,10.6(0.00 %),14200,150520000,0,0,27663945,27.76
29/04/2016,10600,112200000,10.6(0.00 %),10600,112200000,0,0,27653345,27.76
04/05/2016,5350,61240000,10.4(-1.89 %),53500,562000000,48150,500760000,27599845,27.77
05/05/2016,107100,1136160000,10.7(2.88 %),107100,1136160000,0,0,27492745,27.77
06/05/2016,59100,633460000,10.6(-0.93 %),69100,739460000,10000,106000000,27423645,27.78
09/05/2016,54000,583440000,10.7(0.94 %),64000,690440000,10000,107000000,27407795,27.78
10/05/2016,46700,506840000,11(2.80 %),49200,533840000,2500,27000000,27358595,27.79
11/05/2016,37600,413250000,11(0.00 %),37600,413250000,0,0,27330995,27.79
12/05/2016,324020,3573470000,11.2(1.82 %),324020,3573470000,0,0,27016975,27.81
13/05/2016,103090,1174180000,11.3(0.89 %),103140,1174740000,50,560000,26916335,27.82
16/05/2016,92990,1049990000,11.3(0.00 %),92990,1049990000,0,0,26823345,27.83
17/05/2016,55900,634160000,11.3(0.00 %),56000,635290000,100,1130000,26767345,27.83
18/05/2016,922860,10970390000,12(6.19 %),925700,11004470000,2840,34080000,25841695,27.91
19/05/2016,283000,3422300000,12.1(0.83 %),283000,3422300000,0,0,25558695,27.93
20/05/2016,97070,1166250000,12(-0.83 %),97170,1167460000,100,1210000,25461625,27.94
23/05/2016,274000,3324500000,12.3(2.50 %),274000,3324500000,0,0,25190465,27.96
24/05/2016,327960,3998540000,12.1(-1.63 %),331960,4047340000,4000,48800000,24858505,27.99
25/05/2016,195790,2390020000,12.3(1.65 %),195890,2391250000,100,1230000,24662715,28.0
26/05/2016,235000,2947050000,12.7(3.25 %),312000,3924750000,77000,977700000,24350715,28.03
27/05/2016,-93000,-1168900000,12.6(-0.79 %),0,0,93000,1168900000,24354715,28.03
30/05/2016,0,0,12.6(0.00 %),0,0,0,0,24354715,28.03
31/05/2016,-4000,-51600000,13(3.17 %),0,0,4000,51600000,24358715,28.03
01/06/2016,-2550,-32900000,12.9(-0.77 %),0,0,2550,32900000,24524815,28.02
02/06/2016,-90,-1143000,12.5(-3.10 %),10,127000,100,1270000,24524905,28.02
03/06/2016,-84710,-1041130000,12.2(-2.40 %),0,0,84710,1041130000,24528805,28.01
06/06/2016,0,0,11.9(-2.46 %),0,0,0,0,24531355,28.01
07/06/2016,-4430,-52720000,11.9(0.00 %),0,0,4430,52720000,24531455,28.01
08/06/2016,45250,540830000,12(0.84 %),52000,621160000,6750,80330000,24564165,28.01
09/06/2016,6710,80180000,12(0.00 %),6710,80180000,0,0,24557455,28.01
10/06/2016,61030,730250000,11.8(-1.67 %),61030,730250000,0,0,24500855,28.02
13/06/2016,4400,51480000,11.6(-1.69 %),4400,51480000,0,0,24503205,28.02
14/06/2016,26060,302300000,11.6(0.00 %),26060,302300000,0,0,24477145,28.02
15/06/2016,32990,385820000,11.6(0.00 %),32990,385820000,0,0,24444155,28.02
16/06/2016,-9190,-106500000,11.5(-0.86 %),172560,2001820000,181750,2108320000,24438085,28.02
17/06/2016,36880,428810000,11.8(2.61 %),36880,428810000,0,0,24401205,28.03
20/06/2016,12930,152570000,11.8(0.00 %),152930,1804570000,140000,1652000000,24388205,28.03
21/06/2016,8100,94770000,11.7(-0.85 %),108100,1264570000,100000,1169800000,24394095,28.03
22/06/2016,14500,168200000,11.6(-0.85 %),14500,168200000,0,0,24379595,28.03
23/06/2016,-6990,-81180000,11.6(0.00 %),25000,290000000,31990,371180000,24354665,28.03
24/06/2016,67830,776870000,11.4(-1.72 %),67830,776870000,0,0,24288105,28.03
27/06/2016,5510,62610000,11.5(0.88 %),5510,62610000,0,0,24282604,28.03
28/06/2016,-20050,-226800000,11.3(-1.74 %),125100,1418290000,145150,1645090000,24189494,28.04
29/06/2016,15480,176470000,11.4(0.88 %),15480,176470000,0,0,24174014,28.04
30/06/2016,8500,97600000,11.5(0.88 %),8500,97600000,0,0,24165514,28.04
01/07/2016,-35020,-402730000,11.4(-0.87 %),160000,1838400000,195020,2241130000,24310664,28.03
04/07/2016,-79480,-906070000,11.4(0.00 %),0,0,79480,906070000,24310664,28.03
05/07/2016,0,0,11.3(-0.88 %),0,0,0,0,24310664,28.03
06/07/2016,-1500,-16950000,11.3(0.00 %),0,0,1500,16950000,24345684,28.03
07/07/2016,-19770,-223400000,11.3(0.00 %),0,0,19770,223400000,24425164,28.02
08/07/2016,0,0,11.1(-1.77 %),0,0,0,0,24425164,28.02
11/07/2016,0,0,11.1(0.00 %),0,0,0,0,24425164,28.02
12/07/2016,-6870,-75070000,10.8(-2.70 %),5810,64410000,12680,139480000,24440624,28.02
13/07/2016,49240,554260000,11.3(4.63 %),178570,1995100000,129330,1440840000,24262054,28.04
14/07/2016,245780,2891270000,12(6.19 %),395070,4598680000,149290,1707410000,23866984,28.07
15/07/2016,129930,1593990000,12.3(2.50 %),151530,1859670000,21600,265680000,23728134,28.08
18/07/2016,38130,468140000,12.3(0.00 %),257500,3149620000,219370,2681480000,23599964,28.09
19/07/2016,74590,892970000,12(-2.44 %),75090,898970000,500,6000000,23674164,28.08
20/07/2016,41490,493580000,11.8(-1.67 %),41490,493580000,0,0,23654274,28.09
21/07/2016,101310,1173770000,11.5(-2.54 %),101310,1173770000,0,0,23772334,28.08
22/07/2016,95550,1037290000,10.8(-6.09 %),140000,1533000000,44450,495710000,23632834,28.09
25/07/2016,0,0,11(1.85 %),0,0,0,0,23632834,28.09
26/07/2016,0,0,11.3(2.73 %),0,0,0,0,23632834,28.09
27/07/2016,0,0,11.6(2.65 %),0,0,0,0,23677284,28.08
28/07/2016,0,0,11.9(2.59 %),0,0,0,0,23677284,28.08
29/07/2016,-2800,-33320000,11.9(0.00 %),0,0,2800,33320000,23677284,28.08
01/08/2016,33500,390600000,11.7(-1.68 %),33500,390600000,0,0,23643784,28.09
02/08/2016,-20,-230000,11.3(-3.42 %),0,0,20,230000,23643784,28.09
03/08/2016,50,570000,11.2(-0.88 %),50,570000,0,0,23646534,28.09
04/08/2016,13710,153550000,11.1(-0.89 %),16500,184800000,2790,31250000,23630034,28.09
05/08/2016,0,0,11(-0.90 %),0,0,0,0,23630054,28.09
08/08/2016,0,0,11.1(0.91 %),0,0,0,0,23630054,28.09
09/08/2016,-39070,-428100000,11(-0.90 %),0,0,39070,428100000,23632844,28.09
10/08/2016,-128780,-1386900000,10.9(-0.91 %),0,0,128780,1386900000,23632844,28.09
11/08/2016,-64850,-692350000,10.7(-1.83 %),0,0,64850,692350000,23632844,28.09
12/08/2016,0,0,10.7(0.00 %),0,0,0,0,23671914,28.08
15/08/2016,-2000,-21600000,10.9(1.87 %),0,0,2000,21600000,23800694,28.07
16/08/2016,500,5350000,10.9(0.00 %),500,5350000,0,0,23865044,28.07
17/08/2016,-98020,-1058620000,10.8(-0.92 %),0,0,98020,1058620000,23865044,28.07
18/08/2016,-238330,-2573960000,10.8(0.00 %),0,0,238330,2573960000,23867044,28.07
19/08/2016,16550,181110000,11(1.85 %),19550,214110000,3000,33000000,23847494,28.07
22/08/2016,30970,348360000,11.2(1.82 %),31000,348700000,30,340000,23914514,28.06
23/08/2016,0,0,11.1(-0.89 %),0,0,0,0,24152844,28.05
24/08/2016,-1400,-15330000,11.1(0.00 %),600,6670000,2000,22000000,24155244,28.04
25/08/2016,50590,566550000,11.2(0.90 %),50590,566550000,0,0,24104684,28.05
26/08/2016,49850,558310000,11.2(0.00 %),50100,561110000,250,2800000,24054584,28.05
29/08/2016,18430,206380000,11.2(0.00 %),18430,206380000,0,0,24038154,28.05
30/08/2016,17020,188920000,11.2(0.00 %),17020,188920000,0,0,24021134,28.06
31/08/2016,28960,321460000,11.2(0.00 %),29380,326120000,420,4660000,23992004,28.06
01/09/2016,0,0,11.1(-0.89 %),0,0,0,0,23992004,28.06
05/09/2016,-166450,-1733280000,10.4(-6.31 %),54400,566560000,220850,2299840000,23937604,28.06
06/09/2016,1000,10400000,10.4(0.00 %),3000,31200000,2000,20800000,23935024,28.06
07/09/2016,0,0,10.4(0.00 %),0,0,0,0,23935024,28.06
08/09/2016,50,510000,10.3(-0.96 %),50,510000,0,0,24155824,28.04
09/09/2016,0,0,10.5(1.94 %),0,0,0,0,24157824,28.04
12/09/2016,0,0,10.4(-0.95 %),0,0,0,0,24157824,28.04
13/09/2016,0,0,10.4(0.00 %),0,0,0,0,24157824,28.04
14/09/2016,-94720,-966140000,10.2(-1.92 %),0,0,94720,966140000,24157824,28.04
15/09/2016,-49320,-518110000,10.7(4.90 %),0,0,49320,518110000,24157824,28.04
16/09/2016,0,0,10.7(0.00 %),0,0,0,0,24157824,28.04
19/09/2016,-6090,-66280000,10.7(0.00 %),2780,28630000,8870,94910000,24249764,28.04
20/09/2016,-64680,-688990000,10.5(-1.87 %),0,0,64680,688990000,24299084,28.03
21/09/2016,10,110000,10.5(0.00 %),10,110000,0,0,24299074,28.03
22/09/2016,-33000,-350300000,10.6(0.95 %),0,0,33000,350300000,24307944,28.03
23/09/2016,0,0,10.6(0.00 %),0,0,0,0,24372624,28.03
26/09/2016,2990,31100000,10.4(-1.89 %),3000,31200000,10,100000,24369624,28.03
27/09/2016,0,0,10.5(0.96 %),0,0,0,0,24402624,28.02
28/09/2016,6920,71280000,10.4(-0.95 %),6920,71280000,0,0,24395704,28.03
29/09/2016,0,0,10.3(-0.96 %),0,0,0,0,24395714,28.03
30/09/2016,0,0,10.3(0.00 %),0,0,0,0,24395722,28.03
03/10/2016,-57570,-591810000,10.3(0.00 %),0,0,57570,591810000,24395722,28.03
04/10/2016,0,0,10.3(0.00 %),0,0,0,0,24395722,28.03
05/10/2016,0,0,10.4(0.97 %),0,0,0,0,24395722,28.03
06/10/2016,-41870,-433220000,10.4(0.00 %),0,0,41870,433220000,24453292,28.02
07/10/2016,0,0,10.4(0.00 %),0,0,0,0,24453292,28.02
10/10/2016,0,0,10.4(0.00 %),0,0,0,0,24453292,28.02
11/10/2016,-65870,-684250000,10.35(-0.48 %),0,0,65870,684250000,24495162,28.02
12/10/2016,-34130,-353250000,10.4(0.48 %),0,0,34130,353250000,24495162,28.02
13/10/2016,210,2180000,10.35(-0.48 %),210,2180000,0,0,24494952,28.02
14/10/2016,0,0,10.35(0.00 %),0,0,0,0,24560822,28.01
17/10/2016,0,0,10.35(0.00 %),0,0,0,0,24594952,28.01
18/10/2016,0,0,10.6(2.42 %),0,0,0,0,24594954,28.01
19/10/2016,0,0,10.6(0.00 %),0,0,0,0,24594921,28.01
20/10/2016,0,0,10.6(0.00 %),0,0,0,0,24594921,28.01
21/10/2016,0,0,10.5(-0.94 %),0,0,0,0,24594921,28.01
24/10/2016,70,740000,10.5(0.00 %),70,740000,0,0,24594851,28.01
25/10/2016,0,0,10.4(-0.95 %),0,0,0,0,24594851,28.01
26/10/2016,0,0,10.4(0.00 %),0,0,0,0,24594851,28.01
27/10/2016,0,0,10.3(-0.96 %),0,0,0,0,24594851,28.01
28/10/2016,0,0,10.3(0.00 %),0,0,0,0,24594851,28.01
31/10/2016,0,0,10.2(-0.97 %),0,0,0,0,24594851,28.01
01/11/2016,0,0,10.25(0.49 %),0,0,0,0,24594851,28.01
02/11/2016,0,0,10.1(-1.46 %),0,0,0,0,24594851,28.01
03/11/2016,-43500,-434570000,9.8(-2.97 %),0,0,43500,434570000,24594851,28.01
04/11/2016,-13960,-141450000,10.1(3.06 %),0,0,13960,141450000,24594851,28.01
07/11/2016,0,0,10.25(1.49 %),0,0,0,0,24594851,28.01
08/11/2016,-48000,-484800000,10(-2.44 %),0,0,48000,484800000,24638351,28.01
09/11/2016,0,0,10(0.00 %),0,0,0,0,24652311,28.0
10/11/2016,-60350,-604010000,10(0.00 %),19450,194500000,79800,798510000,24632861,28.01
11/11/2016,-98250,-984480000,10(0.00 %),0,0,98250,984480000,24680861,28.0
14/11/2016,-20010,-200100000,10(0.00 %),0,0,20010,200100000,24680861,28.0
15/11/2016,0,0,9.9(-1.00 %),0,0,0,0,24760660,28.0
16/11/2016,0,0,9.8(-1.01 %),0,0,0,0,24858910,27.99
17/11/2016,0,0,9.8(0.00 %),0,0,0,0,24878920,27.99
18/11/2016,0,0,9.6(-2.04 %),0,0,0,0,24878920,27.99
21/11/2016,0,0,9.65(0.52 %),0,0,0,0,24878920,27.99
22/11/2016,0,0,9.68(0.31 %),0,0,0,0,24878920,27.99
23/11/2016,0,0,9.68(0.00 %),0,0,0,0,24878920,27.99
24/11/2016,0,0,9.69(0.10 %),0,0,0,0,24878920,27.99
25/11/2016,0,0,9.68(-0.10 %),0,0,0,0,24878920,27.99
28/11/2016,0,0,9.6(-0.83 %),0,0,0,0,24878920,27.99
29/11/2016,4000,38400000,9.5(-1.04 %),4000,38400000,0,0,24874920,27.99
30/11/2016,0,0,9.45(-0.53 %),0,0,0,0,24874920,27.99
01/12/2016,0,0,9.3(-1.59 %),0,0,0,0,24874920,27.99
02/12/2016,0,0,9.3(0.00 %),0,0,0,0,24874920,27.99
05/12/2016,0,0,8.9(-4.30 %),0,0,0,0,24874920,27.99
06/12/2016,0,0,8.8(-1.12 %),0,0,0,0,24874920,27.99
07/12/2016,-55000,-517550000,9.41(6.93 %),0,0,55000,517550000,24874920,27.99
08/12/2016,207610,1949860000,9.5(0.96 %),257610,2424860000,50000,475000000,24617310,28.01
09/12/2016,-42540,-414980000,9.8(3.16 %),158460,1541990000,201000,1956970000,24458850,28.02
12/12/2016,66540,657220000,10(2.04 %),166250,1648370000,99710,991150000,24347600,28.03
13/12/2016,26030,256560000,10(0.00 %),131030,1307810000,105000,1051250000,24266570,28.04
14/12/2016,-2980,-32730000,9.85(-1.50 %),149000,1508960000,151980,1541690000,24318570,28.03
15/12/2016,-54310,-515020000,9.3(-5.58 %),10000,97000000,64310,612020000,24408280,28.02
16/12/2016,0,0,9.6(3.23 %),0,0,0,0,24729570,28.0
19/12/2016,0,0,9.6(0.00 %),0,0,0,0,24665260,28.0
20/12/2016,0,0,9.4(-2.08 %),0,0,0,0,24729570,28.0
21/12/2016,0,0,9.6(2.13 %),0,0,0,0,24729570,28.0
22/12/2016,0,0,9.6(0.00 %),0,0,0,0,24729570,28.0
23/12/2016,0,0,9.6(0.00 %),0,0,0,0,24729570,28.0
26/12/2016,0,0,9.2(-4.17 %),0,0,0,0,24729570,28.0
27/12/2016,0,0,9.5(3.26 %),0,0,0,0,24729570,28.0
28/12/2016,-13000,-122650000,9.5(0.00 %),0,0,13000,122650000,24729570,28.0
29/12/2016,-12000,-115070000,9.6(1.05 %),0,0,12000,115070000,24729570,28.0
30/12/2016,-25000,-228030000,9(-6.25 %),0,0,25000,228030000,24729570,28.0
03/01/2017,0,0,9.45(5.00 %),0,0,0,0,24742570,28.0
04/01/2017,-12640,-120150000,9.85(4.23 %),1500,14100000,14140,134250000,24753070,28.0
05/01/2017,0,0,9.55(-3.05 %),0,0,0,0,24778070,27.99
06/01/2017,-27880,-267020000,9.75(2.09 %),0,0,27880,267020000,24778070,27.99
09/01/2017,0,0,9.73(-0.21 %),0,0,0,0,24792210,27.99
10/01/2017,0,0,9.6(-1.34 %),0,0,0,0,24792210,27.99
11/01/2017,0,0,9.6(0.00 %),0,0,0,0,24820090,27.99
12/01/2017,0,0,9.6(0.00 %),0,0,0,0,24820090,27.99
13/01/2017,0,0,9.6(0.00 %),0,0,0,0,24820090,27.99
16/01/2017,-980,-9030000,9.6(0.00 %),1000,9600000,1980,18630000,24819090,27.99
17/01/2017,-5020,-47690000,9.46(-1.46 %),0,0,5020,47690000,24819090,27.99
18/01/2017,0,0,9.55(0.95 %),0,0,0,0,24819090,27.99
19/01/2017,0,0,9.55(0.00 %),0,0,0,0,24821070,27.99
20/01/2017,0,0,9.59(0.42 %),0,0,0,0,24826090,27.99
23/01/2017,-8970,-85700000,9.47(-1.25 %),0,0,8970,85700000,24826090,27.99
24/01/2017,-23040,-218750000,9.58(1.16 %),0,0,23040,218750000,24826090,27.99
25/01/2017,-5390,-51640000,9.58(0.00 %),650,6220000,6040,57860000,24825440,27.99
02/02/2017,-34920,-353740000,10.25(6.99 %),1210,11650000,36130,365390000,24833200,27.99
03/02/2017,1130,11970000,10.9(6.34 %),1140,12080000,10,110000,24855100,27.99
06/02/2017,0,0,10.8(-0.92 %),0,0,0,0,24861140,27.99
07/02/2017,-28050,-294310000,10.8(0.00 %),3000,31100000,31050,325410000,24894270,27.99
08/02/2017,-2590,-28280000,10.8(0.00 %),1550,16430000,4140,44710000,24892730,27.99
09/02/2017,0,0,10.6(-1.85 %),0,0,0,0,24892730,27.99
10/02/2017,-20,-210000,10.5(-0.94 %),0,0,20,210000,24923780,27.98
13/02/2017,2100,22380000,10.65(1.43 %),2100,22380000,0,0,24925820,27.98
14/02/2017,2000,21300000,10.7(0.47 %),2000,21300000,0,0,24923820,27.98
15/02/2017,24050,254930000,10.55(-1.40 %),24050,254930000,0,0,24899790,27.98
16/02/2017,15520,161760000,9.82(-6.92 %),15520,161760000,0,0,24884270,27.99
17/02/2017,10400,106700000,10.3(4.89 %),13200,135960000,2800,29260000,24871070,27.99
20/02/2017,5277710,54626450000,10.75(4.37 %),5277710,54626450000,0,0,19593360,28.41
21/02/2017,3030,32570000,10.95(1.86 %),3030,32570000,0,0,19590330,28.41
22/02/2017,4500,48600000,10.8(-1.37 %),4500,48600000,0,0,19588630,28.41
23/02/2017,0,0,10.7(-0.93 %),0,0,0,0,19588630,28.41
24/02/2017,0,0,10.6(-0.93 %),0,0,0,0,19588630,28.41
27/02/2017,1200,12600000,10.5(-0.94 %),1200,12600000,0,0,19583430,28.41
28/02/2017,1000,10500000,10.65(1.43 %),1000,10500000,0,0,19586430,28.41
01/03/2017,-26120,-280890000,10.8(1.41 %),3000,31500000,29120,312390000,19583430,28.41
02/03/2017,-12670,-138100000,10.9(0.93 %),0,0,12670,138100000,19583430,28.41
03/03/2017,1030,10970000,10.9(0.00 %),1030,10970000,0,0,19582400,28.42
06/03/2017,-2998000,-32677750000,10.85(-0.46 %),2000,21750000,3000000,32699500000,19609520,28.41
07/03/2017,90,930000,10.65(-1.84 %),500,5300000,410,4370000,19621690,28.41
08/03/2017,400,4220000,10.9(2.35 %),400,4220000,0,0,19621290,28.41
09/03/2017,-2800,-29680000,10.8(-0.92 %),0,0,2800,29680000,22621290,28.17
10/03/2017,0,0,10.9(0.93 %),0,0,0,0,22621700,28.17
13/03/2017,-510,-5460000,10.85(-0.46 %),0,0,510,5460000,22621700,28.17
14/03/2017,-1000,-10850000,10.85(0.00 %),0,0,1000,10850000,22624500,28.17
15/03/2017,1510,16310000,10.85(0.00 %),1510,16310000,0,0,22622990,28.17
16/03/2017,0,0,10.9(0.46 %),0,0,0,0,22623500,28.17
17/03/2017,0,0,10.9(0.00 %),0,0,0,0,22623500,28.17
20/03/2017,-10000,-111000000,11.4(4.59 %),0,0,10000,111000000,22623500,28.17
21/03/2017,13649950,163799420000,11.8(3.51 %),13650000,163800000000,50,580000,22623500,28.17
22/03/2017,-12900,-152220000,12.2(3.39 %),0,0,12900,152220000,22623500,28.17
23/03/2017,-69630,-838030000,12.3(0.82 %),0,0,69630,838030000,22623500,28.17
24/03/2017,-14900,-180870000,11.8(-4.07 %),0,0,14900,180870000,22623500,28.17
27/03/2017,0,0,11.9(0.85 %),0,0,0,0,22623500,28.17
28/03/2017,-210,-2520000,11.95(0.42 %),0,0,210,2520000,22623500,28.17
29/03/2017,210,2490000,11.8(-1.26 %),210,2490000,0,0,22623500,28.17
30/03/2017,0,0,11.8(0.00 %),0,0,0,0,22623500,28.17
31/03/2017,0,0,11.65(-1.27 %),0,0,0,0,22623500,28.17
03/04/2017,-3000,-35400000,11.85(1.72 %),0,0,3000,35400000,9081980,29.26
04/04/2017,-900,-10800000,11.8(-0.42 %),100,1200000,1000,12000000,9081880,29.26
05/04/2017,870,9920000,11.8(0.00 %),870,9920000,0,0,9081010,29.27
07/04/2017,12100,144250000,12.2(3.39 %),20600,244550000,8500,100300000,9063410,29.27
10/04/2017,10500,125800000,11.95(-2.05 %),12500,150000000,2000,24200000,9051910,29.27
11/04/2017,0,0,11.85(-0.84 %),0,0,0,0,9051910,29.27
12/04/2017,0,0,11.65(-1.69 %),0,0,0,0,9060410,29.27
13/04/2017,0,0,11.65(0.00 %),0,0,0,0,9062410,29.27
14/04/2017,2000,22800000,11.45(-1.72 %),2000,22800000,0,0,9060410,29.27
17/04/2017,85490,944340000,11.4(-0.44 %),85500,944450000,10,110000,8974910,29.27
18/04/2017,46000,507550000,11.4(0.00 %),46000,507550000,0,0,8928910,29.28
19/04/2017,20000,213000000,11(-3.51 %),20000,213000000,0,0,8908910,29.28
20/04/2017,0,0,11.2(1.82 %),0,0,0,0,8908920,29.28
21/04/2017,0,0,10.95(-2.23 %),0,0,0,0,8908920,29.28
24/04/2017,-50000,-585000000,11.7(6.85 %),0,0,50000,585000000,8908920,29.28
25/04/2017,0,0,11.5(-1.71 %),0,0,0,0,8908920,29.28
26/04/2017,49500,551130000,11.1(-3.48 %),49500,551130000,0,0,8859420,29.28
27/04/2017,30000,336500000,11.4(2.70 %),30000,336500000,0,0,8879420,29.28
28/04/2017,0,0,11.2(-1.75 %),0,0,0,0,8879420,29.28
03/05/2017,-24100,-268600000,11.15(-0.45 %),600,6660000,24700,275260000,8878820,29.28
04/05/2017,-9640,-106420000,11.35(1.79 %),24370,274640000,34010,381060000,8854450,29.28
05/05/2017,560,6270000,11.1(-2.20 %),560,6270000,0,0,8853890,29.28
08/05/2017,50000,565000000,11.1(0.00 %),50000,565000000,0,0,8828590,29.29
09/05/2017,0,0,11.2(0.90 %),0,0,0,0,8862600,29.28
10/05/2017,69000,780500000,11.25(0.45 %),69000,780500000,0,0,8793600,29.29
11/05/2017,0,0,11.2(-0.44 %),0,0,0,0,8793600,29.29
12/05/2017,0,0,11.2(0.00 %),0,0,0,0,8793600,29.29
15/05/2017,0,0,11.15(-0.45 %),0,0,0,0,8793600,29.29
16/05/2017,8000,88800000,11(-1.35 %),8000,88800000,0,0,8785600,29.29
17/05/2017,0,0,11(0.00 %),0,0,0,0,8785600,29.29
18/05/2017,0,0,11.1(0.91 %),0,0,0,0,8785600,29.29
19/05/2017,300,3300000,11.1(0.00 %),300,3300000,0,0,8785300,29.29
22/05/2017,0,0,11.45(3.15 %),0,0,0,0,8785300,29.29
23/05/2017,0,0,11.3(-1.31 %),0,0,0,0,8785300,29.29
24/05/2017,130700,1493240000,11.45(1.33 %),130700,1493240000,0,0,8654600,29.3
25/05/2017,4410,50150000,11.5(0.44 %),4410,50150000,0,0,8650190,29.3
26/05/2017,204780,2376140000,11.7(1.74 %),229770,2663080000,24990,286940000,8420420,29.32
29/05/2017,49000,573200000,11.75(0.43 %),50000,585000000,1000,11800000,8370420,29.32
30/05/2017,-5000,-59500000,11.8(0.43 %),0,0,5000,59500000,8370420,29.32
31/05/2017,-18420,-215810000,11.9(0.85 %),0,0,18420,215810000,8395410,29.32
01/06/2017,0,0,11.8(-0.84 %),0,0,0,0,8396410,29.32
02/06/2017,13900,162430000,11.6(-1.69 %),13900,162430000,0,0,8387510,29.32
05/06/2017,200,2300000,11.6(0.00 %),200,2300000,0,0,8405730,29.32
06/06/2017,-1700,-19890000,11.9(2.59 %),0,0,1700,19890000,8405730,29.32
07/06/2017,200,2390000,12(0.84 %),200,2390000,0,0,8405530,29.32
08/06/2017,20,240000,11.8(-1.67 %),20,240000,0,0,8405510,29.32
09/06/2017,0,0,12.3(4.24 %),0,0,0,0,8407210,29.32
12/06/2017,34500,424330000,12.25(-0.41 %),36620,450190000,2120,25860000,8370590,29.32
13/06/2017,20290,248700000,12.35(0.82 %),24490,299810000,4200,51110000,8346100,29.32
14/06/2017,2000,24450000,12.15(-1.62 %),2000,24450000,0,0,8344100,29.32
15/06/2017,56040,682990000,12.15(0.00 %),56040,682990000,0,0,8290180,29.33
16/06/2017,1930,23290000,12.2(0.41 %),1930,23290000,0,0,8292450,29.33
19/06/2017,10,120000,12.3(0.82 %),10,120000,0,0,8292440,29.33
20/06/2017,39900,494250000,13.1(6.50 %),40000,495500000,100,1250000,8252440,29.33
21/06/2017,22880,310520000,13.4(2.29 %),23030,312560000,150,2040000,8229410,29.33
22/06/2017,-3080,-40840000,13.1(-2.24 %),1920,25660000,5000,66500000,8227490,29.33
23/06/2017,350,4490000,12.85(-1.91 %),350,4490000,0,0,8227240,29.33
26/06/2017,51000,652790000,12.7(-1.17 %),51000,652790000,0,0,8176390,29.34
27/06/2017,200,2550000,12.7(0.00 %),200,2550000,0,0,8181090,29.34
28/06/2017,100,1260000,12.6(-0.79 %),100,1260000,0,0,8181090,29.34
29/06/2017,120200,1513110000,12.6(0.00 %),120200,1513110000,0,0,8060890,29.35
30/06/2017,5350,66140000,12.9(2.38 %),8250,102730000,2900,36590000,8052640,29.35
03/07/2017,-650,-8420000,12.8(-0.78 %),750,9640000,1400,18060000,8051890,29.35
04/07/2017,-7270,-92590000,12.7(-0.78 %),3400,43590000,10670,136180000,8048490,29.35
05/07/2017,73100,927670000,12.9(1.57 %),73100,927670000,0,0,7978290,29.35
06/07/2017,450,5830000,12.9(0.00 %),450,5830000,0,0,7979240,29.35
07/07/2017,1150,14900000,13(0.78 %),1150,14900000,0,0,7988760,29.35
10/07/2017,600,7680000,12.9(-0.77 %),600,7680000,0,0,7858070,29.36
11/07/2017,130090,1674830000,12.7(-1.55 %),130090,1674830000,0,0,7858070,29.36
12/07/2017,128650,1666660000,13(2.36 %),128650,1666660000,0,0,7729420,29.37
13/07/2017,2700,34780000,12.85(-1.15 %),2700,34780000,0,0,7726720,29.37
14/07/2017,4300,55030000,12.85(0.00 %),4300,55030000,0,0,7722420,29.37
17/07/2017,68150,842580000,12(-6.61 %),68150,842580000,0,0,7654270,29.38
18/07/2017,1200,14290000,12(0.00 %),1200,14290000,0,0,7653070,29.38
19/07/2017,113900,1366800000,11.2(-6.67 %),113900,1366800000,0,0,7539170,29.39
20/07/2017,700,8040000,11.45(2.23 %),700,8040000,0,0,7538470,29.39
21/07/2017,160,1860000,11.65(1.75 %),160,1860000,0,0,7538310,29.39
24/07/2017,77100,897300000,11.7(0.43 %),132100,1538800000,55000,641500000,7406210,29.4
25/07/2017,-39000,-454400000,11.8(0.85 %),1000,11600000,40000,466000000,7405210,29.4
26/07/2017,0,0,12.15(2.97 %),0,0,0,0,7453200,29.4
27/07/2017,7010,85490000,11.9(-2.06 %),7010,85490000,0,0,7453200,29.4
28/07/2017,800,9630000,12.15(2.10 %),800,9630000,0,0,7492400,29.39
31/07/2017,53000,637200000,11.6(-4.53 %),53000,637200000,0,0,7439400,29.4
01/08/2017,28500,333800000,11.7(0.86 %),28500,333800000,0,0,7410900,29.4
02/08/2017,207680,2457960000,12.5(6.84 %),270100,3238210000,62420,780250000,7140800,29.42
03/08/2017,81870,1051740000,13.1(4.80 %),81970,1053020000,100,1280000,7058830,29.43
04/08/2017,152500,1979620000,13(-0.76 %),152500,1979620000,0,0,6906330,29.44
07/08/2017,347500,4475580000,12.9(-0.77 %),347500,4475580000,0,0,6621250,29.46
08/08/2017,8200,105020000,12.65(-1.94 %),8200,105020000,0,0,6613150,29.46
09/08/2017,4580,57180000,12.55(-0.79 %),5000,62450000,420,5270000,6608150,29.47
10/08/2017,2100,26410000,12.5(-0.40 %),2100,26410000,0,0,6606050,29.47
11/08/2017,4400,54460000,12.45(-0.40 %),4400,54460000,0,0,6601650,29.47
14/08/2017,12000,149310000,12.2(-2.01 %),12000,149310000,0,0,6590070,29.47
15/08/2017,136060,1658390000,12.1(-0.82 %),144060,1757590000,8000,99200000,6446010,29.48
16/08/2017,118500,1445410000,12.1(0.00 %),125000,1524810000,6500,79400000,6321010,29.49
17/08/2017,312300,3552750000,11.3(-6.61 %),312300,3552750000,0,0,6008710,29.51
18/08/2017,15500,183570000,12.05(6.64 %),15500,183570000,0,0,6001210,29.51
21/08/2017,167720,2044320000,12.3(2.07 %),167720,2044320000,0,0,5839990,29.53
22/08/2017,8750,105060000,12(-2.44 %),8750,105060000,0,0,5831240,29.53
23/08/2017,1200,14430000,11.8(-1.67 %),3200,38130000,2000,23700000,5828040,29.53
24/08/2017,1500,17800000,11.95(1.27 %),1500,17800000,0,0,5826540,29.53
25/08/2017,3810,45390000,12(0.42 %),3810,45390000,0,0,5822730,29.53
28/08/2017,55030,659410000,12.05(0.42 %),55030,659410000,0,0,5769700,29.53
29/08/2017,0,0,12.2(1.24 %),0,0,0,0,5769700,29.53
30/08/2017,1200,14440000,12.15(-0.41 %),1200,14440000,0,0,5768500,29.53
31/08/2017,10,120000,12.15(0.00 %),10,120000,0,0,5768490,29.53
01/09/2017,182750,2217830000,12.15(0.00 %),182750,2217830000,0,0,5585740,29.55
05/09/2017,233570,2834480000,12.1(-0.41 %),233570,2834480000,0,0,5352170,29.57
06/09/2017,37380,450980000,12.15(0.41 %),37380,450980000,0,0,5314790,29.57
07/09/2017,184730,2241110000,12.15(0.00 %),184730,2241110000,0,0,5130060,29.58
08/09/2017,69160,834480000,12.1(-0.41 %),75000,905150000,5840,70670000,5055060,29.59
11/09/2017,55290,663340000,12.05(-0.41 %),65980,791090000,10690,127750000,4989080,29.6
12/09/2017,715020,8789620000,12.2(1.24 %),715020,8789620000,0,0,4274060,29.65
13/09/2017,379300,4715780000,12.5(2.46 %),379300,4715780000,0,0,3900600,29.68
14/09/2017,436500,5478620000,12.5(0.00 %),436500,5478620000,0,0,3474790,29.72
15/09/2017,382200,4868840000,12.8(2.40 %),385000,4904400000,2800,35560000,3089790,29.75
18/09/2017,246250,3171680000,12.8(0.00 %),246250,3171680000,0,0,2843540,29.77
19/09/2017,120,1520000,12.6(-1.56 %),120,1520000,0,0,2843420,29.77
20/09/2017,0,0,12.35(-1.98 %),0,0,0,0,2846220,29.77
21/09/2017,0,0,12.4(0.40 %),0,0,0,0,2846220,29.77
22/09/2017,0,0,12.4(0.00 %),0,0,0,0,2846220,29.77
25/09/2017,0,0,12.45(0.40 %),0,0,0,0,2846220,29.77
26/09/2017,510,6320000,12.4(-0.40 %),510,6320000,0,0,2845710,29.77
27/09/2017,24600,305840000,12.4(0.00 %),24600,305840000,0,0,2821110,29.77
28/09/2017,21870,270650000,12.3(-0.81 %),24000,297060000,2130,26410000,2797110,29.77
29/09/2017,0,0,12.5(1.63 %),0,0,0,0,2797110,29.77
02/10/2017,0,0,12.3(-1.60 %),0,0,0,0,2797110,29.77
03/10/2017,350,4250000,12.2(-0.81 %),350,4250000,0,0,2798890,29.77
04/10/2017,0,0,12.2(0.00 %),0,0,0,0,2798890,29.77
05/10/2017,0,0,12(-1.64 %),0,0,0,0,2798822,29.77
06/10/2017,-30000,-356020000,11.9(-0.83 %),0,0,30000,356020000,2798822,29.77
09/10/2017,0,0,12(0.84 %),0,0,0,0,2798822,29.77
10/10/2017,500,5880000,11.8(-1.67 %),500,5880000,0,0,2798322,29.77
11/10/2017,2000,23800000,12(1.69 %),2000,23800000,0,0,2826322,29.77
12/10/2017,0,0,11.95(-0.42 %),0,0,0,0,2826322,29.77
13/10/2017,0,0,11.75(-1.67 %),0,0,0,0,2826322,29.77
16/10/2017,-100200,-1149660000,11.3(-3.83 %),0,0,100200,1149660000,2826322,29.77
17/10/2017,-94700,-1105080000,11.5(1.77 %),5300,61970000,100000,1167050000,2821026,29.77
18/10/2017,-9420,-107730000,11.55(0.43 %),90580,1053000000,100000,1160730000,2730446,29.78
19/10/2017,1400,16210000,11.65(0.87 %),2700,31290000,1300,15080000,2827946,29.77
20/10/2017,1600,18420000,11.5(-1.29 %),1600,18420000,0,0,2926346,29.76
23/10/2017,500,5740000,11.45(-0.43 %),500,5740000,0,0,3025844,29.76
24/10/2017,98140,1135910000,11.55(0.87 %),100400,1161900000,2260,25990000,2926744,29.76
25/10/2017,-1800,-20690000,11.5(-0.43 %),200,2310000,2000,23000000,2926544,29.76
26/10/2017,-1970,-22340000,11.4(-0.87 %),100,1150000,2070,23490000,2926444,29.76
27/10/2017,200,2270000,11.4(0.00 %),200,2270000,0,0,2928504,29.76
30/10/2017,-5120,-57330000,11.15(-2.19 %),250,2810000,5370,60140000,2930254,29.76
31/10/2017,-1350,-15090000,11.4(2.24 %),650,7310000,2000,22400000,2931674,29.76
01/11/2017,-3710,-41720000,11.15(-2.19 %),290,3280000,4000,45000000,2931384,29.76
02/11/2017,210,2350000,11.1(-0.45 %),210,2350000,0,0,2936544,29.76
03/11/2017,32780,364860000,11.3(1.80 %),32780,364860000,0,0,2905764,29.76
06/11/2017,1000,11300000,11.4(0.88 %),1000,11300000,0,0,2908764,29.76
07/11/2017,41600,474240000,11.4(0.00 %),43600,497040000,2000,22800000,2865164,29.77
08/11/2017,5000,56880000,11.3(-0.88 %),5000,56880000,0,0,2860164,29.77
09/11/2017,-600,-6670000,11.15(-1.33 %),900,10130000,1500,16800000,2859264,29.77
10/11/2017,6050,67890000,11.3(1.35 %),6550,73470000,500,5580000,2854714,29.77
13/11/2017,-3700,-41040000,11.15(-1.33 %),3300,36660000,7000,77700000,2851414,29.77
14/11/2017,25700,284980000,11(-1.35 %),25700,284980000,0,0,2827214,29.77
15/11/2017,10000,113570000,11.25(2.27 %),17000,190570000,7000,77000000,2810714,29.77
16/11/2017,25290,290570000,11.7(4.00 %),32290,368970000,7000,78400000,2785424,29.77
17/11/2017,14490,167930000,11.6(-0.85 %),21490,248530000,7000,80600000,2763934,29.78
20/11/2017,25520,295570000,11.6(0.00 %),25520,295570000,0,0,2745414,29.78
21/11/2017,543930,6460880000,11.9(2.59 %),543930,6460880000,0,0,2208484,29.82
22/11/2017,531430,6564700000,12.45(4.62 %),531430,6564700000,0,0,1684054,29.86
23/11/2017,294000,3710840000,12.55(0.80 %),294000,3710840000,0,0,1390054,29.89
24/11/2017,529510,6602910000,12.45(-0.80 %),529510,6602910000,0,0,860544,29.93
27/11/2017,860540,10787770000,12.55(0.80 %),860540,10787770000,0,0,4,30.0
28/11/2017,-1040,-13050000,12.35(-1.59 %),0,0,1040,13050000,4,30.0
29/11/2017,-31480,-392900000,12.45(0.81 %),0,0,31480,392900000,4,30.0
30/11/2017,-3900,-48560000,12.45(0.00 %),0,0,3900,48560000,4,30.0
01/12/2017,940,11750000,12.45(0.00 %),1040,13000000,100,1250000,4,30.0
04/12/2017,-701510,-8677900000,12.25(-1.61 %),31280,389140000,732790,9067040000,204,30.0
05/12/2017,4100,50640000,12.45(1.63 %),4100,50640000,0,0,4,30.0
06/12/2017,-9900,-123750000,12.55(0.80 %),100,1250000,10000,125000000,4,30.0
07/12/2017,7500,98230000,13(3.59 %),8500,111580000,1000,13350000,724294,29.94
08/12/2017,14690,190370000,12.8(-1.54 %),14690,190370000,0,0,709604,29.94
11/12/2017,26000,330800000,12.25(-4.30 %),26000,330800000,0,0,693604,29.94
12/12/2017,15460,189600000,12.45(1.63 %),17830,218160000,2370,28560000,676774,29.95
13/12/2017,2650,32840000,12.35(-0.80 %),4180,51660000,1530,18820000,672594,29.95
14/12/2017,1460,17720000,12.35(0.00 %),3000,36450000,1540,18730000,669594,29.95
15/12/2017,2600,32060000,12.55(1.62 %),2600,32060000,0,0,669364,29.95
18/12/2017,-1410,-17250000,12.3(-1.99 %),2080,25950000,3490,43200000,668814,29.95
19/12/2017,4500,55150000,12.3(0.00 %),4500,55150000,0,0,665854,29.95
20/12/2017,664500,8243660000,12.4(0.81 %),665000,8249760000,500,6100000,854,30.0
21/12/2017,4340,53820000,12.4(0.00 %),4340,53820000,0,0,4,30.0
22/12/2017,0,0,12.4(0.00 %),0,0,0,0,4,30.0
25/12/2017,500,6200000,12.25(-1.21 %),500,6200000,0,0,4,30.0
26/12/2017,-800,-9840000,12.2(-0.41 %),0,0,800,9840000,4,30.0
27/12/2017,0,0,12.2(0.00 %),0,0,0,0,4,30.0
28/12/2017,-3000,-37680000,12.55(2.87 %),0,0,3000,37680000,4,30.0
29/12/2017,800,10050000,12.65(0.80 %),800,10050000,0,0,4,30.0
02/01/2018,0,0,12.65(0.00 %),0,0,0,0,4,30.0
03/01/2018,-49840,-633760000,12.9(1.98 %),3000,38100000,52840,671860000,4,30.0
04/01/2018,-8100,-106920000,12.1(-6.20 %),0,0,8100,106920000,4,30.0
05/01/2018,0,0,12.9(6.61 %),0,0,0,0,4,30.0
08/01/2018,51600,696520000,13.8(6.98 %),51600,696520000,0,0,1244,30.0
09/01/2018,5540,79500000,14.3(3.62 %),9340,133560000,3800,54060000,4,30.0
10/01/2018,-1300,-18720000,14.9(4.20 %),0,0,1300,18720000,4,30.0
11/01/2018,-3000,-44500000,15(0.67 %),0,0,3000,44500000,4,30.0
12/01/2018,300,5020000,14.65(-2.33 %),3800,57000000,3500,51980000,4,30.0
15/01/2018,1300,18980000,14.65(0.00 %),1300,18980000,0,0,4,30.0
16/01/2018,100,1470000,14.65(0.00 %),100,1470000,0,0,2904,30.0
17/01/2018,1350,19790000,14(-4.44 %),1550,22610000,200,2820000,4854,30.0
18/01/2018,-400,-5700000,14.8(5.71 %),1100,15450000,1500,21150000,3754,30.0
19/01/2018,1790,27460000,15.2(2.70 %),3690,56150000,1900,28690000,64,30.0
22/01/2018,-39000,-596050000,15.3(0.66 %),100,1520000,39100,597570000,164,30.0
25/01/2018,37400,574630000,15.45(0.98 %),39500,606880000,2100,32250000,3164,30.0
26/01/2018,-2400,-37080000,15.65(1.29 %),2600,40570000,5000,77650000,564,30.0
29/01/2018,-51150,-808760000,16.1(2.88 %),500,8200000,51650,816960000,64,30.0
30/01/2018,-41500,-677680000,16.2(0.62 %),100,1620000,41600,679300000,2064,30.0
31/01/2018,-161450,-2596400000,15.5(-4.32 %),1250,20170000,162700,2616570000,5814,30.0
01/02/2018,53010,818850000,15.5(0.00 %),57460,887160000,4450,68310000,4,30.0
02/02/2018,8080,123730000,15.6(0.65 %),20080,309730000,12000,186000000,21524,30.0
05/02/2018,-1470,-22320000,14.55(-6.73 %),250,3770000,1720,26090000,183974,29.99
06/02/2018,-16030,-217960000,14.6(0.34 %),1410,19240000,17440,237200000,187014,29.98
07/02/2018,8390,125210000,15.15(3.77 %),11660,173960000,3270,48750000,187354,29.98
08/02/2018,51050,752860000,14.45(-4.62 %),51050,752860000,0,0,138024,29.99
09/02/2018,3350,48120000,14.7(1.73 %),3500,50230000,150,2110000,151964,29.99
12/02/2018,-2520,-37180000,15(2.04 %),0,0,2520,37180000,155234,29.99
13/02/2018,-40,-650000,16(6.67 %),10,150000,50,800000,155224,29.99
21/02/2018,149460,2385210000,16.05(0.31 %),155370,2479770000,5910,94560000,4,30.0
22/02/2018,-9150,-151860000,16.2(0.93 %),2520,40700000,11670,192560000,4,30.0
23/02/2018,-7250,-114540000,15.8(-2.47 %),50,800000,7300,115340000,4,30.0
26/02/2018,5860,92810000,15.35(-2.85 %),5910,93590000,50,780000,4,30.0
27/02/2018,11670,180890000,15.7(2.28 %),11670,180890000,0,0,4,30.0
28/02/2018,-1490,-23090000,15.5(-1.27 %),6570,101840000,8060,124930000,2,30.0
01/03/2018,20,310000,15.3(-1.29 %),20,310000,0,0,32,30.0
02/03/2018,-480,-7300000,15.05(-1.63 %),0,0,480,7300000,32,30.0
05/03/2018,8090,121750000,14.55(-3.32 %),8090,121750000,0,0,2,30.0
06/03/2018,0,0,14.8(1.72 %),0,0,0,0,2,30.0
07/03/2018,280,4040000,14.25(-3.72 %),480,7020000,200,2980000,2,30.0
08/03/2018,0,0,14.25(0.00 %),0,0,0,0,2,30.0
09/03/2018,0,0,14.25(0.00 %),0,0,0,0,2,30.0
12/03/2018,-27630,-397170000,15.2(6.67 %),200,2850000,27830,400020000,2,30.0
13/03/2018,-70080,-1044510000,15(-1.32 %),0,0,70080,1044510000,2,30.0
14/03/2018,-3000,-44550000,15(0.00 %),0,0,3000,44550000,2,30.0
15/03/2018,7080,106270000,15(0.00 %),7330,110020000,250,3750000,20502,30.0
16/03/2018,30580,448670000,15(0.00 %),90580,1354170000,60000,905500000,2,30.0
19/03/2018,-68000,-1011100000,14.7(-2.00 %),3000,44800000,71000,1055900000,2,30.0
20/03/2018,-49750,-723420000,14.5(-1.36 %),250,3630000,50000,727050000,2,30.0
21/03/2018,60000,885000000,14.5(0.00 %),1550540,22721410000,1490540,21836410000,2,30.0
22/03/2018,70600,1041430000,14.8(2.07 %),71000,1047250000,400,5820000,2,30.0
23/03/2018,50000,725000000,14.75(-0.34 %),50000,725000000,0,0,2,30.0
26/03/2018,-11000,-156200000,14.1(-4.41 %),0,0,11000,156200000,2,30.0
27/03/2018,-330,-4770000,14(-0.71 %),400,5520000,730,10290000,2,30.0
28/03/2018,-1000,-13900000,13.9(-0.71 %),0,0,1000,13900000,2,30.0
29/03/2018,11000,154000000,14(0.72 %),11000,154000000,0,0,2,30.0
30/03/2018,40,560000,14(0.00 %),40,560000,0,0,692,30.0
02/04/2018,1440,20160000,13.9(-0.71 %),1440,20160000,0,0,252,30.0
03/04/2018,-11000,-155500000,14.5(4.32 %),612200,8693240000,623200,8848740000,252,30.0
04/04/2018,-25000,-367750000,14.7(1.38 %),0,0,25000,367750000,252,30.0
05/04/2018,-20190,-296640000,14.7(0.00 %),0,0,20190,296640000,252,30.0
06/04/2018,-21900,-325260000,14.95(1.70 %),100,1490000,22000,326750000,11152,30.0
09/04/2018,100,1480000,14.8(-1.00 %),100,1480000,0,0,36052,30.0
10/04/2018,660,9690000,14.7(-0.68 %),1660,24490000,1000,14800000,54582,30.0
11/04/2018,12000,176400000,14.6(-0.68 %),15000,220500000,3000,44100000,61582,30.0
12/04/2018,0,0,14.75(1.03 %),0,0,0,0,61582,30.0
13/04/2018,-51910,-767090000,14.85(0.68 %),15090,224090000,67000,991180000,47492,30.0
16/04/2018,0,0,15.1(1.68 %),0,0,0,0,50492,30.0
17/04/2018,46800,726070000,15.8(4.64 %),50300,779650000,3500,53580000,192,30.0
18/04/2018,-7850,-127470000,16.45(4.11 %),0,0,7850,127470000,67192,29.99
19/04/2018,40,820000,15.9(-3.34 %),11040,176720000,11000,175900000,56152,30.0
20/04/2018,47490,737400000,16.2(1.89 %),50490,785100000,3000,47700000,9162,30.0
23/04/2018,15920,246960000,15.2(-6.17 %),17010,264510000,1090,17550000,2,30.0
24/04/2018,-24970,-371200000,15.1(-0.66 %),11000,168300000,35970,539500000,2,30.0
26/04/2018,-2000,-29400000,14.55(-3.64 %),3000,44100000,5000,73500000,2,30.0
27/04/2018,-13910,-205050000,15.1(3.78 %),5399090,79706530000,5413000,79911580000,2,30.0
02/05/2018,25100,385560000,14.85(-1.66 %),35970,550240000,10870,164680000,2,30.0
03/05/2018,-41140,-609150000,15(1.01 %),0,0,41140,609150000,5002,30.0
04/05/2018,0,0,15(0.00 %),0,0,0,0,20002,30.0
07/05/2018,0,0,15.4(2.67 %),0,0,0,0,30872,30.0
08/05/2018,1000,15180000,15.4(0.00 %),1000,15180000,0,0,71012,29.99
09/05/2018,3090,47590000,15.4(0.00 %),3090,47590000,0,0,67922,29.99
10/05/2018,70,1080000,14.85(-3.57 %),70,1080000,0,0,67852,29.99
11/05/2018,1200,18180000,15.15(2.02 %),1200,18180000,0,0,66652,29.99
14/05/2018,0,0,15.15(0.00 %),0,0,0,0,66652,29.99
15/05/2018,0,0,15.05(-0.66 %),0,0,0,0,66652,29.99
16/05/2018,0,0,15(-0.33 %),0,0,0,0,66652,29.99
17/05/2018,0,0,14.7(-2.00 %),0,0,0,0,66652,29.99
18/05/2018,-10000,-149000000,14.75(0.34 %),0,0,10000,149000000,66652,29.99
21/05/2018,20790,306600000,14.75(0.00 %),20990,309600000,200,3000000,45662,30.0
22/05/2018,2500,37000000,14.5(-1.69 %),2500,37000000,0,0,43162,30.0
23/05/2018,-9970,-145560000,14.6(0.69 %),30,440000,10000,146000000,53132,30.0
24/05/2018,0,0,14.8(1.37 %),0,0,0,0,53332,30.0
25/05/2018,0,0,14.7(-0.68 %),0,0,0,0,53332,30.0
28/05/2018,-20,-290000,14.5(-1.36 %),10,150000,30,440000,63322,29.99
29/05/2018,-43970,-634570000,14.5(0.00 %),0,0,43970,634570000,63322,29.99
30/05/2018,-15000,-215750000,14.35(-1.03 %),0,0,15000,215750000,63322,29.99
31/05/2018,-61660,-894240000,14.45(0.70 %),30,430000,61690,894670000,63322,29.99
01/06/2018,-4770,-70120000,14.45(0.00 %),0,0,4770,70120000,107292,29.99
04/06/2018,-59000,-870250000,14.9(3.11 %),1000,14750000,60000,885000000,121292,29.99
05/06/2018,100470,1547510000,15.45(3.69 %),120500,1854460000,20030,306950000,62482,29.99
06/06/2018,-510,-7880000,15.3(-0.97 %),0,0,510,7880000,67252,29.99
07/06/2018,0,0,15.2(-0.65 %),0,0,0,0,127252,29.99
08/06/2018,0,0,15.2(0.00 %),0,0,0,0,147282,29.99
11/06/2018,0,0,15.15(-0.33 %),0,0,0,0,147792,29.99
12/06/2018,-14310,-212780000,14.8(-2.31 %),1900,28500000,16210,241280000,145892,29.99
13/06/2018,-10000,-147250000,14.65(-1.01 %),0,0,10000,147250000,145892,29.99
14/06/2018,-32000,-467850000,14.75(0.68 %),0,0,32000,467850000,145892,29.99
15/06/2018,-14000,-204620000,14.6(-1.02 %),0,0,14000,204620000,162102,29.99
18/06/2018,-5020,-73290000,14.4(-1.37 %),0,0,5020,73290000,172102,29.99
19/06/2018,-68500,-972630000,14.25(-1.04 %),0,0,68500,972630000,204102,29.98
20/06/2018,-43240,-619550000,14.4(1.05 %),20,290000,43260,619840000,218082,29.98
21/06/2018,-34400,-488750000,14.2(-1.39 %),0,0,34400,488750000,223102,29.98
22/06/2018,-10000,-144000000,14.3(0.70 %),0,0,10000,144000000,291602,29.98
25/06/2018,-19800,-286100000,14.5(1.40 %),200,2900000,20000,289000000,334662,29.97
26/06/2018,1000,14350000,14.35(-1.03 %),1000,14350000,0,0,368062,29.97
27/06/2018,-19600,-284200000,14.45(0.70 %),0,0,19600,284200000,378062,29.97
28/06/2018,-28000,-404500000,14.4(-0.35 %),0,0,28000,404500000,398062,29.97
29/06/2018,-150,-2175000,14.5(0.69 %),0,0,150,2175000,398212,29.97
02/07/2018,-15950,-229454000,14.3(-1.38 %),0,0,15950,229454000,22623500,28.17
03/07/2018,-129320,-1848630000,14.1(-1.40 %),229050,3275410000,358370,5124040000,445612,29.96
04/07/2018,0,0,14.2(0.71 %),0,0,0,0,445762,29.96
05/07/2018,0,0,14.2(0.00 %),0,0,0,0,461712,29.96
06/07/2018,4300,60430000,14(-1.41 %),4300,60430000,0,0,586782,29.95
09/07/2018,-7090,-99260000,14.05(0.36 %),0,0,7090,99260000,586782,29.95
10/07/2018,0,0,14(-0.36 %),0,0,0,0,586782,29.95
11/07/2018,-1900,-26600000,14(0.00 %),0,0,1900,26600000,586782,29.95
12/07/2018,0,0,14(0.00 %),0,0,0,0,593872,29.95
13/07/2018,500,7000000,14(0.00 %),500,7000000,0,0,593372,29.95
16/07/2018,0,0,14(0.00 %),0,0,0,0,595272,29.95
17/07/2018,50,700000,14.15(1.07 %),50,700000,0,0,595222,29.95
18/07/2018,0,0,14.15(0.00 %),0,0,0,0,595222,29.95
19/07/2018,14220,201040000,14.05(-0.71 %),14220,201040000,0,0,581002,29.95
20/07/2018,2000,28000000,14(-0.36 %),2000,28000000,0,0,578980,29.95
23/07/2018,0,0,14(0.00 %),0,0,0,0,578980,29.95
24/07/2018,0,0,14(0.00 %),0,0,0,0,578980,29.95
25/07/2018,0,0,14.1(0.71 %),0,0,0,0,578980,29.95
26/07/2018,0,0,14.15(0.35 %),0,0,0,0,578972,29.95
27/07/2018,-30,-420000,14(-1.06 %),0,0,30,420000,578972,29.95
30/07/2018,0,0,14.1(0.71 %),0,0,0,0,578972,29.95
31/07/2018,1100,15500000,14.05(-0.35 %),1100,15500000,0,0,577872,29.95
01/08/2018,0,0,14(-0.36 %),0,0,0,0,22623500,28.17
02/08/2018,1000,13900000,14(0.00 %),1000,13900000,0,0,576902,29.95
03/08/2018,0,0,14.05(0.36 %),0,0,0,0,576902,29.95
06/08/2018,-1500,-21200000,14.2(1.07 %),0,0,1500,21200000,578402,29.95
07/08/2018,0,0,14(-1.41 %),0,0,0,0,578402,29.95
08/08/2018,-1000,-13950000,14(0.00 %),0,0,1000,13950000,579402,29.95
09/08/2018,0,0,14(0.00 %),0,0,0,0,579402,29.95
10/08/2018,-2120,-29470000,14(0.00 %),0,0,2120,29470000,578402,29.95
13/08/2018,200,2800000,13.9(-0.71 %),200,2800000,0,0,579202,29.95
14/08/2018,-2020,-28430000,14(0.72 %),30,420000,2050,28850000,579172,29.95
15/08/2018,0,0,13.95(-0.36 %),0,0,0,0,581292,29.95
16/08/2018,16980,237570000,14(0.36 %),16980,237570000,0,0,564304,29.95
17/08/2018,0,0,14(0.00 %),0,0,0,0,564304,29.95
20/08/2018,-50030,-697920000,14.05(0.36 %),0,0,50030,697920000,614334,29.95
21/08/2018,0,0,14.35(2.14 %),0,0,0,0,614334,29.95
22/08/2018,100,1430000,14(-2.44 %),100,1430000,0,0,566248,29.95
23/08/2018,7480,104720000,14.1(0.71 %),7500,105000000,20,280000,608778,29.95
24/08/2018,0,0,14(-0.71 %),0,0,0,0,608778,29.95
27/08/2018,-1800,-25020000,14(0.00 %),0,0,1800,25020000,610578,29.95
28/08/2018,0,0,14.05(0.36 %),0,0,0,0,610578,29.95
29/08/2018,0,0,13.95(-0.71 %),0,0,0,0,608798,29.95
30/08/2018,-5500,-76850000,14(0.36 %),0,0,5500,76850000,610598,29.95
31/08/2018,0,0,14.05(0.36 %),0,0,0,0,610598,29.95
04/09/2018,0,0,14(-0.36 %),0,0,0,0,22623500,28.17
05/09/2018,0,0,13.95(-0.36 %),0,0,0,0,22623500,28.17
06/09/2018,0,0,14(0.36 %),0,0,0,0,22623500,28.17
07/09/2018,0,0,14(0.00 %),0,0,0,0,22623500,28.17
10/09/2018,10,140000,14(0.00 %),10,140000,0,0,616088,29.95
11/09/2018,0,0,14(0.00 %),0,0,0,0,616088,29.95
12/09/2018,0,0,13.9(-0.71 %),0,0,0,0,616088,29.95
13/09/2018,0,0,13.9(0.00 %),0,0,0,0,616088,29.95
14/09/2018,-150,-2060000,13.9(0.00 %),0,0,150,2060000,616088,29.95
17/09/2018,0,0,13.9(0.00 %),0,0,0,0,616088,29.95
18/09/2018,0,0,13.8(-0.72 %),0,0,0,0,616095,29.95
19/09/2018,-57770,-800110000,13.85(0.36 %),0,0,57770,800110000,616245,29.95
20/09/2018,0,0,14.2(2.53 %),0,0,0,0,616245,29.95
21/09/2018,9890,140940000,14.05(-1.06 %),10000,142500000,110,1560000,606245,29.95
24/09/2018,0,0,14.1(0.36 %),0,0,0,0,606245,29.95
25/09/2018,0,0,14.05(-0.35 %),0,0,0,0,606245,29.95
26/09/2018,16600,232234000,14.1(0.36 %),16600,232234000,0,0,589645,29.95
27/09/2018,-10000,-140252500,14(-0.71 %),3210000,44940000000,3220000,45080252500,599645,29.95
28/09/2018,0,0,14.15(1.07 %),0,0,0,0,599645,29.95
01/10/2018,0,0,14.5(2.47 %),0,0,0,0,561054,29.95
02/10/2018,-63720,-921404000,14.5(0.00 %),3210000,45225690000,3273720,46147094000,624774,29.95
03/10/2018,-8080,-120062000,14.9(2.76 %),3030,45148500,11110,165210500,632854,29.95
04/10/2018,-134530,-1998497000,14.85(-0.34 %),0,0,134530,1998497000,767384,29.94
05/10/2018,-210200,-3058697500,14.45(-2.69 %),18800,276985000,229000,3335682500,977584,29.92
08/10/2018,0,0,14.3(-1.04 %),0,0,0,0,626654,29.95
09/10/2018,0,0,14.1(-1.40 %),0,0,0,0,761184,29.94
10/10/2018,-7000,-98950000,14.05(-0.35 %),0,0,7000,98950000,768184,29.94
11/10/2018,33270,456602000,13.5(-3.91 %),35000,480343000,1730,23741000,734914,29.94
12/10/2018,-30000,-399312500,13.8(2.22 %),0,0,30000,399312500,764914,29.94
15/10/2018,-50,-700000,13.8(0.00 %),0,0,50,700000,962184,29.92
16/10/2018,-1770,-24691500,13.8(0.00 %),0,0,1770,24691500,963954,29.92
17/10/2018,-7440,-103630500,14(1.45 %),0,0,7440,103630500,971394,29.92
18/10/2018,0,0,13.9(-0.71 %),0,0,0,0,993964,29.92
19/10/2018,0,0,13.9(0.00 %),0,0,0,0,993964,29.92
22/10/2018,-174560,-2402540000,13.55(-2.52 %),0,0,174560,2402540000,1168524,29.91
23/10/2018,-500,-6775000,13.4(-1.11 %),0,0,500,6775000,1169024,29.91
24/10/2018,0,0,13.8(2.99 %),0,0,0,0,1169024,29.91
25/10/2018,0,0,13.75(-0.36 %),0,0,0,0,1169024,29.91
26/10/2018,120,1640000,13.75(0.00 %),120,1640000,0,0,1178114,29.9
29/10/2018,0,0,13.7(-0.36 %),0,0,0,0,1178114,29.9
30/10/2018,700,9485000,13.7(0.00 %),700,9485000,0,0,1177414,29.9
31/10/2018,-7000,-94768000,13.7(0.00 %),0,0,7000,94768000,1184414,29.9
01/11/2018,0,0,13.7(0.00 %),0,0,0,0,1177414,29.9
02/11/2018,-2050,-27880000,13.7(0.00 %),0,0,2050,27880000,1179464,29.9
05/11/2018,0,0,13.7(0.00 %),0,0,0,0,1184414,29.9
06/11/2018,0,0,13.7(0.00 %),0,0,0,0,1184414,29.9
07/11/2018,-92490,-1258766000,13.6(-0.73 %),0,0,92490,1258766000,1276904,29.9
08/11/2018,30000,408000000,13.7(0.74 %),30000,408000000,0,0,1246904,29.9
09/11/2018,-10,-140000,13.65(-0.36 %),0,0,10,140000,1156464,29.91
12/11/2018,0,0,13.4(-1.83 %),0,0,0,0,1156464,29.91
13/11/2018,0,0,13.35(-0.37 %),0,0,0,0,1156464,29.91
14/11/2018,0,0,13.65(2.25 %),0,0,0,0,1156464,29.91
15/11/2018,0,0,13.65(0.00 %),0,0,0,0,1156464,29.91
16/11/2018,0,0,13.55(-0.73 %),0,0,0,0,1156464,29.91
19/11/2018,-250,-3390000,13.5(-0.37 %),0,0,250,3390000,1248964,29.9
20/11/2018,0,0,13.5(0.00 %),0,0,0,0,1248964,29.9
21/11/2018,0,0,13.5(0.00 %),0,0,0,0,1248964,29.9
22/11/2018,-49800,-661130000,13.45(-0.37 %),200,2680000,50000,663810000,1249014,29.9
23/11/2018,0,0,13.5(0.37 %),0,0,0,0,1249014,29.9
26/11/2018,0,0,13.4(-0.74 %),0,0,0,0,1249014,29.9
27/11/2018,-10000,-132571500,13.5(0.75 %),0,0,10000,132571500,1259014,29.9
28/11/2018,-7080,-94718000,13.55(0.37 %),0,0,7080,94718000,1266094,29.9
29/11/2018,-7000,-94300000,13.55(0.00 %),0,0,7000,94300000,1273094,29.9
30/11/2018,-26000,-350950000,13.6(0.37 %),0,0,26000,350950000,1299094,29.89
03/12/2018,-23580,-322867000,13.85(1.84 %),0,0,23580,322867000,1316094,29.89
04/12/2018,0,0,14.15(2.17 %),0,0,0,0,1316094,29.89
05/12/2018,-121240,-1687467500,13.75(-2.83 %),0,0,121240,1687467500,1437334,29.88
06/12/2018,0,0,14.3(4.00 %),0,0,0,0,1437334,29.88
07/12/2018,0,0,13.9(-2.80 %),0,0,0,0,1437334,29.88
10/12/2018,0,0,13.8(-0.72 %),0,0,0,0,1437334,29.88
11/12/2018,4380,60440000,13.85(0.36 %),4380,60440000,0,0,1489534,29.88
12/12/2018,0,0,13.7(-1.08 %),0,0,0,0,1489534,29.88
13/12/2018,0,0,13.65(-0.36 %),0,0,0,0,1489534,29.88
14/12/2018,1482530,21395259000,14.25(4.40 %),1489530,21491159000,7000,95900000,7004,30.0
17/12/2018,0,0,13.85(-2.81 %),0,0,0,0,7004,30.0
18/12/2018,-8500,-117175000,13.8(-0.36 %),0,0,8500,117175000,15504,30.0
19/12/2018,0,0,14(1.45 %),0,0,0,0,15504,30.0
20/12/2018,-9000,-126000000,14(0.00 %),0,0,9000,126000000,7000,30.0
21/12/2018,-450,-6300000,14(0.00 %),50,700000,500,7000000,15450,30.0
24/12/2018,0,0,13.85(-1.07 %),0,0,0,0,15450,30.0
25/12/2018,0,0,13.9(0.36 %),0,0,0,0,24450,30.0
26/12/2018,0,0,13.9(0.00 %),0,0,0,0,24450,30.0
27/12/2018,-4866200,-66668800000,14.25(2.52 %),0,0,4866200,66668800000,4890650,29.6
28/12/2018,-690,-9530000,14.05(-1.40 %),500,7130000,1190,16660000,24450,30.0
02/01/2019,10,140500,14(-0.36 %),10,140500,0,0,4890640,29.6
03/01/2019,-125500,-1757000000,13.95(-0.36 %),0,0,125500,1757000000,5016140,29.59
04/01/2019,0,0,14.05(0.72 %),0,0,0,0,4891830,29.6
07/01/2019,0,0,14(-0.36 %),0,0,0,0,4891830,29.6
08/01/2019,0,0,14(0.00 %),0,0,0,0,4891830,29.6
09/01/2019,0,0,14.6(4.29 %),0,0,0,0,4891830,29.6
10/01/2019,0,0,14.6(0.00 %),0,0,0,0,5017325,29.59
11/01/2019,0,0,14.5(-0.68 %),0,0,0,0,5017325,29.59
14/01/2019,0,0,14.5(0.00 %),0,0,0,0,5017325,29.59
15/01/2019,-61270,-873471500,14.7(1.38 %),0,0,61270,873471500,5078595,29.59
16/01/2019,0,0,14.5(-1.36 %),0,0,0,0,5078595,29.59
17/01/2019,42500,634000000,14.9(2.76 %),50000,745000000,7500,111000000,4967325,29.6
18/01/2019,20000,294000000,14.7(-1.34 %),20000,294000000,0,0,5008595,29.59
21/01/2019,15000,230250000,15(2.04 %),30000,450000000,15000,219750000,4978595,29.6
22/01/2019,4986045,70303140000,16(6.67 %),4986095,70303940000,50,800000,0,30.0
23/01/2019,-4190,-67459000,16.2(1.25 %),0,0,4190,67459000,0,30.0
24/01/2019,0,0,16.1(-0.62 %),0,0,0,0,15000,30.0
25/01/2019,0,0,16(-0.62 %),0,0,0,0,15000,30.0
28/01/2019,-2480,-39928000,16(0.00 %),500,8050000,2980,47978000,17480,30.0
29/01/2019,-1966790,-32844390000,16.4(2.50 %),0,0,1966790,32844390000,18740,30.0
30/01/2019,-2000,-33000000,16.5(0.61 %),0,0,2000,33000000,21280,30.0
31/01/2019,-102440,-1691233500,16.7(1.21 %),0,0,102440,1691233500,123720,29.99
01/02/2019,14710,249565000,17.85(6.89 %),14710,249565000,0,0,1988510,29.84
11/02/2019,-93510,-1661174000,17.85(0.00 %),100,1785000,93610,1662959000,2082020,29.83
12/02/2019,116750,2094880000,18(0.84 %),116750,2094880000,0,0,1961390,29.84
13/02/2019,179700,3300730000,18.5(2.78 %),179700,3300730000,0,0,1781690,29.86
14/02/2019,23400,427980000,17.9(-3.24 %),24000,438900000,600,10920000,1851300,29.85
15/02/2019,5000,88000000,17.8(-0.56 %),5000,88000000,0,0,1757170,29.86
18/02/2019,-194550,-3410783000,17.5(-1.69 %),1040,19240000,195590,3430023000,1951720,29.84
19/02/2019,1839160,29970900000,17.5(0.00 %),1845860,30087520000,6700,116620000,0,30.0
20/02/2019,0,0,17.65(0.86 %),0,0,0,0,0,30.0
21/02/2019,-625420,-10775450000,17(-3.68 %),0,0,625420,10775450000,195590,29.98
22/02/2019,-3050,-53940000,16.8(-1.18 %),16580,279540000,19630,333480000,185710,29.98
25/02/2019,-8160,-145810000,17.8(5.95 %),0,0,8160,145810000,185710,29.98
26/02/2019,-12520,-223230000,17.5(-1.69 %),1000,17650000,13520,240880000,810130,29.93
27/02/2019,199670,3546796500,17.9(2.29 %),265110,4705342000,65440,1158545500,562040,29.95
28/02/2019,0,0,17.45(-2.51 %),0,0,0,0,572810,29.95
01/03/2019,-900,-15680000,17.3(-0.86 %),0,0,900,15680000,586330,29.95
04/03/2019,-69710,-1204239000,17.8(2.89 %),10410,184188500,80120,1388427500,656040,29.95
05/03/2019,6130,108220000,17.35(-2.53 %),6130,108220000,0,0,635230,29.95
06/03/2019,0,0,17.4(0.29 %),0,0,0,0,636130,29.95
07/03/2019,-120350,-2049150000,17.1(-1.72 %),0,0,120350,2049150000,716250,29.94
08/03/2019,-16740,-291280000,17.35(1.46 %),260,4520000,17000,295800000,715990,29.94
11/03/2019,0,0,17.35(0.00 %),0,0,0,0,787000,29.94
12/03/2019,-5000,-88500000,17.7(2.02 %),0,0,5000,88500000,836340,29.93
13/03/2019,112000,1990450000,17.8(0.56 %),112000,1990450000,0,0,741340,29.94
14/03/2019,10,180000,17.6(-1.12 %),10,180000,0,0,741330,29.94
15/03/2019,0,0,17.7(0.57 %),10,180000,10,180000,746320,29.94
18/03/2019,-42910,-732240000,17.4(-1.69 %),148000,2618100000,190910,3350340000,598320,29.95
19/03/2019,-70770,-1231422000,17.6(1.15 %),0,0,70770,1231422000,793670,29.94
20/03/2019,0,0,17.4(-1.14 %),0,0,0,0,598330,29.95
21/03/2019,0,0,17.35(-0.29 %),0,0,0,0,789240,29.94
22/03/2019,0,0,17.5(0.86 %),0,0,0,0,860010,29.93
25/03/2019,-30,-519000,17.45(-0.29 %),0,0,30,519000,793700,29.94
26/03/2019,-1220,-21030000,17.6(0.86 %),0,0,1220,21030000,860010,29.93
27/03/2019,0,0,17.7(0.57 %),0,0,0,0,860010,29.93
28/03/2019,14320,248150000,17.2(-2.82 %),14320,248150000,0,0,845720,29.93
29/03/2019,-300,-5280000,17.6(2.33 %),0,0,300,5280000,780900,29.94
01/04/2019,0,0,17.2(-2.27 %),0,0,0,0,846940,29.93
02/04/2019,0,0,16.8(-2.33 %),0,0,0,0,845840,29.93
03/04/2019,-34050,-580540000,17.4(3.57 %),0,0,34050,580540000,846140,29.93
04/04/2019,1400,25760000,17.45(0.29 %),6500,113330000,5100,87570000,839640,29.93
05/04/2019,-1960,-34187000,17.5(0.29 %),300,5250000,2260,39437000,881550,29.93
08/04/2019,-200,-3500000,17.6(0.57 %),0,0,200,3500000,873390,29.93
09/04/2019,0,0,17.55(-0.28 %),0,0,0,0,878490,29.93
10/04/2019,0,0,17.4(-0.85 %),0,0,0,0,880750,29.93
11/04/2019,0,0,17.5(0.57 %),0,0,0,0,881750,29.93
12/04/2019,0,0,17.25(-1.43 %),0,0,0,0,881750,29.93
16/04/2019,21200,366854500,17.4(0.87 %),22860,395549500,1660,28695000,860550,29.93
17/04/2019,0,0,17.15(-1.44 %),0,0,0,0,858090,29.93
18/04/2019,0,0,17.2(0.29 %),0,0,0,0,858090,29.93
19/04/2019,0,0,17.15(-0.29 %),0,0,0,0,859752,29.93
22/04/2019,48000,826480000,17.4(1.46 %),50000,860680000,2000,34200000,809752,29.93
23/04/2019,101260,1751090000,17.4(0.00 %),116260,2008890000,15000,257800000,693492,29.94
24/04/2019,0,0,17.2(-1.15 %),0,0,0,0,711290,29.94
25/04/2019,0,0,17.25(0.29 %),0,0,0,0,711290,29.94
26/04/2019,0,0,17(-1.45 %),0,0,0,0,711290,29.94
02/05/2019,12980,222505500,17.25(1.47 %),12980,222505500,0,0,710492,29.94
03/05/2019,1200,20700000,17.4(0.87 %),1200,20700000,0,0,709292,29.94
06/05/2019,0,0,17.2(-1.15 %),0,0,0,0,709292,29.94
07/05/2019,0,0,17.1(-0.58 %),0,0,0,0,696312,29.94
08/05/2019,0,0,17.3(1.17 %),0,0,0,0,709292,29.94
09/05/2019,200,3610000,18.2(5.20 %),200,3610000,0,0,709092,29.94
10/05/2019,-29810,-549494500,18.3(0.55 %),0,0,29810,549494500,738902,29.94
13/05/2019,-189680,-3413350500,17.8(-2.73 %),200,3570000,189880,3416920500,928582,29.92
14/05/2019,-157640,-2786450000,17.4(-2.25 %),0,0,157640,2786450000,695912,29.94
15/05/2019,0,0,17.65(1.44 %),0,0,0,0,1086222,29.91
16/05/2019,0,0,18(1.98 %),0,0,0,0,915602,29.93
17/05/2019,100,1800000,17.8(-1.11 %),100,1800000,0,0,1073142,29.91
20/05/2019,-200020,-3589350000,18.7(5.06 %),10,180000,200030,3589530000,1073132,29.91
21/05/2019,0,0,18.4(-1.60 %),0,0,0,0,1073132,29.91
22/05/2019,200,3680000,18.3(-0.54 %),200,3680000,0,0,1072932,29.91
23/05/2019,0,0,18.3(0.00 %),0,0,0,0,1272962,29.9
24/05/2019,-486270,-8929890000,17.8(-2.73 %),0,0,486270,8929890000,1759232,29.86
27/05/2019,0,0,18.4(3.37 %),0,0,0,0,1759232,29.86
28/05/2019,1510,27759000,18(-2.17 %),1510,27759000,0,0,1757722,29.86
29/05/2019,1720,30970000,17.8(-1.11 %),1720,30970000,0,0,1756002,29.86
30/05/2019,0,0,18.1(1.69 %),0,0,0,0,1756002,29.86
31/05/2019,-20,-360000,17.7(-2.21 %),0,0,20,360000,1756002,29.86
03/06/2019,7130,117740000,18.6(5.08 %),28810,515540000,21680,397800000,1727192,29.86
04/06/2019,39630,724900000,18.4(-1.08 %),41630,761750000,2000,36850000,1685562,29.86
05/06/2019,20,370000,17.75(-3.53 %),20,370000,0,0,1685562,29.86
06/06/2019,-610,-11396000,18.35(3.38 %),870,15834000,1480,27230000,1688152,29.86
07/06/2019,0,0,18.4(0.27 %),0,0,0,0,1688152,29.86
10/06/2019,-70000,-1272500000,18.25(-0.82 %),0,0,70000,1272500000,1758152,29.86
11/06/2019,-43680,-801400000,18.35(0.55 %),0,0,43680,801400000,1709852,29.86
12/06/2019,-6600,-121760000,18.15(-1.09 %),800,14720000,7400,136480000,1808432,29.85
13/06/2019,0,0,18.25(0.55 %),0,0,0,0,1779052,29.86
14/06/2019,0,0,18.2(-0.27 %),0,0,0,0,1808432,29.85
17/06/2019,-826330,-15530050000,18.55(1.92 %),0,0,826330,15530050000,1830132,29.85
18/06/2019,-959130,-18031640000,18.6(0.27 %),0,0,959130,18031640000,1830132,29.85
19/06/2019,-55960,-1036100000,18.55(-0.27 %),300,5520000,56260,1041620000,1829832,29.85
20/06/2019,-72740,-1356127000,18.5(-0.27 %),0,0,72740,1356127000,3722592,29.7
21/06/2019,-239000,-4403995000,18.3(-1.08 %),400,7460000,239400,4411455000,3961592,29.68
24/06/2019,0,0,18.7(2.19 %),0,0,0,0,3961592,29.68
25/06/2019,-49630,-928081000,18.6(-0.53 %),0,0,49630,928081000,4011222,29.68
26/06/2019,5180,96340000,18.45(-0.81 %),5370,99880000,190,3540000,3977914,29.68
27/06/2019,500,9300000,18.7(1.36 %),500,9300000,0,0,3977414,29.68
28/06/2019,0,0,18.8(0.53 %),0,0,0,0,4027044,29.67
01/07/2019,7610,142050000,18.8(0.00 %),21250,398660000,13640,256610000,4005984,29.68
02/07/2019,500,9250000,18.7(-0.53 %),500,9250000,0,0,4005484,29.68
03/07/2019,0,0,18.3(-2.14 %),0,0,0,0,4005484,29.68
04/07/2019,-9550,-178289500,18.65(1.91 %),3440,63946500,12990,242236000,4036284,29.67
05/07/2019,0,0,18.35(-1.61 %),0,0,0,0,4036284,29.67
08/07/2019,-1000,-18400000,18.4(0.27 %),0,0,1000,18400000,4037284,29.67
09/07/2019,-16920,-311916000,18.5(0.54 %),3580,65284000,20500,377200000,4054204,29.67
10/07/2019,-3940,-73233500,18.5(0.00 %),2000,36868000,5940,110101500,4058144,29.67
11/07/2019,2420,44820000,18.55(0.27 %),2420,44820000,0,0,4021674,29.67
12/07/2019,4530,83721000,18.2(-1.89 %),6100,112687500,1570,28966500,4051194,29.67
15/07/2019,0,0,18.25(0.27 %),0,0,0,0,4051194,29.67
16/07/2019,2500,45550000,18.25(0.00 %),3000,54600000,500,9050000,4048694,29.67
17/07/2019,4890,88940000,18.3(0.27 %),7270,132490000,2380,43550000,4033314,29.67
18/07/2019,5140,93040000,17.3(-5.46 %),5140,93040000,0,0,4028165,29.67
19/07/2019,-118410,-2123319500,18.3(5.78 %),0,0,118410,2123319500,4157074,29.66
22/07/2019,4031045,72558810000,18(-1.64 %),4031045,72558810000,0,0,0,30.0
23/07/2019,-10000,-180500000,18(0.00 %),0,0,10000,180500000,136029,29.99
24/07/2019,2470,44578500,17.95(-0.28 %),2470,44578500,0,0,133559,29.99
25/07/2019,-2000,-35700000,17.85(-0.56 %),0,0,2000,35700000,115940,29.99
26/07/2019,170,3032000,17.65(-1.12 %),170,3032000,0,0,135389,29.99
29/07/2019,-85000,-1521500000,18.1(2.55 %),0,0,85000,1521500000,220389,29.98
30/07/2019,0,0,17.95(-0.83 %),0,0,0,0,130240,29.99
31/07/2019,-80050,-1438390000,17.95(0.00 %),0,0,80050,1438390000,130240,29.99
01/08/2019,0,0,17.7(-1.39 %),0,0,0,0,215240,29.98
02/08/2019,-5020,-90361000,17.75(0.28 %),0,0,5020,90361000,220260,29.98
05/08/2019,300,5330000,17.8(0.28 %),300,5330000,0,0,294990,29.98
06/08/2019,0,0,17.95(0.84 %),0,0,0,0,294990,29.98
07/08/2019,0,0,17.5(-2.51 %),0,0,0,0,219960,29.98
08/08/2019,0,0,17.6(0.57 %),0,0,0,0,300010,29.98
09/08/2019,-47400,-832970000,17.7(0.57 %),0,0,47400,832970000,297590,29.98
12/08/2019,7570,131718000,17.35(-1.98 %),7580,131892000,10,174000,259790,29.98
13/08/2019,0,0,17.2(-0.86 %),0,0,0,0,259790,29.98
14/08/2019,0,0,17.1(-0.58 %),0,0,0,0,337410,29.97
15/08/2019,-400,-6900000,18(5.26 %),0,0,400,6900000,337420,29.97
16/08/2019,0,0,17.45(-3.06 %),0,0,0,0,337420,29.97
19/08/2019,-380,-6707000,17.4(-0.29 %),0,0,380,6707000,260570,29.98
20/08/2019,-11120,-193490000,17.4(0.00 %),140,2430000,11260,195920000,337680,29.97
21/08/2019,-32590,-576260000,17.45(0.29 %),25130,437720000,57720,1013980000,312550,29.97
22/08/2019,37300,653300000,17.5(0.29 %),37300,653300000,0,0,275630,29.98
23/08/2019,21580,376490000,17.45(-0.29 %),21580,376490000,0,0,265310,29.98
26/08/2019,34030,579440000,16.85(-3.44 %),34030,579440000,0,0,289000,29.98
27/08/2019,10,171500,17.15(1.78 %),10,171500,0,0,211360,29.98
28/08/2019,-2800,-47474500,17.2(0.29 %),0,0,2800,47474500,214160,29.98
29/08/2019,0,0,17.1(-0.58 %),0,0,0,0,214160,29.98
30/08/2019,100,1710000,16.9(-1.17 %),100,1710000,0,0,288890,29.98
03/09/2019,-3780,-63882000,16.9(0.00 %),2500,42250000,6280,106132000,291690,29.98
04/09/2019,-7810,-130858000,16.85(-0.30 %),0,0,7810,130858000,299500,29.98
05/09/2019,0,0,16.7(-0.89 %),0,0,0,0,289190,29.98
06/09/2019,0,0,16.9(1.20 %),0,0,0,0,299500,29.98
09/09/2019,0,0,17(0.59 %),0,0,0,0,303288,29.98
10/09/2019,100,1670000,16.85(-0.88 %),100,1670000,0,0,299400,29.98
11/09/2019,300,5040000,16.8(-0.30 %),300,5040000,0,0,302888,29.98
12/09/2019,0,0,16.8(0.00 %),0,0,0,0,302888,29.98
13/09/2019,0,0,16.8(0.00 %),0,0,0,0,302888,29.98
16/09/2019,420,6971000,16.8(0.00 %),420,6971000,0,0,298680,29.98
17/09/2019,0,0,16.7(-0.60 %),0,0,0,0,302468,29.98
18/09/2019,1380,22732000,16.45(-1.50 %),1380,22732000,0,0,297300,29.98
19/09/2019,0,0,16.8(2.13 %),0,0,0,0,301088,29.98
20/09/2019,0,0,16.8(0.00 %),0,0,0,0,297300,29.98
23/09/2019,0,0,16.7(-0.60 %),0,0,0,0,297300,29.98
24/09/2019,3120,51948000,16.6(-0.60 %),3120,51948000,0,0,294180,29.98
25/09/2019,200,3290000,16.7(0.60 %),200,3290000,0,0,297768,29.98
26/09/2019,0,0,16.4(-1.80 %),0,0,0,0,293980,29.98
27/09/2019,1000,16300000,16.5(0.61 %),1000,16300000,0,0,292980,29.98
30/09/2019,10,165000,16.5(0.00 %),10,165000,0,0,292970,29.98
01/10/2019,35920,595330000,16.65(0.91 %),35920,595330000,0,0,263958,29.98
02/10/2019,0,0,16.6(-0.30 %),0,0,0,0,299878,29.98
03/10/2019,100,1660000,16.8(1.20 %),100,1660000,0,0,299778,29.98
04/10/2019,0,0,16.9(0.60 %),0,0,0,0,299778,29.98
07/10/2019,-380,-6422000,16.9(0.00 %),0,0,380,6422000,300158,29.98
08/10/2019,0,0,16.8(-0.59 %),0,0,0,0,300158,29.98
09/10/2019,4000,66800000,16.7(-0.60 %),4000,66800000,0,0,259858,29.98
10/10/2019,-4830,-80150000,16.7(0.00 %),10,170000,4840,80320000,255388,29.98
11/10/2019,0,0,16.6(-0.60 %),0,0,0,0,255388,29.98
14/10/2019,1300,21600000,16.8(1.20 %),1800,29880000,500,8280000,253588,29.98
15/10/2019,-3000,-49500000,16.7(-0.60 %),0,0,3000,49500000,258428,29.98
16/10/2019,-1040,-17108000,16.65(-0.30 %),0,0,1040,17108000,303728,29.98
17/10/2019,0,0,16.35(-1.80 %),0,0,0,0,303728,29.98
18/10/2019,0,0,16.55(1.22 %),0,0,0,0,261932,29.98
21/10/2019,-2800,-45920000,16.6(0.30 %),0,0,2800,45920000,306528,29.98
22/10/2019,3580,59574000,16.6(0.00 %),4000,66400000,420,6826000,302948,29.98
23/10/2019,0,0,16.5(-0.60 %),0,0,0,0,258972,29.98
24/10/2019,0,0,16.5(0.00 %),0,0,0,0,302948,29.98
25/10/2019,0,0,16.5(0.00 %),0,0,0,0,262192,29.98
28/10/2019,0,0,16.6(0.61 %),0,0,0,0,262192,29.98
29/10/2019,0,0,16.6(0.00 %),0,0,0,0,262192,29.98
30/10/2019,0,0,16.5(-0.60 %),0,0,0,0,262192,29.98
31/10/2019,50,825000,16.5(0.00 %),50,825000,0,0,302898,29.98
01/11/2019,0,0,16.5(0.00 %),0,0,0,0,262142,29.98
04/11/2019,0,0,16.5(0.00 %),0,0,0,0,262142,29.98
05/11/2019,-900,-15570000,17.4(5.45 %),0,0,900,15570000,262146,29.98
06/11/2019,-7000,-120193000,17.4(0.00 %),0,0,7000,120193000,270042,29.98
07/11/2019,-30,-510000,18.4(5.75 %),0,0,30,510000,262146,29.98
08/11/2019,-10290,-194790000,18.4(0.00 %),0,0,10290,194790000,263046,29.98
11/11/2019,-1280,-23168000,18.4(0.00 %),0,0,1280,23168000,281642,29.98
12/11/2019,7410,135580000,18.5(0.54 %),7410,135580000,0,0,262666,29.98
13/11/2019,-2410,-44826000,18.6(0.54 %),0,0,2410,44826000,276642,29.98
14/11/2019,-34540,-645626500,18.75(0.81 %),30,561000,34570,646187500,311182,29.97
15/11/2019,-34720,-653800000,18.85(0.53 %),10,190000,34730,653990000,274196,29.98
18/11/2019,-5810,-109238500,18.75(-0.53 %),0,0,5810,109238500,351712,29.97
19/11/2019,-30,-561000,18.35(-2.13 %),0,0,30,561000,351742,29.97
20/11/2019,0,0,18(-1.91 %),0,0,0,0,351742,29.97
21/11/2019,-2350,-42060000,16.75(-6.94 %),0,0,2350,42060000,318906,29.97
22/11/2019,-35900,-603230000,17(1.49 %),130,2180000,36030,605410000,318806,29.97
25/11/2019,0,0,17.35(2.06 %),0,0,0,0,389992,29.97
26/11/2019,0,0,17.25(-0.58 %),0,0,0,0,321156,29.97
27/11/2019,0,0,17(-1.45 %),0,0,0,0,389992,29.97
28/11/2019,6500,111210000,17.1(0.59 %),6500,111210000,0,0,350686,29.97
29/11/2019,1520,25840000,17.1(0.00 %),1520,25840000,0,0,381972,29.97
02/12/2019,120,2040000,16.65(-2.63 %),120,2040000,0,0,349166,29.97
03/12/2019,1520,25840000,16.9(1.50 %),1520,25840000,0,0,347526,29.97
04/12/2019,-8740,-147080000,16.8(-0.59 %),0,0,8740,147080000,347526,29.97
05/12/2019,10,170000,16.8(0.00 %),10,170000,0,0,349036,29.97
06/12/2019,470,7872500,16.95(0.89 %),470,7872500,0,0,355906,29.97
09/12/2019,0,0,16.8(-0.88 %),0,0,0,0,357306,29.97
10/12/2019,0,0,16.7(-0.60 %),0,0,0,0,355906,29.97
11/12/2019,-370,-6216000,16.7(0.00 %),0,0,370,6216000,356276,29.97
12/12/2019,-2000,-33400000,16.75(0.30 %),0,0,2000,33400000,358826,29.97
13/12/2019,10550,177380000,16.8(0.30 %),11050,185740000,500,8360000,347776,29.97
16/12/2019,4780,80540000,16.9(0.60 %),4780,80540000,0,0,343366,29.97
17/12/2019,7150,120820000,17(0.59 %),7160,120990000,10,170000,338206,29.97
18/12/2019,2790,47430000,16.95(-0.29 %),4790,81430000,2000,34000000,343476,29.97
19/12/2019,0,0,16.6(-2.06 %),0,0,0,0,343476,29.97
20/12/2019,0,0,16.95(2.11 %),0,0,0,0,333006,29.97
23/12/2019,0,0,17.15(1.18 %),0,0,0,0,362216,29.97
24/12/2019,-13000,-223550000,17.25(0.58 %),0,0,13000,223550000,362216,29.97
25/12/2019,0,0,17.2(-0.29 %),0,0,0,0,362216,29.97
26/12/2019,500,8575000,17.1(-0.58 %),500,8575000,0,0,345506,29.97
27/12/2019,-20,-240000,16.9(-1.17 %),400,6860000,420,7100000,374316,29.97
30/12/2019,-6500,-109850000,17.8(5.33 %),0,0,6500,109850000,374316,29.97
31/12/2019,0,0,17.8(0.00 %),0,0,0,0,358526,29.97
02/01/2020,11750,207610000,17.7(-0.56 %),11950,211040000,200,3430000,362786,29.97
03/01/2020,9560,168610000,17.25(-2.54 %),9560,168610000,0,0,359726,29.97
06/01/2020,11250,197250000,17.5(1.45 %),11950,209570000,700,12320000,347776,29.97
07/01/2020,-300,-5250000,17.45(-0.29 %),0,0,300,5250000,359926,29.97
08/01/2020,6080,106390000,17.3(-0.86 %),7200,125880000,1120,19490000,362286,29.97
09/01/2020,0,0,17.45(0.87 %),0,0,0,0,374936,29.97
10/01/2020,126630,2270120000,18(3.15 %),127890,2292930000,1260,22810000,247346,29.98
13/01/2020,12960,232650000,18(0.00 %),13040,234090000,80,1440000,242596,29.98
14/01/2020,14240,255659500,18(0.00 %),14340,257459500,100,1800000,194316,29.98
15/01/2020,7260,129857500,18(0.00 %),8260,147857000,1000,17999500,187056,29.98
16/01/2020,13020,233360000,17.55(-2.50 %),13020,233360000,0,0,208316,29.98
17/01/2020,610,10790000,17.8(1.42 %),610,10790000,0,0,222146,29.98
20/01/2020,300,5270000,17.8(0.00 %),300,5270000,0,0,230017,29.98
21/01/2020,7190,125980000,17.5(-1.69 %),7190,125980000,0,0,234777,29.98
22/01/2020,9560,166810000,17.45(-0.29 %),9560,166810000,0,0,225217,29.98
30/01/2020,-18630,-329790000,17.95(2.87 %),50,870000,18680,330660000,225167,29.98
31/01/2020,3590,64022000,17.85(-0.56 %),3590,64022000,0,0,240257,29.98
03/02/2020,50,860000,17.7(-0.84 %),110,1916000,60,1056000,228747,29.98
04/02/2020,7030,122730000,17.55(-0.85 %),7030,122730000,0,0,240287,29.98
05/02/2020,15000,261560000,17.2(-1.99 %),15000,261560000,0,0,225287,29.98
06/02/2020,11000,191100000,17.7(2.91 %),11000,191100000,0,0,219347,29.98
07/02/2020,210,3677000,17.5(-1.13 %),210,3677000,0,0,195507,29.98
10/02/2020,26000,451265500,17.45(-0.29 %),28030,486590500,2030,35325000,169507,29.99
11/02/2020,203100,3537410000,17.55(0.57 %),203100,3537410000,0,0,7,30.0
12/02/2020,11000,192520000,17.45(-0.57 %),11000,192520000,0,0,7,30.0
13/02/2020,530,9560000,17.4(-0.29 %),2030,35510000,1500,25950000,7,30.0
14/02/2020,10000,173670000,17.3(-0.57 %),10000,173670000,0,0,7,30.0
17/02/2020,5430,94470000,17.35(0.29 %),7000,121780000,1570,27310000,7,30.0
18/02/2020,1500,26144000,17.4(0.29 %),1500,26144000,0,0,0,30.0
19/02/2020,0,0,17.3(-0.57 %),0,0,0,0,7,30.0
20/02/2020,850,14940500,17.2(-0.58 %),1570,27396500,720,12456000,0,30.0
21/02/2020,-500,-8600000,17.3(0.58 %),0,0,500,8600000,7,30.0
24/02/2020,0,0,17.2(-0.58 %),0,0,0,0,7,30.0
25/02/2020,20,340000,17.2(0.00 %),20,340000,0,0,707,30.0
26/02/2020,1200,20660000,17.25(0.29 %),1200,20660000,0,0,7,30.0
27/02/2020,0,0,17.3(0.29 %),0,0,0,0,7,30.0
28/02/2020,10,170000,17.2(-0.58 %),10,170000,0,0,0,30.0
02/03/2020,-4390,-75510000,17.7(2.91 %),10,170000,4400,75680000,140787,29.99
03/03/2020,10,180000,17.5(-1.13 %),10,180000,0,0,140777,29.99
04/03/2020,10,176000,17.5(0.00 %),10,176000,0,0,140767,29.99
05/03/2020,10000,171750000,17.3(-1.14 %),10000,171750000,0,0,135167,29.99
06/03/2020,100,1700000,17.2(-0.58 %),100,1700000,0,0,135067,29.99
09/03/2020,0,0,17(-1.16 %),0,0,0,0,130667,29.99
10/03/2020,-120,-1992000,16.95(-0.29 %),0,0,120,1992000,130787,29.99
11/03/2020,-100,-1680000,16.8(-0.88 %),0,0,100,1680000,130887,29.99
12/03/2020,-640,-10330000,16.7(-0.60 %),0,0,640,10330000,135065,29.99
13/03/2020,-5550,-87220000,16.4(-1.80 %),0,0,5550,87220000,130185,29.99
16/03/2020,-5500,-87900000,16(-2.44 %),0,0,5500,87900000,130285,29.99
17/03/2020,-16540,-257970000,16.1(0.62 %),20,320000,16560,258290000,130905,29.99
18/03/2020,0,0,16.35(1.55 %),0,0,0,0,159117,29.99
19/03/2020,-10150,-159260000,15.65(-4.28 %),0,0,10150,159260000,131955,29.99
20/03/2020,0,0,15.95(1.92 %),0,0,0,0,159117,29.99
23/03/2020,26410,392188500,16(0.31 %),26410,392188500,0,0,132707,29.99
24/03/2020,20,320000,16(0.00 %),20,320000,0,0,132235,29.99
25/03/2020,0,0,16(0.00 %),0,0,0,0,132235,29.99
26/03/2020,320,4960000,15.4(-3.75 %),320,4960000,0,0,131915,29.99
27/03/2020,-10,-150500,15.7(1.95 %),0,0,10,150500,132377,29.99
30/03/2020,10,150000,15.7(0.00 %),10,150000,0,0,132367,29.99
31/03/2020,131000,1977980000,14.65(-6.69 %),131000,1977980000,0,0,905,30.0
01/04/2020,100,1470000,15.2(3.75 %),100,1470000,0,0,815,30.0
03/04/2020,0,0,15.2(0.00 %),0,0,0,0,815,30.0
06/04/2020,10,148000,15.5(1.97 %),10,148000,0,0,905,30.0
07/04/2020,-800,-12400000,15.5(0.00 %),0,0,800,12400000,1705,30.0
08/04/2020,0,0,15.2(-1.94 %),0,0,0,0,0,30.0
09/04/2020,0,0,15.2(0.00 %),0,0,0,0,1705,30.0
10/04/2020,0,0,15.15(-0.33 %),0,0,0,0,800,30.0
13/04/2020,0,0,15.2(0.33 %),0,0,0,0,1705,30.0
14/04/2020,0,0,15.15(-0.33 %),0,0,0,0,0,30.0
15/04/2020,0,0,15.15(0.00 %),0,0,0,0,1705,30.0
16/04/2020,-60,-910000,15.15(0.00 %),0,0,60,910000,0,30.0
17/04/2020,0,0,15.2(0.33 %),0,0,0,0,1765,30.0
20/04/2020,-4000,-61200000,15.2(0.00 %),0,0,4000,61200000,5765,30.0
21/04/2020,-4950,-75750000,15.15(-0.33 %),50,750000,5000,76500000,10715,30.0
22/04/2020,10,152000,15.4(1.65 %),10,152000,0,0,10705,30.0
23/04/2020,0,0,15.3(-0.65 %),0,0,0,0,4000,30.0
24/04/2020,0,0,15.3(0.00 %),0,0,0,0,9000,30.0
27/04/2020,-14690,-219948000,15.1(-1.31 %),5310,79679500,20000,299627500,25395,30.0
28/04/2020,-20000,-299230000,15.15(0.33 %),0,0,20000,299230000,0,30.0
29/04/2020,0,0,15(-0.99 %),0,0,0,0,0,30.0
04/05/2020,5000,75850000,15.05(0.33 %),20000,300000000,15000,224150000,20000,30.0
05/05/2020,-14720,-218540000,15(-0.33 %),5290,79570000,20010,298110000,14710,30.0
06/05/2020,-18500,-274490000,15(0.00 %),1500,22500000,20000,296990000,13210,30.0
07/05/2020,-11160,-166811000,15.1(0.67 %),8840,132574000,20000,299385000,64380,29.99
08/05/2020,-20000,-305000000,15.25(0.99 %),0,0,20000,305000000,39380,30.0
11/05/2020,0,0,15.4(0.98 %),0,0,0,0,84380,29.99
12/05/2020,800,12240000,15.25(-0.97 %),800,12240000,0,0,78580,29.99
13/05/2020,-26150,-391890000,15.25(0.00 %),3850,58110000,30000,450000000,94730,29.99
14/05/2020,-150,-2290000,15.35(0.66 %),0,0,150,2290000,94730,29.99
15/05/2020,-4950,-76733000,15.5(0.98 %),50,767000,5000,77500000,114830,29.99
18/05/2020,0,0,15.75(1.61 %),0,0,0,0,114830,29.99
19/05/2020,0,0,16.25(3.17 %),0,0,0,0,114830,29.99
20/05/2020,-10,-164500,16.3(0.31 %),0,0,10,164500,114840,29.99
21/05/2020,-1000,-17478000,17.4(6.75 %),780,12831000,1780,30309000,115840,29.99
22/05/2020,-8010,-137830000,16.9(-2.87 %),0,0,8010,137830000,129050,29.99
25/05/2020,-20180,-338780000,16.9(0.00 %),0,0,20180,338780000,129060,29.99
26/05/2020,10,170000,16.9(0.00 %),10,170000,0,0,130830,29.99
27/05/2020,6000,104090000,17.2(1.78 %),6000,104090000,0,0,132840,29.99
28/05/2020,0,0,16.9(-1.74 %),0,0,0,0,138020,29.99
29/05/2020,-14190,-247150000,17.3(2.37 %),30,520000,14220,247670000,128990,29.99
01/06/2020,-68140,-1189410000,17.45(0.87 %),580,10130000,68720,1199540000,118410,29.99
02/06/2020,-5000,-90000000,17.6(0.86 %),0,0,5000,90000000,110410,29.99
03/06/2020,3050,54350000,17.65(0.28 %),3050,54350000,0,0,121580,29.99
04/06/2020,-10220,-181490000,17.65(0.00 %),0,0,10220,181490000,190300,29.98
05/06/2020,-13950,-249410000,17.7(0.28 %),50,890000,14000,250300000,190250,29.98
08/06/2020,100,1810000,17.75(0.28 %),100,1810000,0,0,190150,29.98
09/06/2020,0,0,18.1(1.97 %),0,0,0,0,131060,29.99
10/06/2020,-860,-15582000,18.1(0.00 %),140,2518000,1000,18100000,131920,29.99
11/06/2020,-10900,-196500000,18(-0.55 %),200,3580000,11100,200080000,142820,29.99
12/06/2020,1000,18150000,17.9(-0.56 %),1000,18150000,0,0,141820,29.99
15/06/2020,0,0,18.2(1.68 %),0,0,0,0,141820,29.99
16/06/2020,0,0,17.9(-1.65 %),0,0,0,0,199090,29.98
17/06/2020,2820,50272140,18.1(1.12 %),3020,53837540,200,3565400,139000,29.99
18/06/2020,0,0,18.1(0.00 %),0,0,0,0,190070,29.98
19/06/2020,7040,127132500,18.25(0.83 %),7040,127132500,0,0,131960,29.99
22/06/2020,960,17397000,18.2(-0.27 %),3060,55692000,2100,38295000,131000,29.99
23/06/2020,-1660,-30210000,18(-1.10 %),340,6190000,2000,36400000,181610,29.99
24/06/2020,-1000,-18100000,18(0.00 %),0,0,1000,18100000,181610,29.99
25/06/2020,-28160,-497090000,17.75(-1.39 %),0,0,28160,497090000,181930,29.99
26/06/2020,-480,-8448000,17.75(0.00 %),0,0,480,8448000,162300,29.99
29/06/2020,-480,-8448000,18(1.41 %),0,0,480,8448000,162780,29.99
30/06/2020,-6900,-121300000,17.8(-1.11 %),100,1750000,7000,123050000,202990,29.98
01/07/2020,-2070,-36482000,17.75(-0.28 %),0,0,2070,36482000,198470,29.98
02/07/2020,-12240,-215103500,17.7(-0.28 %),0,0,12240,215103500,210710,29.98
03/07/2020,-8480,-146678500,17.85(0.85 %),3560,62204000,12040,208882500,219190,29.98
06/07/2020,-19530,-338226000,17.8(-0.28 %),60,1041000,19590,339267000,238720,29.98
07/07/2020,-17990,-316001500,17.8(0.00 %),70,1235500,18060,317237000,256710,29.98
08/07/2020,-11000,-192651500,17.65(-0.84 %),0,0,11000,192651500,267710,29.98
09/07/2020,-29140,-510355500,17.65(0.00 %),0,0,29140,510355500,296850,29.98
10/07/2020,-20470,-354771000,17.6(-0.28 %),100,1750000,20570,356521000,317320,29.97
13/07/2020,16900,297892000,17.4(-1.14 %),16900,297892000,0,0,300420,29.98
14/07/2020,-1460,-25255500,17(-2.30 %),0,0,1460,25255500,301880,29.98
15/07/2020,1020,20690000,17.3(1.76 %),58750,1005870000,57730,985180000,235350,29.98
16/07/2020,-28400,-486351000,17.6(1.73 %),500,8625000,28900,494976000,329260,29.97
17/07/2020,-25100,-433750000,17.45(-0.85 %),0,0,25100,433750000,249310,29.98
20/07/2020,0,0,17.35(-0.57 %),0,0,0,0,354360,29.97
21/07/2020,0,0,17.3(-0.29 %),0,0,0,0,335940,29.97
22/07/2020,-1920,-33320000,17.35(0.29 %),80,1380000,2000,34700000,360960,29.97
23/07/2020,-7500,-129460000,17.3(-0.29 %),500,8640000,8000,138100000,360460,29.97
24/07/2020,-3000,-49800000,16.8(-2.89 %),0,0,3000,49800000,360460,29.97
27/07/2020,20,330000,16.4(-2.38 %),20,330000,0,0,372440,29.97
28/07/2020,-1000,-15650000,16.5(0.61 %),0,0,1000,15650000,383840,29.97
29/07/2020,-40150,-633470000,17.65(6.97 %),10,160000,40160,633630000,386830,29.97
30/07/2020,-23190,-392120000,17.1(-3.12 %),0,0,23190,392120000,386830,29.97
31/07/2020,0,0,16.55(-3.22 %),0,0,0,0,387830,29.97
03/08/2020,-20,-328000,16.6(0.30 %),0,0,20,328000,427990,29.97
04/08/2020,10,167000,16.85(1.51 %),10,167000,0,0,427980,29.97
05/08/2020,0,0,17(0.89 %),0,0,0,0,427980,29.97
06/08/2020,300,5070000,16.95(-0.29 %),300,5070000,0,0,427680,29.97
07/08/2020,20,340000,16.9(-0.29 %),20,340000,0,0,441870,29.96
10/08/2020,0,0,16.85(-0.30 %),0,0,0,0,434370,29.96
11/08/2020,-45930,-770757500,17(0.89 %),100,1670000,46030,772427500,473590,29.96
12/08/2020,-5000,-84000000,16.9(-0.59 %),0,0,5000,84000000,478590,29.96
13/08/2020,-99880,-1670630000,16.7(-1.18 %),130,2190000,100010,1672820000,434140,29.96
14/08/2020,-46500,-780490000,17(1.80 %),46500,778800000,93000,1559290000,433670,29.96
17/08/2020,-17550,-299642500,17(0.00 %),150,2527500,17700,302170000,642520,29.95
18/08/2020,-64760,-1083568500,16.85(-0.88 %),0,0,64760,1083568500,707280,29.94
19/08/2020,9170,153952500,16.85(0.00 %),10870,182597500,1700,28645000,698110,29.94
20/08/2020,-62140,-1047872000,16.95(0.59 %),0,0,62140,1047872000,760250,29.94
21/08/2020,-9480,-159040000,16.95(0.00 %),100,1680000,9580,160720000,781020,29.94
24/08/2020,-15710,-265180000,16.95(0.00 %),64500,1090800000,80210,1355980000,718220,29.94
25/08/2020,27970,475490000,16.95(0.00 %),36000,610390000,8030,134900000,744360,29.94
26/08/2020,-3030,-51358500,16.95(0.00 %),0,0,3030,51358500,760500,29.94
27/08/2020,-161560,-2729610000,16.95(0.00 %),5000,85000000,166560,2814610000,901150,29.93
28/08/2020,7370,123300000,17.45(2.95 %),22500,383780000,15130,260480000,886680,29.93
31/08/2020,-38300,-662520000,17.25(-1.15 %),700,12220000,39000,674740000,889010,29.93
01/09/2020,-6000,-101840000,17.2(-0.29 %),4500,77400000,10500,179240000,1046570,29.92
03/09/2020,-140000,-2444899000,17.2(0.00 %),50000,866920000,190000,3311819000,1191070,29.9
04/09/2020,-120410,-2051576000,17.05(-0.87 %),0,0,120410,2051576000,1311480,29.89
07/09/2020,-64690,-1098390000,16.9(-0.88 %),550,9320000,65240,1107710000,1066650,29.91
08/09/2020,-4400,-74270000,17.1(1.18 %),600,10110000,5000,84380000,1257300,29.9
09/09/2020,2220,38037500,16.8(-1.75 %),12720,214547000,10500,176509500,1378350,29.89
10/09/2020,8190,139190000,16.8(0.00 %),17190,290840000,9000,151650000,1413040,29.89
11/09/2020,-7480,-125230000,16.7(-0.60 %),6020,101440000,13500,226670000,1413270,29.89
14/09/2020,3160,52730000,17.1(2.40 %),3170,52900000,10,170000,1420600,29.89
15/09/2020,-7490,-126205000,16.9(-1.17 %),10,170000,7500,126375000,1381970,29.89
16/09/2020,-12000,-203030000,16.95(0.30 %),0,0,12000,203030000,1435590,29.88
17/09/2020,-173960,-2910143000,17(0.29 %),3000,51000000,176960,2961143000,1567930,29.87
18/09/2020,16260,275980000,17(0.00 %),16500,280040000,240,4060000,1407100,29.89
21/09/2020,74590,1273360000,17.05(0.29 %),91090,1552360000,16500,279000000,1328010,29.89
22/09/2020,61500,1050602000,17.05(0.00 %),82500,1406552000,21000,355950000,1415580,29.89
23/09/2020,4140,70513500,17.1(0.29 %),13140,224188500,9000,153675000,1411440,29.89
24/09/2020,-12530,-213330000,17.15(0.29 %),2470,42220000,15000,255550000,1421600,29.88
25/09/2020,12310,211069000,17.1(-0.29 %),12310,211069000,0,0,1411660,29.89
28/09/2020,-8390,-144065500,17.2(0.58 %),6000,102889000,14390,246954500,1420050,29.89
29/09/2020,-9000,-154010000,17(-1.16 %),0,0,9000,154010000,1448290,29.88
30/09/2020,4170,70900500,17(0.00 %),4970,84458000,800,13557500,1424880,29.88
01/10/2020,-7090,-119806000,17(0.00 %),410,6944000,7500,126750000,1459380,29.88
02/10/2020,2320,39239000,17(0.00 %),6410,108650000,4090,69411000,1457060,29.88
05/10/2020,12480,214542500,17.35(2.06 %),12480,214542500,0,0,1444580,29.88
06/10/2020,-42940,-756005500,17.55(1.15 %),14690,258645000,57630,1014650500,1487520,29.88
07/10/2020,4060,70857000,17.45(-0.57 %),10560,184157000,6500,113300000,1483460,29.88
08/10/2020,7020,120310000,17.15(-1.72 %),13020,223380000,6000,103070000,1419860,29.89
09/10/2020,-8500,-144488500,17.15(0.00 %),3500,59500000,12000,203988500,1484940,29.88
12/10/2020,202800,3493223000,17.2(0.29 %),205820,3545318000,3020,52095000,1282140,29.9
13/10/2020,200000,3457280000,17.4(1.16 %),207500,3586660000,7500,129380000,1073170,29.91
14/10/2020,98560,1722990000,17.4(0.00 %),101560,1775420000,3000,52430000,983610,29.92
15/10/2020,-4400,-76990000,17.6(1.15 %),0,0,4400,76990000,986630,29.92
16/10/2020,87180,1519530000,17.35(-1.42 %),681600,11921090000,594420,10401560000,894130,29.93
19/10/2020,2280,39550000,17.2(-0.86 %),4620,79940000,2340,40390000,895510,29.93
20/10/2020,327000,5695640000,17.5(1.74 %),327000,5695640000,0,0,565410,29.95
21/10/2020,0,0,17.25(-1.43 %),0,0,0,0,578230,29.95
22/10/2020,220100,3843180000,17.5(1.45 %),5618100,97768380000,5398000,93925200000,352120,29.97
23/10/2020,5900,102640000,17.5(0.00 %),226000,3943400000,220100,3840760000,339440,29.97
26/10/2020,191090,3343392500,17.3(-1.14 %),201690,3527875000,10600,184482500,154430,29.99
27/10/2020,13560,234880000,17.3(0.00 %),1734070,29741490000,1720510,29506610000,124330,29.99
28/10/2020,21450,369976500,17.3(0.00 %),22500,388021500,1050,18045000,119420,29.99
29/10/2020,-20490,-349370000,17.25(-0.29 %),11540,199470000,32030,548840000,92530,29.99
30/10/2020,-16640,-280780000,17.2(-0.29 %),12120,207997000,28760,488777000,156550,29.99
02/11/2020,6120,104703500,17.2(0.00 %),10310,176552000,4190,71848500,92160,29.99
03/11/2020,113730,1978910000,17.3(0.58 %),113880,1981510000,150,2600000,0,30.0
04/11/2020,3060,52960000,17.25(-0.29 %),4320,74700000,1260,21740000,185600,29.98
05/11/2020,1480,25320000,17.2(-0.29 %),1480,25320000,0,0,184310,29.99
06/11/2020,5100,87465000,17.3(0.58 %),5100,87465000,0,0,183340,29.99
09/11/2020,22000,379429500,17.3(0.00 %),22000,379429500,0,0,161340,29.99
10/11/2020,-600,-10405000,17.3(0.00 %),400,6895000,1000,17300000,161940,29.99
11/11/2020,-7660,-131509000,17.25(-0.29 %),200,3425000,7860,134934000,169600,29.99
12/11/2020,149180,2580842000,17.3(0.29 %),151270,2616818500,2090,35976500,20420,30.0
13/11/2020,-1080,-18522000,17.2(-0.58 %),160,2744000,1240,21266000,21500,30.0
16/11/2020,-370,-4290000,17.15(-0.29 %),15100,259710000,15470,264000000,359,30.0
17/11/2020,-12380,-210118500,17.3(0.87 %),190,3230000,12570,213348500,34250,30.0
18/11/2020,-30010,-510122000,17.2(-0.58 %),0,0,30010,510122000,64260,29.99
19/11/2020,-20330,-346353000,17.15(-0.29 %),50,850000,20380,347203000,84590,29.99
20/11/2020,10,170000,17.25(0.58 %),10,170000,0,0,65489,29.99
23/11/2020,0,0,17.15(-0.58 %),0,0,0,0,99499,29.99
24/11/2020,4270,73100000,0(0.00 %),6270,107100000,2000,34000000,113609,29.99
25/11/2020,15000,257350000,17.25(0.58 %),17000,291550000,2000,34200000,101609,29.99
26/11/2020,101610,1752450000,17.25(0.00 %),105610,1820850000,4000,68400000,3,30.0
27/11/2020,0,0,17.1(-0.87 %),0,0,0,0,2003,30.0
30/11/2020,-10000,-170700000,17.2(0.58 %),0,0,10000,170700000,12003,30.0
01/12/2020,-20080,-339760000,17.15(-0.29 %),8000,137600000,28080,477360000,3,30.0
02/12/2020,1,170000,17.2(0.29 %),1,170000,0,0,1243,30.0
03/12/2020,-3990,-67970000,17.2(0.00 %),10,170000,4000,68140000,11235,30.0
04/12/2020,10,1710000,17.05(-0.87 %),10,1710000,0,0,39215,30.0
07/12/2020,-5000,-85250000,17.2(0.88 %),0,0,5000,85250000,31555,30.0
08/12/2020,-1390,-23840000,17.05(-0.87 %),0,0,1390,23840000,35555,30.0
09/12/2020,8390,143470000,17.1(0.29 %),17000,290700000,8610,147230000,11555,30.0
10/12/2020,0,0,17.2(0.58 %),0,0,0,0,11555,30.0
11/12/2020,12940,222320000,17.1(-0.58 %),12940,222320000,0,0,5,30.0
14/12/2020,0,0,17.2(0.58 %),0,0,0,0,8615,30.0
15/12/2020,0,0,17.15(-0.29 %),0,0,0,0,5,30.0
16/12/2020,0,0,17.15(0.00 %),0,0,0,0,8615,30.0
17/12/2020,0,0,17.05(-0.58 %),0,0,0,0,5,30.0
18/12/2020,-1824,-311900000,17.2(0.88 %),0,0,1824,311900000,0,30.0
21/12/2020,-50,-920000,18.4(6.98 %),0,0,50,920000,0,30.0
22/12/2020,201700,3940460000,19.65(6.79 %),203200,3969940000,1500,29480000,437,30.0
23/12/2020,6660,139600000,19.5(-0.76 %),18520,386510000,11860,246910000,157,30.0
24/12/2020,0,0,19(-2.56 %),0,0,0,0,0,30.0
25/12/2020,0,0,19.1(0.53 %),0,0,0,0,0,30.0
28/12/2020,11860,231948000,18.8(-1.57 %),11860,231948000,0,0,6817,30.0
29/12/2020,0,0,18.8(0.00 %),0,0,0,0,0,30.0
30/12/2020,0,0,20.1(6.91 %),0,0,0,0,0,30.0
31/12/2020,-11,-2120000,19.25(-4.23 %),0,0,11,2120000,0,30.0
04/01/2021,-200,-3850000,19.5(1.30 %),0,0,200,3850000,0,30.0
05/01/2021,-100,-1945000,19.5(0.00 %),0,0,100,1945000,0,30.0
06/01/2021,100,1950000,20.5(5.13 %),100,1950000,0,0,110,30.0
07/01/2021,200,4100000,20.1(-1.95 %),200,4100000,0,0,-90,30.0
08/01/2021,-2200,-44615000,20.4(1.49 %),100,2025000,2300,46640000,110,30.0
11/01/2021,0,0,20.2(-0.98 %),0,0,0,0,9,30.0
12/01/2021,0,0,20.2(0.00 %),0,0,0,0,110,30.0
13/01/2021,230,46460000,21.5(6.44 %),230,46460000,0,0,9,30.0
14/01/2021,0,0,21.6(0.47 %),0,0,0,0,9,30.0
15/01/2021,-800,-172800000,22(1.85 %),0,0,800,172800000,9,30.0
18/01/2021,0,0,21.45(-2.50 %),0,0,0,0,8009,30.0
19/01/2021,0,0,20.2(-5.83 %),0,0,0,0,0,30.0
20/01/2021,490,94240000,20.2(0.00 %),790,154840000,300,60600000,29,30.0
21/01/2021,-200,-4040000,20(-0.99 %),0,0,200,4040000,3309,30.0
22/01/2021,0,0,20.5(2.50 %),0,0,0,0,3309,30.0
25/01/2021,300,60010000,20(-2.44 %),300,60010000,0,0,79,30.0
26/01/2021,20,4020000,18.8(-6.00 %),20,4020000,0,0,79,30.0
27/01/2021,-500,-94250000,17.7(-5.85 %),0,0,500,94250000,79,30.0
28/01/2021,0,0,18.1(2.26 %),0,0,0,0,5109,30.0
29/01/2021,0,0,16.85(-6.91 %),0,0,0,0,5109,30.0
01/02/2021,-13400,-227700000,17.5(3.86 %),400,6760000,13800,234460000,5079,30.0
02/02/2021,-99930,-17132890000,17.5(0.00 %),70,12100000,100000,17144990000,3979,30.0
03/02/2021,-100000,-17520890000,17.9(2.29 %),0,0,100000,17520890000,3979,30.0
04/02/2021,-177410,-3124352000,17.8(-0.56 %),300,5270000,177710,3129622000,2181789,29.82
05/02/2021,700,12400000,17.9(0.56 %),700,12400000,0,0,2181089,29.82
08/02/2021,-1070,-191000000,17.75(-0.84 %),0,0,1070,191000000,2016779,29.84
09/02/2021,1200,20995000,17.8(0.28 %),1300,22750000,100,1755000,2190589,29.82
17/02/2021,21200,379780000,18(1.12 %),24500,438520000,3300,58740000,2169389,29.82
18/02/2021,11700,209205000,18.5(2.78 %),12000,214575000,300,5370000,2157689,29.83
19/02/2021,-100,-1835000,18.5(0.00 %),200,3625000,300,5460000,2157789,29.83
22/02/2021,200,3680000,18.3(-1.08 %),400,7300000,200,3620000,2157589,29.83
23/02/2021,-2100,-37815000,18.3(0.00 %),800,14565000,2900,52380000,2159689,29.83
24/02/2021,1600,28910000,18.2(-0.55 %),1600,28910000,0,0,2158089,29.83
25/02/2021,-10300,-185605000,18.1(-0.55 %),600,10800000,10900,196405000,2168389,29.82
26/02/2021,80,14320000,18.1(0.00 %),140,25060000,60,10740000,2169489,29.82
01/03/2021,1580,287480000,18.45(1.93 %),1720,312820000,140,25340000,2152289,29.83
02/03/2021,-61300,-1151515000,18.8(1.90 %),8700,162820000,70000,1314335000,2230789,29.82
03/03/2021,-5900,-110125000,18.75(-0.27 %),2400,44990000,8300,155115000,2236689,29.82
04/03/2021,-8700,-161055000,18.6(-0.80 %),100,1850000,8800,162905000,2245389,29.82
05/03/2021,-5100,-93995000,18.5(-0.54 %),6100,110885000,11200,204880000,2250489,29.82
08/03/2021,-290,-53240000,18.45(-0.27 %),110,20200000,400,73440000,2225089,29.82
09/03/2021,-70,-12750000,18.4(-0.27 %),100,18200000,170,30950000,2232889,29.82
10/03/2021,-110,-20120000,18.4(0.00 %),10,1840000,120,21960000,2243989,29.82
11/03/2021,10,1820000,18.4(0.00 %),20,3660000,10,1840000,2247799,29.82
12/03/2021,-2000,-36620000,18.4(0.00 %),1000,18400000,3000,55020000,2257089,29.82
15/03/2021,-950,-175260000,18.45(0.27 %),0,0,950,175260000,2249699,29.82
16/03/2021,-2900,-53135000,18.4(-0.27 %),2100,38645000,5000,91780000,2269489,29.82
17/03/2021,-600,-11015000,18.45(0.27 %),100,1830000,700,12845000,2270089,29.82
18/03/2021,940,178090000,19.15(3.79 %),960,181820000,20,3730000,2250431,29.82
19/03/2021,16200,315850000,19.7(2.87 %),17300,337525000,1100,21675000,2244489,29.82
22/03/2021,-2300,-44575000,19.35(-1.78 %),1200,23280000,3500,67855000,2246789,29.82
23/03/2021,780,145230000,19(-1.81 %),1410,263740000,630,118510000,2223671,29.82
24/03/2021,-1000,-18680000,18.5(-2.63 %),200,3760000,1200,22440000,2239989,29.82
25/03/2021,-200,-3710000,19(2.70 %),0,0,200,3710000,2240189,29.82
26/03/2021,1500,27595000,19(0.00 %),4700,87440000,3200,59845000,2238689,29.82
29/03/2021,200,3485000,18.9(-0.53 %),2900,54515000,2700,51030000,2238489,29.82
30/03/2021,14600,279185000,19.5(3.17 %),16000,306265000,1400,27080000,2223889,29.82
31/03/2021,1110,220270000,20.1(3.08 %),1270,252800000,160,32530000,2202692,29.82
01/04/2021,1340,277350000,20.3(1.00 %),2220,456280000,880,178930000,2183192,29.82
02/04/2021,-86200,-1755900000,20.4(0.49 %),14400,293845000,100600,2049745000,2291592,29.81
05/04/2021,-230,-50140000,21.8(6.86 %),0,0,230,50140000,2171792,29.82
06/04/2021,17400,399060000,23.1(5.96 %),21800,499720000,4400,100660000,2276492,29.82
07/04/2021,26800,613525000,23(-0.43 %),26800,613525000,0,0,2249692,29.82
08/04/2021,13500,310575000,22.8(-0.87 %),14500,333535000,1000,22960000,2236192,29.82
09/04/2021,-2700,-60885000,22.45(-1.54 %),0,0,2700,60885000,2238892,29.82
12/04/2021,6230,1411510000,23.4(4.23 %),6230,1411510000,0,0,2162192,29.82
13/04/2021,6300,154430000,23.6(0.85 %),24600,592990000,18300,438560000,2170292,29.82
14/04/2021,1430,360250000,25.25(6.99 %),2650,648440000,1220,288190000,2114792,29.83
15/04/2021,-51400,-1330595000,25.8(2.18 %),1100,27830000,52500,1358425000,2207392,0.0
16/04/2021,-2680,-696130000,26.2(1.55 %),60,15430000,2740,711560000,2131342,29.83
19/04/2021,-3260,-873780000,27.1(3.44 %),1420,376780000,4680,1250560000,2129342,29.83
20/04/2021,-19300,-526665000,27.1(0.00 %),14800,401610000,34100,928275000,2286092,29.81
22/04/2021,-45800,-1187115000,25.3(-6.64 %),4000,103270000,49800,1290385000,2331892,29.81
23/04/2021,72100,1812720000,26.95(6.52 %),76900,1937040000,4800,124320000,2259792,29.82
26/04/2021,-5500,-135820000,26.15(-2.97 %),7400,195885000,12900,331705000,2265292,29.82
27/04/2021,1470,377820000,26.1(-0.19 %),3560,914020000,2090,536200000,2204642,29.82
28/04/2021,38600,985595000,27.5(5.36 %),38600,985595000,0,0,2211992,29.82
29/04/2021,-15200,-404960000,27.45(-0.18 %),400,10690000,15600,415650000,2227192,29.82
04/05/2021,10500,274510000,26.4(-3.83 %),15700,412015000,5200,137505000,2204242,29.82
05/05/2021,22100,589300000,26.2(-0.76 %),22200,591955000,100,2655000,2182142,29.82
06/05/2021,3600,95250000,25.8(-1.53 %),8100,212475000,4500,117225000,2178542,29.82
07/05/2021,17800,460385000,25.7(-0.39 %),17800,460385000,0,0,2160742,29.83
10/05/2021,23900,600880000,24.9(-3.11 %),25900,650880000,2000,50000000,2136842,29.83
11/05/2021,-4900,-136520000,25.7(3.21 %),14200,356135000,19100,492655000,2141742,29.83
12/05/2021,4300,109480000,25.35(-1.36 %),16400,419670000,12100,310190000,2137442,29.83
13/05/2021,1600,427720000,27(6.51 %),2100,559150000,500,131430000,2096742,29.83
14/05/2021,980,267910000,27.3(1.11 %),1030,281510000,50,13600000,2106342,29.83
17/05/2021,-10,1260000,26.95(-1.28 %),910,250250000,920,248990000,2109342,29.83
18/05/2021,-26200,-682885000,26(-3.53 %),0,0,26200,682885000,2137942,29.83
19/05/2021,5600,142555000,26.3(1.15 %),15900,414995000,10300,272440000,2132342,29.83
20/05/2021,32700,850655000,26(-1.14 %),32700,850655000,0,0,2099642,29.83
21/05/2021,500,16555000,26.05(0.19 %),30100,787775000,29600,771220000,2099142,29.83
24/05/2021,-2000,-51155000,26.05(0.00 %),8000,208845000,10000,260000000,2101142,29.83
25/05/2021,46600,1246495000,26.8(2.88 %),46600,1246495000,0,0,2054542,29.83
26/05/2021,13000,352385000,28.65(6.90 %),13600,369250000,600,16865000,2041542,29.83
27/05/2021,-320,-98120000,30.65(6.98 %),160,49000000,480,147120000,2056842,29.83
28/05/2021,28000,886425000,31.9(4.08 %),29700,940345000,1700,53920000,2016742,29.84
31/05/2021,28000,875170000,32.8(2.82 %),28000,875170000,0,0,1988742,29.84
01/06/2021,390,127320000,32.5(-0.91 %),400,130600000,10,3280000,1999142,29.84
02/06/2021,-19300,-605700000,31.15(-4.15 %),1200,37600000,20500,643300000,2022442,29.84
03/06/2021,-37300,-1189470000,32(2.73 %),2600,81185000,39900,1270655000,2059742,29.83
04/06/2021,2440,786460000,33.4(4.38 %),4490,1448300000,2050,661840000,1946042,29.84
07/06/2021,-16200,-513780000,32.75(-1.95 %),0,0,16200,513780000,2051542,29.83
08/06/2021,5700,181080000,30.7(-6.26 %),6500,206300000,800,25220000,2045842,29.83
09/06/2021,-6200,-180960000,31.1(1.30 %),11800,352540000,18000,533500000,2052042,29.83
10/06/2021,-5500,-162795000,30.3(-2.57 %),14200,437455000,19700,600250000,2057542,29.83
11/06/2021,60,18120000,30.4(0.33 %),60,18120000,0,0,2005942,29.84
14/06/2021,-10900,-334585000,30.4(0.00 %),0,0,10900,334585000,2067842,29.83
15/06/2021,-2970,-893640000,30(-1.32 %),290,87150000,3260,980790000,2040742,29.83
16/06/2021,160,44150000,29.1(-3.00 %),800,235110000,640,190960000,2032742,29.84
17/06/2021,38500,1108995000,29(-0.34 %),38600,1111895000,100,2900000,2057442,29.83
18/06/2021,-460,-136530000,29.8(2.76 %),0,0,460,136530000,2037638,29.84
21/06/2021,-43400,-1280760000,29.45(-1.17 %),0,0,43400,1280760000,2105442,29.83
22/06/2021,-660,-193840000,29.55(0.34 %),0,0,660,193840000,2042038,29.83
23/06/2021,10,2940000,29.3(-0.85 %),10,2940000,0,0,2044438,29.83
24/06/2021,-2550,-747470000,29.15(-0.51 %),330,96360000,2880,843830000,2084538,29.83
25/06/2021,-2000,-58045000,29.25(0.34 %),1000,28940000,3000,86985000,2139442,29.83
28/06/2021,1800,52245000,29.8(1.88 %),4900,144630000,3100,92385000,2137642,29.83
29/06/2021,-12300,-375260000,30.5(2.35 %),2000,61645000,14300,436905000,2149942,29.83
30/06/2021,-13800,-416865000,30.3(-0.66 %),1400,42250000,15200,459115000,2163742,29.82
01/07/2021,4200,129730000,30.7(1.32 %),9700,294895000,5500,165165000,2110446,29.83
02/07/2021,-3200,-99060000,31.35(2.12 %),0,0,3200,99060000,2113646,29.83
05/07/2021,-1040,-326930000,31.7(1.12 %),110,34170000,1150,361100000,2129146,29.83
06/07/2021,-1810,-570040000,30.5(-3.94 %),110,35080000,1920,605120000,2133546,29.83
07/07/2021,23600,710450000,30.5(0.00 %),27700,833450000,4100,123000000,2118546,29.83
08/07/2021,-11050,-3292890000,29.35(-3.77 %),40,11820000,11090,3304710000,2120146,29.83
09/07/2021,-83300,-2424220000,28.9(-1.53 %),17200,495895000,100500,2920115000,2312346,29.81
12/07/2021,-7600,-2099910000,28.8(-0.35 %),2490,687640000,10090,2787550000,2101346,29.83
13/07/2021,-12430,-3498070000,28.1(-2.43 %),470,132210000,12900,3630280000,2207546,29.82
14/07/2021,-95600,-2570760000,26.5(-5.69 %),13600,360940000,109200,2931700000,2608246,29.79
15/07/2021,-8240,-2213190000,27.1(2.26 %),370,99150000,8610,2312340000,2391646,29.81
16/07/2021,-111900,-3017675000,27(-0.37 %),4900,132300000,116800,3149975000,2802546,29.77
19/07/2021,-64700,-1653855000,25.95(-3.89 %),13000,336675000,77700,1990530000,2867246,29.77
20/07/2021,2160,547670000,25.8(-0.58 %),2310,586480000,150,38810000,2674946,29.78
21/07/2021,-1900,-48015000,25.75(-0.19 %),3000,78000000,4900,126015000,2847546,29.77
22/07/2021,6900,180265000,27(4.85 %),6900,180265000,0,0,2840646,29.77
23/07/2021,-120400,-3165710000,26(-3.70 %),800,20920000,121200,3186630000,2961046,29.76
26/07/2021,-10870,-2754480000,26(0.00 %),170,42940000,11040,2797420000,2860346,29.77
27/07/2021,-9670,-2437400000,24.9(-4.23 %),710,179710000,10380,2617110000,2853246,29.77
28/07/2021,3400,84620000,24.75(-0.60 %),3600,89580000,200,4960000,3163046,29.74
29/07/2021,11500,289255000,26(5.05 %),11500,289255000,0,0,3151546,29.74
30/07/2021,290,74820000,26.4(1.54 %),290,74820000,0,0,3170646,29.74
02/08/2021,-11400,-295535000,25.8(-2.27 %),4300,111610000,15700,407145000,3170846,29.74
03/08/2021,-1900,-49925000,27(4.65 %),1700,45815000,3600,95740000,3172746,29.74
04/08/2021,4400,119240000,27.2(0.74 %),4400,119240000,0,0,3168346,29.74
05/08/2021,0,0,27.55(0.36 %),0,0,0,0,3168346,29.74
06/08/2021,3100,84885000,26.95(-2.18 %),8900,243810000,5800,158925000,3165246,29.74
09/08/2021,-10300,-276625000,27.1(0.56 %),800,21560000,11100,298185000,3175546,29.74
10/08/2021,-6100,-163630000,26.85(-0.92 %),3500,94250000,9600,257880000,3181646,29.74
11/08/2021,-2100,-56490000,26.65(-0.19 %),0,0,2100,56490000,3183746,29.74
12/08/2021,-1900,-50585000,26.7(0.19 %),0,0,1900,50585000,3185646,29.74
13/08/2021,-14900,-312003900,26.3(-1.50 %),0,0,14900,312003900,3200546,29.74
16/08/2021,-9400,-246810000,26.55(0.95 %),0,0,9400,246810000,3209946,29.74
17/08/2021,21500,573035000,26.55(0.00 %),21500,573035000,0,0,3157546,29.74
18/08/2021,-200,-5705000,26.3(-0.94 %),3800,100395000,4000,106100000,3210146,29.74
19/08/2021,-44600,-1155770000,25.9(-1.52 %),1500,39090000,46100,1194860000,3254746,29.74
20/08/2021,-7400,-186285000,24.9(-3.86 %),1300,33620000,8700,219905000,3262146,29.74
23/08/2021,5600,135495000,24(-3.61 %),12800,311385000,7200,175890000,3256546,29.74
24/08/2021,9000,218445000,24.1(0.42 %),9500,230500000,500,12055000,3247546,29.74
25/08/2021,-21300,-517035000,24.6(2.07 %),500,12115000,21800,529150000,3268846,29.74
26/08/2021,-19400,-480540000,24.25(-1.42 %),400,9700000,19800,490240000,3288246,29.73
27/08/2021,-700,-17080000,24.6(1.44 %),0,0,700,17080000,3288946,29.73
30/08/2021,3400,83910000,25.5(3.66 %),155713,3830974800,152313,3747064800,3285546,29.73
31/08/2021,-13000,-334295000,25.35(-0.59 %),8300,213530000,21300,547825000,3298546,29.73
01/09/2021,-18900,-478425000,25.05(-1.18 %),1400,35440000,20300,513865000,3276049,29.73
06/09/2021,-1800,-45095000,24.95(-0.40 %),3100,77405000,4900,122500000,3277849,29.73
07/09/2021,900,19665000,26(4.21 %),6000,150740000,5100,131075000,3276949,29.73
08/09/2021,-11700,-298160000,25.5(-1.92 %),0,0,11700,298160000,3288649,29.73
09/09/2021,-7200,-183000000,25.45(-0.20 %),1000,25250000,8200,208250000,3295849,29.73
10/09/2021,-10000,-258020000,25.8(1.38 %),0,0,10000,258020000,3305849,29.73
13/09/2021,-600,-15270000,25.5(-1.16 %),2000,51400000,2600,66670000,3306449,29.73
14/09/2021,-7900,-200640000,25.6(0.39 %),1800,45545000,9700,246185000,3314349,29.73
15/09/2021,-6200,-156300000,25.5(-0.39 %),300,7635000,6500,163935000,3320549,29.73
16/09/2021,-9600,-243300000,25.2(-1.18 %),0,0,9600,243300000,3330149,29.73
17/09/2021,-3200,-80830000,26(3.17 %),0,0,3200,80830000,3333349,29.73
20/09/2021,13600,348720000,25.3(-2.69 %),17000,435650000,3400,86930000,3319749,29.73
21/09/2021,-3100,-77430000,24.75(-2.17 %),0,0,3100,77430000,3322849,29.73
22/09/2021,4400,108715000,24.8(0.20 %),5100,125970000,700,17255000,3318449,29.73
23/09/2021,1200,31340000,24.3(-2.02 %),15500,384405000,14300,353065000,3317249,29.73
24/09/2021,-3400,-85625000,24.05(-1.03 %),12300,299900000,15700,385525000,3320649,29.73
27/09/2021,-22000,-529610000,23.8(-1.04 %),4100,98000000,26100,627610000,3342649,29.73
28/09/2021,-6100,-144580000,23.85(0.21 %),5700,132450000,11800,277030000,3348749,29.73
29/09/2021,-9100,-214945000,23.5(-1.47 %),200,4720000,9300,219665000,3357849,29.73
30/09/2021,-6200,-145465000,23.6(0.43 %),5600,133180000,11800,278645000,3364049,29.73
01/10/2021,17100,400560000,22.85(-3.18 %),133162,2970805900,116062,2570245900,3344179,29.73
04/10/2021,3500,76695000,22.1(-3.28 %),7500,166810000,4000,90115000,3340679,29.73
05/10/2021,38400,866245000,22.4(1.36 %),38600,870735000,200,4490000,3302279,29.73
06/10/2021,100,2235000,22.3(-0.45 %),100,2235000,0,0,3302179,0.0
07/10/2021,-67200,-1488475000,22.05(-1.12 %),13000,288945000,80200,1777420000,3369379,0.0
08/10/2021,-67100,-1506500000,22.4(1.59 %),12900,288830000,80000,1795330000,3436479,0.0
11/10/2021,-65200,-1267620600,23.3(4.02 %),14800,307233000,80000,1574853600,3501679,0.0
12/10/2021,-82500,-1907395000,23.2(-0.43 %),1000,23300000,83500,1930695000,3584179,0.0
13/10/2021,-2200,-51845000,23.1(-0.43 %),3100,71640000,5300,123485000,3586379,0.0
14/10/2021,3500,81960000,23.6(2.16 %),3500,81960000,0,0,3582879,0.0
15/10/2021,-75400,-1761505000,23.3(-1.27 %),4600,108290000,80000,1869795000,3658279,0.0
18/10/2021,23900,557770000,23.2(-0.43 %),24000,560100000,100,2330000,3634379,0.0
19/10/2021,100,1260000,23.7(2.16 %),10300,238955000,10200,237695000,3634279,0.0
20/10/2021,46600,1106630000,23.4(-1.27 %),56500,1338890000,9900,232260000,3587679,0.0
21/10/2021,-9800,-228375000,23.2(-0.85 %),0,0,9800,228375000,3644079,0.0
22/10/2021,100,2320000,23.4(0.86 %),100,2320000,0,0,3643979,0.0
25/10/2021,-400,-9270000,23.15(-1.07 %),400,9260000,800,18530000,3644379,0.0
26/10/2021,-4900,-113025000,23.2(0.22 %),0,0,4900,113025000,3649279,0.0
27/10/2021,44500,1038760000,23.5(1.29 %),44500,1038760000,0,0,3604779,0.0
28/10/2021,13800,324180000,23.6(0.43 %),13900,326545000,100,2365000,3590979,29.71
29/10/2021,-35600,-843490000,22.5(-4.66 %),1500,35010000,37100,878500000,3626579,29.71
01/11/2021,2200,51175000,23.3(3.56 %),9000,209680000,6800,158505000,3571079,29.71
02/11/2021,12300,287180000,24.9(6.87 %),12300,287180000,0,0,3558779,29.71
03/11/2021,0,0,25.95(4.22 %),0,0,0,0,3558779,29.71
04/11/2021,-3100,-66638000,25.55(-1.54 %),700,17941000,3800,84579000,3561879,0.0
05/11/2021,0,0,25.3(-0.98 %),0,0,0,0,3558779,29.71
08/11/2021,24000,608660000,25.2(-0.40 %),24800,629020000,800,20360000,3534779,29.71
09/11/2021,-68000,-1731945000,25.5(1.19 %),12700,324140000,80700,2056085000,3602779,29.71
10/11/2021,-52600,-1370913800,26(1.96 %),12600,328393800,65200,1699307600,3655379,0.0
11/11/2021,-68600,-1787170000,26.4(1.54 %),12600,327590000,81200,2114760000,3671379,29.7
12/11/2021,-123200,-3452480000,28.2(6.82 %),7500,201770000,130700,3654250000,3794579,29.69
15/11/2021,-35000,-993345000,28.6(1.42 %),1800,51555000,36800,1044900000,3829579,29.69
16/11/2021,-23100,-654240000,28.2(-1.40 %),0,0,23100,654240000,3852679,29.69
17/11/2021,-76400,-2118760000,27.7(-1.77 %),3700,102830000,80100,2221590000,3929079,29.68
18/11/2021,-78000,-2128565000,26.8(-3.25 %),6700,181200000,84700,2309765000,4007079,29.68
19/11/2021,-77400,-2142210000,27.8(3.73 %),14500,401520000,91900,2543730000,4084479,29.67
22/11/2021,-129400,-3663950000,27.7(-0.36 %),2100,59415000,131500,3723365000,4213879,29.66
23/11/2021,-88700,-2433005000,27.5(-0.72 %),100,2740000,88800,2435745000,4302579,29.65
24/11/2021,-22000,-642150000,29.4(6.91 %),60300,1728285000,82300,2370435000,4324579,29.65
25/11/2021,-101400,-2981570000,29.25(-0.51 %),6900,202860000,108300,3184430000,4425979,29.64
26/11/2021,-97800,-2848470000,28.8(-1.54 %),6300,185035000,104100,3033505000,4523779,0.0
29/11/2021,3700,0,28.35(-1.56 %),7400,0,3700,0,4520079,0.0
30/11/2021,-14100,-408920000,27.4(-3.35 %),20100,553530000,34200,962450000,4537879,29.63
01/12/2021,2500,73735000,27.35(-0.18 %),13100,363880000,10600,290145000,4606467,29.63
02/12/2021,-20200,-566940000,27.8(1.65 %),4000,112345000,24200,679285000,4626667,29.63
03/12/2021,-9800,-268940000,27(-2.88 %),0,0,9800,268940000,4636467,29.62
06/12/2021,-100,-7475000,25.2(-6.67 %),11200,291515000,11300,298990000,4636567,29.62
07/12/2021,37800,973185000,25.6(1.59 %),37800,973185000,0,0,4598767,29.63
08/12/2021,8500,221375000,26.7(4.30 %),8500,221375000,0,0,4590267,29.63
09/12/2021,-1400,-38045000,27.1(1.50 %),0,0,1400,38045000,4591667,0.0
10/12/2021,-15300,-410900000,26.8(-1.11 %),2000,53600000,17300,464500000,4606967,29.63
13/12/2021,-9200,-250015000,26.45(-1.31 %),4000,106400000,13200,356415000,4616167,29.63
14/12/2021,-5500,-146065000,26.8(1.32 %),6400,167530000,11900,313595000,4621667,0.0
15/12/2021,-11000,-292210000,26.45(-1.31 %),500,13225000,11500,305435000,4632667,0.0
16/12/2021,1600,40585000,26(-1.70 %),5100,133940000,3500,93355000,4631067,0.0
17/12/2021,1900,49810000,26(0.00 %),3100,80910000,1200,31100000,4629167,0.0
20/12/2021,39900,1054745000,26.45(1.73 %),40400,1067945000,500,13200000,4589267,0.0
21/12/2021,5300,141870000,26.75(1.13 %),5300,141870000,0,0,4583967,0.0
22/12/2021,-2500,-69715000,27.3(1.87 %),4400,117710000,6900,187425000,4586467,0.0
23/12/2021,0,0,29.2(6.96 %),0,0,0,0,4586467,0.0
24/12/2021,0,0,31.2(6.85 %),0,0,0,0,4586467,0.0
27/12/2021,-131600,-4109855000,33.35(6.89 %),3600,118060000,135200,4227915000,4616267,29.63
28/12/2021,-48400,-1710820000,35.5(6.29 %),1800,61950000,50200,1772770000,4664667,0.0
29/12/2021,500100,18601635000,34.2(-3.66 %),510500,18979820000,10400,378185000,4256567,29.66
30/12/2021,80100,2740330000,33.8(-1.17 %),81000,2771785000,900,31455000,4225767,29.66
31/12/2021,33700,1151980000,33.7(-0.30 %),35600,1216585000,1900,64605000,4200567,29.66
04/01/2022,357800,12170325000,33.9(0.59 %),359900,12241185000,2100,70860000,3841567,29.69
05/01/2022,12500,423595000,34.3(1.18 %),16700,566015000,4200,142420000,3826767,29.69
06/01/2022,394500,13511610000,34.2(-0.29 %),404700,13858420000,10200,346810000,3424167,29.72
07/01/2022,9300,325575000,33.4(-2.34 %),22400,770510000,13100,444935000,3407467,29.72
10/01/2022,52200,1706743900,32.7(-2.10 %),52200,1706743900,0,0,3365467,29.73
11/01/2022,5600,194260000,33.05(1.07 %),40500,1345960000,34900,1151700000,3338067,29.73
12/01/2022,68700,2296035000,33.8(2.11 %),69600,2326275000,900,30240000,3268467,29.74
13/01/2022,50600,1745825000,34.2(1.18 %),50600,1745825000,0,0,3254267,29.74
14/01/2022,-7000,-235270000,33.85(-1.02 %),3600,121055000,10600,356325000,3248067,29.74
17/01/2022,-9400,-308570000,32.9(-2.81 %),6300,213090000,15700,521660000,3239767,29.74
18/01/2022,54900,1755930000,32.35(-1.67 %),58400,1868125000,3500,112195000,3193467,29.74
19/01/2022,-800,-26955000,31.7(-2.16 %),7700,246885000,8500,273840000,3201467,29.74
20/01/2022,12500,403365000,32.5(0.31 %),25700,831310000,13200,427945000,3179267,29.74
21/01/2022,-13100,-432415000,33.4(2.45 %),700,22835000,13800,455250000,3187067,29.74
24/01/2022,-55200,-1849540000,33.8(1.20 %),2000,66440000,57200,1915980000,3198267,29.74
25/01/2022,5700,195245000,34.9(3.25 %),10800,368645000,5100,173400000,3201267,29.74
26/01/2022,-13600,-411961600,35.25(1.00 %),5600,146630400,19200,558592000,3254367,29.74
27/01/2022,-6200,-217995000,35.3(0.00 %),1100,38320000,7300,256315000,3258367,29.74
28/01/2022,-4800,-182845000,37.45(6.09 %),20003500,657122700000,20008300,657305545000,3274067,29.74
07/02/2022,-4200,-155885000,35.95(-4.13 %),4700,168560000,8900,324445000,3276667,29.73
08/02/2022,100,3745000,35.7(-0.83 %),4400,158365000,4300,154620000,3280567,29.73
09/02/2022,-348900,-12023205000,34.8(-2.52 %),10500,363355000,359400,12386560000,3279667,29.73
10/02/2022,-17100,-605015000,35(0.57 %),20000000,648000000000,20017100,648605015000,3290967,29.73
11/02/2022,-19200,-674055000,35.8(2.29 %),500,17425000,19700,691480000,3649867,29.7
14/02/2022,-2400,-86320000,36.55(2.09 %),11400,415385000,13800,501705000,3658567,29.7
15/02/2022,9400,348330000,37.25(1.78 %),10700,396475000,1300,48145000,3667565,29.7
16/02/2022,-225600,-8132765000,35.8(-4.02 %),20969917,726623889050,21195517,734756654050,3672565,29.7
17/02/2022,-13200,-481140000,36.1(0.84 %),0,0,13200,481140000,3686863,29.7
18/02/2022,-9900,-357335000,35.95(-0.42 %),400,14465000,10300,371800000,3919463,29.68
21/02/2022,-9700,-342995000,35.3(-1.94 %),600,21510000,10300,364505000,3931363,29.68
22/02/2022,-46100,-1625145000,35(-0.85 %),0,0,46100,1625145000,3941663,29.68
23/02/2022,8100,286610000,33(-5.71 %),22400,794510000,14300,507900000,3929563,29.68
24/02/2022,-2800,-94125000,33.6(1.82 %),11700,399020000,14500,493145000,3967436,29.68
25/02/2022,28900,998860000,34.9(3.87 %),32300,1115540000,3400,116680000,3966936,29.68
28/02/2022,-4000,-139170000,33.85(-3.01 %),0,0,4000,139170000,3981436,29.68
01/03/2022,-11600,-393070000,33.85(-0.15 %),4600,155835000,16200,548905000,3980236,29.68
02/03/2022,-12600,-420040000,32(-5.60 %),5300,177515000,17900,597555000,3978936,29.68
03/03/2022,-1200,-38630000,32.05(0.16 %),11300,366215000,12500,404845000,3984636,29.68
04/03/2022,5200,170855000,31.5(-1.87 %),5200,170855000,0,0,3997336,29.68
07/03/2022,34000,1118895000,33.35(5.87 %),34000,1118895000,0,0,3978036,29.68
08/03/2022,18300,603410000,33.15(-0.75 %),23300,770160000,5000,166750000,3954736,29.68
09/03/2022,15000,503960000,34.75(4.67 %),18400,619305000,3400,115345000,3936336,29.68
10/03/2022,2600,88310000,34.3(-1.44 %),4100,140360000,1500,52050000,3942236,29.68
11/03/2022,1200,42020000,35.4(3.21 %),2500,87220000,1300,45200000,3943136,29.68
14/03/2022,-56300,-2027920000,36.6(3.39 %),500,17775000,56800,2045695000,3944136,29.68
15/03/2022,-13400,-496200000,37(1.09 %),2800,100945000,16200,597145000,3942636,29.68
16/03/2022,3300,121595000,37.45(1.22 %),31000,1135000000,27700,1013405000,3968318,29.68
17/03/2022,47000,1725065000,36.85(-1.73 %),65000,2385050000,18000,659985000,3919518,29.68
18/03/2022,37100,1358915000,36(-2.44 %),38100,1395465000,1000,36550000,3909118,29.68
21/03/2022,200,2015000,36.2(0.56 %),7600,274760000,7400,272745000,3944018,29.68
22/03/2022,5300,194175000,36.25(0.14 %),12600,462925000,7300,268750000,3932418,29.68
23/03/2022,12200,450110000,36.95(1.79 %),14700,542150000,2500,92040000,3953118,29.68
24/03/2022,13800,503950000,36.25(-2.03 %),14200,518710000,400,14760000,3946218,29.68
25/03/2022,4000,145880000,36.8(1.38 %),4600,167885000,600,22005000,3944118,29.68
28/03/2022,-1800,-65905000,36.75(-0.14 %),1300,47515000,3100,113420000,3960018,29.68
29/03/2022,3953070,146287570000,37.5(1.90 %),3959970,146542420000,6900,254850000,648,30.0
30/03/2022,-12100,-446085000,37.4(-0.27 %),0,0,12100,446085000,3748,30.0
31/03/2022,-2400,-88805000,36.9(-1.34 %),500,18625000,2900,107430000,10148,30.0
01/04/2022,-100,-3700000,37.2(0.81 %),0,0,100,3700000,27848,30.0
04/04/2022,15000,557675000,36.7(-1.34 %),15000,557675000,0,0,29748,30.0
05/04/2022,13800,505015000,36.3(-1.09 %),13800,505015000,0,0,36283,30.0
06/04/2022,10700,389715000,36.45(0.41 %),15000,545760000,4300,156045000,35283,30.0
07/04/2022,-7100,-258775000,36.05(-1.23 %),700,25235000,7800,284010000,42383,0.0
08/04/2022,8700,310115000,35.1(-2.77 %),13500,481925000,4800,171810000,25383,30.0
12/04/2022,-4400,-154340000,33.8(-3.70 %),8000,272000000,12400,426340000,29783,0.0
13/04/2022,6800,230135000,34.1(0.89 %),7700,260720000,900,30585000,40038,30.0
14/04/2022,-4600,-156080000,33.8(-0.88 %),0,0,4600,156080000,50938,30.0
15/04/2022,-7800,-260380000,33.3(-1.48 %),9900,333035000,17700,593415000,41938,30.0
18/04/2022,900,25155000,31.65(-4.95 %),4600,146940000,3700,121785000,41938,30.0
19/04/2022,10100,323090000,31.35(-1.10 %),11500,367135000,1400,44045000,48138,30.0
20/04/2022,-6700,-210790000,31.3(-0.16 %),0,0,6700,210790000,65438,0.0
21/04/2022,-1900,-59690000,30.7(-1.92 %),2800,87290000,4700,146980000,56938,30.0
22/04/2022,17900,570465000,31.8(3.58 %),26400,840140000,8500,269675000,45738,30.0
25/04/2022,-5300,-161690000,30.3(-4.72 %),0,0,5300,161690000,60238,30.0
26/04/2022,8700,260570000,30.75(1.49 %),11100,332715000,2400,72145000,64638,29.99
27/04/2022,-3100,-93110000,30.8(0.00 %),4900,150835000,8000,243945000,76938,29.99
28/04/2022,-2600,-79685000,30(-2.60 %),0,0,2600,79685000,79338,29.99
29/04/2022,-9400,-283490000,30(0.00 %),0,0,9400,283490000,87338,29.99
04/05/2022,-10600,-314075000,29.35(-2.17 %),0,0,10600,314075000,89938,29.99
05/05/2022,-10500,-313110000,29.95(1.87 %),0,0,10500,313110000,100438,0.0
06/05/2022,-6200,-183520000,29.6(-1.33 %),0,0,6200,183520000,109938,29.99
09/05/2022,15400,452760000,29.4(-0.68 %),24500,720300000,9100,267540000,95938,29.99
10/05/2022,7800,229320000,29.4(0.00 %),14800,435120000,7000,205800000,87338,29.99
11/05/2022,5600,169775000,31.45(6.97 %),6400,194035000,800,24260000,81738,0.0
12/05/2022,-2600,-84125000,31.6(0.48 %),3800,119815000,6400,203940000,84338,0.0
13/05/2022,35700,1117870000,31.3(-0.95 %),44400,1388075000,8700,270205000,89642,29.99
16/05/2022,6000,186600000,31.1(-0.64 %),6200,192820000,200,6220000,115842,29.99
17/05/2022,37700,1187550000,31.5(1.29 %),41200,1297800000,3500,110250000,95342,29.99
18/05/2022,19300,607950000,31.5(0.00 %),20600,648900000,1300,40950000,107942,29.99
19/05/2022,10800,328320000,30.4(-3.49 %),14200,431680000,3400,103360000,114742,29.99
20/05/2022,3300,101970000,30.9(1.64 %),6300,194670000,3000,92700000,116742,29.99
23/05/2022,7000,215950000,30.85(-0.16 %),9300,286905000,2300,70955000,129842,29.99
24/05/2022,10400,328640000,31.6(2.27 %),10400,328640000,0,0,130942,29.99
25/05/2022,2600,84500000,32.5(2.85 %),2800,91000000,200,6500000,138942,29.99
26/05/2022,1400,45500000,32.5(0.00 %),1400,45500000,0,0,137542,29.99
27/05/2022,-500,-17050000,34.1(4.92 %),800,27280000,1300,44330000,136942,29.99
30/05/2022,12000,408000000,34(-0.29 %),18700,635800000,6700,227800000,118242,29.99
31/05/2022,2300,76360000,33.2(-2.35 %),5600,185920000,3300,109560000,134942,29.99
01/06/2022,-600,-19500000,32.5(-2.11 %),0,0,600,19500000,152142,29.99
02/06/2022,-32000,-1022400000,31.95(-1.69 %),700,22365000,32700,1044765000,158242,29.99
03/06/2022,-2700,-85050000,31.5(-1.56 %),0,0,2700,85050000,158842,29.99
06/06/2022,-300,-9440000,31.45(-0.16 %),1400,44010000,1700,53450000,190142,29.98
07/06/2022,-4500,-137250000,30.5(-3.17 %),0,0,4500,137250000,192842,29.98
08/06/2022,0,-137250000,31.1(1.97 %),0,0,0,137250000,194542,29.98
09/06/2022,-135300,-4106355000,30.35(-2.41 %),0,0,135300,4106355000,199042,29.98
10/06/2022,-70500,-2143200000,30.4(0.00 %),1700,51680000,72200,2194880000,197342,29.98
13/06/2022,-300,-9270000,30.9(1.64 %),2800,86520000,3100,95790000,336842,29.97
14/06/2022,2400,75120000,31.3(1.29 %),4200,131460000,1800,56340000,411842,29.97
15/06/2022,-5700,-174990000,30.7(-1.92 %),2800,85960000,8500,260950000,415642,29.97
16/06/2022,-230300,-7047180000,30.6(-0.33 %),0,0,230300,7047180000,420942,29.97
17/06/2022,-572700,-17954145000,31.35(2.45 %),3500,109725000,576200,18063870000,425942,29.97
20/06/2022,5900,184615000,31.4(0.00 %),7800,245315000,1900,60700000,648442,29.95
21/06/2022,-56000,-1764000000,31.5(0.32 %),21000,661500000,77000,2425500000,1203642,29.9
22/06/2022,-222800,-7062760000,31.7(0.63 %),15300,485010000,238100,7547770000,1205742,29.9
23/06/2022,-197400,-6287190000,31.85(0.47 %),13100,417235000,210500,6704425000,1283642,29.9
24/06/2022,-28900,-908905000,31.45(-1.41 %),1500,47175000,30400,956080000,1527242,29.88
27/06/2022,-1400,-43990000,31.45(-0.16 %),0,0,1400,43990000,1741250,29.86
28/06/2022,4400,147620000,33.55(6.51 %),4400,147620000,0,0,1770750,29.86
29/06/2022,-35300,-1150195000,32(-4.76 %),5300,173880000,40600,1324075000,1766850,29.86
30/06/2022,-78800,-2521600000,32(0.00 %),31500,1008000000,110300,3529600000,1735350,29.86
01/07/2022,18000,583200000,32.4(1.25 %),18000,583200000,0,0,1757950,29.86
04/07/2022,6400,208070000,32.4(0.00 %),7700,250140000,1300,42070000,1779450,30.0
05/07/2022,-145100,-4715750000,32.5(0.31 %),1400,45500000,146500,4761250000,1893650,29.85
06/07/2022,-8300,-265600000,32(-1.54 %),3600,115200000,11900,380800000,1891350,29.85
07/07/2022,-5300,-166155000,31.35(-2.03 %),0,0,5300,166155000,2037850,29.84
08/07/2022,5600,-956280000,31.15(-0.80 %),6400,64365000,800,1020645000,2032250,0.0
11/07/2022,-31200,-956280000,30.65(-1.76 %),2100,64365000,33300,1020645000,2057250,29.83
12/07/2022,-20200,-627210000,31.05(1.14 %),3500,108675000,23700,735885000,2101950,29.83
13/07/2022,-64400,-1989960000,30.9(-0.64 %),0,0,64400,1989960000,2135250,29.83
14/07/2022,-8900,-273675000,30.75(-0.49 %),1400,43050000,10300,316725000,2157550,29.83
15/07/2022,-79500,-2460525000,30.95(0.49 %),1300,40235000,80800,2500760000,2220650,29.82
18/07/2022,-44300,-1357795000,30.65(-1.13 %),7300,223745000,51600,1581540000,2223650,29.82
19/07/2022,-39300,-1206510000,30.7(0.00 %),3000,92100000,42300,1298610000,2301450,29.81
20/07/2022,-22800,-701100000,30.75(0.16 %),5200,159900000,28000,861000000,2347850,29.81
21/07/2022,-34000,-1043800000,30.7(-0.32 %),12000,368400000,46000,1412200000,2383150,29.81
22/07/2022,-197400,-831600000,30.8(0.33 %),13100,0,210500,831600000,2411150,29.8
25/07/2022,-11200,-341600000,30.5(-0.97 %),0,0,11200,341600000,2462150,29.8
26/07/2022,-21500,-647150000,30.1(-1.31 %),0,0,21500,647150000,2489150,29.8
27/07/2022,-32600,-978000000,30(-0.33 %),0,0,32600,978000000,2503350,29.8
28/07/2022,-128700,-3854565000,29.95(-0.17 %),0,0,128700,3854565000,2524850,29.8
29/07/2022,-146000,-4380000000,30(0.00 %),0,0,146000,4380000000,2557450,29.79
01/08/2022,-77300,-2330595000,30.15(0.50 %),1900,57285000,79200,2387880000,2684250,29.78
02/08/2022,-76500,-2317950000,30.3(0.33 %),72100,2184630000,148600,4502580000,2758150,29.78
03/08/2022,-138400,-4262720000,30.8(1.65 %),8800,271040000,147200,4533760000,2828550,29.77
04/08/2022,-4000,-122200000,30.55(-0.81 %),1100,33605000,5100,155805000,2976050,29.76
05/08/2022,-12200,-370880000,30.4(-0.65 %),0,0,12200,370880000,3123250,29.75
08/08/2022,1300,39260000,30.2(-0.66 %),2200,66440000,900,27180000,3126150,29.75
09/08/2022,4100,123820000,30.2(0.00 %),4100,123820000,0,0,3134250,29.75
10/08/2022,-164900,-4947000000,30(-0.66 %),1200,36000000,166100,4983000000,3133950,29.75
11/08/2022,-5200,-156000000,30(0.00 %),2100,63000000,7300,219000000,3131850,29.75
12/08/2022,-25100,-751745000,29.95(-0.17 %),10000,299500000,35100,1051245000,3287950,29.73
15/08/2022,-107300,-3219000000,30(0.00 %),100,3000000,107400,3222000000,3295150,29.73
16/08/2022,-20800,-624000000,30(0.00 %),100,3000000,20900,627000000,3330150,29.73
17/08/2022,-81000,-2430000000,30(0.00 %),4000,120000000,85000,2550000000,3433550,29.72
18/08/2022,-39400,-1178060000,29.9(-0.33 %),4300,128570000,43700,1306630000,3450150,29.72
19/08/2022,-19800,-588060000,29.7(-0.67 %),200,5940000,20000,594000000,3534950,29.71
22/08/2022,900,26910000,29.9(0.67 %),900,26910000,0,0,3577750,29.71
23/08/2022,3600,108360000,30.1(0.67 %),3600,108360000,0,0,3595150,29.71
24/08/2022,-46900,-1407000000,30(-0.33 %),9200,276000000,56100,1683000000,3585950,29.71
25/08/2022,-33400,-998660000,29.9(-0.33 %),3700,110630000,37100,1109290000,3582250,29.71
26/08/2022,-754000,-23524800000,31.2(4.35 %),16000,499200000,770000,24024000000,3622350,29.71
29/08/2022,-60900,-1884855000,30.95(-0.80 %),14000,433300000,74900,2318155000,3664350,29.7
30/08/2022,-52600,-1604300000,30.5(-1.61 %),5800,176900000,58400,1781200000,4429550,29.64
31/08/2022,-84400,-2561540000,30.35(-0.49 %),0,0,84400,2561540000,4504450,29.64
05/09/2022,-103800,-3145140000,30.3(-0.33 %),26200,793860000,130000,3939000000,4536650,29.63
06/09/2022,-80000,-2424000000,30.3(0.00 %),0,0,80000,2424000000,4621050,29.63
07/09/2022,-61600,-1869560000,30.35(0.17 %),6200,188170000,67800,2057730000,4744850,29.62
08/09/2022,8000,245200000,30.65(0.82 %),8000,245200000,0,0,4816850,29.61
09/09/2022,12000,367200000,30.6(-0.33 %),12000,367200000,0,0,4878150,29.61
12/09/2022,3300,367200000,30.45(-0.49 %),3300,367200000,0,0,4874850,29.61
13/09/2022,12106,270756600,30.9(1.31 %),12200,273680000,94,2923400,4862650,29.61
14/09/2022,30200,270756600,33.05(6.96 %),30200,273680000,0,2923400,4832450,29.61
15/09/2022,-493700,998110000,35.3(6.65 %),26600,998110000,520300,0,0,29.61
16/09/2022,-2610,-89001000,34.1(-3.40 %),28500,971850000,31110,1060851000,4777444,29.61
19/09/2022,-143100,-4994190000,34.9(2.35 %),28600,998140000,171700,5992330000,4920544,29.75
20/09/2022,233900,8256670000,35.3(1.15 %),233900,8256670000,0,0,5066354,29.59
21/09/2022,12500,431250000,34.5(-2.27 %),12500,431250000,0,0,5225554,29.58
22/09/2022,10212,357930600,35.05(1.59 %),10300,361015000,88,3084400,5215254,29.58
23/09/2022,2000,69400000,34.7(-1.14 %),2000,69400000,0,0,5213254,29.58
26/09/2022,0,69400000,35.1(1.15 %),0,69400000,0,0,5213342,29.58
27/09/2022,0,69400000,35.5(1.14 %),0,69400000,0,0,5217842,29.58
28/09/2022,12400,434000000,35(-1.41 %),12400,434000000,0,0,5205442,29.58
29/09/2022,3300,121275000,36.75(5.00 %),6000,220500000,2700,99225000,5199442,29.58
30/09/2022,4500,153900000,34.2(-7.07 %),84700,2896740000,80200,2742840000,5114742,29.59
03/10/2022,8700,289710000,33.3(-2.63 %),23800,792540000,15100,502830000,5165142,29.58
04/10/2022,46800,1521000000,32.5(-2.40 %),70900,2304250000,24100,783250000,5188442,29.58
05/10/2022,7100,246725000,34.75(6.92 %),19800,688050000,12700,441325000,5196342,29.58
06/10/2022,-120900,-4467255000,36.95(6.18 %),12800,472960000,133700,4940215000,5225142,29.58
07/10/2022,-68800,-2559360000,37.2(0.54 %),21100,784920000,89900,3344280000,5232142,29.58
10/10/2022,7300,271560000,37.2(0.00 %),7300,271560000,0,0,5385042,29.56
11/10/2022,78600,2908200000,37(-0.54 %),132800,4913600000,54200,2005400000,5356142,29.57
12/10/2022,-11000,-407000000,37(0.00 %),6400,236800000,17400,643800000,5349742,29.57
13/10/2022,-4600,-173880000,37.8(2.16 %),10300,389340000,14900,563220000,5393642,29.56
14/10/2022,-1700,-62730000,36.9(-2.38 %),5300,195570000,7000,258300000,5405742,29.56
17/10/2022,-100,-3700000,37(0.27 %),4200,155400000,4300,159100000,5416442,29.56
18/10/2022,5300,196100000,37(0.00 %),15600,577200000,10300,381100000,5407842,29.56
19/10/2022,15000,546605000,37.05(0.14 %),20300,740490000,5300,193885000,5392842,0.0
20/10/2022,2700,99895000,37(-0.27 %),3500,129335000,800,29440000,5406642,0.0
21/10/2022,4000,146900000,36.8(-0.54 %),7000,256900000,3000,110000000,5429642,0.0
24/10/2022,0,3170000,36.5(-0.82 %),11200,391825000,11200,388655000,5445942,0.0
25/10/2022,25800,929805000,39(6.85 %),26500,955705000,700,25900000,5420142,0.0
26/10/2022,26600,1038265000,39.9(2.31 %),26600,1038265000,0,0,5383142,0.0
27/10/2022,7100,283985000,42(5.26 %),8400,335020000,1300,51035000,5411342,29.56
28/10/2022,-74447412,-2933228032800,39.4(-6.19 %),37300,1469620000,74484712,2934697652800,5374042,29.57
31/10/2022,21900,810300000,37(-6.09 %),31800,1176600000,9900,366300000,5343542,29.57
01/11/2022,-5400,-194400000,36(-2.70 %),0,0,5400,194400000,79873754,23.54
02/11/2022,-21100,-718455000,34.05(-5.42 %),100,3405000,21200,721860000,79918554,23.53
03/11/2022,-10800,-378000000,35(2.64 %),0,0,10800,378000000,79923954,23.53
04/11/2022,-1500,-48975000,32.65(-6.71 %),11900,388535000,13400,437510000,79933254,23.53
07/11/2022,25700,781280000,30.4(-7.03 %),34400,1045760000,8700,264480000,79909654,23.53
08/11/2022,2650,79500000,30(-1.32 %),25500,765000000,22850,685500000,79897554,23.53
09/11/2022,13100,365490000,27.9(-7.00 %),13400,373860000,300,8370000,79892854,23.53
10/11/2022,39800,1032810000,25.95(-6.99 %),39800,1032810000,0,0,79875904,23.54
11/11/2022,28900,697935000,24.15(-7.12 %),28900,697935000,0,0,79871904,23.54
14/11/2022,32805,738112500,22.5(-7.02 %),32805,738112500,0,0,79869099,23.54
15/11/2022,45600,955320000,20.95(-6.89 %),45600,955320000,0,0,79852299,23.54
16/11/2022,55505,1082347500,19.5(-7.14 %),55505,1082347500,0,0,79827994,23.54
17/11/2022,653705,11864745750,18.15(-6.92 %),654605,11881080750,900,16335000,79203389,23.59
18/11/2022,41695,808883000,19.4(6.59 %),41700,808980000,5,97000,79185689,23.59
21/11/2022,720200,12999610000,18.05(-6.96 %),820200,14804610000,100000,1805000000,78383189,23.66
22/11/2022,42800,826040000,19.3(6.63 %),124800,2408640000,82000,1582600000,78270394,23.66
23/11/2022,-42200,-820790000,19.45(0.78 %),42000,816900000,84200,1637690000,78334394,23.66
24/11/2022,29100,551445000,18.95(-2.57 %),45300,858435000,16200,306990000,78395094,23.65
25/11/2022,21993,420066300,19.1(0.53 %),29700,567270000,7707,147203700,78485594,23.65
28/11/2022,144070,2802161500,19.45(1.83 %),144100,2802745000,30,583500,78341524,23.78
29/11/2022,60800,1264640000,20.8(6.67 %),79200,1647360000,18400,382720000,78280724,23.78
30/11/2022,77895,1713690000,22(5.77 %),104000,2288000000,26105,574310000,78202829,23.79
01/12/2022,-87113,-1829373000,21(-4.55 %),145000,3045000000,232113,4874373000,78076231,0.0
02/12/2022,126800,2726200000,21.5(2.38 %),126800,2726200000,0,0,77949431,23.81
05/12/2022,-106302,-2333328900,21.95(2.09 %),50200,1101890000,156502,3435218900,78055733,23.8
06/12/2022,301900,6188950000,20.5(-6.82 %),334800,6863400000,32900,674450000,77753833,0.0
07/12/2022,66900,1304550000,19.5(-4.88 %),92000,1794000000,25100,489450000,77686933,0.0
08/12/2022,120800,2518680000,20.85(6.92 %),120800,2518680000,0,0,77874651,23.7
09/12/2022,419500,9354850000,22.3(6.70 %),459500,10246850000,40000,892000000,77443251,23.73
12/12/2022,-365750,-8723137500,23.85(6.95 %),0,0,365750,8723137500,77512383,0.0
13/12/2022,327500,8351250000,25.5(6.69 %),692900,17668950000,365400,9317700000,77184883,23.87
14/12/2022,17498,475945600,27.2(6.67 %),593500,16143200000,576002,15667254400,77167385,23.87
15/12/2022,-714900,-20017200000,28(2.94 %),327000,9156000000,1041900,29173200000,77882285,0.0
16/12/2022,-790900,-21670660000,27.4(-2.14 %),100300,2748220000,891200,24418880000,78673185,0.0
19/12/2022,-239103,-6670973700,27.9(1.82 %),60900,1699110000,300003,8370083700,78912288,0.0
20/12/2022,-82000,-2337000000,28.5(2.15 %),1500,42750000,83500,2379750000,78994288,23.72
21/12/2022,43547100,1254156480000,28.8(1.05 %),43705400,1258715520000,158300,4559040000,35447188,0.0
22/12/2022,-101660389,-2846490892000,28(-2.78 %),402100,11258800000,102062489,2857749692000,137107577,0.0
23/12/2022,61900,1723915000,27.85(-0.54 %),62700,1746195000,800,22280000,137045677,19.0
26/12/2022,329000,8619800000,26.2(-6.09 %),1223800,32063560000,894800,23443760000,136716677,19.03
27/12/2022,166100,4501310000,27.1(3.44 %),1173100,31791010000,1007000,27289700000,136550577,19.04
28/12/2022,52000,1450800000,27.9(2.95 %),352000,9820800000,300000,8370000000,136498577,0.0
29/12/2022,900,24300000,27(-3.23 %),300900,8124300000,300000,8100000000,136834295,18.92
30/12/2022,-214000,-5981300000,27.95(3.52 %),1004000,28061800000,1218000,34043100000,136839295,18.92
03/01/2023,-62400,-1709760000,27.4(-2.14 %),0,0,62400,1709760000,136839295,19.02
04/01/2023,148500,4031775000,27.15(-0.91 %),232300,6306945000,83800,2275170000,136824995,18.93
05/01/2023,-88700,-2448120000,27.6(1.47 %),51900,1432440000,140600,3880560000,136838495,18.92
06/01/2023,259500,7291950000,28.1(1.81 %),2759500,77541950000,2500000,70250000000,136662795,18.94
09/01/2023,-64000,-1843200000,28.8(2.49 %),510800,14711040000,574800,16554240000,136795595,18.93
10/01/2023,-11900,-334390000,28.1(-2.43 %),25700,722170000,37600,1056560000,136769895,18.93
11/01/2023,151900,3979780000,26.2(-6.76 %),280900,7359580000,129000,3379800000,136563795,18.95
12/01/2023,28500,712500000,25(-4.58 %),29000,725000000,500,12500000,136572395,18.95
13/01/2023,-132813617,-3419950637750,25.75(3.00 %),22900,589675000,132836517,3420540312750,136678495,18.94
16/01/2023,2100,56175000,26.75(3.68 %),3100,82925000,1000,26750000,136675895,18.94
17/01/2023,-215300,-5759275000,26.75(-0.19 %),0,0,215300,5759275000,269512412,8.19
18/01/2023,-188000,-5019600000,26.7(-0.37 %),20600,550020000,208600,5569620000,269492812,8.19
19/01/2023,754700,20452370000,27.1(1.50 %),884500,23969950000,129800,3517580000,268823612,8.24
27/01/2023,-200,-5390000,26.95(-0.55 %),5800,156310000,6000,161700000,269026412,8.23
30/01/2023,-27400,-712400000,26(-3.70 %),2300,59800000,29700,772200000,269153912,8.22
31/01/2023,31600,821600000,26(0.00 %),35700,928200000,4100,106600000,269128712,8.22
01/02/2023,1800,46260000,25.7(-1.15 %),10400,267280000,8600,221020000,269148012,8.22
02/02/2023,4400,111320000,25.3(-1.56 %),4600,116380000,200,5060000,269147512,8.22
03/02/2023,47710,1207063000,25.3(0.00 %),56910,1439823000,9200,232760000,268733858,8.22
06/02/2023,-1900,-49020000,25.8(1.98 %),0,0,1900,49020000,268734058,8.22
07/02/2023,-295300,-7382500000,25(-3.10 %),1300,32500000,296600,7415000000,268741958,8.22
08/02/2023,63900,1562355000,24.45(-2.20 %),89700,2193165000,25800,630810000,268654158,8.23
09/02/2023,134400,3312960000,24.65(0.61 %),134400,3312960000,0,0,268816358,8.21
10/02/2023,264400,6067980000,22.95(-7.09 %),264400,6067980000,0,0,268577758,8.23
13/02/2023,-627690,-13401181500,21.35(-7.17 %),248310,5301418500,876000,18702600000,268329448,8.25
14/02/2023,-416603,-9206926300,22.1(3.27 %),283400,6263140000,700003,15470066300,268046048,8.28
15/02/2023,-580000,-12180000000,21(-4.98 %),122400,2570400000,702400,14750400000,268808648,8.21
16/02/2023,-641890,-14121580000,22(4.76 %),258110,5678420000,900000,19800000000,269250541,8.18
17/02/2023,-5960,-114432000,19.2(4.92 %),67080,1287936000,73040,1402368000,269885861,8.13
20/02/2023,-437510,-8378316500,19.15(-0.26 %),68610,1313881500,506120,9692198000,270717251,8.06
21/02/2023,-547800,-11065560000,20.2(5.21 %),0,0,547800,11065560000,270790291,8.05
22/02/2023,-538500,-10608450000,19.7(-2.48 %),0,0,538500,10608450000,271296411,8.01
23/02/2023,-492700,-9656920000,19.6(-0.51 %),400,7840000,493100,9664760000,271843811,7.97
24/02/2023,-563100,-10783365000,19.15(-2.30 %),11000,210650000,574100,10994015000,272406911,6.63
27/02/2023,18410,335062000,18.2(-5.21 %),70510,1283282000,52100,948220000,272793901,7.89
28/02/2023,89210,1605780000,18(-1.10 %),138810,2498580000,49600,892800000,273215191,7.86
01/03/2023,-376100,-6769800000,18(0.00 %),137800,2480400000,513900,9250200000,273129491,7.86
02/03/2023,36700,673445000,18.35(1.94 %),42000,770700000,5300,97255000,273119091,7.86
03/03/2023,187798,3380364000,18(-2.17 %),311200,5601600000,123402,2221236000,273321791,7.85
06/03/2023,342250,6246062500,18.25(1.39 %),354350,6466887500,12100,220825000,272965741,7.88
07/03/2023,272250,5308875000,19.5(6.56 %),300850,5866575000,28600,557700000,272788293,7.89
08/03/2023,208441,4252196400,20.4(4.62 %),267151,5449880400,58710,1197684000,272533242,7.91
09/03/2023,291101,5938460400,20.4(0.00 %),329401,6719780400,38300,781320000,272232441,7.94
10/03/2023,285315,5848957500,20.5(0.49 %),310315,6361457500,25000,512500000,271980836,7.96
13/03/2023,473046,9508224600,20.1(-1.95 %),512736,10305993600,39690,797769000,271507790,0.0
14/03/2023,310636,6010806600,19.35(-3.73 %),393336,7611051600,82700,1600245000,271148664,8.02
15/03/2023,47600,952000000,20(3.09 %),47600,952000000,0,0,271126754,8.03
16/03/2023,976500,19578825000,20.05(0.25 %),1032400,20699620000,55900,1120795000,270177054,8.1
17/03/2023,2455500,48005025000,19.55(-2.74 %),5971400,116740870000,3515900,68735845000,265684654,8.47
20/03/2023,-10500,-196875000,18.75(-4.34 %),27300,511875000,37800,708750000,265706254,8.46
21/03/2023,120500,-10783365000,18.55(-1.33 %),154300,210650000,33800,10994015000,321393044,8.28
22/03/2023,15600,289575000,19(2.15 %),30400,571445000,14800,281870000,321377444,0.0
23/03/2023,-197700,-3711130000,19(0.00 %),2300,43320000,200000,3754450000,321575144,0.0
24/03/2023,-85600,-1631600000,19.1(0.53 %),0,0,85600,1631600000,321660744,0.0
27/03/2023,96400,1850880000,19.2(0.52 %),101100,1941120000,4700,90240000,321564344,0.0
28/03/2023,223400,4244600000,19(-1.04 %),237400,4510600000,14000,266000000,321340944,8.31
29/03/2023,-33500,-633150000,18.9(-0.53 %),9500,179550000,43000,812700000,321389066,8.28
30/03/2023,-17600,-333520000,18.95(0.26 %),26800,507860000,44400,841380000,321376266,8.28
31/03/2023,-26502,-500887800,18.9(-0.53 %),1800,34020000,28302,534907800,321417466,8.27
03/04/2023,338720,6638912000,19.6(3.70 %),372800,7306880000,34080,667968000,321089066,8.3
04/04/2023,391143,7646845650,19.55(-0.26 %),418843,8188380650,27700,541535000,320698525,8.32
05/04/2023,-53100,-1040760000,19.6(0.00 %),233000,4566800000,286100,5607560000,320499605,8.34
06/04/2023,-61900,-1194670000,19.3(-1.53 %),0,0,61900,1194670000,320527305,8.33
07/04/2023,-7300,-139430000,19.1(-1.04 %),1000,19100000,8300,158530000,320812405,8.31
10/04/2023,267300,5105430000,19.1(0.00 %),301500,5758650000,34200,653220000,320572805,8.33
11/04/2023,-10500,-202125000,19.25(0.79 %),8800,169400000,19300,371525000,320572305,8.33
12/04/2023,-185800,-3632390000,19.55(1.30 %),33200,649060000,219000,4281450000,320573305,8.33
13/04/2023,466516,9143713600,19.6(0.00 %),1176300,23055480000,709784,13911766400,319418905,8.41
14/04/2023,804200,15882950000,19.75(0.77 %),804200,15882950000,0,0,318835105,8.45
17/04/2023,511000,10092250000,19.75(-0.25 %),1422700,28098325000,911700,18006075000,318494187,8.47
18/04/2023,657400,12819300000,19.5(-1.52 %),1267000,24706500000,609600,11887200000,317727187,8.52
19/04/2023,389200,7764540000,19.95(2.31 %),590400,11778480000,201200,4013940000,317678287,8.53
20/04/2023,228100,4507245000,19.75(-1.25 %),319000,6313095000,90900,1805850000,317450187,8.58
21/04/2023,-48300,-929775000,19.25(-2.78 %),254600,4901050000,302900,5830825000,317448487,8.54
24/04/2023,400,7640000,19.1(-1.04 %),14400,275040000,14000,267400000,317524997,8.54
25/04/2023,-51520,-968576000,18.8(-1.57 %),15100,283880000,66620,1252456000,317549297,8.53
26/04/2023,-235283,-4446848700,18.9(0.53 %),2092663,39551330700,2327946,43998179400,317549277,8.53
27/04/2023,78600,1487615000,19.1(1.06 %),113000,2141455000,34400,653840000,317470677,0.0
28/04/2023,-500,-9975000,18.9(-1.05 %),1300,24765000,1800,34740000,317471177,0.0
04/05/2023,-16900,-318515000,18.75(-0.79 %),0,0,16900,318515000,317750900,0.0
05/05/2023,100,1845000,18.85(0.53 %),600,11220000,500,9375000,317786500,8.52
08/05/2023,-27100,-510635000,18.95(0.53 %),0,0,27100,510635000,317803400,8.52
09/05/2023,35100,667685000,19.1(0.53 %),38100,725735000,3000,58050000,317765800,8.52
10/05/2023,19200,373060000,19.55(2.36 %),19900,386675000,700,13615000,317746600,0.0
11/05/2023,70900,1383480000,19.35(-1.28 %),70900,1383480000,0,0,317705100,8.52
12/05/2023,9200,178020000,19.35(-0.26 %),9200,178020000,0,0,317696600,8.52
15/05/2023,-18800,-367390000,19.4(0.26 %),3000,58775000,21800,426165000,317715400,8.56
16/05/2023,-12200,-236415000,19.3(-0.52 %),5300,103085000,17500,339500000,317727600,8.56
17/05/2023,-18900,-361345000,18.85(-2.33 %),1000,19000000,19900,380345000,317746500,8.56
18/05/2023,-10400,-197395000,19(0.80 %),9000,170805000,19400,368200000,317756900,8.56
19/05/2023,0,0,19.05(0.26 %),0,0,0,0,317756900,8.56
22/05/2023,259200,5020635000,19.6(2.89 %),287300,5564335000,28100,543700000,317497700,8.57
23/05/2023,230800,4562600000,19.65(0.26 %),237600,4696010000,6800,133410000,317266900,8.59
24/05/2023,249100,4900825000,19.5(-0.76 %),256000,5036155000,6900,135330000,317017800,8.61
25/05/2023,275800,5363375000,19.35(-0.77 %),290900,5655595000,15100,292220000,316742000,8.62
26/05/2023,213900,4194780000,19.55(1.03 %),213900,4194780000,0,0,316528100,8.64
29/05/2023,14600,327335000,20.25(3.58 %),66300,1353515000,51700,1026180000,316513500,8.64
30/05/2023,-16400,-332795000,20.45(0.99 %),7500,151895000,23900,484690000,316529900,8.64
31/05/2023,1652600,33748275000,20.3(-0.73 %),2779600,56627190000,1127000,22878915000,314877300,8.75
01/06/2023,-390300,-8068605000,20.85(2.71 %),617800,12852445000,1008100,20921050000,313726296,8.83
02/06/2023,-1003100,-21343145000,21.2(1.68 %),1800,38430000,1004900,21381575000,314729396,8.76
05/06/2023,-99700,-2091010000,20.65(-2.59 %),500,10500000,100200,2101510000,314829096,8.75
06/06/2023,103600,2149875000,20.95(1.45 %),111000,2303365000,7400,153490000,314725496,8.76
07/06/2023,364300,7661680000,21.45(2.39 %),366600,7709870000,2300,48190000,314361196,8.79
08/06/2023,313000,6629450000,20.8(-3.03 %),313000,6629450000,0,0,314048196,8.81
09/06/2023,-1050900,-21690195000,20.7(-0.48 %),3800,78280000,1054700,21768475000,315099096,8.74
12/06/2023,-395400,-8583810000,21.35(3.14 %),1157300,24793460000,1552700,33377270000,315494496,8.71
13/06/2023,2881300,62010535000,21.5(0.70 %),2959600,63702290000,78300,1691755000,312613196,8.9
14/06/2023,233700,4982965000,21.1(-1.86 %),335000,7149620000,101300,2166655000,312379496,8.92
15/06/2023,2480700,52096115000,20.75(-1.66 %),2667900,56023710000,187200,3927595000,309898796,9.09
16/06/2023,3448700,71737065000,20.8(0.00 %),7885700,164030815000,4437000,92293750000,342619063,6.84
19/06/2023,5400,111115000,20.5(-1.44 %),5400,111115000,0,0,342800863,6.83
20/06/2023,-2100,-42095000,20.75(1.22 %),17100,352465000,19200,394560000,342802963,6.86
21/06/2023,-490000,-10154435000,20.85(0.24 %),10000,207890000,500000,10362325000,347210810,6.53
22/06/2023,-343000,-7236930000,21.1(1.20 %),157000,3315490000,500000,10552420000,347553810,6.54
23/06/2023,-30500,-645510000,21.1(0.00 %),0,0,30500,645510000,347584310,6.53
26/06/2023,19000,383330000,21.1(0.00 %),43200,896590000,24200,513260000,348043470,6.48
27/06/2023,130000,2700880000,20.75(-1.66 %),155600,3233630000,25600,532750000,347913470,6.51
28/06/2023,61400,1277945000,20.8(0.00 %),62900,1309295000,1500,31350000,347852070,6.52
29/06/2023,-790800,-16713095000,21(0.96 %),53000,1123520000,843800,17836615000,348642870,6.46
30/06/2023,89300,1872495000,21.25(1.19 %),108000,2263500000,18700,391005000,348553570,6.47
03/07/2023,45300,940920000,20.6(-3.29 %),100100,2081255000,54800,1140335000,347822130,6.52
04/07/2023,9900,203145000,20.3(-1.46 %),9900,203145000,0,0,347812230,6.52
05/07/2023,-23200,-476010000,20.2(-0.49 %),200,4040000,23400,480050000,347835430,6.52
06/07/2023,-124800,-2533045000,19.95(-1.24 %),3800,76570000,128600,2609615000,348645795,6.44
07/07/2023,-657700,-13147315000,20.25(1.25 %),16200,320010000,673900,13467325000,348653004,6.44
10/07/2023,-198900,-4048325000,20.35(0.25 %),0,0,198900,4048325000,348851904,6.45
11/07/2023,-592700,-12095660000,20.35(-0.25 %),21300,434800000,614000,12530460000,349444604,6.41
12/07/2023,-722800,-14729770000,20.35(-0.25 %),125200,2551790000,848000,17281560000,350167404,6.36
13/07/2023,-1260600,-25565465000,20.25(-0.74 %),0,0,1260600,25565465000,351428004,6.27
14/07/2023,-1407600,-28863365000,20.3(0.00 %),37800,772435000,1445400,29635800000,384474804,4.02
17/07/2023,-753000,-15624275000,21(3.45 %),155500,3236260000,908500,18860535000,385227804,3.98
18/07/2023,280100,5840245000,20.75(-1.19 %),280100,5840245000,0,0,384947704,4.0
19/07/2023,236000,4889625000,20.45(-1.68 %),236000,4889625000,0,0,387417694,3.82
20/07/2023,82600,1607715000,19.8(-3.41 %),184000,3664600000,101400,2056885000,387335094,3.84
21/07/2023,-700,-14035000,20.1(1.52 %),0,0,700,14035000,387335794,3.84
24/07/2023,-19600,-394130000,20.1(0.00 %),100,2010000,19700,396140000,387370706,3.82
25/07/2023,163000,3318875000,20.3(1.00 %),170200,3464960000,7200,146085000,387201206,3.83
26/07/2023,180800,3647720000,20.15(-0.74 %),195500,3945075000,14700,297355000,387020406,3.86
27/07/2023,89800,1804695000,20.1(-0.50 %),93600,1880980000,3800,76285000,386930606,3.87
28/07/2023,-76600,-1555895000,20.45(1.74 %),62900,1282165000,139500,2838060000,387007206,3.86
31/07/2023,214100,4488190000,21.05(2.68 %),287200,6024995000,73100,1536805000,386793106,3.88
01/08/2023,-1419400,-30262365000,21.45(1.66 %),174400,3748320000,1593800,34010685000,386643446,3.89
02/08/2023,-657200,-14603065000,22.95(6.74 %),373000,8328535000,1030200,22931600000,387300646,3.84
03/08/2023,-712200,-16270590000,22.5(-2.17 %),15200,344940000,727400,16615530000,388012846,3.79
04/08/2023,-653900,-15215520000,23.8(5.78 %),105700,2480505000,759600,17696025000,388811851,3.72
07/08/2023,-602300,-14308270000,23.95(0.63 %),87000,2075185000,689300,16383455000,389414151,3.7
08/08/2023,-36600,-908550000,24.1(0.63 %),74500,1787360000,111100,2695910000,389450751,3.7
09/08/2023,4800,113760000,24.2(0.41 %),24000,578160000,19200,464400000,389445951,3.7
10/08/2023,-586300,-14326015000,24.25(0.21 %),18000,437000000,604300,14763015000,390032251,3.66
11/08/2023,300300,7287385000,24.25(0.00 %),301600,7318695000,1300,31310000,389731951,3.68
14/08/2023,298000,7324635000,25(2.88 %),312600,7689275000,14600,364640000,390957851,3.58
15/08/2023,-52400,-1298060000,24.7(-1.20 %),3200,79040000,55600,1377100000,390955951,3.58
16/08/2023,-29100,-744040000,25.1(1.62 %),117200,2928380000,146300,3672420000,390853371,3.59
17/08/2023,-216700,-5405725000,24.7(-1.59 %),42500,1051250000,259200,6456975000,391070071,3.59
18/08/2023,454000,10781500000,23(-6.88 %),490300,11653740000,36300,872240000,390522481,3.61
21/08/2023,812600,18777010000,23(0.00 %),883400,20403530000,70800,1626520000,389898281,3.65
22/08/2023,249000,5765895000,23.55(2.39 %),410200,9509445000,161200,3743550000,389524381,3.68
23/08/2023,127200,2993500000,23.55(0.00 %),571800,13456000000,444600,10462500000,389023381,3.71
24/08/2023,-106600,-2505985000,23.6(0.21 %),35900,845175000,142500,3351160000,389129981,3.72
25/08/2023,-65300,-1569800000,24(1.69 %),0,0,65300,1569800000,389605291,3.67
28/08/2023,-388600,-9687215000,25.5(6.25 %),30100,751570000,418700,10438785000,389993891,3.66
29/08/2023,-288600,-7324285000,25(-1.96 %),50000,1250000000,338600,8574285000,389733087,3.66
30/08/2023,54300,1356275000,25.3(1.20 %),131000,3285850000,76700,1929575000,389678787,3.68
31/08/2023,2769400,72019310000,26(2.77 %),2801000,72824700000,31600,805390000,387558387,3.81
05/09/2023,-826500,-21440625000,25.55(-1.73 %),101800,2596505000,928300,24037130000,387533287,3.81
06/09/2023,-244300,-6210100000,25.55(0.00 %),0,0,244300,6210100000,387777587,3.81
07/09/2023,-181900,-4648225000,25.55(0.00 %),0,0,181900,4648225000,388493187,3.75
08/09/2023,-211100,-5432590000,25.5(-0.20 %),5000,129500000,216100,5562090000,388732487,3.73
11/09/2023,-17600,-418765000,25(-1.96 %),221800,5647855000,239400,6066620000,388692560,3.73
12/09/2023,264200,6623405000,25.4(1.60 %),341100,8559165000,76900,1935760000,388567533,3.74
13/09/2023,-41600,-1070305000,25.4(0.00 %),108400,2765345000,150000,3835650000,388698533,3.73
14/09/2023,-37200,-946555000,25.4(0.00 %),21200,542645000,58400,1489200000,388754233,3.73
15/09/2023,1438400,36538050000,25.4(0.00 %),2181000,55410000000,742600,18871950000,386723233,3.87
18/09/2023,0,0,23.75(-6.50 %),0,0,0,0,386723233,3.88
19/09/2023,-1114700,-25641235000,23(-3.16 %),705800,16224380000,1820500,41865615000,387826033,3.81
20/09/2023,-535000,-12340965000,23.5(2.17 %),44700,1039540000,579700,13380505000,388361033,3.77
21/09/2023,-60100,-1385585000,23(-2.13 %),22400,521620000,82500,1907205000,388421133,3.77
22/09/2023,-734700,-14219260000,19.6(0.56 %),189100,3610420000,923800,17829680000,389033117,3.71
25/09/2023,-446500,-8496455000,18.25(-6.89 %),24400,451230000,470900,8947685000,389091187,3.71
26/09/2023,722300,12987185000,17.5(-4.11 %),914300,16432105000,192000,3444920000,389100793,3.7
27/09/2023,868600,15067365000,18.15(3.71 %),1011700,17577020000,143100,2509655000,388232193,3.2
28/09/2023,-211600,-3689445000,17.45(-3.86 %),2900,50170000,214500,3739615000,388443793,3.19
29/09/2023,-130400,-2348830000,17.95(2.87 %),27900,492655000,158300,2841485000,388878423,3.72
02/10/2023,-54400,-969250000,17.7(-1.39 %),3400,60690000,57800,1029940000,389089572,3.71
03/10/2023,187000,3187815000,16.75(-5.37 %),218400,3736660000,31400,548845000,389029412,3.71
04/10/2023,490600,8260705000,16.95(1.19 %),490600,8260705000,0,0,388538812,3.18
05/10/2023,-158100,-2661920000,16.65(-1.77 %),11600,193720000,169700,2855640000,388659469,3.73
06/10/2023,168400,2829035000,17.05(2.40 %),187000,3138870000,18600,309835000,388491069,3.19
09/10/2023,-181400,-3130590000,17.3(1.47 %),5800,100050000,187200,3230640000,388672469,3.18
10/10/2023,-46700,-824105000,17.6(1.73 %),35300,619250000,82000,1443355000,388634077,3.74
11/10/2023,-108700,-1919385000,17.65(0.28 %),41100,721280000,149800,2640665000,388780177,3.73
12/10/2023,-41100,-724565000,17.45(-1.13 %),60600,1069895000,101700,1794460000,388801575,3.72
13/10/2023,-201200,-3506495000,17.45(0.00 %),35500,620210000,236700,4126705000,458689651,3.71
16/10/2023,-80600,-1401435000,17.25(-1.15 %),0,0,80600,1401435000,458791351,3.71
17/10/2023,20600,347770000,17.2(-0.29 %),131100,2280280000,110500,1932510000,458896951,3.7
18/10/2023,-84600,-1460645000,16.95(-1.45 %),37700,648730000,122300,2109375000,458939851,3.7
19/10/2023,54400,933440000,17.1(0.88 %),82400,1409890000,28000,476450000,459967951,3.64
20/10/2023,-48000,-821290000,17.7(3.51 %),43600,753125000,91600,1574415000,461575651,3.55
23/10/2023,-284100,-5025955000,17.75(0.28 %),5700,101030000,289800,5126985000,461597951,3.55
24/10/2023,-383000,-6974305000,18.3(3.10 %),17400,310800000,400400,7285105000,461980951,3.54
25/10/2023,-799200,-14612940000,18.1(-1.09 %),39000,712090000,838200,15325030000,468480653,3.15
26/10/2023,-636600,-10940455000,17.2(-4.97 %),114700,1993155000,751300,12933610000,470934153,3.01
27/10/2023,-310700,-5375755000,17.8(3.49 %),22100,387040000,332800,5762795000,471779270,2.96
30/10/2023,-198300,-3469140000,17.3(-2.81 %),46200,808330000,244500,4277470000,472513418,2.92
31/10/2023,-327900,-5670755000,16.85(-2.60 %),96300,1644765000,424200,7315520000,472761518,2.91
01/11/2023,-199500,-3348210000,17.15(1.78 %),5800,97730000,205300,3445940000,473014782,2.89
02/11/2023,-164500,-2843925000,17.6(2.62 %),85500,1496860000,250000,4340785000,473179282,2.89
03/11/2023,59500,1055770000,17.8(1.14 %),85600,1513845000,26100,458075000,473119782,2.9
06/11/2023,134600,2413150000,18(1.12 %),140000,2510660000,5400,97510000,472985182,2.91
07/11/2023,-5900,-105180000,17.7(-1.67 %),4200,75035000,10100,180215000,472991082,2.91
08/11/2023,28300,505315000,18.2(2.82 %),65700,1166270000,37400,660955000,473544788,2.86
09/11/2023,5200,95790000,18.15(-0.27 %),33700,616270000,28500,520480000,473551588,2.86
10/11/2023,-21700,-390585000,17.75(-2.20 %),0,0,21700,390585000,473588988,2.86
13/11/2023,-166100,-2952045000,17.8(0.28 %),0,0,166100,2952045000,473617592,2.86
14/11/2023,0,0,19(6.74 %),0,0,0,0,473755088,2.86
15/11/2023,-307600,-5914150000,19.2(1.05 %),21500,415430000,329100,6329580000,474062688,2.84
16/11/2023,0,0,19.1(-0.52 %),0,0,0,0,474062688,3.36
17/11/2023,-411500,-7792715000,18.6(-2.62 %),26400,493020000,437900,8285735000,474271792,2.82
20/11/2023,11400,209210000,18.4(-1.08 %),23200,424560000,11800,215350000,474425110,2.81
21/11/2023,-206200,-3863005000,18.55(0.82 %),0,0,206200,3863005000,474863010,2.79
22/11/2023,-228300,-4278345000,19.1(2.96 %),10100,188345000,238400,4466690000,474864710,2.79
23/11/2023,-61600,-1441520000,18.4(-3.66 %),297300,5474555000,358900,6916075000,474926310,3.3
24/11/2023,22700,415965000,18.7(1.63 %),22700,415965000,0,0,474903610,3.3
27/11/2023,23100,427845000,18.3(-2.14 %),23100,427845000,0,0,474880510,3.3
28/11/2023,82100,1482720000,18.15(-0.82 %),82100,1482720000,0,0,474798410,3.31
29/11/2023,-52100,-942695000,18.1(-0.28 %),0,0,52100,942695000,474850510,3.3
30/11/2023,26000,470800000,18.2(0.55 %),70700,1286840000,44700,816040000,474824510,3.3
01/12/2023,-218100,-3974655000,18.3(0.55 %),56100,1020245000,274200,4994900000,475187348,3.28
04/12/2023,-29200,-543995000,18.7(2.19 %),1000,18500000,30200,562495000,475216548,3.28
05/12/2023,-343300,-6397500000,18.55(-0.80 %),1000,18600000,344300,6416100000,475559848,3.25
06/12/2023,125900,2366710000,18.9(1.89 %),205800,3863825000,79900,1497115000,475433948,3.26
07/12/2023,75900,1440850000,19.05(0.79 %),184600,3501295000,108700,2060445000,475358048,3.27
08/12/2023,-62600,-1198335000,19.1(0.26 %),7900,151880000,70500,1350215000,475420648,3.26
11/12/2023,-115800,-2191600000,19(-0.52 %),13200,250140000,129000,2441740000,475536448,3.26
12/12/2023,-30300,-571685000,19(0.00 %),100,1905000,30400,573590000,475566748,3.25
13/12/2023,-77800,-1505145000,19(0.00 %),33000,633705000,110800,2138850000,475644548,3.25
14/12/2023,-300,-33365000,18.5(-2.63 %),140600,2617995000,140900,2651360000,475644848,3.25
15/12/2023,-1444500,-26368010000,18.25(-1.35 %),2000,36600000,1446500,26404610000,477089348,3.15
18/12/2023,-125400,-2275650000,17.9(-1.92 %),0,0,125400,2275650000,477214748,3.14
19/12/2023,-125000,-2273675000,18.3(2.23 %),11500,208725000,136500,2482400000,477339748,3.13
20/12/2023,-1300,-24035000,18.45(0.82 %),5300,97240000,6600,121275000,477341048,3.13
21/12/2023,-1030700,-18794710000,18.3(-0.81 %),10000,182650000,1040700,18977360000,478371748,3.06
22/12/2023,-214400,-3940170000,18.3(0.00 %),13400,245220000,227800,4185390000,478586148,3.05
25/12/2023,0,1450000,18.25(-0.27 %),66000,1217700000,66000,1216250000,478586148,3.05
26/12/2023,-38100,-694505000,18.25(0.00 %),500,9135000,38600,703640000,478624248,3.05
27/12/2023,-22200,-405150000,18.25(0.00 %),3000,54750000,25200,459900000,478646448,3.05
28/12/2023,99900,1832340000,18.35(0.55 %),105600,1936935000,5700,104595000,478546548,3.05
29/12/2023,-1200,-22015000,18.35(0.00 %),300,5580000,1500,27595000,478547748,3.05
02/01/2024,42800,794260000,18.45(0.54 %),42800,794260000,0,0,491940032,1.81
03/01/2024,82200,1559375000,18.8(1.90 %),170800,3208055000,88600,1648680000,491894897,2.15
04/01/2024,-15100,-286595000,18.9(0.53 %),60100,1145860000,75200,1432455000,491909997,2.15
05/01/2024,0,-660000,18.9(0.00 %),3300,62370000,3300,63030000,491909997,2.15
08/01/2024,9700,182685000,18.85(-0.26 %),26200,494370000,16500,311685000,491900297,2.15
09/01/2024,119600,2249600000,18.65(-1.06 %),124600,2343350000,5000,93750000,491766624,1.82
10/01/2024,282700,5391145000,19.1(2.41 %),289100,5513245000,6400,122100000,491593024,1.83
11/01/2024,179900,3566820000,19.9(4.19 %),232400,4609750000,52500,1042930000,491411936,1.84
12/01/2024,351000,6913240000,19.75(-0.75 %),380400,7494675000,29400,581435000,490924297,2.21
15/01/2024,-35800,-711775000,19.25(-2.53 %),2000,39395000,37800,751170000,491088448,1.86
16/01/2024,805400,15550920000,19.5(1.30 %),805400,15550920000,0,0,490312352,1.9
17/01/2024,-50000,-971805000,19.3(-1.03 %),100,1940000,50100,973745000,490350000,1.9
18/01/2024,-246300,-4782585000,19.4(0.52 %),12600,244275000,258900,5026860000,490450997,2.24
19/01/2024,822100,16148970000,19.85(2.32 %),873300,17154400000,51200,1005430000,489628897,2.3
22/01/2024,542700,10827720000,19.95(0.50 %),553100,11035200000,10400,207480000,489086197,2.34
23/01/2024,841200,16534745000,19.65(-1.50 %),1006700,19807870000,165500,3273125000,488244997,2.39
24/01/2024,976300,19135105000,19.6(-0.25 %),1002500,19649105000,26200,514000000,487268697,2.46
25/01/2024,1004200,19781910000,19.7(0.51 %),1004200,19781910000,0,0,486264497,2.53
26/01/2024,1550200,30260000000,19.5(-1.02 %),1550200,30260000000,0,0,484714297,2.63
29/01/2024,505600,9677275000,19.2(-1.54 %),701300,13465145000,195700,3787870000,476251232,2.71
30/01/2024,562500,10921465000,19.35(0.78 %),1013600,19600790000,451100,8679325000,475237600,2.77
31/01/2024,-93200,-1793875000,18.75(-3.10 %),11000,209775000,104200,2003650000,475422100,2.76
01/02/2024,36700,684325000,18.6(-0.80 %),86500,1615565000,49800,931240000,475422127,3.26
02/02/2024,-477190,-8856133500,18.45(-0.81 %),15210,282566500,492400,9138700000,475786700,2.74
05/02/2024,60110,1123552000,18.8(1.90 %),112210,2092992000,52100,969440000,475752662,3.24
06/02/2024,-11587,-216854600,18.7(-0.53 %),6713,126530400,18300,343385000,476298752,2.71
07/02/2024,28702,534052300,18.7(0.00 %),28702,534052300,0,0,476322144,2.7
15/02/2024,376800,7120990000,19(1.60 %),401400,7588365000,24600,467375000,475939040,2.73
16/02/2024,98996,1868769600,18.85(-0.79 %),169100,3190005000,70104,1321235400,475769952,2.74
19/02/2024,101578,1904439200,18.8(-0.27 %),105278,1973899200,3700,69460000,475689280,2.74
20/02/2024,-199019,-3714588400,18.65(-0.80 %),83700,1569065000,282719,5283653400,475675680,2.74
21/02/2024,-64724,-1248725000,18.8(0.80 %),194900,3646640000,259624,4895365000,475516480,2.75
22/02/2024,-7400,-137640000,18.7(-0.53 %),35100,658265000,42500,795905000,475516480,2.75
23/02/2024,296100,5510430000,18.35(-1.87 %),443800,8264805000,147700,2754375000,475133216,3.28
26/02/2024,-239700,-4381160000,18.15(-1.09 %),20800,378375000,260500,4759535000,475601600,2.75
27/02/2024,-154165,-2807741250,18.2(0.28 %),51700,935590000,205865,3743331250,475527081,3.26
28/02/2024,-17037,-311815250,18.3(0.55 %),86700,1587090000,103737,1898905250,475544118,3.26
29/02/2024,-197300,-3577070000,18.1(-1.09 %),10100,185210000,207400,3762280000,476067168,2.72
01/03/2024,-54820,-992657250,18.25(0.83 %),80400,1463970000,135220,2456627250,475986781,3.23
04/03/2024,-180214,-3294540500,18.3(0.27 %),52600,965385000,232814,4259925500,476166995,3.21
05/03/2024,82300,1503140000,18.3(0.00 %),82800,1512290000,500,9150000,476297728,2.71
06/03/2024,60900,1109980000,18.1(-1.09 %),60900,1109980000,0,0,476023795,3.22
07/03/2024,33800,615630000,18.15(0.55 %),106100,1921210000,72300,1305580000,475989995,3.23
08/03/2024,-143508,-2578197400,17.7(-2.48 %),50600,903410000,194108,3481607400,476133503,3.22
11/03/2024,3657600,65855560000,17.95(1.41 %),3690800,66451980000,33200,596420000,472475903,3.46
12/03/2024,3901900,70743050000,18.15(1.11 %),3915700,70993520000,13800,250470000,468965024,3.13
13/03/2024,-357000,-6453830000,18.15(0.00 %),469800,8480350000,826800,14934180000,468528516,3.15
14/03/2024,70800,1277995000,17.95(-1.10 %),128000,2308095000,57200,1030100000,468457716,3.74
15/03/2024,3748500,69795990000,17.85(-0.56 %),13260600,239922165000,9512100,170126175000,464709216,3.99
18/03/2024,4428200,80360945000,18.4(3.08 %),4465500,81029740000,37300,668795000,451572400,4.12
19/03/2024,-556400,-10258115000,18.6(1.09 %),1658100,30906990000,2214500,41165105000,459426432,3.67
20/03/2024,-226300,-4192630000,18.5(-0.54 %),60900,1127125000,287200,5319755000,461063716,4.24
21/03/2024,98800,1789950000,18.2(-1.62 %),182800,3323305000,84000,1533355000,460964916,4.24
22/03/2024,-74000,-1366755000,18.4(1.10 %),184500,3389165000,258500,4755920000,461038916,4.24
25/03/2024,-232900,-4287620000,18.45(0.27 %),128000,2356800000,360900,6644420000,461493280,3.55
26/03/2024,-33400,-617265000,18.65(1.08 %),38400,709760000,71800,1327025000,461004916,4.24
27/03/2024,-27200,-504215000,18.6(-0.27 %),151400,2821595000,178600,3325810000,461923072,3.53
28/03/2024,151200,2806565000,18.5(-0.54 %),340500,6310450000,189300,3503885000,461654368,3.54
29/03/2024,1600,29450000,18.4(-0.54 %),2200,40490000,600,11040000,461830752,3.53
01/04/2024,-303500,-5548590000,18.2(-1.09 %),47700,870245000,351200,6418835000,461972352,3.53
02/04/2024,-72400,-1316385000,18.2(0.00 %),139200,2531285000,211600,3847670000,461903167,4.18
03/04/2024,-285000,-5175095000,18.05(-0.82 %),75300,1368970000,360300,6544065000,462109664,3.52
04/04/2024,205400,3703455000,17.9(-0.83 %),249900,4501285000,44500,797830000,461982767,4.17
05/04/2024,61200,1095455000,17.8(-0.56 %),166900,2982365000,105700,1886910000,462263000,3.51
08/04/2024,146800,2617760000,17.7(-0.56 %),162800,2903200000,16000,285440000,461774767,4.19
09/04/2024,146600,2611825000,17.95(1.41 %),218200,3892880000,71600,1281055000,461628167,4.2
10/04/2024,250900,4531010000,17.95(0.00 %),454800,8200145000,203900,3669135000,461377267,4.22
11/04/2024,-39400,-717000000,18.15(1.11 %),134700,2432860000,174100,3149860000,461532224,3.55
12/04/2024,-134000,-2427615000,18.15(0.00 %),19200,349440000,153200,2777055000,461717100,3.54
15/04/2024,-127600,-2245925000,17(-6.34 %),31400,541715000,159000,2787640000,461678267,4.2
16/04/2024,-327100,-5591285000,16.95(-0.29 %),143800,2430510000,470900,8021795000,462005367,4.17
17/04/2024,-194300,-3278470000,16.85(-0.59 %),68600,1168850000,262900,4447320000,461872567,4.18
19/04/2024,25500,419400000,16.5(-2.08 %),139200,2310845000,113700,1891445000,461847067,4.18
22/04/2024,309600,5257745000,17.2(4.24 %),459700,7793835000,150100,2536090000,462114300,3.52
23/04/2024,53300,939920000,17.35(0.87 %),104900,1827795000,51600,887875000,462123200,3.52
24/04/2024,-646800,-11519855000,17.65(1.73 %),77800,1379100000,724600,12898955000,462130967,4.16
25/04/2024,-213000,-3790295000,17.95(1.70 %),235100,4148935000,448100,7939230000,462343967,4.15
26/04/2024,106600,1903175000,17.95(0.00 %),140400,2507380000,33800,604205000,462596352,3.49
02/05/2024,141100,2510615000,17.75(-1.11 %),201900,3587095000,60800,1076480000,462842560,3.48
03/05/2024,227300,4024415000,17.6(-0.85 %),227400,4026185000,100,1770000,462649000,3.49
06/05/2024,635800,11322295000,17.95(1.99 %),665000,11838735000,29200,516440000,462044800,3.52
07/05/2024,-145100,-2575755000,17.75(-1.11 %),98100,1751125000,243200,4326880000,461946784,3.53
08/05/2024,-275400,-5060595000,18(1.41 %),288700,5204300000,564100,10264895000,461687232,3.54
09/05/2024,-8000,-147960000,17.8(-1.11 %),16000,285070000,24000,433030000,461914432,3.53
10/05/2024,112100,1994210000,17.65(-0.84 %),121400,2159375000,9300,165165000,462357152,3.5
13/05/2024,-594700,-10499410000,17.7(0.28 %),63400,1122180000,658100,11621590000,462317760,3.51
14/05/2024,-501200,-8846495000,17.65(-0.28 %),122800,2168260000,624000,11014755000,463145547,4.1
15/05/2024,99200,1762540000,17.65(0.00 %),222600,3953220000,123400,2190680000,463046347,4.1
16/05/2024,220300,3913030000,17.8(0.85 %),271500,4822470000,51200,909440000,462826047,4.12
17/05/2024,-577100,-10260855000,17.75(-0.28 %),2900,51595000,580000,10312450000,463112736,3.46
20/05/2024,2419000,44566710000,18.5(4.23 %),2981600,54933150000,562600,10366440000,460182336,3.63
21/05/2024,-697700,-12996380000,18.45(-0.27 %),0,0,697700,12996380000,460762336,3.6
22/05/2024,-269800,-4930960000,18.2(-1.36 %),68500,1261825000,338300,6192785000,461256448,3.57
23/05/2024,-982600,-17941670000,18.5(1.65 %),170300,3128750000,1152900,21070420000,461783872,3.54
24/05/2024,-1865700,-33870480000,17.9(-3.24 %),72500,1333300000,1938200,35203780000,465020247,3.97
27/05/2024,-1311900,-24218450000,18.8(5.03 %),833900,15189015000,2145800,39407465000,462368700,3.5
28/05/2024,-512500,-9597290000,18.75(-0.27 %),133700,2499725000,646200,12097015000,464173216,3.4
29/05/2024,1166400,22771060000,19.65(4.80 %),1616500,31437160000,450100,8666100000,464702528,3.37
30/05/2024,-322500,-6402455000,19.7(0.25 %),559100,10854795000,881600,17257250000,464789760,3.36
31/05/2024,-210600,-4222030000,19.95(1.27 %),53000,1053100000,263600,5275130000,465186880,3.34
03/06/2024,-1450700,-28798085000,19.8(-0.75 %),44100,875210000,1494800,29673295000,465186882,3.96
04/06/2024,-369100,-7256585000,19.5(-1.52 %),77000,1510185000,446100,8766770000,465555982,3.93
05/06/2024,638700,12491545000,19.5(0.00 %),895700,17597025000,257000,5105480000,464917282,3.98
06/06/2024,74000,1445325000,19.5(0.00 %),265700,5201845000,191700,3756520000,466990613,3.24
07/06/2024,80100,1580535000,19.8(1.54 %),149700,2951220000,69600,1370685000,467097924,3.23
10/06/2024,-1264019,-24881273350,19.55(-1.26 %),103081,2034566650,1367100,26915840000,468361943,3.74
11/06/2024,-577400,-11169420000,18.95(-3.07 %),242700,4616435000,820100,15785855000,466990613,3.24
12/06/2024,570691,10823316300,19.2(1.32 %),759391,14424431300,188700,3601115000,467621152,3.2
13/06/2024,0,0,19.1(-0.52 %),0,0,0,0,468373152,3.16
14/06/2024,-421700,-8093100000,18.5(-3.14 %),140500,2643530000,562200,10736630000,468421352,3.16
17/06/2024,595000,11130025000,18.7(1.08 %),727200,13603805000,132200,2473780000,467974152,3.18
18/06/2024,-482966,-9133098950,18.5(-1.07 %),56600,1068655000,539566,10201753950,468479752,3.15
19/06/2024,-79100,-1435180000,18.75(1.35 %),520500,9700125000,599600,11135305000,468091452,3.18
20/06/2024,-195200,-3658130000,18.55(-1.07 %),6600,122760000,201800,3780890000,468624418,3.15
21/06/2024,-522300,-9687480000,18.55(0.00 %),99400,1851665000,621700,11539145000,469124618,3.12
24/06/2024,-525950,-9652555000,18.2(-1.89 %),112000,2054720000,637950,11707275000,469214418,3.11
25/06/2024,128212,2338123400,18.3(0.55 %),236600,4314565000,108388,1976441600,469875218,3.07
26/06/2024,-142880,-2602029400,18.25(-0.27 %),50320,918278000,193200,3520307400,470462848,3.04
27/06/2024,113200,2095275000,18.35(0.55 %),453400,8307920000,340200,6212645000,470117836,3.06
28/06/2024,-108551,-1985315850,18.9(3.00 %),18700,343145000,127251,2328460850,470292336,3.05
04/07/2024,-165100,-3181840000,19.05(-0.78 %),131100,2523995000,296200,5705835000,470647521,0.0
05/07/2024,-165900,-3189275000,19.05(0.00 %),41200,792680000,207100,3981955000,470813421,0.0
08/07/2024,-368400,-6989790000,18.8(-1.31 %),12800,242240000,381200,7232030000,471181821,0.0
09/07/2024,7300,143335000,18.9(0.53 %),137200,2602505000,129900,2459170000,471174521,0.0
10/07/2024,-113200,-2163230000,19.1(1.06 %),278000,5361850000,391200,7525080000,471287721,0.0
11/07/2024,-102700,-1964015000,19.15(0.26 %),4000,76800000,106700,2040815000,471390421,0.0
12/07/2024,-47800,-932860000,18.95(-1.04 %),195500,3692285000,243300,4625145000,471438221,0.0
15/07/2024,-208700,-3951630000,18.95(0.00 %),3200,60800000,211900,4012430000,471646921,0.0
16/07/2024,-11700,-219705000,18.75(-1.06 %),31600,596130000,43300,815835000,471658621,0.0
17/07/2024,78900,1471455000,18.55(-1.07 %),257700,4827545000,178800,3356090000,471579721,0.0
18/07/2024,-149600,-2790030000,18.75(1.08 %),53000,989765000,202600,3779795000,471729321,0.0
19/07/2024,-71100,-1324660000,18.6(-0.80 %),61200,1146185000,132300,2470845000,471800421,0.0
22/07/2024,-341500,-6333870000,18.35(-1.34 %),59500,1102305000,401000,7436175000,472141921,0.0
23/07/2024,-346700,-6320060000,17.95(-2.18 %),0,0,346700,6320060000,472488621,0.0
24/07/2024,200400,3657505000,18.3(1.95 %),304100,5527270000,103700,1869765000,472288221,0.0
25/07/2024,-44800,-816680000,18.3(0.00 %),41700,760150000,86500,1576830000,472333021,0.0
26/07/2024,-63800,-1171360000,18.45(0.82 %),53700,983675000,117500,2155035000,472396821,0.0
29/07/2024,-67400,-1232090000,18.25(-1.08 %),20900,385830000,88300,1617920000,472464221,0.0
30/07/2024,-67400,-1232090000,18.25(0.00 %),20900,385830000,88300,1617920000,472531621,0.0
31/07/2024,37400,685785000,18.2(-0.27 %),63400,1160540000,26000,474755000,472494221,0.0
01/08/2024,-228000,-4093885000,18(-1.10 %),19200,347360000,247200,4441245000,473413422,0.0
02/08/2024,-75900,-1359530000,18.05(0.28 %),50700,904190000,126600,2263720000,473489322,0.0
05/08/2024,-131900,-2412585000,18.1(0.28 %),92700,1698180000,224600,4110765000,473621222,0.0
06/08/2024,-13900,-254445000,18.4(1.66 %),73000,1326135000,86900,1580580000,473635122,0.0
07/08/2024,-34700,-635620000,18.4(0.00 %),700,12740000,35400,648360000,473669822,0.0
08/08/2024,-122300,-2252695000,18.35(-0.27 %),11800,217090000,134100,2469785000,473792122,0.0
09/08/2024,-23400,-429220000,18.35(0.00 %),0,0,23400,429220000,473815522,0.0
12/08/2024,23400,428380000,18.85(2.72 %),118700,2218705000,95300,1790325000,473792122,0.0
13/08/2024,57100,1072650000,18.75(-0.53 %),99600,1866025000,42500,793375000,473735022,0.0
14/08/2024,-479500,-8894425000,18.45(-1.60 %),14200,264710000,493700,9159135000,474214522,0.0
15/08/2024,-36200,-671530000,18.3(-0.81 %),49700,907825000,85900,1579355000,474250722,0.0
16/08/2024,142300,2649535000,18.55(1.37 %),298700,5541045000,156400,2891510000,474108422,0.0
19/08/2024,590000,11087200000,19.1(2.96 %),648400,12186640000,58400,1099440000,473518422,0.0
20/08/2024,-12900,-245710000,19.05(-0.26 %),8100,154305000,21000,400015000,473531322,0.0
21/08/2024,-173700,-3320800000,19.15(0.52 %),173300,3311505000,347000,6632305000,473705022,0.0
22/08/2024,-628500,-11943455000,18.85(-1.57 %),6200,117490000,634700,12060945000,474333522,0.0
23/08/2024,46700,879255000,18.85(0.00 %),113000,2124705000,66300,1245450000,474286822,0.0
26/08/2024,-106000,-2005220000,18.8(-0.27 %),0,0,106000,2005220000,474392822,0.0
27/08/2024,-278100,-5220950000,18.75(-0.27 %),0,0,278100,5220950000,474670922,0.0
28/08/2024,-141100,-2638525000,18.7(-0.27 %),6200,116095000,147300,2754620000,474812022,0.0
29/08/2024,118100,2163860000,18.25(-2.41 %),191400,3524680000,73300,1360820000,474693922,0.0
30/08/2024,287000,5356215000,18.55(1.64 %),415700,7733215000,128700,2377000000,474406922,0.0
04/09/2024,83000,1540230000,18.6(0.27 %),124000,2301185000,41000,760955000,474681516,0.0
05/09/2024,-233800,-4331030000,18.6(0.00 %),16300,302870000,250100,4633900000,474915316,0.0
06/09/2024,-548800,-10097175000,18.45(-0.81 %),52300,966690000,601100,11063865000,475464116,0.0
09/09/2024,-861000,-15782455000,18.3(-0.81 %),42300,776315000,903300,16558770000,476325116,0.0
10/09/2024,-897600,-16417615000,18.3(0.00 %),67000,1227425000,964600,17645040000,477222716,0.0
11/09/2024,-522500,-9574335000,18.35(0.27 %),38600,708620000,561100,10282955000,477745216,0.0
12/09/2024,-688100,-12640090000,18.35(0.00 %),41900,770960000,730000,13411050000,478433316,0.0
13/09/2024,-566800,-10378770000,18.35(0.00 %),70300,1290255000,637100,11669025000,479000116,0.0
16/09/2024,-388000,-7132005000,18.35(0.00 %),618000,11378970000,1006000,18510975000,479388116,0.0
17/09/2024,1144900,21145300000,18.6(1.36 %),1148000,21202340000,3100,57040000,478243216,0.0
18/09/2024,1300,40390000,18.55(-0.27 %),270400,5045920000,269100,5005530000,478241916,0.0
19/09/2024,-793900,-13599330000,17.15(0.53 %),3100,53320000,797000,13652650000,479035816,0.0
20/09/2024,124900,2140925000,17.2(0.29 %),748500,12873630000,623600,10732705000,478910916,0.0
23/09/2024,-96000,-1645915000,17.2(0.00 %),233800,3981855000,329800,5627770000,479006916,0.0
24/09/2024,-1256200,-21484580000,17.3(0.58 %),33400,576855000,1289600,22061435000,480263116,0.0
25/09/2024,-541800,-9401665000,17.45(0.87 %),92800,1613545000,634600,11015210000,480804916,0.0
26/09/2024,-800000,-14227185000,17.9(2.58 %),125600,2238480000,925600,16465665000,481604916,0.0
27/09/2024,1772300,33022090000,18.55(3.63 %),2141500,39928090000,369200,6906000000,479832616,0.0
30/09/2024,227400,4224060000,18.8(1.35 %),406300,7570920000,178900,3346860000,479605216,0.0
01/10/2024,-425800,-8069155000,18.9(0.53 %),42100,796695000,467900,8865850000,479282339,0.0
02/10/2024,164200,3169615000,19.2(1.59 %),603900,11465055000,439700,8295440000,479118139,0.0
03/10/2024,-698600,-13643530000,19.3(0.52 %),172700,3360000000,871300,17003530000,479816739,0.0
04/10/2024,278900,5269100000,18.65(-3.37 %),637000,12077740000,358100,6808640000,479537839,0.0
07/10/2024,1163900,22100375000,18.85(1.07 %),1670100,31698445000,506200,9598070000,478373939,0.0
08/10/2024,262700,4986495000,18.85(0.00 %),472800,8960340000,210100,3973845000,478111239,0.0
09/10/2024,1213800,23049325000,19.2(1.86 %),1234200,23435285000,20400,385960000,476897439,0.0
10/10/2024,-583100,-11121725000,18.85(-1.82 %),91500,1735250000,674600,12856975000,477480539,0.0
11/10/2024,2494000,47423935000,19.1(1.33 %),2555600,48589470000,61600,1165535000,474986539,0.0
14/10/2024,-5337600,-97447030000,18.25(-4.45 %),362400,6660980000,5700000,104108010000,480324139,0.0
15/10/2024,359200,6617415000,18.2(-0.27 %),601500,11054415000,242300,4437000000,479964939,0.0
16/10/2024,1228100,22943020000,18.45(1.37 %),1270100,23722255000,42000,779235000,478736839,0.0
17/10/2024,1328900,24841495000,18.8(1.90 %),1518400,28384980000,189500,3543485000,477407939,0.0
18/10/2024,1425600,27635315000,19.45(3.46 %),1533500,29707270000,107900,2071955000,475982339,0.0
21/10/2024,1416300,27951885000,20.8(6.94 %),2062000,41126225000,645700,13174340000,474566039,0.0
22/10/2024,264100,5373985000,21.6(3.85 %),1162500,24698890000,898400,19324905000,474301939,0.0
23/10/2024,401600,8545175000,21.6(0.00 %),634700,13555560000,233100,5010385000,473900339,0.0
24/10/2024,-531600,-11494630000,21.4(-0.93 %),895700,19442525000,1427300,30937155000,474431939,0.0
25/10/2024,1624100,34384070000,20.85(-2.57 %),1707400,36181475000,83300,1797405000,472807839,0.0
28/10/2024,2411500,48908895000,19.85(-4.80 %),2414600,48970585000,3100,61690000,470396339,0.0
29/10/2024,3230900,63678800000,19.95(0.50 %),3278300,64620260000,47400,941460000,467165439,0.0
30/10/2024,1123100,22251835000,20(0.25 %),1404800,27852260000,281700,5600425000,466042339,0.0
31/10/2024,-410600,-8191465000,19.95(-0.25 %),11200,224560000,421800,8416025000,466452939,0.0
01/11/2024,-474000,-9384095000,19.65(-1.50 %),26300,522055000,500300,9906150000,500124932,0.0
04/11/2024,43000,640970000,18.7(-4.83 %),552800,10451205000,509800,9810235000,500081932,0.0
05/11/2024,1691900,32556170000,19.3(3.21 %),1855200,35686715000,163300,3130545000,498390032,0.0
06/11/2024,-533400,-10222435000,19.45(0.78 %),77300,1474995000,610700,11697430000,498923432,0.0
07/11/2024,-762300,-14691200000,19.2(-1.29 %),1000,19200000,763300,14710400000,499685732,0.0
08/11/2024,-927100,-17591110000,19(-1.04 %),36500,688385000,963600,18279495000,500612832,0.0
11/11/2024,-393400,-7372035000,18.7(-1.58 %),0,0,393400,7372035000,501006232,0.0
12/11/2024,-358600,-6719730000,18.55(-0.80 %),52400,981075000,411000,7700805000,510666899,2.64
13/11/2024,-150000,-2762075000,18.65(0.54 %),187200,3458545000,337200,6220620000,501514832,0.0
14/11/2024,-240300,-4422015000,18.55(-0.54 %),0,0,240300,4422015000,501755132,0.0
15/11/2024,-450100,-8227810000,18(-2.96 %),0,0,450100,8227810000,502205232,0.0
18/11/2024,-948300,-16777360000,18.05(0.28 %),229300,4076860000,1177600,20854220000,503153532,0.0
19/11/2024,-692400,-12298250000,17.9(-0.83 %),65100,1149825000,757500,13448075000,503845932,0.0
20/11/2024,-353300,-6282635000,18.1(1.12 %),244900,4397620000,598200,10680255000,504199232,0.0
21/11/2024,-356900,-6398910000,18.05(-0.28 %),26600,477525000,383500,6876435000,504556132,0.0
22/11/2024,-872300,-15603770000,18(-0.28 %),9300,166935000,881600,15770705000,505428432,0.0
25/11/2024,-485400,-8775780000,18.25(1.39 %),58400,1057040000,543800,9832820000,505666078,2.91
26/11/2024,-630600,-11509740000,18.3(0.27 %),8300,151630000,638900,11661370000,506539378,2.87
27/11/2024,-475200,-8710390000,18.7(2.19 %),63600,1163880000,538800,9874270000,507019592,2.84
28/11/2024,-1363800,-25636845000,18.8(0.53 %),0,0,1363800,25636845000,507658492,2.81
29/11/2024,-505900,-9428350000,18.5(-1.60 %),0,0,505900,9428350000,508197292,2.78
02/12/2024,-555600,-10264075000,18.5(0.00 %),1000,18350000,556600,10282425000,509560092,2.7
03/12/2024,-236800,-4357830000,18.5(0.00 %),15900,293355000,252700,4651185000,510050092,2.68
04/12/2024,-104800,-1928310000,18.4(-0.54 %),52000,956810000,156800,2885120000,510554699,2.65
05/12/2024,-15600,-235360000,18.7(1.63 %),275600,5094135000,291200,5329495000,510531799,2.65
09/12/2024,52400,979880000,18.95(1.88 %),52400,979880000,0,0,510921299,2.63
10/12/2024,-338300,-6451395000,19(0.26 %),254300,4845975000,592600,11297370000,510677699,2.64
16/12/2024,-43100,-881935000,19.4(-1.52 %),124300,2403430000,167400,3285365000,512079399,2.57
17/12/2024,5200,103875000,19.55(0.77 %),111700,2173745000,106500,2069870000,513005399,2.52
18/12/2024,35300,690835000,19.55(0.00 %),68900,1347555000,33600,656720000,513103899,2.51
19/12/2024,-197100,-3803220000,19.15(-2.05 %),126700,2428575000,323800,6231795000,513083699,2.52
20/12/2024,-1230000,-23379705000,19(-0.78 %),67300,1281620000,1297300,24661325000,513049999,2.52
24/12/2024,0,0,19.6(0.51 %),0,0,0,0,513801324,2.48
25/12/2024,-130900,-2563555000,19.5(-0.51 %),1000,19600000,131900,2583155000,513800324,2.48
26/12/2024,-228100,-4436595000,19.25(-1.28 %),43400,837310000,271500,5273905000,513797824,2.48
27/12/2024,336000,6555275000,19.45(1.04 %),371100,7239335000,35100,684060000,513558624,2.49
30/12/2024,-477900,-9233695000,19.3(-0.77 %),13700,268335000,491600,9502030000,513816424,2.48
31/12/2024,-547300,-10428165000,19.3(0.00 %),3100,59055000,550400,10487220000,513848424,2.47
02/01/2025,-1380600,-26066045000,18.75(-2.85 %),0,0,1380600,26066045000,514340024,2.45
03/01/2025,-765600,-14265505000,18.25(-2.67 %),0,0,765600,14265505000,514890424,2.42
06/01/2025,-271600,-4982005000,18.25(0.00 %),82700,1486170000,354300,6468175000,516188324,2.35
07/01/2025,-226200,-4116660000,18.2(-0.27 %),0,0,226200,4116660000,516188324,2.35
08/01/2025,-52300,-948770000,18.35(0.82 %),24700,451410000,77000,1400180000,517283609,2.29
09/01/2025,-157000,-2877180000,18.4(0.27 %),0,0,157000,2877180000,517509809,2.28
10/01/2025,-143300,-2616850000,18.1(-1.63 %),400,7320000,143700,2624170000,517586409,2.27
13/01/2025,75300,1361720000,18.3(1.10 %),81900,1480440000,6600,118720000,517661509,2.27
14/01/2025,-160100,-2911265000,18.25(-0.27 %),7100,128865000,167200,3040130000,517798136,2.26
15/01/2025,7500,134050000,18.25(0.00 %),36400,662260000,28900,528210000,517768336,2.26
16/01/2025,-34100,-624340000,18.3(0.27 %),0,0,34100,624340000,517802436,0.0
17/01/2025,-46000,-839935000,18.3(0.00 %),100,1825000,46100,841760000,517964336,2.25
20/01/2025,219300,4054295000,18.4(0.55 %),280300,5178105000,61000,1123810000,517718136,2.27
21/01/2025,36700,668460000,18.15(-1.36 %),73100,1333680000,36400,665220000,517691136,2.27
22/01/2025,-14700,-258190000,17.9(-1.38 %),27200,491820000,41900,750010000,517724996,2.27
23/01/2025,-48700,-878045000,18.35(2.51 %),163500,2942705000,212200,3820750000,517597925,2.27
24/01/2025,29500,567205000,18.55(1.09 %),122700,2261675000,93200,1694470000,517517125,2.28
03/02/2025,30000,547745000,0(0.00 %),52800,964205000,22800,416460000,517676525,2.27
04/02/2025,855600,15885835000,18.6(2.20 %),861300,15991785000,5700,105950000,516908425,2.31
05/02/2025,-451200,-8362120000,18.5(-0.54 %),3800,70675000,455000,8432795000,516927425,2.31
06/02/2025,-27800,-512585000,18.6(0.54 %),227700,4266915000,255500,4779500000,516792391,2.32
07/02/2025,-222000,-4140990000,18.65(0.27 %),16200,303490000,238200,4444480000,517231279,2.29
10/02/2025,309600,5876530000,18.75(0.54 %),414300,7839500000,104700,1962970000,517072479,2.3
11/02/2025,-230500,-4348805000,18.95(1.07 %),8600,162540000,239100,4511345000,517302079,2.29
12/02/2025,-12000,-248830000,19.2(1.32 %),278900,5356395000,290900,5605225000,517127879,2.3
13/02/2025,-137200,-2627670000,19.15(-0.26 %),35100,672170000,172300,3299840000,517331879,2.29
14/02/2025,-120300,-2303820000,19.1(-0.26 %),29500,567875000,149800,2871695000,517593279,2.27
17/02/2025,2727200,52725230000,19.4(1.57 %),2884100,55763360000,156900,3038130000,514916479,2.42
18/02/2025,1334400,26017905000,19.45(0.26 %),1454200,28351480000,119800,2333575000,513578079,2.49
19/02/2025,1784900,35767665000,20.45(5.14 %),1885000,37750195000,100100,1982530000,511849979,2.58
20/02/2025,700900,14242560000,20.45(0.00 %),1204200,24553515000,503300,10310955000,510765579,2.64
21/02/2025,880300,17873765000,20.2(-1.22 %),985500,20006975000,105200,2133210000,509880247,2.69
24/02/2025,1214700,24872345000,20.5(1.49 %),1238100,25351535000,23400,479190000,509145473,2.73
25/02/2025,492200,10188080000,20.7(0.98 %),678300,14033645000,186100,3845565000,508558373,2.76
26/02/2025,138500,2907860000,20.8(0.48 %),514700,10776975000,376200,7869115000,508067073,2.78
27/02/2025,946500,19566845000,20.8(0.00 %),1098000,22693585000,151500,3126740000,507355173,2.82
28/02/2025,362000,7530710000,21.3(2.40 %),473900,9875700000,111900,2344990000,507322472,2.82
03/03/2025,244400,5310440000,21.65(1.64 %),790700,17124355000,546300,11813915000,506683272,2.86
04/03/2025,302100,6213325000,22.25(2.77 %),913000,19616840000,610900,13403515000,505882172,2.9
05/03/2025,895200,19599960000,22(-1.12 %),1365800,30139000000,470600,10539040000,505062672,2.94
06/03/2025,5957000,128339900000,22.2(0.91 %),6642500,143323845000,685500,14983945000,499031132,3.27
07/03/2025,519300,11322935000,21.65(-2.48 %),1027000,22344740000,507700,11021805000,498509790,3.3
10/03/2025,428600,9093865000,21.05(-2.77 %),848200,18052245000,419600,8958380000,498347090,3.3
11/03/2025,2437900,51222645000,21.3(1.19 %),2767500,58162265000,329600,6939620000,498347090,3.3
12/03/2025,1203800,25305855000,20.95(-1.64 %),1947600,40990665000,743800,15684810000,488908990,3.81
13/03/2025,783735,16234294750,20.35(-2.86 %),1118500,23156485000,334765,6922190250,488120755,3.85
14/03/2025,370000,7540440000,20.15(-0.98 %),544100,11075445000,174100,3535005000,488320755,3.84
17/03/2025,539400,10964295000,20.35(0.99 %),902700,18351450000,363300,7387155000,487752820,3.87
18/03/2025,-591500,-12046285000,20.3(-0.25 %),411800,8374325000,1003300,20420610000,487515320,3.88
19/03/2025,63700,1296760000,19.9(-1.97 %),770900,15456050000,707200,14159290000,487107820,3.91
20/03/2025,857200,16984575000,19.95(0.25 %),934600,18528615000,77400,1544040000,487176615,3.9
21/03/2025,-817300,-16449520000,20(0.25 %),83200,1672270000,900500,18121790000,487801415,3.87
24/03/2025,-442600,-8861120000,20.1(0.50 %),81300,1632920000,523900,10494040000,487797515,3.87
25/03/2025,-1302700,-26127330000,19.9(-1.00 %),50600,1017060000,1353300,27144390000,488647724,3.82
26/03/2025,-1146200,-22711165000,19.5(-2.01 %),13000,256850000,1159200,22968015000,489158724,3.8
27/03/2025,1251400,24577685000,19.45(-0.26 %),1395500,27400660000,144100,2822975000,489116632,3.8
28/03/2025,-258600,-4969845000,19.5(0.26 %),708500,13821350000,967100,18791195000,489568789,3.77
31/03/2025,-727700,-13941235000,19.5(0.00 %),140700,2697225000,868400,16638460000,489572689,3.77
01/04/2025,-1131500,-22087995000,19.55(0.26 %),500,9770000,1132000,22097765000,490539856,3.72
02/04/2025,-1207800,-24079980000,19.8(1.28 %),269500,5370995000,1477300,29450975000,491138956,3.69
03/04/2025,-358600,-6853570000,18.45(-6.82 %),236000,4372520000,594600,11226090000,491998056,3.64
04/04/2025,135100,2020295000,18(-2.44 %),2124500,37274330000,1989400,35254035000,491351063,3.68
08/04/2025,-797600,-13602265000,16.75(-6.94 %),36700,619895000,834300,14222160000,491959163,3.65
09/04/2025,1538600,23655310000,15.6(-6.87 %),4763000,75097715000,3224400,51442405000,489185563,3.79
10/04/2025,-16800,-279720000,16.65(6.73 %),0,0,16800,279720000,489962189,3.75
11/04/2025,315200,5627570000,17.8(6.91 %),1194900,20835325000,879700,15207755000,491991726,3.64
14/04/2025,-1614400,-28650910000,18.35(3.09 %),735500,13440395000,2349900,42091305000,491273026,3.68
15/04/2025,1918200,34927115000,18.25(-0.54 %),3059200,55667875000,1141000,20740760000,489093526,3.8
16/04/2025,1761300,32068240000,18.1(-0.82 %),2168300,39447730000,407000,7379490000,489275126,3.79
17/04/2025,-167800,-2984085000,18.1(0.00 %),422600,7616955000,590400,10601040000,489993526,3.75
18/04/2025,309600,5625895000,18.95(4.70 %),782400,14590450000,472800,8964555000,489618126,3.77
21/04/2025,-186100,-3525360000,18.8(-0.79 %),28300,529350000,214400,4054710000,490174226,3.74
22/04/2025,2493200,43525655000,18.4(-2.13 %),5014100,90635245000,2520900,47109590000,485632926,3.98
23/04/2025,724500,13586665000,18.85(2.45 %),1066900,20030565000,342400,6443900000,484794426,4.03
24/04/2025,1086500,20596355000,18.95(0.53 %),1466000,27740335000,379500,7143980000,485849326,3.97
25/04/2025,239600,4591400000,19.05(0.53 %),613500,11660800000,373900,7069400000,485578226,3.99
28/04/2025,-162600,-3064175000,19.35(1.57 %),703600,13601990000,866200,16666165000,485254148,4.0
29/04/2025,-810000,-15524345000,18.95(-2.07 %),1100,21175000,811100,15545520000,485626948,3.98
05/05/2025,1035900,19817305000,19.25(1.58 %),1035900,19863070000,0,45765000,485459648,3.99
06/05/2025,281900,5378920000,19(-1.30 %),346300,6616470000,64400,1237550000,485988848,3.97
07/05/2025,242300,4597095000,19(0.00 %),242300,4597095000,0,0,485746548,3.98
08/05/2025,6400,205895000,19.25(1.32 %),552800,10617175000,546400,10411280000,485740148,3.98
09/05/2025,-817500,-15707085000,19.1(-0.78 %),37500,721820000,855000,16428905000,485740148,3.98
12/05/2025,149800,2878240000,19.25(0.79 %),165700,3181495000,15900,303255000,485590348,3.99
13/05/2025,490700,9452245000,19.7(2.34 %),1819600,35566325000,1328900,26114080000,485917148,3.97
14/05/2025,-535600,-10543320000,19.9(1.02 %),300,5900000,535900,10549220000,485916898,3.97
15/05/2025,142000,-12122010000,19.85(-0.25 %),142000,2825240000,0,14947250000,485916898,3.97
16/05/2025,500,-22990820000,19.45(-2.02 %),500,9840000,0,23000660000,486452498,3.94
19/05/2025,789100,13947718800,19.35(-0.51 %),789100,15392265000,0,1444546200,486348414,3.95
20/05/2025,1184800,15417560500,19.9(2.84 %),1184800,23448520000,0,8030959500,486742115,3.92
21/05/2025,981900,9569015000,20.25(1.76 %),981900,19850085000,0,10281070000,486269915,3.95
22/05/2025,6379700,111670650000,21.1(4.20 %),6379700,135573750000,0,23903100000,481034115,4.23
23/05/2025,-243400,-5295360000,21.4(1.42 %),248500,5322195000,491900,10617555000,481034115,4.23
26/05/2025,1688000,19200325000,21.9(2.34 %),1688000,36747175000,0,17546850000,480149115,4.28
27/05/2025,-54800,-1215005000,22.05(0.68 %),687400,15124025000,742200,16339030000,480392515,4.26
28/05/2025,1185900,9132970000,21.75(-1.36 %),1185900,26051885000,0,16918915000,479973515,4.29
29/05/2025,3703900,75497795000,22.9(5.29 %),3703900,84760560000,0,9262765000,476732126,4.46
30/05/2025,544000,-12943715000,22.7(-0.87 %),544000,12377105000,0,25320820000,476732126,4.46
02/06/2025,3593100,77324445000,23.3(2.64 %),3593100,82704055000,0,5379610000,473373626,4.64
03/06/2025,1180300,-10550880000,23.15(-0.64 %),1180300,27401965000,0,37952845000,473928226,4.61
04/06/2025,5408000,98070415000,24.65(6.48 %),5408000,131340115000,0,33269700000,469890326,4.83
05/06/2025,180300,-25598180000,24.3(-1.42 %),180300,4396005000,0,29994185000,470341626,4.8
06/06/2025,203600,-34945060000,24.1(-0.82 %),203600,4915945000,0,39861005000,470341626,4.8
09/06/2025,2906100,39662894300,23.1(-4.15 %),2906100,68709880000,0,29046985700,469701637,4.84
10/06/2025,6059700,132732635000,22.9(-0.87 %),6059700,139096610000,0,6363975000,465346137,5.07
11/06/2025,2071000,46996580000,22.7(-0.87 %),2556700,57964455000,485700,10967875000,463275208,5.18
12/06/2025,1695700,39089455000,23.1(1.76 %),3292000,75615980000,1596300,36526525000,461579508,5.27
13/06/2025,159700,3577575000,22.65(-1.95 %),1552900,35309075000,1393200,31731500000,461419808,5.28
16/06/2025,382500,8829850000,23.3(2.87 %),786900,18121850000,404400,9292000000,461037308,5.3
17/06/2025,-2237300,-52662005000,23.45(0.64 %),852400,19964195000,3089700,72626200000,461037308,5.3
18/06/2025,-571700,-13570415000,23.05(-1.71 %),862600,19928825000,1434300,33499240000,461037308,5.3
19/06/2025,-3300,103010000,23.15(0.43 %),1125200,25991610000,1128500,25888600000,463274608,5.18
20/06/2025,318400,7605770000,23.5(1.51 %),1306000,30664235000,987600,23058465000,463527908,5.17
23/06/2025,-1778300,-41047430000,22.9(-2.55 %),525700,12108290000,2304000,53155720000,463531208,5.17
24/06/2025,1082100,25188100000,23.35(1.97 %),1568600,36452620000,486500,11264520000,462449195,5.22
25/06/2025,-2026600,-48374590000,23.35(0.00 %),181100,4299380000,2207700,52673970000,464227495,5.13
26/06/2025,-141800,-3193925000,23.25(-0.43 %),1000400,23213320000,1142200,26407245000,464227495,5.13
27/06/2025,-316000,-7361525000,22.95(-1.29 %),1746500,40227285000,2062500,47588810000,466254095,5.02
30/06/2025,716600,16407895000,22.85(-0.44 %),1617900,37090700000,901300,20682805000,465679295,5.05
01/07/2025,865500,19700660000,22.55(-1.31 %),950300,21619665000,84800,1919005000,465129795,5.08
02/07/2025,686500,15499820000,22.65(0.44 %),1007400,22735915000,320900,7236095000,464443295,5.12
03/07/2025,1292000,29509285000,23.2(2.43 %),1986100,45736005000,694100,16226720000,463151295,5.19
04/07/2025,485400,11393475000,23.4(0.86 %),923300,21646915000,437900,10253440000,462665895,5.21
07/07/2025,-840100,-19846670000,23.65(1.07 %),1293100,30694745000,2133200,50541415000,462665895,5.21
08/07/2025,-2022100,-46901375000,23.75(0.42 %),967200,22936730000,2989300,69838105000,462665895,5.21
09/07/2025,-611000,-14566500000,23.75(0.00 %),38800,926705000,649800,15493205000,463486595,5.17
10/07/2025,-100500,-2373855000,23.7(-0.21 %),365900,8717325000,466400,11091180000,463486595,5.17
11/07/2025,2911900,70020460000,24.5(3.38 %),3583500,85937935000,671600,15917475000,463207795,5.18
14/07/2025,-1245200,-31264530000,25.3(3.27 %),808000,20269955000,2053200,51534485000,463308295,5.18
15/07/2025,-278600,-7093270000,24.6(-2.77 %),458500,11446800000,737100,18540070000,463308295,5.18
16/07/2025,-1677100,-41329220000,24.7(0.41 %),432700,10661895000,2109800,51991115000,464523495,5.11
17/07/2025,-982300,-24309345000,24.55(-0.61 %),3100,76615000,985400,24385960000,464523495,5.11
18/07/2025,-184200,-4778250000,25.15(2.44 %),564700,13977820000,748900,18756070000,466472242,5.01
21/07/2025,1812300,46562860000,25.4(0.99 %),2942400,75352045000,1130100,28789185000,465636692,5.05
22/07/2025,1492500,38471420000,27.15(6.89 %),2280100,58983965000,787600,20512545000,464328394,5.12
23/07/2025,-658500,-18128850000,26.95(-0.74 %),22900,633485000,681400,18762335000,464328394,5.12
24/07/2025,-727700,-19958150000,27.05(0.37 %),395000,10731380000,1122700,30689530000,464328394,5.12
25/07/2025,-1626800,-44346535000,27.7(2.40 %),1009700,28063670000,2636500,72410205000,464986894,5.09
28/07/2025,1522100,45051380000,29.35(5.96 %),2535100,74422690000,1013000,29371310000,464190794,5.13
29/07/2025,1500900,41652755000,27.3(-6.98 %),2210000,61385395000,709100,19732640000,464312295,5.13
30/07/2025,1391400,36805960000,26.6(-2.56 %),1774000,46986975000,382600,10181015000,462920974,5.2
31/07/2025,1314300,35281735000,27(1.50 %),2184400,57994525000,870100,22712790000,461606674,5.27
01/08/2025,288200,7381710000,26.2(-2.96 %),1015000,26643900000,726800,19262190000,461318474,5.29
04/08/2025,352000,9389010000,27.05(3.24 %),1235100,32917005000,883100,23527995000,460966474,5.3
05/08/2025,-594800,-16687050000,26.85(-0.74 %),970300,26162190000,1565100,42849240000,460966474,5.3
06/08/2025,-256700,-6939975000,27.4(2.05 %),368800,9974405000,625500,16914380000,460966474,5.3
07/08/2025,-649800,-17866275000,27.1(-1.09 %),314000,8508300000,963800,26374575000,461556400,5.27
08/08/2025,-1278400,-34108560000,26.7(-1.48 %),479300,12949195000,1757700,47057755000,461813100,5.26
11/08/2025,382600,9565310000,27.9(4.49 %),1833000,49831740000,1450400,40266430000,462074788,5.24
12/08/2025,-867000,-23945745000,27.6(-1.08 %),5100,140930000,872100,24086675000,463350388,5.18
13/08/2025,-260900,-7085805000,27.7(0.36 %),965100,26701125000,1226000,33786930000,463350388,5.18
14/08/2025,-990400,-28117680000,28.3(2.17 %),69000,1937535000,1059400,30055215000,464217388,5.13
15/08/2025,-631700,-18270475000,29.7(4.95 %),527800,15697495000,1159500,33967970000,464478288,5.12
18/08/2025,-2417700,-74047725000,30.5(2.69 %),159400,4829510000,2577100,78877235000,465468688,5.06
19/08/2025,1704000,53177910000,31.1(1.97 %),2724200,84850095000,1020200,31672185000,464396393,5.12
20/08/2025,2105700,63303195000,30.2(-2.89 %),3004100,90549125000,898400,27245930000,464704193,5.1
21/08/2025,1651900,51401650000,31.1(2.98 %),1942100,60426910000,290200,9025260000,463052043,5.19
22/08/2025,1638800,48613470000,28.95(-6.91 %),2241000,66616335000,602200,18002865000,463052043,5.19
25/08/2025,411600,10463295000,26.95(-6.91 %),1323100,36170255000,911500,25706960000,461413243,5.28
26/08/2025,1314100,36337165000,0(-100.00 %),2631000,72330110000,1316900,35992945000,461001643,5.3
