Ngay,KLGDRong,GTDGRong,ThayDoi,KLMua,GtMua,KLBan,GtBan,RoomConLai,DangSoHuu
18/08/2009,0,0,0(0.00 %),0,0,0,0,29875571,12.25
19/08/2009,0,0,0(0.00 %),0,0,0,0,29875571,12.25
20/08/2009,2360,112100000,0(0.00 %),2360,112100000,0,0,29873211,12.26
21/08/2009,-24800,-1235040000,0(0.00 %),5200,258960000,30000,1494000000,29898011,12.23
24/08/2009,-52100,-2610775000,0(0.00 %),2900,147650000,55000,2758425000,29950111,12.16
25/08/2009,0,0,0(0.00 %),0,0,0,0,29950111,12.16
26/08/2009,-3250,-156995000,0(0.00 %),0,0,3250,156995000,29953361,12.16
27/08/2009,-860,-43288000,0(0.00 %),5000,237500000,5860,280788000,29954221,12.16
28/08/2009,-21760,-1044128000,48(1.05 %),0,0,21760,1044128000,29975981,12.13
31/08/2009,-22970,-1110942000,48.3(0.62 %),1030,50258000,24000,1161200000,29998951,12.1
01/09/2009,0,0,48(-0.62 %),0,0,0,0,29998951,12.1
03/09/2009,-575000,-26531700000,45.6(-5.00 %),0,0,575000,26531700000,30573951,11.39
04/09/2009,0,0,45.5(-0.22 %),0,0,0,0,30573951,11.39
07/09/2009,-1030,-44599000,43.5(-4.40 %),0,0,1030,44599000,30574981,11.39
08/09/2009,2000,87000000,45.1(3.68 %),2000,87000000,0,0,30572981,11.39
09/09/2009,0,0,45(-0.22 %),0,0,0,0,30572981,11.39
10/09/2009,0,0,45(0.00 %),0,0,0,0,30572981,11.39
11/09/2009,-6000,-268000000,45(0.00 %),0,0,6000,268000000,30578981,11.39
14/09/2009,-132000,-6230200000,47.2(4.89 %),0,0,132000,6230200000,30710981,11.23
15/09/2009,-21000,-981650000,46.6(-1.27 %),0,0,21000,981650000,30731981,11.2
16/09/2009,-29000,-1326858000,46.2(-0.86 %),0,0,29000,1326858000,30760981,11.16
17/09/2009,37410,1714763000,45.3(-1.95 %),70410,3212651000,33000,1497888000,30723571,11.21
18/09/2009,12430,569567000,47.5(4.86 %),45430,2116167000,33000,1546600000,30597911,11.36
21/09/2009,100800,4809355000,47.2(-0.63 %),126900,6045246000,26100,1235891000,30610341,11.35
22/09/2009,37870,1756748000,46.3(-1.91 %),58870,2730947000,21000,974199000,30572471,11.4
23/09/2009,8800,412149000,45.6(-1.51 %),42800,1972395000,34000,1560246000,30563671,11.41
24/09/2009,-20810,-936336000,44.7(-1.97 %),0,0,20810,936336000,30584481,11.38
25/09/2009,0,0,45.3(1.34 %),0,0,0,0,30584481,11.38
28/09/2009,0,0,45.2(-0.22 %),0,0,0,0,30642261,11.31
29/09/2009,-49000,-2179783000,44.6(-1.33 %),0,0,49000,2179783000,30719261,11.21
30/09/2009,-97500,-4308557000,44.1(-1.12 %),0,0,97500,4308557000,30816761,11.1
01/10/2009,-49500,-2131328000,42.8(-2.95 %),1000,43600000,50500,2174928000,30866261,11.03
02/10/2009,-73000,-2987503000,40.9(-4.44 %),0,0,73000,2987503000,30939261,10.94
05/10/2009,-52900,-2174834000,41(0.24 %),100,4000000,53000,2178834000,30992161,10.88
06/10/2009,-48000,-1974286000,41.1(0.24 %),0,0,48000,1974286000,31040161,10.82
07/10/2009,-43780,-1853457000,43(4.62 %),20,822000,43800,1854279000,31083941,10.77
08/10/2009,-53000,-2245777000,43(0.00 %),0,0,53000,2245777000,31136941,10.7
09/10/2009,-88000,-3820342000,44.3(4.98 %),0,0,88000,3820342000,31224941,10.59
12/10/2009,-37000,-1635137000,45(1.58 %),0,0,37000,1635137000,31261941,10.55
13/10/2009,-104000,-4514687000,43.2(-4.00 %),0,0,104000,4514687000,31365941,10.42
14/10/2009,-161000,-7063960000,44.7(3.47 %),0,0,161000,7063960000,31526941,10.22
15/10/2009,-203000,-9332190000,46.9(4.92 %),50000,2300000000,253000,11632190000,31729941,9.97
16/10/2009,-96710,-4756352000,49.2(4.90 %),2000,98400000,98710,4854752000,31826651,9.85
19/10/2009,-33600,-1637023000,48.5(-1.42 %),400,19680000,34000,1656703000,31860251,9.81
20/10/2009,-30000,-1453180000,48.5(0.00 %),0,0,30000,1453180000,31890251,9.77
21/10/2009,-42000,-2055772000,48.6(0.21 %),0,0,42000,2055772000,31932251,9.72
22/10/2009,-52000,-2500792000,48.3(-0.62 %),0,0,52000,2500792000,31984251,9.66
23/10/2009,-29400,-1438420000,46.8(-3.11 %),600,29580000,30000,1468000000,32013651,9.62
26/10/2009,-25970,-1199663000,46(-1.71 %),0,0,25970,1199663000,32039621,9.59
27/10/2009,-35000,-1557997000,44.2(-3.91 %),0,0,35000,1557997000,32074621,9.55
28/10/2009,-37000,-1632865000,44(-0.45 %),0,0,37000,1632865000,32111621,9.5
29/10/2009,-32590,-1364059000,42(-4.55 %),5410,228041000,38000,1592100000,32144211,9.46
30/10/2009,-32000,-1382821000,43.5(3.57 %),1000,42500000,33000,1425321000,32176211,9.42
02/11/2009,-12780,-529092000,41.4(-4.83 %),0,0,12780,529092000,32188991,9.41
03/11/2009,-47000,-1901109000,39.4(-4.83 %),0,0,47000,1901109000,32235991,9.35
04/11/2009,-45900,-1755631000,38(-3.55 %),100,3790000,46000,1759421000,32281891,9.29
05/11/2009,-45000,-1777360000,39.9(5.00 %),0,0,45000,1777360000,32326891,9.24
06/11/2009,-43000,-1795406000,41.8(4.76 %),0,0,43000,1795406000,32369891,9.18
09/11/2009,-39500,-1577110000,39.8(-4.78 %),500,19900000,40000,1597010000,32409391,9.14
10/11/2009,-35000,-1366636000,39.8(0.00 %),0,0,35000,1366636000,32444391,9.09
11/11/2009,-40000,-1620422000,40.7(2.26 %),0,0,40000,1620422000,32484391,9.04
12/11/2009,-40000,-1684783000,41.5(1.97 %),0,0,40000,1684783000,32524391,8.99
13/11/2009,-40500,-1645195000,41.6(0.24 %),0,0,40500,1645195000,32564891,8.94
16/11/2009,-45000,-1849238000,40.1(-3.61 %),0,0,45000,1849238000,32609891,8.89
17/11/2009,-176220,-7418862000,42.1(4.99 %),0,0,176220,7418862000,32786111,8.67
18/11/2009,-35520,-1506327000,43.5(3.33 %),6480,279480000,42000,1785807000,32821631,8.63
19/11/2009,-50000,-2180533000,43.6(0.23 %),0,0,50000,2180533000,32871631,8.57
20/11/2009,-45000,-1918796000,42.1(-3.44 %),0,0,45000,1918796000,32916631,8.51
23/11/2009,-40000,-1631540000,40.4(-4.04 %),0,0,40000,1631540000,32956631,8.46
24/11/2009,-50540,-2053113000,40.8(0.99 %),0,0,50540,2053113000,33007171,8.4
25/11/2009,-40000,-1567333000,38.8(-4.90 %),0,0,40000,1567333000,33047171,8.35
26/11/2009,-6430,-237267000,36.9(-4.90 %),0,0,6430,237267000,33053601,8.34
27/11/2009,-50000,-1818900000,38.7(4.88 %),0,0,50000,1818900000,33103601,8.28
30/11/2009,-64980,-2518690000,38.9(0.52 %),20,774000,65000,2519464000,33168581,8.2
01/12/2009,-64700,-2499658000,38.9(0.00 %),300,12000000,65000,2511658000,33233281,8.12
02/12/2009,-48000,-1827827000,37.5(-3.60 %),0,0,48000,1827827000,33281281,8.06
03/12/2009,-48000,-1739220000,37.5(0.00 %),0,0,48000,1739220000,33329281,8.0
04/12/2009,-45270,-1654380000,37.3(-0.53 %),2730,102375000,48000,1756755000,33374551,7.95
07/12/2009,-38000,-1401748000,37.2(-0.27 %),0,0,38000,1401748000,33412551,7.9
08/12/2009,-25000,-907334000,36.1(-2.96 %),0,0,25000,907334000,33437551,7.87
09/12/2009,-25000,-863415000,34.4(-4.71 %),0,0,25000,863415000,33462551,7.84
10/12/2009,-46470,-1528902000,33.5(-2.62 %),100,3500000,46570,1532402000,33509021,7.78
11/12/2009,10000,327850000,31.9(-4.78 %),10000,327850000,0,0,33499021,7.8
14/12/2009,0,0,33(3.45 %),0,0,0,0,33499021,7.8
15/12/2009,0,0,33.5(1.52 %),0,0,0,0,33499021,7.8
16/12/2009,0,0,31.9(-4.78 %),0,0,0,0,33499021,7.8
17/12/2009,0,0,30.7(-3.76 %),0,0,0,0,33499021,7.8
18/12/2009,-10000,-322000000,32.2(4.89 %),0,0,10000,322000000,33509021,7.78
21/12/2009,0,0,33.8(4.97 %),0,0,0,0,33509021,7.78
22/12/2009,1350,47150000,34.5(2.07 %),1350,47150000,0,0,33507671,7.79
23/12/2009,0,0,34.5(0.00 %),0,0,0,0,33507671,7.79
24/12/2009,0,0,35.5(2.90 %),0,0,0,0,33507671,7.79
25/12/2009,0,0,37.2(4.79 %),0,0,0,0,33507671,7.79
28/12/2009,500,18700000,37.2(0.00 %),500,18700000,0,0,33507171,7.79
29/12/2009,-90000,-3236065000,36.6(-1.61 %),0,0,90000,3236065000,33597171,7.68
30/12/2009,-90000,-3288875000,38.3(4.64 %),0,0,90000,3288875000,33687171,7.56
31/12/2009,1200,47400000,39.1(2.09 %),1200,47400000,0,0,33685971,7.57
04/01/2010,0,0,41(4.86 %),0,0,0,0,33685971,7.57
05/01/2010,0,0,41(0.00 %),0,0,0,0,33685971,7.57
06/01/2010,0,0,41(0.00 %),0,0,0,0,33685971,7.57
07/01/2010,20,820000,40.6(-0.98 %),20,820000,0,0,33685951,7.57
08/01/2010,0,0,39(-3.94 %),0,0,0,0,33685951,7.57
11/01/2010,-5000,-195000000,39.8(2.05 %),0,0,5000,195000000,33690951,7.56
12/01/2010,0,0,39(-2.01 %),0,0,0,0,33690951,7.56
13/01/2010,-500,-19150000,38.3(-1.79 %),0,0,500,19150000,33691451,7.56
14/01/2010,-37290,-1442417000,38.9(1.57 %),1010,38889000,38300,1481306000,33728741,7.51
15/01/2010,-950,-36545000,39(0.26 %),20,766000,970,37311000,33729691,7.51
18/01/2010,-8900,-341878000,38.5(-1.28 %),0,0,8900,341878000,33738591,7.5
19/01/2010,0,0,39(1.30 %),0,0,0,0,33738591,7.5
20/01/2010,0,0,38.4(-1.54 %),0,0,0,0,33738591,7.5
21/01/2010,0,0,37.5(-2.34 %),0,0,0,0,33738591,7.5
22/01/2010,210,7581000,36.1(-3.73 %),210,7581000,0,0,33738381,7.5
25/01/2010,0,0,36.5(1.11 %),0,0,0,0,33738381,7.5
26/01/2010,-210,-7938000,38(4.11 %),0,0,210,7938000,33738591,7.5
27/01/2010,0,0,37.5(-1.32 %),0,0,0,0,33738591,7.5
28/01/2010,-2730,-99099000,36.5(-2.67 %),0,0,2730,99099000,33741321,7.5
29/01/2010,0,0,36.5(0.00 %),0,0,0,0,33741321,7.5
01/02/2010,0,0,36.4(-0.27 %),0,0,0,0,33741321,7.5
02/02/2010,0,0,35.8(-1.65 %),0,0,0,0,33741321,7.5
03/02/2010,0,0,36.9(3.07 %),0,0,0,0,33741321,7.5
04/02/2010,0,0,37.7(2.17 %),0,0,0,0,33741321,7.5
05/02/2010,0,0,36.5(-3.18 %),0,0,0,0,33741321,7.5
08/02/2010,0,0,36.8(0.82 %),0,0,0,0,33741321,7.5
09/02/2010,-500,-18100000,36(-2.17 %),0,0,500,18100000,33741821,7.5
10/02/2010,-500,-18700000,37.4(3.89 %),0,0,500,18700000,33742321,7.5
11/02/2010,0,0,37.5(0.27 %),0,0,0,0,33742321,7.5
12/02/2010,0,0,37.8(0.80 %),0,0,0,0,33742321,7.5
22/02/2010,0,0,38.1(0.79 %),0,0,0,0,33742321,7.5
23/02/2010,0,0,36.8(-3.41 %),0,0,0,0,33742321,7.5
24/02/2010,0,0,36.8(0.00 %),0,0,0,0,33742321,7.5
25/02/2010,0,0,36.5(-0.82 %),0,0,0,0,33742321,7.5
26/02/2010,0,0,36.7(0.55 %),0,0,0,0,33742330,7.5
01/03/2010,0,0,37(0.82 %),0,0,0,0,33742330,7.5
02/03/2010,0,0,37(0.00 %),0,0,0,0,33742330,7.5
03/03/2010,25000,925000000,37.5(1.35 %),25000,925000000,0,0,33717330,7.53
04/03/2010,30000,1138436000,38(1.33 %),30000,1138436000,0,0,33687330,7.56
05/03/2010,460,17480000,39.9(5.00 %),460,17480000,0,0,33686870,7.56
08/03/2010,0,0,41.8(4.76 %),0,0,0,0,33686870,7.56
09/03/2010,0,0,42.5(1.67 %),0,0,0,0,33686870,7.56
10/03/2010,46040,1934230000,42(-1.18 %),46040,1934230000,0,0,33640830,7.62
11/03/2010,50000,2096900000,41.3(-1.67 %),50000,2096900000,0,0,33590830,7.68
12/03/2010,49700,2064000000,42.2(2.18 %),50000,2076450000,300,12450000,33541130,7.74
15/03/2010,0,0,42.2(0.00 %),0,0,0,0,33541130,7.74
16/03/2010,2480,104160000,40.2(-4.74 %),2480,104160000,0,0,33538650,7.75
17/03/2010,0,0,40(-0.50 %),0,0,0,0,33538650,7.75
18/03/2010,1000,40500000,41(2.50 %),1000,40500000,0,0,33537650,7.75
19/03/2010,100,4150000,40.5(-1.22 %),100,4150000,0,0,33537550,7.75
22/03/2010,0,0,39.5(-2.47 %),0,0,0,0,33537550,7.75
23/03/2010,0,0,38.5(-2.53 %),0,0,0,0,33537550,7.75
24/03/2010,0,0,38.7(0.52 %),0,0,0,0,33537550,7.75
25/03/2010,100,3830000,38.2(-1.29 %),100,3830000,0,0,33537450,7.75
26/03/2010,3000,114000000,38(-0.52 %),3000,114000000,0,0,33534450,7.75
29/03/2010,1500,56950000,38(0.00 %),1500,56950000,0,0,33532950,7.75
30/03/2010,820,31978000,39(2.63 %),1820,70978000,1000,39000000,33532130,7.76
31/03/2010,0,0,39(0.00 %),0,0,0,0,33532130,7.76
01/04/2010,0,0,39(0.00 %),0,0,0,0,33532130,7.76
02/04/2010,0,0,39(0.00 %),0,0,0,0,33532130,7.76
05/04/2010,0,0,40.5(3.85 %),0,0,0,0,33532130,7.76
06/04/2010,100,4230000,41.6(2.72 %),100,4230000,0,0,33532030,7.76
07/04/2010,10800,468280000,43.6(4.81 %),10800,468280000,0,0,33521230,7.77
08/04/2010,16380,704590000,43.2(1.89 %),16380,704590000,0,0,33504850,7.79
09/04/2010,30000,1276000000,42(-2.78 %),30000,1276000000,0,0,33474850,7.83
12/04/2010,40000,1675000000,41.8(-0.48 %),40000,1675000000,0,0,33434850,7.87
13/04/2010,16500,680200000,41.2(-1.44 %),16500,680200000,0,0,33418350,7.9
14/04/2010,47840,1953354000,41.1(-0.24 %),47840,1953354000,0,0,33370510,7.95
15/04/2010,0,0,42.9(4.38 %),0,0,0,0,33370510,7.95
16/04/2010,36100,1538130000,42.5(-0.93 %),36100,1538130000,0,0,33334410,8.0
19/04/2010,45000,1892108000,42(-1.18 %),45000,1892108000,0,0,33289410,8.05
20/04/2010,30000,1253000000,41.6(-0.95 %),30000,1253000000,0,0,33259410,8.09
21/04/2010,55500,2314295000,41.7(0.24 %),55500,2314295000,0,0,33203910,8.16
22/04/2010,1080,38036000,42(0.72 %),6080,253536000,5000,215500000,33202830,8.16
26/04/2010,40000,1681300000,42(0.00 %),40000,1681300000,0,0,33125760,8.25
27/04/2010,17070,715198000,41.9(-0.24 %),26570,1114198000,9500,399000000,33185760,8.18
28/04/2010,20000,834800000,41.6(-0.72 %),20000,834800000,0,0,33165760,8.21
29/04/2010,-500,-21350000,42.8(2.88 %),0,0,500,21350000,33166260,8.21
04/05/2010,21240,908290000,42.8(0.00 %),25100,1073770000,3860,165480000,33145020,8.23
05/05/2010,36000,1532414000,42.5(-0.70 %),37000,1574964000,1000,42550000,33109020,8.28
06/05/2010,15000,639000000,42.5(0.00 %),15000,639000000,0,0,33094020,8.29
07/05/2010,-1350,-56750000,42(-1.18 %),0,0,1350,56750000,33095370,8.29
10/05/2010,30000,1233271000,40.8(-2.86 %),30000,1233271000,0,0,33065370,8.33
11/05/2010,10500,428850000,40.8(0.00 %),10500,428850000,0,0,33054870,8.34
12/05/2010,-3260,-135110000,39.6(-2.94 %),19080,752344000,22340,887454000,33058130,8.34
13/05/2010,0,0,39.7(0.25 %),0,0,0,0,33058130,8.34
14/05/2010,0,0,39.7(0.00 %),0,0,0,0,33058130,8.34
17/05/2010,0,0,38.6(-2.77 %),0,0,0,0,33058130,8.34
18/05/2010,0,0,38.5(-0.26 %),0,0,0,0,33058130,8.34
19/05/2010,0,0,37.5(-2.60 %),0,0,0,0,33058130,8.34
20/05/2010,-2700,-103800000,37.9(1.07 %),1500,53700000,4200,157500000,33060830,8.33
21/05/2010,5100,184650000,36.1(-4.75 %),5100,184650000,0,0,33055730,8.34
24/05/2010,0,0,36.9(2.22 %),0,0,0,0,33055730,8.34
25/05/2010,0,0,36.2(-1.90 %),0,0,0,0,33055730,8.34
26/05/2010,-16010,-593573000,37.3(3.04 %),0,0,16010,593573000,33071740,8.32
27/05/2010,590,21830000,38.3(2.68 %),590,21830000,0,0,33071150,8.32
28/05/2010,-28000,-1084606000,39.1(2.09 %),47000,1836700000,75000,2921306000,33099150,8.29
31/05/2010,16700,645950000,38.5(-1.53 %),16700,645950000,0,0,33082450,8.31
01/06/2010,26000,1001100000,38.4(-0.26 %),26000,1001100000,0,0,33056450,8.34
02/06/2010,17500,677941000,38.5(0.26 %),17500,677941000,0,0,33038950,8.36
03/06/2010,30960,1203124000,38.7(0.52 %),30960,1203124000,0,0,33007990,8.4
04/06/2010,19000,736900000,38.5(-0.52 %),19000,736900000,0,0,32988990,8.42
07/06/2010,35180,1317518000,37.3(-3.12 %),35180,1317518000,0,0,32953810,8.47
08/06/2010,14000,522959000,37.4(0.27 %),14000,522959000,0,0,32939810,8.48
09/06/2010,13000,485352000,37.1(-0.80 %),14000,522852000,1000,37500000,32926810,8.5
10/06/2010,9000,338425000,37.6(1.35 %),9000,338425000,0,0,32917810,8.51
11/06/2010,41610,1581091000,38.1(1.33 %),91890,3490759000,50280,1909668000,32876200,8.56
14/06/2010,4800,185460000,38.1(0.00 %),15500,595550000,10700,410090000,32871400,8.57
15/06/2010,5000,189900000,37.8(-0.79 %),5000,189900000,0,0,32866400,8.57
16/06/2010,2000,76544000,38(0.53 %),32000,1218544000,30000,1142000000,32864400,8.58
17/06/2010,57180,2172570000,38.1(0.26 %),104180,3960070000,47000,1787500000,32807220,8.65
18/06/2010,3000,114485000,38.1(0.00 %),4000,152685000,1000,38200000,32804220,8.65
21/06/2010,-16010,-609682000,38.1(0.00 %),17000,647800000,33010,1257482000,32820230,8.63
22/06/2010,44080,1681601000,38.2(0.26 %),59080,2254601000,15000,573000000,32776150,8.68
23/06/2010,-7020,-267260000,38(-0.52 %),27980,1063240000,35000,1330500000,32783170,8.68
24/06/2010,-5080,-193956000,38(0.00 %),44080,1675040000,49160,1868996000,32788250,8.67
25/06/2010,15450,587100000,38(0.00 %),40000,1520000000,24550,932900000,32772800,8.69
28/06/2010,-13060,-498836000,38(0.00 %),32220,1224860000,45280,1723696000,32785860,8.67
29/06/2010,-11750,-451508000,38(0.00 %),26960,1024480000,38710,1475988000,32797610,8.66
30/06/2010,70850,2690283000,38.4(1.05 %),70850,2690283000,0,0,32726760,8.75
01/07/2010,2000,76300000,38(-1.04 %),2000,76300000,0,0,32724760,8.75
02/07/2010,21830,829640000,38.1(0.26 %),21830,829640000,0,0,32702930,8.77
05/07/2010,0,0,38.9(2.10 %),0,0,0,0,32702930,8.77
06/07/2010,200,7739000,38.9(0.00 %),200,7739000,0,0,32702730,8.78
07/07/2010,-3900,-150122000,38.5(-1.03 %),240,9276000,4140,159398000,32706630,8.77
08/07/2010,-3810,-146921000,38.3(-0.52 %),3300,126620000,7110,273541000,32710440,8.77
09/07/2010,-11250,-429755000,38.2(-0.26 %),0,0,11250,429755000,32721690,8.75
12/07/2010,-13000,-496800000,38.3(0.26 %),0,0,13000,496800000,32734690,8.74
13/07/2010,-8500,-330200000,38.8(1.31 %),0,0,8500,330200000,32743190,8.73
14/07/2010,0,0,39(0.52 %),0,0,0,0,32743190,8.73
15/07/2010,-3740,-147730000,39.5(1.28 %),0,0,3740,147730000,32746930,8.72
16/07/2010,8200,323900000,39.3(-0.51 %),8200,323900000,0,0,32738730,8.73
19/07/2010,0,0,39(-0.76 %),0,0,0,0,32738730,8.73
20/07/2010,31690,1251924000,40(2.56 %),57690,2285524000,26000,1033600000,32707040,8.77
21/07/2010,-41000,-1694000000,41.6(4.00 %),0,0,41000,1694000000,32748040,8.72
22/07/2010,-13200,-533950000,40(-3.85 %),0,0,13200,533950000,32761240,8.7
23/07/2010,8200,328000000,40(0.00 %),8200,328000000,0,0,32753040,8.71
26/07/2010,0,0,40(0.00 %),0,0,0,0,32753040,8.71
27/07/2010,1000,39500000,39.4(-1.50 %),1000,39500000,0,0,32752040,8.71
28/07/2010,0,0,38.4(-2.54 %),0,0,0,0,32752040,8.71
29/07/2010,1800,68070000,38.4(0.00 %),10000,383000000,8200,314930000,32750240,8.72
30/07/2010,2500,96994000,38.6(0.52 %),7500,291000000,5000,194006000,32747740,8.72
02/08/2010,0,0,38.5(-0.26 %),0,0,0,0,32747740,8.72
03/08/2010,4500,183500000,40.2(4.42 %),14500,583500000,10000,400000000,32743240,8.73
04/08/2010,0,0,39.3(-2.24 %),0,0,0,0,32743240,8.73
05/08/2010,12490,492582000,39.5(0.51 %),20000,789225000,7510,296643000,32730750,8.74
06/08/2010,0,0,39.5(0.00 %),0,0,0,0,32730750,8.74
09/08/2010,27500,1087900000,38.7(-2.03 %),27500,1087900000,0,0,32703250,8.77
10/08/2010,14000,534250000,38.5(-0.52 %),14000,534250000,0,0,32689250,8.79
11/08/2010,18290,714610000,39(1.30 %),18290,714610000,0,0,32565160,8.94
12/08/2010,20000,767180000,37.5(-3.85 %),20000,767180000,0,0,32669250,8.82
13/08/2010,0,0,38.4(2.40 %),0,0,0,0,32669250,8.82
16/08/2010,-500,-19730000,39.8(3.65 %),500,19800000,1000,39530000,32669750,8.82
17/08/2010,0,0,38.8(-2.51 %),0,0,0,0,32583450,8.92
18/08/2010,35000,1355000000,38.5(-0.77 %),35000,1355000000,0,0,32634750,8.86
19/08/2010,22500,872400000,38.9(1.04 %),30000,1163400000,7500,291000000,32612250,8.89
20/08/2010,28800,1111860000,37.7(-3.08 %),28800,1111860000,0,0,32583450,8.92
23/08/2010,0,0,37.8(0.27 %),0,0,0,0,32583450,0.0
24/08/2010,25000,933380000,36.8(-2.65 %),25000,933380000,0,0,32558450,8.95
25/08/2010,5000,180500000,35(-4.89 %),5000,180500000,0,0,32553450,8.96
26/08/2010,0,0,35.2(0.57 %),0,0,0,0,32553450,8.96
27/08/2010,0,0,35.5(0.85 %),0,0,0,0,0,0.0
30/08/2010,-7500,-274500000,37.2(4.79 %),0,0,7500,274500000,7500,48.99
31/08/2010,0,1644000,38.4(3.23 %),5000,192000000,5000,190356000,7500,48.99
01/09/2010,0,0,38(-1.04 %),0,0,0,0,7500,48.99
06/09/2010,-1000,-38500000,38.2(0.53 %),0,0,1000,38500000,32481651,48.99
07/09/2010,20000,760000000,38(-0.52 %),20000,760000000,0,0,0,49.01
08/09/2010,400,14920000,37.3(-1.84 %),400,14920000,0,0,0,49.01
09/09/2010,1000,38000000,38(1.88 %),1000,38000000,0,0,0,49.02
10/09/2010,-10000,-395430000,38.1(0.26 %),25000,970570000,35000,1366000000,0,49.0
13/09/2010,18600,710997000,38.5(1.05 %),20000,765597000,1400,54600000,0,49.03
14/09/2010,0,0,38.5(0.00 %),0,0,0,0,0,49.03
15/09/2010,20000,767300000,37.9(-1.56 %),20000,767300000,0,0,0,49.05
16/09/2010,23090,876655000,38(0.26 %),23090,876655000,0,0,0,49.08
17/09/2010,0,0,38.5(1.32 %),0,0,0,0,0,49.08
20/09/2010,0,0,38.5(0.00 %),0,0,0,0,0,49.08
21/09/2010,0,0,38(-1.30 %),0,0,0,0,0,49.08
22/09/2010,0,0,37.8(-0.53 %),0,0,0,0,0,49.08
23/09/2010,1000,37500000,37.2(-1.59 %),1000,37500000,0,0,0,49.08
24/09/2010,4500,167400000,37.2(0.00 %),4500,167400000,0,0,0,49.09
27/09/2010,0,0,37.3(0.27 %),0,0,0,0,0,49.09
28/09/2010,0,0,37.5(0.54 %),0,0,0,0,0,49.09
29/09/2010,20000,746791000,37.3(-0.53 %),20000,746791000,0,0,0,49.11
30/09/2010,20000,747700000,37.5(0.54 %),20000,747700000,0,0,32363061,49.14
01/10/2010,9000,335200000,37.1(-1.07 %),13000,485600000,4000,150400000,32354061,9.2
04/10/2010,42160,1557120000,36.7(-1.08 %),42160,1557120000,0,0,32311901,9.26
05/10/2010,15500,569050000,36.9(0.54 %),16500,605750000,1000,36700000,32296401,9.28
06/10/2010,3000,112500000,37.5(1.63 %),9000,336500000,6000,224000000,32293401,9.28
07/10/2010,20000,745300000,37.2(-0.80 %),20000,745300000,0,0,32273401,9.3
08/10/2010,11000,408007000,37(-0.54 %),11000,408007000,0,0,32262401,9.32
11/10/2010,4170,152260000,37(0.00 %),6170,226260000,2000,74000000,32258231,9.32
12/10/2010,12950,473305000,36.5(-1.35 %),18650,684035000,5700,210730000,32245281,9.34
13/10/2010,11910,435988000,36.7(0.55 %),24000,879900000,12090,443912000,32233371,9.35
14/10/2010,29210,1075277000,37(0.82 %),49210,1812777000,20000,737500000,32204161,9.39
15/10/2010,20380,771718000,38.3(3.51 %),69380,2614818000,49000,1843100000,32183781,9.41
18/10/2010,27730,1061259000,38.4(0.26 %),35000,1339900000,7270,278641000,32156051,9.45
19/10/2010,21000,796210000,37.5(-2.34 %),21000,796210000,0,0,32135051,9.47
20/10/2010,42660,1576354000,36.9(-1.60 %),42660,1576354000,0,0,32092391,9.53
21/10/2010,400,14800000,37(0.27 %),400,14800000,0,0,32091991,9.53
22/10/2010,-24950,-935125000,37.4(1.08 %),0,0,24950,935125000,32116941,9.5
25/10/2010,-4000,-148900000,37.4(0.00 %),1000,37400000,5000,186300000,32120941,9.49
26/10/2010,-15000,-569600000,37.8(1.07 %),0,0,15000,569600000,32135941,9.47
27/10/2010,-10000,-377000000,37.4(-1.06 %),0,0,10000,377000000,32145941,9.46
28/10/2010,500,18500000,37(1.65 %),500,18500000,0,0,32145441,9.46
29/10/2010,-11800,-433140000,37.1(0.27 %),10000,371000000,21800,804140000,32157241,9.45
01/11/2010,-4000,-147200000,36.8(-0.81 %),0,0,4000,147200000,32161241,9.44
02/11/2010,-280,-10276000,36.7(-0.27 %),0,0,280,10276000,32161521,9.44
03/11/2010,11730,430491000,36.8(0.27 %),35000,1284500000,23270,854009000,32149791,9.46
04/11/2010,17000,627300000,37.1(0.82 %),24000,886300000,7000,259000000,32132791,9.48
05/11/2010,5700,212180000,37.7(1.62 %),28700,1075280000,23000,863100000,32127091,9.48
08/11/2010,57000,2171600000,38.6(2.39 %),107000,4083600000,50000,1912000000,32070091,9.55
09/11/2010,21500,810791000,37.7(-2.33 %),22710,856529000,1210,45738000,32048591,9.58
10/11/2010,1680,62768000,38(0.80 %),8680,328768000,7000,266000000,32046911,9.58
11/11/2010,21000,793500000,37.5(-1.32 %),21000,793500000,0,0,32025911,9.61
12/11/2010,71000,2607100000,37.2(-0.80 %),71000,2607100000,0,0,31954911,9.7
15/11/2010,14000,514600000,36.8(-1.08 %),14000,514600000,0,0,31940911,9.71
16/11/2010,6000,219900000,36.7(-0.27 %),6000,219900000,0,0,31934911,9.72
17/11/2010,15250,561150000,36.6(-0.27 %),15250,561150000,0,0,31919661,9.74
18/11/2010,29700,1090580000,36.7(0.27 %),31000,1137900000,1300,47320000,31889961,9.77
19/11/2010,35100,1288120000,36.7(0.00 %),35100,1288120000,0,0,31854861,9.82
22/11/2010,35250,1279385000,36.5(-0.54 %),45820,1659630000,10570,380245000,31819611,9.86
23/11/2010,34950,1282365000,36.7(0.55 %),34950,1282365000,0,0,31784661,9.9
24/11/2010,9000,330300000,36.7(0.00 %),9000,330300000,0,0,31775661,9.92
25/11/2010,17000,621967000,37(0.82 %),30090,1106297000,13090,484330000,31758661,9.94
26/11/2010,26450,969650000,36.7(-0.81 %),30000,1101000000,3550,131350000,31732211,9.97
29/11/2010,0,4540000,36.7(0.00 %),10000,367000000,10000,362460000,31732211,9.97
30/11/2010,-7820,-292714000,37.2(1.36 %),0,0,7820,292714000,31740031,9.96
01/12/2010,0,0,36.8(-1.08 %),0,0,0,0,31740031,9.96
02/12/2010,49500,1857652000,37.9(2.99 %),54500,2047152000,5000,189500000,31690531,10.02
03/12/2010,-5000,-188525000,38.1(0.53 %),10000,383475000,15000,572000000,31695531,10.01
06/12/2010,60100,2292315000,38.4(0.79 %),60100,2292315000,0,0,31635431,10.09
07/12/2010,5080,185508000,37.6(-2.08 %),60000,2272500000,54920,2086992000,31630351,10.09
08/12/2010,0,0,37(-1.60 %),0,0,0,0,31630351,10.09
09/12/2010,25000,937000000,37.9(2.43 %),25000,937000000,0,0,31605351,10.13
10/12/2010,75000,2849000000,38.2(0.79 %),75000,2849000000,0,0,31530351,10.22
13/12/2010,26500,1050535000,39.7(3.93 %),66500,2647035000,40000,1596500000,31503851,10.25
14/12/2010,123650,4831621000,39.4(-0.76 %),123650,4831621000,0,0,31380201,10.4
15/12/2010,9000,349300000,38.5(-2.28 %),10000,388800000,1000,39500000,31371201,10.41
16/12/2010,5000,189500000,37.7(-2.08 %),5000,189500000,0,0,31366201,10.42
17/12/2010,16650,638635000,39.5(4.77 %),21650,836135000,5000,197500000,31349551,10.44
20/12/2010,71560,2785723000,38.6(-2.28 %),98560,3836456000,27000,1050733000,31277991,10.53
21/12/2010,42630,1646002000,38.5(-0.26 %),105730,4066092000,63100,2420090000,31235361,10.58
22/12/2010,23490,903565000,38.2(-0.78 %),46490,1786365000,23000,882800000,31211871,10.61
23/12/2010,56000,2138700000,38.1(-0.26 %),56000,2138700000,0,0,31155871,10.68
24/12/2010,-18000,-679120000,37.7(-1.05 %),15000,568500000,33000,1247620000,31173871,10.66
27/12/2010,15000,565500000,37.8(0.27 %),15000,565500000,0,0,31158871,10.67
28/12/2010,0,457000,38(0.53 %),25000,949500000,25000,949043000,31158871,10.67
29/12/2010,-7120,-270210000,37.8(-0.53 %),21880,824500000,29000,1094710000,31165991,10.67
30/12/2010,0,0,37.7(-0.26 %),0,0,0,0,31165991,10.67
31/12/2010,10000,390000000,39(3.45 %),10000,390000000,0,0,31155991,10.68
04/01/2011,0,0,38.1(-2.31 %),0,0,0,0,31155991,10.68
05/01/2011,43870,1677097000,38.1(0.00 %),43870,1677097000,0,0,31112121,10.73
06/01/2011,0,0,37.9(-0.52 %),0,0,0,0,31112121,10.73
07/01/2011,0,0,37.8(-0.26 %),0,0,0,0,31112121,10.73
10/01/2011,10000,376000000,37.3(-1.32 %),10000,376000000,0,0,31102121,10.74
11/01/2011,10000,370000000,37.2(-0.27 %),10000,370000000,0,0,31092121,10.76
12/01/2011,8600,321440000,37.4(0.54 %),10000,374000000,1400,52560000,31083521,10.77
13/01/2011,0,0,37.9(1.34 %),0,0,0,0,31083521,10.77
14/01/2011,21090,800529000,38.1(0.53 %),21090,800529000,0,0,31062431,10.79
17/01/2011,0,0,38(-0.26 %),0,0,0,0,31062431,10.79
18/01/2011,0,0,37.7(-0.79 %),0,0,0,0,31062431,10.79
19/01/2011,1690,63838000,37.7(0.00 %),1690,63838000,0,0,31060741,10.79
20/01/2011,20190,748144000,37.5(-0.53 %),20190,748144000,0,0,31040551,10.82
21/01/2011,-100,-3750000,37.6(0.27 %),0,0,100,3750000,31040651,10.82
24/01/2011,0,0,37.5(-0.27 %),0,0,0,0,31040651,10.82
25/01/2011,0,0,37.3(-0.53 %),0,0,0,0,31040651,10.82
26/01/2011,0,0,37.9(1.61 %),0,0,0,0,31040651,10.82
27/01/2011,500,18850000,37.7(-0.53 %),500,18850000,0,0,31040151,10.82
28/01/2011,-1000,-38500000,38.5(2.12 %),0,0,1000,38500000,31041151,10.82
08/02/2011,1000,38300000,37.6(-2.34 %),1000,38300000,0,0,31040151,10.82
09/02/2011,-4000,-152100000,37.3(-0.80 %),1000,37900000,5000,190000000,31044151,10.82
10/02/2011,-5100,-192270000,37.6(0.80 %),0,0,5100,192270000,31049251,10.81
11/02/2011,-25700,-966890000,37.7(0.27 %),0,0,25700,966890000,31074951,10.78
14/02/2011,-5630,-212251000,37.5(-0.53 %),0,0,5630,212251000,31080581,10.77
15/02/2011,-2000,-75000000,37.5(0.00 %),0,0,2000,75000000,31082581,10.77
16/02/2011,-40200,-1507920000,37.6(0.27 %),0,0,40200,1507920000,31122781,10.72
17/02/2011,-60050,-2223908000,37(-1.60 %),8950,331800000,69000,2555708000,31182831,10.64
18/02/2011,-16330,-600764000,36.6(-1.08 %),11000,402500000,27330,1003264000,31199161,10.62
21/02/2011,-95540,-3338352000,34.8(-4.92 %),60000,2092000000,155540,5430352000,31237561,10.58
22/02/2011,1120,37184000,34.5(-0.86 %),1120,37184000,0,0,31198041,10.63
23/02/2011,25790,904589000,35.5(2.90 %),85790,3010650000,60000,2106061000,31172251,10.66
24/02/2011,30230,1082349000,36.3(2.25 %),105850,3720011000,75620,2637662000,31142021,10.69
25/02/2011,100000,3671687000,37(1.93 %),100000,3671687000,0,0,31042021,10.82
28/02/2011,90000,3336600000,37(0.00 %),90000,3336600000,0,0,30952021,10.93
01/03/2011,109990,4064073000,37(0.00 %),140000,5173444000,30010,1109371000,30842031,11.06
02/03/2011,116690,4208802000,35.8(-3.24 %),131180,4728144000,14490,519342000,30725341,11.21
03/03/2011,46750,1673650000,36(0.56 %),46750,1673650000,0,0,0,0.0
04/03/2011,7600,274690000,36(0.00 %),18000,649630000,10400,374940000,0,0.0
07/03/2011,4580,166250000,36(0.00 %),4580,166250000,0,0,0,0.0
08/03/2011,60760,2221676000,36.8(2.22 %),80760,2951676000,20000,730000000,0,0.0
09/03/2011,6420,233409000,36.5(-0.82 %),6420,233409000,0,0,0,0.0
10/03/2011,47010,1735838000,37.3(2.19 %),76610,2819238000,29600,1083400000,0,0.0
11/03/2011,164000,6199854000,38(1.88 %),189000,7142354000,25000,942500000,0,0.0
14/03/2011,50060,1852280000,36.5(-3.95 %),50060,1852280000,0,0,0,0.0
15/03/2011,40200,1445240000,35.9(-1.64 %),40200,1445240000,0,0,0,0.0
16/03/2011,48450,1737355000,36.2(0.84 %),48450,1737355000,0,0,30345060,11.68
17/03/2011,49000,1770862000,36.3(0.28 %),49000,1770862000,0,0,30296060,11.74
18/03/2011,5700,206822000,36.5(0.55 %),5700,206822000,0,0,30290360,11.74
21/03/2011,11950,436721000,37(1.37 %),57700,2116471000,45750,1679750000,30278410,11.76
22/03/2011,36500,1345780000,37(0.00 %),56500,2083780000,20000,738000000,30241910,11.8
23/03/2011,300,10950000,36.8(-0.54 %),300,10950000,0,0,30241610,11.8
24/03/2011,2120,78470000,37(0.54 %),2120,78470000,0,0,30239490,11.81
25/03/2011,0,0,35.5(1.43 %),0,0,0,0,30239490,11.81
28/03/2011,0,0,34.9(-1.69 %),0,0,0,0,30239490,11.81
29/03/2011,59700,2069560000,34.6(-0.86 %),60000,2080000000,300,10440000,30179790,11.88
30/03/2011,54050,1832425000,33.8(-2.31 %),54050,1832425000,0,0,30125740,11.94
31/03/2011,58000,1954400000,33.7(-0.30 %),60000,2022000000,2000,67600000,30067740,12.02
01/04/2011,20000,670000000,33.6(-0.30 %),20000,670000000,0,0,30090440,11.99
04/04/2011,0,0,33.5(-0.30 %),120000,4032000000,120000,4032000000,30090440,11.99
05/04/2011,0,0,34(1.49 %),0,0,0,0,30090440,11.99
06/04/2011,0,0,34.6(1.76 %),0,0,0,0,30090440,11.99
07/04/2011,30000,1047852000,34.9(0.87 %),30000,1047852000,0,0,30060440,12.03
08/04/2011,200,6940000,34.9(0.00 %),200,6940000,0,0,30060240,12.03
13/04/2011,0,0,34.4(-1.43 %),0,0,0,0,30060240,12.03
14/04/2011,0,0,34.5(0.29 %),0,0,0,0,30060240,12.03
15/04/2011,0,0,34.6(0.29 %),0,0,0,0,30060240,12.03
18/04/2011,1000,34000000,33.6(-2.89 %),1000,34000000,0,0,30059240,12.03
19/04/2011,2000,67900000,33.8(0.60 %),20000,679900000,18000,612000000,30057240,12.03
20/04/2011,6800,230870000,34(0.59 %),20800,706870000,14000,476000000,30050440,12.04
21/04/2011,64000,2176039000,34(0.00 %),64000,2176039000,0,0,29986440,12.12
22/04/2011,0,0,34(0.00 %),0,0,0,0,29986440,12.12
25/04/2011,13670,464706000,34.2(0.59 %),13670,464706000,0,0,29972770,12.13
26/04/2011,20000,680000000,34(-0.58 %),20000,680000000,0,0,29952770,12.16
27/04/2011,45530,1547580000,34(0.00 %),45530,1547580000,0,0,29907240,12.21
28/04/2011,0,0,33.8(-0.59 %),0,0,0,0,29907240,12.21
29/04/2011,20000,680000000,34(0.59 %),20000,680000000,0,0,29887240,12.24
04/05/2011,20000,681347000,34.1(0.29 %),20000,681347000,0,0,29869540,12.26
05/05/2011,0,0,34.1(0.00 %),0,0,0,0,29869540,12.26
06/05/2011,45350,1539808000,34(-0.29 %),45350,1539808000,0,0,29824190,12.32
09/05/2011,0,0,33.7(-0.88 %),0,0,0,0,29824190,12.32
10/05/2011,25500,867000000,34(0.89 %),43000,1462000000,17500,595000000,29798690,12.35
11/05/2011,0,0,33.6(-1.18 %),0,0,0,0,29798690,12.35
12/05/2011,0,0,33.5(-0.30 %),0,0,0,0,29798690,12.35
13/05/2011,19600,655925000,33.5(0.00 %),19600,655925000,0,0,29779090,12.37
16/05/2011,-21040,-693495000,33(-1.49 %),81000,2669500000,102040,3362995000,29800130,12.35
17/05/2011,14440,470654000,32(-3.03 %),91700,2973024000,77260,2502370000,29785690,12.36
18/05/2011,43060,1335310000,31(-3.12 %),43060,1335310000,0,0,29742630,12.42
19/05/2011,-3530,-107785000,30.6(-1.29 %),26470,809745000,30000,917530000,29746160,12.41
20/05/2011,20000,610000000,30.6(0.00 %),20000,610000000,0,0,29726160,12.44
23/05/2011,12000,367180000,30.6(0.00 %),12000,367180000,0,0,29714160,12.45
24/05/2011,17000,518149000,30.5(-0.33 %),17000,518149000,0,0,29697160,12.47
25/05/2011,9540,276660000,29(-4.92 %),9540,276660000,0,0,29687620,12.48
26/05/2011,28890,855368000,29.6(2.07 %),59100,1737254000,30210,881886000,29658730,12.52
27/05/2011,40100,1205064000,30.5(3.04 %),50100,1505064000,10000,300000000,29618630,12.57
30/05/2011,86330,2638795000,30.4(-0.33 %),106330,3250795000,20000,612000000,29532300,12.67
31/05/2011,21660,667272000,30.8(1.32 %),32190,989043000,10530,321771000,29510640,12.7
01/06/2011,34870,1092432000,31.6(2.60 %),43900,1377780000,9030,285348000,29415610,12.82
02/06/2011,39420,1252797000,32.5(2.85 %),39420,1252797000,0,0,29376190,12.87
03/06/2011,60990,1948974000,31.9(-1.85 %),70300,2252480000,9310,303506000,29315200,12.94
06/06/2011,32000,1019900000,31.9(0.00 %),32000,1019900000,0,0,29283200,12.98
07/06/2011,6000,194193000,32.5(1.88 %),6000,194193000,0,0,29277200,12.99
08/06/2011,31620,1023613000,32.4(-0.31 %),31620,1023613000,0,0,29245580,13.03
09/06/2011,33590,1087166000,32.4(0.00 %),46600,1508140000,13010,420974000,29211990,13.07
10/06/2011,75000,2434319000,32.5(0.31 %),75000,2434319000,0,0,29136990,13.16
13/06/2011,2900,94410000,32.4(-0.31 %),9100,294550000,6200,200140000,29134090,13.16
14/06/2011,55010,1785940000,32.4(0.00 %),75350,2445240000,20340,659300000,29079080,13.23
15/06/2011,60000,1934100000,32.3(-0.31 %),60000,1934100000,0,0,29019080,13.31
16/06/2011,4870,157727000,32.3(0.00 %),10000,322516000,5130,164789000,29014210,13.31
17/06/2011,-2000,-64500000,32.4(0.31 %),0,0,2000,64500000,29016210,13.31
20/06/2011,-900,-27010000,32(-1.23 %),11600,372880000,12500,399890000,29017110,13.31
21/06/2011,-8000,-254494000,31.6(-1.25 %),0,0,8000,254494000,29025110,13.3
22/06/2011,-300,-9540000,31.8(0.63 %),0,0,300,9540000,29025410,13.3
23/06/2011,-4500,-143400000,31.8(0.00 %),0,0,4500,143400000,29029910,13.29
24/06/2011,3490,110964000,31.8(0.00 %),7600,241673000,4110,130709000,29026420,13.3
27/06/2011,-4820,-152834000,31.6(-0.63 %),0,0,4820,152834000,29031240,13.29
28/06/2011,-3740,-118210000,31.7(0.32 %),0,0,3740,118210000,29034980,13.29
29/06/2011,-5360,-168940000,31.6(-0.32 %),0,0,5360,168940000,29040340,13.28
30/06/2011,-7320,-228620000,31(-1.90 %),0,0,7320,228620000,29047660,13.27
01/07/2011,-41770,-1300255000,31.2(0.65 %),0,0,41770,1300255000,29071600,13.24
04/07/2011,-66900,-2048834000,30.1(-3.53 %),1000,31200000,67900,2080034000,29138500,13.16
05/07/2011,-3000,-91200000,30.4(1.00 %),0,0,3000,91200000,29141500,13.16
06/07/2011,-16000,-488355000,30.7(0.99 %),0,0,16000,488355000,29157500,13.14
07/07/2011,-4000,-123550000,30.9(0.65 %),0,0,4000,123550000,29161500,13.13
08/07/2011,-2000,-62060000,31.2(0.97 %),0,0,2000,62060000,29163500,13.13
11/07/2011,0,0,31.2(0.00 %),0,0,0,0,29163500,13.13
12/07/2011,1400,43960000,31.3(0.32 %),1400,43960000,0,0,29162100,13.13
13/07/2011,-24100,-748420000,31(-0.96 %),20000,621000000,44100,1369420000,29186200,13.1
14/07/2011,-19180,-594580000,31(0.00 %),10820,335420000,30000,930000000,29205380,13.08
15/07/2011,-19820,-612329000,31(0.00 %),9180,283780000,29000,896109000,29225200,13.05
18/07/2011,-9190,-283672000,31(0.00 %),13000,402418000,22190,686090000,29234390,13.04
19/07/2011,-20000,-616800000,30.9(-0.32 %),0,0,20000,616800000,29254390,13.02
20/07/2011,-22010,-672410000,30.9(0.00 %),0,0,22010,672410000,29276400,12.99
21/07/2011,-1560,-48360000,31(0.32 %),0,0,1560,48360000,29277960,12.99
22/07/2011,1740,53940000,31.4(1.29 %),1740,53940000,0,0,29276220,12.99
25/07/2011,-15000,-459000000,30.5(-2.87 %),0,0,15000,459000000,29291220,12.97
26/07/2011,0,0,30.4(-0.33 %),10000,304000000,10000,304000000,29291220,12.97
27/07/2011,-6000,-181800000,30.3(-0.33 %),4000,121200000,10000,303000000,29297220,12.96
28/07/2011,-5000,-150700000,30.2(-0.33 %),6000,181700000,11000,332400000,29302220,12.96
29/07/2011,-8500,-256700000,30.2(0.00 %),1500,45300000,10000,302000000,29310720,12.95
01/08/2011,17000,518853000,30.5(0.99 %),28500,868853000,11500,350000000,29319410,12.94
02/08/2011,0,0,30.4(-0.33 %),0,0,0,0,29319410,12.94
03/08/2011,0,0,30.4(0.00 %),0,0,0,0,29319410,12.94
04/08/2011,0,0,30.5(0.33 %),0,0,0,0,29319410,12.94
05/08/2011,-10090,-306263000,30.7(0.66 %),0,0,10090,306263000,29329500,12.92
08/08/2011,-10000,-304000000,30.4(-0.98 %),0,0,10000,304000000,29339500,12.91
09/08/2011,-5500,-165200000,30(-1.32 %),0,0,5500,165200000,29345000,12.91
10/08/2011,-10000,-301000000,30.1(0.33 %),0,0,10000,301000000,29355000,12.89
11/08/2011,0,0,29.9(-0.66 %),0,0,0,0,29355000,12.89
12/08/2011,0,0,29.8(-0.33 %),0,0,0,0,29355000,12.89
15/08/2011,0,0,30(0.67 %),0,0,0,0,29355000,12.89
16/08/2011,3000,91050000,30.3(1.00 %),3000,91050000,0,0,29352000,12.9
17/08/2011,0,0,30.6(0.99 %),0,0,0,0,29352000,12.9
18/08/2011,0,0,30.8(0.65 %),0,0,0,0,29352000,12.9
19/08/2011,0,0,30.8(0.00 %),0,0,0,0,29352000,12.9
22/08/2011,0,0,31.5(2.27 %),0,0,0,0,29352000,12.9
23/08/2011,5000,157500000,31.4(-0.32 %),5000,157500000,0,0,29347000,12.9
24/08/2011,2450,77175000,31(-1.27 %),5000,157500000,2550,80325000,29344550,12.91
25/08/2011,18030,551915000,30.5(-1.61 %),18030,551915000,0,0,29326520,12.93
26/08/2011,0,0,30.8(0.98 %),0,0,0,0,29326520,12.93
29/08/2011,20000,600000000,30.5(-0.97 %),20000,600000000,0,0,29306520,12.95
30/08/2011,0,0,30.9(1.31 %),0,0,0,0,29306520,12.95
31/08/2011,10000,300000000,30(-2.91 %),10000,300000000,0,0,29296520,12.96
01/09/2011,0,0,30.6(2.00 %),0,0,0,0,29329020,12.92
05/09/2011,0,0,30.6(0.00 %),0,0,0,0,29329020,12.92
06/09/2011,25170,755800000,30.3(-0.98 %),25170,755800000,0,0,29303850,12.96
07/09/2011,0,0,30.6(0.99 %),0,0,0,0,29303850,12.96
08/09/2011,-30000,-924500000,30.7(0.33 %),5000,154000000,35000,1078500000,29333850,12.92
09/09/2011,0,0,30.8(0.33 %),0,0,0,0,29333850,12.92
12/09/2011,-20160,-615766000,30.5(-0.97 %),0,0,20160,615766000,29354010,12.89
13/09/2011,-14570,-445242000,30.6(0.33 %),0,0,14570,445242000,29368580,12.88
14/09/2011,-2000,-61200000,30.3(-0.98 %),0,0,2000,61200000,29370580,12.87
15/09/2011,12730,381700000,30.3(0.00 %),20000,600000000,7270,218300000,29357850,12.89
16/09/2011,21680,650400000,30(-0.99 %),21680,650400000,0,0,29336170,12.92
19/09/2011,0,0,30.2(0.67 %),0,0,0,0,29336170,12.92
20/09/2011,21000,634200000,30.2(0.00 %),21000,634200000,0,0,29315170,12.94
21/09/2011,9520,285600000,30.2(0.00 %),9520,285600000,0,0,29305650,12.95
22/09/2011,0,0,30.2(0.00 %),0,0,0,0,29305650,12.95
23/09/2011,18790,554305000,29.6(-1.99 %),18790,554305000,0,0,29286860,12.98
26/09/2011,1050,31250000,30(1.35 %),1050,31250000,0,0,29285810,12.98
27/09/2011,-5870,-176100000,29.8(-0.67 %),0,0,5870,176100000,29291680,12.97
28/09/2011,40000,1192000000,29.8(0.00 %),40000,1192000000,0,0,29251680,13.02
29/09/2011,5000,148000000,29.9(0.34 %),5000,148000000,0,0,29246680,13.03
30/09/2011,-900,-27280000,30(0.33 %),4100,122720000,5000,150000000,29247580,13.03
03/10/2011,0,0,29.8(-0.67 %),0,0,0,0,29242580,13.03
04/10/2011,13640,404544000,29.6(-0.67 %),16000,474400000,2360,69856000,29228940,13.05
05/10/2011,0,0,29.4(-0.68 %),0,0,0,0,29228940,13.05
06/10/2011,-20640,-606316000,29.5(0.34 %),2000,59000000,22640,665316000,29249580,13.02
07/10/2011,21000,621300000,29.4(-0.34 %),31000,917200000,10000,295900000,29228580,13.05
10/10/2011,0,0,29.4(0.00 %),0,0,0,0,29228580,13.05
11/10/2011,5000,149500000,29.9(1.70 %),5000,149500000,0,0,29223580,13.05
12/10/2011,9000,268060000,29.2(-2.34 %),9000,268060000,0,0,29214580,13.07
13/10/2011,0,0,29(-0.68 %),0,0,0,0,29214580,13.07
14/10/2011,0,0,29.4(1.38 %),0,0,0,0,29214580,13.07
17/10/2011,19700,586435000,30(2.04 %),19700,586435000,0,0,29194880,13.09
18/10/2011,5000,149000000,29.8(-0.67 %),5000,149000000,0,0,29189880,13.1
19/10/2011,5000,149100000,29.5(-1.01 %),5000,149100000,0,0,29184880,13.1
20/10/2011,0,0,29.5(0.00 %),0,0,0,0,29184880,13.1
21/10/2011,9500,283677000,30(1.69 %),9500,283677000,0,0,29175380,13.11
24/10/2011,0,0,29.9(-0.33 %),0,0,0,0,29175380,13.11
25/10/2011,0,0,29.4(-1.67 %),0,0,0,0,29175380,13.11
26/10/2011,0,0,28.5(2.15 %),0,0,0,0,29175380,13.11
27/10/2011,-13000,-361737000,28.4(-0.35 %),0,0,13000,361737000,29188380,13.1
28/10/2011,4700,133523000,28.4(0.00 %),4700,133523000,0,0,29183680,13.1
31/10/2011,0,0,28.4(0.00 %),0,0,0,0,29183680,13.1
01/11/2011,-14000,-384404000,27.3(-3.87 %),0,0,14000,384404000,29175680,13.11
02/11/2011,17000,466700000,27.6(1.10 %),17000,466700000,0,0,29158680,13.13
03/11/2011,0,0,27(-2.17 %),0,0,0,0,29158680,13.13
04/11/2011,3750,100787000,26.8(-0.74 %),7750,208475000,4000,107688000,29154930,13.14
07/11/2011,13740,368898000,26.9(0.37 %),13740,368898000,0,0,29141190,13.16
08/11/2011,-82000,-2111070000,25.6(-4.83 %),1000,25600000,83000,2136670000,29223190,13.06
09/11/2011,0,0,25.4(-0.78 %),0,0,0,0,29223190,13.06
10/11/2011,0,0,25.3(-0.39 %),0,0,0,0,29223190,13.06
11/11/2011,28770,790741000,24.1(-4.74 %),106000,2785520000,77230,1994779000,29194420,13.09
14/11/2011,-730,-16863000,24.1(0.00 %),7000,168257000,7730,185120000,29195150,13.09
15/11/2011,-9990,-239938000,24.1(0.00 %),11110,267622000,21100,507560000,29205140,13.08
16/11/2011,8000,193505000,24.1(0.00 %),24500,590450000,16500,396945000,29197140,13.09
17/11/2011,-500,-11300000,24.2(0.41 %),3000,72450000,3500,83750000,29197640,13.09
18/11/2011,-41000,-977008000,23.8(-1.65 %),14000,336500000,55000,1313508000,29238640,13.04
21/11/2011,-63680,-1465873000,23.3(-2.10 %),11500,264040000,75180,1729913000,29302320,12.96
22/11/2011,0,0,22.9(-1.72 %),0,0,0,0,29302320,12.96
23/11/2011,0,0,23.3(1.75 %),0,0,0,0,29302320,12.96
24/11/2011,-18000,-413225000,22.8(-2.15 %),0,0,18000,413225000,29320320,12.94
25/11/2011,3000,69270000,23.3(2.19 %),3000,69270000,0,0,29317320,12.94
28/11/2011,16000,374450000,23.4(0.43 %),16000,374450000,0,0,29301320,12.96
29/11/2011,0,0,22.8(-2.56 %),0,0,0,0,29301320,12.96
30/11/2011,70000,1636734000,23.5(3.07 %),80000,1871734000,10000,235000000,29231320,13.05
01/12/2011,20000,470000000,23.5(0.00 %),20000,470000000,0,0,29248320,13.02
02/12/2011,200,4700000,23(-2.13 %),200,4700000,0,0,29248120,13.02
05/12/2011,10210,242130000,23.9(3.91 %),10210,242130000,0,0,29237910,13.04
06/12/2011,20000,484000000,24.2(1.26 %),20000,484000000,0,0,29217910,13.06
07/12/2011,0,0,24(-0.83 %),0,0,0,0,29217910,13.06
08/12/2011,0,0,24(0.00 %),0,0,0,0,29217910,13.06
09/12/2011,26200,633735000,24.5(2.08 %),26200,633735000,0,0,29191710,13.09
12/12/2011,25000,615212000,24.9(1.63 %),25000,615212000,0,0,29166710,13.12
13/12/2011,2000,49000000,24(-3.61 %),2000,49000000,0,0,29164710,13.13
14/12/2011,252000,6125310000,24.9(3.75 %),252000,6125310000,0,0,28912710,13.44
15/12/2011,-980,-24402000,24.6(-1.20 %),0,0,980,24402000,28913690,13.44
16/12/2011,218470,5524138000,25.8(4.88 %),218470,5524138000,0,0,28695220,13.7
19/12/2011,29990,803912000,27(4.65 %),74990,2004412000,45000,1200500000,28665230,13.74
20/12/2011,-3000,-78439000,26(-3.70 %),0,0,3000,78439000,28668230,13.74
21/12/2011,40950,1113397000,27.3(5.00 %),65950,1791897000,25000,678500000,28627280,13.79
22/12/2011,-8540,-222040000,26(-4.76 %),0,0,8540,222040000,28635820,13.78
23/12/2011,0,0,26.5(1.92 %),0,0,0,0,28635820,13.78
26/12/2011,67370,1856620000,27.8(4.91 %),117320,3225730000,49950,1369110000,28568450,13.86
27/12/2011,5040,138834000,27.6(-0.72 %),5040,138834000,0,0,28563410,13.87
28/12/2011,46520,1329899000,28.9(4.71 %),61520,1754399000,15000,424500000,28516890,13.92
29/12/2011,-11440,-316260000,27.5(-4.84 %),0,0,11440,316260000,28528330,13.91
30/12/2011,-19380,-514636000,26.2(-4.73 %),0,0,19380,514636000,28547710,13.89
03/01/2012,0,0,25.6(-2.29 %),0,0,0,0,28491890,13.95
04/01/2012,13650,359016000,26.8(4.69 %),13650,359016000,0,0,28478240,13.97
05/01/2012,-21680,-555007000,26(-2.99 %),0,0,21680,555007000,28499920,13.94
06/01/2012,34000,916616000,27.3(5.00 %),34000,916616000,0,0,28465920,13.99
09/01/2012,-26330,-686406000,26(-4.76 %),100,2610000,26430,689016000,28492250,13.95
10/01/2012,-17560,-450727000,25.6(-1.54 %),5480,140984000,23040,591711000,28509810,13.93
11/01/2012,27710,728597000,26.7(4.30 %),27710,728597000,0,0,28482100,13.97
12/01/2012,1500,39984000,26.7(0.00 %),1500,39984000,0,0,28480600,13.97
13/01/2012,34400,944862000,27.8(4.12 %),34400,944862000,0,0,28446200,14.01
16/01/2012,1500,41950000,27.7(-0.36 %),1500,41950000,0,0,28444700,14.01
17/01/2012,1200,32400000,27(-2.53 %),1200,32400000,0,0,28443500,14.01
18/01/2012,4000,109200000,27.6(2.22 %),4000,109200000,0,0,28439500,14.02
19/01/2012,-1100,-30090000,27.9(1.09 %),900,25110000,2000,55200000,28440600,14.02
20/01/2012,-5450,-141283000,27.7(-0.72 %),6050,167240000,11500,308523000,28446050,14.01
30/01/2012,48070,1382704000,29(4.69 %),48070,1382704000,0,0,28397980,14.07
31/01/2012,16500,480794000,29.3(1.03 %),24500,711794000,8000,231000000,28381480,14.09
01/02/2012,17320,508241000,29.4(0.34 %),20800,610253000,3480,102012000,28392480,14.08
02/02/2012,-1000,-29300000,29.5(0.34 %),0,0,1000,29300000,28393480,14.08
03/02/2012,1000,29440000,29.1(-1.36 %),1000,29440000,0,0,28392480,14.08
06/02/2012,-10970,-303869000,27.7(-4.81 %),0,0,10970,303869000,28403450,14.06
07/02/2012,-19030,-527251000,27.6(-0.36 %),0,0,19030,527251000,28422480,14.04
08/02/2012,25500,729001000,28.6(3.62 %),25500,729001000,0,0,28396980,14.07
09/02/2012,0,0,28(-2.10 %),0,0,0,0,28396980,14.07
10/02/2012,-800,-22130000,28(0.00 %),6200,173270000,7000,195400000,28397780,14.07
13/02/2012,0,0,27.5(-1.79 %),0,0,0,0,28397780,14.07
14/02/2012,0,0,27(3.85 %),0,0,0,0,28397780,14.07
15/02/2012,100,2650000,26.5(-1.85 %),100,2650000,0,0,28397680,14.07
16/02/2012,0,0,26.5(0.00 %),0,0,0,0,28397680,14.07
17/02/2012,0,0,26.9(1.51 %),0,0,0,0,28397680,14.07
20/02/2012,-13000,-354500000,27.3(1.49 %),0,0,13000,354500000,28410680,14.05
21/02/2012,9470,259047000,27.4(0.37 %),9800,268089000,330,9042000,28401210,14.07
22/02/2012,-5800,-158126000,27.5(0.36 %),9200,251900000,15000,410026000,28407010,14.06
23/02/2012,2000,55600000,27.8(1.09 %),2000,55600000,0,0,28405010,14.06
24/02/2012,-8730,-243368000,27.9(0.36 %),0,0,8730,243368000,28413740,14.05
27/02/2012,-11270,-316155000,28.2(1.08 %),0,0,11270,316155000,28425010,14.04
28/02/2012,0,0,27(-4.26 %),0,0,0,0,28425010,14.04
29/02/2012,-5170,-140430000,27(0.00 %),4800,129420000,9970,269850000,28430180,14.03
01/03/2012,-18100,-488502000,26.9(-0.37 %),0,0,18100,488502000,28426440,14.04
02/03/2012,-17000,-459115000,27.3(1.49 %),0,0,17000,459115000,28443440,14.01
05/03/2012,-3000,-81900000,28.6(4.76 %),0,0,3000,81900000,28446440,14.01
06/03/2012,-8000,-224735000,28(-2.10 %),0,0,8000,224735000,28454440,14.0
07/03/2012,0,0,28.2(0.71 %),0,0,0,0,28454440,14.0
08/03/2012,-8780,-243028000,27.5(-2.48 %),0,0,8780,243028000,28463220,13.99
09/03/2012,-8550,-232071000,27.9(1.45 %),47240,1289652000,55790,1521723000,28471770,13.98
12/03/2012,5000,142600000,27.1(-2.87 %),10000,278100000,5000,135500000,28466770,13.99
13/03/2012,-13100,-356355000,27.1(0.00 %),0,0,13100,356355000,28479870,13.97
14/03/2012,-4380,-119008000,27.1(0.00 %),0,0,4380,119008000,28484250,13.96
15/03/2012,-18000,-491900000,27.5(1.48 %),0,0,18000,491900000,28502250,13.94
16/03/2012,-1260,-34890000,27.6(0.36 %),0,0,1260,34890000,28503510,13.94
19/03/2012,0,0,27(-2.17 %),0,0,0,0,28503510,13.94
20/03/2012,-3000,-81900000,27.5(1.85 %),0,0,3000,81900000,28506510,13.94
21/03/2012,-5500,-151471000,27.5(0.00 %),3500,96629000,9000,248100000,28512010,13.93
22/03/2012,-29520,-801034000,27(-1.82 %),480,13200000,30000,814234000,28541530,13.89
23/03/2012,-69080,-1865418000,26.8(-0.74 %),9500,256500000,78580,2121918000,28610610,13.81
26/03/2012,-44850,-1212450000,27(0.75 %),0,0,44850,1212450000,28655460,13.75
27/03/2012,0,0,26.7(-1.11 %),5000,135000000,5000,135000000,28655460,13.75
28/03/2012,980,29570000,26.7(0.00 %),17000,454600000,16020,425030000,28654480,13.75
29/03/2012,-81960,-2151070000,26(-2.62 %),0,0,81960,2151070000,28736440,13.65
30/03/2012,-10340,-265040000,25.5(-1.92 %),4500,116770000,14840,381810000,28746780,13.64
03/04/2012,0,0,25.8(1.18 %),0,0,0,0,28673300,13.73
04/04/2012,2300,58850000,25.5(-1.16 %),8000,204800000,5700,145950000,28671000,13.73
05/04/2012,0,0,25.6(0.39 %),0,0,0,0,28671000,13.73
06/04/2012,8000,213650000,26.8(4.69 %),8000,213650000,0,0,28663000,13.74
09/04/2012,4000,110880000,28(4.48 %),4000,110880000,0,0,28659000,13.75
10/04/2012,15000,419247000,27.5(-1.79 %),15000,419247000,0,0,28644000,13.77
11/04/2012,17000,475318000,28.1(2.18 %),22000,615368000,5000,140050000,28627000,13.79
12/04/2012,92300,2641456000,28.7(2.14 %),100500,2876036000,8200,234580000,28534700,13.9
13/04/2012,77600,2241909000,28.9(0.70 %),81400,2352109000,3800,110200000,28457100,14.0
16/04/2012,46100,1341082000,29.5(2.08 %),63800,1860692000,17700,519610000,28411000,14.05
17/04/2012,850,29960000,29.6(0.34 %),25100,747690000,24250,717730000,28410150,14.06
18/04/2012,10850,322910000,29(-2.03 %),16000,474050000,5150,151140000,28399300,14.07
19/04/2012,15590,611434000,28(-3.45 %),154100,4558710000,138510,3947276000,28383710,14.09
20/04/2012,40100,1173810000,29.4(5.00 %),65100,1904810000,25000,731000000,28343610,14.14
23/04/2012,-13800,-412200000,29.7(1.02 %),9400,284480000,23200,696680000,28357410,14.12
24/04/2012,-1800,-55400000,30.3(2.02 %),9000,266700000,10800,322100000,28359210,14.12
25/04/2012,14610,426285000,31.8(4.95 %),65400,2041407000,50790,1615122000,28344600,14.14
26/04/2012,-290460,-9672318000,33.3(4.72 %),12680,422244000,303140,10094562000,28635060,13.78
27/04/2012,16380,563462000,34.9(4.80 %),16700,574630000,320,11168000,28618680,13.8
02/05/2012,-157560,-5753212000,36.4(4.30 %),7300,266600000,164860,6019812000,28370150,14.1
03/05/2012,-65280,-2284763000,35.1(-3.57 %),4000,140400000,69280,2425163000,28435430,14.02
04/05/2012,4050,148894000,36.8(4.84 %),4060,149262000,10,368000,28431380,14.03
07/05/2012,-303800,-11726700000,38.6(4.89 %),200,7700000,304000,11734400000,28735180,13.66
08/05/2012,-49560,-1942992000,39(1.04 %),2000,79200000,51560,2022192000,28784740,13.59
09/05/2012,-155640,-5839910000,38(-2.56 %),28800,1104576000,184440,6944486000,28940380,13.4
10/05/2012,-531650,-19411699000,36.4(-4.21 %),8110,296049000,539760,19707748000,29472030,12.75
11/05/2012,-4460,-160573000,35.5(-2.47 %),10500,375050000,14960,535623000,29476490,12.74
14/05/2012,153800,5202200000,33.8(-4.79 %),157300,5320500000,3500,118300000,29322690,12.93
15/05/2012,18900,644392000,32.4(-4.14 %),55000,1818645000,36100,1174253000,29303790,12.96
16/05/2012,28350,900692000,31.8(-1.85 %),31350,996092000,3000,95400000,29275440,12.99
17/05/2012,10000,319720000,31.7(-0.31 %),10000,319720000,0,0,29265440,13.0
18/05/2012,11450,361255000,30.4(-4.10 %),21450,664755000,10000,303500000,29253990,13.02
21/05/2012,0,0,31.9(4.93 %),0,0,0,0,29253990,13.02
22/05/2012,111380,3640774000,33(3.45 %),111380,3640774000,0,0,29142610,13.15
23/05/2012,113000,3586541000,31.4(-4.85 %),113000,3586541000,0,0,29029610,13.29
24/05/2012,3180,98690000,30.3(-3.50 %),6180,189966000,3000,91276000,29026430,13.3
25/05/2012,27380,868919000,31.8(4.95 %),27380,868919000,0,0,28999050,13.33
28/05/2012,47530,1542581000,31.9(0.31 %),50030,1622245000,2500,79664000,28951520,13.39
29/05/2012,81600,2581988000,31.7(-0.63 %),81600,2581988000,0,0,28869920,13.49
30/05/2012,75750,2446605000,31.7(0.00 %),91760,2955241000,16010,508636000,28794170,13.58
31/05/2012,29260,920810000,30.6(-3.47 %),29260,920810000,0,0,28764910,13.62
01/06/2012,8300,255700000,30.4(-0.65 %),8300,255700000,0,0,29259510,13.01
04/06/2012,600,18240000,28.9(-4.93 %),600,18240000,0,0,29258910,13.01
05/06/2012,3200,92960000,29.6(2.42 %),3200,92960000,0,0,29256310,13.01
06/06/2012,38600,1152900000,30.8(4.05 %),38600,1152900000,0,0,29217710,13.06
07/06/2012,75600,2421783000,32.3(4.87 %),75600,2421783000,0,0,29142110,13.15
08/06/2012,208300,6897901000,32.3(0.00 %),215800,7143851000,7500,245950000,28933810,13.41
11/06/2012,0,0,32.3(0.00 %),0,0,0,0,28933810,13.41
12/06/2012,11400,360820000,31(-4.02 %),11400,360820000,0,0,28922410,13.43
13/06/2012,4300,134100000,31.5(1.61 %),4300,134100000,0,0,28918110,13.43
14/06/2012,3000,91500000,30.5(-3.17 %),3000,91500000,0,0,28915110,13.43
15/06/2012,60020,1901243000,31.6(3.61 %),76220,2413263000,16200,512020000,28855090,13.51
18/06/2012,3200,101940000,31.6(0.00 %),3200,101940000,0,0,28851890,13.51
19/06/2012,0,0,31.1(-1.58 %),0,0,0,0,28851890,13.51
20/06/2012,18510,580344000,31.4(0.96 %),31510,986264000,13000,405920000,28833380,13.53
21/06/2012,24000,749168000,31.5(0.32 %),24000,749168000,0,0,28809380,13.56
22/06/2012,13500,416100000,31(-1.59 %),15000,462900000,1500,46800000,28795880,13.58
25/06/2012,3500,108300000,29.8(-3.87 %),3500,108300000,0,0,28792380,13.59
26/06/2012,6100,178960000,28.8(-3.36 %),6100,178960000,0,0,28786280,13.59
27/06/2012,39720,1201693000,29(0.69 %),75320,2235708000,35600,1034015000,28746560,13.64
28/06/2012,-14900,-432100000,29.3(1.03 %),0,0,14900,432100000,28761460,13.62
29/06/2012,18900,557692000,30.1(2.73 %),21900,648292000,3000,90600000,28742560,13.65
02/07/2012,10000,298300000,29.3(-2.66 %),10000,298300000,0,0,28694470,13.71
03/07/2012,21000,616960000,28.9(-1.37 %),21000,616960000,0,0,28673470,13.73
04/07/2012,100,2860000,28.7(-0.69 %),100,2860000,0,0,28673370,13.73
05/07/2012,26050,761055000,29.5(2.79 %),28050,820055000,2000,59000000,28647320,13.76
06/07/2012,-1400,-35636000,29.6(0.34 %),16800,502824000,18200,538460000,28648720,13.76
09/07/2012,-29810,-860764000,28.7(-3.04 %),900,27000000,30710,887764000,28678530,13.73
10/07/2012,-39000,-1113580000,28.5(-0.70 %),0,0,39000,1113580000,28717530,13.68
11/07/2012,13910,405452000,28.8(1.05 %),34000,985628000,20090,580176000,28703620,13.69
12/07/2012,0,0,29.1(1.04 %),0,0,0,0,28703620,13.69
13/07/2012,29430,882305000,30.1(3.44 %),29430,882305000,0,0,28674190,13.73
16/07/2012,5000,148550000,29.7(-1.33 %),5000,148550000,0,0,28669190,13.74
17/07/2012,0,0,30(1.01 %),0,0,0,0,28669190,13.74
18/07/2012,-2600,-78220000,29.9(-0.33 %),3600,107280000,6200,185500000,28671790,13.73
19/07/2012,-32300,-974970000,30.6(2.34 %),0,0,32300,974970000,28704090,13.69
20/07/2012,-7680,-217469000,30.9(0.98 %),70820,2231920000,78500,2449389000,28711770,13.68
23/07/2012,-1890,-59618000,30.8(-0.32 %),39010,1208292000,40900,1267910000,28713660,13.68
24/07/2012,-29360,-883128000,30(-2.60 %),1000,30000000,30360,913128000,28743020,13.65
25/07/2012,-37590,-1122728000,29.9(-0.33 %),0,0,37590,1122728000,28780610,13.6
26/07/2012,-20400,-606807000,29.6(-1.00 %),0,0,20400,606807000,28801010,13.57
27/07/2012,-10890,-310802000,29.2(-1.35 %),12510,369797000,23400,680599000,28811900,13.56
30/07/2012,0,0,29.2(0.00 %),0,0,0,0,28811900,13.56
31/07/2012,73700,2199289000,29.8(2.05 %),87000,2594205000,13300,394916000,28738200,13.65
01/08/2012,0,0,29.3(-1.68 %),0,0,0,0,28755000,13.63
02/08/2012,0,0,29.2(-0.34 %),0,0,0,0,28755000,13.63
03/08/2012,0,0,29.4(0.68 %),0,0,0,0,28755000,13.63
06/08/2012,0,0,30.1(2.38 %),0,0,0,0,28755000,13.63
07/08/2012,-870,-26100000,29.8(-1.00 %),0,0,870,26100000,28755870,13.63
08/08/2012,-2070,-60804000,29.8(0.00 %),10000,297800000,12070,358604000,28757940,13.63
09/08/2012,0,0,30.1(1.01 %),0,0,0,0,28757940,13.63
10/08/2012,3770,116066000,29.7(-1.33 %),21500,643518000,17730,527452000,28754170,13.63
13/08/2012,1000,29700000,29.5(-0.67 %),1000,29700000,0,0,28753170,13.63
14/08/2012,2490,75700000,29.4(-0.34 %),7500,223000000,5010,147300000,28750680,13.64
15/08/2012,1700,50490000,29.4(0.00 %),1700,50490000,0,0,28748980,13.64
16/08/2012,0,0,29.4(0.00 %),0,0,0,0,28748980,13.64
17/08/2012,1400,41187000,29.4(0.00 %),8500,249927000,7100,208740000,28747580,13.64
20/08/2012,0,0,29.3(-0.34 %),0,0,0,0,28747580,13.64
21/08/2012,4000,112300000,27.9(-4.78 %),4000,112300000,0,0,28743580,13.65
22/08/2012,-700,-19130000,27.2(-2.51 %),900,24390000,1600,43520000,28744280,13.64
23/08/2012,-6500,-172550000,25.9(-4.78 %),500,12950000,7000,185500000,28750780,13.64
24/08/2012,-9660,-263850000,26.4(1.93 %),7340,188550000,17000,452400000,28760440,13.62
27/08/2012,-24780,-630272000,25.1(-4.92 %),220,5808000,25000,636080000,28785220,13.59
28/08/2012,-4800,-122580000,25.7(2.39 %),0,0,4800,122580000,28790020,13.59
29/08/2012,-2000,-51400000,26.8(4.28 %),0,0,2000,51400000,28792020,13.59
30/08/2012,2400,64360000,26.7(-0.37 %),2400,64360000,0,0,28789620,13.59
31/08/2012,2000,53132000,26.5(-0.75 %),5000,132932000,3000,79800000,28787620,13.59
04/09/2012,17380,471391000,27.3(3.02 %),19820,538003000,2440,66612000,28799500,13.58
05/09/2012,7180,191376000,27.1(-0.73 %),9180,245376000,2000,54000000,28792320,13.59
06/09/2012,56150,1523477000,27.3(0.74 %),56150,1523477000,0,0,28736170,13.65
07/09/2012,96000,2647529000,28(2.56 %),96000,2647529000,0,0,28640170,13.77
10/09/2012,48500,1309500000,27(-3.57 %),50000,1350000000,1500,40500000,28591670,13.83
11/09/2012,10420,281380000,27.2(0.74 %),10420,281380000,0,0,28581250,13.84
12/09/2012,2000,54400000,27.3(0.37 %),2000,54400000,0,0,28579250,13.85
13/09/2012,0,0,27.3(0.00 %),2000,54400000,2000,54400000,28579250,13.85
14/09/2012,350,9555000,27.3(0.00 %),350,9555000,0,0,28578900,13.85
17/09/2012,5600,152320000,27.4(0.37 %),5600,152320000,0,0,28573300,13.85
18/09/2012,18500,502200000,26.5(-3.28 %),18500,502200000,0,0,28554800,13.88
19/09/2012,-10000,-265000000,26.5(0.00 %),0,0,10000,265000000,28564800,13.86
20/09/2012,30040,792099000,26.3(-0.75 %),40640,1070222000,10600,278123000,28534760,13.9
21/09/2012,22000,595964000,27(2.66 %),22000,595964000,0,0,28512760,13.93
24/09/2012,0,0,27(0.00 %),0,0,0,0,28512760,13.93
25/09/2012,-500,-13400000,26.7(-1.11 %),0,0,500,13400000,28513260,13.93
26/09/2012,2400,64800000,26.7(0.00 %),2400,64800000,0,0,28510860,13.93
27/09/2012,49840,1343791000,26.8(0.37 %),49840,1343791000,0,0,28461020,13.99
28/09/2012,34810,941062000,27(0.75 %),34810,941062000,0,0,28426210,14.04
01/10/2012,20330,546014000,27(0.00 %),20330,546014000,0,0,28413320,14.05
02/10/2012,9220,247054000,26.8(-0.74 %),12420,332814000,3200,85760000,28404100,14.06
03/10/2012,70800,1954337000,27.9(4.10 %),70800,1954337000,0,0,28333300,14.15
04/10/2012,-7390,-201066000,27.1(-2.87 %),10,279000,7400,201345000,28340690,14.14
05/10/2012,390,14241000,27.4(1.11 %),11140,307716000,10750,293475000,28340300,14.14
08/10/2012,35790,1003196000,28.1(2.55 %),35790,1003196000,0,0,28304510,14.19
09/10/2012,7100,200020000,28.1(0.00 %),7100,200020000,0,0,28297410,14.19
10/10/2012,-500,-13850000,28.3(0.71 %),4500,126450000,5000,140300000,28297910,14.19
11/10/2012,-2000,-57800000,28.3(0.00 %),0,0,2000,57800000,28299910,14.19
12/10/2012,33300,954657000,28.5(0.71 %),49300,1409057000,16000,454400000,28266610,14.23
15/10/2012,-4710,-130622000,27.8(-2.46 %),28500,799904000,33210,930526000,28271320,14.23
16/10/2012,0,0,28.3(1.80 %),0,0,0,0,28271320,14.23
17/10/2012,110700,3207244000,28.9(2.12 %),110700,3207244000,0,0,28160620,14.36
18/10/2012,45500,1324104000,29.3(1.38 %),55500,1616790000,10000,292686000,28115120,14.42
19/10/2012,79310,2319567000,29.2(-0.34 %),90600,2648735000,11290,329168000,28035810,14.52
22/10/2012,29400,850170000,28.8(-1.37 %),29400,850170000,0,0,28006410,14.55
23/10/2012,0,0,28.6(-0.69 %),0,0,0,0,28006410,14.55
24/10/2012,9700,277220000,28.4(-0.70 %),9700,277220000,0,0,27996710,14.56
25/10/2012,17300,486550000,28.1(-1.06 %),17300,486550000,0,0,27979410,14.58
26/10/2012,17400,493999000,28.1(0.00 %),17500,496809000,100,2810000,27962010,8.76
29/10/2012,5950,169965000,28.8(2.49 %),5950,169965000,0,0,27956060,14.61
30/10/2012,-16010,-452854000,28.3(-1.74 %),2290,65036000,18300,517890000,27972070,14.59
31/10/2012,30800,902320000,28.4(0.35 %),53300,1543320000,22500,641000000,27941270,14.63
01/11/2012,0,0,28.5(0.35 %),0,0,0,0,27900470,14.68
02/11/2012,-12750,-350723000,27.5(-3.51 %),1250,34125000,14000,384848000,27913220,14.67
05/11/2012,0,0,27.5(0.00 %),0,0,0,0,27913220,14.67
06/11/2012,-2800,-77380000,28(1.82 %),0,0,2800,77380000,27916020,14.66
07/11/2012,12000,342605000,28.6(2.14 %),12000,342605000,0,0,27904020,14.68
08/11/2012,0,0,28.3(-1.05 %),0,0,0,0,27904020,14.68
09/11/2012,-10680,-296387000,28(-1.06 %),16100,458605000,26780,754992000,27914700,14.66
12/11/2012,0,0,28.3(1.07 %),0,0,0,0,27914700,14.66
13/11/2012,0,0,26.9(0.37 %),0,0,0,0,27914700,14.66
14/11/2012,24580,663560000,27(0.37 %),44580,1203560000,20000,540000000,27890120,14.69
15/11/2012,750,20225000,27.3(1.11 %),750,20225000,0,0,27889370,14.7
16/11/2012,-7220,-191496000,26.9(-1.47 %),19250,517830000,26470,709326000,27896590,14.69
19/11/2012,11990,325640000,27(0.37 %),41980,1125100000,29990,799460000,27884600,14.7
20/11/2012,56250,1512770000,27(0.00 %),56250,1512770000,0,0,27828350,14.77
21/11/2012,-5270,-140910000,26.8(-0.74 %),33630,904364000,38900,1045274000,27833620,14.76
22/11/2012,53000,1427221000,26.9(0.37 %),65000,1750021000,12000,322800000,27780620,14.83
23/11/2012,41500,1123045000,27(0.37 %),41500,1123045000,0,0,27739120,14.88
26/11/2012,28200,761200000,26.9(-0.37 %),40000,1079500000,11800,318300000,27710920,14.92
27/11/2012,6600,177540000,27(0.37 %),6600,177540000,0,0,27704320,14.92
28/11/2012,17930,484021000,27(0.00 %),17930,484021000,0,0,27686390,14.95
29/11/2012,14590,393671000,26.9(-0.37 %),44590,1202271000,30000,808600000,27671800,14.96
30/11/2012,26450,714150000,27(0.37 %),26450,714150000,0,0,27645350,15.0
03/12/2012,9790,263385000,26.8(-0.74 %),29790,799585000,20000,536200000,27626360,15.02
04/12/2012,0,0,26.8(0.00 %),0,0,0,0,27626360,15.02
05/12/2012,44500,1227328000,27.8(3.73 %),52000,1435508000,7500,208180000,27581860,15.07
06/12/2012,0,0,27.6(-0.72 %),0,0,0,0,27581860,15.07
07/12/2012,2400,67770000,27.3(-1.09 %),15930,438239000,13530,370469000,27579460,15.08
10/12/2012,19000,518600000,27.4(0.37 %),19000,518600000,0,0,27560460,15.1
11/12/2012,22790,624814000,27.6(0.73 %),22790,624814000,0,0,27537670,15.13
12/12/2012,45000,1248347000,27.9(1.09 %),45000,1248347000,0,0,27492670,15.18
13/12/2012,49210,1374493000,28(0.36 %),49210,1374493000,0,0,27443460,15.24
14/12/2012,16100,452200000,28.1(0.36 %),16100,452200000,0,0,27476570,15.2
17/12/2012,17580,494216000,28.2(0.36 %),19870,558794000,2290,64578000,27458990,15.23
18/12/2012,53110,1495391000,28.2(0.00 %),53110,1495391000,0,0,27405880,15.29
19/12/2012,69290,1980813000,29(2.84 %),69290,1980813000,0,0,27336590,15.38
20/12/2012,-300,-8700000,28.8(-0.69 %),0,0,300,8700000,27336890,15.38
21/12/2012,2100,60480000,28.3(-1.74 %),2100,60480000,0,0,27334790,15.38
24/12/2012,0,0,28.5(0.71 %),0,0,0,0,27334790,15.38
25/12/2012,-5000,-142000000,28.4(-0.35 %),0,0,5000,142000000,27339790,15.37
26/12/2012,0,0,28.7(1.06 %),0,0,0,0,27339790,15.37
27/12/2012,20000,580000000,28.7(0.00 %),20000,580000000,0,0,27319790,15.4
28/12/2012,-7800,-220192000,28.1(-2.09 %),0,0,7800,220192000,27327590,15.39
02/01/2013,0,0,28.6(1.78 %),0,0,0,0,27320580,15.4
03/01/2013,0,0,28.1(-1.75 %),0,0,0,0,27320580,15.4
04/01/2013,0,0,28.6(1.78 %),0,0,0,0,27320580,15.4
07/01/2013,100,2880000,29(1.40 %),100,2880000,0,0,27320480,15.4
08/01/2013,-1200,-35599000,30.1(3.79 %),20000,604000000,21200,639599000,27321680,15.39
09/01/2013,-20500,-619666000,29.6(-1.66 %),0,0,20500,619666000,27342180,15.37
10/01/2013,33890,1002857000,30.9(4.39 %),33890,1002857000,0,0,27308290,15.41
11/01/2013,262400,8153160000,30.1(-2.59 %),300900,9327990000,38500,1174830000,27045890,15.73
14/01/2013,0,0,30.4(1.00 %),0,0,0,0,27045890,15.73
15/01/2013,-23300,-708969000,30.4(0.00 %),1000,30300000,24300,739269000,27069190,15.7
16/01/2013,27860,846675000,30.9(1.64 %),27860,846675000,0,0,27041330,15.74
17/01/2013,32540,988664000,30.5(-1.29 %),38040,1156914000,5500,168250000,27008790,15.78
18/01/2013,-840,-25404000,30.3(-0.66 %),36560,1107226000,37400,1132630000,27009630,15.78
21/01/2013,-18900,-558436000,29.7(-1.98 %),1000,29700000,19900,588136000,27028530,15.75
22/01/2013,3860,111590000,29(-2.36 %),27860,807940000,24000,696350000,27024670,15.76
23/01/2013,51010,1481072000,29(0.00 %),51010,1481072000,0,0,26973660,15.82
24/01/2013,39950,1171600000,29.9(3.10 %),40050,1174520000,100,2920000,26933710,15.87
25/01/2013,0,0,30(0.33 %),0,0,0,0,26933710,15.87
28/01/2013,59600,1817194000,30.3(1.00 %),100500,3062230000,40900,1245036000,26874110,15.94
29/01/2013,21260,644377000,30.2(-0.33 %),50000,1514000000,28740,869623000,26852850,15.97
30/01/2013,700,21124000,30.5(0.99 %),10000,303000000,9300,281876000,26852150,15.97
31/01/2013,16000,488200000,30.5(0.00 %),16000,488200000,0,0,26836150,15.99
01/02/2013,5210,156285000,30.5(0.00 %),22210,672963000,17000,516678000,26783700,16.06
04/02/2013,21000,636600000,30.3(-0.66 %),21000,636600000,0,0,26762700,16.08
05/02/2013,10200,309060000,30.5(0.66 %),10200,309060000,0,0,26752500,16.09
06/02/2013,24200,747842000,31.5(3.28 %),36700,1136292000,12500,388450000,26728300,16.12
07/02/2013,-17900,-553514000,30.9(-1.90 %),0,0,17900,553514000,26746200,16.1
08/02/2013,4000,126560000,31.5(1.94 %),4000,126560000,0,0,26742200,16.11
18/02/2013,-21000,-652718000,31.3(-0.63 %),0,0,21000,652718000,26763200,16.08
19/02/2013,-77030,-2373386000,30.6(-2.24 %),10000,309800000,87030,2683186000,26840230,15.99
20/02/2013,-37470,-1136827000,30.2(-1.31 %),0,0,37470,1136827000,26877700,15.94
21/02/2013,-12300,-367817000,29.7(-1.66 %),0,0,12300,367817000,26890000,15.92
22/02/2013,5200,156000000,30(1.01 %),5200,156000000,0,0,26884800,15.93
25/02/2013,950,27550000,29.9(-0.33 %),950,27550000,0,0,26883850,15.93
26/02/2013,102430,3041942000,29.3(-2.01 %),105180,3123067000,2750,81125000,26781420,16.06
27/02/2013,-20000,-586500000,29.5(0.68 %),0,0,20000,586500000,26801420,16.03
28/02/2013,0,0,29.5(0.00 %),0,0,0,0,26801420,16.03
01/03/2013,-8760,-255173000,29.2(-1.02 %),6240,183330000,15000,438503000,26827470,16.0
04/03/2013,89430,2632223000,29.1(-0.34 %),95430,2807423000,6000,175200000,26738040,16.11
05/03/2013,13610,391329000,28.8(-1.03 %),13610,391329000,0,0,26724430,16.13
06/03/2013,-35000,-1010383000,28.7(-0.35 %),5000,143500000,40000,1153883000,26759430,16.09
07/03/2013,57180,1664856000,28.9(0.70 %),2992470,80988686000,2935290,79323830000,26702250,16.16
08/03/2013,17580,526589000,29(0.35 %),104260,3066154000,86680,2539565000,26684670,16.18
11/03/2013,1600,46340000,29.4(1.38 %),1600,46340000,0,0,26683070,16.18
12/03/2013,7000,207872000,29.9(1.70 %),7000,207872000,0,0,26676070,16.19
13/03/2013,0,0,29.9(0.00 %),0,0,0,0,26676070,16.19
14/03/2013,-8030,-235771000,29.8(-0.33 %),1000,29700000,9030,265471000,26684100,16.18
15/03/2013,7730,231571000,30(0.67 %),29700,891968000,21970,660397000,26676370,16.19
18/03/2013,15120,452394000,30(0.00 %),32120,963044000,17000,510650000,26661250,16.21
19/03/2013,10710,321300000,30.2(0.67 %),10710,321300000,0,0,26650540,16.22
20/03/2013,13710,416818000,30.6(1.32 %),1013710,30616818000,1000000,30200000000,26636830,16.24
21/03/2013,21000,655400000,31.2(1.96 %),21000,655400000,0,0,26615830,16.26
22/03/2013,347100,10941672000,31.6(1.28 %),409100,12888472000,62000,1946800000,26268730,16.69
25/03/2013,-26300,-822706000,31(-1.90 %),2800,89200000,29100,911906000,26295030,16.66
26/03/2013,35630,1119980000,31.4(1.29 %),36630,1151380000,1000,31400000,26259400,16.7
27/03/2013,4730,147491000,31.4(0.00 %),24230,760791000,19500,613300000,26254670,16.71
28/03/2013,0,0,31.5(0.32 %),0,0,0,0,26254670,16.71
29/03/2013,2420,75382000,31.2(-0.95 %),2420,75382000,0,0,26252250,16.71
01/04/2013,11900,371280000,31.3(0.32 %),11900,371280000,0,0,26258600,16.7
02/04/2013,22150,698071000,31.4(0.32 %),34150,1075651000,12000,377580000,26236450,16.73
03/04/2013,95740,3062086000,31.9(1.59 %),118960,3802804000,23220,740718000,26140710,16.85
04/04/2013,6090,200463000,33(3.45 %),156720,5124078000,150630,4923615000,26134620,16.85
05/04/2013,19530,662542000,34.2(3.64 %),89550,3059226000,70020,2396684000,26115090,16.88
08/04/2013,55950,1913155000,34.2(0.00 %),120950,4134990000,65000,2221835000,26059140,16.95
09/04/2013,84910,2874667000,34(-0.58 %),84910,2874667000,0,0,25974230,17.05
10/04/2013,138750,4554805000,32.8(0.92 %),169540,5563717000,30790,1008912000,25835480,17.22
11/04/2013,20840,692254000,33.3(1.52 %),40240,1340592000,19400,648338000,25814640,17.25
12/04/2013,65780,2193935000,33.3(0.00 %),87980,2928295000,22200,734360000,25748860,17.33
15/04/2013,51290,1682753000,33(-0.90 %),58290,1911990000,7000,229237000,25697570,17.39
16/04/2013,-18320,-584632000,33(0.00 %),303140,9976748000,321460,10561380000,25715890,17.37
17/04/2013,52520,1724424000,32.9(-0.30 %),59520,1952724000,7000,228300000,25663370,17.43
18/04/2013,157710,5183310000,32.6(-0.91 %),157710,5183310000,0,0,25505660,17.63
22/04/2013,2500,81500000,31.1(-4.60 %),2500,81500000,0,0,25503160,17.63
23/04/2013,-6890,-213126000,31(-0.32 %),31000,964464000,37890,1177590000,25510050,17.62
24/04/2013,0,0,30.2(-2.58 %),0,0,0,0,25510050,17.62
25/04/2013,0,0,30(-0.66 %),0,0,0,0,25510050,17.62
26/04/2013,1230,36900000,30(0.00 %),1230,36900000,0,0,25508820,17.62
02/05/2013,-4290,-125686000,29(-3.33 %),304210,9422090000,308500,9547776000,25524110,17.61
03/05/2013,22440,670410000,30.9(6.55 %),22440,670410000,0,0,25501670,17.63
06/05/2013,6730,208031000,31.3(1.29 %),6730,208031000,0,0,25494940,17.64
07/05/2013,7890,246562000,31.3(0.00 %),7890,246562000,0,0,25487050,17.65
08/05/2013,7050,220143000,31.3(0.00 %),7050,220143000,0,0,25480000,17.66
09/05/2013,-9440,-283830000,29.8(-4.79 %),0,0,9440,283830000,25489440,17.65
10/05/2013,-10500,-309817000,28.1(-5.70 %),5330,153075000,15830,462892000,25499940,17.63
13/05/2013,-42930,-1242377000,29(3.20 %),0,0,42930,1242377000,25542870,17.58
14/05/2013,0,0,28.8(-0.69 %),0,0,0,0,25542870,17.58
15/05/2013,-10000,-289033000,28.8(0.00 %),0,0,10000,289033000,25552870,17.57
16/05/2013,8970,259129000,28.8(0.00 %),8970,259129000,0,0,25543900,17.58
17/05/2013,11970,344489000,28.9(0.35 %),11970,344489000,0,0,25531930,17.6
20/05/2013,-1940,-56865000,28.1(-2.77 %),8060,231224000,10000,288089000,25533870,17.59
21/05/2013,2050,58425000,28.5(1.42 %),2050,58425000,0,0,25531820,17.6
22/05/2013,-3220,-92236000,28.8(1.05 %),40000,1143440000,43220,1235676000,25535040,17.59
23/05/2013,7220,207214000,28.8(0.00 %),9000,258300000,1780,51086000,25527820,17.6
24/05/2013,29090,844191000,29.3(1.74 %),29090,844191000,0,0,25498730,17.64
27/05/2013,41760,1225540000,29.8(1.71 %),68700,2024310000,26940,798770000,25456970,17.69
28/05/2013,26870,804984000,30.1(1.01 %),35370,1058784000,8500,253800000,25430100,17.72
29/05/2013,53330,1599900000,30(-0.33 %),53630,1608990000,300,9090000,25376770,17.79
30/05/2013,60020,1800179000,30(0.00 %),60020,1800179000,0,0,25316750,17.86
31/05/2013,32800,1001807000,30.7(2.33 %),37780,1153697000,4980,151890000,25283950,17.9
03/06/2013,15680,470400000,30(-2.28 %),15680,470400000,0,0,25271490,17.92
04/06/2013,12710,381260000,30(0.00 %),16710,501260000,4000,120000000,25258780,17.93
05/06/2013,-1810,-53576000,29.6(-1.33 %),0,0,1810,53576000,25260590,17.93
06/06/2013,-2400,-69287000,29.9(1.01 %),0,0,2400,69287000,25262990,17.93
07/06/2013,0,0,30(0.33 %),0,0,0,0,25262990,17.93
10/06/2013,0,0,29.9(-0.33 %),0,0,0,0,25262990,17.93
11/06/2013,0,0,29.8(-0.33 %),0,0,0,0,25262990,17.93
12/06/2013,0,0,29.8(0.00 %),0,0,0,0,25262990,17.93
13/06/2013,-11000,-318762000,29(-2.68 %),0,0,11000,318762000,25273990,17.91
14/06/2013,-3250,-94250000,29(0.00 %),0,0,3250,94250000,25277240,17.91
17/06/2013,-8180,-233670000,28.7(-1.03 %),0,0,8180,233670000,25285420,17.9
18/06/2013,0,0,28.5(-0.70 %),0,0,0,0,25285420,17.9
19/06/2013,-13300,-376526000,28.3(-0.70 %),0,0,13300,376526000,25298720,17.88
20/06/2013,10000,291837000,29.5(4.24 %),10000,291837000,0,0,25288720,17.89
21/06/2013,0,0,28.9(-2.03 %),0,0,0,0,25288720,17.89
24/06/2013,150,4275000,28.6(-1.04 %),150,4275000,0,0,25288570,17.89
25/06/2013,20610,587385000,28.3(-1.05 %),20610,587385000,0,0,25267960,17.92
26/06/2013,7000,200851000,28.4(0.35 %),9000,255251000,2000,54400000,25260960,17.93
27/06/2013,3700,105030000,28.5(0.35 %),3700,105030000,0,0,25257260,17.93
28/06/2013,2000,57000000,28.5(0.00 %),2000,57000000,0,0,25255260,17.94
01/07/2013,-100,-2860000,28.6(0.35 %),0,0,100,2860000,25258540,17.93
02/07/2013,4000,114300000,28.6(0.00 %),4000,114300000,0,0,25254540,17.94
03/07/2013,17000,486200000,28.6(0.00 %),17000,486200000,0,0,25237540,17.96
04/07/2013,7050,202016000,28.8(0.70 %),8050,230816000,1000,28800000,25230490,17.97
05/07/2013,7000,205100000,29.3(1.74 %),7000,205100000,0,0,25223490,17.97
08/07/2013,14140,416537000,29.5(0.68 %),26930,793642000,12790,377105000,25209350,17.99
09/07/2013,410,11866000,29.5(0.00 %),21000,619271000,20590,607405000,25208940,17.99
10/07/2013,-2660,-78688000,29.5(0.00 %),22460,660240000,25120,738928000,25211600,17.99
11/07/2013,1660,49070000,29.6(0.34 %),1660,49070000,0,0,25209940,17.99
12/07/2013,74420,2226496000,30(1.35 %),74420,2226496000,0,0,25135520,18.08
15/07/2013,22400,671060000,29.9(-0.33 %),22400,671060000,0,0,25113120,18.11
16/07/2013,57970,1739303000,29.9(0.00 %),97970,2938103000,40000,1198800000,25055150,18.18
17/07/2013,-24080,-722712000,30(0.33 %),135920,4077308000,160000,4800020000,25079230,18.15
18/07/2013,-21930,-655272000,29.6(-1.33 %),957720,26844958000,979650,27500230000,25101160,18.13
19/07/2013,-29770,-878484000,29(-2.03 %),33300,978175000,63070,1856659000,25130930,18.09
22/07/2013,2480,71920000,29.1(0.34 %),2480,71920000,0,0,25128450,18.09
23/07/2013,-21280,-619248000,29.1(0.00 %),0,0,21280,619248000,25149730,18.07
24/07/2013,-11710,-334483000,28.5(-2.06 %),0,0,11710,334483000,25161440,18.05
25/07/2013,-11480,-327180000,28.5(0.00 %),20000,570000000,31480,897180000,25172920,18.04
26/07/2013,-14810,-422085000,28.5(0.00 %),25190,717915000,40000,1140000000,25187730,18.02
29/07/2013,0,0,28.4(-0.35 %),0,0,0,0,25187730,18.02
30/07/2013,0,0,28.4(0.00 %),0,0,0,0,25187730,18.02
31/07/2013,-19170,-544504000,28.3(-0.35 %),36430,1031669000,55600,1576173000,25206900,18.0
01/08/2013,-11650,-328955000,28.2(-0.35 %),188550,5317205000,200200,5646160000,25114850,18.11
02/08/2013,220,6140000,28.5(1.06 %),2220,63270000,2000,57130000,25114630,18.11
05/08/2013,-13960,-401590000,28.7(0.70 %),3100,88370000,17060,489960000,25128590,18.09
06/08/2013,-47160,-1346284000,28.4(-1.05 %),58240,1652784000,105400,2999068000,25175750,18.03
07/08/2013,-43000,-1224280000,28.4(0.00 %),107000,3039200000,150000,4263480000,25218750,17.98
08/08/2013,-73790,-2098306000,28.4(0.00 %),16600,471440000,90390,2569746000,25292540,17.89
09/08/2013,-33910,-986372000,29.4(3.52 %),0,0,33910,986372000,25326450,17.85
12/08/2013,-4200,-121000000,29.2(-0.68 %),4600,133700000,8800,254700000,25330650,17.84
13/08/2013,4850,139495000,28.7(-1.71 %),4850,139495000,0,0,25325800,17.85
14/08/2013,-12700,-365840000,29(1.05 %),0,0,12700,365840000,25338500,17.83
15/08/2013,-8900,-260045000,29.2(0.69 %),1100,31955000,10000,292000000,25347400,17.82
16/08/2013,0,0,29.4(0.68 %),0,0,0,0,25347400,17.82
19/08/2013,0,0,29.4(0.00 %),0,0,0,0,25347400,17.82
20/08/2013,0,0,29.4(0.00 %),0,0,0,0,25347400,17.82
21/08/2013,0,0,29.1(-1.02 %),0,0,0,0,25347400,17.82
22/08/2013,8420,244180000,29(-0.34 %),8700,252300000,280,8120000,25338980,17.83
23/08/2013,4800,139300000,29(0.00 %),7400,214900000,2600,75600000,25334180,17.84
26/08/2013,1650,47850000,29.1(0.34 %),1650,47850000,0,0,25332530,17.84
27/08/2013,1000,29112000,29.1(0.00 %),1000,29112000,0,0,25331530,17.84
28/08/2013,20640,598602000,29.2(0.34 %),20640,598602000,0,0,25310890,17.87
29/08/2013,1000,29905000,30(2.74 %),1000,29905000,0,0,25309890,17.87
30/08/2013,8950,264062000,29.5(-1.67 %),9250,272852000,300,8790000,25300940,17.88
03/09/2013,5040,148680000,29.5(0.00 %),6050,178475000,1010,29795000,25400390,17.76
04/09/2013,8850,261875000,29.7(0.68 %),8850,261875000,0,0,25391540,17.77
05/09/2013,40,1192000,29.5(-0.67 %),40,1192000,0,0,25391500,17.77
06/09/2013,3000,88500000,29.5(0.00 %),3000,88500000,0,0,25388500,17.77
09/09/2013,8050,237573000,29.5(0.00 %),8050,237573000,0,0,25380450,17.78
10/09/2013,6300,185390000,29.5(0.00 %),6300,185390000,0,0,25374150,17.79
11/09/2013,5850,172090000,29.4(-0.34 %),5850,172090000,0,0,25368300,17.8
12/09/2013,0,0,29.4(0.00 %),0,0,0,0,25368300,17.8
13/09/2013,4000,117600000,29.5(0.34 %),4000,117600000,0,0,25364300,17.8
16/09/2013,2300,67850000,29.5(0.00 %),2300,67850000,0,0,25362000,17.8
17/09/2013,0,0,29.6(0.34 %),0,0,0,0,25362000,17.8
18/09/2013,2290,67555000,29.5(-0.34 %),2290,67555000,0,0,25359710,17.81
19/09/2013,3710,109445000,29.5(0.00 %),3710,109445000,0,0,25356000,17.81
20/09/2013,-5100,-147900000,29.3(-0.68 %),0,0,5100,147900000,25361100,17.81
23/09/2013,3000,87900000,29.4(0.34 %),3000,87900000,0,0,25358100,17.81
24/09/2013,22370,657678000,29.4(0.00 %),25370,745878000,3000,88200000,25335730,17.84
25/09/2013,-760,-22420000,30(2.04 %),2240,66080000,3000,88500000,25336490,17.84
26/09/2013,200,5919000,29.9(-0.33 %),200,5919000,0,0,25336290,17.84
27/09/2013,0,0,29.9(0.00 %),0,0,0,0,25336290,17.84
30/09/2013,0,0,29.8(-0.33 %),0,0,0,0,25336290,17.84
01/10/2013,4240,126776000,29.9(0.34 %),4240,126776000,0,0,25333360,17.84
02/10/2013,5150,154983000,30.5(2.01 %),5150,154983000,0,0,25328210,17.85
03/10/2013,5500,163900000,29.8(-2.30 %),5500,163900000,0,0,25322710,17.85
04/10/2013,18190,544713000,30(0.67 %),25190,754213000,7000,209500000,25304520,17.88
07/10/2013,8100,246678000,30(0.00 %),11100,338178000,3000,91500000,25296420,17.89
08/10/2013,0,0,30.5(1.67 %),0,0,0,0,25296420,17.89
09/10/2013,0,0,30.2(-0.98 %),0,0,0,0,25296420,17.89
10/10/2013,-15700,-471240000,30(-0.66 %),7300,218760000,23000,690000000,25312120,17.87
11/10/2013,2190,65240000,29.9(-0.33 %),10190,304440000,8000,239200000,25309930,17.87
14/10/2013,-490,-14694000,30(0.33 %),450,13770000,940,28464000,25310420,17.87
15/10/2013,5300,155040000,30.3(1.00 %),20600,616980000,15300,461940000,25305120,17.87
16/10/2013,-4560,-138168000,30.7(1.32 %),2000,60600000,6560,198768000,25309680,17.87
17/10/2013,11350,352975000,31.2(1.63 %),11350,352975000,0,0,25298330,17.88
18/10/2013,30230,953605000,31.5(0.96 %),30230,953605000,0,0,25268100,17.92
21/10/2013,9470,298305000,31.5(0.00 %),9470,298305000,0,0,25258630,17.93
22/10/2013,19420,611688000,31.5(0.00 %),21420,674488000,2000,62800000,25239210,17.96
23/10/2013,18060,568584000,31.5(0.00 %),18060,568584000,0,0,25221150,17.98
24/10/2013,19000,599100000,31.6(0.32 %),23000,725100000,4000,126000000,25202150,18.0
25/10/2013,54750,1750699000,32(1.27 %),54750,1750699000,0,0,25147400,18.07
28/10/2013,34180,1092535000,32(0.00 %),34180,1092535000,0,0,25113220,18.11
29/10/2013,140120,4464974000,32(4.92 %),140120,4464974000,0,0,24973100,18.28
30/10/2013,42170,1344260000,32(0.00 %),42170,1344260000,0,0,24930930,18.33
31/10/2013,31290,997545000,31.9(-0.31 %),31290,997545000,0,0,24899640,18.37
01/11/2013,7670,242377000,31.6(-0.94 %),7670,242377000,0,0,24891970,18.38
04/11/2013,4940,154143000,31.2(-1.27 %),4940,154143000,0,0,24887030,18.39
05/11/2013,2850,89205000,31.3(0.32 %),2850,89205000,0,0,24884180,18.39
06/11/2013,10980,340948000,31.5(0.64 %),10980,340948000,0,0,24873200,18.41
07/11/2013,6500,202800000,31.5(0.00 %),6500,202800000,0,0,24866700,18.41
08/11/2013,10920,343980000,31.5(0.00 %),17620,554816000,6700,210836000,24855780,18.43
11/11/2013,3060,96082000,31.6(0.32 %),3060,96082000,0,0,24852720,18.43
12/11/2013,10020,316626000,31.6(0.00 %),10020,316626000,0,0,24842700,18.44
13/11/2013,-7000,-218400000,31.2(-1.27 %),0,0,7000,218400000,24849700,18.43
14/11/2013,4800,150240000,32(2.56 %),4800,150240000,0,0,24844900,18.44
15/11/2013,29660,947264000,32(0.00 %),29670,947584000,10,320000,24815240,18.48
18/11/2013,10700,339750000,32(0.00 %),12700,403550000,2000,63800000,24804540,18.49
19/11/2013,2000,65380000,32(0.00 %),7000,223400000,5000,158020000,24802540,18.49
20/11/2013,41950,1344995000,32.1(0.31 %),41950,1344995000,0,0,24760590,18.54
21/11/2013,72000,2366433000,32.8(2.18 %),73000,2399233000,1000,32800000,24688590,18.63
22/11/2013,92780,3031333000,32.7(-0.30 %),92880,3034583000,100,3250000,24595810,18.75
25/11/2013,293230,9618653000,32.9(0.61 %),293230,9618653000,0,0,24302580,19.11
26/11/2013,21910,723210000,33.2(0.91 %),34090,1124902000,12180,401692000,24280670,19.13
27/11/2013,2050,68265000,33(-0.60 %),2050,68265000,0,0,24278620,19.14
28/11/2013,6390,208940000,32.5(-1.52 %),10890,355310000,4500,146370000,24272230,19.14
29/11/2013,1590,51067000,32.2(-0.92 %),1590,51067000,0,0,24270640,19.15
02/12/2013,8120,255440000,32(-0.62 %),8120,255440000,0,0,24258020,19.16
03/12/2013,2000,63000000,31.5(-1.56 %),2000,63000000,0,0,24256020,19.16
04/12/2013,7550,240600000,32(1.59 %),7550,240600000,0,0,24248470,19.17
05/12/2013,3910,125120000,32.2(0.62 %),7210,231380000,3300,106260000,24244560,19.18
06/12/2013,7340,238312000,32.4(0.62 %),10610,344314000,3270,106002000,24237220,19.19
09/12/2013,26020,857042000,33(1.85 %),36350,1196908000,10330,339866000,24211200,19.22
10/12/2013,5000,161800000,32.6(-1.21 %),9000,291000000,4000,129200000,24206200,19.23
11/12/2013,-9000,-289510000,31.5(-3.37 %),1000,32600000,10000,322110000,24215200,19.22
12/12/2013,-14850,-467175000,31.3(-0.63 %),0,0,14850,467175000,24230050,19.2
13/12/2013,-4500,-138174000,31.5(0.64 %),1500,47250000,6000,185424000,24234550,19.19
16/12/2013,0,0,30.2(-4.13 %),0,0,0,0,24234550,19.19
17/12/2013,-6000,-183000000,30.5(0.99 %),4000,122000000,10000,305000000,24240550,19.18
18/12/2013,500,15500000,31(1.64 %),500,15500000,0,0,24240050,19.18
19/12/2013,-1800,-56020000,30.9(-0.32 %),2000,61400000,3800,117420000,24241850,19.18
20/12/2013,1100,33870000,30.8(-0.32 %),1100,33870000,0,0,24240750,19.18
23/12/2013,0,0,30.8(0.00 %),0,0,0,0,24240750,19.18
24/12/2013,2500,77000000,31(0.65 %),2500,77000000,0,0,24238250,19.19
25/12/2013,0,0,31.5(1.61 %),0,0,0,0,24238250,19.19
26/12/2013,0,0,30.7(-2.54 %),0,0,0,0,24238250,19.19
27/12/2013,3000,92100000,30.8(0.33 %),3000,92100000,0,0,24235250,19.19
30/12/2013,4900,149940000,30.6(-0.65 %),4900,149940000,0,0,24230350,19.2
31/12/2013,0,0,30.2(-1.31 %),0,0,0,0,24230350,19.2
02/01/2014,0,0,30.5(0.99 %),0,0,0,0,24234850,19.19
03/01/2014,1000,30700000,31(1.64 %),1000,30700000,0,0,24233850,19.19
06/01/2014,1000,30700000,31(0.00 %),1000,30700000,0,0,24232850,19.19
07/01/2014,1010,31892000,31.2(0.65 %),1610,50312000,600,18420000,24231840,19.19
08/01/2014,10,312000,31.2(0.00 %),10,312000,0,0,24231830,19.19
09/01/2014,40,1240000,31(-0.64 %),40,1240000,0,0,24231790,19.19
10/01/2014,430,13554000,31.9(2.90 %),430,13554000,0,0,24231360,19.2
13/01/2014,12660,406017000,31(-2.82 %),30000,953300000,17340,547283000,24218700,19.21
14/01/2014,-1320,-40915000,31(0.00 %),0,0,1320,40915000,24220020,19.21
15/01/2014,-9790,-303668000,31(0.00 %),0,0,9790,303668000,24229810,19.2
16/01/2014,-3540,-109844000,31(0.00 %),0,0,3540,109844000,24233350,19.19
17/01/2014,1000,31000000,31(0.00 %),34060,1055860000,33060,1024860000,24232350,19.19
20/01/2014,0,0,30.8(-0.65 %),0,0,0,0,24232350,19.19
21/01/2014,630,19430000,31(0.65 %),1540,47640000,910,28210000,24231720,19.19
22/01/2014,7210,225759000,31.4(1.29 %),7210,225759000,0,0,24224510,19.2
23/01/2014,13360,417998000,31.4(0.00 %),13360,417998000,0,0,24211150,19.22
24/01/2014,10800,341320000,31.8(1.27 %),10800,341320000,0,0,24200350,19.23
27/01/2014,7700,244250000,31.5(-0.94 %),17700,560450000,10000,316200000,24192650,19.24
06/02/2014,-30,-918000,30.6(-2.86 %),0,0,30,918000,24182650,19.26
07/02/2014,0,0,31(1.31 %),0,0,0,0,24182650,19.26
10/02/2014,0,0,31.2(0.65 %),0,0,0,0,24182650,19.26
11/02/2014,0,0,31.5(0.96 %),0,0,0,0,24182650,19.26
12/02/2014,0,0,31.2(-0.95 %),0,0,0,0,24182650,19.26
13/02/2014,150,4680000,31.3(0.32 %),150,4680000,0,0,24182500,19.26
14/02/2014,100,3200000,31.6(0.96 %),100,3200000,0,0,24182400,19.26
17/02/2014,0,0,31.5(-0.32 %),0,0,0,0,24182400,19.26
18/02/2014,190,5946000,31.5(0.00 %),490,15386000,300,9440000,24182210,19.26
19/02/2014,400,12640000,32.1(1.90 %),400,12640000,0,0,24181810,19.26
20/02/2014,0,0,31.6(-1.56 %),0,0,0,0,24181810,19.26
21/02/2014,0,0,31.6(0.00 %),0,0,0,0,24181810,19.26
24/02/2014,0,0,32(1.27 %),0,0,0,0,24181810,19.26
25/02/2014,0,0,31.9(-0.31 %),0,0,0,0,24181810,19.26
26/02/2014,0,0,31.8(-0.31 %),0,0,0,0,24181810,19.26
27/02/2014,0,0,31.6(-0.63 %),0,0,0,0,24181810,19.26
28/02/2014,-5000,-157500000,31.7(0.32 %),0,0,5000,157500000,24186810,19.25
03/03/2014,0,0,31.8(0.32 %),0,0,0,0,24191840,19.24
04/03/2014,0,0,31.3(-1.57 %),0,0,0,0,24191840,19.24
05/03/2014,0,0,31.2(-0.32 %),0,0,0,0,24191840,19.24
06/03/2014,0,0,31(-0.64 %),0,0,0,0,24191840,19.24
07/03/2014,0,0,31.5(1.61 %),0,0,0,0,24191840,19.24
10/03/2014,2000,62800000,31.5(0.00 %),2000,62800000,0,0,24189840,19.25
11/03/2014,-4200,-131460000,31.3(-0.63 %),0,0,4200,131460000,24194040,19.24
12/03/2014,700,21910000,31.6(0.96 %),700,21910000,0,0,24193340,19.24
13/03/2014,0,-200000,30.8(-2.53 %),500,15400000,500,15600000,24193340,19.24
14/03/2014,0,0,31.5(2.27 %),0,0,0,0,24193340,19.24
17/03/2014,-3000,-92400000,31.5(0.00 %),0,0,3000,92400000,24196340,19.24
18/03/2014,0,0,31(-1.59 %),0,0,0,0,24196340,19.24
19/03/2014,0,0,31(0.00 %),0,0,0,0,24196340,19.24
20/03/2014,0,0,30.7(-0.97 %),0,0,0,0,24196340,19.24
21/03/2014,0,0,30.9(0.65 %),3000,93000000,3000,93000000,24196340,19.24
24/03/2014,0,0,31.3(1.29 %),1500,46350000,1500,46350000,24196340,19.24
25/03/2014,-1000,-31400000,31.3(0.00 %),0,0,1000,31400000,24197340,19.24
26/03/2014,300,9450000,31.1(-0.64 %),300,9450000,0,0,24197040,19.24
27/03/2014,0,0,30.9(-0.64 %),0,0,0,0,24197040,19.24
28/03/2014,-1500,-45750000,30.9(0.00 %),500,15450000,2000,61200000,24198540,19.24
31/03/2014,-4900,-150430000,31.1(0.65 %),100,3070000,5000,153500000,24203440,19.23
01/04/2014,-6590,-204290000,31(-0.32 %),0,0,6590,204290000,24201440,19.23
02/04/2014,-4000,-122000000,30.5(-1.61 %),0,0,4000,122000000,24205440,19.23
03/04/2014,0,0,30.4(-0.33 %),0,0,0,0,24205440,19.23
04/04/2014,-400,-12160000,30.6(0.66 %),0,0,400,12160000,24205840,19.23
07/04/2014,580,17748000,30.4(-0.65 %),580,17748000,0,0,24205260,19.23
08/04/2014,-2400,-72342000,30.4(0.00 %),0,0,2400,72342000,24207660,19.22
10/04/2014,-4180,-125400000,30(-1.32 %),0,0,4180,125400000,24211840,19.22
11/04/2014,-640,-19200000,30(0.00 %),0,0,640,19200000,24212480,19.22
14/04/2014,340,11076000,29.8(-0.67 %),700,21840000,360,10764000,24212140,19.22
15/04/2014,-6990,-206351000,29.5(-1.01 %),0,0,6990,206351000,24219130,19.21
16/04/2014,2000,59000000,29.5(0.00 %),2000,59000000,0,0,24217130,19.21
17/04/2014,-18400,-535456000,29(-1.69 %),0,0,18400,535456000,24235530,19.19
18/04/2014,-6300,-179909000,28(-3.45 %),0,0,6300,179909000,24241830,19.18
21/04/2014,-5610,-160208000,27.9(-0.36 %),1010,28298000,6620,188506000,24247440,19.18
22/04/2014,-4500,-125800000,29.5(5.73 %),0,0,4500,125800000,24251940,19.17
23/04/2014,0,0,28.5(-3.39 %),0,0,0,0,24251940,19.17
24/04/2014,-1010,-28514000,28.5(0.00 %),0,0,1010,28514000,24252950,19.17
25/04/2014,0,0,29(1.75 %),0,0,0,0,24252950,19.17
28/04/2014,500,14900000,29.8(2.76 %),500,14900000,0,0,24252450,19.17
29/04/2014,0,0,29.8(0.00 %),0,0,0,0,24252450,19.17
05/05/2014,0,0,29(-2.68 %),0,0,0,0,24266040,19.15
06/05/2014,0,0,28.1(-3.10 %),0,0,0,0,24266040,19.15
07/05/2014,0,0,28.1(0.00 %),0,0,0,0,24266040,19.15
08/05/2014,-20000,-537690000,26.6(-5.34 %),0,0,20000,537690000,24286040,19.13
09/05/2014,0,0,28.3(6.39 %),0,0,0,0,24286040,19.13
12/05/2014,0,0,27.2(-3.89 %),0,0,0,0,24286040,19.13
13/05/2014,0,0,28(2.94 %),0,0,0,0,24286040,19.13
14/05/2014,1880,51888000,27.5(-1.79 %),1880,51888000,0,0,24284160,19.13
15/05/2014,0,0,28.8(4.73 %),0,0,0,0,24284160,19.13
16/05/2014,0,0,28(-2.78 %),0,0,0,0,24284160,19.13
19/05/2014,0,0,28(0.00 %),0,0,0,0,24284160,19.13
20/05/2014,-5200,-145600000,28.4(1.43 %),0,0,5200,145600000,24289360,19.12
21/05/2014,0,0,28.4(0.00 %),0,0,0,0,24289360,19.12
22/05/2014,-10,-284000,28.4(0.00 %),0,0,10,284000,24289370,19.12
23/05/2014,0,0,29(2.11 %),0,0,0,0,24289370,19.12
26/05/2014,2800,79240000,29(5.45 %),2800,79240000,0,0,24286570,19.13
27/05/2014,-30,-1232000,28(-3.45 %),560,15288000,590,16520000,24286600,19.13
28/05/2014,0,0,28(0.00 %),0,0,0,0,24286600,19.13
29/05/2014,440,12320000,28(0.00 %),440,12320000,0,0,24286160,19.13
30/05/2014,0,0,27(-3.57 %),0,0,0,0,24286160,19.13
02/06/2014,-1000,-27000000,27.1(0.37 %),0,0,1000,27000000,24286160,19.13
03/06/2014,0,0,27.5(1.48 %),0,0,0,0,24286160,19.13
04/06/2014,0,0,27.9(1.45 %),0,0,0,0,24286160,19.13
05/06/2014,0,0,27.8(-0.36 %),0,0,0,0,24286160,19.13
06/06/2014,0,0,27.6(-0.72 %),0,0,0,0,24286160,19.13
09/06/2014,0,0,27.7(0.36 %),0,0,0,0,24286160,19.13
10/06/2014,-1900,-53002000,27.8(0.36 %),0,0,1900,53002000,24288060,19.13
11/06/2014,-1100,-30800000,27.5(-1.08 %),0,0,1100,30800000,24289160,19.12
12/06/2014,0,0,27.2(-1.09 %),0,0,0,0,24289160,19.12
13/06/2014,-1400,-38080000,27.2(0.00 %),0,0,1400,38080000,24290560,19.12
16/06/2014,-5600,-153440000,27.3(0.37 %),0,0,5600,153440000,24296160,19.12
17/06/2014,0,0,27.4(0.37 %),0,0,0,0,24296160,19.12
18/06/2014,10,272000,27.4(0.00 %),10,272000,0,0,24296150,19.12
19/06/2014,140,3808000,27.3(-0.36 %),140,3808000,0,0,24296010,19.12
20/06/2014,150,4080000,27.1(-0.73 %),150,4080000,0,0,24295860,19.12
23/06/2014,150,3915000,27.1(0.00 %),150,3915000,0,0,24295710,19.12
24/06/2014,-150,-4170000,27.1(0.00 %),0,0,150,4170000,24295860,19.12
25/06/2014,-150,-4170000,27.1(0.00 %),0,0,150,4170000,24296010,19.12
26/06/2014,850,23426000,27.4(1.11 %),2000,54796000,1150,31370000,24295160,19.12
27/06/2014,-9800,-257010000,27.7(1.09 %),0,0,9800,257010000,24304960,19.1
30/06/2014,0,0,27.2(-1.81 %),0,0,0,0,24304960,19.1
01/07/2014,0,0,27.2(0.00 %),0,0,0,0,24295010,19.12
02/07/2014,0,0,26.9(-1.10 %),0,0,0,0,24295010,19.12
03/07/2014,-7300,-193450000,26.7(-0.74 %),0,0,7300,193450000,24302310,19.11
04/07/2014,20,540000,26.7(0.00 %),20,540000,0,0,24302290,19.11
07/07/2014,-2000,-54000000,26.8(0.37 %),0,0,2000,54000000,24304290,19.11
08/07/2014,0,0,27(0.75 %),0,0,0,0,24304290,19.11
09/07/2014,0,0,27.1(0.37 %),0,0,0,0,24304290,19.11
10/07/2014,0,0,27.1(0.00 %),0,0,0,0,24313240,19.09
11/07/2014,0,0,27.1(0.00 %),0,0,0,0,24315240,0.0
14/07/2014,0,0,27.4(1.11 %),0,0,0,0,24315240,19.09
15/07/2014,0,0,27.8(1.46 %),0,0,0,0,24315240,19.09
16/07/2014,0,0,26.3(-5.40 %),0,0,0,0,24315240,0.0
17/07/2014,0,0,27.6(4.94 %),0,0,0,0,24315240,19.09
18/07/2014,0,0,27.4(-0.72 %),0,0,0,0,24315240,19.09
21/07/2014,0,0,27.5(0.36 %),0,0,0,0,24315240,0.0
22/07/2014,0,0,27.4(-0.36 %),0,0,0,0,24315240,0.0
23/07/2014,6200,175180000,27.5(0.36 %),6200,175180000,0,0,24309040,0.0
24/07/2014,0,0,27.8(1.09 %),0,0,0,0,24309040,0.0
25/07/2014,220,6116000,28(0.72 %),220,6116000,0,0,24308820,0.0
28/07/2014,0,0,28.3(1.07 %),0,0,0,0,24308820,0.0
29/07/2014,0,0,28.7(1.41 %),0,0,0,0,24308820,0.0
30/07/2014,0,0,28.6(-0.35 %),0,0,0,0,24308820,0.0
31/07/2014,0,0,28(-2.10 %),0,0,0,0,24308820,0.0
01/08/2014,0,0,28.9(3.21 %),0,0,0,0,24308820,0.0
04/08/2014,0,0,28.7(-0.69 %),0,0,0,0,24308820,0.0
05/08/2014,0,0,29(1.05 %),0,0,0,0,24308820,0.0
06/08/2014,0,0,28.1(-3.10 %),0,0,0,0,24308820,19.1
07/08/2014,0,0,27.8(-1.07 %),0,0,0,0,24308820,19.1
08/08/2014,0,0,27.8(0.00 %),0,0,0,0,24308820,0.0
11/08/2014,0,0,27.9(0.36 %),0,0,0,0,24308820,0.0
12/08/2014,0,0,28.5(2.15 %),0,0,0,0,24308820,0.0
13/08/2014,15200,443745000,29.2(2.46 %),15200,443745000,0,0,24293620,0.0
14/08/2014,-33920,-978920000,29(-0.68 %),3630,105270000,37550,1084190000,24293620,19.12
15/08/2014,1000,29092000,30.5(5.17 %),1000,29092000,0,0,24289990,19.12
18/08/2014,0,0,31(1.64 %),0,0,0,0,24288990,0.0
19/08/2014,0,0,30(-3.23 %),0,0,0,0,24288990,0.0
20/08/2014,-6800,-204800000,31.8(6.00 %),0,0,6800,204800000,24326540,0.0
21/08/2014,253730,8417244000,33.9(6.60 %),335260,10944674000,81530,2527430000,24072810,0.0
22/08/2014,210180,7038020000,33.5(-1.18 %),210180,7038020000,0,0,24072810,19.39
25/08/2014,69900,2332610000,33.3(-0.60 %),70000,2335900000,100,3290000,23862630,19.65
26/08/2014,35000,1121000000,31(-6.91 %),35000,1121000000,0,0,23799430,19.73
27/08/2014,210,6321000,29.9(-3.55 %),210,6321000,0,0,23764430,19.77
28/08/2014,0,0,30.5(2.01 %),0,0,0,0,23764220,19.77
29/08/2014,0,0,30.5(0.00 %),0,0,0,0,23764320,0.0
03/09/2014,60,1758000,30.4(-0.33 %),60,1758000,0,0,23764320,19.77
04/09/2014,-20,-598000,29.8(-1.97 %),0,0,20,598000,23764260,0.0
05/09/2014,0,0,30.8(3.36 %),0,0,0,0,23764260,0.0
08/09/2014,0,0,30.7(-0.32 %),0,0,0,0,23764260,19.77
09/09/2014,-2780,-82010000,29.7(-3.26 %),0,0,2780,82010000,23764260,19.77
10/09/2014,0,0,30(1.01 %),0,0,0,0,23764280,0.0
11/09/2014,-2730,-80808000,30.1(0.33 %),0,0,2730,80808000,23764280,0.0
12/09/2014,0,0,30.1(0.00 %),0,0,0,0,23764280,0.0
15/09/2014,0,0,29.3(-2.66 %),0,0,0,0,23767060,19.77
16/09/2014,0,0,29.3(0.00 %),0,0,0,0,23767060,0.0
17/09/2014,0,0,30(2.39 %),0,0,0,0,23769790,0.0
18/09/2014,0,0,29.8(-0.67 %),0,0,0,0,23769790,0.0
19/09/2014,0,0,29.5(-1.01 %),0,0,0,0,23769790,0.0
22/09/2014,4000,118655000,29.4(-0.34 %),4000,118655000,0,0,23765790,0.0
23/09/2014,0,0,29.4(0.00 %),0,0,0,0,23765790,0.0
24/09/2014,0,0,29.3(-0.34 %),0,0,0,0,23765790,19.77
25/09/2014,2000,58800000,29.3(0.00 %),2000,58800000,0,0,23763790,19.77
26/09/2014,0,0,29(-1.02 %),0,0,0,0,23763790,19.77
29/09/2014,0,0,29(0.00 %),0,0,0,0,23763790,0.0
30/09/2014,-1150,-33350000,29(0.00 %),0,0,1150,33350000,23763790,0.0
01/10/2014,1500,43500000,29.8(2.76 %),1500,43500000,0,0,23762290,0.0
02/10/2014,500,14500000,29.8(0.00 %),500,14500000,0,0,23761790,0.0
03/10/2014,1300,37830000,29.8(0.00 %),1300,37830000,0,0,23760490,0.0
06/10/2014,1800,52373000,29.8(0.00 %),1810,52671000,10,298000,23759830,0.0
07/10/2014,0,0,30(0.67 %),0,0,0,0,23759830,0.0
08/10/2014,0,0,30(0.00 %),1378320,38455128000,1378320,38455128000,23759830,0.0
09/10/2014,170,5015000,29.8(-0.67 %),170,5015000,0,0,23759660,0.0
10/10/2014,0,0,29.8(0.00 %),0,0,0,0,23759670,0.0
13/10/2014,0,0,29.5(-1.01 %),0,0,0,0,23759670,19.78
14/10/2014,0,0,29.4(-0.34 %),0,0,0,0,23759670,19.78
15/10/2014,-7000,-201300000,29(-1.36 %),0,0,7000,201300000,23766670,19.77
16/10/2014,0,0,28.5(-1.72 %),0,0,0,0,23766670,19.77
17/10/2014,0,0,29.5(3.51 %),0,0,0,0,23766670,19.77
20/10/2014,0,0,29.5(0.00 %),0,0,0,0,23766670,19.77
21/10/2014,0,0,29(-1.69 %),0,0,0,0,23766670,19.77
22/10/2014,0,0,29(0.00 %),0,0,0,0,23766670,19.77
23/10/2014,0,0,29.8(2.76 %),0,0,0,0,23766670,19.77
24/10/2014,0,0,28.5(-4.36 %),0,0,0,0,23766670,19.77
27/10/2014,0,0,27.3(-4.21 %),0,0,0,0,23766670,19.77
29/10/2014,830,23323000,28.7(0.70 %),830,23323000,0,0,23765840,19.77
30/10/2014,0,0,28.4(-1.05 %),0,0,0,0,23765840,19.77
31/10/2014,1000,27200000,28.3(-0.35 %),1000,27200000,0,0,23764840,19.77
03/11/2014,-13600,-367167000,28.6(1.06 %),1400,39168000,15000,406335000,23763440,19.77
04/11/2014,0,0,28.6(0.00 %),0,0,0,0,23763440,19.77
05/11/2014,0,0,28.6(0.00 %),0,0,0,0,23763440,19.77
06/11/2014,0,0,28(-2.10 %),0,0,0,0,23763440,19.77
07/11/2014,0,0,27.4(-2.14 %),0,0,0,0,23763440,19.77
10/11/2014,0,0,28.3(3.28 %),0,0,0,0,23763440,19.77
11/11/2014,-10,-278000,27.8(-1.77 %),0,0,10,278000,23763450,19.77
12/11/2014,0,0,27.5(-1.08 %),0,0,0,0,23763450,19.77
13/11/2014,-4640,-126774000,27.3(-0.73 %),0,0,4640,126774000,23768090,19.76
14/11/2014,-820,-22386000,27.3(0.00 %),0,0,820,22386000,23768910,19.76
17/11/2014,0,0,27.3(0.00 %),0,0,0,0,23768910,19.76
18/11/2014,0,0,27(-1.10 %),0,0,0,0,23768910,19.76
19/11/2014,0,0,27(0.00 %),0,0,0,0,23768910,19.76
20/11/2014,0,0,27(0.00 %),0,0,0,0,23783910,0.0
21/11/2014,0,0,27(0.00 %),0,0,0,0,23783910,0.0
24/11/2014,0,0,27(0.00 %),0,0,0,0,23783910,0.0
25/11/2014,0,0,27(0.00 %),0,0,0,0,23783910,0.0
26/11/2014,0,0,28.2(4.44 %),455340,11474570000,455340,11474570000,23783910,0.0
27/11/2014,0,0,28.1(-0.35 %),0,0,0,0,23783910,0.0
28/11/2014,0,0,27.5(-2.14 %),0,0,0,0,23783910,0.0
01/12/2014,0,0,26.5(-3.64 %),0,0,0,0,23783910,0.0
02/12/2014,0,0,27(1.89 %),0,0,0,0,23783910,0.0
03/12/2014,0,0,27.6(2.22 %),0,0,0,0,23783910,0.0
04/12/2014,0,0,27.5(-0.36 %),0,0,0,0,23783910,0.0
05/12/2014,0,0,27(-1.82 %),0,0,0,0,23783910,0.0
08/12/2014,-3000,-81000000,27(0.00 %),0,0,3000,81000000,23783910,0.0
09/12/2014,0,0,27(0.00 %),0,0,0,0,23783910,0.0
10/12/2014,0,0,26.9(-0.37 %),0,0,0,0,23783910,0.0
11/12/2014,0,0,26.9(0.00 %),0,0,0,0,23783910,0.0
12/12/2014,0,0,26.9(0.00 %),0,0,0,0,23783910,19.75
15/12/2014,0,0,26.9(0.00 %),0,0,0,0,23786910,0.0
16/12/2014,-740,-19460000,26.5(-1.49 %),0,0,740,19460000,23786910,0.0
17/12/2014,0,0,25.9(-2.26 %),0,0,0,0,23786910,0.0
18/12/2014,0,0,25.9(0.00 %),0,0,0,0,23786910,0.0
19/12/2014,0,0,24.1(-6.95 %),0,0,0,0,23786910,0.0
22/12/2014,0,0,24.1(0.00 %),0,0,0,0,23786910,19.74
23/12/2014,-8700,-210680000,25.7(6.64 %),0,0,8700,210680000,23787650,0.0
24/12/2014,-1600,-41140000,25.9(0.78 %),0,0,1600,41140000,23787650,0.0
25/12/2014,-7010,-172890000,25(-3.47 %),0,0,7010,172890000,23787650,0.0
26/12/2014,-1690,-42250000,25.5(2.00 %),0,0,1690,42250000,23789340,19.74
29/12/2014,-1000,-25500000,27(5.88 %),0,0,1000,25500000,23790340,19.74
30/12/2014,0,0,25.2(-6.67 %),0,0,0,0,23790340,19.74
31/12/2014,-5000,-127800000,26.8(6.35 %),0,0,5000,127800000,23795340,19.73
05/01/2015,-10,-269000,26.9(0.37 %),0,0,10,269000,23806650,19.72
06/01/2015,-620,-15919000,25.5(-5.20 %),1000,25800000,1620,41719000,23807270,19.72
07/01/2015,-3070,-78313000,25.9(1.57 %),0,0,3070,78313000,23810340,19.71
08/01/2015,-1000,-25105000,25(-3.47 %),0,0,1000,25105000,23811340,19.71
09/01/2015,-1000,-25000000,25(0.00 %),0,0,1000,25000000,23812340,19.71
12/01/2015,-5010,-125255000,25.5(2.00 %),0,0,5010,125255000,23817350,19.7
13/01/2015,0,0,25.5(0.00 %),0,0,0,0,23817350,19.7
14/01/2015,0,0,25(-1.96 %),0,0,0,0,23817350,19.7
15/01/2015,-5400,-136360000,25(0.00 %),0,0,5400,136360000,23822750,19.7
16/01/2015,0,0,25(0.00 %),0,0,0,0,23822750,19.7
19/01/2015,5560,144560000,26(4.00 %),6000,156000000,440,11440000,23817190,19.7
20/01/2015,-1500,-39000000,24.4(-6.15 %),0,0,1500,39000000,23818690,19.7
21/01/2015,-1050,-26260000,24.6(0.82 %),0,0,1050,26260000,23819740,19.7
22/01/2015,-1640,-41000000,24.6(0.00 %),0,0,1640,41000000,23821380,19.7
23/01/2015,-2050,-51275000,25.5(3.66 %),0,0,2050,51275000,23823430,19.7
26/01/2015,-2600,-66300000,25.5(0.00 %),0,0,2600,66300000,23826030,19.69
27/01/2015,1590,40541000,25.9(1.57 %),1600,40800000,10,259000,23824440,19.7
28/01/2015,1600,40480000,26.5(2.32 %),1600,40480000,0,0,23822840,19.7
29/01/2015,1600,40000000,25(-5.66 %),1600,40000000,0,0,23821240,19.7
30/01/2015,-3700,-92500000,25(0.00 %),3300,82500000,7000,175000000,23824940,19.7
02/02/2015,3030,75750000,25.2(0.80 %),3030,75750000,0,0,23820920,19.7
03/02/2015,-14760,-352501000,23.6(-6.35 %),3800,94060000,18560,446561000,23835680,19.68
04/02/2015,-18930,-444791000,23(-2.54 %),11630,275190000,30560,719981000,23854610,19.66
05/02/2015,-23780,-535440000,23(0.00 %),3600,82800000,27380,618240000,23878390,19.63
06/02/2015,-16400,-360733000,21.6(-6.09 %),6600,150360000,23000,511093000,23894790,19.61
09/02/2015,-11920,-253107000,21.7(0.46 %),8080,180193000,20000,433300000,23906710,19.59
10/02/2015,-28000,-583459000,20.6(-5.07 %),2000,43000000,30000,626459000,23934710,19.56
11/02/2015,-20000,-413723000,20.6(0.00 %),0,0,20000,413723000,23954710,19.54
12/02/2015,-30000,-621508000,20.6(0.00 %),0,0,30000,621508000,23984710,19.5
13/02/2015,0,0,21.1(2.43 %),0,0,0,0,23984710,19.5
24/02/2015,0,0,21.7(2.84 %),381680,8053448000,381680,8053448000,23984710,19.5
25/02/2015,0,0,21.6(-0.46 %),0,0,0,0,23984710,19.5
26/02/2015,-1580,-34208000,22.6(4.63 %),0,0,1580,34208000,23986290,19.5
27/02/2015,0,0,21.6(-4.42 %),0,0,0,0,23986290,19.5
02/03/2015,-4050,-89000000,22.1(2.31 %),0,0,4050,89000000,23991710,19.49
03/03/2015,0,0,22.4(1.36 %),0,0,0,0,23991710,19.49
04/03/2015,-1000,-22500000,22.5(0.45 %),0,0,1000,22500000,23992710,19.49
05/03/2015,-21160,-476700000,22.5(0.00 %),1150,25875000,22310,502575000,24013870,19.46
06/03/2015,-40540,-914604000,22.5(0.00 %),0,0,40540,914604000,24054410,19.41
09/03/2015,-12290,-278620000,22.6(0.44 %),30,684000,12320,279304000,24066700,19.4
10/03/2015,-74940,-1700933000,22.7(0.44 %),0,0,74940,1700933000,24141640,19.31
11/03/2015,-25350,-570933000,22.7(0.00 %),0,0,25350,570933000,24166990,19.27
12/03/2015,-18100,-407755000,22.7(0.00 %),0,0,18100,407755000,24185090,19.25
13/03/2015,-8850,-199131000,22.5(-0.88 %),1150,25990000,10000,225121000,24193940,19.24
16/03/2015,-17010,-383626000,22.4(-0.44 %),0,0,17010,383626000,24210950,19.22
17/03/2015,-10000,-225000000,22.4(0.00 %),1400,31640000,11400,256640000,24220950,19.21
18/03/2015,-4410,-97082000,22.2(-0.89 %),3500,78480000,7910,175562000,24225360,19.2
19/03/2015,-16810,-372441000,22.1(-0.45 %),0,0,16810,372441000,24242170,19.18
20/03/2015,0,0,22.1(0.00 %),0,0,0,0,24242170,19.18
23/03/2015,1000,22614000,22.1(0.00 %),1000,22614000,0,0,24241170,19.18
24/03/2015,0,0,21(-4.98 %),0,0,0,0,24241170,19.18
25/03/2015,0,0,21.5(2.38 %),0,0,0,0,24241170,19.18
26/03/2015,0,0,22.9(6.51 %),0,0,0,0,24241170,19.18
27/03/2015,10,229000,22.5(-1.75 %),200,4580000,190,4351000,24241160,19.18
30/03/2015,-17440,-371226000,21.4(-4.89 %),1900,42750000,19340,413976000,24258600,19.16
31/03/2015,-1600,-35200000,21(-1.87 %),0,0,1600,35200000,24260200,19.16
01/04/2015,-4000,-84600000,21.3(1.43 %),0,0,4000,84600000,24266640,19.15
02/04/2015,-7990,-170187000,21.3(0.00 %),0,0,7990,170187000,24274630,19.14
03/04/2015,-200,-4260000,21(-1.41 %),100,2100000,300,6360000,24274830,19.14
06/04/2015,280,7460000,20.9(-0.48 %),4000,86980000,3720,79520000,24274550,19.14
07/04/2015,-4250,-88825000,20.9(0.00 %),0,0,4250,88825000,24278800,19.14
08/04/2015,-7430,-155568000,21(0.48 %),2000,42590000,9430,198158000,24286230,19.13
09/04/2015,-7600,-160980000,21.2(0.95 %),8000,169740000,15600,330720000,24293830,19.12
10/04/2015,-10340,-219208000,21.2(0.00 %),0,0,10340,219208000,24304170,19.11
13/04/2015,-9600,-203520000,21.2(0.00 %),13000,276220000,22600,479740000,24313770,19.09
14/04/2015,-240,-5088000,21.2(0.00 %),0,0,240,5088000,24314010,19.09
15/04/2015,-7190,-152428000,21.5(1.42 %),1000,21200000,8190,173628000,24321200,19.08
16/04/2015,-9000,-190486000,21.2(-1.40 %),1000,21514000,10000,212000000,24330200,19.07
17/04/2015,-55440,-1169328000,21(-0.94 %),0,0,55440,1169328000,24385640,19.01
20/04/2015,0,0,21.1(0.48 %),0,0,0,0,24385640,19.01
21/04/2015,1840,39151000,21.3(0.95 %),3030,64736000,1190,25585000,24383800,19.01
22/04/2015,0,0,21.8(2.35 %),0,0,0,0,24383800,19.01
23/04/2015,0,0,21.7(-0.46 %),0,0,0,0,24383800,19.01
24/04/2015,-460,-9767000,21.2(-2.30 %),0,0,460,9767000,24384260,19.01
27/04/2015,2900,63510000,22.1(4.25 %),2900,63510000,0,0,24381360,19.01
04/05/2015,0,0,21.5(-2.71 %),0,0,0,0,24406030,18.98
05/05/2015,0,0,22.4(4.19 %),0,0,0,0,24406030,18.98
06/05/2015,0,0,20.5(0.49 %),0,0,0,0,24406030,19.66
07/05/2015,1000,20608000,19.8(-3.41 %),1000,20608000,0,0,24405030,19.66
08/05/2015,10000,204950000,20.8(5.05 %),10000,204950000,0,0,24395030,19.67
11/05/2015,0,0,20(-3.85 %),0,0,0,0,24395030,19.67
12/05/2015,0,0,20(0.00 %),0,0,0,0,24395030,19.67
13/05/2015,0,0,19.6(-2.00 %),0,0,0,0,24395030,19.67
14/05/2015,0,0,20(2.04 %),0,0,0,0,24395030,19.67
15/05/2015,0,0,19.4(-3.00 %),0,0,0,0,24395030,19.67
18/05/2015,0,0,19.1(-1.55 %),0,0,0,0,24395030,19.67
19/05/2015,0,0,19.2(0.52 %),0,0,0,0,24395030,19.67
20/05/2015,0,0,19.3(0.52 %),0,0,0,0,24395030,19.67
21/05/2015,0,0,19.3(0.00 %),0,0,0,0,24395030,19.67
22/05/2015,0,0,19.3(0.00 %),1699390,30589020000,1699390,30589020000,24395030,19.67
25/05/2015,0,0,19.1(-1.04 %),0,0,0,0,24395030,19.67
26/05/2015,1000,19681000,19.6(2.62 %),1000,19681000,0,0,24394030,19.68
27/05/2015,9000,183956000,20.9(6.63 %),9000,183956000,0,0,24385030,19.69
28/05/2015,0,0,20.2(-3.35 %),0,0,0,0,24385030,19.69
29/05/2015,0,0,20.6(1.98 %),0,0,0,0,24385030,19.69
01/06/2015,-10,-206000,20.6(0.00 %),0,0,10,206000,24385490,19.69
02/06/2015,0,0,20(-2.91 %),0,0,0,0,24385490,19.69
03/06/2015,0,0,20(0.00 %),0,0,0,0,24385490,19.69
04/06/2015,0,0,20.3(1.50 %),0,0,0,0,24385490,19.69
05/06/2015,0,0,20.5(0.99 %),0,0,0,0,24385490,19.69
08/06/2015,-10000,-206000000,20.5(0.00 %),0,0,10000,206000000,24395490,19.67
09/06/2015,0,0,20.1(-1.95 %),0,0,0,0,24395490,19.67
10/06/2015,2190,42120000,20.6(2.49 %),4990,99800000,2800,57680000,24393300,19.68
11/06/2015,-20100,-415120000,20.3(-1.46 %),0,0,20100,415120000,24413400,19.65
12/06/2015,-23060,-473812000,20.2(-0.49 %),0,0,23060,473812000,24436460,19.62
15/06/2015,0,0,20.2(0.00 %),0,0,0,0,24436460,19.62
16/06/2015,-200,-4040000,20(-0.99 %),0,0,200,4040000,24436660,19.62
17/06/2015,-700,-14000000,20(0.00 %),0,0,700,14000000,24437360,19.62
18/06/2015,-1160,-23200000,20(0.00 %),200,4000000,1360,27200000,24438520,19.62
19/06/2015,0,0,19.9(-0.50 %),0,0,0,0,24438520,19.62
22/06/2015,0,0,20(0.50 %),0,0,0,0,24438520,19.62
23/06/2015,-9330,-186600000,20(0.00 %),0,0,9330,186600000,24447850,19.61
24/06/2015,-13490,-269800000,20(0.00 %),0,0,13490,269800000,24461340,19.59
25/06/2015,-30040,-600800000,19.8(-1.00 %),0,0,30040,600800000,24491380,19.55
26/06/2015,-10000,-200000000,20(1.01 %),10000,200000000,20000,400000000,24501380,19.54
29/06/2015,-10150,-202885000,19.9(-0.50 %),0,0,10150,202885000,24511530,19.53
30/06/2015,2000,39849000,20(0.50 %),2000,39849000,0,0,24509530,19.53
01/07/2015,0,0,19.8(-1.00 %),0,0,0,0,24479390,19.57
02/07/2015,0,0,20(1.01 %),0,0,0,0,24479390,18.89
03/07/2015,-1530,-30600000,20(0.00 %),0,0,1530,30600000,24480920,18.89
06/07/2015,0,0,20(0.00 %),0,0,0,0,24480920,18.89
07/07/2015,0,0,20(0.00 %),0,0,0,0,24480920,18.89
08/07/2015,0,0,19.9(-0.50 %),0,0,0,0,24480920,18.89
09/07/2015,0,0,19.7(-1.01 %),0,0,0,0,24480920,18.89
10/07/2015,0,0,19.9(1.02 %),0,0,0,0,24480920,18.89
13/07/2015,6600,139148000,21.1(6.03 %),6600,139148000,0,0,24474320,18.9
14/07/2015,0,0,20.4(-3.32 %),0,0,0,0,24474320,18.9
15/07/2015,4600,97753000,21.2(3.92 %),5000,105923000,400,8170000,24469720,18.9
16/07/2015,-28120,-563816000,20.1(-5.19 %),10000,201000000,38120,764816000,24497840,18.87
17/07/2015,-45000,-914114000,20(-0.50 %),5000,101100000,50000,1015214000,24542840,18.81
20/07/2015,-6090,-121645000,19.8(-1.00 %),31800,646150000,37890,767795000,24548930,18.8
21/07/2015,-2200,-44300000,19.8(0.00 %),5000,99700000,7200,144000000,24551130,18.8
22/07/2015,2500,49550000,20(1.01 %),15500,309800000,13000,260250000,24548630,18.8
23/07/2015,-300,-5970000,19.9(-0.50 %),0,0,300,5970000,24548930,18.8
24/07/2015,4700,93530000,19.9(0.00 %),5000,99500000,300,5970000,24544230,18.81
27/07/2015,-1530,-31056000,20.2(1.51 %),570,11343000,2100,42399000,24545760,18.81
28/07/2015,-1570,-30686000,19.6(-2.97 %),430,8514000,2000,39200000,24547330,18.81
29/07/2015,0,0,19.8(1.02 %),0,0,0,0,24547330,18.81
30/07/2015,0,0,19.4(-2.02 %),0,0,0,0,24547330,18.81
31/07/2015,0,0,19.4(0.00 %),0,0,0,0,24547330,18.81
03/08/2015,-200,-3880000,19.5(0.52 %),0,0,200,3880000,24577480,18.77
04/08/2015,-2500,-48450000,19.8(1.54 %),0,0,2500,48450000,24579980,18.77
05/08/2015,0,0,19.3(-2.53 %),0,0,0,0,24579980,18.77
06/08/2015,0,0,19.2(-0.52 %),0,0,0,0,24579980,18.77
07/08/2015,0,0,19.5(1.56 %),0,0,0,0,24579980,18.77
10/08/2015,-17560,-339620000,19.3(-1.03 %),0,0,17560,339620000,24597540,18.74
11/08/2015,0,0,19.4(0.52 %),0,0,0,0,24597540,18.74
12/08/2015,0,0,19.4(0.00 %),0,0,0,0,24597540,18.74
13/08/2015,200,3800000,19(-2.06 %),200,3800000,0,0,24597340,18.74
14/08/2015,0,0,19(0.00 %),0,0,0,0,24597340,18.74
17/08/2015,-500,-9500000,19(0.00 %),0,0,500,9500000,24597840,18.74
18/08/2015,0,0,19.5(2.63 %),0,0,0,0,24597840,18.74
19/08/2015,100,1900000,19(-2.56 %),100,1900000,0,0,24597740,18.74
20/08/2015,0,0,18.8(-1.05 %),0,0,0,0,24597740,18.74
21/08/2015,0,0,18.3(-2.66 %),0,0,0,0,24597740,18.74
24/08/2015,-300,-5460000,17.8(-2.73 %),0,0,300,5460000,24598040,18.74
25/08/2015,0,0,17.8(0.00 %),0,0,0,0,24598040,18.74
26/08/2015,10,180000,17.8(0.00 %),10,180000,0,0,24598030,18.74
27/08/2015,-24770,-437740000,17.4(-2.25 %),2000,35540000,26770,473280000,24622800,18.71
28/08/2015,990,17330000,17.5(0.57 %),990,17330000,0,0,24621810,18.71
31/08/2015,10,180000,17.5(0.00 %),10,180000,0,0,24621800,18.71
01/09/2015,0,0,17.6(0.57 %),0,0,0,0,24595230,18.75
03/09/2015,0,0,17.6(0.00 %),0,0,0,0,24595230,18.75
04/09/2015,10,180000,17.7(0.57 %),10,180000,0,0,24595220,18.75
07/09/2015,-1570,-27210000,17.4(-1.69 %),430,7570000,2000,34780000,24596790,18.75
08/09/2015,0,0,17.4(0.00 %),0,0,0,0,24596790,18.75
09/09/2015,0,0,18.3(5.17 %),0,0,0,0,24596790,18.75
10/09/2015,0,0,18(-1.64 %),0,0,0,0,24596790,18.75
11/09/2015,2100,39890000,18(0.00 %),2100,39890000,0,0,24594690,18.75
14/09/2015,0,0,17.5(-2.78 %),0,0,0,0,24594690,18.75
15/09/2015,0,0,17.6(0.57 %),0,0,0,0,24594690,18.75
16/09/2015,0,0,17.2(-2.27 %),0,0,0,0,24594690,18.75
17/09/2015,0,0,17.5(1.74 %),0,0,0,0,24594690,18.75
18/09/2015,0,0,17.5(0.00 %),0,0,0,0,24594690,18.75
21/09/2015,0,0,17.6(0.57 %),0,0,0,0,24594690,18.75
22/09/2015,0,0,17.8(1.14 %),0,0,0,0,24594690,18.75
23/09/2015,10,180000,17.8(0.00 %),10,180000,0,0,24594680,18.75
24/09/2015,570,10150000,17.8(0.00 %),570,10150000,0,0,24594110,18.75
25/09/2015,900,16020000,18(1.12 %),900,16020000,0,0,24593210,18.75
28/09/2015,0,0,18(0.00 %),0,0,0,0,24593210,18.75
29/09/2015,-2500,-44030000,18(0.00 %),0,0,2500,44030000,24595710,18.75
30/09/2015,0,0,18.2(1.11 %),0,0,0,0,24595710,18.75
01/10/2015,0,0,18.2(0.00 %),0,0,0,0,24619980,18.72
02/10/2015,-5670,-104900000,18.5(1.65 %),0,0,5670,104900000,24625650,18.71
05/10/2015,0,0,18.9(2.16 %),0,0,0,0,24625650,18.71
06/10/2015,1800,34580000,18.4(-2.65 %),2000,38400000,200,3820000,24623850,18.71
07/10/2015,0,0,18.5(0.54 %),0,0,0,0,24623850,18.71
08/10/2015,0,0,18.3(-1.08 %),0,0,0,0,24623850,18.71
09/10/2015,0,0,18.3(0.00 %),0,0,0,0,24623850,18.71
12/10/2015,0,0,19.3(5.46 %),0,0,0,0,24623850,18.71
13/10/2015,-540200,-9813580000,18.3(-5.18 %),1000,18300000,541200,9831880000,25164050,18.05
14/10/2015,-144030,-2606940000,18.1(-1.09 %),2000,36200000,146030,2643140000,25308080,17.87
15/10/2015,-226160,-4061360000,17.8(-1.66 %),0,0,226160,4061360000,25534240,17.59
16/10/2015,-159430,-2837680000,17.8(0.00 %),570,10370000,160000,2848050000,25693670,17.4
19/10/2015,0,0,18.2(2.25 %),0,0,0,0,25693670,17.4
20/10/2015,-30,-540000,17.9(-1.65 %),0,0,30,540000,25693700,17.4
21/10/2015,0,0,17.9(0.00 %),0,0,0,0,25693700,17.4
22/10/2015,0,0,17.9(0.00 %),0,0,0,0,25693700,17.4
23/10/2015,-50000,-900000000,18(0.56 %),0,0,50000,900000000,25743700,17.33
26/10/2015,0,0,17.9(-0.56 %),0,0,0,0,25743700,17.33
27/10/2015,50,900000,18(0.56 %),50,900000,0,0,25743650,17.33
28/10/2015,50,940000,17.9(-0.56 %),50,940000,0,0,25743600,17.34
29/10/2015,-70140,-1276060000,18.3(2.23 %),50,920000,70190,1276980000,25813740,17.25
30/10/2015,-60500,-1108200000,18.3(0.00 %),0,0,60500,1108200000,25874240,17.17
02/11/2015,50,920000,18.3(0.00 %),50,920000,0,0,25746000,17.33
03/11/2015,0,0,18.3(0.00 %),0,0,0,0,25746000,17.33
04/11/2015,-79000,-1443700000,18.3(0.00 %),1000,18300000,80000,1462000000,25825000,17.23
05/11/2015,-40950,-749960000,18.3(0.00 %),0,0,40950,749960000,25865950,17.18
06/11/2015,0,0,18.1(-1.09 %),0,0,0,0,25865950,17.18
09/11/2015,0,0,18.1(0.00 %),0,0,0,0,25865950,17.18
10/11/2015,0,0,18.2(0.55 %),0,0,0,0,25865950,17.18
11/11/2015,0,0,18.2(0.00 %),0,0,0,0,25865950,17.18
12/11/2015,-40000,-732000000,18.3(0.55 %),0,0,40000,732000000,25905950,17.14
13/11/2015,0,0,18.4(0.55 %),0,0,0,0,25905950,17.14
16/11/2015,0,0,18.4(0.00 %),0,0,0,0,25905950,17.14
17/11/2015,0,0,18.4(0.00 %),0,0,0,0,25905950,17.14
18/11/2015,0,0,18.1(-1.63 %),0,0,0,0,25905950,17.14
19/11/2015,0,0,18(-0.55 %),0,0,0,0,25905950,17.14
20/11/2015,0,0,18(0.00 %),0,0,0,0,25905950,17.14
23/11/2015,0,0,18(0.00 %),0,0,0,0,25905950,17.14
24/11/2015,0,0,18(0.00 %),0,0,0,0,26036640,16.97
25/11/2015,0,0,18.1(0.56 %),0,0,0,0,26036640,16.97
26/11/2015,0,0,18.1(0.00 %),0,0,0,0,26036640,16.97
27/11/2015,0,0,18.1(0.00 %),0,0,0,0,26036640,16.97
30/11/2015,0,0,18.2(0.55 %),0,0,0,0,26036640,16.97
01/12/2015,0,0,18.2(0.00 %),0,0,0,0,26036640,16.97
02/12/2015,0,0,18.2(0.00 %),0,0,0,0,26036640,16.97
03/12/2015,0,0,19(4.40 %),0,0,0,0,26036640,16.97
04/12/2015,10,190000,18.1(-4.74 %),10,190000,0,0,26036630,16.97
07/12/2015,-11800,-219080000,18.4(1.66 %),10000,188850000,21800,407930000,26026630,16.99
08/12/2015,-2004700,-36086890000,18.5(0.54 %),8000,149240000,2012700,36236130000,26018630,17.0
09/12/2015,0,0,18.3(-1.08 %),0,0,0,0,26018630,17.0
10/12/2015,-11300,-204170000,18(-1.64 %),2000,36000000,13300,240170000,26016630,17.0
11/12/2015,0,0,18.5(2.78 %),0,0,0,0,26038430,16.97
14/12/2015,0,0,18.1(-2.16 %),0,0,0,0,28051130,14.5
15/12/2015,0,0,18.1(0.00 %),0,0,0,0,28051130,14.5
16/12/2015,-9200,-162200000,18.1(0.00 %),10800,199800000,20000,362000000,28053630,14.49
17/12/2015,0,0,18.1(0.00 %),0,0,0,0,28053630,14.49
18/12/2015,-11300,-204560000,18.1(0.00 %),0,0,11300,204560000,28053630,14.49
21/12/2015,0,0,16.9(1.81 %),0,0,0,0,28053630,14.49
22/12/2015,-17910,-298110000,16.2(-4.14 %),0,0,17910,298110000,28073630,14.47
23/12/2015,0,0,17.1(5.56 %),0,0,0,0,28073630,14.47
24/12/2015,210,3590000,16.5(-3.51 %),210,3590000,0,0,28084720,14.46
25/12/2015,90,1520000,16.5(0.00 %),90,1520000,0,0,28084630,14.46
28/12/2015,0,0,16.8(1.82 %),0,0,0,0,28102540,14.43
29/12/2015,0,0,16.3(-2.98 %),0,0,0,0,28102540,14.43
30/12/2015,-1680,-27210000,16.7(2.45 %),0,0,1680,27210000,28102540,14.43
31/12/2015,0,0,16.3(-2.40 %),0,0,0,0,28102540,14.43
04/01/2016,-500,-8150000,16.3(0.00 %),0,0,500,8150000,28102540,14.43
05/01/2016,0,0,16.4(0.61 %),0,0,0,0,28102540,14.43
06/01/2016,0,0,16.3(-0.61 %),0,0,0,0,28104220,14.43
07/01/2016,0,0,16.3(0.00 %),0,0,0,0,28104720,14.43
08/01/2016,0,0,16.3(0.00 %),0,0,0,0,28104720,14.43
11/01/2016,0,0,16.2(-0.61 %),0,0,0,0,28104720,14.43
12/01/2016,0,0,16.1(-0.62 %),0,0,0,0,28104720,14.43
13/01/2016,0,0,16.1(0.00 %),0,0,0,0,28104720,14.43
14/01/2016,0,0,16(-0.62 %),0,0,0,0,28104720,14.43
15/01/2016,0,0,15.8(-1.25 %),0,0,0,0,28104720,14.43
18/01/2016,50,780000,15.6(-1.27 %),50,780000,0,0,28104670,14.43
19/01/2016,-1300,-20800000,15.5(-0.64 %),0,0,1300,20800000,28104670,14.43
20/01/2016,-4000,-61600000,15.4(-0.65 %),0,0,4000,61600000,28104670,14.43
21/01/2016,0,0,16(3.90 %),0,0,0,0,28104670,14.43
22/01/2016,-2000,-30000000,15.1(-5.62 %),0,0,2000,30000000,28105970,14.43
25/01/2016,0,0,15.2(0.66 %),0,0,0,0,28109970,14.42
26/01/2016,0,0,15.1(-0.66 %),0,0,0,0,28109970,14.42
27/01/2016,0,0,15.2(0.66 %),0,0,0,0,28111970,14.42
28/01/2016,0,0,15.2(0.00 %),0,0,0,0,28111970,14.42
29/01/2016,0,0,15.9(4.61 %),0,0,0,0,28111970,14.42
01/02/2016,0,0,15.8(-0.63 %),0,0,0,0,28111970,14.42
02/02/2016,0,0,15.8(0.00 %),0,0,0,0,28111970,14.42
03/02/2016,0,0,15.4(-2.53 %),0,0,0,0,28111970,14.42
04/02/2016,-620,-9580000,15.3(-0.65 %),4000,61600000,4620,71180000,28107970,14.43
05/02/2016,-100,-1550000,15.5(1.31 %),4000,62000000,4100,63550000,28103970,14.43
15/02/2016,0,0,15.3(-1.29 %),0,0,0,0,28103970,14.43
16/02/2016,0,0,15.3(0.00 %),0,0,0,0,28108590,14.43
17/02/2016,4600,70060000,15.3(0.00 %),4600,70060000,0,0,28108090,14.43
18/02/2016,0,0,15.6(1.96 %),0,0,0,0,28108090,14.43
19/02/2016,0,0,15.7(0.64 %),0,0,0,0,28108090,14.43
22/02/2016,0,0,15.3(-2.55 %),0,0,0,0,28108090,14.43
23/02/2016,0,0,15.9(3.92 %),0,0,0,0,28108090,14.43
24/02/2016,-1630,-25230000,15.3(-3.77 %),3220,49270000,4850,74500000,28104870,14.43
25/02/2016,0,0,15.3(0.00 %),0,0,0,0,28104870,14.43
26/02/2016,-5320,-84590000,15.9(3.92 %),0,0,5320,84590000,28104870,14.43
29/02/2016,0,0,16(0.63 %),0,0,0,0,28109720,14.42
01/03/2016,-25100,-401970000,16(0.00 %),0,0,25100,401970000,28109720,14.42
02/03/2016,0,0,16.6(3.75 %),0,0,0,0,28115040,14.42
03/03/2016,0,0,16.8(1.20 %),0,0,0,0,28115040,14.42
04/03/2016,-264860,-4740990000,17.9(6.55 %),0,0,264860,4740990000,28140140,14.39
07/03/2016,-7890,-150710000,19.1(6.70 %),110,2090000,8000,152800000,28140030,14.39
08/03/2016,-63170,-1286670000,20.4(6.81 %),0,0,63170,1286670000,28140030,14.39
09/03/2016,-5280,-105600000,19.2(-5.88 %),0,0,5280,105600000,28404890,14.06
10/03/2016,-318490,-6464280000,20(4.17 %),0,0,318490,6464280000,28412890,14.05
11/03/2016,-36000,-716100000,20(0.00 %),0,0,36000,716100000,28476060,13.97
14/03/2016,-24760,-481790000,19.6(-2.00 %),0,0,24760,481790000,28481340,13.97
15/03/2016,-25270,-475330000,18.6(-5.10 %),0,0,25270,475330000,28799830,13.58
16/03/2016,-14000,-256250000,18.4(-1.08 %),1000,18300000,15000,274550000,28834830,13.53
17/03/2016,-168170,-3203320000,19(3.26 %),0,0,168170,3203320000,28859590,13.5
18/03/2016,-100160,-1912720000,19(0.00 %),0,0,100160,1912720000,28884860,13.47
21/03/2016,-8840,-164620000,18.6(-2.11 %),0,0,8840,164620000,28899860,13.45
22/03/2016,0,0,19.1(2.69 %),0,0,0,0,29068030,13.25
23/03/2016,0,0,18.6(-2.62 %),0,0,0,0,29168190,13.12
24/03/2016,0,0,18.4(-1.08 %),0,0,0,0,29177030,13.11
25/03/2016,-1000,-18000000,18.4(0.00 %),0,0,1000,18000000,29177030,13.11
28/03/2016,0,0,18.5(0.54 %),0,0,0,0,29177030,13.11
29/03/2016,0,0,18.4(-0.54 %),0,0,0,0,29177030,13.11
30/03/2016,0,0,18.3(-0.54 %),0,0,0,0,29178030,13.11
31/03/2016,0,0,17.1(-6.56 %),0,0,0,0,29178030,13.11
01/04/2016,1200,21860000,16.6(-2.92 %),10200,171880000,9000,150020000,29167830,13.12
04/04/2016,0,0,16.5(-0.60 %),0,0,0,0,29167830,13.12
05/04/2016,0,0,16.8(1.82 %),0,0,0,0,29167830,13.12
06/04/2016,0,0,17(1.19 %),0,0,0,0,29176830,13.11
07/04/2016,250,4330000,17(0.00 %),250,4330000,0,0,29176580,13.11
08/04/2016,1000,16700000,16.9(-0.59 %),1000,16700000,0,0,29175580,13.11
11/04/2016,-1000,-17600000,18(6.51 %),0,0,1000,17600000,29175580,13.11
12/04/2016,-377510,-7227510000,19(5.56 %),0,0,377510,7227510000,29175580,13.11
13/04/2016,-272490,-5284970000,19.3(1.58 %),0,0,272490,5284970000,29175580,13.11
14/04/2016,-42020,-789110000,18.6(-3.63 %),3000,56100000,45020,845210000,29173580,13.12
15/04/2016,-4460,-83850000,18.6(0.00 %),0,0,4460,83850000,29551090,12.65
19/04/2016,0,0,18.1(-2.69 %),0,0,0,0,29823580,12.32
20/04/2016,0,0,18.1(0.00 %),0,0,0,0,29868600,12.26
21/04/2016,-155920,-2935120000,18.8(3.87 %),0,0,155920,2935120000,29873060,12.26
22/04/2016,-1290,-25580000,18.8(0.00 %),3000,55500000,4290,81080000,29870060,12.26
25/04/2016,-98670,-1875600000,19.1(1.60 %),0,0,98670,1875600000,29870060,12.26
26/04/2016,-478000,-9391520000,19.8(3.66 %),2000,38400000,480000,9429920000,30023980,12.07
27/04/2016,-458150,-9250680000,19.8(0.00 %),0,0,458150,9250680000,30028270,12.06
28/04/2016,-101470,-2020080000,19.6(-1.01 %),0,0,101470,2020080000,30126940,11.94
29/04/2016,-4240,-83130000,19.6(0.00 %),0,0,4240,83130000,30606940,11.35
04/05/2016,1000,18700000,18.7(-4.59 %),1000,18700000,0,0,31064090,10.79
05/05/2016,18000,327210000,19.4(3.74 %),38000,706800000,20000,379590000,31127560,10.71
06/05/2016,-7500,-143250000,18.9(-2.58 %),0,0,7500,143250000,31131800,10.71
09/05/2016,1850,34780000,18.3(-3.17 %),1850,34780000,0,0,31129950,10.71
10/05/2016,0,0,18.2(-0.55 %),0,0,0,0,31149950,10.69
11/05/2016,53000,994540000,19(4.40 %),53000,994540000,0,0,31104450,10.74
12/05/2016,1250,23250000,18.6(-2.11 %),1250,23250000,0,0,31103200,10.74
13/05/2016,6000,107150000,17.6(-5.38 %),6000,107150000,0,0,31097200,10.75
16/05/2016,9000,162900000,18.2(3.41 %),14000,253400000,5000,90500000,31083200,10.77
17/05/2016,2000,36500000,18.5(1.65 %),2000,36500000,0,0,31081200,10.77
18/05/2016,0,0,18.6(0.54 %),0,0,0,0,31081200,10.77
19/05/2016,98210,1801740000,18.5(-0.54 %),103210,1894240000,5000,92500000,30982990,10.89
20/05/2016,100000,1860210000,18.9(2.16 %),100000,1860210000,0,0,30882990,11.01
23/05/2016,33790,633810000,18.6(-1.59 %),50000,941800000,16210,307990000,30832990,11.08
24/05/2016,51070,952180000,18.8(1.08 %),51070,952180000,0,0,30786920,11.13
25/05/2016,70000,1311100000,18.6(-1.06 %),70000,1311100000,0,0,30716920,11.22
26/05/2016,100800,1883570000,18.7(0.54 %),100800,1883570000,0,0,30632330,11.32
27/05/2016,0,0,18.7(0.00 %),0,0,0,0,30632330,11.32
30/05/2016,100000,1863500000,18.7(0.00 %),100000,1863500000,0,0,30532330,11.44
31/05/2016,113210,2121832000,19.3(3.21 %),123210,2309832000,10000,188000000,30419120,11.58
01/06/2016,0,0,19(-1.55 %),0,0,0,0,30409120,11.6
02/06/2016,1000,19100000,18.8(-1.05 %),1000,19100000,0,0,30408120,11.6
03/06/2016,21200,399540000,18.5(-1.60 %),21200,399540000,0,0,30396920,11.61
06/06/2016,30000,561000000,18.8(1.62 %),30000,561000000,0,0,30366920,11.65
07/06/2016,2000,38000000,19(1.06 %),2000,38000000,0,0,30364920,11.65
08/06/2016,20870,396310000,19.2(1.05 %),20870,396310000,0,0,30344050,11.68
09/06/2016,83000,1677130000,20.1(4.69 %),83000,1677130000,0,0,30261050,11.78
10/06/2016,227120,4571230000,20.1(0.00 %),227120,4571230000,0,0,30033930,12.06
13/06/2016,-59800,-1181940000,19.6(-2.49 %),200,4060000,60000,1186000000,30033730,12.06
14/06/2016,-25410,-500580000,19.7(0.51 %),0,0,25410,500580000,30033730,12.06
15/06/2016,-18910,-368540000,20.3(3.05 %),51680,1043250000,70590,1411790000,29982050,12.12
16/06/2016,82500,1732790000,21.7(6.90 %),82500,1732790000,0,0,29959550,12.15
17/06/2016,-57190,-1221450000,21.3(-1.84 %),4000,86400000,61190,1307850000,29980960,12.12
20/06/2016,-92990,-2006250000,21.5(0.94 %),10730,227480000,103720,2233730000,30040820,12.05
21/06/2016,50360,1082450000,21.3(-0.93 %),85450,1837270000,35090,754820000,29955370,12.15
22/06/2016,-35000,-743400000,21.2(-0.47 %),350000,7420000000,385000,8163400000,30016560,12.08
23/06/2016,-64080,-1379290000,21.4(0.94 %),4000,86600000,68080,1465890000,30116280,11.96
24/06/2016,271720,5721520000,20.2(-5.61 %),354910,7410870000,83190,1689350000,29796460,12.35
27/06/2016,-3000,-58540000,20.1(-0.50 %),0,0,3000,58540000,29831460,12.31
28/06/2016,0,0,19.8(-1.49 %),0,0,0,0,29899540,12.22
29/06/2016,23980,484810000,20.8(5.05 %),23980,484810000,0,0,29958750,12.15
30/06/2016,51200,1052690000,20.8(0.00 %),51200,1052690000,0,0,29910550,12.21
01/07/2016,50000,1032020000,20.6(-0.96 %),50000,1032020000,0,0,29860550,12.27
04/07/2016,0,0,20.6(0.00 %),0,0,0,0,29860550,12.27
05/07/2016,36770,752680000,20.5(-0.49 %),36770,752680000,0,0,29823780,12.32
06/07/2016,20000,403000000,20.4(-0.49 %),20000,403000000,0,0,29803780,12.34
07/07/2016,0,0,20.4(0.00 %),0,0,0,0,29803780,12.34
08/07/2016,43530,874930000,20.3(-0.49 %),343730,6878970000,300200,6004040000,29760050,12.39
11/07/2016,0,0,19.3(-4.93 %),0,0,0,0,29760050,12.39
12/07/2016,0,0,19.4(0.52 %),0,0,0,0,29760050,12.39
13/07/2016,4500,87300000,19.4(0.00 %),4500,87300000,0,0,29755750,12.4
14/07/2016,-3050,-59130000,19.2(-1.03 %),950,18270000,4000,77400000,29754800,12.4
15/07/2016,50000,989450000,20(4.17 %),50000,989450000,0,0,29704800,12.46
18/07/2016,1600,31200000,19.5(-2.50 %),1600,31200000,0,0,29703200,12.46
19/07/2016,-160,-3100000,19.5(0.00 %),0,0,160,3100000,29707200,12.46
20/07/2016,0,0,19.2(-1.54 %),0,0,0,0,29707200,12.46
21/07/2016,35360,693760000,19.6(2.08 %),35360,693760000,0,0,29671840,12.5
22/07/2016,70650,1351880000,19.4(-1.02 %),70650,1351880000,0,0,29601350,12.59
25/07/2016,50280,978430000,19.7(1.55 %),50280,978430000,0,0,29551070,12.65
26/07/2016,16280,320310000,19.7(0.00 %),40000,786090000,23720,465780000,29511070,12.7
27/07/2016,0,0,19.7(0.00 %),0,0,0,0,29511070,12.7
28/07/2016,0,0,19.4(-1.52 %),0,0,0,0,29511070,12.7
29/07/2016,0,0,19.4(0.00 %),0,0,0,0,29534790,12.67
01/08/2016,0,0,19.4(0.00 %),0,0,0,0,29534790,12.67
02/08/2016,1600,30840000,19.3(-0.52 %),3600,69840000,2000,39000000,29531190,12.68
03/08/2016,9000,171420000,19.1(-1.04 %),9000,171420000,0,0,29522190,12.69
04/08/2016,31300,605470000,19.1(0.00 %),31300,605470000,0,0,29490890,12.73
05/08/2016,4110,78090000,19.1(0.00 %),4110,78090000,0,0,29488780,12.73
08/08/2016,200,3800000,19.1(0.00 %),200,3800000,0,0,29488580,12.73
09/08/2016,-26290,-498490000,18.8(-1.57 %),700,13300000,26990,511790000,29487880,12.73
10/08/2016,-13000,-243190000,18.6(-1.06 %),0,0,13000,243190000,29487880,12.73
11/08/2016,0,0,19(2.15 %),0,0,0,0,29487880,12.73
12/08/2016,9000,166100000,18.7(1.08 %),9000,166100000,0,0,29505870,12.71
15/08/2016,9290,172160000,18.8(0.53 %),26000,489150000,16710,316990000,29492870,12.72
16/08/2016,-7350,-139020000,18.6(-1.06 %),455290,8604980000,462640,8744000000,29492870,12.72
17/08/2016,0,0,18.4(-1.08 %),0,0,0,0,29492870,12.72
18/08/2016,0,0,18.5(0.54 %),0,0,0,0,29509580,12.7
19/08/2016,0,0,18.4(-0.54 %),0,0,0,0,29516930,12.69
22/08/2016,0,0,18.3(-0.54 %),0,0,0,0,29516930,12.69
23/08/2016,-5000,-90000000,18(-1.64 %),0,0,5000,90000000,29516930,12.69
24/08/2016,1820,32450000,18(0.00 %),3340,60120000,1520,27670000,29513590,12.7
25/08/2016,-8500,-152040000,17.9(-0.56 %),0,0,8500,152040000,29513590,12.7
26/08/2016,-25000,-447500000,17.6(-1.68 %),0,0,25000,447500000,29518590,12.69
29/08/2016,-18310,-321830000,17.7(0.57 %),0,0,18310,321830000,29520110,12.69
30/08/2016,-30080,-536370000,17.7(0.00 %),380000,6826680000,410080,7363050000,29448610,12.78
31/08/2016,24430,439730000,18(1.69 %),400570,7210250000,376140,6770520000,29423040,12.81
01/09/2016,0,0,18(0.00 %),0,0,0,0,29441350,12.79
05/09/2016,-300,-5310000,17.9(-0.56 %),0,0,300,5310000,29551430,12.65
06/09/2016,100,1820000,17.7(-1.12 %),231700,4170600000,231600,4168780000,29577370,12.62
07/09/2016,0,0,17.9(1.13 %),0,0,0,0,29577370,12.62
08/09/2016,0,0,17.9(0.00 %),0,0,0,0,29577670,12.62
09/09/2016,-6540,-117920000,18(0.56 %),2000,35800000,8540,153720000,29575770,12.62
12/09/2016,400,7280000,17.8(-1.11 %),400,7280000,0,0,29575370,12.62
13/09/2016,0,0,17.9(0.56 %),0,0,0,0,29575370,12.62
14/09/2016,940,16830000,17.7(-1.12 %),940,16830000,0,0,29582970,12.61
15/09/2016,1500,26700000,17.75(0.28 %),1500,26700000,0,0,29581470,12.61
16/09/2016,0,0,17.8(0.28 %),0,0,0,0,29581470,12.61
19/09/2016,2000,35400000,17.8(0.00 %),2000,35400000,0,0,29579470,12.62
20/09/2016,-55430,-1001710000,18(1.12 %),0,0,55430,1001710000,29579470,12.62
21/09/2016,-39700,-726540000,18.3(1.67 %),300,5460000,40000,732000000,29579170,12.62
22/09/2016,-51800,-960590000,18.7(2.19 %),0,0,51800,960590000,29579170,12.62
23/09/2016,-40000,-736970000,18.4(-1.60 %),0,0,40000,736970000,29634600,12.55
26/09/2016,-25170,-462130000,18.3(-0.54 %),0,0,25170,462130000,29674600,12.5
27/09/2016,-4530,-81840000,18(-1.64 %),1000,17700000,5530,99540000,29725400,12.44
28/09/2016,-15500,-280640000,18(0.00 %),0,0,15500,280640000,29765400,12.39
29/09/2016,0,0,18(0.00 %),0,0,0,0,29790570,12.36
30/09/2016,0,0,17.7(-1.67 %),0,0,0,0,29796100,12.35
03/10/2016,0,0,17.7(0.00 %),0,0,0,0,29811600,12.33
04/10/2016,0,0,18(1.69 %),0,0,0,0,29811600,12.33
05/10/2016,-21940,-395290000,18(0.00 %),10000,181700000,31940,576990000,29801600,12.34
06/10/2016,-104700,-1893910000,18.45(2.50 %),5300,96970000,110000,1990880000,29796300,12.35
07/10/2016,-159500,-2931500000,18.8(1.90 %),0,0,159500,2931500000,29796300,12.35
10/10/2016,-53200,-984200000,18.8(0.00 %),0,0,53200,984200000,29828240,12.31
11/10/2016,-291020,-5665450000,19.9(5.85 %),100,1950000,291120,5667400000,29938140,12.18
12/10/2016,-118670,-2365920000,19.8(-0.50 %),11200,222880000,129870,2588800000,30086440,11.99
13/10/2016,-30000,-590750000,19.8(0.00 %),100000,1977400000,130000,2568150000,30039640,12.05
14/10/2016,35100,697200000,20.3(2.53 %),170100,3368400000,135000,2671200000,30160660,11.9
17/10/2016,-94000,-1968480000,20.8(2.46 %),10000,210000000,104000,2178480000,30280530,11.75
18/10/2016,1240,25840000,20.9(0.48 %),17000,356300000,15760,330460000,30393530,11.62
19/10/2016,8200,167500000,20.2(-3.35 %),8200,167500000,0,0,30520330,11.46
20/10/2016,10500,210200000,19.95(-1.24 %),10500,210200000,0,0,30613830,11.34
21/10/2016,9760,194740000,19.6(-1.75 %),10160,202680000,400,7940000,30619430,11.34
24/10/2016,40,800000,19.75(0.77 %),40,800000,0,0,30619390,11.34
25/10/2016,-10600,-216100000,20.5(3.80 %),0,0,10600,216100000,30619390,11.34
26/10/2016,0,0,20.5(0.00 %),0,0,0,0,30624790,11.33
27/10/2016,2100,44520000,21.25(3.66 %),2100,44520000,0,0,30622690,11.33
28/10/2016,-62400,-1375430000,22.5(5.88 %),0,0,62400,1375430000,30633290,11.32
31/10/2016,-216670,-4790720000,21.9(-2.67 %),2000,44000000,218670,4834720000,30631290,11.32
01/11/2016,-79990,-1720030000,21.55(-1.60 %),1000,21510000,80990,1741540000,30630290,11.32
02/11/2016,-177240,-3917980000,21.6(0.23 %),4000,87700000,181240,4005680000,30688690,11.25
03/11/2016,-21300,-469300000,21.9(1.39 %),1000,21100000,22300,490400000,30906360,10.98
04/11/2016,28000,608550000,21.95(0.23 %),29000,630350000,1000,21800000,30958350,10.92
07/11/2016,-404300,-9081120000,22.8(3.87 %),0,0,404300,9081120000,31139590,10.7
08/11/2016,-102100,-2385930000,23.3(2.19 %),0,0,102100,2385930000,31161890,10.67
09/11/2016,-200,-4900000,23.1(-0.86 %),800,18400000,1000,23300000,31162090,10.67
10/11/2016,-184200,-4474130000,24.7(6.93 %),4000,97400000,188200,4571530000,31562390,10.18
11/11/2016,-262400,-6870680000,25.8(4.45 %),0,0,262400,6870680000,31664490,10.05
14/11/2016,-114000,-2945550000,26.2(1.55 %),6000,154900000,120000,3100450000,31659490,10.06
15/11/2016,-329950,-8904490000,26.9(2.67 %),25000,678720000,354950,9583210000,31822690,9.86
16/11/2016,-181010,-5028800000,27.6(2.60 %),30,830000,181040,5029630000,32085060,9.53
17/11/2016,-441920,-11809730000,26.5(-3.99 %),8200,219800000,450120,12029530000,32196860,9.4
18/11/2016,-159950,-4160380000,26.2(-1.13 %),500,12950000,160450,4173330000,32551310,8.96
21/11/2016,-622640,-16671530000,26.2(0.00 %),0,0,622640,16671530000,32732350,8.74
22/11/2016,-252400,-6732180000,26.5(1.15 %),50,1340000,252450,6733520000,33182420,8.19
23/11/2016,-64030,-1672730000,26.4(-0.38 %),0,0,64030,1672730000,33342870,7.99
24/11/2016,-41640,-1126460000,26.8(1.52 %),0,0,41640,1126460000,33965510,7.22
25/11/2016,0,0,26(-2.99 %),0,0,0,0,34217960,6.91
28/11/2016,-166000,-4247930000,25.35(-2.50 %),0,0,166000,4247930000,34281990,6.83
29/11/2016,-100130,-2541460000,24.9(-1.78 %),0,0,100130,2541460000,34323630,6.78
30/11/2016,-360000,-8671380000,24.6(-1.20 %),0,0,360000,8671380000,34323630,6.78
01/12/2016,-126620,-3170840000,24.95(1.42 %),12000,301000000,138620,3471840000,34477630,6.59
02/12/2016,-77030,-1864600000,24(-3.81 %),0,0,77030,1864600000,34577760,6.47
05/12/2016,0,0,24.7(2.92 %),0,0,0,0,34937760,6.03
06/12/2016,-12000,-293300000,24.5(-0.81 %),0,0,12000,293300000,35076380,5.86
07/12/2016,-133140,-3215720000,23.9(-2.45 %),0,0,133140,3215720000,35153410,5.76
08/12/2016,-24810,-595440000,23.6(-1.26 %),0,0,24810,595440000,35153410,5.76
09/12/2016,-201000,-4843430000,24(1.69 %),0,0,201000,4843430000,35165410,5.75
12/12/2016,-383210,-9714850000,25.3(5.42 %),0,0,383210,9714850000,35298550,5.58
13/12/2016,-184880,-4724170000,25.7(1.58 %),0,0,184880,4724170000,35323360,5.55
14/12/2016,-245000,-6515770000,26.85(4.47 %),5000,132750000,250000,6648520000,35519360,5.31
15/12/2016,-50400,-1371630000,26.9(0.19 %),0,0,50400,1371630000,35902570,4.84
16/12/2016,-218390,-5902310000,26.9(0.00 %),6000,161600000,224390,6063910000,36381850,4.25
19/12/2016,-11150,-304820000,27.5(2.23 %),0,0,11150,304820000,36331450,4.31
20/12/2016,-78730,-2068810000,26.8(-2.55 %),0,0,78730,2068810000,36381850,4.25
21/12/2016,-450,-11950000,26(-2.99 %),400,10490000,850,22440000,36605840,3.97
22/12/2016,0,0,25.8(-0.77 %),0,0,0,0,36616990,3.96
23/12/2016,0,0,25.3(-1.94 %),0,0,0,0,36695720,3.86
26/12/2016,-5930,-151120000,24.6(-2.77 %),0,0,5930,151120000,36693070,3.87
27/12/2016,0,0,24.95(1.42 %),0,0,0,0,36693070,3.87
28/12/2016,-71800,-1795330000,25(0.20 %),10010,251700000,81810,2047030000,36686560,3.88
29/12/2016,-23270,-586760000,25.6(2.40 %),126730,3191540000,150000,3778300000,36565760,4.02
30/12/2016,51410,1306830000,25.25(-1.37 %),100000,2544170000,48590,1237340000,36465760,4.15
03/01/2017,126150,3304200000,26.55(5.15 %),126150,3304200000,0,0,36421420,4.2
04/01/2017,7190,191970000,26.7(0.56 %),7190,191970000,0,0,36564230,4.03
05/01/2017,62610,1692730000,27(1.12 %),62610,1692730000,0,0,36550210,4.04
06/01/2017,-1000,-26950000,26.35(-2.41 %),0,0,1000,26950000,36550210,4.04
09/01/2017,0,0,26(-1.33 %),0,0,0,0,36550210,4.04
10/01/2017,100,2680000,27.2(4.62 %),100,2680000,0,0,36550110,4.04
11/01/2017,-41500,-1158810000,28.8(5.88 %),5000,141950000,46500,1300760000,36546110,4.05
12/01/2017,3500,98050000,28.8(0.00 %),11000,315550000,7500,217500000,36535110,4.06
13/01/2017,39010,1114740000,28.2(-2.08 %),40010,1143540000,1000,28800000,36495100,4.11
16/01/2017,-663070,-18988950000,28.5(1.06 %),1800,50990000,664870,19039940000,36539800,4.06
17/01/2017,-94120,-2674220000,28.3(-0.70 %),0,0,94120,2674220000,36547300,4.05
18/01/2017,5010,142530000,27.8(-1.77 %),5010,142530000,0,0,36543290,4.05
19/01/2017,3310,92180000,27.65(-0.54 %),3310,92180000,0,0,37204850,3.24
20/01/2017,10,280000,27.4(-0.90 %),10,280000,0,0,37298960,3.12
23/01/2017,10000,274900000,27.35(-0.18 %),10000,274900000,0,0,37288960,3.13
24/01/2017,50000,1414800000,28.6(4.57 %),50000,1414800000,0,0,37238960,3.2
25/01/2017,11000,313650000,28.55(-0.17 %),11000,313650000,0,0,37227960,3.21
02/02/2017,-16870,-507490000,29.7(4.03 %),5010,150570000,21880,658060000,37222950,3.22
03/02/2017,-5300,-156880000,29.3(-1.35 %),0,0,5300,156880000,37222950,3.22
06/02/2017,2650,76930000,29.35(0.17 %),2700,78380000,50,1450000,37220250,3.22
07/02/2017,0,0,29.75(1.36 %),0,0,0,0,37242130,3.19
08/02/2017,500,15330000,30.4(2.18 %),500,15330000,0,0,37246930,3.19
09/02/2017,4000,121980000,30.1(-0.99 %),5800,176690000,1800,54710000,37241180,3.19
10/02/2017,24000,730390000,31.2(3.65 %),25000,760690000,1000,30300000,37216180,3.22
13/02/2017,1000,32250000,32.2(3.21 %),1000,32250000,0,0,37215180,3.22
14/02/2017,20,620000,30.8(-4.35 %),20,620000,0,0,37216960,3.22
15/02/2017,-14300,-453040000,31.5(2.27 %),1500,47650000,15800,500690000,37216460,3.22
16/02/2017,8000,305550000,31.9(1.27 %),58000,1912300000,50000,1606750000,37158460,3.29
17/02/2017,90350,2897690000,32(0.31 %),115350,3682690000,25000,785000000,37043110,3.44
20/02/2017,25010,786010000,31.65(-1.09 %),25010,786010000,0,0,37033900,3.45
21/02/2017,82900,2672830000,31.9(0.79 %),82900,2672830000,0,0,37001000,3.49
22/02/2017,-460,-14190000,31.2(-2.19 %),540,17060000,1000,31250000,37025460,3.46
23/02/2017,-1000,-31590000,30.25(-3.04 %),100,3060000,1100,34650000,37025360,3.46
24/02/2017,-19200,-567520000,29.4(-2.81 %),0,0,19200,567520000,37025360,3.46
27/02/2017,0,0,29.95(1.87 %),0,0,0,0,37044360,3.43
28/02/2017,0,0,28.5(-4.84 %),0,0,0,0,37027460,3.46
01/03/2017,2300,67470000,29.6(3.86 %),2300,67470000,0,0,37044360,3.43
02/03/2017,0,0,30.3(2.36 %),0,0,0,0,37044360,3.43
03/03/2017,1980,59600000,30.6(0.99 %),1980,59600000,0,0,37042380,3.44
06/03/2017,0,0,31.5(2.94 %),0,0,0,0,37042380,3.44
07/03/2017,-56080,-1739940000,30.95(-1.75 %),1000,31250000,57080,1771190000,37041380,3.44
08/03/2017,-21100,-636260000,29.9(-3.39 %),200,6000000,21300,642260000,37041180,3.44
09/03/2017,196770,5877100000,29.95(0.17 %),240770,7192840000,44000,1315740000,36800410,3.74
10/03/2017,-8800,-265860000,29.95(0.00 %),0,0,8800,265860000,36857490,3.66
13/03/2017,1230,34520000,29.7(-0.83 %),44230,1305380000,43000,1270860000,36834560,3.69
14/03/2017,-5000,-149380000,29.7(0.00 %),0,0,5000,149380000,36878560,3.64
15/03/2017,0,0,29.6(-0.34 %),0,0,0,0,36887360,3.63
16/03/2017,0,-60000,30.35(2.53 %),100,2990000,100,3050000,36930260,3.58
17/03/2017,5640,171990000,30.45(0.33 %),5700,173850000,60,1860000,36930260,3.58
20/03/2017,600,18110000,29.75(-2.30 %),600,18110000,0,0,36930260,3.58
21/03/2017,20,580000,29.1(-2.18 %),20,580000,0,0,36930260,3.58
22/03/2017,-74700,-2090150000,27.3(-6.19 %),300,8510000,75000,2098660000,36930260,3.58
23/03/2017,0,0,27.7(1.47 %),0,0,0,0,36930260,3.58
24/03/2017,200,5380000,26.5(-4.33 %),200,5380000,0,0,36930260,3.58
27/03/2017,-64030,-1623920000,26(-1.89 %),2100,53440000,66130,1677360000,36930260,3.58
28/03/2017,10000,268500000,26.75(2.88 %),10000,268500000,0,0,36930260,3.58
29/03/2017,1300,34830000,26.75(0.00 %),1300,34830000,0,0,36930260,3.58
30/03/2017,7000,187200000,26.8(0.19 %),7000,187200000,0,0,36930260,3.58
31/03/2017,11000,295170000,26.7(-0.37 %),11000,295170000,0,0,36930260,3.58
03/04/2017,168150,4430410000,26.2(-1.87 %),168150,4430410000,0,0,36870180,3.65
04/04/2017,61600,1587530000,25.8(-1.53 %),61600,1587530000,0,0,36808580,3.72
05/04/2017,37050,978300000,26.8(3.88 %),37050,978300000,0,0,36771530,3.77
07/04/2017,34250,909340000,26.2(-2.24 %),34250,909340000,0,0,36737280,3.81
10/04/2017,-4340,-117840000,27.5(4.96 %),430,11700000,4770,129540000,36736850,3.81
11/04/2017,100,2700000,27.3(-0.73 %),100,2700000,0,0,36736750,3.81
12/04/2017,0,0,26.7(-2.20 %),0,0,0,0,36736750,3.81
13/04/2017,0,0,26.7(0.00 %),0,0,0,0,36741520,3.81
14/04/2017,600,16080000,25.8(-3.37 %),600,16080000,0,0,36740920,3.81
17/04/2017,109820,2818540000,25.4(-1.55 %),109820,2818540000,0,0,36631100,3.94
18/04/2017,22370,561890000,25.3(-0.39 %),22370,561890000,0,0,36608730,3.97
19/04/2017,0,0,24.9(-1.58 %),0,0,0,0,36608730,3.97
20/04/2017,15150,377100000,25.1(0.80 %),15150,377100000,0,0,36593580,3.99
21/04/2017,5000,128500000,25.3(0.80 %),5000,128500000,0,0,36588580,4.0
24/04/2017,0,0,25(-1.19 %),0,0,0,0,36588580,4.0
25/04/2017,0,0,24.9(-0.40 %),0,0,0,0,36588580,4.0
26/04/2017,14000,357650000,25.65(3.01 %),14000,357650000,0,0,36574580,4.01
27/04/2017,-9000,-228550000,25.35(-1.17 %),0,0,9000,228550000,36574580,4.01
28/04/2017,-10000,-254910000,25.35(0.00 %),0,0,10000,254910000,36574580,4.01
03/05/2017,71380,1798500000,25.25(-0.39 %),85780,2162100000,14400,363600000,36488800,4.12
04/05/2017,15300,389090000,26.5(4.95 %),15300,389090000,0,0,36482500,4.13
05/05/2017,15000,400420000,26.5(0.00 %),17000,453500000,2000,53080000,36475500,4.13
08/05/2017,-1690,-46090000,26.1(-1.51 %),11310,294400000,13000,340490000,36478590,4.13
09/05/2017,59800,1554330000,25.9(-0.77 %),59800,1554330000,0,0,36418790,4.2
10/05/2017,11000,292150000,26.7(3.09 %),11000,292150000,0,0,36409790,4.22
11/05/2017,11000,305030000,28(4.87 %),11000,305030000,0,0,36411790,4.21
12/05/2017,0,0,27.9(-0.36 %),0,0,0,0,36411790,4.21
15/05/2017,510,14480000,28.2(1.08 %),1000,28400000,490,13920000,36410790,4.21
16/05/2017,-3610,-102430000,28.4(0.71 %),0,0,3610,102430000,36410790,4.21
17/05/2017,34500,1002460000,29.3(3.17 %),35000,1016950000,500,14490000,36375790,4.26
18/05/2017,5370,159340000,30(2.39 %),5370,159340000,0,0,36370910,4.26
19/05/2017,90830,2808220000,31.1(3.67 %),90830,2808220000,0,0,36283690,4.37
22/05/2017,34020,1082080000,31.3(0.64 %),34020,1082080000,0,0,36250170,4.41
23/05/2017,8500,263200000,30.5(-2.56 %),26000,804680000,17500,541480000,36224170,4.44
24/05/2017,294880,9349280000,32.6(6.89 %),297310,9426830000,2430,77550000,35926860,4.81
25/05/2017,326470,10959350000,33.9(3.99 %),360470,12113450000,34000,1154100000,35566390,5.25
26/05/2017,9500,302940000,31.9(-0.62 %),9500,302940000,0,0,35574390,5.24
29/05/2017,301000,9501630000,31.5(-1.25 %),301000,9501630000,0,0,35275820,5.61
30/05/2017,291690,9399620000,32.65(3.65 %),291800,9403160000,110,3540000,35018020,5.93
31/05/2017,192430,6195530000,32.1(-1.68 %),192530,6198740000,100,3210000,34825490,6.16
01/06/2017,98440,3188420000,32.6(1.56 %),98440,3188420000,0,0,34727050,6.29
02/06/2017,157120,5103010000,32.75(0.46 %),159120,5167610000,2000,64600000,34568040,6.48
05/06/2017,258910,8915660000,34.8(6.26 %),268940,9262900000,10030,347240000,34299200,6.81
06/06/2017,201000,7020210000,34.6(-0.57 %),201000,7020210000,0,0,34098200,7.06
07/06/2017,205800,7172880000,35.1(1.45 %),206400,7193880000,600,21000000,33893800,7.31
08/06/2017,16580,578870000,34.35(-2.14 %),19580,683870000,3000,105000000,33884250,7.32
09/06/2017,-5970,-205070000,33.9(-1.31 %),30,1030000,6000,206100000,33884220,7.32
12/06/2017,2700,91630000,33(-2.65 %),2700,91630000,0,0,33882120,7.32
13/06/2017,-36000,-1174290000,32.7(-0.91 %),0,0,36000,1174290000,33885120,7.32
14/06/2017,245540,8238840000,34(3.98 %),245540,8238840000,0,0,33645580,7.62
15/06/2017,5850,200940000,34.1(0.29 %),5850,200940000,0,0,33639730,7.62
16/06/2017,-7000,-239630000,34.3(0.59 %),2000,68000000,9000,307630000,33673730,7.58
19/06/2017,-2000,-68850000,34(-0.87 %),5000,169050000,7000,237900000,33668730,7.59
20/06/2017,0,0,34.7(2.06 %),0,0,0,0,33668730,7.59
21/06/2017,-180,-6450000,36.4(4.90 %),0,0,180,6450000,33677730,7.58
22/06/2017,1700,61370000,36.4(0.00 %),1700,61370000,0,0,33683030,7.57
23/06/2017,300,10800000,36(-1.10 %),300,10800000,0,0,33682730,7.57
26/06/2017,7000,248650000,35.5(-1.39 %),7000,248650000,0,0,33675910,7.58
27/06/2017,-223800,-7998130000,34.5(-2.82 %),2000,72000000,225800,8070130000,33673910,7.58
28/06/2017,-5800,-201810000,34.8(0.87 %),0,0,5800,201810000,33673910,7.58
29/06/2017,4340,150550000,34.9(0.29 %),4340,150550000,0,0,33669570,7.59
30/06/2017,91120,3220760000,34.9(0.00 %),91120,3220760000,0,0,33804250,7.42
03/07/2017,37000,1291950000,34.95(0.14 %),37000,1291950000,0,0,33773050,7.46
04/07/2017,22000,755800000,34.5(-1.29 %),22000,755800000,0,0,33751050,7.49
05/07/2017,20970,727170000,35(1.45 %),20970,727170000,0,0,33730080,7.51
06/07/2017,37700,1342940000,35.6(1.71 %),41000,1460920000,3300,117980000,33689080,7.56
07/07/2017,170000,6003090000,35.6(0.00 %),310000,11035840000,140000,5032750000,33379080,7.94
10/07/2017,-157120,-5445440000,34.3(-3.65 %),11500,395850000,168620,5841290000,33381140,7.94
11/07/2017,-125390,-4294560000,34.6(0.87 %),129740,4446490000,255130,8741050000,33241140,8.11
12/07/2017,77000,2685010000,35.1(1.45 %),160000,5593530000,83000,2908520000,33221140,8.14
13/07/2017,8000,283910000,35.1(0.00 %),71500,2508650000,63500,2224740000,33318260,8.02
14/07/2017,43800,1543780000,34.8(-0.85 %),53800,1894780000,10000,351000000,33519590,7.77
17/07/2017,228560,7870080000,34.9(0.29 %),228560,7870080000,0,0,33374030,7.95
18/07/2017,39630,1380350000,34.5(-1.15 %),40050,1394920000,420,14570000,33397480,7.92
19/07/2017,0,0,34.15(-1.01 %),0,0,0,0,33407480,7.91
20/07/2017,-300,-10350000,34.2(0.15 %),0,0,300,10350000,33407480,7.91
21/07/2017,-5500,-191610000,34.2(0.00 %),3000,103340000,8500,294950000,33404900,7.91
24/07/2017,1400,47760000,34.5(0.88 %),2000,68400000,600,20640000,33402900,7.91
25/07/2017,-200,-7200000,36.5(5.80 %),0,0,200,7200000,33403200,7.91
26/07/2017,400,14780000,37.5(2.74 %),400,14780000,0,0,33385900,7.93
27/07/2017,25900,968840000,37.4(-0.27 %),26000,972600000,100,3760000,33385900,7.93
28/07/2017,300000,11524160000,38.6(3.21 %),300000,11524160000,0,0,33086100,8.3
31/07/2017,5500,214050000,38.7(0.26 %),5500,214050000,0,0,33080600,8.31
01/08/2017,170,6360000,38.8(0.26 %),1000,38400000,830,32040000,33079700,8.31
02/08/2017,5500,213690000,38.8(0.00 %),10000,388450000,4500,174760000,33069700,8.32
03/08/2017,-4090,-165540000,39.75(2.45 %),10,400000,4100,165940000,33069690,8.32
04/08/2017,16680,662630000,39.75(0.00 %),16680,662630000,0,0,33053840,8.34
07/08/2017,46400,1865850000,40.3(1.38 %),60000,2413650000,13600,547800000,32998340,8.41
08/08/2017,13320,532800000,40(-0.74 %),13320,532800000,0,0,32989120,8.42
09/08/2017,80020,3098330000,39(-2.50 %),80020,3098330000,0,0,32909100,8.52
10/08/2017,0,0,39.9(2.31 %),0,0,0,0,32922700,8.5
11/08/2017,0,0,39.5(-1.00 %),0,0,0,0,32922700,8.5
14/08/2017,0,0,39.65(0.38 %),0,0,0,0,32922700,8.5
15/08/2017,-30,-1200000,41.7(5.17 %),0,0,30,1200000,32922700,8.5
16/08/2017,7500,311650000,41.8(0.24 %),7500,311650000,0,0,32915200,8.51
17/08/2017,600,25200000,41.1(-1.67 %),600,25200000,0,0,32914600,8.51
18/08/2017,-500,-20400000,40.6(-1.22 %),0,0,500,20400000,32914630,8.51
21/08/2017,-10100,-402200000,40.2(-0.99 %),10000,406830000,20100,809030000,32904630,8.53
22/08/2017,17000,671350000,39.5(-1.74 %),21000,829350000,4000,158000000,32883630,8.55
23/08/2017,-9000,-355480000,39.6(0.25 %),0,0,9000,355480000,32884130,8.55
24/08/2017,0,0,39.9(0.76 %),0,0,0,0,32904230,8.53
25/08/2017,500,20100000,39.6(-0.75 %),500,20100000,0,0,32907730,8.52
28/08/2017,0,0,39.85(0.63 %),0,0,0,0,32916730,8.51
29/08/2017,20,-700000,40.6(1.88 %),5020,203300000,5000,204000000,32911710,8.52
30/08/2017,-27200,-1120300000,41.45(2.09 %),0,0,27200,1120300000,32911710,8.52
31/08/2017,-17150,-716310000,41.2(-0.60 %),0,0,17150,716310000,32911710,8.52
01/09/2017,-2000,-83000000,40.85(-0.85 %),0,0,2000,83000000,32916710,8.51
05/09/2017,-1050,-44060000,41.4(1.35 %),4300,179040000,5350,223100000,32939610,8.48
06/09/2017,-13800,-574220000,41.3(-0.24 %),1200,49610000,15000,623830000,32955560,8.46
07/09/2017,-194320,-8056570000,41(-0.73 %),1480,61100000,195800,8117670000,32956080,8.46
08/09/2017,3000,121980000,40(-2.44 %),3000,121980000,0,0,32958430,8.46
11/09/2017,-32000,-1256150000,39(-2.50 %),1000,39380000,33000,1295530000,32972430,8.44
12/09/2017,184700,7327970000,39.8(2.05 %),223400,8877070000,38700,1549100000,32944830,8.48
13/09/2017,165000,6690200000,40.7(2.26 %),165000,6690200000,0,0,32779830,8.68
14/09/2017,345170,14060620000,41.15(1.11 %),345170,14060620000,0,0,32467660,9.06
15/09/2017,204520,8366630000,41.35(0.49 %),204520,8366630000,0,0,32301840,9.27
18/09/2017,82910,3411460000,42.5(2.78 %),82910,3411460000,0,0,32218930,9.37
19/09/2017,67270,2818710000,41.8(-1.65 %),71520,2998140000,4250,179430000,32147410,9.46
20/09/2017,52250,2176350000,42.3(1.20 %),52250,2176350000,0,0,32095160,9.52
21/09/2017,0,-200000,42.3(0.00 %),1000,42300000,1000,42500000,32094160,9.52
22/09/2017,60000,2569250000,43(1.65 %),60000,2569250000,0,0,32038410,9.59
25/09/2017,-5100,-219300000,43.1(0.23 %),2700,115820000,7800,335120000,32035710,9.6
26/09/2017,2000,85410000,42.65(-1.04 %),2000,85410000,0,0,32034710,9.6
27/09/2017,25190,1068840000,41.9(-1.76 %),25190,1068840000,0,0,32009520,9.63
28/09/2017,461900,18957430000,41(-2.15 %),575400,23614970000,113500,4657540000,31441920,10.33
29/09/2017,33190,1385380000,42(2.44 %),39600,1649790000,6410,264410000,31402320,10.37
02/10/2017,3860,161290000,41.3(-1.67 %),3860,161290000,0,0,31398460,10.38
03/10/2017,2300,94340000,40.8(-1.21 %),2300,94340000,0,0,31509660,10.24
04/10/2017,8430,346380000,40.9(0.25 %),8430,346380000,0,0,31507640,10.25
05/10/2017,-22900,-938220000,40.9(0.00 %),2000,82290000,24900,1020510000,31505640,10.25
06/10/2017,-15000,-628750000,41.95(2.57 %),0,0,15000,628750000,31505640,10.25
09/10/2017,-4090,-169850000,41.5(-1.07 %),5910,246230000,10000,416080000,31499730,10.25
10/10/2017,-4750,-199540000,42(1.20 %),10250,427460000,15000,627000000,31514380,10.24
11/10/2017,-7500,-318550000,42(0.00 %),0,0,7500,318550000,31529380,10.22
12/10/2017,-19600,-820040000,41.8(-0.48 %),0,0,19600,820040000,31539380,10.21
13/10/2017,870,36500000,41.8(0.00 %),870,36500000,0,0,31553510,10.19
16/10/2017,7180,304580000,42.5(1.67 %),7180,304580000,0,0,31553830,10.19
17/10/2017,-76810,-3230210000,41.9(-1.41 %),1250,52510000,78060,3282720000,31572180,10.17
18/10/2017,-21310,-890090000,41.8(-0.24 %),500,20750000,21810,910840000,31571680,10.17
19/10/2017,300,12420000,41.35(-1.08 %),300,12420000,0,0,31571380,10.17
20/10/2017,10500,435110000,41.25(-0.24 %),10500,435110000,0,0,31638940,10.08
23/10/2017,43970,1771420000,40.35(-2.18 %),45170,1820800000,1200,49380000,31615580,10.11
24/10/2017,-1300,-52380000,40.3(-0.12 %),200,8070000,1500,60450000,31615380,10.11
25/10/2017,0,0,40.1(-0.50 %),0,0,0,0,31615380,10.11
26/10/2017,3000,120350000,39.9(-0.50 %),3000,120350000,0,0,31613580,10.11
27/10/2017,0,0,40.3(1.00 %),0,0,0,0,31615080,10.11
30/10/2017,9900,401640000,40.45(0.37 %),9900,401640000,0,0,31605180,10.13
31/10/2017,900,36360000,40.9(1.11 %),900,36360000,0,0,31604280,10.13
01/11/2017,-630,-26000000,40.3(-1.47 %),870,35500000,1500,61500000,31603410,10.13
02/11/2017,-6450,-257790000,39(-3.23 %),4050,157960000,10500,415750000,31599360,10.13
03/11/2017,56950,2216680000,39.1(0.26 %),95350,3714490000,38400,1497810000,31504010,10.25
06/11/2017,-30140,-1188990000,39.8(1.79 %),200,7940000,30340,1196930000,31505310,10.25
07/11/2017,0,0,39.8(0.00 %),0,0,0,0,31515810,10.24
08/11/2017,5000,196500000,39.3(-1.26 %),5000,196500000,0,0,31549210,10.19
09/11/2017,400,15690000,39.05(-0.64 %),400,15690000,0,0,31579150,10.16
10/11/2017,-10800,-421350000,38.9(-0.38 %),0,0,10800,421350000,31579150,10.16
13/11/2017,-20,-770000,38.1(-2.06 %),0,0,20,770000,31579150,10.16
14/11/2017,1670,62740000,37.95(-0.39 %),9170,346690000,7500,283950000,31569980,10.17
15/11/2017,52000,2021290000,39.1(3.03 %),67000,2601040000,15000,579750000,31513780,10.24
16/11/2017,-15100,-599100000,40.1(2.56 %),0,0,15100,599100000,31513800,10.24
17/11/2017,15000,594000000,39.7(-1.00 %),15000,594000000,0,0,31506300,10.25
20/11/2017,-41100,-1631920000,39.9(0.50 %),2800,110910000,43900,1742830000,31518500,10.23
21/11/2017,2000,79750000,39.9(0.00 %),2000,79750000,0,0,31531600,10.22
22/11/2017,41900,1656680000,39.6(-0.75 %),42470,1679340000,570,22660000,31489130,10.27
23/11/2017,1140,44700000,40.5(2.27 %),1750,69300000,610,24600000,31531280,10.22
24/11/2017,3000,122880000,42.25(4.32 %),8000,333380000,5000,210500000,31523280,10.23
27/11/2017,3510,149550000,42.2(-0.12 %),3510,149550000,0,0,31520340,10.23
28/11/2017,3000,125150000,41.6(-1.42 %),3000,125150000,0,0,31517950,10.23
29/11/2017,4590,190670000,41.75(0.36 %),4790,198930000,200,8260000,31518160,10.23
30/11/2017,-10260,-437880000,42.6(2.04 %),1040,43500000,11300,481380000,31517120,10.23
01/12/2017,-50,-5250000,44.5(4.46 %),2000,85900000,2050,91150000,31515120,10.24
04/12/2017,-173230,-7640360000,44.45(-0.11 %),2840,125640000,176070,7766000000,31512480,10.24
05/12/2017,48200,2105020000,43(-3.26 %),52200,2279420000,4000,174400000,31471580,10.29
06/12/2017,9290,395950000,42.3(-1.63 %),9290,395950000,0,0,31464340,10.3
07/12/2017,-3550,-150190000,43.8(3.55 %),1000,43100000,4550,193290000,31639410,10.08
08/12/2017,-6900,-295750000,43(-1.83 %),1600,69750000,8500,365500000,31641810,10.08
11/12/2017,-2600,-108980000,42(-2.33 %),400,17020000,3000,126000000,31641410,10.08
12/12/2017,-136130,-5662500000,41.8(-0.48 %),2010,83360000,138140,5745860000,31643950,10.08
13/12/2017,0,0,41.45(-0.84 %),0,0,0,0,31652450,10.07
14/12/2017,0,0,41.8(0.84 %),0,0,0,0,31655450,10.06
15/12/2017,0,0,41.4(-0.96 %),0,0,0,0,31793590,9.89
18/12/2017,0,0,41.3(-0.24 %),0,0,0,0,31793590,9.89
19/12/2017,21280,881720000,41.5(0.48 %),26280,1088720000,5000,207000000,31767310,9.93
20/12/2017,5400,224360000,42.6(2.65 %),5950,247740000,550,23380000,31761360,9.93
21/12/2017,740,31670000,42.95(0.82 %),740,31670000,0,0,31760620,9.93
22/12/2017,0,0,42.5(-1.05 %),0,0,0,0,31765620,9.93
25/12/2017,4490,189230000,41.5(-2.35 %),4490,189230000,0,0,31761680,9.93
26/12/2017,-3000,-125600000,42.1(1.45 %),0,0,3000,125600000,31761680,9.93
27/12/2017,-7860,-335780000,42.9(1.90 %),0,0,7860,335780000,31761680,9.93
28/12/2017,300020,12870860000,43.75(1.98 %),300020,12870860000,0,0,31461660,10.3
29/12/2017,-1880,-81830000,43.35(-0.91 %),3120,136010000,5000,217840000,31461540,10.3
02/01/2018,-1000,-50950000,46(6.11 %),4000,175200000,5000,226150000,31465400,10.3
03/01/2018,-151690,-6907790000,45.5(-1.09 %),38060,1729580000,189750,8637370000,31427340,10.34
04/01/2018,87310,3996680000,47(3.30 %),96510,4420080000,9200,423400000,31335830,10.46
05/01/2018,402060,18895520000,47(0.00 %),402960,18938020000,900,42500000,30937870,10.95
08/01/2018,1100,54690000,48.6(3.40 %),2800,136350000,1700,81660000,31124820,10.72
09/01/2018,-27080,-1303090000,48(-1.23 %),3620,173860000,30700,1476950000,31130400,10.71
10/01/2018,-660,-30380000,47.9(-0.21 %),4440,212080000,5100,242460000,31126860,10.71
11/01/2018,7160,344750000,47.9(0.00 %),7160,344750000,0,0,31121400,10.72
12/01/2018,3930,186840000,47.6(-0.63 %),7130,339800000,3200,152960000,31144970,10.69
15/01/2018,106310,5195600000,49.8(4.62 %),126610,6189480000,20300,993880000,31023460,10.84
16/01/2018,297950,14826110000,50.9(2.21 %),300400,14948210000,2450,122100000,30723060,11.21
17/01/2018,18390,919700000,48.9(-3.93 %),19160,958080000,770,38380000,30707100,11.23
18/01/2018,320030,15314260000,49.7(1.64 %),324740,15538240000,4710,223980000,30402660,11.6
19/01/2018,370,19140000,50.3(1.21 %),2410,122060000,2040,102920000,30402700,11.6
22/01/2018,205210,10676770000,52(3.38 %),250910,13042840000,45700,2366070000,30152560,11.91
25/01/2018,-24330,-1228620000,50.2(-3.46 %),6370,323730000,30700,1552350000,30198640,11.86
26/01/2018,11490,571200000,49.4(-1.59 %),11590,576220000,100,5020000,30187050,11.87
29/01/2018,-148920,-7056770000,46(-6.88 %),32180,1528500000,181100,8585270000,30154870,11.91
30/01/2018,19820,936110000,46.8(1.74 %),24820,1171210000,5000,235100000,30160750,11.9
31/01/2018,10900,513670000,47.3(1.07 %),19100,903750000,8200,390080000,30141750,11.93
01/02/2018,6200,292050000,46.35(-2.01 %),6200,292050000,0,0,30316650,11.71
02/02/2018,-3660,-169140000,46.1(-0.54 %),8010,370720000,11670,539860000,30313640,11.71
05/02/2018,-4930,-234490000,43.5(-5.64 %),22610,1002100000,27540,1236590000,30299230,11.73
06/02/2018,32190,1305340000,43.4(-0.23 %),32500,1317950000,310,12610000,30266730,11.77
07/02/2018,3590,156260000,43.5(0.23 %),3590,156260000,0,0,30274810,11.76
08/02/2018,-500,-20800000,42.9(-1.38 %),300,12570000,800,33370000,30302050,11.73
09/02/2018,2170,88760000,42.95(0.12 %),2250,92030000,80,3270000,30300110,11.73
12/02/2018,190,5740000,45.5(5.94 %),1190,51240000,1000,45500000,30298920,11.73
13/02/2018,670,29800000,47.1(3.52 %),1170,53050000,500,23250000,30298550,11.73
21/02/2018,-27630,-1276380000,46.2(-1.91 %),4320,200680000,31950,1477060000,30294310,11.74
22/02/2018,-4780,-217570000,45.5(-1.52 %),6330,285620000,11110,503190000,30288980,11.74
23/02/2018,-11290,-512720000,46(1.10 %),3750,171180000,15040,683900000,30285730,11.75
26/02/2018,1000,45750000,46(0.00 %),1000,45750000,0,0,30316680,11.71
27/02/2018,-5050,-229350000,45.3(-1.52 %),2050,92760000,7100,322110000,30325740,11.7
28/02/2018,-26180,-1226990000,47.9(5.74 %),1320,62240000,27500,1289230000,30339460,11.68
01/03/2018,3930,190070000,48.6(1.46 %),5330,258460000,1400,68390000,30334130,11.69
02/03/2018,3650,177530000,49.2(1.23 %),3650,177530000,0,0,30337580,11.68
05/03/2018,-117100,-5624600000,48(-2.44 %),8400,407640000,125500,6032240000,30356680,11.66
06/03/2018,-5180,-251290000,50(4.17 %),620,30810000,5800,282100000,30357460,11.66
07/03/2018,21010,1061910000,50.5(1.00 %),21480,1085740000,470,23830000,30335980,11.69
08/03/2018,-161390,-8273410000,51.5(1.98 %),610,31420000,162000,8304830000,30460870,11.53
09/03/2018,-207330,-10412210000,50.5(-1.94 %),2910,145860000,210240,10558070000,30463760,11.53
12/03/2018,-67040,-3316550000,49.2(-2.57 %),6960,343660000,74000,3660210000,30457270,11.54
13/03/2018,-96820,-4669090000,48.5(-1.42 %),1850,89330000,98670,4758420000,30617420,11.34
14/03/2018,8110,401450000,49.8(2.68 %),8110,401450000,0,0,30819550,11.09
15/03/2018,-63630,-3137330000,48.8(-2.01 %),9040,444010000,72670,3581340000,30884510,11.01
16/03/2018,-68280,-3307550000,48.4(-0.82 %),4070,198130000,72350,3505680000,30979110,10.9
19/03/2018,-110710,-5226530000,46.8(-3.31 %),870,41390000,111580,5267920000,30978240,10.9
20/03/2018,-30060,-1391220000,46.3(-1.07 %),2200,102080000,32260,1493300000,31048710,10.81
21/03/2018,-240,-11340000,47(1.51 %),630,29250000,870,40590000,31120430,10.72
22/03/2018,-5100,-241610000,46.7(-0.64 %),1990,91620000,7090,333230000,31230020,10.59
23/03/2018,-76080,-3445610000,45.7(-2.14 %),2020,91160000,78100,3536770000,31260260,10.55
26/03/2018,-33440,-1534240000,45(-1.53 %),3680,166260000,37120,1700500000,31257450,10.55
27/03/2018,-34490,-1554080000,44.5(-1.11 %),1900,85190000,36390,1639270000,31262640,10.55
28/03/2018,-107450,-4799140000,44.5(0.00 %),5300,237440000,112750,5036580000,31335440,10.46
29/03/2018,6750,305580000,44.95(1.01 %),9150,411900000,2400,106320000,31363410,10.42
30/03/2018,980,44940000,46.2(2.78 %),980,44940000,0,0,31398820,10.38
02/04/2018,-530,-25400000,47.95(3.79 %),370,17670000,900,43070000,31511200,10.24
03/04/2018,-73860,-3526020000,47.5(-0.94 %),3180,151850000,77040,3677870000,31510420,10.24
04/04/2018,-59920,-2768230000,46(-3.16 %),26770,1236740000,86690,4004970000,31483650,10.27
05/04/2018,-17230,-789550000,46.3(0.65 %),15410,712900000,32640,1502450000,31469140,10.29
06/04/2018,-13880,-641070000,46(-0.65 %),23120,1064460000,37000,1705530000,31523060,10.23
09/04/2018,-40630,-1789570000,44.95(-2.28 %),73070,3293410000,113700,5082980000,31536680,10.21
10/04/2018,-52510,-2352300000,44.3(-1.45 %),24400,1094450000,76910,3446750000,31544920,10.2
11/04/2018,-111470,-4774200000,42.8(-3.39 %),3030,131400000,114500,4905600000,31578890,10.16
12/04/2018,-77050,-3241930000,42.4(-0.93 %),15450,652350000,92500,3894280000,31677140,10.04
13/04/2018,-24670,-1044550000,42.6(0.47 %),23840,1006360000,48510,2050910000,31730210,9.97
16/04/2018,-30960,-1323010000,43.85(2.93 %),15540,673590000,46500,1996600000,31829170,9.85
17/04/2018,4930,214360000,43.25(-1.37 %),126200,5165880000,121270,4951520000,31915370,9.74
18/04/2018,17160,734490000,43(-0.58 %),48160,2060940000,31000,1326450000,31915720,9.74
19/04/2018,22810,967980000,42(-2.33 %),25160,1068500000,2350,100520000,31937060,9.72
20/04/2018,-114560,-4794500000,41.7(-0.71 %),13360,558460000,127920,5352960000,31925070,9.73
23/04/2018,-219440,-8874550000,40.2(-3.60 %),870,35070000,220310,8909620000,31955200,9.69
24/04/2018,-9520,-381420000,40.5(0.75 %),3130,127080000,12650,508500000,31954420,9.7
26/04/2018,20680,836240000,40.4(-0.25 %),24110,975570000,3430,139330000,32058230,9.57
27/04/2018,7230,294130000,40.8(0.99 %),9230,374330000,2000,80200000,32269310,9.31
02/05/2018,6300,257640000,40.8(0.00 %),6300,257640000,0,0,32275660,9.3
03/05/2018,0,0,41(0.49 %),0,0,0,0,32279090,9.3
04/05/2018,-23020,-938250000,40.2(-1.95 %),2210,88900000,25230,1027150000,32278880,9.3
07/05/2018,380,15290000,40.2(0.00 %),380,15290000,0,0,32278500,9.3
08/05/2018,1900,79990000,41.2(2.49 %),1900,79990000,0,0,32276600,9.3
09/05/2018,-381570,-15752500000,41.3(0.24 %),350,14500000,381920,15767000000,32301480,9.27
10/05/2018,19290,808360000,41.65(0.85 %),19290,808360000,0,0,32282190,9.29
11/05/2018,-260,-10920000,42.1(1.08 %),40,1670000,300,12590000,32282150,9.29
14/05/2018,24720,1066470000,43.9(4.28 %),26740,1153940000,2020,87470000,32637330,8.86
15/05/2018,1000,44500000,44.5(1.37 %),1000,44500000,0,0,32636330,8.86
16/05/2018,1660,73870000,44.25(-0.56 %),3880,172660000,2220,98790000,32632750,8.86
17/05/2018,-2540,-113060000,44.3(0.11 %),0,0,2540,113060000,32634770,8.86
18/05/2018,21160,927930000,44.5(0.45 %),23300,1021660000,2140,93730000,32611470,8.89
21/05/2018,1300,57780000,43.8(-1.57 %),1300,57780000,0,0,32612390,8.89
22/05/2018,5540,242730000,42.6(-2.74 %),5560,243610000,20,880000,32609370,8.89
23/05/2018,-2840,-120570000,42.6(0.00 %),0,0,2840,120570000,32611510,8.89
24/05/2018,5720,246970000,43.2(1.41 %),6400,275730000,680,28760000,32605110,8.9
25/05/2018,1000,43000000,42.1(-2.55 %),1000,43000000,0,0,32604130,8.9
28/05/2018,1480,59350000,39.3(-6.65 %),1480,59350000,0,0,32605490,8.89
29/05/2018,0,0,41.5(5.60 %),0,0,0,0,32606170,8.89
30/05/2018,180,7470000,41.3(-0.48 %),180,7470000,0,0,32605990,8.89
31/05/2018,350,14530000,42.7(3.39 %),350,14530000,0,0,32605640,8.89
01/06/2018,1500,63750000,42.5(-0.47 %),1500,63750000,0,0,32604140,8.9
04/06/2018,-74860,-3238480000,43.7(2.82 %),17000,739000000,91860,3977480000,32587140,8.92
05/06/2018,34020,1484710000,43.3(-0.92 %),108540,4757550000,74520,3272840000,32478600,9.05
06/06/2018,-6890,-312670000,46(6.24 %),1010,46460000,7900,359130000,32477590,9.05
07/06/2018,52530,2475540000,47(2.17 %),68700,3233540000,16170,758000000,32500750,9.02
08/06/2018,-1420,-65320000,46.8(-0.43 %),5420,253760000,6840,319080000,32569850,8.94
11/06/2018,4890,225580000,45.65(-2.46 %),4890,225580000,0,0,32572860,8.93
12/06/2018,-10480,-461320000,44.3(-2.96 %),21260,944940000,31740,1406260000,32567770,8.94
13/06/2018,-10560,-466800000,44.5(0.45 %),10440,464080000,21000,930880000,32564170,8.95
14/06/2018,18850,490830000,25.85(2.09 %),20850,542530000,2000,51700000,32543320,8.97
15/06/2018,16890,425010000,25.4(-1.74 %),17490,440190000,600,15180000,32557570,8.95
18/06/2018,15020,373670000,24(-5.51 %),20020,494510000,5000,120840000,32558550,8.95
19/06/2018,40800,915140000,22.45(-6.46 %),54050,1217520000,13250,302380000,32506500,9.02
20/06/2018,1710,37590000,23.1(2.90 %),4000,90200000,2290,52610000,32503100,9.02
21/06/2018,100,2290000,22.6(-2.16 %),2280,52210000,2180,49920000,32505820,9.02
22/06/2018,0,-50000,22.6(0.00 %),200,4520000,200,4570000,32518870,9.0
25/06/2018,1500,34200000,23(1.77 %),1500,34200000,0,0,32519660,9.0
26/06/2018,4000,89600000,22.7(-1.30 %),4000,89600000,0,0,32517840,9.0
27/06/2018,-1380,-30330000,21.6(-4.85 %),0,0,1380,30330000,32518040,9.0
28/06/2018,0,0,21(-2.78 %),0,0,0,0,32518040,9.0
29/06/2018,-47500,-974540000,20.8(-0.95 %),0,0,47500,974540000,32518040,9.0
02/07/2018,3220,65070000,19.6(-5.77 %),4510,90350000,1290,25280000,32514910,9.01
03/07/2018,7350,141090000,18.9(-3.57 %),7750,148610000,400,7520000,32507160,9.02
04/07/2018,140,2660000,19(0.53 %),1030,19570000,890,16910000,54297883,8.93
05/07/2018,-5670,-105200000,18.6(-2.11 %),360,6750000,6030,111950000,54298813,8.93
06/07/2018,-35550,-683700000,19.5(4.84 %),2000,38800000,37550,722500000,54297213,8.93
09/07/2018,-89900,-1751200000,19.5(0.00 %),30,580000,89930,1751780000,54298073,8.93
10/07/2018,-15150,-306030000,20.25(3.85 %),0,0,15150,306030000,54304103,8.92
11/07/2018,124070,2459940000,19.85(-1.98 %),124070,2459940000,0,0,54217583,8.99
12/07/2018,0,0,20(0.76 %),0,0,0,0,54307513,8.92
13/07/2018,0,0,20(0.00 %),0,0,0,0,54322663,8.91
16/07/2018,0,0,19.9(-0.50 %),128000,2547200000,128000,2547200000,54322663,8.91
17/07/2018,10450,209000000,20.1(1.01 %),10450,209000000,0,0,54312213,8.92
18/07/2018,-1100,-22585000,20.25(0.75 %),200,4000000,1300,26585000,54313313,0.0
19/07/2018,-1030,-20870000,20.1(-0.74 %),10,200000,1040,21070000,54312003,8.92
20/07/2018,-3560,-71380000,20.05(-0.25 %),0,0,3560,71380000,54312003,8.92
23/07/2018,-220,-4382000,20.05(0.00 %),200,4060000,420,8442000,54312223,0.0
24/07/2018,0,0,19.95(-0.50 %),0,0,0,0,54314143,8.92
25/07/2018,0,0,20(0.25 %),0,0,0,0,54317703,8.91
26/07/2018,-5240,-105350000,20.5(2.50 %),1450,29240000,6690,134590000,54316679,8.91
27/07/2018,-550,-12050000,21.9(6.83 %),0,0,550,12050000,54316679,8.91
30/07/2018,22800,523120000,23.4(6.85 %),22800,523120000,0,0,54293879,8.93
31/07/2018,181600,4399216000,24.8(5.98 %),181600,4399216000,0,0,54112279,0.0
01/08/2018,50000,1202200000,24(-3.23 %),57000,1369500000,7000,167300000,54062519,9.1
02/08/2018,-2970,-69990000,23.5(-2.08 %),30,710000,3000,70700000,54062489,9.1
03/08/2018,-18980,-454800000,23.7(0.85 %),4500,107100000,23480,561900000,54057989,9.1
06/08/2018,-9510,-219460500,23.35(-1.48 %),500,11650000,10010,231110500,54067499,0.0
07/08/2018,-5620,-132351000,23.4(0.21 %),0,0,5620,132351000,54073119,0.0
08/08/2018,-470,-10310000,23.6(0.85 %),5150,121760000,5620,132070000,54085819,9.08
09/08/2018,0,0,23.6(0.00 %),0,0,0,0,54095829,9.08
10/08/2018,0,0,24(1.69 %),0,0,0,0,54101449,9.07
13/08/2018,0,-450000,24.2(0.83 %),3000,72900000,3000,73350000,54104069,9.07
14/08/2018,-2800,-67030000,24.5(1.24 %),500,12100000,3300,79130000,54103569,9.07
15/08/2018,0,0,24.35(-0.61 %),0,0,0,0,54103572,9.07
16/08/2018,0,0,24.35(0.00 %),0,0,0,0,54106572,9.07
17/08/2018,4990,121691000,24.3(-0.21 %),4990,121691000,0,0,54101582,0.0
20/08/2018,970,23270000,23.9(-1.65 %),1000,24000000,30,730000,54103882,9.07
21/08/2018,5000,120750000,24.4(2.09 %),5010,120990000,10,240000,54098872,9.07
22/08/2018,-480,-11690000,24.5(0.41 %),20,490000,500,12180000,54098852,9.07
23/08/2018,-1870,-46540000,26(6.12 %),120000,3120000000,121870,3166540000,54098882,9.07
24/08/2018,-980,-25680000,26(0.00 %),2000,51800000,2980,77480000,54099862,0.0
27/08/2018,0,0,25.5(-1.92 %),0,0,0,0,54097395,9.08
28/08/2018,2500,62250000,25.7(0.78 %),5000,126000000,2500,63750000,54094270,9.08
29/08/2018,39750,1011250000,25.2(-1.95 %),39750,1011250000,0,0,54057500,9.1
30/08/2018,30430,775680000,25.45(0.99 %),33430,851840000,3000,76160000,54024070,9.13
31/08/2018,8950,225890000,25.25(-0.79 %),11450,289140000,2500,63250000,54015126,9.14
04/09/2018,23540,593127000,25(-0.99 %),24900,627195000,1360,34068000,36930260,2.15
05/09/2018,760,18920000,24.95(-0.20 %),770,19170000,10,250000,53992456,9.15
06/09/2018,9610,238380500,24.55(-1.60 %),9610,238380500,0,0,53982846,0.0
07/09/2018,13630,333509000,25(1.83 %),23830,583414000,10200,249905000,53969216,0.0
10/09/2018,-49750,-1233830000,24.65(-1.40 %),680,16830000,50430,1250660000,53962209,9.18
11/09/2018,-47430,-1154450000,24.5(-0.61 %),7000,169650000,54430,1324100000,53955209,9.18
12/09/2018,1000,24300000,24.9(1.63 %),1000,24300000,0,0,53964409,9.17
13/09/2018,-31660,-781280000,24.85(-0.20 %),0,0,31660,781280000,54014839,9.14
14/09/2018,-134070,-3419560000,25.75(3.62 %),0,0,134070,3419560000,54069269,9.1
17/09/2018,100,2580000,26.8(4.08 %),100,2580000,0,0,54069169,9.1
18/09/2018,2240,60070000,27.1(1.12 %),2240,60070000,0,0,54098592,9.07
19/09/2018,0,0,26.5(-2.21 %),0,0,0,0,54232669,8.98
20/09/2018,6100,162770000,26.75(0.94 %),6100,162770000,0,0,54226569,8.98
21/09/2018,-7440,-198350000,26.4(-1.31 %),0,0,7440,198350000,54226569,8.98
24/09/2018,540,14225000,26.25(-0.57 %),540,14225000,0,0,54226029,8.98
25/09/2018,0,0,27(2.86 %),0,0,0,0,54226029,8.98
26/09/2018,-500,-13900000,27.45(1.67 %),0,0,500,13900000,54232969,8.98
27/09/2018,8540,230410000,26.9(-2.00 %),8540,230410000,0,0,54224429,8.98
28/09/2018,110,2948000,26.6(-1.12 %),110,2948000,0,0,54224319,8.98
01/10/2018,-209000,-5626580000,26.95(1.32 %),1000,27000000,210000,5653580000,54225519,8.98
02/10/2018,-139710,-3761770500,26.8(-0.56 %),10,271500,139720,3762042000,54365229,8.88
03/10/2018,-90780,-2431250000,26.8(0.00 %),0,0,90780,2431250000,54225509,8.98
04/10/2018,-33210,-907660000,27.65(3.17 %),30,820000,33240,908480000,54435479,8.83
05/10/2018,-8380,-237810000,28.45(2.89 %),130,3670000,8510,241480000,54575069,8.72
08/10/2018,-63000,-1857200000,29(1.93 %),0,0,63000,1857200000,54665849,8.66
09/10/2018,-145630,-4173640000,28.5(-1.72 %),0,0,145630,4173640000,54699089,8.63
10/10/2018,-164360,-4650800500,28(-1.75 %),10800,307623000,175160,4958423500,54863449,8.51
11/10/2018,-62550,-1669913000,26.4(-5.71 %),3840,101880000,66390,1771793000,54925999,8.46
12/10/2018,-83710,-2263858500,27.7(4.92 %),0,0,83710,2263858500,55009709,8.4
15/10/2018,-99140,-2776450000,28.2(1.81 %),202750,5606040000,301890,8382490000,55076749,8.35
16/10/2018,-138150,-3983530000,29.3(3.90 %),50,1450000,138200,3984980000,55143089,8.3
17/10/2018,-57880,-1716885000,29.1(-0.68 %),1900,55945000,59780,1772830000,55200969,8.26
18/10/2018,-74250,-2166140000,29.1(0.00 %),0,0,74250,2166140000,55324039,8.17
19/10/2018,-70070,-2034964000,29.2(0.34 %),200,5620000,70270,2040584000,55394109,8.12
22/10/2018,-57400,-1665560000,28.8(-1.37 %),0,0,57400,1665560000,55521819,8.02
23/10/2018,-84750,-2414434000,28.7(-0.35 %),0,0,84750,2414434000,55606569,7.96
24/10/2018,-42840,-1216652000,28.1(-2.09 %),10000,283000000,52840,1499652000,55649409,7.93
25/10/2018,-151400,-4240330000,28.2(0.36 %),1000,28000000,152400,4268330000,55712739,7.88
26/10/2018,-9400,-265360000,28.05(-0.53 %),1100,30870000,10500,296230000,55796389,7.82
29/10/2018,-70710,-1965240000,28.1(0.18 %),0,0,70710,1965240000,55849229,7.78
30/10/2018,-82550,-2294192500,27.6(-1.78 %),0,0,82550,2294192500,55931779,7.72
31/10/2018,-118800,-3349105000,28.5(3.26 %),0,0,118800,3349105000,56050579,7.63
01/11/2018,-20980,-591690000,28.25(-0.88 %),10,290000,20990,591980000,56082829,7.61
02/11/2018,-97420,-2803478000,28.9(2.30 %),0,0,97420,2803478000,56180249,7.54
05/11/2018,-23400,-683590000,29.8(3.11 %),100,2900000,23500,686490000,56284079,7.46
06/11/2018,1500,44400000,29.3(-1.68 %),1500,44400000,0,0,56282579,7.46
07/11/2018,-10650,-312660000,29.2(-0.34 %),8000,232800000,18650,545460000,56392989,7.38
08/11/2018,-25590,-747720000,29(-0.68 %),0,0,25590,747720000,56416489,7.36
09/11/2018,500,14450000,28.9(-0.34 %),500,14450000,0,0,56415989,7.36
12/11/2018,-22470,-642090000,28.6(-1.04 %),12000,346350000,34470,988440000,56422639,7.36
13/11/2018,-45800,-1451479000,29.2(2.10 %),146240,4096150000,192040,5547629000,56468439,7.33
14/11/2018,-11190,-341443500,30.85(5.65 %),0,0,11190,341443500,56479629,7.32
15/11/2018,-10160,-315960000,30.85(0.00 %),0,0,10160,315960000,56336459,7.42
16/11/2018,-300,-9360000,31(0.49 %),130,4020000,430,13380000,56528369,7.28
19/11/2018,-4000,-122650000,30.7(-0.97 %),0,0,4000,122650000,56539559,7.27
20/11/2018,-2660,-83340000,31.9(3.91 %),0,0,2660,83340000,56549719,7.27
21/11/2018,5950,190100000,32(0.31 %),6000,191700000,50,1600000,56544149,7.27
22/11/2018,33700,1071200000,32(0.00 %),45000,1429410000,11300,358210000,56503149,7.3
23/11/2018,0,0,31.1(-2.81 %),0,0,0,0,56503149,7.3
26/11/2018,-100,0,32(2.89 %),0,0,100,0,56503249,7.3
27/11/2018,-100,-3190000,31.95(-0.16 %),0,0,100,3190000,56503349,7.3
28/11/2018,-30830,-965240000,31.5(-1.41 %),500,15750000,31330,980990000,56519659,7.29
29/11/2018,500,15130000,30.4(-3.49 %),500,15130000,0,0,56519259,7.29
30/11/2018,-4850,-150250000,31.5(3.62 %),1200,35400000,6050,185650000,56518159,7.29
03/12/2018,13650,442885000,32.4(2.86 %),18650,603635000,5000,160750000,56530839,7.28
04/12/2018,17510,563490000,32.4(0.00 %),18110,582720000,600,19230000,56512729,7.29
05/12/2018,18190,583693500,31.9(-1.54 %),18700,600090000,510,16396500,56494539,7.31
06/12/2018,9700,309410000,32.05(0.47 %),9700,309410000,0,0,56484839,7.31
07/12/2018,200,6350000,32.1(0.16 %),200,6350000,0,0,56495779,7.31
10/12/2018,2000,63300000,31.7(-1.25 %),2000,63300000,0,0,56494289,7.31
11/12/2018,0,0,31.3(-1.26 %),0,0,0,0,56494289,7.31
12/12/2018,250,7905500,31.7(1.28 %),250,7905500,0,0,56494039,7.31
13/12/2018,16700,508418000,30.5(0.99 %),16700,508418000,0,0,56477339,7.32
14/12/2018,0,0,29.9(-1.97 %),0,0,0,0,56477339,7.32
17/12/2018,2000,60500000,30.5(2.01 %),2000,60500000,0,0,56475339,7.32
18/12/2018,-1020,-30700000,30.5(0.00 %),0,0,1020,30700000,56475321,7.32
19/12/2018,125600,3834430000,31.5(3.28 %),126000,3846670000,400,12240000,56349321,7.41
20/12/2018,165570,5296730000,32.5(3.17 %),167900,5370840000,2330,74110000,56181421,7.54
21/12/2018,136350,4468980000,32.95(1.38 %),138100,4525810000,1750,56830000,56044341,7.64
24/12/2018,58210,1899230000,32.75(-0.61 %),58220,1899560000,10,330000,55986521,7.68
25/12/2018,0,0,31.8(-2.90 %),0,0,0,0,55988851,7.68
26/12/2018,0,0,31.8(0.00 %),0,0,0,0,55988851,7.68
27/12/2018,20100,647610000,32.5(2.20 %),20100,647610000,0,0,55970511,7.69
28/12/2018,76780,2527560000,33.45(2.92 %),83970,2767710000,7190,240150000,55886541,7.76
02/01/2019,77290,2615887500,34(1.64 %),77300,2616223000,10,335500,55809241,7.81
03/01/2019,46000,1534682000,33.95(-0.15 %),50000,1668171500,4000,133489500,55763241,7.85
04/01/2019,55470,1901980000,34.65(2.06 %),55470,1901980000,0,0,55710961,7.88
07/01/2019,116220,4159948500,35(1.01 %),135550,4851130000,19330,691181500,55594741,7.97
08/01/2019,390,39770000,35(0.00 %),412390,14190480000,412000,14150710000,55539031,8.01
09/01/2019,1670,60260000,35.3(0.86 %),10240,360150000,8570,299890000,55528791,8.02
10/01/2019,-4010,-142450000,35.1(-0.57 %),0,0,4010,142450000,55548121,8.0
11/01/2019,-7480,-262083000,36(2.56 %),0,0,7480,262083000,55555601,8.0
14/01/2019,500,18130000,36.5(1.39 %),500,18130000,0,0,55596191,7.97
15/01/2019,3420,124760000,36.5(0.00 %),3420,124760000,0,0,55596781,7.97
16/01/2019,6400,231551000,36(-1.37 %),6400,231551000,0,0,55590381,7.97
17/01/2019,23400,803400000,34.7(-3.61 %),24900,855350000,1500,51950000,55572961,7.99
18/01/2019,1300,44720000,36(3.75 %),1800,61870000,500,17150000,55571161,7.99
21/01/2019,0,0,36.1(0.28 %),0,0,0,0,55571161,7.99
22/01/2019,100,3570000,35.5(-1.66 %),100,3570000,0,0,55572561,7.99
23/01/2019,500,17730000,36.2(1.97 %),500,17730000,0,0,55572561,7.99
24/01/2019,-3010,-108791000,35.9(-0.83 %),1100,39580000,4110,148371000,55575071,7.98
25/01/2019,-19810,-707240000,35.6(-0.84 %),0,0,19810,707240000,55571461,7.99
28/01/2019,-5900,-206090000,34.9(-1.97 %),200,6800000,6100,212890000,55600781,7.97
29/01/2019,-5210,-186520000,35.9(2.87 %),0,0,5210,186520000,55575371,7.98
30/01/2019,5600,200670000,35.9(0.00 %),6000,215030000,400,14360000,55589181,7.97
31/01/2019,1010,36150000,35.5(-1.11 %),1010,36150000,0,0,55594271,7.97
01/02/2019,0,0,35.55(0.14 %),0,0,0,0,0,0.0
11/02/2019,180,6550000,36.45(2.53 %),180,6550000,0,0,55599701,7.97
12/02/2019,-1650,-60390000,37.6(3.16 %),0,0,1650,60390000,55600951,7.97
13/02/2019,-5550,-210530000,37.95(0.93 %),1000,38000000,6550,248530000,55598701,7.97
14/02/2019,0,0,37.6(-0.92 %),0,0,0,0,55598701,7.97
15/02/2019,-64140,-2436868000,38.2(1.60 %),0,0,64140,2436868000,55670641,7.91
18/02/2019,-107120,-4227098500,39.5(3.40 %),64520,2501912500,171640,6729011000,55777761,7.84
19/02/2019,82310,3275350000,39.8(0.76 %),82410,3279350000,100,4000000,55459971,8.07
20/02/2019,-2880,-106320000,39.9(0.25 %),18780,752890000,21660,859210000,55505331,8.04
21/02/2019,25480,1019460000,39.7(-0.50 %),42610,1700880000,17130,681420000,55634361,7.94
22/02/2019,125630,4896814500,40.5(2.02 %),127710,4980304500,2080,83490000,55547221,8.01
25/02/2019,33740,1438922000,43(6.17 %),37360,1589239000,3620,150317000,55513481,8.03
26/02/2019,-10800,-467300000,43.9(2.09 %),2500,108350000,13300,575650000,55505681,8.04
27/02/2019,-28430,-1248050000,45(2.51 %),1750,76650000,30180,1324700000,55506011,8.04
28/02/2019,22200,986800000,44(-2.22 %),22200,986800000,0,0,55530511,8.02
01/03/2019,-3880,-173658000,45.4(3.18 %),2110,94397000,5990,268055000,55500731,8.04
04/03/2019,8560,392490000,46(1.32 %),8560,392490000,0,0,55520244,8.03
05/03/2019,-57360,-2624030000,45.7(-0.65 %),3600,165600000,60960,2789630000,55516644,8.03
06/03/2019,-400,-18210000,45.7(0.00 %),100,4540000,500,22750000,55549931,8.0
07/03/2019,99200,4467350000,44.75(-2.08 %),105650,4758330000,6450,290980000,55416878,8.1
08/03/2019,75950,3412180000,47.4(5.92 %),79550,3575810000,3600,163630000,55398288,8.12
11/03/2019,-4830,-238877500,49(3.38 %),10570,508289500,15400,747167000,55478811,8.06
12/03/2019,57950,2841141000,49.15(0.31 %),61050,2993351000,3100,152210000,55420861,8.1
13/03/2019,36210,1792698500,49.9(1.53 %),39840,1970509500,3630,177811000,55384651,8.13
14/03/2019,23350,1155417000,49(-1.80 %),43450,2158882000,20100,1003465000,55361301,8.14
15/03/2019,15510,763090000,49.2(0.41 %),52510,2576090000,37000,1813000000,55256918,8.22
18/03/2019,-860,-42830000,51.3(4.27 %),1750,87980000,2610,130810000,55258798,8.22
19/03/2019,79000,4156122000,53(3.31 %),82000,4312222000,3000,156100000,55178778,8.28
20/03/2019,35760,1914590000,54(1.89 %),120360,6412170000,84600,4497580000,55076538,8.35
21/03/2019,100710,5625988000,56.2(4.07 %),104410,5833112000,3700,207124000,55042308,8.38
22/03/2019,-28280,-1531550000,53.2(-5.34 %),22920,1238790000,51200,2770340000,54954818,8.44
25/03/2019,-198900,-10212680000,49.5(-6.95 %),4970,254130000,203870,10466810000,55034448,8.38
26/03/2019,5750,270440000,47.9(-3.23 %),7150,340440000,1400,70000000,55030998,8.39
27/03/2019,-4770,-237030000,50.4(5.22 %),230,11020000,5000,248050000,55081968,8.35
28/03/2019,-2650,-133922000,52(3.17 %),1210,60504000,3860,194426000,55271158,8.21
29/03/2019,-35500,-1883594000,52.6(1.15 %),5400,284140000,40900,2167734000,55306658,8.18
01/04/2019,-176500,-9171230000,52.5(-0.19 %),29000,1519120000,205500,10690350000,55256628,8.22
02/04/2019,-8100,-429860000,52.2(-0.57 %),1400,73840000,9500,503700000,55259088,8.22
03/04/2019,-101000,-5302750000,52.5(0.57 %),0,0,101000,5302750000,55299985,8.19
04/04/2019,30120,1595346000,53.3(1.52 %),63710,3385691000,33590,1790345000,55364608,8.14
05/04/2019,26020,1374350000,52.9(-0.75 %),27020,1427050000,1000,52700000,55424255,8.1
08/04/2019,-160,-1790000,52.3(-1.13 %),9840,519910000,10000,521700000,55515415,8.03
09/04/2019,5540,281740000,50.9(-2.68 %),5540,281740000,0,0,55543465,8.01
10/04/2019,3680,187210000,51.5(1.18 %),3680,187210000,0,0,55540791,8.01
11/04/2019,10000,515000000,51.3(-0.39 %),10000,515000000,0,0,55319528,8.17
12/04/2019,0,0,51.3(0.00 %),0,0,0,0,55540791,8.01
16/04/2019,-105510,-5337450000,50.5(-1.56 %),4760,240900000,110270,5578350000,55536031,8.01
17/04/2019,-35890,-1808435000,50.5(0.00 %),510,25805000,36400,1834240000,55460928,8.07
18/04/2019,9900,500100000,50(-0.99 %),12000,604800000,2100,104700000,55451028,8.08
19/04/2019,9000,450000000,50(0.00 %),9000,450000000,0,0,55624791,7.95
22/04/2019,-230,-11500000,48.5(-3.00 %),0,0,230,11500000,55442258,8.08
23/04/2019,20000,978260000,49(1.03 %),20000,978260000,0,0,55643291,7.93
24/04/2019,7880,397390000,50.7(3.47 %),11200,560730000,3320,163340000,55632091,7.94
25/04/2019,-670,-33930000,50.3(-0.79 %),1100,55630000,1770,89560000,55631227,7.94
26/04/2019,13400,671830000,52(3.38 %),13400,671830000,0,0,55617827,7.95
02/05/2019,75770,3931536000,51.6(-0.77 %),75800,3933081000,30,1545000,55621147,7.95
03/05/2019,-250,-12679000,50.6(-1.94 %),0,0,250,12679000,55621397,7.95
06/05/2019,149580,7404124000,50.6(0.00 %),149780,7414024000,200,9900000,55471817,8.06
07/05/2019,7500,383650000,51.9(2.57 %),7500,383650000,0,0,55464317,8.07
08/05/2019,-15170,-779836000,51.7(-0.39 %),6660,342958000,21830,1122794000,55479487,8.06
09/05/2019,43280,2222010000,51.5(-0.39 %),48600,2496790000,5320,274780000,55436207,8.09
10/05/2019,79970,4092900000,51.1(-0.78 %),84970,4349400000,5000,256500000,55250087,8.22
13/05/2019,-157380,-8447291000,54.1(5.87 %),0,0,157380,8447291000,55513617,8.03
14/05/2019,-12210,-677016000,55.5(2.59 %),770,42640000,12980,719656000,55525827,8.02
15/05/2019,11460,637006000,55.4(-0.18 %),13620,756670000,2160,119664000,55514367,8.03
16/05/2019,49940,2777110000,55.7(0.54 %),55940,3111310000,6000,334200000,55369287,8.14
17/05/2019,-73560,-4151210000,55.7(0.00 %),36040,2007630000,109600,6158840000,55346227,8.15
20/05/2019,-4330,-249540000,59.4(6.64 %),0,0,4330,249540000,55348387,8.15
21/05/2019,270,15470000,58.8(-1.01 %),970,57110000,700,41640000,55353417,8.15
22/05/2019,-4560,-269200000,57.6(-2.04 %),440,25900000,5000,295100000,55462577,8.07
23/05/2019,5240,306580000,60(4.17 %),5900,345240000,660,38660000,55461007,8.07
24/05/2019,28360,1681850000,59.2(-1.33 %),57220,3415430000,28860,1733580000,55404487,8.11
27/05/2019,-35540,-2149940000,61.6(4.05 %),0,0,35540,2149940000,55440027,8.08
28/05/2019,12440,777278000,62(0.65 %),16320,1018398000,3880,241120000,55427587,8.09
29/05/2019,-12750,-789203000,58(-6.45 %),36530,2220301000,49280,3009504000,55440337,8.08
30/05/2019,23480,1362400000,58.1(0.17 %),24680,1431800000,1200,69400000,55416857,8.1
31/05/2019,-19770,-1148552000,55.9(-3.79 %),1530,88970000,21300,1237522000,55436627,8.09
03/06/2019,-218500,-12044450000,54(-3.40 %),310,17060000,218810,12061510000,55448337,8.08
04/06/2019,3750,203994000,55(1.85 %),8750,475475000,5000,271481000,55444587,8.08
05/06/2019,20690,1166013000,56.6(2.91 %),20690,1166013000,0,0,55423897,8.1
06/06/2019,-343470,-19441360000,56.5(-0.18 %),2250,127490000,345720,19568850000,55657957,7.92
07/06/2019,14600,838390000,58(2.65 %),14600,838390000,0,0,55648357,7.93
10/06/2019,9430,553090000,58.5(0.86 %),11020,646510000,1590,93420000,55637337,7.94
11/06/2019,-3580,-209664000,56.9(-2.74 %),8750,510891000,12330,720555000,55746917,7.86
12/06/2019,4850,277870000,56.8(-0.18 %),4950,283610000,100,5740000,55969357,7.69
13/06/2019,3200,183960000,57.5(1.23 %),3600,207000000,400,23040000,55967347,7.7
14/06/2019,3370,193720000,56(-2.61 %),3370,193720000,0,0,55976307,7.69
17/06/2019,-2030,-113720000,55.8(-0.36 %),1760,98520000,3790,212240000,55974647,7.69
18/06/2019,-4500,-251335000,56(0.36 %),8000,447825000,12500,699160000,55969417,7.69
19/06/2019,-970,-55340000,58.6(4.64 %),0,0,970,55340000,55967047,7.7
20/06/2019,8300,491360000,58.8(0.34 %),8400,497280000,100,5920000,55962437,7.7
21/06/2019,17020,997754000,58.9(0.17 %),17230,1009997000,210,12243000,55945067,7.71
24/06/2019,24570,1416227000,57(-3.23 %),24620,1419122000,50,2895000,55920497,7.73
25/06/2019,-2260,-131440000,57.4(0.70 %),12100,692940000,14360,824380000,55922063,7.73
26/06/2019,4850,282649000,57.9(0.87 %),10100,584827000,5250,302178000,55917907,7.73
27/06/2019,400,23200000,57.6(-0.52 %),400,23200000,0,0,55917507,7.73
28/06/2019,170750,10435945000,61.2(6.25 %),172250,10522195000,1500,86250000,55746757,7.86
01/07/2019,6120,365682000,59.3(-3.10 %),16050,956225000,9930,590543000,55759183,7.85
02/07/2019,14550,868020000,59.5(0.34 %),14550,868020000,0,0,55728583,7.87
03/07/2019,93900,5603470000,59.5(0.00 %),100400,5993470000,6500,390000000,55629683,7.94
04/07/2019,-7990,-479932000,61(2.52 %),400,24520000,8390,504452000,55658723,7.92
05/07/2019,-15000,-909000000,60.6(-0.66 %),0,0,15000,909000000,55639213,7.94
08/07/2019,4240,249560000,58.6(-3.30 %),4240,249560000,0,0,55641473,7.94
09/07/2019,300,17850000,59.6(1.71 %),300,17850000,0,0,55669183,7.92
10/07/2019,5750,345000000,59.8(0.34 %),5800,348000000,50,3000000,55658763,7.92
11/07/2019,14330,854550000,59.8(0.00 %),21330,1274950000,7000,420400000,55637433,7.94
12/07/2019,-5620,-337210000,59.7(-0.17 %),10180,610630000,15800,947840000,55627253,7.95
15/07/2019,-29420,-1779640000,60.8(1.84 %),5610,341180000,35030,2120820000,55621693,7.95
16/07/2019,-3230,-199998000,61.9(1.81 %),1520,94252000,4750,294250000,55687373,7.9
17/07/2019,990,54783000,61.5(-0.65 %),11000,675400000,10010,620617000,55686383,7.9
18/07/2019,-8970,-568012000,64.4(4.72 %),23530,1484988000,32500,2053000000,55695353,7.9
19/07/2019,-39870,-2637130000,65(0.93 %),1480,97350000,41350,2734480000,55646737,7.93
22/07/2019,-1430,-79003000,67.5(3.85 %),14270,957521000,15700,1036524000,55736653,7.87
23/07/2019,-17540,-1200700000,69.8(3.41 %),12170,839830000,29710,2040530000,55662807,7.92
24/07/2019,26330,1816765000,70.5(1.00 %),28190,1946944000,1860,130179000,55727863,7.87
25/07/2019,20370,1410830000,68.8(-2.41 %),39770,2764440000,19400,1353610000,55651897,7.93
26/07/2019,-28250,-1935730000,69(0.29 %),300,20730000,28550,1956460000,55681307,7.91
29/07/2019,30850,2120580000,68.6(-0.58 %),33850,2326080000,3000,205500000,55649317,7.93
30/07/2019,-2790,-189350000,67.5(-1.60 %),4010,271690000,6800,461040000,55664707,7.92
31/07/2019,-4660,-316820000,69.6(3.11 %),4340,293330000,9000,610150000,55688917,7.9
01/08/2019,-93490,-6721010000,72.2(3.74 %),4270,308290000,97760,7029300000,55687647,7.9
02/08/2019,7940,591563000,74(2.49 %),11150,823665000,3210,232102000,55683977,7.9
05/08/2019,2050,152212000,75.6(2.16 %),8750,655594000,6700,503382000,55681927,7.91
06/08/2019,-15730,-1183081000,75.3(-0.40 %),4560,343941000,20290,1527022000,55697657,7.89
07/08/2019,-12180,-918190000,75.6(0.40 %),21630,1605480000,33810,2523670000,55758324,7.85
08/08/2019,-150,-11387000,75.2(-0.53 %),4050,306361000,4200,317748000,55709987,7.89
09/08/2019,2030,154450000,75.3(0.13 %),3890,295520000,1860,141070000,55777374,7.84
12/08/2019,-126390,-9344450000,72.5(-3.72 %),26390,1961940000,152780,11306390000,55784794,7.83
13/08/2019,29170,2069200000,70(-3.45 %),32310,2289960000,3140,220760000,55756684,7.85
14/08/2019,-3140,-217598000,69.2(-1.14 %),1900,131324000,5040,348922000,55808317,7.81
15/08/2019,-24790,-1721290000,72(4.05 %),2000,136470000,26790,1857760000,55907424,7.74
16/08/2019,-1480,-107742000,71.6(-0.56 %),400,28640000,1880,136382000,55834587,7.79
19/08/2019,1150,82570000,71.8(0.28 %),1150,82570000,0,0,55833437,7.79
20/08/2019,-1350,-99135000,74.1(3.20 %),150,11115000,1500,110250000,55834787,7.79
21/08/2019,2050,151660000,73.1(-1.35 %),4580,338080000,2530,186420000,55937994,7.72
22/08/2019,-37180,-2712220000,73.1(0.00 %),1600,116580000,38780,2828800000,55936394,7.72
23/08/2019,-20000,-1446110000,72.2(-1.23 %),0,0,20000,1446110000,55889917,7.75
26/08/2019,-126020,-8976330000,70.8(-1.94 %),6480,462640000,132500,9438970000,55933944,7.72
27/08/2019,-12990,-923890000,71(0.28 %),0,0,12990,923890000,55972724,7.69
28/08/2019,-49580,-3540650000,71.4(0.56 %),6000,430200000,55580,3970850000,55986724,7.68
29/08/2019,-16500,-1171080000,70.1(-1.82 %),500,35050000,17000,1206130000,56118724,7.58
30/08/2019,36180,2544730000,69(-1.57 %),36180,2544730000,0,0,56095534,7.6
03/09/2019,22000,1419175000,64.2(-6.96 %),24000,1555200000,2000,136025000,56151114,7.56
04/09/2019,51050,3177996000,62.9(-2.02 %),53650,3337896000,2600,159900000,56100064,7.6
05/09/2019,370,26482000,62.9(0.00 %),3770,239757000,3400,213275000,56099694,7.6
06/09/2019,17400,1070697000,59.1(-6.04 %),22400,1378200000,5000,307503000,56082294,7.61
09/09/2019,-6760,-392110000,55(-6.94 %),1740,97690000,8500,489800000,56067160,7.62
10/09/2019,-832680,-44091790000,53.3(-3.09 %),500,26200000,833180,44117990000,56070060,7.62
11/09/2019,-81150,-4466470000,55.3(3.75 %),7050,386837000,88200,4853307000,57002884,6.93
12/09/2019,-102690,-5747510000,55(-0.54 %),13310,745300000,116000,6492810000,56063200,7.62
13/09/2019,18820,1033588000,54.9(-0.18 %),18820,1033588000,0,0,57086754,6.87
16/09/2019,-67360,-3690236000,54.1(-1.46 %),38840,2138421000,106200,5828657000,57249114,6.75
17/09/2019,-81990,-4447714000,55.4(2.40 %),10,552000,82000,4448266000,57331104,6.69
18/09/2019,-81200,-4531800000,56(1.08 %),5800,322800000,87000,4854600000,57132104,6.84
19/09/2019,-33500,-1878530000,55.5(-0.89 %),1670,94590000,35170,1973120000,57236634,6.76
20/09/2019,-29500,-1621090000,54.3(-2.16 %),8500,467750000,38000,2088840000,57310134,6.7
23/09/2019,6670,363138000,53.9(-0.74 %),6670,363138000,0,0,57468634,6.59
24/09/2019,15150,830260000,55.7(3.34 %),15150,830260000,0,0,57410484,6.63
25/09/2019,42470,2422303000,57.9(3.95 %),65200,3718841000,22730,1296538000,57411014,6.63
26/09/2019,2500,145110000,57.8(-0.17 %),2500,145110000,0,0,57408514,6.63
27/09/2019,15170,892735000,60.4(4.50 %),52540,3105310000,37370,2212575000,57393344,6.64
30/09/2019,-20520,-1271741000,61(0.99 %),5810,356114000,26330,1627855000,57413864,6.63
01/10/2019,-2650,-162450000,61.4(0.66 %),960,58930000,3610,221380000,57344204,6.68
02/10/2019,-7420,-453968000,59.3(-3.42 %),7300,438620000,14720,892588000,57352584,6.67
03/10/2019,13150,770870000,60.2(1.52 %),13150,770870000,0,0,57387454,6.65
04/10/2019,0,0,60.8(1.00 %),0,0,0,0,57391064,6.64
07/10/2019,5760,350810000,59.7(-1.81 %),5820,354460000,60,3650000,57399964,6.64
08/10/2019,10000,596473000,59(-1.17 %),10000,596473000,0,0,57323674,6.69
09/10/2019,10040,598806000,60.8(3.05 %),10300,614420000,260,15614000,57313634,6.7
10/10/2019,17350,1084528000,62.6(2.96 %),23370,1463374000,6020,378846000,57296284,6.71
11/10/2019,45400,2843730000,62.5(-0.16 %),46000,2881470000,600,37740000,57250884,6.75
14/10/2019,43160,2691839000,60.7(-2.88 %),43160,2691839000,0,0,57207724,6.78
15/10/2019,5550,331120000,60(-1.15 %),6450,384670000,900,53550000,57267024,6.74
16/10/2019,980,60050000,59.3(-1.17 %),4110,247537000,3130,187487000,57201194,6.78
17/10/2019,13950,841670000,60.9(2.70 %),14250,859550000,300,17880000,57249264,6.75
18/10/2019,1230,74300000,60(-1.48 %),1250,75520000,20,1220000,57248914,6.75
21/10/2019,31730,1903840000,60(0.00 %),31730,1903840000,0,0,57220314,6.77
22/10/2019,29650,1770060000,59.9(-0.17 %),30030,1792750000,380,22690000,57190590,6.79
23/10/2019,-4380,-260276000,59.1(-1.34 %),2080,123599000,6460,383875000,57129014,6.84
24/10/2019,12200,746070000,62(4.91 %),20300,1241900000,8100,495830000,57168230,6.81
25/10/2019,-1000,-62400000,62.2(0.32 %),0,0,1000,62400000,57168610,6.81
28/10/2019,5290,328066000,60.7(-2.41 %),5290,328066000,0,0,57112524,6.85
29/10/2019,12600,770990000,60(-1.15 %),15300,933210000,2700,162220000,57162580,6.81
30/10/2019,28700,1709830000,59(-1.67 %),29600,1764100000,900,54270000,57133980,6.83
31/10/2019,-27120,-1600170000,58.9(-0.17 %),4720,278490000,31840,1878660000,57129260,6.84
01/11/2019,6100,359246000,58.7(-0.34 %),6100,359246000,0,0,57131960,6.84
04/11/2019,10910,646610000,57.8(-1.53 %),52470,3050640000,41560,2404030000,57074290,6.88
05/11/2019,-80,-4825000,57.2(-1.04 %),5440,312097000,5520,316922000,57121130,6.84
06/11/2019,22720,1335530000,59(3.15 %),22780,1338970000,60,3440000,57077910,6.88
07/11/2019,690,40300000,58.1(-1.53 %),1700,98990000,1010,58690000,57097720,6.86
08/11/2019,-4630,-270075000,58.2(0.17 %),10,579000,4640,270654000,57102350,6.86
11/11/2019,3700,215180000,57.9(-0.52 %),8740,508110000,5040,292930000,57114600,6.85
12/11/2019,-31260,-1790630000,56.9(-1.73 %),70,4020000,31330,1794650000,57115543,6.85
13/11/2019,-3510,-197480000,55(-3.34 %),610,33590000,4120,231070000,57119573,6.85
14/11/2019,-5860,-326280000,55.3(0.55 %),4140,230220000,10000,556500000,57120473,6.84
15/11/2019,-53120,-2976355000,56.4(1.99 %),3480,195442000,56600,3171797000,57192400,6.79
18/11/2019,-790,-44630000,56.5(0.18 %),210,11970000,1000,56600000,57193190,6.79
19/11/2019,1380,78230000,57.8(2.30 %),1860,105370000,480,27140000,57160373,6.81
20/11/2019,5520,328750000,59.8(3.46 %),5940,353820000,420,25070000,57211033,6.78
21/11/2019,33410,1965822000,58.7(-1.84 %),38200,2247886000,4790,282064000,57152880,6.82
22/11/2019,20550,1205230000,58(-1.19 %),23610,1384720000,3060,179490000,57150703,6.82
25/11/2019,-3820,-218970000,57(-1.72 %),180,10290000,4000,229260000,57150943,6.82
26/11/2019,4530,259970000,56.4(-1.05 %),4600,263960000,70,3990000,57131620,6.84
27/11/2019,5370,301790000,56.2(-0.35 %),12300,691950000,6930,390160000,57141893,6.83
28/11/2019,-2810,-159646000,56.8(1.07 %),0,0,2810,159646000,57129060,6.84
29/11/2019,14170,806409000,56.8(0.00 %),14610,831308000,440,24899000,57114890,6.85
02/12/2019,-19850,-1066554000,54(-4.93 %),0,0,19850,1066554000,57138283,6.83
03/12/2019,-22880,-1248666000,54.6(1.11 %),12540,681030000,35420,1929696000,57161163,6.81
04/12/2019,5470,296210000,55(0.73 %),5470,296210000,0,0,57123523,6.84
05/12/2019,-1250,-69375000,54.9(-0.18 %),2750,151625000,4000,221000000,57156943,6.82
06/12/2019,-4390,-239156000,54.2(-1.28 %),4500,245150000,8890,484306000,57161333,6.81
09/12/2019,-95050,-5126839000,53.8(-0.74 %),22000,1191208000,117050,6318047000,57256383,6.74
10/12/2019,-220540,-11916570000,53.8(0.00 %),1730,93070000,222270,12009640000,57151810,6.82
11/12/2019,-80950,-4305250000,51.5(-4.28 %),2050,110280000,83000,4415530000,57158650,6.82
12/12/2019,-12810,-667812000,52(0.97 %),10700,556582000,23510,1224394000,57570683,6.51
13/12/2019,-28600,-1491460000,51.8(-0.38 %),18400,959220000,47000,2450680000,57599283,6.49
16/12/2019,-7640,-397200000,52.1(0.58 %),3860,199980000,11500,597180000,57548010,6.53
17/12/2019,190,9881000,52.1(0.00 %),190,9881000,0,0,57606733,6.49
18/12/2019,-4100,-216805000,52.4(0.58 %),1400,73120000,5500,289925000,57610833,6.48
19/12/2019,-77910,-3997416000,51.1(-2.48 %),2800,145560000,80710,4142976000,57688743,6.43
20/12/2019,-27410,-1324060000,47.65(-6.75 %),2700,133410000,30110,1457470000,57622930,6.47
23/12/2019,-39630,-1779920000,44.8(-5.98 %),15240,701060000,54870,2480980000,57613190,6.48
24/12/2019,-451510,-18090112000,40(-10.71 %),49780,1997275500,501290,20087387500,58207293,6.04
25/12/2019,14510,598157500,41.4(3.50 %),20900,860019000,6390,261861500,58192783,6.05
26/12/2019,-5860,-242830000,40.55(-2.05 %),4080,167800000,9940,410630000,57704120,6.41
27/12/2019,23890,970920000,40.45(-0.25 %),31190,1262920000,7300,292000000,58174220,6.07
30/12/2019,-451510,-18090112000,38.5(-4.82 %),49780,1997275500,501290,20087387500,58626263,5.73
31/12/2019,35180,1356380000,38.2(-0.78 %),44840,1726970000,9660,370590000,58134750,6.1
02/01/2020,43280,1674523000,38.75(1.44 %),43280,1674523000,0,0,58142050,6.09
03/01/2020,17670,710590000,40.3(4.00 %),21110,847610000,3440,137020000,58081530,6.14
06/01/2020,-36450,-1438873500,39.1(-2.98 %),4390,176819000,40840,1615692500,58160830,6.08
07/01/2020,-45560,-1779260000,39(-0.26 %),5900,232300000,51460,2011560000,58080900,6.14
08/01/2020,-41940,-1567160000,37.5(-3.85 %),15090,578690000,57030,2145850000,58069250,6.14
09/01/2020,5570,218454000,39(4.00 %),29500,1151724000,23930,933270000,58242760,6.02
10/01/2020,-44290,-1754300000,38.9(-0.26 %),19880,785500000,64170,2539800000,58112170,6.11
13/01/2020,-33550,-1286490000,38.35(-1.41 %),320,12320000,33870,1298810000,58168880,6.07
14/01/2020,-13740,-528256500,38.65(0.78 %),500,19000000,14240,547256500,58334340,5.95
15/01/2020,-1250,-47087500,38.65(0.00 %),8090,312678500,9340,359766000,58335590,5.95
16/01/2020,18730,746010000,40.1(3.75 %),19630,782010000,900,36000000,58262630,6.0
17/01/2020,-16450,-664040000,40.15(0.12 %),0,0,16450,664040000,58276870,5.99
20/01/2020,-56720,-2261750000,39.3(-2.12 %),1570,62770000,58290,2324520000,58284640,5.99
21/01/2020,-1000,-38480000,38.95(-0.89 %),2770,108650000,3770,147130000,58282770,5.99
22/01/2020,11370,451867500,40(2.70 %),11370,451867500,0,0,58271400,6.0
30/01/2020,-23570,-914990000,39(-2.50 %),3800,149050000,27370,1064040000,58342340,5.94
31/01/2020,-10130,-387420000,36.35(-6.79 %),1400,53860000,11530,441280000,58344710,5.94
03/02/2020,-14310,-507539000,34.1(-6.19 %),12840,440572000,27150,948111000,58344710,5.94
04/02/2020,-9940,-364930000,33.2(-2.64 %),36000,1206700000,45940,1571630000,58323240,5.96
05/02/2020,-22980,-793988000,33.65(1.36 %),60530,2034195000,83510,2828183000,58377630,5.92
06/02/2020,-9510,-300179000,36(6.98 %),50690,1779465500,60200,2079644500,58387140,5.91
07/02/2020,13760,518080000,38.5(6.94 %),15820,595300000,2060,77220000,58280820,5.99
10/02/2020,3260,123834000,38.1(-1.04 %),3260,123834000,0,0,58370120,5.92
11/02/2020,23360,914349000,38.9(2.10 %),23360,914349000,0,0,58346760,5.94
12/02/2020,-19820,-778673500,39.5(1.54 %),14010,553336500,33830,1332010000,58366580,5.92
13/02/2020,-9580,-382460000,40.2(1.77 %),0,0,9580,382460000,58385960,5.91
14/02/2020,-18820,-758260000,40.2(0.00 %),0,0,18820,758260000,58385960,5.91
17/02/2020,-10280,-408110000,39.5(-1.74 %),50,2000000,10330,410110000,58419740,5.89
18/02/2020,7630,313950000,42.25(6.96 %),8040,330124500,410,16174500,58397630,5.9
19/02/2020,-35820,-1582630000,43.9(3.91 %),6360,281090000,42180,1863720000,58433740,5.88
20/02/2020,-5290,-225420000,46.95(6.95 %),23100,1031930000,28390,1257350000,58420970,5.88
21/02/2020,-32990,-1562080000,47.2(0.53 %),15820,752240000,48810,2314320000,58405560,5.9
24/02/2020,-26080,-1180430000,48(1.69 %),2580,123750000,28660,1304180000,58445160,5.87
25/02/2020,-300,-2890000,45.3(-5.62 %),28630,1359550000,28930,1362440000,58444920,5.87
26/02/2020,8240,368580000,44.85(-0.99 %),14270,642799500,6030,274219500,58489870,5.83
27/02/2020,-7400,-331270000,45.3(1.00 %),21990,990070000,29390,1321340000,58486130,5.84
28/02/2020,345070,15977143500,47.2(4.19 %),362130,16739014000,17060,761870500,58152200,6.08
02/03/2020,172940,8112220000,46.8(-0.85 %),209000,9804240000,36060,1692020000,57949960,6.23
03/03/2020,295740,13872340000,47(0.43 %),337320,15824730000,41580,1952390000,57682130,6.43
04/03/2020,132700,6194935000,46.6(-0.85 %),132870,6202870000,170,7935000,57521520,6.55
05/03/2020,53260,-5942114870,47.7(2.36 %),230450,10957027000,177190,16899141870,57468260,6.59
06/03/2020,68900,3300552500,47.85(0.31 %),72100,3454092500,3200,153540000,57399360,6.64
09/03/2020,509930,23269700000,44.55(-6.90 %),527340,24061120000,17410,791420000,56951330,6.97
10/03/2020,207740,9119303000,44.6(0.11 %),209040,9177422500,1300,58119500,56681690,7.17
11/03/2020,298770,13288290000,44.5(-0.22 %),306160,13617810000,7390,329520000,56439330,7.35
12/03/2020,249480,10391400000,41.4(-6.97 %),252630,10523890000,3150,132490000,56204110,7.52
13/03/2020,27810,1095140000,41(-0.97 %),30510,1205330000,2700,110190000,56174900,7.54
16/03/2020,155740,6398500000,41.5(1.22 %),190030,7785220000,34290,1386720000,55992260,7.68
17/03/2020,27670,1136490000,42.3(1.93 %),44000,1802610000,16330,666120000,55951410,7.71
18/03/2020,76470,3256630000,41.7(-1.42 %),102340,4354780000,25870,1098150000,55851770,7.78
19/03/2020,19740,806760000,41(-1.68 %),51210,2091790000,31470,1285030000,55834850,7.79
20/03/2020,12420,517331500,41.3(0.73 %),50000,2044627000,37580,1527295500,55756860,7.85
23/03/2020,226200,8699310000,38.45(-6.90 %),249830,9611640000,23630,912330000,55577220,7.98
24/03/2020,40450,1528168500,37.2(-3.25 %),104500,3933730000,64050,2405561500,55490210,8.05
25/03/2020,-11660,-441240000,38.9(4.57 %),5370,207970000,17030,649210000,55536400,8.01
26/03/2020,52430,1986950000,37.65(-3.21 %),57030,2162800000,4600,175850000,55503000,8.04
27/03/2020,700,25530000,36.9(-1.99 %),2200,81140000,1500,55610000,55448740,8.08
30/03/2020,-20,-565500,34.35(-6.91 %),980,33810000,1000,34375500,55448760,8.08
31/03/2020,50020,1644740000,33(-3.93 %),64620,2134130000,14600,489390000,55520880,8.02
01/04/2020,12800,434730000,34.5(4.55 %),13800,468830000,1000,34100000,55522380,8.02
03/04/2020,-4850,-164535500,36.35(5.36 %),3640,130221500,8490,294757000,55527230,8.02
06/04/2020,124350,4758288500,38.85(6.88 %),124850,4777363500,500,19075000,55402880,8.11
07/04/2020,162660,6377970000,39.9(2.70 %),179380,7034460000,16720,656490000,55217310,8.25
08/04/2020,126420,5000004000,40.5(1.50 %),128080,5065491000,1660,65487000,55113800,8.33
09/04/2020,94660,3883719000,40.7(0.49 %),99660,4088719000,5000,205000000,55019140,8.4
10/04/2020,42870,1773418500,41.9(2.95 %),42870,1773418500,0,0,54976270,8.43
13/04/2020,68750,2856325500,41.05(-2.03 %),70150,2914845500,1400,58520000,54907520,8.48
14/04/2020,81970,3298166500,40.9(-0.37 %),84960,3418122500,2990,119956000,54825550,8.54
15/04/2020,10990,468794500,42.7(4.40 %),11390,485754500,400,16960000,54814560,8.55
16/04/2020,15140,650520500,42.85(0.35 %),21890,938085000,6750,287564500,54799420,8.56
17/04/2020,5600,248800000,44.3(3.38 %),18700,823130000,13100,574330000,54776373,8.57
20/04/2020,-210,-8290000,43.7(-1.35 %),1890,83590000,2100,91880000,54774883,8.58
21/04/2020,87850,3703762000,41.1(-5.95 %),88350,3725112000,500,21350000,54706180,8.63
22/04/2020,53000,2226130000,42(2.19 %),65300,2733120000,12300,506990000,54641083,8.67
23/04/2020,2480,104660000,42(0.00 %),2480,104660000,0,0,54640703,8.67
24/04/2020,24760,1076066000,43.1(2.62 %),43020,1844661000,18260,768595000,54625940,8.69
27/04/2020,32440,1478570000,45.85(6.38 %),34280,1560650000,1840,82080000,54576209,8.72
28/04/2020,-29840,-1359550000,45.85(0.00 %),2250,103730000,32090,1463280000,54573959,8.72
29/04/2020,-92870,-4216280000,45.2(-1.42 %),500,22700000,93370,4238980000,54591719,8.71
04/05/2020,-21780,-943440000,43.3(-4.20 %),42300,1868250000,64080,2811690000,54551259,8.74
05/05/2020,75070,3296370000,44.05(1.73 %),75070,3296370000,0,0,54518489,8.76
06/05/2020,38460,1719550000,44.9(1.93 %),38460,1719550000,0,0,54563189,8.73
07/05/2020,24360,1102280000,45.2(0.67 %),35580,1609238000,11220,506958000,54455669,8.81
08/05/2020,7030,319430000,44.15(-2.32 %),17290,785700000,10260,466270000,54574399,8.72
11/05/2020,42920,1913760000,44.7(1.25 %),53020,2364640000,10100,450880000,54521379,8.76
12/05/2020,93220,4250517500,46(2.91 %),93300,4254157500,80,3640000,54312499,8.92
13/05/2020,24670,1150925500,46.6(1.30 %),31190,1457672500,6520,306747000,54287829,8.93
14/05/2020,30150,1351303500,44.5(-4.51 %),103430,4675192500,73280,3323889000,54257679,8.96
15/05/2020,-3780,-161478500,44(-1.12 %),20140,892424000,23920,1053902500,54261459,8.95
18/05/2020,33840,1496730000,44.55(1.25 %),34840,1541030000,1000,44300000,54276659,8.94
19/05/2020,4740,214330000,44.55(0.00 %),7940,357890000,3200,143560000,54341999,8.89
20/05/2020,36150,1633270500,45.3(1.68 %),36150,1633270500,0,0,54186729,9.01
21/05/2020,25330,1173322500,46(1.55 %),28830,1333672500,3500,160350000,54161399,9.03
22/05/2020,-3650,-163610000,45.5(-1.09 %),9700,446350000,13350,609960000,54295439,8.93
25/05/2020,459180,22181160000,48.65(6.92 %),462680,22348760000,3500,167600000,53832759,9.27
26/05/2020,507110,25701500000,51.3(5.45 %),511160,25904490000,4050,202990000,53325099,9.65
27/05/2020,-52150,-2614370000,49(-4.48 %),1200,60660000,53350,2675030000,53337249,9.64
28/05/2020,162520,8084390500,50(2.04 %),163800,8146912500,1280,62522000,53088389,9.82
29/05/2020,-20110,-1004685500,50.9(1.80 %),4060,205090000,24170,1209775500,53108499,9.81
01/06/2020,157980,8426420000,53(4.13 %),183380,9631220000,25400,1204800000,53046909,9.85
02/06/2020,155480,8138210000,51.1(-3.58 %),202600,10579210000,47120,2441000000,52845589,10.0
03/06/2020,95660,5023070000,54.5(6.65 %),95860,5033870000,200,10800000,52773899,10.05
04/06/2020,-86650,-4775760000,53.7(-1.47 %),5350,294250000,92000,5070010000,52793949,10.04
05/06/2020,75000,4071690000,54.6(1.68 %),75000,4071690000,0,0,52766069,10.06
08/06/2020,201700,11106907000,54.7(0.18 %),213450,11751811000,11750,644904000,52680719,10.12
09/06/2020,-37870,-2045300000,53.7(-1.83 %),3950,215340000,41820,2260640000,52640869,10.15
10/06/2020,88060,4713830000,53.4(-0.56 %),91390,4892199000,3330,178369000,52592659,10.19
11/06/2020,208300,10577240000,50(-6.37 %),231180,11774790000,22880,1197550000,52330049,10.38
12/06/2020,197400,9861490000,50.7(1.40 %),208300,10396890000,10900,535400000,52163569,10.5
15/06/2020,-8670,-447040000,48.85(-3.65 %),42700,2098650000,51370,2545690000,52124199,10.53
16/06/2020,8220,419076000,50.2(2.76 %),10690,541613000,2470,122537000,52187409,10.49
17/06/2020,-47230,-2363690000,50(-0.40 %),400,20360000,47630,2384050000,52146889,10.51
18/06/2020,-1130,-56380000,51.4(2.80 %),0,0,1130,56380000,52198259,10.48
19/06/2020,-27120,-1405740000,52.3(1.75 %),200,10360000,27320,1416100000,52262889,10.43
22/06/2020,-41710,-2197440000,52.6(0.57 %),17720,930300000,59430,3127740000,52230439,10.45
23/06/2020,19670,1039779000,52.1(-0.95 %),102600,5375750000,82930,4335971000,52284929,10.41
24/06/2020,-29440,-1499748000,50.6(-2.88 %),800,40760000,30240,1540508000,52314369,10.39
25/06/2020,-2020,-100732000,50.6(0.00 %),700,34920000,2720,135652000,52316389,10.39
26/06/2020,-39920,-2026930000,51(0.79 %),140,7180000,40060,2034110000,52298899,10.4
29/06/2020,-39920,-2026923000,49.7(-2.55 %),140,7182000,40060,2034105000,52396229,10.33
30/06/2020,-39920,-2026923000,49.7(0.00 %),140,7182000,40060,2034105000,52436149,10.3
01/07/2020,30600,1553835000,51.5(3.62 %),35400,1792395000,4800,238560000,52367879,10.35
02/07/2020,-860,-41768000,52.7(2.33 %),5810,308117000,6670,349885000,52368739,10.35
03/07/2020,6050,319572000,52.6(-0.19 %),17100,904642000,11050,585070000,52362689,10.36
06/07/2020,-5570,-293933000,52.7(0.19 %),0,0,5570,293933000,52368259,10.35
07/07/2020,36640,1948791000,53(0.57 %),54000,2874800000,17360,926009000,52331619,10.38
08/07/2020,-221500,-11835560000,54(1.89 %),0,0,221500,11835560000,52553119,10.22
09/07/2020,-143500,-7764778000,53.7(-0.56 %),3410,184719000,146910,7949497000,52696619,10.11
10/07/2020,-10770,-564950000,52.9(-1.49 %),2920,153370000,13690,718320000,52376609,10.35
13/07/2020,-2400,-124900000,52.2(-1.32 %),1600,83500000,4000,208400000,52709789,10.1
14/07/2020,15320,802624000,53(1.53 %),16320,855274000,1000,52650000,52694469,10.11
15/07/2020,18630,988166000,52.7(-0.57 %),30500,1614350000,11870,626184000,52675839,10.12
16/07/2020,-7370,-386980000,52.6(-0.19 %),3450,181080000,10820,568060000,52710839,10.1
17/07/2020,27160,1472240000,53.7(2.09 %),31660,1711940000,4500,239700000,52680179,10.12
20/07/2020,-115580,-6300650000,53.4(-0.56 %),3340,181810000,118920,6482460000,52688709,10.12
21/07/2020,37230,1982490000,54.8(2.62 %),104760,5663210000,67530,3680720000,52594769,10.18
22/07/2020,-94040,-5196408000,54.3(-0.91 %),3100,171660000,97140,5368068000,52828439,10.01
23/07/2020,-1660,-89680000,54.5(0.37 %),340,18320000,2000,108000000,52714749,10.1
24/07/2020,80850,4247110000,52.7(-3.30 %),141500,7500060000,60650,3252950000,52640779,10.15
27/07/2020,251460,12658760000,49.05(-6.93 %),262820,13222970000,11360,564210000,52475099,10.27
28/07/2020,99310,5080120000,51.5(4.99 %),160670,8144680000,61360,3064560000,52316429,10.39
29/07/2020,252700,12553020000,50.7(-1.55 %),310100,15357270000,57400,2804250000,52066979,10.57
30/07/2020,252700,12553023000,50.5(-0.39 %),310100,15357270500,57400,2804247500,51893079,10.7
31/07/2020,312160,15675017000,50(-0.99 %),312160,15675017000,0,0,51580919,10.93
03/08/2020,190740,9763000000,51.5(3.00 %),190740,9763000000,0,0,51492199,11.0
04/08/2020,104380,5396170000,51.8(0.58 %),105590,5458680000,1210,62510000,51415719,11.05
05/08/2020,72100,3745390000,53(2.32 %),125300,6586490000,53200,2841100000,51290419,11.15
06/08/2020,24200,1284765000,52.7(-0.57 %),36150,1912293000,11950,627528000,51482259,11.01
07/08/2020,-13740,-725100000,52.9(0.38 %),0,0,13740,725100000,51255479,11.17
10/08/2020,123880,6696025000,54(2.08 %),150740,8157477000,26860,1461452000,51372119,11.09
11/08/2020,-44840,-2414600000,53.7(-0.56 %),5260,284090000,50100,2698690000,51164629,11.24
12/08/2020,-19780,-1055229000,53.6(-0.19 %),31500,1683900000,51280,2739129000,51436739,11.04
13/08/2020,-3300,-175959000,53.7(0.19 %),4510,241887000,7810,417846000,51440039,11.04
14/08/2020,4350,236563000,54(0.56 %),5650,307123000,1300,70560000,51435689,11.04
17/08/2020,-23240,-1243905000,54(0.00 %),1140,60901000,24380,1304806000,51458929,11.02
18/08/2020,19510,1053490000,54.1(0.19 %),20510,1107490000,1000,54000000,51251109,11.18
19/08/2020,54760,2994031000,57.3(5.91 %),122790,6845057000,68030,3851026000,51384659,11.08
20/08/2020,1006010,57796140000,57.6(0.52 %),1050200,60327100000,44190,2530960000,50103799,12.02
21/08/2020,1049280,61502350000,58.9(2.26 %),1130770,66288710000,81490,4786360000,48974029,12.86
24/08/2020,1910,110775000,58.5(-0.68 %),8400,492805000,6490,382030000,49497459,12.47
25/08/2020,-14490,-851670000,58.1(-0.68 %),8550,497910000,23040,1349580000,49069299,12.79
26/08/2020,48850,2885706000,58.5(0.69 %),50850,3004106000,2000,118400000,49463099,12.5
27/08/2020,12340,735362000,58.9(0.68 %),57500,3381284000,45160,2645922000,49450759,12.5
28/08/2020,-9770,-576990000,58(-1.53 %),25880,1520850000,35650,2097840000,49046089,12.8
31/08/2020,-50580,-2861350000,56.5(-2.59 %),2800,159680000,53380,3021030000,49045289,12.8
01/09/2020,-105330,-5989880000,57.6(1.95 %),35270,2020300000,140600,8010180000,49090449,12.77
03/09/2020,201520,11643356000,57.6(0.00 %),253170,14622945000,51650,2979589000,48888929,12.92
04/09/2020,12490,722431000,58(0.69 %),14490,837631000,2000,115200000,48876439,12.93
07/09/2020,-37520,-2164200000,57(-1.72 %),560,32200000,38080,2196400000,49016589,12.83
08/09/2020,-19070,-1086310000,57.5(0.88 %),3610,207170000,22680,1293480000,49064719,12.79
09/09/2020,-1220,-60800000,58.3(1.39 %),12520,725950000,13740,786750000,49054199,12.8
10/09/2020,-4450,-261370000,58.5(0.34 %),2000,118200000,6450,379570000,49090279,12.77
11/09/2020,5740,336364000,58.5(0.00 %),5740,336364000,0,0,48932959,12.89
14/09/2020,32560,1910456000,59.4(1.54 %),32560,1910456000,0,0,48900399,12.91
15/09/2020,192140,11427650000,59.2(-0.34 %),200950,11950650000,8810,523000000,48893989,12.92
16/09/2020,86640,5126580000,58.6(-1.01 %),100980,5971820000,14340,845240000,48793009,12.99
17/09/2020,-16520,-961510000,58(-1.02 %),3000,173000000,19520,1134510000,48790009,12.99
18/09/2020,19550,1133952000,57.9(-0.17 %),20550,1191852000,1000,57900000,48618589,13.12
21/09/2020,-18780,-1085441000,57.5(-0.69 %),3270,188433000,22050,1273874000,48637369,13.11
22/09/2020,-2000,-117340000,57.5(0.00 %),2050,117170000,4050,234510000,48806809,12.98
23/09/2020,-24200,-1404010000,58.5(1.74 %),3790,221110000,27990,1625120000,48804469,12.98
24/09/2020,6410,377350000,58.5(0.00 %),7510,442080000,1100,64730000,48819279,12.97
25/09/2020,-17540,-1020012000,58.1(-0.68 %),1000,57700000,18540,1077712000,48674699,13.08
28/09/2020,-3660,-211960000,58(-0.17 %),2840,164340000,6500,376300000,48847479,12.95
29/09/2020,-155960,-8958290000,56.8(-2.07 %),1720,99000000,157680,9057290000,48846859,12.95
30/09/2020,-109250,-6281500000,58.3(2.64 %),0,0,109250,6281500000,48865399,12.94
01/10/2020,8000,468000000,58.3(0.00 %),8000,468000000,0,0,48871899,12.93
02/10/2020,-124680,-7159250000,57.8(-0.86 %),900,51840000,125580,7211090000,49020679,12.82
05/10/2020,154390,9017640000,58.7(1.56 %),155800,9100200000,1410,82560000,48974129,12.86
06/10/2020,27120,1599820000,58.7(0.00 %),27520,1623420000,400,23600000,48815069,12.97
07/10/2020,20600,1209870000,58.6(-0.17 %),20610,1210460000,10,590000,49051579,12.8
08/10/2020,-16350,-942790000,58.1(-0.85 %),1070,62030000,17420,1004820000,49051919,12.8
09/10/2020,-76980,-4471460000,57.8(-0.52 %),10020,581540000,87000,5053000000,49042299,12.81
12/10/2020,-155200,-8748742000,56(-3.11 %),17760,1005654000,172960,9754396000,49042999,12.81
13/10/2020,16440,914923000,56.3(0.54 %),28040,1562820000,11600,647897000,49026559,12.82
14/10/2020,-37180,-2074880000,55.6(-1.24 %),7660,431210000,44840,2506090000,49093269,12.77
15/10/2020,-90610,-4982678000,54.5(-1.98 %),44350,2440507000,134960,7423185000,49154349,12.72
16/10/2020,-35330,-1949298000,55.3(1.47 %),5830,320239000,41160,2269537000,49189679,12.7
19/10/2020,-73570,-4072880000,55.3(0.00 %),0,0,73570,4072880000,49272489,12.64
20/10/2020,13600,754340000,55(-0.54 %),43650,2402420000,30050,1648080000,49363799,12.57
21/10/2020,-36220,-1973537000,54.3(-1.27 %),12040,662140000,48260,2635677000,49285869,12.63
22/10/2020,-21200,-1150774000,54.7(0.74 %),0,0,21200,1150774000,49307069,12.61
23/10/2020,3850,207785000,55.5(1.46 %),10050,550765000,6200,342980000,49303219,12.61
26/10/2020,-7620,-430140000,56.5(1.80 %),1260,71820000,8880,501960000,49533489,12.44
27/10/2020,-32190,-1824520000,56(-0.88 %),7010,396060000,39200,2220580000,49547679,12.43
28/10/2020,-22480,-1253012000,55.2(-1.43 %),4760,265808000,27240,1518820000,49365509,12.57
29/10/2020,600,32940000,54.8(-0.72 %),600,32940000,0,0,49557219,12.43
30/10/2020,-2000,-109200000,55.1(0.55 %),0,0,2000,109200000,49596419,12.4
02/11/2020,-151040,-8452490000,56.3(2.18 %),90,5100000,151130,8457590000,49623569,12.38
03/11/2020,-16180,-914804000,57.1(1.42 %),680,38813000,16860,953617000,49639839,12.37
04/11/2020,-303140,-17500814000,58(1.58 %),2530,146169000,305670,17646983000,49942979,12.14
05/11/2020,4370,250129000,56.8(-2.07 %),4460,255295000,90,5166000,49938609,12.14
06/11/2020,100,4980000,57.1(0.53 %),1100,62180000,1000,57200000,49784789,12.26
09/11/2020,-8400,-482298000,57.8(1.23 %),11600,665702000,20000,1148000000,49946909,12.14
10/11/2020,8210,471110000,60.8(5.19 %),30930,1854990000,22720,1383880000,50048019,12.06
11/11/2020,300350,18392600000,61.9(1.81 %),371570,22740010000,71220,4347410000,49677449,12.34
12/11/2020,-11750,-724743000,61.3(-0.97 %),2850,175095000,14600,899838000,49650099,12.36
13/11/2020,27710,1715382000,61.4(0.16 %),32580,2013106000,4870,297724000,49622389,12.38
16/11/2020,2380,146590000,61.1(-0.49 %),5790,357430000,3410,210840000,49750169,12.28
17/11/2020,-62340,-3873900000,62.5(2.29 %),63690,3954060000,126030,7827960000,49701079,12.32
18/11/2020,37310,2366602000,63.2(1.12 %),40210,2550753000,2900,184151000,49645039,12.36
19/11/2020,301460,19112560000,63.9(1.11 %),317110,20097770000,15650,985210000,49352039,12.58
20/11/2020,6870,444645000,64.6(1.10 %),7080,458295000,210,13650000,49336709,12.59
23/11/2020,50510,3296420000,65(0.62 %),50620,3303570000,110,7150000,49423275,12.53
24/11/2020,230790,14683430000,64.8(-0.31 %),231340,14718350000,550,34920000,49207585,12.68
25/11/2020,39080,2513550000,63(-2.78 %),89190,5718200000,50110,3204650000,49118605,12.75
26/11/2020,10240,643790000,62.6(-0.63 %),13490,848580000,3250,204790000,49105225,12.76
27/11/2020,20970,1324690000,63.5(1.44 %),21070,1331060000,100,6370000,49084705,12.77
30/11/2020,-9820,-626809000,63.4(-0.16 %),3930,252732000,13750,879541000,49094525,12.77
01/12/2020,37000,2357054000,63.5(0.16 %),41180,2622083000,4180,265029000,49134135,12.74
02/12/2020,-1720,-109390000,63.9(0.63 %),11950,762130000,13670,871520000,49081195,12.78
03/12/2020,227530,14824060000,65.1(1.88 %),234890,15302841000,7360,478781000,48908325,12.91
04/12/2020,11450,753460000,65.3(0.31 %),19780,1296580000,8330,543120000,48844455,12.95
07/12/2020,1067,696810000,65.4(0.15 %),1067,696810000,0,0,48847455,12.95
08/12/2020,260,16886000,65(-0.61 %),350,22754000,90,5868000,48885945,12.92
09/12/2020,-1990,-124500000,62.8(-3.38 %),100,6280000,2090,130780000,48862695,12.94
10/12/2020,-79560,-4881400000,60.5(-3.66 %),1810,110160000,81370,4991560000,48860885,12.94
11/12/2020,477550,29383430000,62(2.48 %),477560,29384050000,10,620000,48383415,13.29
14/12/2020,1710,106150000,62.4(0.65 %),1930,119830000,220,13680000,48383575,13.29
15/12/2020,516950,32999950000,63.9(2.40 %),532080,33967430000,15130,967480000,47932871,13.62
16/12/2020,-26500,-1702670000,63.9(0.00 %),2900,186600000,29400,1889270000,47929981,13.63
17/12/2020,-4380,-276600000,62.9(-1.56 %),10,640000,4390,277240000,47930191,13.63
18/12/2020,6440,406630000,63.9(1.59 %),8140,515020000,1700,108390000,47937181,13.62
21/12/2020,-11860,-759830000,64.2(0.47 %),9220,594076000,21080,1353906000,48007585,13.57
22/12/2020,13848,8945980000,66.2(3.12 %),14173,9155540000,325,209560000,47820021,13.71
23/12/2020,-21540,-1409509000,65.9(-0.45 %),5140,341229000,26680,1750738000,47890645,13.66
24/12/2020,2299,1467510000,64(-2.88 %),7170,4533480000,4871,3065970000,47765961,13.75
25/12/2020,3170,208890000,64.4(0.62 %),9420,603620000,6250,394730000,47759791,13.75
28/12/2020,27550,1759750000,64.4(0.00 %),42160,2689930000,14610,930180000,47744311,13.76
29/12/2020,357,229990000,64(-0.62 %),367,236430000,10,6440000,47789351,13.73
30/12/2020,8644,5512560000,63.9(-0.16 %),11816,7529260000,3172,2016700000,47677441,13.81
31/12/2020,3051,1933240000,63(-1.41 %),3998,2532450000,947,599210000,47652071,13.83
04/01/2021,58200,3696370000,63.6(0.95 %),59100,3753550000,900,57180000,47593071,13.88
05/01/2021,118200,7583360000,64.3(1.10 %),125100,8025060000,6900,441700000,47474871,13.96
06/01/2021,2450,1593930000,64.9(0.93 %),2570,1671880000,120,77950000,47483467,13.96
07/01/2021,-21900,-1409110000,64.4(-0.77 %),6100,393660000,28000,1802770000,47472271,13.96
08/01/2021,-340,-214330000,65.5(1.71 %),1310,852710000,1650,1067040000,47472067,13.97
11/01/2021,900,62750000,67.7(3.36 %),8600,579940000,7700,517190000,47474771,13.96
12/01/2021,10900,766170000,69.9(3.25 %),13000,912560000,2100,146390000,47463871,13.97
13/01/2021,-550,-377930000,69.5(-0.57 %),260,180200000,810,558130000,47493527,13.95
14/01/2021,4340,2988530000,69.3(-0.29 %),4460,3071090000,120,82560000,47456627,13.98
15/01/2021,-9000,-610910000,70.3(1.44 %),7800,543640000,16800,1154550000,47434971,13.99
18/01/2021,-23000,-1619280000,70.5(0.28 %),11400,800210000,34400,2419490000,47457971,13.98
19/01/2021,-2310,-1541880000,67.5(-4.26 %),610,412420000,2920,1954300000,47442727,13.99
20/01/2021,34800,2276460000,67.4(-0.15 %),273200,17836180000,238400,15559720000,47446271,13.98
21/01/2021,-165600,-10974270000,67.7(0.45 %),200,13180000,165800,10987450000,47611871,13.86
22/01/2021,-2900,-189220000,65.9(-2.66 %),2600,173260000,5500,362480000,47614771,13.86
25/01/2021,-36500,-2384350000,65.4(-0.76 %),2300,150950000,38800,2535300000,47651271,13.83
26/01/2021,8090,5156380000,64(-2.14 %),11730,7415500000,3640,2259120000,47531467,13.92
27/01/2021,-10400,-600470000,62.7(-2.03 %),16500,1020360000,26900,1620830000,47580771,13.88
28/01/2021,13000,760940000,58.4(-6.86 %),13000,760940000,0,0,47567771,13.89
29/01/2021,324000,18441420000,58.4(0.00 %),332100,18903060000,8100,461640000,47243771,14.13
01/02/2021,87800,5017660000,56.3(-3.60 %),131800,7490830000,44000,2473170000,47277390,14.11
02/02/2021,16960,9526060000,57.2(1.60 %),18230,10242330000,1270,716270000,46963290,14.34
03/02/2021,-154300,-8829530000,58.7(2.62 %),2500,146100000,156800,8975630000,47262090,14.12
04/02/2021,160900,9497740000,58.5(-0.34 %),237300,13965610000,76400,4467870000,47101190,14.24
05/02/2021,-2230,-1303660000,58.6(0.17 %),210,123400000,2440,1427060000,46786220,14.47
08/02/2021,1780,1049010000,57.4(-2.05 %),6750,3886540000,4970,2837530000,46875520,14.41
09/02/2021,30600,1757040000,57.8(0.70 %),133600,7633411000,103000,5876371000,47075090,14.26
17/02/2021,2900,1737090000,60.9(5.36 %),2900,1737090000,0,0,46894720,14.39
18/02/2021,79500,4912440000,61.9(1.64 %),81400,5029590000,1900,117150000,46966590,14.34
19/02/2021,1800,1104870000,61.5(-0.65 %),2070,1270430000,270,165560000,46864320,14.41
22/02/2021,-800,-505720000,62(0.81 %),5350,3290440000,6150,3796160000,46810820,14.45
23/02/2021,15670,9689930000,62(0.00 %),16170,9998920000,500,308990000,46651020,14.57
24/02/2021,-72600,-4474960000,61.5(-0.81 %),1600,99870000,74200,4574830000,46872490,14.41
25/02/2021,110,67870000,61(-0.81 %),170,104500000,60,36630000,46711920,14.53
26/02/2021,19700,1198740000,61(0.00 %),19700,1198740000,0,0,46851690,14.42
01/03/2021,15700,971440000,61.6(0.98 %),30100,1849690000,14400,878250000,46771420,14.48
02/03/2021,-17400,-1070500000,63.2(2.60 %),31400,1982740000,48800,3053240000,46788820,14.47
03/03/2021,9600,614200000,63.6(0.63 %),22100,1408350000,12500,794150000,46779220,14.48
04/03/2021,-19000,-1194800000,63.6(0.00 %),17200,1072490000,36200,2267290000,46798220,14.46
05/03/2021,-47200,-2920540000,62.8(-1.26 %),30900,1919730000,78100,4840270000,46845420,14.43
08/03/2021,-99800,-6201260000,62.1(-1.11 %),500,31130000,100300,6232390000,46945220,14.35
09/03/2021,11300,688890000,61.5(-0.97 %),16900,1032590000,5600,343700000,46933920,14.36
10/03/2021,7320,4567120000,62.8(2.11 %),8500,5300710000,1180,733590000,46727920,14.51
11/03/2021,16500,1039180000,62.5(-0.48 %),32700,2056500000,16200,1017320000,46844220,14.43
12/03/2021,17300,1077970000,62(-0.80 %),17400,1084240000,100,6270000,46826920,14.44
15/03/2021,2400,149230000,61.7(-0.48 %),2700,167830000,300,18600000,46824520,14.44
16/03/2021,-24800,-1517590000,61.4(-0.49 %),14200,873330000,39000,2390920000,46849320,14.42
17/03/2021,-57000,-3500510000,61.5(0.49 %),18000,1110740000,75000,4611250000,46906320,14.38
18/03/2021,10000,612690000,61.6(0.16 %),37000,2282940000,27000,1670250000,46896320,14.39
19/03/2021,-2790,-1733750000,62.8(1.95 %),530,331080000,3320,2064830000,46773937,14.48
22/03/2021,-6100,-370560000,62.2(-0.96 %),11100,699070000,17200,1069630000,46930320,14.36
23/03/2021,8600,535990000,61.5(-1.13 %),8600,535990000,0,0,46921720,14.37
24/03/2021,54700,3280370000,59(-4.07 %),54700,3280370000,0,0,46867020,14.41
25/03/2021,3450,2048870000,58.5(-0.85 %),3530,2095830000,80,46960000,46816647,14.45
26/03/2021,-1140,-656280000,57.9(-1.03 %),200,115280000,1340,771560000,46814647,14.45
29/03/2021,81400,4761080000,58.9(1.73 %),82600,4831280000,1200,70200000,46762520,14.49
30/03/2021,3800,224330000,59(0.17 %),8800,520830000,5000,296500000,46758720,14.49
31/03/2021,-9620,-5637300000,58.4(-1.02 %),910,532820000,10530,6170120000,46728353,14.51
01/04/2021,75600,4454500000,59.4(1.71 %),98700,5813290000,23100,1358790000,46729553,14.51
02/04/2021,8940,5346750000,59.8(0.67 %),8940,5346750000,0,0,46546453,14.65
05/04/2021,5960,3636610000,59.6(-0.33 %),8070,4897280000,2110,1260670000,46571053,14.63
06/04/2021,13900,824710000,59.1(-0.84 %),26900,1597180000,13000,772470000,46566653,14.63
07/04/2021,183600,11079450000,60.5(2.37 %),258200,15489390000,74600,4409940000,46383053,14.77
08/04/2021,-13000,-773890000,59.7(-1.32 %),37100,2224030000,50100,2997920000,46396053,14.76
09/04/2021,41800,2511170000,59.7(0.00 %),42100,2529150000,300,17980000,46354253,14.79
12/04/2021,5360,3197760000,59.5(-0.34 %),5570,3322810000,210,125050000,46317653,14.82
13/04/2021,-41300,-2426310000,58.1(-2.35 %),92500,5402400000,133800,7828710000,46341953,14.8
14/04/2021,-178100,-10210450000,57.3(-1.38 %),37900,2179330000,216000,12389780000,46520053,14.67
15/04/2021,-376200,-21126710000,55.8(-2.62 %),113400,6408980000,489600,27535690000,46896253,14.39
16/04/2021,-271600,-14718000000,53.8(-3.58 %),11200,616260000,282800,15334260000,47167853,14.19
19/04/2021,-3400,-1846960000,54.9(2.04 %),6700,3658210000,10100,5505170000,46397883,14.76
20/04/2021,-87500,-4798920000,54.2(-1.28 %),38300,2106550000,125800,6905470000,47289353,14.1
22/04/2021,-8110,-4246960000,51.7(-4.61 %),6890,3710940000,15000,7957900000,47063083,14.27
23/04/2021,-50000,-2538905000,52.5(1.55 %),193700,9965405000,243700,12504310000,47420453,14.0
26/04/2021,-20800,-1032860000,51.9(-1.14 %),55700,2933960000,76500,3966820000,47441253,13.99
27/04/2021,-156600,-7932180000,50(-3.66 %),130900,6737270000,287500,14669450000,47597853,13.87
28/04/2021,50400,2597210000,51.9(3.80 %),53700,2769800000,3300,172590000,47547453,13.91
29/04/2021,55600,2951560000,53.3(2.70 %),58100,3083310000,2500,131750000,47491853,13.95
04/05/2021,-30470,-15668110000,51(-4.32 %),3600,1868070000,34070,17536180000,47519583,13.93
05/05/2021,-43750,-22484700000,51.9(1.76 %),17250,8931440000,61000,31416140000,47350383,14.05
06/05/2021,-595300,-30541660000,51.2(-1.35 %),28100,1441510000,623400,31983170000,48588383,13.14
07/05/2021,-195900,-9863840000,50(-2.34 %),4100,205880000,200000,10069720000,48784283,13.0
10/05/2021,50400,2566860000,51.8(3.60 %),65800,3348495000,15400,781635000,48733883,13.03
11/05/2021,-53600,-2795940000,52.2(0.77 %),35700,1870740000,89300,4666680000,48787483,12.99
12/05/2021,4360,2336760000,54.7(4.79 %),15110,7995390000,10750,5658630000,48842233,12.95
13/05/2021,10540,5787010000,54(-1.28 %),15780,8652980000,5240,2865970000,48699833,13.06
14/05/2021,-290500,-15404830000,52.4(-2.96 %),7500,397300000,298000,15802130000,48928983,12.89
17/05/2021,-28150,-14426390000,50.6(-3.44 %),2470,1274420000,30620,15700810000,48864433,12.94
18/05/2021,490,304290000,51(0.79 %),10060,5191020000,9570,4886730000,48816333,12.97
19/05/2021,-4800,-2449190000,51(0.00 %),500,256560000,5300,2705750000,49109333,12.76
20/05/2021,-3930,-2007720000,50.4(-1.18 %),2610,1322550000,6540,3330270000,49389443,12.55
21/05/2021,7910,4074970000,51.5(2.18 %),8200,4222650000,290,147680000,49403143,12.54
24/05/2021,13290,7187100000,54.6(6.02 %),13500,7301800000,210,114700000,49321143,12.6
25/05/2021,1920,1053170000,54.6(0.00 %),1920,1053170000,0,0,49367343,12.57
26/05/2021,-278300,-15079660000,53.6(-1.83 %),29300,1598810000,307600,16678470000,49339983,12.59
27/05/2021,-95200,-5082270000,53(-1.12 %),84600,4538500000,179800,9620770000,49435183,12.52
28/05/2021,-13400,-708790000,53.7(1.32 %),3200,170040000,16600,878830000,49448583,12.51
31/05/2021,-400,-214820000,54.4(1.30 %),560,301160000,960,515980000,49557293,12.43
01/06/2021,-75000,-4074670000,53.7(-1.29 %),32700,1792240000,107700,5866910000,49737093,12.29
02/06/2021,-369500,-19636010000,52.8(-1.68 %),30500,1640050000,400000,21276060000,50106593,12.02
03/06/2021,-29980,-15862320000,53.6(1.52 %),2200,1168990000,32180,17031310000,49678093,12.34
04/06/2021,4780,2606690000,55.4(3.36 %),6460,3520030000,1680,913340000,49721193,12.31
07/06/2021,-12100,-686730000,56.9(2.71 %),9200,522950000,21300,1209680000,50370693,11.83
08/06/2021,-17100,-966010000,55.5(-2.46 %),8500,482950000,25600,1448960000,50387793,11.81
09/06/2021,-24000,-1313440000,55(-0.90 %),500,27310000,24500,1340750000,50411793,11.8
10/06/2021,-18800,-1019330000,53.9(-2.00 %),25900,1410940000,44700,2430270000,50430593,11.78
11/06/2021,170,99270000,54.2(0.56 %),1910,1042350000,1740,943080000,50443543,11.77
14/06/2021,450,252950000,54.7(0.92 %),1310,720850000,860,467900000,50454943,11.76
15/06/2021,6100,346350000,56.6(3.47 %),10400,589350000,4300,243000000,50418293,11.79
16/06/2021,97300,5519890000,56.7(0.18 %),110100,6245580000,12800,725690000,50320993,11.86
17/06/2021,164500,9652380000,59.5(4.94 %),181000,10617770000,16500,965390000,50156493,11.98
18/06/2021,-2840,-1679030000,59(-0.84 %),850,505110000,3690,2184140000,50219943,11.94
21/06/2021,440,257120000,58.2(-1.36 %),690,404000000,250,146880000,50225843,11.93
22/06/2021,-1700,-985750000,57.4(-1.37 %),760,442010000,2460,1427760000,50234743,11.93
23/06/2021,850,481760000,56.7(-1.22 %),970,549690000,120,67930000,50261943,11.91
24/06/2021,-150,-90720000,57.5(1.41 %),530,300810000,680,391530000,50259143,11.91
25/06/2021,-107700,-6124060000,57(-0.87 %),16100,918700000,123800,7042760000,50298193,11.88
28/06/2021,-4510,-2583570000,57.4(0.70 %),570,327640000,5080,2911210000,50263143,11.91
29/06/2021,0,0,57.2(-0.35 %),0,0,0,0,50269943,11.9
30/06/2021,13400,763310000,56.6(-1.05 %),14700,837410000,1300,74100000,50329893,11.86
01/07/2021,-190000,-10679020000,56.7(0.18 %),0,0,190000,10679020000,50429903,11.78
02/07/2021,100,5700000,56.1(-1.06 %),100,5700000,0,0,50429803,11.78
05/07/2021,-208300,-10323130400,53.8(-4.10 %),10700,463777000,219000,10786907400,50638103,11.63
06/07/2021,-419300,-22262650000,50.6(-5.95 %),14300,747970000,433600,23010620000,51057403,11.32
07/07/2021,9570,4917360000,52.1(2.96 %),10070,5170360000,500,253000000,50495403,11.73
08/07/2021,8400,0,51.8(-0.58 %),8400,0,0,0,50953303,11.4
09/07/2021,6000,305710000,50.8(-1.93 %),6100,310790000,100,5080000,50947303,11.4
12/07/2021,13400,587525000,48.1(-5.31 %),69300,3364120000,55900,2776595000,50933903,11.41
13/07/2021,9340,4559400000,49.1(2.08 %),9340,4559400000,0,0,50975883,11.38
14/07/2021,-2340,-1128480000,48(-2.24 %),420,206500000,2760,1334980000,50971783,11.38
15/07/2021,2010,1045390000,49.2(2.50 %),8080,3961650000,6070,2916260000,50946883,11.4
16/07/2021,640,324140000,49.5(0.61 %),2560,1263200000,1920,939060000,50921283,11.42
19/07/2021,-48900,-2365565000,47.45(-4.14 %),22900,1087105000,71800,3452670000,50886303,11.45
20/07/2021,18400,8930120000,49.2(3.69 %),18880,9158870000,480,228750000,50797943,11.51
21/07/2021,60300,2968210000,49(-0.41 %),63400,3121245000,3100,153035000,50642003,11.63
22/07/2021,-2540,-1245560000,49.75(1.53 %),1160,574800000,3700,1820360000,50813943,11.5
23/07/2021,-5900,-291945000,49.2(-1.11 %),4500,221700000,10400,513645000,50673303,11.6
26/07/2021,-70,-30790000,48.8(-0.81 %),570,277700000,640,308490000,50811643,11.5
27/07/2021,-184400,-8921315000,48.8(0.00 %),16700,809860000,201100,9731175000,50858403,11.47
28/07/2021,750,362760000,48.7(-0.20 %),1530,742850000,780,380090000,50827043,11.49
29/07/2021,-240,-116060000,48.7(0.00 %),210,103270000,450,219330000,50831343,11.49
30/07/2021,16600,819920000,49.8(2.26 %),17500,864200000,900,44280000,50836703,11.48
02/08/2021,16200,814130000,51(2.41 %),39600,1996700000,23400,1182570000,51022743,11.34
03/08/2021,-800,-38820000,50.8(-0.39 %),9100,463490000,9900,502310000,51023543,11.34
04/08/2021,95200,4843870000,50.9(0.20 %),95200,4843870000,0,0,50928343,11.41
05/08/2021,-265700,-13339695000,50.2(-1.38 %),32100,1610735000,297800,14950430000,51194043,11.22
06/08/2021,29000,1461540000,50.6(0.80 %),31000,1562190000,2000,100650000,51165043,11.24
09/08/2021,7100,353640000,53.2(5.14 %),38500,2004410000,31400,1650770000,51157943,11.24
10/08/2021,76300,4042610000,53.2(0.00 %),105800,5605350000,29500,1562740000,51081643,11.3
11/08/2021,206100,10946230000,53(-0.38 %),217100,11529230000,11000,583000000,50875543,11.45
12/08/2021,36600,1920260000,53.7(1.32 %),49700,2623900000,13100,703640000,50838943,11.48
13/08/2021,62600,2930493500,53.6(-0.19 %),96000,4318622000,33400,1388128500,50776343,11.53
16/08/2021,-216000,-11695690000,54.4(1.49 %),4600,250590000,220600,11946280000,50992343,11.37
17/08/2021,-34600,-1861100000,53.6(-1.47 %),100,5440000,34700,1866540000,50845543,11.48
18/08/2021,18200,963420000,53.1(-0.93 %),34700,1840730000,16500,877310000,50974143,11.38
19/08/2021,-2200,-81650000,53.3(0.38 %),101000,5386050000,103200,5467700000,50976343,11.38
20/08/2021,132300,6916190000,51.3(-3.75 %),168800,8823980000,36500,1907790000,50844043,11.48
23/08/2021,257900,12939150000,50(-2.53 %),305300,15315520000,47400,2376370000,50586143,11.67
24/08/2021,253100,12639670000,50.5(1.00 %),253200,12644670000,100,5000000,50333043,11.85
25/08/2021,75200,3763870000,50.3(-0.40 %),92100,4609800000,16900,845930000,50257843,11.91
26/08/2021,19400,985895000,50(-0.60 %),84200,4230340000,64800,3244445000,50238443,11.92
27/08/2021,71300,3547650000,50.1(0.20 %),86800,4323500000,15500,775850000,50167143,11.98
30/08/2021,111300,5761550000,52(3.79 %),129900,6717030000,18600,955480000,50055843,12.06
31/08/2021,-2900,-154020000,53(1.92 %),1100,58250000,4000,212270000,50058743,12.06
01/09/2021,55800,2953660000,52.9(-0.19 %),57500,3043790000,1700,90130000,50002523,12.1
06/09/2021,272800,15003650000,55.4(4.73 %),298300,16397200000,25500,1393550000,49729723,12.3
07/09/2021,133900,7320460000,54.7(-1.26 %),161400,8816440000,27500,1495980000,49595823,12.4
08/09/2021,153700,8315160000,54.2(-0.91 %),177000,9580850000,23300,1265690000,49442123,12.51
09/09/2021,149900,8183980000,54.8(1.11 %),156000,8517780000,6100,333800000,49292223,12.62
10/09/2021,39000,2154290000,56.3(2.74 %),60400,3348190000,21400,1193900000,49253223,12.65
13/09/2021,107300,5957770000,55.1(-2.13 %),190000,10539070000,82700,4581300000,49145923,12.73
14/09/2021,11100,614300000,54.5(-1.09 %),419700,23014353000,408600,22400053000,49134823,12.74
15/09/2021,4400,235890000,53.9(-1.10 %),15100,815400000,10700,579510000,49130423,12.74
16/09/2021,-2900,-154240000,53.8(-0.19 %),140900,7543422800,143800,7697662800,49133323,12.74
17/09/2021,9400,519120000,53.8(0.00 %),161000,8685910000,151600,8166790000,49123923,12.75
20/09/2021,54900,2917910000,52.6(-2.23 %),97600,5193430000,42700,2275520000,49069023,12.79
21/09/2021,30500,1578810000,51.6(-1.90 %),30500,1578810000,0,0,49038523,12.81
22/09/2021,19400,1002850000,52.6(1.94 %),19500,1007990000,100,5140000,49019123,12.82
23/09/2021,2700,144630000,52.6(0.00 %),10800,572400000,8100,427770000,49016423,12.83
24/09/2021,-8300,-436260000,51.8(-1.52 %),100,5260000,8400,441520000,49024723,12.82
27/09/2021,80600,4130590000,51(-1.54 %),90900,4663500000,10300,532910000,48944123,12.88
28/09/2021,1600,83700000,51.1(0.20 %),5400,276030000,3800,192330000,48942523,12.88
29/09/2021,9900,523710000,52.4(2.54 %),21000,1097210000,11100,573500000,48932623,12.89
30/09/2021,96000,5064080000,52.5(0.19 %),96400,5085170000,400,21090000,48836623,12.96
01/10/2021,45500,2378530000,51.6(-1.71 %),844408,41411555800,798908,39033025800,48802123,12.98
04/10/2021,26500,1375530000,52(0.78 %),27000,1401560000,500,26030000,48775623,13.0
05/10/2021,41700,2185430000,52.7(1.35 %),58300,3060090000,16600,874660000,48733923,13.03
06/10/2021,29900,1594880000,53.4(1.33 %),30000,1600210000,100,5330000,48704023,0.0
07/10/2021,23700,1279830000,53.9(0.94 %),27000,1458030000,3300,178200000,48680323,0.0
08/10/2021,-8000,-431500000,53.5(-0.74 %),0,0,8000,431500000,48688323,0.0
11/10/2021,1500,-10715000,53.8(0.56 %),2900,0,1400,10715000,48686823,0.0
12/10/2021,0,0,53.4(-0.74 %),0,0,0,0,48686823,0.0
13/10/2021,2900,153030000,52.7(-1.31 %),3300,174350000,400,21320000,48683923,0.0
14/10/2021,21300,1147210000,54.3(3.04 %),21600,1163400000,300,16190000,48662623,0.0
15/10/2021,-5000,-274920000,55(1.29 %),3700,203690000,8700,478610000,48667623,0.0
18/10/2021,155000,8494300000,54.9(-0.18 %),155000,8494300000,0,0,48512623,0.0
19/10/2021,12000,652760000,54.1(-1.46 %),12000,652760000,0,0,48500623,0.0
20/10/2021,135500,7591490000,56.2(3.88 %),144200,8078060000,8700,486570000,48365123,0.0
21/10/2021,136300,7813450000,58.5(4.09 %),147900,8483410000,11600,669960000,48364323,0.0
22/10/2021,7100,411300000,58.2(-0.51 %),8100,470000000,1000,58700000,48357223,0.0
25/10/2021,143500,8373670000,58.5(0.52 %),155500,9079100000,12000,705430000,48213723,0.0
26/10/2021,39300,2293500000,58.9(0.68 %),40700,2375360000,1400,81860000,48174423,0.0
27/10/2021,106400,6438590000,61(3.57 %),143200,8642590000,36800,2204000000,48068023,0.0
28/10/2021,133200,8211930000,61.5(0.82 %),180700,11136430000,47500,2924500000,47934823,13.62
29/10/2021,20600,1267700000,61(-0.81 %),123600,7554900000,103000,6287200000,47914223,13.64
01/11/2021,52700,3187820000,59.5(-2.46 %),88100,5340170000,35400,2152350000,47641526,13.84
02/11/2021,93100,5727210000,62.6(5.21 %),132400,8077280000,39300,2350070000,47548426,13.91
03/11/2021,524200,33551420000,63.5(1.44 %),527400,33756870000,3200,205450000,47024226,0.0
04/11/2021,242600,15934050000,66.3(4.41 %),512400,33434100000,269800,17500050000,47305826,0.0
05/11/2021,0,0,68.3(3.02 %),0,0,0,0,47548426,13.91
08/11/2021,288400,19745230000,68.3(0.00 %),384000,26347280000,95600,6602050000,47260026,14.12
09/11/2021,293900,20333010000,70.2(2.78 %),310400,21469640000,16500,1136630000,46966126,14.34
10/11/2021,391100,27919064600,72(2.56 %),420400,30010674400,29300,2091609800,46575026,0.0
11/11/2021,-500,-37190000,70.1(-2.64 %),20500,1465310000,21000,1502500000,46966626,14.34
12/11/2021,-52700,-3652030000,69.4(-1.00 %),25100,1757690000,77800,5409720000,47019326,14.3
15/11/2021,8000,553360000,70.2(1.15 %),16100,1130700000,8100,577340000,47011326,14.31
16/11/2021,-343500,-23940420000,70(-0.28 %),2000,139080000,345500,24079500000,47354826,14.05
17/11/2021,-17500,-1299020000,74.9(7.00 %),1900,134900000,19400,1433920000,47372326,14.04
18/11/2021,-36700,-2891050000,77.3(3.20 %),3200,249670000,39900,3140720000,47409026,14.01
19/11/2021,-89300,-6768590000,73.9(-4.40 %),25000,1857880000,114300,8626470000,47498326,13.95
22/11/2021,25000,1721470000,68.8(-6.90 %),36900,2551690000,11900,830220000,47473326,13.96
23/11/2021,7100,480210000,69.1(0.44 %),27400,1839230000,20300,1359020000,47466226,13.97
24/11/2021,-313900,-22203290000,71.1(2.89 %),3500,245730000,317400,22449020000,47780126,13.74
25/11/2021,-78100,-5647630000,71.5(0.56 %),24200,1725760000,102300,7373390000,47858226,13.68
26/11/2021,-99500,-7023170000,70.7(-1.12 %),1000,70180000,100500,7093350000,47957726,0.0
29/11/2021,6400,353037300,70.4(-0.42 %),10100,609162400,3700,256125100,47951326,0.0
30/11/2021,-211400,-15311030000,73.9(4.97 %),18800,1382960000,230200,16693990000,48169126,13.45
01/12/2021,-49800,-3624980000,73.3(-0.81 %),20200,1475460000,70000,5100440000,46845086,14.43
02/12/2021,-9000,-659010000,73(-0.41 %),3100,227030000,12100,886040000,46854086,14.42
03/12/2021,-24900,-1784050000,68.3(-6.44 %),10500,756030000,35400,2540080000,46878986,14.4
06/12/2021,1200,78900000,64(-3.47 %),4100,271090000,2900,192190000,46877786,14.4
07/12/2021,57400,3750210000,66.1(3.28 %),58000,3789420000,600,39210000,46820386,14.45
08/12/2021,12800,855890000,66(-0.15 %),13200,882810000,400,26920000,46807586,14.46
09/12/2021,44600,3022960000,68(3.03 %),46600,3158560000,2000,135600000,46762986,0.0
10/12/2021,231200,16408890000,71.9(5.74 %),239600,17007130000,8400,598240000,46531786,14.66
13/12/2021,72300,5275430000,73.1(1.67 %),103600,7566330000,31300,2290900000,46459486,14.71
14/12/2021,131400,9592400000,72.5(-0.82 %),150400,10977410000,19000,1385010000,46328086,14.81
15/12/2021,150800,11193180000,73.1(0.83 %),191200,14177920000,40400,2984740000,46177286,14.92
16/12/2021,63900,4582760000,72(1.98 %),100000,7161090000,36100,2578330000,46113386,14.97
17/12/2021,123600,8946000000,73(1.39 %),160100,11563030000,36500,2617030000,45989786,15.06
20/12/2021,74500,5277560000,71.2(-2.47 %),99100,7035130000,24600,1757570000,45915286,15.11
21/12/2021,-900,-64710000,71.7(0.70 %),0,0,900,64710000,45916186,0.0
22/12/2021,-15700,-1120510000,73(1.81 %),2300,165190000,18000,1285700000,45931886,15.1
23/12/2021,-330800,-24542610000,75(2.74 %),800,60050000,331600,24602660000,46262686,0.0
24/12/2021,0,0,73.6(-1.87 %),0,0,0,0,45931886,15.1
27/12/2021,-2200,-170080000,72(-2.17 %),6400,454460000,8600,624540000,46537386,14.65
28/12/2021,118800,8528130000,71.7(-0.42 %),119100,8549920000,300,21790000,46418586,14.74
29/12/2021,139200,9904150000,70.8(-1.26 %),139900,9954170000,700,50020000,46287186,14.84
30/12/2021,48000,3430630000,70.8(0.00 %),50100,3580410000,2100,149780000,46237386,14.88
31/12/2021,-2800,-199200000,71.3(0.71 %),1400,99160000,4200,298360000,46236686,14.88
04/01/2022,-36600,-2640390000,72.1(1.12 %),14700,1077160000,51300,3717550000,46224086,14.89
05/01/2022,16300,1182060000,73(1.25 %),31600,2277760000,15300,1095700000,46196686,14.91
06/01/2022,-313500,-24481800000,78.1(6.99 %),24000,1856590000,337500,26338390000,46223986,14.89
07/01/2022,-3500,-274410000,78(-0.13 %),15500,1200870000,19000,1475280000,46223786,14.89
10/01/2022,-41900,-3443384300,77.7(-0.38 %),13600,909869200,55500,4353253500,46547686,14.65
11/01/2022,12500,956270000,78.5(1.03 %),27700,2138790000,15200,1182520000,46538986,14.65
12/01/2022,-10600,-845760000,82(4.46 %),5100,405710000,15700,1251470000,46589396,14.62
13/01/2022,232300,19536040000,79(-3.66 %),255700,21481780000,23400,1945740000,46348926,14.79
14/01/2022,23800,1872190000,79.4(0.51 %),29100,2296870000,5300,424680000,46335526,14.8
17/01/2022,-21900,-1721510000,74(-6.80 %),8000,619980000,29900,2341490000,46350926,14.79
18/01/2022,-14800,-1106660000,74(0.00 %),23200,1740610000,38000,2847270000,46333026,14.81
19/01/2022,78900,6008600000,79.1(6.89 %),111000,8462310000,32100,2453710000,46251926,14.87
20/01/2022,-16000,-1298110000,81.8(3.41 %),45400,3658320000,61400,4956430000,46244526,14.87
21/01/2022,-31100,-2497700000,79.8(-2.56 %),600,49040000,31700,2546740000,46276026,14.85
24/01/2022,-162100,-12528770000,74.3(-6.89 %),50900,3791270000,213000,16320040000,46286526,14.84
25/01/2022,29600,2416670000,79.5(7.00 %),230100,17669970000,200500,15253300000,46088126,14.99
26/01/2022,-80700,-5912081700,78.2(-1.64 %),230000,16575930000,310700,22488011700,46071126,15.0
27/01/2022,198700,15652960000,79(1.02 %),230500,18125380000,31800,2472420000,46041126,15.02
28/01/2022,-36100,-2767510000,78.4(-0.76 %),10600,815920000,46700,3583430000,46341226,14.8
07/02/2022,-35800,-2888850000,80.2(2.30 %),15700,1268390000,51500,4157240000,46357326,14.79
08/02/2022,-75700,-6136800000,80.2(0.00 %),1700,136100000,77400,6272900000,46402326,14.75
09/02/2022,141800,11370360000,80(-0.25 %),148700,11921770000,6900,551410000,46305126,14.83
10/02/2022,-28200,-2308280000,82.4(3.00 %),23000,1893440000,51200,4201720000,46359526,14.79
11/02/2022,21400,1804680000,84.4(2.43 %),61400,5183640000,40000,3378960000,46305026,14.83
14/02/2022,-4800,-413060000,84.6(0.24 %),15600,1333530000,20400,1746590000,46340626,14.8
15/02/2022,2800,233500000,84.4(-0.24 %),2900,241820000,100,8320000,46377726,14.77
16/02/2022,77200,6389890000,81.5(-3.44 %),102200,8494900000,25000,2105010000,46295926,14.83
17/02/2022,102900,8394970000,81.8(0.37 %),104700,8542100000,1800,147130000,46191326,14.91
18/02/2022,13200,1077630000,81(-0.98 %),18900,1543690000,5700,466060000,46197426,14.91
21/02/2022,54700,4454290000,81(0.00 %),58700,4778140000,4000,323850000,46140526,14.95
22/02/2022,173400,13930120000,83.5(3.09 %),187400,15035300000,14000,1105180000,45958826,15.08
23/02/2022,-26500,-2243550000,83(-0.60 %),5400,451020000,31900,2694570000,45957426,15.08
24/02/2022,79300,6481910000,82.5(-0.60 %),105800,8639570000,26500,2157660000,45865626,15.15
25/02/2022,154200,12746090000,81.9(-0.73 %),174900,14462190000,20700,1716100000,45722626,15.26
28/02/2022,48500,3960960000,80.3(-1.95 %),93400,7605910000,44900,3644950000,45655726,15.31
01/03/2022,-14400,-1158370000,80.3(0.00 %),9700,781190000,24100,1939560000,45666726,15.3
02/03/2022,-2400,-191510000,79(-1.62 %),1400,112310000,3800,303820000,45710226,15.27
03/03/2022,51500,4118280000,81.5(3.16 %),60400,4830130000,8900,711850000,45673926,15.29
04/03/2022,-64000,-5253280000,81.5(0.00 %),0,0,64000,5253280000,45677726,15.29
07/03/2022,76700,6276740000,81.5(0.00 %),121900,9970130000,45200,3693390000,45564726,15.37
08/03/2022,-342100,-27555520000,78.6(-3.56 %),40100,3203680000,382200,30759200000,45588626,15.36
09/03/2022,-34300,-2706020000,78.5(-0.13 %),102500,8033110000,136800,10739130000,45531326,15.4
10/03/2022,-12100,-946150000,77.9(-0.76 %),4500,353550000,16600,1299700000,45909026,15.12
11/03/2022,-140800,-10641000000,74.5(-4.36 %),60700,4562600000,201500,15203600000,45985126,15.06
14/03/2022,45800,3395780000,74.4(-0.13 %),60800,4497200000,15000,1101420000,45940926,15.1
15/03/2022,700,52100000,75.6(1.61 %),700,52100000,0,0,46141726,14.95
16/03/2022,-41300,-3064020000,74.4(-1.59 %),100000,7529740000,141300,10593760000,46056726,15.01
17/03/2022,33900,2556390000,75.9(2.02 %),44200,3334860000,10300,778470000,46012526,15.04
18/03/2022,19100,1454720000,76.5(0.79 %),31800,2421630000,12700,966910000,46122026,14.96
21/03/2022,19000,1470320000,77.1(0.78 %),19300,1493450000,300,23130000,46113026,14.97
22/03/2022,-2400,-182900000,75.8(-1.69 %),0,0,2400,182900000,46125726,14.96
23/03/2022,9300,718180000,77.3(1.98 %),9600,740870000,300,22690000,46116426,14.97
24/03/2022,-16000,-1234610000,77.1(-0.26 %),11600,899300000,27600,2133910000,46107226,14.97
25/03/2022,-231700,-17945340000,77.6(0.65 %),4700,363990000,236400,18309330000,46102826,14.98
28/03/2022,-2500,-199470000,79.7(2.71 %),14100,1094970000,16600,1294440000,46116326,14.97
29/03/2022,-63400,-5092560000,80.5(1.00 %),10500,845300000,73900,5937860000,46342226,14.8
30/03/2022,-21000,-1665760000,79.5(-1.24 %),100,7940000,21100,1673700000,46358726,14.79
31/03/2022,3300,267910000,80.8(1.64 %),4100,331350000,800,63440000,46428526,14.74
01/04/2022,-281600,-22596750000,80.8(0.00 %),18800,1509150000,300400,24105900000,46430826,14.73
04/04/2022,30400,2573710000,85(5.20 %),40400,3399360000,10000,825650000,46391226,14.76
05/04/2022,13600,1153320000,84(-1.18 %),21100,1784470000,7500,631150000,46670586,14.56
06/04/2022,-119300,-9904140000,82.4(-1.90 %),10700,879820000,130000,10783960000,46669886,14.56
07/04/2022,-251300,-19996360000,77.9(-5.46 %),1100,87210000,252400,20083570000,46921186,14.37
08/04/2022,-20600,-1627390000,78.8(1.16 %),5000,398500000,25600,2025890000,46801286,14.46
12/04/2022,-26500,-2057420000,77(-2.28 %),3100,243710000,29600,2301130000,46827786,14.44
13/04/2022,-58100,-4685680000,81.2(5.45 %),29500,2381790000,87600,7067470000,47050586,14.28
14/04/2022,-2100,-169780000,80.7(-0.62 %),5200,422290000,7300,592070000,47071086,14.26
15/04/2022,-3600,-307987200,86.3(6.94 %),19700,1685374400,23300,1993361600,47138986,14.21
18/04/2022,-322000,-28213420000,87.5(1.39 %),19000,1680340000,341000,29893760000,47127286,14.22
19/04/2022,-79800,-7042250000,85.5(-2.29 %),18500,1615770000,98300,8658020000,47132086,14.22
20/04/2022,-255100,-20926650000,79.6(-6.90 %),40300,3350490000,295400,24277140000,47326186,14.07
21/04/2022,-10300,-877070000,74.1(-6.91 %),48500,3681600000,58800,4558670000,47482586,13.96
22/04/2022,-2500,-267510000,69(-6.88 %),36800,2581850000,39300,2849360000,47741186,13.77
25/04/2022,-93500,-6360080000,64.2(-6.96 %),110500,7315900000,204000,13675980000,47689486,13.8
26/04/2022,145900,9363060000,68.6(6.85 %),148200,9512790000,2300,149730000,47580586,13.88
27/04/2022,64800,4485860000,70.7(3.06 %),118100,8170270000,53300,3684410000,47666486,13.82
28/04/2022,119500,8425180000,69.2(-2.12 %),215200,15121100000,95700,6695920000,47453586,13.98
29/04/2022,-27200,-1899450000,70(1.16 %),600,42180000,27800,1941630000,47506286,13.94
04/05/2022,-62300,-4293600000,68.3(-2.43 %),7000,483800000,69300,4777400000,47594986,13.87
05/05/2022,-37700,-2565560000,69(1.02 %),4800,330660000,42500,2896220000,47632686,13.85
06/05/2022,5600,369600000,66(-4.35 %),17700,1168200000,12100,798600000,47669586,13.82
09/05/2022,-30100,-1848140000,61.4(-6.97 %),1600,98240000,31700,1946380000,47710486,13.79
10/05/2022,25900,1639470000,63.3(3.09 %),26300,1664790000,400,25320000,47696286,13.8
11/05/2022,-4900,-310320000,63.3(0.00 %),1600,101230000,6500,411550000,47701186,13.8
12/05/2022,-11000,-667410000,58.9(-6.95 %),5500,327470000,16500,994880000,47712186,13.79
13/05/2022,145600,8277580000,54.8(-6.96 %),190100,10805950000,44500,2528370000,47537686,13.92
16/05/2022,3500,192500000,55(0.36 %),11400,627000000,7900,434500000,47542786,13.91
17/05/2022,37400,2199120000,58.8(6.91 %),66300,3898440000,28900,1699320000,47520986,13.93
18/05/2022,77700,4654230000,59.9(1.87 %),92300,5528770000,14600,874540000,47436586,13.99
19/05/2022,-21900,-1305240000,59.6(-0.50 %),6900,411240000,28800,1716480000,47458586,13.98
20/05/2022,-1700,-102510000,60.3(1.17 %),3200,192960000,4900,295470000,47469986,13.97
23/05/2022,2900,174870000,60.3(0.00 %),12700,765810000,9800,590940000,47486086,13.95
24/05/2022,5700,345420000,60.6(0.50 %),11400,690840000,5700,345420000,47479586,13.96
25/05/2022,5300,337610000,63.7(5.12 %),6000,382200000,700,44590000,47483386,13.96
26/05/2022,-7600,-478040000,62.9(-1.26 %),18700,1176230000,26300,1654270000,47470386,13.97
27/05/2022,-6800,-430440000,63.3(0.64 %),2000,126600000,8800,557040000,47469086,13.97
30/05/2022,3000,195000000,65(2.69 %),12600,819000000,9600,624000000,47482786,13.96
31/05/2022,1600,105600000,66(1.54 %),30300,1999800000,28700,1894200000,47461286,13.97
01/06/2022,-7900,-518240000,65.6(-0.61 %),2700,177120000,10600,695360000,47468186,13.97
02/06/2022,2500,167500000,67(2.13 %),7900,529300000,5400,361800000,47488986,13.95
03/06/2022,1500,102000000,68(1.49 %),7800,530400000,6300,428400000,47491786,13.95
06/06/2022,11200,780400000,69(1.47 %),27200,1899460000,16000,1119060000,47469986,13.97
07/06/2022,61700,4319000000,70(1.45 %),65800,4606000000,4100,287000000,47410486,14.01
08/06/2022,6000,441000000,73.5(5.00 %),14100,1036350000,8100,595350000,47412386,14.01
09/06/2022,-9200,-671600000,73(-0.68 %),13200,963600000,22400,1635200000,47403286,14.02
10/06/2022,12100,847000000,70(-4.11 %),37300,2611000000,25200,1764000000,47374086,14.04
13/06/2022,40900,2662590000,65.1(-7.00 %),49200,3202920000,8300,540330000,47347286,14.06
14/06/2022,106700,7042200000,66(1.38 %),112300,7411800000,5600,369600000,47260186,14.12
15/06/2022,-5000,-320000000,64(-3.03 %),9700,620800000,14700,940800000,47258786,14.12
16/06/2022,60600,3999600000,66(3.12 %),71100,4692600000,10500,693000000,47193286,14.17
17/06/2022,11700,769860000,65.8(-0.30 %),14000,921200000,2300,151340000,47193986,14.17
20/06/2022,-16900,-1109120000,64.5(-1.98 %),11900,779060000,28800,1888180000,47192586,14.17
21/06/2022,-5600,-347200000,62(-3.88 %),7100,440200000,12700,787400000,47187786,14.17
22/06/2022,-12400,-760120000,61.3(-1.13 %),5200,318760000,17600,1078880000,47211386,14.16
23/06/2022,18300,1193160000,65.2(6.36 %),27400,1786480000,9100,593320000,47196686,14.17
24/06/2022,-16000,-1038400000,64.9(-0.46 %),4200,272580000,20200,1310980000,47210086,14.16
27/06/2022,9400,623160000,68.7(5.86 %),12200,810970000,2800,187810000,47206986,14.16
28/06/2022,-5500,-385000000,70(1.89 %),600,42000000,6100,427000000,47226586,14.15
29/06/2022,-7800,-534140000,69.8(-0.29 %),8400,578230000,16200,1112370000,47220986,14.15
30/06/2022,-110900,-7208500000,65(-6.88 %),16700,1085500000,127600,8294000000,47210386,14.16
01/07/2022,-30500,-1976400000,64.8(-0.31 %),20500,1328400000,51000,3304800000,47206086,14.16
04/07/2022,-60900,-3857410000,62(-4.32 %),2800,178650000,63700,4036060000,47205986,14.16
05/07/2022,3800,234080000,61.6(-0.65 %),4500,277200000,700,43120000,47377386,14.03
06/07/2022,9000,552600000,61.4(-0.32 %),10800,663120000,1800,110520000,47430286,14.0
07/07/2022,-3400,-209780000,61.7(0.49 %),500,30850000,3900,240630000,47430486,14.0
08/07/2022,-4900,-364240000,63.7(3.24 %),1600,351680000,6500,715920000,47435386,0.0
11/07/2022,-5800,-364240000,62.8(-1.41 %),5600,351680000,11400,715920000,47423986,14.0
12/07/2022,1800,119340000,66.3(5.57 %),5600,371280000,3800,251940000,47422086,14.0
13/07/2022,8700,569850000,65.5(-1.21 %),15300,1002150000,6600,432300000,47418166,14.0
14/07/2022,115800,7411200000,64(-2.29 %),126700,8108800000,10900,697600000,47295266,14.1
15/07/2022,127600,8166400000,64(0.00 %),129300,8275200000,1700,108800000,47172566,14.19
18/07/2022,1100,69960000,63.6(-0.62 %),1200,76320000,100,6360000,47182266,14.18
19/07/2022,-5400,-356940000,66.1(3.93 %),0,0,5400,356940000,47183966,14.18
20/07/2022,-13600,-884000000,65(-1.66 %),4900,318500000,18500,1202500000,47179166,14.18
21/07/2022,11800,784700000,66.5(2.31 %),13300,884450000,1500,99750000,47171266,14.19
22/07/2022,18300,-6712200000,66(-0.75 %),27400,231000000,9100,6943200000,47186266,14.18
25/07/2022,500,33000000,66(0.00 %),5000,330000000,4500,297000000,47182766,14.18
26/07/2022,-10400,-680160000,65.4(-0.91 %),0,0,10400,680160000,47287966,14.1
27/07/2022,4100,268140000,65.4(0.00 %),4100,268140000,0,0,47288366,14.1
28/07/2022,-3900,-263640000,67.6(3.36 %),8100,547560000,12000,811200000,47290666,14.1
29/07/2022,3300,220770000,66.9(-1.04 %),4800,321120000,1500,100350000,47285866,14.1
01/08/2022,5200,353600000,68(1.64 %),7700,523600000,2500,170000000,47290166,14.1
02/08/2022,-7400,-506160000,68.4(0.59 %),2500,171000000,9900,677160000,47289166,14.1
03/08/2022,-119700,-8355060000,69.8(2.05 %),0,0,119700,8355060000,47291666,14.1
04/08/2022,-900,-62100000,69(-1.15 %),200,13800000,1100,75900000,47301366,14.09
05/08/2022,-134700,-9388590000,69.7(1.01 %),1200,83640000,135900,9472230000,47419866,14.0
08/08/2022,-457200,-32004000000,70(0.43 %),4400,308000000,461600,32312000000,47416566,14.01
09/08/2022,-92000,-6329600000,68.8(-1.71 %),26700,1836960000,118700,8166560000,47525766,13.93
10/08/2022,87600,6070680000,69.3(0.73 %),126400,8759520000,38800,2688840000,47860966,13.68
11/08/2022,-8500,-575450000,67.7(-2.31 %),200,13540000,8700,588990000,47979466,13.59
12/08/2022,0,-575450000,68.6(1.33 %),0,13540000,0,588990000,48018266,13.56
15/08/2022,23300,1607700000,69(0.58 %),34600,2387400000,11300,779700000,47992366,13.58
16/08/2022,10500,720300000,68.6(-0.58 %),10500,720300000,0,0,47981866,13.59
17/08/2022,11900,808010000,67.9(-1.02 %),11900,808010000,0,0,47981266,13.59
18/08/2022,10000,665000000,66.5(-2.06 %),10000,665000000,0,0,47971266,13.6
19/08/2022,8100,531360000,65.6(-1.35 %),11600,760960000,3500,229600000,47959666,13.61
22/08/2022,-3200,-215360000,67.3(2.59 %),800,53840000,4000,269200000,47958866,13.61
23/08/2022,-500,-33800000,67.6(0.45 %),2400,162240000,2900,196040000,47959966,13.6
24/08/2022,-21600,-1503360000,69.6(2.96 %),10000,696000000,31600,2199360000,47953966,13.61
25/08/2022,-762400,-53063040000,69.6(0.00 %),13600,946560000,776000,54009600000,47943266,13.62
26/08/2022,-99800,-6926120000,69.4(-0.29 %),20300,1408820000,120100,8334940000,47954566,13.61
29/08/2022,-4300,-292830000,68.1(-1.87 %),2300,156630000,6600,449460000,48730966,13.04
30/08/2022,-490600,-34685420000,70.7(3.82 %),6900,487830000,497500,35173250000,48844166,12.95
31/08/2022,-7400,-522440000,70.6(-0.14 %),2100,148260000,9500,670700000,48848666,12.95
05/09/2022,-296700,-21392070000,72.1(2.12 %),6600,475860000,303300,21867930000,49339566,12.59
06/09/2022,-233600,-16538880000,70.8(-1.80 %),4800,339840000,238400,16878720000,49344266,12.58
07/09/2022,-161000,-10658200000,66.2(-6.50 %),12400,820880000,173400,11479080000,49635166,12.37
08/09/2022,1900,126350000,66.5(0.45 %),8500,565250000,6600,438900000,49865066,12.2
09/09/2022,11700,795600000,68(2.26 %),11700,795600000,0,0,50026766,12.08
12/09/2022,782,795600000,67(-1.47 %),800,795600000,18,0,50032566,12.08
13/09/2022,-3600,-375200000,67.3(0.45 %),3600,73700000,7200,448900000,50028966,12.08
14/09/2022,-12300,-375200000,66.9(-0.59 %),100,73700000,12400,448900000,50028884,12.08
15/09/2022,-19500,-822870000,67.5(0.90 %),1000,6690000,20500,829560000,0,12.07
16/09/2022,5100,334050000,65.5(-2.96 %),6600,432300000,1500,98250000,50040884,12.07
19/09/2022,-62200,-3794200000,61(-6.87 %),2600,158600000,64800,3952800000,50103084,0.0
20/09/2022,-3990,-249375000,62.5(2.46 %),42600,2662500000,46590,2911875000,50017684,12.09
21/09/2022,11602,728605600,62.8(0.48 %),51500,3234200000,39898,2505594400,50030984,12.08
22/09/2022,-200,-12600000,63(0.32 %),2700,170100000,2900,182700000,50074874,12.04
23/09/2022,-3000,-186600000,62.2(-1.27 %),100,6220000,3100,192820000,50114672,12.01
26/09/2022,800,48000000,60(-3.54 %),5700,342000000,4900,294000000,50111872,12.02
27/09/2022,-30800,-1848000000,60(0.00 %),9700,582000000,40500,2430000000,50105272,12.02
28/09/2022,-34900,-2041650000,58.5(-2.50 %),23200,1357200000,58100,3398850000,50086972,12.04
29/09/2022,1800,99180000,55.1(-5.81 %),1900,104690000,100,5510000,50125572,12.01
30/09/2022,37500,2066250000,55.1(0.00 %),37600,2071760000,100,5510000,50146072,11.99
03/10/2022,-13400,-687420000,51.3(-6.90 %),3300,169290000,16700,856710000,50142872,11.99
04/10/2022,64600,3326900000,51.5(0.39 %),66700,3435050000,2100,108150000,50076272,12.04
05/10/2022,-69100,-3627750000,52.5(1.94 %),45400,2383500000,114500,6011250000,50047572,12.06
06/10/2022,95400,4760460000,49.9(-4.95 %),144600,7215540000,49200,2455080000,49905072,12.17
07/10/2022,-78700,-3655615000,46.45(-6.91 %),11200,520240000,89900,4175855000,50008572,12.09
10/10/2022,36100,1718360000,47.6(2.37 %),40900,1946840000,4800,228480000,50016872,12.09
11/10/2022,3614,160100200,44.3(-6.93 %),12400,549320000,8786,389219800,50094372,12.03
12/10/2022,40300,1843725000,45.75(3.27 %),84500,3865875000,44200,2022150000,50014672,12.09
13/10/2022,-52400,-2386820000,45.55(-0.55 %),15400,701470000,67800,3088290000,50008058,12.09
14/10/2022,19000,893000000,47(3.07 %),20000,940000000,1000,47000000,50032258,12.08
17/10/2022,-1600,-77280000,48.3(2.77 %),20500,990150000,22100,1067430000,50079558,12.04
18/10/2022,-31100,-1511460000,48.6(0.62 %),1200,58320000,32300,1569780000,50079358,12.04
19/10/2022,-28700,-1376820000,47.4(-2.47 %),2900,139795000,31600,1516615000,50108058,12.02
20/10/2022,-26000,-1211975000,46.85(-1.16 %),6500,304865000,32500,1516840000,50125058,12.01
21/10/2022,600,37925000,43.6(-7.04 %),10400,469265000,9800,431340000,50124258,12.01
24/10/2022,15700,651515000,40.55(-7.00 %),24000,1006095000,8300,354580000,50130358,12.0
25/10/2022,-124700,-4929870000,38.25(-5.79 %),98000,3831185000,222700,8761055000,50255058,11.91
26/10/2022,-178400,-6820770000,37.5(-2.09 %),38200,1456130000,216600,8276900000,50457648,11.76
27/10/2022,81800,3210815000,40.1(6.93 %),82000,3218615000,200,7800000,50178288,11.97
28/10/2022,-156700,-6401195000,40.85(1.87 %),17400,710790000,174100,7111985000,50377488,11.82
31/10/2022,-192500,-7777000000,40.4(-1.22 %),12700,513080000,205200,8290080000,50364988,11.83
01/11/2022,-140300,-5675135000,40.45(0.12 %),47000,1901150000,187300,7576285000,50493588,11.74
02/11/2022,-111700,-4579700000,41(1.23 %),77200,3165200000,188900,7744900000,50621588,11.64
03/11/2022,-124800,-5116800000,41(0.00 %),56400,2312400000,181200,7429200000,50752488,11.54
04/11/2022,-34100,-1309440000,38.4(-6.34 %),117000,4492800000,151100,5802240000,50824388,11.49
07/11/2022,35000,1324750000,37.85(-1.43 %),72200,2732770000,37200,1408020000,50933388,11.41
08/11/2022,74500,3013525000,40.45(6.73 %),90100,3644545000,15600,631020000,50994388,11.37
09/11/2022,-9100,-373100000,41(1.23 %),10400,426400000,19500,799500000,51021188,11.35
10/11/2022,-6300,-240660000,38.2(-6.83 %),37300,1424860000,43600,1665520000,50999488,11.36
11/11/2022,10600,402800000,38(-0.52 %),21000,798000000,10400,395200000,50997988,11.36
14/11/2022,-7200,-254520000,35.35(-6.97 %),22800,805980000,30000,1060500000,51018788,11.35
15/11/2022,14000,460600000,32.9(-7.06 %),20600,677740000,6600,217140000,51008588,11.36
16/11/2022,122680,4318336000,35.2(6.99 %),123580,4350016000,900,31680000,50915008,11.42
17/11/2022,-11100,-390720000,35.2(0.00 %),11400,401280000,22500,792000000,50910208,11.43
18/11/2022,18400,680800000,37(5.11 %),32600,1206200000,14200,525400000,50878508,11.45
21/11/2022,-12104,-445427200,36.8(-0.54 %),1200,44160000,13304,489587200,50899808,11.44
22/11/2022,137500,5156250000,37.5(1.90 %),138600,5197500000,1100,41250000,50775408,11.53
23/11/2022,584200,22491700000,38.5(2.67 %),584200,22491700000,0,0,50204512,11.95
24/11/2022,331700,12770450000,38.5(0.00 %),336400,12951400000,4700,180950000,49869212,12.2
25/11/2022,119200,4851440000,40.7(5.71 %),123800,5038660000,4600,187220000,49745412,12.29
28/11/2022,26900,1143250000,42.5(4.42 %),79100,3361750000,52200,2218500000,49718512,12.31
29/11/2022,68700,2906010000,42.3(-0.47 %),80300,3396690000,11600,490680000,49649812,12.36
30/11/2022,18900,805140000,42.6(0.71 %),23400,996840000,4500,191700000,49630912,12.37
01/12/2022,117000,5031000000,43(0.94 %),145700,6265100000,28700,1234100000,49478418,12.48
02/12/2022,-38600,-1775600000,46(6.98 %),43000,1978000000,81600,3753600000,49517018,12.46
05/12/2022,-88905,-4098520500,46.1(0.22 %),15300,705330000,104205,4803850500,49605923,0.0
06/12/2022,71700,3126120000,43.6(-5.42 %),97100,4233560000,25400,1107440000,49534223,12.44
07/12/2022,142900,6430500000,45(3.21 %),165400,7443000000,22500,1012500000,49391323,12.55
08/12/2022,6510,295554000,45.4(0.89 %),45610,2070694000,39100,1775140000,49368013,12.57
09/12/2022,58500,2644200000,45.2(-0.44 %),79100,3575320000,20600,931120000,49311413,12.61
12/12/2022,105195,4786372500,45.5(0.66 %),107400,4886700000,2205,100327500,49221118,0.0
13/12/2022,64100,2948600000,46(1.10 %),92000,4232000000,27900,1283400000,49157018,12.72
14/12/2022,-94500,-4403700000,46.6(1.30 %),32700,1523820000,127200,5927520000,49251518,12.65
15/12/2022,-81800,-3815970000,46.65(0.11 %),51400,2397810000,133200,6213780000,49333318,0.0
16/12/2022,-45184,-1915801600,42.4(-0.70 %),10116,428918400,55300,2344720000,49378502,12.56
19/12/2022,41404,1656160000,40(-5.66 %),75804,3032160000,34400,1376000000,49337098,12.59
20/12/2022,176000,6776000000,38.5(-3.75 %),191800,7384300000,15800,608300000,49161098,0.0
21/12/2022,182600,7121400000,39(1.30 %),182600,7121400000,0,0,48978498,12.85
22/12/2022,124100,5069485000,40.85(4.74 %),132400,5408540000,8300,339055000,48854398,12.94
23/12/2022,94500,3817800000,40.4(-1.22 %),122900,4965160000,28400,1147360000,48759898,13.01
26/12/2022,69400,2654550000,38.25(-5.32 %),84300,3224475000,14900,569925000,48690498,13.07
27/12/2022,83680,3322096000,39.7(3.66 %),100600,3993820000,16920,671724000,48606818,13.13
28/12/2022,63100,2558705000,40.55(2.14 %),91600,3714380000,28500,1155675000,48543718,13.17
29/12/2022,9300,370140000,39.8(-1.97 %),23400,931320000,14100,561180000,48536618,13.18
30/12/2022,-5500,-216700000,39.4(-1.01 %),4200,165480000,9700,382180000,48560918,13.16
03/01/2023,6600,270600000,41(4.06 %),11200,459200000,4600,188600000,48549718,13.17
04/01/2023,-11550,-478170000,41.4(0.98 %),500,20700000,12050,498870000,48573018,13.15
05/01/2023,-6300,-262080000,41.6(0.48 %),11600,482560000,17900,744640000,48566018,13.16
06/01/2023,-10500,-434700000,41.4(-0.48 %),14500,600300000,25000,1035000000,48563568,13.16
09/01/2023,25930,1060537000,40.9(-1.21 %),34130,1395917000,8200,335380000,48547338,13.17
10/01/2023,33100,1324000000,40(-2.20 %),40700,1628000000,7600,304000000,48531638,13.18
11/01/2023,9700,388970000,40.1(0.25 %),9700,388970000,0,0,48530138,13.18
12/01/2023,-9500,-382850000,40.3(0.50 %),1100,44330000,10600,427180000,48536638,13.18
13/01/2023,-6100,-244000000,40(-0.74 %),9100,364000000,15200,608000000,48527538,13.19
16/01/2023,39200,1581720000,40.35(0.87 %),42000,1694700000,2800,112980000,48496138,13.21
17/01/2023,32100,1357830000,42.3(4.70 %),32200,1362060000,100,4230000,48479138,13.22
18/01/2023,56900,2423940000,42.6(0.71 %),63300,2696580000,6400,272640000,48418638,13.27
19/01/2023,49000,2131500000,43.5(2.11 %),76400,3323400000,27400,1191900000,48342338,13.32
27/01/2023,14500,663375000,45.75(5.17 %),27700,1267275000,13200,603900000,48321038,13.34
30/01/2023,7200,321840000,44.7(-2.40 %),40200,1796940000,33000,1475100000,48308238,13.35
31/01/2023,40200,1829100000,45.5(1.79 %),46300,2106650000,6100,277550000,48275138,13.37
01/02/2023,-55300,-2411080000,43.6(-4.18 %),6000,261600000,61300,2672680000,48302138,13.35
02/02/2023,4900,212905000,43.45(-0.34 %),46900,2037805000,42000,1824900000,48261338,13.38
03/02/2023,9700,421465000,43.45(-0.11 %),56000,2433200000,46300,2011735000,48266638,13.38
06/02/2023,28500,1239750000,43.5(0.00 %),50000,2175000000,21500,935250000,48258638,13.38
07/02/2023,-30500,-1277950000,41.9(-3.68 %),9100,381290000,39600,1659240000,48295838,13.36
08/02/2023,-21990,-913684500,41.55(-0.84 %),61700,2563635000,83690,3477319500,48255638,13.39
09/02/2023,100,4200000,42(0.96 %),23000,966000000,22900,961800000,48272238,13.37
10/02/2023,4700,195755000,41.65(-0.83 %),67800,2823870000,63100,2628115000,48288128,13.36
13/02/2023,127700,5171850000,40.5(-2.88 %),202600,8205300000,74900,3033450000,48108428,13.5
14/02/2023,28100,1142265000,40.65(0.37 %),42600,1731690000,14500,589425000,48128928,13.48
15/02/2023,7200,297360000,41.3(1.47 %),19900,821870000,12700,524510000,48183928,13.44
16/02/2023,7200,303120000,42.1(1.94 %),11100,467310000,3900,164190000,48187328,13.44
17/02/2023,21900,921990000,42.1(0.00 %),43000,1810300000,21100,888310000,48157028,13.46
20/02/2023,117700,5119950000,43.5(3.33 %),118800,5167800000,1100,47850000,48042128,13.54
21/02/2023,4500,194400000,43.2(-0.69 %),9700,419040000,5200,224640000,48053528,13.54
22/02/2023,18400,763600000,41.5(-3.94 %),21400,888100000,3000,124500000,48033228,13.55
23/02/2023,-14696,-604005600,41.1(-0.96 %),1704,70034400,16400,674040000,48036724,13.55
24/02/2023,-26500,-1074575000,40.55(-1.34 %),400,16220000,26900,1090795000,48063224,13.53
27/02/2023,209500,8484750000,40.5(-0.25 %),216300,8760150000,6800,275400000,47839424,13.69
28/02/2023,-23795,-958938500,40.3(-0.49 %),105,4231500,23900,963170000,47866219,13.67
01/03/2023,80926,3317966000,41(1.74 %),82126,3367166000,1200,49200000,47790893,13.73
02/03/2023,112500,4595625000,40.85(-0.37 %),113800,4648730000,1300,53105000,47700993,13.8
03/03/2023,191405,7751902500,40.5(-0.98 %),192005,7776202500,600,24300000,47510188,13.94
06/03/2023,41800,1697080000,40.6(0.25 %),52300,2123380000,10500,426300000,47459188,13.97
07/03/2023,63302,2573226300,40.65(0.12 %),77102,3134196300,13800,560970000,47382686,14.03
08/03/2023,63000,2573550000,40.85(0.37 %),72300,2953455000,9300,379905000,47320886,14.08
09/03/2023,5000,209500000,41.9(2.44 %),10000,419000000,5000,209500000,47324686,14.07
10/03/2023,-22280,-913480000,41(-2.15 %),1220,50020000,23500,963500000,47332766,14.07
13/03/2023,60400,2446200000,40.5(-1.22 %),66900,2709450000,6500,263250000,47272366,0.0
14/03/2023,55900,2208050000,39.5(-2.47 %),120400,4755800000,64500,2547750000,47173966,14.19
15/03/2023,-1200,-48480000,40.4(2.28 %),4600,185840000,5800,234320000,47175866,14.18
16/03/2023,-13980,-556404000,39.8(-1.49 %),4820,191836000,18800,748240000,47235546,14.14
17/03/2023,-34033,-1352811750,39.75(-0.13 %),200,7950000,34233,1360761750,47241146,14.14
20/03/2023,74100,2875080000,38.8(-2.51 %),106900,4147720000,32800,1272640000,47153046,14.2
21/03/2023,-3100,-1074575000,39.35(1.42 %),100,16220000,3200,1090795000,47187179,14.18
22/03/2023,-3400,-133960000,39.4(0.00 %),0,0,3400,133960000,47190579,14.17
23/03/2023,4200,164915000,39.1(-0.76 %),4700,184465000,500,19550000,47186379,14.18
24/03/2023,14400,567910000,39.5(1.02 %),14700,579775000,300,11865000,47171979,14.19
27/03/2023,60800,2419840000,39.8(0.76 %),62800,2499440000,2000,79600000,47111179,0.0
28/03/2023,2100,83265000,39.65(-0.38 %),2100,83265000,0,0,47109079,0.0
29/03/2023,94200,3758580000,39.9(0.50 %),100000,3990000000,5800,231420000,47045079,14.28
30/03/2023,-8500,-335750000,39.5(-1.00 %),500,19750000,9000,355500000,47044579,14.28
31/03/2023,7800,313170000,40.15(1.65 %),13100,525965000,5300,212795000,47037279,14.29
03/04/2023,62900,2572610000,40.9(1.74 %),68900,2818010000,6000,245400000,46977379,14.33
04/04/2023,84104,3460879600,41.15(0.61 %),84904,3493799600,800,32920000,46897775,14.39
05/04/2023,58540,2487950000,42.5(3.16 %),58640,2492200000,100,4250000,46845135,14.43
06/04/2023,2300,96255000,41.85(-1.53 %),15300,640305000,13000,544050000,46830635,14.44
07/04/2023,-20570,-854683500,41.55(-0.84 %),4200,174510000,24770,1029193500,46826535,14.44
10/04/2023,-6300,-261450000,41.5(-0.24 %),4100,170150000,10400,431600000,46835435,14.43
11/04/2023,-5800,-241280000,41.6(0.24 %),0,0,5800,241280000,46860205,14.42
12/04/2023,6350,271145000,42.7(2.64 %),11100,473970000,4750,202825000,46859505,14.42
13/04/2023,-8300,-349015000,42.05(-1.52 %),8800,370040000,17100,719055000,46856505,14.42
14/04/2023,-14100,-566820000,40.2(-4.51 %),4900,196980000,19000,763800000,46856355,14.42
17/04/2023,21090,864690000,41(1.99 %),21100,865100000,10,410000,46852355,14.42
18/04/2023,10900,443630000,40.7(-0.73 %),15300,622710000,4400,179080000,46856055,14.42
19/04/2023,-17800,-715560000,40.2(-1.23 %),200,8040000,18000,723600000,46855865,14.42
20/04/2023,-14100,-567470000,40.1(-0.25 %),6200,248400000,20300,815870000,46869965,14.41
21/04/2023,13900,557390000,40.1(0.00 %),15200,609520000,1300,52130000,46856865,14.42
24/04/2023,-3000,-120150000,40.05(-0.12 %),100,4005000,3100,124155000,46877065,14.4
25/04/2023,101500,4065075000,40.05(-0.12 %),101500,4065075000,0,0,46776865,14.48
26/04/2023,87900,3568740000,40.6(1.25 %),92900,3771740000,5000,203000000,46687065,14.54
27/04/2023,8500,347530000,40.85(0.62 %),12500,510830000,4000,163300000,46678565,14.55
28/04/2023,8800,361365000,41.25(0.98 %),8800,361365000,0,0,46669765,14.56
04/05/2023,13700,568570000,41.25(0.00 %),16800,697425000,3100,128855000,46670765,14.56
05/05/2023,54100,2217465000,40.9(-0.85 %),54100,2217465000,0,0,46603865,14.61
08/05/2023,117200,4868020000,41.8(2.20 %),117200,4868020000,0,0,46489765,14.69
09/05/2023,2000,83800000,41.9(0.24 %),2000,83800000,0,0,46487765,14.69
10/05/2023,240100,10169030000,42.4(1.19 %),246600,10443330000,6500,274300000,46247665,14.87
11/05/2023,90800,3820500000,41.95(-1.06 %),91700,3858420000,900,37920000,46149465,14.94
12/05/2023,98000,4124945000,42.3(0.71 %),103400,4352430000,5400,227485000,46052565,15.01
15/05/2023,38000,1610490000,41.65(-1.54 %),153300,6450315000,115300,4839825000,46014565,15.04
16/05/2023,74800,3120935000,41.65(0.00 %),77000,3212635000,2200,91700000,45939765,15.1
17/05/2023,202400,8474335000,41.8(0.36 %),203500,8520645000,1100,46310000,45737365,15.25
18/05/2023,-4300,-178480000,41.5(-0.72 %),2900,120860000,7200,299340000,45741665,15.24
19/05/2023,61400,2630855000,43.2(4.10 %),69500,2975970000,8100,345115000,45680265,15.29
22/05/2023,-73800,-3212265000,43.35(0.35 %),2100,90750000,75900,3303015000,45754065,15.23
23/05/2023,66000,2873200000,43.5(0.35 %),101900,4439390000,35900,1566190000,45688065,15.28
24/05/2023,96200,4223265000,43.5(0.00 %),103000,4522900000,6800,299635000,45591865,15.35
25/05/2023,8200,371465000,45.85(5.40 %),10500,475120000,2300,103655000,45583665,15.36
26/05/2023,-30600,-1407345000,46(0.33 %),9200,426875000,39800,1834220000,45614265,15.34
29/05/2023,84600,3919950000,46(0.00 %),108400,5026935000,23800,1106985000,45529665,15.4
30/05/2023,-12400,-563375000,45.8(-0.43 %),9600,441365000,22000,1004740000,45542065,15.39
31/05/2023,10700,504000000,47.5(3.71 %),14700,694000000,4000,190000000,45531365,15.4
01/06/2023,95600,4537280000,47.5(0.00 %),101700,4825825000,6100,288545000,45511674,15.41
02/06/2023,-7000,-325015000,46.85(-1.37 %),8100,383695000,15100,708710000,45518674,15.41
05/06/2023,131600,6195060000,46.65(-0.43 %),131600,6195060000,0,0,45387074,15.5
06/06/2023,39400,1835775000,47(0.75 %),39400,1835775000,0,0,45347674,15.53
07/06/2023,-195700,-9203775000,47.6(1.28 %),9000,423535000,204700,9627310000,45543374,15.39
08/06/2023,-158600,-7562255000,46.1(-3.15 %),14000,655415000,172600,8217670000,45701974,15.27
09/06/2023,-6400,-293320000,46.2(0.22 %),2500,115575000,8900,408895000,45708374,15.27
12/06/2023,-24400,-1120600000,46.2(0.00 %),3500,160400000,27900,1281000000,45732774,15.25
13/06/2023,-6000,-277245000,46.35(0.32 %),1700,78305000,7700,355550000,45738774,15.24
14/06/2023,-6000,-277715000,46.05(-0.65 %),700,32355000,6700,310070000,45744774,15.24
15/06/2023,-21600,-994065000,46(-0.11 %),3600,165765000,25200,1159830000,45766374,15.22
16/06/2023,-8200,-380855000,46.2(0.43 %),2600,122020000,10800,502875000,45669124,15.3
19/06/2023,-15900,-733165000,45.9(-0.65 %),1200,55080000,17100,788245000,45693124,15.28
20/06/2023,12400,578580000,46.9(2.18 %),12600,587915000,200,9335000,45680724,15.29
21/06/2023,-5100,-243235000,47.95(2.24 %),4900,233730000,10000,476965000,45703524,15.27
22/06/2023,-14300,-685345000,48(0.10 %),11200,540285000,25500,1225630000,45717824,15.26
23/06/2023,-52600,-2510640000,47.15(-1.77 %),2900,137710000,55500,2648350000,45770424,15.22
26/06/2023,-30100,-1432725000,47.7(1.06 %),1800,84125000,31900,1516850000,45723257,15.26
27/06/2023,-8400,-402540000,47.45(-0.52 %),0,0,8400,402540000,45731657,15.25
28/06/2023,3200,152690000,47.75(0.53 %),3200,152690000,0,0,45728457,15.25
29/06/2023,-1500,-69770000,46.55(-2.62 %),5100,243775000,6600,313545000,45729957,15.25
30/06/2023,14200,662735000,46.4(-0.43 %),14200,662735000,0,0,45715757,15.26
03/07/2023,34000,1593100000,47.4(2.16 %),39300,1839885000,5300,246785000,45796557,15.2
04/07/2023,1500,74980000,48.4(2.11 %),3000,145930000,1500,70950000,45795057,15.2
05/07/2023,36500,1785650000,49.5(2.27 %),39800,1946070000,3300,160420000,45758557,15.23
06/07/2023,2700,132965000,49.35(-0.30 %),3700,182115000,1000,49150000,45724157,15.26
07/07/2023,-34500,-1758440000,51(3.24 %),9400,478180000,43900,2236620000,45718057,15.26
10/07/2023,-12700,-649570000,51(0.00 %),300,15300000,13000,664870000,45730757,15.25
11/07/2023,-3700,-189740000,50.8(-0.39 %),6300,321910000,10000,511650000,45734457,15.25
12/07/2023,-13200,-684250000,51.1(0.59 %),200,10320000,13400,694570000,45747657,15.24
13/07/2023,-8800,-452750000,51.3(0.39 %),0,0,8800,452750000,45756457,15.23
14/07/2023,-200,-10260000,51.3(0.00 %),2100,107270000,2300,117530000,45790457,15.21
17/07/2023,82400,4289390000,51.9(1.17 %),82900,4315090000,500,25700000,45708057,15.27
18/07/2023,-11200,-573780000,51.3(-1.16 %),11400,586000000,22600,1159780000,45719257,15.26
19/07/2023,-64000,-3302140000,51.3(0.00 %),8700,447730000,72700,3749870000,45699063,15.27
20/07/2023,7000,353120000,51(-0.58 %),8500,430100000,1500,76980000,45692063,15.28
21/07/2023,8900,455190000,51.2(0.39 %),12100,618750000,3200,163560000,45683163,15.29
24/07/2023,9200,483880000,52.1(1.76 %),15200,792350000,6000,308470000,45760063,15.23
25/07/2023,-800,-42960000,51.5(-1.15 %),9500,490630000,10300,533590000,45753763,15.23
26/07/2023,3600,186320000,52(0.97 %),9000,465520000,5400,279200000,45750163,15.24
27/07/2023,-8400,-432920000,52.8(1.54 %),3100,160700000,11500,593620000,45758563,15.23
28/07/2023,-19500,-1029640000,52.5(-0.57 %),7400,390620000,26900,1420260000,45778063,15.22
31/07/2023,-2900,-152390000,52.2(-0.57 %),7000,366150000,9900,518540000,45780963,15.21
01/08/2023,58300,3080650000,52.5(0.57 %),68200,3606840000,9900,526190000,45761550,15.23
02/08/2023,19400,1017320000,52.6(0.19 %),32500,1705100000,13100,687780000,45742150,15.24
03/08/2023,33700,1770570000,52.3(-0.57 %),39600,2080560000,5900,309990000,45708450,15.27
04/08/2023,29700,1544990000,52.5(0.38 %),48000,2496000000,18300,951010000,45633050,15.32
07/08/2023,0,0,52.9(0.76 %),0,0,0,0,45633050,15.32
08/08/2023,42700,2238740000,52.4(-0.95 %),51700,2713940000,9000,475200000,45590350,15.35
09/08/2023,-4600,-239470000,51.1(-2.48 %),100,5110000,4700,244580000,45594950,15.35
10/08/2023,-600,-28770000,50.5(-1.17 %),10900,554090000,11500,582860000,45595550,15.35
11/08/2023,-2000,-99885000,50.7(0.40 %),1200,59715000,3200,159600000,45597550,15.35
14/08/2023,26700,1358550000,50.8(0.20 %),27300,1389090000,600,30540000,45591180,15.35
15/08/2023,49500,2520430000,50.7(-0.20 %),51000,2596330000,1500,75900000,45543380,15.39
16/08/2023,54400,2779880000,51.3(1.18 %),54400,2779880000,0,0,45489580,15.43
17/08/2023,75100,3841690000,50.7(-1.17 %),78900,4036370000,3800,194680000,45414480,15.48
18/08/2023,208300,10089185000,47.2(-6.90 %),228700,11095730000,20400,1006545000,45183410,15.65
21/08/2023,85600,4015455000,47(-0.42 %),100000,4688655000,14400,673200000,45087190,15.73
22/08/2023,95300,4483495000,47.9(1.91 %),97100,4567785000,1800,84290000,45010490,15.78
23/08/2023,26900,1287440000,47.85(-0.10 %),26900,1287440000,0,0,44997990,15.79
24/08/2023,34200,1649855000,48.35(1.04 %),37200,1794695000,3000,144840000,44963790,15.82
25/08/2023,108100,5231700000,48.1(-0.52 %),108200,5236540000,100,4840000,44854380,15.9
28/08/2023,87100,4241975000,49(1.87 %),88800,4324540000,1700,82565000,44767280,15.96
29/08/2023,57200,2816845000,49.4(0.82 %),61000,3003980000,3800,187135000,44707680,16.01
30/08/2023,150700,7535015000,50.3(1.82 %),152800,7639550000,2100,104535000,44556980,16.12
31/08/2023,-19000,-965300000,50.9(1.19 %),17400,888460000,36400,1853760000,44542980,16.13
05/09/2023,13000,672790000,51.1(0.39 %),29400,1514420000,16400,841630000,44515680,16.15
06/09/2023,-7200,-371410000,51.3(0.39 %),6900,351370000,14100,722780000,44522880,16.14
07/09/2023,98800,5122060000,51.5(0.39 %),101800,5276860000,3000,154800000,44459780,16.19
08/09/2023,-64300,-3233600000,50(0.91 %),9300,467990000,73600,3701590000,44464580,16.18
11/09/2023,49400,2434370000,48.7(-2.60 %),84500,4181585000,35100,1747215000,44383080,16.24
12/09/2023,27600,1341680000,49.2(1.03 %),47600,2320865000,20000,979185000,44409080,16.23
13/09/2023,8100,399790000,49.25(0.10 %),11600,572660000,3500,172870000,44432580,16.21
14/09/2023,-900,-44360000,48.85(-0.81 %),5000,245720000,5900,290080000,44447580,16.2
15/09/2023,25300,1246840000,49.7(1.74 %),36100,1780540000,10800,533700000,44414980,16.22
18/09/2023,0,0,50.2(1.01 %),0,0,0,0,44414980,16.22
19/09/2023,9200,458445000,49.9(-0.60 %),13500,670360000,4300,211915000,44409380,16.23
20/09/2023,19100,998500000,53.2(6.61 %),26000,1356710000,6900,358210000,44390280,16.24
21/09/2023,-14900,-792350000,52.7(-0.94 %),700,37240000,15600,829590000,44405180,16.23
22/09/2023,39600,2059420000,51(-3.23 %),44700,2320940000,5100,261520000,44365690,16.26
25/09/2023,16500,814265000,47.5(-6.86 %),16500,814265000,0,0,44364790,16.26
26/09/2023,27000,1281250000,46.7(-1.68 %),51400,2447030000,24400,1165780000,44318490,16.29
27/09/2023,124200,5796950000,48(2.78 %),127100,5932350000,2900,135400000,44194290,16.38
28/09/2023,-18000,-858285000,47.7(-0.62 %),7300,348655000,25300,1206940000,44212290,16.37
29/09/2023,-9600,-457600000,47.4(-0.63 %),4200,202055000,13800,659655000,44207190,16.37
02/10/2023,1900,91055000,48(1.27 %),2100,100650000,200,9595000,44230390,16.36
03/10/2023,70500,3334240000,46.6(-2.92 %),90000,4257005000,19500,922765000,44154190,16.41
04/10/2023,8200,385550000,47.1(1.07 %),11600,543030000,3400,157480000,44145990,16.42
05/10/2023,-7300,-354625000,47.65(1.17 %),8600,411275000,15900,765900000,44154690,16.41
06/10/2023,-4500,-213365000,48.55(1.89 %),2200,105550000,6700,318915000,44159190,16.41
09/10/2023,1400,64915000,48.45(-0.21 %),19200,928130000,17800,863215000,44157790,16.41
10/10/2023,41900,2041545000,48.5(0.10 %),42700,2080545000,800,39000000,44117090,16.44
11/10/2023,-4100,-203655000,49.5(2.06 %),4300,210325000,8400,413980000,44130646,16.43
12/10/2023,-200,-7785000,49.4(-0.20 %),7100,356510000,7300,364295000,44124346,16.44
13/10/2023,8400,422715000,50.8(2.83 %),16000,799100000,7600,376385000,44117746,16.44
16/10/2023,-1100,-56430000,51.1(0.59 %),11700,604970000,12800,661400000,44113346,16.44
17/10/2023,17800,879020000,49(-4.11 %),19300,955730000,1500,76710000,44101646,16.45
18/10/2023,19500,945350000,47.9(-2.24 %),20800,1008440000,1300,63090000,44093646,16.46
19/10/2023,-6200,-289735000,46.8(-2.30 %),10600,501340000,16800,791075000,44084546,16.47
20/10/2023,-13700,-636325000,47.6(1.71 %),16900,787520000,30600,1423845000,44069946,16.48
23/10/2023,-37800,-1785650000,46.85(-1.58 %),3200,151660000,41000,1937310000,44083546,16.47
24/10/2023,18500,880530000,48.05(2.56 %),24200,1148370000,5700,267840000,44065046,16.48
25/10/2023,8200,394825000,48.4(0.73 %),12400,597380000,4200,202555000,44089948,16.46
26/10/2023,-800,-29370000,45.25(-6.51 %),20600,951335000,21400,980705000,44103657,16.45
27/10/2023,-5700,-259130000,44.85(-0.88 %),3600,163240000,9300,422370000,44105266,16.45
30/10/2023,4800,214420000,44(-1.90 %),6800,304130000,2000,89710000,44120866,16.44
31/10/2023,44300,1907275000,41.8(-5.00 %),48700,2096380000,4400,189105000,44081866,16.47
01/11/2023,33700,1424230000,43.05(2.99 %),40300,1703405000,6600,279175000,44044066,16.49
02/11/2023,-24100,-1070440000,45(4.53 %),2400,106280000,26500,1176720000,44068166,16.48
03/11/2023,-14800,-660195000,44.8(-0.44 %),13000,583010000,27800,1243205000,44082966,16.47
06/11/2023,-11700,-524350000,44.7(-0.22 %),2200,98585000,13900,622935000,44094666,16.46
07/11/2023,-1200,-53725000,44.65(-0.11 %),2200,99480000,3400,153205000,44095866,16.46
08/11/2023,11900,531790000,46.4(3.92 %),17700,799330000,5800,267540000,44085766,16.46
09/11/2023,-11300,-529675000,46.95(1.19 %),2600,122630000,13900,652305000,44086566,16.46
10/11/2023,5000,232620000,46.2(-1.60 %),6500,302870000,1500,70250000,44085866,16.46
13/11/2023,2700,124790000,46.1(-0.22 %),12100,559975000,9400,435185000,44087666,16.46
14/11/2023,-36710,-1707735000,46.45(0.76 %),7200,334215000,43910,2041950000,44119876,16.44
15/11/2023,-118300,-5618750000,46.95(1.08 %),7900,375235000,126200,5993985000,44238176,16.35
16/11/2023,0,0,47.1(0.32 %),0,0,0,0,44238176,16.35
17/11/2023,-31600,-1499080000,46.5(-1.27 %),5300,247050000,36900,1746130000,44241026,16.35
20/11/2023,5400,253955000,47.1(1.29 %),15400,724250000,10000,470295000,44227326,16.36
21/11/2023,-11000,-520180000,47.05(-0.11 %),0,0,11000,520180000,44264226,16.33
22/11/2023,-10400,-493810000,47.15(0.21 %),3000,141545000,13400,635355000,44271226,16.33
23/11/2023,-14800,-703360000,46.8(-0.74 %),500,23700000,15300,727060000,44286026,16.32
24/11/2023,-15300,-712520000,46.45(-0.75 %),23100,1069010000,38400,1781530000,44301326,16.31
27/11/2023,-6300,-293415000,46.2(-0.54 %),1800,83645000,8100,377060000,44307626,16.3
28/11/2023,-31700,-1457310000,46.35(0.32 %),4900,226060000,36600,1683370000,44339326,16.28
29/11/2023,6100,285440000,46.8(0.97 %),9400,439920000,3300,154480000,44333226,16.28
30/11/2023,-9900,-469925000,47.15(0.75 %),1000,47400000,10900,517325000,44343126,16.27
01/12/2023,5900,278990000,47.35(0.42 %),6500,307325000,600,28335000,44353330,16.27
04/12/2023,-129300,-6216195000,48.2(1.80 %),14600,700540000,143900,6916735000,44482630,16.17
05/12/2023,-24400,-1178610000,48.4(0.41 %),2400,115650000,26800,1294260000,44507030,16.15
06/12/2023,400,19085000,48.4(0.00 %),3300,159660000,2900,140575000,44506630,16.15
07/12/2023,-3500,-172155000,48.3(-0.21 %),11100,530180000,14600,702335000,44510130,16.15
08/12/2023,-21500,-1034785000,48.05(-0.52 %),300,14450000,21800,1049235000,44531630,16.14
11/12/2023,-5000,-239435000,48.15(0.21 %),6800,326720000,11800,566155000,44536630,16.13
12/12/2023,-80100,-3869550000,48.1(-0.10 %),0,0,80100,3869550000,44616730,16.07
13/12/2023,-61900,-2963475000,47.4(-1.46 %),10300,496650000,72200,3460125000,44678630,16.03
14/12/2023,2600,125520000,47.4(0.00 %),10800,516075000,8200,390555000,44676030,16.03
15/12/2023,7000,332495000,47.3(-0.21 %),7000,332495000,0,0,44669030,16.03
18/12/2023,-5000,-236410000,47.2(-0.21 %),200,9440000,5200,245850000,44674030,16.03
19/12/2023,-4500,-211790000,47.5(0.64 %),200,9385000,4700,221175000,44678530,16.03
20/12/2023,-11300,-538445000,47.65(0.32 %),0,0,11300,538445000,44689830,16.02
21/12/2023,-7800,-372590000,47.6(-0.10 %),4100,194445000,11900,567035000,44697630,16.01
22/12/2023,-5200,-252050000,47.5(-0.21 %),28500,1361985000,33700,1614035000,44702830,16.01
25/12/2023,-10900,-517435000,47.55(0.11 %),33800,1614965000,44700,2132400000,44713730,16.0
26/12/2023,-267400,-12959520000,48.7(2.42 %),2400,116690000,269800,13076210000,44981130,15.8
27/12/2023,-7200,-353920000,49.5(1.64 %),2200,108935000,9400,462855000,44988330,15.8
28/12/2023,10400,514185000,49.4(-0.20 %),14500,716890000,4100,202705000,44977930,15.81
29/12/2023,-4500,-226150000,49.7(0.61 %),0,0,4500,226150000,44982430,15.8
02/01/2024,-1300,-64205000,49.2(-1.01 %),1800,89025000,3100,153230000,44986144,15.8
03/01/2024,1400,69335000,50(1.63 %),2500,123690000,1100,54355000,44982445,15.8
04/01/2024,-400,-20160000,49.7(-0.60 %),3500,174030000,3900,194190000,44982845,15.8
05/01/2024,400,19895000,49.75(0.10 %),1800,89015000,1400,69120000,44982445,15.8
08/01/2024,-1900,-93900000,49.5(-0.50 %),700,34685000,2600,128585000,44984345,15.8
09/01/2024,31900,1574990000,49.55(0.10 %),32000,1579965000,100,4975000,44959644,15.82
10/01/2024,6200,304470000,49.3(-0.50 %),6200,304470000,0,0,44959044,15.82
11/01/2024,30100,1479530000,49.55(0.51 %),37300,1833045000,7200,353515000,44921944,15.85
12/01/2024,2400,115455000,48.1(-2.93 %),14900,725335000,12500,609880000,44911945,15.85
15/01/2024,-1700,-81870000,48(-0.21 %),1700,81640000,3400,163510000,44912544,15.85
16/01/2024,9600,462755000,48.4(0.83 %),9600,462755000,0,0,44915444,15.85
17/01/2024,2900,141010000,48.5(0.21 %),8100,394510000,5200,253500000,44910744,15.86
18/01/2024,18100,880525000,48.5(0.00 %),23300,1133515000,5200,252990000,44883045,15.88
19/01/2024,47400,2326425000,48.95(0.93 %),58400,2866365000,11000,539940000,44835645,15.91
22/01/2024,23900,1159930000,48.85(-0.20 %),25300,1227995000,1400,68065000,44811745,15.93
23/01/2024,1600,78160000,48.5(-0.72 %),9500,462430000,7900,384270000,44810145,15.93
24/01/2024,-17900,-866700000,48.2(-0.62 %),200,9680000,18100,876380000,44828045,15.92
25/01/2024,2600,125195000,48.15(-0.10 %),2600,125195000,0,0,44825445,15.92
26/01/2024,-600,-29155000,48.7(1.14 %),1100,53210000,1700,82365000,44826045,15.92
29/01/2024,11900,587295000,49.9(2.46 %),21300,1052755000,9400,465460000,44817844,15.92
30/01/2024,261100,13285295000,51.5(3.21 %),269700,13723485000,8600,438190000,44549844,16.12
31/01/2024,81300,4162550000,51.2(-0.58 %),85500,4379180000,4200,216630000,44473744,16.18
01/02/2024,3800,230450000,54(5.47 %),56800,3008220000,53000,2777770000,44473745,16.18
02/02/2024,-66700,-3578950000,53.6(-0.74 %),39700,2133630000,106400,5712580000,44425544,16.21
05/02/2024,-60500,-3261740000,53.2(-0.75 %),6800,363750000,67300,3625490000,44544145,16.13
06/02/2024,-17600,-938750000,53.2(0.00 %),20000,1069700000,37600,2008450000,44522456,16.14
07/02/2024,9100,485420000,53.6(0.75 %),11200,598370000,2100,112950000,44578556,16.1
15/02/2024,15500,845700000,54(0.75 %),39200,2139940000,23700,1294240000,44576956,16.1
16/02/2024,20300,1120000000,55.3(2.41 %),31000,1711980000,10700,591980000,44548056,16.12
19/02/2024,24310,1379281000,56.2(1.63 %),42810,2430141000,18500,1050860000,44528944,16.14
20/02/2024,-5700,-323530000,56(-0.36 %),14200,789980000,19900,1113510000,44525444,16.14
21/02/2024,17000,964040000,56.4(0.71 %),22200,1256250000,5200,292210000,44522744,16.14
22/02/2024,-34600,-1963160000,56.4(0.00 %),7000,396330000,41600,2359490000,44522744,16.14
23/02/2024,-28600,-1604870000,55.1(-2.30 %),3800,212910000,32400,1817780000,44544435,16.13
26/02/2024,-42700,-2371810000,55.7(1.09 %),120400,6719000000,163100,9090810000,44458244,16.19
27/02/2024,-39900,-2243470000,56.4(1.26 %),2900,163460000,42800,2406930000,44627035,16.06
28/02/2024,26300,1499990000,56.8(0.71 %),37400,2129080000,11100,629090000,44600735,16.08
29/02/2024,-19900,-1160980000,55.7(-1.94 %),85300,4728170000,105200,5889150000,44570944,16.11
01/03/2024,115700,6462190000,56.4(1.26 %),126900,7089100000,11200,626910000,44444045,16.2
04/03/2024,147800,8395730000,56.5(0.18 %),193400,10978660000,45600,2582930000,44296245,16.31
05/03/2024,-13000,-732260000,56(-0.88 %),2300,129130000,15300,861390000,44375844,16.25
06/03/2024,-3900,-216970000,55.1(-1.61 %),1700,94440000,5600,311410000,44313145,16.3
07/03/2024,-23300,-1288960000,55.1(-0.18 %),178600,9858260000,201900,11147220000,44336445,16.28
08/03/2024,117900,6554650000,56.2(2.00 %),120700,6709250000,2800,154600000,44218545,16.37
11/03/2024,159900,9363450000,58.8(4.63 %),270200,15840980000,110300,6477530000,44058645,16.48
12/03/2024,9000,539590000,60.3(2.55 %),84800,5116530000,75800,4576940000,43995144,16.53
13/03/2024,75400,4545310000,60(-0.50 %),108200,6528460000,32800,1983150000,43997245,16.53
14/03/2024,-192100,-11391310000,58.9(-1.83 %),58400,3460420000,250500,14851730000,44189345,16.39
15/03/2024,202800,12429860000,61.3(4.07 %),339000,20774050000,136200,8344190000,43986545,16.54
18/03/2024,529200,31495060000,60.5(-1.31 %),662600,39499640000,133400,8004580000,43296344,17.05
19/03/2024,553500,34815010000,64.5(6.61 %),892800,56465410000,339300,21650400000,42539744,17.61
20/03/2024,-44600,-2735150000,64(-0.78 %),133000,8470250000,177600,11205400000,42948445,17.3
21/03/2024,-59700,-3855900000,63.9(-0.16 %),138000,8733560000,197700,12589460000,43008145,17.26
22/03/2024,-41200,-2535930000,64(0.16 %),366400,23245980000,407600,25781910000,43049345,17.23
25/03/2024,-21800,-1393590000,62.5(-2.34 %),14700,935770000,36500,2329360000,42735644,17.46
26/03/2024,-1300,-132030000,64.1(2.56 %),101500,6441690000,102800,6573720000,42986645,17.28
27/03/2024,-21200,-1357970000,64.1(0.00 %),800,51250000,22000,1409220000,43077444,17.21
28/03/2024,29400,1852060000,63.6(-0.78 %),201600,12869430000,172200,11017370000,42978644,17.28
29/03/2024,59800,3803730000,63.9(0.47 %),185800,11919370000,126000,8115640000,42814844,17.4
01/04/2024,138600,8773140000,63.5(-0.63 %),165300,10466740000,26700,1693600000,42821744,17.4
02/04/2024,-110000,-7095890000,64.4(1.42 %),167500,10715860000,277500,17811750000,42924845,17.32
03/04/2024,45800,2885950000,63.8(-0.93 %),241100,15363340000,195300,12477390000,42565844,17.59
04/04/2024,115100,7252300000,62.6(-1.88 %),115900,7302800000,800,50500000,42763945,17.44
05/04/2024,25700,1543520000,60.5(-3.35 %),114500,7042760000,88800,5499240000,42808244,17.41
08/04/2024,112900,6782530000,59.8(-1.16 %),117100,7034300000,4200,251770000,42625345,17.54
09/04/2024,470400,28143000000,60.3(0.84 %),478000,28596570000,7600,453570000,42154945,17.89
10/04/2024,-21000,-1261740000,59.4(-1.49 %),300,18000000,21300,1279740000,42175945,17.87
11/04/2024,207700,12227740000,58.9(-0.84 %),218000,12837220000,10300,609480000,42096250,17.93
12/04/2024,22700,1341230000,60(1.87 %),37400,2216150000,14700,874920000,42080150,17.94
15/04/2024,-5700,-372880000,56(-6.67 %),32600,1913590000,38300,2286470000,41951245,18.04
16/04/2024,251000,13792430000,56(0.00 %),288700,15888160000,37700,2095730000,41700245,18.22
17/04/2024,-29500,-1650450000,54.3(-3.04 %),22500,1233290000,52000,2883740000,41980745,18.02
19/04/2024,264200,14264470000,55.1(1.47 %),310000,16775510000,45800,2511040000,41716545,18.21
22/04/2024,-104400,-5711060000,54.2(-1.63 %),1900,103460000,106300,5814520000,41577450,18.32
23/04/2024,-10700,-578210000,53.4(-1.48 %),22100,1187090000,32800,1765300000,41601150,18.3
24/04/2024,135000,7499540000,56(4.87 %),187800,10449050000,52800,2949510000,41696645,18.23
25/04/2024,-41700,-2351830000,57(1.79 %),24800,1382730000,66500,3734560000,41738345,18.2
26/04/2024,-61600,-3502630000,56.5(-0.88 %),7800,441860000,69400,3944490000,41572650,18.32
02/05/2024,14900,873200000,58(2.65 %),55200,3181990000,40300,2308790000,41583950,18.31
03/05/2024,149200,8643050000,57.8(-0.34 %),201400,11653590000,52200,3010540000,41451950,18.41
06/05/2024,-113700,-6645890000,58.6(1.38 %),4000,234950000,117700,6880840000,41488250,18.38
07/05/2024,57700,3422900000,59.3(1.19 %),105600,6272500000,47900,2849600000,41434850,18.42
08/05/2024,-139600,-8173520000,58.9(-0.67 %),8000,466300000,147600,8639820000,41544610,18.34
09/05/2024,42400,2503410000,58.9(0.00 %),53400,3153200000,11000,649790000,41539110,18.34
10/05/2024,-10100,-588490000,59.4(0.85 %),8900,522080000,19000,1110570000,41677810,18.24
13/05/2024,-117100,-6857570000,58.5(-1.52 %),200,11720000,117300,6869290000,41688610,18.23
14/05/2024,15100,893860000,60.2(2.91 %),38200,2276460000,23100,1382600000,41688750,18.23
15/05/2024,-6800,-411380000,60.6(0.66 %),200,12100000,7000,423480000,41695550,18.23
16/05/2024,37400,2277180000,61(0.66 %),55500,3385320000,18100,1108140000,41658150,18.26
17/05/2024,-28300,-1723340000,60.4(-0.98 %),2800,171920000,31100,1895260000,41758310,18.18
20/05/2024,-8200,-497960000,60(-0.66 %),800,48550000,9000,546510000,41775610,18.17
21/05/2024,-2600,-157010000,60.8(1.33 %),2000,119800000,4600,276810000,41804720,18.15
22/05/2024,-17500,-1056280000,59.8(-1.64 %),1000,60000000,18500,1116280000,41812720,18.14
23/05/2024,63000,3777300000,60.1(0.50 %),64900,3890360000,1900,113060000,41752420,18.19
24/05/2024,-17900,-1076660000,60.2(0.17 %),5500,330900000,23400,1407560000,41707050,18.22
27/05/2024,-38000,-2344540000,61.8(2.66 %),48000,2942640000,86000,5287180000,41719320,18.21
28/05/2024,11300,701710000,62.2(0.65 %),38100,2358860000,26800,1657150000,41704620,18.22
29/05/2024,139000,8703460000,61.2(-1.61 %),168600,10553900000,29600,1850440000,41622020,18.28
30/05/2024,-26900,-1629020000,62.2(1.63 %),9600,586740000,36500,2215760000,41639220,18.27
31/05/2024,15200,944170000,62.1(-0.16 %),100700,6243080000,85500,5298910000,41568120,18.32
03/06/2024,-28900,-1811350000,63.1(1.61 %),10900,680310000,39800,2491660000,41568120,18.32
04/06/2024,-5500,-347420000,62.5(-0.95 %),100,6260000,5600,353680000,41573620,18.32
05/06/2024,-1600,-100920000,62.5(0.00 %),1400,88360000,3000,189280000,41575220,18.32
06/06/2024,2600,158640000,61.5(-1.60 %),5300,326350000,2700,167710000,41717820,18.21
07/06/2024,300,19240000,62.2(1.14 %),3200,199040000,2900,179800000,41717620,18.21
10/06/2024,48331,3046933000,64(2.89 %),69600,4410050000,21269,1363117000,41669289,18.25
11/06/2024,-24700,-1582160000,63(-1.56 %),20900,1333740000,45600,2915900000,41717820,18.21
12/06/2024,-2000,-125290000,62.4(-0.95 %),500,31240000,2500,156530000,41653489,18.26
13/06/2024,0,0,62.4(0.00 %),0,0,0,0,41698589,18.23
14/06/2024,-600,-39270000,61(-2.24 %),10800,673070000,11400,712340000,41690289,18.23
17/06/2024,-17400,-1050410000,59.4(-2.62 %),3600,216240000,21000,1266650000,41689689,18.23
18/06/2024,192700,11715920000,60.9(2.53 %),192700,11715920000,0,0,41508389,18.37
19/06/2024,2300,139800000,60.7(-0.33 %),2300,139800000,0,0,41527089,18.35
20/06/2024,-9600,-581700000,60.7(0.00 %),700,42280000,10300,623980000,41526389,18.35
21/06/2024,-14600,-893580000,60.9(0.33 %),0,0,14600,893580000,41526389,18.35
24/06/2024,-29100,-1738560000,59(-3.12 %),15800,942570000,44900,2681130000,41520889,18.36
25/06/2024,-3270,-194724000,59(0.00 %),330,19476000,3600,214200000,41535159,18.35
26/06/2024,-17700,-1069110000,60.6(2.71 %),1200,72120000,18900,1141230000,41578859,18.31
27/06/2024,400,24320000,60.7(0.17 %),2600,157740000,2200,133420000,41579859,18.31
28/06/2024,119700,7183690000,60.6(-0.16 %),121700,7303330000,2000,119640000,41477059,18.39
04/07/2024,-10000,-618060000,61.7(-0.16 %),600,37090000,10600,655150000,41420259,0.0
05/07/2024,17600,1071730000,61.4(-0.49 %),23700,1446880000,6100,375150000,41402659,0.0
08/07/2024,19700,1235290000,62.7(2.12 %),51000,3169350000,31300,1934060000,41382959,0.0
09/07/2024,-63800,-4093100000,64.1(2.23 %),125200,8034130000,189000,12127230000,41446759,0.0
10/07/2024,-36900,-2331240000,62.6(-2.34 %),600,37860000,37500,2369100000,41483659,0.0
11/07/2024,-2700,-165860000,61(-2.56 %),1900,117430000,4600,283290000,41486359,0.0
12/07/2024,8400,516610000,61.3(0.49 %),21800,1335970000,13400,819360000,41477959,0.0
15/07/2024,34300,2096050000,61.8(0.82 %),40500,2478970000,6200,382920000,41443659,0.0
16/07/2024,59700,3689320000,61.8(0.00 %),64300,3973220000,4600,283900000,41383959,0.0
17/07/2024,33900,2003640000,58.4(-5.50 %),67800,4052230000,33900,2048590000,41350059,0.0
18/07/2024,2300,133700000,59.5(1.88 %),3900,227020000,1600,93320000,41347759,0.0
19/07/2024,-24400,-1433860000,58.1(-2.35 %),2700,157050000,27100,1590910000,41372159,0.0
22/07/2024,-38500,-2219640000,57.6(-0.86 %),18700,1074030000,57200,3293670000,41410659,0.0
23/07/2024,-3800,-216900000,56.6(-1.74 %),0,0,3800,216900000,41414459,0.0
24/07/2024,16700,935310000,56.7(0.18 %),21000,1178550000,4300,243240000,41397759,0.0
25/07/2024,-16800,-940540000,56.1(-1.06 %),100,5600000,16900,946140000,41414559,0.0
26/07/2024,-7300,-416500000,57.6(2.67 %),4000,225970000,11300,642470000,41421859,0.0
29/07/2024,-7700,-445520000,58.3(1.22 %),2200,126800000,9900,572320000,41429559,0.0
30/07/2024,-7700,-445520000,57.3(-1.72 %),2200,126800000,9900,572320000,41437259,0.0
31/07/2024,-11400,-650450000,57.1(-0.35 %),3300,190560000,14700,841010000,41448659,0.0
01/08/2024,-22400,-1251940000,54.2(-5.08 %),1400,76900000,23800,1328840000,41447315,0.0
02/08/2024,8300,451380000,55.5(2.40 %),19300,1047560000,11000,596180000,41439015,0.0
05/08/2024,-4900,-265430000,53.7(-3.24 %),5600,303910000,10500,569340000,41443915,0.0
06/08/2024,101200,5519020000,55.2(2.79 %),104400,5692970000,3200,173950000,41342715,0.0
07/08/2024,-28800,-1577190000,55(-0.36 %),6800,370290000,35600,1947480000,41371515,0.0
08/08/2024,-17200,-937610000,54.7(-0.55 %),100,5440000,17300,943050000,41388715,0.0
09/08/2024,-5200,-289210000,55.8(2.01 %),300,16560000,5500,305770000,41393915,0.0
12/08/2024,-8300,-464350000,55.7(-0.18 %),0,0,8300,464350000,41402215,0.0
13/08/2024,49100,2738260000,55.6(-0.18 %),50600,2821760000,1500,83500000,41353115,0.0
14/08/2024,1100,61480000,55.5(-0.18 %),1200,67130000,100,5650000,41352015,0.0
15/08/2024,-400,-22260000,55.4(-0.18 %),100,5550000,500,27810000,41352415,0.0
16/08/2024,92000,5266170000,57.8(4.33 %),93100,5328050000,1100,61880000,41260415,0.0
19/08/2024,-3000,-173250000,57.4(-0.69 %),0,0,3000,173250000,41263415,0.0
20/08/2024,8000,458750000,57.4(0.00 %),8400,481740000,400,22990000,41255415,0.0
21/08/2024,-1700,-97720000,57.6(0.35 %),1800,103340000,3500,201060000,41257115,0.0
22/08/2024,-11400,-653010000,57.3(-0.52 %),500,28790000,11900,681800000,41268515,0.0
23/08/2024,-7200,-412610000,56.7(-1.05 %),200,11400000,7400,424010000,41275715,0.0
26/08/2024,-70700,-4007560000,56.2(-0.88 %),1400,79450000,72100,4087010000,41346415,0.0
27/08/2024,-91600,-5165930000,56.7(0.89 %),13400,762780000,105000,5928710000,41438015,0.0
28/08/2024,-256800,-14813800000,58.2(2.65 %),56900,3293190000,313700,18106990000,41694815,0.0
29/08/2024,-86300,-5065340000,59(1.37 %),64000,3751650000,150300,8816990000,41781115,0.0
30/08/2024,-183900,-10898510000,59.5(0.85 %),7800,462040000,191700,11360550000,41965015,0.0
04/09/2024,-73600,-4331310000,58.7(-1.34 %),5900,344470000,79500,4675780000,41682495,0.0
05/09/2024,-21000,-1230980000,57(-2.90 %),100,5740000,21100,1236720000,41703495,0.0
06/09/2024,-11800,-673640000,57.1(0.18 %),50600,2902660000,62400,3576300000,41715295,0.0
09/09/2024,75100,4320630000,58.3(2.10 %),88300,5082810000,13200,762180000,41640195,0.0
10/09/2024,6100,348500000,57.7(-1.03 %),9800,562780000,3700,214280000,41634095,0.0
11/09/2024,-2100,-120130000,57.8(0.17 %),2500,143170000,4600,263300000,41636195,0.0
12/09/2024,-6600,-384690000,58(0.35 %),200,11540000,6800,396230000,41642795,0.0
13/09/2024,-4800,-278220000,57.9(-0.17 %),1000,58000000,5800,336220000,41647595,0.0
16/09/2024,-9500,-533570000,57.9(0.00 %),70500,4092440000,80000,4626010000,41657095,0.0
17/09/2024,-16000,-916790000,58.2(0.52 %),84200,4884970000,100200,5801760000,41673095,0.0
18/09/2024,-37400,-2207870000,59.3(1.89 %),63400,3749170000,100800,5957040000,41710495,0.0
19/09/2024,-89500,-5278730000,59.3(0.00 %),28500,1681560000,118000,6960290000,41799995,0.0
20/09/2024,23500,1393750000,58.6(-1.18 %),25000,1482700000,1500,88950000,41776495,0.0
23/09/2024,51400,3028390000,59(0.68 %),53800,3169650000,2400,141260000,41725095,0.0
24/09/2024,78300,4708780000,60.2(2.03 %),129800,7763190000,51500,3054410000,41646795,0.0
25/09/2024,58300,3497120000,60(-0.33 %),59500,3569130000,1200,72010000,41588495,0.0
26/09/2024,87900,5310560000,60.4(0.67 %),89000,5376800000,1100,66240000,41500595,0.0
27/09/2024,32500,1938810000,59.6(-1.32 %),74000,4416960000,41500,2478150000,41468095,0.0
30/09/2024,36300,2154720000,60(0.67 %),73100,4345030000,36800,2190310000,41431795,0.0
01/10/2024,-900,-61630000,60(0.00 %),63400,3802650000,64300,3864280000,41771125,0.0
02/10/2024,56500,3413680000,60.1(0.17 %),69400,4192230000,12900,778550000,41714625,0.0
03/10/2024,0,-690000,58.7(-2.33 %),600,35030000,600,35720000,41714625,0.0
04/10/2024,50100,2935370000,58.2(-0.85 %),50100,2935370000,0,0,41664525,0.0
07/10/2024,58700,3391540000,57.9(-0.52 %),72100,4166160000,13400,774620000,41605825,0.0
08/10/2024,-7500,-434300000,58.3(0.69 %),1200,69480000,8700,503780000,41613325,0.0
09/10/2024,3300,193090000,58.7(0.69 %),3500,204730000,200,11640000,41610025,0.0
10/10/2024,-13400,-786780000,58.2(-0.85 %),200,11710000,13600,798490000,41623425,0.0
11/10/2024,-4500,-262420000,58.7(0.86 %),1100,64350000,5600,326770000,41627925,0.0
14/10/2024,18200,1081670000,59.9(2.04 %),19400,1152950000,1200,71280000,41609725,0.0
15/10/2024,-2400,-142230000,59(-1.50 %),600,35480000,3000,177710000,41612125,0.0
16/10/2024,-19800,-1149140000,58(-1.69 %),100,5810000,19900,1154950000,41631925,0.0
17/10/2024,-9400,-543740000,57.9(-0.17 %),300,17270000,9700,561010000,41641325,0.0
18/10/2024,-8700,-504930000,57.9(0.00 %),3400,197280000,12100,702210000,41650025,0.0
21/10/2024,-28100,-1607560000,56.6(-2.25 %),0,0,28100,1607560000,41678125,0.0
22/10/2024,5300,294230000,55.6(-1.77 %),9600,537140000,4300,242910000,41672825,0.0
23/10/2024,-5600,-313850000,56.2(1.08 %),6700,375480000,12300,689330000,41678425,0.0
24/10/2024,-33900,-1892270000,55.8(-0.71 %),0,0,33900,1892270000,41712325,0.0
25/10/2024,-47700,-2641900000,55.3(-0.90 %),1100,60790000,48800,2702690000,41760025,0.0
28/10/2024,-11100,-610660000,55(-0.54 %),0,0,11100,610660000,41771125,0.0
29/10/2024,1700,94000000,55.7(1.27 %),3900,216510000,2200,122510000,41769425,0.0
30/10/2024,-5200,-289770000,55.5(-0.36 %),0,0,5200,289770000,41774625,0.0
31/10/2024,-300,-15870000,57(2.70 %),3700,205650000,4000,221520000,41774925,0.0
01/11/2024,-8100,-452710000,55.4(-2.81 %),0,0,8100,452710000,41844885,0.0
04/11/2024,-39900,-2193260000,54.7(-1.26 %),500,27480000,40400,2220740000,41884785,0.0
05/11/2024,-48700,-2659770000,54.5(-0.37 %),500,27350000,49200,2687120000,41933485,0.0
06/11/2024,30800,1722650000,56.5(3.67 %),30800,1722650000,0,0,41902685,0.0
07/11/2024,-2900,-162600000,55.9(-1.06 %),300,16870000,3200,179470000,41905585,0.0
08/11/2024,-3800,-213130000,55.9(0.00 %),200,11180000,4000,224310000,41909385,0.0
11/11/2024,-10600,-596930000,56.5(1.07 %),4500,254320000,15100,851250000,41919985,0.0
12/11/2024,-23600,-1331020000,56.3(-0.35 %),4800,269610000,28400,1600630000,41884421,18.09
13/11/2024,-11900,-672870000,56.8(0.89 %),6400,361570000,18300,1034440000,41955485,0.0
14/11/2024,-22400,-1263750000,56.2(-1.06 %),2000,113650000,24400,1377400000,41977885,0.0
15/11/2024,-16800,-928450000,55.1(-1.96 %),500,27720000,17300,956170000,41994685,0.0
18/11/2024,800,44040000,55.3(0.36 %),16500,914380000,15700,870340000,41993885,0.0
19/11/2024,55900,3119220000,55.3(0.00 %),55900,3119220000,0,0,41937985,0.0
20/11/2024,9300,517900000,55.3(0.00 %),10800,600700000,1500,82800000,41928685,0.0
21/11/2024,7400,412020000,55.9(1.08 %),7400,412020000,0,0,41921285,0.0
22/11/2024,18800,1063430000,57.2(2.33 %),19000,1074670000,200,11240000,41902485,0.0
25/11/2024,-5100,-292100000,57.2(0.00 %),2200,125110000,7300,417210000,41917415,18.06
26/11/2024,9400,536320000,57(-0.35 %),9400,536320000,0,0,41908215,18.07
27/11/2024,-6600,-373880000,56.8(-0.35 %),600,34120000,7200,408000000,41914915,18.07
28/11/2024,-17900,-1018970000,56.5(-0.53 %),500,28250000,18400,1047220000,41914421,18.07
29/11/2024,400,22550000,56.4(-0.18 %),1700,96520000,1300,73970000,41919921,18.06
02/12/2024,12000,681850000,56.9(0.89 %),13300,756170000,1300,74320000,41925021,18.06
03/12/2024,15800,907320000,57.7(1.41 %),17800,1021810000,2000,114490000,41908521,18.07
04/12/2024,-3500,-202050000,57(-1.21 %),1700,97140000,5200,299190000,41908121,18.07
05/12/2024,14800,857840000,58(1.75 %),23600,1362430000,8800,504590000,41886521,18.09
09/12/2024,19100,1129540000,59.4(1.71 %),19200,1135450000,100,5910000,41880121,18.09
10/12/2024,-30500,-1801120000,59.1(-0.51 %),1800,106090000,32300,1907210000,41886221,18.09
16/12/2024,-13400,-732360000,54.6(-0.36 %),200,10950000,13600,743310000,41939521,18.05
17/12/2024,-6200,-338070000,54.4(-0.37 %),0,0,6200,338070000,41979721,18.02
18/12/2024,-200,-11510000,54.2(-0.37 %),5800,313990000,6000,325500000,41987521,18.01
19/12/2024,600,32220000,53.5(-1.29 %),600,32220000,0,0,41993121,18.01
20/12/2024,-79100,-4235800000,53.8(0.56 %),1000,53500000,80100,4289300000,41998122,18.0
24/12/2024,0,0,53.6(0.00 %),0,0,0,0,42063522,17.96
25/12/2024,600,32280000,53.9(0.56 %),600,32280000,0,0,42071522,17.95
26/12/2024,-200,-10170000,53.9(0.00 %),2400,129490000,2600,139660000,42075822,17.95
27/12/2024,-4100,-219550000,53.4(-0.93 %),300,16030000,4400,235580000,42075522,17.95
30/12/2024,-3200,-170610000,52.8(-1.12 %),100,5320000,3300,175930000,42078022,17.95
31/12/2024,-1300,-68820000,53.2(0.76 %),100,5300000,1400,74120000,42082322,17.94
02/01/2025,3100,164910000,53(-0.38 %),3600,191520000,500,26610000,42082105,17.94
03/01/2025,-2200,-117420000,52.6(-0.75 %),100,5270000,2300,122690000,42083405,17.94
06/01/2025,-27300,-1425760000,51.9(-1.33 %),1500,78300000,28800,1504060000,42082405,17.94
07/01/2025,-17200,-886920000,51(-1.73 %),0,0,17200,886920000,42082405,17.94
08/01/2025,500,25550000,51.8(1.57 %),500,25550000,0,0,42113005,17.92
09/01/2025,-2200,-112620000,51.5(-0.58 %),1600,82840000,3800,195460000,42128605,17.91
10/01/2025,-400,-20570000,50(-2.91 %),500,25690000,900,46260000,42128105,17.91
13/01/2025,-1900,-94820000,49.7(-0.60 %),100,5010000,2000,99830000,42131805,17.91
14/01/2025,103600,5226530000,50.4(1.41 %),103600,5226530000,0,0,42029105,17.98
15/01/2025,-4700,-236590000,50.6(0.40 %),1800,90610000,6500,327200000,42029305,17.98
16/01/2025,-1300,-66020000,50.8(0.40 %),0,0,1300,66020000,42030605,0.0
17/01/2025,-3900,-199800000,51.3(0.98 %),0,0,3900,199800000,42035805,17.98
20/01/2025,4200,215540000,51.5(0.39 %),5300,272180000,1100,56640000,42031805,17.98
21/01/2025,2100,108160000,51.3(-0.39 %),2100,108160000,0,0,42033605,17.98
22/01/2025,-6000,-306000000,50.8(-0.97 %),0,0,6000,306000000,42034705,17.98
23/01/2025,-1600,-84290000,52.4(3.15 %),0,0,1600,84290000,42034705,17.98
24/01/2025,-300,-15720000,52(-0.76 %),0,0,300,15720000,42040705,17.97
03/02/2025,8700,458920000,0(0.00 %),9900,521650000,1200,62730000,42032405,17.98
04/02/2025,-3200,-168260000,52.4(-0.19 %),1000,52240000,4200,220500000,42031705,17.98
05/02/2025,34700,1830880000,52.8(0.76 %),35700,1883980000,1000,53100000,41997205,18.01
06/02/2025,-10000,-526210000,52.5(-0.57 %),1400,73650000,11400,599860000,42000005,18.0
07/02/2025,-3300,-173890000,52.1(-0.76 %),1200,62800000,4500,236690000,41999805,18.0
10/02/2025,-20400,-1057370000,51.3(-1.54 %),0,0,20400,1057370000,42011205,18.0
11/02/2025,-5300,-271270000,51.4(0.19 %),100,5090000,5400,276360000,42015605,17.99
12/02/2025,-2300,-119050000,51.5(0.19 %),100,5150000,2400,124200000,42035905,17.98
13/02/2025,20500,1079030000,52.8(2.52 %),24400,1281980000,3900,202950000,42016985,17.99
14/02/2025,65800,3575690000,54.4(3.03 %),71900,3906050000,6100,330360000,41947485,18.04
17/02/2025,30200,1703640000,55.8(2.57 %),36200,2039510000,6000,335870000,41915185,18.07
18/02/2025,5900,336070000,56.7(1.61 %),25600,1438440000,19700,1102370000,41894685,18.08
19/02/2025,249100,14359050000,57.9(2.12 %),314300,18074860000,65200,3715810000,41586385,18.31
20/02/2025,344100,20942750000,61.6(6.39 %),441600,26851900000,97500,5909150000,41164480,18.62
21/02/2025,87200,5467100000,62.4(1.30 %),239900,14833060000,152700,9365960000,40989780,18.75
24/02/2025,-97600,-6150360000,65.4(4.81 %),219200,14205630000,316800,20355990000,40868080,18.84
25/02/2025,-105500,-6844450000,64.9(-0.76 %),61400,3969350000,166900,10813800000,40959380,18.77
26/02/2025,-198600,-13026820000,64.6(-0.46 %),66800,4383640000,265400,17410460000,41209380,18.59
27/02/2025,-34300,-2155010000,65.9(2.01 %),220100,14240380000,254400,16395390000,41156182,18.63
28/02/2025,-176800,-11446900000,66.1(0.30 %),497100,32504260000,673900,43951160000,40924481,18.8
03/03/2025,-120000,-7759590000,64(-3.18 %),84800,5484500000,204800,13244090000,41094091,18.67
04/03/2025,157900,10365310000,66(3.12 %),308000,20168170000,150100,9802860000,41459991,18.4
05/03/2025,-9700,-644480000,65.5(-0.76 %),35400,2321730000,45100,2966210000,41629394,18.28
06/03/2025,-203600,-13626290000,64.9(-0.92 %),59200,3899660000,262800,17525950000,41720294,18.21
07/03/2025,-214500,-14021830000,65(0.15 %),128800,8416040000,343300,22437870000,41636594,18.27
10/03/2025,40800,2643950000,64.5(-0.77 %),167600,10852740000,126800,8208790000,41731794,18.2
11/03/2025,-486100,-31758900000,64.8(0.47 %),229700,14993890000,715800,46752790000,41731794,18.2
12/03/2025,-284800,-18293620000,64.2(-0.93 %),32100,2064350000,316900,20357970000,41940094,18.05
13/03/2025,276300,18088860000,65.3(1.71 %),426400,27875960000,150100,9787100000,42229753,17.83
14/03/2025,-814000,-53344800000,63.8(-2.30 %),77800,5001420000,891800,58346220000,42469153,17.66
17/03/2025,6400,380180000,62.5(-2.04 %),254300,15928830000,247900,15548650000,42364953,17.73
18/03/2025,111300,6878660000,62.3(-0.32 %),317200,19770920000,205900,12892260000,42939953,17.31
19/03/2025,224000,14197060000,64.3(3.21 %),266100,16847690000,42100,2650630000,42921653,17.32
20/03/2025,15600,1002710000,63.8(-0.78 %),189800,12117250000,174200,11114540000,42937753,17.31
21/03/2025,224800,14447170000,64(0.31 %),255600,16419310000,30800,1972140000,42724353,17.47
24/03/2025,30800,2001130000,64.5(0.78 %),129000,8274930000,98200,6273800000,42769553,17.44
25/03/2025,-443400,-29796570000,66.9(3.72 %),295700,19613280000,739100,49409850000,42504328,17.63
26/03/2025,-113600,-7666060000,67.1(0.30 %),27800,1856750000,141400,9522810000,42574728,17.58
27/03/2025,-124100,-8134950000,67(-0.15 %),309500,20876190000,433600,29011140000,43004328,17.26
28/03/2025,210200,14221210000,68(1.49 %),271500,18352700000,61300,4131490000,42874328,17.36
31/03/2025,93800,6090460000,63.3(-6.91 %),248100,16238390000,154300,10147930000,43059928,17.22
01/04/2025,-98100,-6132860000,62(-2.05 %),58700,3662480000,156800,9795340000,43062628,17.22
02/04/2025,-24700,-1551830000,63(1.61 %),12300,771520000,37000,2323350000,43204828,17.11
03/04/2025,-84700,-4963460000,58.6(-6.98 %),1600,93860000,86300,5057320000,43359528,17.0
04/04/2025,2500,136250000,54.5(-7.00 %),2500,136250000,0,0,43394028,16.97
08/04/2025,310800,15757560000,50.7(-6.97 %),310800,15757560000,0,0,43169528,17.14
09/04/2025,465800,21985760000,47.2(-6.90 %),488300,23047760000,22500,1062000000,42681148,17.5
10/04/2025,-1289200,-65099550000,50.5(6.99 %),44800,2262400000,1334000,67361950000,42635648,17.53
11/04/2025,-331800,-15955420000,49.1(-2.77 %),174400,8249200000,506200,24204620000,42483728,17.65
14/04/2025,-39600,-2003175000,49(-0.20 %),27700,1384675000,67300,3387850000,43790028,16.68
15/04/2025,-350600,-16331415000,45.6(-6.94 %),40400,1863485000,391000,18194900000,44255828,16.34
16/04/2025,81300,3463885000,43.55(-4.50 %),225200,9940485000,143900,6476600000,44097928,16.46
17/04/2025,-279700,-12127590000,43.55(0.00 %),140900,6067185000,420600,18194775000,44348028,16.27
18/04/2025,-264900,-11854335000,44.6(2.41 %),31300,1402380000,296200,13256715000,44460628,16.19
21/04/2025,-171100,-7594015000,43.9(-1.57 %),18500,816205000,189600,8410220000,44862731,15.89
22/04/2025,-109000,-4674255000,40.85(-6.95 %),204500,8403625000,313500,13077880000,44954431,15.82
23/04/2025,-407100,-16697955000,41.7(2.08 %),254100,10344910000,661200,27042865000,44889951,15.87
24/04/2025,-154400,-6621660000,42.9(2.88 %),64500,2777745000,218900,9399405000,45138951,15.69
25/04/2025,-109400,-4754100000,43.05(0.35 %),22700,993600000,132100,5747700000,45777451,15.22
28/04/2025,20100,865490000,43.3(0.58 %),68600,2950890000,48500,2085400000,45927751,15.1
29/04/2025,89100,3868455000,43.4(0.23 %),107000,4643675000,17900,775220000,45952851,15.09
05/05/2025,61300,1981135000,44.9(3.46 %),61300,2720670000,0,739535000,45956751,15.08
06/05/2025,-16700,-747250000,44.8(-0.22 %),62900,2828415000,79600,3575665000,45974651,15.07
07/05/2025,120900,5471660000,44.95(0.33 %),161400,7302745000,40500,1831085000,45853751,15.16
08/05/2025,-352800,-16348930000,46.9(4.34 %),80000,3687560000,432800,20036490000,45870451,15.15
09/05/2025,-98700,-4605185000,46.3(-1.28 %),17500,817995000,116200,5423180000,45870451,15.15
12/05/2025,-10700,-509815000,47.7(3.02 %),11600,544300000,22300,1054115000,46223251,14.89
13/05/2025,-41900,-2011100000,48.2(1.05 %),68100,3284165000,110000,5295265000,46321951,14.81
14/05/2025,-62600,-2965675000,47.45(-1.56 %),55500,2653335000,118100,5619010000,46332651,14.81
15/05/2025,58200,-9680240000,47(-0.95 %),58200,2722280000,0,12402520000,46374551,14.78
16/05/2025,73000,-9688142200,46.3(-1.49 %),73000,3421760000,0,13109902200,46437151,14.73
19/05/2025,52500,-4470515000,46.2(-0.22 %),52500,2425770000,0,6896285000,46643351,14.58
20/05/2025,72400,2026325000,46.45(0.54 %),72400,3360175000,0,1333850000,46807052,14.46
21/05/2025,14600,-3545940000,45.65(-1.72 %),14600,667790000,0,4213730000,46903952,14.38
22/05/2025,19900,-5251550000,45.55(-0.22 %),19900,909300000,0,6160850000,46903952,14.38
23/05/2025,-178500,-8083755000,45.3(-0.55 %),4700,212815000,183200,8296570000,46980952,14.33
26/05/2025,135300,2747785000,48.45(6.95 %),135300,6326110000,0,3578325000,47038452,14.29
27/05/2025,-130000,-6425030000,49.3(1.75 %),44200,2182405000,174200,8607435000,47216952,14.15
28/05/2025,268800,12424680000,49.4(0.20 %),268800,13338355000,0,913675000,46966452,14.34
29/05/2025,458700,20838880000,52.4(6.07 %),458700,23730210000,0,2891330000,46693652,14.54
30/05/2025,133500,168693100,51.3(-2.10 %),133500,6885560000,0,6716866900,46689486,14.54
02/06/2025,54300,604385000,51(-0.58 %),54300,2748005000,0,2143620000,46677220,14.55
03/06/2025,59300,-3816220000,50.8(-0.39 %),59300,3032940000,0,6849160000,46677220,14.55
04/06/2025,86700,-1641170000,51.3(0.98 %),86700,4444090000,0,6085260000,46677220,14.55
05/06/2025,55000,-1114824500,50.6(-1.36 %),55000,2852690000,0,3967514500,46751520,14.5
06/06/2025,125700,4276750000,50.7(0.20 %),125700,6416070000,0,2139320000,46699520,14.54
09/06/2025,174000,7184520000,50.9(0.39 %),174000,8825440000,0,1640920000,46579554,14.62
10/06/2025,239600,6630830000,51.2(0.59 %),239600,12254270000,0,5623440000,46450154,14.72
11/06/2025,-62100,-3207320000,51.3(0.20 %),5300,272750000,67400,3480070000,46450154,14.72
12/06/2025,-16300,-894770000,52.7(2.73 %),52900,2745450000,69200,3640220000,46450154,14.72
13/06/2025,-382700,-19669540000,51(-3.23 %),100,5120000,382800,19674660000,46512254,14.67
16/06/2025,34600,1780320000,51.7(1.37 %),62800,3224410000,28200,1444090000,46493954,14.69
17/06/2025,23900,1254500000,52.7(1.93 %),85400,4526010000,61500,3271510000,46852853,14.42
18/06/2025,-81300,-4259580000,51.7(-1.90 %),0,0,81300,4259580000,46852853,14.42
19/06/2025,323300,17420160000,55.3(6.96 %),352300,19000280000,29000,1580120000,46529553,14.66
20/06/2025,-76600,-4330080000,55.7(0.72 %),142800,8013110000,219400,12343190000,46610853,14.6
23/06/2025,220300,12970740000,59.1(6.10 %),355800,20759180000,135500,7788440000,46390553,14.76
24/06/2025,259300,15727230000,60.4(2.20 %),486400,29240060000,227100,13512830000,46207853,14.9
25/06/2025,102700,6241570000,61.4(1.66 %),126400,7676440000,23700,1434870000,46105153,14.97
26/06/2025,-22200,-1372900000,60.5(-1.47 %),30600,1854200000,52800,3227100000,46105153,14.97
27/06/2025,283600,17017610000,61(0.83 %),290200,17418560000,6600,400950000,45821553,15.18
30/06/2025,-7200,-443660000,61(0.00 %),18300,1114630000,25500,1558290000,45843753,15.17
01/07/2025,64800,3847210000,61(0.00 %),83100,4954850000,18300,1107640000,45778953,15.21
02/07/2025,563300,35768800000,63.6(4.26 %),745100,47385400000,181800,11616600000,45222853,15.63
03/07/2025,-77500,-4696340000,60(-5.66 %),65300,3987820000,142800,8684160000,45222853,15.63
04/07/2025,-173600,-10444700000,59.6(-0.67 %),6600,398180000,180200,10842880000,45222853,15.63
07/07/2025,-69800,-4213920000,60.4(1.34 %),11300,677330000,81100,4891250000,45460353,15.45
08/07/2025,-65200,-4030520000,62.5(3.48 %),126000,7811930000,191200,11842450000,45633953,15.32
09/07/2025,-38300,-2382940000,61.5(-1.60 %),0,0,38300,2382940000,45703753,15.27
10/07/2025,126600,7762570000,61.5(0.00 %),127300,7805550000,700,42980000,45703753,15.27
11/07/2025,-28900,-1763860000,60.8(-1.14 %),600,36540000,29500,1800400000,45680713,15.29
14/07/2025,-21700,-1329810000,61.4(0.99 %),28300,1729780000,50000,3059590000,45680713,15.29
15/07/2025,-36600,-2228970000,60.1(-2.12 %),3300,200820000,39900,2429790000,45709613,15.27
16/07/2025,60500,3601160000,60.2(0.17 %),66400,3956630000,5900,355470000,45670813,15.29
17/07/2025,-3200,-199260000,60(-0.33 %),21400,1295220000,24600,1494480000,45670813,15.29
18/07/2025,5700,284570000,62.2(3.67 %),119800,7413990000,114100,7129420000,45701713,15.27
21/07/2025,-50400,-3174010000,62.3(0.16 %),25900,1627290000,76300,4801300000,45704913,15.27
22/07/2025,-155500,-9614930000,61.5(-1.28 %),20900,1295360000,176400,10910290000,45704913,15.27
23/07/2025,146100,9187970000,64.9(5.53 %),179600,11288160000,33500,2100190000,45609213,15.34
24/07/2025,-118900,-7725070000,64.9(0.00 %),700,45850000,119600,7770920000,45764713,15.23
25/07/2025,-84600,-5437460000,61.5(-5.24 %),11100,713780000,95700,6151240000,45764713,15.23
28/07/2025,-65500,-4048410000,61.6(0.16 %),29300,1806750000,94800,5855160000,45883613,15.14
29/07/2025,100800,6225300000,61.5(-0.16 %),181400,11312910000,80600,5087610000,45867413,15.15
30/07/2025,-6900,-420590000,62(0.81 %),53700,3317530000,60600,3738120000,45932913,15.1
31/07/2025,88900,5680620000,64(3.23 %),114300,7292980000,25400,1612360000,45844013,15.17
01/08/2025,-134800,-8524120000,62.6(-2.19 %),15200,949140000,150000,9473260000,45850913,15.16
04/08/2025,-333800,-20638080000,61.5(-1.76 %),7300,454490000,341100,21092570000,45850913,15.16
05/08/2025,-340400,-20987650000,60.6(-1.46 %),41800,2560120000,382200,23547770000,45985713,15.06
06/08/2025,58000,3528920000,61.5(1.49 %),258400,15743790000,200400,12214870000,46261513,14.86
07/08/2025,92800,5845110000,62(0.81 %),137300,8616710000,44500,2771600000,46509013,14.68
08/08/2025,227100,14060770000,62.2(0.32 %),273700,16944540000,46600,2883770000,46281913,14.84
11/08/2025,-286400,-17967010000,62.6(0.64 %),196700,12331550000,483100,30298560000,46281913,14.84
12/08/2025,-300300,-18743070000,62.8(0.32 %),43500,2715990000,343800,21459060000,46281913,14.84
13/08/2025,4200,329970000,63.8(1.59 %),111000,7087090000,106800,6757120000,46564084,14.64
14/08/2025,-452600,-28306890000,62(-2.82 %),155500,9705430000,608100,38012320000,46864384,14.41
15/08/2025,5600,334880000,61.1(-1.45 %),128900,7916680000,123300,7581800000,46858784,14.42
18/08/2025,40100,2488590000,62(1.47 %),66600,4110650000,26500,1622060000,47271284,14.11
19/08/2025,-250200,-15235960000,60.8(-1.94 %),27300,1687980000,277500,16923940000,47271284,14.11
20/08/2025,-262800,-15739970000,59.3(-2.47 %),61400,3644840000,324200,19384810000,47271284,14.11
21/08/2025,61300,3736500000,58.4(-1.52 %),143100,8544330000,81800,4807830000,47460084,13.97
22/08/2025,54600,2959710000,55.5(-4.97 %),123900,6931550000,69300,3971840000,47460084,13.97
25/08/2025,-102900,-5764250000,55.9(0.72 %),124500,6974140000,227400,12738390000,47668284,13.82
26/08/2025,700,19520000,0(-100.00 %),50600,2852440000,49900,2832920000,47668284,13.82
