Ngay,KLGDRong,GTDGRong,ThayDoi,KLMua,GtMua,KLBan,GtBan,RoomConLai,DangSoHuu
06/03/2018,3369400,58893220000,0(0.00 %),3493900,61055270000,124500,2162050000,182641115,9.96
07/03/2018,-633300,-10812780000,0(0.00 %),751500,12617430000,1384800,23430210000,181889615,10.12
08/03/2018,3800834,61767504800,0(0.00 %),4965900,81749640000,1165066,19982135200,172981715,12.02
09/03/2018,1721481,29844813100,0(0.00 %),2889610,50077694000,1168129,20232880900,167616836,13.17
12/03/2018,105900,1801110000,0(0.00 %),1755900,30360630000,1650000,28559520000,167245736,13.25
13/03/2018,954000,16391230000,0(0.00 %),1898100,32631730000,944100,16240500000,166512702,13.41
14/03/2018,1116700,19097060000,0(0.00 %),2124000,36267050000,1007300,17169990000,165556831,13.61
15/03/2018,89800,1484190000,0(0.00 %),1019800,17116790000,930000,15632600000,166187031,13.47
16/03/2018,1476300,25154610000,0(0.00 %),2108300,35913900000,632000,10759290000,165022831,13.72
19/03/2018,520700,8821190000,0(0.00 %),1481700,25084790000,961000,16263600000,164878431,13.75
20/03/2018,327118,5531264200,16.7(-1.18 %),1029118,17314864200,702000,11783600000,164779313,13.78
21/03/2018,-533400,-8958990000,16.7(-0.60 %),16600,281010000,550000,9240000000,165394713,13.64
22/03/2018,-45500,-714040000,16.3(-2.98 %),254800,4155910000,300300,4869950000,165770913,13.56
23/03/2018,928000,14823060000,16.1(-1.23 %),1328000,21223410000,400000,6400350000,165144913,13.7
26/03/2018,183710,2915488000,15.7(-1.88 %),335510,5313708000,151800,2398220000,165359403,13.65
27/03/2018,209900,3296680000,15.6(-1.27 %),262300,4119360000,52400,822680000,165397403,13.64
28/03/2018,824700,12858600000,15.6(-0.64 %),824700,12858600000,0,0,164972703,13.73
29/03/2018,341500,5546640000,16.2(3.85 %),429700,6980100000,88200,1433460000,164694803,13.79
30/03/2018,909300,14997820000,16.6(2.47 %),969900,16003680000,60600,1005860000,163777303,13.99
02/04/2018,765500,12676510000,16.6(0.61 %),1426500,23590530000,661000,10914020000,162350803,14.3
03/04/2018,384300,6247210000,16.2(-2.41 %),1334300,21621460000,950000,15374250000,161104703,14.56
04/04/2018,1500,107900000,16.4(1.23 %),732500,12014020000,731000,11906120000,160432803,14.71
05/04/2018,178000,2932890000,16.2(-1.82 %),644900,10499860000,466900,7566970000,160278903,14.74
06/04/2018,-286200,-4583990000,16.1(-0.62 %),226900,3643720000,513100,8227710000,161002003,14.58
09/04/2018,269300,4297580000,16(0.00 %),680000,10807950000,410700,6510370000,161053003,14.57
10/04/2018,107700,1714440000,15.9(0.00 %),528500,8389730000,420800,6675290000,160991403,14.59
11/04/2018,-70200,-1111210000,15.6(-1.89 %),244800,3829490000,315000,4940700000,161259703,14.53
12/04/2018,74100,1162940000,15.7(0.00 %),326400,5101300000,252300,3938360000,161344003,14.51
13/04/2018,289100,4466470000,15.6(0.00 %),515300,7984990000,226200,3518520000,161249503,14.53
16/04/2018,81600,1271860000,15.5(0.00 %),535900,8339370000,454300,7067510000,161028603,14.58
17/04/2018,84300,1315920000,15.6(0.65 %),365800,5665180000,281500,4349260000,160915103,14.6
18/04/2018,-226000,-3432870000,15.1(-2.58 %),174900,2678310000,400900,6111180000,160966403,14.59
19/04/2018,319400,4649150000,14.6(-3.95 %),571400,8342540000,252000,3693390000,160849303,14.62
20/04/2018,-385800,-5529910000,14.6(0.00 %),234700,3392240000,620500,8922150000,160896103,14.61
23/04/2018,-70993,-1025877800,14.2(-1.39 %),8507,121822200,79500,1147700000,161288496,14.52
24/04/2018,-353000,-4920420000,13.8(-2.82 %),7300,101020000,360300,5021440000,161533196,14.47
26/04/2018,-1124000,-15658230000,13.6(-2.16 %),4053000,55964450000,5177000,71622680000,162037696,14.36
27/04/2018,-437190,-5909494000,13.6(-2.86 %),9310,127146000,446500,6036640000,162107886,14.35
03/05/2018,-794130,-10341023000,13.3(-2.21 %),170170,2231497000,964300,12572520000,163456916,14.06
04/05/2018,13300,176390000,13.4(2.29 %),13300,176390000,0,0,163890116,13.97
07/05/2018,-377900,-5423130000,14.4(8.27 %),15700,225770000,393600,5648900000,164554416,13.82
08/05/2018,152600,2187210000,14.4(0.00 %),501100,7198610000,348500,5011400000,165017616,13.72
10/05/2018,124300,1730340000,13.7(-5.52 %),128100,1783540000,3800,53200000,165269116,13.67
11/05/2018,57100,817890000,14(0.72 %),217100,3036890000,160000,2219000000,165400516,13.64
14/05/2018,19500,277720000,14.1(1.44 %),122500,1727420000,103000,1449700000,165440916,13.63
15/05/2018,-231500,-3303270000,14.4(2.86 %),704500,10057250000,936000,13360520000,165040216,13.72
16/05/2018,200500,2894980000,14.5(0.69 %),474000,6859080000,273500,3964100000,164976216,13.73
17/05/2018,-226000,-3266400000,14.5(0.69 %),9000,130500000,235000,3396900000,165070216,13.71
18/05/2018,501200,7321470000,14.8(2.07 %),1241200,18169470000,740000,10848000000,164965016,13.74
21/05/2018,637200,9509760000,14.6(-0.68 %),1633800,24054530000,996600,14544770000,163354716,14.08
22/05/2018,-504900,-7054090000,14(-4.76 %),10100,139410000,515000,7193500000,163579616,14.03
23/05/2018,629700,8952440000,14.2(1.43 %),1213800,17173810000,584100,8221370000,162605816,14.24
24/05/2018,100600,1423460000,14.2(0.71 %),700600,9943460000,600000,8520000000,163501816,14.05
25/05/2018,1526000,21709300000,14.2(0.71 %),2351000,33374300000,825000,11665000000,162165816,14.33
29/05/2018,22100,306610000,13.9(2.21 %),24700,341710000,2600,35100000,162225116,14.32
30/05/2018,31800,433160000,13.7(-0.72 %),46800,638660000,15000,205500000,162503316,14.26
31/05/2018,897800,12566730000,14(2.19 %),902800,12636730000,5000,70000000,161735816,14.43
01/06/2018,213600,2984080000,14.1(0.71 %),213600,2984080000,0,0,161524816,14.47
04/06/2018,230600,3221400000,14.2(1.43 %),230600,3221400000,0,0,161309216,14.52
05/06/2018,-303000,-4251910000,14.2(1.43 %),910400,12829840000,1213400,17081750000,160903816,14.6
06/06/2018,-278100,-3944170000,14.1(0.00 %),2100,29830000,280200,3974000000,160901716,14.6
07/06/2018,16000,227180000,14(-1.41 %),23200,328700000,7200,101520000,160878516,14.61
08/06/2018,-649400,-8956130000,13.9(-2.11 %),412700,5718170000,1062100,14674300000,161179216,14.55
11/06/2018,38800,536670000,13.9(0.72 %),100000,1380000000,61200,843330000,161359416,14.51
12/06/2018,-102000,-1388550000,13.6(-1.45 %),105500,1434850000,207500,2823400000,161261116,14.53
13/06/2018,-139200,-1897660000,13.7(0.74 %),225500,3068300000,364700,4965960000,162097716,14.35
14/06/2018,34300,470330000,13.6(0.00 %),854300,11733480000,820000,11263150000,161804616,14.41
15/06/2018,-198590,-2694154000,13.8(1.47 %),376410,5111596000,575000,7805750000,161635706,14.45
18/06/2018,-248900,-3401460000,13.5(-0.74 %),274000,3696400000,522900,7097860000,161726406,14.43
19/06/2018,-541099,-7037377000,12.9(-5.15 %),14801,191653000,555900,7229030000,162031605,14.36
20/06/2018,137700,1816260000,13(0.00 %),714700,9133630000,577000,7317370000,161891905,14.39
21/06/2018,668500,8623390000,13(1.56 %),1128500,14569690000,460000,5946300000,161486305,14.48
22/06/2018,-44800,-572570000,13(0.78 %),250000,3285940000,294800,3858510000,161792205,14.41
25/06/2018,98100,1313910000,13.1(0.00 %),363100,4830610000,265000,3516700000,162006105,14.37
26/06/2018,1083500,14473140000,13.5(1.50 %),1655400,21932110000,571900,7458970000,160610705,14.67
27/06/2018,-13300,-180450000,13.2(0.76 %),116700,1561030000,130000,1741480000,160788805,14.63
28/06/2018,109500,1442430000,13.1(-2.24 %),173000,2267930000,63500,825500000,160880805,14.61
29/06/2018,258800,3389650000,13.1(0.00 %),438800,5740850000,180000,2351200000,161013905,14.58
02/07/2018,230000,2953620000,12.8(-2.29 %),230000,2953620000,0,0,160913905,14.6
03/07/2018,-31400,-354330000,12.4(-3.12 %),395600,4994770000,427000,5349100000,160581805,14.67
04/07/2018,-451600,-5518400000,12.4(-1.59 %),28400,346580000,480000,5864980000,160733405,14.64
05/07/2018,281300,3377730000,12(-1.64 %),308300,3705280000,27000,327550000,160425105,14.71
06/07/2018,-35900,-335070000,11.8(-1.67 %),933800,11012820000,969700,11347890000,159918305,14.81
09/07/2018,-358000,-4071120000,11.7(0.00 %),492000,5876800000,850000,9947920000,159906305,14.82
10/07/2018,-150100,-1723160000,11.6(-1.69 %),106200,1218030000,256300,2941190000,159827105,14.83
11/07/2018,268600,2950830000,11.1(-2.63 %),418600,4591450000,150000,1640620000,160378205,14.72
12/07/2018,242200,2635460000,11(0.00 %),412200,4474360000,170000,1838900000,160816005,14.62
13/07/2018,30900,340210000,11(1.85 %),106900,1163880000,76000,823670000,160965405,14.59
16/07/2018,50900,559330000,11(0.92 %),50900,559330000,0,0,161064505,14.57
17/07/2018,110100,1205090000,11(0.00 %),110100,1205090000,0,0,161124405,14.56
18/07/2018,75000,858000000,11.8(8.26 %),75000,858000000,0,0,161125405,14.56
19/07/2018,1518200,19359640000,13(13.04 %),1578200,20122140000,60000,762500000,159547205,14.89
20/07/2018,538200,6909930000,12.9(1.57 %),539800,6930600000,1600,20670000,159007405,15.01
23/07/2018,113800,1456270000,12.6(-1.56 %),223800,2846270000,110000,1390000000,158783605,15.06
24/07/2018,792138,9993266400,12.6(-0.79 %),874238,11031746400,82100,1038480000,157969367,15.23
25/07/2018,580400,7349040000,12.6(0.00 %),600400,7603040000,20000,254000000,157370567,15.36
26/07/2018,417400,5287150000,12.7(0.00 %),438200,5551230000,20800,264080000,157042367,15.43
27/07/2018,1282800,16664740000,13.1(3.15 %),1322800,17179740000,40000,515000000,155801667,15.69
30/07/2018,35100,460290000,13.2(1.54 %),205100,2687290000,170000,2227000000,155616567,15.73
31/07/2018,322700,4226640000,12.9(-1.53 %),930700,12192440000,608000,7965800000,155293867,15.8
01/08/2018,145300,1885050000,13(-0.76 %),149700,1942250000,4400,57200000,155156967,15.83
02/08/2018,90000,1153600000,12.9(0.00 %),100000,1282600000,10000,129000000,155226967,15.82
03/08/2018,-61000,-820670000,13.3(3.91 %),1510200,20261560000,1571200,21082230000,155004767,15.87
06/08/2018,28800,388670000,13.3(0.00 %),28800,388670000,0,0,154980367,15.87
07/08/2018,330013,4383332900,13.3(0.00 %),650013,8636212900,320000,4252880000,154660354,15.94
08/08/2018,-134000,-1865800000,13.7(3.01 %),406000,5472200000,540000,7338000000,154585554,15.95
09/08/2018,2100,11100000,13.9(2.21 %),863000,12033700000,860900,12022600000,154172554,16.04
10/08/2018,330200,4560420000,13.9(0.00 %),423200,5829390000,93000,1268970000,153749354,16.13
13/08/2018,159200,2215430000,13.7(0.00 %),1229200,16873810000,1070000,14658380000,153160154,16.26
14/08/2018,-87700,-1177760000,13.4(-2.19 %),39300,534980000,127000,1712740000,153531754,16.18
15/08/2018,-44800,-595840000,13(-3.70 %),200,2660000,45000,598500000,153576554,16.17
16/08/2018,-105710,-1344388100,13(-1.52 %),60300,782860000,166010,2127248100,154534254,15.97
17/08/2018,298110,3942020000,13.2(3.12 %),460200,6089090000,162090,2147070000,154236144,16.03
20/08/2018,20,266000,13(-1.52 %),20,266000,0,0,154246034,16.03
21/08/2018,5000,65000000,13(-0.76 %),5000,65000000,0,0,154407044,15.99
22/08/2018,6700,88390000,13.1(0.00 %),6700,88390000,0,0,154562434,15.96
23/08/2018,13400,175880000,13.2(0.76 %),15000,197000000,1600,21120000,154547434,15.96
24/08/2018,11000,145200000,13.1(-0.76 %),11000,145200000,0,0,154536434,15.97
27/08/2018,250200,3298160000,13.3(0.76 %),450200,5938160000,200000,2640000000,154086234,16.06
28/08/2018,-387880,-5124802000,13.3(1.53 %),12120,160198000,400000,5285000000,154075714,16.06
29/08/2018,578230,7968177000,13.9(5.30 %),1180230,16260177000,602000,8292000000,153495484,16.19
30/08/2018,641150,8916690000,14.1(2.17 %),1141150,15916690000,500000,7000000000,153054334,16.28
31/08/2018,2104200,29836790000,14.1(0.71 %),2104200,29836790000,0,0,151350134,16.65
04/09/2018,362100,5040170000,13.8(-2.13 %),367100,5110170000,5000,70000000,150985034,16.72
05/09/2018,215300,2965040000,13.7(-1.44 %),615300,8389610000,400000,5424570000,150369734,16.86
07/09/2018,1399300,19644850000,14.1(2.92 %),1409300,19783350000,10000,138500000,148561534,17.24
10/09/2018,1932700,27975930000,14.6(4.29 %),1935000,28009280000,2300,33350000,147026534,17.57
12/09/2018,577200,8565460000,14.7(-1.34 %),578200,8580360000,1000,14900000,144614834,18.09
13/09/2018,98200,1448540000,14.7(-1.34 %),300000,4415000000,201800,2966460000,0,0.0
14/09/2018,547000,8111430000,14.8(0.68 %),747000,11071430000,200000,2960000000,143876644,18.24
17/09/2018,305300,4619960000,15.1(2.03 %),555400,8396480000,250100,3776520000,143322244,18.36
18/09/2018,1103110,16515552000,15.1(0.00 %),1104210,16531942000,1100,16390000,142419834,18.56
19/09/2018,896400,13700920000,15.3(2.00 %),1196400,18290920000,300000,4590000000,141523434,18.75
20/09/2018,1677390,26813310000,16.3(6.54 %),2184400,34879990000,507010,8066680000,140742444,18.91
21/09/2018,543200,8631260000,15.9(-0.62 %),564500,8967800000,21300,336540000,141876634,18.67
24/09/2018,-197600,-3126620000,15.9(0.00 %),502500,7934970000,700100,11061590000,138623234,19.37
25/09/2018,105000,1679000000,16.1(1.90 %),110000,1760000000,5000,81000000,139020244,19.28
26/09/2018,494300,7908300000,16(-0.62 %),520300,8324800000,26000,416500000,138521244,19.39
27/09/2018,151000,2413880000,16.2(1.25 %),181100,2897490000,30100,483610000,138940244,19.3
28/09/2018,2445730,40394070000,16.7(4.38 %),2615750,43199400000,170020,2805330000,136494514,19.82
01/10/2018,390000,6544970000,16.5(0.00 %),490000,8199580000,100000,1654610000,135865494,19.96
02/10/2018,2068280,34423236000,16.6(-0.60 %),2228600,37084580000,160320,2661344000,133797214,20.4
03/10/2018,233800,3876130000,16.6(0.00 %),234300,3884380000,500,8250000,133602714,20.44
04/10/2018,231600,3835160000,16.5(-0.60 %),1461600,24155160000,1230000,20320000000,132741114,20.62
05/10/2018,-176400,-2732190000,15.9(-3.64 %),330600,5416780000,507000,8148970000,132570834,20.66
08/10/2018,26600,414440000,15.5(-4.32 %),31400,489800000,4800,75360000,132539934,20.67
09/10/2018,-70800,-1055020000,15.2(-2.56 %),186500,2860850000,257300,3915870000,133083434,20.55
10/10/2018,290400,4468970000,15.5(1.31 %),305400,4699970000,15000,231000000,133285034,20.51
11/10/2018,507800,7247570000,14.4(-6.49 %),527800,7533570000,20000,286000000,132777234,20.62
12/10/2018,1346615,19943516500,15.1(5.59 %),1399815,20722396500,53200,778880000,131619519,20.86
15/10/2018,144866,2147956600,14.8(0.00 %),200066,2965496600,55200,817540000,131434453,20.9
16/10/2018,-618300,-9041830000,14.6(-2.01 %),1431700,20952380000,2050000,29994210000,131022753,20.99
17/10/2018,149900,2236140000,14.8(0.68 %),1450000,21581000000,1300100,19344860000,130875953,21.02
18/10/2018,61500,881280000,14.4(-3.36 %),350500,5129200000,289000,4247920000,130580653,21.09
19/10/2018,-347800,-4909720000,14.2(-2.74 %),350200,5021120000,698000,9930840000,131280453,20.94
22/10/2018,-400,10240000,14.2(0.00 %),200000,2875000000,200400,2864760000,131130553,20.97
23/10/2018,104120,1464292000,14.1(-1.40 %),200920,2838852000,96800,1374560000,131218633,20.95
24/10/2018,-255000,-3549020000,13.7(-2.84 %),158600,2215100000,413600,5764120000,131758033,20.83
25/10/2018,450600,6117030000,13.8(-0.72 %),457100,6204480000,6500,87450000,131501333,20.89
26/10/2018,368200,5046310000,13.8(2.99 %),368200,5046310000,0,0,131229933,20.95
29/10/2018,150700,2060170000,13.5(-1.46 %),150700,2060170000,0,0,131492833,20.89
30/10/2018,204000,2753700000,13.6(0.00 %),204000,2753700000,0,0,131295333,20.93
31/10/2018,-38300,-524510000,13.9(2.96 %),3700,51090000,42000,575600000,131333633,20.93
01/11/2018,-119800,-1644240000,13.6(-0.73 %),30200,410760000,150000,2055000000,131261433,20.94
02/11/2018,-89000,-1219170000,13.8(0.73 %),1000,13700000,90000,1232870000,131260433,20.94
05/11/2018,-183200,-2515690000,13.8(0.73 %),6800,92480000,190000,2608170000,131295633,20.93
06/11/2018,-184070,-2567611000,14(2.19 %),116030,1624209000,300100,4191820000,131329603,20.93
07/11/2018,-50000,-691640000,13.9(-0.71 %),0,0,50000,691640000,131329603,20.93
08/11/2018,165700,2317390000,14.4(4.35 %),519000,7371440000,353300,5054050000,810805164,-124.32
09/11/2018,166640,2319623000,13.8(-2.82 %),216640,3029623000,50000,710000000,810888624,-124.34
12/11/2018,98100,1362920000,13.9(-0.71 %),128100,1782920000,30000,420000000,810810524,-124.32
13/11/2018,113800,1562220000,13.8(-0.72 %),116800,1603320000,3000,41100000,811047024,-124.37
14/11/2018,253300,3449290000,13.5(-1.46 %),253300,3449290000,0,0,810843724,-124.33
15/11/2018,0,0,13.4(-1.47 %),0,0,0,0,810873724,-124.34
16/11/2018,-129500,-1868990000,14.2(5.97 %),211000,2941160000,340500,4810150000,810665724,-124.29
19/11/2018,-220100,-3132380000,14.3(2.14 %),0,0,220100,3132380000,810665724,-124.29
20/11/2018,-320000,-4496440000,14.2(-0.70 %),0,0,320000,4496440000,810665724,-124.29
21/11/2018,-5900,-80620000,14.2(0.71 %),16400,231600000,22300,312220000,810989824,-124.36
22/11/2018,134900,1948170000,14.6(4.29 %),210000,3029120000,75100,1080950000,810999924,-124.36
23/11/2018,60000,868500000,14.4(0.00 %),60000,868500000,0,0,811259924,-124.42
26/11/2018,329000,4945310000,15.1(4.14 %),345200,5188780000,16200,243470000,810937024,-124.35
27/11/2018,433100,6439480000,14.8(-1.33 %),433100,6439480000,0,0,810579024,-124.27
28/11/2018,284700,4234770000,14.9(0.00 %),284700,4234770000,0,0,810294324,-124.21
29/11/2018,264100,3920790000,0(0.00 %),264100,3920790000,0,0,810030224,0.0
30/11/2018,9400,139100000,14.8(0.00 %),9400,139100000,0,0,810020824,0.0
03/12/2018,59355,894245000,15(2.04 %),120000,1798000000,60645,903755000,809917024,-124.13
04/12/2018,568800,8825920000,15.6(4.70 %),632300,9803840000,63500,977920000,809284724,-124.0
05/12/2018,508800,7879500000,15.6(1.30 %),518100,8023650000,9300,144150000,808766624,-123.89
06/12/2018,-288800,-4407140000,15.4(-0.65 %),506100,7807430000,794900,12214570000,808321169,-123.79
07/12/2018,413400,6361900000,15.5(0.65 %),470000,7232000000,56600,870100000,807914669,-123.7
10/12/2018,408200,6242760000,15.3(-0.65 %),408200,6242760000,0,0,807515769,-123.62
11/12/2018,180000,2716000000,15(-1.96 %),180000,2716000000,0,0,808130669,-123.75
12/12/2018,215400,3287080000,15.3(1.32 %),215400,3287080000,0,0,807971869,-123.72
13/12/2018,605000,9316720000,15.4(0.65 %),605000,9316720000,0,0,807366869,-123.59
14/12/2018,280000,4309000000,15.2(-1.30 %),280000,4309000000,0,0,807086869,-123.53
17/12/2018,-35000,-526680000,14.8(-3.90 %),26000,391650000,61000,918330000,807060869,-123.52
18/12/2018,99800,1482060000,15(0.00 %),100300,1489460000,500,7400000,806960569,-123.5
19/12/2018,101600,1513680000,15(2.04 %),101600,1513680000,0,0,806858969,-123.48
20/12/2018,166600,2502900000,15(0.67 %),336000,5043900000,169400,2541000000,806753369,-123.46
21/12/2018,-299200,-4458080000,15(0.00 %),201000,2994900000,500200,7452980000,806552869,-123.41
24/12/2018,184500,2729650000,14.8(-0.67 %),185000,2737100000,500,7450000,806367869,-123.37
25/12/2018,4600,97840000,14.7(-0.68 %),144800,2095920000,140200,1998080000,806223069,-123.34
26/12/2018,620200,7768430000,14.9(3.47 %),1141100,15503360000,520900,7734930000,806082169,-123.31
27/12/2018,4188800,65658900000,16(8.11 %),4195300,65760070000,6500,101170000,801887369,-122.42
14/01/2019,1046100,16207800000,15.6(0.00 %),1846100,28651950000,800000,12444150000,800208869,14.83
15/01/2019,732550,11498470000,15.7(0.64 %),1962250,30679990000,1229700,19181520000,798846619,14.89
16/01/2019,209420,3264885000,15.6(-0.64 %),1139420,17783730500,930000,14518845500,798637199,14.9
17/01/2019,571580,8897790000,15.6(0.00 %),1127580,17567920000,556000,8670130000,797379619,14.95
18/01/2019,-32410,-509230000,15.2(-2.56 %),738760,11429490000,771170,11938720000,797767559,14.93
21/01/2019,420110,6430580000,15.35(0.99 %),729520,11173660000,309410,4743080000,797968039,14.93
22/01/2019,294980,4566500000,15.5(0.98 %),642800,9956870000,347820,5390370000,797881239,14.93
23/01/2019,-115900,-1794859000,15.5(0.00 %),100,1541000,116000,1796400000,797997139,14.92
24/01/2019,100100,1543480000,15.4(-0.65 %),550100,8477980000,450000,6934500000,798364619,14.91
25/01/2019,61280,940950000,15.4(0.00 %),561280,8628450000,500000,7687500000,798651159,14.9
28/01/2019,252020,3931542000,15.75(2.27 %),657820,10311432000,405800,6379890000,797583739,14.94
29/01/2019,2302240,37125740000,16.3(3.49 %),3134430,50579060000,832190,13453320000,795254909,15.04
30/01/2019,4376820,73467120000,16.8(3.07 %),6032820,101224970000,1656000,27757850000,790701099,15.24
31/01/2019,741470,12320980000,16.45(-2.08 %),1608070,26859170000,866600,14538190000,790248829,15.26
01/02/2019,333570,5505430000,16.55(0.61 %),436670,7203790000,103100,1698360000,790364349,15.25
11/02/2019,194760,3235780000,16.95(2.42 %),732950,12395930000,538190,9160150000,789808389,15.27
12/02/2019,739680,12502370000,16.9(-0.29 %),936380,15829420000,196700,3327050000,788988609,15.31
13/02/2019,277980,4662526000,16.85(-0.30 %),1530210,25712271500,1252230,21049745500,789151929,15.3
14/02/2019,230160,3773910000,16.85(0.00 %),1711050,28890220000,1480890,25116310000,786938639,15.4
15/02/2019,751410,12653820000,16.75(-0.59 %),1621560,27326910000,870150,14673090000,785713779,15.45
18/02/2019,217540,3863876000,17.5(4.48 %),2275560,39006651750,2058020,35142775750,785496239,15.46
19/02/2019,200630,3454540000,16.95(-3.14 %),438630,7590440000,238000,4135900000,785688419,15.45
20/02/2019,253960,4275186500,16.55(-2.36 %),2411860,40338960500,2157900,36063774000,785041649,15.48
21/02/2019,1118610,18594441000,16.45(-0.60 %),1120610,18627141000,2000,32700000,783923039,15.53
22/02/2019,-620730,-10076510000,16.2(-1.52 %),904320,14676960000,1525050,24753470000,785998089,15.44
25/02/2019,-243020,-3962050000,16.4(1.23 %),916280,14964680000,1159300,18926730000,785962409,15.44
26/02/2019,58450,952390000,16.25(-0.91 %),267500,4347070000,209050,3394680000,785796909,15.45
27/02/2019,169440,2769810000,16.4(0.92 %),169440,2769810000,0,0,786852519,15.4
28/02/2019,2580,42200000,16.1(-1.83 %),2680,43820000,100,1620000,787300439,15.38
01/03/2019,690510,11371261500,16.7(3.73 %),690510,11371261500,0,0,787409489,15.38
04/03/2019,26000,428670000,16.45(-1.50 %),40500,669550000,14500,240880000,786678479,15.41
05/03/2019,53830,864529500,16.8(2.13 %),506460,8532922500,452630,7668393000,787329659,15.38
06/03/2019,-631020,-10597430000,16.85(0.30 %),564780,9486740000,1195800,20084170000,786007339,15.44
07/03/2019,343540,5801980000,16.95(0.59 %),503950,8497050000,160410,2695070000,785517889,15.46
08/03/2019,2050,34134000,16.7(-1.47 %),2050,34134000,0,0,787581779,15.37
11/03/2019,-1310260,-21382550000,16.35(-2.10 %),123020,2008750000,1433280,23391300000,786641249,15.41
12/03/2019,-840700,-13777893000,16.35(0.00 %),870510,14317632000,1711210,28095525000,789732739,15.28
13/03/2019,-730830,-12131440000,16.5(0.92 %),314000,5210090000,1044830,17341530000,785815149,15.44
14/03/2019,208350,3445695500,16.6(0.61 %),879150,14519562000,670800,11073866500,790255219,15.26
15/03/2019,-399370,-6539020000,16.3(-1.81 %),439340,7189580000,838710,13728600000,788114099,15.35
18/03/2019,-1821130,-29125090000,15.8(-3.07 %),232250,3715530000,2053380,32840620000,788828679,15.32
19/03/2019,-764600,-11934600000,15.55(-1.58 %),116400,1818600000,881000,13753200000,789083079,15.31
20/03/2019,-1715480,-26636630000,15.85(1.93 %),837100,13048190000,2552580,39684820000,788811739,15.32
21/03/2019,-791280,-12346350000,15.3(-3.47 %),177500,2771063000,968780,15117413000,793206589,15.13
22/03/2019,-544840,-8453920000,15.5(1.31 %),221050,3420870000,765890,11874790000,791347569,15.21
25/03/2019,-709760,-10635364500,14.9(-3.87 %),211240,3167570000,921000,13802934500,794461189,15.08
26/03/2019,-219490,-3279630000,14.85(-0.34 %),239500,3556580000,458990,6836210000,794418189,15.08
27/03/2019,-1086550,-16675900000,15.4(3.70 %),1053960,16162810000,2140510,32838710000,794130119,15.09
28/03/2019,-146950,-2245804500,15.25(-0.97 %),13050,199590000,160000,2445394500,795914179,15.01
29/03/2019,-117260,-1779940000,15.15(-0.66 %),7740,118011000,125000,1897951000,796031439,15.01
01/04/2019,-564460,-8548850000,15.3(0.99 %),118540,1796910000,683000,10345760000,797511289,14.95
02/04/2019,-905400,-13976652000,15.3(0.00 %),94600,1458560000,1000000,15435212000,798535229,14.9
03/04/2019,-128740,-1963130000,15.3(0.00 %),31260,476720000,160000,2439850000,797670429,14.94
04/04/2019,-717990,-11011767500,15.25(-0.33 %),2010,30853500,720000,11042621000,799381959,14.87
05/04/2019,-700520,-10790210000,15.4(0.98 %),449700,6874090000,1150220,17664300000,799301719,14.87
08/04/2019,-610880,-9478110000,15.55(0.97 %),352060,5460854500,962940,14938964500,800693359,14.81
09/04/2019,-241430,-3707640000,15.25(-1.93 %),30000,464460000,271430,4172100000,799799659,14.85
10/04/2019,-202220,-3048920000,15.05(-1.31 %),137780,2082380000,340000,5131300000,800412099,14.82
11/04/2019,-146640,-2208830000,15.05(0.00 %),3360,50740000,150000,2259570000,801371679,14.78
12/04/2019,-412240,-6214250000,15.15(0.66 %),467540,7040090000,879780,13254340000,801456129,14.78
16/04/2019,-128270,-1917295000,15(-0.99 %),5730,85863500,134000,2003158500,801824159,14.76
17/04/2019,-473690,-7038130000,14.65(-2.33 %),13620,203830000,487310,7241960000,801926779,14.76
18/04/2019,-238060,-3512076500,14.4(-1.71 %),355180,5155003500,593240,8667080000,802535909,14.73
19/04/2019,-1152330,-16283013000,14.1(-2.08 %),188720,2677033500,1341050,18960046500,803688239,14.68
22/04/2019,17110,239830000,14.25(1.06 %),20000,280580000,2890,40750000,802783409,14.72
23/04/2019,-813580,-11479218000,14.15(-0.70 %),132920,1879413000,946500,13358631000,804484709,14.65
24/04/2019,65640,949170000,14.5(2.47 %),134660,1935630000,69020,986460000,804250119,14.66
25/04/2019,-147290,-2114463500,14.35(-1.03 %),105090,1506292000,252380,3620755500,804566359,14.64
26/04/2019,212710,3083550000,14.8(3.14 %),227110,3290260000,14400,206710000,804867309,14.63
02/05/2019,73240,1075864000,14.65(-1.01 %),163240,2395114000,90000,1319250000,804936329,14.63
03/05/2019,37020,541280000,14.6(-0.34 %),139420,2036100000,102400,1494820000,804886049,14.63
06/05/2019,-28320,-401400000,14.25(-2.40 %),120680,1717940000,149000,2119340000,804779769,14.64
07/05/2019,-130540,-1865835000,13.9(-2.46 %),589460,8236651000,720000,10102486000,805058169,14.62
08/05/2019,-717890,-9911087500,13.7(-1.44 %),392110,5402363500,1110000,15313451000,805776059,14.59
09/05/2019,-534620,-7299232500,13.5(-1.46 %),820380,11080460000,1355000,18379692500,806310679,14.57
10/05/2019,-587930,-7930080000,13.6(0.74 %),455070,6133170000,1043000,14063250000,803584149,14.69
13/05/2019,-388160,-5453110000,14.25(4.78 %),1493900,21123920000,1882060,26577030000,804381249,14.65
14/05/2019,1024620,15507705500,15.2(6.67 %),2035670,30860670500,1011050,15352965000,806262149,14.57
15/05/2019,523540,8408991500,15.5(1.97 %),1423690,22480991500,900150,14072000000,805738609,14.59
16/05/2019,-63620,-958910000,15.2(-1.94 %),843990,12994650000,907610,13953560000,804326959,14.65
17/05/2019,354660,5489180000,15.45(1.64 %),1135270,17535940000,780610,12046760000,803202739,14.7
20/05/2019,-120670,-1870110000,15.5(0.32 %),505060,7827550000,625730,9697660000,803697829,14.68
21/05/2019,145090,2232070000,15.4(-0.65 %),854050,13184550000,708960,10952480000,803801389,14.68
22/05/2019,-508220,-7899050000,15.45(0.32 %),250710,3897930000,758930,11796980000,804331289,14.65
23/05/2019,-174880,-2701040000,15.5(0.32 %),457120,7043160000,632000,9744200000,804699899,14.64
24/05/2019,651010,10165460000,15.7(1.29 %),915460,14309200000,264450,4143740000,804293399,14.66
27/05/2019,403300,6378240000,15.8(0.64 %),1234600,19543210000,831300,13164970000,804117729,14.66
28/05/2019,1785190,28566580000,16(1.27 %),4601100,73629820000,2815910,45063240000,800898629,14.8
29/05/2019,-155930,-2456820000,15.7(-1.88 %),599070,9438270000,755000,11895090000,800864009,14.8
30/05/2019,29140,467710000,15.7(0.00 %),197730,3116170000,168590,2648460000,801197579,14.79
31/05/2019,9600,147863000,15.25(-2.87 %),28750,444720500,19150,296857500,802222099,14.74
03/06/2019,45410,687320000,15.2(-0.33 %),67070,1012700000,21660,325380000,803322669,14.7
04/06/2019,135570,2102900000,15.5(1.97 %),653070,10116080000,517500,8013180000,803338189,14.7
05/06/2019,82300,1281120000,15.6(0.65 %),603300,9393270000,521000,8112150000,803254039,14.7
06/06/2019,-72670,-1131720000,15.75(0.96 %),46600,726800000,119270,1858520000,803229099,14.7
07/06/2019,150700,2385970000,16.05(1.90 %),1461600,23262330000,1310900,20876360000,802284999,14.74
10/06/2019,1127610,18302967000,16.1(0.31 %),2977810,48198563500,1850200,29895596500,801899159,14.76
11/06/2019,29370,489460000,15.85(-1.55 %),899370,14307440000,870000,13817980000,800248089,14.83
12/06/2019,283300,4472810000,15.75(-0.63 %),1738300,27360200000,1455000,22887390000,799850219,14.85
13/06/2019,-607600,-9480390000,15.6(-0.95 %),552400,8611030000,1160000,18091420000,800728199,14.81
14/06/2019,-31890,-495410000,15.6(0.00 %),276080,4292770000,307970,4788180000,800802299,14.81
17/06/2019,1445080,22929200000,15.95(2.24 %),5305550,84331621500,3860470,61402421500,799159199,14.88
18/06/2019,1652790,26215978500,15.8(-0.94 %),8877140,140669806500,7224350,114453828000,797506409,14.95
19/06/2019,375540,5898270000,15.65(-0.95 %),1713780,26916960000,1338240,21018690000,797353909,14.95
20/06/2019,-456920,-7086030000,15.5(-0.96 %),65480,1016370000,522400,8102400000,797648899,14.94
21/06/2019,5552410,85471100000,15.4(-0.65 %),35689790,549634090000,30137380,464162990000,766392909,16.27
24/06/2019,-620290,-9259960000,14.85(-3.57 %),160440,2435810000,780730,11695770000,767055709,16.25
25/06/2019,-1057960,-15687233000,14.85(0.00 %),492340,7353271500,1550300,23040504500,793713629,15.11
26/06/2019,-122050,-1803703000,14.8(-0.34 %),783010,11652927800,905060,13456630800,793835679,15.1
27/06/2019,-89970,-1297740000,14.45(-2.36 %),208870,3043370000,298840,4341110000,794220109,15.09
28/06/2019,1167320,17630848500,15.2(5.19 %),1621300,24245083500,453980,6614235000,792758329,15.15
01/07/2019,137590,2062810000,15(-1.32 %),485250,7274500000,347660,5211690000,793684719,15.11
02/07/2019,-9240,-138171500,14.8(-1.33 %),325010,4811822800,334250,4949994300,794046409,15.09
03/07/2019,20790,309862000,14.75(-0.34 %),120790,1786212500,100000,1476350500,794025619,15.09
04/07/2019,-50490,-748460000,14.8(0.34 %),22420,331750000,72910,1080210000,794306569,15.08
05/07/2019,-95790,-1406210000,14.7(-0.68 %),45960,675610000,141750,2081820000,794271909,15.08
08/07/2019,35000,514396000,14.65(-0.34 %),103400,1517381000,68400,1002985000,794136899,15.09
09/07/2019,-81330,-1191590000,14.5(-1.02 %),184370,2694523000,265700,3886113000,794218229,15.09
10/07/2019,293780,4352080000,14.7(1.38 %),387150,5728870000,93370,1376790000,794061649,15.09
11/07/2019,298760,4415160000,14.8(0.68 %),715010,10558542000,416250,6143382000,793625689,15.11
12/07/2019,190640,2844253500,14.9(0.68 %),400060,5950284500,209420,3106031000,793435049,15.12
15/07/2019,-87880,-1295010000,14.7(-1.34 %),225000,3314840000,312880,4609850000,793574049,15.11
16/07/2019,138780,2032170000,14.6(-0.68 %),454900,6670380000,316120,4638210000,793235399,15.13
17/07/2019,-166750,-2420230000,14.55(-0.34 %),139640,2026790000,306390,4447020000,793399829,15.12
18/07/2019,-263970,-3806691000,14.35(-1.37 %),100180,1445414500,364150,5252105500,793814869,15.1
19/07/2019,25910,341523500,14.05(-2.09 %),137290,1929292500,111380,1587769000,793788959,15.1
22/07/2019,-711390,-9982240000,14(-0.36 %),15100,215050000,726490,10197290000,793712999,15.11
23/07/2019,-143270,-2012251500,14.1(0.71 %),112870,1582390120,256140,3594641620,794643619,15.07
24/07/2019,36760,529460000,14.05(-0.35 %),129410,1847710000,92650,1318250000,794046709,15.09
25/07/2019,-288880,-4114184500,14.15(0.71 %),19400,276480500,308280,4390665000,794895739,15.06
26/07/2019,-338880,-4815142500,14.15(0.00 %),38000,541013500,376880,5356156000,795234619,15.04
29/07/2019,-155910,-2190710000,14.05(-0.71 %),41650,586870000,197560,2777580000,794922479,15.06
30/07/2019,-842150,-11733591500,13.8(-1.78 %),0,0,842150,11733591500,796232679,15.0
31/07/2019,293470,4128220000,14.1(2.17 %),449830,6293330000,156360,2165110000,795263289,15.04
01/08/2019,-534510,-7427967500,13.9(-1.42 %),160,2244500,534670,7430212000,795460849,15.03
02/08/2019,-136560,-1911120000,14(0.72 %),76290,1068400000,212850,2979520000,796226549,15.0
05/08/2019,-510260,-7160480000,13.9(-0.71 %),56940,791870000,567200,7952350000,796220489,15.0
06/08/2019,-651100,-8863364000,13.45(-3.24 %),50900,689480000,702000,9552844000,796758769,14.98
07/08/2019,-826450,-11101160000,13.4(-0.37 %),840,11350000,827290,11112510000,796916269,14.97
08/08/2019,-702630,-9384985000,13.35(-0.37 %),7000,93751500,709630,9478736500,798287849,14.91
09/08/2019,-231900,-3120630000,13.45(0.75 %),150000,2020100000,381900,5140730000,798028469,14.92
12/08/2019,-119800,-1611310000,13.3(-1.12 %),200,2690000,120000,1614000000,798855559,14.89
13/08/2019,-1573110,-20289380000,12.9(-3.01 %),606890,7832390000,2180000,28121770000,799458299,14.86
14/08/2019,-285270,-3710970000,12.9(0.00 %),265800,3465590000,551070,7176560000,799574399,14.86
15/08/2019,-12890,-163100000,12.8(-0.78 %),1610,20450000,14500,183550000,799692789,14.85
16/08/2019,-304760,-3931761000,12.9(0.78 %),0,0,304760,3931761000,800815579,14.8
19/08/2019,-24360,-319271000,12.95(0.39 %),302000,3907590000,326360,4226861000,800839939,14.8
20/08/2019,-71010,-920570000,12.95(0.00 %),501180,6505330000,572190,7425900000,801835179,14.76
21/08/2019,-469670,-6202480000,13.3(2.70 %),500030,6599900000,969700,12802380000,802139909,14.75
22/08/2019,30550,404390000,13.25(-0.38 %),700600,9343350000,670050,8938960000,802166169,14.75
23/08/2019,64330,854853500,13.2(-0.38 %),363900,4824692250,299570,3969838750,801285739,14.78
26/08/2019,-1920,-24857000,12.9(-2.27 %),534240,6913871700,536160,6938728700,801287659,14.78
27/08/2019,577120,7569708000,13.15(1.94 %),1013320,13251802000,436200,5682094000,800710539,14.81
28/08/2019,-221830,-2875795500,12.9(-1.90 %),40930,531851000,262760,3407646500,800932369,14.8
29/08/2019,-87290,-1121720000,12.8(-0.78 %),90450,1165400000,177740,2287120000,802010249,14.75
30/08/2019,100100,1296570000,12.9(0.78 %),100100,1296570000,0,0,801935849,14.76
03/09/2019,114700,1484330000,12.9(0.00 %),114700,1484330000,0,0,802083909,14.75
04/09/2019,-3530,-45360500,12.9(0.00 %),1000,12850000,4530,58210500,802202139,14.75
05/09/2019,6680,85750000,12.85(-0.39 %),8950,114810000,2270,29060000,802222449,14.74
06/09/2019,-22310,-283573000,12.8(-0.39 %),27690,357044500,50000,640617500,802217769,14.74
09/09/2019,-229730,-2928874500,12.6(-1.56 %),15820,200241500,245550,3129116000,802447499,14.73
10/09/2019,-77770,-984420000,12.3(-2.38 %),34350,427620000,112120,1412040000,802151389,14.75
11/09/2019,-550,-6962500,12.2(-0.81 %),14500,176720000,15050,183682500,802525819,14.73
12/09/2019,-426630,-5312450000,12.4(1.64 %),4200,52500000,430830,5364950000,802428239,14.74
13/09/2019,-203700,-2587470000,12.65(2.02 %),1300,16530000,205000,2604000000,802539059,14.73
16/09/2019,-433420,-5531550000,12.7(0.40 %),1700,21640000,435120,5553190000,802552409,14.73
17/09/2019,-24800,-314970000,12.5(-1.57 %),200200,2518730000,225000,2833700000,802983039,14.71
18/09/2019,-194450,-2486660000,12.7(1.60 %),7820,100100000,202270,2586760000,803180219,14.7
19/09/2019,-254360,-3232110000,12.7(0.00 %),143510,1828000000,397870,5060110000,803471829,14.69
20/09/2019,-916510,-11516239000,12.55(-1.18 %),96860,1222262500,1013370,12738501500,804979689,14.63
23/09/2019,-281470,-3549360000,12.55(0.00 %),148540,1871670000,430010,5421030000,803453699,14.69
24/09/2019,-170360,-2138230000,12.5(-0.40 %),42130,528630000,212490,2666860000,803809439,14.68
25/09/2019,-155000,-1920085500,12.35(-1.20 %),74450,930172000,229450,2850257500,805586519,14.6
26/09/2019,-662770,-8138720000,12.3(-0.40 %),300530,3701340000,963300,11840060000,804877839,14.63
27/09/2019,-1498180,-18815040000,12.7(3.25 %),365510,4619470000,1863690,23434510000,804724819,14.64
30/09/2019,-663290,-8575620000,12.9(1.57 %),401020,5182670000,1064310,13758290000,804553249,14.64
01/10/2019,-225100,-2905140000,12.85(-0.39 %),156900,2025910000,382000,4931050000,805359649,14.61
02/10/2019,66550,852546000,12.8(-0.39 %),218690,2800374500,152140,1947828500,805449999,14.61
03/10/2019,-138070,-1745547000,12.6(-1.56 %),16450,207881000,154520,1953428000,805588069,14.6
04/10/2019,-1109500,-14280520000,12.85(1.98 %),433740,5587700000,1543240,19868220000,808200769,14.49
07/10/2019,-796070,-10337320000,13(1.17 %),686360,8928014000,1482430,19265334000,807493639,14.52
08/10/2019,-218560,-2860642000,12.95(-0.38 %),314010,4082641000,532570,6943283000,807712199,14.51
09/10/2019,-254580,-3296953500,12.85(-0.77 %),25930,335151000,280510,3632104500,807966779,14.5
10/10/2019,-797090,-10279990000,12.9(0.39 %),105900,1366110000,902990,11646100000,810200899,14.4
11/10/2019,-172130,-2210240000,12.75(-1.16 %),312960,4003660000,485090,6213900000,810620509,14.39
14/10/2019,-552990,-7068532500,12.85(0.78 %),247060,3164983500,800050,10233516000,809488989,14.43
15/10/2019,-53430,-683220000,12.8(-0.39 %),621020,7949740000,674450,8632960000,811235929,14.36
16/10/2019,-1426690,-18698360000,13.15(2.73 %),698410,9154370000,2125100,27852730000,811475519,14.35
17/10/2019,-83050,-1105800000,13.2(0.38 %),723710,9545500000,806760,10651300000,811951859,14.33
18/10/2019,-1094460,-14659370000,13.3(0.76 %),985130,13202870000,2079590,27862240000,811794099,14.34
21/10/2019,46060,610270000,13.15(-1.13 %),96060,1271620000,50000,661350000,813170229,14.28
22/10/2019,-657250,-8567704500,13.05(-0.76 %),595750,7759981000,1253000,16327685500,812757809,14.29
23/10/2019,-772660,-10075865000,13(-0.38 %),692340,9027363500,1465000,19103228500,813530469,14.26
24/10/2019,-486690,-6370605000,13.1(0.77 %),63310,829253500,550000,7199858500,814017159,14.24
25/10/2019,-677980,-8970120000,13.2(0.76 %),453490,5998380000,1131470,14968500000,815081769,14.2
28/10/2019,-241420,-3194140000,13.1(-0.76 %),208520,2753400000,449940,5947540000,816338249,14.14
29/10/2019,-380900,-4992446500,12.9(-1.53 %),85460,1121134500,466360,6113581000,815317459,14.19
30/10/2019,-135900,-1764110000,12.95(0.39 %),16650,215240000,152550,1979350000,817517609,14.09
31/10/2019,-1357380,-17844220000,13.05(0.77 %),25970,340600000,1383350,18184820000,817941579,14.07
01/11/2019,94620,1294640000,13.55(3.83 %),612240,8085490000,517620,6790850000,817795699,14.08
04/11/2019,1271010,17515120000,13.75(1.48 %),1774610,24490950000,503600,6975830000,816173639,14.15
05/11/2019,376770,5187600000,13.7(-0.36 %),1796110,24708780000,1419340,19521180000,816810879,14.12
06/11/2019,706170,9706540000,13.6(-0.73 %),2031070,27952330000,1324900,18245790000,815976199,14.16
07/11/2019,-82170,-1124060000,13.6(0.00 %),630790,8593490000,712960,9717550000,816449009,14.14
08/11/2019,-213210,-2903610000,13.5(-0.74 %),77630,1053540000,290840,3957150000,816802079,14.12
11/11/2019,-696890,-9385770000,13.4(-0.74 %),236190,3178310000,933080,12564080000,817212019,14.1
12/11/2019,-741860,-9932534000,13.4(0.00 %),3660,48934000,745520,9981468000,817788119,70.48
13/11/2019,-832300,-11216949500,13.4(0.00 %),57700,776300500,890000,11993250000,818620419,70.31
14/11/2019,-292150,-3932360000,13.4(0.00 %),62850,843140000,355000,4775500000,818363329,14.06
15/11/2019,-984120,-13254326000,13.45(0.37 %),87370,1178193000,1071490,14432519000,819896689,70.03
18/11/2019,-974450,-13236510000,13.65(1.49 %),116540,1591680000,1090990,14828190000,819794939,13.99
19/11/2019,83560,1148950000,13.75(0.73 %),932460,12812580000,848900,11663630000,820787579,69.84
20/11/2019,200270,2755470000,13.7(-0.36 %),608640,8363420000,408370,5607950000,820846689,13.95
21/11/2019,277700,3804490000,13.7(0.00 %),967970,13205406860,690270,9400916860,820309609,69.95
22/11/2019,159440,2173120000,13.3(-2.92 %),779870,10534720000,620430,8361600000,821498569,13.92
25/11/2019,373240,4964092000,13.3(0.00 %),780440,10361452000,407200,5397360000,819776929,70.06
26/11/2019,-182310,-2423460000,13.4(0.75 %),1129500,15099340000,1311810,17522800000,820436999,13.97
27/11/2019,-120650,-1598710000,13.25(-1.12 %),987990,13174510000,1108640,14773220000,820163519,13.98
28/11/2019,-53120,-693790000,12.9(-2.64 %),7370,96100000,60490,789890000,820163349,13.98
29/11/2019,20410,263092500,12.8(-0.78 %),20410,263092500,0,0,820112599,69.99
02/12/2019,143970,1818478000,12.6(-1.56 %),206160,2613732500,62190,795254500,821494749,69.69
03/12/2019,-273060,-3421430000,12.4(-1.59 %),192810,2405160000,465870,5826590000,821156269,13.94
04/12/2019,87100,1094705500,12.7(2.42 %),125000,1564710500,37900,470005000,821680709,69.65
05/12/2019,209700,2644610000,12.65(-0.39 %),222000,2799660000,12300,155050000,820872139,13.95
06/12/2019,202330,2551230000,12.65(0.00 %),251640,3172560000,49310,621330000,821086369,13.94
09/12/2019,-6670,-83360000,12.6(-0.40 %),847490,10688800000,854160,10772160000,820836779,13.95
10/12/2019,277900,3453310000,12.35(-1.98 %),638700,7934040000,360800,4480730000,820511059,13.96
11/12/2019,38520,479650000,12.5(1.21 %),177790,2215530000,139270,1735880000,820382579,13.97
12/12/2019,-119240,-1490690000,12.4(-0.80 %),18900,235880000,138140,1726570000,820657839,13.96
13/12/2019,-44670,-555890000,12.35(-0.40 %),10110,126120000,54780,682010000,820708529,13.96
16/12/2019,-30150,-378108000,12.65(2.43 %),18440,230013000,48590,608121000,821152989,69.77
17/12/2019,-32560,-407545500,12.35(-2.37 %),14940,187504000,47500,595049500,821185549,69.76
18/12/2019,-429020,-5312610000,12.35(0.00 %),1329380,16446490000,1758400,21759100000,820977959,13.94
19/12/2019,-71020,-885140000,12.45(0.81 %),4000,49900000,75020,935040000,821022549,13.94
20/12/2019,-1786930,-22053640000,12.35(-0.80 %),253190,3143770000,2040120,25197410000,820816859,13.95
23/12/2019,-505250,-6316077000,12.4(0.40 %),38920,485591000,544170,6801668000,823977769,69.16
24/12/2019,1660,22461000,12.4(0.00 %),224550,2798291500,222890,2775830500,823976109,69.16
25/12/2019,-544420,-6685024500,12.3(-0.81 %),10010,122910500,554430,6807935000,824520529,69.05
26/12/2019,-101650,-1243620000,12.25(-0.41 %),1324620,16244000000,1426270,17487620000,823656089,13.83
27/12/2019,-657650,-7862580000,11.75(-4.08 %),50070,602910000,707720,8465490000,823828909,13.82
30/12/2019,1660,22461000,11.5(-2.13 %),224550,2798291500,222890,2775830500,825278169,68.88
31/12/2019,-251850,-2899260000,11.45(-0.43 %),4240,48833500,256090,2948093500,825530019,68.83
02/01/2020,-341970,-4002860000,11.9(3.93 %),48370,572560000,390340,4575420000,825103849,13.77
03/01/2020,-384280,-4549990500,11.7(-1.68 %),5730,67994500,390010,4617985000,825536499,68.83
06/01/2020,-765950,-8800640000,11.35(-2.99 %),38110,435060000,804060,9235700000,826236499,13.72
07/01/2020,-630880,-7119250000,11.25(-0.88 %),52680,595860000,683560,7715110000,826574159,13.7
08/01/2020,-1896500,-20327560000,10.75(-4.44 %),126760,1366000000,2023260,21693560000,826837409,13.69
09/01/2020,-654550,-7158880000,10.9(1.40 %),2083440,22835170000,2737990,29994050000,827058559,13.68
10/01/2020,280,3108000,11.1(1.83 %),1670110,18413781590,1669830,18410673590,829484099,67.98
13/01/2020,108280,1200475000,11(-0.90 %),446870,4939031000,338590,3738556000,829375819,68.01
14/01/2020,90960,1003779000,10.9(-0.91 %),456990,5026093500,366030,4022314500,829284859,68.03
15/01/2020,-42360,-456860000,10.9(0.00 %),186840,2032290000,229200,2489150000,829911859,13.56
16/01/2020,-456800,-5012810000,11(0.92 %),677730,7436330000,1134530,12449140000,830272719,13.55
17/01/2020,-285720,-3100820000,10.8(-1.82 %),169180,1849330000,454900,4950150000,830469569,13.54
20/01/2020,-182600,-1968940000,10.7(-0.93 %),32100,344980000,214700,2313920000,830666669,13.53
21/01/2020,-1988880,-21861130000,10.9(1.87 %),3424050,36754530000,5412930,58615660000,831277149,13.5
22/01/2020,-1158390,-12791670000,11.1(1.83 %),2328540,25317980000,3486930,38109650000,831672609,13.49
30/01/2020,-1014780,-11352524000,11.1(0.00 %),72240,807253000,1087020,12159777000,833450319,67.14
31/01/2020,545680,5742385000,10.5(-5.41 %),748620,7943381000,202940,2200996000,832904639,67.25
03/02/2020,11240,91671000,9.99(-4.86 %),176530,1737378900,165290,1645707900,834297209,66.96
04/02/2020,-2076580,-21187550000,9.5(-4.90 %),127610,1255900000,2204190,22443450000,835080089,13.34
05/02/2020,-713360,-6808210000,9.57(0.74 %),234040,2245390000,947400,9053600000,835048989,13.34
06/02/2020,38770,379164300,10.05(5.02 %),167860,1651233000,129090,1272068700,837048379,66.37
07/02/2020,-3926530,-41038060000,9.91(-1.39 %),274760,2732690000,4201290,43770750000,836988569,13.26
10/02/2020,-247930,-2401460000,9.68(-2.32 %),147400,1429850000,395330,3831310000,837793869,13.23
11/02/2020,-283340,-2804050000,9.86(1.86 %),124240,1228220000,407580,4032270000,837798719,13.23
12/02/2020,94460,949950400,10.55(7.00 %),293230,3007332300,198770,2057381900,841411719,65.43
13/02/2020,-517180,-5512660000,10.55(0.00 %),94530,997040000,611710,6509700000,842019239,13.05
14/02/2020,69070,721360000,10.4(-1.42 %),81780,854820000,12710,133460000,842355639,13.03
17/02/2020,-112220,-1173980000,10.35(-0.48 %),158920,1646080000,271140,2820060000,842402909,13.03
18/02/2020,-555640,-5764630000,10.35(0.00 %),46380,481440000,602020,6246070000,842968239,13.0
19/02/2020,-850340,-8920100000,10.45(0.97 %),90860,950320000,941200,9870420000,843378029,65.01
20/02/2020,-771010,-8256215000,10.9(4.31 %),918890,9904833500,1689900,18161048500,844149039,64.85
21/02/2020,254540,2754923500,10.75(-1.38 %),449340,4873454500,194800,2118531000,843894499,64.9
24/02/2020,126690,1302217000,10(-6.98 %),128920,1325074500,2230,22857500,843767809,64.93
25/02/2020,-839470,-8277823600,9.95(-0.50 %),195380,1919672800,1034850,10197496400,844607279,64.75
26/02/2020,-70670,-761435300,10.2(2.51 %),392350,3931313000,463020,4692748300,844677949,64.74
27/02/2020,-327060,-3304410000,10.1(-0.98 %),144010,1456580000,471070,4760990000,844376269,12.94
28/02/2020,-265730,-2619963700,9.85(-2.48 %),224090,2205813900,489820,4825777600,845270739,64.61
02/03/2020,-173860,-1711810000,9.98(1.32 %),41900,415110000,215760,2126920000,845617689,12.89
03/03/2020,-1170480,-11786810000,9.93(-0.50 %),59460,600470000,1229940,12387280000,846029299,12.87
04/03/2020,-1643370,-16369760000,9.96(0.30 %),150460,1500630000,1793830,17870390000,846368659,12.86
05/03/2020,-225160,-2296010000,10.2(2.41 %),587210,6029510000,812370,8325520000,845997209,12.88
06/03/2020,-995190,-10022380000,10.1(-0.98 %),311430,3143080000,1306620,13165460000,846915719,12.84
09/03/2020,-139250,-1329300000,9.4(-6.93 %),212250,2000500000,351500,3329800000,848497299,12.77
10/03/2020,-344590,-3190570000,9.5(1.06 %),152700,1435840000,497290,4626410000,849156969,12.74
11/03/2020,-996580,-9211480000,9.02(-5.05 %),315510,2929020000,1312090,12140500000,850148079,12.7
12/03/2020,-566500,-4777020000,8.39(-6.98 %),154440,1301910000,720940,6078930000,850345139,12.69
13/03/2020,-1201740,-9479540500,8.9(6.08 %),248180,1984894700,1449920,11464435200,852900549,62.98
16/03/2020,-439680,-3803677200,8.88(-0.22 %),279000,2418902300,718680,6222579500,853340229,62.88
17/03/2020,-625810,-5536513500,8.85(-0.34 %),231260,2041433600,857070,7577947100,853966039,62.75
18/03/2020,-66000,-576187000,8.76(-1.02 %),140400,1236782900,206400,1812969900,854032039,62.74
19/03/2020,-66000,-576187000,8.47(-3.31 %),140400,1236782900,206400,1812969900,854098039,62.72
20/03/2020,-740870,-6262382400,8.46(-0.12 %),167040,1413124800,907910,7675507200,854838909,62.56
23/03/2020,-1030900,-8145030000,7.87(-6.97 %),31700,249610000,1062600,8394640000,854875319,12.5
24/03/2020,-3333890,-25116249500,7.53(-4.32 %),219680,1650924300,3553570,26767173800,859203699,61.63
25/03/2020,-603960,-4762530000,7.85(4.25 %),4664440,36677370000,5268400,41439900000,855601209,12.47
26/03/2020,-327790,-2525777100,7.6(-3.18 %),54750,422662200,382540,2948439300,860135449,61.43
27/03/2020,133660,995380000,7.62(0.26 %),4751380,36128250000,4617720,35132870000,859411249,12.3
30/03/2020,167380,1173964300,7.14(-6.30 %),2486890,17720794100,2319510,16546829800,859834409,61.5
31/03/2020,407920,2853930000,7.09(-0.70 %),1818490,12891210000,1410570,10037280000,857574449,12.38
01/04/2020,117470,864579200,7.36(3.81 %),2547510,18641173600,2430040,17776594400,857144659,62.07
03/04/2020,-1060680,-8167236000,7.7(4.62 %),1176020,9013354000,2236700,17180590000,858205339,61.84
06/04/2020,-1542240,-12553833600,8.14(5.71 %),985740,8007923600,2527980,20561757200,859747579,61.52
07/04/2020,-975580,-7821330000,7.99(-1.84 %),459850,3677330000,1435430,11498660000,859402869,12.3
08/04/2020,-4491330,-37187480000,8.54(6.88 %),7221920,58490330000,11713250,95677810000,860658109,12.25
09/04/2020,-3619490,-32173710000,8.71(1.99 %),280550,2484640000,3900040,34658350000,862405539,12.17
10/04/2020,-770740,-6685429900,8.53(-2.07 %),142010,1225000400,912750,7910430300,869604719,59.41
13/04/2020,-778510,-6850888000,8.8(3.17 %),4157850,36602205000,4936360,43453093000,870383229,59.24
14/04/2020,-573330,-5188636500,9.05(2.84 %),5965800,53848730000,6539130,59037366500,870956559,59.12
15/04/2020,-656630,-5949067800,9.06(0.11 %),2478170,22467220200,3134800,28416288000,871613189,58.98
16/04/2020,-1562540,-13993574000,8.95(-1.21 %),346860,3101843900,1909400,17095417900,873175729,58.64
17/04/2020,-1638970,-14841138500,9.04(1.01 %),910330,8242732800,2549300,23083871300,874814699,58.29
20/04/2020,-1577400,-11939617700,9.4(3.98 %),1998280,22771213250,3575680,34710830950,876392099,57.96
21/04/2020,395680,3690027900,9.33(-0.74 %),536770,5004264600,141090,1314236700,875996419,58.04
22/04/2020,-148020,-1409236500,9.48(1.61 %),356210,3376701700,504230,4785938200,876144439,58.01
23/04/2020,-337430,-3216296300,9.5(0.21 %),76310,731320400,413740,3947616700,876481869,57.94
24/04/2020,491870,4653490000,9.55(0.53 %),512550,4848070000,20680,194580000,878570569,11.48
27/04/2020,260840,2575150000,9.9(3.66 %),265610,2621920000,4770,46770000,878809189,11.47
28/04/2020,1135430,11517390000,10.3(4.04 %),1255980,12732130000,120550,1214740000,877961649,11.51
29/04/2020,48410,523409000,10.55(2.43 %),371280,3915373000,322870,3391964000,874545319,58.35
04/05/2020,234810,2405660000,9.82(-6.92 %),649980,6524490000,415170,4118830000,876965839,11.55
05/05/2020,-744410,-7144250000,9.66(-1.63 %),528320,5115300000,1272730,12259550000,876558069,11.57
06/05/2020,-563750,-5495330000,9.95(3.00 %),445970,4386480000,1009720,9881810000,876434969,11.58
07/05/2020,253190,2568521800,10.2(2.51 %),254830,2585113000,1640,16591200,878670789,57.47
08/05/2020,1262600,12897015500,10.1(-0.98 %),2309420,23514754500,1046820,10617739000,877408189,57.74
11/05/2020,-586120,-5877950000,10.15(0.50 %),171280,1719940000,757400,7597890000,876401139,11.58
12/05/2020,-3031630,-31223410000,10.4(2.46 %),310700,3160910000,3342330,34384320000,876100239,11.59
13/05/2020,-1255180,-13007134000,10.3(-0.96 %),273730,2817653000,1528910,15824787000,882281119,56.7
14/05/2020,-916430,-9362692500,10.15(-1.46 %),250530,2558601500,1166960,11921294000,883197549,56.5
15/05/2020,-842410,-8496598000,10(-1.48 %),220240,2218901500,1062650,10715499500,884039959,56.32
18/05/2020,-1015970,-10171830000,10.1(1.00 %),160790,1618460000,1176760,11790290000,881886729,11.34
19/05/2020,1581270,16145809000,10.2(0.99 %),2592250,26475130000,1010980,10329321000,883474659,56.44
20/05/2020,668840,6812393500,10.2(0.00 %),951290,9678444500,282450,2866051000,882805819,56.59
21/05/2020,-345570,-3522280000,10.2(0.00 %),71600,726520000,417170,4248800000,882681019,11.31
22/05/2020,462120,4660680000,10.1(-0.98 %),1749470,17669670000,1287350,13008990000,881952729,11.34
25/05/2020,211850,2169830000,10.2(0.99 %),256870,2627550000,45020,457720000,881978309,11.34
26/05/2020,51920,521930000,10.6(3.92 %),269370,2823940000,217450,2302010000,882136309,11.33
27/05/2020,-335580,-3535740000,10.3(-2.83 %),109930,1173620000,445510,4709360000,882313729,11.32
28/05/2020,1800360,18676720000,10.4(0.97 %),2350760,24395880000,550400,5719160000,880487589,11.4
29/05/2020,37760,403251500,10.25(-1.44 %),270460,2788880500,232700,2385629000,880922959,56.99
01/06/2020,1020380,10540300000,10.45(1.95 %),1486690,15376230000,466310,4835930000,879379119,11.45
02/06/2020,2941210,31156272500,10.5(0.48 %),3215100,34071482000,273890,2915209500,877924599,57.63
03/06/2020,29760,314030000,10.6(0.95 %),634010,6688260000,604250,6374230000,876304949,11.58
04/06/2020,1620350,17169393000,10.6(0.00 %),2200630,23320354000,580280,6150961000,876274489,57.98
05/06/2020,447000,4696260000,10.55(-0.47 %),604100,6346280000,157100,1650020000,874735319,11.65
08/06/2020,558470,5989100000,10.7(1.42 %),808090,8633180000,249620,2644080000,874031479,11.68
09/06/2020,244760,2722310000,11.05(3.27 %),812660,9004060000,567900,6281750000,873283799,11.71
10/06/2020,-824880,-9368858000,11.25(1.81 %),549940,6181522500,1374820,15550380500,876540899,57.93
11/06/2020,-843680,-9402512000,10.5(-6.67 %),223830,2448461500,1067510,11850973500,877384579,57.74
12/06/2020,340790,3465490000,10.45(-0.48 %),464590,4745530000,123800,1280040000,873014959,11.72
15/06/2020,2178530,23096748000,10.5(0.48 %),4025200,42692182000,1846670,19595434000,874865259,58.28
16/06/2020,716450,7646563500,10.7(1.90 %),1529020,16324354000,812570,8677790500,874148809,58.44
17/06/2020,-406050,-1072150080,10.55(-1.40 %),96950,1026312700,503000,2098462780,874554859,58.35
18/06/2020,-326220,-3409965000,10.4(-1.42 %),176960,1841974000,503180,5251939000,874881079,58.28
19/06/2020,-3326920,-34628564000,10.4(0.00 %),330230,3445164000,3657150,38073728000,878207999,57.57
22/06/2020,-753130,-7927700000,10.5(0.96 %),206100,2164740000,959230,10092440000,872365609,11.75
23/06/2020,44450,469809500,10.5(0.00 %),214780,2255534000,170330,1785724500,878916679,57.42
24/06/2020,19600,212990000,10.35(-1.43 %),207040,2153320000,187440,1940330000,876119449,11.59
25/06/2020,-90210,-922960500,10.25(-0.97 %),0,0,90210,922960500,878987289,57.4
26/06/2020,-138710,-1424620000,10.2(-0.49 %),406520,4156680000,545230,5581300000,876842489,11.56
29/06/2020,-74770,-784460000,9.8(-3.92 %),763110,7567140000,837880,8351600000,876261719,11.58
30/06/2020,-138710,-1424616500,9.7(-1.02 %),406520,4156680000,545230,5581296500,879403419,57.31
01/07/2020,-1620690,-15802980900,9.8(1.03 %),242210,2361362900,1862900,18164343800,876619849,57.91
02/07/2020,-1799830,-17453460000,9.61(-1.94 %),65270,630450000,1865100,18083910000,877145149,11.55
03/07/2020,-1266090,-12263103300,9.67(0.62 %),38080,368902600,1304170,12632005900,879685769,57.25
06/07/2020,-257940,-2496718100,9.99(3.31 %),598800,5929252800,856740,8425970900,879943709,57.2
07/07/2020,-749880,-7496707500,9.9(-0.90 %),14250,142894000,764130,7639601500,880693589,57.04
08/07/2020,-553470,-5463948700,9.86(-0.40 %),5150,50831500,558620,5514780200,881247059,56.92
09/07/2020,-70360,-700470000,9.98(1.22 %),1060940,10550100000,1131300,11250570000,882840389,11.3
10/07/2020,429060,4330610000,10.05(0.70 %),1557870,15670330000,1128810,11339720000,882781549,11.3
13/07/2020,-36060,-385370000,10.05(0.00 %),997760,10029490000,1033820,10414860000,882482409,11.32
14/07/2020,-253630,-2545870000,10.05(0.00 %),106430,1066920000,360060,3612790000,882764419,11.31
15/07/2020,-798150,-8032250000,10(-0.50 %),88120,889000000,886270,8921250000,883072249,11.29
16/07/2020,506580,5092892000,10.1(1.00 %),2045870,20574063500,1539290,15481171500,881469619,56.87
17/07/2020,-342780,-3441800000,10(-0.99 %),94430,949710000,437210,4391510000,883199089,11.29
20/07/2020,-790170,-7837430000,9.86(-1.40 %),65710,652810000,855880,8490240000,884019649,11.25
21/07/2020,-1139430,-11184175600,9.82(-0.41 %),226230,2222524330,1365660,13406699930,883741999,56.39
22/07/2020,-723000,-7070428000,9.73(-0.92 %),126490,1238563300,849490,8308991300,884464999,56.23
23/07/2020,-779940,-7532909300,9.65(-0.82 %),102350,987655350,882290,8520564650,885244939,56.06
24/07/2020,1515990,13973828500,9.31(-3.52 %),3102490,28714564100,1586500,14740735600,883728949,56.39
27/07/2020,2930990,25692843200,8.8(-5.48 %),5018760,43963900300,2087770,18271057100,880797959,11.39
28/07/2020,2130870,19350105600,9.31(5.80 %),2280240,20728180600,149370,1378075000,878667089,11.48
29/07/2020,1915920,17203350800,9.2(-1.18 %),2152820,19321741000,236900,2118390200,876751169,11.56
30/07/2020,1915920,17203350800,9.31(1.20 %),2152820,19321741000,236900,2118390200,874835249,11.64
31/07/2020,750,7530000,9.15(-1.72 %),80260,739420000,79510,731890000,878737189,11.48
03/08/2020,-1453750,-13374620000,9.25(1.09 %),79960,737150000,1533710,14111770000,878894129,11.47
04/08/2020,-444940,-4153030000,9.34(0.97 %),95940,896140000,540880,5049170000,878850089,11.47
05/08/2020,-2157950,-20505330000,9.54(2.14 %),220050,2091390000,2378000,22596720000,878709549,11.48
06/08/2020,-640650,-6078391800,9.45(-0.94 %),51040,483053800,691690,6561445600,882217629,11.33
07/08/2020,-126680,-1190310000,9.4(-0.53 %),114600,1075500000,241280,2265810000,880612439,11.4
10/08/2020,-25270,-256773600,9.66(2.77 %),87370,837664200,112640,1094437800,882369579,11.32
11/08/2020,-356680,-3422241800,9.59(-0.72 %),2011720,19287822100,2368400,22710063900,882726259,11.31
12/08/2020,667000,6485500000,9.73(1.46 %),1459330,14183400000,792330,7697900000,883006939,11.29
13/08/2020,308010,3045610000,9.94(2.16 %),368860,3642610000,60850,597000000,882750719,11.31
14/08/2020,-44710,-457620000,9.99(0.50 %),298950,2987924700,343660,3445544700,881795959,11.35
17/08/2020,-142490,-1406516000,9.86(-1.30 %),4050,40171100,146540,1446687100,881938449,11.34
18/08/2020,90240,892070000,9.88(0.20 %),146360,1447050000,56120,554980000,882928459,11.3
19/08/2020,242680,2408730000,10.2(3.24 %),455900,4557400000,213220,2148670000,882816219,11.3
20/08/2020,-168530,-1686500000,10(-1.96 %),124110,1244170000,292640,2930670000,882838649,11.3
21/08/2020,-36940,-369467800,10.05(0.50 %),41360,413872800,78300,783340600,881810999,11.35
24/08/2020,-618060,-6228647500,10.1(0.50 %),585560,5898034500,1203620,12126682000,882429059,11.32
25/08/2020,-1251430,-12545150000,10(-0.99 %),753730,7553100000,2005160,20098250000,883214359,11.29
26/08/2020,-434880,-4377520000,10.05(0.50 %),30960,310950000,465840,4688470000,883289979,11.28
27/08/2020,-391580,-3974844000,10.05(0.00 %),0,0,391580,3974844000,884506949,11.23
28/08/2020,-108960,-1109885000,10.1(0.50 %),47200,481193000,156160,1591078000,884615909,11.23
31/08/2020,-480780,-4851430000,10.05(-0.50 %),219940,2214170000,700720,7065600000,885523279,11.19
01/09/2020,-14720,-147730000,10.05(0.00 %),61000,610560000,75720,758290000,885850829,11.17
03/09/2020,450720,4610638500,10.5(4.48 %),1269540,13111532000,818820,8500893500,885461109,11.19
04/09/2020,150070,1556470000,10.4(-0.95 %),256250,2657890000,106180,1101420000,885181919,11.2
07/09/2020,-803380,-8197180000,10.05(-3.37 %),53640,549890000,857020,8747070000,885208039,11.2
08/09/2020,34110,346170000,10.05(0.00 %),165500,1660670000,131390,1314500000,885862089,11.17
09/09/2020,-537910,-5370580000,10(-0.50 %),130970,1309100000,668880,6679680000,885837299,11.17
10/09/2020,-714240,-7190030000,10.05(0.50 %),59350,598010000,773590,7788040000,886634969,11.14
11/09/2020,-1469010,-14706038600,10(-0.50 %),63680,638441000,1532690,15344479600,888801469,11.05
14/09/2020,-1006060,-10069680000,10(0.00 %),537340,5373800000,1543400,15443480000,886834949,11.13
15/09/2020,-1237640,-12487795000,10.15(1.50 %),98690,998491500,1336330,13486286500,891045169,10.95
16/09/2020,28770,291792500,10.15(0.00 %),30770,311992500,2000,20200000,891016399,10.95
17/09/2020,-976610,-9819770000,10(-1.48 %),84770,854170000,1061380,10673940000,890537509,10.97
18/09/2020,-3803140,-38054050000,10(0.00 %),177210,1772760000,3980350,39826810000,891694609,10.92
21/09/2020,-445260,-4480130000,10.1(1.00 %),1043210,10493661500,1488470,14973791500,896241409,10.73
22/09/2020,563280,5664030000,10(-0.99 %),1038260,10438480000,474980,4774450000,890595269,10.97
23/09/2020,-429600,-4397357000,10.4(4.00 %),80620,828871500,510220,5226228500,896107729,10.74
24/09/2020,-1275840,-13171390000,10.25(-1.44 %),10720,110880000,1286560,13282270000,895970509,10.74
25/09/2020,-723510,-7365080000,10.15(-0.98 %),20680,211290000,744190,7576370000,896424809,10.72
28/09/2020,-678430,-6896062500,10.15(0.00 %),126100,1280751500,804530,8176814000,898785509,10.62
29/09/2020,-2622310,-27017810000,10.15(0.00 %),36220,374730000,2658530,27392540000,898059269,10.65
30/09/2020,-62730,-648010000,10.25(0.99 %),48770,500290000,111500,1148300000,898755429,10.62
01/10/2020,24940,252780000,10.3(0.49 %),132990,1370150000,108050,1117370000,899426969,10.59
02/10/2020,487010,5071750000,10.6(2.91 %),751030,7847680000,264020,2775930000,901334469,10.51
05/10/2020,-1520,-16637500,10.9(2.83 %),5420,58711500,6940,75349000,899074469,10.61
06/10/2020,654710,7077515500,10.75(-1.38 %),826510,8927373500,171800,1849858000,898419759,10.64
07/10/2020,-763510,-8106730000,10.55(-1.86 %),140530,1500280000,904040,9607010000,900845579,10.53
08/10/2020,-365780,-3844920000,10.5(-0.47 %),163580,1728062000,529360,5572982000,899549049,10.59
09/10/2020,292570,3108145500,10.55(0.48 %),300650,3193894500,8080,85749000,899256479,10.6
12/10/2020,-1047370,-10963740000,10.35(-1.90 %),68970,724480000,1116340,11688220000,901393679,10.51
13/10/2020,-659240,-6778300000,10.25(-0.97 %),113160,1163500000,772400,7941800000,901809879,10.49
14/10/2020,-1666560,-17023217500,10.2(-0.49 %),386280,3953443000,2052840,20976660500,902629649,10.46
15/10/2020,-2396330,-24336735500,10.15(-0.49 %),457340,4652493000,2853670,28989228500,905025979,10.35
16/10/2020,-647540,-6668340000,10.3(1.48 %),975610,10007490000,1623150,16675830000,901887469,10.49
19/10/2020,-3847740,-39159018000,10.15(-1.46 %),65620,663943000,3913360,39822961000,909521259,10.16
20/10/2020,-2656360,-26989140000,10.2(0.49 %),19400,197710000,2675760,27186850000,906705929,10.28
21/10/2020,-220880,-2253097000,10.15(-0.49 %),109120,1108903000,330000,3362000000,912398499,10.04
22/10/2020,-593960,-6117782500,10.35(1.97 %),1120,11541500,595080,6129324000,912992459,10.01
23/10/2020,-558370,-5746680000,10.3(-0.48 %),108440,1116820000,666810,6863500000,914786039,9.94
26/10/2020,-430910,-4394290000,10.1(-1.94 %),20300,205800000,451210,4600090000,915097239,9.92
27/10/2020,-411180,-4114610000,9.91(-1.88 %),137350,1370330000,548530,5484940000,915554969,9.9
28/10/2020,-333430,-3274440000,9.68(-2.32 %),67090,656180000,400520,3930620000,916054999,9.88
29/10/2020,-35590,-339527000,9.59(-0.93 %),65890,630103400,101480,969630400,914761939,9.94
30/10/2020,-2586300,-24432250000,9.4(-1.98 %),65270,621480000,2651570,25053730000,916928629,9.85
02/11/2020,-701280,-6658191400,9.5(1.06 %),79100,750611800,780380,7408803200,917329149,9.83
03/11/2020,-713710,-6872110000,9.7(2.11 %),22200,215040000,735910,7087150000,917329329,9.83
04/11/2020,-642630,-6295710000,9.84(1.44 %),5000,49280000,647630,6344990000,920048319,9.71
05/11/2020,192510,1879240000,9.77(-0.71 %),390760,3824000000,198250,1944760000,920433939,9.7
06/11/2020,-408830,-3993445800,9.78(0.10 %),95040,927660800,503870,4921106600,918901809,9.76
09/11/2020,-396620,-3936163800,10.05(2.76 %),203630,2025933700,600250,5962097500,919298429,9.75
10/11/2020,-1061760,-10661728000,10(-0.50 %),506480,5082854500,1568240,15744582500,920360189,9.7
11/11/2020,-1068000,-10678610000,9.9(-1.00 %),58500,580050000,1126500,11258660000,921655949,9.64
12/11/2020,-573410,-5716580000,9.96(0.61 %),26590,264900000,600000,5981480000,922229609,9.62
13/11/2020,-916730,-9157080000,10(0.40 %),8080,80570000,924810,9237650000,923789769,9.55
16/11/2020,-1333950,-13080630700,9.8(-2.00 %),243640,2422433900,1577590,15503064600,924252279,9.53
17/11/2020,-897240,-8923760000,9.95(1.53 %),94760,943010000,992000,9866770000,925190869,9.49
18/11/2020,-1408230,-13729130000,9.73(-2.21 %),128920,1256630000,1537150,14985760000,925986759,9.46
19/11/2020,-773930,-7618098100,9.85(1.23 %),208670,2051854100,982600,9669952200,927331679,9.4
20/11/2020,-1688700,-16712534500,9.88(0.30 %),57080,564690800,1745780,17277225300,929020379,9.33
23/11/2020,-422000,-4202910000,9.95(0.71 %),109020,1086480000,531020,5289390000,929747729,9.3
24/11/2020,-192480,-1912662500,9.9(-0.50 %),53330,529110300,245810,2441772800,929634859,9.3
25/11/2020,-764650,-7550650000,9.86(-0.40 %),97190,961740000,861840,8512390000,932330589,9.19
26/11/2020,30810,304890000,9.88(0.20 %),52560,519880000,21750,214990000,932813049,9.17
27/11/2020,-2529410,-25847770000,10.25(3.74 %),128170,1313330000,2657580,27161100000,932930689,9.16
30/11/2020,-135960,-1377741500,10.1(-1.46 %),313100,3191501000,449060,4569242500,933066649,9.16
01/12/2020,-1047290,-10499990000,10.1(0.00 %),407990,4104440000,1455280,14604430000,933093189,9.16
02/12/2020,834600,8610240000,10.8(6.93 %),2365850,24825240000,1531250,16215000000,934076889,9.11
03/12/2020,-120170,-1371390000,11.4(5.56 %),624050,7087550000,744220,8458940000,933901899,9.12
04/12/2020,-384960,-4332760000,11.55(1.32 %),275340,3105210000,660300,7437970000,935081839,9.07
07/12/2020,-34630,-399489500,11.45(-0.87 %),47060,539181500,81690,938671000,933206339,9.15
08/12/2020,-1272180,-14526210000,11.35(-0.87 %),69900,794000000,1342080,15320210000,936544109,9.01
09/12/2020,-742560,-8531730000,11.4(0.44 %),170400,1957060000,912960,10488790000,937027009,8.99
10/12/2020,-100650,-1149976500,11.3(-0.88 %),486200,5545804000,586850,6695780500,935321729,9.06
11/12/2020,-713540,-8181777000,11.65(3.10 %),207490,2404384500,921030,10586161500,936035269,9.03
14/12/2020,-447350,-5238298500,11.9(2.15 %),454820,5391972500,902170,10630271000,936482619,9.01
15/12/2020,-855090,-10032377500,11.65(-2.10 %),133920,1566473000,989010,11598850500,937337709,8.97
16/12/2020,-1649660,-19270404500,11.7(0.43 %),207560,2427762000,1857220,21698166500,938987369,8.9
17/12/2020,-2422510,-29033560000,11.85(1.28 %),216420,2588380000,2638930,31621940000,940052479,8.86
18/12/2020,-2815000,-33850990000,12(1.27 %),2166790,25968430000,4981790,59819420000,939382399,8.89
21/12/2020,-91110,-1092390000,12(0.00 %),133130,1599360000,224240,2691750000,941133489,8.81
22/12/2020,-189670,-2252097000,12.2(1.67 %),28360,338902000,218030,2590999000,944505659,8.67
23/12/2020,-497620,-6279171000,12.4(1.64 %),105620,1331482000,603240,7610653000,945003279,8.65
24/12/2020,110460,1388120000,12.1(-2.42 %),152360,1890020000,41900,501900000,948201309,8.51
25/12/2020,1246220,15289068500,12.3(1.65 %),1252340,15362970500,6120,73902000,943646599,8.71
28/12/2020,-415520,-5394550000,13.15(6.91 %),553530,7152560000,969050,12547110000,947211709,8.55
29/12/2020,-554230,-7494196500,13.45(2.28 %),141490,1914495000,695720,9408691500,944616349,8.66
30/12/2020,-168610,-2272456960,13.4(-0.37 %),76000,1019022080,244610,3291479040,944784959,8.66
31/12/2020,-13760,-187479000,13.6(1.49 %),60200,809480500,73960,996959500,947055999,8.56
04/01/2021,-347400,-4918310000,14.1(3.68 %),237700,3360580000,585100,8278890000,948409109,8.5
05/01/2021,676000,9616855000,14.2(0.71 %),691300,9835030000,15300,218175000,947733109,8.53
06/01/2021,345400,4877645000,13.9(-2.11 %),473700,6682910000,128300,1805265000,947387709,8.55
07/01/2021,-215200,-3068260000,14(0.72 %),264300,3659965000,479500,6728225000,947602909,8.54
08/01/2021,-854600,-11854335000,13.95(-0.36 %),105300,1464135000,959900,13318470000,948457509,8.5
11/01/2021,108000,1534565000,14.6(4.66 %),231800,3303625000,123800,1769060000,948349509,8.5
12/01/2021,-194100,-2835250000,14.6(0.00 %),48000,698815000,242100,3534065000,948543609,8.5
13/01/2021,-60700,-879950000,14.2(-2.74 %),71700,1039075000,132400,1919025000,948604309,8.49
14/01/2021,-505400,-7067990000,14.2(0.00 %),260900,3674470000,766300,10742460000,949109709,8.47
15/01/2021,-1471600,-21045610000,14.35(1.06 %),53300,766695000,1524900,21812305000,950581309,8.41
18/01/2021,-756700,-11115845000,14.75(2.79 %),96200,1426125000,852900,12541970000,951338009,8.38
19/01/2021,-277200,-4093205000,13.85(-6.10 %),1670000,24597405000,1947200,28690610000,951615209,8.37
20/01/2021,334500,4332000000,14(1.08 %),1582000,21381005000,1247500,17049005000,951280709,8.38
21/01/2021,-544600,-7723135000,14.35(2.50 %),402800,5763850000,947400,13486985000,951825309,8.36
22/01/2021,-56500,-821955000,14.35(0.00 %),400800,5800505000,457300,6622460000,951881809,8.35
25/01/2021,-89600,-1280230000,14.15(-1.39 %),221800,3172405000,311400,4452635000,951971409,8.35
26/01/2021,-256100,-3528030000,13.5(-4.59 %),113500,1565725000,369600,5093755000,952227509,8.34
27/01/2021,200400,2823120000,12.8(-5.19 %),828800,10959350000,628400,8136230000,952027109,8.35
28/01/2021,702600,8482765000,11.95(-6.64 %),859800,10369415000,157200,1886650000,951324509,8.38
29/01/2021,1062400,12516615000,11.9(-0.42 %),1200100,14167265000,137700,1650650000,950262109,8.42
01/02/2021,2266000,27246185000,11.5(-3.36 %),2631400,31584898000,365400,4338713000,963047729,7.88
02/02/2021,-2413900,-28182210000,11.65(1.30 %),563300,6517575000,2977200,34699785000,950904429,8.4
03/02/2021,-5274400,-65364910000,12.45(6.87 %),641100,7897080000,5915500,73261990000,956178829,8.17
04/02/2021,-6751400,-85284000000,12.6(1.20 %),279100,3552575000,7030500,88836575000,962930229,7.88
05/02/2021,189900,2421285000,12.7(0.79 %),379000,4808960000,189100,2387675000,962740329,7.89
08/02/2021,-516400,-6285410000,12.15(-4.33 %),134600,1670595000,651000,7956005000,963256729,7.87
09/02/2021,157600,1979145000,12.35(1.65 %),530300,6526065000,372700,4546920000,963099129,7.87
17/02/2021,-165500,-2079725000,13(5.26 %),218400,2808380000,383900,4888105000,963264629,7.87
18/02/2021,-1457600,-19017710000,13.05(0.38 %),240600,3163435000,1698200,22181145000,964722229,7.81
19/02/2021,-273800,-3569580000,13.05(0.00 %),82300,1079555000,356100,4649135000,964996029,7.79
22/02/2021,-766200,-9960190000,12.9(-1.15 %),82200,1072190000,848400,11032380000,965762229,7.76
23/02/2021,-359400,-4621930000,12.85(-0.39 %),17400,224160000,376800,4846090000,966121629,7.75
24/02/2021,-579500,-7426350000,12.65(-1.56 %),18300,235775000,597800,7662125000,966701129,7.72
25/02/2021,-529500,-6668625000,12.7(0.40 %),199900,2550985000,729400,9219610000,967230629,7.7
26/02/2021,-66700,-835610000,12.6(-0.79 %),59700,751705000,126400,1587315000,967297329,7.7
01/03/2021,260600,3333055000,13.05(3.57 %),271300,3469915000,10700,136860000,966761279,7.72
02/03/2021,-1726800,-22400910000,12.95(-0.77 %),262500,3419880000,1989300,25820790000,968488079,7.64
03/03/2021,-1823000,-23437975000,12.85(-0.77 %),13700,175570000,1836700,23613545000,970311079,7.57
04/03/2021,-2564400,-32792330000,12.6(-1.95 %),116600,1495175000,2681000,34287505000,972875479,7.46
05/03/2021,-22425900,-298807570000,13.45(6.75 %),39000,518920000,22464900,299326490000,995301379,6.5
08/03/2021,-14929700,-213004955000,14.15(5.20 %),88500,1258980000,15018200,214263935000,1010231079,5.86
09/03/2021,-13168500,-182003530000,13.6(-3.89 %),22200,307295000,13190700,182310825000,1023399579,5.3
10/03/2021,-3157400,-43309220000,13.65(0.37 %),33800,463175000,3191200,43772395000,1026556979,5.17
11/03/2021,-1515300,-20907960000,13.8(1.10 %),18000,247850000,1533300,21155810000,1028072279,5.1
12/03/2021,-105600,-1460880000,13.75(-0.36 %),82200,1133925000,187800,2594805000,1028177879,5.1
15/03/2021,-400400,-5504495000,13.7(-0.36 %),23400,320710000,423800,5825205000,1028578279,5.08
16/03/2021,-344200,-4645875000,13.6(-0.73 %),16100,215655000,360300,4861530000,1028922479,5.06
17/03/2021,-10675600,-148267630000,13.95(1.45 %),79700,1103770000,10755300,149371400000,1039598079,4.61
18/03/2021,-633500,-8797075000,13.85(-0.72 %),27500,380970000,661000,9178045000,1040231579,4.58
19/03/2021,-9586800,-129515785000,13.4(-3.25 %),17700,239830000,9604500,129755615000,1049818379,4.17
22/03/2021,-1858100,-25320370000,13.55(1.12 %),17600,238720000,1875700,25559090000,1051676479,4.09
23/03/2021,-1774900,-23775665000,13.3(-1.85 %),97500,1297070000,1872400,25072735000,1053451379,4.02
24/03/2021,-6297600,-81426835000,12.75(-4.14 %),189000,2435825000,6486600,83862660000,1059748979,3.75
25/03/2021,-508000,-6495685000,12.6(-1.18 %),42800,544155000,550800,7039840000,1060256979,3.73
26/03/2021,-34400,-386610000,12.7(0.79 %),424900,5338990000,459300,5725600000,1060291379,3.72
29/03/2021,48300,626075000,13.1(3.15 %),147000,1900525000,98700,1274450000,1060243079,3.73
30/03/2021,-32200,-429790000,13.2(0.76 %),113800,1494020000,146000,1923810000,1060275279,3.73
31/03/2021,-411600,-5430455000,13.2(0.00 %),140700,1861235000,552300,7291690000,1060686879,3.71
01/04/2021,227700,3060595000,13.65(3.41 %),509400,6844475000,281700,3783880000,1060157689,3.73
02/04/2021,370100,5062275000,13.6(-0.37 %),397700,5440750000,27600,378475000,1059787589,3.75
05/04/2021,516100,7201970000,13.65(0.37 %),795500,10998660000,279400,3796690000,1059271489,3.77
06/04/2021,-38900,-519140000,13.45(-1.47 %),206600,2798360000,245500,3317500000,1059310389,3.77
07/04/2021,46300,614215000,13.95(3.72 %),508700,6902540000,462400,6288325000,1059264089,3.77
08/04/2021,401500,5573930000,13.8(-1.08 %),500200,6951045000,98700,1377115000,1058862589,3.79
09/04/2021,213700,2972065000,13.8(0.00 %),418500,5802000000,204800,2829935000,1058648889,3.79
12/04/2021,-449700,-6382175000,14.25(3.26 %),375300,5205480000,825000,11587655000,1059098589,3.78
13/04/2021,373000,5287985000,13.85(-2.81 %),492300,6962190000,119300,1674205000,1058725589,3.79
14/04/2021,144200,1986425000,13.8(-0.36 %),411800,5660975000,267600,3674550000,1058581389,3.8
15/04/2021,-2324600,-31518610000,13.4(-2.90 %),321400,4391940000,2646000,35910550000,1060905989,3.7
16/04/2021,-1120300,-14691440000,13.2(-1.49 %),58000,770155000,1178300,15461595000,1062026289,3.65
19/04/2021,-946600,-12378930000,13.1(-0.76 %),150600,1973255000,1097200,14352185000,1062972889,3.61
20/04/2021,-588200,-7701795000,13(-0.76 %),429600,5640930000,1017800,13342725000,1063561089,3.58
22/04/2021,-901300,-11459820000,12.35(-5.00 %),386400,4944140000,1287700,16403960000,1064462389,3.55
23/04/2021,-560100,-6905260000,12.6(2.02 %),465200,5771160000,1025300,12676420000,1065022489,3.52
26/04/2021,-400800,-4875970000,12.1(-3.97 %),447600,5592210000,848400,10468180000,1065423289,3.51
27/04/2021,443000,5367635000,12.1(0.00 %),641600,7775595000,198600,2407960000,1064980289,3.52
28/04/2021,243800,2973845000,12.2(0.83 %),621800,7604100000,378000,4630255000,1064736489,3.53
29/04/2021,36500,468855000,12.3(0.82 %),483800,5965995000,447300,5497140000,1064699989,3.54
04/05/2021,114200,1352765000,12.05(-2.03 %),327800,3925330000,213600,2572565000,1064644937,3.54
05/05/2021,-203400,-2575620000,12.7(5.39 %),58000,717105000,261400,3292725000,1064848337,3.53
06/05/2021,-2847200,-35374615000,12.3(-3.15 %),199800,2513375000,3047000,37887990000,1067695537,3.41
07/05/2021,-107000,-1303040000,12.1(-1.63 %),113500,1378770000,220500,2681810000,1067802537,3.4
10/05/2021,-62000,-748160000,12.2(0.83 %),87600,1071725000,149600,1819885000,1067864537,3.4
11/05/2021,-506900,-6258445000,12.3(0.82 %),118700,1478515000,625600,7736960000,1068371437,3.38
12/05/2021,-340200,-4215730000,12.45(1.22 %),18000,223035000,358200,4438765000,1068711637,3.37
13/05/2021,-368200,-4557980000,12.2(-2.01 %),25300,313720000,393500,4871700000,1069079837,3.35
14/05/2021,-295500,-3642475000,12.25(0.41 %),44400,547320000,339900,4189795000,1069375337,3.34
17/05/2021,-428400,-5226380000,12.15(-0.82 %),14700,180435000,443100,5406815000,1069803737,3.32
18/05/2021,-151300,-1826245000,12(-1.23 %),6400,77455000,157700,1903700000,1069955037,3.31
19/05/2021,-188100,-2211455000,11.7(-2.50 %),91700,1081390000,279800,3292845000,1070143137,3.3
20/05/2021,-427300,-4908370000,11.45(-2.14 %),285900,3323230000,713200,8231600000,1070570437,3.29
21/05/2021,-725400,-8412780000,11.7(2.18 %),20000,232030000,745400,8644810000,1071295837,3.25
24/05/2021,-776200,-9160235000,11.8(0.85 %),97400,1157290000,873600,10317525000,1072072037,3.22
25/05/2021,-401500,-4794770000,11.9(0.85 %),118600,1418240000,520100,6213010000,1072473537,3.2
26/05/2021,-436600,-5112130000,11.65(-2.10 %),45700,537430000,482300,5649560000,1072910137,3.19
27/05/2021,420900,4904375000,11.65(0.00 %),577400,6722370000,156500,1817995000,1072489237,3.2
28/05/2021,251500,2945435000,11.7(0.43 %),713900,8339970000,462400,5394535000,1072237737,3.21
31/05/2021,-122100,-1415845000,11.75(0.43 %),20400,235690000,142500,1651535000,1072359837,3.21
01/06/2021,-151500,-1828040000,12.1(2.98 %),37000,451015000,188500,2279055000,1072403427,3.21
02/06/2021,-548600,-6596510000,11.9(-1.65 %),59700,718905000,608300,7315415000,1072952027,3.18
03/06/2021,-288100,-3629665000,12.7(6.72 %),86200,1083370000,374300,4713035000,1073240127,3.17
04/06/2021,-9600,-117350000,13.1(3.15 %),105800,1359295000,115400,1476645000,1073249727,3.17
07/06/2021,-118800,-1557040000,12.9(-1.53 %),71300,943650000,190100,2500690000,1073368527,3.17
08/06/2021,-73000,-905290000,12.1(-6.20 %),105800,1324710000,178800,2230000000,1073441527,3.16
09/06/2021,5900,67125000,12.1(0.00 %),303200,3661030000,297300,3593905000,1073435627,3.16
10/06/2021,-40400,-474585000,11.9(-1.65 %),67000,805165000,107400,1279750000,1073476027,3.16
11/06/2021,34400,422920000,12.05(1.26 %),283500,3416185000,249100,2993265000,1073441627,3.16
14/06/2021,-686800,-8302465000,12.2(1.24 %),220800,2684260000,907600,10986725000,1074128427,3.13
15/06/2021,-519300,-6282795000,12.05(-1.23 %),76000,919145000,595300,7201940000,1074647727,3.11
16/06/2021,-214500,-2592910000,12.05(0.00 %),74700,903470000,289200,3496380000,1074862227,3.1
17/06/2021,1523300,18826525000,12.4(2.90 %),1662000,20530780000,138700,1704255000,1073338927,3.17
18/06/2021,-1118600,-13761270000,12.3(-0.81 %),570900,7053710000,1689500,20814980000,1074457527,3.12
21/06/2021,-2896400,-35702145000,12.5(1.63 %),460200,5746465000,3356600,41448610000,1077353927,3.0
22/06/2021,-109500,-1374140000,12.55(0.40 %),40400,512130000,149900,1886270000,1077463427,2.99
23/06/2021,-179500,-2225815000,12.3(-1.99 %),34400,427935000,213900,2653750000,1077642927,2.98
24/06/2021,224500,2743970000,12.15(-1.22 %),251800,3076755000,27300,332785000,1077418427,2.99
25/06/2021,24500,300320000,12.15(0.00 %),147900,1793320000,123400,1493000000,1077393927,2.99
28/06/2021,-43200,-523925000,12.15(0.00 %),34700,422680000,77900,946605000,1077437127,2.99
29/06/2021,-194200,-2352995000,12.05(-0.82 %),67000,813090000,261200,3166085000,1077631327,2.98
30/06/2021,22800,274130000,12.05(0.00 %),90800,1097630000,68000,823500000,1077608527,2.99
01/07/2021,-380400,-4580050000,12.1(0.41 %),13600,163645000,394000,4743695000,1078210627,2.96
02/07/2021,11100,133395000,12(-0.83 %),42800,515745000,31700,382350000,1078199527,2.96
05/07/2021,-729500,-8640570000,11.7(-2.50 %),151500,1751706000,881000,10392276000,1078929027,2.93
06/07/2021,140700,1635220000,11.45(-2.14 %),183200,2127770000,42500,492550000,1078788327,2.93
07/07/2021,527100,6007705000,11.4(-0.44 %),624100,7107320000,97000,1099615000,1078261227,2.96
08/07/2021,226600,1710322500,11.35(-0.44 %),354300,3049332500,127700,1339010000,1078034627,2.97
09/07/2021,-91700,-1008685000,10.8(-4.85 %),104200,1160080000,195900,2168765000,1078126327,2.96
12/07/2021,250500,2534885000,10.15(-6.02 %),330200,3348490000,79700,813605000,1077875827,2.97
13/07/2021,755400,7796590000,10.55(3.94 %),825800,8517880000,70400,721290000,1077120427,3.01
14/07/2021,65000,692090000,10.45(-0.95 %),87200,925500000,22200,233410000,1077055427,3.01
15/07/2021,939700,10024090000,10.7(2.39 %),956900,10204910000,17200,180820000,1076115727,3.05
16/07/2021,-343300,-3614410000,10.6(-0.93 %),253900,2688060000,597200,6302470000,1076459027,3.03
19/07/2021,231400,2335830000,10.1(-4.72 %),255400,2581530000,24000,245700000,1076227627,3.04
20/07/2021,-1113500,-11230535000,10.3(1.98 %),579800,5955620000,1693300,17186155000,1077341127,3.0
21/07/2021,-650200,-6688470000,10.25(-0.49 %),232800,2403280000,883000,9091750000,1077991327,2.97
22/07/2021,226300,2342560000,10.35(0.98 %),236400,2447040000,10100,104480000,1077765027,2.98
23/07/2021,117900,1244415000,10.5(1.45 %),267000,2816945000,149100,1572530000,1077647127,2.98
26/07/2021,107600,1129150000,10.5(0.00 %),199000,2086900000,91400,957750000,1077539527,2.99
27/07/2021,77600,817260000,10.8(2.86 %),169100,1805660000,91500,988400000,1077461927,2.99
28/07/2021,-65400,-698850000,10.6(-1.85 %),13100,140680000,78500,839530000,1077527327,2.99
29/07/2021,-140100,-1492020000,10.65(0.47 %),100,1060000,140200,1493080000,1077667427,2.98
30/07/2021,2300,24955000,10.7(0.47 %),17900,190795000,15600,165840000,1077665127,2.98
02/08/2021,166000,1792720000,10.75(0.47 %),166500,1798145000,500,5425000,1078302987,2.96
03/08/2021,-94200,-1010390000,10.8(0.47 %),101800,1097140000,196000,2107530000,1078397187,2.95
04/08/2021,-204400,-2204195000,10.85(0.46 %),76400,827545000,280800,3031740000,1078601587,2.94
05/08/2021,-165800,-1789125000,10.8(-0.46 %),119900,1297940000,285700,3087065000,1078767387,2.94
06/08/2021,600,6985000,11(1.85 %),125700,1389415000,125100,1382430000,1078766787,2.94
09/08/2021,166300,1842125000,11.15(1.36 %),367200,4078220000,200900,2236095000,1078600487,2.94
10/08/2021,-402200,-4513030000,11.25(0.90 %),69100,778840000,471300,5291870000,1079002687,2.93
11/08/2021,-140800,-1611190000,11.45(1.78 %),114100,1313460000,254900,2924650000,1079143487,2.92
12/08/2021,-120500,-1371410000,11.35(-0.87 %),20800,239075000,141300,1610485000,1079263987,2.91
13/08/2021,502800,5509125000,11.3(-0.44 %),861000,9077625000,358200,3568500000,1078761187,2.94
16/08/2021,267900,3072490000,11.45(1.33 %),456500,5229035000,188600,2156545000,1078493287,2.95
17/08/2021,90300,1040355000,11.35(-0.87 %),218800,2500305000,128500,1459950000,1078580587,2.94
18/08/2021,234800,2658465000,11.4(0.44 %),409100,4637995000,174300,1979530000,1078258487,2.96
19/08/2021,-256300,-2894960000,11.35(-0.44 %),20900,235675000,277200,3130635000,1078514787,2.95
20/08/2021,-243500,-2707580000,10.9(-3.96 %),383900,4201945000,627400,6909525000,1078758287,2.94
23/08/2021,-799000,-8536360000,10.55(-3.21 %),109600,1166960000,908600,9703320000,1079557287,2.9
24/08/2021,139100,1461475000,10.55(0.00 %),216000,2277770000,76900,816295000,1079418187,2.91
25/08/2021,1601900,17182225000,11.25(-14.45 %),1649000,17710880000,47100,528655000,1077816287,2.98
26/08/2021,162600,1869785000,11.35(0.89 %),290000,3322740000,127400,1452955000,1077653687,2.98
27/08/2021,1078900,12602415000,11.9(4.85 %),1246400,14576280000,167500,1973865000,1076574787,3.03
30/08/2021,-82000,-987505000,11.95(0.42 %),319530,3810627000,401530,4798132000,1076656787,3.03
31/08/2021,767400,9112865000,11.85(-0.84 %),799700,9496945000,32300,384080000,1075889387,3.06
01/09/2021,823000,10117420000,12.45(5.06 %),1062100,13032845000,239100,2915425000,1074609027,3.11
06/09/2021,-169500,-2109865000,12.4(-0.40 %),47500,594500000,217000,2704365000,1074778527,3.11
07/09/2021,-158100,-1908575000,12.05(-2.82 %),355800,4378795000,513900,6287370000,1074936627,3.1
08/09/2021,-17000,-179465000,11.9(-1.24 %),415900,4999860000,432900,5179325000,1074953627,3.1
09/09/2021,-19000,-232440000,12.1(1.68 %),129000,1557555000,148000,1789995000,1074972627,3.1
10/09/2021,246800,3013420000,12.1(0.00 %),413600,5034005000,166800,2020585000,1074725827,3.11
13/09/2021,-100300,-1140810000,11.85(-2.07 %),390200,4674185000,490500,5814995000,1074826127,3.1
14/09/2021,-580700,-6768180000,11.5(-2.95 %),49400,578065000,630100,7346245000,1075406827,3.08
15/09/2021,426900,4988495000,11.8(2.61 %),511400,5985140000,84500,996645000,1074979927,3.1
16/09/2021,-266900,-3135665000,11.8(0.00 %),101000,1187560000,367900,4323225000,1075246827,3.09
17/09/2021,-4489200,-52791890000,11.75(-0.42 %),56300,664010000,4545500,53455900000,1079736027,2.89
20/09/2021,50900,616520000,11.75(0.00 %),315100,3743365000,264200,3126845000,1079685127,2.9
21/09/2021,-38600,-447230000,11.65(-0.85 %),86800,1011685000,125400,1458915000,1079723727,2.89
22/09/2021,90200,1065155000,11.8(1.29 %),155900,1836790000,65700,771635000,1079633527,2.9
23/09/2021,-35100,-413775000,11.75(-0.42 %),14600,173355000,49700,587130000,1079668627,2.9
24/09/2021,-32800,-384785000,11.6(-1.28 %),231100,2709855000,263900,3094640000,1079701427,2.9
27/09/2021,-44200,-508600000,11.55(-0.43 %),55600,647440000,99800,1156040000,1079745627,2.89
28/09/2021,106000,1234375000,11.75(1.73 %),139200,1624175000,33200,389800000,1079639627,2.9
29/09/2021,164340,1845295000,12.2(3.83 %),2133700,25729885000,1969360,23884590000,1079475287,2.91
30/09/2021,-205300,-2495925000,11.95(-0.42 %),314000,3755560000,519300,6251485000,1079680587,2.9
01/10/2021,-25100,-318570000,12.2(2.09 %),840610,9462301500,865710,9780871500,1077624577,2.98
04/10/2021,-303600,-3856755000,12.65(3.69 %),58200,734505000,361800,4591260000,1077928177,2.97
05/10/2021,-65600,-827445000,12.75(0.79 %),371000,4713915000,436600,5541360000,1077993777,2.97
06/10/2021,-132800,-1711355000,12.85(0.78 %),23700,304395000,156500,2015750000,1078126577,0.0
07/10/2021,2095200,26684235000,12.65(-1.56 %),2314500,29472995000,219300,2788760000,1076031377,0.0
08/10/2021,301000,3769380000,12.45(-1.58 %),440100,5513865000,139100,1744485000,1075730377,0.0
11/10/2021,-597000,-6159579000,12.4(-0.40 %),716900,8849199800,1313900,15008778800,1076327377,0.0
12/10/2021,-1544500,-19390290000,12.7(2.42 %),419700,5282490000,1964200,24672780000,1077871877,0.0
13/10/2021,-497100,-6288470000,12.5(-1.57 %),65500,827960000,562600,7116430000,1078368977,0.0
14/10/2021,-86300,-1074280000,12.5(0.00 %),110600,1383775000,196900,2458055000,1078455277,0.0
15/10/2021,-593500,-7305470000,12.3(-1.60 %),43000,532645000,636500,7838115000,1079048777,0.0
18/10/2021,3500,42710000,12.35(0.41 %),19600,242070000,16100,199360000,1079045277,0.0
19/10/2021,-54900,-669660000,12.3(-0.40 %),321900,3986585000,376800,4656245000,1079100177,0.0
20/10/2021,148500,1831275000,12.3(0.00 %),464900,5713980000,316400,3882705000,1078951677,0.0
21/10/2021,160200,1940490000,12.05(-2.03 %),194000,2347890000,33800,407400000,1078939977,0.0
22/10/2021,180700,2175790000,12.1(0.41 %),252400,3042820000,71700,867030000,1078759277,0.0
25/10/2021,237400,2925785000,12.25(1.24 %),294900,3630390000,57500,704605000,1078521877,0.0
26/10/2021,915100,11238285000,12.35(0.82 %),1123500,13785960000,208400,2547675000,1077606777,0.0
27/10/2021,-170600,-2103725000,12.4(0.40 %),121100,1499760000,291700,3603485000,1077777377,0.0
28/10/2021,813800,10394460000,12.75(2.82 %),1027300,13127490000,213500,2733030000,1076963577,3.01
29/10/2021,1642000,20793500000,12.65(-0.78 %),1996200,25261350000,354200,4467850000,1075321577,3.08
01/11/2021,-365100,-4800240000,13.1(3.56 %),499700,6585985000,864800,11386225000,1077390877,2.99
02/11/2021,-13900,-181305000,12.85(-1.91 %),93500,1209105000,107400,1390410000,1077404777,2.99
03/11/2021,217200,2764700000,12.6(-1.95 %),534300,6816790000,317100,4052090000,1077187577,0.0
04/11/2021,403200,5017716000,12.65(0.40 %),451600,5630992400,48400,613276400,1077001577,0.0
05/11/2021,-126500,-1632480000,13(2.77 %),58900,759220000,185400,2391700000,1077531277,0.0
08/11/2021,123800,1630565000,13.1(0.77 %),595300,7821330000,471500,6190765000,1077280977,3.0
09/11/2021,-163000,-2101245000,12.85(-1.91 %),219200,2848820000,382200,4950065000,1077443977,2.99
10/11/2021,83100,1087363500,13.1(1.95 %),318400,4166264000,235300,3078900500,1077360877,0.0
11/11/2021,-110600,-1455235000,12.9(-1.53 %),109500,1427550000,220100,2882785000,1077554577,2.99
12/11/2021,7200,93005000,12.95(0.39 %),13800,178445000,6600,85440000,1077547377,2.99
15/11/2021,-246200,-3341305000,13.85(6.95 %),28600,388155000,274800,3729460000,1077793577,2.98
16/11/2021,61100,832880000,14.05(1.44 %),416400,5876225000,355300,5043345000,1077732477,2.98
17/11/2021,507100,7115285000,14.15(0.71 %),606000,8511470000,98900,1396185000,1077225377,3.0
18/11/2021,366800,5355080000,14.65(3.53 %),670200,9784690000,303400,4429610000,1076858577,3.02
19/11/2021,175600,2576105000,13.95(-4.78 %),506400,7204425000,330800,4628320000,1076682977,3.02
22/11/2021,441500,5912005000,13.05(-6.45 %),661000,8880880000,219500,2968875000,1076241477,3.04
23/11/2021,571100,7751565000,13.8(5.75 %),698700,9475265000,127600,1723700000,1075670377,3.07
24/11/2021,-183200,-2507760000,13.6(-1.45 %),109700,1506230000,292900,4013990000,1075853577,3.06
25/11/2021,-351300,-4896185000,13.85(1.84 %),41200,572940000,392500,5469125000,1076204877,3.05
26/11/2021,-750800,-10298575000,13.55(-2.17 %),18400,252090000,769200,10550665000,1076955677,0.0
29/11/2021,-413500,-5160075000,13.45(-0.74 %),63100,763712500,476600,5923787500,1077369177,0.0
30/11/2021,-359200,-4890205000,13.5(0.37 %),252400,3434045000,611600,8324250000,1077314877,3.0
01/12/2021,-1018000,-14042940000,14(3.70 %),117600,1612785000,1135600,15655725000,1076850827,3.02
02/12/2021,-1422200,-20371880000,14.15(1.07 %),22500,322910000,1444700,20694790000,1078273027,2.96
03/12/2021,-255600,-3609900000,13.55(-4.24 %),45400,636470000,301000,4246370000,1078528627,2.95
06/12/2021,-44300,-604905000,13.9(2.58 %),118500,1653435000,162800,2258340000,1078572927,2.94
07/12/2021,-525400,-7766850000,14.85(6.83 %),52200,760905000,577600,8527755000,1079098327,2.92
08/12/2021,-1004800,-15345040000,15.1(1.68 %),147600,2278355000,1152400,17623395000,1080103127,2.88
09/12/2021,-1156800,-17825855000,15.45(2.32 %),182900,2822710000,1339700,20648565000,1081259927,0.0
10/12/2021,1820700,28093005000,16.25(5.18 %),2179100,33784805000,358400,5691800000,1079439227,2.91
13/12/2021,36000,587475000,16.2(-0.31 %),136000,2217965000,100000,1630490000,1079403227,2.91
14/12/2021,-234800,-3888545000,16.6(2.47 %),15300,251855000,250100,4140400000,1079638027,2.9
15/12/2021,35000,570795000,16.1(-3.01 %),88000,1448600000,53000,877805000,1079603027,2.9
16/12/2021,579700,9457995000,17.2(6.83 %),964100,15974610000,384400,6516615000,1079023327,2.92
17/12/2021,-1320600,-22646450000,17.1(-0.58 %),243600,4305390000,1564200,26951840000,1080343927,2.87
20/12/2021,96400,1604320000,18.25(6.73 %),217400,3748700000,121000,2144380000,1080247527,2.87
21/12/2021,21400,427335000,18.7(2.47 %),194500,3662395000,173100,3235060000,1080226127,0.0
22/12/2021,6900,146520000,19(1.60 %),195500,3740730000,188600,3594210000,1080219227,2.87
23/12/2021,-166500,-3095585000,18.5(-2.63 %),114700,2109975000,281200,5205560000,1080385727,0.0
24/12/2021,191100,3349218600,17.25(-6.76 %),323800,5674918800,132700,2325700200,1080028127,0.0
27/12/2021,384100,6531760000,18.45(6.65 %),562200,9578920000,178100,3047160000,1081567327,2.82
28/12/2021,35200,668535000,18.35(-0.81 %),98600,1853980000,63400,1185445000,1081532127,2.82
29/12/2021,-104000,-1911870000,18(-2.17 %),170800,3107955000,274800,5019825000,1081617627,2.81
30/12/2021,7300,116385000,17.45(-3.06 %),253500,4497040000,246200,4380655000,1081427527,2.82
31/12/2021,-363700,-6387045000,17.5(0.00 %),8300,145885000,372000,6532930000,1081694027,2.81
04/01/2022,1040400,19114445000,18.7(6.86 %),1240400,22758325000,200000,3643880000,1080699827,2.85
05/01/2022,-316100,-6193390000,19(1.60 %),230200,4462255000,546300,10655645000,1080841577,2.85
06/01/2022,-649000,-12499470000,19.25(1.32 %),70400,1359125000,719400,13858595000,1080971187,2.84
07/01/2022,-22100,-423295000,20.15(4.40 %),158800,3175475000,180900,3598770000,1081350657,2.83
10/01/2022,-162800,-3836739600,18.75(-7.18 %),58000,422263600,220800,4259003200,1082012657,2.8
11/01/2022,468700,8945240000,18.65(-0.80 %),1093100,20811155000,624400,11865915000,1081100457,2.84
12/01/2022,-520200,-9565395000,18.15(-2.94 %),537900,9751025000,1058100,19316420000,1080783357,2.85
13/01/2022,190500,3219700000,16.9(-7.14 %),755600,13006790000,565100,9787090000,1080647157,2.86
14/01/2022,510900,8746840000,17.7(4.73 %),1303900,22675755000,793000,13928915000,1080393357,2.87
17/01/2022,-1635500,-27696930000,16.5(-6.78 %),152900,2536370000,1788400,30233300000,1080797557,2.85
18/01/2022,874400,13910880000,15.4(-6.67 %),1327500,21104455000,453100,7193575000,1080263057,2.87
19/01/2022,85300,1357545000,15.75(2.27 %),295400,4688235000,210100,3330690000,1081768057,2.81
20/01/2022,-536500,-8866975000,16.65(3.42 %),81500,1348435000,618000,10215410000,1082139657,2.79
21/01/2022,-1961300,-32965700000,16.65(-2.06 %),13400,225015000,1974700,33190715000,1082316147,2.78
24/01/2022,-60200,-1058100000,15.5(-7.19 %),248000,3899655000,308200,4957755000,1082686147,2.77
25/01/2022,1039500,16528805000,16.55(6.77 %),1415300,22601120000,375800,6072315000,1083245547,2.74
26/01/2022,-774200,-12725546400,16.3(-1.81 %),112300,1204216200,886500,13929762600,1083443247,2.74
27/01/2022,-133500,-2153020000,16.4(0.61 %),33100,536310000,166600,2689330000,1083781947,2.72
28/01/2022,-691200,-11465450000,16.8(2.44 %),96800,1615935000,788000,13081385000,1084565247,2.69
07/02/2022,251300,4598985000,17.85(6.25 %),446700,7951360000,195400,3352375000,1084277147,2.7
08/02/2022,-595400,-10613325000,17.9(0.00 %),72100,1294540000,667500,11907865000,1084993047,2.67
09/02/2022,-271800,-4854160000,17.8(-0.56 %),6400,114240000,278200,4968400000,1085176547,2.66
10/02/2022,-707300,-13006400000,18.55(4.21 %),90300,1667755000,797600,14674155000,1085698747,2.64
11/02/2022,2700,46540000,18.3(-1.61 %),46200,844285000,43500,797745000,1085886747,2.63
14/02/2022,-168500,-3035710000,17.7(-3.28 %),85500,1539215000,254000,4574925000,1086598847,2.6
15/02/2022,37400,651820000,18.1(2.26 %),96700,1703525000,59300,1051705000,1086545647,2.6
16/02/2022,-247400,-4552535000,18.2(0.55 %),47100,865435000,294500,5417970000,1086752547,2.59
17/02/2022,476500,8837165000,18.6(2.20 %),1147400,21343395000,670900,12506230000,1085671447,2.64
18/02/2022,19000,352695000,18.55(-0.27 %),44900,832580000,25900,479885000,1085921047,2.63
21/02/2022,-665200,-12297535000,18.4(-1.08 %),51400,951785000,716600,13249320000,1086533947,2.6
22/02/2022,-896100,-15819560000,17.8(-3.26 %),55400,996880000,951500,16816440000,1086504447,2.61
23/02/2022,-64400,-1183000000,18.15(1.97 %),13600,248705000,78000,1431705000,1087207447,2.58
24/02/2022,-230400,-4118770000,17.75(-2.47 %),95700,1700995000,326100,5819765000,1088041247,2.54
25/02/2022,-282100,-5049435000,17.85(0.28 %),14600,261890000,296700,5311325000,1088071647,2.54
28/02/2022,-3016800,-53058995000,17.35(-3.07 %),74000,1290080000,3090800,54349075000,1088270747,2.53
01/03/2022,-52200,-880805000,17.45(0.29 %),116300,2016420000,168500,2897225000,1088451147,2.52
02/03/2022,-223900,-3915275000,17.45(-0.29 %),96300,1690115000,320200,5605390000,1091445647,2.39
03/03/2022,-1137500,-19689050000,17.2(-1.71 %),23100,398710000,1160600,20087760000,1091591047,2.39
04/03/2022,-619900,-10729915000,17.3(0.58 %),6000,103750000,625900,10833665000,1091905247,2.37
07/03/2022,-547800,-9344780000,17.05(-1.45 %),37600,641600000,585400,9986380000,1093018547,2.33
08/03/2022,-709800,-12229535000,17.2(0.58 %),20900,357845000,730700,12587380000,1093610347,2.3
09/03/2022,-1755900,-29878245000,16.75(-2.62 %),51200,871450000,1807100,30749695000,1094131347,2.28
10/03/2022,-912000,-15388905000,16.6(-1.19 %),95600,1616185000,1007600,17005090000,1094747947,2.25
11/03/2022,60400,982135000,16.15(-2.71 %),107800,1758195000,47400,776060000,1096436247,2.18
14/03/2022,-54100,-828680000,15.65(-3.40 %),284900,4524925000,339000,5353605000,1097158947,2.15
15/03/2022,-1031700,-16361830000,16.4(4.46 %),56800,909800000,1088500,17271630000,1097149547,2.15
16/03/2022,-105000,-1719370000,16.3(-0.61 %),18400,301505000,123400,2020875000,1097470137,2.14
17/03/2022,-45300,-741490000,16.3(0.00 %),21900,357175000,67200,1098665000,1098536737,2.09
18/03/2022,-2579000,-41535330000,16.1(-1.23 %),33700,544850000,2612700,42080180000,1098626437,2.09
21/03/2022,53100,860935000,16.2(0.62 %),81600,1321370000,28500,460435000,1098612037,2.09
22/03/2022,-227400,-3750155000,16.5(1.85 %),7300,119670000,234700,3869825000,1101217437,1.98
23/03/2022,-112700,-1912055000,16.9(2.42 %),43600,735140000,156300,2647195000,1101191337,1.98
24/03/2022,24300,411545000,16.8(-0.59 %),73800,1245675000,49500,834130000,1101335707,1.97
25/03/2022,79100,1317415000,16.6(-1.19 %),95500,1590735000,16400,273320000,1101380007,1.97
28/03/2022,76700,1233135000,16.05(-3.31 %),114700,1844300000,38000,611165000,1101314807,1.97
29/03/2022,24800,402730000,16.25(0.93 %),29000,470825000,4200,68095000,1101302207,1.97
30/03/2022,-20800,-336245000,15.95(-2.15 %),53000,849470000,73800,1185715000,1101287207,1.97
31/03/2022,4500,71050000,15.85(-0.94 %),45100,718620000,40600,647570000,1101246307,1.98
01/04/2022,213700,3416725000,16(0.63 %),267200,4267350000,53500,850625000,1101052907,1.98
04/04/2022,-530500,-8592015000,16.2(1.25 %),54400,880885000,584900,9472900000,1101028107,1.99
05/04/2022,-117100,-1911425000,16.35(0.93 %),30800,505070000,147900,2416495000,1101050827,1.98
06/04/2022,-10900,-178480000,16.4(0.00 %),34300,560315000,45200,738795000,1101458427,1.97
07/04/2022,-923600,-15483330000,16.65(1.52 %),150100,2500280000,1073700,17983610000,1102382027,1.93
08/04/2022,-45800,-751010000,16.2(-2.99 %),57500,943385000,103300,1694395000,1101416427,1.97
12/04/2022,193200,3081420000,15.6(-3.70 %),381500,6079675000,188300,2998255000,1101223227,1.98
13/04/2022,-74100,-1137905000,15.7(0.64 %),49800,776465000,123900,1914370000,1102097627,1.94
14/04/2022,-7000,-109290000,15.55(-0.96 %),4000,62750000,11000,172040000,1102317427,1.93
15/04/2022,106900,1225745100,14.7(-5.77 %),122000,1452290400,15100,226545300,1102316567,1.93
18/04/2022,355300,5209110000,14.5(-1.36 %),376900,5525830000,21600,316720000,1101945167,1.95
19/04/2022,225500,3151100000,13.5(-6.90 %),268800,3776455000,43300,625355000,1101711207,1.96
20/04/2022,1064000,14181705000,13.05(-3.33 %),1140600,15209540000,76600,1027835000,1101253427,1.98
21/04/2022,1079700,14053825000,13.3(1.53 %),1189700,15511755000,110000,1457930000,1099597807,2.05
22/04/2022,149800,2003120000,13.35(0.38 %),204100,2728390000,54300,725270000,1099533207,2.05
25/04/2022,-550400,-7235425000,12.45(-7.09 %),22000,278150000,572400,7513575000,1099698207,2.04
26/04/2022,1192900,14797750000,13(4.00 %),1328800,16504020000,135900,1706270000,1098423707,2.1
27/04/2022,151100,1985000000,12.95(-0.38 %),871500,11246530000,720400,9261530000,1098157607,2.11
28/04/2022,-665000,-8604775000,12.8(-1.54 %),8600,110930000,673600,8715705000,1098289307,2.1
29/04/2022,195300,2553120000,13.15(2.73 %),292800,3831390000,97500,1278270000,1098723907,2.08
04/05/2022,-49300,-612250000,14.05(6.44 %),158000,2219540000,207300,2831790000,1099239507,2.06
05/05/2022,-246300,-3535815000,14.15(0.35 %),464900,6565490000,711200,10101305000,1099485807,2.05
06/05/2022,-101200,-1406680000,13.9(-2.11 %),56400,783960000,157600,2190640000,1099023007,2.07
09/05/2022,-398000,-5154100000,12.95(-6.83 %),99000,1282050000,497000,6436150000,1099635207,2.04
10/05/2022,235600,3133480000,13.3(2.31 %),288500,3837050000,52900,703570000,1099504307,2.05
11/05/2022,-600,-6160000,13.2(-0.75 %),152100,2010330000,152700,2016490000,1099504907,2.05
12/05/2022,-95100,-1178005000,12.3(-6.82 %),35100,447830000,130200,1625835000,1099600007,2.05
13/05/2022,109700,1203170000,11.45(-6.91 %),390300,4565160000,280600,3361990000,1099622907,2.05
16/05/2022,249900,2898840000,11.6(0.87 %),604700,7014520000,354800,4115680000,1099148407,2.07
17/05/2022,1229600,15247040000,12.4(6.90 %),1330700,16500680000,101100,1253640000,1098101807,2.11
18/05/2022,397000,5022050000,12.65(2.02 %),608900,7702585000,211900,2680535000,1097857707,2.12
19/05/2022,-210500,-2694400000,12.8(0.79 %),139900,1790720000,350400,4485120000,1097828907,2.12
20/05/2022,-476100,-6094080000,12.8(0.00 %),147200,1884160000,623300,7978240000,1097893607,2.12
23/05/2022,144800,1846200000,12.75(-0.39 %),323600,4125900000,178800,2279700000,1097923907,2.12
24/05/2022,130200,1673070000,12.85(0.39 %),230200,2958070000,100000,1285000000,1098327007,2.1
25/05/2022,241800,3240120000,13.4(3.88 %),324800,4352320000,83000,1112200000,1098201007,2.11
26/05/2022,-221200,-2908780000,13.15(-1.87 %),33900,445785000,255100,3354565000,1098267197,2.1
27/05/2022,464600,6202410000,13.35(1.14 %),516000,6888600000,51400,686190000,1097834197,2.12
30/05/2022,28100,377945000,13.45(0.37 %),129600,1743120000,101500,1365175000,1097969697,2.12
31/05/2022,741000,10040550000,13.55(0.37 %),920000,12466000000,179000,2425450000,1097123097,2.15
01/06/2022,17800,248310000,13.95(2.57 %),257300,3589335000,239500,3341025000,1096967297,2.16
02/06/2022,-249700,-3383435000,13.55(-3.21 %),116700,1581285000,366400,4964720000,1097029597,2.16
03/06/2022,-30600,-413100000,13.5(-0.74 %),124500,1680750000,155100,2093850000,1097144597,2.15
06/06/2022,158400,2226695000,13.8(2.22 %),389000,5418925000,230600,3192230000,1097121997,2.15
07/06/2022,0,0,14.75(6.88 %),0,0,0,0,1096643297,2.17
08/06/2022,609200,9381680000,15.4(4.05 %),935900,14412860000,326700,5031180000,1095937997,2.2
09/06/2022,-123400,-1962060000,15.9(3.25 %),232000,3688800000,355400,5650860000,1096075397,2.2
10/06/2022,-72900,-1093500000,15(-5.66 %),268500,4027500000,341400,5121000000,1096133597,2.19
13/06/2022,408500,6229625000,15.25(1.67 %),1002900,15294225000,594400,9064600000,1095461097,2.22
14/06/2022,300600,4584150000,15.25(-0.33 %),431300,6577325000,130700,1993175000,1095371197,2.23
15/06/2022,-137500,-1993750000,14.5(-5.23 %),156200,2264900000,293700,4258650000,1095809397,2.21
16/06/2022,555100,8548540000,15.4(6.21 %),826900,12734260000,271800,4185720000,1095128197,2.24
17/06/2022,-158300,-2548630000,16.1(4.55 %),587600,9460360000,745900,12008990000,1094854287,2.25
20/06/2022,23600,402785000,15(-6.83 %),667800,10585005000,644200,10182220000,1094458287,2.27
21/06/2022,16400,228780000,13.95(-7.00 %),910700,12704265000,894300,12475485000,1094293487,2.27
22/06/2022,-283100,-3680300000,13(-7.14 %),476900,6199700000,760000,9880000000,1094464287,2.27
23/06/2022,560900,7796510000,13.9(6.92 %),788200,10955980000,227300,3159470000,1094570387,2.26
24/06/2022,-157500,-2134125000,13.55(-2.52 %),94600,1281830000,252100,3415955000,1095251787,2.23
27/06/2022,-63900,-858960000,13.85(1.84 %),120200,1665095000,184100,2524055000,1095358887,2.23
28/06/2022,944400,13127160000,13.9(0.00 %),1396700,19414130000,452300,6286970000,1094214287,2.28
29/06/2022,-162400,-2236810000,13.75(-1.08 %),37200,514830000,199600,2751640000,1094361187,2.27
30/06/2022,-107100,-1456560000,13.6(-1.45 %),67000,911200000,174100,2367760000,1094746487,2.25
01/07/2022,72000,979200000,13.6(0.00 %),162100,2204560000,90100,1225360000,1094783987,2.25
04/07/2022,-31300,-422130000,13.5(-0.74 %),24700,336165000,56000,758295000,1094767787,0.0
05/07/2022,-268700,-3493100000,13(-3.70 %),34800,452400000,303500,3945500000,1095008187,2.24
06/07/2022,261100,3342080000,12.8(-1.54 %),274200,3509760000,13100,167680000,1094789987,2.25
07/07/2022,119100,1524480000,12.8(0.00 %),148100,1895680000,29000,371200000,1094945387,2.24
08/07/2022,-600,-2416250000,13(1.56 %),152100,657500000,152700,3073750000,1094945987,0.0
11/07/2022,-193300,-2416250000,12.5(-3.85 %),52600,657500000,245900,3073750000,1094749687,2.25
12/07/2022,253900,3288005000,12.95(3.60 %),404600,5239570000,150700,1951565000,1094357587,2.27
13/07/2022,4200,54600000,13(0.00 %),62300,809900000,58100,755300000,1094541187,2.26
14/07/2022,159100,2084210000,13.1(0.77 %),159200,2085520000,100,1310000,1094532687,2.26
15/07/2022,-244000,-3172000000,13(-0.76 %),6300,81900000,250300,3253900000,1094612487,2.26
18/07/2022,-1700,-22270000,13.1(0.77 %),32800,429680000,34500,451950000,1094579787,2.26
19/07/2022,255600,3437820000,13.45(2.67 %),357500,4808375000,101900,1370555000,1094472587,2.27
20/07/2022,-172700,-2331450000,13.5(0.00 %),51800,699300000,224500,3030750000,1094455287,2.27
21/07/2022,-57700,-770295000,13.35(-1.11 %),97400,1300290000,155100,2070585000,1094463287,2.27
22/07/2022,560900,-1008605000,13.15(-1.87 %),788200,1013865000,227300,2022470000,1094610687,2.26
25/07/2022,37500,493125000,13.15(-0.38 %),83900,1103285000,46400,610160000,1094685387,2.26
26/07/2022,-77200,-1003600000,13(-1.52 %),9300,120900000,86500,1124500000,1094837887,2.25
27/07/2022,29900,391690000,13.1(0.77 %),29900,391690000,0,0,1094849387,2.25
28/07/2022,321400,4354970000,13.55(3.44 %),379400,5140870000,58000,785900000,1094556487,2.26
29/07/2022,-50900,-679515000,13.35(-1.84 %),42800,571380000,93700,1250895000,1094513687,2.26
01/08/2022,-69300,-935550000,13.5(0.75 %),83500,1127250000,152800,2062800000,1094488187,2.26
02/08/2022,137800,1894750000,13.75(1.85 %),231000,3176250000,93200,1281500000,1094350887,2.27
03/08/2022,248200,3400340000,13.7(-0.72 %),436600,5981420000,188400,2581080000,1094067087,2.28
04/08/2022,420000,5712000000,13.6(-0.73 %),459800,6253280000,39800,541280000,1093700487,2.3
05/08/2022,200700,2809800000,14(2.94 %),585900,8202600000,385200,5392800000,1093302987,2.31
08/08/2022,-65000,-910000000,14(0.00 %),33000,462000000,98000,1372000000,1093284787,2.32
09/08/2022,648700,9114235000,14.05(0.36 %),783300,11005365000,134600,1891130000,1092891687,2.33
10/08/2022,519100,7241445000,13.95(-1.06 %),529400,7385130000,10300,143685000,1092462287,2.35
11/08/2022,483100,6666780000,13.8(-1.43 %),493100,6804780000,10000,138000000,1092103787,2.37
12/08/2022,493400,6907600000,14(1.45 %),604400,8461600000,111000,1554000000,1091509687,2.39
15/08/2022,-39600,-554400000,14(0.00 %),278900,3904600000,318500,4459000000,1091240787,2.4
16/08/2022,1266000,17850600000,14.1(0.71 %),1417900,19992390000,151900,2141790000,1089933887,2.46
17/08/2022,5000,69750000,13.95(-1.06 %),148400,2070180000,143400,2000430000,1090088987,2.45
18/08/2022,-140100,-1933380000,13.8(-1.43 %),203100,2802780000,343200,4736160000,1090064287,2.45
19/08/2022,-492100,-6692560000,13.6(-1.45 %),124900,1698640000,617000,8391200000,1090082787,2.45
22/08/2022,14600,199290000,13.65(0.37 %),102900,1404585000,88300,1205295000,1090323087,2.44
23/08/2022,832800,11575920000,13.9(1.46 %),1071200,14889680000,238400,3313760000,1089828887,2.46
24/08/2022,-93900,-1319295000,14.05(1.08 %),52900,743245000,146800,2062540000,1089864287,2.46
25/08/2022,-81000,-1142100000,14.1(0.00 %),117800,1660980000,198800,2803080000,1089984887,2.46
26/08/2022,1400,19950000,14.25(1.06 %),261500,3726375000,260100,3706425000,1089876187,2.46
29/08/2022,-261900,-3653505000,13.95(-2.45 %),187300,2612835000,449200,6266340000,1089887687,2.46
30/08/2022,-223700,-3098245000,13.85(-1.07 %),37900,524915000,261600,3623160000,1090109887,2.45
31/08/2022,9800,137200000,14(0.72 %),231700,3243800000,221900,3106600000,1090327387,2.44
05/09/2022,79000,1106000000,14(0.00 %),139100,1947400000,60100,841400000,1090449887,2.44
06/09/2022,191300,2735590000,14.3(2.14 %),436300,6239090000,245000,3503500000,1090225487,2.45
07/09/2022,1342900,18800600000,14(-2.10 %),1602500,22435000000,259600,3634400000,1088683087,2.51
08/09/2022,65300,894610000,13.7(-2.14 %),228900,3135930000,163600,2241320000,1088699187,2.51
09/09/2022,680200,9556810000,14.05(2.55 %),1017000,14288850000,336800,4732040000,1087944787,2.54
12/09/2022,147750,9556810000,14.1(0.00 %),275960,14288850000,128210,4732040000,1087832427,2.55
13/09/2022,-231120,549801300,14.15(0.35 %),107500,564000000,338620,14198700,1088061727,2.54
14/09/2022,940291,549801300,14.15(-0.35 %),1574700,564000000,634409,14198700,1086623237,2.6
15/09/2022,337900,13305117650,14.45(1.76 %),482200,22282005000,144300,8976887350,0,2.61
16/09/2022,1463521,20855174250,14.25(-1.72 %),1737421,24758249250,273900,3903075000,1085376645,2.65
19/09/2022,78600,1061100000,13.5(-5.59 %),297800,4020300000,219200,2959200000,1085298045,0.0
20/09/2022,202600,2775620000,13.7(1.48 %),347500,4760750000,144900,1985130000,1085157545,2.66
21/09/2022,-3300,-44385000,13.45(-1.82 %),163400,2197730000,166700,2242115000,1085213345,2.66
22/09/2022,-147800,-2017470000,13.65(1.11 %),54900,749385000,202700,2766855000,1085303345,2.66
23/09/2022,-219100,-2935940000,13.4(-2.19 %),118600,1589240000,337700,4525180000,1085351445,2.65
26/09/2022,-148200,-1896960000,12.8(-4.48 %),268200,3432960000,416400,5329920000,1085285945,2.66
27/09/2022,488900,6331255000,12.95(1.17 %),595700,7714315000,106800,1383060000,1085030945,2.67
28/09/2022,947100,12170235000,12.85(-1.15 %),1088800,13991080000,141700,1820845000,1084362545,2.7
29/09/2022,-35100,-440505000,12.55(-2.71 %),90000,1129500000,125100,1570005000,1084379345,2.7
30/09/2022,60100,742235000,12.35(-1.98 %),408000,5038800000,347900,4296565000,1084149045,2.71
03/10/2022,-114334,-1314841000,11.5(-7.26 %),118961,1368051500,233295,2682892500,1084257184,2.7
04/10/2022,216700,2513720000,11.6(0.87 %),443700,5146920000,227000,2633200000,1084176384,2.7
05/10/2022,540900,6544890000,12.1(4.31 %),559400,6768740000,18500,223850000,1083905279,2.72
06/10/2022,17100,194940000,11.4(-5.79 %),96100,1095540000,79000,900600000,1084052179,2.71
07/10/2022,851300,9066345000,10.65(-6.58 %),1030700,10976955000,179400,1910610000,1083059979,2.75
10/10/2022,263500,2898500000,11(2.80 %),641100,7052100000,377600,4153600000,1082528879,2.78
11/10/2022,-9200,-94300000,10.25(-6.82 %),184700,1893175000,193900,1987475000,1082523579,2.78
12/10/2022,418300,4433980000,10.6(2.91 %),583800,6188280000,165500,1754300000,1082317379,2.78
13/10/2022,-116800,-1238080000,10.6(0.00 %),301900,3200140000,418700,4438220000,1082217379,2.79
14/10/2022,45000,486000000,10.8(1.89 %),329600,3559680000,284600,3073680000,1082053279,2.8
17/10/2022,446900,4982935000,11.15(3.24 %),588200,6558430000,141300,1575495000,1081891779,2.8
18/10/2022,133400,1480740000,11.1(-0.89 %),384100,4263510000,250700,2782770000,1081792279,2.81
19/10/2022,601500,6659750000,11(-0.90 %),663300,7343095000,61800,683345000,1081190779,2.83
20/10/2022,-126700,-1378685000,10.85(-1.36 %),223000,2419920000,349700,3798605000,1081396979,2.82
21/10/2022,95300,1007825000,10.3(-5.50 %),324600,3456570000,229300,2448745000,1081222650,2.83
24/10/2022,699900,7011090000,9.88(-4.08 %),742600,7451005000,42700,439915000,1080365150,2.87
25/10/2022,1166200,11566487000,9.97(0.71 %),1214100,12042662000,47900,476175000,1079198950,2.92
26/10/2022,171300,1715694000,10(0.00 %),224800,2252974000,53500,537280000,1079354650,2.91
27/10/2022,150800,1547540000,10.4(4.00 %),292300,3010790000,141500,1463250000,1079284850,2.91
28/10/2022,-223580,-2314053000,10.35(-0.48 %),87800,908730000,311380,3222783000,1079260550,2.91
31/10/2022,1189500,12311325000,10.35(-0.48 %),1641100,16985385000,451600,4674060000,1077760950,2.98
01/11/2022,196530,2034085500,10.35(-0.48 %),236000,2442600000,39470,408514500,1077776830,2.98
02/11/2022,42800,436560000,10.2(-1.92 %),337000,3437400000,294200,3000840000,1077891430,2.97
03/11/2022,55400,559540000,10.1(-0.98 %),111900,1130190000,56500,570650000,1077829000,2.98
04/11/2022,-122200,-1197560000,9.8(-2.97 %),162900,1596420000,285100,2793980000,1077970300,2.97
07/11/2022,2339033,22899133070,9.79(-0.10 %),2424033,23731283070,85000,832150000,1075632767,3.07
08/11/2022,5502500,57501125000,10.45(6.63 %),5668100,59231645000,165600,1730520000,1070289767,3.3
09/11/2022,4233700,45935645000,10.85(3.33 %),4396700,47704195000,163000,1768550000,1065994067,3.48
10/11/2022,2681700,27487425000,10.25(-5.96 %),2827200,28978800000,145500,1491375000,1063352467,3.59
11/11/2022,2891400,30648840000,10.6(2.91 %),2941200,31176720000,49800,527880000,1060609467,3.71
14/11/2022,1160900,11957270000,10.3(-2.83 %),1498800,15437640000,337900,3480370000,1059300167,3.77
15/11/2022,2051790,19656148200,9.58(-6.99 %),2666900,25548902000,615110,5892753800,1056683067,3.88
16/11/2022,-76900,-776690000,10.1(5.21 %),720500,7277050000,797400,8053740000,1056300467,3.9
17/11/2022,1195470,12074247000,10.1(0.00 %),1436100,14504610000,240630,2430363000,1055519477,3.93
18/11/2022,1060700,10713070000,10.1(0.00 %),1227200,12394720000,166500,1681650000,1055106677,3.95
21/11/2022,2119500,21830850000,10.3(1.98 %),2268600,23366580000,149100,1535730000,1053087507,4.03
22/11/2022,2360500,24431175000,10.35(0.49 %),2522200,26104770000,161700,1673595000,1050731807,4.13
23/11/2022,2500200,26127090000,10.45(0.48 %),2575600,26915020000,75400,787930000,1048325307,4.24
24/11/2022,1046700,11095020000,10.6(1.44 %),1141600,12100960000,94900,1005940000,1047365407,4.28
25/11/2022,1615700,17530345000,10.85(2.36 %),1715200,18609920000,99500,1079575000,1045745607,4.35
28/11/2022,440000,4972000000,11.3(3.67 %),507800,5738140000,67800,766140000,1045305607,0.0
29/11/2022,872500,9859250000,11.3(0.00 %),993400,11225420000,120900,1366170000,1044433107,4.4
30/11/2022,1851495,21569916750,11.65(3.10 %),2444295,28476036750,592800,6906120000,1042581612,0.0
01/12/2022,372870,4176144000,11.2(-4.27 %),785300,8795360000,412430,4619216000,1041263512,0.0
02/12/2022,1096200,12825540000,11.7(4.46 %),1459300,17073810000,363100,4248270000,1040167312,0.0
05/12/2022,-995243,-11445294500,11.5(-1.71 %),553800,6368700000,1549043,17813994500,1041162555,0.0
06/12/2022,733020,7989918000,10.9(-5.22 %),829600,9042640000,96580,1052722000,1040429535,4.57
07/12/2022,555690,6084805500,10.95(0.46 %),769890,8430295500,214200,2345490000,1039873845,4.6
08/12/2022,358800,4018560000,11.2(1.82 %),401400,4495680000,42600,477120000,1040396375,4.57
09/12/2022,915900,10258080000,11.2(0.00 %),1004900,11254880000,89000,996800000,1039625675,4.61
12/12/2022,603126,6724854900,11.15(-0.45 %),728526,8123064900,125400,1398210000,1037996019,4.68
13/12/2022,954900,10885860000,11.4(1.79 %),1018200,11607480000,63300,721620000,1037041119,0.0
14/12/2022,329100,3751740000,11.4(0.00 %),517300,5897220000,188200,2145480000,1036712019,4.73
15/12/2022,348200,3969480000,11.4(0.00 %),372800,4249920000,24600,280440000,1036363819,0.0
16/12/2022,1569300,17968485000,11.45(0.44 %),2518300,28834535000,949000,10866050000,1034794519,0.0
19/12/2022,195874,2174201400,11.1(-3.48 %),402200,4464420000,206326,2290218600,1034598645,0.0
20/12/2022,358900,3840230000,10.7(-3.60 %),499500,5344650000,140600,1504420000,1034239745,4.84
21/12/2022,31600,330220000,10.45(-2.34 %),278600,2911370000,247000,2581150000,1034208145,4.84
22/12/2022,1016200,10873340000,10.7(1.90 %),1130600,12097420000,114400,1224080000,1033191945,0.0
23/12/2022,915800,10028010000,10.95(2.34 %),978600,10715670000,62800,687660000,1032276145,0.0
26/12/2022,184200,1897260000,10.3(-6.36 %),422000,4346600000,237800,2449340000,1032091945,0.0
27/12/2022,444200,4730730000,10.65(3.40 %),521300,5551845000,77100,821115000,1031647745,4.95
28/12/2022,627900,6687135000,10.65(-0.47 %),793900,8455035000,166000,1767900000,1031019845,4.97
29/12/2022,171300,1798650000,10.5(-1.87 %),738400,7753200000,567100,5954550000,1031317075,4.96
30/12/2022,1215900,12949335000,10.65(1.43 %),1286500,13701225000,70600,751890000,1030196575,5.01
03/01/2023,569300,6290765000,11.05(3.27 %),655900,7247695000,86600,956930000,1029540675,0.0
04/01/2023,188100,2069100000,11(-0.90 %),246300,2709300000,58200,640200000,1029948075,5.02
05/01/2023,3581150,42078512500,11.75(6.82 %),3701200,43489100000,120050,1410587500,1026333475,5.17
06/01/2023,2543660,29888005000,11.75(-0.42 %),2825300,33197275000,281640,3309270000,1023566375,5.29
09/01/2023,407160,4723056000,11.6(-1.69 %),452860,5253176000,45700,530120000,1023233565,5.31
10/01/2023,492200,5758740000,11.7(0.86 %),496400,5807880000,4200,49140000,1023034805,5.32
11/01/2023,146200,1703230000,11.65(-0.43 %),375800,4378070000,229600,2674840000,1022720705,5.33
12/01/2023,-92310,-1084642500,11.75(0.43 %),262400,3083200000,354710,4167842500,1022613705,5.33
13/01/2023,1615300,19141305000,11.85(0.42 %),1961900,23248515000,346600,4107210000,1020897405,5.41
16/01/2023,977190,11579701500,11.85(-0.42 %),1110490,13159306500,133300,1579605000,1020022425,5.44
17/01/2023,407540,4951611000,12.15(2.10 %),641540,7794711000,234000,2843100000,1019751485,5.46
18/01/2023,455140,5529951000,12.15(-0.41 %),536000,6512400000,80860,982449000,1019396785,5.47
19/01/2023,642000,7832400000,12.2(0.00 %),722800,8818160000,80800,985760000,1018923985,5.49
27/01/2023,1294700,15795340000,12.2(0.00 %),1346700,16429740000,52000,634400000,1017658145,5.55
30/01/2023,1988500,24557975000,12.35(1.23 %),2147700,26524095000,159200,1966120000,1015591245,5.63
31/01/2023,93200,1155680000,12.4(0.00 %),163100,2022440000,69900,866760000,1015499145,5.64
01/02/2023,333990,3991180500,11.95(-3.63 %),726000,8675700000,392010,4684519500,1014932345,5.66
02/02/2023,87410,1048920000,12(0.00 %),305310,3663720000,217900,2614800000,1014696935,5.67
03/02/2023,414000,5030100000,12.15(1.25 %),680000,8262000000,266000,3231900000,1014408945,5.68
06/02/2023,57600,722880000,12.55(2.87 %),287600,3609380000,230000,2886500000,1014339245,5.69
07/02/2023,580600,7083320000,12.2(-3.17 %),759900,9270780000,179300,2187460000,1013845345,5.71
08/02/2023,333500,4085375000,12.25(0.41 %),456200,5588450000,122700,1503075000,1013619145,5.72
09/02/2023,-224700,-2696400000,12(-2.44 %),39800,477600000,264500,3174000000,1013758645,5.71
10/02/2023,1576820,18921840000,12(0.00 %),1770520,21246240000,193700,2324400000,1012110825,5.78
13/02/2023,-79800,-933660000,11.7(-2.50 %),237600,2779920000,317400,3713580000,1012137725,5.78
14/02/2023,586100,6945285000,11.85(1.28 %),726000,8603100000,139900,1657815000,1011605425,5.8
15/02/2023,560410,6724920000,12(0.84 %),583500,7002000000,23090,277080000,1011394325,5.81
16/02/2023,732700,9048845000,12.35(2.92 %),734700,9073545000,2000,24700000,1010799525,5.84
17/02/2023,581000,7204400000,12.4(0.00 %),679000,8419600000,98000,1215200000,1010143615,5.87
20/02/2023,658700,8332555000,12.65(2.02 %),753800,9535570000,95100,1203015000,1009391815,5.9
21/02/2023,115840,1442208000,12.45(-1.97 %),358200,4459590000,242360,3017382000,1009131615,5.91
22/02/2023,248000,2976000000,12(-4.00 %),846000,10152000000,598000,7176000000,1008441715,5.94
23/02/2023,376501,4593312200,12.2(1.67 %),571002,6966224400,194501,2372912200,1008113073,5.95
24/02/2023,346200,4154400000,12(-1.64 %),678300,8139600000,332100,3985200000,1007766873,5.97
27/02/2023,1766800,21201600000,12(0.00 %),1914900,22978800000,148100,1777200000,1006153374,6.04
28/02/2023,1099600,13305160000,12.1(0.83 %),1225100,14823710000,125500,1518550000,1005220374,6.08
01/03/2023,378000,4668300000,12.35(2.07 %),412700,5096845000,34700,428545000,1004955774,6.09
02/03/2023,1179800,14983460000,12.7(2.42 %),1468700,18652490000,288900,3669030000,1003612574,6.14
03/03/2023,487450,6020007500,12.35(-2.76 %),616550,7614392500,129100,1594385000,1003010724,6.17
06/03/2023,610000,7594500000,12.45(0.40 %),651200,8107440000,41200,512940000,1002648424,6.19
07/03/2023,189600,2379480000,12.55(0.40 %),270300,3392265000,80700,1012785000,1002507224,6.19
08/03/2023,1405500,17920125000,12.75(1.19 %),1431200,18247800000,25700,327675000,1001117224,6.25
09/03/2023,3008890,39115570000,13(1.56 %),3060200,39782600000,51310,667030000,998137724,6.38
10/03/2023,2515018,32569483100,12.95(-0.38 %),2582918,33448788100,67900,879305000,995577006,6.49
13/03/2023,6307370,82941915500,13.15(1.15 %),6335680,83314192000,28310,372276500,989269636,0.0
14/03/2023,4482510,57600253500,12.85(-2.65 %),4737720,60879702000,255210,3279448500,984622816,6.96
15/03/2023,4456380,60161130000,13.5(4.65 %),4527600,61122600000,71220,961470000,980071526,7.15
16/03/2023,2375300,31472725000,13.25(-1.85 %),2517400,33355550000,142100,1882825000,977809336,7.25
17/03/2023,4750000,63650000000,13.4(0.75 %),5102900,68378860000,352900,4728860000,972777656,7.46
20/03/2023,35374,454555900,12.85(-4.10 %),378800,4867580000,343426,4413024100,972530956,7.47
21/03/2023,1480600,4154400000,13.2(2.33 %),1622800,8139600000,142200,3985200000,971261056,7.53
22/03/2023,1004600,13248355000,13.15(-0.38 %),1087600,14339050000,83000,1090695000,970256456,7.57
23/03/2023,327000,4286320000,13.2(0.00 %),490000,6423370000,163000,2137050000,969929456,7.58
24/03/2023,62900,832815000,13.25(0.38 %),174100,2300705000,111200,1467890000,969866556,7.59
27/03/2023,1398680,18602444000,13.3(0.00 %),1544800,20545840000,146120,1943396000,968467876,0.0
28/03/2023,1178800,15678040000,13.3(0.00 %),1229200,16348360000,50400,670320000,967289076,7.7
29/03/2023,426400,5692440000,13.35(0.38 %),535300,7146255000,108900,1453815000,965199012,7.79
30/03/2023,-248800,-3284160000,13.2(-1.49 %),70400,929280000,319200,4213440000,965179012,7.79
31/03/2023,703000,9279600000,13.2(0.00 %),1221500,16123800000,518500,6844200000,964066412,7.83
03/04/2023,-1658900,-21897480000,13.2(0.00 %),94400,1246080000,1753300,23143560000,964291212,7.82
04/04/2023,476508,6432858000,13.5(2.27 %),645708,8717058000,169200,2284200000,964164004,7.83
05/04/2023,-50500,-679225000,13.45(-0.37 %),95900,1289855000,146400,1969080000,965821404,7.76
06/04/2023,-183900,-2418285000,13.15(-2.59 %),54500,716675000,238400,3134960000,965936104,7.75
07/04/2023,-62800,-819540000,13.05(-1.14 %),24800,323640000,87600,1143180000,966057704,7.75
10/04/2023,-1345600,-17963760000,13.35(1.91 %),430000,5740500000,1775600,23704260000,965866104,7.76
11/04/2023,-1016960,-13627264000,13.4(0.00 %),472100,6326140000,1489060,19953404000,965481604,7.77
12/04/2023,384600,5249790000,13.65(1.87 %),826500,11281725000,441900,6031935000,966431204,7.73
13/04/2023,-655000,-8809750000,13.45(-1.82 %),79700,1071965000,734700,9881715000,967840564,7.67
14/04/2023,-274400,-3594640000,13.1(-2.96 %),42800,560680000,317200,4155320000,968239664,7.66
17/04/2023,57000,760950000,13.35(1.91 %),120300,1606005000,63300,845055000,968854064,7.63
18/04/2023,593800,8016300000,13.5(0.75 %),627500,8471250000,33700,454950000,968543764,7.64
19/04/2023,-149690,-1975908000,13.2(-2.22 %),61610,813252000,211300,2789160000,968545454,7.64
20/04/2023,3200,45675000,13.15(-0.38 %),93500,1233325000,90300,1187650000,968542254,7.64
21/04/2023,-858990,-10995072000,12.8(-3.03 %),19110,244608000,878100,11239680000,968677844,7.64
24/04/2023,-54050,-702650000,13(1.56 %),129000,1677000000,183050,2379650000,968639224,7.64
25/04/2023,-1115300,-14275840000,12.8(-1.54 %),330300,4227840000,1445600,18503680000,969167024,7.62
26/04/2023,-1239400,-15864320000,12.8(0.00 %),2564878,32830438400,3804278,48694758400,968991274,7.62
27/04/2023,-390600,-5019850000,12.85(0.39 %),400,5160000,391000,5025010000,969381874,7.61
28/04/2023,485300,6357240000,13.1(1.95 %),572200,7498280000,86900,1141040000,968896574,7.63
04/05/2023,-221600,-2911055000,13(-0.76 %),79100,1047345000,300700,3958400000,971462474,7.52
05/05/2023,-41400,-539790000,13.05(0.38 %),16000,208500000,57400,748290000,971845274,7.5
08/05/2023,-50900,-665535000,13.3(1.92 %),121300,1611485000,172200,2277020000,972024674,7.49
09/05/2023,1122000,14947915000,13.35(0.38 %),1144800,15252110000,22800,304195000,970867274,7.54
10/05/2023,1225100,16352085000,13.4(0.00 %),1260100,16819290000,35000,467205000,969642174,7.6
11/05/2023,113100,1511960000,13.3(-0.75 %),300200,4010550000,187100,2498590000,969491974,7.6
12/05/2023,-82600,-1094865000,13.4(0.75 %),4600,61170000,87200,1156035000,969522374,7.6
15/05/2023,291300,3887610000,13.3(-0.75 %),302600,4039215000,11300,151605000,969231074,7.61
16/05/2023,403700,5457700000,13.5(1.50 %),542100,7328705000,138400,1871005000,968827374,7.63
17/05/2023,556200,7486550000,13.3(-1.48 %),656500,8829225000,100300,1342675000,968271174,7.65
18/05/2023,1876900,25269020000,13.4(0.75 %),1894000,25498680000,17100,229660000,966394274,7.73
19/05/2023,-87800,-1201680000,13.5(0.75 %),107000,1452220000,194800,2653900000,966482074,7.73
22/05/2023,338600,4661015000,13.6(0.74 %),531500,7287530000,192900,2626515000,966143474,7.74
23/05/2023,562200,7730135000,13.65(0.37 %),1091500,15006510000,529300,7276375000,965581274,7.77
24/05/2023,262000,3567420000,13.5(-1.10 %),315900,4301560000,53900,734140000,965319274,7.78
25/05/2023,305700,4140925000,13.45(-0.37 %),397400,5379210000,91700,1238285000,965013574,7.79
26/05/2023,959400,13056980000,13.6(1.12 %),976400,13287735000,17000,230755000,964054174,7.83
29/05/2023,363200,4954240000,13.6(0.00 %),382200,5213240000,19000,259000000,963690974,7.85
30/05/2023,634800,8677370000,13.65(0.37 %),946000,12922770000,311200,4245400000,963056174,7.88
31/05/2023,-538900,-7384945000,13.65(0.00 %),147700,2016305000,686600,9401250000,963595074,7.85
01/06/2023,330800,4510555000,13.65(0.00 %),451200,6149190000,120400,1638635000,958751614,8.06
02/06/2023,-180300,-2460380000,13.65(0.00 %),24600,335865000,204900,2796245000,958931914,8.05
05/06/2023,685600,9553775000,13.95(2.20 %),781400,10876855000,95800,1323080000,958246314,8.08
06/06/2023,15500,211715000,13.8(-1.08 %),47100,650865000,31600,439150000,958230814,8.08
07/06/2023,-491300,-6757550000,13.75(-0.36 %),42400,585345000,533700,7342895000,958722114,8.06
08/06/2023,-2841800,-39477085000,13.8(0.36 %),282600,3940090000,3124400,43417175000,961563914,7.94
09/06/2023,85000,1172650000,13.75(-0.36 %),96000,1324550000,11000,151900000,961478914,7.94
12/06/2023,-56500,-786715000,13.9(1.09 %),20400,283380000,76900,1070095000,961535414,7.94
13/06/2023,37000,515560000,13.85(-0.36 %),108000,1495960000,71000,980400000,961498414,7.94
14/06/2023,-69000,-957160000,13.75(-0.72 %),70200,970670000,139200,1927830000,961567414,7.94
15/06/2023,248900,3403020000,13.55(-1.45 %),257400,3518670000,8500,115650000,961318514,7.95
16/06/2023,-961100,-12977645000,13.5(-0.74 %),197600,2683405000,1158700,15661050000,961697253,7.93
19/06/2023,755900,10256255000,13.55(0.37 %),798000,10827010000,42100,570755000,960907753,7.97
20/06/2023,-159100,-2150570000,13.6(0.00 %),64700,877560000,223800,3028130000,961066853,7.96
21/06/2023,-975500,-13293505000,13.65(0.37 %),294100,4012480000,1269600,17305985000,961745783,7.93
22/06/2023,-874400,-11986320000,13.75(0.73 %),225700,3100740000,1100100,15087060000,962620183,7.9
23/06/2023,-159500,-2190185000,13.7(-0.72 %),207700,2857595000,367200,5047780000,962779683,7.89
26/06/2023,-194400,-2645870000,13.65(-0.36 %),122900,1671070000,317300,4316940000,963782983,7.85
27/06/2023,-620200,-8424790000,13.6(-0.73 %),171800,2338740000,792000,10763530000,964403183,7.82
28/06/2023,61500,846340000,13.8(1.47 %),193700,2667210000,132200,1820870000,964341683,7.82
29/06/2023,78300,1074620000,13.55(-1.81 %),343000,4698280000,264700,3623660000,964263383,7.83
30/06/2023,-822100,-11065630000,13.4(-1.47 %),70300,945570000,892400,12011200000,965085483,7.79
03/07/2023,-1443000,-19286600000,13.3(-0.75 %),166800,2235340000,1609800,21521940000,964532738,7.81
04/07/2023,-293900,-3916770000,13.4(0.75 %),274100,3663165000,568000,7579935000,964826638,7.8
05/07/2023,-648000,-8702865000,13.5(0.75 %),192400,2594420000,840400,11297285000,965474638,7.77
06/07/2023,-526900,-6976525000,13.25(-1.85 %),173000,2304190000,699900,9280715000,967061308,7.71
07/07/2023,-2863700,-37319735000,13.1(-1.50 %),76800,1003530000,2940500,38323265000,967824908,7.67
10/07/2023,-2071200,-27266955000,13.2(0.76 %),91200,1203865000,2162400,28470820000,969896108,7.58
11/07/2023,-1649600,-21840170000,13.25(0.38 %),74600,990855000,1724200,22831025000,971545708,7.51
12/07/2023,-1491000,-19747100000,13.25(-0.38 %),142100,1886230000,1633100,21633330000,973036708,7.45
13/07/2023,-1639200,-21809960000,13.35(0.38 %),181400,2413120000,1820600,24223080000,974675908,7.38
14/07/2023,-1849700,-24611725000,13.3(-0.75 %),156900,2088755000,2006600,26700480000,976334758,7.31
17/07/2023,-928300,-12368945000,13.35(0.38 %),123700,1652255000,1052000,14021200000,977263058,7.27
18/07/2023,-680900,-9106315000,13.5(0.75 %),878600,11816570000,1559500,20922885000,977943958,7.24
19/07/2023,-1258800,-16874360000,13.3(-1.48 %),249200,3339420000,1508000,20213780000,979808986,7.16
20/07/2023,-1951300,-25708355000,13.3(0.00 %),414700,5484695000,2366000,31193050000,981760286,7.08
21/07/2023,-4845600,-63987510000,13.25(-0.38 %),136000,1799800000,4981600,65787310000,986605886,6.87
24/07/2023,-2363300,-31393475000,13.3(0.00 %),256200,3402515000,2619500,34795990000,984700880,6.95
25/07/2023,-1645100,-21815015000,13.25(-0.38 %),519100,6894865000,2164200,28709880000,989183338,6.76
26/07/2023,-1391400,-18897150000,13.55(2.26 %),359400,4859220000,1750800,23756370000,990574738,6.7
27/07/2023,-1660300,-22144375000,13.3(-2.21 %),253000,3418630000,1913300,25563005000,992235038,6.63
28/07/2023,-1135500,-15265455000,13.55(1.88 %),481500,6483675000,1617000,21749130000,993370538,6.58
31/07/2023,-434400,-5950440000,13.7(0.74 %),516700,7093485000,951100,13043925000,993804938,6.56
01/08/2023,-661000,-8979960000,13.45(-1.82 %),619400,8446070000,1280400,17426030000,996064448,6.47
02/08/2023,-942600,-12681405000,13.7(1.48 %),413900,5618310000,1356500,18299715000,997007048,6.43
03/08/2023,-701300,-9485235000,13.5(-1.46 %),415700,5628180000,1117000,15113415000,997708348,6.4
04/08/2023,857500,11624325000,13.6(0.74 %),980700,13288200000,123200,1663875000,998879748,6.35
07/08/2023,-2013000,-27437215000,13.7(0.74 %),340500,4650450000,2353500,32087665000,1000892748,6.26
08/08/2023,-391000,-5494175000,14.1(2.92 %),1331000,18709480000,1722000,24203655000,1001283748,6.24
09/08/2023,67400,932675000,13.9(-1.42 %),140500,1954495000,73100,1021820000,1001216348,6.25
10/08/2023,-978500,-13609265000,13.8(-0.72 %),242500,3357095000,1221000,16966360000,1002194848,6.21
11/08/2023,-378100,-5152035000,13.65(-1.09 %),376100,5142995000,754200,10295030000,1002572948,6.19
14/08/2023,-1292400,-17717110000,13.75(0.36 %),111000,1524150000,1403400,19241260000,1002817988,6.18
15/08/2023,-183700,-2550115000,13.9(0.72 %),15300,213480000,199000,2763595000,1003516888,6.15
16/08/2023,-82800,-1149630000,13.9(0.00 %),37300,517420000,120100,1667050000,1004863038,6.09
17/08/2023,241800,3324150000,14(0.72 %),534200,7402885000,292400,4078735000,1004621238,6.1
18/08/2023,-405600,-5427565000,13.05(-6.79 %),378300,5080330000,783900,10507895000,1004249668,6.12
21/08/2023,374200,4841515000,13(-0.76 %),773500,10017025000,399300,5175510000,1003778518,6.14
22/08/2023,-1805100,-22910505000,12.8(-1.54 %),300600,3787615000,2105700,26698120000,1004248928,6.12
23/08/2023,-208700,-2641300000,12.35(-3.52 %),860200,10774395000,1068900,13415695000,1003757978,6.14
24/08/2023,349000,4383645000,12.6(2.02 %),503100,6313660000,154100,1930015000,1003408978,6.15
25/08/2023,-525600,-6577165000,12.5(-0.79 %),107900,1355405000,633500,7932570000,1006317611,6.03
28/08/2023,-292900,-3679510000,12.7(1.60 %),111800,1413400000,404700,5092910000,1006610511,6.02
29/08/2023,-2569300,-32316335000,12.6(-0.79 %),141600,1789785000,2710900,34106120000,1006841811,6.01
30/08/2023,-44000,-562335000,12.7(0.79 %),166900,2116365000,210900,2678700000,1006885811,6.01
31/08/2023,737000,9449910000,12.8(0.79 %),1054900,13498620000,317900,4048710000,1008735611,5.93
05/09/2023,-391700,-5068685000,13(1.56 %),29200,377925000,420900,5446610000,1008917311,5.92
06/09/2023,-1262300,-16316545000,13(0.00 %),61500,797475000,1323800,17114020000,1010179611,5.86
07/09/2023,-1256300,-16313690000,12.9(-0.77 %),80100,1042620000,1336400,17356310000,1009514487,5.89
08/09/2023,-3078200,-39697375000,12.85(-0.39 %),153200,1982270000,3231400,41679645000,1010675087,5.84
11/09/2023,-273700,-3509710000,12.7(-1.17 %),111000,1437870000,384700,4947580000,1011880587,5.79
12/09/2023,19400,249430000,12.9(1.57 %),139300,1788765000,119900,1539335000,1014984687,5.66
13/09/2023,-733800,-9528655000,12.95(0.39 %),68400,891920000,802200,10420575000,1015280987,5.65
14/09/2023,-1039300,-13315085000,12.75(-1.54 %),77100,991860000,1116400,14306945000,1015323787,5.64
15/09/2023,-1114300,-14230650000,12.75(0.00 %),117300,1509880000,1231600,15740530000,1015988687,5.62
18/09/2023,0,0,12.65(-0.78 %),0,0,0,0,1015988687,5.62
19/09/2023,107600,1365950000,12.75(0.79 %),333600,4227010000,226000,2861060000,1016654587,5.59
20/09/2023,-132000,-1684325000,12.8(0.39 %),50600,647430000,182600,2331755000,1016786587,5.58
21/09/2023,-1064900,-13566470000,12.7(-0.78 %),125400,1597790000,1190300,15164260000,1017851487,5.54
22/09/2023,-370500,-4595660000,12.3(-3.15 %),199900,2461235000,570400,7056895000,1018922243,5.49
25/09/2023,57600,741770000,11.8(-4.07 %),308800,3756960000,251200,3015190000,1019783718,5.45
26/09/2023,550300,6496990000,11.65(-1.27 %),1025700,12099080000,475400,5602090000,1019324878,5.47
27/09/2023,-339100,-3943985000,11.75(0.86 %),193100,2243390000,532200,6187375000,1019663978,5.46
28/09/2023,-1621400,-18805040000,11.5(-2.13 %),64900,753875000,1686300,19558915000,1021285378,5.39
29/09/2023,-180700,-2104140000,11.6(0.87 %),24300,284260000,205000,2388400000,1020367534,5.43
02/10/2023,-110000,-1284895000,11.75(1.29 %),14200,166880000,124200,1451775000,1022039727,5.36
03/10/2023,-1755200,-19982905000,11.2(-4.68 %),78100,901980000,1833300,20884885000,1022166597,5.35
04/10/2023,-839400,-9457360000,11.25(0.45 %),337700,3816480000,1177100,13273840000,1023005997,5.32
05/10/2023,-2087400,-23124665000,10.9(-3.11 %),172200,1910520000,2259600,25035185000,1023620294,5.29
06/10/2023,-995100,-11041390000,11.2(2.75 %),528800,5860205000,1523900,16901595000,1024615394,5.25
09/10/2023,-6302200,-69795370000,11.2(0.00 %),667900,7408680000,6970100,77204050000,1030917594,4.98
10/10/2023,-321400,-3650175000,11.45(2.23 %),118600,1350300000,440000,5000475000,1027269554,5.13
11/10/2023,-281900,-3232830000,11.5(0.44 %),132300,1519890000,414200,4752720000,1034107354,4.84
12/10/2023,-407700,-4669505000,11.45(-0.43 %),91500,1050295000,499200,5719800000,1034455854,4.83
13/10/2023,-970900,-10971960000,11.4(-0.44 %),137000,1554070000,1107900,12526030000,1034733004,4.82
16/10/2023,-812100,-9231220000,11.35(-0.44 %),71100,808125000,883200,10039345000,1035161104,4.8
17/10/2023,-694400,-7882040000,11.25(-0.88 %),204900,2327545000,899300,10209585000,1036064104,4.76
18/10/2023,-533400,-5979415000,11.25(0.00 %),175600,1956165000,709000,7935580000,1036771704,4.73
19/10/2023,178900,1986545000,11.05(-1.78 %),279100,3098665000,100200,1112120000,1037391904,4.7
20/10/2023,-1700,-10865000,11.2(1.36 %),221200,2447910000,222900,2458775000,1037879704,4.68
23/10/2023,-246900,-2724635000,11.05(-1.34 %),167700,1856855000,414600,4581490000,1037812204,4.68
24/10/2023,-299700,-3299745000,11.2(1.36 %),80600,894455000,380300,4194200000,1038111904,4.67
25/10/2023,1000,11745000,11.2(0.00 %),108500,1218845000,107500,1207100000,1037954504,4.68
26/10/2023,-388700,-4222315000,10.8(-3.57 %),135600,1477040000,524300,5699355000,1038491304,4.66
27/10/2023,-80600,-871230000,11(1.85 %),152500,1667100000,233100,2538330000,1038446304,4.66
30/10/2023,-155300,-1698845000,10.85(-1.36 %),231500,2523760000,386800,4222605000,1038746104,4.64
31/10/2023,-904500,-9682080000,10.6(-2.30 %),323500,3481035000,1228000,13163115000,1038657804,4.65
01/11/2023,234300,2495230000,10.7(0.94 %),354700,3780940000,120400,1285710000,1038689904,4.65
02/11/2023,174600,1954800000,11.1(3.74 %),318900,3529065000,144300,1574265000,1038515304,4.65
03/11/2023,305500,3391145000,11.1(0.00 %),389200,4322265000,83700,931120000,1038209804,4.67
06/11/2023,678300,7571240000,11.25(1.35 %),731300,8162390000,53000,591150000,1037531504,4.7
07/11/2023,35500,395530000,11.15(-0.89 %),101900,1138290000,66400,742760000,1037496004,4.7
08/11/2023,292300,3330320000,11.5(3.14 %),405000,4587055000,112700,1256735000,1038453064,4.66
09/11/2023,-48100,-558210000,11.55(0.43 %),47600,552940000,95700,1111150000,1038527864,4.65
10/11/2023,-195100,-2300235000,11.7(1.30 %),5600,66280000,200700,2366515000,1038646964,4.65
13/11/2023,-119700,-1428385000,11.9(1.71 %),23500,280755000,143200,1709140000,1038704212,4.65
14/11/2023,-90200,-1074950000,11.85(-0.42 %),13900,163805000,104100,1238755000,1038856864,4.64
15/11/2023,-575200,-6864345000,11.75(-0.84 %),152900,1829750000,728100,8694095000,1039432064,4.62
16/11/2023,0,0,11.85(0.85 %),0,0,0,0,1039432064,4.62
17/11/2023,-168500,-1965825000,11.65(-1.69 %),42500,499885000,211000,2465710000,1039302160,4.62
20/11/2023,43200,516440000,11.65(0.00 %),165800,1935755000,122600,1419315000,1039169660,4.63
21/11/2023,-686100,-8015395000,11.7(0.43 %),32800,383825000,718900,8399220000,1039347860,4.62
22/11/2023,-2088800,-24271030000,11.65(-0.43 %),69600,811200000,2158400,25082230000,1039400880,4.62
23/11/2023,-1617500,-18777825000,11.45(-1.72 %),64100,745145000,1681600,19522970000,1041018380,4.55
24/11/2023,-526700,-5967935000,11.4(-0.44 %),67800,771195000,594500,6739130000,1041545080,4.53
27/11/2023,18900,214425000,11.3(-0.88 %),43700,496045000,24800,281620000,1041526180,4.53
28/11/2023,94900,1069055000,11.3(0.00 %),131800,1483860000,36900,414805000,1041431280,4.53
29/11/2023,2400,27450000,11.3(0.00 %),48000,544370000,45600,516920000,1041428880,4.53
30/11/2023,-74300,-841280000,11.25(-0.44 %),77100,868665000,151400,1709945000,1041503180,4.53
01/12/2023,-91900,-1035415000,11.3(0.44 %),39900,449720000,131800,1485135000,1044188577,4.41
04/12/2023,107000,1241335000,11.55(2.21 %),184400,2132060000,77400,890725000,1044081577,4.42
05/12/2023,-515400,-5930505000,11.45(-0.87 %),29700,342195000,545100,6272700000,1044596977,4.39
06/12/2023,8800,107445000,11.55(0.87 %),148400,1713120000,139600,1605675000,1044588177,4.4
07/12/2023,-112200,-1294120000,11.5(-0.43 %),137900,1591295000,250100,2885415000,1044700377,4.39
08/12/2023,413500,4834250000,11.65(1.30 %),542400,6340140000,128900,1505890000,1044286877,4.41
11/12/2023,-142100,-1653890000,11.6(-0.43 %),31400,365295000,173500,2019185000,1044428977,4.4
12/12/2023,-133300,-1540225000,11.6(0.00 %),41800,485235000,175100,2025460000,1044562277,4.4
13/12/2023,-257200,-2942280000,11.4(-1.72 %),38000,436885000,295200,3379165000,1044819477,4.39
14/12/2023,-90600,-1027100000,11.3(-0.88 %),110000,1255035000,200600,2282135000,1044910077,4.38
15/12/2023,-3004900,-33695755000,11.2(-0.88 %),44300,501455000,3049200,34197210000,1047914977,4.25
18/12/2023,-970500,-10825285000,11.1(-0.89 %),122400,1369600000,1092900,12194885000,1048885477,4.21
19/12/2023,-136100,-1519590000,11.2(0.90 %),78200,875185000,214300,2394775000,1049021577,4.21
20/12/2023,-95100,-1064645000,11.3(0.89 %),115300,1304410000,210400,2369055000,1049116677,4.2
21/12/2023,-69400,-779225000,11.3(0.00 %),74600,845625000,144000,1624850000,1049186077,4.2
22/12/2023,-828200,-9297775000,11.25(-0.44 %),111300,1254165000,939500,10551940000,1050014277,4.16
25/12/2023,-467300,-5285205000,11.3(0.44 %),55600,630340000,522900,5915545000,1050481577,4.14
26/12/2023,-859900,-9678110000,11.25(-0.44 %),39900,450955000,899800,10129065000,1051341477,4.11
27/12/2023,-865600,-9676645000,11.15(-0.89 %),60900,684755000,926500,10361400000,1052207077,4.07
28/12/2023,11200,127325000,11.25(0.90 %),37400,421475000,26200,294150000,1052195877,4.07
29/12/2023,-10900,-122170000,11.25(0.00 %),10700,120750000,21600,242920000,1052206777,4.07
02/01/2024,-26500,-298965000,11.25(0.00 %),15700,177825000,42200,476790000,1052480260,4.06
03/01/2024,-177900,-2004450000,11.4(1.33 %),15300,172770000,193200,2177220000,1052639637,4.05
04/01/2024,-538000,-6141225000,11.45(0.44 %),200,2290000,538200,6143515000,1053177637,4.03
05/01/2024,-517300,-5885190000,11.3(-1.31 %),0,0,517300,5885190000,1053694937,4.01
08/01/2024,47600,541890000,11.4(0.88 %),50600,576090000,3000,34200000,1053647337,4.01
09/01/2024,40700,464750000,11.45(0.44 %),44000,502370000,3300,37620000,1053706620,4.01
10/01/2024,24300,278460000,11.4(-0.44 %),24500,280750000,200,2290000,1053685120,4.01
11/01/2024,22500,261640000,11.65(2.19 %),24500,285065000,2000,23425000,1053663940,4.01
12/01/2024,-608900,-7058610000,11.45(-1.72 %),21100,243360000,630000,7301970000,1054153037,3.99
15/01/2024,-282100,-3236770000,11.4(-0.44 %),4000,45790000,286100,3282560000,1053641090,4.01
16/01/2024,-100,-1105000,11.5(0.88 %),800,9200000,900,10305000,1054270270,3.98
17/01/2024,4600,52735000,11.4(-0.87 %),4600,52735000,0,0,1054551740,3.97
18/01/2024,-139400,-1587200000,11.4(0.00 %),0,0,139400,1587200000,1054570037,3.97
19/01/2024,226200,2599990000,11.55(1.32 %),338100,3888170000,111900,1288180000,1054343837,3.98
22/01/2024,-4800,-55850000,11.55(0.00 %),12200,140250000,17000,196100000,1054348637,3.98
23/01/2024,-187000,-2142215000,11.45(-0.87 %),400,4590000,187400,2146805000,1054535637,3.97
24/01/2024,-12700,-145380000,11.4(-0.44 %),300,3420000,13000,148800000,1054548337,3.97
25/01/2024,-10800,-122955000,11.45(0.44 %),8300,94785000,19100,217740000,1054559137,3.97
26/01/2024,16300,186475000,11.4(-0.44 %),24400,278815000,8100,92340000,1054542837,3.97
29/01/2024,-149000,-1703270000,11.4(0.00 %),57200,657440000,206200,2360710000,1054512580,3.97
30/01/2024,28300,324630000,11.5(0.88 %),249400,2868210000,221100,2543580000,1054271230,3.98
31/01/2024,-117000,-1340215000,11.35(-1.30 %),2700,30775000,119700,1370990000,1054474750,3.97
01/02/2024,-41600,-471785000,11.35(0.00 %),79500,903905000,121100,1375690000,1054474756,3.97
02/02/2024,20600,232820000,11.3(-0.44 %),20600,232820000,0,0,1054616320,3.97
05/02/2024,-700,-8245000,11.25(-0.44 %),6000,67800000,6700,76045000,1054375320,3.98
06/02/2024,-561300,-6333655000,11.35(0.89 %),3200,36110000,564500,6369765000,1054827390,3.96
07/02/2024,-29900,-338605000,11.35(0.00 %),24500,278195000,54400,616800000,1054809540,3.96
15/02/2024,-70900,-806755000,11.4(0.44 %),27700,316660000,98600,1123415000,1055330370,3.94
16/02/2024,-69005,-791777250,11.5(0.88 %),80600,923870000,149605,1715647250,1055304190,3.94
19/02/2024,1194244,14228840850,12(4.35 %),1270267,15123588000,76023,894747150,1054132480,3.99
20/02/2024,-326440,-3905521000,11.9(-0.83 %),114600,1372940000,441040,5278461000,1054151490,3.99
21/02/2024,-710326,-8381411800,11.8(-0.84 %),42200,500410000,752526,8881821800,1054169340,3.99
22/02/2024,-227300,-2684615000,11.75(-0.42 %),64700,766825000,292000,3451440000,1054169340,3.99
23/02/2024,-353250,-4156192350,11.5(-2.13 %),133150,1562327650,486400,5718520000,1055529497,3.93
26/02/2024,-1222300,-14083405000,11.55(0.43 %),39800,459545000,1262100,14542950000,1055393220,3.93
27/02/2024,60677,715082750,11.75(1.73 %),358400,4197095000,297723,3482012250,1056691120,3.88
28/02/2024,912109,10765611550,11.8(0.43 %),963600,11373355000,51491,607743450,1055779011,3.92
29/02/2024,-808400,-9413465000,11.65(-1.27 %),277100,3259325000,1085500,12672790000,1055807870,3.92
01/03/2024,3936,47151200,11.75(0.86 %),66500,780650000,62564,733498800,1055741360,3.92
04/03/2024,344250,4087946000,11.85(0.85 %),1240300,14699325000,896050,10611379000,1055397110,3.93
05/03/2024,84100,994485000,11.85(0.00 %),91600,1082710000,7500,88225000,1055561000,3.93
06/03/2024,173400,2046685000,11.85(0.00 %),334900,3986035000,161500,1939350000,1055139610,3.94
07/03/2024,-183900,-2169535000,11.85(-0.42 %),816600,9651675000,1000500,11821210000,1055323510,3.94
08/03/2024,-925160,-10868170000,11.7(-1.27 %),346400,4139955000,1271560,15008125000,1056248670,3.9
11/03/2024,-1681400,-19558005000,11.6(-0.85 %),3600,41810000,1685000,19599815000,1057930070,3.83
12/03/2024,-393700,-4549355000,11.5(-0.86 %),2100,24155000,395800,4573510000,1057365820,3.85
13/03/2024,-275400,-3190045000,11.6(0.87 %),147900,1714405000,423300,4904450000,1058902980,3.78
14/03/2024,-272000,-3159210000,11.6(0.00 %),67000,779135000,339000,3938345000,1059174980,3.77
15/03/2024,-819800,-9404340000,11.45(-1.29 %),16700,192190000,836500,9596530000,1059994780,3.74
18/03/2024,-240600,-2724825000,11.3(-1.31 %),206700,2338585000,447300,5063410000,1059770750,3.75
19/03/2024,-700,-5950000,11.25(-0.44 %),64300,726500000,65000,732450000,1060527040,3.71
20/03/2024,-430200,-4878795000,11.4(1.33 %),100,1130000,430300,4879925000,1060666280,3.71
21/03/2024,-45600,-520115000,11.4(0.00 %),85600,979975000,131200,1500090000,1060711880,3.71
22/03/2024,249000,2867260000,11.5(0.88 %),575600,6606190000,326600,3738930000,1060462880,3.72
25/03/2024,190100,2238455000,11.4(-0.87 %),496000,5739155000,305900,3500700000,1060420030,3.72
26/03/2024,-109000,-1245505000,11.45(0.44 %),50000,572500000,159000,1818005000,1060200580,3.73
27/03/2024,-146900,-1684610000,11.45(0.00 %),5100,58400000,152000,1743010000,1060976510,3.7
28/03/2024,-156200,-1787230000,11.45(0.00 %),1200,13745000,157400,1800975000,1061126340,3.69
29/03/2024,3100,35445000,11.4(-0.44 %),3100,35445000,0,0,1061275200,3.68
01/04/2024,-92700,-1050130000,11.35(-0.44 %),40300,459420000,133000,1509550000,1061392320,3.68
02/04/2024,486300,5562350000,11.55(1.76 %),770500,8844890000,284200,3282540000,1060788919,3.7
03/04/2024,-220600,-2519065000,11.4(-1.30 %),3900,44815000,224500,2563880000,1060734910,3.71
04/04/2024,6500,74660000,11.3(-0.88 %),37300,423500000,30800,348840000,1061003019,3.69
05/04/2024,-373000,-4196080000,11.25(-0.44 %),15400,173420000,388400,4369500000,1061184900,3.69
08/04/2024,79400,895110000,11.2(-0.44 %),80100,902985000,700,7875000,1061296619,3.68
09/04/2024,327200,3696930000,11.3(0.89 %),337500,3813300000,10300,116370000,1060969419,3.7
10/04/2024,140800,1589350000,11.3(0.00 %),160800,1815300000,20000,225950000,1060828619,3.7
11/04/2024,-195800,-2189825000,11.2(-0.88 %),89300,1003850000,285100,3193675000,1060948000,3.7
12/04/2024,-190200,-2138520000,11.25(0.45 %),100,1120000,190300,2139640000,1060967940,3.7
15/04/2024,1663400,18935145000,11.15(-0.89 %),1903900,21645805000,240500,2710660000,1059551219,3.76
16/04/2024,-607400,-6688495000,10.9(-2.24 %),8100,89705000,615500,6778200000,1060158619,3.73
17/04/2024,-111900,-1218135000,10.95(0.46 %),92400,1020645000,204300,2238780000,1059663119,3.75
19/04/2024,-908700,-9814320000,10.6(-3.20 %),131500,1416410000,1040200,11230730000,1060571819,3.71
22/04/2024,-114300,-1217665000,10.65(0.47 %),13300,142890000,127600,1360555000,1060406780,3.72
23/04/2024,-126600,-1335215000,10.45(-1.88 %),22200,235380000,148800,1570595000,1061423000,3.68
24/04/2024,407600,4312415000,10.65(1.91 %),799100,8461015000,391500,4148600000,1060405119,3.72
25/04/2024,10500,108680000,10.55(-0.94 %),96100,1016960000,85600,908280000,1060394619,3.72
26/04/2024,-1657800,-17415525000,10.5(-0.47 %),107100,1124915000,1764900,18540440000,1061090180,3.69
02/05/2024,160600,1731655000,11.1(5.71 %),454300,4979335000,293700,3247680000,1060721470,3.71
03/05/2024,-12600,-142765000,10.95(-1.35 %),85700,943845000,98300,1086610000,1062400700,3.63
06/05/2024,223500,2464700000,11.1(1.37 %),344100,3812730000,120600,1348030000,1062350270,3.64
07/05/2024,345000,3828730000,11.1(0.00 %),349000,3873130000,4000,44400000,1062099580,3.65
08/05/2024,65500,720140000,11.15(0.45 %),236400,2633725000,170900,1913585000,1061983810,3.65
09/05/2024,184000,2047985000,11.1(-0.45 %),188000,2092345000,4000,44360000,1061759740,3.66
10/05/2024,-14800,-162345000,10.95(-1.35 %),25400,281865000,40200,444210000,1061865280,3.66
13/05/2024,-45400,-496870000,11(0.46 %),96100,1058500000,141500,1555370000,1061773180,3.66
14/05/2024,9900,107765000,10.95(-0.45 %),98700,1081005000,88800,973240000,1060335077,3.72
15/05/2024,-1527200,-16745365000,11(0.46 %),24800,272760000,1552000,17018125000,1061862277,3.66
16/05/2024,146100,1625980000,11.15(1.36 %),207500,2308145000,61400,682165000,1061716177,3.66
17/05/2024,-16300,-183540000,11.25(0.90 %),39900,448230000,56200,631770000,1063224830,3.6
20/05/2024,342300,3897415000,11.35(0.89 %),561900,6384375000,219600,2486960000,1062724350,3.62
21/05/2024,-91500,-1028425000,11.3(-0.44 %),303700,3429280000,395200,4457705000,1062460800,3.63
22/05/2024,-288800,-3278055000,11.35(0.44 %),72800,826970000,361600,4105025000,1062575620,3.63
23/05/2024,20700,221455000,11.55(1.76 %),605600,6973495000,584900,6752040000,1062365250,3.64
24/05/2024,-265800,-2995430000,11.35(-1.73 %),243000,2809380000,508800,5804810000,1062161677,3.64
27/05/2024,2052800,24603715000,12.1(6.61 %),2232100,26750480000,179300,2146765000,1060938620,3.7
28/05/2024,1989200,24688070000,12.45(2.89 %),2234900,27739530000,245700,3051460000,1059220030,3.77
29/05/2024,3341500,41900325000,12.55(0.80 %),3704900,46469505000,363400,4569180000,1055676350,3.92
30/05/2024,1458500,18372445000,12.8(1.99 %),2758700,34897170000,1300200,16524725000,1053163390,4.03
31/05/2024,48500,614190000,12.6(-1.56 %),857300,10885495000,808800,10271305000,1052669500,4.05
03/06/2024,2158700,28238670000,13.45(6.75 %),3123300,40973890000,964600,12735220000,1052669474,4.05
04/06/2024,3122900,43390385000,14(4.09 %),5573800,76927395000,2450900,33537010000,1049546574,4.18
05/06/2024,38900,457725000,13.75(-1.79 %),693300,9690590000,654400,9232865000,1049507674,4.19
06/06/2024,145990,1983170000,13.55(-1.45 %),558300,7701260000,412310,5718090000,1048245223,4.24
07/06/2024,2234100,31094820800,13.95(2.95 %),2342100,32598445000,108000,1503624200,1046541523,4.31
10/06/2024,-3608219,-49713832200,13.65(-2.15 %),232881,3215682800,3841100,52929515000,1050149742,4.16
11/06/2024,2158300,30097520000,14.15(3.66 %),2940600,41101245000,782300,11003725000,1048245223,4.24
12/06/2024,-1627809,-22817761450,14(-1.06 %),128191,1792383550,1756000,24610145000,1047585261,4.27
13/06/2024,0,0,14.15(1.07 %),0,0,0,0,1047829861,4.26
14/06/2024,-662700,-9311690000,13.75(-2.83 %),1089300,15308920000,1752000,24620610000,1048496561,4.23
17/06/2024,1072767,14833665450,13.95(1.45 %),1349967,18696610450,277200,3862945000,1048025794,4.25
18/06/2024,2326100,34526860000,14.9(6.81 %),3397600,50270535000,1071500,15743675000,1046380194,4.32
19/06/2024,-896190,-13546423000,14.95(0.34 %),319000,4841240000,1215190,18387663000,1046328394,4.32
20/06/2024,-566200,-8604700000,15.1(1.00 %),284100,4283110000,850300,12887810000,1047115794,4.29
21/06/2024,-3500500,-52024080000,14.7(-2.65 %),12900,193425000,3513400,52217505000,1048348084,4.23
24/06/2024,3760514,55453193000,15(2.04 %),4006414,59139353000,245900,3686160000,1045191970,4.37
25/06/2024,-258708,-3849693800,15(0.00 %),54700,813320000,313408,4663013800,1048683670,4.22
26/06/2024,-252989,-3862571700,15.3(2.00 %),319600,4846715000,572589,8709286700,1048641470,4.22
27/06/2024,-3931400,-58999310000,14.75(-3.59 %),120200,1790395000,4051600,60789705000,1048838678,4.21
28/06/2024,1879448,27794900400,14.9(1.02 %),2032900,30062420000,153452,2267519600,1047386367,4.28
04/07/2024,-2012700,-30025760000,14.75(-2.32 %),179200,2663775000,2191900,32689535000,1050968259,0.0
05/07/2024,-626300,-9244155000,14.6(-1.02 %),359600,5275490000,985900,14519645000,1051594559,0.0
08/07/2024,540500,8066690000,15.05(3.08 %),1113400,16611410000,572900,8544720000,1051054059,0.0
09/07/2024,-468700,-7316115000,15.3(1.66 %),520800,8125060000,989500,15441175000,1051522759,0.0
10/07/2024,-285700,-4345865000,15.05(-1.63 %),150400,2270215000,436100,6616080000,1051808459,0.0
11/07/2024,-5400,-81825000,15.1(0.33 %),166600,2535195000,172000,2617020000,1051813859,0.0
12/07/2024,-726700,-10942985000,15.2(0.66 %),146800,2228505000,873500,13171490000,1052540559,0.0
15/07/2024,-182400,-2772365000,15.2(0.00 %),183800,2785555000,366200,5557920000,1052722959,0.0
16/07/2024,411600,6207645000,14.9(-1.97 %),671100,10211405000,259500,4003760000,1052311359,0.0
17/07/2024,387600,5631885000,13.9(-6.71 %),710200,10422515000,322600,4790630000,1051923759,0.0
18/07/2024,3038200,42468260000,14.2(2.16 %),3373300,47134125000,335100,4665865000,1048885559,0.0
19/07/2024,-11500,-128395000,13.3(-6.34 %),389600,5381695000,401100,5510090000,1048897059,0.0
22/07/2024,2480800,33132165000,13.45(1.13 %),2816200,37657825000,335400,4525660000,1046416259,0.0
23/07/2024,-721400,-9873015000,12.85(-4.46 %),736200,9579365000,1457600,19452380000,1047137659,0.0
24/07/2024,2720400,35469200000,13.2(2.72 %),2852400,37195755000,132000,1726555000,1044417259,0.0
25/07/2024,-1383600,-17913240000,12.9(-2.27 %),685800,8843480000,2069400,26756720000,1045800859,0.0
26/07/2024,118100,1658500000,13.55(5.04 %),712000,9583670000,593900,7925170000,1045682759,0.0
29/07/2024,-888000,-11988265000,13.6(0.37 %),3400,45920000,891400,12034185000,1046570759,0.0
30/07/2024,-888000,-11988265000,13.4(-1.47 %),3400,45920000,891400,12034185000,1047458759,0.0
31/07/2024,-801900,-10829190000,13.45(0.37 %),32200,433010000,834100,11262200000,1048260659,0.0
01/08/2024,-382400,-5062565000,13.15(-2.23 %),484700,6362160000,867100,11424725000,1050097624,0.0
02/08/2024,2811300,37789360000,13.8(4.94 %),3119600,41872965000,308300,4083605000,1047286324,0.0
05/08/2024,-1139400,-15307440000,13.3(-3.62 %),43100,574770000,1182500,15882210000,1048425724,0.0
06/08/2024,149500,2083410000,13.75(3.38 %),602800,8173320000,453300,6089910000,1048276224,0.0
07/08/2024,-813600,-11042685000,13.75(0.00 %),41900,571375000,855500,11614060000,1049089824,0.0
08/08/2024,-618100,-8589085000,13.8(0.36 %),472400,6544090000,1090500,15133175000,1049707924,0.0
09/08/2024,1803500,25087845000,13.85(0.36 %),2432400,33774335000,628900,8686490000,1047904424,0.0
12/08/2024,-241800,-3329955000,13.6(-1.81 %),16100,221025000,257900,3550980000,1048146224,0.0
13/08/2024,-468700,-6299505000,13.4(-1.47 %),264600,3509540000,733300,9809045000,1048614924,0.0
14/08/2024,50500,675550000,13.35(-0.37 %),122800,1637230000,72300,961680000,1048564424,0.0
15/08/2024,-39300,-521705000,13.05(-2.25 %),165300,2168445000,204600,2690150000,1048603724,0.0
16/08/2024,463300,6208575000,13.45(3.07 %),685800,9200275000,222500,2991700000,1048140424,0.0
19/08/2024,226100,3085860000,13.5(0.37 %),278100,3792880000,52000,707020000,1047914324,0.0
20/08/2024,-568000,-7640540000,13.5(0.00 %),75800,1013020000,643800,8653560000,1048482324,0.0
21/08/2024,47800,584200000,13.75(1.85 %),728700,9946215000,680900,9362015000,1048434524,0.0
22/08/2024,-477500,-6526490000,13.6(-1.09 %),9200,125475000,486700,6651965000,1048912024,0.0
23/08/2024,-243500,-3316510000,13.55(-0.37 %),54500,740675000,298000,4057185000,1049155524,0.0
26/08/2024,-657400,-8878680000,13.4(-1.11 %),44400,601595000,701800,9480275000,1049812924,0.0
27/08/2024,620000,8296170000,13.45(0.37 %),998100,13350695000,378100,5054525000,1049192924,0.0
28/08/2024,747100,10120115000,13.65(1.49 %),1154800,15648305000,407700,5528190000,1048445824,0.0
29/08/2024,-98500,-1344600000,13.55(-0.73 %),445400,6096880000,543900,7441480000,1048544324,0.0
30/08/2024,140900,1918055000,13.45(-0.74 %),716700,9672915000,575800,7754860000,1048403424,0.0
04/09/2024,-740500,-9850400000,13.2(-1.86 %),34500,457250000,775000,10307650000,1051488549,0.0
05/09/2024,-728200,-9511925000,13.05(-1.14 %),108700,1424115000,836900,10936040000,1052216749,0.0
06/09/2024,-404000,-5219710000,13.1(0.38 %),60200,779445000,464200,5999155000,1052620749,0.0
09/09/2024,-127300,-1659500000,13.05(-0.38 %),22100,288895000,149400,1948395000,1052748049,0.0
10/09/2024,-64900,-841840000,13(-0.38 %),185800,2428110000,250700,3269950000,1052812949,0.0
11/09/2024,-13800,-173085000,12.85(-1.15 %),162100,2091155000,175900,2264240000,1052826749,0.0
12/09/2024,-5700,-72825000,12.9(0.39 %),27300,354390000,33000,427215000,1052832449,0.0
13/09/2024,-82100,-1057965000,12.8(-0.78 %),17600,227010000,99700,1284975000,1052914549,0.0
16/09/2024,-121100,-1520570000,12.3(-3.91 %),456200,5654575000,577300,7175145000,1053035649,0.0
17/09/2024,-25700,-304540000,12.55(2.03 %),228500,2828965000,254200,3133505000,1053061349,0.0
18/09/2024,-896200,-11315240000,12.75(1.59 %),13700,171910000,909900,11487150000,1053957549,0.0
19/09/2024,-624000,-7873965000,12.55(-1.57 %),46900,592600000,670900,8466565000,1054581549,0.0
20/09/2024,217300,2706820000,12.55(0.00 %),741600,9310455000,524300,6603635000,1054364249,0.0
23/09/2024,-115200,-1445495000,12.5(-0.40 %),73100,919805000,188300,2365300000,1054479449,0.0
24/09/2024,49300,620830000,12.6(0.80 %),58800,740325000,9500,119495000,1054430149,0.0
25/09/2024,223000,2818535000,13.05(3.57 %),424200,5399635000,201200,2581100000,1054207149,0.0
26/09/2024,-1193300,-15566060000,13.05(0.00 %),64000,835295000,1257300,16401355000,1055400449,0.0
27/09/2024,-398700,-5214590000,13.05(0.00 %),42700,559340000,441400,5773930000,1055799149,0.0
30/09/2024,-811200,-10526360000,13.1(0.38 %),76100,992980000,887300,11519340000,1056610349,0.0
01/10/2024,61600,812795000,13.2(0.76 %),120800,1589205000,59200,776410000,1057154943,0.0
02/10/2024,-35600,-466960000,13.15(-0.38 %),100200,1315120000,135800,1782080000,1057190543,0.0
03/10/2024,700,9370000,12.8(-2.66 %),111000,1444610000,110300,1435240000,1057189843,0.0
04/10/2024,-318100,-4102130000,12.95(1.17 %),71400,918415000,389500,5020545000,1057507943,0.0
07/10/2024,-1256300,-16175070000,12.75(-1.54 %),141300,1827305000,1397600,18002375000,1058764243,0.0
08/10/2024,53700,686320000,12.8(0.39 %),83700,1070760000,30000,384440000,1058710543,0.0
09/10/2024,584000,7493800000,12.95(1.17 %),614000,7878600000,30000,384800000,1058126543,0.0
10/10/2024,25200,327440000,12.9(-0.39 %),55200,715615000,30000,388175000,1058101343,0.0
11/10/2024,-775100,-9869960000,12.6(-2.33 %),132600,1696910000,907700,11566870000,1058876443,0.0
14/10/2024,422700,5484760000,12.8(1.59 %),697600,9031890000,274900,3547130000,1058453743,0.0
15/10/2024,-355000,-4488555000,12.6(-1.56 %),60800,772190000,415800,5260745000,1058808743,0.0
16/10/2024,-99700,-1262890000,12.6(0.00 %),30300,382735000,130000,1645625000,1058908443,0.0
17/10/2024,-274200,-3435715000,12.55(-0.40 %),56700,711245000,330900,4146960000,1059182643,0.0
18/10/2024,-106500,-1336450000,12.5(-0.40 %),21600,272535000,128100,1608985000,1059289143,0.0
21/10/2024,-256600,-3191165000,12.45(-0.40 %),8000,99700000,264600,3290865000,1059545743,0.0
22/10/2024,-713900,-8761775000,12.2(-2.01 %),44900,553015000,758800,9314790000,1060259643,0.0
23/10/2024,-81200,-998535000,12.25(0.41 %),169400,2073665000,250600,3072200000,1060340843,0.0
24/10/2024,-64000,-777915000,12.1(-1.22 %),36000,440320000,100000,1218235000,1060404843,0.0
25/10/2024,-84300,-1008170000,11.9(-1.65 %),52200,634590000,136500,1642760000,1060489143,0.0
28/10/2024,225000,2678300000,11.95(0.42 %),260400,3101230000,35400,422930000,1060264143,0.0
29/10/2024,19300,223135000,12.05(0.84 %),159100,1911400000,139800,1688265000,1060244843,0.0
30/10/2024,-168400,-2027875000,12.05(0.00 %),3000,36150000,171400,2064025000,1060413243,0.0
31/10/2024,-51200,-608485000,11.95(-0.83 %),111500,1352525000,162700,1961010000,1060464443,0.0
01/11/2024,-797300,-9417775000,11.6(-2.93 %),32200,380330000,829500,9798105000,1061413866,0.0
04/11/2024,85700,1002840000,11.45(-1.29 %),217900,2519430000,132200,1516590000,1061328166,0.0
05/11/2024,182200,2105735000,11.55(0.87 %),230700,2664065000,48500,558330000,1061145966,0.0
06/11/2024,102500,1192035000,11.8(2.16 %),166900,1950510000,64400,758475000,1061043466,0.0
07/11/2024,-33400,-395245000,11.7(-0.85 %),18800,221995000,52200,617240000,1061076866,0.0
08/11/2024,223600,2631490000,11.7(0.00 %),485900,5703750000,262300,3072260000,1060853266,0.0
11/11/2024,125400,1457605000,11.7(0.00 %),150000,1744235000,24600,286630000,1060727866,0.0
12/11/2024,101100,1193655000,11.7(0.00 %),130100,1535135000,29000,341480000,1058763156,3.79
13/11/2024,-105400,-1225080000,11.7(0.00 %),57300,667945000,162700,1893025000,1060732166,0.0
14/11/2024,-1396500,-16155445000,11.5(-1.71 %),12300,143140000,1408800,16298585000,1062128666,0.0
15/11/2024,-1280000,-14514885000,11.25(-2.17 %),135400,1536085000,1415400,16050970000,1063408666,0.0
18/11/2024,304900,3450260000,11.3(0.44 %),461200,5211275000,156300,1761015000,1063103766,0.0
19/11/2024,-68200,-768390000,11.2(-0.88 %),100600,1137075000,168800,1905465000,1063171966,0.0
20/11/2024,230400,2616290000,11.35(1.34 %),387800,4395145000,157400,1778855000,1062941566,0.0
21/11/2024,-17300,-193485000,11.45(0.88 %),146800,1670320000,164100,1863805000,1062958866,0.0
22/11/2024,-81500,-929985000,11.4(-0.44 %),87600,994820000,169100,1924805000,1063040366,0.0
25/11/2024,1038400,12358470000,12.15(6.58 %),1175000,14007440000,136600,1648970000,1062767646,3.62
26/11/2024,1370000,16989435000,12.35(1.65 %),2100800,26064175000,730800,9074740000,1060818446,3.7
27/11/2024,1820900,22481495000,12.55(1.62 %),1913000,23638055000,92100,1156560000,1059026046,3.78
28/11/2024,-53100,-670815000,12.45(-0.80 %),76600,957825000,129700,1628640000,1059672245,3.75
29/11/2024,540100,6742845000,12.4(-0.40 %),573700,7161925000,33600,419080000,1059190643,3.77
02/12/2024,126300,1536265000,12.4(0.00 %),297800,3669585000,171500,2133320000,1059022543,3.78
03/12/2024,135900,1569430000,12.65(2.02 %),1005800,12561500000,869900,10992070000,1058050343,3.82
04/12/2024,-534600,-6709275000,12.3(-2.77 %),90300,1129195000,624900,7838470000,1058151466,3.82
05/12/2024,452700,5622465000,12.5(1.63 %),778900,9680645000,326200,4058180000,1058252466,3.81
09/12/2024,-60400,-747005000,12.5(0.40 %),155300,1932125000,215700,2679130000,1058841856,3.79
10/12/2024,-901500,-11545980000,12.65(1.20 %),845900,10808820000,1747400,22354800000,1058580756,3.8
16/12/2024,-137100,-1692870000,12.4(1.22 %),18000,221725000,155100,1914595000,1061055033,3.69
17/12/2024,-223500,-2759475000,12.35(-0.40 %),33700,417485000,257200,3176960000,1061138133,3.69
18/12/2024,1387100,17206495000,12.6(2.02 %),1423500,17662760000,36400,456265000,1059869733,3.74
19/12/2024,583600,7197840000,12.4(-1.59 %),896900,11079830000,313300,3881990000,1059230123,3.77
20/12/2024,-1910700,-23407170000,12.2(-1.61 %),643800,7938580000,2554500,31345750000,1058622723,3.8
24/12/2024,0,0,12.05(-0.41 %),0,0,0,0,1060375944,3.72
25/12/2024,214500,2594805000,12.15(0.83 %),299700,3636250000,85200,1041445000,1060243044,3.73
26/12/2024,549100,6680105000,12.15(0.00 %),600000,7299090000,50900,618985000,1059862353,3.74
27/12/2024,459600,5573480000,12(-1.23 %),581300,7037430000,121700,1463950000,1059350226,3.76
30/12/2024,679600,8211740000,12.15(1.25 %),704700,8513585000,25100,301845000,1058688426,3.79
31/12/2024,-93400,-1126020000,12(-1.23 %),4000,48440000,97400,1174460000,1058806126,3.79
02/01/2025,-110000,-1326335000,12(0.00 %),82400,988115000,192400,2314450000,1058748826,3.79
03/01/2025,-398200,-4737010000,11.8(-1.67 %),33000,392175000,431200,5129185000,1058813196,3.79
06/01/2025,-174700,-2080280000,11.55(-2.12 %),311900,3645560000,486600,5725840000,1058700896,3.79
07/01/2025,-271000,-3134715000,11.45(-0.87 %),43700,506080000,314700,3640795000,1058700896,3.79
08/01/2025,28900,344845000,11.65(1.75 %),316000,3655110000,287100,3310265000,1059242996,3.77
09/01/2025,-214600,-2503290000,11.7(0.43 %),14400,167680000,229000,2670970000,1059543296,3.76
10/01/2025,-551200,-6527965000,11.65(-0.43 %),59800,712275000,611000,7240240000,1059784996,3.75
13/01/2025,-432200,-5072395000,11.8(1.29 %),443100,5214380000,875300,10286775000,1059570902,3.76
14/01/2025,-494800,-5832005000,11.65(-1.27 %),52100,614065000,546900,6446070000,1060113802,3.73
15/01/2025,464800,5467205000,11.9(2.15 %),586900,6898840000,122100,1431635000,1060394202,3.72
16/01/2025,-113300,-1336125000,11.85(-0.42 %),76800,910080000,190100,2246205000,1060507502,0.0
17/01/2025,-567200,-6679340000,11.75(-0.84 %),33300,392170000,600500,7071510000,1060953102,3.7
20/01/2025,-666700,-7784135000,11.6(-1.28 %),92100,1076295000,758800,8860430000,1061051102,3.69
21/01/2025,-707800,-8163975000,11.4(-1.72 %),227200,2622015000,935000,10785990000,1061424402,3.68
22/01/2025,19100,220860000,11.3(-0.88 %),72700,831515000,53600,610655000,1062110502,3.65
23/01/2025,-216800,-2482800000,11.45(1.33 %),138900,1588765000,355700,4071565000,1062906602,3.61
24/01/2025,-403400,-4602485000,11.5(0.44 %),857600,9840095000,1261000,14442580000,1062102602,3.65
03/02/2025,151600,1754000000,0(0.00 %),196100,2268400000,44500,514400000,1062262202,3.64
04/02/2025,-143500,-1645610000,11.75(1.73 %),467200,5443140000,610700,7088750000,1063056002,3.61
05/02/2025,-322000,-3791040000,11.75(0.00 %),107100,1261650000,429100,5052690000,1062993402,3.61
06/02/2025,-33400,-393980000,11.8(0.43 %),18600,220620000,52000,614600000,1063935502,3.57
07/02/2025,39300,489530000,11.95(1.27 %),313500,3773150000,274200,3283620000,1064051102,3.56
10/02/2025,-83600,-993755000,11.8(-1.26 %),35900,426065000,119500,1419820000,1064067202,3.56
11/02/2025,378600,4498595000,11.95(1.27 %),516800,6142435000,138200,1643840000,1063824602,3.57
12/02/2025,-818400,-9746425000,11.9(-0.42 %),3600,42810000,822000,9789235000,1063940502,3.57
13/02/2025,-166700,-2031870000,12.15(2.10 %),175200,2119835000,341900,4151705000,1063903502,3.57
14/02/2025,262200,3196500000,12.15(0.00 %),427600,5211730000,165400,2015230000,1064297902,3.55
17/02/2025,730800,8972280000,12.25(0.82 %),794600,9749770000,63800,777490000,1063845202,3.57
18/02/2025,206900,2541220000,12.25(0.00 %),352000,4326290000,145100,1785070000,1063646602,3.58
19/02/2025,188900,2351930000,12.4(1.22 %),431400,5345945000,242500,2994015000,1063279002,3.6
20/02/2025,427000,5262530000,12.2(-1.61 %),647200,7972845000,220200,2710315000,1062776982,3.62
21/02/2025,1608600,19830595000,12.35(1.23 %),1737400,21417995000,128800,1587400000,1061282082,3.68
24/02/2025,229600,2824660000,12.35(0.00 %),442900,5454930000,213300,2630270000,1061059382,3.69
25/02/2025,192600,2396200000,12.25(-0.81 %),366700,4540430000,174100,2144230000,1060815482,3.7
26/02/2025,-276600,-3372505000,12.1(-1.22 %),93400,1135355000,370000,4507860000,1060935382,3.7
27/02/2025,-225100,-2695290000,12(-0.83 %),98300,1180570000,323400,3875860000,1061011183,3.69
28/02/2025,464800,5635345000,12.25(2.08 %),1180500,14381385000,715700,8746040000,1060200683,3.73
03/03/2025,-712300,-8826020000,12.3(0.41 %),83500,1031260000,795800,9857280000,1060440583,3.72
04/03/2025,-223100,-2716230000,12.15(-1.22 %),87800,1079540000,310900,3795770000,1061068483,3.69
05/03/2025,-336100,-4044505000,11.95(-1.65 %),44100,535370000,380200,4579875000,1061820183,3.66
06/03/2025,-56300,-679960000,12.1(1.26 %),446300,5355405000,502600,6035365000,1061684873,3.67
07/03/2025,-267900,-3235500000,12.1(0.00 %),101300,1220955000,369200,4456455000,1061963773,3.65
10/03/2025,-706000,-8564365000,12.05(-0.41 %),50100,608370000,756100,9172735000,1062416273,3.63
11/03/2025,-316300,-3785755000,12.05(0.00 %),7700,92515000,324000,3878270000,1062416273,3.63
12/03/2025,224600,2718150000,12.1(0.41 %),581100,7030360000,356500,4312210000,1062952773,3.61
13/03/2025,-307700,-3690685000,11.95(-1.24 %),70000,848135000,377700,4538820000,1063206773,3.6
14/03/2025,360800,4277445000,12(0.42 %),539900,6410960000,179100,2133515000,1063023303,3.61
17/03/2025,-82100,-989025000,12.1(0.83 %),29600,358160000,111700,1347185000,1063371403,3.59
18/03/2025,1707100,21240735000,12.9(6.61 %),2114200,26469750000,407100,5229015000,1061436551,3.68
19/03/2025,-466700,-6079480000,12.9(0.00 %),675300,8785835000,1142000,14865315000,1060872941,3.7
20/03/2025,1745600,22284910000,12.85(-0.39 %),1745700,22286210000,100,1300000,1059534258,3.76
21/03/2025,-1605800,-20211475000,12.45(-3.11 %),20900,265585000,1626700,20477060000,1060655358,3.71
24/03/2025,-1155400,-14444175000,12.75(2.41 %),247900,3140245000,1403300,17584420000,1060407558,3.72
25/03/2025,9100,8110000,13.05(2.35 %),1855800,23934745000,1846700,23926635000,1060177898,3.73
26/03/2025,278300,3577290000,13(-0.38 %),1026900,13316540000,748600,9739250000,1060554298,3.71
27/03/2025,27100,357765000,12.85(-1.15 %),203400,2634020000,176300,2276255000,1062197998,3.64
28/03/2025,-792600,-10304030000,12.8(-0.39 %),148800,1924480000,941400,12228510000,1062797498,3.62
31/03/2025,495400,6422015000,12.8(0.00 %),1050600,13541100000,555200,7119085000,1061922721,3.65
01/04/2025,184700,2369505000,12.95(1.17 %),549700,7098025000,365000,4728520000,1062314361,3.64
02/04/2025,-434800,-5676445000,12.8(-1.16 %),6100,79400000,440900,5755845000,1062863661,3.61
03/04/2025,127400,1354295000,11.95(-6.64 %),948000,11445185000,820600,10090890000,1062274661,3.64
04/04/2025,821400,9195290000,11.4(-4.60 %),1783300,20136490000,961900,10941200000,1060932861,3.7
08/04/2025,2012500,21497620000,10.65(-6.58 %),2168700,23181880000,156200,1684260000,1059585650,3.75
09/04/2025,-1006000,-9435270000,9.93(-6.76 %),1829200,19028702000,2835200,28463972000,1058718350,3.79
10/04/2025,-19300,-204580000,10.6(6.75 %),0,0,19300,204580000,1058863150,3.79
11/04/2025,-1602800,-17979145000,11.3(6.60 %),107600,1210560000,1710400,19189705000,1061590760,3.67
14/04/2025,794300,9211265000,11.75(3.98 %),1476700,17150855000,682400,7939590000,1060133360,3.73
15/04/2025,707900,8132100000,11.8(0.43 %),1030700,11931660000,322800,3799560000,1060813010,3.7
16/04/2025,857900,10085110000,11.9(0.85 %),1417500,16772320000,559600,6687210000,1060077910,3.73
17/04/2025,-530700,-6308740000,12(0.84 %),68100,807130000,598800,7115870000,1060332610,3.72
18/04/2025,-545900,-6578220000,12(0.00 %),95200,1147960000,641100,7726180000,1060797010,3.7
21/04/2025,-559700,-6813900000,12.1(0.83 %),153900,1885150000,713600,8699050000,1061241817,3.68
22/04/2025,-432000,-5570965000,11.85(-2.07 %),1874200,21673150000,2306200,27244115000,1060008717,3.74
23/04/2025,37000,444370000,11.95(0.84 %),55800,669000000,18800,224630000,1060672507,3.71
24/04/2025,905700,10819980000,12(0.42 %),976500,11668035000,70800,848055000,1062002243,3.65
25/04/2025,-498300,-5941890000,11.9(-0.83 %),37400,443700000,535700,6385590000,1061983632,3.65
28/04/2025,-799400,-9420330000,11.75(-1.26 %),589000,6944380000,1388400,16364710000,1061465432,3.67
29/04/2025,265700,3134785000,11.85(0.85 %),313400,3697890000,47700,563105000,1061687732,3.66
05/05/2025,1480000,17023940000,12.3(3.80 %),1480000,17881325000,0,857385000,1061667532,3.67
06/05/2025,-862300,-10617860000,12.2(-0.81 %),2400,29450000,864700,10647310000,1061715232,3.66
07/05/2025,3459700,43977460000,12.7(4.10 %),3641400,46304535000,181700,2327075000,1058255532,3.81
08/05/2025,786100,9959270000,12.8(0.79 %),2040300,26016935000,1254200,16057665000,1058331732,3.81
09/05/2025,590100,7485555000,12.75(-0.39 %),864900,11012230000,274800,3526675000,1057741632,3.83
12/05/2025,-209900,-2724330000,12.95(1.57 %),4100,53045000,214000,2777375000,1057741632,3.83
13/05/2025,-752000,-9701670000,12.8(-1.16 %),70400,906560000,822400,10608230000,1057741632,3.83
14/05/2025,-411200,-5291315000,12.9(0.78 %),441700,5724495000,852900,11015810000,1057951532,3.82
15/05/2025,78300,-14036985000,12.85(-0.39 %),78300,1003800000,0,15040785000,1058703532,3.79
16/05/2025,249100,-4964853000,12.9(0.39 %),249100,3223105000,0,8187958000,1059114732,3.77
19/05/2025,421700,-15537944000,12.9(0.00 %),421700,5506325000,0,21044269000,1060205932,3.73
20/05/2025,1900,-10354345000,13.05(1.16 %),1900,24740000,0,10379085000,1060581953,3.71
21/05/2025,506300,-13637750000,13.15(0.77 %),506300,6651290000,0,20289040000,1061767786,3.66
22/05/2025,1754200,-4004620000,13.6(3.42 %),1754200,23513970000,0,27518590000,1062558986,3.63
23/05/2025,-169200,-2264455000,13.35(-1.84 %),15100,205790000,184300,2470245000,1063603086,3.58
26/05/2025,1271100,12880820700,13.5(1.12 %),1271100,16815395000,0,3934574300,1062904357,3.61
27/05/2025,-1161300,-15821830000,13.5(0.00 %),781400,10567025000,1942700,26388855000,1063073557,3.61
28/05/2025,3500,-11378770000,13.5(0.00 %),3500,47175000,0,11425945000,1063073557,3.61
29/05/2025,430800,1380425000,13.3(-1.48 %),430800,5755995000,0,4375570000,1064131157,3.56
30/05/2025,473900,406257250,13.1(-1.50 %),473900,6285370000,0,5879112750,1064946724,3.53
02/06/2025,570300,3217515600,13.45(2.67 %),570300,7529160000,0,4311644400,1064700091,3.54
03/06/2025,852700,8316475000,13.45(0.00 %),852700,11466170000,0,3149695000,1064081491,3.56
04/06/2025,2973600,25959660000,13.55(0.74 %),2973600,40682545000,0,14722885000,1062176371,3.64
05/06/2025,93800,-7364406150,13.7(1.11 %),93800,1268035000,0,8632441150,1062176371,3.64
06/06/2025,112900,-11004920000,13.4(-2.19 %),112900,1546640000,0,12551560000,1062176371,3.64
09/06/2025,103004,-24693766800,13.1(-2.24 %),103004,1369898200,0,26063665000,1062721238,3.62
10/06/2025,110900,-3215313150,13.05(-0.38 %),110900,1458435000,0,4673748150,1063528838,3.59
11/06/2025,-901600,-11724860000,12.95(-0.77 %),16800,217705000,918400,11942565000,1065386134,3.51
12/06/2025,-692700,-9031590000,13.05(0.77 %),12500,163200000,705200,9194790000,1065630935,3.5
13/06/2025,-548500,-7060080000,12.8(-1.92 %),296900,3792005000,845400,10852085000,1066532535,3.46
16/06/2025,-227100,-2954975000,13.05(1.95 %),373800,4864450000,600900,7819425000,1067225235,3.43
17/06/2025,552000,7222905000,13.2(1.15 %),569400,7452075000,17400,229170000,1067221784,3.43
18/06/2025,-765400,-10039275000,13.1(-0.76 %),100,1315000,765500,10040590000,1067448884,3.42
19/06/2025,-1104800,-14296815000,13(-0.76 %),107100,1384385000,1211900,15681200000,1067448884,3.42
20/06/2025,968800,12626825000,13.05(0.38 %),982600,12805535000,13800,178710000,1067245484,3.43
23/06/2025,-713200,-9256305000,13.05(0.00 %),536700,7096495000,1249900,16352800000,1068350284,3.38
24/06/2025,331600,4341480000,13.1(0.38 %),369900,4844860000,38300,503380000,1068018684,3.39
25/06/2025,-702500,-9143360000,13(-0.76 %),33100,433435000,735600,9576795000,1068731884,3.36
26/06/2025,-238100,-3086565000,12.95(-0.38 %),2800,36180000,240900,3122745000,1068731884,3.36
27/06/2025,-946100,-12222040000,12.95(0.00 %),10400,134250000,956500,12356290000,1069434384,3.33
30/06/2025,63000,819875000,13(0.39 %),123500,1609205000,60500,789330000,1069609434,3.33
01/07/2025,-258300,-3339575000,13(0.00 %),24300,314875000,282600,3654450000,1070555534,3.29
02/07/2025,-528900,-6827700000,12.9(-0.77 %),7900,102275000,536800,6929975000,1070555534,3.29
03/07/2025,1339300,17743415000,13.25(2.71 %),2132600,28172435000,793300,10429020000,1069474534,3.33
04/07/2025,201500,2744020000,13.45(1.51 %),370700,5004335000,169200,2260315000,1069801884,3.32
07/07/2025,-58800,-796785000,13.45(0.00 %),17000,228740000,75800,1025525000,1069801884,3.32
08/07/2025,-471200,-6298345000,13.45(0.00 %),242300,3261845000,713500,9560190000,1069801884,3.32
09/07/2025,-1482000,-20292180000,13.55(0.74 %),1424300,19274120000,2906300,39566300000,1069860084,3.32
10/07/2025,-577100,-7804170000,13.5(-0.37 %),1202300,16270095000,1779400,24074265000,1069860084,3.32
11/07/2025,339300,4575990000,13.45(-0.37 %),1073600,14471195000,734300,9895205000,1071473984,3.25
14/07/2025,793800,10994185000,13.95(3.72 %),1704500,23690485000,910700,12696300000,1071257284,3.26
15/07/2025,-1253000,-17447270000,13.7(-1.79 %),151600,2092910000,1404600,19540180000,1071257284,3.26
16/07/2025,405800,5553175000,13.75(0.36 %),587900,8060165000,182100,2506990000,1070851484,3.27
17/07/2025,-1126300,-15641245000,13.75(0.00 %),4800,66430000,1131100,15707675000,1070851484,3.27
18/07/2025,-70000,-1075980000,14(1.82 %),1475800,20490005000,1545800,21565985000,1072101484,3.22
21/07/2025,-1011600,-14343195000,13.95(-0.36 %),282100,3988705000,1293700,18331900000,1073225384,3.17
22/07/2025,-244000,-3381485000,13.95(0.00 %),118500,1643305000,362500,5024790000,1073295384,3.17
23/07/2025,554500,7822700000,14(0.36 %),1455200,20479850000,900700,12657150000,1073752484,3.15
24/07/2025,-79900,-1132960000,14(0.00 %),527900,7358440000,607800,8491400000,1073996484,3.14
25/07/2025,1716700,24487870000,14.25(1.79 %),2339800,33427475000,623100,8939605000,1072279784,3.21
28/07/2025,973700,13822505000,14.8(3.86 %),2590300,37415265000,1616600,23592760000,1071385426,3.25
29/07/2025,2569100,38503115000,14.55(-1.69 %),3820000,57255275000,1250900,18752160000,1068814526,3.36
30/07/2025,-1739700,-25296720000,14.5(-0.34 %),546800,7919420000,2286500,33216140000,1068814526,3.36
31/07/2025,-1465500,-21346410000,14.4(-0.69 %),235300,3432605000,1700800,24779015000,1068814526,3.36
01/08/2025,-3340500,-47966960000,14.25(-1.04 %),122600,1768915000,3463100,49735875000,1070554290,3.29
04/08/2025,1429300,20941460000,14.75(3.51 %),1992800,29161560000,563500,8220100000,1070590510,3.28
05/08/2025,-249500,-3812435000,14.5(-1.69 %),2604600,38250895000,2854100,42063330000,1073931010,3.14
06/08/2025,162000,2346715000,14.75(1.72 %),897500,13176745000,735500,10830030000,1073768907,3.15
07/08/2025,-495900,-7326370000,14.9(1.02 %),161800,2385840000,657700,9712210000,1074016527,3.14
08/08/2025,-2302400,-34689005000,15.15(1.68 %),947200,14594520000,3249600,49283525000,1074016527,3.14
11/08/2025,-2220300,-33610345000,15.1(-0.33 %),400,6055000,2220700,33616400000,1074510027,3.12
12/08/2025,3415300,53713660000,16.15(6.95 %),3985300,62720910000,570000,9007250000,1073395937,3.17
13/08/2025,-515300,-8615095000,16.55(2.48 %),949200,15616630000,1464500,24231725000,1075616227,3.07
14/08/2025,564000,9140480000,16.4(-0.91 %),720900,11715455000,156900,2574975000,1075052264,3.09
15/08/2025,-504200,-8185820000,15.85(-3.35 %),1302400,20878155000,1806600,29063975000,1075567514,3.07
18/08/2025,746900,12104595000,16.35(3.15 %),1726900,28035765000,980000,15931170000,1074820664,3.1
19/08/2025,-1289500,-21140435000,16.2(-0.92 %),352200,5860395000,1641700,27000830000,1075324939,3.08
20/08/2025,-647600,-10718225000,15.95(-1.54 %),1163400,18151570000,1811000,28869795000,1075323139,3.08
21/08/2025,681400,11043020000,16.1(0.94 %),1527200,24702240000,845800,13659220000,1076012769,3.05
22/08/2025,4284800,69873975000,16.5(2.48 %),5765900,94178260000,1481100,24304285000,1076012769,3.05
25/08/2025,-2260900,-36881615000,15.9(-3.64 %),188400,3040460000,2449300,39922075000,1072375569,3.21
26/08/2025,-1400400,-22164330000,0(-100.00 %),178200,2834475000,1578600,24998805000,1072375569,3.21
