Ngay,KLGDRong,GTDGRong,ThayDoi,KLMua,GtMua,KLBan,GtBan,RoomConLai,DangSoHuu
21/03/2018,3600,76700000,0(0.00 %),3600,76700000,0,0,3749344,-3.44
22/03/2018,500,9750000,0(0.00 %),500,9750000,0,0,3748844,-3.43
23/03/2018,500,8500000,0(0.00 %),500,8500000,0,0,3748344,-3.43
26/03/2018,0,0,0(0.00 %),0,0,0,0,3748344,-3.43
27/03/2018,2000,33000000,16.6(0.61 %),2000,33000000,0,0,3746344,-3.4
28/03/2018,-1600,-26400000,16.5(-1.20 %),400,6580000,2000,32980000,3745944,-3.39
29/03/2018,-30700,-511220000,16.6(0.61 %),8000,136000000,38700,647220000,3737944,-3.28
30/03/2018,-9000,-147690000,16.3(-2.40 %),0,0,9000,147690000,3737944,-3.28
02/04/2018,-7500,-120000000,16(-2.44 %),0,0,7500,120000000,3739944,-3.31
03/04/2018,-1000,-15900000,15.7(-1.26 %),0,0,1000,15900000,3778644,-3.85
04/04/2018,2600,41620000,16.2(1.89 %),5000,80500000,2400,38880000,3782644,-3.91
05/04/2018,0,0,15.8(-1.86 %),0,0,0,0,3790144,-4.01
06/04/2018,-2600,-42640000,16.4(1.86 %),0,0,2600,42640000,3791144,-4.03
09/04/2018,0,0,16.3(0.00 %),0,0,0,0,3793544,-4.06
10/04/2018,0,0,16.3(0.00 %),0,0,0,0,3793544,-4.06
11/04/2018,0,0,16.4(0.00 %),0,0,0,0,3796144,-4.1
12/04/2018,0,0,16.4(0.00 %),0,0,0,0,3796144,-4.1
13/04/2018,0,0,16.3(-0.61 %),0,0,0,0,3796144,-4.1
16/04/2018,0,0,16.3(0.00 %),0,0,0,0,3796144,-4.1
17/04/2018,0,0,16(-1.23 %),0,0,0,0,3796144,-4.1
18/04/2018,0,0,15.7(-1.88 %),0,0,0,0,3796144,-4.1
19/04/2018,0,0,15.8(0.00 %),0,0,0,0,3796144,-4.1
20/04/2018,0,0,15(-5.06 %),0,0,0,0,3796144,-4.1
23/04/2018,0,0,15(0.00 %),0,0,0,0,3796144,-4.1
24/04/2018,500,7500000,15(0.00 %),500,7500000,0,0,3795644,-4.09
26/04/2018,0,0,16.8(12.00 %),2500000,37500000000,2500000,37500000000,3795644,-4.09
27/04/2018,-400,-5840000,14.6(-14.62 %),0,0,400,5840000,3795644,-4.09
02/05/2018,1000,14600000,14(-4.11 %),1000,14600000,0,0,3794644,-4.07
03/05/2018,0,0,12.5(-13.79 %),0,0,0,0,3794644,-4.07
04/05/2018,-600,-7610000,12.7(1.60 %),400,5080000,1000,12690000,3794644,-4.07
07/05/2018,-300,-3960000,12.9(-1.53 %),700,8820000,1000,12780000,3793944,-4.06
08/05/2018,0,0,13.5(4.65 %),0,0,0,0,3793944,-4.06
09/05/2018,0,0,14.1(0.00 %),0,0,0,0,3794944,-4.08
10/05/2018,-100,-1430000,14.3(0.70 %),0,0,100,1430000,3795944,-4.09
11/05/2018,-100,-1490000,14.9(3.47 %),0,0,100,1490000,3795944,-4.09
14/05/2018,0,0,14.9(0.00 %),0,0,0,0,3795944,-4.09
15/05/2018,0,0,13.2(-11.41 %),0,0,0,0,3796044,-4.09
16/05/2018,200,3000000,13.2(0.00 %),200,3000000,0,0,3795944,-4.09
17/05/2018,0,0,14.5(7.41 %),5000,72500000,5000,72500000,3790944,-4.02
18/05/2018,0,0,13.5(-6.90 %),0,0,0,0,3790944,-4.02
21/05/2018,0,0,14(2.19 %),0,0,0,0,3790944,-4.02
22/05/2018,0,0,14.1(0.00 %),0,0,0,0,3795944,-4.09
23/05/2018,0,0,14.3(0.70 %),0,0,0,0,3795944,-4.09
24/05/2018,0,0,14.3(0.00 %),0,0,0,0,3795944,-4.09
25/05/2018,0,0,14.3(0.00 %),0,0,0,0,3795944,-4.09
29/05/2018,0,0,14.2(-1.39 %),0,0,0,0,3795944,-4.09
31/05/2018,0,0,14(-1.41 %),0,0,0,0,3795944,-4.09
01/06/2018,500,6800000,13(-6.47 %),1000,13800000,500,7000000,3794944,-4.08
04/06/2018,0,0,13.4(0.75 %),0,0,0,0,3795544,-4.09
05/06/2018,0,0,13.3(-0.75 %),0,0,0,0,3795544,-4.09
06/06/2018,-200,-2800000,13(-2.26 %),0,0,200,2800000,3796044,-4.09
07/06/2018,-200,-2700000,13.5(2.27 %),1000,13500000,1200,16200000,3795044,-4.08
08/06/2018,-200,-2700000,13.5(0.00 %),0,0,200,2700000,3795044,-4.08
11/06/2018,-300,-4050000,13.6(0.74 %),0,0,300,4050000,3795244,-4.08
12/06/2018,0,0,13.6(0.00 %),0,0,0,0,3796444,-4.1
13/06/2018,0,0,11.6(-14.71 %),0,0,0,0,3796644,-4.1
14/06/2018,0,0,13.2(13.79 %),0,0,0,0,3796944,-4.11
15/06/2018,0,0,13.5(2.27 %),0,0,0,0,3796944,-4.11
18/06/2018,0,0,13.5(-0.74 %),0,0,0,0,3796944,-4.11
19/06/2018,0,0,13.4(-0.74 %),0,0,0,0,3796944,-4.11
20/06/2018,0,0,13.9(2.96 %),0,0,0,0,3796944,-4.11
21/06/2018,0,0,13.2(0.00 %),0,0,0,0,3796944,-4.11
22/06/2018,0,0,13.3(0.00 %),0,0,0,0,3796944,-4.11
25/06/2018,1000,12600000,13.2(-0.75 %),1200,15120000,200,2520000,3795744,-4.09
26/06/2018,0,0,13(2.36 %),0,0,0,0,3795744,-4.09
27/06/2018,0,0,13.1(0.00 %),0,0,0,0,3795744,-4.09
28/06/2018,0,0,13.1(0.00 %),0,0,0,0,3795944,-4.09
29/06/2018,0,0,13.2(0.00 %),0,0,0,0,3795944,-4.09
02/07/2018,0,0,11.3(-14.39 %),0,0,0,0,3795944,-4.09
03/07/2018,0,0,12.9(14.16 %),0,0,0,0,3795944,-4.09
04/07/2018,0,0,12.4(-3.88 %),0,0,0,0,3795944,-4.09
05/07/2018,0,0,13.1(13.91 %),0,0,0,0,3795944,-4.09
06/07/2018,0,0,13.1(0.00 %),0,0,0,0,3795944,-4.09
09/07/2018,0,0,12.8(-2.29 %),0,0,0,0,3795944,-4.09
10/07/2018,0,0,13(0.00 %),0,0,0,0,3795944,-4.09
11/07/2018,0,0,12(-7.69 %),0,0,0,0,3795944,-4.09
12/07/2018,0,0,12(0.00 %),0,0,0,0,3795944,-4.09
13/07/2018,0,0,13(8.33 %),0,0,0,0,3795944,-4.09
16/07/2018,0,0,13(0.00 %),0,0,0,0,3795944,-4.09
17/07/2018,0,0,11.7(0.00 %),0,0,0,0,3795944,-4.09
18/07/2018,0,0,11.7(0.00 %),0,0,0,0,3795944,-4.09
19/07/2018,0,0,11.9(1.71 %),0,0,0,0,3795944,-4.09
20/07/2018,0,0,12.7(0.00 %),0,0,0,0,3795944,-4.09
23/07/2018,0,0,12.7(0.00 %),0,0,0,0,3795944,-4.09
24/07/2018,-100,-1400000,12.8(0.79 %),0,0,100,1400000,3795944,-4.09
25/07/2018,0,0,13.1(0.00 %),0,0,0,0,3795944,-4.09
26/07/2018,0,0,13.1(0.00 %),0,0,0,0,3795944,-4.09
27/07/2018,0,0,13.1(0.00 %),0,0,0,0,3796044,-4.09
30/07/2018,0,0,13.2(0.76 %),0,0,0,0,3796044,-4.09
31/07/2018,0,0,11.5(-13.53 %),0,0,0,0,3796044,0.0
01/08/2018,0,0,12.1(0.00 %),0,0,0,0,3796044,-4.09
02/08/2018,0,0,13.1(8.26 %),0,0,0,0,3796044,-4.09
03/08/2018,0,0,13.4(0.75 %),0,0,0,0,3796044,-4.09
06/08/2018,0,0,13.2(0.76 %),0,0,0,0,3796044,-4.09
07/08/2018,-4200,-58800000,13.8(3.76 %),0,0,4200,58800000,3796044,-4.09
08/08/2018,0,0,13.8(-0.72 %),0,0,0,0,3796044,-4.09
09/08/2018,0,0,13.6(-1.45 %),0,0,0,0,3796044,-4.09
10/08/2018,0,0,13.8(1.47 %),0,0,0,0,3800244,-4.15
13/08/2018,0,0,13.8(0.00 %),0,0,0,0,3800244,-4.15
14/08/2018,-7400,-103600000,14.5(5.07 %),0,0,7400,103600000,3800244,-4.15
15/08/2018,0,0,13.5(-4.26 %),0,0,0,0,3800244,0.0
16/08/2018,0,0,13.1(0.00 %),0,0,0,0,3800244,-4.15
17/08/2018,0,0,13.1(0.00 %),0,0,0,0,3800244,0.0
20/08/2018,0,0,13.1(0.00 %),0,0,0,0,3807644,-4.26
21/08/2018,0,0,12(-8.40 %),0,0,0,0,3807644,-4.26
22/08/2018,0,0,13(8.33 %),0,0,0,0,3807644,-4.26
23/08/2018,0,0,13.1(0.77 %),0,0,0,0,3807644,-4.26
24/08/2018,0,0,13.2(0.00 %),0,0,0,0,3807644,-4.26
27/08/2018,0,0,13.2(0.00 %),0,0,0,0,3807644,-4.26
28/08/2018,0,0,13(-1.52 %),0,0,0,0,3807644,-4.26
29/08/2018,0,0,13(0.00 %),0,0,0,0,3807644,-4.26
30/08/2018,0,0,13(-1.52 %),0,0,0,0,3807644,-4.26
31/08/2018,0,0,12.7(-3.05 %),0,0,0,0,3807644,-4.26
04/09/2018,0,0,12.7(-0.78 %),0,0,0,0,3807644,-4.26
05/09/2018,0,0,12.8(0.00 %),0,0,0,0,3807644,-4.26
07/09/2018,0,0,12.5(12.61 %),0,0,0,0,3807644,-4.26
10/09/2018,0,0,12.8(1.59 %),0,0,0,0,3807644,-4.26
12/09/2018,0,0,13.1(1.55 %),0,0,0,0,3807344,-4.25
13/09/2018,-10000,-140000000,14(7.69 %),0,0,10000,140000000,0,0.0
14/09/2018,0,0,13.8(0.73 %),0,0,0,0,3807344,-4.25
17/09/2018,0,0,13.8(0.00 %),0,0,0,0,3807344,-4.25
18/09/2018,0,0,13.8(0.00 %),0,0,0,0,3817344,-4.39
19/09/2018,0,0,13.8(0.00 %),0,0,0,0,3817344,0.0
20/09/2018,0,0,13.8(0.00 %),0,0,0,0,3817344,0.0
21/09/2018,0,0,12.8(-7.25 %),0,0,0,0,3817344,0.0
24/09/2018,0,0,13.8(7.81 %),0,0,0,0,3817344,-4.39
25/09/2018,0,0,13.8(0.00 %),0,0,0,0,3817344,-4.39
26/09/2018,0,0,13.6(0.00 %),0,0,0,0,3817344,-4.39
27/09/2018,0,0,13.8(1.47 %),0,0,0,0,3817344,-4.39
28/09/2018,0,0,13.7(0.00 %),0,0,0,0,3817344,0.0
01/10/2018,-200,-2740000,13.7(0.00 %),0,0,200,2740000,3817344,-4.39
02/10/2018,0,0,13.7(0.00 %),0,0,0,0,3817344,0.0
03/10/2018,0,0,13.6(-0.73 %),0,0,0,0,3817344,-4.39
04/10/2018,0,0,13(-4.41 %),0,0,0,0,3817544,-4.39
05/10/2018,0,0,12.7(-2.31 %),0,0,0,0,3817544,-4.39
08/10/2018,0,0,12.7(0.00 %),0,0,0,0,3817544,-4.39
09/10/2018,0,0,12.8(0.00 %),0,0,0,0,3817544,-4.39
10/10/2018,0,0,12.8(0.00 %),0,0,0,0,3817544,-4.39
11/10/2018,0,0,12.3(-3.91 %),0,0,0,0,3817544,0.0
12/10/2018,0,0,12.3(1.65 %),0,0,0,0,3817544,-4.39
15/10/2018,0,0,12.2(0.00 %),0,0,0,0,3817544,-4.39
16/10/2018,0,0,12.2(0.00 %),0,0,0,0,3817544,-4.39
17/10/2018,0,0,12.1(-0.82 %),0,0,0,0,3817544,-4.39
18/10/2018,0,0,12.3(1.65 %),0,0,0,0,3817544,-4.39
19/10/2018,0,0,12.3(0.82 %),0,0,0,0,3817544,-4.39
22/10/2018,0,0,12.2(0.00 %),0,0,0,0,3817544,-4.39
23/10/2018,0,0,11.6(-4.92 %),0,0,0,0,3817544,-4.39
24/10/2018,0,0,11.2(-7.44 %),0,0,0,0,3817544,-4.39
25/10/2018,100,1200000,11.2(0.00 %),100,1200000,0,0,3817444,-4.39
26/10/2018,0,0,11.4(0.00 %),0,0,0,0,3817444,-4.39
29/10/2018,0,0,12(5.26 %),0,0,0,0,3817444,-4.39
30/10/2018,0,0,12(0.00 %),0,0,0,0,3817444,-4.39
31/10/2018,0,0,12.2(1.67 %),0,0,0,0,3817444,0.0
01/11/2018,0,0,12(-1.64 %),0,0,0,0,3817444,-4.39
02/11/2018,0,0,12.2(0.83 %),0,0,0,0,3817444,-4.39
05/11/2018,0,0,11.4(0.00 %),0,0,0,0,3817444,-4.39
06/11/2018,0,0,10.3(-9.65 %),0,0,0,0,3817444,-4.39
07/11/2018,0,0,11.7(13.59 %),0,0,0,0,3817444,-4.39
08/11/2018,0,0,12.7(9.48 %),0,0,0,0,3817444,-4.39
09/11/2018,0,0,12.7(0.00 %),0,0,0,0,3817444,-4.39
12/11/2018,0,0,10.8(-14.96 %),0,0,0,0,3817444,-4.39
13/11/2018,0,0,11.2(0.00 %),0,0,0,0,3817444,-4.39
14/11/2018,0,0,12(7.14 %),0,0,0,0,3817444,-4.39
15/11/2018,0,0,12.7(5.83 %),0,0,0,0,3817444,-4.39
16/11/2018,0,0,11.9(-4.80 %),0,0,0,0,3817444,-4.39
19/11/2018,0,0,12.2(1.67 %),0,0,0,0,3817444,-4.39
20/11/2018,0,0,12.2(0.00 %),0,0,0,0,3817444,-4.39
21/11/2018,-2100,-25520000,12.2(0.00 %),0,0,2100,25520000,3817444,-4.39
22/11/2018,0,0,12.1(0.00 %),0,0,0,0,3817444,-4.39
23/11/2018,-1000,-12000000,11.9(-1.65 %),0,0,1000,12000000,3817444,-4.39
26/11/2018,-2800,-32200000,11.5(-4.17 %),0,0,2800,32200000,3819544,-4.42
27/11/2018,0,0,12.5(8.70 %),0,0,0,0,3819544,-4.42
28/11/2018,0,0,12.2(7.96 %),0,0,0,0,3820544,-4.44
29/11/2018,0,0,11.3(-7.38 %),0,0,0,0,3820544,0.0
30/11/2018,3000,33000000,11.3(0.00 %),3000,33000000,0,0,3817544,0.0
03/12/2018,0,0,11.4(0.00 %),0,0,0,0,3820344,-4.43
04/12/2018,0,0,11.7(2.63 %),0,0,0,0,3820344,-4.43
05/12/2018,0,0,11.8(0.85 %),0,0,0,0,3820344,-4.43
06/12/2018,0,0,11.8(0.00 %),0,0,0,0,3820344,-4.43
07/12/2018,0,0,11.8(0.00 %),0,0,0,0,3820344,-4.43
10/12/2018,0,0,11.8(0.00 %),0,0,0,0,3820344,-4.43
11/12/2018,0,0,11.8(0.00 %),0,0,0,0,3820344,-4.43
12/12/2018,0,0,12(1.69 %),0,0,0,0,3820344,-4.43
13/12/2018,0,0,12(0.00 %),0,0,0,0,3820344,-4.43
14/12/2018,0,0,11.2(-6.67 %),0,0,0,0,3820344,-4.43
17/12/2018,0,0,11.2(0.00 %),0,0,0,0,3820344,-4.43
18/12/2018,0,0,11.2(0.00 %),0,0,0,0,3820344,-4.43
19/12/2018,0,0,11.2(0.00 %),0,0,0,0,3820344,-4.43
20/12/2018,0,0,12.5(11.61 %),0,0,0,0,3820344,-4.43
21/12/2018,0,0,12.5(0.00 %),0,0,0,0,3820344,-4.43
24/12/2018,0,0,12.5(0.00 %),0,0,0,0,3820344,-4.43
25/12/2018,0,0,12.5(0.00 %),0,0,0,0,3820344,-4.43
26/12/2018,0,0,12.5(0.00 %),0,0,0,0,3820344,-4.43
27/12/2018,0,0,10.7(-14.40 %),0,0,0,0,3820344,-4.43
28/12/2018,0,0,10.7(0.00 %),0,0,0,0,3820344,-4.43
02/01/2019,0,0,10.7(0.00 %),0,0,0,0,3820344,-4.43
03/01/2019,-600,-6420000,10.7(0.00 %),0,0,600,6420000,3820944,0.0
04/01/2019,0,0,10.9(0.00 %),0,0,0,0,3820944,0.0
07/01/2019,-5600,-62210000,11(0.92 %),0,0,5600,62210000,3826544,0.0
08/01/2019,0,0,11.2(0.90 %),0,0,0,0,3826544,0.0
10/01/2019,0,0,11.5(-4.17 %),0,0,0,0,3826544,0.0
11/01/2019,0,0,12(4.35 %),0,0,0,0,3826544,0.0
14/01/2019,0,0,12.2(2.52 %),0,0,0,0,3826544,0.0
15/01/2019,0,0,12.2(0.00 %),0,0,0,0,3826544,0.0
16/01/2019,0,0,12.4(1.64 %),0,0,0,0,3826544,0.0
17/01/2019,0,0,12(-3.23 %),0,0,0,0,3826544,0.0
18/01/2019,0,0,12(0.00 %),0,0,0,0,3826544,0.0
21/01/2019,0,0,12(0.00 %),0,0,0,0,3826544,0.0
22/01/2019,0,0,11.5(-4.17 %),0,0,0,0,3826544,0.0
24/01/2019,0,0,11.6(0.00 %),0,0,0,0,3826544,0.0
25/01/2019,0,0,11.6(0.00 %),0,0,0,0,3826544,0.0
28/01/2019,0,0,12(3.45 %),0,0,0,0,3826544,0.0
29/01/2019,0,0,12.2(0.00 %),0,0,0,0,3826544,0.0
30/01/2019,0,0,12.4(1.64 %),0,0,0,0,3826544,0.0
31/01/2019,0,0,11(-11.29 %),0,0,0,0,3826544,0.0
01/02/2019,0,0,11.3(2.73 %),0,0,0,0,3826544,0.0
11/02/2019,0,0,11.3(0.00 %),0,0,0,0,3826544,0.0
12/02/2019,0,0,11.3(0.00 %),0,0,0,0,3826544,0.0
13/02/2019,-500,-5500000,12(6.19 %),0,0,500,5500000,3827044,0.0
14/02/2019,0,0,11.7(0.00 %),0,0,0,0,3827044,0.0
15/02/2019,0,0,11.7(0.00 %),0,0,0,0,3827044,0.0
18/02/2019,0,0,11.7(0.00 %),0,0,0,0,3827044,0.0
19/02/2019,0,0,11.7(0.00 %),0,0,0,0,3827044,0.0
20/02/2019,0,0,11.7(0.00 %),0,0,0,0,3827044,0.0
21/02/2019,0,0,12(2.56 %),0,0,0,0,3827044,0.0
22/02/2019,0,0,11.3(-5.83 %),0,0,0,0,3827044,0.0
25/02/2019,0,0,11.4(0.00 %),0,0,0,0,3827044,0.0
26/02/2019,-5000,-55000000,10.2(-8.11 %),0,0,5000,55000000,3832044,0.0
27/02/2019,0,0,11(0.00 %),0,0,0,0,3832044,0.0
28/02/2019,0,0,11(0.00 %),0,0,0,0,3832044,46.4
01/03/2019,0,0,11(0.00 %),0,0,0,0,3832044,0.0
04/03/2019,0,0,11(0.00 %),0,0,0,0,3832044,0.0
05/03/2019,0,0,11(0.00 %),0,0,0,0,3832044,0.0
06/03/2019,0,0,11(0.00 %),0,0,0,0,3832044,0.0
07/03/2019,0,0,11(0.00 %),0,0,0,0,3832044,0.0
08/03/2019,0,0,11(0.00 %),0,0,0,0,3832044,0.0
11/03/2019,0,0,11.5(4.55 %),0,0,0,0,3832044,0.0
12/03/2019,0,0,11.5(0.00 %),0,0,0,0,3832044,0.0
13/03/2019,0,0,11.6(0.87 %),0,0,0,0,3832044,0.0
14/03/2019,0,0,11.5(-0.86 %),0,0,0,0,3832044,0.0
15/03/2019,0,0,11.5(0.00 %),0,0,0,0,3832044,0.0
18/03/2019,-5500,-64850000,11.8(2.61 %),0,0,5500,64850000,3837544,0.0
19/03/2019,0,0,12(1.69 %),0,0,0,0,3837544,7232.95
20/03/2019,0,0,12.5(4.17 %),0,0,0,0,3837544,7232.95
21/03/2019,0,0,12(-4.00 %),0,0,0,0,3837544,7233.02
22/03/2019,0,0,12.5(0.00 %),0,0,0,0,3837544,7233.02
25/03/2019,0,0,12.9(3.20 %),0,0,0,0,3837544,7233.02
26/03/2019,0,0,12.9(0.00 %),0,0,0,0,3837544,7233.02
27/03/2019,0,0,12.9(0.00 %),0,0,0,0,3837544,7233.02
28/03/2019,0,0,12(-6.98 %),0,0,0,0,3837544,7233.02
29/03/2019,0,0,12(0.00 %),0,0,0,0,3837544,7233.02
01/04/2019,0,0,10.8(-10.00 %),0,0,0,0,520972992,0.0
02/04/2019,0,0,11(1.85 %),0,0,0,0,520972992,0.0
03/04/2019,0,0,11(0.00 %),0,0,0,0,520972992,0.0
04/04/2019,0,0,11.9(8.18 %),0,0,0,0,520972992,0.0
05/04/2019,0,0,11.9(0.00 %),0,0,0,0,520972992,0.0
08/04/2019,0,0,11.9(0.00 %),0,0,0,0,520972992,0.0
09/04/2019,0,0,11.2(-5.88 %),0,0,0,0,520972992,0.0
10/04/2019,0,0,11.9(5.31 %),0,0,0,0,520972992,0.0
11/04/2019,0,0,11.4(0.00 %),0,0,0,0,520972992,0.0
12/04/2019,0,0,11.4(0.00 %),0,0,0,0,520972992,0.0
16/04/2019,0,0,11.4(0.00 %),0,0,0,0,520972992,0.0
17/04/2019,0,0,11.7(2.63 %),0,0,0,0,520972992,0.0
18/04/2019,0,0,11.7(0.00 %),0,0,0,0,520972992,0.0
19/04/2019,0,0,11.7(0.00 %),0,0,0,0,520972992,0.0
22/04/2019,-1000,-10500000,10.5(-10.26 %),0,0,1000,10500000,520973992,0.0
23/04/2019,0,0,10.5(0.00 %),0,0,0,0,520973992,0.0
24/04/2019,0,0,11.5(9.52 %),0,0,0,0,520973992,0.0
25/04/2019,0,0,11.5(0.00 %),0,0,0,0,520973992,0.0
26/04/2019,0,0,11.5(0.00 %),0,0,0,0,520973992,0.0
02/05/2019,0,0,11.5(0.00 %),0,0,0,0,520973992,0.0
03/05/2019,0,0,10.6(-7.83 %),0,0,0,0,520973992,0.0
06/05/2019,0,0,10(-5.66 %),0,0,0,0,520973992,0.0
07/05/2019,0,0,11.5(15.00 %),0,0,0,0,520973992,0.0
08/05/2019,0,0,11.5(0.88 %),0,0,0,0,520973992,0.0
09/05/2019,0,0,11.5(0.00 %),0,0,0,0,520973992,0.0
10/05/2019,0,0,11.5(0.00 %),0,0,0,0,520973992,0.0
13/05/2019,0,0,10.2(-11.30 %),0,0,0,0,520973992,0.0
14/05/2019,0,0,11.3(10.78 %),0,0,0,0,520973992,0.0
15/05/2019,0,0,11.3(0.00 %),0,0,0,0,520973992,0.0
16/05/2019,0,0,11.2(-0.88 %),0,0,0,0,520973992,0.0
17/05/2019,0,0,11.2(0.00 %),0,0,0,0,520973992,0.0
20/05/2019,0,0,11.2(0.00 %),0,0,0,0,520973992,0.0
21/05/2019,0,0,11(-1.79 %),0,0,0,0,520973992,0.0
22/05/2019,0,0,11.6(4.50 %),0,0,0,0,520973992,0.0
23/05/2019,0,0,10.5(-7.08 %),0,0,0,0,520973992,0.0
24/05/2019,0,0,10.5(0.00 %),0,0,0,0,520973992,0.0
27/05/2019,0,0,10.5(0.00 %),0,0,0,0,520973992,0.0
28/05/2019,0,0,10.5(0.00 %),0,0,0,0,520973992,0.0
29/05/2019,0,0,11.4(8.57 %),0,0,0,0,520973992,0.0
30/05/2019,0,0,11(3.77 %),0,0,0,0,520973992,0.0
31/05/2019,0,0,11(0.00 %),0,0,0,0,520973992,0.0
03/06/2019,0,0,10.6(-3.64 %),0,0,0,0,520973992,0.0
04/06/2019,0,0,10.6(0.00 %),0,0,0,0,520973992,0.0
05/06/2019,0,0,10.6(0.00 %),0,0,0,0,520973992,0.0
06/06/2019,0,0,10.6(0.00 %),0,0,0,0,520973992,0.0
07/06/2019,0,0,10.6(0.00 %),0,0,0,0,520973992,0.0
10/06/2019,0,0,10.6(0.00 %),0,0,0,0,520973992,0.0
11/06/2019,0,0,11(3.77 %),0,0,0,0,520973992,0.0
12/06/2019,0,0,11(0.00 %),0,0,0,0,520973992,0.0
13/06/2019,0,0,11(0.00 %),0,0,0,0,520973992,0.0
14/06/2019,-12400,-130250000,10.5(-4.55 %),0,0,12400,130250000,520986392,0.0
17/06/2019,0,0,10.5(0.00 %),0,0,0,0,520986392,0.0
18/06/2019,0,0,12(14.29 %),0,0,0,0,520986392,0.0
19/06/2019,0,0,12(0.00 %),0,0,0,0,520986392,0.0
20/06/2019,0,0,12(0.00 %),0,0,0,0,520986392,0.0
21/06/2019,0,0,11(-8.33 %),0,0,0,0,520986392,0.0
24/06/2019,0,0,10.5(-4.55 %),0,0,0,0,520986392,0.0
25/06/2019,0,0,10.6(0.00 %),0,0,0,0,520986392,0.0
26/06/2019,0,0,10.1(-4.72 %),0,0,0,0,520986392,0.0
27/06/2019,0,0,10.3(1.98 %),0,0,0,0,520986392,0.0
28/06/2019,0,0,10.2(0.00 %),0,0,0,0,520986392,0.0
01/07/2019,0,0,10.3(0.98 %),0,0,0,0,520986392,0.0
02/07/2019,0,0,10.8(4.85 %),0,0,0,0,520986392,0.0
03/07/2019,0,0,10.2(-5.56 %),0,0,0,0,520986392,0.0
04/07/2019,0,0,10.2(0.00 %),0,0,0,0,520986392,0.0
05/07/2019,4000,43160000,10.8(3.85 %),4000,43160000,0,0,520982392,0.0
08/07/2019,0,0,10.1(-6.48 %),0,0,0,0,520982392,0.0
09/07/2019,0,0,10.1(0.00 %),0,0,0,0,520982392,0.0
10/07/2019,0,0,10.1(0.00 %),0,0,0,0,520982392,0.0
11/07/2019,0,0,10.1(0.00 %),0,0,0,0,520982392,0.0
12/07/2019,0,0,10.1(0.00 %),0,0,0,0,520982392,0.0
15/07/2019,0,0,10(-0.99 %),0,0,0,0,520982392,0.0
16/07/2019,0,0,10.1(0.00 %),0,0,0,0,520982392,0.0
17/07/2019,0,0,10.1(0.00 %),0,0,0,0,520982392,0.0
18/07/2019,0,0,10.1(0.00 %),0,0,0,0,520982392,0.0
19/07/2019,0,0,10.1(0.00 %),0,0,0,0,520982392,0.0
22/07/2019,0,0,10.1(0.00 %),0,0,0,0,520982392,0.0
23/07/2019,0,0,10.1(0.00 %),0,0,0,0,520982392,0.0
24/07/2019,-800,-8080000,10.1(0.00 %),0,0,800,8080000,520983192,0.0
25/07/2019,-3000,-30000000,10.1(0.00 %),0,0,3000,30000000,520986192,0.0
26/07/2019,0,0,10.1(0.00 %),0,0,0,0,520986192,0.0
29/07/2019,0,0,10.1(0.00 %),0,0,0,0,520986192,0.0
30/07/2019,0,0,10.1(0.00 %),0,0,0,0,520986192,0.0
31/07/2019,0,0,10.1(0.00 %),0,0,0,0,520986192,0.0
01/08/2019,0,0,10.1(0.00 %),0,0,0,0,520986192,0.0
02/08/2019,0,0,10(-0.99 %),0,0,0,0,520986192,0.0
05/08/2019,0,0,10(0.00 %),0,0,0,0,520986192,0.0
06/08/2019,0,0,10.2(2.00 %),0,0,0,0,520986192,0.0
07/08/2019,0,0,10(-3.85 %),0,0,0,0,520986192,0.0
08/08/2019,0,0,10.3(4.04 %),0,0,0,0,520986192,0.0
09/08/2019,0,0,10.5(1.94 %),0,0,0,0,520986192,0.0
12/08/2019,0,0,10.4(0.00 %),0,0,0,0,520986192,0.0
13/08/2019,0,0,10.4(0.00 %),0,0,0,0,520986192,0.0
14/08/2019,0,0,10.4(0.00 %),0,0,0,0,520986192,0.0
15/08/2019,0,0,10.4(0.00 %),0,0,0,0,520986192,0.0
16/08/2019,0,0,10.4(0.00 %),0,0,0,0,520986192,0.0
19/08/2019,0,0,10.5(0.96 %),0,0,0,0,520986192,0.0
20/08/2019,0,0,10.5(0.00 %),0,0,0,0,520986192,0.0
21/08/2019,0,0,10.4(-0.95 %),0,0,0,0,520986192,0.0
22/08/2019,0,0,10.4(-0.95 %),0,0,0,0,520986192,0.0
23/08/2019,0,0,10.4(0.00 %),0,0,0,0,520986192,0.0
26/08/2019,0,0,9.9(-4.81 %),0,0,0,0,520986192,0.0
27/08/2019,0,0,10(0.00 %),0,0,0,0,520986192,0.0
28/08/2019,0,0,10(0.00 %),0,0,0,0,520986192,0.0
29/08/2019,0,0,10(0.00 %),0,0,0,0,520986192,0.0
30/08/2019,0,0,10(0.00 %),0,0,0,0,520986192,0.0
03/09/2019,0,0,9.9(-1.00 %),0,0,0,0,520986192,0.0
04/09/2019,0,0,10(1.01 %),0,0,0,0,520986192,0.0
05/09/2019,0,0,10(0.00 %),0,0,0,0,520986192,0.0
06/09/2019,0,0,10(0.00 %),0,0,0,0,520986192,0.0
09/09/2019,0,0,10.3(3.00 %),0,0,0,0,520986192,0.0
10/09/2019,0,0,10.3(0.00 %),0,0,0,0,520986192,0.0
11/09/2019,0,0,10.3(0.00 %),0,0,0,0,520986192,0.0
12/09/2019,0,0,10.3(0.00 %),0,0,0,0,520986192,0.0
13/09/2019,0,0,10.3(0.00 %),0,0,0,0,520986192,0.0
16/09/2019,0,0,10(-2.91 %),0,0,0,0,520986192,0.0
17/09/2019,0,0,10(0.00 %),0,0,0,0,520986192,0.0
18/09/2019,0,0,10(0.00 %),0,0,0,0,520986192,0.0
19/09/2019,0,0,10.4(4.00 %),0,0,0,0,520986192,0.0
20/09/2019,0,0,10.4(0.00 %),0,0,0,0,520986192,0.0
23/09/2019,0,0,10.4(0.00 %),0,0,0,0,520986192,0.0
24/09/2019,0,0,10.4(0.00 %),0,0,0,0,520986192,0.0
25/09/2019,0,0,10.4(0.00 %),0,0,0,0,520986192,0.0
26/09/2019,0,0,10.4(0.00 %),0,0,0,0,520986192,0.0
27/09/2019,0,0,10.4(0.00 %),0,0,0,0,520986192,0.0
30/09/2019,0,0,10.4(0.00 %),0,0,0,0,520986192,0.0
01/10/2019,0,0,10.5(0.00 %),0,0,0,0,520986192,0.0
02/10/2019,0,0,10.5(0.00 %),0,0,0,0,520986192,0.0
03/10/2019,0,0,10.4(0.00 %),0,0,0,0,520986192,0.0
04/10/2019,0,0,10.4(0.00 %),0,0,0,0,520986192,0.0
07/10/2019,0,0,10.5(0.96 %),0,0,0,0,520986192,0.0
08/10/2019,0,0,10(-4.76 %),0,0,0,0,520986192,0.0
09/10/2019,0,0,10(0.00 %),0,0,0,0,520986192,0.0
10/10/2019,0,0,10(0.00 %),0,0,0,0,520986192,0.0
11/10/2019,0,0,10.5(5.00 %),0,0,0,0,520986192,0.0
14/10/2019,0,0,10(-5.66 %),0,0,0,0,520986192,0.0
15/10/2019,0,0,0(0.00 %),0,0,0,0,520986192,0.0
16/10/2019,0,0,10.3(1.98 %),0,0,0,0,520986192,0.0
17/10/2019,2500,25750000,10.3(0.00 %),2500,25750000,0,0,520983692,0.0
18/10/2019,0,0,10.3(0.00 %),0,0,0,0,520983692,0.0
21/10/2019,0,0,10(-2.91 %),0,0,0,0,520983692,0.0
22/10/2019,0,0,10(-0.99 %),0,0,0,0,520983692,0.0
23/10/2019,0,0,10(0.00 %),0,0,0,0,520983692,0.0
24/10/2019,0,0,10.1(0.00 %),6500,65000000,6500,65000000,520983692,0.0
25/10/2019,0,0,10(0.00 %),0,0,0,0,520983692,0.0
28/10/2019,0,0,10(0.00 %),0,0,0,0,520983692,0.0
29/10/2019,0,0,10(0.00 %),0,0,0,0,520983692,0.0
30/10/2019,0,0,10(0.00 %),0,0,0,0,520983692,0.0
31/10/2019,0,0,9.9(-1.00 %),0,0,0,0,520983692,0.0
01/11/2019,0,0,9.9(0.00 %),0,0,0,0,520983692,0.0
04/11/2019,0,0,9.9(0.00 %),0,0,0,0,520983692,0.0
05/11/2019,0,0,10.3(4.04 %),0,0,0,0,520983692,0.0
06/11/2019,0,0,10.3(0.00 %),0,0,0,0,520983692,0.0
07/11/2019,0,0,10.2(-0.97 %),0,0,0,0,520983692,0.0
08/11/2019,0,0,10.3(0.00 %),0,0,0,0,520983692,0.0
11/11/2019,0,0,10.1(-1.94 %),0,0,0,0,520983692,0.0
12/11/2019,0,0,10(-0.99 %),0,0,0,0,520983692,0.0
13/11/2019,0,0,10.2(2.00 %),0,0,0,0,520983692,0.0
14/11/2019,0,0,10.2(0.00 %),0,0,0,0,520983692,0.0
15/11/2019,0,0,10(-1.96 %),0,0,0,0,520983692,0.0
18/11/2019,-300,-3030000,10(-0.99 %),0,0,300,3030000,520983992,0.0
19/11/2019,-4800,-48000000,10(0.00 %),0,0,4800,48000000,520988792,0.0
20/11/2019,-3500,-35000000,10(0.00 %),3500,35000000,7000,70000000,520992292,0.0
21/11/2019,0,0,10.5(5.00 %),0,0,0,0,520992292,0.0
22/11/2019,0,0,10(0.00 %),0,0,0,0,520992292,0.0
25/11/2019,0,0,10.2(2.00 %),0,0,0,0,520992292,0.0
26/11/2019,0,0,10.2(0.00 %),0,0,0,0,520992292,0.0
27/11/2019,0,0,9.9(-2.94 %),0,0,0,0,520992292,0.0
28/11/2019,0,0,9.8(0.00 %),0,0,0,0,520992292,0.0
29/11/2019,0,0,10(2.04 %),0,0,0,0,520992292,0.0
02/12/2019,0,0,9.9(0.00 %),0,0,0,0,520992292,0.0
03/12/2019,0,0,10(0.00 %),0,0,0,0,520992292,0.0
04/12/2019,-15700,-151790000,9.7(-3.00 %),0,0,15700,151790000,521007992,0.0
05/12/2019,0,0,9.7(0.00 %),0,0,0,0,521007992,0.0
06/12/2019,0,0,9.7(0.00 %),0,0,0,0,521007992,0.0
09/12/2019,0,0,10(3.09 %),0,0,0,0,521007992,0.0
10/12/2019,0,0,10.2(2.00 %),0,0,0,0,521007992,0.0
11/12/2019,0,0,10.1(0.00 %),0,0,0,0,521007992,0.0
12/12/2019,0,0,10.1(0.00 %),0,0,0,0,521007992,0.0
13/12/2019,-18200,-177400000,10(-0.99 %),0,0,18200,177400000,521026192,0.0
16/12/2019,-1300,-12610000,9.7(0.00 %),0,0,1300,12610000,521027492,0.0
17/12/2019,-9000,-85500000,9.5(-2.06 %),0,0,9000,85500000,521036492,0.0
18/12/2019,-500,-4750000,9.5(0.00 %),0,0,500,4750000,521036992,0.0
19/12/2019,-1400,-13300000,9.6(0.00 %),0,0,1400,13300000,521038392,0.0
20/12/2019,0,0,10(0.00 %),0,0,0,0,521038392,0.0
23/12/2019,0,0,10(0.00 %),0,0,0,0,521038392,0.0
24/12/2019,0,0,10.3(3.00 %),0,0,0,0,521038392,0.0
25/12/2019,0,0,10(-2.91 %),0,0,0,0,521038392,0.0
26/12/2019,0,0,10(0.00 %),0,0,0,0,521038392,0.0
27/12/2019,-2600,-26000000,10(0.00 %),0,0,2600,26000000,521040992,0.0
30/12/2019,-300,-3000000,9.5(-5.00 %),0,0,300,3000000,521041292,0.0
31/12/2019,-100,-960000,9.6(-2.04 %),0,0,100,960000,521041392,0.0
02/01/2020,0,0,9.7(0.00 %),0,0,0,0,521040992,0.0
03/01/2020,-3900,-39000000,9.9(2.06 %),0,0,3900,39000000,521044892,0.0
06/01/2020,0,0,10(0.00 %),0,0,0,0,521044892,0.0
07/01/2020,-10200,-104200000,10(0.00 %),0,0,10200,104200000,521055092,0.0
08/01/2020,0,0,10.3(0.00 %),0,0,0,0,521055092,0.0
09/01/2020,0,0,10.3(0.00 %),0,0,0,0,521055092,0.0
10/01/2020,0,0,10.3(0.00 %),0,0,0,0,521055092,0.0
13/01/2020,0,0,10.3(0.00 %),0,0,0,0,521055092,0.0
14/01/2020,-3500,-36050000,9.9(-3.88 %),0,0,3500,36050000,521058592,0.0
15/01/2020,-100,-1030000,10.3(1.98 %),0,0,100,1030000,521058692,0.0
16/01/2020,0,0,10.3(0.00 %),0,0,0,0,521055492,0.3
17/01/2020,0,0,10.3(0.00 %),0,0,0,0,521058992,0.3
20/01/2020,0,0,10(-2.91 %),0,0,0,0,521059092,0.3
21/01/2020,0,0,11(10.00 %),0,0,0,0,521059092,0.3
22/01/2020,0,0,11(0.00 %),0,0,0,0,521059092,0.0
30/01/2020,-1800,-19800000,10.8(-1.82 %),0,0,1800,19800000,521060892,0.0
31/01/2020,0,0,9.8(-10.91 %),0,0,0,0,521060892,0.0
03/02/2020,0,0,10.2(0.00 %),0,0,0,0,521059092,0.0
04/02/2020,0,0,10.2(0.00 %),0,0,0,0,521059092,0.0
05/02/2020,0,0,10.4(0.00 %),0,0,0,0,521059092,0.0
06/02/2020,0,0,10.4(0.00 %),0,0,0,0,521059092,0.0
07/02/2020,0,0,10.5(0.96 %),0,0,0,0,521059092,0.0
10/02/2020,0,0,10.5(0.00 %),0,0,0,0,521059092,0.0
11/02/2020,0,0,10.5(0.00 %),0,0,0,0,521059092,0.0
12/02/2020,0,0,10(-0.99 %),0,0,0,0,521059092,0.0
13/02/2020,0,0,10.1(0.00 %),0,0,0,0,521059092,0.0
14/02/2020,0,0,10.1(0.00 %),0,0,0,0,521059092,0.0
17/02/2020,0,0,10.1(0.00 %),0,0,0,0,521059092,0.0
18/02/2020,0,0,10.1(0.00 %),0,0,0,0,521059092,0.0
19/02/2020,0,0,10.1(0.00 %),0,0,0,0,521059092,0.0
20/02/2020,0,0,10.5(3.96 %),0,0,0,0,521059092,0.0
21/02/2020,0,0,10.2(-2.86 %),0,0,0,0,521059092,0.0
24/02/2020,0,0,10.5(2.94 %),0,0,0,0,521059092,0.0
25/02/2020,0,0,10.5(0.00 %),0,0,0,0,521059092,0.0
26/02/2020,0,0,10.2(0.00 %),0,0,0,0,521059092,0.0
27/02/2020,0,0,10.5(5.00 %),0,0,0,0,521059092,0.0
28/02/2020,0,0,10.5(0.00 %),0,0,0,0,521059092,0.0
02/03/2020,0,0,10.5(0.00 %),0,0,0,0,521060892,0.0
03/03/2020,0,0,10.6(0.95 %),0,0,0,0,521060892,0.0
04/03/2020,0,0,10.5(-0.94 %),0,0,0,0,521060892,0.0
05/03/2020,0,0,10.3(-0.96 %),0,0,0,0,521060892,0.0
06/03/2020,0,0,10.3(0.00 %),0,0,0,0,521060892,0.0
09/03/2020,0,0,10.1(0.00 %),0,0,0,0,521060892,0.0
10/03/2020,-3900,-39800000,10.2(0.99 %),0,0,3900,39800000,521064792,0.0
11/03/2020,-2200,-22440000,10.2(0.00 %),0,0,2200,22440000,521066992,0.3
12/03/2020,0,0,10(-0.99 %),0,0,0,0,521060892,0.3
13/03/2020,-1000,-9800000,9.8(-2.00 %),0,0,1000,9800000,521061892,0.0
16/03/2020,0,0,11(13.40 %),0,0,0,0,521061892,0.0
17/03/2020,0,0,10.9(-0.91 %),0,0,0,0,521061892,0.0
18/03/2020,0,0,10.9(1.87 %),0,0,0,0,521061892,0.0
19/03/2020,0,0,10.9(0.00 %),0,0,0,0,521061892,0.0
20/03/2020,0,0,11(0.92 %),0,0,0,0,521061892,0.0
23/03/2020,0,0,11.1(0.91 %),0,0,0,0,521061892,0.0
24/03/2020,0,0,10.9(-1.80 %),0,0,0,0,521061892,0.0
25/03/2020,0,0,9.6(-11.93 %),0,0,0,0,521061892,0.0
26/03/2020,0,0,11(14.58 %),0,0,0,0,521061892,0.0
27/03/2020,0,0,10.9(0.00 %),0,0,0,0,521061892,0.0
30/03/2020,0,0,10.9(0.00 %),0,0,0,0,521061892,0.0
31/03/2020,0,0,9.5(-12.84 %),0,0,0,0,521061892,0.3
01/04/2020,0,0,9.6(0.00 %),0,0,0,0,521067992,0.0
03/04/2020,0,0,9.6(0.00 %),0,0,0,0,521067992,0.0
06/04/2020,0,0,9.6(0.00 %),0,0,0,0,521067992,0.0
07/04/2020,0,0,10.3(7.29 %),0,0,0,0,521067992,0.0
08/04/2020,-100,-1030000,10.3(0.00 %),0,0,100,1030000,521068092,0.0
09/04/2020,-9900,-100980000,10.2(-0.97 %),0,0,9900,100980000,521077992,0.0
10/04/2020,0,0,10.2(0.00 %),0,0,0,0,521077992,0.3
13/04/2020,0,0,10.2(0.00 %),0,0,0,0,521077992,0.0
14/04/2020,0,0,10.2(0.00 %),0,0,0,0,521077992,0.0
15/04/2020,0,0,10.6(3.92 %),0,0,0,0,521077992,0.0
16/04/2020,0,0,10.6(0.00 %),0,0,0,0,521077992,0.0
17/04/2020,0,0,10.6(0.00 %),0,0,0,0,521077992,0.0
20/04/2020,0,0,10.3(-2.83 %),0,0,0,0,521077992,0.0
21/04/2020,0,0,10.5(1.94 %),0,0,0,0,521077992,0.0
22/04/2020,0,0,11.1(5.71 %),0,0,0,0,521077992,0.0
23/04/2020,0,0,11.1(0.00 %),0,0,0,0,521077992,0.0
24/04/2020,0,0,10.2(-8.11 %),0,0,0,0,521077992,0.0
27/04/2020,0,0,10.2(0.00 %),0,0,0,0,521077992,0.0
28/04/2020,0,0,10.2(0.00 %),0,0,0,0,521077992,0.0
29/04/2020,0,0,10.2(0.00 %),0,0,0,0,521077992,0.0
04/05/2020,0,0,10.2(0.00 %),0,0,0,0,521077992,0.0
05/05/2020,0,0,11(7.84 %),0,0,0,0,521077992,0.0
07/05/2020,0,0,11.9(0.00 %),0,0,0,0,521077992,0.0
08/05/2020,0,0,11.9(0.00 %),0,0,0,0,521077992,0.0
11/05/2020,10,120000,11.9(0.00 %),10,120000,0,0,521077982,0.0
12/05/2020,0,0,11.7(-1.68 %),0,0,0,0,521077982,0.0
13/05/2020,0,0,11.6(0.00 %),0,0,0,0,521077982,0.0
14/05/2020,0,0,11.6(0.00 %),0,0,0,0,521077982,0.0
15/05/2020,0,0,11.9(2.59 %),0,0,0,0,521077982,0.0
18/05/2020,0,0,11.1(-6.72 %),0,0,0,0,521077982,0.0
19/05/2020,0,0,10.5(0.00 %),0,0,0,0,521077982,0.0
20/05/2020,0,0,10.7(1.90 %),0,0,0,0,521077982,0.0
21/05/2020,0,0,10.3(-2.83 %),0,0,0,0,521077982,0.0
22/05/2020,0,0,10.4(0.00 %),0,0,0,0,521077982,0.0
25/05/2020,-6900,-72450000,10.4(0.00 %),0,0,6900,72450000,521084882,0.0
26/05/2020,-1600,-16800000,10.5(0.00 %),0,0,1600,16800000,521086482,0.0
27/05/2020,0,0,11.9(13.33 %),0,0,0,0,521086482,0.0
28/05/2020,0,0,12(0.84 %),0,0,0,0,521086482,0.0
29/05/2020,0,0,12.3(2.50 %),0,0,0,0,521086482,0.3
01/06/2020,0,0,12.6(2.44 %),0,0,0,0,521086482,0.0
02/06/2020,0,0,10.9(0.00 %),0,0,0,0,521086482,0.0
03/06/2020,0,0,10.5(-3.67 %),0,0,0,0,521086482,0.0
04/06/2020,0,0,10.5(0.00 %),0,0,0,0,521086482,0.0
05/06/2020,0,0,10.5(0.00 %),0,0,0,0,521086482,0.0
08/06/2020,0,0,10.5(-0.94 %),0,0,0,0,521086482,0.0
09/06/2020,0,0,10.5(0.00 %),0,0,0,0,521086482,0.0
10/06/2020,0,0,10.5(0.00 %),0,0,0,0,521086482,0.0
11/06/2020,0,0,10.5(0.00 %),0,0,0,0,521086482,0.0
12/06/2020,0,0,10.5(0.00 %),0,0,0,0,521086482,0.0
15/06/2020,0,0,10.5(2.94 %),0,0,0,0,521086482,0.0
16/06/2020,0,0,10.5(0.96 %),0,0,0,0,521086482,0.0
17/06/2020,0,0,10.5(0.00 %),0,0,0,0,521086482,0.0
18/06/2020,0,0,10.5(0.00 %),0,0,0,0,521086482,0.0
19/06/2020,0,0,10.1(-3.81 %),0,0,0,0,521086482,0.0
22/06/2020,0,0,10.5(3.96 %),0,0,0,0,521086482,0.0
23/06/2020,0,0,10.5(0.00 %),0,0,0,0,521086482,0.0
24/06/2020,0,0,10.5(0.00 %),0,0,0,0,521086482,0.0
26/06/2020,0,0,10.5(0.00 %),0,0,0,0,521086482,0.0
29/06/2020,0,0,10.5(0.00 %),0,0,0,0,521086482,0.0
30/06/2020,0,0,10.5(0.00 %),0,0,0,0,521086482,0.0
01/07/2020,0,0,10.5(0.00 %),0,0,0,0,521086482,0.0
02/07/2020,0,0,10.1(-3.81 %),0,0,0,0,521086482,0.0
03/07/2020,0,0,10.1(0.00 %),0,0,0,0,521086482,0.0
06/07/2020,0,0,10.1(0.00 %),0,0,0,0,521086482,0.0
07/07/2020,0,0,10.1(0.00 %),0,0,0,0,521086482,0.0
08/07/2020,0,0,10.2(0.00 %),0,0,0,0,521086482,0.0
09/07/2020,0,0,10.9(6.86 %),0,0,0,0,521086482,0.0
10/07/2020,0,0,10.9(0.00 %),0,0,0,0,521086482,0.0
13/07/2020,0,0,10.9(0.00 %),0,0,0,0,521086482,0.0
14/07/2020,0,0,10.3(-5.50 %),0,0,0,0,521086482,0.0
15/07/2020,0,0,10.4(0.00 %),0,0,0,0,521086482,0.0
16/07/2020,0,0,10.1(-2.88 %),0,0,0,0,521086482,0.0
17/07/2020,0,0,10.2(0.99 %),0,0,0,0,521086482,0.0
20/07/2020,0,0,10.4(0.00 %),0,0,0,0,521086482,0.0
21/07/2020,0,0,10.4(0.00 %),0,0,0,0,521086482,0.0
22/07/2020,-2400,-23430000,9.2(-11.54 %),0,0,2400,23430000,521088882,0.0
23/07/2020,0,0,9.8(0.00 %),0,0,0,0,521088882,0.0
24/07/2020,0,0,10.6(8.16 %),0,0,0,0,521088882,0.0
27/07/2020,0,0,10.4(-2.80 %),0,0,0,0,521088882,0.0
28/07/2020,0,0,11.9(14.42 %),0,0,0,0,521088882,0.0
29/07/2020,0,0,10.2(-4.67 %),0,0,0,0,521088882,0.0
30/07/2020,500,5300000,10.6(3.92 %),500,5300000,0,0,521088382,0.0
31/07/2020,0,0,10.7(-2.73 %),0,0,0,0,521088382,0.0
03/08/2020,0,0,10.8(0.93 %),0,0,0,0,521088382,0.0
04/08/2020,0,0,10.5(-1.87 %),0,0,0,0,521088382,0.0
05/08/2020,0,0,10.8(2.86 %),0,0,0,0,521088382,0.0
06/08/2020,0,0,10.8(0.00 %),0,0,0,0,521088382,0.0
07/08/2020,0,0,10.5(-2.78 %),0,0,0,0,521088382,0.0
10/08/2020,0,0,10.7(1.90 %),0,0,0,0,521088382,0.0
11/08/2020,0,0,10.5(-0.94 %),0,0,0,0,521088382,0.0
12/08/2020,0,0,10.8(3.85 %),0,0,0,0,521088382,0.0
13/08/2020,0,0,10.4(-1.89 %),0,0,0,0,521088382,0.0
14/08/2020,0,0,10.5(0.96 %),0,0,0,0,521088382,0.0
17/08/2020,0,0,10.8(3.85 %),0,0,0,0,521088382,0.0
18/08/2020,-500,-5250000,10.6(-2.75 %),0,0,500,5250000,521088882,0.0
19/08/2020,0,0,10.5(-0.94 %),0,0,0,0,521088882,0.0
20/08/2020,0,0,10.5(0.00 %),0,0,0,0,521088882,0.0
21/08/2020,0,0,10.6(0.95 %),0,0,0,0,521088882,0.0
24/08/2020,-600,-6300000,10.5(0.96 %),0,0,600,6300000,521089482,0.0
25/08/2020,-7300,-76650000,10.3(-1.90 %),0,0,7300,76650000,521096782,0.0
26/08/2020,-22900,-244700000,11(5.77 %),0,0,22900,244700000,521119682,0.0
27/08/2020,0,0,11.1(2.78 %),0,0,0,0,521119682,0.0
28/08/2020,0,0,11.3(-1.74 %),0,0,0,0,521119682,0.0
31/08/2020,-20000,-231630000,11.9(4.39 %),0,0,20000,231630000,521139682,0.0
01/09/2020,-6000,-71200000,12(5.26 %),0,0,6000,71200000,521119682,0.0
03/09/2020,-500,-5900000,11.8(0.00 %),0,0,500,5900000,521120182,0.0
04/09/2020,-3200,-37780000,11.6(0.87 %),0,0,3200,37780000,521123382,0.0
07/09/2020,-2200,-25960000,11.8(0.85 %),0,0,2200,25960000,521125582,0.0
08/09/2020,-8000,-95200000,12.4(6.90 %),0,0,8000,95200000,521133582,0.0
10/09/2020,-11100,-144310000,13(6.56 %),0,0,11100,144310000,521144682,0.0
11/09/2020,-2600,-33800000,12.9(0.00 %),0,0,2600,33800000,521147282,0.0
14/09/2020,0,0,12.4(-4.62 %),0,0,0,0,521147282,0.0
15/09/2020,-900,-11160000,12.4(0.00 %),0,0,900,11160000,521148182,0.0
16/09/2020,-17200,-207060000,12(-3.23 %),0,0,17200,207060000,521165382,0.0
17/09/2020,-100,-1200000,11.9(-0.83 %),0,0,100,1200000,521165482,0.0
18/09/2020,-800,-9600000,12(3.45 %),0,0,800,9600000,521166282,0.0
21/09/2020,-6700,-80400000,11.9(0.00 %),0,0,6700,80400000,521172982,0.0
22/09/2020,0,0,11.8(-1.67 %),0,0,0,0,521172982,0.0
23/09/2020,-100,-1200000,12(2.56 %),0,0,100,1200000,521173082,0.0
24/09/2020,-200,-2400000,11.8(0.00 %),0,0,200,2400000,521173282,0.0
25/09/2020,0,0,11.7(-1.68 %),0,0,0,0,521173282,0.0
28/09/2020,0,0,11.7(0.00 %),0,0,0,0,521173282,0.0
29/09/2020,0,0,11.6(-0.85 %),0,0,0,0,521173282,0.0
30/09/2020,0,0,11.5(0.88 %),0,0,0,0,521173282,0.0
02/10/2020,-12000,-139200000,11.6(-2.52 %),100,1160000,12100,140360000,521219192,0.0
05/10/2020,-11600,-134600000,12.5(7.76 %),0,0,11600,134600000,521230792,0.0
06/10/2020,100,1180000,11.7(0.86 %),100,1180000,0,0,521230692,0.0
07/10/2020,0,0,12.1(2.54 %),0,0,0,0,521230692,0.0
08/10/2020,100,1160000,11.7(-3.31 %),100,1160000,0,0,521230592,0.0
09/10/2020,0,0,11.6(-0.85 %),0,0,0,0,521230592,0.0
12/10/2020,0,0,11.9(1.71 %),0,0,0,0,521230592,0.0
13/10/2020,-100,-1160000,11.8(0.00 %),0,0,100,1160000,521230692,0.0
14/10/2020,0,0,11.7(0.00 %),0,0,0,0,521230692,0.0
15/10/2020,0,0,11.4(-2.56 %),0,0,0,0,521230692,0.0
16/10/2020,0,0,11.8(2.61 %),0,0,0,0,521230692,0.0
19/10/2020,100,1120000,11.7(-0.85 %),100,1120000,0,0,521230592,0.0
20/10/2020,0,0,11.8(2.61 %),0,0,0,0,521230592,0.0
21/10/2020,0,0,11.5(-2.54 %),0,0,0,0,521230592,0.0
22/10/2020,0,0,11.6(0.87 %),0,0,0,0,521230592,0.0
23/10/2020,0,0,11.7(1.74 %),0,0,0,0,521230592,0.0
26/10/2020,0,0,11.2(0.00 %),0,0,0,0,521230592,0.0
27/10/2020,0,0,11.9(6.25 %),0,0,0,0,521230592,0.0
28/10/2020,100,1140000,11.4(-4.20 %),100,1140000,0,0,521230492,0.0
29/10/2020,0,0,11.5(0.00 %),0,0,0,0,521230492,0.0
30/10/2020,0,0,12.4(8.77 %),0,0,0,0,521230492,0.0
02/11/2020,0,0,12.3(0.00 %),0,0,0,0,521242592,0.0
03/11/2020,0,0,12.9(4.88 %),0,0,0,0,521242592,0.0
04/11/2020,0,0,12.1(-6.20 %),0,0,0,0,521242592,0.0
05/11/2020,0,0,12.2(0.00 %),0,0,0,0,521242592,0.0
06/11/2020,0,0,12.4(0.00 %),0,0,0,0,521242592,0.0
09/11/2020,0,0,12.5(4.17 %),0,0,0,0,521242592,0.0
10/11/2020,-200,-2500000,12.3(0.00 %),0,0,200,2500000,521242792,0.0
11/11/2020,0,0,12.1(0.00 %),0,0,0,0,521242792,0.0
12/11/2020,0,0,12(-0.83 %),0,0,0,0,521242792,0.0
13/11/2020,-9800,-117600000,12.2(1.67 %),0,0,9800,117600000,521252592,0.0
16/11/2020,0,0,12.7(5.83 %),0,0,0,0,521252592,0.0
17/11/2020,0,0,13.9(11.20 %),0,0,0,0,521252592,0.0
18/11/2020,0,0,13.8(4.55 %),0,0,0,0,521252592,0.0
19/11/2020,0,0,14.3(4.38 %),0,0,0,0,521252592,0.0
20/11/2020,0,0,0(0.00 %),0,0,0,0,521252592,0.0
24/11/2020,-20500,-325990000,16(7.38 %),0,0,20500,325990000,521273092,0.28
25/11/2020,-10100,-163420000,15.8(0.00 %),200,3260000,10300,166680000,521283192,0.0
26/11/2020,-18500,-288270000,15.6(-3.11 %),0,0,18500,288270000,521301692,0.0
30/11/2020,-10500,-153450000,14.8(-0.67 %),500,7250000,11000,160700000,521312192,0.0
01/12/2020,-36300,-513880000,14.7(0.68 %),4900,69090000,41200,582970000,521294292,0.0
02/12/2020,-4200,-60700000,14.8(4.23 %),400,5720000,4600,66420000,521298492,0.0
03/12/2020,-3200,-48000000,15(3.45 %),0,0,3200,48000000,521301692,0.0
04/12/2020,0,0,15.4(1.99 %),0,0,0,0,521301692,0.0
07/12/2020,0,0,15.2(0.00 %),0,0,0,0,521301692,0.0
08/12/2020,0,0,15.5(1.31 %),0,0,0,0,521301692,0.0
09/12/2020,-30000,-462000000,15.8(2.60 %),0,0,30000,462000000,521331692,0.0
10/12/2020,0,0,15.7(1.29 %),0,0,0,0,521331692,0.0
11/12/2020,0,0,15.9(0.00 %),0,0,0,0,521331692,0.0
14/12/2020,-6000,-96600000,16(2.56 %),0,0,6000,96600000,521337692,0.0
15/12/2020,0,0,15.9(-1.24 %),0,0,0,0,521337692,0.0
17/12/2020,-4000,-64000000,15.8(1.94 %),0,0,4000,64000000,521341692,0.0
18/12/2020,0,0,15.8(0.00 %),0,0,0,0,521341692,0.0
21/12/2020,-20000,-312040000,16.7(7.05 %),0,0,20000,312040000,521361692,0.0
22/12/2020,0,0,18(11.80 %),0,0,0,0,521361692,0.0
23/12/2020,0,0,18.1(7.74 %),0,0,0,0,521361692,0.0
24/12/2020,0,0,17.1(-3.39 %),0,0,0,0,521361692,0.0
25/12/2020,0,0,16.8(-0.59 %),0,0,0,0,521361692,0.0
28/12/2020,0,0,17.3(2.98 %),0,0,0,0,521361692,0.0
29/12/2020,0,0,16.8(1.20 %),0,0,0,0,521361692,0.0
31/12/2020,0,0,17.5(2.94 %),0,0,0,0,521361692,0.0
04/01/2021,0,0,17.9(1.70 %),0,0,0,0,521415092,0.0
05/01/2021,0,0,18.3(3.39 %),0,0,0,0,521415092,0.0
06/01/2021,0,0,18.9(4.42 %),0,0,0,0,521415092,0.0
07/01/2021,0,0,18.8(-0.53 %),0,0,0,0,521415092,0.0
08/01/2021,1300,24180000,19(1.60 %),1300,24180000,0,0,521413792,0.0
11/01/2021,0,0,18.8(0.00 %),0,0,0,0,521413792,0.0
12/01/2021,0,0,18.3(-2.66 %),0,0,0,0,521413792,0.0
13/01/2021,0,0,18.2(-1.09 %),0,0,0,0,521413792,0.0
14/01/2021,0,0,18.2(-1.09 %),0,0,0,0,521413792,0.0
15/01/2021,0,0,18.4(0.00 %),0,0,0,0,521413792,0.0
18/01/2021,0,0,19(3.26 %),0,0,0,0,521413792,0.0
19/01/2021,-10000,-200000000,18.8(0.53 %),0,0,10000,200000000,521423792,0.0
20/01/2021,-900,-17550000,19(-3.06 %),0,0,900,17550000,521424692,0.0
21/01/2021,0,0,18.6(-3.12 %),0,0,0,0,521424692,0.0
22/01/2021,0,0,18.5(-2.12 %),0,0,0,0,521424692,0.0
25/01/2021,1000,18500000,18.5(-2.12 %),1000,18500000,0,0,521423692,0.0
26/01/2021,0,0,18.1(-3.21 %),0,0,0,0,521423692,0.0
27/01/2021,0,0,17(-7.10 %),0,0,0,0,521423692,0.0
28/01/2021,500,7500000,15.3(-11.56 %),500,7500000,0,0,521423192,0.0
29/01/2021,0,0,17(9.68 %),0,0,0,0,521423192,0.0
01/02/2021,0,0,17(3.03 %),0,0,0,0,521423192,0.0
02/02/2021,0,0,17.4(0.00 %),0,0,0,0,521423192,0.0
03/02/2021,0,0,18.9(8.62 %),0,0,0,0,521423192,0.0
04/02/2021,0,0,17.9(-1.65 %),0,0,0,0,521423192,0.0
05/02/2021,0,0,18(0.56 %),0,0,0,0,521423192,0.0
08/02/2021,0,0,17.5(-2.23 %),0,0,0,0,521423192,0.27
09/02/2021,0,0,18.2(1.68 %),0,0,0,0,521423192,0.27
17/02/2021,0,0,18.4(2.79 %),0,0,0,0,521423192,0.0
18/02/2021,0,0,18.4(1.10 %),0,0,0,0,521423192,0.0
19/02/2021,0,0,18.3(-1.08 %),0,0,0,0,521423192,0.0
22/02/2021,-22000,-396790000,18.2(-1.09 %),200,3630000,22200,400420000,521445192,0.0
23/02/2021,-44500,-803320000,18.3(1.67 %),0,0,44500,803320000,521489692,0.0
24/02/2021,-2600,-47560000,18.1(0.00 %),0,0,2600,47560000,521492292,0.0
25/02/2021,-4200,-75600000,18.1(-0.55 %),0,0,4200,75600000,521496492,0.0
26/02/2021,-1600,-28800000,18(0.00 %),0,0,1600,28800000,521498092,0.0
01/03/2021,0,0,18.2(0.00 %),0,0,0,0,521492292,0.0
02/03/2021,-4000,-72000000,18(-1.10 %),0,0,4000,72000000,521496292,0.0
03/03/2021,0,0,18(0.00 %),0,0,0,0,521496292,0.0
04/03/2021,-4100,-72010000,17.9(0.00 %),0,0,4100,72010000,521500392,0.0
05/03/2021,0,0,17.9(1.70 %),0,0,0,0,521500392,0.0
08/03/2021,-23800,-429530000,0(0.00 %),0,0,23800,429530000,521524192,0.0
09/03/2021,-7800,-140420000,18(-1.10 %),0,0,7800,140420000,521531992,0.0
10/03/2021,-5400,-97260000,18(-0.55 %),0,0,5400,97260000,521537392,0.0
11/03/2021,-100,-1810000,18.1(0.00 %),0,0,100,1810000,521537492,0.0
12/03/2021,-6300,-113430000,18(0.56 %),0,0,6300,113430000,521543792,0.0
15/03/2021,-4400,-79200000,17.9(-0.56 %),0,0,4400,79200000,521548192,0.0
16/03/2021,-300,-5400000,18(0.56 %),0,0,300,5400000,521548492,0.0
17/03/2021,0,0,17.8(-0.56 %),0,0,0,0,521548492,0.0
18/03/2021,0,0,17.6(-1.12 %),0,0,0,0,521548492,0.0
19/03/2021,0,0,17.8(1.14 %),0,0,0,0,521548492,0.0
22/03/2021,0,0,17.5(0.00 %),0,0,0,0,521548492,0.0
23/03/2021,-4500,-78220000,17.4(0.00 %),100,1740000,4600,79960000,521552992,0.0
24/03/2021,-300,-5270000,17.3(-0.57 %),100,1730000,400,7000000,521553292,0.0
25/03/2021,-2200,-38720000,17.1(0.00 %),0,0,2200,38720000,521555492,0.0
26/03/2021,0,0,0(0.00 %),0,0,0,0,521555492,0.0
29/03/2021,0,0,17.4(1.75 %),0,0,0,0,521555492,0.0
30/03/2021,0,-40000,17.4(0.00 %),100,1710000,100,1750000,521555492,0.0
31/03/2021,0,0,17.3(0.58 %),0,0,0,0,521555492,0.0
01/04/2021,-10000,-170070000,17.5(2.34 %),0,0,10000,170070000,521561192,0.0
02/04/2021,-1000,-17500000,17.4(1.75 %),0,0,1000,17500000,521562192,0.0
05/04/2021,0,0,17.4(1.16 %),0,0,0,0,521562192,0.0
06/04/2021,-2600,-44200000,16.9(-1.17 %),0,0,2600,44200000,521564792,0.0
07/04/2021,-11600,-197460000,17(0.00 %),0,0,11600,197460000,521576392,0.0
08/04/2021,-1900,-32400000,17.1(0.59 %),0,0,1900,32400000,521578292,0.0
09/04/2021,-120600,-2026730000,18.1(6.47 %),10000,168000000,130600,2194730000,521698892,0.0
12/04/2021,200,3720000,19(9.83 %),200,3720000,0,0,521698692,0.0
13/04/2021,0,0,18.3(-0.54 %),0,0,0,0,521698692,0.0
14/04/2021,0,0,18.2(-2.15 %),0,0,0,0,521698692,0.01
16/04/2021,0,0,17.4(-1.14 %),0,0,0,0,521698692,0.01
19/04/2021,0,0,17.4(2.35 %),0,0,0,0,521698692,0.01
20/04/2021,-200,-3440000,17.2(1.18 %),0,0,200,3440000,521698892,0.01
22/04/2021,0,0,16.5(-1.79 %),0,0,0,0,521698892,0.01
23/04/2021,1400,23800000,17(2.41 %),1400,23800000,0,0,521697492,0.01
26/04/2021,100,1720000,16.9(0.00 %),100,1720000,0,0,521697392,0.01
27/04/2021,-200,-3300000,16.5(-2.94 %),0,0,200,3300000,521697592,0.01
28/04/2021,0,0,16.9(3.05 %),0,0,0,0,521697592,0.01
29/04/2021,-100,-1620000,16.9(1.81 %),0,0,100,1620000,521697692,0.01
04/05/2021,0,0,17.5(4.79 %),0,0,0,0,521776892,0.0
05/05/2021,-14100,-245780000,17.3(0.58 %),100,1730000,14200,247510000,521790992,0.0
06/05/2021,0,0,17.4(-0.57 %),0,0,0,0,521790992,0.0
07/05/2021,0,0,17.2(-0.58 %),0,0,0,0,521790992,0.0
10/05/2021,0,0,0(0.00 %),0,0,0,0,521790992,0.0
11/05/2021,-200,-3340000,17(0.59 %),400,6800000,600,10140000,521791192,0.0
12/05/2021,0,0,16.9(-1.17 %),0,0,0,0,521791192,0.0
13/05/2021,0,0,16.8(-1.18 %),0,0,0,0,521791192,0.0
14/05/2021,0,0,16.7(-1.18 %),0,0,0,0,521791192,0.0
17/05/2021,0,0,17(1.19 %),0,0,0,0,521791192,0.0
18/05/2021,0,0,16.9(0.00 %),0,0,0,0,521791192,0.0
19/05/2021,0,0,17(0.59 %),0,0,0,0,521791192,0.0
20/05/2021,-2100,-35490000,16.9(0.60 %),0,0,2100,35490000,521793292,0.0
21/05/2021,0,0,16.9(1.20 %),0,0,0,0,521793292,0.0
24/05/2021,0,0,17.2(4.24 %),0,0,0,0,521793292,0.0
25/05/2021,0,0,17.4(2.96 %),0,0,0,0,521793292,0.0
26/05/2021,0,0,17.5(1.74 %),0,0,0,0,521793292,0.0
27/05/2021,-15600,-271990000,17.3(0.58 %),0,0,15600,271990000,521808892,0.0
28/05/2021,-11500,-200720000,17.3(-1.14 %),100,1760000,11600,202480000,521820392,0.0
31/05/2021,-25200,-438770000,17.2(-1.15 %),0,0,25200,438770000,521845592,0.0
01/06/2021,0,0,17.2(-0.58 %),0,0,0,0,521808892,0.0
02/06/2021,0,0,17.2(0.00 %),0,0,0,0,521808892,0.0
03/06/2021,200,3450000,17.4(2.96 %),200,3450000,0,0,521808692,0.0
04/06/2021,-39900,-701000000,17.8(2.89 %),0,0,39900,701000000,521848592,0.0
07/06/2021,-22000,-388640000,17.5(-0.57 %),0,0,22000,388640000,521870592,0.0
08/06/2021,-200,-3460000,17.7(0.00 %),0,0,200,3460000,521870792,0.0
09/06/2021,0,0,17.6(0.00 %),0,0,0,0,521870792,0.0
10/06/2021,0,0,17.3(0.58 %),0,0,0,0,521870792,0.0
11/06/2021,-17200,-299280000,17(-1.16 %),0,0,17200,299280000,521887992,0.0
14/06/2021,0,0,17.3(0.58 %),0,0,0,0,521887992,0.0
15/06/2021,0,0,17(-1.16 %),0,0,0,0,521887992,0.0
16/06/2021,100,1720000,17.2(0.58 %),100,1720000,0,0,521887892,0.0
17/06/2021,0,0,17.3(1.17 %),0,0,0,0,521887892,0.0
18/06/2021,-17300,-301020000,17.4(0.58 %),0,0,17300,301020000,521905192,0.0
22/06/2021,-82100,-1460160000,17.9(2.87 %),0,0,82100,1460160000,521987292,0.0
23/06/2021,-30000,-536120000,17.8(0.00 %),0,0,30000,536120000,522017292,0.0
24/06/2021,100,1780000,17.7(-1.12 %),100,1780000,0,0,522017192,0.0
25/06/2021,100,1740000,17.4(-1.69 %),100,1740000,0,0,522017092,0.0
28/06/2021,0,0,17.2(-0.58 %),0,0,0,0,522017092,0.01
29/06/2021,0,0,17.4(0.58 %),0,0,0,0,522017092,0.01
30/06/2021,0,0,17.5(1.16 %),0,0,0,0,522017092,0.01
01/07/2021,-2006400,-35113960000,18.9(8.62 %),0,0,2006400,35113960000,522075292,0.0
02/07/2021,-1000,-20300000,20.2(14.12 %),0,0,1000,20300000,522076292,0.0
05/07/2021,-800,-17100000,20.8(5.05 %),0,0,800,17100000,522077092,0.0
06/07/2021,0,0,18.9(-9.13 %),0,0,0,0,522077092,0.19
07/07/2021,0,0,18.9(-2.07 %),0,0,0,0,522077092,0.19
08/07/2021,0,0,19(2.15 %),0,0,0,0,524083492,0.02
09/07/2021,0,0,18.9(0.53 %),0,0,0,0,524083492,0.0
12/07/2021,0,0,17.8(-4.81 %),0,0,0,0,524083492,0.0
13/07/2021,100,1910000,18.3(3.98 %),100,1910000,0,0,524083392,0.0
14/07/2021,0,0,18.4(0.00 %),0,0,0,0,524083392,0.0
15/07/2021,-200,-3860000,19.2(4.92 %),0,0,200,3860000,524083592,0.0
16/07/2021,0,0,18.9(-0.53 %),0,0,0,0,524083592,0.0
19/07/2021,0,0,18.3(-3.68 %),0,0,0,0,524083592,0.0
20/07/2021,0,0,18.4(0.55 %),0,0,0,0,524083592,0.0
21/07/2021,0,0,18.3(1.67 %),0,0,0,0,524083592,0.0
22/07/2021,0,0,18.9(2.72 %),0,0,0,0,524083592,0.0
23/07/2021,0,0,17.7(2.91 %),0,0,0,0,524083592,0.0
26/07/2021,0,0,17.8(0.56 %),0,0,0,0,524083592,0.0
27/07/2021,0,0,18.6(3.91 %),0,0,0,0,524083592,0.0
28/07/2021,0,0,18.5(1.09 %),0,0,0,0,524083592,0.0
29/07/2021,0,0,18.5(0.00 %),0,0,0,0,524083592,0.0
30/07/2021,0,0,18.4(0.00 %),0,0,0,0,524083592,0.0
02/08/2021,-100,-1810000,17.6(-2.22 %),0,0,100,1810000,524083592,0.0
03/08/2021,0,0,17.7(0.57 %),0,0,0,0,524083592,0.0
04/08/2021,0,0,17.6(1.73 %),0,0,0,0,524083592,0.0
05/08/2021,0,0,17.7(0.57 %),0,0,0,0,524083592,0.0
06/08/2021,0,0,17.6(-0.56 %),0,0,0,0,524083592,0.0
09/08/2021,0,0,17.5(0.00 %),0,0,0,0,524083592,0.0
10/08/2021,0,0,17.6(1.15 %),0,0,0,0,524083592,0.0
11/08/2021,0,0,18.5(5.11 %),0,0,0,0,524083592,0.0
12/08/2021,0,0,18.3(1.10 %),0,0,0,0,524083592,0.0
13/08/2021,0,0,18.2(-1.09 %),0,0,0,0,524083692,0.02
16/08/2021,0,0,19.5(7.73 %),0,0,0,0,524083692,0.0
17/08/2021,-1000,-20000000,0(0.00 %),0,0,1000,20000000,524084692,0.0
18/08/2021,25100,513100000,20.3(2.01 %),26100,533600000,1000,20500000,524059592,0.0
19/08/2021,0,0,20.1(-1.47 %),0,0,0,0,524059592,0.0
20/08/2021,0,0,19.7(0.51 %),0,0,0,0,524059592,0.0
23/08/2021,-300,-6120000,20.2(2.54 %),0,0,300,6120000,524059892,0.0
24/08/2021,0,0,19.7(-1.50 %),0,0,0,0,524059892,0.0
25/08/2021,0,0,19.7(-0.51 %),0,0,0,0,524059892,0.0
26/08/2021,0,0,19.7(0.00 %),0,0,0,0,524059892,0.0
27/08/2021,0,0,22(12.82 %),0,0,0,0,524059892,0.0
30/08/2021,0,0,24.1(14.76 %),0,0,0,0,524059892,0.0
31/08/2021,-28300,-715630000,26.6(14.66 %),0,0,28300,715630000,524088192,0.0
01/09/2021,-24300,-716850000,29.5(14.79 %),0,0,24300,716850000,524059892,0.0
06/09/2021,0,0,29.3(0.00 %),0,0,0,0,524059892,2.45
07/09/2021,0,0,28(-3.78 %),0,0,0,0,524059892,2.45
08/09/2021,0,0,28(-1.41 %),0,0,0,0,524059892,2.45
09/09/2021,0,0,31(13.55 %),0,0,0,0,524059892,2.45
10/09/2021,0,0,29.9(0.00 %),0,0,0,0,524059892,2.45
13/09/2021,0,0,29.4(-3.61 %),0,0,0,0,524059892,2.34
14/09/2021,0,0,28.8(-1.03 %),0,0,0,0,524059892,2.34
15/09/2021,0,0,29.3(2.45 %),0,0,0,0,524059892,2.35
16/09/2021,0,0,30(4.53 %),0,0,0,0,524059892,2.34
17/09/2021,0,0,30.5(-0.65 %),0,0,0,0,524059892,2.34
20/09/2021,0,0,29.3(-3.30 %),0,0,0,0,524059892,2.34
21/09/2021,0,0,28(-5.41 %),0,0,0,0,524059892,2.34
22/09/2021,0,0,29(2.11 %),0,0,0,0,524059892,2.34
23/09/2021,0,0,28.6(1.06 %),0,0,0,0,524059892,2.34
24/09/2021,0,0,28.3(-0.70 %),0,0,0,0,524059892,2.34
27/09/2021,0,0,27(-4.59 %),0,0,0,0,524059892,2.34
28/09/2021,0,0,27.4(-0.72 %),0,0,0,0,524059892,2.34
29/09/2021,1000,28230000,28.3(4.81 %),1000,28230000,0,0,524058892,2.34
30/09/2021,500,14250000,28.4(0.35 %),500,14250000,0,0,524058392,2.34
01/10/2021,0,0,28.3(-0.35 %),0,0,0,0,550315167,0.0
04/10/2021,-1000,-32550000,32.7(14.74 %),0,0,1000,32550000,550316167,0.0
05/10/2021,-100,-3440000,32.6(4.82 %),400,13260000,500,16700000,550316267,0.0
06/10/2021,0,0,31.9(-1.85 %),0,0,0,0,550314767,0.02
07/10/2021,200,6210000,30.7(-3.76 %),200,6210000,0,0,550315567,0.02
08/10/2021,1300,38720000,29.8(-3.56 %),1300,38720000,0,0,550314767,0.02
11/10/2021,0,130000,29.7(0.00 %),1500,44200000,1500,44070000,550314767,0.0
12/10/2021,0,0,29.6(0.34 %),0,0,0,0,550314767,0.0
13/10/2021,1000,29450000,29.4(0.00 %),1000,29450000,0,0,550313767,0.0
14/10/2021,500,14600000,29.6(2.07 %),500,14600000,0,0,550313267,0.0
15/10/2021,1500,44100000,29.3(-1.01 %),1500,44100000,0,0,550311767,0.0
18/10/2021,-1000,-29400000,29(-1.02 %),2000,58200000,3000,87600000,550312767,0.0
19/10/2021,0,0,29.3(1.03 %),0,0,0,0,550312767,0.0
20/10/2021,2000,57700000,29.2(-0.34 %),2000,57700000,0,0,550310767,0.0
21/10/2021,1300,37380000,28.7(-1.03 %),1300,37380000,0,0,550311467,0.0
22/10/2021,-3000,-88100000,29.4(2.44 %),0,0,3000,88100000,550314467,0.0
25/10/2021,0,0,29.1(-0.34 %),0,0,0,0,550314467,0.0
26/10/2021,0,0,29(1.05 %),0,0,0,0,550314467,0.0
27/10/2021,1500,43200000,29(0.00 %),1500,43200000,0,0,550312967,0.0
28/10/2021,-1800,-52940000,29.7(3.12 %),0,0,1800,52940000,550314767,0.0
29/10/2021,-4300,-136070000,32(9.59 %),0,0,4300,136070000,550319067,0.0
01/11/2021,-3000,-98000000,32.7(5.48 %),0,0,3000,98000000,550310967,0.0
02/11/2021,-1000,-32300000,32.2(-0.62 %),0,0,1000,32300000,550311967,1.0
03/11/2021,0,0,31.1(-4.01 %),0,0,0,0,550311967,1.0
04/11/2021,0,0,31.4(-0.32 %),0,0,0,0,550311967,1.0
05/11/2021,0,0,31.4(0.96 %),0,0,0,0,550311967,1.0
08/11/2021,0,0,31.3(0.32 %),0,0,0,0,550311967,1.0
09/11/2021,0,0,31.2(-0.95 %),0,0,0,0,550311967,1.0
10/11/2021,-400,-12960000,32.7(5.48 %),200,6480000,600,19440000,550312367,1.0
11/11/2021,10000,350000000,36.6(13.66 %),10000,350000000,0,0,550302367,1.0
12/11/2021,400,15280000,38.1(7.93 %),400,15280000,0,0,550301967,1.0
15/11/2021,-100,-3660000,37.7(-1.05 %),100,3740000,200,7400000,550302067,1.0
16/11/2021,0,0,37.5(0.27 %),0,0,0,0,550302067,1.0
17/11/2021,0,0,37(0.82 %),0,0,0,0,550302067,1.0
18/11/2021,0,0,37(0.27 %),0,0,0,0,550302067,1.0
19/11/2021,0,0,37.3(0.54 %),0,0,0,0,550302067,1.0
22/11/2021,-10600,-386660000,35.7(-5.31 %),0,0,10600,386660000,550312667,1.0
23/11/2021,0,0,36.2(-0.28 %),0,0,0,0,550312667,1.0
24/11/2021,0,0,36.5(0.55 %),0,0,0,0,550312667,1.0
25/11/2021,1000,36300000,36.4(0.55 %),1000,36300000,0,0,550311667,1.0
26/11/2021,0,0,36.2(0.00 %),0,0,0,0,550311667,0.0
29/11/2021,0,0,35(-2.78 %),0,0,0,0,550311667,1.0
30/11/2021,0,0,35(0.29 %),0,0,0,0,550311667,1.0
01/12/2021,0,0,35.5(2.01 %),0,0,0,0,561555448,0.0
02/12/2021,300,10590000,34.8(-0.57 %),300,10590000,0,0,561555148,0.0
03/12/2021,0,0,34.3(-2.00 %),0,0,0,0,561555148,0.0
06/12/2021,0,0,33.3(-4.31 %),0,0,0,0,561555148,0.0
07/12/2021,500,17100000,35(2.34 %),500,17100000,0,0,561554648,0.0
08/12/2021,0,0,34.9(1.16 %),0,0,0,0,561554648,0.0
09/12/2021,300,10440000,33.9(-3.14 %),300,10440000,0,0,561554348,0.0
10/12/2021,0,0,34.1(0.29 %),0,0,0,0,561554348,0.0
13/12/2021,0,0,34.2(0.88 %),0,0,0,0,561554348,0.0
14/12/2021,0,0,34.6(2.06 %),0,0,0,0,561554348,0.0
15/12/2021,0,0,37(7.87 %),0,0,0,0,561554348,0.0
16/12/2021,-1000,-37700000,38(6.15 %),0,0,1000,37700000,561555348,0.0
17/12/2021,100,3820000,38.1(1.87 %),100,3820000,0,0,561555248,0.0
20/12/2021,0,0,38.4(1.05 %),0,0,0,0,561555248,0.0
21/12/2021,-1365,-54636300,40.2(5.24 %),0,0,1365,54636300,561556613,0.0
22/12/2021,0,0,0(0.00 %),0,0,0,0,561556613,0.0
23/12/2021,-100,-3840000,38.5(-3.75 %),0,0,100,3840000,561555248,-0.98
24/12/2021,0,0,38.4(0.52 %),0,0,0,0,561556613,-0.98
27/12/2021,0,0,39(1.30 %),0,0,0,0,561556713,0.02
28/12/2021,0,0,38.5(-1.79 %),0,0,0,0,561556713,0.0
29/12/2021,0,0,38(-1.30 %),0,0,0,0,561556713,0.02
30/12/2021,0,0,38.7(1.84 %),0,0,0,0,561556713,0.02
31/12/2021,0,0,39.2(2.89 %),0,0,0,0,561556713,0.02
04/01/2022,0,0,41.9(7.44 %),0,0,0,0,561555213,0.02
05/01/2022,0,0,41.8(1.21 %),0,0,0,0,561555213,0.02
06/01/2022,0,0,40.8(-1.69 %),0,0,0,0,561555213,0.02
07/01/2022,0,0,40.9(0.74 %),0,0,0,0,561555213,0.02
10/01/2022,0,0,40.3(-0.74 %),0,0,0,0,561555213,0.02
11/01/2022,100,4000000,40.5(-0.98 %),100,4000000,0,0,561555113,0.02
12/01/2022,0,0,39.5(-2.23 %),0,0,0,0,561555113,0.02
13/01/2022,0,0,39.7(0.76 %),0,0,0,0,561555113,0.02
14/01/2022,0,0,39.7(1.53 %),0,0,0,0,561555113,0.02
17/01/2022,0,0,39.2(-0.76 %),0,0,0,0,561555113,0.02
18/01/2022,900,35480000,39.6(2.33 %),1000,39500000,100,4020000,561554113,0.02
19/01/2022,200,7940000,39(-1.27 %),200,7940000,0,0,561556433,0.02
20/01/2022,0,0,39.4(0.25 %),0,0,0,0,561556533,0.02
21/01/2022,0,0,39.8(1.27 %),0,0,0,0,561556533,0.02
24/01/2022,0,0,0(0.00 %),0,0,0,0,561556533,0.02
25/01/2022,0,0,0(0.00 %),0,0,0,0,561556533,0.02
26/01/2022,0,0,0(0.00 %),0,0,0,0,561556533,0.02
27/01/2022,0,0,0(0.00 %),0,0,0,0,561556533,0.02
28/01/2022,0,0,0(0.00 %),0,0,0,0,561556533,0.02
07/02/2022,0,0,0(0.00 %),0,0,0,0,561556533,0.02
08/02/2022,0,0,0(0.00 %),0,0,0,0,561556533,0.02
09/02/2022,0,0,0(0.00 %),0,0,0,0,561556533,0.02
10/02/2022,2000,82000000,0(0.00 %),2000,82000000,0,0,561554533,0.02
11/02/2022,0,0,42.4(0.95 %),0,0,0,0,561554533,0.02
14/02/2022,1200,50040000,42.1(-0.71 %),1200,50040000,0,0,561553333,0.02
15/02/2022,-400,-17060000,40.4(-4.04 %),1600,64940000,2000,82000000,561551733,0.02
16/02/2022,2500,101000000,40(-0.99 %),2500,101000000,0,0,561549233,0.02
17/02/2022,1500,57975000,39(-2.50 %),1500,57975000,0,0,561549733,0.02
18/02/2022,0,0,39(0.00 %),0,0,0,0,561549733,0.02
21/02/2022,-100,-3900000,38.5(-1.28 %),0,0,100,3900000,561549733,0.02
22/02/2022,0,0,37.8(-1.82 %),0,0,0,0,561549733,0.02
23/02/2022,0,0,38(0.53 %),0,0,0,0,561549833,0.02
24/02/2022,-200,-7570000,37.7(-0.79 %),0,0,200,7570000,561549833,0.02
25/02/2022,0,0,37.75(0.13 %),0,0,0,0,561549833,0.02
28/02/2022,0,0,37.6(-0.53 %),0,0,0,0,561550033,0.02
01/03/2022,0,0,37.6(0.00 %),0,0,0,0,561550033,0.02
02/03/2022,0,0,37.4(-0.53 %),0,0,0,0,561550033,0.02
03/03/2022,0,0,37.4(0.00 %),0,0,0,0,561550033,0.02
04/03/2022,0,0,37(-1.07 %),0,0,0,0,561550033,0.02
07/03/2022,0,0,37(0.00 %),0,0,0,0,561550033,0.02
08/03/2022,0,0,36.4(-1.62 %),0,0,0,0,561550033,0.02
09/03/2022,2000,72100000,35.75(-1.79 %),2000,72100000,0,0,561548033,0.02
10/03/2022,5000,181000000,36.2(1.12 %),5000,181000000,0,0,561543033,0.02
11/03/2022,5000,181750000,36.3(0.28 %),5000,181750000,0,0,561538033,0.02
14/03/2022,0,0,34.9(-3.86 %),0,0,0,0,561538033,0.02
15/03/2022,0,0,35.5(1.72 %),0,0,0,0,561538033,0.02
16/03/2022,0,0,35.5(0.00 %),0,0,0,0,561538033,0.02
17/03/2022,3000,106500000,35.5(0.00 %),3000,106500000,0,0,561535033,0.02
18/03/2022,0,0,35.5(0.00 %),0,0,0,0,561535033,0.02
21/03/2022,0,0,35.4(-0.28 %),0,0,0,0,561535033,0.02
22/03/2022,0,0,35.4(0.00 %),0,0,0,0,561535033,0.02
23/03/2022,0,0,35.55(0.42 %),0,0,0,0,561535033,0.02
24/03/2022,0,0,36.2(1.69 %),0,0,0,0,561535033,0.02
25/03/2022,0,0,36(-0.55 %),0,0,0,0,561535033,0.02
28/03/2022,0,0,35.9(-0.28 %),0,0,0,0,561535033,0.02
29/03/2022,0,0,35.8(-0.28 %),0,0,0,0,561535033,0.02
30/03/2022,0,0,35.3(-1.40 %),0,0,0,0,561535033,0.02
31/03/2022,0,0,35.3(0.00 %),0,0,0,0,561535033,0.02
01/04/2022,0,0,34.9(-1.13 %),0,0,0,0,561535033,0.02
04/04/2022,0,0,35.2(0.86 %),0,0,0,0,561535033,0.02
05/04/2022,0,0,35(-0.57 %),0,0,0,0,561535033,0.02
06/04/2022,0,0,34.6(-1.14 %),0,0,0,0,561535033,0.02
07/04/2022,0,0,34.4(-0.58 %),0,0,0,0,561535033,0.02
08/04/2022,0,0,33(-4.07 %),0,0,0,0,561535033,0.02
12/04/2022,0,0,33.35(1.06 %),0,0,0,0,561535033,0.02
13/04/2022,0,0,33.3(-0.30 %),0,0,0,0,561535033,0.02
14/04/2022,0,0,33.3(0.00 %),0,0,0,0,561535023,0.02
15/04/2022,400,0,32.4(-2.70 %),400,0,0,0,561534623,0.02
18/04/2022,0,0,31.6(-2.47 %),0,0,0,0,561534623,0.02
19/04/2022,0,0,31.2(-1.27 %),0,0,0,0,561534623,0.02
20/04/2022,0,0,30.9(-0.96 %),0,0,0,0,561535023,0.02
21/04/2022,0,0,31.4(1.62 %),0,0,0,0,561534623,0.02
22/04/2022,0,0,32.4(3.18 %),0,0,0,0,561534623,0.02
25/04/2022,0,0,31.5(-2.78 %),0,0,0,0,561534623,0.02
26/04/2022,-1000,-31250000,31.25(-0.79 %),0,0,1000,31250000,561534623,0.02
27/04/2022,-500,-15650000,31.3(0.00 %),0,0,500,15650000,561534623,0.02
28/04/2022,0,0,31.9(1.92 %),0,0,0,0,561535623,0.02
29/04/2022,0,0,32.15(0.78 %),0,0,0,0,561536123,0.02
04/05/2022,0,0,32.2(0.00 %),0,0,0,0,561536123,0.02
05/05/2022,0,0,32.1(-0.31 %),0,0,0,0,561536123,0.02
06/05/2022,0,0,31.5(-1.87 %),0,0,0,0,561536123,0.02
09/05/2022,-3600,-107820000,29.95(-4.92 %),0,0,3600,107820000,561536123,0.02
10/05/2022,0,0,28.9(-3.67 %),0,0,0,0,561536123,0.02
11/05/2022,0,0,29.15(0.87 %),0,0,0,0,561536123,0.02
12/05/2022,0,0,29.3(0.51 %),0,0,0,0,561536123,0.02
13/05/2022,0,0,28.55(-2.56 %),0,0,0,0,561539723,0.02
16/05/2022,0,0,28.35(-0.87 %),0,0,0,0,561539723,0.02
17/05/2022,-1100,-31295000,28.45(0.18 %),0,0,1100,31295000,561539723,0.02
18/05/2022,-5000,-147000000,29.4(3.16 %),0,0,5000,147000000,561539723,0.02
19/05/2022,-1000,-29300000,29.3(-0.34 %),0,0,1000,29300000,561540823,0.02
20/05/2022,0,-29300000,29(-1.02 %),0,0,0,29300000,561545823,0.02
23/05/2022,0,-29300000,29.3(1.03 %),0,0,0,29300000,561546823,0.02
24/05/2022,0,-29300000,28.6(-2.39 %),0,0,0,29300000,561546823,0.02
25/05/2022,-1800,-51840000,28.8(0.70 %),200,5760000,2000,57600000,561546623,0.02
26/05/2022,1400,40320000,28.8(0.00 %),1400,40320000,0,0,561545223,0.02
27/05/2022,0,40320000,28.9(0.35 %),0,40320000,0,0,561547223,0.02
30/05/2022,2200,64350000,29.25(1.21 %),2500,73125000,300,8775000,561544723,0.02
31/05/2022,0,64350000,29.4(0.34 %),0,73125000,0,8775000,561544723,0.02
01/06/2022,500,15550000,31.1(5.78 %),500,15550000,0,0,561544523,0.02
02/06/2022,-3500,-111300000,31.8(2.25 %),0,0,3500,111300000,561544523,0.02
03/06/2022,0,-111300000,31.8(0.00 %),0,0,0,111300000,561544523,0.02
06/06/2022,0,0,30(-5.66 %),0,0,0,0,561548023,0.02
07/06/2022,0,0,30.4(1.33 %),0,0,0,0,561544623,0.02
08/06/2022,0,103360000,31(1.97 %),0,103360000,0,0,561544623,0.02
09/06/2022,-100,-3110000,31.1(0.32 %),0,0,100,3110000,561544623,0.02
10/06/2022,0,-3110000,30.6(-1.61 %),0,0,0,3110000,561544623,0.02
13/06/2022,0,-3110000,28.55(-6.70 %),0,0,0,3110000,561544723,0.02
14/06/2022,0,-3110000,29(1.40 %),0,0,0,3110000,561544723,0.02
15/06/2022,0,-3110000,28.4(-2.07 %),0,0,0,3110000,561544723,0.02
16/06/2022,0,-3110000,29.3(3.17 %),0,0,0,3110000,561544723,0.02
17/06/2022,-3300,-93225000,28.25(-3.58 %),0,0,3300,93225000,561544723,0.02
20/06/2022,0,0,27.6(-2.47 %),0,0,0,0,561544723,0.02
21/06/2022,0,-93225000,26.95(-2.36 %),0,0,0,93225000,561548023,0.02
22/06/2022,0,-93225000,26.75(-0.93 %),0,0,0,93225000,561548023,0.02
23/06/2022,0,-93225000,25.95(-3.17 %),0,0,0,93225000,561548023,0.02
24/06/2022,0,-93225000,25.7(-1.15 %),0,0,0,93225000,561548023,0.02
27/06/2022,0,0,25.7(0.00 %),0,0,0,0,561548023,0.02
28/06/2022,0,-93225000,25.6(-0.39 %),0,0,0,93225000,561548023,0.02
29/06/2022,0,0,25.6(0.00 %),0,0,0,0,561548023,0.02
30/06/2022,0,-93225000,26.2(2.34 %),0,0,0,93225000,561548023,0.02
01/07/2022,0,-93225000,25.9(-1.15 %),0,0,0,93225000,561548023,0.02
04/07/2022,0,-93225000,25.9(0.00 %),0,0,0,93225000,561548023,0.0
05/07/2022,-100,-2550000,25.5(-1.54 %),500,12750000,600,15300000,561547523,0.02
06/07/2022,0,-2550000,25.4(-0.39 %),0,12750000,0,15300000,561547523,0.02
07/07/2022,0,-2550000,25.2(-0.79 %),0,12750000,0,15300000,561548123,0.02
08/07/2022,0,96940000,25.7(1.98 %),0,96940000,0,0,561548123,0.02
11/07/2022,3700,96940000,26.2(1.95 %),3700,96940000,0,0,561544423,0.02
12/07/2022,5500,149050000,27.1(3.44 %),5500,149050000,0,0,561538923,0.02
13/07/2022,0,149050000,27.4(1.11 %),0,149050000,0,0,561538923,0.02
14/07/2022,0,149050000,26.5(1.53 %),0,149050000,0,0,561538923,0.02
15/07/2022,0,149050000,25.9(-2.26 %),0,149050000,0,0,561538923,0.02
18/07/2022,0,149050000,25.6(-1.16 %),0,149050000,0,0,561538923,0.02
19/07/2022,0,149050000,25.4(-0.78 %),0,149050000,0,0,561538923,0.02
20/07/2022,0,149050000,25.35(-0.20 %),0,149050000,0,0,561538923,0.02
21/07/2022,0,149050000,24.95(-1.77 %),0,149050000,0,0,561538923,0.02
22/07/2022,0,149050000,25.2(0.80 %),0,149050000,0,0,561538923,0.02
25/07/2022,0,149050000,25.1(-0.40 %),0,149050000,0,0,561538923,0.02
26/07/2022,0,149050000,25.1(0.00 %),0,149050000,0,0,561538923,0.02
27/07/2022,0,149050000,25(-0.40 %),0,149050000,0,0,561538923,0.02
28/07/2022,200,4990000,24.95(-0.20 %),200,4990000,0,0,561538723,0.02
29/07/2022,0,4990000,24.85(-0.60 %),0,4990000,0,0,561538723,0.02
01/08/2022,0,4990000,24.95(0.20 %),0,4990000,0,0,561538723,0.02
02/08/2022,100,2495000,24.95(-0.20 %),100,2495000,0,0,561538623,0.02
03/08/2022,0,2495000,25(0.00 %),0,2495000,0,0,561538623,0.02
04/08/2022,-4600,-115000000,25(0.00 %),0,0,4600,115000000,561538623,0.02
05/08/2022,0,-115000000,24.8(-0.80 %),0,0,0,115000000,561538623,0.02
08/08/2022,0,-115000000,25.9(4.44 %),0,0,0,115000000,561543223,0.02
09/08/2022,0,-115000000,25.9(0.00 %),0,0,0,115000000,561543223,0.02
10/08/2022,-4600,-116840000,25.4(-1.93 %),100,2540000,4700,119380000,561543123,0.02
11/08/2022,0,-116840000,25(-1.57 %),0,2540000,0,119380000,561543123,0.02
12/08/2022,0,-116840000,25(0.00 %),0,2540000,0,119380000,561547823,0.02
15/08/2022,100,2515000,25.15(0.60 %),100,2515000,0,0,561547723,0.02
16/08/2022,-100,-2520000,25.2(0.00 %),0,0,100,2520000,561547723,0.02
17/08/2022,0,-2520000,25(-0.79 %),0,0,0,2520000,561547723,0.02
18/08/2022,0,-2520000,24.55(-1.80 %),0,0,0,2520000,561547823,0.02
19/08/2022,0,-2520000,24.9(1.22 %),0,0,0,2520000,561547823,0.02
22/08/2022,0,-2520000,25.2(1.20 %),0,0,0,2520000,561547823,0.02
23/08/2022,0,-2520000,24.7(-1.98 %),0,0,0,2520000,561547823,0.02
24/08/2022,-200,-4990000,24.95(1.01 %),0,0,200,4990000,561547823,0.02
25/08/2022,0,-4990000,25.2(0.80 %),0,0,0,4990000,561547823,0.02
26/08/2022,-100,-2470000,24.7(-1.98 %),0,0,100,2470000,561548023,0.02
29/08/2022,-200,-5000000,25(1.21 %),0,0,200,5000000,561548023,0.02
30/08/2022,0,-5000000,24.75(-1.00 %),0,0,0,5000000,561548123,0.02
31/08/2022,0,-5000000,24.8(0.00 %),0,0,0,5000000,561548323,0.02
05/09/2022,0,-5000000,25(0.81 %),0,0,0,5000000,561548323,0.02
06/09/2022,0,-5000000,25.5(2.00 %),0,0,0,5000000,561548323,0.02
07/09/2022,0,-5000000,25.1(-1.57 %),0,0,0,5000000,561548323,0.02
08/09/2022,0,-5000000,25.1(0.00 %),0,0,0,5000000,561548323,0.02
09/09/2022,0,-5000000,25.5(1.59 %),0,0,0,5000000,561548323,0.02
12/09/2022,0,-5000000,25.9(1.57 %),0,0,0,5000000,561548323,0.02
13/09/2022,0,-5000000,26.1(0.77 %),0,0,0,5000000,561548323,0.02
14/09/2022,0,-5000000,25.6(-1.92 %),0,0,0,5000000,561548323,0.02
15/09/2022,0,-5000000,25.75(0.59 %),0,0,0,5000000,0,0.02
16/09/2022,0,-5000000,25.75(-0.19 %),0,0,0,5000000,561548323,0.02
19/09/2022,0,-5000000,24.9(-3.49 %),0,0,0,5000000,561548323,0.02
20/09/2022,0,-5000000,25.05(0.60 %),0,0,0,5000000,561548323,0.02
21/09/2022,0,-5000000,25.7(2.39 %),0,0,0,5000000,561548323,0.02
22/09/2022,0,-5000000,25.1(-2.33 %),0,0,0,5000000,561548323,0.02
23/09/2022,0,-5000000,24.85(-1.00 %),0,0,0,5000000,561548323,0.02
26/09/2022,0,-5000000,24.7(-0.80 %),0,0,0,5000000,561548323,0.02
27/09/2022,0,-5000000,24.7(0.00 %),0,0,0,5000000,561548323,0.02
28/09/2022,0,-5000000,24.95(1.01 %),0,0,0,5000000,561548323,0.02
29/09/2022,100,2340000,23.4(-6.40 %),100,2340000,0,0,561548223,0.02
30/09/2022,-100,-2300000,23(-1.71 %),0,0,100,2300000,561548223,0.02
03/10/2022,0,-2300000,23.8(3.48 %),0,0,0,2300000,561548223,0.02
04/10/2022,0,-2300000,23.6(-0.84 %),0,0,0,2300000,561548323,0.02
05/10/2022,0,-2300000,23.1(-2.12 %),0,0,0,2300000,561548323,0.02
06/10/2022,0,-2300000,23.4(1.30 %),0,0,0,2300000,561548323,0.02
07/10/2022,0,-2300000,23.2(-0.85 %),0,0,0,2300000,561548323,0.02
10/10/2022,0,-2300000,22.8(-1.72 %),0,0,0,2300000,561548323,0.02
11/10/2022,0,-2300000,21.9(-3.95 %),0,0,0,2300000,561548323,0.02
12/10/2022,0,-2300000,22(0.46 %),0,0,0,2300000,561548323,0.02
13/10/2022,0,-2300000,22.5(2.27 %),0,0,0,2300000,561548323,0.02
14/10/2022,100,2250000,22.5(0.00 %),100,2250000,0,0,561548223,0.02
17/10/2022,0,2250000,21.7(-3.56 %),0,2250000,0,0,561548223,0.02
18/10/2022,0,2250000,22.25(2.53 %),0,2250000,0,0,561548223,0.02
19/10/2022,0,0,21.85(-2.02 %),0,0,0,0,561548223,0.02
20/10/2022,0,0,21.5(-1.83 %),0,0,0,0,561548223,0.02
21/10/2022,0,0,21(-2.33 %),0,0,0,0,561548223,0.02
24/10/2022,0,0,21.6(2.86 %),0,0,0,0,561548223,0.02
25/10/2022,0,0,20.85(-3.47 %),0,0,0,0,561548223,0.02
26/10/2022,0,0,20.3(-2.87 %),0,0,0,0,561548223,0.02
27/10/2022,0,0,20.6(1.48 %),0,0,0,0,561548223,0.02
28/10/2022,0,2250000,20.6(0.00 %),0,2250000,0,0,561548223,0.02
31/10/2022,100,2010000,20.1(-2.43 %),100,2010000,0,0,561548123,0.02
01/11/2022,0,2010000,20.1(0.00 %),0,2010000,0,0,561548123,0.02
02/11/2022,0,2010000,19.7(-1.99 %),0,2010000,0,0,561548123,0.02
03/11/2022,0,2010000,19.7(0.00 %),0,2010000,0,0,561548123,0.02
04/11/2022,0,2010000,19.05(-3.30 %),0,2010000,0,0,561548123,0.02
07/11/2022,0,2010000,18(-5.76 %),0,2010000,0,0,561548123,0.02
08/11/2022,0,2010000,17.8(-1.11 %),0,2010000,0,0,561548123,0.02
09/11/2022,0,2010000,18.4(3.37 %),0,2010000,0,0,561548123,0.02
10/11/2022,0,2010000,18.4(0.00 %),0,2010000,0,0,561548123,0.02
11/11/2022,0,2010000,17.9(-2.72 %),0,2010000,0,0,561548123,0.02
14/11/2022,0,2010000,17.15(-4.19 %),0,2010000,0,0,561548123,0.02
15/11/2022,0,2010000,16.65(-3.20 %),0,2010000,0,0,561548123,0.02
16/11/2022,0,2010000,16.9(1.20 %),0,2010000,0,0,561548123,0.02
17/11/2022,0,2010000,17.6(4.14 %),0,2010000,0,0,561548123,0.02
18/11/2022,1000,17250000,17.25(-1.99 %),1000,17250000,0,0,561547123,0.02
21/11/2022,0,17250000,17.15(-0.87 %),0,17250000,0,0,561547123,0.02
22/11/2022,0,17250000,17.1(-0.58 %),0,17250000,0,0,561547123,0.02
23/11/2022,0,17250000,16.4(-4.09 %),0,17250000,0,0,561547123,0.02
24/11/2022,0,17250000,16.6(1.22 %),0,17250000,0,0,561547123,0.02
25/11/2022,0,17250000,16.6(0.00 %),0,17250000,0,0,561547123,0.02
28/11/2022,0,17250000,17.2(3.61 %),0,17250000,0,0,561547123,0.02
29/11/2022,500,9000000,18(4.65 %),500,9000000,0,0,561546623,0.02
30/11/2022,600,11100000,18.5(2.78 %),600,11100000,0,0,561546023,0.02
01/12/2022,0,11100000,17.9(-3.24 %),0,11100000,0,0,561546023,0.02
02/12/2022,0,11100000,18(0.56 %),0,11100000,0,0,561546023,0.02
05/12/2022,0,11100000,18(0.00 %),0,11100000,0,0,561546023,0.02
06/12/2022,0,11100000,18.1(0.56 %),0,11100000,0,0,561546023,0.02
07/12/2022,0,11100000,17.7(-2.21 %),0,11100000,0,0,561546023,0.0
08/12/2022,0,11100000,18.1(2.26 %),0,11100000,0,0,561546023,0.02
09/12/2022,0,11100000,17.95(-0.83 %),0,11100000,0,0,561546023,0.02
12/12/2022,0,11100000,18(0.00 %),0,11100000,0,0,561546023,0.02
13/12/2022,0,11100000,17.95(-0.28 %),0,11100000,0,0,561546023,0.02
14/12/2022,0,11100000,18.45(2.50 %),0,11100000,0,0,561546023,0.02
15/12/2022,0,11100000,18.15(-1.89 %),0,11100000,0,0,561546023,0.02
16/12/2022,0,11100000,17.9(-1.65 %),0,11100000,0,0,561546023,0.0
19/12/2022,300,5355000,17.85(-0.28 %),300,5355000,0,0,561545723,0.02
20/12/2022,0,5355000,17.9(0.00 %),0,5355000,0,0,561545723,0.02
21/12/2022,0,5355000,17.9(0.00 %),0,5355000,0,0,561545723,0.02
22/12/2022,3800,69160000,18.2(1.68 %),3800,69160000,0,0,561541923,0.02
23/12/2022,0,69160000,18.9(3.85 %),0,69160000,0,0,561541923,0.02
26/12/2022,300,5460000,18.2(-3.70 %),300,5460000,0,0,561541623,0.02
27/12/2022,600,11010000,18.35(3.67 %),600,11010000,0,0,561541023,0.0
28/12/2022,100,1835000,18.35(-0.27 %),100,1835000,0,0,561540923,0.02
29/12/2022,0,1835000,18.15(-1.36 %),0,1835000,0,0,561540923,0.02
30/12/2022,100,1810000,18.1(-0.55 %),100,1810000,0,0,561540823,0.02
03/01/2023,0,1810000,18.4(1.66 %),0,1810000,0,0,561540823,0.02
04/01/2023,100,1900000,19(3.26 %),100,1900000,0,0,561540723,0.02
05/01/2023,100,1900000,19(0.00 %),100,1900000,0,0,561540623,0.02
06/01/2023,185,3515000,19(0.00 %),185,3515000,0,0,561540438,0.02
09/01/2023,0,3515000,19(0.00 %),0,3515000,0,0,561540438,0.02
10/01/2023,0,3515000,19(0.00 %),0,3515000,0,0,561540438,0.02
11/01/2023,100,1885000,18.85(-0.79 %),100,1885000,0,0,561540338,0.02
12/01/2023,100,1875000,18.75(-0.79 %),100,1875000,0,0,561540238,0.02
13/01/2023,100,1875000,18.75(-0.27 %),100,1875000,0,0,561540138,0.02
16/01/2023,0,1875000,18.7(-0.53 %),0,1875000,0,0,561540138,0.02
17/01/2023,905,16833000,18.6(-0.53 %),905,16833000,0,0,561539233,0.02
18/01/2023,0,16833000,18.5(-0.54 %),0,16833000,0,0,561539233,0.02
19/01/2023,0,16833000,19.1(3.24 %),0,16833000,0,0,561539233,0.02
27/01/2023,100,1975000,19.75(3.40 %),100,1975000,0,0,561539133,0.02
30/01/2023,0,1975000,19.75(-0.25 %),0,1975000,0,0,561539133,0.02
31/01/2023,0,1975000,19(-4.04 %),0,1975000,0,0,561539133,0.02
01/02/2023,-400,-7520000,18.8(-1.05 %),0,0,400,7520000,561539133,0.02
02/02/2023,0,-7520000,18.7(-0.53 %),0,0,0,7520000,561539133,0.02
03/02/2023,0,-7520000,18.8(0.53 %),0,0,0,7520000,561539533,0.02
06/02/2023,0,-7520000,18.55(-1.33 %),0,0,0,7520000,561539533,0.02
07/02/2023,0,-7520000,18.4(-1.08 %),0,0,0,7520000,561539533,0.02
08/02/2023,-400,-7680000,19.2(4.35 %),0,0,400,7680000,561539533,0.02
09/02/2023,0,-7680000,19.25(0.26 %),0,0,0,7680000,561539533,0.02
10/02/2023,100,1905000,19.05(-1.30 %),100,1905000,0,0,561539833,0.02
13/02/2023,0,1905000,19.3(1.05 %),0,1905000,0,0,561539833,0.02
14/02/2023,0,1905000,18.95(-1.81 %),0,1905000,0,0,561539833,0.02
15/02/2023,0,1905000,18.3(-3.68 %),0,1905000,0,0,561539833,0.02
16/02/2023,0,1905000,18.35(0.27 %),0,1905000,0,0,561539833,0.02
17/02/2023,0,1905000,18.8(2.17 %),0,1905000,0,0,561539833,0.02
20/02/2023,0,1905000,18.55(-1.33 %),0,1905000,0,0,561539833,0.02
21/02/2023,0,1905000,19.3(3.76 %),0,1905000,0,0,561539833,0.02
22/02/2023,0,1905000,19.2(-0.52 %),0,1905000,0,0,561539833,0.02
23/02/2023,0,1905000,18.8(-2.08 %),0,1905000,0,0,561539833,0.02
24/02/2023,0,1905000,18.5(-1.60 %),0,1905000,0,0,561539833,0.02
27/02/2023,0,1905000,18.7(1.08 %),0,1905000,0,0,561539833,0.02
28/02/2023,0,1905000,18.75(0.27 %),0,1905000,0,0,561539833,0.02
01/03/2023,0,1905000,18.7(-0.53 %),0,1905000,0,0,561539833,0.02
02/03/2023,0,1905000,18.75(0.27 %),0,1905000,0,0,561539833,0.02
03/03/2023,0,1905000,18.65(-0.80 %),0,1905000,0,0,561539833,0.02
06/03/2023,-1,-18900,18.9(1.07 %),0,0,1,18900,561539833,0.02
07/03/2023,0,-18900,18.85(-0.26 %),0,0,0,18900,561539833,0.02
08/03/2023,0,-18900,18.85(-0.26 %),0,0,0,18900,561539834,0.02
09/03/2023,0,-18900,18.85(-0.26 %),0,0,0,18900,561539834,0.02
10/03/2023,0,-18900,18.85(-0.26 %),0,0,0,18900,561539834,0.02
13/03/2023,0,-18900,18.85(-0.26 %),0,0,0,18900,561539834,0.02
14/03/2023,0,-18900,18.4(-2.65 %),0,0,0,18900,561539834,0.02
15/03/2023,0,-18900,18.5(0.54 %),0,0,0,18900,561539834,0.02
16/03/2023,0,-18900,18.35(-0.81 %),0,0,0,18900,561539834,0.02
17/03/2023,-1000,-18450000,18.45(0.27 %),0,0,1000,18450000,561539834,0.02
20/03/2023,200,3670000,18.35(-0.81 %),200,3670000,0,0,561539634,0.02
21/03/2023,0,1905000,18.35(-0.27 %),0,1905000,0,0,561540634,0.02
22/03/2023,0,0,18.45(0.27 %),0,0,0,0,561540634,0.02
23/03/2023,0,0,18.4(-0.54 %),0,0,0,0,561540634,0.02
24/03/2023,0,0,18.4(0.00 %),0,0,0,0,561540634,0.02
27/03/2023,0,0,18.4(0.00 %),0,0,0,0,561540634,0.02
28/03/2023,0,0,18.35(-0.27 %),0,0,0,0,561540634,0.0
29/03/2023,0,0,18.55(0.82 %),0,0,0,0,561540634,0.02
30/03/2023,0,0,18.8(1.08 %),0,0,0,0,561540634,0.02
31/03/2023,0,0,18.85(0.27 %),0,0,0,0,561540634,0.02
03/04/2023,0,0,18.8(-0.53 %),0,0,0,0,561540634,0.02
04/04/2023,0,0,18.85(0.27 %),0,0,0,0,561540634,0.02
05/04/2023,0,0,18.7(-1.06 %),0,0,0,0,561540634,0.02
06/04/2023,0,0,18.45(-1.34 %),0,0,0,0,561540634,0.02
07/04/2023,0,0,18.6(0.54 %),0,0,0,0,561540634,0.02
10/04/2023,0,0,18.75(0.81 %),0,0,0,0,561540634,0.02
11/04/2023,500,9450000,18.9(0.53 %),500,9450000,0,0,561540134,0.02
12/04/2023,0,9450000,19.45(2.91 %),0,9450000,0,0,561540134,0.02
13/04/2023,0,9450000,19.2(-1.54 %),0,9450000,0,0,561540134,0.02
14/04/2023,0,9450000,19.45(1.30 %),0,9450000,0,0,561540134,0.02
17/04/2023,0,9450000,19.3(-1.03 %),0,9450000,0,0,561540134,0.02
18/04/2023,700,13160000,18.8(-2.59 %),700,13160000,0,0,561539434,0.02
19/04/2023,100,1900000,19(1.06 %),100,1900000,0,0,561539334,0.02
20/04/2023,0,0,19.3(1.58 %),0,0,0,0,561539334,0.02
21/04/2023,-4,-77000,19.25(-0.26 %),0,0,4,77000,561539334,0.02
24/04/2023,0,-77000,18.8(-2.59 %),0,0,0,77000,561539334,0.02
25/04/2023,0,-77000,18.85(0.27 %),0,0,0,77000,561539338,0.02
26/04/2023,0,-77000,19(0.53 %),0,0,0,77000,561539338,0.02
27/04/2023,0,0,19.3(1.58 %),0,0,0,0,561539338,0.02
28/04/2023,0,0,19.3(0.00 %),0,0,0,0,561539338,0.02
04/05/2023,0,0,19.8(2.59 %),0,0,0,0,561539338,0.02
05/05/2023,0,0,20.9(5.56 %),0,0,0,0,561539338,0.02
08/05/2023,0,0,22.35(6.94 %),0,0,0,0,561539338,0.02
09/05/2023,0,0,22.6(0.89 %),0,0,0,0,561539338,0.02
10/05/2023,0,0,22.85(1.11 %),0,0,0,0,561539338,0.02
11/05/2023,0,0,22.45(-1.97 %),0,0,0,0,561539338,0.02
12/05/2023,-100,-2330000,23.2(3.11 %),0,0,100,2330000,561539338,0.02
15/05/2023,0,0,23.15(-0.22 %),0,0,0,0,561539338,0.02
16/05/2023,0,0,23(-0.65 %),0,0,0,0,561539338,0.02
17/05/2023,0,0,22.5(-2.17 %),0,0,0,0,561539338,0.02
18/05/2023,0,0,22.9(1.78 %),0,0,0,0,561539338,0.02
19/05/2023,0,0,23(0.44 %),0,0,0,0,561539338,0.02
22/05/2023,0,0,23.95(4.13 %),0,0,0,0,561539338,0.02
23/05/2023,0,0,25(4.38 %),0,0,0,0,561539338,0.02
24/05/2023,3000,77100000,25.05(0.20 %),3000,77100000,0,0,561536338,0.02
25/05/2023,0,0,24.8(-1.00 %),0,0,0,0,561536338,0.02
26/05/2023,0,0,25.2(1.61 %),0,0,0,0,561536338,0.02
29/05/2023,0,0,24.9(-1.19 %),0,0,0,0,561536338,0.02
30/05/2023,-100,-2490000,24.2(-2.81 %),0,0,100,2490000,561536438,0.02
31/05/2023,0,0,24.75(2.27 %),0,0,0,0,561536438,0.02
01/06/2023,0,0,24.45(-1.21 %),0,0,0,0,561536438,0.02
02/06/2023,0,0,24.65(0.82 %),0,0,0,0,561536438,0.02
05/06/2023,0,0,25.2(2.23 %),0,0,0,0,561536438,0.02
06/06/2023,200,5060000,25.3(0.40 %),200,5060000,0,0,561536238,0.02
07/06/2023,0,0,25.3(0.00 %),0,0,0,0,561536238,0.02
08/06/2023,0,0,24.45(-3.36 %),0,0,0,0,561536238,0.02
09/06/2023,0,0,24.45(0.00 %),0,0,0,0,561536238,0.02
12/06/2023,0,0,24.85(1.64 %),0,0,0,0,561536238,0.02
13/06/2023,0,0,25.55(2.82 %),0,0,0,0,561536238,0.02
14/06/2023,0,0,25.5(-0.20 %),0,0,0,0,561536238,0.02
15/06/2023,0,0,25.45(-0.20 %),0,0,0,0,561536238,0.02
16/06/2023,-400,-10200000,25.5(0.00 %),0,0,400,10200000,561536338,0.02
19/06/2023,0,0,25(-1.96 %),0,0,0,0,561536338,0.02
20/06/2023,0,0,24.85(-0.60 %),0,0,0,0,561536338,0.02
21/06/2023,0,0,24.95(0.20 %),0,0,0,0,561536738,0.02
22/06/2023,0,0,25.1(0.60 %),0,0,0,0,561536738,0.02
23/06/2023,0,0,25.3(0.80 %),0,0,0,0,561536738,0.02
26/06/2023,0,0,24.8(-1.98 %),0,0,0,0,561536738,0.02
27/06/2023,0,0,24.9(0.40 %),0,0,0,0,561536738,0.02
28/06/2023,0,0,24.8(-0.40 %),0,0,0,0,561536738,0.02
29/06/2023,0,0,24.75(-0.20 %),0,0,0,0,561536738,0.02
30/06/2023,0,0,24.9(0.40 %),0,0,0,0,561536738,0.02
03/07/2023,0,0,25(0.40 %),0,0,0,0,561536738,0.02
04/07/2023,0,0,24.9(-0.40 %),0,0,0,0,561536738,0.02
05/07/2023,0,0,24.85(-0.20 %),0,0,0,0,561536738,0.02
06/07/2023,0,0,24.8(-0.40 %),0,0,0,0,561536738,0.02
07/07/2023,0,0,25.1(1.21 %),0,0,0,0,561536738,0.02
10/07/2023,-1300,-32695000,25.15(0.20 %),0,0,1300,32695000,561538038,0.02
11/07/2023,-2800,-72240000,25.7(1.98 %),0,0,2800,72240000,561540838,0.02
12/07/2023,-400,-10770000,27.45(6.81 %),0,0,400,10770000,561541238,0.02
13/07/2023,700,19055000,27.6(0.36 %),700,19055000,0,0,561540538,0.02
14/07/2023,0,0,27.55(-0.18 %),0,0,0,0,561540538,0.02
17/07/2023,0,0,27.6(0.00 %),0,0,0,0,561540538,0.02
18/07/2023,100,2760000,27.4(-0.72 %),100,2760000,0,0,561540438,0.02
19/07/2023,200,5390000,26.7(-2.55 %),200,5390000,0,0,561540238,0.02
20/07/2023,100,2690000,26.8(0.37 %),100,2690000,0,0,561540138,0.02
21/07/2023,0,0,28.45(6.16 %),0,0,0,0,561540138,0.02
24/07/2023,0,0,28.7(0.70 %),0,0,0,0,561540138,0.02
25/07/2023,3400,95880000,28.6(-0.35 %),3400,95880000,0,0,561536738,0.02
26/07/2023,0,0,28.15(-1.57 %),0,0,0,0,561536738,0.02
27/07/2023,0,0,29.4(4.26 %),0,0,0,0,561536738,0.02
28/07/2023,0,0,29.9(1.70 %),0,0,0,0,561536738,0.02
31/07/2023,0,0,30.4(1.67 %),0,0,0,0,561536738,0.02
01/08/2023,100,3040000,29.3(-3.62 %),100,3040000,0,0,561536687,0.02
02/08/2023,0,0,29.25(-0.17 %),0,0,0,0,561536687,0.02
03/08/2023,0,0,29.1(-0.68 %),0,0,0,0,561536687,0.02
04/08/2023,0,0,29.55(1.55 %),0,0,0,0,561536587,0.02
07/08/2023,0,0,29.45(-0.34 %),0,0,0,0,561536587,0.02
08/08/2023,0,0,29.2(-0.85 %),0,0,0,0,561536587,0.02
09/08/2023,-200,-5780000,29.45(0.86 %),0,0,200,5780000,561536787,0.02
10/08/2023,2100,61685000,29.5(0.17 %),2100,61685000,0,0,561534687,0.02
11/08/2023,1000,29450000,29.5(0.00 %),1000,29450000,0,0,561533687,0.02
14/08/2023,0,0,29.8(1.02 %),0,0,0,0,561533687,0.02
15/08/2023,0,0,29.6(-0.67 %),0,0,0,0,561533687,0.02
16/08/2023,-100,-2950000,29.5(-0.34 %),0,0,100,2950000,561533687,0.02
17/08/2023,0,0,29.45(-0.17 %),0,0,0,0,561533687,0.02
18/08/2023,4000,113550000,28.2(-4.41 %),4000,113550000,0,0,561529787,0.02
21/08/2023,-300,-8730000,28.85(2.30 %),300,8670000,600,17400000,561529487,0.02
22/08/2023,0,0,28.8(-0.35 %),0,0,0,0,561529487,0.02
23/08/2023,1600,44925000,27.6(-4.17 %),1600,44925000,0,0,561528487,0.02
24/08/2023,500,14160000,27.55(-0.18 %),500,14160000,0,0,561527987,0.02
25/08/2023,0,0,27.8(0.91 %),0,0,0,0,561527987,0.02
28/08/2023,1400,39550000,29.2(5.04 %),1800,51185000,400,11635000,561526587,0.02
29/08/2023,0,0,28.8(-1.37 %),0,0,0,0,561526157,0.02
30/08/2023,0,0,28.7(-0.35 %),0,0,0,0,561526157,0.02
31/08/2023,0,0,29.2(1.74 %),0,0,0,0,561526557,0.02
05/09/2023,24800,721825000,29.25(0.17 %),24800,721825000,0,0,561501741,0.02
06/09/2023,100,2935000,30(2.56 %),100,2935000,0,0,561501641,0.02
07/09/2023,-100,-2620000,28.6(0.18 %),2100,59880000,2200,62500000,561499541,0.02
08/09/2023,-7100,-199160000,28.7(0.35 %),0,0,7100,199160000,561499541,0.02
11/09/2023,-800,-22675000,28.1(-2.09 %),0,0,800,22675000,561501741,0.02
12/09/2023,500,14050000,28.1(0.00 %),500,14050000,0,0,561508341,0.02
13/09/2023,300,8340000,27.8(-1.07 %),300,8340000,0,0,561508841,0.02
14/09/2023,0,0,28.1(1.08 %),0,0,0,0,561508841,0.02
15/09/2023,0,0,28(-0.36 %),0,0,0,0,561508841,0.02
18/09/2023,0,0,27.1(-3.21 %),0,0,0,0,561508841,0.02
19/09/2023,-3400,-90780000,27.05(-0.18 %),0,0,3400,90780000,561511241,0.02
20/09/2023,0,0,26.55(-1.85 %),0,0,0,0,561511241,0.02
21/09/2023,-200,-5320000,26.8(0.94 %),0,0,200,5320000,561511441,0.02
22/09/2023,-300,-7830000,26.65(-0.56 %),0,0,300,7830000,561511241,0.02
25/09/2023,300,7875000,26.45(-0.75 %),300,7875000,0,0,561511141,0.02
26/09/2023,-500,-13175000,26(-1.70 %),0,0,500,13175000,561511441,0.02
27/09/2023,0,0,26(0.00 %),0,0,0,0,561511441,0.02
28/09/2023,0,0,25.6(-1.54 %),0,0,0,0,561511441,0.02
29/09/2023,0,0,25.9(1.17 %),0,0,0,0,561511941,0.02
02/10/2023,0,0,25.5(-1.54 %),0,0,0,0,561511941,0.02
03/10/2023,0,0,24.5(-3.92 %),0,0,0,0,561511941,0.02
04/10/2023,-8500,-209295000,25.25(3.06 %),0,0,8500,209295000,561520441,0.02
05/10/2023,-12500,-305335000,24.95(-1.19 %),0,0,12500,305335000,561511941,0.02
06/10/2023,-900,-22150000,24(-3.81 %),400,9665000,1300,31815000,561512841,0.02
09/10/2023,0,0,24.6(2.50 %),0,0,0,0,561512841,0.02
10/10/2023,200,5050000,24.8(0.81 %),200,5050000,0,0,561533641,0.02
11/10/2023,0,0,24.7(-0.40 %),0,0,0,0,561533641,0.02
12/10/2023,0,0,24.85(0.61 %),0,0,0,0,561533641,0.02
13/10/2023,0,0,24.75(-0.40 %),0,0,0,0,561533641,0.02
16/10/2023,0,0,24(-3.03 %),0,0,0,0,561533641,0.02
17/10/2023,0,0,24(0.00 %),0,0,0,0,561533641,0.02
18/10/2023,100,2300000,23.55(-1.88 %),100,2300000,0,0,561533541,0.02
19/10/2023,0,0,23.1(-1.91 %),0,0,0,0,561533541,0.02
20/10/2023,0,0,22.7(-1.73 %),0,0,0,0,561533541,0.02
23/10/2023,200,4560000,22.8(0.44 %),200,4560000,0,0,561533341,0.02
24/10/2023,0,0,22.95(0.66 %),0,0,0,0,561533341,0.02
25/10/2023,0,0,23(0.22 %),0,0,0,0,561533341,0.02
26/10/2023,200,4190000,21.7(-5.65 %),700,15190000,500,11000000,561532612,0.02
27/10/2023,0,0,21.85(0.69 %),0,0,0,0,561532612,0.02
30/10/2023,0,0,21.8(-0.23 %),0,0,0,0,561533112,0.02
31/10/2023,0,0,21(-3.67 %),0,0,0,0,561533083,0.02
01/11/2023,0,0,20.9(-0.48 %),0,0,0,0,561533083,0.02
02/11/2023,0,0,21.2(1.44 %),0,0,0,0,561533083,0.02
03/11/2023,0,0,21.35(0.71 %),0,0,0,0,561533083,0.02
06/11/2023,-300,-6470000,21.65(1.41 %),0,0,300,6470000,561533383,0.02
07/11/2023,-200,-4330000,21.65(0.00 %),0,0,200,4330000,561533583,0.02
08/11/2023,-100,-2160000,22(1.62 %),0,0,100,2160000,561533383,0.02
09/11/2023,0,0,22(0.00 %),0,0,0,0,561533566,0.02
10/11/2023,0,0,22.55(2.50 %),0,0,0,0,561533666,0.02
13/11/2023,0,0,22.55(0.00 %),0,0,0,0,561533666,0.02
14/11/2023,-200,-4450000,22.15(-1.77 %),0,0,200,4450000,561533866,0.02
15/11/2023,0,0,22.25(0.45 %),0,0,0,0,561533866,0.02
16/11/2023,0,0,22.25(0.00 %),0,0,0,0,561533866,0.02
17/11/2023,0,0,21.8(-2.02 %),0,0,0,0,561533866,0.02
20/11/2023,-1000,-21600000,21.65(-0.69 %),0,0,1000,21600000,561533866,0.02
21/11/2023,0,0,21.7(0.23 %),0,0,0,0,561533866,0.02
22/11/2023,0,0,22.3(2.76 %),0,0,0,0,561534866,0.02
23/11/2023,0,0,21.6(-3.14 %),0,0,0,0,561534866,0.02
24/11/2023,0,0,22(1.85 %),0,0,0,0,561534866,0.02
27/11/2023,0,0,21.85(-0.68 %),0,0,0,0,561534866,0.02
28/11/2023,0,0,21.7(-0.69 %),0,0,0,0,561534866,0.02
29/11/2023,0,0,22.45(3.46 %),0,0,0,0,561534866,0.02
30/11/2023,0,0,22.75(1.34 %),0,0,0,0,561534866,0.02
01/12/2023,0,0,22.9(0.66 %),0,0,0,0,561534866,0.02
04/12/2023,0,0,23.9(4.37 %),0,0,0,0,561534866,0.02
05/12/2023,0,0,23.65(-1.05 %),0,0,0,0,561534866,0.02
06/12/2023,0,0,23.75(0.42 %),0,0,0,0,561534866,0.02
07/12/2023,0,0,23.8(0.21 %),0,0,0,0,561534866,0.02
08/12/2023,0,0,23.75(-0.21 %),0,0,0,0,561534866,0.02
11/12/2023,0,0,23.75(0.00 %),0,0,0,0,561534866,0.02
12/12/2023,0,0,23.65(-0.42 %),0,0,0,0,561534866,0.02
13/12/2023,0,0,23.6(-0.21 %),0,0,0,0,561534866,0.02
14/12/2023,0,0,23.55(-0.21 %),0,0,0,0,561534866,0.02
15/12/2023,0,0,23.2(-1.49 %),0,0,0,0,561534866,0.02
18/12/2023,900,21105000,23.45(1.08 %),900,21105000,0,0,561533966,0.02
19/12/2023,0,0,23.45(0.00 %),0,0,0,0,561533966,0.02
20/12/2023,-100,-2375000,23.75(1.28 %),0,0,100,2375000,561534066,0.02
21/12/2023,200,4760000,23.85(0.42 %),200,4760000,0,0,561533866,0.02
22/12/2023,-100,-2375000,23.8(-0.21 %),0,0,100,2375000,561533966,0.02
25/12/2023,0,0,23.85(0.21 %),0,0,0,0,561533966,0.02
26/12/2023,0,0,23.9(0.21 %),0,0,0,0,561533966,0.02
27/12/2023,0,0,24(0.42 %),0,0,0,0,561533966,0.02
28/12/2023,0,0,23.2(0.56 %),0,0,0,0,561533966,0.02
29/12/2023,0,0,23.2(0.00 %),0,0,0,0,561533966,0.02
02/01/2024,0,0,23.5(1.29 %),0,0,0,0,561534000,0.02
03/01/2024,0,0,23.8(1.28 %),0,0,0,0,561534016,0.02
04/01/2024,0,0,23.95(0.63 %),0,0,0,0,561534016,0.02
05/01/2024,-100,-2395000,23.95(0.00 %),0,0,100,2395000,561534116,0.02
08/01/2024,4000,94400000,23.55(-1.67 %),4000,94400000,0,0,561530116,0.02
09/01/2024,0,0,23.3(-1.06 %),0,0,0,0,561530100,0.02
10/01/2024,0,0,23.4(0.43 %),0,0,0,0,561530100,0.02
11/01/2024,0,0,23.3(-0.43 %),0,0,0,0,561530100,0.02
12/01/2024,0,0,23.3(0.00 %),0,0,0,0,561530116,0.02
15/01/2024,1000,23200000,23.4(0.43 %),1000,23200000,0,0,561529152,0.02
16/01/2024,0,0,23.3(-0.43 %),0,0,0,0,561529152,0.02
17/01/2024,0,0,23.35(0.21 %),0,0,0,0,561529152,0.02
18/01/2024,0,0,23.35(0.00 %),0,0,0,0,561529116,0.02
19/01/2024,100,2300000,23.1(-1.07 %),100,2300000,0,0,561529016,0.02
22/01/2024,0,0,22.9(-0.87 %),0,0,0,0,561529016,0.02
23/01/2024,-300,-6885000,22.9(0.00 %),0,0,300,6885000,561529316,0.02
24/01/2024,0,0,22.8(-0.44 %),0,0,0,0,561529316,0.02
25/01/2024,0,0,22.8(0.00 %),0,0,0,0,561529316,0.02
26/01/2024,0,0,22.9(0.44 %),0,0,0,0,561529316,0.02
29/01/2024,0,0,22.85(-0.22 %),0,0,0,0,561529344,0.02
30/01/2024,200,4480000,22.4(-1.97 %),200,4480000,0,0,561529152,0.02
31/01/2024,0,0,22.25(-0.67 %),0,0,0,0,561529152,0.02
01/02/2024,0,0,22.45(0.90 %),0,0,0,0,561529126,0.02
02/02/2024,0,0,22.5(0.22 %),0,0,0,0,561529152,0.02
05/02/2024,0,0,22.4(-0.44 %),0,0,0,0,561529126,0.02
06/02/2024,3100,69595000,22.45(0.22 %),3100,69595000,0,0,561526000,0.02
07/02/2024,-100,-2245000,22.55(0.45 %),0,0,100,2245000,561526000,0.02
15/02/2024,-1001,-22572550,22.55(0.00 %),0,0,1001,22572550,561526000,0.02
16/02/2024,-49,-1107400,22.55(0.00 %),0,0,49,1107400,561526144,0.02
19/02/2024,-1500,-33820000,22.6(0.22 %),0,0,1500,33820000,561527100,0.02
20/02/2024,0,0,22.85(1.11 %),0,0,0,0,561527200,0.02
21/02/2024,0,0,22.8(-0.22 %),0,0,0,0,561528700,0.02
22/02/2024,0,0,22.8(0.00 %),0,0,0,0,561528700,0.02
23/02/2024,0,0,22.7(-0.44 %),0,0,0,0,561528676,0.02
26/02/2024,0,0,22.4(-1.32 %),0,0,0,0,561528700,0.02
27/02/2024,0,0,22.6(0.89 %),0,0,0,0,561528676,0.02
28/02/2024,600,13560000,22.5(-0.44 %),600,13560000,0,0,561528076,0.02
29/02/2024,100,2230000,22.75(1.11 %),100,2230000,0,0,561528000,0.02
01/03/2024,0,0,22.3(-1.98 %),0,0,0,0,561527976,0.02
04/03/2024,-100,-2255000,22.3(0.00 %),0,0,100,2255000,561528076,0.02
05/03/2024,100,2270000,22.4(0.45 %),100,2270000,0,0,561527900,0.02
06/03/2024,0,0,22.3(-0.45 %),0,0,0,0,561527976,0.02
07/03/2024,1100,24620000,22.2(-0.22 %),1300,29090000,200,4470000,561526876,0.02
08/03/2024,-10000,-220000000,21.9(-1.35 %),0,0,10000,220000000,561536876,0.02
11/03/2024,0,0,21.8(-0.46 %),0,0,0,0,561536876,0.02
12/03/2024,0,0,21.9(0.46 %),0,0,0,0,561536900,0.02
13/03/2024,0,0,21.95(0.23 %),0,0,0,0,561536876,0.02
14/03/2024,-1200,-26400000,21.95(0.00 %),0,0,1200,26400000,561538076,0.02
15/03/2024,-1800,-39700000,22(0.23 %),400,8920000,2200,48620000,561539876,0.02
18/03/2024,0,0,22(0.00 %),0,0,0,0,561537664,0.02
19/03/2024,100,2190000,22(0.00 %),100,2190000,0,0,561539800,0.02
20/03/2024,0,0,22(0.00 %),0,0,0,0,561539776,0.02
21/03/2024,-700,-15400000,22(0.00 %),0,0,700,15400000,561540476,0.02
22/03/2024,0,0,21.9(-0.45 %),0,0,0,0,561540476,0.02
25/03/2024,0,0,21.45(-2.05 %),0,0,0,0,561540500,0.02
26/03/2024,100,2175000,21.4(-0.23 %),100,2175000,0,0,561540376,0.02
27/03/2024,0,0,21.5(0.47 %),0,0,0,0,561540352,0.02
28/03/2024,0,0,21.5(0.00 %),0,0,0,0,561540352,0.02
29/03/2024,-10500,-227100000,21.55(0.23 %),0,0,10500,227100000,561540352,0.02
01/04/2024,-500,-10850000,21.7(0.70 %),0,0,500,10850000,561540352,0.02
02/04/2024,-500,-10900000,21.75(0.23 %),0,0,500,10900000,561540876,0.02
03/04/2024,0,0,21.65(-0.46 %),0,0,0,0,561551360,0.02
04/04/2024,0,0,21.5(-0.69 %),0,0,0,0,561540876,0.02
05/04/2024,1400,29570000,21.45(-0.23 %),1800,38160000,400,8590000,561550100,0.02
08/04/2024,-100,-2160000,21.4(-0.23 %),0,0,100,2160000,561539576,0.02
09/04/2024,0,0,21.2(-0.93 %),0,0,0,0,561539576,0.02
10/04/2024,500,10350000,20.75(-2.12 %),500,10350000,0,0,561539076,0.02
11/04/2024,-100,-2100000,20.75(0.00 %),0,0,100,2100000,561550100,0.02
12/04/2024,0,0,20.75(0.00 %),0,0,0,0,561550100,0.02
15/04/2024,100,2090000,20.6(-0.72 %),100,2090000,0,0,561539076,0.02
16/04/2024,-100,-2065000,20.55(-0.24 %),0,0,100,2065000,561539176,0.02
17/04/2024,-600,-12425000,20.45(-0.49 %),0,0,600,12425000,561539676,0.02
19/04/2024,0,-35000,20.25(-0.98 %),100,2000000,100,2035000,561539676,0.02
22/04/2024,-800,-16200000,19.8(-2.22 %),0,0,800,16200000,561550600,0.02
23/04/2024,0,0,19.8(0.00 %),0,0,0,0,561550700,0.02
24/04/2024,0,0,20(1.01 %),0,0,0,0,561540476,0.02
25/04/2024,0,0,19.95(-0.25 %),0,0,0,0,561540476,0.02
26/04/2024,0,0,20(0.25 %),0,0,0,0,561551500,0.02
02/05/2024,0,0,20.05(0.25 %),0,0,0,0,561551500,0.02
03/05/2024,0,0,20.05(0.00 %),0,0,0,0,561551500,0.02
06/05/2024,1300,26080000,20(-0.25 %),1300,26080000,0,0,561550200,0.02
07/05/2024,-400,-8160000,20.45(2.25 %),0,0,400,8160000,561550200,0.02
08/05/2024,400,8040000,20.5(0.24 %),400,8040000,0,0,561549800,0.02
09/05/2024,-100,-2095000,21.3(3.90 %),0,0,100,2095000,561550200,0.02
10/05/2024,-1100,-23220000,21.2(-0.47 %),0,0,1100,23220000,561550200,0.02
13/05/2024,1000,20510000,21.15(-0.24 %),1000,20510000,0,0,561549300,0.02
14/05/2024,0,0,21.05(-0.47 %),0,0,0,0,561550407,0.02
15/05/2024,1000,21170000,21.1(0.24 %),1000,21170000,0,0,561549407,0.02
16/05/2024,0,60000,20.75(-1.66 %),100,2120000,100,2060000,561549407,0.02
17/05/2024,0,0,20.95(0.96 %),0,0,0,0,561549300,0.02
20/05/2024,600,12570000,20.95(0.00 %),600,12570000,0,0,561548800,0.02
21/05/2024,-500,-10600000,20.6(-1.67 %),0,0,500,10600000,561548800,0.02
22/05/2024,-200,-4130000,20.85(1.21 %),0,0,200,4130000,561548800,0.02
23/05/2024,0,0,20.85(0.00 %),0,0,0,0,561549300,0.02
24/05/2024,1300,27205000,20.85(0.00 %),1300,27205000,0,0,561548207,0.02
27/05/2024,-1900,-41850000,22.3(6.95 %),100,2150000,2000,44000000,561548100,0.02
28/05/2024,0,0,22.45(0.67 %),0,0,0,0,561548100,0.02
29/05/2024,-1000,-22560000,22.4(-0.22 %),200,4440000,1200,27000000,561549900,0.02
30/05/2024,200,4420000,22.4(0.00 %),200,4420000,0,0,561549700,0.02
31/05/2024,700,15360000,21.9(-2.23 %),800,17600000,100,2240000,561550100,0.02
03/06/2024,500,11030000,22.65(3.42 %),500,11030000,0,0,561550112,0.02
04/06/2024,0,-45000,23(1.55 %),300,6735000,300,6780000,561550112,0.02
05/06/2024,0,0,22.95(-0.22 %),0,0,0,0,561550112,0.02
06/06/2024,600,13600000,22.7(-1.09 %),700,15890000,100,2290000,561549012,0.02
07/06/2024,-600,-13620000,22.9(0.88 %),0,0,600,13620000,561549012,0.02
10/06/2024,1000,22750000,22.7(-0.87 %),1000,22750000,0,0,561548012,0.02
11/06/2024,2900,64670000,22.4(-1.32 %),2900,64670000,0,0,561549012,0.02
12/06/2024,-700,-15830000,22.8(1.79 %),0,0,700,15830000,561545812,0.02
13/06/2024,0,0,22.9(0.44 %),0,0,0,0,561545512,0.02
14/06/2024,400,9160000,22.9(0.00 %),400,9160000,0,0,561545812,0.02
17/06/2024,-3601,-82102850,22.9(0.00 %),0,0,3601,82102850,561545912,0.02
18/06/2024,-1304,-31217200,23.7(3.49 %),400,9675000,1704,40892200,561545512,0.02
19/06/2024,-700,-16670000,23.7(0.00 %),300,7260000,1000,23930000,561548813,0.02
20/06/2024,2100,52245000,25.35(6.96 %),2400,59850000,300,7605000,561548117,0.02
21/06/2024,700,18390000,26(2.56 %),1300,34190000,600,15800000,561547817,0.02
24/06/2024,0,-15000,25(-3.85 %),300,7790000,300,7805000,561547817,0.02
25/06/2024,-2100,-52810000,25.65(2.60 %),300,7575000,2400,60385000,561548117,0.02
26/06/2024,-700,-17570000,25.6(-0.19 %),0,0,700,17570000,561548417,0.02
27/06/2024,-300,-7555000,25.15(-1.76 %),0,0,300,7555000,561550817,0.02
28/06/2024,-300,-7440000,24.25(-3.58 %),0,0,300,7440000,561551517,0.02
04/07/2024,-200,-4860000,24.65(1.86 %),0,0,200,4860000,561551917,0.0
05/07/2024,0,0,24.75(0.41 %),0,0,0,0,561551917,0.0
08/07/2024,0,0,24.95(0.81 %),0,0,0,0,561551917,0.0
09/07/2024,100,2485000,24.8(-0.60 %),100,2485000,0,0,561551817,0.0
10/07/2024,0,0,24.65(-0.60 %),0,0,0,0,561551817,0.0
11/07/2024,0,0,24.55(-0.41 %),0,0,0,0,561551817,0.0
12/07/2024,900,21870000,24.45(-0.41 %),900,21870000,0,0,561550917,0.0
15/07/2024,0,0,24.3(-0.61 %),0,0,0,0,561550917,0.0
16/07/2024,0,0,24.4(0.41 %),0,0,0,0,561550917,0.0
17/07/2024,-900,-21720000,23.55(-3.48 %),0,0,900,21720000,561551817,0.0
18/07/2024,5500,125760000,23.7(0.64 %),5500,125760000,0,0,561546317,0.0
19/07/2024,0,0,23.55(-0.63 %),0,0,0,0,561546317,0.0
22/07/2024,0,0,22.6(-4.03 %),0,0,0,0,561546317,0.0
23/07/2024,-5500,-124110000,22.4(-0.88 %),0,0,5500,124110000,561551817,0.0
24/07/2024,0,0,22.6(0.89 %),0,0,0,0,561551817,0.0
25/07/2024,0,0,22.9(1.33 %),0,0,0,0,561551817,0.0
26/07/2024,0,0,23(0.44 %),0,0,0,0,561551817,0.0
29/07/2024,0,0,22.95(-0.22 %),0,0,0,0,561551817,0.0
30/07/2024,0,0,22.85(-0.44 %),0,0,0,0,561551817,0.0
31/07/2024,2500,55910000,22.35(-2.19 %),2500,55910000,0,0,561549317,0.0
01/08/2024,1100,24125000,22.4(0.22 %),1100,24125000,0,0,561549517,0.0
02/08/2024,0,0,22.6(0.89 %),0,0,0,0,561549517,0.0
05/08/2024,-200,-4480000,21.9(-3.10 %),0,0,200,4480000,561549717,0.0
06/08/2024,7800,168240000,22.1(0.91 %),10000,216500000,2200,48260000,561541917,0.0
07/08/2024,16300,353200000,22.15(0.23 %),16400,355400000,100,2200000,561525617,0.0
08/08/2024,800,17800000,22.15(0.00 %),1000,22200000,200,4400000,561524817,0.0
09/08/2024,100,2180000,21.6(-2.48 %),100,2180000,0,0,561524717,0.0
12/08/2024,200,4340000,22.15(2.55 %),200,4340000,0,0,561524517,0.0
13/08/2024,0,0,22.15(0.00 %),0,0,0,0,561524517,0.0
14/08/2024,0,0,21.95(-0.90 %),0,0,0,0,561524517,0.0
15/08/2024,0,0,21.6(-1.59 %),0,0,0,0,561524517,0.0
16/08/2024,-100,-2195000,22.05(2.08 %),0,0,100,2195000,561524617,0.0
19/08/2024,-2100,-46405000,22.05(0.00 %),0,0,2100,46405000,561526717,0.0
20/08/2024,4000,86015000,21.5(-2.49 %),4000,86015000,0,0,561522717,0.0
21/08/2024,0,0,21.9(1.86 %),0,0,0,0,561522717,0.0
22/08/2024,-200,-4360000,21.9(0.00 %),0,0,200,4360000,561522917,0.0
23/08/2024,0,0,21.6(-1.37 %),0,0,0,0,561522917,0.0
26/08/2024,-700,-15150000,21.6(0.00 %),0,0,700,15150000,561523617,0.0
27/08/2024,-200,-4330000,21.4(-0.93 %),0,0,200,4330000,561523817,0.0
28/08/2024,0,0,21.6(0.93 %),0,0,0,0,561523817,0.0
29/08/2024,-3200,-69600000,21.7(0.46 %),0,0,3200,69600000,561527017,0.0
30/08/2024,0,0,21.45(-1.15 %),0,0,0,0,561527017,0.0
04/09/2024,0,0,21.75(1.40 %),0,0,0,0,561522717,0.0
05/09/2024,100,2180000,21.45(-1.38 %),100,2180000,0,0,561522617,0.0
06/09/2024,300,6480000,21.6(0.70 %),300,6480000,0,0,561522317,0.0
09/09/2024,0,0,21.6(0.00 %),0,0,0,0,561522317,0.0
10/09/2024,400,8560000,21.6(0.00 %),400,8560000,0,0,561521917,0.0
11/09/2024,0,0,21.65(0.23 %),0,0,0,0,561521917,0.0
12/09/2024,0,0,21.7(0.23 %),0,0,0,0,561521917,0.0
13/09/2024,-100,-2190000,22(1.38 %),0,0,100,2190000,561522017,0.0
16/09/2024,0,0,21.85(-0.68 %),0,0,0,0,561522017,0.0
17/09/2024,-500,-10925000,21.85(0.00 %),0,0,500,10925000,561522517,0.0
18/09/2024,0,0,21.75(-0.46 %),0,0,0,0,561522517,0.0
19/09/2024,0,0,21.5(-1.15 %),0,0,0,0,561522517,0.0
20/09/2024,0,0,21.3(-0.93 %),0,0,0,0,561522517,0.0
23/09/2024,0,0,21.3(0.00 %),0,0,0,0,561522517,0.0
24/09/2024,0,0,21.35(0.23 %),0,0,0,0,561522517,0.0
25/09/2024,-300,-6360000,21.25(-0.47 %),0,0,300,6360000,561522817,0.0
26/09/2024,0,0,21.3(0.24 %),0,0,0,0,561522817,0.0
27/09/2024,0,0,21.1(-0.94 %),0,0,0,0,561522817,0.0
30/09/2024,-200,-4300000,21.2(0.47 %),0,0,200,4300000,561523017,0.0
01/10/2024,-1500,-31590000,21.2(0.00 %),0,0,1500,31590000,561526017,0.0
02/10/2024,0,0,21.4(0.94 %),0,0,0,0,561526017,0.0
03/10/2024,0,0,21.4(0.00 %),0,0,0,0,561526017,0.0
04/10/2024,100,2090000,20.9(-2.34 %),100,2090000,0,0,561525917,0.0
07/10/2024,-800,-16850000,20.9(0.00 %),200,4150000,1000,21000000,561526717,0.0
08/10/2024,2000,41900000,21(0.48 %),2000,41900000,0,0,561524717,0.0
09/10/2024,0,0,20.8(-0.95 %),0,0,0,0,561524717,0.0
10/10/2024,-200,-4200000,21.15(1.68 %),0,0,200,4200000,561524917,0.0
11/10/2024,0,0,21.05(-0.47 %),0,0,0,0,561524917,0.0
14/10/2024,0,0,20.6(-2.14 %),0,0,0,0,561524917,0.0
15/10/2024,100,2055000,20.55(-0.24 %),100,2055000,0,0,561524817,0.0
16/10/2024,0,0,21(2.19 %),0,0,0,0,561524817,0.0
17/10/2024,0,0,21.05(0.24 %),0,0,0,0,561524817,0.0
18/10/2024,0,0,21(-0.24 %),0,0,0,0,561524817,0.0
21/10/2024,0,0,20.7(-1.43 %),0,0,0,0,561524817,0.0
22/10/2024,100,2040000,20.4(-1.45 %),100,2040000,0,0,561524717,0.0
23/10/2024,1500,30120000,20.3(-0.49 %),1500,30120000,0,0,561523217,0.0
24/10/2024,0,0,20(-1.48 %),0,0,0,0,561523217,0.0
25/10/2024,0,0,20.4(2.00 %),0,0,0,0,561523217,0.0
28/10/2024,100,2000000,20.5(0.49 %),100,2000000,0,0,561523117,0.0
29/10/2024,0,0,20.85(1.71 %),0,0,0,0,561523117,0.0
30/10/2024,100,2005000,20(-4.08 %),100,2005000,0,0,561523017,0.0
31/10/2024,-1600,-31680000,19.8(-1.00 %),0,0,1600,31680000,561524617,0.0
01/11/2024,0,0,19.8(0.00 %),0,0,0,0,561524767,0.0
04/11/2024,0,0,19.9(0.51 %),0,0,0,0,561524767,0.0
05/11/2024,0,0,19.9(0.00 %),0,0,0,0,561524767,0.0
06/11/2024,0,0,19.9(0.00 %),0,0,0,0,561524767,0.0
07/11/2024,400,7825000,19.5(-2.01 %),400,7825000,0,0,561524367,0.0
08/11/2024,1200,23040000,19.4(-0.51 %),1200,23040000,0,0,561523167,0.0
11/11/2024,500,9700000,19.4(0.00 %),500,9700000,0,0,561522667,0.0
12/11/2024,-100,-2045000,19.2(-1.03 %),200,3880000,300,5925000,561523367,0.02
13/11/2024,200,3845000,19.3(0.52 %),200,3845000,0,0,561522567,0.0
14/11/2024,0,0,19.25(-0.26 %),0,0,0,0,561522567,0.0
15/11/2024,-1100,-21120000,19.1(-0.78 %),0,0,1100,21120000,561523667,0.0
18/11/2024,0,0,19.15(0.26 %),0,0,0,0,561523667,0.0
19/11/2024,0,0,19.1(-0.26 %),0,0,0,0,561523667,0.0
20/11/2024,-700,-13380000,19(-0.52 %),100,1900000,800,15280000,561524367,0.0
21/11/2024,0,0,19.05(0.26 %),0,0,0,0,561524367,0.0
22/11/2024,0,0,19.05(0.00 %),0,0,0,0,561524367,0.0
25/11/2024,0,0,19.35(1.57 %),0,0,0,0,561525967,0.02
26/11/2024,0,0,19.45(0.52 %),0,0,0,0,561525967,0.02
27/11/2024,0,0,19.1(-1.80 %),0,0,0,0,561525967,0.02
28/11/2024,2700,51570000,19.4(1.57 %),2700,51570000,0,0,561523267,0.02
29/11/2024,0,0,19.4(0.00 %),0,0,0,0,561523267,0.02
02/12/2024,0,0,19.35(-0.26 %),0,0,0,0,561523267,0.02
03/12/2024,0,0,19.25(-0.52 %),0,0,0,0,561523267,0.02
04/12/2024,0,0,19.1(-0.78 %),0,0,0,0,561523267,0.02
05/12/2024,0,0,19.1(0.00 %),0,0,0,0,561523267,0.02
09/12/2024,-100,-1905000,19.3(1.58 %),100,1920000,200,3825000,561523167,0.02
10/12/2024,0,0,19.25(-0.26 %),0,0,0,0,561523167,0.02
16/12/2024,0,0,19.25(0.00 %),0,0,0,0,561523367,0.02
17/12/2024,-5900,-112550000,19.05(-1.04 %),0,0,5900,112550000,561523367,0.02
18/12/2024,0,0,19.05(0.00 %),0,0,0,0,561523367,0.02
19/12/2024,-300,-5700000,19.05(0.00 %),0,0,300,5700000,561529267,0.02
20/12/2024,0,0,19.05(0.00 %),0,0,0,0,561529267,0.02
24/12/2024,0,0,19(-0.26 %),0,0,0,0,561529567,0.02
25/12/2024,0,0,19.3(1.58 %),0,0,0,0,561529567,0.02
26/12/2024,0,0,20.65(6.99 %),0,0,0,0,561529667,0.02
27/12/2024,1000,21535000,20.9(1.21 %),1500,32035000,500,10500000,561528167,0.02
30/12/2024,0,0,20.4(-2.39 %),0,0,0,0,561528157,0.02
31/12/2024,600,11880000,20.25(-0.74 %),600,11880000,0,0,561528057,0.02
02/01/2025,-1000,-19800000,20.25(0.00 %),0,0,1000,19800000,561528057,0.02
03/01/2025,1900,37020000,19.8(-2.22 %),2000,39030000,100,2010000,561526057,0.02
06/01/2025,1000,19150000,19.3(-2.53 %),1000,19150000,0,0,561526057,0.02
07/01/2025,-800,-15360000,19.35(0.26 %),0,0,800,15360000,561526057,0.02
08/01/2025,-300,-5775000,19.2(-0.78 %),0,0,300,5775000,561526157,0.02
09/01/2025,-100,-1925000,19.25(0.26 %),0,0,100,1925000,561526957,0.02
10/01/2025,400,7720000,19.3(0.26 %),500,9675000,100,1955000,561526757,0.02
13/01/2025,-2200,-42350000,19.3(0.00 %),0,0,2200,42350000,561526857,0.02
14/01/2025,0,0,19.15(-0.78 %),0,0,0,0,561526957,0.02
15/01/2025,-100,-1930000,19.3(0.78 %),0,0,100,1930000,561529157,0.02
16/01/2025,-100,-1960000,19.6(1.55 %),0,0,100,1960000,561529257,0.0
17/01/2025,0,0,19.65(0.26 %),0,0,0,0,561529257,0.02
20/01/2025,0,0,19.6(-0.25 %),0,0,0,0,561529357,0.02
21/01/2025,0,0,19.6(0.00 %),0,0,0,0,561529357,0.02
22/01/2025,0,0,19.35(-1.28 %),0,0,0,0,561529357,0.02
23/01/2025,0,0,19.35(0.00 %),0,0,0,0,561529357,0.02
24/01/2025,0,0,19.4(0.26 %),0,0,0,0,561529357,0.02
03/02/2025,-200,-3860000,0(0.00 %),0,0,200,3860000,561529357,0.02
04/02/2025,0,0,19.75(0.51 %),0,0,0,0,561529357,0.02
05/02/2025,0,0,19.9(0.76 %),0,0,0,0,561529557,0.02
06/02/2025,2000,40000000,19.85(-0.25 %),2000,40000000,0,0,561527557,0.02
07/02/2025,-300,-5970000,19.7(-0.76 %),0,0,300,5970000,561527557,0.02
10/02/2025,-100,-1975000,19.6(-0.51 %),0,0,100,1975000,561527557,0.02
11/02/2025,0,0,19.75(0.77 %),0,0,0,0,561527867,0.02
12/02/2025,4000,77600000,19.7(-0.25 %),4000,77600000,0,0,561523967,0.02
13/02/2025,5200,101390000,19.75(0.25 %),5300,103350000,100,1960000,561518667,0.02
14/02/2025,4100,80175000,19.6(-0.76 %),4300,84115000,200,3940000,561514367,0.02
17/02/2025,5700,112190000,19.6(0.00 %),5700,112190000,0,0,561508767,0.02
18/02/2025,3000,58245000,19.95(1.79 %),3300,64350000,300,6105000,561505667,0.02
19/02/2025,500,10040000,20.1(0.75 %),500,10040000,0,0,561505167,0.02
20/02/2025,200,3990000,20(-0.50 %),200,3990000,0,0,561505267,0.02
21/02/2025,0,0,19.9(-0.50 %),0,0,0,0,561505267,0.02
24/02/2025,1800,36060000,20(0.50 %),1800,36060000,0,0,561503467,0.02
25/02/2025,0,0,20.05(0.25 %),0,0,0,0,561503467,0.02
26/02/2025,0,0,20.05(0.00 %),0,0,0,0,561503467,0.02
27/02/2025,-1600,-32080000,20.2(0.75 %),0,0,1600,32080000,561503467,0.02
28/02/2025,0,0,20.1(-0.50 %),0,0,0,0,561503467,0.02
03/03/2025,100,1995000,20(-0.50 %),100,1995000,0,0,561504967,0.02
04/03/2025,0,0,19.95(-0.25 %),0,0,0,0,561504967,0.02
05/03/2025,0,0,19.95(0.00 %),0,0,0,0,561504967,0.02
06/03/2025,0,0,19.9(-0.25 %),0,0,0,0,561504967,0.02
07/03/2025,0,0,19.9(0.00 %),0,0,0,0,561504967,0.02
10/03/2025,0,0,19.85(-0.25 %),0,0,0,0,561504967,0.02
11/03/2025,0,0,19.8(-0.25 %),0,0,0,0,561504967,0.02
12/03/2025,0,0,19.95(0.76 %),0,0,0,0,561504967,0.02
13/03/2025,100,1985000,19.7(-1.25 %),100,1985000,0,0,561504867,0.02
14/03/2025,0,0,19.95(1.27 %),0,0,0,0,561504867,0.02
17/03/2025,0,0,19.95(0.00 %),0,0,0,0,561504867,0.02
18/03/2025,500,9915000,20(0.25 %),800,15990000,300,6075000,561504067,0.02
19/03/2025,1000,19850000,20(0.00 %),1000,19850000,0,0,561503067,0.02
20/03/2025,0,0,19.8(-1.00 %),0,0,0,0,561503367,0.02
21/03/2025,0,0,19.9(0.51 %),0,0,0,0,561503367,0.02
24/03/2025,0,0,19.9(0.00 %),0,0,0,0,561503367,0.02
25/03/2025,0,0,19.85(-0.25 %),0,0,0,0,561503367,0.02
26/03/2025,0,0,19.95(0.50 %),0,0,0,0,561503367,0.02
27/03/2025,0,0,19.85(-0.50 %),0,0,0,0,561503367,0.02
28/03/2025,-100,-1985000,19.85(0.00 %),0,0,100,1985000,561503367,0.02
31/03/2025,-500,-9800000,19.75(-0.50 %),0,0,500,9800000,561503367,0.02
01/04/2025,0,0,19.6(-0.76 %),0,0,0,0,561503467,0.02
02/04/2025,0,0,19.6(0.00 %),0,0,0,0,561503967,0.02
03/04/2025,-2400,-45570000,18.8(-4.08 %),0,0,2400,45570000,561503967,0.02
04/04/2025,0,0,18.5(-1.60 %),0,0,0,0,561503967,0.02
08/04/2025,-1400,-24640000,17.25(-6.76 %),0,0,1400,24640000,561506367,0.02
09/04/2025,-100,-1775000,17.2(-0.29 %),0,0,100,1775000,561506367,0.02
10/04/2025,1300,23920000,18.4(6.98 %),1300,23920000,0,0,561506467,0.02
11/04/2025,700,12965000,18.7(1.63 %),700,12965000,0,0,561505867,0.02
14/04/2025,500,9250000,19.2(2.67 %),500,9250000,0,0,561505367,0.02
15/04/2025,0,0,18.95(-1.30 %),0,0,0,0,561505367,0.02
16/04/2025,-100,-1890000,18.6(-1.85 %),0,0,100,1890000,561505367,0.02
17/04/2025,-100,-1870000,18.6(0.00 %),0,0,100,1870000,561505367,0.02
18/04/2025,0,0,19.05(2.42 %),0,0,0,0,561505467,0.02
21/04/2025,-100,-1900000,18.7(-1.84 %),0,0,100,1900000,561505567,0.02
22/04/2025,-700,-12750000,18.75(0.27 %),0,0,700,12750000,561505567,0.02
23/04/2025,0,0,18.85(0.53 %),0,0,0,0,561505667,0.02
24/04/2025,1500,28350000,18.7(-0.80 %),1500,28350000,0,0,561504867,0.02
25/04/2025,500,9350000,19(1.60 %),500,9350000,0,0,561504367,0.02
28/04/2025,-100,-1860000,18.8(-1.05 %),0,0,100,1860000,561504367,0.02
29/04/2025,0,0,18.8(0.00 %),0,0,0,0,561504367,0.02
05/05/2025,0,0,18.8(0.00 %),0,0,0,0,561504467,0.02
06/05/2025,0,0,18.9(0.53 %),0,0,0,0,561504467,0.02
07/05/2025,100,1910000,18.8(-0.53 %),100,1910000,0,0,561504367,0.02
08/05/2025,0,0,18.8(0.00 %),0,0,0,0,561504367,0.02
09/05/2025,0,0,19(1.06 %),0,0,0,0,561504367,0.02
12/05/2025,0,0,19(0.00 %),0,0,0,0,561504367,0.02
13/05/2025,0,0,19(0.00 %),0,0,0,0,561504367,0.02
14/05/2025,-200,-3840000,19.1(0.53 %),100,1920000,300,5760000,561504367,0.02
15/05/2025,0,0,19(-0.52 %),0,0,0,0,561504367,0.02
16/05/2025,0,0,19.15(0.79 %),0,0,0,0,561504567,0.02
19/05/2025,0,0,19.1(-0.26 %),0,0,0,0,561504567,0.02
20/05/2025,0,0,19.1(0.00 %),0,0,0,0,561504567,0.02
21/05/2025,0,0,19(-0.52 %),0,0,0,0,561504567,0.02
22/05/2025,0,0,19.15(0.79 %),0,0,0,0,561504567,0.02
23/05/2025,0,0,19.1(-0.26 %),0,0,0,0,561504567,0.02
26/05/2025,0,-18900000,19.05(-0.26 %),0,0,0,18900000,561504567,0.02
27/05/2025,0,0,19.1(0.26 %),0,0,0,0,561504567,0.02
28/05/2025,0,0,19.1(0.00 %),0,0,0,0,561505567,0.02
29/05/2025,0,0,19.1(0.00 %),0,0,0,0,561505567,0.02
30/05/2025,0,0,19(-0.52 %),0,0,0,0,561505567,0.02
02/06/2025,0,0,18.95(-0.26 %),0,0,0,0,561505567,0.02
03/06/2025,0,-11460000,19.05(0.53 %),0,0,0,11460000,561505567,0.02
04/06/2025,200,3820000,19.1(0.26 %),200,3820000,0,0,561505367,0.02
05/06/2025,0,0,19.2(0.52 %),0,0,0,0,561505967,0.02
06/06/2025,0,-1920000,19.2(0.00 %),0,0,0,1920000,561505967,0.02
09/06/2025,0,0,19.15(-0.26 %),0,0,0,0,561505967,0.02
10/06/2025,0,0,19.1(-0.26 %),0,0,0,0,561506067,0.02
11/06/2025,-100,-1920000,18.7(-2.09 %),0,0,100,1920000,561506067,0.02
12/06/2025,0,0,19.1(2.14 %),0,0,0,0,561506067,0.02
13/06/2025,0,0,19(-0.52 %),0,0,0,0,561506167,0.02
16/06/2025,-300,-5745000,19.05(0.26 %),0,0,300,5745000,561506167,0.02
17/06/2025,0,0,19(-0.26 %),0,0,0,0,561506167,0.02
18/06/2025,0,0,18.9(-0.53 %),0,0,0,0,561506479,0.02
19/06/2025,0,0,18.8(-0.53 %),0,0,0,0,561506479,0.02
20/06/2025,0,0,18.8(0.00 %),0,0,0,0,561506497,0.02
23/06/2025,0,0,18.8(0.00 %),0,0,0,0,561506497,0.02
24/06/2025,400,7415000,18.8(0.00 %),400,7415000,0,0,561506097,0.02
25/06/2025,0,0,18.9(0.53 %),0,0,0,0,561506097,0.02
26/06/2025,0,0,19(0.53 %),0,0,0,0,561506097,0.02
27/06/2025,0,0,18.8(-1.05 %),0,0,0,0,561506097,0.02
30/06/2025,200,3730000,18.9(0.53 %),200,3730000,0,0,561505897,0.02
01/07/2025,0,0,19.15(1.32 %),0,0,0,0,561505897,0.02
02/07/2025,0,0,19.05(-0.52 %),0,0,0,0,561505897,0.02
03/07/2025,100,1900000,19(-0.26 %),100,1900000,0,0,561505797,0.02
04/07/2025,0,0,18.95(-0.26 %),0,0,0,0,561505797,0.02
07/07/2025,-16300,-310200000,18.95(0.00 %),2000,38000000,18300,348200000,561505797,0.02
08/07/2025,0,0,18.95(0.00 %),0,0,0,0,561505797,0.02
09/07/2025,-2000,-37200000,18.95(0.00 %),0,0,2000,37200000,561522097,0.02
10/07/2025,0,0,19(0.26 %),0,0,0,0,561522097,0.02
11/07/2025,-1600,-30440000,19.05(0.26 %),200,3800000,1800,34240000,561524097,0.02
14/07/2025,0,0,19.1(0.26 %),0,0,0,0,561524097,0.02
15/07/2025,0,0,19.1(0.00 %),0,0,0,0,561525697,0.02
16/07/2025,0,0,19(-0.52 %),0,0,0,0,561525697,0.02
17/07/2025,-400,-7845000,19.25(1.32 %),100,1905000,500,9750000,561525697,0.02
18/07/2025,0,0,19.2(-0.26 %),0,0,0,0,561525697,0.02
21/07/2025,0,0,19.2(0.00 %),0,0,0,0,561526097,0.02
22/07/2025,0,0,19.15(-0.26 %),0,0,0,0,561526097,0.02
23/07/2025,-100,-1900000,19.15(0.00 %),0,0,100,1900000,561526097,0.02
24/07/2025,0,0,19(-0.78 %),0,0,0,0,561526097,0.02
25/07/2025,400,7600000,19.1(0.53 %),400,7600000,0,0,561525797,0.02
28/07/2025,1300,24560000,19.1(0.00 %),1300,24560000,0,0,561524497,0.02
29/07/2025,0,0,18.85(-1.31 %),0,0,0,0,561524497,0.02
30/07/2025,0,0,18.85(0.00 %),0,0,0,0,561524497,0.02
31/07/2025,-1600,-30390000,19.3(2.39 %),100,1910000,1700,32300000,561524497,0.02
01/08/2025,1700,32760000,20.65(6.99 %),1700,32760000,0,0,561522797,0.02
04/08/2025,300,6560000,21.7(5.08 %),300,6560000,0,0,561524097,0.02
05/08/2025,200,4140000,20.25(-6.68 %),200,4140000,0,0,561523897,0.02
06/08/2025,-1400,-28325000,20.2(-0.25 %),300,6015000,1700,34340000,561523897,0.02
07/08/2025,0,0,20.1(-0.50 %),0,0,0,0,561523897,0.02
08/08/2025,-100,-2050000,20.15(0.25 %),0,0,100,2050000,561525297,0.02
11/08/2025,400,8115000,20.2(0.25 %),400,8115000,0,0,561524897,0.02
12/08/2025,0,0,20.65(2.23 %),0,0,0,0,561524997,0.02
13/08/2025,-100,-2070000,20.75(0.48 %),0,0,100,2070000,561524997,0.02
14/08/2025,-400,-8400000,20.75(0.00 %),0,0,400,8400000,561524997,0.02
15/08/2025,0,0,20.35(-1.93 %),0,0,0,0,561525097,0.02
18/08/2025,5200,107275000,21.15(3.93 %),5200,107275000,0,0,561520297,0.02
19/08/2025,100,2130000,21.05(-0.47 %),100,2130000,0,0,561520197,0.02
20/08/2025,700,14390000,20.85(-0.95 %),700,14390000,0,0,561519497,0.02
21/08/2025,-800,-16380000,20.8(-0.24 %),0,0,800,16380000,561519497,0.02
22/08/2025,-1100,-22385000,20.55(-1.20 %),0,0,1100,22385000,561519497,0.02
25/08/2025,-500,-10370000,20.55(0.00 %),0,0,500,10370000,561519497,0.02
