Ngay,KLGDRong,GTDGRong,ThayDoi,KLMua,GtMua,KLBan,GtBan,RoomConLai,DangSoHuu
02/01/2007,-1000,-51000000,50(5.04 %),0,0,1000,51000000,0,0.0
03/01/2007,5000,275000000,54.3(6.89 %),5000,275000000,0,0,0,0.0
04/01/2007,0,0,56(3.13 %),0,0,0,0,0,0.0
05/01/2007,5400,346400000,64.4(9.34 %),5400,346400000,0,0,0,0.0
08/01/2007,11800,829240000,70.1(8.85 %),11800,829240000,0,0,0,0.0
09/01/2007,14100,1087110000,77.1(9.99 %),15600,1202760000,1500,115650000,0,0.0
10/01/2007,-100,-8480000,84.8(9.99 %),0,0,100,8480000,0,0.0
11/01/2007,0,0,93.2(20.88 %),0,0,0,0,0,0.0
12/01/2007,5200,530170000,102(9.80 %),7700,785420000,2500,255250000,0,0.0
15/01/2007,-2500,-252900000,109(6.86 %),1200,123200000,3700,376100000,0,0.0
16/01/2007,-1400,-154210000,104(-0.67 %),200,20990000,1600,175200000,0,0.0
18/01/2007,0,0,92.9(-9.98 %),0,0,0,0,0,0.0
19/01/2007,300,27000000,90.5(-3.21 %),300,27000000,0,0,0,0.0
22/01/2007,13300,1264440000,91(2.94 %),50200,4820820000,36900,3556380000,0,0.0
23/01/2007,12500,1206280000,96(0.21 %),30200,2940900000,17700,1734620000,0,0.0
25/01/2007,200,18400000,91.9(-4.07 %),200,18400000,0,0,0,0.0
26/01/2007,0,0,89.9(-1.32 %),0,0,0,0,0,0.0
29/01/2007,0,0,90(0.45 %),0,0,0,0,0,0.0
30/01/2007,-3300,-303600000,90.2(0.89 %),0,0,3300,303600000,0,0.0
31/01/2007,-5900,-550280000,93(2.42 %),400,37300000,6300,587580000,0,0.0
01/02/2007,-6400,-601600000,94(1.08 %),2000,188000000,8400,789600000,0,0.0
02/02/2007,300,28500000,94(0.00 %),300,28500000,0,0,0,0.0
05/02/2007,0,0,95(0.96 %),0,0,0,0,0,0.0
06/02/2007,-1000,-92350000,90.5(-5.83 %),100,9050000,1100,101400000,0,0.0
07/02/2007,400,36800000,92(1.21 %),400,36800000,0,0,0,0.0
08/02/2007,700,65550000,92(-0.97 %),700,65550000,0,0,0,0.0
09/02/2007,0,0,92.9(0.00 %),0,0,0,0,0,0.0
12/02/2007,0,0,83.7(-9.90 %),0,0,0,0,0,0.0
13/02/2007,-6700,-610280000,92(7.23 %),0,0,6700,610280000,0,0.0
14/02/2007,-3500,-323100000,92(0.33 %),0,0,3500,323100000,0,0.0
15/02/2007,-2200,-202400000,90(-1.85 %),0,0,2200,202400000,0,0.0
26/02/2007,-10000,-900500000,90(-2.60 %),0,0,10000,900500000,0,0.0
27/02/2007,-14900,-1356960000,92.9(3.22 %),0,0,14900,1356960000,0,0.0
28/02/2007,-2400,-221380000,95(3.37 %),0,0,2400,221380000,0,0.0
01/03/2007,0,0,94.7(-0.53 %),0,0,0,0,0,0.0
02/03/2007,-700,-65100000,93(-2.72 %),0,0,700,65100000,0,0.0
05/03/2007,0,0,91.5(-2.03 %),0,0,0,0,0,0.0
06/03/2007,0,0,91.5(0.88 %),0,0,0,0,0,0.0
07/03/2007,-6900,-628400000,89(-3.37 %),0,0,6900,628400000,0,0.0
08/03/2007,0,0,91(-0.44 %),0,0,0,0,0,0.0
09/03/2007,-500,-44940000,90(-0.88 %),0,0,500,44940000,0,0.0
12/03/2007,-1700,-153500000,90.5(-0.33 %),600,54300000,2300,207800000,0,0.0
13/03/2007,-5100,-459000000,90(-0.22 %),1500,135000000,6600,594000000,0,0.0
14/03/2007,-1300,-116300000,89.5(-0.89 %),1400,126700000,2700,243000000,0,0.0
15/03/2007,-100,-8900000,86(-5.29 %),200,17800000,300,26700000,0,0.0
16/03/2007,-20000,-1807250000,92.1(4.78 %),0,0,20000,1807250000,0,0.0
19/03/2007,-17300,-1573800000,91(0.55 %),500,46000000,17800,1619800000,0,0.0
20/03/2007,1000,94200000,93(2.09 %),1000,94200000,0,0,0,0.0
21/03/2007,0,0,95(1.71 %),0,0,0,0,0,0.0
22/03/2007,-500,-48500000,96(0.21 %),0,0,500,48500000,0,0.0
23/03/2007,0,0,96(-0.52 %),0,0,0,0,0,0.0
26/03/2007,700,68200000,93(-2.92 %),1500,143400000,800,75200000,0,0.0
27/03/2007,0,0,91.5(-2.97 %),0,0,0,0,0,0.0
28/03/2007,0,0,90(-2.49 %),0,0,0,0,0,0.0
29/03/2007,0,0,95.5(6.23 %),0,0,0,0,0,0.0
30/03/2007,100,9400000,93(-2.92 %),100,9400000,0,0,0,0.0
02/04/2007,100,9200000,91.5(-2.45 %),100,9200000,0,0,0,0.0
03/04/2007,0,0,92.5(-0.43 %),0,0,0,0,0,0.0
04/04/2007,-200,-18400000,93(0.43 %),0,0,200,18400000,0,0.0
05/04/2007,13000,1234990000,95(2.37 %),13100,1244500000,100,9510000,0,0.0
06/04/2007,16700,1619300000,97.5(2.63 %),16700,1619300000,0,0,0,0.0
09/04/2007,0,0,99(1.75 %),0,0,0,0,0,0.0
10/04/2007,4600,467880000,105(6.38 %),4700,477880000,100,10000000,0,0.0
11/04/2007,1200,129000000,109(6.34 %),1200,129000000,0,0,0,0.0
12/04/2007,1000,114000000,111.3(1.27 %),1000,114000000,0,0,0,0.0
13/04/2007,100,10500000,104(-7.88 %),100,10500000,0,0,0,0.0
16/04/2007,17900,1901110000,105(-1.69 %),20000,2123860000,2100,222750000,0,0.0
17/04/2007,-1400,-141400000,100(-6.02 %),0,0,1400,141400000,0,0.0
18/04/2007,0,0,101(-0.10 %),0,0,0,0,0,0.0
19/04/2007,0,0,101(0.60 %),0,0,0,0,0,0.0
20/04/2007,3400,354500000,100(-2.72 %),3400,354500000,0,0,0,0.0
23/04/2007,-3300,-314300000,95(-8.92 %),0,0,3300,314300000,0,0.0
24/04/2007,0,0,95(-3.16 %),0,0,0,0,0,0.0
25/04/2007,0,0,95(-0.52 %),0,0,0,0,0,0.0
02/05/2007,9100,909100000,100(5.26 %),10000,1000000000,900,90900000,0,0.0
03/05/2007,0,0,100(-0.10 %),0,0,0,0,0,0.0
04/05/2007,6700,661600000,98(0.00 %),6700,661600000,0,0,0,0.0
07/05/2007,0,0,100(1.32 %),0,0,0,0,0,0.0
08/05/2007,0,0,100(0.00 %),0,0,0,0,0,0.0
09/05/2007,20200,2054500000,102(2.00 %),20200,2054500000,0,0,0,0.0
10/05/2007,500,51500000,101.9(0.00 %),500,51500000,0,0,0,0.0
11/05/2007,0,0,102(0.10 %),0,0,0,0,0,0.0
14/05/2007,200,20190000,100(-0.89 %),200,20190000,0,0,0,0.0
15/05/2007,-1300,-131900000,100(-0.30 %),0,0,1300,131900000,0,0.0
16/05/2007,8000,796400000,99.4(-1.00 %),8000,796400000,0,0,0,0.0
17/05/2007,-12800,-1268300000,99(-0.60 %),21000,2086000000,33800,3354300000,0,0.0
18/05/2007,-2700,-269400000,97.9(-1.41 %),5000,497700000,7700,767100000,0,0.0
21/05/2007,500,50000000,100.3(0.91 %),500,50000000,0,0,0,0.0
22/05/2007,5000,516500000,103.3(3.09 %),5000,516500000,0,0,0,0.0
23/05/2007,4300,451990000,103(-0.29 %),18000,1893780000,13700,1441790000,0,0.0
24/05/2007,9400,970400000,103.2(-1.53 %),9400,970400000,0,0,0,0.0
25/05/2007,0,0,100(-3.10 %),0,0,0,0,0,0.0
28/05/2007,300,29750000,98.9(-1.00 %),300,29750000,0,0,0,0.0
29/05/2007,8300,812640000,97.8(-0.91 %),8300,812640000,0,0,0,0.0
30/05/2007,10400,1031250000,100(2.04 %),10400,1031250000,0,0,0,0.0
31/05/2007,-500,-49010000,98(-1.21 %),0,0,500,49010000,0,0.0
01/06/2007,0,0,95(-4.04 %),0,0,0,0,0,0.0
04/06/2007,0,0,95.5(-1.75 %),0,0,0,0,0,0.0
05/06/2007,5300,511200000,97(1.89 %),5300,511200000,0,0,0,0.0
06/06/2007,0,0,96.5(0.10 %),0,0,0,0,0,0.0
07/06/2007,-1400,-134180000,96.5(-0.41 %),0,0,1400,134180000,0,0.0
08/06/2007,-1600,-154400000,96.5(0.52 %),0,0,1600,154400000,0,0.0
11/06/2007,0,0,95.5(-1.04 %),0,0,0,0,0,0.0
12/06/2007,0,0,96.1(0.63 %),0,0,0,0,0,0.0
13/06/2007,0,0,96.1(0.21 %),0,0,0,0,0,0.0
14/06/2007,0,0,95.5(-0.73 %),0,0,0,0,0,0.0
15/06/2007,0,0,94(-1.67 %),0,0,0,0,0,0.0
18/06/2007,100,9510000,95(-0.11 %),100,9510000,0,0,0,0.0
19/06/2007,300,28500000,95(0.00 %),300,28500000,0,0,0,0.0
20/06/2007,-7700,-731500000,94(-0.84 %),0,0,7700,731500000,0,0.0
21/06/2007,0,0,89(-6.22 %),0,0,0,0,0,0.0
22/06/2007,0,0,87(-2.25 %),0,0,0,0,0,0.0
25/06/2007,-2000,-176500000,87(-1.36 %),13000,1130900000,15000,1307400000,0,0.0
26/06/2007,0,0,86.5(-0.69 %),0,0,0,0,0,0.0
27/06/2007,-300,-24900000,82.5(-4.51 %),0,0,300,24900000,0,0.0
28/06/2007,0,0,80(-3.38 %),0,0,0,0,0,0.0
29/06/2007,0,0,80(0.00 %),0,0,0,0,0,0.0
02/07/2007,0,0,80.3(0.38 %),0,0,0,0,0,0.0
03/07/2007,100,8800000,83.1(3.62 %),100,8800000,0,0,0,0.0
04/07/2007,0,0,83.1(0.48 %),0,0,0,0,0,0.0
05/07/2007,100,9100000,91(9.51 %),100,9100000,0,0,0,0.0
06/07/2007,0,0,92(1.55 %),0,0,0,0,0,0.0
09/07/2007,0,0,93.3(0.00 %),0,0,0,0,0,0.0
10/07/2007,0,0,94(0.75 %),0,0,0,0,0,0.0
11/07/2007,0,0,94(0.00 %),0,0,0,0,0,0.0
12/07/2007,100,9250000,91.9(2.00 %),100,9250000,0,0,0,0.0
13/07/2007,0,0,94(1.95 %),0,0,0,0,0,0.0
16/07/2007,0,0,92(-2.13 %),0,0,0,0,0,0.0
17/07/2007,0,0,85(-7.61 %),0,0,0,0,0,0.0
18/07/2007,-100,-7650000,82.1(-3.41 %),0,0,100,7650000,0,0.0
19/07/2007,0,0,82.8(0.00 %),0,0,0,0,0,0.0
20/07/2007,0,0,82.8(0.00 %),0,0,0,0,0,0.0
23/07/2007,0,0,85.5(3.26 %),28700,2439500000,28700,2439500000,0,0.0
24/07/2007,0,0,85(0.00 %),0,0,0,0,0,0.0
25/07/2007,2000,166000000,83(-2.35 %),2000,166000000,0,0,0,0.0
26/07/2007,0,0,82(-1.20 %),0,0,0,0,0,0.0
27/07/2007,0,0,82(0.37 %),0,0,0,0,0,0.0
30/07/2007,0,0,82(0.00 %),0,0,0,0,0,0.0
31/07/2007,100,8900000,89(8.54 %),100,8900000,0,0,0,0.0
01/08/2007,200,17800000,86(-3.37 %),200,17800000,0,0,0,0.0
02/08/2007,0,0,89.9(0.00 %),0,0,0,0,0,0.0
03/08/2007,300,26970000,82.1(-8.68 %),300,26970000,0,0,0,0.0
06/08/2007,500,40000000,80(-6.98 %),500,40000000,0,0,0,0.0
07/08/2007,0,0,79.7(-1.36 %),0,0,0,0,0,0.0
08/08/2007,0,0,61.1(3.21 %),0,0,0,0,0,0.0
09/08/2007,0,0,63(3.11 %),0,0,0,0,0,0.0
10/08/2007,0,0,66(4.76 %),0,0,0,0,0,0.0
13/08/2007,0,0,66.2(1.53 %),0,0,0,0,0,0.0
14/08/2007,5000,330770000,66(0.46 %),5000,330770000,0,0,0,0.0
15/08/2007,0,0,65(-1.81 %),0,0,0,0,0,0.0
16/08/2007,0,0,66.3(0.00 %),0,0,0,0,0,0.0
17/08/2007,0,0,66(-0.45 %),0,0,0,0,0,0.0
20/08/2007,0,0,66.6(0.00 %),0,0,0,0,0,0.0
21/08/2007,0,0,66.6(0.00 %),0,0,0,0,0,0.0
22/08/2007,0,0,60(-9.91 %),0,0,0,0,0,0.0
23/08/2007,100,6400000,64(6.67 %),100,6400000,0,0,0,0.0
24/08/2007,5000,312500000,62.5(-2.34 %),5000,312500000,0,0,0,0.0
27/08/2007,500,31650000,63.3(1.12 %),500,31650000,0,0,0,0.0
28/08/2007,0,0,61.7(0.00 %),0,0,0,0,0,0.0
29/08/2007,0,0,61.7(0.00 %),0,0,0,0,0,0.0
30/08/2007,1200,76800000,60.2(-2.43 %),1200,76800000,0,0,0,0.0
31/08/2007,1000,61950000,62(-2.67 %),1000,61950000,0,0,0,0.0
04/09/2007,0,0,61.5(0.00 %),0,0,0,0,0,0.0
05/09/2007,0,0,61.5(0.00 %),0,0,0,0,0,0.0
06/09/2007,0,0,61.5(0.00 %),0,0,0,0,0,0.0
07/09/2007,0,0,60.5(-1.63 %),0,0,0,0,0,0.0
10/09/2007,0,0,62(2.14 %),0,0,0,0,0,0.0
11/09/2007,0,0,62(0.00 %),0,0,0,0,0,0.0
12/09/2007,0,0,62(0.00 %),0,0,0,0,0,0.0
13/09/2007,0,0,62(0.00 %),0,0,0,0,0,0.0
14/09/2007,100,6000000,60(-3.23 %),100,6000000,0,0,0,0.0
17/09/2007,0,0,58(0.17 %),0,0,0,0,0,0.0
18/09/2007,-300,-17250000,57.5(0.00 %),0,0,300,17250000,0,0.0
19/09/2007,0,0,58.3(1.57 %),0,0,0,0,0,0.0
20/09/2007,0,0,59(1.03 %),0,0,0,0,0,0.0
21/09/2007,0,0,59(-0.17 %),0,0,0,0,0,0.0
24/09/2007,0,0,60(1.69 %),0,0,0,0,0,0.0
25/09/2007,0,0,60.5(1.68 %),0,0,0,0,0,0.0
26/09/2007,0,0,61(2.69 %),0,0,0,0,0,0.0
27/09/2007,-900,-53060000,64.6(6.08 %),600,38440000,1500,91500000,0,0.0
28/09/2007,0,0,66(7.14 %),0,0,0,0,0,0.0
01/10/2007,-13400,-950320000,73(8.47 %),1000,70480000,14400,1020800000,0,0.0
02/10/2007,500,38000000,73.5(3.67 %),500,38000000,0,0,0,0.0
03/10/2007,0,0,77(1.72 %),0,0,0,0,0,0.0
04/10/2007,0,0,76(-3.18 %),0,0,0,0,0,0.0
05/10/2007,0,0,72(-0.41 %),0,0,0,0,0,0.0
08/10/2007,0,0,68(-6.34 %),0,0,0,0,0,0.0
09/10/2007,100,7000000,71(1.43 %),100,7000000,0,0,0,0.0
10/10/2007,0,0,71.5(1.13 %),0,0,0,0,0,0.0
11/10/2007,0,0,72(0.84 %),0,0,0,0,0,0.0
12/10/2007,0,0,71.5(-1.38 %),0,0,0,0,0,0.0
15/10/2007,0,0,74(2.92 %),0,0,0,0,0,0.0
16/10/2007,-500,-37730000,77(5.19 %),0,0,500,37730000,0,0.0
17/10/2007,100,7480000,74.8(-0.66 %),100,7480000,0,0,0,0.0
18/10/2007,-200,-15300000,72(-7.10 %),100,7200000,300,22500000,0,0.0
19/10/2007,0,0,74(-0.27 %),0,0,0,0,0,0.0
22/10/2007,100,7000000,74(1.09 %),100,7000000,0,0,0,0.0
23/10/2007,-900,-64860000,71.8(-0.55 %),0,0,900,64860000,0,0.0
24/10/2007,0,0,71.5(-0.28 %),0,0,0,0,0,0.0
25/10/2007,-2500,-178870000,71(-0.42 %),300,21470000,2800,200340000,0,0.0
26/10/2007,-200,-14360000,71(-0.56 %),0,0,200,14360000,0,0.0
29/10/2007,-2300,-166000000,71(0.00 %),0,0,2300,166000000,0,0.0
30/10/2007,-1700,-122210000,72(-0.83 %),0,0,1700,122210000,0,0.0
31/10/2007,100,7200000,71(-1.25 %),100,7200000,0,0,0,0.0
01/11/2007,0,0,72(1.27 %),0,0,0,0,0,0.0
02/11/2007,0,0,71.9(-0.96 %),0,0,0,0,0,0.0
05/11/2007,0,0,69(-4.56 %),0,0,0,0,0,0.0
06/11/2007,0,0,67.5(-3.16 %),0,0,0,0,0,0.0
07/11/2007,0,0,67(-1.62 %),0,0,0,0,0,0.0
08/11/2007,0,0,66(-1.64 %),0,0,0,0,0,0.0
09/11/2007,-300,-20100000,66(-0.45 %),0,0,300,20100000,0,0.0
12/11/2007,0,0,63(-3.52 %),0,0,0,0,0,0.0
13/11/2007,0,0,58.3(-9.89 %),0,0,0,0,0,0.0
14/11/2007,400,25600000,64(9.22 %),400,25600000,0,0,0,0.0
15/11/2007,0,0,64(0.16 %),0,0,0,0,0,0.0
16/11/2007,0,0,64(0.16 %),0,0,0,0,0,0.0
19/11/2007,400,25600000,68(6.42 %),400,25600000,0,0,0,0.0
20/11/2007,0,0,68(3.19 %),0,0,0,0,0,0.0
21/11/2007,0,0,60.1(-8.80 %),0,0,0,0,0,0.0
22/11/2007,0,0,61(0.99 %),0,0,0,0,0,0.0
23/11/2007,0,0,62.5(2.46 %),0,0,0,0,0,0.0
26/11/2007,-200,-12550000,62(-1.59 %),0,0,200,12550000,0,0.0
27/11/2007,0,0,62.1(-0.64 %),0,0,0,0,0,0.0
28/11/2007,0,0,62(-0.16 %),0,0,0,0,0,0.0
29/11/2007,3000,189500000,64(2.73 %),3000,189500000,0,0,0,0.0
30/11/2007,0,0,64(1.27 %),0,0,0,0,0,0.0
03/12/2007,0,0,63.5(-1.40 %),0,0,0,0,0,0.0
04/12/2007,0,0,66.4(4.57 %),0,0,0,0,0,0.0
05/12/2007,0,0,65.3(0.15 %),0,0,0,0,0,0.0
06/12/2007,5000,337230000,67(2.29 %),5000,337230000,0,0,0,0.0
07/12/2007,0,0,67.5(0.15 %),0,0,0,0,0,0.0
10/12/2007,0,0,61.7(-8.86 %),0,0,0,0,0,0.0
11/12/2007,5900,375600000,64(3.39 %),5900,375600000,0,0,0,0.0
12/12/2007,0,0,62.5(-0.16 %),0,0,0,0,0,0.0
13/12/2007,0,0,66(3.29 %),0,0,0,0,0,0.0
14/12/2007,0,0,64.5(8.59 %),0,0,0,0,0,0.0
17/12/2007,0,0,66.7(3.41 %),0,0,0,0,0,0.0
18/12/2007,0,0,69.5(4.83 %),0,0,0,0,0,0.0
19/12/2007,0,0,70(3.40 %),0,0,0,0,0,0.0
20/12/2007,0,0,72.5(1.97 %),0,0,0,0,0,0.0
21/12/2007,0,0,70.1(-2.91 %),0,0,0,0,0,0.0
24/12/2007,0,0,68.5(-2.42 %),0,0,0,0,0,0.0
25/12/2007,0,0,67(-3.74 %),0,0,0,0,0,0.0
26/12/2007,0,0,62.5(-6.72 %),0,0,0,0,0,0.0
27/12/2007,0,0,62.8(0.00 %),0,0,0,0,0,0.0
28/12/2007,-600,-37970000,60.5(-4.12 %),100,6280000,700,44250000,0,0.0
02/01/2008,-1000,-62700000,65(3.67 %),0,0,1000,62700000,0,0.0
03/01/2008,1200,75600000,63(0.00 %),1200,75600000,0,0,0,0.0
04/01/2008,0,0,67(5.51 %),0,0,0,0,0,0.0
07/01/2008,0,0,63(-7.08 %),0,0,0,0,0,0.0
08/01/2008,0,0,64(-1.39 %),0,0,0,0,0,0.0
09/01/2008,0,0,62.9(0.00 %),0,0,0,0,0,0.0
10/01/2008,0,0,62(-1.59 %),0,0,0,0,0,0.0
11/01/2008,0,0,55.9(-9.98 %),0,0,0,0,0,0.0
14/01/2008,0,0,55(-3.00 %),0,0,0,0,0,0.0
15/01/2008,0,0,56(2.94 %),0,0,0,0,0,0.0
16/01/2008,0,0,62(9.93 %),0,0,0,0,0,0.0
17/01/2008,0,0,65(8.15 %),0,0,0,0,0,0.0
18/01/2008,0,0,60(-7.69 %),0,0,0,0,0,0.0
21/01/2008,0,0,60(1.35 %),0,0,0,0,0,0.0
22/01/2008,0,0,60(1.35 %),0,0,0,0,0,0.0
23/01/2008,-3000,-159930000,54(-8.78 %),0,0,3000,159930000,0,0.0
24/01/2008,0,0,53.5(-0.19 %),0,0,0,0,0,0.0
25/01/2008,0,0,53(-4.33 %),0,0,0,0,0,0.0
28/01/2008,0,0,55(5.36 %),0,0,0,0,0,0.0
29/01/2008,0,0,57(6.15 %),0,0,0,0,0,0.0
30/01/2008,0,0,61.5(7.14 %),0,0,0,0,0,0.0
31/01/2008,0,0,60(0.67 %),0,0,0,0,0,0.0
01/02/2008,0,0,57.1(-4.83 %),0,0,0,0,0,0.0
12/02/2008,100,5910000,59.1(2.60 %),100,5910000,0,0,0,0.0
13/02/2008,0,0,59(-0.17 %),0,0,0,0,0,0.0
14/02/2008,200,11800000,59(0.00 %),300,17700000,100,5900000,0,0.0
15/02/2008,0,0,58(-1.69 %),0,0,0,0,0,0.0
18/02/2008,0,0,53(-8.62 %),0,0,0,0,0,0.0
19/02/2008,100,5500000,54(0.75 %),100,5500000,0,0,0,0.0
20/02/2008,0,0,50(-7.58 %),0,0,0,0,0,0.0
21/02/2008,100,4510000,45(-10.00 %),100,4510000,0,0,0,0.0
22/02/2008,0,0,48.5(7.78 %),0,0,0,0,0,0.0
25/02/2008,0,0,45.6(9.88 %),0,0,0,0,0,0.0
26/02/2008,0,0,41.6(-8.77 %),0,0,0,0,0,0.0
27/02/2008,-1000,-41800000,43(2.87 %),0,0,1000,41800000,0,0.0
28/02/2008,-1000,-41600000,41.1(-1.20 %),0,0,1000,41600000,0,0.0
29/02/2008,0,0,40.1(-3.37 %),0,0,0,0,0,0.0
03/03/2008,0,0,39(-4.65 %),0,0,0,0,0,0.0
04/03/2008,0,0,36.1(-9.98 %),0,0,0,0,0,0.0
05/03/2008,0,0,33.5(-8.47 %),0,0,0,0,0,0.0
06/03/2008,0,0,36.6(9.91 %),0,0,0,0,0,0.0
07/03/2008,0,0,40.2(9.84 %),0,0,0,0,0,0.0
10/03/2008,0,0,44.1(9.70 %),0,0,0,0,0,0.0
11/03/2008,0,0,40(-6.76 %),0,0,0,0,0,0.0
12/03/2008,1000,42000000,40(-3.38 %),1000,42000000,0,0,0,0.0
13/03/2008,1000,42000000,41.5(0.00 %),1000,42000000,0,0,0,0.0
14/03/2008,0,0,42(1.20 %),0,0,0,0,0,0.0
17/03/2008,-1000,-37320000,36.7(-9.83 %),0,0,1000,37320000,0,0.0
18/03/2008,300,9270000,33.6(-9.92 %),3100,104160000,2800,94890000,0,0.0
19/03/2008,-1900,-65790000,32.6(-3.26 %),0,0,1900,65790000,0,0.0
20/03/2008,-5000,-160980000,31.6(-9.71 %),0,0,5000,160980000,0,0.0
21/03/2008,-4000,-121790000,30(-7.12 %),0,0,4000,121790000,0,0.0
24/03/2008,0,0,27.3(-9.90 %),0,0,0,0,0,0.0
25/03/2008,-3000,-75040000,24.9(-9.78 %),0,0,3000,75040000,0,0.0
26/03/2008,-31900,-797520000,25(0.00 %),3100,77490000,35000,875010000,0,0.0
27/03/2008,-9000,-229500000,25.5(2.00 %),1000,25500000,10000,255000000,0,0.0
28/03/2008,-6700,-174200000,26(1.96 %),0,0,6700,174200000,0,0.0
31/03/2008,0,0,26.5(1.92 %),0,0,0,0,0,0.0
01/04/2008,0,0,27(1.89 %),0,0,0,0,0,0.0
02/04/2008,0,0,27.5(1.85 %),0,0,0,0,0,0.0
03/04/2008,0,0,28(1.82 %),0,0,0,0,0,0.0
04/04/2008,0,0,28.5(1.79 %),0,0,0,0,0,0.0
07/04/2008,0,0,29.3(2.81 %),0,0,0,0,0,0.0
08/04/2008,41300,1208460000,29.3(0.00 %),41300,1208460000,0,0,0,0.0
09/04/2008,6500,195650000,30.1(2.73 %),6500,195650000,0,0,0,0.0
10/04/2008,12000,371800000,31(2.99 %),12000,371800000,0,0,0,0.0
11/04/2008,8200,256610000,31.9(2.90 %),8200,256610000,0,0,0,0.0
16/04/2008,500,16150000,32.3(2.87 %),500,16150000,0,0,0,0.0
17/04/2008,0,0,33.2(2.79 %),0,0,0,0,0,0.0
18/04/2008,3000,102300000,34.1(2.71 %),3000,102300000,0,0,0,0.0
21/04/2008,0,0,35.1(2.93 %),0,0,0,0,0,0.0
22/04/2008,-200,-7220000,36.1(2.85 %),0,0,200,7220000,0,0.0
23/04/2008,18800,677380000,35.1(-2.77 %),23800,862880000,5000,185500000,0,0.0
24/04/2008,9600,344910000,36(-0.55 %),9600,344910000,0,0,0,0.0
25/04/2008,7700,273570000,35.5(-1.11 %),7700,273570000,0,0,0,0.0
28/04/2008,10200,364450000,36.5(2.82 %),10200,364450000,0,0,0,0.0
29/04/2008,10000,365180000,36.8(2.79 %),10000,365180000,0,0,0,0.0
05/05/2008,0,0,35.5(-2.74 %),0,0,0,0,0,0.0
06/05/2008,-5800,-209350000,36.4(-0.55 %),14200,516840000,20000,726190000,0,0.0
07/05/2008,-500,-18170000,36.3(0.00 %),9500,344850000,10000,363020000,0,0.0
08/05/2008,5000,181640000,36.5(0.55 %),5000,181640000,0,0,0,0.0
09/05/2008,6000,216890000,35.9(-1.10 %),6000,216890000,0,0,0,0.0
12/05/2008,9000,321690000,36(-0.28 %),11000,391890000,2000,70200000,0,0.0
13/05/2008,15000,519000000,34.6(-2.81 %),15000,519000000,0,0,0,0.0
14/05/2008,-700,-23520000,33.6(-2.89 %),0,0,700,23520000,0,0.0
15/05/2008,-2000,-65200000,32.6(-2.98 %),0,0,2000,65200000,0,0.0
16/05/2008,-800,-25040000,31.4(-2.48 %),200,6260000,1000,31300000,0,0.0
19/05/2008,0,0,32.1(2.56 %),0,0,0,0,0,0.0
20/05/2008,0,0,31.8(2.25 %),0,0,0,0,0,0.0
21/05/2008,-2300,-70710000,31.6(0.00 %),800,24560000,3100,95270000,0,0.0
22/05/2008,200,5980000,29.9(-2.92 %),200,5980000,0,0,0,0.0
23/05/2008,200,5820000,29.1(-2.68 %),200,5820000,0,0,0,0.0
26/05/2008,0,0,29.1(0.00 %),0,0,0,0,0,0.0
27/05/2008,-100,-2830000,28.3(-2.75 %),0,0,100,2830000,0,0.0
28/05/2008,100,2760000,27.6(-2.82 %),100,2760000,0,0,0,0.0
29/05/2008,0,0,26.8(-2.90 %),0,0,0,0,0,0.0
30/05/2008,0,0,27(0.75 %),0,0,0,0,0,0.0
02/06/2008,0,0,27(0.00 %),0,0,0,0,0,0.0
03/06/2008,0,0,26.2(-2.96 %),0,0,0,0,0,0.0
04/06/2008,0,0,25.5(-2.67 %),0,0,0,0,0,0.0
05/06/2008,1600,40320000,25.2(-2.70 %),1600,40320000,0,0,0,0.0
06/06/2008,0,0,24.5(-2.78 %),0,0,0,0,0,0.0
09/06/2008,0,0,23.8(-2.86 %),0,0,0,0,0,0.0
10/06/2008,0,0,23.1(-2.94 %),0,0,0,0,0,0.0
11/06/2008,0,0,23.7(2.60 %),0,0,0,0,0,0.0
12/06/2008,1000,24100000,24.1(2.12 %),1000,24100000,0,0,0,0.0
13/06/2008,0,0,24.1(2.99 %),2000,48200000,2000,48200000,0,0.0
16/06/2008,200,4960000,24.8(2.90 %),5200,128960000,5000,124000000,0,0.0
17/06/2008,0,0,25.5(2.82 %),0,0,0,0,0,0.0
18/06/2008,-1800,-47870000,25(-1.96 %),1000,25490000,2800,73360000,0,0.0
19/06/2008,900,22410000,24.9(-3.86 %),900,22410000,0,0,0,0.0
20/06/2008,700,17380000,26.5(3.92 %),700,17380000,0,0,0,0.0
23/06/2008,0,0,26.5(3.11 %),0,0,0,0,0,0.0
24/06/2008,0,0,27.5(3.77 %),0,0,0,0,0,0.0
25/06/2008,0,0,28.6(4.00 %),0,0,0,0,0,0.0
26/06/2008,-2000,-57200000,28.6(0.00 %),0,0,2000,57200000,0,0.0
27/06/2008,0,0,28.3(0.00 %),0,0,0,0,0,0.0
30/06/2008,0,0,29.9(3.82 %),0,0,0,0,0,0.0
01/07/2008,0,0,30.8(3.70 %),0,0,0,0,0,0.0
02/07/2008,0,0,31.7(3.93 %),0,0,0,0,0,0.0
03/07/2008,-28000,-894690000,31.5(1.94 %),0,0,28000,894690000,0,0.0
04/07/2008,0,0,33.2(3.75 %),0,0,0,0,0,0.0
07/07/2008,3000,98700000,32.8(0.31 %),3000,98700000,0,0,0,0.0
08/07/2008,100,3300000,33(0.30 %),100,3300000,0,0,0,0.0
09/07/2008,0,0,32(-3.03 %),0,0,0,0,0,0.0
10/07/2008,0,0,31.2(-4.00 %),0,0,0,0,0,0.0
11/07/2008,4100,124060000,30(-3.85 %),4100,124060000,0,0,0,0.0
14/07/2008,-28700,-887720000,30.5(1.33 %),0,0,28700,887720000,0,0.0
15/07/2008,2000,63800000,32.2(3.87 %),2000,63800000,0,0,0,0.0
16/07/2008,0,0,32.2(0.31 %),0,0,0,0,0,0.0
17/07/2008,0,0,32(-1.84 %),0,0,0,0,0,0.0
18/07/2008,0,0,31.2(-4.00 %),0,0,0,0,0,0.0
21/07/2008,0,0,31.2(0.00 %),0,0,0,0,0,0.0
22/07/2008,0,0,30(-3.85 %),0,0,0,0,0,0.0
23/07/2008,0,0,27.9(-3.79 %),0,0,0,0,0,0.0
24/07/2008,0,0,26.8(-3.94 %),0,0,0,0,0,0.0
25/07/2008,1000,25800000,25.8(-3.73 %),1000,25800000,0,0,0,0.0
28/07/2008,3200,83610000,25.8(0.00 %),3200,83610000,0,0,0,0.0
29/07/2008,0,0,24.5(-2.00 %),0,0,0,0,0,0.0
30/07/2008,0,0,24.4(-3.94 %),0,0,0,0,0,0.0
31/07/2008,0,0,25.3(3.69 %),0,0,0,0,0,0.0
01/08/2008,1000,25000000,25.5(3.66 %),1000,25000000,0,0,0,0.0
04/08/2008,317900,7950570000,25(0.00 %),322900,8070810000,5000,120240000,0,0.0
05/08/2008,5800,145340000,25.1(3.72 %),5800,145340000,0,0,0,0.0
06/08/2008,100,2610000,26.1(3.98 %),100,2610000,0,0,0,0.0
07/08/2008,2500,67750000,27.1(3.83 %),2500,67750000,0,0,0,0.0
08/08/2008,1400,39340000,28.1(3.69 %),1500,42150000,100,2810000,0,0.0
11/08/2008,-1800,-53760000,29.2(3.91 %),1200,33840000,3000,87600000,0,0.0
12/08/2008,-5000,-151000000,30.2(3.78 %),0,0,5000,151000000,0,0.0
13/08/2008,-20000,-628000000,31.4(3.97 %),0,0,20000,628000000,0,0.0
14/08/2008,-6900,-223560000,32.4(3.85 %),38100,1234440000,45000,1458000000,0,0.0
15/08/2008,0,0,33.6(3.70 %),0,0,0,0,0,0.0
18/08/2008,3100,111290000,35.9(6.85 %),3100,111290000,0,0,0,0.0
19/08/2008,10500,403200000,38.4(6.96 %),10500,403200000,0,0,0,0.0
20/08/2008,17800,729800000,41(6.77 %),17800,729800000,0,0,0,0.0
21/08/2008,4800,210240000,43.8(6.83 %),4800,210240000,0,0,0,0.0
22/08/2008,1800,84240000,46.8(6.85 %),1800,84240000,0,0,0,0.0
25/08/2008,4400,220000000,50(6.84 %),4400,220000000,0,0,0,0.0
26/08/2008,7600,406600000,53.5(7.00 %),8100,433350000,500,26750000,0,0.0
27/08/2008,5600,320320000,57.2(6.92 %),5700,326040000,100,5720000,0,0.0
28/08/2008,132600,8066190000,56(-2.10 %),150100,9134250000,17500,1068060000,0,0.0
29/08/2008,-3800,-214320000,56.4(-6.93 %),0,0,3800,214320000,0,0.0
03/09/2008,-2100,-126840000,56.5(0.00 %),0,0,2100,126840000,0,0.0
04/09/2008,1000,64300000,60(-0.17 %),1000,64300000,0,0,0,0.0
05/09/2008,0,0,59.5(-6.89 %),0,0,0,0,0,0.0
08/09/2008,-300,-16650000,55.5(-6.88 %),0,0,300,16650000,0,0.0
09/09/2008,0,0,51.7(-6.85 %),0,0,0,0,0,0.0
10/09/2008,0,0,48.1(-6.96 %),0,0,0,0,0,0.0
11/09/2008,0,0,44.8(-6.86 %),0,0,0,0,0,0.0
12/09/2008,0,0,41.7(-6.92 %),0,0,0,0,0,0.0
15/09/2008,-1400,-54320000,38.9(-6.71 %),0,0,1400,54320000,0,0.0
16/09/2008,0,0,37(-4.88 %),0,0,0,0,0,0.0
17/09/2008,0,0,34.5(-6.76 %),0,0,0,0,0,0.0
18/09/2008,0,0,32.1(-6.96 %),0,0,0,0,0,0.0
19/09/2008,700,24010000,34.3(6.85 %),700,24010000,0,0,0,0.0
22/09/2008,200,7060000,35.3(6.97 %),200,7060000,0,0,0,0.0
23/09/2008,3500,130050000,37.7(6.80 %),3500,130050000,0,0,0,0.0
24/09/2008,3800,152380000,39.4(5.07 %),3800,152380000,0,0,0,0.0
25/09/2008,1000,39880000,40.1(0.50 %),1000,39880000,0,0,0,0.0
26/09/2008,1100,43050000,39.9(-0.25 %),1100,43050000,0,0,0,0.0
29/09/2008,1000,38500000,37.5(-5.06 %),1000,38500000,0,0,0,0.0
30/09/2008,800,28560000,40.9(6.79 %),800,28560000,0,0,0,0.0
01/10/2008,700,27220000,39(1.04 %),700,27220000,0,0,0,0.0
02/10/2008,0,0,39(0.00 %),0,0,0,0,0,0.0
03/10/2008,0,0,41(0.99 %),0,0,0,0,0,0.0
06/10/2008,0,0,41(0.00 %),0,0,0,0,0,0.0
07/10/2008,200,7640000,38.2(-6.83 %),1200,45840000,1000,38200000,0,0.0
08/10/2008,500,17800000,35.6(-6.81 %),500,17800000,0,0,0,0.0
09/10/2008,5500,182600000,33.2(-6.74 %),6000,199200000,500,16600000,0,0.0
10/10/2008,0,0,30.9(-6.93 %),0,0,0,0,0,0.0
13/10/2008,-6200,-178560000,28.8(-6.80 %),0,0,6200,178560000,0,0.0
14/10/2008,2400,73920000,30.8(6.94 %),2500,77000000,100,3080000,0,0.0
15/10/2008,1000,30900000,31(0.65 %),1000,30900000,0,0,0,0.0
16/10/2008,1500,44100000,30(-4.76 %),1500,44100000,0,0,0,0.0
17/10/2008,4000,120000000,31(5.08 %),4000,120000000,0,0,0,0.0
20/10/2008,0,0,30(-0.33 %),0,0,0,0,0,0.0
21/10/2008,500,15200000,31.6(4.29 %),500,15200000,0,0,0,0.0
22/10/2008,13300,380380000,28.6(-6.84 %),13300,380380000,0,0,0,0.0
23/10/2008,0,0,26.6(-6.99 %),0,0,0,0,0,0.0
24/10/2008,-200,-5300000,25(-6.02 %),0,0,200,5300000,0,0.0
27/10/2008,-600,-14070000,23.6(-6.35 %),100,2380000,700,16450000,0,0.0
28/10/2008,0,0,24(0.84 %),0,0,0,0,0,0.0
29/10/2008,0,0,25.2(6.78 %),0,0,0,0,0,0.0
30/10/2008,1500,39250000,26.9(6.75 %),1500,39250000,0,0,0,0.0
31/10/2008,100,2700000,28(5.66 %),100,2700000,0,0,0,0.0
03/11/2008,50000,1425000000,28.3(4.81 %),50000,1425000000,0,0,0,0.0
04/11/2008,0,0,29.6(6.86 %),0,0,0,0,0,0.0
05/11/2008,0,0,31.4(6.80 %),0,0,0,0,0,0.0
06/11/2008,300,8790000,29.3(-6.69 %),300,8790000,0,0,0,0.0
07/11/2008,0,0,27.3(-6.83 %),0,0,0,0,0,0.0
10/11/2008,0,0,27(-1.46 %),0,0,0,0,0,0.0
11/11/2008,0,0,26.5(-1.49 %),0,0,0,0,0,0.0
12/11/2008,0,0,27(0.37 %),0,0,0,0,0,0.0
13/11/2008,0,0,26.9(-0.37 %),0,0,0,0,0,0.0
14/11/2008,0,0,27(0.00 %),0,0,0,0,0,0.0
17/11/2008,0,0,25.6(-6.23 %),0,0,0,0,0,0.0
18/11/2008,0,0,25.7(0.00 %),0,0,0,0,0,0.0
19/11/2008,0,0,26.3(1.54 %),0,0,0,0,0,0.0
20/11/2008,0,0,26.2(0.00 %),0,0,0,0,0,0.0
21/11/2008,0,300000,25.7(0.00 %),3000,77400000,3000,77100000,0,0.0
24/11/2008,-1000,-26000000,26(1.17 %),0,0,1000,26000000,0,0.0
25/11/2008,0,0,26(0.00 %),0,0,0,0,0,0.0
26/11/2008,0,0,25.9(-0.77 %),0,0,0,0,0,0.0
27/11/2008,-3500,-89700000,25.5(-2.30 %),0,0,3500,89700000,0,0.0
28/11/2008,131000,3581980000,27.4(6.61 %),131000,3581980000,0,0,0,0.0
01/12/2008,2000,54800000,25.6(-6.57 %),2000,54800000,0,0,0,0.0
02/12/2008,0,0,26(-3.35 %),0,0,0,0,0,0.0
03/12/2008,0,0,27.5(3.00 %),0,0,0,0,0,0.0
04/12/2008,0,0,25.6(-6.91 %),0,0,0,0,0,0.0
05/12/2008,0,0,26(0.78 %),0,0,0,0,0,0.0
08/12/2008,0,-1530000,24.3(-6.54 %),1200,29670000,1200,31200000,0,0.0
09/12/2008,45900,1209050000,27(3.85 %),46800,1232450000,900,23400000,0,0.0
10/12/2008,66700,1759540000,26.3(0.00 %),66700,1759540000,0,0,0,0.0
11/12/2008,227700,6411950000,28.2(6.82 %),227700,6411950000,0,0,0,0.0
12/12/2008,2500,74590000,29.6(4.96 %),3000,89400000,500,14810000,0,0.0
15/12/2008,515500,14710560000,29.8(0.34 %),515500,14710560000,0,0,0,0.0
16/12/2008,102500,3123720000,30(0.00 %),102500,3123720000,0,0,0,0.0
17/12/2008,81400,2516850000,32(4.92 %),81400,2516850000,0,0,0,0.0
18/12/2008,34300,1072130000,31.5(1.94 %),34300,1072130000,0,0,0,0.0
19/12/2008,28500,887190000,31.2(0.00 %),28500,887190000,0,0,0,0.0
22/12/2008,10300,318040000,30.2(-2.89 %),10300,318040000,0,0,0,0.0
23/12/2008,24500,739030000,29(-5.84 %),24600,742030000,100,3000000,0,0.0
24/12/2008,0,0,28.5(-4.68 %),0,0,0,0,0,0.0
25/12/2008,0,0,29.9(3.82 %),0,0,0,0,0,0.0
26/12/2008,-200,-5980000,29.9(1.01 %),0,0,200,5980000,0,0.0
29/12/2008,0,0,29.7(0.00 %),0,0,0,0,0,0.0
30/12/2008,0,0,27.7(-6.73 %),0,0,0,0,0,0.0
31/12/2008,-100,-2700000,28(0.72 %),0,0,100,2700000,0,0.0
02/01/2009,0,0,28.2(0.00 %),0,0,0,0,12360800,30.61
05/01/2009,0,0,29(1.05 %),0,0,0,0,12360800,30.61
06/01/2009,0,0,28.5(-5.32 %),0,0,0,0,12360800,30.61
07/01/2009,1900,53730000,28.1(-3.77 %),1900,53730000,0,0,12358900,30.61
08/01/2009,0,0,28.3(-0.35 %),0,0,0,0,12358900,30.61
09/01/2009,0,0,28.7(2.87 %),0,0,0,0,12358900,30.61
12/01/2009,0,0,27.9(0.00 %),0,0,0,0,12358900,30.61
13/01/2009,300,8260000,27.8(-0.36 %),300,8260000,0,0,12358600,30.61
14/01/2009,0,0,26.5(-2.93 %),0,0,0,0,11818166,31.42
15/01/2009,0,0,25.8(-2.27 %),0,0,0,0,12358600,30.61
16/01/2009,0,0,25(-3.47 %),0,0,0,0,12358600,30.61
19/01/2009,0,0,26.5(4.33 %),0,0,0,0,12358600,30.61
20/01/2009,400,10450000,28(5.66 %),400,10450000,0,0,12358200,30.61
21/01/2009,0,0,25.5(-1.54 %),0,0,0,0,12358200,30.61
22/01/2009,0,0,26.2(1.55 %),0,0,0,0,12358200,30.61
23/01/2009,0,0,26.5(0.76 %),0,0,0,0,12358200,30.61
02/02/2009,0,0,27(1.89 %),0,0,0,0,12358200,30.61
03/02/2009,100,2730000,26(-4.76 %),100,2730000,0,0,12358100,30.62
04/02/2009,12000,330540000,28(4.87 %),12000,330540000,0,0,12346100,30.63
05/02/2009,521600,14858310000,28.3(2.91 %),523600,14913340000,2000,55030000,11824500,31.41
06/02/2009,95200,2821260000,30(6.76 %),95200,2821260000,0,0,11729300,31.55
09/02/2009,0,0,31(4.73 %),0,0,0,0,11729300,31.55
10/02/2009,8500,262910000,31(0.00 %),8500,262910000,0,0,11720800,31.56
11/02/2009,31000,954350000,30.8(-0.32 %),34200,1049310000,3200,94960000,11689800,31.61
12/02/2009,252200,7817960000,31(1.31 %),252200,7817960000,0,0,11437600,31.98
13/02/2009,2900,87580000,30.6(0.00 %),2900,87580000,0,0,11434700,31.99
16/02/2009,500,15500000,31(2.65 %),500,15500000,0,0,11434200,31.99
17/02/2009,2500,76240000,30.5(-0.33 %),2500,76240000,0,0,11431700,31.99
18/02/2009,6800,200680000,29.8(-1.65 %),6800,200680000,0,0,11424900,32.0
19/02/2009,2400,74180000,30.7(4.07 %),2400,74180000,0,0,11422500,32.01
20/02/2009,0,0,29(-6.15 %),0,0,0,0,11422500,32.01
23/02/2009,0,0,29.5(0.00 %),0,0,0,0,11422500,32.01
24/02/2009,0,0,27.8(-5.76 %),0,0,0,0,11422500,32.01
25/02/2009,8700,258390000,29.6(6.47 %),8700,258390000,0,0,11413800,32.02
26/02/2009,7000,221900000,30.5(2.69 %),7000,221900000,0,0,11406800,32.03
27/02/2009,10000,324510000,30.1(-4.75 %),10000,324510000,0,0,11396800,32.05
02/03/2009,5000,164800000,32(-0.93 %),5000,164800000,0,0,11391800,32.05
03/03/2009,2000,67000000,30.8(-5.81 %),2000,67000000,0,0,11389800,32.06
04/03/2009,1500,50250000,31.4(-5.71 %),1500,50250000,0,0,11388300,32.06
05/03/2009,18500,637920000,33(1.23 %),18500,637920000,0,0,11369800,32.09
06/03/2009,2800,95010000,34(-1.16 %),2800,95010000,0,0,11367000,32.09
09/03/2009,5200,180020000,35.5(4.72 %),5200,180020000,0,0,11361800,32.1
10/03/2009,7000,249090000,36(4.65 %),7000,249090000,0,0,11354800,32.11
11/03/2009,6000,224650000,35.3(0.28 %),6000,224650000,0,0,11348800,32.12
12/03/2009,2800,103970000,34(-6.08 %),3300,120990000,500,17020000,11346000,32.12
13/03/2009,4000,148500000,36.2(1.69 %),4000,148500000,0,0,11342000,32.13
16/03/2009,2000,78550000,36(-2.70 %),3000,114550000,1000,36000000,11340000,32.13
17/03/2009,6400,253290000,38.8(4.58 %),18000,677490000,11600,424200000,11333600,32.14
18/03/2009,2000,80000000,39.5(5.33 %),2000,80000000,0,0,11331600,32.14
19/03/2009,72000,2921040000,39.5(-0.50 %),73000,2961540000,1000,40500000,11259600,32.25
20/03/2009,2000,81440000,38(-6.17 %),6000,239330000,4000,157890000,11257600,32.25
23/03/2009,159000,6384370000,40.5(2.79 %),172000,6904070000,13000,519700000,11098600,32.49
24/03/2009,1000,40500000,40(0.25 %),1000,40500000,0,0,11097600,32.49
25/03/2009,0,0,37.3(-6.98 %),0,0,0,0,11097600,32.49
26/03/2009,0,0,35.5(-5.33 %),0,0,0,0,11097600,32.49
27/03/2009,0,0,33.1(-6.76 %),0,0,0,0,11097600,32.49
30/03/2009,0,0,31.8(-4.50 %),0,0,0,0,11097600,32.49
31/03/2009,0,0,31.3(-1.88 %),0,0,0,0,11097600,32.49
01/04/2009,600,19800000,33.4(6.71 %),600,19800000,0,0,11097000,32.49
02/04/2009,1000,33500000,33(0.00 %),1000,33500000,0,0,11096000,32.49
03/04/2009,200,6800000,34(2.41 %),200,6800000,0,0,11095800,32.49
07/04/2009,0,0,35(1.74 %),0,0,0,0,11095800,32.49
08/04/2009,0,0,32(-6.43 %),0,0,0,0,11095800,32.49
09/04/2009,400,12670000,30.4(-6.75 %),700,21970000,300,9300000,11095400,32.49
10/04/2009,0,0,32(4.92 %),0,0,0,0,11095400,32.49
13/04/2009,-9200,-316480000,34.4(6.83 %),0,0,9200,316480000,11104600,32.48
14/04/2009,200,7280000,36.3(5.52 %),800,29360000,600,22080000,11104400,32.48
15/04/2009,0,0,34(-6.85 %),0,0,0,0,11104400,32.48
16/04/2009,0,0,32.8(-5.75 %),0,0,0,0,11104400,32.48
17/04/2009,3000,92450000,30.6(-6.42 %),3000,92450000,0,0,11101400,32.48
20/04/2009,500,14250000,28.5(-6.86 %),500,14250000,0,0,11100900,32.49
21/04/2009,200,5320000,27.5(-3.85 %),1000,26600000,800,21280000,11100700,32.49
22/04/2009,0,0,28.5(6.74 %),0,0,0,0,11100700,32.49
23/04/2009,0,0,28.8(1.41 %),0,0,0,0,11100700,32.49
24/04/2009,0,0,29.8(3.47 %),0,0,0,0,11100700,32.49
27/04/2009,0,0,30(2.39 %),0,0,0,0,11100700,32.49
28/04/2009,0,0,29.9(0.34 %),0,0,0,0,11100700,32.49
29/04/2009,100,2970000,29.5(-1.67 %),100,2970000,0,0,11100600,32.49
04/05/2009,0,0,31.4(6.80 %),0,0,0,0,11100600,32.49
05/05/2009,0,0,32(1.91 %),0,0,0,0,11100600,32.49
06/05/2009,0,0,31.2(-6.02 %),0,0,0,0,11100600,32.49
07/05/2009,0,0,32.4(4.52 %),0,0,0,0,11100600,32.49
08/05/2009,0,0,31.6(-1.86 %),0,0,0,0,11100600,32.49
11/05/2009,800,26530000,31.4(0.32 %),800,26530000,0,0,11099800,32.49
12/05/2009,-700,-21980000,31.4(-0.32 %),0,0,700,21980000,11100500,32.49
13/05/2009,-100,-3140000,31.4(0.00 %),0,0,100,3140000,11100600,32.49
14/05/2009,0,0,31.2(0.00 %),0,0,0,0,11100600,32.49
15/05/2009,0,0,32.5(5.18 %),0,0,0,0,11100600,32.49
18/05/2009,5000,162500000,32.5(0.62 %),5000,162500000,0,0,11095600,32.49
19/05/2009,0,0,33(1.54 %),0,0,0,0,11095600,32.49
20/05/2009,0,0,33(-0.30 %),0,0,0,0,11095600,32.49
21/05/2009,3000,98520000,32.8(-0.91 %),3000,98520000,0,0,11092600,32.5
22/05/2009,500,16450000,30.7(-6.69 %),500,16450000,0,0,11092100,32.5
25/05/2009,-4900,-155610000,32.7(5.83 %),0,0,4900,155610000,11097000,32.49
26/05/2009,-2900,-93260000,34.4(6.83 %),100,3440000,3000,96700000,11099900,32.49
27/05/2009,-3000,-106100000,35.4(5.99 %),0,0,3000,106100000,11102900,32.48
28/05/2009,0,0,32.9(-6.80 %),0,0,0,0,11102900,32.48
29/05/2009,0,0,32(-3.32 %),0,0,0,0,11102900,32.48
01/06/2009,0,0,32(0.63 %),0,0,0,0,11102900,32.48
02/06/2009,0,0,33.1(4.09 %),0,0,0,0,11102900,32.48
03/06/2009,4400,146090000,33.1(-0.90 %),4400,146090000,0,0,11098500,32.49
04/06/2009,0,0,33.7(0.90 %),0,0,0,0,11098500,32.49
05/06/2009,-800,-28320000,36(6.82 %),200,7180000,1000,35500000,11099300,32.49
08/06/2009,-100,-3850000,38.5(6.94 %),0,0,100,3850000,11099400,32.49
09/06/2009,-25000,-1001850000,39(1.30 %),1100,43850000,26100,1045700000,11124400,32.45
10/06/2009,1500,58540000,37.4(-6.97 %),1500,58540000,0,0,11122900,32.45
11/06/2009,-5000,-187000000,39(3.45 %),0,0,5000,187000000,11127900,32.45
12/06/2009,-9800,-377240000,35.7(-6.79 %),200,7700000,10000,384940000,11137700,32.43
15/06/2009,-33500,-1240480000,37(-1.86 %),500,17550000,34000,1258030000,11171200,32.38
16/06/2009,-45400,-1643800000,37(0.82 %),0,0,45400,1643800000,11216600,32.31
17/06/2009,-686200,-26543600000,38.7(6.91 %),0,0,686200,26543600000,11902800,31.29
18/06/2009,-937000,-38791800000,41.4(6.98 %),1000,41400000,938000,38833200000,12839800,29.9
19/06/2009,-571200,-25247040000,44.2(6.76 %),1000,44200000,572200,25291240000,13411000,29.05
22/06/2009,2000,84200000,41.2(-6.79 %),2300,97100000,300,12900000,13409000,29.05
23/06/2009,600,23580000,39.3(-6.87 %),600,23580000,0,0,13408400,29.05
24/06/2009,0,0,36.6(-6.87 %),0,0,0,0,13408400,29.05
25/06/2009,1800,61380000,34.1(-6.83 %),1800,61380000,0,0,13406600,29.06
26/06/2009,1400,45130000,32.1(-6.96 %),1400,45130000,0,0,13405200,29.06
29/06/2009,1900,60600000,30.5(-5.28 %),1900,60600000,0,0,13403300,29.06
30/06/2009,1800,53820000,29.8(-1.32 %),1900,57050000,100,3230000,13401500,29.06
01/07/2009,16000,454530000,28.3(-5.98 %),16000,454530000,0,0,13385500,29.09
02/07/2009,4600,132450000,29.2(3.18 %),5300,152820000,700,20370000,13380900,29.09
03/07/2009,3300,93700000,29.8(3.11 %),3600,102660000,300,8960000,13377600,29.1
06/07/2009,5700,176840000,31.3(6.83 %),5700,176840000,0,0,13371900,29.11
07/07/2009,0,0,30.5(-0.65 %),0,0,0,0,13371900,29.11
08/07/2009,500,15000000,30(-1.64 %),500,15000000,0,0,13371400,29.11
09/07/2009,4000,119800000,30(-0.66 %),4000,119800000,0,0,13367400,29.11
10/07/2009,2000,58800000,28.6(-4.03 %),2000,58800000,0,0,13365400,29.12
13/07/2009,100,2870000,28.1(-2.09 %),100,2870000,0,0,13365300,29.12
14/07/2009,500,13800000,27.7(-1.42 %),500,13800000,0,0,13364800,29.12
15/07/2009,0,0,28.1(1.08 %),0,0,0,0,13364800,29.12
16/07/2009,0,0,28.3(1.07 %),0,0,0,0,13364800,29.12
17/07/2009,1000,28500000,28(-2.10 %),1000,28500000,0,0,13363800,29.12
20/07/2009,1200,32280000,27.5(-2.14 %),1200,32280000,0,0,13362600,29.12
21/07/2009,5800,159470000,28.3(4.43 %),5800,159470000,0,0,13356800,29.13
22/07/2009,2000,56000000,27.9(1.09 %),2000,56000000,0,0,13354800,29.13
23/07/2009,800,22410000,29(4.32 %),800,22410000,0,0,13354000,29.13
24/07/2009,0,0,30.2(6.71 %),0,0,0,0,13354000,29.13
27/07/2009,6100,186890000,31(2.65 %),6800,209500000,700,22610000,13347900,29.14
28/07/2009,-1000,-33500000,30(-4.46 %),0,0,1000,33500000,13348900,29.14
29/07/2009,11100,330170000,30(-4.15 %),11100,330170000,0,0,13337800,29.16
30/07/2009,1000,28500000,28.7(-3.69 %),1000,28500000,0,0,13336800,29.16
31/07/2009,32500,928000000,29.5(2.79 %),32500,928000000,0,0,13304300,29.21
03/08/2009,-2900,-82660000,29.1(1.39 %),2700,78100000,5600,160760000,13307200,29.2
04/08/2009,0,800000,29.1(1.04 %),1000,29800000,1000,29000000,13307200,29.2
05/08/2009,-1000,-29300000,30(2.74 %),0,0,1000,29300000,13308200,29.2
06/08/2009,400,12140000,30.2(1.34 %),1400,42540000,1000,30400000,13307800,29.2
07/08/2009,300,8940000,30(-1.32 %),300,8940000,0,0,13307500,29.2
10/08/2009,62300,1919960000,31(3.68 %),62300,1919960000,0,0,13245200,29.3
11/08/2009,3000,91800000,31(0.32 %),3000,91800000,0,0,13242200,29.3
12/08/2009,20000,616520000,31(-0.64 %),20000,616520000,0,0,13222200,29.33
13/08/2009,25000,774810000,30.9(0.32 %),25000,774810000,0,0,13197200,29.37
14/08/2009,63400,1982580000,31.1(0.00 %),65000,2033420000,1600,50840000,13133800,29.46
17/08/2009,3000,93000000,31(-0.96 %),3000,93000000,0,0,13130800,29.47
18/08/2009,1000,31000000,30.7(-1.92 %),1000,31000000,0,0,13129800,29.47
19/08/2009,31900,996920000,31.7(2.92 %),32400,1012820000,500,15900000,13097900,29.51
20/08/2009,2500,79800000,31.6(0.32 %),2500,79800000,0,0,13095400,29.52
21/08/2009,3100,99200000,31(1.64 %),3100,99200000,0,0,13092300,29.52
24/08/2009,-200,-6260000,31.5(0.96 %),100,3100000,300,9360000,13092500,29.52
25/08/2009,0,0,31.1(-1.27 %),0,0,0,0,13092500,29.52
26/08/2009,33500,1048950000,31.8(1.27 %),34000,1064600000,500,15650000,13059000,29.57
27/08/2009,22200,698930000,31.7(0.96 %),22200,698930000,0,0,13036800,29.61
28/08/2009,22300,744550000,33.3(5.71 %),25000,835540000,2700,90990000,13014500,29.64
31/08/2009,2400,79920000,34.3(3.63 %),2400,79920000,0,0,13012100,29.64
01/09/2009,0,0,32.8(-3.24 %),0,0,0,0,13012100,29.64
03/09/2009,0,0,32.5(-1.22 %),0,0,0,0,13012100,29.64
04/09/2009,1900,61020000,31.3(-4.57 %),1900,61020000,0,0,13010200,29.64
07/09/2009,0,0,30.9(-2.22 %),0,0,0,0,13010200,29.64
08/09/2009,500,15800000,31.5(1.61 %),500,15800000,0,0,13009700,29.65
09/09/2009,20600,648120000,31.5(-0.32 %),20600,648120000,0,0,12989100,29.68
10/09/2009,0,0,31.2(-0.64 %),0,0,0,0,12989100,29.68
11/09/2009,0,0,31.7(1.28 %),0,0,0,0,12989100,29.68
14/09/2009,-700,-22400000,31.7(0.63 %),0,0,700,22400000,12989800,29.68
15/09/2009,-1100,-34860000,31.6(-0.94 %),0,0,1100,34860000,12990900,29.67
16/09/2009,2000,62400000,31.4(-0.32 %),2000,62400000,0,0,12988900,29.68
17/09/2009,2000,62700000,31.2(-0.95 %),2000,62700000,0,0,12986900,29.68
18/09/2009,-2000,-62560000,31.5(0.32 %),8000,249150000,10000,311710000,12988900,29.68
21/09/2009,100,3170000,31.4(0.32 %),100,3170000,0,0,12988800,29.68
22/09/2009,2000,62750000,31.5(0.32 %),2000,62750000,0,0,12986800,29.68
23/09/2009,1500,47000000,31.4(0.00 %),1500,47000000,0,0,12985300,29.68
24/09/2009,3500,109500000,31.2(-0.95 %),3500,109500000,0,0,12981800,29.69
25/09/2009,0,0,31.4(0.00 %),0,0,0,0,12981800,29.69
28/09/2009,-25300,-791300000,31.5(0.32 %),1000,31120000,26300,822420000,13007100,29.65
29/09/2009,-27400,-860390000,31.3(0.00 %),4600,144590000,32000,1004980000,13034500,29.61
30/09/2009,1000,31050000,31.3(0.00 %),2000,62500000,1000,31450000,13033500,29.61
01/10/2009,27200,851770000,31.3(-0.32 %),27200,851770000,0,0,13006300,29.65
02/10/2009,3100,93100000,29.7(-4.81 %),3100,93100000,0,0,13003200,29.66
05/10/2009,0,0,30(-3.23 %),0,0,0,0,13003200,29.66
06/10/2009,100,2970000,30.2(0.33 %),100,2970000,0,0,13003100,29.66
07/10/2009,500,14700000,30.6(1.66 %),1000,30000000,500,15300000,13002600,29.66
08/10/2009,-500,-15050000,30.3(-0.33 %),0,0,500,15050000,13003100,36.1
09/10/2009,0,0,30.5(0.33 %),0,0,0,0,13003100,29.66
12/10/2009,-2000,-60650000,30.7(0.33 %),0,0,2000,60650000,13005100,29.65
13/10/2009,0,0,30.2(-0.98 %),0,0,0,0,13005100,29.65
14/10/2009,1500,45700000,32.1(5.59 %),3000,92400000,1500,46700000,13003600,29.65
15/10/2009,0,0,32.5(4.17 %),0,0,0,0,13003600,29.65
16/10/2009,-1000,-33000000,32(-2.14 %),0,0,1000,33000000,13051300,29.58
21/10/2009,-6700,-225420000,33.7(6.98 %),900,28200000,7600,253620000,13010300,29.64
22/10/2009,-4200,-148300000,35.4(6.95 %),300,10200000,4500,158500000,13014500,29.64
23/10/2009,-12500,-415680000,34(-3.41 %),2400,86500000,14900,502180000,13027000,29.62
26/10/2009,1500,52000000,33(-6.52 %),1500,52000000,0,0,13025500,29.62
27/10/2009,500,16000000,31.8(-6.74 %),500,16000000,0,0,13025000,29.62
28/10/2009,4000,128110000,31.9(0.31 %),4300,137740000,300,9630000,13021000,29.63
29/10/2009,-400,-11410000,29.7(-6.60 %),800,24280000,1200,35690000,13021400,29.63
30/10/2009,3800,113460000,30(0.67 %),3800,113460000,0,0,13017600,29.63
02/11/2009,-800,-22250000,28(-6.67 %),1200,34800000,2000,57050000,13018400,29.63
03/11/2009,3600,97250000,27.8(-1.42 %),3600,97250000,0,0,13014800,29.64
04/11/2009,32200,916150000,29(5.45 %),32200,916150000,0,0,12982600,29.69
05/11/2009,19200,578220000,30.3(6.69 %),19200,578220000,0,0,12963400,29.71
06/11/2009,15200,475440000,29(-3.65 %),15200,475440000,0,0,12948200,29.74
09/11/2009,1000,29000000,30(-3.23 %),1000,29000000,0,0,12947200,29.74
10/11/2009,0,0,27.8(-4.47 %),0,0,0,0,12947200,29.74
11/11/2009,0,0,28.9(3.58 %),0,0,0,0,12947200,29.74
12/11/2009,100,3060000,29.1(1.75 %),100,3060000,0,0,12947100,29.74
13/11/2009,7000,203700000,27.5(-5.50 %),7000,203700000,0,0,12940100,29.75
16/11/2009,2000,57600000,28.8(0.00 %),2000,57600000,0,0,12938100,29.75
17/11/2009,-3100,-89200000,28.5(-0.70 %),400,11600000,3500,100800000,12941200,29.75
18/11/2009,0,0,28.5(-0.70 %),0,0,0,0,12941200,29.75
19/11/2009,-5300,-151090000,29(2.47 %),200,5660000,5500,156750000,12946500,29.74
20/11/2009,1100,31400000,28.5(0.00 %),1100,31400000,0,0,12945400,29.74
23/11/2009,0,0,28.3(-0.70 %),0,0,0,0,12945400,29.74
24/11/2009,0,0,29(3.57 %),0,0,0,0,12945400,29.74
25/11/2009,1100,29700000,27(-6.90 %),1100,29700000,0,0,12940600,29.75
26/11/2009,2600,66900000,25.3(-6.64 %),2600,66900000,0,0,12941700,29.75
27/11/2009,100,2500000,25.1(-1.18 %),100,2500000,0,0,12941600,29.75
30/11/2009,1000,25000000,26(7.00 %),1000,25000000,0,0,12940600,29.75
01/12/2009,0,0,27.1(5.04 %),0,0,0,0,12940600,29.75
02/12/2009,2900,80120000,25.7(-6.88 %),2900,80120000,0,0,12937700,29.75
03/12/2009,300,7650000,25.6(-3.76 %),300,7650000,0,0,12937400,29.75
04/12/2009,0,0,26(1.96 %),0,0,0,0,12937400,29.75
07/12/2009,100,2760000,25.5(-1.16 %),100,2760000,0,0,12937300,29.75
08/12/2009,4000,102000000,25.5(0.00 %),4000,102000000,0,0,12933300,29.76
09/12/2009,5400,134950000,24.1(-5.49 %),5400,134950000,0,0,12927900,29.77
10/12/2009,0,0,24.5(-1.61 %),0,0,0,0,12927900,29.77
11/12/2009,6100,149220000,22.8(-5.79 %),6100,149220000,0,0,12921800,29.78
14/12/2009,0,0,24.5(2.51 %),0,0,0,0,12921800,29.78
15/12/2009,30500,755590000,24.5(2.08 %),30500,755590000,0,0,12891300,29.82
16/12/2009,2300,55400000,23.2(-6.07 %),2300,55400000,0,0,12889000,29.83
17/12/2009,-1500,-34200000,22.5(-3.85 %),0,0,1500,34200000,12890500,29.82
18/12/2009,0,0,24(6.19 %),0,0,0,0,12890500,29.82
21/12/2009,4600,115000000,25.5(6.69 %),4600,115000000,0,0,12885900,29.83
22/12/2009,700,17450000,24.6(-2.38 %),700,17450000,0,0,12885200,29.83
23/12/2009,4900,121320000,25(0.00 %),4900,121320000,0,0,12880300,29.84
24/12/2009,1000,24810000,25.2(1.20 %),1000,24810000,0,0,12879300,29.84
25/12/2009,0,0,25.5(2.41 %),0,0,0,0,12879300,29.84
28/12/2009,4000,104190000,25(-1.19 %),4000,104190000,0,0,12875300,29.85
29/12/2009,4000,100000000,25.2(-0.79 %),4000,100000000,0,0,12871300,29.85
30/12/2009,4800,122100000,24.5(-2.39 %),5000,127000000,200,4900000,12866500,29.86
31/12/2009,500,12300000,25(-0.40 %),500,12300000,0,0,12866000,29.86
04/01/2010,2300,57500000,26.6(6.83 %),2300,57500000,0,0,12863700,29.86
05/01/2010,39000,1086900000,27.1(3.83 %),40000,1114700000,1000,27800000,12824700,29.92
06/01/2010,18300,496340000,26.7(-3.96 %),18300,496340000,0,0,12806400,29.95
07/01/2010,200,5400000,26(-3.35 %),700,18540000,500,13140000,12806200,29.95
08/01/2010,221700,5774550000,26(-1.14 %),221700,5774550000,0,0,12584500,30.28
11/01/2010,5600,145140000,26(-0.76 %),5600,145140000,0,0,12578900,30.29
12/01/2010,0,0,25(-4.21 %),0,0,0,0,12578900,30.29
13/01/2010,5400,136600000,26(1.56 %),5400,136600000,0,0,12573500,30.29
14/01/2010,0,0,25.6(0.39 %),0,0,0,0,12573500,30.29
15/01/2010,1900,48300000,25(-2.72 %),1900,48300000,0,0,12571600,30.3
18/01/2010,200,5000000,24.6(-3.91 %),200,5000000,0,0,12571400,30.3
19/01/2010,100,2650000,25.8(3.61 %),100,2650000,0,0,12571300,30.3
20/01/2010,300,8190000,25.2(-3.82 %),300,8190000,0,0,12571000,30.3
21/01/2010,0,0,24(-5.88 %),0,0,0,0,12571000,30.3
22/01/2010,1600,40000000,25(2.46 %),1600,40000000,0,0,12569400,30.3
25/01/2010,700,17500000,24.1(-3.60 %),700,17500000,0,0,12568700,30.3
26/01/2010,0,0,25.4(4.10 %),0,0,0,0,12568700,30.3
27/01/2010,100,2600000,24.5(-2.00 %),100,2600000,0,0,12568600,30.3
28/01/2010,200,5020000,24(-4.76 %),200,5020000,0,0,12568400,30.3
29/01/2010,1400,32980000,24(-0.41 %),1400,32980000,0,0,12567000,30.3
01/02/2010,100,2350000,24.6(5.58 %),1600,36850000,1500,34500000,12566900,30.3
02/02/2010,500,11850000,23.6(0.85 %),500,11850000,0,0,12566400,30.31
03/02/2010,0,0,24(0.84 %),0,0,0,0,12566400,30.31
04/02/2010,-100,-2570000,24.5(1.66 %),0,0,100,2570000,12566500,30.3
05/02/2010,1800,43800000,24(-2.44 %),1800,43800000,0,0,12564700,30.31
08/02/2010,0,0,23.7(-2.47 %),0,0,0,0,12564700,30.31
09/02/2010,0,0,24(-0.83 %),0,0,0,0,12564700,30.31
10/02/2010,0,0,25.4(5.39 %),0,0,0,0,12564700,30.31
11/02/2010,100,2500000,25.2(-0.79 %),100,2500000,0,0,12564600,30.31
12/02/2010,800,20400000,25.2(0.00 %),800,20400000,0,0,12563800,30.31
22/02/2010,0,0,25.2(0.00 %),0,0,0,0,12563800,30.31
23/02/2010,200,4800000,24(-4.76 %),200,4800000,0,0,12563600,30.31
24/02/2010,100,2440000,23.5(-1.26 %),100,2440000,0,0,12563500,30.31
25/02/2010,0,0,24(1.27 %),0,0,0,0,12563500,30.31
26/02/2010,-200,-4650000,24.2(0.83 %),300,7200000,500,11850000,11731166,30.31
01/03/2010,3100,74400000,24.2(0.83 %),3100,74400000,0,0,11728066,31.55
02/03/2010,0,0,24(-0.41 %),0,0,0,0,11728066,31.55
03/03/2010,200,4820000,25.7(6.64 %),200,4820000,0,0,11727866,31.55
04/03/2010,1500,37050000,24.7(-1.98 %),1500,37050000,0,0,11726366,31.55
05/03/2010,100,2500000,25(0.00 %),100,2500000,0,0,11726266,31.55
08/03/2010,200,5020000,24.9(-0.40 %),200,5020000,0,0,11726066,31.56
09/03/2010,47100,1176560000,25.2(1.20 %),47100,1176560000,0,0,11678966,31.63
10/03/2010,200,5060000,24.8(-1.20 %),200,5060000,0,0,11678766,31.63
11/03/2010,2000,50000000,25(-0.40 %),2000,50000000,0,0,11676766,31.63
12/03/2010,1000,24850000,25(0.40 %),1000,24850000,0,0,11675766,31.63
15/03/2010,300,7470000,24.8(-0.40 %),300,7470000,0,0,11675466,31.63
16/03/2010,0,0,23.8(-4.80 %),0,0,0,0,11675466,31.63
17/03/2010,10200,245240000,24.5(1.24 %),10200,245240000,0,0,11665266,31.65
18/03/2010,300,7350000,24.4(1.24 %),300,7350000,0,0,11664966,31.65
19/03/2010,7600,186200000,25.2(3.70 %),7600,186200000,0,0,11657366,31.66
22/03/2010,0,0,25(-1.19 %),0,0,0,0,11657366,31.66
23/03/2010,0,0,25(-0.79 %),0,0,0,0,11657366,31.66
24/03/2010,2500,62540000,24.5(1.24 %),2500,62540000,0,0,11654866,31.66
25/03/2010,100,2480000,23.6(-4.07 %),100,2480000,0,0,11654766,31.66
26/03/2010,12000,286000000,23.3(-2.10 %),12000,286000000,0,0,11642766,31.68
29/03/2010,1000,23000000,23(-2.54 %),1000,23000000,0,0,11641766,31.68
30/03/2010,-1000,-22700000,23.3(0.43 %),1000,22900000,2000,45600000,11642766,31.68
31/03/2010,0,0,23(0.44 %),0,0,0,0,11642766,31.68
01/04/2010,2500,57500000,23.2(0.87 %),2500,57500000,0,0,11640266,31.68
02/04/2010,10000,234600000,23.4(1.30 %),10000,234600000,0,0,11630266,31.7
05/04/2010,15200,364800000,24.4(3.83 %),15200,364800000,0,0,11615066,31.72
06/04/2010,5700,136800000,24(-0.83 %),5700,136800000,0,0,11609366,31.73
07/04/2010,25300,606640000,24(-0.83 %),27800,666640000,2500,60000000,11584066,31.77
08/04/2010,5000,120600000,24.2(0.83 %),5000,120600000,0,0,11579066,31.77
09/04/2010,20000,481710000,24.2(0.41 %),20000,481710000,0,0,11559066,31.8
12/04/2010,27700,666430000,24.1(0.00 %),27700,666430000,0,0,11531366,31.84
13/04/2010,28600,693120000,24.2(0.41 %),28600,693120000,0,0,11502766,31.89
14/04/2010,58000,1433470000,24.9(2.89 %),58000,1433470000,0,0,11444766,31.97
15/04/2010,86000,2116190000,24.7(0.00 %),86000,2116190000,0,0,11358766,32.1
16/04/2010,115000,2847580000,25.6(4.07 %),115000,2847580000,0,0,11243766,32.27
19/04/2010,2000,49750000,26.6(6.83 %),3000,76200000,1000,26450000,11241766,32.28
20/04/2010,5600,152550000,27.8(6.11 %),10800,294150000,5200,141600000,11236166,32.28
21/04/2010,51200,1382700000,27.3(-1.44 %),51200,1382700000,0,0,11184966,32.36
22/04/2010,100000,2668700000,26.8(-1.11 %),100000,2668700000,0,0,11084966,32.51
26/04/2010,90600,2344060000,26.2(-1.87 %),492400,12821470000,401800,10477410000,10994366,32.64
27/04/2010,-22300,-567060000,25.2(-3.08 %),500,12550000,22800,579610000,11016666,32.61
28/04/2010,-30200,-762050000,25.2(-0.79 %),1300,33410000,31500,795460000,11046866,32.57
04/05/2010,0,0,26(1.96 %),0,0,0,0,11046866,32.57
06/05/2010,2700,68550000,26(1.17 %),4200,107100000,1500,38550000,11044166,32.57
07/05/2010,30700,779740000,25.4(-1.55 %),31200,792440000,500,12700000,11013466,32.62
10/05/2010,34000,854790000,25.1(-1.18 %),34000,854790000,0,0,10979466,32.67
11/05/2010,-1000,-25800000,25.2(0.00 %),0,0,1000,25800000,10980466,32.66
12/05/2010,0,0,24.4(-4.31 %),0,0,0,0,10980466,32.66
13/05/2010,2200,53460000,24.5(0.82 %),2200,53460000,0,0,10978266,32.67
14/05/2010,3000,73590000,24.7(1.23 %),5000,122590000,2000,49000000,10975266,32.67
17/05/2010,17200,421230000,24.5(0.00 %),17200,421230000,0,0,10958066,32.7
18/05/2010,51000,1245670000,24.2(-1.63 %),51000,1245670000,0,0,10907066,32.77
19/05/2010,97000,2298080000,23.6(-3.28 %),97700,2315020000,700,16940000,10810066,32.92
20/05/2010,29000,685000000,24.1(1.69 %),29000,685000000,0,0,10781066,32.96
21/05/2010,101300,2375540000,23.5(-0.42 %),101300,2375540000,0,0,10679766,33.11
24/05/2010,50000,1204680000,24(2.13 %),50000,1204680000,0,0,10629766,33.19
25/05/2010,25800,631020000,24.5(1.66 %),25800,631020000,0,0,10603966,33.22
26/05/2010,12100,295850000,24.5(0.00 %),12100,295850000,0,0,10591866,33.24
27/05/2010,3300,77750000,24.1(-1.63 %),3300,77750000,0,0,10588566,33.25
28/05/2010,10100,247450000,24.6(3.80 %),10100,247450000,0,0,10578466,33.26
31/05/2010,0,0,24.5(0.00 %),0,0,0,0,10578466,33.26
01/06/2010,0,0,23.7(-3.27 %),0,0,0,0,10578466,33.26
02/06/2010,-1900,-43350000,23.8(1.28 %),2100,51450000,4000,94800000,10580366,33.26
03/06/2010,0,0,24(0.00 %),0,0,0,0,10580366,33.26
04/06/2010,2500,61810000,24.2(-0.41 %),2500,61810000,0,0,10577866,33.26
07/06/2010,10400,244720000,23.3(-4.12 %),10400,244720000,0,0,10567466,33.28
08/06/2010,0,0,23.6(0.43 %),0,0,0,0,10567466,33.28
09/06/2010,2000,47200000,23.2(-1.28 %),2000,47200000,0,0,10565466,33.28
10/06/2010,0,0,23.2(-2.11 %),0,0,0,0,10565466,33.28
11/06/2010,0,0,23.6(2.16 %),0,0,0,0,10565466,33.28
14/06/2010,1000,24000000,23.9(1.27 %),1000,24000000,0,0,10564466,33.28
15/06/2010,0,0,23.6(0.00 %),0,0,0,0,10564466,33.28
16/06/2010,0,0,23.7(0.42 %),0,0,0,0,10564466,33.28
17/06/2010,0,0,23.4(-1.27 %),0,0,0,0,10564466,33.28
18/06/2010,10000,235100000,23.7(0.85 %),10000,235100000,0,0,10554466,33.3
21/06/2010,13300,315640000,24(1.69 %),13300,315640000,0,0,10541166,33.32
22/06/2010,8600,206200000,24(0.84 %),8600,206200000,0,0,10532566,33.33
23/06/2010,9300,223200000,24(0.00 %),9300,223200000,0,0,10523266,33.34
24/06/2010,11500,275850000,24.3(1.25 %),11500,275850000,0,0,10511766,33.36
25/06/2010,9500,228000000,24(0.00 %),9500,228000000,0,0,10502266,33.38
28/06/2010,8600,206400000,24.1(0.42 %),8600,206400000,0,0,10493666,33.39
29/06/2010,8000,192000000,24.2(0.83 %),8000,192000000,0,0,10485666,33.4
30/06/2010,13000,312000000,24(0.00 %),13000,312000000,0,0,10472666,33.42
01/07/2010,0,0,24.5(2.08 %),0,0,0,0,10472666,33.42
02/07/2010,11500,276000000,24.5(0.00 %),11500,276000000,0,0,10461166,33.44
05/07/2010,0,0,24.3(0.41 %),0,0,0,0,10461166,33.44
06/07/2010,10000,239700000,23.9(-1.24 %),10000,239700000,0,0,10451166,33.45
07/07/2010,11000,263500000,24(0.00 %),11000,263500000,0,0,10440166,33.47
08/07/2010,7000,168000000,24(0.00 %),7000,168000000,0,0,10433166,33.48
09/07/2010,11900,285600000,24(0.00 %),11900,285600000,0,0,10421266,33.5
12/07/2010,11000,267300000,24.4(1.67 %),11000,267300000,0,0,10410266,33.51
13/07/2010,1900,45930000,24.4(0.00 %),1900,45930000,0,0,10408366,33.52
14/07/2010,3000,73300000,24.4(0.00 %),3000,73300000,0,0,10405366,33.52
15/07/2010,7800,189540000,24.3(-0.41 %),7800,189540000,0,0,10397566,33.53
16/07/2010,28200,684260000,24.5(0.82 %),31200,757160000,3000,72900000,10369366,33.57
19/07/2010,18900,459270000,24.4(0.41 %),18900,459270000,0,0,10350466,33.6
20/07/2010,9900,240450000,24.3(0.00 %),10500,255150000,600,14700000,10340566,33.62
21/07/2010,13300,323190000,24.4(0.41 %),13300,323190000,0,0,10327266,33.64
22/07/2010,14100,342560000,24.4(0.41 %),14800,359640000,700,17080000,10313166,33.66
23/07/2010,100,2430000,24.5(0.82 %),100,2430000,0,0,10313066,33.66
26/07/2010,2100,51030000,24.4(0.00 %),2100,51030000,0,0,10310966,33.66
27/07/2010,5600,136510000,24.4(0.00 %),5600,136510000,0,0,10305366,33.67
28/07/2010,31500,765450000,24.3(-0.41 %),31500,765450000,0,0,10273866,33.72
29/07/2010,21900,532170000,24.3(0.00 %),26500,643950000,4600,111780000,10251966,33.75
30/07/2010,18000,437280000,24.2(-0.41 %),18000,437280000,0,0,10233966,33.78
02/08/2010,23700,574950000,24.3(0.00 %),23700,574950000,0,0,10210266,33.81
03/08/2010,3400,82620000,24.3(0.00 %),3400,82620000,0,0,10206866,33.82
04/08/2010,3500,85750000,24.1(-0.82 %),3700,90650000,200,4900000,10203366,33.82
05/08/2010,10900,261340000,24(-0.83 %),10900,261340000,0,0,10192466,33.84
06/08/2010,21000,510480000,24.2(0.83 %),21000,510480000,0,0,10171466,33.87
09/08/2010,30000,728750000,24.2(-0.41 %),30000,728750000,0,0,10141466,33.91
10/08/2010,33600,807770000,24(-1.23 %),33600,807770000,0,0,10107866,33.96
11/08/2010,12900,306170000,24(0.00 %),12900,306170000,0,0,10094966,33.98
12/08/2010,0,0,23.8(0.00 %),210000,5040000000,210000,5040000000,10094966,33.98
13/08/2010,0,0,23.6(-0.84 %),0,0,0,0,10094966,33.98
16/08/2010,300,7080000,23.9(1.27 %),300,7080000,0,0,10094666,33.98
17/08/2010,-100,-2300000,24(0.84 %),0,0,100,2300000,10094866,33.98
18/08/2010,0,0,23.5(0.00 %),0,0,0,0,10094766,33.98
19/08/2010,0,0,23.5(-0.84 %),0,0,0,0,10094766,33.98
20/08/2010,0,0,23.5(0.00 %),0,0,0,0,10094766,33.98
23/08/2010,15000,352500000,23.5(0.00 %),15000,352500000,0,0,10079766,34.0
24/08/2010,100,2510000,23.5(0.00 %),100,2510000,0,0,10079666,34.0
25/08/2010,13500,317780000,22.4(-6.67 %),14000,329000000,500,11220000,10066166,34.02
26/08/2010,0,0,23.5(0.00 %),0,0,0,0,10066166,34.02
27/08/2010,0,0,23.5(0.00 %),0,0,0,0,10066166,34.02
30/08/2010,300,7050000,24(3.90 %),300,7050000,0,0,10065866,34.03
31/08/2010,0,0,23.5(-0.42 %),0,0,0,0,10065866,34.03
01/09/2010,3000,70500000,23.3(-0.43 %),3000,70500000,0,0,10062866,34.03
06/09/2010,100,2350000,24.7(5.11 %),100,2350000,0,0,10040666,34.03
07/09/2010,-2000,-48000000,24.4(0.41 %),0,0,2000,48000000,10064766,34.03
08/09/2010,3500,83400000,24(0.00 %),3500,83400000,0,0,10061266,34.03
09/09/2010,7000,168800000,24(0.84 %),7000,168800000,0,0,10054266,34.04
10/09/2010,29400,714460000,24.3(0.83 %),29400,714460000,0,0,10024866,34.09
13/09/2010,4800,114750000,23.9(-1.65 %),4800,114750000,0,0,10020066,34.09
14/09/2010,14500,346850000,24(0.42 %),14500,346850000,0,0,10005566,34.11
15/09/2010,14100,338400000,24(0.42 %),15100,362400000,1000,24000000,9991466,34.14
16/09/2010,1600,38080000,23.8(-0.83 %),1600,38080000,0,0,9989866,34.14
17/09/2010,3000,72000000,24(0.84 %),3000,72000000,0,0,9986866,34.14
20/09/2010,9800,235200000,24(0.00 %),9800,235200000,0,0,9977066,34.16
21/09/2010,7300,175200000,24(0.00 %),7300,175200000,0,0,9969766,34.17
22/09/2010,10800,261330000,24.2(0.83 %),10800,261330000,0,0,9958966,34.18
23/09/2010,11000,266200000,24.2(0.00 %),12000,290400000,1000,24200000,9947966,34.2
24/09/2010,3000,72000000,24(-0.83 %),3000,72000000,0,0,9944966,34.21
27/09/2010,200,4880000,24.5(2.08 %),200,4880000,0,0,9944766,34.21
28/09/2010,-21000,-549500000,25.1(2.45 %),0,0,21000,549500000,9965766,34.17
29/09/2010,6700,165900000,24.5(-5.77 %),6700,165900000,0,0,9959066,34.18
30/09/2010,0,0,25.7(3.63 %),0,0,0,0,9936966,34.18
01/10/2010,6900,170240000,24.6(-4.28 %),6900,170240000,0,0,9930066,34.23
04/10/2010,28800,716140000,25(1.21 %),29800,741740000,1000,25600000,9901266,34.27
05/10/2010,2000,48900000,24.9(0.00 %),2000,48900000,0,0,9899266,34.27
06/10/2010,2000,49000000,25(2.04 %),2000,49000000,0,0,9897266,34.28
07/10/2010,0,0,24.5(-0.41 %),0,0,0,0,9897266,34.28
08/10/2010,100,2620000,24.5(0.00 %),100,2620000,0,0,9897166,34.28
11/10/2010,1000,24800000,24.8(-3.12 %),1000,24800000,0,0,9896166,34.28
12/10/2010,8600,215000000,25(0.81 %),8600,215000000,0,0,9887566,34.29
13/10/2010,20700,515500000,25(0.00 %),33700,840500000,13000,325000000,9866866,34.32
14/10/2010,5000,124500000,25(0.40 %),5000,124500000,0,0,9861866,34.33
15/10/2010,4200,104980000,24.9(0.00 %),4200,104980000,0,0,9857666,34.33
18/10/2010,6700,167500000,25(0.00 %),6700,167500000,0,0,9850966,34.34
19/10/2010,23600,589640000,24.9(-0.40 %),23600,589640000,0,0,9827366,34.38
20/10/2010,3100,74090000,23.9(-4.40 %),3100,74090000,0,0,9824266,34.38
21/10/2010,2000,49150000,24.8(3.77 %),2000,49150000,0,0,9822266,34.39
22/10/2010,16200,404880000,25(1.63 %),16200,404880000,0,0,9806066,34.41
25/10/2010,9000,225000000,25(0.00 %),9000,225000000,0,0,9797066,34.43
26/10/2010,10300,257500000,25(0.00 %),12300,307500000,2000,50000000,9786766,34.44
27/10/2010,13900,345570000,24.5(-2.00 %),15900,395570000,2000,50000000,9772866,34.46
28/10/2010,4000,99900000,24.9(0.00 %),6000,149900000,2000,50000000,9768866,34.47
29/10/2010,1500,37730000,24.9(-0.40 %),20700,515830000,19200,478100000,9767366,34.47
01/11/2010,-12000,-300000000,25.1(0.80 %),13000,325000000,25000,625000000,9779366,34.45
02/11/2010,5500,138000000,25.1(0.40 %),5500,138000000,0,0,9773866,34.46
03/11/2010,2000,51000000,25.7(2.39 %),2000,51000000,0,0,9771866,34.46
04/11/2010,0,0,25.7(-0.39 %),0,0,0,0,9771866,34.46
05/11/2010,0,0,26.1(-1.14 %),0,0,0,0,9771866,34.46
08/11/2010,0,0,26.1(-6.79 %),0,0,0,0,9771866,34.46
09/11/2010,0,0,28.9(5.09 %),0,0,0,0,9771866,34.46
10/11/2010,0,0,26.9(-6.92 %),0,0,0,0,9771866,34.46
11/11/2010,0,0,26.6(-6.99 %),0,0,0,0,9771866,34.46
12/11/2010,23500,587400000,25(-6.02 %),23500,587400000,0,0,9748366,34.5
15/11/2010,17500,446190000,25.5(1.59 %),18500,471690000,1000,25500000,9730866,34.52
16/11/2010,15100,385050000,25.5(-0.78 %),15100,385050000,0,0,9715766,34.55
17/11/2010,0,0,25.9(0.78 %),0,0,0,0,9715766,34.55
18/11/2010,300,7270000,26(0.39 %),500,12750000,200,5480000,9715466,34.55
19/11/2010,14900,380100000,25.9(-5.47 %),49900,1272600000,35000,892500000,9700566,34.57
22/11/2010,2100,53050000,25.7(0.78 %),2100,53050000,0,0,9698466,34.57
23/11/2010,8000,203200000,25.4(5.39 %),8600,218500000,600,15300000,9690466,34.58
24/11/2010,0,0,23.7(-6.69 %),0,0,0,0,9690466,34.58
25/11/2010,2900,72770000,25.1(5.91 %),3000,75300000,100,2530000,9687566,34.59
26/11/2010,1000,25400000,25.5(1.59 %),2100,53550000,1100,28150000,9686566,34.59
29/11/2010,3000,76500000,25.5(0.00 %),3000,76500000,0,0,9683566,34.59
30/11/2010,-3500,-91950000,25.5(0.00 %),500,12750000,4000,104700000,9687066,34.59
01/12/2010,0,0,26.8(0.00 %),0,0,0,0,9687066,34.59
02/12/2010,18100,483160000,26.7(-5.65 %),24100,643360000,6000,160200000,9668966,34.62
03/12/2010,3500,93050000,26.6(-0.37 %),4500,120050000,1000,27000000,9665466,34.62
06/12/2010,27300,736180000,27(1.12 %),28300,764180000,1000,28000000,9638166,34.66
07/12/2010,4200,107100000,25.5(-3.04 %),4200,107100000,0,0,9633966,34.67
08/12/2010,14500,377200000,26(5.26 %),15500,403200000,1000,26000000,9619466,34.69
09/12/2010,5500,141360000,25.7(-1.15 %),15600,399960000,10100,258600000,9613966,34.7
10/12/2010,21000,561000000,27.1(5.45 %),31200,836400000,10200,275400000,9592966,34.73
13/12/2010,57500,1552500000,27(0.00 %),57500,1552500000,0,0,9535466,34.81
14/12/2010,8800,237600000,27.2(0.37 %),8800,237600000,0,0,9526666,34.83
15/12/2010,4000,107500000,26.5(-4.68 %),4000,107500000,0,0,9522666,34.83
16/12/2010,0,0,28(-1.41 %),0,0,0,0,9522666,34.83
17/12/2010,-1900,-57000000,29(-3.33 %),0,0,1900,57000000,9524566,34.83
20/12/2010,0,0,29(-6.75 %),0,0,0,0,9523566,34.83
21/12/2010,1000,28800000,28.8(-6.80 %),1000,28800000,0,0,9523566,34.83
22/12/2010,2000,54000000,27(-6.25 %),2000,54000000,0,0,9521566,34.83
23/12/2010,5500,148250000,26.5(-1.85 %),5500,148250000,0,0,9516066,34.84
24/12/2010,10000,270000000,27(0.37 %),10000,270000000,0,0,9506066,34.86
27/12/2010,0,0,27.2(0.00 %),0,0,0,0,9506066,34.86
28/12/2010,0,0,27.5(1.10 %),0,0,0,0,9506066,34.86
29/12/2010,5000,135000000,27(-3.23 %),5000,135000000,0,0,9501066,34.87
30/12/2010,10000,270000000,27(-5.59 %),10000,270000000,0,0,9491066,34.88
31/12/2010,20900,557900000,26.5(-1.85 %),50900,1358400000,30000,800500000,9470166,34.91
04/01/2011,0,0,28.1(4.85 %),0,0,0,0,9470166,34.91
05/01/2011,0,0,28(-0.36 %),0,0,0,0,9470166,34.91
06/01/2011,0,0,29.4(0.00 %),0,0,0,0,9470166,34.91
07/01/2011,0,0,27.4(-6.80 %),0,0,0,0,9470166,34.91
10/01/2011,0,0,28.5(-5.94 %),0,0,0,0,9470166,34.91
11/01/2011,4900,133030000,27.1(-4.91 %),4900,133030000,0,0,9465266,34.92
12/01/2011,2300,58600000,25(-6.37 %),2300,58600000,0,0,9462966,34.92
13/01/2011,0,0,26.7(6.80 %),0,0,0,0,9462966,34.92
14/01/2011,10100,282600000,28(5.26 %),10100,282600000,0,0,9452866,34.94
17/01/2011,500,14250000,28.5(1.79 %),500,14250000,0,0,9452366,34.94
18/01/2011,600,16050000,29.8(1.71 %),3100,86800000,2500,70750000,9451766,34.94
19/01/2011,8600,240800000,28(-5.72 %),8600,240800000,0,0,9443166,34.95
20/01/2011,-100,-2870000,28.7(2.87 %),0,0,100,2870000,9443266,34.95
21/01/2011,0,0,26.5(-3.28 %),0,0,0,0,9443166,34.95
24/01/2011,2400,62400000,25(-2.72 %),2400,62400000,0,0,9440766,34.96
25/01/2011,-500,-13400000,26.8(6.77 %),0,0,500,13400000,9441266,34.95
26/01/2011,0,0,28.4(5.97 %),0,0,0,0,9441266,34.95
27/01/2011,200,5300000,29.3(3.17 %),200,5300000,0,0,9441066,34.95
28/01/2011,800,23470000,30(2.74 %),800,23470000,0,0,9440266,34.96
08/02/2011,1000,29500000,28.2(-6.93 %),1000,29500000,0,0,9439266,34.96
09/02/2011,700,19600000,27.7(-6.73 %),700,19600000,0,0,9438566,34.96
10/02/2011,0,0,27.9(0.00 %),65000,1722500000,65000,1722500000,9438566,34.96
11/02/2011,0,0,26.2(-6.09 %),0,0,0,0,9438566,34.96
14/02/2011,-6700,-181250000,27.1(4.23 %),120000,2904000000,126700,3085250000,9445266,34.95
15/02/2011,0,0,27.5(1.10 %),0,0,0,0,9445266,34.95
16/02/2011,-1700,-45920000,27(-5.26 %),100000,2900000000,101700,2945920000,9446966,34.95
17/02/2011,-3500,-99000000,27.5(-4.51 %),0,0,3500,99000000,9450466,34.94
18/02/2011,0,0,27.3(-6.83 %),0,0,0,0,9450466,34.94
21/02/2011,5100,130500000,25.4(-6.96 %),25100,639540000,20000,509040000,9445366,34.95
22/02/2011,0,0,24.5(-3.92 %),0,0,0,0,9445366,34.95
23/02/2011,18600,448330000,24(-2.04 %),19600,474330000,1000,26000000,9426766,34.98
24/02/2011,100,2400000,23(-4.56 %),100,2400000,0,0,9426666,34.98
25/02/2011,-2900,-69200000,24(3.90 %),100,2300000,3000,71500000,9429566,34.97
28/02/2011,-1000,-24000000,23.5(-1.26 %),0,0,1000,24000000,9430566,34.97
01/03/2011,-7000,-170800000,23.3(-2.51 %),0,0,7000,170800000,0,0.0
02/03/2011,0,0,24.5(0.00 %),0,0,0,0,9430566,34.97
03/03/2011,0,0,24.4(-0.41 %),0,0,0,0,0,0.0
04/03/2011,0,0,24.4(0.00 %),0,0,0,0,0,0.0
07/03/2011,900,20790000,22.7(-6.97 %),900,20790000,0,0,0,0.0
08/03/2011,-100,-2400000,23(-0.86 %),0,0,100,2400000,0,0.0
09/03/2011,2800,64680000,23.1(0.00 %),2800,64680000,0,0,0,0.0
10/03/2011,-9300,-222800000,24(3.90 %),0,0,9300,222800000,0,0.0
11/03/2011,-700,-16700000,24(0.42 %),3500,87500000,4200,104200000,0,0.0
14/03/2011,-200,-4800000,23.5(-6.75 %),500,12000000,700,16800000,0,0.0
15/03/2011,0,0,23(-2.95 %),0,0,0,0,0,0.0
16/03/2011,0,0,22.5(-0.88 %),0,0,0,0,9746145,34.5
17/03/2011,500,10650000,21.3(-6.58 %),500,10650000,0,0,9745645,34.5
18/03/2011,2700,57490000,19.9(-6.57 %),2700,57490000,0,0,9742945,34.51
21/03/2011,-900,-17550000,19.2(-5.42 %),100,1950000,1000,19500000,9743845,34.5
22/03/2011,-1000,-20200000,20.4(6.81 %),0,0,1000,20200000,9744845,34.5
23/03/2011,-1000,-21500000,21.5(6.97 %),0,0,1000,21500000,9745845,34.5
24/03/2011,0,0,21.5(0.00 %),0,0,0,0,9745845,34.5
25/03/2011,0,0,21.1(-1.86 %),0,0,0,0,9745845,34.5
28/03/2011,0,0,21(-0.94 %),0,0,0,0,9745845,34.5
29/03/2011,100,2050000,20.5(-2.84 %),100,2050000,0,0,9745745,34.5
30/03/2011,1700,34000000,19.8(-3.41 %),1700,34000000,0,0,9744045,34.5
31/03/2011,0,0,20.9(4.50 %),0,0,0,0,9744045,34.5
01/04/2011,0,0,20.2(-2.88 %),0,0,0,0,9748945,34.5
04/04/2011,0,0,20.1(-0.50 %),0,0,0,0,9748945,34.5
05/04/2011,0,0,20(3.09 %),0,0,0,0,9748945,34.5
06/04/2011,0,0,20(0.00 %),0,0,0,0,9748945,34.5
07/04/2011,0,0,20(0.00 %),0,0,0,0,9748945,34.5
08/04/2011,0,0,19.7(-1.50 %),0,0,0,0,9748945,34.5
13/04/2011,600,11760000,20.6(6.19 %),600,11760000,0,0,9748345,34.5
14/04/2011,400,7960000,19.9(0.00 %),15000,298500000,14600,290540000,9747945,34.5
15/04/2011,-1700,-33370000,19.6(-1.51 %),8300,162670000,10000,196040000,9749645,34.5
18/04/2011,3400,66170000,19.5(-0.51 %),10400,202450000,7000,136280000,9746245,34.5
19/04/2011,0,0,19.5(0.00 %),10000,195000000,10000,195000000,9746245,34.5
20/04/2011,500,10530000,19.5(0.00 %),7800,153010000,7300,142480000,9745745,34.5
21/04/2011,-1700,-33560000,19.6(0.00 %),4500,88200000,6200,121760000,9747445,34.5
22/04/2011,5500,107250000,19.6(0.00 %),34300,670850000,28800,563600000,9741945,34.51
25/04/2011,-4200,-82420000,19.6(0.00 %),15800,309600000,20000,392020000,9746145,34.5
26/04/2011,0,0,19.6(0.00 %),0,0,0,0,9746145,34.5
27/04/2011,0,0,19(-3.06 %),10000,192500000,10000,192500000,9746145,34.5
28/04/2011,-5700,-108470000,19(-1.55 %),15000,287500000,20700,395970000,9751845,34.49
29/04/2011,500,9700000,19.4(1.57 %),500,9700000,0,0,9751345,34.49
04/05/2011,4700,94000000,20.5(5.67 %),4700,94000000,0,0,9715945,34.55
05/05/2011,700,14000000,20.5(2.50 %),700,14000000,0,0,9715245,34.55
06/05/2011,4100,84050000,20.5(0.00 %),4100,84050000,0,0,9711145,34.55
09/05/2011,600,12300000,20.5(-0.49 %),4900,100450000,4300,88150000,9710545,34.55
10/05/2011,0,0,20.1(-1.95 %),0,0,0,0,9710545,34.55
11/05/2011,0,0,20.6(2.49 %),5000,100500000,5000,100500000,9710545,34.55
12/05/2011,-100,-2770000,20.7(2.48 %),1000,20000000,1100,22770000,9710645,34.55
13/05/2011,17400,348500000,20(-1.96 %),17400,348500000,0,0,9693145,34.58
16/05/2011,3000,59990000,20(0.00 %),3000,59990000,0,0,9690145,34.58
17/05/2011,6300,125040000,19.8(-0.50 %),6300,125040000,0,0,9683845,34.59
18/05/2011,4200,86100000,20.5(3.54 %),4700,96350000,500,10250000,9679645,34.6
19/05/2011,-100,-2050000,20.5(0.00 %),6000,123000000,6100,125050000,9679745,34.6
20/05/2011,3200,65600000,20.5(0.00 %),6000,123000000,2800,57400000,9676545,34.6
23/05/2011,-4000,-77950000,19.5(-4.88 %),6000,117500000,10000,195450000,9680545,34.6
24/05/2011,0,0,19.3(-1.03 %),0,0,0,0,9680545,34.6
25/05/2011,18100,346620000,19.3(0.00 %),18100,346620000,0,0,9662445,34.63
26/05/2011,9900,195460000,20(4.17 %),9900,195460000,0,0,9652545,34.64
27/05/2011,18100,346620000,20.5(4.06 %),18100,346620000,0,0,9634445,34.67
30/05/2011,3000,60000000,20(-1.96 %),3000,60000000,0,0,9631445,34.67
31/05/2011,1200,22920000,19.1(-4.50 %),1200,22920000,0,0,9630245,34.67
01/06/2011,0,0,19.1(0.00 %),0,0,0,0,9674145,34.61
02/06/2011,1000,19500000,19.5(2.09 %),1000,19500000,0,0,9673145,34.61
03/06/2011,0,0,19.5(0.00 %),0,0,0,0,9673145,34.61
06/06/2011,1900,37050000,19.7(1.03 %),1900,37050000,0,0,9671245,34.61
07/06/2011,8300,169150000,20.5(5.13 %),8300,169150000,0,0,9662945,34.62
08/06/2011,0,0,21.7(6.37 %),0,0,0,0,9662945,34.62
09/06/2011,1500,30550000,20.5(-4.65 %),1500,30550000,0,0,9661445,34.63
10/06/2011,0,0,21.8(6.86 %),0,0,0,0,9661445,34.63
13/06/2011,400,8920000,23.3(6.88 %),400,8920000,0,0,9661045,34.63
14/06/2011,0,0,24.7(6.93 %),0,0,0,0,9661045,34.63
15/06/2011,0,0,24.7(0.00 %),0,0,0,0,9661045,34.63
16/06/2011,1500,37800000,27(6.72 %),1500,37800000,0,0,9659545,34.63
17/06/2011,2700,76640000,28.4(6.77 %),2700,76640000,0,0,9656845,34.63
20/06/2011,0,0,27.5(-3.17 %),0,0,0,0,9656845,34.63
21/06/2011,0,0,25.7(-6.55 %),0,0,0,0,9656845,34.63
22/06/2011,2300,62220000,26.5(3.11 %),2300,62220000,0,0,9654545,34.64
23/06/2011,1000,25200000,25.2(-6.67 %),1000,25200000,0,0,9653545,34.64
24/06/2011,0,0,25.2(0.00 %),0,0,0,0,9653545,34.64
27/06/2011,3900,104390000,26.5(5.16 %),3900,104390000,0,0,9649645,34.64
28/06/2011,0,0,17.7(0.00 %),0,0,0,0,9649645,34.64
29/06/2011,0,0,18.8(6.21 %),0,0,0,0,9649645,34.64
30/06/2011,0,0,18.8(0.00 %),0,0,0,0,9649645,34.64
01/07/2011,0,0,18.8(0.00 %),0,0,0,0,9649645,34.64
04/07/2011,0,0,18.8(0.00 %),0,0,0,0,9649645,34.64
05/07/2011,0,0,18.8(0.00 %),0,0,0,0,9649645,34.64
06/07/2011,500,9400000,18.8(0.00 %),500,9400000,0,0,9649145,34.65
07/07/2011,0,0,18.8(0.00 %),0,0,0,0,9649145,34.65
08/07/2011,0,0,18.8(0.00 %),0,0,0,0,9649145,34.65
11/07/2011,0,0,18.8(0.00 %),52160,980608000,52160,980608000,9649145,34.65
12/07/2011,0,0,18.8(0.00 %),0,0,0,0,9649145,34.65
13/07/2011,0,0,18.8(0.00 %),0,0,0,0,9649145,34.65
14/07/2011,0,0,18.8(0.00 %),0,0,0,0,9649145,34.65
15/07/2011,0,0,18.8(0.00 %),0,0,0,0,9649145,34.65
18/07/2011,0,0,17.5(-6.91 %),0,0,0,0,9649145,34.65
19/07/2011,0,0,17.5(0.00 %),0,0,0,0,9649145,34.65
20/07/2011,0,0,17.5(0.00 %),0,0,0,0,9649145,34.65
21/07/2011,0,0,18.7(6.86 %),0,0,0,0,9649145,34.65
22/07/2011,0,0,16.3(-6.86 %),0,0,0,0,9649145,34.65
25/07/2011,0,0,15.2(-6.75 %),0,0,0,0,9649145,34.65
26/07/2011,0,0,14.2(-6.58 %),0,0,0,0,9649145,34.65
27/07/2011,0,0,13.5(-4.93 %),0,0,0,0,9649145,34.65
28/07/2011,0,0,14.3(6.72 %),0,0,0,0,9649145,34.65
29/07/2011,0,0,15.3(6.99 %),0,0,0,0,9649145,34.65
01/08/2011,0,0,15.3(0.00 %),0,0,0,0,9649145,34.65
02/08/2011,0,0,14.3(-6.54 %),0,0,0,0,9649145,34.65
03/08/2011,0,0,13.7(-6.80 %),0,0,0,0,9649145,34.65
04/08/2011,0,0,14.2(3.65 %),0,0,0,0,9649145,34.65
05/08/2011,0,0,13.5(-4.93 %),0,0,0,0,9649145,34.65
08/08/2011,0,0,12.7(-5.93 %),0,0,0,0,9649145,34.65
09/08/2011,0,0,13.3(4.72 %),0,0,0,0,9649145,34.65
10/08/2011,0,0,12.1(-5.47 %),0,0,0,0,9649145,34.65
11/08/2011,0,0,12(-0.83 %),0,0,0,0,9649145,34.65
12/08/2011,0,0,11.5(-6.50 %),0,0,0,0,9649145,34.65
15/08/2011,0,0,11.5(0.00 %),0,0,0,0,9649145,34.65
16/08/2011,0,0,11(-4.35 %),0,0,0,0,9649145,34.65
17/08/2011,-21100,-242650000,11.5(4.55 %),0,0,21100,242650000,9670245,34.61
18/08/2011,-18900,-232470000,12.3(6.96 %),900,11070000,19800,243540000,9689145,34.59
19/08/2011,0,0,12.3(0.00 %),0,0,0,0,9689145,34.59
22/08/2011,-20000,-246000000,12.3(0.00 %),0,0,20000,246000000,9709145,34.56
23/08/2011,-15000,-184500000,12.3(0.00 %),5000,61200000,20000,245700000,9724145,34.53
24/08/2011,-4000,-49200000,12.3(0.00 %),5000,61500000,9000,110700000,9728145,34.53
25/08/2011,0,0,13.1(6.50 %),0,0,0,0,9728145,34.53
26/08/2011,0,0,13.1(0.00 %),0,0,0,0,9728145,34.53
29/08/2011,0,0,12.9(-1.53 %),0,0,0,0,9728145,34.53
30/08/2011,0,0,13.5(4.65 %),0,0,0,0,9728145,34.53
31/08/2011,0,0,12.6(-6.67 %),0,0,0,0,9728145,34.53
01/09/2011,0,0,13.4(6.35 %),0,0,0,0,9728145,34.53
05/09/2011,-2600,-34580000,13.1(-1.50 %),0,0,2600,34580000,9730745,34.52
06/09/2011,100,1290000,12.9(-3.01 %),100,1290000,0,0,9730645,34.52
07/09/2011,-900,-12150000,13.5(4.65 %),0,0,900,12150000,9731545,34.52
08/09/2011,0,0,13.5(0.00 %),0,0,0,0,9731545,34.52
09/09/2011,0,0,13.2(-2.22 %),0,0,0,0,9731545,34.52
12/09/2011,0,0,13.5(-2.17 %),0,0,0,0,9731545,34.52
13/09/2011,0,0,14.1(4.44 %),0,0,0,0,9731545,34.52
14/09/2011,0,0,14.1(0.00 %),0,0,0,0,9731545,34.52
15/09/2011,-200,-2640000,13.2(-6.38 %),0,0,200,2640000,9731745,34.52
16/09/2011,-81100,-1011780000,12.5(-6.02 %),0,0,81100,1011780000,9812845,34.4
19/09/2011,0,0,13.2(5.60 %),0,0,0,0,9812845,34.4
20/09/2011,0,0,14(6.06 %),0,0,0,0,9812845,34.4
21/09/2011,0,0,13.5(-3.57 %),0,0,0,0,9812845,34.4
22/09/2011,0,0,13.1(-6.43 %),0,0,0,0,9812845,34.4
23/09/2011,0,0,13(-0.76 %),0,0,0,0,9812845,34.4
26/09/2011,0,0,12.1(-6.92 %),0,0,0,0,9812845,34.4
27/09/2011,-1700,-20850000,12.5(3.31 %),0,0,1700,20850000,9814545,34.4
28/09/2011,-1500,-18750000,12.1(1.68 %),0,0,1500,18750000,9816045,34.4
29/09/2011,0,0,12(-1.64 %),0,0,0,0,9816045,34.4
30/09/2011,-20600,-243330000,12.6(5.88 %),5400,68580000,26000,311910000,9836645,34.37
03/10/2011,0,0,12.9(6.61 %),0,0,0,0,9809145,34.41
04/10/2011,400,4880000,12(-6.98 %),400,4880000,0,0,9808745,34.41
05/10/2011,0,0,13(5.69 %),0,0,0,0,9808745,34.41
06/10/2011,0,0,13.5(5.47 %),0,0,0,0,9808745,34.41
07/10/2011,0,0,12(-6.98 %),0,0,0,0,9808745,34.41
10/10/2011,0,0,12.5(3.31 %),0,0,0,0,9808745,34.41
11/10/2011,0,0,12.7(1.60 %),0,0,0,0,9808745,34.41
12/10/2011,1500,18000000,12(-5.51 %),1500,18000000,0,0,9807245,34.41
13/10/2011,0,0,12(0.00 %),0,0,0,0,9807245,34.41
14/10/2011,0,0,12(0.00 %),0,0,0,0,9807245,34.41
17/10/2011,0,0,12(0.00 %),0,0,0,0,9807245,34.41
18/10/2011,0,0,12(0.00 %),0,0,0,0,9807245,34.41
19/10/2011,5700,72600000,12.2(1.67 %),5800,73800000,100,1200000,9801545,34.42
20/10/2011,0,0,12.7(0.00 %),0,0,0,0,9801545,39.28
21/10/2011,0,0,12(-5.51 %),0,0,0,0,9801545,39.28
24/10/2011,0,0,12.1(0.00 %),0,0,0,0,9801545,39.28
25/10/2011,-35600,-413320000,11.6(-6.45 %),1000,11800000,36600,425120000,9837145,39.24
26/10/2011,-100,-1100000,11.2(-3.45 %),0,0,100,1100000,9837245,39.24
27/10/2011,0,0,11.2(0.90 %),0,0,0,0,9837245,39.24
28/10/2011,0,0,11.5(4.55 %),0,0,0,0,9837245,39.24
31/10/2011,1000,11500000,12.2(6.09 %),1000,11500000,0,0,9836245,39.24
01/11/2011,0,0,11(-5.17 %),0,0,0,0,15048717,34.07
02/11/2011,2000,22000000,10.4(-4.59 %),2000,22000000,0,0,15046717,34.08
03/11/2011,500,5250000,10.5(-3.67 %),500,5250000,0,0,15046217,34.08
04/11/2011,300,3150000,10.5(0.00 %),300,3150000,0,0,15045917,34.08
07/11/2011,0,0,11.2(6.67 %),0,0,0,0,15045917,34.08
08/11/2011,0,0,11.2(1.82 %),0,0,0,0,15045917,34.08
09/11/2011,0,0,11.2(0.90 %),0,0,0,0,15045917,34.08
10/11/2011,100,1100000,11(-1.79 %),100,1100000,0,0,15045817,34.08
11/11/2011,0,0,11(1.85 %),0,0,0,0,15045817,34.08
14/11/2011,0,0,11(0.00 %),0,0,0,0,15045817,34.08
15/11/2011,0,0,11.4(3.64 %),0,0,0,0,15045817,34.08
16/11/2011,0,0,11(-1.79 %),0,0,0,0,15045817,34.08
17/11/2011,0,0,11.4(3.64 %),0,0,0,0,15045817,34.08
18/11/2011,0,0,11.4(0.00 %),0,0,0,0,15045817,34.08
21/11/2011,1500,17100000,11.4(0.00 %),1500,17100000,0,0,15044317,34.08
22/11/2011,-1200,-13080000,11.4(-0.87 %),0,0,1200,13080000,15045517,34.08
23/11/2011,0,0,11.4(2.70 %),0,0,0,0,15045517,34.08
24/11/2011,0,0,10.9(1.87 %),0,0,0,0,15045517,34.08
25/11/2011,-26080,-273840000,11.1(0.00 %),0,0,26080,273840000,15071597,34.05
28/11/2011,0,0,11.2(0.90 %),0,0,0,0,15071597,34.05
29/11/2011,0,0,11.2(0.00 %),0,0,0,0,15071597,34.05
30/11/2011,0,0,11.2(0.00 %),0,0,0,0,15071597,34.05
01/12/2011,0,0,11.2(0.00 %),0,0,0,0,15071647,34.05
02/12/2011,800,8960000,11.4(0.88 %),800,8960000,0,0,15070847,34.05
05/12/2011,0,0,10.9(4.81 %),0,0,0,0,15070847,34.05
06/12/2011,0,0,10.9(0.00 %),0,0,0,0,15070847,34.05
07/12/2011,0,0,10.9(0.00 %),0,0,0,0,15070847,34.05
08/12/2011,-200,-2040000,10.9(0.00 %),0,0,200,2040000,15071047,34.05
09/12/2011,0,0,9.9(-4.81 %),0,0,0,0,15071047,34.05
12/12/2011,500,5350000,10.2(2.00 %),500,5350000,0,0,15070547,34.05
13/12/2011,400,3960000,9.9(-5.71 %),400,3960000,0,0,15070147,34.05
14/12/2011,200,1980000,9.9(0.00 %),200,1980000,0,0,15069947,34.05
15/12/2011,0,0,9.4(-5.05 %),0,0,0,0,15069947,34.05
16/12/2011,0,0,10(6.38 %),0,0,0,0,15069947,34.05
19/12/2011,0,0,10.5(5.00 %),0,0,0,0,15069947,34.05
20/12/2011,0,0,11.1(5.71 %),0,0,0,0,15069947,34.05
21/12/2011,0,0,10.5(-5.41 %),0,0,0,0,15069947,34.05
22/12/2011,0,0,10.5(0.00 %),0,0,0,0,15069947,34.05
23/12/2011,300,2940000,9.8(-6.67 %),300,2940000,0,0,15069647,34.05
26/12/2011,0,0,9.8(0.00 %),0,0,0,0,15069647,34.05
27/12/2011,0,0,10.4(6.12 %),0,0,0,0,15069647,34.05
28/12/2011,0,0,10.4(0.00 %),0,0,0,0,15069647,34.05
29/12/2011,0,0,11(5.77 %),0,0,0,0,15069647,34.05
30/12/2011,0,0,10.3(-6.36 %),0,0,0,0,15069647,34.05
03/01/2012,0,0,10.3(0.00 %),0,0,0,0,15069647,34.05
04/01/2012,1000,10300000,10.3(0.00 %),1000,10300000,0,0,15068647,34.06
05/01/2012,2500,26500000,10(-3.85 %),2500,26500000,0,0,15066147,34.06
06/01/2012,0,0,10.6(0.00 %),0,0,0,0,15066147,34.06
09/01/2012,0,0,10(-5.66 %),0,0,0,0,15066147,34.06
10/01/2012,0,0,10(0.00 %),0,0,0,0,15066147,34.06
11/01/2012,0,0,10(1.01 %),0,0,0,0,15066147,34.06
12/01/2012,300,3000000,10(0.00 %),300,3000000,0,0,15065847,34.06
13/01/2012,3100,31000000,10(0.00 %),3100,31000000,0,0,15062747,34.06
16/01/2012,-400,-4040000,10.1(0.00 %),0,0,400,4040000,15063147,34.06
17/01/2012,0,0,10.1(0.00 %),0,0,0,0,15063147,34.06
18/01/2012,1000,10400000,9.6(-4.95 %),1000,10400000,0,0,15062147,34.06
19/01/2012,-1900,-19000000,10(0.00 %),5600,56000000,7500,75000000,15064047,34.06
20/01/2012,0,0,10(0.00 %),0,0,0,0,15064047,34.06
30/01/2012,0,0,10.4(4.00 %),0,0,0,0,15064047,34.06
31/01/2012,0,0,10.5(1.94 %),0,0,0,0,15064047,34.06
01/02/2012,3700,39590000,10.7(1.90 %),3700,39590000,0,0,15060347,34.06
02/02/2012,0,0,10(-6.54 %),0,0,0,0,15060347,34.06
03/02/2012,0,0,10.9(6.86 %),0,0,0,0,15060347,34.06
06/02/2012,-18000,-181120000,10(-4.76 %),2000,21000000,20000,202120000,15078347,34.05
07/02/2012,0,0,10.2(0.00 %),0,0,0,0,15078347,34.05
08/02/2012,-52500,-526000000,10(-1.96 %),0,0,52500,526000000,15130847,33.99
09/02/2012,-8100,-82200000,10(0.00 %),2900,29150000,11000,111350000,15138947,33.99
10/02/2012,0,0,10.2(0.00 %),0,0,0,0,15138947,33.99
13/02/2012,0,0,10.3(0.98 %),0,0,0,0,15138947,33.99
14/02/2012,0,0,10.3(0.00 %),0,0,0,0,15138947,33.99
15/02/2012,0,0,10.2(-0.97 %),50000,510000000,50000,510000000,15138947,33.99
16/02/2012,-8800,-89550000,10.1(-0.98 %),30000,306000000,38800,395550000,15147747,33.98
17/02/2012,-20000,-204010000,10.2(0.00 %),0,0,20000,204010000,15167747,33.96
20/02/2012,9400,98680000,10.5(2.94 %),9400,98680000,0,0,15158347,33.97
21/02/2012,11000,114400000,10.4(-0.95 %),11000,114400000,0,0,15147347,33.98
22/02/2012,-12000,-126000000,10.5(0.96 %),49000,510400000,61000,636400000,15159347,33.97
23/02/2012,14500,161090000,11.2(6.67 %),14500,161090000,0,0,15144847,33.98
24/02/2012,-9900,-112880000,11.2(0.90 %),100,1120000,10000,114000000,15154747,33.97
27/02/2012,1500,16350000,10.9(-4.39 %),1500,16350000,0,0,15153247,33.97
28/02/2012,15900,173310000,11(-0.90 %),15900,173310000,0,0,15137347,33.99
29/02/2012,10100,116340000,11.6(6.42 %),10100,116340000,0,0,15127247,34.0
01/03/2012,4900,56350000,12(4.35 %),4900,56350000,0,0,15122347,34.0
02/03/2012,24700,298090000,11.8(1.72 %),24700,298090000,0,0,15097647,34.03
05/03/2012,0,0,12.8(6.67 %),0,0,0,0,15097647,34.03
06/03/2012,0,0,13.4(4.69 %),0,0,0,0,15097647,34.03
07/03/2012,7400,102500000,13.7(0.74 %),7400,102500000,0,0,15090247,34.03
08/03/2012,600,7560000,12.5(-6.02 %),600,7560000,0,0,15089647,34.03
09/03/2012,15000,180000000,11.8(-6.35 %),15000,180000000,0,0,15074647,34.05
12/03/2012,11900,136850000,12.3(2.50 %),11900,136850000,0,0,15062747,34.06
13/03/2012,0,0,12.1(5.22 %),0,0,0,0,15062747,34.06
14/03/2012,0,0,12.5(4.17 %),0,0,0,0,15062747,34.06
15/03/2012,0,0,12.4(-0.80 %),0,0,0,0,15062747,34.06
16/03/2012,400,4840000,12.1(-3.20 %),400,4840000,0,0,15062347,34.06
19/03/2012,14700,185500000,12.8(4.92 %),14700,185500000,0,0,15047647,34.08
20/03/2012,0,0,12.5(-0.79 %),0,0,0,0,15047647,34.08
21/03/2012,0,0,12.5(0.00 %),0,0,0,0,15047647,34.08
22/03/2012,0,0,12.8(3.23 %),0,0,0,0,15047647,34.08
23/03/2012,7100,90880000,13.2(3.94 %),7100,90880000,0,0,15040547,34.08
26/03/2012,0,0,12.9(0.00 %),0,0,0,0,15040547,34.08
27/03/2012,0,0,12.5(-3.10 %),0,0,0,0,15040547,34.08
28/03/2012,1000,12600000,12.6(0.80 %),1000,12600000,0,0,15039547,34.08
29/03/2012,-4300,-51820000,11.8(-6.35 %),0,0,4300,51820000,15043847,34.08
30/03/2012,900,10170000,11.3(0.00 %),900,10170000,0,0,15042947,34.08
03/04/2012,1100,12650000,11.6(2.65 %),1100,12650000,0,0,15037547,34.09
04/04/2012,1000,11900000,11(-5.98 %),1000,11900000,0,0,15036547,34.09
05/04/2012,500,5350000,10.8(-1.82 %),500,5350000,0,0,15036047,34.09
06/04/2012,0,0,11.4(4.59 %),0,0,0,0,15036047,34.09
09/04/2012,0,0,11.9(4.39 %),0,0,0,0,15036047,34.09
10/04/2012,1000,11400000,11.2(-5.88 %),1000,11400000,0,0,15035047,34.09
11/04/2012,1300,15040000,11.6(3.57 %),1300,15040000,0,0,15033747,34.09
12/04/2012,-30800,-369260000,12.1(4.31 %),10000,116000000,40800,485260000,15064547,34.06
13/04/2012,-58800,-689450000,11.6(-5.69 %),1200,14640000,60000,704090000,15123347,34.0
16/04/2012,-3000,-37200000,12.4(6.90 %),7000,86800000,10000,124000000,15126347,34.0
17/04/2012,-2900,-35960000,12.7(2.42 %),1000,12400000,3900,48360000,15129247,33.99
18/04/2012,-400,-4980000,12.3(-3.15 %),600,7560000,1000,12540000,15129647,33.99
19/04/2012,0,0,12.4(0.81 %),0,0,0,0,15129647,33.99
20/04/2012,-17000,-199000000,12(-3.23 %),23000,284620000,40000,483620000,15146647,33.98
23/04/2012,-19700,-236350000,12.1(0.83 %),1300,16250000,21000,252600000,15166347,33.96
24/04/2012,0,0,12.1(0.00 %),0,0,0,0,15166347,33.96
25/04/2012,0,0,12.4(2.48 %),0,0,0,0,15166347,33.96
26/04/2012,-30000,-364450000,11.7(-5.65 %),0,0,30000,364450000,15196347,33.93
27/04/2012,-20000,-240380000,12(0.84 %),0,0,20000,240380000,15216347,33.91
02/05/2012,-68000,-845410000,12.7(5.83 %),2000,25400000,70000,870810000,15168647,33.96
03/05/2012,-20500,-256950000,12.6(0.00 %),0,0,20500,256950000,15189147,33.94
04/05/2012,-118300,-1567230000,13.3(5.56 %),0,0,118300,1567230000,15307447,33.82
07/05/2012,-6300,-88560000,14.2(6.77 %),200,2800000,6500,91360000,15313747,33.81
08/05/2012,800,11890000,14.6(2.82 %),3500,49700000,2700,37810000,15312947,33.81
09/05/2012,3000,42900000,14.5(0.00 %),3000,42900000,0,0,15309947,33.82
10/05/2012,24400,343800000,13.9(-4.14 %),30000,425000000,5600,81200000,15285547,33.84
11/05/2012,8200,117400000,13.5(-2.88 %),8200,117400000,0,0,15277347,33.85
14/05/2012,0,0,13.2(-2.94 %),0,0,0,0,15277347,33.85
15/05/2012,-7600,-95340000,12.6(-4.55 %),0,0,7600,95340000,15284947,33.84
16/05/2012,-10500,-131600000,12.8(2.40 %),0,0,10500,131600000,15295447,33.83
17/05/2012,2700,33750000,12.4(-3.12 %),2700,33750000,0,0,15292747,33.83
18/05/2012,-99700,-1177190000,11.7(-6.40 %),9500,116600000,109200,1293790000,15392447,33.73
21/05/2012,-83300,-1032690000,12.5(6.84 %),12000,149650000,95300,1182340000,15475747,33.65
22/05/2012,-80400,-984290000,12.4(0.00 %),0,0,80400,984290000,15556147,33.57
23/05/2012,-18000,-215030000,12(-3.23 %),97000,1165600000,115000,1380630000,15574147,33.55
24/05/2012,16000,189460000,12(0.00 %),69000,823850000,53000,634390000,15558147,33.57
25/05/2012,-223200,-2695670000,12.7(6.72 %),30000,360000000,253200,3055670000,15781347,33.35
28/05/2012,-89700,-1091560000,12(-4.76 %),10800,130100000,100500,1221660000,15871047,33.26
29/05/2012,-11000,-132040000,12.4(2.48 %),210000,2520000000,221000,2652040000,15882047,33.25
30/05/2012,0,0,12.3(-0.81 %),0,0,0,0,15882047,33.25
31/05/2012,3100,37100000,12.3(-0.81 %),3100,37100000,0,0,15878947,33.25
01/06/2012,4100,49200000,12.2(-0.81 %),154100,1849200000,150000,1800000000,15973847,33.16
04/06/2012,41100,491420000,12(-1.64 %),41100,491420000,0,0,15932747,33.2
05/06/2012,16100,193030000,12.2(1.67 %),16100,193030000,0,0,15916647,33.21
06/06/2012,3000,36000000,12.2(0.00 %),3000,36000000,0,0,15913647,33.22
07/06/2012,3200,39950000,12.6(3.28 %),3200,39950000,0,0,15910447,33.22
08/06/2012,0,0,12.5(-0.79 %),0,0,0,0,15910447,33.22
11/06/2012,0,0,12.4(-0.80 %),0,0,0,0,15910447,33.22
12/06/2012,0,0,12.4(0.00 %),0,0,0,0,15910447,33.22
13/06/2012,20500,246500000,12.4(0.00 %),21500,259000000,1000,12500000,15889947,33.24
14/06/2012,-500,-6050000,12.1(0.83 %),0,0,500,6050000,15890447,33.24
15/06/2012,300,3600000,12.4(2.48 %),300,3600000,0,0,15890147,33.24
18/06/2012,-7000,-85310000,12.2(-1.61 %),0,0,7000,85310000,15897147,33.23
19/06/2012,0,0,12(-2.44 %),0,0,0,0,15897147,33.23
20/06/2012,700,8400000,12.1(0.83 %),700,8400000,0,0,15896447,33.23
21/06/2012,0,0,12.2(0.83 %),0,0,0,0,15896447,33.23
22/06/2012,5500,68200000,12.1(-0.82 %),5500,68200000,0,0,15890947,33.24
25/06/2012,0,50000,12.2(0.83 %),500,6050000,500,6000000,15890947,33.24
26/06/2012,-500,-6000000,12(-1.64 %),0,0,500,6000000,15891447,33.24
27/06/2012,0,0,12.4(3.33 %),0,0,0,0,15891447,33.24
28/06/2012,0,0,12(-3.23 %),0,0,0,0,15891447,33.24
29/06/2012,4900,58800000,12.3(2.50 %),4900,58800000,0,0,15886547,33.24
02/07/2012,17600,216550000,12.2(-0.81 %),17600,216550000,0,0,15889947,33.24
03/07/2012,-700,-8400000,12(-1.64 %),100,1200000,800,9600000,15890647,33.24
04/07/2012,-500,-6050000,12(0.00 %),0,0,500,6050000,15891147,33.24
05/07/2012,-600,-7220000,12.2(1.67 %),0,0,600,7220000,15891747,33.24
06/07/2012,0,0,12(-1.64 %),0,0,0,0,15891747,33.24
09/07/2012,7100,87330000,12.3(1.65 %),8000,98400000,900,11070000,15884647,33.25
10/07/2012,1500,18450000,12.3(0.00 %),1500,18450000,0,0,15883147,33.25
11/07/2012,6000,73800000,12.3(0.00 %),6000,73800000,0,0,15877147,33.25
12/07/2012,2500,30350000,11.9(-3.25 %),2500,30350000,0,0,15874647,33.26
13/07/2012,0,0,12.2(2.52 %),0,0,0,0,15874647,33.26
16/07/2012,0,0,12.2(0.00 %),0,0,0,0,15874647,33.26
17/07/2012,100,1200000,12.3(0.82 %),100,1200000,0,0,15874547,33.26
18/07/2012,0,0,12.3(0.00 %),0,0,0,0,15874547,33.26
19/07/2012,0,0,12.7(3.25 %),0,0,0,0,15874547,33.26
20/07/2012,38000,480170000,13(1.56 %),38000,480170000,0,0,15836547,33.29
23/07/2012,40200,515510000,13(1.56 %),40200,515510000,0,0,15796347,33.33
24/07/2012,50000,649930000,13.2(1.54 %),50000,649930000,0,0,15746347,33.38
25/07/2012,0,0,12.5(-5.30 %),0,0,0,0,15746347,33.38
26/07/2012,83500,1085500000,13(4.00 %),83500,1085500000,0,0,15662847,33.47
27/07/2012,22100,287300000,13.3(2.31 %),22100,287300000,0,0,15640747,33.49
30/07/2012,7900,102490000,13.4(0.75 %),10000,130000000,2100,27510000,15632847,33.5
31/07/2012,0,0,13.5(1.50 %),0,0,0,0,15632847,33.5
01/08/2012,2000,27960000,13.6(0.74 %),2000,27960000,0,0,15628747,33.5
02/08/2012,7000,95000000,13.5(-0.74 %),7000,95000000,0,0,15621747,33.51
03/08/2012,7500,98120000,13(-3.70 %),8100,105940000,600,7820000,15614247,33.51
06/08/2012,3000,39810000,13.5(3.85 %),3000,39810000,0,0,15611247,33.52
07/08/2012,0,0,13.5(0.00 %),0,0,0,0,15611247,33.52
08/08/2012,7000,91500000,13.5(0.00 %),7000,91500000,0,0,15604247,33.52
09/08/2012,0,0,13.5(0.00 %),0,0,0,0,15604247,33.52
10/08/2012,0,0,13.5(0.00 %),0,0,0,0,15604247,33.52
13/08/2012,0,0,13.5(0.00 %),0,0,0,0,15604247,33.52
14/08/2012,0,0,13.5(0.00 %),0,0,0,0,15604247,33.52
15/08/2012,0,0,13.5(0.00 %),0,0,0,0,15604247,33.52
16/08/2012,0,0,13.5(0.00 %),0,0,0,0,15604247,33.52
17/08/2012,100,1320000,13.2(-2.22 %),100,1320000,0,0,15604147,33.52
20/08/2012,30300,409050000,13.5(2.27 %),30300,409050000,0,0,15573847,33.55
21/08/2012,63400,832150000,13(-3.70 %),63400,832150000,0,0,15510447,33.62
22/08/2012,2300,29900000,13(0.00 %),2300,29900000,0,0,15508147,33.62
23/08/2012,58000,754000000,13(0.00 %),58000,754000000,0,0,15450147,33.68
24/08/2012,27000,350700000,13(0.00 %),27000,350700000,0,0,15423147,33.7
27/08/2012,12000,156000000,13(0.00 %),12000,156000000,0,0,15411147,33.72
28/08/2012,0,0,13(0.00 %),0,0,0,0,15411147,33.72
29/08/2012,0,0,13(0.00 %),0,0,0,0,15411147,33.72
30/08/2012,0,0,13(0.00 %),0,0,0,0,15411147,33.72
31/08/2012,0,0,13(0.00 %),0,0,0,0,15411147,33.72
04/09/2012,0,0,13.5(3.85 %),1500,19500000,1500,19500000,15411807,33.71
05/09/2012,0,0,12.9(-4.44 %),0,0,0,0,15411807,33.71
06/09/2012,0,0,12.9(0.00 %),0,0,0,0,15411807,33.71
07/09/2012,0,0,13.2(2.33 %),0,0,0,0,15411807,33.71
10/09/2012,0,0,13.2(0.00 %),0,0,0,0,15411807,33.71
11/09/2012,-170,-2091000,13.2(0.00 %),0,0,170,2091000,15411977,33.71
12/09/2012,1000,13090000,12.8(-3.03 %),1000,13090000,0,0,15410977,33.72
13/09/2012,0,0,12.8(0.00 %),0,0,0,0,15410977,33.72
14/09/2012,0,0,13.6(6.25 %),0,0,0,0,15410977,33.72
17/09/2012,0,0,13.8(1.47 %),0,0,0,0,15410977,33.72
18/09/2012,0,0,13.5(-2.17 %),0,0,0,0,15410977,33.72
19/09/2012,10000,135000000,13.2(-2.22 %),10000,135000000,0,0,15400977,33.73
20/09/2012,24300,327980000,13.5(2.27 %),25000,337220000,700,9240000,15376677,33.75
21/09/2012,10000,135000000,13.5(0.00 %),10000,135000000,0,0,15366677,33.76
24/09/2012,23000,310500000,13.5(0.00 %),23000,310500000,0,0,15343677,33.78
25/09/2012,4800,64800000,13.6(0.74 %),5500,74250000,700,9450000,15338877,33.79
26/09/2012,0,0,13.6(0.00 %),0,0,0,0,15338877,33.79
27/09/2012,2000,27000000,13.5(-0.74 %),2000,27000000,0,0,15336877,33.79
28/09/2012,9100,122850000,13.5(0.00 %),9100,122850000,0,0,15327777,33.8
01/10/2012,0,0,13.5(0.00 %),0,0,0,0,15329277,33.8
02/10/2012,500,6750000,13.5(0.00 %),500,6750000,0,0,15328777,33.8
03/10/2012,0,0,13.5(0.00 %),400,5400000,400,5400000,15328777,33.8
04/10/2012,200,2700000,13.5(0.00 %),200,2700000,0,0,15328577,33.8
05/10/2012,200,2700000,13.5(0.00 %),200,2700000,0,0,15328377,33.8
08/10/2012,0,0,13.5(0.00 %),0,0,0,0,15328377,33.8
09/10/2012,0,0,13.9(2.96 %),0,0,0,0,15328377,33.8
10/10/2012,0,0,13.9(0.00 %),0,0,0,0,15328377,33.8
11/10/2012,700,9450000,13.5(-2.88 %),700,9450000,0,0,15327677,33.8
12/10/2012,11800,159300000,13.5(0.00 %),11800,159300000,0,0,15315877,33.81
15/10/2012,0,0,13.8(2.22 %),0,0,0,0,15315877,33.81
16/10/2012,1100,14850000,14.6(5.80 %),1100,14850000,0,0,15314777,33.81
17/10/2012,0,0,14.6(0.00 %),0,0,0,0,15314777,33.81
18/10/2012,0,0,13.8(-5.48 %),0,0,0,0,15314777,33.81
19/10/2012,700,9450000,13.5(-2.17 %),700,9450000,0,0,15314077,33.81
22/10/2012,7900,111710000,14(3.70 %),7900,111710000,0,0,15306177,33.82
23/10/2012,100,1350000,13.5(-3.57 %),100,1350000,0,0,15306077,33.82
24/10/2012,500,7000000,14(3.70 %),500,7000000,0,0,15305577,33.82
25/10/2012,0,0,14(0.00 %),0,0,0,0,15305577,33.82
26/10/2012,2000,28200000,14.1(0.71 %),2000,28200000,0,0,15303577,33.82
29/10/2012,0,0,14.1(0.00 %),0,0,0,0,15303577,33.82
30/10/2012,0,0,14.1(0.00 %),0,0,0,0,15303577,33.82
31/10/2012,1900,26600000,14(-0.71 %),1900,26600000,0,0,15301677,33.82
01/11/2012,1300,18200000,14(0.00 %),1300,18200000,0,0,15300377,33.83
02/11/2012,7700,104830000,14(0.00 %),7700,104830000,0,0,15292677,33.83
05/11/2012,67900,950600000,14(0.00 %),67900,950600000,0,0,15224777,33.9
06/11/2012,69200,968800000,14(0.00 %),69300,970200000,100,1400000,15155577,33.97
07/11/2012,9000,126000000,14.1(0.71 %),9000,126000000,0,0,15146577,33.98
08/11/2012,0,0,14.2(0.71 %),0,0,0,0,15146577,33.98
09/11/2012,0,0,14.3(0.70 %),0,0,0,0,15146577,33.98
12/11/2012,0,0,14.3(0.00 %),0,0,0,0,15146577,33.98
13/11/2012,2000,28550000,14.3(0.00 %),2000,28550000,0,0,15144577,33.98
14/11/2012,0,0,14.3(0.00 %),0,0,0,0,15144577,33.98
15/11/2012,2600,36400000,14(-2.10 %),3600,50400000,1000,14000000,15141977,33.98
16/11/2012,16600,230710000,13.9(6.92 %),16600,230710000,0,0,15125377,34.0
19/11/2012,0,0,13.9(0.00 %),0,0,0,0,15125377,34.0
20/11/2012,0,0,13.9(0.00 %),0,0,0,0,15125377,34.0
21/11/2012,11000,155700000,14.1(1.44 %),11000,155700000,0,0,15114377,34.01
22/11/2012,0,0,14.4(2.13 %),0,0,0,0,15114377,34.01
23/11/2012,0,0,14.8(2.78 %),0,0,0,0,15114377,34.01
26/11/2012,0,0,14.5(-2.03 %),0,0,0,0,15114377,34.01
27/11/2012,0,0,14.5(0.00 %),0,0,0,0,15114377,34.01
28/11/2012,0,0,14(-3.45 %),0,0,0,0,15114377,34.01
29/11/2012,500,6550000,14.5(3.57 %),500,6550000,0,0,15113877,34.01
30/11/2012,1000,14100000,14.2(-2.07 %),1000,14100000,0,0,15112877,34.01
03/12/2012,0,0,14.2(0.00 %),0,0,0,0,15112877,34.01
04/12/2012,10000,141990000,13.5(-4.93 %),10000,141990000,0,0,15102877,34.02
05/12/2012,3000,41970000,14.3(5.93 %),3000,41970000,0,0,15099877,34.02
06/12/2012,0,0,14.5(1.40 %),0,0,0,0,15099877,34.02
07/12/2012,5000,72500000,14.5(0.00 %),5000,72500000,0,0,15094877,34.03
10/12/2012,0,0,14(-3.45 %),0,0,0,0,15094877,34.03
11/12/2012,2000,27200000,13.5(-3.57 %),2000,27200000,0,0,15092877,34.03
12/12/2012,5500,79200000,14.4(6.67 %),5500,79200000,0,0,15087377,34.04
13/12/2012,0,0,13.6(-5.56 %),0,0,0,0,15087377,34.04
14/12/2012,5800,82280000,13.6(0.00 %),5800,82280000,0,0,15081577,34.04
17/12/2012,0,0,13.6(0.00 %),0,0,0,0,15081577,34.04
18/12/2012,6000,86200000,13.8(1.47 %),6000,86200000,0,0,15075577,34.05
19/12/2012,0,0,14(1.45 %),0,0,0,0,15075577,34.05
20/12/2012,0,0,14(0.00 %),0,0,0,0,15075577,34.05
21/12/2012,5000,72000000,14.5(3.57 %),5000,72000000,0,0,15070577,34.05
24/12/2012,0,0,14.5(0.00 %),0,0,0,0,15070577,34.05
25/12/2012,0,0,14.5(0.00 %),0,0,0,0,15070577,34.05
26/12/2012,14700,212750000,14.5(0.00 %),14700,212750000,0,0,15055877,34.07
27/12/2012,4500,64400000,14.5(0.00 %),4500,64400000,0,0,15051377,34.07
28/12/2012,100,1400000,14(-3.45 %),100,1400000,0,0,15051277,34.07
02/01/2013,0,0,14(0.00 %),0,0,0,0,15051277,34.07
03/01/2013,0,0,13.7(-2.14 %),0,0,0,0,15051277,34.07
04/01/2013,500,6920000,14.4(5.11 %),500,6920000,0,0,15050777,34.07
07/01/2013,0,0,13.8(-4.17 %),0,0,0,0,15050777,34.07
08/01/2013,5400,75600000,14(1.45 %),5400,75600000,0,0,15045377,34.08
09/01/2013,14000,198800000,14.2(1.43 %),14000,198800000,0,0,15031377,34.09
10/01/2013,0,0,13.8(-2.82 %),0,0,0,0,15031377,34.09
11/01/2013,0,0,14.2(2.90 %),0,0,0,0,15031377,34.09
14/01/2013,0,0,14.2(0.00 %),0,0,0,0,15031377,34.09
15/01/2013,-1000,-14100000,14.1(-0.70 %),0,0,1000,14100000,15032377,34.09
16/01/2013,5000,71500000,14.2(0.71 %),5000,71500000,0,0,15027377,34.1
17/01/2013,300,4260000,14.3(0.70 %),400,5690000,100,1430000,15027077,34.1
18/01/2013,10000,150190000,15.2(7.04 %),10000,150190000,0,0,15017077,34.11
21/01/2013,1900,28500000,15(-1.32 %),2400,36000000,500,7500000,15015177,34.11
22/01/2013,19500,290220000,15(0.00 %),19900,296220000,400,6000000,14995677,34.13
23/01/2013,33700,504950000,15(0.00 %),34700,519950000,1000,15000000,14961977,34.16
24/01/2013,49800,744120000,14.9(-0.67 %),49800,744120000,0,0,14912177,34.21
25/01/2013,27200,409950000,15.3(2.68 %),27200,409950000,0,0,14884977,34.24
28/01/2013,15000,233700000,15.7(2.61 %),15000,233700000,0,0,14869977,34.25
29/01/2013,30000,494850000,16.7(6.37 %),30000,494850000,0,0,14839977,34.28
30/01/2013,95800,1735140000,18.3(9.58 %),96900,1755030000,1100,19890000,14744177,34.38
31/01/2013,15000,276000000,19(3.83 %),15000,276000000,0,0,14729177,34.39
01/02/2013,9600,172800000,19(0.00 %),9600,172800000,0,0,14713477,34.41
04/02/2013,10800,199780000,18(-2.70 %),22000,392500000,11200,192720000,14702677,34.42
05/02/2013,3000,49100000,16.3(-9.44 %),5000,81500000,2000,32400000,14699677,34.42
06/02/2013,1900,30400000,17.9(9.82 %),1900,30400000,0,0,14697777,34.42
07/02/2013,4500,80550000,17.9(0.00 %),10900,195110000,6400,114560000,14693277,34.43
08/02/2013,2800,49910000,17.9(0.00 %),95300,1705660000,92500,1655750000,14690477,34.43
18/02/2013,0,0,18.5(3.35 %),0,0,0,0,14690477,34.43
19/02/2013,0,0,18.5(0.00 %),230000,4117000000,230000,4117000000,14690477,34.43
20/02/2013,0,0,18.5(0.00 %),0,0,0,0,14690477,34.43
21/02/2013,31000,529100000,16.9(-8.65 %),31000,529100000,0,0,14659477,34.46
22/02/2013,0,0,18(6.51 %),0,0,0,0,14659477,34.46
25/02/2013,8100,145700000,18(0.00 %),8100,145700000,0,0,14651377,34.47
26/02/2013,0,0,18(0.00 %),0,0,0,0,14651377,34.47
27/02/2013,0,0,17(-5.56 %),0,0,0,0,14651377,34.47
28/02/2013,0,0,18(5.88 %),0,0,0,0,14651377,34.47
01/03/2013,0,0,18(0.00 %),0,0,0,0,14652477,34.47
04/03/2013,0,0,18(0.00 %),0,0,0,0,14652477,34.47
05/03/2013,5000,82500000,17(-5.56 %),5000,82500000,0,0,14647477,34.47
06/03/2013,36100,625725700,16.9(-0.59 %),36100,625725700,0,0,14611377,34.51
07/03/2013,0,0,16.9(0.00 %),0,0,0,0,14611377,34.51
08/03/2013,12000,209000000,17.5(3.55 %),12000,209000000,0,0,14599377,34.52
11/03/2013,0,0,17.5(0.00 %),0,0,0,0,14599377,34.52
12/03/2013,0,0,17.5(0.00 %),0,0,0,0,14599377,34.52
13/03/2013,0,0,19(8.57 %),0,0,0,0,14599377,34.52
14/03/2013,0,0,19(0.00 %),0,0,0,0,14599377,34.52
15/03/2013,2000,34610000,17.1(-10.00 %),2100,36330000,100,1720000,14597377,34.52
18/03/2013,0,0,17(-1.16 %),0,0,0,0,14597377,34.52
19/03/2013,0,0,17.3(1.76 %),0,0,0,0,14597377,34.52
20/03/2013,2000,33600000,16.8(-2.89 %),2000,33600000,0,0,14595377,34.52
21/03/2013,0,0,16.6(-1.19 %),0,0,0,0,14595377,34.52
22/03/2013,5000,82500000,16.5(-0.60 %),5000,82500000,0,0,14590377,34.53
25/03/2013,0,0,16.6(0.61 %),0,0,0,0,14590377,34.53
26/03/2013,0,0,18(8.43 %),0,0,0,0,14590377,34.53
27/03/2013,0,0,18(0.00 %),0,0,0,0,14590377,34.53
28/03/2013,-1900,-32300000,17(-5.56 %),0,0,1900,32300000,14592277,34.53
29/03/2013,1100,18310000,17.1(0.59 %),1100,18310000,0,0,14591177,34.53
01/04/2013,300,5100000,17(-0.58 %),300,5100000,0,0,14588977,34.53
02/04/2013,23100,396711700,17.1(5.56 %),23100,396711700,0,0,14565877,34.55
03/04/2013,0,0,17.1(0.00 %),0,0,0,0,14565877,34.55
04/04/2013,0,0,17.1(0.00 %),0,0,0,0,14565877,34.55
05/04/2013,0,0,17.1(0.00 %),0,0,0,0,14565877,34.55
08/04/2013,0,0,16.1(-5.85 %),0,0,0,0,14565877,34.55
09/04/2013,6000,98400000,16.4(1.86 %),6000,98400000,0,0,14559877,34.56
10/04/2013,2400,39840000,16.6(1.22 %),2400,39840000,0,0,14557477,34.56
11/04/2013,0,0,16.8(1.20 %),0,0,0,0,14557477,34.56
12/04/2013,8800,150440000,17.3(2.98 %),9000,153900000,200,3460000,14548677,34.57
15/04/2013,1200,20960000,17.5(1.16 %),1200,20960000,0,0,14547477,34.57
16/04/2013,4100,72570000,17.8(1.71 %),5100,90370000,1000,17800000,14543377,34.58
17/04/2013,0,0,17.8(0.00 %),0,0,0,0,14543377,34.58
18/04/2013,-1000,-17800000,17.8(0.00 %),0,0,1000,17800000,14544377,34.58
22/04/2013,-2000,-36700000,19(6.74 %),0,0,2000,36700000,14546377,34.57
23/04/2013,88800,1741020000,20.2(6.32 %),89600,1756460000,800,15440000,14457577,34.66
24/04/2013,43400,880270000,20.4(2.00 %),44000,892870000,600,12600000,14414177,34.7
25/04/2013,79500,1589430000,20(-1.96 %),79500,1589430000,0,0,14334677,34.78
26/04/2013,58800,1173480000,19.9(-0.50 %),58800,1173480000,0,0,14275877,34.84
02/05/2013,0,0,20(0.00 %),0,0,0,0,14277177,34.84
03/05/2013,49600,1019330000,21(5.00 %),50000,1027570000,400,8240000,14227577,34.89
06/05/2013,47000,985620000,21(0.00 %),47000,985620000,0,0,14180577,34.94
07/05/2013,0,0,21(0.00 %),0,0,0,0,14180577,34.94
08/05/2013,5400,113400000,21(0.00 %),5400,113400000,0,0,14175177,34.94
09/05/2013,-1000,-20000000,20(-4.76 %),0,0,1000,20000000,14176177,34.94
10/05/2013,-100,-2000000,20(0.00 %),0,0,100,2000000,14176277,34.94
13/05/2013,2200,42160000,20(0.00 %),2200,42160000,0,0,14174077,34.94
14/05/2013,0,0,20(0.00 %),0,0,0,0,14174077,34.94
15/05/2013,0,0,22(10.00 %),0,0,0,0,14174077,34.94
16/05/2013,28900,643020000,24(9.09 %),28900,643020000,0,0,14145177,34.97
17/05/2013,200,4760000,24.4(2.52 %),1200,28560000,1000,23800000,14144977,34.97
20/05/2013,19000,473380000,25.5(4.94 %),20000,498380000,1000,25000000,14125977,34.99
21/05/2013,37600,964210000,26(2.77 %),39700,1018350000,2100,54140000,14088377,35.03
22/05/2013,80200,2172040000,27.9(7.31 %),100800,2709840000,20600,537800000,14008177,35.11
23/05/2013,0,0,27.6(0.00 %),0,0,0,0,14008177,35.11
24/05/2013,0,0,24.9(-9.78 %),0,0,0,0,14008177,35.11
27/05/2013,3200,74540000,23.2(-6.83 %),3200,74540000,0,0,14004977,35.11
28/05/2013,3600,83840000,23.4(0.86 %),10000,233600000,6400,149760000,14001377,35.11
29/05/2013,9600,245600000,25.7(9.83 %),9600,245600000,0,0,13991777,35.12
30/05/2013,3900,100230000,25.7(0.00 %),3900,100230000,0,0,13987877,35.13
31/05/2013,3000,77100000,25.7(0.00 %),3000,77100000,0,0,13984877,35.13
03/06/2013,18500,480100000,25.1(-2.33 %),24000,620100000,5500,140000000,13944677,35.17
04/06/2013,-2450,-61370000,25.1(0.00 %),0,0,2450,61370000,13947127,35.17
05/06/2013,3500,82250000,25.1(0.00 %),3500,82250000,0,0,13943627,35.17
06/06/2013,1200,30850000,25.9(9.75 %),1200,30850000,0,0,13942427,35.17
07/06/2013,-40,-936000,25.9(0.00 %),0,0,40,936000,13942467,35.17
10/06/2013,4100,107140000,26.3(1.54 %),4100,107140000,0,0,13938367,35.18
11/06/2013,5100,125050000,25(-4.94 %),8600,216050000,3500,91000000,13933267,35.18
12/06/2013,0,0,25(0.00 %),0,0,0,0,13933267,35.18
13/06/2013,0,0,25(0.00 %),0,0,0,0,13933267,35.18
14/06/2013,0,0,24.6(-1.60 %),0,0,0,0,13933267,35.18
17/06/2013,0,0,24(-2.44 %),0,0,0,0,13933267,35.18
18/06/2013,0,0,24(0.00 %),0,0,0,0,13933267,35.18
19/06/2013,4200,107880000,26(8.33 %),27700,717880000,23500,610000000,13929067,35.19
20/06/2013,0,0,26(0.00 %),0,0,0,0,13929067,35.19
21/06/2013,0,0,26(0.00 %),0,0,0,0,13929067,35.19
24/06/2013,0,0,26(0.00 %),0,0,0,0,13929067,35.19
25/06/2013,1000,24100000,24.1(-7.31 %),1000,24100000,0,0,13928067,35.19
26/06/2013,200,5060000,25.3(4.98 %),200,5060000,0,0,13927867,35.19
27/06/2013,-2700,-62950000,26(2.77 %),19000,489350000,21700,552300000,13930567,35.18
28/06/2013,500,12400000,26(0.78 %),1000,25400000,500,13000000,13930067,35.18
01/07/2013,0,0,26(0.00 %),0,0,0,0,13913367,35.2
02/07/2013,0,0,26(0.00 %),0,0,0,0,13913367,35.2
03/07/2013,3000,73000000,25(-3.85 %),3000,73000000,0,0,13910367,35.2
04/07/2013,600,15000000,25.2(0.80 %),4400,110760000,3800,95760000,13909767,35.2
05/07/2013,0,0,25.2(0.00 %),0,0,0,0,13910367,35.2
08/07/2013,0,0,25(-0.79 %),0,0,0,0,13910367,35.2
09/07/2013,0,0,25(0.00 %),0,0,0,0,13910367,35.2
10/07/2013,0,0,25(0.00 %),0,0,0,0,13910367,35.2
11/07/2013,0,0,25(0.00 %),0,0,0,0,13910367,35.2
12/07/2013,0,0,24.6(-1.60 %),0,0,0,0,13910367,35.2
15/07/2013,-2100,-51670000,24.6(0.00 %),4000,98390000,6100,150060000,13912467,35.2
16/07/2013,-600,-14730000,24.6(0.00 %),5600,137760000,6200,152490000,13913067,35.2
17/07/2013,0,0,24.6(0.00 %),0,0,0,0,13913067,35.2
18/07/2013,-7200,-165600000,22.8(-7.32 %),1300,29900000,8500,195500000,13920267,35.19
19/07/2013,-100,-2360000,23.6(3.51 %),0,0,100,2360000,13920367,35.19
22/07/2013,-200,-4450000,22.3(-5.51 %),500,11050000,700,15500000,13920567,35.19
23/07/2013,-400,-8920000,23.9(7.17 %),26600,586700000,27000,595620000,13920967,35.19
24/07/2013,0,0,23.9(0.00 %),0,0,0,0,13920967,35.19
25/07/2013,2000,47900000,21.9(-8.37 %),2200,52700000,200,4800000,13918967,35.2
26/07/2013,-100,-2300000,20.5(-6.39 %),0,0,100,2300000,13919067,35.2
29/07/2013,2400,49630000,22.5(9.76 %),3000,62830000,600,13200000,13916667,35.2
30/07/2013,1500,36750000,24.5(8.89 %),1500,36750000,0,0,13915167,35.2
31/07/2013,900,22500000,25(2.04 %),900,22500000,0,0,13914267,35.2
01/08/2013,0,0,25(0.00 %),0,0,0,0,13913367,35.2
02/08/2013,0,0,25(0.00 %),0,0,0,0,13913367,35.2
05/08/2013,100,2260000,22.6(-9.60 %),100,2260000,0,0,13913267,35.2
06/08/2013,-200,-4500000,22.5(-0.44 %),0,0,200,4500000,13913467,35.2
07/08/2013,0,0,20.7(-8.00 %),0,0,0,0,13913467,35.2
08/08/2013,0,0,0(0.00 %),0,0,0,0,13913467,35.2
09/08/2013,0,0,0(0.00 %),0,0,0,0,13913467,35.2
12/08/2013,0,0,20.7(0.00 %),0,0,0,0,13913467,35.2
13/08/2013,0,0,20.7(0.00 %),0,0,0,0,13913467,35.2
14/08/2013,0,0,0(0.00 %),0,0,0,0,13913467,35.2
15/08/2013,0,0,22.7(9.66 %),0,0,0,0,13913467,35.2
16/08/2013,0,0,24.5(7.93 %),0,0,0,0,13913467,35.2
19/08/2013,0,0,0(0.00 %),0,0,0,0,13913467,35.2
20/08/2013,0,0,0(0.00 %),0,0,0,0,13913467,35.2
21/08/2013,0,0,22.4(-8.57 %),0,0,0,0,13913467,35.2
22/08/2013,-3400,-77360000,24.4(8.93 %),1600,35140000,5000,112500000,13916867,35.2
23/08/2013,-500,-11450000,22.9(-6.15 %),0,0,500,11450000,13917367,35.2
26/08/2013,-330,-5721000,25(9.17 %),1300,32500000,1630,38221000,13917697,35.2
27/08/2013,0,0,0(0.00 %),0,0,0,0,13917697,35.2
28/08/2013,0,0,0(0.00 %),0,0,0,0,13917697,35.2
29/08/2013,0,0,0(0.00 %),0,0,0,0,13917697,35.2
30/08/2013,200,5440000,27(8.00 %),200,5440000,0,0,13917497,35.2
04/09/2013,100,2780000,27.8(2.96 %),300,8340000,200,5560000,13913367,35.2
05/09/2013,0,0,0(0.00 %),0,0,0,0,13913367,35.2
06/09/2013,0,0,0(0.00 %),0,0,0,0,13913367,35.2
09/09/2013,500,12700000,25.4(-8.63 %),500,12700000,0,0,13912867,35.2
10/09/2013,0,0,0(0.00 %),0,0,0,0,13912867,35.2
11/09/2013,0,0,0(0.00 %),0,0,0,0,13912867,35.2
12/09/2013,0,0,0(0.00 %),0,0,0,0,13912867,35.2
13/09/2013,0,0,23(-9.45 %),0,0,0,0,13912867,35.2
16/09/2013,0,0,0(0.00 %),0,0,0,0,13912867,35.2
17/09/2013,0,0,0(0.00 %),0,0,0,0,13912867,35.2
18/09/2013,0,0,0(0.00 %),0,0,0,0,13912867,35.2
19/09/2013,0,0,0(0.00 %),0,0,0,0,13912867,35.2
20/09/2013,0,0,23(0.00 %),0,0,0,0,13912867,35.2
23/09/2013,0,0,23(0.00 %),0,0,0,0,13912867,35.2
24/09/2013,0,0,0(0.00 %),0,0,0,0,13912867,35.2
25/09/2013,-5000,-115000000,23(0.00 %),0,0,5000,115000000,13917867,35.2
26/09/2013,0,0,0(0.00 %),100000,2300000000,100000,2300000000,13917867,35.2
30/09/2013,-200,-4350000,23(0.00 %),1000,23000000,1200,27350000,13918067,35.2
01/10/2013,0,0,0(0.00 %),0,0,0,0,13913367,35.2
02/10/2013,0,0,22.9(-0.43 %),12000,276000000,12000,276000000,13913367,35.2
03/10/2013,-1000,-23000000,23(0.44 %),0,0,1000,23000000,13914367,35.2
04/10/2013,0,0,0(0.00 %),0,0,0,0,13914367,35.2
07/10/2013,-200,-4600000,23(0.00 %),0,0,200,4600000,13914567,35.2
08/10/2013,0,0,22.5(-2.17 %),0,0,0,0,13914567,35.2
09/10/2013,0,0,0(0.00 %),0,0,0,0,13914567,35.2
10/10/2013,0,0,23(2.22 %),8800,201400000,8800,201400000,13914567,35.2
11/10/2013,-1800,-41040000,23(0.00 %),7700,176660000,9500,217700000,13916367,35.2
14/10/2013,0,0,23(0.00 %),13800,316000000,13800,316000000,13916367,35.2
15/10/2013,-5000,-114000000,22.8(-0.87 %),0,0,5000,114000000,13921367,35.19
16/10/2013,-900,-20520000,22.8(0.00 %),17600,401430000,18500,421950000,13922267,35.19
17/10/2013,0,0,22.7(-0.44 %),0,0,0,0,13922267,35.19
18/10/2013,-2000,-43600000,22.7(0.00 %),7800,177840000,9800,221440000,13924267,35.19
21/10/2013,400,9080000,22.7(0.00 %),400,9080000,0,0,13923867,35.19
22/10/2013,100,2270000,22.7(0.00 %),200,4540000,100,2270000,13923767,35.19
23/10/2013,190,4275000,22.4(-1.32 %),200,4480000,10,205000,13923577,35.19
24/10/2013,-5700,-127110000,22.3(-0.45 %),0,0,5700,127110000,13929277,35.19
25/10/2013,0,0,22.3(0.00 %),0,0,0,0,13929277,35.19
28/10/2013,0,0,22(-1.35 %),0,0,0,0,13929277,35.19
29/10/2013,-700,-15470000,22.7(3.18 %),0,0,700,15470000,13929977,35.18
30/10/2013,-5200,-118020000,20.8(-8.37 %),300,6780000,5500,124800000,13935177,35.18
31/10/2013,200,4520000,22.6(8.65 %),500,11330000,300,6810000,13934977,35.18
01/11/2013,-500,-11260000,22.6(0.00 %),0,0,500,11260000,13913367,35.2
04/11/2013,-2300,-52270000,22.7(0.44 %),4200,95320000,6500,147590000,13915667,35.2
05/11/2013,-6500,-147860000,22.8(0.44 %),8800,200030000,15300,347890000,13922167,35.19
06/11/2013,-2100,-47810000,22.7(-0.44 %),4300,97640000,6400,145450000,13924267,35.19
07/11/2013,-9800,-222460000,22.7(0.00 %),0,0,9800,222460000,13934067,35.18
08/11/2013,-900,-20450000,22.5(-0.88 %),600,13500000,1500,33950000,13934967,35.18
11/11/2013,1000,22300000,22.3(-0.89 %),1000,22300000,0,0,13933967,35.18
12/11/2013,0,0,22.4(0.45 %),0,0,0,0,13933967,35.18
13/11/2013,0,0,22.4(0.00 %),0,0,0,0,13933967,35.18
14/11/2013,-10300,-232780000,22.6(0.89 %),0,0,10300,232780000,13944267,35.17
15/11/2013,-14050,-317420000,22.6(0.00 %),0,0,14050,317420000,13958317,35.16
18/11/2013,-15000,-339800000,22.6(0.00 %),0,0,15000,339800000,13973317,35.14
19/11/2013,-9300,-209900000,22.5(-0.44 %),400,9000000,9700,218900000,13982617,35.13
20/11/2013,0,0,22.5(0.00 %),0,0,0,0,13982617,35.13
21/11/2013,-10000,-226000000,22.6(0.44 %),0,0,10000,226000000,13992617,35.12
22/11/2013,-24300,-549180000,22.6(0.00 %),0,0,24300,549180000,14016917,35.1
25/11/2013,-21000,-474600000,22.6(0.00 %),0,0,21000,474600000,14037917,35.08
26/11/2013,-1100,-24860000,22.6(0.00 %),0,0,1100,24860000,14039017,35.08
27/11/2013,-2900,-65540000,22.6(0.00 %),2600,58760000,5500,124300000,14041917,35.07
28/11/2013,-25500,-576300000,22.6(0.00 %),4000,90400000,29500,666700000,14067417,35.05
29/11/2013,800,18250000,23.6(9.26 %),108400,2387510000,107600,2369260000,14066617,35.05
02/12/2013,-2400,-53740000,22.5(-4.66 %),0,0,2400,53740000,13913367,35.2
03/12/2013,0,0,22.5(0.00 %),0,0,0,0,13913367,35.2
04/12/2013,1000,22000000,22(-2.22 %),1000,22000000,0,0,13912367,35.2
05/12/2013,0,0,22(0.00 %),0,0,0,0,13912367,35.2
06/12/2013,2000,44000000,22.3(1.36 %),2000,44000000,0,0,13910367,35.2
09/12/2013,-12500,-277250000,22.2(-0.45 %),0,0,12500,277250000,13922867,35.19
10/12/2013,-500,-10750000,22.8(2.70 %),0,0,500,10750000,13923367,35.19
11/12/2013,4300,98960000,23.3(2.19 %),4300,98960000,0,0,13919067,35.2
12/12/2013,0,0,23.3(0.00 %),0,0,0,0,13919067,35.2
13/12/2013,0,0,23.3(0.00 %),0,0,0,0,13919067,35.2
16/12/2013,-200,-4400000,22.1(-5.15 %),2000,44000000,2200,48400000,13919267,35.19
17/12/2013,0,0,22.1(0.00 %),0,0,0,0,13919267,35.19
18/12/2013,0,0,22.1(0.00 %),0,0,0,0,13919267,35.19
19/12/2013,-2500,-55000000,22(-0.45 %),0,0,2500,55000000,13921767,35.19
20/12/2013,0,0,22(0.00 %),0,0,0,0,13921767,35.19
23/12/2013,0,0,22.2(0.91 %),0,0,0,0,13921767,35.19
24/12/2013,-3700,-81910000,22.1(-0.45 %),0,0,3700,81910000,13925467,35.19
25/12/2013,1600,39950000,22.1(0.00 %),2600,63050000,1000,23100000,13923867,35.19
26/12/2013,0,0,22.1(0.00 %),0,0,0,0,13923867,35.19
27/12/2013,200,4480000,22.3(0.90 %),200,4480000,0,0,13923667,35.19
30/12/2013,900,20680000,22.8(2.24 %),1100,25080000,200,4400000,13922767,35.19
31/12/2013,1100,25080000,22.8(0.00 %),1100,25080000,0,0,13921667,35.19
02/01/2014,-1000,-23100000,23.1(1.32 %),0,0,1000,23100000,13913367,35.2
03/01/2014,0,0,23.4(1.30 %),0,0,0,0,13913367,35.2
06/01/2014,0,0,22.6(-3.42 %),0,0,0,0,13913367,35.2
07/01/2014,0,0,22.2(-1.77 %),0,0,0,0,13913367,35.2
08/01/2014,0,0,22.4(0.90 %),0,0,0,0,13913367,35.2
09/01/2014,0,0,24(7.14 %),0,0,0,0,13913367,35.2
10/01/2014,0,0,23.1(-3.75 %),0,0,0,0,13913367,35.2
13/01/2014,800,18000000,24(3.90 %),800,18000000,0,0,13912567,35.2
14/01/2014,0,0,23.1(-3.75 %),0,0,0,0,13912567,35.2
15/01/2014,2500,60470000,24(3.90 %),2500,60470000,0,0,13910067,35.2
16/01/2014,0,0,23.5(-2.08 %),0,0,0,0,13910067,35.2
17/01/2014,0,0,23.9(1.70 %),0,0,0,0,13910067,35.2
20/01/2014,0,0,24(0.42 %),0,0,0,0,13910067,35.2
21/01/2014,0,0,24(0.00 %),0,0,0,0,13910067,35.2
22/01/2014,700,16710000,24.5(2.08 %),1000,24000000,300,7290000,13909367,35.2
23/01/2014,0,0,24.2(-1.22 %),0,0,0,0,13909367,35.2
24/01/2014,1700,43350000,25.5(5.37 %),1700,43350000,0,0,13907667,35.21
27/01/2014,16200,411040000,25.9(1.57 %),16200,411040000,0,0,13891467,35.22
06/02/2014,0,0,25.5(-1.54 %),0,0,0,0,13913367,35.2
07/02/2014,0,0,25.3(-0.78 %),0,0,0,0,13913367,35.2
10/02/2014,300,7230000,24(-5.14 %),300,7230000,0,0,13913067,35.2
11/02/2014,1400,34480000,24.5(2.08 %),2000,49000000,600,14520000,13911667,35.2
12/02/2014,800,20000000,25(2.04 %),800,20000000,0,0,13910867,35.2
13/02/2014,1000,26750000,26(4.00 %),1000,26750000,0,0,13909867,35.2
14/02/2014,1900,48450000,26(0.00 %),1900,48450000,0,0,13907967,35.21
17/02/2014,-5200,-137060000,26.3(1.15 %),1000,26000000,6200,163060000,13913167,35.2
18/02/2014,-6050,-160201000,28.5(8.37 %),0,0,6050,160201000,13919217,35.2
19/02/2014,0,0,27(-5.26 %),0,0,0,0,13919217,35.2
20/02/2014,0,0,26.2(-2.96 %),0,0,0,0,13919217,35.2
21/02/2014,-800,-21320000,28(6.87 %),0,0,800,21320000,13920017,35.19
24/02/2014,1300,33800000,27.9(-0.36 %),1300,33800000,0,0,13918717,35.2
25/02/2014,0,0,28(0.36 %),0,0,0,0,13918717,35.2
26/02/2014,2000,56000000,27.3(-2.50 %),2000,56000000,0,0,13916717,35.2
27/02/2014,2500,69500000,27.5(0.73 %),2500,69500000,0,0,13916217,35.2
28/02/2014,1900,54300000,29(5.45 %),1900,54300000,0,0,13914317,35.2
03/03/2014,0,0,27.2(-6.21 %),0,0,0,0,13913367,35.2
04/03/2014,0,0,25.9(-4.78 %),0,0,0,0,13913367,35.2
05/03/2014,0,0,27.5(6.18 %),0,0,0,0,13913367,35.2
06/03/2014,0,0,27(-1.82 %),0,0,0,0,13913367,35.2
07/03/2014,0,0,26.6(-1.48 %),0,0,0,0,13913367,35.2
10/03/2014,-11000,-293100000,26.6(0.00 %),0,0,11000,293100000,13924367,35.19
11/03/2014,-6600,-177240000,27(1.50 %),0,0,6600,177240000,13930967,35.18
12/03/2014,-2100,-56650000,26.8(-0.74 %),0,0,2100,56650000,13933067,35.18
13/03/2014,-1000,-27000000,27.1(1.12 %),3000,81000000,4000,108000000,13934067,35.18
14/03/2014,0,0,27.2(0.37 %),0,0,0,0,13934067,35.18
17/03/2014,-50,-1370000,27.2(0.00 %),0,0,50,1370000,13934117,35.18
18/03/2014,0,0,28(2.94 %),0,0,0,0,13934117,35.18
19/03/2014,0,0,27.9(-0.36 %),0,0,0,0,13934117,35.18
20/03/2014,-7000,-194790000,27.8(-0.36 %),0,0,7000,194790000,13941117,35.17
21/03/2014,0,0,27.8(0.00 %),0,0,0,0,13941117,35.17
24/03/2014,0,0,28.5(2.52 %),0,0,0,0,13941117,35.17
25/03/2014,-10000,-290000000,28.8(1.05 %),0,0,10000,290000000,13951117,35.16
26/03/2014,-9800,-310070000,31.6(9.72 %),200,5930000,10000,316000000,13960917,35.15
27/03/2014,-13800,-420800000,30(-5.06 %),2000,63400000,15800,484200000,13974717,35.14
28/03/2014,0,0,31.1(3.67 %),0,0,0,0,13974717,35.14
31/03/2014,1200,36000000,30.5(-1.93 %),1200,36000000,0,0,13973517,35.14
01/04/2014,400,11520000,29.9(-1.97 %),400,11520000,0,0,13913367,35.2
02/04/2014,0,-500000,29.1(-2.68 %),1000,28000000,1000,28500000,13913367,35.2
03/04/2014,100,3040000,30.5(4.81 %),100,3040000,0,0,13913267,35.2
04/04/2014,500,15050000,30.1(-1.31 %),500,15050000,0,0,13912767,35.2
07/04/2014,1400,39200000,28.3(-5.98 %),1400,39200000,0,0,13911367,35.2
08/04/2014,0,0,28.4(0.35 %),0,0,0,0,13911367,35.2
10/04/2014,0,0,28.5(0.35 %),0,0,0,0,13911367,35.2
11/04/2014,500,14300000,29.9(4.91 %),500,14300000,0,0,13910867,35.2
14/04/2014,1600,44800000,29.9(0.00 %),1600,44800000,0,0,13909267,35.2
15/04/2014,0,0,28(-6.35 %),0,0,0,0,13909267,35.2
16/04/2014,0,0,29.5(5.36 %),0,0,0,0,13909267,35.2
17/04/2014,-300,-8790000,28.9(-2.03 %),0,0,300,8790000,13909567,35.2
18/04/2014,0,0,28.9(0.00 %),0,0,0,0,13909567,35.2
21/04/2014,0,0,28.8(-0.35 %),0,0,0,0,13909567,35.2
22/04/2014,-30600,-835380000,28(-2.78 %),0,0,30600,835380000,13940167,35.17
23/04/2014,0,0,26.1(-6.79 %),0,0,0,0,13940167,35.17
24/04/2014,0,0,27.7(6.13 %),0,0,0,0,13940167,35.17
25/04/2014,2500,72500000,29(4.69 %),2500,72500000,0,0,13937667,35.18
28/04/2014,6700,186900000,29.4(1.38 %),6700,186900000,0,0,13930967,35.18
29/04/2014,-300,-8790000,29.5(0.34 %),0,0,300,8790000,13931267,35.18
05/05/2014,4000,109580000,29.3(-0.68 %),4000,109580000,0,0,13913367,35.2
06/05/2014,0,0,28.5(-2.73 %),0,0,0,0,13913367,35.2
07/05/2014,3500,92870000,28(-1.75 %),3500,92870000,0,0,13909867,35.2
08/05/2014,500,13300000,25.2(-10.00 %),500,13300000,0,0,13909367,35.2
09/05/2014,7300,179140000,26.9(6.75 %),7300,179140000,0,0,13902067,35.21
12/05/2014,7600,185490000,27(0.37 %),7600,185490000,0,0,13894467,35.22
13/05/2014,24200,589160000,24.4(-9.63 %),24200,589160000,0,0,13870267,35.24
14/05/2014,3800,91200000,26.2(7.38 %),3800,91200000,0,0,13866467,35.25
15/05/2014,10000,236160000,23.6(-9.92 %),10000,236160000,0,0,13856467,35.26
16/05/2014,1000,25870000,25.9(9.75 %),1000,25870000,0,0,13855467,35.26
19/05/2014,0,0,25.9(0.00 %),0,0,0,0,13855467,35.26
20/05/2014,0,0,25.9(0.00 %),0,0,0,0,13855467,35.26
21/05/2014,100,2760000,27.6(6.56 %),100,2760000,0,0,13855367,35.26
22/05/2014,24300,669710000,27.8(0.72 %),25300,697310000,1000,27600000,13831067,35.28
23/05/2014,3400,94520000,27.8(0.00 %),6900,191820000,3500,97300000,13827667,35.29
26/05/2014,6900,191870000,27.8(0.00 %),7700,214110000,800,22240000,13820767,35.29
27/05/2014,400,11280000,28.2(1.44 %),500,14030000,100,2750000,14084457,35.03
28/05/2014,500,14320000,28.6(1.42 %),500,14320000,0,0,14084957,35.03
29/05/2014,0,0,28.6(0.00 %),0,0,0,0,14087957,35.03
30/05/2014,0,0,28.8(0.70 %),0,0,0,0,14088757,35.03
02/06/2014,200,5760000,28.8(0.00 %),200,5760000,0,0,14088857,35.03
03/06/2014,0,0,28.8(0.00 %),0,0,0,0,14088657,35.03
04/06/2014,0,0,26.6(-7.64 %),0,0,0,0,14088657,35.03
05/06/2014,-60,-1440000,26.6(0.00 %),0,0,60,1440000,14088657,35.03
06/06/2014,0,0,26.7(0.38 %),0,0,0,0,14088657,35.03
09/06/2014,-5620,-149442000,26.1(-2.25 %),0,0,5620,149442000,14088657,35.03
10/06/2014,-4000,-104210000,26(-0.38 %),0,0,4000,104210000,14088657,35.03
11/06/2014,0,0,26(0.00 %),0,0,0,0,14088717,35.03
12/06/2014,-19400,-515080000,26.6(2.31 %),100,2610000,19500,517690000,14088717,35.03
13/06/2014,0,0,27.7(4.14 %),0,0,0,0,14094237,35.02
16/06/2014,0,0,28(1.08 %),0,0,0,0,14098237,35.02
17/06/2014,0,0,27.8(-0.71 %),0,0,0,0,14098237,35.02
18/06/2014,0,0,27.7(-0.36 %),0,0,0,0,14117737,35.0
19/06/2014,0,0,27.6(-0.36 %),0,0,0,0,14117737,35.0
20/06/2014,2300,63370000,27.5(-0.36 %),2300,63370000,0,0,14117737,35.0
23/06/2014,500,14100000,28.2(2.55 %),500,14100000,0,0,14115437,35.0
24/06/2014,-1800,-51660000,29.5(4.61 %),0,0,1800,51660000,14114937,35.0
25/06/2014,-2800,-79890000,29.2(-1.02 %),1200,35200000,4000,115090000,14113737,35.0
26/06/2014,-8200,-233100000,28.2(-3.42 %),1800,51900000,10000,285000000,14113737,35.0
27/06/2014,-4900,-136190000,28.4(0.71 %),1900,52860000,6800,189050000,14111937,35.0
30/06/2014,0,0,21.7(2.84 %),0,0,0,0,14111837,35.0
01/07/2014,3200,67520000,21(-3.23 %),3200,67520000,0,0,14112637,35.0
02/07/2014,2300,48700000,20.6(-1.90 %),4300,90300000,2000,41600000,14118337,35.0
03/07/2014,-2400,-48600000,21.1(2.43 %),0,0,2400,48600000,14125137,34.99
04/07/2014,-1000,-20410000,21(-0.47 %),3000,63000000,4000,83410000,14122137,34.99
07/07/2014,-600,-12010000,20.1(-4.29 %),0,0,600,12010000,14122137,34.99
08/07/2014,-900,-18030000,20(-0.50 %),100,2020000,1000,20050000,14124037,34.99
09/07/2014,6900,139580000,19.5(-2.50 %),7900,159260000,1000,19680000,14118537,35.0
10/07/2014,-4700,-89090000,21(7.69 %),300,5910000,5000,95000000,14122237,34.99
11/07/2014,-5000,-97550000,20(-4.76 %),0,0,5000,97550000,14122837,34.99
14/07/2014,1200,24000000,20(0.00 %),1200,24000000,0,0,14122637,34.99
16/07/2014,0,0,20.2(-3.35 %),0,0,0,0,14128637,34.99
17/07/2014,0,0,20.8(2.97 %),0,0,0,0,14133637,34.98
18/07/2014,1000,20500000,20.4(-1.92 %),1000,20500000,0,0,14132637,34.98
21/07/2014,0,0,20.2(-0.98 %),0,0,0,0,14132637,34.98
22/07/2014,0,0,20.3(0.50 %),0,0,0,0,14132637,34.98
23/07/2014,0,0,20.3(0.00 %),0,0,0,0,14132637,34.98
24/07/2014,0,0,20.2(-0.49 %),0,0,0,0,14132637,34.98
25/07/2014,500,9750000,19.9(-1.49 %),500,9750000,0,0,14132137,34.98
28/07/2014,0,0,19.9(0.00 %),0,0,0,0,14132137,34.98
29/07/2014,0,0,19.9(0.00 %),0,0,0,0,14132137,34.98
30/07/2014,0,0,19.9(0.00 %),0,0,0,0,14132137,34.98
31/07/2014,0,0,20(0.50 %),0,0,0,0,14132137,34.98
01/08/2014,0,0,20(0.00 %),0,0,0,0,14132137,34.98
04/08/2014,800,16000000,20(0.00 %),800,16000000,0,0,14131337,34.98
05/08/2014,1500,30000000,20(0.00 %),3500,70000000,2000,40000000,14127837,34.99
06/08/2014,0,0,20.5(2.50 %),0,0,0,0,14127837,34.99
07/08/2014,-900,-18800000,21(2.44 %),0,0,900,18800000,14127837,34.99
08/08/2014,0,0,20.5(-2.38 %),0,0,0,0,14127837,34.99
11/08/2014,0,0,20.1(-1.95 %),0,0,0,0,14129837,34.99
12/08/2014,0,0,20.1(0.00 %),0,0,0,0,14129837,34.99
13/08/2014,0,0,20(-0.50 %),0,0,0,0,14130737,34.99
15/08/2014,0,0,19.9(0.51 %),0,0,0,0,14130137,34.99
18/08/2014,0,0,20(0.50 %),0,0,0,0,14130137,34.99
19/08/2014,0,0,20(0.00 %),0,0,0,0,18586010,30.57
20/08/2014,9750,199850000,20.5(2.50 %),9850,201900000,100,2050000,18576160,30.58
21/08/2014,11900,250300000,21.8(6.34 %),15400,324200000,3500,73900000,18560760,30.59
26/08/2014,1000,21000000,21(0.00 %),1000,21000000,0,0,18555960,30.6
29/08/2014,900,18900000,21(0.00 %),900,18900000,0,0,18562360,30.59
04/09/2014,100,2090000,20.9(-0.48 %),100,2090000,0,0,18561660,30.59
05/09/2014,300,6300000,21(0.48 %),300,6300000,0,0,18561360,30.59
10/09/2014,9990,209342000,21(0.96 %),31200,651170000,21210,441828000,18454890,34.92
11/09/2014,6500,135200000,20.8(-0.95 %),50100,1042050000,43600,906850000,18404790,34.96
12/09/2014,2000,41600000,20.9(0.48 %),2000,41600000,0,0,18418790,34.95
15/09/2014,3300,68860000,20.8(-0.48 %),3300,68860000,0,0,18445490,34.93
16/09/2014,-240,-4512000,22(5.77 %),200,3760000,440,8272000,18466500,34.91
17/09/2014,-7509,-151573500,20.3(-7.73 %),100,2000000,7609,153573500,18510000,34.88
18/09/2014,58700,1220900000,20.8(2.46 %),64700,1345700000,6000,124800000,18445300,34.93
19/09/2014,400,8480000,21(0.96 %),900,19080000,500,10600000,18444400,34.93
22/09/2014,0,0,20.9(-0.48 %),0,0,0,0,18444840,34.93
23/09/2014,1400,29400000,20.8(-0.48 %),1500,31500000,100,2100000,18450949,34.92
24/09/2014,0,0,21(0.96 %),0,0,0,0,18456949,34.92
25/09/2014,5600,117660000,21(0.00 %),5600,117660000,0,0,18451849,34.92
26/09/2014,0,0,21.2(0.95 %),0,0,0,0,18451849,34.92
29/09/2014,-20,-420000,21.3(0.47 %),0,0,20,420000,18451869,30.7
30/09/2014,15500,339000000,23(7.98 %),16000,350500000,500,11500000,18436369,30.71
01/10/2014,100,2200000,22(-4.35 %),100,2200000,0,0,18435849,30.72
02/10/2014,4300,94590000,22(0.00 %),4300,94590000,0,0,18431549,34.94
03/10/2014,900,19790000,22(0.00 %),900,19790000,0,0,18430669,34.94
06/10/2014,2800,61600000,22(0.00 %),2800,61600000,0,0,18428369,34.94
07/10/2014,0,0,22(0.00 %),0,0,0,0,18428369,34.94
08/10/2014,0,0,22(0.00 %),0,0,0,0,18428369,34.94
09/10/2014,0,0,22(0.00 %),0,0,0,0,18428369,34.94
10/10/2014,3000,65930000,22(0.00 %),4000,87930000,1000,22000000,18424369,34.94
13/10/2014,3600,77450000,21.5(-2.27 %),3600,77450000,0,0,18420769,30.73
14/10/2014,100,2060000,20.6(-4.19 %),100,2060000,0,0,18420669,30.73
15/10/2014,2600,52840000,20.5(-0.49 %),2600,52840000,0,0,18418069,30.73
16/10/2014,1400,29240000,20.5(0.00 %),1400,29240000,0,0,18416669,30.73
20/10/2014,700,14090000,20.5(3.54 %),800,16250000,100,2160000,18415969,30.74
21/10/2014,0,0,21.4(4.39 %),100,2140000,100,2140000,18415969,30.74
22/10/2014,400,8800000,21.5(0.47 %),4500,97900000,4100,89100000,18415569,30.74
23/10/2014,0,0,20.9(-2.79 %),0,0,0,0,18415569,30.74
24/10/2014,0,0,20.7(-0.96 %),0,0,0,0,18415569,30.74
27/10/2014,0,0,19.6(-5.31 %),0,0,0,0,18415569,30.74
29/10/2014,-17000,-357000000,20.5(-4.21 %),3000,61500000,20000,418500000,18432569,30.72
30/10/2014,1500,32400000,21.6(5.37 %),1500,32400000,0,0,18431069,30.72
31/10/2014,6500,132100000,21(-2.78 %),6600,134230000,100,2130000,18424569,30.73
03/11/2014,0,0,21(0.00 %),0,0,0,0,18423669,30.73
04/11/2014,1000,21000000,21(0.00 %),1000,21000000,0,0,18422669,30.73
05/11/2014,-95,-1725000,21(0.00 %),100,2100000,195,3825000,18422764,30.73
06/11/2014,-4000,-80050000,20.9(-0.48 %),1100,22140000,5100,102190000,18426764,30.72
07/11/2014,-5000,-100000000,20(-4.31 %),0,0,5000,100000000,18431764,30.72
10/11/2014,-3900,-78400000,20(0.00 %),16100,321900000,20000,400300000,18435664,30.72
11/11/2014,39600,803870000,20.3(1.50 %),39600,803870000,0,0,18396064,30.75
12/11/2014,200,4080000,20.4(0.49 %),200,4080000,0,0,18395864,30.76
13/11/2014,9000,182700000,20.3(-0.49 %),9000,182700000,0,0,18386864,30.76
14/11/2014,4300,88150000,20.5(0.99 %),4800,98400000,500,10250000,18382564,30.77
17/11/2014,2400,49200000,20.5(0.00 %),2400,49200000,0,0,18380164,30.77
18/11/2014,-100,-1800000,21.3(3.90 %),23900,507150000,24000,508950000,18380264,30.77
19/11/2014,500,10650000,21.5(0.94 %),23500,505150000,23000,494500000,18379764,30.77
20/11/2014,0,0,21.5(0.00 %),0,0,0,0,18332864,35.01
21/11/2014,4500,96050000,20.6(-4.19 %),5100,108650000,600,12600000,18327764,35.02
24/11/2014,2500,51750000,20.7(0.49 %),2500,51750000,0,0,18325264,30.83
25/11/2014,66,1460000,21.5(3.86 %),5300,113920000,5234,112460000,18366964,34.99
26/11/2014,0,0,21.5(0.00 %),22000,473000000,22000,473000000,18344964,35.0
27/11/2014,11200,238300000,21.5(0.00 %),22000,465000000,10800,226700000,18323564,35.02
28/11/2014,800,17200000,21.5(0.00 %),1800,38700000,1000,21500000,18321764,35.02
01/12/2014,-100,-2150000,21.5(0.00 %),0,0,100,2150000,18326998,35.02
02/12/2014,10000,209500000,20.9(-2.79 %),10000,209500000,0,0,18338998,35.01
03/12/2014,400,8400000,21(0.48 %),400,8400000,0,0,18349398,35.0
04/12/2014,0,0,21(0.00 %),100,2100000,100,2100000,18350298,35.0
05/12/2014,1800,37800000,21(0.00 %),2800,58800000,1000,21000000,18347598,35.0
08/12/2014,8600,182100000,21(0.00 %),38600,827100000,30000,645000000,18338998,30.81
09/12/2014,8700,182700000,21(0.00 %),10700,224700000,2000,42000000,18298298,35.04
10/12/2014,0,0,21(0.00 %),0,0,0,0,18298398,35.04
11/12/2014,0,0,21(0.00 %),0,0,0,0,18299398,35.04
12/12/2014,200,4200000,21(0.00 %),10200,214200000,10000,210000000,18319198,35.02
15/12/2014,0,0,21(0.00 %),126000,2646000000,126000,2646000000,18321198,35.02
16/12/2014,10100,212100000,21(0.00 %),80000,1680000000,69900,1467900000,18241198,35.08
17/12/2014,500,10250000,20.5(-2.38 %),2800,57400000,2300,47150000,18238398,35.09
18/12/2014,3500,74500000,22(7.32 %),4900,103900000,1400,29400000,18243498,35.08
19/12/2014,2900,63290000,22(0.00 %),13800,303090000,10900,239800000,18229698,35.09
22/12/2014,1600,36000000,22.5(2.27 %),1600,36000000,0,0,18297998,35.04
23/12/2014,600,13500000,22.5(0.00 %),11000,242500000,10400,229000000,18289298,35.05
24/12/2014,1200,27000000,22.4(-0.44 %),7500,165600000,6300,138600000,18283198,35.05
25/12/2014,3500,81200000,23.2(3.57 %),3500,81200000,0,0,18290598,35.05
26/12/2014,0,0,23.2(0.00 %),500,11600000,500,11600000,18290098,35.05
29/12/2014,1500,37500000,25(7.76 %),4000,100000000,2500,62500000,18296498,35.04
30/12/2014,10000,255000000,25.5(2.00 %),10000,255000000,0,0,18292798,35.04
31/12/2014,3445,85307500,25.3(-0.78 %),3500,86600000,55,1292500,18289298,35.05
05/01/2015,200,4820000,22.9(-9.49 %),200,4820000,0,0,18289598,35.05
06/01/2015,0,0,22.9(0.00 %),0,0,0,0,18292098,35.04
07/01/2015,0,0,22.9(0.00 %),0,0,0,0,18292098,35.04
08/01/2015,100,2500000,22.1(-3.49 %),100,2500000,0,0,18292053,35.04
09/01/2015,100,2420000,24.2(9.50 %),100,2420000,0,0,18291953,35.04
12/01/2015,0,0,24.2(0.00 %),1500,36300000,1500,36300000,18290453,35.05
13/01/2015,0,0,24.2(0.00 %),0,0,0,0,18290453,35.05
14/01/2015,0,0,24.2(0.00 %),0,0,0,0,18290453,30.86
15/01/2015,0,0,24.2(0.00 %),0,0,0,0,18290453,35.05
16/01/2015,0,0,24.2(0.00 %),0,0,0,0,18291953,35.04
19/01/2015,200,4800000,24(-0.83 %),3000,72000000,2800,67200000,18288953,35.05
20/01/2015,-1100,-26540000,23.8(-0.83 %),700,16660000,1800,43200000,18288253,35.05
21/01/2015,0,0,23.8(0.00 %),0,0,0,0,18288253,35.05
22/01/2015,0,0,23.8(0.00 %),0,0,0,0,18288253,35.05
23/01/2015,-100,-2400000,24(0.84 %),0,0,100,2400000,18291053,35.05
26/01/2015,1100,27100000,24.8(3.33 %),1100,27100000,0,0,18291753,35.04
27/01/2015,1000,24700000,24.7(-0.40 %),1000,24700000,0,0,18290753,35.05
28/01/2015,400,9880000,24.7(0.00 %),2500,61750000,2100,51870000,18288253,35.05
29/01/2015,1000,24700000,24.7(0.00 %),1000,24700000,0,0,18287353,35.05
30/01/2015,100,2430000,24.3(-1.62 %),100,2430000,0,0,18287253,35.05
02/02/2015,0,0,22.5(-7.41 %),0,0,0,0,18287253,35.05
03/02/2015,-600,-13500000,22.5(0.00 %),0,0,600,13500000,18289353,35.05
04/02/2015,0,80000,23(2.22 %),2100,48380000,2100,48300000,18287253,35.05
05/02/2015,0,0,24(4.35 %),100,2400000,100,2400000,18287153,35.05
06/02/2015,1300,32030000,23.5(-2.08 %),1400,34380000,100,2350000,18285753,35.05
09/02/2015,140800,3515810000,25(6.38 %),150000,3745810000,9200,230000000,18136353,35.16
10/02/2015,0,0,25(0.00 %),0,0,0,0,18138453,35.16
11/02/2015,0,0,25(0.00 %),0,0,0,0,18138553,35.16
12/02/2015,0,0,24(-4.00 %),0,0,0,0,18138553,35.16
13/02/2015,0,0,24(0.00 %),0,0,0,0,18147853,35.15
24/02/2015,1500,36750000,24.5(2.08 %),1500,36750000,0,0,18146353,35.16
25/02/2015,1000,24900000,24.9(1.63 %),11000,264900000,10000,240000000,18135353,35.16
26/02/2015,5000,120000000,24(-3.61 %),10000,240000000,5000,120000000,18125353,35.17
27/02/2015,1000,24000000,24(0.00 %),1000,24000000,0,0,18124353,35.17
02/03/2015,0,0,24(0.00 %),0,0,0,0,18124353,35.17
03/03/2015,100,2480000,24.8(3.33 %),100,2480000,0,0,18134253,35.17
04/03/2015,0,0,24.8(0.00 %),0,0,0,0,18139253,35.16
05/03/2015,0,0,24(-3.23 %),0,0,0,0,18139253,35.16
06/03/2015,57100,1388830000,24.8(3.33 %),57100,1388830000,0,0,18082153,35.2
09/03/2015,0,0,24.8(0.00 %),0,0,0,0,18082153,35.2
10/03/2015,42000,1048100000,25(0.81 %),42900,1070420000,900,22320000,18039253,35.24
11/03/2015,0,0,25(0.00 %),0,0,0,0,18039253,35.24
12/03/2015,0,0,25(0.00 %),0,0,0,0,18039253,35.24
13/03/2015,-500,-12290000,24.9(-0.40 %),0,0,500,12290000,18039253,35.24
16/03/2015,0,2250000,25.5(2.41 %),1000,25500000,1000,23250000,18039153,35.24
17/03/2015,-800,-19050000,23.5(-7.84 %),0,0,800,19050000,18039153,35.24
18/03/2015,-1100,-26070000,23.7(0.85 %),400,9480000,1500,35550000,18038753,35.24
19/03/2015,-1000,-21940000,26(9.70 %),1000,24850000,2000,46790000,18038253,35.24
20/03/2015,0,0,26(0.00 %),0,0,0,0,18038253,35.24
23/03/2015,0,0,26(0.00 %),0,0,0,0,18040053,35.24
24/03/2015,-2000,-46930000,23.5(-9.62 %),0,0,2000,46930000,18041553,35.24
25/03/2015,1000,24900000,24.9(5.96 %),3000,74700000,2000,49800000,18040553,35.24
26/03/2015,3400,84660000,24.9(0.00 %),5400,134160000,2000,49500000,18035153,35.24
27/03/2015,0,0,24.9(0.00 %),0,0,0,0,18035153,35.24
30/03/2015,0,4300000,24.8(-0.40 %),2000,49600000,2000,45300000,18035153,35.24
31/03/2015,500,12560000,26(4.84 %),500,12560000,0,0,18036653,35.24
01/04/2015,0,0,26(0.00 %),0,0,0,0,18038653,35.24
02/04/2015,0,0,23.4(-10.00 %),0,0,0,0,18038653,35.24
03/04/2015,0,0,23.5(0.43 %),0,0,0,0,18040653,35.24
06/04/2015,-1790,-39635000,23(-2.13 %),210,5125000,2000,44760000,18040443,35.24
07/04/2015,0,0,23.9(3.91 %),0,0,0,0,18040443,35.24
08/04/2015,0,0,23.9(0.00 %),0,0,0,0,18040443,35.24
09/04/2015,1800,43020000,23.9(0.00 %),1800,43020000,0,0,18038643,35.24
10/04/2015,1500,35850000,23.9(0.00 %),1500,35850000,0,0,18039143,35.24
13/04/2015,183000,4300500000,23.9(0.00 %),183000,4300500000,0,0,17856143,35.38
14/04/2015,-1800,-40150000,23(-3.77 %),200,4600000,2000,44750000,17855943,35.38
15/04/2015,-75,-1552500,23.9(3.91 %),0,0,75,1552500,17855943,35.38
16/04/2015,100,2380000,23.8(-0.42 %),100,2380000,0,0,17855843,35.38
17/04/2015,2000,47200000,23.7(-0.42 %),2000,47200000,0,0,17853843,35.38
20/04/2015,3000,72300000,23.4(-1.27 %),3000,72300000,0,0,17852843,35.38
21/04/2015,-400,-9360000,23.4(0.00 %),0,0,400,9360000,17852918,35.38
22/04/2015,-88,-1856800,23.4(0.00 %),0,0,88,1856800,17852918,35.38
23/04/2015,4000,96000000,23.4(0.00 %),6500,154500000,2500,58500000,17846418,35.38
24/04/2015,3100,75430000,23.5(0.43 %),3100,75430000,0,0,17843318,35.39
27/04/2015,500,11500000,23(-2.13 %),500,11500000,0,0,17843218,35.39
04/05/2015,150,3138000,23.9(3.91 %),2600,59950000,2450,56812000,17840706,35.39
05/05/2015,1000,21750000,22.1(-7.53 %),3000,67750000,2000,46000000,17840206,35.39
06/05/2015,1400,30940000,22.1(0.00 %),1400,30940000,0,0,17838806,35.39
07/05/2015,1600,35200000,22(-0.45 %),1600,35200000,0,0,17837206,35.39
08/05/2015,500,11440000,23.2(5.45 %),500,11440000,0,0,17839156,35.39
11/05/2015,1000,22980000,23.1(-0.43 %),1000,22980000,0,0,17840156,35.39
12/05/2015,100,2310000,23.1(0.00 %),10100,233310000,10000,231000000,17830056,35.4
13/05/2015,200,4620000,23.1(0.00 %),200,4620000,0,0,17829856,35.4
14/05/2015,0,0,23.1(0.00 %),0,0,0,0,17829856,35.4
15/05/2015,-700,-15180000,23(-0.43 %),10100,228610000,10800,243790000,17819756,35.41
18/05/2015,2400,57300000,23(0.00 %),5100,119400000,2700,62100000,17824656,35.4
19/05/2015,0,0,23(0.00 %),0,0,0,0,17824656,35.4
20/05/2015,0,0,23(0.00 %),0,0,0,0,17824656,35.4
21/05/2015,0,0,23(0.00 %),0,0,0,0,17835456,35.39
22/05/2015,-2000,-45030000,23.2(0.87 %),3000,67570000,5000,112600000,17835156,35.39
25/05/2015,1200,28920000,24.1(3.88 %),1200,28920000,0,0,17833956,35.39
26/05/2015,1240,29398000,23.8(-1.24 %),1300,30790000,60,1392000,17832656,35.4
27/05/2015,1300,31030000,24.1(1.26 %),1300,31030000,0,0,17831356,35.4
28/05/2015,6300,154690000,26(7.88 %),6300,154690000,0,0,17830056,35.4
29/05/2015,0,0,26(0.00 %),0,0,0,0,17830056,35.4
01/06/2015,1300,32500000,25(-3.85 %),1300,32500000,0,0,17828816,35.4
02/06/2015,0,0,25(0.00 %),0,0,0,0,17828816,35.4
03/06/2015,0,0,25(0.00 %),0,0,0,0,17828816,35.4
04/06/2015,200,4980000,23.5(-6.00 %),200,4980000,0,0,17828616,35.4
05/06/2015,600,14580000,24.3(3.40 %),600,14580000,0,0,17828016,35.4
08/06/2015,1900,46360000,25(2.88 %),1900,46360000,0,0,17826116,35.4
09/06/2015,0,0,24.2(-3.20 %),0,0,0,0,17826116,35.4
10/06/2015,2000,49600000,26(7.44 %),2000,49600000,0,0,17824116,35.4
11/06/2015,2400,64670000,26(0.00 %),2400,64670000,0,0,17821716,35.4
12/06/2015,1400,35920000,25.2(-3.08 %),6400,162020000,5000,126100000,17815316,35.41
15/06/2015,-100,-2520000,25.2(0.00 %),0,0,100,2520000,17815316,35.41
16/06/2015,100,2500000,23.3(-1.69 %),100,2500000,0,0,17815216,35.41
17/06/2015,0,0,23.4(0.43 %),0,0,0,0,17815216,35.41
18/06/2015,-1300,-30320000,23(-1.71 %),3000,69000000,4300,99320000,17817216,35.41
19/06/2015,120,3160000,23(0.00 %),4300,99400000,4180,96240000,17813016,35.41
22/06/2015,-100,-2300000,24(4.35 %),8300,190020000,8400,192320000,17804716,35.42
23/06/2015,-600,-13800000,25(4.17 %),4500,104700000,5100,118500000,17800216,35.42
24/06/2015,-1500,-34220000,24.3(-2.80 %),600,14320000,2100,48540000,17803916,35.42
25/06/2015,-700,-15210000,23.1(-4.94 %),4300,101790000,5000,117000000,17803796,35.42
26/06/2015,-700,-12830000,25.4(9.96 %),4300,102640000,5000,115470000,17807896,35.41
29/06/2015,700,17080000,25(-1.57 %),7700,190420000,7000,173340000,17805296,35.42
30/06/2015,3300,82570000,25.2(0.80 %),8300,203320000,5000,120750000,17799096,35.42
01/07/2015,-700,-15790000,23(-8.73 %),2300,54030000,3000,69820000,17801796,35.42
02/07/2015,-1500,-33010000,23.1(0.43 %),3500,85750000,5000,118760000,17803296,35.42
03/07/2015,-2400,-55460000,24.5(6.06 %),3600,86790000,6000,142250000,17806696,35.41
06/07/2015,-2200,-50930000,23.3(-4.90 %),2800,66000000,5000,116930000,17808896,35.41
07/07/2015,-2900,-68170000,23.3(0.00 %),3600,84780000,6500,152950000,17808296,35.41
08/07/2015,-6890,-170107000,23.5(0.86 %),6110,145693000,13000,315800000,17815186,35.41
09/07/2015,-3800,-87720000,23(-2.13 %),3100,72540000,6900,160260000,17818986,35.41
10/07/2015,2300,54690000,24(4.35 %),7300,174790000,5000,120100000,17807786,35.41
13/07/2015,-71290,-1758059000,25.4(5.83 %),7400,183650000,78690,1941709000,17806886,35.41
14/07/2015,-28200,-733900000,25.4(0.00 %),3600,91800000,31800,825700000,17816286,35.41
15/07/2015,-2900,-71860000,24.4(-3.94 %),100,2440000,3000,74300000,17823086,35.4
16/07/2015,-26400,-644260000,24.1(-1.23 %),0,0,26400,644260000,17828086,35.4
17/07/2015,-25600,-606810000,23.5(-2.49 %),26400,635550000,52000,1242360000,17880376,35.36
20/07/2015,-9400,-218730000,23.5(0.00 %),13600,318720000,23000,537450000,17898576,35.34
21/07/2015,-19300,-450450000,23(-2.13 %),13900,326250000,33200,776700000,17887676,35.35
22/07/2015,-4500,-104220000,23.3(1.30 %),5000,117310000,9500,221530000,17909076,35.34
23/07/2015,-4400,-101400000,23(-1.29 %),0,0,4400,101400000,17961076,35.3
24/07/2015,0,0,22.9(-0.43 %),4000,92600000,4000,92600000,17980076,35.28
27/07/2015,600,13680000,22.8(-0.44 %),600,13680000,0,0,18012676,35.26
28/07/2015,-3900,-88920000,22.8(0.00 %),1600,36680000,5500,125600000,18020576,35.25
29/07/2015,0,0,22.7(-0.44 %),1600,36320000,1600,36320000,18023376,35.25
30/07/2015,2700,61590000,22.8(0.44 %),2800,63870000,100,2280000,18024576,35.25
31/07/2015,1800,40960000,22.7(-0.44 %),1800,40960000,0,0,18022776,35.25
03/08/2015,-2000,-42020000,22.6(-0.44 %),0,0,2000,42020000,18028276,35.25
04/08/2015,1540,35056000,23(1.77 %),6400,145390000,4860,110334000,18023476,35.25
05/08/2015,200,4830000,23.8(3.48 %),700,16580000,500,11750000,18022876,35.25
06/08/2015,1200,27880000,23.4(-1.68 %),3200,72320000,2000,44440000,18019676,35.25
07/08/2015,400,9400000,23.8(1.71 %),400,9400000,0,0,18021276,35.25
10/08/2015,2100,48380000,23.8(0.00 %),2100,48380000,0,0,18024036,35.25
11/08/2015,0,0,23.8(0.00 %),0,0,0,0,18024536,35.25
12/08/2015,0,0,23.8(0.00 %),0,0,0,0,18026536,35.25
13/08/2015,0,0,23.7(-0.42 %),2500,59250000,2500,59250000,18024036,35.25
14/08/2015,-400,-8850000,25(5.49 %),100,2500000,500,11350000,18023936,35.25
17/08/2015,1300,30640000,22.7(-9.20 %),1400,33090000,100,2450000,18022536,35.25
18/08/2015,100,2400000,24(5.73 %),100,2400000,0,0,18022436,35.25
19/08/2015,0,0,24(0.00 %),0,0,0,0,18024936,35.25
20/08/2015,0,0,24(0.00 %),0,0,0,0,18025436,35.25
21/08/2015,0,0,24(0.00 %),0,0,0,0,18025536,35.25
24/08/2015,100,2290000,22.9(-4.58 %),100,2290000,0,0,18025436,35.25
25/08/2015,2700,61320000,22.8(-0.44 %),2700,61320000,0,0,18022736,35.25
26/08/2015,900,20750000,23.2(1.75 %),900,20750000,0,0,18021836,35.25
27/08/2015,2100,48070000,23.2(0.00 %),2200,50450000,100,2380000,18019636,35.25
28/08/2015,1100,25520000,23.2(0.00 %),1100,25520000,0,0,18018536,35.25
31/08/2015,0,0,23(-0.86 %),2000,46000000,2000,46000000,18016536,35.25
01/09/2015,0,0,23(0.00 %),0,0,0,0,18016536,35.25
03/09/2015,300,6840000,22.8(-0.87 %),300,6840000,0,0,18016336,35.26
04/09/2015,2000,44840000,22.5(-1.32 %),2000,44840000,0,0,18014336,35.26
07/09/2015,0,0,22.5(0.00 %),0,0,0,0,18016336,35.26
08/09/2015,500,11250000,22.5(0.00 %),500,11250000,0,0,18015836,35.26
09/09/2015,100,2390000,20.9(-7.11 %),100,2390000,0,0,18015736,35.26
10/09/2015,100,2270000,22.7(8.61 %),100,2270000,0,0,18015636,35.26
11/09/2015,990,22473000,22.7(0.00 %),1000,22700000,10,227000,18014636,35.26
14/09/2015,0,110000,22.4(-1.32 %),100,2240000,100,2130000,18014536,35.26
15/09/2015,100,2240000,22.4(0.00 %),100,2240000,0,0,18014436,35.26
16/09/2015,-100,-2080000,21.2(-5.36 %),100,2120000,200,4200000,18014336,35.26
17/09/2015,100,2260000,22.6(6.60 %),100,2260000,0,0,18014246,35.26
18/09/2015,400,9270000,22.9(1.33 %),700,15780000,300,6510000,18013646,35.26
21/09/2015,100,2280000,23.2(1.31 %),200,4600000,100,2320000,18013446,35.26
22/09/2015,-100,-2130000,23(-0.86 %),100,2300000,200,4430000,18013546,35.26
23/09/2015,160,3720000,22.8(-0.87 %),200,4560000,40,840000,18013346,35.26
24/09/2015,300,6810000,22.7(-0.44 %),300,6810000,0,0,18013346,35.26
25/09/2015,200,4560000,22.8(0.44 %),300,6840000,100,2280000,18013146,35.26
28/09/2015,0,0,22.4(-1.75 %),0,0,0,0,18013346,35.26
29/09/2015,200,4480000,22.4(0.00 %),600,13440000,400,8960000,18012786,35.26
30/09/2015,500,11630000,22.5(0.45 %),900,20310000,400,8680000,18011886,35.26
01/10/2015,-1000,-21000000,21(-6.67 %),100,2100000,1100,23100000,18011886,35.26
02/10/2015,400,8970000,22.4(6.67 %),400,8970000,0,0,18011486,35.26
05/10/2015,200,4430000,22.3(-0.45 %),300,6660000,100,2230000,18011586,35.26
06/10/2015,400,8800000,22(-1.35 %),400,8800000,0,0,18011586,35.26
07/10/2015,-1800,-37580000,22(0.00 %),200,4420000,2000,42000000,18012486,35.26
08/10/2015,1800,39650000,22.1(0.45 %),1800,39650000,0,0,18010686,35.26
09/10/2015,0,0,22.1(0.00 %),0,0,0,0,18010786,35.26
12/10/2015,-1500,-32250000,21.1(-4.52 %),0,0,1500,32250000,18010786,35.26
13/10/2015,300,6480000,21.6(2.37 %),300,6480000,0,0,18012486,35.26
14/10/2015,-1300,-30710000,23.2(7.41 %),1000,22500000,2300,53210000,18011486,35.26
15/10/2015,100,2350000,23.5(1.29 %),100,2350000,0,0,18011386,35.26
16/10/2015,0,0,24(2.13 %),0,0,0,0,18012886,35.26
19/10/2015,-900,-19660000,23.2(-3.33 %),1700,37740000,2600,57400000,18011186,35.26
20/10/2015,100,2320000,23.2(0.00 %),100,2320000,0,0,18013386,35.26
21/10/2015,200,4600000,23(-0.86 %),200,4600000,0,0,18013186,35.26
22/10/2015,0,0,23(0.00 %),0,0,0,0,18013186,35.26
23/10/2015,0,0,23(0.00 %),0,0,0,0,18015786,35.26
26/10/2015,0,0,22.8(-0.87 %),0,0,0,0,18015786,35.26
27/10/2015,-1700,-38760000,23(0.88 %),0,0,1700,38760000,18015786,35.26
28/10/2015,200,4600000,23(0.00 %),200,4600000,0,0,18015586,35.26
29/10/2015,100,2300000,23(0.00 %),500,11500000,400,9200000,18015086,35.26
30/10/2015,800,18400000,23(0.00 %),1000,23000000,200,4600000,18014086,35.26
02/11/2015,-100,-2300000,23(0.00 %),0,0,100,2300000,18015786,35.26
03/11/2015,400,9130000,23.5(2.17 %),600,13830000,200,4700000,18015186,35.26
04/11/2015,400,9370000,23.5(0.00 %),400,9370000,0,0,18015186,35.26
05/11/2015,7350,175840000,25.2(7.23 %),7600,181800000,250,5960000,18007786,35.26
06/11/2015,36200,915710000,25.9(2.78 %),36200,915710000,0,0,17971686,35.29
09/11/2015,0,0,26.5(2.32 %),0,0,0,0,17971886,35.29
10/11/2015,1100,27810000,24.5(-7.55 %),1100,27810000,0,0,17970786,35.29
11/11/2015,5300,122710000,23(-6.12 %),5300,122710000,0,0,17965736,35.29
12/11/2015,930,21631000,24(4.35 %),1200,27350000,270,5719000,17964536,35.29
13/11/2015,2500,57500000,23(-4.17 %),2500,57500000,0,0,17962036,35.3
16/11/2015,500,11320000,22.4(-2.61 %),500,11320000,0,0,17961536,35.3
17/11/2015,-5000,-105310000,21.7(-3.12 %),1000,21000000,6000,126310000,17960536,35.3
18/11/2015,3000,65790000,21.8(0.46 %),3000,65790000,0,0,17957806,35.3
19/11/2015,0,0,22.9(5.05 %),0,0,0,0,17957806,35.3
20/11/2015,300,6840000,22.8(-0.44 %),300,6840000,0,0,17957506,35.3
23/11/2015,3200,74390000,24(5.26 %),3200,74390000,0,0,17960306,35.3
24/11/2015,3900,90610000,23.7(-1.25 %),3900,90610000,0,0,17956406,35.3
25/11/2015,0,0,23.7(0.00 %),0,0,0,0,17956406,35.3
26/11/2015,200,4580000,22.9(-3.38 %),200,4580000,0,0,17956206,35.3
27/11/2015,200,4680000,23.4(2.18 %),200,4680000,0,0,17956006,35.3
30/11/2015,50,1345000,24(2.56 %),100,2400000,50,1055000,17955906,35.3
01/12/2015,0,0,22.5(-6.25 %),0,0,0,0,17955906,35.3
02/12/2015,0,0,22.8(1.33 %),0,0,0,0,17955906,35.3
03/12/2015,500,10850000,22.5(-1.32 %),500,10850000,0,0,17955406,35.3
04/12/2015,3400,77620000,23.2(3.11 %),3900,89020000,500,11400000,17951556,35.3
07/12/2015,-100,-1970000,22.7(-2.16 %),100,2270000,200,4240000,17951456,35.3
08/12/2015,0,0,22.7(0.00 %),0,0,0,0,17951456,35.3
09/12/2015,700,15610000,22.4(-1.32 %),700,15610000,0,0,17950756,35.31
10/12/2015,300,6550000,21.9(-2.23 %),300,6550000,0,0,17950956,35.3
11/12/2015,9000,202600000,22.5(2.74 %),9000,202600000,0,0,17942156,35.31
14/12/2015,0,0,22.5(0.00 %),0,0,0,0,17942156,35.31
15/12/2015,0,0,22.5(0.00 %),0,0,0,0,17942156,35.31
16/12/2015,1500,32160000,22(-2.22 %),1500,32160000,0,0,17940656,35.31
17/12/2015,2300,49520000,21.9(-0.45 %),2300,49520000,0,0,17938356,35.31
18/12/2015,7600,169170000,21(-4.11 %),8900,197770000,1300,28600000,17929456,35.32
21/12/2015,600,12960000,21.6(2.86 %),600,12960000,0,0,17928856,35.32
22/12/2015,1700,36830000,21.7(0.46 %),1700,36830000,0,0,17927156,35.32
23/12/2015,0,0,21.7(0.00 %),0,0,0,0,17927156,35.32
24/12/2015,1800,37850000,21.4(-1.38 %),1800,37850000,0,0,17926656,35.32
25/12/2015,4300,90350000,21(-1.87 %),4300,90350000,0,0,17922356,35.33
28/12/2015,5700,121480000,21.5(2.38 %),6200,132280000,500,10800000,17916156,35.33
29/12/2015,200,4260000,21.3(-0.93 %),200,4260000,0,0,17915956,35.33
30/12/2015,6100,133040000,22(3.29 %),6100,133040000,0,0,17909856,35.34
31/12/2015,7500,161990000,21.6(-1.82 %),7500,161990000,0,0,17902356,35.34
04/01/2016,0,0,21.6(0.00 %),0,0,0,0,17902856,35.34
05/01/2016,0,50000,20.6(-4.63 %),100,2110000,100,2060000,17902756,35.34
06/01/2016,400,8340000,21(1.94 %),500,10390000,100,2050000,17902256,35.34
07/01/2016,100,2090000,20.9(-0.48 %),100,2090000,0,0,17902156,35.34
08/01/2016,0,0,20.1(-3.83 %),0,0,0,0,17902256,35.34
11/01/2016,1000,20260000,20.2(0.50 %),1000,20260000,0,0,17901356,35.34
12/01/2016,2300,47050000,20.4(0.99 %),2300,47050000,0,0,17899056,35.34
13/01/2016,-44800,-914790000,20(-1.96 %),158300,3167060000,203100,4081850000,17740756,35.47
14/01/2016,-92830,-1856670000,20(0.00 %),258600,5172740000,351430,7029410000,17482156,35.66
15/01/2016,16900,336110000,20(0.00 %),30100,598860000,13200,262750000,17452056,35.69
18/01/2016,300,6030000,20.1(0.50 %),300,6030000,0,0,17654856,35.53
19/01/2016,3000,59360000,19.8(-1.49 %),50000,994680000,47000,935320000,17956286,35.3
20/01/2016,1900,37600000,20(1.01 %),17000,336000000,15100,298400000,17952486,35.3
21/01/2016,5300,105420000,19.9(-0.50 %),25800,513420000,20500,408000000,17926686,35.32
22/01/2016,4300,85570000,19.9(0.00 %),26200,521380000,21900,435810000,17947486,35.31
25/01/2016,13500,268500000,19.9(0.00 %),45000,895500000,31500,627000000,17917586,35.33
26/01/2016,4500,89200000,19.9(0.00 %),16200,320860000,11700,231660000,17921886,35.33
27/01/2016,-1000,-20000000,20(0.50 %),0,0,1000,20000000,17943786,35.31
28/01/2016,2800,55720000,19.9(-0.50 %),9600,191720000,6800,136000000,17965686,35.29
29/01/2016,-100,-2000000,20(0.50 %),3000,60000000,3100,62000000,17974386,35.29
01/02/2016,1100,21890000,19.9(-0.50 %),1100,21890000,0,0,17974286,35.29
02/02/2016,0,-10000,20(0.50 %),50000,999990000,50000,1000000000,17931086,35.32
03/02/2016,200,4160000,20.8(4.00 %),50200,1004160000,50000,1000000000,17883986,35.36
04/02/2016,-500,-9860000,21(0.96 %),59600,1192280000,60100,1202140000,17824386,35.4
05/02/2016,300,6300000,21(0.00 %),3300,69300000,3000,63000000,17871086,35.37
15/02/2016,1900,39000000,20(-4.76 %),3400,69000000,1500,30000000,17917686,35.33
16/02/2016,-400,-8000000,20(0.00 %),0,0,400,8000000,17977786,35.28
17/02/2016,-44110,-808400000,19.4(-3.00 %),11300,204870000,55410,1013270000,17969486,35.29
18/02/2016,-500,-9800000,19.6(1.03 %),0,0,500,9800000,17970986,35.29
19/02/2016,-100,-2000000,19.8(1.02 %),0,0,100,2000000,17971386,35.29
22/02/2016,3700,72220000,19.6(-1.01 %),3700,72220000,0,0,18023096,35.25
23/02/2016,0,-40000,19.6(0.00 %),100,1960000,100,2000000,18023496,35.25
24/02/2016,0,0,19.7(0.51 %),0,0,0,0,18023596,35.25
25/02/2016,1000,19700000,19.8(0.51 %),1000,19700000,0,0,18022596,35.25
26/02/2016,-300,-5910000,19.7(-0.51 %),0,0,300,5910000,18022696,35.25
29/02/2016,-5500,-104460000,19.4(-1.52 %),200,3860000,5700,108320000,18022496,35.25
01/03/2016,-7200,-130940000,19(-2.06 %),1000,19000000,8200,149940000,18021496,35.25
02/03/2016,0,0,19.4(2.11 %),0,0,0,0,18021796,35.25
03/03/2016,0,0,19.5(0.52 %),0,0,0,0,18027496,35.25
04/03/2016,0,0,18.8(-1.05 %),0,0,0,0,18035696,35.24
07/03/2016,100,1940000,19.4(3.19 %),100,1940000,0,0,18035596,35.24
08/03/2016,-25300,-468240000,19.3(-0.52 %),2800,52260000,28100,520500000,18032796,35.24
09/03/2016,-3500,-65720000,19.3(0.00 %),2500,46190000,6000,111910000,18036296,35.24
10/03/2016,-19900,-370100000,19(-1.55 %),2100,39000000,22000,409100000,18028196,35.25
11/03/2016,-600,-11100000,18.5(-2.63 %),2000,37000000,2600,48100000,18054296,35.23
14/03/2016,100,1890000,18.9(2.16 %),1100,20390000,1000,18500000,18059196,35.22
15/03/2016,-125,-2367500,18.4(-2.65 %),2000,37000000,2125,39367500,18079196,35.21
16/03/2016,-7300,-135050000,18.5(0.54 %),0,0,7300,135050000,18081796,35.21
17/03/2016,-12700,-232960000,18.5(0.00 %),7400,136790000,20100,369750000,18075396,35.21
18/03/2016,-800,-14800000,18.5(0.00 %),0,0,800,14800000,18077521,35.21
21/03/2016,0,0,19(2.70 %),0,0,0,0,18084821,35.2
22/03/2016,-24100,-437020000,18.4(-3.16 %),0,0,24100,437020000,18104921,35.19
23/03/2016,-14600,-258970000,18.3(-0.54 %),6400,114030000,21000,373000000,18099321,35.19
24/03/2016,-6500,-114680000,18.2(-0.55 %),100,1820000,6600,116500000,18099221,35.19
25/03/2016,-22700,-386240000,17.3(-4.95 %),21700,376280000,44400,762520000,18101621,35.19
28/03/2016,500,9020000,18.2(5.20 %),500,9020000,0,0,18122121,35.17
29/03/2016,2200,40350000,18.5(1.65 %),2300,42200000,100,1850000,18126421,35.17
30/03/2016,-4600,-85600000,18.5(0.00 %),600,11130000,5200,96730000,18170221,35.14
31/03/2016,2600,47350000,18.5(0.00 %),2600,47350000,0,0,18167621,35.14
01/04/2016,300,5430000,18.1(-2.16 %),300,5430000,0,0,18167421,35.14
04/04/2016,-3000,-55700000,18.5(2.21 %),3400,62700000,6400,118400000,18169221,35.14
05/04/2016,300,5550000,18.5(0.00 %),300,5550000,0,0,18168921,35.14
06/04/2016,-6500,-118300000,18.2(-1.62 %),300,5460000,6800,123760000,18168621,35.14
07/04/2016,-4300,-79600000,18.5(1.65 %),700,12900000,5000,92500000,18174321,35.13
08/04/2016,0,0,18.4(-0.54 %),0,0,0,0,18174321,35.13
11/04/2016,1200,22180000,18.4(0.00 %),1200,22180000,0,0,18179921,35.13
12/04/2016,-39500,-739380000,19(3.26 %),51700,948100000,91200,1687480000,18133221,35.17
13/04/2016,12490,234749000,18.8(-1.05 %),15000,282420000,2510,47671000,18118221,35.18
14/04/2016,-8400,-159620000,18.8(0.00 %),1600,30380000,10000,190000000,18116621,35.18
15/04/2016,500,9400000,19(1.06 %),600,11300000,100,1900000,18207221,35.11
19/04/2016,-600,-11400000,19(0.00 %),0,0,600,11400000,18209731,35.11
20/04/2016,11200,208580000,18.9(-0.53 %),11200,208580000,0,0,18208531,35.11
21/04/2016,0,0,18.8(-0.53 %),40400,759520000,40400,759520000,18168231,35.14
22/04/2016,10000,186000000,18.8(0.00 %),10100,187880000,100,1880000,18158731,35.15
25/04/2016,-2200,-40700000,18.8(0.00 %),800,14830000,3000,55530000,18157931,35.15
26/04/2016,0,0,18.7(-0.53 %),5000,93500000,5000,93500000,18193331,35.12
27/04/2016,20200,377650000,18.4(-1.60 %),95500,1782700000,75300,1405050000,18097931,35.19
28/04/2016,0,0,18.4(0.00 %),0,0,0,0,18100961,35.19
29/04/2016,-6900,-127650000,18.5(0.54 %),0,0,6900,127650000,18105961,35.19
04/05/2016,0,0,19.3(4.32 %),0,0,0,0,18181261,35.13
05/05/2016,-9400,-173900000,19(-1.55 %),900,16750000,10300,190650000,18180361,35.13
06/05/2016,-5000,-92500000,18.5(-2.63 %),500,9250000,5500,101750000,18186761,35.13
09/05/2016,600,10840000,18.4(-0.54 %),600,10840000,0,0,18186161,35.13
10/05/2016,-100,-1850000,18.1(-1.63 %),0,0,100,1850000,18196461,35.12
11/05/2016,0,0,17.9(-1.10 %),0,0,0,0,18201961,35.11
12/05/2016,100,1810000,18.1(1.12 %),100,1810000,0,0,18201861,35.11
13/05/2016,0,0,18.1(0.00 %),0,0,0,0,18201961,35.11
16/05/2016,-19100,-334530000,18.1(0.00 %),1100,19310000,20200,353840000,18200861,35.11
17/05/2016,0,0,18.1(0.00 %),0,0,0,0,18200861,35.11
18/05/2016,100,1810000,18.1(0.00 %),100,1810000,0,0,18200761,35.11
19/05/2016,0,0,18(-0.55 %),0,0,0,0,18220961,35.1
20/05/2016,56100,1009800000,18(0.00 %),60000,1080000000,3900,70200000,18160961,35.14
23/05/2016,0,0,18(0.00 %),72000,1296000000,72000,1296000000,18160961,35.14
24/05/2016,-100,-1800000,18(0.00 %),0,0,100,1800000,18160961,35.14
25/05/2016,0,0,18(0.00 %),3400,61200000,3400,61200000,18161461,35.14
26/05/2016,0,0,17.7(-1.67 %),300,5300000,300,5300000,18161161,35.14
27/05/2016,-300,-5310000,18(1.69 %),100,1800000,400,7110000,18161161,35.14
30/05/2016,0,0,17.9(-0.56 %),0,0,0,0,18164561,35.14
31/05/2016,0,0,17.9(0.00 %),0,0,0,0,18164861,35.14
01/06/2016,-1200,-21480000,18(0.56 %),1000,18000000,2200,39480000,18164261,35.14
02/06/2016,0,0,18(0.00 %),150000,2700000000,150000,2700000000,18164261,35.14
03/06/2016,-3000,-53400000,17.9(-0.56 %),1000,18300000,4000,71700000,18163261,35.14
06/06/2016,-600,-10680000,17.8(-0.56 %),0,0,600,10680000,18165461,35.14
07/06/2016,-700,-12370000,18(1.12 %),300,5360000,1000,17730000,18165161,35.14
08/06/2016,-10000,-180000000,18(0.00 %),0,0,10000,180000000,18169161,35.14
09/06/2016,100,1800000,18(0.00 %),100,1800000,0,0,18169661,35.14
10/06/2016,-1000,-18000000,18(0.00 %),0,0,1000,18000000,18170661,35.14
13/06/2016,-43100,-775890000,17.9(-0.56 %),73900,1330010000,117000,2105900000,18151761,35.15
14/06/2016,-11100,-197600000,17.8(-0.56 %),0,0,11100,197600000,18151761,35.15
15/06/2016,-67200,-1207100000,17.9(0.56 %),6000,107500000,73200,1314600000,18146761,35.16
16/06/2016,0,0,17.9(0.00 %),0,0,0,0,18218761,35.1
17/06/2016,-11700,-210630000,17.9(0.00 %),66400,1195170000,78100,1405800000,18213461,35.1
20/06/2016,-158700,-2856600000,18(0.56 %),40700,732600000,199400,3589200000,18245961,35.08
21/06/2016,-405800,-7343670000,18.4(2.22 %),95200,1716770000,501000,9060440000,18150761,35.15
22/06/2016,-768100,-14275600000,18.6(1.09 %),33900,635630000,802000,14911230000,18144961,35.16
23/06/2016,-75200,-1371120000,18.8(6.82 %),0,0,75200,1371120000,18344361,35.0
24/06/2016,-31100,-590020000,18(-4.26 %),21400,375880000,52500,965900000,18823961,34.64
27/06/2016,-23700,-442770000,18(0.00 %),76300,1334550000,100000,1777320000,19549661,34.09
28/06/2016,-5800,-104990000,17.7(-1.67 %),23300,407750000,29100,512740000,19601561,34.05
29/06/2016,-232100,-4293480000,18.9(6.78 %),22000,396600000,254100,4690080000,19632061,34.02
30/06/2016,-117665,-2301136500,19.6(3.70 %),0,0,117665,2301136500,19732061,33.95
01/07/2016,-117070,-2402521000,21.1(7.65 %),0,0,117070,2402521000,19761161,33.92
04/07/2016,-94700,-1980060000,20.7(-1.90 %),200,4230000,94900,1984290000,20015061,33.73
05/07/2016,-131600,-2711700000,20.1(-2.90 %),200,4240000,131800,2715940000,20132526,33.64
06/07/2016,-115500,-2355050000,20.4(1.49 %),6500,133750000,122000,2488800000,20243096,33.56
07/07/2016,-128200,-2688960000,21.3(4.41 %),0,0,128200,2688960000,20337996,33.48
08/07/2016,-138000,-2992300000,21.5(0.94 %),0,0,138000,2992300000,20469796,33.38
11/07/2016,-15700,-331480000,20.5(-4.65 %),100,2050000,15800,333530000,20591696,33.29
12/07/2016,-17800,-364900000,20.1(-1.95 %),0,0,17800,364900000,20719896,33.19
13/07/2016,-50000,-1033600000,20.6(2.49 %),0,0,50000,1033600000,20857896,33.09
14/07/2016,-102400,-2162560000,20.7(0.49 %),0,0,102400,2162560000,20873696,33.08
15/07/2016,-49100,-1015180000,20.8(0.48 %),1000,20800000,50100,1035980000,20890496,33.06
18/07/2016,-55000,-1141000000,20.7(-0.48 %),0,0,55000,1141000000,20940496,33.02
19/07/2016,-66000,-1350300000,20.3(-1.93 %),0,0,66000,1350300000,21042896,32.95
20/07/2016,-27000,-542400000,20.2(-0.49 %),0,0,27000,542400000,21092996,32.91
21/07/2016,-11000,-220000000,19.9(-1.49 %),0,0,11000,220000000,21147996,32.87
22/07/2016,-140000,-2728070000,19.5(-2.01 %),0,0,140000,2728070000,21213996,32.82
25/07/2016,-41900,-806220000,19.4(-0.51 %),0,0,41900,806220000,21240996,32.79
26/07/2016,-19500,-379350000,19.5(0.52 %),0,0,19500,379350000,21251996,32.79
27/07/2016,-120800,-2398320000,20(2.56 %),9200,183880000,130000,2582200000,21382796,32.69
28/07/2016,-19000,-379500000,19.9(-0.50 %),0,0,19000,379500000,21424696,32.65
29/07/2016,-10500,-209200000,19.9(0.00 %),0,0,10500,209200000,21444196,32.64
01/08/2016,-26000,-512800000,19.5(-2.01 %),0,0,26000,512800000,21574196,32.54
02/08/2016,-71400,-1365300000,19(-2.56 %),33600,638400000,105000,2003700000,21559596,32.55
03/08/2016,-15000,-286900000,19.1(0.53 %),7000,133100000,22000,420000000,21563096,32.55
04/08/2016,-21800,-416650000,19(-0.52 %),78200,1484900000,100000,1901550000,21560896,32.55
05/08/2016,79300,1497400000,19(0.00 %),89300,1687400000,10000,190000000,21576596,32.54
08/08/2016,-30700,-591550000,19.4(2.11 %),19300,366740000,50000,958290000,21579296,32.54
09/08/2016,-73000,-1416780000,19.3(-0.52 %),0,0,73000,1416780000,21629296,32.5
10/08/2016,-40000,-782600000,19.6(1.55 %),25000,486915000,65000,1269515000,21629296,32.5
11/08/2016,-20800,-409200000,19.6(0.00 %),22200,432900000,43000,842100000,21657096,32.48
12/08/2016,-28000,-549100000,19.6(0.00 %),0,0,28000,549100000,21730096,32.42
15/08/2016,-22900,-449430000,19.6(0.00 %),4500,87750000,27400,537180000,21775596,32.39
16/08/2016,-31000,-607100000,19.5(-0.51 %),0,0,31000,607100000,21818596,32.35
17/08/2016,-299600,-6159630000,20.7(6.15 %),500,10150000,300100,6169780000,21846096,32.33
18/08/2016,-150000,-3223290000,21(1.45 %),0,0,150000,3223290000,21873496,32.31
19/08/2016,-69500,-1474180000,21.1(0.48 %),500,10600000,70000,1484780000,21903996,32.29
22/08/2016,-69700,-1426710000,20.3(-3.79 %),300,6190000,70000,1432900000,22203796,32.06
23/08/2016,-83000,-1661000000,20.1(-0.99 %),0,0,83000,1661000000,22353796,31.95
24/08/2016,-45000,-918200000,20.4(1.49 %),0,0,45000,918200000,22423796,31.89
25/08/2016,-44900,-916370000,20.4(0.00 %),100,2030000,45000,918400000,22493696,31.84
26/08/2016,-93000,-1921920000,20.7(1.47 %),0,0,93000,1921920000,22576696,31.78
29/08/2016,-500,-10550000,20.7(0.00 %),0,0,500,10550000,22621696,31.74
30/08/2016,-91195,-1904517500,20.9(0.97 %),26900,560150000,118095,2464667500,22639796,31.73
31/08/2016,5000,105500000,21.8(4.31 %),5000,105500000,0,0,22727796,31.66
01/09/2016,-51000,-1102800000,21.5(-1.38 %),0,0,51000,1102800000,22728296,31.66
05/09/2016,-1400,-29960000,21.4(-0.47 %),0,0,1400,29960000,22846391,31.57
06/09/2016,5000,105500000,20.8(-2.80 %),5000,105500000,0,0,22841391,31.57
07/09/2016,0,0,20.5(-1.44 %),0,0,0,0,22892391,31.54
08/09/2016,8000,166800000,20.9(1.95 %),8000,166800000,0,0,22885791,31.54
09/09/2016,0,0,21(0.48 %),0,0,0,0,22885791,31.54
12/09/2016,3000,62100000,20.7(-1.43 %),3000,62100000,0,0,22882791,31.54
13/09/2016,5000,105500000,20.9(0.97 %),5000,105500000,0,0,22877791,31.55
14/09/2016,0,0,21.3(1.91 %),0,0,0,0,22877791,31.55
15/09/2016,-100000,-2106200000,20.9(-1.88 %),0,0,100000,2106200000,22877791,31.55
16/09/2016,0,0,21(0.48 %),0,0,0,0,22877791,31.55
19/09/2016,-40,-800000,21.1(0.48 %),0,0,40,800000,22877791,31.55
20/09/2016,0,0,21(-0.47 %),0,0,0,0,22977791,31.47
21/09/2016,2660,57476000,21.7(3.33 %),5000,108000000,2340,50524000,22972791,31.47
22/09/2016,0,0,22(1.38 %),0,0,0,0,22972831,31.47
23/09/2016,100,2200000,21.8(-0.91 %),100,2200000,0,0,22972731,31.47
26/09/2016,0,0,21.7(-0.46 %),0,0,0,0,22975071,31.47
27/09/2016,20200,443100000,22.1(1.84 %),26200,574500000,6000,131400000,22948871,31.49
28/09/2016,61800,1357550000,22.2(0.45 %),61800,1357550000,0,0,22887071,31.54
29/09/2016,0,0,22.3(0.45 %),0,0,0,0,22887071,31.54
30/09/2016,0,0,22.1(-0.90 %),0,0,0,0,22893071,31.53
03/10/2016,40200,884400000,22(-0.45 %),40200,884400000,0,0,22852871,31.57
04/10/2016,21500,473000000,22.1(0.45 %),21500,473000000,0,0,22831371,31.58
05/10/2016,34900,767800000,22(-0.45 %),34900,767800000,0,0,22796471,31.61
06/10/2016,42000,924270000,22(0.00 %),42000,924270000,0,0,22754471,31.64
07/10/2016,43900,959830000,21.5(-2.27 %),43900,959830000,0,0,22710571,31.67
10/10/2016,0,0,20.9(-2.79 %),0,0,0,0,22710571,31.67
11/10/2016,0,0,20.7(-0.96 %),0,0,0,0,22710571,31.67
12/10/2016,0,0,21(1.45 %),0,0,0,0,22710571,31.67
13/10/2016,-108300,-2275140000,21(0.00 %),0,0,108300,2275140000,22710571,31.67
14/10/2016,-26600,-558600000,20.9(-0.48 %),0,0,26600,558600000,22710571,31.67
17/10/2016,-87400,-1835400000,20.6(-1.44 %),0,0,87400,1835400000,22710571,31.67
18/10/2016,-303300,-6368980000,21.1(2.43 %),0,0,303300,6368980000,22818871,31.59
19/10/2016,-20,-420000,20.5(-2.84 %),0,0,20,420000,22845354,31.57
20/10/2016,0,0,20.3(-0.98 %),0,0,0,0,22932754,31.5
21/10/2016,-36000,-730800000,20.2(-0.49 %),0,0,36000,730800000,23236054,31.27
24/10/2016,200,4060000,19.9(-1.49 %),200,4060000,0,0,23235874,31.27
25/10/2016,20000,396000000,19.9(0.00 %),20000,396000000,0,0,23215874,31.29
26/10/2016,0,0,19.9(0.00 %),0,0,0,0,23251874,31.26
27/10/2016,0,0,19.9(0.00 %),0,0,0,0,23251874,31.26
28/10/2016,0,0,20(0.50 %),0,0,0,0,23251874,31.26
31/10/2016,-1800,-37260000,20.1(0.50 %),0,0,1800,37260000,23251874,31.26
01/11/2016,1100,22570000,20.7(2.99 %),1100,22570000,0,0,23250774,31.26
02/11/2016,-161370,-3384840000,21(1.45 %),200,4130000,161570,3388970000,23250574,31.26
03/11/2016,-99900,-2088900000,20.5(-2.38 %),100,2110000,100000,2091010000,23252274,31.26
04/11/2016,-75500,-1557690000,20.6(0.49 %),36800,754400000,112300,2312090000,23215474,31.29
07/11/2016,-74800,-1543440000,21(1.94 %),0,0,74800,1543440000,23377044,31.17
08/11/2016,-143200,-3007160000,20.7(-1.43 %),0,0,143200,3007160000,23477044,31.09
09/11/2016,0,0,20.6(-0.48 %),0,0,0,0,23589344,31.0
10/11/2016,-56900,-1194900000,21(1.94 %),0,0,56900,1194900000,23664144,30.95
11/11/2016,0,0,22(4.76 %),0,0,0,0,23807344,30.84
14/11/2016,0,0,22.1(0.45 %),0,0,0,0,23807344,30.84
15/11/2016,-10790,-234644000,21.8(-1.36 %),0,0,10790,234644000,23864244,30.79
16/11/2016,0,0,21.7(-0.46 %),0,0,0,0,23864244,30.79
17/11/2016,0,0,21.6(-0.46 %),0,0,0,0,23864244,30.79
18/11/2016,0,0,20.5(-5.09 %),0,0,0,0,23875034,30.79
21/11/2016,0,0,20.8(1.46 %),0,0,0,0,23875034,30.79
22/11/2016,0,0,21.2(1.92 %),0,0,0,0,23875034,30.79
23/11/2016,0,0,20.8(-1.89 %),0,0,0,0,23875034,30.79
24/11/2016,-7700,-161670000,20.9(0.48 %),0,0,7700,161670000,23875034,30.79
25/11/2016,-1400,-29400000,21(0.48 %),0,0,1400,29400000,23875034,30.79
28/11/2016,0,0,20.8(-0.95 %),0,0,0,0,23875034,30.79
29/11/2016,0,0,20.5(-1.44 %),0,0,0,0,23882734,30.78
30/11/2016,0,0,21(2.44 %),0,0,0,0,23884134,30.78
01/12/2016,0,0,20.9(-0.48 %),0,0,0,0,23884134,30.78
02/12/2016,0,0,21(0.48 %),0,0,0,0,23884134,30.78
05/12/2016,0,0,20.5(-2.38 %),0,0,0,0,23884134,30.78
06/12/2016,-3800,-78660000,21(2.44 %),0,0,3800,78660000,23884134,30.78
07/12/2016,0,0,21(0.00 %),0,0,0,0,23884134,30.78
08/12/2016,0,0,20.6(-1.90 %),0,0,0,0,23884134,30.78
09/12/2016,-8000,-168000000,20.6(0.00 %),0,0,8000,168000000,23887934,30.78
12/12/2016,-2100,-43050000,21(1.94 %),0,0,2100,43050000,23887934,30.78
13/12/2016,0,0,21(0.00 %),0,0,0,0,23887934,30.78
14/12/2016,400,8440000,21.1(0.48 %),400,8440000,0,0,23895534,30.77
15/12/2016,0,0,21(-0.47 %),0,0,0,0,23897634,30.77
16/12/2016,0,0,21(0.00 %),0,0,0,0,23897634,30.77
19/12/2016,3500,73500000,21(0.00 %),3500,73500000,0,0,23894134,30.77
20/12/2016,0,0,21(0.00 %),0,0,0,0,23894134,30.77
21/12/2016,0,0,21(0.00 %),0,0,0,0,23894134,30.77
22/12/2016,0,0,21(0.00 %),0,0,0,0,23894134,30.77
23/12/2016,0,0,20.9(-0.48 %),0,0,0,0,23894134,30.77
26/12/2016,-5000,-105000000,21(0.48 %),0,0,5000,105000000,23894134,30.77
27/12/2016,-5000,-105000000,21(0.00 %),0,0,5000,105000000,23894134,30.77
28/12/2016,0,0,21(0.00 %),0,0,0,0,23894134,30.77
29/12/2016,-5000,-105000000,21.2(0.95 %),0,0,5000,105000000,23899134,30.77
30/12/2016,-12300,-259300000,21.2(0.00 %),0,0,12300,259300000,23904134,30.76
03/01/2017,-5000,-106000000,21.2(0.00 %),0,0,5000,106000000,23904134,30.76
04/01/2017,0,0,22(3.77 %),0,0,0,0,23909134,30.76
05/01/2017,0,0,22.1(0.45 %),0,0,0,0,23921434,30.75
06/01/2017,0,0,22.1(0.00 %),0,0,0,0,23926434,30.75
09/01/2017,0,0,22(-0.45 %),0,0,0,0,23926434,30.75
10/01/2017,0,0,21.9(-0.45 %),0,0,0,0,23926434,30.75
11/01/2017,-30000,-657000000,21.9(0.00 %),0,0,30000,657000000,23926434,30.75
12/01/2017,-60400,-1339730000,23(5.02 %),0,0,60400,1339730000,23926434,30.75
13/01/2017,-76600,-1764500000,23.2(0.87 %),0,0,76600,1764500000,23926434,30.75
16/01/2017,-30500,-711750000,23.5(1.29 %),0,0,30500,711750000,23956434,30.72
17/01/2017,-34450,-847390000,25.2(7.23 %),1500,35570000,35950,882960000,24015334,30.68
18/01/2017,-936390,-23409960000,25.6(1.59 %),0,0,936390,23409960000,24091934,30.62
19/01/2017,0,0,25.6(0.00 %),0,0,0,0,24122434,30.6
20/01/2017,0,0,25.7(0.39 %),0,0,0,0,24158384,30.57
23/01/2017,0,0,25.7(0.00 %),0,0,0,0,25094774,29.85
24/01/2017,0,0,25.6(-0.39 %),0,0,0,0,25094774,29.85
25/01/2017,-50,-1180000,23.6(-7.81 %),0,0,50,1180000,25094774,29.85
02/02/2017,0,0,23.6(0.00 %),0,0,0,0,25094774,29.85
03/02/2017,0,0,23.5(-0.42 %),0,0,0,0,25094774,29.85
06/02/2017,0,0,22.2(-5.53 %),0,0,0,0,25094824,29.85
07/02/2017,0,0,22.8(2.70 %),0,0,0,0,25094824,29.85
08/02/2017,-50,-1030000,23(0.88 %),0,0,50,1030000,25094824,29.85
09/02/2017,0,0,23(0.00 %),0,0,0,0,25094824,29.85
10/02/2017,300,6900000,23.2(0.87 %),300,6900000,0,0,25094524,29.85
13/02/2017,-400,-9200000,24.4(5.17 %),0,0,400,9200000,25094574,29.85
14/02/2017,300,6840000,22.8(-6.56 %),300,6840000,0,0,25094274,29.86
15/02/2017,0,0,22.8(0.00 %),0,0,0,0,25094274,29.86
16/02/2017,0,0,22.5(-1.32 %),0,0,0,0,25094674,29.85
17/02/2017,0,0,22.5(0.00 %),0,0,0,0,25094674,29.85
20/02/2017,-5000,-113000000,22.6(0.44 %),0,0,5000,113000000,25094674,29.85
21/02/2017,-65,-1436500,22.4(-0.88 %),0,0,65,1436500,25094674,29.85
22/02/2017,0,0,22.5(0.45 %),0,0,0,0,25094674,29.85
23/02/2017,0,0,22.4(-0.44 %),0,0,0,0,25099674,29.85
24/02/2017,0,0,22.7(1.34 %),0,0,0,0,25099739,29.85
27/02/2017,0,0,22.6(-0.44 %),0,0,0,0,25099739,29.85
28/02/2017,0,0,22.6(0.00 %),0,0,0,0,25099739,29.85
01/03/2017,50,1150000,22.5(-0.44 %),50,1150000,0,0,25099689,29.85
02/03/2017,0,0,22(-2.22 %),0,0,0,0,25099689,29.85
03/03/2017,0,0,23(4.55 %),0,0,0,0,25099689,29.85
06/03/2017,0,0,22.7(-1.30 %),0,0,0,0,25099689,29.85
07/03/2017,0,0,22.9(0.88 %),0,0,0,0,25099689,29.85
08/03/2017,-300,-6600000,22.7(-0.87 %),0,0,300,6600000,25099689,29.85
09/03/2017,-1200,-27600000,24(5.73 %),0,0,1200,27600000,25099689,29.85
10/03/2017,0,0,24.5(2.08 %),0,0,0,0,25099689,29.85
13/03/2017,-500,-12000000,23.7(-3.27 %),0,0,500,12000000,25099989,29.85
14/03/2017,100,2440000,24.8(4.64 %),100,2440000,0,0,25101089,29.85
15/03/2017,-18700,-469040000,25.2(1.61 %),0,0,18700,469040000,25101089,29.85
16/03/2017,-13000,-326500000,25.3(0.40 %),0,0,13000,326500000,25101589,29.85
17/03/2017,-4600,-115540000,25.1(-0.79 %),0,0,4600,115540000,25101589,29.85
20/03/2017,0,0,24.5(-2.39 %),0,0,0,0,25120289,29.84
21/03/2017,0,0,24.7(0.82 %),0,0,0,0,25133289,29.83
22/03/2017,0,0,25(1.21 %),0,0,0,0,25137889,29.82
23/03/2017,0,0,25(0.00 %),0,0,0,0,25137889,29.82
24/03/2017,0,0,25(0.00 %),0,0,0,0,25137889,29.82
27/03/2017,-3000,-69720000,24(-4.00 %),0,0,3000,69720000,25137889,29.82
28/03/2017,-8300,-194760000,24.5(2.08 %),0,0,8300,194760000,25137889,29.82
29/03/2017,-2995,-70477500,24.7(0.82 %),5,122500,3000,70600000,25137884,29.82
30/03/2017,-6000,-144350000,24.7(0.00 %),0,0,6000,144350000,25140884,29.82
31/03/2017,-12930,-324520000,25.4(2.83 %),70,1820000,13000,326340000,25149114,29.81
03/04/2017,-100,-2470000,24.7(-2.76 %),0,0,100,2470000,25152114,29.81
04/04/2017,-1700,-40970000,25(1.21 %),300,7350000,2000,48320000,25157814,29.81
05/04/2017,1000,24800000,24.8(-0.80 %),1000,24800000,0,0,25169814,29.8
07/04/2017,0,0,24.8(0.00 %),0,0,0,0,25169914,29.8
10/04/2017,0,0,24.1(-2.82 %),0,0,0,0,25171914,29.8
11/04/2017,0,0,24.1(0.00 %),0,0,0,0,25171914,29.8
12/04/2017,-1300,-31000000,23.8(-1.24 %),0,0,1300,31000000,25171914,29.8
13/04/2017,0,0,23.9(0.42 %),0,0,0,0,25171914,29.8
14/04/2017,0,0,23.9(0.00 %),0,0,0,0,25171914,29.8
17/04/2017,0,0,23.7(-0.84 %),0,0,0,0,25173214,29.79
18/04/2017,0,0,23(-2.95 %),0,0,0,0,25173214,29.79
19/04/2017,-4100,-94780000,23.3(1.30 %),0,0,4100,94780000,25173214,29.79
20/04/2017,0,0,23.5(0.86 %),0,0,0,0,25173214,29.79
21/04/2017,1600,37760000,23.5(0.00 %),1600,37760000,0,0,25171614,29.8
24/04/2017,0,0,23.6(0.43 %),0,0,0,0,25175714,29.79
25/04/2017,0,0,23.7(0.42 %),0,0,0,0,25175714,29.79
26/04/2017,-3100,-78570000,25(5.49 %),4800,118480000,7900,197050000,25170914,29.8
27/04/2017,-4040,-101186000,25.2(0.80 %),0,0,4040,101186000,25170914,29.8
28/04/2017,-8000,-201100000,25.2(0.00 %),0,0,8000,201100000,25170914,29.8
03/05/2017,-12700,-318000000,25(-0.79 %),0,0,12700,318000000,25178814,29.79
04/05/2017,0,0,23(-8.00 %),0,0,0,0,25182854,29.79
05/05/2017,0,0,24.2(5.22 %),0,0,0,0,25190854,29.78
08/05/2017,-47300,-1171650000,24.5(1.24 %),0,0,47300,1171650000,25203554,29.77
09/05/2017,-16000,-408000000,25.8(5.31 %),0,0,16000,408000000,25203554,29.77
10/05/2017,-8000,-204800000,25.8(0.00 %),0,0,8000,204800000,25203554,29.77
11/05/2017,-3000,-76500000,25.8(0.00 %),0,0,3000,76500000,25250854,29.74
12/05/2017,-4500,-116100000,25.7(-0.39 %),0,0,4500,116100000,25266854,29.72
15/05/2017,-5500,-140250000,25.7(0.00 %),0,0,5500,140250000,25274854,29.72
16/05/2017,0,0,25.7(0.00 %),0,0,0,0,25277854,29.72
17/05/2017,0,0,25.7(0.00 %),0,0,0,0,25282354,29.71
18/05/2017,-1000,-25600000,25.6(-0.39 %),0,0,1000,25600000,25287854,29.71
19/05/2017,0,0,25.5(-0.39 %),0,0,0,0,25287854,29.71
22/05/2017,-6500,-163180000,25.1(-1.57 %),0,0,6500,163180000,25287854,29.71
23/05/2017,0,0,25.1(0.00 %),0,0,0,0,25288854,29.71
24/05/2017,0,0,25.1(0.00 %),0,0,0,0,25288854,29.71
25/05/2017,0,0,25.3(0.80 %),0,0,0,0,25295354,29.7
26/05/2017,-100,-2500000,25(-1.19 %),0,0,100,2500000,25295354,29.7
29/05/2017,0,0,25(0.00 %),0,0,0,0,25295354,29.7
30/05/2017,-200,-5000000,24.8(-0.80 %),0,0,200,5000000,25295354,29.7
31/05/2017,100,2500000,24.5(3.81 %),100,2500000,0,0,25295354,29.7
01/06/2017,0,0,23.7(-3.27 %),0,0,0,0,25295354,29.7
02/06/2017,1700,41650000,24.5(3.38 %),1700,41650000,0,0,25293854,29.7
05/06/2017,0,0,24.5(0.00 %),0,0,0,0,25293854,29.7
06/06/2017,0,0,24.5(0.00 %),0,0,0,0,25293854,29.7
07/06/2017,0,0,24(-2.04 %),0,0,0,0,25293854,29.7
08/06/2017,0,0,24(0.00 %),0,0,0,0,25293854,29.7
09/06/2017,300,7230000,24.1(0.42 %),300,7230000,0,0,25293554,29.7
12/06/2017,0,0,24(-0.41 %),0,0,0,0,25293554,29.7
13/06/2017,5100,122890000,24.2(0.83 %),6600,159190000,1500,36300000,25286954,29.71
14/06/2017,300,7200000,24(-0.83 %),300,7200000,0,0,25286654,29.71
15/06/2017,0,0,24(0.00 %),0,0,0,0,25286654,29.71
16/06/2017,-1100,-26620000,24.2(0.83 %),0,0,1100,26620000,25288154,29.71
19/06/2017,0,0,24.2(0.00 %),0,0,0,0,25288154,29.71
20/06/2017,10,250000,24(-0.83 %),10,250000,0,0,25288144,29.71
21/06/2017,200,4400000,23.9(-0.42 %),200,4400000,0,0,25289044,29.71
22/06/2017,0,0,23.9(0.00 %),0,0,0,0,25289044,29.71
23/06/2017,0,0,23.9(0.00 %),0,0,0,0,25289044,29.71
26/06/2017,0,0,23.9(0.00 %),0,0,0,0,25289044,29.71
27/06/2017,0,0,23.5(-1.67 %),0,0,0,0,25289044,29.71
28/06/2017,200,4800000,24(2.13 %),200,4800000,0,0,25288844,29.71
29/06/2017,100,2640000,24(0.00 %),100,2640000,0,0,25288744,29.71
30/06/2017,0,0,24(0.00 %),0,0,0,0,25288744,29.71
03/07/2017,0,0,24(0.00 %),0,0,0,0,25288744,29.71
04/07/2017,0,0,24(0.00 %),0,0,0,0,25288744,29.71
05/07/2017,2000,48000000,24.2(0.83 %),4000,96400000,2000,48400000,25284822,29.71
06/07/2017,-10080,-243936000,24.2(0.00 %),20,484000,10100,244420000,25284802,29.71
07/07/2017,0,0,24.2(0.00 %),0,0,0,0,25284802,29.71
10/07/2017,-100,-2420000,24.2(0.00 %),12200,269620000,12300,272040000,25286802,29.71
11/07/2017,100,2200000,22.3(-7.85 %),100,2200000,0,0,25296802,29.7
12/07/2017,0,0,22.3(0.00 %),0,0,0,0,25296802,29.7
13/07/2017,0,0,22.3(0.00 %),0,0,0,0,25296902,29.7
14/07/2017,0,0,24.1(8.07 %),0,0,0,0,25296902,29.7
17/07/2017,0,0,23(-4.56 %),0,0,0,0,25296907,29.7
18/07/2017,0,0,22.7(-1.30 %),0,0,0,0,25296907,29.7
19/07/2017,0,0,22.7(0.00 %),0,0,0,0,25296907,29.7
20/07/2017,0,0,23(1.32 %),0,0,0,0,25296907,29.7
21/07/2017,500,11250000,22.5(-2.17 %),500,11250000,0,0,25296407,29.7
24/07/2017,4400,99000000,22.6(0.44 %),4400,99000000,0,0,25292007,29.7
25/07/2017,-100,-2420000,24.2(7.08 %),0,0,100,2420000,25292007,29.7
26/07/2017,0,0,24(-0.83 %),0,0,0,0,25292007,29.7
27/07/2017,40600,976660000,24.1(0.42 %),46800,1116080000,6200,139420000,25245207,29.74
28/07/2017,-900,-21600000,25(3.73 %),0,0,900,21600000,25245307,29.74
31/07/2017,1000,24900000,24.9(-0.40 %),1000,24900000,0,0,25244307,29.74
01/08/2017,1000,24600000,24.6(-1.20 %),1000,24600000,0,0,25249507,29.74
02/08/2017,0,0,24.6(0.00 %),0,0,0,0,25250407,29.74
03/08/2017,4400,104140000,23.6(-4.07 %),4400,104140000,0,0,25246007,29.74
04/08/2017,0,0,23.6(0.00 %),0,0,0,0,25246007,29.74
07/08/2017,0,0,23.6(0.00 %),0,0,0,0,25246007,29.74
08/08/2017,3300,78480000,23(-2.54 %),3300,78480000,0,0,25242707,29.74
09/08/2017,0,0,22.9(-0.43 %),0,0,0,0,25242707,29.74
10/08/2017,0,0,22.9(0.00 %),0,0,0,0,25242707,29.74
11/08/2017,0,0,22.5(-1.75 %),0,0,0,0,25242707,29.74
14/08/2017,0,0,23.1(2.67 %),0,0,0,0,25242707,29.74
15/08/2017,0,0,23.1(0.00 %),0,0,0,0,25242707,29.74
16/08/2017,0,0,23.1(0.00 %),0,0,0,0,25242707,29.74
17/08/2017,-100,-2480000,22.8(-1.30 %),0,0,100,2480000,25242707,29.74
18/08/2017,0,0,23.4(2.63 %),0,0,0,0,25242707,29.74
21/08/2017,14800,346320000,23.4(0.00 %),14800,346320000,0,0,25227907,29.75
22/08/2017,0,0,23.4(0.00 %),0,0,0,0,25228007,29.75
23/08/2017,0,0,23.7(1.28 %),0,0,0,0,25228007,29.75
24/08/2017,0,0,23.8(0.42 %),0,0,0,0,25228007,29.75
25/08/2017,200,4760000,23.8(0.00 %),700,16610000,500,11850000,25227307,29.75
28/08/2017,0,0,25.6(7.56 %),0,0,0,0,25227307,29.75
29/08/2017,5000,132500000,26.5(3.52 %),5000,132500000,0,0,25222307,29.76
30/08/2017,36900,959070000,26(-1.89 %),36900,959070000,0,0,25185907,29.79
31/08/2017,5000,134500000,26.9(3.46 %),5000,134500000,0,0,25180907,29.79
01/09/2017,0,0,26.9(0.00 %),0,0,0,0,25180907,29.79
05/09/2017,0,0,26.9(0.00 %),0,0,0,0,25180907,29.79
06/09/2017,0,0,26.9(0.00 %),0,0,0,0,25180907,29.79
07/09/2017,-400,-10560000,26.4(-1.86 %),0,0,400,10560000,25180907,29.79
08/09/2017,0,0,26.4(0.00 %),0,0,0,0,25180907,29.79
11/09/2017,0,0,26.4(0.00 %),0,0,0,0,25180907,29.79
12/09/2017,0,0,26.4(0.00 %),0,0,0,0,25181307,29.79
13/09/2017,0,0,26.5(0.38 %),0,0,0,0,25181307,29.79
14/09/2017,0,0,26(-1.89 %),0,0,0,0,25181307,29.79
15/09/2017,-500,-11750000,23.5(-9.62 %),0,0,500,11750000,25181307,29.79
18/09/2017,0,0,25(6.38 %),0,0,0,0,25181307,29.79
19/09/2017,-300,-7210000,23.9(-4.40 %),1600,38240000,1900,45450000,25179707,29.79
20/09/2017,0,0,23.9(0.00 %),0,0,0,0,25180207,29.79
21/09/2017,0,0,25(4.60 %),3000,72000000,3000,72000000,25177207,29.79
22/09/2017,0,0,25(0.00 %),0,0,0,0,25179107,29.79
25/09/2017,0,0,24.9(-0.40 %),0,0,0,0,25179107,29.79
26/09/2017,0,0,24.9(0.00 %),0,0,0,0,25182107,29.79
27/09/2017,2000,49800000,24.9(0.00 %),2000,49800000,0,0,25180107,29.79
28/09/2017,0,0,24.9(0.00 %),0,0,0,0,25180107,29.79
29/09/2017,6000,155500000,26.3(5.62 %),6000,155500000,0,0,25174107,29.79
02/10/2017,0,0,25.5(-3.04 %),0,0,0,0,25174107,29.79
03/10/2017,0,0,25.5(0.00 %),0,0,0,0,25174107,29.79
04/10/2017,335,8512500,25.1(-1.57 %),400,10040000,65,1527500,25173707,29.79
05/10/2017,0,0,24.6(-1.99 %),0,0,0,0,25173707,29.79
06/10/2017,0,0,24.5(-0.41 %),0,0,0,0,25173707,29.79
09/10/2017,0,0,24.5(0.00 %),0,0,0,0,25173772,29.79
10/10/2017,0,0,24.5(0.00 %),0,0,0,0,25173772,29.79
11/10/2017,0,0,24.5(0.00 %),0,0,0,0,25173772,29.79
12/10/2017,500,12000000,24.1(-1.63 %),500,12000000,0,0,25173272,29.79
13/10/2017,1000,24000000,24(-0.41 %),1000,24000000,0,0,25172272,29.8
16/10/2017,6000,144000000,24(0.00 %),6000,144000000,0,0,25166272,29.8
17/10/2017,2100,50790000,24(0.00 %),2100,50790000,0,0,25164172,29.8
18/10/2017,1915,45977000,24(0.00 %),2000,48000000,85,2023000,25162172,29.8
19/10/2017,4000,97900000,24(0.00 %),8000,194000000,4000,96100000,25154172,29.81
20/10/2017,1900,45600000,24(0.00 %),3900,93600000,2000,48000000,25150272,29.81
23/10/2017,0,0,24(0.00 %),3000,72000000,3000,72000000,25147357,29.81
24/10/2017,500,12000000,24(0.00 %),3500,84000000,3000,72000000,25147857,29.81
25/10/2017,3900,93600000,24(0.00 %),8000,192000000,4100,98400000,25141857,29.82
26/10/2017,9900,237600000,24(0.00 %),13400,321550000,3500,83950000,25131457,29.83
27/10/2017,30000,720000000,24.1(0.42 %),56600,1358560000,26600,638560000,25077857,29.87
30/10/2017,10000,260000000,26(7.88 %),14000,364000000,4000,104000000,25067957,29.88
31/10/2017,2500,65700000,25.8(-0.77 %),27500,703800000,25000,638100000,25043957,29.89
01/11/2017,4500,107900000,24(-6.98 %),10000,240000000,5500,132100000,25060557,29.88
02/11/2017,0,0,24(0.00 %),9000,216000000,9000,216000000,25055557,29.88
03/11/2017,2100,50400000,24(0.00 %),5000,120000000,2900,69600000,25075557,29.87
06/11/2017,0,0,24(0.00 %),16000,384000000,16000,384000000,25065057,29.88
07/11/2017,0,0,24(0.00 %),5000,120000000,5000,120000000,25069057,29.87
08/11/2017,1500,35980000,24(0.00 %),3200,76780000,1700,40800000,25068757,29.87
09/11/2017,-17800,-410280000,23(-4.17 %),1800,43200000,19600,453480000,25082957,29.86
10/11/2017,-100,-2310000,23(0.00 %),6100,140300000,6200,142610000,25081857,29.86
13/11/2017,3100,71300000,23(0.00 %),3100,71300000,0,0,25080457,29.87
14/11/2017,0,0,23(0.00 %),0,0,0,0,25100057,29.85
15/11/2017,-6300,-145530000,23.8(3.48 %),0,0,6300,145530000,25106257,29.85
16/11/2017,-19100,-440660000,23(-3.36 %),30900,710700000,50000,1151360000,25075357,29.87
17/11/2017,-26200,-602600000,23(0.00 %),49900,1147700000,76100,1750300000,25025457,29.91
20/11/2017,-6000,-138000000,23(0.00 %),32700,752100000,38700,890100000,24999057,29.93
21/11/2017,-1495,-34169000,22.9(-0.43 %),0,0,1495,34169000,25049057,29.89
22/11/2017,-9000,-206100000,22.9(0.00 %),1000,22900000,10000,229000000,25124157,29.83
23/11/2017,-7700,-177100000,23(0.44 %),0,0,7700,177100000,25162857,29.8
24/11/2017,0,0,22.9(-0.43 %),0,0,0,0,25164352,29.8
27/11/2017,-100,-2290000,22.9(0.00 %),0,0,100,2290000,25174352,29.79
28/11/2017,-5800,-132240000,22.8(-0.44 %),0,0,5800,132240000,25182052,29.79
29/11/2017,-114400,-2626680000,23(0.88 %),0,0,114400,2626680000,25182052,29.79
30/11/2017,-8500,-195500000,23(0.00 %),0,0,8500,195500000,25182152,29.79
01/12/2017,-700,-16100000,23(0.00 %),0,0,700,16100000,25187952,29.78
04/12/2017,-8200,-188600000,23(0.00 %),2000,46000000,10200,234600000,25300352,29.7
05/12/2017,-1600,-36800000,23(0.00 %),9000,207000000,10600,243800000,25299852,29.7
06/12/2017,-11700,-269100000,23(0.00 %),20000,460000000,31700,729100000,25280552,29.71
07/12/2017,-9300,-213900000,23(0.00 %),23000,529000000,32300,742900000,25267752,29.72
08/12/2017,-1500,-34350000,22.9(-0.43 %),0,0,1500,34350000,25278352,29.71
11/12/2017,-49600,-1140800000,23(0.44 %),0,0,49600,1140800000,25310052,29.69
12/12/2017,-7200,-162000000,22.9(-0.43 %),0,0,7200,162000000,25342352,29.67
13/12/2017,-60,-1332000,22.9(0.00 %),0,0,60,1332000,25343852,29.66
14/12/2017,1100,25190000,22.9(0.00 %),1100,25190000,0,0,25392352,29.63
15/12/2017,-32600,-749680000,23(0.44 %),8600,197680000,41200,947360000,25390952,29.63
18/12/2017,6700,154190000,23(0.00 %),15300,351900000,8600,197710000,25375712,29.64
19/12/2017,-20100,-462300000,22.9(-0.43 %),10500,241500000,30600,703800000,25365212,29.65
20/12/2017,3800,86030000,22.9(0.00 %),3900,88290000,100,2260000,25402512,29.62
21/12/2017,-141200,-3247800000,23(0.44 %),0,0,141200,3247800000,25411112,29.61
22/12/2017,-7800,-179400000,23(0.00 %),10000,230000000,17800,409400000,25431712,29.6
25/12/2017,-19950,-458850000,23(0.00 %),10050,231150000,30000,690000000,25421762,29.61
26/12/2017,0,0,22.8(-0.87 %),0,0,0,0,25562962,29.5
27/12/2017,-32500,-747500000,22.9(0.44 %),0,0,32500,747500000,25580762,29.48
28/12/2017,6183,141753000,22.9(4.57 %),6300,144290000,117,2537000,25604462,29.47
29/12/2017,5000,114000000,22.8(-0.44 %),5000,114000000,0,0,25599462,29.47
02/01/2018,1300,28470000,22(-3.51 %),1300,28470000,0,0,25630662,29.45
03/01/2018,920,20690000,22.4(1.82 %),920,20690000,0,0,25629859,29.45
04/01/2018,-27000,-628230000,23(2.68 %),21900,496470000,48900,1124700000,25607959,29.46
05/01/2018,7000,159800000,22.8(-0.87 %),7000,159800000,0,0,25600959,29.47
08/01/2018,6000,136800000,22.7(-0.44 %),6800,155200000,800,18400000,25594159,29.47
09/01/2018,-35300,-812920000,23(1.32 %),9100,208280000,44400,1021200000,25633959,29.44
10/01/2018,-57600,-1324800000,23(0.00 %),31000,713000000,88600,2037800000,25602959,29.47
11/01/2018,-28200,-648600000,22.9(-0.43 %),1000,23000000,29200,671600000,25602759,29.47
12/01/2018,500,11450000,22.9(0.00 %),500,11450000,0,0,25646659,29.43
15/01/2018,0,0,22.8(-0.44 %),0,0,0,0,25735259,29.37
16/01/2018,0,0,22.8(0.00 %),0,0,0,0,25764459,29.34
17/01/2018,0,0,22.3(-2.19 %),0,0,0,0,25764459,29.34
18/01/2018,2690,59165000,22.5(0.90 %),2700,59400000,10,235000,25761759,29.35
19/01/2018,-500,-11100000,22.6(0.44 %),0,0,500,11100000,25761759,29.35
22/01/2018,400,9120000,22.6(0.00 %),400,9120000,0,0,25761359,29.35
23/01/2018,0,0,22.6(0.00 %),0,0,0,0,25761369,29.35
24/01/2018,400,9080000,22.6(0.00 %),400,9080000,0,0,25761469,29.35
25/01/2018,1500,34030000,22.8(0.88 %),2100,47250000,600,13220000,25759369,29.35
26/01/2018,10000,225000000,22.5(-1.32 %),10000,225000000,0,0,25749369,29.36
29/01/2018,-5200,-120430000,22.9(1.78 %),35300,811070000,40500,931500000,25714069,29.38
30/01/2018,35100,800710000,22.9(0.00 %),36600,835010000,1500,34300000,25678069,29.41
31/01/2018,0,0,22.9(0.00 %),0,0,0,0,25678069,29.41
01/02/2018,13000,292500000,22.6(-1.31 %),13000,292500000,0,0,25705569,29.39
02/02/2018,0,0,22.9(1.33 %),0,0,0,0,25707069,29.39
05/02/2018,15100,339790000,22.5(-1.75 %),15100,339790000,0,0,25691969,29.4
06/02/2018,10300,231660000,21.2(-5.78 %),10300,231660000,0,0,25681669,29.41
07/02/2018,175,4097500,23(8.49 %),200,4590000,25,492500,25681469,29.41
08/02/2018,100,2280000,22.8(-0.87 %),100,2280000,0,0,25681369,29.41
09/02/2018,0,0,22.8(0.00 %),0,0,0,0,25681369,29.41
12/02/2018,200,4540000,22.8(0.00 %),200,4540000,0,0,25681194,29.41
13/02/2018,-7700,-176840000,22.9(0.44 %),200,4560000,7900,181400000,25680994,29.41
21/02/2018,900,20640000,22.9(0.00 %),1000,22900000,100,2260000,25679994,29.41
22/02/2018,0,0,22.9(0.00 %),0,0,0,0,25679994,29.41
23/02/2018,-471240,-10803750000,23(0.44 %),0,0,471240,10803750000,25687894,29.4
26/02/2018,-287300,-6611980000,24.2(5.22 %),51000,1173750000,338300,7785730000,25636994,29.44
27/02/2018,-5500,-125800000,24.4(0.83 %),15700,383180000,21200,508980000,25621294,29.45
28/02/2018,-8200,-199550000,24(-1.64 %),46300,1110450000,54500,1310000000,26046234,29.13
01/03/2018,200,4740000,23.5(-2.08 %),200,4740000,0,0,26384334,28.87
02/03/2018,-50245,-1180837500,24.2(2.98 %),0,0,50245,1180837500,26405534,28.85
05/03/2018,-62700,-1506780000,23.9(-1.24 %),0,0,62700,1506780000,26460034,28.81
06/03/2018,0,0,24.1(0.84 %),0,0,0,0,26460034,28.81
07/03/2018,3100,74710000,23.6(-2.07 %),3400,81910000,300,7200000,26506879,28.78
08/03/2018,9000,213300000,23.5(-0.42 %),9000,213300000,0,0,26560579,28.74
09/03/2018,-100,-2400000,24(2.13 %),0,0,100,2400000,26560579,28.74
12/03/2018,0,0,24.4(1.67 %),0,0,0,0,26560879,28.74
13/03/2018,0,0,23.9(-2.05 %),0,0,0,0,26560879,28.74
14/03/2018,0,0,23.6(-1.26 %),0,0,0,0,26560979,28.74
15/03/2018,-3200,-74240000,23.8(0.85 %),0,0,3200,74240000,26560979,28.74
16/03/2018,0,0,23.8(0.00 %),0,0,0,0,26560979,28.74
19/03/2018,0,0,23.6(-0.84 %),0,0,0,0,26560979,28.74
20/03/2018,0,0,23.7(0.42 %),0,0,0,0,26564179,28.73
21/03/2018,0,0,23.7(0.00 %),0,0,0,0,26564179,28.73
22/03/2018,2500,58750000,23.5(-0.84 %),2500,58750000,0,0,26561679,28.74
23/03/2018,0,0,23.5(0.00 %),0,0,0,0,26561679,28.74
26/03/2018,0,0,23.5(0.00 %),0,0,0,0,26561679,28.74
27/03/2018,-11100,-253180000,23.5(0.00 %),0,0,11100,253180000,26561679,28.74
28/03/2018,0,0,23.5(0.00 %),0,0,0,0,26561679,28.74
29/03/2018,0,0,23.5(0.00 %),0,0,0,0,26561679,28.74
30/03/2018,0,0,23.6(0.43 %),0,0,0,0,26572779,28.73
02/04/2018,0,0,24(1.69 %),0,0,0,0,26572779,28.73
03/04/2018,0,0,23.8(-0.83 %),0,0,0,0,26572779,28.73
04/04/2018,9400,235240000,24.8(4.20 %),9400,235240000,0,0,26563379,28.73
05/04/2018,100,2490000,24.9(0.40 %),100,2490000,0,0,26563279,28.73
06/04/2018,0,0,24.4(-2.01 %),0,0,0,0,26563279,28.73
09/04/2018,0,0,24.3(-0.41 %),0,0,0,0,26563279,28.73
10/04/2018,0,0,24.3(0.00 %),0,0,0,0,26563279,28.73
11/04/2018,4300,104460000,24.3(0.00 %),4300,104460000,0,0,26558979,28.74
12/04/2018,0,0,24.3(0.00 %),0,0,0,0,26558979,28.74
13/04/2018,0,0,23.8(-2.06 %),0,0,0,0,26558979,28.74
16/04/2018,0,0,24(0.84 %),0,0,0,0,26558979,28.74
17/04/2018,0,0,23.2(-3.33 %),0,0,0,0,26558979,28.74
18/04/2018,0,0,24(3.45 %),0,0,0,0,26558979,28.74
19/04/2018,0,0,24(0.00 %),0,0,0,0,26558979,28.74
20/04/2018,0,0,23.9(-0.42 %),0,0,0,0,26558979,28.74
23/04/2018,-3,-66300,24.5(2.51 %),0,0,3,66300,26558979,28.74
24/04/2018,0,0,23.5(-4.08 %),0,0,0,0,26558979,28.74
26/04/2018,9100,213850000,23.5(0.00 %),10500,246200000,1400,32350000,26548479,28.75
27/04/2018,25200,617000000,25(6.38 %),34600,828240000,9400,211240000,26513882,28.77
02/05/2018,39900,894380000,22.5(-10.00 %),46600,1048500000,6700,154120000,26467282,28.81
03/05/2018,0,0,22.7(0.89 %),0,0,0,0,26468682,28.81
04/05/2018,0,0,22.8(0.44 %),0,0,0,0,26478082,28.8
07/05/2018,-3500,-79800000,23.5(3.07 %),0,0,3500,79800000,26484782,28.79
08/05/2018,0,0,23.5(0.00 %),0,0,0,0,26484782,28.79
09/05/2018,0,0,23.4(-0.43 %),0,0,0,0,26484782,28.79
10/05/2018,0,0,23(-1.71 %),0,0,0,0,26488282,28.79
11/05/2018,-28700,-660100000,23(0.00 %),0,0,28700,660100000,26488282,28.79
14/05/2018,0,0,23.3(1.30 %),0,0,0,0,26488282,28.79
15/05/2018,0,0,23.7(1.72 %),0,0,0,0,26488282,28.79
16/05/2018,10100,239370000,23.7(0.00 %),10100,239370000,0,0,26506882,28.78
17/05/2018,0,0,23.7(0.00 %),0,0,0,0,26506882,28.78
18/05/2018,0,0,23.7(0.00 %),0,0,0,0,26506882,28.78
21/05/2018,-2200,-50820000,23(-2.95 %),0,0,2200,50820000,26506882,28.78
22/05/2018,0,0,23.3(1.30 %),12200,280600000,12200,280600000,26506882,28.78
23/05/2018,0,0,23(-1.29 %),0,0,0,0,26506882,28.78
24/05/2018,100,2320000,23.2(0.87 %),100,2320000,0,0,26508982,28.78
25/05/2018,0,0,23(-0.86 %),0,0,0,0,26508982,28.78
28/05/2018,-50100,-1152300000,23(0.00 %),0,0,50100,1152300000,26508982,28.78
29/05/2018,-8000,-184000000,23(0.00 %),0,0,8000,184000000,26508982,28.78
30/05/2018,-2000,-46000000,23(0.00 %),0,0,2000,46000000,26508982,28.78
31/05/2018,-78000,-1754030000,25(8.70 %),20000,500000000,98000,2254030000,26539082,28.75
01/06/2018,5800,144990000,24(-3.23 %),5800,144990000,0,0,26541282,28.75
04/06/2018,0,0,24(0.00 %),0,0,0,0,26543282,28.75
05/06/2018,0,0,23.1(-3.75 %),0,0,0,0,26641282,28.67
06/06/2018,0,0,23(-0.43 %),0,0,0,0,26641282,28.67
07/06/2018,0,0,23.7(3.04 %),0,0,0,0,26641282,28.67
08/06/2018,0,0,23.7(0.00 %),0,0,0,0,26641282,28.67
11/06/2018,0,0,23.7(0.00 %),0,0,0,0,26641282,28.67
12/06/2018,0,0,23.5(-0.84 %),0,0,0,0,26641282,28.67
13/06/2018,0,0,23(-2.13 %),0,0,0,0,26641282,28.67
14/06/2018,-5400,-124200000,23.1(0.43 %),0,0,5400,124200000,26641282,28.67
15/06/2018,-5800,-133400000,23.4(1.30 %),0,0,5800,133400000,26641282,28.67
18/06/2018,0,0,23.4(0.00 %),0,0,0,0,26641282,28.67
19/06/2018,0,0,22.2(-5.13 %),0,0,0,0,26646682,28.67
20/06/2018,-3705,-80027500,23.8(7.21 %),0,0,3705,80027500,26652482,28.67
21/06/2018,-7200,-165600000,23(-3.36 %),0,0,7200,165600000,26652482,28.67
22/06/2018,-2200,-50600000,23(0.00 %),0,0,2200,50600000,26652482,28.67
25/06/2018,0,0,22.9(-0.43 %),0,0,0,0,26656187,28.66
26/06/2018,-500,-11450000,22.9(0.00 %),0,0,500,11450000,26663387,28.66
27/06/2018,-10500,-239600000,23(0.44 %),0,0,10500,239600000,26665587,28.66
28/06/2018,7200,180000000,25(8.70 %),12200,305000000,5000,125000000,26653387,28.67
29/06/2018,26500,675750000,25.5(2.00 %),30000,765000000,3500,89250000,26623887,28.69
02/07/2018,0,0,23.2(-9.02 %),0,0,0,0,26634387,28.68
03/07/2018,0,0,23(-0.86 %),0,0,0,0,26639387,28.68
04/07/2018,0,0,22.2(-3.48 %),0,0,0,0,26642887,28.67
05/07/2018,0,0,22.8(2.70 %),0,0,0,0,26642887,28.67
06/07/2018,0,0,22.8(0.00 %),0,0,0,0,26642887,28.67
09/07/2018,0,0,22.7(-0.44 %),0,0,0,0,26642887,28.67
10/07/2018,0,0,22.7(0.00 %),0,0,0,0,26642887,28.67
11/07/2018,0,0,22.6(-0.44 %),0,0,0,0,26642887,28.67
12/07/2018,0,0,23.4(3.54 %),0,0,0,0,26642887,28.67
13/07/2018,0,0,23.2(-0.85 %),0,0,0,0,26642887,28.67
16/07/2018,-2000,-46000000,23(-0.86 %),0,0,2000,46000000,26642887,28.67
17/07/2018,0,0,22.6(-1.74 %),0,0,0,0,26642887,28.67
18/07/2018,0,0,22.9(1.33 %),0,0,0,0,26642887,28.67
19/07/2018,-200,-4480000,22.4(-2.18 %),0,0,200,4480000,26644887,28.67
20/07/2018,0,0,22.2(-0.89 %),0,0,0,0,26644887,28.67
23/07/2018,0,0,22.8(2.70 %),0,0,0,0,26644887,28.67
24/07/2018,0,0,22.8(0.00 %),0,0,0,0,26645087,28.67
25/07/2018,0,0,22.8(0.00 %),0,0,0,0,26645087,28.67
26/07/2018,0,0,22.8(0.00 %),0,0,0,0,26645087,28.67
27/07/2018,0,0,22.8(0.00 %),0,0,0,0,26645087,28.67
30/07/2018,0,0,22.8(0.00 %),0,0,0,0,26645087,28.67
31/07/2018,21000,483000000,22.5(-1.32 %),30000,690000000,9000,207000000,26624087,28.69
01/08/2018,0,0,22.5(-2.17 %),0,0,0,0,26615087,28.69
02/08/2018,0,0,22.5(0.00 %),0,0,0,0,26615087,28.69
03/08/2018,0,0,22.8(1.33 %),0,0,0,0,26624087,28.69
06/08/2018,0,0,22.9(0.44 %),0,0,0,0,26624087,28.69
07/08/2018,-100,-2220000,22.9(0.00 %),0,0,100,2220000,26624087,28.69
08/08/2018,100,2280000,22.8(-0.44 %),100,2280000,0,0,26623987,28.69
09/08/2018,-3000,-67500000,22.5(-1.32 %),0,0,3000,67500000,26623987,28.69
10/08/2018,0,0,22.5(0.00 %),0,0,0,0,26624087,28.69
13/08/2018,0,0,22.4(-0.44 %),0,0,0,0,26624087,28.69
14/08/2018,0,0,22.3(-0.45 %),0,0,0,0,26627087,28.69
15/08/2018,-100,-2250000,22.4(0.45 %),0,0,100,2250000,26627087,28.69
16/08/2018,0,0,22.4(0.00 %),0,0,0,0,26627087,28.69
17/08/2018,-29600,-652500000,22(-1.79 %),0,0,29600,652500000,26627087,28.69
20/08/2018,-6800,-149600000,21.9(-0.45 %),0,0,6800,149600000,26627187,28.69
21/08/2018,0,0,21.7(-0.91 %),0,0,0,0,26627187,28.69
22/08/2018,-100,-2200000,21.7(0.00 %),0,0,100,2200000,26656787,28.66
23/08/2018,0,0,21.7(0.00 %),0,0,0,0,26663587,28.66
24/08/2018,-11000,-242000000,22(1.38 %),0,0,11000,242000000,26663587,28.66
27/08/2018,-1500,-32900000,22(0.00 %),5000,110500000,6500,143400000,26658687,28.66
28/08/2018,0,0,22(0.00 %),0,0,0,0,26658687,28.66
29/08/2018,4500,98000000,21.8(-0.91 %),5000,109000000,500,11000000,26664687,28.66
30/08/2018,-100,-2200000,22(0.92 %),0,0,100,2200000,26671187,28.65
31/08/2018,12700,292100000,23(4.55 %),20000,460000000,7300,167900000,26651187,28.67
04/09/2018,-1560,-34146000,21.9(-4.78 %),0,0,1560,34146000,26651687,28.67
05/09/2018,0,0,22.2(1.37 %),3800,83480000,3800,83480000,26647987,28.67
06/09/2018,-1900,-41780000,22(-0.90 %),100,2220000,2000,44000000,26655187,28.66
07/09/2018,0,0,22(0.00 %),300,6600000,300,6600000,26656447,28.66
10/09/2018,-1000,-22000000,22(0.00 %),3600,79200000,4600,101200000,26656647,28.66
11/09/2018,0,0,22(0.00 %),0,0,0,0,26658647,28.66
12/09/2018,0,0,22(0.00 %),0,0,0,0,26658947,28.66
13/09/2018,0,0,22(0.00 %),0,0,0,0,26663547,28.66
14/09/2018,-5,-108000,22.5(2.27 %),0,0,5,108000,26663547,28.66
17/09/2018,-800,-17600000,22(-2.22 %),0,0,800,17600000,26663547,28.66
18/09/2018,1200,26160000,22(0.00 %),1200,26160000,0,0,26662347,28.66
19/09/2018,0,0,22.1(0.45 %),0,0,0,0,26662352,28.66
20/09/2018,-12200,-268590000,22(-0.45 %),0,0,12200,268590000,26663152,28.66
21/09/2018,0,0,22.8(3.64 %),0,0,0,0,26663152,28.66
24/09/2018,0,0,22.8(0.00 %),0,0,0,0,26663152,28.66
25/09/2018,0,0,22.6(-0.88 %),0,0,0,0,26675352,28.65
26/09/2018,0,0,22.6(0.00 %),0,0,0,0,26675352,28.65
27/09/2018,-500,-11000000,22.8(0.88 %),0,0,500,11000000,26675352,28.65
28/09/2018,19000,435400000,23(0.88 %),19000,435400000,0,0,26656352,28.66
01/10/2018,0,0,22.9(-0.43 %),0,0,0,0,26656352,28.66
02/10/2018,0,0,22(-3.93 %),0,0,0,0,26656852,28.66
03/10/2018,0,0,22.4(1.82 %),0,0,0,0,26656852,28.66
04/10/2018,100,2220000,22(-1.79 %),100,2220000,0,0,26656752,28.66
05/10/2018,0,0,22.2(0.91 %),0,0,0,0,26656752,28.66
08/10/2018,0,0,22(-0.90 %),0,0,0,0,26656752,28.66
09/10/2018,0,0,22(0.00 %),0,0,0,0,26656752,28.66
10/10/2018,0,0,22.7(3.18 %),0,0,0,0,26656752,28.66
11/10/2018,6200,136880000,22(-3.08 %),6200,136880000,0,0,26650552,28.67
12/10/2018,0,0,22(0.00 %),0,0,0,0,26650552,28.67
15/10/2018,0,0,22(0.00 %),0,0,0,0,26650552,28.67
16/10/2018,0,0,22(0.00 %),0,0,0,0,26650552,28.67
17/10/2018,0,0,22(0.00 %),0,0,0,0,26650552,28.67
18/10/2018,0,0,22(0.00 %),0,0,0,0,26650552,28.67
19/10/2018,0,0,21.7(-1.36 %),0,0,0,0,26650552,28.67
22/10/2018,0,0,21.6(-0.46 %),0,0,0,0,26650552,28.67
23/10/2018,0,0,21.9(1.39 %),0,0,0,0,26650552,28.67
24/10/2018,0,0,22(0.46 %),0,0,0,0,26650552,28.67
25/10/2018,-2800,-57680000,22(0.00 %),0,0,2800,57680000,26650552,28.67
26/10/2018,0,0,22(0.00 %),0,0,0,0,26650552,28.67
29/10/2018,-2500,-53720000,21.9(-0.45 %),100,2180000,2600,55900000,26650452,28.67
30/10/2018,0,0,21.9(0.00 %),0,0,0,0,26653252,28.67
31/10/2018,0,0,22(0.46 %),0,0,0,0,26653252,28.67
01/11/2018,0,0,22(0.00 %),0,0,0,0,26655852,28.66
02/11/2018,-100,-2200000,22(0.00 %),0,0,100,2200000,26655852,28.66
05/11/2018,0,0,21.1(-4.09 %),0,0,0,0,26655852,28.66
06/11/2018,0,0,22(4.27 %),0,0,0,0,26655852,28.66
07/11/2018,0,0,22(0.00 %),0,0,0,0,26655952,28.66
08/11/2018,0,0,21.8(-0.91 %),0,0,0,0,26655952,28.66
09/11/2018,-100,-2040000,21.9(0.46 %),0,0,100,2040000,26655952,28.66
12/11/2018,0,0,21(-4.11 %),0,0,0,0,26655952,28.66
13/11/2018,0,0,22(4.76 %),0,0,0,0,26655952,28.66
14/11/2018,0,0,22(0.00 %),0,0,0,0,26656052,28.66
15/11/2018,0,0,22(0.00 %),0,0,0,0,26656052,28.66
16/11/2018,-300,-6450000,23(4.55 %),0,0,300,6450000,26656052,28.66
19/11/2018,0,0,22.9(-0.43 %),0,0,0,0,26656052,28.66
20/11/2018,-5600,-120510000,22.5(-1.75 %),0,0,5600,120510000,26656052,28.66
21/11/2018,-5400,-113910000,22(-2.22 %),0,0,5400,113910000,26656352,28.66
22/11/2018,0,0,22(0.00 %),0,0,0,0,26656352,28.66
23/11/2018,0,0,22(0.00 %),0,0,0,0,26661952,28.66
26/11/2018,0,0,22(0.00 %),0,0,0,0,26667352,28.66
27/11/2018,-100,-2300000,23(4.55 %),0,0,100,2300000,26667352,28.66
28/11/2018,0,0,23(0.00 %),0,0,0,0,26667352,28.66
29/11/2018,-800,-16680000,22.4(-2.61 %),0,0,800,16680000,26667352,28.66
03/12/2018,0,0,23.5(0.00 %),0,0,0,0,26667452,28.65
04/12/2018,0,0,22.3(-5.11 %),0,0,0,0,26668252,28.65
05/12/2018,0,0,22(-1.35 %),0,0,0,0,26668452,28.65
06/12/2018,0,0,22(0.00 %),0,0,0,0,26668452,28.65
07/12/2018,0,0,22.5(2.27 %),0,0,0,0,26668452,28.65
10/12/2018,0,0,22.5(0.00 %),0,0,0,0,26668452,28.65
11/12/2018,0,0,22.5(0.00 %),0,0,0,0,26668452,28.65
12/12/2018,0,0,24.1(7.11 %),0,0,0,0,26668452,28.65
13/12/2018,0,0,24.1(0.00 %),0,0,0,0,26668452,28.65
14/12/2018,0,0,24.1(0.00 %),0,0,0,0,26668452,28.65
17/12/2018,0,0,22(-8.71 %),0,0,0,0,26668452,28.65
18/12/2018,0,0,22(0.00 %),0,0,0,0,26668452,28.65
19/12/2018,0,0,22(0.00 %),0,0,0,0,26668452,28.65
20/12/2018,0,0,22(0.00 %),0,0,0,0,26668452,28.65
21/12/2018,0,0,22.7(3.18 %),0,0,0,0,26668452,28.65
24/12/2018,0,0,22.7(0.00 %),0,0,0,0,26668452,28.65
25/12/2018,0,0,22.7(0.00 %),0,0,0,0,26668452,28.65
26/12/2018,0,0,22.7(0.00 %),0,0,0,0,26668452,28.65
27/12/2018,-390,-8182000,22.9(0.88 %),0,0,390,8182000,26668452,28.65
28/12/2018,14930,355509000,23.8(3.93 %),15000,357000000,70,1491000,26653452,28.67
02/01/2019,0,0,23.8(0.00 %),0,0,0,0,26653452,28.67
03/01/2019,0,0,21.8(-8.40 %),0,0,0,0,26653452,28.67
04/01/2019,0,0,21.8(0.00 %),0,0,0,0,26653452,28.67
07/01/2019,0,0,21.8(0.00 %),0,0,0,0,26653452,28.67
08/01/2019,-200,-4200000,21(-3.67 %),0,0,200,4200000,26653652,28.67
09/01/2019,0,0,21.1(0.48 %),0,0,0,0,26653652,28.67
10/01/2019,-7600,-157420000,21.8(3.32 %),0,0,7600,157420000,26661252,28.66
11/01/2019,0,0,21.8(0.00 %),0,0,0,0,26661252,28.66
14/01/2019,0,0,21.8(0.00 %),0,0,0,0,26661252,28.66
15/01/2019,6800,151580000,22.3(2.29 %),6800,151580000,0,0,26654452,28.66
16/01/2019,500,10750000,21.5(-3.59 %),500,10750000,0,0,26653952,28.67
17/01/2019,0,0,21.5(0.00 %),0,0,0,0,26653952,28.67
18/01/2019,-7500,-157300000,21.7(0.93 %),500,10700000,8000,168000000,26661452,28.66
21/01/2019,-100,-2150000,21.5(-0.92 %),0,0,100,2150000,26661552,0.0
22/01/2019,500,10750000,21.5(0.00 %),500,10750000,0,0,26661052,28.66
23/01/2019,0,0,21.4(-0.47 %),0,0,0,0,26661052,28.66
24/01/2019,-500,-10380000,22.5(5.14 %),0,0,500,10380000,26661552,0.0
25/01/2019,-6200,-127720000,20.6(-8.44 %),0,0,6200,127720000,26667752,28.65
28/01/2019,0,0,22(6.80 %),0,0,0,0,26667752,0.0
29/01/2019,-80000,-1600260000,21.9(-0.45 %),100,2200000,80100,1602460000,26747752,28.59
30/01/2019,6200,138760000,20.6(-5.94 %),6200,138760000,0,0,26741552,0.0
31/01/2019,0,0,21.9(6.31 %),0,0,0,0,26741552,28.6
01/02/2019,0,0,21.1(-3.65 %),0,0,0,0,26661912,28.66
11/02/2019,-11300,-221390000,20.7(-1.90 %),0,0,11300,221390000,26673212,28.65
12/02/2019,-7100,-142860000,20.4(-1.45 %),0,0,7100,142860000,26680312,28.65
13/02/2019,-800,-16320000,20.4(0.00 %),100,2040000,900,18360000,26681112,28.64
14/02/2019,4200,84670000,20.3(-0.49 %),5900,119180000,1700,34510000,26676912,28.65
15/02/2019,0,0,20.1(-0.99 %),0,0,0,0,26676912,28.65
18/02/2019,-65900,-1317350000,20(-0.50 %),0,0,65900,1317350000,26742812,28.6
19/02/2019,-200,-3980000,21.1(5.50 %),3700,73630000,3900,77610000,26743012,28.6
20/02/2019,3900,83170000,21.1(0.00 %),4700,99170000,800,16000000,26739112,28.6
21/02/2019,-3200,-63910000,21.1(0.00 %),5300,105470000,8500,169380000,26742312,28.6
22/02/2019,0,0,20.8(-1.42 %),0,0,0,0,26742312,0.05
25/02/2019,-9500,-190080000,20(-3.85 %),500,10450000,10000,200530000,26751812,28.59
26/02/2019,0,0,20.1(0.50 %),0,0,0,0,26751812,28.59
27/02/2019,0,0,20.1(0.00 %),0,0,0,0,26751812,28.59
28/02/2019,0,0,20(-0.50 %),0,0,0,0,26751812,28.59
01/03/2019,0,0,20.5(2.50 %),0,0,0,0,26831912,28.53
04/03/2019,0,0,20.2(-1.46 %),0,0,0,0,26831912,28.53
05/03/2019,0,0,20.2(0.00 %),0,0,0,0,26831912,0.0
06/03/2019,0,0,20.1(-0.50 %),0,0,0,0,26831912,28.53
07/03/2019,-30000,-603000000,20.1(0.00 %),0,0,30000,603000000,26861912,0.0
08/03/2019,0,0,20.8(3.48 %),0,0,0,0,26861912,0.0
11/03/2019,0,0,20.8(0.00 %),0,0,0,0,26861912,0.0
12/03/2019,0,0,20.8(0.00 %),0,0,0,0,26861912,28.51
13/03/2019,0,0,20.5(-1.44 %),0,0,0,0,26861912,28.51
14/03/2019,0,0,20.5(0.00 %),0,0,0,0,26861912,28.51
15/03/2019,100,2020000,20.9(1.95 %),100,2020000,0,0,26861812,0.0
18/03/2019,0,0,21(0.48 %),0,0,0,0,26861812,28.51
19/03/2019,0,0,21(0.00 %),0,0,0,0,26861812,28.51
20/03/2019,-20,-404000,20.5(-2.38 %),0,0,20,404000,26861832,0.0
21/03/2019,0,0,20.5(0.00 %),0,0,0,0,26861832,28.51
22/03/2019,0,0,21(2.44 %),0,0,0,0,26861832,28.51
25/03/2019,625,13117500,20(-4.76 %),625,13117500,0,0,26861207,0.0
26/03/2019,-200,-4000000,20(0.00 %),0,0,200,4000000,26861407,28.51
27/03/2019,300,6300000,21(5.00 %),300,6300000,0,0,26861107,28.51
28/03/2019,0,0,21(0.00 %),0,0,0,0,26861107,28.51
29/03/2019,0,0,21.1(0.48 %),0,0,0,0,26861107,28.51
01/04/2019,-100,-2110000,21.1(0.00 %),0,0,100,2110000,26861107,28.51
02/04/2019,0,0,21.1(0.00 %),0,0,0,0,26861107,28.51
03/04/2019,0,0,21.1(0.00 %),0,0,0,0,26861107,28.51
04/04/2019,0,0,21.1(0.00 %),0,0,0,0,26861107,28.51
05/04/2019,-100,-2110000,21.1(0.00 %),100,2110000,200,4220000,26861207,28.51
08/04/2019,0,0,20.1(-4.74 %),0,0,0,0,26861207,28.51
09/04/2019,0,0,21(4.48 %),0,0,0,0,26861207,28.51
10/04/2019,0,0,21(0.00 %),500,10300000,500,10300000,26861207,28.51
11/04/2019,100,2090000,21.1(0.48 %),1700,35700000,1600,33610000,26861107,28.51
12/04/2019,0,0,21.1(0.00 %),3300,69630000,3300,69630000,26861107,28.51
16/04/2019,400,8290000,20.8(-1.42 %),500,10400000,100,2110000,26860707,0.0
17/04/2019,-200,-4220000,22.5(8.17 %),5100,106850000,5300,111070000,26860907,28.51
18/04/2019,0,0,22.5(0.00 %),0,0,0,0,26860907,28.51
19/04/2019,0,0,22.5(0.00 %),0,0,0,0,26860907,28.51
22/04/2019,0,0,22.5(0.00 %),0,0,0,0,26860907,28.51
23/04/2019,0,0,22.5(0.00 %),0,0,0,0,26860907,28.51
24/04/2019,0,0,22.1(-1.78 %),9000,189000000,9000,189000000,26860907,28.51
25/04/2019,0,0,22.1(0.00 %),0,0,0,0,26860907,28.51
26/04/2019,1300,27400000,21(-4.98 %),1300,27400000,0,0,26859607,28.51
02/05/2019,200,4200000,21(0.00 %),200,4200000,0,0,26859507,0.0
03/05/2019,0,0,21(0.00 %),2500,52500000,2500,52500000,26859507,28.51
06/05/2019,-270,-5060000,20.5(-2.38 %),900,18450000,1170,23510000,26859777,28.51
07/05/2019,100,2050000,22(7.32 %),100,2050000,0,0,26859677,28.51
08/05/2019,0,0,22(0.00 %),0,0,0,0,26859677,28.51
09/05/2019,0,0,20.5(-6.82 %),0,0,0,0,26859677,28.51
10/05/2019,200,4160000,20.8(1.46 %),200,4160000,0,0,26859477,28.51
13/05/2019,-100,-2080000,20.8(0.00 %),0,0,100,2080000,26859577,28.51
14/05/2019,600,12480000,20.8(0.00 %),600,12480000,0,0,26858977,28.51
15/05/2019,-200,-4160000,20.8(0.00 %),20000,416000000,20200,420160000,26859177,28.51
16/05/2019,0,0,20.9(0.48 %),500,10400000,500,10400000,26859177,28.51
17/05/2019,0,0,21.1(0.96 %),0,0,0,0,26859177,28.51
20/05/2019,0,0,21.1(0.00 %),0,0,0,0,26859177,28.51
27/05/2019,0,0,21.7(0.00 %),0,0,0,0,26859177,28.51
28/05/2019,0,0,21.7(0.00 %),0,0,0,0,26859177,28.51
29/05/2019,0,0,21.7(0.00 %),0,0,0,0,26859177,28.51
30/05/2019,0,0,21.7(0.00 %),0,0,0,0,26859177,28.51
31/05/2019,0,0,21.7(0.00 %),0,0,0,0,26859177,28.51
03/06/2019,2000,42000000,21(-3.23 %),2000,42000000,0,0,26859637,28.51
04/06/2019,-50,-1005000,21(0.00 %),0,0,50,1005000,26859637,28.51
05/06/2019,210,4410000,21(0.00 %),210,4410000,0,0,26859427,28.51
06/06/2019,0,0,21(0.00 %),0,0,0,0,26859427,28.51
07/06/2019,0,0,21.5(2.38 %),0,0,0,0,26859427,28.51
10/06/2019,0,0,21.5(0.00 %),0,0,0,0,26859427,28.51
11/06/2019,0,0,21.5(0.00 %),0,0,0,0,26859427,28.51
12/06/2019,0,0,21.3(-0.93 %),0,0,0,0,26859427,28.51
13/06/2019,0,0,21.9(2.82 %),0,0,0,0,26859427,28.51
14/06/2019,0,0,21.9(0.00 %),0,0,0,0,26859427,28.51
17/06/2019,10,220000,22(0.46 %),10,220000,0,0,26859417,28.51
18/06/2019,0,0,21.3(-3.18 %),0,0,0,0,26859417,28.51
19/06/2019,0,0,21.5(0.94 %),0,0,0,0,26859417,28.51
20/06/2019,20,438000,21.7(0.93 %),20,438000,0,0,26859397,28.51
21/06/2019,-1300,-28600000,22(1.38 %),0,0,1300,28600000,26860697,28.51
24/06/2019,0,0,22(0.00 %),0,0,0,0,26860697,28.51
25/06/2019,0,0,22(0.00 %),0,0,0,0,26860697,28.51
26/06/2019,-1100,-24200000,22(0.00 %),0,0,1100,24200000,26861797,28.51
27/06/2019,0,0,21.9(5.29 %),0,0,0,0,26861797,28.51
28/06/2019,0,0,19.8(-9.59 %),0,0,0,0,26861797,0.0
01/07/2019,3000,60600000,20.2(2.02 %),3000,60600000,0,0,26861797,28.51
02/07/2019,0,0,20.2(0.00 %),0,0,0,0,26861797,28.51
03/07/2019,0,0,20.6(1.98 %),0,0,0,0,26861797,28.51
04/07/2019,0,0,20.6(0.00 %),0,0,0,0,26861797,0.0
05/07/2019,0,0,20.7(0.49 %),0,0,0,0,26861797,28.51
08/07/2019,0,0,20.7(0.00 %),0,0,0,0,26861797,28.51
09/07/2019,0,0,20.7(0.00 %),0,0,0,0,26861797,28.51
10/07/2019,0,0,20.9(0.97 %),0,0,0,0,26861797,28.51
11/07/2019,0,0,21.8(4.31 %),0,0,0,0,26861797,28.51
12/07/2019,0,0,21.8(0.00 %),0,0,0,0,26861797,28.51
15/07/2019,0,0,21.8(0.00 %),0,0,0,0,26861797,28.51
16/07/2019,0,0,21.8(0.00 %),0,0,0,0,26861797,28.51
17/07/2019,0,0,21.8(0.00 %),0,0,0,0,26861797,28.51
18/07/2019,0,0,21.8(0.00 %),0,0,0,0,26861797,28.51
19/07/2019,0,0,21.8(0.00 %),0,0,0,0,26861797,28.51
22/07/2019,0,0,21.8(0.00 %),0,0,0,0,26861797,28.51
23/07/2019,0,0,21.8(0.00 %),0,0,0,0,26861797,28.51
24/07/2019,10,218000,21.8(0.00 %),10,218000,0,0,26861787,28.51
25/07/2019,0,0,21.8(0.00 %),0,0,0,0,26861787,28.51
26/07/2019,0,0,21.8(0.00 %),0,0,0,0,26861787,28.51
29/07/2019,0,0,20.1(-7.80 %),0,0,0,0,26861787,28.51
30/07/2019,-9700,-195150000,20.1(0.00 %),500,10100000,10200,205250000,26871487,28.5
31/07/2019,-5000,-101700000,20.5(1.99 %),500,10050000,5500,111750000,26876487,28.5
01/08/2019,0,0,20.1(-1.95 %),0,0,0,0,26857787,28.51
02/08/2019,-100,-2030000,20.3(1.00 %),0,0,100,2030000,26857887,28.51
05/08/2019,100,2080000,20.8(2.46 %),100,2080000,0,0,26857787,28.51
06/08/2019,-400,-8010000,20(-3.85 %),0,0,400,8010000,26858187,28.51
07/08/2019,-600,-12060000,20.1(0.50 %),0,0,600,12060000,26858787,28.51
08/08/2019,-1000,-20470000,20.5(1.99 %),0,0,1000,20470000,26859787,28.51
09/08/2019,0,0,20.5(0.00 %),0,0,0,0,26859787,28.51
12/08/2019,-100,-2030000,20.3(-0.98 %),0,0,100,2030000,26859887,28.51
13/08/2019,-2300,-46020000,20(-1.48 %),0,0,2300,46020000,26862187,0.01
14/08/2019,400,7960000,19.9(-0.50 %),400,7960000,0,0,26861787,0.01
15/08/2019,100,1960000,19.6(-1.51 %),100,1960000,0,0,26861687,0.01
16/08/2019,300,5880000,20.4(4.08 %),300,5880000,0,0,26861387,28.51
19/08/2019,0,0,20.3(-0.49 %),0,0,0,0,26861387,28.51
20/08/2019,0,0,20.3(0.00 %),0,0,0,0,26861387,28.51
21/08/2019,10,203000,19.8(-2.46 %),10,203000,0,0,26861377,28.51
22/08/2019,0,0,20.4(3.03 %),0,0,0,0,26861377,28.51
23/08/2019,100,2030000,20.3(-0.49 %),100,2030000,0,0,26861277,28.51
26/08/2019,0,0,20.3(0.00 %),0,0,0,0,26861277,28.51
27/08/2019,10,199000,20.5(0.99 %),10,199000,0,0,26861267,28.51
28/08/2019,100,2050000,20.5(0.00 %),100,2050000,0,0,26861167,0.01
29/08/2019,0,0,20.4(-0.49 %),0,0,0,0,26861167,28.51
30/08/2019,0,0,20.4(0.00 %),0,0,0,0,26861167,28.51
03/09/2019,6,122400,20.4(0.00 %),6,122400,0,0,26876867,28.5
04/09/2019,0,0,20.4(0.00 %),0,0,0,0,26876867,28.5
05/09/2019,0,0,20.4(0.00 %),0,0,0,0,26876867,28.5
06/09/2019,0,0,20.4(0.00 %),0,0,0,0,26876867,28.5
09/09/2019,0,0,20.4(0.00 %),0,0,0,0,26876867,28.5
10/09/2019,0,0,20.4(0.00 %),0,0,0,0,26876867,28.5
11/09/2019,0,0,20.4(0.00 %),0,0,0,0,26876867,28.5
12/09/2019,0,0,20.7(1.47 %),0,0,0,0,26876867,28.5
13/09/2019,0,0,20.6(-0.48 %),0,0,0,0,26876867,0.0
16/09/2019,0,0,20.6(0.00 %),0,0,0,0,26876867,28.5
17/09/2019,0,0,20.9(1.46 %),0,0,0,0,26876867,28.5
18/09/2019,0,0,20.9(0.00 %),0,0,0,0,26876867,28.5
19/09/2019,500,9850000,20.7(-0.96 %),500,9850000,0,0,26876367,28.5
20/09/2019,100,2000000,20(-3.38 %),100,2000000,0,0,26876267,28.5
23/09/2019,0,0,20(0.00 %),0,0,0,0,26876267,28.5
24/09/2019,800,16000000,19.7(-1.50 %),1100,22000000,300,6000000,26875467,28.5
25/09/2019,0,0,19.7(0.00 %),0,0,0,0,26875467,28.5
26/09/2019,0,0,20(1.52 %),0,0,0,0,26875467,28.5
27/09/2019,0,0,19.9(-0.50 %),0,0,0,0,26875467,28.5
30/09/2019,0,0,20(0.50 %),0,0,0,0,26875467,28.5
01/10/2019,-2900,-56850000,19.6(-2.00 %),0,0,2900,56850000,26875461,28.5
02/10/2019,-200,-3900000,19.5(-0.51 %),600,11700000,800,15600000,26875661,28.5
03/10/2019,-300,-5820000,19.2(-1.54 %),0,0,300,5820000,26875961,28.5
04/10/2019,0,0,19.2(0.00 %),0,0,0,0,26875961,28.5
07/10/2019,-1800,-34350000,19(-1.04 %),0,0,1800,34350000,26877761,28.49
08/10/2019,-600,-11400000,19(0.00 %),0,0,600,11400000,26878361,28.49
09/10/2019,-1600,-30400000,19(0.00 %),0,0,1600,30400000,26879961,28.49
10/10/2019,0,0,19.4(2.11 %),0,0,0,0,26879961,28.49
11/10/2019,0,0,19.4(0.00 %),0,0,0,0,26879961,28.49
14/10/2019,0,0,18.8(-3.09 %),0,0,0,0,26879961,28.49
15/10/2019,-900,-16720000,19(1.06 %),900,17250000,1800,33970000,26880861,28.49
16/10/2019,-1500,-27060000,17.9(-5.79 %),400,7600000,1900,34660000,26882361,28.49
17/10/2019,200,3800000,19(6.15 %),200,3800000,0,0,26882161,28.49
18/10/2019,0,0,19(0.00 %),0,0,0,0,26882161,28.49
21/10/2019,0,0,18.1(-4.74 %),0,0,0,0,26882161,28.49
22/10/2019,0,0,18.1(0.00 %),0,0,0,0,26882161,28.49
23/10/2019,0,0,18.1(0.00 %),0,0,0,0,26882161,28.49
24/10/2019,0,0,18.7(3.31 %),0,0,0,0,26882161,28.49
25/10/2019,0,0,18.7(0.00 %),0,0,0,0,26882161,28.49
28/10/2019,0,0,18.7(0.00 %),0,0,0,0,26882161,28.49
29/10/2019,0,0,18.7(0.00 %),0,0,0,0,26882161,28.49
30/10/2019,0,0,18.8(0.53 %),0,0,0,0,26882161,28.49
31/10/2019,100,1900000,19(1.06 %),100,1900000,0,0,26882061,28.49
01/11/2019,0,0,20.5(7.89 %),0,0,0,0,26884961,28.49
04/11/2019,0,0,20.5(0.00 %),0,0,0,0,26884961,28.49
05/11/2019,0,0,20.5(0.00 %),0,0,0,0,26884961,28.49
06/11/2019,0,0,19(-7.32 %),0,0,0,0,26884961,28.49
07/11/2019,-500,-9500000,19(0.00 %),0,0,500,9500000,26885461,28.49
08/11/2019,-1000,-19000000,19(0.00 %),0,0,1000,19000000,26886461,28.49
11/11/2019,0,0,20(5.26 %),0,0,0,0,26886461,28.49
12/11/2019,200,4000000,20(0.00 %),800,16000000,600,12000000,26886261,28.49
13/11/2019,0,0,18.8(-6.00 %),0,0,0,0,26886261,28.49
14/11/2019,-2700,-49990000,18.5(-1.60 %),0,0,2700,49990000,26888961,28.49
15/11/2019,0,0,18.5(0.00 %),0,0,0,0,26888961,28.49
18/11/2019,0,0,18.1(-2.16 %),0,0,0,0,26888961,28.49
19/11/2019,0,0,18.1(0.00 %),0,0,0,0,26888961,28.49
20/11/2019,0,0,18.1(0.00 %),0,0,0,0,26888961,28.49
21/11/2019,0,0,18(-0.55 %),0,0,0,0,26888961,28.49
22/11/2019,-100,-1740000,19(5.56 %),0,0,100,1740000,26889061,28.49
25/11/2019,0,0,19(0.00 %),0,0,0,0,26889061,28.49
26/11/2019,0,0,19(0.00 %),0,0,0,0,26889061,28.49
27/11/2019,0,0,19(0.00 %),0,0,0,0,26889061,28.49
28/11/2019,0,0,18.5(-2.63 %),0,0,0,0,26889061,28.49
29/11/2019,0,0,18(-2.70 %),0,0,0,0,26889061,28.49
02/12/2019,0,0,17.6(-2.22 %),0,0,0,0,26889061,28.49
03/12/2019,0,0,17.6(0.00 %),0,0,0,0,26889061,28.49
04/12/2019,0,0,17(-3.41 %),0,0,0,0,26889061,0.0
05/12/2019,0,0,17(0.00 %),0,0,0,0,26889061,28.49
06/12/2019,200,3400000,17(0.00 %),200,3400000,0,0,26888861,28.49
09/12/2019,0,0,18.1(6.47 %),0,0,0,0,26888861,28.49
10/12/2019,0,0,18(-0.55 %),0,0,0,0,26888861,28.49
11/12/2019,-600,-10200000,17.5(-2.78 %),0,0,600,10200000,26889461,28.49
12/12/2019,0,0,17.5(0.00 %),0,0,0,0,26889461,28.49
13/12/2019,0,0,17.5(0.00 %),0,0,0,0,26889461,28.49
16/12/2019,0,0,17.5(0.00 %),0,0,0,0,26889461,28.49
17/12/2019,-10600,-188060000,17.5(0.00 %),0,0,10600,188060000,26900061,28.48
18/12/2019,-34700,-610220000,17.5(0.00 %),0,0,34700,610220000,26934761,28.45
19/12/2019,-49500,-874880000,17.6(0.57 %),0,0,49500,874880000,26984261,28.41
20/12/2019,-13100,-229870000,17.7(0.57 %),0,0,13100,229870000,26997361,28.4
23/12/2019,-9600,-166420000,17.7(0.00 %),0,0,9600,166420000,27006961,0.0
24/12/2019,-100,-1780000,17.8(0.56 %),0,0,100,1780000,27007061,28.4
25/12/2019,-6950,-129900000,19(6.74 %),0,0,6950,129900000,27014011,28.39
26/12/2019,0,0,20(5.26 %),0,0,0,0,27014011,28.39
27/12/2019,-33100,-664310000,20.1(0.50 %),0,0,33100,664310000,27047111,28.37
30/12/2019,-23100,-467060000,20.3(1.00 %),100,1900000,23200,468960000,27070211,28.35
31/12/2019,-134230,-2762389000,22(8.37 %),0,0,134230,2762389000,27204441,28.25
02/01/2020,0,0,22(0.00 %),0,0,0,0,27047011,28.37
03/01/2020,0,0,22(0.00 %),0,0,0,0,27047011,28.37
06/01/2020,0,0,19.8(-10.00 %),0,0,0,0,27047011,28.37
07/01/2020,0,0,19.8(0.00 %),0,0,0,0,27047011,28.37
08/01/2020,0,0,19.8(0.00 %),0,0,0,0,27047011,28.37
09/01/2020,0,0,19.8(0.00 %),0,0,0,0,27047011,28.37
10/01/2020,0,0,19.8(0.00 %),0,0,0,0,27047011,28.37
13/01/2020,0,0,19.8(0.00 %),0,0,0,0,27047011,28.37
14/01/2020,0,0,19.8(0.00 %),0,0,0,0,27047011,28.37
15/01/2020,0,0,19.8(0.00 %),0,0,0,0,27047011,28.37
16/01/2020,0,0,19.8(0.00 %),0,0,0,0,27204441,28.25
17/01/2020,-200,-4000000,20(1.01 %),0,0,200,4000000,27204441,28.25
20/01/2020,-1300,-23630000,20.2(1.00 %),0,0,1300,23630000,27204441,28.25
21/01/2020,0,0,20.2(0.00 %),0,0,0,0,27204441,28.25
22/01/2020,-600,-12120000,20.2(0.00 %),0,0,600,12120000,27205041,28.24
30/01/2020,0,0,20.2(0.00 %),0,0,0,0,27205041,28.24
31/01/2020,2500,50160000,19.6(-2.97 %),3100,61920000,600,11760000,27202541,28.25
03/02/2020,0,0,19.6(0.00 %),0,0,0,0,27203441,28.25
04/02/2020,0,0,19.6(0.00 %),0,0,0,0,27203441,28.25
05/02/2020,0,0,19.6(0.00 %),0,0,0,0,27203441,28.25
06/02/2020,0,0,19.6(0.00 %),0,0,0,0,27203441,28.25
07/02/2020,0,0,19.6(0.00 %),0,0,0,0,27203441,28.25
10/02/2020,0,0,19.6(0.00 %),0,0,0,0,27203441,28.25
11/02/2020,0,0,18(-8.16 %),0,0,0,0,27203441,28.25
12/02/2020,-900,-16260000,19.8(10.00 %),700,12700000,1600,28960000,27204341,28.25
13/02/2020,0,0,18(-9.09 %),0,0,0,0,27204341,28.25
14/02/2020,0,0,18(0.00 %),0,0,0,0,27204341,28.25
17/02/2020,0,0,17.1(-5.00 %),200,3420000,200,3420000,27204341,28.25
18/02/2020,-2200,-41360000,18.8(9.94 %),0,0,2200,41360000,27206541,28.24
19/02/2020,0,0,18.8(0.00 %),0,0,0,0,27206541,28.24
20/02/2020,0,0,18.8(0.00 %),0,0,0,0,27206541,28.24
21/02/2020,0,0,20(6.38 %),0,0,0,0,27206541,0.0
24/02/2020,-900,-18000000,18.1(-9.50 %),0,0,900,18000000,27207441,0.0
25/02/2020,-195,-3292500,19.5(7.73 %),0,0,195,3292500,27207636,28.24
26/02/2020,-500,-9800000,19.6(0.51 %),0,0,500,9800000,27208136,28.24
27/02/2020,-500,-9850000,19.7(0.51 %),0,0,500,9850000,27208636,28.24
28/02/2020,0,0,20.4(3.55 %),0,0,0,0,27208636,28.24
02/03/2020,0,0,20.4(0.00 %),0,0,0,0,27208736,0.0
03/03/2020,10,200000,20.5(0.49 %),10,200000,0,0,27208726,28.24
04/03/2020,0,0,20.1(-1.95 %),0,0,0,0,27208726,28.24
05/03/2020,0,0,20.5(1.99 %),0,0,0,0,27208726,28.24
06/03/2020,0,0,20.5(0.00 %),0,0,0,0,27208726,28.24
09/03/2020,0,0,20.5(0.00 %),0,0,0,0,27208726,28.24
10/03/2020,-4200,-84420000,20.1(-1.95 %),0,0,4200,84420000,27212926,28.24
11/03/2020,0,0,19.8(-1.49 %),0,0,0,0,27209226,28.24
12/03/2020,0,0,19.8(0.00 %),0,0,0,0,27209226,28.24
13/03/2020,0,0,19.8(0.00 %),0,0,0,0,27209226,28.24
16/03/2020,0,0,19.8(0.00 %),0,0,0,0,27209226,28.24
17/03/2020,0,0,19.8(0.00 %),0,0,0,0,27209226,28.24
18/03/2020,0,0,19.8(0.00 %),0,0,0,0,27209226,28.24
19/03/2020,0,0,19.8(0.00 %),0,0,0,0,27209226,28.24
20/03/2020,0,0,20(1.01 %),0,0,0,0,27209226,28.24
23/03/2020,-500,-9500000,19(-5.00 %),200,3800000,700,13300000,27209726,28.24
24/03/2020,0,0,19(0.00 %),0,0,0,0,27209726,28.24
25/03/2020,-2600,-46800000,19.5(2.63 %),0,0,2600,46800000,27212326,28.24
26/03/2020,100,2000000,20(2.56 %),100,2000000,0,0,27212226,28.24
27/03/2020,0,0,20(0.00 %),0,0,0,0,27212226,28.24
30/03/2020,0,0,20(0.00 %),0,0,0,0,27212226,28.24
31/03/2020,0,0,20(0.00 %),0,0,0,0,27212226,0.0
01/04/2020,0,0,20(0.00 %),0,0,0,0,27216426,28.24
03/04/2020,0,0,20(0.00 %),0,0,0,0,27216426,28.24
06/04/2020,-2000,-37900000,18.9(-5.50 %),0,0,2000,37900000,27218426,28.23
07/04/2020,0,0,18.9(0.00 %),0,0,0,0,27218426,28.23
08/04/2020,0,0,18.9(0.00 %),0,0,0,0,27218426,28.23
09/04/2020,-3700,-69930000,18.9(0.00 %),0,0,3700,69930000,27222126,28.23
10/04/2020,0,0,18.9(0.00 %),0,0,0,0,27222126,0.0
13/04/2020,0,0,19.5(3.17 %),0,0,0,0,27222126,28.23
14/04/2020,0,0,19.6(0.51 %),0,0,0,0,27222126,28.23
15/04/2020,0,0,20(2.04 %),0,0,0,0,27222126,28.23
16/04/2020,0,0,19.9(-0.50 %),0,0,0,0,27222126,28.23
17/04/2020,0,0,19.9(0.00 %),0,0,0,0,27222126,28.23
20/04/2020,0,0,19.8(-0.50 %),0,0,0,0,27222126,28.23
21/04/2020,0,0,19.8(0.00 %),0,0,0,0,27222126,28.23
22/04/2020,100,1990000,19.9(0.51 %),100,1990000,0,0,27222026,28.23
23/04/2020,0,0,19.9(0.00 %),0,0,0,0,27222026,28.23
24/04/2020,0,0,19.8(-0.50 %),0,0,0,0,27222026,28.23
28/04/2020,0,0,18.5(0.00 %),0,0,0,0,27222026,28.23
29/04/2020,0,0,18.5(0.00 %),0,0,0,0,27222026,28.23
04/05/2020,0,0,18.6(0.54 %),0,0,0,0,27222026,28.23
05/05/2020,0,0,18.6(0.00 %),0,0,0,0,27222026,28.23
06/05/2020,0,0,19.8(6.45 %),0,0,0,0,27222026,28.23
07/05/2020,0,0,20(1.01 %),0,0,0,0,27222026,28.23
08/05/2020,0,0,19.9(-0.50 %),0,0,0,0,27222026,28.23
11/05/2020,0,0,19.9(0.00 %),0,0,0,0,27222026,0.0
12/05/2020,0,0,19.9(0.00 %),0,0,0,0,27222026,28.23
13/05/2020,0,0,19(-4.52 %),0,0,0,0,27222026,28.23
14/05/2020,30,575000,19(0.00 %),100,1870000,70,1295000,27221996,28.23
15/05/2020,0,0,19(0.00 %),0,0,0,0,27221996,0.0
18/05/2020,0,0,19(0.00 %),300,5700000,300,5700000,27221996,28.23
19/05/2020,0,0,18.5(-2.63 %),0,0,0,0,27221996,28.23
20/05/2020,100,1810000,18.2(-1.62 %),100,1810000,0,0,27221896,28.23
21/05/2020,100,1900000,19(4.40 %),100,1900000,0,0,27221796,28.23
22/05/2020,0,0,19(0.00 %),0,0,0,0,27221796,28.23
25/05/2020,-100,-1830000,18.5(-2.63 %),0,0,100,1830000,27221896,28.23
26/05/2020,-100,-1830000,18.3(-1.08 %),0,0,100,1830000,27221996,28.23
28/05/2020,10000,198360000,18.6(-1.59 %),10000,198360000,0,0,27211996,28.24
29/05/2020,0,0,18.6(0.00 %),0,0,0,0,27211996,0.0
01/06/2020,0,0,19(2.15 %),0,0,0,0,27211896,28.24
02/06/2020,20,376000,19.2(1.05 %),20,376000,0,0,27211876,28.24
03/06/2020,0,0,19.4(1.04 %),0,0,0,0,27211876,28.24
04/06/2020,0,0,19.5(0.52 %),0,0,0,0,27211876,28.24
05/06/2020,0,0,19.8(1.54 %),0,0,0,0,27211876,28.24
08/06/2020,0,0,19.8(0.00 %),0,0,0,0,27211876,0.0
09/06/2020,0,0,19.9(0.51 %),0,0,0,0,27211876,0.0
10/06/2020,0,0,19.9(0.00 %),0,0,0,0,27211876,28.24
11/06/2020,-1800,-36360000,19.5(-2.01 %),0,0,1800,36360000,27213676,28.24
12/06/2020,0,0,19.9(2.05 %),0,0,0,0,27213676,28.24
15/06/2020,0,0,19.9(0.00 %),0,0,0,0,27213676,28.24
16/06/2020,0,0,19.9(0.00 %),0,0,0,0,27213676,28.24
18/06/2020,-2100,-42020000,21(5.53 %),6500,130000000,8600,172020000,27215776,28.24
19/06/2020,-700,-15450000,22.5(7.14 %),0,0,700,15450000,27216476,28.24
22/06/2020,0,0,20.6(-8.44 %),0,0,0,0,27216476,28.24
23/06/2020,0,0,22.4(8.74 %),0,0,0,0,27216476,28.24
24/06/2020,-10100,-212180000,22.2(-0.89 %),0,0,10100,212180000,27226576,28.23
25/06/2020,0,0,20.6(-7.21 %),0,0,0,0,27226576,28.23
26/06/2020,-500,-10500000,21(1.94 %),0,0,500,10500000,27216476,28.24
29/06/2020,0,0,19(0.00 %),0,0,0,0,27216476,0.01
30/06/2020,0,0,18.6(-2.11 %),0,0,0,0,27216476,28.24
01/07/2020,1400,26600000,19(2.15 %),1400,26600000,0,0,27226576,28.23
02/07/2020,0,0,19(0.00 %),0,0,0,0,27226576,28.23
03/07/2020,0,0,19(0.00 %),0,0,0,0,27226576,28.23
06/07/2020,10400,205120000,20(5.26 %),10400,205120000,0,0,27216176,28.24
07/07/2020,0,0,20(0.00 %),0,0,0,0,27216176,28.24
08/07/2020,0,0,20(0.00 %),0,0,0,0,27216176,28.24
09/07/2020,0,0,19.1(-4.50 %),0,0,0,0,27216176,0.0
10/07/2020,0,0,19(-0.52 %),0,0,0,0,27216176,28.24
13/07/2020,-400,-7240000,18.2(-4.21 %),0,0,400,7240000,27216576,28.24
14/07/2020,0,0,18.2(0.00 %),0,0,0,0,27216576,28.24
15/07/2020,0,0,18.9(3.85 %),0,0,0,0,27216576,28.24
16/07/2020,200,3700000,18.5(-2.12 %),200,3700000,0,0,27216376,28.24
17/07/2020,100,1800000,18.9(2.16 %),100,1800000,0,0,27216276,28.24
20/07/2020,0,0,18.9(0.00 %),0,0,0,0,27216276,0.0
21/07/2020,0,0,18.9(0.00 %),0,0,0,0,27216276,28.24
22/07/2020,0,0,18.7(-1.06 %),0,0,0,0,27216276,28.24
23/07/2020,0,0,18.7(0.00 %),0,0,0,0,27216276,28.24
24/07/2020,200,3640000,18.6(-0.53 %),200,3640000,0,0,27215176,28.24
27/07/2020,2300,40410000,17(-8.60 %),2300,40410000,0,0,27212876,0.0
28/07/2020,400,7000000,18.3(7.65 %),400,7000000,0,0,27212476,28.24
29/07/2020,0,0,18.3(0.00 %),0,0,0,0,27212476,28.24
30/07/2020,0,0,17.9(-2.19 %),0,0,0,0,27212476,28.24
31/07/2020,0,0,18(0.56 %),0,0,0,0,27212476,28.24
03/08/2020,0,0,18.5(2.78 %),0,0,0,0,27212476,28.24
04/08/2020,4200,78120000,18.6(0.54 %),4200,78120000,0,0,27208276,28.24
05/08/2020,0,0,18.6(0.00 %),0,0,0,0,27208276,28.24
06/08/2020,0,0,19(2.15 %),0,0,0,0,27208276,0.0
07/08/2020,0,0,19(0.00 %),0,0,0,0,27208276,28.24
10/08/2020,0,0,19(0.00 %),0,0,0,0,27208276,0.0
11/08/2020,0,0,19(0.00 %),0,0,0,0,27208276,28.24
12/08/2020,0,0,19(0.00 %),0,0,0,0,27208276,28.24
13/08/2020,0,0,18.9(-0.53 %),0,0,0,0,27208276,28.24
14/08/2020,0,0,18.9(0.00 %),0,0,0,0,27208276,28.24
17/08/2020,0,0,18.9(0.00 %),0,0,0,0,27208276,28.24
18/08/2020,0,0,18.9(0.00 %),0,0,0,0,27208276,28.24
19/08/2020,0,0,18.9(0.00 %),0,0,0,0,27208276,28.24
20/08/2020,0,0,18.5(-2.12 %),0,0,0,0,27208276,28.24
21/08/2020,0,0,19(2.70 %),0,0,0,0,27208276,28.24
24/08/2020,0,0,19(0.00 %),0,0,0,0,27208276,28.24
25/08/2020,0,0,19(0.00 %),0,0,0,0,27208276,28.24
26/08/2020,0,0,18.8(-1.05 %),0,0,0,0,27208276,28.24
27/08/2020,0,0,19(1.06 %),0,0,0,0,27208276,28.24
28/08/2020,0,0,18.9(-0.53 %),0,0,0,0,27208276,28.24
31/08/2020,0,0,18.9(0.00 %),0,0,0,0,27208276,28.24
01/09/2020,0,0,19(0.53 %),0,0,0,0,27208276,28.24
03/09/2020,1000,19000000,19(0.00 %),1000,19000000,0,0,27207276,28.24
04/09/2020,3400,64600000,19(0.00 %),3400,64600000,0,0,27203876,28.25
07/09/2020,0,0,19(0.00 %),0,0,0,0,27203876,28.25
08/09/2020,0,0,19(0.00 %),0,0,0,0,27203876,28.25
09/09/2020,0,0,19(0.00 %),0,0,0,0,27203876,28.25
10/09/2020,1700,32300000,19(0.00 %),1700,32300000,0,0,27202176,28.25
11/09/2020,0,0,19(0.00 %),0,0,0,0,27202176,28.25
14/09/2020,0,0,19(0.00 %),0,0,0,0,27202176,28.25
15/09/2020,100,1850000,18.5(-2.63 %),100,1850000,0,0,27202076,28.25
16/09/2020,300,5690000,18.3(-1.08 %),300,5690000,0,0,27201776,28.25
17/09/2020,1300,24000000,18.4(0.55 %),1300,24000000,0,0,27200476,28.25
18/09/2020,0,0,18.8(2.17 %),0,0,0,0,27200476,28.25
21/09/2020,500,9450000,18.8(0.00 %),500,9450000,0,0,27199976,28.25
22/09/2020,2500,46250000,18.5(-1.60 %),2500,46250000,0,0,27197476,0.0
23/09/2020,0,0,18.8(1.62 %),0,0,0,0,27197476,28.25
24/09/2020,0,0,18.8(0.00 %),0,0,0,0,27197476,28.25
25/09/2020,400,7320000,18.8(0.00 %),400,7320000,0,0,27197076,28.25
28/09/2020,0,0,19(1.06 %),0,0,0,0,27197076,28.25
29/09/2020,1600,30380000,18.8(-1.05 %),1600,30380000,0,0,27195476,28.25
30/09/2020,0,0,19.4(3.19 %),0,0,0,0,27195476,28.25
01/10/2020,0,0,19.9(2.58 %),0,0,0,0,27195476,28.25
02/10/2020,0,0,19.9(0.00 %),0,0,0,0,27195476,28.25
05/10/2020,300,5580000,19.9(0.00 %),300,5580000,0,0,27195176,28.25
06/10/2020,0,0,19.9(0.00 %),0,0,0,0,27195176,0.0
07/10/2020,0,0,19.9(0.00 %),0,0,0,0,27195176,28.25
08/10/2020,0,0,19.9(0.00 %),0,0,0,0,27195176,28.25
09/10/2020,0,0,19.4(-2.51 %),0,0,0,0,27195176,28.25
12/10/2020,0,0,19.4(0.00 %),0,0,0,0,27195176,28.25
13/10/2020,0,0,19.4(0.00 %),0,0,0,0,27195176,28.25
14/10/2020,0,0,19.6(1.03 %),0,0,0,0,27195176,28.25
15/10/2020,0,0,19.8(1.02 %),0,0,0,0,27195176,28.25
16/10/2020,0,0,20(1.01 %),0,0,0,0,27195176,28.25
19/10/2020,0,0,20(0.00 %),0,0,0,0,27195176,28.25
20/10/2020,0,0,20(0.00 %),0,0,0,0,27195176,28.25
21/10/2020,0,0,20(0.00 %),0,0,0,0,27195176,28.25
22/10/2020,0,0,20(0.00 %),0,0,0,0,27195176,28.25
23/10/2020,0,0,20(0.00 %),0,0,0,0,27195176,28.25
26/10/2020,500,9550000,19.1(-4.50 %),500,9550000,0,0,27194676,28.25
27/10/2020,-3500,-65660000,18.6(-2.62 %),100,1860000,3600,67520000,27198176,0.0
28/10/2020,0,0,18.6(0.00 %),0,0,0,0,27198176,0.0
29/10/2020,-100,-1880000,19.8(6.45 %),0,0,100,1880000,27198276,28.25
30/10/2020,0,0,19.8(0.00 %),0,0,0,0,27198276,28.25
02/11/2020,0,0,19.8(0.00 %),0,0,0,0,27198176,28.25
03/11/2020,0,0,19.8(0.00 %),0,0,0,0,27198176,28.25
04/11/2020,0,0,19.8(0.00 %),0,0,0,0,27198176,28.25
05/11/2020,0,0,19.8(0.00 %),0,0,0,0,27198176,28.25
06/11/2020,0,0,19.8(0.00 %),0,0,0,0,27198176,28.25
09/11/2020,0,0,20(1.01 %),0,0,0,0,27198176,28.25
10/11/2020,800,15980000,20(0.00 %),800,15980000,0,0,27197376,28.25
11/11/2020,1000,20000000,20(0.00 %),1000,20000000,0,0,27196376,28.25
12/11/2020,0,0,20(0.00 %),0,0,0,0,27196376,28.25
13/11/2020,0,0,20(0.00 %),0,0,0,0,27196376,28.25
16/11/2020,1500,29310000,19.2(-4.00 %),1500,29310000,0,0,27194876,28.25
17/11/2020,0,0,19.2(0.00 %),0,0,0,0,27194876,28.25
18/11/2020,400,7800000,19.5(1.56 %),400,7800000,0,0,27194476,0.0
19/11/2020,0,0,19.5(0.00 %),0,0,0,0,27194476,28.25
20/11/2020,1000,19900000,19(-2.56 %),3000,59500000,2000,39600000,27193476,28.25
24/11/2020,0,0,19.9(0.00 %),0,0,0,0,26521326,28.77
25/11/2020,0,0,19.9(0.00 %),0,0,0,0,26523326,28.76
26/11/2020,0,0,19.9(0.00 %),0,0,0,0,26523326,28.76
30/11/2020,0,0,19.9(0.00 %),0,0,0,0,26523326,28.76
01/12/2020,0,0,19.9(0.00 %),0,0,0,0,26524426,28.76
02/12/2020,-16400,-311600000,19.8(-0.50 %),300,5700000,16700,317300000,26540826,28.75
03/12/2020,0,0,19.8(0.00 %),0,0,0,0,26540826,28.75
04/12/2020,0,0,19.8(0.00 %),0,0,0,0,26540826,28.75
07/12/2020,-20000,-380030000,19(-4.04 %),200,3800000,20200,383830000,26560826,28.74
08/12/2020,0,0,19.3(1.58 %),0,0,0,0,26560826,28.74
09/12/2020,-28100,-538330000,19(-1.55 %),200,3800000,28300,542130000,26588926,28.71
10/12/2020,-5000,-95010000,19(0.00 %),0,0,5000,95010000,26593926,28.71
11/12/2020,0,0,19.7(3.68 %),0,0,0,0,26593926,28.71
14/12/2020,-9000,-171140000,19(-3.55 %),1000,19700000,10000,190840000,26602926,28.7
15/12/2020,-15660,-297512000,19(0.00 %),0,0,15660,297512000,26618586,28.69
16/12/2020,-2600,-49400000,19.4(2.11 %),0,0,2600,49400000,26621186,28.69
17/12/2020,-1000,-19250000,19.5(0.52 %),5400,103800000,6400,123050000,26622186,28.69
18/12/2020,-4092,-77958000,19.5(0.00 %),0,0,4092,77958000,26626278,28.69
21/12/2020,-20400,-392020000,19.5(0.00 %),5000,95000000,25400,487020000,26646678,28.67
22/12/2020,-20000,-380150000,19.5(0.00 %),0,0,20000,380150000,26666678,0.0
23/12/2020,-13190,-253110000,19.5(0.00 %),10,190000,13200,253300000,26679868,28.65
25/12/2020,-11800,-229410000,19.4(2.11 %),3100,60140000,14900,289550000,26691668,28.64
28/12/2020,-185100,-3523500000,19.1(-1.55 %),400,7760000,185500,3531260000,26876768,28.5
29/12/2020,-219000,-4174030000,19.3(1.05 %),0,0,219000,4174030000,27095768,0.0
30/12/2020,-226600,-4383740000,20(3.63 %),400,7720000,227000,4391460000,26690868,28.64
31/12/2020,-195370,-3921551000,20(0.00 %),0,0,195370,3921551000,26886238,0.0
04/01/2021,3700,75750000,21(5.00 %),3700,75750000,0,0,27091668,0.0
05/01/2021,12300,257550000,20.8(-0.95 %),12300,257550000,0,0,27079368,28.34
06/01/2021,4000,81650000,20.4(-1.92 %),4000,81650000,0,0,27075368,28.34
07/01/2021,-2200,-49280000,22.4(9.80 %),100,2240000,2300,51520000,27077568,28.34
08/01/2021,3800,89300000,23.9(6.70 %),3800,89300000,0,0,27073768,28.34
11/01/2021,-3800,-90440000,23.9(0.00 %),200,4760000,4000,95200000,27077568,28.34
12/01/2021,-7900,-186320000,23.9(0.00 %),16100,386600000,24000,572920000,27085468,28.34
13/01/2021,-39000,-983360000,26.2(9.62 %),0,0,39000,983360000,27124468,28.31
14/01/2021,3700,98150000,26.5(1.15 %),3700,98150000,0,0,27120768,28.31
15/01/2021,-9200,-239190000,26.3(-0.75 %),0,0,9200,239190000,27129968,28.3
18/01/2021,-15000,-377260000,25(-4.94 %),0,0,15000,377260000,27144968,28.29
19/01/2021,1100,26280000,23(-8.00 %),1100,26280000,0,0,27143868,28.29
20/01/2021,-4100,-97780000,23.7(3.04 %),700,15980000,4800,113760000,27147968,28.29
21/01/2021,-18000,-432000000,24(1.27 %),0,0,18000,432000000,27165968,28.27
22/01/2021,-12000,-283270000,23.1(-3.75 %),0,0,12000,283270000,27177968,28.27
25/01/2021,500,12000000,23.1(0.00 %),500,12000000,0,0,27177468,28.27
26/01/2021,200,4380000,22(-4.76 %),200,4380000,0,0,27177268,28.27
27/01/2021,800,17540000,22.1(0.45 %),800,17540000,0,0,27176468,28.27
28/01/2021,5500,111580000,19.9(-9.95 %),5500,111580000,0,0,27170968,28.27
29/01/2021,0,0,20.6(3.52 %),0,0,0,0,27170968,28.27
01/02/2021,7200,149760000,20.3(-1.46 %),7200,149760000,0,0,27593338,27.95
02/02/2021,0,0,20.6(1.48 %),0,0,0,0,27593338,27.95
03/02/2021,0,0,21(1.94 %),0,0,0,0,27593338,27.95
04/02/2021,0,0,20.6(-1.90 %),0,0,0,0,27593338,27.95
05/02/2021,0,0,20.5(-0.49 %),0,0,0,0,27593338,27.95
09/02/2021,0,0,20.4(2.00 %),0,0,0,0,27585638,27.95
17/02/2021,4000,83800000,20.9(2.45 %),4000,83800000,0,0,27581638,0.0
18/02/2021,2000,41500000,20.6(-1.44 %),2000,41500000,0,0,27579638,27.96
19/02/2021,800,17200000,21.5(4.37 %),800,17200000,0,0,27578838,27.96
22/02/2021,0,0,22.1(2.79 %),0,0,0,0,27578838,27.96
23/02/2021,0,0,22.6(2.26 %),0,0,0,0,27578838,27.96
24/02/2021,0,0,22.3(-1.33 %),0,0,0,0,27578838,27.96
25/02/2021,0,0,21.5(-3.59 %),0,0,0,0,27578838,27.96
26/02/2021,0,0,21.6(0.47 %),0,0,0,0,27578838,27.96
01/03/2021,0,0,22(1.85 %),0,0,0,0,27578868,27.96
02/03/2021,5300,118120000,22.3(1.36 %),5300,118120000,0,0,27573568,27.96
03/03/2021,2000,45050000,22.4(0.45 %),2000,45050000,0,0,27571568,27.97
04/03/2021,0,0,22.4(0.00 %),0,0,0,0,27571568,27.97
05/03/2021,0,0,22.6(0.89 %),0,0,0,0,27571568,27.97
08/03/2021,0,0,22.8(0.88 %),0,0,0,0,27571568,27.97
09/03/2021,0,0,22.8(0.00 %),0,0,0,0,27571568,27.97
10/03/2021,0,0,23.2(1.75 %),0,0,0,0,27571568,27.97
11/03/2021,-500,-11450000,23.2(0.00 %),0,0,500,11450000,27572068,27.96
12/03/2021,-5000,-114100000,22.9(-1.29 %),0,0,5000,114100000,27577068,27.96
15/03/2021,1400,32200000,22.9(0.00 %),1400,32200000,0,0,27575668,27.96
16/03/2021,0,0,23(0.44 %),0,0,0,0,27575668,27.96
17/03/2021,2000,46000000,23(0.00 %),2000,46000000,0,0,27573668,27.96
18/03/2021,0,0,22.7(-1.30 %),0,0,0,0,27573668,27.96
19/03/2021,-5000,-115740000,23.6(3.96 %),0,0,5000,115740000,27578668,27.96
22/03/2021,100,2490000,24.4(3.39 %),100,2490000,0,0,27573578,27.96
23/03/2021,100,2450000,24.4(0.00 %),100,2450000,0,0,27573478,27.96
24/03/2021,700,16730000,23.8(-2.46 %),700,16730000,0,0,27572778,27.96
25/03/2021,-9300,-223120000,24(0.84 %),700,16700000,10000,239820000,27582078,27.96
26/03/2021,0,0,23.7(-1.25 %),0,0,0,0,27582078,27.96
29/03/2021,-3400,-81740000,24.3(2.53 %),1600,38780000,5000,120520000,27585478,27.95
30/03/2021,1000,24300000,24(-1.23 %),1000,24300000,0,0,27584478,27.96
31/03/2021,-7000,-165030000,23.7(-1.25 %),3000,70700000,10000,235730000,27591478,27.95
01/04/2021,0,0,24(1.27 %),0,0,0,0,27586478,27.95
02/04/2021,1000,24100000,24(0.00 %),1000,24100000,0,0,27585478,27.95
05/04/2021,2000,48850000,24.5(2.08 %),2100,51270000,100,2420000,27583478,27.96
06/04/2021,0,0,24.7(0.82 %),0,0,0,0,27583478,27.96
07/04/2021,1100,26750000,24.4(-1.21 %),1100,26750000,0,0,27582378,27.96
08/04/2021,100,2420000,24.5(0.41 %),100,2420000,0,0,27582278,27.96
09/04/2021,-10000,-244330000,24.6(0.41 %),0,0,10000,244330000,27592278,27.95
12/04/2021,0,0,24.6(0.00 %),0,0,0,0,27592278,27.95
13/04/2021,4000,97900000,24.2(-1.63 %),4000,97900000,0,0,27588278,27.95
14/04/2021,900,21620000,24.5(1.24 %),900,21620000,0,0,27587378,24.31
15/04/2021,0,0,24.1(-1.63 %),0,0,0,0,27587378,27.95
16/04/2021,2300,55290000,24(-0.41 %),2300,55290000,0,0,27585078,27.95
19/04/2021,0,0,24(0.00 %),0,0,0,0,27585078,27.95
20/04/2021,0,0,23.8(-0.83 %),0,0,0,0,27585078,27.95
22/04/2021,2000,47700000,23.8(0.00 %),2000,47700000,0,0,27583078,27.96
23/04/2021,-2200,-51930000,23.7(-0.42 %),1000,23910000,3200,75840000,27585278,27.95
26/04/2021,100,2370000,23.6(-0.42 %),100,2370000,0,0,27585178,27.95
27/04/2021,400,9440000,23.6(0.00 %),400,9440000,0,0,27584778,27.96
28/04/2021,500,11750000,23.9(1.27 %),1000,23600000,500,11850000,27584278,27.96
29/04/2021,400,9560000,23.9(0.00 %),900,21510000,500,11950000,27583878,27.96
04/05/2021,600,14340000,24(0.42 %),600,14340000,0,0,27592958,27.95
05/05/2021,-500,-12000000,24(0.00 %),0,0,500,12000000,27593458,27.95
06/05/2021,1000,24200000,23.7(-1.25 %),1000,24200000,0,0,27592458,27.95
07/05/2021,1000,23400000,23.5(-0.84 %),1000,23400000,0,0,27591458,27.95
10/05/2021,1700,39780000,23.5(0.00 %),1700,39780000,0,0,27589758,27.95
11/05/2021,0,0,23.7(0.85 %),0,0,0,0,27589758,27.95
12/05/2021,1000,23500000,23.7(0.00 %),1000,23500000,0,0,27588758,27.95
13/05/2021,0,0,23.6(-0.42 %),0,0,0,0,27588758,27.95
14/05/2021,0,0,24.1(2.12 %),0,0,0,0,27588758,27.95
17/05/2021,0,0,24.6(2.07 %),0,0,0,0,27588758,27.95
18/05/2021,0,0,24.5(-0.41 %),0,0,0,0,27588758,27.95
19/05/2021,1500,36650000,24.4(-0.41 %),1500,36650000,0,0,27587258,27.95
20/05/2021,1200,29830000,24.5(0.41 %),3100,75810000,1900,45980000,27586058,27.95
21/05/2021,-600,-14630000,24.4(-0.41 %),100,2450000,700,17080000,27586658,27.95
24/05/2021,0,0,24.5(0.41 %),0,0,0,0,27586658,27.95
25/05/2021,400,9840000,24.6(0.41 %),400,9840000,0,0,27586258,27.95
26/05/2021,0,0,26.4(7.32 %),0,0,0,0,27586258,27.95
27/05/2021,100,2580000,25.9(-1.89 %),100,2580000,0,0,27586158,27.95
28/05/2021,2900,75810000,26(0.39 %),2900,75810000,0,0,27583258,27.96
31/05/2021,100,2600000,26(0.00 %),100,2600000,0,0,27583158,27.96
01/06/2021,-13200,-350920000,26.5(1.92 %),2300,60260000,15500,411180000,27583658,27.96
02/06/2021,0,0,26.2(-1.13 %),0,0,0,0,27583658,27.96
03/06/2021,2200,56440000,26.5(1.15 %),6400,168580000,4200,112140000,27581458,27.96
04/06/2021,1000,26100000,26.4(-0.38 %),1000,26100000,0,0,27580458,27.96
07/06/2021,1000,26300000,26.1(-1.14 %),1000,26300000,0,0,27579458,27.96
08/06/2021,1500,39810000,26(-0.38 %),1500,39810000,0,0,27577958,27.96
09/06/2021,1200,31080000,26.2(0.77 %),1200,31080000,0,0,27576758,27.96
10/06/2021,-9600,-257920000,27.2(3.82 %),500,13250000,10100,271170000,27586358,27.95
11/06/2021,200,4340000,26.9(-1.10 %),2100,57540000,1900,53200000,27586158,27.95
14/06/2021,5100,140360000,27.5(2.23 %),5100,140360000,0,0,27581058,27.96
15/06/2021,6000,173900000,28.9(5.09 %),6000,173900000,0,0,27575058,27.96
16/06/2021,-91500,-2654050000,28.8(-0.35 %),200,5800000,91700,2659850000,27666558,27.89
17/06/2021,600,17220000,29(0.69 %),600,17220000,0,0,27665958,27.89
18/06/2021,4500,133810000,29.8(2.76 %),4500,133810000,0,0,27661458,27.9
22/06/2021,-29200,-893000000,30.9(3.69 %),200,6200000,29400,899200000,27690658,27.87
23/06/2021,500,14930000,29.8(-3.56 %),500,14930000,0,0,27690158,27.87
24/06/2021,0,0,29.3(-1.68 %),0,0,0,0,27690158,27.87
25/06/2021,300,8700000,29.4(0.34 %),300,8700000,0,0,27689858,27.87
28/06/2021,-11300,-307780000,27.9(0.00 %),200,5460000,11500,313240000,27701158,27.87
29/06/2021,0,0,27.2(-2.51 %),0,0,0,0,27701158,27.87
30/06/2021,5400,145800000,27(-0.74 %),5900,159300000,500,13500000,27695758,27.87
01/07/2021,0,0,27.5(1.85 %),0,0,0,0,27692058,27.87
02/07/2021,-8500,-229650000,27.2(-1.09 %),1500,40500000,10000,270150000,27700558,0.0
05/07/2021,-1400,-37240000,26.8(-1.47 %),0,0,1400,37240000,27701958,0.0
06/07/2021,2000,51000000,24.3(-9.33 %),2000,51000000,0,0,27699958,0.0
07/07/2021,4700,119420000,25.2(3.70 %),4700,119420000,0,0,27695258,27.87
08/07/2021,900,22430000,25.5(1.19 %),1300,32760000,400,10330000,27700058,27.87
09/07/2021,0,0,25(-1.96 %),0,0,0,0,27700058,27.87
12/07/2021,19900,482860000,24.3(-2.80 %),19900,482860000,0,0,27680158,27.88
13/07/2021,11635,281723000,25(2.88 %),11700,283340000,65,1617000,27668523,27.89
14/07/2021,-1200,-25810000,21.6(-0.46 %),100,2170000,1300,27980000,27669723,27.89
15/07/2021,0,0,22.5(4.17 %),0,0,0,0,27669723,27.89
16/07/2021,0,0,22(-2.22 %),0,0,0,0,27669723,27.89
19/07/2021,8200,174480000,21.1(-4.09 %),8200,174480000,0,0,27661523,27.9
20/07/2021,16900,354400000,21.1(0.00 %),16900,354400000,0,0,27644623,27.91
21/07/2021,22100,463390000,21(-0.47 %),22100,463390000,0,0,27622523,27.93
22/07/2021,-19000,-395860000,21(0.00 %),5100,106540000,24100,502400000,27641523,27.91
23/07/2021,5000,104500000,21.2(0.95 %),5000,104500000,0,0,27636523,27.92
26/07/2021,14400,300960000,21.4(0.94 %),14400,300960000,0,0,27622123,27.93
27/07/2021,0,0,21.8(1.87 %),0,0,0,0,27622123,27.93
28/07/2021,-3400,-75140000,22.1(1.38 %),0,0,3400,75140000,27625523,27.92
29/07/2021,15100,339370000,22.3(0.90 %),17000,382120000,1900,42750000,27610423,27.94
30/07/2021,2500,55000000,21.9(-1.79 %),2500,55000000,0,0,27607923,27.94
02/08/2021,5500,121360000,0(0.00 %),5500,121360000,0,0,27605523,27.94
03/08/2021,0,0,22.3(0.00 %),0,0,0,0,27605523,27.94
04/08/2021,0,10000,22(-1.35 %),100,2230000,100,2220000,27605523,27.94
05/08/2021,7200,157980000,22.1(0.45 %),7200,157980000,0,0,27598323,27.94
06/08/2021,0,0,22.2(0.45 %),0,0,0,0,27598323,27.94
09/08/2021,900,19800000,22.2(0.00 %),900,19800000,0,0,27597423,27.95
10/08/2021,0,0,22.3(0.45 %),0,0,0,0,27597423,27.95
11/08/2021,-100,-2300000,23(3.14 %),200,4600000,300,6900000,27597523,27.95
12/08/2021,0,0,23(0.00 %),0,0,0,0,27597523,27.95
13/08/2021,-10,-231000,23(0.00 %),0,0,10,231000,27597533,0.0
16/08/2021,-40,-920000,23(0.00 %),0,0,40,920000,27597573,27.95
17/08/2021,425,9585000,22.4(-2.61 %),425,9585000,0,0,27597148,27.95
18/08/2021,1800,41140000,23.2(3.57 %),1800,41140000,0,0,27595348,27.95
19/08/2021,0,0,24.5(5.60 %),0,0,0,0,27595348,27.95
20/08/2021,0,0,0(0.00 %),0,0,0,0,27595348,27.95
23/08/2021,1000,23800000,24(0.84 %),1000,23800000,0,0,27594348,27.95
24/08/2021,2500,60470000,24.5(2.08 %),2500,60470000,0,0,27591848,27.95
25/08/2021,1000,24500000,24.7(0.82 %),1000,24500000,0,0,27590848,35.3
26/08/2021,35,884100,24.5(-0.81 %),35,884100,0,0,27590813,35.3
27/08/2021,-55100,-1358200000,24.8(1.22 %),200,5000000,55300,1363200000,27645913,35.26
30/08/2021,-44500,-1120470000,26.9(8.47 %),300,8070000,44800,1128540000,27690413,35.22
31/08/2021,-8900,-250290000,27.7(2.97 %),2100,58420000,11000,308710000,27699313,35.22
01/09/2021,-18300,-514650000,28(1.08 %),1000,27680000,19300,542330000,31790105,0.0
06/09/2021,-600,-16130000,28.1(0.36 %),1300,36530000,1900,52660000,31790705,27.91
07/09/2021,3700,104910000,27.7(-1.42 %),3700,104910000,0,0,31787005,0.04
08/09/2021,-2900,-79090000,27(-2.53 %),500,13650000,3400,92740000,31789905,0.05
09/09/2021,0,0,27.4(1.48 %),0,0,0,0,31789905,27.91
10/09/2021,900,29040000,30.1(9.85 %),2100,62160000,1200,33120000,31789005,27.91
13/09/2021,500,15730000,33.1(9.97 %),3600,117600000,3100,101870000,31788505,27.91
14/09/2021,-11100,-404040000,36.4(9.97 %),0,0,11100,404040000,31799605,27.9
15/09/2021,-37700,-1460740000,38.4(5.49 %),3900,150920000,41600,1611660000,31837305,27.88
16/09/2021,100,4170000,40(4.17 %),7700,304070000,7600,299900000,31852005,24.7
17/09/2021,-27300,-1157170000,42.5(6.25 %),14000,591970000,41300,1749140000,31879305,27.85
20/09/2021,-148000,-6227180000,41.8(-1.65 %),1100,46860000,149100,6274040000,32027305,27.75
21/09/2021,-177008,-7251925000,41(-1.91 %),100,4060000,177108,7255985000,32204313,0.0
22/09/2021,-141500,-5909530000,41.6(1.46 %),1900,79600000,143400,5989130000,32345813,27.54
23/09/2021,-62700,-2653780000,43(3.37 %),2100,88210000,64800,2741990000,32408513,27.5
24/09/2021,-100585,-4206446000,41.4(-3.72 %),300,12680000,100885,4219126000,32509098,0.0
27/09/2021,-39500,-1586450000,39.9(-3.62 %),0,0,39500,1586450000,32548598,27.41
28/09/2021,3500,131880000,39.2(-1.75 %),4100,155280000,600,23400000,32545098,27.41
29/09/2021,0,0,39.2(0.00 %),0,0,0,0,32545098,0.01
30/09/2021,-17277,-666127600,38.3(-2.30 %),200,7790000,17477,673917600,32562375,27.4
01/10/2021,0,0,39.9(4.18 %),367563,12680923500,367563,12680923500,32605253,27.37
04/10/2021,0,0,40.8(2.26 %),0,0,0,0,32605253,27.37
05/10/2021,-40800,-1627190000,39.7(-2.70 %),300,12030000,41100,1639220000,32646053,27.34
06/10/2021,-51600,-2014960000,38.5(-3.02 %),2400,95520000,54000,2110480000,32620045,27.36
07/10/2021,-21300,-822070000,38.5(0.00 %),0,0,21300,822070000,32620045,27.36
08/10/2021,-37700,-1491480000,40.2(4.42 %),30000,1159000000,67700,2650480000,32657745,0.0
11/10/2021,-2500,-98500000,40(-0.50 %),0,0,2500,98500000,32685145,27.32
12/10/2021,-9700,-382050000,39.3(-1.75 %),0,0,9700,382050000,32706445,27.3
13/10/2021,-53100,-2075390000,39.9(1.53 %),0,0,53100,2075390000,32759545,0.0
14/10/2021,-100,-4000000,39.4(-1.25 %),0,0,100,4000000,32759645,0.0
15/10/2021,-13600,-539910000,39.4(0.00 %),1300,51620000,14900,591530000,32773245,0.0
19/10/2021,-58100,-2260470000,39.7(2.58 %),3000,122130000,61100,2382600000,32831345,0.0
20/10/2021,-1200,-47580000,39.6(-0.25 %),0,0,1200,47580000,32832545,0.0
21/10/2021,-8300,-326020000,38.9(-1.77 %),0,0,8300,326020000,32839645,0.0
22/10/2021,-26400,-1029550000,39(0.26 %),0,0,26400,1029550000,32866045,0.0
25/10/2021,-30000,-1215000000,42.9(10.00 %),0,0,30000,1215000000,32896045,0.0
26/10/2021,-2505,-101963000,0(0.00 %),1800,79210000,4305,181173000,32898550,0.0
27/10/2021,-400,-16600000,40.4(-3.12 %),0,0,400,16600000,32898950,27.17
28/10/2021,-1315,-52681000,39.2(-2.97 %),400,15740000,1715,68421000,32900265,0.07
29/10/2021,1618,64018600,39.2(0.00 %),3418,134468600,1800,70450000,32898647,27.17
01/11/2021,-1700,-65450000,38.8(-1.02 %),0,0,1700,65450000,33009250,27.1
02/11/2021,-46802,-1796106800,38.3(-1.29 %),0,0,46802,1796106800,33056052,27.07
03/11/2021,-9600,-367680000,36(-6.01 %),0,0,9600,367680000,33065652,27.06
04/11/2021,-400,-14520000,36.5(1.39 %),0,0,400,14520000,33066052,0.0
05/11/2021,-19163,-695620900,38.6(5.75 %),0,0,19163,695620900,33085215,27.05
08/11/2021,0,0,38.5(-0.26 %),0,0,0,0,33085215,27.05
09/11/2021,-100,-3850000,37.8(-1.82 %),0,0,100,3850000,33085315,27.05
10/11/2021,0,0,37.2(-1.59 %),0,0,0,0,33085315,27.05
11/11/2021,0,0,36.9(-0.81 %),0,0,0,0,33085315,27.05
12/11/2021,-2300,-85900000,37.2(0.81 %),1200,45000000,3500,130900000,33087615,27.05
15/11/2021,-9700,-362780000,37.9(1.88 %),0,0,9700,362780000,33097315,27.04
16/11/2021,-5000,-189860000,38.7(2.11 %),0,0,5000,189860000,33102315,27.04
17/11/2021,5013,198503100,38.3(-1.03 %),5013,198503100,0,0,33097302,27.04
18/11/2021,-3600,-137880000,37.6(-1.83 %),0,0,3600,137880000,33100902,27.04
19/11/2021,0,0,37(-1.60 %),0,0,0,0,33100902,27.04
22/11/2021,-49,-1712200,35.5(-4.05 %),0,0,49,1712200,33100951,27.04
23/11/2021,-6,-215000,35.8(0.85 %),0,0,6,215000,33100957,27.04
24/11/2021,0,0,35.5(-0.84 %),0,0,0,0,33100957,27.04
25/11/2021,0,0,35.6(0.28 %),0,0,0,0,33100957,27.04
26/11/2021,600,21380000,35.1(-1.40 %),1000,35380000,400,14000000,33100357,0.0
29/11/2021,2000,68600000,34.6(-1.42 %),2000,68600000,0,0,33098357,27.04
30/11/2021,0,0,34.3(-0.87 %),0,0,0,0,33098357,27.04
01/12/2021,-418,-14210200,33.1(-3.50 %),0,0,418,14210200,33100169,27.04
02/12/2021,0,0,33.6(1.51 %),0,0,0,0,33100169,27.04
03/12/2021,1800,59400000,31.8(-5.36 %),1800,59400000,0,0,33098369,27.04
06/12/2021,4000,124260000,30(-5.66 %),4000,124260000,0,0,33094369,27.04
07/12/2021,4525,137955000,31(3.33 %),6100,185250000,1575,47295000,33089844,27.05
08/12/2021,0,0,30.4(-1.94 %),0,0,0,0,33089844,27.05
09/12/2021,1000,30100000,30.9(1.64 %),1000,30100000,0,0,33088087,27.05
10/12/2021,500,15300000,33(6.80 %),500,15300000,0,0,33087587,27.05
13/12/2021,0,0,33.7(2.12 %),0,0,0,0,33087587,27.05
14/12/2021,0,0,33(-2.08 %),0,0,0,0,33087587,27.05
15/12/2021,0,0,32.4(-1.82 %),0,0,0,0,33087587,27.05
16/12/2021,0,0,32.3(-0.31 %),0,0,0,0,33087587,27.05
17/12/2021,0,0,32.5(0.62 %),0,0,0,0,33087587,27.05
20/12/2021,2000,65300000,33(1.54 %),2000,65300000,0,0,33085587,27.05
21/12/2021,0,0,33.2(0.61 %),0,0,0,0,33087162,27.05
22/12/2021,0,0,32.7(-1.51 %),0,0,0,0,33087162,27.05
23/12/2021,9900,312100000,32(-2.14 %),11400,360800000,1500,48700000,33077262,0.01
24/12/2021,500,16050000,32(0.00 %),500,16050000,0,0,33076762,0.0
27/12/2021,-500,-15650000,31(-3.12 %),0,0,500,15650000,33076762,27.06
28/12/2021,1600,50400000,31.3(0.97 %),1600,50400000,0,0,33075162,27.06
29/12/2021,1000,31340000,31.5(0.64 %),1000,31340000,0,0,33074662,27.06
30/12/2021,4600,144600000,31.7(0.63 %),4600,144600000,0,0,33070062,27.06
31/12/2021,0,0,31.5(-0.63 %),0,0,0,0,33070062,27.06
04/01/2022,0,0,32(1.59 %),0,0,0,0,33070062,27.06
05/01/2022,0,0,31.8(-0.62 %),0,0,0,0,33070062,27.06
06/01/2022,3000,94900000,31.5(-0.94 %),3000,94900000,0,0,33067062,27.06
07/01/2022,2100,66100000,31.5(0.00 %),2100,66100000,0,0,33064962,27.06
10/01/2022,2200,69300000,31(-1.59 %),2200,69300000,0,0,33062762,27.07
11/01/2022,0,0,30.6(-1.29 %),0,0,0,0,33062762,27.07
12/01/2022,3542,108304800,31(1.31 %),4600,140500000,1058,32195200,33058162,27.07
13/01/2022,-6200,-187330000,30.7(-0.97 %),0,0,6200,187330000,33058162,27.07
14/01/2022,0,0,30(-2.28 %),0,0,0,0,33059220,27.07
17/01/2022,0,0,27.2(-9.33 %),0,0,0,0,33065420,27.06
18/01/2022,-200,-5600000,27(-0.74 %),0,0,200,5600000,33065420,27.06
19/01/2022,0,0,27(0.00 %),0,0,0,0,33065420,27.06
20/01/2022,3400,91800000,27.8(2.96 %),3400,91800000,0,0,33062220,27.07
21/01/2022,1000,27100000,27(-2.88 %),1000,27100000,0,0,33061220,27.07
24/01/2022,0,0,27(0.00 %),0,0,0,0,33061220,27.07
25/01/2022,4000,104380000,26.9(-0.37 %),4000,104380000,0,0,33057220,27.07
26/01/2022,0,0,26.5(-1.49 %),0,0,0,0,33056220,27.07
27/01/2022,0,0,26.8(1.13 %),0,0,0,0,33056220,27.07
28/01/2022,0,0,27.9(4.10 %),0,0,0,0,33056220,27.07
07/02/2022,-100,-2790000,28(0.36 %),0,0,100,2790000,33056220,27.07
08/02/2022,1500,42490000,28.7(2.50 %),1500,42490000,0,0,33054720,27.07
09/02/2022,2000,58880000,29.4(2.44 %),2000,58880000,0,0,33052820,27.07
10/02/2022,0,0,29.4(0.00 %),0,0,0,0,33052820,27.07
11/02/2022,4000,118080000,29.3(-0.34 %),4000,118080000,0,0,33048820,27.08
14/02/2022,-5000,-146500000,28.8(-1.71 %),0,0,5000,146500000,33048820,27.08
15/02/2022,0,0,28.5(-1.04 %),0,0,0,0,33048820,27.08
16/02/2022,0,0,28.5(0.00 %),0,0,0,0,33053820,27.07
17/02/2022,2000,57100000,29(1.75 %),2000,57100000,0,0,33051820,27.07
18/02/2022,0,0,29.3(1.03 %),0,0,0,0,33051820,27.07
21/02/2022,0,0,29.3(0.00 %),0,0,0,0,33051820,27.07
22/02/2022,0,0,29.3(0.00 %),0,0,0,0,33051820,27.07
23/02/2022,-928,-26942000,29.5(0.68 %),0,0,928,26942000,33051820,27.07
24/02/2022,1200,36360000,31.1(5.42 %),1200,36360000,0,0,33050620,27.07
25/02/2022,1000,30800000,30.8(-0.96 %),1000,30800000,0,0,33050548,27.07
28/02/2022,0,0,30.5(-0.97 %),0,0,0,0,33050548,27.07
01/03/2022,1500,45400000,30.7(0.66 %),1500,45400000,0,0,33049048,27.08
02/03/2022,0,0,30.9(0.65 %),0,0,0,0,33049048,27.08
03/03/2022,1100,33440000,30.4(-1.62 %),1100,33440000,0,0,33047948,27.08
04/03/2022,3500,107450000,30.7(0.99 %),3500,107450000,0,0,33044448,27.08
07/03/2022,6200,189080000,30.5(-0.65 %),6600,201360000,400,12280000,33037848,27.08
08/03/2022,2100,63630000,30.7(0.66 %),2200,66660000,100,3030000,33035648,27.08
09/03/2022,8300,252540000,30.7(0.00 %),8300,252540000,0,0,33027748,27.09
10/03/2022,2000,61400000,30.5(-0.65 %),2000,61400000,0,0,33025848,27.09
11/03/2022,1700,51850000,30.5(0.00 %),1700,51850000,0,0,33024148,27.09
14/03/2022,4400,130890000,29.8(-2.30 %),4400,130890000,0,0,33019748,27.09
15/03/2022,5000,150120000,29.9(0.34 %),5000,150120000,0,0,33014748,27.1
16/03/2022,0,0,29.9(0.00 %),0,0,0,0,33014748,27.1
17/03/2022,2900,86900000,30(0.33 %),2900,86900000,0,0,33011848,27.1
18/03/2022,-400,-11960000,29.9(-0.33 %),0,0,400,11960000,33011848,27.1
21/03/2022,1300,38900000,31(3.68 %),1300,38900000,0,0,33010548,27.1
22/03/2022,0,0,31.3(0.97 %),0,0,0,0,33010948,27.1
23/03/2022,-2500,-80000000,32.1(2.56 %),0,0,2500,80000000,33010948,27.1
24/03/2022,0,0,32.7(1.87 %),0,0,0,0,33010948,27.1
25/03/2022,100,3290000,32.1(-1.83 %),300,9750000,200,6460000,33013148,27.1
28/03/2022,0,0,31.7(-1.25 %),0,0,0,0,33013148,27.1
29/03/2022,9200,293740000,33.2(4.73 %),10200,326440000,1000,32700000,33003148,27.11
30/03/2022,0,630000,33.8(1.81 %),1000,33830000,1000,33200000,33002148,27.11
31/03/2022,6000,202800000,33.4(-1.18 %),6000,202800000,0,0,32997148,27.11
01/04/2022,0,0,0(0.00 %),0,0,0,0,32997148,27.11
04/04/2022,2400,80320000,34.4(2.08 %),3100,104470000,700,24150000,32994048,27.11
05/04/2022,0,0,34.3(-0.29 %),0,0,0,0,32994048,27.11
06/04/2022,0,0,33(-3.79 %),0,0,0,0,32994748,27.11
07/04/2022,1800,60120000,32.5(-1.52 %),1800,60120000,0,0,32992948,27.11
08/04/2022,1600,55360000,31.5(-3.08 %),4100,134860000,2500,79500000,32988848,27.11
12/04/2022,1200,36920000,31.2(-0.95 %),1200,36920000,0,0,32987648,27.12
13/04/2022,-7700,-240660000,32(2.56 %),0,0,7700,240660000,32987648,27.12
14/04/2022,0,0,32.1(0.31 %),0,0,0,0,32990148,27.11
15/04/2022,0,0,0(0.00 %),0,0,0,0,32997848,27.11
18/04/2022,0,0,33(-2.94 %),0,0,0,0,32997848,27.11
19/04/2022,0,0,31.5(-4.55 %),0,0,0,0,32998448,27.11
20/04/2022,200,6020000,29.3(-6.98 %),200,6020000,0,0,32998248,27.11
21/04/2022,0,0,29.3(0.00 %),0,0,0,0,32998248,27.11
22/04/2022,0,0,28.9(-1.37 %),0,0,0,0,32998248,27.11
25/04/2022,600,15750000,26.1(-9.69 %),600,15750000,0,0,32997648,27.11
26/04/2022,800,19200000,26.8(2.68 %),800,19200000,0,0,32996848,27.11
27/04/2022,0,0,27.3(1.87 %),0,0,0,0,32996848,27.11
28/04/2022,0,0,26.8(-1.83 %),0,0,0,0,32996848,27.11
29/04/2022,50,1340000,27.2(1.49 %),50,1340000,0,0,32996798,27.11
04/05/2022,4400,118880000,27.2(0.00 %),4400,118880000,0,0,32992398,27.11
05/05/2022,0,0,26.9(-1.10 %),0,0,0,0,32992398,27.11
06/05/2022,0,0,26.8(-0.37 %),0,0,0,0,32992398,27.11
09/05/2022,4400,112260000,24.2(-9.70 %),4400,112260000,0,0,32987998,27.12
10/05/2022,3100,69040000,23.4(-3.31 %),3100,69040000,0,0,32984898,27.12
11/05/2022,0,0,24.4(4.27 %),0,0,0,0,32984898,27.12
12/05/2022,1800,40150000,22.2(-9.02 %),1800,40150000,0,0,32983098,27.12
13/05/2022,100,2150000,21.5(-3.15 %),100,2150000,0,0,32982998,27.12
16/05/2022,100,1940000,22.2(3.26 %),100,1940000,0,0,32982898,27.12
17/05/2022,0,0,24(8.11 %),0,0,0,0,32982898,27.12
18/05/2022,600,14350000,24(0.00 %),600,14350000,0,0,32982298,27.12
19/05/2022,0,0,24.2(0.83 %),0,0,0,0,32982298,27.12
20/05/2022,3200,76850000,23.5(-2.89 %),3200,76850000,0,0,32979098,27.12
23/05/2022,0,0,23.4(-0.43 %),0,0,0,0,32979098,27.12
24/05/2022,300,6900000,23.3(-0.43 %),300,6900000,0,0,32978798,27.12
25/05/2022,0,0,24.4(4.72 %),0,0,0,0,32978798,27.12
26/05/2022,-1400,-31400000,23.5(-3.69 %),3000,72000000,4400,103400000,32975798,27.12
27/05/2022,100,2360000,23.9(1.70 %),100,2360000,0,0,32975698,27.12
30/05/2022,100,2370000,24.6(2.93 %),100,2370000,0,0,32979998,27.12
31/05/2022,500,12680000,24.8(0.81 %),600,15180000,100,2500000,32979398,27.12
01/06/2022,0,0,25.9(4.44 %),0,0,0,0,32979398,27.12
02/06/2022,0,0,25.9(0.00 %),0,0,0,0,32979498,27.12
03/06/2022,0,0,25.5(-1.54 %),0,0,0,0,32979498,27.12
06/06/2022,0,0,25(-1.96 %),0,0,0,0,32979498,27.12
07/06/2022,0,0,26.9(7.60 %),0,0,0,0,32979498,27.12
08/06/2022,4900,130630000,26.8(-0.37 %),4900,130630000,0,0,32974598,27.12
09/06/2022,4600,123340000,25.5(-4.85 %),4600,123340000,0,0,32969998,27.13
10/06/2022,0,0,24.7(-3.14 %),0,0,0,0,32969998,27.13
13/06/2022,0,0,23.4(-5.26 %),0,0,0,0,32969998,27.13
14/06/2022,0,0,24(2.56 %),0,0,0,0,32969998,27.13
15/06/2022,0,0,24(0.00 %),0,0,0,0,32969998,27.13
16/06/2022,200,4800000,24(0.00 %),200,4800000,0,0,32969798,27.13
17/06/2022,0,0,23.9(-0.42 %),0,0,0,0,32969798,27.13
20/06/2022,-9500,-218300000,23.8(-0.42 %),500,11750000,10000,230050000,32969298,27.13
21/06/2022,400,9480000,24(0.84 %),400,9480000,0,0,32968898,27.13
22/06/2022,400,9460000,24(0.00 %),400,9460000,0,0,32978498,27.12
23/06/2022,500,11750000,24.1(0.42 %),500,11750000,0,0,32977998,27.12
24/06/2022,0,0,24.1(0.00 %),0,0,0,0,32977998,27.12
27/06/2022,-4400,-107800000,25.2(4.56 %),0,0,4400,107800000,32977998,27.12
28/06/2022,-200,-4780000,23.8(-0.42 %),0,0,200,4780000,32977998,27.12
29/06/2022,0,0,23.7(-0.42 %),0,0,0,0,32982398,27.12
30/06/2022,0,0,23.5(-0.84 %),0,0,0,0,32982598,27.12
01/07/2022,0,0,23.5(0.00 %),0,0,0,0,32982598,27.12
04/07/2022,3100,74420000,23.8(1.28 %),3100,74420000,0,0,32979498,27.12
05/07/2022,1100,26070000,23.9(0.42 %),1100,26070000,0,0,32978398,27.12
06/07/2022,0,0,23.5(-1.67 %),0,0,0,0,32978398,27.12
07/07/2022,0,0,23.2(-1.28 %),0,0,0,0,32978398,27.12
08/07/2022,0,0,23.7(2.16 %),0,0,0,0,32978398,27.12
11/07/2022,-1569,-35733400,23.5(-0.84 %),0,0,1569,35733400,32978398,27.12
12/07/2022,20,470000,23.8(1.28 %),20,470000,0,0,32978378,27.12
13/07/2022,0,0,23(-3.36 %),0,0,0,0,32979947,27.12
14/07/2022,0,0,22.9(-0.43 %),0,0,0,0,32979947,27.12
15/07/2022,5000,117860000,22.9(0.00 %),5000,117860000,0,0,32974947,27.12
18/07/2022,-4000,-92000000,23.5(2.62 %),0,0,4000,92000000,32974947,27.12
19/07/2022,0,0,23(-2.13 %),0,0,0,0,32974947,27.12
20/07/2022,0,0,23.5(2.17 %),0,0,0,0,32978947,27.12
21/07/2022,0,0,23.5(0.00 %),0,0,0,0,32978947,27.12
22/07/2022,500,11750000,23.4(-0.43 %),500,11750000,0,0,32978447,27.12
25/07/2022,299,6846600,22.9(-2.14 %),300,6870000,1,23400,32978147,27.12
26/07/2022,10000,229420000,22.9(0.00 %),10000,229420000,0,0,32968147,27.13
27/07/2022,1500,34500000,23(0.44 %),1500,34500000,0,0,32966648,27.13
28/07/2022,-2800,-64320000,23.4(1.74 %),0,0,2800,64320000,32966648,27.13
29/07/2022,0,0,23.5(0.43 %),0,0,0,0,32966648,27.13
01/08/2022,800,18780000,24(2.13 %),1000,23500000,200,4720000,32968448,27.13
02/08/2022,-84,-2016000,25.2(5.00 %),0,0,84,2016000,32968448,27.13
03/08/2022,0,0,24.9(-1.19 %),0,0,0,0,32968648,27.13
04/08/2022,0,0,25.2(1.20 %),0,0,0,0,32968732,27.13
05/08/2022,0,0,25.7(1.98 %),0,0,0,0,32968732,27.13
08/08/2022,0,0,25.6(-0.39 %),0,0,0,0,32968732,27.13
09/08/2022,0,0,25.2(-1.56 %),0,0,0,0,32968732,27.13
10/08/2022,-21000,-520300000,25.6(1.59 %),1000,25300000,22000,545600000,32967732,27.13
11/08/2022,6600,171200000,25.7(0.39 %),6600,171200000,0,0,32961132,27.13
12/08/2022,0,0,25.7(0.00 %),0,0,0,0,32983132,27.12
15/08/2022,0,0,25.7(0.00 %),0,0,0,0,32983132,27.12
16/08/2022,0,0,25.4(-1.17 %),0,0,0,0,32983132,27.12
17/08/2022,0,0,25(-1.57 %),0,0,0,0,32983132,27.12
18/08/2022,0,0,24.7(-1.20 %),0,0,0,0,32983132,27.12
19/08/2022,0,0,24(-2.83 %),0,0,0,0,32983132,27.12
22/08/2022,900,21780000,24.3(1.25 %),900,21780000,0,0,32982232,27.12
23/08/2022,0,0,25(2.88 %),0,0,0,0,32982232,27.12
24/08/2022,0,0,25.2(0.80 %),0,0,0,0,32982232,27.12
25/08/2022,0,0,25(-0.79 %),0,0,0,0,32982232,27.12
26/08/2022,0,0,25(0.00 %),0,0,0,0,32982232,27.12
29/08/2022,100,2500000,24.9(-0.40 %),100,2500000,0,0,32982132,27.12
30/08/2022,0,0,24.9(0.00 %),0,0,0,0,32982132,27.12
31/08/2022,0,0,26(4.42 %),0,0,0,0,32982132,27.12
05/09/2022,-2000,-54800000,27.7(6.54 %),0,0,2000,54800000,32982132,27.12
06/09/2022,0,0,27.7(0.00 %),0,0,0,0,32982132,27.12
07/09/2022,0,0,26.4(-4.69 %),0,0,0,0,32984132,27.12
08/09/2022,0,0,26.7(1.14 %),0,0,0,0,32984132,27.12
09/09/2022,0,0,27.9(4.49 %),0,0,0,0,32984132,27.12
12/09/2022,2300,63250000,27.8(-0.36 %),2300,63250000,0,0,32981832,27.12
13/09/2022,0,0,26.8(-3.60 %),0,0,0,0,32981832,27.12
14/09/2022,0,0,27.4(2.24 %),0,0,0,0,32981832,27.12
15/09/2022,0,0,27.7(1.09 %),0,0,0,0,0,27.12
16/09/2022,0,0,27.8(0.36 %),0,0,0,0,32981832,27.12
19/09/2022,-4400,-117630000,27(-2.88 %),0,0,4400,117630000,32981832,0.0
20/09/2022,0,0,27.1(0.37 %),0,0,0,0,32981832,27.12
21/09/2022,-5601,-148177100,26.8(-1.11 %),0,0,5601,148177100,32986232,27.12
22/09/2022,0,0,26.7(-0.37 %),0,0,0,0,32986232,27.12
23/09/2022,-1222,-32634000,28.8(7.87 %),0,0,1222,32634000,32987454,27.12
26/09/2022,0,0,28.2(-2.08 %),0,0,0,0,32991833,27.11
27/09/2022,0,0,27.5(-2.48 %),0,0,0,0,32993055,27.11
28/09/2022,100,2720000,24.8(-9.82 %),100,2720000,0,0,32992955,27.11
29/09/2022,0,0,24.9(0.40 %),0,0,0,0,32992955,27.11
30/09/2022,0,0,24.8(-0.40 %),0,0,0,0,32992955,27.11
03/10/2022,100,2370000,22.4(-9.68 %),100,2370000,0,0,32992855,27.11
04/10/2022,0,0,22.6(0.89 %),0,0,0,0,32992855,27.11
05/10/2022,-3500,-80010000,24.3(7.52 %),0,0,3500,80010000,32992855,27.11
06/10/2022,5000,116500000,23.9(-1.65 %),5000,116500000,0,0,32987855,27.12
07/10/2022,-1700,-36790000,22(-7.95 %),2200,49200000,3900,85990000,32989155,27.11
10/10/2022,100,2200000,23.3(5.91 %),100,2200000,0,0,32989055,27.11
11/10/2022,100,2230000,22.8(-2.15 %),100,2230000,0,0,32992855,27.11
12/10/2022,0,0,23(0.88 %),0,0,0,0,32992855,27.11
13/10/2022,1000,23000000,23(0.00 %),1000,23000000,0,0,32991855,27.11
14/10/2022,0,0,23.1(0.43 %),0,0,0,0,32991855,27.11
17/10/2022,-2006,-46331400,23.3(0.87 %),0,0,2006,46331400,32991855,27.11
18/10/2022,-3940,-93676600,23.6(1.29 %),0,0,3940,93676600,32991855,27.11
19/10/2022,0,0,23.7(0.42 %),0,0,0,0,32993861,27.11
20/10/2022,0,0,23.7(0.00 %),0,0,0,0,32997801,27.11
21/10/2022,0,0,22.6(-4.64 %),0,0,0,0,32997801,27.11
24/10/2022,0,0,21.3(-5.75 %),0,0,0,0,32997801,27.11
25/10/2022,0,0,22.3(4.69 %),0,0,0,0,32997801,27.11
26/10/2022,0,0,22.5(0.90 %),0,0,0,0,32997801,27.11
27/10/2022,-2000,-44020000,23.3(3.56 %),0,0,2000,44020000,32997801,27.11
28/10/2022,0,0,23.3(0.00 %),0,0,0,0,32997801,27.11
31/10/2022,0,0,23.2(-0.43 %),0,0,0,0,32999801,27.11
01/11/2022,19,435100,22.2(-4.31 %),19,435100,0,0,32999782,27.11
02/11/2022,0,0,22.7(2.25 %),0,0,0,0,32999782,27.11
03/11/2022,31,703700,22.2(-2.20 %),31,703700,0,0,32999751,27.11
04/11/2022,0,0,21.6(-2.70 %),0,0,0,0,32999751,27.11
07/11/2022,22700,476700000,21(-2.78 %),22700,476700000,0,0,32977051,27.12
08/11/2022,0,0,21(0.00 %),0,0,0,0,32977051,27.12
09/11/2022,0,0,20.9(-0.48 %),0,0,0,0,32977051,27.12
10/11/2022,0,0,0(0.00 %),0,0,0,0,32977051,27.12
11/11/2022,3800,81700000,20.6(-0.48 %),3800,81700000,0,0,32973251,27.13
14/11/2022,100,1910000,20.5(-0.49 %),100,1910000,0,0,32973151,27.13
15/11/2022,1800,34380000,19.7(-3.90 %),1800,34380000,0,0,32971351,27.13
16/11/2022,600,10980000,19.8(0.51 %),600,10980000,0,0,32970751,27.13
17/11/2022,100,2000000,20.2(2.02 %),100,2000000,0,0,32970651,27.13
18/11/2022,1500,30300000,20.2(0.00 %),1500,30300000,0,0,32969151,27.13
21/11/2022,11600,245640000,20.8(2.97 %),11600,245640000,0,0,32957551,27.14
22/11/2022,2005,43105000,20.8(0.00 %),2005,43105000,0,0,32955546,27.14
23/11/2022,0,0,20(-3.85 %),0,0,0,0,32955546,27.14
24/11/2022,100,2070000,20.7(3.50 %),100,2070000,0,0,32955446,27.14
25/11/2022,0,0,20.8(0.48 %),0,0,0,0,32955446,27.14
28/11/2022,0,0,20.9(0.48 %),0,0,0,0,32955446,0.0
29/11/2022,0,0,20.2(-3.35 %),0,0,0,0,32955446,0.0
30/11/2022,0,0,20.5(1.49 %),0,0,0,0,32955446,0.0
01/12/2022,300,5890000,20.6(0.49 %),700,14210000,400,8320000,32954746,0.0
02/12/2022,-200,-4160000,20.9(1.46 %),0,0,200,4160000,32954746,0.0
05/12/2022,4200,87630000,21.6(3.35 %),4500,94050000,300,6420000,32950246,0.0
06/12/2022,0,0,20.7(-4.17 %),0,0,0,0,32950646,0.0
07/12/2022,-7200,-146590000,20.2(-2.42 %),0,0,7200,146590000,32950846,0.0
08/12/2022,100,2100000,20.5(1.49 %),100,2100000,0,0,32951046,27.14
09/12/2022,-8,-165600,20.5(0.00 %),0,0,8,165600,32958246,27.14
12/12/2022,0,0,20.5(0.00 %),0,0,0,0,32958246,0.0
13/12/2022,0,0,20.2(-1.46 %),0,0,0,0,32958246,0.0
14/12/2022,0,0,20.2(0.00 %),0,0,0,0,32958254,0.0
15/12/2022,0,0,20.4(0.99 %),0,0,0,0,32958254,0.0
16/12/2022,24,487200,20.1(-1.47 %),24,487200,0,0,32958230,0.0
19/12/2022,0,0,20(-0.50 %),0,0,0,0,32958230,0.0
20/12/2022,0,0,20(0.00 %),0,0,0,0,32958230,0.0
21/12/2022,0,0,19.5(-2.50 %),0,0,0,0,32958230,0.0
22/12/2022,0,0,19.1(-2.05 %),0,0,0,0,32958230,0.0
23/12/2022,16,305600,18.9(-1.05 %),16,305600,0,0,32958214,0.0
26/12/2022,1500,27900000,18.6(-1.59 %),1500,27900000,0,0,32956714,0.0
27/12/2022,-100,-1920000,19.2(3.23 %),0,0,100,1920000,32956714,0.0
28/12/2022,0,0,19.3(0.52 %),0,0,0,0,32956714,27.14
29/12/2022,0,0,19.6(1.55 %),0,0,0,0,32956814,27.14
30/12/2022,0,0,19.6(0.00 %),0,0,0,0,32956814,27.14
03/01/2023,0,0,19.8(1.02 %),0,0,0,0,32956814,0.0
04/01/2023,0,0,19.8(0.00 %),0,0,0,0,32956814,27.14
05/01/2023,50,992100,19.9(0.51 %),50,992100,0,0,32956764,27.14
06/01/2023,-1000,-19800000,19.9(0.00 %),0,0,1000,19800000,32956764,27.14
09/01/2023,6000,120530000,20.3(2.01 %),6000,120530000,0,0,32950764,27.14
10/01/2023,1200,24390000,20.5(0.99 %),1200,24390000,0,0,32950564,27.14
11/01/2023,3000,61540000,20.3(-0.98 %),3000,61540000,0,0,32947564,27.14
12/01/2023,5000,102680000,20.4(0.49 %),5000,102680000,0,0,32942564,27.15
13/01/2023,1500,30690000,20.5(0.49 %),1500,30690000,0,0,32941064,27.15
16/01/2023,7100,145690000,20.5(0.00 %),7100,145690000,0,0,32933964,27.15
17/01/2023,1800,37080000,20.3(-0.98 %),1800,37080000,0,0,32932164,27.15
18/01/2023,0,0,20.4(0.49 %),0,0,0,0,32932164,27.15
19/01/2023,-50,-1025000,20.7(1.47 %),0,0,50,1025000,32932164,27.15
27/01/2023,0,0,20.7(0.00 %),0,0,0,0,32932164,27.15
30/01/2023,-106,-2304200,22.2(7.25 %),0,0,106,2304200,32932214,27.15
31/01/2023,0,0,22.2(0.00 %),0,0,0,0,32932214,27.15
01/02/2023,800,18080000,22.8(2.70 %),800,18080000,0,0,32931520,27.15
02/02/2023,0,0,23(0.88 %),0,0,0,0,32931520,27.15
03/02/2023,0,0,23.5(2.17 %),0,0,0,0,32931520,27.15
06/02/2023,0,0,23.4(-0.43 %),0,0,0,0,32931520,27.15
07/02/2023,500,11600000,23.2(-0.85 %),500,11600000,0,0,32931020,27.15
08/02/2023,0,0,23.5(1.29 %),0,0,0,0,32931020,27.15
09/02/2023,-4000,-95350000,24(2.13 %),500,11750000,4500,107100000,32930520,27.15
10/02/2023,0,0,23.9(-0.42 %),0,0,0,0,32930520,27.15
13/02/2023,0,0,23.1(-3.35 %),0,0,0,0,32935020,27.15
14/02/2023,0,0,23.7(2.60 %),0,0,0,0,32935020,27.15
15/02/2023,-100,-2420000,24.2(2.11 %),0,0,100,2420000,32935020,27.15
16/02/2023,-7000,-169400000,24.2(0.00 %),0,0,7000,169400000,32935020,27.15
17/02/2023,0,0,22.5(-7.02 %),0,0,0,0,32935120,27.15
20/02/2023,0,0,24.1(7.11 %),0,0,0,0,32942120,27.15
21/02/2023,-135,-3217500,24.1(0.00 %),0,0,135,3217500,32942120,27.15
22/02/2023,0,0,23.6(-2.07 %),0,0,0,0,32942120,27.15
23/02/2023,0,0,23.2(-1.69 %),0,0,0,0,32942255,27.15
24/02/2023,0,0,23.8(2.59 %),0,0,0,0,32942255,0.0
27/02/2023,-220,-5049600,23.5(-1.26 %),0,0,220,5049600,32942255,27.15
28/02/2023,-4,-90800,23(-2.13 %),0,0,4,90800,32942255,27.15
01/03/2023,0,0,23.2(0.87 %),0,0,0,0,32942475,27.15
02/03/2023,0,0,23.2(0.00 %),0,0,0,0,32942479,27.15
03/03/2023,0,0,22.9(-1.29 %),0,0,0,0,32942479,27.15
06/03/2023,0,0,22.5(-1.75 %),0,0,0,0,32942479,27.15
07/03/2023,0,0,22.6(0.44 %),0,0,0,0,32942479,27.15
08/03/2023,0,0,23(1.77 %),0,0,0,0,32942479,27.15
09/03/2023,0,0,22.9(-0.43 %),0,0,0,0,32942479,27.15
10/03/2023,200,4540000,22.9(0.00 %),200,4540000,0,0,32942279,27.15
13/03/2023,0,0,22.8(-0.44 %),0,0,0,0,32942279,0.0
14/03/2023,0,0,22.5(-1.32 %),0,0,0,0,32942279,27.15
15/03/2023,-100,-2320000,23.4(4.00 %),0,0,100,2320000,32942279,27.15
16/03/2023,100,2300000,23(-1.71 %),100,2300000,0,0,32942179,27.15
17/03/2023,-1500,-33290000,23(0.00 %),0,0,1500,33290000,32942279,27.15
20/03/2023,0,0,22.8(-0.87 %),0,0,0,0,32942279,27.15
21/03/2023,0,0,23(0.88 %),0,0,0,0,32943779,27.14
22/03/2023,0,0,23(0.00 %),0,0,0,0,32943779,27.14
23/03/2023,0,0,23(0.00 %),0,0,0,0,32943779,27.14
24/03/2023,0,0,23.2(0.87 %),0,0,0,0,32943779,27.14
27/03/2023,0,0,23.4(0.86 %),0,0,0,0,32943779,27.14
28/03/2023,-3200,-72730000,22.8(-2.56 %),0,0,3200,72730000,32943779,0.0
29/03/2023,0,0,22.8(0.00 %),0,0,0,0,32943779,27.14
30/03/2023,0,0,23.1(1.32 %),0,0,0,0,32946979,27.14
31/03/2023,0,0,23.1(0.00 %),0,0,0,0,32946979,27.14
03/04/2023,0,0,23(-0.43 %),0,0,0,0,32946979,27.14
04/04/2023,0,0,23.3(1.30 %),0,0,0,0,32946979,27.14
05/04/2023,-4045,-83409500,24.1(3.43 %),8000,195330000,12045,278739500,32938979,27.15
06/04/2023,0,0,24.1(0.00 %),0,0,0,0,32938979,27.15
07/04/2023,0,0,24(-0.41 %),0,0,0,0,32938979,27.15
10/04/2023,4000,96400000,24(0.00 %),4000,96400000,0,0,32947024,27.14
11/04/2023,1000,23700000,24.2(0.83 %),1000,23700000,0,0,32946024,27.14
12/04/2023,-4000,-95600000,24.4(0.83 %),0,0,4000,95600000,32950024,27.14
13/04/2023,0,0,24.2(-0.82 %),0,0,0,0,32946024,27.14
14/04/2023,0,0,24.2(0.00 %),0,0,0,0,32950024,27.14
17/04/2023,0,0,24.2(0.00 %),0,0,0,0,32950024,27.14
18/04/2023,0,0,24.1(-0.41 %),0,0,0,0,32950024,27.14
19/04/2023,0,0,24.1(0.00 %),0,0,0,0,32950024,27.14
20/04/2023,-19900,-479590000,24(-0.41 %),0,0,19900,479590000,32969924,27.13
21/04/2023,-100,-2350000,23.7(-1.25 %),0,0,100,2350000,32950024,27.14
24/04/2023,0,0,24.3(2.53 %),0,0,0,0,32969924,27.13
25/04/2023,0,0,24.1(-0.82 %),0,0,0,0,32970024,27.13
26/04/2023,5000,120000000,24(-0.41 %),5000,120000000,0,0,32965024,27.13
27/04/2023,0,0,24(0.00 %),0,0,0,0,32965024,27.13
28/04/2023,0,0,23.6(-1.67 %),0,0,0,0,32965024,27.13
04/05/2023,0,0,23.9(1.27 %),0,0,0,0,32965024,27.13
05/05/2023,0,0,25.7(7.53 %),0,0,0,0,32965024,27.13
08/05/2023,-4600,-116300000,25.5(-0.78 %),200,5100000,4800,121400000,32964824,27.13
09/05/2023,-5300,-133030000,25.3(-0.78 %),0,0,5300,133030000,32964824,27.13
10/05/2023,2200,55880000,24.8(-1.98 %),2200,55880000,0,0,32962624,27.13
11/05/2023,14700,371290000,25.3(2.02 %),23100,580930000,8400,209640000,32949624,27.14
12/05/2023,-800,-20000000,25(-1.19 %),200,5000000,1000,25000000,32949424,27.14
15/05/2023,24300,599410000,24.5(-2.00 %),24300,599410000,0,0,32925124,27.16
16/05/2023,0,0,24.6(0.41 %),0,0,0,0,32925124,27.16
17/05/2023,32400,801290000,24.5(-0.41 %),32400,801290000,0,0,32892724,27.18
18/05/2023,0,0,24.4(-0.41 %),0,0,0,0,32892724,27.18
19/05/2023,-283,-7111300,24.5(0.41 %),0,0,283,7111300,32893007,27.18
22/05/2023,1400,34000000,24.5(0.00 %),1400,34000000,0,0,32891607,27.18
23/05/2023,900,22320000,24.7(0.82 %),900,22320000,0,0,32890707,27.18
24/05/2023,0,0,24.7(0.00 %),0,0,0,0,32890707,27.18
25/05/2023,0,0,24.4(-1.21 %),0,0,0,0,32890707,27.18
26/05/2023,1500,36900000,24.7(1.23 %),1500,36900000,0,0,32889207,27.18
29/05/2023,13000,322300000,24.8(0.40 %),13000,322300000,0,0,32876207,27.19
30/05/2023,-300,-7480000,24.5(-1.21 %),0,0,300,7480000,32876507,27.19
31/05/2023,-100,-2450000,24.7(0.82 %),0,0,100,2450000,32876607,27.19
01/06/2023,100,2470000,24.7(0.00 %),100,2470000,0,0,32885607,27.18
02/06/2023,1700,52330000,24.9(0.81 %),6400,158340000,4700,106010000,32883907,27.18
05/06/2023,4500,112200000,25.2(1.20 %),4500,112200000,0,0,32879407,27.19
06/06/2023,-119,-2958800,25.4(0.79 %),400,10120000,519,13078800,32879526,27.19
07/06/2023,0,0,25(-1.57 %),0,0,0,0,32879526,27.19
08/06/2023,-85,-2120000,25.2(0.80 %),0,0,85,2120000,32879611,27.19
09/06/2023,0,0,25.2(0.00 %),0,0,0,0,32879611,27.19
12/06/2023,0,0,25.3(0.40 %),0,0,0,0,32879611,27.19
13/06/2023,0,0,25.5(0.79 %),0,0,0,0,32879611,27.19
14/06/2023,0,0,25.6(0.39 %),0,0,0,0,32879611,27.19
15/06/2023,0,0,25.4(-0.78 %),0,0,0,0,32879611,27.19
16/06/2023,200,5130000,25.5(0.39 %),400,10200000,200,5070000,32879511,27.19
19/06/2023,-1800,-45000000,25.2(-1.18 %),0,0,1800,45000000,32879511,27.19
20/06/2023,0,0,0(0.00 %),0,0,0,0,32879711,27.19
21/06/2023,-13000,-328900000,25.5(0.79 %),0,0,13000,328900000,32881511,27.19
22/06/2023,0,0,26.2(2.75 %),0,0,0,0,32881511,27.19
23/06/2023,-6016,-155881200,26.1(-0.38 %),1690,44576000,7706,200457200,32892920,27.18
26/06/2023,0,0,26(-0.38 %),0,0,0,0,32892920,27.18
27/06/2023,0,0,25.8(-0.77 %),0,0,0,0,32900626,27.17
28/06/2023,0,0,25.8(0.00 %),0,0,0,0,32900626,27.17
29/06/2023,-6000,-154310000,25.8(0.00 %),0,0,6000,154310000,32900626,27.17
30/06/2023,0,0,0(0.00 %),0,0,0,0,32900626,27.17
03/07/2023,-61,-1567700,26.2(1.95 %),0,0,61,1567700,32906626,27.17
04/07/2023,0,0,25.8(-1.53 %),0,0,0,0,32906855,27.17
05/07/2023,100,2590000,25.7(-0.39 %),100,2590000,0,0,32906816,27.17
06/07/2023,-38900,-982030000,25.3(-1.56 %),100,2550000,39000,984580000,32906716,27.17
07/07/2023,39600,1017060000,26.1(3.16 %),55200,1419640000,15600,402580000,32851516,27.21
10/07/2023,0,0,0(0.00 %),0,0,0,0,32842216,27.21
11/07/2023,24300,617820000,25.4(-0.39 %),24300,617820000,0,0,32833516,27.22
12/07/2023,13670,352605000,25.9(1.97 %),13700,353370000,30,765000,32820016,27.23
13/07/2023,10800,280770000,26.1(0.77 %),10800,280770000,0,0,32809216,27.23
14/07/2023,16000,418380000,26.4(1.15 %),16000,418380000,0,0,32793246,27.24
17/07/2023,13700,360280000,26.2(-0.76 %),16000,421000000,2300,60720000,32777246,27.26
18/07/2023,12000,315340000,26.3(0.38 %),13100,344380000,1100,29040000,32764146,27.26
19/07/2023,19300,523170000,27.4(4.18 %),19800,536420000,500,13250000,32746646,27.28
20/07/2023,22100,606010000,27.4(0.00 %),22100,606010000,0,0,32725646,27.29
21/07/2023,0,0,27.6(0.73 %),0,0,0,0,32726146,27.29
24/07/2023,32700,891020000,27.5(-0.36 %),34300,934370000,1600,43350000,32691846,27.31
25/07/2023,15500,423150000,27.3(-0.73 %),15500,423150000,0,0,32676346,27.32
26/07/2023,14000,379800000,27.2(-0.37 %),14000,379800000,0,0,32662346,27.33
27/07/2023,11000,301000000,27.5(1.10 %),12000,328500000,1000,27500000,32651346,27.34
28/07/2023,9000,253500000,28.1(2.18 %),9000,253500000,0,0,32642946,0.0
31/07/2023,29200,825980000,28.8(2.49 %),29200,825980000,0,0,32614746,27.36
01/08/2023,30000,850900000,28(-2.78 %),30000,850900000,0,0,32584746,27.38
02/08/2023,4800,132220000,28(0.00 %),7200,198540000,2400,66320000,32577546,27.39
03/08/2023,7683,212052500,28(0.00 %),7700,212520000,17,467500,32569846,27.39
04/08/2023,14000,392000000,28(0.00 %),14000,392000000,0,0,32558246,27.4
07/08/2023,17018,473020400,27.8(-0.71 %),17018,473020400,0,0,32541228,27.41
08/08/2023,12900,359560000,28(0.72 %),13400,373480000,500,13920000,32528328,27.42
09/08/2023,17400,482880000,27.2(-2.86 %),17400,482880000,0,0,32510928,27.43
10/08/2023,84100,2318730000,27.5(1.10 %),84100,2318730000,0,0,32426828,27.49
11/08/2023,19500,536250000,27.7(0.73 %),19500,536250000,0,0,32407328,27.5
14/08/2023,17600,486820000,27.6(-0.36 %),17600,486820000,0,0,32389745,27.51
15/08/2023,3600,100360000,27.4(-0.72 %),10000,274820000,6400,174460000,32379745,27.52
16/08/2023,33800,921160000,27.7(1.09 %),33800,921160000,0,0,32345945,27.54
17/08/2023,5800,160660000,27.6(-0.36 %),6000,166200000,200,5540000,32346345,27.54
18/08/2023,34700,944570000,27.5(-0.36 %),37000,1007590000,2300,63020000,32309345,27.57
21/08/2023,5400,145800000,27(-1.82 %),5400,145800000,0,0,32304145,27.57
22/08/2023,12100,324690000,26.7(-1.11 %),12100,324690000,0,0,32294345,27.58
23/08/2023,1600,43030000,27(1.12 %),1800,48420000,200,5390000,32292545,27.58
24/08/2023,2100,56480000,27(0.00 %),2100,56480000,0,0,32290445,27.58
25/08/2023,1000,27500000,27.6(2.22 %),1000,27500000,0,0,32289445,0.0
28/08/2023,3000,82200000,27.4(-0.72 %),3000,82200000,0,0,32286645,27.58
29/08/2023,27600,772650000,28(2.19 %),34600,965150000,7000,192500000,32252045,27.6
30/08/2023,15600,441780000,28.4(1.43 %),15600,441780000,0,0,32236445,27.61
31/08/2023,12700,362180000,28.4(0.00 %),12700,362180000,0,0,32230745,27.62
05/09/2023,89100,2510870000,28.4(0.00 %),117300,3296680000,28200,785810000,32113445,27.7
06/09/2023,7700,218630000,28.5(0.35 %),7700,218630000,0,0,32105745,0.0
07/09/2023,18100,519110000,28.8(1.05 %),18100,519110000,0,0,32115845,27.69
08/09/2023,32585,960434100,29.8(3.47 %),32800,966770000,215,6335900,32083045,27.72
11/09/2023,15400,450840000,29(-2.68 %),15400,450840000,0,0,32067645,27.73
12/09/2023,25300,744540000,29.6(2.07 %),25300,744540000,0,0,32042560,27.74
13/09/2023,34700,1034950000,29.3(-1.01 %),34700,1034950000,0,0,32007860,27.77
14/09/2023,14297,414982200,28.8(-1.71 %),14300,415070000,3,87800,31993560,27.78
15/09/2023,0,0,0(0.00 %),0,0,0,0,31960060,27.8
18/09/2023,9000,264600000,29.5(-0.34 %),9000,264600000,0,0,31951060,27.8
19/09/2023,9100,263950000,0(0.00 %),27600,806000000,18500,542050000,31941963,27.81
20/09/2023,42900,1269990000,29.6(1.02 %),42900,1269990000,0,0,31899063,27.84
21/09/2023,-3000,-87410000,29.6(0.00 %),0,0,3000,87410000,31899063,27.84
22/09/2023,100,2900000,29.2(-1.35 %),100,2900000,0,0,31898963,27.84
25/09/2023,-24,-674700,28.9(-1.03 %),0,0,24,674700,31901963,27.84
26/09/2023,0,0,28.5(-1.38 %),0,0,0,0,31901963,27.84
27/09/2023,0,0,27.5(-3.51 %),0,0,0,0,31901963,0.0
28/09/2023,0,0,28(1.82 %),0,0,0,0,31901987,0.0
29/09/2023,0,0,28.2(0.71 %),0,0,0,0,31901987,27.84
02/10/2023,0,0,28(-0.71 %),0,0,0,0,31901987,27.84
03/10/2023,0,0,27.9(-0.36 %),0,0,0,0,31901987,27.84
04/10/2023,600,16620000,27.6(-1.08 %),600,16620000,0,0,31901387,27.84
05/10/2023,0,0,27.6(0.00 %),0,0,0,0,31901387,27.84
06/10/2023,0,0,27.4(-0.72 %),0,0,0,0,31901387,27.84
09/10/2023,0,0,27.8(1.46 %),0,0,0,0,31901387,27.84
10/10/2023,0,0,27.8(0.00 %),0,0,0,0,31901387,27.84
11/10/2023,0,0,28(0.72 %),0,0,0,0,31901387,27.84
12/10/2023,0,0,28.1(0.36 %),0,0,0,0,31901387,27.84
13/10/2023,0,0,28.2(0.36 %),0,0,0,0,31901387,27.84
16/10/2023,600,16860000,28(-0.71 %),600,16860000,0,0,31900787,27.84
17/10/2023,0,0,28.2(0.71 %),0,0,0,0,31900787,27.84
18/10/2023,-3600,-99570000,27.9(-1.06 %),0,0,3600,99570000,31900787,27.84
19/10/2023,0,0,24.9(-1.97 %),0,0,0,0,31900787,27.84
20/10/2023,0,0,24.9(0.00 %),0,0,0,0,31904387,27.83
23/10/2023,-100,-2490000,24.8(-0.40 %),0,0,100,2490000,31904387,27.83
24/10/2023,-2500,-60750000,24.8(0.00 %),0,0,2500,60750000,31904387,0.0
25/10/2023,0,0,24.6(-0.81 %),0,0,0,0,31904387,27.83
26/10/2023,0,0,24(-2.44 %),0,0,0,0,31906987,27.83
27/10/2023,0,0,0(0.00 %),0,0,0,0,31906987,27.83
30/10/2023,-700,-16680000,23.5(0.00 %),0,0,700,16680000,31906987,27.83
31/10/2023,200,4620000,23.1(-1.70 %),200,4620000,0,0,31907887,27.83
01/11/2023,-200,-4680000,23.4(1.30 %),0,0,200,4680000,31908587,27.83
02/11/2023,-100,-2380000,23.8(1.71 %),0,0,100,2380000,31908587,27.83
03/11/2023,-200,-4730000,23.8(0.00 %),0,0,200,4730000,31908787,27.83
06/11/2023,-2000,-47600000,23.6(-0.84 %),0,0,2000,47600000,31908887,27.83
07/11/2023,-2200,-52360000,23.7(0.42 %),0,0,2200,52360000,31911087,25.3
08/11/2023,-2700,-63480000,23.8(0.42 %),0,0,2700,63480000,31911087,27.83
09/11/2023,-300,-7220000,24(0.84 %),0,0,300,7220000,31913287,27.83
10/11/2023,-2000,-47050000,23.9(-0.42 %),0,0,2000,47050000,31915987,27.83
13/11/2023,0,0,23.8(-0.42 %),0,0,0,0,31916287,27.83
14/11/2023,0,0,23.7(-0.42 %),0,0,0,0,31918287,27.83
15/11/2023,-1000,-23700000,23.7(0.00 %),0,0,1000,23700000,31918287,27.83
16/11/2023,2000,47400000,23.8(0.42 %),2000,47400000,0,0,31916287,27.83
17/11/2023,100,2380000,23.8(0.00 %),100,2380000,0,0,31917187,27.83
20/11/2023,-2400,-56170000,23.8(0.00 %),0,0,2400,56170000,31917187,27.83
21/11/2023,0,0,23.8(0.00 %),0,0,0,0,31917187,27.83
22/11/2023,0,0,23.5(-1.26 %),0,0,0,0,31919587,27.82
23/11/2023,0,0,23.2(-1.28 %),0,0,0,0,31919587,27.82
24/11/2023,0,0,23.5(1.29 %),0,0,0,0,31919587,27.82
27/11/2023,0,0,23(-2.13 %),0,0,0,0,31919587,27.82
28/11/2023,0,0,23.2(0.87 %),0,0,0,0,31919587,27.82
29/11/2023,0,0,23.1(-0.43 %),0,0,0,0,31919587,27.82
30/11/2023,0,0,23.1(0.00 %),0,0,0,0,31919587,27.82
01/12/2023,0,0,23.5(1.73 %),0,0,0,0,31919587,27.82
04/12/2023,0,0,23.5(0.00 %),0,0,0,0,31919587,27.82
05/12/2023,0,0,23.6(0.43 %),0,0,0,0,31919587,27.82
06/12/2023,-1000,-23600000,23.6(0.00 %),0,0,1000,23600000,31920587,32.72
07/12/2023,0,0,23.5(-0.42 %),0,0,0,0,31920587,32.72
08/12/2023,24,556800,23.6(0.43 %),24,556800,0,0,31920563,32.72
11/12/2023,0,0,23.6(0.00 %),0,0,0,0,31920563,32.72
12/12/2023,1000,23000000,23(-2.54 %),1000,23000000,0,0,31919563,32.72
13/12/2023,0,0,23.2(0.87 %),0,0,0,0,31919563,32.72
14/12/2023,0,0,23.2(0.00 %),0,0,0,0,31919563,32.72
15/12/2023,0,0,23.3(0.43 %),0,0,0,0,31919563,32.72
18/12/2023,-4185,-95261300,22.7(-2.58 %),0,0,4185,95261300,31923748,32.72
19/12/2023,0,0,22.5(-0.88 %),0,0,0,0,31923748,32.72
20/12/2023,0,0,22.9(1.78 %),0,0,0,0,31923748,2.11
21/12/2023,300,6840000,22.8(-0.44 %),300,6840000,0,0,31923448,32.72
22/12/2023,-400,-9120000,23(0.88 %),0,0,400,9120000,31923848,32.72
25/12/2023,-6848,-156135600,22.9(-0.43 %),0,0,6848,156135600,31930696,32.72
26/12/2023,-80,-1797000,23(0.44 %),0,0,80,1797000,35114233,27.82
27/12/2023,-9218,-206716800,22.2(-3.48 %),0,0,9218,206716800,35114233,0.0
28/12/2023,-3900,-87750000,22.5(1.35 %),0,0,3900,87750000,35121081,0.0
29/12/2023,1900,42750000,22.5(0.00 %),1900,42750000,0,0,35128479,27.81
02/01/2024,0,0,22.6(0.44 %),0,0,0,0,35132380,27.81
03/01/2024,0,0,22.7(0.44 %),0,0,0,0,35128479,30.6
04/01/2024,0,0,22.7(0.00 %),0,0,0,0,35128479,30.6
05/01/2024,1300,29510000,22.8(0.44 %),1400,31780000,100,2270000,35127179,30.6
08/01/2024,-100,-2280000,23.1(1.32 %),200,4620000,300,6900000,35127279,30.6
09/01/2024,750,17465000,23.3(0.87 %),750,17465000,0,0,35130130,27.81
10/01/2024,0,0,23.2(-0.43 %),0,0,0,0,35130428,27.81
11/01/2024,500,11850000,23.5(1.29 %),1000,23500000,500,11650000,35129428,27.81
12/01/2024,-1486,-34527100,23.3(-0.85 %),0,0,1486,34527100,35127515,30.6
15/01/2024,0,0,22.6(-3.00 %),0,0,0,0,35129930,27.81
16/01/2024,0,0,22.6(0.00 %),0,0,0,0,35131416,27.81
17/01/2024,0,0,22.8(0.88 %),0,0,0,0,35131416,27.81
18/01/2024,200,4580000,23.1(1.32 %),200,4580000,0,0,35127315,30.6
19/01/2024,80,1854300,23(-0.43 %),300,6900000,220,5045700,35127235,30.6
22/01/2024,0,0,22.8(-0.87 %),0,0,0,0,35127235,30.6
23/01/2024,-100,-2280000,23.1(1.32 %),0,0,100,2280000,35127335,30.6
24/01/2024,0,0,23.1(0.00 %),0,0,0,0,35127335,30.6
25/01/2024,0,0,22.8(-1.30 %),0,0,0,0,35127335,30.6
26/01/2024,0,0,22.8(0.00 %),0,0,0,0,35127335,30.6
29/01/2024,100,2290000,23.1(1.32 %),100,2290000,0,0,35131136,27.81
30/01/2024,0,0,23(-0.43 %),0,0,0,0,35131136,27.81
31/01/2024,100,2300000,23.1(0.43 %),100,2300000,0,0,35131036,27.81
01/02/2024,0,0,22.9(-0.87 %),0,0,0,0,35131135,30.59
02/02/2024,0,0,23.3(1.75 %),0,0,0,0,35131036,27.81
05/02/2024,0,0,23.5(0.86 %),0,0,0,0,35131035,0.0
06/02/2024,0,0,23.4(-0.43 %),0,0,0,0,35131036,27.81
07/02/2024,0,0,23.5(0.43 %),0,0,0,0,35131036,27.81
15/02/2024,-400,-9400000,23.6(0.43 %),0,0,400,9400000,35131036,27.81
16/02/2024,0,0,23.6(0.00 %),0,0,0,0,35131036,27.81
19/02/2024,100,2380000,23.9(1.27 %),100,2380000,0,0,35131336,27.81
20/02/2024,289,6888200,23.8(-0.42 %),300,7150000,11,261800,35131036,27.81
21/02/2024,0,0,23.8(0.00 %),0,0,0,0,35131036,27.81
22/02/2024,0,0,23.8(0.00 %),0,0,0,0,35131036,27.81
23/02/2024,-343,-8129100,23.5(-1.26 %),0,0,343,8129100,35131046,0.0
26/02/2024,-1000,-23500000,23.6(0.43 %),0,0,1000,23500000,35131050,27.81
27/02/2024,0,0,24.2(2.54 %),0,0,0,0,35131046,0.0
28/02/2024,-445,-10815400,24.3(0.41 %),100,2420000,545,13235400,35131289,0.0
29/02/2024,800,19520000,24.6(1.23 %),800,19520000,0,0,35131490,27.81
01/03/2024,-100,-2430000,24.5(-0.41 %),0,0,100,2430000,35131489,0.0
04/03/2024,100,2450000,24.5(0.00 %),100,2450000,0,0,35131934,0.0
05/03/2024,-7900,-188130000,23.9(-2.45 %),100,2440000,8000,190570000,35131936,27.81
06/03/2024,-10,-239000,23.9(0.00 %),0,0,10,239000,35131934,0.0
07/03/2024,0,0,24.3(1.67 %),0,0,0,0,35131934,0.0
08/03/2024,-1000,-24300000,24.3(0.00 %),0,0,1000,24300000,35139934,0.0
11/03/2024,0,0,24(-1.23 %),0,0,0,0,35139944,0.0
12/03/2024,0,0,24(0.00 %),0,0,0,0,35140944,27.81
13/03/2024,-1555,-36864500,24(0.00 %),0,0,1555,36864500,35140944,27.81
14/03/2024,0,0,24(0.00 %),0,0,0,0,35140944,0.0
15/03/2024,0,0,24(0.00 %),0,0,0,0,35140944,0.0
18/03/2024,0,0,23.8(-0.83 %),0,0,0,0,35142500,27.81
19/03/2024,0,0,23.8(0.00 %),0,0,0,0,35142500,27.81
20/03/2024,0,0,23.7(-0.42 %),0,0,0,0,35142499,0.0
21/03/2024,0,0,24.1(1.69 %),0,0,0,0,35142499,0.0
22/03/2024,0,0,24.1(0.00 %),0,0,0,0,35142499,0.0
25/03/2024,0,0,24.1(0.00 %),0,0,0,0,35142500,27.81
26/03/2024,-200,-4820000,24(-0.41 %),0,0,200,4820000,35142499,0.0
27/03/2024,0,0,24.2(0.83 %),0,0,0,0,35142500,27.81
28/03/2024,0,0,24.2(0.00 %),0,0,0,0,35142700,27.81
29/03/2024,0,0,24.6(1.65 %),0,0,0,0,35142700,27.81
01/04/2024,400,9840000,24.6(0.00 %),400,9840000,0,0,35142300,27.81
02/04/2024,1000,24400000,24.6(0.00 %),1000,24400000,0,0,35141299,0.0
03/04/2024,3700,93190000,24.8(0.81 %),8900,221110000,5200,127920000,35132400,27.81
04/04/2024,5900,149120000,24.8(0.00 %),6000,151600000,100,2480000,35126399,0.0
05/04/2024,-300,-7410000,24.4(-1.61 %),0,0,300,7410000,35131600,27.81
08/04/2024,-500,-12140000,23.8(-2.46 %),0,0,500,12140000,35131599,0.0
09/04/2024,0,0,24.4(2.52 %),0,0,0,0,35131699,0.0
10/04/2024,-500,-12200000,24.4(0.00 %),0,0,500,12200000,35131999,0.0
11/04/2024,0,0,24.3(-0.41 %),0,0,0,0,35132500,27.81
12/04/2024,0,0,24(-1.23 %),0,0,0,0,35133000,27.81
15/04/2024,-8900,-210520000,23.3(-2.92 %),0,0,8900,210520000,35132999,0.0
16/04/2024,0,0,23.4(0.43 %),0,0,0,0,35132999,0.0
17/04/2024,0,0,23.1(-1.28 %),0,0,0,0,35132999,0.0
19/04/2024,1500,34440000,22.9(-0.87 %),1500,34440000,0,0,35140399,0.0
22/04/2024,100,2290000,23.1(0.87 %),100,2290000,0,0,35140300,27.81
23/04/2024,0,0,23.2(0.43 %),0,0,0,0,35140300,27.81
24/04/2024,0,0,23.4(0.86 %),0,0,0,0,35140299,0.0
25/04/2024,-100,-2370000,23.7(1.28 %),0,0,100,2370000,35140299,0.0
26/04/2024,0,0,23.1(-2.53 %),0,0,0,0,35140300,27.81
02/05/2024,-9100,-209320000,23.3(0.87 %),200,4640000,9300,213960000,35140200,27.81
03/05/2024,-200,-4740000,23.8(2.15 %),0,0,200,4740000,35140200,27.81
06/05/2024,0,0,23.9(0.42 %),0,0,0,0,35149500,27.8
07/05/2024,100,2400000,23.9(0.00 %),100,2400000,0,0,35149600,27.8
08/05/2024,0,0,24.2(1.26 %),0,0,0,0,35149600,27.8
09/05/2024,-200,-4840000,24.2(0.00 %),0,0,200,4840000,35149600,27.8
10/05/2024,0,0,24.2(0.00 %),0,0,0,0,35149600,27.8
13/05/2024,-200,-4840000,24.1(-0.41 %),0,0,200,4840000,35149800,27.8
14/05/2024,-200,-4820000,24.1(0.00 %),0,0,200,4820000,35149799,0.0
15/05/2024,700,16830000,23.9(-0.83 %),700,16830000,0,0,35149099,0.0
16/05/2024,400,9640000,24.1(0.84 %),400,9640000,0,0,35148899,0.0
17/05/2024,-823,-19994300,24.1(0.00 %),0,0,823,19994300,35149100,27.8
20/05/2024,0,0,24.7(2.49 %),0,0,0,0,35149100,27.8
21/05/2024,0,-200000,24.7(0.00 %),400,9720000,400,9920000,35149520,27.8
22/05/2024,-253,-6163100,24.7(0.00 %),0,0,253,6163100,35149520,27.8
23/05/2024,54,1949200,25.3(2.43 %),900,22850000,846,20900800,35149024,27.8
24/05/2024,-200,-5260000,24.9(-1.58 %),200,5220000,400,10480000,35148822,0.0
27/05/2024,200,4980000,25.5(2.41 %),200,4980000,0,0,35149720,27.8
28/05/2024,-700,-17920000,25.7(0.78 %),0,0,700,17920000,35150120,27.8
29/05/2024,2500,63970000,25.5(-0.78 %),2500,63970000,0,0,35147620,27.8
30/05/2024,-100,-2760000,25.5(0.00 %),1000,25400000,1100,28160000,35147320,27.8
31/05/2024,0,0,25.6(0.39 %),0,0,0,0,35147320,27.8
03/06/2024,2200,56640000,26(1.56 %),2200,56640000,0,0,35145121,0.0
04/06/2024,-3400,-87580000,26(0.00 %),100,2560000,3500,90140000,35146121,0.0
05/06/2024,2000,52070000,26.2(0.77 %),2000,52070000,0,0,35144121,0.0
06/06/2024,-200,-5200000,25.9(-1.15 %),0,0,200,5200000,35147621,27.8
07/06/2024,0,0,25.9(0.00 %),0,0,0,0,35147421,27.8
10/06/2024,0,0,25.7(-0.77 %),0,0,0,0,35147421,0.0
11/06/2024,1000,25700000,25.8(0.39 %),1000,25700000,0,0,35146421,30.58
12/06/2024,200,5140000,26.1(1.16 %),200,5140000,0,0,35146426,27.8
13/06/2024,3700,98210000,26.5(1.53 %),3700,98210000,0,0,35142726,27.81
14/06/2024,-300,-8100000,26.3(-0.75 %),300,7800000,600,15900000,35142426,27.81
17/06/2024,300,7800000,26(-1.14 %),900,23400000,600,15600000,35141526,27.81
18/06/2024,2000,52000000,26(0.00 %),2000,52000000,0,0,35140126,27.81
19/06/2024,-4700,-121260000,26.1(0.38 %),300,7740000,5000,129000000,35140426,27.81
20/06/2024,100,2640000,26.4(1.15 %),100,2640000,0,0,35140326,27.81
21/06/2024,-1800,-48650000,26.7(1.14 %),200,5350000,2000,54000000,35145126,27.8
24/06/2024,-1500,-40650000,25.7(-3.75 %),1200,31440000,2700,72090000,35143926,27.8
25/06/2024,-400,-10400000,26.1(1.56 %),0,0,400,10400000,35145926,27.8
26/06/2024,0,0,26.1(0.00 %),0,0,0,0,35148626,27.8
27/06/2024,0,-760000,26.1(0.00 %),1300,34090000,1300,34850000,35147726,27.8
28/06/2024,1300,33590000,25.9(-0.77 %),1300,33590000,0,0,35146426,27.8
03/07/2024,0,0,26(0.00 %),0,0,0,0,35147711,30.58
04/07/2024,0,0,25.8(-0.77 %),0,0,0,0,35147711,0.0
05/07/2024,-2600,-67570000,25.8(0.00 %),0,0,2600,67570000,35150311,0.0
08/07/2024,400,10290000,25.8(0.00 %),400,10290000,0,0,35149911,0.0
09/07/2024,500,12900000,25.9(0.39 %),500,12900000,0,0,35149411,0.0
10/07/2024,2800,73560000,25.9(0.00 %),2800,73560000,0,0,35146611,0.0
11/07/2024,0,0,26.1(0.77 %),0,0,0,0,35146611,0.0
12/07/2024,100,2610000,26(-0.38 %),100,2610000,0,0,35146511,0.0
15/07/2024,0,0,25.9(-0.38 %),0,0,0,0,35146511,0.0
16/07/2024,0,-60000,26(0.39 %),300,7710000,300,7770000,35146511,0.0
17/07/2024,0,-20000,25.6(-1.54 %),100,2580000,100,2600000,35146511,0.0
18/07/2024,0,0,25.8(0.78 %),0,0,0,0,35146511,0.0
19/07/2024,0,0,25.8(0.00 %),0,0,0,0,35146511,0.0
22/07/2024,-400,-10320000,25.8(0.00 %),0,0,400,10320000,35146911,0.0
23/07/2024,0,0,25.7(-0.39 %),0,0,0,0,35146911,0.0
24/07/2024,200,5060000,25.7(0.00 %),200,5060000,0,0,35146711,0.0
25/07/2024,0,0,25.7(0.00 %),0,0,0,0,35146711,0.0
26/07/2024,1000,26000000,25.7(0.00 %),1000,26000000,0,0,35145711,0.0
29/07/2024,-200,-5180000,25.8(0.39 %),0,0,200,5180000,35145911,0.0
30/07/2024,0,0,25.9(0.39 %),0,0,0,0,35145911,0.0
31/07/2024,0,0,26(0.39 %),0,0,0,0,35145911,0.0
01/08/2024,0,0,25.5(-1.92 %),0,0,0,0,35146011,0.0
02/08/2024,-3800,-96900000,25.5(0.00 %),0,0,3800,96900000,35149811,0.0
05/08/2024,600,15200000,25(-1.96 %),600,15200000,0,0,35149211,0.0
06/08/2024,200,5040000,25.2(0.80 %),200,5040000,0,0,35149011,0.0
07/08/2024,100,2530000,25.1(-0.40 %),100,2530000,0,0,35148911,0.0
08/08/2024,0,0,25.1(0.00 %),0,0,0,0,35148911,0.0
09/08/2024,300,7530000,25.1(0.00 %),300,7530000,0,0,35148611,0.0
12/08/2024,0,0,25.2(0.40 %),0,0,0,0,35148611,0.0
13/08/2024,0,0,25.2(0.00 %),0,0,0,0,35148611,0.0
14/08/2024,0,0,25.3(0.40 %),0,0,0,0,35148611,0.0
15/08/2024,-800,-20160000,25.2(-0.40 %),0,0,800,20160000,35149411,0.0
16/08/2024,200,5080000,25.7(1.98 %),300,7590000,100,2510000,35149211,0.0
19/08/2024,-4000,-102400000,25.7(0.00 %),0,0,4000,102400000,35153211,0.0
20/08/2024,-5644,-143473200,25.7(0.00 %),500,12650000,6144,156123200,35158855,0.0
21/08/2024,0,0,25.9(0.78 %),0,0,0,0,35158855,0.0
22/08/2024,9,234000,26(0.39 %),9,234000,0,0,35158846,0.0
23/08/2024,0,0,26(0.00 %),0,0,0,0,35158846,0.0
26/08/2024,0,0,26(0.00 %),0,0,0,0,35158846,0.0
27/08/2024,0,0,25.8(-0.77 %),0,0,0,0,35158846,0.0
28/08/2024,-5000,-129000000,26(0.78 %),0,0,5000,129000000,35163846,0.0
29/08/2024,0,0,26(0.00 %),0,0,0,0,35163846,0.0
30/08/2024,0,0,26(0.00 %),100,2600000,100,2600000,35163846,0.0
04/09/2024,500,12800000,25.9(-0.38 %),1200,31050000,700,18250000,35163746,0.0
05/09/2024,1400,36240000,26(0.39 %),1600,41400000,200,5160000,35162346,0.0
06/09/2024,400,10360000,26(0.00 %),900,23350000,500,12990000,35161946,0.0
09/09/2024,-500,-13040000,25.6(-1.54 %),600,15600000,1100,28640000,35162446,0.0
10/09/2024,-25,-621600,25.8(0.78 %),0,0,25,621600,35162471,0.0
11/09/2024,0,0,24.7(-0.40 %),0,0,0,0,35162471,0.0
12/09/2024,-400,-9750000,24.6(-0.40 %),100,2400000,500,12150000,35162871,0.0
13/09/2024,-2100,-50020000,23.6(-4.07 %),0,0,2100,50020000,35164971,0.0
16/09/2024,-1800,-42540000,24.1(2.12 %),200,4660000,2000,47200000,35166771,0.0
17/09/2024,0,0,24(-0.41 %),0,0,0,0,35166771,0.0
18/09/2024,0,0,23.8(-0.83 %),0,0,0,0,35166771,0.0
19/09/2024,2900,67760000,23.8(0.00 %),2900,67760000,0,0,35163871,0.0
20/09/2024,0,0,23.7(-0.42 %),0,0,0,0,35163871,0.0
23/09/2024,-200,-4740000,23.7(0.00 %),0,0,200,4740000,35164071,0.0
24/09/2024,0,0,23.8(0.42 %),0,0,0,0,35164071,0.0
25/09/2024,300,6960000,23.8(0.00 %),300,6960000,0,0,35163771,0.0
26/09/2024,700,16450000,24(0.84 %),700,16450000,0,0,35163071,0.0
27/09/2024,500,12000000,24(0.00 %),500,12000000,0,0,35162571,0.0
30/09/2024,1200,28590000,24(0.00 %),2000,48000000,800,19410000,35161371,0.0
01/10/2024,-1300,-31100000,24.1(0.42 %),0,0,1300,31100000,35160171,0.0
02/10/2024,0,0,24.1(0.00 %),0,0,0,0,35160171,0.0
03/10/2024,1900,45790000,24.1(0.00 %),1900,45790000,0,0,35158271,0.0
04/10/2024,0,0,24.1(0.00 %),0,0,0,0,35158271,0.0
07/10/2024,0,0,24.1(0.00 %),0,0,0,0,35158271,0.0
08/10/2024,1034,25018900,23.6(-2.07 %),1900,45700000,866,20681100,35157237,0.0
09/10/2024,0,0,23.1(-2.12 %),0,0,0,0,35157237,0.0
10/10/2024,0,0,23.4(1.30 %),0,0,0,0,35157237,0.0
11/10/2024,390,9128600,23.5(0.43 %),400,9360000,10,231400,35156847,0.0
14/10/2024,0,0,23.4(-0.43 %),0,0,0,0,35156847,0.0
15/10/2024,-1800,-42300000,23.4(0.00 %),0,0,1800,42300000,35158647,0.0
16/10/2024,1000,23200000,23.5(0.43 %),1000,23200000,0,0,35157647,0.0
17/10/2024,0,0,23.6(0.43 %),0,0,0,0,35157647,0.0
18/10/2024,0,0,23.5(-0.42 %),0,0,0,0,35157647,0.0
21/10/2024,0,0,23.5(0.00 %),0,0,0,0,35157647,0.0
22/10/2024,0,0,23.3(-0.85 %),0,0,0,0,35157647,0.0
23/10/2024,0,0,23.3(0.00 %),0,0,0,0,35157647,0.0
24/10/2024,-200,-4650000,23.2(-0.43 %),100,2310000,300,6960000,35157847,0.0
25/10/2024,0,0,22.9(-1.29 %),0,0,0,0,35157847,0.0
28/10/2024,1000,22800000,22.9(0.00 %),1000,22800000,0,0,35156847,0.0
29/10/2024,200,4600000,23.2(1.31 %),200,4600000,0,0,35156647,0.0
30/10/2024,500,11500000,23.1(-0.43 %),500,11500000,0,0,35156147,0.0
31/10/2024,1600,36800000,23(-0.43 %),1600,36800000,0,0,35154547,0.0
01/11/2024,200,4620000,23(0.00 %),200,4620000,0,0,35158247,0.0
04/11/2024,800,18310000,23.1(0.43 %),800,18310000,0,0,35157447,0.0
05/11/2024,-1400,-32460000,23.1(0.00 %),0,0,1400,32460000,35158847,0.0
06/11/2024,1400,32200000,23.1(0.00 %),1400,32200000,0,0,35157447,0.0
07/11/2024,1000,23000000,23.1(0.00 %),1000,23000000,0,0,35156447,0.0
08/11/2024,100,2290000,23.1(0.00 %),100,2290000,0,0,35156347,0.0
11/11/2024,100,2280000,23(-0.43 %),100,2280000,0,0,35156247,0.0
12/11/2024,50,1150000,23(0.00 %),50,1150000,0,0,35065736,27.85
13/11/2024,1000,22900000,23(0.00 %),1000,22900000,0,0,35155197,0.0
14/11/2024,0,0,22.6(-1.74 %),0,0,0,0,35155197,0.0
15/11/2024,800,18280000,22.7(0.44 %),1000,22800000,200,4520000,35154397,0.0
18/11/2024,0,0,22.8(0.44 %),0,0,0,0,35154397,0.0
19/11/2024,1400,31920000,22.8(0.00 %),1400,31920000,0,0,35152997,0.0
20/11/2024,13700,314780000,23(0.88 %),13700,314780000,0,0,35139297,0.0
21/11/2024,2000,46000000,23(0.00 %),2000,46000000,0,0,35137297,0.0
22/11/2024,9400,216200000,22.8(-0.87 %),9400,216200000,0,0,35127897,0.0
25/11/2024,13000,295300000,22.8(0.00 %),13000,295300000,0,0,35113097,27.82
26/11/2024,13000,296400000,22.8(0.00 %),13000,296400000,0,0,35100097,27.83
27/11/2024,14800,337170000,22.9(0.44 %),14800,337170000,0,0,35085297,27.84
28/11/2024,21800,500530000,0(0.00 %),22100,507430000,300,6900000,35063197,27.85
29/11/2024,-100,-2510000,0(0.00 %),700,16490000,800,19000000,35062497,27.85
02/12/2024,-210,-5058000,0(0.00 %),100,2380000,310,7438000,35062697,27.85
03/12/2024,-1400,-33270000,0(0.00 %),500,12030000,1900,45300000,35062997,27.85
04/12/2024,-200,-4760000,0(0.00 %),0,0,200,4760000,35063307,27.85
05/12/2024,0,0,0(0.00 %),0,0,0,0,35065207,27.85
09/12/2024,800,19120000,23.6(-2.07 %),800,19120000,0,0,35064607,27.85
10/12/2024,0,0,23.7(0.42 %),0,0,0,0,35065736,27.85
16/12/2024,3000,64800000,21.7(0.93 %),3000,64800000,0,0,35062457,27.85
17/12/2024,400,8480000,21.5(-0.92 %),400,8480000,0,0,35062257,27.85
18/12/2024,0,0,21.6(0.47 %),0,0,0,0,35062257,27.85
19/12/2024,0,0,21.7(0.46 %),0,0,0,0,35062257,27.85
20/12/2024,1200,25800000,21.7(0.00 %),1200,25800000,0,0,35061057,27.85
24/12/2024,0,0,21.7(0.00 %),0,0,0,0,35060957,27.85
25/12/2024,0,0,21.8(0.46 %),0,0,0,0,35060975,27.85
26/12/2024,400,8780000,21.8(0.00 %),400,8780000,0,0,35060675,27.85
27/12/2024,0,0,21.8(0.00 %),0,0,0,0,35060675,27.85
30/12/2024,-1000,-21800000,21.8(0.00 %),0,0,1000,21800000,35060675,27.85
31/12/2024,-25733,-560977300,21.9(0.46 %),0,0,25733,560977300,35060675,27.85
02/01/2025,0,0,22.3(1.83 %),0,0,0,0,35061675,27.85
03/01/2025,0,0,22.2(-0.45 %),0,0,0,0,35087408,27.84
06/01/2025,5100,111700000,21.9(-1.35 %),5100,111700000,0,0,35082308,27.84
07/01/2025,0,0,21.8(-0.46 %),0,0,0,0,35082308,0.0
08/01/2025,2100,45980000,21.9(0.46 %),2100,45980000,0,0,35080208,27.84
09/01/2025,100,2190000,21.9(0.00 %),100,2190000,0,0,35080108,27.84
10/01/2025,0,0,21.9(0.00 %),0,0,0,0,35080108,27.84
13/01/2025,0,0,21.8(-0.46 %),0,0,0,0,35080108,27.84
14/01/2025,0,0,21.8(0.00 %),0,0,0,0,38586630,27.84
15/01/2025,0,0,21.8(0.00 %),0,0,0,0,38586630,27.84
16/01/2025,0,0,21.7(-0.46 %),0,0,0,0,38586630,0.0
17/01/2025,0,0,21.8(0.46 %),0,0,0,0,38586630,27.84
20/01/2025,-759,-16518500,21.7(-0.46 %),0,0,759,16518500,40410545,27.84
21/01/2025,0,0,21.9(0.92 %),0,0,0,0,40410545,27.84
22/01/2025,0,0,21.8(-0.46 %),0,0,0,0,40411304,27.84
23/01/2025,0,0,22(0.92 %),0,0,0,0,40411304,27.84
24/01/2025,-2000,-46240000,23.1(5.00 %),1000,23300000,3000,69540000,40410304,27.84
03/02/2025,0,0,0(0.00 %),0,0,0,0,40407704,27.85
04/02/2025,100,2320000,23.4(-0.43 %),100,2320000,0,0,40410604,27.84
05/02/2025,0,0,23.3(-0.43 %),0,0,0,0,40410804,27.84
06/02/2025,-2000,-47100000,23.6(1.29 %),0,0,2000,47100000,40410804,27.84
07/02/2025,-400,-9560000,23.6(0.00 %),0,0,400,9560000,40410804,27.84
10/02/2025,100,2350000,23.6(0.00 %),100,2350000,0,0,40412704,27.84
11/02/2025,0,0,23.8(0.85 %),0,0,0,0,40413104,27.84
12/02/2025,-1718,-44039600,25.2(5.88 %),100,2420000,1818,46459600,40413004,27.84
13/02/2025,-11837,-302068600,25.5(1.19 %),100,2550000,11937,304618600,40412904,27.84
14/02/2025,-500,-12780000,25(-1.96 %),100,2500000,600,15280000,40414622,27.84
17/02/2025,2650,66065400,25(0.00 %),2650,66065400,0,0,40423909,27.84
18/02/2025,1000,25000000,26(4.00 %),1000,25000000,0,0,40423509,27.84
19/02/2025,-115,-2982900,25.6(-1.54 %),0,0,115,2982900,40423509,27.84
20/02/2025,100,2550000,25.5(-0.39 %),100,2550000,0,0,40423409,27.84
21/02/2025,-600,-15080000,25.1(-1.57 %),0,0,600,15080000,40423524,27.84
24/02/2025,-700,-17840000,25.6(1.99 %),0,0,700,17840000,40423524,27.84
25/02/2025,-307,-8357700,25.2(-1.56 %),900,22410000,1207,30767700,40423224,27.84
26/02/2025,-1200,-30160000,25(-0.79 %),0,0,1200,30160000,40423924,27.84
27/02/2025,900,22500000,25(0.00 %),900,22500000,0,0,40424231,27.84
28/02/2025,0,0,24.9(-0.40 %),0,0,0,0,40425431,27.84
03/03/2025,-1400,-34860000,24.9(0.00 %),0,0,1400,34860000,40425431,27.84
04/03/2025,0,0,24.9(0.00 %),0,0,0,0,40425431,27.84
05/03/2025,-1000,-24900000,24.9(0.00 %),0,0,1000,24900000,40426831,27.84
06/03/2025,0,-30000,25.5(2.41 %),200,5040000,200,5070000,40426631,27.84
07/03/2025,-500,-12780000,25.1(-1.57 %),0,0,500,12780000,40427631,27.83
10/03/2025,0,0,24.8(-1.20 %),0,0,0,0,40427831,27.83
11/03/2025,0,0,24.8(0.00 %),0,0,0,0,40427831,27.83
12/03/2025,0,0,24.5(-1.21 %),0,0,0,0,40428331,27.83
13/03/2025,0,0,25(2.04 %),0,0,0,0,40428331,27.83
14/03/2025,0,0,24.9(-0.40 %),0,0,0,0,40428331,27.83
17/03/2025,0,0,0(0.00 %),0,0,0,0,40428331,27.83
18/03/2025,-1390,-34747000,24.8(-0.40 %),110,2753000,1500,37500000,40428221,27.83
19/03/2025,0,0,24.8(0.00 %),0,0,0,0,40428221,27.83
20/03/2025,0,0,24.6(-0.81 %),0,0,0,0,40429721,27.83
21/03/2025,-9,-221400,24.3(-1.22 %),0,0,9,221400,40429721,27.83
24/03/2025,100,2430000,24.8(2.06 %),100,2430000,0,0,40429621,27.83
25/03/2025,500,12100000,24.8(0.00 %),500,12100000,0,0,40429130,27.83
26/03/2025,0,0,24.7(-0.40 %),0,0,0,0,40429130,27.83
27/03/2025,0,0,24.3(-1.62 %),0,0,0,0,40429130,27.83
28/03/2025,0,0,24.4(0.41 %),0,0,0,0,40429130,27.83
31/03/2025,0,0,24.1(-1.23 %),0,0,0,0,40429130,27.83
01/04/2025,-500,-12000000,24.1(0.00 %),0,0,500,12000000,40429130,27.83
02/04/2025,0,0,24.5(1.66 %),0,0,0,0,40429130,27.83
03/04/2025,100,2370000,23.3(-4.90 %),200,4600000,100,2230000,40429430,27.83
04/04/2025,0,0,23(-1.29 %),0,0,0,0,40429430,27.83
08/04/2025,-2800,-60850000,22(-4.35 %),0,0,2800,60850000,40429530,27.83
09/04/2025,-14000,-295950000,21.3(-3.18 %),0,0,14000,295950000,40429530,27.83
10/04/2025,800,18620000,22.9(7.51 %),1000,23220000,200,4600000,40431330,27.83
11/04/2025,0,0,22.9(0.00 %),0,0,0,0,40445330,27.82
14/04/2025,0,0,22.8(-0.44 %),0,0,0,0,40445530,27.82
15/04/2025,0,0,22.6(-0.88 %),0,0,0,0,40445530,27.82
16/04/2025,0,0,23(1.77 %),0,0,0,0,40445530,27.82
17/04/2025,-5000,-115000000,22.9(-0.43 %),0,0,5000,115000000,40445530,27.82
18/04/2025,0,0,23(0.44 %),0,0,0,0,40445530,27.82
21/04/2025,0,0,22.6(-1.74 %),0,0,0,0,40450530,27.82
22/04/2025,0,0,22.5(-0.44 %),0,0,0,0,40450530,27.82
23/04/2025,2000,44790000,22.4(-0.44 %),2100,47040000,100,2250000,40448430,27.82
24/04/2025,0,0,22.6(0.89 %),0,0,0,0,40448430,27.82
25/04/2025,0,0,22.4(-0.88 %),0,0,0,0,40448530,27.82
28/04/2025,300,6630000,22.2(-0.89 %),300,6630000,0,0,40448230,27.82
29/04/2025,0,0,22.2(0.00 %),0,0,0,0,40448230,27.82
05/05/2025,0,0,22.1(-0.45 %),0,0,0,0,40448230,27.82
06/05/2025,400,8680000,22(-0.45 %),600,13200000,200,4520000,40447830,27.82
07/05/2025,0,0,22.3(1.36 %),0,0,0,0,40447830,27.82
08/05/2025,0,0,22.4(0.45 %),0,0,0,0,40447830,27.82
09/05/2025,0,0,22.2(-0.89 %),0,0,0,0,40447730,27.82
12/05/2025,300,6660000,22.3(0.45 %),300,6660000,0,0,40447430,27.82
13/05/2025,0,0,22.1(-0.90 %),0,0,0,0,40447430,27.82
14/05/2025,100,2200000,22.3(0.90 %),100,2200000,0,0,40447330,27.82
15/05/2025,0,0,22.1(-0.90 %),0,0,0,0,40447330,27.82
16/05/2025,0,0,22.3(0.90 %),0,0,0,0,40447330,27.82
19/05/2025,-15400,-339680000,22(-1.35 %),0,0,15400,339680000,40447331,27.82
20/05/2025,-10100,-223220000,22.1(0.45 %),0,0,10100,223220000,40447331,27.82
21/05/2025,-50800,-1121550000,22(-0.45 %),0,0,50800,1121550000,40462731,27.82
22/05/2025,-10200,-224400000,22(0.00 %),0,0,10200,224400000,40472831,27.81
23/05/2025,-58100,-1281510000,22(0.00 %),2200,48590000,60300,1330100000,40523631,27.78
26/05/2025,-23500,-515200000,22(0.00 %),0,0,23500,515200000,40533831,27.78
27/05/2025,-103400,-2248460000,21.9(-0.45 %),1000,21790000,104400,2270250000,40591931,27.74
28/05/2025,-50400,-1099300000,21.7(-0.91 %),1500,32790000,51900,1132090000,40615431,27.73
29/05/2025,-5900,-129020000,21.9(0.92 %),400,8720000,6300,137740000,40718877,27.68
30/05/2025,-1500,-32700000,21.7(-0.91 %),500,10900000,2000,43600000,40769277,27.65
02/06/2025,-59200,-1278250000,21.6(-0.46 %),100,2170000,59300,1280420000,40775267,27.64
03/06/2025,-5800,-125440000,21.8(0.93 %),0,0,5800,125440000,40776767,27.64
04/06/2025,-48700,-1048260000,21.6(-0.92 %),0,0,48700,1048260000,40835967,27.61
05/06/2025,-14100,-306260000,21.8(0.93 %),0,0,14100,306260000,40841767,27.61
06/06/2025,-41100,-898250000,21.7(-0.46 %),800,17440000,41900,915690000,40890467,27.58
09/06/2025,-86300,-1891060000,21.9(0.92 %),2400,52880000,88700,1943940000,40904567,27.57
10/06/2025,-22000,-481400000,22.5(2.74 %),10000,224600000,32000,706000000,40945693,27.55
11/06/2025,-30100,-675260000,22.5(0.00 %),0,0,30100,675260000,41031993,27.5
12/06/2025,-34400,-769260000,22.4(-0.44 %),300,6720000,34700,775980000,41054085,27.49
13/06/2025,-44000,-981800000,22.3(-0.45 %),1000,22200000,45000,1004000000,41084185,27.47
16/06/2025,-32300,-722990000,22.9(2.69 %),700,15610000,33000,738600000,41118585,27.46
17/06/2025,-31800,-718200000,22.5(-1.75 %),0,0,31800,718200000,41162585,27.43
18/06/2025,-13700,-309420000,22.6(0.44 %),0,0,13700,309420000,41194885,27.41
19/06/2025,-20900,-472600000,22.8(0.88 %),0,0,20900,472600000,41226706,27.4
20/06/2025,-214800,-4785470000,22.3(-2.19 %),0,0,214800,4785470000,41240406,27.39
23/06/2025,-200,-4480000,22.3(0.00 %),0,0,200,4480000,41261401,27.38
24/06/2025,0,0,22.4(0.45 %),0,0,0,0,41476201,27.26
25/06/2025,-900,-19350000,21.7(1.40 %),0,0,900,19350000,41476401,27.26
26/06/2025,-1000,-21700000,21.5(-0.92 %),0,0,1000,21700000,41476401,27.26
27/06/2025,0,0,21.5(0.00 %),0,0,0,0,41477322,27.26
30/06/2025,0,0,21.4(-0.47 %),0,0,0,0,41478322,27.26
01/07/2025,0,0,21.4(0.00 %),0,0,0,0,41478322,27.26
02/07/2025,4700,99640000,21.5(0.47 %),4700,99640000,0,0,41473622,27.26
03/07/2025,-300,-6370000,21.3(-0.93 %),0,0,300,6370000,41473622,27.26
04/07/2025,0,0,21.5(0.94 %),0,0,0,0,41473622,27.26
07/07/2025,0,0,21.5(0.00 %),0,0,0,0,41473922,27.26
08/07/2025,0,0,21.6(0.47 %),0,0,0,0,41473922,27.26
09/07/2025,0,0,21.8(0.93 %),0,0,0,0,41473922,27.26
10/07/2025,0,0,21.8(0.00 %),0,0,0,0,41473922,27.26
11/07/2025,0,0,21.9(0.46 %),0,0,0,0,41473922,27.26
14/07/2025,-1300,-28290000,21.9(0.00 %),300,6510000,1600,34800000,41473922,27.26
15/07/2025,3000,65700000,22(0.46 %),3000,65700000,0,0,41470922,27.26
16/07/2025,100,2200000,22(0.00 %),100,2200000,0,0,41472163,27.26
17/07/2025,300,6570000,21.9(-0.45 %),300,6570000,0,0,41472163,27.26
18/07/2025,500,10910000,21.9(0.00 %),500,10910000,0,0,41471363,27.26
21/07/2025,2100,42630000,20.1(1.01 %),2100,42630000,0,0,41469263,27.26
22/07/2025,-1100,-22230000,20.2(0.50 %),0,0,1100,22230000,41469263,27.26
23/07/2025,-300,-6040000,20.1(-0.50 %),0,0,300,6040000,41469263,27.26
24/07/2025,0,0,20.1(0.00 %),0,0,0,0,41470363,27.26
25/07/2025,11000,221100000,20.2(0.50 %),11000,221100000,0,0,41459715,27.27
28/07/2025,-2100,-42630000,20.5(1.49 %),0,0,2100,42630000,41459715,27.27
29/07/2025,3000,61200000,20.2(-1.46 %),3000,61200000,0,0,41456715,27.27
30/07/2025,0,0,20.4(0.99 %),0,0,0,0,41458815,27.27
31/07/2025,-6500,-132880000,20.4(0.00 %),0,0,6500,132880000,41458815,27.27
01/08/2025,100,2040000,20.3(-0.49 %),100,2040000,0,0,41458715,27.27
04/08/2025,-6000,-123000000,20.8(2.46 %),0,0,6000,123000000,41465225,27.27
05/08/2025,0,0,20.8(0.00 %),0,0,0,0,41465225,27.27
06/08/2025,0,0,20.8(0.00 %),0,0,0,0,41471225,27.26
07/08/2025,-400,-8280000,20.7(-0.48 %),0,0,400,8280000,41471225,27.26
08/08/2025,-1900,-39900000,20.7(0.00 %),0,0,1900,39900000,41471225,27.26
11/08/2025,0,0,21.3(2.90 %),0,0,0,0,41471625,27.26
12/08/2025,0,0,21.5(0.94 %),0,0,0,0,41473525,27.26
13/08/2025,-8100,-174550000,21.8(1.40 %),2000,43000000,10100,217550000,41473525,27.26
14/08/2025,0,0,21.8(0.00 %),0,0,0,0,41473525,27.26
15/08/2025,-300,-6540000,21.6(-0.92 %),0,0,300,6540000,41481625,27.26
18/08/2025,-5400,-116640000,22(1.85 %),0,0,5400,116640000,41481625,27.26
19/08/2025,-1200,-26240000,21.7(-1.36 %),0,0,1200,26240000,41481925,27.26
20/08/2025,-2300,-49680000,21.4(-1.38 %),0,0,2300,49680000,41487325,27.25
21/08/2025,0,0,21.6(0.93 %),0,0,0,0,41488525,27.25
22/08/2025,0,0,21.6(0.00 %),0,0,0,0,41488525,27.25
25/08/2025,100,2160000,21.3(-1.39 %),200,4260000,100,2100000,41490869,27.25
