Ngay,KLGDRong,GTDGRong,ThayDoi,KLMua,GtMua,KLBan,GtBan,RoomConLai,DangSoHuu
15/02/2006,21800,741200,0(0.00 %),21800,741200,0,0,0,0.0
16/02/2006,-14920,-507280,0(0.00 %),10080,342720,25000,850000,0,0.0
17/02/2006,-11600,-388600,0(0.00 %),12400,415400,24000,804000,0,0.0
20/02/2006,-34300,-1046500,0(0.00 %),700,21000,35000,1067500,0,0.0
21/02/2006,-10000,-320000,0(0.00 %),5000,160000,15000,480000,0,0.0
22/02/2006,29000,974400,0(0.00 %),29200,981120,200,6720,0,0.0
23/02/2006,5450,187800,0(0.00 %),5450,187800,0,0,0,0.0
24/02/2006,-36200,-1258090,0(0.00 %),3400,119000,39600,1377090,0,0.0
27/02/2006,1400,47850,0(0.00 %),1400,47850,0,0,0,0.0
28/02/2006,3900,129540,0(0.00 %),3900,129540,0,0,0,0.0
01/03/2006,6100,203740,0(0.00 %),6100,203740,0,0,0,0.0
02/03/2006,-6390,-223650,0(0.00 %),7000,245000,13390,468650,0,0.0
03/03/2006,-40400,-1389300,0(0.00 %),24000,828000,64400,2217300,0,0.0
06/03/2006,650,21840,0(0.00 %),650,21840,0,0,0,0.0
07/03/2006,300,10140,0(0.00 %),300,10140,0,0,0,0.0
08/03/2006,800,27180,0(0.00 %),800,27180,0,0,0,0.0
09/03/2006,-10020,-345690,0(0.00 %),0,0,10020,345690,0,0.0
10/03/2006,-19400,-678840,0(0.00 %),400,14160,19800,693000,0,0.0
13/03/2006,-9750,-343200,0(0.00 %),150,5280,9900,348480,0,0.0
14/03/2006,-3900,-138060,0(0.00 %),6000,212400,9900,350460,0,0.0
15/03/2006,8500,286500,0(0.00 %),8500,286500,0,0,0,0.0
16/03/2006,-9310,-324165,0(0.00 %),590,20355,9900,344520,0,0.0
17/03/2006,700,24500,0(0.00 %),1000,35000,300,10500,0,0.0
20/03/2006,2100,74360,0(0.00 %),2600,92060,500,17700,0,0.0
21/03/2006,-79560,-2900764,0(0.00 %),0,0,79560,2900764,0,0.0
22/03/2006,-9900,-371250,0(0.00 %),0,0,9900,371250,0,0.0
23/03/2006,-11900,-430200,0(0.00 %),0,0,11900,430200,0,0.0
24/03/2006,-2000,-71000,0(0.00 %),0,0,2000,71000,0,0.0
27/03/2006,-1000,-35000,0(0.00 %),1000,35000,2000,70000,0,0.0
28/03/2006,-2000,-71200,0(0.00 %),0,0,2000,71200,0,0.0
29/03/2006,-12000,-426000,0(0.00 %),0,0,12000,426000,0,0.0
30/03/2006,-10000,-360000,0(0.00 %),3500,126000,13500,486000,0,0.0
31/03/2006,16900,614830,0(0.00 %),24850,905005,7950,290175,0,0.0
03/04/2006,-300,-10890,0(0.00 %),1700,61710,2000,72600,0,0.0
04/04/2006,-1500,-52500,0(0.00 %),500,17500,2000,70000,0,0.0
05/04/2006,-3450,-120750,0(0.00 %),550,19250,4000,140000,0,0.0
06/04/2006,-8530,-298550,0(0.00 %),1500,52500,10030,351050,0,0.0
07/04/2006,-34400,-1246240,0(0.00 %),0,0,34400,1246240,0,0.0
10/04/2006,-80960,-3024900,0(0.00 %),23600,874550,104560,3899450,0,0.0
11/04/2006,-42340,-1663962,0(0.00 %),26800,1053240,69140,2717202,0,0.0
12/04/2006,-11800,-486160,0(0.00 %),21600,889920,33400,1376080,0,0.0
13/04/2006,-23600,-1019520,0(0.00 %),0,0,23600,1019520,0,0.0
14/04/2006,-10020,-453906,0(0.00 %),0,0,10020,453906,0,0.0
17/04/2006,12500,593750,0(0.00 %),12500,593750,0,0,0,0.0
18/04/2006,-23620,-1176276,0(0.00 %),0,0,23620,1176276,0,0.0
19/04/2006,17280,859884,0(0.00 %),17580,875484,300,15600,0,0.0
20/04/2006,-4400,-215360,0(0.00 %),5500,273700,9900,489060,0,0.0
21/04/2006,-10300,-530450,0(0.00 %),0,0,10300,530450,0,0.0
24/04/2006,-2500,-135000,0(0.00 %),7500,405000,10000,540000,0,0.0
25/04/2006,8900,502850,0(0.00 %),9900,559350,1000,56500,0,0.0
26/04/2006,6250,368750,0(0.00 %),6800,401200,550,32450,0,0.0
27/04/2006,-7100,-396900,0(0.00 %),5500,321500,12600,718400,0,0.0
28/04/2006,-2950,-167550,0(0.00 %),150,8100,3100,175650,0,0.0
03/05/2006,1700,104550,0(0.00 %),2000,123000,300,18450,0,0.0
04/05/2006,-19180,-1121150,0(0.00 %),820,48850,20000,1170000,0,0.0
05/05/2006,250,14750,0(0.00 %),250,14750,0,0,0,0.0
08/05/2006,-1800,-101700,0(0.00 %),200,11300,2000,113000,0,0.0
09/05/2006,-7190,-388260,54(-4.42 %),300,16200,7490,404460,0,0.0
10/05/2006,650,33475,51.5(-4.63 %),650,33475,0,0,0,0.0
11/05/2006,50,2450,54(4.85 %),50,2450,0,0,0,0.0
12/05/2006,3020,166850,56.5(4.63 %),3020,166850,0,0,0,0.0
15/05/2006,-3370,-190405,57.5(1.77 %),2200,124300,5570,314705,0,0.0
16/05/2006,2850,160450,55(-4.35 %),2850,160450,0,0,0,0.0
17/05/2006,-7300,-416300,57(3.64 %),700,39700,8000,456000,0,0.0
18/05/2006,3300,186450,55.5(-2.63 %),3300,186450,0,0,0,0.0
19/05/2006,6500,364500,56(0.90 %),7000,392000,500,27500,0,0.0
22/05/2006,-29200,-1571470,53.5(-4.46 %),1070,58245,30270,1629715,0,0.0
24/05/2006,-46500,-2470500,53.5(4.90 %),3000,153000,49500,2623500,0,0.0
25/05/2006,50,2550,51(-4.67 %),50,2550,0,0,0,0.0
29/05/2006,6050,290375,47.5(-4.81 %),6050,290375,0,0,0,0.0
30/05/2006,5000,226000,45.2(-4.84 %),5000,226000,0,0,0,0.0
31/05/2006,430,21036,46.8(3.54 %),1000,46800,570,25764,0,0.0
01/06/2006,100,4680,46.2(-1.28 %),100,4680,0,0,0,0.0
02/06/2006,-9450,-453600,48(3.90 %),100,4800,9550,458400,0,0.0
05/06/2006,14900,747850,50(4.17 %),19900,994850,5000,247000,0,0.0
06/06/2006,-6900,-358800,49.5(-1.00 %),100,5200,7000,364000,0,0.0
07/06/2006,-10800,-520560,48.2(-2.63 %),1200,57840,12000,578400,0,0.0
08/06/2006,-15900,-800000,50.5(4.77 %),100,5000,16000,805000,0,0.0
13/06/2006,300,15000,49.5(-1.98 %),300,15000,0,0,0,0.0
14/06/2006,-5950,-296925,50(1.01 %),200,10000,6150,306925,0,0.0
16/06/2006,-1950,-93600,48(-3.03 %),50,2400,2000,96000,0,0.0
19/06/2006,2500,118800,47.6(-0.83 %),3000,142800,500,24000,0,0.0
20/06/2006,-20810,-989130,47(-1.26 %),150,7050,20960,996180,0,0.0
21/06/2006,-5950,-263100,44.7(-4.89 %),3950,179430,9900,442530,0,0.0
22/06/2006,-700,-32830,46.9(4.92 %),0,0,700,32830,0,0.0
23/06/2006,-9900,-487080,49.2(4.90 %),0,0,9900,487080,0,0.0
26/06/2006,360,20910,48.8(-0.81 %),11100,541800,10740,520890,0,0.0
27/06/2006,-2800,-135813,48.4(-0.82 %),200,9687,3000,145500,0,0.0
28/06/2006,1000,48500,49.5(2.27 %),1000,48500,0,0,0,0.0
29/06/2006,-340,-17230,49.7(0.40 %),1660,82170,2000,99400,0,0.0
30/06/2006,-14950,-742550,49.5(-0.40 %),0,0,14950,742550,0,0.0
03/07/2006,-9350,-392150,42(-15.15 %),550,23650,9900,415800,0,0.0
04/07/2006,-11380,-467120,41(-2.38 %),350,14400,11730,481520,0,0.0
05/07/2006,-19380,-793290,41(0.00 %),170,6970,19550,800260,0,0.0
06/07/2006,-300,-12750,42.5(3.66 %),0,0,300,12750,0,0.0
07/07/2006,-2500,-108800,43.5(2.35 %),500,21700,3000,130500,0,0.0
11/07/2006,50,2225,46(3.37 %),50,2225,0,0,0,0.0
12/07/2006,50,2290,45(-2.17 %),50,2290,0,0,0,0.0
13/07/2006,2360,106200,45(0.00 %),2360,106200,0,0,0,0.0
17/07/2006,1000,44000,44(-3.08 %),1000,44000,0,0,0,0.0
18/07/2006,-1520,-66880,44(0.00 %),1000,44000,2520,110880,0,0.0
19/07/2006,-5460,-229125,42(-4.55 %),130,5655,5590,234780,0,0.0
21/07/2006,1050,45925,42.5(-2.97 %),1050,45925,0,0,0,0.0
24/07/2006,7000,294000,41.4(-2.59 %),7000,294000,0,0,0,0.0
25/07/2006,10680,421516,39.4(-4.83 %),10680,421516,0,0,0,0.0
26/07/2006,5050,198950,39.4(0.00 %),5050,198950,0,0,0,0.0
28/07/2006,13450,551450,41(-0.73 %),13450,551450,0,0,0,0.0
31/07/2006,550,21500,39(-4.88 %),550,21500,0,0,0,0.0
01/08/2006,6250,231875,37.1(-4.87 %),6250,231875,0,0,0,0.0
02/08/2006,6700,249600,38(2.43 %),6700,249600,0,0,0,0.0
03/08/2006,13170,525483,39.9(5.00 %),13170,525483,0,0,0,0.0
04/08/2006,3300,137940,41.8(4.76 %),5000,209000,1700,71060,0,0.0
07/08/2006,1710,68229,39.9(-4.55 %),1710,68229,0,0,0,0.0
08/08/2006,-2000,-82400,41.2(3.26 %),0,0,2000,82400,0,0.0
09/08/2006,1010,42110,41(-0.49 %),1010,42110,0,0,0,0.0
10/08/2006,9700,400610,41.3(0.73 %),9700,400610,0,0,0,0.0
11/08/2006,9650,409965,42.5(2.91 %),12850,542865,3200,132900,0,0.0
14/08/2006,5730,255558,44.6(4.94 %),19800,883080,14070,627522,0,0.0
16/08/2006,18130,825960,45.5(4.60 %),20740,943410,2610,117450,0,0.0
17/08/2006,95200,4534170,46(1.10 %),96900,4614920,1700,80750,0,0.0
18/08/2006,-1070,-49755,46.5(1.09 %),100,4650,1170,54405,0,0.0
21/08/2006,7200,332700,46.2(-0.65 %),7200,332700,0,0,0,0.0
22/08/2006,6760,296769,43.9(-4.98 %),6760,296769,0,0,0,0.0
23/08/2006,3300,149850,45.5(3.64 %),3300,149850,0,0,0,0.0
24/08/2006,2140,97584,45.6(0.22 %),2140,97584,0,0,0,0.0
25/08/2006,10,456,45.6(0.00 %),10,456,0,0,0,0.0
28/08/2006,90000,4212000,46.5(1.97 %),90000,4212000,0,0,0,0.0
29/08/2006,41710,1978775,47.5(2.15 %),42660,2023650,950,44875,0,0.0
30/08/2006,72370,3547517,49(3.16 %),74820,3667647,2450,120130,0,0.0
31/08/2006,-330,-15838,48.9(-0.20 %),500,24500,830,40338,0,0.0
01/09/2006,-100,-5000,50(2.25 %),0,0,100,5000,0,0.0
05/09/2006,-11100,-582000,52.5(5.00 %),0,0,11100,582000,0,0.0
06/09/2006,79600,4179000,52.5(0.00 %),88420,4642050,8820,463050,0,0.0
07/09/2006,-10900,-583050,53(0.95 %),0,0,10900,583050,0,0.0
08/09/2006,-9500,-507910,53.5(0.94 %),0,0,9500,507910,0,0.0
11/09/2006,-1780,-97900,55(2.80 %),150,8250,1930,106150,0,0.0
12/09/2006,110,5875,52.5(-4.55 %),110,5875,0,0,0,0.0
13/09/2006,-21500,-1161850,54(2.86 %),0,0,21500,1161850,0,0.0
14/09/2006,100,5350,53(-1.85 %),100,5350,0,0,0,0.0
15/09/2006,-29700,-1574100,53(0.00 %),0,0,29700,1574100,0,0.0
18/09/2006,-5480,-290440,53(0.00 %),0,0,5480,290440,0,0.0
19/09/2006,-3920,-209720,53.5(0.94 %),340,18190,4260,227910,0,0.0
20/09/2006,9670,517095,53(-0.93 %),9670,517095,0,0,0,0.0
21/09/2006,390,20280,53(0.00 %),390,20280,0,0,0,0.0
25/09/2006,-1950,-103350,53(0.95 %),1500,79500,3450,182850,0,0.0
26/09/2006,3100,162750,52.5(-0.94 %),3100,162750,0,0,0,0.0
27/09/2006,13670,724060,52.5(0.00 %),13670,724060,0,0,0,0.0
28/09/2006,-730,-38325,52.5(0.00 %),0,0,730,38325,0,0.0
29/09/2006,3210,170130,53(0.95 %),7700,408100,4490,237970,0,0.0
02/10/2006,10610,562340,54(1.89 %),13980,740950,3370,178610,0,0.0
03/10/2006,8400,461750,55.5(2.78 %),9860,542300,1460,80550,0,0.0
04/10/2006,73650,4095065,55.5(0.00 %),99570,5525885,25920,1430820,0,0.0
05/10/2006,90,4925,54(-2.70 %),90,4925,0,0,0,0.0
09/10/2006,-4320,-238160,54(0.00 %),560,30240,4880,268400,0,0.0
10/10/2006,400,20800,52(-3.70 %),400,20800,0,0,0,0.0
11/10/2006,3490,179735,51.5(-0.96 %),3490,179735,0,0,0,0.0
12/10/2006,900,46650,52(0.97 %),900,46650,0,0,0,0.0
13/10/2006,2850,146115,51.5(-0.96 %),3790,194885,940,48770,0,0.0
16/10/2006,-6240,-315120,50.5(-1.94 %),860,43430,7100,358550,0,0.0
17/10/2006,-5750,-278725,48.5(-3.96 %),23950,1161725,29700,1440450,0,0.0
18/10/2006,19800,980100,49.5(2.06 %),19800,980100,0,0,0,0.0
19/10/2006,5240,267240,51(3.03 %),5240,267240,0,0,0,0.0
20/10/2006,15010,765510,50.5(-0.98 %),15010,765510,0,0,0,0.0
23/10/2006,21770,1088500,50(-0.99 %),21770,1088500,0,0,0,0.0
24/10/2006,22340,1117000,50(0.00 %),22340,1117000,0,0,0,0.0
25/10/2006,15000,745500,49.5(-1.00 %),15000,745500,0,0,0,0.0
26/10/2006,15500,773500,50(1.01 %),15500,773500,0,0,0,0.0
27/10/2006,77790,3889500,50(0.00 %),78240,3912000,450,22500,0,0.0
30/10/2006,7160,348692,48.7(-2.60 %),7660,373042,500,24350,0,0.0
31/10/2006,1930,94570,49(0.62 %),2930,143570,1000,49000,0,0.0
01/11/2006,-3970,-197715,49.8(1.63 %),30,1485,4000,199200,0,0.0
02/11/2006,34250,1695375,49.5(-0.60 %),34250,1695375,0,0,0,0.0
03/11/2006,270,13257,49.1(-0.81 %),270,13257,0,0,0,0.0
06/11/2006,6090,301855,49.5(0.81 %),7090,350955,1000,49100,0,0.0
07/11/2006,45000,2272500,50.5(2.02 %),45000,2272500,0,0,0,0.0
08/11/2006,23550,1189275,50.5(0.00 %),23550,1189275,0,0,0,0.0
09/11/2006,44190,2282580,52(2.97 %),46390,2396780,2200,114200,0,0.0
10/11/2006,26110,1354865,51.5(-0.96 %),26310,1365465,200,10600,0,0.0
13/11/2006,50610,2653330,52.5(1.94 %),89680,4677505,39070,2024175,0,0.0
14/11/2006,14340,767180,53(0.95 %),34840,1845180,20500,1078000,0,0.0
15/11/2006,32310,1706625,52.5(-0.94 %),41310,2183625,9000,477000,0,0.0
16/11/2006,102500,5381175,52.5(0.00 %),107700,5654175,5200,273000,0,0.0
17/11/2006,185400,9970870,54(2.86 %),186700,10040920,1300,70050,0,0.0
20/11/2006,320500,17743150,55.5(2.78 %),333800,18481300,13300,738150,0,0.0
21/11/2006,18460,1006070,53.5(-3.60 %),18460,1006070,0,0,0,0.0
22/11/2006,5000,265000,53(-0.93 %),5000,265000,0,0,0,0.0
23/11/2006,-24300,-1272850,54.5(2.83 %),0,0,24300,1272850,0,0.0
24/11/2006,-12370,-680350,55(0.92 %),300,16500,12670,696850,0,0.0
27/11/2006,-6000,-333000,52.5(-4.55 %),0,0,6000,333000,0,0.0
28/11/2006,-2000,-105000,52.5(0.00 %),0,0,2000,105000,0,0.0
29/11/2006,35800,1865100,51.5(-1.90 %),38800,2022600,3000,157500,0,0.0
30/11/2006,6050,313100,52.5(1.94 %),12670,658840,6620,345740,0,0.0
01/12/2006,1190,62475,52(-0.95 %),6000,315000,4810,252525,0,0.0
04/12/2006,2000,104000,52(0.00 %),2000,104000,0,0,0,0.0
05/12/2006,-1000,-49000,52(0.00 %),3000,157500,4000,206500,0,0.0
06/12/2006,5620,292740,52(0.00 %),6620,344240,1000,51500,0,0.0
07/12/2006,810,42120,52(0.00 %),4810,250120,4000,208000,0,0.0
11/12/2006,590,31820,53(-1.85 %),590,31820,0,0,0,0.0
12/12/2006,-6840,-355680,52(-1.89 %),260,13520,7100,369200,0,0.0
13/12/2006,1000,52000,52(0.00 %),1000,52000,0,0,0,0.0
14/12/2006,1280,66780,51(-1.92 %),3300,169800,2020,103020,0,0.0
15/12/2006,2190,112785,51.5(0.98 %),3850,198275,1660,85490,0,0.0
18/12/2006,650,33425,51(-0.97 %),650,33425,0,0,0,0.0
19/12/2006,-3000,-154500,51.5(0.98 %),0,0,3000,154500,0,0.0
20/12/2006,-14400,-734200,51(-0.97 %),3100,158300,17500,892500,0,0.0
21/12/2006,850,41990,50(-1.96 %),1190,59500,340,17510,0,0.0
22/12/2006,1850,93075,49.5(-1.00 %),3000,150000,1150,56925,0,0.0
25/12/2006,2800,140000,50(1.01 %),2800,140000,0,0,0,0.0
26/12/2006,-113380,-5490090,48.5(-3.00 %),10400,494000,123780,5984090,0,0.0
28/12/2006,300,15000,49.5(0.00 %),300,15000,0,0,0,0.0
29/12/2006,1900,94050,49.5(0.00 %),1900,94050,0,0,0,0.0
01/03/2007,-1400,-88000000,62(-1.59 %),0,0,1400,88000000,0,0.0
02/03/2007,-9170,-574625000,64(3.23 %),0,0,9170,574625000,0,0.0
05/03/2007,-151780,-9258580000,61(-4.69 %),8120,495320000,159900,9753900000,0,0.0
06/03/2007,-9520,-608440000,63(3.28 %),0,0,9520,608440000,0,0.0
07/03/2007,-5000,-314000000,62(-1.59 %),1200,75600000,6200,389600000,0,0.0
08/03/2007,-34090,-2099075000,61.5(-0.81 %),4900,301500000,38990,2400575000,0,0.0
09/03/2007,-5570,-353680000,64(4.07 %),1700,108800000,7270,462480000,0,0.0
12/03/2007,-9240,-616680000,66(3.12 %),2200,147400000,11440,764080000,0,0.0
13/03/2007,101100,6874800000,68(3.03 %),151100,10274800000,50000,3400000000,0,0.0
14/03/2007,-6580,-434280000,65(-4.41 %),0,0,6580,434280000,0,0.0
15/03/2007,57550,3568100000,62(-4.62 %),77650,4814300000,20100,1246200000,0,0.0
16/03/2007,-50,-3400000,64(3.23 %),100,6200000,150,9600000,0,0.0
19/03/2007,730,46720000,64(0.00 %),5260,336640000,4530,289920000,0,0.0
20/03/2007,3800,243200000,61.5(-3.91 %),3800,243200000,0,0,0,0.0
21/03/2007,100,6300000,62(0.81 %),200,12500000,100,6200000,0,0.0
22/03/2007,-4170,-250450000,60(-3.23 %),230,13830000,4400,264280000,0,0.0
23/03/2007,-20230,-1183805000,58.5(-2.50 %),0,0,20230,1183805000,0,0.0
26/03/2007,0,0,56.5(-3.42 %),0,0,0,0,0,0.0
27/03/2007,500,27000000,54(-4.42 %),500,27000000,0,0,0,0.0
28/03/2007,-1000,-52000000,52(-3.70 %),0,0,1000,52000000,0,0.0
29/03/2007,2580,140610000,54.5(4.81 %),2580,140610000,0,0,0,0.0
30/03/2007,20000,1140000000,57(4.59 %),20000,1140000000,0,0,0,0.0
02/04/2007,84660,5037270000,59.5(4.39 %),84860,5049170000,200,11900000,0,0.0
03/04/2007,1000,57000000,57(-4.20 %),1000,57000000,0,0,0,0.0
04/04/2007,-790,-44240000,56(-1.75 %),0,0,790,44240000,0,0.0
05/04/2007,-100,-5600000,56(0.00 %),0,0,100,5600000,0,0.0
06/04/2007,0,0,55(-1.79 %),0,0,0,0,0,0.0
09/04/2007,-8730,-458645000,53(-3.64 %),200,10500000,8930,469145000,0,0.0
10/04/2007,500,27000000,53.5(0.94 %),500,27000000,0,0,0,0.0
11/04/2007,-2880,-152640000,54(0.93 %),0,0,2880,152640000,0,0.0
12/04/2007,0,0,52(-3.70 %),0,0,0,0,0,0.0
13/04/2007,-250,-12500000,50(-3.85 %),50,2500000,300,15000000,0,0.0
16/04/2007,2000,95000000,47.5(-5.00 %),2000,95000000,0,0,0,0.0
17/04/2007,-20840,-958640000,46(-3.16 %),50,2300000,20890,960940000,0,0.0
18/04/2007,-520,-24960000,48.3(5.00 %),0,0,520,24960000,0,0.0
19/04/2007,5000,250000000,50(3.52 %),5000,250000000,0,0,0,0.0
20/04/2007,1350,64555000,47.5(-5.00 %),1400,66930000,50,2375000,0,0.0
23/04/2007,1100,49720000,45.2(-4.84 %),1100,49720000,0,0,0,0.0
24/04/2007,700,30100000,43(-4.87 %),700,30100000,0,0,0,0.0
25/04/2007,-3400,-139425000,41(-4.65 %),250,10225000,3650,149650000,0,0.0
02/05/2007,50,2150000,43(4.88 %),50,2150000,0,0,0,0.0
03/05/2007,-70,-2940000,42(-2.33 %),1080,45360000,1150,48300000,0,0.0
04/05/2007,700,28600000,40.5(-3.57 %),700,28600000,0,0,0,0.0
07/05/2007,5510,234175000,42.5(4.94 %),6010,255425000,500,21250000,0,0.0
08/05/2007,15400,686756000,44.5(4.71 %),15400,686756000,0,0,0,0.0
09/05/2007,4970,218680000,42.4(-4.72 %),4970,218680000,0,0,0,0.0
10/05/2007,0,0,42(-0.94 %),0,0,0,0,0,0.0
11/05/2007,0,0,42.5(1.19 %),0,0,0,0,0,0.0
14/05/2007,-7260,-308550000,42.5(0.00 %),500,21250000,7760,329800000,0,0.0
15/05/2007,-23490,-998325000,42.5(0.00 %),0,0,23490,998325000,0,0.0
16/05/2007,0,0,42.5(0.00 %),0,0,0,0,0,0.0
17/05/2007,0,0,42.9(0.94 %),0,0,0,0,0,0.0
18/05/2007,7760,342216000,44(2.56 %),7760,342216000,0,0,0,0.0
21/05/2007,7240,327010000,45.5(3.41 %),7240,327010000,0,0,0,0.0
22/05/2007,-350,-16450000,47(3.30 %),0,0,350,16450000,0,0.0
23/05/2007,15000,694500000,46.8(-0.43 %),15000,694500000,0,0,0,0.0
24/05/2007,1250,58500000,45.1(-3.63 %),1250,58500000,0,0,0,0.0
25/05/2007,0,0,45(-0.22 %),0,0,0,0,0,0.0
28/05/2007,-650,-29480000,46(2.22 %),350,16520000,1000,46000000,0,0.0
29/05/2007,0,0,45.5(-1.09 %),0,0,0,0,0,0.0
30/05/2007,-3120,-136374000,45(-1.10 %),0,0,3120,136374000,0,0.0
31/05/2007,-1000,-46000000,46(2.22 %),0,0,1000,46000000,0,0.0
01/06/2007,-250,-11375000,45.5(-1.09 %),1000,45500000,1250,56875000,0,0.0
04/06/2007,0,0,44(-3.30 %),0,0,0,0,0,0.0
05/06/2007,3120,134100000,42.5(-3.41 %),3120,134100000,0,0,0,0.0
06/06/2007,-3510,-149175000,43(1.18 %),0,0,3510,149175000,0,0.0
07/06/2007,350,15050000,43(0.00 %),350,15050000,0,0,0,0.0
08/06/2007,-3700,-159100000,43(0.00 %),100,4300000,3800,163400000,0,0.0
11/06/2007,300,12750000,42.5(-1.16 %),300,12750000,0,0,0,0.0
12/06/2007,5010,202905000,40(3.49 %),5010,202905000,0,0,0,0.0
13/06/2007,0,0,40(0.00 %),0,0,0,0,0,0.0
14/06/2007,0,0,40.2(0.50 %),0,0,0,0,0,0.0
15/06/2007,1050,42030000,40.1(-0.25 %),1050,42030000,0,0,0,0.0
18/06/2007,-700,-28000000,40(-0.25 %),300,12000000,1000,40000000,0,0.0
19/06/2007,-1000,-40000000,40(0.00 %),0,0,1000,40000000,0,0.0
20/06/2007,900,35910000,39.9(-0.25 %),900,35910000,0,0,0,0.0
21/06/2007,0,0,39.5(-1.00 %),0,0,0,0,0,0.0
22/06/2007,2550,95880000,38(-3.80 %),2550,95880000,0,0,0,0.0
25/06/2007,1000,37500000,38(0.00 %),1000,37500000,0,0,0,0.0
26/06/2007,0,0,39.5(3.95 %),0,0,0,0,0,0.0
27/06/2007,0,0,39.7(0.51 %),0,0,0,0,0,0.0
28/06/2007,0,0,39.5(-0.50 %),0,0,0,0,0,0.0
29/06/2007,0,0,38.5(-2.53 %),0,0,0,0,0,0.0
02/07/2007,-1000,-36700000,36.7(-4.68 %),0,0,1000,36700000,0,0.0
03/07/2007,-510,-17850000,35(-4.63 %),0,0,510,17850000,0,0.0
04/07/2007,0,0,36.7(4.86 %),0,0,0,0,0,0.0
05/07/2007,-100,-3800000,37.4(1.91 %),0,0,100,3800000,0,0.0
06/07/2007,0,0,37(-1.07 %),0,0,0,0,0,0.0
09/07/2007,0,0,36.8(-0.54 %),0,0,0,0,0,0.0
10/07/2007,100,3700000,37(0.54 %),100,3700000,0,0,0,0.0
11/07/2007,-3820,-141340000,37(0.00 %),480,17760000,4300,159100000,0,0.0
12/07/2007,200,7500000,37.5(1.35 %),200,7500000,0,0,0,0.0
13/07/2007,-170,-5960000,37.5(0.00 %),830,31540000,1000,37500000,0,0.0
16/07/2007,-20,-740000,37(-1.33 %),0,0,20,740000,0,0.0
17/07/2007,100,3700000,37(0.00 %),100,3700000,0,0,0,0.0
18/07/2007,3450,127650000,37(0.00 %),3450,127650000,0,0,0,0.0
19/07/2007,0,0,37.5(1.35 %),0,0,0,0,0,0.0
20/07/2007,1000,38000000,39.3(4.80 %),1000,38000000,0,0,0,0.0
23/07/2007,-1090,-45197000,39.5(0.51 %),500,19750000,1590,64947000,0,0.0
24/07/2007,1000,38400000,38.4(-2.78 %),1000,38400000,0,0,0,0.0
25/07/2007,-230,-8740000,38(-1.04 %),0,0,230,8740000,0,0.0
26/07/2007,0,0,37.7(-0.79 %),0,0,0,0,0,0.0
27/07/2007,1690,62192000,37(-1.86 %),1690,62192000,0,0,0,0.0
30/07/2007,0,0,36.8(-0.54 %),0,0,0,0,0,0.0
31/07/2007,0,0,35.8(-2.72 %),0,0,0,0,0,0.0
01/08/2007,-4230,-148896000,37.5(4.75 %),0,0,4230,148896000,0,0.0
02/08/2007,230,8625000,36.6(-2.40 %),230,8625000,0,0,0,0.0
03/08/2007,0,0,36.6(0.00 %),0,0,0,0,0,0.0
06/08/2007,0,0,35.9(-1.91 %),0,0,0,0,0,0.0
07/08/2007,2000,72000000,36(0.28 %),2000,72000000,0,0,0,0.0
08/08/2007,100,3600000,35.7(-0.83 %),100,3600000,0,0,0,0.0
09/08/2007,2130,76041000,36(0.84 %),2130,76041000,0,0,0,0.0
10/08/2007,0,0,36(0.00 %),0,0,0,0,0,0.0
13/08/2007,0,0,35(-2.78 %),0,0,0,0,0,0.0
14/08/2007,0,0,35(0.00 %),0,0,0,0,0,0.0
15/08/2007,-4630,-159735000,35.5(1.43 %),0,0,4630,159735000,0,0.0
16/08/2007,-10000,-345000000,34.5(-2.82 %),0,0,10000,345000000,0,0.0
17/08/2007,-6310,-211385000,35(1.45 %),0,0,6310,211385000,0,0.0
20/08/2007,0,0,34(-2.86 %),0,0,0,0,0,0.0
21/08/2007,0,0,33.5(-1.47 %),0,0,0,0,0,0.0
22/08/2007,-300,-10530000,35.1(4.78 %),0,0,300,10530000,0,0.0
23/08/2007,0,0,36.8(4.84 %),0,0,0,0,0,0.0
24/08/2007,2430,91611000,36(-2.17 %),2430,91611000,0,0,0,0.0
27/08/2007,15120,548068000,36.2(0.56 %),15120,548068000,0,0,0,0.0
28/08/2007,3690,132840000,35.2(-2.76 %),3690,132840000,0,0,0,0.0
29/08/2007,-900,-31050000,34.6(-1.70 %),0,0,900,31050000,0,0.0
30/08/2007,-1000,-34230000,34.2(-1.16 %),0,0,1000,34230000,0,0.0
31/08/2007,0,0,35(2.34 %),0,0,0,0,0,0.0
04/09/2007,-5000,-175000000,35(0.00 %),0,0,5000,175000000,0,0.0
05/09/2007,900,31500000,34.6(-1.14 %),900,31500000,0,0,0,0.0
06/09/2007,1000,35000000,35(1.16 %),1000,35000000,0,0,0,0.0
07/09/2007,0,0,35(0.00 %),0,0,0,0,0,0.0
10/09/2007,5000,180000000,36.7(4.86 %),5000,180000000,0,0,0,0.0
11/09/2007,0,0,38(3.54 %),0,0,0,0,0,0.0
12/09/2007,0,0,36.8(-3.16 %),0,0,0,0,0,0.0
13/09/2007,0,0,36.5(-0.82 %),0,0,0,0,0,0.0
14/09/2007,-6000,-213000000,36.4(-0.27 %),0,0,6000,213000000,0,0.0
17/09/2007,-7350,-260400000,35.5(-2.47 %),0,0,7350,260400000,0,0.0
18/09/2007,-440,-15620000,36.2(1.97 %),0,0,440,15620000,0,0.0
19/09/2007,0,0,36.4(0.55 %),0,0,0,0,0,0.0
20/09/2007,-4760,-173760000,36.3(-0.27 %),1200,43660000,5960,217420000,0,0.0
21/09/2007,-700,-25510000,36.2(-0.28 %),0,0,700,25510000,0,0.0
24/09/2007,-2130,-76887000,35.9(-0.83 %),300,10770000,2430,87657000,0,0.0
25/09/2007,-7360,-266768000,37(3.06 %),280,10160000,7640,276928000,0,0.0
26/09/2007,2900,107300000,37(0.00 %),2900,107300000,0,0,0,0.0
27/09/2007,15770,591375000,37(0.00 %),15770,591375000,0,0,0,0.0
28/09/2007,2400,88800000,37(0.00 %),2400,88800000,0,0,0,0.0
01/10/2007,3000,116400000,38.8(4.86 %),3000,116400000,0,0,0,0.0
02/10/2007,2980,118800000,40(3.09 %),4000,159600000,1020,40800000,0,0.0
03/10/2007,670,26800000,40(0.00 %),670,26800000,0,0,0,0.0
04/10/2007,0,0,39(-2.50 %),0,0,0,0,0,0.0
05/10/2007,0,0,38(-2.56 %),0,0,0,0,0,0.0
08/10/2007,-1400,-53200000,39.9(5.00 %),1000,38000000,2400,91200000,0,0.0
09/10/2007,-1760,-73220000,41.5(4.01 %),20,830000,1780,74050000,0,0.0
10/10/2007,-3850,-163800000,43(3.61 %),0,0,3850,163800000,0,0.0
11/10/2007,-500,-21500000,43(0.00 %),0,0,500,21500000,0,0.0
12/10/2007,990,42580000,42(-2.33 %),2250,95500000,1260,52920000,0,0.0
15/10/2007,1930,82604000,42(0.00 %),1930,82604000,0,0,0,0.0
16/10/2007,-180,-3660000,41(-2.38 %),3820,160340000,4000,164000000,0,0.0
17/10/2007,460,18400000,41(0.00 %),460,18400000,0,0,0,0.0
18/10/2007,1330,54530000,41(0.00 %),1330,54530000,0,0,0,0.0
19/10/2007,-20,-810000,40.9(-0.24 %),0,0,20,810000,0,0.0
22/10/2007,-11820,-481504000,40.1(-1.96 %),4000,164000000,15820,645504000,0,0.0
23/10/2007,-21510,-833758000,38.6(-3.74 %),0,0,21510,833758000,0,0.0
24/10/2007,-30000,-1168000000,39(1.04 %),0,0,30000,1168000000,0,0.0
25/10/2007,-10020,-397906000,39.5(1.28 %),0,0,10020,397906000,0,0.0
26/10/2007,-40,-576000,39.5(0.00 %),15200,608000000,15240,608576000,0,0.0
29/10/2007,14050,561970000,39(-1.27 %),22060,882370000,8010,320400000,0,0.0
30/10/2007,16480,643074000,38.5(-1.28 %),30000,1170000000,13520,526926000,0,0.0
31/10/2007,-5790,-224836000,38.6(0.26 %),10000,390000000,15790,614836000,0,0.0
01/11/2007,-19640,-762770000,38.8(0.52 %),4000,156000000,23640,918770000,0,0.0
02/11/2007,-12610,-478544000,38.5(-0.77 %),380,14440000,12990,492984000,0,0.0
05/11/2007,0,0,39(1.30 %),0,0,0,0,0,0.0
06/11/2007,-200,-7700000,38(-2.56 %),800,30800000,1000,38500000,0,0.0
07/11/2007,500,18900000,37.7(-0.79 %),500,18900000,0,0,0,0.0
08/11/2007,30,1083000,36.1(-4.24 %),30,1083000,0,0,0,0.0
09/11/2007,400,14240000,35.7(-1.11 %),400,14240000,0,0,0,0.0
12/11/2007,860,29855000,34.5(-3.36 %),860,29855000,0,0,0,0.0
13/11/2007,1720,58480000,32.8(-4.93 %),2100,71400000,380,12920000,0,0.0
14/11/2007,660,22704000,34.4(4.88 %),660,22704000,0,0,0,0.0
15/11/2007,200,6980000,34.5(0.29 %),200,6980000,0,0,0,0.0
16/11/2007,0,0,34.7(0.58 %),0,0,0,0,0,0.0
19/11/2007,200,6800000,34(-2.02 %),200,6800000,0,0,0,0.0
20/11/2007,0,0,33.5(-1.47 %),0,0,0,0,0,0.0
21/11/2007,500,16500000,34(1.49 %),500,16500000,0,0,0,0.0
22/11/2007,1000,34000000,34(0.00 %),1000,34000000,0,0,0,0.0
23/11/2007,500,17000000,33.9(-0.29 %),500,17000000,0,0,0,0.0
26/11/2007,100,3350000,34(0.29 %),100,3350000,0,0,0,0.0
27/11/2007,0,0,34.7(2.06 %),0,0,0,0,0,0.0
28/11/2007,1080,37800000,34.5(-0.58 %),1300,45500000,220,7700000,0,0.0
29/11/2007,0,0,35(1.45 %),0,0,0,0,0,0.0
30/11/2007,1200,40800000,35(0.00 %),1200,40800000,0,0,0,0.0
03/12/2007,5780,202280000,35(0.00 %),6000,209980000,220,7700000,0,0.0
04/12/2007,1700,58700000,34.8(-0.57 %),1700,58700000,0,0,0,0.0
05/12/2007,0,0,34.8(0.00 %),0,0,0,0,0,0.0
06/12/2007,0,0,34.3(-1.44 %),0,0,0,0,0,0.0
07/12/2007,-100,-3430000,34.5(0.58 %),0,0,100,3430000,0,0.0
10/12/2007,600,20372000,33.8(-2.03 %),600,20372000,0,0,0,0.0
11/12/2007,1550,51205000,33(-2.37 %),2550,84605000,1000,33400000,0,0.0
12/12/2007,-10720,-355652000,33.2(0.61 %),0,0,10720,355652000,0,0.0
13/12/2007,3550,115144000,32(-3.61 %),3580,116140000,30,996000,0,0.0
14/12/2007,-170,-5440000,33(3.12 %),100,3200000,270,8640000,0,0.0
17/12/2007,300,9900000,33(0.00 %),300,9900000,0,0,0,0.0
18/12/2007,0,0,32.1(-2.73 %),0,0,0,0,0,0.0
19/12/2007,0,0,33.5(4.36 %),0,0,0,0,0,0.0
20/12/2007,-550,-18920000,33(-1.49 %),0,0,550,18920000,0,0.0
21/12/2007,0,0,33(0.00 %),0,0,0,0,0,0.0
24/12/2007,-50,-1700000,33.9(2.73 %),0,0,50,1700000,0,0.0
25/12/2007,-1100,-36520000,33.2(-2.06 %),0,0,1100,36520000,0,0.0
26/12/2007,1000,33276000,33(-0.60 %),1000,33276000,0,0,0,0.0
27/12/2007,1300,43400000,33(0.00 %),2500,83000000,1200,39600000,0,0.0
28/12/2007,-330,-10923000,33(0.00 %),0,0,330,10923000,0,0.0
02/01/2008,100,3300000,33.1(0.30 %),100,3300000,0,0,0,0.0
03/01/2008,0,0,33.1(0.00 %),0,0,0,0,0,0.0
04/01/2008,0,0,32.8(-0.91 %),0,0,0,0,0,0.0
07/01/2008,-2830,-91975000,32.4(-1.22 %),0,0,2830,91975000,0,0.0
08/01/2008,-300,-9600000,32.5(0.31 %),0,0,300,9600000,0,0.0
09/01/2008,-170,-5440000,31.6(-2.77 %),0,0,170,5440000,0,0.0
10/01/2008,0,0,30.1(-4.75 %),0,0,0,0,0,0.0
11/01/2008,300,8880000,30.1(0.00 %),300,8880000,0,0,0,0.0
14/01/2008,0,0,28.6(-4.98 %),0,0,0,0,0,0.0
15/01/2008,-150,-4275000,27.6(-3.50 %),0,0,150,4275000,0,0.0
16/01/2008,870,24117000,28.9(4.71 %),1220,33777000,350,9660000,0,0.0
17/01/2008,18790,526719000,27.9(-3.46 %),18790,526719000,0,0,0,0.0
18/01/2008,0,0,28.3(1.43 %),0,0,0,0,0,0.0
21/01/2008,56430,1672976000,28.5(0.71 %),56430,1672976000,0,0,0,0.0
22/01/2008,-5630,-153625000,27.5(-3.51 %),370,10175000,6000,163800000,0,0.0
23/01/2008,0,0,26.2(-4.73 %),0,0,0,0,0,0.0
24/01/2008,0,0,26.2(0.00 %),0,0,0,0,0,0.0
25/01/2008,0,0,26.5(1.15 %),0,0,0,0,0,0.0
28/01/2008,800,22160000,27.4(3.40 %),800,22160000,0,0,0,0.0
29/01/2008,100,2790000,28.5(4.01 %),100,2790000,0,0,0,0.0
30/01/2008,1000,29900000,29.9(4.91 %),1000,29900000,0,0,0,0.0
31/01/2008,2100,63000000,29(-3.01 %),2100,63000000,0,0,0,0.0
01/02/2008,980,28420000,30.4(4.83 %),980,28420000,0,0,0,0.0
12/02/2008,1020,32538000,31(1.97 %),1020,32538000,0,0,0,0.0
13/02/2008,0,0,29.8(-3.87 %),0,0,0,0,0,0.0
14/02/2008,-300,-9150000,30.1(1.01 %),0,0,300,9150000,0,0.0
15/02/2008,0,0,29.7(-1.33 %),0,0,0,0,0,0.0
18/02/2008,0,0,28.3(-4.71 %),0,0,0,0,0,0.0
19/02/2008,0,0,28(-1.06 %),0,0,0,0,0,0.0
20/02/2008,0,0,26.6(-5.00 %),0,0,0,0,0,0.0
21/02/2008,50,1265000,25.3(-4.89 %),50,1265000,0,0,0,0.0
22/02/2008,-4900,-118090000,24.1(-4.74 %),100,2410000,5000,120500000,0,0.0
25/02/2008,-4850,-120455000,25.1(4.15 %),150,3795000,5000,124250000,0,0.0
26/02/2008,-2650,-66460000,24(-4.38 %),0,0,2650,66460000,0,0.0
27/02/2008,-4180,-101851000,24(0.00 %),0,0,4180,101851000,0,0.0
28/02/2008,2000,47930000,23.2(-3.33 %),2000,47930000,0,0,0,0.0
29/02/2008,70,1610000,22.5(-3.02 %),70,1610000,0,0,0,0.0
03/03/2008,500,10750000,21.4(-4.89 %),1150,24725000,650,13975000,0,0.0
04/03/2008,0,0,20.4(-4.67 %),0,0,0,0,0,0.0
05/03/2008,400,7760000,19.4(-4.90 %),400,7760000,0,0,0,0.0
06/03/2008,0,0,20.3(4.64 %),0,0,0,0,0,0.0
07/03/2008,-17870,-380631000,21.3(4.93 %),3300,70290000,21170,450921000,0,0.0
10/03/2008,-8700,-193990000,20.3(-4.69 %),3000,66900000,11700,260890000,0,0.0
11/03/2008,0,0,19.7(-2.96 %),0,0,0,0,0,0.0
12/03/2008,-2440,-50066000,20.4(3.55 %),7560,155366000,10000,205432000,0,0.0
13/03/2008,980,20580000,20.5(0.49 %),2840,59640000,1860,39060000,0,0.0
14/03/2008,11100,227550000,20(-2.44 %),11100,227550000,0,0,0,0.0
17/03/2008,1450,27479000,19(-5.00 %),3500,68479000,2050,41000000,0,0.0
18/03/2008,5310,96632000,18.2(-4.21 %),5310,96632000,0,0,0,0.0
19/03/2008,0,0,17.6(-3.30 %),0,0,0,0,0,0.0
20/03/2008,1000,18000000,18(2.27 %),1000,18000000,0,0,0,0.0
21/03/2008,200,3600000,17.5(-2.78 %),200,3600000,0,0,0,0.0
24/03/2008,600,10200000,16.7(-4.57 %),600,10200000,0,0,0,0.0
25/03/2008,180,2862000,15.9(-4.79 %),400,6360000,220,3498000,0,0.0
26/03/2008,2050,32790000,16.3(2.52 %),2050,32790000,0,0,0,0.0
27/03/2008,200,3280000,16.4(0.61 %),200,3280000,0,0,0,0.0
28/03/2008,0,0,16.5(0.61 %),0,0,0,0,0,0.0
31/03/2008,0,0,16.6(0.61 %),0,0,0,0,0,0.0
01/04/2008,0,0,16.7(0.60 %),0,0,0,0,0,0.0
02/04/2008,0,0,16.8(0.60 %),0,0,0,0,0,0.0
03/04/2008,0,0,16.9(0.60 %),0,0,0,0,0,0.0
04/04/2008,0,0,17(0.59 %),0,0,0,0,0,0.0
07/04/2008,0,0,17.3(1.76 %),0,0,0,0,0,0.0
08/04/2008,-3890,-68464000,17.6(1.73 %),110,1936000,4000,70400000,0,0.0
09/04/2008,2220,39078000,17.9(1.70 %),2220,39078000,0,0,0,0.0
10/04/2008,1000,17600000,17.6(-1.68 %),1000,17600000,0,0,0,0.0
11/04/2008,0,0,17.5(-0.57 %),0,0,0,0,0,0.0
16/04/2008,300,5160000,17.2(-1.71 %),300,5160000,0,0,0,0.0
17/04/2008,3000,51000000,17.5(1.74 %),3000,51000000,0,0,0,0.0
18/04/2008,300,5340000,17.8(1.71 %),300,5340000,0,0,0,0.0
21/04/2008,8210,147605000,17.5(-1.69 %),8650,155569000,440,7964000,0,0.0
22/04/2008,0,0,17.2(-1.71 %),0,0,0,0,0,0.0
23/04/2008,3200,54080000,16.9(-1.74 %),3200,54080000,0,0,0,0.0
24/04/2008,100,1660000,16.6(-1.78 %),100,1660000,0,0,0,0.0
25/04/2008,0,0,16.9(1.81 %),0,0,0,0,0,0.0
28/04/2008,5360,92192000,17(0.59 %),5360,92192000,0,0,0,0.0
29/04/2008,0,0,17(0.00 %),0,0,0,0,0,0.0
05/05/2008,0,0,17.3(1.76 %),0,0,0,0,0,0.0
06/05/2008,0,0,17.6(1.73 %),0,0,0,0,0,0.0
07/05/2008,-330,-5907000,17.9(1.70 %),0,0,330,5907000,0,0.0
08/05/2008,0,0,17.6(-1.68 %),0,0,0,0,0,0.0
09/05/2008,0,0,17.3(-1.70 %),0,0,0,0,0,0.0
12/05/2008,0,0,17(-1.73 %),0,0,0,0,0,0.0
13/05/2008,0,0,16.7(-1.76 %),0,0,0,0,0,0.0
14/05/2008,0,0,16.4(-1.80 %),0,0,0,0,0,0.0
15/05/2008,0,0,16.1(-1.83 %),0,0,0,0,0,0.0
16/05/2008,200,3160000,15.8(-1.86 %),200,3160000,0,0,0,0.0
19/05/2008,100,1610000,16.1(1.90 %),100,1610000,0,0,0,0.0
20/05/2008,30,492000,15.8(-1.86 %),30,492000,0,0,0,0.0
21/05/2008,0,0,15.5(-1.90 %),0,0,0,0,0,0.0
22/05/2008,-1510,-22952000,15.2(-1.94 %),0,0,1510,22952000,0,0.0
23/05/2008,0,0,14.9(-1.97 %),0,0,0,0,0,0.0
26/05/2008,0,0,14.7(-1.34 %),0,0,0,0,0,0.0
27/05/2008,0,0,14.7(0.00 %),0,0,0,0,0,0.0
28/05/2008,0,0,14.7(0.00 %),0,0,0,0,0,0.0
29/05/2008,0,0,14.7(0.00 %),0,0,0,0,0,0.0
30/05/2008,70,1015000,14.5(-1.36 %),70,1015000,0,0,0,0.0
02/06/2008,300,4290000,14.3(-1.38 %),300,4290000,0,0,0,0.0
03/06/2008,0,0,14.1(-1.40 %),0,0,0,0,0,0.0
04/06/2008,1100,15290000,13.9(-1.42 %),1100,15290000,0,0,0,0.0
05/06/2008,40,548000,13.7(-1.44 %),40,548000,0,0,0,0.0
06/06/2008,0,0,13.5(-1.46 %),0,0,0,0,0,0.0
09/06/2008,0,0,13.3(-1.48 %),0,0,0,0,0,0.0
10/06/2008,0,0,13.1(-1.50 %),0,0,0,0,0,0.0
11/06/2008,0,0,13.3(1.53 %),0,0,0,0,0,0.0
12/06/2008,0,0,13.5(1.50 %),0,0,0,0,0,0.0
13/06/2008,0,0,13.7(1.48 %),0,0,0,0,0,0.0
16/06/2008,0,0,13.9(1.46 %),0,0,0,0,0,0.0
17/06/2008,0,0,14.1(1.44 %),0,0,0,0,0,0.0
18/06/2008,0,0,13.9(-1.42 %),0,0,0,0,0,0.0
19/06/2008,0,0,13.5(-2.88 %),0,0,0,0,0,0.0
20/06/2008,0,0,13.1(-2.96 %),0,0,0,0,0,0.0
23/06/2008,0,0,13.3(1.53 %),0,0,0,0,0,0.0
24/06/2008,0,0,13.6(2.26 %),0,0,0,0,0,0.0
25/06/2008,0,0,14(2.94 %),0,0,0,0,0,0.0
26/06/2008,0,0,14(0.00 %),0,0,0,0,0,0.0
27/06/2008,0,0,14.1(0.71 %),0,0,0,0,0,0.0
30/06/2008,0,0,13.8(-2.13 %),0,0,0,0,0,0.0
01/07/2008,0,0,14.2(2.90 %),0,0,0,0,0,0.0
02/07/2008,0,0,14.6(2.82 %),0,0,0,0,0,0.0
03/07/2008,-20000,-299400000,15(2.74 %),0,0,20000,299400000,0,0.0
04/07/2008,-100010,-1470147000,14.7(2.80 %),0,0,100010,1470147000,0,0.0
07/07/2008,-14060,-201532000,14.3(-2.72 %),0,0,14060,201532000,0,0.0
08/07/2008,-1800,-25020000,13.9(-2.80 %),0,0,1800,25020000,0,0.0
09/07/2008,-13340,-185894000,13.6(-2.16 %),300,4200000,13640,190094000,0,0.0
10/07/2008,-50240,-686394000,13.6(0.00 %),20870,287517000,71110,973911000,0,0.0
11/07/2008,-113000,-1555411000,14(2.94 %),0,0,113000,1555411000,0,0.0
14/07/2008,-266300,-3812619000,14.4(2.86 %),1500,21600000,267800,3834219000,0,0.0
15/07/2008,-337600,-4974673000,14.8(2.78 %),1400,20020000,339000,4994693000,0,0.0
16/07/2008,-201250,-2898412000,14.4(-2.70 %),54050,778320000,255300,3676732000,0,0.0
17/07/2008,-156480,-2242573000,14(-2.78 %),0,0,156480,2242573000,0,0.0
18/07/2008,-9160,-124576000,13.6(-2.86 %),11500,156400000,20660,280976000,0,0.0
21/07/2008,4910,64812000,13.2(-2.94 %),4910,64812000,0,0,0,0.0
22/07/2008,600,7740000,12.9(-2.27 %),600,7740000,0,0,0,0.0
23/07/2008,0,0,12.6(-2.33 %),0,0,0,0,0,0.0
24/07/2008,-9500,-116850000,12.3(-2.38 %),500,6150000,10000,123000000,0,0.0
25/07/2008,200,2400000,12(-2.44 %),200,2400000,0,0,0,0.0
28/07/2008,-2300,-26910000,11.7(-2.50 %),0,0,2300,26910000,0,0.0
29/07/2008,-41320,-471048000,11.4(-2.56 %),3000,34200000,44320,505248000,0,0.0
30/07/2008,-17520,-195962000,11.1(-2.63 %),10100,112120000,27620,308082000,0,0.0
31/07/2008,-12690,-137052000,10.8(-2.70 %),0,0,12690,137052000,0,0.0
01/08/2008,-68990,-725435000,10.5(-2.78 %),2300,25280000,71290,750715000,0,0.0
04/08/2008,-100,-1080000,10.8(2.86 %),0,0,100,1080000,0,0.0
05/08/2008,0,0,11.1(2.78 %),0,0,0,0,0,0.0
06/08/2008,0,0,11.4(2.70 %),0,0,0,0,0,0.0
07/08/2008,0,0,11.7(2.63 %),0,0,0,0,0,0.0
08/08/2008,2400,27260000,11.4(-2.56 %),4700,54170000,2300,26910000,0,0.0
11/08/2008,0,0,11.7(2.63 %),0,0,0,0,0,0.0
12/08/2008,0,0,11.8(0.85 %),0,0,0,0,0,0.0
13/08/2008,0,0,11.8(0.00 %),0,0,0,0,0,0.0
14/08/2008,-4400,-53300000,12.1(2.54 %),200,2360000,4600,55660000,0,0.0
15/08/2008,0,0,12.4(2.48 %),0,0,0,0,0,0.0
18/08/2008,0,0,13(4.84 %),0,0,0,0,0,0.0
19/08/2008,-1000,-13600000,13.6(4.62 %),0,0,1000,13600000,0,0.0
20/08/2008,-1000,-14200000,14.2(4.41 %),0,0,1000,14200000,0,0.0
21/08/2008,0,0,14.9(4.93 %),0,0,0,0,0,0.0
22/08/2008,-1000,-15600000,15.6(4.70 %),0,0,1000,15600000,0,0.0
25/08/2008,-12000,-195600000,16.3(4.49 %),0,0,12000,195600000,0,0.0
26/08/2008,0,0,17.1(4.91 %),0,0,0,0,0,0.0
27/08/2008,0,0,17.9(4.68 %),0,0,0,0,0,0.0
28/08/2008,4600,86020000,18.7(4.47 %),11600,216920000,7000,130900000,0,0.0
29/08/2008,-1850,-36260000,19.6(4.81 %),13500,264600000,15350,300860000,0,0.0
03/09/2008,-10000,-205000000,20.5(4.59 %),0,0,10000,205000000,0,0.0
04/09/2008,-42370,-910955000,21.5(4.88 %),0,0,42370,910955000,0,0.0
05/09/2008,8890,199945000,22.5(4.65 %),13000,292420000,4110,92475000,0,0.0
08/09/2008,1100,23540000,21.4(-4.89 %),1100,23540000,0,0,0,0.0
09/09/2008,0,0,20.4(-4.67 %),0,0,0,0,0,0.0
10/09/2008,0,0,19.4(-4.90 %),0,0,0,0,0,0.0
11/09/2008,0,0,18.5(-4.64 %),0,0,0,0,0,0.0
12/09/2008,0,0,17.6(-4.86 %),0,0,0,0,0,0.0
15/09/2008,-8010,-134576000,16.8(-4.55 %),0,0,8010,134576000,0,0.0
16/09/2008,0,0,16(-4.76 %),0,0,0,0,0,0.0
17/09/2008,300,4560000,15.2(-5.00 %),300,4560000,0,0,0,0.0
18/09/2008,460,6870000,15.9(4.61 %),16560,240320000,16100,233450000,0,0.0
19/09/2008,0,0,16.6(4.40 %),0,0,0,0,0,0.0
22/09/2008,0,0,17.4(4.82 %),0,0,0,0,0,0.0
23/09/2008,-5200,-94660000,18.2(4.60 %),100,1800000,5300,96460000,0,0.0
24/09/2008,-10580,-190440000,17.5(-3.85 %),0,0,10580,190440000,0,0.0
25/09/2008,-6000,-109800000,18.3(4.57 %),0,0,6000,109800000,0,0.0
26/09/2008,-3090,-59292000,18.8(2.73 %),0,0,3090,59292000,0,0.0
29/09/2008,-27240,-491791000,18(-4.26 %),0,0,27240,491791000,0,0.0
30/09/2008,0,0,17.1(-5.00 %),0,0,0,0,0,0.0
01/10/2008,300,5010000,17.4(1.75 %),300,5010000,0,0,0,0.0
02/10/2008,-3000,-52500000,18(3.45 %),7000,126000000,10000,178500000,0,0.0
03/10/2008,-2530,-44623000,17.7(-1.67 %),0,0,2530,44623000,0,0.0
06/10/2008,-4310,-73270000,16.9(-4.52 %),0,0,4310,73270000,0,0.0
07/10/2008,90,1449000,16.1(-4.73 %),90,1449000,0,0,0,0.0
08/10/2008,32650,499545000,15.3(-4.97 %),32650,499545000,0,0,0,0.0
09/10/2008,-100,-1470000,14.9(-2.61 %),0,0,100,1470000,0,0.0
10/10/2008,0,0,14.2(-4.70 %),0,0,0,0,0,0.0
13/10/2008,0,0,14.8(4.23 %),0,0,0,0,0,0.0
14/10/2008,0,0,15.5(4.73 %),0,0,0,0,0,0.0
15/10/2008,6000,95100000,16.2(4.52 %),6000,95100000,0,0,0,0.0
16/10/2008,0,0,15.5(-4.32 %),0,0,0,0,0,0.0
17/10/2008,0,0,15.9(2.58 %),0,0,0,0,0,0.0
20/10/2008,0,0,15.5(-2.52 %),0,0,0,0,0,0.0
21/10/2008,-300,-4680000,16.2(4.52 %),0,0,300,4680000,0,0.0
22/10/2008,0,0,16(-1.23 %),0,0,0,0,0,0.0
23/10/2008,-7830,-119016000,15.2(-5.00 %),0,0,7830,119016000,0,0.0
24/10/2008,-3000,-44000000,14.5(-4.61 %),0,0,3000,44000000,0,0.0
27/10/2008,-1000,-13800000,13.8(-4.83 %),0,0,1000,13800000,0,0.0
28/10/2008,-7240,-95568000,13.2(-4.35 %),0,0,7240,95568000,0,0.0
29/10/2008,0,0,13.8(4.55 %),0,0,0,0,0,0.0
30/10/2008,0,0,14.4(4.35 %),0,0,0,0,0,0.0
31/10/2008,0,0,14.7(2.08 %),0,0,0,0,0,0.0
03/11/2008,1210,16987000,14(-4.76 %),2000,28600000,790,11613000,0,0.0
04/11/2008,520,7540000,14.7(5.00 %),520,7540000,0,0,0,0.0
05/11/2008,0,0,15.4(4.76 %),0,0,0,0,0,0.0
06/11/2008,0,0,14.7(-4.55 %),0,0,0,0,0,0.0
07/11/2008,-570,-7980000,14(-4.76 %),0,0,570,7980000,0,0.0
10/11/2008,0,0,13.5(-3.57 %),0,0,0,0,0,0.0
11/11/2008,10000,131500000,13(-3.70 %),10000,131500000,0,0,0,0.0
12/11/2008,0,0,13.5(3.85 %),0,0,0,0,0,0.0
13/11/2008,0,0,13.8(2.22 %),0,0,0,0,0,0.0
14/11/2008,-52120,-711648000,13.9(0.72 %),2500,33750000,54620,745398000,0,0.0
17/11/2008,0,0,13.5(-2.88 %),0,0,0,0,0,0.0
18/11/2008,0,0,13.2(-2.22 %),0,0,0,0,0,0.0
19/11/2008,0,0,13.3(0.76 %),0,0,0,0,0,0.0
20/11/2008,2650,34450000,12.8(-3.76 %),2650,34450000,0,0,0,0.0
21/11/2008,3000,36900000,12.8(0.00 %),3000,36900000,0,0,0,0.0
24/11/2008,2000,25500000,12.5(-2.34 %),2000,25500000,0,0,0,0.0
25/11/2008,0,0,12.5(0.00 %),0,0,0,0,0,0.0
26/11/2008,10,121000,11.9(-4.80 %),10,121000,0,0,0,0.0
27/11/2008,0,0,11.4(-4.20 %),0,0,0,0,0,0.0
28/11/2008,0,0,11.9(4.39 %),0,0,0,0,0,0.0
01/12/2008,0,0,11.9(0.00 %),0,0,0,0,0,0.0
02/12/2008,-3220,-36708000,11.5(-3.36 %),0,0,3220,36708000,0,0.0
03/12/2008,0,0,11.8(2.61 %),0,0,0,0,0,0.0
04/12/2008,0,0,12.1(2.54 %),0,0,0,0,0,0.0
05/12/2008,-4900,-56350000,11.5(-4.96 %),100,1150000,5000,57500000,0,0.0
08/12/2008,3000,33000000,11(-4.35 %),3000,33000000,0,0,0,0.0
09/12/2008,-250,-2750000,11(0.00 %),0,0,250,2750000,0,0.0
10/12/2008,0,0,10.9(-0.91 %),0,0,0,0,0,0.0
11/12/2008,0,0,10.9(0.00 %),0,0,0,0,0,0.0
12/12/2008,0,0,11.4(4.59 %),0,0,0,0,0,0.0
15/12/2008,0,0,11.4(0.00 %),0,0,0,0,0,0.0
16/12/2008,0,0,10.9(-4.39 %),0,0,0,0,0,0.0
17/12/2008,0,0,11(0.92 %),0,0,0,0,0,0.0
18/12/2008,2000,21400000,10.9(-0.91 %),2000,21400000,0,0,0,0.0
19/12/2008,2000,21800000,10.9(0.00 %),2000,21800000,0,0,0,0.0
22/12/2008,0,0,11(0.92 %),0,0,0,0,0,0.0
23/12/2008,0,0,10.8(-1.82 %),0,0,0,0,0,0.0
24/12/2008,170,1785000,10.9(0.93 %),170,1785000,0,0,0,0.0
25/12/2008,-10,-109000,11(0.92 %),0,0,10,109000,0,0.0
26/12/2008,-410,-4510000,11.1(0.91 %),0,0,410,4510000,0,0.0
29/12/2008,0,0,10.8(-2.70 %),0,0,0,0,0,0.0
30/12/2008,0,0,10.8(0.00 %),0,0,0,0,0,0.0
31/12/2008,0,0,10.6(-1.85 %),0,0,0,0,0,0.0
02/01/2009,0,0,10.5(-0.94 %),0,0,0,0,1539407,21.4
05/01/2009,0,0,11(4.76 %),0,0,0,0,1539407,21.4
06/01/2009,0,0,11.5(4.55 %),0,0,0,0,1539407,21.4
07/01/2009,5200,62198000,12(4.35 %),5200,62198000,0,0,1534207,21.5
08/01/2009,0,0,11.9(-0.83 %),0,0,0,0,1534207,21.5
09/01/2009,0,0,11.6(-2.52 %),0,0,0,0,1534207,21.5
12/01/2009,-1000,-11600000,11.3(-2.59 %),0,0,1000,11600000,1535207,21.48
13/01/2009,0,0,10.9(-3.54 %),0,0,0,0,1535207,21.48
14/01/2009,-1340,-15276000,11.2(2.75 %),0,0,1340,15276000,1536547,21.46
15/01/2009,0,0,11(-1.79 %),0,0,0,0,1536547,21.46
16/01/2009,-310,-3379000,11(0.00 %),0,0,310,3379000,1536857,21.45
19/01/2009,-5130,-54826000,10.8(-1.82 %),0,0,5130,54826000,1541987,21.36
20/01/2009,-5000,-54500000,10.6(-1.85 %),0,0,5000,54500000,1546987,21.27
21/01/2009,0,0,10.9(2.83 %),0,0,0,0,1546987,21.27
22/01/2009,0,0,11(0.92 %),0,0,0,0,1546987,21.27
23/01/2009,0,0,10.8(-1.82 %),0,0,0,0,1546987,21.27
02/02/2009,100,1050000,10.7(-0.93 %),100,1050000,0,0,1546887,21.27
03/02/2009,6100,63350000,10.3(-3.74 %),6100,63350000,0,0,1540787,21.38
04/02/2009,1000,9900000,10.3(0.00 %),3000,30900000,2000,21000000,1539787,21.4
05/02/2009,0,0,10(-2.91 %),0,0,0,0,1539787,21.4
06/02/2009,9400,94000000,10.2(2.00 %),9400,94000000,0,0,1530387,21.57
09/02/2009,50,510000,10.3(0.98 %),50,510000,0,0,1530337,21.57
10/02/2009,50,500000,9.8(-4.85 %),50,500000,0,0,1530287,21.57
11/02/2009,0,0,9.4(-4.08 %),0,0,0,0,1530287,21.57
12/02/2009,0,0,9(-4.26 %),0,0,0,0,1530287,21.57
13/02/2009,0,0,8.6(-4.44 %),0,0,0,0,1530287,21.57
16/02/2009,0,0,8.2(-4.65 %),0,0,0,0,1530287,21.57
17/02/2009,0,0,7.8(-4.88 %),0,0,0,0,1530287,21.57
18/02/2009,0,0,7.5(-3.85 %),0,0,0,0,1530287,21.57
19/02/2009,0,0,7.2(-4.00 %),0,0,0,0,1530287,21.57
20/02/2009,-1000,-6900000,6.9(-4.17 %),0,0,1000,6900000,1531287,21.55
23/02/2009,0,0,6.6(-4.35 %),0,0,0,0,1531287,21.55
24/02/2009,0,0,6.3(-4.55 %),0,0,0,0,1531287,21.55
25/02/2009,0,0,6(-4.76 %),0,0,0,0,1531287,21.55
26/02/2009,0,0,5.7(-5.00 %),0,0,0,0,1531287,21.55
27/02/2009,0,0,5.9(3.51 %),0,0,0,0,1531287,21.55
02/03/2009,-2230,-13390000,6.1(3.39 %),100,590000,2330,13980000,1533517,21.51
03/03/2009,0,0,5.8(-4.92 %),0,0,0,0,1533517,21.51
04/03/2009,2000,11600000,5.9(1.72 %),2000,11600000,0,0,1531517,21.55
05/03/2009,400,2400000,5.9(0.00 %),400,2400000,0,0,1531117,21.55
06/03/2009,0,0,5.9(0.00 %),0,0,0,0,1531117,21.55
09/03/2009,0,0,6(1.69 %),0,0,0,0,1531117,21.55
10/03/2009,-11550,-72765000,6.3(5.00 %),0,0,11550,72765000,1542667,21.35
11/03/2009,0,0,6.6(4.76 %),0,0,0,0,1542667,21.35
12/03/2009,0,0,6.3(-4.55 %),0,0,0,0,1542667,21.35
13/03/2009,0,0,6.2(-1.59 %),0,0,0,0,1542667,21.35
16/03/2009,3000,19500000,6.5(4.84 %),3000,19500000,0,0,1539667,21.4
17/03/2009,370,2516000,6.8(4.62 %),370,2516000,0,0,1539297,21.41
18/03/2009,10000,71000000,7.1(4.41 %),10000,71000000,0,0,1529297,21.59
19/03/2009,200,1430000,7.1(0.00 %),200,1430000,0,0,1529097,21.59
20/03/2009,100,680000,7.3(2.82 %),100,680000,0,0,1528997,21.59
23/03/2009,100,700000,7(-4.11 %),100,700000,0,0,1528897,21.59
24/03/2009,-3000,-21600000,7.1(1.43 %),0,0,3000,21600000,1531897,21.54
25/03/2009,-6500,-44550000,7.1(0.00 %),3500,24450000,10000,69000000,1538397,21.42
26/03/2009,0,0,7(-1.41 %),0,0,0,0,1538397,21.42
27/03/2009,0,0,7(0.00 %),0,0,0,0,1538397,21.42
30/03/2009,-2520,-17451000,6.9(-1.43 %),0,0,2520,17451000,1540917,21.38
31/03/2009,200,1340000,6.7(-2.90 %),200,1340000,0,0,1540717,21.38
01/04/2009,-2480,-17360000,7(4.48 %),0,0,2480,17360000,1543197,21.34
02/04/2009,-3000,-21600000,7.3(4.29 %),0,0,3000,21600000,1546197,21.28
03/04/2009,9480,72048000,7.6(4.11 %),10000,76000000,520,3952000,1536717,21.45
07/04/2009,0,0,7.9(3.95 %),0,0,0,0,1536717,21.45
08/04/2009,-50,-395000,7.7(-2.53 %),0,0,50,395000,1536767,21.45
09/04/2009,13000,102980000,8(3.90 %),13000,102980000,0,0,1523767,21.68
10/04/2009,500,4200000,8.4(5.00 %),500,4200000,0,0,1523267,21.69
13/04/2009,0,0,8.8(4.76 %),0,0,0,0,1523267,21.69
14/04/2009,-2000,-18400000,9.2(4.55 %),0,0,2000,18400000,1525267,21.66
15/04/2009,-230,-2031000,8.9(-3.26 %),2770,24396000,3000,26427000,1525497,21.65
16/04/2009,0,0,9.3(4.49 %),0,0,0,0,1525497,21.65
17/04/2009,-100,-370000,9.7(4.30 %),3000,29100000,3100,29470000,1525597,21.65
20/04/2009,0,0,9.3(-4.12 %),0,0,0,0,1525597,21.65
21/04/2009,-300,-2670000,8.9(-4.30 %),0,0,300,2670000,1525897,21.65
22/04/2009,-920,-8280000,9(1.12 %),0,0,920,8280000,1526817,21.63
23/04/2009,-2960,-25456000,8.6(-4.44 %),0,0,2960,25456000,1529777,21.58
24/04/2009,-400,-3280000,8.5(-1.16 %),0,0,400,3280000,1530177,21.57
27/04/2009,0,0,8.1(-4.71 %),0,0,0,0,1530177,21.57
28/04/2009,-3030,-24529000,8.3(2.47 %),0,0,3030,24529000,1533207,21.52
29/04/2009,0,0,8.4(1.20 %),0,0,0,0,1533207,21.52
04/05/2009,-19120,-168256000,8.8(4.76 %),0,0,19120,168256000,1552327,21.17
05/05/2009,-8000,-72100000,8.9(1.14 %),0,0,8000,72100000,1560327,21.03
06/05/2009,6560,55760000,8.5(-4.49 %),9560,81260000,3000,25500000,1553767,21.15
07/05/2009,-3490,-31085000,8.7(2.35 %),2000,17400000,5490,48485000,1557257,21.08
08/05/2009,-3280,-27224000,8.3(-4.60 %),0,0,3280,27224000,1560537,21.03
11/05/2009,-3100,-26040000,8.4(1.20 %),0,0,3100,26040000,1563637,20.97
12/05/2009,-400,-3400000,8.8(4.76 %),0,0,400,3400000,1564037,20.96
13/05/2009,-210,-1911000,9.1(3.41 %),0,0,210,1911000,1564247,20.96
14/05/2009,39120,355959000,9.1(0.00 %),39120,355959000,0,0,1525127,21.66
15/05/2009,0,0,9.5(4.40 %),5000,47000000,5000,47000000,1525127,21.66
18/05/2009,0,0,9.6(1.05 %),0,0,0,0,1525127,21.66
19/05/2009,5000,49500000,10(4.17 %),5000,49500000,0,0,1520127,21.75
20/05/2009,-2000,-21000000,10.5(5.00 %),0,0,2000,21000000,1522127,21.71
21/05/2009,1500,16500000,11(4.76 %),1500,16500000,0,0,1520627,21.74
22/05/2009,0,0,10.5(-4.55 %),0,0,0,0,1520627,21.74
25/05/2009,10000,108371000,11(4.76 %),15000,162000000,5000,53629000,1510627,21.92
26/05/2009,-200,-4600000,11(0.00 %),7800,85800000,8000,90400000,1510827,21.92
27/05/2009,-9470,-99135000,10.5(-4.55 %),3000,31800000,12470,130935000,1520297,21.75
28/05/2009,0,0,10(-4.76 %),0,0,0,0,1520297,21.75
29/05/2009,-3000,-30000000,10(0.00 %),0,0,3000,30000000,1523297,21.69
01/06/2009,-18500,-188920000,10.5(5.00 %),0,0,18500,188920000,1541797,21.36
02/06/2009,-5000,-55000000,11(4.76 %),0,0,5000,55000000,1546797,21.27
03/06/2009,-5000,-57000000,11.5(4.55 %),0,0,5000,57000000,1551797,21.18
04/06/2009,0,0,12(4.35 %),0,0,0,0,1551797,21.18
05/06/2009,-1010,-12726000,12.6(5.00 %),0,0,1010,12726000,1552807,21.16
08/06/2009,-1500,-19800000,13.2(4.76 %),0,0,1500,19800000,1554307,21.14
09/06/2009,-2000,-26600000,13.8(4.55 %),3000,41400000,5000,68000000,1556307,21.1
10/06/2009,-11300,-155690000,13.2(-4.35 %),5200,68760000,16500,224450000,1567607,20.9
11/06/2009,10920,147196000,13.8(4.55 %),10920,147196000,0,0,1556687,21.09
12/06/2009,0,0,13.8(0.00 %),0,0,0,0,1556687,21.09
15/06/2009,-17000,-224400000,13.2(-4.35 %),0,0,17000,224400000,1573687,20.79
16/06/2009,-12400,-156240000,12.6(-4.55 %),100,1260000,12500,157500000,1586087,20.57
17/06/2009,0,0,12(-4.76 %),0,0,0,0,1586087,20.57
18/06/2009,200,2480000,12(0.00 %),200,2480000,0,0,1585887,20.57
19/06/2009,0,0,11.8(-1.67 %),0,0,0,0,1585887,20.57
22/06/2009,1980,22242000,11.3(-4.24 %),3300,37290000,1320,15048000,1583907,20.61
23/06/2009,-620,-6696000,10.8(-4.42 %),0,0,620,6696000,1584527,20.6
24/06/2009,-20620,-222786000,11.3(4.63 %),0,0,20620,222786000,1605147,20.23
25/06/2009,2000,21600000,10.8(-4.42 %),2000,21600000,0,0,1603147,20.26
26/06/2009,100,1090000,10.3(-4.63 %),100,1090000,0,0,1603047,20.26
29/06/2009,-100,-1080000,10.8(4.85 %),0,0,100,1080000,1603147,20.26
30/06/2009,480,5380000,11(1.85 %),3000,33700000,2520,28320000,1602667,20.27
01/07/2009,0,0,10.5(-4.55 %),0,0,0,0,1602667,20.27
02/07/2009,3320,33528000,10.3(-1.90 %),5000,51000000,1680,17472000,1599347,20.33
03/07/2009,0,0,10.2(-0.97 %),0,0,0,0,1599347,20.33
06/07/2009,-5000,-53500000,10.7(4.90 %),0,0,5000,53500000,1613347,20.08
07/07/2009,-4000,-44800000,10.9(1.87 %),0,0,4000,44800000,1608347,20.17
08/07/2009,0,0,10.8(-0.92 %),0,0,0,0,1608347,20.17
09/07/2009,5000,55000000,10.8(0.00 %),5000,55000000,0,0,1603347,20.26
10/07/2009,-1420,-14510000,10.5(-2.78 %),2000,21400000,3420,35910000,1604767,20.23
13/07/2009,0,0,10.9(3.81 %),0,0,0,0,1604767,20.23
14/07/2009,5000,54000000,10.5(-3.67 %),5000,54000000,0,0,1599767,20.32
15/07/2009,0,0,10.6(0.95 %),0,0,0,0,1599767,20.32
16/07/2009,1000,11000000,10.7(0.94 %),1000,11000000,0,0,1598767,20.34
17/07/2009,0,0,10.5(-1.87 %),0,0,0,0,1598767,20.34
20/07/2009,0,0,10.1(-3.81 %),0,0,0,0,1598767,20.34
21/07/2009,2200,22660000,10.3(1.98 %),2200,22660000,0,0,1596567,20.38
22/07/2009,4000,40900000,10.2(-0.97 %),4000,40900000,0,0,1592567,20.45
23/07/2009,0,0,10.3(0.98 %),100,1030000,100,1030000,1592567,20.45
24/07/2009,20000,216000000,10.8(4.85 %),20000,216000000,0,0,1572567,20.81
27/07/2009,36000,406050000,11.3(4.63 %),41000,462050000,5000,56000000,1536567,21.46
28/07/2009,20000,226000000,10.8(-4.42 %),20000,226000000,0,0,1516567,21.81
29/07/2009,-15830,-164932000,10.4(-3.70 %),3100,31940000,18930,196872000,1532397,21.53
30/07/2009,0,0,10.3(-0.96 %),0,0,0,0,1532397,21.53
31/07/2009,10320,107518000,10.5(1.94 %),10320,107518000,0,0,1522077,21.72
03/08/2009,6000,61800000,10.2(-2.86 %),6000,61800000,0,0,1516077,21.82
04/08/2009,3200,32340000,10.2(0.00 %),3200,32340000,0,0,1512877,21.88
05/08/2009,1540,15554000,10.1(-0.98 %),1540,15554000,0,0,1511337,21.91
06/08/2009,0,0,10.4(2.97 %),0,0,0,0,1511337,21.91
07/08/2009,-500,-5100000,10.4(0.00 %),0,0,500,5100000,1511837,21.9
10/08/2009,700,9750000,10.7(2.88 %),8000,86400000,7300,76650000,1511137,21.91
11/08/2009,7500,80000000,10.6(-0.93 %),7500,80000000,0,0,1503637,22.05
12/08/2009,5500,56650000,10.3(-2.83 %),5500,56650000,0,0,1498137,22.14
13/08/2009,5000,51500000,10.5(1.94 %),5000,51500000,0,0,1493137,22.23
14/08/2009,0,0,10.3(-1.90 %),0,0,0,0,1493137,22.23
17/08/2009,400,4120000,10.5(1.94 %),400,4120000,0,0,1492737,22.24
18/08/2009,5000,51407000,10.2(-2.86 %),5000,51407000,0,0,1487737,22.33
19/08/2009,-7800,-80340000,10.4(1.96 %),0,0,7800,80340000,1495537,22.19
20/08/2009,1190,12257000,10.3(-0.96 %),1190,12257000,0,0,1494347,22.21
21/08/2009,20000,209600000,10.5(1.94 %),20000,209600000,0,0,1474347,22.57
24/08/2009,0,0,10.7(1.90 %),0,0,0,0,1474347,22.57
25/08/2009,22250,248950000,11.2(4.67 %),22250,248950000,0,0,1452097,22.97
26/08/2009,0,0,11.7(4.46 %),0,0,0,0,1452097,22.97
27/08/2009,-10000,-116500000,11.6(-0.85 %),0,0,10000,116500000,1462097,22.79
28/08/2009,18000,206700000,11.5(-0.86 %),18000,206700000,0,0,1444097,23.11
31/08/2009,-10000,-119500000,12(4.35 %),0,0,10000,119500000,1454097,22.93
01/09/2009,-3000,-34200000,11.5(-4.17 %),0,0,3000,34200000,1457097,22.88
03/09/2009,6760,75788000,11.8(2.61 %),11260,128638000,4500,52850000,1450337,23.0
04/09/2009,-25200,-308240000,12(1.69 %),0,0,25200,308240000,1475537,22.55
07/09/2009,20000,229000000,11.6(-3.33 %),20000,229000000,0,0,1455537,22.91
08/09/2009,0,0,11.7(0.86 %),0,0,0,0,1455537,22.91
09/09/2009,0,0,11.7(0.00 %),0,0,0,0,1455537,22.91
10/09/2009,-5000,-58500000,11.5(-1.71 %),0,0,5000,58500000,1460537,22.82
11/09/2009,4570,52098000,11.4(-0.87 %),4570,52098000,0,0,1455967,22.9
14/09/2009,-7690,-90973000,11.9(4.39 %),0,0,7690,90973000,1463657,22.76
15/09/2009,4660,53590000,11.6(-2.52 %),4660,53590000,0,0,1458997,22.85
16/09/2009,1060,12230000,11.5(-0.86 %),1060,12230000,0,0,1457937,22.87
17/09/2009,6200,69240000,11.3(-1.74 %),6200,69240000,0,0,1451737,22.98
18/09/2009,0,0,11.2(-0.88 %),0,0,0,0,1451737,22.98
21/09/2009,0,0,11.2(0.00 %),0,0,0,0,1451737,22.98
22/09/2009,0,0,11(-1.79 %),0,0,0,0,1451737,22.98
23/09/2009,-11000,-123200000,11.2(1.82 %),0,0,11000,123200000,1462737,22.78
24/09/2009,5000,55500000,11(-1.79 %),5000,55500000,0,0,1457737,22.87
25/09/2009,2000,63000000,10.9(-0.91 %),2000,63000000,0,0,1455737,4.58
28/09/2009,1000,18200000,10.6(-2.75 %),1000,18200000,0,0,1456237,4.58
29/09/2009,-200,-2140000,11.1(4.72 %),0,0,200,2140000,1461587,22.8
30/09/2009,1600,17502000,10.7(-3.60 %),1600,17502000,0,0,1459987,22.83
01/10/2009,0,0,10.7(0.00 %),0,0,0,0,1459987,22.83
02/10/2009,0,0,10.4(-2.80 %),0,0,0,0,1459987,22.83
05/10/2009,0,0,10.2(-1.92 %),0,0,0,0,1459987,22.83
06/10/2009,-2100,-21840000,10.4(1.96 %),200,2080000,2300,23920000,1462087,22.79
07/10/2009,850,9030000,10.6(1.92 %),850,9030000,0,0,1461237,22.81
08/10/2009,5200,55640000,10.5(-0.94 %),5200,55640000,0,0,1456037,22.9
09/10/2009,-300,-3150000,10.5(0.00 %),0,0,300,3150000,1456337,22.89
12/10/2009,-100,-1080000,10.4(-0.95 %),100,1040000,200,2120000,1456437,22.89
13/10/2009,-10650,-116085000,10.9(4.81 %),0,0,10650,116085000,1467087,22.7
14/10/2009,-15000,-171000000,11.4(4.59 %),0,0,15000,171000000,1482087,22.43
15/10/2009,-10000,-119000000,11.9(4.39 %),0,0,10000,119000000,1492087,22.25
16/10/2009,-21050,-260920000,12.2(2.52 %),0,0,21050,260920000,1513137,21.88
19/10/2009,-19490,-227084000,11.8(-3.28 %),0,0,19490,227084000,1532627,21.53
20/10/2009,-15700,-188050000,12.3(4.24 %),100,1200000,15800,189250000,1548327,21.24
21/10/2009,-5100,-64270000,12.9(4.88 %),0,0,5100,64270000,1553427,21.15
22/10/2009,-200,-2700000,13.5(4.65 %),0,0,200,2700000,1553627,21.15
23/10/2009,-20050,-280720000,13.7(1.48 %),0,0,20050,280720000,1573677,20.79
26/10/2009,-100,-1340000,13.1(-4.38 %),0,0,100,1340000,1573777,20.79
27/10/2009,0,0,12.5(-4.58 %),0,0,0,0,1573777,20.79
28/10/2009,0,0,12(-4.00 %),0,0,0,0,1573777,20.79
29/10/2009,500,5700000,11.4(-5.00 %),500,5700000,0,0,1573277,20.8
30/10/2009,5000,59500000,11.9(4.39 %),5000,59500000,0,0,1568277,20.89
02/11/2009,-800,-9024000,11.6(-2.52 %),200,2380000,1000,11404000,1569077,20.87
03/11/2009,-1620,-19480000,12(3.45 %),3750,44960000,5370,64440000,1570697,20.84
04/11/2009,400,4760000,11.4(-5.00 %),400,4760000,0,0,1570297,20.85
05/11/2009,0,0,11.9(4.39 %),0,0,0,0,1570297,20.85
06/11/2009,700,8380000,12(0.84 %),1200,14380000,500,6000000,1569597,20.86
09/11/2009,500,5750000,11.5(-4.17 %),500,5750000,0,0,1569097,20.87
10/11/2009,0,0,11(-4.35 %),0,0,0,0,1569097,20.87
11/11/2009,0,0,11.2(1.82 %),0,0,0,0,1569097,20.87
12/11/2009,0,0,11.4(1.79 %),0,0,0,0,1569097,20.87
13/11/2009,0,0,11(-3.51 %),0,0,0,0,1569097,20.87
16/11/2009,1740,18966000,11(0.00 %),1740,18966000,0,0,1567357,20.9
17/11/2009,-500,-5700000,11.5(4.55 %),0,0,500,5700000,1567857,20.89
18/11/2009,-30500,-366000000,12(4.35 %),0,0,30500,366000000,1598357,20.35
19/11/2009,20000,239000000,12(0.00 %),20000,239000000,0,0,1578357,20.71
20/11/2009,0,0,11.4(-5.00 %),0,0,0,0,1578357,20.71
23/11/2009,0,0,11.1(-2.63 %),0,0,0,0,1578357,20.71
24/11/2009,0,0,10.9(-1.80 %),0,0,0,0,1578357,20.71
25/11/2009,200,2120000,10.4(-4.59 %),200,2120000,0,0,1578157,20.71
26/11/2009,0,0,9.9(-4.81 %),0,0,0,0,1578157,20.71
27/11/2009,8430,78986000,10.2(3.03 %),10000,95000000,1570,16014000,1569727,20.86
30/11/2009,1600,16580000,10.3(0.98 %),1600,16580000,0,0,1568127,20.89
01/12/2009,0,0,10.2(-0.97 %),0,0,0,0,1568127,20.89
02/12/2009,-20,-204000,9.7(-4.90 %),0,0,20,204000,1568147,20.89
03/12/2009,2000,19800000,10(3.09 %),2000,19800000,0,0,1566147,20.93
04/12/2009,500,5000000,10(0.00 %),500,5000000,0,0,1565647,20.93
07/12/2009,200,1980000,10(0.00 %),200,1980000,0,0,1565447,20.94
08/12/2009,0,0,9.8(-2.00 %),0,0,0,0,1565447,20.94
09/12/2009,2990,28304000,9.4(-4.08 %),2990,28304000,0,0,1562457,20.99
10/12/2009,0,0,9(-4.26 %),0,0,0,0,1562457,20.99
11/12/2009,200,1840000,8.6(-4.44 %),200,1840000,0,0,1562257,20.99
14/12/2009,0,0,9(4.65 %),0,0,0,0,1562257,20.99
15/12/2009,200,1780000,9(0.00 %),200,1780000,0,0,1562057,21.0
16/12/2009,1200,10640000,8.6(-4.44 %),1200,10640000,0,0,1560857,21.02
17/12/2009,400,3370000,8.3(-3.49 %),400,3370000,0,0,1560457,21.03
18/12/2009,0,0,8.7(4.82 %),0,0,0,0,1560457,21.03
21/12/2009,2200,20020000,9.1(4.60 %),2200,20020000,0,0,1558257,21.07
22/12/2009,0,0,8.9(-2.20 %),0,0,0,0,1558257,21.07
23/12/2009,500,4440000,8.7(-2.25 %),500,4440000,0,0,1557757,21.08
24/12/2009,300,2610000,8.8(1.15 %),500,4350000,200,1740000,1557457,21.08
25/12/2009,0,0,9.2(4.55 %),0,0,0,0,1557457,21.08
28/12/2009,800,7360000,8.9(-3.26 %),800,7360000,0,0,1556657,21.1
29/12/2009,0,0,9.1(2.25 %),0,0,0,0,1556657,21.1
30/12/2009,0,0,9(-1.10 %),0,0,0,0,1556657,21.1
31/12/2009,0,0,9(0.00 %),0,0,0,0,1556657,21.1
04/01/2010,0,0,9.4(4.44 %),0,0,0,0,1556657,21.1
05/01/2010,0,0,9.8(4.26 %),0,0,0,0,1556657,21.1
06/01/2010,3950,38710000,9.5(-3.06 %),3950,38710000,0,0,1552707,21.17
07/01/2010,0,0,9.5(0.00 %),0,0,0,0,1552707,21.17
08/01/2010,200,1900000,9.4(-1.05 %),200,1900000,0,0,1552507,21.17
11/01/2010,200,1860000,9.3(-1.06 %),200,1860000,0,0,1552307,21.17
12/01/2010,0,0,9.2(-1.08 %),0,0,0,0,1552307,21.17
13/01/2010,5200,47840000,9.2(0.00 %),5200,47840000,0,0,1547107,21.27
14/01/2010,0,0,9.2(0.00 %),0,0,0,0,1547107,21.27
15/01/2010,610,5612000,9.1(-1.09 %),720,6624000,110,1012000,1546497,21.28
18/01/2010,0,0,8.7(-4.40 %),0,0,0,0,1546497,21.28
19/01/2010,0,0,9(3.45 %),0,0,0,0,1546497,21.28
20/01/2010,0,0,8.8(-2.22 %),0,0,0,0,1546497,21.28
21/01/2010,-9000,-76420000,8.7(-1.14 %),3000,25200000,12000,101620000,1555497,21.12
22/01/2010,0,0,8.4(-3.45 %),0,0,0,0,1555497,21.12
25/01/2010,-7900,-64256000,8.5(1.19 %),0,0,7900,64256000,1563397,20.97
26/01/2010,0,0,8.5(0.00 %),0,0,0,0,1563397,20.97
27/01/2010,0,0,8.3(-2.35 %),0,0,0,0,1563397,20.97
28/01/2010,0,0,8.6(3.61 %),0,0,0,0,1563397,20.97
29/01/2010,0,0,8.3(-3.49 %),0,0,0,0,1563397,20.97
01/02/2010,0,0,8.4(1.20 %),0,0,0,0,1563397,20.97
02/02/2010,-10,-84000,8.3(-1.19 %),0,0,10,84000,1563407,20.97
03/02/2010,0,0,8.4(1.20 %),0,0,0,0,1563407,20.97
04/02/2010,0,0,8.5(1.19 %),0,0,0,0,1563407,20.97
05/02/2010,0,0,8.2(-3.53 %),0,0,0,0,1563407,20.97
08/02/2010,0,0,8.3(1.22 %),0,0,0,0,1563407,20.97
09/02/2010,0,0,8.3(0.00 %),0,0,0,0,1563407,20.97
10/02/2010,0,0,8.3(0.00 %),0,0,0,0,1563407,20.97
11/02/2010,0,0,8.5(2.41 %),0,0,0,0,1563407,20.97
12/02/2010,0,0,8.4(-1.18 %),0,0,0,0,1563407,20.97
22/02/2010,-380,-3192000,8.4(0.00 %),0,0,380,3192000,1563787,20.97
23/02/2010,0,0,8.3(-1.19 %),0,0,0,0,1563787,20.97
24/02/2010,0,0,8(-3.61 %),0,0,0,0,1563787,20.97
25/02/2010,-9010,-73192000,8.1(1.25 %),100,800000,9110,73992000,1572797,20.81
26/02/2010,-4690,-37989000,8.1(0.00 %),0,0,4690,37989000,1596065,20.72
01/03/2010,3000,24900000,8.3(2.47 %),3000,24900000,0,0,1593065,20.44
02/03/2010,-65780,-527992000,8(-3.61 %),5040,40116000,70820,568108000,1658845,19.26
03/03/2010,0,0,8.2(2.50 %),0,0,0,0,1658845,19.26
04/03/2010,0,0,8.3(1.22 %),0,0,0,0,1658845,19.26
05/03/2010,0,0,8.3(0.00 %),0,0,0,0,1658845,19.26
08/03/2010,100,840000,8.4(1.20 %),100,840000,0,0,1658745,19.27
09/03/2010,0,0,8.6(2.38 %),0,0,0,0,1658745,19.27
10/03/2010,0,0,8.3(-3.49 %),0,0,0,0,1658745,19.27
11/03/2010,0,0,8.4(1.20 %),0,0,0,0,1658745,19.27
12/03/2010,0,0,8.4(0.00 %),0,0,0,0,1658745,19.27
15/03/2010,0,0,8.7(3.57 %),0,0,0,0,1658745,19.27
16/03/2010,-3000,-26100000,8.3(-4.60 %),0,0,3000,26100000,1661745,19.21
17/03/2010,250,2075000,8.3(0.00 %),250,2075000,0,0,1661495,19.22
18/03/2010,0,0,8.3(0.00 %),0,0,0,0,1661495,19.22
19/03/2010,-40,-336000,8.2(-1.20 %),0,0,40,336000,1661535,19.22
22/03/2010,0,0,8.4(2.44 %),0,0,0,0,1661535,19.22
23/03/2010,0,0,8.3(-1.19 %),0,0,0,0,1661535,19.22
24/03/2010,5000,39500000,7.9(-4.82 %),5000,39500000,0,0,1656535,19.3
25/03/2010,0,0,8.2(3.80 %),0,0,0,0,1656535,19.3
26/03/2010,0,0,8.1(-1.22 %),0,0,0,0,1656535,19.3
29/03/2010,0,0,7.9(-2.47 %),0,0,0,0,1656535,19.3
30/03/2010,0,0,7.9(0.00 %),0,0,0,0,1656535,19.3
31/03/2010,0,0,8(1.27 %),0,0,0,0,1656535,19.3
01/04/2010,0,0,8(0.00 %),0,0,0,0,1656535,19.3
02/04/2010,100,820000,8.2(2.50 %),100,820000,0,0,1656435,19.31
05/04/2010,10,80000,8.3(1.22 %),10,80000,0,0,1656425,19.31
06/04/2010,3040,25187000,8.3(0.00 %),3040,25187000,0,0,1653385,19.36
07/04/2010,8000,65860000,8.3(0.00 %),8000,65860000,0,0,1645385,19.5
08/04/2010,0,0,8.2(-1.20 %),0,0,0,0,1645385,19.5
09/04/2010,1000,8100000,8.1(-1.22 %),1000,8100000,0,0,1644385,19.52
12/04/2010,0,0,8.1(0.00 %),0,0,0,0,1644385,19.52
13/04/2010,0,0,8.1(0.00 %),0,0,0,0,1644385,19.52
14/04/2010,0,0,8.2(1.23 %),0,0,0,0,1644385,19.52
15/04/2010,-5000,-43000000,8.6(4.88 %),0,0,5000,43000000,1649385,19.43
16/04/2010,11850,103572000,9(4.65 %),18000,158700000,6150,55128000,1637535,19.65
19/04/2010,-3200,-29450000,9.4(4.44 %),1800,16900000,5000,46350000,1640735,19.59
20/04/2010,2000,19100000,9(-4.26 %),2000,19100000,0,0,1638735,19.62
21/04/2010,0,0,9.4(4.44 %),0,0,0,0,1638735,19.62
22/04/2010,0,0,9(-4.26 %),0,0,0,0,1638735,19.62
26/04/2010,0,0,8.6(-4.44 %),0,0,0,0,1638735,19.62
27/04/2010,0,0,8.9(3.49 %),0,0,0,0,1638735,19.62
28/04/2010,-10,-88000,8.7(-2.25 %),90,792000,100,880000,1638745,19.62
29/04/2010,-1600,-13920000,8.7(0.00 %),0,0,1600,13920000,1640345,19.6
04/05/2010,300,2610000,9(3.45 %),300,2610000,0,0,1640045,19.6
05/05/2010,2400,21210000,8.9(-1.11 %),3000,26550000,600,5340000,1637645,19.64
06/05/2010,2100,19110000,9.3(4.49 %),2100,19110000,0,0,1635545,19.68
07/05/2010,-9500,-92150000,9.7(4.30 %),0,0,9500,92150000,1645045,19.51
10/05/2010,10200,99800000,9.3(-4.12 %),10200,99800000,0,0,1634845,19.69
11/05/2010,1900,18050000,9.6(3.23 %),2000,19000000,100,950000,1632945,19.73
12/05/2010,-1200,-11279000,9.2(-4.17 %),2400,22100000,3600,33379000,1634145,19.71
13/05/2010,0,0,9.1(-1.09 %),0,0,0,0,1634145,19.71
14/05/2010,300,2640000,8.8(-3.30 %),300,2640000,0,0,1633845,19.71
17/05/2010,0,0,8.4(-4.55 %),0,0,0,0,1633845,19.71
18/05/2010,1000,8400000,8.7(3.57 %),1000,8400000,0,0,1632845,19.73
19/05/2010,300,2490000,8.3(-4.60 %),300,2490000,0,0,1632545,19.74
20/05/2010,0,0,8.2(-1.20 %),0,0,0,0,1632545,19.74
21/05/2010,0,0,7.8(-4.88 %),0,0,0,0,1632545,19.74
24/05/2010,0,0,8(2.56 %),0,0,0,0,1632545,19.74
25/05/2010,0,0,8(0.00 %),0,0,0,0,1632545,19.74
26/05/2010,9670,80261000,8.4(5.00 %),10000,83000000,330,2739000,1622875,19.91
27/05/2010,42120,364940000,8.8(4.76 %),42120,364940000,0,0,1580755,20.66
28/05/2010,10680,95888000,9(2.27 %),10680,95888000,0,0,1570075,20.85
31/05/2010,0,0,8.6(-4.44 %),0,0,0,0,1570075,20.85
01/06/2010,8000,67700000,8.4(-2.33 %),8000,67700000,0,0,1562075,21.0
02/06/2010,6240,51968000,8.3(-1.19 %),6240,51968000,0,0,1555835,21.11
03/06/2010,0,0,8.3(0.00 %),0,0,0,0,1555835,21.11
04/06/2010,0,0,8.4(1.20 %),0,0,0,0,1555835,21.11
07/06/2010,0,0,8.2(-2.38 %),0,0,0,0,1555835,21.11
08/06/2010,2000,16600000,8.4(2.44 %),2000,16600000,0,0,1553835,21.15
09/06/2010,3000,24900000,8.3(-1.19 %),3000,24900000,0,0,1550835,21.2
10/06/2010,0,0,8.3(0.00 %),0,0,0,0,1550835,21.2
11/06/2010,0,0,8.2(-1.20 %),0,0,0,0,1550835,21.2
14/06/2010,2320,19246000,8.4(2.44 %),2320,19246000,0,0,1548515,21.24
15/06/2010,0,0,8.3(-1.19 %),0,0,0,0,1548515,21.24
16/06/2010,-3000,-25800000,8.6(3.61 %),0,0,3000,25800000,1551515,21.19
17/06/2010,0,0,8.4(-2.33 %),0,0,0,0,1551515,21.19
18/06/2010,3000,24900000,8.3(-1.19 %),3000,24900000,0,0,1548515,21.24
21/06/2010,3000,24600000,8.5(2.41 %),3000,24600000,0,0,1545515,21.3
22/06/2010,0,0,8.3(-2.35 %),0,0,0,0,1545515,21.3
23/06/2010,2000,16944000,8.5(2.41 %),2000,16944000,0,0,1543515,21.33
24/06/2010,0,0,8.4(-1.18 %),0,0,0,0,1543515,21.33
25/06/2010,0,0,8.3(-1.19 %),0,0,0,0,1543515,21.33
28/06/2010,0,0,8.3(0.00 %),0,0,0,0,1543515,21.33
29/06/2010,-1000,-8600000,8.5(2.41 %),0,0,1000,8600000,1544515,21.31
30/06/2010,0,0,8.3(-2.35 %),0,0,0,0,1544515,21.31
01/07/2010,0,0,8.3(0.00 %),0,0,0,0,1544515,21.31
02/07/2010,1000,8500000,8.4(1.20 %),1000,8500000,0,0,1543515,21.33
05/07/2010,0,0,8.3(-1.19 %),0,0,0,0,1543515,21.33
06/07/2010,0,0,8.3(0.00 %),0,0,0,0,1543515,21.33
07/07/2010,-6000,-52200000,8.7(4.82 %),0,0,6000,52200000,1549515,21.22
08/07/2010,0,0,9.1(4.60 %),0,0,0,0,1549515,21.22
09/07/2010,0,0,8.8(-3.30 %),0,0,0,0,1549515,21.22
12/07/2010,0,0,9.2(4.55 %),0,0,0,0,1549515,21.22
13/07/2010,0,0,9(-2.17 %),0,0,0,0,1549515,21.22
14/07/2010,200,1780000,9(0.00 %),200,1780000,0,0,1549315,21.23
15/07/2010,-790,-7031000,8.8(-2.22 %),0,0,790,7031000,1550105,21.21
16/07/2010,0,0,9(2.27 %),0,0,0,0,1550105,21.21
19/07/2010,0,0,8.8(-2.22 %),0,0,0,0,1550105,21.21
20/07/2010,0,0,8.8(0.00 %),0,0,0,0,1550105,21.21
21/07/2010,0,0,9(2.27 %),0,0,0,0,1550105,21.21
22/07/2010,0,0,8.8(-2.22 %),0,0,0,0,1550105,21.21
23/07/2010,500,4496000,8.7(-1.14 %),500,4496000,0,0,1549605,21.22
26/07/2010,0,0,8.3(-4.60 %),0,0,0,0,1549605,21.22
27/07/2010,0,0,8.4(1.20 %),0,0,0,0,1549605,21.22
28/07/2010,4500,37800000,8.3(-1.19 %),4500,37800000,0,0,1545105,21.3
29/07/2010,0,0,8.3(0.00 %),0,0,0,0,1545105,21.3
30/07/2010,0,0,8.2(-1.20 %),0,0,0,0,1545105,21.3
02/08/2010,0,0,8.3(1.22 %),0,0,0,0,1545105,21.3
03/08/2010,0,0,8.1(-2.41 %),0,0,0,0,1545105,21.3
04/08/2010,0,0,8(-1.23 %),0,0,0,0,1545105,21.3
05/08/2010,0,0,8(0.00 %),0,0,0,0,1545105,21.3
06/08/2010,0,0,8(0.00 %),0,0,0,0,1545105,21.3
09/08/2010,0,0,7.8(-2.50 %),0,0,0,0,1545105,21.3
10/08/2010,45000,351000000,7.8(0.00 %),45000,351000000,0,0,1500105,22.11
11/08/2010,15000,118777000,8.1(3.85 %),15000,118777000,0,0,0,49.27
12/08/2010,0,0,7.7(-4.94 %),0,0,0,0,1485105,22.38
13/08/2010,0,0,7.7(0.00 %),0,0,0,0,1485105,22.38
16/08/2010,7500,59262000,7.8(1.30 %),7500,59262000,0,0,1477605,22.51
17/08/2010,0,0,7.5(-3.85 %),0,0,0,0,0,49.0
18/08/2010,0,0,7.8(4.00 %),0,0,0,0,1477605,22.51
19/08/2010,0,0,7.8(0.00 %),0,0,0,0,0,0.0
20/08/2010,6000,45300000,7.7(-1.28 %),6000,45300000,0,0,0,0.0
23/08/2010,100,750000,7.5(-2.60 %),100,750000,0,0,0,0.0
24/08/2010,2000,14400000,7.2(-4.00 %),2000,14400000,0,0,0,49.04
25/08/2010,200,1400000,6.9(-4.17 %),200,1400000,0,0,0,2735661.0
26/08/2010,0,0,6.8(-1.45 %),0,0,0,0,0,49.04
27/08/2010,1400,9300000,6.9(1.47 %),1400,9300000,0,0,0,0.0
30/08/2010,0,0,7.2(4.35 %),0,0,0,0,0,49.0
31/08/2010,140,1022000,7.4(2.78 %),140,1022000,0,0,0,49.0
01/09/2010,1400,10170000,7.1(-4.05 %),1500,10900000,100,730000,0,49.03
06/09/2010,0,0,7.2(1.41 %),0,0,0,0,1427537,49.03
07/09/2010,0,0,7.1(-1.39 %),0,0,0,0,0,49.03
08/09/2010,1000,7100000,7.1(0.00 %),1000,7100000,0,0,0,49.05
09/09/2010,0,0,7.2(1.41 %),0,0,0,0,0,49.05
10/09/2010,0,0,7.1(-1.39 %),0,0,0,0,0,49.05
13/09/2010,0,0,6.9(-2.82 %),0,0,0,0,0,49.05
14/09/2010,0,0,6.9(0.00 %),0,0,0,0,0,49.05
15/09/2010,0,0,6.9(0.00 %),0,0,0,0,0,49.05
16/09/2010,0,0,6.9(0.00 %),0,0,0,0,0,49.05
17/09/2010,0,0,6.9(0.00 %),0,0,0,0,0,49.05
20/09/2010,0,0,7(1.45 %),0,0,0,0,0,49.05
21/09/2010,0,0,6.9(-1.43 %),0,0,0,0,0,49.05
22/09/2010,0,0,6.9(0.00 %),0,0,0,0,0,49.05
23/09/2010,0,0,6.7(-2.90 %),0,0,0,0,0,49.05
24/09/2010,0,0,6.8(1.49 %),0,0,0,0,0,49.05
27/09/2010,0,0,6.8(0.00 %),0,0,0,0,0,49.05
28/09/2010,0,0,6.8(0.00 %),0,0,0,0,0,49.05
29/09/2010,0,0,6.7(-1.47 %),0,0,0,0,0,49.05
30/09/2010,0,0,6.5(-2.99 %),0,0,0,0,1426537,49.05
01/10/2010,0,0,6.6(1.54 %),0,0,0,0,1426537,23.43
04/10/2010,0,0,6.4(-3.03 %),0,0,0,0,1426537,23.43
05/10/2010,0,0,6.5(1.56 %),0,0,0,0,1426537,23.43
06/10/2010,0,0,6.6(1.54 %),0,0,0,0,1426537,23.43
07/10/2010,0,0,6.5(-1.52 %),0,0,0,0,1426537,23.43
08/10/2010,0,0,6.2(-4.62 %),0,0,0,0,1426537,23.43
11/10/2010,0,0,6.2(0.00 %),0,0,0,0,1426537,23.43
12/10/2010,0,0,6.2(0.00 %),0,0,0,0,1426537,23.43
13/10/2010,0,0,6.2(0.00 %),0,0,0,0,1426537,23.43
14/10/2010,0,0,6.3(1.61 %),0,0,0,0,1426537,23.43
15/10/2010,0,0,6.4(1.59 %),0,0,0,0,1426537,23.43
18/10/2010,3000,18600000,6.3(-1.56 %),3000,18600000,0,0,1423537,23.48
19/10/2010,2800,17080000,6.3(0.00 %),2800,17080000,0,0,1420737,23.53
20/10/2010,0,0,6(-4.76 %),0,0,0,0,1420737,23.53
21/10/2010,0,0,6.3(5.00 %),0,0,0,0,1420737,23.53
22/10/2010,0,0,6.6(4.76 %),0,0,0,0,1420737,23.53
25/10/2010,0,0,6.9(4.55 %),0,0,0,0,1420737,23.53
26/10/2010,0,0,6.9(0.00 %),0,0,0,0,1420737,23.53
27/10/2010,0,0,6.6(-4.35 %),0,0,0,0,1420737,23.53
28/10/2010,200,1360000,6.7(1.52 %),200,1360000,0,0,1420537,23.54
29/10/2010,0,0,6.6(-1.49 %),0,0,0,0,1420537,23.54
01/11/2010,300,1920000,6.6(0.00 %),300,1920000,0,0,1420237,23.54
02/11/2010,0,0,6.3(-4.55 %),0,0,0,0,1420237,23.54
03/11/2010,0,0,6(-4.76 %),0,0,0,0,1420237,23.54
04/11/2010,-200,-1240000,6.2(3.33 %),0,0,200,1240000,1420437,23.54
05/11/2010,1150,7130000,6.2(0.00 %),1150,7130000,0,0,1419287,23.56
08/11/2010,320,1984000,6.2(0.00 %),320,1984000,0,0,1418967,23.56
09/11/2010,0,0,6.1(-1.61 %),0,0,0,0,1418967,23.56
10/11/2010,250,1490000,6.2(1.64 %),300,1800000,50,310000,1418717,23.57
11/11/2010,-6000,-36000000,6(-3.23 %),3000,18000000,9000,54000000,1424717,23.46
12/11/2010,7000,40600000,5.7(-5.00 %),7000,40600000,0,0,1417717,23.59
15/11/2010,0,0,5.5(-3.51 %),0,0,0,0,1417717,23.59
16/11/2010,100,560000,5.4(-1.82 %),100,560000,0,0,1417617,23.59
17/11/2010,-2000,-11200000,5.6(3.70 %),0,0,2000,11200000,1419617,23.55
18/11/2010,-9500,-53600000,5.7(1.79 %),500,2900000,10000,56500000,1429117,23.38
19/11/2010,0,0,5.7(0.00 %),0,0,0,0,1429117,23.38
22/11/2010,0,0,5.7(0.00 %),0,0,0,0,1429117,23.38
23/11/2010,-5000,-28000000,5.5(-3.51 %),0,0,5000,28000000,1434117,23.29
24/11/2010,0,0,5.6(1.82 %),0,0,0,0,1434117,23.29
25/11/2010,-4950,-28200000,5.8(3.57 %),100,580000,5050,28780000,1439067,23.2
26/11/2010,0,0,5.8(0.00 %),0,0,0,0,1439067,23.2
29/11/2010,-1840,-10672000,6(3.45 %),0,0,1840,10672000,1440907,23.17
30/11/2010,410,2541000,6.2(3.33 %),410,2541000,0,0,1440497,23.18
01/12/2010,0,0,6(-3.23 %),0,0,0,0,1440497,23.18
02/12/2010,0,0,6.2(3.33 %),0,0,0,0,1440497,23.18
03/12/2010,100,630000,6.5(4.84 %),100,630000,0,0,1440397,23.18
06/12/2010,0,0,6.6(1.54 %),0,0,0,0,1440397,23.18
07/12/2010,0,0,6.3(-4.55 %),0,0,0,0,1440397,23.18
08/12/2010,-400,-2440000,6(-4.76 %),100,610000,500,3050000,1440797,23.17
09/12/2010,0,0,6.3(5.00 %),0,0,0,0,1440797,23.17
10/12/2010,0,0,6.4(1.59 %),0,0,0,0,1440797,23.17
13/12/2010,50,335000,6.7(4.69 %),50,335000,0,0,1440747,23.17
14/12/2010,0,0,6.4(-4.48 %),0,0,0,0,1440747,23.17
15/12/2010,0,0,6.2(-3.12 %),0,0,0,0,1440747,23.17
16/12/2010,0,0,6.2(0.00 %),0,0,0,0,1440747,23.17
17/12/2010,0,0,6.2(0.00 %),0,0,0,0,1440747,23.17
20/12/2010,0,0,6(-3.23 %),0,0,0,0,1440747,23.17
21/12/2010,7780,48186000,6.2(3.33 %),8830,54486000,1050,6300000,1432967,23.31
22/12/2010,0,0,6.2(0.00 %),0,0,0,0,1432967,23.31
23/12/2010,-20,-120000,6(-3.23 %),0,0,20,120000,1432987,23.31
24/12/2010,0,0,6(0.00 %),0,0,0,0,1432987,23.31
27/12/2010,0,0,6.2(3.33 %),0,0,0,0,1432987,23.31
28/12/2010,0,0,6(-3.23 %),0,0,0,0,1432987,23.31
29/12/2010,0,0,6(0.00 %),0,0,0,0,1432987,23.31
30/12/2010,0,0,6(0.00 %),0,0,0,0,1432987,23.31
31/12/2010,-700,-4130000,6(0.00 %),0,0,700,4130000,1433687,23.3
04/01/2011,0,0,6.1(1.67 %),0,0,0,0,1433687,23.3
05/01/2011,0,0,6(-1.64 %),0,0,0,0,1433687,23.3
06/01/2011,0,0,6.1(1.67 %),0,0,0,0,1433687,23.3
07/01/2011,0,0,6.1(0.00 %),0,0,0,0,1433687,23.3
10/01/2011,0,0,6(-1.64 %),0,0,0,0,1433687,23.3
11/01/2011,0,0,5.9(-1.67 %),0,0,0,0,1433687,23.3
12/01/2011,0,0,6(1.69 %),0,0,0,0,1433687,23.3
13/01/2011,0,0,5.9(-1.67 %),0,0,0,0,1433687,23.3
14/01/2011,0,0,5.9(0.00 %),0,0,0,0,1433687,4.66
17/01/2011,0,0,6(1.69 %),0,0,0,0,1433687,4.66
18/01/2011,0,0,6(0.00 %),0,0,0,0,1433687,23.3
19/01/2011,0,0,6(0.00 %),0,0,0,0,1433687,23.3
20/01/2011,0,0,6(0.00 %),0,0,0,0,1433687,23.3
21/01/2011,0,0,5.9(-1.67 %),0,0,0,0,1433687,23.3
24/01/2011,0,0,5.9(0.00 %),0,0,0,0,1433687,23.3
25/01/2011,0,0,5.9(0.00 %),0,0,0,0,1433687,23.3
26/01/2011,0,0,5.9(0.00 %),0,0,0,0,1433687,23.3
27/01/2011,0,0,6(1.69 %),0,0,0,0,1433687,23.3
28/01/2011,4000,24800000,6.2(3.33 %),4000,24800000,0,0,1429687,23.37
08/02/2011,0,0,6.2(0.00 %),0,0,0,0,1429687,23.37
09/02/2011,0,0,6.1(-1.61 %),0,0,0,0,1429687,4.67
10/02/2011,2000,12200000,6.1(0.00 %),2000,12200000,0,0,1427687,23.41
11/02/2011,-7710,-46331000,6(-1.64 %),0,0,7710,46331000,1435397,4.65
14/02/2011,800,5254000,5.9(-1.67 %),4000,24400000,3200,19146000,1434597,23.28
15/02/2011,-100,-590000,5.8(-1.69 %),0,0,100,590000,1434697,23.28
16/02/2011,-22630,-131944000,5.8(0.00 %),1000,5900000,23630,137844000,1457327,22.88
17/02/2011,-20220,-113326000,5.7(-1.72 %),0,0,20220,113326000,1477547,22.51
18/02/2011,70,406000,5.5(-3.51 %),1500,8700000,1430,8294000,1477477,22.51
21/02/2011,-29500,-157750000,5.3(-3.64 %),500,2850000,30000,160600000,1506977,21.99
22/02/2011,-2950,-15635000,5.3(0.00 %),0,0,2950,15635000,1509927,21.93
23/02/2011,-4000,-20800000,5.2(-1.89 %),0,0,4000,20800000,1513927,21.86
24/02/2011,-7160,-37232000,5.2(0.00 %),0,0,7160,37232000,1521087,21.73
25/02/2011,-2000,-10400000,5.1(-1.92 %),0,0,2000,10400000,1523087,21.7
28/02/2011,5010,27553000,5.1(0.00 %),10010,53053000,5000,25500000,1518077,21.79
01/03/2011,-5000,-25000000,5.1(0.00 %),0,0,5000,25000000,1523077,21.7
02/03/2011,0,0,5(-1.96 %),0,0,0,0,1523077,21.7
03/03/2011,0,0,4.8(-4.00 %),0,0,0,0,0,0.0
04/03/2011,0,0,5(4.17 %),0,0,0,0,0,0.0
07/03/2011,-10010,-48049000,4.9(-2.00 %),0,0,10010,48049000,0,0.0
08/03/2011,500,2450000,4.9(0.00 %),500,2450000,0,0,0,0.0
09/03/2011,6960,34104000,4.9(0.00 %),7000,34300000,40,196000,0,0.0
10/03/2011,-5000,-24500000,5(2.04 %),0,0,5000,24500000,0,0.0
11/03/2011,-8000,-40000000,5(0.00 %),0,0,8000,40000000,0,0.0
14/03/2011,-17620,-88100000,5(0.00 %),0,0,17620,88100000,0,0.0
15/03/2011,-21500,-103200000,4.9(-2.00 %),0,0,21500,103200000,0,0.0
16/03/2011,0,0,4.9(0.00 %),0,0,0,0,1583267,20.62
17/03/2011,0,0,4.8(-2.04 %),0,0,0,0,1583267,20.62
18/03/2011,0,0,4.9(2.08 %),0,0,0,0,1583267,20.62
21/03/2011,0,0,4.9(0.00 %),0,0,0,0,1583267,20.62
22/03/2011,0,0,4.8(-2.04 %),0,0,0,0,1583267,20.62
23/03/2011,0,0,4.9(2.08 %),0,0,0,0,1583267,20.62
24/03/2011,-6000,-28800000,4.9(0.00 %),0,0,6000,28800000,1589267,20.51
25/03/2011,-20000,-98000000,4.9(0.00 %),0,0,20000,98000000,1609267,20.15
28/03/2011,-24000,-117600000,4.9(0.00 %),0,0,24000,117600000,1633267,19.72
29/03/2011,0,0,4.8(-2.04 %),0,0,0,0,1633267,19.72
30/03/2011,-20000,-94000000,4.8(0.00 %),0,0,20000,94000000,1653267,19.36
31/03/2011,-330,-1584000,4.8(0.00 %),0,0,330,1584000,1653597,19.36
01/04/2011,0,0,4.7(-2.08 %),0,0,0,0,1680392,18.88
04/04/2011,-40,-188000,4.7(0.00 %),0,0,40,188000,1680432,18.88
05/04/2011,0,0,4.6(-2.13 %),0,0,0,0,1680432,18.88
06/04/2011,-7000,-32200000,4.8(4.35 %),0,0,7000,32200000,1687432,18.75
07/04/2011,0,0,4.8(0.00 %),0,0,0,0,1687432,18.75
08/04/2011,-1020,-4896000,4.8(0.00 %),0,0,1020,4896000,1688452,18.73
13/04/2011,-10500,-48800000,4.7(-2.08 %),0,0,10500,48800000,1698952,3.71
14/04/2011,-4570,-21022000,4.7(0.00 %),0,0,4570,21022000,1703522,3.69
15/04/2011,0,0,4.6(-2.13 %),0,0,0,0,1703522,3.69
18/04/2011,0,0,4.6(0.00 %),0,0,0,0,1703522,3.69
19/04/2011,0,0,4.6(0.00 %),0,0,0,0,1703522,3.69
20/04/2011,0,0,4.6(0.00 %),0,0,0,0,1703522,3.69
21/04/2011,0,0,4.4(-4.35 %),0,0,0,0,1703522,3.69
22/04/2011,0,0,4.5(2.27 %),0,0,0,0,1703522,3.69
25/04/2011,0,0,4.3(-4.44 %),0,0,0,0,1703522,3.69
26/04/2011,0,0,4.2(-2.33 %),0,0,0,0,1703522,3.69
27/04/2011,0,0,4.1(-2.38 %),0,0,0,0,1703522,3.69
28/04/2011,0,0,4.3(4.88 %),0,0,0,0,1703522,3.69
29/04/2011,1260,5670000,4.5(4.65 %),1260,5670000,0,0,1702262,3.7
04/05/2011,0,0,4.7(4.44 %),0,0,0,0,1722592,3.62
05/05/2011,-101795,-458078000,4.5(-4.26 %),0,0,101795,458078000,1824387,3.26
06/05/2011,1370,6028000,4.3(-4.44 %),1370,6028000,0,0,1823017,3.26
09/05/2011,0,0,4.5(4.65 %),0,0,0,0,1823017,3.26
10/05/2011,0,0,4.5(0.00 %),0,0,0,0,1823017,3.26
11/05/2011,0,0,4.3(-4.44 %),0,0,0,0,1823017,3.26
12/05/2011,0,0,4.4(2.33 %),0,0,0,0,1823017,3.26
13/05/2011,0,0,4.2(-4.55 %),0,0,0,0,1823017,3.26
16/05/2011,0,0,4.2(0.00 %),0,0,0,0,1823017,3.26
17/05/2011,0,0,4.3(2.38 %),0,0,0,0,1823017,3.26
18/05/2011,0,0,4.3(0.00 %),0,0,0,0,1823017,3.26
19/05/2011,0,0,4.1(-4.65 %),0,0,0,0,1823017,3.26
20/05/2011,0,0,4.2(2.44 %),0,0,0,0,1823017,3.26
23/05/2011,0,0,4.1(-2.38 %),0,0,0,0,1823017,3.26
24/05/2011,0,0,3.9(-4.88 %),0,0,0,0,1823017,3.26
25/05/2011,3000,11400000,3.8(-2.56 %),3000,11400000,0,0,1820017,3.27
26/05/2011,0,0,3.7(-2.63 %),0,0,0,0,1820017,3.27
27/05/2011,0,0,3.8(2.70 %),0,0,0,0,1820017,3.27
30/05/2011,0,0,3.9(2.63 %),0,0,0,0,1820017,3.27
31/05/2011,0,0,3.9(0.00 %),0,0,0,0,1820017,3.27
01/06/2011,3590,14001000,4(2.56 %),3590,14001000,0,0,1820017,3.27
02/06/2011,2100,8810000,4.2(5.00 %),2100,8810000,0,0,1817917,3.28
03/06/2011,5140,22102000,4.2(0.00 %),5140,22102000,0,0,1812777,3.3
06/06/2011,6000,25200000,4.1(-2.38 %),6000,25200000,0,0,1806777,3.32
07/06/2011,0,0,4(-2.44 %),0,0,0,0,1806777,3.32
08/06/2011,4090,15542000,4(0.00 %),4090,15542000,0,0,1802687,3.34
09/06/2011,0,0,3.8(-5.00 %),0,0,0,0,1802687,3.34
10/06/2011,0,0,3.9(2.63 %),0,0,0,0,1802687,3.34
13/06/2011,0,0,4(2.56 %),0,0,0,0,1802687,3.34
14/06/2011,1000,4000000,4.1(2.50 %),1000,4000000,0,0,1801687,3.34
15/06/2011,1000,4000000,4(-2.44 %),1000,4000000,0,0,1800687,3.34
16/06/2011,0,0,4(0.00 %),0,0,0,0,1800687,3.34
17/06/2011,0,0,4(0.00 %),0,0,0,0,1800687,3.34
20/06/2011,0,0,3.8(-5.00 %),0,0,0,0,1800687,3.34
21/06/2011,0,0,3.9(2.63 %),0,0,0,0,1800687,3.34
22/06/2011,0,0,4(2.56 %),0,0,0,0,1800687,3.34
23/06/2011,0,0,4.1(2.50 %),0,0,0,0,1800687,3.34
24/06/2011,-12000,-47869000,4.1(0.00 %),0,0,12000,47869000,1812687,3.3
27/06/2011,0,0,4.1(0.00 %),0,0,0,0,1812687,3.3
28/06/2011,0,0,3.9(-4.88 %),0,0,0,0,1812687,3.3
29/06/2011,0,0,4(2.56 %),0,0,0,0,1812687,3.3
30/06/2011,0,0,4.1(2.50 %),0,0,0,0,1812687,3.3
01/07/2011,0,0,4(-2.44 %),0,0,0,0,1809097,3.31
04/07/2011,0,0,3.9(-2.50 %),0,0,0,0,1809097,3.31
05/07/2011,0,0,3.9(0.00 %),0,0,0,0,1809097,3.31
06/07/2011,0,0,4(2.56 %),0,0,0,0,1809097,3.31
07/07/2011,0,0,3.9(-2.50 %),0,0,0,0,1809097,3.31
08/07/2011,0,0,3.9(0.00 %),0,0,0,0,1809097,3.31
11/07/2011,0,0,3.8(-2.56 %),0,0,0,0,1809097,3.31
12/07/2011,0,0,3.7(-2.63 %),0,0,0,0,1809097,3.31
13/07/2011,0,0,3.8(2.70 %),0,0,0,0,1809097,3.31
14/07/2011,0,0,3.8(0.00 %),0,0,0,0,1809097,3.31
15/07/2011,0,0,3.8(0.00 %),0,0,0,0,1809097,3.31
18/07/2011,0,0,3.7(-2.63 %),0,0,0,0,1809097,3.31
19/07/2011,0,0,3.6(-2.70 %),0,0,0,0,1809097,3.31
20/07/2011,500,1750000,3.6(0.00 %),500,1750000,0,0,1808597,3.31
21/07/2011,0,0,3.5(-2.78 %),0,0,0,0,1808597,3.31
22/07/2011,0,0,3.6(2.86 %),0,0,0,0,1808597,3.31
25/07/2011,0,0,3.7(2.78 %),0,0,0,0,1808597,3.31
26/07/2011,-450,-1710000,3.8(2.70 %),0,0,450,1710000,1809047,3.31
27/07/2011,-300,-1170000,3.9(2.63 %),0,0,300,1170000,1809347,3.31
28/07/2011,0,0,4(2.56 %),0,0,0,0,1809347,3.31
29/07/2011,0,0,4.2(5.00 %),0,0,0,0,1809347,3.31
01/08/2011,0,0,4(-4.76 %),0,0,0,0,1809347,3.31
02/08/2011,0,0,3.8(-5.00 %),0,0,0,0,1809347,3.31
03/08/2011,0,0,3.8(0.00 %),0,0,0,0,1809347,3.31
04/08/2011,0,0,3.9(2.63 %),0,0,0,0,1809347,3.31
05/08/2011,-1000,-3800000,3.8(-2.56 %),0,0,1000,3800000,1810347,3.31
08/08/2011,0,0,3.9(2.63 %),0,0,0,0,1810347,3.31
09/08/2011,0,0,3.8(-2.56 %),0,0,0,0,1810347,3.31
10/08/2011,0,0,3.7(-2.63 %),0,0,0,0,1810347,3.31
11/08/2011,0,0,3.7(0.00 %),0,0,0,0,1810347,3.31
12/08/2011,0,0,3.7(0.00 %),0,0,0,0,1810347,3.31
15/08/2011,0,0,3.7(0.00 %),0,0,0,0,1810347,3.31
16/08/2011,0,0,3.6(-2.70 %),0,0,0,0,1810347,3.31
17/08/2011,0,0,3.7(2.78 %),0,0,0,0,1810347,3.31
18/08/2011,0,0,3.7(0.00 %),0,0,0,0,1810347,3.31
19/08/2011,0,0,3.7(0.00 %),0,0,0,0,1810347,3.31
22/08/2011,0,0,3.8(2.70 %),0,0,0,0,1810347,3.31
23/08/2011,-200,-760000,3.7(-2.63 %),0,0,200,760000,1810547,3.31
24/08/2011,0,0,3.7(0.00 %),0,0,0,0,1810547,3.31
25/08/2011,-1480,-5476000,3.7(0.00 %),0,0,1480,5476000,1812027,3.3
26/08/2011,0,0,3.6(-2.70 %),0,0,0,0,1812027,3.3
29/08/2011,0,0,3.7(2.78 %),0,0,0,0,1812027,3.3
30/08/2011,0,0,3.8(2.70 %),0,0,0,0,1812027,3.3
31/08/2011,0,0,3.8(0.00 %),0,0,0,0,1812027,3.3
01/09/2011,-10,-38000,3.8(0.00 %),0,0,10,38000,1812027,3.3
05/09/2011,0,0,3.7(-2.63 %),0,0,0,0,1812027,3.3
06/09/2011,0,0,3.7(0.00 %),0,0,0,0,1812027,3.3
07/09/2011,0,0,3.8(2.70 %),0,0,0,0,1812027,3.3
08/09/2011,0,0,3.9(2.63 %),0,0,0,0,1812027,3.3
09/09/2011,0,0,4(2.56 %),0,0,0,0,1812027,3.3
12/09/2011,-210,-882000,4.2(5.00 %),0,0,210,882000,1812237,3.3
13/09/2011,0,0,4.4(4.76 %),0,0,0,0,1812237,3.3
14/09/2011,13000,59800000,4.6(4.55 %),15000,69000000,2000,9200000,1799237,3.35
15/09/2011,0,0,4.7(2.17 %),0,0,0,0,1799237,3.35
16/09/2011,3000,14100000,4.5(-4.26 %),3000,14100000,0,0,1796237,3.36
19/09/2011,3000,13500000,4.4(-2.22 %),3000,13500000,0,0,1793237,3.37
20/09/2011,3000,12900000,4.2(-4.55 %),3000,12900000,0,0,1790237,3.38
21/09/2011,3000,12600000,4.2(0.00 %),3000,12600000,0,0,1787237,3.39
22/09/2011,3000,12300000,4.1(-2.38 %),3000,12300000,0,0,1784237,3.4
23/09/2011,3000,12300000,4.1(0.00 %),3000,12300000,0,0,1781237,3.41
26/09/2011,0,0,4(-2.44 %),0,0,0,0,1781237,3.41
27/09/2011,-720,-2808000,4.1(2.50 %),0,0,720,2808000,1781957,3.41
28/09/2011,1450,5945000,4.2(2.44 %),1450,5945000,0,0,1780507,3.42
29/09/2011,550,2255000,4.2(0.00 %),550,2255000,0,0,1779957,3.42
30/09/2011,0,0,4(-4.76 %),0,0,0,0,1779957,3.42
03/10/2011,-1740,-6684000,4(0.00 %),0,0,1740,6684000,1779974,3.42
04/10/2011,0,0,4(0.00 %),0,0,0,0,1779974,3.42
05/10/2011,0,0,4(0.00 %),0,0,0,0,1779974,3.42
06/10/2011,0,0,4(0.00 %),0,0,0,0,1779974,3.42
07/10/2011,0,0,4.1(2.50 %),0,0,0,0,1779974,3.42
10/10/2011,0,0,4(-2.44 %),0,0,0,0,1779974,3.42
11/10/2011,0,0,4(0.00 %),0,0,0,0,1779974,3.42
12/10/2011,2000,7600000,3.9(-2.50 %),2000,7600000,0,0,1777974,3.42
13/10/2011,0,0,3.9(0.00 %),0,0,0,0,1777974,3.42
14/10/2011,0,0,4(2.56 %),0,0,0,0,1777974,3.42
17/10/2011,0,0,4(0.00 %),0,0,0,0,1777974,3.42
18/10/2011,0,0,3.9(-2.50 %),0,0,0,0,1777974,3.42
19/10/2011,0,0,4(2.56 %),0,0,0,0,1777974,3.42
20/10/2011,0,0,4(0.00 %),0,0,0,0,1777974,3.42
21/10/2011,0,0,4(0.00 %),0,0,0,0,1777974,3.42
24/10/2011,0,0,3.9(-2.50 %),0,0,0,0,1777974,3.42
25/10/2011,0,0,3.9(0.00 %),0,0,0,0,1777974,3.42
26/10/2011,0,0,3.9(0.00 %),0,0,0,0,1777974,3.42
27/10/2011,0,0,3.9(0.00 %),0,0,0,0,1777974,3.42
28/10/2011,0,0,4(2.56 %),0,0,0,0,1777974,3.42
31/10/2011,0,0,3.9(-2.50 %),0,0,0,0,1777974,3.42
01/11/2011,0,0,4(2.56 %),0,0,0,0,1779714,3.42
02/11/2011,0,0,3.8(-5.00 %),0,0,0,0,1779714,3.42
03/11/2011,0,0,3.8(0.00 %),0,0,0,0,1779714,3.42
04/11/2011,0,0,3.7(-2.63 %),0,0,0,0,1779714,3.42
07/11/2011,340,1292000,3.8(2.70 %),340,1292000,0,0,1779374,3.42
08/11/2011,0,0,3.8(0.00 %),0,0,0,0,1779374,3.42
09/11/2011,0,0,3.8(0.00 %),0,0,0,0,1779374,3.42
10/11/2011,0,0,3.8(0.00 %),0,0,0,0,1779374,3.42
11/11/2011,0,0,3.7(-2.63 %),0,0,0,0,1779374,3.42
14/11/2011,0,0,3.6(-2.70 %),0,0,0,0,1779374,3.42
15/11/2011,-1200,-4200000,3.5(-2.78 %),0,0,1200,4200000,1780574,3.42
16/11/2011,-7970,-27104000,3.5(0.00 %),0,0,7970,27104000,1788544,3.39
17/11/2011,0,0,3.5(0.00 %),0,0,0,0,1788544,3.39
18/11/2011,0,0,3.5(0.00 %),0,0,0,0,1788544,3.39
21/11/2011,0,0,3.4(-2.86 %),0,0,0,0,1788544,3.39
22/11/2011,0,0,3.4(0.00 %),0,0,0,0,1788544,3.39
23/11/2011,-200,-680000,3.3(-2.94 %),0,0,200,680000,1788744,3.39
24/11/2011,0,0,3.3(0.00 %),0,0,0,0,1788744,3.39
25/11/2011,0,0,3.4(3.03 %),0,0,0,0,1788744,3.39
28/11/2011,0,0,3.5(2.94 %),0,0,0,0,1788744,3.39
29/11/2011,0,0,3.4(-2.86 %),0,0,0,0,1788744,3.39
30/11/2011,0,0,3.3(-2.94 %),0,0,0,0,1788744,3.39
01/12/2011,0,0,3.4(3.03 %),0,0,0,0,1788744,3.39
02/12/2011,0,0,3.5(2.94 %),0,0,0,0,1788744,3.39
05/12/2011,0,0,3.5(0.00 %),0,0,0,0,1788744,3.39
06/12/2011,0,0,3.4(-2.86 %),0,0,0,0,1788744,3.39
07/12/2011,0,0,3.4(0.00 %),0,0,0,0,1788744,3.39
08/12/2011,0,0,3.4(0.00 %),0,0,0,0,1788744,3.39
09/12/2011,0,0,3.5(2.94 %),0,0,0,0,1788744,3.39
12/12/2011,0,0,3.4(-2.86 %),0,0,0,0,1788744,3.39
13/12/2011,-350,-1155000,3.3(-2.94 %),0,0,350,1155000,1789094,3.38
14/12/2011,0,0,3.2(-3.03 %),0,0,0,0,1789094,3.38
15/12/2011,0,0,3.1(-3.12 %),0,0,0,0,1789094,3.38
16/12/2011,0,0,3.2(3.23 %),0,0,0,0,1789094,3.38
19/12/2011,0,0,3.1(-3.12 %),0,0,0,0,1789094,3.38
20/12/2011,0,0,3.1(0.00 %),0,0,0,0,1789094,3.38
21/12/2011,0,0,3.1(0.00 %),0,0,0,0,1789094,3.38
22/12/2011,0,0,3(-3.23 %),0,0,0,0,1789094,3.38
23/12/2011,0,0,2.9(-3.33 %),0,0,0,0,1789094,3.38
26/12/2011,0,0,3(3.45 %),0,0,0,0,1789094,3.38
27/12/2011,0,0,2.9(-3.33 %),0,0,0,0,1789094,3.38
28/12/2011,0,0,2.9(0.00 %),0,0,0,0,1789094,3.38
29/12/2011,0,0,2.8(-3.45 %),0,0,0,0,1789094,3.38
30/12/2011,0,0,2.7(-3.57 %),0,0,0,0,1789094,3.38
03/01/2012,0,0,2.8(3.70 %),0,0,0,0,1789101,3.38
04/01/2012,0,0,2.9(3.57 %),0,0,0,0,1789101,3.38
05/01/2012,0,0,3(3.45 %),0,0,0,0,1789101,3.38
06/01/2012,0,0,3(0.00 %),0,0,0,0,1789101,3.38
09/01/2012,0,0,3(0.00 %),0,0,0,0,1789101,3.38
10/01/2012,0,0,2.9(-3.33 %),0,0,0,0,1789101,3.38
11/01/2012,0,0,2.9(0.00 %),0,0,0,0,1789101,3.38
12/01/2012,0,0,3(3.45 %),0,0,0,0,1789101,3.38
13/01/2012,0,0,3(0.00 %),0,0,0,0,1789101,3.38
16/01/2012,0,0,3.1(3.33 %),0,0,0,0,1789101,3.38
17/01/2012,0,0,3(-3.23 %),0,0,0,0,1789101,3.38
18/01/2012,-3000,-9000000,3(0.00 %),0,0,3000,9000000,1792101,3.37
19/01/2012,0,0,3.1(3.33 %),0,0,0,0,1792101,3.37
20/01/2012,0,0,3(-3.23 %),0,0,0,0,1792101,3.37
30/01/2012,0,0,3.1(3.33 %),0,0,0,0,1792101,3.37
31/01/2012,0,0,3.2(3.23 %),0,0,0,0,1792101,3.37
01/02/2012,0,0,3.2(0.00 %),0,0,0,0,1792101,3.37
02/02/2012,0,0,3.3(3.12 %),0,0,0,0,1792101,3.37
03/02/2012,0,0,3.3(0.00 %),0,0,0,0,1792101,3.37
06/02/2012,0,0,3.2(-3.03 %),0,0,0,0,1792101,3.37
07/02/2012,0,0,3.2(0.00 %),0,0,0,0,1792101,3.37
08/02/2012,10000,33000000,3.3(3.12 %),10000,33000000,0,0,1782101,3.41
09/02/2012,10000,34000000,3.4(3.03 %),10000,34000000,0,0,1772101,3.45
10/02/2012,0,0,3.4(0.00 %),0,0,0,0,1772101,3.45
13/02/2012,8410,29435000,3.3(-2.94 %),10000,35000000,1590,5565000,1763691,3.48
14/02/2012,0,0,3.3(0.00 %),0,0,0,0,1763691,3.48
15/02/2012,9590,32606000,3.3(0.00 %),10000,34000000,410,1394000,1754101,3.51
16/02/2012,0,0,3.3(0.00 %),0,0,0,0,1754101,3.51
17/02/2012,0,0,3.3(0.00 %),0,0,0,0,1754101,3.51
20/02/2012,0,0,3.3(0.00 %),0,0,0,0,1754101,3.51
21/02/2012,-10000,-32221000,3.3(0.00 %),10000,33779000,20000,66000000,1764101,3.47
22/02/2012,0,0,3.4(3.03 %),0,0,0,0,1764101,3.47
23/02/2012,0,0,3.4(0.00 %),0,0,0,0,1764101,3.47
24/02/2012,-11900,-39320000,3.4(0.00 %),100,340000,12000,39660000,1776001,3.43
27/02/2012,-50000,-170000000,3.4(0.00 %),0,0,50000,170000000,1826001,3.25
28/02/2012,-50000,-174000000,3.5(2.94 %),0,0,50000,174000000,1876001,3.07
29/02/2012,-25340,-91234000,3.6(2.86 %),4660,16766000,30000,108000000,1901341,2.98
01/03/2012,-17960,-64952000,3.6(0.00 %),10000,36500000,27960,101452000,1761350,3.48
02/03/2012,-6690,-24753000,3.7(2.78 %),1300,4810000,7990,29563000,1768040,3.46
05/03/2012,0,0,3.8(2.70 %),0,0,0,0,1768040,3.46
06/03/2012,9130,35607000,3.9(2.63 %),9130,35607000,0,0,1758910,3.49
07/03/2012,7000,28000000,4(2.56 %),7000,28000000,0,0,1751910,3.52
08/03/2012,0,0,4(0.00 %),0,0,0,0,1751910,3.52
09/03/2012,0,0,3.8(-5.00 %),0,0,0,0,1751910,3.52
12/03/2012,4400,16720000,3.7(-2.63 %),4400,16720000,0,0,1747510,3.53
13/03/2012,0,0,3.6(-2.70 %),0,0,0,0,1747510,3.53
14/03/2012,0,0,3.5(-2.78 %),0,0,0,0,1747510,3.53
15/03/2012,0,0,3.6(2.86 %),0,0,0,0,1747510,3.53
16/03/2012,0,0,3.7(2.78 %),0,0,0,0,1747510,3.53
19/03/2012,0,0,3.6(-2.70 %),0,0,0,0,1747510,3.53
20/03/2012,0,0,3.6(0.00 %),0,0,0,0,1747510,3.53
21/03/2012,5500,20150000,3.6(0.00 %),5500,20150000,0,0,1742010,3.55
22/03/2012,0,0,3.7(2.78 %),0,0,0,0,1742010,3.55
23/03/2012,0,0,3.8(2.70 %),0,0,0,0,1742010,3.55
26/03/2012,-4090,-15951000,3.9(2.63 %),0,0,4090,15951000,1746100,3.54
27/03/2012,-3000,-12000000,4(2.56 %),0,0,3000,12000000,1749100,3.53
28/03/2012,5000,20200000,4.1(2.50 %),5000,20200000,0,0,1744100,3.55
29/03/2012,5700,23690000,4.2(2.44 %),5700,23690000,0,0,1738400,3.57
30/03/2012,0,0,4.1(-2.38 %),0,0,0,0,1738400,3.57
03/04/2012,0,0,3.9(-4.88 %),0,0,0,0,1896360,3.0
04/04/2012,0,0,3.8(-2.56 %),0,0,0,0,1896360,3.0
05/04/2012,0,0,3.9(2.63 %),0,0,0,0,1896360,3.0
06/04/2012,500,1950000,3.9(0.00 %),500,1950000,0,0,1895860,3.0
09/04/2012,0,0,3.9(0.00 %),0,0,0,0,1895860,3.0
10/04/2012,0,0,3.8(-2.56 %),0,0,0,0,1895860,3.0
11/04/2012,0,0,3.9(2.63 %),0,0,0,0,1895860,3.0
12/04/2012,0,0,3.9(0.00 %),0,0,0,0,1895860,3.0
13/04/2012,0,0,3.8(-2.56 %),0,0,0,0,1895860,3.0
16/04/2012,10000,39000000,3.9(2.63 %),10000,39000000,0,0,1885860,3.04
17/04/2012,18310,73240000,4(2.56 %),19360,77440000,1050,4200000,1867550,3.1
18/04/2012,16530,69426000,4.2(5.00 %),16530,69426000,0,0,1851020,3.16
19/04/2012,100,120000,4.3(2.38 %),1600,6720000,1500,6600000,1850920,3.16
20/04/2012,0,0,4.3(0.00 %),0,0,0,0,1850920,3.16
23/04/2012,0,0,4.3(0.00 %),0,0,0,0,1850920,3.16
24/04/2012,0,0,4.3(0.00 %),0,0,0,0,1850920,3.16
25/04/2012,0,0,4.4(2.33 %),0,0,0,0,1850920,3.16
26/04/2012,0,0,4.4(0.00 %),0,0,0,0,1850920,3.16
27/04/2012,0,0,4.6(4.55 %),0,0,0,0,1850920,3.16
02/05/2012,600,3180000,4.8(4.35 %),7600,36480000,7000,33300000,1850925,3.16
03/05/2012,8300,41500000,5(4.17 %),8300,41500000,0,0,1842625,3.19
04/05/2012,0,0,5.2(4.00 %),0,0,0,0,1842625,3.19
07/05/2012,0,0,5.4(3.85 %),0,0,0,0,1842625,3.19
08/05/2012,0,0,5.6(3.70 %),0,0,0,0,1842625,3.19
09/05/2012,0,0,5.8(3.57 %),0,0,0,0,1842625,3.19
10/05/2012,0,0,6(3.45 %),0,0,0,0,1842625,3.19
11/05/2012,0,0,6.2(3.33 %),0,0,0,0,1842625,3.19
14/05/2012,12000,73000000,5.9(-4.84 %),12000,73000000,0,0,1830625,3.24
15/05/2012,0,0,5.7(-3.39 %),0,0,0,0,1830625,3.24
16/05/2012,0,0,5.5(-3.51 %),0,0,0,0,1830625,3.24
17/05/2012,-2500,-14000000,5.4(-1.82 %),0,0,2500,14000000,1833125,3.23
18/05/2012,-10550,-54860000,5.2(-3.70 %),1000,5200000,11550,60060000,1843675,3.19
21/05/2012,500,3000000,5.4(3.85 %),2000,10800000,1500,7800000,1843175,3.19
22/05/2012,-3300,-18480000,5.2(-3.70 %),0,0,3300,18480000,1846475,3.18
23/05/2012,14390,76267000,5(-3.85 %),14390,76267000,0,0,1832085,3.23
24/05/2012,0,0,4.8(-4.00 %),0,0,0,0,1832085,3.23
25/05/2012,0,0,4.9(2.08 %),0,0,0,0,1832085,3.23
28/05/2012,12050,58445000,5(2.04 %),15050,73745000,3000,15300000,1820035,3.27
29/05/2012,1380,6635000,5(0.00 %),1380,6635000,0,0,1818655,3.28
30/05/2012,0,0,4.9(-2.00 %),0,0,0,0,1818655,3.28
31/05/2012,120,576000,4.8(-2.04 %),120,576000,0,0,1818535,3.28
01/06/2012,0,0,4.8(0.00 %),0,0,0,0,1817935,3.28
04/06/2012,0,0,4.6(-4.17 %),0,0,0,0,1817935,3.28
05/06/2012,0,0,4.5(-2.17 %),0,0,0,0,1817935,3.28
06/06/2012,0,0,4.6(2.22 %),0,0,0,0,1817935,3.28
07/06/2012,2000,9600000,4.8(4.35 %),2000,9600000,0,0,1815935,3.29
08/06/2012,5000,24000000,4.8(0.00 %),5000,24000000,0,0,1810935,3.31
11/06/2012,0,0,4.6(-4.17 %),0,0,0,0,1810935,3.31
12/06/2012,-101860,-451459000,4.4(-4.35 %),0,0,101860,451459000,1912795,2.94
13/06/2012,0,0,4.4(0.00 %),0,0,0,0,1912795,2.94
14/06/2012,-270,-1161000,4.4(0.00 %),0,0,270,1161000,1913065,2.94
15/06/2012,0,0,4.5(2.27 %),0,0,0,0,1913065,2.94
18/06/2012,0,0,4.6(2.22 %),0,0,0,0,1913065,2.94
19/06/2012,0,0,4.6(0.00 %),0,0,0,0,1913065,2.94
20/06/2012,0,0,4.6(0.00 %),0,0,0,0,1913065,2.94
21/06/2012,0,0,4.6(0.00 %),0,0,0,0,1913065,2.94
22/06/2012,0,0,4.5(-2.17 %),0,0,0,0,1913065,2.94
25/06/2012,30,129000,4.3(-4.44 %),30,129000,0,0,1913035,2.94
26/06/2012,0,0,4.1(-4.65 %),0,0,0,0,1913035,2.94
27/06/2012,0,0,4(-2.44 %),0,0,0,0,1913035,2.94
28/06/2012,10000,38000000,3.8(-5.00 %),10000,38000000,0,0,1903035,2.98
29/06/2012,0,0,3.9(2.63 %),0,0,0,0,1903035,2.98
02/07/2012,2000,7800000,3.9(0.00 %),2000,7800000,0,0,1901035,2.98
03/07/2012,5000,19500000,3.8(-2.56 %),5000,19500000,0,0,1896035,3.0
04/07/2012,5000,19500000,3.9(2.63 %),5000,19500000,0,0,1891035,3.02
05/07/2012,5000,19500000,4(2.56 %),5000,19500000,0,0,1886035,3.04
06/07/2012,0,0,4.1(2.50 %),0,0,0,0,1886035,3.04
09/07/2012,0,0,4(-2.44 %),0,0,0,0,1886035,3.04
10/07/2012,5000,20000000,3.9(-2.50 %),5000,20000000,0,0,1881035,3.06
11/07/2012,5000,19500000,4(2.56 %),5000,19500000,0,0,1876035,3.07
12/07/2012,0,0,4.1(2.50 %),0,0,0,0,1876035,3.07
13/07/2012,0,0,4.3(4.88 %),0,0,0,0,1876035,3.07
16/07/2012,5000,21500000,4.3(0.00 %),5000,21500000,0,0,1871035,3.09
17/07/2012,5000,21000000,4.3(0.00 %),5000,21000000,0,0,1866035,3.11
18/07/2012,0,0,4.3(0.00 %),0,0,0,0,1866035,3.11
19/07/2012,1000,4400000,4.5(4.65 %),1000,4400000,0,0,1865035,3.11
20/07/2012,11070,50815000,4.6(2.22 %),11070,50815000,0,0,1853965,3.15
23/07/2012,5000,22500000,4.4(-4.35 %),5000,22500000,0,0,1848965,3.17
24/07/2012,5000,21000000,4.2(-4.55 %),5000,21000000,0,0,1843965,3.19
25/07/2012,4890,20060000,4.3(2.38 %),5000,20500000,110,440000,1839075,3.21
26/07/2012,0,0,4.4(2.33 %),0,0,0,0,1839075,3.21
27/07/2012,0,0,4.2(-4.55 %),0,0,0,0,1839075,3.21
30/07/2012,0,0,4(-4.76 %),0,0,0,0,1839075,3.21
31/07/2012,0,0,4(0.00 %),0,0,0,0,1839075,3.21
01/08/2012,0,0,4.2(5.00 %),0,0,0,0,1839075,3.21
02/08/2012,5000,20000000,4(-4.76 %),5000,20000000,0,0,1834075,3.22
03/08/2012,0,0,3.9(-2.50 %),0,0,0,0,1834075,3.22
06/08/2012,0,0,4(2.56 %),0,0,0,0,1834075,3.22
07/08/2012,0,0,4.1(2.50 %),0,0,0,0,1834075,3.22
08/08/2012,5000,20000000,4.1(0.00 %),5000,20000000,0,0,1829075,3.24
09/08/2012,0,0,4.1(0.00 %),0,0,0,0,1829075,3.24
10/08/2012,0,0,3.9(-4.88 %),0,0,0,0,1829075,3.24
13/08/2012,9000,35100000,3.9(0.00 %),9000,35100000,0,0,1820075,3.27
14/08/2012,0,0,4(2.56 %),0,0,0,0,1820075,3.27
15/08/2012,5000,20000000,3.9(-2.50 %),5000,20000000,0,0,1815075,3.29
16/08/2012,5000,20000000,4(2.56 %),5000,20000000,0,0,1810075,3.31
17/08/2012,0,0,4(0.00 %),0,0,0,0,1810075,3.31
20/08/2012,1500,5850000,4(0.00 %),1500,5850000,0,0,1808575,3.31
21/08/2012,5000,19000000,3.8(-5.00 %),5000,19000000,0,0,1803575,3.33
22/08/2012,1410,5217000,3.8(0.00 %),1410,5217000,0,0,1802165,3.34
23/08/2012,6000,22200000,3.7(-2.63 %),6000,22200000,0,0,1796165,3.36
24/08/2012,0,0,3.8(2.70 %),0,0,0,0,1796165,3.36
27/08/2012,0,0,3.7(-2.63 %),0,0,0,0,1796165,3.36
28/08/2012,5000,18000000,3.6(-2.70 %),5000,18000000,0,0,1791165,3.38
29/08/2012,0,0,3.7(2.78 %),0,0,0,0,1791165,16.89
30/08/2012,2000,7400000,3.7(0.00 %),2000,7400000,0,0,1789165,16.93
31/08/2012,2000,7400000,3.7(0.00 %),2000,7400000,0,0,1787165,16.96
04/09/2012,5000,19000000,3.8(2.70 %),5000,19000000,0,0,1782165,17.05
05/09/2012,0,0,3.7(-2.63 %),0,0,0,0,1782165,17.05
06/09/2012,0,0,3.7(0.00 %),0,0,0,0,1782165,17.05
07/09/2012,0,0,3.7(0.00 %),0,0,0,0,1782165,17.05
10/09/2012,5000,18000000,3.7(0.00 %),5000,18000000,0,0,1777165,17.14
11/09/2012,0,0,3.7(0.00 %),0,0,0,0,1777165,17.14
12/09/2012,0,0,3.7(0.00 %),0,0,0,0,1777165,17.14
13/09/2012,-6000,-21600000,3.7(0.00 %),0,0,6000,21600000,1783165,17.04
14/09/2012,2470,9139000,3.8(2.70 %),2470,9139000,0,0,1780695,17.08
17/09/2012,0,0,3.8(0.00 %),0,0,0,0,1780695,17.08
18/09/2012,5000,18500000,3.8(0.00 %),5000,18500000,0,0,1775695,17.17
19/09/2012,5000,18500000,3.7(-2.63 %),5000,18500000,0,0,1770695,17.26
20/09/2012,4600,16560000,3.6(-2.70 %),5000,18000000,400,1440000,1766095,17.34
21/09/2012,6000,21500000,3.6(0.00 %),6000,21500000,0,0,1760095,17.45
24/09/2012,0,0,3.5(-2.78 %),0,0,0,0,1760095,17.45
25/09/2012,5000,17000000,3.4(-2.86 %),5000,17000000,0,0,1755095,17.54
26/09/2012,0,0,3.5(2.94 %),0,0,0,0,1755095,17.54
27/09/2012,1000,3500000,3.6(2.86 %),1000,3500000,0,0,1754095,17.56
28/09/2012,0,0,3.5(-2.78 %),0,0,0,0,1754095,17.56
01/10/2012,0,0,3.5(0.00 %),0,0,0,0,1754095,17.56
02/10/2012,0,0,3.4(-2.86 %),0,0,0,0,1754095,17.56
03/10/2012,7000,23100000,3.5(2.94 %),7000,23100000,0,0,1747095,17.68
04/10/2012,0,0,3.4(-2.86 %),0,0,0,0,1747095,17.68
05/10/2012,0,0,3.3(-2.94 %),0,0,0,0,1747095,17.68
08/10/2012,0,0,3.4(3.03 %),0,0,0,0,1747095,17.68
09/10/2012,0,0,3.3(-2.94 %),0,0,0,0,1747095,17.68
10/10/2012,0,0,3.4(3.03 %),0,0,0,0,1747095,17.68
11/10/2012,-22050,-74970000,3.4(0.00 %),10,34000,22060,75004000,1769145,17.29
12/10/2012,0,0,3.4(0.00 %),0,0,0,0,1769145,17.29
15/10/2012,0,0,3.3(-2.94 %),0,0,0,0,1769145,17.29
16/10/2012,-7370,-24320000,3.4(3.03 %),10,34000,7380,24354000,1776515,17.15
17/10/2012,0,0,3.5(2.94 %),0,0,0,0,1776515,17.15
18/10/2012,0,0,3.5(0.00 %),0,0,0,0,1776515,17.15
19/10/2012,0,0,3.5(0.00 %),0,0,0,0,1776515,17.15
22/10/2012,0,0,3.4(-2.86 %),0,0,0,0,1776515,17.15
23/10/2012,-10,-33000,3.5(2.94 %),0,0,10,33000,1776525,17.15
24/10/2012,0,0,3.4(-2.86 %),0,0,0,0,1776525,17.15
25/10/2012,-10,-33000,3.3(-2.94 %),0,0,10,33000,1776535,17.15
26/10/2012,0,0,3.4(3.03 %),0,0,0,0,1776535,3.12
29/10/2012,0,0,3.3(-2.94 %),0,0,0,0,1776535,17.15
30/10/2012,0,0,3.2(-3.03 %),0,0,0,0,1776535,17.15
31/10/2012,0,0,3.1(-3.12 %),0,0,0,0,1776535,17.15
01/11/2012,0,0,3.2(3.23 %),0,0,0,0,1776535,17.15
02/11/2012,0,0,3.2(0.00 %),0,0,0,0,1776535,17.15
05/11/2012,0,0,3.3(3.12 %),0,0,0,0,1776535,17.15
06/11/2012,0,0,3.2(-3.03 %),0,0,0,0,1776535,17.15
07/11/2012,0,0,3.3(3.12 %),0,0,0,0,1776535,17.15
08/11/2012,0,0,3.2(-3.03 %),0,0,0,0,1776535,17.15
09/11/2012,0,0,3.3(3.12 %),0,0,0,0,1776535,17.15
12/11/2012,500,1650000,3.3(0.00 %),500,1650000,0,0,1776035,17.16
13/11/2012,0,0,3.3(0.00 %),0,0,0,0,1776035,17.16
14/11/2012,0,0,3.4(3.03 %),0,0,0,0,1776035,17.16
15/11/2012,0,0,3.4(0.00 %),0,0,0,0,1776035,17.16
16/11/2012,0,0,3.4(0.00 %),0,0,0,0,1776035,17.16
19/11/2012,0,0,3.4(0.00 %),0,0,0,0,1776035,17.16
20/11/2012,0,0,3.4(0.00 %),0,0,0,0,1776035,17.16
21/11/2012,0,0,3.3(-2.94 %),0,0,0,0,1776035,17.16
22/11/2012,0,0,3.4(3.03 %),0,0,0,0,1776035,17.16
23/11/2012,0,0,3.4(0.00 %),0,0,0,0,1776035,17.16
26/11/2012,0,0,3.4(0.00 %),0,0,0,0,1776035,17.16
27/11/2012,-15530,-53589000,3.3(-2.94 %),0,0,15530,53589000,1791565,16.88
28/11/2012,0,0,3.4(3.03 %),0,0,0,0,1791565,16.88
29/11/2012,0,0,3.4(0.00 %),0,0,0,0,1791565,16.88
30/11/2012,0,0,3.4(0.00 %),0,0,0,0,1791565,16.88
03/12/2012,0,0,3.4(0.00 %),0,0,0,0,1791565,16.88
04/12/2012,0,0,3.4(0.00 %),0,0,0,0,1791565,16.88
05/12/2012,0,0,3.5(2.94 %),0,0,0,0,1791565,16.88
06/12/2012,0,0,3.5(0.00 %),0,0,0,0,1791565,16.88
07/12/2012,0,0,3.5(0.00 %),0,0,0,0,1791565,16.88
10/12/2012,0,0,3.6(2.86 %),0,0,0,0,1791565,16.88
11/12/2012,0,0,3.5(-2.78 %),0,0,0,0,1791565,16.88
12/12/2012,-44890,-153242000,3.4(-2.86 %),0,0,44890,153242000,1836455,16.08
13/12/2012,0,0,3.5(2.94 %),0,0,0,0,1836455,16.08
14/12/2012,0,0,3.5(0.00 %),0,0,0,0,1836455,16.08
17/12/2012,0,0,3.5(0.00 %),0,0,0,0,1836455,16.08
18/12/2012,0,0,3.5(0.00 %),0,0,0,0,1836455,16.08
19/12/2012,0,0,3.5(0.00 %),0,0,0,0,1836455,16.08
20/12/2012,0,0,3.5(0.00 %),0,0,0,0,1836455,16.08
21/12/2012,0,0,3.5(0.00 %),0,0,0,0,1836455,16.08
24/12/2012,0,0,3.5(0.00 %),0,0,0,0,1836455,16.08
25/12/2012,0,0,3.5(0.00 %),0,0,0,0,1836455,16.08
26/12/2012,0,0,3.5(0.00 %),0,0,0,0,1836455,16.08
27/12/2012,0,0,3.6(2.86 %),0,0,0,0,1836455,16.08
28/12/2012,0,0,3.6(0.00 %),0,0,0,0,1836455,16.08
02/01/2013,-42980,-150803000,3.7(2.78 %),6600,24302000,49580,175105000,1829855,16.2
03/01/2013,0,0,3.6(-2.70 %),0,0,0,0,1829855,16.2
04/01/2013,0,0,3.7(2.78 %),0,0,0,0,1829855,16.2
07/01/2013,0,0,3.6(-2.70 %),0,0,0,0,1829855,16.2
08/01/2013,0,0,3.7(2.78 %),0,0,0,0,1829855,16.2
09/01/2013,0,0,3.7(0.00 %),0,0,0,0,1829855,16.2
10/01/2013,0,0,3.7(0.00 %),0,0,0,0,1829855,16.2
11/01/2013,0,0,3.8(2.70 %),0,0,0,0,1829855,16.2
14/01/2013,-2000,-7400000,3.7(-2.63 %),0,0,2000,7400000,1831855,16.16
15/01/2013,10,37000,3.8(2.70 %),10,37000,0,0,1831845,16.16
16/01/2013,30,115000,3.9(2.63 %),30,115000,0,0,1831815,16.16
17/01/2013,0,0,3.9(0.00 %),0,0,0,0,1831815,16.16
18/01/2013,0,0,3.7(-5.13 %),0,0,0,0,1831815,16.16
21/01/2013,0,0,3.9(5.41 %),0,0,0,0,1831815,16.16
22/01/2013,-110,-451000,4.1(5.13 %),0,0,110,451000,1831925,16.16
23/01/2013,0,0,4.3(4.88 %),0,0,0,0,1831925,16.16
24/01/2013,0,0,4.6(6.98 %),0,0,0,0,1831925,16.16
25/01/2013,10000,49000000,4.9(6.52 %),10000,49000000,0,0,1821925,16.34
28/01/2013,-1500,-7200000,4.9(0.00 %),0,0,1500,7200000,1823425,16.31
29/01/2013,-760,-3648000,4.7(-4.08 %),0,0,760,3648000,1824185,16.3
30/01/2013,0,0,4.6(-2.13 %),0,0,0,0,1824185,16.3
31/01/2013,-1000,-4500000,4.6(0.00 %),0,0,1000,4500000,1825185,16.28
01/02/2013,0,0,4.3(-6.52 %),0,0,0,0,1873005,15.42
04/02/2013,-2000,-8600000,4.3(0.00 %),0,0,2000,8600000,1875005,15.39
05/02/2013,0,0,4.5(4.65 %),0,0,0,0,1875005,15.39
06/02/2013,1000,4400000,4.5(0.00 %),1000,4400000,0,0,1874005,15.41
07/02/2013,0,0,4.4(-2.22 %),0,0,0,0,1874005,15.41
08/02/2013,3000,13800000,4.6(4.55 %),3000,13800000,0,0,1871005,15.46
18/02/2013,2150,9280000,4.6(0.00 %),5200,23920000,3050,14640000,1868855,15.5
19/02/2013,0,0,4.6(0.00 %),0,0,0,0,1868855,15.5
20/02/2013,0,0,4.7(2.17 %),0,0,0,0,1868855,15.5
21/02/2013,0,0,4.5(-4.26 %),0,0,0,0,1868855,15.5
22/02/2013,0,0,4.6(2.22 %),0,0,0,0,1868855,15.5
25/02/2013,0,0,4.6(0.00 %),0,0,0,0,1868855,15.5
26/02/2013,0,0,4.5(-2.17 %),0,0,0,0,1868855,15.5
27/02/2013,0,0,4.6(2.22 %),0,0,0,0,1868855,15.5
28/02/2013,0,0,4.4(-4.35 %),0,0,0,0,1868855,15.5
01/03/2013,0,0,4.5(2.27 %),0,0,0,0,1870615,15.47
04/03/2013,0,0,4.5(0.00 %),0,0,0,0,1870615,15.47
05/03/2013,0,0,4.5(0.00 %),0,0,0,0,1870615,15.47
06/03/2013,0,0,4.5(0.00 %),0,0,0,0,1870615,15.47
07/03/2013,0,0,4.4(-2.22 %),0,0,0,0,1870615,15.47
08/03/2013,0,0,4.5(2.27 %),0,0,0,0,1870615,15.47
11/03/2013,0,0,4.5(0.00 %),0,0,0,0,1870615,15.47
12/03/2013,0,0,4.5(0.00 %),0,0,0,0,1870615,15.47
13/03/2013,0,0,4.4(-2.22 %),0,0,0,0,1870615,15.47
14/03/2013,0,0,4.3(-2.27 %),0,0,0,0,1870615,15.47
15/03/2013,0,0,4.3(0.00 %),0,0,0,0,1870615,15.47
18/03/2013,0,0,4.3(0.00 %),0,0,0,0,1870615,15.47
19/03/2013,0,0,4.4(2.33 %),0,0,0,0,1870615,15.47
20/03/2013,0,0,4.3(-2.27 %),0,0,0,0,1870615,15.47
21/03/2013,0,0,4.3(0.00 %),0,0,0,0,1870615,15.47
22/03/2013,0,0,4.2(-2.33 %),0,0,0,0,1870615,15.47
25/03/2013,27300,112947000,4.3(2.38 %),27300,112947000,0,0,1843315,15.96
26/03/2013,4010,17243000,4.2(-2.33 %),4010,17243000,0,0,1839305,16.03
27/03/2013,5000,20500000,4.1(-2.38 %),5000,20500000,0,0,1834305,16.12
28/03/2013,1800,7560000,4.1(0.00 %),1800,7560000,0,0,1832505,16.15
29/03/2013,50530,206998000,4(-2.44 %),50530,206998000,0,0,1781975,17.06
01/04/2013,15700,65080000,4.2(5.00 %),15700,65080000,0,0,1766275,17.34
02/04/2013,7080,30646000,4.4(4.76 %),7080,30646000,0,0,1759195,17.46
03/04/2013,10670,46966000,4.3(-2.27 %),10690,47050000,20,84000,1748525,17.66
04/04/2013,940,3768000,4.3(0.00 %),1800,7380000,860,3612000,1747585,17.67
05/04/2013,5900,25376000,4.3(0.00 %),5900,25376000,0,0,1741685,17.78
08/04/2013,100,430000,4.3(0.00 %),100,430000,0,0,1741585,17.78
09/04/2013,-5090,-20898000,4.3(0.00 %),0,0,5090,20898000,1746675,17.69
10/04/2013,0,0,4.2(-2.33 %),0,0,0,0,1746675,17.69
11/04/2013,1900,7984000,4.2(0.00 %),1900,7984000,0,0,1744775,17.72
12/04/2013,0,0,4.3(2.38 %),0,0,0,0,1744775,17.72
15/04/2013,6350,26085000,4.2(-2.33 %),6350,26085000,0,0,1738425,17.84
16/04/2013,4100,16430000,4.2(0.00 %),4100,16430000,0,0,1734325,17.91
17/04/2013,2010,8343000,4.2(0.00 %),2010,8343000,0,0,1732315,17.95
18/04/2013,1100,4520000,4.2(0.00 %),1100,4520000,0,0,1731215,17.97
22/04/2013,21760,87063000,4.1(-2.38 %),21760,87063000,0,0,1709455,18.36
23/04/2013,4000,16407000,4.2(2.44 %),4000,16407000,0,0,1705455,18.43
24/04/2013,12930,56582000,4.4(4.76 %),12930,56582000,0,0,1692525,18.66
25/04/2013,2920,12720000,4.5(2.27 %),2920,12720000,0,0,1689605,18.71
26/04/2013,0,0,4.4(-2.22 %),0,0,0,0,1689605,18.71
02/05/2013,20,92000,4.4(0.00 %),20,92000,0,0,1689585,18.71
03/05/2013,0,0,4.4(0.00 %),0,0,0,0,1689585,18.71
06/05/2013,1000,4410000,4.6(4.55 %),1000,4410000,0,0,1688585,18.73
07/05/2013,0,0,4.6(0.00 %),0,0,0,0,1688585,18.73
08/05/2013,-840,-3410000,4.4(-4.35 %),1020,4588000,1860,7998000,1689425,18.72
09/05/2013,60,259000,4.4(0.00 %),60,259000,0,0,1689365,18.72
10/05/2013,0,0,4.4(0.00 %),0,0,0,0,1689365,18.72
13/05/2013,-980,-4014000,4.3(-2.27 %),20,86000,1000,4100000,1690345,18.7
14/05/2013,300,1290000,4.3(0.00 %),300,1290000,0,0,1690045,18.7
15/05/2013,0,0,4.3(0.00 %),0,0,0,0,1690045,18.7
16/05/2013,0,0,4(-6.98 %),0,0,0,0,1690045,18.7
17/05/2013,0,0,4.2(5.00 %),0,0,0,0,1690045,18.7
20/05/2013,3140,14237000,4.4(4.76 %),13140,55237000,10000,41000000,1686905,18.76
21/05/2013,0,0,4.4(0.00 %),0,0,0,0,1686905,18.76
22/05/2013,240,1032000,4.3(-2.27 %),240,1032000,0,0,1686665,18.76
23/05/2013,0,0,4.2(-2.33 %),0,0,0,0,1686665,18.76
24/05/2013,0,0,4.3(2.38 %),0,0,0,0,1686665,18.76
27/05/2013,-1050,-4307000,4.3(0.00 %),0,0,1050,4307000,1687715,18.75
28/05/2013,0,0,4.2(-2.33 %),0,0,0,0,1687715,18.75
29/05/2013,-10000,-41000000,4.1(-2.38 %),0,0,10000,41000000,1697715,18.57
30/05/2013,0,0,4.1(0.00 %),0,0,0,0,1697715,18.57
31/05/2013,0,0,4.2(2.44 %),0,0,0,0,1697715,18.57
03/06/2013,-5000,-20500000,4.2(0.00 %),0,0,5000,20500000,1687724,18.75
04/06/2013,50,215000,4.2(0.00 %),50,215000,0,0,1687674,18.75
05/06/2013,-20,-84000,4.2(0.00 %),200,840000,220,924000,1687694,18.75
06/06/2013,-10000,-42000000,4.2(0.00 %),0,0,10000,42000000,1697694,18.57
07/06/2013,-490,-2058000,4.1(-2.38 %),0,0,490,2058000,1698184,18.56
10/06/2013,-9070,-38094000,4.1(0.00 %),0,0,9070,38094000,1707254,18.4
11/06/2013,0,0,4(-2.44 %),0,0,0,0,1707254,18.4
12/06/2013,-9880,-39506000,4.2(5.00 %),120,494000,10000,40000000,1717134,18.22
13/06/2013,0,0,4.1(-2.38 %),0,0,0,0,1717134,18.22
14/06/2013,5000,20000000,4(-2.44 %),10000,40000000,5000,20000000,1712134,18.31
17/06/2013,0,0,3.9(-2.50 %),0,0,0,0,1712134,18.31
18/06/2013,0,0,4(2.56 %),0,0,0,0,1712134,18.31
19/06/2013,0,0,4(0.00 %),0,0,0,0,1712134,18.31
20/06/2013,600,2403000,4.1(2.50 %),600,2403000,0,0,1711534,18.32
21/06/2013,0,0,4.1(0.00 %),0,0,0,0,1711534,18.32
24/06/2013,-70,-280000,4(-2.44 %),0,0,70,280000,1711604,18.32
25/06/2013,0,0,4(0.00 %),0,0,0,0,1711604,18.32
26/06/2013,0,0,4(0.00 %),0,0,0,0,1711604,18.32
27/06/2013,0,0,3.8(-5.00 %),0,0,0,0,1711604,18.32
28/06/2013,0,0,3.7(-2.63 %),0,0,0,0,1711604,18.32
01/07/2013,0,0,3.9(5.41 %),0,0,0,0,1726604,18.05
02/07/2013,0,0,4(2.56 %),0,0,0,0,1726604,18.05
03/07/2013,0,0,4(0.00 %),0,0,0,0,1726604,18.05
04/07/2013,0,0,3.8(-5.00 %),0,0,0,0,1726604,18.05
05/07/2013,0,0,4(5.26 %),0,0,0,0,1726604,18.05
08/07/2013,0,0,4(0.00 %),0,0,0,0,1726604,18.05
09/07/2013,0,0,4(0.00 %),0,0,0,0,1726604,18.05
10/07/2013,1000,3900000,4(0.00 %),1000,3900000,0,0,1725604,18.07
11/07/2013,0,0,3.9(-2.50 %),0,0,0,0,1725604,18.07
12/07/2013,320,1298000,4(2.56 %),1470,5783000,1150,4485000,1725284,18.07
15/07/2013,100,400000,4(0.00 %),100,400000,0,0,1725184,18.07
16/07/2013,0,0,3.9(-2.50 %),0,0,0,0,1725184,18.07
17/07/2013,0,0,3.9(0.00 %),0,0,0,0,1725184,18.07
18/07/2013,0,0,4(2.56 %),0,0,0,0,1725184,18.07
19/07/2013,-4380,-16682000,3.9(-2.50 %),0,0,4380,16682000,1729564,18.0
22/07/2013,-13810,-51147000,3.9(0.00 %),0,0,13810,51147000,1743374,17.75
23/07/2013,-9980,-36924000,3.8(-2.56 %),20,76000,10000,37000000,1753354,17.57
24/07/2013,-34500,-124255000,3.9(2.63 %),0,0,34500,124255000,1787854,16.95
25/07/2013,-9330,-34521000,3.9(0.00 %),0,0,9330,34521000,1797184,16.78
26/07/2013,-12600,-46620000,3.7(-5.13 %),0,0,12600,46620000,1809784,16.56
29/07/2013,-18230,-63995000,3.7(0.00 %),0,0,18230,63995000,1828014,16.23
30/07/2013,0,0,3.6(-2.70 %),0,0,0,0,1828014,16.23
31/07/2013,0,0,3.6(0.00 %),0,0,0,0,1828014,16.23
01/08/2013,0,0,3.6(0.00 %),0,0,0,0,1809784,16.56
02/08/2013,0,0,3.6(0.00 %),0,0,0,0,1809784,16.56
05/08/2013,0,0,3.7(2.78 %),0,0,0,0,1809784,16.56
06/08/2013,0,0,3.6(-2.70 %),0,0,0,0,1809784,16.56
07/08/2013,0,0,3.5(-2.78 %),0,0,0,0,1809784,16.56
08/08/2013,0,0,3.5(0.00 %),0,0,0,0,1809784,16.56
09/08/2013,0,0,3.6(2.86 %),0,0,0,0,1809784,16.56
12/08/2013,0,0,3.7(2.78 %),0,0,0,0,1809784,16.56
13/08/2013,-5620,-20232000,3.6(-2.70 %),0,0,5620,20232000,1815404,16.46
14/08/2013,40,152000,3.8(5.56 %),40,152000,0,0,1815364,16.46
15/08/2013,0,0,3.8(0.00 %),0,0,0,0,1815364,16.46
16/08/2013,0,0,3.8(0.00 %),0,0,0,0,1815364,16.46
19/08/2013,-5000,-19000000,3.9(2.63 %),0,0,5000,19000000,1820364,16.37
20/08/2013,-5000,-19000000,3.9(0.00 %),0,0,5000,19000000,1825364,16.28
21/08/2013,-4900,-18620000,3.8(-2.56 %),0,0,4900,18620000,1830264,16.19
22/08/2013,0,0,3.7(-2.63 %),0,0,0,0,1830264,16.19
23/08/2013,-2220,-8436000,3.8(2.70 %),0,0,2220,8436000,1832484,16.15
26/08/2013,-2530,-9614000,3.8(0.00 %),0,0,2530,9614000,1835014,16.11
27/08/2013,0,0,3.9(2.63 %),0,0,0,0,1835014,16.11
28/08/2013,0,0,3.9(0.00 %),0,0,0,0,1835014,16.11
29/08/2013,0,0,3.9(0.00 %),0,0,0,0,1835014,16.11
30/08/2013,0,0,3.8(-2.56 %),0,0,0,0,1835014,16.11
03/09/2013,2160,8009000,3.9(2.63 %),2160,8009000,0,0,1851244,15.81
04/09/2013,0,0,3.9(0.00 %),0,0,0,0,1851244,15.81
05/09/2013,0,0,3.9(0.00 %),0,0,0,0,1851244,15.81
06/09/2013,2000,7400000,3.9(0.00 %),2000,7400000,0,0,1849244,15.85
09/09/2013,0,0,3.9(0.00 %),0,0,0,0,1849244,15.85
10/09/2013,2700,9990000,3.9(0.00 %),2700,9990000,0,0,1846544,15.9
11/09/2013,0,0,3.9(0.00 %),0,0,0,0,1846544,15.9
12/09/2013,5000,18500000,3.7(-5.13 %),5000,18500000,0,0,1841544,15.99
13/09/2013,0,0,3.8(2.70 %),0,0,0,0,1841544,15.99
16/09/2013,210,760000,3.8(0.00 %),210,760000,0,0,1841334,15.99
17/09/2013,0,0,3.8(0.00 %),0,0,0,0,1841334,15.99
18/09/2013,20,76000,3.8(0.00 %),20,76000,0,0,1841314,15.99
19/09/2013,-1500,-5550000,3.8(0.00 %),3000,11100000,4500,16650000,1842814,15.97
20/09/2013,-740,-2738000,3.8(0.00 %),1000,3700000,1740,6438000,1843554,15.95
23/09/2013,80,296000,3.7(-2.63 %),80,296000,0,0,1843474,15.95
24/09/2013,0,0,3.8(2.70 %),0,0,0,0,1843474,15.95
25/09/2013,0,0,3.8(0.00 %),0,0,0,0,1843474,15.95
26/09/2013,-60,-188000,3.8(0.00 %),1940,7212000,2000,7400000,1843534,15.95
27/09/2013,0,0,3.8(0.00 %),0,0,0,0,1843534,15.95
30/09/2013,0,0,3.8(0.00 %),0,0,0,0,1843534,15.95
01/10/2013,0,0,3.8(0.00 %),0,0,0,0,1841374,15.99
02/10/2013,10,39000,3.9(2.63 %),10,39000,0,0,1841364,15.99
03/10/2013,0,0,3.9(0.00 %),0,0,0,0,1841364,15.99
04/10/2013,-5800,-21740000,3.8(-2.56 %),0,0,5800,21740000,1847164,15.89
07/10/2013,0,0,3.7(-2.63 %),0,0,0,0,1847164,15.89
08/10/2013,-35000,-123410000,3.7(0.00 %),0,0,35000,123410000,1882164,15.26
09/10/2013,0,0,3.7(0.00 %),0,0,0,0,1882164,15.26
10/10/2013,-20,-76000,3.8(2.70 %),0,0,20,76000,1882184,15.26
11/10/2013,1000,3700000,3.8(0.00 %),3000,11100000,2000,7400000,1881184,15.28
14/10/2013,0,0,3.8(0.00 %),0,0,0,0,1881184,15.28
15/10/2013,-360,-1404000,3.8(0.00 %),0,0,360,1404000,1881544,15.27
16/10/2013,0,0,3.7(-2.63 %),0,0,0,0,1881544,15.27
17/10/2013,-5980,-22724000,3.9(5.41 %),0,0,5980,22724000,1887524,15.16
18/10/2013,-110,-429000,3.9(0.00 %),0,0,110,429000,1887634,15.16
21/10/2013,-20000,-79000000,4.1(5.13 %),0,0,20000,79000000,1907634,14.8
22/10/2013,-8710,-34840000,4(-2.44 %),0,0,8710,34840000,1916344,14.65
23/10/2013,-1290,-5160000,4.1(2.50 %),0,0,1290,5160000,1917634,14.62
24/10/2013,0,0,4.1(0.00 %),0,0,0,0,1917634,14.62
25/10/2013,0,0,4.1(0.00 %),0,0,0,0,1917634,14.62
28/10/2013,0,0,4.2(2.44 %),0,0,0,0,1917634,14.62
29/10/2013,0,0,4.1(-2.38 %),0,0,0,0,1917634,14.62
30/10/2013,0,0,4.1(0.00 %),0,0,0,0,1917634,14.62
31/10/2013,0,0,4.2(2.44 %),0,0,0,0,1917634,14.62
01/11/2013,0,0,4(-4.76 %),0,0,0,0,1919634,14.59
04/11/2013,0,0,3.9(-2.50 %),0,0,0,0,1919634,14.59
05/11/2013,-1000,-3950000,3.9(0.00 %),0,0,1000,3950000,1920634,14.57
06/11/2013,-14100,-57260000,4.1(5.13 %),0,0,14100,57260000,1934734,14.32
07/11/2013,0,0,4.1(0.00 %),0,0,0,0,1934734,14.32
08/11/2013,0,0,4.2(2.44 %),0,0,0,0,1934734,14.32
11/11/2013,0,0,4.2(0.00 %),0,0,0,0,1934734,14.32
12/11/2013,-500,-2150000,4.3(2.38 %),0,0,500,2150000,1935234,14.31
13/11/2013,0,0,4.3(0.00 %),0,0,0,0,1935234,14.31
14/11/2013,0,0,4.6(6.98 %),0,0,0,0,1935234,14.31
15/11/2013,0,0,4.9(6.52 %),0,0,0,0,1935234,14.31
18/11/2013,20000,104000000,5.2(6.12 %),20000,104000000,0,0,1915234,14.67
19/11/2013,0,0,5.5(5.77 %),0,0,0,0,1915234,14.67
20/11/2013,-2000,-11600000,5.8(5.45 %),0,0,2000,11600000,1917234,14.63
21/11/2013,-14950,-92690000,6.2(6.90 %),0,0,14950,92690000,1932184,14.36
22/11/2013,-3000,-18010000,6(-3.23 %),0,0,3000,18010000,1935184,14.31
25/11/2013,0,0,6.4(6.67 %),0,0,0,0,1935184,14.31
26/11/2013,-2000,-13200000,6.5(1.56 %),0,0,2000,13200000,1937184,14.27
27/11/2013,-1000,-6200000,6.1(-6.15 %),0,0,1000,6200000,1938184,14.26
28/11/2013,0,0,5.8(-4.92 %),0,0,0,0,1938184,14.26
29/11/2013,0,0,5.8(0.00 %),0,0,0,0,1938184,14.26
02/12/2013,10000,54000000,5.7(-1.72 %),10000,54000000,0,0,1927184,14.45
03/12/2013,0,0,6(5.26 %),0,0,0,0,1927184,14.45
04/12/2013,2900,18070000,6.3(5.00 %),2900,18070000,0,0,1924284,14.51
05/12/2013,22160,136672000,6.1(-3.17 %),22160,136672000,0,0,1902124,14.9
06/12/2013,15000,92700000,6.4(4.92 %),15000,92700000,0,0,1887124,15.17
09/12/2013,5480,33428000,6.3(-1.56 %),5480,33428000,0,0,1881644,15.27
10/12/2013,0,0,6.5(3.17 %),0,0,0,0,1881644,15.27
11/12/2013,0,0,6.9(6.15 %),0,0,0,0,1881644,15.27
12/12/2013,0,0,7.2(4.35 %),0,0,0,0,1881644,15.27
13/12/2013,0,0,7.7(6.94 %),0,0,0,0,1881644,15.27
16/12/2013,28900,232163000,8.2(6.49 %),29000,232923000,100,760000,1852744,15.79
17/12/2013,0,0,8(-2.44 %),0,0,0,0,1852744,15.79
18/12/2013,5500,44000000,8(0.00 %),5500,44000000,0,0,1847244,15.89
19/12/2013,-15000,-114410000,7.8(-2.50 %),14000,109800000,29000,224210000,1862244,15.62
20/12/2013,32000,234200000,7.5(-3.85 %),32000,234200000,0,0,1830244,16.19
23/12/2013,63100,494180000,8(6.67 %),93100,716180000,30000,222000000,1767144,17.32
24/12/2013,81000,684977000,8.5(6.25 %),83000,701577000,2000,16600000,1686144,18.77
25/12/2013,10550,85570000,8(-5.88 %),10550,85570000,0,0,1675594,18.96
26/12/2013,3520,28864000,7.9(-1.25 %),8720,71504000,5200,42640000,1672074,19.03
27/12/2013,7800,59535000,7.4(-6.33 %),7800,59535000,0,0,1664274,19.17
30/12/2013,-37950,-262419000,6.9(-6.76 %),50,365000,38000,262784000,1702224,18.49
31/12/2013,0,0,7.3(5.80 %),0,0,0,0,1702224,18.49
02/01/2014,0,0,7.8(6.85 %),0,0,0,0,1665224,19.15
03/01/2014,0,0,8.3(6.41 %),0,0,0,0,1665224,19.15
06/01/2014,0,0,8.4(1.20 %),0,0,0,0,1665224,19.15
07/01/2014,10000,80500000,7.9(-5.95 %),10000,80500000,0,0,1655224,19.33
08/01/2014,9300,70776000,7.6(-3.80 %),9300,70776000,0,0,1645924,19.5
09/01/2014,8880,67728000,7.8(2.63 %),8880,67728000,0,0,1637044,19.65
10/01/2014,-1000,-7800000,7.8(0.00 %),0,0,1000,7800000,1638044,19.64
13/01/2014,3120,24510000,8(2.56 %),3120,24510000,0,0,1634924,19.69
14/01/2014,-20,-156000,7.6(-5.00 %),0,0,20,156000,1634944,19.69
15/01/2014,4000,31206000,8.1(6.58 %),4000,31206000,0,0,1630944,19.76
16/01/2014,0,0,7.8(-3.70 %),0,0,0,0,1630944,19.76
17/01/2014,4100,33210000,8.1(3.85 %),4100,33210000,0,0,1626844,19.84
20/01/2014,-6000,-45600000,7.6(-6.17 %),0,0,6000,45600000,1632844,19.73
21/01/2014,2450,19119000,7.8(2.63 %),3050,23799000,600,4680000,1630394,19.77
22/01/2014,1500,11252000,7.3(-6.41 %),1500,11252000,0,0,1628894,19.8
23/01/2014,0,0,7.3(0.00 %),0,0,0,0,1628894,19.8
24/01/2014,2000,15083000,7.6(4.11 %),2000,15083000,0,0,1626894,19.84
27/01/2014,3970,30137000,7.6(0.00 %),3970,30137000,0,0,1622924,19.91
06/02/2014,50,386000,7.3(-3.95 %),50,386000,0,0,1660874,19.23
07/02/2014,0,0,7.2(-1.37 %),0,0,0,0,1660874,19.23
10/02/2014,-17000,-123900000,7.3(1.39 %),0,0,17000,123900000,1677874,18.92
11/02/2014,-10000,-74000000,7.3(0.00 %),0,0,10000,74000000,1687874,18.74
12/02/2014,-2810,-20509000,7.3(0.00 %),190,1391000,3000,21900000,1690684,18.69
13/02/2014,0,0,7.7(5.48 %),0,0,0,0,1690684,18.69
14/02/2014,-3000,-22800000,7.6(-1.30 %),0,0,3000,22800000,1693684,18.64
17/02/2014,-6700,-49540000,7.5(-1.32 %),300,2260000,7000,51800000,1700384,18.52
18/02/2014,0,0,7.5(0.00 %),0,0,0,0,1700384,18.52
19/02/2014,3000,24000000,8(6.67 %),3000,24000000,0,0,1697384,18.57
20/02/2014,5100,38842000,7.5(-6.25 %),6100,46842000,1000,8000000,1692284,18.66
21/02/2014,1550,11790000,7.4(-1.33 %),1550,11790000,0,0,1690734,18.69
24/02/2014,0,0,7.2(-2.70 %),0,0,0,0,1690734,18.69
25/02/2014,0,0,7.3(1.39 %),0,0,0,0,1690734,18.69
26/02/2014,0,0,7.3(0.00 %),0,0,0,0,1690734,18.69
27/02/2014,0,0,7.3(0.00 %),0,0,0,0,1690734,18.69
28/02/2014,-3000,-21900000,7.3(0.00 %),0,0,3000,21900000,1693734,18.64
03/03/2014,4070,28491000,7(-4.11 %),4070,28491000,0,0,1686664,18.76
04/03/2014,0,0,7.1(1.43 %),0,0,0,0,1686664,18.76
05/03/2014,9050,65203000,7.3(2.82 %),9050,65203000,0,0,1677614,18.93
06/03/2014,3100,22637000,7.3(0.00 %),3100,22637000,0,0,1674514,18.98
07/03/2014,400,2870000,7.2(-1.37 %),500,3600000,100,730000,1674114,18.99
10/03/2014,9320,69910000,7.5(4.17 %),9320,69910000,0,0,1664794,19.16
11/03/2014,0,0,8(6.67 %),0,0,0,0,1664794,19.16
12/03/2014,150,1245000,8.3(3.75 %),150,1245000,0,0,1664644,19.16
13/03/2014,15520,122610000,7.9(-4.82 %),15520,122610000,0,0,1649124,19.44
14/03/2014,26800,212603000,7.8(-1.27 %),26800,212603000,0,0,1622324,19.92
17/03/2014,-50,-390000,7.8(0.00 %),0,0,50,390000,1622374,19.92
18/03/2014,590,4897000,8.3(6.41 %),590,4897000,0,0,1621784,19.93
19/03/2014,0,0,8.8(6.02 %),0,0,0,0,1621784,19.93
20/03/2014,0,0,9.2(4.55 %),0,0,0,0,1621784,19.93
21/03/2014,1010,8893000,9.2(0.00 %),1010,8893000,0,0,1620774,19.95
24/03/2014,3410,31372000,9.2(0.00 %),3410,31372000,0,0,1617364,20.01
25/03/2014,0,0,9.1(-1.09 %),0,0,0,0,1617364,20.01
26/03/2014,-490,-4302000,8.5(-6.59 %),100,890000,590,5192000,1617854,20.0
27/03/2014,-3410,-27962000,8.4(-1.18 %),0,0,3410,27962000,1621264,19.94
28/03/2014,0,0,8.2(-2.38 %),0,0,0,0,1621264,19.94
31/03/2014,0,0,8.2(0.00 %),0,0,0,0,1621264,19.94
01/04/2014,400,3164000,7.8(-4.88 %),400,3164000,0,0,1620454,19.95
02/04/2014,0,0,7.8(0.00 %),0,0,0,0,1620454,19.95
03/04/2014,-1300,-10230000,8.1(3.85 %),200,1620000,1500,11850000,1621754,19.93
04/04/2014,-1630,-13193000,8.1(0.00 %),100,820000,1730,14013000,1623384,19.9
07/04/2014,2800,22400000,8(-1.23 %),2800,22400000,0,0,1620584,19.95
08/04/2014,10,80000,8(0.00 %),10,80000,0,0,1620574,19.95
10/04/2014,1250,10183000,8.2(2.50 %),1250,10183000,0,0,1619324,19.97
11/04/2014,800,6560000,8.2(0.00 %),800,6560000,0,0,1618524,19.99
14/04/2014,0,0,7.8(-4.88 %),0,0,0,0,1618524,19.99
15/04/2014,0,0,8.2(5.13 %),0,0,0,0,1618524,19.99
16/04/2014,0,0,8(-2.44 %),0,0,0,0,1618524,19.99
17/04/2014,0,0,7.9(-1.25 %),0,0,0,0,1618524,19.99
18/04/2014,20,150000,7.5(-5.06 %),20,150000,0,0,1618504,19.99
21/04/2014,550,4070000,7.4(-1.33 %),550,4070000,0,0,1617954,20.0
22/04/2014,2500,19000000,7.6(2.70 %),2500,19000000,0,0,1615454,20.04
23/04/2014,0,0,7.2(-5.26 %),0,0,0,0,1615454,20.04
24/04/2014,20,148000,7.4(2.78 %),20,148000,0,0,1615434,20.04
25/04/2014,0,0,7.4(0.00 %),0,0,0,0,1615434,20.04
28/04/2014,20,152000,7.2(-2.70 %),20,152000,0,0,1615414,20.04
29/04/2014,-1000,-6900000,7.4(2.78 %),1500,11100000,2500,18000000,1616414,20.02
05/05/2014,0,0,7.1(-4.05 %),0,0,0,0,1617324,20.01
06/05/2014,4300,30246000,7.2(1.41 %),4300,30246000,0,0,1613024,20.08
07/05/2014,-50,-350000,7.2(0.00 %),0,0,50,350000,1613074,20.08
08/05/2014,0,0,6.7(-6.94 %),0,0,0,0,1613074,20.08
09/05/2014,3200,21464000,6.9(2.99 %),3200,21464000,0,0,1609874,20.14
12/05/2014,0,0,6.5(-5.80 %),0,0,0,0,1609874,20.14
13/05/2014,0,0,6.2(-4.62 %),0,0,0,0,1609874,20.14
14/05/2014,0,0,6.5(4.84 %),0,0,0,0,1609874,20.14
15/05/2014,1000,6465000,6.7(3.08 %),1000,6465000,0,0,1608874,20.16
16/05/2014,8800,58872000,7(4.48 %),8800,58872000,0,0,1600074,20.32
19/05/2014,700,4762000,6.9(-1.43 %),700,4762000,0,0,1599374,20.33
20/05/2014,1100,7484000,6.9(0.00 %),1100,7484000,0,0,1598274,20.35
21/05/2014,0,0,7(1.45 %),0,0,0,0,1598274,20.35
22/05/2014,0,0,6.9(-1.43 %),0,0,0,0,1598274,20.35
23/05/2014,0,0,6.7(-2.90 %),0,0,0,0,1598274,20.35
26/05/2014,0,0,6.7(0.00 %),0,0,0,0,1598274,20.35
27/05/2014,50,345000,6.9(2.99 %),50,345000,0,0,1598224,20.35
28/05/2014,-310,-2077000,6.9(0.00 %),0,0,310,2077000,1598534,20.34
29/05/2014,0,0,6.7(-2.90 %),0,0,0,0,1598534,20.34
30/05/2014,400,2726000,6.9(2.99 %),400,2726000,0,0,1598134,20.35
02/06/2014,9150,60027000,6.9(0.00 %),9150,60027000,0,0,1591174,20.48
03/06/2014,0,0,6.8(-1.45 %),0,0,0,0,1591174,20.48
04/06/2014,22770,147184000,6.8(0.00 %),22770,147184000,0,0,1568404,20.88
05/06/2014,1850,12290000,6.8(0.00 %),1850,12290000,0,0,1566554,20.92
06/06/2014,620,4154000,6.7(-1.47 %),620,4154000,0,0,1565934,20.93
09/06/2014,16740,114220000,7(4.48 %),16740,114220000,0,0,1549194,21.23
10/06/2014,15800,104385000,6.6(-5.71 %),15800,104385000,0,0,1533394,21.51
11/06/2014,11300,74030000,6.8(3.03 %),11300,74030000,0,0,1522094,21.71
12/06/2014,200,1360000,6.8(0.00 %),200,1360000,0,0,1521894,21.72
13/06/2014,50,340000,6.8(0.00 %),50,340000,0,0,1521844,21.72
16/06/2014,200,1360000,6.8(0.00 %),200,1360000,0,0,1521644,21.72
17/06/2014,0,0,6.8(0.00 %),0,0,0,0,1521644,21.72
18/06/2014,0,0,6.7(-1.47 %),0,0,0,0,1521644,21.72
19/06/2014,210,1407000,6.7(0.00 %),210,1407000,0,0,1521434,21.73
20/06/2014,1820,12194000,6.7(0.00 %),1820,12194000,0,0,1519614,21.76
23/06/2014,120,792000,6.6(-1.49 %),120,792000,0,0,1519494,21.76
24/06/2014,620,4030000,6.5(-1.52 %),620,4030000,0,0,1518874,21.77
25/06/2014,320,2144000,6.7(3.08 %),320,2144000,0,0,1518554,21.78
26/06/2014,1320,8714000,6.6(-1.49 %),1320,8714000,0,0,1517234,21.8
27/06/2014,0,0,6.5(-1.52 %),0,0,0,0,1517234,21.8
30/06/2014,1000,6600000,6.6(1.54 %),1000,6600000,0,0,1516234,21.82
01/07/2014,200,1300000,6.5(-1.52 %),200,1300000,0,0,1516345,21.82
02/07/2014,15560,103987000,6.9(6.15 %),15560,103987000,0,0,1500785,22.1
03/07/2014,500,3470000,6.9(0.00 %),500,3470000,0,0,1500285,22.11
04/07/2014,700,4952000,7.1(2.90 %),700,4952000,0,0,1499585,22.12
07/07/2014,1000,7134000,7(-1.41 %),1000,7134000,0,0,1498585,22.14
08/07/2014,4000,28000000,7(0.00 %),4000,28000000,0,0,1494585,22.21
09/07/2014,-980,-6960000,7(0.00 %),20,140000,1000,7100000,1495565,22.19
10/07/2014,0,0,7(0.00 %),0,0,0,0,1494565,22.21
11/07/2014,-20,-140000,7(0.00 %),10,70000,30,210000,1494555,0.0
14/07/2014,0,0,7(0.00 %),0,0,0,0,1494555,22.21
15/07/2014,0,0,7.1(1.43 %),0,0,0,0,1494555,22.21
16/07/2014,50,360000,7.1(0.00 %),50,360000,0,0,1495505,0.0
17/07/2014,20,140000,7(-1.41 %),20,140000,0,0,1495485,22.19
18/07/2014,-520,-3848000,7.4(5.71 %),0,0,520,3848000,1495515,22.19
21/07/2014,-21130,-166927000,7.9(6.76 %),0,0,21130,166927000,1495515,0.0
22/07/2014,0,0,8(1.27 %),0,0,0,0,1495515,0.0
23/07/2014,70,560000,8(0.00 %),70,560000,0,0,1495445,0.0
24/07/2014,220,1738000,7.9(-1.25 %),220,1738000,0,0,1495745,0.0
25/07/2014,0,0,7.6(-3.80 %),0,0,0,0,1516875,0.0
28/07/2014,1100,8061000,7.4(-2.63 %),1100,8061000,0,0,1515775,0.0
29/07/2014,0,0,7.4(0.00 %),0,0,0,0,1515775,0.0
30/07/2014,0,0,7.4(0.00 %),0,0,0,0,1515775,0.0
31/07/2014,1850,13803000,7.5(1.35 %),1850,13803000,0,0,1513925,0.0
01/08/2014,0,0,7.5(0.00 %),0,0,0,0,1513925,0.0
04/08/2014,0,0,7.3(-2.67 %),0,0,0,0,1513925,0.0
05/08/2014,0,0,7.3(0.00 %),0,0,0,0,1513925,0.0
06/08/2014,0,0,7.5(2.74 %),0,0,0,0,1513925,21.86
07/08/2014,0,0,7.4(-1.33 %),0,0,0,0,1513925,21.86
08/08/2014,500,3950000,7.9(6.76 %),500,3950000,0,0,1513425,0.0
11/08/2014,300,2375000,7.8(-1.27 %),300,2375000,0,0,1513125,0.0
12/08/2014,410,3290000,7.9(1.28 %),410,3290000,0,0,1512715,0.0
13/08/2014,0,0,7.9(0.00 %),200,1580000,200,1580000,1512515,0.0
14/08/2014,20,160000,7.8(-1.27 %),20,160000,0,0,1512515,21.89
15/08/2014,-200,-1560000,7.7(-1.28 %),0,0,200,1560000,1512500,21.89
18/08/2014,-1200,-8983000,7.7(0.00 %),1370,10549000,2570,19532000,1511130,0.0
19/08/2014,20,154000,7.7(0.00 %),20,154000,0,0,1511310,0.0
20/08/2014,20,154000,7.7(0.00 %),20,154000,0,0,1511290,0.0
21/08/2014,20,155000,7.7(0.00 %),20,155000,0,0,1511470,0.0
22/08/2014,1020,8160000,8(3.90 %),1020,8160000,0,0,1514040,21.86
25/08/2014,0,0,8.1(1.25 %),0,0,0,0,1513020,21.88
26/08/2014,620,4950000,8.1(0.00 %),740,5922000,120,972000,1513020,21.88
27/08/2014,20,160000,8(-1.23 %),20,160000,0,0,1512280,21.89
28/08/2014,-5100,-40290000,7.9(-1.25 %),0,0,5100,40290000,1512260,21.89
29/08/2014,60,493000,8.1(2.53 %),60,493000,0,0,1512200,0.0
03/09/2014,0,0,8.2(1.23 %),0,0,0,0,1512327,21.89
04/09/2014,-270,-2118000,8.1(-1.22 %),50,410000,320,2528000,1512277,0.0
05/09/2014,-5170,-40843000,8.2(1.23 %),0,0,5170,40843000,1517377,0.0
08/09/2014,0,0,8.4(2.44 %),0,0,0,0,1517377,21.8
09/09/2014,0,0,8(-4.76 %),0,0,0,0,1517377,21.8
10/09/2014,110,869000,7.9(-1.25 %),110,869000,0,0,1517587,0.0
11/09/2014,0,0,8.2(3.80 %),0,0,0,0,1522757,0.0
12/09/2014,-100,-810000,8.2(0.00 %),0,0,100,810000,1522757,0.0
15/09/2014,0,0,8.2(0.00 %),0,0,0,0,1522757,21.7
16/09/2014,0,0,8(-2.44 %),0,0,0,0,1522757,0.0
17/09/2014,-6630,-53040000,7.9(-1.25 %),0,0,6630,53040000,1522757,0.0
18/09/2014,750,5775000,7.7(-2.53 %),750,5775000,0,0,1522107,0.0
19/09/2014,20,156000,7.8(1.30 %),20,156000,0,0,1522087,0.0
22/09/2014,0,0,7.8(0.00 %),0,0,0,0,1522087,0.0
23/09/2014,0,0,7.8(0.00 %),0,0,0,0,1528717,0.0
24/09/2014,1050,8105000,7.7(-1.28 %),1050,8105000,0,0,1527667,21.62
25/09/2014,0,0,7.8(1.30 %),0,0,0,0,1527667,21.62
26/09/2014,650,5135000,7.9(1.28 %),650,5135000,0,0,1527017,21.63
29/09/2014,0,0,7.8(-1.27 %),0,0,0,0,1527017,0.0
30/09/2014,0,0,7.8(0.00 %),0,0,0,0,1527017,0.0
01/10/2014,0,0,7.8(0.00 %),0,0,0,0,1527017,0.0
02/10/2014,0,0,7.7(-1.28 %),0,0,0,0,1527017,0.0
03/10/2014,0,0,7.8(1.30 %),0,0,0,0,1527017,0.0
06/10/2014,0,0,8(2.56 %),0,0,0,0,1527017,0.0
07/10/2014,0,0,7.9(-1.25 %),0,0,0,0,1527017,0.0
08/10/2014,0,0,8.2(3.80 %),0,0,0,0,1527017,0.0
09/10/2014,5750,47265000,8.4(2.44 %),6250,51365000,500,4100000,1520767,0.0
10/10/2014,1280,10598000,8.3(-1.19 %),1280,10598000,0,0,1519487,0.0
13/10/2014,0,0,8.1(-2.41 %),0,0,0,0,1519487,21.76
14/10/2014,1520,12008000,7.9(-2.47 %),1520,12008000,0,0,1517967,21.79
15/10/2014,5000,44200000,8.4(6.33 %),10000,84000000,5000,39800000,1512967,21.88
16/10/2014,-2980,-24728000,8.4(0.00 %),20,172000,3000,24900000,1515947,21.83
17/10/2014,500,4250000,8.5(1.19 %),500,4250000,0,0,1515447,21.83
20/10/2014,-8000,-70500000,9(5.88 %),0,0,8000,70500000,1523447,21.69
21/10/2014,-2250,-20600000,9(0.00 %),0,0,2250,20600000,1525697,21.65
22/10/2014,1120,10215000,9.1(1.11 %),1120,10215000,0,0,1524577,21.67
23/10/2014,0,0,9(-1.10 %),0,0,0,0,1524577,21.67
24/10/2014,-420,-3654000,8.7(-3.33 %),0,0,420,3654000,1524997,21.66
27/10/2014,1510,12875000,8.5(-2.30 %),1520,12965000,10,90000,1523487,21.69
29/10/2014,280,2468000,9(2.27 %),280,2468000,0,0,1523207,21.7
30/10/2014,1120,10079000,9(0.00 %),1610,14489000,490,4410000,1522087,21.72
31/10/2014,50,455000,9.1(1.11 %),50,455000,0,0,1522037,21.72
03/11/2014,20,178000,8.9(-2.20 %),20,178000,0,0,1521827,21.72
04/11/2014,2050,18246000,8.9(0.00 %),2050,18246000,0,0,1519777,21.76
05/11/2014,0,0,9.1(2.25 %),0,0,0,0,1519777,21.76
06/11/2014,0,0,9(-1.10 %),0,0,0,0,1519777,21.76
07/11/2014,0,0,9.2(2.22 %),0,0,0,0,1519777,21.76
10/11/2014,0,0,9.2(0.00 %),0,0,0,0,1519777,21.76
11/11/2014,150,1365000,9.1(-1.09 %),150,1365000,0,0,1519627,21.76
12/11/2014,0,0,9.1(0.00 %),0,0,0,0,1519627,21.76
13/11/2014,0,0,8.9(-2.20 %),0,0,0,0,1519627,21.76
14/11/2014,220,1938000,8.9(0.00 %),220,1938000,0,0,1519407,21.76
17/11/2014,0,0,8.9(0.00 %),0,0,0,0,1519407,21.76
18/11/2014,5540,49306000,9.1(2.25 %),5540,49306000,0,0,1513867,21.86
19/11/2014,0,0,8.8(-3.30 %),0,0,0,0,1513867,21.86
20/11/2014,500,4450000,9(2.27 %),500,4450000,0,0,1513857,0.0
21/11/2014,180,1620000,9(0.00 %),180,1620000,0,0,1513677,0.0
24/11/2014,1020,9080000,8.9(-1.11 %),1020,9080000,0,0,1512657,0.0
25/11/2014,0,0,9(1.12 %),0,0,0,0,1512657,0.0
26/11/2014,3900,34910000,8.9(-1.11 %),3900,34910000,0,0,1508757,0.0
27/11/2014,0,0,8.9(0.00 %),0,0,0,0,1508757,0.0
28/11/2014,450,4010000,8.8(-1.12 %),450,4010000,0,0,1508307,0.0
01/12/2014,0,0,9(2.27 %),0,0,0,0,1508307,0.0
02/12/2014,20,180000,9(0.00 %),20,180000,0,0,1508287,0.0
03/12/2014,4000,36000000,9.6(6.67 %),4000,36000000,0,0,1504287,0.0
04/12/2014,-2370,-24270000,10.2(6.25 %),1000,10100000,3370,34370000,1503287,0.0
05/12/2014,-36050,-388130000,10.6(3.92 %),4300,45150000,40350,433280000,1498987,0.0
08/12/2014,0,0,10.7(0.94 %),0,0,0,0,1498987,0.0
09/12/2014,-21860,-227340000,10.1(-5.61 %),0,0,21860,227340000,1498987,0.0
10/12/2014,0,0,10.4(2.97 %),0,0,0,0,1502357,0.0
11/12/2014,-16000,-174600000,11.1(6.73 %),0,0,16000,174600000,1542707,0.0
12/12/2014,-99000,-1168200000,11.8(6.31 %),0,0,99000,1168200000,1641707,19.57
15/12/2014,-56780,-713750000,12.3(4.24 %),0,0,56780,713750000,1564567,0.0
16/12/2014,0,0,11.5(-6.50 %),0,0,0,0,1564567,0.0
17/12/2014,0,0,10.7(-6.96 %),0,0,0,0,1580567,0.0
18/12/2014,0,0,11.4(6.54 %),0,0,0,0,1679567,0.0
19/12/2014,0,0,11(-3.51 %),0,0,0,0,1736347,0.0
22/12/2014,-6000,-67200000,11.2(1.82 %),0,0,6000,67200000,1742347,17.77
23/12/2014,0,0,10.9(-2.68 %),0,0,0,0,1736347,0.0
24/12/2014,0,0,11.1(1.83 %),0,0,0,0,1736347,0.0
25/12/2014,0,0,10.5(-5.41 %),0,0,0,0,1736347,0.0
26/12/2014,-30,-309000,10.2(-2.86 %),0,0,30,309000,1736377,17.87
29/12/2014,0,0,9.8(-3.92 %),0,0,0,0,1736377,17.87
30/12/2014,0,0,10(2.04 %),0,0,0,0,1736377,17.87
31/12/2014,0,0,10.7(7.00 %),0,0,0,0,1736377,17.87
05/01/2015,0,0,11.4(6.54 %),0,0,0,0,1742377,17.77
06/01/2015,0,0,11.9(4.39 %),0,0,0,0,1742377,17.77
07/01/2015,0,0,11.8(-0.84 %),0,0,0,0,1742377,17.77
08/01/2015,-80,-952000,11.7(-0.85 %),0,0,80,952000,1742457,17.76
09/01/2015,-970,-11543000,11.6(-0.85 %),0,0,970,11543000,1743427,17.75
12/01/2015,0,0,11.4(-1.72 %),0,0,0,0,1743427,17.75
13/01/2015,-9970,-113658000,11.5(0.88 %),0,0,9970,113658000,1753397,17.57
14/01/2015,0,0,11.4(-0.87 %),0,0,0,0,1753397,17.57
15/01/2015,0,0,11.5(0.88 %),0,0,0,0,1753397,17.57
16/01/2015,0,0,11.5(0.00 %),0,0,0,0,1753397,17.57
19/01/2015,10000,112000000,11.2(-2.61 %),10000,112000000,0,0,1743397,17.75
20/01/2015,0,0,11.5(2.68 %),0,0,0,0,1743397,17.75
21/01/2015,0,0,11.4(-0.87 %),0,0,0,0,1743397,17.75
22/01/2015,-1690,-19266000,11.4(0.00 %),0,0,1690,19266000,1745087,17.72
23/01/2015,0,0,11.2(-1.75 %),0,0,0,0,1745087,17.72
26/01/2015,0,0,11.2(0.00 %),0,0,0,0,1745087,17.72
27/01/2015,0,0,10.8(-3.57 %),0,0,0,0,1745087,17.72
28/01/2015,0,0,10.9(0.93 %),0,0,0,0,1745087,17.72
29/01/2015,0,0,10.9(0.00 %),0,0,0,0,1745087,17.72
30/01/2015,3000,32380000,10.6(-2.75 %),3000,32380000,0,0,1742087,17.77
02/02/2015,0,0,10.2(-3.77 %),0,0,0,0,1742087,17.77
03/02/2015,6160,62716000,10(-1.96 %),6160,62716000,0,0,1735927,17.88
04/02/2015,0,0,9.9(-1.00 %),0,0,0,0,1735927,17.88
05/02/2015,200,2020000,10.2(3.03 %),200,2020000,0,0,1735727,17.89
06/02/2015,210,2142000,10.2(0.00 %),210,2142000,0,0,1735517,17.89
09/02/2015,0,0,10.1(-0.98 %),0,0,0,0,1735517,17.89
10/02/2015,0,0,10.3(1.98 %),0,0,0,0,1735517,17.89
11/02/2015,0,0,10.2(-0.97 %),0,0,0,0,1735517,17.89
12/02/2015,0,0,10.2(0.00 %),0,0,0,0,1735517,17.89
13/02/2015,0,0,10.4(1.96 %),0,0,0,0,1735517,17.89
24/02/2015,0,0,10.7(2.88 %),0,0,0,0,1735517,17.89
25/02/2015,0,0,10.5(-1.87 %),0,0,0,0,1735517,17.89
26/02/2015,0,0,10.7(1.90 %),0,0,0,0,1735517,17.89
27/02/2015,20,210000,10.5(-1.87 %),20,210000,0,0,1735497,17.89
02/03/2015,-3210,-33705000,10.6(0.95 %),0,0,3210,33705000,1735497,17.89
03/03/2015,200,2120000,10.5(-0.94 %),200,2120000,0,0,1735297,17.89
04/03/2015,-340,-3570000,10.2(-2.86 %),0,0,340,3570000,1735637,17.89
05/03/2015,-5300,-55190000,10.9(6.86 %),0,0,5300,55190000,1740937,17.79
06/03/2015,0,0,10.8(-0.92 %),0,0,0,0,1740937,17.79
09/03/2015,0,0,10.6(-1.85 %),0,0,0,0,1740937,17.79
10/03/2015,0,0,10.4(-1.89 %),0,0,0,0,1740937,17.79
11/03/2015,0,0,10.6(1.92 %),0,0,0,0,1740937,17.79
12/03/2015,0,0,10.6(0.00 %),0,0,0,0,1740937,17.79
13/03/2015,-10,-104000,10.6(0.00 %),0,0,10,104000,1740947,17.79
16/03/2015,-320,-3392000,10.6(0.00 %),0,0,320,3392000,1741267,17.79
17/03/2015,185000,2062069000,11.1(4.72 %),185000,2062069000,0,0,1556267,21.1
18/03/2015,15000,166785000,10.9(-1.80 %),15000,166785000,0,0,1541267,21.37
19/03/2015,10000,112152000,11.1(1.83 %),10000,112152000,0,0,1531267,21.55
20/03/2015,0,0,10.9(-1.80 %),0,0,0,0,1531267,21.55
23/03/2015,0,0,10.9(0.00 %),0,0,0,0,1531267,21.55
24/03/2015,0,0,10.9(0.00 %),0,0,0,0,1531267,21.55
25/03/2015,0,0,11(0.92 %),0,0,0,0,1531267,21.55
26/03/2015,300,3280000,10.9(-0.91 %),300,3280000,0,0,1530967,21.56
27/03/2015,1600,17281000,10.9(0.00 %),1600,17281000,0,0,1529367,21.58
30/03/2015,2970,31425000,10.4(-4.59 %),2970,31425000,0,0,1526397,21.64
31/03/2015,2850,30215000,10.6(1.92 %),2850,30215000,0,0,1523547,21.69
01/04/2015,4950,52103000,10.5(-0.94 %),4950,52103000,0,0,1521812,21.72
02/04/2015,6100,64664000,10.5(0.00 %),6100,64664000,0,0,1515712,21.83
03/04/2015,10800,114898000,10.8(2.86 %),10800,114898000,0,0,1504912,22.02
06/04/2015,0,0,10.7(-0.93 %),0,0,0,0,1504912,22.02
07/04/2015,23450,253351000,10.9(1.87 %),23450,253351000,0,0,1481462,22.44
08/04/2015,0,0,10.8(-0.92 %),0,0,0,0,1481462,22.44
09/04/2015,4750,52255000,11(1.85 %),4750,52255000,0,0,1476712,22.53
10/04/2015,4400,48934000,11.2(1.82 %),4400,48934000,0,0,1472312,22.61
13/04/2015,2920,32806000,11(-1.79 %),2920,32806000,0,0,1469392,22.66
14/04/2015,0,0,11(0.00 %),0,0,0,0,1469392,22.66
15/04/2015,29130,322997000,11.4(3.64 %),32430,359297000,3300,36300000,1440262,23.18
16/04/2015,0,0,11.3(-0.88 %),0,0,0,0,1440262,23.18
17/04/2015,0,0,11.3(0.00 %),0,0,0,0,1440262,23.18
20/04/2015,0,0,10.7(-5.31 %),0,0,0,0,1440262,23.18
21/04/2015,0,0,10.7(0.00 %),0,0,0,0,1440262,23.18
22/04/2015,50,535000,10.7(0.00 %),50,535000,0,0,1440212,23.18
23/04/2015,0,0,10.8(0.93 %),0,0,0,0,1440212,23.18
24/04/2015,0,0,10.8(0.00 %),0,0,0,0,1440212,23.18
27/04/2015,10000,108332000,10.8(0.00 %),10000,108332000,0,0,1430212,23.36
04/05/2015,2000,20800000,10.4(-3.70 %),2000,20800000,0,0,1428219,23.4
05/05/2015,0,0,10.2(-1.92 %),0,0,0,0,1428219,23.4
06/05/2015,2300,24354000,10.5(2.94 %),2300,24354000,0,0,1425919,4.69
07/05/2015,0,0,10.4(-0.95 %),0,0,0,0,1425919,4.69
08/05/2015,3000,31200000,10.4(0.00 %),3000,31200000,0,0,1422919,4.7
11/05/2015,1450,15141000,10.4(0.00 %),1450,15141000,0,0,1421469,4.7
12/05/2015,800,8551000,10.8(3.85 %),800,8551000,0,0,1420669,4.71
13/05/2015,2600,27430000,10.4(-3.70 %),2600,27430000,0,0,1418069,4.72
14/05/2015,0,0,10.7(2.88 %),0,0,0,0,1418069,4.72
15/05/2015,1000,10700000,10.7(0.00 %),1000,10700000,0,0,1417069,4.72
18/05/2015,550,5723000,10.3(-3.74 %),550,5723000,0,0,1416519,4.72
19/05/2015,0,0,10.3(0.00 %),0,0,0,0,1416519,4.72
20/05/2015,0,0,10.3(0.00 %),0,0,0,0,1416519,4.72
21/05/2015,0,0,10.9(5.83 %),0,0,0,0,1416519,4.72
22/05/2015,50,535000,10.7(-1.83 %),50,535000,0,0,1416469,4.72
25/05/2015,50,561000,10.8(0.93 %),50,561000,0,0,1416419,4.72
26/05/2015,-6600,-71280000,10.7(-0.93 %),0,0,6600,71280000,1423019,4.7
27/05/2015,350,3466000,9.9(2.06 %),350,3466000,0,0,1422669,4.7
28/05/2015,650,6263000,9.6(-3.03 %),650,6263000,0,0,1422019,4.7
29/05/2015,2830,28764000,9.8(2.08 %),7990,78302000,5160,49538000,1419189,4.71
01/06/2015,5050,48045000,9.7(-1.02 %),5050,48045000,0,0,1408979,4.75
02/06/2015,10300,102028000,10.3(6.19 %),10300,102028000,0,0,1398679,4.79
03/06/2015,18400,184759000,10(-2.91 %),18400,184759000,0,0,1380279,4.85
04/06/2015,33900,339594000,10.2(2.00 %),33900,339594000,0,0,1346379,4.97
05/06/2015,3000,30368000,10.2(0.00 %),3000,30368000,0,0,1343379,4.98
08/06/2015,9150,93474000,10.3(0.98 %),9150,93474000,0,0,1334229,5.02
09/06/2015,300,3060000,10.2(-0.97 %),300,3060000,0,0,1333929,5.02
10/06/2015,1500,15200000,10.2(0.00 %),1500,15200000,0,0,1332429,5.02
11/06/2015,96500,987352000,10.2(0.00 %),96500,987352000,0,0,1235929,5.37
12/06/2015,69100,724332000,10.7(4.90 %),69100,724332000,0,0,1166829,5.62
15/06/2015,90000,1006461000,11.4(6.54 %),90000,1006461000,0,0,1076829,5.94
16/06/2015,0,0,11.1(-2.63 %),0,0,0,0,1076829,5.94
17/06/2015,1700,19210000,10.7(-3.60 %),1700,19210000,0,0,1075129,5.95
18/06/2015,2500,26750000,11(2.80 %),2500,26750000,0,0,1072629,5.95
19/06/2015,0,0,10.8(-1.82 %),0,0,0,0,1072629,5.95
22/06/2015,150,1643000,11(1.85 %),150,1643000,0,0,1072479,5.96
23/06/2015,0,0,10.9(-0.91 %),0,0,0,0,1072479,5.96
24/06/2015,220,2354000,10.7(-1.83 %),220,2354000,0,0,1072259,5.96
25/06/2015,0,0,10.9(1.87 %),0,0,0,0,1072259,5.96
26/06/2015,500,5450000,10.9(0.00 %),500,5450000,0,0,1071759,5.96
29/06/2015,0,0,10.9(0.00 %),0,0,0,0,1071759,5.96
30/06/2015,1120,11987000,10.7(-1.83 %),1120,11987000,0,0,1070639,5.96
01/07/2015,30,324000,10.8(0.93 %),30,324000,0,0,1075769,5.94
02/07/2015,50,528000,10.5(-2.78 %),500,5253000,450,4725000,1075719,29.72
03/07/2015,0,0,10.5(0.00 %),0,0,0,0,1075719,29.72
06/07/2015,60,648000,10.8(2.86 %),60,648000,0,0,1075659,29.72
07/07/2015,15000,161270000,10.7(-0.93 %),15000,161270000,0,0,1060659,29.99
08/07/2015,3200,33605000,10.6(-0.93 %),3200,33605000,0,0,1057459,30.04
09/07/2015,-270,-2842000,10.6(0.00 %),0,0,270,2842000,1057729,30.04
10/07/2015,750,8100000,10.8(1.89 %),750,8100000,0,0,1056979,30.05
13/07/2015,0,0,10.6(-1.85 %),0,0,0,0,1056979,30.05
14/07/2015,1500,15450000,10.3(-2.83 %),1500,15450000,0,0,1055479,30.08
15/07/2015,20,216000,10.3(0.00 %),20,216000,0,0,1055459,30.08
16/07/2015,7020,69506000,10.1(-1.94 %),7020,69506000,0,0,1048439,30.21
17/07/2015,15010,156915000,10.5(3.96 %),15010,156915000,0,0,1033429,30.47
20/07/2015,-190,-2004000,10.7(1.90 %),0,0,190,2004000,1033619,30.47
21/07/2015,0,0,10.3(-3.74 %),0,0,0,0,1033619,30.47
22/07/2015,20,210000,10.5(1.94 %),20,210000,0,0,1033599,30.47
23/07/2015,0,0,10.4(-0.95 %),0,0,0,0,1033599,30.47
24/07/2015,0,0,10.4(0.00 %),0,0,0,0,1033599,30.47
27/07/2015,23000,237500000,10.4(0.00 %),23000,237500000,0,0,1010599,30.88
28/07/2015,0,0,10.3(-0.96 %),0,0,0,0,1010599,30.88
29/07/2015,0,0,10.3(0.00 %),0,0,0,0,1010599,30.88
30/07/2015,0,0,10.2(-0.97 %),0,0,0,0,1010599,30.88
31/07/2015,70,710000,10.2(0.00 %),70,710000,0,0,1010529,30.89
03/08/2015,850,8670000,10.1(-0.98 %),850,8670000,0,0,1009679,30.9
04/08/2015,0,0,10.1(0.00 %),0,0,0,0,1009679,30.9
05/08/2015,8450,87020000,10.3(1.98 %),8450,87020000,0,0,1001229,31.05
06/08/2015,70,730000,10.3(0.00 %),70,730000,0,0,1001159,31.05
07/08/2015,0,0,10.3(0.00 %),0,0,0,0,1001159,31.05
10/08/2015,0,0,10.3(0.00 %),0,0,0,0,1001159,31.05
11/08/2015,20,200000,10.2(-0.97 %),20,200000,0,0,1001139,31.05
12/08/2015,0,0,10.2(0.00 %),0,0,0,0,1001139,31.05
13/08/2015,0,0,10.1(-0.98 %),0,0,0,0,1001139,31.05
14/08/2015,0,0,10.3(1.98 %),0,0,0,0,1001139,31.05
17/08/2015,2000,20000000,10.2(-0.97 %),2000,20000000,0,0,999139,31.09
18/08/2015,3000,30000000,10(-1.96 %),3000,30000000,0,0,996139,31.14
19/08/2015,25280,243520000,9.3(-7.00 %),25280,243520000,0,0,970859,31.6
20/08/2015,35150,338780000,9.8(5.38 %),35150,338780000,0,0,935709,32.23
21/08/2015,2210,21260000,9.9(1.02 %),2210,21260000,0,0,933499,32.27
24/08/2015,19410,181250000,9.4(-5.05 %),19410,181250000,0,0,914089,32.61
25/08/2015,2450,23600000,9.9(5.32 %),2450,23600000,0,0,911639,32.66
26/08/2015,3400,32680000,9.6(-3.03 %),3400,32680000,0,0,908239,32.72
27/08/2015,510,4890000,9.6(0.00 %),510,4890000,0,0,907729,32.73
28/08/2015,320,3080000,9.6(0.00 %),320,3080000,0,0,907409,32.73
31/08/2015,11290,110860000,9.9(3.12 %),11290,110860000,0,0,896119,32.94
01/09/2015,1160,11660000,10(1.01 %),1160,11660000,0,0,894965,32.96
03/09/2015,1000,9900000,9.9(-1.00 %),1000,9900000,0,0,893965,32.97
04/09/2015,0,0,9.6(-3.03 %),0,0,0,0,893965,32.97
07/09/2015,4630,46000000,9.4(-2.08 %),4630,46000000,0,0,889335,33.06
08/09/2015,10,100000,9.9(5.32 %),10,100000,0,0,889325,33.06
09/09/2015,1210,11980000,9.9(0.00 %),1210,11980000,0,0,888115,33.08
10/09/2015,0,0,9.6(-3.03 %),0,0,0,0,888115,33.08
11/09/2015,110,1100000,10.2(6.25 %),110,1100000,0,0,888005,33.08
14/09/2015,1770,17840000,9.8(-3.92 %),5070,49190000,3300,31350000,886235,33.11
15/09/2015,0,0,9.5(-3.06 %),0,0,0,0,886235,33.11
16/09/2015,4600,44780000,9.8(3.16 %),4600,44780000,0,0,881635,33.2
17/09/2015,0,0,9.4(-4.08 %),0,0,0,0,881635,33.2
18/09/2015,40,390000,9.7(3.19 %),40,390000,0,0,881595,33.2
21/09/2015,370,3550000,9.6(-1.03 %),370,3550000,0,0,881225,33.2
22/09/2015,0,0,9.5(-1.04 %),0,0,0,0,881225,33.2
23/09/2015,1800,17100000,9.5(0.00 %),1800,17100000,0,0,879425,33.24
24/09/2015,0,0,9.5(0.00 %),0,0,0,0,879425,33.24
25/09/2015,100,960000,9.5(0.00 %),100,960000,0,0,879325,33.24
28/09/2015,1370,12820000,9.5(0.00 %),1370,12820000,0,0,877955,33.26
29/09/2015,16240,152360000,9.4(-1.05 %),16240,152360000,0,0,861715,33.55
30/09/2015,23100,216340000,9.2(-2.13 %),23100,216340000,0,0,838615,33.97
01/10/2015,170,1630000,9.3(1.09 %),170,1630000,0,0,838445,33.97
02/10/2015,1770,16770000,9.6(3.23 %),1950,18480000,180,1710000,836675,34.0
05/10/2015,1140,10720000,9.6(0.00 %),1140,10720000,0,0,835535,34.02
06/10/2015,0,0,9.6(0.00 %),0,0,0,0,835535,34.02
07/10/2015,1780,17050000,9.6(0.00 %),1780,17050000,0,0,833755,34.05
08/10/2015,10020,98030000,9.7(1.04 %),10020,98030000,0,0,823735,34.23
09/10/2015,510,4900000,9.7(0.00 %),510,4900000,0,0,823225,34.24
12/10/2015,0,0,9.5(-2.06 %),0,0,0,0,823225,34.24
13/10/2015,19620,190370000,9.7(2.11 %),19620,190370000,0,0,803605,34.59
14/10/2015,2840,28130000,10(3.09 %),2840,28130000,0,0,800765,34.65
15/10/2015,160,1560000,9.7(-3.00 %),160,1560000,0,0,800605,34.65
16/10/2015,10060,100660000,10(3.09 %),13060,130660000,3000,30000000,790545,34.83
19/10/2015,0,0,9.9(-1.00 %),0,0,0,0,790545,34.83
20/10/2015,2570,24700000,9.7(-2.02 %),2570,24700000,0,0,787975,34.87
21/10/2015,46080,456880000,9.9(2.06 %),46080,456880000,0,0,741895,35.7
22/10/2015,-470,-4650000,9.9(0.00 %),30,300000,500,4950000,742365,35.69
23/10/2015,2400,23960000,10.4(5.05 %),2400,23960000,0,0,739965,35.74
26/10/2015,7270,71810000,10.1(-2.88 %),7370,72820000,100,1010000,732695,35.87
27/10/2015,5060,50080000,10(-0.99 %),5620,55600000,560,5520000,727635,35.96
28/10/2015,-200,-1920000,9.6(-4.00 %),0,0,200,1920000,727835,35.95
29/10/2015,1030,9890000,9.6(0.00 %),1040,9990000,10,100000,726805,35.97
30/10/2015,2100,20370000,9.7(1.04 %),2100,20370000,0,0,724705,36.01
02/11/2015,0,0,9.7(0.00 %),0,0,0,0,724495,36.01
03/11/2015,0,0,9.6(-1.03 %),0,0,0,0,724495,36.01
04/11/2015,3950,38190000,9.8(2.08 %),4520,43780000,570,5590000,720545,36.08
05/11/2015,8150,81580000,10.2(4.08 %),8150,81580000,0,0,712395,36.23
06/11/2015,300,3020000,10.1(-0.98 %),300,3020000,0,0,712095,36.24
09/11/2015,1480,14480000,9.9(-1.98 %),1480,14480000,0,0,710615,36.26
10/11/2015,14150,141240000,10(1.01 %),14150,141240000,0,0,696465,36.52
11/11/2015,1350,13400000,9.9(-1.00 %),1350,13400000,0,0,695115,36.54
12/11/2015,9710,97880000,10.3(4.04 %),9710,97880000,0,0,685405,36.71
13/11/2015,6200,61810000,10.1(-1.94 %),6200,61810000,0,0,679205,36.82
16/11/2015,240,2440000,9.9(-1.98 %),240,2440000,0,0,678965,36.83
17/11/2015,0,0,9.9(0.00 %),0,0,0,0,678965,36.83
18/11/2015,30,300000,9.8(-1.01 %),30,300000,0,0,678935,36.83
19/11/2015,1800,17280000,10(2.04 %),1800,17280000,0,0,677135,36.86
20/11/2015,4430,44300000,10(0.00 %),4430,44300000,0,0,672705,36.94
23/11/2015,0,0,10(0.00 %),0,0,0,0,672705,36.94
24/11/2015,1850,18220000,10(0.00 %),1850,18220000,0,0,671065,36.97
25/11/2015,1030,10110000,9.9(-1.00 %),1030,10110000,0,0,670035,36.99
26/11/2015,8890,88270000,10(1.01 %),8890,88270000,0,0,661145,37.15
27/11/2015,6050,59895000,9.9(-1.00 %),6050,59895000,0,0,655095,37.26
30/11/2015,21120,209620000,10.2(3.03 %),21120,209620000,0,0,633975,37.64
01/12/2015,1400,13720000,10(-1.96 %),1400,13720000,0,0,632575,37.66
02/12/2015,340,3400000,9.9(-1.00 %),340,3400000,0,0,632235,37.67
03/12/2015,70,690000,9.9(0.00 %),70,690000,0,0,632165,37.67
04/12/2015,40,400000,9.9(0.00 %),40,400000,0,0,632125,37.67
07/12/2015,0,0,9.6(-3.03 %),0,0,0,0,632125,37.67
08/12/2015,770,7570000,9.9(3.12 %),770,7570000,0,0,631355,37.68
09/12/2015,60,590000,9.9(0.00 %),60,590000,0,0,631295,37.68
10/12/2015,0,0,9.9(0.00 %),0,0,0,0,631295,37.68
11/12/2015,0,0,9.9(0.00 %),0,0,0,0,631295,37.68
14/12/2015,0,0,9.9(0.00 %),0,0,0,0,631304,37.68
15/12/2015,5470,51110000,9.8(-1.01 %),5470,51110000,0,0,625834,37.78
16/12/2015,8880,85070000,9.9(1.02 %),8880,85070000,0,0,616954,37.94
17/12/2015,12280,115540000,9.7(-2.02 %),12280,115540000,0,0,604674,38.16
18/12/2015,140,1360000,9.7(0.00 %),140,1360000,0,0,604534,38.16
21/12/2015,-7570,-68840000,9.6(-1.03 %),4100,37360000,11670,106200000,600434,38.24
22/12/2015,0,0,9.2(-4.17 %),0,0,0,0,600434,38.24
23/12/2015,3250,28740000,9.4(2.17 %),3250,28740000,0,0,597184,38.29
24/12/2015,4190,37620000,8.8(-6.38 %),4190,37620000,0,0,592994,38.37
25/12/2015,120,1100000,9.2(4.55 %),120,1100000,0,0,604544,38.16
28/12/2015,1500,14100000,9.4(2.17 %),1500,14100000,0,0,603044,38.19
29/12/2015,8030,75150000,9.9(5.32 %),8030,75150000,0,0,595014,38.33
30/12/2015,11100,105000000,9.8(-1.01 %),11100,105000000,0,0,583914,38.53
31/12/2015,1400,13160000,9.3(-5.10 %),1400,13160000,0,0,582514,38.56
04/01/2016,50,490000,9.3(0.00 %),50,490000,0,0,582464,38.56
05/01/2016,700,6660000,9.3(0.00 %),700,6660000,0,0,581764,38.57
06/01/2016,0,0,9.3(0.00 %),0,0,0,0,581764,38.57
07/01/2016,150,1420000,9.4(1.08 %),150,1420000,0,0,581614,38.57
08/01/2016,1130,10390000,9.5(1.06 %),1130,10390000,0,0,580484,38.59
11/01/2016,400,3800000,9.2(-3.16 %),400,3800000,0,0,580084,38.6
12/01/2016,0,0,9.2(0.00 %),0,0,0,0,580084,38.6
13/01/2016,30,290000,9.7(5.43 %),30,290000,0,0,580054,38.6
14/01/2016,180,1760000,9.3(-4.12 %),1180,10860000,1000,9100000,578874,38.62
15/01/2016,0,0,8.8(-5.38 %),0,0,0,0,578874,38.62
18/01/2016,420,3790000,9.3(5.68 %),420,3790000,0,0,578454,38.63
19/01/2016,1190,11230000,9.5(2.15 %),1190,11230000,0,0,578264,38.63
20/01/2016,0,0,9.4(-1.05 %),0,0,0,0,578264,38.63
21/01/2016,20,190000,9.6(2.13 %),20,190000,0,0,578244,38.63
22/01/2016,10,100000,9.5(-1.04 %),10,100000,0,0,578234,38.63
25/01/2016,300,2880000,9.6(1.05 %),300,2880000,0,0,577934,38.64
26/01/2016,1550,14770000,9.7(1.04 %),1550,14770000,0,0,576384,38.67
27/01/2016,10,100000,9.2(-5.15 %),10,100000,0,0,576374,38.67
28/01/2016,40,380000,9.6(4.35 %),40,380000,0,0,576334,38.67
29/01/2016,50,480000,9.5(-1.04 %),50,480000,0,0,576284,38.67
01/02/2016,0,0,9.7(2.11 %),0,0,0,0,576284,38.67
02/02/2016,-8990,-90800000,10.3(6.19 %),0,0,8990,90800000,576284,38.67
03/02/2016,-6100,-66110000,10.8(4.85 %),800,8510000,6900,74620000,575484,38.68
04/02/2016,240,2660000,11(1.85 %),240,2660000,0,0,575244,38.69
05/02/2016,-5000,-54000000,10.9(-0.91 %),0,0,5000,54000000,584234,38.53
15/02/2016,0,0,10.9(0.00 %),0,0,0,0,591134,38.4
16/02/2016,0,0,10.9(0.00 %),0,0,0,0,591134,38.4
17/02/2016,-5780,-63110000,11.6(6.42 %),220,2490000,6000,65600000,595914,38.32
18/02/2016,-107060,-1307060000,12.1(4.31 %),0,0,107060,1307060000,595914,38.32
19/02/2016,-38790,-468440000,12(-0.83 %),3180,38470000,41970,506910000,592734,38.37
22/02/2016,-41940,-516250000,12.4(3.33 %),2060,25410000,44000,541660000,596674,38.3
23/02/2016,80,970000,12(-3.23 %),80,970000,0,0,703654,36.39
24/02/2016,1120,13990000,12.2(1.67 %),1120,13990000,0,0,744504,35.65
25/02/2016,3940,47580000,12(-1.64 %),4940,59880000,1000,12300000,783564,34.95
26/02/2016,-17460,-206360000,12(0.00 %),1540,18420000,19000,224780000,782024,34.98
29/02/2016,5320,63780000,12(0.00 %),6320,75680000,1000,11900000,775704,35.09
01/03/2016,-30000,-357000000,11.8(-1.67 %),10,120000,30010,357120000,776694,35.08
02/03/2016,-31980,-379260000,11.9(0.85 %),10020,119240000,42000,498500000,785674,34.92
03/03/2016,-18400,-217120000,11.8(-0.84 %),1600,18880000,20000,236000000,785074,34.93
04/03/2016,7900,92070000,12.2(3.39 %),7900,92070000,0,0,807184,34.53
07/03/2016,-8110,-96530000,11.7(-4.10 %),20,230000,8130,96760000,849164,33.78
08/03/2016,20,240000,11.9(1.71 %),20,240000,0,0,869144,33.42
09/03/2016,-34860,-415820000,11.9(0.00 %),0,0,34860,415820000,869144,33.42
10/03/2016,-67500,-807550000,12.2(2.52 %),500,6050000,68000,813600000,876774,33.28
11/03/2016,-86970,-1097520000,13(6.56 %),30,380000,87000,1097900000,876744,33.28
14/03/2016,-144000,-1972170000,13.6(4.62 %),0,0,144000,1972170000,911604,32.66
15/03/2016,1370,18210000,13(-4.41 %),1370,18210000,0,0,978234,31.46
16/03/2016,1930,25440000,13.3(2.31 %),1930,25440000,0,0,1063304,29.94
17/03/2016,-35470,-472940000,13.3(0.00 %),1030,13830000,36500,486770000,1206274,27.38
18/03/2016,-10500,-138300000,12.9(-3.01 %),0,0,10500,138300000,1206274,27.38
21/03/2016,60,800000,12.7(-1.55 %),60,800000,0,0,1206214,27.38
22/03/2016,-48760,-638270000,13.4(5.51 %),1240,16530000,50000,654800000,1241474,26.75
23/03/2016,-24970,-332210000,13.1(-2.24 %),30,400000,25000,332610000,1251944,26.56
24/03/2016,-81930,-1052960000,12.7(-3.05 %),3070,39030000,85000,1091990000,1248874,26.61
25/03/2016,0,0,12.9(1.57 %),0,0,0,0,1298874,25.72
28/03/2016,3500,41750000,12.1(-6.20 %),5000,60500000,1500,18750000,1318874,25.36
29/03/2016,-390,-4930000,12(-0.83 %),610,7470000,1000,12400000,1403264,23.85
30/03/2016,200,2430000,12.3(2.50 %),200,2430000,0,0,1403064,23.85
31/03/2016,7030,84370000,12(-2.44 %),7030,84370000,0,0,1397534,23.95
01/04/2016,28390,320150000,11.3(-5.83 %),28390,320150000,0,0,1370144,24.44
04/04/2016,15590,174260000,11.6(2.65 %),15590,174260000,0,0,1354554,24.72
05/04/2016,17460,199100000,11.8(1.72 %),17460,199100000,0,0,1337094,25.03
06/04/2016,120,1430000,11.5(-2.54 %),120,1430000,0,0,1336974,25.03
07/04/2016,0,0,11.4(-0.87 %),0,0,0,0,1336974,25.03
08/04/2016,100,1160000,11.6(1.75 %),100,1160000,0,0,1336874,25.04
11/04/2016,7000,85820000,12.4(6.90 %),7000,85820000,0,0,1329874,25.16
12/04/2016,-4930,-60420000,12.1(-2.42 %),2000,24200000,6930,84620000,1327874,25.2
13/04/2016,4830,58420000,12.3(1.65 %),4830,58420000,0,0,1323044,25.28
14/04/2016,-29740,-356880000,12.1(-1.63 %),1800,21600000,31540,378480000,1321244,25.32
15/04/2016,6500,78700000,11.9(-1.65 %),6500,78700000,0,0,1321674,25.31
19/04/2016,18890,227850000,12(0.84 %),18890,227850000,0,0,1302784,25.65
20/04/2016,30,380000,12.3(2.50 %),30,380000,0,0,1334294,25.08
21/04/2016,0,0,12.8(4.07 %),0,0,0,0,1334294,25.08
22/04/2016,0,0,12.8(0.00 %),0,0,0,0,1334294,25.08
25/04/2016,-19000,-256500000,13.4(4.69 %),0,0,19000,256500000,1334294,25.08
26/04/2016,0,0,13.2(-1.49 %),0,0,0,0,1334294,25.08
27/04/2016,380,5180000,13.2(0.00 %),380,5180000,0,0,1333914,25.09
28/04/2016,1060,14670000,13.5(2.27 %),1060,14670000,0,0,1351854,24.77
29/04/2016,0,0,13.6(0.74 %),0,0,0,0,1351854,24.77
04/05/2016,17720,241870000,13.7(0.74 %),17720,241870000,0,0,1334134,25.08
05/05/2016,24580,332760000,13.6(-0.73 %),25580,346260000,1000,13500000,1308554,25.54
06/05/2016,10950,152060000,14.3(5.15 %),10950,152060000,0,0,1297604,25.74
09/05/2016,94760,1397080000,14.8(3.50 %),94760,1397080000,0,0,1202844,27.44
10/05/2016,23320,344950000,15.4(4.05 %),23320,344950000,0,0,1180524,27.84
11/05/2016,120,1830000,15(-2.60 %),120,1830000,0,0,1180404,27.84
12/05/2016,10370,156240000,15.2(1.33 %),10370,156240000,0,0,1170034,28.03
13/05/2016,9440,142350000,15.4(1.32 %),10440,157650000,1000,15300000,1159594,28.21
16/05/2016,20,310000,15.4(0.00 %),20,310000,0,0,1159574,28.21
17/05/2016,17620,266070000,15.2(-1.30 %),17620,266070000,0,0,1141954,28.53
18/05/2016,10520,158660000,16(5.26 %),12520,190360000,2000,31700000,1130434,28.74
19/05/2016,400,6380000,15.8(-1.25 %),510,8110000,110,1730000,1129924,28.74
20/05/2016,-1210,-19880000,16.3(3.16 %),140,2260000,1350,22140000,1129784,28.75
23/05/2016,-3990,-67430000,16.9(3.68 %),0,0,3990,67430000,1131784,28.71
24/05/2016,-38580,-665030000,17(0.59 %),0,0,38580,665030000,1131894,28.71
25/05/2016,0,0,17(0.00 %),0,0,0,0,1133244,28.69
26/05/2016,20,340000,16.8(-1.18 %),20,340000,0,0,1137219,28.61
27/05/2016,40,690000,17.2(2.38 %),40,690000,0,0,1175759,27.92
30/05/2016,0,0,17(-1.16 %),0,0,0,0,1175759,27.92
31/05/2016,0,0,17(0.00 %),0,0,0,0,1175759,27.92
01/06/2016,-1270,-21087000,16.9(-0.59 %),0,0,1270,21087000,1175759,27.92
02/06/2016,0,0,16.4(-2.96 %),0,0,0,0,1175759,27.92
03/06/2016,-1950,-32630000,16.8(2.44 %),20,330000,1970,32960000,1175739,27.92
06/06/2016,-570,-9970000,17.5(4.17 %),430,7330000,1000,17300000,1176579,27.91
07/06/2016,-1760,-31500000,17.2(-1.71 %),0,0,1760,31500000,1176579,27.91
08/06/2016,10,180000,17.5(1.74 %),10,180000,0,0,1178539,27.87
09/06/2016,30,530000,17.7(1.14 %),30,530000,0,0,1179509,27.86
10/06/2016,0,0,17.5(-1.13 %),0,0,0,0,1181269,27.82
13/06/2016,-930,-16180000,17.6(0.57 %),70,1220000,1000,17400000,1181199,27.83
14/06/2016,-34060,-612240000,17.9(1.70 %),0,0,34060,612240000,1181199,27.83
15/06/2016,0,0,17.6(-1.68 %),0,0,0,0,1181199,27.83
16/06/2016,0,0,17.5(-0.57 %),0,0,0,0,1182199,27.81
17/06/2016,15000,255000000,17.2(-1.71 %),15000,255000000,0,0,1201259,27.47
20/06/2016,6320,107440000,17.3(0.58 %),6320,107440000,0,0,1194939,27.58
21/06/2016,10,180000,17.9(3.47 %),10,180000,0,0,1194929,27.58
22/06/2016,0,0,17.4(-2.79 %),0,0,0,0,1194929,27.58
23/06/2016,-73380,-1362260000,18.6(6.90 %),2000,37200000,75380,1399460000,1192929,27.62
24/06/2016,-1650,-32640000,19.3(3.76 %),1090,20560000,2740,53200000,1191839,27.64
27/06/2016,-1500,-28800000,19.5(1.04 %),0,0,1500,28800000,1191839,27.64
28/06/2016,0,0,19(-2.56 %),0,0,0,0,1267226,26.28
29/06/2016,0,0,19.2(1.05 %),0,0,0,0,1269966,26.23
30/06/2016,0,0,19(-1.04 %),0,0,0,0,1271466,26.21
01/07/2016,-6500,-127950000,19.7(3.68 %),0,0,6500,127950000,1271466,26.21
04/07/2016,-30210,-619710000,20.7(5.08 %),70,1440000,30280,621150000,1271396,26.21
05/07/2016,-9180,-198710000,21.9(5.80 %),0,0,9180,198710000,1271396,26.21
06/07/2016,0,0,20.6(3.47 %),0,0,0,0,1277896,26.09
07/07/2016,400,8360000,20.4(-0.97 %),400,8360000,0,0,1307776,25.56
08/07/2016,-14990,-296300000,20.4(0.00 %),10,210000,15000,296510000,1316946,25.39
11/07/2016,-820,-16730000,19(-6.86 %),0,0,820,16730000,1316946,25.39
12/07/2016,3340,62490000,18.7(-1.58 %),4340,81190000,1000,18700000,1312615,25.47
13/07/2016,-5670,-107570000,18.6(-0.53 %),330,6230000,6000,113800000,1327285,25.21
14/07/2016,10,190000,18.6(0.00 %),10,190000,0,0,1328095,25.19
15/07/2016,7400,137510000,17.9(-3.76 %),8400,156110000,1000,18600000,1320695,25.33
18/07/2016,-950,-16700000,17.6(-1.68 %),50,900000,1000,17600000,1326645,25.22
19/07/2016,30,540000,18.2(3.41 %),30,540000,0,0,1326615,25.22
20/07/2016,-1460,-26790000,19.1(4.95 %),40,750000,1500,27540000,1327575,25.2
21/07/2016,10,190000,18.7(-2.09 %),10,190000,0,0,1328565,25.18
22/07/2016,10,190000,18.4(-1.60 %),10,190000,0,0,1328555,25.18
25/07/2016,50,930000,18.4(0.00 %),50,930000,0,0,1330005,25.16
26/07/2016,20,370000,18.1(-1.63 %),20,370000,0,0,1329985,25.16
27/07/2016,520,9520000,18.2(0.55 %),520,9520000,0,0,1329465,25.17
28/07/2016,1360,24760000,18.2(0.00 %),1360,24760000,0,0,1328105,25.19
29/07/2016,1250,22960000,18.4(1.10 %),1250,22960000,0,0,1326855,25.21
01/08/2016,3000,54950000,18.2(-1.09 %),3000,54950000,0,0,1323855,25.27
02/08/2016,3040,55010000,17.2(-5.49 %),3040,55010000,0,0,1320815,25.32
03/08/2016,3000,51000000,16.8(-2.33 %),3000,51000000,0,0,1317815,25.38
04/08/2016,1600,26080000,16.3(-2.98 %),1600,26080000,0,0,1447240,27.94
05/08/2016,7500,122250000,15.7(-3.68 %),7500,122250000,0,0,1439740,25.53
08/08/2016,11550,187950000,16.4(4.46 %),11550,187950000,0,0,1428190,25.72
09/08/2016,0,0,17.4(6.10 %),0,0,0,0,1428190,25.72
10/08/2016,3610,62100000,17.5(0.57 %),3610,62100000,0,0,1424580,25.78
11/08/2016,3600,63720000,17.7(1.14 %),3600,63720000,0,0,1420980,25.84
12/08/2016,4260,74620000,17.5(-1.13 %),4260,74620000,0,0,1416720,25.91
15/08/2016,3600,63670000,17.6(0.57 %),3600,63670000,0,0,1413120,25.97
16/08/2016,5130,91010000,17.8(1.14 %),5130,91010000,0,0,1407990,26.05
17/08/2016,21930,392550000,18.8(5.62 %),21930,392550000,0,0,1386060,26.41
18/08/2016,8000,148200000,18.3(-2.66 %),8600,159180000,600,10980000,1377460,26.55
19/08/2016,21780,398230000,18.7(2.19 %),21780,398230000,0,0,1355680,26.9
22/08/2016,60,1110000,18(-3.74 %),60,1110000,0,0,1355620,26.9
23/08/2016,7210,127620000,17.8(-1.11 %),7210,127620000,0,0,1349010,27.01
24/08/2016,3210,57220000,17.8(0.00 %),3610,64260000,400,7040000,1345403,27.07
25/08/2016,3600,64080000,17.8(0.00 %),3600,64080000,0,0,1341803,27.13
26/08/2016,6600,117120000,17.5(-1.69 %),6600,117120000,0,0,1335203,27.24
29/08/2016,3600,62280000,16.9(-3.43 %),3600,62280000,0,0,1332003,27.29
30/08/2016,3630,62080000,17(0.59 %),3630,62080000,0,0,1328373,27.35
31/08/2016,3690,63110000,17.2(1.18 %),3690,63110000,0,0,1324683,27.41
01/09/2016,6200,108510000,17.5(1.74 %),6200,108510000,0,0,1318483,27.51
05/09/2016,30,530000,17.5(0.00 %),30,530000,0,0,1318457,27.51
06/09/2016,6680,117060000,17.6(0.57 %),7210,126180000,530,9120000,1311247,27.63
07/09/2016,3620,62270000,17.6(0.00 %),3620,62270000,0,0,1307627,27.68
08/09/2016,3620,62990000,17.7(0.57 %),3620,62990000,0,0,1304007,27.74
09/09/2016,3680,64400000,17.4(-1.69 %),3680,64400000,0,0,1300857,27.8
12/09/2016,9840,168740000,17.3(-0.57 %),9840,168740000,0,0,1291017,27.96
13/09/2016,18850,319780000,17(-1.73 %),18850,319780000,0,0,1272167,28.26
14/09/2016,10020,168840000,17.1(0.59 %),10020,168840000,0,0,1262147,28.43
15/09/2016,12120,205840000,17(-0.58 %),12120,205840000,0,0,1250027,28.62
16/09/2016,2950,50150000,17(0.00 %),2950,50150000,0,0,1247077,28.67
19/09/2016,90,1560000,17.2(1.18 %),90,1560000,0,0,1246987,28.67
20/09/2016,0,0,17.2(0.00 %),0,0,0,0,1246987,28.67
21/09/2016,20,350000,17.1(-0.58 %),20,350000,0,0,1246967,28.67
22/09/2016,570,9810000,17.8(4.09 %),570,9810000,0,0,1246397,28.68
23/09/2016,20,370000,17.9(0.56 %),20,370000,0,0,1246377,28.68
26/09/2016,30,540000,17.5(-2.23 %),30,540000,0,0,1246347,28.68
27/09/2016,350,6200000,17.5(0.00 %),350,6200000,0,0,1245997,28.69
28/09/2016,230,4050000,17.7(1.14 %),230,4050000,0,0,1245767,28.69
29/09/2016,0,0,17.7(0.00 %),0,0,0,0,1245767,28.69
30/09/2016,0,0,18.5(4.52 %),0,0,0,0,1245767,28.69
03/10/2016,990,18560000,18.8(1.62 %),1000,18750000,10,190000,1244767,28.71
04/10/2016,0,0,18.8(0.00 %),0,0,0,0,1244767,28.71
05/10/2016,0,0,18.65(-0.80 %),0,0,0,0,1244767,28.71
06/10/2016,20,380000,18.5(-0.80 %),20,380000,0,0,1244757,28.71
07/10/2016,0,0,19.3(4.32 %),0,0,0,0,1244757,28.71
10/10/2016,10,200000,19(-1.55 %),10,200000,0,0,1244755,28.71
11/10/2016,140,2570000,18.9(-0.53 %),140,2570000,0,0,1244615,28.71
12/10/2016,4170,75350000,18(-4.76 %),4170,75350000,0,0,1240445,28.78
13/10/2016,60,1070000,17.7(-1.67 %),60,1070000,0,0,1240385,28.78
14/10/2016,10,180000,17.8(0.56 %),10,180000,0,0,1240375,28.78
17/10/2016,40,730000,17.6(-1.12 %),40,730000,0,0,1240335,28.78
18/10/2016,20,350000,17.3(-1.70 %),20,350000,0,0,1240315,28.78
19/10/2016,0,0,17.3(0.00 %),0,0,0,0,1240315,28.78
20/10/2016,3020,52740000,17.2(-0.58 %),3020,52740000,0,0,1237295,28.83
21/10/2016,30,510000,16.5(-4.07 %),30,510000,0,0,1237265,28.83
24/10/2016,0,0,15.95(-3.33 %),0,0,0,0,1237265,28.83
25/10/2016,510,8110000,16.4(2.82 %),510,8110000,0,0,1236755,28.84
26/10/2016,5650,92520000,16.3(-0.61 %),6800,110920000,1150,18400000,1229955,28.95
27/10/2016,40,650000,16(-1.84 %),40,650000,0,0,1229915,28.95
28/10/2016,5070,81140000,16.2(1.25 %),5070,81140000,0,0,1224845,29.03
31/10/2016,10,160000,16.1(-0.62 %),10,160000,0,0,1225985,29.02
01/11/2016,-9120,-143430000,15.7(-2.48 %),380,5930000,9500,149360000,1225605,29.02
02/11/2016,10,160000,15.1(-3.82 %),10,160000,0,0,1225595,29.02
03/11/2016,44640,673500000,15.15(0.33 %),45140,681100000,500,7600000,1180456,29.76
04/11/2016,5580,84540000,15.5(2.31 %),5580,84540000,0,0,1184376,29.69
07/11/2016,20,310000,15.25(-1.61 %),20,310000,0,0,1184356,29.69
08/11/2016,-110,-1670000,15.1(-0.98 %),0,0,110,1670000,1184856,29.69
09/11/2016,50,760000,14.7(-2.65 %),50,760000,0,0,1184806,29.69
10/11/2016,10,150000,15.5(5.44 %),10,150000,0,0,1184796,29.69
11/11/2016,-1150,-16590000,15.3(-1.29 %),850,13050000,2000,29640000,1184056,29.7
14/11/2016,610,9300000,15.1(-1.31 %),610,9300000,0,0,1183446,29.71
15/11/2016,1200,18000000,15(-0.66 %),1200,18000000,0,0,1182246,29.73
16/11/2016,0,0,14.85(-1.00 %),0,0,0,0,1184246,29.7
17/11/2016,2380,35500000,14.8(-0.34 %),2380,35500000,0,0,1181866,29.73
18/11/2016,10,150000,14.6(-1.35 %),10,150000,0,0,1181856,29.74
21/11/2016,40,620000,14.8(1.37 %),40,620000,0,0,1181816,29.74
22/11/2016,3850,56980000,15.2(2.70 %),3850,56980000,0,0,1177966,29.8
23/11/2016,980,14520000,14.8(-2.63 %),980,14520000,0,0,1176986,29.81
24/11/2016,100,1500000,14.95(1.01 %),100,1500000,0,0,1176886,29.82
25/11/2016,10,150000,14.1(-5.69 %),10,150000,0,0,1176876,29.82
28/11/2016,120,1680000,13.15(-6.74 %),120,1680000,0,0,1176756,29.82
29/11/2016,37940,499330000,13.1(-0.38 %),37960,499600000,20,270000,1138796,30.44
30/11/2016,20200,270100000,13.9(6.11 %),20980,280400000,780,10300000,1117816,30.78
01/12/2016,6740,87740000,13.3(-4.32 %),6740,87740000,0,0,1111076,30.89
02/12/2016,1330,16810000,13.3(0.00 %),1330,16810000,0,0,1109766,30.91
05/12/2016,1560,20780000,13.4(0.75 %),1560,20780000,0,0,1108986,30.92
06/12/2016,50,650000,13(-2.99 %),50,650000,0,0,1108936,30.92
07/12/2016,810,10730000,13.3(2.31 %),810,10730000,0,0,1108126,30.94
08/12/2016,0,0,12.8(-3.76 %),0,0,0,0,1108126,30.94
09/12/2016,5010,65130000,12.05(-5.86 %),5010,65130000,0,0,1103116,31.02
12/12/2016,20,240000,11.25(-6.64 %),20,240000,0,0,1103096,31.02
13/12/2016,34650,365540000,10.5(-6.67 %),34650,365540000,0,0,1068454,31.58
14/12/2016,29490,301790000,11.2(6.67 %),29490,301790000,0,0,1038964,32.06
15/12/2016,10,120000,11.95(6.70 %),10,120000,0,0,1038954,32.06
16/12/2016,420,4870000,11.6(-2.93 %),420,4870000,0,0,1035704,32.12
19/12/2016,1810,20770000,11.6(0.00 %),1810,20770000,0,0,1036724,32.1
20/12/2016,1050,11660000,10.8(-6.90 %),1050,11660000,0,0,1035674,32.12
21/12/2016,8320,89940000,11(1.85 %),8340,90160000,20,220000,1027334,32.25
22/12/2016,13640,150370000,11(0.00 %),13640,150370000,0,0,1013694,32.48
23/12/2016,33010,356510000,10.8(-1.82 %),33010,356510000,0,0,980684,33.01
26/12/2016,7330,79170000,10.4(-3.70 %),9130,98610000,1800,19440000,971524,33.16
27/12/2016,50,530000,10.8(3.85 %),50,530000,0,0,971524,33.16
28/12/2016,10,110000,10.8(0.00 %),10,110000,0,0,971514,33.16
29/12/2016,10100,106910000,10.55(-2.31 %),10100,106910000,0,0,963214,33.3
30/12/2016,9190,97060000,10.6(0.47 %),9190,97060000,0,0,954024,33.45
03/01/2017,790,8380000,10.45(-1.42 %),790,8380000,0,0,953234,33.46
04/01/2017,0,0,10.4(-0.48 %),0,0,0,0,953234,33.46
05/01/2017,-2470,-25690000,10.4(0.00 %),30,310000,2500,26000000,953204,33.46
06/01/2017,700,7420000,10.5(0.96 %),700,7420000,0,0,952504,33.47
09/01/2017,8880,93250000,10.6(0.95 %),8880,93250000,0,0,943624,33.62
10/01/2017,10170,106790000,10.8(1.89 %),10170,106790000,0,0,935954,33.74
11/01/2017,2020,22820000,11.55(6.94 %),2020,22820000,0,0,933934,33.78
12/01/2017,2000,23950000,12.2(5.63 %),2000,23950000,0,0,931934,33.81
13/01/2017,11830,144430000,12.2(0.00 %),11830,144430000,0,0,920104,34.0
16/01/2017,20,240000,11.75(-3.69 %),20,240000,0,0,920084,34.0
17/01/2017,8220,95060000,11.65(-0.85 %),8220,95060000,0,0,911864,34.14
18/01/2017,270,3140000,10.9(-6.44 %),270,3140000,0,0,911594,34.14
19/01/2017,15010,152350000,10.55(-3.21 %),15010,152350000,0,0,896584,34.39
20/01/2017,2010,21300000,10.4(-1.42 %),2010,21300000,0,0,894574,34.42
23/01/2017,29990,302900000,10.2(-1.92 %),30000,303000000,10,100000,864574,34.91
24/01/2017,10640,109820000,10.35(1.47 %),10640,109820000,0,0,853934,35.08
25/01/2017,30,320000,10.9(5.31 %),30,320000,0,0,853904,35.08
02/02/2017,-290,-3190000,10.6(-2.75 %),1710,18810000,2000,22000000,852204,35.11
03/02/2017,-22680,-237890000,10.8(1.89 %),6320,66990000,29000,304880000,845884,35.21
06/02/2017,-2910,-31220000,10.5(-2.78 %),90,950000,3000,32170000,845794,35.21
07/02/2017,5790,61970000,10.85(3.33 %),5790,61970000,0,0,842004,35.27
08/02/2017,10,110000,10.85(0.00 %),10,110000,0,0,870994,34.8
09/02/2017,5500,59680000,10.6(-2.30 %),5500,59680000,0,0,868494,34.84
10/02/2017,10,110000,10.6(0.00 %),10,110000,0,0,868484,34.84
13/02/2017,20,220000,10.7(0.94 %),20,220000,0,0,868464,34.84
14/02/2017,30,320000,10.65(-0.47 %),30,320000,0,0,868434,34.84
15/02/2017,-10,-100000,10.5(-1.41 %),0,0,10,100000,868434,34.84
16/02/2017,1000,10350000,10.3(-1.90 %),1000,10350000,0,0,867434,34.86
17/02/2017,-35270,-355300000,9.9(-3.88 %),10000,100000000,45270,455300000,857434,35.02
20/02/2017,2770,39380000,10.5(6.06 %),26070,273580000,23300,234200000,831374,35.45
21/02/2017,4410,44940000,10.3(-1.90 %),14410,148100000,10000,103160000,816970,35.68
22/02/2017,22530,232560000,10.35(0.49 %),23530,242860000,1000,10300000,838710,35.33
23/02/2017,15210,156250000,10.3(-0.48 %),16210,166650000,1000,10400000,845800,35.21
24/02/2017,5730,60200000,10.15(-1.46 %),5730,60200000,0,0,850070,35.14
27/02/2017,6630,68570000,10.5(3.45 %),7630,78970000,1000,10400000,809250,35.81
28/02/2017,14200,150580000,10.4(-0.95 %),15200,161080000,1000,10500000,829240,35.48
01/03/2017,18990,198510000,10.5(0.96 %),19990,208910000,1000,10400000,809250,35.81
02/03/2017,4440,45070000,10.5(0.00 %),4440,45070000,0,0,805810,35.86
03/03/2017,6130,62230000,10(-4.76 %),6130,62230000,0,0,800680,35.95
06/03/2017,1520,15850000,10.25(2.50 %),1520,15850000,0,0,800160,35.96
07/03/2017,940,9820000,10.45(1.95 %),940,9820000,0,0,799220,35.97
08/03/2017,9580,97120000,10.45(0.00 %),9580,97120000,0,0,789640,36.13
09/03/2017,0,0,10.4(-0.48 %),0,0,0,0,789640,36.13
10/03/2017,10000,101390000,10.05(-3.37 %),10000,101390000,0,0,779640,36.29
13/03/2017,11820,118620000,10.3(2.49 %),11820,118620000,0,0,767820,36.48
14/03/2017,10,100000,10.2(-0.97 %),10,100000,0,0,767810,36.48
15/03/2017,-5350,-54030000,10.4(1.96 %),30,310000,5380,54340000,767780,36.48
16/03/2017,110,1140000,10.35(-0.48 %),110,1140000,0,0,767670,36.49
17/03/2017,24170,247820000,10.35(0.00 %),24170,247820000,0,0,767670,36.49
20/03/2017,910,9370000,10.3(-0.48 %),910,9370000,0,0,767670,36.49
21/03/2017,0,10000,10.2(-0.97 %),20,210000,20,200000,767670,36.49
22/03/2017,2230,23340000,10.3(0.98 %),2230,23340000,0,0,767670,36.49
23/03/2017,2040,21010000,10.3(0.00 %),2040,21010000,0,0,767670,36.49
24/03/2017,1170,11880000,10.35(0.49 %),1170,11880000,0,0,767670,36.49
27/03/2017,-12590,-131310000,10.35(0.00 %),10,100000,12600,131410000,767670,36.49
28/03/2017,-10180,-106490000,11.05(6.76 %),10,110000,10190,106600000,767670,36.49
29/03/2017,-21500,-251700000,11.8(6.79 %),0,0,21500,251700000,767670,36.49
30/03/2017,-10000,-119000000,11.8(0.00 %),0,0,10000,119000000,767670,36.49
31/03/2017,390,4470000,11.15(-5.51 %),390,4470000,0,0,767670,36.49
03/04/2017,40,450000,11.35(1.79 %),40,450000,0,0,786370,36.18
04/04/2017,-2470,-27410000,10.8(-4.85 %),30,340000,2500,27750000,796340,36.02
05/04/2017,-1650,-17430000,10.95(1.39 %),1600,17520000,3250,34950000,794740,36.05
07/04/2017,3350,36510000,10.9(-0.46 %),3520,38370000,170,1860000,791220,36.1
10/04/2017,-19980,-211780000,11.1(1.83 %),20,220000,20000,212000000,793700,36.06
11/04/2017,-20000,-220000000,11.2(0.90 %),0,0,20000,220000000,796950,36.01
12/04/2017,-8030,-91630000,11.4(1.79 %),60,690000,8090,92320000,797060,36.01
13/04/2017,3580,39680000,10.8(-5.26 %),3860,42870000,280,3190000,813200,35.74
14/04/2017,30,330000,10.9(0.93 %),30,330000,0,0,833170,35.42
17/04/2017,-1180,-12860000,10.6(-2.75 %),20,220000,1200,13080000,841240,35.29
18/04/2017,10,110000,10.7(0.94 %),10,110000,0,0,841510,35.28
19/04/2017,2120,23110000,11(2.80 %),2120,23110000,0,0,839390,35.32
20/04/2017,0,0,10.9(-0.91 %),0,0,0,0,840590,35.3
21/04/2017,120,1300000,10.8(-0.92 %),120,1300000,0,0,840470,35.3
24/04/2017,20,220000,11(1.85 %),20,220000,0,0,840450,35.3
25/04/2017,4900,54130000,11.2(1.82 %),4900,54130000,0,0,835550,35.38
26/04/2017,960,10610000,11(-1.79 %),960,10610000,0,0,834590,35.4
27/04/2017,6660,74050000,11.2(1.82 %),6660,74050000,0,0,827930,35.5
28/04/2017,1010,11260000,11.2(0.00 %),1010,11260000,0,0,826920,35.52
03/05/2017,3610,39540000,11.2(0.00 %),3610,39540000,0,0,823310,35.58
04/05/2017,9170,100820000,11.1(-0.89 %),9170,100820000,0,0,814140,35.73
05/05/2017,0,0,11(-0.90 %),0,0,0,0,814140,35.73
08/05/2017,10,110000,10.9(-0.91 %),10,110000,0,0,814130,35.73
09/05/2017,4910,54660000,11(0.92 %),4910,54660000,0,0,3937955,35.81
10/05/2017,2020,22020000,11(0.00 %),2020,22020000,0,0,3935935,35.84
11/05/2017,0,0,10.95(-0.45 %),0,0,0,0,3935935,35.84
12/05/2017,-520,-5600000,11(0.46 %),80,880000,600,6480000,3935855,35.84
15/05/2017,-1110,-11980000,11(0.00 %),40,440000,1150,12420000,3935815,35.84
16/05/2017,-60,-650000,10.95(-0.45 %),40,440000,100,1090000,3935775,35.84
17/05/2017,0,0,11.1(1.37 %),0,0,0,0,3936375,35.84
18/05/2017,0,0,11.2(0.90 %),0,0,0,0,3937525,35.82
19/05/2017,5180,57500000,11.4(1.79 %),5180,57500000,0,0,3932445,35.9
22/05/2017,270,3090000,11.3(-0.88 %),270,3090000,0,0,3932175,35.9
23/05/2017,0,0,10.9(-3.54 %),0,0,0,0,3932175,35.9
24/05/2017,2000,21800000,11.15(2.29 %),2000,21800000,0,0,3930175,35.94
25/05/2017,2980,33830000,11.15(0.00 %),9550,106480000,6570,72650000,3920625,36.09
26/05/2017,-10,-110000,11.1(-0.45 %),0,0,10,110000,3920625,36.09
29/05/2017,-4830,-53630000,11.05(-0.45 %),170,1870000,5000,55500000,3920455,36.09
30/05/2017,-10470,-113920000,10.8(-2.26 %),520,5640000,10990,119560000,3926505,36.0
31/05/2017,-2160,-24100000,11.4(5.56 %),2560,29240000,4720,53340000,3923955,36.04
01/06/2017,120,1400000,12.15(6.58 %),120,1400000,0,0,3928841,35.96
02/06/2017,-2090,-26960000,12.85(5.76 %),10,130000,2100,27090000,3939828,35.78
05/06/2017,-2850,-36640000,12.5(-2.72 %),50,630000,2900,37270000,3944498,35.7
06/06/2017,850,10520000,12.4(-0.80 %),850,10520000,0,0,3943648,35.72
07/06/2017,0,0,12.2(-1.61 %),0,0,0,0,3945748,35.68
08/06/2017,-5000,-62500000,12.4(1.64 %),0,0,5000,62500000,3948648,35.63
09/06/2017,0,0,12.4(0.00 %),0,0,0,0,3948648,35.63
12/06/2017,580,7280000,12.6(1.61 %),580,7280000,0,0,3948068,35.64
13/06/2017,230,2550000,11(-3.51 %),230,2550000,0,0,3952838,35.57
14/06/2017,30,330000,10.65(-3.18 %),30,330000,0,0,3952808,35.57
15/06/2017,230,2450000,10.7(0.47 %),230,2450000,0,0,3952578,35.57
16/06/2017,7780,83150000,10.65(-0.47 %),7780,83150000,0,0,3944798,35.7
19/06/2017,320,3440000,10.6(-0.47 %),320,3440000,0,0,3944478,35.7
20/06/2017,-590,-6190000,10.5(-0.94 %),10,110000,600,6300000,3944468,35.7
21/06/2017,0,0,10.25(-2.38 %),0,0,0,0,3944468,35.7
22/06/2017,530,5440000,10.25(0.00 %),530,5440000,0,0,3943938,35.71
23/06/2017,30,310000,10.3(0.49 %),30,310000,0,0,3944508,35.7
26/06/2017,120,1240000,10.3(0.00 %),120,1240000,0,0,3944388,35.7
27/06/2017,-13580,-135190000,10.2(-0.97 %),2330,23240000,15910,158430000,3941918,35.74
28/06/2017,140,1420000,10.2(0.00 %),140,1420000,0,0,3941918,35.74
29/06/2017,1120,11220000,10.2(0.00 %),1120,11220000,0,0,3940798,35.76
30/06/2017,2770,27880000,10.2(0.00 %),7770,78880000,5000,51000000,3948938,35.63
03/07/2017,270,2760000,10.3(0.98 %),270,2760000,0,0,3948668,35.63
04/07/2017,2060,21220000,10(-2.91 %),2060,21220000,0,0,3946608,35.67
05/07/2017,1060,10950000,10.35(3.50 %),1060,10950000,0,0,3950548,35.6
06/07/2017,5160,52140000,10.2(-1.45 %),5160,52140000,0,0,3945388,35.69
07/07/2017,11610,120550000,10.2(0.00 %),11610,120550000,0,0,3933778,35.88
10/07/2017,-760,-7680000,10.1(-0.98 %),10,100000,770,7780000,3933758,35.88
11/07/2017,-4990,-50400000,10.1(0.00 %),10,100000,5000,50500000,3933758,35.88
12/07/2017,-520,-5270000,10.1(0.00 %),3000,30300000,3520,35570000,3930758,35.93
13/07/2017,-760,-7590000,10(-0.99 %),40,410000,800,8000000,3931488,35.91
14/07/2017,10220,104090000,10.4(4.00 %),10220,104090000,0,0,3926268,36.0
17/07/2017,0,0,10.2(-1.92 %),0,0,0,0,3929788,35.94
18/07/2017,110,1120000,10.1(-0.98 %),110,1120000,0,0,3930478,35.93
19/07/2017,50,510000,10.25(1.49 %),50,510000,0,0,3930428,35.93
20/07/2017,720,7380000,10.25(0.00 %),720,7380000,0,0,3929708,35.94
21/07/2017,20330,215890000,10.8(5.37 %),20330,215890000,0,0,3909379,36.28
24/07/2017,20320,214020000,10.8(0.00 %),20320,214020000,0,0,3889059,36.61
25/07/2017,31370,320660000,10.7(-0.93 %),31370,320660000,0,0,3857689,37.12
26/07/2017,4990,51050000,10.5(-1.87 %),4990,51050000,0,0,3838389,37.43
27/07/2017,14310,145760000,10.45(-0.48 %),14310,145760000,0,0,3838389,37.43
28/07/2017,32960,345920000,10.85(3.83 %),33670,353330000,710,7410000,3804719,37.98
31/07/2017,35980,391000000,10.85(0.00 %),35980,391000000,0,0,3768739,38.57
01/08/2017,27470,300080000,11.1(2.30 %),27470,300080000,0,0,3741269,39.02
02/08/2017,17670,199730000,11.4(2.70 %),40480,457750000,22810,258020000,3701499,39.66
03/08/2017,29510,332420000,11.5(0.88 %),29550,332880000,40,460000,3671950,40.15
04/08/2017,2000,23110000,11.6(0.87 %),2000,23110000,0,0,3669950,40.18
07/08/2017,36120,408620000,11.5(-0.86 %),36120,408620000,0,0,3656640,40.39
08/08/2017,19510,222610000,11.4(-0.87 %),35520,402920000,16010,180310000,3621160,40.97
09/08/2017,12540,144050000,11.55(1.32 %),12580,144510000,40,460000,3608580,41.18
10/08/2017,16540,188840000,11.2(-3.03 %),16540,188840000,0,0,3592040,41.45
11/08/2017,18880,214010000,11.5(2.68 %),18880,214010000,0,0,3589170,41.49
14/08/2017,14760,163960000,11.5(0.00 %),14760,163960000,0,0,3574450,41.73
15/08/2017,-11630,-127740000,11.5(0.00 %),1630,18760000,13260,146500000,3572820,41.76
16/08/2017,8580,96200000,11(-4.35 %),9730,108850000,1150,12650000,3563090,41.92
17/08/2017,13230,145560000,11.2(1.82 %),13230,145560000,0,0,3549860,42.14
18/08/2017,36720,405860000,11.5(2.68 %),36720,405860000,0,0,3526400,42.52
21/08/2017,200,2240000,11.3(-1.74 %),200,2240000,0,0,3527355,42.5
22/08/2017,30,340000,11.3(0.00 %),30,340000,0,0,3527325,42.5
23/08/2017,480,5450000,11.3(0.00 %),540,6100000,60,650000,3526785,42.51
24/08/2017,30,340000,11.3(0.00 %),30,340000,0,0,3526755,42.51
25/08/2017,1180,13330000,11.3(0.00 %),1180,13330000,0,0,3525575,42.53
28/08/2017,0,0,11.3(0.00 %),0,0,0,0,3525635,42.53
29/08/2017,350,3920000,11.2(-0.88 %),350,3920000,0,0,3525285,42.54
30/08/2017,5970,65570000,10.9(-2.68 %),5970,65570000,0,0,3519315,42.63
31/08/2017,2040,22650000,11.1(1.83 %),2040,22650000,0,0,3517275,42.67
01/09/2017,0,0,11.1(0.00 %),0,0,0,0,3517275,42.67
05/09/2017,5000,54500000,11(-0.90 %),5000,54500000,0,0,3512275,42.75
06/09/2017,5240,57140000,11.1(0.91 %),5240,57140000,0,0,3507035,42.83
07/09/2017,100,1100000,11(-0.90 %),100,1100000,0,0,3506935,42.84
08/09/2017,11620,126660000,11(0.00 %),11620,126660000,0,0,3495315,43.02
11/09/2017,10,110000,11(0.00 %),10,110000,0,0,3495305,43.02
12/09/2017,20,220000,10.9(-0.91 %),20,220000,0,0,3495285,43.03
13/09/2017,5000,54500000,10.9(0.00 %),5000,54500000,0,0,3490285,43.11
14/09/2017,600,6430000,11(0.92 %),600,6430000,0,0,3489687,43.12
15/09/2017,-330,-3530000,10.7(-2.73 %),4420,47290000,4750,50820000,3485267,43.19
18/09/2017,1340,14710000,11(2.80 %),1340,14710000,0,0,3483927,43.21
19/09/2017,4920,54120000,11(0.00 %),4920,54120000,0,0,3479007,43.29
20/09/2017,-4320,-46190000,11(0.00 %),120,1320000,4440,47510000,3483637,43.21
21/09/2017,-800,-8550000,11(0.00 %),7630,81650000,8430,90200000,3476007,43.34
22/09/2017,4720,52840000,11.2(1.82 %),4720,52840000,0,0,3471287,43.42
25/09/2017,2990,32970000,11.3(0.89 %),2990,32970000,0,0,3472737,43.39
26/09/2017,230,2560000,11.2(-0.88 %),240,2670000,10,110000,3480927,43.26
27/09/2017,-16940,-182260000,10.65(-4.91 %),60,660000,17000,182920000,3480867,43.26
28/09/2017,30,330000,11(3.29 %),30,330000,0,0,3480837,43.26
29/09/2017,9090,100470000,11.15(1.36 %),9090,100470000,0,0,3471757,43.41
02/10/2017,70,780000,11.1(-0.45 %),70,780000,0,0,3488687,43.13
03/10/2017,510,5560000,11(-0.90 %),510,5560000,0,0,3488177,43.14
04/10/2017,0,0,11(0.00 %),0,0,0,0,3488177,43.14
05/10/2017,0,0,11(0.00 %),0,0,0,0,3488177,43.14
06/10/2017,0,0,11(0.00 %),0,0,0,0,3488177,43.14
09/10/2017,6410,71150000,11.1(0.91 %),6410,71150000,0,0,3481767,43.25
10/10/2017,30,340000,11.1(0.00 %),30,340000,0,0,3481737,43.25
11/10/2017,200,2160000,10.9(-1.80 %),220,2380000,20,220000,3481517,43.25
12/10/2017,30,330000,11(0.92 %),30,330000,0,0,3481487,43.25
13/10/2017,20,220000,10.9(-0.91 %),20,220000,0,0,3481467,43.25
16/10/2017,5520,61260000,11.1(1.83 %),5520,61260000,0,0,3475967,43.34
17/10/2017,-11010,-122360000,11.2(0.90 %),90,1000000,11100,123360000,3475877,43.34
18/10/2017,-12190,-143850000,11.8(5.36 %),50,580000,12240,144430000,3475827,43.34
19/10/2017,-1860,-21760000,11.7(-0.85 %),140,1640000,2000,23400000,3475687,43.34
20/10/2017,110,1280000,11.65(-0.43 %),110,1280000,0,0,3486677,43.17
23/10/2017,-3190,-35290000,11.5(-1.29 %),6520,74290000,9710,109580000,3492397,43.07
24/10/2017,-18580,-209700000,11.5(0.00 %),10610,121990000,29190,331690000,3483787,43.21
25/10/2017,10060,114700000,11.5(0.00 %),10060,114700000,0,0,3473727,43.38
26/10/2017,-410,-3650000,11.4(-0.87 %),16150,184620000,16560,188270000,3467287,43.48
27/10/2017,-1190,-12640000,11.3(-0.88 %),3020,34430000,4210,47070000,3493457,43.05
30/10/2017,40,450000,11.3(0.00 %),40,450000,0,0,3493417,43.06
31/10/2017,5950,68240000,11.8(4.42 %),5950,68240000,0,0,3504027,42.88
01/11/2017,10,120000,11.4(-3.39 %),10,120000,0,0,3508227,42.81
02/11/2017,-250,-2840000,11.4(0.00 %),30,350000,280,3190000,3508197,42.81
03/11/2017,60,680000,11.3(-0.88 %),60,680000,0,0,3508137,42.82
06/11/2017,-4190,-47230000,11.4(0.88 %),1450,16310000,5640,63540000,3506687,42.84
07/11/2017,-380,-4040000,11.05(-3.07 %),1710,19080000,2090,23120000,3505257,42.86
08/11/2017,4730,52190000,11.3(2.26 %),7390,81610000,2660,29420000,3497867,42.98
09/11/2017,-1570,-16850000,11(-2.65 %),2010,22700000,3580,39550000,3501497,42.92
10/11/2017,-7420,-80110000,11(0.00 %),6620,72850000,14040,152960000,3496967,43.0
13/11/2017,-1940,-21330000,11.1(0.91 %),530,5890000,2470,27220000,3499097,42.96
14/11/2017,-6430,-69690000,11(-0.90 %),490,5410000,6920,75100000,3502187,42.91
15/11/2017,520,5820000,11.2(1.82 %),520,5820000,0,0,3515707,42.69
16/11/2017,-20550,-225090000,11(-1.79 %),20,220000,20570,225310000,3518157,42.65
17/11/2017,30,340000,11.2(1.82 %),30,340000,0,0,3525047,42.54
20/11/2017,-1760,-19050000,10.75(-4.02 %),20,220000,1780,19270000,3525027,42.54
21/11/2017,40,440000,11.1(3.26 %),40,440000,0,0,3545557,42.21
22/11/2017,20,220000,11(-0.90 %),20,220000,0,0,3545537,42.21
23/11/2017,110,1200000,11(0.00 %),110,1200000,0,0,3547207,42.18
24/11/2017,-6510,-71610000,10.95(-0.45 %),0,0,6510,71610000,3547207,42.18
27/11/2017,-680,-7270000,11(0.46 %),1320,14330000,2000,21600000,3545887,42.2
28/11/2017,-100,-1100000,11(0.00 %),100,1100000,200,2200000,3545787,42.2
29/11/2017,1150,12500000,11(0.00 %),1150,12500000,0,0,3551147,42.11
30/11/2017,10430,114120000,11.35(3.18 %),10430,114120000,0,0,3542717,42.25
01/12/2017,10,110000,11.35(0.00 %),10,110000,0,0,3542907,42.25
04/12/2017,0,0,11(-3.08 %),0,0,0,0,3542907,42.25
05/12/2017,600,6600000,11.1(0.91 %),600,6600000,0,0,3542307,42.26
06/12/2017,0,0,11.05(-0.45 %),0,0,0,0,3542307,42.26
07/12/2017,-20,-220000,11(-0.45 %),0,0,20,220000,3542307,42.26
08/12/2017,610,6590000,11(0.00 %),610,6590000,0,0,3541697,42.27
11/12/2017,20,220000,10.9(-0.91 %),20,220000,0,0,3541677,42.27
12/12/2017,0,0,10.9(0.00 %),0,0,0,0,3541697,42.27
13/12/2017,-15240,-161400000,10.8(-0.92 %),660,6890000,15900,168290000,3541037,42.28
14/12/2017,70,760000,10.9(0.93 %),70,760000,0,0,3540967,42.28
15/12/2017,0,0,10.8(-0.92 %),0,0,0,0,3540967,42.28
18/12/2017,-9960,-104570000,10.8(0.00 %),20,220000,9980,104790000,3556847,42.02
19/12/2017,20,220000,11(1.85 %),20,220000,0,0,3556827,42.02
20/12/2017,0,0,10.9(-0.91 %),0,0,0,0,3556827,42.02
21/12/2017,10,110000,11(0.92 %),10,110000,0,0,3566797,41.86
22/12/2017,970,10480000,11(0.00 %),970,10480000,0,0,3565827,41.88
25/12/2017,0,0,11(0.00 %),0,0,0,0,3565827,41.88
26/12/2017,0,0,11(0.00 %),0,0,0,0,3565827,41.88
27/12/2017,20,220000,11(0.00 %),20,220000,0,0,3565807,41.88
28/12/2017,570,6210000,10.9(-0.91 %),570,6210000,0,0,3565237,41.88
29/12/2017,6040,66440000,11(0.92 %),6040,66440000,0,0,3559197,41.98
02/01/2018,40,440000,10.9(-0.91 %),40,440000,0,0,3559157,41.98
03/01/2018,-220,-2400000,10.9(0.00 %),10,110000,230,2510000,3559147,41.98
04/01/2018,680,7540000,11.3(3.67 %),680,7540000,0,0,3558467,42.0
05/01/2018,-2100,-22830000,11.1(-1.77 %),600,6680000,2700,29510000,3557867,42.0
08/01/2018,110,1230000,11.2(0.90 %),110,1230000,0,0,3557987,42.0
09/01/2018,-2430,-26220000,10.9(-2.68 %),70,780000,2500,27000000,3557917,42.0
10/01/2018,-2570,-28010000,10.9(0.00 %),30,330000,2600,28340000,3560587,41.96
11/01/2018,-15740,-173570000,10.9(0.00 %),30,330000,15770,173900000,3560557,41.96
12/01/2018,100,1110000,11.1(1.83 %),100,1110000,0,0,3562957,41.92
15/01/2018,20,220000,11.1(0.00 %),20,220000,0,0,3565537,41.88
16/01/2018,20,220000,11(-0.90 %),20,220000,0,0,3581287,41.62
17/01/2018,30,330000,11(0.00 %),30,330000,0,0,3581257,41.62
18/01/2018,5240,55820000,11(0.00 %),5240,55820000,0,0,3576017,41.71
19/01/2018,3810,42350000,11.15(1.36 %),3810,42350000,0,0,3572207,41.77
22/01/2018,20,220000,11(-1.35 %),20,220000,0,0,3572187,41.77
25/01/2018,100,1110000,11.1(0.91 %),100,1110000,0,0,3572088,41.77
26/01/2018,-10270,-113120000,11(-0.90 %),20,220000,10290,113340000,3572068,41.77
29/01/2018,-2870,-31560000,11.3(2.73 %),30,340000,2900,31900000,3572038,41.77
30/01/2018,51960,599110000,11.6(2.65 %),51960,599110000,0,0,3520078,42.62
31/01/2018,34090,401030000,11.6(0.00 %),34290,403400000,200,2370000,3496078,43.01
01/02/2018,-350,-4100000,11.6(0.00 %),270,3150000,620,7250000,3498708,42.97
02/02/2018,-970,-10840000,11.6(0.00 %),1030,11760000,2000,22600000,3497678,42.99
05/02/2018,3450,38920000,11.4(-1.72 %),3450,38920000,0,0,3494428,43.04
06/02/2018,5240,56570000,11.4(0.00 %),5840,63010000,600,6440000,3489208,43.12
07/02/2018,10,120000,11.4(0.00 %),10,120000,0,0,3491198,43.09
08/02/2018,640,7300000,11.4(0.00 %),640,7300000,0,0,3490558,43.1
09/02/2018,-1560,-17490000,11.3(-0.88 %),820,9290000,2380,26780000,3490338,43.11
12/02/2018,2150,24090000,11.5(1.77 %),2150,24090000,0,0,3488188,43.14
13/02/2018,4010,44710000,11.15(-3.04 %),4010,44710000,0,0,3484178,43.21
21/02/2018,1230,13870000,11.25(0.90 %),1230,13870000,0,0,3485328,43.19
22/02/2018,8950,99540000,11.1(-1.33 %),18950,209540000,10000,110000000,3466378,43.5
23/02/2018,1020,11420000,11.2(0.90 %),1020,11420000,0,0,3465363,43.51
26/02/2018,6140,69400000,11.35(1.34 %),6140,69400000,0,0,3459223,43.61
27/02/2018,20,230000,11.25(-0.88 %),20,230000,0,0,3469203,43.45
28/02/2018,550,6170000,11.2(-0.44 %),550,6170000,0,0,3468653,43.46
01/03/2018,200,2240000,11.25(0.45 %),200,2240000,0,0,3468453,43.46
02/03/2018,-970,-10760000,11.2(-0.44 %),30,340000,1000,11100000,3468423,43.46
05/03/2018,-560,-6220000,11.2(0.00 %),0,0,560,6220000,3468423,43.46
06/03/2018,7630,86330000,11.3(0.89 %),7630,86330000,0,0,3460793,43.59
07/03/2018,1010,11350000,11.3(0.00 %),1030,11570000,20,220000,3460763,43.59
08/03/2018,2210,25130000,11.4(0.88 %),4210,47930000,2000,22800000,3457113,43.65
09/03/2018,320,3680000,11.5(0.88 %),320,3680000,0,0,3456793,43.65
12/03/2018,350,4070000,11.6(0.87 %),370,4300000,20,230000,3456443,43.66
13/03/2018,730,8400000,11.5(-0.86 %),730,8400000,0,0,3457713,43.64
14/03/2018,300,3450000,11.5(0.00 %),300,3450000,0,0,3457413,43.64
15/03/2018,6110,70500000,11.3(-1.74 %),8110,93500000,2000,23000000,3449323,43.77
16/03/2018,470,5410000,11.5(1.77 %),470,5410000,0,0,3448853,43.78
19/03/2018,9370,108130000,12.1(5.22 %),9370,108130000,0,0,3439483,43.93
20/03/2018,200,2360000,12.1(0.00 %),210,2480000,10,120000,3441273,43.91
21/03/2018,1080,13230000,12.2(0.83 %),2050,24870000,970,11640000,3439223,43.94
22/03/2018,10,120000,11.9(-2.46 %),10,120000,0,0,3439213,43.94
23/03/2018,10,120000,11.8(-0.84 %),10,120000,0,0,3439213,43.94
26/03/2018,40,490000,12.1(2.54 %),40,490000,0,0,3440143,43.92
27/03/2018,200,2400000,12(-0.83 %),200,2400000,0,0,3439943,43.93
28/03/2018,60,720000,12(0.00 %),60,720000,0,0,3439883,43.93
29/03/2018,60,730000,12.1(0.83 %),60,730000,0,0,3439823,43.93
30/03/2018,4780,58210000,12.35(2.07 %),6780,82610000,2000,24400000,3433043,44.04
02/04/2018,-1380,-17110000,12.3(-0.40 %),40,500000,1420,17610000,3433003,44.04
03/04/2018,-5980,-72350000,12.2(-0.81 %),20,250000,6000,72600000,3432983,44.04
04/04/2018,21780,283090000,13.05(6.97 %),25760,334690000,3980,51600000,3409223,44.43
05/04/2018,2260,31530000,13.95(6.90 %),2260,31530000,0,0,3408383,44.44
06/04/2018,0,0,14.9(6.81 %),0,0,0,0,3414383,44.34
09/04/2018,-110,-1750000,15.9(6.71 %),0,0,110,1750000,3418363,44.28
10/04/2018,-14260,-242480000,16.15(1.57 %),2630,44650000,16890,287130000,3415733,44.32
11/04/2018,-16000,-271700000,17.1(5.88 %),10,170000,16010,271870000,3415723,44.32
12/04/2018,-19840,-355350000,18(5.26 %),160,2850000,20000,358200000,3415673,44.32
13/04/2018,-250,-4550000,17.2(-4.44 %),150,2710000,400,7260000,3432413,44.05
16/04/2018,-9850,-165510000,16.5(-4.07 %),150,2530000,10000,168040000,3448273,43.79
17/04/2018,-1210,-19740000,16.7(1.21 %),230,3870000,1440,23610000,3468043,43.47
18/04/2018,80,1320000,16.5(-1.20 %),80,1320000,0,0,3468363,43.46
19/04/2018,50,810000,16.1(-2.42 %),50,810000,0,0,3478313,43.3
20/04/2018,-1190,-19230000,16.3(1.24 %),10,160000,1200,19390000,3479749,43.28
23/04/2018,50,810000,15.2(-6.75 %),50,810000,0,0,3479699,43.28
24/04/2018,7610,108270000,14.15(-6.91 %),7610,108270000,0,0,3472089,43.4
26/04/2018,7100,105740000,14.4(1.77 %),7100,105740000,0,0,3466189,43.5
27/04/2018,5890,87810000,14.9(3.47 %),5890,87810000,0,0,3460299,43.6
02/05/2018,4190,62560000,15.15(1.68 %),4190,62560000,0,0,3456109,43.66
03/05/2018,-30,-430000,14.95(-1.32 %),20,300000,50,730000,3456089,43.66
04/05/2018,-2990,-44550000,14.9(-0.33 %),20,300000,3010,44850000,3456080,43.66
07/05/2018,-5540,-82510000,15(0.67 %),40,600000,5580,83110000,3456040,43.66
08/05/2018,-110,-1630000,14.2(-5.33 %),20,290000,130,1920000,3456070,43.66
09/05/2018,-9970,-141560000,14.6(2.82 %),30,440000,10000,142000000,3459050,43.62
10/05/2018,-160,-2320000,14.3(-2.05 %),10,150000,170,2470000,3464620,43.52
11/05/2018,80,1180000,14.7(2.80 %),80,1180000,0,0,3464670,43.52
14/05/2018,-30,-410000,14.35(-2.38 %),70,1030000,100,1440000,3474600,43.36
15/05/2018,7140,103050000,14.5(1.05 %),7540,108770000,400,5720000,3467230,43.48
16/05/2018,0,0,14.55(0.34 %),0,0,0,0,3467230,43.48
17/05/2018,10,150000,14.6(0.34 %),10,150000,0,0,3467320,43.48
18/05/2018,-30,-440000,14.85(1.71 %),0,0,30,440000,3467720,43.47
21/05/2018,-80,-1190000,14.8(-0.34 %),30,440000,110,1630000,3467690,43.47
22/05/2018,-1560,-22640000,14.5(-2.03 %),20,300000,1580,22940000,3467670,43.48
23/05/2018,-470,-6710000,14.6(0.69 %),30,440000,500,7150000,3467670,43.48
24/05/2018,-2490,-35710000,14.6(0.00 %),20,290000,2510,36000000,3467760,43.47
25/05/2018,-3290,-47700000,14.5(-0.68 %),10,150000,3300,47850000,3469330,43.45
28/05/2018,2530,37700000,14.9(2.76 %),2530,37700000,0,0,3467300,43.48
29/05/2018,-11990,-175050000,14.6(-2.01 %),10,150000,12000,175200000,3469800,43.44
30/05/2018,-17600,-270140000,15.2(4.11 %),450,6830000,18050,276970000,3472650,43.39
31/05/2018,-37000,-595350000,15.95(4.93 %),90,1410000,37090,596760000,3472560,43.4
01/06/2018,0,0,16(0.31 %),0,0,0,0,3484560,43.2
04/06/2018,-4990,-79840000,16.1(0.62 %),10,160000,5000,80000000,3502600,42.91
05/06/2018,0,0,15.8(-1.86 %),0,0,0,0,3539690,42.3
06/06/2018,-510,-8160000,16(1.27 %),0,0,510,8160000,3539690,42.3
07/06/2018,-4530,-71580000,15.6(-2.50 %),10,160000,4540,71740000,3544680,42.22
08/06/2018,-2100,-33390000,15.65(0.32 %),0,0,2100,33390000,3544680,42.22
11/06/2018,13400,213260000,15.8(0.96 %),13400,213260000,0,0,3531790,42.43
12/06/2018,100,1580000,15.9(0.63 %),100,1580000,0,0,3536237,42.36
13/06/2018,-93620,-1502280000,16.1(1.26 %),0,0,93620,1502280000,3538337,42.32
14/06/2018,40,530000,12.8(-4.48 %),40,530000,0,0,3538297,42.32
15/06/2018,-1030,-12660000,13.35(4.30 %),70,920000,1100,13580000,3538227,42.33
18/06/2018,30,390000,12.85(-3.75 %),30,390000,0,0,3631817,40.8
19/06/2018,0,0,12(-6.61 %),0,0,0,0,3631822,40.8
20/06/2018,50,590000,11.2(-6.67 %),50,590000,0,0,3632872,40.78
21/06/2018,10,110000,11.25(0.45 %),10,110000,0,0,3632862,40.78
22/06/2018,20,230000,11.25(0.00 %),20,230000,0,0,3632842,40.78
25/06/2018,0,0,10.9(-3.11 %),0,0,0,0,3632842,40.78
26/06/2018,6050,66830000,10.9(0.00 %),6050,66830000,0,0,3626792,40.88
27/06/2018,540,6070000,11.35(4.13 %),540,6070000,0,0,3626252,40.89
28/06/2018,960,10720000,11.25(-0.88 %),960,10720000,0,0,3625292,40.91
29/06/2018,10,114500,11.45(1.78 %),10,114500,0,0,3625282,0.0
02/07/2018,30,340000,11.4(-0.44 %),30,340000,0,0,3625252,40.91
03/07/2018,20,220000,10.85(-4.82 %),20,220000,0,0,3625232,40.91
04/07/2018,630,6900000,10.95(0.92 %),630,6900000,0,0,3624602,40.92
05/07/2018,20,220000,11(0.46 %),20,220000,0,0,3624582,40.92
06/07/2018,140,1470000,10.8(-1.82 %),140,1470000,0,0,3624442,40.92
09/07/2018,0,0,10.25(-5.09 %),0,0,0,0,3624442,40.92
10/07/2018,50,520000,10.4(1.46 %),50,520000,0,0,3624392,40.92
11/07/2018,29150,299270000,10.1(-2.88 %),29150,299270000,0,0,3595242,41.4
12/07/2018,900,9050500,10.1(0.00 %),900,9050500,0,0,3594342,0.0
13/07/2018,5200,52070000,10.2(0.99 %),5200,52070000,0,0,3589142,41.5
16/07/2018,3130,32520000,10.4(1.96 %),4930,51240000,1800,18720000,3584212,41.58
17/07/2018,510,5350000,10.5(0.96 %),510,5350000,0,0,3583702,41.58
18/07/2018,10,110000,10.5(0.00 %),10,110000,0,0,3583692,41.58
19/07/2018,5120,51290000,10.7(1.90 %),5120,51290000,0,0,3580372,41.64
20/07/2018,20,220000,10.7(0.00 %),20,220000,0,0,3580352,41.64
23/07/2018,0,0,10.7(0.00 %),0,0,0,0,3580352,0.0
24/07/2018,10,110000,10.3(-3.74 %),10,110000,0,0,3580342,41.64
25/07/2018,50,530000,10.45(1.46 %),50,530000,0,0,3580292,41.64
26/07/2018,50,520000,10.2(-2.39 %),50,520000,0,0,3580242,41.64
27/07/2018,640,6510000,10.4(1.96 %),640,6510000,0,0,3579602,41.65
30/07/2018,1140,11610000,10.45(0.48 %),1140,11610000,0,0,3578462,41.67
31/07/2018,320,3328000,10.4(-0.48 %),320,3328000,0,0,3578142,0.0
01/08/2018,20,210000,10.1(-2.88 %),20,210000,0,0,3578122,41.67
02/08/2018,3020,30210000,10.2(0.99 %),3020,30210000,0,0,3575102,41.72
03/08/2018,9900,101810000,10.3(0.98 %),9900,101810000,0,0,3565202,41.89
06/08/2018,7360,76544000,10.45(1.46 %),7360,76544000,0,0,3557842,0.0
07/08/2018,5610,58390000,10.45(0.00 %),5610,58390000,0,0,3552232,42.1
08/08/2018,4480,46810000,10.55(0.96 %),4680,48910000,200,2100000,3547552,42.17
09/08/2018,530,5620000,10.6(0.47 %),10030,106320000,9500,100700000,3537522,42.34
10/08/2018,3040,32420000,10.7(0.94 %),20340,215810000,17300,183390000,3517182,42.67
13/08/2018,1010,10910000,10.9(1.87 %),1010,10910000,0,0,3516372,42.68
14/08/2018,15520,167620000,10.85(-0.46 %),15520,167620000,0,0,3510352,42.78
15/08/2018,25490,275290000,10.8(-0.46 %),25490,275290000,0,0,3502162,42.91
16/08/2018,1000,10800000,10.7(-0.93 %),1000,10800000,0,0,3501162,42.93
17/08/2018,0,0,10.8(0.93 %),0,0,0,0,3501162,0.0
20/08/2018,50,540000,10.85(0.46 %),50,540000,0,0,3501112,42.93
21/08/2018,20,220000,10.75(-0.92 %),20,220000,0,0,3501092,42.93
22/08/2018,3000,32270000,10.5(-2.33 %),3000,32270000,0,0,3498080,42.98
23/08/2018,0,0,10.4(-0.95 %),0,0,0,0,3498080,42.98
24/08/2018,10000,105000000,10.5(0.96 %),10000,105000000,0,0,3488080,43.14
27/08/2018,10010,106110000,10.6(0.95 %),10010,106110000,0,0,3478070,43.31
28/08/2018,1810,19190000,10.5(-0.94 %),1810,19190000,0,0,3476260,43.34
29/08/2018,10,110000,10.5(0.00 %),10,110000,0,0,3476250,43.34
30/08/2018,20,210000,10.5(0.00 %),20,210000,0,0,3476230,43.34
31/08/2018,70,730000,10.5(0.00 %),70,730000,0,0,3476160,43.34
04/09/2018,700,7220000,10.25(-2.38 %),700,7220000,0,0,3475460,43.35
05/09/2018,8740,87790000,10.3(0.49 %),8740,87790000,0,0,3466720,43.49
06/09/2018,210,2120000,10.35(0.49 %),210,2120000,0,0,3466510,43.49
07/09/2018,1200,12596000,10.45(0.97 %),1200,12596000,0,0,3465310,0.0
10/09/2018,7490,77740000,10.35(-0.96 %),7690,79820000,200,2080000,3457620,43.64
11/09/2018,-750,-7700000,10.25(-0.97 %),0,0,750,7700000,3457620,43.64
12/09/2018,530,5430000,10.45(1.95 %),540,5540000,10,110000,3457080,43.65
13/09/2018,-1080,-11090000,10.5(0.48 %),20,210000,1100,11300000,3457260,43.64
14/09/2018,-280,-2880000,10.45(-0.48 %),420,4370000,700,7250000,3457590,43.64
17/09/2018,310,3170000,10.4(-0.48 %),420,4310000,110,1140000,3457180,43.65
18/09/2018,-2020,-20710000,10.4(0.00 %),130,1340000,2150,22050000,3458150,43.63
19/09/2018,-370,-3820000,10.3(-0.96 %),0,0,370,3820000,3458850,43.62
20/09/2018,-1980,-20233000,10.4(0.97 %),320,3288000,2300,23521000,3460830,0.0
21/09/2018,-1480,-15290000,10.4(0.00 %),120,1240000,1600,16530000,3460670,43.59
24/09/2018,-480,-4930000,10.4(0.00 %),20,210000,500,5140000,3461020,43.58
25/09/2018,0,0,10.4(0.00 %),0,0,0,0,3461020,43.58
26/09/2018,1380,14180000,10.3(-0.96 %),3880,39960000,2500,25780000,3461040,43.58
27/09/2018,-7980,-81530000,10.3(0.00 %),6320,64980000,14300,146510000,3455220,43.68
28/09/2018,-4240,-43480000,10.25(-0.49 %),470,4860000,4710,48340000,3454750,43.69
01/10/2018,20,200000,10.45(1.95 %),30,310000,10,110000,3457220,43.65
02/10/2018,-16780,-173503000,10.4(-0.48 %),7720,79655000,24500,253158000,3474000,43.37
03/10/2018,-570,-5870000,10.4(0.00 %),0,0,570,5870000,3468510,43.46
04/10/2018,10,100000,10.4(0.00 %),10,100000,0,0,3468510,43.46
05/10/2018,10,100000,10.35(-0.48 %),10,100000,0,0,3493000,43.06
08/10/2018,30,310000,10.4(0.48 %),30,310000,0,0,3493540,43.05
09/10/2018,3890,40900000,10.7(2.88 %),4310,45340000,420,4440000,3489230,43.12
10/10/2018,-380,-4050000,10.8(0.93 %),0,0,380,4050000,3489230,43.12
11/10/2018,3230,34763500,10.7(-0.93 %),3290,35405500,60,642000,3486000,43.18
12/10/2018,610,6390000,10.6(-0.93 %),630,6600000,20,210000,3485730,43.18
15/10/2018,0,0,10.6(0.00 %),10,110000,10,110000,3486100,43.17
16/10/2018,1190,11720000,10.5(-0.94 %),1500,15030000,310,3310000,3484660,43.2
17/10/2018,3960,42451000,10.85(3.33 %),3960,42451000,0,0,3480700,43.26
18/10/2018,-30,-330000,10.9(0.46 %),20,220000,50,550000,3480710,43.26
19/10/2018,3480,36685000,10.55(-3.21 %),3600,37971000,120,1286000,3477230,43.32
22/10/2018,1860,20000000,10.75(1.90 %),1860,20000000,0,0,3475560,43.35
23/10/2018,490,5149000,10.7(-0.47 %),490,5149000,0,0,3475070,43.35
24/10/2018,810,8360000,10.25(-4.21 %),810,8360000,0,0,3474430,43.36
25/10/2018,410,4190000,10.25(0.00 %),410,4190000,0,0,3474020,43.37
26/10/2018,50,530000,10.5(2.44 %),50,530000,0,0,3473970,43.37
29/10/2018,8480,84800000,10.5(0.00 %),8490,84910000,10,110000,3465480,43.51
30/10/2018,0,0,10.5(0.00 %),0,0,0,0,3465480,43.51
31/10/2018,9250,98158500,10.9(3.81 %),10240,108653500,990,10495000,3456230,43.66
01/11/2018,420,4480000,10.8(-0.92 %),420,4480000,0,0,3454830,43.68
02/11/2018,260,2705000,10.75(-0.46 %),260,2705000,0,0,3454570,43.69
05/11/2018,780,7930000,10.55(-1.86 %),780,7930000,0,0,3454780,43.69
06/11/2018,1610,17060000,10.5(-0.47 %),1610,17060000,0,0,3453170,43.71
07/11/2018,0,0,10.5(0.00 %),0,0,0,0,3453170,43.71
08/11/2018,350,3630000,10.5(0.00 %),350,3630000,0,0,3452820,43.72
09/11/2018,50,530000,10.45(-0.48 %),50,530000,0,0,3452770,43.72
12/11/2018,30,320000,10.45(0.00 %),30,320000,0,0,3452740,43.72
13/11/2018,20,210000,10.4(-0.48 %),20,210000,0,0,3452720,43.72
14/11/2018,0,0,10.4(0.00 %),0,0,0,0,3452720,43.72
15/11/2018,10,100000,10.4(0.00 %),10,100000,0,0,3452710,43.72
16/11/2018,30,310000,10.4(0.00 %),30,310000,0,0,3452680,43.72
19/11/2018,0,0,10.3(-0.96 %),0,0,0,0,3452680,43.72
20/11/2018,230,2330000,10.3(0.00 %),230,2330000,0,0,3452450,43.72
21/11/2018,0,0,10.3(0.00 %),0,0,0,0,3452450,43.72
22/11/2018,600,6040000,10.4(0.97 %),600,6040000,0,0,3451850,43.73
23/11/2018,110,1140000,10.35(-0.48 %),110,1140000,0,0,3451740,43.73
26/11/2018,20,210000,10.4(0.48 %),20,210000,0,0,3451720,43.74
27/11/2018,0,0,10.4(0.00 %),0,0,0,0,3451720,43.74
28/11/2018,90,930000,10.35(-0.48 %),90,930000,0,0,3451630,43.74
29/11/2018,0,0,10.35(0.00 %),0,0,0,0,3451630,43.74
30/11/2018,9650,100260000,10.5(1.45 %),9850,102360000,200,2100000,3441780,43.9
03/12/2018,20,209500,10.45(-0.48 %),20,209500,0,0,3441760,43.9
04/12/2018,20,210000,10.2(-2.39 %),20,210000,0,0,3441740,43.9
05/12/2018,10,104000,10.35(1.47 %),10,104000,0,0,3441730,43.9
06/12/2018,1490,15790000,10.9(5.31 %),1490,15790000,0,0,3440440,43.92
07/12/2018,10,100000,10.35(-5.05 %),10,100000,0,0,3440430,43.92
10/12/2018,10,110000,10.5(1.45 %),10,110000,0,0,3440420,43.92
11/12/2018,-390,-4210000,10.5(0.00 %),10,110000,400,4320000,3440410,43.92
12/12/2018,-1200,-12600000,10.5(0.00 %),0,0,1200,12600000,3440410,43.92
13/12/2018,10,110000,10.5(0.00 %),10,110000,0,0,3440400,43.92
14/12/2018,1010,10610000,10.55(0.48 %),1010,10610000,0,0,3439790,43.93
17/12/2018,30,320000,10.5(-0.47 %),30,320000,0,0,3440960,43.91
18/12/2018,260,2750000,10.5(0.00 %),260,2750000,0,0,3440700,43.91
19/12/2018,10,110000,10.5(0.00 %),10,110000,0,0,3440690,43.91
20/12/2018,290,3030000,10.55(0.48 %),290,3030000,0,0,3440400,43.92
21/12/2018,0,0,10.5(-0.47 %),0,0,0,0,3440400,43.92
24/12/2018,14000,150110000,10.7(1.90 %),14000,150110000,0,0,3426400,44.15
25/12/2018,30,320000,10.7(0.00 %),30,320000,0,0,3426370,44.15
26/12/2018,10,106000,10.6(-0.93 %),10,106000,0,0,3426360,44.15
27/12/2018,-190,-2030000,10.7(0.94 %),10,110000,200,2140000,3426350,44.15
28/12/2018,0,0,10.7(0.00 %),10,110000,10,110000,3426340,44.15
02/01/2019,0,0,10.7(0.00 %),10,108000,10,108000,3426540,44.15
03/01/2019,0,0,10.7(0.00 %),10,108000,10,108000,3426540,44.15
04/01/2019,0,0,10.7(0.00 %),0,0,0,0,3426540,44.15
07/01/2019,0,0,10.7(0.00 %),0,0,0,0,3426540,44.15
08/01/2019,0,0,10.7(0.00 %),0,0,0,0,3426560,44.15
09/01/2019,0,0,10.65(-0.47 %),0,0,0,0,3426560,44.15
10/01/2019,0,0,10.65(0.00 %),0,0,0,0,3426560,44.15
11/01/2019,-150,-1610000,10.65(0.00 %),20,210000,170,1820000,3426540,44.15
14/01/2019,-2800,-29400000,10.65(0.00 %),200,2100000,3000,31500000,3426340,44.15
15/01/2019,200,2080000,10.6(-0.47 %),220,2290000,20,210000,3426120,44.15
16/01/2019,320,3268000,10.6(0.00 %),340,3480000,20,212000,3425800,44.16
17/01/2019,50,530000,10.6(0.00 %),50,530000,0,0,3428900,44.11
18/01/2019,10,110000,10.6(0.00 %),10,110000,0,0,3428910,44.11
21/01/2019,-660,-6810000,10.5(-0.94 %),0,0,660,6810000,3428930,44.11
22/01/2019,11240,119250000,10.6(0.95 %),11240,119250000,0,0,3417690,44.29
23/01/2019,20,220000,10.95(3.30 %),20,220000,0,0,3417670,44.29
24/01/2019,0,0,10.95(0.00 %),0,0,0,0,3418330,44.28
25/01/2019,10,110000,10.9(-0.46 %),10,110000,0,0,3418320,44.28
28/01/2019,0,0,10.9(0.00 %),0,0,0,0,3417660,44.29
29/01/2019,-600,-6540000,10.9(0.00 %),10,109000,610,6649000,3418260,44.28
30/01/2019,-1400,-15400000,10.95(0.46 %),40,440000,1440,15840000,3418270,44.28
31/01/2019,180,1968000,10.9(-0.46 %),620,6852000,440,4884000,3419480,44.26
01/02/2019,1110,12970000,11.5(5.50 %),1800,20620000,690,7650000,3416460,44.31
11/02/2019,-10,-113000,11.1(-3.48 %),0,0,10,113000,3416470,44.31
12/02/2019,50,515000,11.1(0.00 %),210,2291000,160,1776000,3416420,44.31
13/02/2019,210,2315000,11.1(0.00 %),450,5003000,240,2688000,3416210,44.31
14/02/2019,-140,-1666500,11.4(2.70 %),380,4261500,520,5928000,3416350,44.31
15/02/2019,200,2220000,11.05(-3.07 %),220,2450000,20,230000,3417940,44.29
18/02/2019,20,239000,11.4(3.17 %),600,6832000,580,6593000,3416130,44.32
19/02/2019,190,2106000,11.4(0.00 %),200,2220000,10,114000,3415940,44.32
20/02/2019,-490,-5416000,11.8(3.51 %),990,11503000,1480,16919000,3416430,44.31
21/02/2019,-1440,-16450000,11.45(-2.97 %),160,1870000,1600,18320000,3417870,44.29
22/02/2019,220,2530000,11.55(0.87 %),280,3230000,60,700000,3417080,44.3
25/02/2019,5310,63660000,11.9(3.03 %),5610,67260000,300,3600000,3412950,44.37
26/02/2019,1170,13930000,11.9(0.00 %),1450,17290000,280,3360000,3413100,44.36
27/02/2019,200,2341500,11.85(-0.42 %),200,2341500,0,0,3410970,44.4
28/02/2019,10,118500,11.6(-2.11 %),10,118500,0,0,3410960,44.4
01/03/2019,2640,31150000,11.9(2.59 %),3560,42010000,920,10860000,3409970,44.42
04/03/2019,810,9801000,12.1(1.68 %),1010,12221000,200,2420000,3412720,44.37
05/03/2019,0,0,12.1(0.00 %),0,0,0,0,3412720,44.37
06/03/2019,10,120000,12.1(0.00 %),10,120000,0,0,3409870,44.42
07/03/2019,0,0,12.25(1.24 %),0,0,0,0,3412720,44.37
08/03/2019,280,3420000,12.25(0.00 %),280,3420000,0,0,3409760,44.42
11/03/2019,0,0,12.25(0.00 %),0,0,0,0,3412440,44.38
12/03/2019,450,5390500,12.2(-0.41 %),450,5390500,0,0,3411990,44.38
13/03/2019,-180,-2120000,12.1(-0.82 %),420,5020000,600,7140000,3409110,44.43
14/03/2019,-1200,-14560000,12(-0.83 %),220,2620000,1420,17180000,3408890,44.43
15/03/2019,4620,56890000,12.3(2.50 %),5220,64160000,600,7270000,3403670,44.52
18/03/2019,420,5189000,12.4(0.81 %),420,5189000,0,0,3403250,44.53
19/03/2019,0,0,12.3(-0.81 %),0,0,0,0,3405270,44.49
20/03/2019,10,123500,12.3(0.00 %),10,123500,0,0,3403240,44.53
21/03/2019,0,0,12.3(0.00 %),0,0,0,0,3403240,44.53
22/03/2019,0,0,12.3(0.00 %),0,0,0,0,3403240,44.53
25/03/2019,5000,61406500,12.3(0.00 %),5000,61406500,0,0,3398240,44.61
26/03/2019,60,740000,12.4(0.81 %),60,740000,0,0,3400800,44.57
27/03/2019,10010,123870000,12.45(0.40 %),10010,123870000,0,0,3390790,44.73
28/03/2019,0,0,12.45(0.00 %),0,0,0,0,3390790,44.73
29/03/2019,5000,62250000,12.45(0.00 %),5000,62250000,0,0,3383170,44.85
01/04/2019,-2340,-29450000,12.6(1.20 %),3200,40000000,5540,69450000,3382590,44.86
02/04/2019,-480,-6190500,12.7(0.79 %),90,1162500,570,7353000,3386270,44.8
03/04/2019,-2750,-35993000,13.3(4.72 %),130,1701000,2880,37694000,3389020,44.76
04/04/2019,0,0,13.5(1.50 %),0,0,0,0,3389020,44.76
05/04/2019,2160,29802000,13.9(2.96 %),5000,69420000,2840,39618000,3386860,44.79
08/04/2019,-1060,-14785500,13.95(0.36 %),40,559500,1100,15345000,3387920,44.78
09/04/2019,-200,-2790000,13.9(-0.36 %),0,0,200,2790000,3388120,44.77
10/04/2019,-390,-5480000,13.8(-0.72 %),510,6940000,900,12420000,3388650,44.76
11/04/2019,10,140000,13.85(0.36 %),10,140000,0,0,3389740,44.75
12/04/2019,30,422000,13.9(0.36 %),30,422000,0,0,3388470,44.77
16/04/2019,80,1120000,14(0.72 %),80,1120000,0,0,3390730,44.73
17/04/2019,10,140000,14(0.00 %),10,140000,0,0,3390720,44.73
18/04/2019,200,2740000,13.9(-0.71 %),200,2740000,0,0,3390520,44.73
19/04/2019,50,690000,13.8(-0.72 %),100,1380000,50,690000,3390420,44.73
22/04/2019,10,140000,13.9(0.72 %),10,140000,0,0,3390410,44.73
23/04/2019,-5460,-75690000,14(0.72 %),40,560500,5500,76250500,3393580,44.68
24/04/2019,0,0,14(0.00 %),0,0,0,0,3390420,44.73
25/04/2019,1140,16200000,14.5(3.57 %),1140,16200000,0,0,3392440,44.7
26/04/2019,40,520000,14.5(0.00 %),240,3380000,200,2860000,3394540,44.67
02/05/2019,0,0,14.4(-0.69 %),0,0,0,0,3394540,44.67
03/05/2019,20,286000,14.3(-0.69 %),20,286000,0,0,3394520,44.67
06/05/2019,0,0,14.2(-0.70 %),0,0,0,0,3394520,44.67
07/05/2019,40,580000,14.4(1.41 %),40,580000,0,0,3394680,44.66
08/05/2019,-3850,-55260000,13.75(-4.51 %),50,710000,3900,55970000,3394630,44.67
09/05/2019,30,422500,14.05(2.18 %),30,422500,0,0,3398300,44.61
10/05/2019,10,140500,14.05(0.00 %),10,140500,0,0,3398290,44.61
13/05/2019,0,0,14(-0.36 %),0,0,0,0,3398290,44.61
14/05/2019,10,140000,13.85(-1.07 %),10,140000,0,0,3398480,44.6
15/05/2019,210,2899500,13.95(0.72 %),210,2899500,0,0,3398070,44.61
16/05/2019,2460,33980500,13.75(-1.43 %),5010,69680500,2550,35700000,3395610,44.65
17/05/2019,-34050,-466480000,13.7(-0.36 %),210,2880000,34260,469360000,3393050,44.69
20/05/2019,-16400,-224680000,13.85(1.09 %),50,690000,16450,225370000,3393000,44.69
21/05/2019,-102390,-1418430500,13.75(-0.72 %),40,552500,102430,1418983000,3495390,43.02
22/05/2019,450,6200000,13.95(1.45 %),450,6200000,0,0,3429320,44.1
23/05/2019,-14980,-208970000,13.95(0.00 %),20,280000,15000,209250000,3445750,43.83
24/05/2019,0,0,13.7(-1.79 %),0,0,0,0,3548180,42.16
27/05/2019,-360,-5020000,13.85(1.09 %),90,1240000,450,6260000,3548090,42.16
28/05/2019,-9980,-138220000,13.9(0.36 %),20,280000,10000,138500000,3563070,41.92
29/05/2019,-8540,-118710000,13.9(0.00 %),0,0,8540,118710000,3563070,41.92
30/05/2019,10,139000,13.9(0.00 %),10,139000,0,0,3567050,41.86
31/05/2019,-150,-2090000,13.75(-1.08 %),50,690000,200,2780000,3573460,41.75
03/06/2019,10,140000,13.8(0.36 %),10,140000,0,0,3581990,41.61
04/06/2019,680,9318000,13.8(0.00 %),680,9318000,0,0,3581310,41.62
05/06/2019,0,0,13.8(0.00 %),0,0,0,0,3581510,41.62
06/06/2019,0,0,13.7(-0.72 %),0,0,0,0,3581310,41.62
07/06/2019,50,686500,13.7(0.00 %),50,686500,0,0,3581260,41.62
10/06/2019,20,280000,13.7(0.00 %),20,280000,0,0,3581440,41.62
11/06/2019,40,473500,11.8(-13.87 %),40,473500,0,0,3581200,41.62
12/06/2019,0,0,11.6(-1.69 %),0,0,0,0,3581402,41.62
13/06/2019,280,3180000,11.25(-3.02 %),280,3180000,0,0,3581122,41.63
14/06/2019,-18240,-202450000,11.45(1.78 %),60,690000,18300,203140000,3581062,41.63
17/06/2019,710,8162500,11.5(0.44 %),710,8162500,0,0,3598650,41.34
18/06/2019,190,2120000,11.2(-2.61 %),260,2930000,70,810000,3580092,41.64
19/06/2019,190,2190000,11.4(1.79 %),190,2190000,0,0,3598202,41.35
20/06/2019,30,340000,11.35(-0.44 %),30,340000,0,0,3598172,41.35
21/06/2019,0,0,11.15(-1.76 %),0,0,0,0,3598242,41.35
24/06/2019,0,0,11.25(0.90 %),0,0,0,0,3598242,41.35
25/06/2019,0,0,11.25(0.00 %),0,0,0,0,3598243,41.35
26/06/2019,0,0,11.25(0.00 %),0,0,0,0,3598243,41.35
27/06/2019,40,451500,11.3(0.44 %),40,451500,0,0,3598200,41.35
28/06/2019,400,4520000,11.3(0.00 %),400,4520000,0,0,3597803,41.35
01/07/2019,0,0,11.55(2.21 %),0,0,0,0,3597803,41.35
02/07/2019,0,-40000,11.55(0.00 %),200,2280000,200,2320000,3597803,41.35
03/07/2019,0,0,11.6(0.43 %),0,0,0,0,3597803,41.35
04/07/2019,0,0,11.6(0.00 %),0,0,0,0,3597803,41.35
05/07/2019,250,2850000,11.55(-0.43 %),250,2850000,0,0,3597553,41.36
08/07/2019,-690,-8000000,11.65(0.87 %),10,120000,700,8120000,3597543,41.36
09/07/2019,30,347500,11.65(0.00 %),40,464500,10,117000,3598213,41.35
10/07/2019,-190,-2223000,11.8(1.29 %),0,0,190,2223000,3598403,41.34
11/07/2019,4440,52440000,11.9(0.85 %),4640,54820000,200,2380000,3593563,41.42
12/07/2019,13800,167804000,12.25(2.94 %),13800,167804000,0,0,3580163,41.64
15/07/2019,3600,45360000,12.6(2.86 %),4000,50300000,400,4940000,3576563,41.7
16/07/2019,3900,48991500,12.65(0.40 %),4100,51511500,200,2520000,3572663,41.76
17/07/2019,10,130000,12.7(0.40 %),10,130000,0,0,3572053,41.77
18/07/2019,0,0,12.6(-0.79 %),0,0,0,0,3572453,41.77
19/07/2019,2000,25530000,12.7(0.79 %),2000,25530000,0,0,3570653,41.8
22/07/2019,1610,21010000,13.1(3.15 %),2010,26130000,400,5120000,3569043,41.82
23/07/2019,90,1120000,13.2(0.76 %),290,3740000,200,2620000,3568353,41.83
24/07/2019,400,5140000,13.2(0.00 %),400,5140000,0,0,3568553,41.83
25/07/2019,10,132500,12.9(-2.27 %),10,132500,0,0,3568543,41.83
26/07/2019,20,263000,13.1(1.55 %),20,263000,0,0,3568523,41.83
29/07/2019,0,0,13.1(0.00 %),0,0,0,0,3568523,41.83
30/07/2019,3000,38700000,13.1(0.00 %),3000,38700000,0,0,3565523,41.88
31/07/2019,10,129000,12.9(-1.53 %),10,129000,0,0,3565513,41.88
01/08/2019,0,0,13(0.78 %),0,0,0,0,3565513,41.88
02/08/2019,76890,996564500,13(0.00 %),77090,999164500,200,2600000,3488623,43.13
05/08/2019,0,0,13(0.00 %),0,0,0,0,3488623,43.13
06/08/2019,-1300,-16820000,12.95(-0.38 %),0,0,1300,16820000,3488423,43.14
07/08/2019,10,130000,12.9(-0.39 %),10,130000,0,0,3489913,43.11
08/08/2019,670,8481500,12.9(0.00 %),670,8481500,0,0,3489243,43.12
09/08/2019,20670,270029000,13(0.78 %),33360,436152500,12690,166123500,3468573,43.46
12/08/2019,1420,18600000,13.05(0.38 %),1420,18600000,0,0,3454463,43.69
13/08/2019,10,130000,13.05(0.00 %),10,130000,0,0,3454453,43.69
14/08/2019,150,1960000,13.1(0.38 %),150,1960000,0,0,3466993,43.49
15/08/2019,30,392500,13.1(0.00 %),30,392500,0,0,3466963,43.49
16/08/2019,10,130000,13.05(-0.38 %),10,130000,0,0,3466953,43.49
19/08/2019,0,0,13.05(0.00 %),0,0,0,0,3466953,43.49
20/08/2019,40,530000,13.2(1.15 %),40,530000,0,0,3466913,43.49
21/08/2019,0,0,13.05(-1.14 %),0,0,0,0,3466913,43.49
22/08/2019,8030,105550000,13.25(1.53 %),8030,105550000,0,0,3458883,43.62
23/08/2019,3020,40020000,13.25(0.00 %),3020,40020000,0,0,3455863,43.67
26/08/2019,10,130000,13.05(-1.51 %),10,130000,0,0,3455853,43.67
27/08/2019,10,134000,13.05(0.00 %),10,134000,0,0,3455843,43.67
28/08/2019,0,0,13.05(0.00 %),0,0,0,0,3455843,43.67
29/08/2019,30,390000,13.1(0.38 %),30,390000,0,0,3455813,43.67
30/08/2019,10,132000,13.2(0.76 %),10,132000,0,0,3455803,43.67
03/09/2019,0,0,13.25(0.38 %),0,0,0,0,3455803,43.67
04/09/2019,10,130000,13.3(0.38 %),10,130000,0,0,3455793,43.67
05/09/2019,510,6840000,13.4(0.75 %),510,6840000,0,0,3455283,43.68
06/09/2019,10,130000,13.4(0.00 %),10,130000,0,0,3455273,43.68
09/09/2019,0,0,13.35(-0.37 %),0,0,0,0,3455273,43.68
10/09/2019,220,2918000,13.35(0.00 %),220,2918000,0,0,3455053,43.68
11/09/2019,0,0,13.3(-0.37 %),0,0,0,0,3455053,43.68
12/09/2019,2100,27930000,13.35(0.38 %),2100,27930000,0,0,3452953,43.72
13/09/2019,0,0,13.4(0.37 %),0,0,0,0,3452953,43.72
16/09/2019,10,130000,13.25(-1.12 %),10,130000,0,0,3452943,43.72
17/09/2019,0,0,13.35(0.75 %),0,0,0,0,3452943,43.72
18/09/2019,810,10854000,13.35(0.00 %),810,10854000,0,0,3452133,43.73
19/09/2019,20,266000,13.35(0.00 %),20,266000,0,0,3452113,43.73
20/09/2019,4630,65803500,13.9(4.12 %),4630,65803500,0,0,3447483,43.8
23/09/2019,-2900,-41470000,14.3(2.88 %),100,1430000,3000,42900000,3450383,43.76
24/09/2019,200,2860000,14.2(-0.70 %),200,2860000,0,0,3450183,43.76
25/09/2019,0,0,13.9(-2.11 %),0,0,0,0,3450183,43.76
26/09/2019,10,142000,13.9(0.00 %),10,142000,0,0,3450173,43.76
27/09/2019,20,280000,13.95(0.36 %),20,280000,0,0,3450160,43.76
30/09/2019,20,281500,14.05(0.72 %),20,281500,0,0,3450133,43.76
01/10/2019,0,0,14(-0.36 %),0,0,0,0,3450140,43.76
02/10/2019,0,0,14(0.00 %),0,0,0,0,3450140,43.76
03/10/2019,0,0,13.8(-1.43 %),0,0,0,0,3450140,43.76
04/10/2019,100,1380000,13.85(0.36 %),100,1380000,0,0,3450040,43.76
07/10/2019,160,2240000,14(1.08 %),160,2240000,0,0,3449880,43.77
08/10/2019,-1020,-14280000,13.9(-0.71 %),70,980000,1090,15260000,3449810,43.77
09/10/2019,20,280000,13.9(0.00 %),20,280000,0,0,3449790,43.77
10/10/2019,0,0,13.8(-0.72 %),0,0,0,0,3450880,43.75
11/10/2019,10,140000,13.95(1.09 %),10,140000,0,0,3450870,43.75
14/10/2019,0,0,13.9(-0.36 %),0,0,0,0,3450870,43.75
15/10/2019,0,0,13.85(-0.36 %),0,0,0,0,3450870,43.75
16/10/2019,0,0,13.85(0.00 %),0,0,0,0,3450870,43.75
17/10/2019,10,140000,13.7(-1.08 %),10,140000,0,0,3450860,43.75
18/10/2019,2410,34710000,14.4(5.11 %),2410,34710000,0,0,3448450,43.79
21/10/2019,10,140000,14.1(-2.08 %),10,140000,0,0,3448440,43.79
22/10/2019,10,143000,14.15(0.35 %),10,143000,0,0,3448430,43.79
23/10/2019,2040,28880000,14.25(0.71 %),2040,28880000,0,0,3446390,43.82
24/10/2019,10,144000,14.25(0.00 %),10,144000,0,0,3446380,43.82
25/10/2019,980,13820000,14.1(-1.05 %),980,13820000,0,0,3445400,43.84
28/10/2019,40,564500,13.85(-1.77 %),40,564500,0,0,3445360,43.84
29/10/2019,0,0,13.8(-0.36 %),0,0,0,0,3445360,43.84
30/10/2019,0,0,13.8(0.00 %),0,0,0,0,3445360,43.84
31/10/2019,40,560000,13.85(0.36 %),40,560000,0,0,3445320,43.84
01/11/2019,0,0,13.9(0.36 %),0,0,0,0,3445320,43.84
04/11/2019,0,0,13.9(0.00 %),0,0,0,0,3445320,43.84
05/11/2019,0,0,13.75(-1.08 %),0,0,0,0,3445320,43.84
06/11/2019,-5000,-68750000,13.8(0.36 %),0,0,5000,68750000,3450320,43.76
07/11/2019,0,0,13.8(0.00 %),0,0,0,0,3445320,43.84
08/11/2019,0,0,13.8(0.00 %),0,0,0,0,3445320,43.84
11/11/2019,0,0,13.7(-0.72 %),0,0,0,0,3450320,43.76
12/11/2019,20,280000,13.7(0.00 %),20,280000,0,0,3450300,43.76
13/11/2019,0,0,13.65(-0.36 %),0,0,0,0,3450300,43.76
14/11/2019,0,0,13.7(0.37 %),0,0,0,0,3450300,43.76
15/11/2019,0,0,13.8(0.73 %),0,0,0,0,3450300,43.76
18/11/2019,40,552000,13.8(0.00 %),40,552000,0,0,3450260,43.76
19/11/2019,110,1510000,13.7(-0.72 %),110,1510000,0,0,3450150,43.76
20/11/2019,0,0,13.8(0.73 %),0,0,0,0,3450150,43.76
21/11/2019,0,0,13.8(0.00 %),0,0,0,0,3450150,43.76
22/11/2019,-14890,-201520000,13.8(0.00 %),110,1480000,15000,203000000,3450040,43.76
25/11/2019,0,0,13.75(-0.36 %),0,0,0,0,3465040,43.52
26/11/2019,0,0,13.6(-1.09 %),0,0,0,0,3450040,43.76
27/11/2019,10,137000,13.65(0.37 %),10,137000,0,0,3465030,43.52
28/11/2019,10,140000,13.7(0.37 %),10,140000,0,0,3465020,43.52
29/11/2019,10,140000,13.7(0.00 %),10,140000,0,0,3465010,43.52
02/12/2019,0,0,13.7(0.00 %),0,0,0,0,3465010,43.52
03/12/2019,0,0,13.7(0.00 %),0,0,0,0,3465010,43.52
04/12/2019,0,0,13.25(-3.28 %),0,0,0,0,3465010,43.52
05/12/2019,0,0,13.55(2.26 %),0,0,0,0,3465010,43.52
06/12/2019,0,0,13.65(0.74 %),0,0,0,0,3465010,43.52
09/12/2019,1700,23000000,13.65(0.00 %),1700,23000000,0,0,3463310,43.55
10/12/2019,-6470,-86690500,13.65(0.00 %),10030,134409500,16500,221100000,3469780,43.44
11/12/2019,0,0,13.65(0.00 %),0,0,0,0,3469780,43.44
12/12/2019,9980,134732000,13.75(0.73 %),9980,134732000,0,0,3459800,43.6
13/12/2019,0,0,13.65(-0.73 %),0,0,0,0,3459800,43.6
16/12/2019,0,0,13.65(0.00 %),0,0,0,0,3459800,43.6
17/12/2019,300,4100000,13.45(-1.47 %),300,4100000,0,0,3459500,43.61
18/12/2019,1000,13500000,13.5(0.37 %),9000,121500000,8000,108000000,3458500,43.62
19/12/2019,1000,13430000,13.4(-0.74 %),1000,13430000,0,0,3449500,43.77
20/12/2019,-140,-1890000,13.7(2.24 %),6810,91940000,6950,93830000,3442690,43.88
23/12/2019,0,0,13.75(0.36 %),0,0,0,0,3457640,43.64
24/12/2019,0,0,13.7(-0.36 %),0,0,0,0,3457640,43.64
25/12/2019,10,138000,13.8(0.73 %),10,138000,0,0,3457630,43.64
26/12/2019,0,0,13.9(0.72 %),0,0,0,0,3457630,43.64
27/12/2019,10,140000,13.95(0.36 %),10,140000,0,0,3457620,43.64
30/12/2019,40,570000,14(0.36 %),40,570000,0,0,3457580,43.64
31/12/2019,0,0,14(0.00 %),0,0,0,0,3457620,43.64
02/01/2020,160,2280000,14.3(2.14 %),160,2280000,0,0,3457420,43.64
03/01/2020,10,142000,14.25(-0.35 %),10,142000,0,0,3457570,43.64
06/01/2020,10,140000,14.25(0.00 %),10,140000,0,0,3457560,43.64
07/01/2020,700,9800000,14.3(0.35 %),700,9800000,0,0,3456860,43.65
08/01/2020,10,140000,14.15(-1.05 %),10,140000,0,0,3456690,43.65
09/01/2020,20,283500,14.2(0.35 %),20,283500,0,0,3456830,43.65
10/01/2020,-230,-3270000,14.2(0.00 %),0,0,230,3270000,3456670,43.65
13/01/2020,-270,-3840000,14.2(0.00 %),10,140000,280,3980000,3456660,43.65
14/01/2020,0,0,14.15(-0.35 %),0,0,0,0,3457330,43.64
15/01/2020,-8090,-111673500,13.95(-1.41 %),0,0,8090,111673500,3465420,43.51
16/01/2020,-1180,-16440000,13.9(-0.36 %),10,140000,1190,16580000,3457160,43.65
17/01/2020,0,0,13.65(-1.80 %),0,0,0,0,3457160,43.65
20/01/2020,18320,250870000,13.75(0.73 %),20630,282290000,2310,31420000,3444620,43.85
21/01/2020,0,0,13.75(0.00 %),0,0,0,0,3445810,43.83
22/01/2020,3840,52752000,14(1.82 %),3840,52752000,0,0,3441970,43.89
30/01/2020,8000,113600000,14.2(1.43 %),8000,113600000,0,0,3433970,44.02
31/01/2020,1580,22365000,14.1(-0.70 %),1580,22365000,0,0,3432390,44.05
03/02/2020,1040,14483500,13.85(-1.77 %),1040,14483500,0,0,3434700,44.01
04/02/2020,9640,133910000,13.95(0.72 %),9640,133910000,0,0,3424020,44.19
05/02/2020,8510,118291000,13.95(0.00 %),8510,118291000,0,0,3416550,44.31
06/02/2020,10,141000,14.1(1.08 %),10,141000,0,0,3416540,44.31
07/02/2020,13000,183000000,14.2(0.71 %),13010,183140000,10,140000,3402490,44.54
10/02/2020,0,0,14.1(-0.70 %),0,0,0,0,3403540,44.52
11/02/2020,-140,-1981000,14.15(0.35 %),10,141500,150,2122500,3403680,44.52
12/02/2020,6000,84300000,14.2(0.35 %),6000,84300000,0,0,3397680,44.62
13/02/2020,0,0,14.2(0.00 %),0,0,0,0,3396490,44.64
14/02/2020,4450,62360000,14.2(0.00 %),4450,62360000,0,0,3392190,44.71
17/02/2020,0,0,14(-1.41 %),0,0,0,0,3393230,44.69
18/02/2020,-55990,-763280000,13.9(-0.71 %),10,140000,56000,763420000,3392180,44.71
19/02/2020,0,0,13.8(-0.72 %),0,0,0,0,3392180,44.71
20/02/2020,0,0,13.9(0.72 %),0,0,0,0,3449220,43.78
21/02/2020,22110,307149000,13.9(0.00 %),37230,517317000,15120,210168000,3427110,44.14
24/02/2020,12200,167140000,13.7(-1.44 %),60000,823000000,47800,655860000,3350955,45.38
25/02/2020,10,140000,13.8(0.73 %),10,140000,0,0,3350945,45.38
26/02/2020,0,0,13.8(0.00 %),0,0,0,0,3366065,45.13
27/02/2020,30,417000,13.9(0.72 %),30,417000,0,0,3414870,44.34
28/02/2020,0,0,13.9(0.00 %),0,0,0,0,3414870,44.34
02/03/2020,0,0,13.9(0.00 %),0,0,0,0,3413835,44.35
03/03/2020,-4490,-60750000,14.05(1.08 %),210,2950000,4700,63700000,3413625,44.36
04/03/2020,-31990,-433860000,13.9(-1.07 %),3010,42140000,35000,476000000,3410615,44.41
05/03/2020,-4680,-63900000,13.9(0.00 %),0,0,4680,63900000,3410615,44.41
06/03/2020,-6300,-85760000,13.7(-1.44 %),0,0,6300,85760000,3461295,43.58
09/03/2020,90,1230000,13.7(0.00 %),300,4110000,210,2880000,3450015,43.76
10/03/2020,0,0,13.8(0.73 %),0,0,0,0,3461205,43.58
11/03/2020,-570,-7700000,13.75(-0.36 %),0,0,570,7700000,3460992,43.58
12/03/2020,20,270000,12.8(-6.91 %),20,270000,0,0,3461182,43.58
13/03/2020,0,0,12.7(-0.78 %),0,0,0,0,3461755,43.57
16/03/2020,30,370000,12.25(-3.54 %),30,370000,0,0,3461722,43.57
17/03/2020,-200,-2270000,12.25(0.00 %),10,120000,210,2390000,3461712,43.57
18/03/2020,0,0,12.3(0.41 %),0,0,0,0,3461925,43.57
19/03/2020,20,250000,12.3(0.00 %),20,250000,0,0,3461692,43.57
20/03/2020,10,120000,11.5(-6.50 %),10,120000,0,0,3461892,43.57
23/03/2020,-53560,-589650000,10.7(-6.96 %),10,110000,53570,589760000,3461882,43.57
24/03/2020,510,5760000,11.3(5.61 %),510,5760000,0,0,3461372,43.58
25/03/2020,10,118000,11.75(3.98 %),10,118000,0,0,3514955,42.7
26/03/2020,3020,33830000,11.3(-3.83 %),3020,33830000,0,0,3511912,42.75
27/03/2020,0,0,11.45(1.33 %),0,0,0,0,3511935,42.75
30/03/2020,10,112500,11.25(-1.75 %),10,112500,0,0,3511925,42.75
31/03/2020,11950,134897000,11.4(1.33 %),11950,134897000,0,0,3499975,42.95
01/04/2020,30,348000,11.7(2.63 %),30,348000,0,0,3499952,42.95
03/04/2020,0,0,11.75(0.43 %),0,0,0,0,3499922,42.95
06/04/2020,-9940,-116278500,12(2.13 %),70,843000,10010,117121500,3509892,42.79
07/04/2020,-10400,-124800000,12(0.00 %),10,120000,10410,124920000,3520292,42.62
08/04/2020,-300,-3599500,11.95(-0.42 %),30,360500,330,3960000,3520592,42.61
09/04/2020,-70,-844000,12(0.42 %),20,240500,90,1084500,3520662,42.61
10/04/2020,700,8650000,12.7(5.83 %),900,11210000,200,2560000,3519312,42.63
13/04/2020,780,10092000,12.65(-0.39 %),780,10092000,0,0,3519182,42.64
14/04/2020,40,510000,12.5(-1.19 %),40,510000,0,0,3518912,42.64
15/04/2020,10,130000,12.65(1.20 %),10,130000,0,0,3519102,42.64
16/04/2020,210,2625000,12.5(-1.19 %),210,2625000,0,0,3518922,42.64
17/04/2020,30,380000,12.7(1.60 %),30,380000,0,0,3518862,42.64
20/04/2020,30,380000,12.05(-5.12 %),30,380000,0,0,3518832,42.64
21/04/2020,10,120000,12(-0.41 %),10,120000,0,0,3518822,42.64
22/04/2020,20,240000,12(0.00 %),20,240000,0,0,3518802,42.64
23/04/2020,-26550,-318790000,12(0.00 %),180,2170000,26730,320960000,3518622,42.64
24/04/2020,-8000,-96900000,12.7(5.83 %),0,0,8000,96900000,3553382,42.08
27/04/2020,-19790,-242379000,12.45(-1.97 %),260,3237500,20050,245616500,3573172,41.76
28/04/2020,-20490,-250360000,12.45(0.00 %),10,120000,20500,250480000,3545082,42.21
29/04/2020,-5420,-66230000,12.5(0.40 %),0,0,5420,66230000,3553082,42.08
04/05/2020,-20000,-247400500,12.35(-1.20 %),0,0,20000,247400500,3573132,41.76
05/05/2020,-14010,-172120000,12.25(-0.81 %),0,0,14010,172120000,3593632,41.42
06/05/2020,-100,-1230000,12.4(1.22 %),0,0,100,1230000,3599052,41.33
07/05/2020,-72400,-876162000,12.35(-0.40 %),0,0,72400,876162000,3659642,40.35
08/05/2020,-18590,-225622000,12.35(0.00 %),1010,12323000,19600,237945000,3678232,40.04
11/05/2020,-11000,-137050000,12.5(1.21 %),0,0,11000,137050000,3632152,40.79
12/05/2020,-7130,-88250000,12.4(-0.80 %),0,0,7130,88250000,3704552,39.61
13/05/2020,-17940,-222220500,12.5(0.81 %),0,0,17940,222220500,3714302,39.45
14/05/2020,-60980,-749000000,12.35(-1.20 %),20,250000,61000,749250000,3735132,39.12
15/05/2020,-32770,-403750000,12.35(0.00 %),0,0,32770,403750000,3742262,39.0
18/05/2020,-4000,-49600000,12.35(0.00 %),0,0,4000,49600000,3812052,37.86
19/05/2020,-35000,-432500000,12.4(0.40 %),0,0,35000,432500000,3847052,37.29
20/05/2020,-810,-10330000,12.45(0.40 %),1360,16800000,2170,27130000,3852612,37.2
21/05/2020,-5000,-62750000,12.45(0.00 %),0,0,5000,62750000,3852862,37.2
22/05/2020,-430,-5353500,12.45(0.00 %),0,0,430,5353500,3853292,37.19
25/05/2020,0,0,12.5(0.40 %),0,0,0,0,3893782,36.53
26/05/2020,-113830,-1433271000,12.75(2.00 %),0,0,113830,1433271000,3967122,35.33
27/05/2020,-10600,-136710000,12.8(0.39 %),0,0,10600,136710000,3899212,36.44
28/05/2020,1800,23140000,12.8(0.00 %),2000,25700000,200,2560000,3897212,36.47
29/05/2020,2980,37994000,12.8(0.00 %),3000,38250000,20,256000,3972942,35.24
01/06/2020,0,0,12.8(0.00 %),0,0,0,0,4018642,34.49
02/06/2020,-4870,-62580000,12.8(0.00 %),0,0,4870,62580000,4018842,34.49
03/06/2020,-320,-3701000,12.8(0.00 %),5000,64508000,5320,68209000,4023832,34.41
04/06/2020,-2500,-32250000,13.15(2.73 %),2500,32250000,5000,64500000,4026332,34.37
05/06/2020,0,0,13.2(0.38 %),0,0,0,0,4026332,34.37
08/06/2020,0,0,13.25(0.38 %),0,0,0,0,4026332,34.37
09/06/2020,0,0,13.3(0.38 %),0,0,0,0,4026052,34.37
10/06/2020,-5000,-66250000,13.35(0.38 %),0,0,5000,66250000,4031482,34.28
11/06/2020,-36170,-476063000,13.1(-1.87 %),0,0,36170,476063000,4067502,33.7
12/06/2020,-36400,-468340000,13(-0.76 %),0,0,36400,468340000,4031482,34.28
15/06/2020,-101360,-1408840000,13.9(6.92 %),0,0,101360,1408840000,4036482,34.2
16/06/2020,0,0,13.95(0.36 %),0,0,0,0,4205262,31.45
17/06/2020,-70000,-976500000,13.9(-0.36 %),0,0,70000,976500000,4109052,33.02
18/06/2020,-1100,-16170000,14.35(3.24 %),0,0,1100,16170000,4210412,31.37
19/06/2020,-5350,-77035500,14.55(1.39 %),50,724500,5400,77760000,4281712,30.21
22/06/2020,0,0,14.7(1.03 %),0,0,0,0,4280362,30.23
23/06/2020,0,0,14.7(0.00 %),0,0,0,0,4281462,30.21
24/06/2020,-3000,-44100000,14.65(-0.34 %),1000,14700000,4000,58800000,4285862,30.14
25/06/2020,-3860,-56544500,14.65(0.00 %),0,0,3860,56544500,4288572,30.09
26/06/2020,-9990,-146350000,14.6(-0.34 %),10,150000,10000,146500000,4285852,30.14
29/06/2020,-9990,-146353000,14.65(0.34 %),10,147000,10000,146500000,4308552,29.77
30/06/2020,0,0,14.4(-1.71 %),0,0,0,0,4293712,30.01
01/07/2020,0,0,14.45(0.35 %),0,0,0,0,4303712,29.85
02/07/2020,-8090,-117364000,14.5(0.35 %),0,0,8090,117364000,4311802,29.72
03/07/2020,0,0,15(3.45 %),0,0,0,0,4311802,29.72
06/07/2020,0,0,15(0.00 %),0,0,0,0,4308712,29.77
07/07/2020,1000,15150000,15.4(2.67 %),1000,15150000,0,0,4315802,29.65
08/07/2020,0,0,15.4(0.00 %),0,0,0,0,4310802,29.73
09/07/2020,3000,45650000,15.45(0.32 %),3000,45650000,0,0,4307802,29.78
10/07/2020,0,0,15.3(-0.97 %),0,0,0,0,4312802,29.7
13/07/2020,-950,-14440000,15.35(0.33 %),0,0,950,14440000,4312802,29.7
14/07/2020,0,0,15.3(-0.33 %),0,0,0,0,4312802,29.7
15/07/2020,0,0,15.35(0.33 %),0,0,0,0,4312802,29.7
16/07/2020,-200,-3140000,15.5(0.98 %),0,0,200,3140000,4308952,29.76
17/07/2020,0,0,15.9(2.58 %),0,0,0,0,4313752,29.68
20/07/2020,-20000,-319000000,16(0.63 %),0,0,20000,319000000,4328952,29.44
21/07/2020,-23320,-362960000,15.6(-2.50 %),0,0,23320,362960000,4313952,29.68
22/07/2020,-7730,-120200000,15.5(-0.64 %),0,0,7730,120200000,4313952,29.68
23/07/2020,-25120,-384600000,15.35(-0.97 %),0,0,25120,384600000,4333952,29.35
24/07/2020,-9480,-146090000,15.45(0.65 %),530,8060000,10010,154150000,4356742,28.98
27/07/2020,0,0,14.7(-4.85 %),0,0,0,0,4394602,28.37
28/07/2020,-19930,-299950000,15.25(3.74 %),70,1050000,20000,301000000,4389522,28.45
29/07/2020,-72620,-1065490000,14.95(-1.97 %),20,300000,72640,1065790000,4399512,28.29
30/07/2020,-72620,-1065488000,14.9(-0.33 %),20,298500,72640,1065786500,4559772,25.67
31/07/2020,-39990,-602830000,15.4(3.36 %),10,150000,40000,602980000,4419502,27.96
03/08/2020,-70530,-1135883000,16.45(6.82 %),0,0,70530,1135883000,4492142,26.78
04/08/2020,1400,23950000,17.15(4.26 %),2130,36440000,730,12490000,4494942,26.73
05/08/2020,1470,25046000,17.3(0.87 %),1480,25218000,10,172000,4489272,26.82
06/08/2020,900,13010000,14.3(-17.34 %),900,13010000,0,0,4603092,24.97
07/08/2020,-1500,-21270000,14.2(-0.70 %),210,2970000,1710,24240000,4603612,24.96
10/08/2020,1420,18998000,13.6(-4.23 %),2200,29940000,780,10942000,4488452,26.84
11/08/2020,0,0,13.6(0.00 %),0,0,0,0,4488452,26.84
12/08/2020,1000,13600000,13.6(0.00 %),1000,13600000,0,0,4602132,24.98
13/08/2020,500,6800000,13.6(0.00 %),500,6800000,0,0,4602412,24.98
14/08/2020,0,0,13.25(-2.57 %),0,0,0,0,4486952,26.86
17/08/2020,-800,-10490000,13(-1.89 %),200,2610000,1000,13100000,4487752,26.85
18/08/2020,-12480,-162240000,12.95(-0.38 %),0,0,12480,162240000,4500232,26.64
19/08/2020,320,4160000,13.2(1.93 %),320,4160000,0,0,4601892,24.99
20/08/2020,53250,703150000,13.15(-0.38 %),53250,703150000,0,0,4549642,25.84
21/08/2020,-6340,-84010000,13.3(1.14 %),0,0,6340,84010000,4562122,25.64
24/08/2020,0,0,13.3(0.00 %),0,0,0,0,4562122,25.64
25/08/2020,650,8577500,13.15(-1.13 %),700,9240000,50,662500,4452352,27.42
26/08/2020,0,0,13.25(0.76 %),0,0,0,0,4452352,27.42
27/08/2020,100,1330000,13.2(-0.38 %),100,1330000,0,0,4567662,25.54
28/08/2020,0,0,13.25(0.38 %),0,0,0,0,4567712,25.54
31/08/2020,1000,13200000,13.25(0.00 %),1000,13200000,0,0,4566712,25.56
01/09/2020,17160,224140000,13.25(0.00 %),17160,224140000,0,0,4549552,25.84
03/09/2020,1780,24350000,13(-1.89 %),7500,98830000,5720,74480000,4542052,25.96
04/09/2020,3890,50181000,13(0.00 %),3890,50181000,0,0,4561042,25.65
07/09/2020,8610,111880000,12.95(-0.38 %),8610,111880000,0,0,4529552,26.17
08/09/2020,1000,12900000,13(0.39 %),1000,12900000,0,0,4551432,25.81
09/09/2020,600,7710000,13(0.00 %),600,7710000,0,0,4550832,25.82
10/09/2020,16030,207790000,13(0.00 %),16030,207790000,0,0,4517642,26.36
11/09/2020,11140,144824000,13(0.00 %),11140,144824000,0,0,4523662,26.26
14/09/2020,50,651000,13(0.00 %),50,651000,0,0,4523612,26.26
15/09/2020,0,0,13.1(0.77 %),0,0,0,0,4523612,26.26
16/09/2020,0,0,13.1(0.00 %),0,0,0,0,4523612,26.26
17/09/2020,100,1305000,13.05(-0.38 %),100,1305000,0,0,4523512,26.26
18/09/2020,100,1310000,13.1(0.38 %),100,1310000,0,0,4506252,26.55
21/09/2020,10,131000,13.15(0.38 %),10,131000,0,0,4523402,26.27
22/09/2020,0,0,13.05(-0.76 %),0,0,0,0,4523402,0.0
23/09/2020,0,0,13.2(1.15 %),0,0,0,0,4523402,26.27
24/09/2020,-300,-3930000,13.2(0.00 %),0,0,300,3930000,4523702,26.26
25/09/2020,0,0,13.2(0.00 %),0,0,0,0,4523702,26.26
28/09/2020,0,0,13.45(1.89 %),0,0,0,0,4523702,26.26
29/09/2020,0,0,13.35(-0.74 %),0,0,0,0,4506542,26.54
30/09/2020,200,2650000,13.25(-0.75 %),200,2650000,0,0,4523502,26.26
01/10/2020,3000,40000000,13.3(0.38 %),3000,40000000,0,0,4503342,26.59
02/10/2020,-5670,-74310000,13(-2.26 %),20,270000,5690,74580000,4503322,26.59
05/10/2020,0,0,13.1(0.77 %),0,0,0,0,4512012,26.45
06/10/2020,10,131500,13.2(0.76 %),10,131500,0,0,4512002,26.45
07/10/2020,20,270000,13.25(0.38 %),20,270000,0,0,4508982,26.5
08/10/2020,0,0,13.25(0.00 %),0,0,0,0,4511982,26.45
09/10/2020,0,0,13.2(-0.38 %),0,0,0,0,4508982,26.5
12/10/2020,0,0,13.15(-0.38 %),0,0,0,0,4511982,26.45
13/10/2020,0,0,13.15(0.00 %),0,0,0,0,4508982,26.5
14/10/2020,0,0,13.2(0.38 %),0,0,0,0,4511982,26.45
15/10/2020,0,0,13.15(-0.38 %),0,0,0,0,4511982,26.45
16/10/2020,0,0,13.1(-0.38 %),0,0,0,0,4508982,26.5
19/10/2020,520,6760000,13.1(0.00 %),520,6760000,0,0,4508462,26.51
20/10/2020,2300,30360000,13.2(0.76 %),2300,30360000,0,0,4506162,26.55
21/10/2020,0,0,13.2(0.00 %),0,0,0,0,4506162,26.55
22/10/2020,610,8052000,13.15(-0.38 %),610,8052000,0,0,4508552,26.51
23/10/2020,0,0,13.15(0.00 %),0,0,0,0,4505552,26.56
26/10/2020,-6590,-86314000,13.05(-0.76 %),300,3945000,6890,90259000,4515142,26.4
27/10/2020,-2800,-36440000,13.1(0.38 %),100,1310000,2900,37750000,4505152,26.56
28/10/2020,110,1450000,13.05(-0.38 %),110,1450000,0,0,4505042,26.57
29/10/2020,20,260000,13.05(0.00 %),20,260000,0,0,4517812,26.36
30/10/2020,50,652500,13(-0.38 %),50,652500,0,0,4517762,26.36
02/11/2020,0,0,13.1(0.77 %),0,0,0,0,4514762,26.41
03/11/2020,50,660000,13.2(0.76 %),50,660000,0,0,4514712,26.41
04/11/2020,-2590,-33733000,13.2(0.00 %),1410,18344500,4000,52077500,4517302,26.37
05/11/2020,10,131500,13.15(-0.38 %),10,131500,0,0,4517292,26.37
06/11/2020,50,652500,13.15(0.00 %),50,652500,0,0,4517242,26.37
09/11/2020,0,0,13.2(0.38 %),0,0,0,0,4517242,26.37
10/11/2020,37760,498010000,13.3(0.76 %),48000,633600000,10240,135590000,4469242,27.15
11/11/2020,0,0,13.4(0.75 %),0,0,0,0,4479482,26.98
12/11/2020,4000,53600000,13.45(0.37 %),4000,53600000,0,0,4475482,27.05
13/11/2020,1000,13300000,13.45(0.00 %),1000,13300000,0,0,4474482,27.06
16/11/2020,860,11520000,13.5(0.37 %),1000,13400000,140,1880000,4473482,27.08
17/11/2020,-300,-4020000,13.45(-0.37 %),0,0,300,4020000,4473922,27.07
18/11/2020,0,0,13.3(-1.12 %),0,0,0,0,4473482,27.08
19/11/2020,6910,92488500,13.4(0.75 %),7110,95168500,200,2680000,4467012,27.19
20/11/2020,0,0,13.4(0.00 %),0,0,0,0,4467012,27.19
23/11/2020,4000,53550000,13.5(0.75 %),4000,53550000,0,0,4463012,27.25
24/11/2020,5790,77120000,13.4(-0.74 %),5790,77120000,0,0,4457225,27.34
25/11/2020,0,0,13.4(0.00 %),0,0,0,0,4457225,27.34
26/11/2020,0,0,13.3(-0.75 %),0,0,0,0,4457225,27.34
27/11/2020,-110,-1470000,13.4(0.75 %),0,0,110,1470000,4457225,27.34
30/11/2020,0,0,13.4(0.00 %),0,0,0,0,4457225,27.34
01/12/2020,3600,47790000,13.35(-0.37 %),5100,67820000,1500,20030000,4452125,27.43
02/12/2020,20,270000,13.7(2.62 %),20,270000,0,0,4452215,27.43
03/12/2020,0,0,14.3(4.38 %),0,0,0,0,4452215,27.43
04/12/2020,0,0,14.5(1.40 %),0,0,0,0,4453715,27.4
07/12/2020,5350,76305000,14.4(-0.69 %),5350,76305000,0,0,4451855,27.43
08/12/2020,7300,103260000,14.4(0.00 %),7300,103260000,0,0,4441065,27.61
09/12/2020,40,0,14.35(-0.35 %),40,0,0,0,4444515,27.55
10/12/2020,-1300,-18590000,14.3(-0.35 %),0,0,1300,18590000,4445815,27.53
11/12/2020,-500,-7130000,14.45(1.05 %),0,0,500,7130000,4446315,27.52
14/12/2020,0,0,14.45(0.00 %),0,0,0,0,4446315,27.52
15/12/2020,-50,-720000,14.45(0.00 %),0,0,50,720000,4446365,27.52
16/12/2020,0,0,14.5(0.35 %),0,0,0,0,4446365,27.52
17/12/2020,500,72500000,14.4(-0.69 %),500,72500000,0,0,4437825,27.66
18/12/2020,500,7200000,14.55(1.04 %),500,7200000,0,0,4440865,27.61
21/12/2020,0,0,14.5(-0.34 %),0,0,0,0,4440865,27.61
22/12/2020,0,0,14.5(0.00 %),0,0,0,0,4440865,27.61
23/12/2020,0,0,14.7(1.38 %),0,0,0,0,4440865,27.61
24/12/2020,-3820,-56230000,14.65(-0.34 %),1180,17520000,5000,73750000,4436195,27.69
25/12/2020,7,1480000,14.7(0.34 %),507,74730000,500,73250000,4431125,27.77
28/12/2020,-4680,-69498000,15(2.04 %),320,4752000,5000,74250000,4449295,27.47
29/12/2020,-5350,-83415000,15.6(4.00 %),2850,43890000,8200,127305000,4454645,27.39
30/12/2020,4540,57986000,15.9(1.92 %),6040,81686000,1500,23700000,4450105,27.46
31/12/2020,30100,480050000,15.7(-1.26 %),31920,508624000,1820,28574000,4401815,28.25
04/01/2021,5000,79250000,15.75(0.32 %),5000,79250000,0,0,4408195,28.14
05/01/2021,500,78500000,15.8(0.32 %),500,78500000,0,0,4404695,28.2
06/01/2021,3400,53920000,15.8(0.00 %),3600,57080000,200,3160000,4399795,28.28
07/01/2021,0,0,15.85(0.32 %),0,0,0,0,4402915,28.23
08/01/2021,440,69520000,15.7(-0.95 %),440,69520000,0,0,4398515,28.3
11/01/2021,-2300,-34280000,15.9(1.27 %),0,0,2300,34280000,4397695,28.32
12/01/2021,100,1570000,15.75(-0.94 %),100,1570000,0,0,4397595,28.32
13/01/2021,6500,100225000,15.65(-0.63 %),6500,100225000,0,0,4391095,28.42
14/01/2021,500,7650000,15.7(0.32 %),1500,23050000,1000,15400000,4390595,28.43
15/01/2021,-800,-12000000,15.7(0.00 %),1200,18800000,2000,30800000,4391395,28.42
18/01/2021,700,10875000,15.55(-0.96 %),700,10875000,0,0,4390695,28.43
19/01/2021,12000,186600000,15(-3.54 %),12000,186600000,0,0,4378695,28.62
20/01/2021,-180,-27000000,15.35(2.33 %),120,18000000,300,45000000,4380815,28.59
21/01/2021,2600,40460000,16.15(5.21 %),4600,72460000,2000,32000000,4377895,28.64
22/01/2021,10000,159500000,16.15(0.00 %),10000,159500000,0,0,4367895,28.8
25/01/2021,0,0,16.15(0.00 %),0,0,0,0,4367895,28.8
26/01/2021,0,0,16.15(0.00 %),0,0,0,0,4371255,28.75
27/01/2021,100,1535000,15.9(-1.55 %),100,1535000,0,0,4367795,28.8
28/01/2021,-2300,-35860000,15.2(-4.40 %),0,0,2300,35860000,4370095,28.77
29/01/2021,0,0,15.15(-0.33 %),0,0,0,0,4371155,28.75
01/02/2021,10,1520000,15.2(0.33 %),10,1520000,0,0,4371055,28.75
02/02/2021,0,0,15.2(0.00 %),0,0,0,0,4371055,28.75
03/02/2021,0,0,15.35(0.99 %),0,0,0,0,4371055,28.75
04/02/2021,1000,15000000,15.5(0.98 %),1000,15000000,0,0,4370055,28.77
05/02/2021,350,54050000,15.5(0.00 %),350,54050000,0,0,4368855,28.79
08/02/2021,300,45860000,15.1(-2.58 %),300,45860000,0,0,4365855,28.83
09/02/2021,-3000,-46550000,15.55(2.98 %),3500,53200000,6500,99750000,4366555,28.82
17/02/2021,12100,193340000,15.85(1.93 %),12100,193340000,0,0,4354455,29.02
18/02/2021,100,1590000,15.6(-1.58 %),100,1590000,0,0,4354355,29.02
19/02/2021,250,39750000,15.9(1.92 %),250,39750000,0,0,4354155,29.03
22/02/2021,-4400,-68235000,15.8(-0.63 %),600,9265000,5000,77500000,4356255,28.99
23/02/2021,0,0,15.85(0.32 %),0,0,0,0,4356255,28.99
24/02/2021,0,0,15.75(-0.63 %),0,0,0,0,4356255,28.99
25/02/2021,-20,-3400000,15.95(1.27 %),80,12600000,100,16000000,4357755,28.97
26/02/2021,0,0,16(0.31 %),0,0,0,0,4356455,28.99
01/03/2021,2500,39855000,16.05(0.31 %),2600,41445000,100,1590000,4357755,28.97
02/03/2021,1300,20835000,15.75(-1.87 %),2000,31950000,700,11115000,4356455,28.99
03/03/2021,-320,-50900000,15.95(1.27 %),30,4750000,350,55650000,4353855,29.03
04/03/2021,-3000,-48000000,15.8(-0.94 %),0,0,3000,48000000,4362655,28.89
05/03/2021,-500,-7950000,15.7(-0.63 %),0,0,500,7950000,4363155,28.88
08/03/2021,0,0,16.05(2.23 %),0,0,0,0,4363155,28.88
09/03/2021,-10000,-158000000,16.1(0.31 %),0,0,10000,158000000,4373155,28.72
10/03/2021,-4600,-73600000,16.2(0.62 %),1100,17600000,5700,91200000,4377755,28.64
11/03/2021,0,0,16.3(0.62 %),0,0,0,0,4377755,28.64
12/03/2021,-12000,-191300000,16.2(-0.61 %),1000,16050000,13000,207350000,4389755,28.44
15/03/2021,430,69020000,16.15(-0.31 %),430,69020000,0,0,4371015,28.75
16/03/2021,4200,68020000,16.1(-0.31 %),4200,68020000,0,0,4381255,28.58
17/03/2021,0,0,16.15(0.62 %),0,0,0,0,4381255,28.58
18/03/2021,0,0,16.75(3.72 %),0,0,0,0,4381255,28.58
19/03/2021,6200,104335000,16.75(0.00 %),6200,104335000,0,0,4375055,28.68
22/03/2021,1030,174600000,16.9(0.90 %),1800,303580000,770,128980000,4355615,29.0
23/03/2021,10400,175260000,16.9(0.00 %),10400,175260000,0,0,4354355,29.02
24/03/2021,32700,545490000,16.6(-1.78 %),32700,545490000,0,0,4321655,29.55
25/03/2021,50,8300000,16.4(-1.20 %),50,8300000,0,0,4319715,29.59
26/03/2021,0,0,16.3(-0.61 %),0,0,0,0,4319715,29.59
29/03/2021,2000,33300000,16.35(0.31 %),2000,33300000,0,0,4319155,29.6
30/03/2021,-1700,-28220000,16.45(0.61 %),0,0,1700,28220000,4320855,29.57
31/03/2021,6200,102320000,16.5(0.30 %),6200,102320000,0,0,4314655,29.67
01/04/2021,2000,33000000,16.7(1.21 %),2000,33000000,0,0,4311515,29.72
02/04/2021,2000,33200000,16.6(-0.60 %),2000,33200000,0,0,4309515,29.75
05/04/2021,7600,127370000,16.8(1.20 %),12500,209290000,4900,81920000,4301915,29.88
06/04/2021,43200,724270000,16.7(-0.60 %),43200,724270000,0,0,4258715,30.58
07/04/2021,0,0,16.5(-1.20 %),0,0,0,0,4253515,30.67
08/04/2021,-50,-8300000,16.6(0.61 %),0,0,50,8300000,4258415,30.59
09/04/2021,1380,228790000,16.6(0.00 %),1670,276920000,290,48130000,4241715,30.86
12/04/2021,900,14955000,16.6(0.00 %),2000,33165000,1100,18210000,4244515,30.81
13/04/2021,32000,533950000,16.7(0.60 %),32200,537290000,200,3340000,4212515,31.33
14/04/2021,2720,454330000,16.75(0.30 %),2880,481050000,160,26720000,4182115,31.83
15/04/2021,114200,1937735000,17.4(3.88 %),114200,1937735000,0,0,4071115,33.64
16/04/2021,0,0,17.2(-1.15 %),0,0,0,0,4071115,33.64
19/04/2021,2100,36210000,17.45(1.45 %),2100,36210000,0,0,4069015,33.67
20/04/2021,1640,279690000,17.2(-1.43 %),1640,279690000,0,0,4052315,33.95
22/04/2021,14800,249435000,16.15(-6.10 %),14800,249435000,0,0,4037815,34.18
23/04/2021,-600,-9580000,16.55(2.48 %),0,0,600,9580000,4038415,34.17
26/04/2021,10800,178365000,16.35(-1.21 %),10800,178365000,0,0,4027615,34.35
27/04/2021,7000,112750000,16.2(-0.92 %),7000,112750000,0,0,4020615,34.46
28/04/2021,25900,425315000,16.5(1.85 %),25900,425315000,0,0,3994715,34.88
29/04/2021,6200,101635000,16.45(-0.30 %),6200,101635000,0,0,3988515,34.99
04/05/2021,-50,-8000000,16.4(-0.30 %),20,3200000,70,11200000,3988064,34.99
05/05/2021,-200,-3260000,16.4(0.00 %),0,0,200,3260000,3988464,34.99
06/05/2021,6500,106600000,16.4(0.00 %),6500,106600000,0,0,3981964,35.09
07/05/2021,300,4920000,16.4(0.00 %),300,4920000,0,0,3981664,35.1
10/05/2021,900,14820000,16.8(2.44 %),900,14820000,0,0,3980764,35.11
11/05/2021,250,42430000,17(1.19 %),270,45790000,20,3360000,3978564,35.15
12/05/2021,4900,82955000,16.95(-0.29 %),6200,104875000,1300,21920000,3973364,35.23
13/05/2021,0,0,16.5(-2.65 %),0,0,0,0,3972364,35.25
14/05/2021,0,0,16.5(0.00 %),0,0,0,0,3973364,35.23
17/05/2021,1000,16300000,16.35(-0.91 %),1000,16300000,0,0,3972364,35.25
18/05/2021,3400,55590000,16.6(1.53 %),3400,55590000,0,0,3968964,35.3
19/05/2021,600,9880000,16.5(-0.60 %),600,9880000,0,0,3968364,35.31
20/05/2021,-3800,-62630000,16.3(-1.21 %),800,13040000,4600,75670000,3972164,35.25
21/05/2021,1340,219700000,16.45(0.92 %),2630,431900000,1290,212200000,3941764,35.75
24/05/2021,0,0,16.7(1.52 %),0,0,0,0,3958764,35.47
25/05/2021,4730,799430000,16.9(1.20 %),4940,834500000,210,35070000,3896964,36.48
26/05/2021,32200,547630000,16.95(0.30 %),32200,547630000,0,0,3879264,36.77
27/05/2021,16300,276205000,16.95(0.00 %),16600,281290000,300,5085000,3862964,37.03
28/05/2021,350,59150000,16.9(-0.29 %),350,59150000,0,0,3859664,37.09
31/05/2021,5300,89635000,17.4(2.96 %),10300,174635000,5000,85000000,3854164,37.18
01/06/2021,520,91000000,17.1(-1.72 %),550,96250000,30,5250000,3844164,37.34
02/06/2021,13100,224715000,17.3(1.17 %),15100,259015000,2000,34300000,3836564,37.46
03/06/2021,4200,72350000,17.3(0.00 %),4200,72350000,0,0,3832364,37.53
04/06/2021,1320,228010000,17.2(-0.58 %),1440,248870000,120,20860000,3815764,37.8
07/06/2021,1700,29480000,17.35(0.87 %),3200,55505000,1500,26025000,3817464,37.77
08/06/2021,2300,39915000,17.4(0.29 %),2300,39915000,0,0,3815164,37.81
09/06/2021,1900,32880000,17.4(0.00 %),1900,32880000,0,0,3813264,37.84
10/06/2021,60,10440000,17.45(0.29 %),60,10440000,0,0,3812464,37.85
11/06/2021,4000,69975000,17.55(0.57 %),4100,71720000,100,1745000,3808664,37.92
14/06/2021,350,61630000,17.6(0.28 %),360,63390000,10,1760000,3804774,37.98
15/06/2021,50,7790000,15.55(-11.65 %),60,9360000,10,1570000,3804174,37.99
16/06/2021,27200,424615000,15.85(1.93 %),27900,435500000,700,10885000,3777464,38.43
17/06/2021,2800,42890000,15.5(-2.21 %),6400,98925000,3600,56035000,3774664,38.47
18/06/2021,6520,1007580000,15.55(0.32 %),6520,1007580000,0,0,3704974,39.61
21/06/2021,2300,355820000,15.45(-0.64 %),2300,355820000,0,0,3682674,39.97
22/06/2021,1050,161830000,15.4(-0.32 %),1060,163370000,10,1540000,3675674,40.08
23/06/2021,26000,399450000,15.4(0.00 %),26000,399450000,0,0,3649964,40.5
24/06/2021,650,99730000,15.4(0.00 %),650,99730000,0,0,3643174,40.61
25/06/2021,2060,316140000,15.35(-0.32 %),2060,316140000,0,0,3622674,40.95
28/06/2021,1520,233180000,15.4(0.33 %),1520,233180000,0,0,3607474,41.2
29/06/2021,4800,73680000,15.4(0.00 %),4800,73680000,0,0,3602864,41.27
30/06/2021,6900,105820000,15.4(0.00 %),6900,105820000,0,0,3595964,41.38
01/07/2021,10400,160305000,15.4(0.00 %),10400,160305000,0,0,3595774,41.39
02/07/2021,10000,153500000,15.4(0.00 %),10000,153500000,0,0,3585774,41.55
05/07/2021,180,27720000,15.2(-1.30 %),180,27720000,0,0,3573574,41.75
06/07/2021,510,77970000,15.2(0.00 %),510,77970000,0,0,3568474,41.83
07/07/2021,0,-20000,15.2(0.00 %),100,1500000,100,1520000,3578874,41.66
08/07/2021,-120,-18240000,15.1(-0.66 %),290,44080000,410,62320000,3565474,41.88
09/07/2021,-400,-6000000,15(-0.66 %),1300,19500000,1700,25500000,3580474,41.64
12/07/2021,50,7500000,14.5(-3.33 %),50,7500000,0,0,3563774,41.91
13/07/2021,5500,79750000,14.45(-0.34 %),5500,79750000,0,0,3574474,41.73
14/07/2021,-29500,-424810000,14.4(-0.35 %),100,1435000,29600,426245000,3603974,41.25
15/07/2021,-29500,-423335000,14.95(3.82 %),700,10035000,30200,433370000,3633474,40.77
16/07/2021,5000,72500000,14.75(-1.34 %),5000,72500000,0,0,3628474,40.85
19/07/2021,100,1460000,14.5(-1.69 %),200,2900000,100,1440000,3628374,40.86
20/07/2021,-110,-15840000,14.45(-0.34 %),0,0,110,15840000,3617874,41.03
21/07/2021,3020,437900000,14.6(1.04 %),3020,437900000,0,0,3587674,41.52
22/07/2021,-200,-29000000,14.75(1.03 %),0,0,200,29000000,3587774,41.52
23/07/2021,4600,66700000,14.55(-1.36 %),4600,66700000,0,0,3596674,41.37
26/07/2021,5000,76110000,15.3(5.15 %),5000,76110000,0,0,3591674,41.45
27/07/2021,2400,37425000,15.5(1.31 %),2400,37425000,0,0,3589274,41.49
28/07/2021,110,17150000,15.7(1.29 %),110,17150000,0,0,3577774,41.68
29/07/2021,5100,78740000,15.5(-1.27 %),5100,78740000,0,0,3583074,41.59
30/07/2021,400,6185000,15.4(-0.65 %),400,6185000,0,0,3582674,41.6
02/08/2021,1200,18850000,15.45(0.32 %),2200,33880000,1000,15030000,3572274,41.77
03/08/2021,4000,61500000,15.55(0.65 %),4000,61500000,0,0,3568274,41.84
04/08/2021,300,4620000,15.6(0.32 %),300,4620000,0,0,3567974,41.84
05/08/2021,-7600,-117985000,15.5(-0.64 %),200,3090000,7800,121075000,3575574,41.72
06/08/2021,-19500,-300535000,15.45(-0.32 %),12500,192500000,32000,493035000,3595074,41.4
09/08/2021,-16900,-259830000,15.45(0.00 %),13100,202170000,30000,462000000,3611974,41.12
10/08/2021,-16600,-256055000,15.6(0.97 %),20000,308375000,36600,564430000,3628574,40.85
11/08/2021,-14100,-219360000,15.7(0.64 %),14200,221170000,28300,440530000,3642674,40.62
12/08/2021,-5000,-78445000,15.6(-0.64 %),14900,231995000,19900,310440000,3647674,40.54
13/08/2021,64700,692950800,15.6(0.00 %),65700,708557800,1000,15607000,3582974,41.6
16/08/2021,-800,-12635000,15.8(1.28 %),500,7800000,1300,20435000,3583774,41.58
17/08/2021,5400,85320000,15.75(-0.32 %),5400,85320000,0,0,3572174,41.77
18/08/2021,200,3400000,16.85(6.98 %),400,6720000,200,3320000,3583574,41.59
19/08/2021,2100,37135000,17.6(4.45 %),2100,37135000,0,0,3581474,41.62
20/08/2021,11500,203110000,17.35(-1.42 %),39200,676800000,27700,473690000,3569974,41.81
23/08/2021,31200,527390000,17(-2.02 %),31200,527390000,0,0,3538774,42.32
24/08/2021,24100,401880000,17.25(1.47 %),24100,401880000,0,0,3514674,42.71
25/08/2021,900,15290000,17.1(-0.87 %),1000,17000000,100,1710000,3513774,42.72
26/08/2021,-19400,-321365000,17(-0.58 %),1500,25000000,20900,346365000,3533174,42.41
27/08/2021,2200,37000000,17.1(0.59 %),2200,37000000,0,0,3530974,42.44
30/08/2021,14000,239820000,17.15(0.29 %),15000,256875000,1000,17055000,3516974,42.67
31/08/2021,-7000,-122400000,17.55(2.33 %),0,0,7000,122400000,3523974,42.56
01/09/2021,19400,339420000,17.7(0.85 %),19400,339420000,0,0,3489974,43.11
06/09/2021,800,13860000,17.65(-0.28 %),10800,190360000,10000,176500000,3489174,43.12
07/09/2021,3200,56930000,17.75(0.57 %),6500,115325000,3300,58395000,3485974,43.18
08/09/2021,22800,403605000,17.8(0.28 %),22800,403605000,0,0,3463174,43.55
09/09/2021,13700,242490000,17.8(0.00 %),13700,242490000,0,0,3449474,43.77
10/09/2021,15400,272640000,17.75(-0.28 %),15400,272640000,0,0,3434074,44.02
13/09/2021,18700,330520000,17.7(-0.28 %),18700,330520000,0,0,3415374,44.33
14/09/2021,28500,501600000,17.7(0.00 %),28500,501600000,0,0,3386874,44.79
15/09/2021,29300,515730000,17.8(0.56 %),29300,515730000,0,0,3357574,45.27
16/09/2021,100,1775000,17.75(-0.28 %),100,1775000,0,0,3357474,45.27
17/09/2021,1800,32870000,18.2(2.54 %),1800,32870000,0,0,3355674,45.3
20/09/2021,9600,175995000,18.3(0.55 %),9600,175995000,0,0,3346074,45.46
21/09/2021,24000,436200000,18.6(1.64 %),24000,436200000,0,0,3322074,45.85
22/09/2021,2900,53945000,18.5(-0.54 %),3000,55800000,100,1855000,3319174,45.9
23/09/2021,6800,125460000,18.7(1.08 %),7000,129200000,200,3740000,3312374,46.01
24/09/2021,12200,227090000,18.75(0.27 %),12200,227090000,0,0,3300174,46.21
27/09/2021,41600,773910000,18.45(-1.60 %),41600,773910000,0,0,3258574,46.88
28/09/2021,6000,110700000,18.7(1.36 %),6000,110700000,0,0,3252574,46.98
29/09/2021,12100,223550000,18.6(-0.53 %),12100,223550000,0,0,3240474,47.18
30/09/2021,1400,26180000,18.6(0.00 %),1400,26180000,0,0,3239074,47.2
01/10/2021,0,0,18.65(0.27 %),184900,3198770000,184900,3198770000,3247074,47.07
04/10/2021,0,0,18.9(1.34 %),0,0,0,0,3247074,47.07
05/10/2021,-100,-2020000,20.2(6.88 %),0,0,100,2020000,3247174,47.07
06/10/2021,0,-250000,20.15(-0.25 %),1000,20350000,1000,20600000,3247174,0.0
07/10/2021,-300,-6530000,20.15(0.00 %),1100,22630000,1400,29160000,3247474,0.0
08/10/2021,3100,62425000,20.05(-0.50 %),3100,62425000,0,0,3244374,0.0
11/10/2021,400,0,20(-0.25 %),500,0,100,0,3243974,0.0
12/10/2021,1100,22190000,20.25(1.25 %),1100,22190000,0,0,3242874,0.0
13/10/2021,4700,95325000,20.5(1.23 %),4700,95325000,0,0,3238174,0.0
14/10/2021,0,0,20.35(-0.73 %),0,0,0,0,3238174,0.0
15/10/2021,100,2400000,20.15(-0.98 %),1000,20500000,900,18100000,3238074,0.0
18/10/2021,4600,92080000,20.5(1.74 %),4600,92080000,0,0,3233474,0.0
19/10/2021,9200,184650000,20(-2.44 %),9200,184650000,0,0,3224274,0.0
20/10/2021,83300,1640880000,19.45(-2.75 %),83300,1640880000,0,0,3140974,0.0
21/10/2021,41100,797490000,19.6(0.77 %),41100,797490000,0,0,3183174,0.0
22/10/2021,34500,678300000,19.8(1.02 %),36000,707700000,1500,29400000,3148674,0.0
25/10/2021,11900,233890000,19.8(0.00 %),11900,233890000,0,0,3136774,0.0
26/10/2021,-200,-3940000,19.65(-0.76 %),0,0,200,3940000,3136974,0.0
27/10/2021,18600,363630000,19.65(0.00 %),18600,363630000,0,0,3118374,0.0
28/10/2021,7500,146655000,19.9(1.27 %),7500,146655000,0,0,3110874,0.0
29/10/2021,3800,74500000,19.8(-0.50 %),3800,74500000,0,0,3114574,49.23
01/11/2021,2400,47490000,19.85(0.25 %),2700,53460000,300,5970000,3023774,50.71
02/11/2021,24900,491395000,19.8(-0.25 %),32400,639870000,7500,148475000,2998874,51.12
03/11/2021,12600,248580000,19.75(-0.25 %),12600,248580000,0,0,2986274,0.0
04/11/2021,200,0,19.75(0.00 %),6300,0,6100,0,2998674,0.0
05/11/2021,-34100,-678295000,19.9(0.76 %),11400,224840000,45500,903135000,3032974,0.0
08/11/2021,-14800,-293300000,19.75(-0.75 %),21800,431390000,36600,724690000,3013674,50.88
09/11/2021,24400,478930000,19.7(-0.25 %),36000,706500000,11600,227570000,2989274,51.27
10/11/2021,-5000,-97745000,19.5(-1.02 %),6000,117294000,11000,215039000,2994274,0.0
11/11/2021,-21500,-419250000,19.7(1.03 %),7100,138450000,28600,557700000,3010774,50.92
12/11/2021,-38900,-761950000,19.5(-1.02 %),17700,345165000,56600,1107115000,3049674,50.29
15/11/2021,3900,76160000,19.5(0.00 %),16500,321190000,12600,245030000,3045774,50.35
16/11/2021,1300,23200000,19.8(1.54 %),6000,117000000,4700,93800000,3044474,50.37
17/11/2021,4200,82380000,19.7(-0.51 %),6000,118200000,1800,35820000,3040274,50.44
18/11/2021,1500,28650000,19.8(0.51 %),6000,118200000,4500,89550000,3038774,50.47
19/11/2021,10900,214920000,19.7(-0.51 %),12100,238690000,1200,23770000,3027874,50.64
22/11/2021,17600,345045000,19.55(-0.76 %),24000,471000000,6400,125955000,3010274,50.93
23/11/2021,7400,144625000,19.55(0.00 %),7900,154350000,500,9725000,3002874,51.05
24/11/2021,100,1960000,19.6(0.26 %),100,1960000,0,0,3002774,51.05
25/11/2021,300,5900000,19.7(0.51 %),300,5900000,0,0,3002474,51.06
26/11/2021,26300,514640000,19.6(-0.51 %),26300,514640000,0,0,2976174,0.0
29/11/2021,3200,0,19.6(0.00 %),3200,0,0,0,2972974,0.0
30/11/2021,-400,-7585000,19.45(-0.77 %),2600,50915000,3000,58500000,2976574,51.48
01/12/2021,-16300,-328730000,20.1(3.34 %),4100,80390000,20400,409120000,2988275,51.29
02/12/2021,5800,115410000,20(-0.50 %),6100,121430000,300,6020000,2982475,51.38
03/12/2021,100,1960000,19.6(-2.00 %),100,1960000,0,0,2982375,51.39
06/12/2021,3100,60675000,19(-3.06 %),3100,60675000,0,0,2979275,51.44
07/12/2021,-100,-1900000,19.4(2.11 %),0,0,100,1900000,2979375,51.43
08/12/2021,100,1910000,19.2(-1.03 %),100,1910000,0,0,2979275,51.44
09/12/2021,0,0,18.8(-2.08 %),0,0,0,0,2979275,0.0
10/12/2021,600,11280000,18.8(0.00 %),600,11280000,0,0,2978675,51.45
13/12/2021,10300,195700000,19(1.06 %),10300,195700000,0,0,2968375,51.61
14/12/2021,-1700,-32300000,19.1(0.53 %),300,5700000,2000,38000000,2970075,10.31
15/12/2021,300,5730000,19.35(1.31 %),300,5730000,0,0,2969775,10.32
16/12/2021,4700,89790000,19.25(-0.52 %),4700,89790000,0,0,2965075,10.33
17/12/2021,200,3810000,19.1(-0.78 %),200,3810000,0,0,2964875,10.33
20/12/2021,600,11395000,18.9(-1.05 %),600,11395000,0,0,2964275,10.33
21/12/2021,200,3830000,18.85(-0.26 %),200,3830000,0,0,2964075,0.0
22/12/2021,1300,24435000,18.8(-0.53 %),1400,26350000,100,1915000,2962775,10.34
23/12/2021,1400,26170000,18.8(0.00 %),2100,39050000,700,12880000,2961375,0.0
24/12/2021,0,0,18.8(0.00 %),0,0,0,0,2962775,10.34
27/12/2021,100,1880000,18.85(0.27 %),100,1880000,0,0,2979375,51.43
28/12/2021,800,15030000,18.85(-0.26 %),2500,47160000,1700,32130000,2978575,10.29
29/12/2021,100,1890000,18.9(0.00 %),100,1890000,0,0,2977775,51.46
30/12/2021,20500,385450000,18.9(0.00 %),20500,385450000,0,0,2958975,51.77
31/12/2021,6800,127340000,18.7(-1.06 %),6800,127340000,0,0,2952175,51.88
04/01/2022,3900,73310000,18.9(1.07 %),3900,73310000,0,0,2948275,51.94
05/01/2022,30400,577930000,19(0.53 %),31400,596930000,1000,19000000,2916880,52.45
06/01/2022,-13900,-254850000,18.65(-1.84 %),8000,152170000,21900,407020000,2908880,52.58
07/01/2022,-29800,-550540000,18.8(0.53 %),3300,62020000,33100,612560000,2906580,52.62
10/01/2022,700,0,18.7(-0.53 %),700,0,0,0,2927780,52.28
11/01/2022,500,9300000,18.7(0.00 %),600,11160000,100,1860000,2960280,51.75
12/01/2022,0,0,18.8(0.53 %),0,0,0,0,2960280,51.75
13/01/2022,13800,259670000,18.55(-1.33 %),13900,261560000,100,1890000,2946480,51.97
14/01/2022,2300,42350000,18.5(-0.54 %),2300,42350000,0,0,2944180,52.01
17/01/2022,9000,168435000,18.5(0.00 %),9000,168435000,0,0,2935280,52.15
18/01/2022,13200,248100000,18.5(0.00 %),13200,248100000,0,0,2922080,52.37
19/01/2022,2200,40735000,18.5(0.00 %),2200,40735000,0,0,2919880,52.4
20/01/2022,6500,120760000,18.55(0.27 %),10500,194560000,4000,73800000,2909380,52.58
21/01/2022,1100,20835000,18.8(-3.59 %),1100,20835000,0,0,2908280,52.59
24/01/2022,4000,75200000,18.8(0.00 %),4000,75200000,0,0,2908280,52.59
25/01/2022,3400,63930000,18.9(0.53 %),3500,65820000,100,1890000,2904780,52.65
26/01/2022,500,0,18.8(-0.53 %),500,0,0,0,2904280,52.66
27/01/2022,-100,-1880000,18.8(0.00 %),0,0,100,1880000,2904380,52.66
28/01/2022,0,0,18.9(0.53 %),0,0,0,0,2904380,52.66
07/02/2022,300,5740000,19.2(1.59 %),300,5740000,0,0,2904180,52.66
08/02/2022,5100,98770000,19.25(0.26 %),5100,98770000,0,0,2899080,52.74
09/02/2022,600,11570000,19.3(0.00 %),600,11570000,0,0,2898480,52.75
10/02/2022,11800,229830000,19.4(0.52 %),11800,229830000,0,0,2886680,52.95
11/02/2022,3700,71790000,19.5(0.52 %),3700,71790000,0,0,2882980,53.01
14/02/2022,9300,181100000,19.45(-0.26 %),9500,185000000,200,3900000,2873480,53.16
15/02/2022,3700,71965000,19.45(-0.26 %),3800,73910000,100,1945000,2869680,53.22
16/02/2022,100,1950000,19.5(0.00 %),100,1950000,0,0,2869780,53.22
17/02/2022,4800,94270000,19.7(1.03 %),4800,94270000,0,0,2865080,53.3
18/02/2022,0,0,19.7(0.00 %),0,0,0,0,2865080,53.3
21/02/2022,4300,84680000,19.55(-0.76 %),4300,84680000,0,0,2860780,53.37
22/02/2022,4300,82815000,19.55(-0.26 %),4400,84805000,100,1990000,2856380,53.44
23/02/2022,0,0,19.55(-0.26 %),0,0,0,0,2856380,53.44
24/02/2022,3800,74205000,19.2(-2.04 %),4100,79965000,300,5760000,2852380,53.5
25/02/2022,100,1930000,19.25(0.26 %),100,1930000,0,0,2852280,53.51
28/02/2022,100,1940000,19.8(2.59 %),100,1940000,0,0,2852480,53.5
01/03/2022,300,5880000,19.5(-1.52 %),300,5880000,0,0,2852180,53.51
02/03/2022,3400,65280000,19.4(-0.51 %),3400,65280000,0,0,2848780,53.56
03/03/2022,200,3850000,19.5(0.52 %),200,3850000,0,0,2848580,53.57
04/03/2022,2900,56840000,19.6(0.51 %),2900,56840000,0,0,2845680,53.61
07/03/2022,5900,115070000,19.7(0.51 %),5900,115070000,0,0,2839780,53.71
08/03/2022,1900,37240000,19.6(-0.51 %),1900,37240000,0,0,2837880,53.74
09/03/2022,7700,150850000,19.7(0.51 %),10900,213410000,3200,62560000,2826980,53.92
10/03/2022,12300,241780000,19.7(0.00 %),12300,241780000,0,0,2814680,54.12
11/03/2022,500,9850000,19.7(0.00 %),500,9850000,0,0,2817380,54.08
14/03/2022,22700,446100000,19.7(0.00 %),22700,446100000,0,0,2794680,54.45
15/03/2022,1600,31520000,19.8(0.51 %),1600,31520000,0,0,2793080,54.47
16/03/2022,2000,39100000,19.8(0.00 %),2000,39100000,0,0,2791080,54.5
17/03/2022,3600,71175000,19.8(0.00 %),3600,71175000,0,0,2787480,54.56
18/03/2022,16300,322695000,19.8(0.00 %),17400,344585000,1100,21890000,2770080,54.85
21/03/2022,0,0,19.8(0.00 %),0,0,0,0,2770080,54.85
22/03/2022,2000,39600000,19.8(0.00 %),2000,39600000,0,0,2769180,54.86
23/03/2022,2500,49250000,19.8(0.00 %),2500,49250000,0,0,2766680,54.9
24/03/2022,3100,60760000,19.75(-0.25 %),3100,60760000,0,0,2763580,54.95
25/03/2022,10400,205060000,19.75(-0.25 %),10400,205060000,0,0,2753180,55.12
28/03/2022,25500,502905000,19.8(0.00 %),30600,604385000,5100,101480000,2722580,55.62
29/03/2022,15300,302950000,19.8(0.00 %),15900,314830000,600,11880000,2706680,55.88
30/03/2022,10000,197980000,19.8(0.00 %),10100,199970000,100,1990000,2701680,55.96
31/03/2022,36900,742170000,20.1(1.52 %),42400,853320000,5500,111150000,2659880,56.64
01/04/2022,16700,334030000,19.9(-1.00 %),16700,334030000,0,0,2643280,56.91
04/04/2022,2700,53770000,19.6(-1.51 %),4000,79540000,1300,25770000,2644780,56.89
05/04/2022,14100,278180000,19.8(1.02 %),14100,278180000,0,0,2630680,57.12
06/04/2022,0,0,19.8(0.00 %),0,0,0,0,2631980,57.1
07/04/2022,800,15680000,19.85(0.25 %),800,15680000,0,0,2631180,11.42
08/04/2022,8500,165000000,19.65(-1.26 %),8500,165000000,0,0,2622680,57.25
12/04/2022,2700,52620000,19.5(-0.76 %),2700,52620000,0,0,2619980,11.46
13/04/2022,25800,508085000,19.85(1.79 %),25800,508085000,0,0,2619980,57.29
14/04/2022,8400,168010000,19.95(0.25 %),9500,189845000,1100,21835000,2584680,57.87
15/04/2022,4500,0,19.7(-1.50 %),18700,0,14200,0,2565980,58.17
18/04/2022,17000,333150000,19.35(-1.78 %),17000,333150000,0,0,2550080,58.43
19/04/2022,21900,427360000,19.4(0.00 %),21900,427360000,0,0,2542380,58.56
20/04/2022,6700,128200000,19.15(-1.29 %),6700,128200000,0,0,2577980,11.59
21/04/2022,1800,33915000,19.05(-0.78 %),7800,148515000,6000,114600000,2527880,58.79
22/04/2022,7100,135590000,20(4.99 %),7100,135590000,0,0,2520780,58.91
25/04/2022,22300,433270000,19.25(-3.75 %),23100,448190000,800,14920000,2503680,59.19
26/04/2022,-700,-12835000,19.25(-0.26 %),1300,24210000,2000,37045000,2502380,59.21
27/04/2022,7400,144365000,19.6(1.55 %),7500,146325000,100,1960000,2495680,59.32
28/04/2022,0,0,19.7(0.51 %),0,0,0,0,2497680,59.29
29/04/2022,0,0,19.7(0.00 %),0,0,0,0,2497780,59.28
04/05/2022,12400,239845000,19.6(-0.51 %),14800,286765000,2400,46920000,2482980,59.53
05/05/2022,0,0,19.6(0.00 %),0,0,0,0,2482980,11.9
06/05/2022,2000,38500000,19.25(-1.79 %),4500,86625000,2500,48125000,2480880,59.56
09/05/2022,11000,209000000,19(-1.55 %),11000,209000000,0,0,2469880,59.74
10/05/2022,100,1880000,18.8(-1.05 %),5300,99640000,5200,97760000,2467080,59.79
11/05/2022,0,0,18.9(0.53 %),0,0,0,0,2467080,11.95
12/05/2022,0,0,18.9(0.00 %),0,0,0,0,2467080,11.95
13/05/2022,9200,167960000,18.3(-3.17 %),14500,266650000,5300,98690000,2457780,59.94
16/05/2022,-6000,-113100000,18.85(3.01 %),5000,94250000,11000,207350000,2452780,60.02
17/05/2022,-5000,-92250000,18.45(-2.38 %),10000,184500000,15000,276750000,2448080,60.1
18/05/2022,0,-92250000,18.45(-0.27 %),0,184500000,0,276750000,2459080,59.92
19/05/2022,-200,-3800000,19(2.70 %),0,0,200,3800000,2474080,59.67
20/05/2022,-8100,-148230000,18.3(-3.68 %),0,0,8100,148230000,2474080,59.67
23/05/2022,4900,88200000,18(-1.64 %),10300,185400000,5400,97200000,2463980,59.84
24/05/2022,-2800,-50400000,18(0.00 %),5000,90000000,7800,140400000,2467080,59.79
25/05/2022,-2000,-36000000,18(0.00 %),5000,90000000,7000,126000000,2467480,59.78
26/05/2022,100,1900000,19(5.56 %),1200,22800000,1100,20900000,2474080,59.67
27/05/2022,0,1900000,19(0.00 %),0,22800000,0,20900000,2481080,59.56
30/05/2022,0,0,18.5(-2.63 %),100,1850000,100,1850000,2482080,59.54
31/05/2022,200,3540000,17.7(-4.32 %),200,3540000,0,0,2481880,59.54
01/06/2022,200,3670000,18.35(3.67 %),6200,113770000,6000,110100000,2475780,59.64
02/06/2022,-60400,-1057000000,17.5(-4.89 %),3000,52500000,63400,1109500000,2472780,59.69
03/06/2022,7500,129750000,17.3(-1.14 %),10000,173000000,2500,43250000,2468780,59.76
06/06/2022,0,0,17.3(0.00 %),0,0,0,0,2532180,58.72
07/06/2022,-2500,-43250000,17.3(0.00 %),0,0,2500,43250000,2534680,58.68
08/06/2022,-6300,-108990000,17.3(0.00 %),0,0,6300,108990000,2534706,58.68
09/06/2022,-60700,-1031900000,17(-1.73 %),200,3400000,60900,1035300000,2537006,58.65
10/06/2022,0,-1031900000,16.8(-1.18 %),0,3400000,0,1035300000,2543306,58.54
13/06/2022,-3900,-64350000,16.5(-1.79 %),11200,184800000,15100,249150000,2593006,57.73
14/06/2022,-100,-1650000,16.5(0.00 %),0,0,100,1650000,2593006,57.73
15/06/2022,-5600,-90720000,16.2(-1.82 %),0,0,5600,90720000,2608106,57.49
16/06/2022,-29700,-479655000,16.15(-0.31 %),0,0,29700,479655000,2608206,57.48
17/06/2022,0,-479655000,16.15(-0.31 %),0,0,0,479655000,2613806,57.39
20/06/2022,-11900,-188035000,15.7(-3.09 %),100,1565000,12000,189600000,2643406,56.91
21/06/2022,-4400,-68640000,15.6(-0.64 %),10000,156000000,14400,224640000,2633406,57.07
22/06/2022,-11600,-180960000,15.6(0.00 %),2000,31200000,13600,212160000,2643406,56.91
23/06/2022,0,-180960000,16.6(6.41 %),0,31200000,0,212160000,2657806,56.68
24/06/2022,-700,-11200000,16(-3.61 %),1300,20800000,2000,32000000,2670106,56.48
27/06/2022,-8500,-135765000,16(0.00 %),0,0,8500,135765000,2670106,56.48
28/06/2022,-14900,-244360000,16.4(2.50 %),100,1640000,15000,246000000,2672006,56.44
29/06/2022,-62600,-1006635000,16.2(-1.22 %),0,0,62600,1006635000,2680506,56.31
30/06/2022,-45100,-730620000,16.2(0.00 %),300,4860000,45400,735480000,2695206,56.07
01/07/2022,-1100,-16720000,15.2(-0.65 %),0,0,1100,16720000,2757806,55.05
04/07/2022,-8200,-122480000,14.9(-1.97 %),0,0,8200,122480000,2757806,0.0
05/07/2022,-4500,-66150000,14.7(-1.34 %),700,10290000,5200,76440000,2803606,54.3
06/07/2022,-5500,-79750000,14.5(-1.36 %),5200,75400000,10700,155150000,2806606,54.25
07/07/2022,-7000,-101500000,14.5(0.00 %),0,0,7000,101500000,2811806,54.17
08/07/2022,0,-169065000,14.4(-0.69 %),0,2890000,0,171955000,2811806,10.83
11/07/2022,-11700,-169065000,14.45(0.35 %),200,2890000,11900,171955000,2829106,53.88
12/07/2022,-4600,-68540000,14.9(2.76 %),0,0,4600,68540000,2833006,53.82
13/07/2022,-7900,-116130000,14.7(-1.34 %),200,2940000,8100,119070000,2844706,53.63
14/07/2022,-15200,-226480000,14.9(1.36 %),0,0,15200,226480000,2849306,53.55
15/07/2022,-19000,-278350000,14.65(-1.68 %),900,13185000,19900,291535000,2856506,53.44
18/07/2022,-10600,-154760000,14.6(-0.68 %),5500,80300000,16100,235060000,2866206,53.28
19/07/2022,-18800,-273540000,14.55(-0.34 %),0,0,18800,273540000,2886106,52.95
20/07/2022,-22100,-329290000,14.9(2.05 %),1700,25330000,23800,354620000,2900506,52.72
21/07/2022,-8300,-122425000,14.75(-1.01 %),5700,84075000,14000,206500000,2913606,52.51
22/07/2022,0,-189440000,14.8(0.00 %),0,0,0,189440000,2937406,52.12
25/07/2022,-7000,-105000000,15(1.35 %),19000,285000000,26000,390000000,2932406,52.2
26/07/2022,-21100,-315445000,14.95(-0.33 %),0,0,21100,315445000,2945206,51.99
27/07/2022,-6800,-100980000,14.85(-1.00 %),200,2970000,7000,103950000,2971006,51.57
28/07/2022,-34200,-511290000,14.95(0.34 %),18900,282555000,53100,793845000,2973206,51.54
29/07/2022,-21400,-319930000,14.95(-0.33 %),200,2990000,21600,322920000,2980006,51.42
01/08/2022,-13900,-207110000,14.9(-0.67 %),80200,1194980000,94100,1402090000,2952906,51.87
02/08/2022,-76800,-1159680000,15.1(1.34 %),20000,302000000,96800,1461680000,2954506,51.84
03/08/2022,-47900,-728080000,15.2(0.66 %),100,1520000,48000,729600000,3048506,50.31
04/08/2022,-16800,-252000000,15(-1.32 %),18200,273000000,35000,525000000,3127106,49.03
05/08/2022,-8100,-121095000,14.95(-0.33 %),0,0,8100,121095000,3175106,48.24
08/08/2022,-22200,-326340000,14.7(-2.00 %),200,2940000,22400,329280000,3209906,47.68
09/08/2022,-107600,-1603240000,14.9(1.36 %),17000,253300000,124600,1856540000,3201006,47.82
10/08/2022,-36800,-539120000,14.65(-1.68 %),0,0,36800,539120000,3223406,47.46
11/08/2022,-51200,-750080000,14.65(-0.34 %),0,0,51200,750080000,3348006,45.43
12/08/2022,-67900,-994735000,14.65(-0.34 %),0,0,67900,994735000,3384806,44.83
15/08/2022,-46300,-685240000,14.8(0.68 %),4500,66600000,50800,751840000,3431506,44.06
16/08/2022,-39100,-576725000,14.75(-0.34 %),0,0,39100,576725000,3499406,42.96
17/08/2022,-8200,-122590000,14.95(1.01 %),0,0,8200,122590000,3550206,42.13
18/08/2022,5100,76500000,15(0.00 %),5100,76500000,0,0,3584206,41.58
19/08/2022,100,1510000,15.1(0.67 %),100,1510000,0,0,3592306,41.44
22/08/2022,2000,29900000,14.95(-0.99 %),22000,328900000,20000,299000000,3570306,41.8
23/08/2022,200,2990000,14.95(-0.33 %),200,2990000,0,0,3570106,41.81
24/08/2022,1600,23920000,14.95(-0.33 %),1600,23920000,0,0,3588506,41.51
25/08/2022,-3100,-46345000,14.95(-0.33 %),0,0,3100,46345000,3588506,41.51
26/08/2022,0,-46345000,15(0.00 %),0,0,0,46345000,3588506,41.51
29/08/2022,0,-46345000,14.7(-2.00 %),0,0,0,46345000,3591606,41.45
30/08/2022,0,-46345000,14.8(0.68 %),0,0,0,46345000,3591606,41.45
31/08/2022,400,5940000,14.85(0.34 %),400,5940000,0,0,3591206,41.46
05/09/2022,2400,35880000,14.95(0.34 %),3900,58305000,1500,22425000,3587306,41.53
06/09/2022,0,35880000,14.75(-1.67 %),0,58305000,0,22425000,3587306,41.53
07/09/2022,300,4410000,14.7(-0.68 %),300,4410000,0,0,3588506,41.51
08/09/2022,0,4410000,14.85(1.02 %),0,4410000,0,0,3588506,41.51
09/09/2022,5100,75480000,14.8(-0.67 %),5100,75480000,0,0,3583406,41.59
12/09/2022,3497,75480000,15(1.35 %),3500,75480000,3,0,3579906,41.65
13/09/2022,5000,44400000,15(0.00 %),5000,44400000,0,0,3574906,41.73
14/09/2022,0,44400000,15(0.00 %),0,44400000,0,0,3574909,41.73
15/09/2022,2989,44400000,14.8(-1.33 %),3000,44400000,11,0,0,41.78
16/09/2022,0,44400000,14.85(0.34 %),0,44400000,0,0,3571909,41.78
19/09/2022,0,44400000,14.7(-1.34 %),0,44400000,0,0,3571909,8.35
20/09/2022,6000,88500000,14.75(0.34 %),6000,88500000,0,0,3565920,41.87
21/09/2022,0,88500000,14.8(0.00 %),0,88500000,0,0,3565920,41.87
22/09/2022,0,88500000,14.75(-0.34 %),0,88500000,0,0,3565920,41.87
23/09/2022,-40,-592000,14.8(0.00 %),0,0,40,592000,3565920,41.87
26/09/2022,-10000,-145000000,14.5(-2.03 %),0,0,10000,145000000,3565920,41.87
27/09/2022,0,-145000000,14.5(0.00 %),0,0,0,145000000,3565960,41.87
28/09/2022,-10000,-145000000,14.5(0.00 %),3000,43500000,13000,188500000,3572960,41.76
29/09/2022,4200,60690000,14.45(-0.34 %),4200,60690000,0,0,3568760,41.83
30/09/2022,4000,57800000,14.45(-0.34 %),4000,57800000,0,0,3577760,41.68
03/10/2022,4300,59340000,13.8(-4.83 %),10000,138000000,5700,78660000,3567760,41.84
04/10/2022,0,59340000,13.9(0.72 %),0,138000000,0,78660000,3567760,41.84
05/10/2022,100,1390000,13.9(0.00 %),100,1390000,0,0,3573360,41.75
06/10/2022,0,1390000,13.6(-2.16 %),0,1390000,0,0,3573360,41.75
07/10/2022,0,1390000,13.6(0.00 %),0,1390000,0,0,3573360,41.75
10/10/2022,993,13753050,13.85(1.84 %),1000,13850000,7,96950,3572360,41.77
11/10/2022,0,13753050,13.85(-0.36 %),0,13850000,0,96950,3572360,41.77
12/10/2022,0,13753050,13.95(0.36 %),0,13850000,0,96950,3572367,41.77
13/10/2022,0,13753050,14.1(0.71 %),0,13850000,0,96950,3572367,41.77
14/10/2022,0,13753050,14.2(0.71 %),0,13850000,0,96950,3572367,41.77
17/10/2022,0,13753050,14.1(-0.70 %),0,13850000,0,96950,3572367,41.77
18/10/2022,0,13753050,14.2(0.71 %),0,13850000,0,96950,3572367,41.77
19/10/2022,0,0,13.5(-4.93 %),0,0,0,0,3572367,8.35
20/10/2022,0,0,13.7(1.48 %),0,0,0,0,3572367,8.35
21/10/2022,100,1360000,13.15(-4.01 %),100,1360000,0,0,3572267,8.35
24/10/2022,4200,51450000,12.25(-7.20 %),4200,51450000,0,0,3568067,8.37
25/10/2022,-12000,-136800000,11.5(-6.50 %),0,0,12000,136800000,3580067,8.33
26/10/2022,0,0,11.5(0.00 %),0,0,0,0,3580067,8.33
27/10/2022,0,0,11.9(3.48 %),0,0,0,0,3580067,41.64
28/10/2022,0,-138000000,11.95(0.42 %),0,0,0,138000000,3580067,41.64
31/10/2022,0,-138000000,11.3(-5.83 %),0,0,0,138000000,3580067,41.64
01/11/2022,100,1135000,11.35(0.44 %),100,1135000,0,0,3579967,41.64
02/11/2022,0,1135000,11.8(3.51 %),0,1135000,0,0,3579967,41.64
03/11/2022,0,1135000,11.7(-0.85 %),0,1135000,0,0,3579967,41.64
04/11/2022,0,1135000,11.9(1.71 %),0,1135000,0,0,3579967,41.64
07/11/2022,0,1135000,11.8(-0.84 %),0,1135000,0,0,3579967,41.64
08/11/2022,0,1135000,11.8(0.00 %),0,1135000,0,0,3579967,41.64
09/11/2022,0,1135000,11.6(-1.69 %),0,1135000,0,0,3579967,41.64
10/11/2022,-9000,-101700000,11.3(-2.59 %),0,0,9000,101700000,3579967,41.64
11/11/2022,0,-101700000,11.25(-0.44 %),0,0,0,101700000,3579967,41.64
14/11/2022,0,-101700000,11.2(-0.88 %),0,0,0,101700000,3588967,41.5
15/11/2022,100,1080000,10.8(-3.57 %),100,1080000,0,0,3588867,41.5
16/11/2022,0,1080000,11.55(6.94 %),0,1080000,0,0,3588867,41.5
17/11/2022,100,1165000,11.65(0.43 %),100,1165000,0,0,3588767,41.5
18/11/2022,500,5850000,11.7(0.00 %),500,5850000,0,0,3588267,41.51
21/11/2022,0,5850000,12.1(3.42 %),0,5850000,0,0,3588267,41.51
22/11/2022,0,5850000,12.55(3.72 %),0,5850000,0,0,3588267,41.51
23/11/2022,-9900,-116820000,11.8(-6.35 %),0,0,9900,116820000,3588267,41.51
24/11/2022,-1000,-11800000,11.8(0.00 %),0,0,1000,11800000,3588267,41.51
25/11/2022,-7700,-90860000,11.8(0.00 %),15900,187620000,23600,278480000,3582267,41.61
28/11/2022,-13200,-155760000,11.8(0.00 %),800,9440000,14000,165200000,3595467,0.0
29/11/2022,-7200,-84960000,11.8(0.00 %),3500,41300000,10700,126260000,3602667,0.0
30/11/2022,400,4720000,11.8(0.00 %),400,4720000,0,0,3602267,8.25
01/12/2022,-26400,-311520000,11.8(0.00 %),4800,56640000,31200,368160000,3611367,0.0
02/12/2022,-10900,-128620000,11.8(0.00 %),100,1180000,11000,129800000,3622267,0.0
05/12/2022,-3,-35850,11.95(1.27 %),0,0,3,35850,3622270,8.19
06/12/2022,-7,-83650,11.95(-0.42 %),0,0,7,83650,3622277,8.19
07/12/2022,0,-83650,12.15(1.25 %),0,0,0,83650,3622277,8.19
08/12/2022,0,-83650,12.3(0.82 %),0,0,0,83650,3664177,40.27
09/12/2022,0,-83650,12.5(1.63 %),0,0,0,83650,3664177,40.27
12/12/2022,0,-83650,12.6(0.80 %),0,0,0,83650,3622277,8.19
13/12/2022,0,-83650,12.3(-2.38 %),0,0,0,83650,3622277,0.0
14/12/2022,0,-83650,12.45(1.22 %),0,0,0,83650,3622277,8.19
15/12/2022,0,-83650,12.45(-0.40 %),0,0,0,83650,3622277,8.19
16/12/2022,0,-83650,12.45(-0.40 %),0,0,0,83650,3622277,8.19
19/12/2022,0,-83650,12.45(-0.40 %),0,0,0,83650,3622277,8.19
20/12/2022,0,-83650,12.4(-0.80 %),0,0,0,83650,3622277,8.19
21/12/2022,0,-83650,12.45(0.40 %),0,0,0,83650,3622277,8.19
22/12/2022,-300,-3600000,12(-4.00 %),10000,120000000,10300,123600000,3622577,8.19
23/12/2022,0,-3600000,12.15(1.25 %),0,120000000,0,123600000,3622577,8.19
26/12/2022,800,9800000,12.25(0.41 %),900,11025000,100,1225000,3621777,8.19
27/12/2022,0,9800000,12.15(-1.22 %),0,11025000,0,1225000,3621777,8.19
28/12/2022,100,1215000,12.15(-0.41 %),100,1215000,0,0,3621677,8.19
29/12/2022,500,6100000,12.2(0.00 %),500,6100000,0,0,3663077,40.29
30/12/2022,0,6100000,12.3(0.82 %),0,6100000,0,0,3663077,40.29
03/01/2023,100,1230000,12.3(0.00 %),100,1230000,0,0,3662977,8.06
04/01/2023,0,1230000,12.3(0.00 %),0,1230000,0,0,3662977,40.29
05/01/2023,0,1230000,12.35(0.41 %),0,1230000,0,0,3662977,40.29
06/01/2023,3800,47120000,12.4(0.00 %),3800,47120000,0,0,3659177,40.35
09/01/2023,695,8791750,12.65(2.02 %),700,8855000,5,63250,3658477,40.36
10/01/2023,0,8791750,12.7(0.00 %),0,8855000,0,63250,3658477,40.36
11/01/2023,0,8791750,12.8(0.79 %),0,8855000,0,63250,3658482,40.36
12/01/2023,0,8791750,12.8(0.00 %),0,8855000,0,63250,3658482,40.36
13/01/2023,100,1285000,12.85(0.39 %),100,1285000,0,0,3658382,40.37
16/01/2023,100,1300000,13(0.78 %),100,1300000,0,0,3658282,40.37
17/01/2023,5200,68380000,13.15(1.15 %),5200,68380000,0,0,3653082,40.45
18/01/2023,300,3750000,12.5(-5.30 %),300,3750000,0,0,3652782,40.46
19/01/2023,400,5300000,13.25(6.00 %),400,5300000,0,0,3652382,40.46
27/01/2023,2000,25500000,12.75(-4.14 %),2000,25500000,0,0,3650382,40.5
30/01/2023,7500,95625000,12.75(-0.39 %),7500,95625000,0,0,3642882,40.62
31/01/2023,200,2560000,12.8(0.00 %),200,2560000,0,0,3642682,40.62
01/02/2023,0,2560000,12.85(0.39 %),0,2560000,0,0,3642682,40.62
02/02/2023,0,2560000,12.85(-0.39 %),0,2560000,0,0,3642682,40.62
03/02/2023,600,7620000,12.7(-1.55 %),600,7620000,0,0,3642082,40.63
06/02/2023,100,1285000,12.85(1.18 %),100,1285000,0,0,3641982,40.63
07/02/2023,0,1285000,12.85(-0.39 %),0,1285000,0,0,3641982,40.63
08/02/2023,0,1285000,12.75(-1.16 %),0,1285000,0,0,3641982,40.63
09/02/2023,0,1285000,12.75(-0.39 %),0,1285000,0,0,3641982,40.63
10/02/2023,100,1270000,12.7(-0.78 %),100,1270000,0,0,3641882,40.64
13/02/2023,400,5000000,12.5(-1.57 %),400,5000000,0,0,3641482,40.64
14/02/2023,100,1220000,12.2(-2.40 %),100,1220000,0,0,3641382,40.64
15/02/2023,-1900,-23275000,12.25(0.41 %),100,1225000,2000,24500000,3641282,40.65
16/02/2023,200,2460000,12.3(0.00 %),200,2460000,0,0,3641082,40.65
17/02/2023,0,2460000,12.4(0.81 %),0,2460000,0,0,3643082,40.62
20/02/2023,700,8575000,12.25(-1.21 %),700,8575000,0,0,3642382,40.63
21/02/2023,1600,19760000,12.35(0.41 %),1600,19760000,0,0,3640782,40.65
22/02/2023,0,19760000,12.25(-1.21 %),0,19760000,0,0,3640782,40.65
23/02/2023,200,2410000,12.05(-2.03 %),200,2410000,0,0,3640582,40.66
24/02/2023,0,2410000,12.2(0.83 %),0,2410000,0,0,3640582,8.13
27/02/2023,4100,50430000,12.3(0.82 %),4100,50430000,0,0,3636482,40.72
28/02/2023,0,50430000,12.1(-1.63 %),0,50430000,0,0,3636482,40.72
01/03/2023,3900,47190000,12.1(0.00 %),5000,60500000,1100,13310000,3631482,40.8
02/03/2023,-200,-2410000,12.05(-0.41 %),0,0,200,2410000,3631482,40.8
03/03/2023,-100,-1190000,11.9(-1.65 %),0,0,100,1190000,3632582,40.79
06/03/2023,-3300,-39765000,12.05(1.26 %),300,3615000,3600,43380000,3632482,40.79
07/03/2023,200,2440000,12.2(0.83 %),200,2440000,0,0,3632382,40.79
08/03/2023,400,4800000,12(-1.64 %),400,4800000,0,0,3635582,40.74
09/03/2023,0,4800000,12.05(0.42 %),0,4800000,0,0,3635582,40.74
10/03/2023,0,4800000,12.3(1.65 %),0,4800000,0,0,3635582,40.74
13/03/2023,3500,41650000,11.9(-3.25 %),4300,51170000,800,9520000,3632082,0.0
14/03/2023,-2200,-26400000,12(0.84 %),200,2400000,2400,28800000,3631082,40.81
15/03/2023,3500,42000000,12(0.00 %),3500,42000000,0,0,3628382,40.86
16/03/2023,300,3420000,11.4(-5.00 %),300,3420000,0,0,3630482,40.82
17/03/2023,1800,20700000,11.5(0.88 %),1800,20700000,0,0,3628682,40.85
20/03/2023,3000,34200000,11.4(-0.87 %),3000,34200000,0,0,3625682,40.9
21/03/2023,1400,2410000,11.35(-0.44 %),1400,2410000,0,0,3624282,40.92
22/03/2023,-1300,-14755000,11.4(0.00 %),0,0,1300,14755000,3625582,8.18
23/03/2023,200,2250000,11.4(0.00 %),200,2250000,0,0,3625382,8.18
24/03/2023,200,2220000,11.15(-2.19 %),200,2220000,0,0,3625182,8.18
27/03/2023,45,501750,11.15(-0.45 %),45,501750,0,0,3625137,0.0
28/03/2023,0,501750,11(-1.79 %),0,501750,0,0,3625137,8.18
29/03/2023,200,2220000,11.1(0.91 %),200,2220000,0,0,3624937,40.91
30/03/2023,100,1110000,11.1(0.00 %),100,1110000,0,0,3624837,40.91
31/03/2023,35,406000,11.6(4.50 %),35,406000,0,0,3624802,40.91
03/04/2023,1000,11800000,11.8(1.72 %),1000,11800000,0,0,3623802,40.93
04/04/2023,500,5875000,11.75(-0.42 %),500,5875000,0,0,3623302,40.94
05/04/2023,0,5875000,11.75(-0.42 %),0,5875000,0,0,3623302,40.94
06/04/2023,200,2300000,11.5(-2.54 %),200,2300000,0,0,3623102,40.94
07/04/2023,-12500,-142500000,11.4(-0.87 %),0,0,12500,142500000,3623102,40.94
10/04/2023,500,5775000,11.55(1.32 %),500,5775000,0,0,3622602,40.95
11/04/2023,0,5775000,11.5(-0.86 %),0,5775000,0,0,3635102,40.75
12/04/2023,0,5775000,11.5(0.00 %),0,5775000,0,0,3635102,40.75
13/04/2023,0,5775000,11.75(2.17 %),0,5775000,0,0,3635102,40.75
14/04/2023,0,5775000,11.9(0.85 %),0,5775000,0,0,3635102,40.75
17/04/2023,0,5775000,11.15(-6.30 %),0,5775000,0,0,3635098,40.75
18/04/2023,300,3390000,11.3(0.89 %),300,3390000,0,0,3634798,40.75
19/04/2023,-9700,-107670000,11.1(-1.77 %),300,3330000,10000,111000000,3634498,40.76
20/04/2023,0,0,11.15(0.45 %),0,0,0,0,3634498,8.15
21/04/2023,100,1115000,11.15(-0.45 %),100,1115000,0,0,3644398,40.59
24/04/2023,10100,112615000,11.15(-0.45 %),10200,113730000,100,1115000,3634198,40.76
25/04/2023,0,112615000,11(-1.79 %),0,113730000,0,1115000,3634198,40.76
26/04/2023,7700,84700000,11(0.00 %),7700,84700000,0,0,3626598,40.88
27/04/2023,1800,19800000,11(0.00 %),1800,19800000,0,0,3624798,8.18
28/04/2023,100,1130000,11.3(2.73 %),100,1130000,0,0,3624698,8.18
04/05/2023,10000,113000000,11.05(-2.21 %),10000,113000000,0,0,3624698,8.18
05/05/2023,0,0,11.1(0.45 %),0,0,0,0,3614698,41.08
08/05/2023,200,2220000,11.1(0.00 %),200,2220000,0,0,3614498,41.08
09/05/2023,-5500,-59675000,11.2(0.90 %),0,0,5500,59675000,3614498,41.08
10/05/2023,400,4500000,11.25(0.45 %),400,4500000,0,0,3614098,8.22
11/05/2023,600,6730000,11.35(0.44 %),600,6730000,0,0,3618998,41.01
12/05/2023,0,0,11.35(-0.44 %),0,0,0,0,3618998,41.01
15/05/2023,100,1110000,11.1(-2.20 %),100,1110000,0,0,3618898,8.2
16/05/2023,200,2270000,11.1(0.00 %),200,2270000,0,0,3618698,8.2
17/05/2023,1000,11150000,11.3(1.80 %),1000,11150000,0,0,3617698,8.2
18/05/2023,0,0,11.3(0.00 %),100,1130000,100,1130000,3617698,8.2
19/05/2023,100,1090000,11.1(-1.77 %),200,2220000,100,1130000,3617598,8.2
22/05/2023,0,0,11.2(0.90 %),0,0,0,0,3617598,8.2
23/05/2023,500,5540000,11(-1.79 %),500,5540000,0,0,3617098,8.21
24/05/2023,0,0,11.1(0.91 %),0,0,0,0,3617098,8.21
25/05/2023,0,0,11.1(0.00 %),0,0,0,0,3617098,8.21
26/05/2023,100,1110000,11.1(0.00 %),100,1110000,0,0,3616998,8.21
29/05/2023,-9900,-109890000,11.1(0.00 %),100,1110000,10000,111000000,3626898,8.17
30/05/2023,200,2260000,11.4(2.70 %),200,2260000,0,0,3626698,8.17
31/05/2023,1200,13660000,11.35(-0.44 %),1200,13660000,0,0,3625498,8.18
01/06/2023,-11400,-125290000,11.1(-2.20 %),200,2260000,11600,127550000,3625568,8.18
02/06/2023,-20400,-223530000,11.15(0.45 %),0,0,20400,223530000,3645968,8.11
05/06/2023,600,6780000,11.35(1.79 %),600,6780000,0,0,3645368,8.11
06/06/2023,0,0,11.2(-1.32 %),0,0,0,0,3645368,8.11
07/06/2023,5000,56525000,11.35(1.34 %),5000,56525000,0,0,3640368,8.13
08/06/2023,0,0,11.55(1.76 %),0,0,0,0,3640368,8.13
09/06/2023,6000,68070000,11.45(-0.87 %),6000,68070000,0,0,3634368,8.15
12/06/2023,100,1180000,11.5(0.44 %),100,1180000,0,0,3634268,8.15
13/06/2023,4500,51075000,11.35(-1.30 %),4500,51075000,0,0,3629768,8.16
14/06/2023,0,0,11.6(2.20 %),0,0,0,0,3629768,8.16
15/06/2023,14500,166075000,11.35(-2.16 %),14500,166075000,0,0,3615268,8.21
16/06/2023,800,9385000,11.55(1.32 %),2000,23005000,1200,13620000,3624668,40.92
19/06/2023,-100,-1135000,11.4(-1.72 %),0,0,100,1135000,3624668,40.92
20/06/2023,200,2260000,11.3(-0.88 %),200,2260000,0,0,3624468,8.18
21/06/2023,500,5650000,11.4(0.88 %),500,5650000,0,0,3625275,40.91
22/06/2023,0,0,11.4(0.00 %),0,0,0,0,3625275,8.18
23/06/2023,-2500,-28500000,11.3(-0.88 %),0,0,2500,28500000,3627775,8.17
26/06/2023,0,0,11.4(0.88 %),0,0,0,0,3625275,40.91
27/06/2023,0,0,11.3(-0.88 %),0,0,0,0,3625275,8.18
28/06/2023,6900,77970000,11.5(1.77 %),6900,77970000,0,0,3618375,8.2
29/06/2023,700,7785000,11.15(0.45 %),700,7785000,0,0,3617675,8.2
30/06/2023,13000,147700000,11.4(1.79 %),13000,147700000,0,0,3604675,8.25
03/07/2023,200,2270000,11.35(-0.44 %),200,2270000,0,0,3607175,8.24
04/07/2023,200,2270000,11.15(-2.19 %),200,2270000,0,0,3606975,8.24
05/07/2023,0,0,11.15(-0.45 %),0,0,0,0,3606975,8.24
06/07/2023,400,4450000,11.05(-1.34 %),400,4450000,0,0,3606375,41.21
07/07/2023,0,0,11.05(-0.45 %),0,0,0,0,3606375,41.21
10/07/2023,800,8840000,11.2(0.90 %),800,8840000,0,0,3605575,8.24
11/07/2023,-1600,-17920000,11.1(-0.89 %),16500,184800000,18100,202720000,3607175,8.24
12/07/2023,-19700,-218680000,11.1(0.00 %),3400,37730000,23100,256410000,3626875,8.17
13/07/2023,-30000,-333000000,11.15(0.45 %),0,0,30000,333000000,3656875,8.08
14/07/2023,0,0,11.3(0.89 %),0,0,0,0,3626875,40.88
17/07/2023,0,0,11(-2.65 %),0,0,0,0,3626875,8.17
18/07/2023,0,0,11.05(0.45 %),0,0,0,0,3626875,8.17
19/07/2023,-2000,-22100000,11.05(-0.45 %),0,0,2000,22100000,3656875,40.39
20/07/2023,400,4340000,10.85(-2.25 %),400,4340000,0,0,3656475,8.08
21/07/2023,500,5440000,11(0.92 %),500,5440000,0,0,3655975,8.08
24/07/2023,200,2200000,11(0.00 %),200,2200000,0,0,3657775,40.38
25/07/2023,400,4360000,11(0.00 %),400,4360000,0,0,3657375,40.38
26/07/2023,300,3335000,10.9(-0.91 %),700,7700000,400,4365000,3657075,8.08
27/07/2023,3300,35890000,10.8(-0.92 %),5000,54250000,1700,18360000,3653775,8.09
28/07/2023,0,0,10.8(0.00 %),0,0,0,0,3653775,8.09
31/07/2023,0,0,10.8(0.00 %),0,0,0,0,3653775,8.09
01/08/2023,0,0,10.4(-3.70 %),0,0,0,0,3653775,8.09
02/08/2023,200,2120000,10.5(0.96 %),200,2120000,0,0,3653575,8.09
03/08/2023,200,2120000,10.6(0.95 %),200,2120000,0,0,3653375,8.09
04/08/2023,100,1060000,10.55(-0.47 %),100,1060000,0,0,3653275,40.45
07/08/2023,1100,11885000,10.7(1.42 %),1400,15060000,300,3175000,3652175,8.09
08/08/2023,0,0,10.65(-0.47 %),0,0,0,0,3652175,8.09
09/08/2023,0,0,10.7(0.47 %),0,0,0,0,3652175,8.09
10/08/2023,0,0,10.65(-0.47 %),0,0,0,0,3652175,8.09
11/08/2023,100,1065000,10.6(-0.47 %),100,1065000,0,0,3652075,8.09
14/08/2023,0,0,10.6(0.00 %),0,0,0,0,3652106,40.47
15/08/2023,1200,12840000,10.7(0.94 %),1200,12840000,0,0,3650906,40.49
16/08/2023,4600,49680000,10.8(0.93 %),4600,49680000,0,0,3646306,40.56
17/08/2023,4200,45360000,10.75(-0.46 %),4200,45360000,0,0,3642106,8.12
18/08/2023,4400,47300000,10.5(-2.78 %),4400,47300000,0,0,3637706,40.7
21/08/2023,0,0,10.5(0.00 %),0,0,0,0,3637706,40.7
22/08/2023,0,0,10.5(0.00 %),0,0,0,0,3637706,40.7
23/08/2023,0,0,10.5(0.00 %),0,0,0,0,3637706,40.7
24/08/2023,0,0,10.65(1.43 %),0,0,0,0,3637706,8.14
25/08/2023,0,0,10.5(-1.41 %),0,0,0,0,3637706,40.7
28/08/2023,0,0,10.4(-0.95 %),0,0,0,0,3637706,8.14
29/08/2023,0,0,10.5(0.96 %),0,0,0,0,3637706,40.7
30/08/2023,0,0,10.6(0.95 %),0,0,0,0,3637706,8.14
31/08/2023,0,0,10.6(0.00 %),0,0,0,0,3637706,40.7
05/09/2023,300,3180000,10.5(-0.94 %),300,3180000,0,0,3637406,40.71
06/09/2023,-3900,-40930000,10.7(1.90 %),100,1070000,4000,42000000,3641306,8.13
07/09/2023,100,1085000,10.65(-0.47 %),200,2150000,100,1065000,3637106,40.71
08/09/2023,-300,-3180000,10.6(-0.47 %),0,0,300,3180000,3641106,40.65
11/09/2023,0,0,10.75(1.42 %),0,0,0,0,3641206,40.65
12/09/2023,0,0,10.6(-1.40 %),0,0,0,0,3641506,40.64
13/09/2023,0,0,10.6(0.00 %),0,0,0,0,3641506,40.64
14/09/2023,600,6300000,10.5(-0.94 %),600,6300000,0,0,3640906,40.65
15/09/2023,0,0,10.5(0.00 %),0,0,0,0,3640906,40.65
18/09/2023,0,0,10.45(-0.48 %),0,0,0,0,3640906,8.13
19/09/2023,-100,-980000,10.45(0.00 %),200,2140000,300,3120000,3641006,8.13
20/09/2023,0,0,10.45(0.00 %),0,0,0,0,3641006,8.13
21/09/2023,100,1060000,10.6(1.44 %),100,1060000,0,0,3640906,8.13
22/09/2023,0,0,10.5(-0.94 %),0,0,0,0,3642606,40.62
25/09/2023,2700,28350000,10.5(0.00 %),2700,28350000,0,0,3639906,40.67
26/09/2023,1000,10500000,10.4(-0.95 %),1000,10500000,0,0,3638906,40.68
27/09/2023,500,5250000,10.4(0.00 %),500,5250000,0,0,3638406,8.14
28/09/2023,1300,13520000,10.4(0.00 %),1300,13520000,0,0,3637106,8.14
29/09/2023,1300,13520000,10.4(0.00 %),1300,13520000,0,0,3635806,40.73
02/10/2023,3100,32240000,10.4(0.00 %),3100,32240000,0,0,3632706,40.78
03/10/2023,0,0,10.4(0.00 %),0,0,0,0,3632706,40.78
04/10/2023,0,0,10.4(0.00 %),0,0,0,0,3632706,8.16
05/10/2023,1000,10400000,10.3(-0.96 %),1000,10400000,0,0,3631706,40.8
06/10/2023,0,0,10.2(-0.97 %),0,0,0,0,3631706,8.16
09/10/2023,400,4120000,10.15(-0.49 %),400,4120000,0,0,3631306,8.16
10/10/2023,-12000,-123685000,10.3(1.48 %),0,0,12000,123685000,3631306,40.81
11/10/2023,0,0,10.3(0.00 %),0,0,0,0,3631306,40.81
12/10/2023,200,2060000,10.45(1.46 %),200,2060000,0,0,3643106,40.62
13/10/2023,0,0,10.3(-1.44 %),0,0,0,0,3643106,40.62
16/10/2023,-4900,-50470000,10.3(0.00 %),600,6180000,5500,56650000,3642506,40.63
17/10/2023,300,3165000,10.5(1.94 %),500,5265000,200,2100000,3642006,40.63
18/10/2023,0,0,10.5(0.00 %),0,0,0,0,3647506,40.54
19/10/2023,0,0,10.1(-3.81 %),0,0,0,0,3647737,40.54
20/10/2023,0,0,10.1(0.00 %),0,0,0,0,3647737,40.54
23/10/2023,0,0,10.15(0.50 %),0,0,0,0,3647737,40.54
24/10/2023,0,0,10.1(-0.49 %),0,0,0,0,3647737,8.11
25/10/2023,0,0,10.15(0.50 %),0,0,0,0,3647737,40.54
26/10/2023,200,2040000,10.15(0.00 %),200,2040000,0,0,3647537,40.54
27/10/2023,0,0,10.15(0.00 %),0,0,0,0,3647537,40.54
30/10/2023,-300,-2985000,10.15(0.00 %),100,1015000,400,4000000,3647437,40.54
31/10/2023,-9800,-99000000,10(-1.48 %),200,2000000,10000,101000000,3647237,40.55
01/11/2023,700,6930000,9.9(-1.00 %),700,6930000,0,0,3646937,40.55
02/11/2023,-6500,-65520000,10.2(3.03 %),6100,61000000,12600,126520000,3653437,8.09
03/11/2023,-1000,-10100000,10.1(-0.98 %),0,0,1000,10100000,3654437,8.08
06/11/2023,0,0,10.1(0.00 %),0,0,0,0,3654437,8.08
07/11/2023,0,0,10.05(-0.50 %),0,0,0,0,3654437,8.08
08/11/2023,0,0,10.05(0.00 %),0,0,0,0,3664437,40.27
09/11/2023,0,0,10.15(1.00 %),0,0,0,0,3664437,40.27
10/11/2023,500,5075000,10.15(0.00 %),500,5075000,0,0,3663937,40.28
13/11/2023,4400,44000000,10(-1.48 %),4400,44000000,0,0,3659537,40.35
14/11/2023,0,0,10.15(1.50 %),0,0,0,0,3659537,8.07
15/11/2023,-200,-2030000,10.15(0.00 %),0,0,200,2030000,3659737,8.07
16/11/2023,0,0,10.2(0.49 %),0,0,0,0,3659737,8.07
17/11/2023,0,0,10.1(-0.98 %),0,0,0,0,3655937,40.41
20/11/2023,-200,-2005000,10.15(0.50 %),500,4910000,700,6915000,3655437,40.41
21/11/2023,0,0,10.1(-0.49 %),0,0,0,0,3655437,40.41
22/11/2023,-3800,-38190000,10.05(-0.50 %),0,0,3800,38190000,3656137,40.4
23/11/2023,0,0,10.05(0.00 %),0,0,0,0,3656137,8.08
24/11/2023,0,0,10.05(0.00 %),0,0,0,0,3656137,8.08
27/11/2023,-9300,-92400000,9.9(-1.49 %),0,0,9300,92400000,3665437,8.05
28/11/2023,0,0,9.81(-0.91 %),0,0,0,0,3665437,8.05
29/11/2023,0,0,10(1.94 %),0,0,0,0,3665437,8.05
30/11/2023,0,0,10(0.00 %),0,0,0,0,3665437,8.05
01/12/2023,0,0,10.4(4.00 %),0,0,0,0,3669238,8.04
04/12/2023,0,0,10.4(0.00 %),0,0,0,0,3669238,8.04
05/12/2023,3000,31050000,10.45(0.48 %),3000,31050000,0,0,3666238,8.05
06/12/2023,0,0,10.1(-3.35 %),0,0,0,0,3666238,8.05
07/12/2023,0,0,10.45(3.47 %),0,0,0,0,3666238,8.05
08/12/2023,0,0,10.45(0.00 %),0,0,0,0,3666238,8.05
11/12/2023,100,1035000,10.55(0.96 %),200,2090000,100,1055000,3666138,8.05
12/12/2023,200,2040000,10.2(-3.32 %),200,2040000,0,0,3665938,8.05
13/12/2023,300,3060000,10.2(0.00 %),300,3060000,0,0,3665638,8.05
14/12/2023,0,0,10.2(0.00 %),0,0,0,0,3665638,8.05
15/12/2023,0,0,10.2(0.00 %),0,0,0,0,3665638,8.05
18/12/2023,0,0,10.2(0.00 %),100,1020000,100,1020000,3665638,8.05
19/12/2023,0,0,10(-1.96 %),0,0,0,0,3665638,8.05
20/12/2023,-5600,-56000000,10.2(2.00 %),0,0,5600,56000000,3671238,8.03
21/12/2023,0,0,10(-1.96 %),0,0,0,0,3671238,8.03
22/12/2023,0,0,10(0.00 %),0,0,0,0,3671238,8.03
25/12/2023,0,0,10.2(2.00 %),0,0,0,0,3671238,8.03
26/12/2023,400,4080000,10.2(0.00 %),400,4080000,0,0,3670838,8.03
27/12/2023,100,1020000,10.2(0.00 %),100,1020000,0,0,3670738,8.03
28/12/2023,0,0,10.2(0.00 %),0,0,0,0,3670738,8.03
29/12/2023,-200,-2040000,10.3(0.98 %),400,4080000,600,6120000,3670938,8.03
02/01/2024,100,1050000,10.5(1.94 %),100,1050000,0,0,3670328,40.17
03/01/2024,0,0,10.5(0.00 %),0,0,0,0,3670428,8.03
04/01/2024,1000,10220000,10.4(-0.95 %),1000,10220000,0,0,3669428,8.04
05/01/2024,0,0,10.5(0.96 %),0,0,0,0,3669428,8.04
08/01/2024,500,5100000,10.5(0.00 %),500,5100000,0,0,3668928,8.04
09/01/2024,0,0,10.5(0.00 %),0,0,0,0,3669458,40.19
10/01/2024,400,4080000,10.5(0.00 %),400,4080000,0,0,3669058,40.19
11/01/2024,500,5050000,10.1(-3.81 %),500,5050000,0,0,3668558,40.2
12/01/2024,-100,-1020000,10.1(0.00 %),0,0,100,1020000,3668028,8.04
15/01/2024,0,0,10.1(0.00 %),0,0,0,0,3668558,40.2
16/01/2024,0,0,10(-0.99 %),0,0,0,0,3668658,40.2
17/01/2024,0,0,10.15(1.50 %),0,0,0,0,3668658,40.2
18/01/2024,200,2040000,10.2(0.49 %),200,2040000,0,0,3667828,8.04
19/01/2024,0,0,10.2(0.00 %),0,0,0,0,3667828,8.04
22/01/2024,-500,-5025000,10.1(-0.98 %),0,0,500,5025000,3668328,8.04
23/01/2024,-5300,-53480000,10.1(0.00 %),0,0,5300,53480000,3673628,8.02
24/01/2024,300,3000000,10.1(0.00 %),300,3000000,0,0,3673328,8.02
25/01/2024,2100,21210000,10.1(0.00 %),2100,21210000,0,0,3671228,8.03
26/01/2024,0,0,10.1(0.00 %),0,0,0,0,3671228,8.03
29/01/2024,100,1005000,9.9(-1.98 %),100,1005000,0,0,3671758,40.15
30/01/2024,-15000,-142500000,9.98(0.81 %),0,0,15000,142500000,3671758,40.15
31/01/2024,1800,18043000,10.05(0.70 %),2500,25043000,700,7000000,3669258,40.19
01/02/2024,0,0,9.8(-2.49 %),0,0,0,0,3669258,8.04
02/02/2024,-200,-1960000,9.8(0.00 %),0,0,200,1960000,3684258,39.94
05/02/2024,0,0,9.9(1.02 %),0,0,0,0,3669458,8.04
06/02/2024,0,0,9.9(0.00 %),0,0,0,0,3685158,39.93
07/02/2024,1000,10500000,10(1.01 %),1000,10500000,0,0,3684158,39.95
15/02/2024,-2800,-28064000,10(0.00 %),1600,15936000,4400,44000000,3682558,39.97
16/02/2024,0,0,10(0.00 %),0,0,0,0,3682558,39.97
19/02/2024,-1300,-12700000,10(0.00 %),200,2000000,1500,14700000,3686758,39.9
20/02/2024,-300,-3000000,10(0.00 %),0,0,300,3000000,3686758,39.9
21/02/2024,-400,-3990000,10.1(1.00 %),100,1010000,500,5000000,3688158,39.88
22/02/2024,0,0,10.25(1.49 %),0,0,0,0,3688158,39.88
23/02/2024,-700,-7000000,10.1(-1.46 %),0,0,700,7000000,3673958,8.02
26/02/2024,0,0,10.1(0.00 %),0,0,0,0,3688958,39.87
27/02/2024,0,0,10.2(0.99 %),0,0,0,0,3673958,8.02
28/02/2024,0,0,10.05(-1.47 %),0,0,0,0,3673958,8.02
29/02/2024,-10000,-100500000,10.05(0.00 %),0,0,10000,100500000,3689658,39.86
01/03/2024,-3600,-36000000,10(-0.50 %),0,0,3600,36000000,3689658,7.97
04/03/2024,-3000,-29900000,9.85(-1.50 %),100570,990789500,103570,1020689500,3692658,7.96
05/03/2024,500,5100000,9.99(1.42 %),500,5100000,0,0,3702258,39.65
06/03/2024,0,0,10(0.10 %),0,0,0,0,3692158,7.96
07/03/2024,-6400,-64000000,10(0.00 %),0,0,6400,64000000,3698558,7.94
08/03/2024,0,0,9.95(-0.50 %),0,0,0,0,3698558,7.94
11/03/2024,0,0,10(0.50 %),0,0,0,0,3698558,7.94
12/03/2024,0,0,10(0.00 %),0,0,0,0,3712158,39.49
13/03/2024,0,0,10.05(0.50 %),0,0,0,0,3712158,39.49
14/03/2024,0,0,10.05(0.00 %),0,0,0,0,3712158,7.9
15/03/2024,0,0,10.05(0.00 %),0,0,0,0,3712158,7.9
18/03/2024,0,0,10.05(0.00 %),0,0,0,0,3712158,39.49
19/03/2024,-1400,-13950000,10.1(0.50 %),0,0,1400,13950000,3712158,39.49
20/03/2024,0,0,10(-0.99 %),0,0,0,0,3713558,7.89
21/03/2024,-300,-3015000,10.15(1.50 %),0,0,300,3015000,3713858,7.89
22/03/2024,-500,-5000000,10(-1.48 %),0,0,500,5000000,3714358,7.89
25/03/2024,-200,-1980000,10.05(0.50 %),400,4020000,600,6000000,3713458,39.47
26/03/2024,0,0,10.05(0.00 %),0,0,0,0,3714058,7.89
27/03/2024,0,0,9.9(-1.49 %),0,0,0,0,3714558,39.45
28/03/2024,-900,-8910000,10(1.01 %),100,1005000,1000,9915000,3714458,39.45
29/03/2024,-200,-1986000,9.93(-0.70 %),0,0,200,1986000,3714458,39.45
01/04/2024,0,0,10(0.70 %),0,0,0,0,3715458,39.44
02/04/2024,-500,-4975000,9.95(-0.50 %),0,0,500,4975000,3714958,7.89
03/04/2024,-500,-4955000,9.91(-0.40 %),0,0,500,4955000,3715658,39.43
04/04/2024,0,0,9.95(0.40 %),0,0,0,0,3715458,7.89
05/04/2024,200,1980000,9.9(-0.50 %),200,1980000,0,0,3716458,39.42
08/04/2024,-10000,-99000000,9.9(0.00 %),0,0,10000,99000000,3725258,7.85
09/04/2024,-100,-990000,9.89(-0.10 %),0,0,100,990000,3725358,7.85
10/04/2024,-9900,-96030000,9.95(0.61 %),0,0,9900,96030000,3735258,7.82
11/04/2024,0,0,9.95(0.00 %),0,0,0,0,3726558,39.26
12/04/2024,500,5240000,9.95(0.00 %),500,5240000,0,0,3735958,39.1
15/04/2024,0,0,9.9(-0.50 %),0,0,0,0,3734758,7.82
16/04/2024,0,0,9.8(-1.01 %),0,0,0,0,3734758,7.82
17/04/2024,300,2960000,9.7(-1.02 %),300,2960000,0,0,3734458,7.82
19/04/2024,-100,-995000,9.95(2.58 %),0,0,100,995000,3734558,7.82
22/04/2024,0,0,9.9(-0.50 %),0,0,0,0,3735658,39.11
23/04/2024,0,0,9.39(-5.15 %),0,0,0,0,3735758,39.11
24/04/2024,0,0,9.45(0.64 %),0,0,0,0,3734558,7.82
25/04/2024,0,0,9.5(0.53 %),0,0,0,0,3734558,7.82
26/04/2024,0,0,9.35(-1.58 %),0,0,0,0,3735758,39.11
02/05/2024,-100,-960000,9.7(3.74 %),100,960000,200,1920000,3735658,39.11
03/05/2024,100,970000,9.7(0.00 %),100,970000,0,0,3735558,39.11
06/05/2024,0,0,9.8(1.03 %),0,0,0,0,3735758,39.11
07/05/2024,0,0,10(2.04 %),0,0,0,0,3735758,39.11
08/05/2024,0,0,10(0.00 %),0,0,0,0,3735758,39.11
09/05/2024,0,0,10(0.00 %),0,0,0,0,3735758,39.11
10/05/2024,0,0,10.25(2.50 %),0,0,0,0,3735758,39.11
13/05/2024,0,0,10.25(0.00 %),0,0,0,0,3735758,39.11
14/05/2024,0,0,10.25(0.00 %),0,0,0,0,3735658,7.82
15/05/2024,0,0,10.35(0.98 %),0,0,0,0,3735658,7.82
16/05/2024,0,0,10.35(0.00 %),0,0,0,0,3735658,7.82
17/05/2024,0,0,10.35(0.00 %),0,0,0,0,3735758,39.11
20/05/2024,-800,-8160000,10.35(0.00 %),0,0,800,8160000,3735758,39.11
21/05/2024,-600,-6120000,10.2(-1.45 %),0,0,600,6120000,3735758,39.11
22/05/2024,-1800,-18810000,10.7(4.90 %),0,0,1800,18810000,3736558,39.09
23/05/2024,-600,-6390000,10.75(0.47 %),0,0,600,6390000,3737158,39.08
24/05/2024,-1500,-16125000,10.7(-0.47 %),0,0,1500,16125000,3740958,7.8
27/05/2024,0,0,10.6(-0.93 %),0,0,0,0,3739552,39.04
28/05/2024,0,0,10.8(1.89 %),0,0,0,0,3741052,39.02
29/05/2024,1000,10850000,10.85(0.46 %),1000,10850000,0,0,3740052,39.04
30/05/2024,0,0,10.85(0.00 %),0,0,0,0,3740052,39.04
31/05/2024,0,0,10.7(-1.38 %),0,0,0,0,3740052,39.04
03/06/2024,-1200,-13025000,11.4(6.54 %),1000,11000000,2200,24025000,3740052,7.81
04/06/2024,-200,-2425000,11.45(0.44 %),1400,15980000,1600,18405000,3740252,7.8
05/06/2024,0,0,10.75(-6.11 %),0,0,0,0,3740252,7.8
06/06/2024,0,0,10.8(0.47 %),0,0,0,0,3741452,39.01
07/06/2024,0,0,11.1(2.78 %),0,0,0,0,3741452,39.01
10/06/2024,10000,110000000,11(-0.90 %),10000,110000000,0,0,3731452,7.83
11/06/2024,-900,-9935000,11(0.00 %),0,0,900,9935000,3741452,39.01
12/06/2024,-1300,-13620000,11(0.00 %),100,1080000,1400,14700000,3731352,39.18
13/06/2024,0,0,11(0.00 %),0,0,0,0,3732252,39.16
14/06/2024,-400,-4400000,10.8(-1.82 %),0,0,400,4400000,3733652,39.14
17/06/2024,900,9720000,10.8(0.00 %),900,9720000,0,0,3734752,39.12
18/06/2024,0,0,10.85(0.46 %),0,0,0,0,3735152,39.12
19/06/2024,1000,10725000,10.7(-1.38 %),1000,10725000,0,0,3734152,39.13
20/06/2024,700,7540000,11(2.80 %),700,7540000,0,0,3733452,39.14
21/06/2024,0,0,10.7(-2.73 %),0,0,0,0,3733452,39.14
24/06/2024,-100,-1095000,10.6(-0.93 %),0,0,100,1095000,3733452,39.14
25/06/2024,300,3245000,10.6(0.00 %),1000,10800000,700,7555000,3732452,39.16
26/06/2024,0,0,10.6(0.00 %),0,0,0,0,3732552,39.16
27/06/2024,0,0,10.35(0.00 %),0,0,0,0,3733252,39.15
28/06/2024,-1000,-10300000,10.25(-0.97 %),0,0,1000,10300000,3733252,39.15
04/07/2024,-14400,-151425000,10.6(-4.93 %),900,9450000,15300,160875000,3734252,0.0
05/07/2024,0,0,10.6(0.00 %),0,0,0,0,3734252,0.0
08/07/2024,0,0,10.8(1.89 %),0,0,0,0,3734252,0.0
09/07/2024,0,0,11(1.85 %),0,0,0,0,3734252,0.0
10/07/2024,-100,-1095000,11(0.00 %),0,0,100,1095000,3734352,0.0
11/07/2024,0,0,10.95(-0.45 %),0,0,0,0,3734352,0.0
12/07/2024,-400,-4400000,11(0.46 %),0,0,400,4400000,3734752,0.0
15/07/2024,0,0,11(0.00 %),0,0,0,0,3734752,0.0
16/07/2024,-100,-1100000,10.9(-0.91 %),0,0,100,1100000,3734852,0.0
17/07/2024,0,0,10.8(-0.92 %),0,0,0,0,3734852,0.0
18/07/2024,-1500,-16200000,10.8(0.00 %),0,0,1500,16200000,3736352,0.0
19/07/2024,-4700,-50760000,11.4(5.56 %),0,0,4700,50760000,3741052,0.0
22/07/2024,-1800,-21610000,11.7(2.63 %),100,1165000,1900,22775000,3742852,0.0
23/07/2024,-3700,-43480000,12(2.56 %),300,3540000,4000,47020000,3746552,0.0
24/07/2024,8100,103650000,12.8(6.67 %),8300,106210000,200,2560000,3738452,0.0
25/07/2024,-300,-3885000,13(1.56 %),0,0,300,3885000,3738752,0.0
26/07/2024,-6700,-82950000,12.45(-4.23 %),0,0,6700,82950000,3745452,0.0
29/07/2024,100,1245000,12.4(-0.40 %),100,1245000,0,0,3745352,0.0
30/07/2024,100,1245000,13.25(6.85 %),100,1245000,0,0,3745252,0.0
31/07/2024,-200,-2640000,13(-1.89 %),300,4020000,500,6660000,3745452,0.0
01/08/2024,100,1250000,12.9(-0.77 %),100,1250000,0,0,3759463,0.0
02/08/2024,0,0,12.75(-1.16 %),0,0,0,0,3759463,0.0
05/08/2024,-1000,-12525000,12.35(-3.14 %),500,6150000,1500,18675000,3760463,0.0
06/08/2024,0,0,12.8(3.64 %),0,0,0,0,3760463,0.0
07/08/2024,-500,-6400000,12.75(-0.39 %),0,0,500,6400000,3760963,0.0
08/08/2024,200,2500000,13.2(3.53 %),200,2500000,0,0,3760763,0.0
09/08/2024,0,0,13.15(-0.38 %),0,0,0,0,3760763,0.0
12/08/2024,1100,14425000,13.15(0.00 %),1100,14425000,0,0,3759663,0.0
13/08/2024,1000,13100000,13.1(-0.38 %),1000,13100000,0,0,3758663,0.0
14/08/2024,0,0,12.75(-2.67 %),0,0,0,0,3758663,0.0
15/08/2024,0,0,12.75(0.00 %),0,0,0,0,3758663,0.0
16/08/2024,0,0,12.9(1.18 %),0,0,0,0,3758663,0.0
19/08/2024,0,0,12.9(0.00 %),0,0,0,0,3758663,0.0
20/08/2024,0,0,12.9(0.00 %),0,0,0,0,3758663,0.0
21/08/2024,0,0,12.9(0.00 %),0,0,0,0,3758663,0.0
22/08/2024,-500,-6450000,12.9(0.00 %),0,0,500,6450000,3759163,0.0
23/08/2024,-2100,-27090000,12.9(0.00 %),0,0,2100,27090000,3761263,0.0
26/08/2024,-3700,-47730000,12.9(0.00 %),0,0,3700,47730000,3764963,0.0
27/08/2024,-8700,-112230000,12.9(0.00 %),0,0,8700,112230000,3773663,0.0
28/08/2024,-1100,-14135000,12.85(-0.39 %),0,0,1100,14135000,3774763,0.0
29/08/2024,0,0,12.7(-1.17 %),0,0,0,0,3774763,0.0
30/08/2024,-5000,-63500000,12.7(0.00 %),0,0,5000,63500000,3779763,0.0
04/09/2024,300,3810000,12.7(0.00 %),300,3810000,0,0,3775563,0.0
05/09/2024,0,0,12.7(0.00 %),0,0,0,0,3775563,0.0
06/09/2024,-300,-3750000,12.95(1.97 %),0,0,300,3750000,3775863,0.0
09/09/2024,-400,-5045000,12.65(-2.32 %),0,0,400,5045000,3776263,0.0
10/09/2024,0,20000,12.65(0.00 %),100,1280000,100,1260000,3776263,0.0
11/09/2024,0,0,12.6(-0.40 %),0,0,0,0,3776263,0.0
12/09/2024,0,0,12.6(0.00 %),0,0,0,0,3776263,0.0
13/09/2024,0,0,12.7(0.79 %),0,0,0,0,3776263,0.0
16/09/2024,0,0,12.7(0.00 %),0,0,0,0,3776263,0.0
17/09/2024,0,0,12.7(0.00 %),0,0,0,0,3776263,0.0
18/09/2024,0,0,12.7(0.00 %),0,0,0,0,3776263,0.0
19/09/2024,200,2630000,12.7(0.00 %),1200,15780000,1000,13150000,3776063,0.0
20/09/2024,0,0,12.5(-1.57 %),0,0,0,0,3776063,0.0
23/09/2024,-5100,-64260000,12.6(0.80 %),0,0,5100,64260000,3781163,0.0
24/09/2024,0,0,12.7(0.79 %),0,0,0,0,3781163,0.0
25/09/2024,0,0,12.65(-0.39 %),0,0,0,0,3781163,0.0
26/09/2024,0,0,12.6(-0.40 %),0,0,0,0,3781163,0.0
27/09/2024,-1000,-12575000,12.5(-0.79 %),0,0,1000,12575000,3782163,0.0
30/09/2024,-600,-7500000,12.55(0.40 %),0,0,600,7500000,3782763,0.0
01/10/2024,0,0,12.55(0.00 %),0,0,0,0,3785863,0.0
02/10/2024,0,0,12.55(0.00 %),0,0,0,0,3785863,0.0
03/10/2024,0,0,12.6(0.40 %),0,0,0,0,3785863,0.0
04/10/2024,0,0,12.2(-3.17 %),0,0,0,0,3785863,0.0
07/10/2024,-1200,-14640000,13(6.56 %),0,0,1200,14640000,3787063,0.0
08/10/2024,0,0,12.9(-0.77 %),0,0,0,0,3787063,0.0
09/10/2024,-300,-3810000,12.7(-1.55 %),0,0,300,3810000,3787363,0.0
10/10/2024,0,0,12.75(0.39 %),0,0,0,0,3787363,0.0
11/10/2024,0,0,12.75(0.00 %),0,0,0,0,3787363,0.0
14/10/2024,0,0,12.75(0.00 %),0,0,0,0,3787363,0.0
15/10/2024,0,0,12.75(0.00 %),0,0,0,0,3787363,0.0
16/10/2024,0,0,12.75(0.00 %),0,0,0,0,3787363,0.0
17/10/2024,-1100,-13695000,12.55(-1.57 %),0,0,1100,13695000,3788463,0.0
18/10/2024,0,0,12.65(0.80 %),0,0,0,0,3788463,0.0
21/10/2024,200,2600000,12.9(1.98 %),300,3900000,100,1300000,3788263,0.0
22/10/2024,0,0,13.25(2.71 %),0,0,0,0,3788263,0.0
23/10/2024,400,5300000,13.15(-0.75 %),400,5300000,0,0,3787863,0.0
24/10/2024,0,0,13.35(1.52 %),0,0,0,0,3787863,0.0
25/10/2024,0,0,13.35(0.00 %),0,0,0,0,3787863,0.0
28/10/2024,0,0,13.35(0.00 %),0,0,0,0,3787863,0.0
29/10/2024,0,0,13.3(-0.37 %),0,0,0,0,3787863,0.0
30/10/2024,0,0,13.2(-0.75 %),0,0,0,0,3787863,0.0
31/10/2024,0,0,13.1(-0.76 %),0,0,0,0,3787863,0.0
01/11/2024,-300,-3930000,13.05(-0.38 %),0,0,300,3930000,3789475,0.0
04/11/2024,-7600,-99560000,13.1(0.38 %),0,0,7600,99560000,3797075,0.0
05/11/2024,-1900,-24795000,13.05(-0.38 %),0,0,1900,24795000,3798975,0.0
06/11/2024,400,5240000,13.1(0.38 %),400,5240000,0,0,3798575,0.0
07/11/2024,0,0,13.1(0.00 %),0,0,0,0,3798575,0.0
08/11/2024,10000,132000000,13.5(3.05 %),10000,132000000,0,0,3788575,0.0
11/11/2024,30800,416150000,13.85(2.59 %),30800,416150000,0,0,3757775,0.0
12/11/2024,0,0,13.9(0.36 %),0,0,0,0,3756385,38.77
13/11/2024,0,0,14.2(2.16 %),0,0,0,0,3757775,0.0
14/11/2024,0,0,14.2(0.00 %),0,0,0,0,3757775,0.0
15/11/2024,100,1380000,13.7(-3.52 %),100,1380000,0,0,3757675,0.0
18/11/2024,0,0,13.75(0.36 %),0,0,0,0,3757675,0.0
19/11/2024,2000,27400000,13.3(-3.27 %),3000,41100000,1000,13700000,3755675,0.0
20/11/2024,1000,13100000,13.4(0.75 %),1000,13100000,0,0,3754675,0.0
21/11/2024,0,0,13.6(1.49 %),0,0,0,0,3754675,0.0
22/11/2024,0,0,13.5(-0.74 %),0,0,0,0,3754675,0.0
25/11/2024,0,0,13.6(0.74 %),0,0,0,0,3754985,38.79
26/11/2024,1300,17610000,13.65(0.37 %),1500,20350000,200,2740000,3753485,38.82
27/11/2024,-400,-5400000,13.5(-1.10 %),0,0,400,5400000,3753485,38.82
28/11/2024,0,0,13.7(1.48 %),0,0,0,0,3753685,38.81
29/11/2024,0,0,13.5(-1.46 %),0,0,0,0,3754085,38.81
02/12/2024,0,0,13.6(0.74 %),0,0,0,0,3754085,38.81
03/12/2024,0,0,13.35(-1.84 %),0,0,0,0,3754085,38.81
04/12/2024,-2300,-30720000,13.6(1.87 %),0,0,2300,30720000,3754085,38.81
05/12/2024,0,0,13.6(0.00 %),0,0,0,0,3754085,38.81
09/12/2024,0,0,13.6(0.00 %),0,0,0,0,3756385,38.77
10/12/2024,-800,-10880000,14(2.94 %),0,0,800,10880000,3756385,38.77
16/12/2024,0,0,13.5(-0.74 %),0,0,0,0,3757185,38.76
17/12/2024,0,0,13.5(0.00 %),0,0,0,0,3757190,38.76
18/12/2024,0,0,13.4(-0.74 %),0,0,0,0,3757190,38.76
19/12/2024,0,0,13.4(0.00 %),0,0,0,0,3757190,38.76
20/12/2024,0,0,13.4(0.00 %),0,0,0,0,3757190,38.76
24/12/2024,0,0,13.45(0.37 %),0,0,0,0,3757190,38.76
25/12/2024,0,0,13.5(0.37 %),0,0,0,0,3757190,38.76
26/12/2024,0,0,13.55(0.37 %),0,0,0,0,3757190,38.76
27/12/2024,0,0,13.55(0.00 %),0,0,0,0,3757190,38.76
30/12/2024,0,0,13.6(0.37 %),0,0,0,0,3757190,38.76
31/12/2024,0,0,13.6(0.00 %),0,0,0,0,3757190,38.76
02/01/2025,0,0,13.7(0.74 %),0,0,0,0,3757190,38.76
03/01/2025,0,0,13.6(-0.73 %),0,0,0,0,3757190,38.76
06/01/2025,-400,-5360000,13.3(-2.21 %),0,0,400,5360000,3757190,38.76
07/01/2025,-1000,-13400000,13.4(0.75 %),0,0,1000,13400000,3757190,38.76
08/01/2025,0,0,13.5(0.75 %),0,0,0,0,3757590,38.75
09/01/2025,0,0,13.6(0.74 %),0,0,0,0,3758590,38.73
10/01/2025,0,0,13.5(-0.74 %),0,0,0,0,3758590,38.73
13/01/2025,100,1370000,13.7(1.48 %),100,1370000,0,0,3758490,38.73
14/01/2025,0,0,13.75(0.36 %),0,0,0,0,3758490,38.73
15/01/2025,-1000,-13750000,13.8(0.36 %),1000,13750000,2000,27500000,3757490,38.75
16/01/2025,0,0,14.75(6.88 %),0,0,0,0,3757490,0.0
17/01/2025,-10000,-157500000,15.75(6.78 %),0,0,10000,157500000,3759490,38.72
20/01/2025,-10000,-157500000,15.9(0.95 %),0,0,10000,157500000,3759490,38.72
21/01/2025,0,0,15.55(-2.20 %),0,0,0,0,3769540,38.55
22/01/2025,0,0,15.7(0.96 %),0,0,0,0,3779540,38.39
23/01/2025,0,0,15.7(0.00 %),0,0,0,0,3779540,38.39
24/01/2025,-500,-7950000,15.85(0.96 %),0,0,500,7950000,3779540,38.39
03/02/2025,4500,71925000,0(0.00 %),5000,80000000,500,8075000,3774540,38.47
04/02/2025,0,0,16.05(0.00 %),0,0,0,0,3775040,38.46
05/02/2025,200,3220000,16.1(0.31 %),200,3220000,0,0,3775340,38.46
06/02/2025,-8000,-129150000,16.3(1.24 %),0,0,8000,129150000,3775340,38.46
07/02/2025,0,0,16.15(-0.92 %),0,0,0,0,3775340,38.46
10/02/2025,500,8290000,16.25(0.62 %),500,8290000,0,0,3782840,38.34
11/02/2025,-7300,-120660000,16.7(2.77 %),0,0,7300,120660000,3782840,38.34
12/02/2025,0,0,16.45(-1.50 %),0,0,0,0,3782840,38.34
13/02/2025,0,0,16.45(0.00 %),0,0,0,0,3790140,38.22
14/02/2025,0,0,16.5(0.30 %),0,0,0,0,3790140,38.22
17/02/2025,-6000,-99000000,16.5(0.00 %),0,0,6000,99000000,3790140,38.22
18/02/2025,-600,-9900000,16.5(0.00 %),0,0,600,9900000,3790150,38.22
19/02/2025,-500,-8450000,17.65(6.97 %),1500,25050000,2000,33500000,3794650,38.15
20/02/2025,-2100,-37140000,17.45(-1.13 %),0,0,2100,37140000,3795250,38.14
21/02/2025,0,0,16.9(-3.15 %),0,0,0,0,3797250,38.1
24/02/2025,1600,26960000,16.9(0.00 %),1600,26960000,0,0,3797755,38.09
25/02/2025,200,3360000,16.95(0.30 %),200,3360000,0,0,3797555,38.1
26/02/2025,0,0,17.2(1.47 %),0,0,0,0,3797555,38.1
27/02/2025,-4100,-70520000,17.2(0.00 %),0,0,4100,70520000,3797555,38.1
28/02/2025,0,0,17.3(0.58 %),0,0,0,0,3797555,38.1
03/03/2025,-700,-12110000,17.3(0.00 %),0,0,700,12110000,3801655,38.03
04/03/2025,0,0,17(-1.73 %),0,0,0,0,3801655,38.03
05/03/2025,0,0,16.9(-0.59 %),0,0,0,0,3802355,38.02
06/03/2025,400,6885000,17.1(1.18 %),400,6885000,0,0,3801955,38.03
07/03/2025,0,0,17.1(0.00 %),0,0,0,0,3802025,38.03
10/03/2025,900,15390000,17.1(0.00 %),900,15390000,0,0,3801125,38.04
11/03/2025,0,0,17.1(0.00 %),0,0,0,0,3801125,38.04
12/03/2025,0,0,17.05(-0.29 %),0,0,0,0,3801141,38.04
13/03/2025,0,0,17(-0.29 %),0,0,0,0,3801141,38.04
14/03/2025,0,0,17(0.00 %),0,0,0,0,3801141,38.04
17/03/2025,0,0,17(0.00 %),0,0,0,0,3801141,38.04
18/03/2025,900,15810000,17.45(2.65 %),2700,47580000,1800,31770000,3798441,38.08
19/03/2025,1000,17450000,17.45(0.00 %),1000,17450000,0,0,3797441,38.1
20/03/2025,-400,-6900000,17.6(0.86 %),0,0,400,6900000,3799241,38.07
21/03/2025,-1800,-30870000,17.15(-2.56 %),0,0,1800,30870000,3799241,38.07
24/03/2025,-800,-13120000,16.2(-5.54 %),0,0,800,13120000,3799641,38.06
25/03/2025,-1400,-21700000,15.7(-3.09 %),200,3100000,1600,24800000,3801241,38.04
26/03/2025,10300,160890000,15.8(0.64 %),10600,165595000,300,4705000,3791441,38.2
27/03/2025,2200,34320000,15.5(-1.90 %),2200,34320000,0,0,3790841,38.21
28/03/2025,0,0,15.5(0.00 %),0,0,0,0,3791141,38.2
31/03/2025,-100,-1550000,15.5(0.00 %),0,0,100,1550000,3791141,38.2
01/04/2025,0,0,15.5(0.00 %),0,0,0,0,3791141,38.2
02/04/2025,3800,58710000,15.55(0.32 %),3800,58710000,0,0,3787441,38.26
03/04/2025,2100,30450000,14.5(-6.75 %),2100,30450000,0,0,3785341,38.3
04/04/2025,0,0,14(-3.45 %),0,0,0,0,3785341,38.3
08/04/2025,0,0,13.05(-6.79 %),0,0,0,0,3785341,38.3
09/04/2025,0,0,12.15(-6.90 %),0,0,0,0,3785341,38.3
10/04/2025,0,0,13(7.00 %),0,0,0,0,3785341,38.3
11/04/2025,-900,-11790000,13.6(4.62 %),0,0,900,11790000,3785341,38.3
14/04/2025,0,0,13.55(-0.37 %),0,0,0,0,3785341,38.3
15/04/2025,0,0,13.35(-1.48 %),0,0,0,0,3786241,38.28
16/04/2025,0,0,13.6(1.87 %),0,0,0,0,3786241,38.28
17/04/2025,0,0,13.6(0.00 %),0,0,0,0,3786253,38.28
18/04/2025,0,0,14(2.94 %),0,0,0,0,3786253,38.28
21/04/2025,300,4065000,13.5(-3.57 %),300,4065000,0,0,3785953,38.29
22/04/2025,0,0,13(-3.70 %),0,0,0,0,3785953,38.29
23/04/2025,0,0,13.2(1.54 %),0,0,0,0,3785953,38.29
24/04/2025,600,8130000,13.75(4.17 %),600,8130000,0,0,3785353,38.3
25/04/2025,-4000,-58800000,14.7(6.91 %),0,0,4000,58800000,3785353,38.3
28/04/2025,0,0,15.7(6.80 %),0,0,0,0,3785399,38.3
29/04/2025,2400,38190000,15.95(1.59 %),3000,47850000,600,9660000,3786399,38.28
05/05/2025,0,0,15.1(-5.33 %),0,0,0,0,3786399,38.28
06/05/2025,0,0,14.75(-2.32 %),0,0,0,0,3786999,38.27
07/05/2025,0,0,14.5(-1.69 %),0,0,0,0,3786999,38.27
08/05/2025,1200,17340000,14.95(3.10 %),1200,17340000,0,0,3785799,38.29
09/05/2025,0,0,14.9(-0.33 %),0,0,0,0,3785799,38.29
12/05/2025,1000,15115000,15.1(1.34 %),1000,15115000,0,0,3784799,38.31
13/05/2025,200,3060000,15.3(1.32 %),200,3060000,0,0,3784599,38.31
14/05/2025,0,0,15.65(2.29 %),0,0,0,0,3784599,38.31
15/05/2025,0,0,15.3(-2.24 %),0,0,0,0,3784599,38.31
16/05/2025,0,0,15.05(-1.63 %),0,0,0,0,3784599,38.31
19/05/2025,100,1505000,15.2(1.00 %),100,1505000,0,0,3784499,38.31
20/05/2025,0,0,15.1(-0.66 %),0,0,0,0,3784499,38.31
21/05/2025,0,0,14.95(-0.99 %),0,0,0,0,3784499,38.31
22/05/2025,0,0,15(0.33 %),0,0,0,0,3784499,38.31
23/05/2025,0,0,14.9(-0.67 %),0,0,0,0,3784499,38.31
26/05/2025,0,0,15.25(2.35 %),0,0,0,0,3784499,38.31
27/05/2025,0,0,15.05(-1.31 %),0,0,0,0,3784499,38.31
28/05/2025,0,0,14.85(-1.33 %),0,0,0,0,3784499,38.31
29/05/2025,0,-1500000,14.95(0.67 %),0,0,0,1500000,3784499,38.31
30/05/2025,0,0,15.2(1.67 %),0,0,0,0,3784499,38.31
02/06/2025,1100,-70425000,15.2(0.00 %),1100,16445000,0,86870000,3784599,38.31
03/06/2025,0,0,15(-1.32 %),0,0,0,0,3784599,38.31
04/06/2025,100,1495000,15.1(0.67 %),100,1495000,0,0,3788999,38.24
05/06/2025,0,0,15(-0.66 %),0,0,0,0,3788999,38.24
06/06/2025,0,0,15(0.00 %),0,0,0,0,3788999,38.24
09/06/2025,6100,91500000,15.25(1.67 %),6100,91500000,0,0,3782899,38.34
10/06/2025,0,0,15.2(-0.33 %),0,0,0,0,3782899,38.34
11/06/2025,0,0,15.2(0.00 %),0,0,0,0,3782899,38.34
12/06/2025,0,0,15.2(0.00 %),0,0,0,0,3782899,38.34
13/06/2025,0,0,15.15(-0.33 %),0,0,0,0,3782899,38.34
16/06/2025,0,0,15.1(-0.33 %),0,0,0,0,3782899,38.34
17/06/2025,100,1490000,15.1(0.00 %),100,1490000,0,0,3782799,38.34
18/06/2025,0,0,15.05(-0.33 %),0,0,0,0,3782799,38.34
19/06/2025,0,0,15.25(1.33 %),0,0,0,0,3782799,38.34
20/06/2025,0,0,15(-1.64 %),0,0,0,0,3782799,38.34
23/06/2025,0,0,14.35(1.06 %),0,0,0,0,3782799,38.34
24/06/2025,0,0,14.3(-0.35 %),0,0,0,0,3782799,38.34
25/06/2025,0,0,14.4(0.70 %),0,0,0,0,3782799,38.34
26/06/2025,0,0,14.4(0.00 %),0,0,0,0,3782799,38.34
27/06/2025,0,0,14.45(0.35 %),0,0,0,0,3782799,38.34
30/06/2025,9,-4592,14.35(-0.69 %),25,8728,16,13320,3782799,38.34
01/07/2025,200,2880000,14.3(-0.35 %),200,2880000,0,0,3782599,38.34
02/07/2025,0,0,14.5(1.40 %),0,0,0,0,3782599,38.34
03/07/2025,0,0,14.45(-0.34 %),0,0,0,0,3782599,38.34
04/07/2025,0,0,14.45(0.00 %),0,0,0,0,3782599,38.34
07/07/2025,0,0,14.45(0.00 %),0,0,0,0,3782599,38.34
08/07/2025,0,0,14.45(0.00 %),0,0,0,0,3782599,38.34
09/07/2025,-6600,-95750000,14.5(0.35 %),0,0,6600,95750000,3782599,38.34
10/07/2025,-2000,-29250000,14.7(1.38 %),0,0,2000,29250000,3782599,38.34
11/07/2025,0,0,14.95(1.70 %),0,0,0,0,3789199,38.23
14/07/2025,10700,160375000,15(0.33 %),10700,160375000,0,0,3780499,38.38
15/07/2025,0,0,15(0.00 %),0,0,0,0,3780499,38.38
16/07/2025,0,0,14.9(-0.67 %),0,0,0,0,3780499,38.38
17/07/2025,0,0,14.85(-0.34 %),0,0,0,0,3780499,38.38
18/07/2025,0,0,14.7(-1.01 %),0,0,0,0,3780499,38.38
21/07/2025,6700,98490000,14.7(0.00 %),6700,98490000,0,0,3773799,38.49
22/07/2025,0,0,14.95(1.70 %),0,0,0,0,3773803,38.49
23/07/2025,-13600,-200425000,15.95(6.69 %),0,0,13600,200425000,3773803,38.49
24/07/2025,0,0,17.05(6.90 %),0,0,0,0,3773803,38.49
25/07/2025,-30400,-547770000,17.9(4.99 %),0,0,30400,547770000,3787403,38.26
28/07/2025,0,0,17.6(-1.68 %),0,0,0,0,3787403,38.26
29/07/2025,-4300,-77350000,16.8(-4.55 %),400,6780000,4700,84130000,3817803,37.77
30/07/2025,0,0,17(1.19 %),0,0,0,0,3817803,37.77
31/07/2025,0,0,16.85(-0.88 %),0,0,0,0,3822103,37.7
01/08/2025,-1000,-16900000,17(0.89 %),1000,16900000,2000,33800000,3822103,37.7
04/08/2025,-9700,-166840000,17(0.00 %),0,0,9700,166840000,3822103,37.7
05/08/2025,100,1620000,16.7(-1.76 %),500,8400000,400,6780000,3823003,37.68
06/08/2025,-17800,-301875000,17.2(2.99 %),3900,66105000,21700,367980000,3832703,37.52
07/08/2025,3100,53300000,17(-1.16 %),3100,53300000,0,0,3829603,37.58
08/08/2025,400,6955000,17.35(2.06 %),400,6955000,0,0,3847003,37.29
11/08/2025,-12000,-209560000,17.4(0.29 %),2100,36825000,14100,246385000,3847003,37.29
12/08/2025,0,5000,17.5(0.57 %),300,5175000,300,5170000,3847003,37.29
13/08/2025,300,5100000,17.5(0.00 %),300,5100000,0,0,3858703,37.1
14/08/2025,0,0,0(0.00 %),0,0,0,0,3858703,37.1
15/08/2025,0,0,17.15(-0.58 %),0,0,0,0,3858703,37.1
18/08/2025,1600,27570000,17.3(0.87 %),1600,27570000,0,0,3857103,37.13
19/08/2025,2000,34700000,17.3(0.00 %),2000,34700000,0,0,3855103,37.16
20/08/2025,5200,90020000,17.2(-0.58 %),5600,97020000,400,7000000,3849903,37.24
21/08/2025,1800,30960000,17.2(0.00 %),2000,34400000,200,3440000,3848103,37.27
22/08/2025,3700,62970000,17(-1.16 %),4000,68100000,300,5130000,3848103,37.27
25/08/2025,400,6920000,17.5(2.94 %),3000,52420000,2600,45500000,3844403,37.33
