Ngay,KLGDRong,GTDGRong,ThayDoi,KLMua,GtMua,KLBan,GtBan,RoomConLai,DangSoHuu
21/12/2006,260,14300,0(0.00 %),260,14300,0,0,0,0.0
22/12/2006,900,47250,0(0.00 %),900,47250,0,0,0,0.0
26/12/2006,25230,1258508,0(0.00 %),25230,1258508,0,0,0,0.0
01/03/2007,7050,595455000,0(0.00 %),10830,925965000,3780,330510000,0,0.0
02/03/2007,42020,3781800000,0(0.00 %),42020,3781800000,0,0,0,0.0
05/03/2007,24950,2220550000,0(0.00 %),24950,2220550000,0,0,0,0.0
06/03/2007,-9150,-805975000,0(0.00 %),6560,616640000,15710,1422615000,0,0.0
07/03/2007,0,0,94(2.73 %),0,0,0,0,0,0.0
08/03/2007,21360,2093280000,97(3.19 %),21360,2093280000,0,0,0,0.0
09/03/2007,0,0,101(4.12 %),0,0,0,0,0,0.0
12/03/2007,-5930,-628580000,106(4.95 %),4070,431420000,10000,1060000000,0,0.0
13/03/2007,109380,12141180000,111(4.72 %),173040,19207440000,63660,7066260000,0,0.0
14/03/2007,42530,4811020000,110(-0.90 %),47530,5361020000,5000,550000000,0,0.0
15/03/2007,40000,4229700000,105(-4.55 %),70000,7379700000,30000,3150000000,0,0.0
16/03/2007,22350,2302050000,110(4.76 %),30000,3090000000,7650,787950000,0,0.0
19/03/2007,-10000,-1100000000,107(-2.73 %),0,0,10000,1100000000,0,0.0
20/03/2007,83600,9205180000,109(1.87 %),86600,9541180000,3000,336000000,0,0.0
21/03/2007,5070,557700000,106(-2.75 %),5070,557700000,0,0,0,0.0
22/03/2007,420,42820000,101(-4.72 %),420,42820000,0,0,0,0.0
23/03/2007,-20000,-1930000000,96.5(-4.46 %),0,0,20000,1930000000,0,0.0
26/03/2007,-4440,-428020000,94(-2.59 %),20560,1912080000,25000,2340100000,0,0.0
27/03/2007,64220,5864600000,91(-3.19 %),64220,5864600000,0,0,0,0.0
28/03/2007,8350,722275000,86.5(-4.95 %),9000,778500000,650,56225000,0,0.0
29/03/2007,0,0,90.5(4.62 %),0,0,0,0,0,0.0
30/03/2007,80230,7621850000,92(1.66 %),100230,9521850000,20000,1900000000,0,0.0
02/04/2007,100000,9118800000,90(-2.17 %),100000,9118800000,0,0,0,0.0
03/04/2007,50300,4525950000,86.5(-3.89 %),50300,4525950000,0,0,0,0.0
04/04/2007,47870,4318285000,90.5(4.62 %),47970,4327285000,100,9000000,0,0.0
05/04/2007,82680,7494970000,90.5(0.00 %),82680,7494970000,0,0,0,0.0
06/04/2007,100000,8974250000,89(-1.66 %),100000,8974250000,0,0,0,0.0
09/04/2007,21500,1967250000,91.5(2.81 %),21500,1967250000,0,0,0,0.0
10/04/2007,1000,90000000,90(-1.64 %),1000,90000000,0,0,0,0.0
11/04/2007,23920,2126880000,89(-1.11 %),23920,2126880000,0,0,0,0.0
12/04/2007,21000,1842330000,86(-3.37 %),21000,1842330000,0,0,0,0.0
13/04/2007,117830,10349240000,88(2.33 %),117830,10349240000,0,0,0,0.0
16/04/2007,640,54260000,84(-4.55 %),650,55100000,10,840000,0,0.0
17/04/2007,182620,15356290000,84(0.00 %),183120,15398790000,500,42500000,0,0.0
18/04/2007,92230,8080340000,88(4.76 %),92230,8080340000,0,0,0,0.0
19/04/2007,20000,1729700000,85(-3.41 %),20000,1729700000,0,0,0,0.0
20/04/2007,23250,1936750000,83(-2.35 %),26680,2221440000,3430,284690000,0,0.0
23/04/2007,16720,1389620000,80(-3.61 %),36040,2921420000,19320,1531800000,0,0.0
24/04/2007,36410,2886290000,79(-1.25 %),40000,3169900000,3590,283610000,0,0.0
25/04/2007,40050,3204000000,80(1.27 %),40050,3204000000,0,0,0,0.0
02/05/2007,76860,6320925000,83(3.75 %),80450,6609375000,3590,288450000,0,0.0
03/05/2007,24710,2041520000,82(-1.20 %),28300,2335900000,3590,294380000,0,0.0
04/05/2007,2000,161000000,80(-2.44 %),2000,161000000,0,0,0,0.0
07/05/2007,0,0,82(2.50 %),0,0,0,0,0,0.0
08/05/2007,0,0,82(0.00 %),0,0,0,0,0,0.0
09/05/2007,18650,1528700000,82(0.00 %),19250,1578500000,600,49800000,0,0.0
10/05/2007,-4050,-322180000,81(-1.22 %),1110,90620000,5160,412800000,0,0.0
11/05/2007,57430,4854120000,85(4.94 %),58000,4902000000,570,47880000,0,0.0
14/05/2007,100,8600000,86(1.18 %),100,8600000,0,0,0,0.0
15/05/2007,20100,1762120000,87(1.16 %),20100,1762120000,0,0,0,0.0
16/05/2007,6870,586240000,85(-2.30 %),6870,586240000,0,0,0,0.0
17/05/2007,3890,330650000,84(-1.18 %),3890,330650000,0,0,0,0.0
18/05/2007,0,0,84.5(0.60 %),0,0,0,0,0,0.0
21/05/2007,38830,3436055000,88.5(4.73 %),38830,3436055000,0,0,0,0.0
22/05/2007,55130,5008225000,91(2.82 %),55130,5008225000,0,0,0,0.0
23/05/2007,231710,22102050000,95.5(4.95 %),231710,22102050000,0,0,0,0.0
24/05/2007,7310,673730000,91(-4.71 %),9810,908730000,2500,235000000,0,0.0
25/05/2007,3760,326220000,90(-1.10 %),4060,353220000,300,27000000,0,0.0
28/05/2007,43130,4054220000,89(-1.11 %),43130,4054220000,0,0,0,0.0
29/05/2007,0,0,89(0.00 %),0,0,0,0,0,0.0
30/05/2007,300,26400000,88(-1.12 %),300,26400000,0,0,0,0.0
31/05/2007,8100,708140000,88(0.00 %),8200,716940000,100,8800000,0,0.0
01/06/2007,57400,5084860000,88(0.00 %),57400,5084860000,0,0,0,0.0
04/06/2007,4000,348000000,87(-1.14 %),4000,348000000,0,0,0,0.0
05/06/2007,83200,7325370000,88.5(1.72 %),83200,7325370000,0,0,0,0.0
06/06/2007,-790,-68200000,87(-1.69 %),0,0,790,68200000,0,0.0
07/06/2007,2110,179350000,85(-2.30 %),2900,246500000,790,67150000,0,0.0
08/06/2007,1880,160180000,84(-1.18 %),6880,580180000,5000,420000000,0,0.0
11/06/2007,-840,-69730000,82(-2.38 %),0,0,840,69730000,0,0.0
12/06/2007,-4360,-357520000,82(0.00 %),12430,1019260000,16790,1376780000,0,0.0
13/06/2007,-2760,-223400000,82(0.00 %),16270,1341620000,19030,1565020000,0,0.0
14/06/2007,6890,569380000,82(0.00 %),15000,1238400000,8110,669020000,0,0.0
15/06/2007,-5000,-410000000,82(0.00 %),15000,1230000000,20000,1640000000,0,0.0
18/06/2007,-240,-18930000,81.5(-0.61 %),29000,2373750000,29240,2392680000,0,0.0
19/06/2007,4890,400980000,82(0.61 %),39890,3270980000,35000,2870000000,0,0.0
20/06/2007,-19830,-1620730000,81.5(-0.61 %),22170,1809770000,42000,3430500000,0,0.0
21/06/2007,-2040,-166260000,81.5(0.00 %),26040,2122260000,28080,2288520000,0,0.0
22/06/2007,15020,1228280000,81(-0.61 %),40000,3251660000,24980,2023380000,0,0.0
25/06/2007,14960,1226760000,81(0.00 %),15000,1230000000,40,3240000,0,0.0
26/06/2007,39790,3239120000,81(0.00 %),98860,8039790000,59070,4800670000,0,0.0
27/06/2007,-4440,-358320000,79.5(-1.85 %),100,7950000,4540,366270000,0,0.0
28/06/2007,53830,4333285000,80.5(1.26 %),53830,4333285000,0,0,0,0.0
29/06/2007,2000,160000000,80(-0.62 %),2000,160000000,0,0,0,0.0
02/07/2007,32300,2623400000,78(-2.50 %),32300,2623400000,0,0,0,0.0
03/07/2007,42190,3402720000,80(2.56 %),42190,3402720000,0,0,0,0.0
04/07/2007,30000,2434290000,80(0.00 %),30000,2434290000,0,0,0,0.0
05/07/2007,43150,3524780000,81(1.25 %),45600,3725680000,2450,200900000,0,0.0
06/07/2007,30100,2468200000,80(-1.23 %),30100,2468200000,0,0,0,0.0
09/07/2007,29020,2377015000,80.5(0.62 %),35260,2888695000,6240,511680000,0,0.0
10/07/2007,40000,3280000000,81(0.62 %),40000,3280000000,0,0,0,0.0
11/07/2007,-5000,-401670000,80.5(-0.62 %),5000,403330000,10000,805000000,0,0.0
12/07/2007,0,0,79.5(-1.24 %),0,0,0,0,0,0.0
13/07/2007,4100,325395000,79.5(0.00 %),5320,422935000,1220,97540000,0,0.0
16/07/2007,0,0,79.5(0.00 %),0,0,0,0,0,0.0
17/07/2007,3780,299250000,79.5(0.00 %),3780,299250000,0,0,0,0.0
18/07/2007,7800,618100000,79(-0.63 %),7800,618100000,0,0,0,0.0
19/07/2007,0,0,77(-2.53 %),0,0,0,0,0,0.0
20/07/2007,0,0,77(0.00 %),0,0,0,0,0,0.0
23/07/2007,-250,-19500000,77(0.00 %),0,0,250,19500000,0,0.0
24/07/2007,33810,2708345000,80(3.90 %),110450,8824820000,76640,6116475000,0,0.0
25/07/2007,41210,3296800000,80(0.00 %),76310,6104800000,35100,2808000000,0,0.0
26/07/2007,500,38500000,77(-3.75 %),500,38500000,0,0,0,0.0
27/07/2007,800,61600000,77(0.00 %),1050,80850000,250,19250000,0,0.0
30/07/2007,7950,612150000,77(0.00 %),7950,612150000,0,0,0,0.0
31/07/2007,14280,1085280000,76(-1.30 %),14280,1085280000,0,0,0,0.0
01/08/2007,0,0,76(0.00 %),0,0,0,0,0,0.0
02/08/2007,-4820,-359090000,74.5(-1.97 %),2140,159430000,6960,518520000,0,0.0
03/08/2007,5990,444360000,74(-0.67 %),5990,444360000,0,0,0,0.0
06/08/2007,20,1440000,71(-4.05 %),20,1440000,0,0,0,0.0
07/08/2007,600,41100000,71(0.00 %),600,41100000,0,0,0,0.0
08/08/2007,50,3500000,70(-1.41 %),50,3500000,0,0,0,0.0
09/08/2007,17650,1280005000,73.5(5.00 %),17650,1280005000,0,0,0,0.0
10/08/2007,133410,10241450000,77(4.76 %),133410,10241450000,0,0,0,0.0
13/08/2007,200,15200000,76(-1.30 %),200,15200000,0,0,0,0.0
14/08/2007,-2130,-157620000,75.5(-0.66 %),0,0,2130,157620000,0,0.0
15/08/2007,200,15100000,75.5(0.00 %),200,15100000,0,0,0,0.0
16/08/2007,0,0,74.5(-1.32 %),0,0,0,0,0,0.0
17/08/2007,130,9620000,74(0.00 %),130,9620000,0,0,0,0.0
20/08/2007,-5170,-377410000,73(-1.35 %),100,7300000,5270,384710000,0,0.0
21/08/2007,-2960,-216080000,73(0.00 %),6000,438000000,8960,654080000,0,0.0
22/08/2007,-470,-34310000,73(0.00 %),20,1460000,490,35770000,0,0.0
23/08/2007,-8260,-602850000,73(0.00 %),130,9620000,8390,612470000,0,0.0
24/08/2007,75100,5640340000,76(4.11 %),180100,13525840000,105000,7885500000,0,0.0
27/08/2007,11960,912760000,75.5(-0.66 %),15000,1143800000,3040,231040000,0,0.0
28/08/2007,54900,4200875000,76.5(1.32 %),199900,15207125000,145000,11006250000,0,0.0
29/08/2007,0,0,75(-1.96 %),0,0,0,0,0,0.0
30/08/2007,-71310,-5597835000,78.5(4.67 %),0,0,71310,5597835000,0,0.0
31/08/2007,-110460,-8313910000,75(-4.46 %),0,0,110460,8313910000,0,0.0
04/09/2007,42430,3278560000,78(4.00 %),100000,7746520000,57570,4467960000,0,0.0
05/09/2007,0,0,77(-1.28 %),0,0,0,0,0,0.0
06/09/2007,0,0,76.5(-0.65 %),0,0,0,0,0,0.0
07/09/2007,0,0,75.5(-1.31 %),0,0,0,0,0,0.0
10/09/2007,0,0,76(0.66 %),0,0,0,0,0,0.0
11/09/2007,0,0,75(-1.32 %),0,0,0,0,0,0.0
12/09/2007,0,0,74.5(-0.67 %),0,0,0,0,0,0.0
13/09/2007,0,0,74.5(0.00 %),0,0,0,0,0,0.0
14/09/2007,0,0,76.5(2.68 %),0,0,0,0,0,0.0
17/09/2007,-950,-73625000,77(0.65 %),0,0,950,73625000,0,0.0
18/09/2007,100,7600000,76(-1.30 %),100,7600000,0,0,0,0.0
19/09/2007,-30000,-2280000000,76(0.00 %),0,0,30000,2280000000,0,0.0
20/09/2007,6380,491320000,77(1.32 %),24470,1884190000,18090,1392870000,0,0.0
21/09/2007,6980,537695000,76.5(-0.65 %),16470,1268425000,9490,730730000,0,0.0
24/09/2007,-15100,-1170250000,77.5(1.31 %),0,0,15100,1170250000,0,0.0
25/09/2007,-26290,-2129490000,81(4.52 %),0,0,26290,2129490000,0,0.0
26/09/2007,4520,398570000,81.5(0.62 %),20170,1685470000,15650,1286900000,0,0.0
27/09/2007,-20000,-1640000000,82(0.61 %),0,0,20000,1640000000,0,0.0
28/09/2007,-93570,-8047020000,86(4.88 %),6430,552980000,100000,8600000000,0,0.0
01/10/2007,21820,1898990000,87(1.16 %),34290,2983880000,12470,1084890000,0,0.0
02/10/2007,0,0,86(-1.15 %),0,0,0,0,0,0.0
03/10/2007,0,0,86(0.00 %),0,0,0,0,0,0.0
04/10/2007,-610,-52560000,85(-1.16 %),100,8500000,710,61060000,0,0.0
05/10/2007,0,0,85(0.00 %),0,0,0,0,0,0.0
08/10/2007,129340,11336685000,89(4.71 %),130340,11422685000,1000,86000000,0,0.0
09/10/2007,36670,3512355000,93(4.49 %),142750,13212180000,106080,9699825000,0,0.0
10/10/2007,-18090,-1293435000,71.5(4.38 %),0,0,18090,1293435000,0,0.0
11/10/2007,0,0,75(4.90 %),0,0,0,0,0,0.0
12/10/2007,11720,863350000,73(-2.67 %),11720,863350000,0,0,0,0.0
15/10/2007,23700,1677300000,71(-2.74 %),23700,1677300000,0,0,0,0.0
16/10/2007,500,35250000,70(-1.41 %),500,35250000,0,0,0,0.0
17/10/2007,-200,-14100000,70(0.00 %),0,0,200,14100000,0,0.0
18/10/2007,-91350,-6164045000,66.5(-5.00 %),400,27450000,91750,6191495000,0,0.0
19/10/2007,-38030,-2570695000,69.5(4.51 %),1100,74250000,39130,2644945000,0,0.0
22/10/2007,-3000,-216000000,71(2.16 %),0,0,3000,216000000,0,0.0
23/10/2007,200,14000000,70(-1.41 %),200,14000000,0,0,0,0.0
24/10/2007,146910,10581860000,73(4.29 %),146910,10581860000,0,0,0,0.0
25/10/2007,1250,89525000,71.5(-2.05 %),1250,89525000,0,0,0,0.0
26/10/2007,200100,14583710000,73(2.10 %),201200,14663460000,1100,79750000,0,0.0
29/10/2007,730,51830000,71(-2.74 %),730,51830000,0,0,0,0.0
30/10/2007,18500,1302200000,69.5(-2.11 %),34220,2408490000,15720,1106290000,0,0.0
31/10/2007,12400,848400000,68(-2.16 %),12400,848400000,0,0,0,0.0
01/11/2007,200,13500000,68.5(0.74 %),200,13500000,0,0,0,0.0
02/11/2007,-6810,-463080000,67.5(-1.46 %),1550,105400000,8360,568480000,0,0.0
05/11/2007,32590,2249420000,67(-0.74 %),33310,2298390000,720,48970000,0,0.0
06/11/2007,1000,64500000,65(-2.99 %),1000,64500000,0,0,0,0.0
07/11/2007,-20240,-1326885000,65.5(0.77 %),23770,1555770000,44010,2882655000,0,0.0
08/11/2007,-16820,-1107620000,65.5(0.00 %),0,0,16820,1107620000,0,0.0
09/11/2007,19850,1293425000,65(-0.76 %),124850,8120550000,105000,6827125000,0,0.0
12/11/2007,19570,1280115000,65.5(0.77 %),96570,6301115000,77000,5021000000,0,0.0
13/11/2007,144920,9482310000,65.5(0.00 %),145120,9495410000,200,13100000,0,0.0
14/11/2007,-35310,-2312960000,65.5(0.00 %),0,0,35310,2312960000,0,0.0
15/11/2007,32880,2148835000,65.5(0.00 %),147880,9681335000,115000,7532500000,0,0.0
16/11/2007,100,6450000,64.5(-1.53 %),100,6450000,0,0,0,0.0
19/11/2007,200,12800000,63.5(-1.55 %),200,12800000,0,0,0,0.0
20/11/2007,-13760,-864980000,63(-0.79 %),1200,75500000,14960,940480000,0,0.0
21/11/2007,-16690,-1015060000,61.5(-2.38 %),8840,546555000,25530,1561615000,0,0.0
22/11/2007,9150,586995000,63(2.44 %),17540,1120260000,8390,533265000,0,0.0
23/11/2007,6540,436030000,63(0.00 %),12530,814450000,5990,378420000,0,0.0
26/11/2007,-11300,-717445000,63.5(0.79 %),48700,3077600000,60000,3795045000,0,0.0
27/11/2007,21740,1404480000,64.5(1.57 %),44000,2845250000,22260,1440770000,0,0.0
28/11/2007,300,19350000,64(-0.78 %),300,19350000,0,0,0,0.0
29/11/2007,0,0,63(-1.56 %),0,0,0,0,0,0.0
30/11/2007,7650,483950000,63.5(0.79 %),7650,483950000,0,0,0,0.0
03/12/2007,5320,338480000,63.5(0.00 %),5320,338480000,0,0,0,0.0
04/12/2007,-4680,-297180000,63.5(0.00 %),5320,337820000,10000,635000000,0,0.0
05/12/2007,25540,1621060000,63.5(0.00 %),32090,2036985000,6550,415925000,0,0.0
06/12/2007,-14960,-927380000,62(-2.36 %),18040,1138790000,33000,2066170000,0,0.0
07/12/2007,-11000,-681000000,62(0.00 %),5000,312000000,16000,993000000,0,0.0
10/12/2007,0,0,61(-1.61 %),0,0,0,0,0,0.0
11/12/2007,600,36100000,59.5(-2.46 %),600,36100000,0,0,0,0.0
12/12/2007,-4380,-262800000,60(0.84 %),0,0,4380,262800000,0,0.0
13/12/2007,4410,264600000,60(0.00 %),116490,6989400000,112080,6724800000,0,0.0
14/12/2007,400,23400000,58.5(-2.50 %),400,23400000,0,0,0,0.0
17/12/2007,30,1740000,57(-2.56 %),30,1740000,0,0,0,0.0
18/12/2007,2220,125550000,57(0.00 %),2220,125550000,0,0,0,0.0
19/12/2007,-24070,-1387270000,59(3.51 %),2070,122480000,26140,1509750000,0,0.0
20/12/2007,-3010,-177490000,59(0.00 %),100,6000000,3110,183490000,0,0.0
21/12/2007,-2380,-140210000,57.5(-2.54 %),3440,200260000,5820,340470000,0,0.0
24/12/2007,0,0,56.5(-1.74 %),0,0,0,0,0,0.0
25/12/2007,0,0,55(-2.65 %),0,0,0,0,0,0.0
26/12/2007,290,15515000,53.5(-2.73 %),290,15515000,0,0,0,0.0
27/12/2007,0,0,53.5(0.00 %),0,0,0,0,0,0.0
28/12/2007,0,0,54(0.93 %),0,0,0,0,0,0.0
02/01/2008,-1980,-105930000,53(-1.85 %),202952,10452028000,204932,10557958000,0,0.0
03/01/2008,-18040,-929090000,51.5(-2.83 %),0,0,18040,929090000,0,0.0
04/01/2008,-40,-2080000,50.5(-1.94 %),0,0,40,2080000,0,0.0
07/01/2008,-6650,-320310000,48(-4.95 %),190,9400000,6840,329710000,0,0.0
08/01/2008,-4740,-230146000,47.2(-1.67 %),0,0,4740,230146000,0,0.0
09/01/2008,1000,47070000,46.5(-1.48 %),1000,47070000,0,0,0,0.0
10/01/2008,0,0,44.2(-4.95 %),0,0,0,0,0,0.0
11/01/2008,-43030,-1916889000,44.5(0.68 %),80,3560000,43110,1920449000,0,0.0
14/01/2008,0,0,42.3(-4.94 %),0,0,0,0,0,0.0
15/01/2008,100,4030000,40.2(-4.96 %),100,4030000,0,0,0,0.0
16/01/2008,0,0,42.2(4.98 %),0,0,0,0,0,0.0
17/01/2008,0,0,42.2(0.00 %),0,0,0,0,0,0.0
18/01/2008,0,0,43.5(3.08 %),0,0,0,0,0,0.0
21/01/2008,-12240,-512256000,42(-3.45 %),0,0,12240,512256000,0,0.0
22/01/2008,-53390,-2132943000,40(-4.76 %),0,0,53390,2132943000,0,0.0
23/01/2008,-9040,-343824000,38(-5.00 %),0,0,9040,343824000,0,0.0
24/01/2008,-22950,-875865000,38(0.00 %),300,11400000,23250,887265000,0,0.0
25/01/2008,-30000,-1125220000,37.7(-0.79 %),0,0,30000,1125220000,0,0.0
28/01/2008,-29500,-1107104000,37.4(-0.80 %),1000,37400000,30500,1144504000,0,0.0
29/01/2008,-26080,-985020000,39(4.28 %),3920,152880000,30000,1137900000,0,0.0
30/01/2008,-53720,-2197148000,40.9(4.87 %),0,0,53720,2197148000,0,0.0
31/01/2008,-29280,-1190774000,40.9(0.00 %),720,29376000,30000,1220150000,0,0.0
01/02/2008,-40000,-1693000000,42.9(4.89 %),0,0,40000,1693000000,0,0.0
12/02/2008,-30000,-1259803000,41(-4.43 %),1000,43000000,31000,1302803000,0,0.0
13/02/2008,-38000,-1516285000,39.5(-3.66 %),0,0,38000,1516285000,0,0.0
14/02/2008,-43240,-1748111000,40(1.27 %),0,0,43240,1748111000,0,0.0
15/02/2008,-34400,-1354905000,39.5(-1.25 %),3600,140640000,38000,1495545000,0,0.0
18/02/2008,-50000,-1894130000,37.9(-4.05 %),0,0,50000,1894130000,0,0.0
19/02/2008,-49210,-1869698000,37.8(-0.26 %),0,0,49210,1869698000,0,0.0
20/02/2008,390,-4992000,36.5(-3.44 %),21600,791680000,21210,796672000,0,0.0
21/02/2008,26850,931695000,34.7(-4.93 %),35540,1233238000,8690,301543000,0,0.0
22/02/2008,-72320,-2343168000,32.4(-4.99 %),3100,100440000,75420,2443608000,0,0.0
25/02/2008,-26510,-887347000,34(4.94 %),42790,1452153000,69300,2339500000,0,0.0
26/02/2008,-32740,-1080654000,32.3(-5.00 %),2620,86378000,35360,1167032000,0,0.0
27/02/2008,-50000,-1560944000,30.8(-4.64 %),0,0,50000,1560944000,0,0.0
28/02/2008,-31300,-951657000,30(-2.60 %),1400,42600000,32700,994257000,0,0.0
29/02/2008,-74940,-2185368000,29(-3.33 %),1000,29000000,75940,2214368000,0,0.0
03/03/2008,-71210,-1974701000,27.6(-4.83 %),50,1380000,71260,1976081000,0,0.0
04/03/2008,-29040,-763752000,26.3(-4.71 %),150,3945000,29190,767697000,0,0.0
05/03/2008,-78230,-1955750000,25(-4.94 %),0,0,78230,1955750000,0,0.0
06/03/2008,-154190,-4039778000,26.2(4.80 %),0,0,154190,4039778000,0,0.0
07/03/2008,0,0,27.5(4.96 %),0,0,0,0,0,0.0
10/03/2008,0,0,28.8(4.73 %),0,0,0,0,0,0.0
11/03/2008,-1700,-51665000,30.2(4.86 %),1100,32895000,2800,84560000,0,0.0
12/03/2008,2000,60000000,31.7(4.97 %),2000,60000000,0,0,0,0.0
13/03/2008,-390,-12948000,33.2(4.73 %),1100,36520000,1490,49468000,0,0.0
14/03/2008,-200,-6990000,34.8(4.82 %),100,3450000,300,10440000,0,0.0
17/03/2008,600,19860000,33.1(-4.89 %),800,26480000,200,6620000,0,0.0
18/03/2008,1700,53550000,31.5(-4.83 %),1700,53550000,0,0,0,0.0
19/03/2008,1730,51900000,30(-4.76 %),1730,51900000,0,0,0,0.0
20/03/2008,12160,363600000,29(-3.33 %),12160,363600000,0,0,0,0.0
21/03/2008,3860,107922000,28.7(-1.03 %),3860,107922000,0,0,0,0.0
24/03/2008,16030,437639000,27.3(-4.88 %),16030,437639000,0,0,0,0.0
25/03/2008,14610,379860000,26(-4.76 %),14890,387140000,280,7280000,0,0.0
26/03/2008,2800,76460000,27.2(4.62 %),3000,81900000,200,5440000,0,0.0
27/03/2008,0,0,27.4(0.74 %),0,0,0,0,0,0.0
28/03/2008,0,0,27.6(0.73 %),0,0,0,0,0,0.0
31/03/2008,0,0,27.8(0.72 %),0,0,0,0,0,0.0
01/04/2008,0,0,28(0.72 %),0,0,0,0,0,0.0
02/04/2008,0,0,28.2(0.71 %),0,0,0,0,0,0.0
03/04/2008,0,0,28.4(0.71 %),0,0,0,0,0,0.0
04/04/2008,0,0,28.6(0.70 %),0,0,0,0,0,0.0
07/04/2008,0,0,29.1(1.75 %),0,0,0,0,0,0.0
08/04/2008,94550,2795380000,29.6(1.72 %),94830,2803668000,280,8288000,0,0.0
09/04/2008,14890,447000000,30.1(1.69 %),14890,447000000,0,0,0,0.0
10/04/2008,6000,177000000,29.5(-1.99 %),6000,177000000,0,0,0,0.0
11/04/2008,1580,45820000,29(-1.69 %),1580,45820000,0,0,0,0.0
16/04/2008,2500,74000000,28.5(-1.72 %),6500,188000000,4000,114000000,0,0.0
17/04/2008,0,0,29(1.75 %),0,0,0,0,0,0.0
18/04/2008,66280,1952330000,29.5(1.72 %),66280,1952330000,0,0,0,0.0
21/04/2008,3000,87000000,29(-1.69 %),3000,87000000,0,0,0,0.0
22/04/2008,12910,367935000,28.5(-1.72 %),12910,367935000,0,0,0,0.0
23/04/2008,29000,812000000,28(-1.75 %),29000,812000000,0,0,0,0.0
24/04/2008,15350,422125000,27.5(-1.79 %),15350,422125000,0,0,0,0.0
25/04/2008,-26000,-702000000,27(-1.82 %),0,0,26000,702000000,0,0.0
28/04/2008,28730,777375000,27.5(1.85 %),78730,2117375000,50000,1340000000,0,0.0
29/04/2008,-11490,-313165000,27(-1.82 %),23130,631075000,34620,944240000,0,0.0
05/05/2008,-23980,-635470000,26.5(-1.85 %),5020,133030000,29000,768500000,0,0.0
06/05/2008,44000,1144000000,26(-1.89 %),50000,1300000000,6000,156000000,0,0.0
07/05/2008,83880,2138940000,25.5(-1.92 %),90750,2314125000,6870,175185000,0,0.0
08/05/2008,36300,907500000,25(-1.96 %),36300,907500000,0,0,0,0.0
09/05/2008,1480,36260000,24.5(-2.00 %),1480,36260000,0,0,0,0.0
12/05/2008,1870,45067000,24.1(-1.63 %),1870,45067000,0,0,0,0.0
13/05/2008,0,0,23.7(-1.66 %),0,0,0,0,0,0.0
14/05/2008,0,0,23.3(-1.69 %),0,0,0,0,0,0.0
15/05/2008,0,0,22.9(-1.72 %),0,0,0,0,0,0.0
16/05/2008,-23580,-530550000,22.5(-1.75 %),100,2250000,23680,532800000,0,0.0
19/05/2008,49160,1086436000,22.1(-1.78 %),49160,1086436000,0,0,0,0.0
20/05/2008,0,0,21.7(-1.81 %),0,0,0,0,0,0.0
21/05/2008,48180,1026234000,21.3(-1.84 %),48180,1026234000,0,0,0,0.0
22/05/2008,45160,943844000,20.9(-1.88 %),45160,943844000,0,0,0,0.0
23/05/2008,100,2050000,20.5(-1.91 %),100,2050000,0,0,0,0.0
26/05/2008,0,0,20.1(-1.95 %),0,0,0,0,0,0.0
27/05/2008,0,0,20.1(0.00 %),0,0,0,0,0,0.0
28/05/2008,0,0,20.1(0.00 %),0,0,0,0,0,0.0
29/05/2008,0,0,20.1(0.00 %),0,0,0,0,0,0.0
30/05/2008,30530,601441000,19.7(-1.99 %),42790,842963000,12260,241522000,0,0.0
02/06/2008,0,0,19.4(-1.52 %),0,0,0,0,0,0.0
03/06/2008,-2670,-50997000,19.1(-1.55 %),14000,267400000,16670,318397000,0,0.0
04/06/2008,14500,272600000,18.8(-1.57 %),14500,272600000,0,0,0,0.0
05/06/2008,10100,186850000,18.5(-1.60 %),21000,388500000,10900,201650000,0,0.0
06/06/2008,25010,455182000,18.2(-1.62 %),26410,480662000,1400,25480000,0,0.0
09/06/2008,-1000,-17900000,17.9(-1.65 %),1000,17900000,2000,35800000,0,0.0
10/06/2008,300,5280000,17.6(-1.68 %),300,5280000,0,0,0,0.0
11/06/2008,-4000,-69200000,17.9(1.70 %),0,0,4000,69200000,0,0.0
12/06/2008,-1000,-18200000,18.2(1.68 %),0,0,1000,18200000,0,0.0
13/06/2008,0,0,18.5(1.65 %),0,0,0,0,0,0.0
16/06/2008,51950,976660000,18.8(1.62 %),59150,1112020000,7200,135360000,0,0.0
17/06/2008,0,0,19.1(1.60 %),0,0,0,0,0,0.0
18/06/2008,109040,2078776000,18.8(-1.57 %),110040,2097776000,1000,19000000,0,0.0
19/06/2008,98440,1824216000,18.8(0.00 %),98440,1824216000,0,0,0,0.0
20/06/2008,120930,2213019000,18.7(-0.53 %),120930,2213019000,0,0,0,0.0
23/06/2008,26550,509760000,19.2(2.67 %),26550,509760000,0,0,0,0.0
24/06/2008,39500,778140000,19.7(2.60 %),39500,778140000,0,0,0,0.0
25/06/2008,9650,194930000,20.2(2.54 %),9650,194930000,0,0,0,0.0
26/06/2008,48820,1009876000,20.8(2.97 %),48820,1009876000,0,0,0,0.0
27/06/2008,1300,26260000,21.3(2.40 %),1300,26260000,0,0,0,0.0
30/06/2008,17360,367527000,21.5(0.94 %),17360,367527000,0,0,0,0.0
01/07/2008,36840,811063000,22.1(2.79 %),36840,811063000,0,0,0,0.0
02/07/2008,33970,770819000,22.7(2.71 %),34070,773089000,100,2270000,0,0.0
03/07/2008,46790,1090207000,23.3(2.64 %),46790,1090207000,0,0,0,0.0
04/07/2008,84150,2011185000,23.9(2.58 %),84150,2011185000,0,0,0,0.0
07/07/2008,28940,683924000,23.2(-2.93 %),28940,683924000,0,0,0,0.0
08/07/2008,28940,683924000,22.6(-2.59 %),28940,683924000,0,0,0,0.0
09/07/2008,16400,370630000,22.2(-1.77 %),16400,370630000,0,0,0,0.0
10/07/2008,3000,64800000,21.8(-1.80 %),3000,64800000,0,0,0,0.0
11/07/2008,300,6540000,22.4(2.75 %),300,6540000,0,0,0,0.0
14/07/2008,7400,170200000,23(2.68 %),7400,170200000,0,0,0,0.0
15/07/2008,0,0,23.6(2.61 %),0,0,0,0,0,0.0
16/07/2008,-49260,-1127882000,22.9(-2.97 %),7600,179150000,56860,1307032000,0,0.0
17/07/2008,-109850,-2449655000,22.3(-2.62 %),1600,35680000,111450,2485335000,0,0.0
18/07/2008,260,5642000,21.7(-2.69 %),300,6510000,40,868000,0,0.0
21/07/2008,-620,-13082000,21.1(-2.76 %),0,0,620,13082000,0,0.0
22/07/2008,0,0,20.5(-2.84 %),0,0,0,0,0,0.0
23/07/2008,-10,-199000,19.9(-2.93 %),0,0,10,199000,0,0.0
24/07/2008,0,0,19.4(-2.51 %),0,0,0,0,0,0.0
25/07/2008,-7980,-150822000,18.9(-2.58 %),0,0,7980,150822000,0,0.0
28/07/2008,-4370,-80408000,18.4(-2.65 %),400,7360000,4770,87768000,0,0.0
29/07/2008,-16670,-298393000,17.9(-2.72 %),1000,17900000,17670,316293000,0,0.0
30/07/2008,-2200,-38280000,17.4(-2.79 %),0,0,2200,38280000,0,0.0
31/07/2008,-9380,-158522000,16.9(-2.87 %),3000,50700000,12380,209222000,0,0.0
01/08/2008,-17300,-283720000,16.4(-2.96 %),100,1640000,17400,285360000,0,0.0
04/08/2008,-6000,-96000000,16(-2.44 %),4000,64000000,10000,160000000,0,0.0
05/08/2008,-1200,-18720000,15.6(-2.50 %),0,0,1200,18720000,0,0.0
06/08/2008,-115760,-1760343000,15.2(-2.56 %),0,0,115760,1760343000,0,0.0
07/08/2008,-96860,-1478059000,14.9(-1.97 %),0,0,96860,1478059000,0,0.0
08/08/2008,-108230,-1593537000,14.7(-1.34 %),0,0,108230,1593537000,0,0.0
11/08/2008,-370000,-5587000000,15.1(2.72 %),30000,453000000,400000,6040000000,0,0.0
12/08/2008,-318470,-4936285000,15.5(2.65 %),6630,102765000,325100,5039050000,0,0.0
13/08/2008,-204000,-3216680000,15.9(2.58 %),1000,15900000,205000,3232580000,0,0.0
14/08/2008,-688910,-11227233000,16.3(2.52 %),2090,34067000,691000,11261300000,0,0.0
15/08/2008,-305600,-5103520000,16.7(2.45 %),1840,30728000,307440,5134248000,0,0.0
18/08/2008,-246420,-4295178000,17.5(4.79 %),2000,34800000,248420,4329978000,0,0.0
19/08/2008,-24560,-419100000,16.7(-4.57 %),3810,65375000,28370,484475000,0,0.0
20/08/2008,100,1590000,15.9(-4.79 %),100,1590000,0,0,0,0.0
21/08/2008,-299150,-4934687000,16.6(4.40 %),6000,98718000,305150,5033405000,0,0.0
22/08/2008,-41000,-705000000,16.6(0.00 %),10500,180500000,51500,885500000,0,0.0
25/08/2008,-288790,-5024946000,17.4(4.82 %),12500,217500000,301290,5242446000,0,0.0
26/08/2008,-391860,-7131852000,18.2(4.60 %),10000,182000000,401860,7313852000,0,0.0
27/08/2008,-400000,-7640000000,19.1(4.95 %),0,0,400000,7640000000,0,0.0
28/08/2008,-258820,-4714740000,18.2(-4.71 %),1680,30576000,260500,4745316000,0,0.0
29/08/2008,-207820,-3940028000,19.1(4.95 %),17690,337254000,225510,4277282000,0,0.0
03/09/2008,-66910,-1338200000,20(4.71 %),0,0,66910,1338200000,0,0.0
04/09/2008,0,0,21(5.00 %),0,0,0,0,0,0.0
05/09/2008,-71000,-1562000000,22(4.76 %),0,0,71000,1562000000,0,0.0
08/09/2008,86000,1957120000,23.1(5.00 %),94500,2153470000,8500,196350000,0,0.0
09/09/2008,-261700,-6326419000,22.2(-3.90 %),12750,308080000,274450,6634499000,0,0.0
10/09/2008,-244600,-5400385000,21.2(-4.50 %),6400,144000000,251000,5544385000,0,0.0
11/09/2008,-69950,-1412990000,20.2(-4.72 %),2000,40400000,71950,1453390000,0,0.0
12/09/2008,1000,19200000,19.2(-4.95 %),1000,19200000,0,0,0,0.0
15/09/2008,41000,751870000,18.3(-4.69 %),41000,751870000,0,0,0,0.0
16/09/2008,0,0,17.4(-4.92 %),0,0,0,0,0,0.0
17/09/2008,0,0,16.6(-4.60 %),0,0,0,0,0,0.0
18/09/2008,15860,250588000,15.8(-4.82 %),15860,250588000,0,0,0,0.0
19/09/2008,-21710,-358215000,16.5(4.43 %),16000,264000000,37710,622215000,0,0.0
22/09/2008,19900,344270000,17.3(4.85 %),19900,344270000,0,0,0,0.0
23/09/2008,545890,9389375000,17.3(0.00 %),546890,9407475000,1000,18100000,0,0.0
24/09/2008,-30760,-524331000,16.9(-2.31 %),0,0,30760,524331000,0,0.0
25/09/2008,63230,1093630000,17.7(4.73 %),120770,2093788000,57540,1000158000,0,0.0
26/09/2008,181590,3355254000,18.5(4.52 %),181590,3355254000,0,0,0,0.0
29/09/2008,312940,5802347000,18.6(0.54 %),312940,5802347000,0,0,0,0.0
30/09/2008,0,0,17.7(-4.84 %),0,0,0,0,0,0.0
01/10/2008,4230,73836000,17.6(-0.56 %),8500,151550000,4270,77714000,0,0.0
02/10/2008,-3000,-52500000,17.7(0.57 %),0,0,3000,52500000,0,0.0
03/10/2008,8210,143375000,17.5(-1.13 %),8210,143375000,0,0,0,0.0
06/10/2008,-5510,-93520000,16.7(-4.57 %),400,6680000,5910,100200000,0,0.0
07/10/2008,-1180,-18762000,15.9(-4.79 %),0,0,1180,18762000,0,0.0
08/10/2008,-11880,-180576000,15.2(-4.40 %),0,0,11880,180576000,0,0.0
09/10/2008,-19550,-283395000,14.6(-3.95 %),100,1530000,19650,284925000,0,0.0
10/10/2008,-142030,-1978458000,13.9(-4.79 %),1000,13900000,143030,1992358000,0,0.0
13/10/2008,-19340,-276860000,14.3(2.88 %),1000,13900000,20340,290760000,0,0.0
14/10/2008,-24720,-370800000,15(4.90 %),0,0,24720,370800000,0,0.0
15/10/2008,17550,272780000,15.7(4.67 %),17550,272780000,0,0,0,0.0
16/10/2008,-100,-1520000,15.1(-3.82 %),492740,7440374000,492840,7441894000,0,0.0
17/10/2008,14000,214200000,15.3(1.32 %),14000,214200000,0,0,0,0.0
20/10/2008,0,0,14.8(-3.27 %),0,0,0,0,0,0.0
21/10/2008,1800,27180000,15.3(3.38 %),1800,27180000,0,0,0,0.0
22/10/2008,4850,72365000,14.9(-2.61 %),4850,72365000,0,0,0,0.0
23/10/2008,-37050,-526110000,14.2(-4.70 %),0,0,37050,526110000,0,0.0
24/10/2008,-32330,-443034000,13.6(-4.23 %),800,10960000,33130,453994000,0,0.0
27/10/2008,-1920,-24960000,13(-4.41 %),10,130000,1930,25090000,0,0.0
28/10/2008,-12670,-157908000,12.8(-1.54 %),0,0,12670,157908000,0,0.0
29/10/2008,-320,-4288000,13.4(4.69 %),0,0,320,4288000,0,0.0
30/10/2008,0,0,14(4.48 %),0,0,0,0,0,0.0
31/10/2008,-28910,-409563000,14.1(0.71 %),1090,15396000,30000,424959000,0,0.0
03/11/2008,-1250,-16750000,13.4(-4.96 %),2400,32160000,3650,48910000,0,0.0
04/11/2008,-246350,-3283630000,13.9(3.73 %),25000,347500000,271350,3631130000,0,0.0
05/11/2008,-279000,-3996799000,14.5(4.32 %),0,0,279000,3996799000,0,0.0
06/11/2008,-165000,-2301695000,13.8(-4.83 %),0,0,165000,2301695000,0,0.0
07/11/2008,-225230,-2975074000,13.2(-4.35 %),0,0,225230,2975074000,0,0.0
10/11/2008,-274250,-3561929000,12.9(-2.27 %),0,0,274250,3561929000,0,0.0
11/11/2008,-328360,-4079394000,12.3(-4.65 %),10,123000,328370,4079517000,0,0.0
12/11/2008,-227260,-2742134000,12.2(-0.81 %),150,1800000,227410,2743934000,0,0.0
13/11/2008,-182170,-2240225000,12.4(1.64 %),0,0,182170,2240225000,0,0.0
14/11/2008,-270640,-3396220000,12.6(1.61 %),160,2000000,270800,3398220000,0,0.0
17/11/2008,-175740,-2184075000,12.4(-1.59 %),0,0,175740,2184075000,0,0.0
18/11/2008,-136670,-1662938000,12.1(-2.42 %),0,0,136670,1662938000,0,0.0
19/11/2008,-149030,-1821269000,12.2(0.83 %),0,0,149030,1821269000,0,0.0
20/11/2008,-73000,-872900000,11.8(-3.28 %),0,0,73000,872900000,0,0.0
21/11/2008,-150500,-1772317000,11.8(0.00 %),0,0,150500,1772317000,0,0.0
24/11/2008,-116000,-1342546000,11.4(-3.39 %),0,0,116000,1342546000,0,0.0
25/11/2008,-152760,-1739373000,11.4(0.00 %),149690,1701827000,302450,3441200000,0,0.0
26/11/2008,-111350,-1235633000,11(-3.51 %),26110,292253000,137460,1527886000,0,0.0
27/11/2008,-115200,-1224769000,10.5(-4.55 %),0,0,115200,1224769000,0,0.0
28/11/2008,-394660,-4323377000,11(4.76 %),0,0,394660,4323377000,0,0.0
01/12/2008,-80000,-875500000,10.8(-1.82 %),0,0,80000,875500000,0,0.0
02/12/2008,-90000,-937438000,10.3(-4.63 %),0,0,90000,937438000,0,0.0
03/12/2008,-93400,-959410000,10.2(-0.97 %),2000,20400000,95400,979810000,0,0.0
04/12/2008,-200590,-2088244000,10.4(1.96 %),0,0,200590,2088244000,0,0.0
05/12/2008,0,0,10.3(-0.96 %),0,0,0,0,0,0.0
08/12/2008,0,0,9.9(-3.88 %),0,0,0,0,0,0.0
09/12/2008,19210,192506000,10.1(2.02 %),21010,210506000,1800,18000000,0,0.0
10/12/2008,200,1980000,9.7(-3.96 %),200,1980000,0,0,0,0.0
11/12/2008,-30000,-291000000,9.7(0.00 %),0,0,30000,291000000,0,0.0
12/12/2008,-443310,-4472631000,10.1(4.12 %),18470,186047000,461780,4658678000,0,0.0
15/12/2008,-120000,-1259194000,10.6(4.95 %),0,0,120000,1259194000,0,0.0
16/12/2008,0,0,10.1(-4.72 %),0,0,0,0,0,0.0
17/12/2008,-30000,-315000000,10.6(4.95 %),0,0,30000,315000000,0,0.0
18/12/2008,-22650,-240320000,10.5(-0.94 %),0,0,22650,240320000,0,0.0
19/12/2008,-92330,-978189000,10.6(0.95 %),4000,42400000,96330,1020589000,0,0.0
22/12/2008,-104600,-1110437000,10.6(0.00 %),0,0,104600,1110437000,0,0.0
23/12/2008,-22270,-229057000,10.3(-2.83 %),5780,60468000,28050,289525000,0,0.0
24/12/2008,-19640,-204466000,10.4(0.97 %),3420,35358000,23060,239824000,0,0.0
25/12/2008,-19320,-202860000,10.3(-0.96 %),0,0,19320,202860000,0,0.0
26/12/2008,0,0,10.4(0.97 %),0,0,0,0,0,0.0
29/12/2008,2640,27128000,10.3(-0.96 %),2640,27128000,0,0,0,0.0
30/12/2008,-64720,-667316000,10.3(0.00 %),35380,364714000,100100,1032030000,0,0.0
31/12/2008,-121860,-1241158000,10.1(-1.94 %),3140,32342000,125000,1273500000,0,0.0
02/01/2009,2710,27642000,10.2(0.99 %),2710,27642000,0,0,22947524,10.63
05/01/2009,-87720,-894744000,10.2(0.00 %),12280,125256000,100000,1020000000,23035244,10.48
06/01/2009,-47860,-495458000,10.7(4.90 %),0,0,47860,495458000,23083104,10.4
07/01/2009,0,0,11.2(4.67 %),0,0,0,0,23083104,10.4
08/01/2009,0,0,11.3(0.89 %),0,0,0,0,23083104,10.4
09/01/2009,-10000,-114000000,11.3(0.00 %),0,0,10000,114000000,23093104,10.39
12/01/2009,-4000,-44000000,11(-2.65 %),0,0,4000,44000000,23097104,10.38
13/01/2009,0,0,10.6(-3.64 %),0,0,0,0,23097104,10.38
14/01/2009,4000,43000000,10.7(0.94 %),4000,43000000,0,0,23093104,10.39
15/01/2009,1000,10550000,10.5(-1.87 %),1000,10550000,0,0,23092104,10.39
16/01/2009,7160,75896000,10.6(0.95 %),7160,75896000,0,0,23084944,10.4
19/01/2009,-800,-8480000,10.5(-0.94 %),0,0,800,8480000,23085744,10.4
20/01/2009,2870,29848000,10.4(-0.95 %),2870,29848000,0,0,23082874,10.4
21/01/2009,-122880,-1258425000,10.3(-0.96 %),500,5150000,123380,1263575000,23205754,10.2
22/01/2009,-112500,-1167104000,10.3(0.00 %),500,5200000,113000,1172304000,23318254,10.01
23/01/2009,-75650,-785195000,10.4(0.97 %),0,0,75650,785195000,23393904,9.88
02/02/2009,-2150,-21680000,10(-3.85 %),3000,30850000,5150,52530000,23396054,9.88
03/02/2009,18940,189006000,10(0.00 %),21630,215637000,2690,26631000,23377114,9.91
04/02/2009,1070,10700000,10(0.00 %),1070,10700000,0,0,23376044,9.91
05/02/2009,3610,35850000,9.7(-3.00 %),3610,35850000,0,0,23372434,9.92
06/02/2009,0,0,10.1(4.12 %),0,0,0,0,23372434,9.92
09/02/2009,0,0,10.1(0.00 %),0,0,0,0,23372434,9.92
10/02/2009,500,4950000,9.9(-1.98 %),500,4950000,0,0,23371934,9.92
11/02/2009,1000,9800000,9.7(-2.02 %),1000,9800000,0,0,23370934,9.92
12/02/2009,-60000,-576000000,9.6(-1.03 %),0,0,60000,576000000,23430934,9.82
13/02/2009,1000,9500000,9.6(0.00 %),1000,9500000,0,0,23429934,9.82
16/02/2009,0,0,9.2(-4.17 %),0,0,0,0,23429934,9.82
17/02/2009,0,0,8.9(-3.26 %),0,0,0,0,23429934,9.82
18/02/2009,0,0,8.7(-2.25 %),0,0,0,0,23429934,9.82
19/02/2009,0,0,8.7(0.00 %),0,0,0,0,23429934,9.82
20/02/2009,0,0,8.8(1.15 %),0,0,0,0,23429934,9.82
23/02/2009,-2100,-17850000,8.4(-4.55 %),600,5100000,2700,22950000,23432034,9.82
24/02/2009,0,0,8.1(-3.57 %),0,0,0,0,23432034,9.82
25/02/2009,0,0,8.5(4.94 %),0,0,0,0,23432034,9.82
26/02/2009,-4540,-37228000,8.4(-1.18 %),0,0,4540,37228000,23436574,9.81
27/02/2009,-1850,-15270000,8.3(-1.19 %),0,0,1850,15270000,23438424,9.81
02/03/2009,0,0,8.3(0.00 %),0,0,0,0,23438424,9.81
03/03/2009,-4880,-39678000,8.7(4.82 %),0,0,4880,39678000,23443304,9.8
04/03/2009,-30000,-269700000,9(3.45 %),0,0,30000,269700000,23473304,9.75
05/03/2009,-99630,-897070000,8.9(-1.11 %),0,0,99630,897070000,23572934,9.59
06/03/2009,-65000,-575000000,8.8(-1.12 %),0,0,65000,575000000,23637934,9.48
09/03/2009,-160000,-1319200000,8.2(-6.82 %),0,0,160000,1319200000,23797934,9.21
10/03/2009,-170000,-1414543000,8.4(2.44 %),20000,168000000,190000,1582543000,23967934,8.93
11/03/2009,-340000,-2885096000,8.4(0.00 %),0,0,340000,2885096000,24307934,8.36
12/03/2009,-220670,-1803796000,8.1(-3.57 %),0,0,220670,1803796000,24528604,7.99
13/03/2009,-300000,-2434662000,8.1(0.00 %),0,0,300000,2434662000,24828604,7.49
16/03/2009,-1130,-9266000,8.3(2.47 %),0,0,1130,9266000,24829734,7.48
17/03/2009,-97350,-844975000,8.7(4.82 %),30990,266915000,128340,1111890000,24927084,7.32
18/03/2009,-19400,-176540000,9.1(4.60 %),0,0,19400,176540000,24946484,7.29
19/03/2009,-20000,-183000000,8.7(-4.40 %),0,0,20000,183000000,24966484,7.26
20/03/2009,0,0,8.7(0.00 %),0,0,0,0,24966484,7.26
23/03/2009,0,0,8.4(-3.45 %),0,0,0,0,24966484,7.26
24/03/2009,139270,1225576000,8.8(4.76 %),139270,1225576000,0,0,24827214,7.49
25/03/2009,29400,262790000,9(2.27 %),29400,262790000,0,0,24797814,7.54
26/03/2009,101020,941076000,9.4(4.44 %),101020,941076000,0,0,24696794,7.71
27/03/2009,7120,69776000,9.8(4.26 %),7120,69776000,0,0,24689674,7.72
30/03/2009,0,0,9.9(1.02 %),0,0,0,0,24689674,7.72
31/03/2009,-68870,-658652000,9.5(-4.04 %),0,0,68870,658652000,24758544,7.6
01/04/2009,-18000,-174450000,9.8(3.16 %),0,0,18000,174450000,24776544,7.57
02/04/2009,31640,309646000,9.8(0.00 %),45640,446846000,14000,137200000,24744904,7.63
03/04/2009,20780,210978000,10.2(4.08 %),24780,251278000,4000,40300000,24724124,7.66
07/04/2009,-10000,-107000000,10.7(4.90 %),0,0,10000,107000000,24734124,7.64
08/04/2009,-27470,-304254000,10.9(1.87 %),200,2140000,27670,306394000,24761594,7.6
09/04/2009,-20000,-228000000,11.4(4.59 %),0,0,20000,228000000,24781594,7.56
10/04/2009,0,0,11.9(4.39 %),0,0,0,0,24781594,7.56
13/04/2009,0,0,12.4(4.20 %),0,0,0,0,24781594,7.56
14/04/2009,18540,241020000,13(4.84 %),23540,306020000,5000,65000000,24763054,7.6
15/04/2009,16900,229800000,13.6(4.62 %),17530,238368000,630,8568000,24746154,7.62
16/04/2009,0,0,14.2(4.41 %),0,0,0,0,24746154,7.62
17/04/2009,41650,564124000,13.6(-4.23 %),41650,564124000,0,0,24704504,7.69
20/04/2009,-1250,-16250000,13(-4.41 %),0,0,1250,16250000,24705754,7.69
21/04/2009,-1250,-16250000,12.4(-4.62 %),0,0,1250,16250000,24707004,7.69
22/04/2009,-20250,-264900000,12.6(1.61 %),1500,17850000,21750,282750000,24727254,7.66
23/04/2009,-32500,-399750000,12.2(-3.17 %),5500,67650000,38000,467400000,24759754,7.6
24/04/2009,-5940,-70686000,11.6(-4.92 %),0,0,5940,70686000,24765694,7.59
27/04/2009,24170,291734000,11.7(0.86 %),24170,291734000,0,0,24741524,7.63
28/04/2009,-19610,-223554000,11.9(1.71 %),0,0,19610,223554000,24761134,7.6
29/04/2009,3000,37200000,12.4(4.20 %),3000,37200000,0,0,24758134,7.6
04/05/2009,-20,-260000,13(4.84 %),0,0,20,260000,24758154,7.6
05/05/2009,42230,574328000,13.6(4.62 %),42230,574328000,0,0,24715924,7.67
06/05/2009,33790,460123000,13(-4.41 %),33790,460123000,0,0,24682134,7.73
07/05/2009,5000,68000000,13.6(4.62 %),5000,68000000,0,0,24677134,7.74
08/05/2009,194000,2672805000,13.7(0.74 %),194000,2672805000,0,0,24483134,8.06
11/05/2009,32540,436000000,13.7(0.00 %),32700,438180000,160,2180000,24450594,8.12
12/05/2009,219500,3060621000,14.3(4.38 %),219500,3060621000,0,0,24231094,8.49
13/05/2009,8320,118144000,13.9(-2.80 %),8320,118144000,0,0,24222774,8.5
14/05/2009,-650,-7875000,13.8(-0.72 %),3000,41400000,3650,49275000,24223424,8.5
15/05/2009,10000,141000000,14.3(3.62 %),10000,141000000,0,0,24213424,8.51
18/05/2009,-243260,-3392658000,13.8(-3.50 %),0,0,243260,3392658000,24456684,8.11
19/05/2009,-46720,-671808000,14.4(4.35 %),20280,291792000,67000,963600000,24503404,8.03
20/05/2009,35790,533155000,15.1(4.86 %),51890,766805000,16100,233650000,24467614,8.09
21/05/2009,-33000,-521400000,15.8(4.64 %),0,0,33000,521400000,24500614,8.03
22/05/2009,-9900,-163490000,15.8(0.00 %),100,1510000,10000,165000000,24510514,8.02
25/05/2009,0,0,16.5(4.43 %),0,0,0,0,24510514,8.02
26/05/2009,-770,-12521000,17.3(4.85 %),10010,173173000,10780,185694000,24511284,8.02
27/05/2009,-33000,-594500000,18.1(4.62 %),0,0,33000,594500000,24544284,7.96
28/05/2009,4320,78192000,17.2(-4.97 %),4320,78192000,0,0,24539964,7.97
29/05/2009,-330,-5676000,16.5(-4.07 %),0,0,330,5676000,24540294,7.97
01/06/2009,9630,163911000,17.3(4.85 %),12130,207161000,2500,43250000,24530664,7.98
02/06/2009,110,2436000,17.7(2.31 %),1000,18100000,890,15664000,24530554,7.98
03/06/2009,11610,199692000,17.2(-2.82 %),11640,200208000,30,516000,24518944,8.0
04/06/2009,58360,1047164000,18(4.65 %),58360,1047164000,0,0,24460584,8.1
05/06/2009,21320,402948000,18.9(5.00 %),21320,402948000,0,0,24439264,8.14
08/06/2009,-2290,-45342000,19.8(4.76 %),0,0,2290,45342000,24441554,8.13
09/06/2009,-3500,-69300000,19.2(-3.03 %),0,0,3500,69300000,24445054,8.13
10/06/2009,-20900,-382470000,18.3(-4.69 %),2100,38430000,23000,420900000,24465954,8.09
11/06/2009,-8300,-153730000,19.2(4.92 %),0,0,8300,153730000,24474254,8.08
12/06/2009,-33800,-623930000,18.3(-4.69 %),1200,22160000,35000,646090000,24508054,8.02
15/06/2009,-66810,-1163330000,17.4(-4.92 %),24610,428214000,91420,1591544000,24574864,7.91
16/06/2009,-8730,-144918000,16.6(-4.60 %),1500,24900000,10230,169818000,24583594,7.9
17/06/2009,44390,701362000,16.6(0.00 %),50100,791580000,5710,90218000,24539204,7.97
18/06/2009,-19500,-339300000,17.4(4.82 %),0,0,19500,339300000,24558704,7.94
19/06/2009,-11000,-196100000,17.8(2.30 %),0,0,11000,196100000,24569704,7.92
22/06/2009,10,170000,17(-4.49 %),10,170000,0,0,24569694,7.92
23/06/2009,201000,3256200000,16.2(-4.71 %),201000,3256200000,0,0,24368694,8.25
24/06/2009,-1380,-22436000,17(4.94 %),0,0,1380,22436000,24370074,8.25
25/06/2009,25100,405820000,16.2(-4.71 %),26100,422820000,1000,17000000,24344974,8.29
26/06/2009,100,1620000,16.1(-0.62 %),100,1620000,0,0,24344874,8.29
29/06/2009,0,0,16(-0.62 %),0,0,0,0,24344874,8.29
30/06/2009,-990,-15580000,15.2(-5.00 %),500,7660000,1490,23240000,24345864,8.29
01/07/2009,50200,727900000,14.5(-4.61 %),50200,727900000,0,0,24295664,8.38
02/07/2009,9000,135000000,15(3.45 %),9000,135000000,0,0,24286664,8.39
03/07/2009,500,7350000,15.4(2.67 %),500,7350000,0,0,24286164,8.39
06/07/2009,0,0,16.1(4.55 %),0,0,0,0,24286204,8.39
07/07/2009,-40,-620000,15.6(-3.11 %),0,0,40,620000,24286204,8.39
08/07/2009,65070,1037156000,16(2.56 %),75000,1194281000,9930,157125000,24221134,8.5
09/07/2009,300,4710000,15.8(-1.25 %),300,4710000,0,0,24220834,8.5
10/07/2009,46570,721492000,15.6(-1.27 %),50000,775000000,3430,53508000,24174264,8.58
13/07/2009,25000,375000000,15(-3.85 %),25000,375000000,0,0,24149264,8.62
14/07/2009,-2030,-30950000,14.7(-2.00 %),8000,117400000,10030,148350000,24151294,8.62
15/07/2009,0,0,15(2.04 %),0,0,0,0,24151294,8.62
16/07/2009,-2160,-33520000,15.3(2.00 %),610,9415000,2770,42935000,24153454,8.61
17/07/2009,12790,193429000,15.1(-1.31 %),12790,193429000,0,0,24140664,8.64
20/07/2009,390,5555000,14.5(-3.97 %),1000,14400000,610,8845000,24140274,8.64
21/07/2009,-60,-870000,14.5(0.00 %),0,0,60,870000,24140334,8.64
22/07/2009,45690,673757000,14.7(1.38 %),45690,673757000,0,0,24094644,8.71
23/07/2009,28570,425265000,15.1(2.72 %),28570,425265000,0,0,24066074,8.76
24/07/2009,18880,298304000,15.8(4.64 %),18880,298304000,0,0,24047194,8.79
27/07/2009,29160,480672000,16.5(4.43 %),30160,497172000,1000,16500000,24018034,8.84
28/07/2009,19410,316842000,15.8(-4.24 %),20820,339120000,1410,22278000,23998624,8.87
29/07/2009,640,12190000,15.9(0.63 %),12140,194240000,11500,182050000,23997984,8.87
30/07/2009,0,0,15.5(-2.52 %),0,0,0,0,23997984,8.87
31/07/2009,12420,198920000,16.2(4.52 %),12420,198920000,0,0,23985564,8.9
03/08/2009,0,0,16.1(-0.62 %),0,0,0,0,23985564,8.9
04/08/2009,-2060,-35488000,16.5(2.48 %),14000,226500000,16060,261988000,23987624,8.89
05/08/2009,-9040,-149160000,16.5(0.00 %),0,0,9040,149160000,23996664,8.88
06/08/2009,33490,563585000,16.6(0.61 %),33490,563585000,0,0,23963174,8.93
07/08/2009,2070,34305000,16.6(0.00 %),2070,34305000,0,0,23961104,8.94
10/08/2009,-11000,-189200000,17.4(4.82 %),0,0,11000,189200000,23972104,8.92
11/08/2009,-1040,-18928000,18.2(4.60 %),0,0,1040,18928000,23973144,8.92
12/08/2009,-8000,-148850000,18(-1.10 %),500,9300000,8500,158150000,23981144,8.9
13/08/2009,-15000,-272800000,17.9(-0.56 %),0,0,15000,272800000,23996144,8.88
14/08/2009,1000,17200000,17.3(-3.35 %),1000,17200000,0,0,23995144,8.88
17/08/2009,0,0,17.1(-1.16 %),0,0,0,0,23995144,8.88
18/08/2009,-3370,-57470000,17.3(1.17 %),3000,51600000,6370,109070000,23998514,8.87
19/08/2009,-9210,-166101000,18.1(4.62 %),0,0,9210,166101000,24007724,8.86
20/08/2009,-20,-674000,19(4.97 %),980,18326000,1000,19000000,24007744,8.86
21/08/2009,0,0,18.8(-1.05 %),0,0,0,0,24007744,8.86
24/08/2009,9610,178668000,18.4(-2.13 %),10000,186000000,390,7332000,23998134,8.87
25/08/2009,-17960,-325692000,18(-2.17 %),0,0,17960,325692000,24016094,8.84
26/08/2009,-14240,-265494000,18.5(2.78 %),0,0,14240,265494000,24030334,8.82
27/08/2009,2710,49735000,18.4(-0.54 %),2710,49735000,0,0,24027624,8.83
28/08/2009,490,9065000,18.5(0.54 %),490,9065000,0,0,24027134,8.83
31/08/2009,560,10468000,18.9(2.16 %),560,10468000,0,0,24026574,8.83
01/09/2009,7480,138383000,18.4(-2.65 %),9480,175183000,2000,36800000,24019094,8.84
03/09/2009,-7170,-132214000,18(-2.17 %),3000,54900000,10170,187114000,24026264,8.83
04/09/2009,1860,33480000,17.6(-2.22 %),1860,33480000,0,0,24024404,8.83
07/09/2009,-23820,-417870000,17.7(0.57 %),8000,140800000,31820,558670000,24048224,8.79
08/09/2009,9320,168424000,18.2(2.82 %),9460,170972000,140,2548000,24038904,8.81
09/09/2009,0,0,18.1(-0.55 %),0,0,0,0,24038904,8.81
10/09/2009,-4600,-86940000,19(4.97 %),0,0,4600,86940000,24043504,8.8
11/09/2009,6580,130942000,19.9(4.74 %),10000,199000000,3420,68058000,24036924,8.81
14/09/2009,-13920,-277468000,19.7(-1.01 %),0,0,13920,277468000,24050844,8.79
15/09/2009,-14140,-275758000,19.3(-2.03 %),2000,39400000,16140,315158000,24064984,8.76
16/09/2009,-10380,-200334000,19.3(0.00 %),0,0,10380,200334000,24075364,8.75
17/09/2009,10320,199416000,19.1(-1.04 %),14000,270200000,3680,70784000,24065044,8.76
18/09/2009,500,9550000,19(-0.52 %),500,9550000,0,0,24064064,8.76
21/09/2009,-20,-390000,19.5(2.63 %),0,0,20,390000,24064564,8.76
22/09/2009,-860,-16812000,19.5(0.00 %),0,0,860,16812000,24065424,8.76
23/09/2009,200000,4080000000,20.4(4.62 %),200000,4080000000,0,0,23865424,9.1
24/09/2009,-9420,-190818000,20.7(1.47 %),5080,104982000,14500,295800000,23874844,9.08
25/09/2009,0,0,21.7(4.83 %),0,0,0,0,23874844,9.08
28/09/2009,0,0,22.6(4.15 %),0,0,0,0,23888794,9.06
29/09/2009,-4040,-88680000,21.8(-3.54 %),720,15840000,4760,104520000,23852834,9.12
30/09/2009,-73340,-1598582000,20.8(-4.59 %),7580,162212000,80920,1760794000,23926174,8.99
01/10/2009,3440,71320000,20.7(-0.48 %),3440,71320000,0,0,23922734,9.0
02/10/2009,7800,162800000,21.4(3.38 %),7800,162800000,0,0,23914934,9.01
05/10/2009,-1920,-41428000,21.3(-0.47 %),0,0,1920,41428000,23916854,9.01
06/10/2009,6420,143166000,22.3(4.69 %),6420,143166000,0,0,23910434,9.02
07/10/2009,-190,-4446000,23.4(4.93 %),0,0,190,4446000,23910624,9.02
08/10/2009,4100,95726000,24.5(4.70 %),8800,209230000,4700,113504000,23906524,9.03
09/10/2009,29160,749412000,25.7(4.90 %),29160,749412000,0,0,23877364,9.08
12/10/2009,-1240,-33356000,26.9(4.67 %),2000,53800000,3240,87156000,23878604,9.07
13/10/2009,127960,3503872000,28.2(4.83 %),131960,3611272000,4000,107400000,23750644,9.29
14/10/2009,153450,4326765000,28.3(0.35 %),171450,4837075000,18000,510310000,23597194,9.54
15/10/2009,-42000,-1168605000,27.9(-1.41 %),0,0,42000,1168605000,23639194,9.47
16/10/2009,15890,437786000,26.9(-3.58 %),21000,576300000,5110,138514000,23623304,9.5
19/10/2009,-540,-14796000,27.4(1.86 %),0,0,540,14796000,23623844,9.5
20/10/2009,120980,3409054000,28.7(4.74 %),121980,3437754000,1000,28700000,23502864,9.7
21/10/2009,328810,9669861000,30.1(4.88 %),328810,9669861000,0,0,23174054,10.25
22/10/2009,326990,10126842000,31.6(4.98 %),381660,11829614000,54670,1702772000,22847064,10.8
23/10/2009,628100,20128997000,30.1(-4.75 %),664980,21300323000,36880,1171326000,22218964,11.85
26/10/2009,500260,15784450000,31.6(4.98 %),500560,15793810000,300,9360000,21718704,12.69
27/10/2009,234850,7341498000,33.1(4.75 %),284850,8938072000,50000,1596574000,21483854,13.08
28/10/2009,243700,8214392000,34.4(3.93 %),248300,8370792000,4600,156400000,21240154,13.49
29/10/2009,387630,12743497000,32.7(-4.94 %),410430,13493453000,22800,749956000,20852524,14.13
30/10/2009,286000,9524969000,32.8(0.31 %),291000,9688969000,5000,164000000,20566524,14.61
02/11/2009,231780,7231536000,31.2(-4.88 %),247050,7707960000,15270,476424000,20334744,15.0
03/11/2009,383740,11397078000,29.7(-4.81 %),400200,11885940000,16460,488862000,19951004,15.64
04/11/2009,-113950,-3296286000,28.3(-4.71 %),290000,8410409000,403950,11706695000,20064954,15.45
05/11/2009,100570,2914280000,29.7(4.95 %),100570,2914280000,0,0,19964384,15.62
06/11/2009,-20000,-616542000,29.9(0.67 %),0,0,20000,616542000,19984384,15.59
09/11/2009,55970,1600460000,28.5(-4.68 %),55970,1600460000,0,0,19928414,15.68
10/11/2009,223460,6274873000,27.8(-2.46 %),225400,6329445000,1940,54572000,19704954,16.05
11/11/2009,104080,2985240000,29.1(4.68 %),104080,2985240000,0,0,19600874,16.23
12/11/2009,24000,726000000,29.8(2.41 %),60000,1800000000,36000,1074000000,19576874,16.27
13/11/2009,-39960,-1189605000,29.6(-0.67 %),44000,1302523000,83960,2492128000,19616834,16.2
16/11/2009,1540,40300000,29.1(-1.69 %),20000,592000000,18460,551700000,19615294,16.2
17/11/2009,-40,-1160000,28.5(-2.06 %),0,0,40,1160000,19615334,16.2
18/11/2009,21450,622035000,29(1.75 %),35000,1012500000,13550,390465000,19593884,16.24
19/11/2009,8650,254810000,29.4(1.38 %),11600,341360000,2950,86550000,19585234,16.25
20/11/2009,120000,3525220000,29.1(-1.02 %),120000,3525220000,0,0,19465234,16.45
23/11/2009,69980,1973436000,28.2(-3.09 %),69980,1973436000,0,0,19395254,16.57
24/11/2009,103820,2917091000,27.9(-1.06 %),103850,2917937000,30,846000,19291434,16.74
25/11/2009,25470,678102000,26.6(-4.66 %),25470,678102000,0,0,19265964,16.79
26/11/2009,93330,2361249000,25.3(-4.89 %),93330,2361249000,0,0,19172634,16.94
27/11/2009,-13660,-376206000,26.1(3.16 %),6340,152794000,20000,529000000,19186294,16.92
30/11/2009,217190,5836042000,27.1(3.83 %),217190,5836042000,0,0,18969104,17.28
01/12/2009,20000,554000000,27.4(1.11 %),20000,554000000,0,0,18949104,17.32
02/12/2009,96060,2577218000,26.1(-4.74 %),100000,2682382000,3940,105164000,18853044,17.48
03/12/2009,104250,2679527000,26(-0.38 %),106730,2742127000,2480,62600000,18748794,17.65
04/12/2009,391260,10202180000,26.5(1.92 %),400000,10428846000,8740,226666000,18357534,18.31
07/12/2009,150,3915000,26.5(0.00 %),150,3915000,0,0,18357384,18.31
08/12/2009,70000,1791044000,25.2(-4.91 %),70000,1791044000,0,0,18287384,18.42
09/12/2009,224950,5444868000,24.2(-3.97 %),225350,5454548000,400,9680000,18062434,18.8
10/12/2009,97980,2304640000,23(-4.96 %),103000,2420100000,5020,115460000,17964454,18.96
11/12/2009,372790,8204960000,22.2(-3.48 %),429180,9440746000,56390,1235786000,17591664,19.59
14/12/2009,0,0,23.2(4.50 %),0,0,0,0,17591664,19.59
15/12/2009,236250,5552229000,23.8(2.59 %),360000,8432153000,123750,2879924000,17355414,19.98
16/12/2009,441190,10014997000,22.7(-4.62 %),441230,10015921000,40,924000,16914224,20.72
17/12/2009,196510,4281430000,22(-3.08 %),228510,4975530000,32000,694100000,16717714,21.05
18/12/2009,-268000,-6157672000,23.1(5.00 %),20000,455728000,288000,6613400000,16985714,20.6
21/12/2009,-2810,-67016000,24(3.90 %),0,0,2810,67016000,16988524,20.59
22/12/2009,389380,9382643000,24.2(0.83 %),389380,9382643000,0,0,16599144,21.25
23/12/2009,-8710,-207732000,23.8(-1.65 %),300,7260000,9010,214992000,16607854,21.23
24/12/2009,10530,250714000,24(0.84 %),10530,250714000,0,0,16597324,21.25
25/12/2009,-1000,-25200000,25.2(5.00 %),0,0,1000,25200000,16598324,21.25
28/12/2009,900,22100000,25(-0.79 %),1000,24600000,100,2500000,16597424,21.25
29/12/2009,112300,2805157000,25(0.00 %),112300,2805157000,0,0,16485124,21.44
30/12/2009,115320,2997514000,26.2(4.80 %),115320,2997514000,0,0,16369804,21.63
31/12/2009,137000,3589248000,26.1(-0.38 %),137000,3589248000,0,0,16232804,21.86
04/01/2010,0,0,27.4(4.98 %),0,0,0,0,16232804,21.86
05/01/2010,60020,1722574000,27.8(1.46 %),61020,1751274000,1000,28700000,16172784,21.96
06/01/2010,49000,1353200000,27.2(-2.16 %),49000,1353200000,0,0,16123784,22.04
07/01/2010,44220,1216404000,28(2.94 %),45220,1244904000,1000,28500000,16079564,22.11
08/01/2010,-1480,-45524000,26.6(-5.00 %),3050,84940000,4530,130464000,16081044,22.11
11/01/2010,3330,86513000,26(-2.26 %),3830,99763000,500,13250000,16077714,22.12
12/01/2010,21130,536302000,24.7(-5.00 %),21420,543726000,290,7424000,16056584,22.15
13/01/2010,12380,291330000,23.5(-4.86 %),12380,291330000,0,0,16044204,22.17
14/01/2010,-646450,-14822065000,23.2(-1.28 %),100,2280000,646550,14824345000,16690654,21.09
15/01/2010,-221590,-5367565000,24.3(4.74 %),13410,322735000,235000,5690300000,16912244,20.72
18/01/2010,-29540,-684085000,23.1(-4.94 %),12530,294179000,42070,978264000,16941784,20.67
19/01/2010,12980,303134000,23.4(1.30 %),13020,304066000,40,932000,16928804,20.69
20/01/2010,-86700,-1955210000,22.3(-4.70 %),300,6690000,87000,1961900000,17015504,20.55
21/01/2010,-26420,-562567000,21.2(-4.93 %),12470,264764000,38890,827331000,17041924,20.51
22/01/2010,-61910,-1254792000,20.2(-4.72 %),3600,72820000,65510,1327612000,17103834,20.4
25/01/2010,-28370,-561464000,19.6(-2.97 %),0,0,28370,561464000,17132204,20.35
26/01/2010,-200320,-4106560000,20.5(4.59 %),0,0,200320,4106560000,17332524,20.02
27/01/2010,25440,508800000,19.6(-4.39 %),25440,508800000,0,0,17307084,20.06
28/01/2010,0,0,18.8(-4.08 %),0,0,0,0,17307084,20.06
29/01/2010,-40,-736000,18.4(-2.13 %),0,0,40,736000,17307124,20.06
01/02/2010,-38960,-715580000,18.4(0.00 %),540,9770000,39500,725350000,17346084,20.0
02/02/2010,-212530,-3988040000,18.7(1.63 %),0,0,212530,3988040000,17558614,19.64
03/02/2010,3770,72384000,19.6(4.81 %),3770,72384000,0,0,17554844,19.65
04/02/2010,-400,-8560000,20.5(4.59 %),600,11940000,1000,20500000,17555244,19.65
05/02/2010,-16800,-329285000,20(-2.44 %),0,0,16800,329285000,17572044,19.62
08/02/2010,84180,1669520000,20(0.00 %),100000,1983738000,15820,314218000,17487864,19.76
09/02/2010,-7510,-146445000,19.2(-4.00 %),0,0,7510,146445000,17495374,19.75
10/02/2010,900,17280000,19.9(3.65 %),1000,19200000,100,1920000,17494474,19.75
11/02/2010,0,0,19.9(0.00 %),0,0,0,0,17494474,19.75
12/02/2010,0,0,19.9(0.00 %),0,0,0,0,17494474,19.75
22/02/2010,-25600,-509440000,19.8(-0.50 %),0,0,25600,509440000,17520074,19.71
23/02/2010,0,0,19.2(-3.03 %),0,0,0,0,17520074,19.71
24/02/2010,-39980,-754720000,18.8(-2.08 %),0,0,39980,754720000,17560054,19.64
25/02/2010,-47050,-915041000,19.5(3.72 %),7270,138130000,54320,1053171000,17607104,19.56
26/02/2010,18400,354631000,19.8(1.54 %),52730,1028866000,34330,674235000,17547349,19.59
01/03/2010,70000,1392587000,20(1.01 %),70000,1392587000,0,0,17477349,19.78
02/03/2010,94970,1887130000,19.9(-0.50 %),100000,1987630000,5030,100500000,17382379,19.94
03/03/2010,24950,512412000,20.8(4.52 %),24950,512412000,0,0,17357429,19.98
04/03/2010,-1000,-21400000,21(0.96 %),0,0,1000,21400000,17358429,19.98
05/03/2010,-1430,-29744000,21(0.00 %),1100,23080000,2530,52824000,17359859,19.97
08/03/2010,0,0,21.2(0.95 %),0,0,0,0,17359859,19.97
09/03/2010,2000,42400000,21.4(0.94 %),2000,42400000,0,0,17357859,19.98
10/03/2010,-3000,-65500000,21.9(2.34 %),0,0,3000,65500000,17360859,19.97
11/03/2010,0,0,22.9(4.57 %),0,0,0,0,17360859,19.97
12/03/2010,610,13113000,22.9(0.00 %),2610,59713000,2000,46600000,17360249,19.97
15/03/2010,100000,2262500000,22.6(-1.31 %),100000,2262500000,0,0,17260249,20.14
16/03/2010,1280,27620000,21.5(-4.87 %),1280,27620000,0,0,17258969,20.14
17/03/2010,0,0,21.6(0.47 %),0,0,0,0,17258969,20.14
18/03/2010,0,0,22(1.85 %),0,0,0,0,17258969,20.14
19/03/2010,5240,111088000,21.2(-3.64 %),5240,111088000,0,0,17253729,20.15
22/03/2010,-4550,-97256000,21.6(1.89 %),0,0,4550,97256000,17258279,20.14
23/03/2010,0,0,21(-2.78 %),0,0,0,0,17258279,20.14
24/03/2010,3090,66057000,21.6(2.86 %),3090,66057000,0,0,17255189,20.15
25/03/2010,1300,27560000,20.8(-3.70 %),1300,27560000,0,0,17253889,20.15
26/03/2010,50000,1032500000,20(-3.85 %),50000,1032500000,0,0,17203889,20.23
29/03/2010,-2780,-55756000,20(3.09 %),0,0,2780,55756000,17206669,20.23
30/03/2010,0,0,19.3(-3.50 %),0,0,0,0,17206669,20.23
31/03/2010,3340,67853000,19.6(1.55 %),64240,1248133000,60900,1180280000,17203329,20.24
01/04/2010,24740,493668000,19.8(1.02 %),75740,1497968000,51000,1004300000,17178589,20.28
02/04/2010,24230,489903000,20(1.01 %),24230,489903000,0,0,17154359,20.32
05/04/2010,74070,1544814000,21(5.00 %),74070,1544814000,0,0,17080289,20.44
06/04/2010,74330,1583909000,20.6(-1.90 %),74330,1583909000,0,0,17005959,20.57
07/04/2010,72770,1514354000,21(1.94 %),72770,1514354000,0,0,16933189,20.69
08/04/2010,101460,2153760000,21.4(1.90 %),103470,2196470000,2010,42710000,16831729,20.86
09/04/2010,52840,1126778000,21(-1.87 %),52840,1126778000,0,0,16778889,20.95
12/04/2010,49220,1035843000,21(0.00 %),50000,1052223000,780,16380000,16729669,21.03
13/04/2010,49690,1039745000,20.5(-2.38 %),50000,1046100000,310,6355000,16679979,21.11
14/04/2010,-41850,-857195000,20.2(-1.46 %),50900,1047180000,92750,1904375000,16721829,21.04
15/04/2010,31080,643890000,20.8(2.97 %),35180,727530000,4100,83640000,16690749,21.09
16/04/2010,100050,2105790000,21.4(2.88 %),100300,2111140000,250,5350000,16590699,21.26
19/04/2010,-220,-4664000,21.2(-0.93 %),0,0,220,4664000,16590919,21.26
20/04/2010,-80,-1648000,20.6(-2.83 %),0,0,80,1648000,16590999,21.26
21/04/2010,-1640,-34012000,20.7(0.49 %),0,0,1640,34012000,16592639,21.26
22/04/2010,61610,1328131000,21.6(4.35 %),61610,1328131000,0,0,16531029,21.36
26/04/2010,44710,982090000,21.6(0.00 %),215030,4676547000,170320,3694457000,16486319,21.43
27/04/2010,228920,5034210000,22.6(4.63 %),234880,5165946000,5960,131736000,16257399,21.82
28/04/2010,122460,2894030000,23.7(4.87 %),122460,2894030000,0,0,16134939,22.02
29/04/2010,112940,2704554000,23.7(0.00 %),119000,2850992000,6060,146438000,16021999,22.21
04/05/2010,-1700,-40370000,23.7(0.00 %),3800,89860000,5500,130230000,16023699,22.21
05/05/2010,-1220,-27960000,22.9(-3.38 %),0,0,1220,27960000,16024919,22.21
06/05/2010,-72690,-1743870000,24(4.80 %),0,0,72690,1743870000,16097609,22.08
07/05/2010,-83000,-1920077000,23.9(-0.42 %),0,0,83000,1920077000,16180609,21.95
10/05/2010,-500,-10255000,22.8(-4.60 %),5260,122084000,5760,132339000,16181109,21.94
11/05/2010,-60000,-1368000000,22.9(0.44 %),0,0,60000,1368000000,16241109,21.84
12/05/2010,3540,79380000,21.8(-4.80 %),5000,111500000,1460,32120000,16237569,21.85
13/05/2010,-15810,-335106000,20.9(-4.13 %),7000,146800000,22810,481906000,16253379,21.82
14/05/2010,-6270,-135984000,21.2(1.44 %),920,19320000,7190,155304000,16259649,21.81
17/05/2010,-830,-17136000,20.2(-4.72 %),0,0,830,17136000,16260479,21.81
18/05/2010,0,0,20(-0.99 %),0,0,0,0,16260479,21.81
19/05/2010,-27810,-531097000,19(-5.00 %),0,0,27810,531097000,16288289,21.77
20/05/2010,4910,92308000,19.9(4.74 %),4910,92308000,0,0,16283379,21.77
21/05/2010,158170,3004980000,19(-4.52 %),160000,3040000000,1830,35020000,16125209,22.04
24/05/2010,0,0,19(0.00 %),0,0,0,0,16125209,22.04
25/05/2010,34220,658262000,19.3(1.58 %),34320,660192000,100,1930000,16090989,22.1
26/05/2010,20700,399450000,19.5(1.04 %),20700,399450000,0,0,16070289,22.13
27/05/2010,-2730,-53862000,19.4(-0.51 %),0,0,2730,53862000,16073019,22.13
28/05/2010,10000,202000000,20.3(4.64 %),10000,202000000,0,0,16063019,22.14
31/05/2010,-21340,-427438000,19.7(-2.96 %),0,0,21340,427438000,16084359,22.11
01/06/2010,0,0,19.7(0.00 %),0,0,0,0,16084359,22.11
02/06/2010,-27080,-533460000,19.7(0.00 %),3000,58500000,30080,591960000,16111439,22.06
03/06/2010,300,5910000,19.5(-1.02 %),300,5910000,0,0,16111139,22.06
04/06/2010,-15430,-297497000,19.2(-1.54 %),0,0,15430,297497000,16126569,22.04
07/06/2010,3920,79365000,18.8(-2.08 %),63930,1201674000,60010,1122309000,16122649,22.04
08/06/2010,-10620,-198122000,18.6(-1.06 %),1290,24052000,11910,222174000,16133269,22.02
09/06/2010,-12530,-237270000,18.8(1.08 %),0,0,12530,237270000,16145799,22.0
10/06/2010,0,0,18.9(0.53 %),0,0,0,0,16145799,22.0
11/06/2010,5320,101056000,18.9(0.00 %),5320,101056000,0,0,16140479,22.01
14/06/2010,-26500,-503650000,19.1(1.06 %),1000,18900000,27500,522550000,16166979,21.97
15/06/2010,-9530,-184381000,19.2(0.52 %),0,0,9530,184381000,16176509,21.95
16/06/2010,-50940,-990421000,19.4(1.04 %),0,0,50940,990421000,16227449,21.87
17/06/2010,-118490,-2374947000,20.3(4.64 %),10530,213741000,129020,2588688000,16345939,21.67
18/06/2010,-67090,-1346942000,19.6(-3.45 %),7910,155036000,75000,1501978000,16413029,21.56
21/06/2010,-160970,-3283374000,20.5(4.59 %),4000,79200000,164970,3362574000,16573999,21.29
22/06/2010,14650,307254000,21(2.44 %),17150,360150000,2500,52896000,16559349,21.31
23/06/2010,-7000,-141400000,20.2(-3.81 %),0,0,7000,141400000,16566349,21.3
24/06/2010,-7350,-147000000,20(-0.99 %),0,0,7350,147000000,16573699,21.29
25/06/2010,-14460,-279078000,19.3(-3.50 %),0,0,14460,279078000,16588159,21.26
28/06/2010,-34270,-661470000,19.2(-0.52 %),0,0,34270,661470000,16622429,21.21
29/06/2010,0,0,19.3(0.52 %),0,0,0,0,16622429,21.21
30/06/2010,5500,104800000,19.1(-1.04 %),5500,104800000,0,0,16616929,21.22
01/07/2010,-5000,-95000000,19.1(0.00 %),0,0,5000,95000000,16621929,21.21
02/07/2010,-4710,-89961000,19.1(0.00 %),0,0,4710,89961000,16626639,21.2
05/07/2010,34280,662144000,19.5(2.09 %),34290,662339000,10,195000,16592359,21.26
06/07/2010,-30000,-570900000,18.9(-3.08 %),0,0,30000,570900000,16622359,21.21
07/07/2010,-22940,-435454000,18.8(-0.53 %),0,0,22940,435454000,16645299,21.17
08/07/2010,-1260,-23764000,19.2(2.13 %),0,0,1260,23764000,16646559,21.17
09/07/2010,0,0,19(-1.04 %),0,0,0,0,16646559,21.17
12/07/2010,0,0,19.2(1.05 %),0,0,0,0,16646559,21.17
13/07/2010,4240,83404000,19.7(2.60 %),12240,238804000,8000,155400000,16642319,21.17
14/07/2010,-3820,-74511000,19.2(-2.54 %),70,1344000,3890,75855000,16646139,21.17
15/07/2010,-25950,-502640000,19.2(0.00 %),50,960000,26000,503600000,16672089,21.12
16/07/2010,13110,251311000,19.1(-0.52 %),13110,251311000,0,0,16658979,21.15
19/07/2010,12860,244340000,19(-0.52 %),12960,246240000,100,1900000,16646119,21.17
20/07/2010,-24700,-469330000,18.9(-0.53 %),300,5670000,25000,475000000,16670819,21.13
21/07/2010,-25000,-472500000,18.8(-0.53 %),0,0,25000,472500000,16695819,21.08
22/07/2010,-42360,-784212000,18.5(-1.60 %),500,9250000,42860,793462000,16738179,21.01
23/07/2010,-20000,-369987000,18.4(-0.54 %),0,0,20000,369987000,16758179,20.98
26/07/2010,-7120,-131058000,18.2(-1.09 %),500,9150000,7620,140208000,16765299,20.97
27/07/2010,-24520,-445912000,18(-1.10 %),300,5400000,24820,451312000,16789819,20.93
28/07/2010,-2010,-35138000,17.1(-5.00 %),200,3520000,2210,38658000,16791829,20.92
29/07/2010,0,0,16.9(-1.17 %),0,0,0,0,16791829,20.92
30/07/2010,1010,17169000,17.4(2.96 %),1010,17169000,0,0,16790819,20.93
02/08/2010,-7730,-135675000,17.1(-1.72 %),2800,47800000,10530,183475000,16798549,20.91
03/08/2010,2800,47600000,17(-0.58 %),2800,47600000,0,0,16795749,20.92
04/08/2010,1400,23250000,16.7(-1.76 %),1400,23250000,0,0,16794349,20.92
05/08/2010,10950,182655000,16.7(0.00 %),10950,182655000,0,0,16783399,20.94
06/08/2010,-2550,-42725000,16.5(-1.20 %),200,3300000,2750,46025000,16785949,20.93
09/08/2010,200,3240000,15.7(-4.85 %),200,3240000,0,0,16785749,20.93
10/08/2010,1880,28128000,15.6(-0.64 %),3000,45000000,1120,16872000,16783869,20.94
11/08/2010,0,0,15.4(-1.28 %),0,0,0,0,0,49.05
12/08/2010,-11990,-176749000,14.7(-4.55 %),0,0,11990,176749000,16795859,20.92
13/08/2010,2000,28400000,14.5(-1.36 %),2000,28400000,0,0,16793859,20.92
16/08/2010,18010,273752000,15.2(4.83 %),18010,273752000,0,0,16775849,20.95
17/08/2010,13350,201625000,15.1(-0.66 %),13450,203095000,100,1470000,0,49.08
18/08/2010,0,0,14.4(-4.64 %),0,0,0,0,16762499,20.97
19/08/2010,3350,47805000,14.3(-0.69 %),3350,47805000,0,0,0,0.0
20/08/2010,33160,485252000,14.7(2.80 %),33160,485252000,0,0,0,49.06
23/08/2010,-4470,-63980000,14.2(-3.40 %),3300,46890000,7770,110870000,0,49.05
24/08/2010,2000,27000000,13.5(-4.93 %),2000,27000000,0,0,0,49.05
25/08/2010,14890,192105000,12.9(-4.44 %),14890,192105000,0,0,0,0.0
26/08/2010,-21800,-269870000,12.5(-3.10 %),0,0,21800,269870000,0,49.04
27/08/2010,300,3690000,12.3(-1.60 %),300,3690000,0,0,0,0.0
30/08/2010,-102670,-1324443000,12.9(4.88 %),0,0,102670,1324443000,102670,48.83
31/08/2010,-32090,-430938000,13.5(4.65 %),7910,105062000,40000,536000000,134760,48.77
01/09/2010,13920,196252000,14.1(4.44 %),13920,196252000,0,0,120840,48.8
06/09/2010,2400,35873000,14.8(4.96 %),9790,144667000,7390,108794000,17219604,48.8
07/09/2010,-4020,-64103000,14.6(-1.35 %),10980,160224000,15000,224327000,122460,48.8
08/09/2010,30950,434761000,14.1(-3.42 %),40550,569621000,9600,134860000,91510,48.85
09/09/2010,-13920,-204830000,14.5(2.84 %),24080,350420000,38000,555250000,105430,48.82
10/09/2010,2480,34454000,13.9(-4.14 %),5380,76504000,2900,42050000,102950,48.83
13/09/2010,9020,121557000,13.5(-2.88 %),21910,295572000,12890,174015000,93930,48.84
14/09/2010,-235280,-3096216000,13.5(0.00 %),0,0,235280,3096216000,329210,48.45
15/09/2010,-164140,-2136414000,13(-3.70 %),0,0,164140,2136414000,493350,48.18
16/09/2010,-165000,-2112684000,12.9(-0.77 %),0,0,165000,2112684000,658350,47.9
17/09/2010,-82820,-1103468000,13.5(4.65 %),0,0,82820,1103468000,741170,47.76
20/09/2010,-121810,-1639925000,13.3(-1.48 %),0,0,121810,1639925000,862980,47.56
21/09/2010,-548600,-7008830000,12.7(-4.51 %),0,0,548600,7008830000,1411580,46.64
22/09/2010,4120,54485000,13.3(4.72 %),4120,54485000,0,0,1407460,46.65
23/09/2010,103550,1437845000,13.9(4.51 %),105550,1465645000,2000,27800000,1303910,46.82
24/09/2010,0,0,13.7(-1.44 %),0,0,0,0,1303910,46.82
27/09/2010,0,0,13.3(-2.92 %),0,0,0,0,1303910,46.82
28/09/2010,0,0,13.4(0.75 %),0,0,0,0,1303910,46.82
29/09/2010,0,0,13(-2.99 %),0,0,0,0,1303910,46.82
30/09/2010,18030,236193000,13(0.00 %),19030,249293000,1000,13100000,18387044,46.85
01/10/2010,0,0,12.9(-0.77 %),0,0,0,0,18387044,18.26
04/10/2010,700,9030000,12.4(-3.88 %),700,9030000,0,0,18386344,18.26
05/10/2010,0,0,12.4(0.00 %),0,0,0,0,18386344,18.26
06/10/2010,-81400,-1019281000,13(4.84 %),0,0,81400,1019281000,18467744,18.12
07/10/2010,-39410,-503995000,12.6(-3.08 %),0,0,39410,503995000,18507154,18.06
08/10/2010,-75020,-939463000,12.5(-0.79 %),0,0,75020,939463000,18582174,17.93
11/10/2010,-43590,-544075000,12.4(-0.80 %),0,0,43590,544075000,18625764,17.86
12/10/2010,-62000,-753500000,12.2(-1.61 %),0,0,62000,753500000,18687764,17.75
13/10/2010,-68040,-826432000,12.2(0.00 %),0,0,68040,826432000,18755804,17.64
14/10/2010,-139720,-1695368000,12.1(-0.82 %),0,0,139720,1695368000,18895524,17.41
15/10/2010,-67940,-805961000,11.8(-2.48 %),1200,14160000,69140,820121000,18963464,17.29
18/10/2010,-44570,-521862000,11.7(-0.85 %),480,5604000,45050,527466000,19008034,17.22
19/10/2010,-82680,-940239000,11.2(-4.27 %),0,0,82680,940239000,19090714,17.08
20/10/2010,-179170,-1925436000,10.7(-4.46 %),0,0,179170,1925436000,19269884,16.78
21/10/2010,-95780,-1003608000,10.4(-2.80 %),0,0,95780,1003608000,19365664,16.62
22/10/2010,-100750,-1025784000,10.2(-1.92 %),0,0,100750,1025784000,19466414,16.45
25/10/2010,-172950,-1724363000,10.2(0.00 %),0,0,172950,1724363000,19639364,16.16
26/10/2010,-119660,-1272705000,10.6(3.92 %),500,5150000,120160,1277855000,19759024,15.96
27/10/2010,0,0,10.4(-1.89 %),0,0,0,0,19759024,15.96
28/10/2010,0,0,10.1(-2.88 %),0,0,0,0,19759024,15.96
29/10/2010,-15000,-152500000,10.2(0.99 %),0,0,15000,152500000,19774024,15.94
01/11/2010,0,0,10.1(-0.98 %),0,0,0,0,19774024,15.94
02/11/2010,0,0,10(-0.99 %),0,0,0,0,19774024,15.94
03/11/2010,0,0,9.9(-1.00 %),0,0,0,0,19774024,15.94
04/11/2010,-20000,-200000000,10(1.01 %),0,0,20000,200000000,19794024,15.9
05/11/2010,0,0,10.3(3.00 %),0,0,0,0,19794024,15.9
08/11/2010,0,0,10.2(-0.97 %),0,0,0,0,19794024,15.9
09/11/2010,-20000,-198072000,9.9(-2.94 %),0,0,20000,198072000,19814024,15.87
10/11/2010,180,1764000,10(1.01 %),180,1764000,0,0,19813844,15.87
11/11/2010,0,0,9.8(-2.00 %),0,0,0,0,19813844,15.87
12/11/2010,-108270,-1019252000,9.4(-4.08 %),5000,47500000,113270,1066752000,19922114,15.69
15/11/2010,-135000,-1279100000,9.5(1.06 %),0,0,135000,1279100000,20057114,15.46
16/11/2010,-1000,-9500000,9.1(-4.21 %),0,0,1000,9500000,20058114,15.46
17/11/2010,0,0,9.3(2.20 %),0,0,0,0,20058114,15.46
18/11/2010,0,0,9.7(4.30 %),0,0,0,0,20058114,15.46
19/11/2010,-140,-1358000,9.6(-1.03 %),0,0,140,1358000,20058254,15.46
22/11/2010,-107080,-988550000,9.3(-3.12 %),0,0,107080,988550000,20165334,15.28
23/11/2010,-18820,-176338000,9.4(1.08 %),100,910000,18920,177248000,20184154,15.25
24/11/2010,-20000,-184501000,9.2(-2.13 %),0,0,20000,184501000,20204154,15.22
25/11/2010,-339080,-3139968000,9.5(3.26 %),0,0,339080,3139968000,20543234,14.65
26/11/2010,-53550,-506580000,9.5(0.00 %),0,0,53550,506580000,20596784,14.56
29/11/2010,-300000,-2782500000,9.7(2.11 %),0,0,300000,2782500000,20896784,14.06
30/11/2010,-365580,-3673178000,10.1(4.12 %),100,990000,365680,3674168000,21262364,13.45
01/12/2010,-150070,-1539307000,10.6(4.95 %),0,0,150070,1539307000,21412434,13.2
02/12/2010,-75000,-802150000,11.1(4.72 %),0,0,75000,802150000,21487434,13.07
03/12/2010,-99900,-1158850000,11.6(4.50 %),100,1150000,100000,1160000000,21587334,12.91
06/12/2010,-51190,-619161000,11.9(2.59 %),0,0,51190,619161000,21638524,12.82
07/12/2010,0,0,11.4(-4.20 %),0,0,0,0,21638524,12.82
08/12/2010,0,0,10.9(-4.39 %),0,0,0,0,21638524,12.82
09/12/2010,800,8640000,11.2(2.75 %),800,8640000,0,0,21637724,12.82
10/12/2010,0,0,11.7(4.46 %),0,0,0,0,21637724,12.82
13/12/2010,10000,122000000,12.2(4.27 %),10000,122000000,0,0,21627724,12.84
14/12/2010,-173340,-2023778000,11.6(-4.92 %),0,0,173340,2023778000,21801064,12.55
15/12/2010,-92500,-1064320000,11.1(-4.31 %),0,0,92500,1064320000,21893564,12.39
16/12/2010,-26800,-287522000,10.6(-4.50 %),0,0,26800,287522000,21920364,12.35
17/12/2010,0,0,11.1(4.72 %),0,0,0,0,21920364,12.35
20/12/2010,0,0,11(-0.90 %),0,0,0,0,21920364,12.35
21/12/2010,5800,63081000,11(0.00 %),8190,89271000,2390,26190000,21914564,12.36
22/12/2010,23350,264461000,11.4(3.64 %),78550,896721000,55200,632260000,21891214,12.4
23/12/2010,-280,-3164000,10.9(-4.39 %),0,0,280,3164000,21891494,12.4
24/12/2010,0,0,11(0.92 %),0,0,0,0,21891494,12.4
27/12/2010,0,0,11(0.00 %),0,0,0,0,21891494,12.4
28/12/2010,0,0,11.1(0.91 %),0,0,0,0,21891494,12.4
29/12/2010,0,0,10.7(-3.60 %),0,0,0,0,21891494,12.4
30/12/2010,0,0,10.6(-0.93 %),0,0,0,0,21891494,12.4
31/12/2010,0,0,10.6(0.00 %),0,0,0,0,21891494,12.4
04/01/2011,0,0,10.9(2.83 %),0,0,0,0,21891494,12.4
05/01/2011,0,0,10.9(0.00 %),0,0,0,0,21891494,12.4
06/01/2011,0,0,10.7(-1.83 %),0,0,0,0,21891494,12.4
07/01/2011,0,0,10.5(-1.87 %),0,0,0,0,21891494,12.4
10/01/2011,-23670,-242861000,10.1(-3.81 %),0,0,23670,242861000,21915164,12.36
11/01/2011,100,990000,9.9(-1.98 %),100,990000,0,0,21915064,12.36
12/01/2011,-1070,-10757000,10.1(2.02 %),500,5050000,1570,15807000,21916134,12.36
13/01/2011,0,0,10.2(0.99 %),0,0,0,0,21916134,12.36
14/01/2011,0,0,10.7(4.90 %),0,0,0,0,21916134,12.36
17/01/2011,-600,-6720000,11.2(4.67 %),0,0,600,6720000,21916734,12.35
18/01/2011,1620,17982000,10.9(-2.68 %),1620,17982000,0,0,21914514,12.36
19/01/2011,0,0,10.8(-0.92 %),0,0,0,0,21914514,12.36
20/01/2011,-2100,-23520000,10.7(-0.93 %),0,0,2100,23520000,21916614,12.35
21/01/2011,0,0,10.7(0.00 %),0,0,0,0,21916614,12.35
24/01/2011,0,0,10.5(-1.87 %),0,0,0,0,21916614,12.35
25/01/2011,0,0,10.4(-0.95 %),0,0,0,0,21916614,12.35
26/01/2011,0,0,10.5(0.96 %),0,0,0,0,21916614,12.35
27/01/2011,0,0,10.6(0.95 %),0,0,0,0,21916614,12.35
28/01/2011,0,0,10.8(1.89 %),0,0,0,0,21916614,12.35
08/02/2011,1150,12535000,10.9(0.93 %),1150,12535000,0,0,21915464,12.36
09/02/2011,0,0,10.8(-0.92 %),0,0,0,0,21915464,12.36
10/02/2011,0,0,11.3(4.63 %),0,0,0,0,21915464,12.36
11/02/2011,0,0,11.8(4.42 %),0,0,0,0,21915464,12.36
14/02/2011,18150,210540000,11.5(-2.54 %),19000,220400000,850,9860000,21897314,12.39
15/02/2011,0,0,11.7(1.74 %),0,0,0,0,21897314,12.39
16/02/2011,19260,221542000,11.5(-1.71 %),19260,221542000,0,0,21878054,12.42
17/02/2011,0,0,11.1(-3.48 %),0,0,0,0,21878054,12.42
18/02/2011,0,0,10.9(-1.80 %),0,0,0,0,21878054,12.42
21/02/2011,1900,20710000,10.4(-4.59 %),1900,20710000,0,0,21876154,12.42
22/02/2011,0,0,10.1(-2.88 %),0,0,0,0,21876154,12.42
23/02/2011,0,0,10.6(4.95 %),0,0,0,0,21876154,12.42
24/02/2011,0,0,10.5(-0.94 %),0,0,0,0,21876154,12.42
25/02/2011,0,0,10.5(0.00 %),0,0,0,0,21876154,12.42
28/02/2011,-30000,-309000000,10.3(-1.90 %),0,0,30000,309000000,21906154,12.37
01/03/2011,0,0,10.8(4.85 %),0,0,0,0,21906154,12.37
02/03/2011,0,0,10.3(-4.63 %),0,0,0,0,21906154,12.37
03/03/2011,0,0,9.8(-4.85 %),0,0,0,0,0,0.0
04/03/2011,0,0,10(2.04 %),0,0,0,0,0,0.0
07/03/2011,0,0,10(0.00 %),0,0,0,0,0,0.0
08/03/2011,0,0,9.9(-1.00 %),0,0,0,0,0,0.0
09/03/2011,0,0,9.6(-3.03 %),0,0,0,0,0,0.0
10/03/2011,0,0,10(4.17 %),0,0,0,0,0,0.0
11/03/2011,0,0,10.5(5.00 %),0,0,0,0,0,0.0
14/03/2011,0,0,10(-4.76 %),0,0,0,0,0,0.0
15/03/2011,0,0,10.2(2.00 %),0,0,0,0,0,0.0
16/03/2011,-1720,-16684000,9.8(3.16 %),0,0,1720,16684000,21596581,12.89
17/03/2011,0,0,9.8(0.00 %),0,0,0,0,21596581,12.89
18/03/2011,0,0,10.2(4.08 %),0,0,0,0,21596581,12.89
21/03/2011,0,0,10(-1.96 %),0,0,0,0,21596581,12.89
22/03/2011,0,0,9.8(-2.00 %),0,0,0,0,21596581,12.89
23/03/2011,0,0,10(2.04 %),0,0,0,0,21596581,12.89
24/03/2011,0,0,9.8(-2.00 %),0,0,0,0,21596581,12.89
25/03/2011,0,0,9.8(0.00 %),0,0,0,0,21596581,12.89
28/03/2011,0,0,9.7(-1.02 %),0,0,0,0,21596581,12.89
29/03/2011,0,0,9.4(-3.09 %),0,0,0,0,21596581,12.89
30/03/2011,2870,26404000,9.4(0.00 %),2870,26404000,0,0,21593711,12.89
31/03/2011,100,940000,9.4(0.00 %),100,940000,0,0,21593611,12.89
01/04/2011,0,0,9.6(2.13 %),0,0,0,0,21595331,12.89
04/04/2011,24380,230294000,9.5(-1.04 %),24380,230294000,0,0,21570951,12.93
05/04/2011,0,0,9.4(-1.05 %),0,0,0,0,21570951,12.93
06/04/2011,0,0,9.5(1.06 %),0,0,0,0,21570951,12.93
07/04/2011,-50000,-461836000,9.2(-3.16 %),0,0,50000,461836000,21620951,12.85
08/04/2011,-53460,-490330000,9(-2.17 %),9990,89910000,63450,580240000,21674411,12.76
13/04/2011,0,0,8.9(-1.11 %),0,0,0,0,21674411,12.76
14/04/2011,0,0,9(1.12 %),0,0,0,0,21674411,12.76
15/04/2011,0,0,9(0.00 %),0,0,0,0,21674411,12.76
18/04/2011,0,0,8.7(-3.33 %),0,0,0,0,21674411,12.76
19/04/2011,7850,66725000,8.4(-3.45 %),7850,66725000,0,0,21666561,12.77
20/04/2011,140,1176000,8.3(-1.19 %),140,1176000,0,0,21666421,12.77
21/04/2011,0,0,8(-3.61 %),0,0,0,0,21666421,12.77
22/04/2011,0,0,7.8(-2.50 %),0,0,0,0,21666421,12.77
25/04/2011,0,0,8.1(3.85 %),0,0,0,0,21666421,12.77
26/04/2011,0,0,7.9(-2.47 %),0,0,0,0,21666421,12.77
27/04/2011,-14000,-111800000,7.7(-2.53 %),16000,123200000,30000,235000000,21680421,12.75
28/04/2011,0,0,7.8(1.30 %),0,0,0,0,21680421,12.75
29/04/2011,0,0,7.8(0.00 %),0,0,0,0,21680421,12.75
04/05/2011,0,0,7.8(0.00 %),0,0,0,0,21650421,12.8
05/05/2011,0,0,7.8(0.00 %),0,0,0,0,21650421,12.8
06/05/2011,0,0,7.8(0.00 %),0,0,0,0,21650421,12.8
09/05/2011,0,0,7.6(-2.56 %),0,0,0,0,21650421,12.8
10/05/2011,0,0,7.8(2.63 %),0,0,0,0,21650421,12.8
11/05/2011,0,0,7.8(0.00 %),0,0,0,0,21650421,12.8
12/05/2011,0,0,7.6(-2.56 %),0,0,0,0,21650421,12.8
13/05/2011,-20000,-151500000,7.6(0.00 %),0,0,20000,151500000,21670421,12.77
16/05/2011,0,0,7.4(-2.63 %),0,0,0,0,21670421,12.77
17/05/2011,0,0,7.2(-2.70 %),0,0,0,0,21670421,12.77
18/05/2011,-90570,-626209000,7(-2.78 %),500,3450000,91070,629659000,21760991,12.62
19/05/2011,-27690,-191830000,6.9(-1.43 %),0,0,27690,191830000,21788681,12.57
20/05/2011,0,0,6.9(0.00 %),0,0,0,0,21788681,12.57
23/05/2011,0,0,6.7(-2.90 %),0,0,0,0,21788681,12.57
24/05/2011,0,0,6.4(-4.48 %),0,0,0,0,21788681,12.57
25/05/2011,4500,27750000,6.1(-4.69 %),4500,27750000,0,0,21784181,12.58
26/05/2011,-3320,-20916000,6.4(4.92 %),0,0,3320,20916000,21787501,12.57
27/05/2011,-70,-448000,6.7(4.69 %),0,0,70,448000,21787571,12.57
30/05/2011,0,0,6.4(-4.48 %),0,0,0,0,21787571,12.57
31/05/2011,500,3250000,6.5(1.56 %),500,3250000,0,0,21787071,12.57
01/06/2011,0,0,6.8(4.62 %),0,0,0,0,21817001,12.52
02/06/2011,200,1400000,7.1(4.41 %),200,1400000,0,0,21816801,12.52
03/06/2011,0,0,7.3(2.82 %),0,0,0,0,21816801,12.52
06/06/2011,0,0,7.3(0.00 %),0,0,0,0,21816801,12.52
07/06/2011,0,0,7.6(4.11 %),0,0,0,0,21816801,12.52
08/06/2011,0,0,7.7(1.32 %),0,0,0,0,21816801,12.52
09/06/2011,-64980,-503253000,7.8(1.30 %),0,0,64980,503253000,21881781,12.41
10/06/2011,0,0,8(2.56 %),0,0,0,0,21881781,12.41
13/06/2011,0,0,8.4(5.00 %),0,0,0,0,21881781,12.41
14/06/2011,0,0,8.3(-1.19 %),0,0,0,0,21881781,12.41
15/06/2011,0,0,7.9(-4.82 %),0,0,0,0,21881781,12.41
16/06/2011,-100,-760000,7.7(-2.53 %),0,0,100,760000,21881881,12.41
17/06/2011,0,0,7.4(-3.90 %),0,0,0,0,21881881,12.41
20/06/2011,0,0,7.1(-4.05 %),0,0,0,0,21881881,12.41
21/06/2011,0,0,7.4(4.23 %),0,0,0,0,21881881,12.41
22/06/2011,0,0,7.3(-1.35 %),0,0,0,0,21881881,12.41
23/06/2011,0,0,7.2(-1.37 %),0,0,0,0,21881881,12.41
24/06/2011,0,0,7.3(1.39 %),0,0,0,0,21881881,12.41
27/06/2011,0,0,7.4(1.37 %),0,0,0,0,21881881,12.41
28/06/2011,0,0,7.5(1.35 %),0,0,0,0,21881881,12.41
29/06/2011,0,0,7.3(-2.67 %),0,0,0,0,21881881,12.41
30/06/2011,3000,21300000,7(-4.11 %),3000,21300000,0,0,21878881,12.42
01/07/2011,0,0,6.7(-4.29 %),0,0,0,0,21878951,12.42
04/07/2011,0,0,6.7(0.00 %),0,0,0,0,21878951,12.42
05/07/2011,-3000,-20700000,6.9(2.99 %),0,0,3000,20700000,21881951,12.41
06/07/2011,0,0,6.8(-1.45 %),0,0,0,0,21881951,12.41
07/07/2011,0,0,6.8(0.00 %),0,0,0,0,21881951,12.41
08/07/2011,0,0,6.8(0.00 %),0,0,0,0,21881951,12.41
11/07/2011,0,0,6.8(0.00 %),0,0,0,0,21881951,12.41
12/07/2011,-18000,-117500000,6.5(-4.41 %),0,0,18000,117500000,21899951,12.38
13/07/2011,0,0,6.3(-3.08 %),0,0,0,0,21899951,12.38
14/07/2011,0,0,6.4(1.59 %),0,0,0,0,21899951,12.38
15/07/2011,0,0,6.5(1.56 %),0,0,0,0,21899951,12.38
18/07/2011,0,0,6.4(-1.54 %),0,0,0,0,21899951,12.38
19/07/2011,0,0,6.2(-3.12 %),0,0,0,0,21899951,12.38
20/07/2011,0,0,6.4(3.23 %),0,0,0,0,21899951,12.38
21/07/2011,1500,9600000,6.4(0.00 %),1500,9600000,0,0,21898451,12.39
22/07/2011,0,0,6.2(-3.12 %),0,0,0,0,21898451,12.39
25/07/2011,0,0,6.2(0.00 %),0,0,0,0,21898451,12.39
26/07/2011,0,0,6.2(0.00 %),0,0,0,0,21898451,12.39
27/07/2011,0,0,6.3(1.61 %),0,0,0,0,21898451,12.39
28/07/2011,0,0,6.2(-1.59 %),0,0,0,0,21898451,12.39
29/07/2011,0,0,6.2(0.00 %),0,0,0,0,21898451,12.39
01/08/2011,0,0,6.3(1.61 %),0,0,0,0,21898451,12.39
02/08/2011,0,0,6.2(-1.59 %),0,0,0,0,21898451,12.39
03/08/2011,-12390,-75479000,6(-3.23 %),0,0,12390,75479000,21910841,12.36
04/08/2011,7000,44100000,6.3(5.00 %),7000,44100000,0,0,21903841,12.38
05/08/2011,0,0,6.1(-3.17 %),0,0,0,0,21903841,12.38
08/08/2011,-30670,-182998000,5.9(-3.28 %),0,0,30670,182998000,21934511,12.32
09/08/2011,-4900,-27944000,5.7(-3.39 %),0,0,4900,27944000,21939411,12.32
10/08/2011,0,0,5.9(3.51 %),0,0,0,0,21939411,12.32
11/08/2011,-81930,-468916000,5.7(-3.39 %),0,0,81930,468916000,22021341,12.18
12/08/2011,-115420,-661909000,5.7(0.00 %),0,0,115420,661909000,22136761,11.99
15/08/2011,0,0,5.9(3.51 %),0,0,0,0,22136761,11.99
16/08/2011,-13610,-81660000,6(1.69 %),0,0,13610,81660000,22150371,11.96
17/08/2011,0,0,6.2(3.33 %),0,0,0,0,22150371,11.96
18/08/2011,-1410,-8804000,6.3(1.61 %),0,0,1410,8804000,22151781,11.96
19/08/2011,3260,20212000,6(-4.76 %),3260,20212000,0,0,22148521,11.97
22/08/2011,29010,182761000,6.3(5.00 %),29010,182761000,0,0,22119511,12.02
23/08/2011,0,0,6.3(0.00 %),0,0,0,0,22119511,12.02
24/08/2011,-5000,-31500000,6.3(0.00 %),2000,12600000,7000,44100000,22124511,12.01
25/08/2011,0,0,6.3(0.00 %),0,0,0,0,22124511,12.01
26/08/2011,-29000,-179800000,6.2(-1.59 %),0,0,29000,179800000,22153511,11.96
29/08/2011,0,0,6.5(4.84 %),0,0,0,0,22153511,11.96
30/08/2011,0,0,6.8(4.62 %),0,0,0,0,22153511,11.96
31/08/2011,0,0,6.9(1.47 %),0,0,0,0,22153511,11.96
01/09/2011,0,0,7.2(4.35 %),0,0,0,0,22153511,11.96
05/09/2011,0,0,7.2(0.00 %),0,0,0,0,22153511,11.96
06/09/2011,0,0,6.9(-4.17 %),0,0,0,0,22153511,11.96
07/09/2011,0,0,7.1(2.90 %),0,0,0,0,22153511,11.96
08/09/2011,0,0,7.3(2.82 %),0,0,0,0,22153511,11.96
09/09/2011,0,0,7.4(1.37 %),0,0,0,0,22153511,11.96
12/09/2011,0,0,7.3(-1.35 %),0,0,0,0,22153511,11.96
13/09/2011,0,0,7.6(4.11 %),0,0,0,0,22153511,11.96
14/09/2011,0,0,7.8(2.63 %),0,0,0,0,22153511,11.96
15/09/2011,0,0,7.6(-2.56 %),0,0,0,0,22153511,11.96
16/09/2011,0,0,7.3(-3.95 %),0,0,0,0,22153511,11.96
19/09/2011,0,0,7.2(-1.37 %),0,0,0,0,22153511,11.96
20/09/2011,0,0,6.9(-4.17 %),0,0,0,0,22153511,11.96
21/09/2011,67000,459300000,6.7(-2.90 %),67000,459300000,0,0,22086511,12.07
22/09/2011,-800,-5520000,7(4.48 %),0,0,800,5520000,22087311,12.07
23/09/2011,0,0,6.8(-2.86 %),0,0,0,0,22087311,12.07
26/09/2011,0,0,6.6(-2.94 %),0,0,0,0,22087311,12.07
27/09/2011,0,0,6.7(1.52 %),0,0,0,0,22087311,12.07
28/09/2011,10100,68670000,6.9(2.99 %),10100,68670000,0,0,22077211,12.09
29/09/2011,0,0,6.8(-1.45 %),0,0,0,0,22077211,12.09
30/09/2011,300,2370000,6.8(0.00 %),3300,22770000,3000,20400000,22076911,12.09
03/10/2011,15500,104830000,6.7(-1.47 %),15500,104830000,0,0,22073911,12.09
04/10/2011,0,0,6.6(-1.49 %),0,0,0,0,22073911,12.09
05/10/2011,0,0,6.6(0.00 %),0,0,0,0,22073911,12.09
06/10/2011,0,0,6.7(1.52 %),0,0,0,0,22073911,12.09
07/10/2011,0,0,6.7(0.00 %),0,0,0,0,22073911,12.09
10/10/2011,0,0,6.7(0.00 %),0,0,0,0,22073911,12.09
11/10/2011,0,0,6.7(0.00 %),0,0,0,0,22073911,12.09
12/10/2011,5000,33500000,6.5(-2.99 %),5000,33500000,0,0,22068911,12.1
13/10/2011,0,0,6.5(0.00 %),0,0,0,0,22068911,12.1
14/10/2011,0,0,6.6(1.54 %),0,0,0,0,22068911,12.1
17/10/2011,0,0,6.6(0.00 %),0,0,0,0,22068911,12.1
18/10/2011,0,0,6.4(-3.03 %),0,0,0,0,22068911,12.1
19/10/2011,0,0,6.5(1.56 %),0,0,0,0,22068911,12.1
20/10/2011,0,0,6.4(-1.54 %),0,0,0,0,22068911,12.1
21/10/2011,0,0,6.4(0.00 %),0,0,0,0,22068911,12.1
24/10/2011,0,0,6.6(3.12 %),0,0,0,0,22068911,12.1
25/10/2011,0,0,6.4(-3.03 %),0,0,0,0,22068911,12.1
26/10/2011,0,0,6.2(-3.12 %),0,0,0,0,22068911,12.1
27/10/2011,0,0,6.3(1.61 %),0,0,0,0,22068911,12.1
28/10/2011,1800,11340000,6.6(4.76 %),1800,11340000,0,0,22067111,12.1
31/10/2011,0,0,6.7(1.52 %),0,0,0,0,22067111,12.1
01/11/2011,0,0,6.4(-4.48 %),0,0,0,0,22054611,12.12
02/11/2011,0,0,6.1(-4.69 %),0,0,0,0,22054611,12.12
03/11/2011,-163780,-968816000,5.8(-4.92 %),0,0,163780,968816000,22218391,11.85
04/11/2011,-285670,-1623014000,5.7(-1.72 %),0,0,285670,1623014000,22504061,11.37
07/11/2011,-235620,-1302308000,5.6(-1.75 %),3360,18816000,238980,1321124000,22739681,10.98
08/11/2011,-360000,-1946666000,5.4(-3.57 %),0,0,360000,1946666000,23099681,10.38
09/11/2011,-310540,-1614863000,5.2(-3.70 %),0,0,310540,1614863000,23410221,9.86
10/11/2011,-234480,-1173097000,5(-3.85 %),0,0,234480,1173097000,23644701,9.47
11/11/2011,-444640,-2153916000,4.8(-4.00 %),0,0,444640,2153916000,24089341,8.72
14/11/2011,-347380,-1600918000,4.7(-2.08 %),30000,138000000,377380,1738918000,24436721,8.14
15/11/2011,-30600,-142040000,4.7(0.00 %),0,0,30600,142040000,24467321,8.09
16/11/2011,0,0,4.9(4.26 %),0,0,0,0,24467321,8.09
17/11/2011,50000,255000000,5.1(4.08 %),50000,255000000,0,0,24417321,8.17
18/11/2011,200,980000,5(-1.96 %),200,980000,0,0,24417121,8.17
21/11/2011,0,0,4.8(-4.00 %),0,0,0,0,24417121,8.17
22/11/2011,0,0,4.6(-4.17 %),0,0,0,0,24417121,8.17
23/11/2011,0,0,4.7(2.17 %),0,0,0,0,24417121,8.17
24/11/2011,-1900,-8930000,4.5(-4.26 %),0,0,1900,8930000,24419021,8.17
25/11/2011,0,0,4.4(-2.22 %),0,0,0,0,24419021,8.17
28/11/2011,0,0,4.6(4.55 %),0,0,0,0,24419021,8.17
29/11/2011,0,0,4.7(2.17 %),0,0,0,0,24419021,8.17
30/11/2011,10000,46000000,4.6(-2.13 %),10000,46000000,0,0,24409021,8.19
01/12/2011,0,0,4.7(2.17 %),0,0,0,0,24409027,8.19
02/12/2011,0,0,4.7(0.00 %),0,0,0,0,24409027,8.19
05/12/2011,0,0,4.9(4.26 %),0,0,0,0,24409027,8.19
06/12/2011,0,0,4.7(-4.08 %),0,0,0,0,24409027,8.19
07/12/2011,13000,61100000,4.7(0.00 %),13000,61100000,0,0,24396027,8.21
08/12/2011,0,0,4.5(-4.26 %),0,0,0,0,24396027,8.21
09/12/2011,-80000,-352000000,4.3(-4.44 %),0,0,80000,352000000,24476027,8.08
12/12/2011,1000,4300000,4.5(4.65 %),1000,4300000,0,0,24475027,8.08
13/12/2011,0,0,4.4(-2.22 %),0,0,0,0,24475027,8.08
14/12/2011,0,0,4.3(-2.27 %),0,0,0,0,24475027,8.08
15/12/2011,0,0,4.2(-2.33 %),0,0,0,0,24475027,8.08
16/12/2011,0,0,4.3(2.38 %),0,0,0,0,24475027,8.08
19/12/2011,50,215000,4.3(0.00 %),50,215000,0,0,24474977,8.08
20/12/2011,-5600,-23520000,4.2(-2.33 %),0,0,5600,23520000,24480577,8.07
21/12/2011,7130,29946000,4.3(2.38 %),7130,29946000,0,0,24473447,8.08
22/12/2011,1000,4200000,4.2(-2.33 %),1000,4200000,0,0,24472447,8.08
23/12/2011,0,0,4.2(0.00 %),0,0,0,0,24472447,8.08
26/12/2011,2500,10000000,4(-4.76 %),2500,10000000,0,0,24469947,8.09
27/12/2011,1500,5850000,3.9(-2.50 %),1500,5850000,0,0,24468447,8.09
28/12/2011,0,0,4(2.56 %),0,0,0,0,24468447,8.09
29/12/2011,-600,-2400000,4(0.00 %),0,0,600,2400000,24469047,8.09
30/12/2011,0,0,4.2(5.00 %),0,0,0,0,24469047,8.09
03/01/2012,0,0,4.2(0.00 %),0,0,0,0,24468447,8.09
04/01/2012,6100,25010000,4.2(0.00 %),6100,25010000,0,0,24462347,8.1
05/01/2012,0,0,4(-4.76 %),0,0,0,0,24462347,8.1
06/01/2012,1500,5850000,4.1(2.50 %),1500,5850000,0,0,24460847,8.1
09/01/2012,0,0,4.1(0.00 %),0,0,0,0,24460847,8.1
10/01/2012,0,0,4.1(0.00 %),0,0,0,0,24460847,8.1
11/01/2012,2500,10250000,4.1(0.00 %),2500,10250000,0,0,24458347,8.11
12/01/2012,0,0,4(-2.44 %),0,0,0,0,24458347,8.11
13/01/2012,12500,51100000,4.2(5.00 %),12500,51100000,0,0,24445847,8.13
16/01/2012,150,630000,4.3(2.38 %),150,630000,0,0,24445697,8.13
17/01/2012,2090,8778000,4.2(-2.33 %),2090,8778000,0,0,24443607,8.13
18/01/2012,10000,42000000,4.3(2.38 %),10000,42000000,0,0,24433607,8.15
19/01/2012,0,0,4.5(4.65 %),0,0,0,0,24433607,8.15
20/01/2012,0,0,4.4(-2.22 %),0,0,0,0,24433607,8.15
30/01/2012,4380,19272000,4.6(4.55 %),4380,19272000,0,0,24429227,8.15
31/01/2012,12910,60677000,4.8(4.35 %),12910,60677000,0,0,24416317,8.18
01/02/2012,16000,73600000,4.7(-2.08 %),16000,73600000,0,0,24416917,8.17
02/02/2012,1000,4900000,4.9(4.26 %),1000,4900000,0,0,24415917,8.18
03/02/2012,40100,198950000,4.9(0.00 %),40100,198950000,0,0,24375817,8.24
06/02/2012,20100,96990000,4.9(0.00 %),20100,96990000,0,0,24355717,8.28
07/02/2012,0,0,4.9(0.00 %),0,0,0,0,24355717,8.28
08/02/2012,0,0,5(2.04 %),0,0,0,0,24355717,8.28
09/02/2012,500,2500000,5(0.00 %),500,2500000,0,0,24355217,8.28
10/02/2012,0,0,4.8(-4.00 %),0,0,0,0,24355217,8.28
13/02/2012,0,0,4.6(-4.17 %),0,0,0,0,24355217,8.28
14/02/2012,300,1380000,4.6(0.00 %),300,1380000,0,0,24354917,8.28
15/02/2012,5000,23000000,4.6(0.00 %),5000,23000000,0,0,24349917,8.29
16/02/2012,0,0,4.5(-2.17 %),0,0,0,0,24349917,8.29
17/02/2012,4000,18000000,4.7(4.44 %),4000,18000000,0,0,24345917,8.29
20/02/2012,0,0,4.9(4.26 %),0,0,0,0,24345917,8.29
21/02/2012,17760,86924000,4.8(-2.04 %),23200,113580000,5440,26656000,24328157,8.32
22/02/2012,0,0,4.9(2.08 %),0,0,0,0,24328157,8.32
23/02/2012,-1000,-6100000,5.1(4.08 %),10000,50000000,11000,56100000,24329157,8.32
24/02/2012,2000,10200000,5.1(0.00 %),2000,10200000,0,0,24327157,8.32
27/02/2012,500,2500000,5.3(3.92 %),500,2500000,0,0,24326657,8.33
28/02/2012,0,0,5.3(0.00 %),0,0,0,0,24326657,8.33
29/02/2012,102500,556500000,5.5(3.77 %),102500,556500000,0,0,24224157,8.5
01/03/2012,0,0,5.5(0.00 %),0,0,0,0,24208159,8.52
02/03/2012,0,0,5.7(3.64 %),0,0,0,0,24208159,8.52
05/03/2012,0,0,5.9(3.51 %),0,0,0,0,24208159,8.52
06/03/2012,-6500,-39650000,5.7(-3.39 %),0,0,6500,39650000,24214659,8.51
07/03/2012,33250,190860000,5.8(1.75 %),33250,190860000,0,0,24181409,8.57
08/03/2012,0,0,5.6(-3.45 %),0,0,0,0,24181409,8.57
09/03/2012,46100,254367000,5.7(1.79 %),46100,254367000,0,0,24135309,8.65
12/03/2012,15000,83010000,5.5(-3.51 %),15000,83010000,0,0,24120309,8.67
13/03/2012,62000,338800000,5.5(0.00 %),92000,503800000,30000,165000000,24058309,8.77
14/03/2012,24000,134400000,5.3(-3.64 %),24000,134400000,0,0,24034309,8.81
15/03/2012,-109380,-583590000,5.5(3.77 %),0,0,109380,583590000,24143689,8.63
16/03/2012,-58690,-328664000,5.5(0.00 %),0,0,58690,328664000,24202379,8.53
19/03/2012,0,0,5.4(-1.82 %),0,0,0,0,24202379,8.53
20/03/2012,-20000,-110000000,5.5(1.85 %),0,0,20000,110000000,24222379,8.5
21/03/2012,-126760,-712014000,5.6(1.82 %),0,0,126760,712014000,24349139,8.29
22/03/2012,-3350,-18425000,5.5(-1.79 %),0,0,3350,18425000,24352489,8.28
23/03/2012,57200,314320000,5.7(3.64 %),117200,656320000,60000,342000000,24295289,8.38
26/03/2012,38030,223777000,5.9(3.51 %),68030,400777000,30000,177000000,24257259,8.44
27/03/2012,60000,361000000,5.8(-1.69 %),60000,361000000,0,0,24197259,8.54
28/03/2012,-77610,-464838000,6(3.45 %),22390,130162000,100000,595000000,24274869,8.41
29/03/2012,-105340,-612572000,5.7(-5.00 %),0,0,105340,612572000,24380209,8.24
30/03/2012,-290,-1594000,5.5(-3.51 %),10,56000,300,1650000,24380499,8.24
03/04/2012,0,0,5.7(3.64 %),0,0,0,0,24174859,8.58
04/04/2012,0,0,5.5(-3.51 %),0,0,0,0,24174859,8.58
05/04/2012,0,0,5.7(3.64 %),0,0,0,0,24174859,8.58
06/04/2012,-75250,-436450000,5.6(-1.75 %),0,0,75250,436450000,24250109,8.45
09/04/2012,-74490,-424593000,5.7(1.79 %),0,0,74490,424593000,24324599,8.33
10/04/2012,-478670,-2814153000,5.8(1.75 %),0,0,478670,2814153000,24803269,7.53
11/04/2012,-136780,-805324000,6(3.45 %),0,0,136780,805324000,24940049,7.3
12/04/2012,-572740,-3381725000,5.8(-3.33 %),0,0,572740,3381725000,25512789,6.34
13/04/2012,-49890,-288062000,5.7(-1.72 %),0,0,49890,288062000,25562679,6.26
16/04/2012,-247970,-1448226000,5.9(3.51 %),0,0,247970,1448226000,25810649,5.84
17/04/2012,147960,902760000,6.1(3.39 %),150000,915000000,2040,12240000,25662689,6.09
18/04/2012,0,0,6.4(4.92 %),0,0,0,0,25662689,6.09
19/04/2012,0,0,6.7(4.69 %),0,0,0,0,25662689,6.09
20/04/2012,19000,133000000,7(4.48 %),19000,133000000,0,0,25643689,6.12
23/04/2012,-15000,-103500000,6.8(-2.86 %),0,0,15000,103500000,25658689,6.1
24/04/2012,-15090,-107139000,7.1(4.41 %),0,0,15090,107139000,25673779,6.07
25/04/2012,0,0,7.4(4.23 %),0,0,0,0,25673779,6.07
26/04/2012,0,0,7.7(4.05 %),0,0,0,0,25673779,6.07
27/04/2012,0,0,8(3.90 %),0,0,0,0,25673779,6.07
02/05/2012,0,0,8.3(3.75 %),0,0,0,0,25879419,5.73
03/05/2012,-65800,-572460000,8.6(3.61 %),0,0,65800,572460000,25945219,5.62
04/05/2012,0,0,9(4.65 %),0,0,0,0,25945219,5.62
07/05/2012,0,0,9.4(4.44 %),0,0,0,0,25945219,5.62
08/05/2012,-12990,-126004000,9(-4.26 %),10,96000,13000,126100000,25958209,5.6
09/05/2012,-10000,-90000000,9(0.00 %),0,0,10000,90000000,25968209,5.58
10/05/2012,-29240,-265857000,9.4(4.44 %),760,7143000,30000,273000000,25997449,5.53
11/05/2012,0,0,9(1.12 %),0,0,0,0,25997449,5.53
14/05/2012,-10,-88000,8.6(-4.44 %),0,0,10,88000,25997459,5.53
15/05/2012,-100000,-820000000,8.2(-4.65 %),0,0,100000,820000000,26097459,5.36
16/05/2012,-21260,-165932000,7.8(-4.88 %),0,0,21260,165932000,26118719,5.33
17/05/2012,0,0,7.5(-3.85 %),0,0,0,0,26118719,5.33
18/05/2012,-3500,-25200000,7.2(-4.00 %),0,0,3500,25200000,26122219,5.32
21/05/2012,0,0,7.5(4.17 %),0,0,0,0,26122219,5.32
22/05/2012,-12000,-93600000,7.8(4.00 %),0,0,12000,93600000,26134219,5.3
23/05/2012,4300,33110000,7.5(-3.85 %),4300,33110000,0,0,26129919,5.31
24/05/2012,12800,94000000,7.2(-4.00 %),15000,110500000,2200,16500000,26117119,5.33
25/05/2012,0,0,7.5(4.17 %),0,0,0,0,26117119,5.33
28/05/2012,0,0,7.8(4.00 %),0,0,0,0,26117119,5.33
29/05/2012,0,0,7.7(-1.28 %),0,0,0,0,26117119,5.33
30/05/2012,0,0,7.5(-2.60 %),0,0,0,0,26117119,5.33
31/05/2012,0,0,7.3(-2.67 %),0,0,0,0,26117119,5.33
01/06/2012,0,0,7.2(-1.37 %),0,0,0,0,26119145,5.33
04/06/2012,0,0,6.9(-4.17 %),0,0,0,0,26119145,5.33
05/06/2012,0,0,7.2(4.35 %),0,0,0,0,26119145,5.33
06/06/2012,0,0,7.4(2.78 %),0,0,0,0,26119145,5.33
07/06/2012,-87430,-671211000,7.7(4.05 %),0,0,87430,671211000,26206575,5.18
08/06/2012,0,0,7.5(-2.60 %),0,0,0,0,26206575,5.18
11/06/2012,0,0,7.6(1.33 %),0,0,0,0,26206575,5.18
12/06/2012,0,0,7.3(-3.95 %),0,0,0,0,26206575,5.18
13/06/2012,400,2920000,7.3(0.00 %),400,2920000,0,0,26206175,5.18
14/06/2012,5740,41976000,7.3(0.00 %),5740,41976000,0,0,26200435,5.19
15/06/2012,-19950,-149635000,7.5(2.74 %),50,365000,20000,150000000,26220385,5.16
18/06/2012,0,0,7.4(-1.33 %),0,0,0,0,26220385,5.16
19/06/2012,0,0,7.3(-1.35 %),0,0,0,0,26220385,5.16
20/06/2012,-6000,-43800000,7.4(1.37 %),0,0,6000,43800000,26226385,5.15
21/06/2012,-3640,-26572000,7.3(-1.35 %),0,0,3640,26572000,26230025,5.14
22/06/2012,0,0,7.1(-2.74 %),0,0,0,0,26230025,5.14
25/06/2012,20000,137000000,6.8(-4.23 %),20000,137000000,0,0,26210025,5.18
26/06/2012,4000,26400000,6.5(-4.41 %),4000,26400000,0,0,26206025,5.18
27/06/2012,0,0,6.5(0.00 %),0,0,0,0,26206025,5.18
28/06/2012,-12000,-76800000,6.5(0.00 %),0,0,12000,76800000,26218025,5.16
29/06/2012,0,0,6.5(0.00 %),0,0,0,0,26218025,5.16
02/07/2012,0,0,6.4(-1.54 %),0,0,0,0,26206025,5.18
03/07/2012,0,0,6.2(-3.12 %),0,0,0,0,26206025,5.18
04/07/2012,0,0,6.2(0.00 %),0,0,0,0,26206025,5.18
05/07/2012,0,0,6.1(-1.61 %),0,0,0,0,26206025,5.18
06/07/2012,-29190,-180978000,6.2(1.64 %),0,0,29190,180978000,26235215,5.13
09/07/2012,-10000,-61000000,5.9(-4.84 %),0,0,10000,61000000,26245215,5.12
10/07/2012,0,0,6.1(3.39 %),0,0,0,0,26245215,5.12
11/07/2012,0,0,6.4(4.92 %),0,0,0,0,26245215,5.12
12/07/2012,-55000,-368500000,6.7(4.69 %),0,0,55000,368500000,26300215,5.03
13/07/2012,-390000,-2730000000,7(4.48 %),10000,70000000,400000,2800000000,26690215,4.37
16/07/2012,-23700,-167270000,6.7(-4.29 %),0,0,23700,167270000,26713915,4.33
17/07/2012,-130000,-910000000,7(4.48 %),0,0,130000,910000000,26843915,4.12
18/07/2012,-50000,-357000000,7.1(1.43 %),0,0,50000,357000000,26893915,4.03
19/07/2012,-70000,-492000000,7.3(2.82 %),0,0,70000,492000000,26963915,3.92
20/07/2012,-156300,-1150395000,7.1(-2.74 %),0,0,156300,1150395000,27120215,3.65
23/07/2012,0,0,7(-1.41 %),0,0,0,0,27120215,3.65
24/07/2012,0,0,6.7(-4.29 %),0,0,0,0,27120215,3.65
25/07/2012,-10000,-67000000,6.6(-1.49 %),0,0,10000,67000000,27130215,3.64
26/07/2012,0,0,6.7(1.52 %),0,0,0,0,27130215,3.64
27/07/2012,0,0,6.6(-1.49 %),0,0,0,0,27130215,3.64
30/07/2012,-1000,-6600000,6.4(-3.03 %),0,0,1000,6600000,27131215,3.64
31/07/2012,0,0,6.5(1.56 %),0,0,0,0,27131215,3.64
01/08/2012,0,0,6.5(0.00 %),0,0,0,0,27142215,3.62
02/08/2012,0,0,6.5(0.00 %),0,0,0,0,27142215,3.62
03/08/2012,-250,-1600000,6.5(0.00 %),0,0,250,1600000,27142465,3.62
06/08/2012,-3000,-19500000,6.8(4.62 %),0,0,3000,19500000,27145465,3.61
07/08/2012,0,0,6.8(0.00 %),0,0,0,0,27145465,3.61
08/08/2012,0,0,6.8(0.00 %),0,0,0,0,27145465,3.61
09/08/2012,0,0,7.1(4.41 %),0,0,0,0,27145465,3.61
10/08/2012,-50000,-360000000,7.2(1.41 %),0,0,50000,360000000,27195465,3.53
13/08/2012,34000,241400000,6.9(-4.17 %),44000,312400000,10000,71000000,27161465,3.59
14/08/2012,-40000,-284000000,7.1(2.90 %),0,0,40000,284000000,27201465,3.52
15/08/2012,0,0,7.2(1.41 %),0,0,0,0,27201465,3.52
16/08/2012,0,0,7(-2.78 %),0,0,0,0,27201465,3.52
17/08/2012,-30000,-213000000,7.1(1.43 %),0,0,30000,213000000,27231465,3.47
20/08/2012,0,0,7.4(4.23 %),0,0,0,0,27231465,3.47
21/08/2012,0,0,7.1(-4.05 %),0,0,0,0,27231465,3.47
22/08/2012,-174020,-1267345000,7.4(4.23 %),0,0,174020,1267345000,27405485,3.18
23/08/2012,0,0,7.1(-4.05 %),0,0,0,0,27405485,3.18
24/08/2012,0,0,7.3(2.82 %),0,0,0,0,27405485,3.18
27/08/2012,0,0,7(-4.11 %),0,0,0,0,27405485,3.18
28/08/2012,0,0,6.7(-4.29 %),0,0,0,0,27405485,3.18
29/08/2012,0,0,6.9(2.99 %),0,0,0,0,27405485,3.18
30/08/2012,0,0,6.7(-2.90 %),0,0,0,0,27405485,3.18
31/08/2012,0,0,6.8(1.49 %),0,0,0,0,27405485,3.18
04/09/2012,-50,-340000,7(2.94 %),0,0,50,340000,27406490,3.18
05/09/2012,0,0,6.7(-4.29 %),0,0,0,0,27406490,3.18
06/09/2012,0,0,6.7(0.00 %),0,0,0,0,27406490,3.18
07/09/2012,0,0,6.7(0.00 %),0,0,0,0,27406490,3.18
10/09/2012,0,0,6.4(-4.48 %),0,0,0,0,27406490,3.18
11/09/2012,0,0,6.1(-4.69 %),0,0,0,0,27406490,3.18
12/09/2012,0,0,6(-1.64 %),0,0,0,0,27406490,3.18
13/09/2012,-2010,-12119000,6.2(3.33 %),0,0,2010,12119000,27408500,3.17
14/09/2012,0,0,6.5(4.84 %),0,0,0,0,27408500,3.17
17/09/2012,0,0,6.3(-3.08 %),0,0,0,0,27408500,3.17
18/09/2012,0,0,6(-4.76 %),0,0,0,0,27408500,3.17
19/09/2012,0,0,6.2(3.33 %),0,0,0,0,27408500,3.17
20/09/2012,0,0,6(-3.23 %),0,0,0,0,27408500,3.17
21/09/2012,0,0,6.1(1.67 %),0,0,0,0,27408500,3.17
24/09/2012,0,0,5.8(-4.92 %),0,0,0,0,27408500,3.17
25/09/2012,-2000,-11800000,5.8(0.00 %),0,0,2000,11800000,27410500,3.17
26/09/2012,0,0,6(3.45 %),0,0,0,0,27410500,3.17
27/09/2012,0,0,5.9(-1.67 %),0,0,0,0,27410500,3.17
28/09/2012,0,0,5.9(0.00 %),0,0,0,0,27410500,3.17
01/10/2012,0,0,5.8(-1.69 %),0,0,0,0,27410550,3.17
02/10/2012,-1400,-8280000,5.9(1.72 %),200,1160000,1600,9440000,27411950,3.17
03/10/2012,0,0,6(1.69 %),0,0,0,0,27411950,3.17
04/10/2012,-10000,-59000000,5.8(-3.33 %),0,0,10000,59000000,27421950,3.15
05/10/2012,0,0,5.9(1.72 %),0,0,0,0,27421950,3.15
08/10/2012,0,0,6.1(3.39 %),0,0,0,0,27421950,3.15
09/10/2012,0,0,6.1(0.00 %),0,0,0,0,27421950,3.15
10/10/2012,0,0,6.3(3.28 %),0,0,0,0,27421950,3.15
11/10/2012,0,0,6.4(1.59 %),0,0,0,0,27421950,3.15
12/10/2012,0,0,6.3(-1.56 %),0,0,0,0,27421950,3.15
15/10/2012,0,0,6.1(-3.17 %),0,0,0,0,27421950,3.15
16/10/2012,0,0,6.4(4.92 %),0,0,0,0,27421950,3.15
17/10/2012,0,0,6.3(-1.56 %),0,0,0,0,27421950,3.15
18/10/2012,0,0,6.4(1.59 %),0,0,0,0,27421950,3.15
19/10/2012,0,0,6.2(-3.12 %),0,0,0,0,27421950,3.15
22/10/2012,0,0,6.1(-1.61 %),0,0,0,0,27421950,3.15
23/10/2012,0,0,6.2(1.64 %),0,0,0,0,27421950,3.15
24/10/2012,0,0,6.1(-1.61 %),0,0,0,0,27421950,3.15
25/10/2012,0,0,6.1(0.00 %),0,0,0,0,27421950,3.15
26/10/2012,0,0,6.1(0.00 %),0,0,0,0,27421950,2.75
29/10/2012,0,0,6.2(1.64 %),0,0,0,0,27421950,3.15
30/10/2012,6700,40870000,6(-3.23 %),6700,40870000,0,0,27415250,3.16
31/10/2012,0,0,6(0.00 %),0,0,0,0,27415250,3.16
01/11/2012,0,0,5.9(-1.67 %),0,0,0,0,27415250,3.16
02/11/2012,0,0,5.7(-3.39 %),0,0,0,0,27415250,3.16
05/11/2012,0,0,5.6(-1.75 %),0,0,0,0,27415250,3.16
06/11/2012,0,0,5.7(1.79 %),0,0,0,0,27415250,3.16
07/11/2012,0,0,5.8(1.75 %),0,0,0,0,27415250,3.16
08/11/2012,0,0,5.7(-1.72 %),0,0,0,0,27415250,3.16
09/11/2012,-470,-2779000,5.7(0.00 %),1000,5600000,1470,8379000,27415720,3.16
12/11/2012,0,0,5.9(3.51 %),0,0,0,0,27415720,3.16
13/11/2012,0,0,6(1.69 %),0,0,0,0,27415720,3.16
14/11/2012,0,0,5.9(-1.67 %),0,0,0,0,27415720,3.16
15/11/2012,0,0,5.7(-3.39 %),0,0,0,0,27415720,3.16
16/11/2012,-5610,-31977000,5.8(1.75 %),0,0,5610,31977000,27421330,3.15
19/11/2012,0,0,5.8(0.00 %),0,0,0,0,27421330,3.15
20/11/2012,0,0,5.8(0.00 %),0,0,0,0,27421330,3.15
21/11/2012,40000,236000000,6(3.45 %),40000,236000000,0,0,27381330,3.22
22/11/2012,0,0,5.9(-1.67 %),0,0,0,0,27381330,3.22
23/11/2012,-2000,-11800000,5.9(0.00 %),0,0,2000,11800000,27383330,3.21
26/11/2012,0,0,5.8(-1.69 %),0,0,0,0,27383330,3.21
27/11/2012,0,0,5.7(-1.72 %),0,0,0,0,27383330,3.21
28/11/2012,0,0,5.8(1.75 %),0,0,0,0,27383330,3.21
29/11/2012,0,0,5.7(-1.72 %),0,0,0,0,27383330,3.21
30/11/2012,0,0,5.7(0.00 %),0,0,0,0,27383330,3.21
03/12/2012,0,0,5.7(0.00 %),0,0,0,0,27383330,3.21
04/12/2012,0,0,5.9(3.51 %),0,0,0,0,27383330,3.21
05/12/2012,-10,-59000,5.9(0.00 %),0,0,10,59000,27383340,3.21
06/12/2012,0,0,5.9(0.00 %),0,0,0,0,27383340,3.21
07/12/2012,0,0,5.8(-1.69 %),0,0,0,0,27383340,3.21
10/12/2012,0,0,6(3.45 %),0,0,0,0,27383340,3.21
11/12/2012,0,0,5.9(-1.67 %),0,0,0,0,27383340,3.21
12/12/2012,0,0,6.1(3.39 %),0,0,0,0,27383340,3.21
13/12/2012,0,0,5.9(-3.28 %),0,0,0,0,27383340,3.21
14/12/2012,9300,55800000,6(1.69 %),9300,55800000,0,0,27374040,3.23
17/12/2012,0,0,6(0.00 %),0,0,0,0,27374040,3.23
18/12/2012,-2000,-11600000,5.9(-1.67 %),0,0,2000,11600000,27376040,3.23
19/12/2012,0,0,5.9(0.00 %),0,0,0,0,27376040,3.23
20/12/2012,0,0,6(1.69 %),0,0,0,0,27376040,3.23
21/12/2012,0,0,5.9(-1.67 %),0,0,0,0,27376040,3.23
24/12/2012,0,0,5.9(0.00 %),0,0,0,0,27376040,3.23
25/12/2012,0,0,6(1.69 %),0,0,0,0,27376040,3.23
26/12/2012,0,0,6.1(1.67 %),0,0,0,0,27376040,3.23
27/12/2012,10170,62037000,6.1(0.00 %),10170,62037000,0,0,27365870,3.24
28/12/2012,17830,108763000,6.2(1.64 %),17830,108763000,0,0,27348040,3.27
02/01/2013,0,0,6.5(4.84 %),0,0,0,0,27348046,3.27
03/01/2013,-10000,-64000000,6.5(0.00 %),0,0,10000,64000000,27358046,3.26
04/01/2013,-10000,-65000000,6.4(-1.54 %),0,0,10000,65000000,27368046,3.24
07/01/2013,0,0,6.4(0.00 %),0,0,0,0,27368046,3.24
08/01/2013,0,0,6.4(0.00 %),0,0,0,0,27368046,3.24
09/01/2013,0,0,6.3(-1.56 %),0,0,0,0,27368046,3.24
10/01/2013,-1500,-9300000,6.4(1.59 %),0,0,1500,9300000,27369546,3.24
11/01/2013,-1130,-7119000,6.4(0.00 %),0,0,1130,7119000,27370676,3.24
14/01/2013,0,0,6.4(0.00 %),0,0,0,0,27370676,3.24
15/01/2013,50000,325000000,6.8(6.25 %),50000,325000000,0,0,27320676,3.32
16/01/2013,7000,49350000,7.2(5.88 %),7000,49350000,0,0,27313676,3.33
17/01/2013,-8440,-59924000,7.1(-1.39 %),0,0,8440,59924000,27322116,3.32
18/01/2013,6000,40400000,6.7(-5.63 %),8000,54400000,2000,14000000,27316116,3.33
21/01/2013,13000,84500000,6.5(-2.99 %),13000,84500000,0,0,27303116,3.35
22/01/2013,0,0,6.4(-1.54 %),0,0,0,0,27303116,3.35
23/01/2013,-52500,-333350000,6.3(-1.56 %),0,0,52500,333350000,27355616,3.26
24/01/2013,-90,-576000,6.7(6.35 %),0,0,90,576000,27355706,3.26
25/01/2013,190570,1353047000,7.1(5.97 %),190570,1353047000,0,0,27165136,3.58
28/01/2013,556430,4136221000,7.4(4.23 %),556430,4136221000,0,0,26608706,4.51
29/01/2013,120000,897000000,7.5(1.35 %),120000,897000000,0,0,26488706,4.71
30/01/2013,19700,147710000,7.4(-1.33 %),20000,149900000,300,2190000,26469006,4.74
31/01/2013,200250,1464800000,7.2(-2.70 %),200250,1464800000,0,0,26268756,5.08
01/02/2013,-274000,-1924642000,7.1(-1.39 %),0,0,274000,1924642000,26268456,5.08
04/02/2013,0,0,7.4(4.23 %),0,0,0,0,26268456,5.08
05/02/2013,0,0,7.7(4.05 %),0,0,0,0,26268456,5.08
06/02/2013,0,0,7.8(1.30 %),0,0,0,0,26268456,5.08
07/02/2013,0,0,8.3(6.41 %),0,0,0,0,26268456,5.08
08/02/2013,0,0,8.6(3.61 %),0,0,0,0,26268456,5.08
18/02/2013,0,0,8.7(1.16 %),0,0,0,0,26268456,5.08
19/02/2013,0,0,8.5(-2.30 %),0,0,0,0,26268456,5.08
20/02/2013,0,0,8.4(-1.18 %),0,0,0,0,26268456,5.08
21/02/2013,0,0,7.9(-5.95 %),0,0,0,0,26268456,5.08
22/02/2013,0,0,7.4(-6.33 %),0,0,0,0,26268456,5.08
25/02/2013,400,3060000,7.6(2.70 %),400,3060000,0,0,26268056,5.08
26/02/2013,200,1470000,7.1(-6.58 %),200,1470000,0,0,26267856,5.08
27/02/2013,0,0,7.3(2.82 %),0,0,0,0,26267856,5.08
28/02/2013,0,0,7.4(1.37 %),0,0,0,0,26267856,5.08
01/03/2013,0,0,7.3(-1.35 %),0,0,0,0,26542156,4.62
04/03/2013,0,0,6.8(-6.85 %),0,0,0,0,26542156,4.62
05/03/2013,-3500,-23200000,6.6(-2.94 %),0,0,3500,23200000,26545656,4.62
06/03/2013,60,402000,6.8(3.03 %),60,402000,0,0,26545596,4.62
07/03/2013,0,0,6.7(-1.47 %),0,0,0,0,26545596,4.62
08/03/2013,0,0,7.1(5.97 %),0,0,0,0,26545596,4.62
11/03/2013,0,0,7.5(5.63 %),0,0,0,0,26545596,4.62
12/03/2013,0,0,7.4(-1.33 %),0,0,0,0,26545596,4.62
13/03/2013,-2660,-19152000,7.2(-2.70 %),0,0,2660,19152000,26548256,4.61
14/03/2013,0,0,7.3(1.39 %),0,0,0,0,26548256,4.61
15/03/2013,0,0,7.5(2.74 %),0,0,0,0,26548256,4.61
18/03/2013,-16000,-118908000,7.1(-5.33 %),0,0,16000,118908000,26564256,4.58
19/03/2013,0,0,7.3(2.82 %),0,0,0,0,26564256,4.58
20/03/2013,0,0,7.4(1.37 %),0,0,0,0,26564256,4.58
21/03/2013,0,0,7.3(-1.35 %),0,0,0,0,26564256,4.58
22/03/2013,-300000,-2151500000,7.2(-1.37 %),0,0,300000,2151500000,26864256,4.08
25/03/2013,0,0,7.4(2.78 %),0,0,0,0,26864256,4.08
26/03/2013,0,0,7.7(4.05 %),0,0,0,0,26864256,4.08
27/03/2013,0,0,8.2(6.49 %),0,0,0,0,26864256,4.08
28/03/2013,0,0,8(-2.44 %),0,0,0,0,26864256,4.08
29/03/2013,6590,50743000,7.9(-1.25 %),6590,50743000,0,0,26857666,4.09
01/04/2013,0,0,8.4(6.33 %),0,0,0,0,26857666,4.09
02/04/2013,-300,-2550000,8.2(-2.38 %),0,0,300,2550000,26857966,4.09
03/04/2013,100,820000,8.4(2.44 %),100,820000,0,0,26857866,4.09
04/04/2013,0,0,8.3(-1.19 %),0,0,0,0,26857866,4.09
05/04/2013,-36000,-309600000,8.6(3.61 %),0,0,36000,309600000,26893866,4.03
08/04/2013,0,0,8.4(-2.33 %),0,0,0,0,26893866,4.03
09/04/2013,-20170,-167928000,8.5(1.19 %),0,0,20170,167928000,26914036,4.0
10/04/2013,0,0,8(-5.88 %),0,0,0,0,26914036,4.0
11/04/2013,29500,241950000,8.2(2.50 %),30000,246000000,500,4050000,26884536,4.05
12/04/2013,9500,77751000,7.9(-3.66 %),9500,77751000,0,0,26875036,4.06
15/04/2013,1000,7700000,7.4(-6.33 %),1000,7700000,0,0,26874036,4.07
16/04/2013,0,0,7.1(-4.05 %),0,0,0,0,26874036,4.07
17/04/2013,0,0,7.1(0.00 %),0,0,0,0,26874036,4.07
18/04/2013,-2130,-14810000,6.9(-2.82 %),0,0,2130,14810000,26876166,4.06
22/04/2013,0,0,7.3(5.80 %),0,0,0,0,26876166,4.06
23/04/2013,0,0,7.2(-1.37 %),0,0,0,0,26876166,4.06
24/04/2013,4100,29440000,7.1(-1.39 %),4100,29440000,0,0,26872066,4.07
25/04/2013,0,0,7.2(1.41 %),0,0,0,0,26872066,4.07
26/04/2013,1000,7200000,7.2(0.00 %),1000,7200000,0,0,26871066,4.07
02/05/2013,13300,94730000,7.1(-1.39 %),13300,94730000,0,0,26857766,4.09
03/05/2013,2800,19880000,7.2(1.41 %),2800,19880000,0,0,26854966,4.1
06/05/2013,5350,39325000,7.5(4.17 %),5400,39690000,50,365000,26849616,4.11
07/05/2013,0,0,7.3(-2.67 %),0,0,0,0,26849616,4.11
08/05/2013,5300,39690000,7.3(0.00 %),5300,39690000,0,0,26844316,4.12
09/05/2013,6000,44700000,7.4(1.37 %),6000,44700000,0,0,26838316,4.13
10/05/2013,9860,73964000,7.3(-1.35 %),10000,75000000,140,1036000,26828456,4.14
13/05/2013,1780,13444000,7.4(1.37 %),4780,35344000,3000,21900000,26826676,4.15
14/05/2013,5140,36480000,7.1(0.00 %),5140,36480000,0,0,26821536,4.15
15/05/2013,4000,28710000,7.1(0.00 %),4000,28710000,0,0,26817536,4.16
16/05/2013,100,710000,7.1(0.00 %),100,710000,0,0,26817436,4.16
17/05/2013,3000,21000000,7(-1.41 %),3000,21000000,0,0,26814436,4.17
20/05/2013,0,0,7.1(1.43 %),0,0,0,0,26814436,4.17
21/05/2013,8180,59714000,7.5(5.63 %),8290,60517000,110,803000,26806256,4.18
22/05/2013,0,0,7.5(0.00 %),0,0,0,0,26806256,4.18
23/05/2013,340,2516000,7.4(-1.33 %),340,2516000,0,0,26805916,4.18
24/05/2013,107800,803930000,7.6(2.70 %),107800,803930000,0,0,26698116,4.36
27/05/2013,0,0,7.7(1.32 %),0,0,0,0,26698116,4.36
28/05/2013,1330,10374000,8(3.90 %),1330,10374000,0,0,26696786,4.36
29/05/2013,15360,122880000,7.8(-2.50 %),15360,122880000,0,0,26681426,4.39
30/05/2013,24920,192778000,8(2.56 %),34180,264080000,9260,71302000,26656506,4.43
31/05/2013,222800,1774970000,7.9(-1.25 %),222800,1774970000,0,0,26433706,4.8
03/06/2013,3000,23700000,8.4(6.33 %),3000,23700000,0,0,26421448,4.82
04/06/2013,0,0,8(-4.76 %),0,0,0,0,26421448,4.82
05/06/2013,0,-400000,8.2(2.50 %),10000,79600000,10000,80000000,26421448,4.82
06/06/2013,-126590,-1027243000,8.1(-1.22 %),12410,99691000,139000,1126934000,26548038,4.61
07/06/2013,506000,4231083000,8.4(3.70 %),506000,4231083000,0,0,26042038,5.46
10/06/2013,8000,70400000,8.5(1.19 %),10000,88000000,2000,17600000,26034038,5.47
11/06/2013,50000,424000000,8.3(-2.35 %),50000,424000000,0,0,25984038,5.55
12/06/2013,-399900,-3305498000,8.2(-1.20 %),100,830000,400000,3306328000,26383938,4.89
13/06/2013,-4150,-33630000,8.3(1.22 %),0,0,4150,33630000,26388088,4.88
14/06/2013,0,0,8.2(-1.20 %),0,0,0,0,26388088,4.88
17/06/2013,-9000,-69300000,7.8(-4.88 %),11000,88700000,20000,158000000,26397088,4.86
18/06/2013,300,2310000,7.8(0.00 %),300,2310000,0,0,26396788,4.86
19/06/2013,0,0,7.9(1.28 %),0,0,0,0,26396788,4.86
20/06/2013,0,0,7.7(-2.53 %),0,0,0,0,26396788,4.86
21/06/2013,12320,93956000,7.7(0.00 %),12320,93956000,0,0,26384468,4.88
24/06/2013,310000,2397100000,7.8(1.30 %),310000,2397100000,0,0,26074468,5.4
25/06/2013,30000,223000000,7.4(-5.13 %),30000,223000000,0,0,26044468,5.45
26/06/2013,30000,225000000,7.5(1.35 %),30000,225000000,0,0,26014468,5.5
27/06/2013,0,0,7.7(2.67 %),0,0,0,0,26014468,5.5
28/06/2013,51000,392700000,7.6(-1.30 %),51000,392700000,0,0,25963468,5.59
01/07/2013,7200,54720000,7.5(-1.32 %),7200,54720000,0,0,25965534,5.59
02/07/2013,0,0,7.6(1.33 %),0,0,0,0,25965534,5.59
03/07/2013,0,0,7.6(0.00 %),0,0,0,0,25965534,5.59
04/07/2013,26340,200184000,7.6(0.00 %),26340,200184000,0,0,25939194,5.63
05/07/2013,-660,-5016000,7.5(-1.32 %),0,0,660,5016000,25939854,5.63
08/07/2013,0,0,7.4(-1.33 %),0,0,0,0,25939854,5.63
09/07/2013,8960,70774000,7.9(6.76 %),9960,78674000,1000,7900000,25930894,5.64
10/07/2013,1200,9440000,7.7(-2.53 %),1200,9440000,0,0,25929694,5.64
11/07/2013,-13360,-102826000,7.7(0.00 %),100,770000,13460,103596000,25943054,5.62
12/07/2013,0,0,7.8(1.30 %),0,0,0,0,25943054,5.62
15/07/2013,30000,234000000,8(2.56 %),30000,234000000,0,0,25913054,5.67
16/07/2013,60000,480000000,8.1(1.25 %),60000,480000000,0,0,25853054,5.77
17/07/2013,-3000,-24000000,8(-1.23 %),0,0,3000,24000000,25856054,5.77
18/07/2013,-39290,-310391000,7.8(-2.50 %),0,0,39290,310391000,25895344,5.7
19/07/2013,40000,312000000,7.8(0.00 %),40000,312000000,0,0,25855344,5.77
22/07/2013,-33600,-259570000,7.6(-2.56 %),400,3130000,34000,262700000,25888944,5.71
23/07/2013,0,0,7.6(0.00 %),0,0,0,0,25888944,5.71
24/07/2013,-4990,-37425000,7.6(0.00 %),0,0,4990,37425000,25893934,5.7
25/07/2013,0,0,7.5(-1.32 %),0,0,0,0,25893934,5.7
26/07/2013,0,0,7.5(0.00 %),0,0,0,0,25893934,5.7
29/07/2013,-5000,-36500000,7.2(-4.00 %),0,0,5000,36500000,25898934,5.7
30/07/2013,-4000,-29200000,7.3(1.39 %),0,0,4000,29200000,25902934,5.69
31/07/2013,0,0,7.4(1.37 %),0,0,0,0,25902934,5.69
01/08/2013,-16000,-118400000,7.5(1.35 %),0,0,16000,118400000,25893937,5.7
02/08/2013,4000,29800000,7.4(-1.33 %),4000,29800000,0,0,25889937,5.71
05/08/2013,0,0,7.3(-1.35 %),0,0,0,0,25889937,5.71
06/08/2013,0,0,7.3(0.00 %),0,0,0,0,25889937,5.71
07/08/2013,-29340,-217116000,7.3(0.00 %),0,0,29340,217116000,25919277,5.66
08/08/2013,0,0,7.3(0.00 %),0,0,0,0,25919277,5.66
09/08/2013,0,0,7.2(-1.37 %),0,0,0,0,25919277,5.66
12/08/2013,0,0,7.3(1.39 %),0,0,0,0,25919277,5.66
13/08/2013,0,0,7.3(0.00 %),0,0,0,0,25919277,5.66
14/08/2013,0,0,7.3(0.00 %),0,0,0,0,25919277,5.66
15/08/2013,0,0,7.5(2.74 %),0,0,0,0,25919277,5.66
16/08/2013,-4000,-30000000,7.6(1.33 %),0,0,4000,30000000,25923277,5.66
19/08/2013,0,0,7.7(1.32 %),0,0,0,0,25923277,5.66
20/08/2013,2000,15400000,7.5(-2.60 %),2000,15400000,0,0,25921277,5.66
21/08/2013,0,0,7.4(-1.33 %),0,0,0,0,25921277,5.66
22/08/2013,0,0,7.3(-1.35 %),0,0,0,0,25921277,5.66
23/08/2013,0,0,7.3(0.00 %),0,0,0,0,25921277,5.66
26/08/2013,0,0,7.4(1.37 %),0,0,0,0,25921277,5.66
27/08/2013,-15000,-111000000,7.3(-1.35 %),0,0,15000,111000000,25936277,5.63
28/08/2013,-2000,-14400000,7.1(-2.74 %),0,0,2000,14400000,25938277,5.63
29/08/2013,0,0,7.1(0.00 %),0,0,0,0,25938277,5.63
30/08/2013,-52000,-369200000,7.1(0.00 %),0,0,52000,369200000,25990277,5.54
03/09/2013,3210,22791000,7(-1.41 %),3210,22791000,0,0,25958067,5.6
04/09/2013,49600,344140000,7(0.00 %),49600,344140000,0,0,25908467,5.68
05/09/2013,27720,192140000,7(0.00 %),27720,192140000,0,0,25880747,5.73
06/09/2013,1000,7000000,7.2(2.86 %),1000,7000000,0,0,25879747,5.73
09/09/2013,-49600,-350260000,7(-2.78 %),0,0,49600,350260000,25929347,5.65
10/09/2013,0,0,7(0.00 %),0,0,0,0,25929347,5.65
11/09/2013,-27720,-194912000,7(0.00 %),0,0,27720,194912000,25957067,5.6
12/09/2013,79190,559528000,7.1(1.43 %),79190,559528000,0,0,25877877,5.73
13/09/2013,89000,640622000,7.2(1.41 %),89000,640622000,0,0,25788877,5.88
16/09/2013,29000,208800000,7.2(0.00 %),29000,208800000,0,0,25759877,5.93
17/09/2013,0,0,7.1(-1.39 %),0,0,0,0,25759877,5.93
18/09/2013,0,0,7(-1.41 %),0,0,0,0,25759877,5.93
19/09/2013,0,0,7(0.00 %),0,0,0,0,25759877,5.93
20/09/2013,2000,14000000,7(0.00 %),2000,14000000,0,0,25757877,5.93
23/09/2013,51140,363094000,7.4(5.71 %),51140,363094000,0,0,25706737,6.02
24/09/2013,3060,22850000,7.3(-1.35 %),3060,22850000,0,0,25703677,6.02
25/09/2013,18960,141200000,7.7(5.48 %),18960,141200000,0,0,25684717,6.05
26/09/2013,100950,783680000,7.8(1.30 %),100950,783680000,0,0,25583767,6.22
27/09/2013,87700,682060000,7.7(-1.28 %),87700,682060000,0,0,25496067,6.37
30/09/2013,113000,880496000,7.9(2.60 %),113000,880496000,0,0,25383067,6.56
01/10/2013,62300,501955000,7.7(-2.53 %),62300,501955000,0,0,25374767,6.57
02/10/2013,59830,472890000,7.9(2.60 %),59830,472890000,0,0,25314937,6.67
03/10/2013,59400,464460000,7.7(-2.53 %),59400,464460000,0,0,25255537,6.77
04/10/2013,92050,707930000,7.6(-1.30 %),92050,707930000,0,0,25163487,6.93
07/10/2013,29910,231368000,7.8(2.63 %),29910,231368000,0,0,25133577,6.98
08/10/2013,19400,149120000,7.8(0.00 %),30000,231800000,10600,82680000,25114177,7.01
09/10/2013,-1000,-8200000,8(2.56 %),0,0,1000,8200000,25115177,7.01
10/10/2013,0,0,7.8(-2.50 %),0,0,0,0,25115177,7.01
11/10/2013,-4000,-32000000,7.9(1.28 %),0,0,4000,32000000,25119177,7.0
14/10/2013,0,0,7.7(-2.53 %),0,0,0,0,25119177,7.0
15/10/2013,0,0,7.9(2.60 %),0,0,0,0,25119177,7.0
16/10/2013,92500,739432000,7.9(0.00 %),100500,803432000,8000,64000000,25026677,7.15
17/10/2013,-38850,-318570000,8.2(3.80 %),600,4920000,39450,323490000,25065527,7.09
18/10/2013,39600,328180000,8.4(2.44 %),40000,331500000,400,3320000,25025927,7.16
21/10/2013,-109000,-965200000,8.9(5.95 %),0,0,109000,965200000,25134927,6.97
22/10/2013,-10400,-92690000,8.8(-1.12 %),2800,24640000,13200,117330000,25145327,6.96
23/10/2013,-3000,-26600000,8.9(1.14 %),0,0,3000,26600000,25148327,6.95
24/10/2013,7470,64441000,8.5(-4.49 %),34650,301789000,27180,237348000,25140857,6.96
25/10/2013,0,0,8.5(0.00 %),0,0,0,0,25140857,6.96
28/10/2013,0,0,8.2(-3.53 %),0,0,0,0,25140857,6.96
29/10/2013,0,0,8.4(2.44 %),0,0,0,0,25140857,6.96
30/10/2013,-20000,-166000000,8.3(-1.19 %),0,0,20000,166000000,25160857,6.93
31/10/2013,-150,-1255000,8.4(1.20 %),0,0,150,1255000,25161007,6.93
01/11/2013,0,0,8.4(0.00 %),0,0,0,0,25140857,6.96
04/11/2013,0,0,8.7(3.57 %),0,0,0,0,25140857,6.96
05/11/2013,0,0,8.7(0.00 %),0,0,0,0,25140857,6.96
06/11/2013,0,0,8.9(2.30 %),0,0,0,0,25140857,6.96
07/11/2013,0,0,8.7(-2.25 %),0,0,0,0,25140857,6.96
08/11/2013,0,0,8.6(-1.15 %),0,0,0,0,25140857,6.96
11/11/2013,900,7830000,8.8(2.33 %),900,7830000,0,0,25139957,6.97
12/11/2013,200,1780000,8.6(-2.27 %),200,1780000,0,0,25139757,6.97
13/11/2013,0,0,8.7(1.16 %),0,0,0,0,25139757,6.97
14/11/2013,0,0,8.8(1.15 %),0,0,0,0,25139757,6.97
15/11/2013,0,0,9.4(6.82 %),0,0,0,0,25139757,6.97
18/11/2013,0,0,9.9(5.32 %),0,0,0,0,25139757,6.97
19/11/2013,5000,50000000,9.9(0.00 %),5000,50000000,0,0,25134757,6.97
20/11/2013,0,0,10.4(5.05 %),0,0,0,0,25134757,6.97
21/11/2013,0,0,9.9(-4.81 %),0,0,0,0,25134757,6.97
22/11/2013,-19900,-204970000,10.4(5.05 %),100,1030000,20000,206000000,25154657,6.94
25/11/2013,0,0,10.5(0.96 %),0,0,0,0,25154657,6.94
26/11/2013,0,0,10.7(1.90 %),0,0,0,0,25154657,6.94
27/11/2013,0,0,10.4(-2.80 %),0,0,0,0,25154657,6.94
28/11/2013,-4500,-46800000,10.5(0.96 %),0,0,4500,46800000,25159157,6.93
29/11/2013,0,0,10.3(-1.90 %),0,0,0,0,25159157,6.93
02/12/2013,0,0,10.3(0.00 %),0,0,0,0,25174811,6.91
03/12/2013,-10000,-105000000,11(6.80 %),0,0,10000,105000000,25184811,6.89
04/12/2013,-5000,-55500000,10.8(-1.82 %),0,0,5000,55500000,25189811,6.88
05/12/2013,-10,-110000,10.9(0.93 %),0,0,10,110000,25189821,6.88
06/12/2013,0,0,11(0.92 %),0,0,0,0,25189821,6.88
09/12/2013,0,0,10.8(-1.82 %),0,0,0,0,25189821,6.88
10/12/2013,0,0,10.8(0.00 %),0,0,0,0,25189821,6.88
11/12/2013,0,0,10.3(-4.63 %),0,0,0,0,25189821,6.88
12/12/2013,-10000,-103500000,10.5(1.94 %),0,0,10000,103500000,25199821,6.87
13/12/2013,-10000,-104947000,10.5(0.00 %),0,0,10000,104947000,25209821,6.85
16/12/2013,0,0,10.5(0.00 %),0,0,0,0,25209821,6.85
17/12/2013,-23350,-255850000,11(4.76 %),0,0,23350,255850000,25233171,6.81
18/12/2013,0,0,11.6(5.45 %),0,0,0,0,25233171,6.81
19/12/2013,-31000,-359070000,11.5(-0.86 %),0,0,31000,359070000,25264171,6.76
20/12/2013,-68950,-800960000,11.7(1.74 %),0,0,68950,800960000,25333121,6.64
23/12/2013,-56040,-639460000,11.4(-2.56 %),0,0,56040,639460000,25389161,6.55
24/12/2013,5000,57500000,11.5(0.88 %),5000,57500000,0,0,25384161,6.56
25/12/2013,0,0,11.4(-0.87 %),0,0,0,0,25384161,6.56
26/12/2013,-10660,-121524000,11.3(-0.88 %),0,0,10660,121524000,25394821,6.54
27/12/2013,110000,1221000000,11.1(-1.77 %),110000,1221000000,0,0,25284821,6.72
30/12/2013,0,0,10.5(-5.41 %),0,0,0,0,25284821,6.72
31/12/2013,-9000,-95400000,10.8(2.86 %),0,0,9000,95400000,25293821,6.71
02/01/2014,0,0,10.7(-0.93 %),0,0,0,0,25289321,6.72
03/01/2014,-80000,-855494000,10.7(0.00 %),0,0,80000,855494000,25369321,6.58
06/01/2014,0,0,11.2(4.67 %),0,0,0,0,25369321,6.58
07/01/2014,0,0,10.9(-2.68 %),0,0,0,0,25369321,6.58
08/01/2014,0,0,11.2(2.75 %),0,0,0,0,25369321,6.58
09/01/2014,-5000,-56500000,11.6(3.57 %),0,0,5000,56500000,25374321,6.57
10/01/2014,119460,1379190000,11.5(-0.86 %),130000,1501000000,10540,121810000,25254861,6.77
13/01/2014,173570,2056174000,12(4.35 %),173570,2056174000,0,0,25081291,7.06
14/01/2014,161430,1934160000,11.9(-0.83 %),161430,1934160000,0,0,24919861,7.33
15/01/2014,229040,2739106000,12(0.84 %),253740,3036006000,24700,296900000,24690821,7.72
16/01/2014,75970,903320000,12.2(1.67 %),96770,1161240000,20800,257920000,24614851,7.84
17/01/2014,197490,2363480000,11.8(-3.28 %),197490,2363480000,0,0,24417361,8.17
20/01/2014,410000,4787500000,11.7(-0.85 %),410000,4787500000,0,0,24007361,8.86
21/01/2014,83300,988117000,12(2.56 %),173300,2053817000,90000,1065700000,23924061,9.0
22/01/2014,200050,2411390000,12.2(1.67 %),200050,2411390000,0,0,23724011,9.33
23/01/2014,122000,1485400000,12.2(0.00 %),122000,1485400000,0,0,23602011,9.54
24/01/2014,124900,1549210000,12.6(3.28 %),144900,1799710000,20000,250500000,23477111,9.75
27/01/2014,59610,748215000,12.7(0.79 %),89610,1127715000,30000,379500000,23417501,9.85
06/02/2014,-3500,-43900000,13(2.36 %),1500,19100000,5000,63000000,23375001,9.92
07/02/2014,36020,451650000,12.7(-2.31 %),36020,451650000,0,0,23338981,9.98
10/02/2014,-176490,-2416550000,13.5(6.30 %),60810,774150000,237300,3190700000,23515471,9.68
11/02/2014,198640,2760483000,13.9(2.96 %),451140,6343063000,252500,3582580000,23316831,10.01
12/02/2014,-103000,-1409900000,13.9(0.00 %),100000,1380000000,203000,2789900000,23419831,9.84
13/02/2014,14990,201300000,14.2(2.16 %),338490,4735657000,323500,4534357000,23404841,9.87
14/02/2014,85580,1196440000,14.2(0.00 %),94180,1318020000,8600,121580000,23319261,10.01
17/02/2014,126620,1800106000,14.5(2.11 %),134620,1913806000,8000,113700000,23192641,10.22
18/02/2014,-500,-7350000,14.8(2.07 %),0,0,500,7350000,23193141,10.22
19/02/2014,4900,71420000,15(1.35 %),10000,146900000,5100,75480000,23188241,10.23
20/02/2014,168000,2343674000,14.4(-4.00 %),189000,2649600000,21000,305926000,23020241,10.51
21/02/2014,86000,1202100000,14(-2.78 %),86000,1202100000,0,0,22934241,10.65
24/02/2014,86000,1194900000,14.1(0.71 %),86000,1194900000,0,0,22848241,10.8
25/02/2014,20000,280000000,14.2(0.71 %),20000,280000000,0,0,22828241,10.83
26/02/2014,90500,1283150000,14.6(2.82 %),90500,1283150000,0,0,22737741,10.98
27/02/2014,15050,210731000,14.1(-3.42 %),15060,210876000,10,145000,22722691,11.01
28/02/2014,-2000,-28300000,14.2(0.71 %),0,0,2000,28300000,22724691,11.0
03/03/2014,50000,685900000,13.4(-5.63 %),50000,685900000,0,0,22727682,11.0
04/03/2014,-7000,-93000000,13.2(-1.49 %),0,0,7000,93000000,22734682,10.99
05/03/2014,33210,446714000,13.7(3.79 %),35210,473814000,2000,27100000,22701472,11.04
06/03/2014,99000,1346100000,13.9(1.46 %),100000,1360000000,1000,13900000,22602472,11.21
07/03/2014,32840,459360000,14.2(2.16 %),35840,501760000,3000,42400000,22569632,11.26
10/03/2014,-20000,-278000000,14(-1.41 %),0,0,20000,278000000,22589632,11.23
11/03/2014,58000,829529000,14.4(2.86 %),59000,843929000,1000,14400000,22531632,11.33
12/03/2014,17560,250536000,14(-2.78 %),18560,264536000,1000,14000000,22514072,11.36
13/03/2014,100000,1393900000,14.2(1.43 %),100000,1393900000,0,0,22414072,11.52
14/03/2014,68000,966300000,14.1(-0.70 %),72000,1023100000,4000,56800000,22346072,11.64
17/03/2014,2500,35000000,14.3(1.42 %),2500,35000000,0,0,22343572,11.64
18/03/2014,100000,1429000000,14.3(0.00 %),100000,1429000000,0,0,22243572,11.81
19/03/2014,165690,2455547000,15.3(6.99 %),166690,2470147000,1000,14600000,22077882,12.09
20/03/2014,-1500,-27072000,15.7(2.61 %),11500,180628000,13000,207700000,22079382,12.08
21/03/2014,0,0,15.5(-1.27 %),0,0,0,0,22079382,12.08
24/03/2014,59000,936800000,16.5(6.45 %),59000,936800000,0,0,22020382,12.18
25/03/2014,900,14940000,15.9(-3.64 %),900,14940000,0,0,22019482,12.18
26/03/2014,260000,4089665000,15.3(-3.77 %),315000,4963000000,55000,873335000,21759482,12.62
27/03/2014,184510,2822388000,15.5(1.31 %),190010,2905988000,5500,83600000,21574972,12.93
28/03/2014,32600,517630000,15.6(0.65 %),32600,517630000,0,0,21542372,12.98
31/03/2014,202640,3203334000,15.7(0.64 %),202640,3203334000,0,0,21339732,13.32
01/04/2014,-1000,-15160000,15(-4.46 %),0,0,1000,15160000,21336242,13.33
02/04/2014,148970,2206800000,15(0.00 %),150570,2230050000,1600,23250000,21187272,13.57
03/04/2014,161580,2496985000,15.6(4.00 %),161580,2496985000,0,0,21025692,13.84
04/04/2014,100000,1572220000,15.7(0.64 %),100000,1572220000,0,0,20925692,14.01
07/04/2014,0,0,15.9(1.27 %),0,0,0,0,20925692,14.01
08/04/2014,85120,1362208000,16.3(2.52 %),85120,1362208000,0,0,20840572,14.15
10/04/2014,-13000,-218800000,16.5(1.23 %),3000,49600000,16000,268400000,20853572,14.13
11/04/2014,0,0,16.6(0.61 %),0,0,0,0,20853572,14.13
14/04/2014,2560,41216000,16.1(-3.01 %),2560,41216000,0,0,20851012,14.14
15/04/2014,37500,593700000,15.5(-3.73 %),40000,632950000,2500,39250000,20813512,14.2
16/04/2014,126000,1908100000,14.8(-4.52 %),126000,1908100000,0,0,20687512,14.41
17/04/2014,44900,681000000,15.1(2.03 %),45000,682500000,100,1500000,20642612,14.49
18/04/2014,500,7310000,14.1(-6.62 %),500,7310000,0,0,20642112,14.49
21/04/2014,14600,196020000,13.2(-6.38 %),14600,196020000,0,0,20627512,14.51
22/04/2014,0,0,13.8(4.55 %),0,0,0,0,20627512,14.51
23/04/2014,100,1330000,12.9(-6.52 %),100,1330000,0,0,20627412,14.51
24/04/2014,0,0,12.5(-3.10 %),0,0,0,0,20627412,14.51
25/04/2014,-123010,-1443859000,11.7(-6.40 %),200,2340000,123210,1446199000,20750422,14.3
28/04/2014,60000,717000000,11.9(1.71 %),60000,717000000,0,0,20690422,14.41
29/04/2014,-100000,-1162500000,11.7(-1.68 %),0,0,100000,1162500000,20790422,14.24
05/05/2014,3000,34800000,10.9(-6.84 %),3000,34800000,0,0,20570712,14.61
06/05/2014,-15000,-153000000,10.2(-6.42 %),0,0,15000,153000000,20585712,14.58
07/05/2014,141300,1401690000,9.9(-2.94 %),141300,1401690000,0,0,20444412,14.82
08/05/2014,130000,1211000000,9.3(-6.06 %),130000,1211000000,0,0,20314412,15.03
09/05/2014,429750,3961750000,9.8(5.38 %),479750,4454880000,50000,493130000,19884662,15.75
12/05/2014,1242560,11505514000,9.2(-6.12 %),1247620,11553572000,5060,48058000,18642102,17.83
13/05/2014,-8330,-83800000,9.2(0.00 %),191670,1739472000,200000,1823272000,18650432,17.82
14/05/2014,-22500,-210860000,9.7(5.43 %),27500,256640000,50000,467500000,18672932,17.78
15/05/2014,-63000,-587811000,9.1(-6.19 %),37660,364666000,100660,952477000,18735932,17.67
16/05/2014,-42470,-393010000,9.2(1.10 %),61700,560720000,104170,953730000,18778402,17.6
19/05/2014,-27710,-293107000,9.8(6.52 %),72290,679393000,100000,972500000,18806112,17.56
20/05/2014,-49940,-503595000,10.4(6.12 %),60,605000,50000,504200000,18856052,17.47
21/05/2014,-13500,-145800000,11.1(6.73 %),1500,16200000,15000,162000000,18869552,17.45
22/05/2014,-135000,-1452200000,10.9(-1.80 %),0,0,135000,1452200000,19004552,17.22
23/05/2014,460,4684000,10.6(-2.75 %),1460,15184000,1000,10500000,19004092,17.22
26/05/2014,14740,155770000,10.7(0.94 %),15000,158500000,260,2730000,18989352,17.25
27/05/2014,3500,38300000,10.9(1.87 %),5000,54500000,1500,16200000,18985852,17.26
28/05/2014,0,0,10.9(0.00 %),0,0,0,0,18985852,17.26
29/05/2014,-45000,-483500000,10.5(-3.67 %),0,0,45000,483500000,19030852,17.18
30/05/2014,-4560,-47424000,10.5(0.00 %),440,4576000,5000,52000000,19035412,17.17
02/06/2014,6290,65046000,10.2(-2.86 %),6290,65046000,0,0,19202332,16.89
03/06/2014,10,104000,10.3(0.98 %),10,104000,0,0,19202322,16.89
04/06/2014,-4000,-39200000,9.4(1.08 %),0,0,4000,39200000,19206322,16.89
05/06/2014,-41140,-382095000,9.1(-3.19 %),10000,91521000,51140,473616000,19247462,16.82
06/06/2014,2600,24180000,9.6(5.49 %),2600,24180000,0,0,19244862,16.82
09/06/2014,-45000,-426178000,9.6(0.00 %),5100,49940000,50100,476118000,19289862,16.75
10/06/2014,-28200,-263860000,9.3(-3.12 %),20000,190000000,48200,453860000,19318062,16.7
11/06/2014,-40000,-372033000,9.3(0.00 %),0,0,40000,372033000,19358062,16.63
12/06/2014,-65000,-608200000,9.3(0.00 %),0,0,65000,608200000,19423062,16.52
13/06/2014,-156600,-1528310000,9.9(6.45 %),0,0,156600,1528310000,19579662,16.26
16/06/2014,-56890,-586649000,10.4(5.05 %),0,0,56890,586649000,19636552,16.17
17/06/2014,-130000,-1330037000,10.2(-1.92 %),0,0,130000,1330037000,19766552,15.95
18/06/2014,0,0,10.2(0.00 %),0,0,0,0,19766552,15.95
19/06/2014,2140,20938000,9.9(-2.94 %),2140,20938000,0,0,19764412,15.95
20/06/2014,41000,406310000,9.7(-2.02 %),46000,454810000,5000,48500000,19723412,16.02
23/06/2014,10950,106241000,9.8(1.03 %),15950,154741000,5000,48500000,19712462,16.04
24/06/2014,-29920,-287216000,9.8(0.00 %),80,784000,30000,288000000,19742382,15.99
25/06/2014,110,1104000,10.1(3.06 %),110,1104000,0,0,19742272,15.99
26/06/2014,10770,109817000,10.1(0.00 %),12720,129707000,1950,19890000,19731502,16.01
27/06/2014,10540,106454000,10(-0.99 %),10540,106454000,0,0,19720962,16.03
30/06/2014,0,0,9.9(-1.00 %),0,0,0,0,19720962,16.03
01/07/2014,-13560,-134144000,10(1.01 %),47000,465500000,60560,599644000,19722012,16.02
02/07/2014,35000,357000000,10.4(4.00 %),35000,357000000,0,0,19687012,16.08
03/07/2014,-88000,-932000000,10.8(3.85 %),0,0,88000,932000000,19775012,15.94
04/07/2014,0,0,10.8(0.00 %),0,0,0,0,19775012,15.94
07/07/2014,-12000,-129600000,10.8(0.00 %),0,0,12000,129600000,19787012,15.92
08/07/2014,0,0,10.8(0.00 %),0,0,0,0,19787012,15.92
09/07/2014,0,0,11(1.85 %),0,0,0,0,19787012,15.92
10/07/2014,0,0,10.5(-4.55 %),0,0,0,0,19837522,15.83
11/07/2014,0,0,11.2(6.67 %),0,0,0,0,19849522,0.0
14/07/2014,1720,19236000,11.3(0.89 %),2000,22400000,280,3164000,19847802,19.24
15/07/2014,0,0,11.3(0.00 %),0,0,0,0,19847802,19.24
16/07/2014,5000,57000000,11(-2.65 %),5000,57000000,0,0,21189775,0.0
17/07/2014,0,0,10.9(-0.91 %),0,0,0,0,21189775,17.0
18/07/2014,-34240,-372716000,10.9(0.00 %),0,0,34240,372716000,21190059,15.89
21/07/2014,-4000,-43200000,10.9(0.00 %),1000,10800000,5000,54000000,21189059,0.0
22/07/2014,-50000,-535000000,10.8(-0.92 %),0,0,50000,535000000,21189059,0.0
23/07/2014,-2000,-21200000,10.5(-2.78 %),0,0,2000,21200000,21189059,0.0
24/07/2014,-205980,-2160640000,10.7(1.90 %),0,0,205980,2160640000,21223299,0.0
25/07/2014,-50040,-528138000,10.4(-2.80 %),0,0,50040,528138000,21228299,0.0
28/07/2014,-34370,-340263000,9.9(-4.81 %),0,0,34370,340263000,21278299,0.0
29/07/2014,-62000,-619370000,10(1.01 %),0,0,62000,619370000,21280299,0.0
30/07/2014,-50000,-495000000,9.9(-1.00 %),0,0,50000,495000000,21486279,0.0
31/07/2014,-3210,-32100000,10.2(3.03 %),0,0,3210,32100000,21536319,0.0
01/08/2014,0,0,10.1(-0.98 %),0,0,0,0,21570689,0.0
04/08/2014,-50000,-515000000,10.4(2.97 %),0,0,50000,515000000,21632689,0.0
05/08/2014,-100000,-1048000000,10.7(2.88 %),0,0,100000,1048000000,21682689,0.0
06/08/2014,73780,811336000,11.1(3.74 %),100000,1102000000,26220,290664000,21685900,15.11
07/08/2014,26140,318329000,11.8(6.31 %),97950,1136701000,71810,818372000,21659760,15.15
08/08/2014,0,0,11.8(0.00 %),0,0,0,0,21537950,0.0
11/08/2014,52050,617815000,12.2(3.39 %),102050,1223815000,50000,606000000,21535900,0.0
12/08/2014,-10000,-121591000,12.3(0.82 %),100000,1210409000,110000,1332000000,21462120,0.0
13/08/2014,-115820,-1407122000,12.1(-1.63 %),0,0,115820,1407122000,21533930,0.0
14/08/2014,-183160,-2245868000,12.2(0.83 %),0,0,183160,2245868000,21533930,15.35
15/08/2014,0,0,12.2(0.00 %),0,0,0,0,21583930,15.27
18/08/2014,0,0,12.8(4.92 %),0,0,0,0,21693930,0.0
19/08/2014,-1880,-23777000,12.4(-3.12 %),0,0,1880,23777000,21809750,0.0
20/08/2014,-2320,-28536000,12.4(0.00 %),0,0,2320,28536000,21992910,0.0
21/08/2014,0,0,12.3(-0.81 %),0,0,0,0,21992910,0.0
22/08/2014,0,0,12.5(1.63 %),0,0,0,0,21992910,14.63
25/08/2014,0,0,12.5(0.00 %),0,0,0,0,21994790,14.63
26/08/2014,-350,-4515000,13(4.00 %),0,0,350,4515000,21997110,14.63
27/08/2014,0,0,12.7(-2.31 %),0,0,0,0,21997110,14.63
28/08/2014,-200,-2520000,12.6(-0.79 %),0,0,200,2520000,21997110,14.63
29/08/2014,0,0,12.8(1.59 %),0,0,0,0,21997110,0.0
03/09/2014,2620,36600000,13.1(2.34 %),10000,132500000,7380,95900000,21997460,14.63
04/09/2014,-470,-6110000,12.9(-1.53 %),0,0,470,6110000,21987460,0.0
05/09/2014,-24100,-240669000,13.8(6.98 %),135000,1826831000,159100,2067500000,21852660,0.0
08/09/2014,0,0,13.9(0.72 %),0,0,0,0,21852660,14.85
09/09/2014,-9500,-126500000,13(-6.47 %),500,6500000,10000,133000000,21860040,14.84
10/09/2014,-13000,-165200000,13.6(4.62 %),2000,26800000,15000,192000000,21858010,0.0
11/09/2014,180000,2455624000,13.7(0.74 %),180000,2455624000,0,0,21837110,0.0
12/09/2014,0,0,13.7(0.00 %),0,0,0,0,21837110,0.0
15/09/2014,0,0,13.4(-2.19 %),0,0,0,0,21847110,14.86
16/09/2014,3000,41400000,13.8(2.99 %),3000,41400000,0,0,21859110,0.0
17/09/2014,0,0,13.4(-2.90 %),0,0,0,0,21859110,0.0
18/09/2014,0,0,12.6(-5.97 %),0,0,0,0,21859110,0.0
19/09/2014,-4500,-56700000,13.4(6.35 %),0,0,4500,56700000,21859110,0.0
22/09/2014,-30,-405000,13.5(0.75 %),0,0,30,405000,21859110,0.0
23/09/2014,1500,20850000,13.8(2.22 %),1500,20850000,0,0,21857610,0.0
24/09/2014,2500,35500000,14.4(4.35 %),2500,35500000,0,0,21855110,14.85
25/09/2014,1500,22650000,15.4(6.94 %),1500,22650000,0,0,21853610,14.85
26/09/2014,0,0,15.5(0.65 %),0,0,0,0,21853610,14.85
29/09/2014,0,0,15.4(-0.65 %),0,0,0,0,21858140,0.0
30/09/2014,-70,-1080000,16(3.90 %),0,0,70,1080000,21858140,0.0
01/10/2014,-32580,-520380000,15.4(-3.75 %),0,0,32580,520380000,21858140,0.0
02/10/2014,-272440,-4330640000,16(3.90 %),1000,16100000,273440,4346740000,21857140,0.0
03/10/2014,-25000,-396200000,15.8(-1.25 %),0,0,25000,396200000,21857140,0.0
06/10/2014,0,0,16(1.27 %),0,0,0,0,21857210,0.0
07/10/2014,9080,145912000,16.7(4.38 %),21000,344400000,11920,198488000,21868790,0.0
08/10/2014,23420,387874000,16.5(-1.20 %),26200,434300000,2780,46426000,22116030,0.0
09/10/2014,-309910,-5058354000,16(-3.03 %),13500,218050000,323410,5276404000,22127530,0.0
10/10/2014,3500,53800000,15.3(-4.38 %),5000,77500000,1500,23700000,22122530,0.0
13/10/2014,-26250,-407685000,15.6(1.96 %),0,0,26250,407685000,22148780,14.39
14/10/2014,69000,1082931000,15.5(-0.64 %),69000,1082931000,0,0,22079780,14.5
15/10/2014,0,0,15.1(-2.58 %),0,0,0,0,22079780,14.5
16/10/2014,4120,61800000,14.7(-2.65 %),5000,75000000,880,13200000,22075660,14.5
17/10/2014,-190,-2831000,14.9(1.36 %),0,0,190,2831000,22075850,14.5
20/10/2014,-54910,-804678000,14.5(-2.68 %),5090,73832000,60000,878510000,22130760,14.42
21/10/2014,0,0,14.5(0.00 %),0,0,0,0,22130760,14.42
22/10/2014,0,0,14.8(2.07 %),0,0,0,0,22130760,14.42
23/10/2014,0,0,14.5(-2.03 %),0,0,0,0,22130760,14.42
24/10/2014,1000,14500000,14.3(-1.38 %),1000,14500000,0,0,22129760,14.42
27/10/2014,0,0,13.3(-6.99 %),0,0,0,0,22129760,14.42
29/10/2014,0,0,14(5.26 %),0,0,0,0,22129760,14.42
30/10/2014,0,0,13.9(-0.71 %),0,0,0,0,22129760,14.42
31/10/2014,0,0,14.2(2.16 %),0,0,0,0,22129760,14.42
03/11/2014,-18000,-258800000,14.4(1.41 %),2000,29200000,20000,288000000,22468970,13.89
04/11/2014,0,0,14.1(-2.08 %),0,0,0,0,22468970,13.89
05/11/2014,0,0,14.5(2.84 %),0,0,0,0,22468970,13.89
06/11/2014,-25000,-385000000,15.4(6.21 %),0,0,25000,385000000,22493970,13.85
07/11/2014,-24700,-385320000,15.3(-0.65 %),0,0,24700,385320000,22518670,13.81
10/11/2014,-9700,-150880000,15.5(1.31 %),0,0,9700,150880000,22528370,13.8
11/11/2014,-1200,-18620000,15.3(-1.29 %),100,1530000,1300,20150000,22529570,13.79
12/11/2014,102940,1594079000,15.6(1.96 %),102940,1594079000,0,0,22426630,13.95
13/11/2014,0,0,15.4(-1.28 %),0,0,0,0,22426630,13.95
14/11/2014,-10000,-152000000,15.1(-1.95 %),0,0,10000,152000000,22436630,13.94
17/11/2014,0,0,15.1(0.00 %),0,0,0,0,22436630,13.94
18/11/2014,0,0,14.8(-1.99 %),0,0,0,0,22436630,13.94
19/11/2014,-2000,-29400000,14.5(-2.03 %),0,0,2000,29400000,22438630,13.94
20/11/2014,-2990,-43360000,15.2(4.83 %),0,0,2990,43360000,22456630,0.0
21/11/2014,9000,134100000,14.6(-3.95 %),9000,134100000,0,0,22447630,0.0
24/11/2014,0,0,14.4(-1.37 %),0,0,0,0,22447630,0.0
25/11/2014,0,0,14.9(3.47 %),0,0,0,0,22449630,0.0
26/11/2014,0,0,14.3(-4.03 %),0,0,0,0,22452620,0.0
27/11/2014,0,0,14.7(2.80 %),0,0,0,0,22452620,0.0
28/11/2014,0,0,15.2(3.40 %),0,0,0,0,22452620,0.0
01/12/2014,0,0,15.9(4.61 %),0,0,0,0,22452620,0.0
02/12/2014,-500000,-8001100000,16.3(2.52 %),0,0,500000,8001100000,22452624,0.0
03/12/2014,-613830,-10325530000,16.9(3.68 %),1500,25050000,615330,10350580000,22451124,0.0
04/12/2014,-625420,-11168350000,18(6.51 %),0,0,625420,11168350000,22451124,0.0
05/12/2014,-229780,-4164260000,17.9(-0.56 %),1600,28930000,231380,4193190000,22449524,0.0
08/12/2014,-36340,-648250000,17.7(-1.12 %),0,0,36340,648250000,22949524,0.0
09/12/2014,-1500,-25350000,16.5(-6.78 %),0,0,1500,25350000,23564854,0.0
10/12/2014,9700,169270000,17.6(6.67 %),12000,208600000,2300,39330000,24178274,0.0
11/12/2014,-197100,-3590100000,18(2.27 %),1000,18400000,198100,3608500000,24408654,0.0
12/12/2014,2200,39290000,18(0.00 %),2200,39290000,0,0,24406454,10.86
15/12/2014,0,0,17.7(-1.67 %),0,0,0,0,24444294,0.0
16/12/2014,20400,359040000,17.6(-0.56 %),20400,359040000,0,0,24426194,0.0
17/12/2014,0,0,14.1(-19.89 %),0,0,0,0,24624294,0.0
18/12/2014,-2000,-27000000,13.4(-4.96 %),0,0,2000,27000000,24624294,0.0
19/12/2014,300,4020000,12.7(-5.22 %),300,4020000,0,0,24623994,0.0
22/12/2014,1500,20100000,13.5(6.30 %),1500,20100000,0,0,24622494,10.52
23/12/2014,-1070,-14340000,13.4(-0.74 %),0,0,1070,14340000,24622494,0.0
24/12/2014,0,0,13.2(-1.49 %),0,0,0,0,24624494,0.0
25/12/2014,0,0,13.1(-0.76 %),0,0,0,0,24624494,0.0
26/12/2014,0,0,12.4(-5.34 %),0,0,0,0,24624494,10.52
29/12/2014,-1500,-17700000,11.8(-4.84 %),0,0,1500,17700000,24625994,10.52
30/12/2014,-9000,-108900000,12.4(5.08 %),0,0,9000,108900000,24634994,10.5
31/12/2014,1000,13100000,13(4.84 %),1000,13100000,0,0,24633994,10.51
05/01/2015,-62300,-808854000,12.8(-1.54 %),0,0,62300,808854000,24624564,10.52
06/01/2015,0,0,13.6(6.25 %),0,0,0,0,24624564,10.52
07/01/2015,1000,13600000,13.8(1.47 %),1000,13600000,0,0,24623564,10.52
08/01/2015,118550,1615040000,13.6(-1.45 %),123580,1684454000,5030,69414000,24505014,10.71
09/01/2015,57580,776952000,13.6(0.00 %),185000,2533700000,127420,1756748000,24447434,10.8
12/01/2015,0,0,13.2(-2.94 %),0,0,0,0,24447434,10.8
13/01/2015,-10000,-131570000,13.3(0.76 %),0,0,10000,131570000,24457434,10.78
14/01/2015,-1000,-13600000,13.4(0.75 %),0,0,1000,13600000,24458434,10.78
15/01/2015,-261930,-3630634000,13.8(2.99 %),5000,69500000,266930,3700134000,24720364,10.37
16/01/2015,-21430,-295734000,13.6(-1.45 %),0,0,21430,295734000,24741794,10.34
19/01/2015,110000,1486828000,13.5(-0.74 %),110000,1486828000,0,0,24631794,10.51
20/01/2015,36280,486752000,13.4(-0.74 %),41280,553752000,5000,67000000,24595514,10.57
21/01/2015,0,0,13.5(0.75 %),0,0,0,0,24595514,10.57
22/01/2015,5000,68000000,13.6(0.74 %),5000,68000000,0,0,24590514,10.57
23/01/2015,0,0,13.6(0.00 %),0,0,0,0,24590514,10.57
26/01/2015,0,0,13.4(-1.47 %),0,0,0,0,24590514,10.57
27/01/2015,1000,12950000,12.9(-3.73 %),1000,12950000,0,0,24589514,10.57
28/01/2015,0,0,12.9(0.00 %),0,0,0,0,24589514,10.57
29/01/2015,0,0,12.8(-0.78 %),0,0,0,0,24589514,10.57
30/01/2015,0,0,12.8(0.00 %),0,0,0,0,24589514,10.57
02/02/2015,0,0,12.7(-0.78 %),0,0,0,0,24662322,10.46
03/02/2015,0,0,12.6(-0.79 %),0,0,0,0,24662322,10.46
04/02/2015,89760,1144828000,12.9(2.38 %),89760,1144828000,0,0,24572562,10.6
05/02/2015,44350,568921000,12.8(-0.78 %),58300,746086000,13950,177165000,24528212,10.67
06/02/2015,82000,1055450000,12.7(-0.78 %),82000,1055450000,0,0,24446212,10.8
09/02/2015,43000,548220000,12.5(-1.57 %),43000,548220000,0,0,24403212,10.87
10/02/2015,0,0,12.4(-0.80 %),0,0,0,0,24403212,10.87
11/02/2015,-100,-1250000,12.7(2.42 %),0,0,100,1250000,24403312,10.87
12/02/2015,51920,660984000,12.7(0.00 %),51920,660984000,0,0,24351392,10.95
13/02/2015,218330,2792071000,13.1(3.15 %),218330,2792071000,0,0,24133062,11.29
24/02/2015,-7000,-91750000,13.2(0.76 %),0,0,7000,91750000,24140062,11.28
25/02/2015,-1000,-13000000,12.9(-2.27 %),4000,52000000,5000,65000000,24141062,11.28
26/02/2015,0,0,13(0.78 %),0,0,0,0,24141062,11.28
27/02/2015,1000,12800000,12.9(-0.77 %),1000,12800000,0,0,24140062,11.28
02/03/2015,10500,133400000,12.7(-1.55 %),10500,133400000,0,0,24124562,11.3
03/03/2015,247090,3192597000,13.5(6.30 %),249000,3218000000,1910,25403000,23877472,11.69
04/03/2015,-183370,-2485965000,13.5(0.00 %),0,0,183370,2485965000,24060842,11.4
05/03/2015,-206770,-2793831000,13.6(0.74 %),0,0,206770,2793831000,24267612,11.08
06/03/2015,-116360,-1561868000,13.3(-2.21 %),5000,67000000,121360,1628868000,24383972,10.9
09/03/2015,4000,52900000,13.2(-0.75 %),4000,52900000,0,0,24379972,10.9
10/03/2015,0,0,13.5(2.27 %),0,0,0,0,24379972,10.9
11/03/2015,-60770,-814468000,13.3(-1.48 %),500,6600000,61270,821068000,24440742,10.81
12/03/2015,0,0,13.3(0.00 %),0,0,0,0,24440742,10.81
13/03/2015,-11910,-157807000,13.2(-0.75 %),0,0,11910,157807000,24452652,10.79
16/03/2015,2010,26032000,12.9(-2.27 %),2010,26032000,0,0,24450642,10.79
17/03/2015,285970,3757677000,13.2(2.33 %),286130,3759741000,160,2064000,24164672,11.24
18/03/2015,14640,190648000,13(-1.52 %),14640,190648000,0,0,24150032,11.26
19/03/2015,1000,12800000,12.8(-1.54 %),1000,12800000,0,0,24149032,11.26
20/03/2015,500,6350000,12.8(0.00 %),500,6350000,0,0,24148532,11.26
23/03/2015,0,0,12.5(-2.34 %),0,0,0,0,24148532,11.26
24/03/2015,0,0,12.3(-1.60 %),0,0,0,0,24148532,11.26
25/03/2015,0,0,12.5(1.63 %),0,0,0,0,24148532,11.26
26/03/2015,0,0,12.4(-0.80 %),0,0,0,0,24148532,11.26
27/03/2015,6000,73800000,12.3(-0.81 %),6000,73800000,0,0,24142532,11.27
30/03/2015,1000,12000000,11.9(-3.25 %),1000,12000000,0,0,24141532,11.27
31/03/2015,0,0,12.1(1.68 %),0,0,0,0,24141532,11.27
01/04/2015,1000,12100000,11.5(-4.96 %),1000,12100000,0,0,24146532,11.27
02/04/2015,4800,55100000,11.8(2.61 %),4800,55100000,0,0,24141732,11.27
03/04/2015,0,0,11.8(0.00 %),0,0,0,0,24141732,11.27
06/04/2015,253040,3041623000,12(1.69 %),253040,3041623000,0,0,23888692,11.67
07/04/2015,-3560,-42720000,12.1(0.83 %),0,0,3560,42720000,23892252,11.66
08/04/2015,0,0,12.1(0.00 %),0,0,0,0,23892252,11.66
09/04/2015,-9000,-109800000,12.4(2.48 %),0,0,9000,109800000,23901252,11.65
10/04/2015,0,0,12.6(1.61 %),1000,12600000,1000,12600000,23901252,11.65
13/04/2015,0,0,12.5(-0.79 %),0,0,0,0,23901252,11.65
14/04/2015,0,0,12.2(-2.40 %),0,0,0,0,23901252,11.65
15/04/2015,0,0,12.4(1.64 %),0,0,0,0,23901252,11.65
16/04/2015,0,0,12.4(0.00 %),0,0,0,0,23901252,11.65
17/04/2015,0,0,12.3(-0.81 %),0,0,0,0,23901252,11.65
20/04/2015,0,0,12.3(0.00 %),0,0,0,0,23901252,11.65
21/04/2015,0,0,12.1(-1.63 %),0,0,0,0,23901252,11.65
22/04/2015,4000,48000000,12(-0.83 %),4000,48000000,0,0,23897252,11.66
23/04/2015,0,0,11.8(-1.67 %),0,0,0,0,23897252,11.66
24/04/2015,0,0,11.7(-0.85 %),0,0,0,0,23897252,11.66
27/04/2015,7810,90796000,11.7(0.00 %),7810,90796000,0,0,23889442,11.67
04/05/2015,15180,175988000,10.9(-6.84 %),15180,175988000,0,0,23874268,11.69
05/05/2015,0,0,11.2(2.75 %),0,0,0,0,23874268,11.69
06/05/2015,0,0,10.9(-2.68 %),0,0,0,0,23874268,11.69
07/05/2015,81460,906260000,11.3(3.67 %),83460,928960000,2000,22700000,23792808,11.82
08/05/2015,0,0,11.5(1.77 %),0,0,0,0,23792808,11.82
11/05/2015,13000,145600000,11.4(-0.87 %),13000,145600000,0,0,23779808,11.84
12/05/2015,164370,1852944000,11.5(0.88 %),164370,1852944000,0,0,23615438,12.1
13/05/2015,40000,464000000,11.4(-0.87 %),40000,464000000,0,0,23575438,12.16
14/05/2015,0,0,11.4(0.00 %),0,0,0,0,23575438,12.16
15/05/2015,10000,113000000,11.2(-1.75 %),10000,113000000,0,0,23565438,12.18
18/05/2015,5000,55000000,10.8(-3.57 %),5000,55000000,0,0,23560438,12.18
19/05/2015,0,0,11(1.85 %),0,0,0,0,23560438,12.18
20/05/2015,0,0,11.7(6.36 %),0,0,0,0,23560438,12.18
21/05/2015,32240,374760000,11.6(-0.85 %),32240,374760000,0,0,23528198,12.23
22/05/2015,30000,348000000,11.5(-0.86 %),30000,348000000,0,0,23498198,12.28
25/05/2015,0,0,11.8(2.61 %),0,0,0,0,23498198,12.28
26/05/2015,13550,159890000,11.9(0.85 %),13550,159890000,0,0,23484648,12.3
27/05/2015,0,0,11.6(-2.52 %),0,0,0,0,23484648,12.3
28/05/2015,49750,587075000,11.6(0.00 %),50000,590000000,250,2925000,23434898,12.38
29/05/2015,0,0,11.5(-0.86 %),0,0,0,0,23434898,12.38
01/06/2015,0,0,11.5(0.00 %),0,0,0,0,23434648,12.38
02/06/2015,0,0,11.4(-0.87 %),0,0,0,0,23434648,12.38
03/06/2015,0,0,11.4(0.00 %),0,0,0,0,23434648,12.38
04/06/2015,0,0,11.5(0.88 %),0,0,0,0,23434648,12.38
05/06/2015,0,0,12.1(5.22 %),0,0,0,0,23434648,12.38
08/06/2015,90000,1107000000,12.3(1.65 %),90000,1107000000,0,0,23344648,12.52
09/06/2015,57000,682600000,11.9(-3.25 %),57000,682600000,0,0,23287648,12.61
10/06/2015,10000,117000000,11.8(-0.84 %),10000,117000000,0,0,23277648,12.62
11/06/2015,25000,299000000,12(1.69 %),25000,299000000,0,0,23252648,12.66
12/06/2015,15700,186900000,11.9(-0.83 %),15700,186900000,0,0,23236948,12.69
15/06/2015,0,0,11.9(0.00 %),0,0,0,0,23236948,12.69
16/06/2015,26680,316324000,11.9(0.00 %),26680,316324000,0,0,23210268,12.73
17/06/2015,-111610,-1310698000,11.7(-1.68 %),3000,35700000,114610,1346398000,23321878,12.56
18/06/2015,-5000,-58500000,11.7(0.00 %),0,0,5000,58500000,23326878,12.55
19/06/2015,10000,116500000,11.7(0.00 %),10000,116500000,0,0,23316878,12.56
22/06/2015,0,0,11.7(0.00 %),0,0,0,0,23316878,12.56
23/06/2015,6320,73944000,11.6(-0.85 %),6320,73944000,0,0,23310558,12.57
24/06/2015,0,0,11.6(0.00 %),0,0,0,0,23310558,12.57
25/06/2015,10000,115000000,11.5(-0.86 %),10000,115000000,0,0,23300558,12.59
26/06/2015,6900,80040000,11.5(0.00 %),6900,80040000,0,0,23293658,12.6
29/06/2015,9000,101700000,11.4(-0.87 %),9000,101700000,0,0,23284658,12.61
30/06/2015,30800,348040000,11.2(-1.75 %),30800,348040000,0,0,23253858,12.66
01/07/2015,700,7910000,11.2(0.00 %),700,7910000,0,0,23253408,12.66
02/07/2015,13450,150640000,11.3(0.89 %),13450,150640000,0,0,23239958,12.68
03/07/2015,16550,188670000,11.7(3.54 %),16550,188670000,0,0,23223408,12.71
06/07/2015,146900,1828443000,12.5(6.84 %),215000,2676273000,68100,847830000,23076508,12.94
07/07/2015,18290,228783000,12.4(-0.80 %),25000,314000000,6710,85217000,23058218,12.97
08/07/2015,66000,795200000,12(-3.23 %),66000,795200000,0,0,22992218,13.07
09/07/2015,4020,48140000,11.9(-0.83 %),7310,87620000,3290,39480000,22988198,13.08
10/07/2015,-20000,-244000000,12.2(2.52 %),0,0,20000,244000000,23008198,13.05
13/07/2015,10,122000,12(-1.64 %),10,122000,0,0,23008188,13.05
14/07/2015,1000,12100000,11.8(-1.67 %),1000,12100000,0,0,23007188,13.05
15/07/2015,-8000,-95200000,11.8(0.00 %),5000,59500000,13000,154700000,23015188,13.04
16/07/2015,0,0,11.8(0.00 %),0,0,0,0,23015188,13.04
17/07/2015,1280,15339000,11.8(0.00 %),2350,27965000,1070,12626000,23013908,13.04
20/07/2015,0,0,11.8(0.00 %),0,0,0,0,23013908,13.04
21/07/2015,-62790,-727165000,11.5(-2.54 %),0,0,62790,727165000,23076698,12.94
22/07/2015,4240,49446000,11.6(0.87 %),7000,81200000,2760,31754000,23072458,12.95
23/07/2015,0,0,11.4(-1.72 %),0,0,0,0,23072458,12.95
24/07/2015,5000,55000000,11.7(2.63 %),15000,174000000,10000,119000000,23067458,12.95
27/07/2015,10000,116000000,11.6(-0.85 %),10000,116000000,0,0,23057458,12.97
28/07/2015,0,0,11.5(-0.86 %),0,0,0,0,23057458,12.97
29/07/2015,7000,80500000,11.5(0.00 %),7000,80500000,0,0,23050458,12.98
30/07/2015,0,0,11.5(0.00 %),0,0,0,0,23050458,12.98
31/07/2015,400,4600000,11.5(0.00 %),400,4600000,0,0,23050058,12.98
03/08/2015,-188670,-2128730000,11.3(-1.74 %),39800,445760000,228470,2574490000,23010258,13.04
04/08/2015,0,0,11.2(-0.88 %),0,0,0,0,23010258,13.04
05/08/2015,0,0,11.6(3.57 %),0,0,0,0,23010258,13.04
06/08/2015,-15000,-169500000,11.3(-2.59 %),0,0,15000,169500000,23025258,13.02
07/08/2015,0,0,11.2(-0.88 %),0,0,0,0,23025258,13.02
10/08/2015,0,0,11.4(1.79 %),0,0,0,0,23025258,13.02
11/08/2015,0,0,11.3(-0.88 %),0,0,0,0,23025258,13.02
12/08/2015,-46900,-524570000,11.2(-0.88 %),7100,80230000,54000,604800000,23072158,12.95
13/08/2015,-59100,-648720000,11(-1.79 %),0,0,59100,648720000,23131258,12.85
14/08/2015,-10000,-110000000,10.8(-1.82 %),0,0,10000,110000000,23141258,12.84
17/08/2015,-6880,-74300000,10.4(-3.70 %),0,0,6880,74300000,23148138,12.83
18/08/2015,0,0,10.6(1.92 %),0,0,0,0,23148138,12.83
19/08/2015,0,0,10.6(0.00 %),0,0,0,0,23148138,12.83
20/08/2015,-20000,-210000000,10.4(-1.89 %),0,0,20000,210000000,23168138,12.8
21/08/2015,1700,17680000,10.2(-1.92 %),1700,17680000,0,0,23166438,12.8
24/08/2015,0,0,9.5(-6.86 %),0,0,0,0,23166438,12.8
25/08/2015,-20000,-188000000,9.2(-3.16 %),0,0,20000,188000000,23186438,12.77
26/08/2015,64450,610490000,9.7(5.43 %),64450,610490000,0,0,23121988,12.87
27/08/2015,0,0,9.8(1.03 %),0,0,0,0,23121988,12.87
28/08/2015,-8680,-85060000,9.8(0.00 %),1320,12940000,10000,98000000,23130668,12.85
31/08/2015,-10000,-97000000,9.6(-2.04 %),0,0,10000,97000000,23140668,12.84
01/09/2015,0,0,9.7(1.04 %),0,0,0,0,23349142,12.51
03/09/2015,185620,1824400000,9.9(2.06 %),189420,1862400000,3800,38000000,23163522,12.8
04/09/2015,-36580,-358480000,9.8(-1.01 %),0,0,36580,358480000,23200102,12.75
07/09/2015,-12690,-124360000,9.7(-1.02 %),0,0,12690,124360000,23212792,12.73
08/09/2015,30000,294000000,9.8(1.03 %),30000,294000000,0,0,23182792,12.77
09/09/2015,-12000,-116490000,9.7(-1.02 %),0,0,12000,116490000,23194792,12.75
10/09/2015,0,0,9.7(0.00 %),0,0,0,0,23194792,12.75
11/09/2015,1000,9700000,9.6(-1.03 %),1000,9700000,0,0,23193792,12.76
14/09/2015,6500,61750000,9.6(0.00 %),6500,61750000,0,0,23187292,12.77
15/09/2015,2340,22230000,9.6(0.00 %),2340,22230000,0,0,23184952,12.77
16/09/2015,0,0,9.5(-1.04 %),0,0,0,0,23184952,12.77
17/09/2015,26850,255080000,9.6(1.05 %),26850,255080000,0,0,23158102,12.81
18/09/2015,18330,174140000,9.6(0.00 %),18330,174140000,0,0,23139772,12.84
21/09/2015,0,0,9.6(0.00 %),0,0,0,0,23139772,12.84
22/09/2015,0,0,9.7(1.04 %),0,0,0,0,23139772,12.84
23/09/2015,0,0,9.7(0.00 %),0,0,0,0,23139772,12.84
24/09/2015,0,0,9.8(1.03 %),0,0,0,0,23139772,12.84
25/09/2015,0,0,9.6(-2.04 %),0,0,0,0,23139772,12.84
28/09/2015,0,0,9.5(-1.04 %),0,0,0,0,23139772,12.84
29/09/2015,0,0,9.4(-1.05 %),0,0,0,0,23139772,12.84
30/09/2015,0,0,9.2(-2.13 %),0,0,0,0,23139772,12.84
01/10/2015,0,0,9.2(0.00 %),0,0,0,0,23159772,12.81
02/10/2015,0,0,9.3(1.09 %),0,0,0,0,23159772,12.81
05/10/2015,0,0,9.4(1.08 %),0,0,0,0,23159772,12.81
06/10/2015,40000,394000000,10(6.38 %),40000,394000000,0,0,23119772,12.87
07/10/2015,-50000,-500000000,9.9(-1.00 %),0,0,50000,500000000,23169772,12.79
08/10/2015,-30490,-317100000,10.3(4.04 %),2000,20800000,32490,337900000,23200262,12.75
09/10/2015,-16120,-164540000,10.1(-1.94 %),0,0,16120,164540000,23216382,12.72
12/10/2015,0,0,10.2(0.99 %),0,0,0,0,23216382,12.72
13/10/2015,-72000,-712800000,9.9(-2.94 %),0,0,72000,712800000,23288382,12.61
14/10/2015,10000,99000000,9.8(-1.01 %),10000,99000000,0,0,23278382,12.62
15/10/2015,10000,98000000,10(2.04 %),10000,98000000,0,0,23268382,12.64
16/10/2015,-2430,-24300000,9.9(-1.00 %),1450,14500000,3880,38800000,23270812,12.64
19/10/2015,-10000,-101000000,10(1.01 %),0,0,10000,101000000,23280812,12.62
20/10/2015,-35000,-348000000,10.1(1.00 %),5000,50000000,40000,398000000,23315812,12.57
21/10/2015,-29530,-295200000,9.9(-1.98 %),0,0,29530,295200000,23345342,12.52
22/10/2015,-39350,-393300000,9.9(0.00 %),0,0,39350,393300000,23384692,12.46
23/10/2015,-60000,-592700000,9.8(-1.01 %),0,0,60000,592700000,23444692,12.36
26/10/2015,-13640,-135340000,9.8(0.00 %),18000,176400000,31640,311740000,23458332,12.34
27/10/2015,0,0,9.7(-1.02 %),0,0,0,0,23458332,12.34
28/10/2015,0,0,9.6(-1.03 %),0,0,0,0,23458332,12.34
29/10/2015,5000,48500000,9.6(0.00 %),5000,48500000,0,0,23453332,12.35
30/10/2015,1000,9500000,9.5(-1.04 %),1000,9500000,0,0,23452332,12.35
02/11/2015,0,0,9.7(2.11 %),0,0,0,0,23452332,12.35
03/11/2015,5100,49470000,9.6(-1.03 %),5100,49470000,0,0,23447232,12.36
04/11/2015,-5000,-48500000,9.6(0.00 %),0,0,5000,48500000,23452232,12.35
05/11/2015,5000,48000000,9.7(1.04 %),5000,48000000,0,0,23447232,12.36
06/11/2015,0,0,9.6(-1.03 %),0,0,0,0,23447232,12.36
09/11/2015,-80800,-756020000,9.3(-3.12 %),0,0,80800,756020000,23528032,12.23
10/11/2015,-300,-2790000,9.3(0.00 %),0,0,300,2790000,23528332,12.23
11/11/2015,2500,23250000,9.4(1.08 %),2500,23250000,0,0,23525832,12.24
12/11/2015,6500,60450000,9.4(0.00 %),6500,60450000,0,0,23519332,12.25
13/11/2015,0,0,9.7(3.19 %),0,0,0,0,23519332,12.25
16/11/2015,0,0,9.6(-1.03 %),0,0,0,0,23519332,12.25
17/11/2015,9210,91680000,9.9(3.12 %),9210,91680000,0,0,23510122,12.26
18/11/2015,-149680,-1554860000,10.4(5.05 %),0,0,149680,1554860000,23659802,12.03
19/11/2015,0,0,10.9(4.81 %),0,0,0,0,23659802,12.03
20/11/2015,-4210,-45770000,10.8(-0.92 %),0,0,4210,45770000,23664012,12.02
23/11/2015,5000,57500000,11.5(6.48 %),5000,57500000,0,0,23659012,12.03
24/11/2015,-156970,-1847640000,11.8(2.61 %),0,0,156970,1847640000,23654802,12.04
25/11/2015,-3000,-35100000,11.7(-0.85 %),0,0,3000,35100000,23654802,12.04
26/11/2015,-76070,-897410000,11.7(0.00 %),0,0,76070,897410000,23659012,12.03
27/11/2015,-7000,-80500000,11.2(-4.27 %),0,0,7000,80500000,23666012,12.02
30/11/2015,10000,108000000,10.5(-6.25 %),10000,108000000,0,0,23805982,11.8
01/12/2015,0,0,10.7(1.90 %),0,0,0,0,23808982,11.79
02/12/2015,-1070,-11450000,11.2(4.67 %),0,0,1070,11450000,23885052,11.68
03/12/2015,0,0,11.1(-0.89 %),0,0,0,0,23892052,11.66
04/12/2015,0,0,11(-0.90 %),0,0,0,0,23892052,11.66
07/12/2015,0,0,11.1(0.91 %),0,0,0,0,23892052,11.66
08/12/2015,-100,-1100000,11.1(0.00 %),0,0,100,1100000,23893122,11.66
09/12/2015,-211840,-2414090000,11.2(0.90 %),5000,57500000,216840,2471590000,23888122,11.67
10/12/2015,3280,37060000,11(-1.79 %),3280,37060000,0,0,23884842,11.68
11/12/2015,0,0,11(0.00 %),0,0,0,0,23884842,11.68
14/12/2015,-13100,-141860000,10.6(-3.64 %),10000,109000000,23100,250860000,23874942,11.69
15/12/2015,0,0,10.7(0.94 %),0,0,0,0,24091782,11.35
16/12/2015,0,0,10.6(-0.93 %),0,0,0,0,24091782,11.35
17/12/2015,40,420000,10.6(0.00 %),40,420000,0,0,24091742,11.35
18/12/2015,0,0,10.5(-0.94 %),0,0,0,0,24114842,11.32
21/12/2015,0,0,10.3(-1.90 %),0,0,0,0,24114842,11.32
22/12/2015,-2600,-26780000,10.5(1.94 %),0,0,2600,26780000,24114842,11.32
23/12/2015,0,0,10(0.00 %),0,0,0,0,24114842,11.32
24/12/2015,0,0,9.9(-1.00 %),0,0,0,0,24114842,11.32
25/12/2015,0,0,9.5(-4.04 %),0,0,0,0,24114842,11.32
28/12/2015,-131510,-1217080000,9.2(-3.16 %),0,0,131510,1217080000,24117442,11.31
29/12/2015,2000,18600000,9.4(2.17 %),2000,18600000,0,0,24115442,11.32
30/12/2015,300,2910000,9.5(1.06 %),300,2910000,0,0,24115142,11.32
31/12/2015,0,0,9.5(0.00 %),0,0,0,0,24115142,11.32
04/01/2016,10050,95150000,9.3(-2.11 %),10150,96110000,100,960000,24236502,11.13
05/01/2016,4400,40920000,9.3(0.00 %),4400,40920000,0,0,24232102,11.13
06/01/2016,8000,76500000,9.6(3.23 %),8000,76500000,0,0,24224102,11.15
07/01/2016,800,7600000,9.4(-2.08 %),800,7600000,0,0,24223402,11.15
08/01/2016,6700,61590000,9.3(-1.06 %),6700,61590000,0,0,24216702,11.16
11/01/2016,-4900,-45570000,9.2(-1.08 %),100,930000,5000,46500000,24216602,11.16
12/01/2016,-3500,-31950000,9.4(2.17 %),1500,14050000,5000,46000000,24215102,11.16
13/01/2016,3260,30540000,9.5(1.06 %),3260,30540000,0,0,24211842,11.17
14/01/2016,500,4750000,9.5(0.00 %),500,4750000,0,0,24216342,11.16
15/01/2016,-2250,-21140000,9.1(-4.21 %),0,0,2250,21140000,24221342,11.15
18/01/2016,12000,104400000,8.7(-4.40 %),12000,104400000,0,0,24209342,11.17
19/01/2016,11000,95700000,8.8(1.15 %),11000,95700000,0,0,24198342,11.19
20/01/2016,9000,79200000,8.5(-3.41 %),10000,88000000,1000,8800000,24190592,11.2
21/01/2016,45500,381310000,8.3(-2.35 %),46220,387430000,720,6120000,24144372,11.27
22/01/2016,55460,461820000,8.6(3.61 %),58000,482900000,2540,21080000,24086377,11.36
25/01/2016,44000,401640000,9.2(6.98 %),44000,401640000,0,0,24044097,11.43
26/01/2016,-7490,-67410000,9(-2.17 %),0,0,7490,67410000,24044097,11.43
27/01/2016,-89510,-806090000,9(0.00 %),0,0,89510,806090000,24046637,11.42
28/01/2016,0,0,9(0.00 %),0,0,0,0,24046637,11.42
29/01/2016,-10000,-91000000,8.9(-1.11 %),0,0,10000,91000000,24054127,11.41
01/02/2016,0,0,8.9(0.00 %),0,0,0,0,24143637,11.27
02/02/2016,-5020,-47190000,9.4(5.62 %),0,0,5020,47190000,24143637,11.27
03/02/2016,0,0,9.2(-2.13 %),0,0,0,0,24153637,11.26
04/02/2016,0,0,9.2(0.00 %),0,0,0,0,24153637,11.26
05/02/2016,0,0,9.1(-1.09 %),0,0,0,0,24158657,11.25
15/02/2016,-19300,-173700000,8.9(-2.20 %),700,6300000,20000,180000000,24157957,11.25
16/02/2016,0,0,9(1.12 %),0,0,0,0,24157957,11.25
17/02/2016,0,0,8.8(-2.22 %),0,0,0,0,24157957,11.25
18/02/2016,-13280,-117860000,9(2.27 %),0,0,13280,117860000,24177957,11.22
19/02/2016,-13000,-116940000,9(0.00 %),0,0,13000,116940000,24177957,11.22
22/02/2016,-34000,-307700000,9.1(1.11 %),0,0,34000,307700000,24177957,11.22
23/02/2016,-20000,-183200000,9.1(0.00 %),0,0,20000,183200000,24191237,11.2
24/02/2016,0,0,9.1(0.00 %),0,0,0,0,24204237,11.18
25/02/2016,-20140,-180270000,8.9(-2.20 %),0,0,20140,180270000,24238237,11.12
26/02/2016,0,0,9(1.12 %),0,0,0,0,24258237,11.09
29/02/2016,0,0,8.9(-1.11 %),0,0,0,0,24258237,11.09
01/03/2016,0,0,8.8(-1.12 %),0,0,0,0,24278377,11.06
02/03/2016,-38000,-335790000,8.8(0.00 %),0,0,38000,335790000,24278377,11.06
03/03/2016,-106220,-938840000,8.8(0.00 %),0,0,106220,938840000,24278377,11.06
04/03/2016,-30150,-268690000,9(2.27 %),0,0,30150,268690000,24278377,11.06
07/03/2016,-15000,-135000000,9(0.00 %),5000,45000000,20000,180000000,24311377,11.01
08/03/2016,-20000,-178240000,8.9(-1.11 %),0,0,20000,178240000,24417597,10.84
09/03/2016,-280,-2490000,8.9(0.00 %),300,2670000,580,5160000,24447447,10.8
10/03/2016,-20000,-184090000,9.5(6.74 %),0,0,20000,184090000,24467447,10.77
11/03/2016,-72040,-689240000,9.5(0.00 %),4000,38800000,76040,728040000,24483447,10.74
14/03/2016,-61800,-577430000,9.4(-1.05 %),1800,17100000,63600,594530000,24482227,10.74
15/03/2016,-111400,-1018660000,9.1(-3.19 %),0,0,111400,1018660000,24502227,10.71
16/03/2016,-135000,-1241070000,9.2(1.10 %),0,0,135000,1241070000,24578267,10.59
17/03/2016,-146960,-1362510000,9.2(0.00 %),0,0,146960,1362510000,24641867,10.49
18/03/2016,-34490,-317310000,9.1(-1.09 %),0,0,34490,317310000,24753267,10.32
21/03/2016,0,0,9.1(0.00 %),0,0,0,0,24888267,10.11
22/03/2016,-85000,-765350000,9.1(0.00 %),0,0,85000,765350000,25035227,9.88
23/03/2016,-65000,-585000000,9(-1.10 %),0,0,65000,585000000,25069717,9.82
24/03/2016,-20000,-182110000,9.2(2.22 %),0,0,20000,182110000,25069717,9.82
25/03/2016,-20000,-181060000,9(-2.17 %),0,0,20000,181060000,25154717,9.69
28/03/2016,0,0,9(0.00 %),0,0,0,0,25219717,9.59
29/03/2016,0,0,8.8(-2.22 %),0,0,0,0,25239717,9.56
30/03/2016,200,1760000,8.9(1.14 %),200,1760000,0,0,25259517,9.53
31/03/2016,0,0,8.7(-2.25 %),0,0,0,0,25259517,9.53
01/04/2016,-19800,-170280000,8.5(-2.30 %),200,1720000,20000,172000000,25259317,9.53
04/04/2016,0,0,8.5(0.00 %),0,0,0,0,25259317,9.53
05/04/2016,0,0,8.5(0.00 %),0,0,0,0,25259317,9.53
06/04/2016,-20000,-168590000,8.5(0.00 %),0,0,20000,168590000,25279317,9.5
07/04/2016,0,0,8.7(2.35 %),0,0,0,0,25279317,9.5
08/04/2016,-20000,-172710000,8.6(-1.15 %),0,0,20000,172710000,25279317,9.5
11/04/2016,-20000,-175420000,8.7(1.16 %),0,0,20000,175420000,25299317,9.47
12/04/2016,0,0,8.8(1.15 %),0,0,0,0,25299317,9.47
13/04/2016,-20000,-174830000,8.7(-1.14 %),0,0,20000,174830000,25319317,9.43
14/04/2016,0,0,9.3(6.90 %),0,0,0,0,25339317,9.4
15/04/2016,3000,29400000,9.6(3.23 %),3000,29400000,0,0,25336317,9.41
19/04/2016,-84790,-790200000,9.3(-3.12 %),2960,27920000,87750,818120000,25353357,9.38
20/04/2016,-20000,-185040000,9.2(-1.08 %),0,0,20000,185040000,25353357,9.38
21/04/2016,0,0,9.3(1.09 %),0,0,0,0,25353357,9.38
22/04/2016,3000,28200000,9.3(0.00 %),3000,28200000,0,0,25438107,9.25
25/04/2016,1000,9200000,9.3(0.00 %),1000,9200000,0,0,25457107,9.22
26/04/2016,0,0,9.1(-2.15 %),0,0,0,0,25457107,9.22
27/04/2016,-8300,-75100000,9(-1.10 %),0,0,8300,75100000,25457107,9.22
28/04/2016,0,0,9(0.00 %),0,0,0,0,25457107,9.22
29/04/2016,0,0,9(0.00 %),0,0,0,0,25457107,9.22
04/05/2016,-22630,-201800000,9(0.00 %),0,0,22630,201800000,25465407,9.21
05/05/2016,0,0,8.9(-1.11 %),0,0,0,0,25465407,9.21
06/05/2016,0,0,9(1.12 %),0,0,0,0,25465407,9.21
09/05/2016,0,0,8.9(-1.11 %),0,0,0,0,25488037,9.17
10/05/2016,-20000,-176070000,8.8(-1.12 %),0,0,20000,176070000,25488037,9.17
11/05/2016,-20000,-179290000,9(2.27 %),0,0,20000,179290000,25488037,9.17
12/05/2016,-20000,-182000000,9.1(1.11 %),0,0,20000,182000000,25488037,9.17
13/05/2016,0,0,9(-1.10 %),0,0,0,0,25508037,9.14
16/05/2016,-20000,-180250000,9(0.00 %),0,0,20000,180250000,25528037,9.11
17/05/2016,0,0,9.1(1.11 %),0,0,0,0,25548037,9.08
18/05/2016,0,0,9.1(0.00 %),0,0,0,0,25548037,9.08
19/05/2016,-20570,-186140000,9.1(0.00 %),0,0,20570,186140000,25568037,9.05
20/05/2016,11000,100220000,9(-1.10 %),31000,281100000,20000,180880000,25537037,9.09
23/05/2016,-5000,-45350000,9(0.00 %),15000,135000000,20000,180350000,25522037,9.12
24/05/2016,28000,251290000,9.1(1.11 %),48000,432000000,20000,180710000,25494607,9.16
25/05/2016,0,0,9.1(0.00 %),0,0,0,0,25514607,9.13
26/05/2016,0,0,9.1(0.00 %),0,0,0,0,25534616,9.1
27/05/2016,21800,198380000,9.1(0.00 %),21800,198380000,0,0,25532816,9.1
30/05/2016,0,0,9.1(0.00 %),0,0,0,0,25532816,9.1
31/05/2016,0,0,9.4(3.30 %),0,0,0,0,25532816,9.1
01/06/2016,0,0,9.5(1.06 %),0,0,0,0,25532816,9.1
02/06/2016,-277700,-2587610000,9.5(0.00 %),0,0,277700,2587610000,25810516,8.67
03/06/2016,-126000,-1179300000,9.3(-2.11 %),0,0,126000,1179300000,25532816,9.1
06/06/2016,6000,55700000,9.1(-2.15 %),21000,195200000,15000,139500000,25511816,9.13
07/06/2016,32000,292790000,9.3(2.20 %),32000,292790000,0,0,25757516,8.75
08/06/2016,-11770,-109780000,9.3(0.00 %),23200,215440000,34970,325220000,25860316,8.59
09/06/2016,39470,363720000,9.2(-1.08 %),53500,494200000,14030,130480000,25821816,8.65
10/06/2016,-83000,-774600000,9.3(1.09 %),27000,248400000,110000,1023000000,25794816,8.69
13/06/2016,-27990,-258610000,9.1(-2.15 %),33010,302590000,61000,561200000,25796776,8.69
14/06/2016,-43000,-395600000,9.1(0.00 %),0,0,43000,395600000,25810806,8.67
15/06/2016,0,0,8.9(4.70 %),0,0,0,0,25920806,8.49
16/06/2016,0,0,8.8(-1.12 %),0,0,0,0,25981806,8.4
17/06/2016,-147000,-1307700000,8.8(0.00 %),0,0,147000,1307700000,26024806,8.33
20/06/2016,-59700,-530630000,8.8(0.00 %),1300,11570000,61000,542200000,26023514,8.33
21/06/2016,-188000,-1666900000,8.8(0.00 %),0,0,188000,1666900000,26023514,8.33
22/06/2016,-27000,-240300000,8.9(1.14 %),0,0,27000,240300000,26170514,8.1
23/06/2016,-47000,-423230000,9(1.12 %),0,0,47000,423230000,26231514,8.01
24/06/2016,-15490,-136960000,8.9(-1.11 %),18000,162000000,33490,298960000,26401514,7.74
27/06/2016,5000,43000000,8.7(-2.25 %),5000,43000000,0,0,26423514,7.71
28/06/2016,300,2640000,8.7(0.00 %),300,2640000,0,0,26470214,7.64
29/06/2016,-3710,-33020000,8.9(2.30 %),0,0,3710,33020000,26503704,7.58
30/06/2016,-163800,-1505160000,9.1(2.25 %),25000,229000000,188800,1734160000,26478704,7.62
01/07/2016,-134850,-1247310000,9.2(1.10 %),3000,28200000,137850,1275510000,26475704,7.63
04/07/2016,-170000,-1599970000,9.6(4.35 %),0,0,170000,1599970000,26479414,7.62
05/07/2016,-212000,-2010700000,9.4(-2.08 %),0,0,212000,2010700000,26668214,7.33
06/07/2016,-82110,-777860000,9.5(1.06 %),0,0,82110,777860000,26806064,7.11
07/07/2016,-93890,-930310000,9.9(4.21 %),35000,342000000,128890,1272310000,26941064,6.9
08/07/2016,0,0,9.7(-2.02 %),0,0,0,0,27153064,6.57
11/07/2016,-200000,-1895560000,9.4(-3.09 %),0,0,200000,1895560000,27153064,6.57
12/07/2016,-90000,-841150000,9.4(0.00 %),0,0,90000,841150000,29184897,6.82
13/07/2016,0,0,9.4(0.00 %),0,0,0,0,29184897,6.38
14/07/2016,-200,-1880000,9.3(-1.06 %),0,0,200,1880000,29384897,5.71
15/07/2016,0,0,9.4(1.08 %),0,0,0,0,29474897,5.59
18/07/2016,1300,12090000,9.4(0.00 %),1300,12090000,0,0,29473597,5.59
19/07/2016,4120,38730000,9.4(0.00 %),4120,38730000,0,0,29469677,5.59
20/07/2016,0,0,9.2(-2.13 %),0,0,0,0,29469677,5.59
21/07/2016,4140,38090000,9.2(0.00 %),4140,38090000,0,0,29465537,5.6
22/07/2016,-158590,-1424710000,9(-2.17 %),0,0,158590,1424710000,29465543,5.6
25/07/2016,-50,-450000,9.1(1.11 %),0,0,50,450000,29465543,5.6
26/07/2016,-50,-470000,9.2(1.10 %),0,0,50,470000,29465543,5.6
27/07/2016,19800,188100000,9.4(2.17 %),20000,190000000,200,1900000,29604133,5.41
28/07/2016,0,0,9.5(1.06 %),0,0,0,0,29604183,5.41
29/07/2016,25000,240000000,9.4(-1.05 %),25000,240000000,0,0,29579239,5.8
01/08/2016,-10000,-93000000,9.2(-2.13 %),0,0,10000,93000000,29579439,5.8
02/08/2016,-16040,-144860000,9.1(-1.09 %),0,0,16040,144860000,29579439,5.8
03/08/2016,-25010,-223090000,8.9(-2.20 %),0,0,25010,223090000,29579439,5.8
04/08/2016,0,0,8.8(-1.12 %),0,0,0,0,29589439,5.79
05/08/2016,0,0,8.8(0.00 %),0,0,0,0,29605479,5.76
08/08/2016,19500,171600000,8.9(1.14 %),19500,171600000,0,0,29610989,5.75
09/08/2016,0,0,9(1.12 %),0,0,0,0,29610998,5.75
10/08/2016,0,0,8.9(-1.11 %),0,0,0,0,29610998,5.75
11/08/2016,0,0,8.9(0.00 %),0,0,0,0,29610998,5.75
12/08/2016,0,0,8.9(0.00 %),0,0,0,0,29610998,5.75
15/08/2016,21000,186900000,8.9(0.00 %),21000,186900000,0,0,29589998,5.78
16/08/2016,5000,45000000,9(1.12 %),5000,45000000,0,0,29584998,5.79
17/08/2016,2010,18490000,9.3(3.33 %),2010,18490000,0,0,29582988,5.79
18/08/2016,2000,18800000,9.1(-2.15 %),2000,18800000,0,0,29580988,5.8
19/08/2016,-21000,-189000000,9.1(0.00 %),0,0,21000,189000000,29580988,5.8
22/08/2016,0,0,9(-1.10 %),0,0,0,0,29580988,5.8
23/08/2016,0,0,9(0.00 %),0,0,0,0,29580988,5.8
24/08/2016,0,0,8.9(-1.11 %),0,0,0,0,29601988,5.77
25/08/2016,0,0,8.9(0.00 %),0,0,0,0,29601988,5.77
26/08/2016,5000,45000000,9(1.12 %),5000,45000000,0,0,29596988,5.77
29/08/2016,0,0,9(0.00 %),0,0,0,0,29596988,5.77
30/08/2016,0,0,9(0.00 %),0,0,0,0,29596988,5.77
31/08/2016,0,0,9(0.00 %),0,0,0,0,29596988,5.77
01/09/2016,55000,495000000,8.8(-2.22 %),55000,495000000,0,0,29541988,5.85
05/09/2016,0,0,8.9(1.14 %),0,0,0,0,29541988,5.85
06/09/2016,0,0,8.8(-1.12 %),0,0,0,0,29541988,5.85
07/09/2016,0,0,8.8(0.00 %),0,0,0,0,29541990,5.85
08/09/2016,-2000,-17400000,8.9(1.14 %),2000,17400000,4000,34800000,29539990,5.86
09/09/2016,0,0,8.9(0.00 %),0,0,0,0,29539990,5.86
12/09/2016,3500,30610000,8.73(-1.91 %),8500,74450000,5000,43840000,29531490,5.87
13/09/2016,5000,43500000,8.73(0.00 %),5000,43500000,0,0,29530490,5.87
14/09/2016,5700,48680000,8.5(-2.63 %),5700,48680000,0,0,29524790,5.88
15/09/2016,200,1700000,8.5(0.00 %),200,1700000,0,0,29529590,5.87
16/09/2016,0,0,8.63(1.53 %),0,0,0,0,29529590,5.87
19/09/2016,0,0,8.7(0.81 %),0,0,0,0,29529590,5.87
20/09/2016,-600,-5170000,8.6(-1.15 %),0,0,600,5170000,29529590,5.87
21/09/2016,5000,43300000,8.65(0.58 %),5000,43300000,0,0,29524590,5.88
22/09/2016,400,3440000,8.7(0.58 %),400,3440000,0,0,29524190,5.88
23/09/2016,0,0,8.69(-0.11 %),0,0,0,0,29524790,5.88
26/09/2016,1300,11170000,8.55(-1.61 %),1300,11170000,0,0,29523490,5.88
27/09/2016,-4950,-42360000,8.5(-0.58 %),400,3380000,5350,45740000,29523090,5.88
28/09/2016,-600,-5100000,8.55(0.59 %),0,0,600,5100000,29523090,5.88
29/09/2016,-4410,-37930000,8.55(0.00 %),0,0,4410,37930000,29523090,5.88
30/09/2016,0,0,8.55(0.00 %),0,0,0,0,29528440,5.87
03/10/2016,0,0,8.5(-0.58 %),0,0,0,0,29529040,5.87
04/10/2016,0,0,8.49(-0.12 %),0,0,0,0,29533450,5.87
05/10/2016,10000,84900000,8.5(0.12 %),10000,84900000,0,0,29523450,5.88
06/10/2016,0,0,8.53(0.35 %),0,0,0,0,29523450,5.88
07/10/2016,0,0,8.6(0.82 %),0,0,0,0,29523450,5.88
10/10/2016,0,0,8.6(0.00 %),0,0,0,0,29523450,5.88
11/10/2016,3000,25630000,8.55(-0.58 %),3000,25630000,0,0,29520450,5.89
12/10/2016,9000,78090000,8.56(0.12 %),9000,78090000,0,0,29511450,5.9
13/10/2016,-11460,-98180000,8.56(0.00 %),2270,19510000,13730,117690000,29509180,5.9
14/10/2016,800,6860000,8.58(0.23 %),800,6860000,0,0,29508380,5.9
17/10/2016,-960,-8260000,8.5(-0.93 %),0,0,960,8260000,29508380,5.9
18/10/2016,-125600,-1044940000,8.31(-2.24 %),0,0,125600,1044940000,29522110,5.88
19/10/2016,0,0,8.37(0.72 %),0,0,0,0,29522091,5.88
20/10/2016,0,0,8.49(1.43 %),0,0,0,0,29523051,5.88
21/10/2016,-100,-840000,8.32(-2.00 %),0,0,100,840000,29648651,5.7
24/10/2016,300,2490000,8.3(-0.24 %),300,2490000,0,0,29648351,5.7
25/10/2016,0,0,8.3(0.00 %),0,0,0,0,29648351,5.7
26/10/2016,2250,18590000,8.25(-0.60 %),2250,18590000,0,0,29646201,5.7
27/10/2016,0,0,8.33(0.97 %),0,0,0,0,29646201,5.7
28/10/2016,-20000,-164000000,8.3(-0.36 %),0,0,20000,164000000,29646201,5.7
31/10/2016,0,0,8.1(-2.41 %),0,0,0,0,29646208,5.7
01/11/2016,0,0,8(-1.23 %),0,0,0,0,29646208,5.7
02/11/2016,-115400,-910660000,8(0.00 %),0,0,115400,910660000,29666208,5.67
03/11/2016,-12100,-93310000,7.9(-1.25 %),0,0,12100,93310000,29666208,5.67
04/11/2016,0,0,7.85(-0.63 %),0,0,0,0,29666208,5.67
07/11/2016,0,0,7.8(-0.64 %),0,0,0,0,29781608,5.5
08/11/2016,0,0,7.8(0.00 %),0,0,0,0,29793708,5.49
09/11/2016,100,780000,7.7(-1.28 %),100,780000,0,0,29793608,5.49
10/11/2016,0,0,7.85(1.95 %),0,0,0,0,29793615,5.49
11/11/2016,-450,-3510000,7.85(0.00 %),0,0,450,3510000,29793615,5.49
14/11/2016,-1640,-12690000,7.8(-0.64 %),0,0,1640,12690000,29793615,5.49
15/11/2016,-1640,-12700000,7.8(0.00 %),0,0,1640,12700000,29793611,5.49
16/11/2016,-1760,-14160000,8.3(6.41 %),0,0,1760,14160000,29794061,5.49
17/11/2016,-1760,-14170000,8.27(-0.36 %),0,0,1760,14170000,29795701,5.48
18/11/2016,-20760,-160530000,7.98(-3.51 %),0,0,20760,160530000,29797341,5.48
21/11/2016,0,0,7.8(-2.26 %),0,0,0,0,29799101,5.48
22/11/2016,0,0,7.95(1.92 %),0,0,0,0,29800861,5.48
23/11/2016,0,0,7.82(-1.64 %),0,0,0,0,29821621,5.45
24/11/2016,0,0,7.88(0.77 %),0,0,0,0,29821621,5.45
25/11/2016,0,0,7.88(0.00 %),0,0,0,0,29821621,5.45
28/11/2016,0,0,7.86(-0.25 %),0,0,0,0,29821621,5.45
29/11/2016,0,0,7.83(-0.38 %),0,0,0,0,29821621,5.45
30/11/2016,100,790000,7.7(-1.66 %),100,790000,0,0,29821521,5.45
01/12/2016,0,0,7.77(0.91 %),0,0,0,0,29821521,5.45
02/12/2016,0,0,7.8(0.39 %),0,0,0,0,29821521,5.45
05/12/2016,0,0,7.79(-0.13 %),0,0,0,0,29821521,5.45
06/12/2016,0,0,7.75(-0.51 %),0,0,0,0,29821521,5.45
07/12/2016,0,0,7.75(0.00 %),0,0,0,0,29821521,5.45
08/12/2016,0,0,7.75(0.00 %),0,0,0,0,29821521,5.45
09/12/2016,0,0,7.7(-0.65 %),0,0,0,0,29821521,5.45
12/12/2016,0,0,7.7(0.00 %),0,0,0,0,29821521,5.45
13/12/2016,0,0,7.7(0.00 %),0,0,0,0,29821521,5.45
14/12/2016,0,0,7.7(0.00 %),0,0,0,0,29821521,5.45
15/12/2016,100,780000,7.7(0.00 %),100,780000,0,0,29821421,5.45
16/12/2016,0,0,7.74(0.52 %),0,0,0,0,29821421,5.45
19/12/2016,0,0,7.74(0.00 %),0,0,0,0,29821421,5.45
20/12/2016,0,0,7.75(0.13 %),0,0,0,0,29821421,5.45
21/12/2016,0,0,7.74(-0.13 %),0,0,0,0,29821421,5.45
22/12/2016,0,0,7.74(0.00 %),0,0,0,0,29821421,5.45
23/12/2016,100,770000,7.75(0.13 %),100,770000,0,0,29821321,5.45
26/12/2016,0,0,7.74(-0.13 %),0,0,0,0,29821321,5.45
27/12/2016,0,0,7.6(-1.81 %),0,0,0,0,29821321,5.45
28/12/2016,0,0,7.6(0.00 %),0,0,0,0,29821321,5.45
29/12/2016,430,3230000,7.65(0.66 %),430,3230000,0,0,29820891,5.45
30/12/2016,0,0,7.9(3.27 %),0,0,0,0,29820891,5.45
03/01/2017,0,0,7.62(-3.54 %),0,0,0,0,29820891,5.45
04/01/2017,0,0,7.51(-1.44 %),0,0,0,0,29820891,5.45
05/01/2017,0,0,7.55(0.53 %),0,0,0,0,29820891,5.45
06/01/2017,0,0,7.5(-0.66 %),0,0,0,0,29820891,5.45
09/01/2017,0,0,7.5(0.00 %),0,0,0,0,29820891,5.45
10/01/2017,0,0,7.48(-0.27 %),0,0,0,0,29820891,5.45
11/01/2017,1000,7570000,7.45(-0.40 %),1000,7570000,0,0,29819891,5.45
12/01/2017,700,5230000,7.45(0.00 %),1000,7450000,300,2220000,29818891,5.45
13/01/2017,0,0,7.56(1.48 %),0,0,0,0,29818891,5.45
16/01/2017,-280,-2100000,7.5(-0.79 %),0,0,280,2100000,29818891,5.45
17/01/2017,-1270,-9530000,7.5(0.00 %),0,0,1270,9530000,29819191,5.45
18/01/2017,-6530,-48930000,7.5(0.00 %),0,0,6530,48930000,29819191,5.45
19/01/2017,-15120,-113180000,7.45(-0.67 %),0,0,15120,113180000,29819471,5.45
20/01/2017,-4400,-33130000,7.53(1.07 %),0,0,4400,33130000,29820741,5.45
23/01/2017,-4400,-33880000,7.7(2.26 %),0,0,4400,33880000,29827271,5.44
24/01/2017,-4400,-33480000,7.61(-1.17 %),0,0,4400,33480000,29842391,5.42
25/01/2017,-4400,-33570000,7.63(0.26 %),0,0,4400,33570000,29846791,5.41
02/02/2017,0,0,7.63(0.00 %),0,0,0,0,29851191,5.4
03/02/2017,0,0,7.6(-0.39 %),0,0,0,0,29855591,5.4
06/02/2017,0,0,7.5(-1.32 %),0,0,0,0,29859991,5.39
07/02/2017,0,0,7.4(-1.33 %),0,0,0,0,29860000,5.39
08/02/2017,3810,28670000,7.35(-0.68 %),5950,44330000,2140,15660000,29854050,5.4
09/02/2017,-320,-2370000,7.25(-1.36 %),0,0,320,2370000,29854054,5.4
10/02/2017,-30,-220000,7.35(1.38 %),0,0,30,220000,29854054,5.4
13/02/2017,-12210,-88520000,7.22(-1.77 %),0,0,12210,88520000,29856194,5.4
14/02/2017,0,0,7.28(0.83 %),0,0,0,0,29856514,5.4
15/02/2017,0,0,7.45(2.34 %),0,0,0,0,29856544,5.4
16/02/2017,1840,13930000,7.59(1.88 %),2000,15140000,160,1210000,29866754,5.38
17/02/2017,0,0,7.43(-2.11 %),0,0,0,0,29866754,5.38
20/02/2017,0,0,7.91(6.46 %),0,0,0,0,29866754,5.38
21/02/2017,-70,-560000,8.05(1.77 %),0,0,70,560000,29866914,5.38
22/02/2017,0,0,7.96(-1.12 %),0,0,0,0,29866914,5.38
23/02/2017,0,0,7.89(-0.88 %),0,0,0,0,29866914,5.38
24/02/2017,0,0,8(1.39 %),0,0,0,0,29866984,5.38
27/02/2017,0,0,8.39(4.88 %),0,0,0,0,29866985,5.38
28/02/2017,0,0,8.26(-1.55 %),0,0,0,0,29866985,5.38
01/03/2017,-250,-2090000,8.3(0.48 %),0,0,250,2090000,29866985,5.38
02/03/2017,40,330000,8.19(-1.33 %),40,330000,0,0,29866945,5.38
03/03/2017,0,0,8.11(-0.98 %),0,0,0,0,29866945,5.38
06/03/2017,10000,81250000,8.2(1.11 %),10000,81250000,0,0,29857195,5.39
07/03/2017,1000,7990000,7.97(-2.80 %),1000,7990000,0,0,29856195,5.4
08/03/2017,0,0,7.99(0.25 %),0,0,0,0,29856195,5.4
09/03/2017,0,0,7.37(2.50 %),0,0,0,0,29856195,5.4
10/03/2017,5860,42840000,7.36(-0.14 %),6000,43870000,140,1030000,29850195,5.4
13/03/2017,7200,52800000,7.3(-0.82 %),7200,52800000,0,0,29843004,5.42
14/03/2017,0,0,7.3(0.00 %),0,0,0,0,29843004,5.42
15/03/2017,0,0,7.32(0.27 %),0,0,0,0,29843144,5.41
16/03/2017,-92730,-670790000,7.27(-0.68 %),1000,7300000,93730,678090000,29842144,5.42
17/03/2017,3230,23580000,7.33(0.83 %),3230,23580000,0,0,29842144,5.42
20/03/2017,1000,7350000,7.5(2.32 %),1000,7350000,0,0,29842144,5.42
21/03/2017,0,0,7.45(-0.67 %),0,0,0,0,29842144,5.42
22/03/2017,12890,94070000,7.28(-2.28 %),12890,94070000,0,0,29842144,5.42
23/03/2017,0,0,7.3(0.27 %),0,0,0,0,29842144,5.42
24/03/2017,500,3680000,7.3(0.00 %),500,3680000,0,0,29842144,5.42
27/03/2017,1500,10970000,7.28(-0.27 %),1500,10970000,0,0,29842144,5.42
28/03/2017,500,3660000,7.32(0.55 %),500,3660000,0,0,29842144,5.42
29/03/2017,0,0,7.32(0.00 %),0,0,0,0,29842144,5.42
30/03/2017,5000,36800000,7.35(0.41 %),5000,36800000,0,0,29842144,5.42
31/03/2017,500,3680000,7.3(-0.68 %),500,3680000,0,0,29842144,5.42
03/04/2017,0,0,7.27(-0.41 %),0,0,0,0,29910754,5.32
04/04/2017,0,0,7.24(-0.41 %),0,0,0,0,29910754,5.32
05/04/2017,0,0,7.29(0.69 %),0,0,0,0,29910754,5.32
07/04/2017,0,0,7.29(0.00 %),0,0,0,0,29910754,5.32
10/04/2017,110,790000,7.29(0.00 %),110,790000,0,0,29910644,5.32
11/04/2017,80,580000,7.3(0.14 %),80,580000,0,0,29910564,5.32
12/04/2017,0,0,7.35(0.68 %),0,0,0,0,29910564,5.32
13/04/2017,620,4560000,7.35(0.00 %),620,4560000,0,0,29909944,5.32
14/04/2017,40,290000,7.39(0.54 %),40,290000,0,0,29909904,5.32
17/04/2017,150,1100000,7.2(-2.57 %),150,1100000,0,0,29909754,5.32
18/04/2017,-104560,-747000000,7.2(0.00 %),3390,24210000,107950,771210000,29906364,5.32
19/04/2017,0,0,7.31(1.53 %),0,0,0,0,29906364,5.32
20/04/2017,0,0,7.21(-1.37 %),0,0,0,0,29906364,5.32
21/04/2017,0,0,7.1(-1.53 %),0,0,0,0,30014314,5.16
24/04/2017,-19700,-137900000,6.9(-2.82 %),300,2100000,20000,140000000,30014014,5.17
25/04/2017,0,0,6.85(-0.72 %),0,0,0,0,30014014,5.17
26/04/2017,0,0,6.82(-0.44 %),0,0,0,0,30014014,5.17
27/04/2017,-1500,-10500000,7(2.64 %),0,0,1500,10500000,30034014,5.14
28/04/2017,0,0,6.9(-1.43 %),0,0,0,0,30034014,5.14
03/05/2017,0,0,7(1.45 %),0,0,0,0,30034014,5.14
04/05/2017,200,1380000,6.9(-1.43 %),200,1380000,0,0,30035314,5.13
05/05/2017,0,0,6.85(-0.72 %),0,0,0,0,30035314,5.13
08/05/2017,0,0,7(2.19 %),0,0,0,0,30035314,5.13
09/05/2017,-6480,-45360000,6.99(-0.14 %),0,0,6480,45360000,30035314,5.13
10/05/2017,-10720,-74500000,7(0.14 %),0,0,10720,74500000,30035314,5.13
11/05/2017,0,0,6.95(-0.71 %),0,0,0,0,30035314,5.13
12/05/2017,0,0,7.08(1.87 %),0,0,0,0,30041794,5.12
15/05/2017,-480,-3630000,7.3(3.11 %),1660,11750000,2140,15380000,30050854,5.11
16/05/2017,9000,65700000,7.32(0.27 %),9000,65700000,0,0,30041854,5.12
17/05/2017,5000,36600000,7.1(-3.01 %),5000,36600000,0,0,30036854,5.13
18/05/2017,0,0,7.15(0.70 %),0,0,0,0,30038994,5.13
19/05/2017,0,0,7.32(2.38 %),0,0,0,0,30038994,5.13
22/05/2017,6500,47910000,7.32(0.00 %),6500,47910000,0,0,30032494,5.14
23/05/2017,30,220000,7.29(-0.41 %),30,220000,0,0,30032464,5.14
24/05/2017,0,0,7.21(-1.10 %),0,0,0,0,30032464,5.14
25/05/2017,0,0,7.25(0.55 %),0,0,0,0,30032464,5.14
26/05/2017,0,0,7.21(-0.55 %),0,0,0,0,30032464,5.14
29/05/2017,0,0,7.2(-0.14 %),0,0,0,0,30032464,5.14
30/05/2017,13000,93730000,7.2(0.00 %),13000,93730000,0,0,30019464,5.16
31/05/2017,0,0,7.15(-0.69 %),0,0,0,0,30019464,5.16
01/06/2017,0,0,7.19(0.56 %),0,0,0,0,30019464,5.16
02/06/2017,1350,9720000,7.18(-0.14 %),1350,9720000,0,0,30018114,5.16
05/06/2017,5950,42750000,7.16(-0.28 %),5950,42750000,0,0,30012164,5.17
06/06/2017,8180,58570000,7.14(-0.28 %),8180,58570000,0,0,30003984,5.18
07/06/2017,6710,48550000,7.4(3.64 %),8060,58190000,1350,9640000,29995924,5.19
08/06/2017,-5950,-45820000,7.91(6.89 %),0,0,5950,45820000,29995924,5.19
09/06/2017,-11030,-91520000,7.92(0.13 %),0,0,11030,91520000,29995924,5.19
12/06/2017,-9960,-81340000,8.1(2.27 %),100,820000,10060,82160000,29997183,5.19
13/06/2017,1750,14000000,8(-1.23 %),1750,14000000,0,0,30001383,5.18
14/06/2017,1000,7990000,7.8(-2.50 %),1000,7990000,0,0,30011413,5.17
15/06/2017,0,0,7.85(0.64 %),0,0,0,0,30021473,5.15
16/06/2017,0,0,7.55(-3.82 %),0,0,0,0,30021473,5.15
19/06/2017,-3000,-22770000,7.52(-0.40 %),0,0,3000,22770000,30021473,5.15
20/06/2017,0,0,7.88(4.79 %),0,0,0,0,30021473,5.15
21/06/2017,-5000,-38600000,7.75(-1.65 %),0,0,5000,38600000,30021478,5.15
22/06/2017,0,0,7.65(-1.29 %),0,0,0,0,30024478,5.15
23/06/2017,0,0,7.65(0.00 %),0,0,0,0,30024478,5.15
26/06/2017,4180,31850000,7.6(-0.65 %),4180,31850000,0,0,30025298,5.15
27/06/2017,-18710,-142240000,7.56(-0.53 %),0,0,18710,142240000,30025298,5.15
28/06/2017,0,0,7.51(-0.66 %),0,0,0,0,30025298,5.15
29/06/2017,0,0,7.55(0.53 %),0,0,0,0,30025298,5.15
30/06/2017,650,4860000,7.55(0.00 %),650,4860000,0,0,30043358,5.12
03/07/2017,0,0,7.69(1.85 %),0,0,0,0,30043358,5.12
04/07/2017,0,0,7.69(0.00 %),0,0,0,0,30043358,5.12
05/07/2017,-3430,-26070000,7.68(-0.13 %),0,0,3430,26070000,30043358,5.12
06/07/2017,0,0,7.99(4.04 %),0,0,0,0,30043358,5.12
07/07/2017,-4180,-33910000,7.9(-1.13 %),0,0,4180,33910000,30043358,5.12
10/07/2017,-10,-80000,7.85(-0.63 %),0,0,10,80000,30030898,5.14
11/07/2017,20070,158590000,7.9(0.64 %),20070,158590000,0,0,30026718,5.15
12/07/2017,0,0,7.9(0.00 %),0,0,0,0,30030898,5.14
13/07/2017,48000,379200000,7.98(1.01 %),48000,379200000,0,0,29982908,5.21
14/07/2017,45000,361350000,8.01(0.38 %),45000,361350000,0,0,29937908,5.28
17/07/2017,-570,-4520000,7.97(-0.50 %),0,0,570,4520000,29937908,5.28
18/07/2017,0,0,7.8(-2.13 %),0,0,0,0,29937908,5.28
19/07/2017,0,0,7.7(-1.28 %),0,0,0,0,29937908,5.28
20/07/2017,0,0,7.68(-0.26 %),0,0,0,0,29938478,5.28
21/07/2017,-30,-230000,7.71(0.39 %),0,0,30,230000,29938478,5.28
24/07/2017,4000,31000000,7.72(0.13 %),4000,31000000,0,0,29934478,5.28
25/07/2017,3000,23190000,7.71(-0.13 %),3000,23190000,0,0,29931478,5.29
26/07/2017,-19500,-149960000,7.75(0.52 %),0,0,19500,149960000,29931508,5.29
27/07/2017,0,0,7.7(-0.65 %),0,0,0,0,29931508,5.29
28/07/2017,0,0,7.65(-0.65 %),0,0,0,0,29931508,5.29
31/07/2017,-450,-3440000,7.49(-2.09 %),0,0,450,3440000,29951008,5.26
01/08/2017,0,0,7.5(0.13 %),0,0,0,0,29951008,5.26
02/08/2017,50000,374980000,7.6(1.33 %),50000,374980000,0,0,29901008,5.33
03/08/2017,30000,228100000,7.53(-0.92 %),30000,228100000,0,0,29871458,5.37
04/08/2017,132980,1020900000,7.7(2.26 %),132980,1020900000,0,0,29738478,5.57
07/08/2017,0,0,7.6(-1.30 %),0,0,0,0,29738478,5.57
08/08/2017,0,0,7.58(-0.26 %),0,0,0,0,29738478,5.57
09/08/2017,0,0,7.55(-0.40 %),0,0,0,0,29738478,5.57
10/08/2017,18630,140500000,7.5(-0.66 %),20000,150800000,1370,10300000,29718478,5.6
11/08/2017,70000,525000000,7.55(0.67 %),70000,525000000,0,0,29648478,5.7
14/08/2017,106000,795460000,7.54(-0.13 %),106000,795460000,0,0,29542478,5.85
15/08/2017,47630,357520000,7.5(-0.53 %),47630,357520000,0,0,29496218,5.92
16/08/2017,0,0,7.46(-0.53 %),0,0,0,0,29496218,5.92
17/08/2017,6370,47520000,7.39(-0.94 %),6370,47520000,0,0,29489848,5.93
18/08/2017,200,1490000,7.41(0.27 %),200,1490000,0,0,29489648,5.93
21/08/2017,1380,10080000,7.32(-1.21 %),1380,10080000,0,0,29488268,5.93
22/08/2017,128840,942660000,7.39(0.96 %),128840,942660000,0,0,29359428,6.12
23/08/2017,2320,17030000,7.4(0.14 %),2320,17030000,0,0,29357108,6.12
24/08/2017,4600,34100000,7.46(0.81 %),4600,34100000,0,0,29352508,6.13
25/08/2017,0,0,7.45(-0.13 %),0,0,0,0,29352508,6.13
28/08/2017,0,0,7.36(-1.21 %),0,0,0,0,29352508,6.13
29/08/2017,0,0,7.39(0.41 %),0,0,0,0,29352508,6.13
30/08/2017,-1000,-7380000,7.34(-0.68 %),0,0,1000,7380000,29352508,6.13
31/08/2017,0,0,7.3(-0.54 %),0,0,0,0,29352508,6.13
01/09/2017,0,0,7.23(-0.96 %),0,0,0,0,29352508,6.13
05/09/2017,10,70000,7.29(0.83 %),10,70000,0,0,29353498,6.13
06/09/2017,10,70000,7.32(0.41 %),10,70000,0,0,29353488,6.13
07/09/2017,10,70000,7.3(-0.27 %),10,70000,0,0,29353478,6.13
08/09/2017,10,70000,7.23(-0.96 %),10,70000,0,0,29353468,6.13
11/09/2017,0,0,7.29(0.83 %),0,0,0,0,29353468,6.13
12/09/2017,95240,694300000,7.24(-0.69 %),95240,694300000,0,0,29258228,6.27
13/09/2017,0,0,7.3(0.83 %),0,0,0,0,29258228,6.27
14/09/2017,7000,51100000,7.25(-0.68 %),7000,51100000,0,0,29251228,6.28
15/09/2017,0,0,7.23(-0.28 %),0,0,0,0,29251228,6.28
18/09/2017,30,220000,7.3(0.97 %),30,220000,0,0,29251198,6.28
19/09/2017,80520,591440000,7.36(0.82 %),80520,591440000,0,0,29170678,6.4
20/09/2017,160,1170000,7.34(-0.27 %),160,1170000,0,0,29170518,6.4
21/09/2017,2030,14840000,7.32(-0.27 %),2030,14840000,0,0,29168488,6.4
22/09/2017,0,0,7.25(-0.96 %),0,0,0,0,29168488,6.4
25/09/2017,30,220000,7.22(-0.41 %),30,220000,0,0,29168458,6.4
26/09/2017,0,0,7.22(0.00 %),0,0,0,0,29168458,6.4
27/09/2017,530,3860000,7.24(0.28 %),530,3860000,0,0,29167928,6.4
28/09/2017,-1090,-7890000,7.24(0.00 %),30,220000,1120,8110000,29167898,6.4
29/09/2017,30,220000,7.24(0.00 %),30,220000,0,0,29167868,6.4
02/10/2017,0,0,7.22(-0.28 %),0,0,0,0,29167868,6.4
03/10/2017,0,0,7.16(-0.83 %),0,0,0,0,29168988,6.4
04/10/2017,10,70000,7.17(0.14 %),10,70000,0,0,29168978,6.4
05/10/2017,70,500000,7.09(-1.12 %),70,500000,0,0,29168908,6.4
06/10/2017,130,920000,7.1(0.14 %),130,920000,0,0,29168778,6.4
09/10/2017,10,70000,7.1(0.00 %),10,70000,0,0,29168768,6.4
10/10/2017,-1690,-11920000,7.04(-0.85 %),20,140000,1710,12060000,29168748,6.4
11/10/2017,40,280000,7.03(-0.14 %),40,280000,0,0,29168708,6.4
12/10/2017,160,1130000,7.04(0.14 %),160,1130000,0,0,29168548,6.4
13/10/2017,0,0,7(-0.57 %),0,0,0,0,29170258,6.4
16/10/2017,0,0,6.98(-0.29 %),0,0,0,0,29170258,6.4
17/10/2017,40,280000,7.09(1.58 %),40,280000,0,0,29170218,6.4
18/10/2017,0,0,7.05(-0.56 %),0,0,0,0,29170218,6.4
19/10/2017,20,140000,7.04(-0.14 %),20,140000,0,0,29170198,6.4
20/10/2017,440,3100000,7.08(0.57 %),440,3100000,0,0,29169758,6.4
23/10/2017,50,350000,6.95(-1.84 %),50,350000,0,0,29169708,6.4
24/10/2017,40,280000,6.94(-0.14 %),40,280000,0,0,29169668,6.4
25/10/2017,10,70000,6.98(0.58 %),10,70000,0,0,29169658,6.4
26/10/2017,20,140000,6.9(-1.15 %),20,140000,0,0,29169638,6.4
27/10/2017,20,140000,6.81(-1.30 %),20,140000,0,0,29169618,6.4
30/10/2017,-18990,-130080000,6.85(0.59 %),10,70000,19000,130150000,29169608,6.4
31/10/2017,40,270000,6.85(0.00 %),40,270000,0,0,29169568,6.4
01/11/2017,20,140000,6.75(-1.46 %),20,140000,0,0,29169548,6.4
02/11/2017,10,70000,6.75(0.00 %),10,70000,0,0,29188538,6.37
03/11/2017,0,0,6.65(-1.48 %),0,0,0,0,29188538,6.37
06/11/2017,0,0,6.72(1.05 %),0,0,0,0,29188538,6.37
07/11/2017,0,0,6.8(1.19 %),0,0,0,0,29188538,6.37
08/11/2017,0,0,7.27(6.91 %),0,0,0,0,29188538,6.37
09/11/2017,5000,36500000,7.28(0.14 %),5000,36500000,0,0,29183538,6.38
10/11/2017,0,0,7.28(0.00 %),0,0,0,0,29183538,6.38
13/11/2017,10,70000,7.25(-0.41 %),10,70000,0,0,29183528,6.38
14/11/2017,-1000,-7500000,7.51(3.59 %),660,4950000,1660,12450000,29182868,6.38
15/11/2017,-4090,-30410000,7.33(-2.40 %),10,70000,4100,30480000,29182858,6.38
16/11/2017,2410,18010000,7.48(2.05 %),2410,18010000,0,0,29180448,6.38
17/11/2017,650,4940000,7.44(-0.53 %),650,4940000,0,0,29181458,6.38
20/11/2017,1330,10030000,7.59(2.02 %),2330,17480000,1000,7450000,29183228,6.38
21/11/2017,230,1730000,7.59(0.00 %),230,1730000,0,0,29182998,6.38
22/11/2017,-39880,-302680000,7.59(0.00 %),110,840000,39990,303520000,29182888,6.38
23/11/2017,20,150000,7.6(0.13 %),20,150000,0,0,29183868,6.38
24/11/2017,120,920000,7.81(2.76 %),120,920000,0,0,29183748,6.38
27/11/2017,-8160,-64550000,7.94(1.66 %),100,790000,8260,65340000,29223638,6.32
28/11/2017,550,4340000,7.89(-0.63 %),570,4500000,20,160000,29223068,6.32
29/11/2017,0,0,7.89(0.00 %),0,0,0,0,29223068,6.32
30/11/2017,-880,-7030000,8.1(2.66 %),120,960000,1000,7990000,29231208,6.31
01/12/2017,-75590,-607110000,8(-1.23 %),910,7370000,76500,614480000,29230318,6.31
04/12/2017,-249650,-1962720000,8(0.00 %),0,0,249650,1962720000,29230318,6.31
05/12/2017,-20120,-160960000,8(0.00 %),0,0,20120,160960000,29231318,6.31
06/12/2017,0,0,7.81(-2.38 %),0,0,0,0,29307818,6.2
07/12/2017,-10,-80000,7.94(1.66 %),0,0,10,80000,29557475,5.83
08/12/2017,0,0,7.94(0.00 %),0,0,0,0,29577595,5.8
11/12/2017,0,0,7.82(-1.51 %),0,0,0,0,29577595,5.8
12/12/2017,4700,36900000,7.8(-0.26 %),4700,36900000,0,0,29572905,5.81
13/12/2017,-17450,-129560000,7.7(-1.28 %),0,0,17450,129560000,29572905,5.81
14/12/2017,0,0,7.89(2.47 %),0,0,0,0,29572905,5.81
15/12/2017,-20,-160000,7.93(0.51 %),0,0,20,160000,29572905,5.81
18/12/2017,6000,47940000,8(0.88 %),9000,71730000,3000,23790000,29581355,5.8
19/12/2017,0,0,7.97(-0.38 %),0,0,0,0,29581355,5.8
20/12/2017,0,0,7.97(0.00 %),0,0,0,0,29581375,5.8
21/12/2017,0,0,7.82(-1.88 %),0,0,0,0,29584375,5.79
22/12/2017,0,0,7.9(1.02 %),0,0,0,0,29584375,5.79
25/12/2017,4610,36420000,8.01(1.39 %),4610,36420000,0,0,29579765,5.8
26/12/2017,0,0,8.11(1.25 %),0,0,0,0,29579765,5.8
27/12/2017,-4570,-37090000,8.2(1.11 %),0,0,4570,37090000,29579773,5.8
28/12/2017,4960,41360000,8.37(2.07 %),4960,41360000,0,0,29574813,5.81
29/12/2017,-20,-170000,8.15(-2.63 %),0,0,20,170000,29574813,5.81
02/01/2018,10000,80100000,8.02(-1.60 %),10000,80100000,0,0,29569383,5.81
03/01/2018,0,0,8.04(0.25 %),0,0,0,0,29569383,5.81
04/01/2018,0,0,8.04(0.00 %),0,0,0,0,29569403,5.81
05/01/2018,0,0,7.85(-2.36 %),0,0,0,0,29569403,5.81
08/01/2018,0,0,7.85(0.00 %),0,0,0,0,29569403,5.81
09/01/2018,-9550,-74560000,7.81(-0.51 %),900,7070000,10450,81630000,29568503,5.82
10/01/2018,0,0,7.99(2.30 %),0,0,0,0,29568503,5.82
11/01/2018,0,0,7.99(0.00 %),0,0,0,0,29568503,5.82
12/01/2018,0,0,7.97(-0.25 %),0,0,0,0,29578953,5.8
15/01/2018,2360,18810000,7.95(-0.25 %),2360,18810000,0,0,29576593,5.8
16/01/2018,0,0,7.95(0.00 %),0,0,0,0,29576593,5.8
17/01/2018,0,0,7.92(-0.38 %),0,0,0,0,29576593,5.8
18/01/2018,0,0,7.93(0.13 %),0,0,0,0,29576593,5.8
19/01/2018,0,0,7.9(-0.38 %),0,0,0,0,29576593,5.8
22/01/2018,0,0,7.95(0.63 %),0,0,0,0,29576593,5.8
25/01/2018,0,0,7.97(0.25 %),0,0,0,0,29576593,5.8
26/01/2018,0,0,7.89(-1.00 %),0,0,0,0,29576600,5.8
29/01/2018,0,0,7.99(1.27 %),0,0,0,0,29576600,5.8
30/01/2018,-100,-800000,7.98(-0.13 %),0,0,100,800000,29576600,5.8
31/01/2018,0,0,7.99(0.13 %),0,0,0,0,29576600,5.8
01/02/2018,-4600,-36750000,7.99(0.00 %),0,0,4600,36750000,29576600,5.8
02/02/2018,2000,16000000,8(0.13 %),2000,16000000,0,0,29574700,5.81
05/02/2018,-270,-2120000,7.95(-0.62 %),0,0,270,2120000,29574700,5.81
06/02/2018,-330,-2480000,7.7(-3.14 %),0,0,330,2480000,29579300,5.8
07/02/2018,1100,8610000,7.91(2.73 %),2000,15600000,900,6990000,29577300,5.8
08/02/2018,0,0,7.9(-0.13 %),0,0,0,0,29577570,5.8
09/02/2018,7920,61770000,7.88(-0.25 %),8000,62400000,80,630000,29569900,5.81
12/02/2018,0,0,8(1.52 %),0,0,0,0,29570800,5.81
13/02/2018,0,0,8.2(2.50 %),0,0,0,0,29570800,5.81
21/02/2018,-7400,-62160000,8.35(1.83 %),0,0,7400,62160000,29570880,5.81
22/02/2018,32000,265760000,8.2(-1.80 %),32000,265760000,0,0,29538880,5.86
23/02/2018,0,0,7.58(2.43 %),0,0,0,0,29538886,5.86
26/02/2018,0,0,7.4(-2.37 %),0,0,0,0,29546286,5.85
27/02/2018,4000,29800000,7.44(0.54 %),4000,29800000,0,0,29542286,5.85
28/02/2018,0,0,7.48(0.54 %),0,0,0,0,29542286,5.85
01/03/2018,0,0,7.43(-0.67 %),0,0,0,0,29542286,5.85
02/03/2018,-16160,-119190000,7.43(0.00 %),0,0,16160,119190000,29542286,5.85
05/03/2018,1200,8880000,7.41(-0.27 %),1200,8880000,0,0,29541086,5.86
06/03/2018,-150,-1110000,7.37(-0.54 %),0,0,150,1110000,29541092,5.86
07/03/2018,-15880,-116720000,7.34(-0.41 %),0,0,15880,116720000,29557252,5.83
08/03/2018,-15000,-110010000,7.32(-0.27 %),0,0,15000,110010000,29557252,5.83
09/03/2018,0,0,7.32(0.00 %),0,0,0,0,29557402,5.83
12/03/2018,3000,22020000,7.21(-1.50 %),3000,22020000,0,0,29570282,5.81
13/03/2018,0,0,7.05(-2.22 %),0,0,0,0,29585283,5.79
14/03/2018,0,0,7.14(1.28 %),0,0,0,0,29585283,5.79
15/03/2018,0,0,7.4(3.64 %),0,0,0,0,29585283,5.79
16/03/2018,-2000,-14400000,7.2(-2.70 %),0,0,2000,14400000,29585283,5.79
19/03/2018,-900,-6560000,7.24(0.56 %),0,0,900,6560000,29585283,5.79
20/03/2018,-5350,-38040000,7.1(-1.93 %),0,0,5350,38040000,29585283,5.79
21/03/2018,0,0,7.08(-0.28 %),0,0,0,0,29587283,5.79
22/03/2018,0,0,7.07(-0.14 %),0,0,0,0,29588183,5.79
23/03/2018,0,0,7.1(0.42 %),0,0,0,0,29593533,5.78
26/03/2018,0,0,7.13(0.42 %),0,0,0,0,29593533,5.78
27/03/2018,0,0,7.13(0.00 %),0,0,0,0,29593533,5.78
28/03/2018,0,0,7.1(-0.42 %),0,0,0,0,29593533,5.78
29/03/2018,0,0,7.12(0.28 %),0,0,0,0,29593533,5.78
30/03/2018,-100,-700000,7.1(-0.28 %),0,0,100,700000,29593533,5.78
02/04/2018,0,0,7(-1.41 %),0,0,0,0,29593533,5.78
03/04/2018,0,0,6.92(-1.14 %),0,0,0,0,29593533,5.78
04/04/2018,326320,2408450000,7.4(6.94 %),326320,2408450000,0,0,29267313,6.26
05/04/2018,170970,1326240000,7.8(5.41 %),184970,1434350000,14000,108110000,29082343,6.53
06/04/2018,26210,201440000,7.6(-2.56 %),48710,374480000,22500,173040000,29033633,6.6
09/04/2018,40000,304000000,7.54(-0.79 %),40000,304000000,0,0,28993633,6.66
10/04/2018,39290,296670000,7.5(-0.53 %),39290,296670000,0,0,28968343,6.69
11/04/2018,10710,80330000,7.44(-0.80 %),10710,80330000,0,0,28980133,6.68
12/04/2018,0,0,7.4(-0.54 %),0,0,0,0,28980133,6.68
13/04/2018,37000,272300000,7.3(-1.35 %),37000,272300000,0,0,28943133,6.73
16/04/2018,7450,54300000,7.35(0.68 %),7450,54300000,0,0,28935683,6.74
17/04/2018,-350,-3310000,7.35(0.00 %),5000,35750000,5350,39060000,28930683,6.75
18/04/2018,37550,267140000,7.15(-2.72 %),37550,267140000,0,0,28893133,6.8
19/04/2018,1070,7500000,7.1(-0.70 %),1070,7500000,0,0,28892063,6.8
20/04/2018,0,0,7.27(2.39 %),0,0,0,0,28897413,6.8
23/04/2018,15000,109500000,7.1(-2.34 %),15000,109500000,0,0,28882413,6.82
24/04/2018,0,0,7.19(1.27 %),0,0,0,0,28882413,6.82
26/04/2018,14000,98490000,7.15(-0.56 %),14000,98490000,0,0,28868413,6.84
27/04/2018,6000,42180000,7.06(-1.26 %),6000,42180000,0,0,28862413,6.85
02/05/2018,7000,49420000,7.2(1.98 %),7000,49420000,0,0,28855413,6.86
03/05/2018,29500,209750000,7.2(0.00 %),29500,209750000,0,0,28825913,6.9
04/05/2018,0,0,7.28(1.11 %),0,0,0,0,28825914,6.9
07/05/2018,1000,7280000,7.31(0.41 %),1000,7280000,0,0,28824914,6.9
08/05/2018,0,0,7.17(-1.92 %),0,0,0,0,28824914,6.9
09/05/2018,0,0,7.18(0.14 %),0,0,0,0,28824914,6.9
10/05/2018,0,0,7.12(-0.84 %),0,0,0,0,28824914,6.9
11/05/2018,0,0,7.11(-0.14 %),0,0,0,0,28824914,6.9
14/05/2018,0,0,7.28(2.39 %),0,0,0,0,28824914,6.9
15/05/2018,-2510,-18130000,7.27(-0.14 %),0,0,2510,18130000,28824914,6.9
16/05/2018,0,0,7.27(0.00 %),0,0,0,0,28824914,6.9
17/05/2018,-3000,-21500000,7.27(0.00 %),0,0,3000,21500000,28824914,6.9
18/05/2018,0,0,7.2(-0.96 %),0,0,0,0,28827424,6.9
21/05/2018,6780,47930000,7.15(-0.69 %),6780,47930000,0,0,28820644,6.91
22/05/2018,0,0,7.05(-1.40 %),0,0,0,0,28823644,6.9
23/05/2018,0,0,7.15(1.42 %),0,0,0,0,28823644,6.9
24/05/2018,28110,197290000,7.1(-0.70 %),28110,197290000,0,0,28795534,6.94
25/05/2018,0,0,7.14(0.56 %),0,0,0,0,28795534,6.94
28/05/2018,0,0,7(-1.96 %),0,0,0,0,28795534,6.94
29/05/2018,0,0,7(0.00 %),0,0,0,0,28795542,6.94
30/05/2018,0,0,6.95(-0.71 %),0,0,0,0,28795542,6.94
31/05/2018,-220,-1560000,7.1(2.16 %),0,0,220,1560000,28795542,6.94
01/06/2018,0,0,7.1(0.00 %),0,0,0,0,28795542,6.94
04/06/2018,0,0,7.09(-0.14 %),0,0,0,0,28795542,6.94
05/06/2018,0,0,6.97(-1.69 %),0,0,0,0,28795762,6.94
06/06/2018,0,0,7.05(1.15 %),0,0,0,0,28795762,6.94
07/06/2018,0,0,7.05(0.00 %),0,0,0,0,28795762,6.94
08/06/2018,0,0,6.94(-1.56 %),0,0,0,0,28795762,6.94
11/06/2018,15000,107190000,7.15(3.03 %),15000,107190000,0,0,28780762,6.97
12/06/2018,-1620,-11180000,6.9(-3.50 %),0,0,1620,11180000,28780762,6.97
13/06/2018,0,0,6.9(0.00 %),0,0,0,0,28780762,6.97
14/06/2018,0,0,6.94(0.58 %),0,0,0,0,28780762,6.97
15/06/2018,0,0,7.12(2.59 %),0,0,0,0,28782382,6.96
18/06/2018,0,0,7.08(-0.56 %),0,0,0,0,28782382,6.96
19/06/2018,0,0,6.98(-1.41 %),0,0,0,0,28782382,6.96
20/06/2018,0,0,6.98(0.00 %),0,0,0,0,28782382,6.96
21/06/2018,0,0,6.9(-1.15 %),0,0,0,0,28782382,6.96
22/06/2018,0,0,6.99(1.30 %),0,0,0,0,28782382,6.96
25/06/2018,-290,-2000000,6.9(-1.29 %),0,0,290,2000000,28782382,6.96
26/06/2018,0,0,7(1.45 %),0,0,0,0,28782390,6.96
27/06/2018,0,0,7(0.00 %),0,0,0,0,28782390,6.96
28/06/2018,0,0,6.9(-1.43 %),0,0,0,0,28782680,6.96
29/06/2018,0,0,6.95(0.72 %),0,0,0,0,28782680,6.96
02/07/2018,0,0,6.92(-0.43 %),0,0,0,0,28782680,6.96
03/07/2018,-320,-2190000,6.89(-0.43 %),0,0,320,2190000,28782680,6.96
04/07/2018,0,0,6.86(-0.44 %),0,0,0,0,28782680,6.96
05/07/2018,0,0,6.75(-1.60 %),0,0,0,0,28782680,6.96
06/07/2018,-170,-1130000,6.79(0.59 %),0,0,170,1130000,28783000,6.96
09/07/2018,0,0,6.7(-1.33 %),0,0,0,0,28783000,6.96
10/07/2018,0,0,6.7(0.00 %),0,0,0,0,28783000,6.96
11/07/2018,0,0,6.66(-0.60 %),0,0,0,0,28783170,6.96
12/07/2018,0,0,6.65(-0.15 %),0,0,0,0,28783170,6.96
13/07/2018,0,0,6.65(0.00 %),0,0,0,0,28783170,6.96
16/07/2018,0,0,6.81(2.41 %),0,0,0,0,28783170,6.96
17/07/2018,10,70000,6.8(-0.15 %),10,70000,0,0,28783160,6.96
18/07/2018,10410,70870000,6.85(0.74 %),10410,70870000,0,0,28772750,6.98
19/07/2018,0,0,6.8(-0.73 %),0,0,0,0,28772750,6.98
20/07/2018,0,0,6.88(1.18 %),0,0,0,0,28772750,6.98
23/07/2018,0,0,6.95(1.02 %),0,0,0,0,28772750,6.98
24/07/2018,0,0,6.9(-0.72 %),0,0,0,0,28772750,6.98
25/07/2018,24990,172430000,6.9(0.00 %),25000,172500000,10,70000,28747750,7.01
26/07/2018,50000,348730000,7.1(2.90 %),50000,348730000,0,0,28697750,7.09
27/07/2018,64760,462150000,7.14(0.56 %),64760,462150000,0,0,28632990,7.18
30/07/2018,280,2000000,7.3(2.24 %),280,2000000,0,0,28632720,7.18
31/07/2018,0,0,7.27(-0.41 %),0,0,0,0,28632720,7.18
01/08/2018,0,0,7.08(-2.61 %),0,0,0,0,28632720,7.18
02/08/2018,0,0,7.29(2.97 %),0,0,0,0,28632720,7.18
03/08/2018,0,0,7.1(-2.61 %),0,0,0,0,28632720,7.18
06/08/2018,0,0,7.1(0.00 %),0,0,0,0,28632720,7.18
07/08/2018,0,0,7.18(1.13 %),0,0,0,0,28632720,7.18
08/08/2018,0,0,7.34(2.23 %),0,0,0,0,28632720,7.18
09/08/2018,0,0,7.29(-0.68 %),0,0,0,0,28632720,7.18
10/08/2018,-15310,-106320000,7.2(-1.23 %),0,0,15310,106320000,28632720,7.18
13/08/2018,0,0,7.17(-0.42 %),0,0,0,0,28632720,7.18
14/08/2018,5000,35850000,7.23(0.84 %),5000,35850000,0,0,28627720,7.19
15/08/2018,0,0,7.1(-1.80 %),0,0,0,0,28643030,7.17
16/08/2018,-4180,-29180000,7.08(-0.28 %),0,0,4180,29180000,28643030,7.17
17/08/2018,0,0,7.08(0.00 %),0,0,0,0,28643030,7.17
20/08/2018,0,0,7.04(-0.56 %),0,0,0,0,28643033,7.17
21/08/2018,0,0,7.04(0.00 %),0,0,0,0,28647213,7.16
22/08/2018,-28720,-201040000,7(-0.57 %),0,0,28720,201040000,28647213,7.16
23/08/2018,-680,-4760000,7(0.00 %),0,0,680,4760000,28647213,7.16
24/08/2018,0,0,7(0.00 %),0,0,0,0,28647213,7.16
27/08/2018,-27110,-187010000,6.89(-1.57 %),100,690000,27210,187700000,28675833,7.12
28/08/2018,-27210,-186130000,6.85(-0.58 %),0,0,27210,186130000,28676513,7.12
29/08/2018,-27120,-185460000,6.85(0.00 %),100,690000,27220,186150000,28676413,7.12
30/08/2018,-54320,-369800000,6.8(-0.73 %),100,680000,54420,370480000,28703523,7.08
31/08/2018,100,690000,6.94(2.06 %),100,690000,0,0,28730633,7.04
04/09/2018,0,0,6.87(-1.01 %),0,0,0,0,28757853,7.0
05/09/2018,0,0,6.87(0.00 %),0,0,0,0,28812273,6.92
06/09/2018,100,680000,6.86(-0.15 %),100,680000,0,0,28812173,6.92
07/09/2018,0,0,6.94(1.17 %),0,0,0,0,28812173,6.92
10/09/2018,0,0,6.94(0.00 %),0,0,0,0,28812173,6.92
11/09/2018,0,0,6.9(-0.58 %),0,0,0,0,28812173,6.92
12/09/2018,0,0,6.9(0.00 %),0,0,0,0,28812173,6.92
13/09/2018,0,0,6.91(0.14 %),0,0,0,0,28812173,6.92
14/09/2018,0,0,6.86(-0.72 %),0,0,0,0,28812173,6.92
17/09/2018,600,4140000,6.9(0.58 %),600,4140000,0,0,28811573,6.92
18/09/2018,300,2070000,6.81(-1.30 %),300,2070000,0,0,28811273,6.92
19/09/2018,3600,24840000,6.92(1.62 %),3600,24840000,0,0,28807673,6.93
20/09/2018,270,1878000,6.92(0.00 %),300,2085000,30,207000,28807403,6.93
21/09/2018,500,3460000,6.92(0.00 %),500,3460000,0,0,28806873,6.93
24/09/2018,0,0,6.9(-0.29 %),0,0,0,0,28806873,6.93
25/09/2018,0,0,6.96(0.87 %),0,0,0,0,28806873,6.93
26/09/2018,0,0,7.12(2.30 %),0,0,0,0,28806903,6.93
27/09/2018,30910,220950000,7.15(0.42 %),30910,220950000,0,0,28775993,6.97
28/09/2018,0,0,7.1(-0.70 %),0,0,0,0,28775993,6.97
01/10/2018,400,2830000,7.06(-0.56 %),400,2830000,0,0,28775566,6.97
02/10/2018,-11730,-81255300,6.91(-2.12 %),500,3500000,12230,84755300,28787296,6.96
03/10/2018,0,0,6.95(0.58 %),0,0,0,0,28775066,6.97
04/10/2018,0,0,7.06(1.58 %),0,0,0,0,28775066,6.97
05/10/2018,17000,121920000,7.28(3.12 %),20000,143400000,3000,21480000,28767296,6.99
08/10/2018,0,0,7.2(-1.10 %),0,0,0,0,28767296,6.99
09/10/2018,5000,36250000,7.21(0.14 %),5000,36250000,0,0,28762296,6.99
10/10/2018,-100,-720000,7.2(-0.14 %),0,0,100,720000,28765296,6.99
11/10/2018,-7190,-50323300,7(-2.78 %),0,0,7190,50323300,28772486,6.98
12/10/2018,100,720000,7.11(1.57 %),100,720000,0,0,28765196,6.99
15/10/2018,0,0,7.1(-0.14 %),0,0,0,0,28765296,6.99
16/10/2018,700,4970000,7.1(0.00 %),700,4970000,0,0,28771786,6.98
17/10/2018,-58180,-418314200,7.16(0.85 %),100,719000,58280,419033200,28829966,6.89
18/10/2018,-4800,-34460000,7.15(-0.14 %),0,0,4800,34460000,28771686,6.98
19/10/2018,0,0,7.01(-1.96 %),0,0,0,0,28771686,6.98
22/10/2018,-4690,-32880000,7.1(1.28 %),0,0,4690,32880000,28829966,6.89
23/10/2018,1100,7700000,7(-1.41 %),1100,7700000,0,0,28828866,6.9
24/10/2018,0,0,6.81(-2.71 %),0,0,0,0,28833666,6.89
25/10/2018,4200,28140000,6.8(-0.15 %),4200,28140000,0,0,28834156,6.89
26/10/2018,0,0,6.75(-0.74 %),0,0,0,0,28834156,6.89
29/10/2018,3000,20250000,6.79(0.59 %),7000,47250000,4000,27000000,28827156,6.9
30/10/2018,0,0,6.73(-0.88 %),0,0,0,0,28827156,6.9
31/10/2018,0,0,6.88(2.23 %),0,0,0,0,28827156,6.9
01/11/2018,0,0,6.88(0.00 %),0,0,0,0,28831156,6.89
02/11/2018,20800,143104000,6.9(0.29 %),20800,143104000,0,0,28810356,6.92
05/11/2018,0,0,6.85(-0.72 %),0,0,0,0,28810356,6.92
06/11/2018,0,0,6.85(0.00 %),0,0,0,0,28810356,6.92
07/11/2018,4000,27390000,6.9(0.73 %),4000,27390000,0,0,28806356,6.93
08/11/2018,0,0,6.85(-0.72 %),0,0,0,0,28806356,6.93
09/11/2018,8330,57730000,6.85(0.00 %),8340,57800000,10,70000,28798016,6.94
12/11/2018,1000,6850000,6.84(-0.15 %),1000,6850000,0,0,28797016,6.94
13/11/2018,0,0,6.83(-0.15 %),0,0,0,0,28797016,6.94
14/11/2018,3000,20400000,6.83(0.00 %),3000,20400000,0,0,28794026,6.95
15/11/2018,4000,27200000,6.8(-0.44 %),4000,27200000,0,0,28790026,6.95
16/11/2018,0,0,6.81(0.15 %),0,0,0,0,28790026,6.95
19/11/2018,0,0,6.94(1.91 %),0,0,0,0,28790026,6.95
20/11/2018,3000,20720000,6.98(0.58 %),3000,20720000,0,0,28787026,6.96
21/11/2018,1050,7250000,6.9(-1.15 %),1050,7250000,0,0,28785976,6.96
22/11/2018,50,350000,6.9(0.00 %),50,350000,0,0,28785926,6.96
23/11/2018,0,0,7.04(2.03 %),0,0,0,0,28785926,6.96
26/11/2018,0,0,7.01(-0.43 %),0,0,0,0,28785926,6.96
27/11/2018,0,0,7.19(2.57 %),0,0,0,0,28785926,6.96
28/11/2018,-5290,-38030000,7.15(-0.56 %),0,0,5290,38030000,28785926,6.96
29/11/2018,0,0,7.1(-0.70 %),0,0,0,0,28785926,6.96
30/11/2018,0,0,7.1(0.00 %),0,0,0,0,28785926,6.96
03/12/2018,-44710,-316710000,7.17(0.99 %),15000,107230000,59710,423940000,28776216,6.97
04/12/2018,35130,252890000,7.19(0.28 %),35130,252890000,0,0,28741086,7.02
05/12/2018,0,0,7.19(0.00 %),0,0,0,0,28741086,7.02
06/12/2018,-100,-720000,7.15(-0.56 %),0,0,100,720000,28800796,6.94
07/12/2018,0,0,7(-2.10 %),0,0,0,0,28800796,6.94
10/12/2018,-22500,-157730000,7.08(1.14 %),0,0,22500,157730000,28800796,6.94
11/12/2018,0,0,7.05(-0.42 %),0,0,0,0,28800896,6.94
12/12/2018,0,0,7.05(0.00 %),0,0,0,0,28800896,6.94
13/12/2018,0,0,7.1(0.71 %),0,0,0,0,28823396,6.9
14/12/2018,100,710000,7.1(0.00 %),100,710000,0,0,28823296,6.9
17/12/2018,0,0,7.1(0.00 %),0,0,0,0,28823296,6.9
18/12/2018,0,0,7(-1.41 %),0,0,0,0,28823296,6.9
19/12/2018,0,0,6.96(-0.57 %),0,0,0,0,28823296,6.9
20/12/2018,0,0,6.9(-0.86 %),0,0,0,0,28823296,6.9
21/12/2018,0,0,7(1.45 %),0,0,0,0,28823296,6.9
24/12/2018,0,0,7.01(0.14 %),0,0,0,0,28823296,6.9
25/12/2018,0,0,6.8(-3.00 %),0,0,0,0,28823296,6.9
26/12/2018,0,0,6.8(0.00 %),0,0,0,0,28823296,6.9
27/12/2018,0,0,6.8(0.00 %),0,0,0,0,28823296,6.9
28/12/2018,0,0,6.77(-0.44 %),0,0,0,0,28823296,6.9
02/01/2019,0,0,6.8(0.44 %),0,0,0,0,28823296,6.9
03/01/2019,0,0,6.75(-0.74 %),0,0,0,0,28823296,6.9
04/01/2019,0,0,6.75(0.00 %),0,0,0,0,28823296,6.9
07/01/2019,0,0,6.8(0.74 %),0,0,0,0,28823296,6.9
08/01/2019,0,0,6.78(-0.29 %),0,0,0,0,28823296,6.9
09/01/2019,0,0,6.85(1.03 %),0,0,0,0,28823296,6.9
10/01/2019,0,0,6.87(0.29 %),0,0,0,0,28823296,6.9
11/01/2019,-50000,-335350000,6.87(0.00 %),0,0,50000,335350000,28823296,6.9
14/01/2019,0,0,6.8(-1.02 %),0,0,0,0,28823296,6.9
15/01/2019,0,0,6.8(0.00 %),0,0,0,0,28823296,6.9
16/01/2019,-100000,-672174900,6.8(0.00 %),0,0,100000,672174900,28923296,6.76
17/01/2019,0,0,6.82(0.29 %),0,0,0,0,28873296,6.83
18/01/2019,0,0,6.85(0.44 %),0,0,0,0,28873296,6.83
21/01/2019,0,0,6.85(0.00 %),0,0,0,0,28973296,6.69
22/01/2019,9600,66240000,6.8(-0.73 %),9600,66240000,0,0,28963696,6.7
23/01/2019,0,0,6.76(-0.59 %),0,0,0,0,28963696,6.7
24/01/2019,2000,13520000,6.89(1.92 %),2000,13520000,0,0,28961696,6.7
25/01/2019,0,0,6.9(0.15 %),0,0,0,0,28961696,6.7
28/01/2019,39000,269100000,6.9(0.00 %),39000,269100000,0,0,28922696,6.76
29/01/2019,0,0,6.9(0.00 %),0,0,0,0,28922696,6.76
30/01/2019,0,0,6.95(0.72 %),0,0,0,0,28922696,6.76
31/01/2019,-24000,-163410000,6.93(-0.29 %),26000,176800000,50000,340210000,28896696,6.8
01/02/2019,0,0,7(1.01 %),0,0,0,0,0,0.0
11/02/2019,40,270000,6.98(-0.29 %),40,270000,0,0,28896656,6.8
12/02/2019,0,0,6.97(-0.14 %),0,0,0,0,28946656,6.72
13/02/2019,0,0,7(0.43 %),0,0,0,0,28896656,6.8
14/02/2019,0,0,6.99(-0.14 %),0,0,0,0,28946656,6.72
15/02/2019,0,0,7(0.14 %),0,0,0,0,28896656,6.8
18/02/2019,0,0,7(0.00 %),0,0,0,0,28946656,6.72
19/02/2019,2000,14200000,7.2(2.86 %),2000,14200000,0,0,28894656,6.8
20/02/2019,240,1716000,7.15(-0.69 %),240,1716000,0,0,28894416,6.8
21/02/2019,0,0,7.36(2.94 %),0,0,0,0,28894416,6.8
22/02/2019,-1000,-7350000,7.35(-0.14 %),0,0,1000,7350000,28944416,6.73
25/02/2019,0,0,7.4(0.68 %),0,0,0,0,28895416,6.8
26/02/2019,-50930,-371789000,7.36(-0.54 %),1000,7300000,51930,379089000,28946346,6.72
27/02/2019,-6220,-45779200,7.4(0.54 %),0,0,6220,45779200,28952566,6.72
28/02/2019,0,0,7.3(-1.35 %),0,0,0,0,28952566,6.72
01/03/2019,0,0,7.35(0.68 %),0,0,0,0,28996346,6.65
04/03/2019,0,0,7.45(1.36 %),0,0,0,0,29002566,6.64
05/03/2019,5000,37150000,7.49(0.54 %),5000,37150000,0,0,28991346,6.66
06/03/2019,0,0,7.55(0.80 %),0,0,0,0,28991346,6.66
07/03/2019,0,0,7.59(0.53 %),0,0,0,0,28997566,6.65
08/03/2019,5000,37500000,7.5(-1.19 %),5000,37500000,0,0,28992566,6.66
11/03/2019,0,0,7.5(0.00 %),0,0,0,0,28992566,6.66
12/03/2019,0,0,7.49(-0.13 %),0,0,0,0,28992566,6.66
13/03/2019,0,0,7.47(-0.27 %),0,0,0,0,28992566,6.66
14/03/2019,0,0,6.72(-10.04 %),0,0,0,0,28992566,6.66
15/03/2019,15000,105000000,6.75(0.45 %),15000,105000000,0,0,28977566,6.68
18/03/2019,0,0,6.7(-0.74 %),0,0,0,0,28977566,6.68
19/03/2019,-10,-70000,6.7(0.00 %),0,0,10,70000,28977566,6.68
20/03/2019,0,0,6.62(-1.19 %),0,0,0,0,28977576,6.68
21/03/2019,-30,-201000,6.65(0.45 %),0,0,30,201000,28977606,6.68
22/03/2019,0,0,6.65(0.00 %),0,0,0,0,28977576,6.68
25/03/2019,0,0,6.47(-2.71 %),0,0,0,0,28977606,6.68
26/03/2019,0,0,6.41(-0.93 %),0,0,0,0,28977606,6.68
27/03/2019,0,0,6.48(1.09 %),0,0,0,0,28977606,6.68
28/03/2019,-1240,-8000000,6.55(1.08 %),0,0,1240,8000000,28977606,6.68
29/03/2019,6000,38200000,6.5(-0.76 %),6000,38200000,0,0,28971606,6.69
01/04/2019,0,0,6.49(-0.15 %),0,0,0,0,28971606,6.69
02/04/2019,0,0,6.49(0.00 %),0,0,0,0,28971606,6.69
03/04/2019,0,0,6.4(-1.39 %),0,0,0,0,28972846,6.69
04/04/2019,0,0,6.45(0.78 %),0,0,0,0,28971606,6.69
05/04/2019,1000,6500000,6.45(0.00 %),1000,6500000,0,0,28971846,6.69
08/04/2019,50,322500,6.45(0.00 %),50,322500,0,0,28970556,6.69
09/04/2019,100,650000,6.48(0.47 %),100,650000,0,0,28971696,6.69
10/04/2019,7940,51610000,6.45(-0.46 %),7940,51610000,0,0,28962516,6.7
11/04/2019,34900,226600000,6.5(0.78 %),35000,227250000,100,650000,28928756,6.75
12/04/2019,14380,93620000,6.54(0.62 %),24380,158420000,10000,64800000,28904376,6.79
16/04/2019,50000,322140000,6.4(-2.14 %),50000,322140000,0,0,28854376,6.86
17/04/2019,18010,115437300,6.5(1.56 %),21000,134587300,2990,19150000,28845226,6.87
18/04/2019,-25450,-160077000,6.3(-3.08 %),49700,314855000,75150,474932000,28870676,6.84
19/04/2019,-41150,-259393600,6.27(-0.48 %),2970,18622400,44120,278016000,28911826,6.78
22/04/2019,-40230,-249890000,6.2(-1.12 %),5700,35690000,45930,285580000,28788096,6.96
23/04/2019,-75000,-465010000,6.28(1.29 %),0,0,75000,465010000,28863246,6.85
24/04/2019,0,0,6.29(0.16 %),0,0,0,0,28907366,6.78
25/04/2019,0,0,6.2(-1.43 %),0,0,0,0,29027056,6.61
26/04/2019,-50000,-305668100,6.2(0.00 %),0,0,50000,305668100,29077056,6.53
02/05/2019,0,0,6.01(-3.06 %),0,0,0,0,29028296,6.6
03/05/2019,30,180000,6(-0.17 %),30,180000,0,0,29028266,6.6
06/05/2019,660,3990000,6(0.00 %),660,3990000,0,0,29077606,6.53
07/05/2019,0,0,5.99(-0.17 %),0,0,0,0,29077606,6.53
08/05/2019,0,0,5.95(-0.67 %),0,0,0,0,29077606,6.53
09/05/2019,0,0,5.89(-1.01 %),0,0,0,0,29077606,6.53
10/05/2019,0,0,5.83(-1.02 %),0,0,0,0,29027606,6.61
13/05/2019,0,0,5.8(-0.51 %),0,0,0,0,29077606,6.53
14/05/2019,0,0,5.72(-1.38 %),0,0,0,0,29077606,6.53
15/05/2019,0,0,5.75(0.52 %),0,0,0,0,29077606,6.53
16/05/2019,0,0,5.75(0.00 %),0,0,0,0,29077606,6.53
17/05/2019,0,0,5.82(1.22 %),0,0,0,0,29077606,6.53
20/05/2019,0,0,5.8(-0.34 %),0,0,0,0,29077606,6.53
21/05/2019,5000,29100000,5.7(-1.72 %),5000,29100000,0,0,29072606,6.54
22/05/2019,1000,5760000,5.77(1.23 %),1000,5760000,0,0,29071606,6.54
23/05/2019,0,0,5.8(0.52 %),0,0,0,0,29071606,6.54
24/05/2019,0,0,5.75(-0.86 %),0,0,0,0,29071606,6.54
27/05/2019,0,0,5.76(0.17 %),0,0,0,0,29071606,6.54
28/05/2019,0,0,5.73(-0.52 %),0,0,0,0,29071606,6.54
29/05/2019,0,0,5.75(0.35 %),0,0,0,0,29071606,6.54
30/05/2019,0,0,5.76(0.17 %),0,0,0,0,29071606,6.54
31/05/2019,0,0,5.77(0.17 %),0,0,0,0,29071606,6.54
03/06/2019,0,0,5.7(-1.21 %),0,0,0,0,29071606,6.54
04/06/2019,0,0,5.65(-0.88 %),0,0,0,0,29071606,6.54
05/06/2019,0,0,5.68(0.53 %),0,0,0,0,29071606,6.54
06/06/2019,0,0,5.68(0.00 %),0,0,0,0,29071606,6.54
07/06/2019,0,0,5.74(1.06 %),0,0,0,0,29071606,6.54
10/06/2019,0,0,5.7(-0.70 %),0,0,0,0,29071606,6.54
11/06/2019,0,0,5.63(-1.23 %),0,0,0,0,29071606,6.54
12/06/2019,0,0,5.7(1.24 %),0,0,0,0,29071606,6.54
13/06/2019,-10,-60000,5.69(-0.18 %),0,0,10,60000,29071612,6.54
14/06/2019,0,0,5.62(-1.23 %),0,0,0,0,29071616,6.54
17/06/2019,0,0,5.69(1.25 %),0,0,0,0,29071616,6.54
18/06/2019,0,0,5.65(-0.70 %),0,0,0,0,29071616,6.54
19/06/2019,0,0,5.6(-0.88 %),0,0,0,0,29071616,6.54
20/06/2019,15000,84000000,5.68(1.43 %),15000,84000000,0,0,29056616,6.56
21/06/2019,0,0,5.67(-0.18 %),0,0,0,0,29056616,6.56
24/06/2019,10,56300,5.63(-0.71 %),20,112400,10,56100,29056606,6.56
25/06/2019,10,60000,5.65(0.36 %),10,60000,0,0,29056582,6.56
26/06/2019,-1390,-7790000,5.64(-0.18 %),0,0,1390,7790000,29056582,6.56
27/06/2019,0,0,5.69(0.89 %),0,0,0,0,29056592,6.56
28/06/2019,0,0,5.6(-1.58 %),0,0,0,0,29056592,6.56
01/07/2019,0,0,5.64(0.71 %),0,0,0,0,29057982,6.56
02/07/2019,7100,40130000,5.64(0.00 %),7100,40130000,0,0,29050882,6.57
03/07/2019,0,0,5.65(0.18 %),0,0,0,0,29050882,6.57
04/07/2019,0,0,5.64(-0.18 %),0,0,0,0,29050882,6.57
05/07/2019,-1140,-6120000,5.66(0.35 %),0,0,1140,6120000,29050882,6.57
08/07/2019,0,0,5.67(0.18 %),0,0,0,0,29052022,6.57
09/07/2019,-50000,-280070000,5.65(-0.35 %),0,0,50000,280070000,29050886,6.57
10/07/2019,-359800,-2015541600,5.66(0.18 %),0,0,359800,2015541600,29461822,5.97
11/07/2019,-35520,-204309900,5.77(1.94 %),0,0,35520,204309900,29497342,5.92
12/07/2019,0,0,5.84(1.21 %),0,0,0,0,29102026,6.5
15/07/2019,0,0,5.84(0.00 %),0,0,0,0,29461826,5.97
16/07/2019,0,0,5.78(-1.03 %),0,0,0,0,29497346,5.92
17/07/2019,0,0,5.66(-2.08 %),0,0,0,0,29497346,5.92
18/07/2019,0,0,5.7(0.71 %),0,0,0,0,29497342,5.92
19/07/2019,0,0,5.7(0.00 %),0,0,0,0,29497346,5.92
22/07/2019,-40,-227600,5.68(-0.35 %),0,0,40,227600,29497382,5.92
23/07/2019,0,0,5.67(-0.18 %),0,0,0,0,29497346,5.92
24/07/2019,0,0,5.58(-1.59 %),0,0,0,0,29497382,5.92
25/07/2019,-10000,-55000000,5.45(-2.33 %),0,0,10000,55000000,29497386,5.92
26/07/2019,80,430000,5.25(-3.67 %),80,430000,0,0,29497306,5.92
29/07/2019,-45000,-220413800,5.2(-0.95 %),0,0,45000,220413800,29552302,5.84
30/07/2019,-10270,-51350000,5(-3.85 %),0,0,10270,51350000,29562572,5.82
31/07/2019,-11000,-53930000,4.93(-1.40 %),0,0,11000,53930000,29507306,5.91
01/08/2019,-48580,-238100000,4.91(-0.41 %),0,0,48580,238100000,29552306,5.84
02/08/2019,-38000,-185067600,4.9(-0.20 %),0,0,38000,185067600,29590306,5.78
05/08/2019,-9000,-44100000,4.9(0.00 %),0,0,9000,44100000,29573576,5.81
06/08/2019,-19700,-96000000,4.93(0.61 %),0,0,19700,96000000,29622156,5.74
07/08/2019,-16150,-79260000,4.9(-0.61 %),0,0,16150,79260000,29660156,5.68
08/08/2019,0,0,4.97(1.43 %),0,0,0,0,29669156,5.67
09/08/2019,0,0,5(0.60 %),0,0,0,0,29635156,5.72
12/08/2019,-11370,-57450000,5.01(0.20 %),21930,109370000,33300,166820000,29683073,5.65
13/08/2019,7950,39750000,5.03(0.40 %),7950,39750000,0,0,29675123,5.66
14/08/2019,49900,250245000,5.04(0.20 %),49900,250245000,0,0,29588676,5.79
15/08/2019,23200,116000000,5.03(-0.20 %),23200,116000000,0,0,29635323,5.72
16/08/2019,34300,171500000,5.03(0.00 %),34300,171500000,0,0,29531176,5.87
19/08/2019,0,0,5.08(0.99 %),0,0,0,0,29531176,5.87
20/08/2019,6300,32130000,5.05(-0.59 %),6300,32130000,0,0,29594723,5.78
21/08/2019,7330,36980000,5.05(0.00 %),7330,36980000,0,0,29587393,5.79
22/08/2019,0,0,5.1(0.99 %),0,0,0,0,29587393,5.79
23/08/2019,0,0,5(-1.96 %),0,0,0,0,29587393,5.79
26/08/2019,0,0,5.12(2.40 %),0,0,0,0,29587393,5.79
27/08/2019,0,0,5.07(-0.98 %),0,0,0,0,29587393,5.79
28/08/2019,0,0,5.1(0.59 %),0,0,0,0,29587393,5.79
29/08/2019,0,0,5.13(0.59 %),0,0,0,0,29517546,5.89
30/08/2019,0,0,5.12(-0.19 %),0,0,0,0,29587393,5.79
03/09/2019,-30900,-158462000,5.12(0.00 %),0,0,30900,158462000,29587393,5.79
04/09/2019,0,0,5.07(-0.98 %),0,0,0,0,29587393,5.79
05/09/2019,-10,-50000,5(-1.38 %),0,0,10,50000,29587393,5.79
06/09/2019,-20810,-104210000,5(0.00 %),0,0,20810,104210000,29618293,5.74
09/09/2019,0,0,5(0.00 %),0,0,0,0,29608213,5.76
10/09/2019,0,0,5.06(1.20 %),0,0,0,0,29608213,5.76
11/09/2019,0,0,4.95(-2.17 %),0,0,0,0,29608213,5.76
12/09/2019,8000,40000000,5.08(2.63 %),8000,40000000,0,0,29631113,5.72
13/09/2019,0,0,5.08(0.00 %),0,0,0,0,29631113,5.72
16/09/2019,-5000,-25000000,4.99(-1.77 %),0,0,5000,25000000,29605213,5.76
17/09/2019,-12200,-60878000,5(0.20 %),0,0,12200,60878000,29617413,5.74
18/09/2019,-28000,-139720000,5.05(1.00 %),0,0,28000,139720000,29645413,5.7
19/09/2019,-40360,-201396400,5.08(0.59 %),0,0,40360,201396400,29685773,5.64
20/09/2019,5300,26770000,5.15(1.38 %),5300,26770000,0,0,29643013,5.71
23/09/2019,0,0,5.1(-0.97 %),0,0,0,0,29671013,5.67
24/09/2019,0,0,5.05(-0.98 %),0,0,0,0,29711373,5.61
25/09/2019,0,0,5.07(0.40 %),0,0,0,0,29680473,5.65
26/09/2019,0,0,5.07(0.00 %),0,0,0,0,29680473,5.65
27/09/2019,0,0,5.07(0.00 %),0,0,0,0,29680473,5.65
30/09/2019,2000,10140000,5.02(-0.99 %),2000,10140000,0,0,29678473,5.66
01/10/2019,0,0,5.03(0.20 %),0,0,0,0,29709373,5.61
02/10/2019,0,0,5.08(0.99 %),0,0,0,0,29709373,5.61
03/10/2019,-5000,-25150000,5.08(0.00 %),0,0,5000,25150000,29709373,5.61
04/10/2019,0,0,5.08(0.00 %),0,0,0,0,29714373,5.6
07/10/2019,0,0,5.08(0.00 %),0,0,0,0,29714373,5.6
08/10/2019,0,0,5.08(0.00 %),0,0,0,0,29714373,5.6
09/10/2019,0,0,5.06(-0.39 %),0,0,0,0,29714373,5.6
10/10/2019,0,0,5.08(0.40 %),0,0,0,0,29714373,5.6
11/10/2019,0,0,5.08(0.00 %),0,0,0,0,29714373,5.6
14/10/2019,0,0,5.08(0.00 %),0,0,0,0,29714373,5.6
15/10/2019,0,0,5.08(0.00 %),0,0,0,0,29714373,5.6
16/10/2019,0,0,5.07(-0.20 %),0,0,0,0,29714373,5.6
17/10/2019,0,0,5.08(0.20 %),0,0,0,0,29714373,5.6
18/10/2019,0,0,5(-1.57 %),0,0,0,0,29714373,5.6
21/10/2019,0,0,5.01(0.20 %),0,0,0,0,29714373,5.6
22/10/2019,0,0,5.03(0.40 %),0,0,0,0,29714373,5.6
23/10/2019,0,0,5.03(0.00 %),0,0,0,0,29714373,5.6
24/10/2019,-40,-200000,5.03(0.00 %),0,0,40,200000,29714373,5.6
25/10/2019,0,0,5.04(0.20 %),0,0,0,0,29714373,5.6
28/10/2019,0,0,5.09(0.99 %),0,0,0,0,29714373,5.6
29/10/2019,0,0,5.08(-0.20 %),0,0,0,0,29714413,5.6
30/10/2019,0,0,5.08(0.00 %),0,0,0,0,29714413,5.6
31/10/2019,-540,-2737800,5.07(-0.20 %),0,0,540,2737800,29714953,5.6
01/11/2019,0,0,5.06(-0.20 %),0,0,0,0,29714413,5.6
04/11/2019,0,0,5.05(-0.20 %),0,0,0,0,29714413,5.6
05/11/2019,0,0,5.01(-0.79 %),0,0,0,0,29714413,5.6
06/11/2019,1500,7560000,5(-0.20 %),1500,7560000,0,0,29712913,5.61
07/11/2019,1000,5020000,5.02(0.40 %),1000,5020000,0,0,29712453,5.61
08/11/2019,-1900,-9490000,5.05(0.60 %),100,510000,2000,10000000,29712353,5.61
11/11/2019,900,4545000,5.05(0.00 %),900,4545000,0,0,29712913,5.61
12/11/2019,0,0,5.03(-0.40 %),0,0,0,0,29712913,5.61
13/11/2019,-7000,-35070000,5.04(0.20 %),0,0,7000,35070000,29719913,5.59
14/11/2019,50,250000,5.04(0.00 %),50,250000,0,0,29713403,5.6
15/11/2019,0,0,5.04(0.00 %),0,0,0,0,29713403,5.6
18/11/2019,100,504000,5.04(0.00 %),100,504000,0,0,29719763,5.6
19/11/2019,-3200,-16060000,5(-0.79 %),0,0,3200,16060000,29720303,5.59
20/11/2019,0,0,5(0.00 %),0,0,0,0,29722963,5.59
21/11/2019,-3750,-18750000,5(0.00 %),0,0,3750,18750000,29726713,5.58
22/11/2019,0,0,5(0.00 %),0,0,0,0,29723503,5.59
25/11/2019,0,0,5(0.00 %),0,0,0,0,29723503,5.59
26/11/2019,0,0,5(0.00 %),0,0,0,0,29726713,5.58
27/11/2019,0,0,5(0.00 %),0,0,0,0,29726713,5.58
28/11/2019,0,0,5(0.00 %),0,0,0,0,29727253,5.58
29/11/2019,0,0,5.04(0.80 %),0,0,0,0,29727253,5.58
02/12/2019,0,0,4.77(-5.36 %),0,0,0,0,29727253,5.58
03/12/2019,0,0,5(4.82 %),0,0,0,0,29727253,5.58
04/12/2019,0,0,5(0.00 %),0,0,0,0,29727253,5.58
05/12/2019,0,0,5.03(0.60 %),0,0,0,0,29727253,5.58
06/12/2019,0,0,5.05(0.40 %),0,0,0,0,29727253,5.58
09/12/2019,0,0,5.06(0.20 %),0,0,0,0,29727253,5.58
10/12/2019,0,0,5.05(-0.20 %),0,0,0,0,29727253,5.58
11/12/2019,0,0,5.05(0.00 %),0,0,0,0,29727253,5.58
12/12/2019,0,0,5.05(0.00 %),0,0,0,0,29727253,5.58
13/12/2019,0,0,5.04(-0.20 %),0,0,0,0,29727253,5.58
16/12/2019,500,2500000,4.94(-1.98 %),500,2500000,0,0,29726753,5.58
17/12/2019,0,0,4.95(0.20 %),0,0,0,0,29726753,5.58
18/12/2019,0,0,4.95(0.00 %),0,0,0,0,29726753,5.58
19/12/2019,0,0,5(1.01 %),0,0,0,0,29726753,5.58
20/12/2019,0,0,5(0.00 %),0,0,0,0,29726753,5.58
23/12/2019,0,0,4.91(-1.80 %),0,0,0,0,29726753,5.58
24/12/2019,0,0,5.01(2.04 %),0,0,0,0,29726753,5.58
25/12/2019,-7780,-38090000,5.01(0.00 %),0,0,7780,38090000,29726753,5.58
26/12/2019,0,0,5(-0.20 %),0,0,0,0,29726753,5.58
27/12/2019,-360,-1780000,4.98(-0.40 %),0,0,360,1780000,29734893,5.57
30/12/2019,0,0,4.96(-0.40 %),0,0,0,0,29734893,5.57
31/12/2019,0,0,4.96(0.00 %),0,0,0,0,29734893,5.57
02/01/2020,0,0,4.96(0.00 %),0,0,0,0,29734893,5.57
03/01/2020,1000,4980000,4.98(0.40 %),1000,4980000,0,0,29733893,5.57
06/01/2020,19000,95000000,5(0.40 %),19000,95000000,0,0,29714893,5.6
07/01/2020,0,0,5(0.00 %),0,0,0,0,29714893,5.6
08/01/2020,0,0,5(0.00 %),0,0,0,0,29714893,5.6
09/01/2020,0,0,5(0.00 %),0,0,0,0,29714893,5.6
10/01/2020,0,0,5(0.00 %),0,0,0,0,29714893,5.6
13/01/2020,0,0,4.99(-0.20 %),0,0,0,0,29714893,5.6
14/01/2020,0,0,4.98(-0.20 %),0,0,0,0,29714893,5.6
15/01/2020,-30910,-151199900,4.97(-0.20 %),0,0,30910,151199900,29745803,5.56
16/01/2020,0,0,4.95(-0.40 %),0,0,0,0,29714893,5.6
17/01/2020,0,0,4.97(0.40 %),0,0,0,0,29714893,5.6
20/01/2020,0,0,4.98(0.20 %),0,0,0,0,29745803,5.56
21/01/2020,0,0,5.05(1.41 %),0,0,0,0,29745803,5.56
22/01/2020,0,0,5.05(0.00 %),0,0,0,0,29745803,5.56
30/01/2020,0,0,5.1(0.99 %),0,0,0,0,29745803,5.56
31/01/2020,0,0,5.12(0.39 %),0,0,0,0,29745803,5.56
03/02/2020,0,0,4.9(-4.30 %),0,0,0,0,29745803,5.56
04/02/2020,0,0,4.9(0.00 %),0,0,0,0,29745803,5.56
05/02/2020,5000,24500000,4.91(0.20 %),5000,24500000,0,0,29740803,5.56
06/02/2020,0,0,4.95(0.81 %),0,0,0,0,29740803,5.56
07/02/2020,0,0,5.08(2.63 %),0,0,0,0,29740803,5.56
10/02/2020,0,0,5.08(0.00 %),0,0,0,0,29740803,5.56
11/02/2020,0,0,5.1(0.39 %),0,0,0,0,29740803,5.56
12/02/2020,0,0,5.12(0.39 %),0,0,0,0,29740803,5.56
13/02/2020,-3200,-16220000,5.18(1.17 %),0,0,3200,16220000,29740803,5.56
14/02/2020,0,0,5.54(6.95 %),0,0,0,0,29744003,5.56
17/02/2020,1000,5720000,5.53(-0.18 %),1000,5720000,0,0,29739803,5.57
18/02/2020,0,-23000,5.25(-5.06 %),100,530000,100,553000,29743003,5.56
19/02/2020,-7420,-37990400,5.18(-1.33 %),0,0,7420,37990400,29750423,5.55
20/02/2020,-100,-529000,5.29(2.12 %),0,0,100,529000,29750523,5.55
21/02/2020,100,520000,5.15(-2.65 %),100,520000,0,0,29742903,5.56
24/02/2020,100,502000,5.02(-2.52 %),100,502000,0,0,29750323,5.55
25/02/2020,0,0,5.1(1.59 %),0,0,0,0,29750323,5.55
26/02/2020,0,-10000,5.14(0.78 %),100,510000,100,520000,29750223,5.55
27/02/2020,0,0,5.19(0.97 %),0,0,0,0,29750323,5.55
28/02/2020,0,0,5.1(-1.73 %),0,0,0,0,29750323,5.55
02/03/2020,0,0,5.1(0.00 %),0,0,0,0,29750323,5.55
03/03/2020,-16000,-80795200,5.05(-0.98 %),0,0,16000,80795200,29766323,5.53
04/03/2020,0,0,5.15(1.98 %),0,0,0,0,29766323,5.53
05/03/2020,0,0,5.14(-0.19 %),0,0,0,0,29750323,5.55
06/03/2020,0,0,5.04(-1.95 %),0,0,0,0,29766323,5.53
09/03/2020,0,0,4.75(-5.75 %),0,0,0,0,29766323,5.53
10/03/2020,-160,-760000,4.76(0.21 %),0,0,160,760000,29766483,5.53
11/03/2020,0,0,4.68(-1.68 %),0,0,0,0,29766483,5.53
12/03/2020,-13080,-57160000,4.36(-6.84 %),0,0,13080,57160000,29766315,5.53
13/03/2020,-310,-1306400,4.36(0.00 %),0,0,310,1306400,29779873,5.51
16/03/2020,400,1741000,4.33(-0.69 %),400,1741000,0,0,29779473,5.51
17/03/2020,0,0,4.33(0.00 %),0,0,0,0,29779155,5.51
18/03/2020,0,0,4.4(1.62 %),0,0,0,0,29779473,5.51
19/03/2020,0,0,4.3(-2.27 %),0,0,0,0,29779473,5.51
20/03/2020,-220,-935000,4.33(0.70 %),0,0,220,935000,29779693,5.51
23/03/2020,0,0,4.03(-6.93 %),0,0,0,0,29779693,5.51
24/03/2020,-370,-1466800,4.09(1.49 %),0,0,370,1466800,29780063,5.51
25/03/2020,6300,25640000,4.07(-0.49 %),6300,25640000,0,0,29773585,5.52
26/03/2020,0,0,4.01(-1.47 %),0,0,0,0,29773585,5.52
27/03/2020,232330,952750500,4.05(1.00 %),232330,952750500,0,0,29541433,5.86
30/03/2020,-550,-2191300,3.99(-1.48 %),0,0,550,2191300,29541983,5.85
31/03/2020,-390,-1540000,3.94(-1.25 %),0,0,390,1540000,29541625,5.86
01/04/2020,-390,-1550000,3.98(1.02 %),0,0,390,1550000,29541625,5.86
03/04/2020,-390,-1556100,3.99(0.25 %),0,0,390,1556100,29542015,5.85
06/04/2020,-340,-1391200,4.08(2.26 %),50,200000,390,1591200,29542355,5.85
07/04/2020,-390,-1580000,4.05(-0.74 %),0,0,390,1580000,29542905,5.85
08/04/2020,-11830,-47914800,4.05(0.00 %),0,0,11830,47914800,29554575,5.84
09/04/2020,-390,-1580000,4.06(0.25 %),0,0,390,1580000,29543685,5.85
10/04/2020,0,0,4.05(-0.25 %),0,0,0,0,29554965,5.84
13/04/2020,0,0,4.1(1.23 %),0,0,0,0,29555905,5.83
14/04/2020,61990,258760000,4.15(1.22 %),63160,263620000,1170,4860000,29493135,5.93
15/04/2020,34810,147680000,4.33(4.34 %),35200,149370000,390,1690000,29457935,5.98
16/04/2020,29810,128733900,4.3(-0.69 %),30200,130410900,390,1677000,29428355,6.02
17/04/2020,7110,31245000,4.5(4.65 %),7500,33000000,390,1755000,29421245,6.03
20/04/2020,-390,-1740000,4.47(-0.67 %),0,0,390,1740000,29421795,6.03
21/04/2020,-390,-1657500,4.25(-4.92 %),0,0,390,1657500,29422025,6.03
22/04/2020,-2120,-9098700,4.3(1.18 %),0,0,2120,9098700,29424145,6.03
23/04/2020,15110,65282000,4.3(0.00 %),15500,66959000,390,1677000,29409035,6.05
24/04/2020,1610,6806900,4.29(-0.23 %),2000,8480000,390,1673100,29407425,6.05
27/04/2020,19730,85760000,4.49(4.66 %),20220,87960000,490,2200000,29387755,6.08
28/04/2020,-21390,-94127700,4.4(-2.00 %),44000,196800000,65390,290927700,29409085,6.05
29/04/2020,-380,-1672000,4.4(0.00 %),10,44000,390,1716000,29409465,6.05
04/05/2020,370,1860000,4.3(-2.27 %),24000,104400000,23630,102540000,29321015,6.18
05/05/2020,-12740,-57050000,4.4(2.33 %),24000,103440000,36740,160490000,29362405,6.12
06/05/2020,-5320,-23100000,4.4(0.00 %),14300,63320000,19620,86420000,29348495,6.14
07/05/2020,-39060,-174870500,4.46(1.36 %),22010,99045000,61070,273915500,29402135,6.06
08/05/2020,-46350,-217637900,4.77(6.95 %),53440,251796200,99790,469434100,29448485,5.99
11/05/2020,19630,93560000,4.98(4.40 %),20020,95500000,390,1940000,29333015,6.16
12/05/2020,5700,27320000,4.9(-1.61 %),6090,29230000,390,1910000,29387995,6.08
13/05/2020,-390,-1891500,4.85(-1.02 %),0,0,390,1891500,29423545,6.03
14/05/2020,14560,67241000,5.1(5.15 %),35150,172235000,20590,104994000,29408985,6.05
15/05/2020,-95870,-475728300,5.09(-0.20 %),0,0,95870,475728300,29504855,5.91
18/05/2020,6470,32294700,5.08(-0.20 %),16960,84779100,10490,52484400,29498385,5.92
19/05/2020,51810,263230000,5.05(-0.59 %),52200,265200000,390,1970000,29405235,6.05
20/05/2020,23610,117580000,4.98(-1.39 %),24000,119520000,390,1940000,29477105,5.95
21/05/2020,32070,159983800,4.91(-1.41 %),32460,161898700,390,1914900,29390895,6.08
22/05/2020,18040,90010000,4.95(0.81 %),18040,90010000,0,0,29437485,6.01
25/05/2020,10000,49500000,4.95(0.00 %),10000,49500000,0,0,29427875,6.02
26/05/2020,27470,135980000,4.94(-0.20 %),28000,138600000,530,2620000,29400265,6.06
27/05/2020,20470,101335900,4.97(0.61 %),21000,103970000,530,2634100,29314915,6.19
28/05/2020,19480,97370000,5.05(1.61 %),20010,100050000,530,2680000,29359255,6.12
29/05/2020,11430,56721500,5.05(0.00 %),20000,100000000,8570,43278500,29284005,6.23
01/06/2020,10270,51956700,5.11(1.19 %),20800,105965000,10530,54008300,29340315,6.15
02/06/2020,-72060,-359030000,4.97(-2.74 %),20000,100000000,92060,459030000,29412375,6.04
03/06/2020,-31060,-154590000,5.01(0.80 %),78480,390830000,109540,545420000,29230135,6.31
04/06/2020,-28530,-147178700,5.19(3.59 %),2000,10380000,30530,157558700,29471965,5.96
05/06/2020,5350,27250000,5.17(-0.39 %),5880,29990000,530,2740000,29324845,6.17
08/06/2020,-30150,-157099500,5.2(0.58 %),0,0,30150,157099500,29502115,5.91
09/06/2020,-12500,-65240000,5.22(0.38 %),1500,7820000,14000,73060000,29463415,5.97
10/06/2020,-12010,-62150000,5.16(-1.15 %),0,0,12010,62150000,29463945,5.97
11/06/2020,-15000,-79253500,5.02(-2.71 %),25000,129200000,40000,208453500,29529125,5.87
12/06/2020,5000,23690000,5.15(2.59 %),20000,100000000,15000,76310000,29524125,5.88
15/06/2020,-8250,-42652800,5.15(0.00 %),0,0,8250,42652800,29532375,5.87
16/06/2020,-23330,-119863600,5.2(0.97 %),10,52500,23340,119916100,29555705,5.83
17/06/2020,-185050,-1009654140,5.49(5.58 %),10000,54570000,195050,1064224140,29740755,5.56
18/06/2020,-70000,-393330000,5.6(2.00 %),10000,55000000,80000,448330000,29518345,5.89
19/06/2020,-98470,-562400000,5.77(3.04 %),0,0,98470,562400000,29541685,5.86
22/06/2020,0,0,5.6(-2.95 %),0,0,0,0,29909225,5.32
23/06/2020,0,0,5.56(-0.71 %),0,0,0,0,29816735,5.45
24/06/2020,0,0,5.31(-4.50 %),0,0,0,0,29915205,5.31
25/06/2020,5000,27680000,5.47(3.01 %),5000,27680000,0,0,29910205,5.32
26/06/2020,0,0,5.36(-2.01 %),0,0,0,0,29904225,5.33
29/06/2020,0,0,5.28(-1.49 %),0,0,0,0,29910205,5.32
30/06/2020,-5000,0,5.29(0.19 %),0,0,5000,0,29909225,5.32
01/07/2020,0,0,5.34(0.95 %),0,0,0,0,29910205,5.32
02/07/2020,-13130,-70220000,5.35(0.19 %),0,0,13130,70220000,29910205,5.32
03/07/2020,-64560,-352000000,5.45(1.87 %),0,0,64560,352000000,29915205,5.31
06/07/2020,-43300,-238830000,5.48(0.55 %),0,0,43300,238830000,29915205,5.31
07/07/2020,-10,-60000,5.52(0.73 %),0,0,10,60000,29928335,5.29
08/07/2020,0,0,5.58(1.09 %),0,0,0,0,29992895,5.2
09/07/2020,-2300,-12811000,5.51(-1.25 %),0,0,2300,12811000,30033505,5.14
10/07/2020,0,0,5.46(-0.91 %),0,0,0,0,30033505,5.14
13/07/2020,-6300,-34965000,5.48(0.37 %),0,0,6300,34965000,30039805,5.13
14/07/2020,-22200,-121668000,5.51(0.55 %),0,0,22200,121668000,30062005,5.1
15/07/2020,20000,110200000,5.8(5.26 %),20000,110200000,0,0,30042005,5.12
16/07/2020,0,0,5.83(0.52 %),0,0,0,0,30042005,5.12
17/07/2020,0,0,5.89(1.03 %),0,0,0,0,30047005,5.12
20/07/2020,2430,13822500,5.82(-1.19 %),3500,20125000,1070,6302500,30039575,5.13
21/07/2020,0,0,5.37(-7.73 %),0,0,0,0,30039575,5.13
22/07/2020,6000,31200000,5.2(-3.17 %),6000,31200000,0,0,30033575,5.14
23/07/2020,0,0,5.2(0.00 %),0,0,0,0,30033575,5.14
24/07/2020,0,0,5.1(-1.92 %),0,0,0,0,30033575,5.14
27/07/2020,0,0,4.85(-4.90 %),0,0,0,0,30038575,5.13
28/07/2020,0,0,5.18(6.80 %),0,0,0,0,30033575,5.14
29/07/2020,0,0,5.54(6.95 %),0,0,0,0,30033575,5.14
30/07/2020,0,0,5.7(2.89 %),0,0,0,0,30033575,5.14
31/07/2020,0,0,5.6(-1.75 %),0,0,0,0,30038575,5.13
03/08/2020,0,0,5.5(-1.79 %),0,0,0,0,30038575,5.13
04/08/2020,-36010,-196120000,5.45(-0.91 %),0,0,36010,196120000,30038575,5.13
05/08/2020,0,0,5.68(4.22 %),0,0,0,0,30074585,5.08
06/08/2020,0,0,5.6(-1.41 %),0,0,0,0,30074585,5.08
07/08/2020,0,0,5.52(-1.43 %),0,0,0,0,30074585,5.08
10/08/2020,0,0,5.5(-0.36 %),0,0,0,0,30074585,5.08
11/08/2020,0,0,5.55(0.91 %),0,0,0,0,30074585,5.08
12/08/2020,200,1100000,5.5(-0.90 %),200,1100000,0,0,30074385,5.08
13/08/2020,0,0,5.74(4.36 %),0,0,0,0,30074385,5.08
14/08/2020,-203500,-1170710000,5.7(-0.70 %),0,0,203500,1170710000,30074385,5.08
17/08/2020,0,0,5.73(0.53 %),0,0,0,0,30074385,5.08
18/08/2020,-7000,-40600000,5.82(1.57 %),0,0,7000,40600000,30074385,5.08
19/08/2020,0,0,5.77(-0.86 %),0,0,0,0,30284885,4.77
20/08/2020,-800,-4570000,5.7(-1.21 %),0,0,800,4570000,30277885,4.78
21/08/2020,-20,-115600,5.79(1.58 %),0,0,20,115600,30285705,4.77
24/08/2020,-500,-2960000,5.87(1.38 %),0,0,500,2960000,30284885,4.77
25/08/2020,0,0,5.83(-0.68 %),0,0,0,0,30286205,4.77
26/08/2020,0,0,5.8(-0.51 %),0,0,0,0,30286205,4.77
27/08/2020,0,0,5.81(0.17 %),0,0,0,0,30286205,4.77
28/08/2020,500,2910000,5.82(0.17 %),500,2910000,0,0,30285705,4.77
31/08/2020,0,0,5.82(0.00 %),0,0,0,0,30285705,4.77
01/09/2020,0,0,5.9(1.37 %),0,0,0,0,30285705,4.77
03/09/2020,-184280,-1087908000,5.9(0.00 %),0,0,184280,1087908000,30469985,4.5
04/09/2020,0,0,5.89(-0.17 %),0,0,0,0,30285705,4.77
07/09/2020,0,0,5.83(-1.02 %),0,0,0,0,30469985,4.5
08/09/2020,0,0,5.83(0.00 %),0,0,0,0,30469985,4.5
09/09/2020,0,0,5.85(0.34 %),0,0,0,0,30469985,4.5
10/09/2020,0,0,5.84(-0.17 %),0,0,0,0,30469985,4.5
11/09/2020,0,0,6.09(4.28 %),0,0,0,0,30469985,4.5
14/09/2020,-1000,-6050000,6.24(2.46 %),0,0,1000,6050000,30470985,4.5
15/09/2020,-3430,-21300000,6.18(-0.96 %),0,0,3430,21300000,30469985,4.5
16/09/2020,-750,-4642500,6.15(-0.49 %),0,0,750,4642500,30475165,4.49
17/09/2020,0,0,6.15(0.00 %),0,0,0,0,30475165,4.49
18/09/2020,0,0,6.22(1.14 %),0,0,0,0,30474415,4.49
21/09/2020,0,0,6.47(4.02 %),0,0,0,0,30475165,4.49
22/09/2020,0,0,6.3(-2.63 %),0,0,0,0,30475165,4.49
23/09/2020,-1500,-9397500,6.38(1.27 %),0,0,1500,9397500,30476665,4.49
24/09/2020,-14250,-90580000,6.35(-0.47 %),750,4820000,15000,95400000,30474415,4.49
25/09/2020,99210,629980000,6.63(4.41 %),99210,629980000,0,0,30375205,4.64
28/09/2020,0,0,6.8(2.56 %),0,0,0,0,30376705,4.64
29/09/2020,-750,-5100000,6.8(0.00 %),0,0,750,5100000,30392455,4.61
30/09/2020,-9000,-60360000,6.73(-1.03 %),0,0,9000,60360000,30391705,4.61
01/10/2020,0,0,6.72(-0.15 %),0,0,0,0,30391705,4.61
02/10/2020,-183280,-1220180000,6.63(-1.34 %),0,0,183280,1220180000,30392455,4.61
05/10/2020,-1070,-7276000,6.72(1.36 %),0,0,1070,7276000,30576055,4.34
06/10/2020,-80,-540800,6.85(1.93 %),0,0,80,540800,30576135,4.34
07/10/2020,0,0,6.87(0.29 %),0,0,0,0,30584735,4.33
08/10/2020,0,0,6.92(0.73 %),0,0,0,0,30585805,4.33
09/10/2020,0,0,6.91(-0.14 %),0,0,0,0,30585885,4.33
12/10/2020,0,0,6.7(-3.04 %),0,0,0,0,30576135,4.34
13/10/2020,0,0,6.84(2.09 %),0,0,0,0,30576135,4.34
14/10/2020,-650,-4420000,6.84(0.00 %),0,0,650,4420000,30576785,4.34
15/10/2020,0,0,6.76(-1.17 %),0,0,0,0,30585885,4.33
16/10/2020,0,0,6.76(0.00 %),0,0,0,0,30576785,4.34
19/10/2020,0,0,6.82(0.89 %),0,0,0,0,30576785,4.34
20/10/2020,0,0,6.79(-0.44 %),0,0,0,0,30586532,4.33
21/10/2020,0,0,6.79(0.00 %),0,0,0,0,30576785,4.34
22/10/2020,0,0,6.78(-0.15 %),0,0,0,0,30576785,4.34
23/10/2020,0,0,6.8(0.29 %),0,0,0,0,30586532,4.33
26/10/2020,0,0,6.76(-0.59 %),0,0,0,0,30586532,4.33
27/10/2020,0,0,6.76(0.00 %),0,0,0,0,30586532,4.33
28/10/2020,32880,208788000,6.35(-6.07 %),32880,208788000,0,0,30543905,4.39
29/10/2020,12100,74790000,6.4(0.79 %),12100,74790000,0,0,30531805,4.41
30/10/2020,-9900,-62870000,6.5(1.56 %),10100,64130000,20000,127000000,30541705,4.39
02/11/2020,13020,81925000,6.3(-3.08 %),13020,81925000,0,0,30531452,4.41
03/11/2020,0,0,6.4(1.59 %),0,0,0,0,30518432,4.43
04/11/2020,0,0,6.44(0.62 %),0,0,0,0,30538432,4.4
05/11/2020,0,0,6.47(0.47 %),0,0,0,0,30531452,4.41
06/11/2020,500,3240000,6.47(0.00 %),500,3240000,0,0,30537932,4.4
09/11/2020,0,0,6.43(-0.62 %),0,0,0,0,30530952,4.41
10/11/2020,-1940,-12470000,6.57(2.18 %),0,0,1940,12470000,30537932,4.4
11/11/2020,0,0,6.57(0.00 %),0,0,0,0,30532892,4.41
12/11/2020,0,0,6.59(0.30 %),0,0,0,0,30532892,4.41
13/11/2020,0,0,6.56(-0.46 %),0,0,0,0,30539872,4.4
16/11/2020,0,0,6.55(-0.15 %),0,0,0,0,30539872,4.4
17/11/2020,0,0,6.5(-0.76 %),0,0,0,0,30532892,4.41
18/11/2020,0,0,6.57(1.08 %),10,70000,10,70000,30539862,4.4
19/11/2020,0,0,7.02(6.85 %),0,0,0,0,30539865,4.4
20/11/2020,-430,-3229300,7.51(6.98 %),0,0,430,3229300,30533322,4.41
23/11/2020,2000,15800000,8.03(6.92 %),2000,15800000,0,0,30537875,4.4
24/11/2020,-320,-2563200,7.81(-2.74 %),0,0,320,2563200,30531642,4.41
25/11/2020,70,550000,8.15(4.35 %),70,550000,0,0,30538235,4.4
26/11/2020,-1900,-15060000,7.85(-3.68 %),100,800000,2000,15860000,30540135,4.4
27/11/2020,0,0,7.51(-4.33 %),0,0,0,0,30540135,4.4
30/11/2020,420,3231000,7.6(1.20 %),500,3835000,80,604000,30539715,4.4
01/12/2020,0,0,7.8(2.63 %),0,0,0,0,30539955,4.4
02/12/2020,0,0,7.6(-2.56 %),0,0,0,0,30539955,4.4
03/12/2020,0,0,7.94(4.47 %),0,0,0,0,30540035,4.4
04/12/2020,100,800000,7.71(-2.90 %),100,800000,0,0,30539935,4.4
07/12/2020,100,771000,7.75(0.52 %),100,771000,0,0,30539755,4.4
08/12/2020,100,760000,7.48(-3.48 %),100,760000,0,0,30539735,4.4
09/12/2020,100,0,7.78(4.01 %),100,0,0,0,30539555,4.4
10/12/2020,10,780000,7.67(-1.41 %),10,780000,0,0,30539535,4.4
11/12/2020,100,767000,7.67(0.00 %),100,767000,0,0,30539355,4.4
14/12/2020,320,24810000,7.79(1.56 %),320,24810000,0,0,30536235,4.4
15/12/2020,-1900,-15830000,8.33(6.93 %),100,780000,2000,16610000,30536135,4.4
16/12/2020,-3000,-25950000,8.65(3.84 %),0,0,3000,25950000,30541055,4.4
17/12/2020,-7000,-59220000,8.41(-2.77 %),0,0,7000,59220000,30548055,4.39
18/12/2020,-300,-2510000,8.44(0.36 %),0,0,300,2510000,30538135,4.4
21/12/2020,-8100,-67640000,8.44(0.00 %),0,0,8100,67640000,30541135,4.4
22/12/2020,-1070,0,8.44(0.00 %),0,0,1070,0,30557525,4.37
23/12/2020,-250,-2100000,8.38(-0.71 %),0,0,250,2100000,30557775,4.37
24/12/2020,0,0,7.9(-5.73 %),0,0,0,0,30557775,4.37
25/12/2020,0,0,8.2(3.80 %),0,0,0,0,30557775,4.37
28/12/2020,-270,-2214000,8.1(-1.22 %),0,0,270,2214000,30558045,4.37
29/12/2020,0,0,8.2(1.23 %),0,0,0,0,30557855,4.37
30/12/2020,0,0,8.18(-0.24 %),0,0,0,0,30557855,4.37
31/12/2020,9,740000,8.19(0.12 %),9,740000,0,0,30558035,4.37
04/01/2021,200,1670000,8.34(1.83 %),200,1670000,0,0,30557835,4.37
05/01/2021,200,1664000,8.9(6.71 %),200,1664000,0,0,30557635,4.37
06/01/2021,500,4483000,8.84(-0.67 %),500,4483000,0,0,30557135,4.37
07/01/2021,20,1760000,8.75(-1.02 %),20,1760000,0,0,30556935,4.37
08/01/2021,200,1730000,9.2(5.14 %),200,1730000,0,0,30556735,4.37
11/01/2021,16600,159203000,9.78(6.30 %),16700,160155000,100,952000,30540135,4.4
12/01/2021,830,81420000,9.87(0.92 %),830,81420000,0,0,30531735,4.41
13/01/2021,13400,128088000,9.52(-3.55 %),19300,185331000,5900,57243000,30518435,4.43
14/01/2021,2900,27902000,9.37(-1.58 %),7300,69123000,4400,41221000,30515535,4.43
15/01/2021,4720,452650000,10(6.72 %),4740,454570000,20,1920000,30457835,4.52
18/01/2021,3380,360930000,10.7(7.00 %),3380,360930000,0,0,30429935,4.56
19/01/2021,7900,80425000,9.96(-6.92 %),21100,224290000,13200,143865000,30426635,4.56
20/01/2021,-1010,-99200000,9.83(-1.31 %),220,21230000,1230,120430000,30411235,4.59
21/01/2021,-7000,-66427000,10.5(6.82 %),9200,95350000,16200,161777000,30443735,4.54
22/01/2021,5800,64750000,11.2(6.67 %),6300,70350000,500,5600000,30437935,4.55
25/01/2021,5130,579000000,11.45(2.23 %),5130,579000000,0,0,30369935,4.65
26/01/2021,4700,55040000,10.65(-6.99 %),9600,107470000,4900,52430000,30381935,4.63
27/01/2021,-2190,-216860000,9.91(-6.95 %),210,21100000,2400,237960000,30374935,4.64
28/01/2021,-1000,-9220000,9.22(-6.96 %),0,0,1000,9220000,30404835,4.59
29/01/2021,4960,434590000,8.97(-2.71 %),5010,439120000,50,4530000,30329735,4.7
01/02/2021,900,80520000,8.35(-6.91 %),1780,155160000,880,74640000,30335935,4.7
02/02/2021,-81700,-670098000,8.1(-2.99 %),38200,300927000,119900,971025000,30417635,4.58
03/02/2021,-6550,-534290000,8.5(4.94 %),150,12150000,6700,546440000,30297735,4.75
04/02/2021,-6900,-604370000,8.55(0.59 %),0,0,6900,604370000,30306535,4.74
05/02/2021,-33500,-296706000,8.8(2.92 %),1300,11559000,34800,308265000,30585635,4.33
08/02/2021,-2410,-214500000,8.19(-6.93 %),460,39140000,2870,253640000,30487535,4.47
09/02/2021,1730,148720000,8.5(3.79 %),3670,307980000,1940,159260000,30519835,4.43
17/02/2021,-4600,-41744000,9.09(6.94 %),0,0,4600,41744000,30597035,4.31
18/02/2021,-39300,-371951000,9.45(3.96 %),10000,95625000,49300,467576000,30636335,4.26
19/02/2021,300,2942000,9.3(-1.59 %),2000,18660000,1700,15718000,30636035,4.26
22/02/2021,-11100,-102483000,9.3(0.00 %),5600,51737000,16700,154220000,30647135,4.24
23/02/2021,2010,189520000,9.45(1.61 %),2370,222920000,360,33400000,30615335,4.29
24/02/2021,-9900,-90582000,9.22(-2.43 %),21800,205121000,31700,295703000,30636935,4.26
25/02/2021,-5600,-51816000,9.21(-0.11 %),0,0,5600,51816000,30642535,4.25
26/02/2021,6200,58028000,9.28(0.76 %),20900,191476000,14700,133448000,30636335,4.26
01/03/2021,3900,33770000,9.73(4.85 %),19000,179651000,15100,145881000,30626335,4.27
02/03/2021,-2030,-194670000,9.58(-1.54 %),100,9730000,2130,204400000,30611935,4.29
03/03/2021,-50,-4270000,9.7(1.25 %),310,30170000,360,34440000,30623535,4.28
04/03/2021,-1120,-106950000,9.6(-1.03 %),0,0,1120,106950000,30638635,4.25
05/03/2021,-16500,-159578000,9.58(-0.21 %),5000,48000000,21500,207578000,30674835,4.2
08/03/2021,-660,-63920000,9.6(0.21 %),0,0,660,63920000,30658535,4.22
09/03/2021,-2300,-24191000,10.25(6.77 %),8700,84959000,11000,109150000,30683735,4.19
10/03/2021,-1150,-120220000,10.5(2.44 %),50,5180000,1200,125400000,30682035,4.19
11/03/2021,0,0,10.25(-2.38 %),0,0,0,0,30688725,4.18
12/03/2021,18100,186090000,10.15(-0.98 %),18100,186090000,0,0,30677135,4.2
15/03/2021,29000,300540000,10.45(2.96 %),29000,300540000,0,0,30648135,4.24
16/03/2021,150,17490000,10.35(-0.96 %),1020,105850000,870,88360000,30654425,4.23
17/03/2021,1960,201140000,10.25(-0.49 %),1960,201140000,0,0,30634825,4.26
18/03/2021,-590,-60270000,9.95(-2.93 %),260,26320000,850,86590000,30632225,4.26
19/03/2021,3500,36088000,10.1(1.51 %),10800,109009000,7300,72921000,30629435,4.27
22/03/2021,15900,163140000,10.4(2.97 %),15900,163140000,0,0,30613535,4.29
23/03/2021,-2320,-235840000,10.2(-1.92 %),0,0,2320,235840000,30622723,4.28
24/03/2021,-14900,-148015000,9.9(-2.94 %),5400,54270000,20300,202285000,30651635,4.23
25/03/2021,-30500,-301113000,9.8(-1.01 %),0,0,30500,301113000,30682135,4.19
26/03/2021,-6300,-62060000,9.42(-3.88 %),7200,67997000,13500,130057000,30688435,4.18
29/03/2021,-70,-6640000,9.46(0.42 %),100,9500000,170,16140000,30659978,4.22
30/03/2021,80,7570000,9.5(0.42 %),80,7570000,0,0,30689678,4.18
31/03/2021,17300,166426000,9.59(0.95 %),17300,166426000,0,0,30671035,4.21
01/04/2021,720,70440000,9.9(3.23 %),1720,166340000,1000,95900000,30670378,4.21
02/04/2021,-10300,-103303000,9.96(0.61 %),0,0,10300,103303000,30697878,4.17
05/04/2021,-14180,-1385320000,9.8(-1.61 %),0,0,14180,1385320000,30670378,4.21
06/04/2021,-1550,-149990000,9.64(-1.63 %),0,0,1550,149990000,30680378,4.19
07/04/2021,-580,-55430000,9.55(-0.93 %),0,0,580,55430000,30690678,4.18
08/04/2021,700,6706000,9.65(1.05 %),700,6706000,0,0,30860278,3.93
09/04/2021,2010,195620000,10.1(4.66 %),2010,195620000,0,0,30827178,3.98
12/04/2021,0,20000,10.15(0.50 %),40,4060000,40,4040000,30832578,3.97
13/04/2021,70,7200000,9.86(-2.86 %),140,14090000,70,6890000,30831178,3.97
14/04/2021,-1160,-112180000,9.86(0.00 %),110,10750000,1270,122930000,30830078,3.97
15/04/2021,600,6084000,9.68(-1.83 %),7600,74232000,7000,68148000,30850478,3.94
16/04/2021,-1700,-16283000,9.48(-2.07 %),0,0,1700,16283000,30852178,3.94
19/04/2021,-1200,-11343000,9.33(-1.58 %),0,0,1200,11343000,30853378,3.94
20/04/2021,-760,-71730000,9.19(-1.50 %),0,0,760,71730000,30843137,3.95
22/04/2021,0,0,8.94(-2.72 %),0,0,0,0,30860978,3.93
23/04/2021,500,44500000,8.95(0.11 %),500,44500000,0,0,30841037,3.96
26/04/2021,400,3444000,8.5(-5.03 %),400,3444000,0,0,30855578,3.94
27/04/2021,16400,135548000,8.49(-0.12 %),16400,135548000,0,0,30839178,3.96
28/04/2021,850,71880000,8.47(-0.24 %),850,71880000,0,0,30823337,3.98
29/04/2021,1020,86250000,8.49(0.24 %),1220,103170000,200,16920000,30811137,4.0
04/05/2021,-4300,-34945000,8.18(-3.65 %),2000,16420000,6300,51365000,30811137,4.0
05/05/2021,23000,191135000,8.51(4.03 %),25400,211921000,2400,20786000,30788137,4.03
06/05/2021,9000,77181000,8.59(0.94 %),9100,78050000,100,869000,30779137,4.05
07/05/2021,-820,-69910000,8.45(-1.63 %),150,12610000,970,82520000,30781437,4.04
10/05/2021,330,27090000,8.38(-0.83 %),350,28740000,20,1650000,30780337,4.05
11/05/2021,6000,51155000,8.45(0.84 %),6200,52843000,200,1688000,30778037,4.05
12/05/2021,1000,8408000,8.45(0.00 %),1200,10108000,200,1700000,30777037,4.05
13/05/2021,350,29690000,8.45(0.00 %),350,29690000,0,0,30779437,4.05
14/05/2021,-4900,-40898000,8.4(-0.59 %),2700,22896000,7600,63794000,30778437,4.05
17/05/2021,-16800,-141187000,8.37(-0.36 %),500,4210000,17300,145397000,30795237,4.02
18/05/2021,-920,-75880000,8.25(-1.43 %),0,0,920,75880000,30776637,4.05
19/05/2021,-9000,-73894000,8.18(-0.85 %),0,0,9000,73894000,30813437,4.0
20/05/2021,-14100,-113582000,8(-2.20 %),0,0,14100,113582000,30827537,3.98
21/05/2021,-40620,-3174960000,7.77(-2.88 %),1670,131770000,42290,3306730000,30794037,4.03
24/05/2021,13200,104978000,7.98(2.70 %),14600,115856000,1400,10878000,31220537,3.4
25/05/2021,1610,130880000,8.25(3.38 %),1610,130880000,0,0,30786437,4.04
26/05/2021,-700,-5642000,8.13(-1.45 %),3200,25990000,3900,31632000,31205137,3.43
27/05/2021,-10200,-82134000,8(-1.60 %),0,0,10200,82134000,31215337,3.41
28/05/2021,-16700,-133367000,7.98(-0.25 %),0,0,16700,133367000,31232037,3.39
31/05/2021,-310,-24470000,7.82(-2.01 %),0,0,310,24470000,31211437,3.42
01/06/2021,-6400,-49962000,8.1(3.58 %),2400,19324000,8800,69286000,31221637,3.4
02/06/2021,0,0,8.47(4.57 %),0,0,0,0,31235937,3.38
03/06/2021,-9500,-78499000,8.66(2.24 %),10700,92595000,20200,171094000,31231137,3.39
04/06/2021,-3000,-24772000,8.65(-0.12 %),6100,52946000,9100,77718000,31234137,3.38
07/06/2021,-350,-30580000,8.83(2.08 %),10,890000,360,31470000,31230937,3.39
08/06/2021,-1030,-89510000,8.5(-3.74 %),300,26160000,1330,115670000,31248137,3.36
09/06/2021,-3900,-32881000,8.5(0.00 %),0,0,3900,32881000,31251837,3.36
10/06/2021,-3100,-25971000,8.38(-1.41 %),1600,13552000,4700,39523000,31254937,3.35
11/06/2021,1820,151550000,8.4(0.24 %),1930,160700000,110,9150000,31253237,3.36
14/06/2021,1520,126970000,8.35(-0.60 %),1520,126970000,0,0,31241937,3.37
15/06/2021,16200,136457000,8.44(1.08 %),16200,136457000,0,0,31205337,3.43
16/06/2021,840,70840000,8.43(-0.12 %),840,70840000,0,0,31223137,3.4
17/06/2021,16400,141411000,8.95(6.17 %),16400,141411000,0,0,31180537,3.46
18/06/2021,-3090,-283480000,9.02(0.78 %),0,0,3090,283480000,31206737,3.42
21/06/2021,-28700,-254923000,8.86(-1.77 %),0,0,28700,254923000,31240137,3.37
22/06/2021,11000,97386000,8.92(0.68 %),11000,97386000,0,0,31229137,3.39
23/06/2021,-13930,-1219800000,8.89(-0.34 %),100,8800000,14030,1228600000,31225637,3.4
24/06/2021,5900,58358000,9.3(4.61 %),14700,137002000,8800,78644000,31362537,3.2
25/06/2021,-7500,-71590000,9.7(4.30 %),2000,19180000,9500,90770000,31370037,3.18
28/06/2021,-2660,-257400000,9.7(0.00 %),0,0,2660,257400000,31377937,3.17
29/06/2021,-3300,-31802000,9.03(-6.91 %),10000,92500000,13300,124302000,31399937,3.14
30/06/2021,-1000,-8815000,8.7(-3.65 %),0,0,1000,8815000,31400937,3.14
01/07/2021,5600,48110000,8.69(-0.11 %),6200,53304000,600,5194000,31412837,3.12
02/07/2021,-2100,-16496000,8.92(2.65 %),7900,70616000,10000,87112000,31414937,3.12
05/07/2021,8000,0,8.69(-2.58 %),9000,0,1000,0,31406937,3.13
06/07/2021,-4300,-37022000,8.4(-3.34 %),1900,16390000,6200,53412000,31411237,3.12
07/07/2021,210,17660000,8.2(-2.38 %),1000,80780000,790,63120000,31402737,3.14
08/07/2021,-630,-51250000,8.14(-0.73 %),0,0,630,51250000,31403737,3.14
09/07/2021,-287400,-2293726000,7.9(-2.95 %),0,0,287400,2293726000,31702837,2.7
12/07/2021,-380,-29400000,7.38(-6.58 %),620,46730000,1000,76130000,31411637,3.12
13/07/2021,5000,37424000,7.52(1.90 %),5000,37424000,0,0,31701637,2.7
14/07/2021,50,3910000,7.83(4.12 %),50,3910000,0,0,31699837,2.7
15/07/2021,-3400,-26590000,7.96(1.66 %),0,0,3400,26590000,31704537,2.7
16/07/2021,-29300,-232786000,7.92(-0.50 %),0,0,29300,232786000,31733837,2.65
19/07/2021,900,6710000,7.56(-4.55 %),1400,10582000,500,3872000,31732937,2.65
20/07/2021,5600,43690000,7.85(3.84 %),5600,43690000,0,0,31727337,2.66
21/07/2021,0,0,7.87(0.25 %),0,0,0,0,31727337,2.66
22/07/2021,10700,85493000,8(1.65 %),10700,85493000,0,0,31716637,2.68
23/07/2021,-3400,-27416000,8.15(1.88 %),700,5705000,4100,33121000,31720037,2.67
26/07/2021,-500,-4066000,8.1(-0.61 %),1400,11382000,1900,15448000,31720537,2.67
27/07/2021,-87700,-704760000,7.99(-1.36 %),8500,67985000,96200,772745000,31808237,2.54
28/07/2021,-103700,-820478000,8(0.13 %),0,0,103700,820478000,31911937,2.39
29/07/2021,3800,28720000,7.52(-6.00 %),5200,39428000,1400,10708000,31908137,2.4
30/07/2021,0,0,7.52(0.00 %),0,0,0,0,31908137,2.4
02/08/2021,-9200,-68057000,7.42(-1.33 %),100,745000,9300,68802000,31915517,2.39
03/08/2021,-7200,-53415000,7.42(0.00 %),300,2235000,7500,55650000,31922717,2.38
04/08/2021,0,0,7.41(-0.13 %),0,0,0,0,31922717,2.38
05/08/2021,8600,64475000,7.66(3.37 %),9100,68350000,500,3875000,31914117,2.39
06/08/2021,11200,86012000,7.74(1.04 %),11200,86012000,0,0,31902917,2.41
09/08/2021,7700,61277000,8.24(6.46 %),8000,63596000,300,2319000,31895217,2.42
10/08/2021,8300,68651000,8.37(1.58 %),17400,145287000,9100,76636000,31886917,2.43
11/08/2021,-5000,-42684000,8.69(3.82 %),2200,18634000,7200,61318000,31891917,2.42
12/08/2021,-8100,-67585000,8.3(-4.49 %),2300,19548000,10400,87133000,31900017,2.41
13/08/2021,8400,70330800,8.28(-0.24 %),10600,74372800,2200,4042000,31891617,2.42
16/08/2021,500,4155000,8.23(-0.60 %),500,4155000,0,0,31891117,2.42
17/08/2021,2100,17238000,8.15(-0.97 %),4100,33410000,2000,16172000,31887417,2.43
18/08/2021,9500,77580000,8.13(-0.25 %),9500,77580000,0,0,31881617,2.44
19/08/2021,24400,198745000,8.29(1.97 %),24400,198745000,0,0,31857217,2.47
20/08/2021,-23000,-193070000,8.29(0.00 %),1900,15960000,24900,209030000,31880217,2.44
23/08/2021,-9500,-76706000,8(-3.50 %),0,0,9500,76706000,31889717,2.43
24/08/2021,16200,127118000,7.99(-0.12 %),22000,173505000,5800,46387000,31873517,2.45
25/08/2021,11500,91053000,7.91(-1.00 %),18100,142289000,6600,51236000,31862017,2.47
26/08/2021,48200,395833000,8.18(3.41 %),55000,451205000,6800,55372000,31813817,2.54
27/08/2021,35400,291366000,8.22(0.49 %),40300,331350000,4900,39984000,31778417,2.59
30/08/2021,23500,196062000,8.34(1.46 %),23500,196062000,0,0,31754917,2.62
31/08/2021,-3800,-31241000,8.2(-1.68 %),6200,51404000,10000,82645000,31758717,2.62
01/09/2021,20000,165658000,8.3(1.22 %),20000,165658000,0,0,31737217,2.65
06/09/2021,41900,366084000,8.88(6.99 %),41900,366084000,0,0,31695317,2.71
07/09/2021,-112600,-1031941000,8.9(0.23 %),400,3740000,113000,1035681000,31807917,2.55
08/09/2021,12700,114497000,8.76(-1.57 %),20800,183856000,8100,69359000,31795217,2.56
09/09/2021,30100,266683000,9(2.74 %),31300,277321000,1200,10638000,31765117,2.61
10/09/2021,-12500,-114748000,9.63(7.00 %),6300,60529000,18800,175277000,31777617,2.59
13/09/2021,-8000,-81200000,10.3(6.96 %),0,0,8000,81200000,31785617,2.58
14/09/2021,-100000,-1034775000,10(-2.91 %),16200,170160000,116200,1204935000,31885617,2.43
15/09/2021,40600,411153000,10.7(7.00 %),43400,439427000,2800,28274000,31845017,2.49
16/09/2021,-57600,-639155000,11.4(6.54 %),3000,33320000,60600,672475000,31902617,2.41
17/09/2021,116100,1410880000,12.15(6.58 %),129600,1571840000,13500,160960000,31786517,2.58
20/09/2021,38200,458080000,12(-1.23 %),73500,896825000,35300,438745000,31748317,2.63
21/09/2021,69700,830025000,12.8(6.67 %),69700,830025000,0,0,31678617,2.73
22/09/2021,-51100,-654925000,12.75(-0.39 %),13000,169180000,64100,824105000,31729717,2.66
23/09/2021,16000,201020000,11.9(-6.67 %),27100,334215000,11100,133195000,31713717,2.68
24/09/2021,203200,2342480000,11.4(-4.20 %),204400,2356520000,1200,14040000,31510517,2.98
27/09/2021,79200,878495000,10.8(-5.26 %),80200,889945000,1000,11450000,31431317,3.1
28/09/2021,118800,1284675000,11.4(5.56 %),123700,1338380000,4900,53705000,31312517,3.27
29/09/2021,18100,203105000,11.45(0.44 %),21600,242430000,3500,39325000,31294417,3.3
30/09/2021,-67600,-774445000,11.5(0.44 %),7700,88070000,75300,862515000,31362017,3.2
01/10/2021,-13300,-144385000,11.1(-3.48 %),68508,757010600,81808,901395600,31260917,3.34
04/10/2021,27200,313325000,11.85(6.76 %),27200,313325000,0,0,31233717,3.38
05/10/2021,-121000,-1444855000,11.85(0.00 %),5300,63940000,126300,1508795000,31354717,3.21
06/10/2021,47000,533895000,11.65(-1.69 %),68400,784350000,21400,250455000,31307717,0.0
07/10/2021,55900,670325000,12(3.00 %),86000,1029035000,30100,358710000,31251817,0.0
08/10/2021,-38900,-469125000,12(0.00 %),300,3615000,39200,472740000,31290717,0.0
11/10/2021,-29400,-245564100,11.8(-1.67 %),12900,0,42300,245564100,31320117,0.0
12/10/2021,-82700,-989530000,12.1(2.54 %),13400,161255000,96100,1150785000,31402817,0.0
13/10/2021,45700,569900000,12.5(3.31 %),57700,720025000,12000,150125000,31357117,0.0
14/10/2021,4000,61755000,13.35(6.80 %),22900,302695000,18900,240940000,31353117,0.0
15/10/2021,-51600,-683315000,13.15(-1.50 %),30000,405560000,81600,1088875000,31404717,0.0
18/10/2021,-3700,-47950000,12.75(-3.04 %),3200,41650000,6900,89600000,31408417,0.0
19/10/2021,35600,453110000,12.7(-0.39 %),35600,453110000,0,0,31372817,0.0
20/10/2021,47800,617575000,13.55(6.69 %),53800,697225000,6000,79650000,31325017,0.0
21/10/2021,-58700,-791585000,13.55(0.00 %),8300,113790000,67000,905375000,31431517,0.0
22/10/2021,-7900,-104220000,14.15(4.43 %),30800,422040000,38700,526260000,31439417,0.0
25/10/2021,-29000,-398825000,13.6(-3.89 %),1300,18080000,30300,416905000,31468417,0.0
26/10/2021,-7000,-85365000,13.15(-3.31 %),26400,355165000,33400,440530000,31475417,0.0
27/10/2021,0,-1075000,13.1(-0.38 %),20600,270905000,20600,271980000,31475417,0.0
28/10/2021,0,0,13.2(0.76 %),0,0,0,0,31475417,3.03
29/10/2021,-3900,-52130000,13(-1.52 %),6300,81900000,10200,134030000,31479317,3.03
01/11/2021,-121600,-1544205000,12.6(-3.08 %),1100,13900000,122700,1558105000,31508167,2.98
02/11/2021,-33700,-424365000,12.5(-0.79 %),66300,832285000,100000,1256650000,31541867,2.93
03/11/2021,5800,69460000,11.9(-4.80 %),50800,631855000,45000,562395000,31536067,0.0
04/11/2021,35400,381801600,11.75(-1.26 %),38600,419510400,3200,37708800,31506467,0.0
05/11/2021,74100,879315000,12.2(3.83 %),75100,891015000,1000,11700000,31467767,0.0
08/11/2021,-31800,-388900000,12.05(-1.23 %),1600,19230000,33400,408130000,31573667,2.89
09/11/2021,51200,615810000,12.1(0.41 %),56900,684495000,5700,68685000,31522467,2.96
10/11/2021,-81300,-1003079400,12.55(3.72 %),61300,756319400,142600,1759398800,31603767,0.0
11/11/2021,-92600,-1175450000,12.5(-0.40 %),13500,169425000,106100,1344875000,31615067,2.83
12/11/2021,-62800,-774760000,12.45(-0.40 %),18400,230185000,81200,1004945000,31677867,2.74
15/11/2021,8600,105665000,12.3(-1.20 %),10900,133840000,2300,28175000,31669267,2.75
16/11/2021,11000,137315000,12.8(4.07 %),20100,247845000,9100,110530000,31658267,2.76
17/11/2021,-98400,-1246345000,12.6(-1.56 %),0,0,98400,1246345000,31756667,2.62
18/11/2021,-55100,-698605000,12.6(0.00 %),0,0,55100,698605000,31811767,2.54
19/11/2021,-82300,-1013195000,12(-4.76 %),6600,79285000,88900,1092480000,31894067,2.42
22/11/2021,-73900,-851415000,11.2(-6.67 %),2400,27555000,76300,878970000,31967967,2.31
23/11/2021,14300,157150000,11.6(3.57 %),14500,159400000,200,2250000,31953667,2.33
24/11/2021,-95300,-1094900000,11.25(-3.02 %),300,3495000,95600,1098395000,32048967,2.19
25/11/2021,19500,216140000,11.35(0.89 %),30200,336370000,10700,120230000,32029467,2.22
26/11/2021,-19300,-215535000,11.2(-1.32 %),500,5575000,19800,221110000,32048767,0.0
29/11/2021,10400,-94204000,10.95(-2.23 %),20000,0,9600,94204000,32038367,0.0
30/11/2021,1200,13040000,11.1(1.37 %),5600,61880000,4400,48840000,32047567,2.2
01/12/2021,-28300,-312640000,11.15(0.45 %),1400,15470000,29700,328110000,32113664,2.1
02/12/2021,2000,22415000,11.25(0.90 %),2000,22415000,0,0,32111664,2.1
03/12/2021,-28000,-313230000,10.9(-3.11 %),0,0,28000,313230000,32139664,2.06
06/12/2021,-33600,-357360000,10.4(-4.59 %),15500,166025000,49100,523385000,32173264,2.01
07/12/2021,4600,48475000,10.85(4.33 %),5900,62340000,1300,13865000,32168664,2.02
08/12/2021,-2100,-22800000,10.85(0.00 %),400,4360000,2500,27160000,32170764,2.02
09/12/2021,7500,81030000,10.9(0.46 %),7500,81030000,0,0,32163264,0.0
10/12/2021,25100,280220000,11.65(6.88 %),25100,280220000,0,0,32138164,2.06
13/12/2021,-54500,-644805000,11.8(1.29 %),4000,47200000,58500,692005000,32192664,1.98
14/12/2021,30000,347035000,11.7(-0.85 %),53000,614800000,23000,267765000,32162664,2.03
15/12/2021,-75000,-893040000,11.75(0.43 %),400,4700000,75400,897740000,32237664,1.92
16/12/2021,6700,78560000,11.7(-0.43 %),7400,86680000,700,8120000,32230964,1.93
17/12/2021,-11400,-133715000,11.7(0.00 %),8600,101285000,20000,235000000,32242364,1.91
20/12/2021,6500,75265000,11.6(-0.85 %),7600,87965000,1100,12700000,32235864,1.92
21/12/2021,6500,74240000,11.5(-0.86 %),14700,167790000,8200,93550000,32229364,0.0
22/12/2021,10100,113400000,11.65(1.30 %),17400,198235000,7300,84835000,32219264,1.94
23/12/2021,-16700,-191081400,11.4(-2.56 %),2200,25172400,18900,216253800,32235964,0.0
24/12/2021,0,0,11.4(0.00 %),0,0,0,0,32219264,1.94
27/12/2021,-14300,-161190000,11.3(-0.88 %),0,0,14300,161190000,32282811,1.85
28/12/2021,6600,74635000,11.15(-1.33 %),11500,129515000,4900,54880000,32276211,1.86
29/12/2021,7500,85450000,11.3(0.89 %),7500,85450000,0,0,32321911,1.79
30/12/2021,-900,-10175000,11.15(-1.33 %),0,0,900,10175000,32326811,1.79
31/12/2021,-10600,-117980000,11.25(0.45 %),0,0,10600,117980000,32326811,1.79
04/01/2022,19900,225625000,11.45(1.33 %),20000,226750000,100,1125000,32307711,1.82
05/01/2022,5800,66675000,11.3(-1.74 %),5800,66675000,0,0,32312521,1.81
06/01/2022,-4100,-45950000,11.25(-0.44 %),0,0,4100,45950000,32312621,1.81
07/01/2022,-10700,-120580000,11.15(-1.33 %),0,0,10700,120580000,32312621,1.81
10/01/2022,21000,201683400,11.9(6.25 %),21400,206346600,400,4663200,32295321,1.83
11/01/2022,-20400,-237045000,11.6(-2.52 %),600,7050000,21000,244095000,32305421,1.82
12/01/2022,-3700,-43770000,11.7(0.86 %),0,0,3700,43770000,32305821,1.82
13/01/2022,-21300,-249210000,11.4(-2.56 %),0,0,21300,249210000,32326821,1.79
14/01/2022,900,9580000,11.1(-2.63 %),1500,16360000,600,6780000,32329021,1.78
17/01/2022,0,0,10.45(-5.86 %),0,0,0,0,32350321,1.75
18/01/2022,11200,112427000,9.75(-6.70 %),11200,112427000,0,0,32339721,1.77
19/01/2022,-1400,-13950000,9.73(-0.71 %),100,975000,1500,14925000,32339621,1.77
20/01/2022,0,0,10.3(5.10 %),0,0,0,0,32339621,1.77
21/01/2022,-7200,-74880000,10.5(0.96 %),0,0,7200,74880000,32341121,1.77
24/01/2022,-4000,-40123000,9.77(-6.95 %),0,0,4000,40123000,32341121,1.77
25/01/2022,0,0,10(2.04 %),0,0,0,0,32348321,1.76
26/01/2022,0,0,10(0.00 %),100,0,100,0,32352221,1.75
27/01/2022,0,0,9.82(-1.80 %),0,0,0,0,32352221,1.75
28/01/2022,1000,9790000,9.82(0.20 %),1000,9790000,0,0,32351321,1.75
07/02/2022,6900,70206000,10.2(4.08 %),8900,89866000,2000,19660000,32342421,1.76
08/02/2022,11000,112155000,10.3(0.98 %),11000,112155000,0,0,32331421,1.78
09/02/2022,12600,129670000,10.4(0.97 %),12600,129670000,0,0,32320821,1.8
10/02/2022,20600,214350000,10.4(0.00 %),20600,214350000,0,0,32300221,1.83
11/02/2022,107500,1119705000,10.5(0.96 %),107600,1120745000,100,1040000,32192621,1.98
14/02/2022,5400,57810000,11.2(6.67 %),5400,57810000,0,0,32187221,1.99
15/02/2022,-10100,-110345000,10.95(-2.23 %),0,0,10100,110345000,32187321,1.99
16/02/2022,4000,43300000,10.95(-0.45 %),5000,54200000,1000,10900000,32182321,2.0
17/02/2022,22100,239430000,10.85(-1.36 %),22100,239430000,0,0,32170321,2.02
18/02/2022,9100,99095000,10.85(-0.46 %),9100,99095000,0,0,32162221,2.03
21/02/2022,16500,181955000,11.15(2.29 %),17100,188545000,600,6590000,32145121,2.05
22/02/2022,2400,26415000,10.95(-2.23 %),3600,39435000,1200,13020000,32141521,2.06
23/02/2022,1800,19835000,11.2(1.82 %),3400,37835000,1600,18000000,32138721,2.06
24/02/2022,-19400,-219110000,11.4(1.79 %),2000,22800000,21400,241910000,32137921,2.06
25/02/2022,-10400,-118255000,11.35(-0.44 %),0,0,10400,118255000,32139521,2.06
28/02/2022,1200,13560000,11.35(-0.44 %),2000,22600000,800,9040000,32158921,2.03
01/03/2022,-1500,-19690000,11.85(3.95 %),5600,64135000,7100,83825000,32163721,2.03
02/03/2022,-24600,-297700000,12.1(1.68 %),1100,13365000,25700,311065000,32163421,2.03
03/03/2022,-2700,-34460000,12.9(6.61 %),500,6450000,3200,40910000,32170021,2.02
04/03/2022,-24900,-318095000,12.6(-2.33 %),300,3960000,25200,322055000,32195421,1.98
07/03/2022,6600,86130000,13(3.17 %),8900,116000000,2300,29870000,32189721,1.99
08/03/2022,6500,82785000,12.1(-6.92 %),6500,82785000,0,0,32208421,1.96
09/03/2022,10100,123050000,12.9(6.61 %),12600,152600000,2500,29550000,32198121,1.98
10/03/2022,-9700,-128725000,12.85(-0.39 %),3800,47880000,13500,176605000,32194321,1.98
11/03/2022,26000,340685000,12.8(-0.78 %),43500,564000000,17500,223315000,32153321,2.04
14/03/2022,-12100,-146595000,11.95(-6.64 %),0,0,12100,146595000,32166821,2.02
15/03/2022,6800,79915000,11.95(-0.42 %),8800,103215000,2000,23300000,32175521,2.01
16/03/2022,-9600,-116655000,12.2(1.67 %),5600,68220000,15200,184875000,32182021,2.0
17/03/2022,5000,60645000,12.1(-0.82 %),5000,60645000,0,0,32179021,2.0
18/03/2022,20800,255705000,12.1(0.00 %),21400,262995000,600,7290000,32172821,2.01
21/03/2022,28300,339405000,12.1(0.00 %),28300,339405000,0,0,32144521,2.05
22/03/2022,23500,285975000,12.25(1.24 %),23500,285975000,0,0,32121621,2.09
23/03/2022,49200,601385000,12.2(-0.81 %),49200,601385000,0,0,32072421,2.16
24/03/2022,-63100,-776935000,12.4(1.64 %),3300,41415000,66400,818350000,32069121,2.16
25/03/2022,29200,364825000,12.3(-0.81 %),30000,374705000,800,9880000,32039121,2.21
28/03/2022,-21700,-257160000,11.55(-6.10 %),13100,159625000,34800,416785000,32092421,2.13
29/03/2022,73000,869015000,11.95(3.02 %),78000,927745000,5000,58730000,32015221,2.24
30/03/2022,-3000,-30930000,11.6(-3.33 %),14400,171090000,17400,202020000,32035621,2.21
31/03/2022,-800,-8365000,11.6(0.00 %),3800,44270000,4600,52635000,32036821,2.21
01/04/2022,23400,267305000,11.55(-0.43 %),25100,286865000,1700,19560000,32029121,2.22
04/04/2022,-4600,-52970000,11.55(-0.43 %),200,2300000,4800,55270000,32033521,2.22
05/04/2022,11800,137445000,11.6(0.00 %),11800,137445000,0,0,32023421,2.23
06/04/2022,-11000,-125080000,11.5(-0.86 %),6000,69270000,17000,194350000,32022221,2.23
07/04/2022,-65300,-732275000,11.3(-1.74 %),100,1135000,65400,733410000,32087521,2.14
08/04/2022,-18200,-202070000,11.25(-0.44 %),0,0,18200,202070000,32039121,2.21
12/04/2022,-29100,-313855000,10.5(-6.67 %),0,0,29100,313855000,32068221,2.17
13/04/2022,-6800,-71235000,10.55(0.48 %),200,2100000,7000,73335000,32104521,2.11
14/04/2022,-4300,-45295000,10.25(-3.30 %),0,0,4300,45295000,32151621,2.04
15/04/2022,-3700,0,10.4(0.97 %),1500,0,5200,0,32157121,2.04
18/04/2022,-4400,-45767000,9.8(-5.77 %),9500,93020000,13900,138787000,32151921,2.04
19/04/2022,900,8714000,9.15(-6.63 %),9300,90735000,8400,82021000,32147821,2.05
20/04/2022,34800,315150000,9.15(0.00 %),34800,315150000,0,0,32116821,2.09
21/04/2022,29200,253852000,8.51(-7.50 %),29700,258161000,500,4309000,32105621,2.11
22/04/2022,-7000,-62517000,8.55(0.47 %),9500,82562000,16500,145079000,32096121,2.12
25/04/2022,7300,58591000,7.96(-7.44 %),13200,107949000,5900,49358000,32083421,2.14
26/04/2022,22700,181589000,8.2(2.50 %),23900,191132000,1200,9543000,32076021,2.15
27/04/2022,10700,87614000,8.4(2.44 %),10700,87614000,0,0,32071221,2.16
28/04/2022,600,4036000,8.71(3.69 %),8500,73512000,7900,69476000,32063921,2.17
29/04/2022,7200,62900000,8.78(0.92 %),10400,90799000,3200,27899000,32053521,2.19
04/05/2022,-3000,-25303000,8.62(-2.05 %),10000,86204000,13000,111507000,32051421,2.19
05/05/2022,-1400,-12002000,8.84(2.79 %),4700,41383000,6100,53385000,32052821,2.19
06/05/2022,-1000,-8610000,8.61(-2.16 %),2900,24969000,3900,33579000,32060021,2.18
09/05/2022,-10100,-80901000,8.01(-6.86 %),1900,15219000,12000,96120000,32064221,2.17
10/05/2022,-11800,-95580000,8.1(1.25 %),5100,41310000,16900,136890000,32063021,2.17
11/05/2022,-27700,-217016000,7.84(-3.21 %),0,0,27700,217016000,32090721,2.13
12/05/2022,-19700,-151786000,7.45(-4.97 %),0,0,19700,151786000,32110421,2.1
13/05/2022,-18000,-131205000,6.93(-6.98 %),600,4182000,18600,135387000,32119021,2.09
16/05/2022,-14200,-99400000,7(1.45 %),3000,21000000,17200,120400000,32135721,2.07
17/05/2022,-2500,-18250000,7.3(4.29 %),3100,22630000,5600,40880000,32151221,2.04
18/05/2022,12700,95250000,7.5(2.74 %),14000,105000000,1300,9750000,32154421,2.04
19/05/2022,2800,20692000,7.39(-1.47 %),6000,44340000,3200,23648000,32154021,2.04
20/05/2022,800,5920000,7.4(0.00 %),4700,34780000,3900,28860000,32150621,2.04
23/05/2022,-4600,-33488000,7.28(-1.62 %),700,5096000,5300,38584000,32153121,2.04
24/05/2022,-2200,-15972000,7.26(-0.55 %),800,5808000,3000,21780000,32156221,2.04
25/05/2022,6200,47120000,7.6(4.11 %),6300,47880000,100,760000,32155221,2.04
26/05/2022,4300,33282000,7.74(1.84 %),5200,40248000,900,6966000,32153021,2.04
27/05/2022,-1900,-14687000,7.73(0.39 %),3500,27055000,5400,41742000,32149621,2.05
30/05/2022,2200,17028000,7.74(0.52 %),3500,27090000,1300,10062000,32147021,2.05
31/05/2022,6000,46860000,7.81(1.43 %),9900,77319000,3900,30459000,32142521,2.06
01/06/2022,-2500,-19300000,7.72(-1.03 %),2400,18528000,4900,37828000,32141421,2.06
02/06/2022,-4100,-30750000,7.5(-2.60 %),6500,48750000,10600,79500000,32138821,2.06
03/06/2022,4000,30000000,7.5(0.00 %),6000,45000000,2000,15000000,32137721,2.06
06/06/2022,-1900,-14988000,7.51(0.13 %),3400,25845000,5300,40833000,32144921,2.05
07/06/2022,0,0,7.41(-1.20 %),0,0,0,0,32146921,2.05
08/06/2022,11300,85993000,7.61(2.84 %),11300,85993000,0,0,32140921,2.06
09/06/2022,2100,15981000,7.61(0.13 %),4300,32723000,2200,16742000,32145321,2.05
10/06/2022,-2600,-19500000,7.5(-1.32 %),1800,13500000,4400,33000000,32143521,2.06
13/06/2022,-7800,-54600000,7(-6.67 %),6000,42000000,13800,96600000,32139791,2.06
14/06/2022,-15400,-104720000,6.8(-2.86 %),400,2720000,15800,107440000,32143791,2.05
15/06/2022,-17600,-113872000,6.47(-4.85 %),2400,15528000,20000,129400000,32155191,2.04
16/06/2022,-3600,-23976000,6.66(2.46 %),300,1998000,3900,25974000,32170691,2.02
17/06/2022,-10000,-64500000,6.45(-3.73 %),500,3225000,10500,67725000,32190191,1.99
20/06/2022,-10100,-65915000,6.25(-3.85 %),3700,22673000,13800,88588000,32190391,1.99
21/06/2022,-5000,-30000000,6(-4.76 %),800,4800000,5800,34800000,32200091,1.97
22/06/2022,-4400,-26532000,6.03(0.50 %),0,0,4400,26532000,32213891,1.95
23/06/2022,8800,54560000,6.2(3.33 %),9200,57040000,400,2480000,32210491,1.96
24/06/2022,4400,27412000,6.23(0.48 %),4500,28035000,100,623000,32210391,1.96
27/06/2022,9000,57184000,6.6(6.45 %),9000,57184000,0,0,32201791,1.97
28/06/2022,500,3295000,6.59(-0.15 %),500,3295000,0,0,32201391,1.97
29/06/2022,-900,-5903000,6.58(-0.30 %),600,3936000,1500,9839000,32200791,1.97
30/06/2022,-1800,-11538000,6.41(-2.88 %),2000,12820000,3800,24358000,32198791,1.97
01/07/2022,-7200,-45720000,6.35(-0.78 %),2800,17780000,10000,63500000,32197491,1.98
04/07/2022,-1800,-11548000,6.41(0.16 %),0,0,1800,11548000,32198291,0.0
05/07/2022,-8200,-51988000,6.34(-0.94 %),0,0,8200,51988000,32211291,1.96
06/07/2022,-2600,-15990000,6.15(-2.38 %),0,0,2600,15990000,32213091,1.95
07/07/2022,-2600,-15964000,6.14(-0.97 %),0,0,2600,15964000,32221291,1.94
08/07/2022,-27700,-14688000,6.2(1.64 %),0,0,27700,14688000,32248991,0.0
11/07/2022,-2400,-14688000,6.12(-1.29 %),0,0,2400,14688000,32226491,1.93
12/07/2022,-2300,-14283000,6.21(1.80 %),0,0,2300,14283000,32229191,1.93
13/07/2022,-2300,-14490000,6.3(1.61 %),0,0,2300,14490000,32231591,1.93
14/07/2022,-2300,-14559000,6.33(0.48 %),0,0,2300,14559000,32233891,1.92
15/07/2022,-1900,-12179000,6.41(1.75 %),0,0,1900,12179000,32236191,1.92
18/07/2022,-2200,-14124000,6.42(0.31 %),0,0,2200,14124000,32238491,1.92
19/07/2022,-7600,-49324000,6.49(1.41 %),0,0,7600,49324000,32240391,1.91
20/07/2022,-2000,-13140000,6.57(1.08 %),0,0,2000,13140000,32242591,1.91
21/07/2022,-2100,-13713000,6.53(-1.06 %),0,0,2100,13713000,32250191,1.9
22/07/2022,8800,-12350000,6.5(0.00 %),9200,0,400,12350000,32252191,1.9
25/07/2022,-2400,-15360000,6.4(-1.54 %),0,0,2400,15360000,32254291,1.89
26/07/2022,-1900,-11875000,6.25(-2.34 %),0,0,1900,11875000,32256191,1.89
27/07/2022,-1800,-11250000,6.25(-0.79 %),0,0,1800,11250000,32258591,1.89
28/07/2022,-1900,-12008000,6.32(0.32 %),0,0,1900,12008000,32260491,1.88
29/07/2022,-2000,-12700000,6.35(0.79 %),0,0,2000,12700000,32262291,1.88
01/08/2022,25000,159000000,6.36(-0.62 %),27000,171720000,2000,12720000,32237191,1.92
02/08/2022,48700,314115000,6.45(0.78 %),51000,328950000,2300,14835000,32188191,1.99
03/08/2022,-8000,-53040000,6.63(2.00 %),0,0,8000,53040000,32190191,1.99
04/08/2022,-2400,-16296000,6.79(2.88 %),300,2037000,2700,18333000,32192191,1.98
05/08/2022,-2800,-18928000,6.76(-0.59 %),0,0,2800,18928000,32200191,1.97
08/08/2022,20200,136956000,6.78(-0.29 %),23200,157296000,3000,20340000,32179691,2.0
09/08/2022,-3500,-23835000,6.81(0.15 %),0,0,3500,23835000,32182491,2.0
10/08/2022,9800,66738000,6.81(0.15 %),13800,93978000,4000,27240000,32171691,2.01
11/08/2022,3700,25123000,6.79(-0.15 %),9100,61789000,5400,36666000,32166091,2.02
12/08/2022,-10400,-70200000,6.75(-0.74 %),0,0,10400,70200000,32170091,2.02
15/08/2022,-5400,-36234000,6.71(-1.32 %),0,0,5400,36234000,32175491,2.01
16/08/2022,-10500,-70665000,6.73(0.45 %),0,0,10500,70665000,32185891,1.99
17/08/2022,0,-70665000,6.7(0.00 %),0,0,0,70665000,32191291,1.99
18/08/2022,0,-70665000,6.71(0.15 %),0,0,0,70665000,32201791,1.97
19/08/2022,0,-70665000,6.65(-0.75 %),0,0,0,70665000,32201791,1.97
22/08/2022,0,-70665000,6.67(-0.45 %),0,0,0,70665000,32201791,1.97
23/08/2022,0,-70665000,6.84(2.09 %),0,0,0,70665000,32201791,1.97
24/08/2022,0,-70665000,7.1(4.41 %),0,0,0,70665000,32201791,1.97
25/08/2022,29600,214600000,7.25(2.11 %),29600,214600000,0,0,32172191,2.01
26/08/2022,22400,159040000,7.1(-2.74 %),22400,159040000,0,0,32149791,2.05
29/08/2022,19500,138450000,7.1(0.00 %),19500,138450000,0,0,32130291,2.07
30/08/2022,7400,52540000,7.1(0.00 %),7400,52540000,0,0,32122891,2.09
31/08/2022,10200,71502000,7.01(-1.27 %),10200,71502000,0,0,32112691,2.1
05/09/2022,-38400,-267264000,6.96(-0.57 %),5100,35496000,43500,302760000,32107591,2.11
06/09/2022,-66300,-467415000,7.05(0.71 %),0,0,66300,467415000,32107591,2.11
07/09/2022,-89100,-671814000,7.54(6.20 %),0,0,89100,671814000,32151091,2.04
08/09/2022,9100,68250000,7.5(0.00 %),10000,75000000,900,6750000,32207391,1.96
09/09/2022,-15800,-113444000,7.18(-4.27 %),0,0,15800,113444000,32296491,1.83
12/09/2022,4928,-113444000,6.95(-3.47 %),5000,0,72,113444000,32292391,1.84
13/09/2022,1100,7733000,7.02(0.29 %),1100,7733000,0,0,32307091,1.82
14/09/2022,6100,7733000,6.91(-1.29 %),6100,7733000,0,0,32301063,1.83
15/09/2022,0,42151000,7.05(2.17 %),0,42151000,0,0,0,1.83
16/09/2022,0,42151000,7.04(-0.85 %),0,42151000,0,0,32301063,1.83
19/09/2022,6000,41400000,6.9(-1.43 %),7100,48990000,1100,7590000,32295063,0.0
20/09/2022,40000,281600000,7.04(2.03 %),40000,281600000,0,0,32253963,1.89
21/09/2022,147000,1064280000,7.24(3.43 %),147000,1064280000,0,0,32108063,2.11
22/09/2022,-900,-6516000,7.24(0.56 %),0,0,900,6516000,32108063,2.11
23/09/2022,29100,210684000,7.24(0.56 %),120700,873868000,91600,663184000,31987363,2.28
26/09/2022,82844,585707080,7.07(-1.81 %),118400,837088000,35556,251380920,31869863,2.45
27/09/2022,0,585707080,7.07(-0.42 %),0,837088000,0,251380920,31961463,2.32
28/09/2022,-600,-4200000,7(-1.41 %),0,0,600,4200000,31997019,2.27
29/09/2022,13000,90090000,6.93(-1.00 %),13000,90090000,0,0,31984019,2.29
30/09/2022,0,90090000,6.9(0.00 %),0,90090000,0,0,31984619,2.29
03/10/2022,10000,65900000,6.59(-4.49 %),10000,65900000,0,0,31974619,2.3
04/10/2022,6200,39680000,6.4(-3.03 %),11000,70400000,4800,30720000,31963619,2.32
05/10/2022,0,39680000,6.5(1.56 %),0,70400000,0,30720000,31963619,2.32
06/10/2022,17000,110500000,6.5(0.00 %),17000,110500000,0,0,31951419,2.34
07/10/2022,15000,93000000,6.2(-4.62 %),15000,93000000,0,0,31936419,2.36
10/10/2022,0,93000000,6.15(-0.81 %),0,93000000,0,0,31936419,2.36
11/10/2022,-1,-5900,5.9(-4.84 %),0,0,1,5900,31936419,2.36
12/10/2022,0,-5900,5.98(1.36 %),0,0,0,5900,31936419,2.36
13/10/2022,0,-5900,6.18(3.00 %),0,0,0,5900,31936420,2.36
14/10/2022,0,-5900,6.31(1.77 %),0,0,0,5900,31936420,2.36
17/10/2022,0,-5900,6.31(0.16 %),0,0,0,5900,31936420,2.36
18/10/2022,4000,25640000,6.41(1.75 %),4000,25640000,0,0,31932420,2.36
19/10/2022,0,0,6.42(0.31 %),0,0,0,0,31932420,2.36
20/10/2022,0,0,6.42(0.31 %),0,0,0,0,31932420,2.36
21/10/2022,0,0,6.38(-0.31 %),0,0,0,0,31932420,2.36
24/10/2022,0,0,6.15(-3.91 %),0,0,0,0,31932420,2.36
25/10/2022,0,0,6.24(0.65 %),0,0,0,0,31932420,2.36
26/10/2022,0,0,6.23(0.48 %),0,0,0,0,31932420,2.36
27/10/2022,0,0,6.5(4.84 %),0,0,0,0,31932420,2.36
28/10/2022,-8200,-54120000,6.6(1.54 %),0,0,8200,54120000,31932420,2.36
31/10/2022,0,-54120000,6.49(-1.67 %),0,0,0,54120000,31932481,2.36
01/11/2022,0,-54120000,6.5(0.00 %),0,0,0,54120000,31940681,2.35
02/11/2022,-8000,-51040000,6.38(-1.85 %),0,0,8000,51040000,31940681,2.35
03/11/2022,-400,-2548000,6.37(-0.47 %),0,0,400,2548000,31940681,2.35
04/11/2022,-15,-92700,6.18(-3.44 %),0,0,15,92700,31948681,2.34
07/11/2022,0,-92700,6.05(-2.42 %),0,0,0,92700,31949081,2.34
08/11/2022,0,-92700,6.05(-0.82 %),0,0,0,92700,31949096,2.34
09/11/2022,-3000,-18300000,6.1(0.00 %),0,0,3000,18300000,31949096,2.34
10/11/2022,0,-18300000,5.97(-2.13 %),0,0,0,18300000,31949096,2.34
11/11/2022,0,-18300000,5.95(-0.83 %),0,0,0,18300000,31952096,2.33
14/11/2022,0,-18300000,5.6(-6.67 %),0,0,0,18300000,31952096,2.33
15/11/2022,2000,10420000,5.21(-6.96 %),2000,10420000,0,0,31950096,2.34
16/11/2022,0,10420000,5.5(5.77 %),0,10420000,0,0,31950096,2.34
17/11/2022,0,10420000,5.88(6.91 %),0,10420000,0,0,31950096,2.34
18/11/2022,-196800,-1237872000,6.29(6.61 %),0,0,196800,1237872000,31950096,2.34
21/11/2022,0,-1237872000,6.71(6.51 %),0,0,0,1237872000,31950096,2.34
22/11/2022,0,-1237872000,7.06(5.37 %),0,0,0,1237872000,32146896,2.05
23/11/2022,0,-1237872000,7(-1.41 %),0,0,0,1237872000,32146896,2.05
24/11/2022,0,-1237872000,7(0.00 %),0,0,0,1237872000,32146896,2.05
25/11/2022,0,-1237872000,7.25(3.57 %),0,0,0,1237872000,32146896,2.05
28/11/2022,2400,18600000,7.75(6.16 %),2400,18600000,0,0,32144496,2.05
29/11/2022,0,18600000,7.75(-0.64 %),0,18600000,0,0,32144496,2.05
30/11/2022,100,775000,7.75(-0.64 %),100,775000,0,0,32144396,2.05
01/12/2022,0,775000,7.75(-0.64 %),0,775000,0,0,32144396,2.05
02/12/2022,0,775000,7.8(0.00 %),0,775000,0,0,32144396,2.05
05/12/2022,-8,-66480,8.31(6.54 %),0,0,8,66480,32144404,2.05
06/12/2022,0,-66480,8.3(0.00 %),0,0,0,66480,32144404,2.05
07/12/2022,0,-66480,8.2(-1.20 %),0,0,0,66480,32144404,2.05
08/12/2022,0,-66480,8.15(-0.61 %),0,0,0,66480,32144404,2.05
09/12/2022,0,-66480,8.39(2.32 %),0,0,0,66480,32144404,2.05
12/12/2022,0,-66480,8.68(3.33 %),0,0,0,66480,32144404,2.05
13/12/2022,0,-66480,8.5(-2.30 %),0,0,0,66480,32144404,2.05
14/12/2022,0,-66480,8.66(1.88 %),0,0,0,66480,32144404,2.05
15/12/2022,-2,-17200,8.6(-1.15 %),0,0,2,17200,32144406,0.0
16/12/2022,0,-17200,8.7(1.16 %),0,0,0,17200,32144406,2.05
19/12/2022,0,-17200,8.85(1.72 %),0,0,0,17200,32144406,2.05
20/12/2022,100,860000,8.6(-3.37 %),100,860000,0,0,32144306,2.05
21/12/2022,0,860000,8.55(-0.58 %),0,860000,0,0,32144306,2.05
22/12/2022,0,860000,8.56(-0.47 %),0,860000,0,0,32144306,2.05
23/12/2022,0,860000,8.7(1.16 %),0,860000,0,0,32144306,2.05
26/12/2022,-100,-811000,8.11(-6.78 %),0,0,100,811000,32144406,2.05
27/12/2022,0,-811000,8.45(4.32 %),0,0,0,811000,32144406,0.0
28/12/2022,0,-811000,8.55(0.59 %),0,0,0,811000,32144406,2.05
29/12/2022,0,-811000,8.47(-1.51 %),0,0,0,811000,32144406,2.05
30/12/2022,200,1720000,8.6(1.18 %),200,1720000,0,0,32144206,2.05
03/01/2023,0,1720000,8.62(0.23 %),0,1720000,0,0,32144206,2.05
04/01/2023,0,1720000,9.22(7.21 %),0,1720000,0,0,32144206,2.05
05/01/2023,0,1720000,9.15(-0.54 %),0,1720000,0,0,32144206,2.05
06/01/2023,400,3404000,8.51(-7.50 %),400,3404000,0,0,32143806,2.05
09/01/2023,0,3404000,8.12(-4.47 %),0,3404000,0,0,32143806,2.05
10/01/2023,0,3404000,8.18(0.99 %),0,3404000,0,0,32143806,2.05
11/01/2023,0,3404000,8.18(-0.24 %),0,3404000,0,0,32143806,2.05
12/01/2023,0,3404000,8.15(-0.61 %),0,3404000,0,0,32143806,2.05
13/01/2023,0,3404000,8.2(0.00 %),0,3404000,0,0,32143806,2.05
16/01/2023,0,3404000,8.56(4.39 %),0,3404000,0,0,32143806,2.05
17/01/2023,0,3404000,8.57(-0.35 %),0,3404000,0,0,32143806,2.05
18/01/2023,0,3404000,8.7(1.16 %),0,3404000,0,0,32143806,2.05
19/01/2023,0,3404000,9.25(6.32 %),0,3404000,0,0,32143806,2.05
27/01/2023,0,3404000,9.89(6.34 %),0,3404000,0,0,32143806,2.05
30/01/2023,114400,1166880000,10.2(3.03 %),114900,1171980000,500,5100000,32028906,2.22
31/01/2023,0,1166880000,10.25(0.49 %),0,1171980000,0,5100000,32028906,2.22
01/02/2023,10300,99395000,9.65(-6.31 %),10300,99395000,0,0,32019106,2.24
02/02/2023,1500,14445000,9.63(-0.72 %),1500,14445000,0,0,32017606,2.24
03/02/2023,54600,525798000,9.63(0.31 %),54600,525798000,0,0,31963006,2.32
06/02/2023,44100,449820000,10.2(6.25 %),44100,449820000,0,0,31918906,2.38
07/02/2023,25500,253725000,9.95(-2.45 %),26500,263675000,1000,9950000,31892406,2.42
08/02/2023,25100,249745000,9.95(-0.50 %),25300,251735000,200,1990000,31867106,2.46
09/02/2023,30600,310590000,10.15(1.50 %),30600,310590000,0,0,31837506,2.5
10/02/2023,-5800,-58000000,10(-1.96 %),0,0,5800,58000000,31837706,2.5
13/02/2023,77700,745920000,9.6(-4.00 %),86800,833280000,9100,87360000,31750906,2.63
14/02/2023,81300,796740000,9.8(2.08 %),81300,796740000,0,0,31675406,2.74
15/02/2023,28700,292740000,10.2(4.08 %),28700,292740000,0,0,31655806,2.77
16/02/2023,8300,90055000,10.85(6.37 %),10700,116095000,2400,26040000,31645106,2.78
17/02/2023,-6800,-74800000,11(0.92 %),3700,40700000,10500,115500000,31641406,2.79
20/02/2023,7500,84375000,11.25(2.27 %),7500,84375000,0,0,31636306,2.8
21/02/2023,-6300,-68670000,10.9(-3.54 %),900,9810000,7200,78480000,31645906,2.78
22/02/2023,234600,2521950000,10.75(-1.38 %),238100,2559575000,3500,37625000,31407806,3.13
23/02/2023,-800,-8680000,10.85(0.46 %),4700,50995000,5500,59675000,31410306,3.13
24/02/2023,-16800,-173040000,10.3(-5.50 %),0,0,16800,173040000,31427106,3.1
27/02/2023,-6900,-69690000,10.1(-1.94 %),0,0,6900,69690000,31419306,3.11
28/02/2023,700,7105000,10.15(0.50 %),700,7105000,0,0,31435406,3.09
01/03/2023,-3500,-37975000,10.85(6.37 %),11500,124775000,15000,162750000,31430806,3.1
02/03/2023,-97000,-1057300000,10.9(0.00 %),12100,131890000,109100,1189190000,31418706,3.11
03/03/2023,7700,84315000,10.95(0.46 %),10300,112785000,2600,28470000,31423406,3.11
06/03/2023,-700,-7665000,10.95(-0.45 %),10800,118260000,11500,125925000,31521706,2.96
07/03/2023,-29500,-325975000,11.05(0.45 %),4700,51935000,34200,377910000,31519606,2.97
08/03/2023,3700,41995000,11.35(2.25 %),63100,716185000,59400,674190000,31468006,3.04
09/03/2023,42800,487920000,11.4(0.00 %),45900,523260000,3100,35340000,31456306,3.06
10/03/2023,200,2230000,11.15(-2.19 %),200,2230000,0,0,31515506,2.97
13/03/2023,256000,2816000000,11(-1.79 %),261000,2871000000,5000,55000000,31259506,0.0
14/03/2023,-27100,-283195000,10.45(-5.00 %),0,0,27100,283195000,31257606,3.35
15/03/2023,18900,207900000,11(4.76 %),18900,207900000,0,0,31243706,3.37
16/03/2023,-9100,-96460000,10.6(-3.64 %),9300,98580000,18400,195040000,31261506,3.34
17/03/2023,-12900,-136095000,10.55(-0.47 %),0,0,12900,136095000,31261506,3.34
20/03/2023,-18100,-183715000,10.15(-4.25 %),0,0,18100,183715000,31279906,3.32
21/03/2023,5800,-173040000,10.5(2.94 %),5800,0,0,173040000,31287006,3.31
22/03/2023,285700,3077930000,10.8(2.86 %),285700,3077930000,0,0,31001306,3.72
23/03/2023,29700,320685000,10.9(0.93 %),29700,320685000,0,0,30971606,3.77
24/03/2023,9400,101520000,10.95(0.46 %),9400,101520000,0,0,30962206,3.78
27/03/2023,100,1085000,10.85(-1.36 %),100,1085000,0,0,30962106,3.78
28/03/2023,41600,451360000,10.85(-0.46 %),41600,451360000,0,0,30920506,0.0
29/03/2023,-9100,-99645000,10.95(0.46 %),100,1095000,9200,100740000,30938506,3.82
30/03/2023,0,-99645000,10.85(-1.36 %),0,1095000,0,100740000,30938506,3.82
31/03/2023,-20,-218000,10.9(0.00 %),0,0,20,218000,30947706,3.8
03/04/2023,-5300,-57770000,10.9(0.00 %),0,0,5300,57770000,30947706,3.8
04/04/2023,41700,485805000,11.65(6.88 %),41700,485805000,0,0,30906026,3.86
05/04/2023,16976,205409600,12.1(3.42 %),22800,275880000,5824,70470400,30888526,3.89
06/04/2023,105400,1254260000,11.9(-1.65 %),110600,1316140000,5200,61880000,30777926,4.05
07/04/2023,8900,110805000,12.45(4.62 %),8900,110805000,0,0,30774850,4.05
10/04/2023,-11600,-142680000,12.3(-1.60 %),1100,13530000,12700,156210000,30778950,4.05
11/04/2023,-1300,-16445000,12.65(2.85 %),13400,169510000,14700,185955000,30765550,4.07
12/04/2023,12200,153720000,12.6(-0.79 %),12200,153720000,0,0,30766050,4.07
13/04/2023,34800,431520000,12.4(-1.59 %),37300,462520000,2500,31000000,30743450,4.1
14/04/2023,204100,2357355000,11.55(-6.85 %),204100,2357355000,0,0,30539350,4.4
17/04/2023,15000,172500000,11.5(-0.86 %),32300,371450000,17300,198950000,30509543,4.44
18/04/2023,27727,318860500,11.5(0.00 %),27800,319700000,73,839500,30481743,4.48
19/04/2023,-14724,-167853600,11.4(-0.87 %),0,0,14724,167853600,30499043,4.46
20/04/2023,98700,1111150000,11(-3.51 %),103400,1163975000,4700,52825000,30400343,4.6
21/04/2023,27300,307125000,11.25(2.27 %),27800,312750000,500,5625000,30382640,4.63
24/04/2023,4600,51980000,11.3(0.00 %),4600,51980000,0,0,30382740,4.63
25/04/2023,-7200,-82800000,11.5(1.77 %),900,10350000,8100,93150000,30382340,4.63
26/04/2023,9100,102830000,11.3(-1.74 %),20000,226000000,10900,123170000,30362340,4.66
27/04/2023,308700,3555430000,11.65(3.10 %),308700,3555430000,0,0,30053640,5.11
28/04/2023,-9800,-112220000,11.55(-0.86 %),6200,72415000,16000,184635000,30063440,5.09
04/05/2023,1900,22370000,11.75(1.73 %),6300,73930000,4400,51560000,30066440,5.09
05/05/2023,-33900,-398025000,11.7(-0.43 %),0,0,33900,398025000,30076140,5.07
08/05/2023,63100,748575000,11.95(2.14 %),68300,809935000,5200,61360000,30012240,5.17
09/05/2023,300,3625000,12(0.00 %),1600,19200000,1300,15575000,30044540,5.12
10/05/2023,52400,622930000,11.85(-1.25 %),52400,622930000,0,0,29992140,5.2
11/05/2023,123000,1458200000,11.95(0.42 %),123100,1459390000,100,1190000,29875540,5.37
12/05/2023,225000,2447395000,10.75(-0.46 %),259000,2816115000,34000,368720000,29616540,5.75
15/05/2023,-111300,-1164425000,10.35(-3.72 %),0,0,111300,1164425000,29727840,5.58
16/05/2023,-27000,-278065000,10.4(0.48 %),12000,124635000,39000,402700000,29754840,5.54
17/05/2023,2800,29825000,10.2(-1.92 %),13500,140510000,10700,110685000,29752040,5.55
18/05/2023,-100,-1025000,10.25(0.49 %),0,0,100,1025000,29752140,5.55
19/05/2023,-37200,-382050000,10.25(0.00 %),5600,57390000,42800,439440000,29789340,5.49
22/05/2023,100,1020000,10.3(0.49 %),100,1020000,0,0,29789240,5.49
23/05/2023,10500,108775000,10.25(-0.49 %),11500,119025000,1000,10250000,29778740,5.51
24/05/2023,-12500,-126500000,10.1(-1.46 %),0,0,12500,126500000,29791240,5.49
25/05/2023,-44900,-449104000,9.97(-1.29 %),0,0,44900,449104000,29836140,5.43
26/05/2023,-28100,-280246000,9.96(-0.10 %),0,0,28100,280246000,29864240,5.38
29/05/2023,10600,107060000,10.15(1.91 %),11100,112110000,500,5050000,29853640,5.4
30/05/2023,-100,-1025000,10.3(1.48 %),0,0,100,1025000,29853740,5.4
31/05/2023,5100,52935000,10.45(1.46 %),7000,73170000,1900,20235000,29848640,5.41
01/06/2023,-16300,-169550000,10.4(-0.48 %),2300,23990000,18600,193540000,29880740,5.36
02/06/2023,281200,2954415000,10.65(2.40 %),289900,3046145000,8700,91730000,29599540,5.77
05/06/2023,7700,84150000,10.9(2.35 %),7800,85260000,100,1110000,29591840,5.78
06/06/2023,26900,289100000,10.8(-0.92 %),27000,290180000,100,1080000,29564940,5.82
07/06/2023,140100,1508180000,10.75(-0.46 %),140300,1510335000,200,2155000,29424840,6.03
08/06/2023,222100,2383210000,10.6(-1.40 %),222100,2383210000,0,0,29202740,6.35
09/06/2023,2000,20880000,10.45(-1.42 %),2100,21945000,100,1065000,29200740,6.35
12/06/2023,-5900,-61150000,10.5(0.48 %),13100,136765000,19000,197915000,29206640,6.34
13/06/2023,-19900,-208480000,10.4(-0.95 %),0,0,19900,208480000,29226540,6.32
14/06/2023,17200,173595000,10.2(-1.92 %),50000,516125000,32800,342530000,29209340,6.34
15/06/2023,90900,931370000,10.45(2.45 %),94000,963060000,3100,31690000,29118440,6.47
16/06/2023,22800,238530000,10.3(-1.90 %),50000,521705000,27200,283175000,29083640,6.52
19/06/2023,43900,450410000,10.3(0.00 %),50000,512975000,6100,62565000,29036740,6.59
20/06/2023,-500,-5160000,10.25(-0.49 %),0,0,500,5160000,29037240,6.59
21/06/2023,0,0,10.3(0.00 %),0,0,0,0,29070040,6.54
22/06/2023,56700,593475000,10.55(2.43 %),56700,593475000,0,0,29013340,6.63
23/06/2023,1400,15120000,10.5(-0.94 %),5900,62735000,4500,47615000,29011940,6.63
26/06/2023,0,0,10.5(0.00 %),0,0,0,0,29007940,6.63
27/06/2023,10200,112250000,11.15(6.19 %),10200,112250000,0,0,28997740,6.65
28/06/2023,1400,15800000,11.15(-0.45 %),1400,15800000,0,0,28996340,6.65
29/06/2023,1100,12675000,10.85(-3.12 %),2000,22800000,900,10125000,28995240,6.65
30/06/2023,17600,193570000,10.95(0.46 %),23600,258970000,6000,65400000,28977640,6.68
03/07/2023,1900,21125000,11(0.00 %),3900,43025000,2000,21900000,28975191,6.68
04/07/2023,28600,316425000,11.15(1.36 %),28800,318655000,200,2230000,28946591,6.72
05/07/2023,25700,289965000,11.2(0.00 %),25700,289965000,0,0,28920891,6.76
06/07/2023,10200,113925000,11.1(-0.89 %),10200,113925000,0,0,28915691,6.77
07/07/2023,35100,391365000,11.3(1.80 %),35100,391365000,0,0,28880591,6.82
10/07/2023,2200,25040000,11.3(0.00 %),2200,25040000,0,0,28878391,6.82
11/07/2023,12300,139240000,11.2(-0.88 %),18300,206740000,6000,67500000,28866091,6.84
12/07/2023,21100,241510000,11.45(2.23 %),21100,241510000,0,0,28844991,6.87
13/07/2023,0,-1010000,11.4(-0.87 %),12000,136990000,12000,138000000,28844991,6.87
14/07/2023,98200,1118010000,11.45(0.44 %),113100,1287695000,14900,169685000,28719891,7.06
17/07/2023,54900,627170000,11.5(0.00 %),54900,627170000,0,0,28664991,7.14
18/07/2023,54000,616790000,11.45(-0.43 %),54000,616790000,0,0,28610991,7.21
19/07/2023,51900,627765000,11.95(3.91 %),51900,627765000,0,0,28585991,7.25
20/07/2023,48700,576260000,11.9(-0.83 %),50000,591600000,1300,15340000,28537291,7.32
21/07/2023,50000,583060000,11.7(-1.68 %),50000,583060000,0,0,28487291,7.4
24/07/2023,49600,580105000,11.85(1.28 %),49600,580105000,0,0,28437691,7.47
25/07/2023,700,8315000,11.95(0.42 %),700,8315000,0,0,28436991,7.47
26/07/2023,26100,309470000,11.7(-2.09 %),26100,309470000,0,0,28410891,7.51
27/07/2023,50000,614245000,12.5(6.84 %),50000,614245000,0,0,28360891,7.58
28/07/2023,-8000,-96440000,12.35(-1.20 %),6900,86720000,14900,183160000,28368891,7.57
31/07/2023,-11100,-135380000,12.2(-1.61 %),700,8540000,11800,143920000,28379991,7.55
01/08/2023,12900,156950000,12(-1.64 %),13700,166710000,800,9760000,28353291,7.59
02/08/2023,45900,555770000,12.2(1.67 %),59000,713790000,13100,158020000,28307391,7.66
03/08/2023,24200,295510000,12.25(0.41 %),24200,295510000,0,0,28283191,7.69
04/08/2023,27000,334815000,12.6(2.86 %),32700,404365000,5700,69550000,28264384,7.72
07/08/2023,15500,193275000,12.4(-1.59 %),15500,193275000,0,0,28248884,7.74
08/08/2023,6900,85425000,12.35(-0.40 %),6900,85425000,0,0,28241984,7.75
09/08/2023,28800,353205000,12.2(-1.21 %),28800,353205000,0,0,28213184,7.8
10/08/2023,1800,22270000,12.2(0.00 %),1800,22270000,0,0,28211384,7.8
11/08/2023,-7600,-92745000,12.25(0.41 %),3200,38870000,10800,131615000,28218984,7.79
14/08/2023,54900,682485000,12.4(0.81 %),54900,682485000,0,0,28158984,7.87
15/08/2023,-12800,-157650000,12.5(0.81 %),800,9835000,13600,167485000,28168984,7.86
16/08/2023,-19400,-243145000,12.25(-2.00 %),0,0,19400,243145000,28168984,7.86
17/08/2023,-27900,-335530000,11.8(-4.07 %),1000,12025000,28900,347555000,28196884,7.82
18/08/2023,-21000,-251095000,11.1(-5.93 %),7100,78760000,28100,329855000,28193884,7.82
21/08/2023,39000,438900000,11.35(2.25 %),39700,446740000,700,7840000,28183084,7.84
22/08/2023,-5300,-57720000,11.5(0.88 %),25400,288830000,30700,346550000,28185784,7.84
23/08/2023,-25200,-285975000,11.4(-0.87 %),600,6810000,25800,292785000,28185884,7.84
24/08/2023,-6200,-70150000,11.45(0.44 %),0,0,6200,70150000,28192084,7.83
25/08/2023,-10300,-117505000,11.45(0.00 %),2600,29730000,12900,147235000,28239784,7.76
28/08/2023,-6600,-75000000,11.45(0.00 %),800,9075000,7400,84075000,28246384,7.75
29/08/2023,0,0,11.45(0.00 %),0,0,0,0,28258084,7.73
30/08/2023,200,2280000,11.4(-0.44 %),2500,28500000,2300,26220000,28257884,7.73
31/08/2023,-8000,-91970000,11.7(2.63 %),3500,40780000,11500,132750000,28259484,7.73
05/09/2023,9400,113025000,12(2.56 %),11900,143025000,2500,30000000,28249884,7.74
06/09/2023,-4300,-51470000,11.95(-0.42 %),0,0,4300,51470000,28254184,7.74
07/09/2023,-16800,-200650000,11.95(0.00 %),0,0,16800,200650000,28263884,7.72
08/09/2023,-800,-9520000,12.15(1.67 %),0,0,800,9520000,28268184,7.72
11/09/2023,-8900,-110720000,12.2(0.41 %),1000,12115000,9900,122835000,28283984,7.69
12/09/2023,10500,128870000,12.3(0.82 %),10500,128870000,0,0,28274284,7.71
13/09/2023,-3300,-40870000,12.15(-1.22 %),0,0,3300,40870000,28284184,7.69
14/09/2023,-7800,-93270000,11.9(-2.06 %),0,0,7800,93270000,28284184,7.69
15/09/2023,-2500,-29810000,11.95(0.42 %),0,0,2500,29810000,28287484,7.69
18/09/2023,0,0,11.75(-1.67 %),0,0,0,0,28287484,7.69
19/09/2023,-12500,-147260000,11.8(0.43 %),1800,21000000,14300,168260000,28307584,7.66
20/09/2023,10000,122230000,12.25(3.81 %),12700,154785000,2700,32555000,28297584,7.67
21/09/2023,3700,45110000,12.1(-1.22 %),3700,45110000,0,0,28293884,7.68
22/09/2023,-22300,-266375000,11.7(-3.31 %),4500,52600000,26800,318975000,28318798,7.64
25/09/2023,-15700,-183980000,11.3(-3.42 %),1800,20500000,17500,204480000,28317002,7.64
26/09/2023,6900,77680000,11.25(-0.44 %),9200,103790000,2300,26110000,28334589,7.62
27/09/2023,-13800,-154220000,11.5(2.22 %),4600,50735000,18400,204955000,28348389,7.6
28/09/2023,-13900,-163195000,11.7(1.74 %),400,4560000,14300,167755000,28362289,7.58
29/09/2023,-11200,-130185000,11.75(0.43 %),300,3465000,11500,133650000,28367535,7.57
02/10/2023,10300,121525000,11.7(-0.43 %),13700,161305000,3400,39780000,28368135,7.57
03/10/2023,-10400,-118865000,11.2(-4.27 %),800,9140000,11200,128005000,28378835,7.55
04/10/2023,-3400,-38140000,11.25(0.45 %),6500,73095000,9900,111235000,28382235,7.55
05/10/2023,-20100,-223590000,11.1(-1.33 %),0,0,20100,223590000,28386935,7.54
06/10/2023,6000,68160000,11.5(3.60 %),8200,92970000,2200,24810000,28380935,7.55
09/10/2023,900,10480000,11.65(1.30 %),900,10480000,0,0,28380035,7.55
10/10/2023,3200,37315000,11.6(-0.43 %),3800,44275000,600,6960000,28406235,7.51
11/10/2023,16200,188800000,11.65(0.43 %),16300,189970000,100,1170000,28389935,7.54
12/10/2023,-2800,-32385000,11.65(0.00 %),0,0,2800,32385000,28390535,7.54
13/10/2023,7800,91110000,11.7(0.43 %),7900,92275000,100,1165000,28382735,7.55
16/10/2023,15200,185930000,12.5(6.84 %),15200,185930000,0,0,28370335,7.57
17/10/2023,-8800,-109965000,12(-4.00 %),0,0,8800,109965000,28370435,7.57
18/10/2023,-6000,-70840000,11.6(-3.33 %),2100,24200000,8100,95040000,28368335,7.57
19/10/2023,-4500,-51750000,11.35(-2.16 %),8900,102440000,13400,154190000,28368235,7.57
20/10/2023,-9400,-106135000,11.8(3.96 %),1800,20520000,11200,126655000,28374535,7.56
23/10/2023,-11600,-134045000,11.4(-3.39 %),500,5725000,12100,139770000,28387435,7.54
24/10/2023,-300,-3420000,11.45(0.44 %),0,0,300,3420000,28387735,7.54
25/10/2023,-1000,-11550000,11.6(1.31 %),0,0,1000,11550000,28398635,7.52
26/10/2023,-20300,-224490000,10.8(-6.90 %),1900,21270000,22200,245760000,28409135,7.51
27/10/2023,-26000,-280620000,10.85(0.46 %),0,0,26000,280620000,28410135,7.51
30/10/2023,600,5700000,10.7(-1.38 %),6700,71270000,6100,65570000,28425635,7.49
31/10/2023,-29300,-309880000,10.35(-3.27 %),1300,13550000,30600,323430000,28450335,7.45
01/11/2023,-1900,-19720000,10.45(0.97 %),7600,78365000,9500,98085000,28448835,7.45
02/11/2023,-221600,-2370410000,10.75(2.87 %),0,0,221600,2370410000,28670435,7.13
03/11/2023,-9700,-103645000,10.75(0.00 %),0,0,9700,103645000,28680135,7.11
06/11/2023,-10300,-110860000,10.7(-0.47 %),1000,10900000,11300,121760000,28690435,7.1
07/11/2023,29500,314175000,10.7(0.00 %),33700,359235000,4200,45060000,28660935,7.14
08/11/2023,-12600,-134105000,11(2.80 %),400,4300000,13000,138405000,28696435,7.09
09/11/2023,62700,689825000,11.1(0.91 %),62700,689825000,0,0,28637935,7.18
10/11/2023,36500,401755000,11(-0.90 %),37800,416250000,1300,14495000,28613135,7.21
13/11/2023,70500,773380000,10.95(-0.45 %),74100,812850000,3600,39470000,28539035,7.32
14/11/2023,26000,286030000,11.15(1.83 %),27100,298240000,1100,12210000,28516635,7.35
15/11/2023,2000,22595000,11.35(1.79 %),2000,22595000,0,0,28514635,7.36
16/11/2023,0,0,11.35(0.00 %),0,0,0,0,28514635,7.36
17/11/2023,-1900,-20995000,11.3(-0.44 %),1100,12385000,3000,33380000,28514835,7.35
20/11/2023,17600,197825000,11.15(-1.33 %),17600,197825000,0,0,28497535,7.38
21/11/2023,6400,71670000,11.2(0.45 %),6500,72800000,100,1130000,28494035,7.39
22/11/2023,0,0,11.2(0.00 %),0,0,0,0,28494035,7.39
23/11/2023,-100,-1130000,11.1(-0.89 %),0,0,100,1130000,28494135,7.39
24/11/2023,-2800,-30125000,11(-0.90 %),300,3300000,3100,33425000,28496935,7.38
27/11/2023,-8800,-97050000,11(0.00 %),0,0,8800,97050000,28505735,7.37
28/11/2023,-3400,-37260000,10.95(-0.45 %),0,0,3400,37260000,28509135,7.36
29/11/2023,-1100,-12095000,11.15(1.83 %),0,0,1100,12095000,28510235,7.36
30/11/2023,-5700,-63120000,11.2(0.45 %),0,0,5700,63120000,28515935,7.35
01/12/2023,-16400,-182505000,11.2(0.00 %),0,0,16400,182505000,28509235,7.36
04/12/2023,-68000,-759925000,11.5(2.68 %),0,0,68000,759925000,28577235,7.26
05/12/2023,-600,-6910000,11.5(0.00 %),0,0,600,6910000,28577835,7.26
06/12/2023,-3100,-35375000,11.5(0.00 %),0,0,3100,35375000,28580935,7.26
07/12/2023,1700,18640000,11.5(0.00 %),3500,39160000,1800,20520000,28579235,7.26
08/12/2023,-3800,-42970000,11.35(-1.30 %),0,0,3800,42970000,28583035,7.26
11/12/2023,-8100,-91520000,11.2(-1.32 %),0,0,8100,91520000,28591135,7.24
12/12/2023,-3000,-33615000,11.3(0.89 %),0,0,3000,33615000,28594135,7.24
13/12/2023,-5900,-66075000,11.1(-1.77 %),1000,11280000,6900,77355000,28600035,7.23
14/12/2023,-6500,-72410000,11.2(0.90 %),0,0,6500,72410000,28606535,7.22
15/12/2023,-1700,-18955000,11.2(0.00 %),0,0,1700,18955000,28608235,7.22
18/12/2023,-1900,-21310000,11.15(-0.45 %),200,2210000,2100,23520000,28610135,7.22
19/12/2023,-5000,-55225000,11.15(0.00 %),0,0,5000,55225000,28615135,7.21
20/12/2023,-5100,-56765000,11.15(0.00 %),0,0,5100,56765000,28620235,7.2
21/12/2023,-5100,-56610000,11.2(0.45 %),0,0,5100,56610000,28625335,7.19
22/12/2023,700,7840000,11.2(0.00 %),700,7840000,0,0,28624635,7.19
25/12/2023,0,0,11.35(1.34 %),0,0,0,0,28624635,7.19
26/12/2023,-800,-8970000,11.3(-0.44 %),0,0,800,8970000,28625435,7.19
27/12/2023,-3700,-41590000,11.3(0.00 %),0,0,3700,41590000,28629135,7.19
28/12/2023,-3000,-33670000,11.3(0.00 %),0,0,3000,33670000,28632135,7.18
29/12/2023,-3100,-34875000,11.35(0.44 %),0,0,3100,34875000,28635235,7.18
02/01/2024,-3200,-36200000,11.35(0.00 %),0,0,3200,36200000,28655236,7.15
03/01/2024,-2100,-23730000,11.3(-0.44 %),0,0,2100,23730000,28654335,7.15
04/01/2024,-5300,-60685000,11.45(1.33 %),0,0,5300,60685000,28659635,7.14
05/01/2024,100,1140000,11.45(0.00 %),100,1140000,0,0,28659535,7.14
08/01/2024,-4200,-47885000,11.45(0.00 %),100,1135000,4300,49020000,28663735,7.14
09/01/2024,100,1135000,11.35(-0.87 %),100,1135000,0,0,28668636,7.13
10/01/2024,-100,-1165000,11.55(1.76 %),0,0,100,1165000,28672936,7.12
11/01/2024,10000,115500000,11.55(0.00 %),10000,115500000,0,0,28662984,7.14
12/01/2024,-7000,-79595000,11.4(-1.30 %),200,2310000,7200,81905000,28660735,7.14
15/01/2024,-1100,-12475000,11.4(0.00 %),3300,37620000,4400,50095000,28659584,7.14
16/01/2024,-5600,-63235000,11.4(0.00 %),0,0,5600,63235000,28666784,7.13
17/01/2024,8900,101445000,11.45(0.44 %),12500,142485000,3600,41040000,28658684,7.14
18/01/2024,3000,34200000,11.5(0.44 %),3000,34200000,0,0,28655535,7.15
19/01/2024,0,0,11.55(0.43 %),0,0,0,0,28655535,7.15
22/01/2024,-3200,-36640000,11.5(-0.43 %),0,0,3200,36640000,28658735,7.14
23/01/2024,-14800,-170405000,11.7(1.74 %),3600,41895000,18400,212300000,28673535,7.12
24/01/2024,200,2245000,11.55(-1.28 %),1000,11600000,800,9355000,28673335,7.12
25/01/2024,0,0,11.55(0.00 %),0,0,0,0,28673335,7.12
26/01/2024,-4900,-56545000,11.6(0.43 %),0,0,4900,56545000,28678235,7.12
29/01/2024,-1600,-18075000,11.15(-3.88 %),2000,22700000,3600,40775000,28680684,7.11
30/01/2024,-500,-5585000,11.25(0.90 %),0,0,500,5585000,28685584,7.11
31/01/2024,-15300,-171275000,11.2(-0.44 %),0,0,15300,171275000,28689184,7.1
01/02/2024,53600,598775000,11.25(0.45 %),64400,719225000,10800,120450000,28689184,7.1
02/02/2024,-800,-8990000,11.2(-0.44 %),0,0,800,8990000,28625284,7.19
05/02/2024,-45900,-509000000,11.05(-1.34 %),100,1105000,46000,510105000,28671484,7.13
06/02/2024,71253,809921250,11.3(2.26 %),152200,1715085000,80947,905163750,28499884,7.38
07/02/2024,-3900,-43585000,11.25(-0.44 %),1100,12365000,5000,55950000,28544784,7.31
15/02/2024,8000,89460000,11.2(-0.44 %),9700,108585000,1700,19125000,28616032,7.21
16/02/2024,2000,22280000,11.25(0.45 %),2000,22280000,0,0,28619032,7.2
19/02/2024,-600,-6005000,11.25(0.00 %),21800,243075000,22400,249080000,28598932,7.23
20/02/2024,400,4410000,11.2(-0.44 %),1400,15610000,1000,11200000,28597532,7.23
21/02/2024,-99300,-1102300000,11.15(-0.45 %),4000,44315000,103300,1146615000,28615932,7.21
22/02/2024,-5600,-62380000,11.15(0.00 %),0,0,5600,62380000,28615932,7.21
23/02/2024,-15700,-173130000,11.15(0.00 %),0,0,15700,173130000,28714931,7.06
26/02/2024,-4733,-52146300,11.05(-0.90 %),100,1095000,4833,53241300,28725732,7.05
27/02/2024,9000,99785000,11.25(1.81 %),18000,199305000,9000,99520000,28710664,7.07
28/02/2024,900,10070000,11.1(-1.33 %),900,10070000,0,0,28709764,7.07
29/02/2024,-800,-9145000,11.2(0.90 %),2800,30940000,3600,40085000,28733564,7.04
01/03/2024,-13100,-146555000,11.2(0.00 %),3900,43095000,17000,189650000,28729664,7.04
04/03/2024,-81700,-912525000,11.2(0.00 %),0,0,81700,912525000,28811364,6.92
05/03/2024,75200,841705000,11.3(0.89 %),164100,1835440000,88900,993735000,28586164,7.25
06/03/2024,0,0,11.15(-1.33 %),0,0,0,0,28736164,7.03
07/03/2024,-2400,-26880000,11.2(0.00 %),0,0,2400,26880000,28738564,7.03
08/03/2024,-17200,-190710000,11.1(-0.89 %),0,0,17200,190710000,28755764,7.0
11/03/2024,-8300,-92130000,11.15(0.45 %),0,0,8300,92130000,28764064,6.99
12/03/2024,-9900,-110385000,11.15(0.00 %),0,0,9900,110385000,28786364,6.96
13/03/2024,1000,11100000,11.2(0.45 %),1000,11100000,0,0,28793664,6.95
14/03/2024,16000,180145000,11.45(2.23 %),20800,235090000,4800,54945000,28777664,6.97
15/03/2024,0,0,11.4(-0.44 %),0,0,0,0,28777664,6.97
18/03/2024,-21100,-237300000,11.25(-1.32 %),0,0,21100,237300000,28787564,6.96
19/03/2024,-500,-5575000,11.2(-0.44 %),0,0,500,5575000,28787564,6.96
20/03/2024,0,0,11.25(0.45 %),0,0,0,0,28799264,6.94
21/03/2024,1000,11200000,11.3(0.44 %),1000,11200000,0,0,28798264,6.94
22/03/2024,12200,136640000,11.25(-0.44 %),12200,136640000,0,0,28786064,6.96
25/03/2024,5000,55415000,11.2(-0.44 %),5000,55415000,0,0,28790964,6.95
26/03/2024,1500,16725000,11.25(0.45 %),1500,16725000,0,0,28791764,6.95
27/03/2024,3200,35840000,11.25(0.00 %),3200,35840000,0,0,28786272,6.96
28/03/2024,0,0,11.25(0.00 %),0,0,0,0,28786272,6.96
29/03/2024,200,2230000,11.3(0.44 %),200,2230000,0,0,28786072,6.96
01/04/2024,-700,-7875000,11.25(-0.44 %),0,0,700,7875000,28786072,6.96
02/04/2024,2200,24670000,11.25(0.00 %),4200,47020000,2000,22350000,28783872,6.96
03/04/2024,9200,103495000,11.3(0.44 %),9200,103495000,0,0,28773372,6.98
04/04/2024,0,0,11.35(0.44 %),0,0,0,0,28774672,6.98
05/04/2024,-7800,-88110000,11.3(-0.44 %),0,0,7800,88110000,28775372,6.97
08/04/2024,-4300,-48775000,11.35(0.44 %),200,2250000,4500,51025000,28786772,6.96
09/04/2024,0,0,11.35(0.00 %),0,0,0,0,28786772,6.96
10/04/2024,-100,-1130000,11.2(-1.32 %),0,0,100,1130000,28786872,6.96
11/04/2024,-4600,-51520000,11.25(0.45 %),0,0,4600,51520000,28787472,6.96
12/04/2024,-100,-1120000,11.25(0.00 %),0,0,100,1120000,28787572,6.96
15/04/2024,-12100,-135100000,11.15(-0.89 %),0,0,12100,135100000,28803672,6.93
16/04/2024,-125600,-1385485000,10.95(-1.79 %),600,6570000,126200,1392055000,28929272,6.75
17/04/2024,-3000,-33150000,11.05(0.91 %),0,0,3000,33150000,28806672,6.93
19/04/2024,4500,49500000,11(-0.45 %),4500,49500000,0,0,28802172,6.94
22/04/2024,0,0,11.05(0.45 %),0,0,0,0,28928472,6.75
23/04/2024,-200,-2190000,11(-0.45 %),0,0,200,2190000,28928472,6.75
24/04/2024,-41400,-453070000,11.1(0.91 %),4200,46045000,45600,499115000,28843772,6.87
25/04/2024,0,0,11.15(0.45 %),0,0,0,0,28843772,6.87
26/04/2024,-4200,-46830000,11.15(0.00 %),0,0,4200,46830000,28970072,6.69
02/05/2024,100,1105000,11.15(0.00 %),100,1105000,0,0,28969972,6.69
03/05/2024,3300,36630000,11.2(0.45 %),3300,36630000,0,0,28970872,6.69
06/05/2024,12800,143645000,11.45(2.23 %),18000,203885000,5200,60240000,28952872,6.72
07/05/2024,17700,201630000,11.5(0.44 %),17700,201630000,0,0,28935172,6.74
08/05/2024,6300,73475000,11.75(2.17 %),9600,112250000,3300,38775000,28930772,6.75
09/05/2024,-11800,-140015000,11.8(0.43 %),1300,15275000,13100,155290000,28929472,6.75
10/05/2024,-4000,-47005000,11.75(-0.42 %),0,0,4000,47005000,28932772,6.74
13/05/2024,10900,128050000,11.75(0.00 %),10900,128050000,0,0,28934972,6.74
14/05/2024,21800,254470000,11.8(0.43 %),21800,254470000,0,0,28913072,6.77
15/05/2024,15700,182025000,12.6(6.78 %),39700,479700000,24000,297675000,28897372,6.8
16/05/2024,-50000,-625845000,12.65(0.40 %),0,0,50000,625845000,28947372,6.72
17/05/2024,-14100,-178440000,12.4(-1.98 %),8100,99440000,22200,277880000,28893372,6.8
20/05/2024,-20000,-253045000,12.4(0.00 %),17300,213905000,37300,466950000,28926072,6.75
21/05/2024,-66000,-822430000,12.6(1.61 %),34000,426890000,100000,1249320000,28914272,6.77
22/05/2024,-78700,-999445000,12.8(1.59 %),22700,288155000,101400,1287600000,28928872,6.75
23/05/2024,-91400,-1151960000,12.6(-1.56 %),8600,108125000,100000,1260085000,29020272,6.62
24/05/2024,-128800,-1609430000,12.55(-0.40 %),1400,17850000,130200,1627280000,29296372,6.21
27/05/2024,-25400,-343520000,13.4(6.77 %),25300,326060000,50700,669580000,29194972,6.36
28/05/2024,0,0,14.3(6.72 %),0,0,0,0,29325172,6.17
29/05/2024,600,9315000,15.3(6.99 %),2100,31845000,1500,22530000,29373772,6.1
30/05/2024,43800,667020000,16.35(6.86 %),69100,1063630000,25300,396610000,29304672,6.2
31/05/2024,-11500,-185160000,15.5(-5.20 %),3500,54190000,15000,239350000,29302672,6.2
03/06/2024,62400,1000650000,16.45(6.13 %),62400,1000650000,0,0,29302672,6.2
04/06/2024,28900,463535000,16.1(-2.13 %),40200,646730000,11300,183195000,29273772,6.25
05/06/2024,19000,303030000,16.15(0.31 %),35500,569685000,16500,266655000,29254772,6.27
06/06/2024,35497,545413950,16.2(6.93 %),54000,830895000,18503,285481050,29162172,6.41
07/06/2024,-73100,-1206885000,16.35(0.93 %),1000,16600000,74100,1223485000,29177672,6.39
10/06/2024,-19500,-317935000,16.55(1.22 %),39500,672575000,59000,990510000,29197172,6.36
11/06/2024,-64100,-1031210000,15.8(-4.53 %),1200,18965000,65300,1050175000,29162172,6.41
12/06/2024,8700,128045000,15.85(0.32 %),20700,315585000,12000,187540000,29267875,6.26
13/06/2024,0,0,15.25(-3.79 %),0,0,0,0,29324875,6.17
14/06/2024,19800,292445000,14.2(-6.89 %),43000,645195000,23200,352750000,29293875,6.22
17/06/2024,144500,2085325000,14.75(3.87 %),162100,2336090000,17600,250765000,29202775,6.35
18/06/2024,47400,704025000,14.65(-0.68 %),50200,746120000,2800,42095000,29175775,6.39
19/06/2024,62700,907680000,14.7(0.34 %),93300,1358065000,30600,450385000,29100075,6.5
20/06/2024,219400,3098480000,14.25(-3.06 %),232600,3293840000,13200,195360000,28870275,6.84
21/06/2024,268300,3940200000,15.2(6.67 %),275400,4044360000,7100,104160000,28625475,7.19
24/06/2024,-113600,-1730205000,14.4(-5.26 %),89800,1310180000,203400,3040385000,28548875,7.31
25/06/2024,-73800,-1101605000,14.4(0.00 %),124300,1755330000,198100,2856935000,28431675,7.48
26/06/2024,-82400,-1179030000,14.4(0.00 %),9600,136220000,92000,1315250000,28625475,7.19
27/06/2024,-40700,-576265000,13.6(-5.56 %),33500,473645000,74200,1049910000,28790075,6.95
28/06/2024,182100,2428215000,13(-4.41 %),213000,2849325000,30900,421110000,28669075,7.13
04/07/2024,-77700,-1036170000,13.25(-0.38 %),17700,235125000,95400,1271295000,28291075,0.0
05/07/2024,-112100,-1530895000,13.5(1.89 %),29800,403295000,141900,1934190000,28403175,0.0
08/07/2024,-213700,-2983280000,14.4(6.67 %),58400,813345000,272100,3796625000,28616875,0.0
09/07/2024,698000,10816740000,15.4(6.94 %),1019200,15603090000,321200,4786350000,27918875,0.0
10/07/2024,1853700,30429665000,16.45(6.82 %),1980600,32448760000,126900,2019095000,26065175,0.0
11/07/2024,590000,9490185000,16.25(-1.22 %),675700,10881485000,85700,1391300000,25475175,0.0
12/07/2024,106500,1646325000,15.15(-6.77 %),151800,2347705000,45300,701380000,25368675,0.0
15/07/2024,48600,722395000,14.9(-1.65 %),132500,1972510000,83900,1250115000,25320075,0.0
16/07/2024,21400,316230000,14.8(-0.67 %),47300,704715000,25900,388485000,25298675,0.0
17/07/2024,212300,3033855000,13.85(-6.42 %),267100,3818310000,54800,784455000,25086375,0.0
18/07/2024,101100,1418335000,14.45(4.33 %),135700,1908685000,34600,490350000,24985275,0.0
19/07/2024,-65900,-931030000,14.35(-0.69 %),2300,32225000,68200,963255000,25051175,0.0
22/07/2024,-63000,-912775000,13.45(-6.27 %),108000,1460900000,171000,2373675000,25114175,0.0
23/07/2024,-126900,-1722730000,13.3(-1.12 %),10900,146685000,137800,1869415000,25241075,0.0
24/07/2024,-11600,-162965000,13.7(3.01 %),86500,1149825000,98100,1312790000,25252675,0.0
25/07/2024,-149600,-2054510000,13.55(-1.09 %),16300,218095000,165900,2272605000,25402275,0.0
26/07/2024,-29800,-417705000,13.8(1.85 %),31600,429730000,61400,847435000,25432075,0.0
29/07/2024,-57600,-795670000,13.65(-1.09 %),8700,119910000,66300,915580000,25489675,0.0
30/07/2024,-57600,-795670000,13.9(1.83 %),8700,119910000,66300,915580000,25547275,0.0
31/07/2024,-220100,-3020490000,13.5(-2.88 %),300,4070000,220400,3024560000,25767375,0.0
01/08/2024,-83700,-1100090000,13(-3.70 %),100,1325000,83800,1101415000,25800675,0.0
02/08/2024,27200,354365000,13.25(1.92 %),45700,594285000,18500,239920000,25773475,0.0
05/08/2024,-57200,-737380000,12.35(-6.79 %),800,10250000,58000,747630000,25830675,0.0
06/08/2024,75400,951475000,13.1(6.07 %),94900,1193610000,19500,242135000,25755275,0.0
07/08/2024,-4900,-67100000,13(-0.76 %),11300,146250000,16200,213350000,25760175,0.0
08/08/2024,47300,626425000,13.15(1.15 %),63500,839335000,16200,212910000,25712875,0.0
09/08/2024,-11400,-152290000,13.2(0.38 %),13800,181395000,25200,333685000,25724275,0.0
12/08/2024,31000,421110000,13.65(3.41 %),43500,587640000,12500,166530000,25693275,0.0
13/08/2024,11500,147665000,13.35(-2.20 %),40200,530835000,28700,383170000,25681775,0.0
14/08/2024,-34500,-460045000,13.2(-1.12 %),0,0,34500,460045000,25716275,0.0
15/08/2024,-19900,-260420000,12.95(-1.89 %),600,7805000,20500,268225000,25736175,0.0
16/08/2024,102100,1360440000,13.4(3.47 %),116500,1552420000,14400,191980000,25634075,0.0
19/08/2024,5100,68210000,13.45(0.37 %),22800,309265000,17700,241055000,25628975,0.0
20/08/2024,4200,53995000,13.45(0.00 %),17100,226010000,12900,172015000,25624775,0.0
21/08/2024,8900,120630000,13.6(1.12 %),26300,355235000,17400,234605000,25615875,0.0
22/08/2024,-52000,-699675000,13.5(-0.74 %),3700,49765000,55700,749440000,25667875,0.0
23/08/2024,-58100,-768865000,13.2(-2.22 %),0,0,58100,768865000,25725975,0.0
26/08/2024,-33800,-441535000,12.95(-1.89 %),8400,110650000,42200,552185000,25759775,0.0
27/08/2024,-49800,-647180000,12.95(0.00 %),900,11600000,50700,658780000,25809575,0.0
28/08/2024,5200,63650000,12.85(-0.77 %),25400,323910000,20200,260260000,25804375,0.0
29/08/2024,-27000,-344575000,12.8(-0.39 %),100,1280000,27100,345855000,25831375,0.0
30/08/2024,-2700,-34790000,12.65(-1.17 %),0,0,2700,34790000,25834075,0.0
04/09/2024,-4900,-61915000,12.55(-0.79 %),0,0,4900,61915000,26207775,0.0
05/09/2024,-2300,-29450000,12.75(1.59 %),700,8820000,3000,38270000,26210075,0.0
06/09/2024,-1300,-16640000,12.65(-0.78 %),0,0,1300,16640000,26211375,0.0
09/09/2024,-700,-8895000,12.65(0.00 %),0,0,700,8895000,26212075,0.0
10/09/2024,1300,16120000,12.55(-0.79 %),3300,41400000,2000,25280000,26210775,0.0
11/09/2024,-4600,-56985000,12.5(-0.40 %),0,0,4600,56985000,26215375,0.0
12/09/2024,-1200,-15180000,12.6(0.80 %),0,0,1200,15180000,26216575,0.0
13/09/2024,1300,16675000,12.85(1.98 %),4000,50850000,2700,34175000,26215275,0.0
16/09/2024,-100,-1285000,12.7(-1.17 %),0,0,100,1285000,26215375,0.0
17/09/2024,-100,-1270000,12.7(0.00 %),0,0,100,1270000,26215475,0.0
18/09/2024,5100,65515000,12.95(1.97 %),7100,90965000,2000,25450000,26210375,0.0
19/09/2024,0,75000,12.95(0.00 %),2000,25975000,2000,25900000,26210375,0.0
20/09/2024,3900,50505000,12.9(-0.39 %),3900,50505000,0,0,26206475,0.0
23/09/2024,-2600,-33310000,12.95(0.39 %),0,0,2600,33310000,26209075,0.0
24/09/2024,-10900,-140655000,12.75(-1.54 %),0,0,10900,140655000,26219975,0.0
25/09/2024,-4800,-62140000,13(1.96 %),0,0,4800,62140000,26224775,0.0
26/09/2024,5800,76105000,13.2(1.54 %),5800,76105000,0,0,26218975,0.0
27/09/2024,1200,15725000,13.05(-1.14 %),1300,17030000,100,1305000,26217775,0.0
30/09/2024,2500,32625000,13.2(1.15 %),2500,32625000,0,0,26215275,0.0
01/10/2024,600,7850000,13.2(0.00 %),600,7850000,0,0,26249875,0.0
02/10/2024,-103200,-1350970000,13.15(-0.38 %),1100,14355000,104300,1365325000,26353075,0.0
03/10/2024,-11200,-147325000,13.15(0.00 %),300,3885000,11500,151210000,26364275,0.0
04/10/2024,-1400,-18510000,13.2(0.38 %),1400,18590000,2800,37100000,26365675,0.0
07/10/2024,700,9190000,13.05(-1.14 %),700,9190000,0,0,26364975,0.0
08/10/2024,-127900,-1687360000,13.1(0.38 %),0,0,127900,1687360000,26492875,0.0
09/10/2024,3100,40760000,13.15(0.38 %),3100,40760000,0,0,26489775,0.0
10/10/2024,5600,73795000,13.2(0.38 %),5600,73795000,0,0,26484175,0.0
11/10/2024,6000,79220000,13.3(0.76 %),6000,79220000,0,0,26478175,0.0
14/10/2024,900,11940000,13.2(-0.75 %),900,11940000,0,0,26477275,0.0
15/10/2024,0,0,13.15(-0.38 %),0,0,0,0,26477275,0.0
16/10/2024,200,2685000,13.2(0.38 %),1200,15835000,1000,13150000,26477075,0.0
17/10/2024,3700,48745000,13.2(0.00 %),3800,50065000,100,1320000,26473375,0.0
18/10/2024,3500,45965000,13.2(0.00 %),3700,48605000,200,2640000,26469875,0.0
21/10/2024,6000,78005000,13(-1.52 %),6000,78005000,0,0,26463875,0.0
22/10/2024,-15100,-194540000,12.85(-1.15 %),2900,37385000,18000,231925000,26478975,0.0
23/10/2024,-30800,-394965000,12.8(-0.39 %),0,0,30800,394965000,26509775,0.0
24/10/2024,-19600,-250905000,12.7(-0.78 %),0,0,19600,250905000,26529375,0.0
25/10/2024,-11400,-145650000,12.6(-0.79 %),0,0,11400,145650000,26540775,0.0
28/10/2024,-1700,-21635000,12.8(1.59 %),0,0,1700,21635000,26542475,0.0
29/10/2024,-600,-7785000,13(1.56 %),0,0,600,7785000,26543075,0.0
30/10/2024,-1200,-15600000,13.05(0.38 %),0,0,1200,15600000,26544275,0.0
31/10/2024,-3800,-49790000,13.15(0.77 %),0,0,3800,49790000,26548075,0.0
01/11/2024,0,0,12.8(-2.66 %),0,0,0,0,26542603,0.0
04/11/2024,-189400,-2462075000,13.05(1.95 %),0,0,189400,2462075000,26732003,0.0
05/11/2024,-123200,-1602585000,13(-0.38 %),100,1300000,123300,1603885000,26855203,0.0
06/11/2024,-27000,-351265000,12.75(-1.92 %),1300,17020000,28300,368285000,26882203,0.0
07/11/2024,10100,132575000,13.4(5.10 %),10100,132575000,0,0,26872103,0.0
08/11/2024,5200,70310000,13.5(0.75 %),5200,70310000,0,0,26866903,0.0
11/11/2024,-2000,-28800000,14.4(6.67 %),0,0,2000,28800000,26868903,0.0
12/11/2024,2000,29085000,14.35(-0.35 %),2000,29085000,0,0,26775203,9.9
13/11/2024,14800,205135000,14.2(-1.05 %),14800,205135000,0,0,26852103,0.0
14/11/2024,-6500,-98830000,14(-1.41 %),5600,78585000,12100,177415000,26858603,0.0
15/11/2024,2800,38650000,13.65(-2.50 %),2900,40040000,100,1390000,26855803,0.0
18/11/2024,3700,50520000,13.8(1.10 %),3800,51905000,100,1385000,26852103,0.0
19/11/2024,4000,54970000,13.5(-2.17 %),4200,57780000,200,2810000,26848103,0.0
20/11/2024,8700,120555000,13.7(1.48 %),13000,178985000,4300,58430000,26839403,0.0
21/11/2024,5600,76305000,13.6(-0.73 %),5600,76305000,0,0,26833803,0.0
22/11/2024,100,1355000,13.4(-1.47 %),100,1355000,0,0,26833703,0.0
25/11/2024,8900,122820000,13.8(2.99 %),8900,122820000,0,0,26829803,9.82
26/11/2024,8800,123100000,13.85(0.36 %),8800,123100000,0,0,26821003,9.83
27/11/2024,4300,60120000,14.2(2.53 %),4300,60120000,0,0,26816703,9.83
28/11/2024,15300,214765000,14.15(-0.35 %),15500,217605000,200,2840000,26801203,9.86
29/11/2024,16500,233540000,14.15(0.00 %),16500,233540000,0,0,26784703,9.88
02/12/2024,8700,122040000,14(-1.06 %),8700,122040000,0,0,26776203,9.89
03/12/2024,-2200,-33785000,14.35(2.50 %),7800,112140000,10000,145925000,26768403,9.91
04/12/2024,-4800,-69095000,14.35(0.00 %),0,0,4800,69095000,26768403,9.91
05/12/2024,7400,104605000,14.6(1.74 %),14500,209105000,7100,104500000,26763903,9.91
09/12/2024,-5500,-79710000,14.15(-1.74 %),1300,18265000,6800,97975000,26774503,9.9
10/12/2024,800,10590000,14.35(1.41 %),6900,98430000,6100,87840000,26768803,9.9
16/12/2024,-200,-2740000,14.1(-1.74 %),6600,94510000,6800,97250000,26772903,9.9
17/12/2024,-1100,-16165000,14.15(0.35 %),3800,53040000,4900,69205000,26769303,9.9
18/12/2024,4200,59825000,14.35(1.41 %),9200,131025000,5000,71200000,26766903,9.91
19/12/2024,12700,179655000,14(-2.44 %),13200,186680000,500,7025000,26758603,9.92
20/12/2024,-98800,-1460235000,14.75(5.36 %),5300,77125000,104100,1537360000,26758303,9.92
24/12/2024,0,0,15(1.35 %),0,0,0,0,26844303,9.79
25/12/2024,-10100,-150380000,14.85(-1.00 %),1000,14900000,11100,165280000,26853803,9.78
26/12/2024,1000,14550000,14.55(-2.02 %),1000,14550000,0,0,26863103,9.77
27/12/2024,-16900,-241080000,14.25(-2.06 %),0,0,16900,241080000,26874203,9.75
30/12/2024,5700,80450000,14.1(-1.05 %),7700,108970000,2000,28520000,26866503,9.76
31/12/2024,-3900,-55770000,14.1(0.00 %),0,0,3900,55770000,26883403,9.74
02/01/2025,5400,75510000,14.1(0.00 %),9300,131130000,3900,55620000,26876103,9.75
03/01/2025,-18100,-254575000,14.1(0.00 %),0,0,18100,254575000,26880005,9.74
06/01/2025,-5800,-80910000,13.55(-3.90 %),1200,16045000,7000,96955000,26882705,9.74
07/01/2025,-300,-4170000,13.5(-0.37 %),600,8160000,900,12330000,26882705,9.74
08/01/2025,1100,14825000,13.75(1.85 %),2300,31165000,1200,16340000,26904912,9.71
09/01/2025,-1700,-23380000,13.8(0.36 %),0,0,1700,23380000,26905812,9.7
10/01/2025,-5100,-70325000,13.5(-2.17 %),0,0,5100,70325000,26907012,9.7
13/01/2025,-8000,-108715000,13.95(3.33 %),0,0,8000,108715000,26908712,9.7
14/01/2025,-17200,-238930000,13.95(0.00 %),1500,20775000,18700,259705000,26912312,9.7
15/01/2025,-15100,-210375000,14.1(1.08 %),0,0,15100,210375000,26920312,9.68
16/01/2025,-1000,-14105000,14.15(0.35 %),0,0,1000,14105000,26921312,0.0
17/01/2025,12600,176900000,14.2(0.35 %),13800,194060000,1200,17160000,26940391,9.65
20/01/2025,-200,-2820000,14.15(-0.35 %),0,0,200,2820000,26941391,9.65
21/01/2025,9100,126950000,14(-1.06 %),11300,157640000,2200,30690000,26931291,9.67
22/01/2025,-600,-8440000,14.05(0.36 %),1000,13800000,1600,22240000,26930491,9.67
23/01/2025,3700,52205000,14.15(0.71 %),3700,52205000,0,0,26928991,9.67
24/01/2025,1100,15570000,14.1(-0.35 %),1100,15570000,0,0,26929491,9.67
03/02/2025,2700,38310000,0(0.00 %),2700,38310000,0,0,26926791,9.67
04/02/2025,-49500,-709885000,14.5(1.40 %),15300,219875000,64800,929760000,26911491,9.7
05/02/2025,3500,49925000,14.35(-1.03 %),3500,49925000,0,0,26907991,9.7
06/02/2025,9100,131620000,14.55(1.39 %),9100,131620000,0,0,26963691,9.62
07/02/2025,1700,24000000,14.8(1.72 %),4200,61125000,2500,37125000,26959491,9.63
10/02/2025,800,11600000,14.55(-1.69 %),1100,16060000,300,4460000,26958391,9.63
11/02/2025,5300,77355000,14.55(0.00 %),5300,77355000,0,0,26955591,9.63
12/02/2025,5900,85090000,14.5(-0.34 %),7000,101370000,1100,16280000,26948891,9.64
13/02/2025,2200,31460000,14.3(-1.38 %),2200,31460000,0,0,26946691,9.65
14/02/2025,22500,319125000,14.1(-1.40 %),27900,395805000,5400,76680000,26919891,9.68
17/02/2025,46600,671530000,14.7(4.26 %),60100,869230000,13500,197700000,26859791,9.77
18/02/2025,10100,152980000,14.75(0.34 %),10100,152980000,0,0,26855091,9.78
19/02/2025,24400,364335000,15.05(2.03 %),29400,438585000,5000,74250000,26839191,9.8
20/02/2025,113600,1728460000,15.3(1.66 %),121100,1842290000,7500,113830000,26718091,9.98
21/02/2025,-9400,-149120000,15.9(3.92 %),9900,153630000,19300,302750000,26713191,9.99
24/02/2025,169600,2751730000,16.35(2.83 %),245700,3970805000,76100,1219075000,26474991,10.33
25/02/2025,367600,5972765000,16.25(-0.61 %),401000,6516045000,33400,543280000,26093291,10.89
26/02/2025,321600,5203910000,16.25(0.00 %),326500,5283085000,4900,79175000,25842891,11.26
27/02/2025,28300,450280000,16(-1.54 %),32400,515635000,4100,65355000,25843891,11.26
28/02/2025,312500,4954850000,16(0.00 %),314500,4986470000,2000,31620000,25534291,11.71
03/03/2025,-50600,-800240000,15.75(-1.56 %),800,12640000,51400,812880000,25537591,11.7
04/03/2025,-14600,-228805000,15.4(-2.22 %),0,0,14600,228805000,25539591,11.7
05/03/2025,-12400,-189100000,14.95(-2.92 %),1500,22575000,13900,211675000,25589491,11.63
06/03/2025,39500,594975000,15.05(0.67 %),48200,725385000,8700,130410000,25555891,11.68
07/03/2025,159300,2411855000,15.2(1.00 %),159700,2417955000,400,6100000,25410091,11.89
10/03/2025,32100,484425000,14.95(-1.64 %),49200,741755000,17100,257330000,25369591,11.95
11/03/2025,-20100,-298165000,14.7(-1.67 %),12300,179770000,32400,477935000,25369591,11.95
12/03/2025,-22800,-336420000,14.85(1.02 %),0,0,22800,336420000,25374791,11.94
13/03/2025,-26700,-394980000,14.6(-1.68 %),0,0,26700,394980000,25407191,11.89
14/03/2025,-20800,-303640000,14.55(-0.34 %),0,0,20800,303640000,25429991,11.86
17/03/2025,-23800,-347075000,14.6(0.34 %),1200,17725000,25000,364800000,25455491,11.82
18/03/2025,5500,79500000,14.55(-0.34 %),10000,145645000,4500,66145000,25466291,11.81
19/03/2025,495300,7419185000,15.1(3.78 %),523600,7834100000,28300,414915000,24967691,12.54
20/03/2025,-66300,-985375000,14.8(-1.99 %),300,4410000,66600,989785000,24971891,12.53
21/03/2025,1000,14110000,14.55(-1.69 %),11000,162375000,10000,148265000,24989191,12.5
24/03/2025,2900,42340000,14.55(0.00 %),18000,262400000,15100,220060000,25037791,12.43
25/03/2025,171000,2472910000,14.55(0.00 %),174400,2521900000,3400,48990000,24873391,12.67
26/03/2025,254800,3761365000,14.7(1.03 %),257800,3805940000,3000,44575000,24630691,13.03
27/03/2025,63400,931615000,14.7(0.00 %),63900,938970000,500,7355000,24570191,13.12
28/03/2025,-24700,-360415000,14.45(-1.70 %),0,0,24700,360415000,24573191,13.11
31/03/2025,-42600,-611190000,14(-3.11 %),1400,19530000,44000,630720000,24572291,13.11
01/04/2025,27100,382970000,14.2(1.43 %),52200,737645000,25100,354675000,24544791,13.15
02/04/2025,-60200,-848560000,13.9(-2.11 %),22500,319250000,82700,1167810000,24566291,13.12
03/04/2025,21000,273385000,12.95(-6.83 %),55400,722130000,34400,448745000,24535991,13.17
04/04/2025,173300,2118685000,12.95(0.00 %),179600,2196805000,6300,78120000,24439091,13.31
08/04/2025,10400,126075000,12.05(-6.95 %),14300,174165000,3900,48090000,24459191,13.28
09/04/2025,252000,3017015000,12.1(0.41 %),265500,3181225000,13500,164210000,24199991,13.66
10/04/2025,-500,-6450000,12.9(6.61 %),0,0,500,6450000,24203891,13.65
11/04/2025,-66800,-866070000,13.1(1.55 %),45400,574370000,112200,1440440000,24171991,13.7
14/04/2025,-93200,-1216540000,13.15(0.38 %),0,0,93200,1216540000,24172491,13.7
15/04/2025,-32500,-416180000,12.85(-2.28 %),16100,208590000,48600,624770000,24268591,13.56
16/04/2025,-29600,-379460000,12.6(-1.95 %),900,11490000,30500,390950000,24360891,13.42
17/04/2025,-4700,-59470000,12.8(1.59 %),6100,77195000,10800,136665000,24403391,13.36
18/04/2025,37100,477920000,12.9(0.78 %),41600,535750000,4500,57830000,24392291,13.38
21/04/2025,-15000,-190220000,12.65(-1.94 %),500,6450000,15500,196670000,24402591,13.36
22/04/2025,-9800,-111675000,12.25(-3.16 %),23900,297650000,33700,409325000,24383191,13.39
23/04/2025,-9400,-118730000,12.65(3.27 %),1500,19060000,10900,137790000,24397191,13.37
24/04/2025,55000,703115000,12.75(0.79 %),55400,708225000,400,5110000,24375491,13.4
25/04/2025,3200,40505000,12.65(-0.78 %),4000,50645000,800,10140000,24382391,13.39
28/04/2025,6200,79950000,13.1(3.56 %),11900,154170000,5700,74220000,24370891,13.41
29/04/2025,-33300,-443880000,13.1(0.00 %),5100,67085000,38400,510965000,24366591,13.41
05/05/2025,4100,1645000,13.25(1.15 %),4100,54255000,0,52610000,24372191,13.41
06/05/2025,-16400,-216475000,13.15(-0.75 %),2200,28900000,18600,245375000,24410591,13.35
07/05/2025,-1400,-17975000,13.1(-0.38 %),2400,31615000,3800,49590000,24410591,13.35
08/05/2025,-80300,-1050210000,13.1(0.00 %),2700,35520000,83000,1085730000,24426991,13.33
09/05/2025,7000,92370000,13.15(0.38 %),7000,92370000,0,0,24421391,13.33
12/05/2025,-100,-1340000,13.45(2.28 %),0,0,100,1340000,24501691,13.22
13/05/2025,-5900,-79595000,13.45(0.00 %),0,0,5900,79595000,24501691,13.22
14/05/2025,-1700,-23045000,13.55(0.74 %),0,0,1700,23045000,24501771,13.22
15/05/2025,0,-83210000,13.45(-0.74 %),0,0,0,83210000,24507651,13.21
16/05/2025,0,0,13.5(0.37 %),0,0,0,0,24509351,13.2
19/05/2025,100,1380000,13.7(1.48 %),100,1380000,0,0,24515451,13.2
20/05/2025,300,-48090000,13.75(0.36 %),300,4110000,0,52200000,24515451,13.2
21/05/2025,0,-189540000,13.55(-1.45 %),0,0,0,189540000,24515451,13.2
22/05/2025,9900,135625000,13.6(0.37 %),9900,135625000,0,0,24509051,13.21
23/05/2025,6400,88595000,13.9(2.21 %),6400,88595000,0,0,24516451,13.19
26/05/2025,4400,-425220000,14.3(2.88 %),4400,62270000,0,487490000,24516451,13.19
27/05/2025,22700,326970000,14.3(0.00 %),26600,383190000,3900,56220000,24493751,13.23
28/05/2025,0,-157460000,12.85(-3.38 %),0,0,0,157460000,24523851,13.18
29/05/2025,0,-2149705000,12.5(-2.72 %),0,0,0,2149705000,24523851,13.18
30/05/2025,0,-662215000,12.45(-0.40 %),0,0,0,662215000,24536051,13.17
02/06/2025,0,-274055000,12.45(0.00 %),0,0,0,274055000,24706551,12.92
03/06/2025,0,-101470000,12.45(0.00 %),0,0,0,101470000,24759551,12.84
04/06/2025,35200,437405000,12.7(2.01 %),35200,439915000,0,2510000,24746551,12.86
05/06/2025,0,-65265000,12.55(-1.18 %),0,0,0,65265000,24754651,12.85
06/06/2025,0,-181520000,12.4(-1.20 %),0,0,0,181520000,24754651,12.85
09/06/2025,0,-370665000,12.2(-1.61 %),0,0,0,370665000,24759851,12.84
10/06/2025,0,-29640000,12.2(0.00 %),0,0,0,29640000,24774351,12.82
11/06/2025,-5000,-61680000,12.45(2.05 %),0,0,5000,61680000,24804351,12.77
12/06/2025,0,0,12.5(0.40 %),0,0,0,0,24806751,12.77
13/06/2025,27900,355490000,12.8(2.40 %),28300,360610000,400,5120000,24783851,12.8
16/06/2025,2000,26375000,13(1.56 %),2000,26375000,0,0,24781851,12.81
17/06/2025,-100,-1320000,12.7(-2.31 %),0,0,100,1320000,24781851,12.81
18/06/2025,-12600,-160960000,12.65(-0.39 %),0,0,12600,160960000,24781851,12.81
19/06/2025,-2800,-35410000,12.7(0.40 %),0,0,2800,35410000,24781951,12.81
20/06/2025,-2300,-29165000,12.5(-1.57 %),600,7620000,2900,36785000,24794551,12.79
23/06/2025,-4600,-58650000,12.7(1.60 %),100,1275000,4700,59925000,24797351,12.78
24/06/2025,0,0,12.5(-1.57 %),0,0,0,0,24799651,12.78
25/06/2025,0,0,12.5(0.00 %),0,0,0,0,24804251,12.77
26/06/2025,-2200,-27500000,12.45(-0.40 %),0,0,2200,27500000,24804251,12.77
27/06/2025,0,0,12.45(0.00 %),0,0,0,0,24804251,12.77
30/06/2025,-38,-37444,12.6(1.20 %),206,354643,244,392087,24806451,12.77
01/07/2025,16100,202805000,12.65(0.40 %),16500,207825000,400,5020000,24790351,12.79
02/07/2025,200,2510000,12.6(-0.40 %),200,2510000,0,0,24795351,12.79
03/07/2025,54000,682455000,12.55(-0.40 %),54000,682455000,0,0,24741351,12.87
04/07/2025,0,0,12.55(0.00 %),0,0,0,0,24741351,12.87
07/07/2025,0,0,12.65(0.80 %),0,0,0,0,24741351,12.87
08/07/2025,9500,120875000,12.7(0.40 %),16000,203200000,6500,82325000,24731851,12.88
09/07/2025,-3500,-44450000,12.7(0.00 %),0,0,3500,44450000,24731851,12.88
10/07/2025,8200,104865000,12.8(0.79 %),10000,127905000,1800,23040000,24731851,12.88
11/07/2025,6800,86850000,12.75(-0.39 %),7700,98325000,900,11475000,24720351,12.9
14/07/2025,8600,109225000,12.75(0.00 %),9100,115575000,500,6350000,24711751,12.91
15/07/2025,12200,155865000,12.75(0.00 %),12200,155865000,0,0,24699551,12.93
16/07/2025,11500,147815000,12.85(0.78 %),11500,147815000,0,0,24688051,12.94
17/07/2025,8800,113520000,12.9(0.39 %),8800,113520000,0,0,24688051,12.94
18/07/2025,8500,109910000,12.95(0.39 %),8500,109910000,0,0,24670758,12.97
21/07/2025,4200,54685000,12.95(0.00 %),4200,54685000,0,0,24666558,12.98
22/07/2025,8700,112060000,12.85(-0.77 %),9100,117240000,400,5180000,24657858,12.99
23/07/2025,18700,241430000,13(1.17 %),18700,241430000,0,0,24639158,13.02
24/07/2025,10600,138535000,13.05(0.38 %),12100,158260000,1500,19725000,24628558,13.03
25/07/2025,16400,217425000,13.45(3.07 %),16400,217425000,0,0,24612158,13.05
28/07/2025,-6600,-88035000,13.85(2.97 %),33800,471780000,40400,559815000,24612158,13.05
29/07/2025,19600,254035000,13.05(-5.78 %),28100,371155000,8500,117120000,24592558,13.08
30/07/2025,16500,216610000,13.25(1.53 %),16500,216610000,0,0,24582658,13.1
31/07/2025,-16800,-222845000,13.35(0.75 %),0,0,16800,222845000,24582658,13.1
01/08/2025,-38300,-523915000,13.55(1.50 %),600,8160000,38900,532075000,24582658,13.1
04/08/2025,-86900,-1172610000,13.45(-0.74 %),4300,58375000,91200,1230985000,24599458,13.07
05/08/2025,49600,672450000,13.35(-0.74 %),53000,717675000,3400,45225000,24588158,13.09
06/08/2025,25500,346315000,13.5(1.12 %),25500,346315000,0,0,24649558,13.0
07/08/2025,6400,86410000,13.55(0.37 %),6400,86410000,0,0,24643158,13.01
08/08/2025,-500,-6675000,13.75(1.48 %),18000,244875000,18500,251550000,24643158,13.01
11/08/2025,-22000,-304150000,13.7(-0.36 %),100,1385000,22100,305535000,24643158,13.01
12/08/2025,-1400,-22850000,13.8(0.73 %),21100,291505000,22500,314355000,24643672,13.01
13/08/2025,-32400,-446145000,13.65(-1.09 %),200,2720000,32600,448865000,24665672,12.98
14/08/2025,-12400,-167735000,0(0.00 %),7300,97220000,19700,264955000,24667072,12.97
15/08/2025,-8200,-110120000,13.3(-1.12 %),2000,26600000,10200,136720000,24699472,12.93
18/08/2025,-5000,-66830000,13.5(1.50 %),2100,28310000,7100,95140000,24711872,12.91
19/08/2025,46000,625415000,13.55(0.37 %),46000,625415000,0,0,24674072,12.96
20/08/2025,47800,623330000,13.3(-1.85 %),68000,893755000,20200,270425000,24631272,13.03
21/08/2025,-43400,-582880000,13.35(0.38 %),2000,26900000,45400,609780000,24631272,13.03
22/08/2025,-42200,-559795000,13.1(-1.87 %),0,0,42200,559795000,24631272,13.03
25/08/2025,-15100,-199725000,13(-0.76 %),21100,273245000,36200,472970000,24631272,13.03
