Ngay,KLGDRong,GTDGRong,ThayDoi,KLMua,GtMua,KLBan,GtBan,RoomConLai,DangSoHuu
19/12/2005,200,4380,0(0.00 %),200,4380,0,0,0,0.0
20/12/2005,200,4180,0(0.00 %),200,4180,0,0,0,0.0
21/12/2005,1000,20600,0(0.00 %),1000,20600,0,0,0,0.0
22/12/2005,500,10250,0(0.00 %),500,10250,0,0,0,0.0
27/12/2005,-200,-4720,0(0.00 %),0,0,200,4720,0,0.0
28/12/2005,-200,-4820,0(0.00 %),0,0,200,4820,0,0.0
04/01/2006,30,720,0(0.00 %),30,720,0,0,0,0.0
05/01/2006,800,19600,0(0.00 %),1000,24500,200,4900,0,0.0
19/01/2006,-200,-5200,0(0.00 %),0,0,200,5200,0,0.0
20/01/2006,200,4940,0(0.00 %),200,4940,0,0,0,0.0
23/01/2006,500,12350,0(0.00 %),500,12350,0,0,0,0.0
06/02/2006,190,4940,0(0.00 %),190,4940,0,0,0,0.0
08/02/2006,-130,-3497,0(0.00 %),0,0,130,3497,0,0.0
13/02/2006,90,2421,0(0.00 %),100,2690,10,269,0,0.0
16/02/2006,-190,-5396,0(0.00 %),0,0,190,5396,0,0.0
20/02/2006,510,14280,0(0.00 %),510,14280,0,0,0,0.0
03/03/2006,130,3445,0(0.00 %),130,3445,0,0,0,0.0
06/03/2006,100,2700,0(0.00 %),100,2700,0,0,0,0.0
10/03/2006,200,5400,0(0.00 %),200,5400,0,0,0,0.0
13/03/2006,660,17894,0(0.00 %),660,17894,0,0,0,0.0
14/03/2006,410,11070,0(0.00 %),410,11070,0,0,0,0.0
16/03/2006,-300,-8910,0(0.00 %),0,0,300,8910,0,0.0
17/03/2006,10,311,0(0.00 %),300,9330,290,9019,0,0.0
20/03/2006,-200,-6400,0(0.00 %),0,0,200,6400,0,0.0
21/03/2006,200,6400,0(0.00 %),200,6400,0,0,0,0.0
27/03/2006,700,21700,0(0.00 %),700,21700,0,0,0,0.0
29/03/2006,360,11160,0(0.00 %),360,11160,0,0,0,0.0
30/03/2006,2290,73280,0(0.00 %),2500,80000,210,6720,0,0.0
03/04/2006,-200,-6760,0(0.00 %),0,0,200,6760,0,0.0
04/04/2006,-200,-7080,0(0.00 %),0,0,200,7080,0,0.0
07/04/2006,200,6800,0(0.00 %),200,6800,0,0,0,0.0
11/04/2006,1300,42900,0(0.00 %),1300,42900,0,0,0,0.0
12/04/2006,1000,33000,0(0.00 %),1000,33000,0,0,0,0.0
13/04/2006,-300,-10380,0(0.00 %),0,0,300,10380,0,0.0
17/04/2006,-500,-19050,0(0.00 %),0,0,500,19050,0,0.0
19/04/2006,-500,-21000,0(0.00 %),0,0,500,21000,0,0.0
20/04/2006,-140,-6174,0(0.00 %),360,15876,500,22050,0,0.0
21/04/2006,-500,-23150,0(0.00 %),0,0,500,23150,0,0.0
24/04/2006,1000,48600,0(0.00 %),1000,48600,0,0,0,0.0
25/04/2006,4000,204000,0(0.00 %),4000,204000,0,0,0,0.0
26/04/2006,300,16050,0(0.00 %),300,16050,0,0,0,0.0
04/05/2006,300,15000,0(0.00 %),300,15000,0,0,0,0.0
05/05/2006,500,23950,0(0.00 %),500,23950,0,0,0,0.0
08/05/2006,500,22600,0(0.00 %),500,22600,0,0,0,0.0
09/05/2006,20,860,0(0.00 %),20,860,0,0,0,0.0
11/05/2006,600,23340,0(0.00 %),600,23340,0,0,0,0.0
16/05/2006,800,32640,0(0.00 %),800,32640,0,0,0,0.0
17/05/2006,140,5600,0(0.00 %),140,5600,0,0,0,0.0
18/05/2006,-50,-2135,0(0.00 %),0,0,50,2135,0,0.0
19/05/2006,-500,-19650,0(0.00 %),500,19650,1000,39300,0,0.0
23/05/2006,560,21000,0(0.00 %),560,21000,0,0,0,0.0
24/05/2006,200,7140,0(0.00 %),200,7140,0,0,0,0.0
26/05/2006,300,11420,0(0.00 %),300,11420,0,0,0,0.0
02/06/2006,400,13990,0(0.00 %),400,13990,0,0,0,0.0
05/06/2006,-300,-11610,0(0.00 %),0,0,300,11610,0,0.0
06/06/2006,-300,-12000,0(0.00 %),0,0,300,12000,0,0.0
07/06/2006,500,19250,0(0.00 %),500,19250,0,0,0,0.0
09/06/2006,-500,-19750,0(0.00 %),0,0,500,19750,0,0.0
14/06/2006,300,11340,0(0.00 %),300,11340,0,0,0,0.0
16/06/2006,100,3980,0(0.00 %),100,3980,0,0,0,0.0
21/06/2006,10,360,0(0.00 %),10,360,0,0,0,0.0
03/07/2006,140,5296,0(0.00 %),600,22500,460,17204,0,0.0
21/07/2006,200,6960,0(0.00 %),200,6960,0,0,0,0.0
24/07/2006,300,9930,0(0.00 %),300,9930,0,0,0,0.0
25/07/2006,300,9450,0(0.00 %),300,9450,0,0,0,0.0
26/07/2006,300,9000,0(0.00 %),300,9000,0,0,0,0.0
27/07/2006,300,9000,0(0.00 %),300,9000,0,0,0,0.0
28/07/2006,-500,-15750,0(0.00 %),0,0,500,15750,0,0.0
31/07/2006,300,9300,0(0.00 %),300,9300,0,0,0,0.0
01/08/2006,200,6000,0(0.00 %),200,6000,0,0,0,0.0
04/08/2006,320,10400,0(0.00 %),520,16900,200,6500,0,0.0
07/08/2006,100,3250,0(0.00 %),100,3250,0,0,0,0.0
09/08/2006,20,660,0(0.00 %),20,660,0,0,0,0.0
10/08/2006,-100,-3350,0(0.00 %),0,0,100,3350,0,0.0
11/08/2006,50,1700,0(0.00 %),350,11900,300,10200,0,0.0
15/08/2006,-410,-14760,0(0.00 %),0,0,410,14760,0,0.0
16/08/2006,-210,-7665,0(0.00 %),0,0,210,7665,0,0.0
17/08/2006,-400,-15400,0(0.00 %),0,0,400,15400,0,0.0
01/09/2006,-240,-9816,40(0.00 %),60,2454,300,12270,0,0.0
05/09/2006,400,16200,40.5(1.25 %),400,16200,0,0,0,0.0
07/09/2006,0,-200,40(-1.23 %),400,16000,400,16200,0,0.0
26/09/2006,400,15640,39.1(0.26 %),400,15640,0,0,0,0.0
03/10/2006,10,390,39(1.04 %),10,390,0,0,0,0.0
04/10/2006,300,11550,38.5(-1.28 %),300,11550,0,0,0,0.0
09/10/2006,250,9500,38(-1.30 %),250,9500,0,0,0,0.0
10/10/2006,150,5580,37.2(-2.11 %),150,5580,0,0,0,0.0
17/10/2006,500,19250,38(-2.56 %),500,19250,0,0,0,0.0
08/11/2006,200,7640,38.2(-2.05 %),200,7640,0,0,0,0.0
14/11/2006,880,33680,38(-0.78 %),880,33680,0,0,0,0.0
15/11/2006,-500,-18850,37.7(-0.79 %),0,0,500,18850,0,0.0
17/11/2006,300,11310,37.5(-0.53 %),300,11310,0,0,0,0.0
20/11/2006,200,7400,37(-1.33 %),200,7400,0,0,0,0.0
21/11/2006,3710,138887,37.7(1.89 %),3710,138887,0,0,0,0.0
22/11/2006,2000,75000,37.7(0.00 %),2000,75000,0,0,0,0.0
23/11/2006,630,23625,37.5(-0.53 %),630,23625,0,0,0,0.0
24/11/2006,100,3930,39.3(4.80 %),400,15720,300,11790,0,0.0
27/11/2006,1920,79104,41.2(4.83 %),2770,114124,850,35020,0,0.0
28/11/2006,650,25610,39.4(-4.37 %),650,25610,0,0,0,0.0
04/12/2006,300,11550,38.5(-1.28 %),300,11550,0,0,0,0.0
12/12/2006,280,10530,37.5(-2.60 %),280,10530,0,0,0,0.0
18/12/2006,-660,-24300,37(0.00 %),0,0,660,24300,0,0.0
19/12/2006,-200,-7760,38.8(4.86 %),0,0,200,7760,0,0.0
20/12/2006,100,3600,38(-2.06 %),200,7400,100,3800,0,0.0
21/12/2006,2100,79800,38(0.00 %),2100,79800,0,0,0,0.0
22/12/2006,500,18250,36.5(-3.95 %),500,18250,0,0,0,0.0
25/12/2006,800,29200,36.2(-0.82 %),800,29200,0,0,0,0.0
01/03/2007,-3710,-191065000,54(4.85 %),0,0,3710,191065000,0,0.0
02/03/2007,200,11200000,56(3.70 %),200,11200000,0,0,0,0.0
05/03/2007,-800,-44000000,56(1.82 %),0,0,800,44000000,0,0.0
06/03/2007,0,0,56(0.00 %),0,0,0,0,0,0.0
07/03/2007,8200,474500000,58.5(4.46 %),8200,474500000,0,0,0,0.0
08/03/2007,0,0,61(4.27 %),0,0,0,0,0,0.0
09/03/2007,0,0,64(4.92 %),0,0,0,0,0,0.0
12/03/2007,0,0,67(4.69 %),0,0,0,0,0,0.0
13/03/2007,-6200,-432325000,68(1.49 %),0,0,6200,432325000,0,0.0
14/03/2007,0,0,66(-2.94 %),0,0,0,0,0,0.0
15/03/2007,500,31500000,63(-4.55 %),500,31500000,0,0,0,0.0
16/03/2007,-1200,-72000000,60(-4.76 %),0,0,1200,72000000,0,0.0
19/03/2007,0,0,63(5.00 %),0,0,0,0,0,0.0
20/03/2007,-1500,-99000000,63(0.00 %),0,0,1500,99000000,0,0.0
21/03/2007,0,0,60(-4.76 %),0,0,0,0,0,0.0
22/03/2007,0,0,57(-5.00 %),0,0,0,0,0,0.0
23/03/2007,0,0,54.5(-4.39 %),0,0,0,0,0,0.0
26/03/2007,0,0,52(-4.59 %),0,0,0,0,0,0.0
27/03/2007,0,0,49.4(-5.00 %),0,0,0,0,0,0.0
28/03/2007,0,0,47(-4.86 %),0,0,0,0,0,0.0
29/03/2007,0,0,49.3(4.89 %),0,0,0,0,0,0.0
30/03/2007,0,0,51.5(4.46 %),0,0,0,0,0,0.0
02/04/2007,200,9860000,49.5(-3.88 %),200,9860000,0,0,0,0.0
03/04/2007,200,9900000,47.1(-4.85 %),200,9900000,0,0,0,0.0
04/04/2007,500,24450000,47.9(1.70 %),500,24450000,0,0,0,0.0
05/04/2007,300,14700000,49(2.30 %),300,14700000,0,0,0,0.0
06/04/2007,0,0,48(-2.04 %),0,0,0,0,0,0.0
09/04/2007,0,0,48(0.00 %),0,0,0,0,0,0.0
10/04/2007,0,0,47.5(-1.04 %),0,0,0,0,0,0.0
11/04/2007,0,0,48(1.05 %),0,0,0,0,0,0.0
12/04/2007,0,0,45.6(-5.00 %),0,0,0,0,0,0.0
13/04/2007,0,0,44(-3.51 %),0,0,0,0,0,0.0
16/04/2007,0,0,41.8(-5.00 %),0,0,0,0,0,0.0
17/04/2007,300,11940000,39.8(-4.78 %),300,11940000,0,0,0,0.0
18/04/2007,0,0,41.7(4.77 %),0,0,0,0,0,0.0
19/04/2007,170,7429000,43.7(4.80 %),370,16169000,200,8740000,0,0.0
20/04/2007,0,0,41.6(-4.81 %),0,0,0,0,0,0.0
23/04/2007,500,19800000,40.4(-2.88 %),500,19800000,0,0,0,0.0
24/04/2007,0,0,40.5(0.25 %),0,0,0,0,0,0.0
25/04/2007,0,0,41(1.23 %),0,0,0,0,0,0.0
02/05/2007,0,0,40(-2.44 %),0,0,0,0,0,0.0
03/05/2007,0,0,40(0.00 %),0,0,0,0,0,0.0
04/05/2007,0,0,40(0.00 %),0,0,0,0,0,0.0
07/05/2007,-4500,-178340000,40(0.00 %),500,20000000,5000,198340000,0,0.0
08/05/2007,0,0,40.1(0.25 %),0,0,0,0,0,0.0
09/05/2007,-100,-4200000,42(4.74 %),0,0,100,4200000,0,0.0
10/05/2007,-100,-4310000,42(0.00 %),0,0,100,4310000,0,0.0
11/05/2007,1000,41000000,41(-2.38 %),1000,41000000,0,0,0,0.0
14/05/2007,500,20500000,41(0.00 %),500,20500000,0,0,0,0.0
15/05/2007,300,12300000,41.5(1.22 %),300,12300000,0,0,0,0.0
16/05/2007,0,0,41.5(0.00 %),0,0,0,0,0,0.0
17/05/2007,0,0,41.5(0.00 %),0,0,0,0,0,0.0
18/05/2007,-50,-2020000,40.4(-2.65 %),0,0,50,2020000,0,0.0
21/05/2007,160,6640000,41.5(2.72 %),160,6640000,0,0,0,0.0
22/05/2007,0,0,43.5(4.82 %),0,0,0,0,0,0.0
23/05/2007,-300,-13680000,45.6(4.83 %),0,0,300,13680000,0,0.0
24/05/2007,1500,71700000,47.8(4.82 %),1500,71700000,0,0,0,0.0
25/05/2007,-100,-5000000,50(4.60 %),0,0,100,5000000,0,0.0
28/05/2007,-300,-15750000,52.5(5.00 %),0,0,300,15750000,0,0.0
29/05/2007,200,10300000,52(-0.95 %),400,20800000,200,10500000,0,0.0
30/05/2007,0,0,49.4(-5.00 %),0,0,0,0,0,0.0
31/05/2007,100,4800000,48(-2.83 %),100,4800000,0,0,0,0.0
01/06/2007,0,0,49.7(3.54 %),0,0,0,0,0,0.0
04/06/2007,600,29640000,49.4(-0.60 %),600,29640000,0,0,0,0.0
05/06/2007,0,0,48(-2.83 %),0,0,0,0,0,0.0
06/06/2007,0,0,48(0.00 %),0,0,0,0,0,0.0
07/06/2007,7000,347000000,49.5(3.12 %),7000,347000000,0,0,0,0.0
08/06/2007,0,0,51.5(4.04 %),0,0,0,0,0,0.0
11/06/2007,1130,61020000,54(4.85 %),2000,108000000,870,46980000,0,0.0
12/06/2007,-500,-26750000,52(-3.70 %),0,0,500,26750000,0,0.0
13/06/2007,100,5200000,52(0.00 %),100,5200000,0,0,0,0.0
14/06/2007,-1000,-52000000,50(-3.85 %),0,0,1000,52000000,0,0.0
15/06/2007,-1070,-53000000,49(-2.00 %),0,0,1070,53000000,0,0.0
18/06/2007,0,0,49(0.00 %),0,0,0,0,0,0.0
19/06/2007,0,0,51(4.08 %),0,0,0,0,0,0.0
20/06/2007,-430,-21715000,49(-3.92 %),0,0,430,21715000,0,0.0
21/06/2007,0,0,49(0.00 %),0,0,0,0,0,0.0
22/06/2007,-500,-25500000,51(4.08 %),0,0,500,25500000,0,0.0
25/06/2007,0,0,51(0.00 %),0,0,0,0,0,0.0
26/06/2007,0,0,51(0.00 %),0,0,0,0,0,0.0
27/06/2007,0,0,50.5(-0.98 %),0,0,0,0,0,0.0
28/06/2007,0,0,50(-0.99 %),0,0,0,0,0,0.0
29/06/2007,0,0,50(0.00 %),0,0,0,0,0,0.0
02/07/2007,0,0,48(-4.00 %),0,0,0,0,0,0.0
03/07/2007,0,0,45.6(-5.00 %),0,0,0,0,0,0.0
04/07/2007,0,0,47.8(4.82 %),0,0,0,0,0,0.0
05/07/2007,0,0,47.5(-0.63 %),0,0,0,0,0,0.0
06/07/2007,0,0,47(-1.05 %),0,0,0,0,0,0.0
09/07/2007,-1010,-47470000,47(0.00 %),0,0,1010,47470000,0,0.0
10/07/2007,-1000,-47000000,47(0.00 %),0,0,1000,47000000,0,0.0
11/07/2007,-610,-28670000,47(0.00 %),0,0,610,28670000,0,0.0
12/07/2007,0,0,46.5(-1.06 %),0,0,0,0,0,0.0
13/07/2007,0,0,47(1.08 %),0,0,0,0,0,0.0
16/07/2007,0,0,46.8(-0.43 %),0,0,0,0,0,0.0
17/07/2007,-1000,-46100000,46.5(-0.64 %),0,0,1000,46100000,0,0.0
18/07/2007,0,0,45.8(-1.51 %),0,0,0,0,0,0.0
19/07/2007,0,0,45.5(-0.66 %),0,0,0,0,0,0.0
20/07/2007,0,0,46(1.10 %),0,0,0,0,0,0.0
23/07/2007,0,0,48.3(5.00 %),0,0,0,0,0,0.0
24/07/2007,-1000,-50500000,49(1.45 %),4000,202000000,5000,252500000,0,0.0
25/07/2007,500,23350000,46.7(-4.69 %),500,23350000,0,0,0,0.0
26/07/2007,0,0,46.9(0.43 %),0,0,0,0,0,0.0
27/07/2007,0,0,46.5(-0.85 %),0,0,0,0,0,0.0
30/07/2007,0,0,46(-1.08 %),0,0,0,0,0,0.0
31/07/2007,-810,-36450000,45(-2.17 %),0,0,810,36450000,0,0.0
01/08/2007,0,0,45.8(1.78 %),0,0,0,0,0,0.0
02/08/2007,100,4360000,43.6(-4.80 %),100,4360000,0,0,0,0.0
03/08/2007,0,0,45(3.21 %),0,0,0,0,0,0.0
06/08/2007,0,0,46(2.22 %),0,0,0,0,0,0.0
07/08/2007,0,0,46(0.00 %),0,0,0,0,0,0.0
08/08/2007,0,0,44.5(-3.26 %),0,0,0,0,0,0.0
09/08/2007,0,0,44.5(0.00 %),0,0,0,0,0,0.0
10/08/2007,0,0,45.4(2.02 %),0,0,0,0,0,0.0
13/08/2007,320,12800000,41(-1.20 %),320,12800000,0,0,0,0.0
14/08/2007,0,0,41.8(1.95 %),0,0,0,0,0,0.0
15/08/2007,0,0,41.8(0.00 %),0,0,0,0,0,0.0
16/08/2007,3530,147554000,41.8(0.00 %),3530,147554000,0,0,0,0.0
17/08/2007,0,0,41(-1.91 %),0,0,0,0,0,0.0
20/08/2007,200,7800000,40(-2.44 %),200,7800000,0,0,0,0.0
21/08/2007,0,0,40(0.00 %),0,0,0,0,0,0.0
22/08/2007,0,0,40.7(1.75 %),0,0,0,0,0,0.0
23/08/2007,400,15600000,39(-4.18 %),400,15600000,0,0,0,0.0
24/08/2007,0,0,39(0.00 %),0,0,0,0,0,0.0
27/08/2007,0,0,37.8(-3.08 %),0,0,0,0,0,0.0
28/08/2007,1800,70740000,39.3(3.97 %),2000,78540000,200,7800000,0,0.0
29/08/2007,-400,-15800000,39.5(0.51 %),0,0,400,15800000,0,0.0
30/08/2007,690,27324000,39.6(0.25 %),690,27324000,0,0,0,0.0
31/08/2007,0,0,40.5(2.27 %),0,0,0,0,0,0.0
04/09/2007,1600,65100000,41(1.23 %),1600,65100000,0,0,0,0.0
05/09/2007,200,8000000,40(-2.44 %),200,8000000,0,0,0,0.0
06/09/2007,0,0,41(2.50 %),0,0,0,0,0,0.0
07/09/2007,0,0,41(0.00 %),0,0,0,0,0,0.0
10/09/2007,500,20750000,41.5(1.22 %),500,20750000,0,0,0,0.0
11/09/2007,100,4350000,43.5(4.82 %),100,4350000,0,0,0,0.0
12/09/2007,43700,1966310000,45(3.45 %),44000,1979990000,300,13680000,0,0.0
13/09/2007,0,0,43.2(-4.00 %),0,0,0,0,0,0.0
14/09/2007,0,0,42.4(-1.85 %),0,0,0,0,0,0.0
17/09/2007,0,0,42(-0.94 %),0,0,0,0,0,0.0
18/09/2007,0,0,42.5(1.19 %),0,0,0,0,0,0.0
19/09/2007,0,0,42.1(-0.94 %),0,0,0,0,0,0.0
20/09/2007,-300,-12900000,42.7(1.43 %),0,0,300,12900000,0,0.0
21/09/2007,1000,42000000,42(-1.64 %),1000,42000000,0,0,0,0.0
24/09/2007,0,0,42.5(1.19 %),0,0,0,0,0,0.0
25/09/2007,-300,-13200000,43.5(2.35 %),0,0,300,13200000,0,0.0
26/09/2007,0,0,43.5(0.00 %),0,0,0,0,0,0.0
27/09/2007,0,0,42.1(-3.22 %),0,0,0,0,0,0.0
28/09/2007,-19300,-810600000,42(-0.24 %),0,0,19300,810600000,0,0.0
01/10/2007,-500,-22050000,44.1(5.00 %),0,0,500,22050000,0,0.0
02/10/2007,0,0,46.3(4.99 %),0,0,0,0,0,0.0
03/10/2007,0,0,48.6(4.97 %),0,0,0,0,0,0.0
04/10/2007,0,0,50.5(3.91 %),0,0,0,0,0,0.0
05/10/2007,0,0,48(-4.95 %),0,0,0,0,0,0.0
08/10/2007,0,0,45.7(-4.79 %),0,0,0,0,0,0.0
09/10/2007,10000,478933000,47.9(4.81 %),10000,478933000,0,0,0,0.0
10/10/2007,15000,739533000,49(2.30 %),15000,739533000,0,0,0,0.0
11/10/2007,2120,105005000,49(0.00 %),2120,105005000,0,0,0,0.0
12/10/2007,-2000,-94000000,48(-2.04 %),0,0,2000,94000000,0,0.0
15/10/2007,0,0,48(0.00 %),0,0,0,0,0,0.0
16/10/2007,-2790,-133362000,47.8(-0.42 %),0,0,2790,133362000,0,0.0
17/10/2007,1100,52250000,49.5(3.56 %),1100,52250000,0,0,0,0.0
18/10/2007,-10880,-516578000,47.1(-4.85 %),0,0,10880,516578000,0,0.0
19/10/2007,-19220,-863726000,48.5(2.97 %),1600,75010000,20820,938736000,0,0.0
22/10/2007,-5300,-244620000,47(-3.09 %),1700,78780000,7000,323400000,0,0.0
23/10/2007,1500,70500000,47(0.00 %),1500,70500000,0,0,0,0.0
24/10/2007,-2300,-104650000,47.9(1.91 %),2000,91000000,4300,195650000,0,0.0
25/10/2007,4300,203680000,46.3(-3.34 %),7300,347680000,3000,144000000,0,0.0
26/10/2007,-3900,-174600000,46(-0.65 %),6100,285400000,10000,460000000,0,0.0
29/10/2007,1000,46500000,46.6(1.30 %),1000,46500000,0,0,0,0.0
30/10/2007,6900,331200000,48(3.00 %),6900,331200000,0,0,0,0.0
31/10/2007,1800,85500000,47.5(-1.04 %),1800,85500000,0,0,0,0.0
01/11/2007,0,0,49.5(4.21 %),0,0,0,0,0,0.0
02/11/2007,4000,205000000,51.5(4.04 %),4000,205000000,0,0,0,0.0
05/11/2007,0,0,49(-4.85 %),0,0,0,0,0,0.0
06/11/2007,1200,58800000,47(-4.08 %),1200,58800000,0,0,0,0.0
07/11/2007,0,0,48.9(4.04 %),0,0,0,0,0,0.0
08/11/2007,-160,-7840000,48.5(-0.82 %),0,0,160,7840000,0,0.0
09/11/2007,0,0,46.2(-4.74 %),0,0,0,0,0,0.0
12/11/2007,0,0,46.2(0.00 %),0,0,0,0,0,0.0
13/11/2007,0,0,43.9(-4.98 %),0,0,0,0,0,0.0
14/11/2007,-1800,-81000000,45(2.51 %),0,0,1800,81000000,0,0.0
15/11/2007,3000,134700000,44.9(-0.22 %),3000,134700000,0,0,0,0.0
16/11/2007,0,0,43(-4.23 %),0,0,0,0,0,0.0
19/11/2007,0,0,45(4.65 %),0,0,0,0,0,0.0
20/11/2007,0,0,44(-2.22 %),0,0,0,0,0,0.0
21/11/2007,0,0,43(-2.27 %),0,0,0,0,0,0.0
22/11/2007,0,0,43(0.00 %),0,0,0,0,0,0.0
23/11/2007,10,440000,44(2.33 %),10,440000,0,0,0,0.0
26/11/2007,-530,-24486000,46.2(5.00 %),0,0,530,24486000,0,0.0
27/11/2007,0,0,44.1(-4.55 %),0,0,0,0,0,0.0
28/11/2007,1500,69450000,46.3(4.99 %),1500,69450000,0,0,0,0.0
29/11/2007,0,0,48.6(4.97 %),0,0,0,0,0,0.0
30/11/2007,100,5100000,51(4.94 %),100,5100000,0,0,0,0.0
03/12/2007,-2270,-121445000,53.5(4.90 %),0,0,2270,121445000,0,0.0
04/12/2007,0,0,54(0.93 %),1000,56000000,1000,56000000,0,0.0
05/12/2007,-10,-520000,53.5(-0.93 %),0,0,10,520000,0,0.0
06/12/2007,3000,153000000,51(-4.67 %),3000,153000000,0,0,0,0.0
07/12/2007,-10,-535000,53.5(4.90 %),0,0,10,535000,0,0.0
10/12/2007,0,0,56(4.67 %),0,0,0,0,0,0.0
11/12/2007,-1730,-101205000,58.5(4.46 %),0,0,1730,101205000,0,0.0
12/12/2007,-370,-21645000,60(2.56 %),130,7605000,500,29250000,0,0.0
13/12/2007,-250,-15350000,57(-5.00 %),250,14650000,500,30000000,0,0.0
14/12/2007,0,0,54.5(-4.39 %),0,0,0,0,0,0.0
17/12/2007,1100,59400000,52.5(-3.67 %),1100,59400000,0,0,0,0.0
18/12/2007,500,24950000,49.9(-4.95 %),500,24950000,0,0,0,0.0
19/12/2007,200,10400000,52(4.21 %),200,10400000,0,0,0,0.0
20/12/2007,0,0,50(-3.85 %),0,0,0,0,0,0.0
21/12/2007,0,0,52.5(5.00 %),0,0,0,0,0,0.0
24/12/2007,20,1060000,53(0.95 %),20,1060000,0,0,0,0.0
25/12/2007,4000,210000000,52(-1.89 %),4000,210000000,0,0,0,0.0
26/12/2007,0,0,52(0.00 %),0,0,0,0,0,0.0
27/12/2007,0,0,51.5(-0.96 %),0,0,0,0,0,0.0
28/12/2007,50,2350000,51(-0.97 %),600,30600000,550,28250000,0,0.0
02/01/2008,920,45420000,49.5(-2.94 %),1000,49500000,80,4080000,0,0.0
03/01/2008,10,475000,47.5(-4.04 %),10,475000,0,0,0,0.0
04/01/2008,-1710,-81315000,47.6(0.21 %),290,13485000,2000,94800000,0,0.0
07/01/2008,-1000,-47600000,46(-3.36 %),0,0,1000,47600000,0,0.0
08/01/2008,0,0,46(0.00 %),0,0,0,0,0,0.0
09/01/2008,1200,54600000,44.5(-3.26 %),2200,100600000,1000,46000000,0,0.0
10/01/2008,-1500,-63450000,42.3(-4.94 %),0,0,1500,63450000,0,0.0
11/01/2008,-10900,-460285000,44(4.02 %),0,0,10900,460285000,0,0.0
14/01/2008,1000,41800000,41.8(-5.00 %),1000,41800000,0,0,0,0.0
15/01/2008,0,0,39.8(-4.78 %),0,0,0,0,0,0.0
16/01/2008,0,0,41.7(4.77 %),0,0,0,0,0,0.0
17/01/2008,0,0,39.8(-4.56 %),0,0,0,0,0,0.0
18/01/2008,-2000,-81480000,41.6(4.52 %),0,0,2000,81480000,0,0.0
21/01/2008,0,0,43(3.37 %),0,0,0,0,0,0.0
22/01/2008,1500,61500000,40.9(-4.88 %),1500,61500000,0,0,0,0.0
23/01/2008,610,23400000,39(-4.65 %),1000,39000000,390,15600000,0,0.0
24/01/2008,-3500,-138250000,39.1(0.26 %),0,0,3500,138250000,0,0.0
25/01/2008,0,0,40.5(3.58 %),0,0,0,0,0,0.0
28/01/2008,-1000,-40500000,40.5(0.00 %),0,0,1000,40500000,0,0.0
29/01/2008,-1000,-40500000,42.5(4.94 %),0,0,1000,40500000,0,0.0
30/01/2008,0,0,44.6(4.94 %),0,0,0,0,0,0.0
31/01/2008,0,0,44.6(0.00 %),0,0,0,0,0,0.0
01/02/2008,3200,148800000,46.5(4.26 %),3200,148800000,0,0,0,0.0
12/02/2008,1000,46000000,46(-1.08 %),1000,46000000,0,0,0,0.0
13/02/2008,0,0,43.7(-5.00 %),0,0,0,0,0,0.0
14/02/2008,-160,-7362000,45.5(4.12 %),250,11375000,410,18737000,0,0.0
15/02/2008,1440,63840000,45(-1.10 %),1440,63840000,0,0,0,0.0
18/02/2008,100,4280000,42.8(-4.89 %),100,4280000,0,0,0,0.0
19/02/2008,810,32967000,43.6(1.87 %),810,32967000,0,0,0,0.0
20/02/2008,-340,-14806000,41.5(-4.82 %),900,38700000,1240,53506000,0,0.0
21/02/2008,0,0,38.4(-4.95 %),0,0,0,0,0,0.0
22/02/2008,0,0,40(4.17 %),0,0,0,0,0,0.0
25/02/2008,0,0,42(5.00 %),0,0,0,0,0,0.0
26/02/2008,-200,-8200000,39.9(-5.00 %),0,0,200,8200000,0,0.0
27/02/2008,0,0,38.5(-3.51 %),0,0,0,0,0,0.0
28/02/2008,-2830,-108955000,38.5(0.00 %),0,0,2830,108955000,0,0.0
29/02/2008,-6580,-241528000,36.6(-4.94 %),1000,36600000,7580,278128000,0,0.0
03/03/2008,10,380000,34.8(-4.92 %),10,380000,0,0,0,0.0
04/03/2008,0,0,33.1(-4.89 %),0,0,0,0,0,0.0
05/03/2008,0,0,31.5(-4.83 %),0,0,0,0,0,0.0
06/03/2008,0,0,33(4.76 %),0,0,0,0,0,0.0
07/03/2008,0,0,34.6(4.85 %),0,0,0,0,0,0.0
10/03/2008,0,0,36.3(4.91 %),0,0,0,0,0,0.0
11/03/2008,60,2038000,35.9(-1.10 %),1500,54166000,1440,52128000,0,0.0
12/03/2008,0,0,35.5(-1.11 %),0,0,0,0,0,0.0
13/03/2008,0,0,36(1.41 %),0,0,0,0,0,0.0
14/03/2008,100,3600000,34.5(-4.17 %),100,3600000,0,0,0,0.0
17/03/2008,0,0,32.8(-4.93 %),0,0,0,0,0,0.0
18/03/2008,-2590,-80960000,31.3(-4.57 %),0,0,2590,80960000,0,0.0
19/03/2008,-6500,-197704000,31.5(0.64 %),0,0,6500,197704000,0,0.0
20/03/2008,-2550,-76500000,30(-4.76 %),0,0,2550,76500000,0,0.0
21/03/2008,0,0,29(-3.33 %),0,0,0,0,0,0.0
24/03/2008,-3900,-107640000,27.6(-4.83 %),0,0,3900,107640000,0,0.0
25/03/2008,-400,-10520000,26.3(-4.71 %),100,2630000,500,13150000,0,0.0
26/03/2008,-4350,-113100000,27.6(4.94 %),0,0,4350,113100000,0,0.0
27/03/2008,0,0,27.8(0.72 %),0,0,0,0,0,0.0
28/03/2008,0,0,28(0.72 %),0,0,0,0,0,0.0
31/03/2008,0,0,28.2(0.71 %),0,0,0,0,0,0.0
01/04/2008,0,0,28.4(0.71 %),0,0,0,0,0,0.0
02/04/2008,0,0,28.6(0.70 %),0,0,0,0,0,0.0
03/04/2008,0,0,28.8(0.70 %),0,0,0,0,0,0.0
04/04/2008,10,290000,29(0.69 %),10,290000,0,0,0,0.0
07/04/2008,0,0,29.5(1.72 %),0,0,0,0,0,0.0
08/04/2008,50,1500000,30(1.69 %),50,1500000,0,0,0,0.0
09/04/2008,0,0,30.4(1.33 %),0,0,0,0,0,0.0
10/04/2008,0,0,29.8(-1.97 %),0,0,0,0,0,0.0
11/04/2008,0,0,29.3(-1.68 %),0,0,0,0,0,0.0
16/04/2008,0,0,29.8(1.71 %),0,0,0,0,0,0.0
17/04/2008,0,0,30.3(1.68 %),0,0,0,0,0,0.0
18/04/2008,0,0,30.9(1.98 %),0,0,0,0,0,0.0
21/04/2008,0,0,31.5(1.94 %),0,0,0,0,0,0.0
22/04/2008,-1000,-32100000,32.1(1.90 %),0,0,1000,32100000,0,0.0
23/04/2008,-1000,-32700000,31.5(-1.87 %),0,0,1000,32700000,0,0.0
24/04/2008,0,0,30.9(-1.90 %),0,0,0,0,0,0.0
25/04/2008,0,0,31.5(1.94 %),0,0,0,0,0,0.0
28/04/2008,0,0,32.1(1.90 %),0,0,0,0,0,0.0
29/04/2008,0,0,32.4(0.93 %),0,0,0,0,0,0.0
05/05/2008,0,0,32.8(1.23 %),0,0,0,0,0,0.0
06/05/2008,0,0,32.4(-1.22 %),0,0,0,0,0,0.0
07/05/2008,0,0,31.8(-1.85 %),0,0,0,0,0,0.0
08/05/2008,0,0,31.2(-1.89 %),0,0,0,0,0,0.0
09/05/2008,0,0,30.6(-1.92 %),0,0,0,0,0,0.0
12/05/2008,0,0,30(-1.96 %),0,0,0,0,0,0.0
13/05/2008,0,0,29.4(-2.00 %),0,0,0,0,0,0.0
14/05/2008,0,0,28.9(-1.70 %),0,0,0,0,0,0.0
15/05/2008,0,0,28.4(-1.73 %),0,0,0,0,0,0.0
16/05/2008,2870,80595000,28.4(0.00 %),2870,80595000,0,0,0,0.0
19/05/2008,0,0,27.9(-1.76 %),0,0,0,0,0,0.0
20/05/2008,0,0,27.4(-1.79 %),0,0,0,0,0,0.0
21/05/2008,0,0,27.9(1.82 %),0,0,0,0,0,0.0
22/05/2008,0,0,27.4(-1.79 %),0,0,0,0,0,0.0
23/05/2008,0,0,26.9(-1.82 %),0,0,0,0,0,0.0
26/05/2008,0,0,26.4(-1.86 %),0,0,0,0,0,0.0
27/05/2008,0,0,26.4(0.00 %),0,0,0,0,0,0.0
28/05/2008,0,0,26.4(0.00 %),0,0,0,0,0,0.0
29/05/2008,0,0,26.4(0.00 %),0,0,0,0,0,0.0
30/05/2008,10,269000,25.9(-1.89 %),10,269000,0,0,0,0.0
02/06/2008,0,0,25.4(-1.93 %),0,0,0,0,0,0.0
03/06/2008,0,0,24.9(-1.97 %),0,0,0,0,0,0.0
04/06/2008,0,0,24.5(-1.61 %),0,0,0,0,0,0.0
05/06/2008,0,0,24.1(-1.63 %),0,0,0,0,0,0.0
06/06/2008,0,0,23.7(-1.66 %),0,0,0,0,0,0.0
09/06/2008,0,0,23.3(-1.69 %),0,0,0,0,0,0.0
10/06/2008,7100,162590000,23.7(1.72 %),8000,183200000,900,20610000,0,0.0
11/06/2008,0,0,24.1(1.69 %),0,0,0,0,0,0.0
12/06/2008,0,0,24.5(1.66 %),0,0,0,0,0,0.0
13/06/2008,0,0,24.9(1.63 %),0,0,0,0,0,0.0
16/06/2008,0,0,25.3(1.61 %),0,0,0,0,0,0.0
17/06/2008,0,0,25.8(1.98 %),0,0,0,0,0,0.0
18/06/2008,0,0,25.3(-1.94 %),0,0,0,0,0,0.0
19/06/2008,0,0,24.6(-2.77 %),0,0,0,0,0,0.0
20/06/2008,0,0,23.9(-2.85 %),0,0,0,0,0,0.0
23/06/2008,-10,-246000,24.6(2.93 %),0,0,10,246000,0,0.0
24/06/2008,10,253000,25.3(2.85 %),10,253000,0,0,0,0.0
25/06/2008,1200,31200000,26(2.77 %),1200,31200000,0,0,0,0.0
26/06/2008,800,21360000,26.7(2.69 %),3100,82770000,2300,61410000,0,0.0
27/06/2008,0,0,27.5(3.00 %),0,0,0,0,0,0.0
30/06/2008,0,0,28.1(2.18 %),0,0,0,0,0,0.0
01/07/2008,100,2890000,28.9(2.85 %),100,2890000,0,0,0,0.0
02/07/2008,0,0,29.7(2.77 %),0,0,0,0,0,0.0
03/07/2008,0,0,30.5(2.69 %),0,0,0,0,0,0.0
04/07/2008,0,0,31.4(2.95 %),0,0,0,0,0,0.0
07/07/2008,0,0,30.5(-2.87 %),0,0,0,0,0,0.0
08/07/2008,0,0,30.5(0.00 %),0,0,0,0,0,0.0
09/07/2008,0,0,30.5(0.00 %),0,0,0,0,0,0.0
10/07/2008,0,0,31(1.64 %),0,0,0,0,0,0.0
11/07/2008,5300,167470000,31.9(2.90 %),5300,167470000,0,0,0,0.0
14/07/2008,0,0,32.8(2.82 %),0,0,0,0,0,0.0
15/07/2008,500,16850000,33.7(2.74 %),500,16850000,0,0,0,0.0
16/07/2008,-100,-3470000,34.7(2.97 %),0,0,100,3470000,0,0.0
17/07/2008,0,0,35.7(2.88 %),0,0,0,0,0,0.0
18/07/2008,100,3640000,36(0.84 %),100,3640000,0,0,0,0.0
21/07/2008,0,0,35.8(-0.56 %),0,0,0,0,0,0.0
22/07/2008,0,0,34.8(-2.79 %),0,0,0,0,0,0.0
23/07/2008,700,23660000,33.8(-2.87 %),700,23660000,0,0,0,0.0
24/07/2008,0,0,34.8(2.96 %),0,0,0,0,0,0.0
25/07/2008,0,0,35.8(2.87 %),0,0,0,0,0,0.0
28/07/2008,0,0,36.8(2.79 %),0,0,0,0,0,0.0
29/07/2008,0,0,37.9(2.99 %),0,0,0,0,0,0.0
30/07/2008,0,0,39(2.90 %),0,0,0,0,0,0.0
31/07/2008,0,0,40.1(2.82 %),0,0,0,0,0,0.0
01/08/2008,0,0,41.3(2.99 %),0,0,0,0,0,0.0
04/08/2008,0,0,42.5(2.91 %),0,0,0,0,0,0.0
05/08/2008,1500,65550000,43.7(2.82 %),1500,65550000,0,0,0,0.0
06/08/2008,-800,-36000000,45(2.97 %),100,4500000,900,40500000,0,0.0
07/08/2008,0,0,46.3(2.89 %),0,0,0,0,0,0.0
08/08/2008,0,0,47.6(2.81 %),0,0,0,0,0,0.0
11/08/2008,0,0,49(2.94 %),0,0,0,0,0,0.0
12/08/2008,1000,50000000,50(2.04 %),1000,50000000,0,0,0,0.0
13/08/2008,900,46350000,51.5(3.00 %),1000,51500000,100,5150000,0,0.0
14/08/2008,0,0,53(2.91 %),0,0,0,0,0,0.0
15/08/2008,0,0,54.5(2.83 %),0,0,0,0,0,0.0
18/08/2008,0,0,57(4.59 %),0,0,0,0,0,0.0
19/08/2008,700,41650000,59.5(4.39 %),700,41650000,0,0,0,0.0
20/08/2008,0,0,62(4.20 %),0,0,0,0,0,0.0
21/08/2008,-10,-650000,65(4.84 %),0,0,10,650000,0,0.0
22/08/2008,-390,-26275000,62(-4.62 %),100,6800000,490,33075000,0,0.0
25/08/2008,-3200,-208000000,65(4.84 %),0,0,3200,208000000,0,0.0
26/08/2008,1700,110500000,62(-4.62 %),1700,110500000,0,0,0,0.0
27/08/2008,300,17700000,59(-4.84 %),300,17700000,0,0,0,0.0
28/08/2008,0,0,56.5(-4.24 %),0,0,0,0,0,0.0
29/08/2008,0,0,55(-2.65 %),0,0,0,0,0,0.0
03/09/2008,0,0,57.5(4.55 %),0,0,0,0,0,0.0
04/09/2008,500,29500000,56.5(-1.74 %),500,29500000,0,0,0,0.0
05/09/2008,0,0,54(-4.42 %),0,0,0,0,0,0.0
08/09/2008,1010,52015000,52(-3.70 %),1010,52015000,0,0,0,0.0
09/09/2008,0,0,52(0.00 %),0,0,0,0,0,0.0
10/09/2008,200,10800000,53(1.92 %),200,10800000,0,0,0,0.0
11/09/2008,0,0,50.5(-4.72 %),0,0,0,0,0,0.0
12/09/2008,0,0,48(-4.95 %),0,0,0,0,0,0.0
15/09/2008,0,0,48(0.00 %),0,0,0,0,0,0.0
16/09/2008,0,0,45.6(-4.60 %),0,0,0,0,0,0.0
17/09/2008,0,0,43.4(-4.82 %),0,0,0,0,0,0.0
18/09/2008,300,12390000,41.3(-4.84 %),300,12390000,0,0,0,0.0
19/09/2008,1000,43300000,43.3(4.84 %),1500,64950000,500,21650000,0,0.0
22/09/2008,0,0,45.4(4.85 %),0,0,0,0,0,0.0
23/09/2008,2500,108000000,44(-3.08 %),2500,108000000,0,0,0,0.0
24/09/2008,0,0,46(4.55 %),0,0,0,0,0,0.0
25/09/2008,200,9300000,48.3(5.00 %),200,9300000,0,0,0,0.0
26/09/2008,0,0,49.5(2.70 %),0,0,0,0,0,0.0
29/09/2008,0,0,47.1(-4.46 %),0,0,0,0,0,0.0
30/09/2008,0,0,44.8(-4.88 %),0,0,0,0,0,0.0
01/10/2008,0,0,43(-4.02 %),0,0,0,0,0,0.0
02/10/2008,0,0,45.1(4.88 %),0,0,0,0,0,0.0
03/10/2008,0,0,46(2.00 %),0,0,0,0,0,0.0
06/10/2008,0,0,48.3(5.00 %),0,0,0,0,0,0.0
07/10/2008,0,0,45.9(-4.77 %),0,0,0,0,0,0.0
08/10/2008,0,0,43.7(-4.79 %),0,0,0,0,0,0.0
09/10/2008,100,4500000,42(-3.89 %),100,4500000,0,0,0,0.0
10/10/2008,0,0,39.9(-5.00 %),0,0,0,0,0,0.0
13/10/2008,0,0,40(0.25 %),0,0,0,0,0,0.0
14/10/2008,-20,-840000,42(5.00 %),0,0,20,840000,0,0.0
15/10/2008,0,0,38.6(4.89 %),0,0,0,0,0,0.0
16/10/2008,0,0,38.5(-0.26 %),0,0,0,0,0,0.0
17/10/2008,500,19850000,40.2(4.42 %),500,19850000,0,0,0,0.0
20/10/2008,0,0,42.2(4.98 %),0,0,0,0,0,0.0
21/10/2008,0,0,44.3(4.98 %),0,0,0,0,0,0.0
22/10/2008,0,0,46.5(4.97 %),0,0,0,0,0,0.0
23/10/2008,0,0,44.2(-4.95 %),0,0,0,0,0,0.0
24/10/2008,0,0,42(-4.98 %),0,0,0,0,0,0.0
27/10/2008,-2600,-103740000,39.9(-5.00 %),0,0,2600,103740000,0,0.0
28/10/2008,0,0,41(2.76 %),0,0,0,0,0,0.0
29/10/2008,0,0,43(4.88 %),0,0,0,0,0,0.0
30/10/2008,0,0,41.2(-4.19 %),0,0,0,0,0,0.0
31/10/2008,0,0,41.2(0.00 %),0,0,0,0,0,0.0
03/11/2008,1000,39500000,40(-2.91 %),1000,39500000,0,0,0,0.0
04/11/2008,100,3950000,42(5.00 %),100,3950000,0,0,0,0.0
05/11/2008,0,0,44.1(5.00 %),0,0,0,0,0,0.0
06/11/2008,540,22680000,45(2.04 %),540,22680000,0,0,0,0.0
07/11/2008,-350,-14980000,42.8(-4.89 %),50,2140000,400,17120000,0,0.0
10/11/2008,0,0,42.8(0.00 %),0,0,0,0,0,0.0
11/11/2008,900,36810000,42(-1.87 %),900,36810000,0,0,0,0.0
12/11/2008,0,0,40.2(-4.29 %),0,0,0,0,0,0.0
13/11/2008,0,0,42.2(4.98 %),0,0,0,0,0,0.0
14/11/2008,0,0,42.7(1.18 %),0,0,0,0,0,0.0
17/11/2008,0,0,42(-1.64 %),0,0,0,0,0,0.0
18/11/2008,0,0,42(0.00 %),0,0,0,0,0,0.0
19/11/2008,-500,-21650000,42.9(2.14 %),0,0,500,21650000,0,0.0
20/11/2008,0,0,43(0.23 %),0,0,0,0,0,0.0
21/11/2008,0,0,42.9(-0.23 %),0,0,0,0,0,0.0
24/11/2008,0,0,42.8(-0.23 %),0,0,0,0,0,0.0
25/11/2008,0,0,40.7(-4.91 %),0,0,0,0,0,0.0
26/11/2008,0,0,41(0.74 %),0,0,0,0,0,0.0
27/11/2008,0,0,39(-4.88 %),0,0,0,0,0,0.0
28/11/2008,0,0,37.3(-4.36 %),0,0,0,0,0,0.0
01/12/2008,0,0,35.6(-4.56 %),0,0,0,0,0,0.0
02/12/2008,0,0,33.9(-4.78 %),0,0,0,0,0,0.0
03/12/2008,500,16750000,33.5(-1.18 %),500,16750000,0,0,0,0.0
04/12/2008,0,0,31.9(-4.78 %),0,0,0,0,0,0.0
05/12/2008,0,0,30.4(-4.70 %),0,0,0,0,0,0.0
08/12/2008,0,0,28.9(-4.93 %),0,0,0,0,0,0.0
09/12/2008,0,0,29.4(1.73 %),0,0,0,0,0,0.0
10/12/2008,500,14500000,28.6(-2.72 %),500,14500000,0,0,0,0.0
11/12/2008,0,0,29(1.40 %),0,0,0,0,0,0.0
12/12/2008,0,0,30.4(4.83 %),0,0,0,0,0,0.0
15/12/2008,0,0,30.4(0.00 %),0,0,0,0,0,0.0
16/12/2008,0,0,28.9(-4.93 %),0,0,0,0,0,0.0
17/12/2008,0,0,27.5(-4.84 %),0,0,0,0,0,0.0
18/12/2008,0,0,27.5(0.00 %),0,0,0,0,0,0.0
19/12/2008,0,0,28.8(4.73 %),0,0,0,0,0,0.0
22/12/2008,0,0,30.2(4.86 %),0,0,0,0,0,0.0
23/12/2008,0,0,30.2(0.00 %),0,0,0,0,0,0.0
24/12/2008,0,0,30(-0.66 %),0,0,0,0,0,0.0
25/12/2008,0,0,29(-3.33 %),0,0,0,0,0,0.0
26/12/2008,0,0,29(0.00 %),0,0,0,0,0,0.0
29/12/2008,0,0,28.4(-2.07 %),0,0,0,0,0,0.0
30/12/2008,0,0,29.5(3.87 %),0,0,0,0,0,0.0
31/12/2008,450,13005000,28.5(-3.39 %),450,13005000,0,0,0,0.0
02/01/2009,50,1430000,29(1.75 %),50,1430000,0,0,642285,6.77
05/01/2009,0,0,29.5(1.72 %),0,0,0,0,642285,6.77
06/01/2009,1000,29500000,29.5(0.00 %),1000,29500000,0,0,641285,6.83
07/01/2009,0,0,29.5(0.00 %),0,0,0,0,641285,6.83
08/01/2009,1000,29300000,29.3(-0.68 %),1000,29300000,0,0,640285,6.9
09/01/2009,0,0,29.4(0.34 %),0,0,0,0,640285,6.9
12/01/2009,0,0,29.5(0.34 %),0,0,0,0,640285,6.9
13/01/2009,0,0,29(-1.69 %),0,0,0,0,640285,6.9
14/01/2009,0,0,28.6(-1.38 %),0,0,0,0,640285,6.9
15/01/2009,0,0,28.6(0.00 %),0,0,0,0,640285,6.9
16/01/2009,0,0,28.4(-0.70 %),0,0,0,0,640285,6.9
19/01/2009,0,0,28.5(0.35 %),0,0,0,0,640285,6.9
20/01/2009,0,0,28.5(0.00 %),0,0,0,0,640285,6.9
21/01/2009,0,0,28.6(0.35 %),0,0,0,0,640285,6.9
22/01/2009,0,0,28.5(-0.35 %),0,0,0,0,640285,6.9
23/01/2009,500,14741000,29.8(4.56 %),500,14741000,0,0,639785,6.93
02/02/2009,500,14300000,30(0.67 %),500,14300000,0,0,639285,6.96
03/02/2009,0,0,28.9(-3.67 %),0,0,0,0,639285,6.96
04/02/2009,0,0,29.4(1.73 %),0,0,0,0,639285,6.96
05/02/2009,0,0,28.6(-2.72 %),0,0,0,0,639285,6.96
06/02/2009,0,0,29(1.40 %),0,0,0,0,639285,6.96
09/02/2009,0,0,29.5(1.72 %),0,0,0,0,639285,6.96
10/02/2009,0,0,28.7(-2.71 %),0,0,0,0,639285,6.96
11/02/2009,0,0,28.7(0.00 %),0,0,0,0,639285,6.96
12/02/2009,0,0,28.6(-0.35 %),0,0,0,0,639285,6.96
13/02/2009,0,0,28.6(0.00 %),0,0,0,0,639285,6.96
16/02/2009,0,0,28.6(0.00 %),0,0,0,0,639285,6.96
17/02/2009,0,0,30(4.90 %),0,0,0,0,639285,6.96
18/02/2009,0,0,30.5(1.67 %),0,0,0,0,639285,6.96
19/02/2009,0,0,31.1(1.97 %),0,0,0,0,639285,6.96
20/02/2009,0,0,30.5(-1.93 %),0,0,0,0,639285,6.96
23/02/2009,50,1525000,29.5(-3.28 %),50,1525000,0,0,639235,6.97
24/02/2009,20,562000,28.1(-4.75 %),20,562000,0,0,639215,6.97
25/02/2009,0,0,26(-7.47 %),0,0,0,0,639215,6.97
26/02/2009,0,0,24.8(-4.62 %),0,0,0,0,639215,6.97
27/02/2009,0,0,24.8(0.00 %),0,0,0,0,639215,6.97
02/03/2009,0,0,24.8(0.00 %),0,0,0,0,639215,6.97
03/03/2009,0,0,23.6(-4.84 %),0,0,0,0,639215,6.97
04/03/2009,0,0,24.5(3.81 %),0,0,0,0,639215,6.97
05/03/2009,0,0,25.4(3.67 %),0,0,0,0,639215,6.97
06/03/2009,0,0,24.2(-4.72 %),0,0,0,0,639215,6.97
09/03/2009,20,500000,25(3.31 %),20,500000,0,0,639195,6.97
10/03/2009,0,0,25.4(1.60 %),0,0,0,0,639195,6.97
11/03/2009,20,510000,25.4(0.00 %),20,510000,0,0,639175,6.97
12/03/2009,200,4900000,25(-1.57 %),200,4900000,0,0,638975,6.98
13/03/2009,170,4267000,25.1(0.40 %),170,4267000,0,0,638805,6.99
16/03/2009,200,5010000,25(-0.40 %),200,5010000,0,0,638605,7.01
17/03/2009,20,506000,26.2(4.80 %),20,506000,0,0,638585,7.01
18/03/2009,0,0,27(3.05 %),0,0,0,0,638585,7.01
19/03/2009,0,0,25.7(-4.81 %),0,0,0,0,638585,7.01
20/03/2009,0,0,25.8(0.39 %),0,0,0,0,638585,7.01
23/03/2009,0,0,25.7(-0.39 %),0,0,0,0,638585,7.01
24/03/2009,-480,-12480000,26(1.17 %),0,0,480,12480000,639065,6.98
25/03/2009,0,0,25.8(-0.77 %),0,0,0,0,639065,6.98
26/03/2009,500,12300000,25.3(-1.94 %),500,12300000,0,0,638565,7.01
27/03/2009,0,0,25.3(0.00 %),0,0,0,0,638565,7.01
30/03/2009,0,0,24.7(-2.37 %),0,0,0,0,638565,7.01
31/03/2009,0,0,25(1.21 %),0,0,0,0,638565,7.01
01/04/2009,510,12801000,25.3(1.20 %),510,12801000,0,0,638055,7.04
02/04/2009,0,0,26.5(4.74 %),0,0,0,0,638055,7.04
03/04/2009,0,0,27.8(4.91 %),0,0,0,0,638055,7.04
07/04/2009,0,0,29.1(4.68 %),0,0,0,0,638055,7.04
08/04/2009,0,0,29.1(0.00 %),0,0,0,0,638055,7.04
09/04/2009,0,0,28.3(-2.75 %),0,0,0,0,638055,7.04
10/04/2009,0,0,29.7(4.95 %),0,0,0,0,638055,7.04
13/04/2009,0,0,31.1(4.71 %),0,0,0,0,638055,7.04
14/04/2009,500,15000000,31.3(0.64 %),500,15000000,0,0,637555,7.08
15/04/2009,0,0,29.9(-4.47 %),0,0,0,0,637555,7.08
16/04/2009,0,0,31.3(4.68 %),0,0,0,0,637555,7.08
17/04/2009,100,3000000,31.3(0.00 %),100,3000000,0,0,637455,7.08
20/04/2009,3000,89400000,29.8(-4.79 %),3000,89400000,0,0,634455,7.28
21/04/2009,0,0,28.4(-4.70 %),0,0,0,0,634455,7.28
22/04/2009,2150,61168000,28(-1.41 %),3000,84968000,850,23800000,632305,7.42
23/04/2009,2000,55000000,28.5(1.79 %),2000,55000000,0,0,630305,7.55
24/04/2009,0,0,27.6(-3.16 %),0,0,0,0,630305,7.55
27/04/2009,0,0,28.9(4.71 %),0,0,0,0,630305,7.55
28/04/2009,0,0,28.6(-1.04 %),0,0,0,0,630305,7.55
29/04/2009,500,14000000,28(-2.10 %),500,14000000,0,0,629805,7.59
04/05/2009,500,14700000,29.4(5.00 %),500,14700000,0,0,629305,7.62
05/05/2009,0,0,30.8(4.76 %),0,0,0,0,629305,7.62
06/05/2009,100,2980000,29.3(-4.87 %),100,2980000,0,0,629205,7.63
07/05/2009,0,0,30.4(3.75 %),0,0,0,0,629205,7.63
08/05/2009,1000,30400000,30(-1.32 %),1000,30400000,0,0,628205,7.69
11/05/2009,0,0,29.2(-2.67 %),0,0,0,0,628205,7.69
12/05/2009,0,0,28.7(-1.71 %),0,0,0,0,628205,7.69
13/05/2009,800,22960000,28.5(-0.70 %),800,22960000,0,0,627405,7.74
14/05/2009,0,0,28.5(0.00 %),0,0,0,0,627405,7.74
15/05/2009,10000,298920000,29.9(4.91 %),10000,298920000,0,0,617405,8.4
18/05/2009,0,0,29.9(0.00 %),0,0,0,0,617405,8.4
19/05/2009,0,0,31.1(4.01 %),0,0,0,0,617405,8.4
20/05/2009,0,0,31.3(0.64 %),0,0,0,0,617405,8.4
21/05/2009,110,3278000,29.8(-4.79 %),110,3278000,0,0,617295,8.41
22/05/2009,-100,-2990000,29.9(0.34 %),0,0,100,2990000,617395,8.4
25/05/2009,0,0,31.3(4.68 %),0,0,0,0,617395,8.4
26/05/2009,27960,916668000,32.8(4.79 %),27960,916668000,0,0,589435,10.24
27/05/2009,0,0,34.4(4.88 %),0,0,0,0,589435,10.24
28/05/2009,600,21540000,34.4(0.00 %),600,21540000,0,0,588835,10.28
29/05/2009,0,0,33.2(-3.49 %),0,0,0,0,588835,10.28
01/06/2009,0,0,34.5(3.92 %),0,0,0,0,588835,10.28
02/06/2009,0,0,33.3(-3.48 %),0,0,0,0,588835,10.28
03/06/2009,-110,-3490000,34(2.10 %),1000,34000000,1110,37490000,588945,10.27
04/06/2009,4500,160650000,35.7(5.00 %),4500,160650000,0,0,584445,10.57
05/06/2009,4190,156706000,37.4(4.76 %),4190,156706000,0,0,580255,10.84
08/06/2009,7170,281064000,39.2(4.81 %),7670,300664000,500,19600000,573085,11.32
17/06/2009,0,0,38.4(6.96 %),0,0,0,0,573085,11.32
18/06/2009,0,0,40(4.99 %),0,0,0,0,573085,11.32
19/06/2009,900,34530000,38(-5.47 %),2000,77840000,1100,43310000,572185,11.38
22/06/2009,16500,600600000,36.3(-6.92 %),16500,600600000,0,0,555685,12.46
23/06/2009,800,27410000,33.9(-6.87 %),1300,44460000,500,17050000,554885,12.51
24/06/2009,200,6740000,36.3(6.76 %),700,24530000,500,17790000,554685,12.53
25/06/2009,0,0,36.1(0.00 %),0,0,0,0,554685,12.53
26/06/2009,0,0,38(5.26 %),0,0,0,0,554685,12.53
29/06/2009,100,3750000,37.5(0.54 %),100,3750000,0,0,554585,12.53
30/06/2009,900,31410000,34.9(-6.93 %),900,31410000,0,0,553685,12.59
01/07/2009,500,17500000,35(0.29 %),500,17500000,0,0,553185,12.62
02/07/2009,0,0,36(2.86 %),0,0,0,0,553185,12.62
03/07/2009,700,24570000,35.5(1.14 %),700,24570000,0,0,552485,12.67
06/07/2009,-1400,-49130000,36(1.98 %),100,3670000,1500,52800000,553885,12.58
07/07/2009,300,11040000,35.8(-0.56 %),300,11040000,0,0,553585,12.6
08/07/2009,0,560000,35.9(-1.10 %),400,14360000,400,13800000,553585,12.6
09/07/2009,400,14000000,35.2(0.00 %),400,14000000,0,0,553185,12.62
10/07/2009,0,0,35(0.00 %),0,0,0,0,553185,12.62
13/07/2009,0,0,32.6(-6.86 %),0,0,0,0,553185,12.62
14/07/2009,700,23730000,32.7(-0.30 %),700,23730000,0,0,552485,12.67
15/07/2009,0,0,33(0.30 %),0,0,0,0,552485,12.67
16/07/2009,0,0,34(3.66 %),0,0,0,0,552485,12.67
17/07/2009,0,0,33.5(-1.47 %),0,0,0,0,552485,12.67
20/07/2009,0,0,32(-3.90 %),0,0,0,0,552485,12.67
21/07/2009,0,0,33(3.12 %),0,0,0,0,552485,12.67
22/07/2009,0,0,34(5.92 %),0,0,0,0,552485,12.67
23/07/2009,0,0,35.5(4.41 %),0,0,0,0,552485,12.67
24/07/2009,0,0,37.1(6.92 %),0,0,0,0,552485,12.67
27/07/2009,0,0,37(-0.27 %),0,0,0,0,552485,12.67
28/07/2009,0,0,34.6(-6.74 %),0,0,0,0,552485,12.67
29/07/2009,0,0,35(-1.69 %),0,0,0,0,552485,12.67
30/07/2009,0,0,34.5(-1.43 %),0,0,0,0,552485,12.67
31/07/2009,0,0,34.2(2.09 %),0,0,0,0,552485,12.67
03/08/2009,-5000,-169110000,34(-0.87 %),0,0,5000,169110000,557485,12.34
04/08/2009,0,0,36(6.51 %),0,0,0,0,557485,12.34
05/08/2009,0,0,36.1(0.28 %),0,0,0,0,557485,12.34
06/08/2009,0,0,35.3(-2.75 %),0,0,0,0,557485,12.34
07/08/2009,0,0,36.2(1.12 %),0,0,0,0,557485,12.34
10/08/2009,0,0,37.2(3.05 %),0,0,0,0,557485,12.34
11/08/2009,0,0,38.5(4.05 %),0,0,0,0,557485,12.34
12/08/2009,0,0,38.1(1.06 %),0,0,0,0,557485,12.34
13/08/2009,0,0,39.4(2.07 %),0,0,0,0,557485,12.34
14/08/2009,0,0,38.6(-2.28 %),0,0,0,0,557485,12.34
17/08/2009,0,0,37.9(1.61 %),0,0,0,0,557485,12.34
18/08/2009,0,0,37.5(0.27 %),0,0,0,0,557485,12.34
19/08/2009,0,0,37(-0.54 %),0,0,0,0,557485,12.34
20/08/2009,-1000,-37000000,36.5(-2.41 %),0,0,1000,37000000,558485,12.28
21/08/2009,-1600,-58720000,37(1.65 %),0,0,1600,58720000,560085,12.17
24/08/2009,0,0,36.5(-1.35 %),0,0,0,0,560085,12.17
25/08/2009,0,0,36.5(-0.27 %),0,0,0,0,560085,12.17
26/08/2009,0,0,36.7(0.55 %),0,0,0,0,560085,12.17
27/08/2009,0,0,36(-1.37 %),0,0,0,0,560085,12.17
28/08/2009,0,0,36.5(2.82 %),0,0,0,0,560085,12.17
31/08/2009,0,0,36.7(1.66 %),0,0,0,0,560085,12.17
01/09/2009,-200,-7700000,37(2.78 %),0,0,200,7700000,560285,12.16
03/09/2009,0,0,36.7(-2.13 %),0,0,0,0,560285,12.16
04/09/2009,0,0,36(-2.44 %),0,0,0,0,560285,12.16
07/09/2009,0,0,36(-1.37 %),0,0,0,0,560285,12.16
08/09/2009,0,0,36(0.56 %),0,0,0,0,560285,12.16
09/09/2009,0,0,35.8(-0.56 %),0,0,0,0,560285,12.16
10/09/2009,0,0,36(0.28 %),0,0,0,0,560285,12.16
11/09/2009,0,0,37(4.52 %),0,0,0,0,560285,12.16
14/09/2009,0,0,36.9(1.65 %),0,0,0,0,560285,12.16
15/09/2009,0,0,36.2(-0.28 %),0,0,0,0,560285,12.16
16/09/2009,0,0,36.9(2.22 %),0,0,0,0,560285,12.16
17/09/2009,1100,40480000,36.8(-1.34 %),1100,40480000,0,0,559185,12.23
18/09/2009,0,0,38(2.43 %),0,0,0,0,559185,12.23
21/09/2009,-1000,-37600000,40.1(6.65 %),0,0,1000,37600000,560185,12.16
22/09/2009,0,0,37.5(-4.58 %),0,0,0,0,560185,12.16
23/09/2009,0,0,38.3(0.52 %),0,0,0,0,560185,12.16
24/09/2009,0,0,37(-3.39 %),0,0,0,0,560185,12.16
25/09/2009,0,0,37.9(2.43 %),0,0,0,0,560185,12.16
28/09/2009,0,0,36.7(-0.54 %),0,0,0,0,560185,12.16
29/09/2009,1600,59260000,36.7(0.27 %),1600,59260000,0,0,558585,12.27
30/09/2009,0,0,37(0.54 %),0,0,0,0,558585,12.27
01/10/2009,0,0,35.8(-3.24 %),0,0,0,0,558585,12.27
02/10/2009,0,0,34.5(-4.43 %),0,0,0,0,558585,12.27
05/10/2009,-3300,-116500000,33.5(-2.05 %),700,23450000,4000,139950000,561885,12.05
06/10/2009,4000,136000000,34.2(0.00 %),4000,136000000,0,0,557885,12.32
07/10/2009,0,0,36(5.57 %),0,0,0,0,568785,11.6
08/10/2009,1000,36000000,36.2(0.56 %),1000,36000000,0,0,567785,11.66
09/10/2009,0,0,38.5(6.94 %),0,0,0,0,556885,12.38
12/10/2009,0,0,40.5(6.86 %),0,0,0,0,556885,12.38
13/10/2009,0,0,40.8(0.74 %),0,0,0,0,568785,11.6
14/10/2009,-2600,-117780000,45.3(6.84 %),0,0,2600,117780000,559485,12.21
15/10/2009,-3800,-183920000,48.4(6.84 %),0,0,3800,183920000,563285,11.96
16/10/2009,-3000,-155100000,51.7(6.82 %),0,0,3000,155100000,571785,11.4
19/10/2009,0,0,51(-1.35 %),0,0,0,0,568785,11.6
20/10/2009,0,0,51(2.20 %),0,0,0,0,568785,11.6
21/10/2009,0,0,55.4(6.95 %),0,0,0,0,568785,11.6
22/10/2009,0,0,57(6.94 %),0,0,0,0,563285,11.96
23/10/2009,-600,-36420000,57(0.35 %),0,0,600,36420000,569385,11.56
26/10/2009,-500,-29500000,56.1(-6.97 %),0,0,500,29500000,569885,11.53
27/10/2009,0,0,52.6(-6.90 %),0,0,0,0,569885,11.53
28/10/2009,0,0,49.2(-6.82 %),0,0,0,0,569885,11.53
29/10/2009,0,0,45.9(-6.90 %),0,0,0,0,569885,11.53
30/10/2009,0,0,49.1(6.97 %),0,0,0,0,569885,11.53
02/11/2009,0,0,45.7(-6.92 %),0,0,0,0,569885,11.53
03/11/2009,0,0,42.6(-6.99 %),0,0,0,0,569885,11.53
04/11/2009,0,0,43(0.47 %),0,0,0,0,569885,11.53
05/11/2009,0,0,45.9(6.99 %),0,0,0,0,569885,11.53
06/11/2009,0,0,43.5(-5.23 %),0,0,0,0,569885,11.53
09/11/2009,0,0,43(-6.93 %),0,0,0,0,569885,11.53
10/11/2009,0,0,41.1(-5.30 %),0,0,0,0,569885,11.53
11/11/2009,0,0,42.4(1.68 %),0,0,0,0,569885,11.53
12/11/2009,0,0,43(2.14 %),0,0,0,0,569885,11.53
13/11/2009,0,0,43.2(-0.92 %),0,0,0,0,569885,11.53
16/11/2009,0,0,42.7(-1.61 %),0,0,0,0,569885,11.53
17/11/2009,0,0,44.3(0.23 %),0,0,0,0,569885,11.53
18/11/2009,0,0,44(0.23 %),0,0,0,0,569885,11.53
19/11/2009,0,0,44.5(1.83 %),0,0,0,0,569885,11.53
20/11/2009,4400,198000000,44.2(-1.56 %),4400,198000000,0,0,565485,11.82
23/11/2009,0,0,43.2(-3.79 %),0,0,0,0,565485,11.82
24/11/2009,0,0,42(-3.00 %),0,0,0,0,565485,11.82
25/11/2009,3000,118600000,39.4(-6.86 %),3000,118600000,0,0,552985,12.64
26/11/2009,6500,241320000,37(-6.80 %),6500,241320000,0,0,555985,12.44
27/11/2009,0,380000,38.5(3.77 %),1100,38550000,1100,38170000,555985,12.44
30/11/2009,500,19500000,39.3(6.50 %),500,19500000,0,0,555485,12.47
01/12/2009,-2200,-83280000,41(4.59 %),2200,89640000,4400,172920000,557685,12.33
02/12/2009,2100,83960000,39(-1.76 %),2100,83960000,0,0,555585,12.47
03/12/2009,1000,39950000,40(0.76 %),1000,39950000,0,0,554585,12.53
04/12/2009,0,0,38.5(-3.75 %),0,0,0,0,554585,12.53
07/12/2009,200,7880000,39.2(0.51 %),200,7880000,0,0,554385,12.55
08/12/2009,0,0,37.5(-4.58 %),0,0,0,0,554385,12.55
09/12/2009,2300,82170000,35.6(-5.57 %),2300,82170000,0,0,552085,12.7
10/12/2009,600,22300000,35(-2.23 %),600,22300000,0,0,551485,12.74
11/12/2009,8500,290240000,33.5(-6.94 %),8500,290240000,0,0,542985,13.3
14/12/2009,2000,72110000,35.9(5.59 %),2000,72110000,0,0,540985,13.43
15/12/2009,900,31750000,35(-2.78 %),900,31750000,0,0,540085,13.49
16/12/2009,200,7050000,33.4(-6.44 %),200,7050000,0,0,539885,13.5
17/12/2009,2800,91700000,33(-3.23 %),2800,91700000,0,0,537085,13.68
18/12/2009,0,0,34.6(5.49 %),0,0,0,0,537085,13.68
21/12/2009,0,0,36.9(6.65 %),0,0,0,0,537085,13.68
22/12/2009,0,0,36.3(0.00 %),0,0,0,0,537085,13.68
23/12/2009,0,0,36.8(1.38 %),0,0,0,0,537085,13.68
24/12/2009,0,0,36.5(0.00 %),0,0,0,0,537085,13.68
25/12/2009,0,0,39(6.85 %),0,0,0,0,537085,13.68
28/12/2009,1000,40380000,40.4(4.94 %),1000,40380000,0,0,536085,13.75
29/12/2009,100,3800000,37.6(-6.93 %),100,3800000,0,0,535985,13.76
30/12/2009,0,0,37.5(-1.32 %),0,0,0,0,535985,13.76
31/12/2009,0,0,37.4(1.63 %),0,0,0,0,535985,13.76
04/01/2010,0,0,40.5(6.86 %),0,0,0,0,535985,13.76
05/01/2010,0,0,42.6(6.23 %),0,0,0,0,535985,13.76
06/01/2010,0,0,40.1(-5.65 %),0,0,0,0,535985,13.76
07/01/2010,0,0,39(-4.65 %),0,0,0,0,535985,13.76
08/01/2010,0,0,38.3(-4.25 %),0,0,0,0,535985,13.76
11/01/2010,200,7900000,38.1(-4.03 %),200,7900000,0,0,535785,13.77
12/01/2010,0,0,36.8(-3.16 %),0,0,0,0,535785,13.77
13/01/2010,0,0,38.9(4.85 %),0,0,0,0,535785,13.77
14/01/2010,300,12000000,40(4.44 %),300,12000000,0,0,535485,13.79
15/01/2010,0,0,39(-2.50 %),0,0,0,0,535485,13.79
18/01/2010,300,11100000,37.5(-5.54 %),300,11100000,0,0,535185,13.81
19/01/2010,0,0,37.8(1.34 %),0,0,0,0,535185,13.81
20/01/2010,1500,56700000,37.8(0.53 %),1500,56700000,0,0,533685,13.91
21/01/2010,1600,56960000,35.5(-6.82 %),1600,56960000,0,0,532085,14.01
22/01/2010,100,3580000,37(3.35 %),100,3580000,0,0,531985,14.02
25/01/2010,0,0,37(0.27 %),0,0,0,0,531985,14.02
26/01/2010,0,0,38.5(4.05 %),0,0,0,0,531985,14.02
27/01/2010,0,0,36(-4.26 %),0,0,0,0,531985,14.02
28/01/2010,2100,76140000,36.2(-0.55 %),2100,76140000,0,0,529885,14.16
29/01/2010,2000,73000000,36(-0.83 %),2000,73000000,0,0,527885,14.29
01/02/2010,0,0,39(6.85 %),0,0,0,0,527885,14.29
02/02/2010,3000,119640000,39.9(2.84 %),3000,119640000,0,0,524885,14.49
03/02/2010,0,0,38.2(-3.29 %),0,0,0,0,524885,14.49
04/02/2010,2000,79970000,39(1.83 %),2000,79970000,0,0,522885,14.62
05/02/2010,0,0,39(-2.01 %),0,0,0,0,522885,14.62
08/02/2010,1000,38900000,39(0.00 %),1000,38900000,0,0,521885,14.68
09/02/2010,2000,77180000,38.6(-1.03 %),2000,77180000,0,0,519885,14.81
10/02/2010,-1500,-58500000,39.5(2.33 %),0,0,1500,58500000,521385,14.72
11/02/2010,0,0,39.5(0.51 %),0,0,0,0,521385,14.72
12/02/2010,0,0,39.8(0.51 %),0,0,0,0,521385,14.72
22/02/2010,500,21250000,42.5(6.78 %),500,21250000,0,0,520885,14.75
23/02/2010,-600,-27240000,45.2(6.35 %),0,0,600,27240000,521485,14.71
24/02/2010,700,30870000,45(-0.66 %),700,30870000,0,0,520785,14.76
25/02/2010,0,0,45(0.67 %),0,0,0,0,520785,14.76
26/02/2010,0,0,45(0.00 %),0,0,0,0,518285,14.76
01/03/2010,0,0,48.1(6.89 %),0,0,0,0,518285,14.92
02/03/2010,0,0,47(-2.08 %),0,0,0,0,518285,14.92
03/03/2010,0,0,46(-2.95 %),0,0,0,0,518285,14.92
04/03/2010,-700,-33040000,46.5(0.65 %),0,0,700,33040000,518985,14.87
05/03/2010,0,0,43(0.47 %),0,0,0,0,518985,14.87
08/03/2010,500,21400000,42(-2.10 %),500,21400000,0,0,518485,14.91
09/03/2010,0,0,42(0.00 %),0,0,0,0,518485,14.91
10/03/2010,0,0,43(3.12 %),0,0,0,0,518485,14.91
11/03/2010,0,0,41.5(-1.43 %),0,0,0,0,518485,14.91
12/03/2010,200,8300000,41.6(-0.24 %),200,8300000,0,0,518285,14.92
15/03/2010,0,0,42(0.96 %),0,0,0,0,518285,14.92
16/03/2010,0,0,42(-0.24 %),0,0,0,0,518285,14.92
17/03/2010,0,0,40.7(-0.73 %),0,0,0,0,518285,14.92
18/03/2010,0,0,41.7(1.96 %),0,0,0,0,518285,14.92
19/03/2010,0,0,40.5(-0.25 %),0,0,0,0,518285,14.92
22/03/2010,0,0,39(-2.26 %),0,0,0,0,518285,14.92
23/03/2010,0,0,38.9(0.26 %),0,0,0,0,518285,14.92
24/03/2010,0,0,41.3(6.44 %),0,0,0,0,518285,14.92
25/03/2010,0,0,38.3(-2.79 %),0,0,0,0,518285,14.92
26/03/2010,0,0,38.5(-2.53 %),0,0,0,0,518285,14.92
29/03/2010,0,0,39.2(1.82 %),0,0,0,0,518285,14.92
30/03/2010,0,0,38.5(-1.79 %),0,0,0,0,518285,14.92
31/03/2010,-500,-18500000,37.8(-3.32 %),0,0,500,18500000,518785,14.89
01/04/2010,0,0,36.8(-2.65 %),0,0,0,0,518785,14.89
02/04/2010,-100,-3930000,38(3.26 %),0,0,100,3930000,518885,14.88
05/04/2010,0,0,39.4(3.14 %),0,0,0,0,518885,14.88
06/04/2010,0,0,40.5(3.85 %),0,0,0,0,518885,14.88
07/04/2010,0,0,41(1.23 %),0,0,0,0,518885,14.88
08/04/2010,0,0,43.6(6.86 %),0,0,0,0,518885,14.88
09/04/2010,0,0,42.6(0.47 %),0,0,0,0,518885,14.88
12/04/2010,700,30150000,43.3(1.41 %),900,38880000,200,8730000,518185,14.93
13/04/2010,1500,63000000,41(-5.09 %),1500,63000000,0,0,516685,15.02
14/04/2010,-800,-32800000,40.6(-1.93 %),0,0,800,32800000,517485,14.97
15/04/2010,-100,-4060000,41(0.00 %),0,0,100,4060000,517585,14.97
16/04/2010,200,8200000,42(3.19 %),200,8200000,0,0,517385,14.98
19/04/2010,0,0,41.9(1.21 %),0,0,0,0,517385,14.98
20/04/2010,0,0,41.2(-1.67 %),0,0,0,0,517385,14.98
21/04/2010,0,0,42.9(4.13 %),0,0,0,0,517385,14.98
22/04/2010,0,0,42.5(0.95 %),0,0,0,0,517385,14.98
26/04/2010,0,0,41.5(-2.35 %),0,0,0,0,517385,14.98
27/04/2010,100,4250000,41(-1.20 %),100,4250000,0,0,517285,14.99
28/04/2010,0,0,41.7(0.00 %),0,0,0,0,517285,14.99
29/04/2010,200,8300000,41.8(0.24 %),200,8300000,0,0,517085,15.0
04/05/2010,3700,161680000,43.7(6.85 %),3700,161680000,0,0,513385,15.24
05/05/2010,-400,-16900000,43.2(-0.69 %),100,4350000,500,21250000,513785,15.22
06/05/2010,600,26000000,43.4(0.00 %),600,26000000,0,0,513185,15.25
07/05/2010,0,0,41.5(-4.38 %),0,0,0,0,513185,15.25
10/05/2010,3900,161850000,41.6(-1.89 %),5000,207500000,1100,45650000,509285,15.51
11/05/2010,-2800,-115190000,40.9(-2.15 %),2000,81800000,4800,196990000,512085,15.33
12/05/2010,-7700,-294340000,38.3(-6.59 %),5300,202460000,13000,496800000,519785,14.82
13/05/2010,0,0,40(4.44 %),0,0,0,0,519785,14.82
14/05/2010,0,0,40(0.00 %),0,0,0,0,519785,14.82
17/05/2010,0,0,40(0.00 %),0,0,0,0,519785,14.82
18/05/2010,500,19500000,39(-2.50 %),500,19500000,0,0,519285,14.85
19/05/2010,0,0,36.6(-6.15 %),0,0,0,0,519285,14.85
20/05/2010,200,7340000,38(2.98 %),200,7340000,0,0,519085,14.87
21/05/2010,0,0,35(-6.17 %),0,0,0,0,519085,14.87
24/05/2010,1800,65450000,36.8(4.25 %),1800,65450000,0,0,517285,14.99
25/05/2010,2400,86950000,36(-0.83 %),2400,86950000,0,0,514885,15.14
26/05/2010,500,18150000,36.3(0.00 %),500,18150000,0,0,514385,15.18
27/05/2010,400,14800000,37(1.93 %),400,14800000,0,0,513985,15.2
28/05/2010,1900,70300000,39(5.98 %),1900,70300000,0,0,512085,15.33
31/05/2010,0,0,39.5(3.95 %),0,0,0,0,512085,15.33
01/06/2010,0,0,39.5(0.00 %),0,0,0,0,512085,15.33
02/06/2010,0,0,38.6(-2.28 %),0,0,0,0,512085,15.33
03/06/2010,0,0,38.9(0.78 %),0,0,0,0,512085,15.33
04/06/2010,0,0,38.9(0.00 %),0,0,0,0,512085,15.33
07/06/2010,0,0,36.2(-6.94 %),0,0,0,0,512085,15.33
08/06/2010,0,0,37.5(3.59 %),0,0,0,0,512085,15.33
09/06/2010,0,0,36.4(-1.62 %),0,0,0,0,512085,15.33
10/06/2010,0,0,36.7(0.00 %),0,0,0,0,512085,15.33
11/06/2010,0,0,36.7(0.00 %),0,0,0,0,512085,15.33
14/06/2010,0,0,35.8(-2.72 %),0,0,0,0,512085,15.33
15/06/2010,0,0,36(0.56 %),0,0,0,0,512085,15.33
16/06/2010,0,0,36.9(2.79 %),0,0,0,0,512085,15.33
17/06/2010,0,0,37(2.21 %),0,0,0,0,512085,15.33
18/06/2010,0,0,36(-2.70 %),0,0,0,0,512085,15.33
22/06/2010,0,0,37.5(-2.60 %),0,0,0,0,512085,15.33
23/06/2010,0,0,36.8(-1.87 %),0,0,0,0,512085,15.33
24/06/2010,0,0,38.1(2.42 %),0,0,0,0,512085,15.33
25/06/2010,0,0,38(0.00 %),0,0,0,0,512085,15.33
28/06/2010,0,0,37.9(-0.26 %),0,0,0,0,512085,15.33
29/06/2010,0,0,37.8(0.00 %),0,0,0,0,512085,15.33
30/06/2010,1000,36000000,35.2(-6.88 %),1000,36000000,0,0,511085,15.39
01/07/2010,4000,144000000,36.2(2.26 %),4000,144000000,0,0,507085,15.66
02/07/2010,0,0,36.3(0.00 %),0,0,0,0,507085,15.66
05/07/2010,4500,166500000,37(1.93 %),4500,166500000,0,0,502585,15.95
06/07/2010,0,0,37(0.00 %),0,0,0,0,502585,15.95
07/07/2010,2400,88800000,37(0.00 %),2400,88800000,0,0,500185,16.11
08/07/2010,0,0,37.5(1.35 %),0,0,0,0,500185,16.11
09/07/2010,1000,37500000,37.5(0.00 %),1000,37500000,0,0,499185,16.18
12/07/2010,0,0,37.5(0.00 %),0,0,0,0,499185,16.18
13/07/2010,0,0,37.5(0.00 %),0,0,0,0,499185,16.18
14/07/2010,3400,126300000,37.5(-0.27 %),3400,126300000,0,0,495785,16.4
15/07/2010,2200,82500000,37.5(1.08 %),2200,82500000,0,0,493585,16.54
16/07/2010,0,0,37.5(0.00 %),0,0,0,0,493585,16.54
19/07/2010,0,0,37.5(0.00 %),0,0,0,0,493585,16.54
20/07/2010,0,0,37.5(0.00 %),0,0,0,0,493585,16.54
21/07/2010,0,0,37.5(0.00 %),0,0,0,0,493585,16.54
22/07/2010,0,0,37.8(1.34 %),0,0,0,0,493585,16.54
23/07/2010,0,0,36.6(-1.61 %),0,0,0,0,493585,16.54
26/07/2010,0,0,37(1.09 %),0,0,0,0,493585,16.54
27/07/2010,0,0,37(0.00 %),0,0,0,0,493585,16.54
28/07/2010,0,0,36.5(0.00 %),0,0,0,0,493585,16.54
29/07/2010,0,0,36.5(0.00 %),0,0,0,0,493585,16.54
30/07/2010,0,0,36.5(0.00 %),0,0,0,0,493585,16.54
02/08/2010,0,0,36.5(0.00 %),0,0,0,0,493585,16.54
03/08/2010,400,14680000,36.7(0.00 %),400,14680000,0,0,493185,16.57
04/08/2010,-5400,-198180000,36.8(0.27 %),0,0,5400,198180000,498585,16.21
05/08/2010,0,0,36.7(0.00 %),0,0,0,0,498585,16.21
06/08/2010,0,0,36.7(0.00 %),0,0,0,0,498585,16.21
09/08/2010,0,0,36.2(-1.36 %),0,0,0,0,498585,16.21
10/08/2010,-5000,-180300000,34(-5.82 %),0,0,5000,180300000,503585,15.89
11/08/2010,0,0,37(5.11 %),0,0,0,0,503585,15.89
12/08/2010,1100,39600000,36(-0.83 %),1100,39600000,0,0,502485,15.96
13/08/2010,0,0,36(-0.55 %),0,0,0,0,502485,15.96
16/08/2010,200,7600000,38.4(6.67 %),200,7600000,0,0,502285,15.97
17/08/2010,0,0,37.5(-2.09 %),0,0,0,0,502285,15.97
18/08/2010,0,0,37.5(0.00 %),0,0,0,0,502285,15.97
19/08/2010,0,0,35.9(0.28 %),0,0,0,0,502285,15.97
20/08/2010,0,0,35.9(0.00 %),0,0,0,0,502285,15.97
23/08/2010,0,0,35(-2.51 %),0,0,0,0,502285,15.97
24/08/2010,0,0,33(-5.71 %),0,0,0,0,502285,15.97
25/08/2010,0,0,31.1(-6.04 %),0,0,0,0,502285,15.97
26/08/2010,0,0,33.1(6.43 %),0,0,0,0,502285,15.97
27/08/2010,100,3440000,34.4(3.93 %),100,3440000,0,0,502185,15.98
30/08/2010,0,0,36.5(6.10 %),0,0,0,0,502185,15.98
31/08/2010,1700,60520000,35.5(-2.74 %),1700,60520000,0,0,500485,16.09
01/09/2010,0,0,35.7(0.28 %),0,0,0,0,500485,0.0
06/09/2010,0,0,36(0.84 %),0,0,0,0,499785,16.09
07/09/2010,0,0,35.9(0.00 %),0,0,0,0,500485,16.09
08/09/2010,0,0,34.5(-3.90 %),0,0,0,0,500485,16.09
09/09/2010,0,0,34.8(0.87 %),0,0,0,0,500485,16.09
10/09/2010,0,0,35(0.29 %),0,0,0,0,500485,16.09
13/09/2010,0,0,33.5(-4.29 %),0,0,0,0,500485,16.09
14/09/2010,0,0,33.5(1.52 %),0,0,0,0,500485,16.09
15/09/2010,0,0,33.5(0.00 %),0,0,0,0,500485,16.09
16/09/2010,0,0,34(1.49 %),0,0,0,0,500485,16.09
17/09/2010,0,0,34.9(2.65 %),0,0,0,0,500485,16.09
20/09/2010,0,0,34.6(0.00 %),0,0,0,0,500485,16.09
21/09/2010,0,0,35(1.16 %),0,0,0,0,500485,16.09
22/09/2010,0,0,34.6(-1.14 %),0,0,0,0,500485,16.09
23/09/2010,0,0,33.9(-2.02 %),0,0,0,0,500485,16.09
24/09/2010,0,0,34(0.00 %),0,0,0,0,500485,16.09
27/09/2010,0,0,34(0.00 %),0,0,0,0,500485,16.09
28/09/2010,0,0,34(0.00 %),0,0,0,0,500485,16.09
29/09/2010,0,0,34.5(1.47 %),0,0,0,0,500485,16.09
30/09/2010,0,0,34.6(0.29 %),0,0,0,0,499785,16.09
01/10/2010,0,0,34.6(0.00 %),0,0,0,0,499785,16.14
04/10/2010,0,0,34.6(0.00 %),0,0,0,0,499785,16.14
05/10/2010,0,0,32.3(-6.65 %),0,0,0,0,499785,16.14
06/10/2010,0,0,34(5.26 %),0,0,0,0,499785,16.14
07/10/2010,0,0,32.9(6.82 %),0,0,0,0,499785,16.14
08/10/2010,0,0,32.9(0.00 %),0,0,0,0,499785,16.14
11/10/2010,0,0,33.5(1.82 %),0,0,0,0,499785,16.14
12/10/2010,0,0,34(1.49 %),0,0,0,0,499785,16.14
13/10/2010,0,0,34(0.00 %),0,0,0,0,499785,16.14
14/10/2010,0,0,32(-5.88 %),0,0,0,0,499785,16.14
15/10/2010,0,0,32.2(0.62 %),0,0,0,0,499785,16.14
18/10/2010,300,9660000,30(-6.83 %),300,9660000,0,0,499485,16.16
19/10/2010,200,6200000,31(2.99 %),200,6200000,0,0,499285,16.17
20/10/2010,0,0,30.3(5.94 %),0,0,0,0,499285,16.17
21/10/2010,0,0,32.4(6.93 %),0,0,0,0,499285,16.17
22/10/2010,0,0,32.5(0.31 %),0,0,0,0,499285,16.17
25/10/2010,0,0,32.5(0.00 %),0,0,0,0,499285,16.17
26/10/2010,0,0,34.7(6.77 %),0,0,0,0,499285,16.17
27/10/2010,0,0,34(-2.02 %),0,0,0,0,499285,16.17
28/10/2010,0,0,34.7(1.46 %),0,0,0,0,499285,16.17
29/10/2010,1300,44850000,34.5(0.88 %),1300,44850000,0,0,497985,16.25
01/11/2010,0,0,35(0.86 %),0,0,0,0,497985,16.25
02/11/2010,0,0,35(0.00 %),0,0,0,0,497985,16.25
03/11/2010,-7000,-249500000,36(2.86 %),0,0,7000,249500000,504985,15.79
04/11/2010,-6900,-255300000,36.8(3.08 %),0,0,6900,255300000,511885,15.34
05/11/2010,-300,-10950000,35.5(-4.31 %),0,0,300,10950000,512185,15.32
08/11/2010,-2300,-82800000,36(0.56 %),0,0,2300,82800000,514485,15.17
09/11/2010,0,0,35.9(0.00 %),0,0,0,0,514485,15.17
10/11/2010,0,0,35.9(0.00 %),0,0,0,0,514485,15.17
11/11/2010,-1000,-35000000,35.5(-1.11 %),0,0,1000,35000000,515485,15.1
12/11/2010,0,0,34.5(-2.27 %),0,0,0,0,515485,15.1
15/11/2010,0,0,34.5(0.00 %),0,0,0,0,515485,15.1
16/11/2010,0,0,34.5(0.00 %),0,0,0,0,515485,15.1
17/11/2010,0,0,32.2(-6.67 %),0,0,0,0,515485,15.1
18/11/2010,0,0,32.5(0.93 %),0,0,0,0,515485,15.1
19/11/2010,0,0,34(2.41 %),0,0,0,0,515485,15.1
22/11/2010,0,0,32(-5.88 %),0,0,0,0,515485,15.1
23/11/2010,0,0,33.9(1.80 %),0,0,0,0,515485,15.1
24/11/2010,0,0,34.5(5.83 %),0,0,0,0,515485,15.1
25/11/2010,0,0,34.8(3.57 %),0,0,0,0,515485,15.1
26/11/2010,0,0,34.5(0.00 %),0,0,0,0,515485,15.1
29/11/2010,0,0,34.5(0.00 %),0,0,0,0,515485,15.1
30/11/2010,0,0,36.5(5.80 %),0,0,0,0,515485,15.1
01/12/2010,0,0,35.5(-1.93 %),0,0,0,0,515485,15.1
02/12/2010,500,17500000,35.5(0.57 %),8500,297500000,8000,280000000,514985,15.14
03/12/2010,0,0,36(2.56 %),0,0,0,0,514985,15.14
06/12/2010,0,0,36(0.00 %),0,0,0,0,514985,15.14
07/12/2010,0,0,36.1(0.28 %),0,0,0,0,514985,15.14
08/12/2010,0,0,34(-6.08 %),0,0,0,0,514985,15.14
09/12/2010,0,0,34(0.00 %),0,0,0,0,514985,15.14
10/12/2010,0,0,35.9(6.85 %),2000,67200000,2000,67200000,514985,15.14
13/12/2010,0,0,36(5.88 %),0,0,0,0,514985,15.14
14/12/2010,0,0,34.3(-4.72 %),0,0,0,0,514985,15.14
15/12/2010,0,0,34.2(-0.58 %),0,0,0,0,514985,15.14
16/12/2010,0,0,34(-0.58 %),0,0,0,0,514985,15.14
17/12/2010,0,0,34.5(1.47 %),0,0,0,0,514985,15.14
20/12/2010,-2200,-72750000,33(-4.35 %),0,0,2200,72750000,519385,14.85
21/12/2010,0,0,33.1(0.00 %),0,0,0,0,517185,14.99
22/12/2010,0,0,33(0.00 %),0,0,0,0,517185,14.99
23/12/2010,0,0,35.3(6.97 %),0,0,0,0,517185,14.99
24/12/2010,0,0,33.2(-5.95 %),9000,306000000,9000,306000000,517185,14.99
27/12/2010,0,0,33.9(0.00 %),0,0,0,0,517185,14.99
28/12/2010,0,0,34.5(1.77 %),0,0,0,0,517185,14.99
29/12/2010,0,0,34(-1.45 %),0,0,0,0,517185,14.99
30/12/2010,0,0,34(0.00 %),0,0,0,0,517185,14.99
31/12/2010,0,0,34(0.00 %),0,0,0,0,517185,14.99
04/01/2011,0,0,34.2(0.59 %),0,0,0,0,517185,14.99
05/01/2011,0,0,34.1(0.00 %),0,0,0,0,517185,14.99
06/01/2011,600,20400000,34(-0.58 %),600,20400000,0,0,516585,15.03
07/01/2011,0,0,34(0.00 %),0,0,0,0,516585,15.03
10/01/2011,0,0,34(0.00 %),0,0,0,0,516585,15.03
11/01/2011,0,0,34(0.00 %),0,0,0,0,516585,15.03
12/01/2011,0,0,34(0.00 %),0,0,0,0,516585,15.03
13/01/2011,0,0,34(0.00 %),0,0,0,0,516585,15.03
14/01/2011,0,0,34(0.00 %),0,0,0,0,516585,15.03
17/01/2011,0,0,32.2(-5.29 %),0,0,0,0,516585,15.03
18/01/2011,0,0,34.4(6.83 %),0,0,0,0,516585,15.03
19/01/2011,0,0,34.4(0.00 %),0,0,0,0,516585,15.03
20/01/2011,800,27520000,34.3(-0.29 %),800,27520000,0,0,515785,15.08
21/01/2011,0,0,34(-0.87 %),0,0,0,0,515785,15.08
24/01/2011,0,0,33(-2.94 %),0,0,0,0,515785,15.08
25/01/2011,0,0,32(-5.60 %),0,0,0,0,515785,15.08
26/01/2011,0,0,32(0.00 %),0,0,0,0,515785,15.08
27/01/2011,2000,67900000,34(6.25 %),2000,67900000,0,0,513785,15.22
28/01/2011,300,9900000,33.2(-2.35 %),300,9900000,0,0,513485,15.24
08/02/2011,0,0,33.2(0.00 %),0,0,0,0,513485,15.24
09/02/2011,0,0,33(-0.60 %),0,0,0,0,513485,15.24
10/02/2011,0,0,33(-0.60 %),0,0,0,0,513485,15.24
11/02/2011,0,0,35.5(6.93 %),0,0,0,0,513485,15.24
14/02/2011,0,0,35.5(0.00 %),0,0,0,0,513485,15.24
15/02/2011,0,0,34(-6.08 %),0,0,0,0,513485,15.24
16/02/2011,0,0,33.5(-1.47 %),0,0,0,0,513485,15.24
17/02/2011,0,0,33(-1.49 %),0,0,0,0,513485,15.24
18/02/2011,0,0,33.2(0.00 %),0,0,0,0,513485,15.24
21/02/2011,0,0,32.7(0.00 %),0,0,0,0,513485,15.24
22/02/2011,0,0,32(-2.14 %),0,0,0,0,513485,15.24
23/02/2011,0,0,32(0.00 %),0,0,0,0,513485,15.24
24/02/2011,0,0,33(3.12 %),0,0,0,0,513485,15.24
25/02/2011,0,0,34.6(6.46 %),0,0,0,0,513485,15.24
28/02/2011,0,0,33.5(-3.18 %),0,0,0,0,513485,15.24
01/03/2011,0,0,34.3(2.39 %),0,0,0,0,513485,15.24
02/03/2011,0,0,31.9(-7.00 %),0,0,0,0,513485,15.24
03/03/2011,0,0,31.1(-2.51 %),0,0,0,0,0,0.0
04/03/2011,0,0,31(-0.32 %),0,0,0,0,0,0.0
07/03/2011,0,0,31(1.64 %),0,0,0,0,0,0.0
08/03/2011,0,0,31.5(1.61 %),0,0,0,0,0,0.0
09/03/2011,0,0,31.6(0.00 %),0,0,0,0,0,0.0
10/03/2011,0,0,33(3.77 %),0,0,0,0,0,0.0
11/03/2011,0,0,30(1.35 %),0,0,0,0,0,0.0
14/03/2011,0,0,28.5(-5.00 %),0,0,0,0,0,0.0
15/03/2011,0,0,28(0.00 %),0,0,0,0,0,0.0
16/03/2011,0,0,28(0.00 %),0,0,0,0,552696,12.66
17/03/2011,-200,-5400000,28(0.00 %),0,0,200,5400000,552896,12.64
18/03/2011,0,0,28.5(2.52 %),0,0,0,0,552896,12.64
21/03/2011,0,0,28.5(0.00 %),0,0,0,0,552896,12.64
22/03/2011,0,0,28.5(0.00 %),0,0,0,0,552896,12.64
23/03/2011,0,0,28.5(0.00 %),0,0,0,0,552896,12.64
24/03/2011,0,0,28.2(-1.05 %),0,0,0,0,552896,12.64
25/03/2011,0,0,28(-0.71 %),0,0,0,0,552896,12.64
28/03/2011,0,0,28.9(3.58 %),0,0,0,0,552896,12.64
29/03/2011,0,0,28.4(-2.07 %),0,0,0,0,552896,12.64
30/03/2011,0,0,28.6(0.70 %),0,0,0,0,552896,12.64
31/03/2011,0,0,29.2(2.10 %),0,0,0,0,552896,12.64
01/04/2011,0,0,29(0.00 %),0,0,0,0,552896,12.64
04/04/2011,0,0,28.7(0.00 %),0,0,0,0,552896,12.64
05/04/2011,0,0,27.2(-5.23 %),0,0,0,0,552896,12.64
06/04/2011,0,0,27.8(1.09 %),0,0,0,0,552896,12.64
07/04/2011,0,0,27.7(0.00 %),0,0,0,0,552896,12.64
08/04/2011,0,0,28.3(1.80 %),0,0,0,0,552896,12.64
13/04/2011,0,0,27(-4.26 %),0,0,0,0,552896,12.64
14/04/2011,0,0,27.2(0.74 %),0,0,0,0,552896,12.64
15/04/2011,0,0,27.2(0.00 %),0,0,0,0,552896,12.64
18/04/2011,0,0,27(-0.74 %),0,0,0,0,552896,12.64
19/04/2011,0,0,27(0.00 %),0,0,0,0,552896,12.64
20/04/2011,2800,75600000,27.1(0.37 %),2800,75600000,0,0,550096,12.83
21/04/2011,0,0,27(0.00 %),0,0,0,0,550096,12.83
22/04/2011,0,0,26(-3.70 %),0,0,0,0,550096,12.83
25/04/2011,0,0,26.9(1.51 %),0,0,0,0,550096,12.83
26/04/2011,0,0,26.3(-2.23 %),0,0,0,0,550096,12.83
27/04/2011,0,0,26(-1.14 %),0,0,0,0,550096,12.83
28/04/2011,0,0,26(0.00 %),0,0,0,0,550096,12.83
29/04/2011,0,0,25.9(-0.38 %),0,0,0,0,550096,12.83
04/05/2011,0,0,25.9(0.00 %),0,0,0,0,550096,12.83
05/05/2011,0,0,25.8(-0.39 %),0,0,0,0,550096,12.83
06/05/2011,0,0,25.8(0.00 %),0,0,0,0,550096,12.83
09/05/2011,0,0,25.8(0.00 %),0,0,0,0,550096,12.83
10/05/2011,0,0,26(0.78 %),0,0,0,0,550096,12.83
11/05/2011,0,0,26(0.00 %),0,0,0,0,550096,12.83
12/05/2011,0,0,27(3.05 %),0,0,0,0,550096,12.83
13/05/2011,0,0,27(0.00 %),0,0,0,0,550096,12.83
16/05/2011,0,0,27(0.00 %),0,0,0,0,550096,12.83
17/05/2011,0,0,27(0.00 %),0,0,0,0,550096,12.83
18/05/2011,0,0,25.2(-6.67 %),0,0,0,0,550096,12.83
19/05/2011,0,0,25(-0.79 %),0,0,0,0,550096,12.83
20/05/2011,0,0,25.2(0.80 %),0,0,0,0,550096,12.83
23/05/2011,0,0,23.8(-5.56 %),0,0,0,0,550096,12.83
24/05/2011,0,0,22.9(-3.78 %),0,0,0,0,550096,12.83
25/05/2011,0,0,21.4(-6.96 %),0,0,0,0,550096,12.83
26/05/2011,0,0,21(-2.33 %),0,0,0,0,550096,12.83
27/05/2011,0,0,21(5.00 %),0,0,0,0,550096,12.83
30/05/2011,0,0,21(0.00 %),0,0,0,0,550096,12.83
31/05/2011,0,0,21.3(1.43 %),0,0,0,0,550096,12.83
01/06/2011,0,0,22.6(6.60 %),0,0,0,0,550096,12.83
02/06/2011,0,0,24(6.67 %),0,0,0,0,550096,12.83
03/06/2011,0,0,25.5(6.25 %),0,0,0,0,550096,12.83
06/06/2011,2400,56400000,23.5(-6.75 %),2400,56400000,0,0,547696,12.99
07/06/2011,0,0,24(2.13 %),0,0,0,0,547696,12.99
08/06/2011,0,0,23.7(0.00 %),0,0,0,0,547696,12.99
09/06/2011,1000,23980000,23.9(0.84 %),1000,23980000,0,0,546696,13.05
10/06/2011,0,0,24.2(1.26 %),0,0,0,0,546696,13.05
13/06/2011,0,0,24.2(0.00 %),0,0,0,0,546696,13.05
14/06/2011,0,0,24.2(0.00 %),0,0,0,0,546696,13.05
15/06/2011,0,0,23(-4.96 %),0,0,0,0,546696,13.05
16/06/2011,0,0,23.3(0.00 %),0,0,0,0,546696,13.05
17/06/2011,0,0,23.3(0.00 %),0,0,0,0,546696,13.05
20/06/2011,0,0,23.3(0.00 %),0,0,0,0,546696,13.05
21/06/2011,0,0,24(3.00 %),0,0,0,0,546696,13.05
22/06/2011,0,0,24(0.00 %),0,0,0,0,546696,13.05
23/06/2011,0,0,24(0.00 %),0,0,0,0,546696,13.05
24/06/2011,0,0,23.9(-0.42 %),0,0,0,0,546696,13.05
27/06/2011,5000,116500000,23.3(-1.27 %),5000,116500000,0,0,541696,13.38
28/06/2011,2500,58250000,23.5(0.86 %),2500,58250000,0,0,539196,13.54
29/06/2011,2500,58250000,23.4(0.00 %),2500,58250000,0,0,536696,13.71
30/06/2011,200,4660000,23.4(0.00 %),200,4660000,0,0,536496,13.72
01/07/2011,0,0,22(-5.98 %),0,0,0,0,536496,13.72
04/07/2011,900,20700000,23(4.55 %),900,20700000,0,0,535596,13.78
05/07/2011,2000,46400000,23.4(1.74 %),2000,46400000,0,0,533596,13.91
06/07/2011,0,0,23.3(0.00 %),0,0,0,0,533596,13.91
07/07/2011,1500,35760000,23.5(0.86 %),1500,35760000,0,0,532096,14.01
08/07/2011,0,0,24.9(5.06 %),0,0,0,0,532096,14.01
11/07/2011,0,0,24.5(-1.61 %),0,0,0,0,532096,14.01
12/07/2011,0,0,24.5(0.00 %),0,0,0,0,532096,14.01
13/07/2011,0,0,24.5(0.00 %),0,0,0,0,532096,14.01
14/07/2011,0,0,24.5(0.00 %),0,0,0,0,532096,14.01
15/07/2011,0,0,23.4(-4.49 %),0,0,0,0,532096,14.01
18/07/2011,2200,51260000,24.2(2.54 %),2200,51260000,0,0,529896,14.16
19/07/2011,0,0,23.5(0.43 %),0,0,0,0,529896,14.16
20/07/2011,0,0,23.5(0.00 %),0,0,0,0,529896,14.16
21/07/2011,0,0,23.5(0.00 %),0,0,0,0,529896,14.16
22/07/2011,0,0,24(2.13 %),0,0,0,0,529896,14.16
25/07/2011,0,0,24(0.00 %),0,0,0,0,529896,14.16
26/07/2011,500,11650000,23.3(-2.92 %),500,11650000,0,0,529396,14.19
27/07/2011,0,0,23.8(0.00 %),0,0,0,0,529396,14.19
28/07/2011,0,0,23.8(0.00 %),0,0,0,0,529396,14.19
29/07/2011,0,0,23.8(0.00 %),0,0,0,0,529396,14.19
01/08/2011,500,11650000,23.3(-2.10 %),500,11650000,0,0,528896,14.22
02/08/2011,3600,83950000,23.4(0.43 %),3600,83950000,0,0,525296,14.46
03/08/2011,1000,23360000,23.4(0.43 %),1000,23360000,0,0,524296,14.52
04/08/2011,0,0,23.4(0.00 %),0,0,0,0,524296,14.52
05/08/2011,0,0,24(2.56 %),0,0,0,0,524296,14.52
08/08/2011,0,0,24(0.00 %),0,0,0,0,524296,14.52
09/08/2011,400,9320000,23.3(-2.92 %),400,9320000,0,0,523896,14.55
10/08/2011,0,0,23.4(0.00 %),0,0,0,0,523896,14.55
11/08/2011,0,0,23.4(0.00 %),0,0,0,0,523896,14.55
12/08/2011,3700,86880000,23.5(0.43 %),3700,86880000,0,0,520196,14.79
15/08/2011,4300,101740000,23.8(1.28 %),4300,101740000,0,0,515896,15.08
16/08/2011,0,0,24.6(4.24 %),0,0,0,0,515896,15.08
17/08/2011,300,7380000,24.6(0.00 %),300,7380000,0,0,515596,15.1
18/08/2011,0,0,24.5(-0.41 %),0,0,0,0,515596,15.1
19/08/2011,0,0,24.7(0.82 %),0,0,0,0,515596,15.1
22/08/2011,0,0,24.6(-0.40 %),0,0,0,0,515596,15.1
23/08/2011,100,2580000,25.8(4.88 %),100,2580000,0,0,515496,15.1
24/08/2011,0,0,25(-3.10 %),0,0,0,0,515496,15.1
25/08/2011,0,0,25.3(0.00 %),0,0,0,0,515496,15.1
26/08/2011,0,0,25(-1.19 %),0,0,0,0,515496,15.1
29/08/2011,0,0,26(2.77 %),0,0,0,0,515496,15.1
30/08/2011,0,0,25.7(0.00 %),0,0,0,0,515496,15.1
31/08/2011,0,0,25.8(0.39 %),0,0,0,0,515496,15.1
01/09/2011,0,0,26(0.78 %),0,0,0,0,515508,15.1
05/09/2011,0,0,26(0.00 %),0,0,0,0,515508,15.1
06/09/2011,1000,26200000,26(0.00 %),1000,26200000,0,0,514508,15.17
07/09/2011,800,21200000,26.6(1.14 %),800,21200000,0,0,513708,15.22
08/09/2011,0,0,27.3(3.02 %),0,0,0,0,513708,15.22
09/09/2011,0,0,27.6(1.10 %),0,0,0,0,513708,15.22
12/09/2011,0,0,27.7(0.36 %),0,0,0,0,513708,15.22
13/09/2011,0,0,26.4(0.76 %),0,0,0,0,513708,15.22
14/09/2011,0,0,25.1(-4.56 %),0,0,0,0,513708,15.22
15/09/2011,0,0,25(-4.21 %),0,0,0,0,513708,15.22
16/09/2011,0,0,25.4(1.20 %),0,0,0,0,513708,15.22
19/09/2011,0,0,25.5(0.00 %),0,0,0,0,513708,15.22
20/09/2011,0,0,25.3(-0.78 %),0,0,0,0,513708,15.22
21/09/2011,700,18200000,26(2.36 %),700,18200000,0,0,513008,15.27
22/09/2011,0,0,26.1(0.38 %),0,0,0,0,513008,15.27
23/09/2011,0,0,25.5(-2.30 %),0,0,0,0,513008,15.27
26/09/2011,0,0,25(-1.96 %),0,0,0,0,513008,15.27
27/09/2011,0,0,25.9(3.60 %),0,0,0,0,513008,15.27
28/09/2011,500,13000000,26(0.39 %),500,13000000,0,0,512508,15.3
29/09/2011,2000,52000000,26(0.00 %),2000,52000000,0,0,510508,15.43
30/09/2011,0,0,26(0.00 %),0,0,0,0,510508,15.43
03/10/2011,-500,-12350000,26.4(1.54 %),0,0,500,12350000,510508,15.43
04/10/2011,500,12500000,25(-0.79 %),500,12500000,0,0,510008,15.46
05/10/2011,0,0,24.5(-2.00 %),0,0,0,0,510008,15.46
06/10/2011,0,0,24.5(0.00 %),0,0,0,0,510008,15.46
07/10/2011,0,0,26(6.12 %),0,0,0,0,510008,15.46
10/10/2011,0,0,25.8(0.00 %),0,0,0,0,510008,15.46
11/10/2011,0,0,25.7(-0.39 %),0,0,0,0,510008,15.46
12/10/2011,0,0,25.7(0.00 %),0,0,0,0,510008,15.46
13/10/2011,0,0,24.2(-5.84 %),0,0,0,0,510008,15.46
14/10/2011,0,0,23.9(-1.24 %),0,0,0,0,510008,15.46
17/10/2011,0,0,25(0.40 %),0,0,0,0,510008,15.46
18/10/2011,0,0,25(0.00 %),0,0,0,0,510008,15.46
19/10/2011,0,0,25(0.00 %),0,0,0,0,510008,15.46
20/10/2011,0,0,25.5(4.94 %),0,0,0,0,510008,15.46
21/10/2011,0,0,25.5(0.00 %),0,0,0,0,510008,15.46
24/10/2011,0,0,25.5(0.00 %),0,0,0,0,510008,15.46
25/10/2011,0,0,25.5(0.00 %),0,0,0,0,510008,15.46
26/10/2011,0,0,25.5(0.00 %),0,0,0,0,510008,15.46
27/10/2011,0,0,25.5(0.00 %),0,0,0,0,510008,15.46
28/10/2011,0,0,25.7(0.78 %),0,0,0,0,510008,15.46
31/10/2011,0,0,25.7(0.39 %),0,0,0,0,510008,15.46
01/11/2011,0,0,25.6(0.00 %),0,0,0,0,510508,15.43
02/11/2011,0,0,25.6(0.00 %),0,0,0,0,510508,15.43
03/11/2011,0,0,25.6(0.00 %),0,0,0,0,510508,15.43
04/11/2011,0,0,25.6(0.00 %),0,0,0,0,510508,15.43
07/11/2011,0,0,25.5(-0.39 %),0,0,0,0,510508,15.43
08/11/2011,0,0,25.4(0.00 %),0,0,0,0,510508,15.43
09/11/2011,0,0,25.3(-0.39 %),0,0,0,0,510508,15.43
10/11/2011,0,0,25.3(0.00 %),0,0,0,0,510508,15.43
11/11/2011,0,0,25.4(0.40 %),0,0,0,0,510508,15.43
14/11/2011,0,0,25.4(0.00 %),0,0,0,0,510508,15.43
15/11/2011,0,0,25.3(0.00 %),0,0,0,0,510508,15.43
16/11/2011,0,0,25.5(0.79 %),0,0,0,0,510508,15.43
17/11/2011,0,0,25.5(0.00 %),0,0,0,0,510508,15.43
18/11/2011,-4000,-102000000,25.5(0.00 %),0,0,4000,102000000,514508,15.17
21/11/2011,0,0,25.5(0.00 %),0,0,0,0,514508,15.17
22/11/2011,0,0,25.5(0.00 %),0,0,0,0,514508,15.17
23/11/2011,0,0,25.5(0.00 %),1000,25500000,1000,25500000,514508,15.17
24/11/2011,0,0,25(-2.34 %),0,0,0,0,514508,15.17
25/11/2011,0,0,25(0.00 %),0,0,0,0,514508,15.17
28/11/2011,0,0,25.3(1.20 %),0,0,0,0,514508,15.17
29/11/2011,0,0,25.4(0.00 %),0,0,0,0,514508,15.17
30/11/2011,0,0,25(-1.57 %),0,0,0,0,514508,15.17
01/12/2011,0,0,25(0.00 %),0,0,0,0,514508,15.17
02/12/2011,0,0,25(0.00 %),0,0,0,0,514508,15.17
05/12/2011,200,5060000,25.3(0.80 %),200,5060000,0,0,514308,15.18
06/12/2011,0,0,25.6(1.19 %),0,0,0,0,514308,15.18
07/12/2011,0,0,25.9(1.17 %),0,0,0,0,514308,15.18
08/12/2011,0,0,26(0.78 %),0,0,0,0,514308,15.18
09/12/2011,0,0,26.1(0.38 %),0,0,0,0,514308,15.18
12/12/2011,0,0,26.1(0.00 %),0,0,0,0,514308,15.18
13/12/2011,200,5240000,26.2(0.38 %),200,5240000,0,0,514108,15.19
14/12/2011,0,0,26(-0.38 %),0,0,0,0,514108,15.19
15/12/2011,0,0,26(0.00 %),0,0,0,0,514108,15.19
16/12/2011,0,0,26(0.00 %),0,0,0,0,514108,15.19
19/12/2011,0,0,26(0.00 %),0,0,0,0,514108,15.19
20/12/2011,0,0,26(0.00 %),0,0,0,0,514108,15.19
21/12/2011,1400,35700000,25.5(-1.92 %),1400,35700000,0,0,512708,15.29
22/12/2011,0,0,25.5(0.00 %),0,0,0,0,512708,15.29
23/12/2011,0,0,25.5(0.00 %),0,0,0,0,512708,15.29
26/12/2011,0,0,25(-1.96 %),0,0,0,0,512708,15.29
27/12/2011,0,0,24.5(-2.00 %),0,0,0,0,512708,15.29
28/12/2011,0,0,25(2.04 %),0,0,0,0,512708,15.29
29/12/2011,0,0,25(0.00 %),0,0,0,0,512708,15.29
30/12/2011,0,0,25(0.00 %),0,0,0,0,512708,15.29
03/01/2012,0,0,25(0.00 %),0,0,0,0,512708,15.29
04/01/2012,0,0,25(0.00 %),0,0,0,0,512708,15.29
05/01/2012,0,0,25(0.00 %),0,0,0,0,512708,15.29
06/01/2012,-1000,-24980000,25(0.00 %),0,0,1000,24980000,513708,15.22
09/01/2012,0,0,24.5(-2.00 %),0,0,0,0,513708,15.22
10/01/2012,0,0,24.5(0.00 %),0,0,0,0,513708,15.22
11/01/2012,0,0,24.5(0.00 %),0,0,0,0,513708,15.22
12/01/2012,0,0,24.5(0.00 %),0,0,0,0,513708,15.22
13/01/2012,0,0,24.5(0.00 %),0,0,0,0,513708,15.22
16/01/2012,0,0,24.5(0.00 %),0,0,0,0,513708,15.22
17/01/2012,0,0,25.5(4.08 %),0,0,0,0,513708,15.22
18/01/2012,0,0,25.5(0.00 %),0,0,0,0,513708,15.22
19/01/2012,0,0,25.7(0.00 %),0,0,0,0,513708,15.22
20/01/2012,0,0,27.3(6.23 %),0,0,0,0,513708,15.22
30/01/2012,0,0,27.3(0.00 %),0,0,0,0,513708,15.22
31/01/2012,0,0,27.3(0.00 %),0,0,0,0,513708,15.22
01/02/2012,0,0,27.3(0.00 %),0,0,0,0,513708,15.22
02/02/2012,0,0,27.5(0.73 %),0,0,0,0,513708,15.22
03/02/2012,0,0,26(-5.45 %),0,0,0,0,513708,15.22
06/02/2012,0,0,26(0.00 %),0,0,0,0,513708,15.22
07/02/2012,0,0,26(0.00 %),0,0,0,0,513708,15.22
08/02/2012,300,8100000,27(3.85 %),300,8100000,0,0,513408,15.24
09/02/2012,0,0,27(0.00 %),0,0,0,0,513408,15.24
10/02/2012,0,0,27(0.00 %),0,0,0,0,513408,15.24
13/02/2012,0,0,25.5(-5.56 %),0,0,0,0,513408,15.24
14/02/2012,0,0,25.2(-2.33 %),0,0,0,0,513408,15.24
15/02/2012,0,0,23.9(-5.16 %),0,0,0,0,513408,15.24
16/02/2012,-18100,-430180000,23.8(-0.42 %),0,0,18100,430180000,531508,14.05
17/02/2012,-1900,-45220000,23.8(0.00 %),0,0,1900,45220000,533408,13.93
20/02/2012,0,0,24.7(3.78 %),0,0,0,0,533408,13.93
21/02/2012,0,0,24.9(6.87 %),0,0,0,0,533408,13.93
22/02/2012,0,0,26.6(6.83 %),0,0,0,0,533408,13.93
23/02/2012,0,0,27.9(4.89 %),0,0,0,0,533408,13.93
24/02/2012,0,0,26(-6.81 %),0,0,0,0,533408,13.93
27/02/2012,0,0,27(3.85 %),0,0,0,0,533408,13.93
28/02/2012,0,0,26.5(-1.85 %),0,0,0,0,533408,13.93
29/02/2012,0,0,26.5(0.00 %),0,0,0,0,533408,13.93
01/03/2012,0,0,26.5(0.00 %),0,0,0,0,533408,13.93
02/03/2012,0,0,24.7(-6.79 %),0,0,0,0,533408,13.93
05/03/2012,0,0,26.5(6.85 %),0,0,0,0,533408,13.93
06/03/2012,100,2550000,25.5(-1.92 %),100,2550000,0,0,533308,13.93
07/03/2012,0,0,26.2(2.34 %),0,0,0,0,533308,13.93
08/03/2012,0,0,25.8(-1.53 %),0,0,0,0,533308,13.93
09/03/2012,0,0,25.9(0.00 %),0,0,0,0,533308,13.93
12/03/2012,0,0,25.9(0.00 %),0,0,0,0,533308,13.93
13/03/2012,0,0,25.9(0.00 %),0,0,0,0,533308,13.93
14/03/2012,0,0,26.5(2.32 %),0,0,0,0,533308,13.93
15/03/2012,0,0,26.7(1.91 %),0,0,0,0,533308,13.93
16/03/2012,0,0,26.7(0.00 %),0,0,0,0,533308,13.93
19/03/2012,0,0,26.7(0.00 %),0,0,0,0,533308,13.93
20/03/2012,0,0,26.7(0.00 %),0,0,0,0,533308,13.93
21/03/2012,0,0,28(4.87 %),0,0,0,0,533308,13.93
22/03/2012,0,0,28(0.00 %),0,0,0,0,533308,13.93
23/03/2012,0,0,28(0.00 %),0,0,0,0,533308,13.93
26/03/2012,0,0,28(0.00 %),0,0,0,0,533308,13.93
27/03/2012,0,0,28(0.00 %),0,0,0,0,533308,13.93
28/03/2012,0,0,28(0.00 %),0,0,0,0,533308,13.93
29/03/2012,1000,27000000,26.2(-6.43 %),1000,27000000,0,0,532308,14.0
30/03/2012,0,0,25.5(-2.67 %),0,0,0,0,532308,14.0
03/04/2012,0,0,25.5(0.00 %),0,0,0,0,532308,14.0
04/04/2012,100,2550000,26(1.96 %),100,2550000,0,0,532208,14.0
05/04/2012,0,0,27.8(6.92 %),0,0,0,0,532208,14.0
06/04/2012,1700,45980000,27.8(0.00 %),1700,45980000,0,0,530508,14.12
09/04/2012,0,0,27(-2.88 %),0,0,0,0,530508,14.12
10/04/2012,0,0,27.8(2.96 %),0,0,0,0,530508,14.12
11/04/2012,900,24390000,28.1(1.08 %),900,24390000,0,0,529608,14.18
12/04/2012,0,0,27.9(-0.71 %),0,0,0,0,529608,14.18
13/04/2012,1000,28000000,28.3(1.43 %),1000,28000000,0,0,528608,14.24
16/04/2012,1000,25700000,25.8(0.39 %),1000,25700000,0,0,527608,14.31
17/04/2012,0,0,26.4(2.33 %),0,0,0,0,527608,14.31
18/04/2012,800,20080000,25.1(-4.92 %),800,20080000,0,0,526808,14.36
19/04/2012,0,0,25.1(0.00 %),0,0,0,0,526808,14.36
20/04/2012,0,0,24.8(-1.20 %),0,0,0,0,526808,14.36
23/04/2012,1800,44460000,24.8(0.00 %),1800,44460000,0,0,525008,14.48
24/04/2012,0,0,25(0.81 %),0,0,0,0,525008,14.48
25/04/2012,600,15000000,25(0.00 %),600,15000000,0,0,524408,14.52
26/04/2012,0,0,24.9(-0.40 %),0,0,0,0,524408,14.52
27/04/2012,1600,39840000,25(0.40 %),1900,47310000,300,7470000,522808,14.62
02/05/2012,0,0,25(0.00 %),0,0,0,0,522508,14.64
03/05/2012,0,0,24.9(-0.40 %),0,0,0,0,522508,14.64
04/05/2012,0,0,25(0.40 %),0,0,0,0,522508,14.64
07/05/2012,-400,-10070000,25.7(2.80 %),0,0,400,10070000,522908,14.62
08/05/2012,0,0,25.4(0.00 %),0,0,0,0,522908,14.62
09/05/2012,0,0,25(-1.57 %),0,0,0,0,522908,14.62
10/05/2012,0,0,24.5(-2.00 %),0,0,0,0,522908,14.62
11/05/2012,100,2430000,24.3(-0.82 %),100,2430000,0,0,522808,14.62
14/05/2012,1300,31200000,23.9(-1.65 %),1300,31200000,0,0,521508,14.71
15/05/2012,1000,23500000,23.5(-1.67 %),1000,23500000,0,0,520508,14.77
16/05/2012,0,0,23(-2.13 %),0,0,0,0,520508,14.77
17/05/2012,800,18560000,23.2(0.87 %),800,18560000,0,0,519708,14.83
18/05/2012,0,0,23.2(0.00 %),0,0,0,0,519708,14.83
21/05/2012,500,12400000,24.8(6.90 %),500,12400000,0,0,519208,14.86
22/05/2012,500,12690000,25.5(2.82 %),500,12690000,0,0,518708,14.89
23/05/2012,0,0,23.8(-6.67 %),0,0,0,0,518708,14.89
24/05/2012,0,0,23.8(0.00 %),0,0,0,0,518708,14.89
25/05/2012,0,0,23.8(0.00 %),0,0,0,0,518708,14.89
28/05/2012,0,0,23.8(0.00 %),0,0,0,0,518708,14.89
29/05/2012,400,9200000,23(-3.36 %),400,9200000,0,0,518308,14.92
30/05/2012,0,0,23(0.00 %),0,0,0,0,518308,14.92
31/05/2012,0,0,23(0.00 %),0,0,0,0,518308,14.92
01/06/2012,0,0,23(0.00 %),0,0,0,0,518608,14.9
04/06/2012,0,0,23(0.00 %),0,0,0,0,518608,14.9
05/06/2012,0,0,23(0.00 %),0,0,0,0,518608,14.9
06/06/2012,400,9400000,23.4(1.74 %),400,9400000,0,0,518208,14.92
07/06/2012,0,0,23.4(0.00 %),0,0,0,0,518208,14.92
08/06/2012,0,0,23.5(0.43 %),0,0,0,0,518208,14.92
11/06/2012,0,0,23.5(0.00 %),0,0,0,0,518208,14.92
12/06/2012,0,0,23.5(0.00 %),0,0,0,0,518208,14.92
13/06/2012,0,0,23.5(0.00 %),0,0,0,0,518208,14.92
14/06/2012,0,0,23.5(0.00 %),0,0,0,0,518208,14.92
15/06/2012,0,0,23.5(0.00 %),0,0,0,0,518208,14.92
18/06/2012,0,0,23.5(0.00 %),0,0,0,0,518208,14.92
19/06/2012,0,0,23.5(0.00 %),0,0,0,0,518208,14.92
20/06/2012,0,0,23.5(0.00 %),0,0,0,0,518208,14.92
21/06/2012,0,0,23.5(0.00 %),0,0,0,0,518208,14.92
22/06/2012,0,0,23.5(0.00 %),0,0,0,0,518208,14.92
25/06/2012,0,0,23.5(0.00 %),0,0,0,0,518208,14.92
26/06/2012,0,0,23(-2.13 %),0,0,0,0,518208,14.92
27/06/2012,0,0,23.1(0.43 %),0,0,0,0,518208,14.92
28/06/2012,0,0,23(-0.43 %),0,0,0,0,518208,14.92
29/06/2012,0,0,23(0.00 %),0,0,0,0,518208,14.92
02/07/2012,0,0,21.4(-6.96 %),0,0,0,0,518208,14.92
03/07/2012,0,0,20.1(-6.07 %),0,0,0,0,518208,14.92
04/07/2012,0,0,20.1(0.00 %),0,0,0,0,518208,14.92
05/07/2012,0,0,21.5(6.97 %),0,0,0,0,518208,14.92
06/07/2012,0,0,21.5(0.00 %),0,0,0,0,518208,14.92
09/07/2012,0,0,21.5(0.00 %),0,0,0,0,518208,14.92
10/07/2012,0,0,23(6.98 %),0,0,0,0,518208,14.92
11/07/2012,0,0,23(0.00 %),0,0,0,0,518208,14.92
12/07/2012,100,2460000,22.2(-3.48 %),100,2460000,0,0,518108,14.93
13/07/2012,0,0,22.2(0.00 %),0,0,0,0,518108,14.93
16/07/2012,0,0,22.2(0.00 %),0,0,0,0,518108,14.93
17/07/2012,0,0,23.7(6.76 %),0,0,0,0,518108,14.93
18/07/2012,0,0,24.5(3.38 %),0,0,0,0,518108,14.93
19/07/2012,0,0,22.8(-6.94 %),0,0,0,0,518108,14.93
20/07/2012,0,0,22.5(-1.32 %),0,0,0,0,518108,14.93
23/07/2012,0,0,22.1(-1.78 %),0,0,0,0,518108,14.93
24/07/2012,0,0,23.6(6.79 %),0,0,0,0,518108,14.93
25/07/2012,0,0,24.2(2.54 %),0,0,0,0,518108,14.93
26/07/2012,0,0,24.1(-0.41 %),0,0,0,0,518108,14.93
27/07/2012,0,0,23.9(-0.83 %),0,0,0,0,518108,14.93
30/07/2012,0,0,23.9(0.00 %),0,0,0,0,518108,14.93
31/07/2012,0,0,22.5(-5.86 %),0,0,0,0,518108,14.93
01/08/2012,-100,-2380000,24(6.67 %),0,0,100,2380000,518108,14.93
02/08/2012,0,0,22.4(-6.67 %),0,0,0,0,518108,14.93
03/08/2012,0,0,23.9(6.70 %),0,0,0,0,518108,14.93
06/08/2012,0,0,25.3(5.86 %),0,0,0,0,518108,14.93
07/08/2012,-100,-2490000,24.9(0.40 %),0,0,100,2490000,518208,14.92
08/08/2012,0,0,23.2(-6.83 %),0,0,0,0,518208,14.92
09/08/2012,0,0,24.8(6.90 %),0,0,0,0,518208,14.92
10/08/2012,0,0,25.4(2.42 %),0,0,0,0,518208,14.92
13/08/2012,0,0,25.1(-0.40 %),0,0,0,0,518208,14.92
14/08/2012,0,0,24(-4.38 %),0,0,0,0,518208,14.92
15/08/2012,0,0,25(4.17 %),0,0,0,0,518208,14.92
16/08/2012,0,0,25(0.00 %),0,0,0,0,518208,14.92
17/08/2012,0,0,24.2(-3.20 %),0,0,0,0,518208,14.92
20/08/2012,0,0,23(-4.96 %),0,0,0,0,518208,14.92
21/08/2012,0,0,23(0.00 %),0,0,0,0,518208,14.92
22/08/2012,0,0,23(0.00 %),0,0,0,0,518208,14.92
23/08/2012,0,0,22(-4.35 %),0,0,0,0,518208,14.92
24/08/2012,0,0,21.4(-2.73 %),0,0,0,0,518208,14.92
27/08/2012,0,0,21.4(0.00 %),0,0,0,0,518208,14.92
28/08/2012,0,0,21.4(0.00 %),0,0,0,0,518208,14.92
29/08/2012,0,0,21.4(0.00 %),0,0,0,0,518208,14.92
30/08/2012,0,0,21(-1.87 %),0,0,0,0,518208,14.92
31/08/2012,0,0,21.5(2.38 %),0,0,0,0,518208,14.92
04/09/2012,0,0,21.5(0.00 %),0,0,0,0,518308,14.92
05/09/2012,0,0,21(-2.33 %),0,0,0,0,518308,14.92
06/09/2012,0,0,20.5(-2.38 %),0,0,0,0,518308,14.92
07/09/2012,0,0,21(2.44 %),0,0,0,0,518308,14.92
10/09/2012,0,0,20(-4.76 %),0,0,0,0,518308,14.92
11/09/2012,0,0,20(0.00 %),0,0,0,0,518308,14.92
12/09/2012,0,0,20(0.00 %),0,0,0,0,518308,14.92
13/09/2012,0,0,20(0.00 %),0,0,0,0,518308,14.92
14/09/2012,0,0,20(0.00 %),0,0,0,0,518308,14.92
17/09/2012,0,0,20(0.00 %),0,0,0,0,518308,14.92
18/09/2012,0,0,20(0.00 %),0,0,0,0,518308,14.92
19/09/2012,0,0,20(0.00 %),0,0,0,0,518308,14.92
20/09/2012,0,0,19.2(-4.00 %),0,0,0,0,518308,14.92
21/09/2012,0,0,19.2(0.00 %),0,0,0,0,518308,14.92
24/09/2012,0,0,18(-6.25 %),0,0,0,0,518308,14.92
25/09/2012,0,0,18(0.00 %),0,0,0,0,518308,14.92
26/09/2012,0,0,19.2(6.67 %),0,0,0,0,518308,14.92
27/09/2012,0,0,19(-1.04 %),0,0,0,0,518308,14.92
28/09/2012,600,10740000,18.2(-4.21 %),600,10740000,0,0,517708,14.96
01/10/2012,0,0,19.4(6.59 %),0,0,0,0,517708,14.96
02/10/2012,0,0,18.6(-4.12 %),0,0,0,0,517708,14.96
03/10/2012,0,0,19(2.15 %),0,0,0,0,517708,14.96
04/10/2012,0,0,19(0.00 %),0,0,0,0,517708,14.96
05/10/2012,0,0,18(-5.26 %),0,0,0,0,517708,14.96
08/10/2012,0,0,19(5.56 %),0,0,0,0,517708,14.96
09/10/2012,0,0,18(-5.26 %),0,0,0,0,517708,14.96
10/10/2012,0,0,19.2(6.67 %),0,0,0,0,517708,14.96
11/10/2012,0,0,19.1(0.00 %),0,0,0,0,517708,14.96
12/10/2012,0,0,19.1(0.00 %),0,0,0,0,517708,14.96
15/10/2012,0,0,19.1(0.00 %),0,0,0,0,517708,14.96
16/10/2012,0,0,17.8(-6.81 %),0,0,0,0,517708,14.96
17/10/2012,0,0,17.8(0.00 %),0,0,0,0,517708,14.96
18/10/2012,0,0,18(1.12 %),0,0,0,0,517708,14.96
19/10/2012,0,0,18(0.00 %),0,0,0,0,517708,14.96
22/10/2012,0,0,18(0.00 %),0,0,0,0,517708,14.96
23/10/2012,0,0,18(0.00 %),0,0,0,0,517708,14.96
24/10/2012,0,0,18(0.00 %),0,0,0,0,517708,14.96
25/10/2012,0,0,18(0.00 %),0,0,0,0,517708,14.96
26/10/2012,0,0,18.5(2.78 %),0,0,0,0,517708,14.96
29/10/2012,0,0,18(-2.70 %),0,0,0,0,517708,14.96
30/10/2012,0,0,18(0.00 %),0,0,0,0,517708,14.96
31/10/2012,0,0,18(0.00 %),0,0,0,0,517708,14.96
01/11/2012,0,0,18(0.00 %),0,0,0,0,517708,14.96
02/11/2012,0,0,19.2(6.67 %),0,0,0,0,517708,14.96
05/11/2012,0,0,19.2(0.00 %),0,0,0,0,517708,14.96
06/11/2012,0,0,19.2(0.00 %),0,0,0,0,517708,14.96
07/11/2012,0,0,19.2(0.00 %),0,0,0,0,517708,14.96
08/11/2012,0,0,19.2(0.00 %),0,0,0,0,517708,14.96
09/11/2012,0,0,19.2(0.00 %),0,0,0,0,517708,14.96
12/11/2012,0,0,19.2(0.00 %),0,0,0,0,517708,14.96
13/11/2012,0,0,18.5(-3.65 %),0,0,0,0,517708,14.96
14/11/2012,0,0,18.5(0.00 %),0,0,0,0,517708,14.96
15/11/2012,0,0,18.5(0.00 %),0,0,0,0,517708,14.96
16/11/2012,0,0,18.5(0.00 %),0,0,0,0,517708,14.96
19/11/2012,0,0,18.5(0.00 %),0,0,0,0,517708,14.96
20/11/2012,0,0,18.5(0.00 %),0,0,0,0,517708,14.96
21/11/2012,0,0,18.5(0.00 %),0,0,0,0,517708,14.96
22/11/2012,0,0,18.5(0.00 %),0,0,0,0,517708,14.96
23/11/2012,0,0,18.5(0.00 %),0,0,0,0,517708,14.96
26/11/2012,0,0,18.5(0.00 %),0,0,0,0,517708,14.96
27/11/2012,0,0,18.6(0.54 %),0,0,0,0,517708,14.96
28/11/2012,0,0,18.6(0.00 %),0,0,0,0,517708,14.96
29/11/2012,0,0,18.6(0.00 %),0,0,0,0,517708,14.96
30/11/2012,0,0,18.6(0.00 %),0,0,0,0,517708,14.96
03/12/2012,100,1900000,19(2.15 %),100,1900000,0,0,517608,14.96
04/12/2012,0,0,19(0.00 %),0,0,0,0,517608,14.96
05/12/2012,0,0,19(0.00 %),0,0,0,0,517608,14.96
06/12/2012,0,0,19(0.00 %),0,0,0,0,517608,14.96
07/12/2012,0,0,19(0.00 %),0,0,0,0,517608,14.96
10/12/2012,0,0,19(0.00 %),0,0,0,0,517608,14.96
11/12/2012,0,0,19(0.00 %),0,0,0,0,517608,14.96
12/12/2012,0,0,19(0.00 %),0,0,0,0,517608,14.96
13/12/2012,0,0,19(0.00 %),0,0,0,0,517608,14.96
14/12/2012,0,0,19(0.00 %),0,0,0,0,517608,14.96
17/12/2012,0,0,19(0.00 %),0,0,0,0,517608,14.96
18/12/2012,0,0,19(0.00 %),0,0,0,0,517608,14.96
19/12/2012,0,0,19(0.00 %),0,0,0,0,517608,14.96
20/12/2012,0,0,19(0.00 %),0,0,0,0,517608,14.96
21/12/2012,0,0,19(0.00 %),0,0,0,0,517608,14.96
24/12/2012,0,0,19(0.00 %),0,0,0,0,517608,14.96
25/12/2012,0,0,19(0.00 %),0,0,0,0,517608,14.96
26/12/2012,0,0,19(0.00 %),0,0,0,0,517608,14.96
27/12/2012,0,0,19(0.00 %),0,0,0,0,517608,14.96
28/12/2012,0,0,19(0.00 %),0,0,0,0,517608,14.96
02/01/2013,0,0,19(0.00 %),0,0,0,0,517608,14.96
03/01/2013,0,0,19(0.00 %),0,0,0,0,517608,14.96
04/01/2013,0,0,19(0.00 %),0,0,0,0,517608,14.96
07/01/2013,0,0,19(0.00 %),0,0,0,0,517608,14.96
08/01/2013,0,0,19(0.00 %),0,0,0,0,517608,14.96
09/01/2013,0,0,19(0.00 %),0,0,0,0,517608,14.96
10/01/2013,0,0,19(0.00 %),0,0,0,0,517608,14.96
11/01/2013,0,0,19(0.00 %),0,0,0,0,517608,14.96
14/01/2013,0,0,19(0.00 %),0,0,0,0,517608,14.96
15/01/2013,0,0,17.1(-10.00 %),0,0,0,0,517608,14.96
16/01/2013,0,0,16(-6.43 %),0,0,0,0,517608,14.96
17/01/2013,0,0,15.1(-5.62 %),0,0,0,0,517608,14.96
18/01/2013,0,0,15.1(0.00 %),0,0,0,0,517608,14.96
21/01/2013,0,0,15.1(0.00 %),0,0,0,0,517608,14.96
22/01/2013,0,0,15.2(0.66 %),0,0,0,0,517608,14.96
23/01/2013,0,0,15.5(1.97 %),0,0,0,0,517608,14.96
24/01/2013,0,0,15.5(0.00 %),0,0,0,0,517608,14.96
25/01/2013,0,0,16(3.23 %),0,0,0,0,517608,14.96
28/01/2013,0,0,16(0.00 %),0,0,0,0,517608,14.96
29/01/2013,0,0,16(0.00 %),0,0,0,0,517608,14.96
30/01/2013,0,0,16(0.00 %),0,0,0,0,517608,14.96
31/01/2013,0,0,16(0.00 %),0,0,0,0,517608,14.96
01/02/2013,0,0,16(0.00 %),0,0,0,0,517608,14.96
04/02/2013,0,0,16.5(3.12 %),0,0,0,0,517608,14.96
05/02/2013,0,0,16.5(0.00 %),0,0,0,0,517608,14.96
06/02/2013,0,0,16.5(0.00 %),0,0,0,0,517608,14.96
07/02/2013,0,0,16.5(0.00 %),0,0,0,0,517608,14.96
08/02/2013,0,0,16.5(0.00 %),0,0,0,0,517608,14.96
18/02/2013,0,0,16.5(0.00 %),0,0,0,0,517608,14.96
19/02/2013,0,0,16.5(0.00 %),0,0,0,0,517608,14.96
20/02/2013,0,0,16.5(0.00 %),0,0,0,0,517608,14.96
21/02/2013,0,0,16.5(0.00 %),0,0,0,0,517608,14.96
22/02/2013,0,0,16(-3.03 %),0,0,0,0,517608,14.96
25/02/2013,0,0,16(0.00 %),0,0,0,0,517608,14.96
26/02/2013,0,0,15.5(-3.12 %),0,0,0,0,517608,14.96
27/02/2013,-200,-2860000,14(-9.68 %),0,0,200,2860000,517808,14.95
28/02/2013,3200,49280000,15.4(10.00 %),3200,49280000,0,0,514608,15.16
01/03/2013,0,0,15.4(0.00 %),0,0,0,0,514408,15.17
04/03/2013,0,0,15.4(0.00 %),0,0,0,0,514408,15.17
05/03/2013,0,0,15.4(0.00 %),0,0,0,0,514408,15.17
06/03/2013,0,0,15.4(0.00 %),0,0,0,0,514408,15.17
07/03/2013,0,0,15.4(0.00 %),0,0,0,0,514408,15.17
08/03/2013,-400,-6160000,15.9(3.25 %),0,0,400,6160000,514808,15.15
11/03/2013,0,0,17(6.92 %),0,0,0,0,514808,15.15
12/03/2013,0,0,16.9(5.62 %),0,0,0,0,514808,15.15
13/03/2013,0,0,15.9(-5.92 %),0,0,0,0,514808,15.15
14/03/2013,0,0,16(0.63 %),0,0,0,0,514808,15.15
15/03/2013,0,0,16(0.00 %),0,0,0,0,514808,15.15
18/03/2013,0,0,16(0.00 %),0,0,0,0,514808,15.15
19/03/2013,0,0,15.9(-0.62 %),0,0,0,0,514808,15.15
20/03/2013,0,0,15.9(0.00 %),0,0,0,0,514808,15.15
21/03/2013,0,0,16.5(3.77 %),0,0,0,0,514808,15.15
22/03/2013,0,0,16.3(0.62 %),0,0,0,0,514808,15.15
25/03/2013,0,0,17.2(5.52 %),0,0,0,0,514808,15.15
26/03/2013,3800,61940000,16.5(-4.07 %),3800,61940000,0,0,511008,15.4
27/03/2013,900,14670000,16.3(-1.21 %),900,14670000,0,0,510108,15.46
28/03/2013,0,0,17.5(7.36 %),0,0,0,0,510108,15.46
29/03/2013,100,1710000,17.3(-1.14 %),100,1710000,0,0,510008,15.46
01/04/2013,0,0,17.5(1.16 %),0,0,0,0,510208,15.45
02/04/2013,3600,61560000,17.1(6.21 %),3600,61560000,0,0,506608,15.69
03/04/2013,0,0,17.1(0.00 %),0,0,0,0,506608,15.69
04/04/2013,0,0,17(-0.58 %),0,0,0,0,506608,15.69
05/04/2013,200,3300000,16.5(-2.37 %),200,3300000,0,0,506408,15.7
08/04/2013,100,1650000,16.5(0.00 %),100,1650000,0,0,506308,15.71
09/04/2013,300,4950000,16.5(0.00 %),300,4950000,0,0,506008,15.73
10/04/2013,2200,36300000,16.5(0.00 %),2200,36300000,0,0,503808,15.87
11/04/2013,0,0,16.5(0.00 %),0,0,0,0,503808,15.87
12/04/2013,2000,32900000,16.5(0.00 %),2000,32900000,0,0,501808,16.0
15/04/2013,1200,19660000,16.4(-0.61 %),1200,19660000,0,0,500608,16.08
16/04/2013,0,0,16.4(0.00 %),0,0,0,0,500608,16.08
17/04/2013,500,8200000,16.4(0.00 %),500,8200000,0,0,500108,16.11
18/04/2013,0,0,16.4(0.00 %),0,0,0,0,500108,16.11
22/04/2013,0,0,16.4(0.00 %),0,0,0,0,500108,16.11
23/04/2013,1400,22860000,16.4(0.00 %),1400,22860000,0,0,498708,16.21
24/04/2013,0,0,16.4(0.00 %),0,0,0,0,498708,16.21
25/04/2013,0,0,16.4(0.00 %),0,0,0,0,498708,16.21
26/04/2013,0,0,16.4(0.00 %),0,0,0,0,498708,16.21
02/05/2013,0,0,16.4(0.00 %),0,0,0,0,498708,16.21
03/05/2013,0,0,16.4(0.00 %),0,0,0,0,498708,16.21
06/05/2013,0,0,16.8(2.44 %),0,0,0,0,498708,16.21
07/05/2013,0,0,17(1.19 %),0,0,0,0,498708,16.21
08/05/2013,5000,85000000,17(0.00 %),5000,85000000,0,0,493708,16.54
09/05/2013,2000,34000000,17(0.00 %),2000,34000000,0,0,491708,16.67
10/05/2013,0,0,17(0.00 %),0,0,0,0,491708,16.67
13/05/2013,1600,27200000,17.1(0.59 %),1600,27200000,0,0,490108,16.77
14/05/2013,0,0,17.1(0.00 %),0,0,0,0,490108,16.77
15/05/2013,0,0,17.1(0.00 %),0,0,0,0,490108,16.77
16/05/2013,100,1790000,17.9(4.68 %),100,1790000,0,0,490008,16.78
17/05/2013,0,0,17.9(0.00 %),0,0,0,0,490008,16.78
20/05/2013,0,0,0(0.00 %),0,0,0,0,490008,16.78
21/05/2013,0,0,17.9(0.00 %),0,0,0,0,490008,16.78
22/05/2013,0,0,17.9(0.00 %),0,0,0,0,490008,16.78
23/05/2013,100,1700000,17(-5.03 %),100,1700000,0,0,489908,16.79
24/05/2013,400,6800000,17(0.00 %),400,6800000,0,0,489508,16.81
27/05/2013,100,1790000,17.9(5.29 %),100,1790000,0,0,489408,16.82
28/05/2013,0,0,17.9(0.00 %),0,0,0,0,489408,16.82
29/05/2013,0,0,17.9(0.00 %),0,0,0,0,489408,16.82
30/05/2013,0,0,17.9(0.00 %),0,0,0,0,489408,16.82
31/05/2013,0,0,17.9(0.00 %),0,0,0,0,489408,16.82
03/06/2013,0,0,17.9(0.00 %),0,0,0,0,489408,16.82
04/06/2013,0,0,17.9(0.00 %),0,0,0,0,489408,16.82
05/06/2013,0,0,17.9(0.00 %),0,0,0,0,489408,16.82
06/06/2013,0,0,18(0.56 %),0,0,0,0,489408,16.82
07/06/2013,0,0,18(0.00 %),0,0,0,0,489408,16.82
10/06/2013,0,0,18(0.00 %),0,0,0,0,489408,16.82
11/06/2013,0,0,18(0.00 %),0,0,0,0,489408,16.82
12/06/2013,0,0,18(0.00 %),0,0,0,0,489408,16.82
13/06/2013,0,0,18(0.00 %),0,0,0,0,489408,16.82
14/06/2013,0,0,18(0.00 %),0,0,0,0,489408,16.82
17/06/2013,0,0,18(0.00 %),0,0,0,0,489408,16.82
18/06/2013,0,0,18(0.00 %),0,0,0,0,489408,16.82
19/06/2013,0,0,18(0.00 %),0,0,0,0,489408,16.82
20/06/2013,0,0,18(0.00 %),0,0,0,0,489408,16.82
21/06/2013,0,0,18(0.00 %),0,0,0,0,489408,16.82
24/06/2013,0,0,18(0.00 %),0,0,0,0,489408,16.82
25/06/2013,100,1700000,17(-5.56 %),100,1700000,0,0,489308,16.83
26/06/2013,0,0,17(0.00 %),0,0,0,0,489308,16.83
27/06/2013,0,0,17(0.00 %),0,0,0,0,489308,16.83
28/06/2013,0,0,17(0.00 %),0,0,0,0,489308,16.83
01/07/2013,0,0,17(0.00 %),0,0,0,0,489308,16.83
02/07/2013,400,6800000,17(0.00 %),400,6800000,0,0,488908,16.85
03/07/2013,2500,42500000,17(0.00 %),2500,42500000,0,0,486408,17.02
04/07/2013,0,0,0(0.00 %),0,0,0,0,486408,17.02
05/07/2013,0,0,17(0.00 %),0,0,0,0,486408,17.02
08/07/2013,0,0,17(0.00 %),0,0,0,0,486408,17.02
09/07/2013,0,0,17(0.00 %),0,0,0,0,486408,17.02
10/07/2013,0,0,17(0.00 %),0,0,0,0,486408,17.02
11/07/2013,0,0,17(0.00 %),0,0,0,0,486408,17.02
12/07/2013,0,0,17(0.00 %),0,0,0,0,486408,17.02
15/07/2013,0,0,17(0.00 %),0,0,0,0,486408,17.02
16/07/2013,300,5100000,17(0.00 %),300,5100000,0,0,486108,17.04
17/07/2013,0,0,17(0.00 %),0,0,0,0,486108,17.04
18/07/2013,0,0,17(0.00 %),0,0,0,0,486108,17.04
19/07/2013,3500,59500000,17(0.00 %),3500,59500000,0,0,482608,17.27
22/07/2013,0,0,17(0.00 %),0,0,0,0,482608,17.27
23/07/2013,0,0,17(0.00 %),0,0,0,0,482608,17.27
24/07/2013,0,0,17(0.00 %),0,0,0,0,482608,17.27
25/07/2013,0,0,17(0.00 %),0,0,0,0,482608,17.27
26/07/2013,0,0,16.2(-4.71 %),1500,24300000,1500,24300000,482608,17.27
29/07/2013,0,0,16.2(0.00 %),0,0,0,0,482608,17.27
30/07/2013,0,0,16.2(0.00 %),0,0,0,0,482608,17.27
31/07/2013,200,3200000,16(-1.23 %),200,3200000,0,0,482408,17.28
01/08/2013,0,0,16(0.00 %),0,0,0,0,481108,17.36
02/08/2013,0,0,16(0.00 %),0,0,0,0,481108,17.36
05/08/2013,0,0,16(0.00 %),0,0,0,0,481108,17.36
06/08/2013,-300,-4800000,16(0.00 %),0,0,300,4800000,481408,17.34
07/08/2013,0,0,16(0.00 %),0,0,0,0,481408,17.34
08/08/2013,0,0,16(0.00 %),0,0,0,0,481408,17.34
09/08/2013,0,0,0(0.00 %),0,0,0,0,481408,17.34
12/08/2013,0,0,16(0.00 %),0,0,0,0,481408,17.34
13/08/2013,0,0,16(0.00 %),0,0,0,0,481408,17.34
14/08/2013,0,0,0(0.00 %),0,0,0,0,481408,17.34
15/08/2013,0,0,0(0.00 %),0,0,0,0,481408,17.34
16/08/2013,0,0,0(0.00 %),0,0,0,0,481408,17.34
19/08/2013,0,0,0(0.00 %),0,0,0,0,481408,17.34
20/08/2013,0,0,0(0.00 %),0,0,0,0,481408,17.34
21/08/2013,0,0,0(0.00 %),0,0,0,0,481408,17.34
22/08/2013,0,0,0(0.00 %),0,0,0,0,481408,17.34
23/08/2013,0,0,0(0.00 %),0,0,0,0,481408,17.34
26/08/2013,0,0,0(0.00 %),0,0,0,0,481408,17.34
27/08/2013,0,0,0(0.00 %),0,0,0,0,481408,17.34
28/08/2013,0,0,0(0.00 %),0,0,0,0,481408,17.34
29/08/2013,0,0,0(0.00 %),0,0,0,0,481408,17.34
30/08/2013,0,0,0(0.00 %),0,0,0,0,481408,17.34
04/09/2013,0,0,16(0.00 %),0,0,0,0,481108,17.36
05/09/2013,0,0,0(0.00 %),0,0,0,0,481108,17.36
06/09/2013,0,0,0(0.00 %),0,0,0,0,481108,17.36
09/09/2013,0,0,0(0.00 %),0,0,0,0,481108,17.36
10/09/2013,0,0,0(0.00 %),0,0,0,0,481108,17.36
11/09/2013,0,0,0(0.00 %),0,0,0,0,481108,17.36
12/09/2013,0,0,0(0.00 %),0,0,0,0,481108,17.36
13/09/2013,0,0,0(0.00 %),0,0,0,0,481108,17.36
16/09/2013,0,0,0(0.00 %),0,0,0,0,481108,17.36
17/09/2013,0,0,0(0.00 %),0,0,0,0,481108,17.36
18/09/2013,0,0,0(0.00 %),0,0,0,0,481108,17.36
19/09/2013,0,0,0(0.00 %),0,0,0,0,481108,17.36
20/09/2013,0,0,0(0.00 %),0,0,0,0,481108,17.36
23/09/2013,0,0,0(0.00 %),0,0,0,0,481108,17.36
24/09/2013,0,0,0(0.00 %),0,0,0,0,481108,17.36
25/09/2013,0,0,0(0.00 %),0,0,0,0,481108,17.36
26/09/2013,0,0,0(0.00 %),0,0,0,0,481108,17.36
30/09/2013,0,0,0(0.00 %),0,0,0,0,481108,17.36
01/10/2013,0,0,0(0.00 %),0,0,0,0,481108,17.36
02/10/2013,0,0,0(0.00 %),0,0,0,0,481108,17.36
03/10/2013,0,0,0(0.00 %),0,0,0,0,481108,17.36
04/10/2013,0,0,0(0.00 %),0,0,0,0,481108,17.36
07/10/2013,-1900,-28500000,15(-6.25 %),0,0,1900,28500000,483008,17.24
08/10/2013,-1000,-15000000,15(0.00 %),0,0,1000,15000000,484008,17.17
09/10/2013,-86,-1161000,0(0.00 %),0,0,86,1161000,484094,17.17
10/10/2013,0,0,0(0.00 %),0,0,0,0,484094,17.17
11/10/2013,0,0,0(0.00 %),0,0,0,0,484094,17.17
14/10/2013,0,0,15(0.00 %),0,0,0,0,484094,17.17
15/10/2013,0,0,15(0.00 %),0,0,0,0,484094,17.17
16/10/2013,0,0,0(0.00 %),0,0,0,0,484094,17.17
17/10/2013,-500,-7500000,15(0.00 %),0,0,500,7500000,484594,17.13
18/10/2013,0,0,0(0.00 %),0,0,0,0,484594,17.13
21/10/2013,0,0,16.5(10.00 %),0,0,0,0,484594,17.13
22/10/2013,0,0,16.5(0.00 %),0,0,0,0,484594,17.13
23/10/2013,0,0,16.5(0.00 %),0,0,0,0,484594,17.13
24/10/2013,0,0,16(-3.03 %),0,0,0,0,484594,17.13
25/10/2013,0,0,16(0.00 %),0,0,0,0,484594,17.13
28/10/2013,0,0,16(0.00 %),0,0,0,0,484594,17.13
29/10/2013,0,0,16.1(0.62 %),0,0,0,0,484594,17.13
30/10/2013,0,0,16.3(1.24 %),0,0,0,0,484594,17.13
31/10/2013,0,0,16.4(0.61 %),0,0,0,0,484594,17.13
01/11/2013,0,0,16.8(2.44 %),0,0,0,0,481108,17.36
04/11/2013,0,0,16.8(0.00 %),0,0,0,0,481108,17.36
05/11/2013,8,132600,18.4(9.52 %),8,132600,0,0,481100,17.36
06/11/2013,0,0,18.9(8.62 %),0,0,0,0,481100,17.36
07/11/2013,0,0,18.9(0.00 %),0,0,0,0,481100,17.36
08/11/2013,100,1710000,17.1(-9.52 %),100,1710000,0,0,481000,17.37
11/11/2013,0,0,17.1(0.00 %),0,0,0,0,481000,17.37
12/11/2013,0,0,17.1(0.00 %),0,0,0,0,481000,17.37
13/11/2013,0,0,17.1(0.00 %),0,0,0,0,481000,17.37
14/11/2013,0,0,17.1(0.00 %),0,0,0,0,481000,17.37
15/11/2013,0,0,17.1(0.00 %),0,0,0,0,481000,17.37
18/11/2013,0,0,17.1(0.00 %),0,0,0,0,481000,17.37
19/11/2013,0,0,17.1(0.00 %),0,0,0,0,481000,17.37
20/11/2013,0,0,17.1(0.00 %),0,0,0,0,481000,17.37
21/11/2013,3,48000,17.1(0.00 %),3,48000,0,0,480997,17.37
22/11/2013,0,0,17.1(0.00 %),0,0,0,0,480997,17.37
25/11/2013,0,0,16(-6.43 %),0,0,0,0,480997,17.37
26/11/2013,0,0,16(0.00 %),0,0,0,0,480997,17.37
27/11/2013,0,0,16(0.00 %),0,0,0,0,480997,17.37
28/11/2013,0,0,16(0.00 %),0,0,0,0,480997,17.37
29/11/2013,0,0,16(0.00 %),0,0,0,0,480997,17.37
03/12/2013,0,0,16.2(1.25 %),0,0,0,0,481108,17.36
04/12/2013,0,0,16.2(0.00 %),0,0,0,0,481108,17.36
05/12/2013,0,0,16.2(0.00 %),0,0,0,0,481108,17.36
06/12/2013,0,0,16.2(0.00 %),0,0,0,0,481108,17.36
09/12/2013,0,0,16.2(0.00 %),0,0,0,0,481108,17.36
10/12/2013,100,1620000,16.2(0.00 %),100,1620000,0,0,481008,17.37
11/12/2013,0,0,16.2(0.00 %),0,0,0,0,481008,17.37
12/12/2013,0,0,16.2(0.00 %),0,0,0,0,481008,17.37
13/12/2013,0,0,16.5(1.85 %),0,0,0,0,481008,17.37
16/12/2013,0,0,16.5(0.00 %),0,0,0,0,481008,17.37
17/12/2013,0,0,16.5(0.00 %),0,0,0,0,481008,17.37
18/12/2013,0,0,18(9.09 %),0,0,0,0,481008,17.37
19/12/2013,0,0,18(0.00 %),0,0,0,0,481008,17.37
20/12/2013,0,0,18(0.00 %),0,0,0,0,481008,17.37
23/12/2013,0,0,18(0.00 %),0,0,0,0,481008,17.37
24/12/2013,100,1900000,19(5.56 %),100,1900000,0,0,480908,17.38
25/12/2013,0,0,19(0.00 %),0,0,0,0,480908,17.38
26/12/2013,0,0,19(0.00 %),0,0,0,0,480908,17.38
27/12/2013,300,6160000,20.9(10.00 %),300,6160000,0,0,480608,17.4
30/12/2013,0,0,20.9(0.00 %),0,0,0,0,480608,17.4
31/12/2013,0,0,20.9(0.00 %),0,0,0,0,480608,17.4
02/01/2014,100,2000000,20(-4.31 %),100,2000000,0,0,481108,17.36
03/01/2014,0,0,20(0.00 %),0,0,0,0,481108,17.36
06/01/2014,300,6430000,21.6(8.00 %),300,6430000,0,0,480808,17.38
07/01/2014,300,6450000,21.5(-0.46 %),300,6450000,0,0,480508,17.4
08/01/2014,0,0,22(2.33 %),0,0,0,0,480508,17.4
09/01/2014,300,6030000,20(-9.09 %),300,6030000,0,0,480208,17.42
10/01/2014,0,0,20(0.00 %),0,0,0,0,480208,17.42
13/01/2014,0,0,20(0.00 %),0,0,0,0,480208,17.42
14/01/2014,0,0,20(0.00 %),0,0,0,0,480208,17.42
15/01/2014,0,0,20.5(2.50 %),0,0,0,0,480208,17.42
16/01/2014,0,0,20.5(0.00 %),0,0,0,0,480208,17.42
17/01/2014,0,0,20.5(0.00 %),0,0,0,0,480208,17.42
20/01/2014,500,10750000,21(2.44 %),500,10750000,0,0,479708,17.46
21/01/2014,1000,21800000,21.8(3.81 %),1000,21800000,0,0,478708,17.52
22/01/2014,0,0,21.2(-2.75 %),0,0,0,0,478708,17.52
23/01/2014,1000,21300000,21.3(0.47 %),1000,21300000,0,0,477708,17.59
24/01/2014,0,0,22(3.29 %),0,0,0,0,477708,17.59
27/01/2014,0,0,22.5(2.27 %),0,0,0,0,477708,17.59
06/02/2014,0,0,22(-2.22 %),0,0,0,0,481108,17.36
07/02/2014,0,0,22(0.00 %),0,0,0,0,481108,17.36
10/02/2014,0,0,22(0.00 %),0,0,0,0,481108,17.36
11/02/2014,0,0,22(0.00 %),0,0,0,0,481108,17.36
12/02/2014,1000,24080000,24.2(10.00 %),1000,24080000,0,0,480108,17.43
13/02/2014,100,2420000,24.2(0.00 %),100,2420000,0,0,480008,17.44
14/02/2014,100,2300000,23(-4.96 %),100,2300000,0,0,479908,17.44
17/02/2014,2000,49350000,25(8.70 %),2000,49350000,0,0,477908,17.57
18/02/2014,100,2550000,25(0.00 %),100,2550000,0,0,477808,17.58
19/02/2014,0,0,25(0.00 %),0,0,0,0,477808,17.58
20/02/2014,1300,32450000,25.1(0.40 %),1300,32450000,0,0,476508,17.67
21/02/2014,0,0,25.1(0.00 %),0,0,0,0,476508,17.67
24/02/2014,0,0,25.1(0.00 %),0,0,0,0,476508,17.67
25/02/2014,400,11030000,27.6(9.96 %),400,11030000,0,0,476108,17.69
26/02/2014,200,5980000,30.3(9.78 %),200,5980000,0,0,475908,17.71
27/02/2014,100,3170000,32(5.61 %),100,3170000,0,0,476008,17.7
28/02/2014,0,0,31.8(-0.62 %),0,0,0,0,476008,17.7
03/03/2014,200,6870000,34.4(8.18 %),200,6870000,0,0,481108,17.36
04/03/2014,3300,104610000,31.7(-7.85 %),3300,104610000,0,0,477808,17.58
05/03/2014,0,0,31.7(0.00 %),0,0,0,0,477808,17.58
06/03/2014,0,0,31.7(0.00 %),0,0,0,0,477808,17.58
07/03/2014,0,0,31.8(0.32 %),0,0,0,0,477808,17.58
10/03/2014,3900,122460000,31.4(-1.26 %),3900,122460000,0,0,473908,17.84
11/03/2014,0,0,33.8(7.64 %),0,0,0,0,473908,17.84
12/03/2014,0,0,33.8(0.00 %),0,0,0,0,473908,17.84
13/03/2014,0,0,33.8(0.00 %),0,0,0,0,473908,17.84
14/03/2014,800,24880000,31.1(-7.99 %),800,24880000,0,0,473108,17.89
17/03/2014,1100,34140000,31.2(0.32 %),1800,55980000,700,21840000,472008,17.96
18/03/2014,0,0,31.2(0.00 %),0,0,0,0,472008,17.96
19/03/2014,0,0,31.2(0.00 %),0,0,0,0,472008,17.96
20/03/2014,0,0,31.2(0.00 %),0,0,0,0,472008,17.96
21/03/2014,0,0,31.7(1.60 %),0,0,0,0,472008,17.96
24/03/2014,0,0,31.7(0.00 %),0,0,0,0,472008,17.96
25/03/2014,0,0,31.8(0.32 %),0,0,0,0,472008,17.96
26/03/2014,0,0,31.8(0.00 %),0,0,0,0,472008,17.96
27/03/2014,0,0,31.8(0.00 %),0,0,0,0,472008,17.96
28/03/2014,0,0,31.8(0.00 %),0,0,0,0,472008,17.96
31/03/2014,0,0,31.8(0.00 %),0,0,0,0,472008,17.96
01/04/2014,0,0,31.8(0.00 %),0,0,0,0,481108,17.36
02/04/2014,0,0,32(0.63 %),0,0,0,0,481108,17.36
03/04/2014,100,3490000,31.1(-2.81 %),100,3490000,0,0,481008,17.37
04/04/2014,0,0,31.3(5.74 %),0,0,0,0,481008,17.37
07/04/2014,0,0,31.3(0.00 %),0,0,0,0,481008,17.37
08/04/2014,0,0,31.3(0.00 %),0,0,0,0,481008,17.37
10/04/2014,0,0,31.3(0.00 %),0,0,0,0,481008,17.37
11/04/2014,0,0,31.3(0.00 %),0,0,0,0,481008,17.37
14/04/2014,0,0,31.3(0.00 %),0,0,0,0,481008,17.37
15/04/2014,500,15550000,31.1(-0.64 %),500,15550000,0,0,480508,17.4
16/04/2014,200,6200000,31(-0.32 %),200,6200000,0,0,480308,17.42
17/04/2014,0,0,31(0.00 %),0,0,0,0,480308,17.42
18/04/2014,0,0,31(0.00 %),0,0,0,0,480308,17.42
21/04/2014,0,0,31(0.00 %),0,0,0,0,480308,17.42
22/04/2014,600,18420000,30.7(-0.97 %),600,18420000,0,0,479708,17.46
23/04/2014,0,0,30.7(0.00 %),0,0,0,0,479708,17.46
24/04/2014,0,0,30.7(0.00 %),0,0,0,0,479708,17.46
25/04/2014,0,0,30.7(0.00 %),0,0,0,0,479708,17.46
28/04/2014,0,0,30.7(0.00 %),0,0,0,0,479708,17.46
29/04/2014,0,0,30.7(0.00 %),0,0,0,0,479708,17.46
05/05/2014,800,24320000,30.5(-0.65 %),800,24320000,0,0,481108,17.36
06/05/2014,0,0,30.5(0.00 %),0,0,0,0,481108,17.36
07/05/2014,4100,123820000,30.2(-0.98 %),4100,123820000,0,0,477008,17.63
08/05/2014,4100,123820000,30.2(0.00 %),4100,123820000,0,0,472908,17.9
09/05/2014,0,0,30(-0.66 %),0,0,0,0,472908,17.9
12/05/2014,300,9000000,30(0.00 %),300,9000000,0,0,472608,17.92
13/05/2014,0,0,30(0.00 %),0,0,0,0,472608,17.92
14/05/2014,-2400,-71580000,29.7(-1.00 %),2600,77220000,5000,148800000,475008,17.77
15/05/2014,300,8910000,29.7(0.00 %),300,8910000,0,0,474708,17.79
16/05/2014,0,0,29.7(0.00 %),0,0,0,0,474708,17.79
19/05/2014,0,0,29.7(0.00 %),0,0,0,0,474708,17.79
20/05/2014,0,0,29.8(0.34 %),0,0,0,0,474708,17.79
21/05/2014,0,0,29.8(0.00 %),0,0,0,0,474708,17.79
22/05/2014,0,0,29.8(0.00 %),0,0,0,0,474708,17.79
23/05/2014,0,0,29.8(0.00 %),0,0,0,0,474708,17.79
26/05/2014,0,0,29.8(0.00 %),0,0,0,0,474708,17.79
27/05/2014,-200,-5960000,30(0.67 %),0,0,200,5960000,458863,18.83
28/05/2014,-300,-9030000,30.2(0.67 %),100,3030000,400,12060000,458863,18.83
29/05/2014,-100,-3020000,30.2(0.00 %),0,0,100,3020000,458763,18.83
30/05/2014,0,0,30.2(0.00 %),0,0,0,0,458763,18.83
02/06/2014,0,0,30.1(-0.33 %),0,0,0,0,458963,18.82
03/06/2014,-200,-6020000,30.1(0.00 %),0,0,200,6020000,459363,18.79
04/06/2014,-200,-6040000,30.2(0.33 %),0,0,200,6040000,459463,18.79
05/06/2014,-200,-6040000,30.2(0.00 %),0,0,200,6040000,459463,18.79
06/06/2014,-100,-3020000,30.2(0.00 %),0,0,100,3020000,459463,18.79
09/06/2014,-100,-3020000,30.2(0.00 %),0,0,100,3020000,459663,18.77
10/06/2014,0,0,30.2(0.00 %),0,0,0,0,459863,18.76
11/06/2014,0,0,30.2(0.00 %),0,0,0,0,460063,18.75
12/06/2014,0,0,30.2(0.00 %),100,3020000,100,3020000,460163,18.74
13/06/2014,0,0,30.1(-0.33 %),0,0,0,0,460163,18.74
16/06/2014,0,0,27.1(-9.97 %),200,6050000,200,6050000,460163,18.74
17/06/2014,-500,-14360000,29.8(9.96 %),100,2710000,600,17070000,459963,18.75
18/06/2014,2700,81000000,30(0.67 %),2700,81000000,0,0,459963,18.75
19/06/2014,0,0,30.1(0.33 %),0,0,0,0,457263,18.93
20/06/2014,1900,57190000,30.1(0.00 %),1900,57190000,0,0,457463,18.92
23/06/2014,0,0,30.3(0.66 %),2000,60600000,2000,60600000,456163,19.0
24/06/2014,0,0,30.3(0.00 %),0,0,0,0,454163,19.14
25/06/2014,-13,-354900,30.3(0.00 %),7000,212500000,7013,212854900,454163,19.14
26/06/2014,0,0,30(-0.99 %),3400,102000000,3400,102000000,447163,19.6
27/06/2014,-5103,-145437000,27.5(-8.33 %),4500,129000000,9603,274437000,445763,19.69
30/06/2014,-1700,-47550000,27.5(0.00 %),2000,56200000,3700,103750000,439263,20.12
01/07/2014,0,0,28(1.82 %),0,0,0,0,446276,19.65
02/07/2014,0,0,28(0.00 %),0,0,0,0,449676,19.43
03/07/2014,2100,64150000,30.8(10.00 %),2100,64150000,0,0,457179,18.94
04/07/2014,100,3300000,33(7.14 %),100,3300000,0,0,460779,18.7
07/07/2014,0,0,33(0.00 %),0,0,0,0,460779,18.7
08/07/2014,0,0,33(0.00 %),0,0,0,0,460779,18.7
09/07/2014,100,3630000,36.3(10.00 %),100,3630000,0,0,460679,18.71
10/07/2014,62,2657400,39(7.44 %),100,3900000,38,1242600,460579,18.71
11/07/2014,0,0,39(0.00 %),0,0,0,0,460579,18.71
14/07/2014,0,0,39(0.00 %),0,0,0,0,460579,18.71
16/07/2014,0,0,31.6(-9.97 %),0,0,0,0,460617,18.71
17/07/2014,0,0,31.6(0.00 %),0,0,0,0,460617,18.71
18/07/2014,0,0,30.1(-4.75 %),100,3010000,100,3010000,460517,18.72
21/07/2014,0,0,30.1(0.00 %),0,0,0,0,460517,18.72
22/07/2014,100,2860000,30.2(0.33 %),300,9060000,200,6200000,460217,18.74
23/07/2014,0,0,30.2(0.00 %),0,0,0,0,460217,18.74
24/07/2014,0,0,30.2(0.00 %),0,0,0,0,460317,18.73
25/07/2014,0,0,28.7(-4.97 %),0,0,0,0,460317,18.73
28/07/2014,-800,-25120000,31.4(9.41 %),1000,31400000,1800,56520000,459517,18.78
29/07/2014,0,0,32.1(2.23 %),200,6420000,200,6420000,459317,18.8
30/07/2014,0,0,32.2(0.31 %),100,3220000,100,3220000,459217,18.8
31/07/2014,0,0,32.2(0.00 %),0,0,0,0,459217,18.8
01/08/2014,0,0,32.2(0.00 %),0,0,0,0,461017,18.69
04/08/2014,-500,-16100000,33(2.48 %),900,29500000,1400,45600000,460317,18.73
05/08/2014,0,0,33(0.00 %),0,0,0,0,460417,18.72
06/08/2014,0,0,33(0.00 %),0,0,0,0,460417,18.72
07/08/2014,-1580,-51126000,32.7(-0.91 %),2000,65300000,3580,116426000,458417,18.86
08/08/2014,2300,74880000,35.7(9.17 %),2400,78450000,100,3570000,457417,18.92
11/08/2014,-100,-3700000,37(3.64 %),0,0,100,3700000,457417,18.92
12/08/2014,-1200,-45720000,38.6(4.32 %),0,0,1200,45720000,457417,18.92
13/08/2014,-100,-4180000,41.8(8.29 %),100,4180000,200,8360000,460897,18.69
15/08/2014,100,4200000,42(0.00 %),100,4200000,0,0,460997,18.69
18/08/2014,0,0,43(2.38 %),0,0,0,0,462197,18.61
19/08/2014,100,4290000,42.9(-0.23 %),100,4290000,0,0,462297,18.6
20/08/2014,0,0,22.2(5.71 %),0,0,0,0,462297,18.6
21/08/2014,200,4590000,22.9(3.15 %),200,4590000,0,0,462097,18.61
26/08/2014,0,0,22.1(-8.68 %),0,0,0,0,461797,18.63
29/08/2014,100,2200000,22(2.33 %),100,2200000,0,0,461597,18.65
04/09/2014,0,0,23.3(5.91 %),100,2330000,100,2330000,461497,18.65
05/09/2014,200,5060000,25.5(9.44 %),200,5060000,0,0,461297,18.67
10/09/2014,400,9900000,27(6.72 %),400,9900000,0,0,460597,18.71
11/09/2014,0,0,27(0.00 %),0,0,0,0,460597,18.71
12/09/2014,0,0,27(0.00 %),0,0,0,0,460697,18.71
15/09/2014,0,0,27(0.00 %),100,2700000,100,2700000,460697,18.71
16/09/2014,0,0,29.2(8.15 %),0,0,0,0,460697,18.71
17/09/2014,0,0,29.2(0.00 %),0,0,0,0,460697,18.71
18/09/2014,0,0,29.2(0.00 %),0,0,0,0,460697,18.71
19/09/2014,0,0,29.2(0.00 %),0,0,0,0,460797,18.7
22/09/2014,0,0,29.2(0.00 %),0,0,0,0,460797,18.7
23/09/2014,0,0,26.3(-9.93 %),0,0,0,0,460797,18.7
24/09/2014,100,2880000,28.8(9.51 %),100,2880000,0,0,460697,18.71
25/09/2014,100,3140000,31.4(9.03 %),100,3140000,0,0,460597,18.71
26/09/2014,0,0,31.4(0.00 %),0,0,0,0,460597,18.71
29/09/2014,0,0,31.4(0.00 %),0,0,0,0,460597,18.71
30/09/2014,0,0,31.4(0.00 %),0,0,0,0,460597,18.71
01/10/2014,0,0,31.4(0.00 %),0,0,0,0,460597,18.71
02/10/2014,0,0,31.4(0.00 %),0,0,0,0,460597,18.71
03/10/2014,0,0,31.4(0.00 %),0,0,0,0,460597,18.71
06/10/2014,100,3180000,31.8(1.27 %),100,3180000,0,0,460497,18.72
07/10/2014,0,0,31.8(0.00 %),0,0,0,0,922795,-11.68
08/10/2014,0,0,31.8(0.00 %),0,0,0,0,922795,-11.68
09/10/2014,0,0,31.8(0.00 %),0,0,0,0,922795,-11.68
10/10/2014,0,0,31.8(0.00 %),0,0,0,0,922795,-11.68
13/10/2014,0,0,28.8(-9.43 %),0,0,0,0,922795,18.66
14/10/2014,0,0,31(7.64 %),100,3100000,100,3100000,922795,18.66
15/10/2014,0,0,31(0.00 %),0,0,0,0,922795,18.66
16/10/2014,0,0,31(0.00 %),0,0,0,0,922795,18.66
20/10/2014,100,3200000,32(3.23 %),100,3200000,0,0,922695,18.66
21/10/2014,0,0,32(0.00 %),0,0,0,0,922695,18.66
22/10/2014,0,0,32(0.00 %),0,0,0,0,922695,18.66
23/10/2014,0,0,32(0.00 %),0,0,0,0,922695,18.66
24/10/2014,0,0,32(0.00 %),0,0,0,0,922695,18.66
27/10/2014,0,0,28.8(-10.00 %),0,0,0,0,922695,18.66
29/10/2014,0,0,28.8(0.00 %),0,0,0,0,922695,18.66
30/10/2014,0,0,26(-9.72 %),0,0,0,0,922695,18.66
31/10/2014,-1200,-28680000,24(-7.69 %),0,0,1200,28680000,923895,18.62
03/11/2014,100,2400000,25(4.17 %),200,4900000,100,2500000,922495,18.67
04/11/2014,0,0,23.8(-4.80 %),0,0,0,0,922495,18.67
05/11/2014,100,2350000,23.5(-1.26 %),100,2350000,0,0,922395,18.67
06/11/2014,100,2530000,25.3(7.66 %),100,2530000,0,0,922295,18.68
07/11/2014,0,0,23.8(-5.93 %),100,2380000,100,2380000,922295,18.68
10/11/2014,0,0,23.8(0.00 %),0,0,0,0,922295,18.68
11/11/2014,0,0,23.8(0.00 %),0,0,0,0,922295,18.68
12/11/2014,-900,-20940000,25.6(7.56 %),100,2560000,1000,23500000,923195,18.65
13/11/2014,0,0,25.6(0.00 %),0,0,0,0,923195,18.65
14/11/2014,-1000,-24000000,23.5(-8.20 %),0,0,1000,24000000,924195,18.61
17/11/2014,100,2570000,25.7(9.36 %),100,2570000,0,0,924095,18.62
18/11/2014,0,0,25.7(0.00 %),0,0,0,0,924095,18.62
19/11/2014,100,2800000,28(8.95 %),100,2800000,0,0,923995,18.62
20/11/2014,0,0,28(0.00 %),0,0,0,0,925295,18.58
21/11/2014,0,0,25.2(-10.00 %),0,0,0,0,925295,18.58
24/11/2014,100,2500000,25(-0.79 %),100,2500000,0,0,925195,18.58
25/11/2014,0,0,25(0.00 %),0,0,0,0,925195,18.58
26/11/2014,0,0,25(0.00 %),0,0,0,0,925195,18.58
27/11/2014,0,0,25(0.00 %),0,0,0,0,925195,18.58
28/11/2014,0,0,25(0.00 %),0,0,0,0,925195,18.58
01/12/2014,-1300,-31200000,24(-4.00 %),0,0,1300,31200000,925195,18.58
02/12/2014,0,0,24(0.00 %),0,0,0,0,925195,18.58
03/12/2014,-500,-11500000,23(-4.17 %),0,0,500,11500000,925195,18.58
04/12/2014,0,0,23.3(1.30 %),100,2330000,100,2330000,925095,18.58
05/12/2014,0,0,24.7(6.01 %),100,2470000,100,2470000,926295,18.55
08/12/2014,100,2550000,25.5(3.24 %),100,2550000,0,0,926195,18.55
09/12/2014,0,0,25.5(0.00 %),0,0,0,0,926695,18.53
10/12/2014,200,5360000,25(-1.96 %),200,5360000,0,0,926595,18.54
11/12/2014,0,0,25(0.00 %),0,0,0,0,926695,18.53
12/12/2014,100,2640000,26.4(5.60 %),100,2640000,0,0,926595,18.54
15/12/2014,0,0,26.4(0.00 %),0,0,0,0,926595,18.54
16/12/2014,100,2450000,24.5(-7.20 %),100,2450000,0,0,926495,18.54
17/12/2014,100,2580000,25.8(5.31 %),100,2580000,0,0,926395,18.54
18/12/2014,0,0,26(0.78 %),0,0,0,0,926395,18.54
19/12/2014,0,0,26(0.00 %),0,0,0,0,926395,18.54
22/12/2014,0,0,26(0.00 %),0,0,0,0,926395,18.54
23/12/2014,0,0,26(0.00 %),0,0,0,0,926395,18.54
24/12/2014,0,0,26(0.00 %),0,0,0,0,926395,18.54
25/12/2014,0,0,26(0.00 %),0,0,0,0,926395,18.54
26/12/2014,0,0,26(0.00 %),0,0,0,0,926395,18.54
29/12/2014,-100,-2340000,23.4(-10.00 %),0,0,100,2340000,926395,18.54
30/12/2014,100,2480000,24.8(5.98 %),100,2480000,0,0,926295,18.55
31/12/2014,200,5200000,25(0.81 %),200,5200000,0,0,926095,18.55
05/01/2015,0,0,25(0.00 %),0,0,0,0,926095,18.55
06/01/2015,0,0,24(-4.00 %),0,0,0,0,926195,18.55
07/01/2015,0,0,24.9(3.75 %),0,0,0,0,926195,18.55
08/01/2015,0,0,24.9(0.00 %),0,0,0,0,926195,18.55
09/01/2015,100,2470000,24.7(-0.80 %),100,2470000,0,0,926095,18.55
12/01/2015,200,5170000,24.6(-0.40 %),200,5170000,0,0,925895,18.56
13/01/2015,0,0,24.6(0.00 %),0,0,0,0,925895,18.56
14/01/2015,0,0,24.6(0.00 %),0,0,0,0,925895,18.56
15/01/2015,0,0,24.6(0.00 %),0,0,0,0,925895,18.56
16/01/2015,0,0,24.6(0.00 %),0,0,0,0,925895,18.56
19/01/2015,0,0,24.6(0.00 %),0,0,0,0,925895,18.56
20/01/2015,0,0,22.4(-8.94 %),0,0,0,0,925895,18.56
21/01/2015,100,2400000,24(7.14 %),100,2400000,0,0,925795,18.56
22/01/2015,0,0,24(0.00 %),0,0,0,0,925795,18.56
23/01/2015,0,0,24(0.00 %),0,0,0,0,925795,18.56
26/01/2015,0,480000,26.4(10.00 %),100,2640000,100,2160000,925695,18.56
27/01/2015,0,0,26.4(0.00 %),0,0,0,0,925695,18.56
28/01/2015,0,0,26.4(0.00 %),0,0,0,0,925695,18.56
29/01/2015,-1000,-23800000,23.8(-9.85 %),0,0,1000,23800000,925695,18.56
30/01/2015,0,0,23.8(0.00 %),0,0,0,0,925795,18.56
02/02/2015,100,2600000,26(9.24 %),100,2600000,0,0,925695,18.56
03/02/2015,-1000,-23400000,23.4(-10.00 %),0,0,1000,23400000,925695,18.56
04/02/2015,100,2570000,25.7(9.83 %),100,2570000,0,0,926595,18.54
05/02/2015,0,0,25.7(0.00 %),0,0,0,0,926595,18.54
06/02/2015,0,0,25.7(0.00 %),0,0,0,0,926595,18.54
09/02/2015,0,0,25.7(0.00 %),0,0,0,0,927595,18.5
10/02/2015,0,0,25.7(0.00 %),0,0,0,0,927595,18.5
11/02/2015,0,0,25.7(0.00 %),0,0,0,0,927595,18.5
12/02/2015,0,0,25.7(0.00 %),0,0,0,0,927595,18.5
13/02/2015,0,0,25.7(0.00 %),0,0,0,0,927595,18.5
24/02/2015,0,0,25.7(0.00 %),0,0,0,0,927595,18.5
25/02/2015,0,0,25.7(5.33 %),0,0,0,0,927595,18.5
26/02/2015,0,0,25.7(5.33 %),0,0,0,0,927595,18.5
27/02/2015,100,2420000,24.2(-0.82 %),100,2420000,0,0,927495,18.51
02/03/2015,0,0,24.2(0.00 %),0,0,0,0,927495,18.51
03/03/2015,0,220000,24(-0.83 %),100,2400000,100,2180000,927395,18.51
04/03/2015,300,7420000,25.7(7.08 %),300,7420000,0,0,927095,18.52
05/03/2015,0,0,25.7(0.00 %),0,0,0,0,927095,18.52
06/03/2015,0,0,25.7(0.00 %),0,0,0,0,927095,18.52
09/03/2015,0,0,25.7(0.00 %),0,0,0,0,927195,18.52
10/03/2015,0,0,25.7(0.00 %),0,0,0,0,927195,18.52
11/03/2015,0,0,25.7(0.00 %),0,0,0,0,927195,18.52
12/03/2015,0,0,25.7(0.00 %),0,0,0,0,927195,18.52
13/03/2015,0,0,25.7(0.00 %),0,0,0,0,927195,18.52
16/03/2015,0,0,24.9(-3.11 %),0,0,0,0,927195,18.52
17/03/2015,0,0,24.9(0.00 %),0,0,0,0,927195,18.52
18/03/2015,-700,-17500000,25(0.40 %),0,0,700,17500000,927195,18.52
19/03/2015,0,0,25(0.00 %),0,0,0,0,927195,18.52
20/03/2015,0,0,25(0.00 %),0,0,0,0,927195,18.52
23/03/2015,0,0,25(0.00 %),0,0,0,0,927195,18.52
24/03/2015,100,2470000,24.7(-1.20 %),100,2470000,0,0,927795,18.5
25/03/2015,0,0,24.7(0.00 %),0,0,0,0,927795,18.5
26/03/2015,100,2480000,24.8(0.40 %),100,2480000,0,0,927695,18.5
27/03/2015,0,0,24.8(0.00 %),0,0,0,0,927695,18.5
30/03/2015,200,4960000,24.8(0.00 %),200,4960000,0,0,927495,18.51
31/03/2015,-3100,-76900000,24.6(-0.81 %),100,2460000,3200,79360000,927395,18.51
01/04/2015,-1300,-31980000,24.6(0.00 %),0,0,1300,31980000,927395,18.51
02/04/2015,100,2430000,24.3(-1.22 %),100,2430000,0,0,927295,18.51
03/04/2015,0,0,25(2.88 %),0,0,0,0,927295,18.51
06/04/2015,300,7300000,25(0.00 %),300,7300000,0,0,930195,18.42
07/04/2015,0,0,25(0.00 %),0,0,0,0,931495,18.37
08/04/2015,0,0,25(0.00 %),0,0,0,0,931495,18.37
09/04/2015,-900,-21350000,25(0.00 %),200,4900000,1100,26250000,931295,18.38
10/04/2015,0,0,25(0.00 %),0,0,0,0,931295,18.38
13/04/2015,0,0,25(0.00 %),0,0,0,0,931295,18.38
14/04/2015,100,2490000,24.9(-0.40 %),100,2490000,0,0,931195,18.38
15/04/2015,400,10150000,27(8.43 %),400,10150000,0,0,931895,18.36
16/04/2015,0,0,27(0.00 %),0,0,0,0,931895,18.36
17/04/2015,200,5280000,26.4(-2.22 %),200,5280000,0,0,931695,18.37
20/04/2015,0,0,26.4(0.00 %),0,0,0,0,931695,18.37
21/04/2015,0,0,26.4(0.00 %),0,0,0,0,931695,18.37
22/04/2015,0,0,26.4(0.00 %),0,0,0,0,931695,18.37
23/04/2015,0,0,26.4(0.00 %),0,0,0,0,931695,18.37
24/04/2015,0,0,26.4(0.00 %),0,0,0,0,931695,18.37
27/04/2015,0,0,26.4(0.00 %),0,0,0,0,931695,18.37
04/05/2015,0,0,26.4(0.00 %),0,0,0,0,931695,18.37
05/05/2015,0,0,26.4(0.00 %),0,0,0,0,931695,18.37
06/05/2015,200,5340000,26.4(0.00 %),200,5340000,0,0,931495,18.37
07/05/2015,0,0,26.4(0.00 %),0,0,0,0,931495,18.37
08/05/2015,0,0,26.4(0.00 %),0,0,0,0,931495,18.37
11/05/2015,2300,54990000,26.3(-0.38 %),2400,57370000,100,2380000,929095,18.45
12/05/2015,0,0,26.3(0.00 %),0,0,0,0,929095,18.45
13/05/2015,0,0,26.3(0.00 %),0,0,0,0,929095,18.45
14/05/2015,100,2690000,26.9(2.28 %),100,2690000,0,0,928995,18.46
15/05/2015,100,2790000,27.9(3.72 %),100,2790000,0,0,928995,18.46
18/05/2015,0,0,27.9(0.00 %),0,0,0,0,928995,18.46
19/05/2015,0,0,27.9(0.00 %),0,0,0,0,928995,18.46
20/05/2015,100,2880000,28.8(3.23 %),100,2880000,0,0,928895,18.46
21/05/2015,0,0,28.8(0.00 %),0,0,0,0,928895,18.46
22/05/2015,0,0,27.5(-4.51 %),0,0,0,0,928895,18.46
25/05/2015,0,0,27.5(0.00 %),0,0,0,0,928895,18.46
26/05/2015,0,0,27.5(0.00 %),0,0,0,0,928895,18.46
27/05/2015,0,0,27.5(0.00 %),0,0,0,0,928895,18.46
28/05/2015,0,0,27.5(0.00 %),0,0,0,0,928895,18.46
29/05/2015,-100,-2480000,24.8(-9.82 %),0,0,100,2480000,928895,18.46
01/06/2015,0,440000,26.8(8.06 %),100,2680000,100,2240000,928795,18.46
02/06/2015,0,120000,25.4(-5.22 %),100,2540000,100,2420000,928695,18.47
03/06/2015,0,200000,24.9(-1.97 %),100,2490000,100,2290000,928595,18.47
04/06/2015,0,0,24.9(0.00 %),0,0,0,0,928695,18.47
05/06/2015,100,2670000,26.7(7.23 %),100,2670000,0,0,928695,18.47
08/06/2015,0,0,26.7(0.00 %),0,0,0,0,928795,18.46
09/06/2015,0,0,26.7(0.00 %),0,0,0,0,928895,18.46
10/06/2015,0,170000,25.8(-3.37 %),100,2580000,100,2410000,928795,18.46
11/06/2015,0,0,25.8(0.00 %),0,0,0,0,928795,18.46
12/06/2015,100,2690000,26.9(4.26 %),100,2690000,0,0,928695,18.47
15/06/2015,0,0,26.9(0.00 %),0,0,0,0,928695,18.47
16/06/2015,-800,-20800000,26(-3.35 %),0,0,800,20800000,928795,18.46
17/06/2015,0,0,26(0.00 %),0,0,0,0,928795,18.46
18/06/2015,0,0,26(0.00 %),0,0,0,0,928795,18.46
19/06/2015,0,0,26(0.00 %),0,0,0,0,928795,18.46
22/06/2015,0,0,26(0.00 %),0,0,0,0,929595,18.44
23/06/2015,0,0,26(0.00 %),0,0,0,0,929595,18.44
24/06/2015,0,0,26(0.00 %),0,0,0,0,929595,18.44
25/06/2015,0,0,26(0.00 %),0,0,0,0,929595,18.44
26/06/2015,0,0,23.4(-10.00 %),0,0,0,0,929595,18.44
29/06/2015,100,2520000,22(-5.98 %),100,2520000,0,0,929495,18.44
30/06/2015,-1000,-22000000,23.8(8.18 %),100,2380000,1100,24380000,929395,18.44
01/07/2015,100,2570000,25.7(7.98 %),100,2570000,0,0,929295,18.45
02/07/2015,0,0,25(-2.72 %),0,0,0,0,929295,18.45
03/07/2015,100,2680000,26.8(7.20 %),100,2680000,0,0,929195,18.45
06/07/2015,100,2840000,25.4(-5.22 %),100,2840000,0,0,930195,18.42
07/07/2015,100,2720000,25(-1.57 %),100,2720000,0,0,930095,18.42
08/07/2015,82,2095000,25(0.00 %),100,2500000,18,405000,930013,18.42
09/07/2015,82,2095000,25(0.00 %),100,2500000,18,405000,929931,18.43
10/07/2015,0,0,25(0.00 %),0,0,0,0,929995,18.42
13/07/2015,100,2550000,25.5(2.00 %),100,2550000,0,0,929895,18.43
14/07/2015,0,0,25.5(0.00 %),0,0,0,0,929913,18.43
15/07/2015,0,0,25.5(0.00 %),0,0,0,0,929913,18.43
16/07/2015,100,2540000,25.5(0.00 %),200,5090000,100,2550000,929713,18.43
17/07/2015,0,0,25.5(0.00 %),0,0,0,0,929713,18.43
20/07/2015,0,0,25.5(0.00 %),0,0,0,0,929713,18.43
21/07/2015,0,0,25.5(0.00 %),0,0,0,0,929713,18.43
22/07/2015,100,2500000,25.5(0.00 %),5200,125050000,5100,122550000,924613,18.6
23/07/2015,0,0,25.5(0.00 %),0,0,0,0,924613,18.6
24/07/2015,100,2650000,26.5(3.92 %),100,2650000,0,0,924513,18.6
27/07/2015,0,0,26.5(0.00 %),0,0,0,0,924513,18.6
28/07/2015,0,0,26.5(0.00 %),0,0,0,0,929613,18.44
29/07/2015,0,0,26.5(0.00 %),0,0,0,0,929613,18.44
30/07/2015,0,0,26.5(0.00 %),0,0,0,0,929613,18.44
31/07/2015,0,0,26.5(0.00 %),0,0,0,0,929613,18.44
03/08/2015,0,0,26.5(0.00 %),0,0,0,0,929613,18.44
04/08/2015,0,0,26.5(0.00 %),0,0,0,0,929613,18.44
05/08/2015,0,0,26.5(0.00 %),0,0,0,0,929613,18.44
06/08/2015,0,0,26.5(0.00 %),0,0,0,0,929613,18.44
07/08/2015,100,2800000,28(5.66 %),100,2800000,0,0,929513,18.44
10/08/2015,0,0,25.6(-8.57 %),0,0,0,0,929513,18.44
11/08/2015,0,0,25.6(0.00 %),0,0,0,0,929513,18.44
12/08/2015,0,0,25.6(0.00 %),0,0,0,0,929513,18.44
13/08/2015,100,2650000,24.5(1.66 %),100,2650000,0,0,929413,18.44
14/08/2015,100,2550000,25.5(4.08 %),100,2550000,0,0,929313,18.45
17/08/2015,100,2700000,27(5.88 %),100,2700000,0,0,929213,18.45
18/08/2015,0,0,27(0.00 %),0,0,0,0,929213,18.45
19/08/2015,0,0,27(0.00 %),0,0,0,0,929213,18.45
20/08/2015,0,0,27(0.00 %),0,0,0,0,929213,18.45
21/08/2015,100,2900000,29(7.41 %),100,2900000,0,0,929113,18.45
24/08/2015,0,0,29(0.00 %),0,0,0,0,929113,18.45
25/08/2015,0,0,29(0.00 %),0,0,0,0,929113,18.45
26/08/2015,0,0,29(0.00 %),0,0,0,0,929113,18.45
27/08/2015,0,0,29(0.00 %),0,0,0,0,929113,18.45
28/08/2015,0,0,29(0.00 %),0,0,0,0,929113,18.45
31/08/2015,100,2610000,26.1(-10.00 %),100,2610000,0,0,929013,18.46
01/09/2015,0,0,25.5(-2.30 %),0,0,0,0,929013,18.46
03/09/2015,0,0,25.5(0.00 %),0,0,0,0,929013,18.46
04/09/2015,100,2800000,28(9.80 %),100,2800000,0,0,928913,18.46
07/09/2015,100,3000000,30(7.14 %),100,3000000,0,0,928813,18.46
08/09/2015,0,0,30(0.00 %),0,0,0,0,928813,18.46
09/09/2015,0,0,30(0.00 %),0,0,0,0,928813,18.46
10/09/2015,100,3150000,31.5(5.00 %),100,3150000,0,0,928713,18.47
11/09/2015,0,0,31.5(0.00 %),0,0,0,0,928713,18.47
14/09/2015,0,0,31.5(0.00 %),0,0,0,0,928713,18.47
15/09/2015,0,0,31.5(0.00 %),0,0,0,0,928713,18.47
16/09/2015,0,0,31.5(0.00 %),0,0,0,0,928713,18.47
17/09/2015,0,0,31.5(0.00 %),0,0,0,0,928713,18.47
18/09/2015,0,0,31.5(0.00 %),0,0,0,0,928713,18.47
21/09/2015,0,0,31.5(0.00 %),0,0,0,0,928713,18.47
22/09/2015,0,0,31.5(0.00 %),0,0,0,0,928713,18.47
23/09/2015,0,0,31.5(0.00 %),0,0,0,0,928713,18.47
24/09/2015,0,0,28.4(-9.84 %),0,0,0,0,928713,18.47
25/09/2015,200,6110000,25.6(-9.86 %),200,6110000,0,0,928513,18.47
28/09/2015,300,8110000,27.5(7.42 %),300,8110000,0,0,928213,18.48
29/09/2015,2800,69980000,27.5(0.00 %),2800,69980000,0,0,925413,18.57
30/09/2015,3900,96930000,26.9(-2.18 %),3900,96930000,0,0,921513,18.7
01/10/2015,2500,61000000,26.8(-0.37 %),2500,61000000,0,0,919013,18.78
02/10/2015,300,7650000,26.5(-1.12 %),300,7650000,0,0,918713,18.79
05/10/2015,0,0,26.5(0.00 %),0,0,0,0,918713,18.79
06/10/2015,0,0,26.5(0.00 %),0,0,0,0,918713,18.79
07/10/2015,0,250000,26.4(-0.38 %),100,2640000,100,2390000,918613,18.8
08/10/2015,200,5160000,25.8(-2.27 %),200,5160000,0,0,918413,18.8
09/10/2015,0,0,25.8(0.00 %),0,0,0,0,918413,18.8
12/10/2015,0,0,25.8(0.00 %),0,0,0,0,918413,18.8
13/10/2015,0,0,25.8(0.00 %),0,0,0,0,918513,18.8
14/10/2015,100,2690000,26.9(4.26 %),100,2690000,0,0,918413,18.8
15/10/2015,0,260000,26.9(0.00 %),100,2690000,100,2430000,918313,18.81
16/10/2015,0,0,26.9(0.00 %),0,0,0,0,918313,18.81
19/10/2015,100,2430000,24.5(-8.92 %),200,4940000,100,2510000,918113,18.81
20/10/2015,-200,-4820000,25.8(5.31 %),200,5220000,400,10040000,917913,18.82
21/10/2015,0,0,25.8(0.00 %),0,0,0,0,918013,18.82
22/10/2015,100,2670000,26.7(3.49 %),100,2670000,0,0,917913,18.82
23/10/2015,400,10580000,26.2(-1.87 %),400,10580000,0,0,917613,18.83
26/10/2015,0,0,26.2(0.00 %),0,0,0,0,918013,18.82
27/10/2015,900,23610000,26.2(0.00 %),1900,49550000,1000,25940000,916113,18.88
28/10/2015,1500,39590000,26.5(1.15 %),1500,39590000,0,0,914613,18.93
29/10/2015,0,0,26.5(0.00 %),0,0,0,0,914613,18.93
30/10/2015,200,5640000,24.7(-6.79 %),200,5640000,0,0,914413,18.94
02/11/2015,100,2710000,27.1(9.72 %),100,2710000,0,0,915313,18.91
03/11/2015,100,2900000,29(7.01 %),100,2900000,0,0,915213,18.91
04/11/2015,3200,84290000,28.4(-2.07 %),3200,84290000,0,0,912013,19.01
05/11/2015,0,0,28.4(0.00 %),0,0,0,0,912013,19.01
06/11/2015,0,280000,28.4(0.00 %),100,2840000,100,2560000,911913,19.02
09/11/2015,600,15790000,28.4(0.00 %),600,15790000,0,0,911313,19.04
10/11/2015,0,0,25.6(-9.86 %),0,0,0,0,911313,19.04
11/11/2015,200,5340000,26.9(5.08 %),300,7900000,100,2560000,911013,19.05
12/11/2015,0,0,26.9(0.00 %),0,0,0,0,911113,19.04
13/11/2015,0,0,26.9(0.00 %),0,0,0,0,911113,19.04
16/11/2015,0,0,26.9(0.00 %),0,0,0,0,911113,19.04
17/11/2015,0,0,26.9(0.00 %),0,0,0,0,911213,19.04
18/11/2015,2600,70770000,27.2(1.12 %),14200,386740000,11600,315970000,897013,19.51
19/11/2015,100,2780000,27.8(2.21 %),100,2780000,0,0,896913,19.51
20/11/2015,600,16410000,27.6(-0.72 %),600,16410000,0,0,896313,19.53
23/11/2015,200,5890000,30(8.70 %),200,5890000,0,0,896113,19.54
24/11/2015,3600,98660000,29.4(-2.00 %),3600,98660000,0,0,904113,19.27
25/11/2015,100,3000000,30(2.04 %),100,3000000,0,0,904013,19.28
26/11/2015,100,3200000,32(6.67 %),100,3200000,0,0,903913,19.28
27/11/2015,0,0,32(0.00 %),0,0,0,0,903913,19.28
30/11/2015,0,0,28.8(-10.00 %),0,0,0,0,903913,19.28
01/12/2015,100,3000000,30(4.17 %),100,3000000,0,0,903813,19.28
02/12/2015,0,0,30(0.00 %),0,0,0,0,903813,19.28
03/12/2015,200,6000000,30(0.00 %),200,6000000,0,0,903613,19.29
04/12/2015,0,0,28(-6.67 %),0,0,0,0,903613,19.29
07/12/2015,0,0,28(0.00 %),0,0,0,0,903613,19.29
08/12/2015,4000,109470000,30(7.14 %),4000,109470000,0,0,899613,19.42
09/12/2015,2200,60690000,28.9(-3.67 %),2200,60690000,0,0,897413,19.49
10/12/2015,2000,54600000,27.3(-5.54 %),2000,54600000,0,0,895413,19.56
11/12/2015,2000,54000000,27(-1.10 %),2000,54000000,0,0,893413,19.63
14/12/2015,600,16400000,29(7.41 %),600,16400000,0,0,892813,19.65
15/12/2015,0,0,29(0.00 %),0,0,0,0,892813,19.65
16/12/2015,1600,43730000,27.8(-4.14 %),1600,43730000,0,0,891213,19.7
17/12/2015,0,0,27.8(0.00 %),0,0,0,0,891213,19.7
18/12/2015,0,370000,28.8(3.60 %),100,2880000,100,2510000,891113,19.7
21/12/2015,0,380000,29.8(3.47 %),100,2980000,100,2600000,891013,19.71
22/12/2015,-100,-2700000,27(-9.40 %),0,0,100,2700000,891013,19.71
23/12/2015,0,0,27(0.00 %),0,0,0,0,891013,19.71
24/12/2015,0,0,27(0.00 %),0,0,0,0,891113,19.7
25/12/2015,0,0,29.5(9.26 %),0,0,0,0,891213,19.7
28/12/2015,0,0,27.5(-6.78 %),0,0,0,0,891313,19.7
29/12/2015,0,0,27.6(0.36 %),0,0,0,0,891313,19.7
30/12/2015,100,2900000,29(5.07 %),100,2900000,0,0,891213,19.7
31/12/2015,0,280000,27.4(-5.52 %),100,2890000,100,2610000,891113,19.7
04/01/2016,0,0,27(-1.46 %),0,0,0,0,891113,19.7
05/01/2016,0,0,27(0.00 %),0,0,0,0,891113,19.7
06/01/2016,0,0,26.8(-0.74 %),0,0,0,0,891113,19.7
07/01/2016,100,2770000,27.7(3.36 %),100,2770000,0,0,891113,19.7
08/01/2016,0,0,27(-2.53 %),0,0,0,0,891113,19.7
11/01/2016,0,0,26.7(-1.11 %),0,0,0,0,891113,19.7
12/01/2016,100,2790000,27.9(4.49 %),100,2790000,0,0,891013,19.71
13/01/2016,0,0,26.5(-5.02 %),0,0,0,0,891013,19.71
14/01/2016,500,13380000,27.8(4.91 %),500,13380000,0,0,890513,19.72
15/01/2016,0,0,27.8(0.00 %),0,0,0,0,890513,19.72
18/01/2016,0,0,26.2(-5.76 %),0,0,0,0,890513,19.72
19/01/2016,100,2740000,27.4(4.58 %),100,2740000,0,0,890413,19.72
20/01/2016,-1100,-28350000,27.3(-0.36 %),100,2730000,1200,31080000,890313,19.73
21/01/2016,0,0,27.3(0.00 %),0,0,0,0,890313,19.73
22/01/2016,100,2830000,28.3(3.66 %),100,2830000,0,0,890213,19.73
25/01/2016,100,2990000,28.3(0.00 %),100,2990000,0,0,891313,19.7
26/01/2016,0,0,26.1(-7.77 %),0,0,0,0,891313,19.7
27/01/2016,100,2700000,27(3.45 %),100,2700000,0,0,891213,19.7
28/01/2016,0,0,27(0.00 %),0,0,0,0,891213,19.7
29/01/2016,100,2800000,28(3.70 %),100,2800000,0,0,891113,19.7
01/02/2016,0,350000,28.7(2.50 %),100,2870000,100,2520000,891013,19.71
02/02/2016,0,0,28.7(0.00 %),0,0,0,0,891013,19.71
03/02/2016,500,14910000,26.4(-8.01 %),500,14910000,0,0,890513,19.72
04/02/2016,100,2890000,28.9(9.47 %),100,2890000,0,0,890513,19.72
05/02/2016,200,6180000,30.9(6.92 %),200,6180000,0,0,890313,19.73
15/02/2016,200,6430000,27.9(-9.71 %),200,6430000,0,0,890113,19.73
16/02/2016,100,3050000,30(7.53 %),100,3050000,0,0,890013,19.74
17/02/2016,0,0,30(0.00 %),0,0,0,0,890013,19.74
18/02/2016,100,3150000,30(0.00 %),100,3150000,0,0,889913,19.74
19/02/2016,0,0,30(0.00 %),0,0,0,0,889913,19.74
22/02/2016,100,3050000,30.5(1.67 %),100,3050000,0,0,889813,19.74
23/02/2016,0,0,30.5(0.00 %),0,0,0,0,889813,19.74
24/02/2016,100,2990000,29.9(-1.97 %),100,2990000,0,0,889713,19.75
25/02/2016,100,3000000,30(0.33 %),100,3000000,0,0,889613,19.75
26/02/2016,100,3190000,29.2(-2.67 %),100,3190000,0,0,889513,19.75
29/02/2016,100,3060000,30.6(4.79 %),100,3060000,0,0,889413,19.76
01/03/2016,200,5860000,29.3(-4.25 %),200,5860000,0,0,889213,19.76
02/03/2016,100,3200000,32(9.22 %),100,3200000,0,0,889113,19.77
03/03/2016,0,0,32(0.00 %),0,0,0,0,889113,19.77
04/03/2016,1800,56500000,33.7(5.31 %),1800,56500000,0,0,887313,19.83
07/03/2016,0,0,30.4(-9.79 %),0,0,0,0,887313,19.83
08/03/2016,0,0,30.3(-0.33 %),0,0,0,0,887313,19.83
09/03/2016,0,0,30(-0.99 %),0,0,0,0,887313,19.83
10/03/2016,100,3090000,30(3.45 %),100,3090000,0,0,887213,19.83
11/03/2016,100,3240000,32.4(8.00 %),100,3240000,0,0,887113,19.83
14/03/2016,0,0,32.4(0.00 %),0,0,0,0,887113,19.83
15/03/2016,0,0,32.4(0.00 %),0,0,0,0,887113,19.83
16/03/2016,0,0,32.4(0.00 %),0,0,0,0,887113,19.83
17/03/2016,0,0,32.4(0.00 %),0,0,0,0,887113,19.83
18/03/2016,0,0,29.3(-9.57 %),0,0,0,0,887113,19.83
21/03/2016,0,450000,30.9(5.46 %),100,3090000,100,2640000,887013,19.84
22/03/2016,0,0,30.9(0.00 %),0,0,0,0,887013,19.84
23/03/2016,0,0,30.9(0.00 %),0,0,0,0,887013,19.84
24/03/2016,0,0,28.9(-6.47 %),0,0,0,0,887113,19.83
25/03/2016,200,5980000,30.8(6.57 %),200,5980000,0,0,886913,19.84
28/03/2016,1900,58970000,31.7(2.92 %),1900,58970000,0,0,885013,19.9
29/03/2016,100,3250000,29.6(-6.62 %),100,3250000,0,0,884913,19.91
30/03/2016,0,0,32.5(9.80 %),0,0,0,0,884913,19.91
31/03/2016,0,0,32.5(0.00 %),0,0,0,0,884913,19.91
01/04/2016,100,3500000,35(7.69 %),100,3500000,0,0,884813,19.91
04/04/2016,2100,67170000,31.8(-9.14 %),2100,67170000,0,0,882713,19.98
05/04/2016,0,0,33.5(5.35 %),0,0,0,0,882713,19.98
06/04/2016,100,3490000,30.7(-8.36 %),100,3490000,0,0,882613,19.98
07/04/2016,6100,181730000,28(-8.79 %),6100,181730000,0,0,876513,20.18
08/04/2016,-100,-3080000,30.8(10.00 %),0,0,100,3080000,876513,20.18
11/04/2016,8400,263930000,32.9(6.82 %),8400,263930000,0,0,868113,20.46
12/04/2016,1800,60300000,33.5(1.82 %),1800,60300000,0,0,866313,20.52
13/04/2016,100,3600000,33.5(0.00 %),100,3600000,0,0,866313,20.52
14/04/2016,300,10410000,34.9(4.18 %),300,10410000,0,0,866013,20.53
15/04/2016,200,6980000,34.9(0.00 %),200,6980000,0,0,865813,20.53
19/04/2016,5000,171600000,34.9(0.00 %),5000,171600000,0,0,860813,20.7
20/04/2016,700,24580000,34.9(0.00 %),700,24580000,0,0,860113,20.72
21/04/2016,0,0,37(6.02 %),0,0,0,0,860113,20.72
22/04/2016,200,7560000,37.8(2.16 %),200,7560000,0,0,859913,20.73
25/04/2016,1400,54500000,39(3.17 %),1400,54500000,0,0,858513,20.77
26/04/2016,0,0,39(0.00 %),0,0,0,0,858513,20.77
27/04/2016,0,0,41.5(6.41 %),0,0,0,0,858513,20.77
28/04/2016,300,11590000,41(-1.20 %),300,11590000,0,0,858213,20.78
29/04/2016,0,0,41(0.00 %),0,0,0,0,858213,20.78
04/05/2016,0,0,41(0.00 %),0,0,0,0,858213,20.78
05/05/2016,0,0,40(-2.44 %),0,0,0,0,858213,20.78
06/05/2016,0,0,40(0.00 %),0,0,0,0,858213,20.78
09/05/2016,100,4140000,41.4(3.50 %),100,4140000,0,0,858113,20.79
10/05/2016,0,0,41.4(0.00 %),0,0,0,0,858113,20.79
11/05/2016,0,0,37.3(-9.90 %),0,0,0,0,858113,20.79
12/05/2016,100,3730000,37.3(0.00 %),100,3730000,0,0,858013,20.79
13/05/2016,100,3920000,39.2(5.09 %),100,3920000,0,0,857913,20.79
16/05/2016,0,0,39.2(0.00 %),0,0,0,0,857913,20.79
17/05/2016,0,0,39.2(0.00 %),0,0,0,0,857913,20.79
18/05/2016,0,0,39.2(0.00 %),0,0,0,0,857913,20.79
19/05/2016,0,0,39.2(0.00 %),0,0,0,0,857913,20.79
20/05/2016,-100,-3800000,38(-3.06 %),0,0,100,3800000,857913,20.79
23/05/2016,2100,72670000,37(-2.63 %),2400,83770000,300,11100000,855513,20.87
24/05/2016,-400,-13340000,36.6(-1.08 %),100,3660000,500,17000000,855413,20.88
25/05/2016,-100,-2960000,36.4(-0.55 %),100,3640000,200,6600000,855413,20.88
26/05/2016,-100,-2800000,37.8(3.85 %),100,3780000,200,6580000,855613,20.87
27/05/2016,0,180000,35.9(-5.03 %),100,3590000,100,3410000,856013,20.86
30/05/2016,-1700,-55180000,32.4(-9.75 %),0,0,1700,55180000,856213,20.85
31/05/2016,100,3300000,33(1.85 %),100,3300000,0,0,856313,20.85
01/06/2016,0,0,33(0.00 %),0,0,0,0,856413,20.84
02/06/2016,0,0,32.5(-1.52 %),0,0,0,0,858113,20.79
03/06/2016,100,3390000,33.9(4.31 %),100,3390000,0,0,858013,20.79
06/06/2016,200,6740000,33.7(-0.59 %),200,6740000,0,0,857813,20.8
07/06/2016,200,6800000,34(0.89 %),200,6800000,0,0,857613,20.8
08/06/2016,800,27370000,34(0.00 %),800,27370000,0,0,856813,20.83
09/06/2016,4600,156250000,33.7(-0.88 %),4600,156250000,0,0,852213,20.98
10/06/2016,100,3450000,34.5(2.37 %),100,3450000,0,0,852113,20.98
13/06/2016,200,7260000,36.3(5.22 %),200,7260000,0,0,851913,20.99
14/06/2016,0,0,36.3(0.00 %),0,0,0,0,851913,20.99
15/06/2016,100,3870000,38.7(6.61 %),100,3870000,0,0,851813,20.99
16/06/2016,0,0,38.7(0.00 %),0,0,0,0,851813,20.99
17/06/2016,0,0,38.7(0.00 %),0,0,0,0,851813,20.99
20/06/2016,0,0,38.7(0.00 %),0,0,0,0,851813,20.99
21/06/2016,100,3970000,39.7(2.58 %),100,3970000,0,0,851713,21.0
22/06/2016,0,0,39.7(0.00 %),0,0,0,0,851713,21.0
23/06/2016,0,0,39.7(0.00 %),0,0,0,0,851713,21.0
24/06/2016,0,0,39.7(0.00 %),0,0,0,0,851713,21.0
27/06/2016,0,0,39.7(0.00 %),0,0,0,0,851713,21.0
28/06/2016,0,0,39.7(0.00 %),0,0,0,0,851713,21.0
29/06/2016,0,0,39.7(0.00 %),0,0,0,0,851713,21.0
30/06/2016,0,0,39.7(0.00 %),0,0,0,0,851713,21.0
01/07/2016,0,0,39.7(0.00 %),0,0,0,0,851713,21.0
04/07/2016,0,0,39.7(0.00 %),0,0,0,0,851713,21.0
05/07/2016,0,0,39.7(0.00 %),0,0,0,0,851713,21.0
06/07/2016,0,0,39.7(0.00 %),0,0,0,0,851713,21.0
07/07/2016,300,12570000,41.5(4.53 %),300,12570000,0,0,851413,21.01
08/07/2016,300,11630000,41.5(0.00 %),300,11630000,0,0,851113,21.02
11/07/2016,0,0,41.5(0.00 %),0,0,0,0,851113,21.02
12/07/2016,300,12450000,41.5(0.00 %),1900,78750000,1600,66300000,849213,21.08
13/07/2016,0,0,41.4(-0.24 %),200,8280000,200,8280000,849013,21.09
14/07/2016,0,0,41.4(0.00 %),0,0,0,0,849013,21.09
15/07/2016,0,0,37.3(-9.90 %),0,0,0,0,850613,21.03
18/07/2016,100,3730000,37.3(0.00 %),100,3730000,0,0,850713,21.03
19/07/2016,0,0,33.6(-9.92 %),0,0,0,0,850713,21.03
20/07/2016,100,3690000,36.9(9.82 %),100,3690000,0,0,850613,21.03
21/07/2016,100,4030000,40.3(9.21 %),100,4030000,0,0,850513,21.04
22/07/2016,100,4180000,41.8(3.72 %),100,4180000,0,0,850413,21.04
25/07/2016,0,0,41.8(0.00 %),0,0,0,0,850413,21.04
26/07/2016,0,0,37.7(-9.81 %),0,0,0,0,850413,21.04
27/07/2016,0,0,34.1(-9.55 %),100,3990000,100,3990000,850313,21.04
28/07/2016,0,0,36(5.57 %),0,0,0,0,850313,21.04
29/07/2016,-900,-29300000,37(2.78 %),100,3700000,1000,33000000,850213,21.05
01/08/2016,-1900,-63290000,33.3(-10.00 %),0,0,1900,63290000,850313,21.04
02/08/2016,100,3590000,35.9(7.81 %),1900,63290000,1800,59700000,848413,21.11
03/08/2016,0,0,35.9(0.00 %),0,0,0,0,849413,21.07
04/08/2016,200,6990000,35(-2.51 %),1400,46960000,1200,39970000,849913,21.06
05/08/2016,100,3830000,36.9(5.43 %),2200,73440000,2100,69610000,849513,21.07
08/08/2016,0,0,36.9(0.00 %),0,0,0,0,849513,21.07
09/08/2016,100,3920000,39.2(6.23 %),100,3920000,0,0,850613,21.03
10/08/2016,0,0,39.2(0.00 %),0,0,0,0,852713,20.96
11/08/2016,0,0,39.2(0.00 %),0,0,0,0,852713,20.96
12/08/2016,0,0,39.2(0.00 %),0,0,0,0,852713,20.96
15/08/2016,2700,95380000,36(-8.16 %),2700,95380000,0,0,850013,21.05
16/08/2016,0,0,36(0.00 %),0,0,0,0,850013,21.05
17/08/2016,0,0,36(0.00 %),0,0,0,0,850013,21.05
18/08/2016,0,0,36(0.00 %),0,0,0,0,850013,21.05
19/08/2016,0,0,36(0.00 %),0,0,0,0,850013,21.05
22/08/2016,-1000,-32500000,33(-8.33 %),5000,165900000,6000,198400000,845013,21.22
23/08/2016,-11600,-359820000,31(-6.06 %),2000,62000000,13600,421820000,843013,21.28
24/08/2016,-800,-24570000,29.7(-4.19 %),200,6430000,1000,31000000,842813,21.29
25/08/2016,900,26550000,30(1.01 %),1200,35450000,300,8900000,847613,21.13
26/08/2016,100,3240000,32.4(8.00 %),100,3240000,0,0,861113,20.69
29/08/2016,-9600,-288000000,30(-7.41 %),0,0,9600,288000000,862113,20.66
30/08/2016,100,3220000,29.6(-1.33 %),100,3220000,0,0,862313,20.65
31/08/2016,0,0,29.6(0.00 %),0,0,0,0,862313,20.65
01/09/2016,100,3050000,30.5(3.04 %),100,3050000,0,0,871813,20.34
05/09/2016,0,0,30.5(0.00 %),0,0,0,0,871813,20.34
06/09/2016,0,0,30.5(0.00 %),0,0,0,0,871813,20.34
07/09/2016,400,12050000,29.6(-2.95 %),400,12050000,0,0,871413,20.35
08/09/2016,-5000,-147500000,27.8(-6.08 %),5000,147500000,10000,295000000,866413,20.51
09/09/2016,300,8930000,29.9(7.55 %),300,8930000,0,0,866113,20.52
12/09/2016,0,0,29.9(0.00 %),0,0,0,0,866113,20.52
13/09/2016,2400,71350000,30(0.33 %),2400,71350000,0,0,873713,20.27
14/09/2016,300,9200000,31.5(5.00 %),300,9200000,0,0,873413,20.28
15/09/2016,1500,47100000,29.7(-5.71 %),1500,47100000,0,0,871913,20.33
16/09/2016,400,12560000,31.4(5.72 %),400,12560000,0,0,871513,20.35
19/09/2016,600,19200000,32(1.91 %),600,19200000,0,0,870913,20.37
20/09/2016,0,0,32(0.00 %),0,0,0,0,870913,20.37
21/09/2016,0,0,32(0.00 %),0,0,0,0,870913,20.37
22/09/2016,0,0,32(0.00 %),0,0,0,0,870913,20.37
23/09/2016,100,3160000,31.6(-1.25 %),200,6320000,100,3160000,870713,20.37
26/09/2016,0,0,31.6(0.00 %),0,0,0,0,870713,20.37
27/09/2016,-3800,-112200000,29.5(-6.65 %),2600,76700000,6400,188900000,868113,20.46
28/09/2016,-100,-2950000,29.5(0.00 %),3000,88500000,3100,91450000,865213,20.55
29/09/2016,-7000,-206500000,29.5(0.00 %),0,0,7000,206500000,865213,20.55
30/09/2016,500,14750000,29.5(0.00 %),7100,209520000,6600,194770000,864513,20.58
03/10/2016,100,3140000,31.4(6.44 %),100,3140000,0,0,867513,20.48
04/10/2016,300,8850000,30.5(-2.87 %),300,8850000,0,0,874213,20.26
05/10/2016,-3900,-130850000,33.5(9.84 %),200,6150000,4100,137000000,880613,20.05
06/10/2016,100,3550000,35.5(5.97 %),100,3550000,0,0,880513,20.05
07/10/2016,-100,-3200000,32(-9.86 %),100,3200000,200,6400000,880413,20.05
10/10/2016,-800,-23490000,33(3.12 %),200,6510000,1000,30000000,884313,19.93
11/10/2016,0,0,33(0.00 %),0,0,0,0,884313,19.93
12/10/2016,100,3150000,31.5(-4.55 %),100,3150000,0,0,884413,19.92
13/10/2016,0,0,31.5(0.00 %),0,0,0,0,885413,19.89
14/10/2016,0,0,31.5(0.00 %),0,0,0,0,885413,19.89
17/10/2016,8200,237800000,30(-4.76 %),8300,240800000,100,3000000,877113,20.16
18/10/2016,0,60000,29.8(-0.67 %),100,2980000,100,2920000,877013,20.17
19/10/2016,1400,43670000,30.9(3.69 %),3500,107120000,2100,63450000,873501,20.28
20/10/2016,0,0,30.9(0.00 %),0,0,0,0,873601,20.28
21/10/2016,-800,-23900000,30.5(-1.29 %),200,6100000,1000,30000000,873501,20.28
24/10/2016,0,0,30.5(0.00 %),0,0,0,0,875601,20.21
25/10/2016,0,0,30.5(0.00 %),0,0,0,0,875601,20.21
26/10/2016,0,0,30.5(0.00 %),0,0,0,0,876601,20.18
27/10/2016,0,0,30.5(0.00 %),0,0,0,0,876601,20.18
28/10/2016,100,3210000,32.1(5.25 %),100,3210000,0,0,876501,20.18
31/10/2016,100,3190000,31.9(-0.62 %),100,3190000,0,0,876401,20.19
01/11/2016,0,0,31.9(0.00 %),0,0,0,0,876401,20.19
02/11/2016,0,0,31.9(0.00 %),0,0,0,0,876401,20.19
03/11/2016,0,0,31.9(0.00 %),0,0,0,0,876401,20.19
04/11/2016,0,280000,31.6(-0.94 %),100,3160000,100,2880000,876301,20.19
07/11/2016,0,0,31.6(0.00 %),0,0,0,0,876301,20.19
08/11/2016,0,340000,31.9(0.95 %),100,3190000,100,2850000,876201,20.19
09/11/2016,100,3160000,31.6(-0.94 %),100,3160000,0,0,876201,20.19
10/11/2016,0,340000,31.9(0.95 %),100,3190000,100,2850000,876101,20.2
11/11/2016,100,3050000,30.5(-4.39 %),100,3050000,0,0,876101,20.2
14/11/2016,100,3070000,30.7(0.66 %),100,3070000,0,0,876001,20.2
15/11/2016,0,0,30.7(0.00 %),0,0,0,0,876101,20.2
16/11/2016,400,12880000,32.8(6.84 %),400,12880000,0,0,875701,20.21
17/11/2016,0,0,32.8(0.00 %),0,0,0,0,875701,20.21
18/11/2016,0,0,32.8(0.00 %),0,0,0,0,875701,20.21
21/11/2016,0,0,32.8(0.00 %),0,0,0,0,875701,20.21
22/11/2016,-1700,-50880000,31.2(-4.88 %),100,3120000,1800,54000000,875601,20.21
23/11/2016,0,0,30.7(-1.60 %),0,0,0,0,875601,20.21
24/11/2016,0,0,31(0.98 %),0,0,0,0,875601,20.21
25/11/2016,300,9500000,32.3(4.19 %),300,9500000,0,0,877101,20.16
28/11/2016,200,6680000,32.9(1.86 %),200,6680000,0,0,876901,20.17
29/11/2016,0,0,32.9(0.00 %),0,0,0,0,876901,20.17
30/11/2016,0,0,32.9(0.00 %),0,0,0,0,876901,20.17
01/12/2016,0,0,32.9(0.00 %),0,0,0,0,876901,20.17
02/12/2016,0,0,33(0.30 %),0,0,0,0,876901,20.17
05/12/2016,0,0,32.7(-0.91 %),0,0,0,0,876901,20.17
06/12/2016,0,0,32.7(0.00 %),0,0,0,0,876901,20.17
07/12/2016,0,0,33.2(1.53 %),100,3320000,100,3320000,876801,20.17
08/12/2016,-1000,-33200000,33.2(0.00 %),0,0,1000,33200000,876801,20.17
09/12/2016,0,0,32.2(0.00 %),0,0,0,0,876801,20.17
12/12/2016,0,0,32.2(0.00 %),0,0,0,0,876901,20.17
13/12/2016,100,3500000,32.5(0.93 %),100,3500000,0,0,877801,20.14
14/12/2016,0,0,32.5(0.00 %),0,0,0,0,877801,20.14
15/12/2016,0,0,32.5(0.00 %),0,0,0,0,877801,20.14
16/12/2016,200,6800000,35(7.69 %),200,6800000,0,0,877601,20.15
19/12/2016,0,0,35(0.00 %),0,0,0,0,877601,20.15
20/12/2016,0,0,35(0.00 %),0,0,0,0,877601,20.15
21/12/2016,200,6790000,34.9(-0.29 %),200,6790000,0,0,877401,20.15
22/12/2016,0,0,34.9(0.00 %),0,0,0,0,877401,20.15
23/12/2016,0,0,34.9(0.00 %),0,0,0,0,877401,20.15
26/12/2016,0,0,34.9(0.00 %),0,0,0,0,877401,20.15
27/12/2016,-1000,-34900000,34.9(0.00 %),0,0,1000,34900000,877401,20.15
28/12/2016,200,7310000,37.1(6.30 %),200,7310000,0,0,877201,20.16
29/12/2016,0,0,37.1(0.00 %),0,0,0,0,877201,20.16
30/12/2016,200,7570000,38.6(4.04 %),200,7570000,0,0,878001,20.13
03/01/2017,0,0,38.6(0.00 %),0,0,0,0,878001,20.13
04/01/2017,0,0,38.6(0.00 %),0,0,0,0,878001,20.13
05/01/2017,0,0,38.6(0.00 %),0,0,0,0,878001,20.13
06/01/2017,0,0,38.6(0.00 %),0,0,0,0,878001,20.13
09/01/2017,0,0,34.8(-9.84 %),0,0,0,0,878001,20.13
10/01/2017,100,3700000,37(6.32 %),100,3700000,0,0,877901,20.14
11/01/2017,100,3850000,38.5(4.05 %),100,3850000,0,0,877801,20.14
12/01/2017,100,4100000,41(6.49 %),100,4100000,0,0,877701,20.14
13/01/2017,100,4280000,42.8(4.39 %),100,4280000,0,0,877601,20.15
16/01/2017,0,0,42.8(0.00 %),0,0,0,0,877601,20.15
17/01/2017,0,0,42.8(0.00 %),0,0,0,0,877601,20.15
18/01/2017,0,0,38.6(-9.81 %),0,0,0,0,877601,20.15
19/01/2017,0,0,38.6(0.00 %),0,0,0,0,877601,20.15
20/01/2017,0,0,38.6(0.00 %),0,0,0,0,877601,20.15
23/01/2017,100,4030000,40.3(4.40 %),100,4030000,0,0,877501,20.15
24/01/2017,0,0,40.3(0.00 %),0,0,0,0,877501,20.15
25/01/2017,100,4300000,36.3(-9.93 %),100,4300000,0,0,877401,20.15
02/02/2017,100,3990000,39.9(9.92 %),100,3990000,0,0,877301,20.16
03/02/2017,0,0,39.9(0.00 %),0,0,0,0,877301,20.16
06/02/2017,0,0,39.9(0.00 %),0,0,0,0,877301,20.16
07/02/2017,0,0,39.9(0.00 %),0,0,0,0,877301,20.16
08/02/2017,0,0,39.9(0.00 %),0,0,0,0,877301,20.16
09/02/2017,0,0,39.9(0.00 %),0,0,0,0,877301,20.16
10/02/2017,0,0,39.9(0.00 %),0,0,0,0,877301,20.16
13/02/2017,0,0,39.9(0.00 %),0,0,0,0,877301,20.16
14/02/2017,0,0,39.9(0.00 %),0,0,0,0,877301,20.16
15/02/2017,0,0,39.9(0.00 %),0,0,0,0,877301,20.16
16/02/2017,0,0,39.9(0.00 %),0,0,0,0,877301,20.16
17/02/2017,0,0,39.9(0.00 %),0,0,0,0,877301,20.16
20/02/2017,0,0,39.9(0.00 %),0,0,0,0,877301,20.16
21/02/2017,100,4250000,42.5(6.52 %),100,4250000,0,0,877201,20.16
22/02/2017,0,0,42.5(0.00 %),0,0,0,0,877201,20.16
23/02/2017,0,0,42.5(0.00 %),0,0,0,0,877201,20.16
24/02/2017,0,0,42.5(0.00 %),0,0,0,0,877201,20.16
27/02/2017,0,0,38.9(-8.47 %),300,11610000,300,11610000,876901,20.17
28/02/2017,0,0,38.9(0.00 %),0,0,0,0,876901,20.17
01/03/2017,0,0,38.9(0.00 %),0,0,0,0,876901,20.17
02/03/2017,100,4250000,42.5(9.25 %),100,4250000,0,0,877101,20.16
03/03/2017,0,0,42.5(0.00 %),0,0,0,0,877101,20.16
06/03/2017,-300,-12710000,42.3(-0.47 %),0,0,300,12710000,877101,20.16
07/03/2017,0,0,40(-5.44 %),0,0,0,0,877101,20.16
08/03/2017,-100,-3210000,39.9(-0.25 %),100,3990000,200,7200000,877001,20.17
09/03/2017,-1000,-37060000,39.5(-1.00 %),100,3950000,1100,41010000,877201,20.16
10/03/2017,-2500,-89090000,39.9(1.01 %),100,3990000,2600,93080000,877101,20.16
13/03/2017,0,0,39.9(0.00 %),0,0,0,0,877301,20.16
14/03/2017,-4800,-170630000,42(5.26 %),600,23770000,5400,194400000,877801,20.14
15/03/2017,100,3780000,37.8(-10.00 %),100,3780000,0,0,880301,20.06
16/03/2017,-1500,-51630000,39.7(5.03 %),300,12050000,1800,63680000,880001,20.07
17/03/2017,100,3950000,39.5(2.07 %),100,3950000,0,0,885301,19.89
20/03/2017,100,4230000,42.3(7.09 %),100,4230000,0,0,885201,19.9
21/03/2017,0,0,38.1(-9.93 %),0,0,0,0,887001,19.84
22/03/2017,200,7120000,34.3(-9.97 %),200,7120000,0,0,886801,19.84
23/03/2017,0,0,34(-0.87 %),0,0,0,0,886801,19.84
24/03/2017,0,0,34(0.00 %),0,0,0,0,886801,19.84
27/03/2017,100,3680000,34(0.00 %),100,3680000,0,0,886701,19.85
28/03/2017,100,3680000,36.8(8.24 %),100,3680000,0,0,886601,19.85
29/03/2017,100,3650000,36.5(-0.82 %),100,3650000,0,0,886501,19.85
30/03/2017,0,0,36.5(0.00 %),0,0,0,0,886501,19.85
31/03/2017,0,0,33.5(-8.22 %),0,0,0,0,886501,19.85
03/04/2017,0,0,34(1.49 %),0,0,0,0,886501,19.85
04/04/2017,0,0,34(0.00 %),0,0,0,0,886501,19.85
05/04/2017,1200,40200000,33.5(-1.47 %),1200,40200000,0,0,885301,19.89
07/04/2017,100,3630000,36.3(8.36 %),100,3630000,0,0,885201,19.9
10/04/2017,0,0,36.3(0.00 %),0,0,0,0,885201,19.9
11/04/2017,100,3920000,33.4(-7.99 %),200,7250000,100,3330000,885001,19.9
12/04/2017,100,3650000,33.4(0.00 %),100,3650000,0,0,884901,19.91
13/04/2017,100,3520000,35.2(5.39 %),100,3520000,0,0,884801,19.91
14/04/2017,0,0,35.2(0.00 %),0,0,0,0,884901,19.91
17/04/2017,900,30060000,35(-0.57 %),900,30060000,0,0,884001,19.94
18/04/2017,0,0,35(0.00 %),0,0,0,0,884001,19.94
19/04/2017,0,0,34(-2.86 %),0,0,0,0,884001,19.94
20/04/2017,0,0,34(0.00 %),0,0,0,0,884001,19.94
21/04/2017,200,6800000,34(0.00 %),200,6800000,0,0,883801,19.94
24/04/2017,0,0,34.1(0.29 %),0,0,0,0,883801,19.94
25/04/2017,0,0,34.1(0.00 %),0,0,0,0,883801,19.94
26/04/2017,0,0,34.1(0.00 %),0,0,0,0,883801,19.94
27/04/2017,0,0,36.9(8.21 %),0,0,0,0,883801,19.94
28/04/2017,-3800,-125930000,39.4(6.78 %),200,7270000,4000,133200000,883601,19.95
03/05/2017,80,3168000,38.8(-1.52 %),100,3880000,20,712000,883501,19.95
04/05/2017,0,0,38.8(0.00 %),0,0,0,0,883501,19.95
05/05/2017,-800,-27550000,38.5(-0.77 %),200,7450000,1000,35000000,887301,19.83
08/05/2017,0,0,38.5(0.00 %),0,0,0,0,887321,19.83
09/05/2017,-3100,-107150000,38.9(1.04 %),100,3890000,3200,111040000,887221,19.83
10/05/2017,-98,-3439800,38.9(0.00 %),0,0,98,3439800,888221,19.8
11/05/2017,-2100,-73330000,38.9(0.00 %),100,3890000,2200,77220000,888121,19.8
12/05/2017,0,0,35.1(-9.77 %),0,0,0,0,891321,19.7
15/05/2017,0,0,33(-5.98 %),0,0,0,0,891419,19.69
16/05/2017,-6100,-193980000,30.1(-8.79 %),0,0,6100,193980000,893619,19.62
17/05/2017,-1000,-30000000,30(-0.33 %),0,0,1000,30000000,893619,19.62
18/05/2017,0,0,30(0.00 %),0,0,0,0,893619,19.62
19/05/2017,0,0,30(0.00 %),0,0,0,0,899719,19.42
22/05/2017,0,0,29.9(-0.33 %),0,0,0,0,900719,19.39
23/05/2017,0,0,29.9(0.00 %),0,0,0,0,900719,19.39
24/05/2017,0,0,29.9(0.00 %),0,0,0,0,900719,19.39
25/05/2017,0,0,29.9(0.00 %),0,0,0,0,900719,19.39
26/05/2017,0,0,30.8(3.01 %),0,0,0,0,900719,19.39
29/05/2017,-1000,-29080000,29(-5.84 %),0,0,1000,29080000,900719,19.39
30/05/2017,0,0,29(0.00 %),0,0,0,0,900719,19.39
31/05/2017,0,0,30.9(6.55 %),0,0,0,0,900719,19.39
01/06/2017,0,0,30.9(0.00 %),0,0,0,0,901719,19.35
02/06/2017,-700,-20300000,29(-6.15 %),0,0,700,20300000,901719,19.35
05/06/2017,0,0,29(0.00 %),0,0,0,0,901719,19.35
06/06/2017,0,0,29(0.00 %),0,0,0,0,901719,19.35
07/06/2017,0,0,29(0.00 %),0,0,0,0,902419,19.33
08/06/2017,0,0,29(0.00 %),0,0,0,0,902419,19.33
09/06/2017,100,2990000,29.9(3.10 %),100,2990000,0,0,902319,19.33
12/06/2017,0,0,29.9(0.00 %),0,0,0,0,902319,19.33
13/06/2017,0,0,29.9(0.00 %),0,0,0,0,902319,19.33
14/06/2017,0,0,28.1(-6.02 %),0,0,0,0,902319,19.33
15/06/2017,-500,-14050000,28.1(0.00 %),0,0,500,14050000,902319,19.33
16/06/2017,0,0,28.1(0.00 %),0,0,0,0,902319,19.33
19/06/2017,100,2700000,28.2(0.36 %),100,2700000,0,0,902219,19.34
20/06/2017,-1100,-29830000,28.3(0.35 %),0,0,1100,29830000,902719,19.32
21/06/2017,-200,-5300000,28.1(-0.71 %),0,0,200,5300000,902719,19.32
22/06/2017,0,0,28.1(0.00 %),0,0,0,0,902719,19.32
23/06/2017,0,0,28.1(0.00 %),0,0,0,0,903819,19.28
26/06/2017,0,0,28.1(0.00 %),0,0,0,0,904019,19.28
27/06/2017,-600,-15180000,25.3(-9.96 %),0,0,600,15180000,904019,19.28
28/06/2017,0,0,25.3(0.00 %),0,0,0,0,904019,19.28
29/06/2017,-400,-9240000,26.8(5.93 %),0,0,400,9240000,904019,19.28
30/06/2017,0,0,26.8(0.00 %),0,0,0,0,904619,19.26
03/07/2017,0,0,26.8(0.00 %),0,0,0,0,904619,19.26
04/07/2017,-3500,-98700000,28.2(5.22 %),0,0,3500,98700000,905019,19.24
05/07/2017,0,0,30.9(9.57 %),0,0,0,0,905019,19.24
06/07/2017,0,0,33.5(8.41 %),0,0,0,0,905019,19.24
07/07/2017,0,0,33.5(0.00 %),0,0,0,0,908519,19.13
10/07/2017,0,0,33.5(0.00 %),0,0,0,0,908519,19.13
11/07/2017,0,0,33.5(0.00 %),0,0,0,0,908519,19.13
12/07/2017,0,0,33.5(0.00 %),0,0,0,0,908519,19.13
13/07/2017,0,0,33.5(0.00 %),0,0,0,0,908519,19.13
14/07/2017,0,0,30.2(-9.85 %),0,0,0,0,908519,19.13
17/07/2017,0,0,32.9(8.94 %),0,0,0,0,908519,19.13
18/07/2017,0,0,32.9(0.00 %),0,0,0,0,908519,19.13
19/07/2017,0,0,29.7(-9.73 %),0,0,0,0,908519,19.13
20/07/2017,0,0,32.4(9.09 %),0,0,0,0,908519,19.13
21/07/2017,0,0,32.5(0.31 %),0,0,0,0,908519,19.13
24/07/2017,0,0,34(4.62 %),0,0,0,0,908519,19.13
25/07/2017,0,0,35.1(3.24 %),0,0,0,0,908519,19.13
26/07/2017,0,0,35.1(0.00 %),0,0,0,0,908519,19.13
27/07/2017,0,0,34.3(-2.28 %),0,0,0,0,908519,19.13
28/07/2017,0,0,34.3(0.00 %),0,0,0,0,908519,19.13
31/07/2017,2400,82320000,34.3(0.00 %),2400,82320000,0,0,906119,19.21
01/08/2017,0,0,34.9(1.75 %),0,0,0,0,906119,19.21
02/08/2017,1400,48300000,34.5(-1.15 %),1400,48300000,0,0,904719,19.25
03/08/2017,0,0,37(7.25 %),0,0,0,0,904719,19.25
04/08/2017,800,29600000,37(0.00 %),800,29600000,0,0,903919,19.28
07/08/2017,0,0,38(2.70 %),0,0,0,0,903919,19.28
08/08/2017,0,0,34.2(-10.00 %),0,0,0,0,903919,19.28
09/08/2017,0,0,36(5.26 %),0,0,0,0,903919,19.28
10/08/2017,0,0,32.5(-9.72 %),0,0,0,0,903919,19.28
11/08/2017,0,0,35.6(9.54 %),0,0,0,0,903919,19.28
14/08/2017,0,0,38.8(8.99 %),0,0,0,0,903919,19.28
15/08/2017,0,0,41.9(7.99 %),0,0,0,0,903919,19.28
16/08/2017,0,0,41.9(0.00 %),0,0,0,0,903919,19.28
17/08/2017,0,0,41.9(0.00 %),0,0,0,0,903919,19.28
18/08/2017,0,0,43.9(4.77 %),0,0,0,0,903919,19.28
21/08/2017,0,0,43.9(0.00 %),0,0,0,0,903919,19.28
22/08/2017,0,0,43.9(0.00 %),0,0,0,0,903919,19.28
23/08/2017,0,0,39.6(-9.79 %),100,3960000,100,3960000,903819,19.28
24/08/2017,0,0,39.6(0.00 %),0,0,0,0,903819,19.28
25/08/2017,0,0,39.9(0.76 %),0,0,0,0,903819,19.28
28/08/2017,0,0,36(-9.77 %),100,3600000,100,3600000,903819,19.28
29/08/2017,0,0,36(0.00 %),0,0,0,0,903819,19.28
30/08/2017,0,0,36(0.00 %),0,0,0,0,903819,19.28
31/08/2017,300,10100000,33(-8.33 %),300,10100000,0,0,903619,19.29
01/09/2017,0,0,33(0.00 %),0,0,0,0,903619,19.29
05/09/2017,0,0,33(0.00 %),0,0,0,0,903619,19.29
06/09/2017,0,0,30.5(-7.58 %),0,0,0,0,903619,19.29
07/09/2017,0,0,30.5(0.00 %),0,0,0,0,903619,19.29
08/09/2017,-300,-9000000,30(-1.64 %),200,5800000,500,14800000,903419,19.3
11/09/2017,0,0,30(0.00 %),0,0,0,0,903419,19.3
12/09/2017,0,0,30(0.00 %),0,0,0,0,903419,19.3
13/09/2017,0,0,30(0.00 %),0,0,0,0,903919,19.28
14/09/2017,0,0,30.2(0.67 %),0,0,0,0,903919,19.28
15/09/2017,0,0,30.2(0.00 %),0,0,0,0,903919,19.28
18/09/2017,0,0,30.2(0.00 %),0,0,0,0,903919,19.28
19/09/2017,0,0,30.2(0.00 %),0,0,0,0,903919,19.28
20/09/2017,0,0,30.2(0.00 %),0,0,0,0,903919,19.28
21/09/2017,0,0,30.2(0.00 %),0,0,0,0,903919,19.28
22/09/2017,0,0,30.2(0.00 %),0,0,0,0,903919,19.28
25/09/2017,0,0,30.2(0.00 %),0,0,0,0,903919,19.28
26/09/2017,0,0,30.2(0.00 %),0,0,0,0,903919,19.28
27/09/2017,0,0,30.2(0.00 %),0,0,0,0,903919,19.28
28/09/2017,0,0,30.2(0.00 %),0,0,0,0,903919,19.28
29/09/2017,0,0,30.2(0.00 %),0,0,0,0,903919,19.28
02/10/2017,-4000,-120000000,30(-0.66 %),0,0,4000,120000000,903919,19.28
03/10/2017,0,0,30(0.00 %),0,0,0,0,903919,19.28
04/10/2017,0,0,30(0.00 %),0,0,0,0,903919,19.28
05/10/2017,0,0,30(0.00 %),0,0,0,0,907919,19.15
06/10/2017,0,0,30(0.00 %),0,0,0,0,907919,19.15
09/10/2017,0,0,30(0.00 %),0,0,0,0,907919,19.15
10/10/2017,0,0,30(0.00 %),0,0,0,0,907919,19.15
11/10/2017,-400,-12000000,30(0.00 %),0,0,400,12000000,907919,19.15
12/10/2017,-200,-6000000,30(0.00 %),0,0,200,6000000,907919,19.15
13/10/2017,0,0,33(10.00 %),0,0,0,0,907919,19.15
16/10/2017,0,0,36.2(9.70 %),0,0,0,0,908319,19.14
17/10/2017,0,0,39.7(9.67 %),0,0,0,0,908519,19.13
18/10/2017,0,0,42.5(7.05 %),0,0,0,0,908519,19.13
19/10/2017,0,0,42.5(0.00 %),0,0,0,0,908519,19.13
20/10/2017,0,0,42.5(0.00 %),0,0,0,0,908519,19.13
23/10/2017,0,0,42.5(0.00 %),0,0,0,0,908519,19.13
24/10/2017,0,0,42.5(0.00 %),0,0,0,0,908519,19.13
25/10/2017,0,0,42.5(0.00 %),0,0,0,0,908519,19.13
26/10/2017,0,0,42.5(0.00 %),0,0,0,0,908519,19.13
27/10/2017,0,0,42.5(0.00 %),0,0,0,0,908519,19.13
30/10/2017,0,0,42.5(0.00 %),0,0,0,0,908519,19.13
31/10/2017,0,0,42.5(0.00 %),0,0,0,0,908519,19.13
01/11/2017,0,0,42.5(0.00 %),0,0,0,0,908519,19.13
02/11/2017,0,0,42.5(0.00 %),0,0,0,0,908519,19.13
03/11/2017,-100,-3830000,38.3(-9.88 %),0,0,100,3830000,908519,19.13
06/11/2017,0,0,34.5(-9.92 %),0,0,0,0,908519,19.13
07/11/2017,-800,-24890000,31.1(-9.86 %),0,0,800,24890000,908519,19.13
08/11/2017,-4600,-137810000,30(-3.54 %),0,0,4600,137810000,908619,19.13
09/11/2017,0,0,27.1(-9.67 %),0,0,0,0,908619,19.13
10/11/2017,-2000,-56000000,29(7.01 %),0,0,2000,56000000,909419,19.1
13/11/2017,0,0,31.4(8.28 %),0,0,0,0,914019,18.95
14/11/2017,-100,-2900000,33.9(7.96 %),0,0,100,2900000,914019,18.95
15/11/2017,0,0,33.9(0.00 %),0,0,0,0,916019,18.88
16/11/2017,0,0,36.9(8.85 %),0,0,0,0,916019,18.88
17/11/2017,0,0,38.9(5.42 %),0,0,0,0,916119,18.88
20/11/2017,0,0,38.9(0.00 %),0,0,0,0,916119,18.88
21/11/2017,0,0,38.9(0.00 %),0,0,0,0,916119,18.88
22/11/2017,0,0,38.9(0.00 %),0,0,0,0,916119,18.88
23/11/2017,0,0,38.9(0.00 %),0,0,0,0,916119,18.88
24/11/2017,0,0,37.9(0.00 %),0,0,0,0,916119,18.88
27/11/2017,0,0,34.2(-9.76 %),0,0,0,0,916119,18.88
28/11/2017,0,0,34.2(0.00 %),0,0,0,0,916119,18.88
29/11/2017,0,0,34.2(0.00 %),0,0,0,0,916119,18.88
30/11/2017,0,0,34.2(0.00 %),0,0,0,0,916119,18.88
01/12/2017,0,0,30.8(-9.94 %),0,0,0,0,916119,18.88
04/12/2017,0,0,30.8(0.00 %),0,0,0,0,916119,18.88
05/12/2017,0,0,29(-5.84 %),0,0,0,0,916119,18.88
06/12/2017,-600,-17400000,29(0.00 %),0,0,600,17400000,916119,18.88
07/12/2017,0,0,29(0.00 %),0,0,0,0,916119,18.88
08/12/2017,0,0,29(0.00 %),0,0,0,0,916119,18.88
11/12/2017,0,0,29(0.00 %),0,0,0,0,916719,18.86
12/12/2017,0,0,31.7(9.31 %),0,0,0,0,916719,18.86
13/12/2017,0,0,31.7(0.00 %),0,0,0,0,916719,18.86
14/12/2017,0,0,31.7(0.00 %),0,0,0,0,916719,18.86
15/12/2017,0,0,31.7(0.00 %),0,0,0,0,916719,18.86
18/12/2017,0,0,34(7.26 %),0,0,0,0,916719,18.86
19/12/2017,0,0,34(0.00 %),0,0,0,0,916719,18.86
20/12/2017,0,0,34(0.00 %),0,0,0,0,916719,18.86
21/12/2017,0,0,34(0.00 %),0,0,0,0,916719,18.86
22/12/2017,0,0,34(0.00 %),0,0,0,0,916719,18.86
25/12/2017,0,0,34(0.00 %),0,0,0,0,916719,18.86
26/12/2017,0,0,30.6(-10.00 %),0,0,0,0,916719,18.86
27/12/2017,0,0,30.6(0.00 %),0,0,0,0,916719,18.86
28/12/2017,-3212,-93138400,29(-5.23 %),0,0,3212,93138400,916719,18.86
29/12/2017,0,0,29(0.00 %),0,0,0,0,916719,18.86
02/01/2018,-1000,-28000000,28(-3.45 %),0,0,1000,28000000,916719,18.86
03/01/2018,0,0,28(0.00 %),0,0,0,0,919931,18.75
04/01/2018,-300,-7740000,26.1(-6.79 %),0,0,300,7740000,919931,18.75
05/01/2018,0,0,26.1(0.00 %),0,0,0,0,920931,18.72
08/01/2018,0,0,26.1(0.00 %),0,0,0,0,920931,18.72
09/01/2018,0,0,26.1(0.00 %),0,0,0,0,921231,18.71
10/01/2018,0,0,26.1(0.00 %),0,0,0,0,921231,18.71
11/01/2018,0,0,26.1(0.00 %),0,0,0,0,921231,18.71
12/01/2018,0,0,26.2(0.38 %),0,0,0,0,921231,18.71
15/01/2018,0,0,26.2(0.00 %),0,0,0,0,921231,18.71
16/01/2018,-100,-2360000,28.7(9.54 %),0,0,100,2360000,921231,18.71
17/01/2018,-100,-2590000,28.4(-1.05 %),0,0,100,2590000,921231,18.71
18/01/2018,0,0,28.4(0.00 %),0,0,0,0,921231,18.71
19/01/2018,-100,-2560000,25.6(-9.86 %),0,0,100,2560000,921331,18.71
22/01/2018,-200,-5120000,25.6(0.00 %),0,0,200,5120000,921431,18.71
23/01/2018,-100,-2310000,25.5(-0.39 %),0,0,100,2310000,921431,18.71
24/01/2018,200,5280000,26.8(5.10 %),200,5280000,0,0,921331,18.71
25/01/2018,500,13000000,26(-2.99 %),19300,501800000,18800,488800000,902231,19.34
26/01/2018,200,5300000,26.9(3.46 %),200,5300000,0,0,902131,19.34
29/01/2018,100,2660000,27(0.37 %),100,2660000,0,0,902031,19.34
30/01/2018,0,0,27(0.00 %),0,0,0,0,920831,18.72
31/01/2018,3000,78000000,26(-3.70 %),3000,78000000,0,0,917831,18.82
01/02/2018,200,5490000,27.9(7.31 %),200,5490000,0,0,917631,18.83
02/02/2018,400,11480000,29(3.94 %),400,11480000,0,0,917231,18.84
05/02/2018,100,3090000,30.9(6.55 %),100,3090000,0,0,917131,18.85
06/02/2018,100,3270000,32.7(5.83 %),100,3270000,0,0,917031,18.85
07/02/2018,0,0,32.7(0.00 %),0,0,0,0,917031,18.85
08/02/2018,0,0,32.7(0.00 %),0,0,0,0,917031,18.85
09/02/2018,0,0,32.7(0.00 %),0,0,0,0,917031,18.85
12/02/2018,0,0,32.7(0.00 %),0,0,0,0,917031,18.85
13/02/2018,200,6640000,34(3.98 %),200,6640000,0,0,916831,18.86
21/02/2018,0,0,34(0.00 %),0,0,0,0,916831,18.86
22/02/2018,0,0,34(0.00 %),0,0,0,0,916831,18.86
23/02/2018,0,0,34(0.00 %),0,0,0,0,916831,18.86
26/02/2018,-900,-28260000,31.4(-7.65 %),0,0,900,28260000,916831,18.86
27/02/2018,0,0,31.4(0.00 %),0,0,0,0,916831,18.86
28/02/2018,0,0,31.4(0.00 %),0,0,0,0,916831,18.86
01/03/2018,0,0,31.4(0.00 %),0,0,0,0,917731,18.83
02/03/2018,0,0,34(8.28 %),100,3400000,100,3400000,917631,18.83
05/03/2018,0,0,34(0.00 %),0,0,0,0,917631,18.83
06/03/2018,0,0,34(0.00 %),0,0,0,0,917631,18.83
07/03/2018,0,0,34(0.00 %),0,0,0,0,917731,18.83
08/03/2018,0,0,34(0.00 %),0,0,0,0,917731,18.83
09/03/2018,0,0,34(0.00 %),0,0,0,0,917731,18.83
12/03/2018,0,0,34(0.00 %),0,0,0,0,917731,18.83
13/03/2018,0,0,34(0.00 %),0,0,0,0,917731,18.83
14/03/2018,0,0,34(0.00 %),0,0,0,0,917731,18.83
15/03/2018,0,0,34(0.00 %),0,0,0,0,917731,18.83
16/03/2018,0,0,34(0.00 %),0,0,0,0,917731,18.83
19/03/2018,0,0,34(0.00 %),0,0,0,0,917731,18.83
20/03/2018,0,0,34(0.00 %),0,0,0,0,917731,18.83
21/03/2018,0,0,34(0.00 %),0,0,0,0,917731,18.83
22/03/2018,300,10440000,36.4(7.06 %),300,10440000,0,0,917431,18.84
23/03/2018,0,0,36.4(0.00 %),0,0,0,0,917431,18.84
26/03/2018,0,0,36.4(0.00 %),0,0,0,0,917431,18.84
27/03/2018,0,0,36.4(0.00 %),0,0,0,0,917431,18.84
28/03/2018,0,0,36.4(0.00 %),0,0,0,0,917431,18.84
29/03/2018,300,10650000,36.5(4.58 %),3700,129310000,3400,118660000,913731,18.96
30/03/2018,0,0,36.5(0.00 %),0,0,0,0,913731,18.96
02/04/2018,0,0,36.5(0.00 %),0,0,0,0,913731,18.96
03/04/2018,0,0,36.5(0.00 %),0,0,0,0,917131,18.85
04/04/2018,0,0,36.5(0.00 %),0,0,0,0,917131,18.85
05/04/2018,0,0,36.5(0.00 %),0,0,0,0,917131,18.85
06/04/2018,0,0,36.5(0.00 %),0,0,0,0,917131,18.85
09/04/2018,0,0,36.5(0.00 %),0,0,0,0,917131,18.85
10/04/2018,300,11260000,39.6(8.49 %),300,11260000,0,0,916831,18.86
11/04/2018,0,0,39.6(0.00 %),0,0,0,0,916831,18.86
12/04/2018,0,0,35.7(-9.85 %),3000,107100000,3000,107100000,913831,18.96
13/04/2018,100,3910000,39.1(9.52 %),100,3910000,0,0,913731,18.96
16/04/2018,0,0,39.1(0.00 %),0,0,0,0,913731,18.96
17/04/2018,0,0,39.1(0.00 %),0,0,0,0,916731,18.86
18/04/2018,0,0,39.1(0.00 %),0,0,0,0,916731,18.86
19/04/2018,0,0,39.1(0.00 %),0,0,0,0,916731,18.86
20/04/2018,0,0,39.1(0.00 %),0,0,0,0,916731,18.86
23/04/2018,0,0,39.1(0.00 %),0,0,0,0,916731,18.86
24/04/2018,0,0,39.1(0.00 %),0,0,0,0,916731,18.86
26/04/2018,-2300,-80240000,35.2(-9.97 %),700,25360000,3000,105600000,916031,18.88
27/04/2018,-4500,-142750000,33(-6.25 %),200,7650000,4700,150400000,915831,18.89
02/05/2018,100,3620000,36.2(9.70 %),100,3620000,0,0,915731,18.89
03/05/2018,0,0,32.6(-9.94 %),0,0,0,0,918731,18.79
04/05/2018,300,10650000,35.5(8.90 %),300,10650000,0,0,923131,18.65
07/05/2018,0,0,38.3(7.89 %),0,0,0,0,923131,18.65
08/05/2018,0,0,38.3(0.00 %),0,0,0,0,923131,18.65
09/05/2018,0,0,38.3(0.00 %),0,0,0,0,923131,18.65
10/05/2018,-100,-3950000,39.5(3.13 %),0,0,100,3950000,923131,18.65
11/05/2018,0,0,39(-1.27 %),100,3900000,100,3900000,923031,18.65
14/05/2018,0,0,35.6(-8.72 %),100,3560000,100,3560000,922931,18.66
15/05/2018,-100,-3890000,38.9(9.27 %),0,0,100,3890000,923031,18.65
16/05/2018,-100,-4140000,41.4(6.43 %),0,0,100,4140000,923131,18.65
17/05/2018,0,0,37.3(-9.90 %),0,0,0,0,923231,18.65
18/05/2018,0,0,37.3(0.00 %),0,0,0,0,923331,18.64
21/05/2018,0,0,37.3(0.00 %),0,0,0,0,923431,18.64
22/05/2018,0,0,33.6(-9.92 %),0,0,0,0,923431,18.64
23/05/2018,200,6710000,35(4.17 %),200,6710000,0,0,923231,18.65
24/05/2018,100,3850000,38.5(10.00 %),100,3850000,0,0,923131,18.65
25/05/2018,0,0,38.5(0.00 %),0,0,0,0,923131,18.65
28/05/2018,0,0,34.7(-9.87 %),0,0,0,0,923131,18.65
29/05/2018,-600,-20280000,34.8(3.26 %),500,16450000,1100,36730000,922631,18.67
30/05/2018,-800,-27600000,34.5(-0.86 %),0,0,800,27600000,922631,18.67
31/05/2018,0,0,34.5(0.00 %),0,0,0,0,922631,18.67
01/06/2018,100,3640000,36.4(5.51 %),100,3640000,0,0,923631,18.63
04/06/2018,100,3900000,39(7.14 %),100,3900000,0,0,924331,18.61
05/06/2018,0,0,39(0.00 %),0,0,0,0,924331,18.61
06/06/2018,0,0,39(0.00 %),0,0,0,0,924331,18.61
07/06/2018,0,0,39(0.00 %),0,0,0,0,924331,18.61
08/06/2018,0,0,39(0.00 %),0,0,0,0,924331,18.61
11/06/2018,0,0,39(0.00 %),0,0,0,0,924331,18.61
12/06/2018,0,0,39(0.00 %),0,0,0,0,924331,18.61
13/06/2018,0,0,39(0.00 %),0,0,0,0,924331,18.61
14/06/2018,0,0,39(0.00 %),0,0,0,0,924331,18.61
15/06/2018,0,0,39(0.00 %),0,0,0,0,924331,18.61
18/06/2018,0,0,39(0.00 %),0,0,0,0,924331,18.61
19/06/2018,0,0,39(0.00 %),0,0,0,0,924331,18.61
20/06/2018,0,0,39(0.00 %),0,0,0,0,924331,18.61
21/06/2018,0,0,39(0.00 %),0,0,0,0,924331,18.61
22/06/2018,-400,-14280000,35.7(-8.46 %),0,0,400,14280000,924331,18.61
25/06/2018,0,0,35(-1.96 %),100,3500000,100,3500000,924231,18.61
26/06/2018,0,0,35(0.00 %),0,0,0,0,924231,18.61
27/06/2018,100,3790000,37.9(8.29 %),100,3790000,0,0,924531,18.6
28/06/2018,100,3690000,36.9(-2.64 %),100,3690000,0,0,924531,18.6
29/06/2018,0,0,36.9(0.00 %),0,0,0,0,924531,18.6
02/07/2018,-300,-10080000,33.6(-8.94 %),0,0,300,10080000,924531,18.6
03/07/2018,0,0,33.6(0.00 %),0,0,0,0,924531,18.6
04/07/2018,0,0,33.6(0.00 %),0,0,0,0,924531,18.6
05/07/2018,0,0,33.6(0.00 %),0,0,0,0,924831,18.59
06/07/2018,0,0,33.6(0.00 %),0,0,0,0,924831,18.59
09/07/2018,0,0,33.6(0.00 %),0,0,0,0,924831,18.59
10/07/2018,100,3500000,35(4.17 %),100,3500000,0,0,924731,18.6
11/07/2018,0,0,35(0.00 %),0,0,0,0,924731,18.6
12/07/2018,0,0,35(0.00 %),0,0,0,0,924731,18.6
13/07/2018,100,3640000,36.4(4.00 %),100,3640000,0,0,924631,18.6
16/07/2018,0,0,36.4(0.00 %),0,0,0,0,924631,18.6
17/07/2018,0,0,36.4(0.00 %),0,0,0,0,924631,18.6
18/07/2018,0,0,36.4(0.00 %),0,0,0,0,924631,18.6
19/07/2018,0,0,36.4(0.00 %),0,0,0,0,924631,18.6
20/07/2018,0,0,36.4(0.00 %),0,0,0,0,924631,18.6
23/07/2018,0,0,36.4(0.00 %),0,0,0,0,924631,18.6
24/07/2018,0,0,36.4(0.00 %),0,0,0,0,924631,18.6
25/07/2018,0,0,36.4(0.00 %),0,0,0,0,924631,18.6
26/07/2018,0,0,36.4(0.00 %),0,0,0,0,924631,18.6
27/07/2018,0,0,36.4(0.00 %),0,0,0,0,924631,18.6
30/07/2018,0,0,36.4(0.00 %),0,0,0,0,924631,18.6
31/07/2018,0,0,36.4(0.00 %),0,0,0,0,924631,18.6
01/08/2018,0,0,36.4(0.00 %),0,0,0,0,924631,18.6
02/08/2018,0,0,36.4(0.00 %),0,0,0,0,924631,18.6
03/08/2018,0,0,36.4(0.00 %),0,0,0,0,924631,18.6
06/08/2018,0,0,36.4(0.00 %),0,0,0,0,924631,18.6
07/08/2018,0,0,36.4(0.00 %),0,0,0,0,924631,18.6
08/08/2018,0,0,36.4(0.00 %),0,0,0,0,924631,18.6
09/08/2018,0,0,36.4(0.00 %),0,0,0,0,924631,18.6
10/08/2018,0,0,36.4(0.00 %),0,0,0,0,924631,18.6
13/08/2018,0,0,36.4(0.00 %),0,0,0,0,924631,18.6
14/08/2018,0,0,36.4(0.00 %),0,0,0,0,924631,18.6
15/08/2018,0,0,36.4(0.00 %),0,0,0,0,924631,18.6
16/08/2018,0,0,36.4(0.00 %),0,0,0,0,924631,18.6
17/08/2018,0,0,32.8(-9.89 %),0,0,0,0,924631,18.6
20/08/2018,0,0,32.8(0.00 %),0,0,0,0,924631,18.6
21/08/2018,-1300,-38510000,34.9(6.40 %),300,9490000,1600,48000000,924331,18.61
22/08/2018,0,0,34.9(0.00 %),0,0,0,0,924331,18.61
23/08/2018,0,0,34.9(0.00 %),0,0,0,0,924331,18.61
24/08/2018,0,0,34.9(0.00 %),0,0,0,0,925931,18.56
27/08/2018,0,0,34.9(0.00 %),0,0,0,0,925931,18.56
28/08/2018,0,0,34.9(0.00 %),0,0,0,0,925931,18.56
29/08/2018,0,0,33.9(0.00 %),0,0,0,0,925931,18.56
30/08/2018,0,0,33.9(0.00 %),0,0,0,0,925931,18.56
31/08/2018,0,0,33.9(0.00 %),0,0,0,0,925931,18.56
04/09/2018,0,0,33.9(0.00 %),0,0,0,0,925931,18.56
05/09/2018,0,0,33.9(0.00 %),0,0,0,0,925931,18.56
06/09/2018,0,0,33.9(0.00 %),0,0,0,0,925931,18.56
07/09/2018,0,0,33.9(0.00 %),0,0,0,0,925931,18.56
10/09/2018,0,0,33.9(0.00 %),0,0,0,0,925931,18.56
11/09/2018,0,0,33.9(0.00 %),0,0,0,0,925931,18.56
12/09/2018,100,3540000,35.4(4.42 %),100,3540000,0,0,925831,18.56
13/09/2018,0,0,35.4(0.00 %),0,0,0,0,925831,18.56
14/09/2018,0,0,35.4(0.00 %),0,0,0,0,925831,18.56
17/09/2018,0,0,35.4(0.00 %),0,0,0,0,925831,18.56
18/09/2018,0,0,35.4(0.00 %),0,0,0,0,925831,18.56
19/09/2018,0,0,35.4(0.00 %),0,0,0,0,925831,18.56
20/09/2018,200,6600000,33(-6.78 %),400,13200000,200,6600000,925431,18.57
21/09/2018,0,0,33(0.00 %),0,0,0,0,925431,18.57
24/09/2018,-900,-28800000,32(-3.03 %),0,0,900,28800000,925431,18.57
25/09/2018,-200,-6400000,33(3.12 %),100,3300000,300,9700000,925531,18.57
26/09/2018,0,0,33(0.00 %),0,0,0,0,925531,18.57
27/09/2018,0,0,33(0.00 %),0,0,0,0,926431,18.54
28/09/2018,0,0,33(0.00 %),0,0,0,0,926731,18.53
01/10/2018,0,0,33(0.00 %),0,0,0,0,926731,18.53
02/10/2018,0,0,33(0.00 %),0,0,0,0,926731,18.53
03/10/2018,100,3550000,35.5(7.58 %),100,3550000,0,0,926631,18.53
04/10/2018,0,0,35.5(0.00 %),0,0,0,0,926631,18.53
05/10/2018,0,0,32(-9.86 %),0,0,0,0,926631,18.53
08/10/2018,0,0,32(0.00 %),0,0,0,0,926631,18.53
09/10/2018,0,0,32(0.00 %),0,0,0,0,926631,18.53
10/10/2018,0,0,32(0.00 %),0,0,0,0,926631,18.53
11/10/2018,0,0,32(0.00 %),0,0,0,0,926631,18.53
12/10/2018,0,0,32(0.00 %),0,0,0,0,926631,18.53
15/10/2018,0,0,32(0.00 %),0,0,0,0,926631,18.53
16/10/2018,0,0,32(0.00 %),0,0,0,0,926631,18.53
17/10/2018,0,0,32(0.00 %),0,0,0,0,926631,18.53
18/10/2018,0,0,32(0.00 %),0,0,0,0,926631,18.53
19/10/2018,100,3450000,34.5(7.81 %),100,3450000,0,0,926531,18.54
22/10/2018,0,0,34.5(0.00 %),0,0,0,0,926531,18.54
23/10/2018,100,3600000,36(4.35 %),100,3600000,0,0,926431,18.54
24/10/2018,0,0,36(0.00 %),0,0,0,0,926431,18.54
25/10/2018,0,0,36(0.00 %),0,0,0,0,926431,18.54
26/10/2018,100,3600000,36(0.00 %),100,3600000,0,0,926331,18.54
29/10/2018,0,0,36(0.00 %),0,0,0,0,926331,18.54
30/10/2018,0,0,36(0.00 %),0,0,0,0,926331,18.54
31/10/2018,0,0,36(0.00 %),0,0,0,0,926331,18.54
01/11/2018,0,0,36(0.00 %),0,0,0,0,926331,18.54
02/11/2018,0,0,36(0.00 %),0,0,0,0,926331,18.54
05/11/2018,0,0,36(0.00 %),0,0,0,0,926331,18.54
06/11/2018,0,0,36(0.00 %),0,0,0,0,926331,18.54
07/11/2018,0,0,36(0.00 %),0,0,0,0,926331,18.54
08/11/2018,0,0,36(0.00 %),0,0,0,0,926331,18.54
09/11/2018,0,0,36(0.00 %),0,0,0,0,926331,18.54
12/11/2018,0,0,36(0.00 %),0,0,0,0,926331,18.54
13/11/2018,0,0,36(0.00 %),0,0,0,0,926331,18.54
14/11/2018,0,0,36(0.00 %),0,0,0,0,926331,18.54
15/11/2018,0,0,36(0.00 %),0,0,0,0,926331,18.54
16/11/2018,0,0,36(0.00 %),0,0,0,0,926331,18.54
19/11/2018,0,0,32.5(-9.72 %),0,0,0,0,926331,18.54
20/11/2018,-1400,-44800000,32(-1.54 %),0,0,1400,44800000,926331,18.54
21/11/2018,0,0,32(0.00 %),0,0,0,0,926331,18.54
22/11/2018,0,0,32(0.00 %),0,0,0,0,926331,18.54
23/11/2018,0,0,32(0.00 %),0,0,0,0,927731,18.5
26/11/2018,0,0,32(0.00 %),0,0,0,0,927731,18.5
27/11/2018,0,0,32(0.00 %),0,0,0,0,927731,18.5
28/11/2018,0,0,32(0.00 %),0,0,0,0,927731,18.5
29/11/2018,0,0,32(0.00 %),0,0,0,0,927731,18.5
03/12/2018,0,0,32(0.00 %),0,0,0,0,927731,18.5
04/12/2018,0,0,32.5(1.56 %),0,0,0,0,927731,18.5
05/12/2018,0,0,32.5(0.00 %),0,0,0,0,927731,18.5
06/12/2018,0,0,32.5(0.00 %),0,0,0,0,927731,18.5
07/12/2018,0,0,32.5(0.00 %),0,0,0,0,927731,18.5
10/12/2018,0,0,32.5(0.00 %),0,0,0,0,927731,18.5
11/12/2018,0,0,32.5(0.00 %),0,0,0,0,927731,18.5
12/12/2018,0,0,32.5(0.00 %),0,0,0,0,927731,18.5
13/12/2018,0,0,32(-1.54 %),0,0,0,0,927731,18.5
14/12/2018,100,3500000,35(9.38 %),100,3500000,0,0,927631,18.5
17/12/2018,0,0,35(0.00 %),0,0,0,0,927631,18.5
18/12/2018,0,0,35(0.00 %),0,0,0,0,927631,18.5
19/12/2018,0,0,35(0.00 %),0,0,0,0,927631,18.5
20/12/2018,0,0,35(0.00 %),0,0,0,0,927631,18.5
21/12/2018,0,0,35(0.00 %),0,0,0,0,927631,18.5
24/12/2018,0,0,35(0.00 %),0,0,0,0,927631,18.5
25/12/2018,0,0,35(0.00 %),0,0,0,0,927631,18.5
26/12/2018,0,0,35(0.00 %),0,0,0,0,927631,18.5
27/12/2018,0,0,35(0.00 %),0,0,0,0,927631,18.5
28/12/2018,0,0,35(0.00 %),100,3500000,100,3500000,927531,18.5
02/01/2019,0,0,35(0.00 %),0,0,0,0,927531,18.5
03/01/2019,0,0,35(0.00 %),0,0,0,0,927531,18.5
04/01/2019,100,3490000,34.9(-0.29 %),100,3490000,0,0,927431,18.51
07/01/2019,0,0,31.6(-9.46 %),0,0,0,0,927431,18.51
08/01/2019,0,0,34.6(9.49 %),100,3460000,100,3460000,927431,18.51
09/01/2019,0,0,34.6(0.00 %),0,0,0,0,927431,18.51
10/01/2019,0,0,34.6(0.00 %),0,0,0,0,927431,18.51
11/01/2019,0,0,34.6(0.00 %),0,0,0,0,927431,18.51
14/01/2019,0,0,34.6(0.00 %),0,0,0,0,927431,18.51
15/01/2019,100,3300000,33(-4.62 %),100,3300000,0,0,927331,18.51
16/01/2019,0,0,33(0.00 %),0,0,0,0,927331,18.51
17/01/2019,0,0,33(0.00 %),0,0,0,0,927331,18.51
18/01/2019,0,0,33(0.00 %),0,0,0,0,927331,18.51
21/01/2019,0,0,33(0.00 %),0,0,0,0,927331,0.0
22/01/2019,0,0,33(0.00 %),0,0,0,0,927331,18.51
23/01/2019,0,0,33(0.00 %),0,0,0,0,927331,18.51
24/01/2019,0,0,33(0.00 %),0,0,0,0,927331,0.0
25/01/2019,0,0,34.9(5.76 %),100,3490000,100,3490000,927331,18.51
28/01/2019,0,0,34.9(0.00 %),0,0,0,0,927331,0.0
29/01/2019,0,0,34.9(0.00 %),0,0,0,0,927331,18.51
30/01/2019,0,0,34.9(0.00 %),0,0,0,0,927331,0.0
31/01/2019,0,0,34.8(-0.29 %),0,0,0,0,927331,18.51
01/02/2019,0,0,34.8(0.00 %),0,0,0,0,927431,18.51
11/02/2019,-1000,-32000000,32(-8.05 %),0,0,1000,32000000,928431,18.47
12/02/2019,-200,-6600000,33(3.12 %),100,3520000,300,10120000,928631,18.47
13/02/2019,0,0,33(0.00 %),0,0,0,0,928631,18.47
14/02/2019,0,0,33(0.00 %),0,0,0,0,928631,18.47
15/02/2019,0,0,33(0.00 %),0,0,0,0,928631,18.47
18/02/2019,0,0,33(0.00 %),0,0,0,0,928631,18.47
19/02/2019,0,0,33(0.00 %),0,0,0,0,928631,18.47
20/02/2019,0,0,33(0.00 %),0,0,0,0,928631,18.47
21/02/2019,0,0,33(0.00 %),0,0,0,0,928631,18.47
22/02/2019,0,0,33(0.00 %),0,0,0,0,928631,0.0
25/02/2019,0,0,33(0.00 %),0,0,0,0,928631,18.47
26/02/2019,0,0,33(0.00 %),0,0,0,0,928631,18.47
27/02/2019,0,0,30.5(-7.58 %),0,0,0,0,928631,18.47
28/02/2019,0,0,31(1.64 %),100,3100000,100,3100000,928631,18.47
01/03/2019,100,3410000,28.6(-7.74 %),100,3410000,0,0,928531,18.47
04/03/2019,100,3140000,31.4(9.79 %),100,3140000,0,0,928431,18.47
05/03/2019,100,3450000,34.5(9.87 %),100,3450000,0,0,928331,0.0
06/03/2019,0,0,34.5(0.00 %),0,0,0,0,928331,18.48
07/03/2019,0,0,34.5(0.00 %),0,0,0,0,928331,0.0
08/03/2019,0,0,34.5(0.00 %),0,0,0,0,928331,0.0
11/03/2019,0,0,34.5(0.00 %),0,0,0,0,928331,0.0
12/03/2019,0,0,34.5(0.00 %),0,0,0,0,928331,18.48
13/03/2019,0,0,34.5(0.00 %),0,0,0,0,928331,18.48
14/03/2019,100,3420000,34.2(-0.87 %),100,3420000,0,0,928231,18.48
15/03/2019,100,3390000,33.9(-0.88 %),100,3390000,0,0,928131,0.0
18/03/2019,0,0,33.9(0.00 %),0,0,0,0,928131,18.48
19/03/2019,0,0,33.9(0.00 %),0,0,0,0,928131,18.48
20/03/2019,0,0,33.9(0.00 %),0,0,0,0,928131,0.0
21/03/2019,0,0,33.9(0.00 %),0,0,0,0,928131,18.48
22/03/2019,0,0,33.9(0.00 %),0,0,0,0,928131,18.48
25/03/2019,0,0,33.9(0.00 %),0,0,0,0,928131,0.0
26/03/2019,0,0,32(-5.60 %),0,0,0,0,928131,18.48
27/03/2019,-2900,-92800000,32(0.00 %),0,0,2900,92800000,931031,18.39
28/03/2019,100,3440000,34.4(7.50 %),100,3440000,0,0,930931,18.39
29/03/2019,0,0,34.4(0.00 %),0,0,0,0,930931,18.39
01/04/2019,0,0,34.3(-0.29 %),0,0,0,0,928031,18.49
02/04/2019,0,0,32.8(0.00 %),0,0,0,0,928031,18.49
03/04/2019,0,0,35(6.71 %),100,3500000,100,3500000,928031,18.49
04/04/2019,0,0,35(0.00 %),0,0,0,0,928031,18.49
05/04/2019,0,0,35(0.00 %),0,0,0,0,928031,18.49
08/04/2019,0,0,35(0.00 %),0,0,0,0,928031,18.49
09/04/2019,0,0,35(0.00 %),0,0,0,0,928031,18.49
10/04/2019,0,0,35(0.00 %),0,0,0,0,928031,18.49
11/04/2019,0,0,35(0.00 %),0,0,0,0,928031,18.49
12/04/2019,0,0,35(0.00 %),0,0,0,0,928031,18.49
16/04/2019,0,0,35(0.00 %),0,0,0,0,928031,0.1
17/04/2019,0,0,35(0.00 %),0,0,0,0,928031,18.49
18/04/2019,0,0,35(0.00 %),0,0,0,0,928031,18.49
19/04/2019,0,0,35(0.00 %),0,0,0,0,928031,18.49
22/04/2019,0,0,35(0.00 %),0,0,0,0,928031,18.49
23/04/2019,0,0,35(0.00 %),0,0,0,0,928031,18.49
24/04/2019,0,0,35(0.00 %),0,0,0,0,928031,18.49
25/04/2019,0,0,35(0.00 %),0,0,0,0,928031,18.49
26/04/2019,0,0,35(0.00 %),0,0,0,0,928031,18.49
02/05/2019,0,0,32(-8.57 %),0,0,0,0,930931,0.0
03/05/2019,-1542,-49226400,32(0.00 %),0,0,1542,49226400,932473,18.34
06/05/2019,-6400,-204700000,33(3.12 %),100,3300000,6500,208000000,938873,18.13
07/05/2019,0,0,33(0.00 %),0,0,0,0,938873,18.13
08/05/2019,-3700,-118220000,33.8(2.42 %),100,3380000,3800,121600000,942573,18.01
09/05/2019,0,0,33.8(0.00 %),0,0,0,0,942573,18.01
10/05/2019,100,3440000,34.4(1.78 %),100,3440000,0,0,942473,18.01
13/05/2019,0,0,34.4(0.00 %),0,0,0,0,942473,18.01
14/05/2019,0,0,34.4(0.00 %),0,0,0,0,942473,18.01
15/05/2019,0,0,34.4(0.00 %),0,0,0,0,942473,18.01
16/05/2019,0,0,34.4(0.00 %),0,0,0,0,942473,18.01
17/05/2019,0,0,34.4(0.00 %),0,0,0,0,942473,18.01
20/05/2019,0,0,34.4(0.00 %),0,0,0,0,942473,18.01
27/05/2019,0,0,34.4(0.00 %),0,0,0,0,942473,18.01
28/05/2019,0,0,34.4(0.00 %),0,0,0,0,942473,18.01
29/05/2019,0,0,34.4(0.00 %),0,0,0,0,942473,18.01
30/05/2019,0,0,34.4(0.00 %),0,0,0,0,942473,18.01
31/05/2019,0,0,34.4(0.00 %),0,0,0,0,942473,18.01
03/06/2019,0,0,34.4(0.00 %),0,0,0,0,942473,18.01
04/06/2019,0,0,34.4(0.00 %),0,0,0,0,942473,18.01
05/06/2019,0,0,34.4(0.00 %),0,0,0,0,942473,18.01
06/06/2019,0,0,34.4(0.00 %),0,0,0,0,942473,18.01
07/06/2019,0,0,34.4(0.00 %),0,0,0,0,942473,18.01
10/06/2019,0,0,34.4(0.00 %),0,0,0,0,942473,18.01
11/06/2019,0,0,34.4(0.00 %),0,0,0,0,942473,18.01
12/06/2019,0,0,34.4(0.00 %),0,0,0,0,942473,18.01
13/06/2019,0,0,34.4(0.00 %),0,0,0,0,942473,18.01
14/06/2019,0,0,34.4(0.00 %),0,0,0,0,942473,18.01
17/06/2019,0,0,34.4(0.00 %),0,0,0,0,942473,18.01
18/06/2019,0,0,34.4(0.00 %),0,0,0,0,942473,18.01
19/06/2019,0,0,34.4(0.00 %),0,0,0,0,942473,18.01
20/06/2019,0,0,34.4(0.00 %),0,0,0,0,942473,18.01
21/06/2019,0,0,34.4(0.00 %),0,0,0,0,942473,18.01
24/06/2019,0,0,34.4(0.00 %),0,0,0,0,942473,18.01
25/06/2019,0,0,34.4(0.00 %),0,0,0,0,942473,18.01
26/06/2019,0,0,34.4(0.00 %),0,0,0,0,942473,18.01
27/06/2019,0,0,34.4(0.00 %),0,0,0,0,942473,18.01
28/06/2019,0,0,34.4(0.00 %),0,0,0,0,942473,0.0
01/07/2019,0,0,34.4(0.00 %),0,0,0,0,942473,18.01
02/07/2019,0,0,34.4(0.00 %),0,0,0,0,942473,18.01
03/07/2019,0,0,34.4(0.00 %),0,0,0,0,942473,18.01
04/07/2019,0,0,34.4(0.00 %),0,0,0,0,942473,0.0
05/07/2019,0,0,34.4(0.00 %),0,0,0,0,942473,18.01
08/07/2019,0,0,34.4(0.00 %),0,0,0,0,942473,18.01
09/07/2019,0,0,34.4(0.00 %),0,0,0,0,942473,18.01
10/07/2019,0,0,34.4(0.00 %),0,0,0,0,942473,18.01
11/07/2019,0,0,34.4(0.00 %),0,0,0,0,942473,18.01
12/07/2019,0,0,34.4(0.00 %),0,0,0,0,942473,18.01
15/07/2019,0,0,34.4(0.00 %),0,0,0,0,942473,18.01
16/07/2019,0,0,34.4(0.00 %),0,0,0,0,942473,18.01
17/07/2019,0,0,34.4(0.00 %),0,0,0,0,942473,18.01
18/07/2019,0,0,34.4(0.00 %),0,0,0,0,942473,18.01
19/07/2019,0,0,34.4(0.00 %),0,0,0,0,942473,18.01
22/07/2019,0,0,34.4(0.00 %),0,0,0,0,942473,18.01
23/07/2019,0,0,34.4(0.00 %),0,0,0,0,942473,18.01
24/07/2019,0,0,34.4(0.00 %),0,0,0,0,942473,18.01
25/07/2019,0,0,34.4(0.00 %),0,0,0,0,942473,18.01
26/07/2019,0,0,34.4(0.00 %),0,0,0,0,942473,18.01
29/07/2019,0,0,34.4(0.00 %),0,0,0,0,942473,18.01
30/07/2019,0,0,34.4(0.00 %),0,0,0,0,942473,18.01
31/07/2019,0,0,34.4(0.00 %),0,0,0,0,942473,18.01
01/08/2019,0,0,34.4(0.00 %),0,0,0,0,942473,18.01
02/08/2019,0,0,34.4(0.00 %),0,0,0,0,942473,18.01
05/08/2019,0,0,34.4(0.00 %),0,0,0,0,942473,18.01
06/08/2019,0,0,34.4(0.00 %),0,0,0,0,942473,18.01
07/08/2019,0,0,34.4(0.00 %),0,0,0,0,942473,18.01
08/08/2019,0,0,34.4(0.00 %),0,0,0,0,942473,18.01
09/08/2019,0,0,34.4(0.00 %),0,0,0,0,942473,18.01
12/08/2019,0,0,34.4(0.00 %),0,0,0,0,942473,18.01
13/08/2019,0,0,34.4(0.00 %),0,0,0,0,942473,0.0
14/08/2019,0,0,34.4(0.00 %),0,0,0,0,942473,0.0
15/08/2019,0,0,34.4(0.00 %),0,0,0,0,942473,0.0
16/08/2019,0,0,34.4(0.00 %),0,0,0,0,942473,18.01
19/08/2019,0,0,34.4(0.00 %),0,0,0,0,942473,18.01
20/08/2019,0,0,34.4(0.00 %),0,0,0,0,942473,18.01
21/08/2019,0,0,34.4(0.00 %),0,0,0,0,942473,18.01
22/08/2019,0,0,34.4(0.00 %),0,0,0,0,942473,18.01
23/08/2019,0,0,34.4(0.00 %),0,0,0,0,942473,18.01
26/08/2019,0,0,34.4(0.00 %),0,0,0,0,942473,18.01
27/08/2019,0,0,34.4(0.00 %),0,0,0,0,942473,18.01
28/08/2019,0,0,34.4(0.00 %),0,0,0,0,942473,0.0
29/08/2019,0,0,34.4(0.00 %),0,0,0,0,942473,18.01
30/08/2019,0,0,34.4(0.00 %),0,0,0,0,942473,18.01
03/09/2019,0,0,34.4(0.00 %),0,0,0,0,942473,18.01
04/09/2019,0,0,34.4(0.00 %),0,0,0,0,942473,18.01
05/09/2019,0,0,34.4(0.00 %),0,0,0,0,942473,18.01
06/09/2019,0,0,34.4(0.00 %),0,0,0,0,942473,18.01
09/09/2019,0,0,34.4(0.00 %),0,0,0,0,942473,18.01
10/09/2019,0,0,34.4(0.00 %),0,0,0,0,942473,18.01
11/09/2019,0,0,34.4(0.00 %),0,0,0,0,942473,18.01
12/09/2019,0,0,34.4(0.00 %),0,0,0,0,942473,18.01
13/09/2019,0,0,34.4(0.00 %),0,0,0,0,942473,0.0
16/09/2019,0,0,34.4(0.00 %),0,0,0,0,942473,18.01
17/09/2019,-5500,-170500000,31(-9.88 %),0,0,5500,170500000,947973,17.83
18/09/2019,-2700,-81850000,30.5(-1.61 %),0,0,2700,81850000,950673,17.74
19/09/2019,-100,-3050000,30.5(0.00 %),0,0,100,3050000,950773,17.74
20/09/2019,0,0,28(-8.20 %),0,0,0,0,950773,17.74
23/09/2019,100,3080000,30(7.14 %),100,3080000,0,0,950673,17.74
24/09/2019,100,3300000,33(10.00 %),100,3300000,0,0,950573,17.75
25/09/2019,100,3630000,33(0.00 %),100,3630000,0,0,950473,17.75
26/09/2019,-300,-10350000,34.5(4.55 %),0,0,300,10350000,950773,17.74
27/09/2019,0,0,34.5(0.00 %),0,0,0,0,950773,17.74
30/09/2019,0,0,34.5(0.00 %),0,0,0,0,950773,17.74
01/10/2019,0,0,34.5(0.00 %),0,0,0,0,950773,17.74
02/10/2019,0,0,31.1(-9.86 %),0,0,0,0,950773,17.74
03/10/2019,0,0,31.1(0.00 %),0,0,0,0,950773,17.74
04/10/2019,100,3420000,34.2(9.97 %),100,3420000,0,0,950673,17.74
07/10/2019,0,0,34.2(0.00 %),0,0,0,0,950673,17.74
08/10/2019,0,0,34.2(0.00 %),0,0,0,0,950673,17.74
09/10/2019,0,0,34.2(0.00 %),0,0,0,0,950673,17.74
10/10/2019,0,0,34.2(0.00 %),0,0,0,0,950673,17.74
11/10/2019,0,0,34.2(0.00 %),0,0,0,0,950673,17.74
14/10/2019,0,0,34.2(0.00 %),0,0,0,0,950673,17.74
15/10/2019,0,0,34.2(0.00 %),0,0,0,0,950673,17.74
16/10/2019,0,0,34.2(0.00 %),0,0,0,0,950673,17.74
17/10/2019,0,0,34.2(0.00 %),0,0,0,0,950673,17.74
18/10/2019,0,0,34.2(0.00 %),0,0,0,0,950673,17.74
21/10/2019,0,0,34.2(0.00 %),0,0,0,0,950673,17.74
22/10/2019,0,0,34.2(0.00 %),0,0,0,0,950673,17.74
23/10/2019,0,0,34.2(0.00 %),0,0,0,0,950673,17.74
24/10/2019,0,0,34.2(0.00 %),0,0,0,0,950673,17.74
25/10/2019,0,0,34.2(0.00 %),0,0,0,0,950673,17.74
28/10/2019,0,0,34.2(0.00 %),0,0,0,0,950673,17.74
29/10/2019,0,0,34.2(0.00 %),0,0,0,0,950673,17.74
30/10/2019,0,0,34.2(0.00 %),0,0,0,0,950673,17.74
31/10/2019,0,0,34.2(0.00 %),0,0,0,0,950673,17.74
01/11/2019,0,0,34.2(0.00 %),0,0,0,0,950673,17.74
04/11/2019,0,0,34.2(0.00 %),0,0,0,0,950673,17.74
05/11/2019,0,0,34.2(0.00 %),0,0,0,0,950673,17.74
06/11/2019,-200,-7000000,34.2(0.00 %),0,0,200,7000000,950873,17.74
07/11/2019,0,0,34.2(0.00 %),0,0,0,0,950873,17.74
08/11/2019,0,0,34.2(0.00 %),0,0,0,0,950873,17.74
11/11/2019,0,0,33(-3.51 %),0,0,0,0,950873,17.74
12/11/2019,0,0,33(0.00 %),0,0,0,0,950873,17.74
13/11/2019,0,0,33(0.00 %),0,0,0,0,950873,17.74
14/11/2019,0,0,30(-4.76 %),0,0,0,0,950873,17.74
15/11/2019,0,0,30(0.00 %),0,0,0,0,950873,17.74
18/11/2019,-1000,-30000000,30(0.00 %),400,12040000,1400,42040000,951873,17.7
19/11/2019,-1000,-30000000,30(0.00 %),0,0,1000,30000000,952873,17.67
20/11/2019,-3100,-93000000,32(6.67 %),0,0,3100,93000000,955973,17.57
21/11/2019,0,0,31.5(-1.56 %),0,0,0,0,955973,17.57
22/11/2019,-5500,-173250000,31.5(0.00 %),0,0,5500,173250000,961473,17.39
25/11/2019,0,0,31.5(0.00 %),0,0,0,0,961473,17.39
26/11/2019,0,0,31.5(0.00 %),0,0,0,0,961473,17.39
27/11/2019,0,0,31.5(0.00 %),0,0,0,0,961473,17.39
28/11/2019,0,0,31.5(0.00 %),0,0,0,0,961473,17.39
29/11/2019,100,3460000,34.6(9.84 %),100,3460000,0,0,961373,17.39
02/12/2019,-1400,-44100000,31.5(-8.96 %),0,0,1400,44100000,961473,17.39
03/12/2019,0,0,31.5(0.00 %),0,0,0,0,961473,17.39
04/12/2019,0,0,31.5(0.00 %),0,0,0,0,961473,0.0
05/12/2019,0,0,31.5(0.00 %),0,0,0,0,961473,17.39
06/12/2019,100,3460000,34.6(9.84 %),100,3460000,0,0,961373,17.39
09/12/2019,0,0,34.6(0.00 %),0,0,0,0,961373,17.39
10/12/2019,0,0,34.6(0.00 %),0,0,0,0,961373,17.39
11/12/2019,-100,-3480000,34.8(0.58 %),0,0,100,3480000,961473,17.39
12/12/2019,0,0,34.8(0.00 %),0,0,0,0,961473,17.39
13/12/2019,0,0,34.8(0.00 %),0,0,0,0,961473,17.39
16/12/2019,0,0,34.8(0.00 %),0,0,0,0,961473,17.39
17/12/2019,0,0,34.8(0.00 %),0,0,0,0,961473,17.39
18/12/2019,0,0,34.8(0.00 %),0,0,0,0,961473,17.39
19/12/2019,0,0,34.8(0.00 %),0,0,0,0,961473,17.39
20/12/2019,0,0,34.8(0.00 %),0,0,0,0,961473,17.39
23/12/2019,0,0,34.8(0.00 %),0,0,0,0,961473,0.04
24/12/2019,0,0,34.8(0.00 %),0,0,0,0,961473,17.39
25/12/2019,0,0,34.8(0.00 %),0,0,0,0,961473,17.39
26/12/2019,0,0,34.8(0.00 %),0,0,0,0,961473,17.39
27/12/2019,0,0,34.8(0.00 %),0,0,0,0,961473,17.39
30/12/2019,0,0,34.8(0.00 %),0,0,0,0,961473,17.39
31/12/2019,0,0,34.8(0.00 %),0,0,0,0,961473,17.39
02/01/2020,0,0,34.8(0.00 %),0,0,0,0,962773,17.35
03/01/2020,0,0,34.8(0.00 %),0,0,0,0,962773,17.35
06/01/2020,0,0,34.8(0.00 %),0,0,0,0,962773,17.35
07/01/2020,0,0,31.4(-9.77 %),0,0,0,0,962773,17.35
08/01/2020,100,3390000,33.9(7.96 %),100,3390000,0,0,962673,17.35
09/01/2020,0,0,32(-5.60 %),0,0,0,0,962673,17.35
10/01/2020,0,0,32(0.00 %),0,0,0,0,962673,17.35
13/01/2020,0,0,32(0.00 %),0,0,0,0,962673,17.35
14/01/2020,100,3520000,31(-3.12 %),100,3520000,0,0,962573,17.35
15/01/2020,-2400,-74090000,31(0.00 %),100,3410000,2500,77500000,964973,17.27
16/01/2020,-2600,-80600000,31(0.00 %),0,0,2600,80600000,962473,17.36
17/01/2020,0,0,31(0.00 %),0,0,0,0,962473,17.36
20/01/2020,0,0,31(0.00 %),0,0,0,0,964973,17.27
21/01/2020,0,0,34(9.68 %),0,0,0,0,967573,17.19
22/01/2020,0,0,37.1(9.12 %),0,0,0,0,967573,17.19
30/01/2020,0,0,33.4(-9.97 %),0,0,0,0,967573,17.19
31/01/2020,0,0,33.4(0.00 %),0,0,0,0,967573,17.19
03/02/2020,0,0,33.4(0.00 %),0,0,0,0,967573,17.19
04/02/2020,0,0,33.4(0.00 %),0,0,0,0,967573,17.19
05/02/2020,0,0,33.4(0.00 %),0,0,0,0,967573,17.19
06/02/2020,0,0,33.4(0.00 %),0,0,0,0,967573,17.19
07/02/2020,0,0,33.4(0.00 %),0,0,0,0,967573,17.19
10/02/2020,0,0,33.4(0.00 %),0,0,0,0,967573,17.19
11/02/2020,0,0,32(-4.19 %),0,0,0,0,967573,17.19
12/02/2020,0,0,32(0.00 %),0,0,0,0,967573,17.19
13/02/2020,0,0,32(0.00 %),0,0,0,0,967573,17.19
14/02/2020,0,0,32(0.00 %),0,0,0,0,967573,17.19
17/02/2020,0,0,32(0.00 %),0,0,0,0,967573,17.19
18/02/2020,0,0,32(0.00 %),0,0,0,0,967573,17.19
19/02/2020,0,0,32(0.00 %),0,0,0,0,967573,17.19
20/02/2020,0,0,32(0.00 %),0,0,0,0,967573,17.19
21/02/2020,0,0,32(0.00 %),0,0,0,0,967573,0.0
24/02/2020,0,0,32(0.00 %),0,0,0,0,967573,0.0
25/02/2020,0,0,32(0.00 %),0,0,0,0,967573,17.19
26/02/2020,0,0,32(0.00 %),0,0,0,0,967573,17.19
27/02/2020,0,0,32(0.00 %),0,0,0,0,967573,17.19
28/02/2020,0,0,32(0.00 %),0,0,0,0,967573,17.19
02/03/2020,0,0,32(0.00 %),0,0,0,0,967573,0.0
03/03/2020,0,0,32(0.00 %),0,0,0,0,967573,17.19
04/03/2020,0,0,32(0.00 %),0,0,0,0,967573,17.19
05/03/2020,0,0,32(0.00 %),0,0,0,0,967573,17.19
06/03/2020,0,0,32(0.00 %),0,0,0,0,967573,17.19
09/03/2020,0,0,32(0.00 %),0,0,0,0,967573,17.19
10/03/2020,0,0,32(0.00 %),0,0,0,0,967573,17.19
11/03/2020,0,0,32(0.00 %),0,0,0,0,967573,17.19
12/03/2020,0,0,32(0.00 %),0,0,0,0,967573,17.19
13/03/2020,0,0,32(0.00 %),0,0,0,0,967573,17.19
16/03/2020,0,0,32(0.00 %),0,0,0,0,967573,17.19
17/03/2020,0,0,32(0.00 %),0,0,0,0,967573,17.19
18/03/2020,0,0,32(0.00 %),0,0,0,0,967573,17.19
19/03/2020,0,0,32(0.00 %),0,0,0,0,967573,17.19
20/03/2020,0,0,32(0.00 %),0,0,0,0,967573,17.19
23/03/2020,0,0,32(0.00 %),0,0,0,0,967573,17.19
24/03/2020,0,0,32(0.00 %),0,0,0,0,967573,17.19
25/03/2020,0,0,32(0.00 %),0,0,0,0,967573,17.19
26/03/2020,0,0,35.2(10.00 %),100,3520000,100,3520000,967573,17.19
27/03/2020,0,0,35.2(0.00 %),0,0,0,0,967573,17.19
30/03/2020,0,0,35.2(0.00 %),0,0,0,0,967573,17.19
31/03/2020,0,0,35.2(0.00 %),0,0,0,0,967573,0.0
01/04/2020,0,0,35.2(0.00 %),0,0,0,0,967573,17.19
03/04/2020,0,0,35.2(0.00 %),0,0,0,0,967573,17.19
06/04/2020,0,0,35.2(0.00 %),0,0,0,0,967573,17.19
07/04/2020,0,0,35.2(0.00 %),0,0,0,0,967573,17.19
08/04/2020,0,0,35.2(0.00 %),0,0,0,0,967573,17.19
09/04/2020,0,0,35.2(0.00 %),0,0,0,0,967573,17.19
10/04/2020,-1100,-34870000,31.7(-9.94 %),0,0,1100,34870000,968673,0.0
13/04/2020,-500,-15550000,31.7(0.00 %),100,3470000,600,19020000,969173,17.14
14/04/2020,-200,-5740000,28.7(-9.46 %),0,0,200,5740000,969373,17.13
15/04/2020,0,0,27.3(0.00 %),0,0,0,0,969373,17.13
16/04/2020,0,0,27.3(0.00 %),0,0,0,0,969373,17.13
17/04/2020,-2400,-70050000,29.5(8.06 %),0,0,2400,70050000,971773,17.05
20/04/2020,0,0,29(-1.69 %),0,0,0,0,971773,17.05
21/04/2020,0,0,31.9(10.00 %),100,3190000,100,3190000,971773,17.05
22/04/2020,0,0,35(9.72 %),0,0,0,0,971773,17.05
23/04/2020,0,0,35(0.00 %),0,0,0,0,971773,17.05
24/04/2020,0,0,35(0.00 %),0,0,0,0,971773,17.05
28/04/2020,0,0,35(0.00 %),0,0,0,0,971773,17.05
29/04/2020,0,0,35(0.00 %),0,0,0,0,971773,17.05
04/05/2020,-800,-27760000,34.7(-0.86 %),0,0,800,27760000,971773,17.05
05/05/2020,-400,-13880000,34.7(0.00 %),0,0,400,13880000,972173,17.04
06/05/2020,0,0,34.7(0.00 %),0,0,0,0,972173,17.04
07/05/2020,0,0,34.7(0.00 %),0,0,0,0,972173,17.04
08/05/2020,0,0,34.7(0.00 %),0,0,0,0,972173,17.04
11/05/2020,0,0,34.7(0.00 %),0,0,0,0,972173,0.03
12/05/2020,0,0,34.7(0.00 %),0,0,0,0,972173,17.04
13/05/2020,0,0,34.7(0.00 %),0,0,0,0,972173,17.04
14/05/2020,0,0,34.7(0.00 %),0,0,0,0,972173,17.04
15/05/2020,0,0,34.7(0.00 %),0,0,0,0,972173,0.03
18/05/2020,0,0,34.7(0.00 %),0,0,0,0,972173,17.04
19/05/2020,0,0,34.7(0.00 %),0,0,0,0,972173,17.04
20/05/2020,0,0,34.7(0.00 %),0,0,0,0,972173,17.04
21/05/2020,0,0,34.7(0.00 %),0,0,0,0,972173,17.04
22/05/2020,0,0,34.7(0.00 %),0,0,0,0,972173,17.04
25/05/2020,0,0,34.7(0.00 %),0,0,0,0,972173,17.04
26/05/2020,0,0,34.7(0.00 %),0,0,0,0,972173,17.04
27/05/2020,0,0,34.7(0.00 %),0,0,0,0,972973,17.01
28/05/2020,0,0,34.7(0.00 %),0,0,0,0,972973,17.01
29/05/2020,0,0,34.7(0.00 %),0,0,0,0,972973,0.0
01/06/2020,0,0,34.7(0.00 %),0,0,0,0,972973,17.01
02/06/2020,0,0,34.7(0.00 %),0,0,0,0,972973,17.01
03/06/2020,0,0,34.7(0.00 %),0,0,0,0,972973,17.01
04/06/2020,0,0,34.7(0.00 %),0,0,0,0,972973,17.01
05/06/2020,2300,78200000,34(-2.02 %),2300,78200000,0,0,970673,17.09
08/06/2020,0,0,34(0.00 %),0,0,0,0,970673,0.0
09/06/2020,0,0,34(0.00 %),0,0,0,0,970673,0.0
10/06/2020,-100,-3430000,34.3(0.88 %),0,0,100,3430000,970773,17.08
11/06/2020,0,0,34.3(0.00 %),0,0,0,0,970773,17.08
12/06/2020,0,0,34.3(0.00 %),0,0,0,0,970773,17.08
15/06/2020,0,0,34.3(0.00 %),0,0,0,0,970773,17.08
16/06/2020,-100,-3090000,30.9(-9.91 %),0,0,100,3090000,970873,17.08
18/06/2020,-1100,-31820000,29(3.57 %),1900,53200000,3000,85020000,971973,17.04
19/06/2020,-200,-5930000,28.5(-1.72 %),500,15000000,700,20930000,972173,17.04
22/06/2020,0,0,28(-1.75 %),0,0,0,0,972173,17.04
23/06/2020,-1300,-36500000,28(0.00 %),1300,36400000,2600,72900000,973473,16.99
24/06/2020,-700,-20240000,29.2(4.29 %),0,0,700,20240000,974173,16.97
25/06/2020,0,0,28.6(-2.05 %),0,0,0,0,974173,16.97
26/06/2020,0,0,29.5(3.15 %),0,0,0,0,974073,16.97
29/06/2020,0,0,29.5(0.00 %),0,0,0,0,974073,0.02
30/06/2020,-100,-2660000,26.6(-9.83 %),0,0,100,2660000,974173,16.97
01/07/2020,0,0,26.6(0.00 %),0,0,0,0,974773,16.95
02/07/2020,-100,-2420000,27.2(2.26 %),0,0,100,2420000,974873,16.95
03/07/2020,0,0,27.2(0.00 %),0,0,0,0,974873,16.95
06/07/2020,-12,-326400,29.9(9.93 %),200,5440000,212,5766400,974885,16.95
07/07/2020,-100,-2700000,27(-9.70 %),0,0,100,2700000,974985,16.94
08/07/2020,0,0,27(0.00 %),0,0,0,0,974985,16.94
09/07/2020,0,470000,29.7(10.00 %),100,2970000,100,2500000,974985,0.0
10/07/2020,-200,-5850000,32.5(9.43 %),100,3250000,300,9100000,975185,16.94
13/07/2020,-100,-2930000,29.3(-9.85 %),0,0,100,2930000,975285,16.93
14/07/2020,0,540000,31.8(8.53 %),100,3180000,100,2640000,975285,16.93
15/07/2020,0,460000,33.3(4.72 %),100,3330000,100,2870000,975285,16.93
16/07/2020,-100,-3000000,30(-9.91 %),0,0,100,3000000,975385,16.93
17/07/2020,-100,-2710000,31.8(6.00 %),100,3180000,200,5890000,975485,16.93
20/07/2020,0,420000,32.9(3.46 %),100,3290000,100,2870000,975485,0.0
21/07/2020,0,210000,31.8(-3.34 %),100,3180000,100,2970000,975485,16.93
22/07/2020,-200,-5780000,29.1(-8.49 %),0,0,200,5780000,975685,16.92
23/07/2020,-100,-2710000,27.1(-6.87 %),0,0,100,2710000,975785,16.92
24/07/2020,-400,-11130000,28.1(3.69 %),0,0,400,11130000,975585,16.92
27/07/2020,-100,-2630000,29.4(4.63 %),0,0,100,2630000,975685,0.0
28/07/2020,-200,-5550000,28.9(-1.70 %),0,0,200,5550000,975885,16.91
29/07/2020,-100,-2610000,26.1(-9.69 %),0,0,100,2610000,975985,16.91
30/07/2020,-100,-2700000,28.5(9.20 %),0,0,100,2700000,976085,16.91
31/07/2020,0,0,28.4(-0.35 %),0,0,0,0,976085,16.91
03/08/2020,0,0,28.4(0.00 %),0,0,0,0,976685,16.89
04/08/2020,-100,-2900000,29(2.11 %),0,0,100,2900000,976785,16.89
05/08/2020,-400,-11600000,29(0.00 %),0,0,400,11600000,977185,16.87
06/08/2020,0,0,29(0.00 %),0,0,0,0,977185,0.0
07/08/2020,0,0,29(0.00 %),0,0,0,0,977185,16.87
10/08/2020,0,0,29(0.00 %),0,0,0,0,977185,0.0
11/08/2020,0,0,29(0.00 %),0,0,0,0,977185,16.87
12/08/2020,0,0,29(0.00 %),0,0,0,0,977185,16.87
13/08/2020,0,0,29(0.00 %),0,0,0,0,977185,16.87
14/08/2020,0,0,29(0.00 %),0,0,0,0,977185,16.87
17/08/2020,0,0,29(0.00 %),0,0,0,0,977185,16.87
18/08/2020,0,0,29(0.00 %),0,0,0,0,977185,16.87
19/08/2020,-200,-5800000,31.2(7.59 %),0,0,200,5800000,977385,16.87
20/08/2020,-100,-2810000,28.1(-9.94 %),0,0,100,2810000,977485,16.86
21/08/2020,0,0,28.1(0.00 %),0,0,0,0,977485,16.86
24/08/2020,100,3440000,30.6(8.90 %),200,6120000,100,2680000,977385,16.87
25/08/2020,-100,-2760000,27.6(-9.80 %),0,0,100,2760000,977485,16.86
26/08/2020,0,0,27.6(0.00 %),0,0,0,0,977485,16.86
27/08/2020,0,0,30.3(9.78 %),0,0,0,0,977485,16.86
28/08/2020,0,0,30.3(0.00 %),0,0,0,0,977485,16.86
31/08/2020,0,0,30.3(0.00 %),0,0,0,0,977485,16.86
01/09/2020,0,0,30.3(0.00 %),0,0,0,0,977585,16.86
03/09/2020,-100,-2730000,27.3(-9.90 %),0,0,100,2730000,977685,16.86
04/09/2020,0,0,30(9.89 %),0,0,0,0,977685,16.86
07/09/2020,-100,-2730000,27.3(-9.00 %),0,0,100,2730000,977785,16.85
08/09/2020,0,0,29.7(8.79 %),0,0,0,0,977785,16.85
09/09/2020,0,0,29.7(0.00 %),0,0,0,0,977685,16.86
10/09/2020,0,0,29.6(-0.34 %),0,0,0,0,977685,16.86
11/09/2020,0,0,29.6(0.00 %),0,0,0,0,977685,16.86
14/09/2020,0,0,29.6(0.00 %),0,0,0,0,977685,16.86
15/09/2020,0,0,29.6(0.00 %),0,0,0,0,977685,16.86
16/09/2020,0,0,29.6(0.00 %),0,0,0,0,977685,16.86
17/09/2020,0,0,29.6(0.00 %),0,0,0,0,977685,16.86
18/09/2020,0,0,29.6(0.00 %),0,0,0,0,977685,16.86
21/09/2020,0,0,29.6(0.00 %),0,0,0,0,977685,16.86
22/09/2020,0,0,29.6(0.00 %),0,0,0,0,977685,0.0
23/09/2020,0,0,29.6(0.00 %),0,0,0,0,977685,16.86
24/09/2020,0,0,29(-2.03 %),0,0,0,0,977685,16.86
25/09/2020,0,0,29(0.00 %),0,0,0,0,977685,16.86
28/09/2020,0,0,29(0.00 %),0,0,0,0,977685,16.86
29/09/2020,0,0,29(0.00 %),0,0,0,0,977685,16.86
30/09/2020,0,0,29(0.00 %),0,0,0,0,977685,16.86
01/10/2020,0,0,29(0.00 %),0,0,0,0,977785,16.85
02/10/2020,0,0,29(0.00 %),0,0,0,0,977785,16.85
05/10/2020,0,0,29(0.00 %),0,0,0,0,977785,16.85
06/10/2020,0,0,29(0.00 %),0,0,0,0,977785,0.0
07/10/2020,100,3150000,31.5(8.62 %),100,3150000,0,0,977685,16.86
08/10/2020,0,0,31.5(0.00 %),0,0,0,0,977685,16.86
09/10/2020,0,0,31.5(0.00 %),0,0,0,0,977685,16.86
12/10/2020,-200,-5700000,28.5(-9.52 %),0,0,200,5700000,977885,16.85
13/10/2020,0,0,28.5(0.00 %),0,0,0,0,977885,16.85
14/10/2020,0,0,28.5(0.00 %),0,0,0,0,977885,16.85
15/10/2020,0,0,30.5(7.02 %),100,3050000,100,3050000,977885,16.85
16/10/2020,0,0,30.5(0.00 %),0,0,0,0,977885,16.85
19/10/2020,0,0,32(4.92 %),0,0,0,0,977885,16.85
20/10/2020,0,0,32(0.00 %),0,0,0,0,977885,16.85
21/10/2020,0,0,32(0.00 %),0,0,0,0,977885,16.85
22/10/2020,0,0,32(0.00 %),0,0,0,0,977885,16.85
23/10/2020,0,0,32.2(0.62 %),0,0,0,0,977885,16.85
26/10/2020,0,0,32.2(0.00 %),0,0,0,0,977885,16.85
27/10/2020,0,0,32.2(0.00 %),0,0,0,0,977885,0.0
28/10/2020,0,0,32.2(0.00 %),0,0,0,0,977885,0.0
29/10/2020,0,0,32.2(0.00 %),0,0,0,0,977885,16.85
30/10/2020,0,0,32.2(0.00 %),0,0,0,0,977885,16.85
02/11/2020,0,0,32.2(0.00 %),0,0,0,0,977885,16.85
03/11/2020,0,0,32.2(0.00 %),0,0,0,0,977885,16.85
04/11/2020,0,0,32.2(0.00 %),0,0,0,0,977885,16.85
05/11/2020,0,0,32.2(0.00 %),0,0,0,0,977885,16.85
06/11/2020,0,0,32.2(0.00 %),0,0,0,0,977885,16.85
09/11/2020,0,0,32.2(0.00 %),0,0,0,0,977885,16.85
10/11/2020,0,0,32.2(0.00 %),0,0,0,0,977885,16.85
11/11/2020,0,0,32.2(0.00 %),0,0,0,0,977885,16.85
12/11/2020,0,0,32.2(0.00 %),0,0,0,0,977885,16.85
13/11/2020,0,0,32.2(0.00 %),0,0,0,0,977885,16.85
16/11/2020,0,0,32.5(0.93 %),0,0,0,0,977885,16.85
17/11/2020,0,0,31.5(0.00 %),0,0,0,0,977885,16.85
18/11/2020,0,0,31.9(1.27 %),0,0,0,0,977885,0.0
19/11/2020,0,0,31.9(0.00 %),0,0,0,0,977885,16.85
20/11/2020,0,0,31.9(0.00 %),0,0,0,0,977885,16.85
23/11/2020,0,0,31.9(0.00 %),0,0,0,0,977885,16.85
24/11/2020,0,0,31.9(0.00 %),0,0,0,0,977885,16.85
25/11/2020,0,0,31.9(0.00 %),0,0,0,0,977885,16.85
26/11/2020,-100,-2880000,28.8(-9.72 %),0,0,100,2880000,977985,16.85
27/11/2020,0,0,28.8(0.00 %),0,0,0,0,977885,16.85
30/11/2020,-1100,-31680000,28.8(0.00 %),0,0,1100,31680000,978985,16.81
01/12/2020,0,0,28.8(0.00 %),0,0,0,0,977985,16.85
02/12/2020,0,0,29(0.69 %),200,5800000,200,5800000,977985,16.85
03/12/2020,0,0,29(0.00 %),0,0,0,0,977985,16.85
04/12/2020,0,0,29(0.00 %),0,0,0,0,977985,16.85
07/12/2020,0,0,29(0.00 %),0,0,0,0,977985,16.85
08/12/2020,-1800,-52200000,29(0.00 %),0,0,1800,52200000,979785,16.79
09/12/2020,0,0,29.9(3.10 %),0,0,0,0,979785,16.79
10/12/2020,0,0,29.9(0.00 %),0,0,0,0,979785,16.79
11/12/2020,400,12200000,30.5(2.01 %),400,12200000,0,0,979385,16.8
14/12/2020,0,0,30.5(0.00 %),0,0,0,0,979385,16.8
15/12/2020,0,0,27.6(-9.51 %),0,0,0,0,979385,16.8
16/12/2020,0,0,29.9(8.33 %),0,0,0,0,979385,16.8
17/12/2020,-3500,-105000000,30.5(2.01 %),0,0,3500,105000000,982885,16.68
18/12/2020,0,0,30.5(0.00 %),0,0,0,0,982885,16.68
21/12/2020,0,0,30.5(0.00 %),0,0,0,0,982885,16.68
22/12/2020,0,0,30.5(0.00 %),0,0,0,0,982885,0.04
23/12/2020,0,0,30.5(0.00 %),0,0,0,0,982885,16.68
25/12/2020,0,0,29(-4.92 %),0,0,0,0,982885,16.68
28/12/2020,-4000,-116000000,29(0.00 %),0,0,4000,116000000,986885,16.55
29/12/2020,0,0,29(0.00 %),0,0,0,0,986885,0.0
30/12/2020,0,0,29(0.00 %),0,0,0,0,983985,16.65
31/12/2020,0,0,31.9(10.00 %),0,0,0,0,983985,0.13
04/01/2021,0,0,29.1(-8.78 %),0,0,0,0,987985,0.0
05/01/2021,0,0,29.1(0.00 %),0,0,0,0,987985,16.52
06/01/2021,0,0,30(3.09 %),0,0,0,0,987985,16.52
07/01/2021,0,0,30(0.00 %),0,0,0,0,987985,16.52
08/01/2021,0,0,30(0.00 %),0,0,0,0,987985,16.52
11/01/2021,0,0,29.1(-3.00 %),0,0,0,0,987985,16.52
12/01/2021,0,0,29.1(0.00 %),0,0,0,0,987985,16.52
13/01/2021,0,0,28(-3.78 %),0,0,0,0,987985,16.52
14/01/2021,0,0,29.5(5.36 %),0,0,0,0,987985,16.52
15/01/2021,0,0,30(1.69 %),0,0,0,0,987985,16.52
18/01/2021,0,0,29.5(-1.67 %),0,0,0,0,987985,16.52
19/01/2021,1100,32450000,29.5(0.00 %),1100,32450000,0,0,986885,16.55
20/01/2021,900,26100000,29.5(0.00 %),1200,35400000,300,9300000,985985,16.58
21/01/2021,-3000,-93000000,31(5.08 %),0,0,3000,93000000,988985,16.48
22/01/2021,0,0,31(0.00 %),0,0,0,0,988985,16.48
25/01/2021,-7000,-220500000,31.8(2.58 %),0,0,7000,220500000,995985,16.25
26/01/2021,0,0,31.8(0.00 %),0,0,0,0,995985,16.25
27/01/2021,0,0,31.8(0.00 %),0,0,0,0,995985,16.25
28/01/2021,0,0,31.8(0.00 %),0,0,0,0,995985,16.25
29/01/2021,-5000,-155000000,31(-2.52 %),0,0,5000,155000000,1000985,16.09
01/02/2021,0,0,31(0.00 %),0,0,0,0,995985,16.25
02/02/2021,-5000,-157500000,31.5(1.61 %),0,0,5000,157500000,995985,16.25
03/02/2021,0,0,31.5(0.00 %),0,0,0,0,995985,16.25
04/02/2021,0,0,31.5(0.00 %),0,0,0,0,995985,16.25
05/02/2021,0,0,31.5(0.00 %),0,0,0,0,995985,16.25
08/02/2021,0,0,31.5(0.00 %),0,0,0,0,1005985,15.93
09/02/2021,0,0,31.5(0.00 %),0,0,0,0,1005985,15.93
17/02/2021,0,0,31.5(0.00 %),0,0,0,0,1005985,0.0
18/02/2021,0,0,31(-1.59 %),0,0,0,0,1005985,15.93
19/02/2021,0,0,31(0.00 %),0,0,0,0,1005985,15.93
22/02/2021,-100,-3250000,32.5(4.84 %),0,0,100,3250000,1006085,15.92
23/02/2021,0,0,31.5(-3.08 %),0,0,0,0,1006085,15.92
24/02/2021,0,0,31.9(1.27 %),0,0,0,0,1006085,15.92
25/02/2021,0,0,31.5(-1.25 %),0,0,0,0,1006085,15.92
26/02/2021,-2000,-63000000,31.5(0.00 %),0,0,2000,63000000,1008085,15.86
01/03/2021,0,0,31.5(0.00 %),0,0,0,0,1006085,15.92
02/03/2021,0,0,31.5(0.00 %),0,0,0,0,1006085,15.92
03/03/2021,0,0,31.5(0.00 %),0,0,0,0,1006085,15.92
04/03/2021,0,0,31.5(0.00 %),0,0,0,0,1006085,15.92
05/03/2021,0,0,31.5(0.00 %),0,0,0,0,1006085,15.92
08/03/2021,0,0,31.5(0.00 %),0,0,0,0,1006085,15.92
09/03/2021,0,0,31.5(0.00 %),0,0,0,0,1006085,15.92
10/03/2021,0,0,31.5(0.00 %),0,0,0,0,1006085,15.92
11/03/2021,0,0,31.5(0.00 %),0,0,0,0,1006085,15.92
12/03/2021,0,0,31.5(0.00 %),0,0,0,0,1006085,15.92
15/03/2021,0,0,31.5(0.00 %),0,0,0,0,1006085,15.92
16/03/2021,0,0,31.5(0.00 %),0,0,0,0,1006085,15.92
17/03/2021,0,0,31.5(0.00 %),0,0,0,0,1006085,15.92
18/03/2021,0,0,31.5(0.00 %),0,0,0,0,1006085,15.92
19/03/2021,0,0,31.5(0.00 %),0,0,0,0,1006085,15.92
22/03/2021,0,0,31.5(0.00 %),0,0,0,0,1008085,15.86
23/03/2021,0,0,31.5(0.00 %),0,0,0,0,1008085,15.86
24/03/2021,0,0,31.5(0.00 %),0,0,0,0,1008085,15.86
25/03/2021,0,0,31.5(0.00 %),0,0,0,0,1008085,15.86
26/03/2021,0,0,31.5(0.00 %),0,0,0,0,1008085,15.86
29/03/2021,0,0,31.5(0.00 %),0,0,0,0,1008085,15.86
30/03/2021,0,0,31.5(0.00 %),0,0,0,0,1008085,15.86
31/03/2021,0,0,31.5(0.00 %),0,0,0,0,1008085,15.86
01/04/2021,0,0,31.5(0.00 %),0,0,0,0,1008085,15.86
02/04/2021,0,0,31.5(0.00 %),0,0,0,0,1008085,15.86
05/04/2021,0,0,31.5(0.00 %),0,0,0,0,1008085,15.86
06/04/2021,0,0,31.5(0.00 %),0,0,0,0,1008085,15.86
07/04/2021,0,0,31.5(0.00 %),0,0,0,0,1008085,15.86
08/04/2021,0,0,31.5(0.00 %),0,0,0,0,1008085,15.86
09/04/2021,0,0,31.5(0.00 %),0,0,0,0,1008085,15.86
12/04/2021,0,0,31.5(0.00 %),0,0,0,0,1008085,15.86
13/04/2021,0,0,31.5(0.00 %),0,0,0,0,1008085,15.86
14/04/2021,0,0,31.5(0.00 %),0,0,0,0,1008085,15.86
15/04/2021,0,0,31.5(0.00 %),0,0,0,0,1008085,15.86
16/04/2021,0,0,31.5(0.00 %),0,0,0,0,1008085,15.86
19/04/2021,0,0,31.5(0.00 %),0,0,0,0,1008085,15.86
20/04/2021,0,0,30.5(0.00 %),0,0,0,0,1008085,15.86
22/04/2021,0,0,30.5(0.00 %),0,0,0,0,1008085,15.86
23/04/2021,0,0,30.5(0.00 %),0,0,0,0,1008085,15.86
26/04/2021,0,0,30.5(0.00 %),0,0,0,0,1008085,15.86
27/04/2021,0,0,30.5(0.00 %),0,0,0,0,1008085,15.86
28/04/2021,0,0,30.5(0.00 %),0,0,0,0,1008085,15.86
29/04/2021,-100,-2760000,27.6(-9.51 %),0,0,100,2760000,1008185,15.85
04/05/2021,-200,-5550000,30.3(9.78 %),0,0,200,5550000,1008085,15.86
05/05/2021,0,0,30.3(0.00 %),0,0,0,0,1008085,15.86
06/05/2021,0,0,30.3(0.00 %),0,0,0,0,1008085,15.86
07/05/2021,0,0,30.3(0.00 %),0,0,0,0,1008085,15.86
10/05/2021,0,0,30.3(0.00 %),0,0,0,0,1008085,15.86
11/05/2021,100,3330000,33.3(9.90 %),100,3330000,0,0,1007985,15.86
12/05/2021,0,0,33.3(0.00 %),0,0,0,0,1007985,15.86
13/05/2021,100,3650000,36.5(9.61 %),100,3650000,0,0,1007885,15.86
14/05/2021,0,0,36.5(0.00 %),0,0,0,0,1007885,15.86
17/05/2021,0,0,36.5(0.00 %),0,0,0,0,1007885,15.86
18/05/2021,0,0,36.5(0.00 %),0,0,0,0,1007885,15.86
19/05/2021,100,4010000,34.5(-5.48 %),100,4010000,0,0,1007785,15.87
20/05/2021,0,0,34.5(0.00 %),0,0,0,0,1007785,15.87
21/05/2021,0,0,34.5(0.00 %),0,0,0,0,1007785,15.87
24/05/2021,0,0,34.5(0.00 %),0,0,0,0,1007785,15.87
25/05/2021,0,0,34.5(0.00 %),0,0,0,0,1007785,15.87
26/05/2021,0,0,34.5(0.00 %),0,0,0,0,1007785,15.87
27/05/2021,0,0,34.5(0.00 %),0,0,0,0,1007785,15.87
28/05/2021,0,0,34.5(0.00 %),0,0,0,0,1007785,15.87
31/05/2021,0,0,34.5(0.00 %),0,0,0,0,1007785,15.87
01/06/2021,0,0,34.5(0.00 %),0,0,0,0,1008085,15.86
02/06/2021,100,3500000,35(1.45 %),100,3500000,0,0,1007985,15.86
03/06/2021,0,0,34(0.00 %),0,0,0,0,1007985,15.86
04/06/2021,0,0,34(0.00 %),0,0,0,0,1007985,15.86
07/06/2021,0,0,31(-8.82 %),0,0,0,0,1007985,15.86
08/06/2021,100,3400000,34(9.68 %),100,3400000,0,0,1007885,15.86
09/06/2021,0,0,34(0.00 %),0,0,0,0,1007885,15.86
10/06/2021,0,0,37.4(10.00 %),100,3740000,100,3740000,1007885,15.86
11/06/2021,0,0,37.4(0.00 %),0,0,0,0,1007885,15.86
14/06/2021,0,0,35(-6.42 %),4300,150500000,4300,150500000,1007885,15.86
15/06/2021,0,0,35(0.00 %),0,0,0,0,1007885,15.86
16/06/2021,0,0,35(0.00 %),0,0,0,0,1007885,15.86
17/06/2021,0,0,35(0.00 %),0,0,0,0,1007885,15.86
18/06/2021,0,0,35(0.00 %),0,0,0,0,1007885,15.86
21/06/2021,0,0,34.7(-0.86 %),0,0,0,0,1007885,15.86
22/06/2021,0,0,34.7(0.00 %),0,0,0,0,1007885,15.86
23/06/2021,0,0,34.7(0.00 %),0,0,0,0,1007885,15.86
24/06/2021,0,0,34.7(0.00 %),0,0,0,0,1007885,15.86
25/06/2021,0,0,34.7(0.00 %),0,0,0,0,1007885,15.86
28/06/2021,0,0,34.7(0.00 %),0,0,0,0,1007885,15.86
29/06/2021,0,0,34.7(0.00 %),0,0,0,0,1007885,15.86
30/06/2021,0,0,34.7(0.00 %),0,0,0,0,1007885,15.86
01/07/2021,0,0,34.7(0.00 %),0,0,0,0,1007885,15.86
02/07/2021,0,0,34.7(0.00 %),0,0,0,0,1007885,0.0
05/07/2021,0,0,33.4(-3.75 %),0,0,0,0,1007885,0.0
06/07/2021,0,0,33.4(0.00 %),0,0,0,0,1007885,0.0
07/07/2021,0,0,33.4(0.00 %),0,0,0,0,1007885,15.86
08/07/2021,0,0,33.4(0.00 %),0,0,0,0,1007885,15.86
09/07/2021,0,0,33.4(0.00 %),0,0,0,0,1007885,15.86
12/07/2021,0,0,33.4(0.00 %),0,0,0,0,1007885,15.86
13/07/2021,0,0,33.4(0.00 %),0,0,0,0,1007885,15.86
14/07/2021,0,0,33.4(0.00 %),0,0,0,0,1007885,15.86
15/07/2021,0,0,33.4(0.00 %),0,0,0,0,1007885,15.86
16/07/2021,0,0,33.4(0.00 %),0,0,0,0,1007885,15.86
19/07/2021,0,0,36.6(9.58 %),100,3660000,100,3660000,1007885,15.86
20/07/2021,0,0,36.6(0.00 %),0,0,0,0,1007885,15.86
21/07/2021,0,0,36.6(0.00 %),0,0,0,0,1007885,15.86
22/07/2021,0,0,36.6(0.00 %),0,0,0,0,1007885,15.86
23/07/2021,0,0,36.6(0.00 %),0,0,0,0,1007885,15.86
26/07/2021,0,0,36.6(0.00 %),0,0,0,0,1007885,15.86
27/07/2021,0,0,36.6(0.00 %),0,0,0,0,1007885,15.86
28/07/2021,0,0,36.6(0.00 %),0,0,0,0,1007885,15.86
29/07/2021,0,0,36.6(0.00 %),0,0,0,0,1007885,15.86
30/07/2021,0,0,36.6(0.00 %),0,0,0,0,1007885,15.86
02/08/2021,0,0,36.6(0.00 %),0,0,0,0,1007885,15.86
03/08/2021,0,0,36.6(0.00 %),0,0,0,0,1007885,15.86
04/08/2021,0,0,36.6(0.00 %),0,0,0,0,1007885,15.86
05/08/2021,0,0,36.6(0.00 %),0,0,0,0,1007885,15.86
06/08/2021,0,0,36.6(0.00 %),0,0,0,0,1007885,15.86
09/08/2021,0,0,36.6(0.00 %),0,0,0,0,1007885,15.86
10/08/2021,0,0,36.6(0.00 %),0,0,0,0,1007885,15.86
11/08/2021,0,0,36.6(0.00 %),0,0,0,0,1007885,15.86
12/08/2021,0,0,36.6(0.00 %),0,0,0,0,1007885,15.86
13/08/2021,0,0,36.6(0.00 %),0,0,0,0,1007885,0.0
16/08/2021,0,0,36.6(0.00 %),0,0,0,0,1007885,15.86
17/08/2021,0,0,36.6(0.00 %),0,0,0,0,1007885,15.86
18/08/2021,0,0,36.6(0.00 %),0,0,0,0,1007885,15.86
19/08/2021,0,0,36.6(0.00 %),0,0,0,0,1007885,15.86
20/08/2021,0,0,36.6(0.00 %),0,0,0,0,1007885,15.86
23/08/2021,0,0,36.6(0.00 %),0,0,0,0,1007885,15.86
24/08/2021,0,0,36.6(0.00 %),0,0,0,0,1007885,15.86
25/08/2021,0,0,36.6(0.00 %),0,0,0,0,1007885,15.86
26/08/2021,0,0,36.6(0.00 %),0,0,0,0,1007885,15.86
27/08/2021,0,0,36.6(0.00 %),0,0,0,0,1007885,15.86
30/08/2021,0,0,36.6(0.00 %),0,0,0,0,1007885,15.86
31/08/2021,0,0,36.6(0.00 %),0,0,0,0,1007885,15.86
01/09/2021,0,0,36.6(0.00 %),0,0,0,0,1007885,0.0
06/09/2021,0,0,33(-9.84 %),0,0,0,0,1007885,15.86
07/09/2021,0,0,33(0.00 %),0,0,0,0,1007885,0.0
08/09/2021,0,0,33(0.00 %),0,0,0,0,1007885,0.0
09/09/2021,0,0,33(0.00 %),0,0,0,0,1007885,15.86
10/09/2021,0,0,33(0.00 %),0,0,0,0,1007885,15.86
13/09/2021,100,3300000,33(0.00 %),100,3300000,0,0,1007785,15.87
14/09/2021,0,0,29.7(-10.00 %),0,0,0,0,1007785,15.87
15/09/2021,4500,146670000,32.6(9.76 %),5400,176010000,900,29340000,1003285,16.01
16/09/2021,0,0,29.6(-9.20 %),0,0,0,0,1003285,16.01
17/09/2021,0,0,32.3(9.12 %),0,0,0,0,1003285,16.01
20/09/2021,200,6430000,32.2(-0.31 %),200,6430000,0,0,1003085,16.02
21/09/2021,100,3500000,35(8.70 %),100,3500000,0,0,1002985,16.02
22/09/2021,0,0,35(0.00 %),0,0,0,0,1002985,16.02
23/09/2021,0,0,35(0.00 %),0,0,0,0,1002985,16.02
24/09/2021,0,0,32.5(-7.14 %),0,0,0,0,1002985,0.0
27/09/2021,100,3290000,32.9(1.23 %),100,3290000,0,0,1002885,16.03
28/09/2021,100,3390000,33.9(3.04 %),100,3390000,0,0,1002785,16.03
29/09/2021,0,0,33.9(0.00 %),0,0,0,0,1002785,0.0
30/09/2021,0,0,33.9(0.00 %),0,0,0,0,1002785,16.03
01/10/2021,0,0,33.9(0.00 %),0,0,0,0,1002785,16.03
04/10/2021,0,0,33.9(0.00 %),0,0,0,0,1002785,16.03
05/10/2021,0,0,33.9(0.00 %),0,0,0,0,1002785,16.03
06/10/2021,0,0,33.9(0.00 %),0,0,0,0,1002785,16.03
07/10/2021,0,0,33.9(0.00 %),0,0,0,0,1002785,16.03
08/10/2021,0,0,33.9(0.00 %),0,0,0,0,1002785,16.03
11/10/2021,0,0,30.6(-9.73 %),0,0,0,0,1002785,16.03
12/10/2021,-1600,-47980000,30.2(-1.31 %),100,3360000,1700,51340000,1002685,16.03
13/10/2021,-500,-15100000,30(-0.66 %),0,0,500,15100000,1003185,0.0
14/10/2021,0,0,30(0.00 %),0,0,0,0,1003185,0.0
15/10/2021,0,0,30(0.00 %),0,0,0,0,1003185,0.0
19/10/2021,0,0,32.9(0.00 %),0,0,0,0,1003185,0.0
20/10/2021,100,3280000,32.8(-0.30 %),100,3280000,0,0,1003085,0.0
21/10/2021,100,3270000,32.7(-0.30 %),100,3270000,0,0,1003085,0.0
22/10/2021,0,0,30.5(-6.73 %),0,0,0,0,1003085,0.0
25/10/2021,0,0,30.5(0.00 %),0,0,0,0,1003085,0.0
26/10/2021,-2500,-76250000,30.5(0.00 %),0,0,2500,76250000,1005585,0.0
27/10/2021,-36,-990000,30.5(0.00 %),0,0,36,990000,1005621,15.94
28/10/2021,0,0,30.5(0.00 %),0,0,0,0,1005621,0.0
29/10/2021,0,0,30.5(0.00 %),0,0,0,0,1005621,15.94
01/11/2021,0,0,32.2(5.57 %),0,0,0,0,1007185,15.89
02/11/2021,-28,-826000,32.1(-0.31 %),0,0,28,826000,1007213,15.88
03/11/2021,0,0,32(-0.31 %),0,0,0,0,1007213,15.88
04/11/2021,0,0,31.9(-0.31 %),0,0,0,0,1007213,0.0
05/11/2021,0,0,31.8(-0.31 %),0,0,0,0,1007213,15.88
08/11/2021,100,3450000,31(-2.52 %),100,3450000,0,0,1007113,15.89
09/11/2021,0,0,31(0.00 %),0,0,0,0,1007113,15.89
10/11/2021,0,0,30.6(-1.29 %),0,0,0,0,1007113,15.89
11/11/2021,0,0,30.5(-0.33 %),0,0,0,0,1007113,15.89
12/11/2021,0,0,31(1.64 %),0,0,0,0,1007113,15.89
15/11/2021,-1100,-34650000,31.5(1.61 %),0,0,1100,34650000,1008213,15.85
16/11/2021,0,0,31.5(0.00 %),0,0,0,0,1008213,15.85
17/11/2021,0,0,31.5(0.00 %),0,0,0,0,1008213,15.85
18/11/2021,0,0,31.5(0.00 %),0,0,0,0,1008213,15.85
19/11/2021,0,0,31.5(0.00 %),0,0,0,0,1008213,15.85
22/11/2021,0,0,31.5(0.00 %),0,0,0,0,1008213,15.85
23/11/2021,0,0,32(1.59 %),0,0,0,0,1008213,15.85
24/11/2021,0,0,32(0.00 %),0,0,0,0,1008213,15.85
25/11/2021,0,0,32(0.00 %),0,0,0,0,1008213,15.85
26/11/2021,300,9900000,35(9.38 %),300,9900000,0,0,1007949,15.86
29/11/2021,0,0,35(0.00 %),0,0,0,0,1007949,15.86
30/11/2021,0,0,35(0.00 %),0,0,0,0,1007949,15.86
01/12/2021,0,0,32(-8.57 %),0,0,0,0,1007949,15.86
02/12/2021,100,3500000,35(9.38 %),100,3500000,0,0,1007849,15.86
03/12/2021,0,0,35(0.00 %),0,0,0,0,1007849,15.86
06/12/2021,0,0,35(0.00 %),0,0,0,0,1007849,15.86
07/12/2021,0,0,35(0.00 %),0,0,0,0,1007849,15.86
08/12/2021,-8,-252000,35(0.00 %),0,0,8,252000,1007857,15.86
09/12/2021,0,0,35(0.00 %),0,0,0,0,1007849,15.86
10/12/2021,0,0,35(0.00 %),0,0,0,0,1007849,15.86
13/12/2021,0,0,31.5(-10.00 %),0,0,0,0,1007849,15.86
14/12/2021,0,0,28.4(-9.84 %),0,0,0,0,1007849,15.86
15/12/2021,0,0,31.2(9.86 %),0,0,0,0,1007849,15.86
16/12/2021,0,0,31.2(0.00 %),0,0,0,0,1007849,15.86
17/12/2021,0,0,31.2(0.00 %),0,0,0,0,1007849,15.86
20/12/2021,0,0,31.5(0.96 %),0,0,0,0,1007849,15.86
21/12/2021,100,3150000,31.5(0.00 %),100,3150000,0,0,1007757,15.87
22/12/2021,0,0,31.5(0.00 %),0,0,0,0,1007757,15.87
23/12/2021,-3500,-108850000,33.8(7.30 %),1000,31500000,4500,140350000,1011257,0.0
24/12/2021,-300,-10140000,33.7(-0.30 %),0,0,300,10140000,1011557,0.0
27/12/2021,0,0,33.7(0.00 %),0,0,0,0,1011257,15.75
28/12/2021,0,0,33(-2.08 %),0,0,0,0,1011257,15.75
29/12/2021,0,0,33(0.00 %),0,0,0,0,1011557,15.74
30/12/2021,0,0,31.3(-0.63 %),0,0,0,0,1011557,15.74
31/12/2021,0,0,31.3(0.00 %),0,0,0,0,1011557,15.74
04/01/2022,0,0,31.3(0.00 %),0,0,0,0,1011557,15.74
05/01/2022,0,0,31.3(0.00 %),0,0,0,0,1011557,15.74
06/01/2022,0,0,31.3(0.00 %),0,0,0,0,1011557,15.74
07/01/2022,0,0,31.3(0.00 %),0,0,0,0,1011557,15.74
10/01/2022,0,0,31.3(0.00 %),0,0,0,0,1011557,15.74
11/01/2022,0,0,31.3(0.00 %),0,0,0,0,1011557,15.74
12/01/2022,0,0,28.3(-9.58 %),0,0,0,0,1011557,15.74
13/01/2022,0,0,28.3(0.00 %),0,0,0,0,1011557,15.74
14/01/2022,-300,-8820000,31(9.54 %),0,0,300,8820000,1011557,15.74
17/01/2022,0,0,31(0.00 %),0,0,0,0,1011557,15.74
18/01/2022,0,0,31(0.00 %),0,0,0,0,1011857,15.73
19/01/2022,0,0,31(0.00 %),0,0,0,0,1011857,15.73
20/01/2022,0,0,31(0.00 %),0,0,0,0,1011857,15.73
21/01/2022,0,0,31(0.00 %),0,0,0,0,1011857,15.73
24/01/2022,0,0,31(0.00 %),0,0,0,0,1011857,15.73
25/01/2022,0,0,31(0.00 %),0,0,0,0,1011857,15.73
26/01/2022,0,0,31(0.00 %),0,0,0,0,1011857,15.73
27/01/2022,0,0,31(0.00 %),0,0,0,0,1011857,15.73
28/01/2022,100,3330000,33.3(7.42 %),100,3330000,0,0,1011757,15.74
07/02/2022,0,0,33.3(0.00 %),0,0,0,0,1011757,15.74
08/02/2022,0,0,33.3(0.00 %),0,0,0,0,1011757,15.74
09/02/2022,0,0,33.3(0.00 %),0,0,0,0,1011757,15.74
10/02/2022,0,0,33.3(0.00 %),0,0,0,0,1011757,15.74
11/02/2022,0,0,33.3(0.00 %),0,0,0,0,1011757,15.74
14/02/2022,0,0,33.3(0.00 %),0,0,0,0,1011757,15.74
15/02/2022,0,0,33.3(0.00 %),0,0,0,0,1011757,15.74
16/02/2022,0,0,33.3(0.00 %),0,0,0,0,1011757,15.74
17/02/2022,0,0,33.3(0.00 %),0,0,0,0,1011757,15.74
18/02/2022,0,0,33.3(0.00 %),0,0,0,0,1011757,15.74
21/02/2022,0,0,31.3(-6.01 %),0,0,0,0,1011757,15.74
22/02/2022,0,0,31.3(0.00 %),0,0,0,0,1011757,15.74
23/02/2022,0,0,31(-0.96 %),0,0,0,0,1011757,15.74
24/02/2022,0,0,31(0.00 %),0,0,0,0,1011757,15.74
25/02/2022,0,0,31(0.00 %),0,0,0,0,1011757,15.74
28/02/2022,0,0,31(0.00 %),0,0,0,0,1011757,15.74
01/03/2022,0,0,31(0.00 %),0,0,0,0,1011757,15.74
02/03/2022,0,0,31(0.00 %),0,0,0,0,1011757,15.74
03/03/2022,0,0,33.3(7.42 %),100,3330000,100,3330000,1011657,15.74
04/03/2022,0,0,33.3(0.00 %),0,0,0,0,1011657,15.74
07/03/2022,0,0,33.3(0.00 %),0,0,0,0,1011757,15.74
08/03/2022,0,0,32.5(-2.40 %),0,0,0,0,1011757,15.74
09/03/2022,0,0,32.5(0.00 %),0,0,0,0,1011757,15.74
10/03/2022,0,0,32.5(0.00 %),0,0,0,0,1011757,15.74
11/03/2022,0,0,32.5(0.00 %),0,0,0,0,1011757,15.74
14/03/2022,0,0,32.5(0.00 %),0,0,0,0,1011757,15.74
15/03/2022,0,0,32.5(0.00 %),0,0,0,0,1011757,15.74
16/03/2022,0,0,32.5(0.00 %),0,0,0,0,1011757,15.74
17/03/2022,0,0,32.5(0.00 %),0,0,0,0,1011757,15.74
18/03/2022,0,0,32.5(0.00 %),0,0,0,0,1011757,15.74
21/03/2022,0,0,32.5(0.00 %),0,0,0,0,1011757,15.74
22/03/2022,0,0,32.5(0.00 %),0,0,0,0,1011757,15.74
23/03/2022,0,0,32.5(0.00 %),0,0,0,0,1011757,15.74
24/03/2022,0,0,32.5(0.00 %),0,0,0,0,1011757,15.74
25/03/2022,0,0,32(-1.54 %),0,0,0,0,1011757,15.74
28/03/2022,-78,-2340000,32(0.00 %),0,0,78,2340000,1011757,15.74
29/03/2022,0,0,32(0.00 %),0,0,0,0,1011757,15.74
30/03/2022,0,0,32(0.00 %),0,0,0,0,1011835,15.73
31/03/2022,0,0,31.5(-1.56 %),0,0,0,0,1011835,15.73
01/04/2022,0,0,31.5(0.00 %),0,0,0,0,1011835,15.73
04/04/2022,0,0,31.5(0.00 %),0,0,0,0,1011835,15.73
05/04/2022,0,0,31.5(0.00 %),0,0,0,0,1011835,15.73
06/04/2022,0,0,31.5(0.00 %),0,0,0,0,1011835,15.73
07/04/2022,0,0,31.5(0.00 %),0,0,0,0,1011835,15.73
08/04/2022,-500,-15750000,31.5(0.00 %),0,0,500,15750000,1011835,15.73
12/04/2022,0,0,32(1.59 %),0,0,0,0,1011835,15.73
13/04/2022,-200,-6400000,32(0.00 %),100,3150000,300,9550000,1011835,15.73
14/04/2022,0,0,32(0.00 %),0,0,0,0,1012235,15.72
15/04/2022,0,0,0(0.00 %),0,0,0,0,1012535,15.71
18/04/2022,0,0,0(0.00 %),0,0,0,0,1012535,15.71
19/04/2022,0,0,32(0.00 %),0,0,0,0,1012535,15.71
20/04/2022,0,0,32(0.00 %),0,0,0,0,1012535,15.71
21/04/2022,0,0,32(0.00 %),0,0,0,0,1012735,15.7
22/04/2022,0,0,32(0.00 %),0,0,0,0,1012735,15.7
25/04/2022,0,0,32(0.00 %),0,0,0,0,1012735,15.7
26/04/2022,0,0,32(0.00 %),0,0,0,0,1012735,15.7
27/04/2022,0,0,32(0.00 %),0,0,0,0,1012735,15.7
28/04/2022,0,0,32(0.00 %),0,0,0,0,1012735,15.7
29/04/2022,0,0,32(0.00 %),0,0,0,0,1012735,15.7
04/05/2022,0,0,32(0.00 %),0,0,0,0,1012735,15.7
05/05/2022,0,0,32(0.00 %),0,0,0,0,1012735,15.7
06/05/2022,0,0,32(0.00 %),0,0,0,0,1012735,15.7
09/05/2022,0,0,32(0.00 %),0,0,0,0,1012735,15.7
10/05/2022,0,0,32(0.00 %),0,0,0,0,1012735,15.7
11/05/2022,0,0,32(0.00 %),0,0,0,0,1012735,15.7
12/05/2022,0,0,32(0.00 %),0,0,0,0,1012735,15.7
13/05/2022,0,0,32(0.00 %),0,0,0,0,1012735,15.7
16/05/2022,0,0,32(0.00 %),0,0,0,0,1012735,15.7
17/05/2022,0,0,32(0.00 %),0,0,0,0,1012735,15.7
18/05/2022,0,0,32(0.00 %),0,0,0,0,1012735,15.7
19/05/2022,0,0,32(0.00 %),0,0,0,0,1012735,15.7
20/05/2022,0,0,32(0.00 %),0,0,0,0,1012735,15.7
23/05/2022,0,0,32(0.00 %),0,0,0,0,1012735,15.7
24/05/2022,0,0,32(0.00 %),0,0,0,0,1012735,15.7
25/05/2022,0,0,32(0.00 %),0,0,0,0,1012735,15.7
26/05/2022,0,0,32(0.00 %),0,0,0,0,1012735,15.7
27/05/2022,0,0,32(0.00 %),0,0,0,0,1012735,15.7
30/05/2022,0,0,32(0.00 %),0,0,0,0,1012735,15.7
31/05/2022,0,0,32(0.00 %),0,0,0,0,1012735,15.7
01/06/2022,0,0,32(0.00 %),0,0,0,0,1012735,15.7
02/06/2022,0,0,32(0.00 %),0,0,0,0,1012735,15.7
03/06/2022,0,0,32(0.00 %),0,0,0,0,1012735,15.7
06/06/2022,0,0,32(0.00 %),0,0,0,0,1012735,15.7
07/06/2022,0,0,32(0.00 %),0,0,0,0,1012735,15.7
08/06/2022,0,0,32(0.00 %),0,0,0,0,1012735,15.7
09/06/2022,0,0,32(0.00 %),0,0,0,0,1012735,15.7
10/06/2022,0,0,32(0.00 %),0,0,0,0,1012735,15.7
13/06/2022,0,0,32(0.00 %),0,0,0,0,1012735,15.7
14/06/2022,0,0,32(0.00 %),0,0,0,0,1012735,15.7
15/06/2022,0,0,32(0.00 %),0,0,0,0,1012735,15.7
16/06/2022,0,0,32(0.00 %),0,0,0,0,1012735,15.7
17/06/2022,0,0,32(0.00 %),0,0,0,0,1012735,15.7
20/06/2022,0,0,32(0.00 %),0,0,0,0,1012735,15.7
21/06/2022,0,0,32(0.00 %),0,0,0,0,1012735,15.7
22/06/2022,0,0,32(0.00 %),0,0,0,0,1012735,15.7
23/06/2022,0,0,32(0.00 %),0,0,0,0,1012735,15.7
24/06/2022,0,0,32(0.00 %),0,0,0,0,1012735,15.7
27/06/2022,0,0,30.1(-5.94 %),0,0,0,0,1012735,15.7
28/06/2022,0,0,30.1(0.00 %),0,0,0,0,1012735,15.7
29/06/2022,0,0,30.1(0.00 %),0,0,0,0,1012735,15.7
30/06/2022,0,0,30(-0.33 %),0,0,0,0,1012735,15.7
01/07/2022,0,0,30(0.00 %),0,0,0,0,1012735,15.7
04/07/2022,0,0,31(3.33 %),0,0,0,0,1012735,15.7
05/07/2022,0,0,31.3(0.97 %),4000,125200000,4000,125200000,1008735,15.83
06/07/2022,0,0,31.3(0.00 %),0,0,0,0,1008735,15.83
07/07/2022,0,0,31.3(0.00 %),0,0,0,0,1012735,15.7
08/07/2022,0,0,31.3(0.00 %),0,0,0,0,1012735,15.7
11/07/2022,0,0,31.3(0.00 %),0,0,0,0,1012735,15.7
12/07/2022,0,0,31.3(0.00 %),0,0,0,0,1012735,15.7
13/07/2022,0,0,31.3(0.00 %),0,0,0,0,1012735,15.7
14/07/2022,0,0,31.3(0.00 %),0,0,0,0,1012735,15.7
15/07/2022,0,0,31.3(0.00 %),0,0,0,0,1012735,15.7
18/07/2022,0,0,31.3(0.00 %),0,0,0,0,1012735,15.7
19/07/2022,0,0,31.3(0.00 %),0,0,0,0,1012735,15.7
20/07/2022,0,0,34.3(9.58 %),0,0,0,0,1012735,15.7
21/07/2022,0,0,34.3(0.00 %),0,0,0,0,1012735,15.7
22/07/2022,0,0,34.3(0.00 %),0,0,0,0,1012735,15.7
25/07/2022,0,0,37.4(9.04 %),0,0,0,0,1012735,15.7
26/07/2022,0,0,37.4(0.00 %),0,0,0,0,1012735,15.7
27/07/2022,0,0,37.4(0.00 %),0,0,0,0,1012735,15.7
28/07/2022,0,0,37.4(0.00 %),0,0,0,0,1012735,15.7
29/07/2022,0,0,37.4(0.00 %),0,0,0,0,1012735,15.7
01/08/2022,0,0,37.4(0.00 %),0,0,0,0,1012735,15.7
02/08/2022,100,3370000,36(-3.74 %),200,6970000,100,3600000,1012535,15.71
03/08/2022,0,0,36(0.00 %),0,0,0,0,1012535,15.71
04/08/2022,0,0,36(0.00 %),0,0,0,0,1012635,15.71
05/08/2022,0,0,35(-2.78 %),0,0,0,0,1012635,15.71
08/08/2022,0,0,35(0.00 %),0,0,0,0,1012635,15.71
09/08/2022,0,0,31.5(-10.00 %),0,0,0,0,1012635,15.71
10/08/2022,0,0,33.9(7.62 %),100,3390000,100,3390000,1012535,15.71
11/08/2022,200,7160000,35.8(5.60 %),200,7160000,0,0,1012335,15.72
12/08/2022,300,10650000,35.5(-0.84 %),300,10650000,0,0,1012135,15.72
15/08/2022,1200,41030000,35(4.48 %),1200,41030000,0,0,1010935,15.76
16/08/2022,0,0,35(0.00 %),0,0,0,0,1010935,15.76
17/08/2022,0,0,35(0.00 %),0,0,0,0,1010935,15.76
18/08/2022,0,0,35(0.00 %),0,0,0,0,1010935,15.76
19/08/2022,0,0,31.5(-10.00 %),0,0,0,0,1010935,15.76
22/08/2022,0,0,31.5(0.00 %),0,0,0,0,1010935,15.76
23/08/2022,0,0,31.5(0.00 %),0,0,0,0,1010935,15.76
24/08/2022,0,0,31.5(0.00 %),0,0,0,0,1010935,15.76
25/08/2022,0,0,31.5(0.00 %),0,0,0,0,1010935,15.76
26/08/2022,100,3150000,31.5(0.00 %),100,3150000,0,0,1010835,15.77
29/08/2022,0,0,31.5(0.00 %),0,0,0,0,1010835,15.77
30/08/2022,0,0,31.5(0.00 %),0,0,0,0,1010835,15.77
31/08/2022,0,0,31.5(0.00 %),0,0,0,0,1010835,15.77
05/09/2022,0,0,34(7.94 %),0,0,0,0,1010835,15.77
06/09/2022,0,0,30.6(-10.00 %),0,0,0,0,1010835,15.77
07/09/2022,0,0,30.6(0.00 %),0,0,0,0,1010835,15.77
08/09/2022,0,0,30.6(0.00 %),0,0,0,0,1010835,15.77
09/09/2022,0,0,30.6(0.00 %),0,0,0,0,1010835,15.77
12/09/2022,0,0,30.6(0.00 %),0,0,0,0,1010835,15.77
13/09/2022,0,0,30.6(0.00 %),0,0,0,0,1010835,15.77
14/09/2022,0,0,30.6(0.00 %),0,0,0,0,1010835,15.77
15/09/2022,0,0,30(-1.96 %),0,0,0,0,0,15.77
16/09/2022,0,0,30(0.00 %),0,0,0,0,1010835,15.77
19/09/2022,0,0,30(0.00 %),0,0,0,0,1010835,0.0
20/09/2022,0,0,30(0.00 %),0,0,0,0,1010835,15.77
21/09/2022,0,0,30(0.00 %),0,0,0,0,1010835,15.77
22/09/2022,0,0,27(-10.00 %),0,0,0,0,1010835,15.77
23/09/2022,0,0,25.7(-4.81 %),0,0,0,0,1010835,15.77
26/09/2022,0,0,25.7(0.00 %),0,0,0,0,1010835,15.77
27/09/2022,0,0,28.2(9.73 %),0,0,0,0,1010835,15.77
28/09/2022,0,0,28.2(0.00 %),0,0,0,0,1010835,15.77
29/09/2022,0,0,28.2(0.00 %),0,0,0,0,1010835,15.77
30/09/2022,100,3050000,30.5(8.16 %),100,3050000,0,0,1010735,15.77
03/10/2022,0,0,30.5(0.00 %),0,0,0,0,1010735,15.77
04/10/2022,0,0,30.5(0.00 %),0,0,0,0,1010735,15.77
05/10/2022,0,0,30.5(0.00 %),0,0,0,0,1010735,15.77
06/10/2022,0,0,30.5(0.00 %),0,0,0,0,1010735,15.77
07/10/2022,0,0,30.5(0.00 %),0,0,0,0,1010735,15.77
10/10/2022,0,0,30.5(0.00 %),0,0,0,0,1010735,15.77
11/10/2022,0,0,30.5(0.00 %),0,0,0,0,1010735,15.77
12/10/2022,0,0,30.5(0.00 %),0,0,0,0,1010735,15.77
13/10/2022,0,0,30.5(0.00 %),0,0,0,0,1010735,15.77
14/10/2022,0,250000,30.5(0.00 %),100,3050000,100,2800000,1010635,15.77
17/10/2022,0,0,30.5(0.00 %),0,0,0,0,1010635,15.77
18/10/2022,0,0,30.5(0.00 %),0,0,0,0,1010735,15.77
19/10/2022,0,0,30.5(0.00 %),0,0,0,0,1010735,15.77
20/10/2022,0,0,30.5(0.00 %),0,0,0,0,1010735,15.77
21/10/2022,0,0,30.5(0.00 %),0,0,0,0,1010735,15.77
24/10/2022,0,0,30.5(0.00 %),0,0,0,0,1010735,15.77
25/10/2022,0,0,30.5(0.00 %),0,0,0,0,1010735,15.77
26/10/2022,0,0,30.5(0.00 %),0,0,0,0,1010735,15.77
27/10/2022,0,0,30.5(0.00 %),0,0,0,0,1010735,15.77
28/10/2022,0,0,30.5(0.00 %),0,0,0,0,1010735,15.77
31/10/2022,0,0,30.5(0.00 %),0,0,0,0,1010735,15.77
01/11/2022,0,0,30.5(0.00 %),0,0,0,0,1010735,15.77
02/11/2022,0,0,30.5(0.00 %),0,0,0,0,1010735,15.77
03/11/2022,0,0,30.5(0.00 %),0,0,0,0,1010735,15.77
04/11/2022,0,0,30.5(0.00 %),0,0,0,0,1010735,15.77
07/11/2022,0,0,30(-1.64 %),0,0,0,0,1010735,15.77
08/11/2022,0,0,30(0.00 %),0,0,0,0,1010735,15.77
09/11/2022,0,0,30(0.00 %),0,0,0,0,1010735,15.77
10/11/2022,0,0,30(0.00 %),0,0,0,0,1010735,15.77
11/11/2022,0,0,30(0.00 %),0,0,0,0,1010735,15.77
14/11/2022,0,0,30(0.00 %),0,0,0,0,1010735,15.77
15/11/2022,0,0,28(-6.67 %),0,0,0,0,1010735,15.77
16/11/2022,0,0,28(0.00 %),0,0,0,0,1010735,15.77
17/11/2022,0,0,29(3.57 %),0,0,0,0,1010735,15.77
18/11/2022,0,0,29(0.00 %),100,2610000,100,2610000,1010635,15.77
21/11/2022,0,0,29(0.00 %),0,0,0,0,1010635,15.77
22/11/2022,0,0,29(0.00 %),0,0,0,0,1010735,15.77
23/11/2022,0,0,29(0.00 %),0,0,0,0,1010735,15.77
24/11/2022,0,0,29(0.00 %),0,0,0,0,1010735,15.77
25/11/2022,0,0,27(-6.90 %),0,0,0,0,1010735,15.77
28/11/2022,100,2970000,29.7(10.00 %),100,2970000,0,0,1010635,0.0
29/11/2022,100,3000000,30(1.01 %),100,3000000,0,0,1010535,0.0
30/11/2022,0,0,30(0.00 %),0,0,0,0,1010535,0.0
01/12/2022,0,0,30(0.00 %),0,0,0,0,1010535,0.0
02/12/2022,0,0,30(0.00 %),0,0,0,0,1010535,0.0
05/12/2022,0,0,30(0.00 %),0,0,0,0,1010535,0.0
06/12/2022,0,0,30(0.00 %),0,0,0,0,1010535,0.0
07/12/2022,0,0,30(0.00 %),0,0,0,0,1010535,0.0
08/12/2022,100,3050000,30.5(1.67 %),100,3050000,0,0,1010435,15.78
09/12/2022,0,0,30.5(0.00 %),0,0,0,0,1010435,15.78
12/12/2022,0,0,30.5(0.00 %),0,0,0,0,1010435,0.0
13/12/2022,0,0,30.5(0.00 %),0,0,0,0,1010435,0.0
14/12/2022,0,0,30.5(0.00 %),0,0,0,0,1010435,0.0
15/12/2022,0,0,30.5(0.00 %),0,0,0,0,1010435,0.0
16/12/2022,0,0,30.5(0.00 %),0,0,0,0,1010435,0.0
19/12/2022,0,0,30.5(0.00 %),0,0,0,0,1010435,0.0
20/12/2022,0,0,30.5(0.00 %),0,0,0,0,1010435,0.0
21/12/2022,-100,-3000000,30(-1.64 %),0,0,100,3000000,1010435,0.0
22/12/2022,0,0,30(0.00 %),0,0,0,0,1010435,0.0
23/12/2022,0,0,30(0.00 %),0,0,0,0,1010435,0.0
26/12/2022,0,0,30(0.00 %),0,0,0,0,1010535,0.0
27/12/2022,0,0,30(0.00 %),0,0,0,0,1010535,0.0
28/12/2022,0,0,30(0.00 %),0,0,0,0,1010535,15.78
29/12/2022,0,0,30(0.00 %),0,0,0,0,1010535,15.78
30/12/2022,0,0,30(0.00 %),0,0,0,0,1010535,15.78
03/01/2023,100,3300000,33(10.00 %),100,3300000,0,0,1010435,0.0
04/01/2023,0,0,33(0.00 %),0,0,0,0,1010435,15.78
05/01/2023,0,0,33(0.00 %),0,0,0,0,1010435,15.78
06/01/2023,0,0,33(0.00 %),0,0,0,0,1010435,15.78
09/01/2023,0,0,33(0.00 %),0,0,0,0,1010435,15.78
10/01/2023,0,0,33(0.00 %),0,0,0,0,1010435,15.78
11/01/2023,0,0,33(0.00 %),0,0,0,0,1010435,15.78
12/01/2023,0,0,33(0.00 %),0,0,0,0,1010435,15.78
13/01/2023,0,0,33(0.00 %),0,0,0,0,1010435,15.78
16/01/2023,0,0,33(0.00 %),0,0,0,0,1010435,15.78
17/01/2023,0,0,33(0.00 %),0,0,0,0,1010435,15.78
18/01/2023,0,0,33(0.00 %),0,0,0,0,1010435,15.78
19/01/2023,0,0,33(0.00 %),0,0,0,0,1010435,15.78
27/01/2023,0,0,33(0.00 %),0,0,0,0,1010435,15.78
30/01/2023,0,0,33(0.00 %),0,0,0,0,1010435,15.78
31/01/2023,0,0,33(0.00 %),0,0,0,0,1010435,15.78
01/02/2023,0,0,33(0.00 %),0,0,0,0,1010435,15.78
02/02/2023,0,0,33(0.00 %),0,0,0,0,1010435,15.78
03/02/2023,0,0,33(0.00 %),0,0,0,0,1010435,15.78
06/02/2023,0,0,33(0.00 %),0,0,0,0,1010435,15.78
07/02/2023,0,0,33(0.00 %),0,0,0,0,1010435,15.78
08/02/2023,0,0,33(0.00 %),0,0,0,0,1010435,15.78
09/02/2023,0,0,33(0.00 %),0,0,0,0,1010435,15.78
10/02/2023,0,0,33(0.00 %),0,0,0,0,1010435,15.78
13/02/2023,0,0,33(0.00 %),0,0,0,0,1010435,15.78
14/02/2023,0,0,33(0.00 %),0,0,0,0,1010435,15.78
15/02/2023,0,0,33(0.00 %),0,0,0,0,1010435,15.78
16/02/2023,0,0,33(0.00 %),0,0,0,0,1010435,15.78
17/02/2023,0,0,33(0.00 %),0,0,0,0,1010435,15.78
20/02/2023,0,0,33(0.00 %),0,0,0,0,1010435,15.78
21/02/2023,0,0,33(0.00 %),0,0,0,0,1010435,15.78
22/02/2023,0,0,33(0.00 %),0,0,0,0,1010435,15.78
23/02/2023,0,0,33(0.00 %),0,0,0,0,1010435,15.78
24/02/2023,0,0,33(0.00 %),0,0,0,0,1010435,0.0
27/02/2023,0,0,33(0.00 %),0,0,0,0,1010435,15.78
28/02/2023,0,0,33(0.00 %),0,0,0,0,1010435,15.78
01/03/2023,0,0,33(0.00 %),0,0,0,0,1010435,15.78
02/03/2023,0,0,33(0.00 %),0,0,0,0,1010435,15.78
03/03/2023,0,0,33(0.00 %),0,0,0,0,1010435,15.78
06/03/2023,0,0,33(0.00 %),0,0,0,0,1010435,15.78
07/03/2023,0,0,33(0.00 %),0,0,0,0,1010435,15.78
08/03/2023,0,0,33(0.00 %),0,0,0,0,1010435,15.78
09/03/2023,0,0,33(0.00 %),0,0,0,0,1010435,15.78
10/03/2023,0,0,33(0.00 %),0,0,0,0,1010435,15.78
13/03/2023,0,0,33(0.00 %),0,0,0,0,1010435,0.0
14/03/2023,0,0,33(0.00 %),0,0,0,0,1010435,15.78
15/03/2023,0,0,33(0.00 %),0,0,0,0,1010435,15.78
16/03/2023,0,0,33(0.00 %),0,0,0,0,1010435,15.78
17/03/2023,0,0,33(0.00 %),0,0,0,0,1010435,15.78
20/03/2023,0,0,33(0.00 %),0,0,0,0,1010435,15.78
21/03/2023,0,0,33(0.00 %),0,0,0,0,1010435,15.78
22/03/2023,0,0,33(0.00 %),0,0,0,0,1010435,15.78
23/03/2023,0,0,33(0.00 %),0,0,0,0,1010435,15.78
24/03/2023,0,0,33(0.00 %),0,0,0,0,1010435,15.78
27/03/2023,0,0,33(0.00 %),0,0,0,0,1010435,15.78
28/03/2023,0,0,33(0.00 %),0,0,0,0,1010435,0.0
29/03/2023,0,0,33(0.00 %),0,0,0,0,1010435,15.78
30/03/2023,0,0,33(0.00 %),0,0,0,0,1010435,15.78
31/03/2023,0,0,33(0.00 %),0,0,0,0,1010435,15.78
03/04/2023,0,0,33(0.00 %),0,0,0,0,1010435,15.78
04/04/2023,0,0,33(0.00 %),0,0,0,0,1010435,15.78
05/04/2023,0,0,33(0.00 %),0,0,0,0,1010435,15.78
06/04/2023,0,0,33(0.00 %),0,0,0,0,1010435,15.78
07/04/2023,0,0,33(0.00 %),0,0,0,0,1010435,15.78
10/04/2023,0,0,33(0.00 %),0,0,0,0,1010435,15.78
11/04/2023,0,0,33(0.00 %),0,0,0,0,1010435,15.78
12/04/2023,0,0,29.7(-10.00 %),0,0,0,0,1010435,15.78
13/04/2023,0,0,27(-9.09 %),0,0,0,0,1010435,15.78
14/04/2023,0,0,24.5(-9.26 %),0,0,0,0,1010435,15.78
17/04/2023,0,0,26.9(9.80 %),0,0,0,0,1010435,15.78
18/04/2023,0,0,24.9(-7.43 %),0,0,0,0,1010435,15.78
19/04/2023,0,0,23.1(-7.23 %),100,2730000,100,2730000,1010335,15.78
20/04/2023,0,0,24.3(5.19 %),100,2540000,100,2540000,1010335,15.78
21/04/2023,0,0,26.7(9.88 %),100,2670000,100,2670000,1010235,15.79
24/04/2023,0,0,27(1.12 %),0,0,0,0,1010335,15.78
25/04/2023,0,0,27(0.00 %),0,0,0,0,1010435,15.78
26/04/2023,0,0,29.7(10.00 %),100,2970000,100,2970000,1010335,15.78
27/04/2023,0,0,29.5(-0.67 %),0,0,0,0,1010335,15.78
28/04/2023,0,0,29.5(0.00 %),0,0,0,0,1010335,15.78
04/05/2023,0,0,29.5(0.00 %),0,0,0,0,1010335,15.78
05/05/2023,0,0,29.5(0.00 %),0,0,0,0,1010435,15.78
08/05/2023,-3000,-84750000,28.3(-4.07 %),0,0,3000,84750000,1010435,15.78
09/05/2023,0,0,28.3(0.00 %),0,0,0,0,1010435,15.78
10/05/2023,0,0,28.3(0.00 %),0,0,0,0,1010435,15.78
11/05/2023,0,0,28.3(0.00 %),0,0,0,0,1013435,15.68
12/05/2023,-500,-14350000,28.7(1.41 %),0,0,500,14350000,1013435,15.68
15/05/2023,0,0,28.7(0.00 %),0,0,0,0,1013435,15.68
16/05/2023,0,0,28.7(0.00 %),0,0,0,0,1013435,15.68
17/05/2023,-500,-14100000,28.2(-1.74 %),0,0,500,14100000,1013935,15.66
18/05/2023,0,0,28.2(0.00 %),0,0,0,0,1013935,15.66
19/05/2023,0,0,28.2(0.00 %),0,0,0,0,1013935,15.66
22/05/2023,0,0,25.4(-9.93 %),0,0,0,0,1013935,15.66
23/05/2023,100,2790000,27.9(9.84 %),100,2790000,0,0,1013835,15.67
24/05/2023,100,3030000,30.3(8.60 %),100,3030000,0,0,1013735,15.67
25/05/2023,0,0,30.3(0.00 %),0,0,0,0,1013735,15.67
26/05/2023,-2,-54600,30.3(0.00 %),0,0,2,54600,1013737,15.67
29/05/2023,0,0,28.1(-7.26 %),0,0,0,0,1013737,15.67
30/05/2023,100,3090000,30.9(9.96 %),100,3090000,0,0,1013637,15.67
31/05/2023,0,0,30.9(0.00 %),0,0,0,0,1013637,15.67
01/06/2023,0,0,30.9(0.00 %),0,0,0,0,1014137,15.66
02/06/2023,0,0,30.9(0.00 %),0,0,0,0,1014137,15.66
05/06/2023,0,0,30.9(0.00 %),0,0,0,0,1014137,15.66
06/06/2023,0,0,30.9(0.00 %),0,0,0,0,1014137,15.66
07/06/2023,0,0,30(0.00 %),0,0,0,0,1014137,15.66
08/06/2023,0,0,30(0.00 %),0,0,0,0,1014137,15.66
09/06/2023,0,0,30.9(3.00 %),0,0,0,0,1014137,15.66
12/06/2023,0,0,30(0.00 %),0,0,0,0,1014137,15.66
13/06/2023,0,0,30.9(3.00 %),0,0,0,0,1014137,15.66
14/06/2023,0,0,30.9(3.00 %),0,0,0,0,1014137,15.66
15/06/2023,0,0,30(0.00 %),0,0,0,0,1014137,15.66
16/06/2023,0,0,28.4(-5.33 %),0,0,0,0,1014137,15.66
19/06/2023,0,0,28.4(0.00 %),0,0,0,0,1014137,15.66
20/06/2023,0,0,28.4(0.00 %),0,0,0,0,1014137,15.66
21/06/2023,0,0,28.4(0.00 %),0,0,0,0,1014137,15.66
22/06/2023,0,0,28.4(0.00 %),0,0,0,0,1014137,15.66
23/06/2023,0,0,28.6(0.70 %),0,0,0,0,1014137,15.66
26/06/2023,0,0,28.6(0.00 %),0,0,0,0,1014137,15.66
27/06/2023,0,0,28.3(-1.05 %),0,0,0,0,1014137,15.66
28/06/2023,0,0,28.3(0.00 %),0,0,0,0,1014137,15.66
29/06/2023,0,0,28.3(0.00 %),0,0,0,0,1014137,15.66
30/06/2023,0,0,28.3(0.00 %),0,0,0,0,1014137,15.66
03/07/2023,0,0,28.3(0.00 %),0,0,0,0,1014137,15.66
04/07/2023,0,0,28.3(0.00 %),0,0,0,0,1014137,15.66
05/07/2023,0,0,28.3(0.00 %),0,0,0,0,1014137,15.66
06/07/2023,0,0,28(-1.06 %),0,0,0,0,1014137,15.66
07/07/2023,0,0,28(0.00 %),0,0,0,0,1014137,15.66
10/07/2023,0,0,28.5(1.79 %),0,0,0,0,1014137,15.66
11/07/2023,0,0,28.5(0.00 %),0,0,0,0,1014137,15.66
12/07/2023,0,0,28.5(0.00 %),0,0,0,0,1014137,15.66
13/07/2023,0,0,28.5(0.00 %),0,0,0,0,1014137,15.66
14/07/2023,0,0,28.5(0.00 %),0,0,0,0,1014137,15.66
17/07/2023,0,0,28.5(0.00 %),0,0,0,0,1014137,15.66
18/07/2023,0,0,27.8(-2.46 %),0,0,0,0,1014137,15.66
19/07/2023,-600,-17080000,28.5(2.52 %),0,0,600,17080000,1014137,15.66
20/07/2023,100,3130000,31.3(9.82 %),100,3130000,0,0,1014037,15.66
21/07/2023,0,0,31.5(0.64 %),0,0,0,0,1014637,15.64
24/07/2023,0,0,31.5(0.00 %),0,0,0,0,1014637,15.64
25/07/2023,0,0,31.5(0.00 %),0,0,0,0,1014637,15.64
26/07/2023,0,0,31.5(0.00 %),0,0,0,0,1014637,15.64
27/07/2023,0,0,28.4(-9.84 %),0,0,0,0,1014637,15.64
28/07/2023,100,3120000,31.2(9.86 %),100,3120000,0,0,1014537,0.0
31/07/2023,1000,28100000,28.1(-9.94 %),1000,28100000,0,0,1013537,15.68
01/08/2023,0,0,28.1(0.00 %),0,0,0,0,1013537,15.68
02/08/2023,100,3090000,30.9(9.96 %),100,3090000,0,0,1013437,15.68
03/08/2023,0,0,30.9(0.00 %),0,0,0,0,1013437,15.68
04/08/2023,100,3390000,27.9(-9.71 %),100,3390000,0,0,1013337,15.68
07/08/2023,100,3060000,30.6(9.68 %),100,3060000,0,0,1013237,15.69
08/08/2023,0,0,27.7(-9.48 %),0,0,0,0,1013237,15.69
09/08/2023,0,0,25.6(-7.58 %),0,0,0,0,1013237,15.69
10/08/2023,100,2810000,28.1(9.77 %),100,2810000,0,0,1013137,15.69
11/08/2023,0,0,28.1(0.00 %),0,0,0,0,1013137,15.69
14/08/2023,100,3090000,30.9(9.96 %),100,3090000,0,0,1013037,15.69
15/08/2023,0,0,30.9(0.00 %),0,0,0,0,1013037,15.69
16/08/2023,0,0,30.9(0.00 %),0,0,0,0,1013037,15.69
17/08/2023,0,0,30.9(0.00 %),0,0,0,0,1013037,15.69
18/08/2023,0,0,30.9(0.00 %),0,0,0,0,1013037,15.69
21/08/2023,0,0,30.9(0.00 %),0,0,0,0,1013037,15.69
22/08/2023,100,3390000,27.9(-9.71 %),100,3390000,0,0,1012937,15.7
23/08/2023,100,3060000,30.6(9.68 %),100,3060000,0,0,1012837,15.7
24/08/2023,0,0,30.6(0.00 %),0,0,0,0,1012837,15.7
25/08/2023,100,3360000,33.6(9.80 %),100,3360000,0,0,1012737,0.0
28/08/2023,0,0,33.6(0.00 %),0,0,0,0,1012737,15.7
29/08/2023,0,0,33.6(0.00 %),0,0,0,0,1012737,15.7
30/08/2023,0,0,33.6(0.00 %),0,0,0,0,1012737,15.7
31/08/2023,0,0,33.6(0.00 %),0,0,0,0,1012737,15.7
05/09/2023,0,0,33.6(0.00 %),0,0,0,0,1012737,15.7
06/09/2023,100,3690000,36.9(9.82 %),100,3690000,0,0,1012637,0.0
07/09/2023,0,0,36.9(0.00 %),0,0,0,0,1012637,15.71
08/09/2023,0,0,36.9(0.00 %),0,0,0,0,1012637,15.71
11/09/2023,0,0,36.9(0.00 %),0,0,0,0,1012637,15.71
12/09/2023,0,0,36.9(0.00 %),0,0,0,0,1012637,15.71
13/09/2023,0,0,36.9(0.00 %),0,0,0,0,1012637,15.71
14/09/2023,0,0,36.9(0.00 %),0,0,0,0,1012637,15.71
15/09/2023,0,0,36.9(0.00 %),0,0,0,0,1012637,15.71
18/09/2023,0,0,36.9(0.00 %),0,0,0,0,1012637,15.71
19/09/2023,0,0,0(0.00 %),0,0,0,0,1012637,15.71
20/09/2023,0,0,36.9(0.00 %),0,0,0,0,1012637,15.71
21/09/2023,0,0,36.9(0.00 %),0,0,0,0,1012637,15.71
22/09/2023,0,0,36.9(0.00 %),0,0,0,0,1012637,15.71
25/09/2023,0,0,36.9(0.00 %),0,0,0,0,1012637,15.71
26/09/2023,0,0,36.9(0.00 %),0,0,0,0,1012637,15.71
27/09/2023,0,0,36.9(0.00 %),0,0,0,0,1012637,0.0
28/09/2023,0,0,36.9(0.00 %),0,0,0,0,1012637,0.0
29/09/2023,0,0,36.9(0.00 %),0,0,0,0,1012637,15.71
02/10/2023,0,0,36.9(0.00 %),0,0,0,0,1012637,15.71
03/10/2023,0,0,36.9(0.00 %),0,0,0,0,1012637,15.71
04/10/2023,0,0,36.9(0.00 %),0,0,0,0,1012637,15.71
05/10/2023,0,0,36.9(0.00 %),0,0,0,0,1012637,15.71
06/10/2023,100,4000000,33.3(-9.76 %),100,4000000,0,0,1012537,15.71
09/10/2023,0,0,33.3(0.00 %),0,0,0,0,1012537,15.71
10/10/2023,0,0,33.3(0.00 %),0,0,0,0,1012537,15.71
11/10/2023,0,0,33.3(0.00 %),0,0,0,0,1012537,15.71
12/10/2023,0,0,33.3(0.00 %),0,0,0,0,1012537,15.71
13/10/2023,0,0,33.3(0.00 %),0,0,0,0,1012537,15.71
16/10/2023,100,3660000,36.6(9.91 %),100,3660000,0,0,1012437,15.71
17/10/2023,0,0,36.6(0.00 %),0,0,0,0,1012437,15.71
18/10/2023,0,0,36.6(0.00 %),0,0,0,0,1012437,15.71
19/10/2023,0,0,36.6(0.00 %),0,0,0,0,1012437,15.71
20/10/2023,0,0,36.6(0.00 %),0,0,0,0,1012437,15.71
23/10/2023,0,0,36.6(0.00 %),0,0,0,0,1012437,15.71
24/10/2023,0,0,36.6(0.00 %),0,0,0,0,1012437,0.0
25/10/2023,100,4020000,33(-9.84 %),100,4020000,0,0,1012437,15.71
26/10/2023,0,0,33(0.00 %),0,0,0,0,1012337,15.72
27/10/2023,0,0,0(0.00 %),0,0,0,0,1012337,15.72
30/10/2023,0,0,29.7(-10.00 %),0,0,0,0,1012337,15.72
31/10/2023,0,0,29.7(0.00 %),0,0,0,0,1012337,15.72
01/11/2023,0,0,29.7(0.00 %),0,0,0,0,1012337,15.72
02/11/2023,100,3260000,32.6(9.76 %),100,3260000,0,0,1012237,15.72
03/11/2023,0,0,32.6(0.00 %),0,0,0,0,1012237,15.72
06/11/2023,0,0,32.6(0.00 %),0,0,0,0,1012237,15.72
07/11/2023,100,3580000,35.8(9.82 %),100,3580000,0,0,1012137,15.72
08/11/2023,0,0,35.8(0.00 %),0,0,0,0,1012137,15.72
09/11/2023,0,0,35.8(0.00 %),0,0,0,0,1012137,15.72
10/11/2023,0,0,35.8(0.00 %),0,0,0,0,1012137,15.72
13/11/2023,0,0,35.8(0.00 %),0,0,0,0,1012137,15.72
14/11/2023,0,0,35.8(0.00 %),0,0,0,0,1012137,15.72
15/11/2023,0,0,35.8(0.00 %),0,0,0,0,1012137,15.72
16/11/2023,0,0,35.8(0.00 %),0,0,0,0,1012137,15.72
17/11/2023,0,0,35.8(0.00 %),0,0,0,0,1012137,15.72
20/11/2023,0,0,35.8(0.00 %),0,0,0,0,1012137,15.72
21/11/2023,0,0,35.8(0.00 %),0,0,0,0,1012137,15.72
22/11/2023,0,0,35.8(0.00 %),0,0,0,0,1012137,15.72
23/11/2023,0,0,35.8(0.00 %),0,0,0,0,1012137,15.72
24/11/2023,0,0,35.8(0.00 %),0,0,0,0,1012137,15.72
27/11/2023,0,0,35.8(0.00 %),0,0,0,0,1012137,15.72
28/11/2023,0,0,35.8(0.00 %),0,0,0,0,1012137,15.72
29/11/2023,0,0,35.8(0.00 %),0,0,0,0,1012137,15.72
30/11/2023,0,0,35.8(0.00 %),0,0,0,0,1012137,15.72
01/12/2023,0,0,35.8(0.00 %),0,0,0,0,1012137,15.72
04/12/2023,0,0,35.8(0.00 %),0,0,0,0,1012137,15.72
05/12/2023,0,0,35.8(0.00 %),0,0,0,0,1012137,15.72
06/12/2023,0,0,35.8(0.00 %),0,0,0,0,1012137,15.72
07/12/2023,0,0,35.8(0.00 %),0,0,0,0,1012137,15.72
08/12/2023,0,0,35.8(0.00 %),0,0,0,0,1012137,15.72
11/12/2023,0,0,32.3(-9.78 %),0,0,0,0,1012137,15.72
12/12/2023,0,0,29.1(-9.91 %),0,0,0,0,1012137,15.72
13/12/2023,0,0,26.8(-7.90 %),100,3200000,100,3200000,1012137,15.72
14/12/2023,100,2940000,25.5(-4.85 %),100,2940000,0,0,1012037,15.73
15/12/2023,0,0,28(9.80 %),100,2800000,100,2800000,1012037,15.73
18/12/2023,0,0,28(0.00 %),0,0,0,0,1012037,15.73
19/12/2023,100,3080000,30.8(10.00 %),100,3080000,0,0,1011937,15.73
20/12/2023,0,0,30.8(0.00 %),0,0,0,0,1011937,0.0
21/12/2023,0,0,30.8(0.00 %),0,0,0,0,1011937,15.73
22/12/2023,0,0,30.8(0.00 %),0,0,0,0,1011937,15.73
25/12/2023,0,0,30.8(0.00 %),0,0,0,0,1011937,15.73
26/12/2023,0,0,33.7(9.42 %),0,0,0,0,1011937,15.73
27/12/2023,0,0,33(-2.08 %),0,0,0,0,1011937,0.0
28/12/2023,0,0,33(0.00 %),0,0,0,0,1015037,0.0
29/12/2023,0,0,33(0.00 %),0,0,0,0,1015037,15.63
02/01/2024,0,0,33(0.00 %),0,0,0,0,1015037,15.63
03/01/2024,0,0,29.7(-10.00 %),0,0,0,0,1015037,15.63
04/01/2024,0,0,29.6(-0.34 %),0,0,0,0,1015037,15.63
05/01/2024,0,0,29.6(0.00 %),0,0,0,0,1015037,15.63
08/01/2024,0,0,29.6(0.00 %),0,0,0,0,1015037,15.63
09/01/2024,0,0,29.6(0.00 %),0,0,0,0,1015037,15.63
10/01/2024,0,0,29.6(0.00 %),0,0,0,0,1015037,15.63
11/01/2024,0,0,29.6(0.00 %),0,0,0,0,1015037,15.63
12/01/2024,0,0,29.6(0.00 %),0,0,0,0,1015037,15.63
15/01/2024,0,0,29.6(0.00 %),0,0,0,0,1015037,15.63
16/01/2024,0,0,29.6(0.00 %),0,0,0,0,1015037,15.63
17/01/2024,0,0,29.6(0.00 %),0,0,0,0,1015037,15.63
18/01/2024,0,0,29.6(0.00 %),0,0,0,0,1015037,15.63
19/01/2024,0,0,29.6(0.00 %),0,0,0,0,1015037,15.63
22/01/2024,0,0,29.6(0.00 %),0,0,0,0,1015037,15.63
23/01/2024,0,0,29.6(0.00 %),0,0,0,0,1015037,15.63
24/01/2024,0,0,29.6(0.00 %),0,0,0,0,1015037,15.63
25/01/2024,0,0,29.6(0.00 %),0,0,0,0,1015037,15.63
26/01/2024,0,0,29.6(0.00 %),0,0,0,0,1015037,15.63
29/01/2024,0,0,29.6(0.00 %),0,0,0,0,1015037,15.63
30/01/2024,0,0,29.6(0.00 %),0,0,0,0,1015037,15.63
31/01/2024,0,0,29.6(0.00 %),0,0,0,0,1015037,15.63
01/02/2024,0,0,29.6(0.00 %),0,0,0,0,1015037,15.63
02/02/2024,0,0,29.6(0.00 %),0,0,0,0,1015037,15.63
05/02/2024,0,0,29.6(0.00 %),0,0,0,0,1015037,0.0
06/02/2024,0,0,29.6(0.00 %),0,0,0,0,1015037,15.63
07/02/2024,100,3150000,31.5(6.42 %),100,3150000,0,0,1014937,15.63
15/02/2024,0,0,31.5(0.00 %),0,0,0,0,1014937,15.63
16/02/2024,0,0,31.5(0.00 %),0,0,0,0,1014937,15.63
19/02/2024,0,0,31.5(0.00 %),0,0,0,0,1014937,15.63
20/02/2024,0,0,31.5(0.00 %),0,0,0,0,1014937,15.63
21/02/2024,0,0,31.5(0.00 %),0,0,0,0,1014937,15.63
22/02/2024,0,0,31.5(0.00 %),0,0,0,0,1014937,15.63
23/02/2024,0,0,30(-4.76 %),0,0,0,0,1014937,0.0
26/02/2024,0,0,30(0.00 %),0,0,0,0,1014937,15.63
27/02/2024,100,3130000,31.3(4.33 %),100,3130000,0,0,1014837,0.0
28/02/2024,0,0,31.3(0.00 %),0,0,0,0,1014837,0.0
29/02/2024,0,0,31.3(0.00 %),0,0,0,0,1014837,15.63
01/03/2024,0,0,28.2(-9.90 %),0,0,0,0,1014837,0.0
04/03/2024,0,0,28.2(0.00 %),72700,1948360000,72700,1948360000,1014837,0.0
05/03/2024,0,0,28.2(0.00 %),0,0,0,0,1014837,15.63
06/03/2024,0,0,28(-0.71 %),0,0,0,0,1014837,0.0
07/03/2024,0,0,28(0.00 %),8400,223440000,8400,223440000,1014837,0.0
08/03/2024,0,0,28(0.00 %),0,0,0,0,1014837,0.0
11/03/2024,0,0,25.2(-10.00 %),0,0,0,0,1014837,0.0
12/03/2024,0,0,25.2(0.00 %),0,0,0,0,1014837,15.63
13/03/2024,100,2770000,27.7(9.92 %),100,2770000,0,0,1014737,15.64
14/03/2024,0,0,30.4(9.75 %),0,0,0,0,1014737,0.0
15/03/2024,0,0,30.4(0.00 %),0,0,0,0,1014737,0.0
18/03/2024,0,0,30.4(0.00 %),0,0,0,0,1014737,15.64
19/03/2024,0,0,30.4(0.00 %),0,0,0,0,1014737,15.64
20/03/2024,0,0,31.3(2.96 %),0,0,0,0,1014737,0.0
21/03/2024,-1000,-29700000,29.7(-5.11 %),0,0,1000,29700000,1014737,0.0
22/03/2024,200,6160000,31.9(7.41 %),200,6160000,0,0,1014537,0.0
25/03/2024,0,0,31.9(0.00 %),0,0,0,0,1015537,15.61
26/03/2024,0,0,35(9.72 %),0,0,0,0,1015537,0.0
27/03/2024,0,0,32.5(-7.14 %),0,0,0,0,1015537,15.61
28/03/2024,0,0,29.4(-9.54 %),0,0,0,0,1015537,15.61
29/03/2024,100,3230000,32.1(9.18 %),100,3230000,0,0,1015437,15.61
01/04/2024,0,0,32.1(0.00 %),0,0,0,0,1015437,15.61
02/04/2024,0,0,33.5(4.36 %),0,0,0,0,1015437,0.0
03/04/2024,0,0,33.5(0.00 %),0,0,0,0,1015437,15.61
04/04/2024,0,0,33.5(0.00 %),0,0,0,0,1015437,0.0
05/04/2024,0,0,33.5(0.00 %),0,0,0,0,1015437,15.61
08/04/2024,0,0,33.5(0.00 %),0,0,0,0,1015437,0.0
09/04/2024,0,0,33.5(0.00 %),0,0,0,0,1015437,0.0
10/04/2024,0,0,33.5(0.00 %),0,0,0,0,1015437,0.0
11/04/2024,0,0,33.5(0.00 %),0,0,0,0,1015437,15.61
12/04/2024,0,0,33.5(0.00 %),0,0,0,0,1015437,15.61
15/04/2024,0,0,33.5(0.00 %),0,0,0,0,1015437,0.0
16/04/2024,0,0,33.5(0.00 %),0,0,0,0,1015437,0.0
17/04/2024,0,0,31(-7.46 %),0,0,0,0,1015437,0.0
19/04/2024,0,0,28(-9.68 %),0,0,0,0,1015437,0.0
22/04/2024,-200,-4570000,25.4(-9.29 %),100,3060000,300,7630000,1015337,15.62
23/04/2024,100,2790000,27.9(9.84 %),100,2790000,0,0,1015237,15.62
24/04/2024,100,3040000,30.4(8.96 %),100,3040000,0,0,1015137,0.0
25/04/2024,0,0,30.4(0.00 %),0,0,0,0,1015437,0.0
26/04/2024,0,0,27.4(-9.87 %),0,0,0,0,1015437,15.61
02/05/2024,100,2990000,27.4(0.00 %),100,2990000,0,0,1015337,15.62
03/05/2024,100,2980000,29.8(8.76 %),100,2980000,0,0,1015237,15.62
06/05/2024,0,0,31(4.03 %),0,0,0,0,1015237,15.62
07/05/2024,0,0,27.9(-10.00 %),0,0,0,0,1015237,15.62
08/05/2024,100,3060000,30.6(9.68 %),100,3060000,0,0,1015137,15.62
09/05/2024,0,0,27.6(-9.80 %),0,0,0,0,1015137,15.62
10/05/2024,100,3030000,30.3(9.78 %),100,3030000,0,0,1015037,15.63
13/05/2024,0,0,30.3(0.00 %),0,0,0,0,1015037,15.63
14/05/2024,0,0,30.3(0.00 %),0,0,0,0,1015037,0.0
15/05/2024,0,0,30.3(0.00 %),0,0,0,0,1015037,0.0
16/05/2024,0,0,30.3(0.00 %),0,0,0,0,1015037,0.0
17/05/2024,100,3330000,33(8.91 %),100,3330000,0,0,1014937,15.63
20/05/2024,0,0,33(0.00 %),0,0,0,0,1014937,15.63
21/05/2024,0,0,33(0.00 %),0,0,0,0,1014937,15.63
22/05/2024,0,0,33(0.00 %),0,0,0,0,1014937,15.63
23/05/2024,0,0,29.7(-10.00 %),0,0,0,0,1014937,15.63
24/05/2024,100,3260000,32.6(9.76 %),100,3260000,0,0,1014837,0.0
27/05/2024,0,0,32.6(0.00 %),0,0,0,0,1014837,15.63
28/05/2024,0,0,29.4(-9.82 %),0,0,0,0,1014837,15.63
29/05/2024,100,3190000,31.9(8.50 %),100,3190000,0,0,1014737,15.64
30/05/2024,0,0,31.9(0.00 %),0,0,0,0,1014737,15.64
31/05/2024,100,3500000,35(9.72 %),100,3500000,0,0,1014637,15.64
03/06/2024,-2,-63000,35(0.00 %),0,0,2,63000,1014637,0.0
04/06/2024,0,0,35(0.00 %),0,0,0,0,1014637,0.0
05/06/2024,0,0,35(0.00 %),0,0,0,0,1014637,0.0
06/06/2024,0,0,35(0.00 %),0,0,0,0,1014639,15.64
07/06/2024,0,0,35(0.00 %),0,0,0,0,1014639,15.64
10/06/2024,900,29700000,33(-5.71 %),900,29700000,0,0,1013739,0.0
11/06/2024,-300,-8470000,32(-3.03 %),100,3570000,400,12040000,1014039,15.66
12/06/2024,100,3200000,29.1(-9.06 %),100,3200000,0,0,1013539,15.68
13/06/2024,100,3190000,31.9(9.62 %),100,3190000,0,0,1013839,15.67
14/06/2024,-5,-144000,28.8(-9.72 %),0,0,5,144000,1013839,15.67
17/06/2024,0,0,28.8(0.00 %),0,0,0,0,1013839,15.67
18/06/2024,100,3140000,31.4(9.03 %),100,3140000,0,0,1013744,15.67
19/06/2024,0,0,31.4(0.00 %),0,0,0,0,1013744,15.67
20/06/2024,0,0,28.4(-9.55 %),0,0,0,0,1013744,15.67
21/06/2024,100,3090000,30.9(8.80 %),100,3090000,0,0,1013644,15.67
24/06/2024,0,0,28.1(-9.06 %),0,0,0,0,1013644,15.67
25/06/2024,100,2880000,28.8(2.49 %),100,2880000,0,0,1013544,15.68
26/06/2024,0,0,28.8(0.00 %),0,0,0,0,1013544,15.68
27/06/2024,0,0,30.4(5.56 %),0,0,0,0,1013544,15.68
28/06/2024,0,0,30(-1.32 %),0,0,0,0,1013544,15.68
03/07/2024,0,0,30(0.00 %),0,0,0,0,1013544,15.68
04/07/2024,0,0,30(0.00 %),0,0,0,0,1013544,0.0
05/07/2024,0,0,30(0.00 %),0,0,0,0,1013544,0.0
08/07/2024,0,0,30(0.00 %),0,0,0,0,1013544,0.0
09/07/2024,-36,-972000,30(0.00 %),0,0,36,972000,1013580,0.0
10/07/2024,0,0,30(0.00 %),0,0,0,0,1013580,0.0
11/07/2024,0,0,30(0.00 %),0,0,0,0,1013580,0.0
12/07/2024,0,0,30(0.00 %),0,0,0,0,1013580,0.0
15/07/2024,100,3300000,33(10.00 %),100,3300000,0,0,1013480,0.0
16/07/2024,0,0,33(0.00 %),0,0,0,0,1013480,0.0
17/07/2024,0,0,33(0.00 %),0,0,0,0,1013480,0.0
18/07/2024,0,0,33(0.00 %),0,0,0,0,1013480,0.0
19/07/2024,0,0,33(0.00 %),0,0,0,0,1013480,0.0
22/07/2024,0,0,33(0.00 %),0,0,0,0,1013480,0.0
23/07/2024,0,0,33(0.00 %),0,0,0,0,1013480,0.0
24/07/2024,0,0,33(0.00 %),0,0,0,0,1013480,0.0
25/07/2024,0,0,33(0.00 %),0,0,0,0,1013480,0.0
26/07/2024,0,0,33(0.00 %),0,0,0,0,1013480,0.0
29/07/2024,0,0,33(0.00 %),0,0,0,0,1013480,0.0
30/07/2024,0,0,33(0.00 %),0,0,0,0,1013480,0.0
31/07/2024,0,0,33(0.00 %),0,0,0,0,1013480,0.0
01/08/2024,0,0,33(0.00 %),0,0,0,0,1013480,0.0
02/08/2024,0,0,33(0.00 %),0,0,0,0,1013480,0.0
05/08/2024,0,0,33(0.00 %),0,0,0,0,1013480,0.0
06/08/2024,0,0,33(0.00 %),0,0,0,0,1013480,0.0
07/08/2024,0,0,33(0.00 %),0,0,0,0,1013480,0.0
08/08/2024,0,0,33(0.00 %),0,0,0,0,1013480,0.0
09/08/2024,0,0,33(0.00 %),0,0,0,0,1013480,0.0
12/08/2024,0,0,33(0.00 %),0,0,0,0,1013480,0.0
13/08/2024,0,0,33(0.00 %),0,0,0,0,1013480,0.0
14/08/2024,0,0,33(0.00 %),0,0,0,0,1013480,0.0
15/08/2024,0,0,33(0.00 %),0,0,0,0,1013480,0.0
16/08/2024,0,0,33(0.00 %),0,0,0,0,1013480,0.0
19/08/2024,0,0,33(0.00 %),0,0,0,0,1013480,0.0
20/08/2024,0,0,33(0.00 %),0,0,0,0,1013480,0.0
21/08/2024,0,0,33(0.00 %),0,0,0,0,1013480,0.0
22/08/2024,0,0,33(0.00 %),0,0,0,0,1013480,0.0
23/08/2024,0,0,33(0.00 %),0,0,0,0,1013480,0.0
26/08/2024,0,0,33(0.00 %),0,0,0,0,1013480,0.0
27/08/2024,0,0,33(0.00 %),0,0,0,0,1013480,0.0
28/08/2024,0,0,33(0.00 %),0,0,0,0,1013480,0.0
29/08/2024,0,0,33(0.00 %),0,0,0,0,1013480,0.0
30/08/2024,0,0,33(0.00 %),0,0,0,0,1013480,0.0
04/09/2024,0,0,33(0.00 %),0,0,0,0,1013480,0.0
05/09/2024,0,0,33(0.00 %),0,0,0,0,1013480,0.0
06/09/2024,0,0,33(0.00 %),0,0,0,0,1013480,0.0
09/09/2024,0,0,33(0.00 %),0,0,0,0,1013480,0.0
10/09/2024,0,0,33(0.00 %),0,0,0,0,1013480,0.0
11/09/2024,0,0,33(0.00 %),0,0,0,0,1013480,0.0
12/09/2024,0,0,33(0.00 %),0,0,0,0,1013480,0.0
13/09/2024,0,0,33(0.00 %),0,0,0,0,1013480,0.0
16/09/2024,0,0,33(0.00 %),0,0,0,0,1013480,0.0
17/09/2024,0,0,33(0.00 %),0,0,0,0,1013480,0.0
18/09/2024,0,0,33(0.00 %),0,0,0,0,1013480,0.0
19/09/2024,0,0,33(0.00 %),0,0,0,0,1013480,0.0
20/09/2024,0,0,33(0.00 %),0,0,0,0,1013480,0.0
23/09/2024,0,0,33(0.00 %),0,0,0,0,1013480,0.0
24/09/2024,0,0,33(0.00 %),0,0,0,0,1013480,0.0
25/09/2024,0,0,33(0.00 %),0,0,0,0,1013480,0.0
26/09/2024,0,0,33(0.00 %),0,0,0,0,1013480,0.0
27/09/2024,0,0,33(0.00 %),0,0,0,0,1013480,0.0
30/09/2024,0,0,33(0.00 %),0,0,0,0,1013480,0.0
01/10/2024,0,0,33(0.00 %),0,0,0,0,1013480,0.0
02/10/2024,0,0,33(0.00 %),0,0,0,0,1013480,0.0
03/10/2024,0,0,33(0.00 %),0,0,0,0,1013480,0.0
04/10/2024,0,0,33(0.00 %),0,0,0,0,1013480,0.0
07/10/2024,0,0,33(0.00 %),0,0,0,0,1013480,0.0
08/10/2024,0,0,33(0.00 %),0,0,0,0,1013480,0.0
09/10/2024,0,0,33(0.00 %),0,0,0,0,1013480,0.0
10/10/2024,0,0,33(0.00 %),0,0,0,0,1013480,0.0
11/10/2024,0,0,33(0.00 %),0,0,0,0,1013480,0.0
14/10/2024,0,0,33(0.00 %),0,0,0,0,1013480,0.0
15/10/2024,0,0,33(0.00 %),0,0,0,0,1013480,0.0
16/10/2024,0,0,33(0.00 %),0,0,0,0,1013480,0.0
17/10/2024,0,0,33(0.00 %),0,0,0,0,1013480,0.0
18/10/2024,0,0,33(0.00 %),0,0,0,0,1013480,0.0
21/10/2024,0,0,33(0.00 %),0,0,0,0,1013480,0.0
22/10/2024,0,0,33(0.00 %),0,0,0,0,1013480,0.0
23/10/2024,0,0,33(0.00 %),0,0,0,0,1013480,0.0
24/10/2024,0,0,33(0.00 %),0,0,0,0,1013480,0.0
25/10/2024,0,0,33(0.00 %),0,0,0,0,1013480,0.0
28/10/2024,0,0,33(0.00 %),0,0,0,0,1013480,0.0
29/10/2024,0,0,29.7(-10.00 %),0,0,0,0,1013480,0.0
30/10/2024,0,0,29.7(0.00 %),0,0,0,0,1013480,0.0
31/10/2024,0,0,29.7(0.00 %),0,0,0,0,1013480,0.0
01/11/2024,0,0,29.7(0.00 %),0,0,0,0,1013480,0.0
04/11/2024,0,0,29.7(0.00 %),0,0,0,0,1013480,0.0
05/11/2024,0,0,29.7(0.00 %),0,0,0,0,1013480,0.0
06/11/2024,0,0,29.7(0.00 %),0,0,0,0,1013480,0.0
07/11/2024,0,0,29.7(0.00 %),0,0,0,0,1013480,0.0
08/11/2024,0,0,29.7(0.00 %),0,0,0,0,1013480,0.0
11/11/2024,0,0,29.7(0.00 %),0,0,0,0,1013480,0.0
12/11/2024,0,0,29.7(0.00 %),0,0,0,0,1013180,15.69
13/11/2024,0,0,29.7(0.00 %),0,0,0,0,1013480,0.0
14/11/2024,0,0,29.7(0.00 %),0,0,0,0,1013480,0.0
15/11/2024,0,0,26.8(-9.76 %),0,0,0,0,1013480,0.0
18/11/2024,100,2930000,29.3(9.33 %),100,2930000,0,0,1013380,0.0
19/11/2024,0,0,26.5(-9.56 %),0,0,0,0,1013380,0.0
20/11/2024,0,0,26.5(0.00 %),0,0,0,0,1013380,0.0
21/11/2024,0,0,26.5(0.00 %),0,0,0,0,1013380,0.0
22/11/2024,0,0,26.5(0.00 %),0,0,0,0,1013380,0.0
25/11/2024,0,0,26.5(0.00 %),0,0,0,0,1013380,15.68
26/11/2024,0,0,26.5(0.00 %),0,0,0,0,1013380,15.68
27/11/2024,0,0,26.4(-0.38 %),0,0,0,0,1013380,15.68
28/11/2024,0,0,23.8(-9.85 %),0,0,0,0,1013380,15.68
29/11/2024,100,2540000,25.3(6.30 %),100,2540000,0,0,1013280,15.69
02/12/2024,0,0,25.3(0.00 %),0,0,0,0,1013280,15.69
03/12/2024,0,0,25.3(0.00 %),0,0,0,0,1013280,15.69
04/12/2024,0,0,25.3(0.00 %),0,0,0,0,1013280,15.69
05/12/2024,0,0,25.3(0.00 %),0,0,0,0,1013280,15.69
09/12/2024,0,0,23.3(-7.91 %),0,0,0,0,1013280,15.69
10/12/2024,100,2530000,25.3(8.58 %),100,2530000,0,0,1013180,15.69
16/12/2024,-2609,-53008700,24.4(8.93 %),0,0,2609,53008700,1016381,15.58
17/12/2024,100,2210000,22.1(-9.43 %),600,13260000,500,11050000,1017491,15.55
18/12/2024,100,2430000,22.1(0.00 %),100,2430000,0,0,1020000,15.46
19/12/2024,-4100,-90610000,23.2(4.98 %),0,0,4100,90610000,1020500,15.45
20/12/2024,0,0,23.6(1.72 %),0,0,0,0,1020500,15.45
24/12/2024,0,0,26.2(9.62 %),0,0,0,0,1024600,15.31
25/12/2024,0,0,27.1(3.44 %),0,0,0,0,1024600,15.31
26/12/2024,-300,-8130000,27.1(0.00 %),0,0,300,8130000,1024600,15.31
27/12/2024,-2100,-51250000,29.7(9.59 %),0,0,2100,51250000,1024600,15.31
30/12/2024,0,0,29.7(0.00 %),0,0,0,0,1024900,15.3
31/12/2024,0,0,29.7(0.00 %),0,0,0,0,1027000,15.23
02/01/2025,0,0,29.7(0.00 %),0,0,0,0,1027000,15.23
03/01/2025,0,0,29.7(0.00 %),0,0,0,0,1027000,15.23
06/01/2025,0,0,29.7(0.00 %),0,0,0,0,1027000,15.23
07/01/2025,0,0,29.7(0.00 %),0,0,0,0,1027000,0.0
08/01/2025,0,0,29.7(0.00 %),0,0,0,0,1027000,15.23
09/01/2025,0,0,29.7(0.00 %),0,0,0,0,1027000,15.23
10/01/2025,100,3260000,32.6(9.76 %),100,3260000,0,0,1026900,15.24
13/01/2025,0,0,32.6(0.00 %),0,0,0,0,1026900,15.24
14/01/2025,0,0,32.6(0.00 %),0,0,0,0,1026900,15.24
15/01/2025,0,0,32.6(0.00 %),0,0,0,0,1026900,15.24
16/01/2025,0,0,32.6(0.00 %),0,0,0,0,1026900,0.0
17/01/2025,0,0,32.6(0.00 %),0,0,0,0,1026900,15.24
20/01/2025,0,0,32.6(0.00 %),0,0,0,0,1026900,15.24
21/01/2025,0,0,32.6(0.00 %),0,0,0,0,1026900,15.24
22/01/2025,0,0,32.6(0.00 %),0,0,0,0,1026900,15.24
23/01/2025,0,0,32.6(0.00 %),0,0,0,0,1026900,15.24
24/01/2025,0,0,32.6(0.00 %),0,0,0,0,1026900,15.24
03/02/2025,0,0,0(0.00 %),0,0,0,0,1026900,15.24
04/02/2025,0,0,32.6(0.00 %),0,0,0,0,1026900,15.24
05/02/2025,0,0,32.6(0.00 %),0,0,0,0,1026900,15.24
06/02/2025,0,0,32.6(0.00 %),0,0,0,0,1026900,15.24
07/02/2025,0,0,32.6(0.00 %),0,0,0,0,1026900,15.24
10/02/2025,0,0,32.6(0.00 %),0,0,0,0,1026900,15.24
11/02/2025,0,0,32.6(0.00 %),0,0,0,0,1026900,15.24
12/02/2025,0,0,32.6(0.00 %),0,0,0,0,1026900,15.24
13/02/2025,0,0,32.6(0.00 %),0,0,0,0,1026900,15.24
14/02/2025,0,0,32.6(0.00 %),0,0,0,0,1026900,15.24
17/02/2025,0,0,32.6(0.00 %),0,0,0,0,1026900,15.24
18/02/2025,0,0,32.6(0.00 %),0,0,0,0,1026900,15.24
19/02/2025,0,0,32.6(0.00 %),0,0,0,0,1026900,15.24
20/02/2025,0,0,32.6(0.00 %),0,0,0,0,1026900,15.24
21/02/2025,0,0,32.6(0.00 %),0,0,0,0,1026900,15.24
24/02/2025,0,0,32.6(0.00 %),0,0,0,0,1026900,15.24
25/02/2025,0,0,32.6(0.00 %),0,0,0,0,1026900,15.24
26/02/2025,0,0,32.6(0.00 %),0,0,0,0,1026900,15.24
27/02/2025,0,0,32.6(0.00 %),0,0,0,0,1026900,15.24
28/02/2025,0,0,32.6(0.00 %),0,0,0,0,1026900,15.24
03/03/2025,0,0,32.6(0.00 %),0,0,0,0,1026900,15.24
04/03/2025,0,0,32.6(0.00 %),0,0,0,0,1026900,15.24
05/03/2025,0,0,29.4(-9.82 %),0,0,0,0,1026900,15.24
06/03/2025,0,0,26.5(-9.86 %),0,0,0,0,1026900,15.24
07/03/2025,0,0,26.5(0.00 %),0,0,0,0,1026900,15.24
10/03/2025,0,0,23.9(-9.81 %),0,0,0,0,1026900,15.24
11/03/2025,0,0,21.9(-8.37 %),0,0,0,0,1026900,15.24
12/03/2025,100,2400000,24(9.59 %),100,2400000,0,0,1026800,15.24
13/03/2025,100,2640000,26.2(9.17 %),100,2640000,0,0,1026700,15.24
14/03/2025,0,0,23.6(-9.92 %),0,0,0,0,1026700,15.24
17/03/2025,0,0,0(0.00 %),0,0,0,0,1026600,15.25
18/03/2025,100,2440000,24.4(9.91 %),100,2440000,0,0,1026500,15.25
19/03/2025,100,2680000,26.7(9.43 %),100,2680000,0,0,1026400,15.25
20/03/2025,0,0,26.7(0.00 %),0,0,0,0,1026400,15.25
21/03/2025,0,0,26.7(0.00 %),0,0,0,0,1026400,15.25
24/03/2025,0,0,26.7(0.00 %),0,0,0,0,1026400,15.25
25/03/2025,-500,-12050000,24.1(-9.74 %),0,0,500,12050000,1026400,15.25
26/03/2025,-3460,-76552000,22.2(-7.88 %),100,2650000,3560,79202000,1026300,15.26
27/03/2025,100,2420000,24.2(9.01 %),100,2420000,0,0,1026700,15.24
28/03/2025,0,0,26(7.44 %),0,0,0,0,1030260,15.13
31/03/2025,0,0,25.9(-0.38 %),0,0,0,0,1030260,15.13
01/04/2025,0,0,25.9(0.00 %),0,0,0,0,1030260,15.13
02/04/2025,0,0,23.5(-9.27 %),0,0,0,0,1030260,15.13
03/04/2025,0,0,21.3(-9.36 %),0,0,0,0,1030260,15.13
04/04/2025,100,2330000,23.3(9.39 %),100,2330000,0,0,1030160,15.13
08/04/2025,0,0,23.3(0.00 %),0,0,0,0,1030160,15.13
09/04/2025,0,0,23.3(0.00 %),0,0,0,0,1030160,15.13
10/04/2025,0,0,23(-1.29 %),0,0,0,0,1030160,15.13
11/04/2025,0,0,23(0.00 %),0,0,0,0,1030160,15.13
14/04/2025,100,2440000,24.4(6.09 %),100,2440000,0,0,1030060,15.13
15/04/2025,0,0,24.4(0.00 %),0,0,0,0,1030060,15.13
16/04/2025,0,0,24.4(0.00 %),0,0,0,0,1030060,15.13
17/04/2025,0,0,24.4(0.00 %),0,0,0,0,1030060,15.13
18/04/2025,0,0,24.4(0.00 %),0,0,0,0,1030060,15.13
21/04/2025,0,0,24.4(0.00 %),0,0,0,0,1030060,15.13
22/04/2025,-600,-13230000,22.1(-9.43 %),0,0,600,13230000,1030060,15.13
23/04/2025,0,330000,23.4(5.88 %),100,2340000,100,2010000,1029960,15.14
24/04/2025,-400,-8440000,21.1(-9.83 %),0,0,400,8440000,1030560,15.12
25/04/2025,-700,-15040000,21.7(2.84 %),100,2120000,800,17160000,1030560,15.12
28/04/2025,-700,-14800000,20.8(-4.15 %),100,2290000,800,17090000,1030860,15.11
29/04/2025,-300,-6480000,21.8(4.81 %),100,2240000,400,8720000,1031560,15.08
05/05/2025,0,0,20.1(-7.80 %),0,0,0,0,1032360,15.06
06/05/2025,100,2200000,22(9.45 %),100,2200000,0,0,1032660,15.05
07/05/2025,0,0,22(0.00 %),0,0,0,0,1032660,15.05
08/05/2025,0,0,22(0.00 %),0,0,0,0,1032660,15.05
09/05/2025,0,0,22(0.00 %),0,0,0,0,1032660,15.05
12/05/2025,0,0,22(0.00 %),0,0,0,0,1032660,15.05
13/05/2025,0,0,22(0.00 %),0,0,0,0,1032660,15.05
14/05/2025,0,0,22(0.00 %),0,0,0,0,1032660,15.05
15/05/2025,0,0,22(0.00 %),0,0,0,0,1032660,15.05
16/05/2025,0,0,20.5(-6.82 %),0,0,0,0,1032660,15.05
19/05/2025,0,0,20.2(-1.46 %),0,0,0,0,1032660,15.05
20/05/2025,100,2150000,21.5(6.44 %),100,2150000,0,0,1032560,15.05
21/05/2025,0,0,20.9(-2.79 %),0,0,0,0,1032560,15.05
22/05/2025,0,0,20.9(0.00 %),0,0,0,0,1032560,15.05
23/05/2025,0,0,20.9(0.00 %),0,0,0,0,1032560,15.05
26/05/2025,0,0,21.7(3.83 %),0,0,0,0,1032560,15.05
27/05/2025,0,0,21.7(0.00 %),0,0,0,0,1032560,15.05
28/05/2025,0,0,21.7(0.00 %),0,0,0,0,1032560,15.05
29/05/2025,0,0,21.7(0.00 %),0,0,0,0,1032560,15.05
30/05/2025,0,0,21.7(0.00 %),0,0,0,0,1032560,15.05
02/06/2025,-5200,-102080000,19.6(-9.68 %),0,0,5200,102080000,1032560,15.05
03/06/2025,-4700,-84630000,18(-8.16 %),0,0,4700,84630000,1032560,15.05
04/06/2025,0,0,18(0.00 %),0,0,0,0,1037824,14.88
05/06/2025,100,1980000,19.8(10.00 %),100,1980000,0,0,1042424,14.73
06/06/2025,0,0,19.8(0.00 %),0,0,0,0,1042424,14.73
09/06/2025,0,0,18.9(-4.55 %),0,0,0,0,1042424,14.73
10/06/2025,0,0,18.7(-1.06 %),0,0,0,0,1042424,14.73
11/06/2025,-1900,-34350000,18.2(-2.67 %),100,2050000,2000,36400000,1042424,14.73
12/06/2025,100,2000000,20(9.89 %),100,2000000,0,0,1042324,14.73
13/06/2025,0,0,20(0.00 %),0,0,0,0,1044224,14.67
16/06/2025,0,0,18.1(-9.50 %),0,0,0,0,1044224,14.67
17/06/2025,100,1990000,19.9(9.94 %),100,1990000,0,0,1044124,14.67
18/06/2025,0,0,19.9(0.00 %),0,0,0,0,1044124,14.67
19/06/2025,0,0,19.9(0.00 %),0,0,0,0,1044124,14.67
20/06/2025,0,0,18.1(-9.05 %),0,0,0,0,1044124,14.67
23/06/2025,100,1990000,18.9(4.42 %),100,1990000,0,0,1044024,14.67
24/06/2025,-100,-1900000,19(0.53 %),0,0,100,1900000,1044024,14.67
25/06/2025,0,0,18.1(-4.74 %),0,0,0,0,1044024,14.67
26/06/2025,-6400,-115680000,18.1(0.00 %),100,1970000,6500,117650000,1044124,14.67
27/06/2025,0,0,18.1(0.00 %),0,0,0,0,1044124,14.67
30/06/2025,0,0,18.1(0.00 %),0,0,0,0,1050524,14.46
01/07/2025,0,0,18.1(0.00 %),0,0,0,0,1050524,14.46
02/07/2025,0,0,18.1(0.00 %),0,0,0,0,1050544,14.46
03/07/2025,0,0,18.1(0.00 %),0,0,0,0,1050560,14.46
04/07/2025,0,0,18.1(0.00 %),0,0,0,0,1050560,14.46
07/07/2025,0,0,17.9(-1.10 %),0,0,0,0,1050560,14.46
08/07/2025,0,0,17.9(0.00 %),0,0,0,0,1050560,14.46
09/07/2025,0,0,17.9(0.00 %),0,0,0,0,1050560,14.46
10/07/2025,0,0,17.8(-0.56 %),0,0,0,0,1050560,14.46
11/07/2025,-100,-1780000,17.5(-1.69 %),0,0,100,1780000,1050560,14.46
14/07/2025,0,0,17.5(0.00 %),0,0,0,0,1050560,14.46
15/07/2025,0,0,17.5(0.00 %),0,0,0,0,1050660,14.46
16/07/2025,0,0,17.5(0.00 %),0,0,0,0,1050660,14.46
17/07/2025,0,0,17.5(0.00 %),0,0,0,0,1050660,14.46
18/07/2025,0,0,17.5(0.00 %),0,0,0,0,1050660,14.46
21/07/2025,0,0,17.5(0.00 %),0,0,0,0,1050660,14.46
22/07/2025,100,1900000,19(8.57 %),100,1900000,0,0,1050560,14.46
23/07/2025,0,0,20.8(9.47 %),0,0,0,0,1050560,14.46
24/07/2025,0,0,22.7(9.13 %),0,0,0,0,1050560,14.46
25/07/2025,0,0,22.7(0.00 %),0,0,0,0,1050560,14.46
28/07/2025,0,0,22.7(0.00 %),0,0,0,0,1050560,14.46
29/07/2025,0,0,24.7(8.81 %),0,0,0,0,1050560,14.46
30/07/2025,0,0,24.7(0.00 %),0,0,0,0,1050560,14.46
31/07/2025,0,0,24.7(0.00 %),0,0,0,0,1050560,14.46
01/08/2025,0,0,22.5(-8.91 %),0,0,0,0,1050560,14.46
04/08/2025,0,0,24.4(8.44 %),0,0,0,0,1050560,14.46
05/08/2025,0,0,26.2(7.38 %),0,0,0,0,1050560,14.46
06/08/2025,0,0,26.2(0.00 %),0,0,0,0,1050560,14.46
07/08/2025,0,0,26.2(0.00 %),0,0,0,0,1050560,14.46
08/08/2025,0,0,26.2(0.00 %),0,0,0,0,1050560,14.46
11/08/2025,0,0,26.2(0.00 %),0,0,0,0,1050560,14.46
12/08/2025,0,0,26.2(0.00 %),0,0,0,0,1050560,14.46
13/08/2025,0,0,26(-0.76 %),0,0,0,0,1050560,14.46
14/08/2025,0,0,26(0.00 %),0,0,0,0,1050560,14.46
15/08/2025,0,0,26(0.00 %),0,0,0,0,1050560,14.46
18/08/2025,0,0,26(0.00 %),0,0,0,0,1050560,14.46
19/08/2025,0,0,26(0.00 %),0,0,0,0,1050560,14.46
20/08/2025,0,0,26(0.00 %),0,0,0,0,1050560,14.46
21/08/2025,0,0,26(0.00 %),0,0,0,0,1050560,14.46
22/08/2025,0,0,26(0.00 %),0,0,0,0,1050560,14.46
25/08/2025,0,0,23.4(-10.00 %),0,0,0,0,1050560,14.46
