Ngay,KLGDRong,GTDGRong,ThayDoi,KLMua,GtMua,KLBan,GtBan,RoomConLai,DangSoHuu
04/06/2018,-10000,-1024000000,0(0.00 %),0,0,10000,1024000000,0,30.0
05/06/2018,0,0,0(0.00 %),0,0,0,0,0,23.0
06/06/2018,-6430,-610690000,0(0.00 %),81200,8339240000,87630,8949930000,0,23.0
07/06/2018,8200,772200000,0(0.00 %),80000,7833000000,71800,7060800000,0,23.0
08/06/2018,0,0,0(0.00 %),0,0,0,0,0,23.0
11/06/2018,6430,673860000,0(0.00 %),6430,673860000,0,0,0,23.0
12/06/2018,-16000,-1668440000,0(0.00 %),46300,5383100000,62300,7051540000,0,23.0
13/06/2018,0,0,105.4(0.38 %),0,0,0,0,0,23.0
14/06/2018,0,0,105(-0.38 %),175000,19722500000,175000,19722500000,0,23.0
15/06/2018,17800,1877900000,105.2(0.19 %),1853273,208001520000,1835473,206123620000,0,23.0
18/06/2018,0,0,100(-4.94 %),334280,37606500000,334280,37606500000,0,23.0
19/06/2018,0,0,95(-5.00 %),2109000,225663000000,2109000,225663000000,0,23.0
20/06/2018,0,0,95.2(0.21 %),0,0,0,0,0,23.0
21/06/2018,0,0,95.2(0.00 %),0,0,0,0,0,23.0
22/06/2018,0,0,95(-0.21 %),0,0,0,0,0,23.0
25/06/2018,0,0,95.9(0.95 %),155000,15748000000,155000,15748000000,0,23.0
26/06/2018,0,0,95(-0.94 %),0,0,0,0,0,23.0
27/06/2018,0,0,93.6(-1.47 %),0,0,0,0,0,23.0
28/06/2018,0,0,92.2(-1.50 %),89000,8908900000,89000,8908900000,0,23.0
29/06/2018,0,0,91.7(-0.54 %),171300,16890180000,171300,16890180000,0,23.0
02/07/2018,0,0,87.9(-4.14 %),0,0,0,0,0,23.0
03/07/2018,0,0,81.8(-6.94 %),150000,14100000000,150000,14100000000,0,23.0
04/07/2018,-22100,-1717400000,81(-0.98 %),0,0,22100,1717400000,0,23.0
05/07/2018,0,0,28.15(4.26 %),0,0,0,0,0,23.0
06/07/2018,0,0,28.8(2.31 %),0,0,0,0,0,23.0
09/07/2018,22100,680680000,28.5(-1.04 %),62660,1929930000,40560,1249250000,0,23.0
10/07/2018,-22400,-620980000,27.65(-2.98 %),0,0,22400,620980000,0,23.0
11/07/2018,0,0,25.75(-6.87 %),480000,14184000000,480000,14184000000,0,23.0
12/07/2018,0,0,26(0.97 %),167900,4625645000,167900,4625645000,0,30.0
13/07/2018,4600,156150000,26.2(0.77 %),22400,622720000,17800,466570000,0,23.0
16/07/2018,0,0,26.2(0.00 %),0,0,0,0,0,23.0
17/07/2018,0,0,27.1(3.44 %),0,0,0,0,0,23.0
18/07/2018,17800,489500000,27.95(3.14 %),17800,489500000,0,0,0,30.0
19/07/2018,0,0,27.9(-0.18 %),28000,837200000,28000,837200000,0,23.0
20/07/2018,44200,1319370000,27.9(0.00 %),44200,1319370000,0,0,0,23.0
23/07/2018,0,0,26.6(-4.66 %),42320,1263252000,42320,1263252000,0,30.0
24/07/2018,0,0,26.4(-0.75 %),0,0,0,0,0,23.0
25/07/2018,0,0,26.75(1.33 %),889820,25092920000,889820,25092920000,0,23.0
26/07/2018,-1500,-39000000,25.8(-3.55 %),132000,3775200000,133500,3814200000,0,23.0
27/07/2018,0,0,25.95(0.58 %),1779990,49127720000,1779990,49127720000,0,23.0
30/07/2018,0,0,26.1(0.58 %),44630,1238480000,44630,1238480000,0,23.0
31/07/2018,1500,39225000,27.8(6.51 %),1500,39225000,0,0,0,30.0
01/08/2018,0,0,27.55(-0.90 %),0,0,0,0,0,23.0
02/08/2018,0,0,28.5(3.45 %),3174990,93503460000,3174990,93503460000,0,23.0
03/08/2018,-8900,-252900000,28.35(-0.53 %),9640000,292656000000,9648900,292908900000,0,23.0
06/08/2018,0,0,28(-1.23 %),0,0,0,0,0,30.0
07/08/2018,0,0,27.95(-0.18 %),0,0,0,0,0,23.0
08/08/2018,8900,250540000,27.75(-0.72 %),8900,250540000,0,0,0,23.0
09/08/2018,0,0,27.4(-1.26 %),39780,1179480000,39780,1179480000,0,23.0
10/08/2018,0,0,27.2(-0.73 %),430921,12625990000,430921,12625990000,0,23.0
13/08/2018,0,0,27.45(0.92 %),122750,3572030000,122750,3572030000,0,23.0
14/08/2018,0,0,27.2(-0.91 %),560150,16440400000,560150,16440400000,0,23.0
15/08/2018,-44800,-1204580000,26.5(-2.57 %),103900,3023490000,148700,4228070000,0,23.0
16/08/2018,0,0,26.5(0.00 %),600000,17010000000,600000,17010000000,0,23.0
17/08/2018,0,0,26.5(0.00 %),1990000,56416500000,1990000,56416500000,0,30.0
20/08/2018,44800,1270080000,26.5(0.00 %),77697,2202710000,32897,932630000,0,23.0
21/08/2018,0,0,26.5(0.00 %),0,0,0,0,0,23.0
22/08/2018,0,0,26.65(0.57 %),0,0,0,0,0,23.0
23/08/2018,0,0,26.75(0.38 %),133500,3804750000,133500,3804750000,0,23.0
24/08/2018,0,0,26.6(-0.56 %),0,0,0,0,0,23.0
27/08/2018,0,0,26.5(-0.38 %),37850,1076830000,37850,1076830000,0,23.0
28/08/2018,0,0,26.25(-0.94 %),70000,1984500000,70000,1984500000,0,23.0
29/08/2018,0,0,26.15(-0.38 %),0,0,0,0,0,23.0
30/08/2018,0,0,26.3(0.57 %),165000,4611750000,165000,4611750000,0,23.0
31/08/2018,0,0,26.3(0.00 %),57490,1615470000,57490,1615470000,0,23.0
04/09/2018,0,0,26.1(-0.76 %),1335000,37513500000,1335000,37513500000,0,23.0
05/09/2018,0,0,25.8(-1.15 %),0,0,0,0,0,23.0
06/09/2018,0,0,24.8(-3.88 %),239100,6599160000,239100,6599160000,0,23.0
07/09/2018,0,0,25.25(1.81 %),803100,21282150000,803100,21282150000,0,30.0
10/09/2018,0,0,25.5(0.99 %),500000,13500000000,500000,13500000000,0,23.0
11/09/2018,0,0,25.4(-0.39 %),900000,24525000000,900000,24525000000,0,23.0
12/09/2018,0,0,25(-1.57 %),35780,971430000,35780,971430000,0,23.0
13/09/2018,0,0,25.2(0.80 %),1440210,38525620000,1440210,38525620000,0,23.0
14/09/2018,0,0,25.25(0.20 %),100000,2695000000,100000,2695000000,0,23.0
17/09/2018,0,0,26.05(3.17 %),0,0,0,0,0,23.0
18/09/2018,0,0,26.15(0.38 %),0,0,0,0,0,23.0
19/09/2018,0,0,26.6(1.72 %),33560,938000000,33560,938000000,0,23.0
20/09/2018,0,0,28(5.26 %),26640,757910000,26640,757910000,0,23.0
21/09/2018,0,0,28.3(1.07 %),31050,929950000,31050,929950000,0,23.0
24/09/2018,0,0,28.1(-0.71 %),0,0,0,0,0,23.0
25/09/2018,0,0,28(-0.36 %),0,0,0,0,0,22.5
26/09/2018,0,0,28.9(3.21 %),0,0,0,0,0,23.0
27/09/2018,0,0,29.4(1.73 %),529590,16364330000,529590,16364330000,0,23.0
28/09/2018,0,0,29.15(-0.85 %),500000,15725000000,500000,15725000000,0,22.5
01/10/2018,0,0,28.65(-1.72 %),500000,15575000000,500000,15575000000,0,23.0
02/10/2018,0,0,29.1(1.57 %),500000,15325000000,500000,15325000000,0,22.5
03/10/2018,0,0,29.35(0.86 %),0,0,0,0,0,23.0
04/10/2018,0,0,30.2(2.90 %),950650,29850410000,950650,29850410000,0,23.0
05/10/2018,0,0,29.8(-1.32 %),0,0,0,0,0,23.0
08/10/2018,0,0,29.35(-1.51 %),347850,11079020000,347850,11079020000,0,23.0
09/10/2018,0,0,29.75(1.36 %),0,0,0,0,0,23.0
10/10/2018,0,0,29.7(-0.17 %),0,0,0,0,0,22.5
11/10/2018,0,0,27.85(-6.23 %),994310,31569342500,994310,31569342500,0,22.5
12/10/2018,-5210,-145098500,28.7(3.05 %),256060,7617785000,261270,7762883500,0,22.5
15/10/2018,0,0,28.2(-1.74 %),0,0,0,0,0,23.0
16/10/2018,0,0,28.7(1.77 %),26640,803200000,26640,803200000,0,23.0
17/10/2018,5210,152653000,29.1(1.39 %),418610,12844033000,413400,12691380000,0,22.5
18/10/2018,0,0,28.9(-0.69 %),0,0,0,0,0,23.0
19/10/2018,0,0,29(0.35 %),0,0,0,0,0,22.5
22/10/2018,0,0,28.8(-0.69 %),0,0,0,0,0,23.0
23/10/2018,0,0,27.8(-3.47 %),0,0,0,0,0,22.5
24/10/2018,0,0,26.5(-4.68 %),270000,8019000000,270000,8019000000,0,23.0
25/10/2018,0,0,26.1(-1.51 %),26610,754390000,26610,754390000,0,23.0
26/10/2018,0,0,25.85(-0.96 %),0,0,0,0,0,23.0
29/10/2018,0,0,25.7(-0.58 %),0,0,0,0,0,23.0
30/10/2018,0,0,25.8(0.39 %),0,0,0,0,0,22.5
31/10/2018,0,0,26.9(4.26 %),133830,3693708000,133830,3693708000,0,22.5
01/11/2018,0,0,26.1(-2.97 %),0,0,0,0,0,23.0
02/11/2018,0,0,26.6(1.92 %),4890000,136431000000,4890000,136431000000,0,22.5
05/11/2018,0,0,26.85(0.94 %),0,0,0,0,0,23.0
06/11/2018,0,0,26.95(0.37 %),0,0,0,0,0,22.5
07/11/2018,0,0,27(0.19 %),0,0,0,0,0,23.0
08/11/2018,0,0,27(0.00 %),0,0,0,0,0,23.0
09/11/2018,0,0,26.35(-2.41 %),0,0,0,0,0,23.0
12/11/2018,0,0,26.3(-0.19 %),0,0,0,0,0,23.0
13/11/2018,700,18140000,25.75(-2.09 %),47690,1338560000,46990,1320420000,6,23.0
14/11/2018,0,0,25.25(-1.94 %),25540,703630000,25540,703630000,6,23.0
15/11/2018,0,0,25.25(0.00 %),0,0,0,0,6,23.0
16/11/2018,0,0,25.7(1.78 %),172000,4644000000,172000,4644000000,6,23.0
19/11/2018,0,0,26.5(3.11 %),0,0,0,0,6,23.0
20/11/2018,0,0,26.4(-0.38 %),40000,1134000000,40000,1134000000,6,23.0
21/11/2018,0,0,26.5(0.38 %),3290450,92790690000,3290450,92790690000,6,23.0
22/11/2018,0,0,26.5(0.00 %),23860,676430000,23860,676430000,6,23.0
23/11/2018,0,0,26.1(-1.51 %),0,0,0,0,6,23.0
26/11/2018,0,0,25.95(-0.57 %),0,0,0,0,6,22.51
27/11/2018,0,0,26(0.19 %),337350,9361460000,337350,9361460000,6,23.0
28/11/2018,0,0,26.15(0.58 %),0,0,0,0,6,23.0
29/11/2018,0,0,26.05(-0.38 %),320470,8957140000,320470,8957140000,6,23.0
30/11/2018,0,0,26.05(0.00 %),0,0,0,0,6,23.0
03/12/2018,0,0,27.2(4.41 %),0,0,0,0,6,22.51
04/12/2018,0,0,27.8(2.21 %),0,0,0,0,6,23.0
05/12/2018,0,0,28(0.72 %),0,0,0,0,6,22.51
06/12/2018,0,0,28.15(0.54 %),0,0,0,0,6,23.0
07/12/2018,-55200,-1556640000,28(-0.53 %),52030,1566100000,107230,3122740000,6,23.0
10/12/2018,0,0,28.25(0.89 %),0,0,0,0,6,23.0
11/12/2018,0,0,28.3(0.18 %),0,0,0,0,6,23.0
12/12/2018,54600,1652610000,28.9(2.12 %),55200,1669800000,600,17190000,6,23.0
13/12/2018,0,0,28.7(-0.69 %),0,0,0,0,6,23.0
14/12/2018,0,0,28.65(-0.17 %),358030,10991520000,358030,10991520000,6,23.0
17/12/2018,580,16430000,27.4(-4.36 %),580,16430000,0,0,26,23.0
18/12/2018,20,540000,27.5(0.36 %),20,540000,0,0,6,23.0
19/12/2018,0,0,27.5(0.00 %),186300,5477220000,186300,5477220000,6,23.0
20/12/2018,0,0,27.25(-0.91 %),0,0,0,0,6,23.0
21/12/2018,0,0,27.3(0.18 %),187000,5451050000,187000,5451050000,6,23.0
24/12/2018,0,0,26.9(-1.47 %),21330,622840000,21330,622840000,6,23.0
25/12/2018,0,0,26.4(-1.86 %),20000,575000000,20000,575000000,6,23.0
26/12/2018,0,0,26(-1.52 %),0,0,0,0,6,22.51
27/12/2018,0,0,26.05(0.19 %),144180,4008200000,144180,4008200000,6,23.0
28/12/2018,0,0,25.85(-0.77 %),175340,4883220000,175340,4883220000,6,23.0
02/01/2019,0,0,25.6(-0.97 %),0,0,0,0,6,22.51
03/01/2019,0,0,25(-2.34 %),56150,1535702500,56150,1535702500,6,22.51
04/01/2019,-17400,-434320000,24.95(-0.20 %),47000,1257250000,64400,1691570000,6,23.0
07/01/2019,0,0,25.1(0.60 %),66500,1772225000,66500,1772225000,6,22.51
08/01/2019,0,0,25.1(0.00 %),0,0,0,0,6,23.0
09/01/2019,17400,438480000,25.8(2.79 %),74750,1978330000,57350,1539850000,6,23.0
10/01/2019,0,0,25.8(0.00 %),0,0,0,0,6,23.0
11/01/2019,0,0,26(0.78 %),755311,20846580000,755311,20846580000,6,23.0
14/01/2019,0,0,25.85(-0.58 %),0,0,0,0,6,23.0
15/01/2019,0,0,26.5(2.51 %),401330,11096770000,401330,11096770000,6,23.0
16/01/2019,0,0,26.5(0.00 %),0,0,0,0,6,22.51
17/01/2019,0,0,26.65(0.57 %),146000,4139100000,146000,4139100000,6,23.0
18/01/2019,0,0,26.75(0.38 %),0,0,0,0,6,23.0
21/01/2019,0,0,27.4(2.43 %),0,0,0,0,6,23.0
22/01/2019,0,0,26.8(-2.19 %),0,0,0,0,6,23.0
23/01/2019,0,0,26.55(-0.93 %),22170,635170000,22170,635170000,6,23.0
24/01/2019,0,0,26.65(0.38 %),750000,21300000000,750000,21300000000,6,23.0
25/01/2019,0,0,26.65(0.00 %),0,0,0,0,6,22.51
28/01/2019,0,0,26.2(-1.69 %),0,0,0,0,6,22.51
29/01/2019,0,0,26.5(1.15 %),0,0,0,0,6,22.51
30/01/2019,0,0,26.6(0.38 %),0,0,0,0,6,22.51
31/01/2019,0,0,26.5(-0.38 %),21740,618500000,21740,618500000,6,23.0
01/02/2019,0,0,27.2(2.64 %),0,0,0,0,0,0.0
11/02/2019,0,0,27.05(-0.55 %),0,0,0,0,6,22.51
12/02/2019,0,0,27.45(1.48 %),0,0,0,0,6,22.51
13/02/2019,0,0,27.55(0.36 %),0,0,0,0,6,23.0
14/02/2019,0,0,27.3(-0.91 %),0,0,0,0,6,23.0
15/02/2019,0,0,27.25(-0.18 %),21070,615240000,21070,615240000,6,23.0
18/02/2019,0,0,27.35(0.37 %),0,0,0,0,6,22.51
19/02/2019,0,0,27.55(0.73 %),0,0,0,0,6,23.0
20/02/2019,0,0,27.55(0.00 %),0,0,0,0,6,23.0
21/02/2019,0,0,27.5(-0.18 %),0,0,0,0,6,23.0
22/02/2019,0,0,27.7(0.73 %),0,0,0,0,6,22.51
25/02/2019,0,0,27.75(0.18 %),0,0,0,0,6,22.51
26/02/2019,0,0,27.45(-1.08 %),0,0,0,0,6,23.0
27/02/2019,0,0,27.2(-0.91 %),247800,7272930000,247800,7272930000,6,22.51
28/02/2019,-3450,-92632500,26.5(-2.57 %),0,0,3450,92632500,3456,22.51
01/03/2019,0,0,26.6(0.38 %),134400,3810240000,134400,3810240000,6,23.0
04/03/2019,0,0,27(1.50 %),0,0,0,0,6,23.0
05/03/2019,1650,44347500,26.8(-0.74 %),103450,2977632500,101800,2933285000,-1644,22.51
06/03/2019,0,0,26.8(0.00 %),0,0,0,0,6,22.51
07/03/2019,0,0,26.75(-0.19 %),0,0,0,0,6,23.0
08/03/2019,1800,47790000,26.25(-1.87 %),1800,47790000,0,0,6,23.0
11/03/2019,0,0,26.3(0.19 %),0,0,0,0,6,23.0
12/03/2019,0,0,26.8(1.90 %),0,0,0,0,6,23.0
13/03/2019,0,0,27.15(1.31 %),698080,19999992000,698080,19999992000,6,22.51
14/03/2019,0,0,26.9(-0.92 %),345400,10033870000,345400,10033870000,6,23.0
15/03/2019,0,0,26.85(-0.19 %),0,0,0,0,6,23.0
18/03/2019,0,0,27.05(0.74 %),21950,629970000,21950,629970000,6,23.0
19/03/2019,0,0,26.75(-1.11 %),0,0,0,0,6,22.51
20/03/2019,-19740,-527345000,26.6(-0.56 %),0,0,19740,527345000,19746,22.51
21/03/2019,0,0,26.1(-1.88 %),0,0,0,0,6,23.0
22/03/2019,0,0,26.1(0.00 %),583000,16265700000,583000,16265700000,6,23.0
25/03/2019,19740,503370000,25.6(-1.92 %),19740,503370000,0,0,6,23.0
26/03/2019,-19790,-506624000,25.5(-0.39 %),168000,4594800000,187790,5101424000,19796,22.51
27/03/2019,0,0,25.75(0.98 %),0,0,0,0,19796,22.51
28/03/2019,0,0,25.55(-0.78 %),50000,1377500000,50000,1377500000,19796,22.51
29/03/2019,1300,31560000,25.6(0.20 %),4105880,112055890000,4104580,112024330000,6,23.0
01/04/2019,0,0,25.55(-0.20 %),0,0,0,0,6,22.51
02/04/2019,0,0,25.5(-0.20 %),0,0,0,0,6,23.0
03/04/2019,18490,471495000,25.45(-0.20 %),18490,471495000,0,0,-18484,22.51
04/04/2019,0,0,25.45(0.00 %),20340,553250000,20340,553250000,6,23.0
05/04/2019,0,0,25.4(-0.20 %),0,0,0,0,6,23.0
08/04/2019,0,0,25.25(-0.59 %),0,0,0,0,6,23.0
09/04/2019,0,0,25.35(0.40 %),0,0,0,0,6,22.51
10/04/2019,0,0,25.1(-0.99 %),20160,546340000,20160,546340000,6,23.0
11/04/2019,0,0,25.1(0.00 %),0,0,0,0,6,22.51
12/04/2019,0,0,24.9(-0.80 %),0,0,0,0,6,23.0
16/04/2019,-19930,-491274500,24.55(-1.41 %),563550,14276175000,583480,14767449500,19936,22.51
17/04/2019,0,0,24.75(0.81 %),0,0,0,0,19936,22.51
18/04/2019,0,0,24.25(-2.02 %),0,0,0,0,6,23.0
19/04/2019,19930,488290000,24.2(-0.21 %),19930,488290000,0,0,6,23.0
22/04/2019,0,0,23.75(-1.86 %),0,0,0,0,6,23.0
23/04/2019,0,0,23.6(-0.63 %),87000,2209800000,87000,2209800000,6,22.51
24/04/2019,0,0,24.35(3.18 %),22620,571155000,22620,571155000,6,22.51
25/04/2019,0,0,24.15(-0.82 %),5877130,143108120000,5877130,143108120000,6,23.0
26/04/2019,0,0,24.15(0.00 %),0,0,0,0,6,22.51
02/05/2019,0,0,23.85(-1.24 %),0,0,0,0,6,22.51
03/05/2019,0,0,24(0.63 %),0,0,0,0,6,23.0
06/05/2019,0,0,23.3(-2.92 %),0,0,0,0,6,23.0
07/05/2019,0,0,23.2(-0.43 %),0,0,0,0,6,22.51
08/05/2019,0,0,22.95(-1.08 %),675630,16627370000,675630,16627370000,6,23.0
09/05/2019,0,0,22.8(-0.65 %),10000000,245500000000,10000000,245500000000,6,22.51
10/05/2019,0,0,23.15(1.54 %),0,0,0,0,6,23.0
13/05/2019,0,0,23.2(0.22 %),7021500,173782130000,7021500,173782130000,6,23.0
14/05/2019,0,0,23(-0.86 %),0,0,0,0,6,22.51
15/05/2019,0,0,23.95(4.13 %),0,0,0,0,6,22.51
16/05/2019,0,0,23.75(-0.84 %),3510750,89875200000,3510750,89875200000,6,23.0
17/05/2019,0,0,23.6(-0.63 %),0,0,0,0,6,23.0
20/05/2019,0,0,23.85(1.06 %),35860,905470000,35860,905470000,6,23.0
21/05/2019,0,0,24.05(0.84 %),0,0,0,0,6,23.0
22/05/2019,0,0,23.7(-1.46 %),0,0,0,0,6,23.0
23/05/2019,0,0,23.65(-0.21 %),0,0,0,0,6,23.0
24/05/2019,0,0,23.2(-1.90 %),3666700,92767510000,3666700,92767510000,6,23.0
27/05/2019,0,0,23.15(-0.22 %),0,0,0,0,6,22.51
28/05/2019,0,0,23.1(-0.22 %),0,0,0,0,6,23.0
29/05/2019,0,0,22.75(-1.52 %),0,0,0,0,6,23.0
30/05/2019,0,0,22.95(0.88 %),0,0,0,0,6,22.51
31/05/2019,0,0,22.6(-1.53 %),0,0,0,0,6,22.51
03/06/2019,0,0,21.5(-4.87 %),0,0,0,0,6,22.51
04/06/2019,0,0,21.2(-1.40 %),0,0,0,0,6,22.51
05/06/2019,0,0,21.3(0.47 %),0,0,0,0,6,23.0
06/06/2019,0,0,21.35(0.23 %),0,0,0,0,6,23.0
07/06/2019,0,0,21.6(1.17 %),0,0,0,0,6,22.51
10/06/2019,-8560,-186610000,21.5(-0.46 %),445640,10294280000,454200,10480890000,6,23.0
11/06/2019,0,0,21.5(0.00 %),300000,6900000000,300000,6900000000,6,23.0
12/06/2019,0,0,21.3(-0.93 %),0,0,0,0,6,23.0
13/06/2019,8560,182328000,21.15(-0.70 %),8560,182328000,0,0,-8554,22.51
14/06/2019,0,0,21.2(0.24 %),20000,452000000,20000,452000000,6,23.0
17/06/2019,0,0,20.8(-1.89 %),0,0,0,0,6,22.51
18/06/2019,0,0,20.3(-2.40 %),500000,11125000000,500000,11125000000,6,23.0
19/06/2019,0,0,20.1(-0.99 %),0,0,0,0,6,22.51
20/06/2019,0,0,20.6(2.49 %),0,0,0,0,6,22.51
21/06/2019,0,0,20.8(0.97 %),0,0,0,0,6,22.51
24/06/2019,0,0,20.9(0.48 %),249690,5555600000,249690,5555600000,6,23.0
25/06/2019,0,0,20.75(-0.72 %),0,0,0,0,6,22.51
26/06/2019,0,0,20.4(-1.69 %),0,0,0,0,6,23.0
27/06/2019,0,0,20.2(-0.98 %),141490,3084480000,141490,3084480000,6,23.0
28/06/2019,0,0,20.35(0.74 %),202710,4378536000,202710,4378536000,6,22.51
01/07/2019,0,0,21(3.19 %),0,0,0,0,6,22.51
02/07/2019,0,0,20.9(-0.48 %),0,0,0,0,6,22.51
03/07/2019,0,0,20.8(-0.48 %),0,0,0,0,6,23.0
04/07/2019,0,0,21.4(2.88 %),0,0,0,0,6,22.51
05/07/2019,0,0,21.35(-0.23 %),0,0,0,0,6,23.0
08/07/2019,0,0,20.9(-2.11 %),0,0,0,0,6,22.51
09/07/2019,0,0,20.7(-0.96 %),457290,10220430000,457290,10220430000,6,23.0
10/07/2019,0,0,20.7(0.00 %),0,0,0,0,6,23.0
11/07/2019,0,0,21(1.45 %),791580,17493920000,791580,17493920000,6,23.0
12/07/2019,0,0,20.7(-1.43 %),0,0,0,0,6,23.0
15/07/2019,0,0,21.15(2.17 %),0,0,0,0,6,23.0
16/07/2019,0,0,21.2(0.24 %),0,0,0,0,6,22.51
17/07/2019,0,0,21.1(-0.47 %),0,0,0,0,6,23.0
18/07/2019,0,0,20.9(-0.95 %),0,0,0,0,6,23.0
19/07/2019,0,0,21.2(1.44 %),0,0,0,0,6,22.51
22/07/2019,0,0,21.05(-0.71 %),0,0,0,0,6,23.0
23/07/2019,0,0,21.05(0.00 %),0,0,0,0,6,22.51
24/07/2019,0,0,20.95(-0.48 %),0,0,0,0,6,23.0
25/07/2019,0,0,20.9(-0.24 %),0,0,0,0,6,22.51
26/07/2019,0,0,20.8(-0.48 %),20000,447000000,20000,447000000,6,23.0
29/07/2019,0,0,20.8(0.00 %),20000,445000000,20000,445000000,6,23.0
30/07/2019,0,0,20.7(-0.48 %),50000,1112500000,50000,1112500000,6,23.0
31/07/2019,0,0,20.55(-0.72 %),0,0,0,0,6,22.51
01/08/2019,0,0,20.7(0.73 %),0,0,0,0,6,23.0
02/08/2019,0,0,20.55(-0.72 %),668410,13769250000,668410,13769250000,6,23.0
05/08/2019,0,0,20.4(-0.73 %),0,0,0,0,6,22.51
06/08/2019,0,0,20.25(-0.74 %),0,0,0,0,6,23.0
07/08/2019,0,0,20.1(-0.74 %),1684962,36479427300,1684962,36479427300,6,22.51
08/08/2019,0,0,20.2(0.50 %),0,0,0,0,6,22.51
09/08/2019,0,0,20.2(0.00 %),53400,1153440000,53400,1153440000,6,22.51
12/08/2019,0,0,20.25(0.25 %),0,0,0,0,6,22.51
13/08/2019,0,0,20.65(1.98 %),262500,5683130000,262500,5683130000,0,23.0
14/08/2019,0,0,20.85(0.97 %),0,0,0,0,6,22.51
15/08/2019,0,0,21(0.72 %),0,0,0,0,0,23.0
16/08/2019,0,0,21.9(4.29 %),0,0,0,0,0,23.0
19/08/2019,0,0,21.55(-1.60 %),37130,803864500,37130,803864500,6,22.51
20/08/2019,0,0,21.55(0.00 %),0,0,0,0,6,22.51
21/08/2019,0,0,21.65(0.46 %),0,0,0,0,0,23.0
22/08/2019,0,0,21.65(0.00 %),0,0,0,0,6,22.51
23/08/2019,0,0,21.65(0.00 %),0,0,0,0,0,23.0
26/08/2019,0,0,21.25(-1.85 %),0,0,0,0,6,22.51
27/08/2019,0,0,21.45(0.94 %),0,0,0,0,6,22.51
28/08/2019,0,0,21.4(-0.23 %),0,0,0,0,6,22.51
29/08/2019,0,0,21.35(-0.23 %),0,0,0,0,0,23.0
30/08/2019,0,0,21.5(0.70 %),20000,456000000,20000,456000000,6,22.51
03/09/2019,0,0,21.4(-0.47 %),0,0,0,0,6,22.51
04/09/2019,0,0,21.7(1.40 %),239100,5463435000,239100,5463435000,6,22.51
05/09/2019,0,0,22.2(2.30 %),0,0,0,0,0,23.0
06/09/2019,0,0,22.2(0.00 %),0,0,0,0,6,22.51
09/09/2019,0,0,21.7(-2.25 %),0,0,0,0,6,22.51
10/09/2019,0,0,21.45(-1.15 %),0,0,0,0,0,23.0
11/09/2019,0,0,21.75(1.40 %),0,0,0,0,6,22.51
12/09/2019,0,0,21.95(0.92 %),0,0,0,0,6,22.51
13/09/2019,0,0,22.65(3.19 %),0,0,0,0,0,23.0
16/09/2019,0,0,22.6(-0.22 %),144910,3506820000,144910,3506820000,0,23.0
17/09/2019,0,0,22.6(0.00 %),0,0,0,0,6,22.51
18/09/2019,0,0,22.6(0.00 %),87170,2105160000,87170,2105160000,0,23.0
19/09/2019,0,0,22.95(1.55 %),0,0,0,0,6,22.51
20/09/2019,0,0,23.15(0.87 %),0,0,0,0,0,23.0
23/09/2019,0,0,22.65(-2.16 %),0,0,0,0,6,22.51
24/09/2019,0,0,22.6(-0.22 %),0,0,0,0,0,23.0
25/09/2019,0,0,22.65(0.22 %),0,0,0,0,0,23.0
26/09/2019,0,0,23.1(1.99 %),20000,484000000,20000,484000000,0,23.0
27/09/2019,0,0,23.2(0.43 %),0,0,0,0,6,22.51
30/09/2019,0,0,23.35(0.65 %),0,0,0,0,6,22.51
01/10/2019,0,0,23.75(1.71 %),0,0,0,0,0,23.0
02/10/2019,0,0,23.75(0.00 %),0,0,0,0,6,22.51
03/10/2019,0,0,23.8(0.21 %),0,0,0,0,0,23.0
04/10/2019,0,0,23.6(-0.84 %),20000,509000000,20000,509000000,0,23.0
07/10/2019,0,0,23.15(-1.91 %),0,0,0,0,6,22.51
08/10/2019,0,0,23.55(1.73 %),0,0,0,0,6,22.51
09/10/2019,0,0,23.65(0.42 %),0,0,0,0,6,22.51
10/10/2019,0,0,23.65(0.00 %),89068,2253420000,89068,2253420000,0,23.0
11/10/2019,0,0,23.6(-0.21 %),0,0,0,0,0,23.0
14/10/2019,0,0,23.9(1.27 %),0,0,0,0,0,23.0
15/10/2019,0,0,24.25(1.46 %),0,0,0,0,6,22.51
16/10/2019,0,0,24.45(0.82 %),0,0,0,0,6,22.51
17/10/2019,0,0,24.4(-0.20 %),0,0,0,0,6,22.51
18/10/2019,0,0,24.4(0.00 %),0,0,0,0,6,22.51
21/10/2019,0,0,23.9(-2.05 %),0,0,0,0,6,22.51
22/10/2019,0,0,24(0.42 %),0,0,0,0,6,22.51
23/10/2019,0,0,23.95(-0.21 %),0,0,0,0,0,23.0
24/10/2019,0,0,23.85(-0.42 %),0,0,0,0,6,22.51
25/10/2019,-8270,-196826000,23.85(0.00 %),0,0,8270,196826000,8276,22.51
28/10/2019,0,0,23.8(-0.21 %),0,0,0,0,0,23.0
29/10/2019,0,0,23.7(-0.42 %),50000,1272500000,50000,1272500000,0,23.0
30/10/2019,0,0,23.8(0.42 %),115000,2915250000,115000,2915250000,0,23.0
31/10/2019,0,0,23.7(-0.42 %),0,0,0,0,8276,22.49
01/11/2019,0,0,23.75(0.21 %),20000,507000000,20000,507000000,0,23.0
04/11/2019,9310,222510000,24.35(2.53 %),9310,222510000,0,0,2,23.0
05/11/2019,0,0,24.75(1.64 %),0,0,0,0,2,23.0
06/11/2019,0,0,24.75(0.00 %),0,0,0,0,2,22.5
07/11/2019,0,0,24.8(0.20 %),293500,7763080000,293500,7763080000,2,23.0
08/11/2019,0,0,25.1(1.21 %),0,0,0,0,2,22.5
11/11/2019,0,0,25.15(0.20 %),0,0,0,0,2,22.5
12/11/2019,0,0,25.15(0.00 %),0,0,0,0,2,22.5
13/11/2019,0,0,24.75(-1.59 %),0,0,0,0,2,23.0
14/11/2019,0,0,24.7(-0.20 %),0,0,0,0,2,23.0
15/11/2019,0,0,24.9(0.81 %),144000,3801600000,144000,3801600000,2,23.0
18/11/2019,0,0,24.45(-1.81 %),0,0,0,0,2,22.5
19/11/2019,0,0,24.75(1.23 %),0,0,0,0,2,23.0
20/11/2019,0,0,24.4(-1.41 %),0,0,0,0,2,22.5
21/11/2019,0,0,23.5(-3.69 %),0,0,0,0,2,22.5
22/11/2019,0,0,23.05(-1.91 %),0,0,0,0,2,22.5
25/11/2019,0,0,23.3(1.08 %),20000,493000000,20000,493000000,2,22.5
26/11/2019,0,0,23.45(0.64 %),155000,3859500000,155000,3859500000,2,22.5
27/11/2019,0,0,23.35(-0.43 %),0,0,0,0,0,23.0
28/11/2019,0,0,22.9(-1.93 %),0,0,0,0,2,22.5
29/11/2019,0,0,22.9(0.00 %),0,0,0,0,0,23.0
02/12/2019,0,0,22.7(-0.87 %),1000000,24500000000,1000000,24500000000,0,23.0
03/12/2019,0,0,22.55(-0.66 %),5578180,126624690000,5578180,126624690000,0,23.0
04/12/2019,0,0,23.45(3.99 %),790520,19051532000,790520,19051532000,2,22.5
05/12/2019,0,0,23.25(-0.85 %),0,0,0,0,2,22.5
06/12/2019,0,0,23.15(-0.43 %),0,0,0,0,0,23.0
09/12/2019,0,0,22.8(-1.51 %),125000,3093750000,125000,3093750000,0,23.0
10/12/2019,0,0,22.4(-1.75 %),0,0,0,0,0,23.0
11/12/2019,0,0,22.7(1.34 %),0,0,0,0,2,22.5
12/12/2019,0,0,23.15(1.98 %),1939990,47044760000,1939990,47044760000,0,23.0
13/12/2019,0,0,23.15(0.00 %),30000,742500000,30000,742500000,2,22.5
16/12/2019,0,0,23.15(0.00 %),0,0,0,0,0,23.0
17/12/2019,-10,-227500,22.75(-1.73 %),233350,5775412500,233360,5775640000,12,22.5
18/12/2019,-15000,-339230000,22.7(-0.22 %),0,0,15000,339230000,0,23.0
19/12/2019,0,0,22.35(-1.54 %),0,0,0,0,0,23.0
20/12/2019,10,220000,22.8(2.01 %),239590,5726180000,239580,5725960000,0,23.0
23/12/2019,15000,346500000,23.1(1.32 %),35000,833500000,20000,487000000,2,22.5
24/12/2019,0,0,23(-0.43 %),0,0,0,0,0,23.0
25/12/2019,0,0,23(0.00 %),0,0,0,0,0,23.0
26/12/2019,0,0,23.05(0.22 %),28880,710448000,28880,710448000,2,22.5
27/12/2019,0,0,23.2(0.65 %),383400,9450810000,383400,9450810000,2,22.5
30/12/2019,0,0,23.45(1.08 %),0,0,0,0,2,22.5
31/12/2019,0,0,23.55(0.43 %),0,0,0,0,2,22.5
02/01/2020,-1950,-46410000,23.8(1.06 %),22430,564114500,24380,610524500,1952,22.5
03/01/2020,0,0,23.65(-0.63 %),0,0,0,0,1952,22.5
06/01/2020,0,0,23.05(-2.54 %),0,0,0,0,0,23.0
07/01/2020,1950,44947500,23.2(0.65 %),1950,44947500,0,0,2,22.5
08/01/2020,0,0,22.75(-1.94 %),0,0,0,0,2,22.5
09/01/2020,0,0,23.05(1.32 %),0,0,0,0,0,23.0
10/01/2020,0,0,23.15(0.43 %),0,0,0,0,2,22.5
13/01/2020,0,0,22.95(-0.86 %),0,0,0,0,0,23.0
14/01/2020,0,0,22.9(-0.22 %),0,0,0,0,2,22.5
15/01/2020,0,0,22.9(0.00 %),0,0,0,0,0,23.0
16/01/2020,0,0,23.3(1.75 %),0,0,0,0,2,22.5
17/01/2020,0,0,23.4(0.43 %),0,0,0,0,0,23.0
20/01/2020,0,0,23.35(-0.21 %),0,0,0,0,0,23.0
21/01/2020,0,0,24.05(3.00 %),133500,3330830000,133500,3330830000,0,23.0
22/01/2020,0,0,24.2(0.62 %),0,0,0,0,0,23.0
30/01/2020,0,0,22.9(-5.37 %),155000,4006750000,155000,4006750000,0,23.0
31/01/2020,0,0,21.6(-5.68 %),0,0,0,0,0,22.5
03/02/2020,0,0,21.45(-0.69 %),0,0,0,0,0,22.5
04/02/2020,-1320,-28380000,21.75(1.40 %),0,0,1320,28380000,0,22.5
05/02/2020,0,0,21.75(0.00 %),0,0,0,0,0,23.0
06/02/2020,0,0,22.35(2.76 %),0,0,0,0,0,23.0
07/02/2020,1320,29502000,22.15(-0.89 %),1320,29502000,0,0,1320,22.5
10/02/2020,-180,-3920000,21.85(-1.35 %),829440,19657730000,829620,19661650000,0,23.0
11/02/2020,0,0,22.15(1.37 %),0,0,0,0,0,23.0
12/02/2020,0,0,22.65(2.26 %),22965000,544270500000,22965000,544270500000,0,23.0
13/02/2020,180,4060000,22.6(-0.22 %),82360,1992820000,82180,1988760000,0,23.0
14/02/2020,0,0,23.3(3.10 %),20000,483000000,20000,483000000,1320,22.5
17/02/2020,-4950,-115830000,23.8(2.15 %),0,0,4950,115830000,0,23.0
18/02/2020,0,0,23.7(-0.42 %),0,0,0,0,0,23.0
19/02/2020,0,0,23.65(-0.21 %),0,0,0,0,0,23.0
20/02/2020,4950,117320000,23.5(-0.63 %),4950,117320000,0,0,0,23.0
21/02/2020,0,0,23.1(-1.70 %),0,0,0,0,0,23.0
24/02/2020,0,0,21.5(-6.93 %),0,0,0,0,0,23.0
25/02/2020,0,0,22.2(3.26 %),0,0,0,0,0,23.0
26/02/2020,0,0,22.35(0.68 %),0,0,0,0,1320,22.5
27/02/2020,0,0,22.75(1.79 %),938980,22441620000,938980,22441620000,0,23.0
28/02/2020,0,0,22.25(-2.20 %),0,0,0,0,1320,22.5
02/03/2020,0,0,22.5(1.12 %),0,0,0,0,0,23.0
03/03/2020,0,0,22.5(0.00 %),442870,10651023500,442870,10651023500,1320,22.5
04/03/2020,0,0,22.55(0.22 %),0,0,0,0,0,23.0
05/03/2020,-42890,-966520000,22.3(-1.11 %),76830,1851600000,119720,2818120000,0,23.0
06/03/2020,0,0,22.05(-1.12 %),0,0,0,0,0,23.0
09/03/2020,0,0,20.55(-6.80 %),4376983,103077949650,4376983,103077949650,44210,22.49
10/03/2020,42890,941440000,20.7(0.73 %),42890,941440000,0,0,0,23.0
11/03/2020,0,0,19.3(-6.76 %),0,0,0,0,0,23.0
12/03/2020,0,0,17.95(-6.99 %),110400,2279760000,110400,2279760000,0,23.0
13/03/2020,0,0,18.25(1.67 %),168090,3227330000,168090,3227330000,0,23.0
16/03/2020,-1000,-17300000,17.45(-4.38 %),367520,7166640000,368520,7183940000,0,23.0
17/03/2020,-740,-13283000,17.95(2.87 %),949490,17707988500,950230,17721271500,3060,22.5
18/03/2020,0,0,17.95(0.00 %),0,0,0,0,0,23.0
19/03/2020,-39790,-691390000,17.25(-3.90 %),438000,8409600000,477790,9100990000,0,23.0
20/03/2020,740,-1721061000,17.35(0.58 %),860740,15879839000,860000,17600900000,2320,22.5
23/03/2020,0,0,16.15(-6.92 %),2487180,45976990000,2487180,45976990000,0,23.0
24/03/2020,39790,656540000,16.1(-0.31 %),121140,2059830000,81350,1403290000,0,23.0
25/03/2020,0,0,16.6(3.11 %),1798000,30925600000,1798000,30925600000,0,23.0
26/03/2020,-13000,-209300000,16.1(-3.01 %),4230850,75097587500,4243850,75306887500,0,22.5
27/03/2020,0,0,16(-0.62 %),120000,2064000000,120000,2064000000,0,23.0
30/03/2020,0,0,14.9(-6.88 %),133500,2282850000,133500,2282850000,0,22.5
31/03/2020,13000,195000000,15(0.67 %),13000,195000000,0,0,0,23.0
01/04/2020,0,0,15.5(3.33 %),897100,14398455000,897100,14398455000,13000,22.49
03/04/2020,0,0,15.85(2.26 %),0,0,0,0,13000,22.49
06/04/2020,-200000,-3390000000,16.95(6.94 %),2514830,42626368500,2714830,46016368500,213000,22.49
07/04/2020,0,0,16.95(0.00 %),295380,5346378000,295380,5346378000,213000,22.49
08/04/2020,-286930,-4752220000,16.7(-1.47 %),68800,1245280000,355730,5997500000,0,23.0
09/04/2020,191000,3256370000,16.9(1.20 %),270000,4602870000,79000,1346500000,0,23.0
10/04/2020,0,0,16.75(-0.89 %),53500,909500000,53500,909500000,308930,22.49
13/04/2020,261130,4457220000,17.2(2.69 %),367060,6353370000,105930,1896150000,0,23.0
14/04/2020,9000,156150000,17.15(-0.29 %),9000,156150000,0,0,0,23.0
15/04/2020,0,0,17.55(2.33 %),296950,5449030000,296950,5449030000,0,23.0
16/04/2020,0,0,17.55(0.00 %),564820,10590380000,564820,10590380000,0,23.0
17/04/2020,0,0,17.75(1.14 %),2372820,44490380000,2372820,44490380000,0,23.0
20/04/2020,0,0,17.7(-0.28 %),1072870,20330886500,1072870,20330886500,38800,22.49
21/04/2020,0,0,16.85(-4.80 %),0,0,0,0,0,23.0
22/04/2020,0,0,16.9(0.30 %),203930,3670740000,203930,3670740000,38800,22.49
23/04/2020,0,0,16.95(0.30 %),4043610,72987160000,4043610,72987160000,0,23.0
24/04/2020,0,0,17.1(0.88 %),0,0,0,0,38800,22.49
27/04/2020,0,0,17.05(-0.29 %),608000,11096000000,608000,11096000000,0,23.0
28/04/2020,0,0,17.1(0.29 %),432980,7880240000,432980,7880240000,0,23.0
29/04/2020,0,0,17.2(0.58 %),750000,13687500000,750000,13687500000,38800,22.49
04/05/2020,0,0,17.4(1.16 %),400000,7360000000,400000,7360000000,0,23.0
05/05/2020,0,0,17.4(0.00 %),519990,9671814000,519990,9671814000,38800,22.49
06/05/2020,0,0,17.55(0.86 %),500000,9300000000,500000,9300000000,38800,22.49
07/05/2020,0,0,17.7(0.85 %),430000,8062500000,430000,8062500000,0,23.0
08/05/2020,0,0,18.9(6.78 %),500000,9450000000,500000,9450000000,38800,22.49
11/05/2020,0,0,20.2(6.88 %),100000,0,100000,0,38800,22.49
12/05/2020,0,0,20.6(1.98 %),1360550,29387880000,1360550,29387880000,38800,22.49
13/05/2020,0,0,20.6(0.00 %),183390,4034580000,183390,4034580000,38800,22.49
14/05/2020,0,0,20.5(-0.49 %),1988320,43743040000,1988320,43743040000,0,23.0
15/05/2020,0,0,20.25(-1.22 %),539280,11810232000,539280,11810232000,38800,22.49
18/05/2020,0,0,20.65(1.98 %),1851950,40094717500,1851950,40094717500,38800,22.49
19/05/2020,0,0,21.3(3.15 %),65030,1433910000,65030,1433910000,0,23.0
20/05/2020,0,0,21.05(-1.17 %),0,0,0,0,0,23.0
21/05/2020,0,0,22(4.51 %),0,0,0,0,38800,22.49
22/05/2020,0,0,21.05(-4.32 %),350740,8242390000,350740,8242390000,0,23.0
25/05/2020,0,0,21.05(0.00 %),577960,13004100000,577960,13004100000,38800,22.49
26/05/2020,0,0,21.15(0.48 %),400000,9000000000,400000,9000000000,38800,22.49
27/05/2020,0,0,20.9(-1.18 %),0,0,0,0,38800,22.49
28/05/2020,0,0,20.9(0.00 %),256330,5728980000,256330,5728980000,0,23.0
29/05/2020,0,0,20.7(-0.96 %),546790,12220756500,546790,12220756500,38800,22.49
01/06/2020,0,0,21.3(2.90 %),346910,7666711000,346910,7666711000,38800,22.49
02/06/2020,0,0,21.15(-0.70 %),168850,3841340000,168850,3841340000,0,23.0
03/06/2020,0,0,21.35(0.95 %),73990,1672174000,73990,1672174000,38800,22.49
04/06/2020,0,0,21.2(-0.70 %),0,0,0,0,38800,22.49
05/06/2020,0,0,21.45(1.18 %),0,0,0,0,38800,22.49
08/06/2020,0,0,21.7(1.17 %),1000000,22950000000,1000000,22950000000,38800,22.49
09/06/2020,0,0,21.55(-0.69 %),0,0,0,0,0,23.0
10/06/2020,0,0,21.85(1.39 %),315820,7279651000,315820,7279651000,38800,22.49
11/06/2020,0,0,20.9(-4.35 %),0,0,0,0,0,23.0
12/06/2020,-35200,-734381500,21.15(1.20 %),236790,5007627000,271990,5742008500,74000,22.49
15/06/2020,0,0,20.1(-4.96 %),0,0,0,0,74000,22.49
16/06/2020,0,0,20.6(2.49 %),5183410,111443315000,5183410,111443315000,74000,22.49
17/06/2020,5500,113300000,20.3(-1.46 %),5500,113300000,0,0,0,23.0
18/06/2020,0,0,20.2(-0.49 %),0,0,0,0,68500,22.49
19/06/2020,0,0,20.5(1.49 %),343230,7413768000,343230,7413768000,68500,22.49
22/06/2020,0,0,20.75(1.22 %),55090,1206470000,55090,1206470000,0,23.0
23/06/2020,-19920,-411400500,20.65(-0.48 %),96100,2133420000,116020,2544820500,88420,22.49
24/06/2020,0,0,20.5(-0.73 %),128670,2837173500,128670,2837173500,88420,22.49
25/06/2020,0,0,20.2(-1.46 %),0,0,0,0,88420,22.49
26/06/2020,19920,408360000,20.35(0.74 %),58520,1242120000,38600,833760000,68500,22.49
29/06/2020,19920,408360000,19.65(-3.44 %),58520,1242120000,38600,833760000,48580,22.49
30/06/2020,19920,408360000,19.55(-0.51 %),58520,1242120000,38600,833760000,28660,22.49
01/07/2020,0,0,19.8(1.28 %),0,0,0,0,0,23.0
02/07/2020,0,0,19.75(-0.25 %),1114070,23562580000,1114070,23562580000,0,23.0
03/07/2020,0,0,19.8(0.25 %),300000,6330000000,300000,6330000000,28660,22.49
06/07/2020,0,0,20.25(2.27 %),657200,13874780000,657200,13874780000,0,23.0
07/07/2020,0,0,20.25(0.00 %),1379760,29346220000,1379760,29346220000,0,23.0
08/07/2020,0,0,20.1(-0.74 %),394700,8545260000,394700,8545260000,0,23.0
09/07/2020,0,0,20.95(4.23 %),164480,3536320000,164480,3536320000,0,23.0
10/07/2020,0,0,20.45(-2.39 %),0,0,0,0,0,23.0
13/07/2020,-10,-210000,20.3(-0.73 %),0,0,10,210000,0,23.0
14/07/2020,0,0,20.1(-0.99 %),0,0,0,0,28670,22.49
15/07/2020,0,0,20.6(2.49 %),0,0,0,0,0,23.0
16/07/2020,10,206000,21(1.94 %),10,206000,0,0,28660,22.49
17/07/2020,0,0,20.6(-1.90 %),151280,3396240000,151280,3396240000,0,23.0
20/07/2020,0,0,20.5(-0.49 %),0,0,0,0,28660,22.49
21/07/2020,0,0,20.5(0.00 %),0,0,0,0,0,23.0
22/07/2020,0,0,20.25(-1.22 %),0,0,0,0,28660,22.49
23/07/2020,0,0,20.3(0.25 %),0,0,0,0,0,23.0
24/07/2020,0,0,19.5(-3.94 %),815000,17685500000,815000,17685500000,28660,22.49
27/07/2020,0,0,18.15(-6.92 %),0,0,0,0,28660,22.49
28/07/2020,0,0,18.75(3.31 %),0,0,0,0,28660,22.49
29/07/2020,0,0,18.15(-3.20 %),0,0,0,0,0,23.0
30/07/2020,0,0,18.6(2.48 %),0,0,0,0,28660,22.49
31/07/2020,0,0,18.15(-2.42 %),4039590,80387841000,4039590,80387841000,28660,22.49
03/08/2020,0,0,18.6(2.48 %),0,0,0,0,0,23.0
04/08/2020,0,0,18.85(1.34 %),2535340,50453266000,2535340,50453266000,28660,22.49
05/08/2020,0,0,19.45(3.18 %),1385350,27914802500,1385350,27914802500,28660,22.49
06/08/2020,0,0,19.2(-1.29 %),0,0,0,0,28660,22.49
07/08/2020,0,0,19.15(-0.26 %),0,0,0,0,0,23.0
10/08/2020,0,0,19.4(1.31 %),1800170,36813476500,1800170,36813476500,28660,22.49
11/08/2020,0,0,19.45(0.26 %),0,0,0,0,28660,22.49
12/08/2020,0,0,19.65(1.03 %),0,0,0,0,0,23.0
13/08/2020,0,0,19.8(0.76 %),0,0,0,0,28660,22.49
14/08/2020,0,0,19.8(0.00 %),0,0,0,0,28660,22.49
17/08/2020,0,0,20.1(1.52 %),240050,5077057500,240050,5077057500,28660,22.49
18/08/2020,0,0,20.05(-0.25 %),73040,0,73040,0,28660,22.49
19/08/2020,0,0,20.2(0.75 %),0,0,0,0,28660,22.49
20/08/2020,0,0,20(-0.99 %),0,0,0,0,28660,22.49
21/08/2020,0,0,20.35(1.75 %),0,0,0,0,28660,22.49
24/08/2020,-10,-210000,20.95(2.95 %),0,0,10,210000,0,23.0
25/08/2020,0,0,21.3(1.67 %),0,0,0,0,0,23.0
26/08/2020,0,0,21.1(-0.94 %),0,0,0,0,28670,22.49
27/08/2020,10,211000,21.15(0.24 %),10,211000,0,0,28660,22.49
28/08/2020,0,0,21.6(2.13 %),0,0,0,0,28660,22.49
31/08/2020,0,0,21.3(-1.39 %),0,0,0,0,0,23.0
01/09/2020,-9800,-208250000,21.7(1.88 %),1100000,25025000000,1109800,25233250000,0,23.0
03/09/2020,0,0,22(1.38 %),81940,1901010000,81940,1901010000,0,23.0
04/09/2020,0,0,21.85(-0.68 %),0,0,0,0,38460,22.49
07/09/2020,0,0,21.2(-2.97 %),0,0,0,0,38460,22.49
08/09/2020,0,0,21.5(1.42 %),0,0,0,0,38460,22.49
09/09/2020,0,0,21.2(-1.40 %),0,0,0,0,38460,22.49
10/09/2020,0,0,21.45(1.18 %),0,0,0,0,0,23.0
11/09/2020,0,0,21.3(-0.70 %),0,0,0,0,38460,22.49
14/09/2020,0,0,21.5(0.94 %),0,0,0,0,0,23.0
15/09/2020,0,0,21.35(-0.70 %),0,0,0,0,38460,22.49
16/09/2020,0,0,21.4(0.23 %),0,0,0,0,38460,22.49
17/09/2020,0,0,21.3(-0.47 %),5000000,114250000000,5000000,114250000000,0,23.0
18/09/2020,0,0,21.8(2.35 %),2399180,54581345000,2399180,54581345000,38460,22.49
21/09/2020,0,0,22.3(2.29 %),0,0,0,0,38460,22.49
22/09/2020,0,0,22.35(0.22 %),0,0,0,0,0,23.0
23/09/2020,0,0,22.3(-0.22 %),0,0,0,0,38460,22.49
24/09/2020,0,0,22.45(0.67 %),1193910,28474753500,1193910,28474753500,38460,22.49
25/09/2020,0,0,22.4(-0.22 %),50550,1213200000,50550,1213200000,0,23.0
28/09/2020,0,0,22.85(2.01 %),0,0,0,0,0,23.0
29/09/2020,0,0,22.55(-1.31 %),6500000,158600000000,6500000,158600000000,0,23.0
30/09/2020,0,0,22.6(0.22 %),0,0,0,0,0,23.0
01/10/2020,0,0,22.8(0.88 %),398610,9626430000,398610,9626430000,0,23.0
02/10/2020,0,0,22.55(-1.10 %),21670,527660000,21670,527660000,0,23.0
05/10/2020,0,0,22.55(0.00 %),1016830,24505600000,1016830,24505600000,0,23.0
06/10/2020,0,0,22.4(-0.67 %),0,0,0,0,38460,22.51
07/10/2020,0,0,21.8(-2.68 %),0,0,0,0,0,23.0
08/10/2020,0,0,21.35(-2.06 %),0,0,0,0,38460,22.51
09/10/2020,0,0,21.35(0.00 %),4499130,102580164000,4499130,102580164000,38460,22.51
12/10/2020,-34000,-728160000,21.2(-0.70 %),1494000,34063200000,1528000,34791360000,0,23.0
13/10/2020,-27500,-588180000,21.4(0.94 %),980000,22197000000,1007500,22785180000,0,23.0
14/10/2020,-5871360,-134157201000,22.85(6.78 %),26352001,602143222850,32223361,736300423850,5971320,22.34
15/10/2020,32510,769676500,22.85(0.00 %),1989390,48517548500,1956880,47747872000,5938810,22.34
16/10/2020,26500,606850000,22.65(-0.88 %),5723490,134386410000,5696990,133779560000,8,23.0
19/10/2020,5871360,141997712000,23(1.55 %),6190730,149726466000,319370,7728754000,40950,22.51
20/10/2020,0,0,23.9(3.91 %),1014600,24959160000,1014600,24959160000,0,23.0
21/10/2020,1000,24200000,23.75(-0.63 %),3501000,80198700000,3500000,80174500000,39950,22.51
22/10/2020,0,0,23.95(0.84 %),0,0,0,0,0,23.0
23/10/2020,0,0,24(0.21 %),0,0,0,0,39950,22.51
26/10/2020,0,0,23.35(-2.71 %),0,0,0,0,39950,22.51
27/10/2020,0,0,23.3(-0.21 %),0,0,0,0,0,23.0
28/10/2020,0,0,22.4(-3.86 %),6326719,157535303100,6326719,157535303100,39950,22.51
29/10/2020,0,0,21.8(-2.68 %),0,0,0,0,39950,22.51
30/10/2020,0,0,21.35(-2.06 %),0,0,0,0,39950,22.51
02/11/2020,0,0,21.4(0.23 %),0,0,0,0,0,23.0
03/11/2020,0,0,22(2.80 %),39740,908059000,39740,908059000,39950,22.51
04/11/2020,0,0,22.15(0.68 %),0,0,0,0,0,23.0
05/11/2020,0,0,21.8(-1.58 %),0,0,0,0,0,23.0
06/11/2020,0,0,21.6(-0.92 %),0,0,0,0,39950,22.51
09/11/2020,0,0,22.05(2.08 %),335720,7755130000,335720,7755130000,0,23.0
10/11/2020,0,0,22.1(0.23 %),0,0,0,0,39950,22.51
11/11/2020,0,0,22(-0.45 %),500000,11800000000,500000,11800000000,0,23.0
12/11/2020,0,0,22.3(1.36 %),0,0,0,0,39950,22.51
13/11/2020,0,0,23(3.14 %),400000,9540000000,400000,9540000000,39950,22.51
16/11/2020,0,0,22.9(-0.43 %),0,0,0,0,39950,22.51
17/11/2020,0,0,23.35(1.97 %),376630,9227440000,376630,9227440000,0,23.0
18/11/2020,0,0,23.35(0.00 %),0,0,0,0,39950,22.51
19/11/2020,0,0,23.4(0.21 %),0,0,0,0,39950,22.51
20/11/2020,0,0,23.4(0.00 %),0,0,0,0,0,23.0
23/11/2020,0,0,23.6(0.85 %),0,0,0,0,39950,22.51
24/11/2020,0,0,23.65(0.21 %),0,0,0,0,0,23.0
25/11/2020,0,0,23.6(-0.21 %),0,0,0,0,0,23.0
26/11/2020,0,0,23.6(0.00 %),0,0,0,0,0,22.51
27/11/2020,0,0,23.7(0.42 %),5331340,134616340000,5331340,134616340000,0,23.0
30/11/2020,0,0,24.1(1.69 %),0,0,0,0,0,23.0
01/12/2020,0,0,24.5(1.66 %),0,0,0,0,0,23.0
02/12/2020,0,0,25.1(2.45 %),28680,751420000,28680,751420000,0,23.0
03/12/2020,0,0,25(-0.40 %),0,0,0,0,0,22.51
04/12/2020,0,0,24.8(-0.80 %),0,0,0,0,0,22.51
07/12/2020,0,0,25.05(1.01 %),0,0,0,0,0,23.0
08/12/2020,0,0,25(-0.20 %),0,0,0,0,0,22.51
09/12/2020,0,0,25.75(3.00 %),113800,2943760000,113800,2943760000,0,23.0
10/12/2020,0,0,25.3(-1.75 %),0,0,0,0,0,23.0
11/12/2020,0,0,25.65(1.38 %),0,0,0,0,0,23.0
14/12/2020,0,0,26.2(2.14 %),0,0,0,0,0,23.0
15/12/2020,0,0,26.15(-0.19 %),0,0,0,0,0,23.0
16/12/2020,0,0,27.95(6.88 %),0,0,0,0,0,22.51
17/12/2020,0,0,28.35(1.43 %),0,0,0,0,0,22.51
18/12/2020,0,0,29.2(3.00 %),388520,11772156000,388520,11772156000,0,22.51
21/12/2020,0,0,29.4(0.68 %),0,0,0,0,0,23.0
22/12/2020,0,0,29.2(-0.68 %),0,0,0,0,0,22.51
23/12/2020,0,0,28.7(-1.71 %),2845823,88789680000,2845823,88789680000,0,23.0
24/12/2020,-1497,-416640000,27.95(-2.61 %),0,0,1497,416640000,0,23.0
25/12/2020,0,0,29.55(5.72 %),0,0,0,0,0,22.51
28/12/2020,-9030,-269610000,29.7(0.51 %),0,0,9030,269610000,0,23.0
29/12/2020,-103,-31610000,29.75(0.17 %),6397,1999610000,6500,2031220000,0,23.0
30/12/2020,-150,0,29.9(0.50 %),0,0,150,0,19,22.49
31/12/2020,8980,268944000,31.5(5.35 %),9030,270448500,50,1504500,0,22.48
04/01/2021,0,0,33(4.76 %),0,0,0,0,0,22.46
05/01/2021,1790,586230000,33.05(0.15 %),51050,17975010000,49260,17388780000,69,23.0
06/01/2021,10,3320000,33.2(0.45 %),7610,2689920000,7600,2686600000,19,23.0
07/01/2021,0,0,34.6(4.22 %),0,0,0,0,19,23.0
08/01/2021,0,0,35.7(3.18 %),0,0,0,0,19,23.0
11/01/2021,0,0,35.25(-1.26 %),98320,37509080000,98320,37509080000,19,23.0
12/01/2021,0,0,35.1(-0.43 %),4706,1774160000,4706,1774160000,19,23.0
13/01/2021,0,0,35.15(0.14 %),0,0,0,0,17869,22.49
14/01/2021,0,0,35.75(1.71 %),0,0,0,0,19,23.0
15/01/2021,0,0,36.85(3.08 %),39810,1522732500,39810,1522732500,17869,22.49
18/01/2021,0,0,36.2(-1.76 %),281200,11079280000,281200,11079280000,17869,22.49
19/01/2021,-300,-101400000,33.9(-6.35 %),2300,890100000,2600,991500000,19,23.0
20/01/2021,-420,-144530000,34.5(1.77 %),30340,10998250000,30760,11142780000,19,23.0
21/01/2021,0,0,36.2(4.93 %),0,0,0,0,25069,22.49
22/01/2021,300,109350000,36.3(0.28 %),300,109350000,0,0,19,23.0
25/01/2021,420,150150000,35.8(-1.38 %),420,150150000,0,0,19,23.0
26/01/2021,0,0,35(-2.23 %),11000,4213000000,11000,4213000000,19,23.0
27/01/2021,0,0,33.5(-4.29 %),0,0,0,0,0,23.0
28/01/2021,0,0,31.2(-6.87 %),35840,1283072000,35840,1283072000,17869,22.49
29/01/2021,0,0,32(2.56 %),0,0,0,0,17869,22.49
01/02/2021,0,0,32.2(0.62 %),0,0,0,0,17869,22.49
02/02/2021,0,0,34(5.59 %),8500,2928250000,8500,2928250000,0,23.0
03/02/2021,0,0,35(2.94 %),5800,2108300000,5800,2108300000,0,23.0
04/02/2021,0,0,35(0.00 %),0,0,0,0,0,22.49
05/02/2021,0,0,36.3(3.71 %),150550,5638097500,150550,5638097500,0,22.49
08/02/2021,0,0,35(-3.58 %),0,0,0,0,0,23.0
09/02/2021,0,0,36(2.86 %),0,0,0,0,0,23.0
17/02/2021,0,0,38.4(6.67 %),0,0,0,0,0,22.49
18/02/2021,0,0,38.9(1.30 %),0,0,0,0,0,22.49
19/02/2021,0,0,38.7(-0.51 %),105000,43680000000,105000,43680000000,0,23.0
22/02/2021,-1700,-648700000,38.6(-0.26 %),27680,11459520000,29380,12108220000,0,23.0
23/02/2021,0,0,39.8(3.11 %),0,0,0,0,0,22.49
24/02/2021,0,0,39.1(-1.76 %),300000,12765000000,300000,12765000000,0,22.49
25/02/2021,0,0,39.1(0.00 %),275000,11495000000,275000,11495000000,0,22.49
26/02/2021,0,0,39.25(0.38 %),24527,10252290000,24527,10252290000,0,23.0
01/03/2021,0,0,40.2(2.42 %),8600000,360770000000,8600000,360770000000,0,22.49
02/03/2021,-1270,-516890000,40.3(0.25 %),148800,62304000000,150070,62820890000,0,23.0
03/03/2021,0,0,40.35(0.12 %),29240,12602440000,29240,12602440000,0,23.0
04/03/2021,0,0,39.05(-3.22 %),46490,20060440000,46490,20060440000,0,23.0
05/03/2021,0,0,39.2(0.38 %),1550000,64712500000,1550000,64712500000,0,22.49
08/03/2021,-200,-77400000,38.85(-0.89 %),3500,1466500000,3700,1543900000,0,23.0
09/03/2021,0,0,38.95(0.26 %),202117,83979610000,202117,83979610000,0,23.0
10/03/2021,0,0,39.3(0.90 %),17720,7380380000,17720,7380380000,0,23.0
11/03/2021,0,0,40.15(2.16 %),1746500,73440325000,1746500,73440325000,0,22.49
12/03/2021,0,0,40.05(-0.25 %),131070,56294570000,131070,56294570000,0,23.0
15/03/2021,0,0,40.1(0.12 %),0,0,0,0,0,22.49
16/03/2021,0,0,39.85(-0.62 %),0,0,0,0,0,22.49
17/03/2021,0,0,40.3(0.75 %),0,0,0,0,0,22.49
18/03/2021,0,0,41.95(4.09 %),207740,89535940000,207740,89535940000,0,23.0
19/03/2021,0,0,42(0.12 %),72160,32363760000,72160,32363760000,0,23.0
22/03/2021,0,0,41.3(-1.67 %),0,0,0,0,0,22.49
23/03/2021,0,0,40.45(-2.06 %),36483,16107380000,36483,16107380000,0,23.0
24/03/2021,0,0,39.3(-2.84 %),0,0,0,0,0,22.49
25/03/2021,0,0,39.35(0.13 %),0,0,0,0,0,22.49
26/03/2021,0,0,39.4(0.13 %),0,0,0,0,0,23.0
29/03/2021,0,0,39.55(0.38 %),0,0,0,0,0,23.0
30/03/2021,0,0,40.05(1.26 %),0,0,0,0,0,22.49
31/03/2021,0,0,40.4(0.87 %),197000,8441450000,197000,8441450000,0,22.49
01/04/2021,-1600,-64800000,41(1.49 %),0,0,1600,64800000,0,22.49
02/04/2021,0,0,41.25(0.61 %),0,0,0,0,0,23.0
05/04/2021,0,0,41.5(0.61 %),231200,88780800000,231200,88780800000,0,23.0
06/04/2021,140,58030000,42.2(1.69 %),3140,1390030000,3000,1332000000,80,23.0
07/04/2021,0,0,42.2(0.00 %),0,0,0,0,80,22.49
08/04/2021,0,0,41.95(-0.59 %),0,0,0,0,80,22.49
09/04/2021,0,0,41.6(-0.83 %),100000,4485000000,100000,4485000000,80,22.49
12/04/2021,0,0,42.15(1.32 %),0,0,0,0,80,23.0
13/04/2021,0,0,41.6(-1.30 %),0,0,0,0,80,22.49
14/04/2021,0,0,41.8(0.48 %),0,0,0,0,80,22.49
15/04/2021,0,0,40.9(-2.15 %),0,0,0,0,80,22.49
16/04/2021,0,0,40.45(-1.10 %),1038740,45444875000,1038740,45444875000,80,22.49
19/04/2021,0,0,41.6(2.84 %),2000,865000000,2000,865000000,0,23.0
20/04/2021,0,0,41.15(-1.08 %),4250,1891250000,4250,1891250000,0,23.0
22/04/2021,0,0,39.7(-3.52 %),35000,15400000000,35000,15400000000,0,23.0
23/04/2021,0,0,40.5(2.02 %),0,0,0,0,80,22.49
26/04/2021,0,0,39.45(-2.59 %),0,0,0,0,80,22.49
27/04/2021,0,0,39.5(0.13 %),0,0,0,0,80,22.49
28/04/2021,0,0,39.95(1.14 %),0,0,0,0,0,23.0
29/04/2021,0,0,41(2.63 %),0,0,0,0,0,23.0
04/05/2021,0,0,43.4(5.85 %),2000,877000000,2000,877000000,0,23.0
05/05/2021,-10,-4560000,45.95(5.88 %),0,0,10,4560000,0,23.0
06/05/2021,0,0,47.1(2.50 %),0,0,0,0,0,23.0
07/05/2021,0,0,47.05(-0.11 %),600000,30180000000,600000,30180000000,80,22.49
10/05/2021,0,0,48.1(2.23 %),1367790,68799837000,1367790,68799837000,80,22.49
11/05/2021,0,0,47(-2.29 %),7490,3576030000,7490,3576030000,0,23.0
12/05/2021,0,0,49.25(4.79 %),0,0,0,0,80,22.49
13/05/2021,0,0,48(-2.54 %),545900,28714340000,545900,28714340000,80,22.49
14/05/2021,0,0,48.65(1.35 %),0,0,0,0,0,23.0
17/05/2021,0,0,47.85(-1.64 %),0,0,0,0,0,23.0
18/05/2021,0,0,48.35(1.04 %),0,0,0,0,80,22.49
19/05/2021,0,0,50.1(3.62 %),0,0,0,0,0,23.0
20/05/2021,0,0,50.2(0.20 %),325000,17420000000,325000,17420000000,80,22.49
21/05/2021,0,0,50.8(1.20 %),104140,55923180000,104140,55923180000,0,23.0
24/05/2021,0,0,50.9(0.20 %),100000,5080000000,100000,5080000000,80,22.49
25/05/2021,0,0,51.6(1.38 %),9000,4896000000,9000,4896000000,0,23.0
26/05/2021,0,0,52.8(2.33 %),2000,1104000000,2000,1104000000,0,23.0
27/05/2021,0,0,51.4(-2.65 %),0,0,0,0,80,22.49
28/05/2021,-5710,-2992040000,53(3.11 %),0,0,5710,2992040000,0,23.0
31/05/2021,0,0,53.7(1.32 %),0,0,0,0,57180,22.49
01/06/2021,0,0,53.1(-1.12 %),0,0,0,0,57180,22.49
02/06/2021,-7900,-415690000,52.8(-0.56 %),139600,7893790000,147500,8309480000,65080,22.49
03/06/2021,-760,-409570000,54.8(3.79 %),171300,96613200000,172060,97022770000,0,23.0
04/06/2021,-1220,-664460000,54.6(-0.36 %),0,0,1220,664460000,0,23.0
07/06/2021,-10000,-522370000,52.4(-4.03 %),1117000,65141000000,1127000,65663370000,94880,22.49
08/06/2021,-970,-499080000,49.5(-5.53 %),60470,33835080000,61440,34334160000,0,23.0
09/06/2021,6500,322915000,50.8(2.63 %),12200,606340000,5700,283425000,98080,22.49
10/06/2021,-5100,-257970000,50.1(-1.38 %),113000,6135900000,118100,6393870000,103180,22.49
11/06/2021,1730,873650000,52.6(4.99 %),75730,40537650000,74000,39664000000,0,23.0
14/06/2021,570,300390000,52.7(0.19 %),73336,41194880000,72766,40894490000,0,23.0
15/06/2021,510,268260000,52.3(-0.76 %),7500,4203630000,6990,3935370000,0,23.0
16/06/2021,0,0,50.7(-3.06 %),0,0,0,0,75080,22.49
17/06/2021,-800,-40080000,50.2(-0.99 %),0,0,800,40080000,75880,22.49
18/06/2021,0,0,51(1.59 %),0,0,0,0,75880,22.49
21/06/2021,-10900,-547870000,50.4(-1.18 %),0,0,10900,547870000,86780,22.49
22/06/2021,700,35560000,50.9(0.99 %),489500,26381880000,488800,26346320000,86080,22.49
23/06/2021,0,0,51.1(0.39 %),2200,1196800000,2200,1196800000,0,23.0
24/06/2021,10900,559170000,50.9(-0.39 %),50900,2743170000,40000,2184000000,75180,22.49
25/06/2021,0,0,51.6(1.38 %),22500,1224000000,22500,1224000000,75180,22.49
28/06/2021,0,0,53.6(3.88 %),0,0,0,0,75180,22.49
29/06/2021,0,0,53.5(-0.19 %),196000,11230800000,196000,11230800000,75180,22.49
30/06/2021,0,0,52.7(-1.50 %),0,0,0,0,75180,22.49
01/07/2021,0,0,53.3(1.14 %),0,0,0,0,75180,22.49
02/07/2021,0,0,54.3(1.88 %),2483,1415310000,2483,1415310000,0,23.0
05/07/2021,0,0,58(6.81 %),46580,27062980000,46580,27062980000,0,23.0
06/07/2021,0,0,54(-6.90 %),102265,63404300000,102265,63404300000,0,23.0
07/07/2021,0,0,56.6(4.81 %),163856,94544910000,163856,94544910000,0,23.0
08/07/2021,0,0,56.6(0.00 %),51280,31024400000,51280,31024400000,0,23.0
09/07/2021,0,0,56.6(0.00 %),0,0,0,0,75180,22.49
12/07/2021,-2000,-106650000,53.5(-5.48 %),2100900,127104450000,2102900,127211100000,77180,22.49
13/07/2021,0,0,53.9(0.75 %),1300000,74360000000,1300000,74360000000,77180,22.49
14/07/2021,0,0,51(-5.38 %),172030,99089280000,172030,99089280000,0,23.0
15/07/2021,0,0,52.1(2.16 %),196080,106863600000,196080,106863600000,0,23.0
16/07/2021,0,0,51.6(-0.96 %),0,0,0,0,0,23.0
19/07/2021,0,0,48(-6.98 %),20000,11040000000,20000,11040000000,0,23.0
20/07/2021,-10,-4800000,49.5(3.12 %),18360,9418680000,18370,9423480000,0,23.0
21/07/2021,0,0,50.3(1.62 %),0,0,0,0,77280,22.49
22/07/2021,0,0,51.1(1.59 %),227700,12250260000,227700,12250260000,77280,22.49
23/07/2021,-2200,-110440000,49.5(-3.13 %),0,0,2200,110440000,79480,22.49
26/07/2021,0,0,49(-1.01 %),0,0,0,0,79480,22.49
27/07/2021,0,0,49.75(1.53 %),1151400,60333360000,1151400,60333360000,79480,22.49
28/07/2021,220,109450000,49.7(-0.10 %),220,109450000,0,0,0,23.0
29/07/2021,0,0,50.6(1.81 %),218200,11586420000,218200,11586420000,77280,22.49
30/07/2021,0,0,51.1(0.99 %),438000,23695800000,438000,23695800000,77280,22.49
02/08/2021,0,0,50.8(-0.59 %),0,0,0,0,77280,22.49
03/08/2021,0,0,51.8(1.97 %),0,0,0,0,77280,22.49
04/08/2021,0,0,52(0.39 %),0,0,0,0,77280,22.49
05/08/2021,0,0,52.5(0.96 %),0,0,0,0,77280,22.49
06/08/2021,0,0,51.8(-1.33 %),0,0,0,0,77280,22.49
09/08/2021,0,0,52.5(1.35 %),0,0,0,0,77280,22.49
10/08/2021,0,0,52.3(-0.38 %),0,0,0,0,77280,22.49
11/08/2021,0,0,52.3(0.00 %),960000,53664000000,960000,53664000000,77280,22.49
12/08/2021,0,0,52(-0.57 %),0,0,0,0,77280,22.49
13/08/2021,0,0,52.2(0.38 %),567300,31091880000,567300,31091880000,77280,22.49
16/08/2021,0,0,54(3.45 %),200000,11160000000,200000,11160000000,77280,22.49
17/08/2021,0,0,53.3(-1.30 %),1530800,88327160000,1530800,88327160000,77280,22.49
18/08/2021,-2600,-138030000,52.8(-0.94 %),1414600,79832200000,1417200,79970230000,79880,22.49
19/08/2021,0,0,53(0.38 %),0,0,0,0,79880,22.49
20/08/2021,0,0,50.5(-4.72 %),0,0,0,0,79880,22.49
23/08/2021,2600,130780000,48.75(-3.47 %),176000,9494380000,173400,9363600000,77280,22.49
24/08/2021,-3600,-175695000,49(0.51 %),0,0,3600,175695000,80880,22.49
25/08/2021,0,0,49.15(-9.98 %),0,0,0,0,80880,22.49
26/08/2021,0,0,48.3(-1.73 %),60000,3150000000,60000,3150000000,80880,22.49
27/08/2021,3600,172080000,48.05(-0.52 %),3600,172080000,0,0,77280,22.49
30/08/2021,0,0,49.2(2.39 %),0,0,0,0,77280,22.49
31/08/2021,0,0,48.5(-1.42 %),0,0,0,0,77280,22.49
01/09/2021,0,0,48.3(-0.41 %),0,0,0,0,77280,22.49
06/09/2021,0,0,48.95(1.35 %),0,0,0,0,77280,22.49
07/09/2021,0,0,49.65(1.43 %),0,0,0,0,77280,22.49
08/09/2021,0,0,48.8(-1.71 %),0,0,0,0,77280,22.49
09/09/2021,0,0,49.3(1.02 %),0,0,0,0,77280,22.49
10/09/2021,0,0,49.3(0.00 %),0,0,0,0,77280,22.49
13/09/2021,0,0,48.95(-0.71 %),0,0,0,0,77280,22.49
14/09/2021,0,0,48.5(-0.92 %),0,0,0,0,77280,22.49
15/09/2021,0,0,48.4(-0.21 %),0,0,0,0,77280,22.49
16/09/2021,0,0,49.1(1.45 %),0,0,0,0,77280,22.49
17/09/2021,0,0,49.75(1.32 %),0,0,0,0,77280,22.49
20/09/2021,0,0,50.7(1.91 %),0,0,0,0,77280,22.49
21/09/2021,0,0,50.4(-0.59 %),331900,17988980000,331900,17988980000,77280,22.49
22/09/2021,0,0,50.5(0.20 %),0,0,0,0,77280,22.49
23/09/2021,0,0,50.2(-0.59 %),0,0,0,0,77280,22.49
24/09/2021,0,0,50.6(0.80 %),0,0,0,0,77280,22.49
27/09/2021,0,0,49.5(-2.17 %),0,0,0,0,77280,22.49
28/09/2021,0,0,49.8(0.61 %),0,0,0,0,77280,22.49
29/09/2021,0,0,49.4(-0.80 %),0,0,0,0,77280,22.49
30/09/2021,0,0,49.6(0.40 %),0,0,0,0,77280,22.49
01/10/2021,-400,-19840000,49(-1.21 %),20000,1060000000,20400,1079840000,77680,22.49
04/10/2021,0,0,48.35(-1.33 %),0,0,0,0,77680,22.49
05/10/2021,0,0,49.1(1.55 %),0,0,0,0,77680,22.49
06/10/2021,400,19780000,50.3(2.44 %),3833410,201252805000,3833010,201233025000,77280,0.0
07/10/2021,0,0,50(-0.60 %),43000,2313400000,43000,2313400000,77280,0.0
08/10/2021,-43000,-2170760000,50.7(1.40 %),80000,4280000000,123000,6450760000,120280,0.0
11/10/2021,0,0,53(4.54 %),0,0,0,0,120280,0.0
12/10/2021,-43000,-2276660000,53(0.00 %),0,0,43000,2276660000,163280,0.0
13/10/2021,0,0,52.4(-1.13 %),916500,51965550000,916500,51965550000,163280,0.0
14/10/2021,0,0,52.5(0.19 %),71000,3976000000,71000,3976000000,163280,0.0
15/10/2021,0,0,52.6(0.19 %),0,0,0,0,163280,0.0
18/10/2021,0,0,52.9(0.57 %),20000,1124000000,20000,1124000000,163280,0.0
19/10/2021,0,0,52.7(-0.38 %),35000,1981000000,35000,1981000000,163280,0.0
20/10/2021,0,0,53.2(0.95 %),0,0,0,0,163280,0.0
21/10/2021,0,0,52.9(-0.56 %),50000,2845000000,50000,2845000000,163280,0.0
22/10/2021,0,0,52.3(-1.13 %),0,0,0,0,163280,0.0
25/10/2021,81600,4561440000,50.9(-2.68 %),486910,27218269000,405310,22656829000,81680,0.0
26/10/2021,0,0,51(0.20 %),0,0,0,0,81680,0.0
27/10/2021,0,0,51.5(0.98 %),0,0,0,0,81680,0.0
28/10/2021,0,0,51.8(0.58 %),0,0,0,0,81680,22.51
29/10/2021,0,0,51.6(-0.39 %),0,0,0,0,81680,22.51
01/11/2021,0,0,51.6(0.00 %),0,0,0,0,80,22.51
02/11/2021,0,0,51.6(0.00 %),0,0,0,0,80,22.51
03/11/2021,0,0,53.7(4.07 %),0,0,0,0,80,22.51
04/11/2021,0,0,53.3(-0.74 %),0,0,0,0,80,0.0
05/11/2021,0,0,53(-0.56 %),0,0,0,0,80,22.47
08/11/2021,0,0,52.6(-0.75 %),0,0,0,0,80,22.47
09/11/2021,0,0,52.3(-0.57 %),0,0,0,0,80,22.47
10/11/2021,0,0,51.7(-1.15 %),0,0,0,0,80,22.47
11/11/2021,0,0,51.5(-0.39 %),0,0,0,0,80,22.47
12/11/2021,0,0,52.5(1.94 %),0,0,0,0,80,22.47
15/11/2021,0,0,52(-0.95 %),0,0,0,0,80,22.47
16/11/2021,0,0,52(0.00 %),0,0,0,0,80,22.47
17/11/2021,0,0,52.2(0.38 %),0,0,0,0,80,22.47
18/11/2021,0,0,51.5(-1.34 %),0,0,0,0,80,22.47
19/11/2021,0,0,52.3(1.55 %),532900,29362790000,532900,29362790000,80,0.0
22/11/2021,0,0,53.1(1.53 %),0,0,0,0,80,22.47
23/11/2021,0,0,52.6(-0.94 %),50000,2840000000,50000,2840000000,80,0.0
24/11/2021,0,0,55.5(5.51 %),0,0,0,0,80,22.47
25/11/2021,0,0,54.9(-1.08 %),2600000,154180000000,2600000,154180000000,80,0.0
26/11/2021,0,0,54(-1.64 %),0,0,0,0,80,0.0
29/11/2021,0,0,52.3(-3.15 %),0,0,0,0,80,22.47
30/11/2021,0,0,51.8(-0.96 %),0,0,0,0,80,22.47
01/12/2021,0,0,52.4(1.16 %),0,0,0,0,80,22.47
02/12/2021,0,0,51.7(-1.34 %),289900,16234400000,289900,16234400000,80,0.0
03/12/2021,0,0,50.2(-2.90 %),487400,26953220000,487400,26953220000,80,0.0
06/12/2021,0,0,49(-2.39 %),50000,2685000000,50000,2685000000,80,0.0
07/12/2021,0,0,50(2.04 %),50000,2620000000,50000,2620000000,80,0.0
08/12/2021,0,0,50(0.00 %),0,0,0,0,80,22.47
09/12/2021,0,0,50.4(0.80 %),350600,18757100000,350600,18757100000,80,0.0
10/12/2021,0,0,50.2(-0.40 %),0,0,0,0,80,22.47
13/12/2021,0,0,50(-0.40 %),0,0,0,0,80,22.47
14/12/2021,0,0,50.1(0.20 %),400000,21400000000,400000,21400000000,80,0.0
15/12/2021,0,0,50.2(0.20 %),0,0,0,0,80,22.03
16/12/2021,0,0,49.85(-0.70 %),0,0,0,0,80,22.03
17/12/2021,0,0,49.85(0.00 %),2832400,150966920000,2832400,150966920000,80,0.0
20/12/2021,0,0,49.5(-0.70 %),0,0,0,0,80,22.03
21/12/2021,0,0,49.25(-0.51 %),325600,17224240000,325600,17224240000,80,0.0
22/12/2021,0,0,48.9(-0.81 %),0,0,0,0,80,22.03
23/12/2021,0,0,47.35(-3.17 %),0,0,0,0,80,0.0
24/12/2021,0,0,48.9(3.16 %),0,0,0,0,80,22.03
27/12/2021,0,0,48.85(-0.10 %),0,0,0,0,0,22.47
28/12/2021,0,0,49.15(0.51 %),0,0,0,0,0,22.03
29/12/2021,0,0,49.1(-0.20 %),0,0,0,0,0,22.47
30/12/2021,0,0,49.3(0.41 %),0,0,0,0,0,22.47
31/12/2021,0,0,50(1.42 %),0,0,0,0,0,22.47
04/01/2022,0,0,50.9(1.80 %),0,0,0,0,0,22.47
05/01/2022,0,0,50.5(-0.79 %),0,0,0,0,0,22.47
06/01/2022,0,0,49.9(-1.19 %),0,0,0,0,0,22.47
07/01/2022,0,0,49.45(-0.90 %),148000,7888400000,148000,7888400000,0,22.47
10/01/2022,0,0,48.65(-1.72 %),0,0,0,0,0,22.47
11/01/2022,0,0,48.45(-0.51 %),0,0,0,0,0,22.47
12/01/2022,0,0,50.4(3.92 %),0,0,0,0,0,22.47
13/01/2022,-13500,-685750000,50.5(0.20 %),0,0,13500,685750000,0,22.47
14/01/2022,0,0,49.75(-1.49 %),94600,5108400000,94600,5108400000,0,22.47
17/01/2022,0,0,48.6(-2.31 %),48700,2590840000,48700,2590840000,0,22.47
18/01/2022,13500,656100000,48.75(0.31 %),13500,656100000,0,0,-13500,22.47
19/01/2022,0,0,48.8(0.00 %),170000,8857000000,170000,8857000000,-13500,22.47
20/01/2022,0,0,48.95(0.10 %),700000,35183200000,700000,35183200000,-13530,22.47
21/01/2022,0,0,49.8(1.84 %),70000,3654000000,70000,3654000000,-13530,22.47
24/01/2022,0,0,50.3(1.00 %),0,0,0,0,0,22.47
25/01/2022,0,0,51.9(3.18 %),0,0,0,0,0,22.47
26/01/2022,0,0,52.4(0.96 %),0,0,0,0,0,22.47
27/01/2022,0,0,51.9(-0.95 %),0,0,0,0,0,22.47
28/01/2022,-7100,-368320000,52.8(1.73 %),0,0,7100,368320000,-13540,22.47
07/02/2022,0,0,52.8(0.00 %),650400,36682560000,650400,36682560000,-13540,22.47
08/02/2022,0,0,53.8(1.89 %),113500,6401400000,113500,6401400000,-6440,22.47
09/02/2022,0,0,53.6(-0.37 %),0,0,0,0,-6440,22.47
10/02/2022,0,0,53.6(0.00 %),0,0,0,0,0,22.47
11/02/2022,0,0,53.7(0.19 %),0,0,0,0,-6440,22.47
14/02/2022,0,0,51.5(-4.10 %),0,0,0,0,-6440,22.47
15/02/2022,0,0,51.8(0.58 %),753500,41517850000,753500,41517850000,-6440,22.47
16/02/2022,0,0,51.6(-0.39 %),0,0,0,0,-6440,22.47
17/02/2022,0,0,52.2(1.16 %),0,0,0,0,-6440,22.47
18/02/2022,0,0,51.6(-1.15 %),0,0,0,0,-6430,22.47
21/02/2022,0,0,51.5(-0.19 %),0,0,0,0,-6430,22.47
22/02/2022,0,0,51.4(-0.19 %),0,0,0,0,-6430,22.47
23/02/2022,0,0,51.7(0.58 %),0,0,0,0,-6430,22.47
24/02/2022,0,0,50.5(-2.32 %),0,0,0,0,-6430,22.47
25/02/2022,0,0,50.7(0.40 %),0,0,0,0,-6430,22.47
28/02/2022,0,0,50.4(-0.59 %),0,0,0,0,-6430,22.47
01/03/2022,0,0,50.3(-0.20 %),105000,5659500000,105000,5659500000,-6430,22.47
02/03/2022,0,0,49.2(-2.19 %),456500,24559700000,456500,24559700000,-6390,22.47
03/03/2022,0,0,49.65(0.91 %),0,0,0,0,-6390,22.47
04/03/2022,0,0,49.95(0.50 %),0,0,0,0,-6390,22.47
07/03/2022,0,0,49.25(-1.50 %),0,0,0,0,-6390,22.47
08/03/2022,0,0,49(-0.61 %),0,0,0,0,-6390,22.47
09/03/2022,0,0,49.1(0.20 %),424670,22252708000,424670,22252708000,-6390,22.47
10/03/2022,0,0,49.25(0.31 %),0,0,0,0,-6390,22.47
11/03/2022,0,0,48.9(-0.81 %),200000,10520000000,200000,10520000000,-6390,22.47
14/03/2022,0,0,48.5(-0.82 %),0,0,0,0,-6390,22.47
15/03/2022,0,0,48.6(0.21 %),0,0,0,0,-6390,22.47
16/03/2022,0,0,49.05(0.93 %),0,0,0,0,-6390,22.47
17/03/2022,0,0,49(-0.20 %),600000,30720000000,600000,30720000000,-6390,22.47
18/03/2022,0,0,49.2(0.41 %),0,0,0,0,-6390,22.47
21/03/2022,0,0,49.45(0.51 %),0,0,0,0,-6390,22.47
22/03/2022,0,0,49.9(0.81 %),894800,46314920000,894800,46314920000,-6390,22.47
23/03/2022,0,0,49.6(-0.60 %),139200,7419360000,139200,7419360000,-6390,22.47
24/03/2022,0,0,49.3(-0.60 %),300000,15900000000,300000,15900000000,-6390,22.47
25/03/2022,0,0,49.25(-0.10 %),916000,48273200000,916000,48273200000,-6390,22.47
28/03/2022,0,0,48.8(-1.01 %),0,0,0,0,-6390,22.47
29/03/2022,0,0,48.9(0.20 %),100000,5220000000,100000,5220000000,0,22.47
30/03/2022,0,0,49.15(0.51 %),87300,4565790000,87300,4565790000,0,22.47
31/03/2022,0,0,49.55(0.71 %),0,0,0,0,0,22.47
01/04/2022,0,0,50.3(1.41 %),0,0,0,0,-6390,22.47
04/04/2022,0,0,49.65(-1.29 %),0,0,0,0,-6390,22.47
05/04/2022,0,0,49.05(-1.31 %),0,0,0,0,-6390,22.47
06/04/2022,0,0,49.9(1.63 %),0,0,0,0,-6390,22.47
07/04/2022,0,0,49.3(-1.20 %),0,0,0,0,0,22.03
08/04/2022,0,0,48.85(-0.91 %),0,0,0,0,-6390,22.47
12/04/2022,0,0,48(-1.74 %),0,0,0,0,0,21.99
13/04/2022,0,0,48(0.00 %),0,0,0,0,-6390,22.47
14/04/2022,0,0,47.3(-1.46 %),0,0,0,0,-6390,22.47
15/04/2022,0,0,45.6(-3.59 %),600000,0,600000,0,0,22.47
18/04/2022,0,0,44.85(-1.64 %),750500,36586875000,750500,36586875000,-6390,22.47
19/04/2022,0,0,43.7(-2.67 %),760000,36442000000,760000,36442000000,0,22.47
20/04/2022,0,0,43.05(-1.49 %),0,0,0,0,0,22.03
21/04/2022,0,0,43.6(1.16 %),0,0,0,0,0,22.47
22/04/2022,0,0,44.1(1.15 %),0,0,0,0,0,22.47
25/04/2022,0,0,41.05(-6.92 %),11268700,531319205000,11268700,531319205000,0,22.47
26/04/2022,0,0,41.5(0.97 %),838520,36811028000,838520,36811028000,0,22.47
27/04/2022,0,0,41.6(0.24 %),0,0,0,0,0,22.47
28/04/2022,0,0,42.3(1.68 %),0,0,0,0,-6450,22.47
29/04/2022,0,0,44(4.02 %),465300,21054825000,465300,21054825000,-6450,22.47
04/05/2022,0,0,42(-4.55 %),1633400,76851470000,1633400,76851470000,-6450,22.47
05/05/2022,0,0,42.6(1.43 %),0,0,0,0,0,22.03
06/05/2022,0,0,41.5(-2.58 %),200000,9110000000,200000,9110000000,-6450,22.47
09/05/2022,0,0,38.6(-6.99 %),7851100,348588840000,7851100,348588840000,-6450,22.47
10/05/2022,0,0,38.7(0.26 %),0,0,0,0,-6450,22.47
11/05/2022,0,0,39(0.78 %),0,0,0,0,0,22.03
12/05/2022,0,0,36.3(-6.92 %),0,0,0,0,0,22.03
13/05/2022,0,0,33.8(-6.89 %),1717200,66627360000,1717200,66627360000,-6450,22.47
16/05/2022,0,0,32.6(-3.55 %),500000,16300000000,500000,16300000000,-6450,22.47
17/05/2022,0,0,34.85(6.90 %),117300,4087905000,117300,4087905000,0,22.47
18/05/2022,0,0,36.05(3.30 %),0,4087905000,0,4087905000,0,22.47
19/05/2022,-4000,-143200000,35.8(-0.83 %),823600,29484880000,827600,29628080000,0,22.47
20/05/2022,0,0,35.7(-0.28 %),50000,1785000000,50000,1785000000,0,22.47
23/05/2022,0,0,34.85(-2.38 %),80000,2788000000,80000,2788000000,-2450,22.47
24/05/2022,0,0,35.25(1.00 %),0,2788000000,0,2788000000,-2450,22.47
25/05/2022,0,0,36.5(3.40 %),0,2788000000,0,2788000000,-2450,22.47
26/05/2022,0,0,36.7(0.55 %),0,2788000000,0,2788000000,-2450,22.47
27/05/2022,0,0,37.45(2.04 %),0,2788000000,0,2788000000,-2450,22.47
30/05/2022,0,0,37.75(0.67 %),698500,26368375000,698500,26368375000,-2450,22.47
31/05/2022,0,0,37.15(-1.72 %),0,26368375000,0,26368375000,-2450,22.47
01/06/2022,0,0,36.85(-0.94 %),0,26368375000,0,26368375000,0,22.47
02/06/2022,0,0,36.4(-1.36 %),181600,6610240000,181600,6610240000,0,22.47
03/06/2022,0,0,36.45(0.14 %),0,6610240000,0,6610240000,-2450,22.47
06/06/2022,0,0,36.05(-1.23 %),0,0,0,0,-2450,22.47
07/06/2022,0,0,36.2(0.28 %),0,6610240000,0,6610240000,-2450,22.47
08/06/2022,-15400,-573650000,37.25(2.90 %),0,0,15400,573650000,-2450,22.47
09/06/2022,0,-573650000,37.4(0.27 %),0,0,0,573650000,-2450,22.47
10/06/2022,0,-573650000,37.95(1.47 %),0,0,0,573650000,12950,22.47
13/06/2022,12900,464400000,36(-5.26 %),142600,5133600000,129700,4669200000,0,22.47
14/06/2022,0,0,35.75(-0.69 %),50000,1787500000,50000,1787500000,0,22.47
15/06/2022,0,0,35.7(-0.28 %),20000,714000000,20000,714000000,0,22.47
16/06/2022,0,0,36.05(0.98 %),0,714000000,0,714000000,0,22.47
17/06/2022,0,0,34.5(-4.43 %),994700,34317150000,994700,34317150000,0,22.47
20/06/2022,0,0,33(-4.35 %),20000,738000000,20000,738000000,0,22.47
21/06/2022,0,0,33(0.00 %),0,660000000,0,660000000,0,22.47
22/06/2022,0,0,34.8(5.45 %),0,660000000,0,660000000,0,22.47
23/06/2022,0,0,35.95(3.30 %),0,660000000,0,660000000,0,22.47
24/06/2022,0,0,35.5(-1.39 %),0,660000000,0,660000000,0,22.47
27/06/2022,0,0,35.55(0.14 %),0,0,0,0,0,22.47
28/06/2022,0,0,36.7(3.09 %),0,660000000,0,660000000,0,22.47
29/06/2022,0,0,36.75(0.14 %),0,0,0,0,0,22.47
30/06/2022,0,0,35.55(-3.40 %),282500,10042875000,282500,10042875000,0,22.47
01/07/2022,0,0,36(1.12 %),0,10042875000,0,10042875000,0,22.47
04/07/2022,0,0,36.35(0.97 %),0,10042875000,0,10042875000,0,22.03
05/07/2022,0,0,37.75(3.71 %),0,10042875000,0,10042875000,0,22.47
06/07/2022,-20000,-752000000,37.6(-0.53 %),0,0,20000,752000000,0,22.47
07/07/2022,0,-752000000,37.8(0.53 %),0,0,0,752000000,0,22.47
08/07/2022,0,0,37.55(-0.66 %),560000,37024000000,560000,37024000000,0,22.03
11/07/2022,0,0,35.6(-5.32 %),1040000,37024000000,1040000,37024000000,0,22.47
12/07/2022,0,0,36.1(1.40 %),2608480,94166128000,2608480,94166128000,0,22.47
13/07/2022,-13300,-480130000,36.1(0.00 %),0,0,13300,480130000,0,22.47
14/07/2022,0,-480130000,35.95(-0.42 %),0,0,0,480130000,0,22.47
15/07/2022,0,-480130000,36.1(0.28 %),0,0,0,480130000,13300,22.47
18/07/2022,13300,482790000,36.3(0.55 %),13300,482790000,0,0,0,22.47
19/07/2022,0,482790000,36.1(-0.55 %),0,482790000,0,0,0,22.47
20/07/2022,0,482790000,36.3(0.55 %),0,482790000,0,0,0,22.47
21/07/2022,0,482790000,36.85(1.52 %),0,482790000,0,0,0,22.47
22/07/2022,0,482790000,37.1(0.54 %),0,482790000,0,0,0,22.47
25/07/2022,0,482790000,36.8(-0.81 %),0,482790000,0,0,0,22.47
26/07/2022,0,482790000,36.6(-0.54 %),0,482790000,0,0,0,22.47
27/07/2022,0,482790000,36.6(0.00 %),0,482790000,0,0,0,22.47
28/07/2022,0,482790000,37.3(1.91 %),0,482790000,0,0,0,22.47
29/07/2022,0,482790000,37.9(1.61 %),0,482790000,0,0,0,22.47
01/08/2022,0,482790000,38.6(1.85 %),0,482790000,0,0,0,22.47
02/08/2022,0,482790000,38.3(-0.78 %),0,482790000,0,0,0,22.47
03/08/2022,0,0,38.15(-0.39 %),500000,19075000000,500000,19075000000,0,22.47
04/08/2022,0,0,38.4(0.52 %),60000,2304000000,60000,2304000000,0,22.47
05/08/2022,0,0,38.4(0.00 %),0,2304000000,0,2304000000,0,22.47
08/08/2022,0,0,39.2(2.08 %),362700,14217840000,362700,14217840000,0,22.47
09/08/2022,0,0,39.15(-0.13 %),125000,4893750000,125000,4893750000,0,22.47
10/08/2022,0,0,38.8(-1.02 %),0,4893750000,0,4893750000,0,22.47
11/08/2022,0,0,38.5(-0.77 %),0,4893750000,0,4893750000,0,22.47
12/08/2022,0,0,38.8(0.78 %),0,4893750000,0,4893750000,0,22.47
15/08/2022,0,0,39.1(0.77 %),0,4893750000,0,4893750000,0,22.47
16/08/2022,0,0,39(-0.26 %),0,4893750000,0,4893750000,0,22.47
17/08/2022,0,0,39.3(0.77 %),0,4893750000,0,4893750000,0,22.47
18/08/2022,0,0,39.1(-0.51 %),0,4893750000,0,4893750000,0,22.47
19/08/2022,0,0,39(-0.26 %),55000,2145000000,55000,2145000000,0,22.47
22/08/2022,0,0,38.7(-0.77 %),0,2145000000,0,2145000000,0,22.47
23/08/2022,0,0,38.8(0.26 %),50000,1940000000,50000,1940000000,0,22.47
24/08/2022,0,0,39.25(1.16 %),0,1940000000,0,1940000000,0,22.47
25/08/2022,0,0,39.55(0.64 %),0,1940000000,0,1940000000,0,22.47
26/08/2022,0,0,39.5(-0.25 %),0,1940000000,0,1940000000,0,22.47
29/08/2022,0,0,38.75(-1.90 %),0,1940000000,0,1940000000,0,22.47
30/08/2022,0,0,38.75(-0.13 %),0,1940000000,0,1940000000,0,22.47
31/08/2022,0,0,38.95(0.39 %),66400,2586280000,66400,2586280000,0,22.47
05/09/2022,-10100,-389860000,38.6(-1.03 %),0,0,10100,389860000,0,22.47
06/09/2022,0,-389860000,38.65(0.13 %),0,0,0,389860000,0,22.47
07/09/2022,0,-389860000,37.55(-2.97 %),0,0,0,389860000,10100,22.47
08/09/2022,10100,377740000,37.4(-0.53 %),10100,377740000,0,0,0,22.47
09/09/2022,0,377740000,37.65(0.67 %),0,377740000,0,0,0,22.47
12/09/2022,-130,377740000,37.5(-0.53 %),0,377740000,130,0,0,22.47
13/09/2022,0,377740000,37.3(-0.53 %),0,377740000,0,0,0,22.47
14/09/2022,0,377740000,36.8(-1.34 %),445900,377740000,445900,0,130,22.47
15/09/2022,130,0,36.6(-0.54 %),130,16409120000,0,16409120000,0,22.47
16/09/2022,0,0,36(-1.64 %),20000,720000000,20000,720000000,0,22.47
19/09/2022,0,0,35.05(-2.64 %),0,720000000,0,720000000,0,21.99
20/09/2022,0,0,35.05(-0.14 %),90000,3154500000,90000,3154500000,0,22.47
21/09/2022,0,0,34.5(-1.71 %),0,3154500000,0,3154500000,0,22.47
22/09/2022,0,0,34.55(0.14 %),0,3154500000,0,3154500000,0,22.47
23/09/2022,-5000,-171000000,34.2(-1.16 %),1200000,41040000000,1205000,41211000000,0,22.47
26/09/2022,0,0,33.25(-2.78 %),1000000,33250000000,1000000,33250000000,0,22.47
27/09/2022,0,0,33.5(0.60 %),1262147,42281924500,1262147,42281924500,5000,22.47
28/09/2022,5000,166250000,33.25(-0.75 %),5000,166250000,0,0,0,22.47
29/09/2022,0,0,33(-0.90 %),1480000,48840000000,1480000,48840000000,-452908,22.49
30/09/2022,0,0,32.5(-1.52 %),500000,16250000000,500000,16250000000,0,22.46
03/10/2022,0,0,30.25(-6.92 %),3454840,104508910000,3454840,104508910000,0,22.46
04/10/2022,0,0,30.3(0.00 %),295300,8947590000,295300,8947590000,0,22.46
05/10/2022,0,0,30.5(0.66 %),0,8947590000,0,8947590000,0,22.46
06/10/2022,0,0,29.3(-3.93 %),1000000,29300000000,1000000,29300000000,0,22.46
07/10/2022,0,0,27.25(-7.00 %),12390070,337629407500,12390070,337629407500,0,22.46
10/10/2022,-100,-2580000,25.8(-5.49 %),6467900,166871820000,6468000,166874400000,0,22.46
11/10/2022,-12900,-309600000,24(-6.98 %),5900000,141600000000,5912900,141909600000,0,22.46
12/10/2022,0,-309600000,24.8(3.33 %),0,141600000000,0,141909600000,100,22.46
13/10/2022,100,2530000,25.3(2.02 %),1299100,32867230000,1299000,32864700000,12900,22.46
14/10/2022,12900,331530000,25.7(1.58 %),12900,331530000,0,0,0,22.46
17/10/2022,0,0,25.1(-2.33 %),1922900,48264790000,1922900,48264790000,0,22.46
18/10/2022,0,0,25.3(0.80 %),120000,3036000000,120000,3036000000,0,22.46
19/10/2022,0,0,25.2(-0.40 %),0,0,0,0,0,22.02
20/10/2022,0,0,24.6(-2.38 %),0,0,0,0,0,22.02
21/10/2022,0,0,22.9(-6.91 %),0,0,0,0,0,22.02
24/10/2022,0,0,21.3(-6.99 %),0,0,0,0,0,22.02
25/10/2022,0,0,21.3(0.00 %),0,0,0,0,0,22.02
26/10/2022,0,0,21.4(0.47 %),0,0,0,0,0,22.02
27/10/2022,0,0,22.85(6.78 %),0,0,0,0,0,22.46
28/10/2022,0,0,24.4(6.55 %),1209530,29512532000,1209530,29512532000,0,22.46
31/10/2022,0,0,24.6(0.82 %),0,29512532000,0,29512532000,0,22.46
01/11/2022,0,0,25.65(4.27 %),36000,923400000,36000,923400000,0,22.46
02/11/2022,0,0,25.2(-1.95 %),2701500,68077800000,2701500,68077800000,0,22.46
03/11/2022,0,0,25.85(2.58 %),0,68077800000,0,68077800000,0,22.46
04/11/2022,0,0,25.5(-1.54 %),4783800,121986900000,4783800,121986900000,0,22.46
07/11/2022,-3800,-90250000,23.75(-6.86 %),3020000,71725000000,3023800,71815250000,0,22.46
08/11/2022,0,-90250000,24.15(1.47 %),0,71725000000,0,71815250000,0,22.46
09/11/2022,0,-90250000,24.35(0.62 %),0,71725000000,0,71815250000,3800,22.46
10/11/2022,3800,86450000,22.75(-6.76 %),6438407,146473759250,6434607,146387309250,0,22.46
11/11/2022,0,86450000,22.8(0.00 %),0,146473759250,0,146387309250,0,22.46
14/11/2022,0,86450000,22.2(-2.63 %),0,146473759250,0,146387309250,0,22.46
15/11/2022,-10000,-207000000,20.7(-6.76 %),0,0,10000,207000000,0,22.46
16/11/2022,0,0,22.1(6.76 %),4267800,94318380000,4267800,94318380000,0,22.46
17/11/2022,0,0,22.95(3.85 %),0,94318380000,0,94318380000,10000,22.46
18/11/2022,10000,227000000,22.7(-1.30 %),10000,227000000,0,0,0,22.46
21/11/2022,0,227000000,22.25(-1.98 %),0,227000000,0,0,0,22.46
22/11/2022,0,227000000,21.85(-2.02 %),0,227000000,0,0,0,22.46
23/11/2022,0,0,22(0.46 %),90000,1980000000,90000,1980000000,0,22.46
24/11/2022,0,0,22.15(0.68 %),20000,443000000,20000,443000000,0,22.46
25/11/2022,0,0,23(3.60 %),563100,12951300000,563100,12951300000,0,22.46
28/11/2022,0,0,24.6(6.96 %),0,12951300000,0,12951300000,0,22.02
29/11/2022,0,0,25.2(2.44 %),0,12951300000,0,12951300000,0,22.02
30/11/2022,0,0,25.9(2.78 %),0,12951300000,0,12951300000,0,22.02
01/12/2022,0,0,27.4(5.79 %),0,12951300000,0,12951300000,0,22.02
02/12/2022,0,0,28.8(5.11 %),9585000,276048000000,9585000,276048000000,0,0.0
05/12/2022,0,0,29(0.69 %),0,276048000000,0,276048000000,0,22.02
06/12/2022,0,0,27.05(-6.72 %),460800,12464640000,460800,12464640000,0,22.02
07/12/2022,0,0,26.4(-2.58 %),0,12464640000,0,12464640000,0,22.02
08/12/2022,0,0,28.2(6.82 %),0,12464640000,0,12464640000,0,22.46
09/12/2022,0,0,28.25(0.18 %),1176600,33238950000,1176600,33238950000,0,22.46
12/12/2022,0,0,27.2(-3.89 %),2000000,54400000000,2000000,54400000000,0,0.0
13/12/2022,0,0,28.8(5.88 %),0,54400000000,0,54400000000,0,22.02
14/12/2022,0,0,28.8(0.00 %),1072000,30873600000,1072000,30873600000,0,0.0
15/12/2022,0,0,29.5(2.43 %),135800,4006100000,135800,4006100000,0,22.02
16/12/2022,0,0,29.15(-1.19 %),1538180,44837947000,1538180,44837947000,0,0.0
19/12/2022,0,0,29.25(0.17 %),187000,5469750000,187000,5469750000,0,22.02
20/12/2022,0,0,27.7(-5.46 %),1316000,36453200000,1316000,36453200000,0,22.02
21/12/2022,0,0,27.7(0.00 %),138000,3822600000,138000,3822600000,0,22.02
22/12/2022,0,0,27.7(0.00 %),138000,3822600000,138000,3822600000,0,22.02
23/12/2022,0,0,27.6(-0.36 %),735900,20310840000,735900,20310840000,0,0.0
26/12/2022,0,0,25.7(-6.88 %),0,20310840000,0,20310840000,0,0.0
27/12/2022,-115,-3024500,26.3(2.33 %),1211900,31872970000,1212015,31875994500,0,0.0
28/12/2022,0,0,26.15(-0.57 %),762700,19944605000,762700,19944605000,0,22.02
29/12/2022,0,0,25.95(-0.95 %),0,19944605000,0,19944605000,115,22.46
30/12/2022,115,2972750,25.85(-0.58 %),115,2972750,0,0,0,22.46
03/01/2023,0,2972750,27.45(5.98 %),0,2972750,0,0,0,22.02
04/01/2023,0,2972750,27.3(-0.73 %),0,2972750,0,0,0,22.46
05/01/2023,0,0,27.65(1.28 %),4767900,131832435000,4767900,131832435000,0,22.46
06/01/2023,0,0,27.7(0.00 %),0,131832435000,0,131832435000,0,22.46
09/01/2023,0,0,27.75(0.18 %),0,33238950000,0,33238950000,0,22.46
10/01/2023,0,0,27.45(-1.26 %),61900,1699155000,61900,1699155000,0,22.46
11/01/2023,0,0,27.65(0.55 %),0,1699155000,0,1699155000,0,22.46
12/01/2023,0,0,27.85(0.54 %),122100,3400485000,122100,3400485000,0,22.46
13/01/2023,0,0,27.8(-0.36 %),0,3400485000,0,3400485000,0,22.46
16/01/2023,0,0,28.1(1.08 %),212500,5971250000,212500,5971250000,0,22.46
17/01/2023,0,0,29(3.20 %),0,5971250000,0,5971250000,0,22.46
18/01/2023,0,0,29.1(0.34 %),5225090,152050119000,5225090,152050119000,0,22.46
19/01/2023,0,0,29.1(0.00 %),0,152050119000,0,152050119000,0,22.46
27/01/2023,0,0,29.05(-0.17 %),0,152050119000,0,152050119000,0,22.46
30/01/2023,0,0,28.7(-1.37 %),541000,15526700000,541000,15526700000,0,22.46
31/01/2023,0,0,29.4(2.44 %),200000,5880000000,200000,5880000000,0,22.46
01/02/2023,0,0,28.2(-4.08 %),870000,24534000000,870000,24534000000,0,22.46
02/02/2023,0,0,28(-0.71 %),0,24534000000,0,24534000000,0,22.46
03/02/2023,0,0,27.1(-3.21 %),0,24534000000,0,24534000000,0,22.46
06/02/2023,0,0,27.95(3.14 %),0,24534000000,0,24534000000,0,22.46
07/02/2023,0,0,27.4(-2.14 %),250000,6850000000,250000,6850000000,0,22.46
08/02/2023,0,0,27.85(1.64 %),250000,6962500000,250000,6962500000,0,22.46
09/02/2023,0,0,27.3(-2.15 %),200000,5460000000,200000,5460000000,0,22.46
10/02/2023,0,0,26.95(-1.28 %),0,5460000000,0,5460000000,0,22.46
13/02/2023,0,0,26.6(-1.48 %),350000,9310000000,350000,9310000000,0,22.46
14/02/2023,0,0,26.85(0.94 %),330000,8860500000,330000,8860500000,0,22.46
15/02/2023,0,0,27.4(1.86 %),0,8860500000,0,8860500000,0,22.46
16/02/2023,0,0,27.9(1.82 %),0,8860500000,0,8860500000,0,22.46
17/02/2023,0,0,27.8(-0.36 %),500000,13900000000,500000,13900000000,0,22.46
20/02/2023,0,0,28.6(2.88 %),1333700,38143820000,1333700,38143820000,0,22.46
21/02/2023,0,0,28.4(-0.70 %),1330000,37772000000,1330000,37772000000,0,22.46
22/02/2023,0,0,27.5(-3.17 %),3200000,88000000000,3200000,88000000000,0,22.46
23/02/2023,0,0,27.95(1.64 %),2250000,62887500000,2250000,62887500000,0,22.46
24/02/2023,0,0,27.25(-2.68 %),2824800,76975800000,2824800,76975800000,0,22.02
27/02/2023,0,0,27(-1.10 %),4505000,121635000000,4505000,121635000000,0,22.46
28/02/2023,0,0,26.5(-1.85 %),1237100,32783150000,1237100,32783150000,0,22.46
01/03/2023,0,0,27.3(3.02 %),0,32783150000,0,32783150000,0,22.46
02/03/2023,0,0,27.2(-0.37 %),0,32783150000,0,32783150000,0,22.46
03/03/2023,0,0,26.8(-1.47 %),30600,820080000,30600,820080000,0,22.46
06/03/2023,0,0,27.2(1.49 %),100000,2720000000,100000,2720000000,0,22.46
07/03/2023,0,0,27.1(-0.37 %),0,2720000000,0,2720000000,0,22.46
08/03/2023,0,0,27.3(0.74 %),0,2720000000,0,2720000000,0,22.46
09/03/2023,0,0,27.8(1.83 %),300000,8340000000,300000,8340000000,0,22.46
10/03/2023,0,0,27.15(-2.34 %),0,8340000000,0,8340000000,0,22.46
13/03/2023,0,0,26.75(-1.65 %),4379000,117138250000,4379000,117138250000,0,22.02
14/03/2023,0,0,26.3(-1.87 %),1227600,32285880000,1227600,32285880000,0,22.46
15/03/2023,0,0,27.2(3.42 %),0,32285880000,0,32285880000,0,22.46
16/03/2023,0,0,26.75(-1.65 %),0,32285880000,0,32285880000,0,22.46
17/03/2023,0,0,26.65(-0.56 %),329200,8773180000,329200,8773180000,0,22.46
20/03/2023,0,0,26.25(-1.69 %),1546300,40590375000,1546300,40590375000,0,22.46
21/03/2023,0,0,26.35(0.19 %),898400,76975800000,898400,76975800000,0,22.46
22/03/2023,0,0,26.2(-0.76 %),0,0,0,0,0,22.02
23/03/2023,0,0,26.2(0.00 %),0,0,0,0,0,22.02
24/03/2023,0,0,26.45(0.95 %),0,0,0,0,0,22.02
27/03/2023,0,0,26.5(0.00 %),0,0,0,0,0,22.02
28/03/2023,-15000,-413250000,27.55(3.96 %),1868600,51479930000,1883600,51893180000,0,22.02
29/03/2023,0,0,28(1.45 %),144700,4051600000,144700,4051600000,0,22.46
30/03/2023,-33,-914100,27.7(-1.07 %),464600,12869420000,464633,12870334100,15000,22.46
31/03/2023,15000,425250000,28.35(2.35 %),731500,20738025000,716500,20312775000,0,22.46
03/04/2023,0,0,29.3(3.17 %),3239800,94926140000,3239800,94926140000,33,22.46
04/04/2023,33,973500,29.5(0.68 %),546833,16131573500,546800,16130600000,0,22.46
05/04/2023,0,973500,29.5(0.00 %),0,16131573500,0,16130600000,0,22.46
06/04/2023,-5000,-148000000,29.6(0.34 %),0,0,5000,148000000,0,22.46
07/04/2023,0,0,29.55(-0.17 %),1064300,31450065000,1064300,31450065000,0,22.46
10/04/2023,0,0,30.2(2.03 %),0,31450065000,0,31450065000,5000,22.46
11/04/2023,5000,152000000,30.4(0.66 %),505000,15352000000,500000,15200000000,0,22.46
12/04/2023,0,0,30.7(0.99 %),0,0,0,0,0,22.46
13/04/2023,0,152000000,30.2(-1.63 %),0,15352000000,0,15200000000,0,22.46
14/04/2023,0,0,28.9(-4.30 %),1113700,32185930000,1113700,32185930000,0,22.46
17/04/2023,0,0,29.45(1.90 %),0,32185930000,0,32185930000,0,22.46
18/04/2023,0,0,29.15(-1.19 %),1328500,38725775000,1328500,38725775000,0,22.46
19/04/2023,0,0,29(-0.68 %),0,38725775000,0,38725775000,0,22.46
20/04/2023,0,0,28.85(-0.52 %),0,0,0,0,0,22.02
21/04/2023,-1500,-43050000,28.7(-0.69 %),0,0,1500,43050000,0,22.46
24/04/2023,0,-43050000,29.5(2.79 %),0,0,0,43050000,0,22.46
25/04/2023,0,-43050000,29(-1.69 %),0,0,0,43050000,0,22.46
26/04/2023,0,-43050000,30(3.45 %),0,0,0,43050000,0,22.46
27/04/2023,0,0,29.9(-0.33 %),0,0,0,0,0,22.02
28/04/2023,0,0,29.5(-1.34 %),0,0,0,0,0,22.02
04/05/2023,0,0,29.05(-1.53 %),0,0,0,0,0,22.02
05/05/2023,0,0,28.7(-1.20 %),0,0,0,0,0,22.46
08/05/2023,0,0,29.4(2.44 %),0,0,0,0,0,22.46
09/05/2023,0,0,29.3(-0.34 %),0,0,0,0,0,22.46
10/05/2023,0,0,29.3(0.00 %),0,0,0,0,0,22.02
11/05/2023,0,0,29.1(-0.68 %),0,0,0,0,0,22.46
12/05/2023,0,0,29.3(0.69 %),0,0,0,0,0,22.46
15/05/2023,0,0,29.9(2.05 %),0,0,0,0,0,22.02
16/05/2023,0,0,29.8(-0.33 %),0,0,0,0,0,22.02
17/05/2023,0,0,29.25(-1.85 %),0,0,0,0,0,22.02
18/05/2023,0,0,29.55(1.03 %),0,0,0,0,0,22.02
19/05/2023,0,0,29.65(0.34 %),0,0,0,0,0,22.02
22/05/2023,0,0,30.5(2.87 %),0,0,0,0,0,22.02
23/05/2023,0,0,30.35(-0.49 %),0,0,0,0,0,22.02
24/05/2023,0,0,29.8(-1.81 %),0,0,0,0,0,22.02
25/05/2023,0,0,29.8(0.00 %),0,0,0,0,0,22.02
26/05/2023,0,0,29.9(0.34 %),0,0,0,0,0,22.02
29/05/2023,0,0,30.2(1.00 %),0,0,0,0,0,22.02
30/05/2023,0,0,30.2(0.00 %),0,0,0,0,0,22.02
31/05/2023,0,0,29.95(-0.83 %),0,0,0,0,0,22.02
01/06/2023,0,0,30.3(1.17 %),0,0,0,0,0,22.02
02/06/2023,0,0,32.2(6.27 %),0,0,0,0,0,22.02
05/06/2023,0,0,31.9(-0.93 %),0,0,0,0,0,22.02
06/06/2023,0,0,32.7(2.51 %),0,0,0,0,0,22.02
07/06/2023,0,0,32.6(-0.31 %),0,0,0,0,0,22.02
08/06/2023,0,0,31.75(-2.61 %),0,0,0,0,0,22.02
09/06/2023,0,0,32.4(2.05 %),0,0,0,0,0,22.02
12/06/2023,0,0,32.7(0.93 %),0,0,0,0,0,22.02
13/06/2023,0,0,32.8(0.31 %),0,0,0,0,0,22.02
14/06/2023,0,0,32.6(-0.61 %),0,0,0,0,0,22.02
15/06/2023,0,0,32.65(0.15 %),0,0,0,0,0,22.02
16/06/2023,0,0,32.55(-0.46 %),0,0,0,0,0,22.46
19/06/2023,0,0,32.1(-1.53 %),0,0,0,0,0,22.46
20/06/2023,0,0,32.15(0.16 %),0,0,0,0,0,22.02
21/06/2023,0,0,32.5(0.93 %),0,0,0,0,0,22.46
22/06/2023,0,0,32.6(0.31 %),0,0,0,0,0,22.02
23/06/2023,0,0,32.9(0.92 %),0,0,0,0,0,0.0
26/06/2023,0,0,33.3(1.22 %),0,0,0,0,0,22.46
27/06/2023,0,0,32.95(-1.05 %),0,0,0,0,0,22.02
28/06/2023,0,0,33.3(0.91 %),0,0,0,0,0,22.02
29/06/2023,0,0,32.65(-1.95 %),0,0,0,0,0,22.02
30/06/2023,0,0,32.35(-1.07 %),0,0,0,0,0,22.02
03/07/2023,0,0,32(-1.23 %),0,0,0,0,0,22.02
04/07/2023,0,0,32(0.00 %),0,0,0,0,0,22.02
05/07/2023,0,0,31.95(-0.16 %),0,0,0,0,0,22.02
06/07/2023,0,0,31.55(-1.41 %),0,0,0,0,0,22.46
07/07/2023,0,0,31.55(-0.16 %),0,0,0,0,0,22.46
10/07/2023,0,0,32(1.27 %),0,0,0,0,0,22.02
11/07/2023,0,0,31.95(-0.16 %),0,0,0,0,0,22.02
12/07/2023,0,0,31.65(-1.09 %),0,0,0,0,0,22.02
13/07/2023,0,0,31.95(0.79 %),0,0,0,0,0,22.02
14/07/2023,0,0,31.95(-0.16 %),0,0,0,0,0,22.46
17/07/2023,0,0,31.9(-0.31 %),0,0,0,0,0,22.02
18/07/2023,0,0,32.3(1.25 %),0,0,0,0,0,0.0
19/07/2023,0,0,32.3(0.00 %),0,0,0,0,0,22.46
20/07/2023,0,0,31.9(-1.24 %),0,0,0,0,0,0.0
21/07/2023,0,0,32.3(1.25 %),0,0,0,0,0,0.0
24/07/2023,0,0,32.45(0.46 %),0,0,0,0,0,22.46
25/07/2023,0,0,33.5(3.08 %),0,0,0,0,0,22.46
26/07/2023,0,0,33.45(-0.15 %),0,0,0,0,0,0.0
27/07/2023,0,0,33.1(-1.19 %),0,0,0,0,0,0.0
28/07/2023,0,0,33.8(2.11 %),0,0,0,0,0,0.0
31/07/2023,0,0,34.3(1.48 %),0,0,0,0,0,0.0
01/08/2023,0,0,34(-0.87 %),0,0,0,0,0,0.0
02/08/2023,0,0,33.9(-0.29 %),0,0,0,0,0,0.0
03/08/2023,0,0,33.5(-1.18 %),0,0,0,0,0,0.0
04/08/2023,0,0,33.6(0.30 %),0,0,0,0,0,22.46
07/08/2023,0,0,34.35(2.23 %),0,0,0,0,0,0.0
08/08/2023,0,0,34(-1.02 %),0,0,0,0,0,0.0
09/08/2023,0,0,34(0.00 %),0,0,0,0,0,0.0
10/08/2023,0,0,33.5(-1.47 %),0,0,0,0,0,0.0
11/08/2023,0,0,33.65(0.45 %),0,0,0,0,0,0.0
14/08/2023,0,0,33.8(0.30 %),0,0,0,0,0,22.46
15/08/2023,0,0,34.05(0.74 %),0,0,0,0,0,22.46
16/08/2023,0,0,35.3(3.52 %),0,0,0,0,0,22.46
17/08/2023,0,0,34.7(-1.70 %),0,0,0,0,0,0.0
18/08/2023,0,0,32.5(-6.34 %),0,0,0,0,0,22.46
21/08/2023,0,0,32.75(0.77 %),0,0,0,0,0,22.46
22/08/2023,0,0,33.1(0.91 %),0,0,0,0,0,22.46
23/08/2023,0,0,33.2(0.30 %),0,0,0,0,0,22.46
24/08/2023,0,0,33.8(1.81 %),0,0,0,0,0,22.02
25/08/2023,0,0,33.65(-0.44 %),0,0,0,0,0,22.46
28/08/2023,0,0,34(1.04 %),0,0,0,0,0,22.02
29/08/2023,0,0,33.9(-0.29 %),0,0,0,0,0,22.46
30/08/2023,0,0,34(0.29 %),0,0,0,0,0,22.02
31/08/2023,0,0,34.5(1.47 %),0,0,0,0,0,22.46
05/09/2023,0,0,35(1.45 %),0,0,0,0,0,22.46
06/09/2023,0,0,35.2(0.57 %),0,0,0,0,0,22.02
07/09/2023,0,0,35.75(1.56 %),0,0,0,0,0,22.46
08/09/2023,-26700,-951855000,35.35(-1.12 %),0,0,26700,951855000,0,22.46
11/09/2023,0,0,34.55(-2.26 %),0,0,0,0,0,22.46
12/09/2023,0,0,35.3(2.17 %),0,0,0,0,26700,22.46
13/09/2023,0,0,35(-0.85 %),0,0,0,0,0,22.46
14/09/2023,0,0,34.9(-0.29 %),0,0,0,0,0,22.46
15/09/2023,0,0,34.9(0.00 %),0,0,0,0,0,22.46
18/09/2023,0,0,34.1(-2.29 %),0,0,0,0,0,22.02
19/09/2023,0,0,33.9(-0.59 %),0,0,0,0,0,22.02
20/09/2023,0,0,34.35(1.33 %),0,0,0,0,0,22.02
21/09/2023,0,0,34.3(-0.15 %),0,0,0,0,0,22.02
22/09/2023,-6300,-211680000,34(-0.87 %),0,0,6300,211680000,0,22.46
25/09/2023,0,0,32.8(-3.53 %),0,0,0,0,0,22.46
26/09/2023,0,0,32.4(-1.22 %),0,0,0,0,0,22.46
27/09/2023,-6300,-205380000,32.6(0.62 %),0,0,6300,205380000,0,22.02
28/09/2023,0,0,33.65(3.22 %),0,0,0,0,0,22.02
29/09/2023,0,0,33.65(0.00 %),0,0,0,0,6318,22.46
02/10/2023,6300,211995000,33.15(-1.49 %),6300,211995000,0,0,0,22.46
03/10/2023,0,0,32.5(-1.96 %),0,0,0,0,0,22.46
04/10/2023,0,0,32.25(-0.77 %),0,0,0,0,0,22.02
05/10/2023,0,0,31.8(-1.40 %),0,0,0,0,0,22.46
06/10/2023,0,0,32.05(0.79 %),0,0,0,0,0,22.02
09/10/2023,0,0,32.1(0.16 %),0,0,0,0,0,22.02
10/10/2023,0,0,32.5(1.25 %),0,0,0,0,0,22.46
11/10/2023,0,0,32.6(0.31 %),0,0,0,0,0,22.46
12/10/2023,0,0,32.5(-0.31 %),0,0,0,0,0,22.46
13/10/2023,0,0,32.2(-0.92 %),0,0,0,0,0,22.46
16/10/2023,0,0,31.8(-1.24 %),0,0,0,0,0,22.46
17/10/2023,0,0,31.75(-0.16 %),0,0,0,0,0,22.46
18/10/2023,0,0,31.25(-1.57 %),0,0,0,0,0,22.46
19/10/2023,-81200,-2518160000,30.65(-1.92 %),0,0,81200,2518160000,0,22.46
20/10/2023,0,0,31.1(1.47 %),0,0,0,0,0,22.46
23/10/2023,-9600,-295200000,30.9(-0.64 %),0,0,9600,295200000,81200,22.46
24/10/2023,0,0,31.35(1.46 %),0,0,0,0,81200,22.02
25/10/2023,0,0,31.2(-0.48 %),0,0,0,0,0,22.46
26/10/2023,9600,295680000,29.8(-4.49 %),9600,295680000,0,0,0,22.46
27/10/2023,-534700,-15710475000,29.55(-0.84 %),0,0,534700,15710475000,0,22.46
30/10/2023,-1508300,-43077510000,28.1(-4.91 %),0,0,1508300,43077510000,0,22.46
31/10/2023,-497500,-13929950000,27.7(-1.42 %),0,0,497500,13929950000,534700,22.44
01/11/2023,534500,15123925000,28.2(1.81 %),534500,15123925000,0,0,1508300,22.42
02/11/2023,1494400,43344690000,29.35(4.08 %),1508100,43739250000,13700,394560000,13900,22.46
03/11/2023,497500,14906000000,31(5.62 %),497500,14906000000,0,0,-483600,22.47
06/11/2023,0,0,31(0.00 %),0,0,0,0,0,22.46
07/11/2023,10600,323430000,30.6(-1.29 %),13700,419220000,3100,95790000,13700,22.46
08/11/2023,0,0,31.8(3.92 %),0,0,0,0,0,22.46
09/11/2023,0,0,31.5(-0.94 %),0,0,0,0,3100,22.46
10/11/2023,3100,96720000,31.05(-1.43 %),3100,96720000,0,0,0,22.46
13/11/2023,-7400,-228865000,30.9(-0.48 %),0,0,7400,228865000,0,22.46
14/11/2023,0,0,31.5(1.94 %),20000,624000000,20000,624000000,0,22.46
15/11/2023,0,0,31.55(0.16 %),0,0,0,0,0,22.46
16/11/2023,0,0,31.7(0.48 %),0,0,0,0,7400,22.02
17/11/2023,0,0,31.15(-1.74 %),0,0,0,0,0,22.46
20/11/2023,-133500,-4108095000,31(-0.48 %),0,0,133500,4108095000,0,22.46
21/11/2023,0,0,30.8(-0.65 %),0,0,0,0,0,22.46
22/11/2023,0,0,30.95(0.49 %),0,0,0,0,1335,22.46
23/11/2023,0,0,30.4(-1.78 %),0,0,0,0,1335,22.02
24/11/2023,0,0,30.05(-1.15 %),0,0,0,0,1335,22.02
27/11/2023,0,0,29.3(-2.50 %),0,0,0,0,1335,22.02
28/11/2023,0,0,29.95(2.22 %),0,0,0,0,1335,22.02
29/11/2023,0,0,29.9(-0.17 %),0,0,0,0,1335,22.02
30/11/2023,0,0,29.5(-1.34 %),0,0,0,0,1335,22.02
01/12/2023,0,0,29.75(0.85 %),0,0,0,0,1335,22.02
04/12/2023,0,0,30.2(1.51 %),0,0,0,0,1335,22.02
05/12/2023,0,0,30.05(-0.50 %),0,0,0,0,1335,22.02
06/12/2023,0,0,30.4(1.16 %),0,0,0,0,1335,22.02
07/12/2023,0,0,30.85(1.48 %),0,0,0,0,1335,22.02
08/12/2023,0,0,30.95(0.32 %),0,0,0,0,1335,22.02
11/12/2023,0,0,30.85(-0.32 %),0,0,0,0,1335,22.02
12/12/2023,0,0,31.05(0.65 %),0,0,0,0,1335,22.02
13/12/2023,-1900,-58330000,30.5(-1.77 %),0,0,1900,58330000,3235,22.02
14/12/2023,-300,-9210000,30.55(0.16 %),0,0,300,9210000,3535,22.02
15/12/2023,0,0,30.6(0.16 %),0,0,0,0,3535,22.02
18/12/2023,1900,58140000,30.05(-1.80 %),1900,58140000,0,0,1635,22.02
19/12/2023,300,9000000,30.6(1.83 %),300,9000000,0,0,1335,22.02
20/12/2023,0,0,30.35(-0.82 %),0,0,0,0,1335,22.02
21/12/2023,0,0,30.65(0.99 %),0,0,0,0,1335,22.08
22/12/2023,0,0,30.6(-0.16 %),0,0,0,0,1335,22.08
25/12/2023,0,0,30.95(1.14 %),0,0,0,0,1335,22.08
26/12/2023,0,0,30.8(-0.48 %),0,0,0,0,1335,22.08
27/12/2023,-400,-12360000,30.85(0.16 %),0,0,400,12360000,1735,22.08
28/12/2023,0,0,31.5(2.11 %),0,0,0,0,1735,22.08
29/12/2023,0,0,31.8(0.95 %),0,0,0,0,1735,22.08
02/01/2024,400,12760000,32.1(0.94 %),400,12760000,0,0,0,22.49
03/01/2024,0,0,32.6(1.56 %),0,0,0,0,407,22.08
04/01/2024,0,0,33.1(1.53 %),0,0,0,0,407,22.08
05/01/2024,0,0,33.2(0.30 %),0,0,0,0,407,22.08
08/01/2024,0,0,34.1(2.71 %),0,0,0,0,407,22.08
09/01/2024,0,0,34.5(1.17 %),0,0,0,0,0,22.49
10/01/2024,0,0,34.4(-0.29 %),0,0,0,0,0,22.49
11/01/2024,0,0,34.15(-0.73 %),0,0,0,0,0,22.49
12/01/2024,0,0,34.65(1.46 %),0,0,0,0,0,22.08
15/01/2024,0,0,34.3(-1.01 %),0,0,0,0,0,22.49
16/01/2024,0,0,34.15(-0.44 %),0,0,0,0,0,22.49
17/01/2024,0,0,34.05(-0.29 %),0,0,0,0,0,22.49
18/01/2024,0,0,34.4(1.03 %),0,0,0,0,0,22.08
19/01/2024,0,0,34.95(1.60 %),0,0,0,0,0,22.08
22/01/2024,-1400,-48720000,34.95(0.00 %),0,0,1400,48720000,0,22.08
23/01/2024,0,0,35.45(1.43 %),0,0,0,0,0,22.08
24/01/2024,0,0,35.25(-0.56 %),0,0,0,0,0,22.08
25/01/2024,0,0,35(-0.71 %),0,0,0,0,0,22.08
26/01/2024,0,0,35.4(1.14 %),0,0,0,0,0,22.08
29/01/2024,0,0,35.25(-0.42 %),0,0,0,0,0,22.49
30/01/2024,0,0,35.2(-0.14 %),0,0,0,0,0,22.49
31/01/2024,-14200,-491855000,34.55(-1.85 %),0,0,14200,491855000,0,22.49
01/02/2024,0,0,34.15(-1.16 %),0,0,0,0,0,22.08
02/02/2024,-69,-2366700,34.15(0.00 %),1870400,64151955000,1870469,64154321700,0,22.49
05/02/2024,14208,489466150,35.5(3.95 %),67808,2378866150,53600,1889400000,0,22.08
06/02/2024,0,0,35.65(0.42 %),0,0,0,0,69,22.49
07/02/2024,69,2470200,37.3(4.63 %),1275169,45851290200,1275100,45848820000,0,22.49
15/02/2024,0,0,38.4(2.95 %),2467100,94521235000,2467100,94521235000,0,22.49
16/02/2024,0,0,38.5(0.26 %),637530,24346872500,637530,24346872500,0,22.49
19/02/2024,0,0,38.9(1.04 %),513700,19840010000,513700,19840010000,0,22.49
20/02/2024,0,0,38.9(0.00 %),6000000,233172045000,6000000,233172045000,0,22.49
21/02/2024,0,0,39(0.26 %),1020300,39728085000,1020300,39728085000,0,22.49
22/02/2024,0,0,40.3(3.33 %),2550000,100980000000,2550000,100980000000,0,22.49
23/02/2024,0,0,40.1(-0.50 %),522400,15256520000,522400,15256520000,0,22.08
26/02/2024,0,0,41.2(2.74 %),201400,8233880000,201400,8233880000,0,22.49
27/02/2024,0,0,41.95(1.82 %),1331900,54933550000,1331900,54933550000,0,22.08
28/02/2024,0,0,42.2(0.60 %),123500,5154520000,123500,5154520000,0,22.08
29/02/2024,0,0,42.2(0.00 %),2687800,111524115000,2687800,111524115000,0,22.49
01/03/2024,0,0,41.85(-0.83 %),79000,3291850000,79000,3291850000,0,22.08
04/03/2024,0,0,41.85(0.00 %),209400,8731980000,209400,8731980000,0,22.08
05/03/2024,0,0,42.2(0.84 %),1670100,69354180000,1670100,69354180000,0,22.49
06/03/2024,-1710,-74042000,42.65(1.07 %),1065000,45635250000,1066710,45709292000,0,22.08
07/03/2024,0,0,42.6(-0.35 %),305900,0,305900,0,0,22.08
08/03/2024,0,0,41(-3.76 %),38000,1584600000,38000,1584600000,0,22.08
11/03/2024,0,0,40.4(-1.46 %),0,0,0,0,0,22.08
12/03/2024,0,0,41.2(1.98 %),0,0,0,0,0,22.49
13/03/2024,0,0,42(1.94 %),0,0,0,0,0,22.49
14/03/2024,0,0,41.4(-1.43 %),0,0,0,0,0,22.08
15/03/2024,0,0,41.4(0.00 %),0,0,0,0,0,22.08
18/03/2024,0,0,40.1(-3.14 %),0,0,0,0,0,22.49
19/03/2024,0,0,40.3(0.50 %),0,0,0,0,0,22.49
20/03/2024,0,0,42.3(4.96 %),0,0,0,0,0,22.08
21/03/2024,0,0,45.1(6.62 %),0,0,0,0,0,22.08
22/03/2024,-50000,-2245000000,44.9(-0.44 %),0,0,50000,2245000000,0,22.08
25/03/2024,0,0,44.8(-0.22 %),0,0,0,0,0,22.49
26/03/2024,0,0,45.95(2.57 %),0,0,0,0,0,22.08
27/03/2024,0,0,45.55(-0.87 %),0,0,0,0,0,22.49
28/03/2024,-3967700,-193226990000,48(5.38 %),0,0,3967700,193226990000,0,22.49
29/03/2024,-42000,-2000560000,47.55(-0.94 %),0,0,42000,2000560000,0,22.49
01/04/2024,0,0,47.45(-0.21 %),0,0,0,0,3967780,22.37
02/04/2024,2785000,132566000000,47.65(0.42 %),2785000,132566000000,0,0,1274700,22.04
03/04/2024,0,0,46.8(-1.78 %),0,0,0,0,0,22.49
04/04/2024,0,0,46(-1.71 %),0,0,0,0,1274700,22.04
05/04/2024,0,0,45.2(-1.74 %),0,0,0,0,0,22.49
08/04/2024,0,0,45.5(0.66 %),0,0,0,0,1274700,22.04
09/04/2024,0,0,45.8(0.66 %),0,0,0,0,1274700,22.04
10/04/2024,0,0,45.65(-0.33 %),0,0,0,0,1274700,22.04
11/04/2024,0,0,45.1(-1.20 %),0,0,0,0,0,22.49
12/04/2024,0,0,47.4(5.10 %),0,0,0,0,0,22.49
15/04/2024,0,0,44.4(-6.33 %),0,0,0,0,1274700,22.04
16/04/2024,0,0,45.5(2.48 %),0,0,0,0,1274700,22.04
17/04/2024,0,0,44.85(-1.43 %),0,0,0,0,1274700,22.04
19/04/2024,-79800,-3520100000,44.5(-0.78 %),0,0,79800,3520100000,1354500,22.04
22/04/2024,-71000,-3224515000,45.25(1.69 %),0,0,71000,3224515000,0,22.49
23/04/2024,-112200,-5237240000,46.2(2.10 %),0,0,112200,5237240000,69000,22.48
24/04/2024,58200,2721600000,47(1.73 %),69000,3229200000,10800,507600000,1479500,22.04
25/04/2024,0,0,46.15(-1.81 %),0,0,0,0,1479500,22.04
26/04/2024,102200,4699925000,46.6(0.98 %),112200,5161200000,10000,461275000,10800,22.49
02/05/2024,-119300,-5574475000,46.85(0.54 %),10800,505440000,130100,6079915000,0,22.49
03/05/2024,-441600,-21203615000,48.2(2.88 %),0,0,441600,21203615000,10000,22.49
06/05/2024,-1112000,-53564780000,48.35(0.31 %),10000,485000000,1122000,54049780000,130100,22.48
07/05/2024,-2098900,-100559070000,47.9(-0.93 %),130000,6281705000,2228900,106840775000,441757,22.47
08/05/2024,-4530200,-219339330000,48.2(0.63 %),441600,21112410000,4971800,240451740000,1122000,22.45
09/05/2024,-1397700,-67463900000,48.45(0.52 %),1121900,54635565000,2519600,122099465000,2039000,22.43
10/05/2024,1272400,61481520000,48.5(0.10 %),2038700,98388105000,766300,36906585000,4782059,22.35
13/05/2024,288300,13967835000,48.4(-0.21 %),1161300,56105145000,873000,42137310000,6140326,22.31
14/05/2024,-1229300,-59050475000,47.9(-1.03 %),13400,645430000,1242700,59695905000,9259800,21.82
15/05/2024,-746800,-35873500000,48.1(0.42 %),700900,33565470000,1447700,69438970000,10006600,21.8
16/05/2024,889300,43826375000,49.9(3.74 %),2171100,107174995000,1281800,63348620000,9117300,21.83
17/05/2024,-209900,-10463660000,49.75(-0.30 %),899000,44761840000,1108900,55225500000,6685598,22.3
20/05/2024,-378200,-18807910000,49.7(-0.10 %),1215200,60699350000,1593400,79507260000,6752198,22.29
21/05/2024,-1655300,-78610565000,47.2(-2.07 %),452000,21430885000,2107300,100041450000,7333098,22.28
22/05/2024,-808500,-37767920000,46.4(-1.69 %),1834400,85738025000,2642900,123505945000,6940098,22.29
23/05/2024,72800,3450095000,46.5(0.22 %),650500,30124985000,577700,26674890000,8396836,22.25
24/05/2024,716100,32930560000,46.4(-0.22 %),1493100,69299095000,777000,36368535000,12269600,21.74
27/05/2024,204600,9497720000,46.5(0.22 %),745500,34487445000,540900,24989725000,9378815,22.22
28/05/2024,89900,4219895000,46.9(0.86 %),410900,19128115000,321000,14908220000,9744836,22.21
29/05/2024,909200,42343535000,46.5(-0.85 %),1120500,52233860000,211300,9890325000,9078425,22.23
30/05/2024,910200,42317470000,46.8(0.65 %),1123500,52150395000,213300,9832925000,8275838,22.25
31/05/2024,1342900,62930530000,47(0.43 %),1897200,88929865000,554300,25999335000,6589863,22.3
03/06/2024,-2100900,-99454330000,47.15(0.32 %),407600,19309510000,2508500,118763840000,6589863,21.9
04/06/2024,-288200,-13498590000,47.6(0.95 %),2544100,120729600000,2832300,134228190000,6878063,21.89
05/06/2024,-38800,-1697660000,47.5(-0.21 %),1803100,85592290000,1841900,87289950000,6916863,21.89
06/06/2024,-2431499,-115531799600,48(1.05 %),1265461,60393380400,3696960,175925180000,6678007,22.3
07/06/2024,-440009,-21415376350,49.1(2.29 %),3072931,150698923650,3512940,172114300000,5750576,22.32
10/06/2024,134600,6452380000,48.9(-0.41 %),864900,42259095000,730300,35806715000,5615976,21.92
11/06/2024,-2404900,-118847970000,49.35(0.92 %),471500,23309195000,2876400,142157165000,6678007,22.3
12/06/2024,132928,6532593750,49.4(0.10 %),3225654,158655256650,3092726,152122662900,9798182,22.21
13/06/2024,0,0,49.4(0.00 %),0,0,0,0,12194668,22.14
14/06/2024,-635787,-31414827800,49.1(-0.61 %),1145213,56495322200,1781000,87910150000,13017121,22.12
17/06/2024,-140780,-6891320000,48.6(-1.02 %),749800,36466310000,890580,43357630000,13671321,22.1
18/06/2024,-89389,-4426090400,48.8(0.41 %),2226311,108462704600,2315700,112888795000,13226010,22.11
19/06/2024,-1569583,-76362181800,48.3(-1.02 %),1499497,72483554200,3069080,148845736000,12515093,22.13
20/06/2024,-2779070,-68856369500,24.8(2.69 %),1134130,28097540500,3913200,96953910000,13701263,22.1
21/06/2024,-1592549,-39030862700,24.5(-1.21 %),1599551,39165847300,3192100,78196710000,15310792,22.05
24/06/2024,2384451,57148586450,23.95(-2.24 %),2773651,66575816450,389200,9427230000,16450341,22.02
25/06/2024,1472120,35136415000,24(0.21 %),4032420,95682210000,2560300,60545795000,15694021,22.04
26/06/2024,3342771,79800796850,24(0.00 %),23861871,567207241850,20519100,487406445000,12215950,22.14
27/06/2024,-3184714,-74829211900,23.45(-2.29 %),22360186,525363978100,25544900,600193190000,12416064,22.13
28/06/2024,-7812200,-178669885000,23.35(-0.43 %),2955100,68206770000,10767300,246876655000,10222064,22.2
04/07/2024,-161600,-3787860000,23.5(0.00 %),642200,15068365000,803800,18856225000,27278755,0.0
05/07/2024,164900,3875230000,23.5(0.00 %),2107900,49317060000,1943000,45441830000,27113855,0.0
08/07/2024,-611800,-14158205000,23.45(-0.21 %),739000,17285845000,1350800,31444050000,27725655,0.0
09/07/2024,-3548700,-83055165000,23.35(-0.43 %),2632900,61544710000,6181600,144599875000,31274355,0.0
10/07/2024,-4338300,-100530895000,23.15(-0.86 %),1709200,39575855000,6047500,140106750000,35612655,0.0
11/07/2024,-7499300,-172309230000,22.8(-1.51 %),768700,17681360000,8268000,189990590000,43111955,0.0
12/07/2024,-2167800,-49515845000,22.8(0.00 %),220600,5045265000,2388400,54561110000,45279755,0.0
15/07/2024,-1942000,-44166730000,22.65(-0.66 %),716800,16357045000,2658800,60523775000,47221755,0.0
16/07/2024,-3071200,-69616425000,22.7(0.22 %),1314500,29830980000,4385700,99447405000,50292955,0.0
17/07/2024,4344700,102198275000,23.7(4.41 %),5699300,133673925000,1354600,31475650000,45948255,0.0
18/07/2024,1215700,28477855000,23.7(0.00 %),1898600,44588125000,682900,16110270000,44732555,0.0
19/07/2024,-4492200,-104827435000,23.4(-1.27 %),1068800,25028260000,5561000,129855695000,49224755,0.0
22/07/2024,-195700,-4800875000,23.65(1.07 %),1024900,23958645000,1220600,28759520000,49420455,0.0
23/07/2024,42500,1049880000,23.05(-2.54 %),1260400,29537065000,1217900,28487185000,49377955,0.0
24/07/2024,793900,18306565000,23(-0.22 %),2040200,46958840000,1246300,28652275000,48584055,0.0
25/07/2024,-884400,-20118390000,22.75(-1.09 %),293800,6670875000,1178200,26789265000,49468455,0.0
26/07/2024,-514700,-11677865000,22.75(0.00 %),589200,13423600000,1103900,25101465000,49983155,0.0
29/07/2024,-630300,-14395680000,22.75(0.00 %),262100,5983145000,892400,20378825000,50613455,0.0
30/07/2024,-630300,-14395680000,22.95(0.88 %),262100,5983145000,892400,20378825000,51243755,0.0
31/07/2024,-1884000,-43578830000,23.25(1.31 %),568200,13123735000,2452200,56702565000,53127755,0.0
01/08/2024,-383400,-8656370000,23(-1.08 %),1377200,31664570000,1760600,40320940000,71634306,0.0
02/08/2024,1867800,42875975000,23.5(2.17 %),2218800,50895565000,351000,8019590000,69766506,0.0
05/08/2024,-2866000,-64918135000,22.3(-5.11 %),146000,3295035000,3012000,68213170000,72632506,0.0
06/08/2024,-987100,-22060365000,22.3(0.00 %),1396500,31090085000,2383600,53150450000,73619606,0.0
07/08/2024,-4316000,-94856815000,21.8(-2.24 %),1361100,29834080000,5677100,124690895000,77935606,0.0
08/08/2024,-10115900,-214087385000,20.85(-4.36 %),1043800,21964575000,11159700,236051960000,88051506,0.0
09/08/2024,-4717500,-99521130000,21.1(1.20 %),1796700,37942750000,6514200,137463880000,92769006,0.0
12/08/2024,-2107700,-44520175000,21.25(0.71 %),299200,6320970000,2406900,50841145000,94876706,0.0
13/08/2024,-3568500,-74914555000,21(-1.18 %),1180300,24827090000,4748800,99741645000,98445206,0.0
14/08/2024,-1986100,-41859945000,21.2(0.95 %),851300,17927925000,2837400,59787870000,100431306,0.0
15/08/2024,-3499500,-73615540000,21.15(-0.24 %),604200,12722935000,4103700,86338475000,103930806,0.0
16/08/2024,-5230700,-111325855000,21.45(1.42 %),2028600,43239855000,7259300,154565710000,109161506,0.0
19/08/2024,-2324100,-50006995000,21.9(2.10 %),525400,11321700000,2849500,61328695000,111485606,0.0
20/08/2024,-1563500,-34252420000,21.85(-0.23 %),757600,16581380000,2321100,50833800000,113049106,0.0
21/08/2024,-3330100,-72744725000,22(0.69 %),3458900,75780210000,6789000,148524935000,116379206,0.0
22/08/2024,-777700,-17149430000,22.35(1.59 %),1852300,41651625000,2630000,58801055000,117156906,0.0
23/08/2024,-51500,-1129905000,22.4(0.22 %),1030400,23065160000,1081900,24195065000,117208406,0.0
26/08/2024,-1540200,-34663290000,22.5(0.45 %),2607200,58743395000,4147400,93406685000,118748606,0.0
27/08/2024,-34400,-764245000,22.65(0.67 %),384500,8685545000,418900,9449790000,118783006,0.0
28/08/2024,774000,17724555000,23(1.55 %),1403500,32073850000,629500,14349295000,118009006,0.0
29/08/2024,-1990000,-46019715000,23(0.00 %),1294200,29876035000,3284200,75895750000,119999006,0.0
30/08/2024,468900,10984000000,23.35(1.52 %),1283700,29847130000,814800,18863130000,119530106,0.0
04/09/2024,95400,2215600000,23(-1.50 %),858100,19743740000,762700,17528140000,118792581,0.0
05/09/2024,-537600,-12316755000,22.8(-0.87 %),764800,17461010000,1302400,29777765000,119330181,0.0
06/09/2024,1970700,44883680000,22.8(0.00 %),2613800,59508210000,643100,14624530000,117359481,0.0
09/09/2024,1585800,35977125000,22.65(-0.66 %),2679800,60831215000,1094000,24854090000,115773681,0.0
10/09/2024,-177300,-4047545000,22.25(-1.77 %),699300,15652775000,876600,19700320000,115950981,0.0
11/09/2024,-1223200,-27006665000,22.1(-0.67 %),553500,12217885000,1776700,39224550000,117174181,0.0
12/09/2024,445500,9952510000,22.3(0.90 %),3177200,70806805000,2731700,60854295000,116728681,0.0
13/09/2024,773100,17295645000,22.2(-0.45 %),4943900,110142470000,4170800,92846825000,115955581,0.0
16/09/2024,3114900,69964115000,22.2(0.00 %),3248100,72959165000,133200,2995050000,112840681,0.0
17/09/2024,-431600,-9628790000,22.75(2.48 %),292700,6543070000,724300,16171860000,113272281,0.0
18/09/2024,2399900,55163950000,23(1.10 %),3006100,68973935000,606200,13809985000,110872381,0.0
19/09/2024,1460100,33657110000,23.2(0.87 %),1568600,36154585000,108500,2497475000,109412281,0.0
20/09/2024,5306800,125062585000,23.55(1.51 %),6427000,151416965000,1120200,26354380000,104105481,0.0
23/09/2024,28600,668715000,23.35(-0.85 %),1033100,24237255000,1004500,23568540000,104076881,0.0
24/09/2024,333700,7845690000,23.55(0.86 %),1592000,37299055000,1258300,29453365000,103743181,0.0
25/09/2024,3314100,79031240000,23.8(1.06 %),3527100,84098465000,213000,5067225000,100429081,0.0
26/09/2024,2365700,57177675000,24.1(1.26 %),3786300,91333095000,1420600,34155420000,98063381,0.0
27/09/2024,1319700,31878380000,24.2(0.41 %),3216200,77827115000,1896500,45948735000,96743681,0.0
30/09/2024,-373100,-8820335000,24.2(0.00 %),6914900,167129335000,7288000,175949670000,97116781,0.0
01/10/2024,14654600,360364100000,24.65(1.86 %),15331400,376946250000,676800,16582150000,91972480,0.0
02/10/2024,10571800,262737685000,24.9(1.01 %),11767000,292261745000,1195200,29524060000,81400680,0.0
03/10/2024,3495000,87549535000,24.35(-2.21 %),4074500,101941375000,579500,14391840000,77905680,0.0
04/10/2024,1401600,33975285000,24.05(-1.23 %),2170800,52602520000,769200,18627235000,76504080,0.0
07/10/2024,1660700,40150215000,24.15(0.42 %),1858100,44909835000,197400,4759620000,74843380,0.0
08/10/2024,5684500,138749055000,24.4(1.04 %),6274500,153146210000,590000,14397155000,69158880,0.0
09/10/2024,7993900,196063380000,24.65(1.02 %),10540900,258526925000,2547000,62463545000,61164980,0.0
10/10/2024,5467000,135753525000,24.55(-0.41 %),6202700,154013225000,735700,18259700000,55697980,0.0
11/10/2024,2545400,62055020000,24.45(-0.41 %),3091600,75398660000,546200,13343640000,53152580,0.0
14/10/2024,2850300,69739595000,24.35(-0.41 %),3399000,83149645000,548700,13410050000,50302280,0.0
15/10/2024,-439000,-10679085000,24.25(-0.41 %),1125900,27404455000,1564900,38083540000,50741280,0.0
16/10/2024,-89000,-2155500000,24.2(-0.21 %),1388500,33575100000,1477500,35730600000,50830280,0.0
17/10/2024,33600,847315000,24.35(0.62 %),997300,24201935000,963700,23354620000,50796680,0.0
18/10/2024,5100,129715000,24.45(0.41 %),224800,5514565000,219700,5384850000,50791580,0.0
21/10/2024,148600,3533055000,24.15(-1.23 %),594600,14374050000,446000,10840995000,50642980,0.0
22/10/2024,2678400,65054290000,24.2(0.21 %),3217600,78137065000,539200,13082775000,47964580,0.0
23/10/2024,6024700,145370750000,24.2(0.00 %),6857700,165401440000,833000,20030690000,41939880,0.0
24/10/2024,348800,8404610000,23.65(-2.27 %),1364100,32660515000,1015300,24255905000,41591080,0.0
25/10/2024,-2810400,-66343715000,23.5(-0.63 %),656600,15548150000,3467000,81891865000,44401480,0.0
28/10/2024,1223300,28831970000,23.65(0.64 %),1939700,45684030000,716400,16852060000,43178180,0.0
29/10/2024,1126500,26766770000,23.75(0.42 %),1972400,46865870000,845900,20099100000,42051680,0.0
30/10/2024,5231200,124760130000,24(1.05 %),6268000,149456770000,1036800,24696640000,36820480,0.0
31/10/2024,-49100,-1146590000,23.9(-0.42 %),2711400,64887170000,2760500,66033760000,36869580,0.0
01/11/2024,5660900,134751245000,23.7(-0.84 %),6459900,153815405000,799000,19064160000,27854581,0.0
04/11/2024,1914700,45075645000,23.45(-1.05 %),2532800,59616755000,618100,14541110000,25939881,0.0
05/11/2024,2851600,67168365000,23.45(0.00 %),2935400,69143555000,83800,1975190000,23088281,0.0
06/11/2024,1532600,36515235000,23.9(1.92 %),2091700,49879450000,559100,13364215000,21555681,0.0
07/11/2024,1700500,40750870000,23.85(-0.21 %),2457800,58893410000,757300,18142540000,19855181,0.0
08/11/2024,-2137700,-50445630000,23.6(-1.05 %),1138700,26941525000,3276400,77387155000,21992881,0.0
11/11/2024,-3307400,-76746970000,23.2(-1.69 %),360400,8378360000,3667800,85125330000,25300281,0.0
12/11/2024,-4465200,-103171650000,23.05(-0.65 %),1173500,27107755000,5638700,130279405000,3932349,22.43
13/11/2024,-384300,-8672800000,23.15(0.43 %),1604600,36865275000,1988900,45538075000,30149781,0.0
14/11/2024,-337900,-7762150000,22.8(-1.51 %),685800,15651320000,1023700,23413470000,30487681,0.0
15/11/2024,-1748000,-39498895000,22.45(-1.54 %),785300,17676885000,2533300,57175780000,32235681,0.0
18/11/2024,1180000,26457855000,22.45(0.00 %),1657300,37158745000,477300,10700890000,31055681,0.0
19/11/2024,-72000,-1563885000,22.4(-0.22 %),943100,21116120000,1015100,22680005000,31127681,0.0
20/11/2024,-775000,-17162285000,22.85(2.01 %),1045900,23781695000,1820900,40943980000,31902681,0.0
21/11/2024,2284300,52514330000,23.2(1.53 %),4422200,101219080000,2137900,48704750000,29618381,0.0
22/11/2024,4511200,105690435000,23.5(1.29 %),5386600,126128445000,875400,20438010000,25107181,0.0
25/11/2024,696400,16353970000,23.5(0.00 %),1348700,31672260000,652300,15318290000,19589582,22.21
26/11/2024,506200,11912050000,23.55(0.21 %),815500,19211750000,309300,7299700000,19190582,22.21
27/11/2024,749700,17577640000,23.5(-0.21 %),2523300,59122815000,1773600,41545175000,17163581,22.24
28/11/2024,1101200,25879000000,23.6(0.43 %),2080100,48885235000,978900,23006235000,15445681,22.27
29/11/2024,-863900,-20247500000,23.6(0.00 %),2253700,53015945000,3117600,73263445000,14965546,22.27
02/12/2024,2039900,48041630000,23.65(0.21 %),2222300,52334090000,182400,4292460000,13722146,22.29
03/12/2024,1204500,28524075000,23.65(0.00 %),1739500,41105580000,535000,12581505000,15100236,22.27
04/12/2024,1855700,43526625000,23.45(-0.85 %),2183800,51230510000,328100,7703885000,13366636,22.3
05/12/2024,1765300,41724850000,24.2(3.20 %),2025400,47870870000,260100,6146020000,11984236,22.32
09/12/2024,875900,21152060000,24.15(0.00 %),906100,21880265000,30200,728205000,8088599,22.37
10/12/2024,407500,9809420000,24.05(-0.41 %),1212200,29184640000,804700,19375220000,7398099,22.38
16/12/2024,-277500,-6739860000,24.3(-0.21 %),3600,87480000,281100,6827340000,299600,22.48
17/12/2024,271900,6639900000,24.2(-0.41 %),299600,7310240000,27700,670340000,86180,22.48
18/12/2024,69900,1695935000,24.2(0.00 %),86100,2087925000,16200,391990000,281100,22.48
19/12/2024,147400,3546010000,23.75(-1.86 %),281100,6746400000,133700,3200390000,27700,22.49
20/12/2024,27700,660645000,23.8(0.21 %),27700,660645000,0,0,0,22.49
24/12/2024,0,0,24(0.42 %),0,0,0,0,0,22.49
25/12/2024,-454200,-11255535000,24.45(1.88 %),0,0,454200,11255535000,66261,22.51
26/12/2024,58000,1418495000,24.35(-0.41 %),66200,1618595000,8200,200100000,150,22.51
27/12/2024,-16100,-397940000,24.6(1.03 %),100,2450000,16200,400390000,298200,22.51
30/12/2024,-1682000,-41094035000,24.4(-0.81 %),298200,7380450000,1980200,48474485000,0,22.51
31/12/2024,-81100,-1986950000,24.65(1.02 %),0,0,81100,1986950000,16200,22.51
02/01/2025,-575800,-14052795000,24.35(-1.22 %),16200,399330000,592000,14452125000,1180200,22.5
03/01/2025,-2468500,-58387100000,23.6(-3.08 %),1180200,28648390000,3648700,87035490000,81100,22.51
06/01/2025,-301700,-7182170000,23.6(0.00 %),81100,1913960000,382800,9096130000,592000,22.51
07/01/2025,377300,9020825000,23.65(0.21 %),592000,14132475000,214700,5111650000,592000,22.51
08/01/2025,4289800,102576890000,23.95(1.27 %),4292800,102649340000,3000,72450000,382800,22.51
09/01/2025,169500,4079135000,23.95(0.00 %),182800,4396340000,13300,317205000,214700,22.51
10/01/2025,122100,2944715000,23.4(-2.30 %),214700,5152800000,92600,2208085000,3000,22.51
13/01/2025,-2800,-65250000,23.8(1.71 %),3000,69600000,5800,134850000,13300,22.51
14/01/2025,8000,188075000,23.6(-0.84 %),13300,313215000,5300,125140000,0,22.51
15/01/2025,-30000,-714000000,23.7(0.42 %),0,0,30000,714000000,0,22.51
16/01/2025,-73800,-1757940000,23.85(0.63 %),0,0,73800,1757940000,0,0.0
17/01/2025,-208300,-4963410000,24.4(2.31 %),5300,126405000,213600,5089815000,30000,22.51
20/01/2025,-125100,-3051520000,24.4(0.00 %),0,0,125100,3051520000,0,22.51
21/01/2025,-375000,-9117250000,24.2(-0.82 %),0,0,375000,9117250000,213600,22.51
22/01/2025,205400,5023090000,24.2(0.00 %),213600,5222520000,8200,199430000,125100,22.51
23/01/2025,95900,2328615000,24.6(1.65 %),125100,3046185000,29200,717570000,375000,22.51
24/01/2025,170300,4225690000,24.75(0.61 %),375000,9300000000,204700,5074310000,8200,22.51
03/02/2025,-693800,-16901580000,0(0.00 %),8200,200900000,702000,17102480000,29200,22.51
04/02/2025,-1165800,-28569925000,24.65(1.65 %),29200,711020000,1195000,29280945000,204700,22.51
05/02/2025,173800,4324965000,24.7(0.20 %),204700,5086795000,30900,761830000,702000,22.5
06/02/2025,-1057600,-27020930000,25.2(2.02 %),702000,17479800000,1759600,44500730000,830000,22.5
07/02/2025,-28800,-761480000,25.75(2.18 %),830000,21123500000,858800,21884980000,30900,22.51
10/02/2025,-423500,-10952655000,25.75(0.00 %),30900,795675000,454400,11748330000,1759600,22.49
11/02/2025,-137000,-3224905000,25.9(0.58 %),1759600,45925560000,1896600,49150465000,712800,22.5
12/02/2025,72900,1931595000,25.7(-0.77 %),212800,5532800000,139900,3601205000,308400,22.51
13/02/2025,-115400,-2978070000,25.95(0.97 %),8400,215040000,123800,3193110000,1750600,22.49
14/02/2025,-43400,-1133140000,26(0.19 %),600,15660000,44000,1148800000,139900,22.51
17/02/2025,-890000,-23040750000,25.7(-1.15 %),0,0,890000,23040750000,0,22.51
18/02/2025,-188100,-4862545000,25.85(0.58 %),0,0,188100,4862545000,44000,22.51
19/02/2025,-3200,-86130000,26.1(0.97 %),44000,1141800000,47200,1227930000,703000,22.5
20/02/2025,-1166000,-30724455000,26.55(1.72 %),3000,78600000,1169000,30803055000,74100,22.51
21/02/2025,-1093300,-28965905000,26.5(-0.19 %),74100,1971060000,1167400,30936965000,0,22.51
24/02/2025,-423000,-11224100000,26.5(0.00 %),0,0,423000,11224100000,1055000,22.5
25/02/2025,475300,12699070000,26.4(-0.38 %),1054900,28138675000,579600,15439605000,1127461,22.5
26/02/2025,1102800,29190485000,26.3(-0.38 %),1127400,29837660000,24600,647175000,309000,22.51
27/02/2025,217900,5780095000,26.25(-0.19 %),309000,8157600000,91100,2377505000,506601,22.51
28/02/2025,-258600,-6719320000,26.1(-0.57 %),506600,13298250000,765200,20017570000,24600,22.51
03/03/2025,6600,171490000,26.1(0.00 %),24600,643290000,18000,471800000,91100,22.51
04/03/2025,-478500,-12832940000,27.5(5.36 %),91100,2377710000,569600,15210650000,651200,22.5
05/03/2025,182700,5031165000,27.3(-0.73 %),321200,8833000000,138500,3801835000,18000,22.51
06/03/2025,17200,471940000,27.7(1.47 %),18000,494100000,800,22160000,512669,22.51
07/03/2025,-119700,-3300125000,27.75(0.18 %),0,0,119700,3300125000,81500,22.51
10/03/2025,-38600,-1076210000,27.8(0.18 %),0,0,38600,1076210000,0,22.51
11/03/2025,-107000,-2949820000,28(0.72 %),0,0,107000,2949820000,0,22.51
12/03/2025,-12400,-345935000,27.85(-0.54 %),0,0,12400,345935000,0,22.51
13/03/2025,-181700,-5029185000,27.3(-1.97 %),1527300,42166730000,1709000,47195915000,50000,22.51
14/03/2025,-46000,-1255080000,27.3(0.00 %),0,0,46000,1255080000,0,22.51
17/03/2025,-268900,-7344375000,27.45(0.55 %),0,0,268900,7344375000,124700,22.51
18/03/2025,-71900,-1977090000,27.4(-0.18 %),0,0,71900,1977090000,22000,22.51
19/03/2025,-4200,-114260000,27.25(-0.55 %),0,0,4200,114260000,268900,22.51
20/03/2025,-102200,-2788570000,27.45(0.73 %),0,0,102200,2788570000,0,22.51
21/03/2025,-591600,-16215870000,27.35(-0.36 %),0,0,591600,16215870000,0,22.51
24/03/2025,-5000,-139700000,28(2.38 %),0,0,5000,139700000,102200,22.51
25/03/2025,-7700,-215220000,27.9(-0.36 %),0,0,7700,215220000,445600,22.51
26/03/2025,-46000,-1304250000,28(0.36 %),0,0,46000,1304250000,350200,22.51
27/03/2025,-4800,-133200000,27.75(-0.89 %),0,0,4800,133200000,0,22.51
28/03/2025,-3000,-83250000,27.55(-0.72 %),0,0,3000,83250000,0,22.51
31/03/2025,-117200,-3195545000,27.5(-0.18 %),0,0,117200,3195545000,4800,22.51
01/04/2025,-600,-16570000,27.95(1.64 %),4800,132000000,5400,148570000,353000,22.51
02/04/2025,0,0,27.9(-0.18 %),0,0,0,0,0,22.51
03/04/2025,-7532000,-195760470000,25.95(-6.99 %),0,0,7532000,195760470000,0,22.51
04/04/2025,-7716100,-190215815000,25.7(-0.96 %),0,0,7716100,190215815000,0,22.51
08/04/2025,-1280300,-30723835000,23.95(-6.81 %),0,0,1280300,30723835000,6784000,22.42
09/04/2025,6132900,144977890000,23.6(-1.46 %),6783900,160582865000,651000,15604975000,6968145,22.41
10/04/2025,359600,9079900000,25.25(6.99 %),371000,9367750000,11400,287850000,6225095,22.43
11/04/2025,4236800,113092990000,26.6(5.35 %),6225000,164816010000,1988200,51723020000,651008,22.5
14/04/2025,-591500,-15526155000,26.55(-0.19 %),651000,17316600000,1242500,32842755000,416300,22.51
15/04/2025,-1265200,-32994730000,26(-2.07 %),0,0,1265200,32994730000,1988200,22.49
16/04/2025,842900,22026830000,25.8(-0.77 %),988200,25841430000,145300,3814600000,1242500,22.5
17/04/2025,2000,51125000,26(0.78 %),2500,64000000,500,12875000,1265313,22.5
18/04/2025,1262200,33449230000,26(0.00 %),1265300,33530450000,3100,81220000,145300,22.51
21/04/2025,-17700,-458670000,25.75(-0.96 %),0,0,17700,458670000,0,22.51
22/04/2025,-208500,-5116330000,25.15(-2.33 %),0,0,208500,5116330000,3100,22.51
23/04/2025,3000,77265000,26.1(3.78 %),3100,79825000,100,2560000,17700,22.51
24/04/2025,17700,460200000,25.75(-1.34 %),17700,460200000,0,0,208500,22.51
25/04/2025,0,0,25.95(0.78 %),0,0,0,0,100,22.51
28/04/2025,-12500,-323660000,26(0.19 %),100,2600000,12600,326260000,0,22.51
29/04/2025,-100,-2645000,26.3(1.15 %),0,0,100,2645000,0,22.51
05/05/2025,3274300,-34662300,26.5(0.76 %),3274300,90419794500,0,90454456800,12600,22.51
06/05/2025,9600,253550000,26.85(1.32 %),327000,9082080000,317400,8828530000,3100,22.51
07/05/2025,-5400,-145090000,27(0.56 %),3100,83235000,8500,228325000,4420,22.51
08/05/2025,4400,118800000,27.4(1.48 %),170100,4816395000,165700,4697595000,0,22.51
09/05/2025,-25900,-712940000,27.6(0.73 %),50700,1458639000,76600,2171579000,5400,22.51
12/05/2025,-80600,-2345390000,29.4(6.52 %),5400,149355000,86000,2494745000,5400,22.51
13/05/2025,3400,100450000,29.4(0.00 %),155400,4876800000,152000,4776350000,27900,22.51
14/05/2025,25900,760165000,29.85(1.53 %),367800,11508720000,341900,10748555000,82600,22.51
15/05/2025,648580,1253470000,29.9(0.17 %),648580,20524502000,0,19271032000,40800,22.51
16/05/2025,942400,1013770000,29.45(-1.51 %),942400,30026040000,0,29012270000,7000,22.51
19/05/2025,7000,141587150,29.5(0.17 %),7000,204400000,0,62812850,2127,22.51
20/05/2025,1002126,-613267850,30.95(4.92 %),1002126,31612732150,0,32226000000,2127,22.51
21/05/2025,263527,44310650,30.9(-0.16 %),263527,8718275650,0,8673965000,700,22.51
22/05/2025,676673,5436000,30.5(-1.29 %),676673,22362362650,0,22356926650,20394,22.51
23/05/2025,20300,620165000,30.15(-1.15 %),731100,23792245000,710800,23172080000,0,22.51
26/05/2025,0,0,30.35(0.66 %),0,0,0,0,0,22.51
27/05/2025,0,0,30.6(0.82 %),0,0,0,0,0,22.51
28/05/2025,755300,-337150000,30.5(-0.33 %),755300,24698310000,0,25035460000,0,22.51
29/05/2025,4748300,-24440000,30.8(0.98 %),4748300,154794580000,0,154819020000,0,22.51
30/05/2025,0,0,30.45(-1.14 %),0,0,0,0,11000,22.51
02/06/2025,159100,273200000,30.85(1.31 %),159100,5155055000,0,4881855000,2800,22.51
03/06/2025,107700,-17635000,31.6(2.43 %),107700,3548220000,0,3565855000,2800,22.51
04/06/2025,1362800,88760000,31.35(-0.79 %),1362800,46056760000,0,45968000000,0,22.51
05/06/2025,144500,-1562500000,31.1(-0.80 %),144500,4840750000,0,6403250000,500,22.51
06/06/2025,70500,15500000,30.3(-2.57 %),70500,2343000000,0,2327500000,0,22.51
09/06/2025,315300,-33155000,29.75(-1.82 %),315300,10215720000,0,10248875000,50000,22.51
10/06/2025,49500,1455525000,30.05(1.01 %),49500,1482525000,0,27000000,1400,22.51
11/06/2025,1400,42490000,30.1(0.17 %),1400,42490000,0,0,1100,22.51
12/06/2025,1100,33385000,30.95(2.82 %),1100,33385000,0,0,0,22.51
13/06/2025,0,0,31.2(0.81 %),0,0,0,0,0,22.51
16/06/2025,0,0,32.3(3.53 %),0,0,0,0,0,22.51
17/06/2025,-100,-3255000,32.4(0.31 %),0,0,100,3255000,26,22.51
18/06/2025,0,0,32.8(1.23 %),0,0,0,0,0,22.51
19/06/2025,-1000,-33500000,34(3.66 %),0,0,1000,33500000,100,22.51
20/06/2025,-2600,-88515000,34(0.00 %),100,3420000,2700,91935000,100,22.51
23/06/2025,-16300,-547625000,33.8(-0.59 %),100,3360000,16400,550985000,1100,22.51
24/06/2025,700,23795000,34(0.59 %),1100,37455000,400,13660000,3000,22.51
25/06/2025,3000,102450000,33.8(-0.59 %),3000,102450000,0,0,16300,22.51
26/06/2025,16300,554200000,34.05(0.74 %),16300,554200000,0,0,0,22.51
27/06/2025,0,0,33.95(-0.29 %),0,0,0,0,0,22.51
30/06/2025,0,0,34.2(0.74 %),0,0,0,0,0,22.51
01/07/2025,-800,-27490000,34.4(0.58 %),0,0,800,27490000,0,22.51
02/07/2025,-35000,-1212250000,35(1.74 %),0,0,35000,1212250000,0,22.51
03/07/2025,0,0,34.85(-0.43 %),0,0,0,0,800,22.51
04/07/2025,800,27880000,34.95(0.29 %),800,27880000,0,0,35000,22.51
07/07/2025,34000,1196700000,35.3(1.00 %),35000,1232000000,1000,35300000,1000,22.51
08/07/2025,200,7040000,35.3(0.00 %),1000,35300000,800,28260000,810,22.51
09/07/2025,300,10835000,34.9(-1.13 %),800,28360000,500,17525000,500,22.51
10/07/2025,-67900,-2363250000,34.8(-0.29 %),500,17450000,68400,2380700000,500,22.51
11/07/2025,-24600,-864730000,34.95(0.43 %),400,14020000,25000,878750000,500,22.51
14/07/2025,400,13950000,35.1(0.43 %),400,13950000,0,0,67990,22.51
15/07/2025,37900,1359740000,34.8(-0.85 %),67900,2417240000,30000,1057500000,54530,22.51
16/07/2025,0,0,35.25(1.29 %),0,0,0,0,30,22.51
17/07/2025,-25000,-882000000,35.15(-0.28 %),0,0,25000,882000000,30,22.51
18/07/2025,-12500,-450000000,36.25(3.13 %),0,0,12500,450000000,0,22.51
21/07/2025,0,0,35.45(-2.21 %),0,0,0,0,24970,22.51
22/07/2025,14800,517130000,35.35(-0.28 %),24900,871500000,10100,354370000,22600,22.51
23/07/2025,13900,490995000,35(-0.99 %),22600,797235000,8700,306240000,8700,22.51
24/07/2025,7700,269785000,35.05(0.14 %),8700,304935000,1000,35150000,1000,22.51
25/07/2025,-16800,-588870000,35.2(0.43 %),0,0,16800,588870000,1000,22.51
28/07/2025,1000,35250000,35.6(1.14 %),1000,35250000,0,0,0,22.51
29/07/2025,-94000,-3187600000,33.9(-4.78 %),0,0,94000,3187600000,16800,22.51
30/07/2025,16800,573720000,34.5(1.77 %),16800,573720000,0,0,0,22.51
31/07/2025,0,0,34(-1.45 %),0,0,0,0,94000,22.51
01/08/2025,46600,1594965000,34.1(0.29 %),46600,1594965000,0,0,0,22.51
04/08/2025,-100,-3440000,35.35(3.67 %),0,0,100,3440000,0,22.51
05/08/2025,-49000,-1852200000,37(4.67 %),0,0,49000,1852200000,0,22.51
06/08/2025,0,0,38.2(3.24 %),0,0,0,0,100,22.51
07/08/2025,-2400,-92040000,38.4(0.52 %),0,0,2400,92040000,49100,22.51
08/08/2025,49100,1902625000,37.85(-1.43 %),49100,1902625000,0,0,0,22.51
11/08/2025,0,0,37.75(-0.26 %),0,0,0,0,2384,22.51
12/08/2025,2300,86940000,37.7(-0.13 %),2300,86940000,0,0,0,22.51
13/08/2025,0,0,37.5(-0.53 %),0,0,0,0,0,22.51
14/08/2025,-195100,-7503845000,38.4(2.40 %),0,0,195100,7503845000,0,22.51
15/08/2025,-1902100,-71647450000,37.6(-2.08 %),0,0,1902100,71647450000,0,22.51
18/08/2025,0,0,37.95(0.93 %),0,0,0,0,195100,22.51
19/08/2025,149300,5686060000,39.2(3.29 %),195100,7462575000,45800,1776515000,1947900,22.49
20/08/2025,-247200,-9101010000,40.5(3.32 %),1947900,78664105000,2195100,87765115000,1947900,22.49
21/08/2025,-873700,-37030535000,41.55(2.59 %),1746100,72473095000,2619800,109503630000,1947900,22.49
22/08/2025,1164000,46875955000,39(-6.14 %),1943600,77810780000,779600,30934825000,1947900,22.49
25/08/2025,-1218400,-46008750000,37.55(-3.72 %),1030200,39949395000,2248600,85958145000,1030994,22.5
26/08/2025,1154500,43925525000,0(-100.00 %),1832200,69494210000,677700,25568685000,1904628,22.49
