Ngay,KLGDRong,GTDGRong,ThayDoi,KLMua,GtMua,KLBan,GtBan,RoomConLai,DangSoHuu
25/01/2002,16200,380700,0(0.00 %),16200,380700,0,0,0,0.0
28/01/2002,9900,236610,0(0.00 %),9900,236610,0,0,0,0.0
30/01/2002,26800,640520,0(0.00 %),26800,640520,0,0,0,0.0
12/03/2002,9900,185130,0(0.00 %),9900,185130,0,0,0,0.0
25/03/2002,7000,137900,0(0.00 %),7000,137900,0,0,0,0.0
25/04/2002,5000,103000,0(0.00 %),5000,103000,0,0,0,0.0
29/10/2002,5000,76500,0(0.00 %),5000,76500,0,0,0,0.0
03/01/2003,1000,15400,0(0.00 %),1000,15400,0,0,0,0.0
06/01/2003,7000,105000,0(0.00 %),7000,105000,0,0,0,0.0
27/01/2003,-700,-10430,0(0.00 %),0,0,700,10430,0,0.0
17/02/2003,1400,19600,0(0.00 %),1400,19600,0,0,0,0.0
07/05/2003,600,7320,0(0.00 %),600,7320,0,0,0,0.0
09/05/2003,2800,34440,0(0.00 %),2800,34440,0,0,0,0.0
12/05/2003,5800,71920,0(0.00 %),5800,71920,0,0,0,0.0
13/05/2003,100,1230,0(0.00 %),100,1230,0,0,0,0.0
19/05/2003,500,6000,0(0.00 %),500,6000,0,0,0,0.0
09/10/2003,-900,-8370,0(0.00 %),0,0,900,8370,0,0.0
10/11/2003,-500,-3900,0(0.00 %),0,0,500,3900,0,0.0
13/11/2003,20,162,0(0.00 %),20,162,0,0,0,0.0
20/11/2003,3250,28600,0(0.00 %),3250,28600,0,0,0,0.0
21/11/2003,11540,106168,0(0.00 %),11540,106168,0,0,0,0.0
24/11/2003,9900,95040,0(0.00 %),9900,95040,0,0,0,0.0
25/11/2003,3480,34800,0(0.00 %),3480,34800,0,0,0,0.0
26/11/2003,3600,37800,0(0.00 %),3600,37800,0,0,0,0.0
04/12/2003,-1900,-19000,0(0.00 %),0,0,1900,19000,0,0.0
08/12/2003,-530,-5300,0(0.00 %),0,0,530,5300,0,0.0
17/12/2003,40,412,0(0.00 %),40,412,0,0,0,0.0
19/12/2003,630,6489,0(0.00 %),630,6489,0,0,0,0.0
23/12/2003,-500,-5000,0(0.00 %),0,0,500,5000,0,0.0
24/12/2003,-1450,-14645,0(0.00 %),0,0,1450,14645,0,0.0
05/01/2004,10,101,0(0.00 %),10,101,0,0,0,0.0
15/01/2004,-490,-5145,0(0.00 %),30,315,520,5460,0,0.0
16/01/2004,-480,-5040,0(0.00 %),0,0,480,5040,0,0.0
29/01/2004,-14000,-169400,0(0.00 %),0,0,14000,169400,0,0.0
06/02/2004,-650,-7735,0(0.00 %),350,4165,1000,11900,0,0.0
10/02/2004,-1000,-11600,0(0.00 %),0,0,1000,11600,0,0.0
11/02/2004,-1000,-11800,0(0.00 %),0,0,1000,11800,0,0.0
17/02/2004,-2800,-32480,0(0.00 %),0,0,2800,32480,0,0.0
18/02/2004,-270,-3159,0(0.00 %),0,0,270,3159,0,0.0
19/02/2004,-210,-2457,0(0.00 %),0,0,210,2457,0,0.0
24/02/2004,500,6150,0(0.00 %),500,6150,0,0,0,0.0
01/03/2004,3000,38100,0(0.00 %),3000,38100,0,0,0,0.0
10/03/2004,-3000,-36000,0(0.00 %),0,0,3000,36000,0,0.0
04/05/2004,400,4360,0(0.00 %),400,4360,0,0,0,0.0
09/07/2004,800,8000,0(0.00 %),800,8000,0,0,0,0.0
27/07/2004,500,5000,0(0.00 %),500,5000,0,0,0,0.0
23/09/2004,30,285,0(0.00 %),30,285,0,0,0,0.0
24/09/2004,420,3990,0(0.00 %),420,3990,0,0,0,0.0
27/09/2004,4000,38000,0(0.00 %),4000,38000,0,0,0,0.0
28/09/2004,270,2538,0(0.00 %),270,2538,0,0,0,0.0
21/03/2005,700,6720,0(0.00 %),700,6720,0,0,0,0.0
08/04/2005,10000,90000,0(0.00 %),10000,90000,0,0,0,0.0
28/04/2005,-20,-178,0(0.00 %),0,0,20,178,0,0.0
21/07/2005,-680,-6392,0(0.00 %),0,0,680,6392,0,0.0
02/08/2005,-500,-5100,0(0.00 %),0,0,500,5100,0,0.0
13/09/2005,2920,28616,0(0.00 %),2920,28616,0,0,0,0.0
19/09/2005,500,4950,0(0.00 %),500,4950,0,0,0,0.0
26/09/2005,130,1274,0(0.00 %),130,1274,0,0,0,0.0
29/09/2005,1380,13524,0(0.00 %),1380,13524,0,0,0,0.0
03/10/2005,100,1020,0(0.00 %),100,1020,0,0,0,0.0
29/11/2005,200,2640,0(0.00 %),200,2640,0,0,0,0.0
09/12/2005,100,1290,0(0.00 %),100,1290,0,0,0,0.0
15/12/2005,100,1270,0(0.00 %),100,1270,0,0,0,0.0
16/12/2005,400,5080,0(0.00 %),400,5080,0,0,0,0.0
21/12/2005,200,2480,0(0.00 %),200,2480,0,0,0,0.0
23/12/2005,200,2472,0(0.00 %),200,2472,0,0,0,0.0
11/01/2006,200,2420,0(0.00 %),200,2420,0,0,0,0.0
18/01/2006,200,2440,0(0.00 %),200,2440,0,0,0,0.0
25/01/2006,5500,70950,0(0.00 %),6000,77400,500,6450,0,0.0
26/01/2006,300,3970,0(0.00 %),500,6650,200,2680,0,0.0
06/02/2006,500,6650,0(0.00 %),500,6650,0,0,0,0.0
20/02/2006,500,6450,0(0.00 %),500,6450,0,0,0,0.0
21/02/2006,500,6450,0(0.00 %),500,6450,0,0,0,0.0
22/02/2006,500,6200,0(0.00 %),500,6200,0,0,0,0.0
23/02/2006,500,6200,0(0.00 %),500,6200,0,0,0,0.0
01/03/2006,200,2500,0(0.00 %),200,2500,0,0,0,0.0
03/03/2006,-500,-6750,0(0.00 %),0,0,500,6750,0,0.0
06/03/2006,-2000,-26000,0(0.00 %),500,6500,2500,32500,0,0.0
09/03/2006,-1000,-14000,0(0.00 %),0,0,1000,14000,0,0.0
10/03/2006,-350,-5145,0(0.00 %),150,2205,500,7350,0,0.0
13/03/2006,-500,-7700,0(0.00 %),0,0,500,7700,0,0.0
14/03/2006,-300,-4800,0(0.00 %),0,0,300,4800,0,0.0
15/03/2006,200,2960,0(0.00 %),200,2960,0,0,0,0.0
22/03/2006,-200,-3580,0(0.00 %),0,0,200,3580,0,0.0
24/03/2006,-640,-10752,0(0.00 %),0,0,640,10752,0,0.0
27/03/2006,900,15120,0(0.00 %),900,15120,0,0,0,0.0
31/03/2006,-120,-2236,0(0.00 %),80,1504,200,3740,0,0.0
05/04/2006,5500,98450,0(0.00 %),5500,98450,0,0,0,0.0
06/04/2006,-50,-925,0(0.00 %),0,0,50,925,0,0.0
14/04/2006,-30,-741,0(0.00 %),0,0,30,741,0,0.0
19/04/2006,-200,-5680,0(0.00 %),0,0,200,5680,0,0.0
21/04/2006,-300,-9360,0(0.00 %),0,0,300,9360,0,0.0
24/04/2006,-43170,-1411659,0(0.00 %),0,0,43170,1411659,0,0.0
25/04/2006,19380,664734,0(0.00 %),19980,685314,600,20580,0,0.0
27/04/2006,100,3700,0(0.00 %),100,3700,0,0,0,0.0
28/04/2006,700,25050,0(0.00 %),700,25050,0,0,0,0.0
04/05/2006,7700,248250,0(0.00 %),7700,248250,0,0,0,0.0
05/05/2006,3100,94240,0(0.00 %),3100,94240,0,0,0,0.0
08/05/2006,500,14450,0(0.00 %),500,14450,0,0,0,0.0
10/05/2006,600,15720,0(0.00 %),600,15720,0,0,0,0.0
11/05/2006,100,2490,0(0.00 %),100,2490,0,0,0,0.0
12/05/2006,3050,72405,0(0.00 %),3050,72405,0,0,0,0.0
15/05/2006,4000,109600,0(0.00 %),4000,109600,0,0,0,0.0
17/05/2006,-4500,-112500,0(0.00 %),500,12500,5000,125000,0,0.0
18/05/2006,170,4199,0(0.00 %),200,4940,30,741,0,0.0
19/05/2006,-5000,-117500,0(0.00 %),0,0,5000,117500,0,0.0
22/05/2006,-210,-4704,0(0.00 %),0,0,210,4704,0,0.0
23/05/2006,-1770,-37974,0(0.00 %),0,0,1770,37974,0,0.0
24/05/2006,300,6090,0(0.00 %),300,6090,0,0,0,0.0
25/05/2006,-5980,-122574,0(0.00 %),20,426,6000,123000,0,0.0
26/05/2006,-1100,-22090,0(0.00 %),500,9750,1600,31840,0,0.0
29/05/2006,500,9950,0(0.00 %),500,9950,0,0,0,0.0
31/05/2006,-280,-5068,0(0.00 %),200,3620,480,8688,0,0.0
01/06/2006,200,3440,0(0.00 %),200,3440,0,0,0,0.0
06/06/2006,30,594,0(0.00 %),30,594,0,0,0,0.0
07/06/2006,-200,-3960,0(0.00 %),0,0,200,3960,0,0.0
16/06/2006,10,185,0(0.00 %),10,185,0,0,0,0.0
19/06/2006,260,4774,0(0.00 %),300,5550,40,776,0,0.0
28/06/2006,300,5370,0(0.00 %),300,5370,0,0,0,0.0
29/06/2006,100,1870,0(0.00 %),100,1870,0,0,0,0.0
03/07/2006,1400,25820,0(0.00 %),1400,25820,0,0,0,0.0
11/07/2006,300,5550,0(0.00 %),300,5550,0,0,0,0.0
19/07/2006,-70,-1169,0(0.00 %),0,0,70,1169,0,0.0
20/07/2006,-600,-9480,0(0.00 %),0,0,600,9480,0,0.0
21/07/2006,300,4800,0(0.00 %),300,4800,0,0,0,0.0
31/07/2006,200,3100,0(0.00 %),200,3100,0,0,0,0.0
07/08/2006,2200,34620,0(0.00 %),2200,34620,0,0,0,0.0
08/08/2006,700,10800,0(0.00 %),700,10800,0,0,0,0.0
11/08/2006,1170,18720,0(0.00 %),1170,18720,0,0,0,0.0
14/08/2006,-120,-2048,0(0.00 %),80,1312,200,3360,0,0.0
16/08/2006,-300,-5160,0(0.00 %),0,0,300,5160,0,0.0
17/08/2006,9030,162540,0(0.00 %),9330,167940,300,5400,0,0.0
18/08/2006,-300,-5670,0(0.00 %),0,0,300,5670,0,0.0
21/08/2006,-30,-543,0(0.00 %),0,0,30,543,0,0.0
22/08/2006,-300,-5550,0(0.00 %),0,0,300,5550,0,0.0
25/08/2006,100,1810,0(0.00 %),100,1810,0,0,0,0.0
31/08/2006,-2000,-37600,0(0.00 %),0,0,2000,37600,0,0.0
01/09/2006,-300,-5700,0(0.00 %),0,0,300,5700,0,0.0
05/09/2006,350,6930,0(0.00 %),750,14850,400,7920,0,0.0
06/09/2006,8290,169116,0(0.00 %),8590,175236,300,6120,0,0.0
07/09/2006,6360,125928,0(0.00 %),6360,125928,0,0,0,0.0
11/09/2006,-200,-4340,0(0.00 %),0,0,200,4340,0,0.0
12/09/2006,-300,-6810,0(0.00 %),0,0,300,6810,0,0.0
14/09/2006,13300,285950,0(0.00 %),13300,285950,0,0,0,0.0
15/09/2006,-18890,-387230,0(0.00 %),110,2270,19000,389500,0,0.0
18/09/2006,-10000,-200000,0(0.00 %),30,600,10030,200600,0,0.0
20/09/2006,2000,45400,0(0.00 %),2000,45400,0,0,0,0.0
28/09/2006,10,219,0(0.00 %),10,219,0,0,0,0.0
29/09/2006,300,6420,0(0.00 %),300,6420,0,0,0,0.0
02/10/2006,800,17070,0(0.00 %),800,17070,0,0,0,0.0
03/10/2006,810,17253,0(0.00 %),810,17253,0,0,0,0.0
05/10/2006,500,10500,0(0.00 %),500,10500,0,0,0,0.0
06/10/2006,300,6180,0(0.00 %),300,6180,0,0,0,0.0
10/10/2006,300,6030,0(0.00 %),300,6030,0,0,0,0.0
13/10/2006,260,5356,0(0.00 %),260,5356,0,0,0,0.0
17/10/2006,300,6000,0(0.00 %),300,6000,0,0,0,0.0
18/10/2006,300,5790,0(0.00 %),300,5790,0,0,0,0.0
24/10/2006,300,5730,0(0.00 %),300,5730,0,0,0,0.0
27/10/2006,100,1940,0(0.00 %),100,1940,0,0,0,0.0
31/10/2006,200,3560,0(0.00 %),200,3560,0,0,0,0.0
02/11/2006,-200,-3900,0(0.00 %),0,0,200,3900,0,0.0
10/11/2006,-500,-9450,0(0.00 %),0,0,500,9450,0,0.0
14/11/2006,140,2590,0(0.00 %),140,2590,0,0,0,0.0
22/11/2006,2000,36000,0(0.00 %),2000,36000,0,0,0,0.0
23/11/2006,500,9100,0(0.00 %),500,9100,0,0,0,0.0
27/11/2006,1600,30600,0(0.00 %),2600,49700,1000,19100,0,0.0
30/11/2006,100,1820,0(0.00 %),100,1820,0,0,0,0.0
08/12/2006,-1770,-30798,0(0.00 %),0,0,1770,30798,0,0.0
11/12/2006,-10230,-184140,0(0.00 %),0,0,10230,184140,0,0.0
13/12/2006,-300,-5940,0(0.00 %),0,0,300,5940,0,0.0
14/12/2006,-300,-6210,0(0.00 %),0,0,300,6210,0,0.0
15/12/2006,-400,-8680,0(0.00 %),0,0,400,8680,0,0.0
18/12/2006,-300,-6810,0(0.00 %),0,0,300,6810,0,0.0
19/12/2006,-300,-7140,0(0.00 %),0,0,300,7140,0,0.0
20/12/2006,-3400,-84660,0(0.00 %),0,0,3400,84660,0,0.0
21/12/2006,-35600,-929160,0(0.00 %),0,0,35600,929160,0,0.0
22/12/2006,500,12900,0(0.00 %),500,12900,0,0,0,0.0
25/12/2006,-400,-10410,0(0.00 %),0,0,400,10410,0,0.0
26/12/2006,-200,-5460,0(0.00 %),0,0,200,5460,0,0.0
01/03/2007,0,0,0(0.00 %),0,0,0,0,0,0.0
02/03/2007,0,0,0(0.00 %),0,0,0,0,0,0.0
05/03/2007,1800,90000000,0(0.00 %),1800,90000000,0,0,0,0.0
06/03/2007,0,0,0(0.00 %),0,0,0,0,0,0.0
07/03/2007,2000,98000000,0(0.00 %),2000,98000000,0,0,0,0.0
08/03/2007,0,0,0(0.00 %),0,0,0,0,0,0.0
09/03/2007,0,0,0(0.00 %),0,0,0,0,0,0.0
12/03/2007,0,0,0(0.00 %),0,0,0,0,0,0.0
13/03/2007,-4430,-259155000,0(0.00 %),0,0,4430,259155000,0,0.0
14/03/2007,100,5600000,0(0.00 %),100,5600000,0,0,0,0.0
15/03/2007,0,0,0(0.00 %),0,0,0,0,0,0.0
16/03/2007,0,0,0(0.00 %),0,0,0,0,0,0.0
19/03/2007,0,0,0(0.00 %),0,0,0,0,0,0.0
20/03/2007,0,0,0(0.00 %),0,0,0,0,0,0.0
21/03/2007,0,0,0(0.00 %),0,0,0,0,0,0.0
22/03/2007,0,0,0(0.00 %),0,0,0,0,0,0.0
23/03/2007,-830,-40587000,0(0.00 %),0,0,830,40587000,0,0.0
26/03/2007,0,0,0(0.00 %),0,0,0,0,0,0.0
27/03/2007,0,0,0(0.00 %),0,0,0,0,0,0.0
28/03/2007,0,0,0(0.00 %),0,0,0,0,0,0.0
29/03/2007,0,0,0(0.00 %),0,0,0,0,0,0.0
30/03/2007,0,0,0(0.00 %),0,0,0,0,0,0.0
02/04/2007,0,0,0(0.00 %),0,0,0,0,0,0.0
03/04/2007,0,0,0(0.00 %),0,0,0,0,0,0.0
04/04/2007,-600,-26280000,0(0.00 %),0,0,600,26280000,0,0.0
05/04/2007,0,0,0(0.00 %),0,0,0,0,0,0.0
06/04/2007,0,0,0(0.00 %),0,0,0,0,0,0.0
09/04/2007,-500,-20000000,0(0.00 %),0,0,500,20000000,0,0.0
10/04/2007,0,0,0(0.00 %),0,0,0,0,0,0.0
11/04/2007,0,0,0(0.00 %),0,0,0,0,0,0.0
12/04/2007,0,0,0(0.00 %),0,0,0,0,0,0.0
13/04/2007,0,0,0(0.00 %),0,0,0,0,0,0.0
16/04/2007,300,10680000,0(0.00 %),300,10680000,0,0,0,0.0
17/04/2007,0,0,0(0.00 %),0,0,0,0,0,0.0
18/04/2007,-900,-31230000,0(0.00 %),0,0,900,31230000,0,0.0
19/04/2007,0,0,0(0.00 %),0,0,0,0,0,0.0
20/04/2007,0,0,0(0.00 %),0,0,0,0,0,0.0
23/04/2007,0,0,0(0.00 %),0,0,0,0,0,0.0
24/04/2007,0,0,0(0.00 %),0,0,0,0,0,0.0
25/04/2007,0,0,0(0.00 %),0,0,0,0,0,0.0
02/05/2007,0,0,0(0.00 %),0,0,0,0,0,0.0
03/05/2007,0,0,0(0.00 %),0,0,0,0,0,0.0
04/05/2007,1000,30000000,0(0.00 %),1000,30000000,0,0,0,0.0
07/05/2007,-500,-15500000,0(0.00 %),0,0,500,15500000,0,0.0
08/05/2007,0,0,0(0.00 %),0,0,0,0,0,0.0
09/05/2007,0,0,0(0.00 %),0,0,0,0,0,0.0
10/05/2007,0,0,0(0.00 %),0,0,0,0,0,0.0
11/05/2007,0,0,0(0.00 %),0,0,0,0,0,0.0
14/05/2007,0,0,0(0.00 %),0,0,0,0,0,0.0
15/05/2007,0,0,0(0.00 %),0,0,0,0,0,0.0
16/05/2007,4700,159800000,0(0.00 %),4700,159800000,0,0,0,0.0
17/05/2007,0,0,0(0.00 %),0,0,0,0,0,0.0
18/05/2007,0,0,0(0.00 %),0,0,0,0,0,0.0
21/05/2007,0,0,0(0.00 %),0,0,0,0,0,0.0
22/05/2007,-2350,-77550000,0(0.00 %),0,0,2350,77550000,0,0.0
23/05/2007,0,0,0(0.00 %),0,0,0,0,0,0.0
24/05/2007,0,0,0(0.00 %),0,0,0,0,0,0.0
25/05/2007,0,0,0(0.00 %),0,0,0,0,0,0.0
28/05/2007,0,0,0(0.00 %),0,0,0,0,0,0.0
29/05/2007,0,0,0(0.00 %),0,0,0,0,0,0.0
30/05/2007,0,0,0(0.00 %),0,0,0,0,0,0.0
31/05/2007,0,0,0(0.00 %),0,0,0,0,0,0.0
01/06/2007,0,0,0(0.00 %),0,0,0,0,0,0.0
04/06/2007,500,17000000,0(0.00 %),500,17000000,0,0,0,0.0
05/06/2007,0,0,0(0.00 %),0,0,0,0,0,0.0
06/06/2007,3000,103800000,0(0.00 %),3000,103800000,0,0,0,0.0
07/06/2007,-4720,-171336000,0(0.00 %),0,0,4720,171336000,0,0.0
08/06/2007,4000,152400000,0(0.00 %),4000,152400000,0,0,0,0.0
11/06/2007,0,0,0(0.00 %),0,0,0,0,0,0.0
12/06/2007,-3000,-126000000,0(0.00 %),0,0,3000,126000000,0,0.0
13/06/2007,0,0,0(0.00 %),0,0,0,0,0,0.0
14/06/2007,0,0,0(0.00 %),0,0,0,0,0,0.0
15/06/2007,500,18200000,0(0.00 %),500,18200000,0,0,0,0.0
18/06/2007,0,0,0(0.00 %),0,0,0,0,0,0.0
19/06/2007,0,0,0(0.00 %),0,0,0,0,0,0.0
20/06/2007,0,0,0(0.00 %),0,0,0,0,0,0.0
21/06/2007,0,0,0(0.00 %),0,0,0,0,0,0.0
22/06/2007,0,0,0(0.00 %),0,0,0,0,0,0.0
25/06/2007,0,0,0(0.00 %),0,0,0,0,0,0.0
26/06/2007,1130,39550000,0(0.00 %),1130,39550000,0,0,0,0.0
27/06/2007,0,0,0(0.00 %),0,0,0,0,0,0.0
28/06/2007,-2000,-68000000,0(0.00 %),0,0,2000,68000000,0,0.0
29/06/2007,0,0,0(0.00 %),0,0,0,0,0,0.0
02/07/2007,0,0,0(0.00 %),0,0,0,0,0,0.0
03/07/2007,0,0,0(0.00 %),0,0,0,0,0,0.0
04/07/2007,-2700,-89100000,0(0.00 %),0,0,2700,89100000,0,0.0
05/07/2007,-2430,-81970000,0(0.00 %),0,0,2430,81970000,0,0.0
06/07/2007,0,0,0(0.00 %),0,0,0,0,0,0.0
09/07/2007,0,0,0(0.00 %),0,0,0,0,0,0.0
10/07/2007,-200,-6700000,0(0.00 %),0,0,200,6700000,0,0.0
11/07/2007,0,0,0(0.00 %),0,0,0,0,0,0.0
12/07/2007,0,0,0(0.00 %),0,0,0,0,0,0.0
13/07/2007,2000,68000000,0(0.00 %),2000,68000000,0,0,0,0.0
16/07/2007,1800,61440000,0(0.00 %),2000,68000000,200,6560000,0,0.0
17/07/2007,0,0,0(0.00 %),0,0,0,0,0,0.0
18/07/2007,0,0,0(0.00 %),0,0,0,0,0,0.0
19/07/2007,0,0,0(0.00 %),0,0,0,0,0,0.0
20/07/2007,0,0,0(0.00 %),0,0,0,0,0,0.0
23/07/2007,0,0,0(0.00 %),0,0,0,0,0,0.0
24/07/2007,-100,-3550000,0(0.00 %),0,0,100,3550000,0,0.0
25/07/2007,-600,-20160000,0(0.00 %),0,0,600,20160000,0,0.0
26/07/2007,-610,-20530000,0(0.00 %),500,16100000,1110,36630000,0,0.0
27/07/2007,-790,-25675000,0(0.00 %),100,3250000,890,28925000,0,0.0
30/07/2007,0,0,0(0.00 %),0,0,0,0,0,0.0
31/07/2007,0,0,0(0.00 %),0,0,0,0,0,0.0
01/08/2007,0,0,0(0.00 %),0,0,0,0,0,0.0
02/08/2007,0,0,0(0.00 %),0,0,0,0,0,0.0
03/08/2007,20,612000,0(0.00 %),20,612000,0,0,0,0.0
06/08/2007,20,558000,0(0.00 %),20,558000,0,0,0,0.0
07/08/2007,0,0,0(0.00 %),0,0,0,0,0,0.0
08/08/2007,0,0,0(0.00 %),0,0,0,0,0,0.0
09/08/2007,0,0,0(0.00 %),0,0,0,0,0,0.0
10/08/2007,0,0,0(0.00 %),0,0,0,0,0,0.0
13/08/2007,0,0,0(0.00 %),0,0,0,0,0,0.0
14/08/2007,-150,-4215000,0(0.00 %),0,0,150,4215000,0,0.0
15/08/2007,0,0,0(0.00 %),0,0,0,0,0,0.0
16/08/2007,0,0,0(0.00 %),0,0,0,0,0,0.0
17/08/2007,3910,117300000,0(0.00 %),3910,117300000,0,0,0,0.0
20/08/2007,2030,60790000,0(0.00 %),2030,60790000,0,0,0,0.0
21/08/2007,0,0,0(0.00 %),0,0,0,0,0,0.0
22/08/2007,0,0,0(0.00 %),0,0,0,0,0,0.0
23/08/2007,0,0,0(0.00 %),0,0,0,0,0,0.0
24/08/2007,0,0,0(0.00 %),0,0,0,0,0,0.0
27/08/2007,0,0,0(0.00 %),0,0,0,0,0,0.0
28/08/2007,0,0,0(0.00 %),0,0,0,0,0,0.0
29/08/2007,0,0,0(0.00 %),0,0,0,0,0,0.0
30/08/2007,0,0,0(0.00 %),0,0,0,0,0,0.0
31/08/2007,0,0,0(0.00 %),0,0,0,0,0,0.0
04/09/2007,0,0,0(0.00 %),0,0,0,0,0,0.0
05/09/2007,0,0,0(0.00 %),0,0,0,0,0,0.0
06/09/2007,100,3280000,0(0.00 %),100,3280000,0,0,0,0.0
07/09/2007,-300,-10320000,0(0.00 %),0,0,300,10320000,0,0.0
10/09/2007,0,0,0(0.00 %),0,0,0,0,0,0.0
11/09/2007,0,0,0(0.00 %),0,0,0,0,0,0.0
12/09/2007,0,0,0(0.00 %),0,0,0,0,0,0.0
13/09/2007,0,0,0(0.00 %),0,0,0,0,0,0.0
14/09/2007,0,0,0(0.00 %),0,0,0,0,0,0.0
17/09/2007,0,0,0(0.00 %),0,0,0,0,0,0.0
18/09/2007,0,0,0(0.00 %),0,0,0,0,0,0.0
19/09/2007,0,0,0(0.00 %),0,0,0,0,0,0.0
20/09/2007,2000,64000000,0(0.00 %),2000,64000000,0,0,0,0.0
21/09/2007,0,0,0(0.00 %),0,0,0,0,0,0.0
24/09/2007,0,0,0(0.00 %),0,0,0,0,0,0.0
25/09/2007,90,2640000,0(0.00 %),290,9280000,200,6640000,0,0.0
26/09/2007,0,0,0(0.00 %),0,0,0,0,0,0.0
27/09/2007,300,10620000,0(0.00 %),300,10620000,0,0,0,0.0
28/09/2007,-1000,-34600000,0(0.00 %),0,0,1000,34600000,0,0.0
01/10/2007,0,0,0(0.00 %),0,0,0,0,0,0.0
02/10/2007,0,0,0(0.00 %),0,0,0,0,0,0.0
03/10/2007,-1290,-43731000,0(0.00 %),0,0,1290,43731000,0,0.0
04/10/2007,0,0,0(0.00 %),0,0,0,0,0,0.0
05/10/2007,500,16650000,0(0.00 %),500,16650000,0,0,0,0.0
08/10/2007,0,0,0(0.00 %),0,0,0,0,0,0.0
09/10/2007,0,0,0(0.00 %),0,0,0,0,0,0.0
10/10/2007,0,0,0(0.00 %),0,0,0,0,0,0.0
11/10/2007,1300,48300000,0(0.00 %),1300,48300000,0,0,0,0.0
12/10/2007,-500,-17750000,0(0.00 %),0,0,500,17750000,0,0.0
15/10/2007,0,0,0(0.00 %),0,0,0,0,0,0.0
16/10/2007,0,0,0(0.00 %),0,0,0,0,0,0.0
17/10/2007,0,0,0(0.00 %),0,0,0,0,0,0.0
18/10/2007,0,0,0(0.00 %),0,0,0,0,0,0.0
19/10/2007,-2000,-71400000,0(0.00 %),0,0,2000,71400000,0,0.0
22/10/2007,0,0,0(0.00 %),0,0,0,0,0,0.0
23/10/2007,0,0,0(0.00 %),0,0,0,0,0,0.0
24/10/2007,0,0,0(0.00 %),0,0,0,0,0,0.0
25/10/2007,0,0,0(0.00 %),0,0,0,0,0,0.0
26/10/2007,0,0,0(0.00 %),0,0,0,0,0,0.0
29/10/2007,0,0,0(0.00 %),0,0,0,0,0,0.0
30/10/2007,0,0,0(0.00 %),0,0,0,0,0,0.0
31/10/2007,0,0,0(0.00 %),0,0,0,0,0,0.0
01/11/2007,2000,92100000,0(0.00 %),2000,92100000,0,0,0,0.0
02/11/2007,0,0,0(0.00 %),0,0,0,0,0,0.0
05/11/2007,0,0,0(0.00 %),0,0,0,0,0,0.0
06/11/2007,-1000,-40200000,0(0.00 %),0,0,1000,40200000,0,0.0
07/11/2007,0,0,0(0.00 %),0,0,0,0,0,0.0
08/11/2007,0,0,0(0.00 %),0,0,0,0,0,0.0
09/11/2007,0,0,0(0.00 %),0,0,0,0,0,0.0
12/11/2007,0,0,0(0.00 %),0,0,0,0,0,0.0
13/11/2007,0,0,0(0.00 %),0,0,0,0,0,0.0
14/11/2007,-1000,-36500000,0(0.00 %),0,0,1000,36500000,0,0.0
15/11/2007,0,0,0(0.00 %),0,0,0,0,0,0.0
16/11/2007,0,0,0(0.00 %),0,0,0,0,0,0.0
19/11/2007,0,0,0(0.00 %),0,0,0,0,0,0.0
20/11/2007,0,0,0(0.00 %),0,0,0,0,0,0.0
21/11/2007,0,0,0(0.00 %),0,0,0,0,0,0.0
22/11/2007,0,0,0(0.00 %),0,0,0,0,0,0.0
23/11/2007,0,0,0(0.00 %),0,0,0,0,0,0.0
26/11/2007,0,0,0(0.00 %),0,0,0,0,0,0.0
27/11/2007,0,0,0(0.00 %),0,0,0,0,0,0.0
28/11/2007,0,0,0(0.00 %),0,0,0,0,0,0.0
29/11/2007,0,0,0(0.00 %),0,0,0,0,0,0.0
30/11/2007,0,0,0(0.00 %),0,0,0,0,0,0.0
03/12/2007,1000,40900000,0(0.00 %),1000,40900000,0,0,0,0.0
04/12/2007,14880,638352000,0(0.00 %),14880,638352000,0,0,0,0.0
05/12/2007,200,8400000,0(0.00 %),200,8400000,0,0,0,0.0
06/12/2007,-5940,-243540000,0(0.00 %),0,0,5940,243540000,0,0.0
07/12/2007,0,0,0(0.00 %),0,0,0,0,0,0.0
10/12/2007,0,0,0(0.00 %),0,0,0,0,0,0.0
11/12/2007,0,0,0(0.00 %),0,0,0,0,0,0.0
12/12/2007,0,0,0(0.00 %),0,0,0,0,0,0.0
13/12/2007,0,0,0(0.00 %),0,0,0,0,0,0.0
14/12/2007,0,0,0(0.00 %),0,0,0,0,0,0.0
17/12/2007,0,0,0(0.00 %),0,0,0,0,0,0.0
18/12/2007,500,18750000,0(0.00 %),500,18750000,0,0,0,0.0
19/12/2007,0,0,0(0.00 %),0,0,0,0,0,0.0
20/12/2007,0,0,0(0.00 %),0,0,0,0,0,0.0
21/12/2007,2000,79000000,0(0.00 %),2000,79000000,0,0,0,0.0
24/12/2007,0,0,0(0.00 %),0,0,0,0,0,0.0
25/12/2007,3500,140000000,0(0.00 %),3500,140000000,0,0,0,0.0
26/12/2007,0,0,0(0.00 %),0,0,0,0,0,0.0
27/12/2007,0,0,0(0.00 %),0,0,0,0,0,0.0
28/12/2007,0,0,0(0.00 %),0,0,0,0,0,0.0
02/01/2008,0,0,0(0.00 %),0,0,0,0,0,0.0
03/01/2008,-1000,-38100000,0(0.00 %),0,0,1000,38100000,0,0.0
04/01/2008,0,0,0(0.00 %),0,0,0,0,0,0.0
07/01/2008,-100,-3660000,0(0.00 %),0,0,100,3660000,0,0.0
08/01/2008,-200,-7280000,0(0.00 %),0,0,200,7280000,0,0.0
09/01/2008,0,0,0(0.00 %),0,0,0,0,0,0.0
10/01/2008,0,0,0(0.00 %),0,0,0,0,0,0.0
11/01/2008,0,0,0(0.00 %),0,0,0,0,0,0.0
14/01/2008,0,0,0(0.00 %),0,0,0,0,0,0.0
15/01/2008,0,0,0(0.00 %),0,0,0,0,0,0.0
16/01/2008,0,0,0(0.00 %),0,0,0,0,0,0.0
17/01/2008,0,0,0(0.00 %),0,0,0,0,0,0.0
18/01/2008,0,0,0(0.00 %),0,0,0,0,0,0.0
21/01/2008,0,0,0(0.00 %),0,0,0,0,0,0.0
22/01/2008,-500,-17000000,0(0.00 %),0,0,500,17000000,0,0.0
23/01/2008,0,0,0(0.00 %),0,0,0,0,0,0.0
24/01/2008,100,3300000,0(0.00 %),100,3300000,0,0,0,0.0
25/01/2008,0,0,0(0.00 %),0,0,0,0,0,0.0
28/01/2008,0,0,0(0.00 %),0,0,0,0,0,0.0
29/01/2008,0,0,0(0.00 %),0,0,0,0,0,0.0
30/01/2008,0,0,0(0.00 %),0,0,0,0,0,0.0
31/01/2008,0,0,0(0.00 %),0,0,0,0,0,0.0
01/02/2008,0,0,0(0.00 %),0,0,0,0,0,0.0
12/02/2008,200,7300000,0(0.00 %),200,7300000,0,0,0,0.0
13/02/2008,6000,221000000,0(0.00 %),6000,221000000,0,0,0,0.0
14/02/2008,0,0,0(0.00 %),0,0,0,0,0,0.0
15/02/2008,0,0,0(0.00 %),0,0,0,0,0,0.0
18/02/2008,0,0,0(0.00 %),0,0,0,0,0,0.0
19/02/2008,0,0,0(0.00 %),0,0,0,0,0,0.0
20/02/2008,0,0,0(0.00 %),0,0,0,0,0,0.0
21/02/2008,0,0,0(0.00 %),0,0,0,0,0,0.0
22/02/2008,0,0,0(0.00 %),0,0,0,0,0,0.0
25/02/2008,80,2400000,0(0.00 %),80,2400000,0,0,0,0.0
26/02/2008,0,0,0(0.00 %),0,0,0,0,0,0.0
27/02/2008,0,0,0(0.00 %),0,0,0,0,0,0.0
28/02/2008,-2000,-56000000,0(0.00 %),0,0,2000,56000000,0,0.0
29/02/2008,0,0,0(0.00 %),0,0,0,0,0,0.0
03/03/2008,0,0,0(0.00 %),0,0,0,0,0,0.0
04/03/2008,0,0,0(0.00 %),0,0,0,0,0,0.0
05/03/2008,0,0,0(0.00 %),0,0,0,0,0,0.0
06/03/2008,9550,233020000,0(0.00 %),9550,233020000,0,0,0,0.0
07/03/2008,0,0,0(0.00 %),0,0,0,0,0,0.0
10/03/2008,6000,160800000,0(0.00 %),7000,187600000,1000,26800000,0,0.0
11/03/2008,0,0,0(0.00 %),0,0,0,0,0,0.0
12/03/2008,0,0,0(0.00 %),0,0,0,0,0,0.0
13/03/2008,0,0,0(0.00 %),0,0,0,0,0,0.0
14/03/2008,0,0,0(0.00 %),0,0,0,0,0,0.0
17/03/2008,0,0,0(0.00 %),0,0,0,0,0,0.0
18/03/2008,0,0,0(0.00 %),0,0,0,0,0,0.0
19/03/2008,380,7980000,0(0.00 %),1280,26880000,900,18900000,0,0.0
20/03/2008,-500,-10000000,0(0.00 %),0,0,500,10000000,0,0.0
21/03/2008,0,0,0(0.00 %),0,0,0,0,0,0.0
24/03/2008,-9000,-162900000,0(0.00 %),0,0,9000,162900000,0,0.0
25/03/2008,0,0,0(0.00 %),0,0,0,0,0,0.0
26/03/2008,-10150,-166460000,0(0.00 %),0,0,10150,166460000,0,0.0
27/03/2008,20,356000,0(0.00 %),20,356000,0,0,0,0.0
28/03/2008,0,0,0(0.00 %),0,0,0,0,0,0.0
31/03/2008,0,0,0(0.00 %),0,0,0,0,0,0.0
01/04/2008,0,0,0(0.00 %),0,0,0,0,0,0.0
02/04/2008,0,0,0(0.00 %),0,0,0,0,0,0.0
03/04/2008,0,0,0(0.00 %),0,0,0,0,0,0.0
04/04/2008,0,0,0(0.00 %),0,0,0,0,0,0.0
07/04/2008,0,0,0(0.00 %),0,0,0,0,0,0.0
08/04/2008,-1000,-18800000,0(0.00 %),0,0,1000,18800000,0,0.0
09/04/2008,1000,18400000,0(0.00 %),1000,18400000,0,0,0,0.0
10/04/2008,0,0,0(0.00 %),0,0,0,0,0,0.0
11/04/2008,0,0,0(0.00 %),0,0,0,0,0,0.0
16/04/2008,0,0,0(0.00 %),0,0,0,0,0,0.0
17/04/2008,0,0,0(0.00 %),0,0,0,0,0,0.0
18/04/2008,0,0,0(0.00 %),0,0,0,0,0,0.0
21/04/2008,0,0,0(0.00 %),0,0,0,0,0,0.0
22/04/2008,0,0,0(0.00 %),0,0,0,0,0,0.0
23/04/2008,0,0,0(0.00 %),0,0,0,0,0,0.0
24/04/2008,0,0,0(0.00 %),0,0,0,0,0,0.0
25/04/2008,0,0,0(0.00 %),0,0,0,0,0,0.0
28/04/2008,0,0,0(0.00 %),0,0,0,0,0,0.0
29/04/2008,0,0,0(0.00 %),0,0,0,0,0,0.0
05/05/2008,0,0,0(0.00 %),0,0,0,0,0,0.0
06/05/2008,0,0,0(0.00 %),0,0,0,0,0,0.0
07/05/2008,0,0,0(0.00 %),0,0,0,0,0,0.0
08/05/2008,0,0,0(0.00 %),0,0,0,0,0,0.0
09/05/2008,0,0,0(0.00 %),0,0,0,0,0,0.0
12/05/2008,0,0,0(0.00 %),0,0,0,0,0,0.0
13/05/2008,0,0,0(0.00 %),0,0,0,0,0,0.0
14/05/2008,0,0,0(0.00 %),0,0,0,0,0,0.0
15/05/2008,0,0,0(0.00 %),0,0,0,0,0,0.0
16/05/2008,100,1490000,0(0.00 %),100,1490000,0,0,0,0.0
19/05/2008,0,0,0(0.00 %),0,0,0,0,0,0.0
20/05/2008,0,0,0(0.00 %),0,0,0,0,0,0.0
21/05/2008,0,0,0(0.00 %),0,0,0,0,0,0.0
22/05/2008,0,0,0(0.00 %),0,0,0,0,0,0.0
23/05/2008,0,0,0(0.00 %),0,0,0,0,0,0.0
26/05/2008,0,0,0(0.00 %),0,0,0,0,0,0.0
27/05/2008,0,0,0(0.00 %),0,0,0,0,0,0.0
28/05/2008,0,0,0(0.00 %),0,0,0,0,0,0.0
29/05/2008,0,0,0(0.00 %),0,0,0,0,0,0.0
30/05/2008,0,0,0(0.00 %),0,0,0,0,0,0.0
02/06/2008,0,0,0(0.00 %),0,0,0,0,0,0.0
03/06/2008,0,0,0(0.00 %),0,0,0,0,0,0.0
04/06/2008,0,0,0(0.00 %),0,0,0,0,0,0.0
05/06/2008,0,0,0(0.00 %),0,0,0,0,0,0.0
06/06/2008,0,0,0(0.00 %),0,0,0,0,0,0.0
09/06/2008,0,0,0(0.00 %),0,0,0,0,0,0.0
10/06/2008,0,0,0(0.00 %),0,0,0,0,0,0.0
11/06/2008,2590,34188000,0(0.00 %),2590,34188000,0,0,0,0.0
12/06/2008,0,0,0(0.00 %),0,0,0,0,0,0.0
13/06/2008,0,0,0(0.00 %),0,0,0,0,0,0.0
16/06/2008,0,0,0(0.00 %),0,0,0,0,0,0.0
17/06/2008,0,0,0(0.00 %),0,0,0,0,0,0.0
18/06/2008,0,0,0(0.00 %),0,0,0,0,0,0.0
19/06/2008,0,0,0(0.00 %),0,0,0,0,0,0.0
20/06/2008,0,0,0(0.00 %),0,0,0,0,0,0.0
23/06/2008,0,0,0(0.00 %),0,0,0,0,0,0.0
24/06/2008,6000,81600000,0(0.00 %),6000,81600000,0,0,0,0.0
25/06/2008,0,0,0(0.00 %),0,0,0,0,0,0.0
26/06/2008,0,0,0(0.00 %),0,0,0,0,0,0.0
27/06/2008,0,0,0(0.00 %),0,0,0,0,0,0.0
30/06/2008,100,1340000,0(0.00 %),100,1340000,0,0,0,0.0
01/07/2008,0,0,0(0.00 %),0,0,0,0,0,0.0
02/07/2008,0,0,0(0.00 %),0,0,0,0,0,0.0
03/07/2008,100,1380000,0(0.00 %),100,1380000,0,0,0,0.0
04/07/2008,200,2840000,0(0.00 %),200,2840000,0,0,0,0.0
07/07/2008,30630,447228000,0(0.00 %),30930,451578000,300,4350000,0,0.0
08/07/2008,2110,30223000,0(0.00 %),2110,30223000,0,0,0,0.0
09/07/2008,0,0,0(0.00 %),0,0,0,0,0,0.0
10/07/2008,2000,29740000,0(0.00 %),2000,29740000,0,0,0,0.0
11/07/2008,0,0,0(0.00 %),0,0,0,0,0,0.0
14/07/2008,0,0,0(0.00 %),0,0,0,0,0,0.0
15/07/2008,0,0,0(0.00 %),0,0,0,0,0,0.0
16/07/2008,1000,15700000,0(0.00 %),1000,15700000,0,0,0,0.0
17/07/2008,-21900,-348210000,0(0.00 %),0,0,21900,348210000,0,0.0
18/07/2008,0,0,0(0.00 %),0,0,0,0,0,0.0
21/07/2008,0,0,0(0.00 %),0,0,0,0,0,0.0
22/07/2008,0,0,0(0.00 %),0,0,0,0,0,0.0
23/07/2008,0,0,0(0.00 %),0,0,0,0,0,0.0
24/07/2008,0,0,0(0.00 %),0,0,0,0,0,0.0
25/07/2008,0,0,0(0.00 %),0,0,0,0,0,0.0
28/07/2008,-7040,-95040000,0(0.00 %),0,0,7040,95040000,0,0.0
29/07/2008,-990,-12377000,0(0.00 %),1000,13692000,1990,26069000,0,0.0
30/07/2008,0,0,0(0.00 %),0,0,0,0,0,0.0
31/07/2008,2400,31200000,0(0.00 %),2400,31200000,0,0,0,0.0
01/08/2008,0,0,0(0.00 %),0,0,0,0,0,0.0
04/08/2008,0,0,0(0.00 %),0,0,0,0,0,0.0
05/08/2008,0,0,0(0.00 %),0,0,0,0,0,0.0
06/08/2008,0,0,0(0.00 %),0,0,0,0,0,0.0
07/08/2008,200,2600000,0(0.00 %),200,2600000,0,0,0,0.0
08/08/2008,0,0,0(0.00 %),0,0,0,0,0,0.0
11/08/2008,0,0,0(0.00 %),0,0,0,0,0,0.0
12/08/2008,330,4587000,0(0.00 %),330,4587000,0,0,0,0.0
13/08/2008,0,0,0(0.00 %),0,0,0,0,0,0.0
14/08/2008,0,0,0(0.00 %),0,0,0,0,0,0.0
15/08/2008,-2000,-29600000,0(0.00 %),0,0,2000,29600000,0,0.0
18/08/2008,-200,-3100000,0(0.00 %),0,0,200,3100000,0,0.0
19/08/2008,-330,-5148000,0(0.00 %),0,0,330,5148000,0,0.0
20/08/2008,-3000,-44100000,0(0.00 %),0,0,3000,44100000,0,0.0
21/08/2008,170,2630000,0(0.00 %),500,7250000,330,4620000,0,0.0
22/08/2008,0,0,0(0.00 %),0,0,0,0,0,0.0
25/08/2008,-1000,-15400000,0(0.00 %),0,0,1000,15400000,0,0.0
26/08/2008,0,0,0(0.00 %),0,0,0,0,0,0.0
27/08/2008,0,0,0(0.00 %),0,0,0,0,0,0.0
28/08/2008,0,0,0(0.00 %),0,0,0,0,0,0.0
29/08/2008,100,1560000,0(0.00 %),100,1560000,0,0,0,0.0
03/09/2008,0,0,0(0.00 %),0,0,0,0,0,0.0
04/09/2008,0,0,0(0.00 %),0,0,0,0,0,0.0
05/09/2008,0,0,0(0.00 %),0,0,0,0,0,0.0
08/09/2008,0,0,0(0.00 %),0,0,0,0,0,0.0
09/09/2008,0,0,0(0.00 %),0,0,0,0,0,0.0
10/09/2008,0,0,0(0.00 %),0,0,0,0,0,0.0
11/09/2008,0,0,0(0.00 %),0,0,0,0,0,0.0
12/09/2008,0,0,0(0.00 %),0,0,0,0,0,0.0
15/09/2008,0,0,0(0.00 %),0,0,0,0,0,0.0
16/09/2008,100,1380000,0(0.00 %),100,1380000,0,0,0,0.0
17/09/2008,0,0,0(0.00 %),0,0,0,0,0,0.0
18/09/2008,0,0,0(0.00 %),0,0,0,0,0,0.0
19/09/2008,0,0,0(0.00 %),0,0,0,0,0,0.0
22/09/2008,0,0,0(0.00 %),0,0,0,0,0,0.0
23/09/2008,0,0,0(0.00 %),0,0,0,0,0,0.0
24/09/2008,0,0,0(0.00 %),0,0,0,0,0,0.0
25/09/2008,0,0,0(0.00 %),0,0,0,0,0,0.0
26/09/2008,3200,48640000,0(0.00 %),3200,48640000,0,0,0,0.0
29/09/2008,1000,15000000,0(0.00 %),1000,15000000,0,0,0,0.0
30/09/2008,-280,-4116000,0(0.00 %),0,0,280,4116000,0,0.0
01/10/2008,-1120,-16204000,0(0.00 %),0,0,1120,16204000,0,0.0
02/10/2008,0,0,0(0.00 %),0,0,0,0,0,0.0
03/10/2008,0,0,0(0.00 %),0,0,0,0,0,0.0
06/10/2008,1000,14000000,0(0.00 %),1000,14000000,0,0,0,0.0
07/10/2008,0,0,0(0.00 %),0,0,0,0,0,0.0
08/10/2008,0,0,0(0.00 %),0,0,0,0,0,0.0
09/10/2008,0,0,0(0.00 %),0,0,0,0,0,0.0
10/10/2008,0,0,0(0.00 %),0,0,0,0,0,0.0
13/10/2008,0,0,0(0.00 %),0,0,0,0,0,0.0
14/10/2008,0,0,0(0.00 %),0,0,0,0,0,0.0
15/10/2008,100,1400000,0(0.00 %),100,1400000,0,0,0,0.0
16/10/2008,0,0,0(0.00 %),0,0,0,0,0,0.0
17/10/2008,0,0,0(0.00 %),0,0,0,0,0,0.0
20/10/2008,0,0,0(0.00 %),0,0,0,0,0,0.0
21/10/2008,0,0,0(0.00 %),0,0,0,0,0,0.0
22/10/2008,0,0,0(0.00 %),0,0,0,0,0,0.0
23/10/2008,-100,-1190000,0(0.00 %),0,0,100,1190000,0,0.0
24/10/2008,0,0,0(0.00 %),0,0,0,0,0,0.0
27/10/2008,0,0,0(0.00 %),0,0,0,0,0,0.0
28/10/2008,0,0,0(0.00 %),0,0,0,0,0,0.0
29/10/2008,0,0,0(0.00 %),0,0,0,0,0,0.0
30/10/2008,0,0,0(0.00 %),0,0,0,0,0,0.0
31/10/2008,0,0,0(0.00 %),0,0,0,0,0,0.0
03/11/2008,0,0,0(0.00 %),0,0,0,0,0,0.0
04/11/2008,0,0,0(0.00 %),0,0,0,0,0,0.0
05/11/2008,0,0,0(0.00 %),0,0,0,0,0,0.0
06/11/2008,0,0,0(0.00 %),0,0,0,0,0,0.0
07/11/2008,0,0,0(0.00 %),0,0,0,0,0,0.0
10/11/2008,0,0,0(0.00 %),0,0,0,0,0,0.0
11/11/2008,0,0,0(0.00 %),0,0,0,0,0,0.0
12/11/2008,0,0,0(0.00 %),0,0,0,0,0,0.0
13/11/2008,0,0,0(0.00 %),0,0,0,0,0,0.0
14/11/2008,0,0,0(0.00 %),0,0,0,0,0,0.0
17/11/2008,0,0,0(0.00 %),0,0,0,0,0,0.0
18/11/2008,0,0,0(0.00 %),0,0,0,0,0,0.0
19/11/2008,0,0,0(0.00 %),0,0,0,0,0,0.0
20/11/2008,0,0,0(0.00 %),0,0,0,0,0,0.0
21/11/2008,0,0,0(0.00 %),0,0,0,0,0,0.0
24/11/2008,0,0,0(0.00 %),0,0,0,0,0,0.0
25/11/2008,0,0,0(0.00 %),0,0,0,0,0,0.0
26/11/2008,0,0,0(0.00 %),0,0,0,0,0,0.0
27/11/2008,0,0,0(0.00 %),0,0,0,0,0,0.0
28/11/2008,0,0,0(0.00 %),0,0,0,0,0,0.0
01/12/2008,0,0,0(0.00 %),0,0,0,0,0,0.0
02/12/2008,0,0,0(0.00 %),0,0,0,0,0,0.0
03/12/2008,0,0,0(0.00 %),0,0,0,0,0,0.0
04/12/2008,0,0,0(0.00 %),0,0,0,0,0,0.0
05/12/2008,0,0,0(0.00 %),0,0,0,0,0,0.0
08/12/2008,0,0,0(0.00 %),0,0,0,0,0,0.0
09/12/2008,0,0,0(0.00 %),0,0,0,0,0,0.0
10/12/2008,0,0,0(0.00 %),0,0,0,0,0,0.0
11/12/2008,0,0,0(0.00 %),0,0,0,0,0,0.0
12/12/2008,0,0,0(0.00 %),0,0,0,0,0,0.0
15/12/2008,0,0,0(0.00 %),0,0,0,0,0,0.0
16/12/2008,0,0,0(0.00 %),0,0,0,0,0,0.0
17/12/2008,0,0,0(0.00 %),0,0,0,0,0,0.0
18/12/2008,0,0,0(0.00 %),0,0,0,0,0,0.0
19/12/2008,-300,-2850000,0(0.00 %),0,0,300,2850000,0,0.0
22/12/2008,0,0,0(0.00 %),0,0,0,0,0,0.0
23/12/2008,0,0,0(0.00 %),0,0,0,0,0,0.0
24/12/2008,0,0,0(0.00 %),0,0,0,0,0,0.0
25/12/2008,0,0,0(0.00 %),0,0,0,0,0,0.0
26/12/2008,0,0,0(0.00 %),0,0,0,0,0,0.0
29/12/2008,0,0,0(0.00 %),0,0,0,0,0,0.0
30/12/2008,0,0,0(0.00 %),0,0,0,0,0,0.0
31/12/2008,0,0,0(0.00 %),0,0,0,0,0,0.0
02/01/2009,0,0,0(0.00 %),0,0,0,0,693547,5.31
05/01/2009,0,0,0(0.00 %),0,0,0,0,693547,5.31
06/01/2009,0,0,0(0.00 %),0,0,0,0,693547,5.31
07/01/2009,0,0,0(0.00 %),0,0,0,0,693547,5.31
08/01/2009,0,0,0(0.00 %),0,0,0,0,693547,5.31
09/01/2009,0,0,0(0.00 %),0,0,0,0,693547,5.31
12/01/2009,0,0,0(0.00 %),0,0,0,0,693547,5.31
13/01/2009,0,0,0(0.00 %),0,0,0,0,693547,5.31
14/01/2009,0,0,0(0.00 %),0,0,0,0,693547,5.31
15/01/2009,0,0,0(0.00 %),0,0,0,0,693547,5.31
16/01/2009,0,0,0(0.00 %),0,0,0,0,693547,5.31
19/01/2009,0,0,0(0.00 %),0,0,0,0,693547,5.31
20/01/2009,0,0,0(0.00 %),0,0,0,0,693547,5.31
21/01/2009,0,0,0(0.00 %),0,0,0,0,693547,5.31
22/01/2009,0,0,0(0.00 %),0,0,0,0,693547,5.31
23/01/2009,0,0,0(0.00 %),0,0,0,0,693547,5.31
02/02/2009,0,0,0(0.00 %),0,0,0,0,693547,5.31
03/02/2009,0,0,0(0.00 %),0,0,0,0,693547,5.31
04/02/2009,0,0,0(0.00 %),0,0,0,0,693547,5.31
05/02/2009,0,0,0(0.00 %),0,0,0,0,693547,5.31
06/02/2009,0,0,0(0.00 %),0,0,0,0,693547,5.31
09/02/2009,0,0,0(0.00 %),0,0,0,0,693547,5.31
10/02/2009,0,0,0(0.00 %),0,0,0,0,693547,5.31
11/02/2009,0,0,0(0.00 %),0,0,0,0,693547,5.31
12/02/2009,0,0,0(0.00 %),0,0,0,0,693547,5.31
13/02/2009,100,950000,0(0.00 %),100,950000,0,0,693447,5.31
16/02/2009,0,0,0(0.00 %),0,0,0,0,693447,5.31
17/02/2009,0,0,0(0.00 %),0,0,0,0,693447,5.31
18/02/2009,0,0,0(0.00 %),0,0,0,0,693447,5.31
19/02/2009,0,0,0(0.00 %),0,0,0,0,693447,5.31
20/02/2009,0,0,0(0.00 %),0,0,0,0,693447,5.31
23/02/2009,0,0,0(0.00 %),0,0,0,0,693447,5.31
24/02/2009,300,2490000,0(0.00 %),300,2490000,0,0,693147,5.33
25/02/2009,0,0,0(0.00 %),0,0,0,0,693147,5.33
26/02/2009,0,0,0(0.00 %),0,0,0,0,693147,5.33
27/02/2009,0,0,0(0.00 %),0,0,0,0,693147,5.33
02/03/2009,0,0,0(0.00 %),0,0,0,0,693147,5.33
03/03/2009,0,0,0(0.00 %),0,0,0,0,693147,5.33
04/03/2009,0,0,0(0.00 %),0,0,0,0,693147,5.33
05/03/2009,0,0,0(0.00 %),0,0,0,0,693147,5.33
06/03/2009,0,0,0(0.00 %),0,0,0,0,693147,5.33
09/03/2009,0,0,0(0.00 %),0,0,0,0,693147,5.33
10/03/2009,0,0,0(0.00 %),0,0,0,0,693147,5.33
11/03/2009,0,0,0(0.00 %),0,0,0,0,693147,5.33
12/03/2009,0,0,0(0.00 %),0,0,0,0,693147,5.33
13/03/2009,0,0,0(0.00 %),0,0,0,0,693147,5.33
16/03/2009,0,0,0(0.00 %),0,0,0,0,693147,5.33
17/03/2009,0,0,0(0.00 %),0,0,0,0,693147,5.33
18/03/2009,0,0,0(0.00 %),0,0,0,0,693147,5.33
19/03/2009,0,0,0(0.00 %),0,0,0,0,693147,5.33
20/03/2009,0,0,0(0.00 %),0,0,0,0,693147,5.33
23/03/2009,0,0,0(0.00 %),0,0,0,0,693147,5.33
24/03/2009,0,0,0(0.00 %),0,0,0,0,693147,5.33
25/03/2009,0,0,0(0.00 %),0,0,0,0,693147,5.33
26/03/2009,0,0,0(0.00 %),0,0,0,0,693147,5.33
27/03/2009,0,0,0(0.00 %),0,0,0,0,693147,5.33
30/03/2009,0,0,0(0.00 %),0,0,0,0,693147,5.33
31/03/2009,0,0,0(0.00 %),0,0,0,0,693147,5.33
01/04/2009,0,0,0(0.00 %),0,0,0,0,693147,5.33
02/04/2009,0,0,0(0.00 %),0,0,0,0,693147,5.33
03/04/2009,0,0,0(0.00 %),0,0,0,0,693147,5.33
07/04/2009,0,0,0(0.00 %),0,0,0,0,693147,5.33
08/04/2009,0,0,0(0.00 %),0,0,0,0,693147,5.33
09/04/2009,0,0,0(0.00 %),0,0,0,0,693147,5.33
10/04/2009,0,0,0(0.00 %),0,0,0,0,693147,5.33
13/04/2009,0,0,0(0.00 %),0,0,0,0,693147,5.33
14/04/2009,-90,-1080000,0(0.00 %),0,0,90,1080000,693237,5.33
15/04/2009,0,0,0(0.00 %),0,0,0,0,693237,5.33
16/04/2009,0,0,0(0.00 %),0,0,0,0,693237,5.33
17/04/2009,0,0,0(0.00 %),0,0,0,0,693237,5.33
20/04/2009,0,0,0(0.00 %),0,0,0,0,693237,5.33
21/04/2009,0,0,0(0.00 %),0,0,0,0,693237,5.33
22/04/2009,0,0,0(0.00 %),0,0,0,0,693237,5.33
23/04/2009,0,0,0(0.00 %),0,0,0,0,693237,5.33
24/04/2009,0,0,0(0.00 %),0,0,0,0,693237,5.33
27/04/2009,0,0,0(0.00 %),0,0,0,0,693237,5.33
28/04/2009,0,0,0(0.00 %),0,0,0,0,693237,5.33
29/04/2009,0,0,0(0.00 %),0,0,0,0,693237,5.33
04/05/2009,0,0,0(0.00 %),0,0,0,0,693237,5.33
05/05/2009,0,0,0(0.00 %),0,0,0,0,693237,5.33
06/05/2009,0,0,0(0.00 %),0,0,0,0,693237,5.33
07/05/2009,0,0,0(0.00 %),0,0,0,0,693237,5.33
08/05/2009,0,0,0(0.00 %),0,0,0,0,693237,5.33
11/05/2009,0,0,0(0.00 %),0,0,0,0,693237,5.33
12/05/2009,0,0,0(0.00 %),0,0,0,0,693237,5.33
13/05/2009,0,0,0(0.00 %),0,0,0,0,693237,5.33
14/05/2009,0,0,0(0.00 %),0,0,0,0,693237,5.33
15/05/2009,0,0,0(0.00 %),0,0,0,0,693237,5.33
18/05/2009,0,0,0(0.00 %),0,0,0,0,693237,5.33
19/05/2009,0,0,0(0.00 %),0,0,0,0,693237,5.33
20/05/2009,0,0,0(0.00 %),0,0,0,0,693237,5.33
21/05/2009,0,0,0(0.00 %),0,0,0,0,693237,5.33
22/05/2009,0,0,0(0.00 %),0,0,0,0,693237,18.01
25/05/2009,0,0,0(0.00 %),0,0,0,0,693237,18.01
26/05/2009,0,0,0(0.00 %),0,0,0,0,693237,18.01
27/05/2009,-500,-8400000,0(0.00 %),0,0,500,8400000,693737,17.99
28/05/2009,0,0,0(0.00 %),0,0,0,0,693737,17.99
29/05/2009,0,0,0(0.00 %),0,0,0,0,693737,17.99
01/06/2009,0,0,0(0.00 %),0,0,0,0,693737,17.99
10/06/2009,0,0,0(0.00 %),0,0,0,0,693737,17.99
11/06/2009,0,0,0(0.00 %),0,0,0,0,693737,17.99
12/06/2009,0,0,0(0.00 %),0,0,0,0,693737,17.99
15/06/2009,-100,-2150000,0(0.00 %),0,0,100,2150000,693837,17.99
16/06/2009,0,0,0(0.00 %),0,0,0,0,693837,17.99
17/06/2009,2000,39000000,0(0.00 %),2000,39000000,0,0,691837,18.08
18/06/2009,0,0,0(0.00 %),0,0,0,0,691837,18.08
19/06/2009,0,0,0(0.00 %),0,0,0,0,691837,18.08
22/06/2009,0,0,0(0.00 %),0,0,0,0,691837,18.08
23/06/2009,0,0,0(0.00 %),0,0,0,0,691837,18.08
24/06/2009,0,0,0(0.00 %),0,0,0,0,691837,18.08
25/06/2009,0,0,0(0.00 %),0,0,0,0,691837,18.08
26/06/2009,0,0,0(0.00 %),0,0,0,0,691837,18.08
29/06/2009,400,7280000,0(0.00 %),400,7280000,0,0,691437,18.09
30/06/2009,0,0,0(0.00 %),0,0,0,0,691437,18.09
01/07/2009,0,0,0(0.00 %),0,0,0,0,691437,18.09
02/07/2009,0,0,0(0.00 %),0,0,0,0,691437,18.09
03/07/2009,0,0,0(0.00 %),0,0,0,0,691437,18.09
06/07/2009,0,0,0(0.00 %),0,0,0,0,691437,18.09
07/07/2009,0,0,0(0.00 %),0,0,0,0,691437,18.09
08/07/2009,0,0,0(0.00 %),0,0,0,0,691437,18.09
09/07/2009,0,0,0(0.00 %),0,0,0,0,691437,18.09
10/07/2009,0,0,0(0.00 %),0,0,0,0,691437,18.09
13/07/2009,0,0,0(0.00 %),0,0,0,0,691437,18.09
14/07/2009,0,0,0(0.00 %),0,0,0,0,691437,18.09
15/07/2009,0,0,0(0.00 %),0,0,0,0,691437,18.09
16/07/2009,0,0,0(0.00 %),0,0,0,0,691437,18.09
17/07/2009,0,0,0(0.00 %),0,0,0,0,691437,18.09
20/07/2009,0,0,0(0.00 %),0,0,0,0,691437,18.09
21/07/2009,0,0,0(0.00 %),0,0,0,0,691437,18.09
22/07/2009,0,0,0(0.00 %),0,0,0,0,691437,18.09
23/07/2009,0,0,0(0.00 %),0,0,0,0,691437,18.09
24/07/2009,0,0,0(0.00 %),0,0,0,0,691437,18.09
27/07/2009,0,0,0(0.00 %),0,0,0,0,691437,18.09
28/07/2009,0,0,0(0.00 %),0,0,0,0,691437,18.09
29/07/2009,0,0,0(0.00 %),0,0,0,0,691437,18.09
30/07/2009,0,0,0(0.00 %),0,0,0,0,691437,18.09
31/07/2009,0,0,0(0.00 %),0,0,0,0,691437,18.09
03/08/2009,3000,55500000,0(0.00 %),3000,55500000,0,0,688437,18.23
04/08/2009,0,0,0(0.00 %),0,0,0,0,688437,18.23
05/08/2009,0,0,0(0.00 %),0,0,0,0,688437,18.23
06/08/2009,0,0,0(0.00 %),0,0,0,0,688437,18.23
07/08/2009,0,0,0(0.00 %),0,0,0,0,688437,18.23
10/08/2009,0,0,0(0.00 %),0,0,0,0,688437,18.23
11/08/2009,0,0,0(0.00 %),0,0,0,0,688437,18.23
12/08/2009,0,0,0(0.00 %),0,0,0,0,688437,18.23
13/08/2009,0,0,0(0.00 %),0,0,0,0,688437,18.23
14/08/2009,0,0,0(0.00 %),0,0,0,0,688437,18.23
17/08/2009,0,0,0(0.00 %),0,0,0,0,688437,18.23
18/08/2009,0,0,0(0.00 %),0,0,0,0,688437,18.23
19/08/2009,0,0,0(0.00 %),0,0,0,0,688437,18.23
20/08/2009,0,0,0(0.00 %),0,0,0,0,688437,18.23
21/08/2009,-1100,-18700000,0(0.00 %),0,0,1100,18700000,689537,18.18
24/08/2009,0,0,0(0.00 %),0,0,0,0,689537,18.18
25/08/2009,0,0,0(0.00 %),0,0,0,0,689537,18.18
26/08/2009,0,0,0(0.00 %),0,0,0,0,689537,18.18
27/08/2009,0,0,0(0.00 %),0,0,0,0,689537,18.18
28/08/2009,0,0,0(0.00 %),0,0,0,0,689537,18.18
31/08/2009,0,0,0(0.00 %),0,0,0,0,689537,18.18
01/09/2009,0,0,0(0.00 %),0,0,0,0,689537,18.18
03/09/2009,0,0,0(0.00 %),0,0,0,0,689537,18.18
04/09/2009,0,0,0(0.00 %),0,0,0,0,689537,18.18
07/09/2009,900,19060000,0(0.00 %),900,19060000,0,0,688637,18.22
08/09/2009,0,0,0(0.00 %),0,0,0,0,688637,18.22
09/09/2009,0,0,0(0.00 %),0,0,0,0,688637,18.22
10/09/2009,0,0,0(0.00 %),0,0,0,0,688637,18.22
11/09/2009,0,0,0(0.00 %),0,0,0,0,688637,18.22
14/09/2009,500,12400000,0(0.00 %),500,12400000,0,0,688137,18.24
15/09/2009,0,0,0(0.00 %),0,0,0,0,688137,18.24
16/09/2009,0,0,0(0.00 %),0,0,0,0,688137,18.24
17/09/2009,0,0,0(0.00 %),0,0,0,0,688137,18.24
18/09/2009,0,0,0(0.00 %),0,0,0,0,688137,18.24
21/09/2009,-500,-11550000,0(0.00 %),0,0,500,11550000,688637,18.22
22/09/2009,0,0,0(0.00 %),0,0,0,0,688637,18.22
23/09/2009,-100,-2360000,0(0.00 %),0,0,100,2360000,688737,18.22
24/09/2009,0,0,0(0.00 %),0,0,0,0,688737,18.22
25/09/2009,0,0,0(0.00 %),0,0,0,0,688737,18.22
28/09/2009,-900,-20070000,0(0.00 %),0,0,900,20070000,689637,18.18
29/09/2009,0,0,0(0.00 %),0,0,0,0,689637,18.18
30/09/2009,0,0,0(0.00 %),0,0,0,0,689637,18.18
01/10/2009,0,0,0(0.00 %),0,0,0,0,689637,18.18
02/10/2009,0,0,0(0.00 %),0,0,0,0,689637,18.18
05/10/2009,-1500,-42020000,0(0.00 %),0,0,1500,42020000,691137,18.11
06/10/2009,0,0,0(0.00 %),0,0,0,0,691137,18.11
07/10/2009,0,0,0(0.00 %),0,0,0,0,691137,18.11
08/10/2009,0,0,0(0.00 %),0,0,0,0,691137,18.11
09/10/2009,0,0,0(0.00 %),0,0,0,0,691137,18.11
12/10/2009,0,0,0(0.00 %),0,0,0,0,691137,18.11
13/10/2009,0,0,0(0.00 %),0,0,0,0,691137,18.11
14/10/2009,0,0,0(0.00 %),0,0,0,0,691137,18.11
15/10/2009,-2500,-72250000,0(0.00 %),0,0,2500,72250000,693637,18.0
16/10/2009,0,0,0(0.00 %),0,0,0,0,696137,17.88
19/10/2009,0,0,0(0.00 %),0,0,0,0,696137,17.88
20/10/2009,0,0,0(0.00 %),0,0,0,0,696137,17.88
21/10/2009,0,0,0(0.00 %),0,0,0,0,693637,18.0
22/10/2009,0,0,0(0.00 %),0,0,0,0,693637,18.0
23/10/2009,0,0,0(0.00 %),0,0,0,0,696137,17.88
26/10/2009,0,0,0(0.00 %),0,0,0,0,696137,17.88
27/10/2009,0,0,0(0.00 %),0,0,0,0,696137,17.88
28/10/2009,0,0,0(0.00 %),0,0,0,0,696137,17.88
29/10/2009,0,0,0(0.00 %),0,0,0,0,696137,17.88
30/10/2009,0,0,0(0.00 %),0,0,0,0,696137,17.88
02/11/2009,0,0,0(0.00 %),0,0,0,0,696137,17.88
03/11/2009,0,0,0(0.00 %),0,0,0,0,696137,17.88
04/11/2009,0,0,0(0.00 %),0,0,0,0,696137,17.88
05/11/2009,0,0,0(0.00 %),0,0,0,0,696137,17.88
06/11/2009,0,0,0(0.00 %),0,0,0,0,696137,17.88
09/11/2009,0,0,0(0.00 %),0,0,0,0,696137,17.88
10/11/2009,0,0,0(0.00 %),0,0,0,0,696137,17.88
11/11/2009,0,0,0(0.00 %),0,0,0,0,696137,17.88
12/11/2009,0,0,0(0.00 %),0,0,0,0,696137,17.88
13/11/2009,0,0,0(0.00 %),0,0,0,0,696137,17.88
16/11/2009,0,0,0(0.00 %),0,0,0,0,696137,17.88
17/11/2009,0,0,0(0.00 %),0,0,0,0,696137,17.88
18/11/2009,0,0,0(0.00 %),0,0,0,0,696137,17.88
19/11/2009,0,0,0(0.00 %),0,0,0,0,696137,17.88
20/11/2009,0,0,0(0.00 %),0,0,0,0,696137,17.88
23/11/2009,0,0,0(0.00 %),0,0,0,0,696137,17.88
24/11/2009,0,0,0(0.00 %),0,0,0,0,696137,17.88
25/11/2009,0,0,0(0.00 %),0,0,0,0,696137,17.88
26/11/2009,0,0,0(0.00 %),0,0,0,0,696137,17.88
27/11/2009,0,0,0(0.00 %),0,0,0,0,696137,17.88
30/11/2009,0,0,0(0.00 %),0,0,0,0,696137,17.88
01/12/2009,0,0,0(0.00 %),0,0,0,0,696137,17.88
02/12/2009,0,0,0(0.00 %),0,0,0,0,696137,17.88
03/12/2009,0,0,0(0.00 %),0,0,0,0,696137,17.88
04/12/2009,0,0,0(0.00 %),0,0,0,0,696137,17.88
07/12/2009,0,0,0(0.00 %),0,0,0,0,696137,17.88
08/12/2009,0,0,0(0.00 %),0,0,0,0,696137,17.88
09/12/2009,0,0,0(0.00 %),0,0,0,0,696137,17.88
10/12/2009,0,0,0(0.00 %),0,0,0,0,696137,17.88
11/12/2009,0,0,0(0.00 %),0,0,0,0,696137,17.88
14/12/2009,0,0,0(0.00 %),0,0,0,0,696137,17.88
15/12/2009,0,0,0(0.00 %),0,0,0,0,696137,17.88
16/12/2009,0,0,0(0.00 %),0,0,0,0,696137,17.88
17/12/2009,0,0,0(0.00 %),0,0,0,0,696137,17.88
18/12/2009,0,0,0(0.00 %),0,0,0,0,696137,17.88
21/12/2009,0,0,0(0.00 %),0,0,0,0,696137,17.88
22/12/2009,0,0,0(0.00 %),0,0,0,0,696137,17.88
23/12/2009,0,0,0(0.00 %),0,0,0,0,696137,17.88
24/12/2009,0,0,0(0.00 %),0,0,0,0,696137,17.88
25/12/2009,0,0,0(0.00 %),0,0,0,0,696137,17.88
28/12/2009,0,0,0(0.00 %),0,0,0,0,696137,17.88
29/12/2009,0,0,0(0.00 %),0,0,0,0,696137,17.88
30/12/2009,0,0,0(0.00 %),0,0,0,0,696137,17.88
31/12/2009,0,0,0(0.00 %),0,0,0,0,696137,17.88
04/01/2010,0,0,0(0.00 %),0,0,0,0,696137,17.88
05/01/2010,0,0,0(0.00 %),0,0,0,0,696137,17.88
06/01/2010,0,0,0(0.00 %),0,0,0,0,696137,17.88
07/01/2010,0,0,0(0.00 %),0,0,0,0,696137,17.88
08/01/2010,0,0,0(0.00 %),0,0,0,0,696137,17.88
11/01/2010,0,0,0(0.00 %),0,0,0,0,696137,17.88
12/01/2010,0,0,0(0.00 %),0,0,0,0,696137,17.88
13/01/2010,0,0,0(0.00 %),0,0,0,0,696137,17.88
14/01/2010,0,0,0(0.00 %),0,0,0,0,696137,17.88
15/01/2010,0,0,0(0.00 %),0,0,0,0,696137,17.88
18/01/2010,0,0,0(0.00 %),0,0,0,0,696137,17.88
19/01/2010,0,0,0(0.00 %),0,0,0,0,696137,17.88
20/01/2010,-100,-2020000,0(0.00 %),0,0,100,2020000,696237,17.88
21/01/2010,0,0,0(0.00 %),0,0,0,0,696237,17.88
22/01/2010,0,0,0(0.00 %),0,0,0,0,696237,17.88
25/01/2010,0,0,0(0.00 %),0,0,0,0,696237,17.88
26/01/2010,0,0,0(0.00 %),0,0,0,0,696237,17.88
27/01/2010,2000,40000000,0(0.00 %),2000,40000000,0,0,694237,17.97
28/01/2010,0,0,0(0.00 %),0,0,0,0,694237,17.97
29/01/2010,0,0,0(0.00 %),0,0,0,0,694237,17.97
01/02/2010,0,0,0(0.00 %),0,0,0,0,694237,17.97
02/02/2010,0,0,0(0.00 %),0,0,0,0,694237,17.97
03/02/2010,0,0,0(0.00 %),0,0,0,0,694237,17.97
04/02/2010,0,0,0(0.00 %),0,0,0,0,694237,17.97
05/02/2010,0,0,0(0.00 %),0,0,0,0,694237,17.97
08/02/2010,0,0,0(0.00 %),0,0,0,0,694237,17.97
09/02/2010,0,0,0(0.00 %),0,0,0,0,694237,17.97
10/02/2010,0,0,0(0.00 %),0,0,0,0,694237,17.97
11/02/2010,0,0,0(0.00 %),0,0,0,0,694237,17.97
12/02/2010,0,0,0(0.00 %),0,0,0,0,694237,17.97
22/02/2010,0,0,0(0.00 %),0,0,0,0,694237,17.97
23/02/2010,0,0,0(0.00 %),0,0,0,0,694237,17.97
24/02/2010,0,0,0(0.00 %),0,0,0,0,694237,17.97
25/02/2010,0,0,0(0.00 %),0,0,0,0,694237,17.97
26/02/2010,0,0,0(0.00 %),0,0,0,0,1010237,17.97
01/03/2010,0,0,0(0.00 %),0,0,0,0,1010237,3.85
02/03/2010,0,0,0(0.00 %),0,0,0,0,1010237,3.85
03/03/2010,0,0,0(0.00 %),0,0,0,0,1010237,3.85
04/03/2010,0,0,0(0.00 %),0,0,0,0,1010237,3.85
05/03/2010,0,0,0(0.00 %),0,0,0,0,1010237,3.85
08/03/2010,0,0,0(0.00 %),0,0,0,0,1010237,3.85
09/03/2010,0,0,0(0.00 %),0,0,0,0,1010237,3.85
10/03/2010,0,0,0(0.00 %),0,0,0,0,1010237,3.85
11/03/2010,0,0,0(0.00 %),0,0,0,0,1010237,3.85
12/03/2010,0,0,0(0.00 %),0,0,0,0,1010237,3.85
15/03/2010,0,0,0(0.00 %),0,0,0,0,1010237,3.85
16/03/2010,0,0,0(0.00 %),0,0,0,0,1010237,3.85
17/03/2010,0,0,0(0.00 %),0,0,0,0,1010237,3.85
18/03/2010,0,0,0(0.00 %),0,0,0,0,1010237,3.85
19/03/2010,-4800,-101820000,0(0.00 %),0,0,4800,101820000,1015037,3.63
22/03/2010,0,0,0(0.00 %),0,0,0,0,1015037,3.63
23/03/2010,0,0,0(0.00 %),0,0,0,0,1015037,3.63
24/03/2010,0,0,0(0.00 %),0,0,0,0,1015037,3.63
25/03/2010,0,0,0(0.00 %),0,0,0,0,1015037,3.63
26/03/2010,0,0,0(0.00 %),0,0,0,0,1015037,3.63
29/03/2010,0,0,0(0.00 %),0,0,0,0,1015037,3.63
30/03/2010,0,0,0(0.00 %),0,0,0,0,1015037,3.63
31/03/2010,0,0,0(0.00 %),0,0,0,0,1015037,3.63
01/04/2010,-100,-2050000,0(0.00 %),0,0,100,2050000,1015137,3.63
02/04/2010,0,0,0(0.00 %),0,0,0,0,1015137,3.63
05/04/2010,0,0,0(0.00 %),0,0,0,0,1015137,3.63
06/04/2010,0,0,0(0.00 %),0,0,0,0,1015137,3.63
07/04/2010,0,0,0(0.00 %),0,0,0,0,1015137,3.63
08/04/2010,-9100,-187460000,0(0.00 %),0,0,9100,187460000,1024237,3.22
09/04/2010,0,0,0(0.00 %),0,0,0,0,1024237,3.22
12/04/2010,0,0,0(0.00 %),0,0,0,0,1024237,3.22
13/04/2010,0,0,0(0.00 %),0,0,0,0,1024237,3.22
14/04/2010,0,0,0(0.00 %),0,0,0,0,1024237,3.22
15/04/2010,0,0,0(0.00 %),0,0,0,0,1024237,3.22
16/04/2010,0,0,0(0.00 %),0,0,0,0,1024237,3.22
19/04/2010,0,0,0(0.00 %),0,0,0,0,1024237,3.22
20/04/2010,0,0,0(0.00 %),0,0,0,0,1024237,3.22
21/04/2010,0,0,0(0.00 %),0,0,0,0,1024237,3.22
22/04/2010,0,0,0(0.00 %),0,0,0,0,1024237,3.22
26/04/2010,0,0,0(0.00 %),0,0,0,0,1024237,3.22
27/04/2010,0,0,0(0.00 %),0,0,0,0,1024237,3.22
28/04/2010,0,0,0(0.00 %),0,0,0,0,1024237,3.22
04/05/2010,-100,-2630000,0(0.00 %),0,0,100,2630000,1024337,3.22
05/05/2010,100,2560000,0(0.00 %),200,5080000,100,2520000,1024237,3.22
06/05/2010,0,0,0(0.00 %),0,0,0,0,1024237,3.22
07/05/2010,0,0,0(0.00 %),0,0,0,0,1024237,3.22
10/05/2010,0,0,0(0.00 %),0,0,0,0,1024237,3.22
11/05/2010,0,0,0(0.00 %),0,0,0,0,1024237,3.22
12/05/2010,0,0,0(0.00 %),0,0,0,0,1024237,3.22
13/05/2010,0,0,0(0.00 %),0,0,0,0,1024237,3.22
14/05/2010,0,0,0(0.00 %),0,0,0,0,1024237,3.22
17/05/2010,0,0,0(0.00 %),0,0,0,0,1024237,3.22
18/05/2010,0,0,0(0.00 %),0,0,0,0,1024237,3.22
19/05/2010,0,0,0(0.00 %),0,0,0,0,1024237,3.22
20/05/2010,100,2080000,0(0.00 %),100,2080000,0,0,1024137,3.22
21/05/2010,0,0,0(0.00 %),0,0,0,0,1024137,3.22
24/05/2010,0,0,0(0.00 %),0,0,0,0,1024137,3.22
25/05/2010,0,0,0(0.00 %),0,0,0,0,1024137,3.22
26/05/2010,0,0,0(0.00 %),0,0,0,0,1024137,3.22
27/05/2010,0,0,0(0.00 %),0,0,0,0,1024137,3.22
28/05/2010,0,0,0(0.00 %),0,0,0,0,1024137,3.22
31/05/2010,0,0,0(0.00 %),0,0,0,0,1024137,3.22
01/06/2010,0,0,0(0.00 %),0,0,0,0,1024137,3.22
02/06/2010,0,0,0(0.00 %),0,0,0,0,1024137,3.22
03/06/2010,0,0,0(0.00 %),0,0,0,0,1024137,3.22
04/06/2010,0,0,0(0.00 %),0,0,0,0,1024137,3.22
07/06/2010,0,0,0(0.00 %),0,0,0,0,1024137,3.22
08/06/2010,0,0,0(0.00 %),0,0,0,0,1024137,3.22
09/06/2010,0,0,0(0.00 %),0,0,0,0,1024137,3.22
10/06/2010,0,0,0(0.00 %),0,0,0,0,1024137,3.22
11/06/2010,0,0,0(0.00 %),0,0,0,0,1024137,3.22
14/06/2010,0,0,0(0.00 %),0,0,0,0,1024137,3.22
15/06/2010,0,0,0(0.00 %),0,0,0,0,1024137,3.22
16/06/2010,0,0,0(0.00 %),0,0,0,0,1024137,3.22
17/06/2010,0,0,0(0.00 %),0,0,0,0,1024137,3.22
18/06/2010,0,0,0(0.00 %),0,0,0,0,1024137,3.22
21/06/2010,0,0,0(0.00 %),0,0,0,0,1024137,3.22
22/06/2010,0,0,0(0.00 %),0,0,0,0,1024137,3.22
23/06/2010,0,0,0(0.00 %),0,0,0,0,1024137,3.22
24/06/2010,0,0,0(0.00 %),0,0,0,0,1024137,3.22
25/06/2010,0,0,0(0.00 %),0,0,0,0,1024137,3.22
28/06/2010,0,0,0(0.00 %),0,0,0,0,1024137,3.22
29/06/2010,0,0,0(0.00 %),0,0,0,0,1024137,3.22
30/06/2010,0,0,0(0.00 %),0,0,0,0,1024137,3.22
01/07/2010,0,0,0(0.00 %),0,0,0,0,1024137,3.22
02/07/2010,0,0,0(0.00 %),0,0,0,0,1024137,3.22
05/07/2010,0,0,0(0.00 %),0,0,0,0,1024137,3.22
06/07/2010,0,0,0(0.00 %),0,0,0,0,1024137,3.22
07/07/2010,0,0,0(0.00 %),0,0,0,0,1024137,3.22
08/07/2010,0,0,0(0.00 %),0,0,0,0,1024137,3.22
09/07/2010,0,0,0(0.00 %),0,0,0,0,1024137,3.22
12/07/2010,0,0,0(0.00 %),0,0,0,0,1024137,3.22
13/07/2010,1000,23200000,0(0.00 %),1000,23200000,0,0,1023137,3.27
14/07/2010,0,0,0(0.00 %),0,0,0,0,1023137,3.27
15/07/2010,0,0,0(0.00 %),0,0,0,0,1023137,3.27
16/07/2010,400,11240000,0(0.00 %),400,11240000,0,0,1022737,3.29
19/07/2010,-300,-8430000,0(0.00 %),0,0,300,8430000,1023037,3.27
20/07/2010,0,0,0(0.00 %),0,0,0,0,1023037,3.27
21/07/2010,0,0,0(0.00 %),0,0,0,0,1023037,3.27
22/07/2010,0,0,0(0.00 %),0,0,0,0,1023037,3.27
23/07/2010,0,0,0(0.00 %),0,0,0,0,1023037,3.27
26/07/2010,0,0,0(0.00 %),0,0,0,0,1023037,3.27
27/07/2010,0,0,0(0.00 %),0,0,0,0,1023037,3.27
28/07/2010,0,0,0(0.00 %),0,0,0,0,1023037,3.27
29/07/2010,0,0,0(0.00 %),0,0,0,0,1023037,3.27
30/07/2010,0,0,0(0.00 %),0,0,0,0,1023037,3.27
02/08/2010,0,0,0(0.00 %),0,0,0,0,1023037,3.27
03/08/2010,0,0,0(0.00 %),0,0,0,0,1023037,3.27
04/08/2010,0,0,0(0.00 %),0,0,0,0,1023037,3.27
05/08/2010,0,0,0(0.00 %),0,0,0,0,1023037,3.27
06/08/2010,0,0,0(0.00 %),0,0,0,0,1023037,3.27
09/08/2010,0,0,0(0.00 %),0,0,0,0,1023037,3.27
10/08/2010,0,0,0(0.00 %),0,0,0,0,1023037,3.27
11/08/2010,0,0,0(0.00 %),0,0,0,0,1023037,3.27
12/08/2010,1800,37980000,0(0.00 %),1800,37980000,0,0,1021237,3.35
13/08/2010,0,0,0(0.00 %),0,0,0,0,1021237,3.35
16/08/2010,200,4400000,0(0.00 %),200,4400000,0,0,1021037,3.36
17/08/2010,0,0,0(0.00 %),0,0,0,0,1021037,3.36
18/08/2010,0,0,0(0.00 %),0,0,0,0,1021037,3.36
19/08/2010,0,0,0(0.00 %),0,0,0,0,1021037,3.36
20/08/2010,0,0,0(0.00 %),0,0,0,0,1021037,3.36
23/08/2010,0,0,0(0.00 %),0,0,0,0,1021037,3.36
24/08/2010,0,0,0(0.00 %),0,0,0,0,1021037,3.36
25/08/2010,0,0,0(0.00 %),0,0,0,0,1021037,3.36
26/08/2010,0,0,0(0.00 %),0,0,0,0,1021037,3.36
27/08/2010,0,0,0(0.00 %),0,0,0,0,1021037,3.36
30/08/2010,0,0,0(0.00 %),0,0,0,0,1021037,3.36
31/08/2010,0,0,0(0.00 %),0,0,0,0,1021037,3.36
01/09/2010,0,0,0(0.00 %),0,0,0,0,1021037,3.36
06/09/2010,0,0,0(0.00 %),0,0,0,0,1021037,3.36
07/09/2010,0,0,0(0.00 %),0,0,0,0,1021037,3.36
08/09/2010,0,0,0(0.00 %),0,0,0,0,1021037,3.36
09/09/2010,0,0,0(0.00 %),0,0,0,0,1021037,3.36
10/09/2010,0,0,0(0.00 %),0,0,0,0,1021037,3.36
13/09/2010,200,4000000,0(0.00 %),200,4000000,0,0,1020837,3.37
14/09/2010,0,0,0(0.00 %),0,0,0,0,1020837,3.37
15/09/2010,0,0,0(0.00 %),0,0,0,0,1020837,0.0
16/09/2010,0,0,0(0.00 %),0,0,0,0,1020837,3.37
17/09/2010,0,0,0(0.00 %),0,0,0,0,1020837,3.37
20/09/2010,0,0,0(0.00 %),0,0,0,0,1020837,3.37
21/09/2010,0,0,0(0.00 %),0,0,0,0,1020837,3.37
22/09/2010,0,0,0(0.00 %),0,0,0,0,1020837,3.37
23/09/2010,1000,21700000,0(0.00 %),1000,21700000,0,0,1019837,3.42
24/09/2010,0,0,0(0.00 %),0,0,0,0,1019837,3.42
27/09/2010,0,0,0(0.00 %),0,0,0,0,1019837,3.42
28/09/2010,0,0,0(0.00 %),0,0,0,0,1019837,3.42
29/09/2010,3000,66000000,0(0.00 %),3000,66000000,0,0,1016837,3.55
30/09/2010,0,0,0(0.00 %),0,0,0,0,1016837,3.55
01/10/2010,0,0,0(0.00 %),0,0,0,0,1016837,3.55
04/10/2010,0,0,0(0.00 %),0,0,0,0,1016837,3.55
05/10/2010,0,0,0(0.00 %),0,0,0,0,1016837,3.55
06/10/2010,0,0,0(0.00 %),0,0,0,0,1016837,3.55
07/10/2010,0,0,0(0.00 %),0,0,0,0,1016837,3.55
08/10/2010,0,0,0(0.00 %),0,0,0,0,1016837,3.55
11/10/2010,0,0,0(0.00 %),0,0,0,0,1016837,3.55
12/10/2010,0,0,0(0.00 %),0,0,0,0,1016837,3.55
13/10/2010,0,0,0(0.00 %),0,0,0,0,1016837,3.55
14/10/2010,0,0,0(0.00 %),0,0,0,0,1016837,3.55
15/10/2010,0,0,0(0.00 %),0,0,0,0,1016837,3.55
18/10/2010,0,0,0(0.00 %),0,0,0,0,1016837,3.55
19/10/2010,0,0,0(0.00 %),0,0,0,0,1016837,3.55
20/10/2010,0,0,0(0.00 %),0,0,0,0,1016837,3.55
21/10/2010,0,0,0(0.00 %),0,0,0,0,1016837,3.55
22/10/2010,0,0,0(0.00 %),0,0,0,0,1016837,3.55
25/10/2010,0,0,0(0.00 %),0,0,0,0,1016837,3.55
26/10/2010,0,0,0(0.00 %),0,0,0,0,1016837,3.55
27/10/2010,0,0,0(0.00 %),0,0,0,0,1016837,3.55
28/10/2010,0,0,0(0.00 %),0,0,0,0,1016837,3.55
29/10/2010,0,0,0(0.00 %),0,0,0,0,1016837,3.55
01/11/2010,0,0,0(0.00 %),0,0,0,0,1016837,3.55
02/11/2010,0,0,0(0.00 %),0,0,0,0,1016837,3.55
03/11/2010,0,0,0(0.00 %),0,0,0,0,1016837,3.55
04/11/2010,100,1630000,0(0.00 %),100,1630000,0,0,1016737,3.55
05/11/2010,0,0,0(0.00 %),0,0,0,0,1016737,3.55
08/11/2010,0,0,0(0.00 %),0,0,0,0,1016737,3.55
09/11/2010,0,0,0(0.00 %),0,0,0,0,1016737,3.55
10/11/2010,0,0,0(0.00 %),0,0,0,0,1016737,3.55
11/11/2010,0,0,0(0.00 %),0,0,0,0,1016737,3.55
12/11/2010,0,0,0(0.00 %),0,0,0,0,1016737,3.55
15/11/2010,100,1480000,0(0.00 %),100,1480000,0,0,1016637,3.56
16/11/2010,0,0,0(0.00 %),0,0,0,0,1016637,3.56
17/11/2010,0,0,0(0.00 %),0,0,0,0,1016637,3.56
18/11/2010,0,0,0(0.00 %),0,0,0,0,1016637,3.56
19/11/2010,0,0,0(0.00 %),0,0,0,0,1016637,3.56
22/11/2010,0,0,0(0.00 %),0,0,0,0,1016637,3.56
23/11/2010,0,0,0(0.00 %),0,0,0,0,1016637,3.56
24/11/2010,0,0,0(0.00 %),0,0,0,0,1016637,3.56
25/11/2010,0,0,0(0.00 %),0,0,0,0,1016637,3.56
26/11/2010,0,0,0(0.00 %),0,0,0,0,1016637,3.56
29/11/2010,0,0,0(0.00 %),0,0,0,0,1016637,3.56
30/11/2010,-200,-3560000,0(0.00 %),0,0,200,3560000,1016837,3.55
01/12/2010,0,0,0(0.00 %),0,0,0,0,1016837,3.55
02/12/2010,0,0,0(0.00 %),0,0,0,0,1016837,3.55
03/12/2010,-400,-6680000,0(0.00 %),0,0,400,6680000,1017237,3.53
06/12/2010,0,0,0(0.00 %),0,0,0,0,1017237,3.53
07/12/2010,0,0,0(0.00 %),0,0,0,0,1017237,3.53
08/12/2010,0,0,0(0.00 %),0,0,0,0,1017237,3.53
09/12/2010,0,0,0(0.00 %),0,0,0,0,1017237,3.53
10/12/2010,0,0,0(0.00 %),0,0,0,0,1017237,3.53
13/12/2010,0,0,0(0.00 %),0,0,0,0,1017237,3.53
14/12/2010,0,0,0(0.00 %),0,0,0,0,1017237,3.53
15/12/2010,0,0,0(0.00 %),0,0,0,0,1017237,3.53
16/12/2010,0,0,0(0.00 %),0,0,0,0,1017237,3.53
17/12/2010,0,0,0(0.00 %),0,0,0,0,1017237,3.53
20/12/2010,0,0,0(0.00 %),0,0,0,0,1017237,3.53
21/12/2010,0,0,0(0.00 %),0,0,0,0,1017237,3.53
22/12/2010,0,0,0(0.00 %),0,0,0,0,1017237,3.53
23/12/2010,0,0,0(0.00 %),0,0,0,0,1017237,3.53
24/12/2010,0,0,0(0.00 %),0,0,0,0,1017237,3.53
27/12/2010,0,0,0(0.00 %),0,0,0,0,1017237,3.53
28/12/2010,0,0,0(0.00 %),0,0,0,0,1017237,3.53
29/12/2010,0,0,0(0.00 %),0,0,0,0,1017237,3.53
30/12/2010,0,0,0(0.00 %),0,0,0,0,1017237,3.53
31/12/2010,0,0,0(0.00 %),0,0,0,0,1017237,3.53
04/01/2011,0,0,0(0.00 %),0,0,0,0,1017237,3.53
05/01/2011,0,0,0(0.00 %),0,0,0,0,1017237,3.53
06/01/2011,0,0,0(0.00 %),0,0,0,0,1017237,3.53
07/01/2011,0,0,0(0.00 %),0,0,0,0,1017237,3.53
10/01/2011,0,0,0(0.00 %),0,0,0,0,1017237,3.53
11/01/2011,0,0,0(0.00 %),0,0,0,0,1017237,3.53
12/01/2011,0,0,0(0.00 %),0,0,0,0,1017237,3.53
13/01/2011,0,0,0(0.00 %),0,0,0,0,1017237,3.53
14/01/2011,0,0,0(0.00 %),0,0,0,0,1017237,3.53
17/01/2011,0,0,0(0.00 %),0,0,0,0,1017237,3.53
18/01/2011,0,0,0(0.00 %),0,0,0,0,1017237,3.53
19/01/2011,1500,26400000,0(0.00 %),1500,26400000,0,0,1015737,3.6
20/01/2011,100,1750000,0(0.00 %),100,1750000,0,0,1015637,3.6
21/01/2011,0,0,0(0.00 %),0,0,0,0,1015637,3.6
24/01/2011,0,0,0(0.00 %),0,0,0,0,1015637,3.6
25/01/2011,0,0,0(0.00 %),0,0,0,0,1015637,3.6
26/01/2011,0,0,0(0.00 %),0,0,0,0,1015637,3.6
27/01/2011,0,0,0(0.00 %),0,0,0,0,1015637,3.6
28/01/2011,0,0,0(0.00 %),0,0,0,0,1015637,3.6
08/02/2011,0,0,0(0.00 %),0,0,0,0,1015637,3.6
09/02/2011,0,0,0(0.00 %),0,0,0,0,1015637,3.6
10/02/2011,0,0,0(0.00 %),0,0,0,0,1015637,3.6
11/02/2011,500,8700000,0(0.00 %),500,8700000,0,0,1015137,3.63
14/02/2011,0,0,0(0.00 %),0,0,0,0,1015137,3.63
15/02/2011,0,0,0(0.00 %),0,0,0,0,1015137,3.63
16/02/2011,0,0,0(0.00 %),0,0,0,0,1015137,3.63
17/02/2011,0,0,0(0.00 %),0,0,0,0,1015137,3.63
18/02/2011,0,0,0(0.00 %),0,0,0,0,1015137,3.63
21/02/2011,0,0,0(0.00 %),0,0,0,0,1015137,3.63
22/02/2011,-500,-7750000,0(0.00 %),0,0,500,7750000,1015637,3.6
23/02/2011,0,0,0(0.00 %),0,0,0,0,1015637,3.6
24/02/2011,0,0,0(0.00 %),0,0,0,0,1015637,3.6
25/02/2011,0,0,0(0.00 %),0,0,0,0,1015637,3.6
28/02/2011,0,0,0(0.00 %),0,0,0,0,1015637,3.6
01/03/2011,0,0,0(0.00 %),0,0,0,0,1015637,3.6
02/03/2011,0,0,0(0.00 %),0,0,0,0,1015637,3.6
03/03/2011,0,0,0(0.00 %),0,0,0,0,0,0.0
04/03/2011,0,0,0(0.00 %),0,0,0,0,0,0.0
07/03/2011,0,0,0(0.00 %),0,0,0,0,0,0.0
08/03/2011,0,0,0(0.00 %),0,0,0,0,0,0.0
09/03/2011,0,0,0(0.00 %),0,0,0,0,0,0.0
10/03/2011,0,0,0(0.00 %),0,0,0,0,0,0.0
11/03/2011,0,0,0(0.00 %),0,0,0,0,0,0.0
14/03/2011,0,0,0(0.00 %),0,0,0,0,0,0.0
15/03/2011,0,0,0(0.00 %),0,0,0,0,0,0.0
16/03/2011,0,0,0(0.00 %),0,0,0,0,1015637,3.6
17/03/2011,0,0,0(0.00 %),0,0,0,0,1015637,3.6
18/03/2011,0,0,0(0.00 %),0,0,0,0,1015637,3.6
21/03/2011,0,0,0(0.00 %),0,0,0,0,1015637,3.6
22/03/2011,0,0,0(0.00 %),0,0,0,0,1015637,3.6
23/03/2011,0,0,0(0.00 %),0,0,0,0,1015637,3.6
24/03/2011,0,0,0(0.00 %),0,0,0,0,1015637,3.6
25/03/2011,0,0,0(0.00 %),0,0,0,0,1015637,3.6
28/03/2011,0,0,0(0.00 %),0,0,0,0,1015637,3.6
29/03/2011,0,0,0(0.00 %),0,0,0,0,1015637,3.6
30/03/2011,0,0,0(0.00 %),0,0,0,0,1015637,3.6
31/03/2011,0,0,0(0.00 %),0,0,0,0,1015637,3.6
01/04/2011,0,0,0(0.00 %),0,0,0,0,1015637,3.6
04/04/2011,0,0,0(0.00 %),0,0,0,0,1015637,3.6
05/04/2011,0,0,0(0.00 %),0,0,0,0,1015637,3.6
06/04/2011,0,0,0(0.00 %),0,0,0,0,1015637,3.6
07/04/2011,0,0,0(0.00 %),0,0,0,0,1015637,3.6
08/04/2011,0,0,0(0.00 %),0,0,0,0,1015637,3.6
13/04/2011,0,0,0(0.00 %),0,0,0,0,1015637,3.6
14/04/2011,0,0,0(0.00 %),0,0,0,0,1015637,3.6
15/04/2011,0,0,0(0.00 %),0,0,0,0,1015637,3.6
18/04/2011,0,0,0(0.00 %),0,0,0,0,1015637,3.6
19/04/2011,0,0,0(0.00 %),0,0,0,0,1015637,3.6
20/04/2011,0,0,0(0.00 %),0,0,0,0,1015637,3.6
21/04/2011,0,0,0(0.00 %),0,0,0,0,1015637,3.6
22/04/2011,0,0,0(0.00 %),0,0,0,0,1015637,3.6
25/04/2011,0,0,0(0.00 %),0,0,0,0,1015637,3.6
26/04/2011,0,0,0(0.00 %),0,0,0,0,1015637,3.6
27/04/2011,0,0,0(0.00 %),0,0,0,0,1015637,3.6
28/04/2011,0,0,0(0.00 %),0,0,0,0,1015637,3.6
29/04/2011,0,0,0(0.00 %),0,0,0,0,1015637,3.6
04/05/2011,0,0,0(0.00 %),0,0,0,0,1015637,3.6
05/05/2011,0,0,0(0.00 %),0,0,0,0,1015637,3.6
06/05/2011,0,0,0(0.00 %),0,0,0,0,1015637,3.6
09/05/2011,0,0,0(0.00 %),0,0,0,0,1015637,3.6
10/05/2011,0,0,0(0.00 %),0,0,0,0,1015637,3.6
11/05/2011,0,0,0(0.00 %),0,0,0,0,1015637,3.6
12/05/2011,0,0,0(0.00 %),0,0,0,0,1015637,3.6
13/05/2011,0,0,0(0.00 %),0,0,0,0,1015637,3.6
16/05/2011,0,0,0(0.00 %),0,0,0,0,1015637,3.6
17/05/2011,0,0,0(0.00 %),0,0,0,0,1015637,3.6
18/05/2011,0,0,0(0.00 %),0,0,0,0,1015637,3.6
19/05/2011,0,0,0(0.00 %),0,0,0,0,1015637,3.6
20/05/2011,0,0,0(0.00 %),0,0,0,0,1015637,3.6
23/05/2011,0,0,0(0.00 %),0,0,0,0,1015637,3.6
24/05/2011,0,0,0(0.00 %),0,0,0,0,1015637,3.6
25/05/2011,0,0,0(0.00 %),0,0,0,0,1015637,3.6
26/05/2011,0,0,0(0.00 %),0,0,0,0,1015637,3.6
27/05/2011,0,0,0(0.00 %),0,0,0,0,1015637,3.6
30/05/2011,0,0,0(0.00 %),0,0,0,0,1015637,3.6
31/05/2011,0,0,0(0.00 %),0,0,0,0,1015637,3.6
01/06/2011,0,0,0(0.00 %),0,0,0,0,1015637,3.6
02/06/2011,0,0,0(0.00 %),0,0,0,0,1015637,3.6
03/06/2011,0,0,0(0.00 %),0,0,0,0,1015637,3.6
06/06/2011,0,0,0(0.00 %),0,0,0,0,1015637,3.6
07/06/2011,0,0,0(0.00 %),0,0,0,0,1015637,3.6
08/06/2011,0,0,0(0.00 %),0,0,0,0,1015637,3.6
09/06/2011,0,0,0(0.00 %),0,0,0,0,1015637,3.6
10/06/2011,0,0,0(0.00 %),0,0,0,0,1015637,3.6
13/06/2011,0,0,0(0.00 %),0,0,0,0,1015637,3.6
14/06/2011,0,0,0(0.00 %),0,0,0,0,1015637,3.6
15/06/2011,0,0,0(0.00 %),0,0,0,0,1015637,3.6
16/06/2011,0,0,0(0.00 %),0,0,0,0,1015637,3.6
17/06/2011,0,0,0(0.00 %),0,0,0,0,1015637,3.6
20/06/2011,0,0,0(0.00 %),0,0,0,0,1015637,3.6
21/06/2011,0,0,0(0.00 %),0,0,0,0,1015637,3.6
22/06/2011,0,0,0(0.00 %),0,0,0,0,1015637,3.6
23/06/2011,0,0,0(0.00 %),0,0,0,0,1015637,3.6
24/06/2011,0,0,0(0.00 %),0,0,0,0,1015637,3.6
27/06/2011,0,0,0(0.00 %),0,0,0,0,1015637,3.6
28/06/2011,0,0,0(0.00 %),0,0,0,0,1015637,3.6
29/06/2011,0,0,0(0.00 %),0,0,0,0,1015637,3.6
30/06/2011,-400,-4690000,0(0.00 %),0,0,400,4690000,1016037,3.59
01/07/2011,0,0,0(0.00 %),0,0,0,0,1015637,3.6
04/07/2011,0,0,0(0.00 %),0,0,0,0,1015637,3.6
05/07/2011,0,0,0(0.00 %),0,0,0,0,1015637,3.6
06/07/2011,0,0,0(0.00 %),0,0,0,0,1015637,3.6
07/07/2011,0,0,0(0.00 %),0,0,0,0,1015637,3.6
08/07/2011,0,0,0(0.00 %),0,0,0,0,1015637,3.6
11/07/2011,0,0,0(0.00 %),0,0,0,0,1015637,3.6
12/07/2011,0,0,0(0.00 %),0,0,0,0,1015637,3.6
13/07/2011,0,0,0(0.00 %),0,0,0,0,1015637,3.6
14/07/2011,0,0,0(0.00 %),0,0,0,0,1015637,3.6
15/07/2011,0,0,0(0.00 %),0,0,0,0,1015637,3.6
18/07/2011,0,0,0(0.00 %),0,0,0,0,1015637,3.6
19/07/2011,0,0,0(0.00 %),0,0,0,0,1015637,3.6
20/07/2011,0,0,0(0.00 %),0,0,0,0,1015637,3.6
21/07/2011,0,0,0(0.00 %),0,0,0,0,1015637,3.6
22/07/2011,0,0,0(0.00 %),0,0,0,0,1015637,3.6
25/07/2011,0,0,0(0.00 %),0,0,0,0,1015637,3.6
26/07/2011,0,0,0(0.00 %),0,0,0,0,1015637,3.6
27/07/2011,0,0,0(0.00 %),0,0,0,0,1015637,3.6
28/07/2011,0,0,0(0.00 %),0,0,0,0,1015637,3.6
29/07/2011,0,0,0(0.00 %),0,0,0,0,1015637,3.6
01/08/2011,0,0,0(0.00 %),0,0,0,0,1016037,3.59
02/08/2011,0,0,0(0.00 %),0,0,0,0,1016037,3.59
03/08/2011,0,0,0(0.00 %),0,0,0,0,1016037,3.59
04/08/2011,0,0,0(0.00 %),0,0,0,0,1016037,3.59
05/08/2011,0,0,0(0.00 %),0,0,0,0,1016037,3.59
08/08/2011,0,0,0(0.00 %),0,0,0,0,1016037,3.59
09/08/2011,0,0,0(0.00 %),0,0,0,0,1016037,3.59
10/08/2011,0,0,0(0.00 %),0,0,0,0,1016037,3.59
11/08/2011,0,0,0(0.00 %),0,0,0,0,1016037,3.59
12/08/2011,0,0,0(0.00 %),0,0,0,0,1016037,3.59
15/08/2011,0,0,0(0.00 %),0,0,0,0,1016037,3.59
16/08/2011,0,0,0(0.00 %),0,0,0,0,1016037,3.59
17/08/2011,0,0,0(0.00 %),0,0,0,0,1016037,3.59
18/08/2011,0,0,0(0.00 %),0,0,0,0,1016037,3.59
19/08/2011,0,0,0(0.00 %),0,0,0,0,1016037,3.59
22/08/2011,0,0,0(0.00 %),0,0,0,0,1016037,3.59
23/08/2011,0,0,0(0.00 %),0,0,0,0,1016037,3.59
24/08/2011,0,0,0(0.00 %),0,0,0,0,1016037,3.59
25/08/2011,0,0,0(0.00 %),0,0,0,0,1016037,3.59
26/08/2011,0,0,0(0.00 %),0,0,0,0,1016037,3.59
29/08/2011,0,0,0(0.00 %),0,0,0,0,1016037,3.59
30/08/2011,0,0,0(0.00 %),0,0,0,0,1016037,3.59
31/08/2011,0,0,0(0.00 %),0,0,0,0,1016037,3.59
01/09/2011,0,0,0(0.00 %),0,0,0,0,1016037,3.59
05/09/2011,0,0,0(0.00 %),0,0,0,0,1016037,3.59
06/09/2011,0,0,0(0.00 %),0,0,0,0,1016037,3.59
07/09/2011,0,0,0(0.00 %),0,0,0,0,1016037,3.59
08/09/2011,0,0,0(0.00 %),0,0,0,0,1016037,3.59
09/09/2011,0,0,0(0.00 %),0,0,0,0,1016037,3.59
12/09/2011,0,0,0(0.00 %),0,0,0,0,1016037,3.59
13/09/2011,0,0,0(0.00 %),0,0,0,0,1016037,3.59
14/09/2011,0,0,0(0.00 %),0,0,0,0,1016037,3.59
15/09/2011,0,0,0(0.00 %),0,0,0,0,1016037,3.59
16/09/2011,0,0,0(0.00 %),0,0,0,0,1016037,3.59
19/09/2011,0,0,0(0.00 %),0,0,0,0,1016037,3.59
20/09/2011,0,0,0(0.00 %),0,0,0,0,1016037,3.59
21/09/2011,0,0,0(0.00 %),0,0,0,0,1016037,3.59
22/09/2011,0,0,0(0.00 %),0,0,0,0,1016037,3.59
23/09/2011,0,0,0(0.00 %),0,0,0,0,1016037,3.59
26/09/2011,0,0,0(0.00 %),0,0,0,0,1016037,3.59
27/09/2011,0,0,0(0.00 %),0,0,0,0,1016037,3.59
28/09/2011,0,0,0(0.00 %),0,0,0,0,1016037,3.59
29/09/2011,0,0,0(0.00 %),0,0,0,0,1016037,3.59
30/09/2011,0,0,0(0.00 %),0,0,0,0,1016037,3.59
03/10/2011,0,0,0(0.00 %),0,0,0,0,1016037,3.59
04/10/2011,0,0,0(0.00 %),0,0,0,0,1016037,3.59
05/10/2011,0,0,0(0.00 %),0,0,0,0,1016037,3.59
06/10/2011,0,0,0(0.00 %),0,0,0,0,1016037,3.59
07/10/2011,0,0,0(0.00 %),0,0,0,0,1016037,3.59
10/10/2011,0,0,0(0.00 %),0,0,0,0,1016037,3.59
11/10/2011,0,0,0(0.00 %),0,0,0,0,1016037,3.59
12/10/2011,0,0,0(0.00 %),0,0,0,0,1016037,3.59
13/10/2011,0,0,0(0.00 %),0,0,0,0,1016037,3.59
14/10/2011,0,0,0(0.00 %),0,0,0,0,1016037,3.59
17/10/2011,0,0,0(0.00 %),0,0,0,0,1016037,3.59
18/10/2011,0,0,0(0.00 %),0,0,0,0,1016037,3.59
19/10/2011,0,0,0(0.00 %),0,0,0,0,1016037,3.59
20/10/2011,0,0,0(0.00 %),0,0,0,0,1016037,3.59
21/10/2011,0,0,0(0.00 %),0,0,0,0,1016037,3.59
24/10/2011,0,0,0(0.00 %),0,0,0,0,1016037,3.59
25/10/2011,0,0,0(0.00 %),0,0,0,0,1016037,3.59
26/10/2011,0,0,0(0.00 %),0,0,0,0,1016037,3.59
27/10/2011,0,0,0(0.00 %),0,0,0,0,1016037,3.59
28/10/2011,0,0,0(0.00 %),0,0,0,0,1016037,3.59
31/10/2011,0,0,0(0.00 %),0,0,0,0,1016037,3.59
01/11/2011,0,0,0(0.00 %),0,0,0,0,1016037,3.59
02/11/2011,0,0,0(0.00 %),0,0,0,0,1016037,3.59
03/11/2011,0,0,0(0.00 %),0,0,0,0,1016037,3.59
04/11/2011,0,0,0(0.00 %),0,0,0,0,1016037,3.59
07/11/2011,0,0,0(0.00 %),0,0,0,0,1016037,3.59
08/11/2011,0,0,0(0.00 %),0,0,0,0,1016037,3.59
09/11/2011,0,0,0(0.00 %),0,0,0,0,1016037,3.59
10/11/2011,0,0,0(0.00 %),0,0,0,0,1016037,3.59
11/11/2011,0,0,0(0.00 %),0,0,0,0,1016037,3.59
14/11/2011,0,0,0(0.00 %),0,0,0,0,1016037,3.59
15/11/2011,0,0,0(0.00 %),0,0,0,0,1016037,3.59
16/11/2011,0,0,0(0.00 %),0,0,0,0,1016037,3.59
17/11/2011,0,0,0(0.00 %),0,0,0,0,1016037,3.59
18/11/2011,0,0,0(0.00 %),0,0,0,0,1016037,3.59
21/11/2011,0,0,0(0.00 %),0,0,0,0,1016037,3.59
22/11/2011,0,0,0(0.00 %),0,0,0,0,1016037,3.59
23/11/2011,0,0,0(0.00 %),0,0,0,0,1016037,3.59
24/11/2011,0,0,0(0.00 %),0,0,0,0,1016037,3.59
25/11/2011,0,0,0(0.00 %),0,0,0,0,1016037,3.59
28/11/2011,0,0,0(0.00 %),0,0,0,0,1016037,3.59
29/11/2011,0,0,0(0.00 %),0,0,0,0,1016037,3.59
30/11/2011,0,0,0(0.00 %),0,0,0,0,1016037,3.59
01/12/2011,0,0,0(0.00 %),0,0,0,0,1016037,3.59
02/12/2011,0,0,0(0.00 %),0,0,0,0,1016037,3.59
05/12/2011,0,0,0(0.00 %),0,0,0,0,1016037,3.59
06/12/2011,0,0,0(0.00 %),0,0,0,0,1016037,3.59
07/12/2011,0,0,0(0.00 %),0,0,0,0,1016037,3.59
08/12/2011,0,0,0(0.00 %),0,0,0,0,1016037,3.59
09/12/2011,0,0,0(0.00 %),0,0,0,0,1016037,3.59
12/12/2011,0,0,0(0.00 %),0,0,0,0,1016037,3.59
13/12/2011,0,0,0(0.00 %),0,0,0,0,1016037,3.59
14/12/2011,0,0,0(0.00 %),0,0,0,0,1016037,3.59
15/12/2011,0,0,0(0.00 %),0,0,0,0,1016037,3.59
16/12/2011,0,0,0(0.00 %),0,0,0,0,1016037,3.59
19/12/2011,0,0,0(0.00 %),0,0,0,0,1016037,3.59
20/12/2011,0,0,0(0.00 %),0,0,0,0,1016037,3.59
21/12/2011,0,0,0(0.00 %),0,0,0,0,1016037,3.59
22/12/2011,0,0,0(0.00 %),0,0,0,0,1016037,3.59
23/12/2011,0,0,0(0.00 %),0,0,0,0,1016037,3.59
26/12/2011,0,0,0(0.00 %),0,0,0,0,1016037,3.59
27/12/2011,0,0,0(0.00 %),0,0,0,0,1016037,3.59
28/12/2011,0,0,0(0.00 %),0,0,0,0,1016037,3.59
29/12/2011,0,0,0(0.00 %),0,0,0,0,1016037,3.59
30/12/2011,0,0,0(0.00 %),0,0,0,0,1016037,3.59
03/01/2012,0,0,0(0.00 %),0,0,0,0,1016037,3.59
04/01/2012,0,0,0(0.00 %),0,0,0,0,1016037,3.59
05/01/2012,0,0,0(0.00 %),0,0,0,0,1016037,3.59
06/01/2012,0,0,0(0.00 %),0,0,0,0,1016037,3.59
09/01/2012,0,0,0(0.00 %),0,0,0,0,1016037,3.59
10/01/2012,0,0,0(0.00 %),0,0,0,0,1016037,3.59
11/01/2012,0,0,0(0.00 %),0,0,0,0,1016037,3.59
12/01/2012,0,0,0(0.00 %),0,0,0,0,1016037,3.59
13/01/2012,0,0,0(0.00 %),0,0,0,0,1016037,3.59
16/01/2012,0,0,0(0.00 %),0,0,0,0,1016037,3.59
17/01/2012,0,0,0(0.00 %),0,0,0,0,1016037,3.59
18/01/2012,0,0,0(0.00 %),0,0,0,0,1016037,3.59
19/01/2012,0,0,0(0.00 %),0,0,0,0,1016037,3.59
20/01/2012,0,0,0(0.00 %),0,0,0,0,1016037,3.59
30/01/2012,0,0,0(0.00 %),0,0,0,0,1016037,3.59
31/01/2012,-600,-6420000,0(0.00 %),0,0,600,6420000,1016637,3.56
01/02/2012,0,0,0(0.00 %),0,0,0,0,1016037,3.59
02/02/2012,0,0,0(0.00 %),0,0,0,0,1016037,3.59
03/02/2012,0,0,0(0.00 %),0,0,0,0,1016037,3.59
06/02/2012,-100,-1130000,0(0.00 %),0,0,100,1130000,1016137,3.58
07/02/2012,0,0,0(0.00 %),0,0,0,0,1016137,3.58
08/02/2012,0,0,0(0.00 %),0,0,0,0,1016137,3.58
09/02/2012,0,0,0(0.00 %),0,0,0,0,1016137,3.58
10/02/2012,0,0,0(0.00 %),0,0,0,0,1016137,3.58
13/02/2012,0,0,0(0.00 %),0,0,0,0,1016137,3.58
14/02/2012,0,0,0(0.00 %),0,0,0,0,1016137,3.58
15/02/2012,0,0,0(0.00 %),0,0,0,0,1016137,3.58
16/02/2012,0,0,0(0.00 %),0,0,0,0,1016137,3.58
17/02/2012,0,0,0(0.00 %),0,0,0,0,1016137,3.58
20/02/2012,0,0,0(0.00 %),0,0,0,0,1016137,3.58
21/02/2012,0,0,0(0.00 %),0,0,0,0,1016137,3.58
22/02/2012,0,0,0(0.00 %),0,0,0,0,1016137,3.58
23/02/2012,0,0,0(0.00 %),0,0,0,0,1016137,3.58
24/02/2012,0,0,0(0.00 %),0,0,0,0,1016137,3.58
27/02/2012,0,0,0(0.00 %),0,0,0,0,1016137,3.58
28/02/2012,0,0,0(0.00 %),0,0,0,0,1016137,3.58
29/02/2012,0,0,0(0.00 %),0,0,0,0,1016137,3.58
01/03/2012,0,0,0(0.00 %),0,0,0,0,1016737,3.55
02/03/2012,0,0,0(0.00 %),0,0,0,0,1016737,3.55
05/03/2012,0,0,0(0.00 %),0,0,0,0,1016737,3.55
06/03/2012,0,0,0(0.00 %),0,0,0,0,1016737,3.55
07/03/2012,0,0,0(0.00 %),0,0,0,0,1016737,3.55
08/03/2012,0,0,0(0.00 %),0,0,0,0,1016737,3.55
09/03/2012,0,0,0(0.00 %),0,0,0,0,1016737,3.55
12/03/2012,0,0,0(0.00 %),0,0,0,0,1016737,3.55
13/03/2012,0,0,0(0.00 %),0,0,0,0,1016737,3.55
14/03/2012,0,0,0(0.00 %),0,0,0,0,1016737,3.55
15/03/2012,-3000,-39000000,0(0.00 %),0,0,3000,39000000,1019737,3.42
16/03/2012,-2000,-26000000,0(0.00 %),0,0,2000,26000000,1021737,3.33
19/03/2012,-2000,-26000000,0(0.00 %),0,0,2000,26000000,1023737,3.24
20/03/2012,-800,-11200000,0(0.00 %),0,0,800,11200000,1024537,3.21
21/03/2012,0,0,0(0.00 %),0,0,0,0,1024537,3.21
22/03/2012,-2000,-28000000,0(0.00 %),0,0,2000,28000000,1026537,3.12
23/03/2012,-2000,-28000000,0(0.00 %),0,0,2000,28000000,1028537,3.03
26/03/2012,-1000,-14100000,0(0.00 %),0,0,1000,14100000,1029537,2.98
27/03/2012,0,0,0(0.00 %),0,0,0,0,1029537,2.98
28/03/2012,0,0,0(0.00 %),0,0,0,0,1029537,2.98
29/03/2012,0,0,0(0.00 %),0,0,0,0,1029537,2.98
30/03/2012,0,0,0(0.00 %),0,0,0,0,1029537,2.98
03/04/2012,0,0,0(0.00 %),0,0,0,0,1029537,2.98
04/04/2012,0,0,0(0.00 %),0,0,0,0,1029537,2.98
05/04/2012,0,0,0(0.00 %),0,0,0,0,1029537,2.98
06/04/2012,0,0,0(0.00 %),0,0,0,0,1029537,2.98
09/04/2012,0,0,0(0.00 %),0,0,0,0,1029537,2.98
10/04/2012,0,0,0(0.00 %),0,0,0,0,1029537,2.98
11/04/2012,0,0,0(0.00 %),0,0,0,0,1029537,2.98
12/04/2012,0,0,0(0.00 %),0,0,0,0,1029537,2.98
13/04/2012,0,0,0(0.00 %),0,0,0,0,1029537,2.98
16/04/2012,0,0,0(0.00 %),0,0,0,0,1029537,2.98
17/04/2012,-1000,-14000000,0(0.00 %),0,0,1000,14000000,1030537,2.94
18/04/2012,-1000,-14000000,0(0.00 %),0,0,1000,14000000,1031537,2.89
19/04/2012,0,0,0(0.00 %),0,0,0,0,1031537,2.89
20/04/2012,0,0,0(0.00 %),0,0,0,0,1031537,2.89
23/04/2012,0,0,0(0.00 %),0,0,0,0,1031537,2.89
24/04/2012,0,0,0(0.00 %),0,0,0,0,1031537,2.89
25/04/2012,0,0,0(0.00 %),0,0,0,0,1031537,2.89
26/04/2012,0,0,0(0.00 %),0,0,0,0,1031537,2.89
27/04/2012,0,0,0(0.00 %),0,0,0,0,1031537,2.89
02/05/2012,0,0,0(0.00 %),0,0,0,0,1031537,2.89
03/05/2012,0,0,0(0.00 %),0,0,0,0,1031537,2.89
04/05/2012,-1500,-21000000,0(0.00 %),0,0,1500,21000000,1033037,2.83
07/05/2012,0,0,0(0.00 %),0,0,0,0,1033037,2.83
08/05/2012,0,0,0(0.00 %),0,0,0,0,1033037,2.83
09/05/2012,0,0,0(0.00 %),0,0,0,0,1033037,2.83
10/05/2012,0,0,0(0.00 %),0,0,0,0,1033037,2.83
11/05/2012,0,0,0(0.00 %),0,0,0,0,1033037,2.83
14/05/2012,0,0,0(0.00 %),0,0,0,0,1033037,2.83
15/05/2012,0,0,0(0.00 %),0,0,0,0,1033037,2.83
16/05/2012,0,0,0(0.00 %),0,0,0,0,1033037,2.83
17/05/2012,0,0,0(0.00 %),0,0,0,0,1033037,2.83
18/05/2012,0,0,0(0.00 %),0,0,0,0,1033037,2.83
21/05/2012,0,0,0(0.00 %),0,0,0,0,1033037,2.83
22/05/2012,0,0,0(0.00 %),0,0,0,0,1033037,2.83
23/05/2012,0,0,0(0.00 %),0,0,0,0,1033037,2.83
24/05/2012,0,0,0(0.00 %),0,0,0,0,1033037,2.83
25/05/2012,0,0,0(0.00 %),0,0,0,0,1033037,2.83
28/05/2012,0,0,0(0.00 %),0,0,0,0,1033037,2.83
29/05/2012,0,0,0(0.00 %),0,0,0,0,1033037,2.83
30/05/2012,0,0,0(0.00 %),0,0,0,0,1033037,2.83
31/05/2012,0,0,0(0.00 %),0,0,0,0,1033037,2.83
01/06/2012,0,0,0(0.00 %),0,0,0,0,1033037,2.83
04/06/2012,0,0,0(0.00 %),0,0,0,0,1033037,2.83
05/06/2012,0,0,0(0.00 %),0,0,0,0,1033037,2.83
06/06/2012,0,0,0(0.00 %),0,0,0,0,1033037,2.83
07/06/2012,0,0,0(0.00 %),0,0,0,0,1033037,2.83
08/06/2012,0,0,0(0.00 %),0,0,0,0,1033037,2.83
11/06/2012,0,0,0(0.00 %),0,0,0,0,1033037,2.83
12/06/2012,0,0,0(0.00 %),0,0,0,0,1033037,2.83
13/06/2012,0,0,0(0.00 %),0,0,0,0,1033037,2.83
14/06/2012,0,0,0(0.00 %),0,0,0,0,1033037,2.83
15/06/2012,0,0,0(0.00 %),0,0,0,0,1033037,2.83
18/06/2012,0,0,0(0.00 %),0,0,0,0,1033037,2.83
19/06/2012,0,0,0(0.00 %),0,0,0,0,1033037,2.83
20/06/2012,0,0,0(0.00 %),0,0,0,0,1033037,2.83
21/06/2012,0,0,0(0.00 %),0,0,0,0,1033037,2.83
22/06/2012,0,0,0(0.00 %),0,0,0,0,1033037,2.83
25/06/2012,0,0,0(0.00 %),0,0,0,0,1033037,2.83
26/06/2012,0,0,0(0.00 %),0,0,0,0,1033037,2.83
27/06/2012,0,0,0(0.00 %),0,0,0,0,1033037,2.83
28/06/2012,0,0,0(0.00 %),0,0,0,0,1033037,2.83
29/06/2012,0,0,0(0.00 %),0,0,0,0,1033037,2.83
02/07/2012,0,0,0(0.00 %),0,0,0,0,1033037,2.83
03/07/2012,0,0,0(0.00 %),0,0,0,0,1033037,2.83
04/07/2012,0,0,0(0.00 %),0,0,0,0,1033037,2.83
05/07/2012,0,0,0(0.00 %),0,0,0,0,1033037,2.83
06/07/2012,0,0,0(0.00 %),0,0,0,0,1033037,2.83
09/07/2012,0,0,0(0.00 %),0,0,0,0,1033037,2.83
10/07/2012,0,0,0(0.00 %),0,0,0,0,1033037,2.83
11/07/2012,0,0,0(0.00 %),0,0,0,0,1033037,2.83
12/07/2012,0,0,0(0.00 %),0,0,0,0,1033037,2.83
13/07/2012,0,0,0(0.00 %),0,0,0,0,1033037,2.83
16/07/2012,0,0,0(0.00 %),0,0,0,0,1033037,2.83
17/07/2012,0,0,0(0.00 %),0,0,0,0,1033037,2.83
18/07/2012,0,0,0(0.00 %),0,0,0,0,1033037,2.83
19/07/2012,0,0,0(0.00 %),0,0,0,0,1033037,2.83
20/07/2012,0,0,0(0.00 %),0,0,0,0,1033037,2.83
23/07/2012,0,0,0(0.00 %),0,0,0,0,1033037,2.83
24/07/2012,0,0,0(0.00 %),0,0,0,0,1033037,2.83
25/07/2012,0,0,0(0.00 %),0,0,0,0,1033037,2.83
26/07/2012,0,0,0(0.00 %),0,0,0,0,1033037,2.83
27/07/2012,0,0,0(0.00 %),0,0,0,0,1033037,2.83
30/07/2012,0,0,0(0.00 %),0,0,0,0,1033037,2.83
31/07/2012,0,0,0(0.00 %),0,0,0,0,1033037,2.83
01/08/2012,0,0,0(0.00 %),0,0,0,0,1033037,2.83
02/08/2012,0,0,0(0.00 %),0,0,0,0,1033037,2.83
03/08/2012,0,0,0(0.00 %),0,0,0,0,1033037,2.83
06/08/2012,0,0,0(0.00 %),0,0,0,0,1033037,2.83
07/08/2012,-300,-4020000,0(0.00 %),0,0,300,4020000,1033337,2.81
08/08/2012,0,0,0(0.00 %),0,0,0,0,1033337,2.81
09/08/2012,0,0,0(0.00 %),0,0,0,0,1033337,2.81
10/08/2012,0,0,0(0.00 %),0,0,0,0,1033337,2.81
13/08/2012,0,0,0(0.00 %),0,0,0,0,1033337,2.81
14/08/2012,0,0,0(0.00 %),0,0,0,0,1033337,2.81
15/08/2012,0,0,0(0.00 %),0,0,0,0,1033337,2.81
16/08/2012,0,0,0(0.00 %),0,0,0,0,1033337,2.81
17/08/2012,0,0,0(0.00 %),0,0,0,0,1033337,2.81
20/08/2012,0,0,0(0.00 %),0,0,0,0,1033337,2.81
21/08/2012,0,0,0(0.00 %),0,0,0,0,1033337,2.81
22/08/2012,0,0,0(0.00 %),0,0,0,0,1033337,2.81
23/08/2012,0,0,0(0.00 %),0,0,0,0,1033337,2.81
24/08/2012,0,0,0(0.00 %),0,0,0,0,1033337,2.81
27/08/2012,0,0,0(0.00 %),0,0,0,0,1033337,2.81
28/08/2012,0,0,0(0.00 %),0,0,0,0,1033337,2.81
29/08/2012,0,0,0(0.00 %),0,0,0,0,1033337,2.81
30/08/2012,0,0,0(0.00 %),0,0,0,0,1033337,2.81
31/08/2012,0,0,0(0.00 %),0,0,0,0,1033337,2.81
04/09/2012,0,0,0(0.00 %),0,0,0,0,1033337,2.81
05/09/2012,0,0,0(0.00 %),0,0,0,0,1033337,2.81
06/09/2012,0,0,0(0.00 %),0,0,0,0,1033337,2.81
07/09/2012,0,0,0(0.00 %),0,0,0,0,1033337,2.81
10/09/2012,0,0,0(0.00 %),0,0,0,0,1033337,2.81
11/09/2012,0,0,0(0.00 %),0,0,0,0,1033337,2.81
12/09/2012,0,0,0(0.00 %),0,0,0,0,1033337,2.81
13/09/2012,0,0,0(0.00 %),0,0,0,0,1033337,2.81
14/09/2012,0,0,0(0.00 %),0,0,0,0,1033337,2.81
17/09/2012,0,0,0(0.00 %),0,0,0,0,1033337,2.81
18/09/2012,0,0,0(0.00 %),0,0,0,0,1033337,2.81
19/09/2012,0,0,0(0.00 %),0,0,0,0,1033337,2.81
20/09/2012,0,0,0(0.00 %),0,0,0,0,1033337,2.81
21/09/2012,0,0,0(0.00 %),0,0,0,0,1033337,2.81
24/09/2012,0,0,0(0.00 %),0,0,0,0,1033337,2.81
25/09/2012,-1000,-10800000,0(0.00 %),0,0,1000,10800000,1034337,2.77
26/09/2012,0,0,0(0.00 %),0,0,0,0,1034337,2.77
27/09/2012,0,0,0(0.00 %),0,0,0,0,1034337,2.77
28/09/2012,0,0,0(0.00 %),0,0,0,0,1034337,2.77
01/10/2012,0,0,0(0.00 %),0,0,0,0,1034337,2.77
02/10/2012,0,0,0(0.00 %),0,0,0,0,1034337,2.77
03/10/2012,0,0,0(0.00 %),0,0,0,0,1034337,2.77
04/10/2012,0,0,0(0.00 %),0,0,0,0,1034337,2.77
05/10/2012,0,0,0(0.00 %),0,0,0,0,1034337,2.77
08/10/2012,0,0,0(0.00 %),0,0,0,0,1034337,2.77
09/10/2012,0,0,0(0.00 %),0,0,0,0,1034337,2.77
10/10/2012,0,0,0(0.00 %),0,0,0,0,1034337,2.77
11/10/2012,0,0,0(0.00 %),0,0,0,0,1034337,2.77
12/10/2012,0,0,0(0.00 %),0,0,0,0,1034337,2.77
15/10/2012,0,0,0(0.00 %),0,0,0,0,1034337,2.77
16/10/2012,0,0,0(0.00 %),0,0,0,0,1034337,2.77
17/10/2012,0,0,0(0.00 %),0,0,0,0,1034337,2.77
18/10/2012,0,0,0(0.00 %),0,0,0,0,1034337,2.77
19/10/2012,0,0,0(0.00 %),0,0,0,0,1034337,2.77
22/10/2012,0,0,0(0.00 %),0,0,0,0,1034337,2.77
23/10/2012,0,0,0(0.00 %),0,0,0,0,1034337,2.77
24/10/2012,0,0,0(0.00 %),0,0,0,0,1034337,2.77
25/10/2012,0,0,0(0.00 %),0,0,0,0,1034337,2.77
26/10/2012,0,0,0(0.00 %),0,0,0,0,1034337,2.77
29/10/2012,0,0,0(0.00 %),0,0,0,0,1034337,2.77
30/10/2012,0,0,0(0.00 %),0,0,0,0,1034337,2.77
31/10/2012,0,0,0(0.00 %),0,0,0,0,1034337,2.77
01/11/2012,0,0,0(0.00 %),0,0,0,0,1034337,2.77
02/11/2012,0,0,0(0.00 %),0,0,0,0,1034337,2.77
05/11/2012,0,0,0(0.00 %),0,0,0,0,1034337,2.77
06/11/2012,0,0,0(0.00 %),0,0,0,0,1034337,2.77
07/11/2012,0,0,0(0.00 %),0,0,0,0,1034337,2.77
08/11/2012,0,0,0(0.00 %),0,0,0,0,1034337,2.77
09/11/2012,0,0,0(0.00 %),0,0,0,0,1034337,2.77
12/11/2012,0,0,0(0.00 %),0,0,0,0,1034337,2.77
13/11/2012,0,0,0(0.00 %),0,0,0,0,1034337,2.77
14/11/2012,0,0,0(0.00 %),0,0,0,0,1034337,2.77
15/11/2012,0,0,0(0.00 %),0,0,0,0,1034337,2.77
16/11/2012,0,0,0(0.00 %),0,0,0,0,1034337,2.77
19/11/2012,0,0,0(0.00 %),0,0,0,0,1034337,2.77
20/11/2012,0,0,0(0.00 %),0,0,0,0,1034337,2.77
21/11/2012,0,0,0(0.00 %),0,0,0,0,1034337,2.77
22/11/2012,0,0,0(0.00 %),0,0,0,0,1034337,2.77
23/11/2012,0,0,0(0.00 %),0,0,0,0,1034337,2.77
26/11/2012,0,0,0(0.00 %),0,0,0,0,1034337,2.77
27/11/2012,0,0,0(0.00 %),0,0,0,0,1034337,2.77
28/11/2012,0,0,0(0.00 %),0,0,0,0,1034337,2.77
29/11/2012,0,0,0(0.00 %),0,0,0,0,1034337,2.77
30/11/2012,0,0,0(0.00 %),0,0,0,0,1034337,2.77
03/12/2012,0,0,0(0.00 %),0,0,0,0,1034337,2.77
04/12/2012,0,0,0(0.00 %),0,0,0,0,1034337,2.77
05/12/2012,0,0,0(0.00 %),0,0,0,0,1034337,2.77
06/12/2012,0,0,0(0.00 %),0,0,0,0,1034337,2.77
07/12/2012,0,0,0(0.00 %),0,0,0,0,1034337,2.77
10/12/2012,0,0,0(0.00 %),0,0,0,0,1034337,2.77
11/12/2012,0,0,0(0.00 %),0,0,0,0,1034337,2.77
12/12/2012,0,0,0(0.00 %),0,0,0,0,1034337,2.77
13/12/2012,0,0,0(0.00 %),0,0,0,0,1034337,2.77
14/12/2012,0,0,0(0.00 %),0,0,0,0,1034337,2.77
17/12/2012,0,0,0(0.00 %),0,0,0,0,1034337,2.77
18/12/2012,0,0,0(0.00 %),0,0,0,0,1034337,2.77
19/12/2012,0,0,0(0.00 %),0,0,0,0,1034337,2.77
20/12/2012,0,0,0(0.00 %),0,0,0,0,1034337,2.77
21/12/2012,0,0,0(0.00 %),0,0,0,0,1034337,2.77
24/12/2012,0,0,0(0.00 %),0,0,0,0,1034337,2.77
25/12/2012,0,0,0(0.00 %),0,0,0,0,1034337,2.77
26/12/2012,0,0,0(0.00 %),0,0,0,0,1034337,2.77
27/12/2012,0,0,0(0.00 %),0,0,0,0,1034337,2.77
28/12/2012,0,0,0(0.00 %),0,0,0,0,1034337,2.77
02/01/2013,0,0,0(0.00 %),0,0,0,0,1034337,2.77
03/01/2013,0,0,0(0.00 %),0,0,0,0,1034337,2.77
04/01/2013,0,0,0(0.00 %),0,0,0,0,1034337,2.77
07/01/2013,0,0,0(0.00 %),0,0,0,0,1034337,2.77
08/01/2013,0,0,0(0.00 %),0,0,0,0,1034337,2.77
09/01/2013,0,0,0(0.00 %),0,0,0,0,1034337,2.77
10/01/2013,0,0,0(0.00 %),0,0,0,0,1034337,2.77
11/01/2013,0,0,0(0.00 %),0,0,0,0,1034337,2.77
14/01/2013,0,0,0(0.00 %),0,0,0,0,1034337,2.77
15/01/2013,0,0,0(0.00 %),0,0,0,0,1034337,2.77
16/01/2013,0,0,0(0.00 %),0,0,0,0,1034337,2.77
17/01/2013,0,0,0(0.00 %),0,0,0,0,1034337,2.77
18/01/2013,0,0,0(0.00 %),0,0,0,0,1034337,2.77
21/01/2013,0,0,0(0.00 %),0,0,0,0,1034337,2.77
22/01/2013,0,0,0(0.00 %),0,0,0,0,1034337,2.77
23/01/2013,0,0,0(0.00 %),0,0,0,0,1034337,2.77
24/01/2013,0,0,0(0.00 %),0,0,0,0,1034337,2.77
25/01/2013,0,0,0(0.00 %),0,0,0,0,1034337,2.77
28/01/2013,0,0,0(0.00 %),0,0,0,0,1034337,2.77
29/01/2013,0,0,0(0.00 %),0,0,0,0,1034337,2.77
30/01/2013,0,0,0(0.00 %),0,0,0,0,1034337,2.77
31/01/2013,0,0,0(0.00 %),0,0,0,0,1034337,2.77
01/02/2013,-2400,-25200000,0(0.00 %),0,0,2400,25200000,1034337,2.77
04/02/2013,-2600,-26260000,0(0.00 %),0,0,2600,26260000,1036937,2.65
05/02/2013,0,0,0(0.00 %),0,0,0,0,1036937,2.65
06/02/2013,0,0,0(0.00 %),0,0,0,0,1036937,2.65
07/02/2013,0,0,0(0.00 %),0,0,0,0,1036937,2.65
08/02/2013,0,0,0(0.00 %),0,0,0,0,1036937,2.65
18/02/2013,0,0,0(0.00 %),0,0,0,0,1036937,2.65
19/02/2013,0,0,0(0.00 %),0,0,0,0,1036937,2.65
20/02/2013,0,0,0(0.00 %),0,0,0,0,1036937,2.65
21/02/2013,0,0,0(0.00 %),0,0,0,0,1036937,2.65
22/02/2013,0,0,0(0.00 %),0,0,0,0,1036937,2.65
25/02/2013,0,0,0(0.00 %),0,0,0,0,1036937,2.65
26/02/2013,0,0,0(0.00 %),0,0,0,0,1036937,2.65
27/02/2013,0,0,0(0.00 %),0,0,0,0,1036937,2.65
28/02/2013,0,0,0(0.00 %),0,0,0,0,1036937,2.65
01/03/2013,0,0,0(0.00 %),0,0,0,0,1039337,2.54
04/03/2013,0,0,0(0.00 %),0,0,0,0,1039337,2.54
05/03/2013,0,0,0(0.00 %),0,0,0,0,1039337,2.54
06/03/2013,0,0,0(0.00 %),0,0,0,0,1039337,2.54
07/03/2013,0,0,0(0.00 %),0,0,0,0,1039337,2.54
08/03/2013,0,0,0(0.00 %),0,0,0,0,1039337,2.54
11/03/2013,0,0,0(0.00 %),0,0,0,0,1039337,2.54
12/03/2013,0,0,0(0.00 %),0,0,0,0,1039337,2.54
13/03/2013,0,0,0(0.00 %),0,0,0,0,1039337,2.54
14/03/2013,0,0,0(0.00 %),0,0,0,0,1039337,2.54
15/03/2013,0,0,0(0.00 %),0,0,0,0,1039337,2.54
18/03/2013,0,0,0(0.00 %),0,0,0,0,1039337,2.54
19/03/2013,0,0,0(0.00 %),0,0,0,0,1039337,2.54
20/03/2013,0,0,0(0.00 %),0,0,0,0,1039337,2.54
21/03/2013,0,0,0(0.00 %),0,0,0,0,1039337,2.54
22/03/2013,0,0,0(0.00 %),0,0,0,0,1039337,2.54
25/03/2013,0,0,0(0.00 %),0,0,0,0,1039337,2.54
26/03/2013,0,0,0(0.00 %),0,0,0,0,1039337,2.54
27/03/2013,0,0,0(0.00 %),0,0,0,0,1039337,2.54
28/03/2013,0,0,0(0.00 %),0,0,0,0,1039337,2.54
29/03/2013,0,0,0(0.00 %),0,0,0,0,1039337,2.54
01/04/2013,0,0,0(0.00 %),0,0,0,0,1039337,2.54
02/04/2013,0,0,0(0.00 %),0,0,0,0,1039337,2.54
03/04/2013,0,0,0(0.00 %),0,0,0,0,1039337,2.54
04/04/2013,0,0,0(0.00 %),0,0,0,0,1039337,2.54
05/04/2013,0,0,0(0.00 %),0,0,0,0,1039337,2.54
08/04/2013,0,0,0(0.00 %),0,0,0,0,1039337,2.54
09/04/2013,0,0,0(0.00 %),0,0,0,0,1039337,2.54
10/04/2013,0,0,0(0.00 %),0,0,0,0,1039337,2.54
11/04/2013,0,0,0(0.00 %),0,0,0,0,1039337,2.54
12/04/2013,0,0,0(0.00 %),0,0,0,0,1039337,2.54
15/04/2013,0,0,0(0.00 %),0,0,0,0,1039337,2.54
16/04/2013,0,0,0(0.00 %),0,0,0,0,1039337,2.54
17/04/2013,0,0,0(0.00 %),0,0,0,0,1039337,2.54
18/04/2013,0,0,0(0.00 %),0,0,0,0,1039337,2.54
22/04/2013,0,0,0(0.00 %),0,0,0,0,1039337,2.54
23/04/2013,0,0,0(0.00 %),0,0,0,0,1039337,2.54
24/04/2013,0,0,0(0.00 %),0,0,0,0,1039337,2.54
25/04/2013,0,0,0(0.00 %),0,0,0,0,1039337,2.54
26/04/2013,0,0,0(0.00 %),0,0,0,0,1039337,2.54
02/05/2013,0,0,0(0.00 %),0,0,0,0,1039337,2.54
03/05/2013,0,0,0(0.00 %),0,0,0,0,1039337,2.54
06/05/2013,0,0,0(0.00 %),0,0,0,0,1039337,2.54
07/05/2013,0,0,0(0.00 %),0,0,0,0,1039337,2.54
08/05/2013,0,0,0(0.00 %),0,0,0,0,1039337,2.54
09/05/2013,0,0,0(0.00 %),0,0,0,0,1039337,2.54
10/05/2013,0,0,0(0.00 %),0,0,0,0,1039337,2.54
13/05/2013,0,0,0(0.00 %),0,0,0,0,1039337,2.54
14/05/2013,0,0,0(0.00 %),0,0,0,0,1039337,2.54
15/05/2013,0,0,0(0.00 %),0,0,0,0,1039337,2.54
16/05/2013,0,0,0(0.00 %),0,0,0,0,1039337,2.54
17/05/2013,0,0,0(0.00 %),0,0,0,0,1039337,2.54
20/05/2013,0,0,0(0.00 %),0,0,0,0,1039337,2.54
21/05/2013,0,0,0(0.00 %),0,0,0,0,1039337,2.54
22/05/2013,0,0,0(0.00 %),0,0,0,0,1039337,2.54
23/05/2013,0,0,0(0.00 %),0,0,0,0,1039337,2.54
24/05/2013,0,0,0(0.00 %),0,0,0,0,1039337,2.54
27/05/2013,0,0,0(0.00 %),0,0,0,0,1039337,2.54
28/05/2013,0,0,0(0.00 %),0,0,0,0,1039337,2.54
29/05/2013,0,0,0(0.00 %),0,0,0,0,1039337,2.54
30/05/2013,0,0,0(0.00 %),0,0,0,0,1039337,2.54
31/05/2013,0,0,0(0.00 %),0,0,0,0,1039337,2.54
03/06/2013,200,2680000,0(0.00 %),200,2680000,0,0,1039137,2.55
04/06/2013,0,0,0(0.00 %),0,0,0,0,1039137,2.55
05/06/2013,0,0,0(0.00 %),0,0,0,0,1039137,2.55
06/06/2013,0,0,0(0.00 %),0,0,0,0,1039137,2.55
07/06/2013,0,0,0(0.00 %),0,0,0,0,1039137,2.55
10/06/2013,0,0,0(0.00 %),0,0,0,0,1039137,2.55
11/06/2013,0,0,0(0.00 %),0,0,0,0,1039137,2.55
12/06/2013,0,0,0(0.00 %),0,0,0,0,1039137,2.55
13/06/2013,0,0,0(0.00 %),0,0,0,0,1039137,2.55
14/06/2013,0,0,0(0.00 %),0,0,0,0,1039137,2.55
17/06/2013,0,0,0(0.00 %),0,0,0,0,1039137,2.55
18/06/2013,0,0,0(0.00 %),0,0,0,0,1039137,2.55
19/06/2013,0,0,0(0.00 %),0,0,0,0,1039137,2.55
20/06/2013,0,0,0(0.00 %),0,0,0,0,1039137,2.55
21/06/2013,0,0,0(0.00 %),0,0,0,0,1039137,2.55
24/06/2013,0,0,0(0.00 %),0,0,0,0,1039137,2.55
25/06/2013,0,0,0(0.00 %),0,0,0,0,1039137,2.55
26/06/2013,0,0,0(0.00 %),0,0,0,0,1039137,2.55
27/06/2013,0,0,0(0.00 %),0,0,0,0,1039137,2.55
28/06/2013,0,0,0(0.00 %),0,0,0,0,1039137,2.55
01/07/2013,0,0,0(0.00 %),0,0,0,0,1039137,2.55
02/07/2013,0,0,0(0.00 %),0,0,0,0,1039137,2.55
03/07/2013,0,0,0(0.00 %),0,0,0,0,1039137,2.55
04/07/2013,0,0,0(0.00 %),0,0,0,0,1039137,2.55
05/07/2013,0,0,0(0.00 %),0,0,0,0,1039137,2.55
08/07/2013,0,0,0(0.00 %),0,0,0,0,1039137,2.55
09/07/2013,0,0,0(0.00 %),0,0,0,0,1039137,2.55
10/07/2013,0,0,0(0.00 %),0,0,0,0,1039137,2.55
11/07/2013,0,0,0(0.00 %),0,0,0,0,1039137,2.55
12/07/2013,0,0,0(0.00 %),0,0,0,0,1039137,2.55
15/07/2013,0,0,0(0.00 %),0,0,0,0,1039137,2.55
16/07/2013,0,0,0(0.00 %),0,0,0,0,1039137,2.55
17/07/2013,0,0,0(0.00 %),0,0,0,0,1039137,2.55
18/07/2013,0,0,0(0.00 %),0,0,0,0,1039137,2.55
19/07/2013,0,0,0(0.00 %),0,0,0,0,1039137,2.55
22/07/2013,0,0,0(0.00 %),0,0,0,0,1039137,2.55
23/07/2013,0,0,0(0.00 %),0,0,0,0,1039137,2.55
24/07/2013,0,0,0(0.00 %),0,0,0,0,1039137,2.55
25/07/2013,0,0,0(0.00 %),0,0,0,0,1039137,2.55
26/07/2013,0,0,0(0.00 %),0,0,0,0,1039137,2.55
29/07/2013,0,0,0(0.00 %),0,0,0,0,1039137,2.55
30/07/2013,0,0,0(0.00 %),0,0,0,0,1039137,2.55
31/07/2013,0,0,0(0.00 %),0,0,0,0,1039137,2.55
01/08/2013,0,0,0(0.00 %),0,0,0,0,1039137,2.55
02/08/2013,0,0,0(0.00 %),0,0,0,0,1039137,2.55
05/08/2013,0,0,0(0.00 %),0,0,0,0,1039137,2.55
06/08/2013,0,0,0(0.00 %),0,0,0,0,1039137,2.55
07/08/2013,0,0,0(0.00 %),0,0,0,0,1039137,2.55
08/08/2013,0,0,0(0.00 %),0,0,0,0,1039137,2.55
09/08/2013,0,0,0(0.00 %),0,0,0,0,1039137,2.55
12/08/2013,0,0,0(0.00 %),0,0,0,0,1039137,2.55
13/08/2013,0,0,0(0.00 %),0,0,0,0,1039137,2.55
14/08/2013,0,0,0(0.00 %),0,0,0,0,1039137,2.55
15/08/2013,0,0,0(0.00 %),0,0,0,0,1039137,2.55
16/08/2013,0,0,0(0.00 %),0,0,0,0,1039137,2.55
19/08/2013,0,0,0(0.00 %),0,0,0,0,1039137,2.55
20/08/2013,-100,-1800000,0(0.00 %),0,0,100,1800000,1039237,2.55
21/08/2013,0,0,0(0.00 %),0,0,0,0,1039237,2.55
22/08/2013,0,0,0(0.00 %),0,0,0,0,1039237,2.55
23/08/2013,0,0,0(0.00 %),0,0,0,0,1039237,2.55
26/08/2013,0,0,0(0.00 %),0,0,0,0,1039237,2.55
27/08/2013,0,0,0(0.00 %),0,0,0,0,1039237,2.55
28/08/2013,0,0,0(0.00 %),0,0,0,0,1039237,2.55
29/08/2013,0,0,0(0.00 %),0,0,0,0,1039237,2.55
30/08/2013,0,0,0(0.00 %),0,0,0,0,1039237,2.55
04/09/2013,0,0,0(0.00 %),0,0,0,0,1039137,2.55
05/09/2013,0,0,0(0.00 %),0,0,0,0,1039137,2.55
06/09/2013,0,0,0(0.00 %),0,0,0,0,1039137,2.55
09/09/2013,0,0,0(0.00 %),0,0,0,0,1039137,2.55
10/09/2013,0,0,0(0.00 %),0,0,0,0,1039137,2.55
11/09/2013,0,0,0(0.00 %),0,0,0,0,1039137,2.55
12/09/2013,0,0,0(0.00 %),0,0,0,0,1039137,2.55
13/09/2013,0,0,0(0.00 %),0,0,0,0,1039137,2.55
16/09/2013,0,0,0(0.00 %),0,0,0,0,1039137,2.55
17/09/2013,0,0,0(0.00 %),0,0,0,0,1039137,2.55
18/09/2013,0,0,0(0.00 %),0,0,0,0,1039137,2.55
19/09/2013,0,0,0(0.00 %),0,0,0,0,1039137,2.55
20/09/2013,0,0,0(0.00 %),0,0,0,0,1039137,2.55
23/09/2013,0,0,0(0.00 %),0,0,0,0,1039137,2.55
24/09/2013,0,0,0(0.00 %),0,0,0,0,1039137,2.55
25/09/2013,0,0,0(0.00 %),0,0,0,0,1039137,2.55
26/09/2013,500,9000000,0(0.00 %),500,9000000,0,0,1038637,2.58
27/09/2013,0,0,0(0.00 %),0,0,0,0,1038637,2.58
30/09/2013,0,0,0(0.00 %),0,0,0,0,1038637,2.58
01/10/2013,0,0,0(0.00 %),0,0,0,0,1039137,2.55
02/10/2013,0,0,0(0.00 %),0,0,0,0,1039137,2.55
03/10/2013,0,0,0(0.00 %),0,0,0,0,1039137,2.55
04/10/2013,0,0,0(0.00 %),0,0,0,0,1039137,2.55
07/10/2013,-2000,-34600000,0(0.00 %),0,0,2000,34600000,1041137,2.46
08/10/2013,-3000,-49800000,0(0.00 %),0,0,3000,49800000,1044137,2.33
09/10/2013,-1000,-16500000,0(0.00 %),0,0,1000,16500000,1045137,2.29
10/10/2013,0,0,0(0.00 %),0,0,0,0,1045137,2.29
11/10/2013,0,0,0(0.00 %),0,0,0,0,1045137,2.29
15/10/2013,0,0,0(0.00 %),0,0,0,0,1045137,2.29
16/10/2013,0,0,0(0.00 %),0,0,0,0,1045137,2.29
17/10/2013,0,0,0(0.00 %),0,0,0,0,1045137,2.29
18/10/2013,-200,-3240000,0(0.00 %),0,0,200,3240000,1045337,2.28
21/10/2013,-800,-12400000,0(0.00 %),0,0,800,12400000,1046137,2.24
22/10/2013,0,0,0(0.00 %),0,0,0,0,1046137,2.24
23/10/2013,0,0,0(0.00 %),0,0,0,0,1046137,2.24
24/10/2013,0,0,0(0.00 %),0,0,0,0,1046137,2.24
25/10/2013,0,0,0(0.00 %),0,0,0,0,1046137,2.24
28/10/2013,0,0,0(0.00 %),0,0,0,0,1046137,2.24
29/10/2013,0,0,0(0.00 %),0,0,0,0,1046137,2.24
30/10/2013,-5300,-76040000,0(0.00 %),200,2880000,5500,78920000,1051437,2.0
31/10/2013,0,0,0(0.00 %),0,0,0,0,1051437,2.0
01/11/2013,0,0,0(0.00 %),0,0,0,0,1039137,2.55
04/11/2013,0,0,0(0.00 %),0,0,0,0,1039137,2.55
05/11/2013,0,0,0(0.00 %),0,0,0,0,1039137,2.55
06/11/2013,0,0,0(0.00 %),0,0,0,0,1039137,2.55
07/11/2013,0,0,0(0.00 %),0,0,0,0,1039137,2.55
08/11/2013,0,0,0(0.00 %),0,0,0,0,1039137,2.55
11/11/2013,0,0,0(0.00 %),0,0,0,0,1039137,2.55
12/11/2013,0,0,0(0.00 %),0,0,0,0,1039137,2.55
13/11/2013,0,0,0(0.00 %),0,0,0,0,1039137,2.55
14/11/2013,0,0,0(0.00 %),0,0,0,0,1039137,2.55
15/11/2013,0,0,0(0.00 %),0,0,0,0,1039137,2.55
18/11/2013,0,0,0(0.00 %),0,0,0,0,1039137,2.55
19/11/2013,0,0,0(0.00 %),0,0,0,0,1039137,2.55
20/11/2013,0,0,0(0.00 %),0,0,0,0,1039137,2.55
21/11/2013,0,0,0(0.00 %),0,0,0,0,1039137,2.55
22/11/2013,0,0,0(0.00 %),0,0,0,0,1039137,2.55
25/11/2013,0,0,0(0.00 %),0,0,0,0,1039137,2.55
26/11/2013,0,0,0(0.00 %),0,0,0,0,1039137,2.55
27/11/2013,0,0,0(0.00 %),0,0,0,0,1039137,2.55
28/11/2013,0,0,0(0.00 %),0,0,0,0,1039137,2.55
29/11/2013,0,0,0(0.00 %),0,0,0,0,1039137,2.55
03/12/2013,0,0,0(0.00 %),0,0,0,0,1039137,2.55
04/12/2013,0,0,0(0.00 %),0,0,0,0,1039137,2.55
05/12/2013,0,0,0(0.00 %),0,0,0,0,1039137,2.55
06/12/2013,0,0,0(0.00 %),0,0,0,0,1039137,2.55
09/12/2013,0,0,0(0.00 %),0,0,0,0,1039137,2.55
10/12/2013,0,0,0(0.00 %),0,0,0,0,1039137,2.55
11/12/2013,0,0,0(0.00 %),0,0,0,0,1039137,2.55
12/12/2013,0,0,0(0.00 %),0,0,0,0,1039137,2.55
13/12/2013,0,0,0(0.00 %),0,0,0,0,1039137,2.55
16/12/2013,0,0,0(0.00 %),0,0,0,0,1039137,2.55
17/12/2013,0,0,0(0.00 %),0,0,0,0,1039137,2.55
18/12/2013,0,0,0(0.00 %),0,0,0,0,1039137,2.55
19/12/2013,0,0,0(0.00 %),0,0,0,0,1039137,2.55
20/12/2013,0,0,0(0.00 %),0,0,0,0,1039137,2.55
23/12/2013,0,0,0(0.00 %),0,0,0,0,1039137,2.55
24/12/2013,0,0,0(0.00 %),0,0,0,0,1039137,2.55
25/12/2013,0,0,0(0.00 %),0,0,0,0,1039137,2.55
26/12/2013,0,0,0(0.00 %),0,0,0,0,1039137,2.55
27/12/2013,0,0,0(0.00 %),0,0,0,0,1039137,2.55
30/12/2013,0,0,0(0.00 %),0,0,0,0,1039137,2.55
31/12/2013,0,0,0(0.00 %),0,0,0,0,1039137,2.55
02/01/2014,0,0,0(0.00 %),0,0,0,0,1039137,2.55
03/01/2014,0,0,0(0.00 %),0,0,0,0,1039137,2.55
06/01/2014,0,0,0(0.00 %),0,0,0,0,1039137,2.55
07/01/2014,0,0,0(0.00 %),0,0,0,0,1039137,2.55
08/01/2014,0,0,0(0.00 %),0,0,0,0,1039137,2.55
09/01/2014,0,0,0(0.00 %),0,0,0,0,1039137,2.55
10/01/2014,0,0,0(0.00 %),0,0,0,0,1039137,2.55
13/01/2014,0,0,0(0.00 %),0,0,0,0,1039137,2.55
14/01/2014,0,0,0(0.00 %),0,0,0,0,1039137,2.55
15/01/2014,0,0,0(0.00 %),0,0,0,0,1039137,2.55
16/01/2014,0,0,0(0.00 %),0,0,0,0,1039137,2.55
17/01/2014,0,0,0(0.00 %),0,0,0,0,1039137,2.55
20/01/2014,0,0,0(0.00 %),0,0,0,0,1039137,2.55
21/01/2014,0,0,0(0.00 %),0,0,0,0,1039137,2.55
22/01/2014,0,0,0(0.00 %),0,0,0,0,1039137,2.55
23/01/2014,0,0,0(0.00 %),0,0,0,0,1039137,2.55
24/01/2014,0,0,0(0.00 %),0,0,0,0,1039137,2.55
27/01/2014,0,0,0(0.00 %),0,0,0,0,1039137,2.55
06/02/2014,0,0,0(0.00 %),0,0,0,0,1039137,2.55
07/02/2014,0,0,0(0.00 %),0,0,0,0,1039137,2.55
10/02/2014,0,0,0(0.00 %),0,0,0,0,1039137,2.55
11/02/2014,0,0,0(0.00 %),0,0,0,0,1039137,2.55
12/02/2014,0,0,0(0.00 %),0,0,0,0,1039137,2.55
13/02/2014,0,0,0(0.00 %),0,0,0,0,1039137,2.55
14/02/2014,0,0,0(0.00 %),0,0,0,0,1039137,2.55
17/02/2014,0,0,0(0.00 %),0,0,0,0,1039137,2.55
18/02/2014,0,0,0(0.00 %),0,0,0,0,1039137,2.55
19/02/2014,0,0,0(0.00 %),0,0,0,0,1039137,2.55
20/02/2014,0,0,0(0.00 %),0,0,0,0,1039137,2.55
21/02/2014,0,0,0(0.00 %),0,0,0,0,1039137,2.55
24/02/2014,0,0,0(0.00 %),0,0,0,0,1039137,2.55
25/02/2014,0,0,0(0.00 %),0,0,0,0,1039137,2.55
26/02/2014,0,0,0(0.00 %),0,0,0,0,1039137,2.55
27/02/2014,0,0,0(0.00 %),0,0,0,0,1039137,2.55
28/02/2014,0,0,0(0.00 %),0,0,0,0,1039137,2.55
03/03/2014,0,0,0(0.00 %),0,0,0,0,1039137,2.55
04/03/2014,0,0,0(0.00 %),0,0,0,0,1039137,2.55
05/03/2014,0,0,0(0.00 %),0,0,0,0,1039137,2.55
06/03/2014,0,0,0(0.00 %),0,0,0,0,1039137,2.55
07/03/2014,0,0,0(0.00 %),0,0,0,0,1039137,2.55
10/03/2014,0,0,0(0.00 %),0,0,0,0,1039137,2.55
11/03/2014,0,0,0(0.00 %),0,0,0,0,1039137,2.55
12/03/2014,0,0,0(0.00 %),0,0,0,0,1039137,2.55
13/03/2014,0,0,0(0.00 %),0,0,0,0,1039137,2.55
14/03/2014,0,0,0(0.00 %),0,0,0,0,1039137,2.55
17/03/2014,0,0,0(0.00 %),0,0,0,0,1039137,2.55
18/03/2014,0,0,0(0.00 %),0,0,0,0,1039137,2.55
19/03/2014,0,0,0(0.00 %),0,0,0,0,1039137,2.55
20/03/2014,0,0,0(0.00 %),0,0,0,0,1039137,2.55
21/03/2014,0,0,0(0.00 %),0,0,0,0,1039137,2.55
24/03/2014,-10,-150000,0(0.00 %),0,0,10,150000,1039147,2.55
25/03/2014,0,0,0(0.00 %),0,0,0,0,1039147,2.55
26/03/2014,0,0,0(0.00 %),0,0,0,0,1039147,2.55
27/03/2014,0,0,0(0.00 %),0,0,0,0,1039147,2.55
28/03/2014,-50,-635000,0(0.00 %),0,0,50,635000,1039197,2.55
31/03/2014,0,0,0(0.00 %),0,0,0,0,1039197,2.55
01/04/2014,0,0,0(0.00 %),0,0,0,0,1039137,2.55
02/04/2014,0,0,0(0.00 %),0,0,0,0,1039137,2.55
03/04/2014,0,0,0(0.00 %),0,0,0,0,1039137,2.55
04/04/2014,-2500,-31350000,0(0.00 %),0,0,2500,31350000,1041637,2.44
07/04/2014,0,0,0(0.00 %),0,0,0,0,1041637,2.44
08/04/2014,0,0,0(0.00 %),0,0,0,0,1041637,2.44
10/04/2014,0,0,0(0.00 %),0,0,0,0,1041637,2.44
11/04/2014,0,0,0(0.00 %),0,0,0,0,1041637,2.44
14/04/2014,0,0,0(0.00 %),0,0,0,0,1041637,2.44
15/04/2014,0,0,0(0.00 %),0,0,0,0,1041637,2.44
16/04/2014,0,0,0(0.00 %),0,0,0,0,1041637,2.44
17/04/2014,0,0,0(0.00 %),0,0,0,0,1041637,2.44
18/04/2014,0,0,0(0.00 %),0,0,0,0,1041637,2.44
21/04/2014,0,0,0(0.00 %),0,0,0,0,1041637,2.44
22/04/2014,0,0,0(0.00 %),0,0,0,0,1041637,2.44
23/04/2014,0,0,0(0.00 %),0,0,0,0,1041637,2.44
24/04/2014,0,0,0(0.00 %),0,0,0,0,1041637,2.44
25/04/2014,0,0,0(0.00 %),0,0,0,0,1041637,2.44
28/04/2014,0,0,0(0.00 %),0,0,0,0,1041637,2.44
29/04/2014,0,0,0(0.00 %),0,0,0,0,1041637,2.44
05/05/2014,0,0,0(0.00 %),0,0,0,0,1039137,2.55
06/05/2014,0,0,0(0.00 %),0,0,0,0,1039137,2.55
07/05/2014,0,0,0(0.00 %),0,0,0,0,1039137,2.55
08/05/2014,0,0,0(0.00 %),0,0,0,0,1039137,2.55
09/05/2014,0,0,0(0.00 %),0,0,0,0,1039137,2.55
12/05/2014,0,0,0(0.00 %),0,0,0,0,1039137,2.55
13/05/2014,0,0,0(0.00 %),0,0,0,0,1039137,2.55
14/05/2014,0,0,0(0.00 %),0,0,0,0,1039137,2.55
15/05/2014,0,0,0(0.00 %),0,0,0,0,1039137,2.55
16/05/2014,0,0,0(0.00 %),0,0,0,0,1039137,2.55
19/05/2014,0,0,0(0.00 %),0,0,0,0,1039137,2.55
20/05/2014,0,0,0(0.00 %),0,0,0,0,1039137,2.55
21/05/2014,0,0,0(0.00 %),0,0,0,0,1039137,2.55
22/05/2014,0,0,0(0.00 %),0,0,0,0,1039137,2.55
23/05/2014,0,0,0(0.00 %),0,0,0,0,1039137,2.55
26/05/2014,0,0,0(0.00 %),0,0,0,0,1039137,2.55
27/05/2014,0,0,0(0.00 %),0,0,0,0,1053597,1.91
28/05/2014,0,0,0(0.00 %),0,0,0,0,1053597,1.91
29/05/2014,0,0,0(0.00 %),0,0,0,0,1053597,1.91
30/05/2014,0,0,0(0.00 %),0,0,0,0,1053597,1.91
02/06/2014,0,0,0(0.00 %),0,0,0,0,1053597,1.91
03/06/2014,0,0,0(0.00 %),0,0,0,0,1053597,1.91
04/06/2014,0,0,0(0.00 %),0,0,0,0,1053597,1.91
05/06/2014,0,0,0(0.00 %),0,0,0,0,1053597,1.91
06/06/2014,0,0,0(0.00 %),0,0,0,0,1053597,1.91
09/06/2014,0,0,0(0.00 %),0,0,0,0,1053597,1.91
10/06/2014,0,0,0(0.00 %),0,0,0,0,1053597,1.91
11/06/2014,0,0,0(0.00 %),0,0,0,0,1053597,1.91
12/06/2014,0,0,0(0.00 %),0,0,0,0,1053597,1.91
13/06/2014,0,0,0(0.00 %),0,0,0,0,1053597,1.91
16/06/2014,0,0,0(0.00 %),0,0,0,0,1053597,1.91
17/06/2014,0,0,0(0.00 %),0,0,0,0,1053597,1.91
18/06/2014,0,0,0(0.00 %),0,0,0,0,1053597,1.91
19/06/2014,0,0,0(0.00 %),0,0,0,0,1053597,1.91
20/06/2014,0,0,0(0.00 %),0,0,0,0,1053597,1.91
23/06/2014,0,0,0(0.00 %),0,0,0,0,1053597,1.91
24/06/2014,0,0,0(0.00 %),0,0,0,0,1053597,1.91
25/06/2014,0,0,0(0.00 %),0,0,0,0,1053597,1.91
26/06/2014,0,0,0(0.00 %),0,0,0,0,1053597,1.91
27/06/2014,0,0,0(0.00 %),0,0,0,0,1053597,1.91
30/06/2014,0,0,0(0.00 %),0,0,0,0,1053597,1.91
01/07/2014,0,0,0(0.00 %),0,0,0,0,1053597,1.91
02/07/2014,0,0,0(0.00 %),0,0,0,0,1053597,1.91
03/07/2014,0,0,0(0.00 %),0,0,0,0,1053597,1.91
04/07/2014,0,0,0(0.00 %),0,0,0,0,1053597,1.91
07/07/2014,0,0,0(0.00 %),0,0,0,0,1053597,1.91
08/07/2014,0,0,0(0.00 %),0,0,0,0,1053597,1.91
09/07/2014,0,0,0(0.00 %),0,0,0,0,1053597,1.91
10/07/2014,0,0,0(0.00 %),0,0,0,0,1053597,1.91
11/07/2014,0,0,0(0.00 %),0,0,0,0,1053597,1.91
14/07/2014,0,0,0(0.00 %),0,0,0,0,1053597,1.91
16/07/2014,0,0,0(0.00 %),0,0,0,0,1053597,1.91
17/07/2014,0,0,0(0.00 %),0,0,0,0,1053597,1.91
18/07/2014,0,0,0(0.00 %),0,0,0,0,1053597,1.91
21/07/2014,0,0,0(0.00 %),0,0,0,0,1053597,1.91
22/07/2014,0,0,0(0.00 %),0,0,0,0,1053597,1.91
23/07/2014,0,0,0(0.00 %),0,0,0,0,1053597,1.91
24/07/2014,0,0,0(0.00 %),0,0,0,0,1053597,1.91
25/07/2014,0,0,0(0.00 %),0,0,0,0,1053597,1.91
28/07/2014,0,0,0(0.00 %),0,0,0,0,1053597,1.91
29/07/2014,0,0,0(0.00 %),0,0,0,0,1053597,1.91
30/07/2014,0,0,0(0.00 %),0,0,0,0,1053597,1.91
31/07/2014,0,0,0(0.00 %),0,0,0,0,1053597,1.91
01/08/2014,0,0,0(0.00 %),0,0,0,0,1053597,1.91
04/08/2014,0,0,0(0.00 %),0,0,0,0,1053597,1.91
05/08/2014,0,0,0(0.00 %),0,0,0,0,1053597,1.91
06/08/2014,0,0,0(0.00 %),0,0,0,0,1053597,1.91
07/08/2014,0,0,0(0.00 %),0,0,0,0,1053597,1.91
08/08/2014,0,0,0(0.00 %),0,0,0,0,1053597,1.91
11/08/2014,-500,-6000000,0(0.00 %),0,0,500,6000000,1053597,1.91
12/08/2014,0,0,0(0.00 %),0,0,0,0,1053597,1.91
13/08/2014,0,0,0(0.00 %),0,0,0,0,1053597,1.91
15/08/2014,0,0,0(0.00 %),0,0,0,0,1054097,1.88
18/08/2014,-1500,-17850000,0(0.00 %),0,0,1500,17850000,1054097,1.88
19/08/2014,0,0,0(0.00 %),0,0,0,0,1054097,1.88
20/08/2014,0,0,0(0.00 %),0,0,0,0,1054097,1.88
21/08/2014,0,0,0(0.00 %),0,0,0,0,1054097,1.88
26/08/2014,0,0,0(0.00 %),0,0,0,0,1055597,1.82
29/08/2014,0,0,0(0.00 %),0,0,0,0,1055597,1.82
04/09/2014,0,0,0(0.00 %),0,0,0,0,1055597,1.82
05/09/2014,0,0,0(0.00 %),0,0,0,0,1055597,1.82
10/09/2014,0,0,0(0.00 %),0,0,0,0,1055597,1.82
11/09/2014,0,0,0(0.00 %),0,0,0,0,1055597,1.82
12/09/2014,0,0,0(0.00 %),0,0,0,0,1055597,1.82
15/09/2014,0,0,0(0.00 %),0,0,0,0,1055597,1.82
16/09/2014,0,0,0(0.00 %),0,0,0,0,1055597,1.82
17/09/2014,0,0,0(0.00 %),0,0,0,0,1055597,1.82
18/09/2014,0,0,0(0.00 %),0,0,0,0,1055597,1.82
19/09/2014,0,0,0(0.00 %),0,0,0,0,1055597,1.82
22/09/2014,0,0,0(0.00 %),0,0,0,0,1055597,1.82
23/09/2014,0,0,0(0.00 %),0,0,0,0,1055597,1.82
24/09/2014,0,0,0(0.00 %),0,0,0,0,1055597,1.82
25/09/2014,0,0,0(0.00 %),0,0,0,0,1055597,1.82
26/09/2014,0,0,0(0.00 %),0,0,0,0,1055597,1.82
29/09/2014,0,0,0(0.00 %),0,0,0,0,1055597,1.82
30/09/2014,0,0,0(0.00 %),0,0,0,0,1055597,1.82
01/10/2014,0,0,0(0.00 %),0,0,0,0,1055597,1.82
02/10/2014,0,0,0(0.00 %),0,0,0,0,1055597,1.82
03/10/2014,0,0,0(0.00 %),0,0,0,0,1055597,1.82
06/10/2014,0,0,0(0.00 %),0,0,0,0,1055597,1.82
07/10/2014,0,0,0(0.00 %),0,0,0,0,1055597,1.82
08/10/2014,0,0,0(0.00 %),0,0,0,0,1055597,1.82
09/10/2014,0,0,0(0.00 %),0,0,0,0,1055597,1.82
10/10/2014,0,0,0(0.00 %),0,0,0,0,1055597,1.82
13/10/2014,0,0,0(0.00 %),0,0,0,0,1055597,1.82
14/10/2014,0,0,0(0.00 %),0,0,0,0,1055597,1.82
15/10/2014,0,0,0(0.00 %),0,0,0,0,1055597,1.82
16/10/2014,0,0,0(0.00 %),0,0,0,0,1055597,1.82
20/10/2014,0,0,0(0.00 %),0,0,0,0,1055597,1.82
21/10/2014,0,0,0(0.00 %),0,0,0,0,1055597,1.82
22/10/2014,0,0,0(0.00 %),0,0,0,0,1055597,1.82
23/10/2014,0,0,0(0.00 %),0,0,0,0,1055597,1.82
24/10/2014,0,0,0(0.00 %),0,0,0,0,1055597,1.82
27/10/2014,0,0,0(0.00 %),0,0,0,0,1055597,1.82
29/10/2014,0,0,0(0.00 %),0,0,0,0,1055597,1.82
30/10/2014,0,0,0(0.00 %),0,0,0,0,1055597,1.82
31/10/2014,0,0,0(0.00 %),0,0,0,0,1055597,1.82
03/11/2014,0,0,0(0.00 %),0,0,0,0,1055597,1.82
04/11/2014,0,0,0(0.00 %),0,0,0,0,1055597,1.82
05/11/2014,0,0,0(0.00 %),0,0,0,0,1055597,1.82
06/11/2014,0,0,0(0.00 %),0,0,0,0,1055597,1.82
07/11/2014,0,0,0(0.00 %),0,0,0,0,1055597,1.82
10/11/2014,0,0,0(0.00 %),0,0,0,0,1055597,1.82
11/11/2014,0,0,0(0.00 %),0,0,0,0,1055597,1.82
12/11/2014,0,0,0(0.00 %),0,0,0,0,1055597,1.82
13/11/2014,0,0,0(0.00 %),0,0,0,0,1055597,1.82
14/11/2014,0,0,0(0.00 %),0,0,0,0,1055597,1.82
17/11/2014,0,0,0(0.00 %),0,0,0,0,1055597,1.82
18/11/2014,0,0,0(0.00 %),0,0,0,0,1055597,1.82
19/11/2014,0,0,0(0.00 %),0,0,0,0,1055597,1.82
20/11/2014,0,0,0(0.00 %),0,0,0,0,1055597,1.82
21/11/2014,0,0,0(0.00 %),0,0,0,0,1055597,1.82
24/11/2014,0,0,0(0.00 %),0,0,0,0,1055597,1.82
25/11/2014,0,0,0(0.00 %),0,0,0,0,1055597,1.82
26/11/2014,0,0,0(0.00 %),0,0,0,0,1055597,1.82
27/11/2014,0,0,0(0.00 %),0,0,0,0,1055597,1.82
28/11/2014,0,0,0(0.00 %),0,0,0,0,1055597,1.82
01/12/2014,0,0,0(0.00 %),0,0,0,0,1055597,1.82
02/12/2014,0,0,0(0.00 %),0,0,0,0,1055597,1.82
03/12/2014,0,0,0(0.00 %),0,0,0,0,1055597,1.82
04/12/2014,0,0,0(0.00 %),0,0,0,0,1055597,1.82
05/12/2014,0,0,0(0.00 %),0,0,0,0,1055597,1.82
08/12/2014,0,0,0(0.00 %),0,0,0,0,1055597,1.82
09/12/2014,0,0,0(0.00 %),0,0,0,0,1055597,1.82
10/12/2014,0,0,0(0.00 %),0,0,0,0,1055597,1.82
11/12/2014,0,0,0(0.00 %),0,0,0,0,1055597,1.82
12/12/2014,0,0,0(0.00 %),0,0,0,0,1055597,1.82
15/12/2014,0,0,0(0.00 %),0,0,0,0,1055597,1.82
16/12/2014,0,0,0(0.00 %),0,0,0,0,1055597,1.82
17/12/2014,0,0,0(0.00 %),0,0,0,0,1055597,1.82
18/12/2014,0,0,0(0.00 %),0,0,0,0,1055597,1.82
19/12/2014,-200,-2660000,0(0.00 %),0,0,200,2660000,1055597,1.82
22/12/2014,-4000,-51910000,0(0.00 %),0,0,4000,51910000,1055597,1.82
23/12/2014,0,0,0(0.00 %),0,0,0,0,1055597,1.82
24/12/2014,0,0,0(0.00 %),0,0,0,0,1055597,1.82
25/12/2014,0,0,0(0.00 %),0,0,0,0,1055797,1.81
26/12/2014,0,0,0(0.00 %),0,0,0,0,1059797,1.63
29/12/2014,0,0,0(0.00 %),0,0,0,0,1059797,1.63
30/12/2014,0,0,0(0.00 %),0,0,0,0,1059797,1.63
31/12/2014,0,0,0(0.00 %),0,0,0,0,1059797,1.63
05/01/2015,0,0,0(0.00 %),0,0,0,0,1059797,1.63
06/01/2015,0,0,0(0.00 %),0,0,0,0,1059797,1.63
07/01/2015,0,0,0(0.00 %),0,0,0,0,1059797,1.63
08/01/2015,0,0,0(0.00 %),0,0,0,0,1059797,1.63
09/01/2015,0,0,0(0.00 %),0,0,0,0,1059797,1.63
12/01/2015,0,0,0(0.00 %),0,0,0,0,1059797,1.63
13/01/2015,0,0,0(0.00 %),0,0,0,0,1059797,1.63
14/01/2015,0,0,0(0.00 %),0,0,0,0,1059797,1.63
15/01/2015,0,0,0(0.00 %),0,0,0,0,1059797,1.63
16/01/2015,0,0,0(0.00 %),0,0,0,0,1059797,1.63
19/01/2015,0,0,0(0.00 %),0,0,0,0,1059797,1.63
20/01/2015,0,0,0(0.00 %),0,0,0,0,1059797,1.63
21/01/2015,0,0,0(0.00 %),0,0,0,0,1059797,1.63
22/01/2015,0,0,0(0.00 %),0,0,0,0,1059797,1.63
23/01/2015,0,0,0(0.00 %),0,0,0,0,1059797,1.63
26/01/2015,0,0,0(0.00 %),0,0,0,0,1059797,1.63
27/01/2015,0,0,0(0.00 %),0,0,0,0,1059797,1.63
28/01/2015,0,0,0(0.00 %),0,0,0,0,1059797,1.63
29/01/2015,0,0,0(0.00 %),0,0,0,0,1059797,1.63
30/01/2015,0,0,0(0.00 %),0,0,0,0,1059797,1.63
02/02/2015,0,0,0(0.00 %),0,0,0,0,1059797,1.63
03/02/2015,0,0,0(0.00 %),0,0,0,0,1059797,1.63
04/02/2015,0,0,0(0.00 %),0,0,0,0,1059797,1.63
05/02/2015,0,0,0(0.00 %),0,0,0,0,1059797,1.63
06/02/2015,0,0,0(0.00 %),0,0,0,0,1059797,1.63
09/02/2015,0,0,0(0.00 %),0,0,0,0,1059797,1.63
10/02/2015,0,0,0(0.00 %),0,0,0,0,1059797,1.63
11/02/2015,0,0,0(0.00 %),0,0,0,0,1059797,1.63
12/02/2015,0,0,0(0.00 %),0,0,0,0,1059797,1.63
13/02/2015,0,0,0(0.00 %),0,0,0,0,1059797,1.63
24/02/2015,0,0,0(0.00 %),0,0,0,0,1059797,1.63
25/02/2015,0,0,0(0.00 %),0,0,0,0,1059797,1.63
26/02/2015,0,0,0(0.00 %),0,0,0,0,1059797,1.63
27/02/2015,0,0,0(0.00 %),0,0,0,0,1059797,1.63
02/03/2015,0,0,0(0.00 %),0,0,0,0,1059797,1.63
03/03/2015,0,0,0(0.00 %),0,0,0,0,1059797,1.63
04/03/2015,0,0,0(0.00 %),0,0,0,0,1059797,1.63
05/03/2015,0,0,0(0.00 %),0,0,0,0,1059797,1.63
06/03/2015,0,0,0(0.00 %),0,0,0,0,1059797,1.63
09/03/2015,0,0,0(0.00 %),0,0,0,0,1059797,1.63
10/03/2015,0,0,0(0.00 %),0,0,0,0,1059797,1.63
11/03/2015,0,0,0(0.00 %),0,0,0,0,1059797,1.63
12/03/2015,0,0,0(0.00 %),0,0,0,0,1059797,1.63
13/03/2015,0,0,0(0.00 %),0,0,0,0,1059797,1.63
16/03/2015,0,0,0(0.00 %),0,0,0,0,1059797,1.63
17/03/2015,0,0,0(0.00 %),0,0,0,0,1059797,1.63
18/03/2015,0,0,0(0.00 %),0,0,0,0,1059797,1.63
19/03/2015,0,0,0(0.00 %),0,0,0,0,1059797,1.63
20/03/2015,0,0,0(0.00 %),0,0,0,0,1059797,1.63
23/03/2015,0,0,0(0.00 %),0,0,0,0,1059797,1.63
24/03/2015,0,0,0(0.00 %),0,0,0,0,1059797,1.63
25/03/2015,0,0,0(0.00 %),0,0,0,0,1059797,1.63
26/03/2015,0,0,0(0.00 %),0,0,0,0,1059797,1.63
27/03/2015,0,0,0(0.00 %),0,0,0,0,1059797,1.63
30/03/2015,0,0,0(0.00 %),0,0,0,0,1059797,1.63
31/03/2015,0,0,0(0.00 %),0,0,0,0,1059797,1.63
01/04/2015,0,0,0(0.00 %),0,0,0,0,1059797,1.63
02/04/2015,0,0,0(0.00 %),0,0,0,0,1059797,1.63
03/04/2015,0,0,0(0.00 %),0,0,0,0,1059797,1.63
06/04/2015,0,0,0(0.00 %),0,0,0,0,1059797,1.63
07/04/2015,0,0,0(0.00 %),0,0,0,0,1059797,1.63
08/04/2015,0,0,0(0.00 %),0,0,0,0,1059797,1.63
09/04/2015,0,0,0(0.00 %),0,0,0,0,1059797,1.63
10/04/2015,0,0,0(0.00 %),0,0,0,0,1059797,1.63
13/04/2015,0,0,0(0.00 %),0,0,0,0,1059797,1.63
14/04/2015,-300,-4290000,0(0.00 %),0,0,300,4290000,1059797,1.63
15/04/2015,0,0,0(0.00 %),0,0,0,0,1059797,1.63
16/04/2015,0,0,0(0.00 %),0,0,0,0,1059797,1.63
17/04/2015,0,0,0(0.00 %),0,0,0,0,1059797,1.63
20/04/2015,0,0,0(0.00 %),0,0,0,0,1060097,1.62
21/04/2015,0,0,0(0.00 %),0,0,0,0,1060097,1.62
22/04/2015,0,0,0(0.00 %),0,0,0,0,1060097,1.62
23/04/2015,0,0,0(0.00 %),0,0,0,0,1060097,1.62
24/04/2015,0,0,0(0.00 %),0,0,0,0,1060097,1.62
27/04/2015,0,0,0(0.00 %),0,0,0,0,1060097,1.62
04/05/2015,0,0,0(0.00 %),0,0,0,0,1060097,1.62
05/05/2015,0,0,0(0.00 %),0,0,0,0,1060097,1.62
06/05/2015,0,0,0(0.00 %),0,0,0,0,1060097,1.62
07/05/2015,0,0,0(0.00 %),0,0,0,0,1060097,1.62
08/05/2015,0,0,0(0.00 %),0,0,0,0,1060097,1.62
11/05/2015,0,0,0(0.00 %),0,0,0,0,1060097,1.62
12/05/2015,0,0,0(0.00 %),0,0,0,0,1060097,1.62
13/05/2015,0,0,0(0.00 %),0,0,0,0,1060097,1.62
14/05/2015,0,0,0(0.00 %),0,0,0,0,1060097,1.62
15/05/2015,0,0,0(0.00 %),0,0,0,0,1060097,1.62
18/05/2015,0,0,0(0.00 %),0,0,0,0,1060097,1.62
19/05/2015,0,0,0(0.00 %),0,0,0,0,1060097,1.62
20/05/2015,0,0,0(0.00 %),0,0,0,0,1060097,1.62
21/05/2015,0,0,0(0.00 %),0,0,0,0,1060097,1.62
22/05/2015,0,0,0(0.00 %),0,0,0,0,1060097,1.62
25/05/2015,0,0,0(0.00 %),0,0,0,0,1060097,1.62
26/05/2015,0,0,0(0.00 %),0,0,0,0,1060097,1.62
27/05/2015,0,0,0(0.00 %),0,0,0,0,1060097,1.62
28/05/2015,0,0,0(0.00 %),0,0,0,0,1060097,1.62
29/05/2015,0,0,0(0.00 %),0,0,0,0,1060097,1.62
01/06/2015,0,0,0(0.00 %),0,0,0,0,1060097,1.62
02/06/2015,0,0,0(0.00 %),0,0,0,0,1060097,1.62
03/06/2015,0,0,0(0.00 %),0,0,0,0,1060097,1.62
04/06/2015,0,0,0(0.00 %),0,0,0,0,1060097,1.62
05/06/2015,0,0,0(0.00 %),0,0,0,0,1060097,1.62
08/06/2015,0,0,0(0.00 %),0,0,0,0,1060097,1.62
09/06/2015,0,0,0(0.00 %),0,0,0,0,1060097,1.62
10/06/2015,0,0,0(0.00 %),0,0,0,0,1060097,1.62
11/06/2015,0,0,0(0.00 %),0,0,0,0,1060097,1.62
12/06/2015,0,0,0(0.00 %),0,0,0,0,1060097,1.62
15/06/2015,0,0,0(0.00 %),0,0,0,0,1060097,1.62
16/06/2015,0,0,0(0.00 %),0,0,0,0,1060097,1.62
17/06/2015,0,0,0(0.00 %),0,0,0,0,1060097,1.62
18/06/2015,0,0,0(0.00 %),0,0,0,0,1060097,1.62
19/06/2015,0,0,0(0.00 %),0,0,0,0,1060097,1.62
22/06/2015,0,0,0(0.00 %),0,0,0,0,1060097,1.62
23/06/2015,0,0,0(0.00 %),0,0,0,0,1060097,1.62
24/06/2015,0,0,0(0.00 %),0,0,0,0,1060097,1.62
25/06/2015,0,0,0(0.00 %),0,0,0,0,1060097,1.62
26/06/2015,0,0,0(0.00 %),0,0,0,0,1060097,1.62
29/06/2015,0,0,0(0.00 %),0,0,0,0,1060097,1.62
30/06/2015,0,0,0(0.00 %),0,0,0,0,1060097,1.62
01/07/2015,0,0,0(0.00 %),0,0,0,0,1060097,1.62
02/07/2015,0,0,0(0.00 %),0,0,0,0,1060097,1.62
03/07/2015,0,0,0(0.00 %),0,0,0,0,1060097,1.62
06/07/2015,0,0,0(0.00 %),0,0,0,0,1060097,1.62
07/07/2015,0,0,0(0.00 %),0,0,0,0,1060097,1.62
08/07/2015,0,0,0(0.00 %),0,0,0,0,1060097,1.62
09/07/2015,0,0,0(0.00 %),0,0,0,0,1060097,1.62
10/07/2015,0,0,0(0.00 %),0,0,0,0,1060097,1.62
13/07/2015,0,0,0(0.00 %),0,0,0,0,1060097,1.62
14/07/2015,0,0,0(0.00 %),0,0,0,0,1060097,1.62
15/07/2015,0,0,0(0.00 %),0,0,0,0,1060097,1.62
16/07/2015,0,0,0(0.00 %),0,0,0,0,1060097,1.62
17/07/2015,0,0,0(0.00 %),0,0,0,0,1060097,1.62
20/07/2015,0,0,0(0.00 %),0,0,0,0,1060097,1.62
21/07/2015,0,0,0(0.00 %),0,0,0,0,1060097,1.62
22/07/2015,0,0,0(0.00 %),0,0,0,0,1060097,1.62
23/07/2015,-100,-2250000,0(0.00 %),0,0,100,2250000,1060097,1.62
24/07/2015,0,0,0(0.00 %),0,0,0,0,1060097,1.62
27/07/2015,-100,-2250000,0(0.00 %),0,0,100,2250000,1060097,1.62
28/07/2015,0,0,0(0.00 %),0,0,0,0,1060097,1.62
29/07/2015,0,0,0(0.00 %),0,0,0,0,1060197,1.61
30/07/2015,0,0,0(0.00 %),0,0,0,0,1060197,1.61
31/07/2015,0,0,0(0.00 %),0,0,0,0,1060297,1.61
03/08/2015,0,0,0(0.00 %),0,0,0,0,1060297,1.61
04/08/2015,0,0,0(0.00 %),0,0,0,0,1060297,1.61
05/08/2015,0,0,0(0.00 %),0,0,0,0,1060297,1.61
06/08/2015,0,0,0(0.00 %),0,0,0,0,1060297,1.61
07/08/2015,0,0,0(0.00 %),0,0,0,0,1060297,1.61
10/08/2015,0,0,0(0.00 %),0,0,0,0,1060297,1.61
11/08/2015,0,0,0(0.00 %),0,0,0,0,1060297,1.61
12/08/2015,0,0,0(0.00 %),0,0,0,0,1060297,1.61
13/08/2015,0,0,0(0.00 %),0,0,0,0,1060297,1.61
14/08/2015,0,0,0(0.00 %),0,0,0,0,1060297,1.61
17/08/2015,0,0,0(0.00 %),0,0,0,0,1060297,1.61
18/08/2015,0,0,0(0.00 %),0,0,0,0,1060297,1.61
19/08/2015,0,0,0(0.00 %),0,0,0,0,1060297,1.61
20/08/2015,0,0,0(0.00 %),0,0,0,0,1060297,1.61
21/08/2015,0,0,0(0.00 %),0,0,0,0,1060297,1.61
24/08/2015,0,0,0(0.00 %),0,0,0,0,1060297,1.61
25/08/2015,0,0,0(0.00 %),0,0,0,0,1060297,1.61
26/08/2015,0,0,0(0.00 %),0,0,0,0,1060297,1.61
27/08/2015,0,0,0(0.00 %),0,0,0,0,1060297,1.61
28/08/2015,0,0,0(0.00 %),0,0,0,0,1060297,1.61
31/08/2015,0,0,0(0.00 %),0,0,0,0,1060297,1.61
01/09/2015,0,0,0(0.00 %),0,0,0,0,1060297,1.61
03/09/2015,0,0,0(0.00 %),0,0,0,0,1060297,1.61
04/09/2015,0,0,0(0.00 %),0,0,0,0,1060297,1.61
07/09/2015,0,0,0(0.00 %),0,0,0,0,1060297,1.61
08/09/2015,0,0,0(0.00 %),0,0,0,0,1060297,1.61
09/09/2015,0,0,0(0.00 %),0,0,0,0,1060297,1.61
10/09/2015,0,0,0(0.00 %),0,0,0,0,1060297,1.61
11/09/2015,0,0,0(0.00 %),0,0,0,0,1060297,1.61
14/09/2015,0,0,0(0.00 %),0,0,0,0,1060297,1.61
15/09/2015,0,0,0(0.00 %),0,0,0,0,1060297,1.61
16/09/2015,0,0,0(0.00 %),0,0,0,0,1060297,1.61
17/09/2015,0,0,0(0.00 %),0,0,0,0,1060297,1.61
18/09/2015,0,0,0(0.00 %),0,0,0,0,1060297,1.61
21/09/2015,0,0,0(0.00 %),0,0,0,0,1060297,1.61
22/09/2015,0,0,0(0.00 %),0,0,0,0,1060297,1.61
23/09/2015,0,0,0(0.00 %),0,0,0,0,1060297,1.61
24/09/2015,0,0,0(0.00 %),0,0,0,0,1060297,1.61
25/09/2015,0,0,0(0.00 %),0,0,0,0,1060297,1.61
28/09/2015,0,0,0(0.00 %),0,0,0,0,1060297,1.61
29/09/2015,0,0,0(0.00 %),0,0,0,0,1060297,1.61
30/09/2015,0,0,0(0.00 %),0,0,0,0,1060297,1.61
01/10/2015,0,0,0(0.00 %),0,0,0,0,1060297,1.61
02/10/2015,0,0,0(0.00 %),0,0,0,0,1060297,1.61
05/10/2015,0,0,0(0.00 %),0,0,0,0,1060297,1.61
06/10/2015,0,0,0(0.00 %),0,0,0,0,1060297,1.61
07/10/2015,-20,-324000,0(0.00 %),0,0,20,324000,1060297,1.61
08/10/2015,0,0,0(0.00 %),0,0,0,0,1060297,1.61
09/10/2015,0,0,0(0.00 %),0,0,0,0,1060297,1.61
12/10/2015,0,0,0(0.00 %),0,0,0,0,1060297,1.61
13/10/2015,0,0,0(0.00 %),0,0,0,0,1060317,1.61
14/10/2015,0,0,0(0.00 %),0,0,0,0,1060317,1.61
15/10/2015,0,0,0(0.00 %),0,0,0,0,1060317,1.61
16/10/2015,0,0,0(0.00 %),0,0,0,0,1060317,1.61
19/10/2015,0,0,0(0.00 %),0,0,0,0,1060317,1.61
20/10/2015,0,0,0(0.00 %),0,0,0,0,1060317,1.61
21/10/2015,0,0,0(0.00 %),0,0,0,0,1060317,1.61
22/10/2015,0,0,0(0.00 %),0,0,0,0,1060317,1.61
23/10/2015,0,0,0(0.00 %),0,0,0,0,1060317,1.61
26/10/2015,0,0,0(0.00 %),0,0,0,0,1060317,1.61
27/10/2015,0,0,0(0.00 %),0,0,0,0,1060317,1.61
28/10/2015,0,0,0(0.00 %),0,0,0,0,1060317,1.61
29/10/2015,0,0,0(0.00 %),0,0,0,0,1060317,1.61
30/10/2015,0,0,0(0.00 %),0,0,0,0,1060317,1.61
02/11/2015,0,0,0(0.00 %),0,0,0,0,1060317,1.61
03/11/2015,0,0,0(0.00 %),0,0,0,0,1060317,1.61
04/11/2015,0,0,0(0.00 %),0,0,0,0,1060317,1.61
05/11/2015,0,0,0(0.00 %),0,0,0,0,1060317,1.61
06/11/2015,0,0,0(0.00 %),0,0,0,0,1060317,1.61
09/11/2015,0,0,0(0.00 %),0,0,0,0,1060317,1.61
10/11/2015,0,0,0(0.00 %),0,0,0,0,1060317,1.61
11/11/2015,0,0,0(0.00 %),0,0,0,0,1060317,1.61
12/11/2015,0,0,0(0.00 %),0,0,0,0,1060317,1.61
13/11/2015,0,0,0(0.00 %),0,0,0,0,1060317,1.61
16/11/2015,-200,-3300000,0(0.00 %),0,0,200,3300000,1060317,1.61
17/11/2015,0,0,0(0.00 %),0,0,0,0,1060317,1.61
18/11/2015,0,0,0(0.00 %),0,0,0,0,1060317,1.61
19/11/2015,0,0,0(0.00 %),0,0,0,0,1060317,1.61
20/11/2015,0,0,0(0.00 %),0,0,0,0,1060517,1.6
23/11/2015,0,0,0(0.00 %),0,0,0,0,1060517,1.6
24/11/2015,0,0,0(0.00 %),0,0,0,0,1060517,1.6
25/11/2015,0,0,0(0.00 %),0,0,0,0,1060517,1.6
26/11/2015,0,0,0(0.00 %),0,0,0,0,1060517,1.6
27/11/2015,0,0,0(0.00 %),0,0,0,0,1060517,1.6
30/11/2015,0,0,0(0.00 %),0,0,0,0,1060517,1.6
01/12/2015,0,0,0(0.00 %),0,0,0,0,1060517,1.6
02/12/2015,0,0,0(0.00 %),0,0,0,0,1060517,1.6
03/12/2015,0,0,0(0.00 %),0,0,0,0,1060517,1.6
04/12/2015,0,0,0(0.00 %),0,0,0,0,1060517,1.6
07/12/2015,0,0,0(0.00 %),0,0,0,0,1060517,1.6
08/12/2015,0,0,0(0.00 %),0,0,0,0,1060517,1.6
09/12/2015,0,0,0(0.00 %),0,0,0,0,1060517,1.6
10/12/2015,0,0,0(0.00 %),0,0,0,0,1060517,1.6
11/12/2015,0,0,0(0.00 %),0,0,0,0,1060517,1.6
14/12/2015,0,0,0(0.00 %),0,0,0,0,1060517,1.6
15/12/2015,0,0,0(0.00 %),0,0,0,0,1060517,1.6
16/12/2015,0,0,0(0.00 %),0,0,0,0,1060517,1.6
17/12/2015,0,0,0(0.00 %),0,0,0,0,1060517,1.6
18/12/2015,0,0,0(0.00 %),0,0,0,0,1060517,1.6
21/12/2015,0,0,0(0.00 %),0,0,0,0,1060517,1.6
22/12/2015,0,0,0(0.00 %),0,0,0,0,1060517,1.6
23/12/2015,0,0,0(0.00 %),0,0,0,0,1060517,1.6
24/12/2015,0,0,0(0.00 %),0,0,0,0,1060517,1.6
25/12/2015,0,0,0(0.00 %),0,0,0,0,1060517,1.6
28/12/2015,0,0,0(0.00 %),0,0,0,0,1060517,1.6
29/12/2015,0,0,0(0.00 %),0,0,0,0,1060517,1.6
30/12/2015,0,0,0(0.00 %),0,0,0,0,1060517,1.6
31/12/2015,0,0,0(0.00 %),0,0,0,0,1060517,1.6
04/01/2016,0,0,0(0.00 %),0,0,0,0,1060517,1.6
05/01/2016,0,0,0(0.00 %),0,0,0,0,1060517,1.6
06/01/2016,0,0,0(0.00 %),0,0,0,0,1060517,1.6
07/01/2016,0,0,0(0.00 %),0,0,0,0,1060517,1.6
08/01/2016,0,0,0(0.00 %),0,0,0,0,1060517,1.6
11/01/2016,0,0,0(0.00 %),0,0,0,0,1060517,1.6
12/01/2016,0,0,0(0.00 %),0,0,0,0,1060517,1.6
13/01/2016,0,0,0(0.00 %),0,0,0,0,1060517,1.6
14/01/2016,0,0,0(0.00 %),0,0,0,0,1060517,1.6
15/01/2016,0,0,0(0.00 %),0,0,0,0,1060517,1.6
18/01/2016,0,0,0(0.00 %),0,0,0,0,1060517,1.6
19/01/2016,0,0,0(0.00 %),0,0,0,0,1060517,1.6
20/01/2016,0,0,0(0.00 %),0,0,0,0,1060517,1.6
21/01/2016,0,0,0(0.00 %),0,0,0,0,1060517,1.6
22/01/2016,0,0,0(0.00 %),0,0,0,0,1060517,1.6
25/01/2016,0,0,0(0.00 %),0,0,0,0,1060517,1.6
26/01/2016,0,0,0(0.00 %),0,0,0,0,1060517,1.6
27/01/2016,0,0,0(0.00 %),0,0,0,0,1060517,1.6
28/01/2016,0,0,0(0.00 %),0,0,0,0,1060517,1.6
29/01/2016,0,0,0(0.00 %),0,0,0,0,1060517,1.6
01/02/2016,0,0,0(0.00 %),0,0,0,0,1060517,1.6
02/02/2016,0,0,0(0.00 %),0,0,0,0,1060517,1.6
03/02/2016,0,0,0(0.00 %),0,0,0,0,1060517,1.6
04/02/2016,0,0,0(0.00 %),0,0,0,0,1060517,1.6
05/02/2016,0,0,0(0.00 %),0,0,0,0,1060517,1.6
15/02/2016,0,0,0(0.00 %),0,0,0,0,1060517,1.6
16/02/2016,0,0,0(0.00 %),0,0,0,0,1060517,1.6
17/02/2016,0,0,0(0.00 %),0,0,0,0,1060517,1.6
18/02/2016,0,0,0(0.00 %),0,0,0,0,1060517,1.6
19/02/2016,0,0,0(0.00 %),0,0,0,0,1060517,1.6
22/02/2016,0,0,0(0.00 %),0,0,0,0,1060517,1.6
23/02/2016,0,0,0(0.00 %),0,0,0,0,1060517,1.6
24/02/2016,0,0,0(0.00 %),0,0,0,0,1060517,1.6
25/02/2016,0,0,0(0.00 %),0,0,0,0,1060517,1.6
26/02/2016,0,0,0(0.00 %),0,0,0,0,1060517,1.6
29/02/2016,0,0,0(0.00 %),0,0,0,0,1060517,1.6
01/03/2016,0,0,0(0.00 %),0,0,0,0,1060517,1.6
02/03/2016,0,0,0(0.00 %),0,0,0,0,1060517,1.6
03/03/2016,0,0,0(0.00 %),0,0,0,0,1060517,1.6
04/03/2016,0,0,0(0.00 %),0,0,0,0,1060517,1.6
07/03/2016,0,0,0(0.00 %),0,0,0,0,1060517,1.6
08/03/2016,0,0,0(0.00 %),0,0,0,0,1060517,1.6
09/03/2016,0,0,0(0.00 %),0,0,0,0,1060517,1.6
10/03/2016,0,0,0(0.00 %),0,0,0,0,1060517,1.6
11/03/2016,0,0,0(0.00 %),0,0,0,0,1060517,1.6
14/03/2016,0,0,0(0.00 %),0,0,0,0,1060517,1.6
15/03/2016,0,0,0(0.00 %),0,0,0,0,1060517,1.6
16/03/2016,0,0,0(0.00 %),0,0,0,0,1060517,1.6
17/03/2016,0,0,0(0.00 %),0,0,0,0,1060517,1.6
18/03/2016,0,0,0(0.00 %),0,0,0,0,1060517,1.6
21/03/2016,0,0,0(0.00 %),0,0,0,0,1060517,1.6
22/03/2016,0,0,0(0.00 %),0,0,0,0,1060517,1.6
23/03/2016,0,0,0(0.00 %),0,0,0,0,1060517,1.6
24/03/2016,0,0,0(0.00 %),0,0,0,0,1060517,1.6
25/03/2016,0,0,0(0.00 %),0,0,0,0,1060517,1.6
28/03/2016,0,0,0(0.00 %),0,0,0,0,1060517,1.6
29/03/2016,0,0,0(0.00 %),0,0,0,0,1060517,1.6
30/03/2016,0,0,0(0.00 %),0,0,0,0,1060517,1.6
31/03/2016,0,0,0(0.00 %),0,0,0,0,1060517,1.6
01/04/2016,0,0,0(0.00 %),0,0,0,0,1060517,1.6
04/04/2016,0,0,0(0.00 %),0,0,0,0,1060517,1.6
05/04/2016,0,0,0(0.00 %),0,0,0,0,1060517,1.6
06/04/2016,0,0,0(0.00 %),0,0,0,0,1060517,1.6
07/04/2016,0,0,0(0.00 %),0,0,0,0,1060517,1.6
08/04/2016,0,0,0(0.00 %),0,0,0,0,1060517,1.6
11/04/2016,0,0,0(0.00 %),0,0,0,0,1060517,1.6
12/04/2016,0,0,0(0.00 %),0,0,0,0,1060517,1.6
13/04/2016,0,0,0(0.00 %),0,0,0,0,1060517,1.6
14/04/2016,0,0,0(0.00 %),0,0,0,0,1060517,1.6
15/04/2016,0,0,0(0.00 %),0,0,0,0,1060517,1.6
19/04/2016,0,0,0(0.00 %),0,0,0,0,1060517,1.6
20/04/2016,0,0,0(0.00 %),0,0,0,0,1060517,1.6
21/04/2016,0,0,0(0.00 %),0,0,0,0,1060517,1.6
22/04/2016,0,0,0(0.00 %),0,0,0,0,1060517,1.6
25/04/2016,0,0,0(0.00 %),0,0,0,0,1060517,1.6
26/04/2016,0,0,0(0.00 %),0,0,0,0,1060517,1.6
27/04/2016,0,0,0(0.00 %),0,0,0,0,1060517,1.6
28/04/2016,0,0,0(0.00 %),0,0,0,0,1060517,1.6
29/04/2016,0,0,0(0.00 %),0,0,0,0,1060517,1.6
04/05/2016,-100,-3800000,0(0.00 %),0,0,100,3800000,1060517,1.6
05/05/2016,0,0,0(0.00 %),0,0,0,0,1060517,1.6
06/05/2016,0,0,0(0.00 %),0,0,0,0,1060517,1.6
09/05/2016,0,0,0(0.00 %),0,0,0,0,1060617,1.59
10/05/2016,0,0,0(0.00 %),0,0,0,0,1060617,1.59
11/05/2016,0,0,0(0.00 %),0,0,0,0,1060617,1.59
12/05/2016,0,0,0(0.00 %),0,0,0,0,1060617,1.59
13/05/2016,-2110,-74271000,0(0.00 %),0,0,2110,74271000,1060617,1.59
16/05/2016,0,0,0(0.00 %),0,0,0,0,1060617,1.59
17/05/2016,0,0,0(0.00 %),0,0,0,0,1060617,1.59
18/05/2016,0,0,0(0.00 %),0,0,0,0,1062727,1.5
19/05/2016,0,0,0(0.00 %),0,0,0,0,1062727,1.5
20/05/2016,0,0,0(0.00 %),0,0,0,0,1062727,1.5
23/05/2016,0,0,0(0.00 %),0,0,0,0,1062727,1.5
24/05/2016,0,0,0(0.00 %),0,0,0,0,1062727,1.5
25/05/2016,0,0,0(0.00 %),0,0,0,0,1062727,1.5
26/05/2016,0,0,0(0.00 %),0,0,0,0,1062727,1.5
27/05/2016,0,0,0(0.00 %),0,0,0,0,1062727,1.5
30/05/2016,0,0,0(0.00 %),0,0,0,0,1062727,1.5
31/05/2016,0,0,0(0.00 %),0,0,0,0,1062727,1.5
01/06/2016,0,0,0(0.00 %),0,0,0,0,1062727,1.5
02/06/2016,0,0,0(0.00 %),0,0,0,0,1062727,1.5
03/06/2016,0,0,0(0.00 %),0,0,0,0,1062727,1.5
06/06/2016,0,0,0(0.00 %),0,0,0,0,1062727,1.5
07/06/2016,0,0,0(0.00 %),0,0,0,0,1062727,1.5
08/06/2016,0,0,0(0.00 %),0,0,0,0,1062727,1.5
09/06/2016,0,0,0(0.00 %),0,0,0,0,1062727,1.5
10/06/2016,0,0,0(0.00 %),0,0,0,0,1062727,1.5
13/06/2016,0,0,0(0.00 %),0,0,0,0,1062727,1.5
14/06/2016,0,0,0(0.00 %),0,0,0,0,1062727,1.5
15/06/2016,0,0,0(0.00 %),0,0,0,0,1062727,1.5
16/06/2016,0,0,0(0.00 %),0,0,0,0,1062727,1.5
17/06/2016,0,0,0(0.00 %),0,0,0,0,1062727,1.5
20/06/2016,0,0,0(0.00 %),0,0,0,0,1062727,1.5
21/06/2016,0,0,0(0.00 %),0,0,0,0,1062727,1.5
22/06/2016,0,0,0(0.00 %),0,0,0,0,1062727,1.5
23/06/2016,0,0,0(0.00 %),0,0,0,0,1062727,1.5
24/06/2016,0,0,0(0.00 %),0,0,0,0,1062727,1.5
27/06/2016,0,0,0(0.00 %),0,0,0,0,1062727,1.5
28/06/2016,0,0,0(0.00 %),0,0,0,0,1062727,1.5
29/06/2016,0,0,0(0.00 %),0,0,0,0,1062727,1.5
30/06/2016,0,0,0(0.00 %),0,0,0,0,1062727,1.5
01/07/2016,0,0,0(0.00 %),0,0,0,0,1062727,1.5
04/07/2016,0,0,0(0.00 %),0,0,0,0,1062727,1.5
05/07/2016,0,0,0(0.00 %),0,0,0,0,1062727,1.5
06/07/2016,0,0,0(0.00 %),0,0,0,0,1062727,1.5
07/07/2016,0,0,0(0.00 %),0,0,0,0,1062727,1.5
08/07/2016,0,0,0(0.00 %),0,0,0,0,1062727,1.5
11/07/2016,0,0,0(0.00 %),0,0,0,0,1062727,1.5
12/07/2016,0,0,0(0.00 %),0,0,0,0,1062727,1.5
13/07/2016,0,0,0(0.00 %),0,0,0,0,1062727,1.5
14/07/2016,0,0,0(0.00 %),0,0,0,0,1062727,1.5
15/07/2016,0,0,0(0.00 %),0,0,0,0,1062727,1.5
18/07/2016,0,0,0(0.00 %),0,0,0,0,1062727,1.5
19/07/2016,0,0,0(0.00 %),0,0,0,0,1062727,1.5
20/07/2016,0,0,0(0.00 %),0,0,0,0,1062727,1.5
21/07/2016,0,0,0(0.00 %),0,0,0,0,1062727,1.5
22/07/2016,0,0,0(0.00 %),0,0,0,0,1062727,1.5
25/07/2016,0,0,0(0.00 %),0,0,0,0,1062727,1.5
26/07/2016,0,0,0(0.00 %),0,0,0,0,1062727,1.5
27/07/2016,0,0,0(0.00 %),0,0,0,0,1062727,1.5
28/07/2016,0,0,0(0.00 %),0,0,0,0,1062727,1.5
29/07/2016,0,0,0(0.00 %),0,0,0,0,1062727,1.5
01/08/2016,0,0,0(0.00 %),0,0,0,0,1062727,1.5
02/08/2016,0,0,0(0.00 %),0,0,0,0,1062727,1.5
03/08/2016,0,0,0(0.00 %),0,0,0,0,1062727,1.5
04/08/2016,0,0,0(0.00 %),0,0,0,0,1062727,1.5
05/08/2016,0,0,0(0.00 %),0,0,0,0,1062727,1.5
08/08/2016,0,0,0(0.00 %),0,0,0,0,1062727,1.5
09/08/2016,0,0,0(0.00 %),0,0,0,0,1062727,1.5
10/08/2016,0,0,0(0.00 %),0,0,0,0,1062727,1.5
11/08/2016,0,0,0(0.00 %),0,0,0,0,1062727,1.5
12/08/2016,0,0,0(0.00 %),0,0,0,0,1062727,1.5
15/08/2016,0,0,0(0.00 %),0,0,0,0,1062727,1.5
16/08/2016,0,0,0(0.00 %),0,0,0,0,1062727,1.5
17/08/2016,0,0,0(0.00 %),0,0,0,0,1062727,1.5
18/08/2016,0,0,0(0.00 %),0,0,0,0,1062727,1.5
19/08/2016,0,0,0(0.00 %),0,0,0,0,1062727,1.5
22/08/2016,0,0,0(0.00 %),0,0,0,0,1062727,1.5
23/08/2016,0,0,0(0.00 %),0,0,0,0,1062727,1.5
24/08/2016,0,0,0(0.00 %),0,0,0,0,1062727,1.5
25/08/2016,0,0,0(0.00 %),0,0,0,0,1062727,1.5
26/08/2016,0,0,0(0.00 %),0,0,0,0,1062727,1.5
29/08/2016,0,0,0(0.00 %),0,0,0,0,1062727,1.5
30/08/2016,0,0,0(0.00 %),0,0,0,0,1062727,1.5
31/08/2016,0,0,0(0.00 %),0,0,0,0,1062727,1.5
01/09/2016,0,0,0(0.00 %),0,0,0,0,1062727,1.5
05/09/2016,0,0,0(0.00 %),0,0,0,0,1062727,1.5
06/09/2016,0,0,0(0.00 %),0,0,0,0,1062727,1.5
07/09/2016,0,0,0(0.00 %),0,0,0,0,1062727,1.5
08/09/2016,0,0,0(0.00 %),0,0,0,0,1062727,1.5
09/09/2016,0,0,0(0.00 %),0,0,0,0,1062727,1.5
12/09/2016,0,0,0(0.00 %),0,0,0,0,1062727,1.5
13/09/2016,0,0,0(0.00 %),0,0,0,0,1062727,1.5
14/09/2016,0,0,0(0.00 %),0,0,0,0,1062727,1.5
15/09/2016,0,0,0(0.00 %),0,0,0,0,1062727,1.5
16/09/2016,0,0,0(0.00 %),0,0,0,0,1062727,1.5
19/09/2016,0,0,0(0.00 %),0,0,0,0,1062727,1.5
20/09/2016,0,0,0(0.00 %),0,0,0,0,1062727,1.5
21/09/2016,0,0,0(0.00 %),0,0,0,0,1062727,1.5
22/09/2016,0,0,0(0.00 %),0,0,0,0,1062727,1.5
23/09/2016,0,0,0(0.00 %),0,0,0,0,1062727,1.5
26/09/2016,0,0,0(0.00 %),0,0,0,0,1062727,1.5
27/09/2016,0,0,0(0.00 %),0,0,0,0,1062727,1.5
28/09/2016,0,0,0(0.00 %),0,0,0,0,1062727,1.5
29/09/2016,0,0,0(0.00 %),0,0,0,0,1062727,1.5
30/09/2016,0,0,0(0.00 %),0,0,0,0,1062727,1.5
03/10/2016,0,0,0(0.00 %),0,0,0,0,1062727,1.5
04/10/2016,0,0,0(0.00 %),0,0,0,0,1062727,1.5
05/10/2016,0,0,0(0.00 %),0,0,0,0,1062727,1.5
06/10/2016,0,0,0(0.00 %),0,0,0,0,1062727,1.5
07/10/2016,0,0,0(0.00 %),0,0,0,0,1062727,1.5
10/10/2016,0,0,0(0.00 %),0,0,0,0,1062727,1.5
11/10/2016,0,0,0(0.00 %),0,0,0,0,1062727,1.5
12/10/2016,0,0,0(0.00 %),0,0,0,0,1062727,1.5
13/10/2016,0,0,0(0.00 %),0,0,0,0,1062727,1.5
14/10/2016,0,0,0(0.00 %),0,0,0,0,1062727,1.5
17/10/2016,0,0,0(0.00 %),0,0,0,0,1062727,1.5
18/10/2016,0,0,0(0.00 %),0,0,0,0,1062727,1.5
19/10/2016,0,0,0(0.00 %),0,0,0,0,1062727,1.5
20/10/2016,0,0,0(0.00 %),0,0,0,0,1062727,1.5
21/10/2016,-200,-8200000,0(0.00 %),0,0,200,8200000,1062727,1.5
24/10/2016,0,0,0(0.00 %),0,0,0,0,1062727,1.5
25/10/2016,0,0,0(0.00 %),0,0,0,0,1062727,1.5
26/10/2016,0,0,0(0.00 %),0,0,0,0,1062927,1.49
27/10/2016,0,0,0(0.00 %),0,0,0,0,1062927,1.49
28/10/2016,0,0,0(0.00 %),0,0,0,0,1062927,1.49
31/10/2016,0,0,0(0.00 %),0,0,0,0,1062927,1.49
01/11/2016,0,0,0(0.00 %),0,0,0,0,1062927,1.49
02/11/2016,0,0,0(0.00 %),0,0,0,0,1062927,1.49
03/11/2016,0,0,0(0.00 %),0,0,0,0,1062927,1.49
04/11/2016,0,0,0(0.00 %),0,0,0,0,1062927,1.49
07/11/2016,0,0,0(0.00 %),0,0,0,0,1062927,1.49
08/11/2016,0,0,0(0.00 %),0,0,0,0,1062927,1.49
09/11/2016,0,0,0(0.00 %),0,0,0,0,1062927,1.49
10/11/2016,0,0,0(0.00 %),0,0,0,0,1062927,1.49
11/11/2016,0,0,0(0.00 %),0,0,0,0,1062927,1.49
14/11/2016,0,0,0(0.00 %),0,0,0,0,1062927,1.49
15/11/2016,0,0,0(0.00 %),0,0,0,0,1062927,1.49
16/11/2016,0,0,0(0.00 %),0,0,0,0,1062927,1.49
17/11/2016,0,0,0(0.00 %),0,0,0,0,1062927,1.49
18/11/2016,0,0,0(0.00 %),0,0,0,0,1062927,1.49
21/11/2016,0,0,0(0.00 %),0,0,0,0,1062927,1.49
22/11/2016,0,0,0(0.00 %),0,0,0,0,1062927,1.49
23/11/2016,0,0,0(0.00 %),0,0,0,0,1062927,1.49
24/11/2016,0,0,0(0.00 %),0,0,0,0,1062927,1.49
25/11/2016,0,0,0(0.00 %),0,0,0,0,1062927,1.49
28/11/2016,0,0,0(0.00 %),0,0,0,0,1062927,1.49
29/11/2016,0,0,0(0.00 %),0,0,0,0,1062927,1.49
30/11/2016,0,0,0(0.00 %),0,0,0,0,1062927,1.49
01/12/2016,0,0,0(0.00 %),0,0,0,0,1062927,1.49
02/12/2016,0,0,0(0.00 %),0,0,0,0,1062927,1.49
05/12/2016,0,0,0(0.00 %),0,0,0,0,1062927,1.49
06/12/2016,0,0,0(0.00 %),0,0,0,0,1062927,1.49
07/12/2016,0,0,0(0.00 %),0,0,0,0,1062927,1.49
08/12/2016,0,0,0(0.00 %),0,0,0,0,1062927,1.49
09/12/2016,0,0,0(0.00 %),0,0,0,0,1062927,1.49
12/12/2016,0,0,0(0.00 %),0,0,0,0,1062927,1.49
13/12/2016,0,0,0(0.00 %),0,0,0,0,1062927,1.49
14/12/2016,0,0,0(0.00 %),0,0,0,0,1062927,1.49
15/12/2016,0,0,0(0.00 %),0,0,0,0,1062927,1.49
16/12/2016,0,0,0(0.00 %),0,0,0,0,1062927,1.49
19/12/2016,0,0,0(0.00 %),0,0,0,0,1062927,1.49
20/12/2016,0,0,0(0.00 %),0,0,0,0,1062927,1.49
21/12/2016,0,0,0(0.00 %),0,0,0,0,1062927,1.49
22/12/2016,0,0,0(0.00 %),0,0,0,0,1062927,1.49
23/12/2016,0,0,0(0.00 %),0,0,0,0,1062927,1.49
26/12/2016,0,0,0(0.00 %),0,0,0,0,1062927,1.49
27/12/2016,0,0,0(0.00 %),0,0,0,0,1062927,1.49
28/12/2016,0,0,0(0.00 %),0,0,0,0,1062927,1.49
29/12/2016,0,0,0(0.00 %),0,0,0,0,1062927,1.49
30/12/2016,0,0,0(0.00 %),0,0,0,0,1062927,1.49
03/01/2017,0,0,0(0.00 %),0,0,0,0,1062927,1.49
04/01/2017,0,0,0(0.00 %),0,0,0,0,1062927,1.49
05/01/2017,0,0,0(0.00 %),0,0,0,0,1062927,1.49
06/01/2017,0,0,0(0.00 %),0,0,0,0,1062927,1.49
09/01/2017,0,0,0(0.00 %),0,0,0,0,1062927,1.49
10/01/2017,0,0,0(0.00 %),0,0,0,0,1062927,1.49
11/01/2017,0,0,0(0.00 %),0,0,0,0,1062927,1.49
12/01/2017,0,0,0(0.00 %),0,0,0,0,1062927,1.49
13/01/2017,0,0,0(0.00 %),0,0,0,0,1062927,1.49
16/01/2017,0,0,0(0.00 %),0,0,0,0,1062927,1.49
17/01/2017,0,0,0(0.00 %),0,0,0,0,1062927,1.49
18/01/2017,0,0,0(0.00 %),0,0,0,0,1062927,1.49
19/01/2017,0,0,0(0.00 %),0,0,0,0,1062927,1.49
20/01/2017,0,0,0(0.00 %),0,0,0,0,1062927,1.49
23/01/2017,0,0,0(0.00 %),0,0,0,0,1062927,1.49
24/01/2017,0,0,0(0.00 %),0,0,0,0,1062927,1.49
25/01/2017,0,0,0(0.00 %),0,0,0,0,1062927,1.49
02/02/2017,0,0,0(0.00 %),0,0,0,0,1062927,1.49
03/02/2017,0,0,0(0.00 %),0,0,0,0,1062927,1.49
06/02/2017,0,0,0(0.00 %),0,0,0,0,1062927,1.49
07/02/2017,0,0,0(0.00 %),0,0,0,0,1062927,1.49
08/02/2017,0,0,0(0.00 %),0,0,0,0,1062927,1.49
09/02/2017,0,0,0(0.00 %),0,0,0,0,1062927,1.49
10/02/2017,0,0,0(0.00 %),0,0,0,0,1062927,1.49
13/02/2017,0,0,0(0.00 %),0,0,0,0,1062927,1.49
14/02/2017,0,0,0(0.00 %),0,0,0,0,1062927,1.49
15/02/2017,0,0,0(0.00 %),0,0,0,0,1062927,1.49
16/02/2017,0,0,0(0.00 %),0,0,0,0,1062927,1.49
17/02/2017,0,0,0(0.00 %),0,0,0,0,1062927,1.49
20/02/2017,0,0,0(0.00 %),0,0,0,0,1062927,1.49
21/02/2017,0,0,0(0.00 %),0,0,0,0,1062927,1.49
22/02/2017,0,0,0(0.00 %),0,0,0,0,1062927,1.49
23/02/2017,0,0,0(0.00 %),0,0,0,0,1062927,1.49
24/02/2017,0,0,0(0.00 %),0,0,0,0,1062927,1.49
27/02/2017,0,0,0(0.00 %),0,0,0,0,1062927,1.49
28/02/2017,0,0,0(0.00 %),0,0,0,0,1062927,1.49
01/03/2017,0,0,0(0.00 %),0,0,0,0,1062927,1.49
02/03/2017,0,0,0(0.00 %),0,0,0,0,1062927,1.49
03/03/2017,0,0,0(0.00 %),0,0,0,0,1062927,1.49
06/03/2017,0,0,0(0.00 %),0,0,0,0,1062927,1.49
07/03/2017,0,0,0(0.00 %),0,0,0,0,1062927,1.49
08/03/2017,0,0,0(0.00 %),0,0,0,0,1062927,1.49
09/03/2017,0,0,0(0.00 %),0,0,0,0,1062927,1.49
10/03/2017,0,0,0(0.00 %),0,0,0,0,1062927,1.49
13/03/2017,0,0,0(0.00 %),0,0,0,0,1062927,1.49
14/03/2017,0,0,0(0.00 %),0,0,0,0,1062927,1.49
15/03/2017,0,0,0(0.00 %),0,0,0,0,1062927,1.49
16/03/2017,0,0,0(0.00 %),0,0,0,0,1062927,1.49
17/03/2017,0,0,0(0.00 %),0,0,0,0,1062927,1.49
20/03/2017,0,0,0(0.00 %),0,0,0,0,1062927,1.49
21/03/2017,0,0,0(0.00 %),0,0,0,0,1062927,1.49
22/03/2017,0,0,0(0.00 %),0,0,0,0,1062927,1.49
23/03/2017,0,0,0(0.00 %),0,0,0,0,1062927,1.49
24/03/2017,0,0,0(0.00 %),0,0,0,0,1062927,1.49
27/03/2017,0,0,0(0.00 %),0,0,0,0,1062927,1.49
28/03/2017,0,0,0(0.00 %),0,0,0,0,1062927,1.49
29/03/2017,0,0,0(0.00 %),0,0,0,0,1062927,1.49
30/03/2017,0,0,0(0.00 %),0,0,0,0,1062927,1.49
31/03/2017,0,0,0(0.00 %),0,0,0,0,1062927,1.49
03/04/2017,0,0,0(0.00 %),0,0,0,0,1062927,1.49
04/04/2017,0,0,0(0.00 %),0,0,0,0,1062927,1.49
05/04/2017,0,0,0(0.00 %),0,0,0,0,1062927,1.49
07/04/2017,0,0,0(0.00 %),0,0,0,0,1062927,1.49
10/04/2017,0,0,0(0.00 %),0,0,0,0,1062927,1.49
11/04/2017,0,0,0(0.00 %),0,0,0,0,1062927,1.49
12/04/2017,0,0,0(0.00 %),0,0,0,0,1062927,1.49
13/04/2017,0,0,0(0.00 %),0,0,0,0,1062927,1.49
14/04/2017,0,0,0(0.00 %),0,0,0,0,1062927,1.49
17/04/2017,0,0,0(0.00 %),0,0,0,0,1062927,1.49
18/04/2017,0,0,0(0.00 %),0,0,0,0,1062927,1.49
19/04/2017,0,0,0(0.00 %),0,0,0,0,1062927,1.49
20/04/2017,0,0,0(0.00 %),0,0,0,0,1062927,1.49
21/04/2017,0,0,0(0.00 %),0,0,0,0,1062927,1.49
24/04/2017,0,0,0(0.00 %),0,0,0,0,1062927,1.49
25/04/2017,0,0,0(0.00 %),0,0,0,0,1062927,1.49
26/04/2017,0,0,0(0.00 %),0,0,0,0,1062927,1.49
27/04/2017,0,0,0(0.00 %),0,0,0,0,1062927,1.49
28/04/2017,0,0,0(0.00 %),0,0,0,0,1062927,1.49
03/05/2017,-10,-160000,0(0.00 %),0,0,10,160000,1062927,1.49
04/05/2017,0,0,0(0.00 %),0,0,0,0,1062927,1.49
05/05/2017,0,0,0(0.00 %),0,0,0,0,1062927,1.49
08/05/2017,0,0,0(0.00 %),0,0,0,0,1062937,1.49
09/05/2017,0,0,0(0.00 %),0,0,0,0,1062937,1.49
10/05/2017,0,0,0(0.00 %),0,0,0,0,1062937,1.49
11/05/2017,0,0,0(0.00 %),0,0,0,0,1062937,1.49
12/05/2017,0,0,0(0.00 %),0,0,0,0,1062937,1.49
15/05/2017,0,0,0(0.00 %),0,0,0,0,1062937,1.49
16/05/2017,0,0,0(0.00 %),0,0,0,0,1062937,1.49
17/05/2017,0,0,0(0.00 %),0,0,0,0,1062937,1.49
18/05/2017,0,0,0(0.00 %),0,0,0,0,1062937,1.49
19/05/2017,0,0,0(0.00 %),0,0,0,0,1062937,1.49
22/05/2017,0,0,0(0.00 %),0,0,0,0,1062937,1.49
23/05/2017,0,0,0(0.00 %),0,0,0,0,1062937,1.49
24/05/2017,0,0,0(0.00 %),0,0,0,0,1062937,1.49
25/05/2017,0,0,0(0.00 %),0,0,0,0,1062937,1.49
26/05/2017,0,0,0(0.00 %),0,0,0,0,1062937,1.49
29/05/2017,0,0,0(0.00 %),0,0,0,0,1062937,1.49
30/05/2017,0,0,0(0.00 %),0,0,0,0,1062937,1.49
31/05/2017,0,0,0(0.00 %),0,0,0,0,1062937,1.49
01/06/2017,0,0,0(0.00 %),0,0,0,0,1062937,1.49
02/06/2017,0,0,0(0.00 %),0,0,0,0,1062937,1.49
05/06/2017,0,0,0(0.00 %),0,0,0,0,1062937,1.49
06/06/2017,0,0,0(0.00 %),0,0,0,0,1062937,1.49
07/06/2017,0,0,0(0.00 %),0,0,0,0,1062937,1.49
08/06/2017,0,0,0(0.00 %),0,0,0,0,1062937,1.49
09/06/2017,0,0,0(0.00 %),0,0,0,0,1062937,1.49
12/06/2017,0,0,0(0.00 %),0,0,0,0,1062937,1.49
13/06/2017,0,0,0(0.00 %),0,0,0,0,1062937,1.49
14/06/2017,0,0,0(0.00 %),0,0,0,0,1062937,1.49
15/06/2017,0,0,0(0.00 %),0,0,0,0,1062937,1.49
16/06/2017,0,0,0(0.00 %),0,0,0,0,1062937,1.49
19/06/2017,0,0,0(0.00 %),0,0,0,0,1062937,1.49
20/06/2017,0,0,0(0.00 %),0,0,0,0,1062937,1.49
21/06/2017,0,0,0(0.00 %),0,0,0,0,1062937,1.49
22/06/2017,0,0,0(0.00 %),0,0,0,0,1062937,1.49
23/06/2017,0,0,0(0.00 %),0,0,0,0,1062937,1.49
26/06/2017,0,0,0(0.00 %),0,0,0,0,1062937,1.49
27/06/2017,0,0,0(0.00 %),0,0,0,0,1062937,1.49
28/06/2017,0,0,0(0.00 %),0,0,0,0,1062937,1.49
29/06/2017,0,0,0(0.00 %),0,0,0,0,1062937,1.49
30/06/2017,0,0,0(0.00 %),0,0,0,0,1062937,1.49
03/07/2017,0,0,0(0.00 %),0,0,0,0,1062937,1.49
04/07/2017,0,0,0(0.00 %),0,0,0,0,1062937,1.49
05/07/2017,0,0,0(0.00 %),0,0,0,0,1062937,1.49
06/07/2017,0,0,0(0.00 %),0,0,0,0,1062937,1.49
07/07/2017,0,0,0(0.00 %),0,0,0,0,1062937,1.49
10/07/2017,0,0,0(0.00 %),0,0,0,0,1062937,1.49
11/07/2017,0,0,0(0.00 %),0,0,0,0,1062937,1.49
12/07/2017,0,0,0(0.00 %),0,0,0,0,1062937,1.49
13/07/2017,0,0,0(0.00 %),0,0,0,0,1062937,1.49
14/07/2017,0,0,0(0.00 %),0,0,0,0,1062937,1.49
17/07/2017,0,0,0(0.00 %),0,0,0,0,1062937,1.49
18/07/2017,0,0,0(0.00 %),0,0,0,0,1062937,1.49
19/07/2017,0,0,0(0.00 %),0,0,0,0,1062937,1.49
20/07/2017,0,0,0(0.00 %),0,0,0,0,1062937,1.49
21/07/2017,0,0,0(0.00 %),0,0,0,0,1062937,1.49
24/07/2017,0,0,0(0.00 %),0,0,0,0,1062937,1.49
25/07/2017,0,0,0(0.00 %),0,0,0,0,1062937,1.49
26/07/2017,0,0,0(0.00 %),0,0,0,0,1062937,1.49
27/07/2017,0,0,0(0.00 %),0,0,0,0,1062937,1.49
28/07/2017,0,0,0(0.00 %),0,0,0,0,1062937,1.49
31/07/2017,0,0,0(0.00 %),0,0,0,0,1062937,1.49
01/08/2017,-2000,-34200000,0(0.00 %),0,0,2000,34200000,1062937,1.49
02/08/2017,0,0,0(0.00 %),0,0,0,0,1062937,1.49
03/08/2017,0,0,0(0.00 %),0,0,0,0,1062937,1.49
04/08/2017,0,0,0(0.00 %),0,0,0,0,1064937,1.4
07/08/2017,0,0,0(0.00 %),0,0,0,0,1064937,1.4
08/08/2017,0,0,0(0.00 %),0,0,0,0,1064937,1.4
09/08/2017,0,0,0(0.00 %),0,0,0,0,1064937,1.4
10/08/2017,0,0,0(0.00 %),0,0,0,0,1064937,1.4
11/08/2017,0,0,0(0.00 %),0,0,0,0,1064937,1.4
14/08/2017,0,0,0(0.00 %),0,0,0,0,1064937,1.4
15/08/2017,0,0,0(0.00 %),0,0,0,0,1064937,1.4
16/08/2017,0,0,0(0.00 %),0,0,0,0,1064937,1.4
17/08/2017,0,0,0(0.00 %),0,0,0,0,1064937,1.4
18/08/2017,0,0,0(0.00 %),0,0,0,0,1064937,1.4
21/08/2017,0,0,0(0.00 %),0,0,0,0,1064937,1.4
22/08/2017,0,0,0(0.00 %),0,0,0,0,1064937,1.4
23/08/2017,0,0,0(0.00 %),0,0,0,0,1064937,1.4
24/08/2017,0,0,0(0.00 %),0,0,0,0,1064937,1.4
25/08/2017,0,0,0(0.00 %),0,0,0,0,1064937,1.4
28/08/2017,0,0,0(0.00 %),0,0,0,0,1064937,1.4
29/08/2017,0,0,0(0.00 %),0,0,0,0,1064937,1.4
30/08/2017,0,0,0(0.00 %),0,0,0,0,1064937,1.4
31/08/2017,0,0,0(0.00 %),0,0,0,0,1064937,1.4
01/09/2017,0,0,0(0.00 %),0,0,0,0,1064937,1.4
05/09/2017,0,0,0(0.00 %),0,0,0,0,1064937,1.4
06/09/2017,0,0,0(0.00 %),0,0,0,0,1064937,1.4
07/09/2017,0,0,0(0.00 %),0,0,0,0,1064937,1.4
08/09/2017,0,0,0(0.00 %),0,0,0,0,1064937,1.4
11/09/2017,0,0,0(0.00 %),0,0,0,0,1064937,1.4
12/09/2017,0,0,0(0.00 %),0,0,0,0,1064937,1.4
13/09/2017,0,0,0(0.00 %),0,0,0,0,1064937,1.4
14/09/2017,0,0,0(0.00 %),0,0,0,0,1064937,1.4
15/09/2017,0,0,0(0.00 %),0,0,0,0,1064937,1.4
18/09/2017,0,0,0(0.00 %),0,0,0,0,1064937,1.4
19/09/2017,0,0,0(0.00 %),0,0,0,0,1064937,1.4
20/09/2017,0,0,0(0.00 %),0,0,0,0,1064937,1.4
21/09/2017,0,0,0(0.00 %),0,0,0,0,1064937,1.4
22/09/2017,0,0,0(0.00 %),0,0,0,0,1064937,1.4
25/09/2017,0,0,0(0.00 %),0,0,0,0,1064937,1.4
26/09/2017,0,0,0(0.00 %),0,0,0,0,1064937,1.4
27/09/2017,0,0,0(0.00 %),0,0,0,0,1064937,1.4
28/09/2017,0,0,0(0.00 %),0,0,0,0,1064937,1.4
29/09/2017,0,0,0(0.00 %),0,0,0,0,1064937,1.4
02/10/2017,400,6360000,0(0.00 %),400,6360000,0,0,1064537,1.42
03/10/2017,0,0,0(0.00 %),0,0,0,0,1064537,1.42
04/10/2017,0,0,0(0.00 %),0,0,0,0,1064537,1.42
05/10/2017,0,0,0(0.00 %),0,0,0,0,1064537,1.42
06/10/2017,0,0,0(0.00 %),0,0,0,0,1064537,1.42
09/10/2017,0,0,0(0.00 %),0,0,0,0,1064537,1.42
10/10/2017,0,0,0(0.00 %),0,0,0,0,1064537,1.42
11/10/2017,0,0,0(0.00 %),0,0,0,0,1064537,1.42
12/10/2017,0,0,0(0.00 %),0,0,0,0,1064537,1.42
13/10/2017,0,0,0(0.00 %),0,0,0,0,1064537,1.42
16/10/2017,0,0,0(0.00 %),0,0,0,0,1064537,1.42
17/10/2017,0,0,0(0.00 %),0,0,0,0,1064537,1.42
18/10/2017,0,0,0(0.00 %),0,0,0,0,1064537,1.42
19/10/2017,0,0,0(0.00 %),0,0,0,0,1064537,1.42
20/10/2017,0,0,0(0.00 %),0,0,0,0,1064537,1.42
23/10/2017,0,0,0(0.00 %),0,0,0,0,1064537,1.42
24/10/2017,0,0,0(0.00 %),0,0,0,0,1064537,1.42
25/10/2017,0,0,0(0.00 %),0,0,0,0,1064537,1.42
26/10/2017,0,0,0(0.00 %),0,0,0,0,1064537,1.42
27/10/2017,0,0,0(0.00 %),0,0,0,0,1064537,1.42
30/10/2017,0,0,0(0.00 %),0,0,0,0,1064537,1.42
31/10/2017,0,0,0(0.00 %),0,0,0,0,1064537,1.42
01/11/2017,-200,-3240000,0(0.00 %),0,0,200,3240000,1064537,1.42
02/11/2017,-1200,-17530000,0(0.00 %),0,0,1200,17530000,1064537,1.42
03/11/2017,0,0,0(0.00 %),0,0,0,0,1064537,1.42
06/11/2017,0,0,0(0.00 %),0,0,0,0,1064737,1.41
07/11/2017,0,0,0(0.00 %),0,0,0,0,1065937,1.36
08/11/2017,0,0,0(0.00 %),0,0,0,0,1065937,1.36
09/11/2017,0,0,0(0.00 %),0,0,0,0,1065937,1.36
10/11/2017,0,0,0(0.00 %),0,0,0,0,1065937,1.36
13/11/2017,0,0,0(0.00 %),0,0,0,0,1065937,1.36
14/11/2017,0,0,0(0.00 %),0,0,0,0,1065937,1.36
15/11/2017,0,0,0(0.00 %),0,0,0,0,1065937,1.36
16/11/2017,0,0,0(0.00 %),0,0,0,0,1065937,1.36
17/11/2017,0,0,0(0.00 %),0,0,0,0,1065937,1.36
20/11/2017,0,0,0(0.00 %),0,0,0,0,1065937,1.36
21/11/2017,0,0,0(0.00 %),0,0,0,0,1065937,1.36
22/11/2017,0,0,0(0.00 %),0,0,0,0,1065937,1.36
23/11/2017,0,0,0(0.00 %),0,0,0,0,1065937,1.36
24/11/2017,0,0,0(0.00 %),0,0,0,0,1065937,1.36
27/11/2017,0,0,0(0.00 %),0,0,0,0,1065937,1.36
28/11/2017,-100,-1350000,0(0.00 %),0,0,100,1350000,1065937,1.36
29/11/2017,0,0,0(0.00 %),0,0,0,0,1065937,1.36
30/11/2017,0,0,0(0.00 %),0,0,0,0,1065937,1.36
01/12/2017,0,0,0(0.00 %),0,0,0,0,1066037,1.35
04/12/2017,0,0,0(0.00 %),0,0,0,0,1066037,1.35
05/12/2017,0,0,0(0.00 %),0,0,0,0,1066037,1.35
06/12/2017,0,0,0(0.00 %),0,0,0,0,1066037,1.35
07/12/2017,-1000,-12000000,0(0.00 %),0,0,1000,12000000,1066037,1.35
08/12/2017,0,0,0(0.00 %),0,0,0,0,1066037,1.35
11/12/2017,0,0,0(0.00 %),0,0,0,0,1066037,1.35
12/12/2017,0,0,0(0.00 %),0,0,0,0,1067037,1.31
13/12/2017,0,0,0(0.00 %),0,0,0,0,1067037,1.31
14/12/2017,0,0,0(0.00 %),0,0,0,0,1067037,1.31
15/12/2017,0,0,0(0.00 %),0,0,0,0,1067037,1.31
18/12/2017,0,0,0(0.00 %),0,0,0,0,1067037,1.31
19/12/2017,0,0,0(0.00 %),0,0,0,0,1067037,1.31
20/12/2017,0,0,0(0.00 %),0,0,0,0,1067037,1.31
21/12/2017,0,0,0(0.00 %),0,0,0,0,1067037,1.31
22/12/2017,0,0,0(0.00 %),0,0,0,0,1067037,1.31
25/12/2017,0,0,0(0.00 %),0,0,0,0,1067037,1.31
26/12/2017,0,0,0(0.00 %),0,0,0,0,1067037,1.31
27/12/2017,0,0,0(0.00 %),0,0,0,0,1067037,1.31
28/12/2017,0,0,0(0.00 %),0,0,0,0,1067037,1.31
29/12/2017,0,0,0(0.00 %),0,0,0,0,1067037,1.31
02/01/2018,0,0,0(0.00 %),0,0,0,0,1067037,1.31
03/01/2018,0,0,0(0.00 %),0,0,0,0,1067037,1.31
04/01/2018,0,0,0(0.00 %),0,0,0,0,1067037,1.31
05/01/2018,0,0,0(0.00 %),0,0,0,0,1067037,1.31
08/01/2018,0,0,0(0.00 %),0,0,0,0,1067037,1.31
09/01/2018,0,0,0(0.00 %),0,0,0,0,1067037,1.31
10/01/2018,0,0,0(0.00 %),0,0,0,0,1067037,1.31
11/01/2018,0,0,0(0.00 %),0,0,0,0,1067037,1.31
12/01/2018,0,0,0(0.00 %),0,0,0,0,1067037,1.31
15/01/2018,-200,-2800000,0(0.00 %),0,0,200,2800000,1067037,1.31
16/01/2018,0,0,0(0.00 %),0,0,0,0,1067037,1.31
17/01/2018,0,0,0(0.00 %),0,0,0,0,1067037,1.31
18/01/2018,0,0,0(0.00 %),0,0,0,0,1067237,1.3
19/01/2018,0,0,0(0.00 %),0,0,0,0,1067237,1.3
22/01/2018,0,0,0(0.00 %),0,0,0,0,1067237,1.3
23/01/2018,0,0,0(0.00 %),0,0,0,0,1067237,1.3
24/01/2018,0,0,0(0.00 %),0,0,0,0,1067237,1.3
25/01/2018,0,0,0(0.00 %),0,0,0,0,1067237,1.3
26/01/2018,0,0,0(0.00 %),0,0,0,0,1067237,1.3
29/01/2018,0,0,0(0.00 %),0,0,0,0,1067237,1.3
30/01/2018,0,0,0(0.00 %),0,0,0,0,1067237,1.3
31/01/2018,0,0,0(0.00 %),0,0,0,0,1067237,1.3
01/02/2018,0,0,0(0.00 %),0,0,0,0,1067237,1.3
02/02/2018,0,0,0(0.00 %),0,0,0,0,1067237,1.3
05/02/2018,0,0,0(0.00 %),0,0,0,0,1067237,1.3
06/02/2018,0,0,0(0.00 %),0,0,0,0,1067237,1.3
07/02/2018,0,0,0(0.00 %),0,0,0,0,1067237,1.3
08/02/2018,0,0,0(0.00 %),0,0,0,0,1067237,1.3
09/02/2018,0,0,0(0.00 %),0,0,0,0,1067237,1.3
12/02/2018,0,0,0(0.00 %),0,0,0,0,1067237,1.3
13/02/2018,0,0,0(0.00 %),0,0,0,0,1067237,1.3
21/02/2018,0,0,0(0.00 %),0,0,0,0,1067237,1.3
22/02/2018,0,0,0(0.00 %),0,0,0,0,1067237,1.3
23/02/2018,0,0,0(0.00 %),0,0,0,0,1067237,1.3
26/02/2018,0,0,0(0.00 %),0,0,0,0,1067237,1.3
27/02/2018,0,0,0(0.00 %),0,0,0,0,1067237,1.3
28/02/2018,0,0,0(0.00 %),0,0,0,0,1067237,1.3
01/03/2018,0,0,0(0.00 %),0,0,0,0,1067237,1.3
02/03/2018,0,0,0(0.00 %),0,0,0,0,1067237,1.3
05/03/2018,0,0,0(0.00 %),0,0,0,0,1067237,1.3
06/03/2018,0,0,0(0.00 %),0,0,0,0,1067237,1.3
07/03/2018,-40,-492000,0(0.00 %),0,0,40,492000,1067237,1.3
08/03/2018,0,0,0(0.00 %),0,0,0,0,1067237,1.3
09/03/2018,0,0,0(0.00 %),0,0,0,0,1067237,1.3
12/03/2018,0,0,0(0.00 %),0,0,0,0,1067277,1.3
13/03/2018,0,0,0(0.00 %),0,0,0,0,1067277,1.3
14/03/2018,0,0,0(0.00 %),0,0,0,0,1067277,1.3
15/03/2018,0,0,0(0.00 %),0,0,0,0,1067277,1.3
16/03/2018,0,0,0(0.00 %),0,0,0,0,1067277,1.3
19/03/2018,0,0,0(0.00 %),0,0,0,0,1067277,1.3
20/03/2018,0,0,0(0.00 %),0,0,0,0,1067277,1.3
21/03/2018,0,0,0(0.00 %),0,0,0,0,1067277,1.3
22/03/2018,0,0,0(0.00 %),0,0,0,0,1067277,1.3
23/03/2018,0,0,0(0.00 %),0,0,0,0,1067277,1.3
26/03/2018,0,0,0(0.00 %),0,0,0,0,1067277,1.3
27/03/2018,0,0,0(0.00 %),0,0,0,0,1067277,1.3
28/03/2018,0,0,0(0.00 %),0,0,0,0,1067277,1.3
29/03/2018,0,0,0(0.00 %),0,0,0,0,1067277,1.3
30/03/2018,0,0,0(0.00 %),0,0,0,0,1067277,1.3
02/04/2018,0,0,0(0.00 %),0,0,0,0,1067277,1.3
03/04/2018,0,0,0(0.00 %),0,0,0,0,1067277,1.3
04/04/2018,0,0,0(0.00 %),0,0,0,0,1067277,1.3
05/04/2018,0,0,0(0.00 %),0,0,0,0,1067277,1.3
06/04/2018,0,0,0(0.00 %),0,0,0,0,1067277,1.3
09/04/2018,0,0,0(0.00 %),0,0,0,0,1067277,1.3
10/04/2018,0,0,0(0.00 %),0,0,0,0,1067277,1.3
11/04/2018,0,0,0(0.00 %),0,0,0,0,1067277,1.3
12/04/2018,0,0,0(0.00 %),0,0,0,0,1067277,1.3
13/04/2018,0,0,0(0.00 %),0,0,0,0,1067277,1.3
16/04/2018,0,0,0(0.00 %),0,0,0,0,1067277,1.3
17/04/2018,0,0,0(0.00 %),0,0,0,0,1067277,1.3
18/04/2018,0,0,0(0.00 %),0,0,0,0,1067277,1.3
19/04/2018,0,0,0(0.00 %),0,0,0,0,1067277,1.3
20/04/2018,0,0,0(0.00 %),0,0,0,0,1067277,1.3
23/04/2018,0,0,0(0.00 %),0,0,0,0,1067277,1.3
24/04/2018,0,0,0(0.00 %),0,0,0,0,1067277,1.3
26/04/2018,0,0,0(0.00 %),0,0,0,0,1067277,1.3
27/04/2018,0,0,0(0.00 %),0,0,0,0,1067277,1.3
02/05/2018,0,0,0(0.00 %),0,0,0,0,1067277,1.3
03/05/2018,0,0,0(0.00 %),0,0,0,0,1067277,1.3
04/05/2018,0,0,0(0.00 %),0,0,0,0,1067277,1.3
07/05/2018,0,0,0(0.00 %),0,0,0,0,1067277,1.3
08/05/2018,0,0,0(0.00 %),0,0,0,0,1067277,1.3
09/05/2018,0,0,0(0.00 %),0,0,0,0,1067277,1.3
10/05/2018,0,0,0(0.00 %),0,0,0,0,1067277,1.3
11/05/2018,0,0,0(0.00 %),0,0,0,0,1067277,1.3
14/05/2018,0,0,0(0.00 %),0,0,0,0,1067277,1.3
15/05/2018,0,0,0(0.00 %),0,0,0,0,1067277,1.3
16/05/2018,0,0,0(0.00 %),0,0,0,0,1067277,1.3
17/05/2018,0,0,0(0.00 %),0,0,0,0,1067277,1.3
18/05/2018,0,0,0(0.00 %),0,0,0,0,1067277,1.3
21/05/2018,0,0,0(0.00 %),0,0,0,0,1067277,1.3
22/05/2018,0,0,0(0.00 %),0,0,0,0,1067277,1.3
23/05/2018,0,0,0(0.00 %),0,0,0,0,1067277,1.3
24/05/2018,0,0,0(0.00 %),0,0,0,0,1067277,1.3
25/05/2018,0,0,0(0.00 %),0,0,0,0,1067277,1.3
28/05/2018,0,0,0(0.00 %),0,0,0,0,1067277,1.3
29/05/2018,0,0,0(0.00 %),0,0,0,0,1067277,1.3
30/05/2018,0,0,0(0.00 %),0,0,0,0,1067277,1.3
31/05/2018,0,0,0(0.00 %),0,0,0,0,1067277,1.3
01/06/2018,0,0,0(0.00 %),0,0,0,0,1067277,1.3
04/06/2018,0,0,0(0.00 %),0,0,0,0,1067277,1.3
05/06/2018,0,0,0(0.00 %),0,0,0,0,1067277,1.3
06/06/2018,0,0,0(0.00 %),0,0,0,0,1067277,1.3
07/06/2018,0,0,0(0.00 %),0,0,0,0,1067277,1.3
08/06/2018,0,0,0(0.00 %),0,0,0,0,1067277,1.3
11/06/2018,0,0,0(0.00 %),0,0,0,0,1067277,1.3
12/06/2018,0,0,0(0.00 %),0,0,0,0,1067277,1.3
13/06/2018,0,0,0(0.00 %),0,0,0,0,1067277,1.3
14/06/2018,0,0,0(0.00 %),0,0,0,0,1067277,1.3
15/06/2018,0,0,0(0.00 %),0,0,0,0,1067277,1.3
18/06/2018,0,0,0(0.00 %),0,0,0,0,1067277,1.3
19/06/2018,0,0,0(0.00 %),0,0,0,0,1067277,1.3
20/06/2018,0,0,0(0.00 %),0,0,0,0,1067277,1.3
21/06/2018,0,0,0(0.00 %),0,0,0,0,1067277,1.3
22/06/2018,0,0,0(0.00 %),0,0,0,0,1067277,1.3
25/06/2018,0,0,0(0.00 %),0,0,0,0,1067277,1.3
26/06/2018,0,0,0(0.00 %),0,0,0,0,1067277,1.3
27/06/2018,0,0,0(0.00 %),0,0,0,0,1067277,1.3
28/06/2018,0,0,0(0.00 %),0,0,0,0,1067277,1.3
29/06/2018,0,0,0(0.00 %),0,0,0,0,1067277,1.3
02/07/2018,0,0,0(0.00 %),0,0,0,0,1067277,1.3
03/07/2018,0,0,0(0.00 %),0,0,0,0,1067277,1.3
04/07/2018,0,0,0(0.00 %),0,0,0,0,1067277,1.3
05/07/2018,0,0,0(0.00 %),0,0,0,0,1067277,1.3
06/07/2018,0,0,0(0.00 %),0,0,0,0,1067277,1.3
09/07/2018,0,0,0(0.00 %),0,0,0,0,1067277,1.3
10/07/2018,0,0,0(0.00 %),0,0,0,0,1067277,1.3
11/07/2018,0,0,0(0.00 %),0,0,0,0,1067277,1.3
12/07/2018,0,0,0(0.00 %),0,0,0,0,1067277,1.3
13/07/2018,0,0,0(0.00 %),0,0,0,0,1067277,1.3
16/07/2018,0,0,0(0.00 %),0,0,0,0,1067277,1.3
17/07/2018,0,0,0(0.00 %),0,0,0,0,1067277,1.3
18/07/2018,0,0,0(0.00 %),0,0,0,0,1067277,1.3
19/07/2018,0,0,0(0.00 %),0,0,0,0,1067277,1.3
20/07/2018,0,0,0(0.00 %),0,0,0,0,1067277,1.3
23/07/2018,0,0,0(0.00 %),0,0,0,0,1067277,1.3
24/07/2018,0,0,0(0.00 %),0,0,0,0,1067277,1.3
25/07/2018,0,0,0(0.00 %),0,0,0,0,1067277,1.3
26/07/2018,0,0,0(0.00 %),0,0,0,0,1067277,1.3
27/07/2018,0,0,0(0.00 %),0,0,0,0,1067277,1.3
30/07/2018,0,0,0(0.00 %),0,0,0,0,1067277,1.3
31/07/2018,0,0,0(0.00 %),0,0,0,0,1067277,1.3
01/08/2018,0,0,0(0.00 %),0,0,0,0,1067277,1.3
02/08/2018,0,0,0(0.00 %),0,0,0,0,1067277,1.3
03/08/2018,0,0,0(0.00 %),0,0,0,0,1067277,1.3
06/08/2018,0,0,0(0.00 %),0,0,0,0,1067277,1.3
07/08/2018,0,0,0(0.00 %),0,0,0,0,1067277,1.3
08/08/2018,0,0,0(0.00 %),0,0,0,0,1067277,1.3
09/08/2018,0,0,0(0.00 %),0,0,0,0,1067277,1.3
10/08/2018,0,0,0(0.00 %),0,0,0,0,1067277,1.3
13/08/2018,0,0,0(0.00 %),0,0,0,0,1067277,1.3
14/08/2018,0,0,0(0.00 %),0,0,0,0,1067277,1.3
15/08/2018,0,0,0(0.00 %),0,0,0,0,1067277,1.3
16/08/2018,0,0,0(0.00 %),0,0,0,0,1067277,1.3
17/08/2018,0,0,0(0.00 %),0,0,0,0,1067277,1.3
20/08/2018,0,0,0(0.00 %),0,0,0,0,1067277,1.3
21/08/2018,0,0,0(0.00 %),0,0,0,0,1067277,1.3
22/08/2018,0,0,0(0.00 %),0,0,0,0,1067277,1.3
23/08/2018,0,0,0(0.00 %),0,0,0,0,1067277,1.3
24/08/2018,0,0,0(0.00 %),0,0,0,0,1067277,1.3
27/08/2018,0,0,0(0.00 %),0,0,0,0,1067277,1.3
28/08/2018,0,0,0(0.00 %),0,0,0,0,1067277,1.3
29/08/2018,0,0,0(0.00 %),0,0,0,0,1067277,1.3
30/08/2018,0,0,0(0.00 %),0,0,0,0,1067277,1.3
31/08/2018,0,0,0(0.00 %),0,0,0,0,1067277,1.3
04/09/2018,0,0,0(0.00 %),0,0,0,0,1067277,1.3
05/09/2018,0,0,0(0.00 %),0,0,0,0,1067277,1.3
06/09/2018,0,0,0(0.00 %),0,0,0,0,1067277,1.3
07/09/2018,0,0,0(0.00 %),0,0,0,0,1067277,1.3
10/09/2018,0,0,0(0.00 %),0,0,0,0,1067277,1.3
11/09/2018,0,0,0(0.00 %),0,0,0,0,1067277,1.3
12/09/2018,0,0,0(0.00 %),0,0,0,0,1067277,1.3
13/09/2018,0,0,0(0.00 %),0,0,0,0,1067277,1.3
14/09/2018,0,0,0(0.00 %),0,0,0,0,1067277,1.3
17/09/2018,0,0,0(0.00 %),0,0,0,0,1067277,1.3
18/09/2018,0,0,0(0.00 %),0,0,0,0,1067277,1.3
19/09/2018,0,0,0(0.00 %),0,0,0,0,1067277,1.3
20/09/2018,0,0,0(0.00 %),0,0,0,0,1067277,1.3
21/09/2018,0,0,0(0.00 %),0,0,0,0,1067277,1.3
24/09/2018,0,0,0(0.00 %),0,0,0,0,1067277,1.3
25/09/2018,0,0,0(0.00 %),0,0,0,0,1067277,1.3
26/09/2018,0,0,0(0.00 %),0,0,0,0,1067277,1.3
27/09/2018,0,0,0(0.00 %),0,0,0,0,1067277,1.3
28/09/2018,0,0,0(0.00 %),0,0,0,0,1067277,1.3
01/10/2018,0,0,0(0.00 %),0,0,0,0,1067277,1.3
02/10/2018,0,0,0(0.00 %),0,0,0,0,1067277,1.3
03/10/2018,0,0,0(0.00 %),0,0,0,0,1067277,1.3
04/10/2018,0,0,0(0.00 %),0,0,0,0,1067277,1.3
05/10/2018,0,0,0(0.00 %),0,0,0,0,1067277,1.3
08/10/2018,0,0,0(0.00 %),0,0,0,0,1067277,1.3
09/10/2018,0,0,0(0.00 %),0,0,0,0,1067277,1.3
10/10/2018,0,0,0(0.00 %),0,0,0,0,1067277,1.3
11/10/2018,0,0,0(0.00 %),0,0,0,0,1067277,1.3
12/10/2018,0,0,0(0.00 %),0,0,0,0,1067277,1.3
15/10/2018,0,0,0(0.00 %),0,0,0,0,1067277,1.3
16/10/2018,0,0,0(0.00 %),0,0,0,0,1067277,1.3
17/10/2018,0,0,0(0.00 %),0,0,0,0,1067277,1.3
18/10/2018,0,0,0(0.00 %),0,0,0,0,1067277,1.3
19/10/2018,0,0,0(0.00 %),0,0,0,0,1067277,1.3
22/10/2018,0,0,0(0.00 %),0,0,0,0,1067277,1.3
23/10/2018,0,0,0(0.00 %),0,0,0,0,1067277,1.3
24/10/2018,0,0,0(0.00 %),0,0,0,0,1067277,1.3
25/10/2018,0,0,0(0.00 %),0,0,0,0,1067277,1.3
26/10/2018,0,0,0(0.00 %),0,0,0,0,1067277,1.3
29/10/2018,0,0,0(0.00 %),0,0,0,0,1067277,1.3
30/10/2018,0,0,0(0.00 %),0,0,0,0,1067277,1.3
31/10/2018,0,0,0(0.00 %),0,0,0,0,1067277,1.3
01/11/2018,0,0,0(0.00 %),0,0,0,0,1067277,1.3
02/11/2018,0,0,0(0.00 %),0,0,0,0,1067277,1.3
05/11/2018,0,0,0(0.00 %),0,0,0,0,1067277,1.3
06/11/2018,0,0,0(0.00 %),0,0,0,0,1067277,1.3
07/11/2018,0,0,0(0.00 %),0,0,0,0,1067277,1.3
08/11/2018,0,0,0(0.00 %),0,0,0,0,1067277,1.3
09/11/2018,0,0,0(0.00 %),0,0,0,0,1067277,1.3
12/11/2018,0,0,0(0.00 %),0,0,0,0,1067277,1.3
13/11/2018,0,0,0(0.00 %),0,0,0,0,1067277,1.3
14/11/2018,0,0,0(0.00 %),0,0,0,0,1067277,1.3
15/11/2018,0,0,0(0.00 %),0,0,0,0,1067277,1.3
16/11/2018,0,0,0(0.00 %),0,0,0,0,1067277,1.3
19/11/2018,0,0,0(0.00 %),0,0,0,0,1067277,1.3
20/11/2018,0,0,0(0.00 %),0,0,0,0,1067277,1.3
21/11/2018,-400,-5040000,0(0.00 %),0,0,400,5040000,1067277,1.3
22/11/2018,0,0,0(0.00 %),0,0,0,0,1067277,1.3
23/11/2018,0,0,0(0.00 %),0,0,0,0,1067277,1.3
26/11/2018,0,0,0(0.00 %),0,0,0,0,1067677,1.28
27/11/2018,0,0,0(0.00 %),0,0,0,0,1067677,1.28
28/11/2018,0,0,0(0.00 %),0,0,0,0,1067677,1.28
29/11/2018,0,0,0(0.00 %),0,0,0,0,1067677,1.28
03/12/2018,0,0,0(0.00 %),0,0,0,0,1067677,1.28
04/12/2018,0,0,0(0.00 %),0,0,0,0,1067677,1.28
05/12/2018,0,0,0(0.00 %),0,0,0,0,1067677,1.28
06/12/2018,0,0,0(0.00 %),0,0,0,0,1067677,1.28
07/12/2018,0,0,0(0.00 %),0,0,0,0,1067677,1.28
10/12/2018,0,0,0(0.00 %),0,0,0,0,1067677,1.28
11/12/2018,0,0,0(0.00 %),0,0,0,0,1067677,1.28
12/12/2018,0,0,0(0.00 %),0,0,0,0,1067677,1.28
13/12/2018,0,0,0(0.00 %),0,0,0,0,1067677,1.28
14/12/2018,0,0,0(0.00 %),0,0,0,0,1067677,1.28
17/12/2018,0,0,0(0.00 %),0,0,0,0,1067677,1.28
18/12/2018,0,0,0(0.00 %),0,0,0,0,1067677,1.28
19/12/2018,0,0,0(0.00 %),0,0,0,0,1067677,1.28
20/12/2018,0,0,0(0.00 %),0,0,0,0,1067677,1.28
21/12/2018,0,0,0(0.00 %),0,0,0,0,1067677,1.28
24/12/2018,0,0,0(0.00 %),0,0,0,0,1067677,1.28
25/12/2018,0,0,0(0.00 %),0,0,0,0,1067677,1.28
26/12/2018,0,0,0(0.00 %),0,0,0,0,1067677,1.28
27/12/2018,0,0,0(0.00 %),0,0,0,0,1067677,1.28
28/12/2018,0,0,0(0.00 %),0,0,0,0,1067677,1.28
02/01/2019,0,0,0(0.00 %),0,0,0,0,1067677,1.28
03/01/2019,0,0,0(0.00 %),0,0,0,0,1067677,1.28
04/01/2019,0,0,0(0.00 %),0,0,0,0,1067677,1.28
07/01/2019,0,0,0(0.00 %),0,0,0,0,1067677,1.28
08/01/2019,0,0,0(0.00 %),0,0,0,0,1067677,1.28
09/01/2019,0,0,0(0.00 %),0,0,0,0,1067677,1.28
10/01/2019,0,0,0(0.00 %),0,0,0,0,1067677,1.28
11/01/2019,0,0,0(0.00 %),0,0,0,0,1067677,1.28
14/01/2019,0,0,0(0.00 %),0,0,0,0,1067677,1.28
15/01/2019,0,0,0(0.00 %),0,0,0,0,1067677,1.28
16/01/2019,0,0,0(0.00 %),0,0,0,0,1067677,1.28
17/01/2019,0,0,0(0.00 %),0,0,0,0,1067677,1.28
18/01/2019,0,0,0(0.00 %),0,0,0,0,1067677,1.28
21/01/2019,0,0,0(0.00 %),0,0,0,0,1067677,0.0
22/01/2019,0,0,0(0.00 %),0,0,0,0,1067677,1.28
23/01/2019,0,0,0(0.00 %),0,0,0,0,1067677,1.28
24/01/2019,0,0,0(0.00 %),0,0,0,0,1067677,0.0
25/01/2019,0,0,0(0.00 %),0,0,0,0,1067677,1.28
28/01/2019,0,0,0(0.00 %),0,0,0,0,1067677,0.0
29/01/2019,0,0,0(0.00 %),0,0,0,0,1067677,1.28
30/01/2019,0,0,0(0.00 %),0,0,0,0,1067677,0.0
31/01/2019,0,0,0(0.00 %),0,0,0,0,1067677,1.28
01/02/2019,0,0,0(0.00 %),0,0,0,0,1067677,1.28
11/02/2019,0,0,0(0.00 %),0,0,0,0,1067677,1.28
12/02/2019,0,0,0(0.00 %),0,0,0,0,1067677,1.28
13/02/2019,0,0,0(0.00 %),0,0,0,0,1067677,1.28
14/02/2019,0,0,0(0.00 %),0,0,0,0,1067677,1.28
15/02/2019,0,0,0(0.00 %),0,0,0,0,1067677,1.28
18/02/2019,0,0,0(0.00 %),0,0,0,0,1067677,1.28
19/02/2019,0,0,0(0.00 %),0,0,0,0,1067677,1.28
20/02/2019,0,0,0(0.00 %),0,0,0,0,1067677,1.28
21/02/2019,0,0,0(0.00 %),0,0,0,0,1067677,1.28
22/02/2019,0,0,0(0.00 %),0,0,0,0,1067677,0.0
25/02/2019,0,0,0(0.00 %),0,0,0,0,1067677,1.28
26/02/2019,0,0,0(0.00 %),0,0,0,0,1067677,1.28
27/02/2019,0,0,0(0.00 %),0,0,0,0,1067677,1.28
28/02/2019,0,0,0(0.00 %),0,0,0,0,1067677,1.28
01/03/2019,0,0,0(0.00 %),0,0,0,0,1067677,1.28
04/03/2019,0,0,0(0.00 %),0,0,0,0,1067677,1.28
05/03/2019,0,0,0(0.00 %),0,0,0,0,1067677,0.0
06/03/2019,0,0,0(0.00 %),0,0,0,0,1067677,1.28
07/03/2019,0,0,0(0.00 %),0,0,0,0,1067677,0.0
08/03/2019,0,0,0(0.00 %),0,0,0,0,1067677,0.0
11/03/2019,0,0,0(0.00 %),0,0,0,0,1067677,0.0
12/03/2019,0,0,0(0.00 %),0,0,0,0,1067677,1.28
13/03/2019,0,0,0(0.00 %),0,0,0,0,1067677,1.28
14/03/2019,0,0,0(0.00 %),0,0,0,0,1067677,1.28
15/03/2019,0,0,0(0.00 %),0,0,0,0,1067677,0.0
18/03/2019,0,0,0(0.00 %),0,0,0,0,1067677,1.28
19/03/2019,0,0,0(0.00 %),0,0,0,0,1067677,1.28
20/03/2019,0,0,0(0.00 %),0,0,0,0,1067677,0.0
21/03/2019,0,0,0(0.00 %),0,0,0,0,1067677,1.28
22/03/2019,0,0,0(0.00 %),0,0,0,0,1067677,1.28
25/03/2019,0,0,0(0.00 %),0,0,0,0,1067677,0.0
26/03/2019,0,0,0(0.00 %),0,0,0,0,1067677,1.28
27/03/2019,0,0,0(0.00 %),0,0,0,0,1067677,1.28
28/03/2019,0,0,0(0.00 %),0,0,0,0,1067677,1.28
29/03/2019,0,0,0(0.00 %),0,0,0,0,1067677,1.28
01/04/2019,0,0,0(0.00 %),0,0,0,0,1067677,1.28
02/04/2019,0,0,0(0.00 %),0,0,0,0,1067677,1.28
03/04/2019,0,0,0(0.00 %),0,0,0,0,1067677,1.28
04/04/2019,0,0,0(0.00 %),0,0,0,0,1067677,1.28
05/04/2019,0,0,0(0.00 %),0,0,0,0,1067677,1.28
08/04/2019,0,0,0(0.00 %),0,0,0,0,1067677,1.28
09/04/2019,0,0,0(0.00 %),0,0,0,0,1067677,1.28
10/04/2019,0,0,0(0.00 %),0,0,0,0,1067677,1.28
11/04/2019,0,0,0(0.00 %),0,0,0,0,1067677,1.28
12/04/2019,0,0,0(0.00 %),0,0,0,0,1067677,1.28
16/04/2019,0,0,0(0.00 %),0,0,0,0,1067677,0.0
17/04/2019,0,0,0(0.00 %),0,0,0,0,1067677,1.28
18/04/2019,0,0,0(0.00 %),0,0,0,0,1067677,1.28
19/04/2019,0,0,0(0.00 %),0,0,0,0,1067677,1.28
22/04/2019,0,0,0(0.00 %),0,0,0,0,1067677,1.28
23/04/2019,0,0,0(0.00 %),0,0,0,0,1067677,1.28
24/04/2019,0,0,0(0.00 %),0,0,0,0,1067677,1.28
25/04/2019,0,0,0(0.00 %),0,0,0,0,1067677,1.28
26/04/2019,0,0,0(0.00 %),0,0,0,0,1067677,1.28
02/05/2019,0,0,0(0.00 %),0,0,0,0,1067677,0.0
03/05/2019,0,0,0(0.00 %),0,0,0,0,1067677,1.28
06/05/2019,0,0,0(0.00 %),0,0,0,0,1067677,1.28
07/05/2019,0,0,0(0.00 %),0,0,0,0,1067677,1.28
08/05/2019,0,0,0(0.00 %),0,0,0,0,1067677,1.28
09/05/2019,0,0,0(0.00 %),0,0,0,0,1067677,1.28
10/05/2019,0,0,0(0.00 %),0,0,0,0,1067677,1.28
13/05/2019,0,0,0(0.00 %),0,0,0,0,1067677,1.28
14/05/2019,0,0,0(0.00 %),0,0,0,0,1067677,1.28
15/05/2019,0,0,0(0.00 %),0,0,0,0,1067677,1.28
16/05/2019,0,0,0(0.00 %),0,0,0,0,1067677,1.28
17/05/2019,0,0,0(0.00 %),0,0,0,0,1067677,1.28
20/05/2019,0,0,0(0.00 %),0,0,0,0,1067677,1.28
27/05/2019,0,0,0(0.00 %),0,0,0,0,1067677,1.28
28/05/2019,0,0,0(0.00 %),0,0,0,0,1067677,1.28
29/05/2019,0,0,0(0.00 %),0,0,0,0,1067677,1.28
30/05/2019,0,0,0(0.00 %),0,0,0,0,1067677,1.28
31/05/2019,0,0,0(0.00 %),0,0,0,0,1067677,1.28
03/06/2019,0,0,0(0.00 %),0,0,0,0,1067677,1.28
04/06/2019,0,0,0(0.00 %),0,0,0,0,1067677,1.28
05/06/2019,0,0,0(0.00 %),0,0,0,0,1067677,1.28
06/06/2019,0,0,0(0.00 %),0,0,0,0,1067677,1.28
07/06/2019,0,0,0(0.00 %),0,0,0,0,1067677,1.28
10/06/2019,0,0,0(0.00 %),0,0,0,0,1067677,1.28
11/06/2019,0,0,0(0.00 %),0,0,0,0,1067677,1.28
12/06/2019,0,0,0(0.00 %),0,0,0,0,1067677,1.28
13/06/2019,0,0,0(0.00 %),0,0,0,0,1067677,1.28
14/06/2019,0,0,0(0.00 %),0,0,0,0,1067677,1.28
17/06/2019,0,0,0(0.00 %),0,0,0,0,1067677,1.28
18/06/2019,0,0,0(0.00 %),0,0,0,0,1067677,1.28
19/06/2019,0,0,0(0.00 %),0,0,0,0,1067677,1.28
20/06/2019,0,0,0(0.00 %),0,0,0,0,1067677,1.28
21/06/2019,0,0,0(0.00 %),0,0,0,0,1067677,1.28
24/06/2019,0,0,0(0.00 %),0,0,0,0,1067677,1.28
25/06/2019,0,0,0(0.00 %),0,0,0,0,1067677,1.28
26/06/2019,0,0,0(0.00 %),0,0,0,0,1067677,1.28
27/06/2019,0,0,0(0.00 %),0,0,0,0,1067677,1.28
28/06/2019,0,0,0(0.00 %),0,0,0,0,1067677,0.0
01/07/2019,0,0,0(0.00 %),0,0,0,0,1067677,1.28
02/07/2019,0,0,0(0.00 %),0,0,0,0,1067677,1.28
03/07/2019,0,0,0(0.00 %),0,0,0,0,1067677,1.28
04/07/2019,0,0,0(0.00 %),0,0,0,0,1067677,0.0
05/07/2019,0,0,0(0.00 %),0,0,0,0,1067677,1.28
08/07/2019,100,4500000,0(0.00 %),100,4500000,0,0,1067577,1.28
09/07/2019,100,4050000,0(0.00 %),100,4050000,0,0,1067477,1.29
10/07/2019,0,0,0(0.00 %),0,0,0,0,1067477,1.29
11/07/2019,100,3650000,0(0.00 %),100,3650000,0,0,1067377,1.29
12/07/2019,100,3290000,0(0.00 %),100,3290000,0,0,1067277,1.3
15/07/2019,0,0,0(0.00 %),0,0,0,0,1067277,1.3
16/07/2019,0,0,0(0.00 %),0,0,0,0,1067277,1.3
17/07/2019,0,0,0(0.00 %),0,0,0,0,1067277,1.3
18/07/2019,0,0,0(0.00 %),0,0,0,0,1067277,1.3
19/07/2019,100,2970000,0(0.00 %),100,2970000,0,0,1067177,1.3
22/07/2019,0,0,0(0.00 %),0,0,0,0,1067177,1.3
23/07/2019,0,0,0(0.00 %),0,0,0,0,1067177,1.3
24/07/2019,0,0,0(0.00 %),0,0,0,0,1067177,1.3
25/07/2019,0,0,0(0.00 %),0,0,0,0,1067177,1.3
26/07/2019,0,0,0(0.00 %),0,0,0,0,1067177,1.3
29/07/2019,0,0,0(0.00 %),0,0,0,0,1067177,1.3
30/07/2019,0,0,0(0.00 %),0,0,0,0,1067177,1.3
31/07/2019,0,0,0(0.00 %),0,0,0,0,1067177,1.3
01/08/2019,0,0,0(0.00 %),0,0,0,0,1067177,1.3
02/08/2019,0,0,0(0.00 %),0,0,0,0,1067177,1.3
05/08/2019,0,0,0(0.00 %),0,0,0,0,1067177,1.3
06/08/2019,0,0,0(0.00 %),0,0,0,0,1067177,1.3
07/08/2019,0,0,0(0.00 %),0,0,0,0,1067177,1.3
08/08/2019,0,0,0(0.00 %),0,0,0,0,1067177,1.3
09/08/2019,0,0,0(0.00 %),0,0,0,0,1067177,1.3
12/08/2019,0,0,0(0.00 %),0,0,0,0,1067177,1.3
13/08/2019,0,0,0(0.00 %),0,0,0,0,1067177,0.0
14/08/2019,0,0,0(0.00 %),0,0,0,0,1067177,0.0
15/08/2019,0,0,0(0.00 %),0,0,0,0,1067177,0.0
16/08/2019,0,0,0(0.00 %),0,0,0,0,1067177,1.3
19/08/2019,0,0,0(0.00 %),0,0,0,0,1067177,1.3
20/08/2019,0,0,0(0.00 %),0,0,0,0,1067177,1.3
21/08/2019,0,0,0(0.00 %),0,0,0,0,1067177,1.3
22/08/2019,0,0,0(0.00 %),0,0,0,0,1067177,1.3
23/08/2019,0,0,0(0.00 %),0,0,0,0,1067177,1.3
26/08/2019,0,0,0(0.00 %),0,0,0,0,1067177,1.3
27/08/2019,0,0,0(0.00 %),0,0,0,0,1067177,1.3
28/08/2019,0,0,0(0.00 %),0,0,0,0,1067177,0.0
29/08/2019,0,0,0(0.00 %),0,0,0,0,1067177,1.3
30/08/2019,0,0,0(0.00 %),0,0,0,0,1067177,1.3
03/09/2019,0,0,0(0.00 %),0,0,0,0,1067177,1.3
04/09/2019,0,0,0(0.00 %),0,0,0,0,1067177,1.3
05/09/2019,0,0,0(0.00 %),0,0,0,0,1067177,1.3
06/09/2019,0,0,0(0.00 %),0,0,0,0,1067177,1.3
09/09/2019,0,0,0(0.00 %),0,0,0,0,1067177,1.3
10/09/2019,0,0,0(0.00 %),0,0,0,0,1067177,1.3
11/09/2019,0,0,0(0.00 %),0,0,0,0,1067177,1.3
12/09/2019,0,0,0(0.00 %),0,0,0,0,1067177,1.3
13/09/2019,100,1450000,0(0.00 %),100,1450000,0,0,1067077,0.0
16/09/2019,100,1310000,0(0.00 %),100,1310000,0,0,1066977,1.31
17/09/2019,0,0,0(0.00 %),0,0,0,0,1066977,1.31
18/09/2019,0,0,0(0.00 %),0,0,0,0,1066977,1.31
19/09/2019,0,0,0(0.00 %),0,0,0,0,1066977,1.31
20/09/2019,0,0,0(0.00 %),0,0,0,0,1066977,1.31
23/09/2019,0,0,0(0.00 %),0,0,0,0,1066977,1.31
24/09/2019,0,0,0(0.00 %),0,0,0,0,1066977,1.31
25/09/2019,-200,-2700000,0(0.00 %),0,0,200,2700000,1067177,1.3
26/09/2019,0,0,0(0.00 %),0,0,0,0,1067177,1.3
27/09/2019,0,0,0(0.00 %),0,0,0,0,1067177,1.3
30/09/2019,0,0,0(0.00 %),0,0,0,0,1067177,1.3
01/10/2019,0,0,0(0.00 %),0,0,0,0,1067177,1.3
02/10/2019,0,0,0(0.00 %),0,0,0,0,1067177,1.3
03/10/2019,0,0,0(0.00 %),0,0,0,0,1067177,1.3
04/10/2019,0,0,0(0.00 %),0,0,0,0,1067177,1.3
07/10/2019,-300,-3720000,0(0.00 %),0,0,300,3720000,1067477,1.29
08/10/2019,-100,-1320000,0(0.00 %),0,0,100,1320000,1067577,1.28
09/10/2019,0,0,0(0.00 %),0,0,0,0,1067577,1.28
10/10/2019,0,0,0(0.00 %),0,0,0,0,1067577,1.28
11/10/2019,0,0,0(0.00 %),0,0,0,0,1067577,1.28
14/10/2019,0,0,0(0.00 %),0,0,0,0,1067577,1.28
15/10/2019,0,0,0(0.00 %),0,0,0,0,1067577,1.28
16/10/2019,0,0,0(0.00 %),0,0,0,0,1067577,1.28
17/10/2019,0,0,0(0.00 %),0,0,0,0,1067577,1.28
18/10/2019,0,0,0(0.00 %),0,0,0,0,1067577,1.28
21/10/2019,0,0,0(0.00 %),0,0,0,0,1067577,1.28
22/10/2019,-110,-1568000,0(0.00 %),0,0,110,1568000,1067687,1.28
23/10/2019,0,0,0(0.00 %),0,0,0,0,1067687,1.28
24/10/2019,0,0,0(0.00 %),0,0,0,0,1067687,1.28
25/10/2019,0,0,0(0.00 %),0,0,0,0,1067687,1.28
28/10/2019,0,0,0(0.00 %),0,0,0,0,1067687,1.28
29/10/2019,0,0,0(0.00 %),0,0,0,0,1067687,1.28
30/10/2019,0,0,0(0.00 %),0,0,0,0,1067687,1.28
31/10/2019,0,0,0(0.00 %),0,0,0,0,1067687,1.28
01/11/2019,0,0,0(0.00 %),0,0,0,0,1067687,1.28
04/11/2019,0,0,0(0.00 %),0,0,0,0,1067687,1.28
05/11/2019,0,0,0(0.00 %),0,0,0,0,1067687,1.28
06/11/2019,0,0,0(0.00 %),0,0,0,0,1067687,1.28
07/11/2019,0,0,0(0.00 %),0,0,0,0,1067687,1.28
08/11/2019,0,0,0(0.00 %),0,0,0,0,1067687,1.28
11/11/2019,0,0,0(0.00 %),0,0,0,0,1067687,1.28
12/11/2019,0,0,0(0.00 %),0,0,0,0,1067687,1.28
13/11/2019,0,0,0(0.00 %),0,0,0,0,1067687,1.28
14/11/2019,0,0,0(0.00 %),0,0,0,0,1067687,1.28
15/11/2019,0,0,0(0.00 %),0,0,0,0,1067687,1.28
18/11/2019,0,0,0(0.00 %),0,0,0,0,1067687,1.28
19/11/2019,0,0,0(0.00 %),0,0,0,0,1067687,1.28
20/11/2019,0,0,0(0.00 %),0,0,0,0,1067687,1.28
21/11/2019,0,0,0(0.00 %),0,0,0,0,1067687,1.28
22/11/2019,0,0,0(0.00 %),0,0,0,0,1067687,1.28
25/11/2019,0,0,0(0.00 %),0,0,0,0,1067687,1.28
26/11/2019,0,0,0(0.00 %),0,0,0,0,1067687,1.28
27/11/2019,0,0,0(0.00 %),0,0,0,0,1067687,1.28
28/11/2019,0,0,0(0.00 %),0,0,0,0,1067687,1.28
29/11/2019,0,0,0(0.00 %),0,0,0,0,1067687,1.28
02/12/2019,0,0,0(0.00 %),0,0,0,0,1067687,1.28
03/12/2019,0,0,0(0.00 %),0,0,0,0,1067687,1.28
04/12/2019,0,0,0(0.00 %),0,0,0,0,1067687,0.0
05/12/2019,0,0,0(0.00 %),0,0,0,0,1067687,1.28
06/12/2019,0,0,0(0.00 %),0,0,0,0,1067687,1.28
09/12/2019,0,0,0(0.00 %),0,0,0,0,1067687,1.28
10/12/2019,0,0,0(0.00 %),0,0,0,0,1067687,1.28
11/12/2019,0,0,0(0.00 %),0,0,0,0,1067687,1.28
12/12/2019,0,0,0(0.00 %),0,0,0,0,1067687,1.28
13/12/2019,0,0,0(0.00 %),0,0,0,0,1067687,1.28
16/12/2019,0,0,0(0.00 %),0,0,0,0,1067687,1.28
17/12/2019,0,0,0(0.00 %),0,0,0,0,1067687,1.28
18/12/2019,0,0,0(0.00 %),0,0,0,0,1067687,1.28
19/12/2019,0,0,0(0.00 %),0,0,0,0,1067687,1.28
20/12/2019,0,0,0(0.00 %),0,0,0,0,1067687,1.28
23/12/2019,0,0,0(0.00 %),0,0,0,0,1067687,0.0
24/12/2019,0,0,0(0.00 %),0,0,0,0,1067687,1.28
25/12/2019,0,0,0(0.00 %),0,0,0,0,1067687,1.28
26/12/2019,0,0,0(0.00 %),0,0,0,0,1067687,1.28
27/12/2019,0,0,0(0.00 %),0,0,0,0,1067687,1.28
30/12/2019,0,0,0(0.00 %),0,0,0,0,1067687,1.28
31/12/2019,0,0,0(0.00 %),0,0,0,0,1067687,1.28
02/01/2020,0,0,0(0.00 %),0,0,0,0,1067687,1.28
03/01/2020,0,0,0(0.00 %),0,0,0,0,1067687,1.28
06/01/2020,0,0,0(0.00 %),0,0,0,0,1067687,1.28
07/01/2020,0,0,0(0.00 %),0,0,0,0,1067687,1.28
08/01/2020,0,0,0(0.00 %),0,0,0,0,1067687,1.28
09/01/2020,0,0,0(0.00 %),0,0,0,0,1067687,1.28
10/01/2020,0,0,0(0.00 %),0,0,0,0,1067687,1.28
13/01/2020,0,0,0(0.00 %),0,0,0,0,1067687,1.28
14/01/2020,0,0,0(0.00 %),0,0,0,0,1067687,1.28
15/01/2020,0,0,0(0.00 %),0,0,0,0,1067687,1.28
16/01/2020,0,0,0(0.00 %),0,0,0,0,1067687,1.28
17/01/2020,0,0,0(0.00 %),0,0,0,0,1067687,1.28
20/01/2020,0,0,0(0.00 %),0,0,0,0,1067687,1.28
21/01/2020,0,0,0(0.00 %),0,0,0,0,1067687,1.28
22/01/2020,0,0,0(0.00 %),0,0,0,0,1067687,1.28
30/01/2020,0,0,0(0.00 %),0,0,0,0,1067687,1.28
31/01/2020,0,0,0(0.00 %),0,0,0,0,1067687,1.28
03/02/2020,0,0,0(0.00 %),0,0,0,0,1067687,1.28
04/02/2020,0,0,0(0.00 %),0,0,0,0,1067687,1.28
05/02/2020,0,0,0(0.00 %),0,0,0,0,1067687,1.28
06/02/2020,0,0,0(0.00 %),0,0,0,0,1067687,1.28
07/02/2020,0,0,0(0.00 %),0,0,0,0,1067687,1.28
10/02/2020,0,0,0(0.00 %),0,0,0,0,1067687,1.28
11/02/2020,0,0,0(0.00 %),0,0,0,0,1067687,1.28
12/02/2020,0,0,0(0.00 %),0,0,0,0,1067687,1.28
13/02/2020,0,0,0(0.00 %),0,0,0,0,1067687,1.28
14/02/2020,0,0,0(0.00 %),0,0,0,0,1067687,1.28
17/02/2020,0,0,0(0.00 %),0,0,0,0,1067687,1.28
18/02/2020,0,0,0(0.00 %),0,0,0,0,1067687,1.28
19/02/2020,0,0,0(0.00 %),0,0,0,0,1067687,1.28
20/02/2020,0,0,0(0.00 %),0,0,0,0,1067687,1.28
21/02/2020,0,0,0(0.00 %),0,0,0,0,1067687,0.0
24/02/2020,0,0,0(0.00 %),0,0,0,0,1067687,0.0
25/02/2020,0,0,0(0.00 %),0,0,0,0,1067687,1.28
26/02/2020,0,0,0(0.00 %),0,0,0,0,1067687,1.28
27/02/2020,0,0,0(0.00 %),0,0,0,0,1067687,1.28
28/02/2020,0,0,0(0.00 %),0,0,0,0,1067687,1.28
02/03/2020,0,0,0(0.00 %),0,0,0,0,1067687,0.0
03/03/2020,0,0,0(0.00 %),0,0,0,0,1067687,1.28
04/03/2020,0,0,0(0.00 %),0,0,0,0,1067687,1.28
05/03/2020,0,0,0(0.00 %),0,0,0,0,1067687,1.28
06/03/2020,0,0,0(0.00 %),0,0,0,0,1067687,1.28
09/03/2020,0,0,0(0.00 %),0,0,0,0,1067687,1.28
10/03/2020,0,0,0(0.00 %),0,0,0,0,1067687,1.28
11/03/2020,0,0,0(0.00 %),0,0,0,0,1067687,1.28
12/03/2020,0,0,0(0.00 %),0,0,0,0,1067687,1.28
13/03/2020,0,0,0(0.00 %),0,0,0,0,1067687,1.28
16/03/2020,0,0,0(0.00 %),0,0,0,0,1067687,1.28
17/03/2020,0,0,0(0.00 %),0,0,0,0,1067687,1.28
18/03/2020,0,0,0(0.00 %),0,0,0,0,1067687,1.28
19/03/2020,0,0,0(0.00 %),0,0,0,0,1067687,1.28
20/03/2020,0,0,0(0.00 %),0,0,0,0,1067687,1.28
23/03/2020,0,0,0(0.00 %),0,0,0,0,1067687,1.28
24/03/2020,0,0,0(0.00 %),0,0,0,0,1067687,1.28
25/03/2020,0,0,0(0.00 %),0,0,0,0,1067687,1.28
26/03/2020,0,0,0(0.00 %),0,0,0,0,1067687,1.28
27/03/2020,0,0,0(0.00 %),0,0,0,0,1067687,1.28
30/03/2020,0,0,0(0.00 %),0,0,0,0,1067687,1.28
31/03/2020,0,0,0(0.00 %),0,0,0,0,1067687,0.0
01/04/2020,0,0,0(0.00 %),0,0,0,0,1067687,1.28
03/04/2020,0,0,0(0.00 %),0,0,0,0,1067687,1.28
06/04/2020,0,0,0(0.00 %),0,0,0,0,1067687,1.28
07/04/2020,0,0,0(0.00 %),0,0,0,0,1067687,1.28
08/04/2020,0,0,0(0.00 %),0,0,0,0,1067687,1.28
09/04/2020,0,0,0(0.00 %),0,0,0,0,1067687,1.28
10/04/2020,0,0,0(0.00 %),0,0,0,0,1067687,0.0
13/04/2020,0,0,0(0.00 %),0,0,0,0,1067687,1.28
14/04/2020,0,0,0(0.00 %),0,0,0,0,1067687,1.28
15/04/2020,0,0,0(0.00 %),0,0,0,0,1067687,1.28
16/04/2020,0,0,0(0.00 %),0,0,0,0,1067687,1.28
17/04/2020,0,0,0(0.00 %),0,0,0,0,1067687,1.28
20/04/2020,0,0,0(0.00 %),0,0,0,0,1067687,1.28
21/04/2020,0,0,0(0.00 %),0,0,0,0,1067687,1.28
22/04/2020,0,0,0(0.00 %),0,0,0,0,1067687,1.28
23/04/2020,0,0,0(0.00 %),0,0,0,0,1067687,1.28
24/04/2020,0,0,0(0.00 %),0,0,0,0,1067687,1.28
27/04/2020,0,0,0(0.00 %),0,0,0,0,1067687,1.28
28/04/2020,0,0,0(0.00 %),0,0,0,0,1067687,1.28
29/04/2020,0,0,0(0.00 %),0,0,0,0,1067687,1.28
04/05/2020,0,0,0(0.00 %),0,0,0,0,1067687,1.28
05/05/2020,0,0,0(0.00 %),0,0,0,0,1067687,1.28
06/05/2020,0,0,0(0.00 %),0,0,0,0,1067687,1.28
07/05/2020,0,0,0(0.00 %),0,0,0,0,1067687,1.28
08/05/2020,0,0,0(0.00 %),0,0,0,0,1067687,1.28
11/05/2020,0,0,0(0.00 %),0,0,0,0,1067687,0.0
12/05/2020,0,0,0(0.00 %),0,0,0,0,1067687,1.28
13/05/2020,0,0,0(0.00 %),0,0,0,0,1067687,1.28
14/05/2020,0,0,0(0.00 %),0,0,0,0,1067687,1.28
15/05/2020,0,0,0(0.00 %),0,0,0,0,1067687,0.0
18/05/2020,0,0,0(0.00 %),0,0,0,0,1067687,1.28
19/05/2020,0,0,0(0.00 %),0,0,0,0,1067687,1.28
20/05/2020,0,0,0(0.00 %),0,0,0,0,1067687,1.28
21/05/2020,0,0,0(0.00 %),0,0,0,0,1067687,1.28
22/05/2020,0,0,0(0.00 %),0,0,0,0,1067687,1.28
25/05/2020,0,0,0(0.00 %),0,0,0,0,1067687,1.28
26/05/2020,0,0,0(0.00 %),0,0,0,0,1067687,1.28
27/05/2020,0,0,0(0.00 %),0,0,0,0,1067687,1.28
28/05/2020,0,0,0(0.00 %),0,0,0,0,1067687,1.28
29/05/2020,0,0,0(0.00 %),0,0,0,0,1067687,0.0
01/06/2020,0,0,0(0.00 %),0,0,0,0,1067687,1.28
02/06/2020,0,0,0(0.00 %),0,0,0,0,1067687,1.28
03/06/2020,0,0,0(0.00 %),0,0,0,0,1067687,1.28
04/06/2020,0,0,0(0.00 %),0,0,0,0,1067687,1.28
05/06/2020,0,0,0(0.00 %),0,0,0,0,1067687,1.28
08/06/2020,0,0,0(0.00 %),0,0,0,0,1067687,0.0
09/06/2020,0,0,0(0.00 %),0,0,0,0,1067687,0.0
10/06/2020,0,0,0(0.00 %),0,0,0,0,1067687,1.28
11/06/2020,0,0,0(0.00 %),0,0,0,0,1067687,1.28
12/06/2020,0,0,0(0.00 %),0,0,0,0,1067687,1.28
15/06/2020,0,0,0(0.00 %),0,0,0,0,1067687,1.28
16/06/2020,0,0,0(0.00 %),0,0,0,0,1067687,1.28
18/06/2020,0,0,0(0.00 %),0,0,0,0,1067687,1.28
19/06/2020,0,0,0(0.00 %),0,0,0,0,1067687,1.28
22/06/2020,0,0,0(0.00 %),0,0,0,0,1067687,1.28
23/06/2020,0,0,0(0.00 %),0,0,0,0,1067687,1.28
24/06/2020,0,0,0(0.00 %),0,0,0,0,1067687,1.28
25/06/2020,0,0,0(0.00 %),0,0,0,0,1067687,1.28
26/06/2020,0,0,0(0.00 %),0,0,0,0,1067687,1.28
29/06/2020,0,0,0(0.00 %),0,0,0,0,1067687,0.0
30/06/2020,0,0,0(0.00 %),0,0,0,0,1067687,1.28
01/07/2020,0,0,0(0.00 %),0,0,0,0,1067687,1.28
02/07/2020,0,0,0(0.00 %),0,0,0,0,1067687,1.28
03/07/2020,0,0,0(0.00 %),0,0,0,0,1067687,1.28
06/07/2020,0,0,0(0.00 %),0,0,0,0,1067687,1.28
07/07/2020,0,0,0(0.00 %),0,0,0,0,1067687,1.28
08/07/2020,0,0,0(0.00 %),0,0,0,0,1067687,1.28
09/07/2020,0,0,0(0.00 %),0,0,0,0,1067687,0.0
10/07/2020,0,0,0(0.00 %),0,0,0,0,1067687,1.28
13/07/2020,0,0,0(0.00 %),0,0,0,0,1067687,1.28
14/07/2020,0,0,0(0.00 %),0,0,0,0,1067687,1.28
15/07/2020,0,0,0(0.00 %),0,0,0,0,1067687,1.28
16/07/2020,0,0,0(0.00 %),0,0,0,0,1067687,1.28
17/07/2020,0,0,0(0.00 %),0,0,0,0,1067687,1.28
20/07/2020,0,0,0(0.00 %),0,0,0,0,1067687,0.0
21/07/2020,0,0,0(0.00 %),0,0,0,0,1067687,1.28
22/07/2020,0,0,0(0.00 %),0,0,0,0,1067687,1.28
23/07/2020,0,0,0(0.00 %),0,0,0,0,1067687,1.28
24/07/2020,0,0,0(0.00 %),0,0,0,0,1067687,1.28
27/07/2020,0,0,0(0.00 %),0,0,0,0,1067687,0.0
28/07/2020,0,0,0(0.00 %),0,0,0,0,1067687,1.28
29/07/2020,0,0,0(0.00 %),0,0,0,0,1067687,1.28
30/07/2020,0,0,0(0.00 %),0,0,0,0,1067687,1.28
31/07/2020,0,0,0(0.00 %),0,0,0,0,1067687,1.28
03/08/2020,0,0,0(0.00 %),0,0,0,0,1067687,1.28
04/08/2020,0,0,0(0.00 %),0,0,0,0,1067687,1.28
05/08/2020,0,0,0(0.00 %),0,0,0,0,1067687,1.28
06/08/2020,0,0,0(0.00 %),0,0,0,0,1067687,0.0
07/08/2020,0,0,0(0.00 %),0,0,0,0,1067687,1.28
10/08/2020,0,0,0(0.00 %),0,0,0,0,1067687,0.0
11/08/2020,0,0,0(0.00 %),0,0,0,0,1067687,1.28
12/08/2020,0,0,0(0.00 %),0,0,0,0,1067687,1.28
13/08/2020,0,0,0(0.00 %),0,0,0,0,1067687,1.28
14/08/2020,0,0,0(0.00 %),0,0,0,0,1067687,1.28
17/08/2020,0,0,0(0.00 %),0,0,0,0,1067687,1.28
18/08/2020,0,0,0(0.00 %),0,0,0,0,1067687,1.28
19/08/2020,0,0,0(0.00 %),0,0,0,0,1067687,1.28
20/08/2020,0,0,0(0.00 %),0,0,0,0,1067687,1.28
21/08/2020,0,0,0(0.00 %),0,0,0,0,1067687,1.28
24/08/2020,0,0,0(0.00 %),0,0,0,0,1067687,1.28
25/08/2020,0,0,0(0.00 %),0,0,0,0,1067687,1.28
26/08/2020,0,0,0(0.00 %),0,0,0,0,1067687,1.28
27/08/2020,0,0,0(0.00 %),0,0,0,0,1067687,1.28
28/08/2020,0,0,0(0.00 %),0,0,0,0,1067687,1.28
31/08/2020,0,0,0(0.00 %),0,0,0,0,1067687,1.28
01/09/2020,0,0,0(0.00 %),0,0,0,0,1067687,1.28
03/09/2020,0,0,0(0.00 %),0,0,0,0,1067687,1.28
04/09/2020,0,0,0(0.00 %),0,0,0,0,1067687,1.28
07/09/2020,0,0,0(0.00 %),0,0,0,0,1067687,1.28
08/09/2020,0,0,0(0.00 %),0,0,0,0,1067687,1.28
09/09/2020,0,0,0(0.00 %),0,0,0,0,1067687,1.28
10/09/2020,0,0,0(0.00 %),0,0,0,0,1067687,1.28
11/09/2020,0,0,0(0.00 %),0,0,0,0,1067687,1.28
14/09/2020,0,0,0(0.00 %),0,0,0,0,1067687,1.28
15/09/2020,0,0,0(0.00 %),0,0,0,0,1067687,1.28
16/09/2020,0,0,0(0.00 %),0,0,0,0,1067687,1.28
17/09/2020,0,0,0(0.00 %),0,0,0,0,1067687,1.28
18/09/2020,0,0,0(0.00 %),0,0,0,0,1067687,1.28
21/09/2020,0,0,0(0.00 %),0,0,0,0,1067687,1.28
22/09/2020,0,0,0(0.00 %),0,0,0,0,1067687,0.0
23/09/2020,0,0,0(0.00 %),0,0,0,0,1067687,1.28
24/09/2020,0,0,0(0.00 %),0,0,0,0,1067687,1.28
25/09/2020,0,0,0(0.00 %),0,0,0,0,1067687,1.28
28/09/2020,0,0,0(0.00 %),0,0,0,0,1067687,1.28
29/09/2020,0,0,0(0.00 %),0,0,0,0,1067687,1.28
30/09/2020,0,0,0(0.00 %),0,0,0,0,1067687,1.28
01/10/2020,0,0,0(0.00 %),0,0,0,0,1067687,1.28
02/10/2020,0,0,0(0.00 %),0,0,0,0,1067687,1.28
05/10/2020,0,0,0(0.00 %),0,0,0,0,1067687,1.28
06/10/2020,0,0,0(0.00 %),0,0,0,0,1067687,0.0
07/10/2020,0,0,0(0.00 %),0,0,0,0,1067687,1.28
08/10/2020,0,0,0(0.00 %),0,0,0,0,1067687,1.28
09/10/2020,0,0,0(0.00 %),0,0,0,0,1067687,1.28
12/10/2020,0,0,0(0.00 %),0,0,0,0,1067687,1.28
13/10/2020,0,0,0(0.00 %),0,0,0,0,1067687,1.28
14/10/2020,0,0,0(0.00 %),0,0,0,0,1067687,1.28
15/10/2020,0,0,0(0.00 %),0,0,0,0,1067687,1.28
16/10/2020,0,0,0(0.00 %),0,0,0,0,1067687,1.28
19/10/2020,0,0,0(0.00 %),0,0,0,0,1067687,1.28
20/10/2020,0,0,0(0.00 %),0,0,0,0,1067687,1.28
21/10/2020,0,0,0(0.00 %),0,0,0,0,1067687,1.28
22/10/2020,0,0,0(0.00 %),0,0,0,0,1067687,1.28
23/10/2020,0,0,0(0.00 %),0,0,0,0,1067687,1.28
26/10/2020,0,0,0(0.00 %),0,0,0,0,1067687,1.28
27/10/2020,0,0,0(0.00 %),0,0,0,0,1067687,0.0
28/10/2020,0,0,0(0.00 %),0,0,0,0,1067687,0.0
29/10/2020,0,0,0(0.00 %),0,0,0,0,1067687,1.28
30/10/2020,0,0,0(0.00 %),0,0,0,0,1067687,1.28
02/11/2020,0,0,0(0.00 %),0,0,0,0,1067687,1.28
03/11/2020,0,0,0(0.00 %),0,0,0,0,1067687,1.28
04/11/2020,0,0,0(0.00 %),0,0,0,0,1067687,1.28
05/11/2020,0,0,0(0.00 %),0,0,0,0,1067687,1.28
06/11/2020,0,0,0(0.00 %),0,0,0,0,1067687,1.28
09/11/2020,0,0,0(0.00 %),0,0,0,0,1067687,1.28
10/11/2020,0,0,0(0.00 %),0,0,0,0,1067687,1.28
11/11/2020,0,0,0(0.00 %),0,0,0,0,1067687,1.28
12/11/2020,0,0,0(0.00 %),0,0,0,0,1067687,1.28
13/11/2020,0,0,0(0.00 %),0,0,0,0,1067687,1.28
16/11/2020,0,0,0(0.00 %),0,0,0,0,1067687,1.28
17/11/2020,0,0,0(0.00 %),0,0,0,0,1067687,1.28
18/11/2020,0,0,0(0.00 %),0,0,0,0,1067687,0.0
19/11/2020,0,0,0(0.00 %),0,0,0,0,1067687,1.28
20/11/2020,0,0,0(0.00 %),0,0,0,0,1067687,1.28
23/11/2020,0,0,0(0.00 %),0,0,0,0,1067687,1.28
24/11/2020,0,0,0(0.00 %),0,0,0,0,1067687,1.28
25/11/2020,0,0,0(0.00 %),0,0,0,0,1067687,1.28
26/11/2020,0,0,0(0.00 %),0,0,0,0,1067687,1.28
27/11/2020,0,0,0(0.00 %),0,0,0,0,1067687,1.28
30/11/2020,0,0,0(0.00 %),0,0,0,0,1067687,1.28
01/12/2020,0,0,0(0.00 %),0,0,0,0,1067687,1.28
02/12/2020,0,0,0(0.00 %),0,0,0,0,1067687,1.28
03/12/2020,0,0,0(0.00 %),0,0,0,0,1067687,1.28
04/12/2020,0,0,0(0.00 %),0,0,0,0,1067687,1.28
07/12/2020,0,0,0(0.00 %),0,0,0,0,1067687,1.28
08/12/2020,0,0,0(0.00 %),0,0,0,0,1067687,1.28
09/12/2020,0,0,0(0.00 %),0,0,0,0,1067687,1.28
10/12/2020,0,0,0(0.00 %),0,0,0,0,1067687,1.28
11/12/2020,0,0,0(0.00 %),0,0,0,0,1067687,1.28
14/12/2020,0,0,0(0.00 %),0,0,0,0,1067687,1.28
15/12/2020,0,0,0(0.00 %),0,0,0,0,1067687,1.28
16/12/2020,0,0,0(0.00 %),0,0,0,0,1067687,1.28
17/12/2020,0,0,0(0.00 %),0,0,0,0,1067687,1.28
18/12/2020,0,0,0(0.00 %),0,0,0,0,1067687,1.28
21/12/2020,0,0,0(0.00 %),0,0,0,0,1067687,1.28
22/12/2020,0,0,0(0.00 %),0,0,0,0,1067687,0.0
23/12/2020,0,0,0(0.00 %),0,0,0,0,1067687,1.28
24/12/2020,0,0,0(0.00 %),0,0,0,0,1067687,1.28
25/12/2020,0,0,0(0.00 %),0,0,0,0,1067687,1.28
28/12/2020,0,0,0(0.00 %),0,0,0,0,1067687,1.28
29/12/2020,0,0,0(0.00 %),0,0,0,0,1067687,0.0
30/12/2020,0,0,0(0.00 %),0,0,0,0,1067687,1.28
31/12/2020,0,0,0(0.00 %),0,0,0,0,1067687,0.0
04/01/2021,0,0,0(0.00 %),0,0,0,0,1067687,0.0
05/01/2021,0,0,0(0.00 %),0,0,0,0,1067687,1.28
06/01/2021,0,0,0(0.00 %),0,0,0,0,1067687,1.28
07/01/2021,0,0,0(0.00 %),0,0,0,0,1067687,1.28
08/01/2021,0,0,0(0.00 %),0,0,0,0,1067687,1.28
11/01/2021,0,0,0(0.00 %),0,0,0,0,1067687,1.28
12/01/2021,0,0,0(0.00 %),0,0,0,0,1067687,1.28
13/01/2021,0,0,0(0.00 %),0,0,0,0,1067687,1.28
14/01/2021,0,0,0(0.00 %),0,0,0,0,1067687,1.28
15/01/2021,0,0,0(0.00 %),0,0,0,0,1067687,1.28
18/01/2021,0,0,0(0.00 %),0,0,0,0,1067687,1.28
19/01/2021,5800,99180000,0(0.00 %),5800,99180000,0,0,1061887,1.54
20/01/2021,0,0,0(0.00 %),0,0,0,0,1061887,1.54
21/01/2021,0,0,0(0.00 %),0,0,0,0,1061887,1.54
22/01/2021,0,0,0(0.00 %),0,0,0,0,1061887,1.54
25/01/2021,0,0,0(0.00 %),0,0,0,0,1061887,1.54
26/01/2021,0,0,0(0.00 %),0,0,0,0,1061887,1.54
27/01/2021,0,0,0(0.00 %),0,0,0,0,1061887,1.54
28/01/2021,0,0,0(0.00 %),0,0,0,0,1061887,1.54
29/01/2021,0,0,0(0.00 %),0,0,0,0,1061887,1.54
01/02/2021,0,0,0(0.00 %),0,0,0,0,1061887,1.54
02/02/2021,0,0,0(0.00 %),0,0,0,0,1061887,1.54
03/02/2021,0,0,0(0.00 %),0,0,0,0,1061887,1.54
04/02/2021,0,0,0(0.00 %),0,0,0,0,1061887,1.54
05/02/2021,0,0,0(0.00 %),0,0,0,0,1061887,1.54
08/02/2021,0,0,0(0.00 %),0,0,0,0,1061887,1.54
09/02/2021,0,0,0(0.00 %),0,0,0,0,1061887,1.54
17/02/2021,0,0,0(0.00 %),0,0,0,0,1061887,0.0
18/02/2021,0,0,0(0.00 %),0,0,0,0,1061887,1.54
19/02/2021,0,0,0(0.00 %),0,0,0,0,1061887,1.54
22/02/2021,0,0,0(0.00 %),0,0,0,0,1061887,1.54
23/02/2021,0,0,0(0.00 %),0,0,0,0,1061887,1.54
24/02/2021,0,0,0(0.00 %),0,0,0,0,1061887,1.54
25/02/2021,0,0,0(0.00 %),0,0,0,0,1061887,1.54
26/02/2021,0,0,0(0.00 %),0,0,0,0,1061887,1.54
01/03/2021,0,0,0(0.00 %),0,0,0,0,1061887,1.54
02/03/2021,0,0,0(0.00 %),0,0,0,0,1061887,1.54
03/03/2021,0,0,0(0.00 %),0,0,0,0,1061887,1.54
04/03/2021,0,0,0(0.00 %),0,0,0,0,1061887,1.54
05/03/2021,0,0,0(0.00 %),0,0,0,0,1061887,1.54
08/03/2021,0,0,0(0.00 %),0,0,0,0,1061887,1.54
09/03/2021,0,0,0(0.00 %),0,0,0,0,1061887,1.54
10/03/2021,0,0,0(0.00 %),0,0,0,0,1061887,1.54
11/03/2021,0,0,0(0.00 %),0,0,0,0,1061887,1.54
12/03/2021,0,0,0(0.00 %),0,0,0,0,1061887,1.54
15/03/2021,0,0,0(0.00 %),0,0,0,0,1061887,1.54
16/03/2021,0,0,0(0.00 %),0,0,0,0,1061887,1.54
17/03/2021,0,0,0(0.00 %),0,0,0,0,1061887,1.54
18/03/2021,0,0,0(0.00 %),0,0,0,0,1061887,1.54
19/03/2021,0,0,0(0.00 %),0,0,0,0,1061887,1.54
22/03/2021,0,0,0(0.00 %),0,0,0,0,1061887,1.54
23/03/2021,0,0,0(0.00 %),0,0,0,0,1061887,1.54
24/03/2021,0,0,0(0.00 %),0,0,0,0,1061887,1.54
25/03/2021,0,0,0(0.00 %),0,0,0,0,1061887,1.54
26/03/2021,0,0,0(0.00 %),0,0,0,0,1061887,1.54
29/03/2021,0,0,0(0.00 %),0,0,0,0,1061887,1.54
30/03/2021,0,0,0(0.00 %),0,0,0,0,1061887,1.54
31/03/2021,0,0,0(0.00 %),0,0,0,0,1061887,1.54
01/04/2021,0,0,0(0.00 %),0,0,0,0,1061887,1.54
02/04/2021,0,0,0(0.00 %),0,0,0,0,1061887,1.54
05/04/2021,0,0,0(0.00 %),0,0,0,0,1061887,1.54
06/04/2021,0,0,0(0.00 %),0,0,0,0,1061887,1.54
07/04/2021,0,0,0(0.00 %),0,0,0,0,1061887,1.54
08/04/2021,0,0,0(0.00 %),0,0,0,0,1061887,1.54
09/04/2021,0,0,0(0.00 %),0,0,0,0,1061887,1.54
12/04/2021,0,0,0(0.00 %),0,0,0,0,1061887,1.54
13/04/2021,0,0,0(0.00 %),0,0,0,0,1061887,1.54
14/04/2021,0,0,0(0.00 %),0,0,0,0,1061887,1.54
15/04/2021,0,0,0(0.00 %),0,0,0,0,1061887,1.54
16/04/2021,0,0,0(0.00 %),0,0,0,0,1061887,1.54
19/04/2021,0,0,0(0.00 %),0,0,0,0,1061887,1.54
20/04/2021,0,0,0(0.00 %),0,0,0,0,1061887,1.54
22/04/2021,0,0,0(0.00 %),0,0,0,0,1061887,1.54
23/04/2021,0,0,0(0.00 %),0,0,0,0,1061887,1.54
26/04/2021,0,0,0(0.00 %),0,0,0,0,1061887,1.54
27/04/2021,0,0,0(0.00 %),0,0,0,0,1061887,1.54
28/04/2021,0,0,0(0.00 %),0,0,0,0,1061887,1.54
29/04/2021,0,0,0(0.00 %),0,0,0,0,1061887,1.54
04/05/2021,0,0,0(0.00 %),0,0,0,0,1061887,1.54
05/05/2021,0,0,0(0.00 %),0,0,0,0,1061887,1.54
06/05/2021,0,0,0(0.00 %),0,0,0,0,1061887,1.54
07/05/2021,0,0,0(0.00 %),0,0,0,0,1061887,1.54
10/05/2021,0,0,0(0.00 %),0,0,0,0,1061887,1.54
11/05/2021,0,0,0(0.00 %),0,0,0,0,1061887,1.54
12/05/2021,0,0,0(0.00 %),0,0,0,0,1061887,1.54
13/05/2021,0,0,0(0.00 %),0,0,0,0,1061887,1.54
14/05/2021,0,0,0(0.00 %),0,0,0,0,1061887,1.54
17/05/2021,0,0,0(0.00 %),0,0,0,0,1061887,1.54
18/05/2021,0,0,0(0.00 %),0,0,0,0,1061887,1.54
19/05/2021,0,0,0(0.00 %),0,0,0,0,1061887,1.54
20/05/2021,0,0,0(0.00 %),0,0,0,0,1061887,1.54
21/05/2021,0,0,0(0.00 %),0,0,0,0,1061887,1.54
24/05/2021,0,0,0(0.00 %),0,0,0,0,1061887,1.54
25/05/2021,0,0,0(0.00 %),0,0,0,0,1061887,1.54
26/05/2021,0,0,0(0.00 %),0,0,0,0,1061887,1.54
27/05/2021,0,0,0(0.00 %),0,0,0,0,1061887,1.54
28/05/2021,0,0,0(0.00 %),0,0,0,0,1061887,1.54
31/05/2021,0,0,0(0.00 %),0,0,0,0,1061887,1.54
01/06/2021,0,0,0(0.00 %),0,0,0,0,1061887,1.54
02/06/2021,0,0,0(0.00 %),0,0,0,0,1061887,1.54
03/06/2021,0,0,0(0.00 %),0,0,0,0,1061887,1.54
04/06/2021,100,1850000,0(0.00 %),100,1850000,0,0,1061787,1.54
07/06/2021,0,0,0(0.00 %),0,0,0,0,1061787,1.54
08/06/2021,0,0,0(0.00 %),0,0,0,0,1061787,1.54
09/06/2021,0,0,0(0.00 %),0,0,0,0,1061787,1.54
10/06/2021,0,0,0(0.00 %),0,0,0,0,1061787,1.54
11/06/2021,0,0,0(0.00 %),0,0,0,0,1061787,1.54
14/06/2021,0,0,0(0.00 %),0,0,0,0,1061787,1.54
15/06/2021,0,0,0(0.00 %),0,0,0,0,1061787,1.54
16/06/2021,4900,93590000,0(0.00 %),4900,93590000,0,0,1056887,1.76
17/06/2021,200,4200000,0(0.00 %),300,6300000,100,2100000,1056687,1.77
18/06/2021,-700,-14630000,0(0.00 %),0,0,700,14630000,1057387,1.74
21/06/2021,0,0,0(0.00 %),0,0,0,0,1056587,1.77
22/06/2021,0,0,0(0.00 %),0,0,0,0,1056587,1.77
23/06/2021,0,0,0(0.00 %),0,0,0,0,1056587,1.77
24/06/2021,0,0,0(0.00 %),0,0,0,0,1056587,1.77
25/06/2021,0,0,0(0.00 %),0,0,0,0,1056587,1.77
28/06/2021,0,0,0(0.00 %),0,0,0,0,1056587,1.77
29/06/2021,0,0,0(0.00 %),0,0,0,0,1056587,1.77
30/06/2021,0,0,0(0.00 %),0,0,0,0,1056587,1.77
01/07/2021,0,0,0(0.00 %),0,0,0,0,1057387,1.74
02/07/2021,0,0,0(0.00 %),0,0,0,0,1057387,0.0
05/07/2021,0,0,0(0.00 %),0,0,0,0,1057387,0.0
06/07/2021,0,0,0(0.00 %),0,0,0,0,1057387,0.0
07/07/2021,0,0,0(0.00 %),0,0,0,0,1057387,1.74
08/07/2021,0,0,0(0.00 %),0,0,0,0,1057387,1.74
09/07/2021,0,0,0(0.00 %),0,0,0,0,1057387,1.74
12/07/2021,0,0,0(0.00 %),0,0,0,0,1057387,1.74
13/07/2021,0,0,0(0.00 %),0,0,0,0,1057387,1.74
14/07/2021,0,0,0(0.00 %),0,0,0,0,1057387,1.74
15/07/2021,0,0,0(0.00 %),0,0,0,0,1057387,1.74
16/07/2021,0,0,0(0.00 %),0,0,0,0,1057387,1.74
19/07/2021,0,0,0(0.00 %),0,0,0,0,1057387,1.74
20/07/2021,0,0,0(0.00 %),0,0,0,0,1057387,1.74
21/07/2021,0,0,0(0.00 %),0,0,0,0,1057387,1.74
22/07/2021,0,0,0(0.00 %),0,0,0,0,1057387,1.74
23/07/2021,0,0,0(0.00 %),0,0,0,0,1057387,1.74
26/07/2021,0,0,0(0.00 %),0,0,0,0,1057387,1.74
27/07/2021,0,0,0(0.00 %),0,0,0,0,1057387,1.74
28/07/2021,0,0,0(0.00 %),0,0,0,0,1057387,1.74
29/07/2021,0,0,0(0.00 %),0,0,0,0,1057387,1.74
30/07/2021,0,0,0(0.00 %),0,0,0,0,1057387,1.74
02/08/2021,0,0,0(0.00 %),0,0,0,0,1057387,1.74
03/08/2021,0,0,0(0.00 %),0,0,0,0,1057387,1.74
04/08/2021,0,0,0(0.00 %),0,0,0,0,1057387,1.74
05/08/2021,0,0,0(0.00 %),0,0,0,0,1057387,1.74
06/08/2021,0,0,0(0.00 %),0,0,0,0,1057387,1.74
09/08/2021,0,0,0(0.00 %),0,0,0,0,1057387,1.74
10/08/2021,0,0,0(0.00 %),0,0,0,0,1057387,1.74
11/08/2021,0,0,0(0.00 %),0,0,0,0,1057387,1.74
12/08/2021,0,0,0(0.00 %),0,0,0,0,1057387,1.74
13/08/2021,0,0,0(0.00 %),0,0,0,0,1057387,0.0
16/08/2021,0,0,0(0.00 %),0,0,0,0,1057387,1.74
17/08/2021,0,0,0(0.00 %),0,0,0,0,1057387,1.74
18/08/2021,0,0,0(0.00 %),0,0,0,0,1057387,1.74
19/08/2021,0,0,0(0.00 %),0,0,0,0,1057387,1.74
20/08/2021,0,0,0(0.00 %),0,0,0,0,1057387,1.74
23/08/2021,0,0,0(0.00 %),0,0,0,0,1057387,1.74
24/08/2021,0,0,0(0.00 %),0,0,0,0,1057387,1.74
25/08/2021,0,0,0(0.00 %),0,0,0,0,1057387,1.74
26/08/2021,0,0,0(0.00 %),0,0,0,0,1057387,1.74
27/08/2021,0,0,0(0.00 %),0,0,0,0,1057387,1.74
30/08/2021,0,0,0(0.00 %),0,0,0,0,1057387,1.74
31/08/2021,0,0,0(0.00 %),0,0,0,0,1057387,1.74
01/09/2021,0,0,0(0.00 %),0,0,0,0,1057387,0.0
06/09/2021,0,0,0(0.00 %),0,0,0,0,1057387,1.74
07/09/2021,0,0,0(0.00 %),0,0,0,0,1057387,0.0
08/09/2021,0,0,0(0.00 %),0,0,0,0,1057387,0.0
09/09/2021,0,0,0(0.00 %),0,0,0,0,1057387,1.74
10/09/2021,0,0,0(0.00 %),0,0,0,0,1057387,1.74
13/09/2021,0,0,0(0.00 %),0,0,0,0,1057387,1.74
14/09/2021,0,0,0(0.00 %),0,0,0,0,1057387,1.74
15/09/2021,100,2400000,0(0.00 %),100,2400000,0,0,1057287,1.74
16/09/2021,0,0,0(0.00 %),0,0,0,0,1057287,1.74
17/09/2021,1200,30000000,0(0.00 %),1200,30000000,0,0,1056087,1.8
20/09/2021,0,0,0(0.00 %),0,0,0,0,1056087,1.8
21/09/2021,0,0,0(0.00 %),0,0,0,0,1056087,0.0
22/09/2021,0,0,0(0.00 %),0,0,0,0,1056087,1.8
23/09/2021,0,0,0(0.00 %),0,0,0,0,1056087,1.8
24/09/2021,0,0,0(0.00 %),0,0,0,0,1056087,0.0
27/09/2021,0,0,0(0.00 %),0,0,0,0,1056087,1.8
28/09/2021,0,0,0(0.00 %),0,0,0,0,1056087,1.8
29/09/2021,0,0,0(0.00 %),0,0,0,0,1056087,0.0
30/09/2021,0,0,0(0.00 %),0,0,0,0,1056087,1.8
01/10/2021,0,0,0(0.00 %),0,0,0,0,1056087,1.8
04/10/2021,0,0,0(0.00 %),0,0,0,0,1056087,1.8
05/10/2021,0,0,0(0.00 %),0,0,0,0,1056087,1.8
06/10/2021,0,0,0(0.00 %),0,0,0,0,1056087,1.8
07/10/2021,0,0,0(0.00 %),0,0,0,0,1056087,1.8
08/10/2021,0,0,0(0.00 %),0,0,0,0,1056087,1.8
11/10/2021,0,0,0(0.00 %),0,0,0,0,1056087,1.8
12/10/2021,0,0,0(0.00 %),0,0,0,0,1056087,1.8
13/10/2021,0,0,0(0.00 %),0,0,0,0,1056087,0.0
14/10/2021,0,0,0(0.00 %),0,0,0,0,1056087,1.8
15/10/2021,0,0,0(0.00 %),0,0,0,0,1056087,1.8
18/10/2021,0,0,0(0.00 %),0,0,0,0,1056087,1.8
19/10/2021,0,0,0(0.00 %),0,0,0,0,1056087,1.8
20/10/2021,0,0,0(0.00 %),0,0,0,0,1056087,1.8
21/10/2021,0,0,0(0.00 %),0,0,0,0,1056087,1.8
22/10/2021,0,0,0(0.00 %),0,0,0,0,1056087,1.8
25/10/2021,0,0,0(0.00 %),0,0,0,0,1056087,1.8
26/10/2021,0,0,0(0.00 %),0,0,0,0,1056087,1.8
27/10/2021,0,0,0(0.00 %),0,0,0,0,1056087,1.8
28/10/2021,0,0,0(0.00 %),0,0,0,0,1056087,0.0
29/10/2021,0,0,0(0.00 %),0,0,0,0,1056087,1.8
01/11/2021,0,0,0(0.00 %),0,0,0,0,1056087,1.8
02/11/2021,0,0,0(0.00 %),0,0,0,0,1056087,1.8
03/11/2021,500,11750000,0(0.00 %),500,11750000,0,0,1055587,1.82
04/11/2021,0,0,0(0.00 %),0,0,0,0,1055587,0.0
05/11/2021,0,0,0(0.00 %),0,0,0,0,1055587,1.82
08/11/2021,200,4460000,0(0.00 %),200,4460000,0,0,1055387,1.83
09/11/2021,300,6750000,0(0.00 %),300,6750000,0,0,1055087,1.84
10/11/2021,0,0,0(0.00 %),0,0,0,0,1055087,1.84
11/11/2021,0,0,0(0.00 %),0,0,0,0,1055087,1.84
12/11/2021,-300,-7350000,0(0.00 %),0,0,300,7350000,1055387,1.83
15/11/2021,0,0,0(0.00 %),0,0,0,0,1055387,1.83
16/11/2021,0,0,0(0.00 %),0,0,0,0,1055387,1.83
17/11/2021,0,0,0(0.00 %),0,0,0,0,1055387,1.83
18/11/2021,0,0,0(0.00 %),0,0,0,0,1055387,1.83
19/11/2021,0,0,0(0.00 %),0,0,0,0,1055387,1.83
22/11/2021,0,0,0(0.00 %),0,0,0,0,1055387,1.83
23/11/2021,0,0,0(0.00 %),0,0,0,0,1055387,1.83
24/11/2021,0,0,0(0.00 %),0,0,0,0,1055387,1.83
25/11/2021,0,0,0(0.00 %),0,0,0,0,1055387,1.83
26/11/2021,0,0,0(0.00 %),0,0,0,0,1055387,1.83
29/11/2021,0,0,0(0.00 %),0,0,0,0,1055387,1.83
30/11/2021,0,0,0(0.00 %),0,0,0,0,1055387,1.83
01/12/2021,0,0,0(0.00 %),0,0,0,0,1055387,1.83
02/12/2021,0,0,0(0.00 %),0,0,0,0,1055387,1.83
03/12/2021,0,0,0(0.00 %),0,0,0,0,1055387,1.83
06/12/2021,0,0,0(0.00 %),0,0,0,0,1055387,1.83
07/12/2021,0,0,0(0.00 %),0,0,0,0,1055387,1.83
08/12/2021,0,0,0(0.00 %),0,0,0,0,1055387,1.83
09/12/2021,0,0,0(0.00 %),0,0,0,0,1055387,1.83
10/12/2021,0,0,0(0.00 %),0,0,0,0,1055387,1.83
13/12/2021,0,0,0(0.00 %),0,0,0,0,1055387,1.83
14/12/2021,0,0,0(0.00 %),0,0,0,0,1055387,1.83
15/12/2021,0,0,0(0.00 %),0,0,0,0,1055387,1.83
16/12/2021,0,0,0(0.00 %),0,0,0,0,1055387,1.83
17/12/2021,0,0,0(0.00 %),0,0,0,0,1055387,1.83
20/12/2021,0,0,0(0.00 %),0,0,0,0,1055387,1.83
21/12/2021,0,0,0(0.00 %),0,0,0,0,1055387,1.83
22/12/2021,0,0,0(0.00 %),0,0,0,0,1055387,1.83
23/12/2021,0,0,0(0.00 %),0,0,0,0,1055387,0.0
24/12/2021,0,0,0(0.00 %),0,0,0,0,1055387,0.0
27/12/2021,0,0,0(0.00 %),0,0,0,0,1055387,1.83
28/12/2021,0,0,0(0.00 %),0,0,0,0,1055387,1.83
29/12/2021,-700,-18900000,0(0.00 %),0,0,700,18900000,1055387,1.83
30/12/2021,0,0,0(0.00 %),0,0,0,0,1055387,1.83
31/12/2021,0,0,0(0.00 %),0,0,0,0,1056087,1.8
04/01/2022,0,0,0(0.00 %),0,0,0,0,1056087,1.8
05/01/2022,0,0,0(0.00 %),0,0,0,0,1056087,1.8
06/01/2022,0,0,0(0.00 %),0,0,0,0,1056087,1.8
07/01/2022,0,0,0(0.00 %),0,0,0,0,1056087,1.8
10/01/2022,0,0,0(0.00 %),0,0,0,0,1056087,1.8
11/01/2022,0,0,0(0.00 %),0,0,0,0,1056087,1.8
12/01/2022,0,0,0(0.00 %),0,0,0,0,1056087,1.8
13/01/2022,0,0,0(0.00 %),0,0,0,0,1056087,1.8
14/01/2022,0,0,0(0.00 %),0,0,0,0,1056087,1.8
17/01/2022,0,0,0(0.00 %),0,0,0,0,1056087,1.8
18/01/2022,0,0,0(0.00 %),0,0,0,0,1056087,1.8
19/01/2022,0,0,0(0.00 %),0,0,0,0,1056087,1.8
20/01/2022,0,0,0(0.00 %),0,0,0,0,1056087,1.8
21/01/2022,0,0,0(0.00 %),0,0,0,0,1056087,1.8
24/01/2022,0,0,0(0.00 %),0,0,0,0,1056087,1.8
25/01/2022,0,0,0(0.00 %),0,0,0,0,1056087,1.8
26/01/2022,0,0,0(0.00 %),0,0,0,0,1056087,1.8
27/01/2022,0,0,0(0.00 %),0,0,0,0,1056087,1.8
28/01/2022,0,0,0(0.00 %),0,0,0,0,1056087,1.8
07/02/2022,0,0,0(0.00 %),0,0,0,0,1056087,1.8
08/02/2022,0,0,0(0.00 %),0,0,0,0,1056087,1.8
09/02/2022,0,0,0(0.00 %),0,0,0,0,1056087,1.8
10/02/2022,0,0,0(0.00 %),0,0,0,0,1056087,1.8
11/02/2022,0,0,0(0.00 %),0,0,0,0,1056087,1.8
14/02/2022,0,0,0(0.00 %),0,0,0,0,1056087,1.8
15/02/2022,0,0,0(0.00 %),0,0,0,0,1056087,1.8
16/02/2022,0,0,0(0.00 %),0,0,0,0,1056087,1.8
17/02/2022,0,0,0(0.00 %),0,0,0,0,1056087,1.8
18/02/2022,0,0,0(0.00 %),0,0,0,0,1056087,1.8
21/02/2022,0,0,0(0.00 %),0,0,0,0,1056087,1.8
22/02/2022,0,0,0(0.00 %),0,0,0,0,1056087,1.8
23/02/2022,0,0,0(0.00 %),0,0,0,0,1056087,1.8
24/02/2022,0,0,0(0.00 %),0,0,0,0,1056087,1.8
25/02/2022,0,0,0(0.00 %),0,0,0,0,1056087,1.8
28/02/2022,0,0,0(0.00 %),0,0,0,0,1056087,1.8
01/03/2022,0,0,0(0.00 %),0,0,0,0,1056087,1.8
02/03/2022,0,0,0(0.00 %),0,0,0,0,1056087,1.8
03/03/2022,0,0,0(0.00 %),0,0,0,0,1056087,1.8
04/03/2022,0,0,0(0.00 %),0,0,0,0,1056087,1.8
07/03/2022,0,0,0(0.00 %),0,0,0,0,1056087,1.8
08/03/2022,0,0,0(0.00 %),0,0,0,0,1056087,1.8
09/03/2022,0,0,0(0.00 %),0,0,0,0,1056087,1.8
10/03/2022,0,0,0(0.00 %),0,0,0,0,1056087,1.8
11/03/2022,0,0,0(0.00 %),0,0,0,0,1056087,1.8
14/03/2022,0,0,0(0.00 %),0,0,0,0,1056087,1.8
15/03/2022,0,0,0(0.00 %),0,0,0,0,1056087,1.8
16/03/2022,0,0,0(0.00 %),0,0,0,0,1056087,1.8
17/03/2022,0,0,0(0.00 %),0,0,0,0,1056087,1.8
18/03/2022,0,0,0(0.00 %),0,0,0,0,1056087,1.8
21/03/2022,0,0,0(0.00 %),0,0,0,0,1056087,1.8
22/03/2022,0,0,0(0.00 %),0,0,0,0,1056087,1.8
23/03/2022,0,0,0(0.00 %),0,0,0,0,1056087,1.8
24/03/2022,0,0,0(0.00 %),0,0,0,0,1056087,1.8
25/03/2022,0,0,0(0.00 %),0,0,0,0,1056087,1.8
28/03/2022,-100,-2400000,0(0.00 %),0,0,100,2400000,1056087,1.8
29/03/2022,0,0,0(0.00 %),0,0,0,0,1056087,1.8
30/03/2022,0,0,0(0.00 %),0,0,0,0,1056187,1.79
31/03/2022,0,0,0(0.00 %),0,0,0,0,1056187,1.79
01/04/2022,0,0,0(0.00 %),0,0,0,0,1056187,1.79
04/04/2022,0,0,0(0.00 %),0,0,0,0,1056187,1.79
05/04/2022,0,0,0(0.00 %),0,0,0,0,1056187,1.79
06/04/2022,0,0,0(0.00 %),0,0,0,0,1056187,1.79
07/04/2022,0,0,0(0.00 %),0,0,0,0,1056187,1.79
08/04/2022,0,0,0(0.00 %),0,0,0,0,1056187,1.79
12/04/2022,0,0,0(0.00 %),0,0,0,0,1056187,1.79
13/04/2022,0,0,0(0.00 %),0,0,0,0,1056187,1.79
14/04/2022,0,0,0(0.00 %),0,0,0,0,1056187,1.79
15/04/2022,0,0,0(0.00 %),0,0,0,0,1056187,1.79
18/04/2022,0,0,0(0.00 %),0,0,0,0,1056187,1.79
19/04/2022,0,0,0(0.00 %),0,0,0,0,1056187,1.79
20/04/2022,0,0,0(0.00 %),0,0,0,0,1056187,1.79
21/04/2022,0,0,0(0.00 %),0,0,0,0,1056187,1.79
22/04/2022,0,0,0(0.00 %),0,0,0,0,1056187,1.79
25/04/2022,0,0,0(0.00 %),0,0,0,0,1056187,1.79
26/04/2022,0,0,0(0.00 %),0,0,0,0,1056187,1.79
27/04/2022,0,0,0(0.00 %),0,0,0,0,1056187,1.79
28/04/2022,0,0,0(0.00 %),0,0,0,0,1056187,1.79
29/04/2022,0,0,0(0.00 %),0,0,0,0,1056187,1.79
04/05/2022,0,0,0(0.00 %),0,0,0,0,1056187,1.79
05/05/2022,0,0,0(0.00 %),0,0,0,0,1056187,1.79
06/05/2022,0,0,0(0.00 %),0,0,0,0,1056187,1.79
09/05/2022,0,0,0(0.00 %),0,0,0,0,1056187,1.79
10/05/2022,0,0,0(0.00 %),0,0,0,0,1056187,1.79
11/05/2022,0,0,0(0.00 %),0,0,0,0,1056187,1.79
12/05/2022,0,0,0(0.00 %),0,0,0,0,1056187,1.79
13/05/2022,0,0,0(0.00 %),0,0,0,0,1056187,1.79
16/05/2022,0,0,0(0.00 %),0,0,0,0,1056187,1.79
17/05/2022,0,0,0(0.00 %),0,0,0,0,1056187,1.79
18/05/2022,0,0,0(0.00 %),0,0,0,0,1056187,1.79
19/05/2022,0,0,0(0.00 %),0,0,0,0,1056187,1.79
20/05/2022,0,0,0(0.00 %),0,0,0,0,1056187,1.79
23/05/2022,0,0,0(0.00 %),0,0,0,0,1056187,1.79
24/05/2022,0,0,0(0.00 %),0,0,0,0,1056187,1.79
25/05/2022,0,0,0(0.00 %),0,0,0,0,1056187,1.79
26/05/2022,0,0,0(0.00 %),0,0,0,0,1056187,1.79
27/05/2022,0,0,0(0.00 %),0,0,0,0,1056187,1.79
30/05/2022,0,0,0(0.00 %),0,0,0,0,1056187,1.79
31/05/2022,0,0,0(0.00 %),0,0,0,0,1056187,1.79
01/06/2022,0,0,0(0.00 %),0,0,0,0,1056187,1.79
02/06/2022,0,0,0(0.00 %),0,0,0,0,1056187,1.79
03/06/2022,0,0,0(0.00 %),0,0,0,0,1056187,1.79
06/06/2022,0,0,0(0.00 %),0,0,0,0,1056187,1.79
07/06/2022,0,0,0(0.00 %),0,0,0,0,1056187,1.79
08/06/2022,0,0,0(0.00 %),0,0,0,0,1056187,1.79
09/06/2022,0,0,0(0.00 %),0,0,0,0,1056187,1.79
10/06/2022,0,0,0(0.00 %),0,0,0,0,1056187,1.79
13/06/2022,0,0,0(0.00 %),0,0,0,0,1056187,1.79
14/06/2022,0,0,0(0.00 %),0,0,0,0,1056187,1.79
15/06/2022,0,0,0(0.00 %),0,0,0,0,1056187,1.79
16/06/2022,0,0,0(0.00 %),0,0,0,0,1056187,1.79
17/06/2022,0,0,0(0.00 %),0,0,0,0,1056187,1.79
20/06/2022,0,0,0(0.00 %),0,0,0,0,1056187,1.79
21/06/2022,0,0,0(0.00 %),0,0,0,0,1056187,1.79
22/06/2022,0,0,0(0.00 %),0,0,0,0,1056187,1.79
23/06/2022,0,0,0(0.00 %),0,0,0,0,1056187,1.79
24/06/2022,0,0,0(0.00 %),0,0,0,0,1056187,1.79
27/06/2022,0,0,0(0.00 %),0,0,0,0,1056187,1.79
28/06/2022,0,0,0(0.00 %),0,0,0,0,1056187,1.79
29/06/2022,0,0,0(0.00 %),0,0,0,0,1056187,1.79
30/06/2022,0,0,0(0.00 %),0,0,0,0,1056187,1.79
01/07/2022,0,0,0(0.00 %),0,0,0,0,1056187,1.79
04/07/2022,0,0,0(0.00 %),0,0,0,0,1056187,1.79
05/07/2022,0,0,0(0.00 %),0,0,0,0,1056187,1.79
06/07/2022,0,0,0(0.00 %),0,0,0,0,1056187,1.79
07/07/2022,0,0,0(0.00 %),0,0,0,0,1056187,1.79
08/07/2022,0,0,0(0.00 %),0,0,0,0,1056187,1.79
11/07/2022,0,0,0(0.00 %),0,0,0,0,1056187,1.79
12/07/2022,0,0,0(0.00 %),0,0,0,0,1056187,1.79
13/07/2022,0,0,0(0.00 %),0,0,0,0,1056187,1.79
14/07/2022,0,0,0(0.00 %),0,0,0,0,1056187,1.79
15/07/2022,0,0,0(0.00 %),0,0,0,0,1056187,1.79
18/07/2022,0,0,0(0.00 %),0,0,0,0,1056187,1.79
19/07/2022,0,0,0(0.00 %),0,0,0,0,1056187,1.79
20/07/2022,0,0,0(0.00 %),0,0,0,0,1056187,1.79
21/07/2022,0,0,0(0.00 %),0,0,0,0,1056187,1.79
22/07/2022,0,0,0(0.00 %),0,0,0,0,1056187,1.79
25/07/2022,0,0,0(0.00 %),0,0,0,0,1056187,1.79
26/07/2022,0,0,0(0.00 %),0,0,0,0,1056187,1.79
27/07/2022,0,0,0(0.00 %),0,0,0,0,1056187,1.79
28/07/2022,0,0,0(0.00 %),0,0,0,0,1056187,1.79
29/07/2022,0,0,0(0.00 %),0,0,0,0,1056187,1.79
01/08/2022,0,0,0(0.00 %),0,0,0,0,1056187,1.79
02/08/2022,0,0,0(0.00 %),0,0,0,0,1056187,1.79
03/08/2022,0,0,0(0.00 %),0,0,0,0,1056187,1.79
04/08/2022,0,0,0(0.00 %),0,0,0,0,1056187,1.79
05/08/2022,0,0,0(0.00 %),0,0,0,0,1056187,1.79
08/08/2022,0,0,0(0.00 %),0,0,0,0,1056187,1.79
09/08/2022,0,0,0(0.00 %),0,0,0,0,1056187,1.79
10/08/2022,0,0,0(0.00 %),0,0,0,0,1056187,1.79
11/08/2022,0,0,0(0.00 %),0,0,0,0,1056187,1.79
12/08/2022,0,0,0(0.00 %),0,0,0,0,1056187,1.79
15/08/2022,0,0,0(0.00 %),0,0,0,0,1056187,1.79
16/08/2022,0,0,0(0.00 %),0,0,0,0,1056187,1.79
17/08/2022,0,0,0(0.00 %),0,0,0,0,1056187,1.79
18/08/2022,0,0,0(0.00 %),0,0,0,0,1056187,1.79
19/08/2022,0,0,0(0.00 %),0,0,0,0,1056187,1.79
22/08/2022,0,0,0(0.00 %),0,0,0,0,1056187,1.79
23/08/2022,0,0,0(0.00 %),0,0,0,0,1056187,1.79
24/08/2022,0,0,0(0.00 %),0,0,0,0,1056187,1.79
25/08/2022,0,0,0(0.00 %),0,0,0,0,1056187,1.79
26/08/2022,0,0,0(0.00 %),0,0,0,0,1056187,1.79
29/08/2022,0,0,0(0.00 %),0,0,0,0,1056187,1.79
30/08/2022,0,0,0(0.00 %),0,0,0,0,1056187,1.79
31/08/2022,0,0,0(0.00 %),0,0,0,0,1056187,1.79
05/09/2022,0,0,0(0.00 %),0,0,0,0,1056187,1.79
06/09/2022,0,0,0(0.00 %),0,0,0,0,1056187,1.79
07/09/2022,0,0,0(0.00 %),0,0,0,0,1056187,1.79
08/09/2022,0,0,0(0.00 %),0,0,0,0,1056187,1.79
09/09/2022,0,0,0(0.00 %),0,0,0,0,1056187,1.79
12/09/2022,0,0,0(0.00 %),0,0,0,0,1056187,1.79
13/09/2022,0,0,0(0.00 %),0,0,0,0,1056187,1.79
14/09/2022,0,0,0(0.00 %),0,0,0,0,1056187,1.79
15/09/2022,0,0,0(0.00 %),0,0,0,0,0,1.79
16/09/2022,0,0,0(0.00 %),0,0,0,0,1056187,1.79
19/09/2022,0,0,0(0.00 %),0,0,0,0,1056187,0.0
20/09/2022,0,0,0(0.00 %),0,0,0,0,1056187,1.79
21/09/2022,0,0,0(0.00 %),0,0,0,0,1056187,1.79
22/09/2022,0,0,0(0.00 %),0,0,0,0,1056187,1.79
23/09/2022,0,0,0(0.00 %),0,0,0,0,1056187,1.79
26/09/2022,0,0,0(0.00 %),0,0,0,0,1056187,1.79
27/09/2022,0,0,0(0.00 %),0,0,0,0,1056187,1.79
28/09/2022,0,0,0(0.00 %),0,0,0,0,1056187,1.79
29/09/2022,0,0,0(0.00 %),0,0,0,0,1056187,1.79
30/09/2022,0,0,0(0.00 %),0,0,0,0,1056187,1.79
03/10/2022,0,0,0(0.00 %),0,0,0,0,1056187,1.79
04/10/2022,0,0,0(0.00 %),0,0,0,0,1056187,1.79
05/10/2022,0,0,0(0.00 %),0,0,0,0,1056187,1.79
06/10/2022,0,0,0(0.00 %),0,0,0,0,1056187,1.79
07/10/2022,0,0,0(0.00 %),0,0,0,0,1056187,1.79
10/10/2022,0,0,0(0.00 %),0,0,0,0,1056187,1.79
11/10/2022,0,0,0(0.00 %),0,0,0,0,1056187,1.79
12/10/2022,0,0,0(0.00 %),0,0,0,0,1056187,1.79
13/10/2022,0,0,0(0.00 %),0,0,0,0,1056187,1.79
14/10/2022,0,0,0(0.00 %),0,0,0,0,1056187,1.79
17/10/2022,0,0,0(0.00 %),0,0,0,0,1056187,1.79
18/10/2022,0,0,0(0.00 %),0,0,0,0,1056187,1.79
19/10/2022,0,0,0(0.00 %),0,0,0,0,1056187,1.79
20/10/2022,0,0,0(0.00 %),0,0,0,0,1056187,1.79
21/10/2022,0,0,0(0.00 %),0,0,0,0,1056187,1.79
24/10/2022,0,0,0(0.00 %),0,0,0,0,1056187,1.79
25/10/2022,0,0,0(0.00 %),0,0,0,0,1056187,1.79
26/10/2022,0,0,0(0.00 %),0,0,0,0,1056187,1.79
27/10/2022,0,0,0(0.00 %),0,0,0,0,1056187,1.79
28/10/2022,0,0,0(0.00 %),0,0,0,0,1056187,1.79
31/10/2022,0,0,0(0.00 %),0,0,0,0,1056187,1.79
01/11/2022,0,0,0(0.00 %),0,0,0,0,1056187,1.79
02/11/2022,0,0,0(0.00 %),0,0,0,0,1056187,1.79
03/11/2022,0,0,0(0.00 %),0,0,0,0,1056187,1.79
04/11/2022,0,0,0(0.00 %),0,0,0,0,1056187,1.79
07/11/2022,0,0,0(0.00 %),0,0,0,0,1056187,1.79
08/11/2022,0,0,0(0.00 %),0,0,0,0,1056187,1.79
09/11/2022,0,0,0(0.00 %),0,0,0,0,1056187,1.79
10/11/2022,0,0,0(0.00 %),0,0,0,0,1056187,1.79
11/11/2022,0,0,0(0.00 %),0,0,0,0,1056187,1.79
14/11/2022,0,0,0(0.00 %),0,0,0,0,1056187,1.79
15/11/2022,0,0,0(0.00 %),0,0,0,0,1056187,1.79
16/11/2022,0,0,0(0.00 %),0,0,0,0,1056187,1.79
17/11/2022,0,0,0(0.00 %),0,0,0,0,1056187,1.79
18/11/2022,0,0,0(0.00 %),0,0,0,0,1056187,1.79
21/11/2022,0,0,0(0.00 %),0,0,0,0,1056187,1.79
22/11/2022,0,0,0(0.00 %),0,0,0,0,1056187,1.79
23/11/2022,0,0,0(0.00 %),0,0,0,0,1056187,1.79
24/11/2022,0,0,0(0.00 %),0,0,0,0,1056187,1.79
25/11/2022,0,0,0(0.00 %),0,0,0,0,1056187,1.79
28/11/2022,0,0,0(0.00 %),0,0,0,0,1056187,0.0
29/11/2022,0,0,0(0.00 %),0,0,0,0,1056187,0.0
30/11/2022,0,0,0(0.00 %),0,0,0,0,1056187,0.0
01/12/2022,0,0,0(0.00 %),0,0,0,0,1056187,0.0
02/12/2022,0,0,0(0.00 %),0,0,0,0,1056187,0.0
05/12/2022,0,0,0(0.00 %),0,0,0,0,1056187,0.0
06/12/2022,0,0,0(0.00 %),0,0,0,0,1056187,0.0
07/12/2022,0,0,0(0.00 %),0,0,0,0,1056187,0.0
08/12/2022,0,0,0(0.00 %),0,0,0,0,1056187,1.79
09/12/2022,0,0,0(0.00 %),0,0,0,0,1056187,1.79
12/12/2022,0,0,0(0.00 %),0,0,0,0,1056187,0.0
13/12/2022,0,0,0(0.00 %),0,0,0,0,1056187,0.0
14/12/2022,0,0,0(0.00 %),0,0,0,0,1056187,0.0
15/12/2022,0,0,0(0.00 %),0,0,0,0,1056187,0.0
16/12/2022,0,0,0(0.00 %),0,0,0,0,1056187,0.0
19/12/2022,0,0,0(0.00 %),0,0,0,0,1056187,0.0
20/12/2022,0,0,0(0.00 %),0,0,0,0,1056187,0.0
21/12/2022,0,0,0(0.00 %),0,0,0,0,1056187,0.0
22/12/2022,0,0,0(0.00 %),0,0,0,0,1056187,0.0
23/12/2022,0,0,0(0.00 %),0,0,0,0,1056187,0.0
26/12/2022,0,0,0(0.00 %),0,0,0,0,1056187,0.0
27/12/2022,0,0,0(0.00 %),0,0,0,0,1056187,0.0
28/12/2022,0,0,0(0.00 %),0,0,0,0,1056187,1.79
29/12/2022,0,0,0(0.00 %),0,0,0,0,1056187,1.79
30/12/2022,0,0,0(0.00 %),0,0,0,0,1056187,1.79
03/01/2023,0,0,0(0.00 %),0,0,0,0,1056187,0.0
04/01/2023,0,0,0(0.00 %),0,0,0,0,1056187,1.79
05/01/2023,0,0,0(0.00 %),0,0,0,0,1056187,1.79
06/01/2023,0,0,0(0.00 %),0,0,0,0,1056187,1.79
09/01/2023,0,0,0(0.00 %),0,0,0,0,1056187,1.79
10/01/2023,0,0,0(0.00 %),0,0,0,0,1056187,1.79
11/01/2023,0,0,0(0.00 %),0,0,0,0,1056187,1.79
12/01/2023,0,0,0(0.00 %),0,0,0,0,1056187,1.79
13/01/2023,0,0,0(0.00 %),0,0,0,0,1056187,1.79
16/01/2023,0,0,0(0.00 %),0,0,0,0,1056187,1.79
17/01/2023,0,0,0(0.00 %),0,0,0,0,1056187,1.79
18/01/2023,0,0,0(0.00 %),0,0,0,0,1056187,1.79
19/01/2023,0,0,0(0.00 %),0,0,0,0,1056187,1.79
27/01/2023,0,0,0(0.00 %),0,0,0,0,1056187,1.79
30/01/2023,0,0,0(0.00 %),0,0,0,0,1056187,1.79
31/01/2023,0,0,0(0.00 %),0,0,0,0,1056187,1.79
01/02/2023,0,0,0(0.00 %),0,0,0,0,1056187,1.79
02/02/2023,0,0,0(0.00 %),0,0,0,0,1056187,1.79
03/02/2023,0,0,0(0.00 %),0,0,0,0,1056187,1.79
06/02/2023,0,0,0(0.00 %),0,0,0,0,1056187,1.79
07/02/2023,0,0,0(0.00 %),0,0,0,0,1056187,1.79
08/02/2023,0,0,0(0.00 %),0,0,0,0,1056187,1.79
09/02/2023,0,0,0(0.00 %),0,0,0,0,1056187,1.79
10/02/2023,0,0,0(0.00 %),0,0,0,0,1056187,1.79
13/02/2023,0,0,0(0.00 %),0,0,0,0,1056187,1.79
14/02/2023,0,0,0(0.00 %),0,0,0,0,1056187,1.79
15/02/2023,0,0,0(0.00 %),0,0,0,0,1056187,1.79
16/02/2023,0,0,0(0.00 %),0,0,0,0,1056187,1.79
17/02/2023,0,0,0(0.00 %),0,0,0,0,1056187,1.79
20/02/2023,0,0,0(0.00 %),0,0,0,0,1056187,1.79
21/02/2023,0,0,0(0.00 %),0,0,0,0,1056187,1.79
22/02/2023,0,0,0(0.00 %),0,0,0,0,1056187,1.79
23/02/2023,0,0,0(0.00 %),0,0,0,0,1056187,1.79
24/02/2023,0,0,0(0.00 %),0,0,0,0,1056187,0.0
27/02/2023,0,0,0(0.00 %),0,0,0,0,1056187,1.79
28/02/2023,0,0,0(0.00 %),0,0,0,0,1056187,1.79
01/03/2023,0,0,0(0.00 %),0,0,0,0,1056187,1.79
02/03/2023,0,0,0(0.00 %),0,0,0,0,1056187,1.79
03/03/2023,0,0,0(0.00 %),0,0,0,0,1056187,1.79
06/03/2023,0,0,0(0.00 %),0,0,0,0,1056187,1.79
07/03/2023,0,0,0(0.00 %),0,0,0,0,1056187,1.79
08/03/2023,0,0,0(0.00 %),0,0,0,0,1056187,1.79
09/03/2023,0,0,0(0.00 %),0,0,0,0,1056187,1.79
10/03/2023,0,0,0(0.00 %),0,0,0,0,1056187,1.79
13/03/2023,0,0,0(0.00 %),0,0,0,0,1056187,0.0
14/03/2023,0,0,0(0.00 %),0,0,0,0,1056187,1.79
15/03/2023,0,0,0(0.00 %),0,0,0,0,1056187,1.79
16/03/2023,0,0,0(0.00 %),0,0,0,0,1056187,1.79
17/03/2023,0,0,0(0.00 %),0,0,0,0,1056187,1.79
20/03/2023,0,0,0(0.00 %),0,0,0,0,1056187,1.79
21/03/2023,0,0,0(0.00 %),0,0,0,0,1056187,1.79
22/03/2023,0,0,0(0.00 %),0,0,0,0,1056187,1.79
23/03/2023,0,0,0(0.00 %),0,0,0,0,1056187,1.79
24/03/2023,0,0,0(0.00 %),0,0,0,0,1056187,1.79
27/03/2023,0,0,0(0.00 %),0,0,0,0,1056187,1.79
28/03/2023,0,0,0(0.00 %),0,0,0,0,1056187,0.0
29/03/2023,0,0,0(0.00 %),0,0,0,0,1056187,1.79
30/03/2023,0,0,0(0.00 %),0,0,0,0,1056187,1.79
31/03/2023,0,0,0(0.00 %),0,0,0,0,1056187,1.79
03/04/2023,0,0,0(0.00 %),0,0,0,0,1056187,1.79
04/04/2023,0,0,0(0.00 %),0,0,0,0,1056187,1.79
05/04/2023,0,0,0(0.00 %),0,0,0,0,1056187,1.79
06/04/2023,0,0,0(0.00 %),0,0,0,0,1056187,1.79
07/04/2023,0,0,0(0.00 %),0,0,0,0,1056187,1.79
10/04/2023,0,0,0(0.00 %),0,0,0,0,1056187,1.79
11/04/2023,0,0,0(0.00 %),0,0,0,0,1056187,1.79
12/04/2023,0,0,0(0.00 %),0,0,0,0,1056187,1.79
13/04/2023,0,0,0(0.00 %),0,0,0,0,1056187,1.79
14/04/2023,0,0,0(0.00 %),0,0,0,0,1056187,1.79
17/04/2023,0,0,0(0.00 %),0,0,0,0,1056187,1.79
18/04/2023,0,0,0(0.00 %),0,0,0,0,1056187,1.79
19/04/2023,0,0,0(0.00 %),0,0,0,0,1056187,1.79
20/04/2023,0,0,0(0.00 %),0,0,0,0,1056187,1.79
21/04/2023,0,0,0(0.00 %),0,0,0,0,1056187,1.79
24/04/2023,0,0,0(0.00 %),0,0,0,0,1056187,1.79
25/04/2023,0,0,0(0.00 %),0,0,0,0,1056187,1.79
26/04/2023,0,0,0(0.00 %),0,0,0,0,1056187,1.79
27/04/2023,0,0,0(0.00 %),0,0,0,0,1056187,1.79
28/04/2023,0,0,0(0.00 %),0,0,0,0,1056187,1.79
04/05/2023,0,0,0(0.00 %),0,0,0,0,1056187,1.79
05/05/2023,0,0,0(0.00 %),0,0,0,0,1056187,1.79
08/05/2023,0,0,0(0.00 %),0,0,0,0,1056187,1.79
09/05/2023,0,0,0(0.00 %),0,0,0,0,1056187,1.79
10/05/2023,0,0,0(0.00 %),0,0,0,0,1056187,1.79
11/05/2023,0,0,0(0.00 %),0,0,0,0,1056187,1.79
12/05/2023,0,0,0(0.00 %),0,0,0,0,1056187,1.79
15/05/2023,0,0,0(0.00 %),0,0,0,0,1056187,1.79
16/05/2023,0,0,0(0.00 %),0,0,0,0,1056187,1.79
17/05/2023,0,0,0(0.00 %),0,0,0,0,1056187,1.79
18/05/2023,0,0,0(0.00 %),0,0,0,0,1056187,1.79
19/05/2023,0,0,0(0.00 %),0,0,0,0,1056187,1.79
22/05/2023,0,0,0(0.00 %),0,0,0,0,1056187,1.79
23/05/2023,0,0,0(0.00 %),0,0,0,0,1056187,1.79
24/05/2023,0,0,0(0.00 %),0,0,0,0,1056187,1.79
25/05/2023,0,0,0(0.00 %),0,0,0,0,1056187,1.79
26/05/2023,0,0,0(0.00 %),0,0,0,0,1056187,1.79
29/05/2023,0,0,0(0.00 %),0,0,0,0,1056187,1.79
30/05/2023,0,0,0(0.00 %),0,0,0,0,1056187,1.79
31/05/2023,0,0,0(0.00 %),0,0,0,0,1056187,1.79
01/06/2023,0,0,0(0.00 %),0,0,0,0,1056187,1.79
02/06/2023,0,0,0(0.00 %),0,0,0,0,1056187,1.79
05/06/2023,0,0,0(0.00 %),0,0,0,0,1056187,1.79
06/06/2023,0,0,0(0.00 %),0,0,0,0,1056187,1.79
07/06/2023,0,0,0(0.00 %),0,0,0,0,1056187,1.79
08/06/2023,0,0,0(0.00 %),0,0,0,0,1056187,1.79
09/06/2023,0,0,0(0.00 %),0,0,0,0,1056187,1.79
12/06/2023,0,0,0(0.00 %),0,0,0,0,1056187,1.79
13/06/2023,0,0,0(0.00 %),0,0,0,0,1056187,1.79
14/06/2023,0,0,0(0.00 %),0,0,0,0,1056187,1.79
15/06/2023,0,0,0(0.00 %),0,0,0,0,1056187,1.79
16/06/2023,0,0,0(0.00 %),0,0,0,0,1056187,1.79
19/06/2023,0,0,0(0.00 %),0,0,0,0,1056187,1.79
20/06/2023,0,0,0(0.00 %),0,0,0,0,1056187,1.79
21/06/2023,0,0,0(0.00 %),0,0,0,0,1056187,1.79
22/06/2023,0,0,0(0.00 %),0,0,0,0,1056187,1.79
23/06/2023,0,0,0(0.00 %),0,0,0,0,1056187,1.79
26/06/2023,0,0,0(0.00 %),0,0,0,0,1056187,1.79
27/06/2023,0,0,0(0.00 %),0,0,0,0,1056187,1.79
28/06/2023,0,0,0(0.00 %),0,0,0,0,1056187,1.79
29/06/2023,0,0,0(0.00 %),0,0,0,0,1056187,1.79
30/06/2023,0,0,0(0.00 %),0,0,0,0,1056187,1.79
03/07/2023,0,0,0(0.00 %),0,0,0,0,1056187,1.79
04/07/2023,0,0,0(0.00 %),0,0,0,0,1056187,1.79
05/07/2023,0,0,0(0.00 %),0,0,0,0,1056187,1.79
06/07/2023,0,0,0(0.00 %),0,0,0,0,1056187,1.79
07/07/2023,0,0,0(0.00 %),0,0,0,0,1056187,1.79
10/07/2023,0,0,0(0.00 %),0,0,0,0,1056187,1.79
11/07/2023,0,0,0(0.00 %),0,0,0,0,1056187,1.79
12/07/2023,0,0,0(0.00 %),0,0,0,0,1056187,1.79
13/07/2023,0,0,0(0.00 %),0,0,0,0,1056187,1.79
14/07/2023,0,0,0(0.00 %),0,0,0,0,1056187,1.79
17/07/2023,0,0,0(0.00 %),0,0,0,0,1056187,1.79
18/07/2023,0,0,0(0.00 %),0,0,0,0,1056187,1.79
19/07/2023,0,0,0(0.00 %),0,0,0,0,1056187,1.79
20/07/2023,0,0,0(0.00 %),0,0,0,0,1056187,1.79
21/07/2023,0,0,0(0.00 %),0,0,0,0,1056187,1.79
24/07/2023,0,0,0(0.00 %),0,0,0,0,1056187,1.79
25/07/2023,0,0,0(0.00 %),0,0,0,0,1056187,1.79
26/07/2023,0,0,0(0.00 %),0,0,0,0,1056187,1.79
27/07/2023,0,0,0(0.00 %),0,0,0,0,1056187,1.79
28/07/2023,0,0,0(0.00 %),0,0,0,0,1056187,0.0
31/07/2023,0,0,0(0.00 %),0,0,0,0,1056187,1.79
01/08/2023,0,0,0(0.00 %),0,0,0,0,1056187,1.79
02/08/2023,0,0,0(0.00 %),0,0,0,0,1056187,1.79
03/08/2023,0,0,0(0.00 %),0,0,0,0,1056187,1.79
04/08/2023,0,0,0(0.00 %),0,0,0,0,1056187,1.79
07/08/2023,0,0,0(0.00 %),0,0,0,0,1056187,1.79
08/08/2023,0,0,0(0.00 %),0,0,0,0,1056187,1.79
09/08/2023,0,0,0(0.00 %),0,0,0,0,1056187,1.79
10/08/2023,0,0,0(0.00 %),0,0,0,0,1056187,1.79
11/08/2023,0,0,0(0.00 %),0,0,0,0,1056187,1.79
14/08/2023,0,0,0(0.00 %),0,0,0,0,1056187,1.79
15/08/2023,0,0,0(0.00 %),0,0,0,0,1056187,1.79
16/08/2023,0,0,0(0.00 %),0,0,0,0,1056187,1.79
17/08/2023,0,0,0(0.00 %),0,0,0,0,1056187,1.79
18/08/2023,0,0,0(0.00 %),0,0,0,0,1056187,1.79
21/08/2023,0,0,0(0.00 %),0,0,0,0,1056187,1.79
22/08/2023,0,0,0(0.00 %),0,0,0,0,1056187,1.79
23/08/2023,0,0,0(0.00 %),0,0,0,0,1056187,1.79
24/08/2023,0,0,0(0.00 %),0,0,0,0,1056187,1.79
25/08/2023,0,0,0(0.00 %),0,0,0,0,1056187,0.0
28/08/2023,0,0,0(0.00 %),0,0,0,0,1056187,1.79
29/08/2023,0,0,0(0.00 %),0,0,0,0,1056187,1.79
30/08/2023,0,0,0(0.00 %),0,0,0,0,1056187,1.79
31/08/2023,0,0,0(0.00 %),0,0,0,0,1056187,1.79
05/09/2023,0,0,0(0.00 %),0,0,0,0,1056187,1.79
06/09/2023,0,0,0(0.00 %),0,0,0,0,1056187,0.0
07/09/2023,0,0,0(0.00 %),0,0,0,0,1056187,1.79
08/09/2023,0,0,0(0.00 %),0,0,0,0,1056187,1.79
11/09/2023,-200,-2200000,0(0.00 %),0,0,200,2200000,1056187,1.79
12/09/2023,0,0,0(0.00 %),0,0,0,0,1056187,1.79
13/09/2023,0,0,0(0.00 %),0,0,0,0,1056387,1.78
14/09/2023,0,0,0(0.00 %),0,0,0,0,1056387,1.78
15/09/2023,0,0,0(0.00 %),0,0,0,0,1056387,1.78
18/09/2023,0,0,0(0.00 %),0,0,0,0,1056387,1.78
19/09/2023,0,0,0(0.00 %),0,0,0,0,1056387,1.78
20/09/2023,0,0,0(0.00 %),0,0,0,0,1056387,1.78
21/09/2023,0,0,0(0.00 %),0,0,0,0,1056387,1.78
22/09/2023,0,0,0(0.00 %),0,0,0,0,1056387,1.78
25/09/2023,0,0,0(0.00 %),0,0,0,0,1056387,1.78
26/09/2023,0,0,0(0.00 %),0,0,0,0,1056387,1.78
27/09/2023,0,0,0(0.00 %),0,0,0,0,1056387,0.0
28/09/2023,0,0,0(0.00 %),0,0,0,0,1056387,0.0
29/09/2023,0,0,0(0.00 %),0,0,0,0,1056387,1.78
02/10/2023,0,0,0(0.00 %),0,0,0,0,1056387,1.78
03/10/2023,0,0,0(0.00 %),0,0,0,0,1056387,1.78
04/10/2023,0,0,0(0.00 %),0,0,0,0,1056387,1.78
05/10/2023,0,0,0(0.00 %),0,0,0,0,1056387,1.78
06/10/2023,0,0,0(0.00 %),0,0,0,0,1056387,1.78
09/10/2023,0,0,0(0.00 %),0,0,0,0,1056387,1.78
10/10/2023,0,0,0(0.00 %),0,0,0,0,1056387,1.78
11/10/2023,0,0,0(0.00 %),0,0,0,0,1056387,1.78
12/10/2023,0,0,0(0.00 %),0,0,0,0,1056387,1.78
13/10/2023,0,0,0(0.00 %),0,0,0,0,1056387,1.78
16/10/2023,0,0,0(0.00 %),0,0,0,0,1056387,1.78
17/10/2023,0,0,0(0.00 %),0,0,0,0,1056387,1.78
18/10/2023,0,0,0(0.00 %),0,0,0,0,1056387,1.78
19/10/2023,0,0,0(0.00 %),0,0,0,0,1056387,1.78
20/10/2023,0,0,0(0.00 %),0,0,0,0,1056387,1.78
23/10/2023,0,0,0(0.00 %),0,0,0,0,1056387,1.78
24/10/2023,0,0,0(0.00 %),0,0,0,0,1056387,0.0
25/10/2023,0,0,0(0.00 %),0,0,0,0,1056387,1.78
26/10/2023,0,0,0(0.00 %),0,0,0,0,1056387,1.78
27/10/2023,0,0,0(0.00 %),0,0,0,0,1056387,1.78
30/10/2023,0,0,0(0.00 %),0,0,0,0,1056387,1.78
31/10/2023,0,0,0(0.00 %),0,0,0,0,1056387,1.78
01/11/2023,0,0,0(0.00 %),0,0,0,0,1056387,1.78
02/11/2023,0,0,0(0.00 %),0,0,0,0,1056387,1.78
03/11/2023,0,0,0(0.00 %),0,0,0,0,1056387,1.78
06/11/2023,0,0,0(0.00 %),0,0,0,0,1056387,1.78
07/11/2023,0,0,0(0.00 %),0,0,0,0,1056387,1.78
08/11/2023,0,0,0(0.00 %),0,0,0,0,1056387,1.78
09/11/2023,0,0,0(0.00 %),0,0,0,0,1056387,1.78
10/11/2023,0,0,0(0.00 %),0,0,0,0,1056387,1.78
13/11/2023,0,0,0(0.00 %),0,0,0,0,1056387,1.78
14/11/2023,0,0,0(0.00 %),0,0,0,0,1056387,1.78
15/11/2023,0,0,0(0.00 %),0,0,0,0,1056387,1.78
16/11/2023,0,0,0(0.00 %),0,0,0,0,1056387,1.78
17/11/2023,0,0,0(0.00 %),0,0,0,0,1056387,1.78
20/11/2023,0,0,0(0.00 %),0,0,0,0,1056387,1.78
21/11/2023,0,0,0(0.00 %),0,0,0,0,1056387,1.78
22/11/2023,0,0,0(0.00 %),0,0,0,0,1056387,1.78
23/11/2023,0,0,0(0.00 %),0,0,0,0,1056387,1.78
24/11/2023,0,0,0(0.00 %),0,0,0,0,1056387,1.78
27/11/2023,0,0,0(0.00 %),0,0,0,0,1056387,1.78
28/11/2023,0,0,0(0.00 %),0,0,0,0,1056387,1.78
29/11/2023,0,0,0(0.00 %),0,0,0,0,1056387,1.78
30/11/2023,0,0,0(0.00 %),0,0,0,0,1056387,1.78
01/12/2023,0,0,0(0.00 %),0,0,0,0,1056387,1.78
04/12/2023,0,0,0(0.00 %),0,0,0,0,1056387,1.78
05/12/2023,0,0,0(0.00 %),0,0,0,0,1056387,1.78
06/12/2023,0,0,0(0.00 %),0,0,0,0,1056387,1.78
07/12/2023,0,0,0(0.00 %),0,0,0,0,1056387,1.78
08/12/2023,0,0,0(0.00 %),0,0,0,0,1056387,1.78
11/12/2023,0,0,0(0.00 %),0,0,0,0,1056387,1.78
12/12/2023,0,0,0(0.00 %),0,0,0,0,1056387,1.78
13/12/2023,0,0,0(0.00 %),0,0,0,0,1056387,1.78
14/12/2023,0,0,0(0.00 %),0,0,0,0,1056387,1.78
15/12/2023,0,0,0(0.00 %),0,0,0,0,1056387,1.78
18/12/2023,0,0,0(0.00 %),0,0,0,0,1056387,1.78
19/12/2023,0,0,0(0.00 %),0,0,0,0,1056387,1.78
20/12/2023,0,0,0(0.00 %),0,0,0,0,1056387,0.0
21/12/2023,0,0,0(0.00 %),0,0,0,0,1056387,1.78
22/12/2023,0,0,0(0.00 %),0,0,0,0,1056387,1.78
25/12/2023,0,0,0(0.00 %),0,0,0,0,1056387,1.78
26/12/2023,0,0,0(0.00 %),0,0,0,0,1056387,1.78
27/12/2023,0,0,0(0.00 %),0,0,0,0,1056387,0.0
28/12/2023,0,0,0(0.00 %),0,0,0,0,1056387,0.0
29/12/2023,0,0,0(0.00 %),0,0,0,0,1056387,1.78
02/01/2024,0,0,0(0.00 %),0,0,0,0,1056387,1.78
03/01/2024,0,0,0(0.00 %),0,0,0,0,1056387,1.78
04/01/2024,0,0,0(0.00 %),0,0,0,0,1056387,1.78
05/01/2024,0,0,0(0.00 %),0,0,0,0,1056387,1.78
08/01/2024,0,0,0(0.00 %),0,0,0,0,1056387,1.78
09/01/2024,0,0,0(0.00 %),0,0,0,0,1056387,1.78
10/01/2024,0,0,0(0.00 %),0,0,0,0,1056387,1.78
11/01/2024,0,0,0(0.00 %),0,0,0,0,1056387,1.78
12/01/2024,0,0,0(0.00 %),0,0,0,0,1056387,1.78
15/01/2024,0,0,0(0.00 %),0,0,0,0,1056387,1.78
16/01/2024,0,0,0(0.00 %),0,0,0,0,1056387,1.78
17/01/2024,0,0,0(0.00 %),0,0,0,0,1056387,1.78
18/01/2024,0,0,0(0.00 %),0,0,0,0,1056387,1.78
19/01/2024,0,0,0(0.00 %),0,0,0,0,1056387,1.78
22/01/2024,0,0,0(0.00 %),0,0,0,0,1056387,1.78
23/01/2024,0,0,0(0.00 %),0,0,0,0,1056387,1.78
24/01/2024,0,0,0(0.00 %),0,0,0,0,1056387,1.78
25/01/2024,0,0,0(0.00 %),0,0,0,0,1056387,1.78
26/01/2024,0,0,0(0.00 %),0,0,0,0,1056387,1.78
29/01/2024,0,0,0(0.00 %),0,0,0,0,1056387,1.78
30/01/2024,0,0,0(0.00 %),0,0,0,0,1056387,1.78
31/01/2024,0,0,0(0.00 %),0,0,0,0,1056387,1.78
01/02/2024,0,0,0(0.00 %),0,0,0,0,1056387,1.78
02/02/2024,0,0,0(0.00 %),0,0,0,0,1056387,1.78
05/02/2024,0,0,0(0.00 %),0,0,0,0,1056387,0.0
06/02/2024,0,0,0(0.00 %),0,0,0,0,1056387,1.78
07/02/2024,0,0,0(0.00 %),0,0,0,0,1056387,1.78
15/02/2024,0,0,0(0.00 %),0,0,0,0,1056387,1.78
16/02/2024,0,0,0(0.00 %),0,0,0,0,1056387,1.78
19/02/2024,0,0,0(0.00 %),0,0,0,0,1056387,1.78
20/02/2024,0,0,0(0.00 %),0,0,0,0,1056387,1.78
21/02/2024,0,0,0(0.00 %),0,0,0,0,1056387,1.78
22/02/2024,0,0,0(0.00 %),0,0,0,0,1056387,1.78
23/02/2024,0,0,0(0.00 %),0,0,0,0,1056387,0.0
26/02/2024,0,0,0(0.00 %),0,0,0,0,1056387,1.78
27/02/2024,0,0,0(0.00 %),0,0,0,0,1056387,0.0
28/02/2024,0,0,0(0.00 %),0,0,0,0,1056387,0.0
29/02/2024,0,0,0(0.00 %),0,0,0,0,1056387,1.78
01/03/2024,0,0,0(0.00 %),0,0,0,0,1056387,0.0
04/03/2024,0,0,0(0.00 %),0,0,0,0,1056387,0.0
05/03/2024,0,0,0(0.00 %),0,0,0,0,1056387,1.78
06/03/2024,0,0,0(0.00 %),0,0,0,0,1056387,0.0
07/03/2024,0,0,0(0.00 %),0,0,0,0,1056387,0.0
08/03/2024,0,0,0(0.00 %),0,0,0,0,1056387,0.0
11/03/2024,0,0,0(0.00 %),0,0,0,0,1056387,0.0
12/03/2024,0,0,0(0.00 %),0,0,0,0,1056387,1.78
13/03/2024,0,0,0(0.00 %),0,0,0,0,1056387,1.78
14/03/2024,0,0,0(0.00 %),0,0,0,0,1056387,0.0
15/03/2024,0,0,0(0.00 %),0,0,0,0,1056387,0.0
18/03/2024,0,0,0(0.00 %),0,0,0,0,1056387,1.78
19/03/2024,0,0,0(0.00 %),0,0,0,0,1056387,1.78
20/03/2024,0,0,0(0.00 %),0,0,0,0,1056387,0.0
21/03/2024,0,0,0(0.00 %),0,0,0,0,1056387,0.0
22/03/2024,0,0,0(0.00 %),0,0,0,0,1056387,0.0
25/03/2024,0,0,0(0.00 %),0,0,0,0,1056387,1.78
26/03/2024,0,0,0(0.00 %),0,0,0,0,1056387,0.0
27/03/2024,0,0,0(0.00 %),0,0,0,0,1056387,1.78
28/03/2024,0,0,0(0.00 %),0,0,0,0,1056387,1.78
29/03/2024,0,0,0(0.00 %),0,0,0,0,1056387,1.78
01/04/2024,0,0,0(0.00 %),0,0,0,0,1056387,1.78
02/04/2024,0,0,0(0.00 %),0,0,0,0,1056387,0.0
03/04/2024,0,0,0(0.00 %),0,0,0,0,1056387,1.78
04/04/2024,0,0,0(0.00 %),0,0,0,0,1056387,0.0
05/04/2024,0,0,0(0.00 %),0,0,0,0,1056387,1.78
08/04/2024,0,0,0(0.00 %),0,0,0,0,1056387,0.0
09/04/2024,0,0,0(0.00 %),0,0,0,0,1056387,0.0
10/04/2024,0,0,0(0.00 %),0,0,0,0,1056387,0.0
11/04/2024,0,0,0(0.00 %),0,0,0,0,1056387,1.78
12/04/2024,0,0,0(0.00 %),0,0,0,0,1056387,1.78
15/04/2024,0,0,0(0.00 %),0,0,0,0,1056387,0.0
16/04/2024,0,0,0(0.00 %),0,0,0,0,1056387,0.0
17/04/2024,0,0,0(0.00 %),0,0,0,0,1056387,0.0
19/04/2024,0,0,0(0.00 %),0,0,0,0,1056387,0.0
22/04/2024,0,0,0(0.00 %),0,0,0,0,1056387,1.78
23/04/2024,0,0,0(0.00 %),0,0,0,0,1056387,1.78
24/04/2024,0,0,0(0.00 %),0,0,0,0,1056387,0.0
25/04/2024,0,0,0(0.00 %),0,0,0,0,1056387,0.0
26/04/2024,0,0,0(0.00 %),0,0,0,0,1056387,1.78
02/05/2024,0,0,0(0.00 %),0,0,0,0,1056387,1.78
03/05/2024,0,0,0(0.00 %),0,0,0,0,1056387,1.78
06/05/2024,0,0,0(0.00 %),0,0,0,0,1056387,1.78
07/05/2024,-4300,-24270000,0(0.00 %),0,0,4300,24270000,1056387,1.78
08/05/2024,-2000,-10600000,0(0.00 %),0,0,2000,10600000,1056387,1.78
09/05/2024,0,0,0(0.00 %),0,0,0,0,1060687,1.59
10/05/2024,0,0,0(0.00 %),0,0,0,0,1062687,1.5
13/05/2024,0,0,0(0.00 %),0,0,0,0,1062687,1.5
17/05/2024,0,0,0(0.00 %),0,0,0,0,1062687,1.5
20/05/2024,0,0,0(0.00 %),0,0,0,0,1062687,1.5
21/05/2024,0,0,0(0.00 %),0,0,0,0,1062687,1.5
22/05/2024,0,0,0(0.00 %),0,0,0,0,1062687,1.5
23/05/2024,0,0,0(0.00 %),0,0,0,0,1062687,1.5
27/05/2024,0,0,0(0.00 %),0,0,0,0,1062687,1.5
28/05/2024,0,0,9.3(38.81 %),0,0,0,0,1062687,1.5
29/05/2024,0,0,10.5(14.13 %),0,0,0,0,1062687,1.5
30/05/2024,0,0,12(14.29 %),0,0,0,0,1062687,1.5
31/05/2024,0,0,12.1(0.83 %),0,0,0,0,1062687,1.5
03/06/2024,0,0,10.3(-14.88 %),0,0,0,0,1062687,0.0
04/06/2024,0,0,10.3(0.00 %),0,0,0,0,1062687,0.0
05/06/2024,0,0,10.3(0.00 %),0,0,0,0,1062687,0.0
06/06/2024,0,0,10.3(0.00 %),0,0,0,0,1062687,1.5
07/06/2024,0,0,10.2(-0.97 %),0,0,0,0,1062687,1.5
10/06/2024,-700,-6220000,8.7(-14.71 %),0,0,700,6220000,1062687,0.0
11/06/2024,-5300,-40680000,7.6(-14.61 %),0,0,5300,40680000,1067987,0.0
12/06/2024,0,0,7.7(0.00 %),0,0,0,0,1063387,1.47
13/06/2024,0,0,7.6(-1.30 %),0,0,0,0,1068687,1.23
14/06/2024,0,0,8.7(14.47 %),0,0,0,0,1068687,1.23
17/06/2024,0,0,7.7(0.00 %),0,0,0,0,1068687,1.23
18/06/2024,0,0,7.7(0.00 %),0,0,0,0,1068687,1.23
19/06/2024,0,0,8.8(14.29 %),0,0,0,0,1068687,1.23
20/06/2024,0,0,10.1(14.77 %),0,0,0,0,1068687,1.23
21/06/2024,0,0,11.6(14.85 %),0,0,0,0,1068687,1.23
24/06/2024,0,0,13.3(14.66 %),0,0,0,0,1068687,1.23
25/06/2024,0,0,10.1(-13.68 %),0,0,0,0,1068687,1.23
26/06/2024,0,0,9.8(-11.71 %),0,0,0,0,1068687,1.23
27/06/2024,0,0,9.7(0.00 %),0,0,0,0,1068687,1.23
28/06/2024,0,0,9.7(0.00 %),0,0,0,0,1068687,1.23
03/07/2024,0,0,14.4(14.29 %),0,0,0,0,1068687,0.0
04/07/2024,0,0,16.5(14.58 %),0,0,0,0,1068687,0.0
05/07/2024,0,0,16.5(0.00 %),0,0,0,0,1068687,0.0
08/07/2024,0,0,16.5(0.00 %),0,0,0,0,1068687,0.0
09/07/2024,0,0,14.1(-14.55 %),0,0,0,0,1068687,0.0
10/07/2024,0,0,14.1(0.00 %),0,0,0,0,1068687,0.0
11/07/2024,0,0,14.1(0.00 %),0,0,0,0,1068687,0.0
12/07/2024,0,0,14.1(0.00 %),0,0,0,0,1068687,0.0
15/07/2024,0,0,14.1(0.00 %),0,0,0,0,1068687,0.0
16/07/2024,0,0,12(-14.89 %),0,0,0,0,1068687,0.0
17/07/2024,0,0,12(0.00 %),0,0,0,0,1068687,0.0
18/07/2024,0,0,12(0.00 %),0,0,0,0,1068687,0.0
19/07/2024,0,0,10.2(-15.00 %),0,0,0,0,1068687,0.0
22/07/2024,0,0,11.6(13.73 %),0,0,0,0,1068687,0.0
23/07/2024,0,0,11.7(0.00 %),0,0,0,0,1068687,0.0
24/07/2024,0,0,11.7(0.00 %),0,0,0,0,1068687,0.0
25/07/2024,0,0,11.7(0.00 %),0,0,0,0,1068687,0.0
26/07/2024,0,0,11.7(0.00 %),0,0,0,0,1068687,0.0
29/07/2024,0,0,11.7(0.00 %),0,0,0,0,1068687,0.0
30/07/2024,0,0,11.7(0.00 %),0,0,0,0,1068687,0.0
31/07/2024,0,0,11.7(0.00 %),0,0,0,0,1068687,0.0
01/08/2024,0,0,10(-14.53 %),0,0,0,0,1068687,0.0
02/08/2024,0,0,8.5(-15.00 %),0,0,0,0,1068687,0.0
05/08/2024,0,0,8(-5.88 %),0,0,0,0,1068687,0.0
06/08/2024,0,0,8(0.00 %),0,0,0,0,1068687,0.0
07/08/2024,0,0,8(0.00 %),0,0,0,0,1068687,0.0
08/08/2024,0,0,8(0.00 %),0,0,0,0,1068687,0.0
09/08/2024,0,0,8(0.00 %),0,0,0,0,1068687,0.0
12/08/2024,0,0,8(0.00 %),0,0,0,0,1068687,0.0
13/08/2024,0,0,8(0.00 %),0,0,0,0,1068687,0.0
14/08/2024,0,0,6.8(-15.00 %),0,0,0,0,1068687,0.0
15/08/2024,0,0,6(-11.76 %),0,0,0,0,1068687,0.0
16/08/2024,0,0,6(0.00 %),0,0,0,0,1068687,0.0
19/08/2024,0,0,5.5(-8.33 %),0,0,0,0,1068687,0.0
20/08/2024,0,0,5.5(0.00 %),0,0,0,0,1068687,0.0
21/08/2024,0,0,6.3(14.55 %),0,0,0,0,1068687,0.0
22/08/2024,0,0,7.2(14.29 %),0,0,0,0,1068687,0.0
23/08/2024,0,0,8.2(13.89 %),0,0,0,0,1068687,0.0
26/08/2024,0,0,9.3(13.41 %),0,0,0,0,1068687,0.0
27/08/2024,0,0,7.2(-12.20 %),0,0,0,0,1068687,0.0
28/08/2024,0,0,7.2(0.00 %),0,0,0,0,1068687,0.0
29/08/2024,0,0,8.2(13.89 %),0,0,0,0,1068687,0.0
30/08/2024,0,0,8.2(0.00 %),0,0,0,0,1068687,0.0
04/09/2024,0,0,9.4(14.63 %),0,0,0,0,1068687,0.0
05/09/2024,0,0,9.5(1.06 %),0,0,0,0,1068687,0.0
06/09/2024,0,0,9.5(0.00 %),0,0,0,0,1068687,0.0
09/09/2024,0,0,9.5(0.00 %),0,0,0,0,1068687,0.0
10/09/2024,0,0,9.5(0.00 %),0,0,0,0,1068687,0.0
11/09/2024,0,0,9.5(0.00 %),0,0,0,0,1068687,0.0
12/09/2024,0,0,9.5(0.00 %),0,0,0,0,1068687,0.0
13/09/2024,0,0,9.5(0.00 %),0,0,0,0,1068687,0.0
16/09/2024,0,0,9.5(0.00 %),0,0,0,0,1068687,0.0
17/09/2024,0,0,9.5(0.00 %),0,0,0,0,1068687,0.0
18/09/2024,0,0,9.5(0.00 %),0,0,0,0,1068687,0.0
19/09/2024,0,0,9.5(0.00 %),0,0,0,0,1068687,0.0
20/09/2024,0,0,10(5.26 %),0,0,0,0,1068687,0.0
23/09/2024,0,0,10(0.00 %),0,0,0,0,1068687,0.0
24/09/2024,0,0,10(0.00 %),0,0,0,0,1068687,0.0
25/09/2024,0,0,10(0.00 %),0,0,0,0,1068687,0.0
26/09/2024,0,0,10(0.00 %),0,0,0,0,1068687,0.0
27/09/2024,0,0,10(0.00 %),0,0,0,0,1068687,0.0
30/09/2024,0,0,10(0.00 %),0,0,0,0,1068687,0.0
01/10/2024,0,0,10(0.00 %),0,0,0,0,1068687,0.0
02/10/2024,0,0,10(0.00 %),0,0,0,0,1068687,0.0
03/10/2024,0,0,10(0.00 %),0,0,0,0,1068687,0.0
04/10/2024,0,0,10(0.00 %),0,0,0,0,1068687,0.0
07/10/2024,0,0,10(0.00 %),0,0,0,0,1068687,0.0
08/10/2024,0,0,10(0.00 %),0,0,0,0,1068687,0.0
09/10/2024,0,0,10(0.00 %),0,0,0,0,1068687,0.0
10/10/2024,0,0,10(0.00 %),0,0,0,0,1068687,0.0
11/10/2024,0,0,10(0.00 %),0,0,0,0,1068687,0.0
14/10/2024,0,0,10(0.00 %),0,0,0,0,1068687,0.0
15/10/2024,0,0,10(0.00 %),0,0,0,0,1068687,0.0
16/10/2024,0,0,10(0.00 %),0,0,0,0,1068687,0.0
17/10/2024,0,0,10(0.00 %),0,0,0,0,1068687,0.0
18/10/2024,0,0,10(0.00 %),0,0,0,0,1068687,0.0
21/10/2024,0,0,10(0.00 %),0,0,0,0,1068687,0.0
22/10/2024,0,0,10(0.00 %),0,0,0,0,1068687,0.0
23/10/2024,0,0,10(0.00 %),0,0,0,0,1068687,0.0
24/10/2024,0,0,10(0.00 %),0,0,0,0,1068687,0.0
25/10/2024,0,0,10(0.00 %),0,0,0,0,1068687,0.0
28/10/2024,0,0,10(0.00 %),0,0,0,0,1068687,0.0
29/10/2024,0,0,10(0.00 %),0,0,0,0,1068687,0.0
30/10/2024,0,0,10(0.00 %),0,0,0,0,1068687,0.0
31/10/2024,0,0,10(0.00 %),0,0,0,0,1068687,0.0
01/11/2024,0,0,10(0.00 %),0,0,0,0,1068687,0.0
04/11/2024,0,0,10(0.00 %),0,0,0,0,1068687,0.0
05/11/2024,0,0,10(0.00 %),0,0,0,0,1068687,0.0
06/11/2024,0,0,10(0.00 %),0,0,0,0,1068687,0.0
07/11/2024,0,0,10(0.00 %),0,0,0,0,1068687,0.0
08/11/2024,0,0,10(0.00 %),0,0,0,0,1068687,0.0
11/11/2024,0,0,10(0.00 %),0,0,0,0,1068687,0.0
12/11/2024,0,0,10(0.00 %),0,0,0,0,1068687,1.23
13/11/2024,0,0,10(0.00 %),0,0,0,0,1068687,0.0
14/11/2024,0,0,10(0.00 %),0,0,0,0,1068687,0.0
15/11/2024,0,0,10(0.00 %),0,0,0,0,1068687,0.0
18/11/2024,0,0,10(0.00 %),0,0,0,0,1068687,0.0
19/11/2024,0,0,10(0.00 %),0,0,0,0,1068687,0.0
20/11/2024,0,0,10(0.00 %),0,0,0,0,1068687,0.0
21/11/2024,0,0,10(0.00 %),0,0,0,0,1068687,0.0
22/11/2024,0,0,10(0.00 %),0,0,0,0,1068687,0.0
25/11/2024,0,0,10(0.00 %),0,0,0,0,1068687,1.23
26/11/2024,0,0,10(0.00 %),0,0,0,0,1068687,1.23
27/11/2024,0,0,10(0.00 %),0,0,0,0,1068687,1.23
28/11/2024,0,0,10(0.00 %),0,0,0,0,1068687,1.23
29/11/2024,0,0,10(0.00 %),0,0,0,0,1068687,1.23
02/12/2024,0,0,0(0.00 %),0,0,0,0,1068687,1.23
03/12/2024,0,0,0(0.00 %),0,0,0,0,1068687,1.23
04/12/2024,0,0,0(0.00 %),0,0,0,0,1068687,1.23
05/12/2024,0,0,0(0.00 %),0,0,0,0,1068687,1.23
09/12/2024,0,0,10(0.00 %),0,0,0,0,1068687,1.23
10/12/2024,0,0,10(0.00 %),0,0,0,0,1068687,1.23
16/12/2024,0,0,10(0.00 %),0,0,0,0,1068687,1.23
17/12/2024,0,0,10(0.00 %),0,0,0,0,1068687,1.23
18/12/2024,0,0,8.5(-15.00 %),0,0,0,0,1068687,1.23
19/12/2024,0,0,8.5(0.00 %),0,0,0,0,1068687,1.23
20/12/2024,0,0,8.5(0.00 %),0,0,0,0,1068687,1.23
24/12/2024,0,0,8.5(0.00 %),0,0,0,0,1068687,1.23
25/12/2024,0,0,8.5(0.00 %),0,0,0,0,1068687,1.23
26/12/2024,0,0,8.5(0.00 %),0,0,0,0,1068687,1.23
27/12/2024,0,0,8.5(0.00 %),0,0,0,0,1068687,1.23
30/12/2024,0,0,8.5(0.00 %),0,0,0,0,1068687,1.23
31/12/2024,0,0,8.5(0.00 %),0,0,0,0,1068687,1.23
02/01/2025,0,0,8.5(0.00 %),0,0,0,0,1068687,1.23
03/01/2025,0,0,8.5(0.00 %),0,0,0,0,1068687,1.23
06/01/2025,0,0,8.5(0.00 %),0,0,0,0,1068687,1.23
07/01/2025,0,0,8.5(0.00 %),0,0,0,0,1068687,0.0
08/01/2025,0,0,9.7(14.12 %),0,0,0,0,1068687,1.23
09/01/2025,0,0,9.7(0.00 %),0,0,0,0,1068687,1.23
10/01/2025,0,0,9.7(0.00 %),0,0,0,0,1068687,1.23
13/01/2025,0,0,9.7(0.00 %),0,0,0,0,1068687,1.23
14/01/2025,0,0,9.7(0.00 %),0,0,0,0,1068687,1.23
15/01/2025,0,0,9.7(0.00 %),0,0,0,0,1068687,1.23
16/01/2025,0,0,9.7(0.00 %),0,0,0,0,1068687,0.0
17/01/2025,0,0,9.7(0.00 %),0,0,0,0,1068687,1.23
20/01/2025,0,0,9.6(-1.03 %),0,0,0,0,1068687,1.23
21/01/2025,0,0,9.6(0.00 %),0,0,0,0,1068687,1.23
22/01/2025,0,0,9.6(0.00 %),0,0,0,0,1068687,1.23
23/01/2025,0,0,9.6(0.00 %),0,0,0,0,1068687,1.23
24/01/2025,0,0,9.6(0.00 %),0,0,0,0,1068687,1.23
03/02/2025,0,0,0(0.00 %),0,0,0,0,1068687,1.23
04/02/2025,0,0,9.6(0.00 %),0,0,0,0,1068687,1.23
05/02/2025,0,0,9.6(0.00 %),0,0,0,0,1068687,1.23
06/02/2025,0,0,9.6(0.00 %),0,0,0,0,1068687,1.23
07/02/2025,0,0,9.6(0.00 %),0,0,0,0,1068687,1.23
10/02/2025,0,0,9.6(0.00 %),0,0,0,0,1068687,1.23
11/02/2025,0,0,9.6(0.00 %),0,0,0,0,1068687,1.23
12/02/2025,0,0,9.6(0.00 %),0,0,0,0,1068687,1.23
13/02/2025,0,0,9.6(0.00 %),0,0,0,0,1068687,1.23
14/02/2025,0,0,9.6(0.00 %),0,0,0,0,1068687,1.23
17/02/2025,0,0,9.6(0.00 %),0,0,0,0,1068687,1.23
18/02/2025,0,0,9.6(0.00 %),0,0,0,0,1068687,1.23
19/02/2025,0,0,9.6(0.00 %),0,0,0,0,1068687,1.23
20/02/2025,0,0,9.6(0.00 %),0,0,0,0,1068687,1.23
21/02/2025,0,0,9.6(0.00 %),0,0,0,0,1068687,1.23
24/02/2025,0,0,9.6(0.00 %),0,0,0,0,1068687,1.23
25/02/2025,0,0,9.6(0.00 %),0,0,0,0,1068687,1.23
26/02/2025,0,0,9.6(0.00 %),0,0,0,0,1068687,1.23
27/02/2025,0,0,9.6(0.00 %),0,0,0,0,1068687,1.23
28/02/2025,0,0,9.6(0.00 %),0,0,0,0,1068687,1.23
03/03/2025,0,0,9.6(0.00 %),0,0,0,0,1068687,1.23
04/03/2025,0,0,9.6(0.00 %),0,0,0,0,1068687,1.23
05/03/2025,0,0,9.6(0.00 %),0,0,0,0,1068687,1.23
06/03/2025,0,0,9.6(0.00 %),0,0,0,0,1068687,1.23
07/03/2025,0,0,9.6(0.00 %),0,0,0,0,1068687,1.23
10/03/2025,0,0,9.6(0.00 %),0,0,0,0,1068687,1.23
11/03/2025,0,0,9.6(0.00 %),0,0,0,0,1068687,1.23
12/03/2025,0,0,9.6(0.00 %),0,0,0,0,1068687,1.23
13/03/2025,0,0,9.6(0.00 %),0,0,0,0,1068687,1.23
14/03/2025,0,0,9.6(0.00 %),0,0,0,0,1068687,1.23
17/03/2025,0,0,0(0.00 %),0,0,0,0,1068687,1.23
18/03/2025,0,0,9.6(0.00 %),0,0,0,0,1068687,1.23
19/03/2025,0,0,9.6(0.00 %),0,0,0,0,1068687,1.23
20/03/2025,0,0,9.6(0.00 %),0,0,0,0,1068687,1.23
21/03/2025,0,0,9.6(0.00 %),0,0,0,0,1068687,1.23
24/03/2025,0,0,9.6(0.00 %),0,0,0,0,1068687,1.23
25/03/2025,0,0,9.6(0.00 %),0,0,0,0,1068687,1.23
26/03/2025,0,0,9.6(0.00 %),0,0,0,0,1068687,1.23
27/03/2025,0,0,9.6(0.00 %),0,0,0,0,1068687,1.23
28/03/2025,0,0,9.6(0.00 %),0,0,0,0,1068687,1.23
31/03/2025,0,0,9.6(0.00 %),0,0,0,0,1068687,1.23
01/04/2025,0,0,9.6(0.00 %),0,0,0,0,1068687,1.23
02/04/2025,0,0,9.6(0.00 %),0,0,0,0,1068687,1.23
03/04/2025,0,0,9.6(0.00 %),0,0,0,0,1068687,1.23
04/04/2025,0,0,9.6(0.00 %),0,0,0,0,1068687,1.23
08/04/2025,0,0,9.6(0.00 %),0,0,0,0,1068687,1.23
09/04/2025,0,0,9.6(0.00 %),0,0,0,0,1068687,1.23
10/04/2025,0,0,9.6(0.00 %),0,0,0,0,1068687,1.23
11/04/2025,0,0,9.6(0.00 %),0,0,0,0,1068687,1.23
14/04/2025,0,0,9.6(0.00 %),0,0,0,0,1068687,1.23
15/04/2025,0,0,9.6(0.00 %),0,0,0,0,1068687,1.23
16/04/2025,0,0,9.6(0.00 %),0,0,0,0,1068687,1.23
17/04/2025,0,0,9.6(0.00 %),0,0,0,0,1068687,1.23
18/04/2025,0,0,13.4(39.58 %),0,0,0,0,1068687,1.23
21/04/2025,0,0,13.4(0.00 %),0,0,0,0,1068687,1.23
22/04/2025,0,0,13.4(0.00 %),0,0,0,0,1068687,1.23
23/04/2025,0,0,13.4(0.00 %),0,0,0,0,1068687,1.23
24/04/2025,0,0,13.4(0.00 %),0,0,0,0,1068687,1.23
25/04/2025,0,0,13.4(0.00 %),0,0,0,0,1068687,1.23
28/04/2025,0,0,13.4(0.00 %),0,0,0,0,1068687,1.23
29/04/2025,0,0,13.4(0.00 %),0,0,0,0,1068687,1.23
05/05/2025,0,0,13.4(0.00 %),0,0,0,0,1068687,1.23
06/05/2025,0,0,13.3(-0.75 %),0,0,0,0,1068687,1.23
07/05/2025,0,0,13.3(0.00 %),0,0,0,0,1068687,1.23
08/05/2025,0,0,13.3(0.00 %),0,0,0,0,1068687,1.23
09/05/2025,0,0,13.3(0.00 %),0,0,0,0,1068687,1.23
12/05/2025,0,0,13.3(0.00 %),0,0,0,0,1068687,1.23
13/05/2025,0,0,13.3(0.00 %),0,0,0,0,1068687,1.23
14/05/2025,0,0,13.3(0.00 %),0,0,0,0,1068687,1.23
15/05/2025,0,0,13.3(0.00 %),0,0,0,0,1068687,1.23
16/05/2025,0,0,13.3(0.00 %),0,0,0,0,1068687,1.23
19/05/2025,0,0,13.3(0.00 %),0,0,0,0,1068687,1.23
20/05/2025,0,0,13.3(0.00 %),0,0,0,0,1068687,1.23
21/05/2025,0,0,13.3(0.00 %),0,0,0,0,1068687,1.23
22/05/2025,0,0,13.3(0.00 %),0,0,0,0,1068687,1.23
23/05/2025,0,0,13.3(0.00 %),0,0,0,0,1068687,1.23
26/05/2025,0,0,13.3(0.00 %),0,0,0,0,1068687,1.23
27/05/2025,0,0,13.3(0.00 %),0,0,0,0,1068687,1.23
28/05/2025,0,0,13.3(0.00 %),0,0,0,0,1068687,1.23
29/05/2025,0,0,13.3(0.00 %),0,0,0,0,1068687,1.23
30/05/2025,0,0,13.3(0.00 %),0,0,0,0,1068687,1.23
02/06/2025,0,0,13.3(0.00 %),0,0,0,0,1068687,1.23
03/06/2025,0,0,13.3(0.00 %),0,0,0,0,1068687,1.23
04/06/2025,0,0,13.3(0.00 %),0,0,0,0,1068687,1.23
05/06/2025,0,0,13.3(0.00 %),0,0,0,0,1068687,1.23
06/06/2025,0,0,13.3(0.00 %),0,0,0,0,1068687,1.23
09/06/2025,0,0,13.3(0.00 %),0,0,0,0,1068687,1.23
10/06/2025,0,0,13.3(0.00 %),0,0,0,0,1068687,1.23
11/06/2025,0,0,13.3(0.00 %),0,0,0,0,1068687,1.23
12/06/2025,0,0,10.9(-18.05 %),0,0,0,0,1068687,1.23
13/06/2025,0,0,14.8(0.00 %),0,0,0,0,1068687,1.23
16/06/2025,0,0,14.8(0.00 %),0,0,0,0,1068687,1.23
17/06/2025,0,0,14.8(0.00 %),0,0,0,0,1068687,1.23
18/06/2025,0,0,13.5(-8.78 %),0,0,0,0,1068687,1.23
19/06/2025,0,0,13.5(0.00 %),0,0,0,0,1068687,1.23
20/06/2025,0,0,13.5(0.00 %),0,0,0,0,1068687,1.23
23/06/2025,0,0,13.5(0.00 %),0,0,0,0,1068687,1.23
24/06/2025,0,0,13.5(0.00 %),0,0,0,0,1068687,1.23
25/06/2025,0,0,13.5(0.00 %),0,0,0,0,1068687,1.23
26/06/2025,0,0,13.5(0.00 %),0,0,0,0,1068687,1.23
27/06/2025,0,0,13.5(0.00 %),0,0,0,0,1068687,1.23
30/06/2025,0,0,12(-11.11 %),0,0,0,0,1068687,1.23
01/07/2025,0,0,12(0.00 %),0,0,0,0,1068687,1.23
02/07/2025,0,0,12(0.00 %),0,0,0,0,1068687,1.23
03/07/2025,0,0,12(0.00 %),0,0,0,0,1068687,1.23
04/07/2025,0,0,12(0.00 %),0,0,0,0,1068687,1.23
07/07/2025,0,0,12(0.00 %),0,0,0,0,1068687,1.23
08/07/2025,0,0,12(0.00 %),0,0,0,0,1068687,1.23
09/07/2025,0,0,0(0.00 %),0,0,0,0,1068687,1.23
11/07/2025,0,0,12(0.00 %),0,0,0,0,1068687,1.23
14/07/2025,0,0,12(0.00 %),0,0,0,0,1068687,1.23
15/07/2025,0,0,12(0.00 %),0,0,0,0,1068687,1.23
16/07/2025,0,0,12(0.00 %),0,0,0,0,1068687,1.23
17/07/2025,0,0,11.5(10.58 %),0,0,0,0,1068687,1.23
18/07/2025,0,0,10.2(0.00 %),0,0,0,0,1068687,1.23
21/07/2025,0,0,10.2(0.00 %),0,0,0,0,1068687,1.23
22/07/2025,0,0,10.2(0.00 %),0,0,0,0,1068687,1.23
23/07/2025,0,0,11(7.84 %),0,0,0,0,1068687,1.23
24/07/2025,0,0,10.1(14.77 %),0,0,0,0,1068687,1.23
25/07/2025,0,0,7.5(-5.06 %),0,0,0,0,1068687,1.23
28/07/2025,0,0,8.7(14.47 %),0,0,0,0,1068687,1.23
29/07/2025,0,0,9.4(8.05 %),0,0,0,0,1068687,1.23
30/07/2025,0,0,9.8(4.26 %),0,0,0,0,1068687,1.23
31/07/2025,0,0,10.2(0.99 %),0,0,0,0,1068687,1.23
01/08/2025,0,0,10.6(0.00 %),0,0,0,0,1068687,1.23
04/08/2025,0,0,10.6(0.00 %),0,0,0,0,1068687,1.23
05/08/2025,0,0,10.6(0.00 %),0,0,0,0,1068687,1.23
06/08/2025,0,0,10.6(0.00 %),0,0,0,0,1068687,1.23
07/08/2025,0,0,9.1(-14.15 %),0,0,0,0,1068687,1.23
08/08/2025,0,0,9.1(0.00 %),0,0,0,0,1068687,1.23
11/08/2025,0,0,9.5(0.00 %),0,0,0,0,1068687,1.23
12/08/2025,0,0,9.1(-5.21 %),0,0,0,0,1068687,1.23
13/08/2025,0,0,8.4(-1.18 %),0,0,0,0,1068687,1.23
14/08/2025,0,0,8.2(9.33 %),0,0,0,0,1068687,1.23
15/08/2025,0,0,7.4(-11.90 %),0,0,0,0,1068687,1.23
18/08/2025,0,0,7.2(-4.00 %),0,0,0,0,1068687,1.23
19/08/2025,0,0,7.5(4.17 %),0,0,0,0,1068687,1.23
20/08/2025,0,0,8(5.26 %),0,0,0,0,1068687,1.23
21/08/2025,0,0,8.1(0.00 %),0,0,0,0,1068687,1.23
22/08/2025,0,0,8.1(0.00 %),0,0,0,0,1068687,1.23
25/08/2025,0,0,8(-1.23 %),0,0,0,0,1068687,1.23
