Ngay,KLGDRong,GTDGRong,ThayDoi,KLMua,GtMua,KLBan,GtBan,RoomConLai,DangSoHuu
18/11/2003,-241350,-4271895,0(0.00 %),0,0,241350,4271895,0,0.0
24/11/2003,235000,4159500,0(0.00 %),235000,4159500,0,0,0,0.0
03/03/2004,60,1470,0(0.00 %),60,1470,0,0,0,0.0
29/10/2004,-95000,-2422500,0(0.00 %),0,0,95000,2422500,0,0.0
02/11/2004,-8540,-250222,0(0.00 %),0,0,8540,250222,0,0.0
01/12/2004,20,572,0(0.00 %),20,572,0,0,0,0.0
03/12/2004,-3000,-84300,0(0.00 %),0,0,3000,84300,0,0.0
07/12/2004,-4950,-140065,0(0.00 %),50,1435,5000,141500,0,0.0
08/12/2004,-5000,-141500,0(0.00 %),0,0,5000,141500,0,0.0
09/12/2004,-7900,-224320,0(0.00 %),100,2880,8000,227200,0,0.0
10/12/2004,-7000,-201600,0(0.00 %),0,0,7000,201600,0,0.0
13/12/2004,-15000,-442500,0(0.00 %),0,0,15000,442500,0,0.0
15/12/2004,-70000,-2148000,0(0.00 %),0,0,70000,2148000,0,0.0
16/12/2004,-7000,-217600,0(0.00 %),0,0,7000,217600,0,0.0
17/12/2004,-2000,-64400,0(0.00 %),0,0,2000,64400,0,0.0
20/12/2004,-6000,-196800,0(0.00 %),0,0,6000,196800,0,0.0
21/12/2004,-2710,-88888,0(0.00 %),0,0,2710,88888,0,0.0
22/12/2004,-7290,-236925,0(0.00 %),0,0,7290,236925,0,0.0
23/12/2004,400,13200,0(0.00 %),3400,112200,3000,99000,0,0.0
24/12/2004,-3700,-127280,0(0.00 %),1300,44720,5000,172000,0,0.0
27/12/2004,-5000,-171500,0(0.00 %),0,0,5000,171500,0,0.0
29/12/2004,-4000,-132000,0(0.00 %),0,0,4000,132000,0,0.0
30/12/2004,-2200,-72090,0(0.00 %),800,26160,3000,98250,0,0.0
06/01/2005,1200,37320,0(0.00 %),1200,37320,0,0,0,0.0
07/01/2005,500,15650,0(0.00 %),500,15650,0,0,0,0.0
28/01/2005,500,16000,0(0.00 %),500,16000,0,0,0,0.0
03/02/2005,1500,47850,0(0.00 %),1500,47850,0,0,0,0.0
16/02/2005,1000,31600,0(0.00 %),1000,31600,0,0,0,0.0
02/03/2005,3420,110466,0(0.00 %),3420,110466,0,0,0,0.0
03/03/2005,970,31816,0(0.00 %),970,31816,0,0,0,0.0
04/03/2005,3110,103563,0(0.00 %),3110,103563,0,0,0,0.0
08/03/2005,500,17000,0(0.00 %),500,17000,0,0,0,0.0
09/03/2005,-5000,-168000,0(0.00 %),0,0,5000,168000,0,0.0
11/03/2005,-20010,-674337,0(0.00 %),0,0,20010,674337,0,0.0
21/03/2005,100,3230,0(0.00 %),100,3230,0,0,0,0.0
22/03/2005,2000,64800,0(0.00 %),2000,64800,0,0,0,0.0
23/03/2005,-10000,-325000,0(0.00 %),0,0,10000,325000,0,0.0
06/04/2005,-15000,-474000,0(0.00 %),0,0,15000,474000,0,0.0
07/04/2005,-10000,-316000,0(0.00 %),0,0,10000,316000,0,0.0
08/04/2005,-4900,-154840,0(0.00 %),0,0,4900,154840,0,0.0
11/04/2005,-10000,-316000,0(0.00 %),0,0,10000,316000,0,0.0
12/04/2005,-15000,-475500,0(0.00 %),0,0,15000,475500,0,0.0
13/04/2005,-15000,-477000,0(0.00 %),0,0,15000,477000,0,0.0
14/04/2005,-10000,-319000,0(0.00 %),0,0,10000,319000,0,0.0
18/04/2005,-500,-16050,0(0.00 %),0,0,500,16050,0,0.0
19/04/2005,-500,-16050,0(0.00 %),0,0,500,16050,0,0.0
21/04/2005,-500,-16500,0(0.00 %),0,0,500,16500,0,0.0
26/04/2005,-29700,-1033560,0(0.00 %),0,0,29700,1033560,0,0.0
27/04/2005,3000,104400,0(0.00 %),3000,104400,0,0,0,0.0
28/04/2005,-20000,-684000,0(0.00 %),0,0,20000,684000,0,0.0
06/05/2005,-15390,-521721,0(0.00 %),0,0,15390,521721,0,0.0
11/05/2005,-10000,-332000,0(0.00 %),19800,657360,29800,989360,0,0.0
13/05/2005,-7420,-244860,0(0.00 %),2500,82500,9920,327360,0,0.0
16/05/2005,1000,32200,0(0.00 %),1000,32200,0,0,0,0.0
17/05/2005,-18000,-583200,0(0.00 %),2000,64800,20000,648000,0,0.0
18/05/2005,-38500,-1252100,0(0.00 %),1500,48900,40000,1301000,0,0.0
19/05/2005,-28270,-938564,0(0.00 %),0,0,28270,938564,0,0.0
20/05/2005,-960,-32256,0(0.00 %),2500,84000,3460,116256,0,0.0
23/05/2005,3000,100500,0(0.00 %),3000,100500,0,0,0,0.0
25/05/2005,1000,33400,0(0.00 %),1000,33400,0,0,0,0.0
26/05/2005,4500,150750,0(0.00 %),4500,150750,0,0,0,0.0
27/05/2005,500,16700,0(0.00 %),500,16700,0,0,0,0.0
14/06/2005,200,6560,0(0.00 %),200,6560,0,0,0,0.0
17/06/2005,100,3270,0(0.00 %),100,3270,0,0,0,0.0
30/06/2005,400,12920,0(0.00 %),400,12920,0,0,0,0.0
06/07/2005,-1000,-33500,0(0.00 %),0,0,1000,33500,0,0.0
11/07/2005,2000,69000,0(0.00 %),2000,69000,0,0,0,0.0
20/07/2005,4600,156860,0(0.00 %),4600,156860,0,0,0,0.0
21/07/2005,-1000,-33600,0(0.00 %),0,0,1000,33600,0,0.0
02/08/2005,300,10020,0(0.00 %),300,10020,0,0,0,0.0
05/08/2005,900,29790,0(0.00 %),900,29790,0,0,0,0.0
10/08/2005,-2300,-78660,0(0.00 %),0,0,2300,78660,0,0.0
12/08/2005,500,17750,0(0.00 %),500,17750,0,0,0,0.0
18/08/2005,-400,-14440,0(0.00 %),0,0,400,14440,0,0.0
22/08/2005,500,17900,0(0.00 %),1000,35800,500,17900,0,0.0
23/08/2005,100,3570,0(0.00 %),100,3570,0,0,0,0.0
24/08/2005,300,10650,0(0.00 %),300,10650,0,0,0,0.0
01/09/2005,260,9412,0(0.00 %),260,9412,0,0,0,0.0
05/09/2005,10,358,0(0.00 %),10,358,0,0,0,0.0
08/09/2005,3000,109200,0(0.00 %),3000,109200,0,0,0,0.0
09/09/2005,12000,439200,0(0.00 %),12000,439200,0,0,0,0.0
15/09/2005,50,1900,0(0.00 %),50,1900,0,0,0,0.0
20/09/2005,400,16720,0(0.00 %),400,16720,0,0,0,0.0
27/09/2005,800,32160,0(0.00 %),800,32160,0,0,0,0.0
30/09/2005,640,27072,0(0.00 %),640,27072,0,0,0,0.0
03/10/2005,300,12090,0(0.00 %),300,12090,0,0,0,0.0
06/10/2005,2400,99600,0(0.00 %),2400,99600,0,0,0,0.0
14/10/2005,1000,45100,0(0.00 %),1000,45100,0,0,0,0.0
17/10/2005,9650,454515,0(0.00 %),9650,454515,0,0,0,0.0
18/10/2005,11560,547128,0(0.00 %),11560,547128,0,0,0,0.0
19/10/2005,300,14130,0(0.00 %),300,14130,0,0,0,0.0
20/10/2005,250,11875,0(0.00 %),250,11875,0,0,0,0.0
25/10/2005,5000,236900,0(0.00 %),5000,236900,0,0,0,0.0
26/10/2005,-290,-14550,0(0.00 %),4000,180000,4290,194550,0,0.0
27/10/2005,340,15932,0(0.00 %),1000,45500,660,29568,0,0.0
28/10/2005,800,37200,0(0.00 %),800,37200,0,0,0,0.0
31/10/2005,0,0,0(0.00 %),300,13950,300,13950,0,0.0
01/11/2005,-2200,-101840,0(0.00 %),800,37360,3000,139200,0,0.0
02/11/2005,-3910,-183770,0(0.00 %),0,0,3910,183770,0,0.0
03/11/2005,1750,83825,0(0.00 %),1750,83825,0,0,0,0.0
04/11/2005,-2500,-118500,0(0.00 %),0,0,2500,118500,0,0.0
08/11/2005,2880,135936,0(0.00 %),2880,135936,0,0,0,0.0
15/11/2005,3000,139200,0(0.00 %),3000,139200,0,0,0,0.0
16/11/2005,-4400,-202400,0(0.00 %),100,4600,4500,207000,0,0.0
17/11/2005,-1500,-69000,0(0.00 %),0,0,1500,69000,0,0.0
21/11/2005,-2000,-91100,0(0.00 %),0,0,2000,91100,0,0.0
22/11/2005,-790,-35550,0(0.00 %),0,0,790,35550,0,0.0
23/11/2005,100,4500,0(0.00 %),100,4500,0,0,0,0.0
24/11/2005,-150,-6450,0(0.00 %),100,4300,250,10750,0,0.0
29/11/2005,200,8720,0(0.00 %),200,8720,0,0,0,0.0
30/11/2005,100,4370,0(0.00 %),100,4370,0,0,0,0.0
01/12/2005,-710,-31950,0(0.00 %),0,0,710,31950,0,0.0
08/12/2005,-100,-4660,0(0.00 %),0,0,100,4660,0,0.0
09/12/2005,6000,267000,0(0.00 %),6000,267000,0,0,0,0.0
12/12/2005,900,38070,0(0.00 %),900,38070,0,0,0,0.0
13/12/2005,300,12060,0(0.00 %),300,12060,0,0,0,0.0
14/12/2005,1000,41500,0(0.00 %),1000,41500,0,0,0,0.0
15/12/2005,2030,86478,0(0.00 %),2030,86478,0,0,0,0.0
16/12/2005,1400,58800,0(0.00 %),1400,58800,0,0,0,0.0
19/12/2005,200,8200,0(0.00 %),200,8200,0,0,0,0.0
21/12/2005,500,20310,0(0.00 %),500,20310,0,0,0,0.0
22/12/2005,1100,44100,0(0.00 %),1100,44100,0,0,0,0.0
23/12/2005,-500,-20000,0(0.00 %),500,20000,1000,40000,0,0.0
26/12/2005,900,36440,0(0.00 %),900,36440,0,0,0,0.0
27/12/2005,1150,46030,0(0.00 %),1150,46030,0,0,0,0.0
28/12/2005,600,12000,20(-50.00 %),600,12000,0,0,0,0.0
29/12/2005,500,10000,20(0.00 %),500,10000,0,0,0,0.0
30/12/2005,500,10150,20.3(1.50 %),500,10150,0,0,0,0.0
03/01/2006,200,4060,20.3(0.00 %),200,4060,0,0,0,0.0
05/01/2006,700,14090,20.1(-0.50 %),700,14090,0,0,0,0.0
06/01/2006,500,9900,20(-0.50 %),500,9900,0,0,0,0.0
09/01/2006,200,4000,19.9(-0.50 %),200,4000,0,0,0,0.0
10/01/2006,200,3960,19.8(-0.50 %),200,3960,0,0,0,0.0
11/01/2006,300,5920,19.7(-0.51 %),300,5920,0,0,0,0.0
12/01/2006,2710,53287,19.5(-1.02 %),2710,53287,0,0,0,0.0
13/01/2006,500,9750,19.5(0.00 %),500,9750,0,0,0,0.0
17/01/2006,100,1940,19.5(0.00 %),100,1940,0,0,0,0.0
18/01/2006,200,3900,19.5(0.00 %),200,3900,0,0,0,0.0
19/01/2006,4000,78000,19.5(0.00 %),4000,78000,0,0,0,0.0
20/01/2006,790,15721,19.9(2.05 %),5000,99500,4210,83779,0,0.0
23/01/2006,5800,116000,20(0.50 %),13000,260000,7200,144000,0,0.0
24/01/2006,-2800,-56000,20(0.00 %),0,0,2800,56000,0,0.0
25/01/2006,2990,59796,20(0.00 %),3000,60000,10,204,0,0.0
27/01/2006,780,15288,19.6(-2.00 %),780,15288,0,0,0,0.0
06/02/2006,-8000,-150860,19.1(-2.55 %),0,0,8000,150860,0,0.0
08/02/2006,4600,90930,19.8(2.06 %),5500,108750,900,17820,0,0.0
09/02/2006,10000,197500,19.7(-0.51 %),10000,197500,0,0,0,0.0
10/02/2006,9000,176800,19.6(-0.51 %),9000,176800,0,0,0,0.0
14/02/2006,-3900,-74820,19.3(0.00 %),5300,102240,9200,177060,0,0.0
15/02/2006,-500,-9650,19.3(0.00 %),500,9650,1000,19300,0,0.0
16/02/2006,600,11640,19.4(0.52 %),600,11640,0,0,0,0.0
17/02/2006,500,9750,19.9(2.58 %),500,9750,0,0,0,0.0
20/02/2006,-500,-10400,20.8(4.52 %),0,0,500,10400,0,0.0
21/02/2006,-500,-10750,21.1(1.44 %),0,0,500,10750,0,0.0
22/02/2006,500,10250,20.1(-4.74 %),500,10250,0,0,0,0.0
24/02/2006,1000,20600,20.5(0.49 %),1000,20600,0,0,0,0.0
27/02/2006,500,10050,20.1(-1.95 %),500,10050,0,0,0,0.0
28/02/2006,-460,-9200,20(-0.50 %),1540,30800,2000,40000,0,0.0
01/03/2006,16000,316700,19.8(-1.00 %),16000,316700,0,0,0,0.0
02/03/2006,9800,202860,20.7(4.55 %),10300,213210,500,10350,0,0.0
03/03/2006,13900,296430,20.7(0.00 %),14400,307280,500,10850,0,0.0
06/03/2006,-8000,-164500,20.5(-0.97 %),1000,20000,9000,184500,0,0.0
07/03/2006,1000,20400,20.4(-0.49 %),1000,20400,0,0,0,0.0
08/03/2006,6300,128820,20.4(0.00 %),6300,128820,0,0,0,0.0
09/03/2006,1510,30198,20.4(0.00 %),1510,30198,0,0,0,0.0
13/03/2006,19800,425700,21.5(4.88 %),19800,425700,0,0,0,0.0
14/03/2006,-2500,-56250,22.5(4.65 %),0,0,2500,56250,0,0.0
15/03/2006,-1500,-35400,23.6(4.89 %),0,0,1500,35400,0,0.0
16/03/2006,8400,207480,24.7(4.66 %),9900,244530,1500,37050,0,0.0
17/03/2006,-660,-17094,25.9(4.86 %),4840,125356,5500,142450,0,0.0
20/03/2006,-1500,-40050,26.5(2.32 %),0,0,1500,40050,0,0.0
21/03/2006,5100,135150,26.5(0.00 %),5100,135150,0,0,0,0.0
22/03/2006,12900,341850,26.5(0.00 %),12900,341850,0,0,0,0.0
23/03/2006,8700,226100,26(-1.89 %),9200,239200,500,13100,0,0.0
24/03/2006,4000,104800,26.2(0.77 %),5000,131000,1000,26200,0,0.0
27/03/2006,900,22950,25.5(-2.67 %),1000,25500,100,2550,0,0.0
31/03/2006,-5420,-140920,26(2.77 %),80,2080,5500,143000,0,0.0
04/04/2006,1000,24800,24.8(-4.62 %),1000,24800,0,0,0,0.0
05/04/2006,-13740,-341152,24.8(0.00 %),1000,24400,14740,365552,0,0.0
06/04/2006,4450,114850,25.9(4.44 %),5000,129050,550,14200,0,0.0
07/04/2006,-5000,-130000,26(0.39 %),1000,26000,6000,156000,0,0.0
11/04/2006,-1000,-25200,25.4(-1.55 %),1500,38300,2500,63500,0,0.0
12/04/2006,1000,25100,26.5(4.33 %),2000,51600,1000,26500,0,0.0
13/04/2006,-1000,-27800,27.8(4.91 %),0,0,1000,27800,0,0.0
14/04/2006,-500,-14550,29.1(4.68 %),0,0,500,14550,0,0.0
19/04/2006,-500,-16800,33.6(5.00 %),0,0,500,16800,0,0.0
20/04/2006,-1000,-35200,35.2(4.76 %),0,0,1000,35200,0,0.0
21/04/2006,5900,218220,35.2(0.00 %),8900,325520,3000,107300,0,0.0
24/04/2006,6980,247662,36.9(4.83 %),12000,432000,5020,184338,0,0.0
26/04/2006,3000,110400,36.8(-4.91 %),6000,220800,3000,110400,0,0.0
27/04/2006,1000,35000,35(-4.89 %),1000,35000,0,0,0,0.0
28/04/2006,2000,66600,33.3(-4.86 %),2000,66600,0,0,0,0.0
04/05/2006,-9900,-298980,30.2(-4.73 %),0,0,9900,298980,0,0.0
05/05/2006,300,8610,28.7(-4.97 %),300,8610,0,0,0,0.0
08/05/2006,-1560,-42588,27.3(-4.88 %),500,13650,2060,56238,0,0.0
09/05/2006,520,13520,26(-4.76 %),520,13520,0,0,0,0.0
10/05/2006,-12520,-309244,24.7(-5.00 %),520,12844,13040,322088,0,0.0
11/05/2006,600,14100,23.5(-4.86 %),600,14100,0,0,0,0.0
12/05/2006,500,12300,24.6(4.68 %),500,12300,0,0,0,0.0
16/05/2006,-500,-13500,24.6(-4.65 %),500,13500,1000,27000,0,0.0
17/05/2006,-3550,-91590,25.8(4.88 %),6500,167700,10050,259290,0,0.0
18/05/2006,2030,52780,25.8(0.00 %),2030,52780,0,0,0,0.0
19/05/2006,1800,46800,26(0.78 %),1800,46800,0,0,0,0.0
22/05/2006,200,5200,25.6(-1.54 %),200,5200,0,0,0,0.0
23/05/2006,-4500,-117000,26(1.56 %),0,0,4500,117000,0,0.0
24/05/2006,500,12500,27(3.85 %),500,12500,0,0,0,0.0
29/05/2006,500,12200,24.5(-2.00 %),500,12200,0,0,0,0.0
30/05/2006,310,7347,23.7(-3.27 %),310,7347,0,0,0,0.0
31/05/2006,-19650,-461775,23.5(-0.84 %),0,0,19650,461775,0,0.0
01/06/2006,200,4700,23.5(0.00 %),200,4700,0,0,0,0.0
05/06/2006,-500,-12700,25.4(4.96 %),0,0,500,12700,0,0.0
06/06/2006,1700,43910,25.9(1.97 %),2000,51800,300,7890,0,0.0
07/06/2006,-6900,-170380,24.7(-4.63 %),500,12400,7400,182780,0,0.0
08/06/2006,-1000,-25000,25(1.21 %),0,0,1000,25000,0,0.0
09/06/2006,-11750,-293750,25(0.00 %),500,12500,12250,306250,0,0.0
13/06/2006,0,0,24.4(-1.61 %),500,12000,500,12000,0,0.0
16/06/2006,10,238,23.6(-2.07 %),10,238,0,0,0,0.0
20/06/2006,-300,-6900,23(-2.13 %),0,0,300,6900,0,0.0
23/06/2006,300,7260,23(-2.54 %),300,7260,0,0,0,0.0
26/06/2006,300,6900,23(0.00 %),300,6900,0,0,0,0.0
29/06/2006,-540,-12528,23.2(0.87 %),0,0,540,12528,0,0.0
03/07/2006,970,22504,22.7(-2.16 %),970,22504,0,0,0,0.0
05/07/2006,-8510,-191475,22.5(0.00 %),0,0,8510,191475,0,0.0
06/07/2006,-8510,-191475,22.7(0.89 %),0,0,8510,191475,0,0.0
07/07/2006,200,4520,22.6(-0.44 %),200,4520,0,0,0,0.0
10/07/2006,-3500,-78660,22.5(-0.44 %),0,0,3500,78660,0,0.0
11/07/2006,-700,-15750,22.5(0.00 %),300,6750,1000,22500,0,0.0
12/07/2006,3700,84320,22.7(0.89 %),3700,84320,0,0,0,0.0
19/07/2006,-5620,-115210,20.5(-4.65 %),200,4100,5820,119310,0,0.0
20/07/2006,300,6030,21(2.44 %),300,6030,0,0,0,0.0
21/07/2006,200,4060,20.3(-3.33 %),200,4060,0,0,0,0.0
24/07/2006,200,3860,19.3(-4.93 %),200,3860,0,0,0,0.0
25/07/2006,100,1840,18.4(-4.66 %),100,1840,0,0,0,0.0
26/07/2006,300,5400,18(-2.17 %),300,5400,0,0,0,0.0
28/07/2006,-3000,-51600,17.5(0.00 %),0,0,3000,51600,0,0.0
01/08/2006,200,3200,16(-4.76 %),200,3200,0,0,0,0.0
04/08/2006,1000,17600,17.6(4.76 %),1200,21120,200,3520,0,0.0
07/08/2006,400,7040,17.6(0.00 %),400,7040,0,0,0,0.0
08/08/2006,1000,17300,17.3(-1.70 %),1000,17300,0,0,0,0.0
09/08/2006,8000,143400,18(4.05 %),8000,143400,0,0,0,0.0
10/08/2006,300,5400,18(0.00 %),300,5400,0,0,0,0.0
11/08/2006,2000,34200,17.1(-5.00 %),2000,34200,0,0,0,0.0
14/08/2006,-200,-3580,17.9(4.68 %),0,0,200,3580,0,0.0
15/08/2006,-2900,-52236,17.9(0.00 %),500,8964,3400,61200,0,0.0
16/08/2006,-3600,-66840,18.5(3.35 %),400,7160,4000,74000,0,0.0
18/08/2006,-9900,-174900,17.7(-3.28 %),1100,19800,11000,194700,0,0.0
22/08/2006,1000,17500,17(-2.86 %),1000,17500,0,0,0,0.0
30/08/2006,-11000,-193600,17.8(0.00 %),0,0,11000,193600,0,0.0
31/08/2006,80,1424,17.5(-1.69 %),80,1424,0,0,0,0.0
01/09/2006,-2180,-39740,17.9(2.29 %),5000,89500,7180,129240,0,0.0
05/09/2006,-9900,-178200,18(0.56 %),1300,23400,11200,201600,0,0.0
11/09/2006,-1480,-26676,18.3(1.67 %),0,0,1480,26676,0,0.0
19/09/2006,-200,-4040,20.2(4.66 %),0,0,200,4040,0,0.0
20/09/2006,-200,-4240,21.2(4.95 %),0,0,200,4240,0,0.0
21/09/2006,-600,-13020,21.7(2.36 %),0,0,600,13020,0,0.0
22/09/2006,800,17320,21.7(0.00 %),1000,21700,200,4380,0,0.0
26/09/2006,500,10350,20.7(-2.36 %),500,10350,0,0,0,0.0
28/09/2006,300,6060,20.2(-0.49 %),300,6060,0,0,0,0.0
29/09/2006,600,11940,19.8(-1.98 %),600,11940,0,0,0,0.0
02/10/2006,200,4040,20.2(2.02 %),200,4040,0,0,0,0.0
03/10/2006,10,207,20.7(2.48 %),10,207,0,0,0,0.0
04/10/2006,-300,-6450,21(1.45 %),0,0,300,6450,0,0.0
06/10/2006,300,5940,19.8(-1.00 %),300,5940,0,0,0,0.0
13/10/2006,1000,19300,19.3(-1.53 %),1000,19300,0,0,0,0.0
16/10/2006,400,7600,19(-1.55 %),400,7600,0,0,0,0.0
17/10/2006,-280,-4780,18.3(-3.68 %),1720,31820,2000,36600,0,0.0
18/10/2006,-1400,-25200,18(-1.64 %),0,0,1400,25200,0,0.0
19/10/2006,-2700,-50100,18.5(2.78 %),300,5400,3000,55500,0,0.0
20/10/2006,-8000,-148000,18.7(1.08 %),0,0,8000,148000,0,0.0
24/10/2006,-1000,-17900,17.9(-1.65 %),0,0,1000,17900,0,0.0
25/10/2006,100,1770,17.6(-1.68 %),100,1770,0,0,0,0.0
30/10/2006,980,15974,16.3(-4.68 %),980,15974,0,0,0,0.0
02/11/2006,100,1600,16(0.00 %),100,1600,0,0,0,0.0
09/11/2006,-10,-159,15.9(1.27 %),0,0,10,159,0,0.0
13/11/2006,200,3180,15.6(-1.27 %),200,3180,0,0,0,0.0
16/11/2006,200,3100,15.7(-1.26 %),200,3100,0,0,0,0.0
21/11/2006,-360,-5400,15(-1.32 %),0,0,360,5400,0,0.0
22/11/2006,200,2940,14.8(-1.33 %),200,2940,0,0,0,0.0
23/11/2006,-1440,-21024,14.6(-1.35 %),0,0,1440,21024,0,0.0
24/11/2006,-20,-300,15(2.74 %),0,0,20,300,0,0.0
27/11/2006,100,1450,14.5(-3.33 %),100,1450,0,0,0,0.0
28/11/2006,-1000,-15100,15.1(4.14 %),0,0,1000,15100,0,0.0
29/11/2006,300,4350,14.8(-1.99 %),300,4350,0,0,0,0.0
30/11/2006,200,2940,14.8(0.00 %),200,2940,0,0,0,0.0
01/12/2006,5000,74000,14.7(-0.68 %),5000,74000,0,0,0,0.0
04/12/2006,50,735,14.7(0.00 %),50,735,0,0,0,0.0
05/12/2006,-3290,-48034,14.3(-2.72 %),0,0,3290,48034,0,0.0
06/12/2006,100,1420,14.1(-1.40 %),100,1420,0,0,0,0.0
11/12/2006,500,6600,13.2(0.00 %),500,6600,0,0,0,0.0
13/12/2006,-5000,-65500,13.1(0.77 %),0,0,5000,65500,0,0.0
14/12/2006,-500,-6850,13.7(4.58 %),0,0,500,6850,0,0.0
15/12/2006,-500,-7150,14.3(4.38 %),0,0,500,7150,0,0.0
18/12/2006,-500,-7500,15(4.90 %),0,0,500,7500,0,0.0
19/12/2006,8470,132979,15.7(4.67 %),89595,1293767,81125,1160788,0,0.0
20/12/2006,370,4950,15(-4.46 %),870,13050,500,8100,0,0.0
21/12/2006,800,11960,15(0.00 %),1000,15000,200,3040,0,0.0
26/12/2006,1000,14000,14(0.00 %),1000,14000,0,0,0,0.0
29/12/2006,-950,-13490,14.2(0.00 %),50,710,1000,14200,0,0.0
01/03/2007,-20050,-447243000,22.4(-4.27 %),200,4460000,20250,451703000,0,0.0
02/03/2007,0,0,21.5(-4.02 %),0,0,0,0,0,0.0
05/03/2007,11100,229950000,21.7(0.93 %),12100,251650000,1000,21700000,0,0.0
06/03/2007,3000,68100000,22.7(4.61 %),3000,68100000,0,0,0,0.0
07/03/2007,-1000,-23800000,23.8(4.85 %),0,0,1000,23800000,0,0.0
08/03/2007,0,0,24.9(4.62 %),0,0,0,0,0,0.0
09/03/2007,-3500,-91350000,26.1(4.82 %),0,0,3500,91350000,0,0.0
12/03/2007,1000,27400000,27.4(4.98 %),1300,35620000,300,8220000,0,0.0
13/03/2007,4900,140021000,28(2.19 %),5200,148631000,300,8610000,0,0.0
14/03/2007,0,0,26.6(-5.00 %),0,0,0,0,0,0.0
15/03/2007,0,0,25.3(-4.89 %),0,0,0,0,0,0.0
16/03/2007,500,12050000,24.1(-4.74 %),500,12050000,0,0,0,0.0
19/03/2007,-3000,-71100000,24.1(0.00 %),0,0,3000,71100000,0,0.0
20/03/2007,-500,-12600000,25.2(4.56 %),2000,50400000,2500,63000000,0,0.0
21/03/2007,-8750,-227430000,25.5(1.19 %),0,0,8750,227430000,0,0.0
22/03/2007,-11800,-277140000,24.3(-4.71 %),8000,204000000,19800,481140000,0,0.0
23/03/2007,-3310,-79440000,24(-1.23 %),0,0,3310,79440000,0,0.0
26/03/2007,900,21600000,24(0.00 %),900,21600000,0,0,0,0.0
27/03/2007,0,0,22.8(-5.00 %),0,0,0,0,0,0.0
28/03/2007,0,0,21.8(-4.39 %),0,0,0,0,0,0.0
29/03/2007,-2370,-54036000,22.8(4.59 %),0,0,2370,54036000,0,0.0
30/03/2007,0,0,23.9(4.82 %),0,0,0,0,0,0.0
02/04/2007,0,0,22.8(-4.60 %),0,0,0,0,0,0.0
03/04/2007,0,0,23(0.88 %),0,0,0,0,0,0.0
04/04/2007,-1270,-29210000,23.5(2.17 %),0,0,1270,29210000,0,0.0
05/04/2007,0,0,24(2.13 %),0,0,0,0,0,0.0
06/04/2007,0,0,22.9(-4.58 %),0,0,0,0,0,0.0
09/04/2007,90,2025000,22.5(-1.75 %),90,2025000,0,0,0,0.0
10/04/2007,0,0,21.9(-2.67 %),0,0,0,0,0,0.0
11/04/2007,1000,21500000,21(-4.11 %),1000,21500000,0,0,0,0.0
12/04/2007,-200,-4000000,20(-4.76 %),0,0,200,4000000,0,0.0
13/04/2007,-500,-9500000,19(-5.00 %),0,0,500,9500000,0,0.0
16/04/2007,0,0,18.1(-4.74 %),0,0,0,0,0,0.0
17/04/2007,0,0,17.2(-4.97 %),0,0,0,0,0,0.0
18/04/2007,0,0,18(4.65 %),0,0,0,0,0,0.0
19/04/2007,9000,169200000,18.8(4.44 %),9000,169200000,0,0,0,0.0
20/04/2007,0,0,18(-4.26 %),0,0,0,0,0,0.0
23/04/2007,2000,35000000,17.8(-1.11 %),2000,35000000,0,0,0,0.0
24/04/2007,0,0,18.6(4.49 %),0,0,0,0,0,0.0
25/04/2007,17000,331500000,19.5(4.84 %),17000,331500000,0,0,0,0.0
02/05/2007,0,0,18.6(-4.62 %),0,0,0,0,0,0.0
03/05/2007,0,0,17.7(-4.84 %),0,0,0,0,0,0.0
04/05/2007,-5930,-101321000,17.7(0.00 %),0,0,5930,101321000,0,0.0
07/05/2007,-2000,-36600000,18.3(3.39 %),0,0,2000,36600000,0,0.0
08/05/2007,0,0,19.2(4.92 %),0,0,0,0,0,0.0
09/05/2007,0,0,18.6(-3.12 %),0,0,0,0,0,0.0
10/05/2007,0,0,18(-3.23 %),0,0,0,0,0,0.0
11/05/2007,0,0,18.5(2.78 %),0,0,0,0,0,0.0
14/05/2007,0,0,19(2.70 %),0,0,0,0,0,0.0
15/05/2007,0,0,18.5(-2.63 %),0,0,0,0,0,0.0
16/05/2007,0,0,18.2(-1.62 %),0,0,0,0,0,0.0
17/05/2007,-2000,-37000000,18.5(1.65 %),0,0,2000,37000000,0,0.0
18/05/2007,-4000,-73600000,18.4(-0.54 %),0,0,4000,73600000,0,0.0
21/05/2007,-2000,-36800000,18.1(-1.63 %),0,0,2000,36800000,0,0.0
22/05/2007,-5500,-99550000,18.1(0.00 %),0,0,5500,99550000,0,0.0
23/05/2007,-2000,-37400000,18.7(3.31 %),500,9350000,2500,46750000,0,0.0
24/05/2007,0,0,18.5(-1.07 %),0,0,0,0,0,0.0
25/05/2007,530,9593000,18.1(-2.16 %),530,9593000,0,0,0,0.0
28/05/2007,-5000,-90500000,18.1(0.00 %),0,0,5000,90500000,0,0.0
29/05/2007,-14540,-261720000,18(-0.55 %),0,0,14540,261720000,0,0.0
30/05/2007,-5000,-90000000,18(0.00 %),0,0,5000,90000000,0,0.0
31/05/2007,-6270,-112860000,18(0.00 %),0,0,6270,112860000,0,0.0
01/06/2007,-7480,-133144000,17.8(-1.11 %),0,0,7480,133144000,0,0.0
04/06/2007,0,0,17.4(-2.25 %),0,0,0,0,0,0.0
05/06/2007,-3000,-52800000,17.6(1.15 %),0,0,3000,52800000,0,0.0
06/06/2007,-2960,-52096000,17.6(0.00 %),0,0,2960,52096000,0,0.0
07/06/2007,-5000,-88550000,17.8(1.14 %),0,0,5000,88550000,0,0.0
08/06/2007,200,3500000,17.5(-1.69 %),200,3500000,0,0,0,0.0
11/06/2007,0,0,17.4(-0.57 %),0,0,0,0,0,0.0
12/06/2007,-4000,-69200000,18.2(4.60 %),2000,36400000,6000,105600000,0,0.0
13/06/2007,-6020,-114982000,19.1(4.95 %),0,0,6020,114982000,0,0.0
14/06/2007,3700,74000000,20(4.71 %),4000,80000000,300,6000000,0,0.0
15/06/2007,2000,38400000,19.2(-4.00 %),2000,38400000,0,0,0,0.0
18/06/2007,0,0,18.6(-3.12 %),0,0,0,0,0,0.0
19/06/2007,0,0,18.5(-0.54 %),0,0,0,0,0,0.0
20/06/2007,0,0,18.6(0.54 %),0,0,0,0,0,0.0
21/06/2007,0,0,18.5(-0.54 %),0,0,0,0,0,0.0
22/06/2007,500,9000000,18.1(-2.16 %),500,9000000,0,0,0,0.0
25/06/2007,0,0,18.3(1.10 %),0,0,0,0,0,0.0
26/06/2007,-2500,-46250000,18.5(1.09 %),0,0,2500,46250000,0,0.0
27/06/2007,0,0,19.4(4.86 %),0,0,0,0,0,0.0
28/06/2007,2500,48550000,19.3(-0.52 %),3000,58500000,500,9950000,0,0.0
29/06/2007,2150,40850000,19(-1.55 %),2150,40850000,0,0,0,0.0
02/07/2007,0,0,18.8(-1.05 %),0,0,0,0,0,0.0
03/07/2007,0,0,18.4(-2.13 %),0,0,0,0,0,0.0
04/07/2007,-3000,-56100000,18.7(1.63 %),0,0,3000,56100000,0,0.0
05/07/2007,0,0,18.8(0.53 %),0,0,0,0,0,0.0
06/07/2007,5000,98500000,19.7(4.79 %),5000,98500000,0,0,0,0.0
09/07/2007,1000,20600000,20.6(4.57 %),1000,20600000,0,0,0,0.0
10/07/2007,26600,569240000,20.9(1.46 %),26600,569240000,0,0,0,0.0
11/07/2007,400,8400000,21(0.48 %),400,8400000,0,0,0,0.0
12/07/2007,5000,101500000,20.5(-2.38 %),5000,101500000,0,0,0,0.0
13/07/2007,0,0,20.5(0.00 %),0,0,0,0,0,0.0
16/07/2007,-200,-3900000,19.5(-4.88 %),0,0,200,3900000,0,0.0
17/07/2007,0,0,20.4(4.62 %),0,0,0,0,0,0.0
18/07/2007,-5500,-115500000,21(2.94 %),0,0,5500,115500000,0,0.0
19/07/2007,-5000,-112000000,22.4(4.67 %),0,0,5000,112000000,0,0.0
20/07/2007,-300,-7050000,23.5(4.91 %),0,0,300,7050000,0,0.0
23/07/2007,-1000,-22400000,22.4(-4.68 %),0,0,1000,22400000,0,0.0
24/07/2007,0,0,21.3(-4.91 %),0,0,0,0,0,0.0
25/07/2007,0,0,21.4(0.47 %),0,0,0,0,0,0.0
26/07/2007,5000,112000000,22.4(4.67 %),5000,112000000,0,0,0,0.0
27/07/2007,0,0,21.4(-4.46 %),0,0,0,0,0,0.0
30/07/2007,0,0,20.9(-2.34 %),0,0,0,0,0,0.0
31/07/2007,0,0,19.9(-4.78 %),0,0,0,0,0,0.0
01/08/2007,2400,47000000,20.8(4.52 %),2400,47000000,0,0,0,0.0
02/08/2007,-2000,-40050000,20(-3.85 %),0,0,2000,40050000,0,0.0
03/08/2007,0,0,19.2(-4.00 %),0,0,0,0,0,0.0
06/08/2007,600,11700000,19.6(2.08 %),600,11700000,0,0,0,0.0
07/08/2007,0,0,19.8(1.02 %),0,0,0,0,0,0.0
08/08/2007,3160,62252000,19.8(0.00 %),3160,62252000,0,0,0,0.0
09/08/2007,1540,31288000,20.4(3.03 %),1540,31288000,0,0,0,0.0
10/08/2007,0,0,19.7(-3.43 %),0,0,0,0,0,0.0
13/08/2007,100,1930000,19.3(-2.03 %),100,1930000,0,0,0,0.0
14/08/2007,800,15890000,19.6(1.55 %),800,15890000,0,0,0,0.0
15/08/2007,-750,-14775000,19.5(-0.51 %),0,0,750,14775000,0,0.0
16/08/2007,-1500,-29100000,19.4(-0.51 %),0,0,1500,29100000,0,0.0
17/08/2007,-1220,-23546000,19(-2.06 %),100,1930000,1320,25476000,0,0.0
20/08/2007,0,0,18.4(-3.16 %),0,0,0,0,0,0.0
21/08/2007,-8500,-149650000,17.7(-3.80 %),0,0,8500,149650000,0,0.0
22/08/2007,0,0,18.3(3.39 %),0,0,0,0,0,0.0
23/08/2007,-3000,-54400000,18.1(-1.09 %),0,0,3000,54400000,0,0.0
24/08/2007,0,0,18.1(0.00 %),0,0,0,0,0,0.0
27/08/2007,0,0,18(-0.55 %),0,0,0,0,0,0.0
28/08/2007,2000,35880000,17.7(-1.67 %),2000,35880000,0,0,0,0.0
29/08/2007,0,0,17.8(0.56 %),0,0,0,0,0,0.0
30/08/2007,2770,49306000,17.8(0.00 %),2770,49306000,0,0,0,0.0
31/08/2007,0,0,18(1.12 %),0,0,0,0,0,0.0
04/09/2007,-2770,-49860000,18.1(0.56 %),2230,40140000,5000,90000000,0,0.0
05/09/2007,45720,865180000,19(4.97 %),45720,865180000,0,0,0,0.0
06/09/2007,-2000,-39200000,19.4(2.11 %),0,0,2000,39200000,0,0.0
07/09/2007,0,0,19.2(-1.03 %),0,0,0,0,0,0.0
10/09/2007,800,15360000,19.2(0.00 %),800,15360000,0,0,0,0.0
11/09/2007,0,0,19.2(0.00 %),0,0,0,0,0,0.0
12/09/2007,3900,76410000,19.5(1.56 %),3900,76410000,0,0,0,0.0
13/09/2007,0,0,19.7(1.03 %),0,0,0,0,0,0.0
14/09/2007,-100,-1980000,20.1(2.03 %),0,0,100,1980000,0,0.0
17/09/2007,0,0,20.4(1.49 %),0,0,0,0,0,0.0
18/09/2007,-4980,-101098000,20.1(-1.47 %),20,402000,5000,101500000,0,0.0
19/09/2007,-4100,-82640000,20.2(0.50 %),0,0,4100,82640000,0,0.0
20/09/2007,4900,100940000,20.3(0.50 %),5000,103000000,100,2060000,0,0.0
21/09/2007,-20,-402000,20.1(-0.99 %),80,1608000,100,2010000,0,0.0
24/09/2007,2900,59890000,20.7(2.99 %),3000,61900000,100,2010000,0,0.0
25/09/2007,-100,-2160000,21.7(4.83 %),0,0,100,2160000,0,0.0
26/09/2007,-100,-2230000,22(1.38 %),0,0,100,2230000,0,0.0
27/09/2007,0,0,22.5(2.27 %),0,0,0,0,0,0.0
28/09/2007,-1500,-34481000,23.6(4.89 %),0,0,1500,34481000,0,0.0
01/10/2007,-2900,-71630000,24(1.69 %),0,0,2900,71630000,0,0.0
02/10/2007,-300,-7290000,24.3(1.25 %),0,0,300,7290000,0,0.0
03/10/2007,0,0,25.5(4.94 %),0,0,0,0,0,0.0
04/10/2007,1500,40250000,26.7(4.71 %),2500,66750000,1000,26500000,0,0.0
05/10/2007,-800,-21920000,27(1.12 %),0,0,800,21920000,0,0.0
08/10/2007,-1000,-27000000,27(0.00 %),0,0,1000,27000000,0,0.0
09/10/2007,-16200,-437400000,27(0.00 %),0,0,16200,437400000,0,0.0
10/10/2007,-5000,-134500000,26.9(-0.37 %),0,0,5000,134500000,0,0.0
11/10/2007,4000,106800000,26(-3.35 %),4000,106800000,0,0,0,0.0
12/10/2007,0,0,26.6(2.31 %),0,0,0,0,0,0.0
15/10/2007,0,0,27.9(4.89 %),0,0,0,0,0,0.0
16/10/2007,-100,-2920000,29.2(4.66 %),0,0,100,2920000,0,0.0
17/10/2007,-1800,-55080000,30.6(4.79 %),0,0,1800,55080000,0,0.0
18/10/2007,-5300,-163010000,31.2(1.96 %),0,0,5300,163010000,0,0.0
19/10/2007,-48720,-1496074000,32.5(4.17 %),0,0,48720,1496074000,0,0.0
22/10/2007,0,0,31.5(-3.08 %),0,0,0,0,0,0.0
23/10/2007,-100,-3150000,31.1(-1.27 %),0,0,100,3150000,0,0.0
24/10/2007,22870,740458000,32.6(4.82 %),22870,740458000,0,0,0,0.0
25/10/2007,-100,-3420000,34.2(4.91 %),0,0,100,3420000,0,0.0
26/10/2007,-800,-28720000,35.9(4.97 %),0,0,800,28720000,0,0.0
29/10/2007,1000,37600000,37.6(4.74 %),1000,37600000,0,0,0,0.0
30/10/2007,-2400,-94560000,39.4(4.79 %),0,0,2400,94560000,0,0.0
31/10/2007,0,0,41.3(4.82 %),0,0,0,0,0,0.0
01/11/2007,-1000,-43300000,43.3(4.84 %),0,0,1000,43300000,0,0.0
02/11/2007,3000,127800000,43.2(-0.23 %),4000,173200000,1000,45400000,0,0.0
05/11/2007,-15670,-645612000,41.1(-4.86 %),1800,74340000,17470,719952000,0,0.0
06/11/2007,0,0,39.4(-4.14 %),0,0,0,0,0,0.0
07/11/2007,-300,-12000000,41.3(4.82 %),0,0,300,12000000,0,0.0
08/11/2007,0,0,41(-0.73 %),0,0,0,0,0,0.0
09/11/2007,0,0,39.4(-3.90 %),0,0,0,0,0,0.0
12/11/2007,0,0,39.3(-0.25 %),0,0,0,0,0,0.0
13/11/2007,0,0,37.8(-3.82 %),0,0,0,0,0,0.0
14/11/2007,2000,79200000,39.6(4.76 %),2000,79200000,0,0,0,0.0
15/11/2007,1400,55440000,38.8(-2.02 %),1400,55440000,0,0,0,0.0
16/11/2007,0,0,38.6(-0.52 %),0,0,0,0,0,0.0
19/11/2007,0,0,38.9(0.78 %),0,0,0,0,0,0.0
20/11/2007,100,3860000,38.1(-2.06 %),100,3860000,0,0,0,0.0
21/11/2007,0,0,38(-0.26 %),0,0,0,0,0,0.0
22/11/2007,27260,1063640000,39(2.63 %),27260,1063640000,0,0,0,0.0
23/11/2007,39300,1551660000,39.5(1.28 %),39300,1551660000,0,0,0,0.0
26/11/2007,0,0,41.4(4.81 %),0,0,0,0,0,0.0
27/11/2007,94990,4110430000,43.4(4.83 %),94990,4110430000,0,0,0,0.0
28/11/2007,0,0,45.5(4.84 %),0,0,0,0,0,0.0
29/11/2007,38800,1850760000,47.7(4.84 %),39800,1898460000,1000,47700000,0,0.0
30/11/2007,82000,4100000000,50(4.82 %),84000,4200000000,2000,100000000,0,0.0
03/12/2007,60250,3163125000,52.5(5.00 %),61250,3215625000,1000,52500000,0,0.0
04/12/2007,0,0,49.9(-4.95 %),0,0,0,0,0,0.0
05/12/2007,-200,-10100000,50.5(1.20 %),0,0,200,10100000,0,0.0
06/12/2007,-100,-5250000,52(2.97 %),0,0,100,5250000,0,0.0
07/12/2007,-2000,-109000000,54.5(4.81 %),0,0,2000,109000000,0,0.0
10/12/2007,37700,2078730000,57(4.59 %),39700,2190230000,2000,111500000,0,0.0
11/12/2007,18800,1084850000,57.5(0.88 %),19300,1114100000,500,29250000,0,0.0
12/12/2007,-1090,-62315000,55.5(-3.48 %),10,560000,1100,62875000,0,0.0
13/12/2007,0,0,53(-4.50 %),0,0,0,0,0,0.0
14/12/2007,0,0,51(-3.77 %),0,0,0,0,0,0.0
17/12/2007,-2000,-103000000,51(0.00 %),0,0,2000,103000000,0,0.0
18/12/2007,0,0,49.7(-2.55 %),0,0,0,0,0,0.0
19/12/2007,7100,367600000,52(4.63 %),7100,367600000,0,0,0,0.0
20/12/2007,300,15650000,52(0.00 %),300,15650000,0,0,0,0.0
21/12/2007,2900,150450000,52.5(0.96 %),2900,150450000,0,0,0,0.0
24/12/2007,10,530000,52.5(0.00 %),10,530000,0,0,0,0.0
25/12/2007,1300,66950000,51.5(-1.90 %),1300,66950000,0,0,0,0.0
26/12/2007,2500,132500000,53(2.91 %),2500,132500000,0,0,0,0.0
27/12/2007,-4000,-212300000,52.5(-0.94 %),0,0,4000,212300000,0,0.0
28/12/2007,-2000,-105000000,53(0.95 %),0,0,2000,105000000,0,0.0
02/01/2008,7000,374500000,53.5(0.94 %),7500,401250000,500,26750000,0,0.0
03/01/2008,-3230,-169690000,52.5(-1.87 %),0,0,3230,169690000,0,0.0
04/01/2008,-270,-14040000,51.5(-1.90 %),0,0,270,14040000,0,0.0
07/01/2008,-2000,-98000000,49(-4.85 %),0,0,2000,98000000,0,0.0
08/01/2008,-3000,-148450000,49(0.00 %),0,0,3000,148450000,0,0.0
09/01/2008,-1900,-90400000,46.6(-4.90 %),0,0,1900,90400000,0,0.0
10/01/2008,-1000,-44300000,44.5(-4.51 %),0,0,1000,44300000,0,0.0
11/01/2008,0,0,44.5(0.00 %),0,0,0,0,0,0.0
14/01/2008,-100,-4230000,42.3(-4.94 %),0,0,100,4230000,0,0.0
15/01/2008,0,0,40.2(-4.96 %),0,0,0,0,0,0.0
16/01/2008,-150,-6300000,42.2(4.98 %),0,0,150,6300000,0,0.0
17/01/2008,0,0,41(-2.84 %),0,0,0,0,0,0.0
18/01/2008,2000,86000000,43(4.88 %),2000,86000000,0,0,0,0.0
21/01/2008,0,0,45.1(4.88 %),0,0,0,0,0,0.0
22/01/2008,-20900,-909354000,43.1(-4.43 %),0,0,20900,909354000,0,0.0
23/01/2008,8000,332000000,41.3(-4.18 %),8000,332000000,0,0,0,0.0
24/01/2008,3300,140250000,41(-0.73 %),3300,140250000,0,0,0,0.0
25/01/2008,0,0,42(2.44 %),0,0,0,0,0,0.0
28/01/2008,-2000,-84000000,42.5(1.19 %),0,0,2000,84000000,0,0.0
29/01/2008,0,0,43.8(3.06 %),0,0,0,0,0,0.0
30/01/2008,0,0,45.9(4.79 %),0,0,0,0,0,0.0
31/01/2008,0,0,46(0.22 %),0,0,0,0,0,0.0
01/02/2008,1800,85150000,47(2.17 %),4000,188000000,2200,102850000,0,0.0
12/02/2008,-500,-23240000,45.5(-3.19 %),0,0,500,23240000,0,0.0
13/02/2008,0,0,43.3(-4.84 %),0,0,0,0,0,0.0
14/02/2008,-600,-26580000,44(1.62 %),0,0,600,26580000,0,0.0
15/02/2008,0,0,42.1(-4.32 %),0,0,0,0,0,0.0
18/02/2008,0,0,40(-4.99 %),0,0,0,0,0,0.0
19/02/2008,-100,-4000000,40(0.00 %),0,0,100,4000000,0,0.0
20/02/2008,-100,-4010000,38(-5.00 %),0,0,100,4010000,0,0.0
21/02/2008,1800,64980000,36.1(-5.00 %),1800,64980000,0,0,0,0.0
22/02/2008,28400,974120000,35(-3.05 %),28400,974120000,0,0,0,0.0
25/02/2008,19800,726660000,36.7(4.86 %),21800,800060000,2000,73400000,0,0.0
26/02/2008,50220,1815610000,34.9(-4.90 %),50220,1815610000,0,0,0,0.0
27/02/2008,56520,2051283000,36(3.15 %),58020,2106183000,1500,54900000,0,0.0
28/02/2008,20020,738318000,37.1(3.06 %),23020,849442000,3000,111124000,0,0.0
29/02/2008,34750,1318350000,38.5(3.77 %),34750,1318350000,0,0,0,0.0
03/03/2008,70,2569000,36.6(-4.94 %),70,2569000,0,0,0,0.0
04/03/2008,12700,441960000,34.8(-4.92 %),12700,441960000,0,0,0,0.0
05/03/2008,111200,3680720000,33.1(-4.89 %),111200,3680720000,0,0,0,0.0
06/03/2008,-2000,-69400000,34.7(4.83 %),0,0,2000,69400000,0,0.0
07/03/2008,0,0,36.4(4.90 %),0,0,0,0,0,0.0
10/03/2008,123150,4704330000,38.2(4.95 %),124150,4742530000,1000,38200000,0,0.0
11/03/2008,-900,-32770000,36.3(-4.97 %),100,3630000,1000,36400000,0,0.0
12/03/2008,500,18050000,36(-0.83 %),500,18050000,0,0,0,0.0
13/03/2008,25850,940985000,37(2.78 %),25850,940985000,0,0,0,0.0
14/03/2008,11380,413294000,36.4(-1.62 %),11380,413294000,0,0,0,0.0
17/03/2008,53400,1868250000,34.6(-4.95 %),53400,1868250000,0,0,0,0.0
18/03/2008,14300,470470000,32.9(-4.91 %),14300,470470000,0,0,0,0.0
19/03/2008,42300,1370400000,31.3(-4.86 %),42300,1370400000,0,0,0,0.0
20/03/2008,4000,119200000,29.8(-4.79 %),4000,119200000,0,0,0,0.0
21/03/2008,0,0,28.4(-4.70 %),0,0,0,0,0,0.0
24/03/2008,2500,67500000,27(-4.93 %),2500,67500000,0,0,0,0.0
25/03/2008,0,0,25.7(-4.81 %),0,0,0,0,0,0.0
26/03/2008,0,0,24.6(-4.28 %),0,0,0,0,0,0.0
27/03/2008,0,0,24.8(0.81 %),0,0,0,0,0,0.0
28/03/2008,0,0,25(0.81 %),0,0,0,0,0,0.0
31/03/2008,0,0,25.2(0.80 %),0,0,0,0,0,0.0
01/04/2008,0,0,25.4(0.79 %),0,0,0,0,0,0.0
02/04/2008,0,0,25.6(0.79 %),0,0,0,0,0,0.0
03/04/2008,0,0,25.8(0.78 %),0,0,0,0,0,0.0
04/04/2008,0,0,26(0.78 %),0,0,0,0,0,0.0
07/04/2008,0,0,26.5(1.92 %),0,0,0,0,0,0.0
08/04/2008,5290,142630000,26.5(0.00 %),5290,142630000,0,0,0,0.0
09/04/2008,-1500,-39000000,26(-1.89 %),500,13000000,2000,52000000,0,0.0
10/04/2008,300,7650000,25.5(-1.92 %),300,7650000,0,0,0,0.0
11/04/2008,200,5000000,25(-1.96 %),200,5000000,0,0,0,0.0
16/04/2008,10,245000,24.5(-2.00 %),10,245000,0,0,0,0.0
17/04/2008,1110,27551000,24.9(1.63 %),1110,27551000,0,0,0,0.0
18/04/2008,-680,-16660000,24.5(-1.61 %),320,7840000,1000,24500000,0,0.0
21/04/2008,400,9640000,24.1(-1.63 %),400,9640000,0,0,0,0.0
22/04/2008,0,0,23.7(-1.66 %),0,0,0,0,0,0.0
23/04/2008,210,4897000,23.3(-1.69 %),210,4897000,0,0,0,0.0
24/04/2008,200,4580000,22.9(-1.72 %),200,4580000,0,0,0,0.0
25/04/2008,100,2250000,22.5(-1.75 %),100,2250000,0,0,0,0.0
28/04/2008,0,0,22.9(1.78 %),0,0,0,0,0,0.0
29/04/2008,500,11650000,22.5(-1.75 %),500,11650000,0,0,0,0.0
05/05/2008,10,221000,22.1(-1.78 %),10,221000,0,0,0,0.0
06/05/2008,0,0,21.7(-1.81 %),0,0,0,0,0,0.0
07/05/2008,0,0,21.7(0.00 %),0,0,0,0,0,0.0
08/05/2008,0,0,21.3(-1.84 %),0,0,0,0,0,0.0
09/05/2008,0,0,20.9(-1.88 %),0,0,0,0,0,0.0
12/05/2008,0,0,20.5(-1.91 %),0,0,0,0,0,0.0
13/05/2008,0,0,20.1(-1.95 %),0,0,0,0,0,0.0
14/05/2008,0,0,19.7(-1.99 %),0,0,0,0,0,0.0
15/05/2008,200,3880000,19.4(-1.52 %),200,3880000,0,0,0,0.0
16/05/2008,0,0,19.1(-1.55 %),0,0,0,0,0,0.0
19/05/2008,3810,71628000,18.8(-1.57 %),3810,71628000,0,0,0,0.0
20/05/2008,100,1850000,18.5(-1.60 %),100,1850000,0,0,0,0.0
21/05/2008,1000,18200000,18.2(-1.62 %),1000,18200000,0,0,0,0.0
22/05/2008,10,179000,17.9(-1.65 %),10,179000,0,0,0,0.0
23/05/2008,1330,23408000,17.6(-1.68 %),1330,23408000,0,0,0,0.0
26/05/2008,0,0,17.3(-1.70 %),0,0,0,0,0,0.0
27/05/2008,0,0,17.3(0.00 %),0,0,0,0,0,0.0
28/05/2008,0,0,17.3(0.00 %),0,0,0,0,0,0.0
29/05/2008,0,0,17.3(0.00 %),0,0,0,0,0,0.0
30/05/2008,0,0,17(-1.73 %),0,0,0,0,0,0.0
02/06/2008,100,1670000,16.7(-1.76 %),100,1670000,0,0,0,0.0
03/06/2008,0,0,16.4(-1.80 %),0,0,0,0,0,0.0
04/06/2008,1020,16422000,16.1(-1.83 %),1020,16422000,0,0,0,0.0
05/06/2008,50,805000,15.8(-1.86 %),50,805000,0,0,0,0.0
06/06/2008,0,0,15.5(-1.90 %),0,0,0,0,0,0.0
09/06/2008,0,0,15.2(-1.94 %),0,0,0,0,0,0.0
10/06/2008,100,1490000,14.9(-1.97 %),100,1490000,0,0,0,0.0
11/06/2008,0,0,14.7(-1.34 %),0,0,0,0,0,0.0
12/06/2008,20,290000,14.5(-1.36 %),20,290000,0,0,0,0.0
13/06/2008,1000,14500000,14.5(0.00 %),1000,14500000,0,0,0,0.0
16/06/2008,1000,14700000,14.7(1.38 %),1000,14700000,0,0,0,0.0
17/06/2008,0,0,14.9(1.36 %),0,0,0,0,0,0.0
18/06/2008,22520,339844000,14.7(-1.34 %),22520,339844000,0,0,0,0.0
19/06/2008,20,286000,14.3(-2.72 %),20,286000,0,0,0,0.0
20/06/2008,0,0,13.9(-2.80 %),0,0,0,0,0,0.0
23/06/2008,0,0,14.3(2.88 %),0,0,0,0,0,0.0
24/06/2008,100,1470000,14.7(2.80 %),100,1470000,0,0,0,0.0
25/06/2008,0,0,15.1(2.72 %),0,0,0,0,0,0.0
26/06/2008,120,1850000,15.5(2.65 %),120,1850000,0,0,0,0.0
27/06/2008,500,7550000,15.9(2.58 %),500,7550000,0,0,0,0.0
30/06/2008,0,0,16.3(2.52 %),0,0,0,0,0,0.0
01/07/2008,1000,16700000,16.7(2.45 %),1000,16700000,0,0,0,0.0
02/07/2008,6130,104626000,17.2(2.99 %),6130,104626000,0,0,0,0.0
03/07/2008,0,0,17.7(2.91 %),0,0,0,0,0,0.0
04/07/2008,0,0,18.2(2.82 %),0,0,0,0,0,0.0
07/07/2008,4560,85272000,17.7(-2.75 %),4610,86207000,50,935000,0,0.0
08/07/2008,20,346000,18.2(2.82 %),20,346000,0,0,0,0.0
09/07/2008,0,0,18.7(2.75 %),0,0,0,0,0,0.0
10/07/2008,0,0,19.2(2.67 %),0,0,0,0,0,0.0
11/07/2008,0,0,19.7(2.60 %),0,0,0,0,0,0.0
14/07/2008,0,0,20.2(2.54 %),0,0,0,0,0,0.0
15/07/2008,0,0,20.8(2.97 %),0,0,0,0,0,0.0
16/07/2008,500,10700000,21.4(2.88 %),500,10700000,0,0,0,0.0
17/07/2008,-110000,-2420000000,22(2.80 %),0,0,110000,2420000000,0,0.0
18/07/2008,-3000,-67800000,22.6(2.73 %),0,0,3000,67800000,0,0.0
21/07/2008,500,11000000,22(-2.65 %),500,11000000,0,0,0,0.0
22/07/2008,0,0,21.4(-2.73 %),0,0,0,0,0,0.0
23/07/2008,0,0,20.8(-2.80 %),0,0,0,0,0,0.0
24/07/2008,-72350,-1470480000,20.2(-2.88 %),0,0,72350,1470480000,0,0.0
25/07/2008,-2820,-55272000,19.6(-2.97 %),0,0,2820,55272000,0,0.0
28/07/2008,-2130,-40683000,20.1(2.55 %),300,5730000,2430,46413000,0,0.0
29/07/2008,-330,-6831000,20.7(2.99 %),0,0,330,6831000,0,0.0
30/07/2008,200,4020000,20.1(-2.90 %),200,4020000,0,0,0,0.0
31/07/2008,0,0,19(-2.56 %),0,0,0,0,0,0.0
01/08/2008,0,0,18.5(-2.63 %),0,0,0,0,0,0.0
04/08/2008,0,0,18(-2.70 %),0,0,0,0,0,0.0
05/08/2008,350,6125000,17.5(-2.78 %),350,6125000,0,0,0,0.0
06/08/2008,47700,858570000,18(2.86 %),47700,858570000,0,0,0,0.0
07/08/2008,-2000,-35100000,17.5(-2.78 %),0,0,2000,35100000,0,0.0
08/08/2008,0,0,17.8(1.71 %),0,0,0,0,0,0.0
11/08/2008,0,0,18.3(2.81 %),0,0,0,0,0,0.0
12/08/2008,900,16650000,18.5(1.09 %),900,16650000,0,0,0,0.0
13/08/2008,10000,181000000,18.4(-0.54 %),10000,181000000,0,0,0,0.0
14/08/2008,6000,110900000,18.9(2.72 %),7000,129500000,1000,18600000,0,0.0
15/08/2008,0,0,19.4(2.65 %),0,0,0,0,0,0.0
18/08/2008,0,0,20.3(4.64 %),0,0,0,0,0,0.0
19/08/2008,-1000,-19500000,20.1(-0.99 %),0,0,1000,19500000,0,0.0
20/08/2008,-4000,-76400000,19.1(-4.98 %),0,0,4000,76400000,0,0.0
21/08/2008,0,0,20(4.71 %),0,0,0,0,0,0.0
22/08/2008,-2000,-42000000,21(5.00 %),0,0,2000,42000000,0,0.0
25/08/2008,0,0,22(4.76 %),0,0,0,0,0,0.0
26/08/2008,-1000,-23100000,23.1(5.00 %),0,0,1000,23100000,0,0.0
27/08/2008,0,0,24.2(4.76 %),0,0,0,0,0,0.0
28/08/2008,-1500,-37700000,25(3.31 %),100,2540000,1600,40240000,0,0.0
29/08/2008,-1000,-26200000,26.2(4.80 %),0,0,1000,26200000,0,0.0
03/09/2008,0,0,27.5(4.96 %),0,0,0,0,0,0.0
04/09/2008,900,25920000,28.8(4.73 %),900,25920000,0,0,0,0.0
05/09/2008,-2200,-62680000,27.4(-4.86 %),1500,42300000,3700,104980000,0,0.0
08/09/2008,0,0,26.1(-4.74 %),0,0,0,0,0,0.0
09/09/2008,800,21200000,26(-0.38 %),800,21200000,0,0,0,0.0
10/09/2008,0,0,24.8(-4.62 %),0,0,0,0,0,0.0
11/09/2008,-900,-21240000,23.6(-4.84 %),0,0,900,21240000,0,0.0
12/09/2008,4580,103466000,22.6(-4.24 %),4600,103960000,20,494000,0,0.0
15/09/2008,-71020,-1683174000,23.5(3.98 %),0,0,71020,1683174000,0,0.0
16/09/2008,-20950,-469462000,22.4(-4.68 %),4000,89600000,24950,559062000,0,0.0
17/09/2008,0,0,21.3(-4.91 %),0,0,0,0,0,0.0
18/09/2008,-4100,-83230000,20.3(-4.69 %),1130,22939000,5230,106169000,0,0.0
19/09/2008,-40,-852000,21.3(4.93 %),0,0,40,852000,0,0.0
22/09/2008,6700,149410000,22.3(4.69 %),6720,149856000,20,446000,0,0.0
23/09/2008,93280,2077517000,23(3.14 %),93280,2077517000,0,0,0,0.0
24/09/2008,0,0,22(-4.35 %),0,0,0,0,0,0.0
25/09/2008,0,0,23.1(5.00 %),0,0,0,0,0,0.0
26/09/2008,0,0,23.8(3.03 %),0,0,0,0,0,0.0
29/09/2008,1900,43130000,23.4(-1.68 %),1900,43130000,0,0,0,0.0
30/09/2008,0,0,22.3(-4.70 %),0,0,0,0,0,0.0
01/10/2008,0,0,21.2(-4.93 %),0,0,0,0,0,0.0
02/10/2008,0,0,20.6(-2.83 %),0,0,0,0,0,0.0
03/10/2008,0,0,20.7(0.49 %),0,0,0,0,0,0.0
06/10/2008,0,0,19.8(-4.35 %),0,0,0,0,0,0.0
07/10/2008,1000,18900000,18.9(-4.55 %),1000,18900000,0,0,0,0.0
08/10/2008,-66250,-1196401000,18(-4.76 %),0,0,66250,1196401000,0,0.0
09/10/2008,-44200,-764498000,17.1(-5.00 %),0,0,44200,764498000,0,0.0
10/10/2008,0,0,16.3(-4.68 %),0,0,0,0,0,0.0
13/10/2008,-92500,-1458911000,15.5(-4.91 %),1000,15500000,93500,1474411000,0,0.0
14/10/2008,-3500,-56700000,16.2(4.52 %),0,0,3500,56700000,0,0.0
15/10/2008,0,0,17(4.94 %),0,0,0,0,0,0.0
16/10/2008,360,5832000,16.5(-2.94 %),360,5832000,0,0,0,0.0
17/10/2008,0,0,16.5(0.00 %),0,0,0,0,0,0.0
20/10/2008,11000,184800000,16(-3.03 %),11000,184800000,0,0,0,0.0
21/10/2008,0,0,16.5(3.12 %),0,0,0,0,0,0.0
22/10/2008,0,0,15.7(-4.85 %),0,0,0,0,0,0.0
23/10/2008,-14990,-224850000,15(-4.46 %),0,0,14990,224850000,0,0.0
24/10/2008,-1200,-17160000,14.3(-4.67 %),0,0,1200,17160000,0,0.0
27/10/2008,0,0,13.6(-4.90 %),0,0,0,0,0,0.0
28/10/2008,-3630,-47190000,13(-4.41 %),0,0,3630,47190000,0,0.0
29/10/2008,10000,130000000,13(0.00 %),10000,130000000,0,0,0,0.0
30/10/2008,1390,17431000,12.9(-0.77 %),1390,17431000,0,0,0,0.0
31/10/2008,0,0,13(0.78 %),0,0,0,0,0,0.0
03/11/2008,0,0,12.9(-0.77 %),0,0,0,0,0,0.0
04/11/2008,0,0,13.5(4.65 %),0,0,0,0,0,0.0
05/11/2008,0,0,14.1(4.44 %),0,0,0,0,0,0.0
06/11/2008,0,0,13.6(-3.55 %),0,0,0,0,0,0.0
07/11/2008,10,131000,13(-4.41 %),10,131000,0,0,0,0.0
10/11/2008,0,0,13.1(0.77 %),0,0,0,0,0,0.0
11/11/2008,0,0,12.6(-3.82 %),0,0,0,0,0,0.0
12/11/2008,-46070,-552840000,12(-4.76 %),0,0,46070,552840000,0,0.0
13/11/2008,-316000,-3616248000,11.4(-5.00 %),0,0,316000,3616248000,0,0.0
14/11/2008,-21820,-259658000,11.9(4.39 %),10,119000,21830,259777000,0,0.0
17/11/2008,-1000,-12100000,12.4(4.20 %),0,0,1000,12100000,0,0.0
18/11/2008,0,0,12.5(0.81 %),0,0,0,0,0,0.0
19/11/2008,0,0,12.3(-1.60 %),0,0,0,0,0,0.0
20/11/2008,-24500,-286650000,11.7(-4.88 %),0,0,24500,286650000,0,0.0
21/11/2008,-2760,-31740000,11.5(-1.71 %),0,0,2760,31740000,0,0.0
24/11/2008,0,0,11.6(0.87 %),0,0,0,0,0,0.0
25/11/2008,0,0,11.8(1.72 %),0,0,0,0,0,0.0
26/11/2008,0,0,11.5(-2.54 %),0,0,0,0,0,0.0
27/11/2008,0,0,11(-4.35 %),0,0,0,0,0,0.0
28/11/2008,0,0,11.5(4.55 %),0,0,0,0,0,0.0
01/12/2008,0,0,11.5(0.00 %),0,0,0,0,0,0.0
02/12/2008,-10000,-110000000,11(-4.35 %),0,0,10000,110000000,0,0.0
03/12/2008,0,0,10.7(-2.73 %),0,0,0,0,0,0.0
04/12/2008,-10000,-109000000,10.6(-0.93 %),0,0,10000,109000000,0,0.0
05/12/2008,0,0,10.1(-4.72 %),0,0,0,0,0,0.0
08/12/2008,0,0,9.6(-4.95 %),0,0,0,0,0,0.0
09/12/2008,0,0,9.2(-4.17 %),0,0,0,0,0,0.0
10/12/2008,0,0,9(-2.17 %),0,0,0,0,0,0.0
11/12/2008,0,0,9.1(1.11 %),0,0,0,0,0,0.0
12/12/2008,1080,10044000,9.5(4.40 %),1080,10044000,0,0,0,0.0
15/12/2008,0,0,9.9(4.21 %),0,0,0,0,0,0.0
16/12/2008,0,0,9.5(-4.04 %),0,0,0,0,0,0.0
17/12/2008,1000,9400000,9.9(4.21 %),1000,9400000,0,0,0,0.0
18/12/2008,0,0,9.5(-4.04 %),0,0,0,0,0,0.0
19/12/2008,0,0,9.5(0.00 %),0,0,0,0,0,0.0
22/12/2008,0,0,9.6(1.05 %),0,0,0,0,0,0.0
23/12/2008,0,0,9.4(-2.08 %),0,0,0,0,0,0.0
24/12/2008,0,0,9.3(-1.06 %),0,0,0,0,0,0.0
25/12/2008,0,0,9.1(-2.15 %),0,0,0,0,0,0.0
26/12/2008,0,0,9.2(1.10 %),0,0,0,0,0,0.0
29/12/2008,0,0,9.3(1.09 %),0,0,0,0,0,0.0
30/12/2008,2150,20230000,9.7(4.30 %),2150,20230000,0,0,0,0.0
31/12/2008,2540,24632000,9.7(0.00 %),2540,24632000,0,0,0,0.0
02/01/2009,0,0,9.5(-2.06 %),0,0,0,0,2315150,9.08
05/01/2009,6430,60242000,9.7(2.11 %),6430,60242000,0,0,2308720,9.19
06/01/2009,5100,50776000,10.1(4.12 %),5100,50776000,0,0,2303620,9.27
07/01/2009,20,212000,10.6(4.95 %),20,212000,0,0,2303600,9.28
08/01/2009,40,420000,10.3(-2.83 %),40,420000,0,0,2303560,9.28
09/01/2009,130,1339000,9.9(-3.88 %),130,1339000,0,0,2303430,9.28
12/01/2009,720,6932000,9.8(-1.01 %),720,6932000,0,0,2302710,9.29
13/01/2009,10,96000,9.4(-4.08 %),10,96000,0,0,2302700,9.29
14/01/2009,50,473000,9.4(0.00 %),50,473000,0,0,2302650,9.29
15/01/2009,10,95000,9.3(-1.06 %),10,95000,0,0,2302640,9.29
16/01/2009,0,0,9.4(1.08 %),0,0,0,0,2302640,9.29
19/01/2009,0,0,9.4(0.00 %),0,0,0,0,2302640,9.29
20/01/2009,0,0,9.5(1.06 %),0,0,0,0,2302640,9.29
21/01/2009,30,285000,9.6(1.05 %),30,285000,0,0,2302610,9.29
22/01/2009,10,97000,9.9(3.12 %),10,97000,0,0,2302600,9.29
23/01/2009,30,297000,9.9(0.00 %),30,297000,0,0,2302570,9.29
02/02/2009,100,950000,9.5(-4.04 %),100,950000,0,0,2302470,9.29
03/02/2009,0,0,9.1(-4.21 %),0,0,0,0,2302470,9.29
04/02/2009,0,0,8.7(-4.40 %),0,0,0,0,2302470,9.29
05/02/2009,0,0,8.3(-4.60 %),0,0,0,0,2302470,9.29
06/02/2009,200,1580000,8.4(1.20 %),200,1580000,0,0,2302270,9.3
09/02/2009,30,252000,8.4(0.00 %),30,252000,0,0,2302240,9.3
10/02/2009,0,0,8.1(-3.57 %),0,0,0,0,2302240,9.3
11/02/2009,300,2370000,8.3(2.47 %),300,2370000,0,0,2301940,9.3
12/02/2009,0,0,8(-3.61 %),0,0,0,0,2301940,9.3
13/02/2009,0,0,7.9(-1.25 %),0,0,0,0,2301940,9.3
16/02/2009,0,0,8(1.27 %),0,0,0,0,2301940,9.3
17/02/2009,0,0,7.9(-1.25 %),0,0,0,0,2301940,9.3
18/02/2009,0,0,7.6(-3.80 %),0,0,0,0,2301940,9.3
19/02/2009,-50,-370000,7.3(-3.95 %),100,740000,150,1110000,2301990,9.3
20/02/2009,0,0,7.2(-1.37 %),0,0,0,0,2301990,9.3
23/02/2009,0,0,6.9(-4.17 %),0,0,0,0,2301990,9.3
24/02/2009,0,0,6.7(-2.90 %),0,0,0,0,2301990,9.3
25/02/2009,0,0,6.9(2.99 %),0,0,0,0,2301990,9.3
26/02/2009,0,0,6.8(-1.45 %),0,0,0,0,2301990,9.3
27/02/2009,0,0,7.1(4.41 %),0,0,0,0,2301990,9.3
02/03/2009,0,0,7.4(4.23 %),0,0,0,0,2301990,9.3
03/03/2009,0,0,7.2(-2.70 %),0,0,0,0,2301990,9.3
04/03/2009,0,0,7.5(4.17 %),0,0,0,0,2301990,9.3
05/03/2009,0,0,7.8(4.00 %),0,0,0,0,2301990,9.3
06/03/2009,0,0,8.1(3.85 %),0,0,0,0,2301990,9.3
09/03/2009,0,0,8.3(2.47 %),0,0,0,0,2301990,9.3
10/03/2009,3300,28050000,8.7(4.82 %),3300,28050000,0,0,2298690,9.36
11/03/2009,0,0,9.1(4.60 %),0,0,0,0,2298690,9.36
12/03/2009,0,0,9.1(0.00 %),0,0,0,0,2298690,9.36
13/03/2009,0,0,8.8(-3.30 %),0,0,0,0,2298690,9.36
16/03/2009,0,0,8.7(-1.14 %),0,0,0,0,2298690,9.36
17/03/2009,-2000,-17800000,8.9(2.30 %),0,0,2000,17800000,2300690,9.33
18/03/2009,0,0,9.3(4.49 %),0,0,0,0,2300690,9.33
19/03/2009,5000,46500000,9.1(-2.15 %),5000,46500000,0,0,2295690,9.41
20/03/2009,0,0,9(-1.10 %),0,0,0,0,2295690,9.41
23/03/2009,0,0,9.2(2.22 %),0,0,0,0,2295690,9.41
24/03/2009,0,0,9.4(2.17 %),0,0,0,0,2295690,9.41
25/03/2009,0,0,9.3(-1.06 %),0,0,0,0,2295690,9.41
26/03/2009,0,0,9.3(0.00 %),0,0,0,0,2295690,9.41
27/03/2009,0,0,9.3(0.00 %),0,0,0,0,2295690,9.41
30/03/2009,0,0,9.7(4.30 %),0,0,0,0,2295690,9.41
31/03/2009,0,0,10.1(4.12 %),0,0,0,0,2295690,9.41
01/04/2009,0,0,10.6(4.95 %),0,0,0,0,2295690,9.41
02/04/2009,0,0,11.1(4.72 %),0,0,0,0,2295690,9.41
03/04/2009,0,0,11.6(4.50 %),0,0,0,0,2295690,9.41
07/04/2009,0,0,12.1(4.31 %),0,0,0,0,2295690,9.41
08/04/2009,0,0,12.7(4.96 %),0,0,0,0,2295690,9.41
09/04/2009,0,0,13.3(4.72 %),0,0,0,0,2295690,9.41
10/04/2009,0,0,13.9(4.51 %),0,0,0,0,2295690,9.41
13/04/2009,0,0,14.5(4.32 %),0,0,0,0,2295690,9.41
14/04/2009,0,0,15.2(4.83 %),0,0,0,0,2295690,9.41
15/04/2009,-21430,-311368000,15.7(3.29 %),50,740000,21480,312108000,2317120,9.04
16/04/2009,0,0,15(-4.46 %),0,0,0,0,2317120,9.04
17/04/2009,4000,57200000,14.3(-4.67 %),4000,57200000,0,0,2313120,9.11
20/04/2009,0,0,13.6(-4.90 %),0,0,0,0,2313120,9.11
21/04/2009,0,0,13(-4.41 %),0,0,0,0,2313120,9.11
22/04/2009,0,0,12.4(-4.62 %),0,0,0,0,2313120,9.11
23/04/2009,0,0,12.1(-2.42 %),0,0,0,0,2313120,9.11
24/04/2009,0,0,11.6(-4.13 %),0,0,0,0,2313120,9.11
27/04/2009,0,0,12.1(4.31 %),0,0,0,0,2313120,9.11
28/04/2009,0,0,12.6(4.13 %),0,0,0,0,2313120,9.11
29/04/2009,500,6350000,12.9(2.38 %),500,6350000,0,0,2312620,9.12
04/05/2009,0,0,13.5(4.65 %),0,0,0,0,2312620,9.12
05/05/2009,0,0,13.9(2.96 %),0,0,0,0,2312620,9.12
06/05/2009,40,536000,13.3(-4.32 %),40,536000,0,0,2312580,9.12
07/05/2009,1000,13300000,13.9(4.51 %),1000,13300000,0,0,2311580,9.14
08/05/2009,0,0,14.5(4.32 %),0,0,0,0,2311580,9.14
11/05/2009,0,0,15.2(4.83 %),0,0,0,0,2311580,9.14
12/05/2009,29500,466050000,15.9(4.61 %),30000,474000000,500,7950000,2282080,9.65
13/05/2009,1200,19920000,16.6(4.40 %),1200,19920000,0,0,2280880,9.67
14/05/2009,0,0,17.4(4.82 %),0,0,0,0,2280880,9.67
15/05/2009,0,0,18.2(4.60 %),0,0,0,0,2280880,9.67
18/05/2009,-19800,-377680000,19.1(4.95 %),30200,576820000,50000,954500000,2300680,9.33
19/05/2009,-4000,-76000000,18.2(-4.71 %),0,0,4000,76000000,2304680,9.26
20/05/2009,0,0,18.5(1.65 %),0,0,0,0,2304680,9.26
21/05/2009,0,0,18(-2.70 %),0,0,0,0,2304680,9.26
22/05/2009,0,0,18.5(2.78 %),0,0,0,0,2304680,9.26
25/05/2009,0,0,13.8(-25.41 %),0,0,0,0,2304680,9.26
26/05/2009,0,0,14.4(4.35 %),0,0,0,0,2304680,9.26
27/05/2009,-58000,-870010000,15(4.17 %),0,0,58000,870010000,2362680,8.26
28/05/2009,0,0,14.3(-4.67 %),0,0,0,0,2362680,8.26
29/05/2009,10000,137000000,13.8(-3.50 %),10000,137000000,0,0,2352680,8.43
01/06/2009,-1200,-17040000,14(1.45 %),0,0,1200,17040000,2353880,8.41
02/06/2009,1000,14400000,14.1(0.71 %),1000,14400000,0,0,2352880,8.43
03/06/2009,0,0,14.8(4.96 %),0,0,0,0,2352880,8.43
04/06/2009,0,0,15.5(4.73 %),0,0,0,0,2352880,8.43
05/06/2009,0,0,16.2(4.52 %),0,0,0,0,2352880,8.43
08/06/2009,-58200,-989400000,17(4.94 %),0,0,58200,989400000,2411080,7.42
09/06/2009,-79540,-1297011000,16.5(-2.94 %),5090,82458000,84630,1379469000,2490620,6.05
10/06/2009,0,0,15.7(-4.85 %),0,0,0,0,2490620,6.05
11/06/2009,0,0,16.4(4.46 %),0,0,0,0,2490620,6.05
12/06/2009,0,0,15.7(-4.27 %),0,0,0,0,2490620,6.05
15/06/2009,0,0,15(-4.46 %),0,0,0,0,2490620,6.05
16/06/2009,0,0,14.3(-4.67 %),0,0,0,0,2490620,6.05
17/06/2009,0,0,13.6(-4.90 %),0,0,0,0,2490620,6.05
18/06/2009,0,0,14.2(4.41 %),0,0,0,0,2490620,6.05
19/06/2009,0,0,13.9(-2.11 %),0,0,0,0,2490620,6.05
22/06/2009,500,6650000,13.3(-4.32 %),500,6650000,0,0,2490120,6.06
23/06/2009,0,0,12.7(-4.51 %),0,0,0,0,2490120,6.06
24/06/2009,-4500,-59850000,13.3(4.72 %),0,0,4500,59850000,2494620,5.98
25/06/2009,0,0,13.7(3.01 %),0,0,0,0,2494620,5.98
26/06/2009,3000,42600000,13.7(0.00 %),3000,42600000,0,0,2491620,6.03
29/06/2009,-590,-7808000,13.3(-2.92 %),0,0,590,7808000,2492210,6.02
30/06/2009,0,0,12.8(-3.76 %),0,0,0,0,2492210,6.02
01/07/2009,0,0,12.2(-4.69 %),0,0,0,0,2492210,6.02
02/07/2009,0,0,12.2(0.00 %),0,0,0,0,2492210,6.02
03/07/2009,0,0,12.7(4.10 %),0,0,0,0,2492210,6.02
06/07/2009,-100,-1330000,13.3(4.72 %),0,0,100,1330000,2492410,6.02
07/07/2009,0,0,13(-2.26 %),0,0,0,0,2492310,6.02
08/07/2009,0,0,13(0.00 %),0,0,0,0,2492310,6.02
09/07/2009,0,0,12.9(-0.77 %),0,0,0,0,2492310,6.02
10/07/2009,0,0,12.4(-3.88 %),0,0,0,0,2492310,6.02
13/07/2009,0,0,11.8(-4.84 %),0,0,0,0,2492310,6.02
14/07/2009,0,0,11.8(0.00 %),0,0,0,0,2492310,6.02
15/07/2009,0,0,12.1(2.54 %),0,0,0,0,2492310,6.02
16/07/2009,0,0,12.5(3.31 %),0,0,0,0,2492310,6.02
17/07/2009,0,0,12.3(-1.60 %),0,0,0,0,2492310,6.02
20/07/2009,0,0,11.8(-4.07 %),0,0,0,0,2492310,6.02
21/07/2009,0,0,12(1.69 %),0,0,0,0,2492310,6.02
22/07/2009,-100,-1200000,12(0.00 %),0,0,100,1200000,2492410,6.02
23/07/2009,0,0,12.6(5.00 %),0,0,0,0,2492410,6.02
24/07/2009,0,0,13.2(4.76 %),0,0,0,0,2492410,6.02
27/07/2009,0,0,12.8(-3.03 %),0,0,0,0,2492410,6.02
28/07/2009,0,0,12.4(-3.12 %),0,0,0,0,2492410,6.02
29/07/2009,0,0,12.3(-0.81 %),0,0,0,0,2492410,6.02
30/07/2009,0,0,12.1(-1.63 %),0,0,0,0,2492410,6.02
31/07/2009,0,0,12.3(1.65 %),0,0,0,0,2492410,6.02
03/08/2009,0,0,12(-2.44 %),0,0,0,0,2492410,6.02
04/08/2009,-480,-5770000,12(0.00 %),0,0,480,5770000,2492890,6.01
05/08/2009,0,0,12.2(1.67 %),0,0,0,0,2492890,6.01
06/08/2009,-39010,-499328000,12.8(4.92 %),0,0,39010,499328000,2531900,5.34
07/08/2009,-41000,-515452000,12.6(-1.56 %),0,0,41000,515452000,2572900,4.63
10/08/2009,7000,92400000,13.2(4.76 %),7000,92400000,0,0,2565900,4.75
11/08/2009,0,0,13.3(0.76 %),0,0,0,0,2565900,4.75
12/08/2009,0,0,13(-2.26 %),0,0,0,0,2565900,4.75
13/08/2009,0,0,13(0.00 %),0,0,0,0,2565900,4.75
14/08/2009,-4500,-57450000,12.9(-0.77 %),0,0,4500,57450000,2570400,4.67
17/08/2009,20,252000,12.9(0.00 %),20,252000,0,0,2570380,4.67
18/08/2009,-500,-6400000,12.7(-1.55 %),0,0,500,6400000,2570880,4.67
19/08/2009,-1000,-12900000,13(2.36 %),0,0,1000,12900000,2571880,4.65
20/08/2009,-2900,-37700000,13(0.00 %),0,0,2900,37700000,2574780,4.6
21/08/2009,0,0,13.2(1.54 %),0,0,0,0,2574780,4.6
24/08/2009,0,0,13(-1.52 %),0,0,0,0,2574780,4.6
25/08/2009,0,0,13(0.00 %),0,0,0,0,2574780,4.6
26/08/2009,0,0,13.6(4.62 %),0,0,0,0,2574780,4.6
27/08/2009,0,0,14.2(4.41 %),0,0,0,0,2574780,4.6
28/08/2009,0,0,14.9(4.93 %),0,0,0,0,2574780,4.6
31/08/2009,0,0,15.6(4.70 %),0,0,0,0,2574780,4.6
01/09/2009,0,0,15(-3.85 %),0,0,0,0,2574780,4.6
03/09/2009,0,0,15.7(4.67 %),0,0,0,0,2574780,4.6
04/09/2009,0,0,15.9(1.27 %),0,0,0,0,2574780,4.6
07/09/2009,0,0,15.5(-2.52 %),0,0,0,0,2574780,4.6
08/09/2009,-1260,-20160000,16(3.23 %),0,0,1260,20160000,2576040,4.58
09/09/2009,0,0,16.1(0.62 %),0,0,0,0,2576040,4.58
10/09/2009,0,0,15.8(-1.86 %),0,0,0,0,2576040,4.58
11/09/2009,0,0,16.5(4.43 %),0,0,0,0,2576040,4.58
14/09/2009,0,0,17.3(4.85 %),0,0,0,0,2576040,4.58
15/09/2009,0,0,18.1(4.62 %),0,0,0,0,2576040,4.58
16/09/2009,0,0,17.2(-4.97 %),0,0,0,0,2576040,4.58
17/09/2009,0,0,17.5(1.74 %),0,0,0,0,2576040,4.58
18/09/2009,0,0,16.9(-3.43 %),0,0,0,0,2576040,4.58
21/09/2009,0,0,16.5(-2.37 %),0,0,0,0,2576040,4.58
22/09/2009,0,0,17.3(4.85 %),0,0,0,0,2576040,4.58
23/09/2009,0,0,18.1(4.62 %),0,0,0,0,2576040,4.58
24/09/2009,300,5490000,19(4.97 %),300,5490000,0,0,2575740,4.58
25/09/2009,0,0,19.9(4.74 %),0,0,0,0,2575740,31.51
28/09/2009,0,0,20.8(4.52 %),0,0,0,0,2575740,31.51
29/09/2009,0,0,21.8(4.81 %),0,0,0,0,2575740,4.58
30/09/2009,4600,100130000,20.8(-4.59 %),4600,100130000,0,0,2571140,4.66
01/10/2009,0,0,21.8(4.81 %),0,0,0,0,2571140,4.66
02/10/2009,0,0,20.8(-4.59 %),0,0,0,0,2571140,4.66
05/10/2009,2000,41400000,20.5(-1.44 %),2000,41400000,0,0,2569140,4.7
06/10/2009,-200,-4200000,20.3(-0.98 %),0,0,200,4200000,2569340,4.69
07/10/2009,-100,-2090000,20.6(1.48 %),0,0,100,2090000,2569440,4.69
08/10/2009,0,0,21.6(4.85 %),0,0,0,0,2569440,4.69
09/10/2009,-10000,-226000000,22.6(4.63 %),0,0,10000,226000000,2579440,4.52
12/10/2009,-90,-2124000,23.7(4.87 %),0,0,90,2124000,2579530,4.52
13/10/2009,0,0,24.8(4.64 %),0,0,0,0,2579530,4.52
14/10/2009,1500,39000000,26(4.84 %),1500,39000000,0,0,2578030,17.24
15/10/2009,0,0,27.3(5.00 %),0,0,0,0,2578030,17.24
16/10/2009,-4000,-109400000,26(-4.76 %),0,0,4000,109400000,2591350,17.08
19/10/2009,-2000,-51000000,25(-3.85 %),0,0,2000,51000000,2584030,17.17
20/10/2009,-7320,-188964000,26.2(4.80 %),0,0,7320,188964000,2591350,17.08
21/10/2009,4000,105200000,26.2(0.00 %),4000,105200000,0,0,2587350,17.13
22/10/2009,0,0,25.2(-3.82 %),0,0,0,0,2587350,17.13
23/10/2009,0,0,24(-4.76 %),0,0,0,0,2587350,17.13
26/10/2009,0,0,22.8(-5.00 %),0,0,0,0,2587350,17.13
27/10/2009,1380,29946000,22(-3.51 %),1380,29946000,0,0,2585970,17.15
28/10/2009,0,0,23.1(5.00 %),0,0,0,0,2585970,17.15
29/10/2009,-5900,-139580000,24.2(4.76 %),0,0,5900,139580000,2591870,17.07
30/10/2009,5470,136190000,25(3.31 %),6870,171750000,1400,35560000,2586400,17.14
02/11/2009,0,0,23.8(-4.80 %),0,0,0,0,2586400,17.14
03/11/2009,0,0,22.7(-4.62 %),0,0,0,0,2586400,17.14
04/11/2009,-2350,-49960000,21.6(-4.85 %),2000,44000000,4350,93960000,2588750,17.11
05/11/2009,-250,-5575000,22.6(4.63 %),0,0,250,5575000,2589000,17.11
06/11/2009,100,2260000,21.8(-3.54 %),100,2260000,0,0,2588900,17.11
09/11/2009,-720,-15048000,20.8(-4.59 %),0,0,720,15048000,2589620,17.1
10/11/2009,-6320,-129567000,19.8(-4.81 %),10,198000,6330,129765000,2595940,17.02
11/11/2009,0,0,20.4(3.03 %),0,0,0,0,2595940,17.02
12/11/2009,0,0,21.4(4.90 %),0,0,0,0,2595940,17.02
13/11/2009,0,0,21.1(-1.40 %),0,0,0,0,2595940,17.02
16/11/2009,0,0,21.4(1.42 %),0,0,0,0,2595940,17.02
17/11/2009,0,0,21.1(-1.40 %),0,0,0,0,2595940,17.02
18/11/2009,0,0,21.7(2.84 %),0,0,0,0,2595940,17.02
19/11/2009,0,0,22(1.38 %),0,0,0,0,2595940,17.02
20/11/2009,0,0,21.3(-3.18 %),0,0,0,0,2595940,17.02
23/11/2009,0,0,20.5(-3.76 %),0,0,0,0,2595940,17.02
24/11/2009,0,0,19.8(-3.41 %),0,0,0,0,2595940,17.02
25/11/2009,0,0,18.9(-4.55 %),0,0,0,0,2595940,17.02
26/11/2009,0,0,18(-4.76 %),0,0,0,0,2595940,17.02
27/11/2009,-710,-13383000,18.7(3.89 %),0,0,710,13383000,2596650,17.02
30/11/2009,0,0,19.5(4.28 %),0,0,0,0,2596650,17.02
01/12/2009,0,0,20.4(4.62 %),0,0,0,0,2596650,17.02
02/12/2009,1000,19500000,19.4(-4.90 %),1000,19500000,0,0,2595650,17.03
03/12/2009,0,0,20.3(4.64 %),0,0,0,0,2595650,17.03
04/12/2009,0,0,21(3.45 %),0,0,0,0,2595650,17.03
07/12/2009,570,11970000,21.3(4.41 %),570,11970000,0,0,2595080,17.03
08/12/2009,0,0,20.3(-4.69 %),0,0,0,0,2595080,17.03
09/12/2009,0,0,19.3(-4.93 %),0,0,0,0,2595080,17.03
10/12/2009,0,0,18.4(-4.66 %),0,0,0,0,2595080,17.03
11/12/2009,0,0,17.5(-4.89 %),0,0,0,0,2595080,17.03
14/12/2009,0,0,17(-2.86 %),0,0,0,0,2595080,17.03
15/12/2009,0,0,16.2(-4.71 %),0,0,0,0,2595080,17.03
16/12/2009,0,0,15.4(-4.94 %),0,0,0,0,2595080,17.03
17/12/2009,0,0,14.7(-4.55 %),0,0,0,0,2595080,17.03
18/12/2009,-500,-7600000,15.4(4.76 %),0,0,500,7600000,2595580,17.03
21/12/2009,0,0,16.1(4.55 %),0,0,0,0,2595580,17.03
22/12/2009,0,0,16.9(4.97 %),0,0,0,0,2595580,17.03
23/12/2009,0,0,16.3(-3.55 %),0,0,0,0,2595580,17.03
24/12/2009,0,0,16.8(3.07 %),0,0,0,0,2595580,17.03
25/12/2009,220,3806000,17.6(4.76 %),220,3806000,0,0,2595360,17.03
28/12/2009,0,0,18.3(3.98 %),0,0,0,0,2595360,17.03
29/12/2009,0,0,17.4(-4.92 %),0,0,0,0,2595360,17.03
30/12/2009,0,0,18(3.45 %),0,0,0,0,2595360,17.03
31/12/2009,0,0,17.9(-0.56 %),0,0,0,0,2595360,17.03
04/01/2010,0,0,18.7(4.47 %),0,0,0,0,2595360,17.03
05/01/2010,0,0,19(1.60 %),0,0,0,0,2595360,17.03
06/01/2010,0,0,18.8(-1.05 %),0,0,0,0,2595360,17.03
07/01/2010,0,0,19.7(4.79 %),0,0,0,0,2595360,17.03
08/01/2010,0,0,20.6(4.57 %),0,0,0,0,2595360,17.03
11/01/2010,0,0,19.8(-3.88 %),0,0,0,0,2595360,17.03
12/01/2010,-1200,-23420000,18.9(-4.55 %),0,0,1200,23420000,2596560,17.02
13/01/2010,0,0,18.9(0.00 %),0,0,0,0,2596560,17.02
14/01/2010,0,0,19.8(4.76 %),0,0,0,0,2596560,17.02
15/01/2010,0,0,19.8(0.00 %),0,0,0,0,2596560,17.02
18/01/2010,0,0,18.9(-4.55 %),0,0,0,0,2596560,17.02
19/01/2010,-380,-7106000,19(0.53 %),0,0,380,7106000,2596940,17.01
20/01/2010,-390,-7566000,18.1(-4.74 %),0,0,390,7566000,2597330,17.01
21/01/2010,0,0,17.2(-4.97 %),0,0,0,0,2597330,17.01
22/01/2010,0,0,17.2(0.00 %),0,0,0,0,2597330,17.01
25/01/2010,0,0,17.9(4.07 %),0,0,0,0,2597330,17.01
26/01/2010,0,0,18.7(4.47 %),0,0,0,0,2597330,17.01
27/01/2010,0,0,18(-3.74 %),0,0,0,0,2597330,17.01
28/01/2010,0,0,17.5(-2.78 %),0,0,0,0,2597330,17.01
29/01/2010,0,0,16.8(-4.00 %),0,0,0,0,2597330,17.01
01/02/2010,0,0,17.6(4.76 %),0,0,0,0,2597330,17.01
02/02/2010,0,0,17(-3.41 %),0,0,0,0,2597330,17.01
03/02/2010,0,0,16.6(-2.35 %),0,0,0,0,2597330,17.01
04/02/2010,0,0,17.2(3.61 %),0,0,0,0,2597330,17.01
05/02/2010,10,167000,16.5(-4.07 %),10,167000,0,0,2597320,17.01
08/02/2010,0,0,16.4(-0.61 %),0,0,0,0,2597320,17.01
09/02/2010,0,0,16(-2.44 %),0,0,0,0,2597320,17.01
10/02/2010,0,0,16.5(3.12 %),0,0,0,0,2597320,17.01
11/02/2010,-40,-664000,16.6(0.61 %),0,0,40,664000,2597360,17.01
12/02/2010,0,0,16.7(0.60 %),0,0,0,0,2597360,17.01
22/02/2010,0,0,16.7(0.00 %),0,0,0,0,2597360,17.01
23/02/2010,0,0,16(-4.19 %),0,0,0,0,2597360,17.01
24/02/2010,0,0,16(0.00 %),0,0,0,0,2597360,17.01
25/02/2010,0,0,16.2(1.25 %),0,0,0,0,2597360,17.01
26/02/2010,-8400,-142800000,17(4.94 %),0,0,8400,142800000,3516404,16.9
01/03/2010,0,0,17.4(2.35 %),0,0,0,0,3516404,5.69
02/03/2010,0,0,17.3(-0.57 %),0,0,0,0,3516404,5.69
03/03/2010,0,0,18.1(4.62 %),0,0,0,0,3516404,5.69
04/03/2010,0,0,19(4.97 %),0,0,0,0,3516404,5.69
05/03/2010,0,0,19.9(4.74 %),0,0,0,0,3516404,5.69
08/03/2010,0,0,20.8(4.52 %),0,0,0,0,3516404,5.69
09/03/2010,0,0,21.1(1.44 %),0,0,0,0,3516404,5.69
10/03/2010,-9200,-197355000,22(4.27 %),0,0,9200,197355000,3525604,5.57
11/03/2010,0,0,22(0.00 %),0,0,0,0,3525604,5.57
12/03/2010,0,0,22(0.00 %),0,0,0,0,3525604,5.57
15/03/2010,-5600,-123200000,23(4.55 %),0,0,5600,123200000,3531204,5.5
16/03/2010,0,0,21.9(-4.78 %),0,0,0,0,3531204,5.5
17/03/2010,1500,31950000,21(-4.11 %),1500,31950000,0,0,3529704,5.52
18/03/2010,0,0,22(4.76 %),0,0,0,0,3529704,5.52
19/03/2010,-560,-12936000,23.1(5.00 %),0,0,560,12936000,3530264,5.52
22/03/2010,0,0,24.2(4.76 %),0,0,0,0,3530264,5.52
23/03/2010,0,0,25.4(4.96 %),0,0,0,0,3530264,5.52
24/03/2010,0,0,26.6(4.72 %),0,0,0,0,3530264,5.52
25/03/2010,0,0,27.6(3.76 %),0,0,0,0,3530264,5.52
26/03/2010,-1580,-45662000,28.9(4.71 %),0,0,1580,45662000,3531844,5.5
29/03/2010,0,0,27.9(-3.46 %),0,0,0,0,3531844,5.5
30/03/2010,-3000,-87600000,29.2(4.66 %),0,0,3000,87600000,3534844,5.46
31/03/2010,-115000,-3406500000,29.2(0.00 %),0,0,115000,3406500000,3649844,4.04
01/04/2010,0,0,28.6(-2.05 %),0,0,0,0,3649844,4.04
02/04/2010,0,0,30(4.90 %),0,0,0,0,3649844,4.04
05/04/2010,0,0,31.5(5.00 %),0,0,0,0,3649844,4.04
06/04/2010,0,0,30.5(-3.17 %),0,0,0,0,3649844,4.04
07/04/2010,0,0,31.5(3.28 %),0,0,0,0,3649844,4.04
08/04/2010,-11000,-330000000,30(-4.76 %),0,0,11000,330000000,3660844,3.91
09/04/2010,0,0,28.5(-5.00 %),0,0,0,0,3660844,3.91
12/04/2010,0,0,28.2(-1.05 %),0,0,0,0,3660844,3.91
13/04/2010,0,0,27(-4.26 %),0,0,0,0,3660844,3.91
14/04/2010,0,0,28.3(4.81 %),0,0,0,0,3660844,3.91
15/04/2010,0,0,29.7(4.95 %),0,0,0,0,3660844,3.91
16/04/2010,0,0,30.8(3.70 %),0,0,0,0,3660844,3.91
19/04/2010,48000,1406000000,29.3(-4.87 %),50000,1465000000,2000,59000000,3612844,4.5
20/04/2010,-14700,-433850000,30.4(3.75 %),0,0,14700,433850000,3627544,4.32
21/04/2010,0,0,29(-4.61 %),0,0,0,0,3627544,4.32
22/04/2010,33000,957000000,27.6(-4.83 %),33000,957000000,0,0,3594544,4.72
26/04/2010,2000,55400000,27.7(0.36 %),2000,55400000,0,0,3563824,5.1
27/04/2010,18600,514100000,28(1.08 %),20000,554000000,1400,39900000,3573944,4.98
28/04/2010,8120,225736000,27.5(-1.79 %),10000,278000000,1880,52264000,3565824,5.08
29/04/2010,-50000,-1348805000,27(-1.82 %),0,0,50000,1348805000,3615824,4.46
04/05/2010,0,0,27.7(2.59 %),0,0,0,0,3615824,4.46
05/05/2010,0,0,26.4(-4.69 %),0,0,0,0,3615824,4.46
06/05/2010,-62400,-1668340000,27.7(4.92 %),600,16200000,63000,1684540000,3678224,3.69
07/05/2010,200,5540000,26.6(-3.97 %),200,5540000,0,0,3678024,3.7
10/05/2010,0,0,22.5(2.74 %),0,0,0,0,3678024,3.7
12/05/2010,0,0,21.9(-4.78 %),0,0,0,0,3678024,3.7
13/05/2010,0,0,21.1(-3.65 %),0,0,0,0,3678024,3.7
14/05/2010,0,0,21(-0.47 %),0,0,0,0,3678024,3.7
17/05/2010,0,0,21.3(1.43 %),0,0,0,0,3678024,3.7
18/05/2010,0,0,20.8(-2.35 %),0,0,0,0,3678024,3.7
19/05/2010,1000,20300000,20.3(-2.40 %),1000,20300000,0,0,3677024,3.71
20/05/2010,30,612000,20.3(0.00 %),30,612000,0,0,3676994,3.71
21/05/2010,0,0,19.3(-4.93 %),0,0,0,0,3676994,3.71
24/05/2010,2040,38363000,18.8(-2.59 %),2040,38363000,0,0,3674954,3.73
25/05/2010,0,0,18.8(0.00 %),0,0,0,0,3674954,3.73
26/05/2010,0,0,19.4(3.19 %),0,0,0,0,3674954,3.73
27/05/2010,0,0,19.5(0.52 %),0,0,0,0,3674954,3.73
28/05/2010,3000,61100000,20.4(4.62 %),3000,61100000,0,0,3671954,3.77
31/05/2010,0,0,21.4(4.90 %),0,0,0,0,3671954,3.77
01/06/2010,0,0,22.4(4.67 %),0,0,0,0,3671954,3.77
02/06/2010,0,0,22.8(1.79 %),0,0,0,0,3671954,3.77
03/06/2010,0,0,22.3(-2.19 %),2000,46000000,2000,46000000,3671954,3.77
04/06/2010,-2000,-44600000,21.5(-3.59 %),0,0,2000,44600000,3673954,3.75
07/06/2010,-2010,-42210000,20.5(-4.65 %),0,0,2010,42210000,3675964,3.72
08/06/2010,1000,19900000,21.3(3.90 %),1000,19900000,0,0,3674964,3.73
09/06/2010,-8800,-193600000,21.6(1.41 %),0,0,8800,193600000,3683764,3.62
10/06/2010,1000,21200000,21.2(-1.85 %),1000,21200000,0,0,3682764,3.64
11/06/2010,14920,328065000,21.9(3.30 %),15000,329817000,80,1752000,3667844,3.82
14/06/2010,-1000,-22400000,22.9(4.57 %),0,0,1000,22400000,3668844,3.81
15/06/2010,4000,89600000,22.4(-2.18 %),4000,89600000,0,0,3664844,3.86
16/06/2010,-1000,-22771000,22.6(0.89 %),0,0,1000,22771000,3665844,3.85
17/06/2010,-9000,-203141000,22.3(-1.33 %),0,0,9000,203141000,3674844,3.73
18/06/2010,-5000,-111700000,21.7(-2.69 %),0,0,5000,111700000,3679844,3.67
21/06/2010,0,0,22.7(4.61 %),0,0,0,0,3679844,3.67
22/06/2010,-4000,-87600000,21.9(-3.52 %),0,0,4000,87600000,3683844,3.62
23/06/2010,0,0,22.9(4.57 %),0,0,0,0,3683844,3.62
24/06/2010,7000,164800000,22.8(-0.44 %),10000,234000000,3000,69200000,3676844,3.71
25/06/2010,2000,44000000,21.8(-4.39 %),2000,44000000,0,0,3674844,3.73
28/06/2010,0,0,21.7(-0.46 %),0,0,0,0,3674844,3.73
29/06/2010,0,0,22(1.38 %),0,0,0,0,3674844,3.73
30/06/2010,-1000,-21200000,21.3(-3.18 %),0,0,1000,21200000,3675844,3.72
01/07/2010,-2200,-46860000,21(-1.41 %),0,0,2200,46860000,3678044,3.69
02/07/2010,-100,-2100000,21.4(1.90 %),0,0,100,2100000,3678144,3.69
05/07/2010,-3060,-65440000,21.4(0.00 %),0,0,3060,65440000,3681204,3.66
06/07/2010,0,0,21(-1.87 %),0,0,0,0,3681204,3.66
07/07/2010,-4100,-88150000,20.7(-1.43 %),0,0,4100,88150000,3685304,3.61
08/07/2010,-100,-2070000,20.9(0.97 %),0,0,100,2070000,3685404,3.6
09/07/2010,-100,-2100000,20.9(0.00 %),0,0,100,2100000,3685504,3.6
12/07/2010,-100,-2120000,21.3(1.91 %),0,0,100,2120000,3685604,3.6
13/07/2010,4900,106620000,21.9(2.82 %),5000,108800000,100,2180000,3680704,3.66
14/07/2010,-100,-2220000,21.7(-0.91 %),0,0,100,2220000,3680804,3.66
15/07/2010,0,0,21.5(-0.92 %),0,0,0,0,3680804,3.66
16/07/2010,0,0,21.6(0.47 %),0,0,0,0,3680804,3.66
19/07/2010,0,0,22(1.85 %),0,0,0,0,3680804,3.66
20/07/2010,0,0,21.6(-1.82 %),0,0,0,0,3680804,3.66
21/07/2010,-30,-678000,22.6(4.63 %),0,0,30,678000,3680834,3.66
22/07/2010,0,0,23.1(2.21 %),0,0,0,0,3680834,3.66
23/07/2010,0,0,22.7(-1.73 %),0,0,0,0,3680834,3.66
26/07/2010,0,0,22.7(0.00 %),0,0,0,0,3680834,3.66
27/07/2010,0,0,22.3(-1.76 %),0,0,0,0,3680834,3.66
28/07/2010,-100,-2170000,21.2(-4.93 %),0,0,100,2170000,3680934,3.66
29/07/2010,-3000,-62700000,20.9(-1.42 %),0,0,3000,62700000,3683934,3.62
30/07/2010,3000,65400000,21.8(4.31 %),3000,65400000,0,0,3680934,3.66
02/08/2010,0,0,22(0.92 %),0,0,0,0,3680934,3.66
03/08/2010,0,0,21.4(-2.73 %),0,0,0,0,3680934,3.66
04/08/2010,0,0,21.3(-0.47 %),0,0,0,0,3680934,3.66
05/08/2010,0,0,21.1(-0.94 %),0,0,0,0,3680934,3.66
06/08/2010,0,0,20.6(-2.37 %),0,0,0,0,3680934,3.66
09/08/2010,0,0,20.3(-1.46 %),0,0,0,0,3680934,3.66
10/08/2010,-3000,-57900000,19.3(-4.93 %),0,0,3000,57900000,3683934,3.62
11/08/2010,0,0,19.8(2.59 %),0,0,0,0,3683924,3.62
12/08/2010,0,0,18.9(-4.55 %),0,0,0,0,3683934,3.62
13/08/2010,10,186000,18.9(0.00 %),10,186000,0,0,3683924,3.62
16/08/2010,0,0,19.8(4.76 %),0,0,0,0,3683924,3.62
17/08/2010,0,0,19.7(-0.51 %),0,0,0,0,3683924,3.62
18/08/2010,0,0,20(1.52 %),0,0,0,0,3683924,3.62
19/08/2010,0,0,20(0.00 %),0,0,0,0,3683924,0.0
20/08/2010,0,0,20.5(2.50 %),0,0,0,0,3683924,0.0
23/08/2010,0,0,20.3(-0.98 %),0,0,0,0,3683924,294084.0
24/08/2010,0,0,19.3(-4.93 %),0,0,0,0,3683924,3.62
25/08/2010,20,368000,18.4(-4.66 %),20,368000,0,0,3683904,3.62
26/08/2010,0,0,18.7(1.63 %),0,0,0,0,3683904,3.62
27/08/2010,0,0,19(1.60 %),0,0,0,0,0,0.0
30/08/2010,0,0,19.9(4.74 %),0,0,0,0,0,49.0
31/08/2010,0,0,20.5(3.02 %),0,0,0,0,0,49.0
01/09/2010,0,0,20.4(-0.49 %),0,0,0,0,0,3978008.0
06/09/2010,0,0,20.7(1.47 %),0,0,0,0,3691303,49.0
07/09/2010,0,0,20.2(-2.42 %),0,0,0,0,0,49.0
08/09/2010,0,0,19.9(-1.49 %),0,0,0,0,0,49.0
09/09/2010,-10000,-200050000,20.8(4.52 %),0,0,10000,200050000,10000,48.88
10/09/2010,2000,43600000,20(-3.85 %),2000,43600000,0,0,8000,48.9
13/09/2010,0,0,21(5.00 %),0,0,0,0,8000,48.9
14/09/2010,0,0,22(4.76 %),0,0,0,0,8000,48.9
15/09/2010,0,0,22.5(2.27 %),0,0,0,0,8000,48.9
16/09/2010,0,0,22(-2.22 %),0,0,0,0,8000,48.9
17/09/2010,2000,46200000,23.1(5.00 %),2000,46200000,0,0,6000,48.93
20/09/2010,0,0,23.1(0.00 %),0,0,0,0,6000,48.93
21/09/2010,0,0,22.3(-3.46 %),0,0,0,0,6000,48.93
22/09/2010,0,0,22.1(-0.90 %),0,0,0,0,6000,48.96
23/09/2010,0,0,21.2(-4.07 %),0,0,0,0,6000,48.96
24/09/2010,-1300,-27590000,21.2(0.00 %),0,0,1300,27590000,7300,48.95
27/09/2010,-100,-2120000,22.2(4.72 %),0,0,100,2120000,6127329,3.24
28/09/2010,0,0,22.5(1.35 %),0,0,0,0,6127329,3.24
29/09/2010,0,0,21.9(-2.67 %),0,0,0,0,6127329,3.24
30/09/2010,-100,-2200000,21.7(-0.91 %),0,0,100,2200000,6127429,3.24
01/10/2010,0,0,21.5(-0.92 %),0,0,0,0,6127429,3.24
04/10/2010,0,0,20.6(-4.19 %),0,0,0,0,6127429,3.24
05/10/2010,0,0,21.6(4.85 %),0,0,0,0,6127429,3.24
06/10/2010,50,1100000,21.8(0.93 %),50,1100000,0,0,6127379,3.24
07/10/2010,100000,2203500000,21.9(0.46 %),100000,2203500000,0,0,6027379,3.98
08/10/2010,100000,2234184000,22.3(1.83 %),100000,2234184000,0,0,5927379,4.73
11/10/2010,0,0,22.4(0.45 %),0,0,0,0,5927379,4.73
12/10/2010,59100,1318740000,22.2(-0.89 %),59100,1318740000,0,0,5868279,5.17
13/10/2010,20600,457772000,22.4(0.90 %),20600,457772000,0,0,5847679,5.33
14/10/2010,0,0,21.8(-2.68 %),0,0,0,0,5847679,5.33
15/10/2010,0,0,22.7(4.13 %),0,0,0,0,5847679,5.33
18/10/2010,0,0,22.7(0.00 %),0,0,0,0,5847679,5.33
19/10/2010,-100,-2280000,22.2(-2.20 %),0,0,100,2280000,5847779,5.33
20/10/2010,0,0,21.1(-4.95 %),0,0,0,0,5847779,5.33
21/10/2010,0,0,21.1(0.00 %),0,0,0,0,5847779,5.33
22/10/2010,0,0,20.7(-1.90 %),0,0,0,0,5847779,5.33
25/10/2010,0,0,21.5(3.86 %),0,0,0,0,5847779,5.33
26/10/2010,200,4400000,21.8(1.40 %),200,4400000,0,0,5847579,5.33
27/10/2010,0,0,20.9(-4.13 %),0,0,0,0,5847579,5.33
28/10/2010,0,0,20.8(-0.48 %),0,0,0,0,5847579,5.33
29/10/2010,0,0,20.9(0.48 %),0,0,0,0,5847579,5.33
01/11/2010,300,6240000,20.5(-1.91 %),300,6240000,0,0,5847279,5.33
02/11/2010,0,0,20.4(-0.49 %),0,0,0,0,5847279,5.33
03/11/2010,0,0,20.1(-1.47 %),0,0,0,0,5847279,5.33
04/11/2010,0,0,20.5(1.99 %),0,0,0,0,5847279,5.33
05/11/2010,0,0,20.7(0.98 %),0,0,0,0,5847279,5.33
08/11/2010,0,0,20.1(1.01 %),0,0,0,0,5847279,5.33
09/11/2010,5000,97500000,19.2(-4.48 %),5000,97500000,0,0,5842279,5.37
10/11/2010,15000,290440000,19.2(0.00 %),15000,290440000,0,0,5827279,5.48
11/11/2010,10000,191500000,18.7(-2.60 %),10000,191500000,0,0,5817279,5.55
12/11/2010,10000,180500000,18(-3.74 %),10000,180500000,0,0,5807279,5.63
15/11/2010,1000,18300000,17.2(-4.44 %),1000,18300000,0,0,5806279,5.64
16/11/2010,5000,83500000,16.8(-2.33 %),5000,83500000,0,0,5801279,5.67
17/11/2010,600,9900000,17.2(2.38 %),600,9900000,0,0,5800679,5.68
18/11/2010,16680,299369000,18(4.65 %),16880,302849000,200,3480000,5783999,5.8
19/11/2010,18940,343568000,18.3(1.67 %),18940,343568000,0,0,5765059,5.94
22/11/2010,10010,176675000,17.9(-2.19 %),10010,176675000,0,0,5755049,6.02
23/11/2010,0,0,18.4(2.79 %),0,0,0,0,5755049,6.02
24/11/2010,0,0,18.4(0.00 %),0,0,0,0,5755049,6.02
25/11/2010,0,0,18.7(1.63 %),0,0,0,0,5755049,6.02
26/11/2010,9680,178412000,19(1.60 %),9680,178412000,0,0,5745369,6.09
29/11/2010,0,0,19.1(0.53 %),0,0,0,0,5745369,6.09
30/11/2010,0,0,19.8(3.66 %),0,0,0,0,5745369,6.09
01/12/2010,600,11700000,19.5(-1.52 %),600,11700000,0,0,5744769,6.09
02/12/2010,1000,19500000,20.4(4.62 %),1000,19500000,0,0,5743769,6.1
03/12/2010,-9500,-200400000,21.4(4.90 %),500,10600000,10000,211000000,5753269,6.03
06/12/2010,0,0,22.4(4.67 %),0,0,0,0,5753269,6.03
07/12/2010,500,11100000,22(-1.79 %),500,11100000,0,0,5752769,6.03
08/12/2010,31000,652200000,20.9(-5.00 %),31000,652200000,0,0,5721769,6.27
09/12/2010,0,0,21.9(4.78 %),0,0,0,0,5721769,6.27
10/12/2010,0,0,22.9(4.57 %),0,0,0,0,5721769,6.27
13/12/2010,0,0,24(4.80 %),0,0,0,0,5721769,6.27
14/12/2010,100,2390000,22.9(-4.58 %),100,2390000,0,0,5721669,6.27
15/12/2010,30070,679666000,22.6(-1.31 %),30070,679666000,0,0,5691599,6.49
16/12/2010,10000,220000000,21.7(-3.98 %),10000,220000000,0,0,5681599,6.57
17/12/2010,36260,826102000,22.7(4.61 %),39260,891202000,3000,65100000,5645339,6.84
20/12/2010,0,0,23.6(3.96 %),0,0,0,0,5645339,6.84
21/12/2010,15960,376256000,23.6(0.00 %),17960,423856000,2000,47600000,5629379,6.96
22/12/2010,0,0,22.9(-2.97 %),0,0,0,0,5629379,6.96
23/12/2010,0,0,22.1(-3.49 %),0,0,0,0,5629379,6.96
24/12/2010,0,0,22(-0.45 %),0,0,0,0,5629379,6.96
27/12/2010,0,0,22.5(2.27 %),0,0,0,0,5629379,6.96
28/12/2010,0,0,23.4(4.00 %),0,0,0,0,5629379,6.96
29/12/2010,0,0,22.4(-4.27 %),0,0,0,0,5629379,6.96
30/12/2010,0,0,22.2(-0.89 %),0,0,0,0,5629379,6.96
31/12/2010,0,0,22.6(1.80 %),0,0,0,0,5629379,6.96
04/01/2011,0,0,22.8(0.88 %),0,0,0,0,5629379,6.96
05/01/2011,0,0,22.4(-1.75 %),0,0,0,0,5629379,6.96
06/01/2011,0,0,22.2(-0.89 %),0,0,0,0,5629379,6.96
07/01/2011,0,0,22.2(0.00 %),0,0,0,0,5629379,6.96
10/01/2011,0,0,21.8(-1.80 %),0,0,0,0,5629379,6.96
11/01/2011,9950,215915000,21.9(0.46 %),9950,215915000,0,0,5619429,7.03
12/01/2011,0,0,22.6(3.20 %),0,0,0,0,5619429,7.03
13/01/2011,75000,1759388000,23.4(3.54 %),75000,1759388000,0,0,5544429,7.59
14/01/2011,40000,947554000,23.7(1.28 %),40000,947554000,0,0,5504429,7.89
17/01/2011,0,0,23.9(0.84 %),0,0,0,0,5504429,7.89
18/01/2011,0,0,23.5(-1.67 %),0,0,0,0,5504429,7.89
19/01/2011,500,11750000,23.3(-0.85 %),1000,23500000,500,11750000,5503929,7.89
20/01/2011,0,0,23.5(0.86 %),0,0,0,0,5503929,7.89
21/01/2011,-1120,-27552000,24.6(4.68 %),0,0,1120,27552000,5505049,7.89
24/01/2011,39790,977750000,23.9(-2.85 %),39790,977750000,0,0,5465259,8.18
25/01/2011,65000,1580100000,24.3(1.67 %),65000,1580100000,0,0,5400259,8.67
26/01/2011,0,0,24.5(0.82 %),0,0,0,0,5400259,8.67
27/01/2011,0,0,24.4(-0.41 %),0,0,0,0,5400259,8.67
28/01/2011,0,0,24.2(-0.82 %),0,0,0,0,5400259,8.67
08/02/2011,0,0,24(-0.83 %),0,0,0,0,5400259,8.67
09/02/2011,27000,651470000,24(0.00 %),27000,651470000,0,0,5373259,8.87
10/02/2011,0,0,23.8(-0.83 %),0,0,0,0,5373259,8.87
11/02/2011,-44600,-1055558000,23.5(-1.26 %),0,0,44600,1055558000,5417859,8.54
14/02/2011,-11950,-270595000,23.4(-0.43 %),30050,723405000,42000,994000000,5429809,8.45
15/02/2011,-42550,-978005000,22.9(-2.14 %),0,0,42550,978005000,5472359,8.13
16/02/2011,24430,581373000,23.1(0.87 %),72610,1706335000,48180,1124962000,5447929,8.31
17/02/2011,-23700,-542700000,22.9(-0.87 %),10000,230500000,33700,773200000,5471629,8.13
18/02/2011,26170,611980000,22.5(-1.75 %),65300,1500600000,39130,888620000,5445459,8.33
21/02/2011,45050,974795000,21.4(-4.89 %),45050,974795000,0,0,5551709,7.54
22/02/2011,-32700,-671537000,20.4(-4.67 %),0,0,32700,671537000,5478159,8.09
23/02/2011,-74600,-1543976000,20.6(0.98 %),4340,88651000,78940,1632627000,5552759,7.53
24/02/2011,-44000,-880132000,19.9(-3.40 %),0,0,44000,880132000,5596759,7.2
25/02/2011,0,0,20.7(4.02 %),0,0,0,0,5596759,7.2
28/02/2011,74960,1590498000,21.2(2.42 %),100960,2150498000,26000,560000000,5521799,7.76
01/03/2011,400,8440000,20.8(-1.89 %),400,8440000,0,0,5521399,7.76
02/03/2011,234170,4955841000,20.4(-1.92 %),234170,4955841000,0,0,5287229,9.51
03/03/2011,400,8080000,20.7(1.47 %),400,8080000,0,0,0,0.0
04/03/2011,164700,3499950000,21.3(2.90 %),165700,3521150000,1000,21200000,0,0.0
07/03/2011,11000,234000000,21.3(0.00 %),11000,234000000,0,0,0,0.0
08/03/2011,-1000,-21500000,21(-1.41 %),1000,21100000,2000,42600000,0,0.0
09/03/2011,200,4100000,20.8(-0.95 %),200,4100000,0,0,0,0.0
10/03/2011,3900,82700000,21.5(3.37 %),4000,84800000,100,2100000,0,0.0
11/03/2011,146600,3269180000,22.4(4.19 %),147600,3291480000,1000,22300000,0,0.0
14/03/2011,282300,6622000000,22(-1.79 %),282300,6622000000,0,0,0,0.0
15/03/2011,0,0,22(0.00 %),0,0,0,0,0,0.0
16/03/2011,9800,215960000,21.9(-0.45 %),9800,215960000,0,0,4634381,14.39
17/03/2011,-19900,-435820000,21.8(-0.46 %),100,2180000,20000,438000000,4654281,14.24
18/03/2011,15290,333522000,22.2(1.83 %),15340,334612000,50,1090000,4638991,14.35
21/03/2011,-1120,-25648000,22.7(2.25 %),0,0,1120,25648000,4640111,14.34
22/03/2011,11000,249300000,22(-3.08 %),11000,249300000,0,0,4629111,14.43
23/03/2011,129900,2907800000,22(0.00 %),129900,2907800000,0,0,4499211,15.4
24/03/2011,0,0,22(0.00 %),0,0,0,0,4499211,15.4
25/03/2011,83500,1845960000,22.1(0.45 %),83500,1845960000,0,0,4415711,16.02
28/03/2011,50020,1120658000,22.2(0.45 %),50020,1120658000,0,0,4365691,16.39
29/03/2011,0,0,22(-0.90 %),0,0,0,0,4365691,16.39
30/03/2011,65980,1425168000,22(0.00 %),65980,1425168000,0,0,4299711,16.89
31/03/2011,0,0,21.7(-1.36 %),0,0,0,0,4299711,16.89
01/04/2011,29900,649500000,21.7(0.00 %),29900,649500000,0,0,4290911,16.95
04/04/2011,28060,606710000,21.5(-0.92 %),28060,606710000,0,0,4262851,17.16
05/04/2011,15500,333250000,21.5(0.00 %),15500,333250000,0,0,4247351,17.28
06/04/2011,18500,399650000,21.7(0.93 %),18500,399650000,0,0,4228851,17.42
07/04/2011,0,0,21.2(-2.30 %),0,0,0,0,4228851,17.42
08/04/2011,45620,988364000,21.6(1.89 %),45620,988364000,0,0,4183231,17.76
13/04/2011,15600,338350000,21.6(0.00 %),15600,338350000,0,0,4167631,17.87
14/04/2011,11000,237600000,21.6(0.00 %),11000,237600000,0,0,4156631,17.96
15/04/2011,57400,1245377000,21.6(0.00 %),57400,1245377000,0,0,4099231,18.38
18/04/2011,20000,360000000,17.8(-3.78 %),20000,360000000,0,0,4079231,18.53
19/04/2011,4100,71340000,17.4(-2.25 %),4100,71340000,0,0,4075131,18.56
20/04/2011,0,0,16.9(-2.87 %),0,0,0,0,4075131,18.56
21/04/2011,0,0,17(0.59 %),0,0,0,0,4075131,18.56
22/04/2011,6400,105200000,16.7(-1.76 %),6400,105200000,0,0,4068731,18.61
25/04/2011,0,0,17.1(2.40 %),0,0,0,0,4068731,18.61
26/04/2011,0,0,17.9(4.68 %),0,0,0,0,4068731,18.61
27/04/2011,11190,194566000,17.3(-3.35 %),11190,194566000,0,0,4057541,18.7
28/04/2011,0,0,17.4(0.58 %),0,0,0,0,4057541,18.7
29/04/2011,0,0,18(3.45 %),0,0,0,0,4057541,18.7
04/05/2011,0,0,17.8(-1.11 %),0,0,0,0,4027641,18.92
05/05/2011,250,4385000,17.3(-2.81 %),250,4385000,0,0,4027391,18.92
06/05/2011,700,12110000,17.2(-0.58 %),700,12110000,0,0,4026691,18.93
09/05/2011,420,7224000,17.4(1.16 %),420,7224000,0,0,4026271,18.93
10/05/2011,61000,1065572000,17.5(0.57 %),61000,1065572000,0,0,3965271,19.39
11/05/2011,0,0,17.4(-0.57 %),0,0,0,0,3965271,19.39
12/05/2011,7650,130440000,17(-2.30 %),7650,130440000,0,0,3957621,19.44
13/05/2011,30900,527150000,16.9(-0.59 %),30900,527150000,0,0,3926721,19.67
16/05/2011,90,1521000,16.5(-2.37 %),90,1521000,0,0,3926631,19.67
17/05/2011,18120,299573000,16.1(-2.42 %),18120,299573000,0,0,3908511,19.81
18/05/2011,130,2080000,16.1(0.00 %),130,2080000,0,0,3908381,19.81
19/05/2011,3110,48838000,15.7(-2.48 %),3110,48838000,0,0,3905271,19.83
20/05/2011,3000,46200000,15.4(-1.91 %),3000,46200000,0,0,3902271,19.86
23/05/2011,23320,346739000,14.7(-4.55 %),23320,346739000,0,0,3878951,20.03
24/05/2011,2350,32900000,14(-4.76 %),2350,32900000,0,0,3876601,20.05
25/05/2011,11610,162253000,13.3(-5.00 %),11610,162253000,0,0,3864991,20.13
26/05/2011,-2150,-19325000,13.9(4.51 %),10050,139635000,12200,158960000,3867141,20.12
27/05/2011,12450,176055000,14.5(4.32 %),12450,176055000,0,0,3854691,20.21
30/05/2011,28900,416025000,13.8(-4.83 %),28900,416025000,0,0,3825791,20.43
31/05/2011,5000,67500000,13.9(0.72 %),5000,67500000,0,0,3820791,20.46
01/06/2011,6510,90909000,14.5(4.32 %),6510,90909000,0,0,3814781,20.51
02/06/2011,19300,293260000,15.2(4.83 %),19300,293260000,0,0,3795481,20.65
03/06/2011,12800,192200000,14.9(-1.97 %),12800,192200000,0,0,3782681,20.75
06/06/2011,5600,81200000,14.8(-0.67 %),5600,81200000,0,0,3777081,20.79
07/06/2011,18000,275000000,15.5(4.73 %),30000,461000000,12000,186000000,3759081,20.92
08/06/2011,17000,262500000,15.3(-1.29 %),17000,262500000,0,0,3742081,21.05
09/06/2011,30000,473500000,16(4.58 %),30000,473500000,0,0,3712081,21.28
10/06/2011,23420,393084000,16.8(5.00 %),23420,393084000,0,0,3688661,21.45
13/06/2011,10100,170680000,17.3(2.98 %),10100,170680000,0,0,3678561,21.53
14/06/2011,28550,499890000,17.2(-0.58 %),30900,540120000,2350,40230000,3650011,21.74
15/06/2011,24900,418520000,16.4(-4.65 %),24900,418520000,0,0,3625111,21.93
16/06/2011,0,0,16.5(0.61 %),0,0,0,0,3625111,21.93
17/06/2011,13050,205185000,15.8(-4.24 %),13050,205185000,0,0,3612061,22.02
20/06/2011,20000,317000000,15.6(-1.27 %),20000,317000000,0,0,3592061,22.17
21/06/2011,0,0,16.1(3.21 %),0,0,0,0,3592061,22.17
22/06/2011,10000,161000000,15.9(-1.24 %),10000,161000000,0,0,3582061,22.25
23/06/2011,0,0,15.6(-1.89 %),0,0,0,0,3582061,22.25
24/06/2011,1210,18876000,15.8(1.28 %),1210,18876000,0,0,3580851,22.26
27/06/2011,100,1590000,16.1(1.90 %),100,1590000,0,0,3580751,22.26
28/06/2011,-4000,-64400000,16(-0.62 %),0,0,4000,64400000,3584751,22.23
29/06/2011,2200,35860000,16.3(1.88 %),2200,35860000,0,0,3582551,22.24
30/06/2011,15000,244000000,16.1(-1.23 %),15000,244000000,0,0,3567551,22.36
01/07/2011,10000,161000000,16.3(1.24 %),10000,161000000,0,0,3563051,22.39
04/07/2011,5000,81860000,16.6(1.84 %),5000,81860000,0,0,3558051,22.43
05/07/2011,350,5950000,16.9(1.81 %),350,5950000,0,0,3557701,22.43
06/07/2011,2200,37380000,16.7(-1.18 %),2200,37380000,0,0,3555501,22.45
07/07/2011,8400,140280000,16.7(0.00 %),8400,140280000,0,0,3547101,22.51
08/07/2011,19650,327605000,16.6(-0.60 %),19650,327605000,0,0,3527451,22.65
11/07/2011,3700,61050000,16.7(0.60 %),3700,61050000,0,0,3523751,22.68
12/07/2011,300,4950000,16.4(-1.80 %),300,4950000,0,0,3523451,22.68
13/07/2011,0,0,16.4(0.00 %),0,0,0,0,3523451,22.68
14/07/2011,0,0,16.7(1.83 %),0,0,0,0,3523451,22.68
15/07/2011,2600,43420000,16.9(1.20 %),2600,43420000,0,0,3520851,22.7
18/07/2011,0,0,16.6(-1.78 %),0,0,0,0,3520851,22.7
19/07/2011,0,0,16.5(-0.60 %),0,0,0,0,3520851,22.7
20/07/2011,7500,123750000,16.7(1.21 %),7500,123750000,0,0,3513351,22.76
21/07/2011,0,0,16.5(-1.20 %),0,0,0,0,3513351,22.76
22/07/2011,46880,780094000,16.5(0.00 %),46880,780094000,0,0,3466471,23.11
25/07/2011,31250,519445000,16.6(0.61 %),31250,519445000,0,0,3435221,23.34
26/07/2011,1000,16500000,16.5(-0.60 %),1000,16500000,0,0,3434221,23.35
27/07/2011,12850,212025000,16.4(-0.61 %),12850,212025000,0,0,3421371,28.35
28/07/2011,1000,16400000,16.3(-0.61 %),1000,16400000,0,0,3420371,28.35
29/07/2011,2710,44269000,16(-1.84 %),2710,44269000,0,0,3417661,28.37
01/08/2011,4480,71710000,15.7(-1.88 %),4480,71710000,0,0,3813968,25.41
02/08/2011,15500,242250000,15.4(-1.91 %),15500,242250000,0,0,3798468,25.53
03/08/2011,1280,19534000,15.2(-1.30 %),1280,19534000,0,0,3797188,25.54
04/08/2011,-2960,-45768000,15.8(3.95 %),0,0,2960,45768000,3800148,25.52
05/08/2011,950,14855000,15.7(-0.63 %),950,14855000,0,0,3799198,25.52
08/08/2011,-7000,-108816000,15.6(-0.64 %),3000,46300000,10000,155116000,3806198,25.47
09/08/2011,-69900,-1041510000,14.9(-4.49 %),0,0,69900,1041510000,3876098,24.95
10/08/2011,6110,93483000,15(0.67 %),6110,93483000,0,0,3869988,25.0
11/08/2011,-350,-5060000,14.9(-0.67 %),50,740000,400,5800000,3870338,24.99
12/08/2011,1300,19890000,15.3(2.68 %),1300,19890000,0,0,3869038,25.0
15/08/2011,3600,55080000,15.3(0.00 %),3600,55080000,0,0,3865438,25.03
16/08/2011,-2200,-33660000,15.2(-0.65 %),0,0,2200,33660000,3867638,25.01
17/08/2011,0,0,15.6(2.63 %),0,0,0,0,3867638,22.74
18/08/2011,-33000,-517601000,15.7(0.64 %),5010,78156000,38010,595757000,3900638,22.52
19/08/2011,0,0,15.2(-3.18 %),0,0,0,0,3900638,22.52
22/08/2011,0,0,15.8(3.95 %),0,0,0,0,3900638,22.52
23/08/2011,-19090,-299753000,15.8(0.00 %),0,0,19090,299753000,3919728,22.39
24/08/2011,-14920,-235736000,15.8(0.00 %),0,0,14920,235736000,3934648,22.28
25/08/2011,0,0,15.8(0.00 %),0,0,0,0,3934648,22.28
26/08/2011,4520,71416000,15.8(0.00 %),4520,71416000,0,0,3930128,22.32
29/08/2011,0,0,16.5(4.43 %),0,0,0,0,3930128,22.32
30/08/2011,-20600,-346200000,16.6(0.61 %),0,0,20600,346200000,3950728,22.18
31/08/2011,5750,96575000,16.9(1.81 %),5750,96575000,0,0,3944978,22.21
01/09/2011,-700,-11900000,17.2(1.78 %),0,0,700,11900000,3924384,22.35
05/09/2011,2000,34000000,16.7(-2.91 %),2000,34000000,0,0,3922384,22.37
06/09/2011,0,0,16.4(-1.80 %),0,0,0,0,3922384,22.37
07/09/2011,0,0,17.2(4.88 %),0,0,0,0,3922384,22.37
08/09/2011,-2210,-39717000,17.4(1.16 %),0,0,2210,39717000,3924594,22.35
09/09/2011,0,0,17.4(0.00 %),0,0,0,0,3924594,22.35
12/09/2011,68420,1195692000,17.4(0.00 %),68420,1195692000,0,0,3856174,22.82
13/09/2011,0,0,18(3.45 %),0,0,0,0,3856174,22.82
14/09/2011,16000,282564000,17.5(-2.78 %),16000,282564000,0,0,3840174,22.93
15/09/2011,38780,671594000,17.3(-1.14 %),38780,671594000,0,0,3801394,23.19
16/09/2011,30000,508000000,16.9(-2.31 %),30000,508000000,0,0,3771394,23.39
19/09/2011,12100,202420000,16.9(0.00 %),12100,202420000,0,0,3759294,23.48
20/09/2011,20000,335000000,16.7(-1.18 %),20000,335000000,0,0,3739294,23.61
21/09/2011,2000,33400000,16.5(-1.20 %),2000,33400000,0,0,3737294,23.62
22/09/2011,0,0,16.8(1.82 %),0,0,0,0,3737294,23.62
23/09/2011,0,0,16.5(-1.79 %),0,0,0,0,3737294,23.62
26/09/2011,750,12375000,16.5(0.00 %),750,12375000,0,0,3736544,23.63
27/09/2011,0,0,16.4(-0.61 %),0,0,0,0,3736544,23.63
28/09/2011,0,0,16.4(0.00 %),0,0,0,0,3736544,23.63
29/09/2011,0,0,16.2(-1.22 %),0,0,0,0,3736544,23.63
30/09/2011,0,0,17(4.94 %),0,0,0,0,3736544,23.63
03/10/2011,2270,38817000,16.7(-1.76 %),2270,38817000,0,0,3757844,23.49
04/10/2011,0,0,16.5(-1.20 %),0,0,0,0,3757844,23.49
05/10/2011,100,1650000,16.5(0.00 %),100,1650000,0,0,3757744,23.49
06/10/2011,-900,-15415000,16.6(0.61 %),100,1685000,1000,17100000,3758644,23.48
07/10/2011,0,0,16.6(0.00 %),0,0,0,0,3758644,23.48
10/10/2011,6680,115683000,17.1(3.01 %),7080,122483000,400,6800000,3751964,23.52
11/10/2011,500,8600000,17.2(0.58 %),500,8600000,0,0,3751464,23.53
12/10/2011,11000,184200000,16.7(-2.91 %),11000,184200000,0,0,3740464,23.6
13/10/2011,10700,179056000,16.7(0.00 %),10700,179056000,0,0,3729764,23.68
14/10/2011,0,0,16.8(0.60 %),0,0,0,0,3729764,23.68
17/10/2011,0,0,16.5(-1.79 %),0,0,0,0,3729764,23.68
18/10/2011,500,8000000,15.8(-4.24 %),500,8000000,0,0,3729264,23.68
19/10/2011,400,6320000,16.1(1.90 %),400,6320000,0,0,3728864,23.68
20/10/2011,-17920,-284928000,15.8(-1.86 %),500,7950000,18420,292878000,3746784,23.56
21/10/2011,4000,64600000,16.1(1.90 %),4000,64600000,0,0,3742784,23.59
24/10/2011,0,0,16(-0.62 %),0,0,0,0,3742784,23.59
25/10/2011,1500,23900000,16(0.00 %),1500,23900000,0,0,3741284,23.6
26/10/2011,500,7850000,15.8(-1.25 %),500,7850000,0,0,3740784,23.6
27/10/2011,-21230,-329065000,15.5(-1.90 %),0,0,21230,329065000,3762014,23.46
28/10/2011,500,7850000,16(3.23 %),500,7850000,0,0,3761514,23.46
31/10/2011,0,0,15.8(-1.25 %),0,0,0,0,3761514,23.46
01/11/2011,50,785000,15.4(-2.53 %),50,785000,0,0,3738014,23.62
02/11/2011,2280,34866000,14.9(-3.25 %),2280,34866000,0,0,3735734,23.64
03/11/2011,0,0,14.9(0.00 %),0,0,0,0,3735734,23.64
04/11/2011,11600,172000000,14.7(-1.34 %),11600,172000000,0,0,3724134,23.71
07/11/2011,1100,15840000,14.4(-2.04 %),1100,15840000,0,0,3723034,23.72
08/11/2011,700,9870000,14.1(-2.08 %),700,9870000,0,0,3722334,23.73
09/11/2011,9170,130565000,14.1(0.00 %),9180,130708000,10,143000,3713164,23.79
10/11/2011,-700,-9800000,13.7(-2.84 %),0,0,700,9800000,3713864,23.78
11/11/2011,-12550,-168063000,13.6(-0.73 %),8300,111890000,20850,279953000,3726414,23.7
14/11/2011,890,12015000,13.3(-2.21 %),890,12015000,0,0,3725524,23.7
15/11/2011,0,0,13(-2.26 %),0,0,0,0,3725524,23.7
16/11/2011,3000,39000000,13.3(2.31 %),3000,39000000,0,0,3722524,23.72
17/11/2011,0,0,13.3(0.00 %),0,0,0,0,3722524,23.72
18/11/2011,700,9110000,13(-2.26 %),700,9110000,0,0,3721824,23.73
21/11/2011,0,0,12.7(-2.31 %),0,0,0,0,3721824,23.73
22/11/2011,400,5000000,12.6(-0.79 %),400,5000000,0,0,3721424,23.73
23/11/2011,0,0,13.1(3.97 %),0,0,0,0,3721424,23.73
24/11/2011,400,5190000,13.1(0.00 %),400,5190000,0,0,3721024,23.74
25/11/2011,0,0,13.1(0.00 %),0,0,0,0,3721024,23.74
28/11/2011,-1100,-15120000,13.5(3.05 %),900,11880000,2000,27000000,3722124,23.73
29/11/2011,0,0,13.4(-0.74 %),0,0,0,0,3722124,23.73
30/11/2011,200,2670000,13.2(-1.49 %),200,2670000,0,0,3721924,23.73
01/12/2011,0,0,13.1(-0.76 %),0,0,0,0,3741104,23.6
02/12/2011,0,0,13.3(1.53 %),0,0,0,0,3741104,23.6
05/12/2011,-7400,-101140000,13.9(4.51 %),0,0,7400,101140000,3748504,23.55
06/12/2011,-6600,-95040000,13.9(0.00 %),0,0,6600,95040000,3755104,23.5
07/12/2011,-13600,-190400000,14(0.72 %),0,0,13600,190400000,3768704,23.41
08/12/2011,-7000,-98000000,14(0.00 %),0,0,7000,98000000,3775704,23.36
09/12/2011,-53660,-735908000,13.7(-2.14 %),0,0,53660,735908000,3829364,23.0
12/12/2011,0,0,13.7(0.00 %),0,0,0,0,3829364,23.0
13/12/2011,0,0,13.8(0.73 %),0,0,0,0,3829364,23.0
14/12/2011,0,0,14(1.45 %),0,0,0,0,3829364,23.0
15/12/2011,0,0,13.8(-1.43 %),0,0,0,0,3829364,23.0
16/12/2011,0,0,14(1.45 %),0,0,0,0,3829364,23.0
19/12/2011,6400,90240000,14.2(1.43 %),6400,90240000,0,0,3822964,23.04
20/12/2011,-6220,-88324000,14(-1.41 %),0,0,6220,88324000,3829184,23.0
21/12/2011,100,1400000,14.6(4.29 %),100,1400000,0,0,3829084,23.0
22/12/2011,0,0,14.2(-2.74 %),0,0,0,0,3829084,23.0
23/12/2011,0,0,14.6(2.82 %),0,0,0,0,3829084,23.0
26/12/2011,0,0,14.4(-1.37 %),0,0,0,0,3829084,23.0
27/12/2011,200,2800000,14.2(-1.39 %),200,2800000,0,0,3828884,23.0
28/12/2011,1000,14200000,14.4(1.41 %),1000,14200000,0,0,3827884,23.01
29/12/2011,0,0,14.3(-0.69 %),0,0,0,0,3827884,23.01
30/12/2011,0,0,14.4(0.70 %),0,0,0,0,3827884,23.01
03/01/2012,0,0,14.4(0.00 %),0,0,0,0,3829884,23.0
04/01/2012,0,0,14.2(-1.39 %),0,0,0,0,3829884,23.0
05/01/2012,0,0,14.5(2.11 %),0,0,0,0,3829884,23.0
06/01/2012,2010,29346000,14.5(0.00 %),2010,29346000,0,0,3827874,23.01
09/01/2012,0,0,14.5(0.00 %),0,0,0,0,3827874,23.01
10/01/2012,-7420,-107590000,14.5(0.00 %),0,0,7420,107590000,3835294,22.96
11/01/2012,24000,348125000,14.5(0.00 %),24000,348125000,0,0,3811294,23.12
12/01/2012,-8190,-119786000,14.8(2.07 %),0,0,8190,119786000,3819484,23.07
13/01/2012,15000,221651000,14.6(-1.35 %),15000,221651000,0,0,3804484,23.17
16/01/2012,0,0,14.5(-0.68 %),0,0,0,0,3804484,23.17
17/01/2012,26610,387214000,14.3(-1.38 %),26610,387214000,0,0,3777874,23.35
18/01/2012,0,0,14.5(1.40 %),0,0,0,0,3777874,23.35
19/01/2012,0,0,14.6(0.69 %),0,0,0,0,3777874,23.35
20/01/2012,20000,291000000,14.5(-0.68 %),20000,291000000,0,0,3757874,23.48
30/01/2012,0,0,15.2(4.83 %),0,0,0,0,3757874,23.48
31/01/2012,0,0,15.9(4.61 %),0,0,0,0,3757874,23.48
01/02/2012,610,9699000,16.5(3.77 %),610,9699000,0,0,3757374,23.49
02/02/2012,-122580,-1924506000,15.8(-4.24 %),0,0,122580,1924506000,3879954,22.66
03/02/2012,0,0,15.6(-1.27 %),0,0,0,0,3879954,22.66
06/02/2012,0,0,16.3(4.49 %),0,0,0,0,3879954,22.66
07/02/2012,0,0,16.5(1.23 %),0,0,0,0,3879954,22.66
08/02/2012,-5000,-82000000,16.6(0.61 %),0,0,5000,82000000,3884954,22.62
09/02/2012,-6380,-106546000,16.4(-1.20 %),0,0,6380,106546000,3891334,22.58
10/02/2012,2400,39600000,16.4(0.00 %),2400,39600000,0,0,3888934,22.59
13/02/2012,650,9380000,17.2(4.88 %),1200,18840000,550,9460000,3888284,22.6
14/02/2012,-40590,-674814000,17.3(0.58 %),0,0,40590,674814000,3928874,22.32
15/02/2012,-1270,-21209000,16.5(-4.62 %),0,0,1270,21209000,3930144,22.32
16/02/2012,0,0,16.8(1.82 %),0,0,0,0,3930144,22.32
17/02/2012,-1580,-25696000,16.8(0.00 %),0,0,1580,25696000,3931724,22.3
20/02/2012,-2400,-39490000,16.8(0.00 %),0,0,2400,39490000,3934124,22.29
21/02/2012,-2010,-33366000,16.6(-1.19 %),0,0,2010,33366000,3936134,22.27
22/02/2012,-6600,-109170000,16.6(0.00 %),0,0,6600,109170000,3942734,22.23
23/02/2012,0,0,16.6(0.00 %),0,0,0,0,3942734,22.23
24/02/2012,-51790,-848096000,16.5(-0.60 %),1000,16600000,52790,864696000,3994524,21.88
27/02/2012,0,0,16.5(0.00 %),0,0,0,0,3994524,21.88
28/02/2012,2000,32200000,16.4(-0.61 %),2000,32200000,0,0,3992524,21.89
29/02/2012,-15990,-253139000,15.8(-3.66 %),4010,65861000,20000,319000000,4008514,21.78
01/03/2012,-14800,-231900000,15.3(-3.16 %),0,0,14800,231900000,3988410,21.92
02/03/2012,-41550,-643025000,15.5(1.31 %),0,0,41550,643025000,4029960,21.64
05/03/2012,-165200,-2668220000,16.2(4.52 %),0,0,165200,2668220000,4195160,20.52
06/03/2012,-21990,-351440000,16(-1.23 %),0,0,21990,351440000,4217150,20.37
07/03/2012,3180,50630000,16(0.00 %),3180,50630000,0,0,4213970,20.39
08/03/2012,0,0,15.4(-3.75 %),0,0,0,0,4213970,20.39
09/03/2012,950,14630000,15.3(-0.65 %),950,14630000,0,0,4213020,20.39
12/03/2012,1600,24480000,15.3(0.00 %),1600,24480000,0,0,4211420,20.41
13/03/2012,-880,-13464000,15.3(0.00 %),0,0,880,13464000,4212300,20.4
14/03/2012,0,0,15.6(1.96 %),0,0,0,0,4212300,20.4
15/03/2012,1000,15400000,15.6(0.00 %),1000,15400000,0,0,4211300,20.41
16/03/2012,0,0,15.6(0.00 %),0,0,0,0,4211300,20.41
19/03/2012,60,918000,15.6(0.00 %),60,918000,0,0,4211240,20.41
20/03/2012,0,0,15.4(-1.28 %),0,0,0,0,4211240,20.41
21/03/2012,0,0,16(3.90 %),0,0,0,0,4211240,20.41
22/03/2012,-15590,-241665000,15.7(-1.88 %),0,0,15590,241665000,4226830,20.3
23/03/2012,1990,31252000,15.8(0.64 %),1990,31252000,0,0,4224840,20.31
26/03/2012,0,0,15.8(0.00 %),0,0,0,0,4224840,20.31
27/03/2012,-3710,-58989000,15.7(-0.63 %),0,0,3710,58989000,4228550,20.29
28/03/2012,1900,29070000,15.9(1.27 %),1900,29070000,0,0,4226650,20.3
29/03/2012,-6700,-103850000,15.8(-0.63 %),0,0,6700,103850000,4233350,20.26
30/03/2012,0,0,15.2(-3.80 %),0,0,0,0,4233350,20.26
03/04/2012,0,0,15.1(-0.66 %),0,0,0,0,4261450,20.07
04/04/2012,0,0,14.9(-1.32 %),0,0,0,0,4261450,20.07
05/04/2012,-1760,-24992000,14.8(-0.67 %),0,0,1760,24992000,4263210,20.05
06/04/2012,0,0,15.4(4.05 %),0,0,0,0,4263210,20.05
09/04/2012,0,0,14.9(-3.25 %),0,0,0,0,4263210,20.05
10/04/2012,-6050,-87725000,15.1(1.34 %),0,0,6050,87725000,4269260,20.01
11/04/2012,-1700,-25670000,15.4(1.99 %),0,0,1700,25670000,4270960,20.0
12/04/2012,-15060,-235824000,15.6(1.30 %),0,0,15060,235824000,4286020,19.9
13/04/2012,-8620,-131468000,15.2(-2.56 %),1400,21840000,10020,153308000,4294640,19.84
16/04/2012,-15970,-241744000,15.2(0.00 %),0,0,15970,241744000,4310610,19.73
17/04/2012,-52200,-795000000,15.4(1.32 %),0,0,52200,795000000,4362810,19.38
18/04/2012,-12500,-188200000,14.9(-3.25 %),0,0,12500,188200000,4375310,19.29
19/04/2012,-8000,-119450000,14.9(0.00 %),0,0,8000,119450000,4383310,19.24
20/04/2012,-970,-14500000,14.9(0.00 %),0,0,970,14500000,4384280,19.23
23/04/2012,-9500,-143900000,14.9(0.00 %),0,0,9500,143900000,4393780,19.17
24/04/2012,-2660,-39368000,14.9(0.00 %),2000,29600000,4660,68968000,4396440,19.15
25/04/2012,-11000,-164467000,15.1(1.34 %),0,0,11000,164467000,4407440,19.07
26/04/2012,-24990,-364853000,14.6(-3.31 %),10,147000,25000,365000000,4432430,18.9
27/04/2012,-14590,-220068000,14.9(2.05 %),0,0,14590,220068000,4447020,18.81
02/05/2012,-12010,-174277000,14.8(-0.67 %),0,0,12010,174277000,4403130,19.1
03/05/2012,0,0,14.5(-2.03 %),0,0,0,0,4403130,19.1
04/05/2012,-51500,-747500000,14.6(0.69 %),0,0,51500,747500000,4454630,18.75
07/05/2012,-20010,-297150000,14.9(2.05 %),0,0,20010,297150000,4474640,18.62
08/05/2012,-33950,-509089000,15(0.67 %),0,0,33950,509089000,4508590,18.39
09/05/2012,-9630,-144200000,15(0.00 %),4000,60000000,13630,204200000,4518220,18.32
10/05/2012,-38280,-555123000,14.7(-2.00 %),0,0,38280,555123000,4556500,18.06
11/05/2012,-29200,-410760000,14(-4.76 %),0,0,29200,410760000,4585700,17.86
14/05/2012,-2960,-40420000,13.4(-4.29 %),40,580000,3000,41000000,4588660,17.84
15/05/2012,-54540,-702328000,12.8(-4.48 %),2400,31200000,56940,733528000,4643200,17.47
16/05/2012,-12770,-162130000,12.6(-1.56 %),400,5120000,13170,167250000,4655970,17.39
17/05/2012,-6000,-76400000,12.5(-0.79 %),1000,12500000,7000,88900000,4661970,17.35
18/05/2012,0,0,12.5(0.00 %),0,0,0,0,4661970,17.35
21/05/2012,-7140,-93284000,13.1(4.80 %),0,0,7140,93284000,4669110,17.3
22/05/2012,0,0,12.8(-2.29 %),0,0,0,0,4669110,17.3
23/05/2012,0,0,13.4(4.69 %),0,0,0,0,4669110,17.3
24/05/2012,-25450,-356300000,14(4.48 %),0,0,25450,356300000,4694560,17.12
25/05/2012,-4200,-59640000,14.1(0.71 %),0,0,4200,59640000,4698760,17.1
28/05/2012,0,0,13.5(-4.26 %),0,0,0,0,4698760,17.1
29/05/2012,0,0,13.1(-2.96 %),0,0,0,0,4698760,17.1
30/05/2012,0,0,12.8(-2.29 %),0,0,0,0,4698760,17.1
31/05/2012,0,0,13(1.56 %),0,0,0,0,4698760,17.1
01/06/2012,0,0,12.8(-1.54 %),0,0,0,0,4761360,16.67
04/06/2012,0,0,12.5(-2.34 %),0,0,0,0,4761360,16.67
05/06/2012,100,1190000,11.9(-4.80 %),100,1190000,0,0,4761260,16.67
06/06/2012,2000,22800000,11.4(-4.20 %),2000,22800000,0,0,4759260,16.69
07/06/2012,-20510,-236667000,11.5(0.88 %),0,0,20510,236667000,4779770,16.55
08/06/2012,17820,208532000,11.8(2.61 %),26820,314732000,9000,106200000,4761950,16.67
11/06/2012,-8580,-101904000,11.9(0.85 %),750,8925000,9330,110829000,4770530,16.61
12/06/2012,-520,-6084000,11.5(-3.36 %),0,0,520,6084000,4771050,16.61
13/06/2012,-6500,-75150000,11.8(2.61 %),0,0,6500,75150000,4777550,16.56
14/06/2012,-38920,-447725000,11.6(-1.69 %),0,0,38920,447725000,4816470,16.3
15/06/2012,-6000,-70800000,11.6(0.00 %),0,0,6000,70800000,4822470,16.26
18/06/2012,-14400,-169020000,11.8(1.72 %),0,0,14400,169020000,4836870,16.16
19/06/2012,-330,-3795000,11.4(-3.39 %),0,0,330,3795000,4837200,16.16
20/06/2012,0,0,11.5(0.88 %),0,0,0,0,4837200,16.16
21/06/2012,3000,34500000,11.4(-0.87 %),3000,34500000,0,0,4834200,16.18
22/06/2012,1300,15080000,11.1(-2.63 %),1300,15080000,0,0,4832900,16.19
25/06/2012,620,6542000,11.6(4.50 %),1100,12110000,480,5568000,4832280,16.19
26/06/2012,-43560,-484382000,11.2(-3.45 %),0,0,43560,484382000,4875840,15.89
27/06/2012,200,2240000,11.2(0.00 %),200,2240000,0,0,4875640,15.9
28/06/2012,0,0,11.2(0.00 %),0,0,0,0,4875640,15.9
29/06/2012,0,0,11.2(0.00 %),0,0,0,0,4875640,15.9
02/07/2012,0,0,10.7(-4.46 %),0,0,0,0,4875640,15.9
03/07/2012,-3500,-35850000,10.2(-4.67 %),0,0,3500,35850000,4879140,15.87
04/07/2012,0,0,10(-1.96 %),0,0,0,0,4879140,15.87
05/07/2012,0,0,10(0.00 %),0,0,0,0,4879140,15.87
06/07/2012,0,0,10.4(4.00 %),0,0,0,0,4879140,15.87
09/07/2012,0,0,9.9(-4.81 %),0,0,0,0,4879140,15.87
10/07/2012,-4500,-42750000,9.8(-1.01 %),0,0,4500,42750000,4883640,15.84
11/07/2012,-800,-7521000,9.8(0.00 %),0,0,800,7521000,4884440,15.84
12/07/2012,0,0,9.4(-4.08 %),0,0,0,0,4884440,15.84
13/07/2012,-3080,-29994000,9.8(4.26 %),0,0,3080,29994000,4887520,15.81
16/07/2012,0,0,9.6(-2.04 %),0,0,0,0,4887520,15.81
17/07/2012,-80,-768000,9.8(2.08 %),0,0,80,768000,4887600,15.81
18/07/2012,-5000,-47000000,9.4(-4.08 %),0,0,5000,47000000,4892600,15.78
19/07/2012,0,0,9.7(3.19 %),0,0,0,0,4892600,15.78
20/07/2012,-2000,-19550000,9.6(-1.03 %),500,4950000,2500,24500000,4894600,15.77
23/07/2012,-2500,-23750000,9.4(-2.08 %),0,0,2500,23750000,4897100,15.75
24/07/2012,100,900000,9(-4.26 %),100,900000,0,0,4897000,15.75
25/07/2012,0,0,8.6(-4.44 %),0,0,0,0,4897000,15.75
26/07/2012,0,0,8.2(-4.65 %),0,0,0,0,4897000,15.75
27/07/2012,-8730,-68094000,7.8(-4.88 %),0,0,8730,68094000,4905730,15.69
30/07/2012,0,0,7.5(-3.85 %),0,0,0,0,4905730,15.69
31/07/2012,0,0,7.3(-2.67 %),0,0,0,0,4905730,15.69
01/08/2012,2600,19500000,7.6(4.11 %),2600,19500000,0,0,4894400,15.77
02/08/2012,0,0,7.9(3.95 %),0,0,0,0,4894400,15.77
03/08/2012,1000,8200000,8.2(3.80 %),1000,8200000,0,0,4893400,15.77
06/08/2012,5700,46740000,7.9(-3.66 %),5700,46740000,0,0,4887700,15.81
07/08/2012,0,0,7.8(-1.27 %),0,0,0,0,4887700,15.81
08/08/2012,3900,30810000,8(2.56 %),3900,30810000,0,0,4883800,15.84
09/08/2012,-400,-3160000,8(0.00 %),0,0,400,3160000,4884200,15.84
10/08/2012,0,0,8.1(1.25 %),0,0,0,0,4884200,15.84
13/08/2012,0,0,7.7(-4.94 %),0,0,0,0,4884200,15.84
14/08/2012,0,0,7.7(0.00 %),0,0,0,0,4884200,15.84
15/08/2012,8270,65106000,7.8(1.30 %),8270,65106000,0,0,4875930,15.89
16/08/2012,0,0,7.7(-1.28 %),0,0,0,0,4875930,15.89
17/08/2012,0,0,8(3.90 %),0,0,0,0,4875930,15.89
20/08/2012,0,0,8.2(2.50 %),0,0,0,0,4875930,15.89
21/08/2012,0,0,7.8(-4.88 %),0,0,0,0,4875930,15.89
22/08/2012,0,0,7.5(-3.85 %),0,0,0,0,4875930,15.89
23/08/2012,0,0,7.2(-4.00 %),0,0,0,0,4875930,15.89
24/08/2012,2300,16100000,7.4(2.78 %),2300,16100000,0,0,4873630,15.91
27/08/2012,0,0,7.1(-4.05 %),0,0,0,0,4873630,15.91
28/08/2012,0,0,7.1(0.00 %),0,0,0,0,4873630,15.91
29/08/2012,0,0,7.4(4.23 %),0,0,0,0,4873630,15.91
30/08/2012,-1700,-12580000,7.4(0.00 %),0,0,1700,12580000,4875330,15.9
31/08/2012,1000,7400000,7.4(0.00 %),1000,7400000,0,0,4874330,15.9
04/09/2012,0,0,7.4(0.00 %),0,0,0,0,4881360,15.86
05/09/2012,7200,53280000,7.4(0.00 %),7200,53280000,0,0,4874160,15.91
06/09/2012,0,0,7.2(-2.70 %),0,0,0,0,4874160,15.91
07/09/2012,0,0,7.2(0.00 %),0,0,0,0,4874160,15.91
10/09/2012,0,0,7(-2.78 %),0,0,0,0,4874160,15.91
11/09/2012,-6550,-44505000,6.7(-4.29 %),0,0,6550,44505000,4880710,15.86
12/09/2012,0,0,7(4.48 %),0,0,0,0,4880710,15.86
13/09/2012,0,0,7(0.00 %),0,0,0,0,4880710,15.86
14/09/2012,0,0,7.3(4.29 %),0,0,0,0,4880710,15.86
17/09/2012,0,0,7.4(1.37 %),0,0,0,0,4880710,15.86
18/09/2012,-190,-1349000,7.1(-4.05 %),0,0,190,1349000,4880900,15.86
19/09/2012,0,0,7.3(2.82 %),0,0,0,0,4880900,15.86
20/09/2012,-5200,-36400000,7(-4.11 %),0,0,5200,36400000,4886100,15.82
21/09/2012,-500,-3450000,7.1(1.43 %),0,0,500,3450000,4886600,15.82
24/09/2012,0,0,6.8(-4.23 %),0,0,0,0,4886600,15.82
25/09/2012,0,0,6.8(0.00 %),0,0,0,0,4886600,15.82
26/09/2012,0,0,6.9(1.47 %),0,0,0,0,4886600,15.82
27/09/2012,0,0,6.9(0.00 %),0,0,0,0,4886600,15.82
28/09/2012,0,0,6.9(0.00 %),0,0,0,0,4886600,15.82
01/10/2012,0,0,6.8(-1.45 %),0,0,0,0,4888300,15.81
02/10/2012,0,0,6.5(-4.41 %),0,0,0,0,4888300,15.81
03/10/2012,-650,-4160000,6.6(1.54 %),0,0,650,4160000,4888950,15.81
04/10/2012,-1690,-10647000,6.3(-4.55 %),0,0,1690,10647000,4890640,15.79
05/10/2012,0,0,6.6(4.76 %),0,0,0,0,4890640,15.79
08/10/2012,0,0,6.7(1.52 %),0,0,0,0,4890640,15.79
09/10/2012,0,0,6.7(0.00 %),0,0,0,0,4890640,15.79
10/10/2012,0,0,6.6(-1.49 %),0,0,0,0,4890640,15.79
11/10/2012,-5310,-33984000,6.6(0.00 %),0,0,5310,33984000,4895950,15.76
12/10/2012,0,0,6.7(1.52 %),0,0,0,0,4895950,15.76
15/10/2012,0,0,6.6(-1.49 %),0,0,0,0,4895950,15.76
16/10/2012,0,0,6.4(-3.03 %),0,0,0,0,4895950,15.76
17/10/2012,0,0,6.4(0.00 %),0,0,0,0,4895950,15.76
18/10/2012,0,0,6.4(0.00 %),0,0,0,0,4895950,15.76
19/10/2012,0,0,6.1(-4.69 %),0,0,0,0,4895950,15.76
22/10/2012,0,0,5.9(-3.28 %),0,0,0,0,4895950,15.76
23/10/2012,2000,11400000,5.7(-3.39 %),2000,11400000,0,0,4893950,15.77
24/10/2012,1000,5500000,5.5(-3.51 %),1000,5500000,0,0,4892950,15.78
25/10/2012,0,0,5.3(-3.64 %),0,0,0,0,4892950,15.78
26/10/2012,0,0,5.1(-3.77 %),0,0,0,0,4892950,15.78
29/10/2012,500,2450000,4.9(-3.92 %),500,2450000,0,0,4892450,15.78
30/10/2012,-3070,-14429000,4.7(-4.08 %),0,0,3070,14429000,4895520,15.76
31/10/2012,0,0,4.5(-4.26 %),0,0,0,0,4895520,15.76
01/11/2012,-15550,-67165000,4.3(-4.44 %),0,0,15550,67165000,4892450,15.78
02/11/2012,0,0,4.1(-4.65 %),0,0,0,0,4892450,15.78
05/11/2012,0,0,3.9(-4.88 %),0,0,0,0,4892450,15.78
06/11/2012,-12710,-48298000,3.8(-2.56 %),0,0,12710,48298000,4905160,15.7
07/11/2012,0,0,3.9(2.63 %),0,0,0,0,4905160,15.7
08/11/2012,-32430,-123554000,4(2.56 %),0,0,32430,123554000,4937590,15.47
09/11/2012,-3000,-12000000,3.8(-5.00 %),0,0,3000,12000000,4940590,15.45
12/11/2012,0,0,3.9(2.63 %),0,0,0,0,4940590,15.45
13/11/2012,-2000,-7600000,3.8(-2.56 %),0,0,2000,7600000,4942590,15.44
14/11/2012,0,0,3.7(-2.63 %),0,0,0,0,4942590,15.44
15/11/2012,-330,-1188000,3.6(-2.70 %),0,0,330,1188000,4942920,15.44
16/11/2012,0,0,3.6(0.00 %),0,0,0,0,4942920,15.44
19/11/2012,0,0,3.7(2.78 %),0,0,0,0,4942920,15.44
20/11/2012,-4700,-16920000,3.8(2.70 %),0,0,4700,16920000,4947620,15.41
21/11/2012,0,0,3.8(0.00 %),0,0,0,0,4947620,15.41
22/11/2012,0,0,3.8(0.00 %),0,0,0,0,4947620,15.41
23/11/2012,0,0,3.8(0.00 %),0,0,0,0,4947620,15.41
26/11/2012,0,0,3.7(-2.63 %),0,0,0,0,4947620,15.41
27/11/2012,0,0,3.6(-2.70 %),0,0,0,0,4947620,15.41
28/11/2012,-2980,-10728000,3.6(0.00 %),0,0,2980,10728000,4950600,15.39
29/11/2012,0,0,3.6(0.00 %),0,0,0,0,4950600,15.39
30/11/2012,-1500,-5350000,3.5(-2.78 %),0,0,1500,5350000,4952100,15.38
03/12/2012,-8230,-28102000,3.4(-2.86 %),0,0,8230,28102000,4966240,15.28
04/12/2012,-12680,-41844000,3.3(-2.94 %),0,0,12680,41844000,4978920,15.19
05/12/2012,0,0,3.4(3.03 %),0,0,0,0,4978920,15.19
06/12/2012,0,0,3.5(2.94 %),0,0,0,0,4978920,15.19
07/12/2012,0,0,3.5(0.00 %),0,0,0,0,4978920,15.19
10/12/2012,-800,-2880000,3.6(2.86 %),0,0,800,2880000,4979720,15.19
11/12/2012,0,0,3.7(2.78 %),0,0,0,0,4979720,15.19
12/12/2012,-1000,-3700000,3.8(2.70 %),0,0,1000,3700000,4980720,15.18
13/12/2012,100,380000,3.7(-2.63 %),100,380000,0,0,4980620,15.18
14/12/2012,0,0,3.8(2.70 %),0,0,0,0,4980720,15.18
17/12/2012,0,0,3.9(2.63 %),0,0,0,0,4980720,15.18
18/12/2012,0,0,3.9(0.00 %),0,0,0,0,4980720,15.18
19/12/2012,0,0,3.9(0.00 %),0,0,0,0,4980720,15.18
20/12/2012,-2640,-10032000,4(2.56 %),0,0,2640,10032000,4983360,15.16
21/12/2012,0,0,3.9(-2.50 %),0,0,0,0,4983360,15.16
24/12/2012,0,0,3.8(-2.56 %),0,0,0,0,4983360,15.16
25/12/2012,0,0,3.7(-2.63 %),0,0,0,0,4983360,15.16
26/12/2012,0,0,3.7(0.00 %),0,0,0,0,4983360,15.16
27/12/2012,0,0,3.8(2.70 %),0,0,0,0,4983360,15.16
28/12/2012,0,0,3.9(2.63 %),0,0,0,0,4983360,15.16
02/01/2013,0,0,4(2.56 %),0,0,0,0,4995970,15.08
03/01/2013,0,0,4.2(5.00 %),0,0,0,0,4995970,15.08
04/01/2013,0,0,4.4(4.76 %),0,0,0,0,4995970,15.08
07/01/2013,0,0,4.6(4.55 %),0,0,0,0,4995970,15.08
08/01/2013,0,0,4.8(4.35 %),0,0,0,0,4995970,15.08
09/01/2013,0,0,5(4.17 %),0,0,0,0,4995970,15.08
10/01/2013,0,0,5.2(4.00 %),0,0,0,0,4995970,15.08
11/01/2013,-1000,-5250000,5.4(3.85 %),0,0,1000,5250000,4996970,15.07
14/01/2013,0,0,5.2(-3.70 %),0,0,0,0,4996970,15.07
15/01/2013,0,0,5.2(0.00 %),0,0,0,0,4996970,15.07
16/01/2013,-2740,-14248000,5.2(0.00 %),480,2496000,3220,16744000,4999710,15.05
17/01/2013,-15000,-75500000,5.1(-1.92 %),0,0,15000,75500000,5014710,14.95
18/01/2013,0,0,5(-1.96 %),0,0,0,0,5014710,14.95
21/01/2013,0,0,4.9(-2.00 %),0,0,0,0,5014710,14.95
22/01/2013,0,0,4.6(-6.12 %),0,0,0,0,5014710,14.95
23/01/2013,15600,74880000,4.5(-2.17 %),15600,74880000,0,0,4999110,15.06
24/01/2013,0,0,4.5(0.00 %),0,0,0,0,4999110,15.06
25/01/2013,-2400,-11320000,4.8(6.67 %),0,0,2400,11320000,5001510,15.04
28/01/2013,0,0,4.5(-6.25 %),0,0,0,0,5001510,15.04
29/01/2013,0,0,4.5(0.00 %),0,0,0,0,5001510,15.04
30/01/2013,0,0,4.8(6.67 %),0,0,0,0,5001510,15.04
31/01/2013,-750,-3600000,4.7(-2.08 %),0,0,750,3600000,5002260,15.04
01/02/2013,0,0,4.5(-4.26 %),0,0,0,0,5001510,15.04
04/02/2013,-1540,-6930000,4.6(2.22 %),0,0,1540,6930000,5003050,15.03
05/02/2013,0,0,4.3(-6.52 %),0,0,0,0,5003050,15.03
06/02/2013,0,0,4.6(6.98 %),0,0,0,0,5003050,15.03
07/02/2013,0,0,4.6(0.00 %),0,0,0,0,5003050,15.03
08/02/2013,0,0,4.5(-2.17 %),0,0,0,0,5003050,15.03
18/02/2013,0,0,4.8(6.67 %),0,0,0,0,5003050,15.03
19/02/2013,-380,-1824000,4.6(-4.17 %),0,0,380,1824000,5003430,15.03
20/02/2013,0,0,4.7(2.17 %),0,0,0,0,5003430,15.03
21/02/2013,0,0,4.6(-2.13 %),0,0,0,0,5003430,15.03
22/02/2013,0,0,4.6(0.00 %),0,0,0,0,5003430,15.03
25/02/2013,0,0,4.6(0.00 %),0,0,0,0,5003430,15.03
26/02/2013,0,0,4.5(-2.17 %),0,0,0,0,5003430,15.03
27/02/2013,0,0,4.5(0.00 %),0,0,0,0,5003430,15.03
28/02/2013,0,0,4.7(4.44 %),0,0,0,0,5003430,15.03
01/03/2013,0,0,4.7(0.00 %),0,0,0,0,5004180,15.02
04/03/2013,0,0,5(6.38 %),0,0,0,0,5004180,15.02
05/03/2013,0,0,5.3(6.00 %),0,0,0,0,5004180,15.02
06/03/2013,0,0,5.6(5.66 %),0,0,0,0,5004180,15.02
07/03/2013,0,0,5.9(5.36 %),0,0,0,0,5004180,15.02
08/03/2013,0,0,6(1.69 %),0,0,0,0,5004180,15.02
11/03/2013,0,0,5.7(-5.00 %),0,0,0,0,5004180,15.02
12/03/2013,-2260,-12430000,5.4(-5.26 %),0,0,2260,12430000,5006440,15.01
13/03/2013,0,0,5.3(-1.85 %),0,0,0,0,5006440,15.01
14/03/2013,-2880,-14980000,5.6(5.66 %),0,0,2880,14980000,5009320,14.99
15/03/2013,0,0,5.7(1.79 %),0,0,0,0,5009320,14.99
18/03/2013,0,0,5.7(0.00 %),0,0,0,0,5009320,14.99
19/03/2013,0,0,5.4(-5.26 %),0,0,0,0,5009320,14.99
20/03/2013,0,0,5.3(-1.85 %),0,0,0,0,5009320,14.99
21/03/2013,0,0,5.4(1.89 %),0,0,0,0,5009320,14.99
22/03/2013,0,0,5.4(0.00 %),0,0,0,0,5009320,14.99
25/03/2013,0,0,5.4(0.00 %),0,0,0,0,5009320,14.99
26/03/2013,0,0,5.1(-5.56 %),0,0,0,0,5009320,14.99
27/03/2013,-2200,-10780000,4.9(-3.92 %),0,0,2200,10780000,5011520,14.97
28/03/2013,-400,-1880000,5.1(4.08 %),0,0,400,1880000,5011920,14.97
29/03/2013,0,0,4.8(-5.88 %),0,0,0,0,5011920,14.97
01/04/2013,0,0,5.1(6.25 %),0,0,0,0,5009320,14.99
02/04/2013,0,0,5.1(0.00 %),0,0,0,0,5009320,14.99
03/04/2013,0,0,5(-1.96 %),0,0,0,0,5009320,14.99
04/04/2013,0,0,4.9(-2.00 %),0,0,0,0,5009320,14.99
05/04/2013,0,0,4.9(0.00 %),0,0,0,0,5009320,14.99
08/04/2013,0,0,5(2.04 %),0,0,0,0,5009320,14.99
09/04/2013,-2450,-11758000,4.9(-2.00 %),10,50000,2460,11808000,5011770,14.97
10/04/2013,0,0,4.8(-2.04 %),0,0,0,0,5011770,14.97
11/04/2013,0,0,4.6(-4.17 %),0,0,0,0,5011770,14.97
12/04/2013,0,0,4.6(0.00 %),0,0,0,0,5011770,14.97
15/04/2013,0,0,4.6(0.00 %),0,0,0,0,5011770,14.97
16/04/2013,0,0,4.7(2.17 %),0,0,0,0,5011770,14.97
17/04/2013,0,0,4.6(-2.13 %),0,0,0,0,5011770,14.97
18/04/2013,0,0,4.4(-4.35 %),0,0,0,0,5011770,14.97
22/04/2013,0,0,4.4(0.00 %),0,0,0,0,5011770,14.97
23/04/2013,0,0,4.4(0.00 %),0,0,0,0,5011770,14.97
24/04/2013,0,0,4.6(4.55 %),0,0,0,0,5011770,14.97
25/04/2013,-10,-47000,4.7(2.17 %),0,0,10,47000,5011780,14.97
26/04/2013,0,0,4.7(0.00 %),0,0,0,0,5011780,14.97
02/05/2013,-10760,-50572000,4.8(2.13 %),0,0,10760,50572000,5014370,14.95
03/05/2013,0,0,5.1(6.25 %),0,0,0,0,5014370,14.95
06/05/2013,0,0,5.4(5.88 %),0,0,0,0,5014370,14.95
07/05/2013,0,0,5.5(1.85 %),0,0,0,0,5014370,14.95
08/05/2013,0,0,5.2(-5.45 %),0,0,0,0,5014370,14.95
09/05/2013,0,0,5.5(5.77 %),0,0,0,0,5014370,14.95
10/05/2013,0,0,5.4(-1.82 %),0,0,0,0,5014370,14.95
13/05/2013,0,0,5.3(-1.85 %),0,0,0,0,5014370,14.95
14/05/2013,0,0,5(-5.66 %),0,0,0,0,5014370,14.95
15/05/2013,0,0,4.7(-6.00 %),0,0,0,0,5014370,14.95
16/05/2013,0,0,4.4(-6.38 %),0,0,0,0,5014370,14.95
17/05/2013,0,0,4.7(6.82 %),0,0,0,0,5014370,14.95
20/05/2013,-70,-315000,4.5(-4.26 %),0,0,70,315000,5014440,14.95
21/05/2013,-3520,-15840000,4.8(6.67 %),0,0,3520,15840000,5017960,14.93
22/05/2013,0,0,4.8(0.00 %),0,0,0,0,5017960,14.93
23/05/2013,0,0,4.6(-4.17 %),0,0,0,0,5017960,14.93
24/05/2013,0,0,4.7(2.17 %),0,0,0,0,5017960,14.93
27/05/2013,0,0,4.8(2.13 %),0,0,0,0,5017960,14.93
28/05/2013,0,0,4.7(-2.08 %),0,0,0,0,5017960,14.93
29/05/2013,0,0,4.7(0.00 %),0,0,0,0,5017960,14.93
30/05/2013,0,0,4.8(2.13 %),0,0,0,0,5017960,14.93
31/05/2013,0,0,4.9(2.08 %),0,0,0,0,5017960,14.93
03/06/2013,0,0,4.8(-2.04 %),0,0,0,0,5028730,14.86
04/06/2013,0,0,4.9(2.08 %),0,0,0,0,5028730,14.86
05/06/2013,0,0,4.8(-2.04 %),0,0,0,0,5028730,14.86
06/06/2013,0,0,4.9(2.08 %),0,0,0,0,5028730,14.86
07/06/2013,0,0,5(2.04 %),0,0,0,0,5028730,14.86
10/06/2013,-500,-2450000,5.1(2.00 %),0,0,500,2450000,5029230,14.85
11/06/2013,0,0,5.4(5.88 %),0,0,0,0,5029230,14.85
12/06/2013,0,0,5.4(0.00 %),0,0,0,0,5029230,14.85
13/06/2013,0,0,5.3(-1.85 %),0,0,0,0,5029230,14.85
14/06/2013,0,0,5.3(0.00 %),0,0,0,0,5029230,14.85
17/06/2013,0,0,5.2(-1.89 %),0,0,0,0,5029230,14.85
18/06/2013,-1400,-7700000,5.5(5.77 %),0,0,1400,7700000,5030630,14.84
19/06/2013,0,0,5.8(5.45 %),0,0,0,0,5030630,14.84
20/06/2013,0,0,5.8(0.00 %),0,0,0,0,5030630,14.84
21/06/2013,0,0,6(3.45 %),0,0,0,0,5030630,14.84
24/06/2013,-2860,-16016000,5.6(-6.67 %),0,0,2860,16016000,5033490,14.82
25/06/2013,0,0,5.3(-5.36 %),0,0,0,0,5033490,14.82
26/06/2013,0,0,5(-5.66 %),0,0,0,0,5033490,14.82
27/06/2013,0,0,5.3(6.00 %),0,0,0,0,5033490,14.82
28/06/2013,0,0,5.2(-1.89 %),0,0,0,0,5033490,14.82
01/07/2013,0,0,5.2(0.00 %),0,0,0,0,5033490,14.82
02/07/2013,0,0,5.5(5.77 %),0,0,0,0,5033490,14.82
03/07/2013,0,0,5.7(3.64 %),0,0,0,0,5033490,14.82
04/07/2013,0,0,5.8(1.75 %),0,0,0,0,5033490,14.82
05/07/2013,0,0,5.4(-6.90 %),0,0,0,0,5033490,14.82
08/07/2013,0,0,5.3(-1.85 %),0,0,0,0,5033490,14.82
09/07/2013,0,0,5.2(-1.89 %),0,0,0,0,5033490,14.82
10/07/2013,0,0,5.5(5.77 %),0,0,0,0,5033490,14.82
11/07/2013,0,0,5.6(1.82 %),0,0,0,0,5033490,14.82
12/07/2013,0,0,5.6(0.00 %),0,0,0,0,5033490,14.82
15/07/2013,0,0,5.4(-3.57 %),0,0,0,0,5033490,14.82
16/07/2013,0,0,5.5(1.85 %),0,0,0,0,5033490,14.82
17/07/2013,0,0,5.5(0.00 %),0,0,0,0,5033490,14.82
18/07/2013,1480,8140000,5.4(-1.82 %),1480,8140000,0,0,5032010,14.83
19/07/2013,0,0,5.6(3.70 %),0,0,0,0,5032010,14.83
22/07/2013,0,0,5.3(-5.36 %),0,0,0,0,5032010,14.83
23/07/2013,0,0,5.3(0.00 %),0,0,0,0,5032010,14.83
24/07/2013,0,0,5.2(-1.89 %),0,0,0,0,5032010,14.83
25/07/2013,0,0,4.9(-5.77 %),0,0,0,0,5032010,14.83
26/07/2013,0,0,5(2.04 %),0,0,0,0,5032010,14.83
29/07/2013,0,0,4.8(-4.00 %),0,0,0,0,5032010,14.83
30/07/2013,0,0,4.8(0.00 %),0,0,0,0,5032010,14.83
31/07/2013,0,0,5(4.17 %),0,0,0,0,5032010,14.83
01/08/2013,-2000,-10000000,5(0.00 %),0,0,2000,10000000,5032010,14.83
02/08/2013,250,1250000,5(0.00 %),250,1250000,0,0,5031760,14.84
05/08/2013,0,0,4.9(-2.00 %),0,0,0,0,5031760,14.84
06/08/2013,0,0,5(2.04 %),0,0,0,0,5031760,14.84
07/08/2013,0,0,5.1(2.00 %),0,0,0,0,5031760,14.84
08/08/2013,0,0,4.9(-3.92 %),0,0,0,0,5031760,14.84
09/08/2013,0,0,5(2.04 %),0,0,0,0,5031760,14.84
12/08/2013,0,0,4.9(-2.00 %),0,0,0,0,5031760,14.84
13/08/2013,0,0,4.8(-2.04 %),0,0,0,0,5031760,14.84
14/08/2013,0,0,4.6(-4.17 %),0,0,0,0,5031760,14.84
15/08/2013,0,0,4.7(2.17 %),0,0,0,0,5031760,14.84
16/08/2013,0,0,4.7(0.00 %),0,0,0,0,5031760,14.84
19/08/2013,0,0,4.8(2.13 %),0,0,0,0,5031760,14.84
20/08/2013,0,0,4.9(2.08 %),0,0,0,0,5031760,14.84
21/08/2013,0,0,4.9(0.00 %),0,0,0,0,5031760,14.84
22/08/2013,0,0,4.9(0.00 %),0,0,0,0,5031760,14.84
23/08/2013,0,0,4.7(-4.08 %),0,0,0,0,5031760,14.84
26/08/2013,0,0,4.8(2.13 %),0,0,0,0,5031760,14.84
27/08/2013,-8800,-40480000,4.6(-4.17 %),0,0,8800,40480000,5040560,14.78
28/08/2013,0,0,4.7(2.17 %),0,0,0,0,5040560,14.78
29/08/2013,-3020,-14194000,4.7(0.00 %),0,0,3020,14194000,5043580,14.76
30/08/2013,0,0,4.7(0.00 %),0,0,0,0,5043580,14.76
03/09/2013,0,0,4.7(0.00 %),0,0,0,0,5042560,14.76
04/09/2013,0,0,4.6(-2.13 %),0,0,0,0,5042560,14.76
05/09/2013,0,0,4.8(4.35 %),0,0,0,0,5042560,14.76
06/09/2013,0,0,4.8(0.00 %),0,0,0,0,5042560,14.76
09/09/2013,0,0,4.5(-6.25 %),0,0,0,0,5042560,14.76
10/09/2013,0,0,4.6(2.22 %),0,0,0,0,5042560,14.76
11/09/2013,0,0,4.6(0.00 %),0,0,0,0,5042560,14.76
12/09/2013,0,0,4.5(-2.17 %),0,0,0,0,5042560,14.76
13/09/2013,0,0,4.5(0.00 %),0,0,0,0,5042560,14.76
16/09/2013,-700,-3080000,4.7(4.44 %),0,0,700,3080000,5043260,14.76
17/09/2013,0,0,4.6(-2.13 %),0,0,0,0,5043260,14.76
18/09/2013,0,0,4.6(0.00 %),0,0,0,0,5043260,14.76
19/09/2013,0,0,4.6(0.00 %),0,0,0,0,5043260,14.76
20/09/2013,0,0,4.5(-2.17 %),0,0,0,0,5043260,14.76
23/09/2013,0,0,4.7(4.44 %),0,0,0,0,5043260,14.76
24/09/2013,-860,-4123000,4.7(0.00 %),0,0,860,4123000,5044120,14.75
25/09/2013,0,0,4.8(2.13 %),0,0,0,0,5044120,14.75
26/09/2013,-9890,-44636000,4.8(0.00 %),0,0,9890,44636000,5054010,14.68
27/09/2013,0,0,4.6(-4.17 %),0,0,0,0,5054010,14.68
30/09/2013,0,0,4.8(4.35 %),0,0,0,0,5054010,14.68
01/10/2013,0,0,4.7(-2.08 %),0,0,0,0,5047140,14.73
02/10/2013,0,0,4.7(0.00 %),0,0,0,0,5047140,14.73
03/10/2013,0,0,4.8(2.13 %),0,0,0,0,5047140,14.73
04/10/2013,0,0,4.8(0.00 %),0,0,0,0,5047140,14.73
07/10/2013,0,0,4.7(-2.08 %),0,0,0,0,5047140,14.73
08/10/2013,0,0,4.9(4.26 %),0,0,0,0,5047140,14.73
09/10/2013,0,0,4.8(-2.04 %),0,0,0,0,5047140,14.73
10/10/2013,0,0,4.8(0.00 %),0,0,0,0,5047140,14.73
11/10/2013,0,0,4.6(-4.17 %),0,0,0,0,5047140,14.73
14/10/2013,0,0,4.7(2.17 %),0,0,0,0,5047140,14.73
15/10/2013,0,0,4.7(0.00 %),0,0,0,0,5047140,14.73
16/10/2013,0,0,4.6(-2.13 %),0,0,0,0,5047140,14.73
17/10/2013,-1540,-7084000,4.7(2.17 %),0,0,1540,7084000,5048680,14.72
18/10/2013,0,0,4.8(2.13 %),0,0,0,0,5048680,14.72
21/10/2013,0,0,5.1(6.25 %),0,0,0,0,5048680,14.72
22/10/2013,0,0,5.4(5.88 %),0,0,0,0,5048680,14.72
23/10/2013,0,0,5.7(5.56 %),0,0,0,0,5048680,14.72
24/10/2013,0,0,6(5.26 %),0,0,0,0,5048680,14.72
25/10/2013,0,0,6.4(6.67 %),0,0,0,0,5048680,14.72
28/10/2013,15100,101130000,6.1(-4.69 %),15100,101130000,0,0,5033580,14.82
29/10/2013,0,0,6.3(3.28 %),0,0,0,0,5033580,14.82
30/10/2013,0,0,6.3(0.00 %),0,0,0,0,5033580,14.82
31/10/2013,0,0,6(-4.76 %),0,0,0,0,5033580,14.82
01/11/2013,0,0,6.4(6.67 %),0,0,0,0,5043470,14.76
04/11/2013,0,0,6.8(6.25 %),0,0,0,0,5043470,14.76
05/11/2013,-110,-792000,7.2(5.88 %),0,0,110,792000,5043580,14.76
06/11/2013,0,0,7.2(0.00 %),0,0,0,0,5043580,14.76
07/11/2013,0,0,7.5(4.17 %),0,0,0,0,5043580,14.76
08/11/2013,0,0,7.4(-1.33 %),0,0,0,0,5043580,14.76
11/11/2013,0,0,7.1(-4.05 %),0,0,0,0,5043580,14.76
12/11/2013,0,0,7.2(1.41 %),0,0,0,0,5043580,14.76
13/11/2013,0,0,7.3(1.39 %),0,0,0,0,5043580,14.76
14/11/2013,0,0,7.3(0.00 %),0,0,0,0,5043580,14.76
15/11/2013,0,0,7.2(-1.37 %),0,0,0,0,5043580,14.76
18/11/2013,0,0,7.7(6.94 %),0,0,0,0,5043580,14.76
19/11/2013,0,0,8.2(6.49 %),0,0,0,0,5043580,14.76
20/11/2013,0,0,8.4(2.44 %),0,0,0,0,5043580,14.76
21/11/2013,0,0,7.9(-5.95 %),0,0,0,0,5043580,14.76
22/11/2013,0,0,7.9(0.00 %),0,0,0,0,5043580,14.76
25/11/2013,0,0,8(1.27 %),0,0,0,0,5043580,14.76
26/11/2013,0,0,8(0.00 %),0,0,0,0,5043580,14.76
27/11/2013,0,0,8(0.00 %),0,0,0,0,5043580,14.76
28/11/2013,0,0,8(0.00 %),0,0,0,0,5043580,14.76
29/11/2013,0,0,7.9(-1.25 %),0,0,0,0,5043580,14.76
02/12/2013,0,0,7.8(-1.27 %),0,0,0,0,5043580,14.76
03/12/2013,0,0,8(2.56 %),0,0,0,0,5043580,14.76
04/12/2013,0,0,7.9(-1.25 %),0,0,0,0,5043580,14.76
05/12/2013,-10000,-79000000,7.9(0.00 %),0,0,10000,79000000,5053580,14.69
06/12/2013,0,0,7.9(0.00 %),0,0,0,0,5053580,14.69
09/12/2013,0,0,7.9(0.00 %),0,0,0,0,5053580,14.69
10/12/2013,-5010,-39079000,7.9(0.00 %),0,0,5010,39079000,5058590,14.65
11/12/2013,0,0,7.8(-1.27 %),0,0,0,0,5058590,14.65
12/12/2013,-15000,-115057000,7.8(0.00 %),0,0,15000,115057000,5073590,14.55
13/12/2013,0,0,7.5(-3.85 %),0,0,0,0,5073590,14.55
16/12/2013,0,0,7.7(2.67 %),0,0,0,0,5073590,14.55
17/12/2013,-20000,-152500000,7.7(0.00 %),0,0,20000,152500000,5093590,14.42
18/12/2013,830,6391000,7.8(1.30 %),830,6391000,0,0,5092760,14.42
19/12/2013,-15000,-116500000,7.9(1.28 %),0,0,15000,116500000,5107760,14.32
20/12/2013,0,0,7.8(-1.27 %),0,0,0,0,5107760,14.32
23/12/2013,0,0,8.3(6.41 %),0,0,0,0,5107760,14.32
24/12/2013,-15000,-124500000,8.5(2.41 %),0,0,15000,124500000,5122760,14.22
25/12/2013,0,0,8.3(-2.35 %),0,0,0,0,5122760,14.22
26/12/2013,0,0,8.3(0.00 %),0,0,0,0,5122760,14.22
27/12/2013,0,0,8.3(0.00 %),0,0,0,0,5122760,14.22
30/12/2013,0,0,8(-3.61 %),0,0,0,0,5122760,14.22
31/12/2013,0,0,8.1(1.25 %),0,0,0,0,5122760,14.22
02/01/2014,0,0,8.3(2.47 %),0,0,0,0,5122760,14.22
03/01/2014,0,0,8.1(-2.41 %),0,0,0,0,5122760,14.22
06/01/2014,0,0,8.1(0.00 %),0,0,0,0,5122760,14.22
07/01/2014,0,0,8.1(0.00 %),0,0,0,0,5122760,14.22
08/01/2014,0,0,8.1(0.00 %),0,0,0,0,5122760,14.22
09/01/2014,0,0,8.2(1.23 %),0,0,0,0,5122760,14.22
10/01/2014,0,0,8.3(1.22 %),0,0,0,0,5122760,14.22
13/01/2014,0,0,8.2(-1.20 %),0,0,0,0,5122760,14.22
14/01/2014,-15000,-123000000,8.1(-1.22 %),0,0,15000,123000000,5137760,14.12
15/01/2014,0,0,8.2(1.23 %),0,0,0,0,5137760,14.12
16/01/2014,0,0,8.2(0.00 %),0,0,0,0,5137760,14.12
17/01/2014,0,0,8.2(0.00 %),0,0,0,0,5137760,14.12
20/01/2014,0,0,8(-2.44 %),0,0,0,0,5137760,14.12
21/01/2014,0,0,8.5(6.25 %),0,0,0,0,5137760,14.12
22/01/2014,0,0,9(5.88 %),0,0,0,0,5137760,14.12
23/01/2014,-9610,-92256000,9.6(6.67 %),0,0,9610,92256000,5147370,14.05
24/01/2014,0,0,9.8(2.08 %),0,0,0,0,5147370,14.05
27/01/2014,0,0,10(2.04 %),0,0,0,0,5147370,14.05
06/02/2014,0,0,10.3(3.00 %),0,0,0,0,5137760,14.12
07/02/2014,600,6180000,10.3(0.00 %),600,6180000,0,0,5137160,14.12
10/02/2014,0,0,10.4(0.97 %),0,0,0,0,5137160,14.12
11/02/2014,300,3180000,10.3(-0.96 %),300,3180000,0,0,5136860,14.12
12/02/2014,0,0,10.4(0.97 %),0,0,0,0,5136860,14.12
13/02/2014,0,0,11.1(6.73 %),0,0,0,0,5136860,14.12
14/02/2014,-240,-2832000,11.8(6.31 %),0,0,240,2832000,5137100,14.12
17/02/2014,0,0,12.6(6.78 %),0,0,0,0,5137100,14.12
18/02/2014,0,0,13.4(6.35 %),0,0,0,0,5137100,14.12
19/02/2014,0,0,14.3(6.72 %),0,0,0,0,5137100,14.12
20/02/2014,0,0,13.5(-5.59 %),0,0,0,0,5137100,14.12
21/02/2014,1720,23564000,14(3.70 %),1720,23564000,0,0,5135380,14.13
24/02/2014,0,0,14(0.00 %),0,0,0,0,5135380,14.13
25/02/2014,-20,-286000,13.8(-1.43 %),0,0,20,286000,5135400,14.13
26/02/2014,-1000,-14200000,14.7(6.52 %),0,0,1000,14200000,5136400,14.12
27/02/2014,4500,69566000,14.8(0.68 %),5500,85100000,1000,15534000,5131900,14.16
28/02/2014,700,10300000,14.9(0.68 %),700,10300000,0,0,5131200,14.16
03/03/2014,0,0,13.9(-6.71 %),0,0,0,0,5138810,14.11
04/03/2014,500,6800000,13.5(-2.88 %),500,6800000,0,0,5138310,14.11
05/03/2014,-3530,-48308000,13.6(0.74 %),0,0,3530,48308000,5141840,14.09
06/03/2014,-5470,-73681000,13.9(2.21 %),0,0,5470,73681000,5147310,14.05
07/03/2014,0,0,13.9(0.00 %),0,0,0,0,5147310,14.05
10/03/2014,300,4110000,13.9(0.00 %),300,4110000,0,0,5147010,14.05
11/03/2014,0,0,14.3(2.88 %),0,0,0,0,5147010,14.05
12/03/2014,0,0,13.7(-4.20 %),0,0,0,0,5147010,14.05
13/03/2014,0,0,13.8(0.73 %),0,0,0,0,5147010,14.05
14/03/2014,0,0,13.7(-0.72 %),0,0,0,0,5147010,14.05
17/03/2014,0,0,13.4(-2.19 %),0,0,0,0,5147010,14.05
18/03/2014,-18480,-240240000,12.9(-3.73 %),500,6500000,18980,246740000,5165490,13.93
19/03/2014,0,0,12.9(0.00 %),0,0,0,0,5165490,13.93
20/03/2014,-1820,-23282000,12.4(-3.88 %),12770,160552000,14590,183834000,5167310,13.92
21/03/2014,30000,385839000,13(4.84 %),30000,385839000,0,0,5137310,14.12
24/03/2014,35000,457600000,13.4(3.08 %),35000,457600000,0,0,5102310,14.36
25/03/2014,-20680,-278105000,12.6(-5.97 %),13000,171021000,33680,449126000,5122990,14.22
26/03/2014,0,0,12.5(-0.79 %),0,0,0,0,5122990,14.22
27/03/2014,-50000,-600360000,12(-4.00 %),0,0,50000,600360000,5172990,13.88
28/03/2014,300,3660000,12.2(1.67 %),300,3660000,0,0,5172690,13.88
31/03/2014,0,0,11.8(-3.28 %),0,0,0,0,5172690,13.88
01/04/2014,-29710,-350578000,11.1(-5.93 %),0,0,29710,350578000,5124690,14.2
02/04/2014,0,0,10.9(-1.80 %),0,0,0,0,5124690,14.2
03/04/2014,-126350,-1427615000,11.6(6.42 %),23650,257785000,150000,1685400000,5251040,13.35
04/04/2014,0,0,12.2(5.17 %),0,0,0,0,5251040,13.35
07/04/2014,0,0,11.9(-2.46 %),0,0,0,0,5251040,13.35
08/04/2014,-87460,-1011360000,11.4(-4.20 %),120,1396000,87580,1012756000,5338500,12.75
10/04/2014,-65670,-739207000,11.1(-2.63 %),63470,715758000,129140,1454965000,5404170,12.31
11/04/2014,13500,151000000,11.4(2.70 %),13500,151000000,0,0,5390670,12.4
14/04/2014,6700,74600000,11.4(0.00 %),6700,74600000,0,0,5383970,12.44
15/04/2014,-25570,-279787000,10.7(-6.14 %),5400,61380000,30970,341167000,5409540,12.27
16/04/2014,45300,464060000,10.5(-1.87 %),45300,464060000,0,0,5364240,12.58
17/04/2014,-52210,-536925000,10.3(-1.90 %),28200,291180000,80410,828105000,5416450,12.22
18/04/2014,0,0,9.6(-6.80 %),0,0,0,0,5416450,12.22
21/04/2014,1200,11610000,9.6(0.00 %),3200,30210000,2000,18600000,5415250,12.23
22/04/2014,-33440,-321024000,9.5(-1.04 %),0,0,33440,321024000,5448690,12.0
23/04/2014,22810,220958000,9.7(2.11 %),22810,220958000,0,0,5425880,12.16
24/04/2014,-81410,-802527000,9.8(1.03 %),10,97000,81420,802624000,5507290,11.61
25/04/2014,0,0,9.6(-2.04 %),0,0,0,0,5507290,11.61
28/04/2014,0,0,9.4(-2.08 %),0,0,0,0,5507290,11.61
29/04/2014,3400,32640000,9.5(1.06 %),3400,32640000,0,0,5503890,11.63
05/05/2014,550,5025000,9.3(-2.11 %),550,5025000,0,0,5583050,11.09
06/05/2014,0,0,9.4(1.08 %),0,0,0,0,5583050,11.09
07/05/2014,0,0,9.1(-3.19 %),0,0,0,0,5583050,11.09
08/05/2014,-1500,-12900000,8.5(-6.59 %),0,0,1500,12900000,5584550,11.08
09/05/2014,8000,72000000,9(5.88 %),8000,72000000,0,0,5576550,11.14
12/05/2014,0,0,8.4(-6.67 %),0,0,0,0,5576550,11.14
13/05/2014,-100,-840000,8(-4.76 %),0,0,100,840000,5576650,11.14
14/05/2014,5000,42500000,8.5(6.25 %),5000,42500000,0,0,5571650,11.17
15/05/2014,500,4400000,8.2(-3.53 %),500,4400000,0,0,5571150,11.17
16/05/2014,-5000,-39500000,8.7(6.10 %),0,0,5000,39500000,5576150,11.14
19/05/2014,10000,89608000,9.2(5.75 %),10000,89608000,0,0,5566150,11.21
20/05/2014,-28000,-257602000,9.2(0.00 %),5700,52440000,33700,310042000,5594150,11.02
21/05/2014,2780,25334000,9.4(2.17 %),2780,25334000,0,0,5591370,11.04
22/05/2014,90,836000,8.8(-6.38 %),100,930000,10,94000,5591280,11.04
23/05/2014,0,0,9(2.27 %),0,0,0,0,5591280,11.04
26/05/2014,0,0,9(0.00 %),0,0,0,0,5591280,11.04
27/05/2014,-10000,-88529000,9(0.00 %),0,0,10000,88529000,5601280,10.97
28/05/2014,0,0,9.6(6.67 %),0,0,0,0,5601280,10.97
29/05/2014,-150050,-1530208000,10.2(6.25 %),0,0,150050,1530208000,5751330,9.95
30/05/2014,-800,-8680000,10(-1.96 %),0,0,800,8680000,5752130,9.94
02/06/2014,1000,9600000,9.4(-6.00 %),1000,9600000,0,0,5600280,10.98
03/06/2014,-150000,-1475750000,10(6.38 %),0,0,150000,1475750000,5750280,9.96
04/06/2014,0,0,10.1(1.00 %),0,0,0,0,5750280,9.96
05/06/2014,0,0,10(-0.99 %),0,0,0,0,5750280,9.96
06/06/2014,1500,16050000,10.7(7.00 %),1500,16050000,0,0,5748780,9.97
09/06/2014,69000,786600000,11.1(3.74 %),70000,798000000,1000,11400000,5679780,10.44
10/06/2014,-60000,-642952000,10.5(-5.41 %),0,0,60000,642952000,5739780,10.03
11/06/2014,0,0,11.2(6.67 %),0,0,0,0,5739780,10.03
12/06/2014,-84140,-966670000,11.2(0.00 %),0,0,84140,966670000,5823920,9.46
13/06/2014,6000,68400000,11.4(1.79 %),8000,91200000,2000,22800000,5817920,9.5
16/06/2014,0,0,11.1(-2.63 %),0,0,0,0,5817920,9.5
17/06/2014,-102260,-1143124000,11.3(1.80 %),40,440000,102300,1143564000,5920180,8.8
18/06/2014,460,5198000,11.1(-1.77 %),460,5198000,0,0,5919720,8.81
19/06/2014,-33450,-359810000,10.6(-4.50 %),1000,10550000,34450,370360000,5953170,8.58
20/06/2014,0,0,10.7(0.94 %),0,0,0,0,5953170,8.58
23/06/2014,0,0,10.7(0.00 %),0,0,0,0,5953170,8.58
24/06/2014,-42980,-453653000,10.5(-1.87 %),0,0,42980,453653000,5996150,8.29
25/06/2014,0,0,10.8(2.86 %),0,0,0,0,5996150,8.29
26/06/2014,0,0,10.7(-0.93 %),0,0,0,0,5996150,8.29
27/06/2014,50,535000,10.7(0.00 %),50,535000,0,0,5996100,8.29
30/06/2014,550,5885000,10.8(0.93 %),550,5885000,0,0,5995550,8.29
01/07/2014,-15600,-166920000,10.7(-0.93 %),0,0,15600,166920000,6146406,7.27
02/07/2014,0,0,10.8(0.93 %),0,0,0,0,6146406,7.27
03/07/2014,0,0,10.9(0.93 %),0,0,0,0,6146406,7.27
04/07/2014,-390,-4429000,11.5(5.50 %),110,1221000,500,5650000,6146796,7.26
07/07/2014,-500,-5700000,11.5(0.00 %),0,0,500,5700000,6147296,7.26
08/07/2014,200,2220000,11.3(-1.74 %),200,2220000,0,0,6147096,7.26
09/07/2014,0,0,11.1(-1.77 %),0,0,0,0,6147096,7.26
10/07/2014,0,0,11.2(0.90 %),0,0,0,0,6162196,7.16
11/07/2014,4900,54050000,11.2(0.00 %),4900,54050000,0,0,6157796,0.0
14/07/2014,0,0,11.3(0.89 %),0,0,0,0,6157796,7.19
15/07/2014,20550,234065000,12(6.19 %),22550,257065000,2000,23000000,6137246,7.33
16/07/2014,0,0,12.4(3.33 %),0,0,0,0,6135246,0.0
17/07/2014,-1000,-12900000,12.9(4.03 %),0,0,1000,12900000,6136246,7.34
18/07/2014,-100,-1290000,12.7(-1.55 %),50,640000,150,1930000,6135246,7.34
21/07/2014,1430,18304000,12.5(-1.57 %),1430,18304000,0,0,6135766,0.0
22/07/2014,-1800,-21830000,12.2(-2.40 %),200,2370000,2000,24200000,6135566,0.0
23/07/2014,300,3470000,11.5(-5.74 %),300,3470000,0,0,6136266,0.0
24/07/2014,100,1140000,11.5(-1.71 %),100,1140000,0,0,6136316,0.0
25/07/2014,20,230000,11.4(-0.87 %),20,230000,0,0,6136296,0.0
28/07/2014,0,0,11.5(0.88 %),0,0,0,0,6138296,0.0
29/07/2014,0,0,11.5(0.00 %),0,0,0,0,6138296,0.0
30/07/2014,0,0,11.6(0.87 %),0,0,0,0,6138296,0.0
31/07/2014,-2000,-23200000,12(3.45 %),0,0,2000,23200000,6138296,0.0
01/08/2014,0,0,12.5(4.17 %),0,0,0,0,6138296,0.0
04/08/2014,0,0,12.4(-0.80 %),0,0,0,0,6138296,0.0
05/08/2014,0,0,12.5(0.81 %),0,0,0,0,6138296,0.0
06/08/2014,0,0,12.7(1.60 %),0,0,0,0,6140296,7.31
07/08/2014,0,0,13.1(3.15 %),0,0,0,0,6140296,7.31
08/08/2014,-600,-7920000,13.2(0.76 %),0,0,600,7920000,6140296,0.0
11/08/2014,-1540,-20328000,12.9(-2.27 %),0,0,1540,20328000,6140296,0.0
12/08/2014,-700,-9400000,13.5(4.65 %),0,0,700,9400000,6140296,0.0
13/08/2014,-200,-2840000,14.2(5.19 %),0,0,200,2840000,6140296,0.0
14/08/2014,-100,-1390000,13.8(-2.82 %),0,0,100,1390000,6140896,7.3
15/08/2014,0,0,13.9(0.72 %),0,0,0,0,6142436,7.29
18/08/2014,-2000,-28600000,14.5(4.32 %),0,0,2000,28600000,6143136,0.0
19/08/2014,-4730,-66693000,14.3(-1.38 %),0,0,4730,66693000,6143336,0.0
20/08/2014,0,0,14(-2.10 %),0,0,0,0,6143436,0.0
21/08/2014,-2000,-27800000,13.8(-1.43 %),0,0,2000,27800000,6143436,0.0
22/08/2014,-4400,-60720000,13.6(-1.45 %),0,0,4400,60720000,6145436,7.27
25/08/2014,2000,27600000,13.5(-0.74 %),2000,27600000,0,0,6150166,7.24
26/08/2014,-550,-7425000,13.6(0.74 %),0,0,550,7425000,6148166,7.26
27/08/2014,20000,288000000,14.1(3.68 %),20000,288000000,0,0,6150166,7.24
28/08/2014,0,0,13.9(-1.42 %),0,0,0,0,6134566,7.35
29/08/2014,0,0,13.9(0.00 %),0,0,0,0,6134566,0.0
03/09/2014,-2000,-28400000,14(0.72 %),0,0,2000,28400000,6135116,7.34
04/09/2014,-14770,-206990000,13.7(-2.14 %),100,1390000,14870,208380000,6135016,0.0
05/09/2014,0,0,14(2.19 %),0,0,0,0,6135016,0.0
08/09/2014,0,0,14.2(1.43 %),0,0,0,0,6135016,7.34
09/09/2014,-8320,-115744000,14(-1.41 %),0,0,8320,115744000,6137016,7.33
10/09/2014,0,0,13.9(-0.71 %),0,0,0,0,6151886,0.0
11/09/2014,-57020,-827858000,14.8(6.47 %),10000,145000000,67020,972858000,6141886,0.0
12/09/2014,-7000,-105600000,15.8(6.76 %),9000,142200000,16000,247800000,6132886,0.0
15/09/2014,9000,147600000,16.2(2.53 %),9000,147600000,0,0,6141206,7.3
16/09/2014,-12000,-189700000,16.1(-0.62 %),0,0,12000,189700000,6132206,0.0
17/09/2014,-2000,-32400000,15.8(-1.86 %),0,0,2000,32400000,6199226,0.0
18/09/2014,-10000,-148000000,14.8(-6.33 %),0,0,10000,148000000,6215226,0.0
19/09/2014,-31000,-483000000,15.5(4.73 %),0,0,31000,483000000,6215226,0.0
22/09/2014,-500,-8300000,15.8(1.94 %),2000,32200000,2500,40500000,6225226,0.0
23/09/2014,1300,20260000,15.8(0.00 %),5300,84660000,4000,64400000,6221926,0.0
24/09/2014,0,0,15.8(0.00 %),0,0,0,0,6221926,6.75
25/09/2014,-2480,-39324000,15.8(0.00 %),3300,51620000,5780,90944000,6224406,6.74
26/09/2014,0,0,15.6(-1.27 %),0,0,0,0,6224406,6.74
29/09/2014,-14300,-221480000,15.2(-2.56 %),0,0,14300,221480000,6266126,0.0
30/09/2014,-950,-14540000,15.3(0.66 %),0,0,950,14540000,6266126,0.0
01/10/2014,0,0,15.4(0.65 %),0,0,0,0,6271906,0.0
02/10/2014,-3300,-50820000,15.6(1.30 %),0,0,3300,50820000,6271906,0.0
03/10/2014,-27990,-459052000,16.4(5.13 %),80,1296000,28070,460348000,6286126,0.0
06/10/2014,-10980,-189954000,17.3(5.49 %),0,0,10980,189954000,6287076,0.0
07/10/2014,-8000,-134437000,16.9(-2.31 %),0,0,8000,134437000,6287076,0.0
08/10/2014,100,1650000,16.4(-2.96 %),100,1650000,0,0,6290276,0.0
09/10/2014,0,0,16.7(1.83 %),0,0,0,0,6318346,0.0
10/10/2014,-100,-1660000,16.3(-2.40 %),0,0,100,1660000,6329326,0.0
13/10/2014,0,0,16.5(1.23 %),0,0,0,0,6329326,6.03
14/10/2014,-1100,-18040000,16(-3.03 %),0,0,1100,18040000,6330426,6.02
15/10/2014,100,1560000,15.7(-1.88 %),100,1560000,0,0,6330326,6.02
16/10/2014,-1300,-20410000,15.5(-1.27 %),0,0,1300,20410000,6331626,6.01
17/10/2014,0,0,15.9(2.58 %),0,0,0,0,6331626,6.01
20/10/2014,-3000,-46200000,15.3(-3.77 %),0,0,3000,46200000,6334626,5.99
21/10/2014,0,0,15.4(0.65 %),0,0,0,0,6334626,5.99
22/10/2014,0,0,15.6(1.30 %),0,0,0,0,6334626,5.99
23/10/2014,0,0,15(-3.85 %),0,0,0,0,6334626,5.99
24/10/2014,0,0,15(0.00 %),0,0,0,0,6334626,5.99
27/10/2014,1200,16920000,14(-6.67 %),1200,16920000,0,0,6333426,6.0
29/10/2014,0,0,14.7(6.52 %),0,0,0,0,6333426,6.0
30/10/2014,0,0,14.3(-2.72 %),0,0,0,0,6333426,6.0
31/10/2014,0,0,14.3(0.00 %),0,0,0,0,6333426,6.0
03/11/2014,0,0,14.3(0.00 %),0,0,0,0,6341526,5.94
04/11/2014,0,0,14.1(-1.40 %),0,0,0,0,6341526,5.94
05/11/2014,-35000,-497000000,14.3(1.42 %),0,0,35000,497000000,6376526,5.7
06/11/2014,12000,175900000,15(4.90 %),12000,175900000,0,0,6364526,5.79
07/11/2014,0,0,15(0.00 %),0,0,0,0,6364526,5.79
10/11/2014,-12200,-183000000,14.9(-0.67 %),0,0,12200,183000000,6376726,5.7
11/11/2014,-22000,-335500000,15.3(2.68 %),0,0,22000,335500000,6398726,5.55
12/11/2014,-200,-3120000,15.7(2.61 %),0,0,200,3120000,6398926,5.55
13/11/2014,0,0,15.1(-3.82 %),0,0,0,0,6398926,5.55
14/11/2014,0,0,14.7(-2.65 %),0,0,0,0,6398926,5.55
17/11/2014,0,0,14.6(-0.68 %),0,0,0,0,6398926,5.55
18/11/2014,0,0,14.4(-1.37 %),0,0,0,0,6398926,5.55
19/11/2014,0,0,14.4(0.00 %),0,0,0,0,6398926,5.55
20/11/2014,-2490,-36100000,14.8(2.78 %),250,3630000,2740,39730000,6398676,0.0
21/11/2014,0,0,14.4(-2.70 %),0,0,0,0,6398676,0.0
24/11/2014,0,0,14.2(-1.39 %),0,0,0,0,6398676,0.0
25/11/2014,-200,-2860000,14.1(-0.70 %),0,0,200,2860000,6398676,0.0
26/11/2014,-40,-570000,14.1(0.00 %),0,0,40,570000,6401416,0.0
27/11/2014,0,0,14.2(0.71 %),0,0,0,0,6401416,0.0
28/11/2014,0,0,14.4(1.41 %),0,0,0,0,6401416,0.0
01/12/2014,-600,-8760000,14.5(0.69 %),0,0,600,8760000,6401616,0.0
02/12/2014,0,0,14.3(-1.38 %),0,0,0,0,6401656,0.0
03/12/2014,0,0,14.5(1.40 %),0,0,0,0,6401656,0.0
04/12/2014,0,0,14.5(0.00 %),0,0,0,0,6401656,0.0
05/12/2014,0,0,14.4(-0.69 %),0,0,0,0,6402256,0.0
08/12/2014,0,0,14.3(-0.69 %),0,0,0,0,6402256,0.0
09/12/2014,0,0,13.3(-6.99 %),0,0,0,0,6402256,0.0
10/12/2014,0,0,13.7(3.01 %),0,0,0,0,6402256,0.0
11/12/2014,0,0,13.8(0.73 %),0,0,0,0,6402256,0.0
12/12/2014,0,0,13.5(-2.17 %),0,0,0,0,6402256,5.53
15/12/2014,0,0,13.5(0.00 %),0,0,0,0,6402256,0.0
16/12/2014,0,0,13.1(-2.96 %),0,0,0,0,6402256,0.0
17/12/2014,0,0,12.2(-6.87 %),0,0,0,0,6402256,0.0
18/12/2014,0,0,12.5(2.46 %),0,0,0,0,6402256,0.0
19/12/2014,0,0,12(-4.00 %),0,0,0,0,6402256,0.0
22/12/2014,0,0,12.3(2.50 %),0,0,0,0,6402256,5.53
23/12/2014,0,0,12.2(-0.81 %),0,0,0,0,6402256,0.0
24/12/2014,-30,-370000,12.2(0.00 %),0,0,30,370000,6402256,0.0
25/12/2014,0,0,12.2(0.00 %),0,0,0,0,6402256,0.0
26/12/2014,0,0,11.5(-5.74 %),0,0,0,0,6402256,5.53
29/12/2014,0,0,11(-4.35 %),0,0,0,0,6402256,5.53
30/12/2014,0,0,11.7(6.36 %),0,0,0,0,6402256,5.53
31/12/2014,0,0,12(2.56 %),0,0,0,0,6402256,5.53
05/01/2015,-6490,-77915000,12.2(1.67 %),0,0,6490,77915000,6402286,5.53
06/01/2015,0,0,12.6(3.28 %),0,0,0,0,6402286,5.53
07/01/2015,0,0,12.4(-1.59 %),0,0,0,0,6402286,5.53
08/01/2015,0,0,12.2(-1.61 %),0,0,0,0,6402286,5.53
09/01/2015,0,0,12.9(5.74 %),0,0,0,0,6402286,5.53
12/01/2015,0,0,12.9(0.00 %),0,0,0,0,6402286,5.53
13/01/2015,0,0,12.8(-0.78 %),0,0,0,0,6402286,5.53
14/01/2015,0,0,12.8(0.00 %),0,0,0,0,6402286,5.53
15/01/2015,0,0,13.5(5.47 %),0,0,0,0,6402286,5.53
16/01/2015,0,0,13.5(0.00 %),0,0,0,0,6402286,5.53
19/01/2015,0,0,13.5(0.00 %),0,0,0,0,6402286,5.53
20/01/2015,0,0,13.5(0.00 %),0,0,0,0,6402286,5.53
21/01/2015,5000,68000000,13.3(-1.48 %),5000,68000000,0,0,6397286,5.56
22/01/2015,0,0,13.5(1.50 %),0,0,0,0,6397286,5.56
23/01/2015,0,0,13.6(0.74 %),0,0,0,0,6397286,5.56
26/01/2015,-5000,-67510000,13.5(-0.74 %),0,0,5000,67510000,6402286,5.53
27/01/2015,0,0,13.5(0.00 %),0,0,0,0,6402286,5.53
28/01/2015,0,0,13.5(0.00 %),0,0,0,0,6402286,5.53
29/01/2015,0,0,13.5(0.00 %),0,0,0,0,6402286,5.53
30/01/2015,-158810,-2090433000,13(-3.70 %),0,0,158810,2090433000,6561096,4.45
02/02/2015,-90000,-1179200000,12.7(-2.31 %),0,0,90000,1179200000,6408776,5.49
03/02/2015,-32970,-429919000,13.1(3.15 %),0,0,32970,429919000,6441746,5.26
04/02/2015,50,675000,13.5(3.05 %),50,675000,0,0,6441696,5.26
05/02/2015,0,0,13.5(0.00 %),0,0,0,0,6441696,5.26
06/02/2015,0,0,13.5(0.00 %),0,0,0,0,6441696,5.26
09/02/2015,0,0,13.5(0.00 %),0,0,0,0,6441696,5.26
10/02/2015,-50,-675000,13.4(-0.74 %),0,0,50,675000,6441746,5.26
11/02/2015,0,0,13.2(-1.49 %),0,0,0,0,6441746,5.26
12/02/2015,0,0,13.4(1.52 %),0,0,0,0,6441746,5.26
13/02/2015,0,0,13.7(2.24 %),0,0,0,0,6441746,5.26
24/02/2015,0,0,13.6(-0.73 %),0,0,0,0,6441746,5.26
25/02/2015,0,0,13.8(1.47 %),0,0,0,0,6441746,5.26
26/02/2015,0,0,13.8(0.00 %),0,0,0,0,6441746,5.26
27/02/2015,0,0,13.8(0.00 %),0,0,0,0,6441746,5.26
02/03/2015,0,0,13.7(-0.72 %),0,0,0,0,6690556,3.57
03/03/2015,3000,42900000,14.5(5.84 %),3000,42900000,0,0,6687556,3.59
04/03/2015,0,0,14.2(-2.07 %),0,0,0,0,6687556,3.59
05/03/2015,0,0,14.4(1.41 %),0,0,0,0,6687556,3.59
06/03/2015,-5000,-71500000,14.4(0.00 %),0,0,5000,71500000,6692556,3.56
09/03/2015,-3000,-42800000,14.4(0.00 %),0,0,3000,42800000,6695556,3.54
10/03/2015,0,0,14.7(2.08 %),0,0,0,0,6695556,3.54
11/03/2015,0,0,14.5(-1.36 %),0,0,0,0,6695556,3.54
12/03/2015,0,0,14.5(0.00 %),0,0,0,0,6695556,3.54
13/03/2015,0,0,14.6(0.69 %),0,0,0,0,6695556,3.54
16/03/2015,0,0,14.6(0.00 %),0,0,0,0,6695556,3.54
17/03/2015,0,0,14.5(-0.68 %),0,0,0,0,6695556,3.54
18/03/2015,0,0,14.5(0.00 %),0,0,0,0,6695556,3.54
19/03/2015,0,0,14.5(0.00 %),0,0,0,0,6695556,3.54
20/03/2015,0,0,14.4(-0.69 %),0,0,0,0,6695556,3.54
23/03/2015,-500,-7200000,14.1(-2.08 %),0,0,500,7200000,6696056,3.54
24/03/2015,0,0,14(-0.71 %),0,0,0,0,6696056,3.54
25/03/2015,0,0,14(0.00 %),0,0,0,0,6696056,3.54
26/03/2015,-980,-13622000,13.9(-0.71 %),0,0,980,13622000,6697036,3.53
27/03/2015,0,0,13.9(0.00 %),0,0,0,0,6697036,3.53
30/03/2015,0,0,13.6(-2.16 %),0,0,0,0,6697036,3.53
31/03/2015,0,0,13.9(2.21 %),0,0,0,0,6697036,3.53
01/04/2015,0,0,13.9(0.00 %),0,0,0,0,6697042,3.53
02/04/2015,0,0,13.9(0.00 %),0,0,0,0,6697042,3.53
03/04/2015,0,0,14(0.72 %),0,0,0,0,6697042,3.53
06/04/2015,0,0,14.1(0.71 %),0,0,0,0,6697042,3.53
07/04/2015,0,0,14.1(0.00 %),0,0,0,0,6697042,3.53
08/04/2015,0,0,13.8(-2.13 %),0,0,0,0,6697042,3.53
09/04/2015,0,0,14(1.45 %),0,0,0,0,6697042,3.53
10/04/2015,0,0,14(0.00 %),0,0,0,0,6697042,3.53
13/04/2015,0,0,13.9(-0.71 %),0,0,0,0,6697042,3.53
14/04/2015,0,0,13.9(0.00 %),0,0,0,0,6697042,3.53
15/04/2015,0,0,13.9(0.00 %),0,0,0,0,6697042,3.53
16/04/2015,0,0,13.9(0.00 %),0,0,0,0,6697042,3.53
17/04/2015,0,0,13.8(-0.72 %),0,0,0,0,6697042,3.53
20/04/2015,0,0,13.9(0.72 %),0,0,0,0,6697042,3.53
21/04/2015,0,0,13.7(-1.44 %),0,0,0,0,6697042,3.53
22/04/2015,0,0,13.2(-3.65 %),0,0,0,0,6697042,3.53
23/04/2015,0,0,13.3(0.76 %),0,0,0,0,6697042,3.53
24/04/2015,0,0,13.5(1.50 %),0,0,0,0,6697042,3.53
27/04/2015,0,0,13.8(2.22 %),0,0,0,0,6697042,3.53
04/05/2015,0,0,13.8(0.00 %),0,0,0,0,6697042,3.53
05/05/2015,0,0,13.4(-2.90 %),0,0,0,0,6697042,3.53
06/05/2015,0,0,13.3(-0.75 %),0,0,0,0,6697042,3.53
07/05/2015,0,0,12.9(-3.01 %),0,0,0,0,6697042,3.53
08/05/2015,0,0,13.5(4.65 %),0,0,0,0,6697042,3.53
11/05/2015,0,0,12.6(-6.67 %),0,0,0,0,6697042,3.53
12/05/2015,0,0,11.8(-6.35 %),0,0,0,0,6697042,3.53
13/05/2015,0,0,12(1.69 %),0,0,0,0,6697042,3.53
14/05/2015,0,0,12.2(1.67 %),0,0,0,0,6697042,3.53
15/05/2015,0,0,12.1(-0.82 %),0,0,0,0,6697042,3.53
18/05/2015,0,0,12(-0.83 %),0,0,0,0,6697042,3.53
19/05/2015,0,0,12(0.00 %),0,0,0,0,6697042,3.53
20/05/2015,0,0,12.2(1.67 %),0,0,0,0,6697042,3.53
21/05/2015,0,0,13(6.56 %),0,0,0,0,6697042,3.53
22/05/2015,0,0,13.1(0.77 %),0,0,0,0,6697042,3.53
25/05/2015,0,0,13.2(0.76 %),0,0,0,0,6697042,3.53
26/05/2015,0,0,12.9(-2.27 %),0,0,0,0,6697042,3.53
27/05/2015,0,0,13(0.78 %),0,0,0,0,6697042,3.53
28/05/2015,0,0,13(0.00 %),0,0,0,0,6697042,3.53
29/05/2015,0,0,13(0.00 %),0,0,0,0,6697042,3.53
01/06/2015,0,0,12.9(-0.77 %),0,0,0,0,6697042,3.53
02/06/2015,0,0,13(0.78 %),0,0,0,0,6697042,3.53
03/06/2015,0,0,12.9(-0.77 %),0,0,0,0,6697042,3.53
04/06/2015,0,0,12.8(-0.78 %),0,0,0,0,6697042,3.53
05/06/2015,0,0,13(1.56 %),0,0,0,0,6697042,3.53
08/06/2015,0,0,13.2(1.54 %),0,0,0,0,6697042,3.53
09/06/2015,0,0,13.1(-0.76 %),0,0,0,0,6697042,3.53
10/06/2015,0,0,13.1(0.00 %),0,0,0,0,6697042,3.53
11/06/2015,0,0,13.2(0.76 %),0,0,0,0,6697042,3.53
12/06/2015,0,0,13.3(0.76 %),0,0,0,0,6697042,3.53
15/06/2015,0,0,13.2(-0.75 %),0,0,0,0,6697042,3.53
16/06/2015,0,0,13.1(-0.76 %),0,0,0,0,6697042,3.53
17/06/2015,0,0,13.1(0.00 %),0,0,0,0,6697042,3.53
18/06/2015,0,0,13.2(0.76 %),0,0,0,0,6697042,3.53
19/06/2015,0,0,13.1(-0.76 %),0,0,0,0,6697042,3.53
22/06/2015,0,0,13.3(1.53 %),0,0,0,0,6697042,3.53
23/06/2015,0,0,13.1(-1.50 %),0,0,0,0,6697042,3.53
24/06/2015,0,0,13.1(0.00 %),0,0,0,0,6697042,3.53
25/06/2015,0,0,13(-0.76 %),0,0,0,0,6697042,3.53
26/06/2015,0,0,13(0.00 %),0,0,0,0,6697042,3.53
29/06/2015,0,0,13(0.00 %),0,0,0,0,6697042,3.53
30/06/2015,0,0,13(0.00 %),0,0,0,0,6697042,3.53
01/07/2015,0,0,13(0.00 %),0,0,0,0,6697042,3.53
02/07/2015,0,0,13(0.00 %),0,0,0,0,6697042,3.53
03/07/2015,0,0,13(0.00 %),0,0,0,0,6697042,3.53
06/07/2015,0,0,13(0.00 %),0,0,0,0,6697042,3.53
07/07/2015,0,0,13.1(0.77 %),0,0,0,0,6697042,3.53
08/07/2015,0,0,13(-0.76 %),0,0,0,0,6697042,3.53
09/07/2015,0,0,13.1(0.77 %),0,0,0,0,6697042,3.53
10/07/2015,0,0,12.9(-1.53 %),0,0,0,0,6697042,3.53
13/07/2015,0,0,13(0.78 %),0,0,0,0,6697042,3.53
14/07/2015,0,0,13.1(0.77 %),0,0,0,0,6697042,3.53
15/07/2015,0,0,13.1(0.00 %),0,0,0,0,6697042,3.53
16/07/2015,0,0,12.9(-1.53 %),0,0,0,0,6697042,3.53
17/07/2015,0,0,13.2(2.33 %),0,0,0,0,6697042,3.53
20/07/2015,0,0,13.1(-0.76 %),0,0,0,0,6697042,3.53
21/07/2015,0,0,12.9(-1.53 %),0,0,0,0,6697042,3.53
22/07/2015,0,0,13(0.78 %),0,0,0,0,6697042,3.53
23/07/2015,0,0,13(0.00 %),0,0,0,0,6697042,3.53
24/07/2015,0,0,13.1(0.77 %),0,0,0,0,6697042,3.53
27/07/2015,0,0,13.1(0.00 %),0,0,0,0,6697042,3.53
28/07/2015,0,0,13.1(0.00 %),0,0,0,0,6697042,3.53
29/07/2015,0,0,13(-0.76 %),0,0,0,0,6697042,3.53
30/07/2015,0,0,12.8(-1.54 %),0,0,0,0,6697042,3.53
31/07/2015,0,0,13(1.56 %),0,0,0,0,6697042,3.53
03/08/2015,0,0,13.3(2.31 %),0,0,0,0,6697042,3.53
04/08/2015,0,0,13.4(0.75 %),0,0,0,0,6697042,3.53
05/08/2015,0,0,13.5(0.75 %),0,0,0,0,6697042,3.53
06/08/2015,0,0,14.4(6.67 %),0,0,0,0,6697042,3.53
07/08/2015,-10,-140000,14.3(-0.69 %),0,0,10,140000,6697052,3.53
10/08/2015,0,0,14(-2.10 %),0,0,0,0,6697052,3.53
11/08/2015,-390,-5340000,14.2(1.43 %),0,0,390,5340000,6697442,3.53
12/08/2015,0,0,13.9(-2.11 %),0,0,0,0,6697442,3.53
13/08/2015,-480,-6620000,13.7(-1.44 %),0,0,480,6620000,6697922,3.52
14/08/2015,0,0,13.6(-0.73 %),0,0,0,0,6697922,3.52
17/08/2015,0,0,13.9(2.21 %),0,0,0,0,6697922,3.52
18/08/2015,0,0,13.7(-1.44 %),0,0,0,0,6697922,3.52
19/08/2015,0,0,13.7(0.00 %),0,0,0,0,6697922,3.52
20/08/2015,0,0,13.8(0.73 %),0,0,0,0,6697922,3.52
21/08/2015,0,0,13.4(-2.90 %),0,0,0,0,6697922,3.52
24/08/2015,-300,-3990000,13.4(0.00 %),0,0,300,3990000,6698222,3.52
25/08/2015,0,0,13.5(0.75 %),0,0,0,0,6698222,3.52
26/08/2015,0,0,13.4(-0.74 %),0,0,0,0,6698222,3.52
27/08/2015,0,0,13.4(0.00 %),0,0,0,0,6698222,3.52
28/08/2015,0,0,13.4(0.00 %),0,0,0,0,6698222,3.52
31/08/2015,0,0,13.5(0.75 %),0,0,0,0,6698222,3.52
01/09/2015,0,0,13.5(0.00 %),0,0,0,0,6698222,3.52
03/09/2015,0,0,13.3(-1.48 %),0,0,0,0,6698222,3.52
04/09/2015,0,0,13.5(1.50 %),0,0,0,0,6698222,3.52
07/09/2015,-240,-3140000,13(-3.70 %),0,0,240,3140000,6698462,3.52
08/09/2015,0,0,13.4(3.08 %),0,0,0,0,6698462,3.52
09/09/2015,0,0,13.5(0.75 %),0,0,0,0,6698462,3.52
10/09/2015,0,0,13.5(0.00 %),0,0,0,0,6698462,3.52
11/09/2015,0,0,13.6(0.74 %),0,0,0,0,6698462,3.52
14/09/2015,-1710,-22490000,13.5(-0.74 %),0,0,1710,22490000,6700172,3.51
15/09/2015,0,0,13.1(-2.96 %),0,0,0,0,6700172,3.51
16/09/2015,0,0,13.5(3.05 %),0,0,0,0,6700172,3.51
17/09/2015,0,0,13.5(0.00 %),0,0,0,0,6700172,3.51
18/09/2015,0,0,13.4(-0.74 %),0,0,0,0,6700172,3.51
21/09/2015,0,0,13.2(-1.49 %),0,0,0,0,6700172,3.51
22/09/2015,0,0,13.2(0.00 %),0,0,0,0,6700172,3.51
23/09/2015,0,0,13.3(0.76 %),0,0,0,0,6700172,3.51
24/09/2015,0,0,13.4(0.75 %),0,0,0,0,6700172,3.51
25/09/2015,0,0,13.3(-0.75 %),0,0,0,0,6700172,3.51
28/09/2015,0,0,13.1(-1.50 %),0,0,0,0,6700172,3.51
29/09/2015,0,0,13.1(0.00 %),0,0,0,0,6700172,3.51
30/09/2015,0,0,13.3(1.53 %),0,0,0,0,6700172,3.51
01/10/2015,0,0,13.3(0.00 %),0,0,0,0,6700172,3.51
02/10/2015,0,0,13.3(0.00 %),0,0,0,0,6700172,3.51
05/10/2015,0,0,13.3(0.00 %),0,0,0,0,6700172,3.51
06/10/2015,0,0,13.3(0.00 %),0,0,0,0,6700172,3.51
07/10/2015,0,0,13.2(-0.75 %),0,0,0,0,6700172,3.51
08/10/2015,0,0,13.2(0.00 %),0,0,0,0,6700172,3.51
09/10/2015,0,0,13.2(0.00 %),0,0,0,0,6700172,3.51
12/10/2015,0,0,14(6.06 %),0,0,0,0,6700172,3.51
13/10/2015,-990,-13070000,13.5(-3.57 %),0,0,990,13070000,6701162,3.5
14/10/2015,0,0,13.5(0.00 %),0,0,0,0,6701162,3.5
15/10/2015,-4590,-63340000,13.6(0.74 %),0,0,4590,63340000,6705752,3.47
16/10/2015,-4400,-58060000,13.6(0.00 %),0,0,4400,58060000,6710152,3.44
19/10/2015,0,0,13.5(-0.74 %),0,0,0,0,6710152,3.44
20/10/2015,0,0,13.5(0.00 %),0,0,0,0,6710152,3.44
21/10/2015,0,0,13.1(-2.96 %),0,0,0,0,6710152,3.44
22/10/2015,5000,69700000,13.6(3.82 %),5000,69700000,0,0,6705152,3.47
23/10/2015,0,0,13.7(0.74 %),0,0,0,0,6705152,3.47
26/10/2015,0,0,13.6(-0.73 %),0,0,0,0,6705152,3.47
27/10/2015,-3000,-39900000,13.3(-2.21 %),0,0,3000,39900000,6708152,3.45
28/10/2015,-2000,-26600000,13.5(1.50 %),0,0,2000,26600000,6710152,3.44
29/10/2015,-2300,-30610000,13.4(-0.74 %),0,0,2300,30610000,6712452,3.42
30/10/2015,0,0,13.6(1.49 %),0,0,0,0,6712452,3.42
02/11/2015,0,0,13.5(-0.74 %),0,0,0,0,6708152,3.45
03/11/2015,0,0,13.5(0.00 %),0,0,0,0,6708152,3.45
04/11/2015,0,0,13.4(-0.74 %),0,0,0,0,6708152,3.45
05/11/2015,-3000,-40200000,13.3(-0.75 %),3000,40200000,6000,80400000,6711152,3.43
06/11/2015,0,0,13.8(3.76 %),0,0,0,0,6711152,3.43
09/11/2015,0,0,13.5(-2.17 %),0,0,0,0,6711152,3.43
10/11/2015,0,0,13.7(1.48 %),0,0,0,0,6711152,3.43
11/11/2015,0,0,13.5(-1.46 %),0,0,0,0,6711152,3.43
12/11/2015,0,0,13.7(1.48 %),0,0,0,0,6711152,3.43
13/11/2015,-150,-2030000,13.5(-1.46 %),0,0,150,2030000,6711302,3.43
16/11/2015,-4000,-54050000,13.6(0.74 %),0,0,4000,54050000,6715302,3.4
17/11/2015,0,0,13.3(-2.21 %),0,0,0,0,6715302,3.4
18/11/2015,-300,-4050000,13.6(2.26 %),0,0,300,4050000,6715602,3.4
19/11/2015,-300,-4080000,13.6(0.00 %),0,0,300,4080000,6715902,3.4
20/11/2015,0,0,13.6(0.00 %),0,0,0,0,6715902,3.4
23/11/2015,-600,-8220000,13.7(0.74 %),0,0,600,8220000,6716502,3.4
24/11/2015,-200,-2740000,13.6(-0.73 %),0,0,200,2740000,6719902,3.37
25/11/2015,-500,-6800000,13.6(0.00 %),0,0,500,6800000,6720202,3.37
26/11/2015,0,0,13.6(0.00 %),0,0,0,0,6720202,3.37
27/11/2015,0,0,13.7(0.74 %),0,0,0,0,6720202,3.37
30/11/2015,0,0,13.6(-0.73 %),0,0,0,0,6721002,3.37
01/12/2015,0,0,13.6(0.00 %),0,0,0,0,6721502,3.36
02/12/2015,0,0,13.7(0.74 %),0,0,0,0,6721502,3.36
03/12/2015,0,0,13.6(-0.73 %),0,0,0,0,6721502,3.36
04/12/2015,0,0,13.6(0.00 %),0,0,0,0,6721502,3.36
07/12/2015,0,0,13.6(0.00 %),0,0,0,0,6721502,3.36
08/12/2015,0,0,13.8(1.47 %),0,0,0,0,6721502,3.36
09/12/2015,0,0,13.8(0.00 %),0,0,0,0,6721502,3.36
10/12/2015,0,0,13.8(0.00 %),0,0,0,0,6721502,3.36
11/12/2015,0,0,13.6(-1.45 %),0,0,0,0,6721502,3.36
14/12/2015,0,0,13.6(0.00 %),0,0,0,0,6721502,3.36
15/12/2015,0,0,13.6(0.00 %),0,0,0,0,6721502,3.36
16/12/2015,0,0,13.8(1.47 %),0,0,0,0,6721508,3.36
17/12/2015,0,0,13.8(0.00 %),0,0,0,0,6721508,3.36
18/12/2015,0,0,14.1(2.17 %),0,0,0,0,6721508,3.36
21/12/2015,0,0,14.1(0.00 %),0,0,0,0,6721508,3.36
22/12/2015,-9670,-132480000,14.1(0.00 %),0,0,9670,132480000,6721508,3.36
23/12/2015,0,0,13.8(-2.13 %),0,0,0,0,6721508,3.36
24/12/2015,0,0,14(1.45 %),0,0,0,0,6721508,3.36
25/12/2015,0,0,14(0.00 %),0,0,0,0,6721508,3.36
28/12/2015,0,0,14(0.00 %),0,0,0,0,6731178,3.3
29/12/2015,0,0,14.1(0.71 %),0,0,0,0,6733642,3.28
30/12/2015,0,0,14.1(0.00 %),0,0,0,0,6733642,3.28
31/12/2015,0,0,14.7(4.26 %),0,0,0,0,6733642,3.28
04/01/2016,0,0,14.5(-1.36 %),0,0,0,0,6733642,3.28
05/01/2016,0,0,14(-3.45 %),0,0,0,0,6733642,3.28
06/01/2016,0,0,14.6(4.29 %),0,0,0,0,6733642,3.28
07/01/2016,0,0,15(2.74 %),0,0,0,0,6733642,3.28
08/01/2016,0,0,14(-6.67 %),0,0,0,0,6733642,3.28
11/01/2016,0,0,14.9(6.43 %),0,0,0,0,6733642,3.28
12/01/2016,0,0,14.5(-2.68 %),0,0,0,0,6733642,3.28
13/01/2016,0,0,14.9(2.76 %),0,0,0,0,6733642,3.28
14/01/2016,0,0,14(-6.04 %),0,0,0,0,6733642,3.28
15/01/2016,0,0,14.2(1.43 %),0,0,0,0,6733642,3.28
18/01/2016,0,0,13.4(-5.63 %),0,0,0,0,6733642,3.28
19/01/2016,0,0,14.3(6.72 %),0,0,0,0,6733642,3.28
20/01/2016,0,0,14(-2.10 %),0,0,0,0,6733642,3.28
21/01/2016,0,0,13.9(-0.71 %),0,0,0,0,6733642,3.28
22/01/2016,0,0,13.9(0.00 %),0,0,0,0,6733642,3.28
25/01/2016,0,0,13.9(0.00 %),0,0,0,0,6733642,3.28
26/01/2016,0,0,13.9(0.00 %),0,0,0,0,6733642,3.28
27/01/2016,0,0,13.1(-5.76 %),0,0,0,0,6733642,3.28
28/01/2016,0,0,13.8(5.34 %),0,0,0,0,6733642,3.28
29/01/2016,0,0,13.1(-5.07 %),0,0,0,0,6733642,3.28
01/02/2016,0,0,13.1(0.00 %),0,0,0,0,6733642,3.28
02/02/2016,0,0,13.1(0.00 %),0,0,0,0,6733642,3.28
03/02/2016,0,0,13.1(0.00 %),0,0,0,0,6733642,3.28
04/02/2016,0,0,14(6.87 %),0,0,0,0,6733642,3.28
05/02/2016,0,0,14.3(2.14 %),0,0,0,0,6733642,3.28
15/02/2016,0,0,14.3(0.00 %),0,0,0,0,6733642,3.28
16/02/2016,0,0,14.3(0.00 %),0,0,0,0,6733642,3.28
17/02/2016,0,0,14.3(0.00 %),0,0,0,0,6733642,3.28
18/02/2016,0,0,14.4(0.70 %),0,0,0,0,6733642,3.28
19/02/2016,0,0,14.4(0.00 %),0,0,0,0,6733642,3.28
22/02/2016,0,0,14.3(-0.69 %),0,0,0,0,6733642,3.28
23/02/2016,0,0,14.3(0.00 %),0,0,0,0,6733642,3.28
24/02/2016,0,0,13.5(-5.59 %),0,0,0,0,6733642,3.28
25/02/2016,0,0,13.5(0.00 %),0,0,0,0,6733642,3.28
26/02/2016,0,0,13.5(0.00 %),0,0,0,0,6733642,3.28
29/02/2016,0,0,13.2(-2.22 %),0,0,0,0,6733642,3.28
01/03/2016,0,0,14(6.06 %),0,0,0,0,6733642,3.28
02/03/2016,-1360,-19040000,13.8(-1.43 %),0,0,1360,19040000,6733642,3.28
03/03/2016,0,0,13.5(-2.17 %),0,0,0,0,6733642,3.28
04/03/2016,0,0,13.5(0.00 %),0,0,0,0,6733642,3.28
07/03/2016,0,0,13.6(0.74 %),0,0,0,0,6735002,3.27
08/03/2016,0,0,13.5(-0.74 %),0,0,0,0,6735002,3.27
09/03/2016,0,0,14(3.70 %),0,0,0,0,6735002,3.27
10/03/2016,-10,-140000,13.4(-4.29 %),0,0,10,140000,6735002,3.27
11/03/2016,0,0,13.5(0.75 %),0,0,0,0,6735002,3.27
14/03/2016,0,0,13.8(2.22 %),0,0,0,0,6735002,3.27
15/03/2016,0,0,13.6(-1.45 %),0,0,0,0,6735012,3.27
16/03/2016,0,0,13.8(1.47 %),0,0,0,0,6735012,3.27
17/03/2016,0,0,13.8(0.00 %),0,0,0,0,6735012,3.27
18/03/2016,0,0,13.6(-1.45 %),0,0,0,0,6735012,3.27
21/03/2016,0,0,13.7(0.74 %),0,0,0,0,6735012,3.27
22/03/2016,0,0,13.5(-1.46 %),0,0,0,0,6735012,3.27
23/03/2016,0,0,13.6(0.74 %),0,0,0,0,6735012,3.27
24/03/2016,0,0,13.7(0.74 %),0,0,0,0,6735012,3.27
25/03/2016,0,0,13.6(-0.73 %),0,0,0,0,6735012,3.27
28/03/2016,0,0,13.6(0.00 %),0,0,0,0,6735012,3.27
29/03/2016,0,0,13.6(0.00 %),0,0,0,0,6735012,3.27
30/03/2016,0,0,13.6(0.00 %),0,0,0,0,6735012,3.27
31/03/2016,0,0,13.5(-0.74 %),0,0,0,0,6735012,3.27
01/04/2016,0,0,13.6(0.74 %),0,0,0,0,6735012,3.27
04/04/2016,0,0,13.6(0.00 %),0,0,0,0,6735012,3.27
05/04/2016,0,0,13.6(0.00 %),0,0,0,0,6735012,3.27
06/04/2016,0,0,13.7(0.74 %),0,0,0,0,6735012,3.27
07/04/2016,12000,169650000,14.2(3.65 %),12000,169650000,0,0,6723012,3.35
08/04/2016,0,0,14.2(0.00 %),0,0,0,0,6723012,3.35
11/04/2016,0,0,14.2(0.00 %),0,0,0,0,6723012,3.35
12/04/2016,0,0,14.2(0.00 %),0,0,0,0,6723012,3.35
13/04/2016,0,0,14.2(0.00 %),0,0,0,0,6723012,3.35
14/04/2016,0,0,14.2(0.00 %),0,0,0,0,6723012,3.35
15/04/2016,0,0,14.2(0.00 %),0,0,0,0,6723012,3.35
19/04/2016,0,0,14.2(0.00 %),0,0,0,0,6723012,3.35
20/04/2016,0,0,13.3(-6.34 %),0,0,0,0,6723012,3.35
21/04/2016,0,0,13.4(0.75 %),0,0,0,0,6723012,3.35
22/04/2016,0,0,13(-2.99 %),0,0,0,0,6723012,3.35
25/04/2016,0,0,13(0.00 %),0,0,0,0,6723012,3.35
26/04/2016,-3300,-42340000,13.4(3.08 %),0,0,3300,42340000,6723012,3.35
27/04/2016,-5000,-65000000,13(-2.99 %),0,0,5000,65000000,6723012,3.35
28/04/2016,0,0,13.1(0.77 %),0,0,0,0,6723012,3.35
29/04/2016,0,0,13.1(0.00 %),0,0,0,0,6726312,3.33
04/05/2016,0,0,13.2(0.76 %),0,0,0,0,6731312,3.3
05/05/2016,0,0,14(6.06 %),0,0,0,0,6731312,3.3
06/05/2016,0,0,13.7(-2.14 %),0,0,0,0,6731312,3.3
09/05/2016,0,0,13.8(0.73 %),0,0,0,0,6731312,3.3
10/05/2016,0,0,13.8(0.00 %),0,0,0,0,6731312,3.3
11/05/2016,0,0,13.8(0.00 %),0,0,0,0,6731312,3.3
12/05/2016,0,0,13.8(0.00 %),0,0,0,0,6731312,3.3
13/05/2016,0,0,13.8(0.00 %),0,0,0,0,6731312,3.3
16/05/2016,0,0,13.8(0.00 %),0,0,0,0,6731312,3.3
17/05/2016,500,6950000,13.8(0.00 %),500,6950000,0,0,6730812,3.3
18/05/2016,0,0,13.8(0.00 %),0,0,0,0,6730812,3.3
19/05/2016,-24000,-331200000,13.5(-2.17 %),0,0,24000,331200000,6730812,3.3
20/05/2016,0,0,13.9(2.96 %),0,0,0,0,6730812,3.3
23/05/2016,0,0,13.9(0.00 %),0,0,0,0,6730812,3.3
24/05/2016,0,0,13.9(0.00 %),0,0,0,0,6754812,3.14
25/05/2016,0,0,13.5(-2.88 %),0,0,0,0,6754812,3.14
26/05/2016,0,0,13.5(0.00 %),0,0,0,0,6754812,3.14
27/05/2016,0,0,13.8(2.22 %),0,0,0,0,6754812,3.14
30/05/2016,0,0,13.8(0.00 %),0,0,0,0,6754812,3.14
31/05/2016,0,0,13.9(0.72 %),0,0,0,0,6754812,3.14
01/06/2016,0,0,13.9(0.00 %),0,0,0,0,6754812,3.14
02/06/2016,0,0,13.9(0.00 %),0,0,0,0,6754812,3.14
03/06/2016,0,0,13.6(-2.16 %),0,0,0,0,6754812,3.14
06/06/2016,0,0,13.6(0.00 %),0,0,0,0,6754812,3.14
07/06/2016,-60,-770000,13.1(-3.68 %),0,0,60,770000,6754812,3.14
08/06/2016,0,0,13.2(0.76 %),0,0,0,0,6754812,3.14
09/06/2016,0,0,13.2(0.00 %),0,0,0,0,6754812,3.14
10/06/2016,0,0,13.2(0.00 %),0,0,0,0,6754872,3.14
13/06/2016,0,0,13.2(0.00 %),0,0,0,0,6754872,3.14
14/06/2016,0,0,13.2(0.00 %),0,0,0,0,6754872,3.14
15/06/2016,400,5360000,13.4(1.52 %),400,5360000,0,0,6754472,3.14
16/06/2016,-30010,-390210000,13.6(1.49 %),0,0,30010,390210000,6754472,3.14
17/06/2016,0,0,13.8(1.47 %),0,0,0,0,6754472,3.14
20/06/2016,0,0,13.8(0.00 %),0,0,0,0,6754472,3.14
21/06/2016,0,0,13(-5.80 %),0,0,0,0,6784482,2.93
22/06/2016,0,0,13(0.00 %),0,0,0,0,6784482,2.93
23/06/2016,0,0,13.4(3.08 %),0,0,0,0,6784482,2.93
24/06/2016,0,0,13.5(0.75 %),0,0,0,0,6784482,2.93
27/06/2016,0,0,13.5(0.00 %),0,0,0,0,6784482,2.93
28/06/2016,0,0,13.5(0.00 %),0,0,0,0,6784482,2.93
29/06/2016,0,0,13.4(-0.74 %),0,0,0,0,6784482,2.93
30/06/2016,0,0,13.4(0.00 %),0,0,0,0,6784482,2.93
01/07/2016,0,0,13.3(-0.75 %),0,0,0,0,6784482,2.93
04/07/2016,0,0,12.8(-3.76 %),0,0,0,0,6784482,2.93
05/07/2016,-3110,-39810000,13.3(3.91 %),0,0,3110,39810000,6784482,2.93
06/07/2016,0,0,12.6(-5.26 %),0,0,0,0,6784482,2.93
07/07/2016,-3700,-44430000,12.9(2.38 %),0,0,3700,44430000,6784482,2.93
08/07/2016,0,0,12.5(-3.10 %),0,0,0,0,6787592,2.91
11/07/2016,0,0,12.8(2.40 %),0,0,0,0,6787592,2.91
12/07/2016,-10,-130000,12.9(0.78 %),0,0,10,130000,6791292,2.89
13/07/2016,0,0,12.9(0.00 %),0,0,0,0,6791292,2.89
14/07/2016,0,0,13(0.78 %),0,0,0,0,6791292,2.89
15/07/2016,0,0,13(0.00 %),0,0,0,0,6791302,2.89
18/07/2016,0,0,13(0.00 %),0,0,0,0,6791302,2.89
19/07/2016,0,0,13(0.00 %),0,0,0,0,6791302,2.89
20/07/2016,0,0,13(0.00 %),0,0,0,0,6791302,2.89
21/07/2016,0,0,12.2(-6.15 %),0,0,0,0,6791302,2.89
22/07/2016,0,0,12.2(0.00 %),0,0,0,0,6791302,2.89
25/07/2016,0,0,12.5(2.46 %),0,0,0,0,6791302,2.89
26/07/2016,0,0,12.6(0.80 %),0,0,0,0,6791302,2.89
27/07/2016,0,0,12.6(0.00 %),0,0,0,0,6791302,2.89
28/07/2016,0,0,13(3.17 %),0,0,0,0,6791302,2.89
29/07/2016,60,780000,13(0.00 %),60,780000,0,0,6791242,2.89
01/08/2016,1000,13000000,13.3(2.31 %),1000,13000000,0,0,6790242,2.9
02/08/2016,0,0,13.3(0.00 %),0,0,0,0,6790242,2.9
03/08/2016,0,0,13.3(0.00 %),0,0,0,0,6790242,2.9
04/08/2016,0,0,13.5(1.50 %),0,0,0,0,6790242,2.9
05/08/2016,-500,-6300000,12.6(-6.67 %),0,0,500,6300000,6790242,2.9
08/08/2016,0,0,12.6(0.00 %),0,0,0,0,6790242,2.9
09/08/2016,0,0,12.6(0.00 %),0,0,0,0,6790242,2.9
10/08/2016,0,0,12.6(0.00 %),0,0,0,0,6790742,2.89
11/08/2016,0,0,12.9(2.38 %),0,0,0,0,6790742,2.89
12/08/2016,0,0,12.9(0.00 %),0,0,0,0,6790742,2.89
15/08/2016,0,0,12.9(0.00 %),0,0,0,0,6790742,2.89
16/08/2016,-20,-240000,12.1(-6.20 %),0,0,20,240000,6790742,2.89
17/08/2016,0,0,12.7(4.96 %),0,0,0,0,6790742,2.89
18/08/2016,0,0,12.7(0.00 %),0,0,0,0,6790742,2.89
19/08/2016,0,0,12.7(0.00 %),0,0,0,0,6790762,2.89
22/08/2016,0,0,12.7(0.00 %),0,0,0,0,6790762,2.89
23/08/2016,0,0,12.7(0.00 %),0,0,0,0,6790762,2.89
24/08/2016,0,0,12.8(0.79 %),0,0,0,0,6790762,2.89
25/08/2016,-10,-130000,13(1.56 %),0,0,10,130000,6790762,2.89
26/08/2016,0,0,12.9(-0.77 %),0,0,0,0,6790762,2.89
29/08/2016,0,0,13.4(3.88 %),0,0,0,0,6790762,2.89
30/08/2016,0,0,12.5(-6.72 %),0,0,0,0,6790772,2.89
31/08/2016,0,0,12.4(-0.80 %),0,0,0,0,6790772,2.89
01/09/2016,0,0,12.4(0.00 %),0,0,0,0,6790772,2.89
05/09/2016,0,0,12.4(0.00 %),0,0,0,0,6790772,2.89
06/09/2016,0,0,12.2(-1.61 %),0,0,0,0,6790772,2.89
07/09/2016,-2260,-26230000,11.5(-5.74 %),0,0,2260,26230000,6790772,2.89
08/09/2016,0,0,12.2(6.09 %),0,0,0,0,6790772,2.89
09/09/2016,0,0,12.2(0.00 %),0,0,0,0,6790772,2.89
12/09/2016,0,0,12(-1.64 %),0,0,0,0,6793032,2.88
13/09/2016,0,0,12(0.00 %),0,0,0,0,6793032,2.88
14/09/2016,0,0,11.7(-2.50 %),0,0,0,0,6793032,2.88
15/09/2016,0,0,11.5(-1.71 %),0,0,0,0,6793032,2.88
16/09/2016,0,0,11.2(-2.61 %),0,0,0,0,6793032,2.88
19/09/2016,0,0,11.4(1.79 %),0,0,0,0,6793032,2.88
20/09/2016,0,0,11(-3.51 %),0,0,0,0,6793032,2.88
21/09/2016,-1000,-10500000,10.5(-4.55 %),0,0,1000,10500000,6793032,2.88
22/09/2016,0,0,10.9(3.81 %),0,0,0,0,6793032,2.88
23/09/2016,0,0,10.85(-0.46 %),0,0,0,0,6793032,2.88
26/09/2016,0,0,10.85(0.00 %),0,0,0,0,6794032,2.87
27/09/2016,0,0,10.4(-4.15 %),0,0,0,0,6794032,2.87
28/09/2016,0,0,10.4(0.00 %),0,0,0,0,6794032,2.87
29/09/2016,0,0,10.35(-0.48 %),0,0,0,0,6794032,2.87
30/09/2016,0,0,10.4(0.48 %),0,0,0,0,6794032,2.87
03/10/2016,0,0,10.7(2.88 %),0,0,0,0,6794032,2.87
04/10/2016,0,0,10.9(1.87 %),0,0,0,0,6794032,2.87
05/10/2016,-100,-1110000,10.9(0.00 %),0,0,100,1110000,6794032,2.87
06/10/2016,-20,-220000,11.1(1.83 %),0,0,20,220000,6794032,2.87
07/10/2016,0,0,10.9(-1.80 %),0,0,0,0,6794032,2.87
10/10/2016,0,0,10.7(-1.83 %),0,0,0,0,6794132,2.87
11/10/2016,0,0,10.5(-1.87 %),0,0,0,0,6794152,2.87
12/10/2016,0,0,10.7(1.90 %),0,0,0,0,6794152,2.87
13/10/2016,0,0,11.4(6.54 %),0,0,0,0,6794152,2.87
14/10/2016,0,0,12(5.26 %),0,0,0,0,6794152,2.87
17/10/2016,0,0,11.4(-5.00 %),0,0,0,0,6794152,2.87
18/10/2016,0,0,11(-3.51 %),0,0,0,0,6794152,2.87
19/10/2016,0,0,11(0.00 %),0,0,0,0,6794152,2.87
20/10/2016,0,0,11(0.00 %),0,0,0,0,6794152,2.87
21/10/2016,0,0,11.2(1.82 %),0,0,0,0,6794152,2.87
24/10/2016,0,0,11.6(3.57 %),0,0,0,0,6794152,2.87
25/10/2016,0,0,11.1(-4.31 %),0,0,0,0,6794152,2.87
26/10/2016,0,0,11.3(1.80 %),0,0,0,0,6794152,2.87
27/10/2016,0,0,11.1(-1.77 %),0,0,0,0,6794152,2.87
28/10/2016,0,0,11.35(2.25 %),0,0,0,0,6794152,2.87
31/10/2016,0,0,11.35(0.00 %),0,0,0,0,6794152,2.87
01/11/2016,0,0,11.2(-1.32 %),0,0,0,0,6794152,2.87
02/11/2016,0,0,11.95(6.70 %),0,0,0,0,6794152,2.87
03/11/2016,0,0,11.95(0.00 %),0,0,0,0,6794152,2.87
04/11/2016,0,0,11.8(-1.26 %),0,0,0,0,6794152,2.87
07/11/2016,-930,-10370000,12(1.69 %),0,0,930,10370000,6794152,2.87
08/11/2016,0,0,11.7(-2.50 %),0,0,0,0,6794152,2.87
09/11/2016,0,0,12.3(5.13 %),0,0,0,0,6794152,2.87
10/11/2016,0,0,12.2(-0.81 %),0,0,0,0,6795082,2.86
11/11/2016,0,0,11.85(-2.87 %),0,0,0,0,6795082,2.86
14/11/2016,0,0,11.75(-0.84 %),0,0,0,0,6795082,2.86
15/11/2016,0,0,11.85(0.85 %),0,0,0,0,6795082,2.86
16/11/2016,0,0,11.85(0.00 %),0,0,0,0,6795082,2.86
17/11/2016,0,0,11.65(-1.69 %),0,0,0,0,6795082,2.86
18/11/2016,0,0,11.65(0.00 %),0,0,0,0,6795082,2.86
21/11/2016,0,0,11.6(-0.43 %),0,0,0,0,6795082,2.86
22/11/2016,0,0,11.3(-2.59 %),0,0,0,0,6795082,2.86
23/11/2016,0,0,11.9(5.31 %),0,0,0,0,6795082,2.86
24/11/2016,0,0,11.3(-5.04 %),0,0,0,0,6795082,2.86
25/11/2016,0,0,11.15(-1.33 %),0,0,0,0,6795082,2.86
28/11/2016,0,0,11.5(3.14 %),0,0,0,0,6795082,2.86
29/11/2016,0,0,11.5(0.00 %),0,0,0,0,6795082,2.86
30/11/2016,0,0,11.5(0.00 %),0,0,0,0,6795082,2.86
01/12/2016,0,0,11.5(0.00 %),0,0,0,0,6795082,2.86
02/12/2016,0,0,11.8(2.61 %),0,0,0,0,6795082,2.86
05/12/2016,0,0,11.8(0.00 %),0,0,0,0,6795082,2.86
06/12/2016,0,0,11.8(0.00 %),0,0,0,0,6795082,2.86
07/12/2016,0,0,11.8(0.00 %),0,0,0,0,6795082,2.86
08/12/2016,10,120000,11.75(-0.42 %),10,120000,0,0,6795072,2.86
09/12/2016,0,0,11(-6.38 %),0,0,0,0,6795072,2.86
12/12/2016,0,0,10.8(-1.82 %),0,0,0,0,6795072,2.86
13/12/2016,0,0,11.5(6.48 %),0,0,0,0,6795072,2.86
14/12/2016,0,0,10.7(-6.96 %),0,0,0,0,6795072,2.86
15/12/2016,0,0,11.2(4.67 %),0,0,0,0,6795072,2.86
16/12/2016,0,0,11.2(0.00 %),0,0,0,0,6795072,2.86
19/12/2016,0,0,11.2(0.00 %),0,0,0,0,6795072,2.86
20/12/2016,0,0,11.2(0.00 %),0,0,0,0,6795072,2.86
21/12/2016,0,0,11.2(0.00 %),0,0,0,0,6795072,2.86
22/12/2016,0,0,11.2(0.00 %),0,0,0,0,6795072,2.86
23/12/2016,0,0,11.5(2.68 %),0,0,0,0,6795072,2.86
26/12/2016,0,0,11.5(0.00 %),0,0,0,0,6795072,2.86
27/12/2016,0,0,11.3(-1.74 %),0,0,0,0,6795072,2.86
28/12/2016,0,0,12(6.19 %),0,0,0,0,6795072,2.86
29/12/2016,0,0,12(0.00 %),0,0,0,0,6795072,2.86
30/12/2016,0,0,11.2(-6.67 %),0,0,0,0,6795072,2.86
03/01/2017,0,0,11.2(0.00 %),0,0,0,0,6795072,2.86
04/01/2017,0,0,11.55(3.12 %),0,0,0,0,6795072,2.86
05/01/2017,0,0,11.5(-0.43 %),0,0,0,0,6795072,2.86
06/01/2017,0,0,11.7(1.74 %),0,0,0,0,6795072,2.86
09/01/2017,0,0,11.7(0.00 %),0,0,0,0,6795072,2.86
10/01/2017,0,0,11.7(0.00 %),0,0,0,0,6795072,2.86
11/01/2017,0,0,11.7(0.00 %),0,0,0,0,6795072,2.86
12/01/2017,0,0,11.7(0.00 %),0,0,0,0,6795072,2.86
13/01/2017,0,0,11.7(0.00 %),0,0,0,0,6795072,2.86
16/01/2017,0,0,11.5(-1.71 %),0,0,0,0,6795072,2.86
17/01/2017,0,0,11.6(0.87 %),0,0,0,0,6795072,2.86
18/01/2017,0,0,11.7(0.86 %),0,0,0,0,6795072,2.86
19/01/2017,0,0,11.7(0.00 %),0,0,0,0,6795072,2.86
20/01/2017,0,0,11.7(0.00 %),0,0,0,0,6795072,2.86
23/01/2017,0,0,11.6(-0.85 %),0,0,0,0,6795072,2.86
24/01/2017,0,0,11.8(1.72 %),0,0,0,0,6795072,2.86
25/01/2017,0,0,12.5(5.93 %),0,0,0,0,6795072,2.86
02/02/2017,0,0,11.65(-6.80 %),0,0,0,0,6795072,2.86
03/02/2017,0,0,11.7(0.43 %),0,0,0,0,6795072,2.86
06/02/2017,0,0,11.8(0.85 %),0,0,0,0,6795072,2.86
07/02/2017,10,120000,11.7(-0.85 %),10,120000,0,0,6795062,2.86
08/02/2017,200,2340000,11.8(0.85 %),200,2340000,0,0,6794862,2.86
09/02/2017,790,9240000,11.7(-0.85 %),790,9240000,0,0,6794072,2.87
10/02/2017,1970,23050000,11.9(1.71 %),2000,23400000,30,350000,6792072,2.88
13/02/2017,0,0,11.95(0.42 %),0,0,0,0,6792072,2.88
14/02/2017,0,0,11.7(-2.09 %),0,0,0,0,6792072,2.88
15/02/2017,2000,23000000,11.7(0.00 %),2000,23000000,0,0,6790102,2.9
16/02/2017,0,0,11.7(0.00 %),0,0,0,0,6790102,2.9
17/02/2017,0,0,11.6(-0.85 %),0,0,0,0,6790102,2.9
20/02/2017,0,0,12.4(6.90 %),0,0,0,0,6790102,2.9
21/02/2017,0,0,11.85(-4.44 %),0,0,0,0,6790102,2.9
22/02/2017,0,0,11.8(-0.42 %),0,0,0,0,6790102,2.9
23/02/2017,300,3540000,11.8(0.00 %),300,3540000,0,0,6789802,2.9
24/02/2017,0,0,11.9(0.85 %),0,0,0,0,6789802,2.9
27/02/2017,0,0,12.55(5.46 %),0,0,0,0,6789802,2.9
28/02/2017,-10,-130000,12.7(1.20 %),0,0,10,130000,6789802,2.9
01/03/2017,0,0,13.3(4.72 %),0,0,0,0,6789802,2.9
02/03/2017,0,0,12.4(-6.77 %),0,0,0,0,6789802,2.9
03/03/2017,0,0,11.95(-3.63 %),0,0,0,0,6789812,2.9
06/03/2017,0,0,12(0.42 %),0,0,0,0,6789812,2.9
07/03/2017,0,0,12.5(4.17 %),0,0,0,0,6789812,2.9
08/03/2017,-70,-840000,12.65(1.20 %),0,0,70,840000,6789812,2.9
09/03/2017,0,0,12.7(0.40 %),0,0,0,0,6789812,2.9
10/03/2017,0,0,13.2(3.94 %),0,0,0,0,6789812,2.9
13/03/2017,0,0,13(-1.52 %),0,0,0,0,6789882,2.9
14/03/2017,0,0,12.7(-2.31 %),0,0,0,0,6789882,2.9
15/03/2017,0,0,12.7(0.00 %),0,0,0,0,6789882,2.9
16/03/2017,0,0,12.7(0.00 %),0,0,0,0,6789882,2.9
17/03/2017,0,0,13(2.36 %),0,0,0,0,6789882,2.9
20/03/2017,0,0,12.95(-0.38 %),0,0,0,0,6789882,2.9
21/03/2017,0,0,12.5(-3.47 %),0,0,0,0,6789882,2.9
22/03/2017,0,0,12.5(0.00 %),0,0,0,0,6789882,2.9
23/03/2017,0,0,12(-4.00 %),0,0,0,0,6789882,2.9
24/03/2017,0,0,12.5(4.17 %),0,0,0,0,6789882,2.9
27/03/2017,0,0,12.6(0.80 %),0,0,0,0,6789882,2.9
28/03/2017,0,0,12.1(-3.97 %),0,0,0,0,6789882,2.9
29/03/2017,0,0,12(-0.83 %),0,0,0,0,6789882,2.9
30/03/2017,0,0,12(0.00 %),0,0,0,0,6789882,2.9
31/03/2017,0,0,12(0.00 %),0,0,0,0,6789882,2.9
03/04/2017,-5500,-66000000,12(0.00 %),0,0,5500,66000000,6789882,2.9
04/04/2017,-16190,-194280000,12(0.00 %),0,0,16190,194280000,6789882,2.9
05/04/2017,0,0,12(0.00 %),0,0,0,0,6789882,2.9
07/04/2017,0,0,11.4(-5.00 %),0,0,0,0,6795382,2.86
10/04/2017,0,0,12.15(6.58 %),0,0,0,0,6811572,2.75
11/04/2017,0,0,12.1(-0.41 %),0,0,0,0,6811572,2.75
12/04/2017,0,0,11.8(-2.48 %),0,0,0,0,6811572,2.75
13/04/2017,0,0,12(1.69 %),0,0,0,0,6811572,2.75
14/04/2017,0,0,11.55(-3.75 %),0,0,0,0,6811572,2.75
17/04/2017,-10,-120000,12.05(4.33 %),0,0,10,120000,6811572,2.75
18/04/2017,0,0,12.1(0.41 %),0,0,0,0,6811572,2.75
19/04/2017,0,0,11.5(-4.96 %),0,0,0,0,6811572,2.75
20/04/2017,0,0,11.8(2.61 %),0,0,0,0,6811582,2.75
21/04/2017,0,0,11.5(-2.54 %),0,0,0,0,6811582,2.75
24/04/2017,0,0,11.5(0.00 %),0,0,0,0,6811582,2.75
25/04/2017,0,0,11.3(-1.74 %),0,0,0,0,6811582,2.75
26/04/2017,0,0,12(6.19 %),0,0,0,0,6811582,2.75
27/04/2017,0,0,11.8(-1.67 %),0,0,0,0,6811582,2.75
28/04/2017,0,0,11.8(0.00 %),0,0,0,0,6811582,2.75
03/05/2017,0,0,12(1.69 %),0,0,0,0,6811582,2.75
04/05/2017,0,0,11.8(-1.67 %),0,0,0,0,6811582,2.75
05/05/2017,0,0,11.8(0.00 %),0,0,0,0,6811582,2.75
08/05/2017,0,0,12.3(4.24 %),0,0,0,0,6811582,2.75
09/05/2017,0,0,12(-2.44 %),0,0,0,0,6811582,2.75
10/05/2017,0,0,11.8(-1.67 %),0,0,0,0,6811582,2.75
11/05/2017,0,0,11.7(-0.85 %),0,0,0,0,6811582,2.75
12/05/2017,0,0,11.7(0.00 %),0,0,0,0,6811582,2.75
15/05/2017,0,0,11.7(0.00 %),0,0,0,0,6811582,2.75
16/05/2017,0,0,11.6(-0.85 %),0,0,0,0,6811582,2.75
17/05/2017,0,0,11.2(-3.45 %),0,0,0,0,6811582,2.75
18/05/2017,0,0,11.4(1.79 %),0,0,0,0,6811582,2.75
19/05/2017,0,0,10.9(-4.39 %),0,0,0,0,6811582,2.75
22/05/2017,0,0,11.6(6.42 %),0,0,0,0,6811582,2.75
23/05/2017,0,0,10.9(-6.03 %),0,0,0,0,6811582,2.75
24/05/2017,0,0,10.5(-3.67 %),0,0,0,0,6811582,2.75
25/05/2017,0,0,11.2(6.67 %),0,0,0,0,6811582,2.75
26/05/2017,0,0,10.5(-6.25 %),0,0,0,0,6811582,2.75
29/05/2017,-440,-4690000,10.65(1.43 %),0,0,440,4690000,6811582,2.75
30/05/2017,0,0,11(3.29 %),0,0,0,0,6811582,2.75
31/05/2017,4450,46730000,10.5(-4.55 %),4450,46730000,0,0,6807132,2.78
01/06/2017,0,0,10.9(3.81 %),0,0,0,0,6807572,2.78
02/06/2017,120,1310000,10.9(0.00 %),120,1310000,0,0,6807452,2.78
05/06/2017,0,0,11(0.92 %),0,0,0,0,6807452,2.78
06/06/2017,0,0,11(0.00 %),0,0,0,0,6807452,2.78
07/06/2017,-120,-1270000,10.6(-3.64 %),0,0,120,1270000,6807452,2.78
08/06/2017,150,1590000,10.6(0.00 %),150,1590000,0,0,6807302,2.78
09/06/2017,0,0,10.6(0.00 %),0,0,0,0,6807302,2.78
12/06/2017,0,0,10.65(0.47 %),0,0,0,0,6807422,2.78
13/06/2017,1410,14810000,10.5(-1.41 %),1410,14810000,0,0,6806012,2.79
14/06/2017,0,0,11(4.76 %),0,0,0,0,6806012,2.79
15/06/2017,0,0,11(0.00 %),0,0,0,0,6806012,2.79
16/06/2017,0,0,11.05(0.45 %),0,0,0,0,6806012,2.79
19/06/2017,0,0,11(-0.45 %),0,0,0,0,6806012,2.79
20/06/2017,0,0,11.4(3.64 %),0,0,0,0,6806012,2.79
21/06/2017,0,0,11.8(3.51 %),0,0,0,0,6806012,2.79
22/06/2017,0,0,11.8(0.00 %),0,0,0,0,6806012,2.79
23/06/2017,0,0,11(-6.78 %),0,0,0,0,6806012,2.79
26/06/2017,0,0,11.7(6.36 %),0,0,0,0,6806012,2.79
27/06/2017,0,0,11.1(-5.13 %),0,0,0,0,6806012,2.79
28/06/2017,0,0,11.7(5.41 %),0,0,0,0,6806012,2.79
29/06/2017,-5000,-60000000,11.8(0.85 %),0,0,5000,60000000,6806012,2.79
30/06/2017,0,0,11.7(-0.85 %),0,0,0,0,6806012,2.79
03/07/2017,0,0,11.5(-1.71 %),0,0,0,0,6806012,2.79
04/07/2017,0,0,11.5(0.00 %),0,0,0,0,6811012,2.75
05/07/2017,460,5430000,11.8(2.61 %),460,5430000,0,0,6810552,2.76
06/07/2017,0,0,11.5(-2.54 %),0,0,0,0,6810552,2.76
07/07/2017,0,0,11.5(0.00 %),0,0,0,0,6810552,2.76
10/07/2017,-460,-5430000,11.8(2.61 %),0,0,460,5430000,6810552,2.76
11/07/2017,0,0,11.8(0.00 %),0,0,0,0,6810552,2.76
12/07/2017,0,0,11.9(0.85 %),0,0,0,0,6810552,2.76
13/07/2017,0,0,11.9(0.00 %),0,0,0,0,6811012,2.75
14/07/2017,-500,-5750000,11.5(-3.36 %),0,0,500,5750000,6811012,2.75
17/07/2017,0,0,11.5(0.00 %),0,0,0,0,6811012,2.75
18/07/2017,0,0,11.5(0.00 %),0,0,0,0,6811012,2.75
19/07/2017,0,0,11.5(0.00 %),0,0,0,0,6811512,2.75
20/07/2017,0,0,11.5(0.00 %),0,0,0,0,6811512,2.75
21/07/2017,0,0,11.5(0.00 %),0,0,0,0,6811512,2.75
24/07/2017,0,0,11.5(0.00 %),0,0,0,0,6811512,2.75
25/07/2017,0,0,11(-4.35 %),0,0,0,0,6811512,2.75
26/07/2017,0,0,11.5(4.55 %),0,0,0,0,6811512,2.75
27/07/2017,0,0,11.95(3.91 %),0,0,0,0,6811512,2.75
28/07/2017,0,0,11.95(0.00 %),0,0,0,0,6811512,2.75
31/07/2017,0,0,11.9(-0.42 %),0,0,0,0,6811512,2.75
01/08/2017,0,0,11.8(-0.84 %),0,0,0,0,6811512,2.75
02/08/2017,0,0,11.8(0.00 %),0,0,0,0,6811512,2.75
03/08/2017,0,0,11.8(0.00 %),0,0,0,0,6811512,2.75
04/08/2017,0,0,11.85(0.42 %),0,0,0,0,6811512,2.75
07/08/2017,0,0,11.85(0.00 %),0,0,0,0,6811512,2.75
08/08/2017,0,0,11.85(0.00 %),0,0,0,0,6811512,2.75
09/08/2017,0,0,11.8(-0.42 %),0,0,0,0,6811512,2.75
10/08/2017,0,0,11.8(0.00 %),0,0,0,0,6811512,2.75
11/08/2017,0,0,11.8(0.00 %),0,0,0,0,6811512,2.75
14/08/2017,0,0,11.3(-4.24 %),0,0,0,0,6811512,2.75
15/08/2017,0,0,11.5(1.77 %),0,0,0,0,6811512,2.75
16/08/2017,0,0,11.6(0.87 %),0,0,0,0,6811512,2.75
17/08/2017,0,0,11.6(0.00 %),0,0,0,0,6811512,2.75
18/08/2017,0,0,11.6(0.00 %),0,0,0,0,6811512,2.75
21/08/2017,0,0,11.5(-0.86 %),0,0,0,0,6811512,2.75
22/08/2017,0,0,11(-4.35 %),0,0,0,0,6811512,2.75
23/08/2017,0,0,11.75(6.82 %),0,0,0,0,6811512,2.75
24/08/2017,0,0,11.95(1.70 %),0,0,0,0,6811512,2.75
25/08/2017,0,0,11.8(-1.26 %),0,0,0,0,6811512,2.75
28/08/2017,0,0,11.8(0.00 %),0,0,0,0,6811512,2.75
29/08/2017,0,0,11.8(0.00 %),0,0,0,0,6811512,2.75
30/08/2017,-5860,-69150000,11.8(0.00 %),0,0,5860,69150000,6811512,2.75
31/08/2017,0,0,11.1(-5.93 %),0,0,0,0,6811512,2.75
01/09/2017,0,0,11.85(6.76 %),0,0,0,0,6811512,2.75
05/09/2017,0,0,12.2(2.95 %),0,0,0,0,6817372,2.71
06/09/2017,0,0,12(-1.64 %),0,0,0,0,6817372,2.71
07/09/2017,0,0,12(0.00 %),0,0,0,0,6817372,2.71
08/09/2017,0,0,11.9(-0.83 %),0,0,0,0,6817372,2.71
11/09/2017,0,0,12(0.84 %),0,0,0,0,6817372,2.71
12/09/2017,0,0,11.9(-0.83 %),0,0,0,0,6817372,2.71
13/09/2017,0,0,11.9(0.00 %),0,0,0,0,6817372,2.71
14/09/2017,0,0,11.8(-0.84 %),0,0,0,0,6817372,2.71
15/09/2017,0,0,11.9(0.85 %),0,0,0,0,6817372,2.71
18/09/2017,0,0,11.8(-0.84 %),0,0,0,0,6817372,2.71
19/09/2017,0,0,11.9(0.85 %),0,0,0,0,6817372,2.71
20/09/2017,0,0,12(0.84 %),0,0,0,0,6817372,2.71
21/09/2017,0,0,12(0.00 %),0,0,0,0,6817372,2.71
22/09/2017,0,0,12(0.00 %),0,0,0,0,6817372,2.71
25/09/2017,0,0,12.5(4.17 %),0,0,0,0,6817372,2.71
26/09/2017,200,2470000,12.2(-2.40 %),200,2470000,0,0,6817172,2.71
27/09/2017,0,0,12(-1.64 %),0,0,0,0,6817172,2.71
28/09/2017,10,120000,12.1(0.83 %),10,120000,0,0,6817162,2.71
29/09/2017,0,0,12.1(0.00 %),0,0,0,0,6817162,2.71
02/10/2017,0,0,12.4(2.48 %),0,0,0,0,6817162,2.71
03/10/2017,0,0,13(4.84 %),0,0,0,0,6817162,2.71
04/10/2017,0,0,13.1(0.77 %),0,0,0,0,6817162,2.71
05/10/2017,0,0,12.4(-5.34 %),0,0,0,0,6817162,2.71
06/10/2017,290,3650000,12.6(1.61 %),290,3650000,0,0,6816872,2.71
09/10/2017,0,0,12.8(1.59 %),0,0,0,0,6816872,2.71
10/10/2017,0,0,12.5(-2.34 %),0,0,0,0,6816872,2.71
11/10/2017,0,0,12.2(-2.40 %),0,0,0,0,6816872,2.71
12/10/2017,0,0,12.2(0.00 %),0,0,0,0,6816872,2.71
13/10/2017,0,0,12.55(2.87 %),0,0,0,0,6816872,2.71
16/10/2017,0,0,12.55(0.00 %),0,0,0,0,6816872,2.71
17/10/2017,0,0,13(3.59 %),0,0,0,0,6816872,2.71
18/10/2017,500,6690000,13.4(3.08 %),500,6690000,0,0,6816372,2.72
19/10/2017,0,0,13.55(1.12 %),0,0,0,0,6816372,2.72
20/10/2017,0,0,13.9(2.58 %),0,0,0,0,6816372,2.72
23/10/2017,0,0,13.1(-5.76 %),0,0,0,0,6816372,2.72
24/10/2017,0,0,13.1(0.00 %),0,0,0,0,6816372,2.72
25/10/2017,0,0,13.75(4.96 %),0,0,0,0,6816372,2.72
26/10/2017,0,0,13.75(0.00 %),0,0,0,0,6816372,2.72
27/10/2017,0,0,13.5(-1.82 %),0,0,0,0,6816372,2.72
30/10/2017,0,0,13.5(0.00 %),0,0,0,0,6816372,2.72
31/10/2017,0,0,13.5(0.00 %),0,0,0,0,6816372,2.72
01/11/2017,-2390,-30590000,13.5(0.00 %),0,0,2390,30590000,6816372,2.72
02/11/2017,-620,-7820000,13(-3.70 %),0,0,620,7820000,6816372,2.72
03/11/2017,0,0,13.75(5.77 %),0,0,0,0,6816372,2.72
06/11/2017,0,0,13.75(0.00 %),0,0,0,0,6818762,2.7
07/11/2017,0,0,13.1(-4.73 %),0,0,0,0,6819382,2.7
08/11/2017,0,0,13.1(0.00 %),0,0,0,0,6819382,2.7
09/11/2017,0,0,13.6(3.82 %),0,0,0,0,6819382,2.7
10/11/2017,0,0,13.6(0.00 %),0,0,0,0,6819382,2.7
13/11/2017,0,0,13.4(-1.47 %),0,0,0,0,6819382,2.7
14/11/2017,0,0,13.4(0.00 %),0,0,0,0,6819382,2.7
15/11/2017,0,0,13.5(0.75 %),0,0,0,0,6819382,2.7
16/11/2017,0,0,13.6(0.74 %),0,0,0,0,6819382,2.7
17/11/2017,0,0,12.65(-6.99 %),0,0,0,0,6819382,2.7
20/11/2017,-10,-130000,12.5(-1.19 %),0,0,10,130000,6819382,2.7
21/11/2017,-6340,-74810000,11.8(-5.60 %),0,0,6340,74810000,6819382,2.7
22/11/2017,0,0,12.6(6.78 %),0,0,0,0,6819382,2.7
23/11/2017,0,0,12(-4.76 %),0,0,0,0,6819392,2.7
24/11/2017,1780,21360000,12(0.00 %),1780,21360000,0,0,6823952,2.67
27/11/2017,2640,32640000,12.3(2.50 %),3300,40560000,660,7920000,6820652,2.69
28/11/2017,0,0,12.5(1.63 %),0,0,0,0,6820652,2.69
29/11/2017,0,0,12.9(3.20 %),0,0,0,0,6820652,2.69
30/11/2017,0,0,12.5(-3.10 %),0,0,0,0,6821312,2.68
01/12/2017,0,0,12(-4.00 %),0,0,0,0,6821312,2.68
04/12/2017,0,0,12.5(4.17 %),0,0,0,0,6821312,2.68
05/12/2017,0,0,12.5(0.00 %),0,0,0,0,6821312,2.68
06/12/2017,-200,-2350000,11.75(-6.00 %),0,0,200,2350000,6821312,2.68
07/12/2017,0,0,12.55(6.81 %),0,0,0,0,6821312,2.68
08/12/2017,0,0,12.55(0.00 %),0,0,0,0,6821312,2.68
11/12/2017,0,0,13(3.59 %),0,0,0,0,6821512,2.68
12/12/2017,0,0,12.1(-6.92 %),0,0,0,0,6821512,2.68
13/12/2017,0,0,12.1(0.00 %),0,0,0,0,6821512,2.68
14/12/2017,0,0,12.1(0.00 %),0,0,0,0,6821512,2.68
15/12/2017,0,0,11.6(-4.13 %),0,0,0,0,6821512,2.68
18/12/2017,0,0,12.2(5.17 %),0,0,0,0,6821512,2.68
19/12/2017,0,0,12.2(0.00 %),0,0,0,0,6821512,2.68
20/12/2017,0,0,12.2(0.00 %),0,0,0,0,6821512,2.68
21/12/2017,0,0,12.2(0.00 %),0,0,0,0,6821512,2.68
22/12/2017,0,0,11.35(-6.97 %),0,0,0,0,6821512,2.68
25/12/2017,0,0,12.1(6.61 %),0,0,0,0,6821512,2.68
26/12/2017,0,0,12.8(5.79 %),0,0,0,0,6821512,2.68
27/12/2017,0,0,13(1.56 %),0,0,0,0,6821512,2.68
28/12/2017,0,0,13(0.00 %),0,0,0,0,6821512,2.68
29/12/2017,0,0,12.9(-0.77 %),0,0,0,0,6821512,2.68
02/01/2018,0,0,12.8(-0.78 %),0,0,0,0,6821512,2.68
03/01/2018,0,0,12.7(-0.78 %),0,0,0,0,6821512,2.68
04/01/2018,-90,-1070000,11.85(-6.69 %),0,0,90,1070000,6821512,2.68
05/01/2018,0,0,11.9(0.42 %),0,0,0,0,6821512,2.68
08/01/2018,0,0,12.5(5.04 %),0,0,0,0,6821512,2.68
09/01/2018,0,0,12.5(0.00 %),0,0,0,0,6821602,2.68
10/01/2018,0,0,12(-4.00 %),0,0,0,0,6821602,2.68
11/01/2018,-10000,-112680000,11.9(-0.83 %),0,0,10000,112680000,6821602,2.68
12/01/2018,0,0,11.9(0.00 %),0,0,0,0,6821602,2.68
15/01/2018,0,0,11.9(0.00 %),0,0,0,0,6821602,2.68
16/01/2018,-2340,-25970000,11.8(-0.84 %),0,0,2340,25970000,6831602,2.61
17/01/2018,0,0,11.9(0.85 %),0,0,0,0,6831602,2.61
18/01/2018,0,0,11.9(0.00 %),0,0,0,0,6831602,2.61
19/01/2018,0,0,11.8(-0.84 %),0,0,0,0,6833942,2.6
22/01/2018,0,0,11.8(0.00 %),0,0,0,0,6833942,2.6
25/01/2018,0,0,11.7(-0.85 %),0,0,0,0,6833942,2.6
26/01/2018,1200,13200000,10.9(-6.84 %),1200,13200000,0,0,6832742,2.61
29/01/2018,0,0,10.9(0.00 %),0,0,0,0,6832742,2.61
30/01/2018,0,0,10.3(-5.50 %),0,0,0,0,6832742,2.61
31/01/2018,0,0,10.3(0.00 %),0,0,0,0,6832742,2.61
01/02/2018,0,0,10.9(5.83 %),0,0,0,0,6832742,2.61
02/02/2018,700,8050000,11.2(2.75 %),700,8050000,0,0,6832042,2.61
05/02/2018,0,0,10.8(-3.57 %),0,0,0,0,6832042,2.61
06/02/2018,-800,-8040000,11.15(3.24 %),0,0,800,8040000,6832042,2.61
07/02/2018,0,0,11.8(5.83 %),0,0,0,0,6832042,2.61
08/02/2018,0,0,11.8(0.00 %),0,0,0,0,6832042,2.61
09/02/2018,0,0,11(-6.78 %),0,0,0,0,6832842,2.61
12/02/2018,0,0,10.4(-5.45 %),0,0,0,0,6832842,2.61
13/02/2018,0,0,10(-3.85 %),0,0,0,0,6832842,2.61
21/02/2018,-200,-2000000,10.1(1.00 %),0,0,200,2000000,6832842,2.61
22/02/2018,0,0,10(-0.99 %),0,0,0,0,6832842,2.61
23/02/2018,0,0,10.6(6.00 %),0,0,0,0,6832842,2.61
26/02/2018,0,0,10.5(-0.94 %),0,0,0,0,6833042,2.61
27/02/2018,0,0,10.5(0.00 %),0,0,0,0,6833042,2.61
28/02/2018,0,0,10.4(-0.95 %),0,0,0,0,6833042,2.61
01/03/2018,0,0,10.7(2.88 %),0,0,0,0,6833042,2.61
02/03/2018,0,0,10.6(-0.93 %),0,0,0,0,6833042,2.61
05/03/2018,0,0,10.5(-0.94 %),0,0,0,0,6833042,2.61
06/03/2018,0,0,10.6(0.95 %),0,0,0,0,6833042,2.61
07/03/2018,0,0,10.6(0.00 %),0,0,0,0,6833042,2.61
08/03/2018,0,0,10.7(0.94 %),0,0,0,0,6833042,2.61
09/03/2018,0,0,11(2.80 %),0,0,0,0,6833042,2.61
12/03/2018,0,0,11(0.00 %),0,0,0,0,6833042,2.61
13/03/2018,0,0,10.9(-0.91 %),0,0,0,0,6833042,2.61
14/03/2018,200,2180000,10.9(0.00 %),200,2180000,0,0,6832842,2.61
15/03/2018,0,0,10.9(0.00 %),0,0,0,0,6832842,2.61
16/03/2018,0,0,10.5(-3.67 %),0,0,0,0,6832842,2.61
19/03/2018,0,0,11.2(6.67 %),0,0,0,0,6832842,2.61
20/03/2018,0,0,11.2(0.00 %),0,0,0,0,6832842,2.61
21/03/2018,0,0,11(-1.79 %),0,0,0,0,6832842,2.61
22/03/2018,0,0,10.9(-0.91 %),0,0,0,0,6832842,2.61
23/03/2018,0,0,10.9(0.00 %),0,0,0,0,6832842,2.61
26/03/2018,0,0,10.8(-0.92 %),0,0,0,0,6832842,2.61
27/03/2018,0,0,11.55(6.94 %),0,0,0,0,6832842,2.61
28/03/2018,0,0,10.75(-6.93 %),0,0,0,0,6832842,2.61
29/03/2018,0,0,10.9(1.40 %),0,0,0,0,6832842,2.61
30/03/2018,0,0,10.15(-6.88 %),0,0,0,0,6832842,2.61
02/04/2018,0,0,10.15(0.00 %),0,0,0,0,6832842,2.61
03/04/2018,0,0,9.61(-5.32 %),0,0,0,0,6832842,2.61
04/04/2018,0,0,10.2(6.14 %),0,0,0,0,6832842,2.61
05/04/2018,0,0,9.6(-5.88 %),0,0,0,0,6832842,2.61
06/04/2018,0,0,9.6(0.00 %),0,0,0,0,6832842,2.61
09/04/2018,0,0,8.94(-6.88 %),0,0,0,0,6832842,2.61
10/04/2018,-300,-2610000,9.56(6.94 %),0,0,300,2610000,6832842,2.61
11/04/2018,0,0,9.26(-3.14 %),0,0,0,0,6832842,2.61
12/04/2018,0,0,9.8(5.83 %),0,0,0,0,6832842,2.61
13/04/2018,0,0,9.5(-3.06 %),0,0,0,0,6833142,2.6
16/04/2018,0,0,8.84(-6.95 %),0,0,0,0,6833142,2.6
17/04/2018,0,0,9.4(6.33 %),0,0,0,0,6833142,2.6
18/04/2018,0,0,9.4(0.00 %),0,0,0,0,6833142,2.6
19/04/2018,0,0,9.8(4.26 %),0,0,0,0,6833142,2.6
20/04/2018,0,0,9.12(-6.94 %),0,0,0,0,6833142,2.6
23/04/2018,0,0,9.65(5.81 %),0,0,0,0,6833142,2.6
24/04/2018,0,0,8.98(-6.94 %),0,0,0,0,6833142,2.6
26/04/2018,0,0,8.36(-6.90 %),0,0,0,0,6833142,2.6
27/04/2018,0,0,8.6(2.87 %),0,0,0,0,6833142,2.6
02/05/2018,0,0,8(-6.98 %),0,0,0,0,6833142,2.6
03/05/2018,0,0,8(0.00 %),0,0,0,0,6833142,2.6
04/05/2018,0,0,7.89(-1.38 %),0,0,0,0,6833142,2.6
07/05/2018,0,0,7.99(1.27 %),0,0,0,0,6833142,2.6
08/05/2018,0,0,8.49(6.26 %),0,0,0,0,6833142,2.6
09/05/2018,0,0,7.9(-6.95 %),0,0,0,0,6833142,2.6
10/05/2018,0,0,7.36(-6.84 %),0,0,0,0,6833142,2.6
11/05/2018,0,0,7.84(6.52 %),0,0,0,0,6833142,2.6
14/05/2018,0,0,7.31(-6.76 %),0,0,0,0,6833142,2.6
15/05/2018,-15720,-106900000,6.8(-6.98 %),0,0,15720,106900000,6833142,2.6
16/05/2018,0,0,7.26(6.76 %),0,0,0,0,6833142,2.6
17/05/2018,-1670,-11360000,6.8(-6.34 %),0,0,1670,11360000,6833142,2.6
18/05/2018,0,0,6.4(-5.88 %),0,0,0,0,6848862,2.5
21/05/2018,-3070,-18420000,6.84(6.87 %),0,0,3070,18420000,6848862,2.5
22/05/2018,0,0,6.37(-6.87 %),0,0,0,0,6850532,2.49
23/05/2018,0,0,6.6(3.61 %),0,0,0,0,6850532,2.49
24/05/2018,0,0,6.5(-1.52 %),0,0,0,0,6853602,2.47
25/05/2018,0,0,6.76(4.00 %),0,0,0,0,6853602,2.47
28/05/2018,0,0,6.9(2.07 %),0,0,0,0,6853602,2.47
29/05/2018,0,0,6.42(-6.96 %),0,0,0,0,6853602,2.47
30/05/2018,0,0,6.85(6.70 %),0,0,0,0,6853602,2.47
31/05/2018,0,0,6.38(-6.86 %),0,0,0,0,6853602,2.47
01/06/2018,0,0,6.38(0.00 %),0,0,0,0,6853602,2.47
04/06/2018,0,0,6.38(0.00 %),0,0,0,0,6853602,2.47
05/06/2018,0,0,6.8(6.58 %),0,0,0,0,6853602,2.47
06/06/2018,0,0,6.33(-6.91 %),0,0,0,0,6853602,2.47
07/06/2018,0,0,6(-5.21 %),0,0,0,0,6853602,2.47
08/06/2018,0,0,6.1(1.67 %),0,0,0,0,6853602,2.47
11/06/2018,5000,32150000,6.3(3.28 %),5000,32150000,0,0,6848602,2.5
12/06/2018,0,0,6.3(0.00 %),0,0,0,0,6848602,2.5
13/06/2018,0,0,6.59(4.60 %),0,0,0,0,6848602,2.5
14/06/2018,0,0,6.2(-5.92 %),0,0,0,0,6848602,2.5
15/06/2018,0,0,6.62(6.77 %),0,0,0,0,6848602,2.5
18/06/2018,0,0,6.33(-4.38 %),0,0,0,0,6848602,2.5
19/06/2018,0,0,6.5(2.69 %),0,0,0,0,6848602,2.5
20/06/2018,0,0,6.5(0.00 %),0,0,0,0,6848602,2.5
21/06/2018,0,0,6.3(-3.08 %),0,0,0,0,6848602,2.5
22/06/2018,0,0,6.3(0.00 %),0,0,0,0,6848602,2.5
25/06/2018,0,0,6.3(0.00 %),0,0,0,0,6848602,2.5
26/06/2018,0,0,6.3(0.00 %),0,0,0,0,6848602,2.5
27/06/2018,0,0,6.3(0.00 %),0,0,0,0,6848602,2.5
28/06/2018,0,0,6.3(0.00 %),0,0,0,0,6848602,2.5
29/06/2018,0,0,6.59(4.60 %),0,0,0,0,6848602,2.5
02/07/2018,0,0,6.59(0.00 %),0,0,0,0,6848602,2.5
03/07/2018,0,0,6.5(-1.37 %),0,0,0,0,6848602,2.5
04/07/2018,2000,12100000,6.05(-6.92 %),2000,12100000,0,0,6846602,2.51
05/07/2018,0,0,6.05(0.00 %),0,0,0,0,6846602,2.51
06/07/2018,0,0,6(-0.83 %),0,0,0,0,6846602,2.51
09/07/2018,0,0,5.8(-3.33 %),0,0,0,0,6846602,2.51
10/07/2018,0,0,5.8(0.00 %),0,0,0,0,6846602,2.51
11/07/2018,0,0,5.8(0.00 %),0,0,0,0,6846602,2.51
12/07/2018,0,0,5.8(0.00 %),0,0,0,0,6846602,2.51
13/07/2018,0,0,6.19(6.72 %),0,0,0,0,6846602,2.51
16/07/2018,0,0,6.3(1.78 %),0,0,0,0,6846602,2.51
17/07/2018,0,0,5.88(-6.67 %),0,0,0,0,6846602,2.51
18/07/2018,0,0,6.28(6.80 %),0,0,0,0,6846602,2.51
19/07/2018,0,0,5.88(-6.37 %),0,0,0,0,6846602,2.51
20/07/2018,0,0,6.28(6.80 %),0,0,0,0,6846602,2.51
23/07/2018,10,58500,5.85(-6.85 %),10,58500,0,0,6846592,2.51
24/07/2018,0,0,5.85(0.00 %),0,0,0,0,6846592,2.51
25/07/2018,0,0,5.85(0.00 %),0,0,0,0,6846592,2.51
26/07/2018,20,120000,5.85(0.00 %),20,120000,0,0,6846572,2.51
27/07/2018,0,0,5.86(0.17 %),0,0,0,0,6846572,2.51
30/07/2018,0,0,5.86(0.00 %),0,0,0,0,6846572,2.51
31/07/2018,-30,-175800,6.04(3.07 %),0,0,30,175800,6846602,2.51
01/08/2018,0,0,5.86(-2.98 %),0,0,0,0,6789882,2.9
02/08/2018,0,0,5.55(-5.29 %),0,0,0,0,6846572,2.51
03/08/2018,0,0,5.93(6.85 %),0,0,0,0,6846602,2.51
06/08/2018,0,0,6(1.18 %),0,0,0,0,6846602,2.51
07/08/2018,0,0,6.19(3.17 %),0,0,0,0,6846602,2.51
08/08/2018,0,0,6.2(0.16 %),0,0,0,0,6846602,2.51
09/08/2018,0,0,6.25(0.81 %),0,0,0,0,6846602,2.51
10/08/2018,0,0,6.6(5.60 %),0,0,0,0,6846602,2.51
13/08/2018,0,0,6.85(3.79 %),0,0,0,0,6846602,2.51
14/08/2018,0,0,6.5(-5.11 %),0,0,0,0,6846602,2.51
15/08/2018,0,0,6.95(6.92 %),0,0,0,0,6846602,2.51
16/08/2018,0,0,6.47(-6.91 %),0,0,0,0,6846602,2.51
17/08/2018,0,0,6.4(-1.08 %),0,0,0,0,6846602,2.51
20/08/2018,0,0,6.4(0.00 %),0,0,0,0,6846602,2.51
21/08/2018,-50,-310000,6.1(-4.69 %),0,0,50,310000,6846602,2.51
22/08/2018,0,0,6.1(0.00 %),0,0,0,0,6846599,2.51
23/08/2018,-100,-570000,6.09(-0.16 %),0,0,100,570000,6846599,2.51
24/08/2018,0,0,6.51(6.90 %),0,0,0,0,6846599,2.51
27/08/2018,0,0,6.51(0.00 %),0,0,0,0,6846649,2.51
28/08/2018,0,0,6.89(5.84 %),0,0,0,0,6846749,2.51
29/08/2018,0,0,6.96(1.02 %),0,0,0,0,6846749,2.51
30/08/2018,0,0,6.7(-3.74 %),0,0,0,0,6846749,2.51
31/08/2018,0,0,6.9(2.99 %),0,0,0,0,6846749,2.51
04/09/2018,0,0,6.9(0.00 %),0,0,0,0,6789882,2.9
05/09/2018,0,0,6.43(-6.81 %),0,0,0,0,6846749,2.51
06/09/2018,0,0,6.6(2.64 %),0,0,0,0,6846749,2.51
07/09/2018,0,0,6.14(-6.97 %),0,0,0,0,6846749,2.51
10/09/2018,0,0,6.15(0.16 %),0,0,0,0,6846749,2.51
11/09/2018,0,0,6.49(5.53 %),0,0,0,0,6846749,2.51
12/09/2018,0,0,6.49(0.00 %),0,0,0,0,6846749,2.51
13/09/2018,0,0,6.59(1.54 %),0,0,0,0,6846749,2.51
14/09/2018,0,0,6.59(0.00 %),0,0,0,0,6846753,2.51
17/09/2018,0,0,6.6(0.15 %),0,0,0,0,6846753,2.51
18/09/2018,0,0,6.6(0.00 %),0,0,0,0,6846753,2.51
19/09/2018,0,0,6.6(0.00 %),0,0,0,0,6846753,2.51
20/09/2018,0,0,6.39(-3.18 %),0,0,0,0,6846753,2.51
21/09/2018,0,0,6.75(5.63 %),0,0,0,0,6846753,2.51
24/09/2018,50,325000,6.5(-3.70 %),50,325000,0,0,6846703,2.51
25/09/2018,0,0,6.5(0.00 %),0,0,0,0,6846703,2.51
26/09/2018,0,0,6.8(4.62 %),0,0,0,0,6846703,2.51
27/09/2018,0,0,6.4(-5.88 %),0,0,0,0,6846703,2.51
28/09/2018,-50,-330000,6.75(5.47 %),0,0,50,330000,6846753,2.51
01/10/2018,0,0,6.74(-0.15 %),0,0,0,0,6846697,2.51
02/10/2018,0,0,6.7(-0.59 %),0,0,0,0,6846697,2.51
03/10/2018,300,2120000,6.5(-2.99 %),300,2120000,0,0,6846447,2.51
04/10/2018,200,1300000,6.89(6.00 %),200,1300000,0,0,6846247,2.52
05/10/2018,0,0,6.41(-6.97 %),0,0,0,0,6846247,2.52
08/10/2018,0,0,6.41(0.00 %),0,0,0,0,6846247,2.52
09/10/2018,0,0,6.78(5.77 %),0,0,0,0,6846247,2.52
10/10/2018,0,0,6.9(1.77 %),0,0,0,0,6846247,2.52
11/10/2018,0,0,6.42(-6.96 %),0,0,0,0,6846247,2.52
12/10/2018,0,0,6.42(0.00 %),0,0,0,0,6846247,2.52
15/10/2018,0,0,5.99(-6.70 %),0,0,0,0,6846247,2.52
16/10/2018,0,0,6.1(1.84 %),0,0,0,0,6846247,2.52
17/10/2018,0,0,5.8(-4.92 %),0,0,0,0,6846247,2.52
18/10/2018,0,0,5.8(0.00 %),0,0,0,0,6846247,2.52
19/10/2018,0,0,6.19(6.72 %),0,0,0,0,6846247,2.52
22/10/2018,0,0,6.58(6.30 %),0,0,0,0,6846247,2.52
23/10/2018,0,0,6.99(6.23 %),0,0,0,0,6846247,2.52
24/10/2018,0,0,6.51(-6.87 %),0,0,0,0,6846247,2.52
25/10/2018,0,0,6.06(-6.91 %),0,0,0,0,6846247,2.52
26/10/2018,0,0,6.06(0.00 %),0,0,0,0,6846247,2.52
29/10/2018,0,0,6.05(-0.17 %),0,0,0,0,6846247,2.52
30/10/2018,0,0,6.04(-0.17 %),0,0,0,0,6846247,2.52
31/10/2018,0,0,6.04(0.00 %),0,0,0,0,6846247,2.52
01/11/2018,0,0,6.34(4.97 %),0,0,0,0,6846247,2.52
02/11/2018,-20130,-118767000,5.91(-6.78 %),0,0,20130,118767000,6866377,2.38
05/11/2018,0,0,5.6(-5.25 %),0,0,0,0,6846247,2.52
06/11/2018,0,0,5.98(6.79 %),0,0,0,0,6846247,2.52
07/11/2018,0,0,5.98(0.00 %),0,0,0,0,6866377,2.38
08/11/2018,0,0,5.98(0.00 %),0,0,0,0,6866377,2.38
09/11/2018,0,0,5.98(0.00 %),0,0,0,0,6866377,2.38
12/11/2018,0,0,5.98(0.00 %),0,0,0,0,6866377,2.38
13/11/2018,0,0,5.98(0.00 %),0,0,0,0,6866377,2.38
14/11/2018,0,0,5.98(0.00 %),0,0,0,0,6866377,2.38
15/11/2018,0,0,5.98(0.00 %),0,0,0,0,6866377,2.38
16/11/2018,-1000,-5610000,6.38(6.69 %),0,0,1000,5610000,6866377,2.38
19/11/2018,0,0,6.81(6.74 %),0,0,0,0,6866377,2.38
20/11/2018,0,0,6.34(-6.90 %),0,0,0,0,6866377,2.38
21/11/2018,0,0,6(-5.36 %),0,0,0,0,6867377,2.37
22/11/2018,0,0,5.98(-0.33 %),0,0,0,0,6867377,2.37
23/11/2018,0,0,5.58(-6.69 %),0,0,0,0,6867377,2.37
26/11/2018,0,0,5.58(0.00 %),0,0,0,0,6867377,2.37
27/11/2018,0,0,5.93(6.27 %),0,0,0,0,6867377,2.37
28/11/2018,0,0,5.53(-6.75 %),0,0,0,0,6867377,2.37
29/11/2018,0,0,5.91(6.87 %),0,0,0,0,6867377,2.37
30/11/2018,0,0,5.99(1.35 %),0,0,0,0,6867377,2.37
03/12/2018,0,0,5.99(0.00 %),0,0,0,0,6867377,2.37
04/12/2018,0,0,5.61(-6.34 %),0,0,0,0,6867377,2.37
05/12/2018,500,2995000,5.99(6.77 %),500,2995000,0,0,6866877,2.38
06/12/2018,0,0,5.9(-1.50 %),0,0,0,0,6866877,2.38
07/12/2018,0,0,5.99(1.53 %),0,0,0,0,6866877,2.38
10/12/2018,0,0,5.62(-6.18 %),0,0,0,0,6866877,2.38
11/12/2018,0,0,5.62(0.00 %),0,0,0,0,6866877,2.38
12/12/2018,0,0,5.62(0.00 %),0,0,0,0,6866877,2.38
13/12/2018,-300,-1686000,5.37(-4.45 %),0,0,300,1686000,6867177,2.37
14/12/2018,0,0,5.37(0.00 %),0,0,0,0,6867177,2.37
17/12/2018,0,0,5.37(0.00 %),0,0,0,0,6867177,2.37
18/12/2018,0,0,5.55(3.35 %),0,0,0,0,6867177,2.37
19/12/2018,0,0,5.55(0.00 %),0,0,0,0,6867177,2.37
20/12/2018,0,0,5.55(0.00 %),0,0,0,0,6867177,2.37
21/12/2018,0,0,5.51(-0.72 %),0,0,0,0,6867177,2.37
24/12/2018,0,0,5.51(0.00 %),0,0,0,0,6867177,2.37
25/12/2018,0,0,5.51(0.00 %),0,0,0,0,6867177,2.37
26/12/2018,0,0,5.51(0.00 %),0,0,0,0,6867177,2.37
27/12/2018,0,0,5.49(-0.36 %),0,0,0,0,6867177,2.37
28/12/2018,0,0,5.49(0.00 %),0,0,0,0,6867177,2.37
02/01/2019,0,0,5.49(0.00 %),0,0,0,0,6867177,2.37
03/01/2019,0,0,5.5(0.18 %),0,0,0,0,6867177,2.37
04/01/2019,0,0,5.74(4.36 %),0,0,0,0,6867177,2.37
07/01/2019,0,0,5.74(0.00 %),0,0,0,0,6867177,2.37
08/01/2019,0,0,5.34(-6.97 %),0,0,0,0,6867177,2.37
09/01/2019,0,0,5.65(5.81 %),0,0,0,0,6867177,2.37
10/01/2019,0,0,5.94(5.13 %),0,0,0,0,6867177,2.37
11/01/2019,0,0,5.53(-6.90 %),0,0,0,0,6867177,2.37
14/01/2019,0,0,5.88(6.33 %),0,0,0,0,6867177,2.37
15/01/2019,0,0,5.8(-1.36 %),0,0,0,0,6867177,2.37
16/01/2019,0,0,5.77(-0.52 %),0,0,0,0,6867177,2.37
17/01/2019,0,0,5.38(-6.76 %),0,0,0,0,6867177,2.37
18/01/2019,0,0,5.3(-1.49 %),0,0,0,0,6867177,2.37
21/01/2019,0,0,4.94(-6.79 %),0,0,0,0,6867177,2.37
22/01/2019,0,0,4.6(-6.88 %),0,0,0,0,6867177,2.37
23/01/2019,0,0,4.92(6.96 %),0,0,0,0,6867177,2.37
24/01/2019,0,0,5.25(6.71 %),0,0,0,0,6867177,2.37
25/01/2019,0,0,4.89(-6.86 %),0,0,0,0,6867177,2.37
28/01/2019,0,0,5.21(6.54 %),0,0,0,0,6867177,2.37
29/01/2019,0,0,4.85(-6.91 %),0,0,0,0,6867177,2.37
30/01/2019,0,0,4.85(0.00 %),0,0,0,0,6867177,2.37
31/01/2019,0,0,4.52(-6.80 %),0,0,0,0,6867177,2.37
01/02/2019,0,0,4.52(0.00 %),0,0,0,0,0,0.0
11/02/2019,0,0,4.5(-0.44 %),0,0,0,0,6867177,2.37
12/02/2019,0,0,4.5(0.00 %),0,0,0,0,6867177,2.37
13/02/2019,0,0,4.81(6.89 %),0,0,0,0,6867177,2.37
14/02/2019,0,0,4.81(0.00 %),0,0,0,0,6867177,2.37
15/02/2019,0,0,5.13(6.65 %),0,0,0,0,6867177,2.37
18/02/2019,0,0,5.45(6.24 %),0,0,0,0,6867177,2.37
19/02/2019,0,0,5.69(4.40 %),0,0,0,0,6867177,2.37
20/02/2019,0,0,5.3(-6.85 %),0,0,0,0,6867177,2.37
21/02/2019,0,0,5.4(1.89 %),0,0,0,0,6867177,2.37
22/02/2019,0,0,5.1(-5.56 %),0,0,0,0,6867177,2.37
25/02/2019,0,0,5.2(1.96 %),0,0,0,0,6867177,2.37
26/02/2019,0,0,5(-3.85 %),0,0,0,0,6867177,2.37
27/02/2019,0,0,5(0.00 %),0,0,0,0,6867177,2.37
28/02/2019,0,0,5(0.00 %),0,0,0,0,6867177,2.37
01/03/2019,0,0,5.08(1.60 %),0,0,0,0,6867177,2.37
04/03/2019,0,0,5.08(0.00 %),0,0,0,0,6867177,2.37
05/03/2019,0,0,5.39(6.10 %),0,0,0,0,6867177,2.37
06/03/2019,0,0,5.39(0.00 %),0,0,0,0,6867177,2.37
07/03/2019,0,0,5.39(0.00 %),0,0,0,0,6867177,2.37
08/03/2019,0,0,5.45(1.11 %),0,0,0,0,6867177,2.37
11/03/2019,0,0,5.5(0.92 %),0,0,0,0,6867177,2.37
12/03/2019,0,0,5.5(0.00 %),0,0,0,0,6867177,2.37
13/03/2019,0,0,5.5(0.00 %),0,0,0,0,6867177,2.37
14/03/2019,0,0,5.5(0.00 %),0,0,0,0,6867177,2.37
15/03/2019,0,0,5.5(0.00 %),0,0,0,0,6867177,2.37
18/03/2019,0,0,5.5(0.00 %),0,0,0,0,6867177,2.37
19/03/2019,0,0,5.88(6.91 %),0,0,0,0,6867177,2.37
20/03/2019,0,0,6.29(6.97 %),0,0,0,0,6867177,2.37
21/03/2019,10,58500,5.85(-7.00 %),10,58500,0,0,6867167,2.37
22/03/2019,0,0,5.5(-5.98 %),0,0,0,0,6867167,2.37
25/03/2019,0,0,5.5(0.00 %),0,0,0,0,6867167,2.37
26/03/2019,20,100000,5.12(-6.91 %),20,100000,0,0,6867147,2.37
27/03/2019,0,0,5.47(6.84 %),0,0,0,0,6867147,2.37
28/03/2019,0,0,5.85(6.95 %),0,0,0,0,6867147,2.37
29/03/2019,0,0,6.25(6.84 %),0,0,0,0,6867147,2.37
01/04/2019,0,0,6.25(0.00 %),0,0,0,0,6867147,2.37
02/04/2019,-3000,-18000000,6(-4.00 %),0,0,3000,18000000,6867147,2.37
03/04/2019,-400,-2360000,5.9(-1.67 %),0,0,400,2360000,6867147,2.37
04/04/2019,0,0,6.31(6.95 %),0,0,0,0,6870547,2.35
05/04/2019,0,0,6.31(0.00 %),0,0,0,0,6870177,2.35
08/04/2019,0,0,6.31(0.00 %),0,0,0,0,6870547,2.35
09/04/2019,-650,-3900000,6.75(6.97 %),0,0,650,3900000,6870577,2.35
10/04/2019,-700,-4420000,6.98(3.41 %),0,0,700,4420000,6870577,2.35
11/04/2019,0,0,6.98(0.00 %),0,0,0,0,6871897,2.34
12/04/2019,0,0,6.98(0.00 %),0,0,0,0,6871897,2.34
16/04/2019,-100,-710000,7.09(1.58 %),0,0,100,710000,6871997,2.34
17/04/2019,-10,-70000,6.6(-6.91 %),0,0,10,70000,6871927,2.34
18/04/2019,0,0,6.14(-6.97 %),0,0,0,0,6872007,2.34
19/04/2019,0,0,5.72(-6.84 %),0,0,0,0,6872007,2.34
22/04/2019,0,0,6(4.90 %),0,0,0,0,6872037,2.34
23/04/2019,0,0,6(0.00 %),0,0,0,0,6872037,2.34
24/04/2019,0,0,6.42(7.00 %),0,0,0,0,6872037,2.34
25/04/2019,0,0,6.42(0.00 %),0,0,0,0,6872007,2.34
26/04/2019,0,0,6.42(0.00 %),0,0,0,0,6872007,2.34
02/05/2019,0,0,6.39(-0.47 %),0,0,0,0,6872037,2.34
03/05/2019,0,0,6.83(6.89 %),0,0,0,0,6872037,2.34
06/05/2019,-100,-686000,7.09(3.81 %),0,0,100,686000,6872137,2.34
07/05/2019,0,0,6.6(-6.91 %),0,0,0,0,6872037,2.34
08/05/2019,0,0,6.14(-6.97 %),0,0,0,0,6872037,2.34
09/05/2019,0,0,6.56(6.84 %),0,0,0,0,6872137,2.34
10/05/2019,0,0,7(6.71 %),0,0,0,0,6872137,2.34
13/05/2019,0,0,7(0.00 %),0,0,0,0,6872137,2.34
14/05/2019,0,0,7(0.00 %),0,0,0,0,6872137,2.34
15/05/2019,0,0,7(0.00 %),0,0,0,0,6872137,2.34
16/05/2019,0,0,6.8(-2.86 %),0,0,0,0,6872137,2.34
17/05/2019,0,0,7(2.94 %),0,0,0,0,6872137,2.34
20/05/2019,0,0,6.51(-7.00 %),0,0,0,0,6872137,2.34
21/05/2019,0,0,6.89(5.84 %),0,0,0,0,6872137,2.34
22/05/2019,0,0,7.2(4.50 %),0,0,0,0,6872137,2.34
23/05/2019,0,0,7.2(0.00 %),0,0,0,0,6872137,2.34
24/05/2019,0,0,7.01(-2.64 %),0,0,0,0,6872137,2.34
27/05/2019,0,0,7.4(5.56 %),0,0,0,0,6872137,2.34
28/05/2019,0,0,7.1(-4.05 %),0,0,0,0,6872137,2.34
29/05/2019,0,0,6.89(-2.96 %),0,0,0,0,6872137,2.34
30/05/2019,0,0,6.81(-1.16 %),0,0,0,0,6872137,2.34
31/05/2019,0,0,7.27(6.75 %),0,0,0,0,6872137,2.34
03/06/2019,0,0,7.27(0.00 %),0,0,0,0,6872137,2.34
04/06/2019,0,0,6.77(-6.88 %),0,0,0,0,6872137,2.34
05/06/2019,0,0,7.23(6.79 %),0,0,0,0,6872137,2.34
06/06/2019,0,0,7.3(0.97 %),0,0,0,0,6872137,2.34
07/06/2019,0,0,7.45(2.05 %),0,0,0,0,6872137,2.34
10/06/2019,-900,-6735000,7.5(0.67 %),0,0,900,6735000,6873037,2.33
11/06/2019,0,0,7.9(5.33 %),0,0,0,0,6872137,2.34
12/06/2019,0,0,7.5(-5.06 %),0,0,0,0,6872137,2.34
13/06/2019,0,0,7.9(5.33 %),0,0,0,0,6873037,2.33
14/06/2019,0,0,7.7(-2.53 %),0,0,0,0,6873037,2.33
17/06/2019,0,0,7.7(0.00 %),0,0,0,0,6873037,2.33
18/06/2019,0,0,7.7(0.00 %),0,0,0,0,6872137,2.34
19/06/2019,0,0,7.7(0.00 %),0,0,0,0,6873037,2.33
20/06/2019,0,0,7.7(0.00 %),0,0,0,0,6873037,2.33
21/06/2019,0,0,7.74(0.52 %),0,0,0,0,6872137,2.34
24/06/2019,0,0,7.7(-0.52 %),0,0,0,0,6872137,2.34
25/06/2019,0,0,7.51(-2.47 %),0,0,0,0,6872137,2.34
26/06/2019,0,0,7.11(-5.33 %),0,0,0,0,6873037,2.33
27/06/2019,0,0,6.67(-6.19 %),0,0,0,0,6873037,2.33
28/06/2019,0,0,7.13(6.90 %),0,0,0,0,6872137,2.34
01/07/2019,0,0,6.81(-4.49 %),0,0,0,0,6873037,2.33
02/07/2019,0,0,6.81(0.00 %),0,0,0,0,6873037,2.33
03/07/2019,0,0,6.36(-6.61 %),0,0,0,0,6873037,2.33
04/07/2019,0,0,6.8(6.92 %),0,0,0,0,6873037,2.33
05/07/2019,0,0,6.8(0.00 %),0,0,0,0,6873037,2.33
08/07/2019,0,0,6.36(-6.47 %),0,0,0,0,6873037,2.33
09/07/2019,0,0,6.8(6.92 %),0,0,0,0,6873037,2.33
10/07/2019,0,0,6.84(0.59 %),0,0,0,0,6873037,2.33
11/07/2019,0,0,6.83(-0.15 %),0,0,0,0,6873037,2.33
12/07/2019,0,0,6.91(1.17 %),0,0,0,0,6873037,2.33
15/07/2019,0,0,6.49(-6.08 %),0,0,0,0,6873037,2.33
16/07/2019,0,0,6.18(-4.78 %),0,0,0,0,6873037,2.33
17/07/2019,0,0,6.61(6.96 %),0,0,0,0,6873037,2.33
18/07/2019,0,0,7(5.90 %),0,0,0,0,6873037,2.33
19/07/2019,0,0,7(0.00 %),0,0,0,0,6873037,2.33
22/07/2019,0,0,7(0.00 %),0,0,0,0,6873037,2.33
23/07/2019,0,0,7.04(0.57 %),0,0,0,0,6873037,2.33
24/07/2019,0,0,7.5(6.53 %),0,0,0,0,6873037,2.33
25/07/2019,0,0,8(6.67 %),0,0,0,0,6873037,2.33
26/07/2019,0,0,7.52(-6.00 %),0,0,0,0,6873037,2.33
29/07/2019,0,0,7.5(-0.27 %),0,0,0,0,6873037,2.33
30/07/2019,0,0,7.23(-3.60 %),0,0,0,0,6873037,2.33
31/07/2019,0,0,7.14(-1.24 %),0,0,0,0,6873037,2.33
01/08/2019,0,0,7.1(-0.56 %),0,0,0,0,6873037,2.33
02/08/2019,0,0,7.5(5.63 %),0,0,0,0,6873037,2.33
05/08/2019,0,0,7.5(0.00 %),0,0,0,0,6873037,2.33
06/08/2019,0,0,7.31(-2.53 %),0,0,0,0,6873037,2.33
07/08/2019,0,0,7.1(-2.87 %),0,0,0,0,6873037,2.33
08/08/2019,0,0,7.13(0.42 %),0,0,0,0,6873037,2.33
09/08/2019,0,0,7.13(0.00 %),0,0,0,0,6873037,2.33
12/08/2019,0,0,7.29(2.24 %),0,0,0,0,6873037,2.33
13/08/2019,0,0,7.18(-1.51 %),0,0,0,0,6873037,2.33
14/08/2019,0,0,7.48(4.18 %),0,0,0,0,6873037,2.33
15/08/2019,0,0,7.2(-3.74 %),0,0,0,0,6873037,2.33
16/08/2019,0,0,7.5(4.17 %),0,0,0,0,6873037,2.33
19/08/2019,-190,-1425000,7.5(0.00 %),0,0,190,1425000,6873227,2.33
20/08/2019,0,0,7.5(0.00 %),0,0,0,0,6873037,2.33
21/08/2019,0,0,7.5(0.00 %),0,0,0,0,6873227,2.33
22/08/2019,-110,-830000,7.5(0.00 %),0,0,110,830000,6873227,2.33
23/08/2019,0,0,7.5(0.00 %),0,0,0,0,6873227,2.33
26/08/2019,0,0,7.5(0.00 %),0,0,0,0,6873337,2.33
27/08/2019,0,0,7.5(0.00 %),0,0,0,0,6873337,2.33
28/08/2019,0,0,7.2(-4.00 %),0,0,0,0,6873337,2.33
29/08/2019,0,0,6.72(-6.67 %),0,0,0,0,6873337,2.33
30/08/2019,0,0,7(4.17 %),0,0,0,0,6873337,2.33
03/09/2019,0,0,7.49(7.00 %),0,0,0,0,6873337,2.33
04/09/2019,0,0,7.5(0.13 %),0,0,0,0,6873337,2.33
05/09/2019,0,0,7.6(1.33 %),0,0,0,0,6873337,2.33
06/09/2019,0,0,7.7(1.32 %),0,0,0,0,6873337,2.33
09/09/2019,0,0,7.78(1.04 %),0,0,0,0,6873337,2.33
10/09/2019,0,0,8.09(3.98 %),0,0,0,0,6873337,2.33
11/09/2019,0,0,8.08(-0.12 %),0,0,0,0,6873337,2.33
12/09/2019,0,0,7.61(-5.82 %),0,0,0,0,6873337,2.33
13/09/2019,0,0,8.1(6.44 %),0,0,0,0,6873337,2.33
16/09/2019,0,0,7.6(-6.17 %),0,0,0,0,6873337,2.33
17/09/2019,0,0,7.8(2.63 %),0,0,0,0,6873337,2.33
18/09/2019,0,0,7.83(0.38 %),0,0,0,0,6873337,2.33
19/09/2019,0,0,7.99(2.04 %),0,0,0,0,6873337,2.33
20/09/2019,0,0,7.46(-6.63 %),0,0,0,0,6873337,2.33
23/09/2019,0,0,7.47(0.13 %),0,0,0,0,6873337,2.33
24/09/2019,0,0,7.52(0.67 %),0,0,0,0,6873337,2.33
25/09/2019,-100,-701000,7.01(-6.78 %),0,0,100,701000,6873437,2.33
26/09/2019,0,0,7.5(6.99 %),0,0,0,0,6873437,2.33
27/09/2019,0,0,8.02(6.93 %),0,0,0,0,6873337,2.33
30/09/2019,0,0,8.02(0.00 %),0,0,0,0,6873437,2.33
01/10/2019,0,0,8.56(6.73 %),0,0,0,0,6873437,2.33
02/10/2019,0,0,8.1(-5.37 %),0,0,0,0,6873437,2.33
03/10/2019,0,0,8.1(0.00 %),0,0,0,0,6873437,2.33
04/10/2019,0,0,8.1(0.00 %),0,0,0,0,6873437,2.33
07/10/2019,0,0,8.1(0.00 %),0,0,0,0,6873437,2.33
08/10/2019,0,0,8.1(0.00 %),0,0,0,0,6873437,2.33
09/10/2019,0,0,8.1(0.00 %),0,0,0,0,6873437,2.33
10/10/2019,0,0,8.1(0.00 %),0,0,0,0,6873437,2.33
11/10/2019,0,0,8.66(6.91 %),0,0,0,0,6873437,2.33
14/10/2019,0,0,9.26(6.93 %),0,0,0,0,6873437,2.33
15/10/2019,0,0,9.49(2.48 %),0,0,0,0,6873437,2.33
16/10/2019,0,0,10(5.37 %),0,0,0,0,6873437,2.33
17/10/2019,0,0,9.6(-4.00 %),0,0,0,0,6873437,2.33
18/10/2019,0,0,9(-6.25 %),0,0,0,0,6873437,2.33
21/10/2019,0,0,9.63(7.00 %),0,0,0,0,6873437,2.33
22/10/2019,0,0,9(-6.54 %),0,0,0,0,6873437,2.33
23/10/2019,0,0,9(0.00 %),0,0,0,0,6873437,2.33
24/10/2019,0,0,8.38(-6.89 %),0,0,0,0,6873437,2.33
25/10/2019,0,0,8.38(0.00 %),0,0,0,0,6873437,2.33
28/10/2019,0,0,8.5(1.43 %),0,0,0,0,6873437,2.33
29/10/2019,0,0,8.5(0.00 %),0,0,0,0,6873437,2.33
30/10/2019,0,0,9.07(6.71 %),0,0,0,0,6873437,2.33
31/10/2019,0,0,9.69(6.84 %),0,0,0,0,6873437,2.33
01/11/2019,0,0,10.2(5.26 %),0,0,0,0,6873437,2.33
04/11/2019,0,0,9.5(-6.86 %),0,0,0,0,6873437,2.33
05/11/2019,0,0,9.1(-4.21 %),0,0,0,0,6873437,2.33
06/11/2019,0,0,9.73(6.92 %),0,0,0,0,6873437,2.33
07/11/2019,0,0,9.73(0.00 %),0,0,0,0,6873437,2.33
08/11/2019,0,0,9.73(0.00 %),0,0,0,0,6873437,2.33
11/11/2019,0,0,10(2.77 %),0,0,0,0,6873437,2.33
12/11/2019,0,0,9.31(-6.90 %),0,0,0,0,6873437,2.33
13/11/2019,0,0,9(-3.33 %),0,0,0,0,6873437,2.33
14/11/2019,0,0,9(0.00 %),0,0,0,0,6873437,2.33
15/11/2019,0,0,8.41(-6.56 %),0,0,0,0,6873437,2.33
18/11/2019,0,0,8.41(0.00 %),0,0,0,0,6873437,2.33
19/11/2019,0,0,8.41(0.00 %),0,0,0,0,6873437,2.33
20/11/2019,0,0,7.84(-6.78 %),0,0,0,0,6873437,2.33
21/11/2019,0,0,7.84(0.00 %),0,0,0,0,6873437,2.33
22/11/2019,0,0,8.01(2.17 %),0,0,0,0,6873437,2.33
25/11/2019,0,0,8.3(3.62 %),0,0,0,0,6873437,2.33
26/11/2019,0,0,8.15(-1.81 %),0,0,0,0,6873437,2.33
27/11/2019,0,0,8.5(4.29 %),0,0,0,0,6873437,2.33
28/11/2019,0,0,9.09(6.94 %),0,0,0,0,6873437,2.33
29/11/2019,0,0,9.72(6.93 %),0,0,0,0,6873437,2.33
02/12/2019,0,0,9.7(-0.21 %),0,0,0,0,6873437,2.33
03/12/2019,0,0,9.1(-6.19 %),0,0,0,0,6873437,2.33
04/12/2019,0,0,9.1(0.00 %),0,0,0,0,6873437,2.33
05/12/2019,0,0,9.1(0.00 %),0,0,0,0,6873437,2.33
06/12/2019,0,0,9.1(0.00 %),0,0,0,0,6873437,2.33
09/12/2019,0,0,9.73(6.92 %),0,0,0,0,6873437,2.33
10/12/2019,0,0,10(2.77 %),0,0,0,0,6873437,2.33
11/12/2019,0,0,10(0.00 %),0,0,0,0,6873437,2.33
12/12/2019,0,0,10(0.00 %),0,0,0,0,6873437,2.33
13/12/2019,0,0,10(0.00 %),0,0,0,0,6873437,2.33
16/12/2019,0,0,10(0.00 %),0,0,0,0,6873437,2.33
17/12/2019,0,0,9.3(-7.00 %),0,0,0,0,6873437,2.33
18/12/2019,-1100,-9515000,9.3(0.00 %),0,0,1100,9515000,6874537,2.32
19/12/2019,0,0,9.3(0.00 %),0,0,0,0,6874537,2.32
20/12/2019,-200,-1730000,8.65(-6.99 %),0,0,200,1730000,6874737,2.32
23/12/2019,0,0,8.65(0.00 %),0,0,0,0,6874737,2.32
24/12/2019,0,0,9.18(6.13 %),0,0,0,0,6874537,2.32
25/12/2019,0,0,9.18(0.00 %),0,0,0,0,6874737,2.32
26/12/2019,0,0,9.79(6.64 %),0,0,0,0,6874737,2.32
27/12/2019,0,0,9.15(-6.54 %),0,0,0,0,6874737,2.32
30/12/2019,0,0,9.79(6.99 %),0,0,0,0,6874737,2.32
31/12/2019,0,0,10.25(4.70 %),0,0,0,0,6874737,2.32
02/01/2020,0,0,9.8(-4.39 %),0,0,0,0,6874737,2.32
03/01/2020,0,0,9.31(-5.00 %),0,0,0,0,6874737,2.32
06/01/2020,0,0,9.11(-2.15 %),0,0,0,0,6874737,2.32
07/01/2020,0,0,9.11(0.00 %),0,0,0,0,6874737,2.32
08/01/2020,0,0,9.11(0.00 %),0,0,0,0,6874737,2.32
09/01/2020,0,0,9.11(0.00 %),0,0,0,0,6874737,2.32
10/01/2020,0,0,9.11(0.00 %),0,0,0,0,6874737,2.32
13/01/2020,0,0,9.11(0.00 %),0,0,0,0,6874737,2.32
14/01/2020,0,0,9.11(0.00 %),0,0,0,0,6874737,2.32
15/01/2020,0,0,9.11(0.00 %),0,0,0,0,6874737,2.32
16/01/2020,0,0,9.11(0.00 %),0,0,0,0,6874737,2.32
17/01/2020,0,0,9.11(0.00 %),0,0,0,0,6874737,2.32
20/01/2020,0,0,9.12(0.11 %),0,0,0,0,6874737,2.32
21/01/2020,0,0,9.12(0.00 %),0,0,0,0,6874737,2.32
22/01/2020,0,0,9.75(6.91 %),0,0,0,0,6874737,2.32
30/01/2020,8700,85260000,9.8(0.51 %),8700,85260000,0,0,6866037,2.38
31/01/2020,0,0,9.8(0.00 %),0,0,0,0,6866037,2.38
03/02/2020,0,0,9.22(-5.92 %),0,0,0,0,6866037,2.38
04/02/2020,0,0,9.22(0.00 %),0,0,0,0,6866037,2.38
05/02/2020,0,0,9(-2.39 %),0,0,0,0,6866037,2.38
06/02/2020,0,0,9(0.00 %),0,0,0,0,6866037,2.38
07/02/2020,-450,-4333500,9.63(7.00 %),0,0,450,4333500,6866487,2.38
10/02/2020,0,0,10(3.84 %),0,0,0,0,6866037,2.38
11/02/2020,0,0,10(0.00 %),0,0,0,0,6866487,2.38
12/02/2020,0,0,10(0.00 %),0,0,0,0,6866487,2.38
13/02/2020,0,0,10(0.00 %),0,0,0,0,6866487,2.38
14/02/2020,0,0,9.6(-4.00 %),0,0,0,0,6866487,2.38
17/02/2020,0,0,9.7(1.04 %),0,0,0,0,6866487,2.38
18/02/2020,0,0,9.7(0.00 %),0,0,0,0,6866487,2.38
19/02/2020,0,0,9.05(-6.70 %),0,0,0,0,6866487,2.38
20/02/2020,0,0,9.5(4.97 %),0,0,0,0,6866487,2.38
21/02/2020,0,0,9.5(0.00 %),0,0,0,0,6866487,2.38
24/02/2020,0,0,9.5(0.00 %),0,0,0,0,6866487,2.38
25/02/2020,0,0,9.5(0.00 %),0,0,0,0,6866487,2.38
26/02/2020,0,0,9.5(0.00 %),0,0,0,0,6866487,2.38
27/02/2020,0,0,9.5(0.00 %),0,0,0,0,6866487,2.38
28/02/2020,0,0,9.6(1.05 %),0,0,0,0,6866487,2.38
02/03/2020,0,0,9.6(0.00 %),0,0,0,0,6866487,2.38
03/03/2020,0,0,9.6(0.00 %),0,0,0,0,6866487,2.38
04/03/2020,0,0,9.6(0.00 %),0,0,0,0,6866487,2.38
05/03/2020,0,0,9.59(-0.10 %),0,0,0,0,6866487,2.38
06/03/2020,0,0,9.6(0.10 %),0,0,0,0,6866487,2.38
09/03/2020,0,0,9.6(0.00 %),0,0,0,0,6866487,2.38
10/03/2020,0,0,8.94(-6.88 %),0,0,0,0,6866487,2.38
11/03/2020,0,0,9(0.67 %),0,0,0,0,6866485,2.38
12/03/2020,0,0,9.59(6.56 %),0,0,0,0,6866485,2.38
13/03/2020,0,0,9(-6.15 %),0,0,0,0,6866487,2.38
16/03/2020,0,0,9(0.00 %),0,0,0,0,6866485,2.38
17/03/2020,0,0,9.49(5.44 %),0,0,0,0,6866487,2.38
18/03/2020,0,0,9.5(0.11 %),0,0,0,0,6866487,2.38
19/03/2020,0,0,9.5(0.00 %),0,0,0,0,6866485,2.38
20/03/2020,0,0,9.5(0.00 %),0,0,0,0,6866485,2.38
23/03/2020,560,5240000,9.35(-1.58 %),560,5240000,0,0,6865925,2.38
24/03/2020,0,0,9.35(0.00 %),0,0,0,0,6865925,2.38
25/03/2020,0,0,9.89(5.78 %),0,0,0,0,6865925,2.38
26/03/2020,0,0,10.15(2.63 %),0,0,0,0,6865927,2.38
27/03/2020,0,0,10.15(0.00 %),0,0,0,0,6865925,2.38
30/03/2020,0,0,9.44(-7.00 %),0,0,0,0,6865927,2.38
31/03/2020,0,0,8.78(-6.99 %),0,0,0,0,6865925,2.38
01/04/2020,0,0,8.17(-6.95 %),0,0,0,0,6865925,2.38
03/04/2020,0,0,8.01(-1.96 %),0,0,0,0,6865925,2.38
06/04/2020,0,0,8.01(0.00 %),0,0,0,0,6865925,2.38
07/04/2020,-300,-2571000,8.57(6.99 %),0,0,300,2571000,6866225,2.38
08/04/2020,0,0,8.11(-5.37 %),0,0,0,0,6865925,2.38
09/04/2020,0,0,8.67(6.91 %),0,0,0,0,6865925,2.38
10/04/2020,0,0,8.67(0.00 %),0,0,0,0,6866225,2.38
13/04/2020,0,0,8.67(0.00 %),0,0,0,0,6866225,2.38
14/04/2020,0,0,8.67(0.00 %),0,0,0,0,6866225,2.38
15/04/2020,0,0,8.12(-6.34 %),0,0,0,0,6866225,2.38
16/04/2020,0,0,8.2(0.99 %),0,0,0,0,6866225,2.38
17/04/2020,0,0,8.77(6.95 %),0,0,0,0,6866225,2.38
20/04/2020,0,0,8.16(-6.96 %),0,0,0,0,6866225,2.38
21/04/2020,0,0,8.7(6.62 %),0,0,0,0,6866225,2.38
22/04/2020,0,0,9(3.45 %),0,0,0,0,6866225,2.38
23/04/2020,0,0,9(0.00 %),0,0,0,0,6866225,2.38
24/04/2020,0,0,9(0.00 %),0,0,0,0,6866225,2.38
27/04/2020,0,0,9(0.00 %),0,0,0,0,6866225,2.38
28/04/2020,0,0,9(0.00 %),0,0,0,0,6866225,2.38
29/04/2020,0,0,9(0.00 %),0,0,0,0,6866225,2.38
04/05/2020,10,90000,9(0.00 %),10,90000,0,0,6866215,2.38
05/05/2020,0,0,8.6(-4.44 %),0,0,0,0,6866215,2.38
06/05/2020,0,0,8(-6.98 %),0,0,0,0,6866225,2.38
07/05/2020,10,85000,8.2(2.50 %),10,85000,0,0,6866215,2.38
08/05/2020,0,0,8.77(6.95 %),0,0,0,0,6866215,2.38
11/05/2020,0,0,9(2.62 %),0,0,0,0,6866215,2.38
12/05/2020,0,0,8.97(-0.33 %),0,0,0,0,6866215,2.38
13/05/2020,0,0,8.5(-5.24 %),0,0,0,0,6866215,2.38
14/05/2020,0,0,8.5(0.00 %),0,0,0,0,6866215,2.38
15/05/2020,0,0,8.5(0.00 %),0,0,0,0,6866205,2.38
18/05/2020,0,0,8(-5.88 %),0,0,0,0,6866205,2.38
19/05/2020,10,85600,8.01(0.12 %),10,85600,0,0,6866205,2.38
20/05/2020,-10000,-85700000,8.57(6.99 %),0,0,10000,85700000,6866195,2.38
21/05/2020,0,0,9(5.02 %),0,0,0,0,6876205,2.31
22/05/2020,0,0,9(0.00 %),0,0,0,0,6876205,2.31
25/05/2020,0,0,9(0.00 %),0,0,0,0,6876195,2.31
26/05/2020,0,0,8.6(-4.44 %),0,0,0,0,6876195,2.31
27/05/2020,0,0,8.6(0.00 %),0,0,0,0,6876205,2.31
28/05/2020,0,0,9.1(5.81 %),0,0,0,0,6876195,2.31
29/05/2020,0,0,8.47(-6.92 %),0,0,0,0,6876195,2.31
01/06/2020,0,0,8.47(0.00 %),0,0,0,0,6876195,2.31
02/06/2020,20,170000,8.5(0.35 %),20,170000,0,0,6876175,2.31
03/06/2020,0,0,8.4(-1.18 %),0,0,0,0,6876175,2.31
04/06/2020,0,0,8.97(6.79 %),0,0,0,0,6876175,2.31
05/06/2020,0,0,8.36(-6.80 %),0,0,0,0,6876175,2.31
08/06/2020,-200,-1680000,8.5(1.67 %),0,0,200,1680000,6876175,2.31
09/06/2020,0,0,8.49(-0.12 %),0,0,0,0,6876375,2.31
10/06/2020,0,0,8.48(-0.12 %),0,0,0,0,6876175,2.31
11/06/2020,0,0,8.39(-1.06 %),0,0,0,0,6876375,2.31
12/06/2020,0,0,8.39(0.00 %),0,0,0,0,6876375,2.31
15/06/2020,0,0,8.1(-3.46 %),0,0,0,0,6876375,2.31
16/06/2020,0,0,8(-1.23 %),0,0,0,0,6876375,2.31
17/06/2020,0,0,8(0.00 %),0,0,0,0,6876375,2.31
18/06/2020,0,0,7.8(-2.50 %),0,0,0,0,6876375,2.31
19/06/2020,0,0,8(2.56 %),0,0,0,0,6876375,2.31
22/06/2020,0,0,7.99(-0.12 %),0,0,0,0,6876375,2.31
23/06/2020,0,0,7.8(-2.38 %),0,0,0,0,6876375,2.31
24/06/2020,0,0,7.8(0.00 %),0,0,0,0,6876375,2.31
25/06/2020,0,0,7.8(0.00 %),0,0,0,0,6876375,2.31
26/06/2020,0,0,7.8(0.00 %),0,0,0,0,6876375,2.31
29/06/2020,0,0,8(2.56 %),0,0,0,0,6876375,2.31
30/06/2020,0,0,7.8(-2.50 %),0,0,0,0,6876375,2.31
01/07/2020,0,0,7.8(0.00 %),0,0,0,0,6876375,2.31
02/07/2020,0,0,7.8(0.00 %),0,0,0,0,6876375,2.31
03/07/2020,0,0,7.8(0.00 %),0,0,0,0,6876373,2.31
06/07/2020,0,0,7.8(0.00 %),0,0,0,0,6876375,2.31
07/07/2020,0,0,7.5(-3.85 %),0,0,0,0,6876375,2.31
08/07/2020,0,0,7.5(0.00 %),0,0,0,0,6876373,2.31
09/07/2020,0,0,7.5(0.00 %),0,0,0,0,6876373,2.31
10/07/2020,-2100,-15726000,7.01(-6.53 %),0,0,2100,15726000,6878475,2.3
13/07/2020,0,0,7.01(0.00 %),0,0,0,0,6876373,2.31
14/07/2020,0,0,7.01(0.00 %),0,0,0,0,6878475,2.3
15/07/2020,0,0,7.5(6.99 %),0,0,0,0,6878475,2.3
16/07/2020,0,0,7.5(0.00 %),0,0,0,0,6878473,2.3
17/07/2020,0,0,7.5(0.00 %),0,0,0,0,6878473,2.3
20/07/2020,0,0,7.5(0.00 %),0,0,0,0,6878475,2.3
21/07/2020,0,0,7.5(0.00 %),0,0,0,0,6878475,2.3
22/07/2020,0,0,7.5(0.00 %),0,0,0,0,6878473,2.3
23/07/2020,0,0,7.6(1.33 %),0,0,0,0,6878473,2.3
24/07/2020,0,0,7.6(0.00 %),0,0,0,0,6878475,2.3
27/07/2020,0,0,8.13(6.97 %),0,0,0,0,6878475,2.3
28/07/2020,0,0,7.57(-6.89 %),0,0,0,0,6878473,2.3
29/07/2020,0,0,7.5(-0.92 %),0,0,0,0,6878475,2.3
30/07/2020,0,0,7.5(0.00 %),0,0,0,0,6878475,2.3
31/07/2020,0,0,8.02(6.93 %),0,0,0,0,6878475,2.3
03/08/2020,0,0,7.5(-6.48 %),0,0,0,0,6878473,2.3
04/08/2020,0,0,8.02(6.93 %),0,0,0,0,6878473,2.3
05/08/2020,0,0,8.02(0.00 %),0,0,0,0,6878473,2.3
06/08/2020,0,0,8.57(6.86 %),0,0,0,0,6878473,2.3
07/08/2020,2640,23960000,9.15(6.77 %),2640,23960000,0,0,6875833,2.31
10/08/2020,0,0,9.29(1.53 %),0,0,0,0,6875833,2.31
11/08/2020,0,0,9.29(0.00 %),0,0,0,0,6875833,2.31
12/08/2020,0,0,8.64(-7.00 %),0,0,0,0,6875833,2.31
13/08/2020,0,0,9.22(6.71 %),0,0,0,0,6875833,2.31
14/08/2020,0,0,9.81(6.40 %),0,0,0,0,6875833,2.31
17/08/2020,0,0,9.13(-6.93 %),0,0,0,0,6875833,2.31
18/08/2020,0,0,9.74(6.68 %),0,0,0,0,6875833,2.31
19/08/2020,0,0,9.06(-6.98 %),0,0,0,0,6875833,2.31
20/08/2020,0,0,9.49(4.75 %),0,0,0,0,6875833,2.31
21/08/2020,0,0,9.95(4.85 %),0,0,0,0,6875833,2.31
24/08/2020,0,0,9.89(-0.60 %),0,0,0,0,6875833,2.31
25/08/2020,0,0,9.2(-6.98 %),0,0,0,0,6875833,2.31
26/08/2020,0,0,9.8(6.52 %),0,0,0,0,6875833,2.31
27/08/2020,0,0,9.8(0.00 %),0,0,0,0,6875833,2.31
28/08/2020,0,0,9.8(0.00 %),0,0,0,0,6875833,2.31
31/08/2020,0,0,9.8(0.00 %),0,0,0,0,6875833,2.31
01/09/2020,0,0,9.35(-4.59 %),0,0,0,0,6875833,2.31
03/09/2020,-2640,-24680000,8.76(-6.31 %),0,0,2640,24680000,6875833,2.31
04/09/2020,0,0,9.37(6.96 %),0,0,0,0,6878473,2.3
07/09/2020,0,0,9.4(0.32 %),0,0,0,0,6878473,2.3
08/09/2020,0,0,10(6.38 %),0,0,0,0,6878473,2.3
09/09/2020,0,0,10(0.00 %),0,0,0,0,6878473,2.3
10/09/2020,0,0,9.98(-0.20 %),0,0,0,0,6878473,2.3
11/09/2020,0,0,10.45(4.71 %),0,0,0,0,6878473,2.3
14/09/2020,0,0,10(-4.31 %),0,0,0,0,6878473,2.3
15/09/2020,0,0,10(0.00 %),0,0,0,0,6878473,2.3
16/09/2020,0,0,10.45(4.50 %),0,0,0,0,6878473,2.3
17/09/2020,0,0,10.5(0.48 %),0,0,0,0,6878473,2.3
18/09/2020,0,0,10.5(0.00 %),0,0,0,0,6878473,2.3
21/09/2020,-11340,-110791800,10.6(0.95 %),0,0,11340,110791800,6889813,2.22
22/09/2020,0,0,10.6(0.00 %),0,0,0,0,6878473,2.3
23/09/2020,0,0,10.6(0.00 %),0,0,0,0,6889813,2.22
24/09/2020,0,0,10.6(0.00 %),0,0,0,0,6889813,2.22
25/09/2020,0,0,10(-5.66 %),0,0,0,0,6889813,2.22
28/09/2020,0,0,10.6(6.00 %),0,0,0,0,6889813,2.22
29/09/2020,0,0,10(-5.66 %),0,0,0,0,6889813,2.22
30/09/2020,0,0,10(0.00 %),0,0,0,0,6889813,2.22
01/10/2020,0,0,10(0.00 %),0,0,0,0,6889813,2.22
02/10/2020,0,0,10(0.00 %),0,0,0,0,6889813,2.22
05/10/2020,0,0,9.55(-4.50 %),0,0,0,0,6889813,2.22
06/10/2020,0,0,9.03(-5.45 %),0,0,0,0,6889813,2.22
07/10/2020,0,0,9.66(6.98 %),0,0,0,0,6889813,2.22
08/10/2020,0,0,10.25(6.11 %),0,0,0,0,6889813,2.22
09/10/2020,0,0,10.2(-0.49 %),0,0,0,0,6889813,2.22
12/10/2020,0,0,10.45(2.45 %),0,0,0,0,6889813,2.22
13/10/2020,0,0,10(-4.31 %),0,0,0,0,6889813,2.22
14/10/2020,0,0,9.9(-1.00 %),0,0,0,0,6889813,2.22
15/10/2020,0,0,9.9(0.00 %),0,0,0,0,6889813,2.22
16/10/2020,0,0,10.5(6.06 %),0,0,0,0,6889813,2.22
19/10/2020,0,0,10.7(1.90 %),0,0,0,0,6889813,2.22
20/10/2020,0,0,9.96(-6.92 %),0,0,0,0,6889813,2.22
21/10/2020,0,0,10.1(1.41 %),0,0,0,0,6889813,2.22
22/10/2020,0,0,10.1(0.00 %),0,0,0,0,6889813,2.22
23/10/2020,0,0,10.1(0.00 %),0,0,0,0,6889813,2.22
26/10/2020,0,0,10.1(0.00 %),0,0,0,0,6889813,2.22
27/10/2020,0,0,10.1(0.00 %),0,0,0,0,6889813,2.22
28/10/2020,0,0,9.9(-1.98 %),0,0,0,0,6889813,2.22
29/10/2020,0,0,9.9(0.00 %),0,0,0,0,6889813,2.22
30/10/2020,-400,-3960000,9.9(0.00 %),0,0,400,3960000,6889813,2.22
02/11/2020,0,0,9.61(-2.93 %),0,0,0,0,6889813,2.22
03/11/2020,0,0,9.62(0.10 %),0,0,0,0,6889813,2.22
04/11/2020,0,0,9.62(0.00 %),0,0,0,0,6890213,2.22
05/11/2020,0,0,9.61(-0.10 %),0,0,0,0,6889813,2.22
06/11/2020,0,0,9.62(0.10 %),0,0,0,0,6889813,2.22
09/11/2020,0,0,9.71(0.94 %),0,0,0,0,6889813,2.22
10/11/2020,0,0,9.71(0.00 %),0,0,0,0,6890213,2.22
11/11/2020,0,0,9.2(-5.25 %),0,0,0,0,6889813,2.22
12/11/2020,0,0,9.55(3.80 %),0,0,0,0,6889813,2.22
13/11/2020,0,0,9.55(0.00 %),0,0,0,0,6889813,2.22
16/11/2020,0,0,9.55(0.00 %),0,0,0,0,6890213,2.22
17/11/2020,0,0,9.55(0.00 %),0,0,0,0,6889813,2.22
18/11/2020,0,0,9.55(0.00 %),0,0,0,0,6889813,2.22
19/11/2020,0,0,9.55(0.00 %),0,0,0,0,6890213,2.22
20/11/2020,0,0,9.65(1.05 %),0,0,0,0,6890213,2.22
23/11/2020,0,0,10(3.63 %),0,0,0,0,6889813,2.22
24/11/2020,0,0,9.3(-7.00 %),0,0,0,0,6890213,2.22
25/11/2020,0,0,9.3(0.00 %),0,0,0,0,6890213,2.22
26/11/2020,0,0,9.3(0.00 %),0,0,0,0,6890213,2.22
27/11/2020,0,0,9.3(0.00 %),0,0,0,0,6890213,2.22
30/11/2020,0,0,9.3(0.00 %),0,0,0,0,6890213,2.22
01/12/2020,0,0,9(-3.23 %),0,0,0,0,6890213,2.22
02/12/2020,0,0,8.4(-6.67 %),0,0,0,0,6890213,2.22
03/12/2020,0,0,8.98(6.90 %),0,0,0,0,6890213,2.22
04/12/2020,0,0,9.5(5.79 %),0,0,0,0,6890213,2.22
07/12/2020,-150,-1430000,9.5(0.00 %),0,0,150,1430000,6890213,2.22
08/12/2020,0,0,10.05(5.79 %),0,0,0,0,6890213,2.22
09/12/2020,0,0,10.2(1.49 %),0,0,0,0,6890213,2.22
10/12/2020,0,0,10.15(-0.49 %),0,0,0,0,6890363,2.22
11/12/2020,0,0,9.5(-6.40 %),0,0,0,0,6890363,2.22
14/12/2020,0,0,10.15(6.84 %),0,0,0,0,6890363,2.22
15/12/2020,-1600,-15230000,9.5(-6.40 %),0,0,1600,15230000,6890363,2.22
16/12/2020,0,0,10.15(6.84 %),0,0,0,0,6891963,2.21
17/12/2020,0,0,9.5(-6.40 %),0,0,0,0,6891963,2.21
18/12/2020,0,0,10.15(6.84 %),0,0,0,0,6891971,2.21
21/12/2020,106,11450000,10.85(6.90 %),106,11450000,0,0,6890911,2.21
22/12/2020,0,0,11.5(5.99 %),0,0,0,0,6890911,2.21
23/12/2020,0,0,11.5(0.00 %),0,0,0,0,6890911,2.21
24/12/2020,0,0,12.3(6.96 %),0,0,0,0,6890911,2.21
25/12/2020,0,0,12.05(-2.03 %),0,0,0,0,6890903,2.21
28/12/2020,0,0,12.15(0.83 %),0,0,0,0,6890903,2.21
29/12/2020,2000,24000000,12(-1.23 %),2000,24000000,0,0,6888911,2.23
30/12/2020,0,0,11.7(-2.50 %),0,0,0,0,6888911,2.23
31/12/2020,0,0,10.9(-6.84 %),0,0,0,0,6888911,2.23
04/01/2021,0,0,11.5(5.50 %),0,0,0,0,6888911,2.23
05/01/2021,0,0,11.5(0.00 %),0,0,0,0,6888911,2.23
06/01/2021,0,0,11.5(0.00 %),0,0,0,0,6888911,2.23
07/01/2021,30,3450000,11.6(0.87 %),30,3450000,0,0,6888611,2.23
08/01/2021,0,0,11.1(-4.31 %),0,0,0,0,6888611,2.23
11/01/2021,0,0,11(-0.90 %),0,0,0,0,6888611,2.23
12/01/2021,0,0,10.25(-6.82 %),0,0,0,0,6888611,2.23
13/01/2021,0,0,9.54(-6.93 %),0,0,0,0,6888611,2.23
14/01/2021,0,0,10.2(6.92 %),0,0,0,0,6888611,2.23
15/01/2021,-5000,-54500000,10.9(6.86 %),0,0,5000,54500000,6893611,2.19
18/01/2021,0,0,10.8(-0.92 %),0,0,0,0,6888611,2.23
19/01/2021,0,0,10.2(-5.56 %),0,0,0,0,6893611,2.19
20/01/2021,0,0,10.2(0.00 %),0,0,0,0,6893611,2.19
21/01/2021,0,0,10.6(3.92 %),0,0,0,0,6893611,2.19
22/01/2021,0,0,11.2(5.66 %),0,0,0,0,6893611,2.19
25/01/2021,0,0,11.95(6.70 %),0,0,0,0,6893611,2.19
26/01/2021,-200,-25500000,12.75(6.69 %),0,0,200,25500000,6893601,2.19
27/01/2021,-4200,-57120000,13.6(6.67 %),0,0,4200,57120000,6899811,2.15
28/01/2021,0,0,12.65(-6.99 %),0,0,0,0,6893601,2.19
29/01/2021,0,0,12(-5.14 %),0,0,0,0,6899811,2.15
01/02/2021,0,0,11.9(-0.83 %),0,0,0,0,6899801,2.15
02/02/2021,0,0,12.7(6.72 %),0,0,0,0,6899801,2.15
03/02/2021,0,0,12.6(-0.79 %),0,0,0,0,6899801,2.15
04/02/2021,0,0,12.25(-2.78 %),0,0,0,0,6899801,2.15
05/02/2021,0,0,12.45(1.63 %),0,0,0,0,6899801,2.15
08/02/2021,0,0,11.7(-6.02 %),0,0,0,0,6899801,2.15
09/02/2021,0,0,12.4(5.98 %),0,0,0,0,6899801,2.15
17/02/2021,0,0,13(4.84 %),0,0,0,0,6899801,2.15
18/02/2021,120,15530000,12.65(-2.69 %),120,15530000,0,0,6898601,2.16
19/02/2021,20,2260000,13(2.77 %),120,15260000,100,13000000,6897401,2.17
22/02/2021,70,9230000,13.1(0.77 %),70,9230000,0,0,6896701,2.17
23/02/2021,0,0,14(6.87 %),0,0,0,0,6897701,2.17
24/02/2021,0,0,14.95(6.79 %),0,0,0,0,6897701,2.17
25/02/2021,50,7980000,15.95(6.69 %),50,7980000,0,0,6897201,2.17
26/02/2021,0,0,14.85(-6.90 %),0,0,0,0,6897201,2.17
01/03/2021,0,0,14.85(0.00 %),0,0,0,0,6897201,2.17
02/03/2021,3900,58305000,14.95(0.67 %),3900,58305000,0,0,6893301,2.2
03/03/2021,300,4500000,15(0.33 %),800,12000000,500,7500000,6893001,2.2
04/03/2021,0,0,14.4(-4.00 %),0,0,0,0,6892501,2.2
05/03/2021,0,0,14.9(3.47 %),0,0,0,0,6892501,2.2
08/03/2021,0,0,14.55(-2.35 %),0,0,0,0,6893001,2.2
09/03/2021,0,0,14.55(0.00 %),0,0,0,0,6893001,2.2
10/03/2021,0,0,15.5(6.53 %),0,0,0,0,6893001,2.2
11/03/2021,0,0,16(3.23 %),0,0,0,0,6893001,2.2
12/03/2021,-1400,-22820000,16.3(1.88 %),0,0,1400,22820000,6894401,2.19
15/03/2021,0,0,16.3(0.00 %),0,0,0,0,6894401,2.19
16/03/2021,-1500,-23625000,16.2(-0.61 %),0,0,1500,23625000,6895901,2.18
17/03/2021,0,0,16.2(1.25 %),0,0,0,0,6895901,2.18
18/03/2021,0,0,16.2(0.00 %),0,0,0,0,6894451,2.19
19/03/2021,0,0,16.2(0.00 %),0,0,0,0,6895951,2.18
22/03/2021,0,0,16(-1.23 %),0,0,0,0,6895901,2.18
23/03/2021,0,0,15.6(-2.50 %),0,0,0,0,6895951,2.18
24/03/2021,0,0,16(2.56 %),0,0,0,0,6895901,2.18
25/03/2021,0,0,15(-6.25 %),0,0,0,0,6895901,2.18
26/03/2021,0,0,14.5(-3.33 %),0,0,0,0,6895955,2.18
29/03/2021,0,0,14.45(-0.34 %),0,0,0,0,6895901,2.18
30/03/2021,0,0,15.45(6.92 %),0,0,0,0,6895955,2.18
31/03/2021,0,0,15.45(0.00 %),0,0,0,0,6895901,2.18
01/04/2021,0,0,16.5(6.80 %),0,0,0,0,6895955,2.18
02/04/2021,0,0,17.5(6.06 %),0,0,0,0,6895955,2.18
05/04/2021,60,10200000,16.5(-5.71 %),60,10200000,0,0,6895355,2.18
06/04/2021,0,0,16.5(0.00 %),0,0,0,0,6895355,2.18
07/04/2021,0,0,16.5(0.00 %),0,0,0,0,6895355,2.18
08/04/2021,-600,-9300000,15.6(-5.45 %),0,0,600,9300000,6895955,2.18
14/04/2021,0,0,16.1(3.21 %),0,0,0,0,6895955,2.18
15/04/2021,0,0,15.5(-3.73 %),0,0,0,0,6895955,2.18
16/04/2021,0,0,16.9(9.03 %),0,0,0,0,6895955,2.18
19/04/2021,0,0,16.9(0.00 %),0,0,0,0,6895955,2.18
20/04/2021,0,0,15.7(-7.10 %),0,0,0,0,6895955,2.18
22/04/2021,0,0,15.7(0.00 %),0,0,0,0,6895955,2.18
23/04/2021,0,0,15.7(0.00 %),0,0,0,0,6895955,2.18
26/04/2021,0,0,15.7(0.00 %),0,0,0,0,6895955,2.18
27/04/2021,0,0,15.7(0.00 %),0,0,0,0,6895955,2.18
28/04/2021,0,0,17.2(9.55 %),0,0,0,0,6895955,2.18
29/04/2021,0,0,15.6(-9.30 %),0,0,0,0,6895955,2.18
04/05/2021,0,0,15.8(1.28 %),0,0,0,0,6895955,2.18
05/05/2021,-10,-145000,15.1(-4.43 %),0,0,10,145000,6895965,2.18
06/05/2021,0,0,15.4(1.99 %),0,0,0,0,6895965,2.18
07/05/2021,0,0,15.4(0.00 %),0,0,0,0,6895965,2.18
10/05/2021,0,0,15.4(0.00 %),0,0,0,0,6895965,2.18
11/05/2021,-300,-4620000,15.4(0.00 %),0,0,300,4620000,6896265,2.18
12/05/2021,0,0,15.4(0.00 %),0,0,0,0,6896265,2.18
13/05/2021,-500,-7000000,15.4(0.00 %),0,0,500,7000000,6896765,2.17
14/05/2021,0,0,15.4(0.00 %),0,0,0,0,6896765,2.17
17/05/2021,-8700,-133980000,15.4(0.00 %),0,0,8700,133980000,6905465,2.11
18/05/2021,0,0,15(-2.60 %),0,0,0,0,6905465,2.11
19/05/2021,0,0,15(0.00 %),0,0,0,0,6905465,2.11
20/05/2021,0,0,15(0.00 %),0,0,0,0,6905465,2.11
21/05/2021,0,0,14(-6.67 %),0,0,0,0,6905465,2.11
24/05/2021,0,0,15.4(10.00 %),0,0,0,0,6905465,2.11
25/05/2021,0,0,15.1(-1.95 %),0,0,0,0,6905465,2.11
26/05/2021,0,0,15.1(0.00 %),0,0,0,0,6905465,2.11
27/05/2021,0,0,15.5(2.65 %),0,0,0,0,6905465,2.11
28/05/2021,-5,-70500,14.8(-4.52 %),0,0,5,70500,6905470,2.11
31/05/2021,0,0,14.8(0.00 %),0,0,0,0,6905470,2.11
01/06/2021,0,0,14.8(0.00 %),0,0,0,0,6905465,2.11
02/06/2021,0,0,14.2(-4.05 %),0,0,0,0,6905465,2.11
03/06/2021,0,0,14.2(0.00 %),0,0,0,0,6905465,2.11
04/06/2021,0,0,14.2(0.00 %),0,0,0,0,6905465,2.11
07/06/2021,0,0,14.5(2.11 %),0,0,0,0,6905465,2.11
08/06/2021,0,0,15.2(4.83 %),0,0,0,0,6905465,2.11
09/06/2021,0,0,15(-1.32 %),0,0,0,0,6905465,2.11
10/06/2021,0,0,15(0.00 %),0,0,0,0,6905465,2.11
11/06/2021,0,0,15.8(5.33 %),0,0,0,0,6905465,2.11
14/06/2021,0,0,15.7(-0.63 %),0,0,0,0,6905465,2.11
15/06/2021,0,0,15.9(1.27 %),0,0,0,0,6905465,2.11
16/06/2021,0,0,16.1(1.26 %),0,0,0,0,6905465,2.11
17/06/2021,-200,-3240000,16.4(1.86 %),0,0,200,3240000,6905665,2.11
18/06/2021,-2,-31000,17.2(4.88 %),0,0,2,31000,6905667,2.11
21/06/2021,0,0,17.2(0.00 %),0,0,0,0,6905470,2.11
22/06/2021,0,0,15.6(-9.30 %),0,0,0,0,6905470,2.11
23/06/2021,0,0,15.6(0.00 %),0,0,0,0,6905470,2.11
24/06/2021,0,0,15.6(0.00 %),0,0,0,0,6905470,2.11
25/06/2021,0,0,16.9(8.33 %),0,0,0,0,6905470,2.11
28/06/2021,0,0,15.4(-8.88 %),0,0,0,0,6905470,2.11
29/06/2021,0,0,15.4(0.00 %),0,0,0,0,6905470,2.11
30/06/2021,0,0,15.4(0.00 %),0,0,0,0,6905470,2.11
01/07/2021,0,0,15.4(0.00 %),0,0,0,0,6905672,2.11
02/07/2021,0,0,15.4(0.00 %),0,0,0,0,6905672,0.0
05/07/2021,0,0,15.5(0.65 %),0,0,0,0,6905672,0.0
06/07/2021,0,0,15(-3.23 %),0,0,0,0,6905672,0.0
07/07/2021,0,0,15(0.00 %),0,0,0,0,6905672,2.11
08/07/2021,0,0,15.3(2.00 %),0,0,0,0,6905672,2.11
09/07/2021,0,0,16.2(5.88 %),0,0,0,0,6905672,2.11
12/07/2021,0,0,15.2(-6.17 %),0,0,0,0,6905672,2.11
13/07/2021,0,0,15.2(0.00 %),0,0,0,0,6905672,2.11
14/07/2021,0,0,15.2(0.00 %),0,0,0,0,6905672,2.11
15/07/2021,0,0,15.2(0.00 %),0,0,0,0,6905672,2.11
16/07/2021,0,0,13.9(-8.55 %),0,0,0,0,6905672,2.11
19/07/2021,0,0,13.9(0.00 %),0,0,0,0,6905672,2.11
20/07/2021,0,0,13.9(0.00 %),0,0,0,0,6905672,2.11
21/07/2021,0,0,14.9(7.19 %),0,0,0,0,6905672,2.11
22/07/2021,0,0,14.8(-0.67 %),0,0,0,0,6905672,2.11
23/07/2021,0,0,14.8(0.00 %),0,0,0,0,6905672,2.11
26/07/2021,-1100,-16500000,15(1.35 %),0,0,1100,16500000,6906772,2.1
27/07/2021,0,0,15(0.00 %),0,0,0,0,6906772,2.1
28/07/2021,0,0,16.1(7.33 %),0,0,0,0,6906772,2.1
29/07/2021,0,0,15(-6.83 %),0,0,0,0,6906772,2.1
30/07/2021,0,0,15(0.00 %),0,0,0,0,6906772,2.1
02/08/2021,0,0,15(0.00 %),0,0,0,0,6906772,2.1
03/08/2021,0,0,15(0.00 %),0,0,0,0,6906772,2.1
04/08/2021,0,0,16(6.67 %),0,0,0,0,6906772,2.1
05/08/2021,0,0,16(0.00 %),0,0,0,0,6906772,2.1
06/08/2021,0,0,16(0.00 %),0,0,0,0,6906772,2.1
09/08/2021,0,0,15(-6.25 %),0,0,0,0,6906772,2.1
10/08/2021,0,0,15.8(5.33 %),0,0,0,0,6906772,2.1
11/08/2021,0,0,15.8(0.00 %),0,0,0,0,6906772,2.1
12/08/2021,0,0,15(-5.06 %),0,0,0,0,6906772,2.1
13/08/2021,0,0,15.3(2.00 %),0,0,0,0,6906772,0.0
16/08/2021,0,0,15(-1.96 %),0,0,0,0,6906772,2.1
17/08/2021,0,0,15(0.00 %),0,0,0,0,6906772,2.1
18/08/2021,0,0,15.4(2.67 %),0,0,0,0,6906772,2.1
19/08/2021,0,0,15.5(0.65 %),0,0,0,0,6906772,2.1
20/08/2021,0,0,15.2(-1.94 %),0,0,0,0,6906772,2.1
23/08/2021,0,0,15.3(0.66 %),0,0,0,0,6906772,2.1
24/08/2021,0,0,14.9(-2.61 %),0,0,0,0,6906772,2.1
25/08/2021,0,0,14.9(0.00 %),0,0,0,0,6906772,2.1
26/08/2021,0,0,14.9(0.00 %),0,0,0,0,6906772,2.1
27/08/2021,0,0,15.2(2.01 %),0,0,0,0,6906772,2.1
06/09/2021,1200,18280000,15.7(2.95 %),1200,18280000,0,0,6906772,2.1
07/09/2021,0,0,16.75(6.69 %),0,0,0,0,6906772,2.1
08/09/2021,0,0,16.75(0.00 %),0,0,0,0,6906772,2.1
09/09/2021,0,0,16(-4.48 %),0,0,0,0,6906772,2.1
10/09/2021,400,6060000,15(-6.25 %),400,6060000,0,0,6906372,2.11
13/09/2021,0,0,16(6.67 %),0,0,0,0,6906372,2.11
14/09/2021,0,0,15.6(-2.50 %),0,0,0,0,6906372,2.11
15/09/2021,0,0,15.7(0.64 %),0,0,0,0,6906372,2.11
16/09/2021,0,0,15.7(0.00 %),0,0,0,0,6906372,2.11
17/09/2021,0,0,15.7(0.00 %),0,0,0,0,6906372,2.11
20/09/2021,-1600,-24030000,15(-4.46 %),0,0,1600,24030000,6907972,2.1
21/09/2021,-6700,-93465000,15(0.00 %),0,0,6700,93465000,6914672,2.05
22/09/2021,0,0,15(0.00 %),0,0,0,0,6914672,2.05
23/09/2021,0,0,15(0.00 %),0,0,0,0,6914672,2.05
24/09/2021,0,0,15(0.00 %),0,0,0,0,6914672,2.05
27/09/2021,0,0,15(0.00 %),0,0,0,0,6914672,2.05
28/09/2021,0,0,15.1(0.67 %),0,0,0,0,6914672,2.05
29/09/2021,0,0,15.1(0.00 %),0,0,0,0,6914672,2.05
30/09/2021,0,0,15.1(0.00 %),0,0,0,0,6914672,2.05
01/10/2021,0,0,15.7(3.97 %),28710,403375500,28710,403375500,6913472,2.06
04/10/2021,0,0,15.9(1.27 %),0,0,0,0,6913472,2.06
05/10/2021,0,0,15.9(0.00 %),0,0,0,0,6913472,2.06
06/10/2021,0,0,16(0.63 %),0,0,0,0,6913472,0.0
07/10/2021,500,8090000,16.1(0.62 %),500,8090000,0,0,6912972,0.0
08/10/2021,0,0,16(-0.62 %),0,0,0,0,6912972,0.0
11/10/2021,0,0,16(0.00 %),0,0,0,0,6912972,0.0
12/10/2021,200,3220000,16.5(3.12 %),200,3220000,0,0,6912772,0.0
13/10/2021,0,0,15.5(-6.06 %),0,0,0,0,6912772,0.0
14/10/2021,700,11550000,16.5(6.45 %),700,11550000,0,0,6912072,0.0
15/10/2021,0,20000,16.05(-2.73 %),200,3260000,200,3240000,6912072,0.0
18/10/2021,0,0,16.5(2.80 %),0,0,0,0,6912072,0.0
19/10/2021,2200,37400000,17(3.03 %),2200,37400000,0,0,6909872,0.0
20/10/2021,100,1730000,17.5(2.94 %),100,1730000,0,0,6909772,0.0
21/10/2021,0,0,18.7(6.86 %),0,0,0,0,6909872,0.0
22/10/2021,0,0,20(6.95 %),0,0,0,0,6909872,0.0
25/10/2021,-1500,-32100000,21.4(7.00 %),0,0,1500,32100000,6911372,0.0
26/10/2021,-6500,-138440000,20(-6.54 %),0,0,6500,138440000,6917872,0.0
27/10/2021,-100,-2100000,21.4(7.00 %),0,0,100,2100000,6917972,0.0
28/10/2021,0,0,21.9(2.34 %),0,0,0,0,6917972,2.03
29/10/2021,0,0,20.5(-6.39 %),0,0,0,0,6917972,2.03
01/11/2021,0,0,19.8(-3.41 %),0,0,0,0,6917872,2.03
02/11/2021,0,0,20.5(3.54 %),0,0,0,0,6917872,2.03
03/11/2021,0,0,19.6(-4.39 %),0,0,0,0,6917872,0.0
04/11/2021,0,0,20.7(5.61 %),0,0,0,0,6917872,0.0
05/11/2021,0,0,21(1.45 %),0,0,0,0,6917872,2.03
08/11/2021,100,2100000,21(0.00 %),100,2100000,0,0,6917772,2.03
09/11/2021,0,0,21(0.00 %),0,0,0,0,6917772,2.03
10/11/2021,0,0,21.8(3.81 %),0,0,0,0,6917772,2.03
11/11/2021,0,0,21.8(0.00 %),0,0,0,0,6917772,2.03
12/11/2021,0,0,22.5(3.21 %),0,0,0,0,6917772,2.03
15/11/2021,0,0,21.5(-4.44 %),0,0,0,0,6917772,2.03
16/11/2021,-1000,-22000000,22.5(4.65 %),0,0,1000,22000000,6918772,2.02
17/11/2021,0,0,21.55(-4.22 %),0,0,0,0,6918772,2.02
18/11/2021,0,0,22.2(3.02 %),0,0,0,0,6918772,2.02
19/11/2021,100,2060000,21.4(-3.60 %),200,4280000,100,2220000,6918672,2.02
22/11/2021,500,10700000,21(-1.87 %),500,10700000,0,0,6918172,2.03
23/11/2021,0,0,21.2(0.95 %),0,0,0,0,6918172,2.03
24/11/2021,0,0,22.65(6.84 %),0,0,0,0,6918172,2.03
25/11/2021,0,0,23(1.55 %),0,0,0,0,6918172,2.03
26/11/2021,0,0,22(-4.35 %),0,0,0,0,6918172,0.0
29/11/2021,0,0,23.1(5.00 %),0,0,0,0,6918172,2.03
30/11/2021,0,0,23(-0.43 %),0,0,0,0,6918172,2.03
01/12/2021,0,0,23.3(1.30 %),0,0,0,0,6920372,2.01
02/12/2021,0,0,24(3.00 %),0,0,0,0,6920372,2.01
03/12/2021,5200,130000000,25(4.17 %),5200,130000000,0,0,6915172,2.05
06/12/2021,0,0,24.1(-3.60 %),0,0,0,0,6915172,2.05
07/12/2021,0,0,25.5(5.81 %),0,0,0,0,6915172,2.05
08/12/2021,0,0,23.8(-6.67 %),0,0,0,0,6915172,2.05
09/12/2021,0,0,25.4(6.72 %),0,0,0,0,6915172,0.0
10/12/2021,0,0,25.4(0.00 %),0,0,0,0,6915172,2.05
13/12/2021,0,0,23.65(-6.89 %),0,0,0,0,6915172,2.05
14/12/2021,0,0,25(5.71 %),0,0,0,0,6915172,2.05
15/12/2021,0,0,25.3(1.20 %),0,0,0,0,6915172,2.05
16/12/2021,0,0,24.5(-3.16 %),0,0,0,0,6915172,2.05
17/12/2021,0,0,24.6(0.41 %),0,0,0,0,6915172,2.05
20/12/2021,-300,-7380000,24.6(0.00 %),0,0,300,7380000,6915472,2.05
21/12/2021,0,0,24.6(0.00 %),0,0,0,0,6915472,0.0
22/12/2021,0,0,26(5.69 %),0,0,0,0,6915472,2.05
23/12/2021,0,0,25.9(-0.38 %),0,0,0,0,6915472,2.05
24/12/2021,0,0,24.3(-6.18 %),0,0,0,0,6915472,2.05
27/12/2021,0,0,24.3(0.00 %),0,0,0,0,6915472,2.05
28/12/2021,0,0,24.3(0.00 %),0,0,0,0,6915472,2.05
29/12/2021,0,0,24.3(0.00 %),0,0,0,0,6915472,2.05
30/12/2021,0,0,25.8(6.17 %),0,0,0,0,6915472,2.05
31/12/2021,0,0,24.5(-5.04 %),0,0,0,0,6915472,2.05
04/01/2022,0,0,24.7(0.82 %),0,0,0,0,6915472,2.05
05/01/2022,0,0,26.4(6.88 %),0,0,0,0,6915472,2.05
06/01/2022,0,0,26(-1.52 %),0,0,0,0,6915472,2.05
07/01/2022,0,0,26(0.00 %),0,0,0,0,6915472,2.05
10/01/2022,0,0,24.6(-5.38 %),0,0,0,0,6915472,2.05
11/01/2022,0,0,24.6(0.00 %),0,0,0,0,6915472,2.05
12/01/2022,0,0,25.5(3.66 %),0,0,0,0,6915472,2.05
13/01/2022,0,0,26(1.96 %),0,0,0,0,6915472,2.05
14/01/2022,0,0,26(0.00 %),0,0,0,0,6915472,2.05
17/01/2022,0,0,26(0.00 %),0,0,0,0,6915472,2.05
18/01/2022,0,0,26(0.00 %),0,0,0,0,6915472,2.05
19/01/2022,0,0,26(0.00 %),0,0,0,0,6915472,2.05
20/01/2022,0,0,26(0.00 %),0,0,0,0,6915472,2.05
21/01/2022,0,0,26(0.00 %),0,0,0,0,6915472,2.05
24/01/2022,0,0,25.3(-2.69 %),0,0,0,0,6915472,2.05
25/01/2022,0,0,24.1(-4.74 %),0,0,0,0,6915472,2.05
26/01/2022,0,0,24.4(1.24 %),0,0,0,0,6915472,2.05
27/01/2022,0,0,22.75(-6.76 %),0,0,0,0,6915472,2.05
28/01/2022,0,0,23.9(4.82 %),0,0,0,0,6915472,2.05
07/02/2022,0,0,22.8(-4.60 %),0,0,0,0,6915472,2.05
08/02/2022,0,0,22.8(0.00 %),0,0,0,0,6915472,2.05
09/02/2022,0,0,23(0.88 %),0,0,0,0,6915472,2.05
10/02/2022,0,0,23(0.00 %),0,0,0,0,6915472,2.05
11/02/2022,0,0,23.8(3.48 %),0,0,0,0,6915472,2.05
14/02/2022,0,0,23.8(0.00 %),0,0,0,0,6915472,2.05
15/02/2022,0,0,23.8(0.00 %),0,0,0,0,6915472,2.05
16/02/2022,0,0,23.8(0.00 %),0,0,0,0,6915472,2.05
17/02/2022,-100,-2380000,23.4(-1.68 %),0,0,100,2380000,6915472,2.05
18/02/2022,0,0,23.4(0.00 %),0,0,0,0,6915472,2.05
21/02/2022,-1000,-23400000,23.4(0.00 %),0,0,1000,23400000,6915572,2.04
22/02/2022,0,0,22.15(-5.34 %),0,0,0,0,6915572,2.04
23/02/2022,0,0,22(-0.90 %),0,0,0,0,6916572,2.04
24/02/2022,0,0,23.5(6.82 %),0,0,0,0,6916572,2.04
25/02/2022,0,0,23.4(-0.43 %),0,0,0,0,6916572,2.04
28/02/2022,0,0,23.4(0.00 %),0,0,0,0,6916572,2.04
01/03/2022,0,0,23.4(0.00 %),0,0,0,0,6916572,2.04
02/03/2022,0,0,23.4(0.00 %),0,0,0,0,6916572,2.04
03/03/2022,0,0,23.9(2.14 %),0,0,0,0,6916572,2.04
04/03/2022,0,0,23.9(0.00 %),0,0,0,0,6916572,2.04
07/03/2022,0,0,23.7(-0.84 %),0,0,0,0,6916572,2.04
08/03/2022,0,0,23.7(0.00 %),0,0,0,0,6916572,2.04
09/03/2022,0,0,23.7(0.00 %),0,0,0,0,6916572,2.04
10/03/2022,-2400,-53235000,22.3(-5.91 %),0,0,2400,53235000,6916572,2.04
11/03/2022,0,0,23(3.14 %),0,0,0,0,6916572,2.04
14/03/2022,0,0,22(-4.35 %),0,0,0,0,6918972,2.02
15/03/2022,0,0,22(0.00 %),0,0,0,0,6918972,2.02
16/03/2022,0,0,22(0.00 %),0,0,0,0,6918972,2.02
17/03/2022,0,0,21.55(-2.05 %),0,0,0,0,6918972,2.02
18/03/2022,0,0,20.3(-6.02 %),0,0,0,0,6918972,2.02
21/03/2022,0,0,21.55(6.16 %),0,0,0,0,6918972,2.02
22/03/2022,0,0,21.55(-0.23 %),0,0,0,0,6918972,2.02
23/03/2022,0,0,21.8(0.93 %),0,0,0,0,6918972,2.02
24/03/2022,0,0,21.9(0.46 %),0,0,0,0,6918972,2.02
25/03/2022,0,0,21.5(-1.83 %),0,0,0,0,6918972,2.02
28/03/2022,-200,-4280000,21.4(-0.47 %),0,0,200,4280000,6918972,2.02
29/03/2022,0,0,22.7(6.07 %),0,0,0,0,6918972,2.02
30/03/2022,0,0,22.7(0.00 %),0,0,0,0,6919172,2.02
31/03/2022,0,0,21.2(-6.61 %),0,0,0,0,6919172,2.02
01/04/2022,0,0,21(-0.94 %),0,0,0,0,6919172,2.02
04/04/2022,0,0,22(4.76 %),0,0,0,0,6919172,2.02
05/04/2022,0,0,22(0.00 %),0,0,0,0,6919172,2.02
06/04/2022,0,0,22(0.00 %),0,0,0,0,6919172,2.02
07/04/2022,0,0,22(0.00 %),0,0,0,0,6919172,2.02
08/04/2022,0,0,22.7(3.18 %),0,0,0,0,6919172,2.02
12/04/2022,0,0,23.35(2.86 %),0,0,0,0,6919172,2.02
13/04/2022,0,0,23.35(-0.21 %),0,0,0,0,6919172,2.02
14/04/2022,0,0,23.35(-0.21 %),0,0,0,0,6919172,2.02
15/04/2022,0,0,23.3(-0.43 %),0,0,0,0,6919172,2.02
18/04/2022,0,0,23.2(-0.43 %),0,0,0,0,6919172,2.02
19/04/2022,0,0,23(-0.86 %),0,0,0,0,6919172,2.02
20/04/2022,0,0,22.9(-0.43 %),0,0,0,0,6919172,0.0
21/04/2022,0,0,22.9(0.00 %),0,0,0,0,6919172,2.02
22/04/2022,0,0,22.85(-0.22 %),0,0,0,0,6919172,2.02
25/04/2022,0,0,22.85(-0.22 %),0,0,0,0,6919172,2.02
26/04/2022,0,0,22.85(-0.22 %),0,0,0,0,6919172,2.02
27/04/2022,0,0,22.85(-0.22 %),0,0,0,0,6919172,2.02
28/04/2022,0,0,22.7(-0.87 %),0,0,0,0,6919172,2.02
29/04/2022,0,0,22.7(0.00 %),0,0,0,0,6919172,2.02
04/05/2022,0,0,22.7(0.00 %),0,0,0,0,6919172,2.02
05/05/2022,0,0,22.7(0.00 %),0,0,0,0,6919172,0.0
06/05/2022,0,0,22.7(0.00 %),0,0,0,0,6919172,2.02
09/05/2022,0,0,22.95(1.10 %),0,0,0,0,6919172,2.02
10/05/2022,0,0,22.95(-0.22 %),0,0,0,0,6919172,2.02
11/05/2022,0,0,23.55(2.61 %),0,0,0,0,6919172,0.0
12/05/2022,0,0,23.55(0.00 %),0,0,0,0,6919172,0.0
13/05/2022,0,0,23.55(0.00 %),0,0,0,0,6919172,2.02
16/05/2022,0,0,22.95(-2.75 %),0,0,0,0,6919172,2.02
17/05/2022,0,0,22.95(-0.22 %),0,0,0,0,6919172,2.02
18/05/2022,-500,-11450000,22.9(-0.43 %),0,0,500,11450000,6919172,2.02
19/05/2022,0,-11450000,22.9(0.00 %),0,0,0,11450000,6919172,2.02
20/05/2022,0,-11450000,22.9(0.00 %),0,0,0,11450000,6919672,2.02
23/05/2022,0,-11450000,22.9(0.00 %),0,0,0,11450000,6919672,2.02
24/05/2022,0,-11450000,22.9(0.00 %),0,0,0,11450000,6919672,2.02
25/05/2022,0,-11450000,22.9(0.00 %),0,0,0,11450000,6919672,2.02
26/05/2022,0,-11450000,22.75(-0.66 %),0,0,0,11450000,6919672,2.02
27/05/2022,0,-11450000,22.7(-0.44 %),0,0,0,11450000,6919672,2.02
30/05/2022,0,-11450000,22.7(0.00 %),0,0,0,11450000,6919672,2.02
31/05/2022,0,-11450000,23.8(4.85 %),0,0,0,11450000,6919672,2.02
01/06/2022,0,-11450000,23.8(0.00 %),0,0,0,11450000,6919672,2.02
02/06/2022,0,-11450000,23.8(0.00 %),0,0,0,11450000,6919672,2.02
03/06/2022,0,-11450000,23.8(0.00 %),0,0,0,11450000,6919672,2.02
06/06/2022,0,0,23.8(0.00 %),0,0,0,0,6919672,2.02
07/06/2022,0,-11450000,23.8(0.00 %),0,0,0,11450000,6919672,2.02
08/06/2022,0,-11450000,22.15(-6.93 %),0,0,0,11450000,6919672,2.02
09/06/2022,0,-11450000,22.4(0.90 %),0,0,0,11450000,6919672,2.02
10/06/2022,-3200,-73280000,22.9(2.23 %),0,0,3200,73280000,6919672,2.02
13/06/2022,0,-73280000,22.9(0.00 %),0,0,0,73280000,6919672,2.02
14/06/2022,0,-73280000,24(4.80 %),0,0,0,73280000,6922872,2.0
15/06/2022,0,-73280000,24(0.00 %),0,0,0,73280000,6922872,2.0
16/06/2022,0,-73280000,24(0.00 %),0,0,0,73280000,6922872,2.0
17/06/2022,0,-73280000,24(0.00 %),0,0,0,73280000,6922872,2.0
20/06/2022,0,0,24(0.00 %),0,0,0,0,6922872,2.0
21/06/2022,0,-73280000,24(0.00 %),0,0,0,73280000,6922872,2.0
22/06/2022,0,-73280000,22.35(-6.87 %),0,0,0,73280000,6922872,2.0
23/06/2022,0,-73280000,20.8(-7.14 %),0,0,0,73280000,6922872,2.0
24/06/2022,0,-73280000,19.35(-6.97 %),0,0,0,73280000,6922872,2.0
27/06/2022,0,-73280000,18(-7.22 %),0,0,0,73280000,6922872,2.0
28/06/2022,0,-73280000,19(5.56 %),0,0,0,73280000,6922872,2.0
29/06/2022,0,0,20.1(5.79 %),0,0,0,0,6922872,2.0
30/06/2022,-3100,-57970000,18.7(-6.97 %),0,0,3100,57970000,6922872,2.0
01/07/2022,-9200,-184000000,20(6.95 %),0,0,9200,184000000,6922872,2.0
04/07/2022,0,-184000000,20(0.00 %),0,0,0,184000000,6922872,2.0
05/07/2022,0,-184000000,18.6(-7.00 %),0,0,0,184000000,6935172,1.91
06/07/2022,0,-184000000,18.6(0.00 %),0,0,0,184000000,6935172,1.91
07/07/2022,0,-184000000,18.8(1.08 %),0,0,0,184000000,6935172,1.91
08/07/2022,0,-184000000,18.8(0.00 %),0,0,0,184000000,6935172,1.91
11/07/2022,0,-184000000,18.8(0.00 %),0,0,0,184000000,6935192,1.91
12/07/2022,0,-184000000,18.2(-3.19 %),0,0,0,184000000,6935192,1.91
13/07/2022,0,-184000000,18.2(0.00 %),0,0,0,184000000,6935192,1.91
14/07/2022,0,-184000000,18.3(0.55 %),0,0,0,184000000,6935192,1.91
15/07/2022,0,-184000000,18.3(0.00 %),0,0,0,184000000,6935192,1.91
18/07/2022,0,-184000000,18.3(0.00 %),0,0,0,184000000,6935192,1.91
19/07/2022,0,-184000000,18.3(0.00 %),0,0,0,184000000,6935192,1.91
20/07/2022,0,-184000000,18.3(0.00 %),0,0,0,184000000,6935192,1.91
21/07/2022,0,-184000000,18.3(0.00 %),0,0,0,184000000,6935192,1.91
22/07/2022,0,-184000000,18.3(0.00 %),0,0,0,184000000,6935192,1.91
25/07/2022,0,-184000000,18.3(0.00 %),0,0,0,184000000,6935192,1.91
26/07/2022,0,-184000000,18.3(0.00 %),0,0,0,184000000,6935192,1.91
27/07/2022,0,-184000000,18.3(0.00 %),0,0,0,184000000,6935192,1.91
28/07/2022,0,-184000000,18.3(0.00 %),0,0,0,184000000,6935192,1.91
29/07/2022,0,-184000000,18.3(0.00 %),0,0,0,184000000,6935192,1.91
01/08/2022,0,-184000000,18.25(-0.27 %),0,0,0,184000000,6935192,1.91
02/08/2022,0,-184000000,18.25(-0.27 %),0,0,0,184000000,6935192,1.91
03/08/2022,0,-184000000,18.25(-0.27 %),0,0,0,184000000,6935192,1.91
04/08/2022,0,-184000000,18.2(-0.55 %),0,0,0,184000000,6935192,1.91
05/08/2022,0,-184000000,18.2(0.00 %),0,0,0,184000000,6935192,1.91
08/08/2022,400,7280000,18.2(0.00 %),400,7280000,0,0,6934792,1.91
09/08/2022,0,7280000,18.2(0.00 %),0,7280000,0,0,6934792,1.91
10/08/2022,-1000,-18500000,18.5(1.65 %),0,0,1000,18500000,6934792,1.91
11/08/2022,0,-18500000,18.55(0.27 %),0,0,0,18500000,6934792,1.91
12/08/2022,0,-18500000,18.6(0.00 %),0,0,0,18500000,6935792,1.91
15/08/2022,0,-18500000,18.55(-0.27 %),0,0,0,18500000,6935792,1.91
16/08/2022,0,-18500000,17.5(-5.91 %),0,0,0,18500000,6935792,1.91
17/08/2022,0,-18500000,17.95(2.57 %),0,0,0,18500000,6935792,1.91
18/08/2022,0,-18500000,17.95(-0.28 %),0,0,0,18500000,6935792,1.91
19/08/2022,0,-18500000,16.75(-6.94 %),0,0,0,18500000,6935792,1.91
22/08/2022,0,-18500000,17.9(6.55 %),0,0,0,18500000,6935792,1.91
23/08/2022,0,-18500000,19(6.15 %),0,0,0,18500000,6935792,1.91
24/08/2022,0,-18500000,17.7(-6.84 %),0,0,0,18500000,6935792,1.91
25/08/2022,0,-18500000,17.7(0.00 %),0,0,0,18500000,6935792,1.91
26/08/2022,0,-18500000,17.65(-0.28 %),0,0,0,18500000,6935792,1.91
29/08/2022,0,-18500000,17.65(-0.28 %),0,0,0,18500000,6935792,1.91
30/08/2022,0,-18500000,17.65(-0.28 %),0,0,0,18500000,6935792,1.91
31/08/2022,0,-18500000,17.65(-0.28 %),0,0,0,18500000,6935792,1.91
05/09/2022,0,-18500000,17.9(1.13 %),0,0,0,18500000,6935792,1.91
06/09/2022,0,-18500000,17.9(0.00 %),0,0,0,18500000,6935792,1.91
07/09/2022,0,-18500000,17.9(0.00 %),0,0,0,18500000,6935792,1.91
08/09/2022,0,-18500000,17.9(0.00 %),0,0,0,18500000,6935792,1.91
09/09/2022,0,-18500000,17.9(0.00 %),0,0,0,18500000,6935792,1.91
12/09/2022,0,-18500000,19(6.15 %),0,0,0,18500000,6935792,1.91
13/09/2022,0,-18500000,20(5.26 %),0,0,0,18500000,6935792,1.91
14/09/2022,0,-18500000,20(0.00 %),0,0,0,18500000,6935792,1.91
15/09/2022,0,-18500000,20(0.00 %),0,0,0,18500000,0,1.91
16/09/2022,-73,0,20(0.00 %),0,0,73,0,6935792,1.91
19/09/2022,0,0,18.6(-7.00 %),0,0,0,0,6935792,1.91
20/09/2022,0,0,18.6(0.00 %),0,0,0,0,6935865,1.91
21/09/2022,0,0,17.3(-6.99 %),0,0,0,0,6935865,1.91
22/09/2022,0,0,17.3(0.00 %),0,0,0,0,6935865,1.91
23/09/2022,0,0,17.3(0.00 %),0,0,0,0,6935865,1.91
26/09/2022,0,0,17.3(0.00 %),0,0,0,0,6935865,1.91
27/09/2022,0,0,16.1(-6.94 %),0,0,0,0,6935865,1.91
28/09/2022,0,0,16.1(0.00 %),0,0,0,0,6935865,1.91
29/09/2022,0,0,15.5(-3.73 %),0,0,0,0,6935865,1.91
30/09/2022,0,0,15.5(0.00 %),0,0,0,0,6935865,1.91
03/10/2022,0,0,15.5(0.00 %),0,0,0,0,6935865,1.91
04/10/2022,0,0,16.45(6.13 %),0,0,0,0,6935865,1.91
05/10/2022,0,0,15.5(-6.06 %),0,0,0,0,6935865,1.91
06/10/2022,0,0,16(3.23 %),0,0,0,0,6935865,1.91
07/10/2022,0,0,16(0.00 %),0,0,0,0,6935865,1.91
10/10/2022,0,0,14.9(-6.88 %),0,0,0,0,6935865,1.91
11/10/2022,0,0,14.9(0.00 %),0,0,0,0,6935865,1.91
12/10/2022,0,0,15.75(5.70 %),0,0,0,0,6935865,1.91
13/10/2022,0,0,15.75(-0.32 %),0,0,0,0,6935865,1.91
14/10/2022,0,0,16.3(3.16 %),0,0,0,0,6935865,1.91
17/10/2022,0,0,16.3(0.00 %),0,0,0,0,6935865,1.91
18/10/2022,0,0,16.3(0.00 %),0,0,0,0,6935865,1.91
19/10/2022,0,0,16.3(0.00 %),0,0,0,0,6935865,1.91
20/10/2022,0,0,16.3(0.00 %),0,0,0,0,6935865,1.91
21/10/2022,0,0,15.2(-6.75 %),0,0,0,0,6935865,1.91
24/10/2022,0,0,15.2(0.00 %),0,0,0,0,6935865,1.91
25/10/2022,0,0,15.2(0.00 %),0,0,0,0,6935865,1.91
26/10/2022,0,0,15.2(0.00 %),0,0,0,0,6935865,1.91
27/10/2022,0,0,15.2(0.00 %),0,0,0,0,6935865,1.91
28/10/2022,0,0,15.2(0.00 %),0,0,0,0,6935865,1.91
31/10/2022,0,0,15.95(4.93 %),0,0,0,0,6935865,1.91
01/11/2022,0,0,15.95(-0.31 %),0,0,0,0,6935865,1.91
02/11/2022,0,0,15.95(-0.31 %),0,0,0,0,6935865,1.91
03/11/2022,0,0,14.85(-7.19 %),0,0,0,0,6935865,1.91
04/11/2022,0,0,14.85(-0.34 %),0,0,0,0,6935865,1.91
07/11/2022,0,0,14.85(-0.34 %),0,0,0,0,6935865,1.91
08/11/2022,0,0,14.85(-0.34 %),0,0,0,0,6935865,1.91
09/11/2022,0,0,14.85(-0.34 %),0,0,0,0,6935865,1.91
10/11/2022,0,0,14.85(-0.34 %),0,0,0,0,6935865,1.91
11/11/2022,0,0,15.7(5.37 %),0,0,0,0,6935865,1.91
14/11/2022,0,0,15.7(0.00 %),0,0,0,0,6935865,1.91
15/11/2022,0,0,15.7(0.00 %),0,0,0,0,6935865,1.91
16/11/2022,0,0,15.75(0.32 %),0,0,0,0,6935865,1.91
17/11/2022,0,0,15.75(-0.32 %),0,0,0,0,6935865,1.91
18/11/2022,0,0,15.75(-0.32 %),0,0,0,0,6935865,1.91
21/11/2022,0,0,15.75(-0.32 %),0,0,0,0,6935865,1.91
22/11/2022,0,0,15.75(-0.32 %),0,0,0,0,6935865,1.91
23/11/2022,0,0,15.75(-0.32 %),0,0,0,0,6935865,1.91
24/11/2022,0,0,15.75(0.00 %),0,0,0,0,6935865,1.91
25/11/2022,0,0,15.75(-0.32 %),0,0,0,0,6935865,1.91
28/11/2022,0,0,15.75(-0.32 %),0,0,0,0,6935865,1.91
29/11/2022,0,0,15.95(0.95 %),0,0,0,0,6935865,1.91
30/11/2022,0,0,15.95(-0.31 %),0,0,0,0,6935865,1.91
01/12/2022,0,0,15.95(-0.31 %),0,0,0,0,6935865,1.91
02/12/2022,0,0,15.95(-0.31 %),0,0,0,0,6935865,1.91
05/12/2022,-2,0,15.95(-0.31 %),0,0,2,0,6935867,1.91
06/12/2022,0,0,14.85(-7.19 %),0,0,0,0,6935867,1.91
07/12/2022,0,0,14.85(-0.34 %),0,0,0,0,6935867,1.91
08/12/2022,0,0,14.85(-0.34 %),0,0,0,0,6935867,1.91
09/12/2022,0,0,14.85(-0.34 %),0,0,0,0,6935867,1.91
12/12/2022,0,0,15.55(4.36 %),0,0,0,0,6935867,0.0
13/12/2022,0,0,15(-3.85 %),0,0,0,0,6935867,1.91
14/12/2022,0,0,15(0.00 %),0,0,0,0,6935867,1.91
15/12/2022,0,0,16(6.67 %),0,0,0,0,6935867,1.91
16/12/2022,0,0,16(0.00 %),0,0,0,0,6935867,1.91
19/12/2022,0,0,16(0.00 %),0,0,0,0,6935867,1.91
20/12/2022,0,0,16.45(2.81 %),0,0,0,0,6935867,1.91
21/12/2022,0,0,15.3(-7.27 %),0,0,0,0,6935867,1.91
22/12/2022,0,0,15.3(0.00 %),0,0,0,0,6935867,1.91
23/12/2022,0,0,15.3(0.00 %),0,0,0,0,6935867,1.91
26/12/2022,0,0,15.3(0.00 %),0,0,0,0,6935867,0.0
27/12/2022,0,0,15.3(0.00 %),0,0,0,0,6935867,1.91
28/12/2022,0,0,15.3(0.00 %),0,0,0,0,6935867,1.91
29/12/2022,0,0,15.3(0.00 %),0,0,0,0,6935867,1.91
30/12/2022,0,0,15.3(0.00 %),0,0,0,0,6935867,1.91
03/01/2023,0,0,15.3(0.00 %),0,0,0,0,6935867,1.91
04/01/2023,0,0,15.3(0.00 %),0,0,0,0,6935867,1.91
05/01/2023,0,0,15.3(0.00 %),0,0,0,0,6935867,1.91
06/01/2023,0,0,14.3(-6.54 %),0,0,0,0,6935867,1.91
09/01/2023,0,0,13.3(-6.99 %),0,0,0,0,6935867,1.91
10/01/2023,0,0,14.15(6.39 %),0,0,0,0,6935867,1.91
11/01/2023,0,0,14.15(-0.35 %),0,0,0,0,6935867,1.91
12/01/2023,0,0,13.45(-5.28 %),0,0,0,0,6935867,1.91
13/01/2023,0,0,13.45(-0.37 %),0,0,0,0,6935867,1.91
16/01/2023,0,0,13.4(-0.74 %),0,0,0,0,6935867,1.91
17/01/2023,0,0,13.4(0.00 %),0,0,0,0,6935867,1.91
18/01/2023,0,0,13.4(0.00 %),0,0,0,0,6935867,1.91
19/01/2023,0,0,13.4(0.00 %),0,0,0,0,6935867,1.91
27/01/2023,0,0,13.4(0.00 %),0,0,0,0,6935867,1.91
30/01/2023,0,0,13.4(0.00 %),0,0,0,0,6935867,1.91
31/01/2023,0,0,13.4(0.00 %),0,0,0,0,6935867,1.91
01/02/2023,0,0,13.4(0.00 %),0,0,0,0,6935867,1.91
02/02/2023,0,0,13(-2.99 %),0,0,0,0,6935867,1.91
03/02/2023,0,0,13(0.00 %),0,0,0,0,6935867,1.91
06/02/2023,0,0,13.9(6.92 %),0,0,0,0,6935867,1.91
07/02/2023,0,0,13.9(0.00 %),0,0,0,0,6935867,1.91
08/02/2023,0,0,13.9(0.00 %),0,0,0,0,6935867,1.91
09/02/2023,0,0,13.9(0.00 %),0,0,0,0,6935867,1.91
10/02/2023,0,0,13.9(0.00 %),0,0,0,0,6935867,1.91
13/02/2023,0,0,14.85(6.83 %),0,0,0,0,6935867,1.91
14/02/2023,0,0,14.85(-0.34 %),0,0,0,0,6935867,1.91
15/02/2023,0,0,15.3(2.68 %),0,0,0,0,6935867,1.91
16/02/2023,0,0,15.3(0.00 %),0,0,0,0,6935867,1.91
17/02/2023,0,0,15.3(0.00 %),0,0,0,0,6935867,1.91
20/02/2023,0,0,15.3(0.00 %),0,0,0,0,6935867,1.91
21/02/2023,0,0,14.5(-5.23 %),0,0,0,0,6935867,1.91
22/02/2023,0,0,14.5(0.00 %),0,0,0,0,6935867,1.91
23/02/2023,0,0,15.5(6.90 %),0,0,0,0,6935867,1.91
24/02/2023,0,0,15.5(0.00 %),0,0,0,0,6935867,1.91
27/02/2023,0,0,15.4(-0.65 %),0,0,0,0,6935867,1.91
28/02/2023,0,0,15.4(0.00 %),0,0,0,0,6935867,1.91
01/03/2023,0,0,15.4(0.00 %),0,0,0,0,6935867,1.91
02/03/2023,0,0,15.4(0.00 %),0,0,0,0,6935867,1.91
03/03/2023,0,0,15.4(0.00 %),0,0,0,0,6935867,1.91
06/03/2023,0,0,15.4(0.00 %),0,0,0,0,6935867,1.91
07/03/2023,0,0,15.4(0.00 %),0,0,0,0,6935867,1.91
08/03/2023,0,0,15.4(0.00 %),0,0,0,0,6935867,1.91
09/03/2023,0,0,15.4(0.00 %),0,0,0,0,6935867,1.91
10/03/2023,0,0,15.4(0.00 %),0,0,0,0,6935867,1.91
13/03/2023,0,0,14.35(-6.82 %),0,0,0,0,6935867,1.91
14/03/2023,0,0,14.35(-0.35 %),0,0,0,0,6935867,1.91
15/03/2023,-100,-1335000,13.35(-7.29 %),0,0,100,1335000,6935867,1.91
16/03/2023,0,-1335000,12.55(-6.34 %),0,0,0,1335000,6935867,1.91
17/03/2023,-500,-6525000,13.05(3.57 %),0,0,500,6525000,6935967,1.91
20/03/2023,0,-6525000,13.9(6.11 %),0,0,0,6525000,6935967,1.91
21/03/2023,0,0,12.95(-6.83 %),0,0,0,0,6936467,1.9
22/03/2023,0,0,12.05(-7.31 %),0,0,0,0,6936467,0.0
23/03/2023,0,0,12(-0.83 %),0,0,0,0,6936467,0.0
24/03/2023,0,0,11.2(-6.67 %),0,0,0,0,6936467,0.0
27/03/2023,-800,-8960000,11.2(0.00 %),0,0,800,8960000,6937267,0.0
28/03/2023,0,-8960000,11(-1.79 %),0,0,0,8960000,6937267,1.9
29/03/2023,0,-8960000,11(0.00 %),0,0,0,8960000,6937267,1.9
30/03/2023,0,-8960000,11(0.00 %),0,0,0,8960000,6937267,1.9
31/03/2023,0,-8960000,11.55(5.00 %),0,0,0,8960000,6937267,1.9
03/04/2023,-300,-3255000,10.85(-6.47 %),0,0,300,3255000,6937267,1.9
04/04/2023,0,-3255000,11(0.92 %),0,0,0,3255000,6937267,1.9
05/04/2023,-24,-280800,11.7(6.36 %),0,0,24,280800,6937567,1.9
06/04/2023,0,-280800,11.7(0.00 %),0,0,0,280800,6937567,1.9
07/04/2023,0,-280800,11.7(0.00 %),0,0,0,280800,6937591,1.9
10/04/2023,0,-280800,12(2.56 %),0,0,0,280800,6937591,1.9
11/04/2023,0,-280800,12(0.00 %),0,0,0,280800,6937591,1.9
12/04/2023,0,0,11.5(-4.17 %),0,0,0,0,6937591,1.9
13/04/2023,0,-280800,11.5(0.00 %),0,0,0,280800,6937591,1.9
14/04/2023,0,-280800,11.5(0.00 %),0,0,0,280800,6937591,1.9
17/04/2023,0,-280800,11.5(0.00 %),0,0,0,280800,6937591,1.9
18/04/2023,0,-280800,12(4.35 %),0,0,0,280800,6937591,1.9
19/04/2023,0,-280800,12(0.00 %),0,0,0,280800,6937591,1.9
20/04/2023,0,0,12(0.00 %),0,0,0,0,6937591,1.9
21/04/2023,0,-280800,12(0.00 %),0,0,0,280800,6937591,1.9
24/04/2023,0,-280800,12(0.00 %),0,0,0,280800,6937591,1.9
25/04/2023,0,-280800,11.5(-4.17 %),0,0,0,280800,6937591,1.9
26/04/2023,0,-280800,11.5(0.00 %),0,0,0,280800,6937591,1.9
27/04/2023,0,0,11.85(3.04 %),0,0,0,0,6937591,1.9
28/04/2023,0,0,11.85(0.00 %),0,0,0,0,6937591,1.9
04/05/2023,0,0,11.25(-5.06 %),0,0,0,0,6937591,1.9
05/05/2023,0,0,11.25(0.00 %),0,0,0,0,6937591,1.9
08/05/2023,0,0,10.95(-2.67 %),0,0,0,0,6937591,1.9
09/05/2023,0,0,11.45(4.09 %),0,0,0,0,6937591,1.9
10/05/2023,0,0,11.45(-0.43 %),0,0,0,0,6937591,1.9
11/05/2023,0,0,11.45(-0.43 %),0,0,0,0,6937591,1.9
12/05/2023,0,0,11.45(-0.43 %),0,0,0,0,6937591,1.9
15/05/2023,0,0,11.45(0.00 %),0,0,0,0,6937591,1.9
16/05/2023,0,0,11.45(0.00 %),0,0,0,0,6937591,1.9
17/05/2023,0,0,11.4(-0.44 %),0,0,0,0,6937591,1.9
18/05/2023,0,0,11.1(-2.63 %),0,0,0,0,6937591,1.9
19/05/2023,0,0,11.1(0.00 %),0,0,0,0,6937591,1.9
22/05/2023,0,0,11.7(5.41 %),0,0,0,0,6937591,1.9
23/05/2023,0,0,11.5(-1.71 %),0,0,0,0,6937591,1.9
24/05/2023,0,0,11.85(3.04 %),0,0,0,0,6937591,1.9
25/05/2023,0,0,11.85(0.00 %),0,0,0,0,6937591,1.9
26/05/2023,0,0,11.7(-1.27 %),0,0,0,0,6937591,1.9
29/05/2023,300,3585000,11.85(1.28 %),300,3585000,0,0,6937291,1.9
30/05/2023,0,0,11.85(0.00 %),0,0,0,0,6937291,1.9
31/05/2023,0,0,11.1(-6.33 %),0,0,0,0,6937291,1.9
01/06/2023,0,0,11.5(3.60 %),0,0,0,0,6937291,1.9
02/06/2023,0,0,11.35(-1.30 %),0,0,0,0,6937291,1.9
05/06/2023,-4600,-55660000,12.1(6.61 %),0,0,4600,55660000,6941891,1.87
06/06/2023,0,0,12.9(6.61 %),0,0,0,0,6941891,1.87
07/06/2023,0,0,12.85(-0.39 %),0,0,0,0,6941891,1.87
08/06/2023,0,0,12.85(0.00 %),0,0,0,0,6941891,1.87
09/06/2023,0,0,12.85(0.00 %),0,0,0,0,6941891,1.87
12/06/2023,0,0,12.85(0.00 %),0,0,0,0,6941891,1.87
13/06/2023,0,0,12.85(0.00 %),0,0,0,0,6941891,1.87
14/06/2023,0,0,12.85(0.00 %),0,0,0,0,6941891,1.87
15/06/2023,0,0,12.85(0.00 %),0,0,0,0,6941891,1.87
16/06/2023,0,0,12(-6.98 %),0,0,0,0,6941891,1.87
19/06/2023,0,0,11.25(-6.25 %),0,0,0,0,6941891,1.87
20/06/2023,0,0,12(6.19 %),0,0,0,0,6941891,1.87
21/06/2023,0,0,12(0.00 %),0,0,0,0,6941891,1.87
22/06/2023,0,0,12(0.00 %),0,0,0,0,6941891,1.87
23/06/2023,0,0,12(0.00 %),0,0,0,0,6941891,1.87
26/06/2023,0,0,12.8(6.67 %),0,0,0,0,6941891,1.87
27/06/2023,0,0,13(1.56 %),0,0,0,0,6941891,1.87
28/06/2023,0,0,13.9(6.92 %),0,0,0,0,6941891,1.87
29/06/2023,0,0,13.9(0.00 %),0,0,0,0,6941891,1.87
30/06/2023,0,0,13.5(-2.88 %),0,0,0,0,6941891,1.87
03/07/2023,0,0,14(3.70 %),0,0,0,0,6941891,1.87
04/07/2023,0,0,14.95(6.79 %),0,0,0,0,6941891,1.87
05/07/2023,0,0,15.9(6.00 %),0,0,0,0,6941891,1.87
06/07/2023,0,0,15.9(0.00 %),0,0,0,0,6941891,1.87
07/07/2023,0,0,15.35(-3.46 %),0,0,0,0,6941894,1.87
10/07/2023,1000,15900000,15.45(0.32 %),1000,15900000,0,0,6940894,1.87
11/07/2023,0,0,16.5(6.45 %),0,0,0,0,6940894,1.87
12/07/2023,0,0,16.5(0.00 %),0,0,0,0,6940894,1.87
13/07/2023,100,1700000,17(3.03 %),100,1700000,0,0,6940794,1.87
14/07/2023,500,8430000,16.9(-0.59 %),500,8430000,0,0,6940294,1.88
17/07/2023,-100,-1550000,15.3(-0.65 %),0,0,100,1550000,6940394,1.88
18/07/2023,0,0,14.25(-6.86 %),0,0,0,0,6940394,1.88
19/07/2023,0,0,14.3(0.00 %),0,0,0,0,6940394,1.88
20/07/2023,0,0,14.3(0.00 %),0,0,0,0,6940394,1.88
21/07/2023,0,0,14.4(0.70 %),0,0,0,0,6940394,1.88
24/07/2023,0,0,14.7(2.08 %),0,0,0,0,6940394,1.88
25/07/2023,1100,16170000,14.7(0.00 %),1100,16170000,0,0,6939294,1.88
26/07/2023,0,0,14.4(-2.04 %),0,0,0,0,6939294,1.88
27/07/2023,0,0,13.9(-3.47 %),0,0,0,0,6939294,1.88
28/07/2023,0,0,14(0.72 %),0,0,0,0,6939294,1.88
31/07/2023,-100,-1495000,14.95(6.79 %),0,0,100,1495000,6939394,1.88
01/08/2023,0,0,14.7(-2.00 %),0,0,0,0,6939294,1.88
02/08/2023,0,0,14.2(-3.40 %),0,0,0,0,6939294,1.88
03/08/2023,0,0,14.2(0.00 %),0,0,0,0,6939294,1.88
04/08/2023,0,0,14(-1.41 %),0,0,0,0,6939394,1.88
07/08/2023,0,0,14(0.00 %),0,0,0,0,6939394,1.88
08/08/2023,0,0,14.1(0.71 %),0,0,0,0,6939394,1.88
09/08/2023,0,0,14.1(0.00 %),0,0,0,0,6939394,1.88
10/08/2023,0,0,14.2(0.71 %),0,0,0,0,6939394,1.88
11/08/2023,0,0,14(-1.41 %),0,0,0,0,6939394,1.88
14/08/2023,0,0,13.95(-0.36 %),0,0,0,0,6939394,1.88
15/08/2023,0,0,13.6(-2.86 %),0,0,0,0,6939394,1.88
16/08/2023,0,0,13.6(0.00 %),0,0,0,0,6939394,1.88
17/08/2023,0,0,14.05(3.31 %),0,0,0,0,6939394,1.88
18/08/2023,0,0,13.15(-6.74 %),0,0,0,0,6939394,1.88
21/08/2023,0,0,13.4(1.52 %),0,0,0,0,6939394,1.88
22/08/2023,200,2675000,13.5(0.75 %),200,2675000,0,0,6939194,1.88
23/08/2023,0,0,12.75(-5.56 %),0,0,0,0,6939194,1.88
24/08/2023,0,0,13.1(2.75 %),0,0,0,0,6939194,1.88
25/08/2023,0,0,12.95(-1.15 %),0,0,0,0,6939194,1.88
28/08/2023,300,3900000,13.2(1.93 %),300,3900000,0,0,6938894,1.89
29/08/2023,600,7650000,12.75(-3.41 %),600,7650000,0,0,6938294,1.89
30/08/2023,0,0,13(1.96 %),0,0,0,0,6938294,1.89
31/08/2023,0,0,13.3(2.31 %),0,0,0,0,6938294,1.89
05/09/2023,0,0,13.7(3.01 %),0,0,0,0,6938294,1.89
06/09/2023,0,-40000,13.7(0.00 %),700,9410000,700,9450000,6938294,1.89
07/09/2023,-200,-2790000,13.7(0.00 %),0,0,200,2790000,6937594,1.9
08/09/2023,-200,-2790000,13.8(0.73 %),0,0,200,2790000,6938294,1.89
11/09/2023,0,0,14(1.45 %),0,0,0,0,6938494,1.89
12/09/2023,0,0,13.4(-4.29 %),0,0,0,0,6938694,1.89
13/09/2023,100,1350000,13.8(2.99 %),100,1350000,0,0,6938594,1.89
14/09/2023,1200,16200000,13.8(0.00 %),1200,16200000,0,0,6937394,1.9
15/09/2023,0,0,13.4(-2.90 %),0,0,0,0,6937394,1.9
18/09/2023,0,0,13.75(2.61 %),0,0,0,0,6937394,1.9
19/09/2023,0,0,13.7(-0.36 %),0,0,0,0,6937417,1.9
20/09/2023,0,0,14(2.19 %),0,0,0,0,6937417,1.9
21/09/2023,0,0,14(0.00 %),0,0,0,0,6937417,1.9
22/09/2023,0,0,13.85(-1.07 %),0,0,0,0,6937417,1.9
25/09/2023,0,0,13.3(-3.97 %),0,0,0,0,6937417,1.9
26/09/2023,0,0,13.6(2.26 %),0,0,0,0,6937426,1.9
27/09/2023,0,0,13.55(-0.37 %),0,0,0,0,6937426,1.9
28/09/2023,0,0,13.55(0.00 %),0,0,0,0,6937426,1.9
29/09/2023,0,0,13.55(0.00 %),0,0,0,0,6937440,1.9
02/10/2023,0,0,14.1(4.06 %),0,0,0,0,6937440,1.9
03/10/2023,0,0,13.55(-3.90 %),0,0,0,0,6937440,1.9
04/10/2023,0,0,13.45(-0.74 %),0,0,0,0,6937440,1.9
05/10/2023,0,0,13.7(1.86 %),0,0,0,0,6937440,1.9
06/10/2023,0,0,13.7(0.00 %),0,0,0,0,6937440,1.9
09/10/2023,0,0,13.3(-2.92 %),0,0,0,0,6937440,1.9
10/10/2023,0,0,13.6(2.26 %),0,0,0,0,6937440,1.9
11/10/2023,0,0,13.5(-0.74 %),0,0,0,0,6937440,1.9
12/10/2023,0,0,13.5(0.00 %),0,0,0,0,6937440,1.9
13/10/2023,0,0,13.6(0.74 %),0,0,0,0,6937440,1.9
16/10/2023,0,0,13.6(0.00 %),0,0,0,0,6937440,1.9
17/10/2023,0,0,13(-4.41 %),0,0,0,0,6937440,1.9
18/10/2023,0,0,13(0.00 %),0,0,0,0,6937440,1.9
19/10/2023,100,1295000,12.1(-6.92 %),100,1295000,0,0,6937340,1.9
20/10/2023,400,4880000,12.4(2.48 %),400,4880000,0,0,6936940,1.9
23/10/2023,0,0,12.7(2.42 %),0,0,0,0,6936940,1.9
24/10/2023,0,0,13.1(3.15 %),0,0,0,0,6936940,1.9
25/10/2023,0,0,13.1(0.00 %),0,0,0,0,6936940,1.9
26/10/2023,0,0,13.1(0.00 %),0,0,0,0,6936940,1.9
27/10/2023,100,1290000,12.9(-1.53 %),100,1290000,0,0,6936840,1.9
30/10/2023,0,0,12.6(-2.33 %),0,0,0,0,6936840,1.9
31/10/2023,0,0,12.25(-2.78 %),0,0,0,0,6936840,1.9
01/11/2023,100,1225000,12.35(0.82 %),100,1225000,0,0,6936740,1.9
02/11/2023,0,0,12.4(0.40 %),0,0,0,0,6936740,1.9
03/11/2023,0,0,12.8(3.23 %),0,0,0,0,6936740,1.9
06/11/2023,0,0,12.95(1.17 %),0,0,0,0,6936740,1.9
07/11/2023,0,0,12.5(-3.47 %),0,0,0,0,6936740,1.9
08/11/2023,0,0,12.5(0.00 %),0,0,0,0,6936740,1.9
09/11/2023,-2600,-30705000,12.2(-2.40 %),0,0,2600,30705000,6936740,1.9
10/11/2023,0,0,12(-1.64 %),0,0,0,0,6936740,1.9
13/11/2023,0,0,11.8(-1.67 %),0,0,0,0,6939421,1.88
14/11/2023,0,0,11.8(0.00 %),0,0,0,0,6936740,1.9
15/11/2023,0,0,12(1.69 %),0,0,0,0,6936740,1.9
16/11/2023,0,0,12.1(0.83 %),0,0,0,0,6936740,1.9
17/11/2023,0,0,12(-0.83 %),0,0,0,0,6939421,1.88
20/11/2023,4000,48000000,12.35(2.92 %),4000,48000000,0,0,6935421,1.91
21/11/2023,0,0,12.2(-1.21 %),0,0,0,0,6935421,1.91
22/11/2023,0,0,11.8(-3.28 %),0,0,0,0,6935421,1.91
23/11/2023,0,0,12(1.69 %),0,0,0,0,6935421,1.91
24/11/2023,0,0,12.2(1.67 %),0,0,0,0,6935421,1.91
27/11/2023,0,0,12.2(0.00 %),0,0,0,0,6935421,1.91
28/11/2023,0,0,12.35(1.23 %),0,0,0,0,6935421,1.91
29/11/2023,0,0,12.35(0.00 %),0,0,0,0,6935421,1.91
30/11/2023,0,0,12.3(-0.40 %),0,0,0,0,6935421,1.91
01/12/2023,0,0,12.95(5.28 %),0,0,0,0,6935421,1.91
04/12/2023,0,0,13.7(5.79 %),0,0,0,0,6935421,1.91
05/12/2023,0,0,13.45(-1.82 %),0,0,0,0,6935421,1.91
06/12/2023,0,0,13.3(-1.12 %),0,0,0,0,6935421,1.91
07/12/2023,0,0,13.3(0.00 %),0,0,0,0,6935421,1.91
08/12/2023,0,0,13.5(1.50 %),0,0,0,0,6935421,1.91
11/12/2023,0,0,13.4(-0.74 %),0,0,0,0,6935421,1.91
12/12/2023,0,0,13.4(0.00 %),0,0,0,0,6935421,1.91
13/12/2023,0,0,13(-2.99 %),0,0,0,0,6935421,1.91
14/12/2023,0,0,13(0.00 %),0,0,0,0,6935421,1.91
15/12/2023,0,0,13.1(0.77 %),0,0,0,0,6935421,1.91
18/12/2023,0,0,13(-0.76 %),0,0,0,0,6935421,1.91
19/12/2023,0,0,13.4(3.08 %),0,0,0,0,6935421,1.91
20/12/2023,0,0,13.4(0.00 %),0,0,0,0,6935421,1.91
21/12/2023,0,0,13.4(0.00 %),0,0,0,0,6935421,1.91
22/12/2023,100,1340000,13.4(0.00 %),100,1340000,0,0,6935321,1.91
25/12/2023,0,0,13.4(0.00 %),0,0,0,0,6935321,1.91
26/12/2023,-20900,-261475000,13.5(0.75 %),0,0,20900,261475000,6956221,1.77
27/12/2023,0,0,13.5(0.00 %),0,0,0,0,6956221,1.77
28/12/2023,0,0,13.15(-2.59 %),0,0,0,0,6956221,1.77
29/12/2023,0,0,13.1(-0.38 %),0,0,0,0,6956221,1.77
02/01/2024,0,0,13.55(3.44 %),0,0,0,0,6956265,1.77
03/01/2024,0,0,13(-4.06 %),0,0,0,0,6956265,1.77
04/01/2024,0,0,13(0.00 %),0,0,0,0,6956265,1.77
05/01/2024,100,1300000,13(0.00 %),100,1300000,0,0,6956165,1.77
08/01/2024,0,0,13.5(3.85 %),0,0,0,0,6956165,1.77
09/01/2024,0,0,13.55(0.37 %),0,0,0,0,6956165,1.77
10/01/2024,0,0,13.45(-0.74 %),0,0,0,0,6956165,1.77
11/01/2024,0,0,13.4(-0.37 %),0,0,0,0,6956165,1.77
12/01/2024,0,0,13.4(0.00 %),0,0,0,0,6956165,1.77
15/01/2024,-100,-1320000,13.45(0.37 %),0,0,100,1320000,6956165,1.77
16/01/2024,0,0,13.45(0.00 %),0,0,0,0,6956165,1.77
17/01/2024,0,0,13.5(0.37 %),0,0,0,0,6956265,1.77
18/01/2024,0,0,13.3(-1.48 %),0,0,0,0,6956265,1.77
19/01/2024,0,0,13.6(2.26 %),0,0,0,0,6956265,1.77
22/01/2024,0,0,13.4(-1.47 %),0,0,0,0,6956265,1.77
23/01/2024,0,0,13.5(0.75 %),0,0,0,0,6956265,1.77
24/01/2024,0,0,13.4(-0.74 %),0,0,0,0,6956265,1.77
25/01/2024,0,0,13.9(3.73 %),0,0,0,0,6956265,1.77
26/01/2024,0,0,13.7(-1.44 %),0,0,0,0,6956265,1.77
29/01/2024,0,0,13.5(-1.46 %),0,0,0,0,6956265,1.77
30/01/2024,0,0,13.5(0.00 %),0,0,0,0,6956265,1.77
31/01/2024,0,0,13.5(0.00 %),0,0,0,0,6956265,1.77
01/02/2024,0,0,13.5(0.00 %),0,0,0,0,6956265,1.77
02/02/2024,0,0,13.45(-0.37 %),0,0,0,0,6956265,1.77
05/02/2024,0,0,13.45(0.00 %),0,0,0,0,6956265,1.77
06/02/2024,0,0,13.35(-0.74 %),0,0,0,0,6956265,1.77
07/02/2024,0,0,13.6(1.87 %),0,0,0,0,6956265,1.77
15/02/2024,0,0,13.6(0.00 %),0,0,0,0,6956265,1.77
16/02/2024,0,0,13.45(-1.10 %),0,0,0,0,6956265,1.77
19/02/2024,0,0,13.8(2.60 %),0,0,0,0,6956265,1.77
20/02/2024,0,0,14(1.45 %),0,0,0,0,6956265,1.77
21/02/2024,0,0,14.3(2.14 %),0,0,0,0,6956265,1.77
22/02/2024,0,0,15.3(6.99 %),0,0,0,0,6956265,1.77
23/02/2024,0,0,15.75(2.94 %),0,0,0,0,6956265,1.77
26/02/2024,-23175,-354592500,15.05(-4.44 %),0,0,23175,354592500,6956265,1.77
27/02/2024,0,0,15.4(2.33 %),0,0,0,0,6979440,1.61
28/02/2024,0,0,15.9(3.25 %),0,0,0,0,6979440,1.61
29/02/2024,0,0,15.9(0.00 %),0,0,0,0,6979440,1.61
01/03/2024,300,4755000,15.9(0.00 %),300,4755000,0,0,6979140,1.61
04/03/2024,-1500,-24490000,16.85(5.97 %),0,0,1500,24490000,6980640,1.6
05/03/2024,0,0,17.2(2.08 %),0,0,0,0,6979140,1.61
06/03/2024,0,0,16.45(-4.36 %),0,0,0,0,6980640,1.6
07/03/2024,3000,51000000,16.75(0.30 %),3000,51000000,0,0,6977640,1.62
08/03/2024,0,0,16.8(0.30 %),0,0,0,0,6977640,1.62
11/03/2024,800,13520000,17(1.19 %),800,13520000,0,0,6976840,1.63
12/03/2024,800,13440000,16.95(-0.29 %),800,13440000,0,0,6976040,1.63
13/03/2024,0,0,16.95(0.00 %),0,0,0,0,6976040,1.63
14/03/2024,0,0,14.5(-6.15 %),0,0,0,0,6976040,1.63
15/03/2024,0,0,14.5(0.00 %),0,0,0,0,6976040,1.63
18/03/2024,0,0,14(-3.45 %),0,0,0,0,6976040,1.63
19/03/2024,0,0,13.7(-2.14 %),0,0,0,0,6976040,1.63
20/03/2024,0,0,13.75(0.36 %),0,0,0,0,6976040,1.63
21/03/2024,0,0,13.8(0.36 %),0,0,0,0,6976040,1.63
22/03/2024,0,0,13.9(0.72 %),0,0,0,0,6976040,1.63
25/03/2024,0,0,13.75(-1.08 %),0,0,0,0,6976040,1.63
26/03/2024,0,0,14.05(2.18 %),0,0,0,0,6976040,1.63
27/03/2024,600,8250000,13.9(-1.07 %),600,8250000,0,0,6975440,1.64
28/03/2024,0,0,14(0.72 %),0,0,0,0,6975440,1.64
29/03/2024,-600,-8880000,14.15(1.07 %),0,0,600,8880000,6975440,1.64
01/04/2024,0,0,14.6(3.18 %),0,0,0,0,6975440,1.64
02/04/2024,0,0,14.1(-3.42 %),0,0,0,0,6975440,1.64
03/04/2024,0,0,14.2(0.71 %),0,0,0,0,6976040,1.63
04/04/2024,0,0,14.2(0.00 %),0,0,0,0,6975440,1.64
05/04/2024,0,0,14.2(0.00 %),0,0,0,0,6976040,1.63
08/04/2024,0,0,14.1(-0.70 %),0,0,0,0,6975440,1.64
09/04/2024,0,0,14.1(0.00 %),0,0,0,0,6975440,1.64
10/04/2024,0,0,14.1(0.00 %),0,0,0,0,6975440,1.64
11/04/2024,0,0,14.1(0.00 %),0,0,0,0,6976040,1.63
12/04/2024,0,0,14.1(0.00 %),0,0,0,0,6976040,1.63
15/04/2024,0,0,14.1(0.00 %),0,0,0,0,6975440,1.64
16/04/2024,0,0,13.95(-1.06 %),0,0,0,0,6975440,1.64
17/04/2024,0,0,13.8(-1.08 %),0,0,0,0,6975440,1.64
19/04/2024,0,0,14(1.45 %),0,0,0,0,6975440,1.64
22/04/2024,0,0,13.85(-1.07 %),0,0,0,0,6976040,1.63
23/04/2024,0,0,13.8(-0.36 %),0,0,0,0,6976040,1.63
24/04/2024,0,0,13.9(0.72 %),0,0,0,0,6975440,1.64
25/04/2024,0,0,13.8(-0.72 %),0,0,0,0,6975440,1.64
26/04/2024,0,0,14(1.45 %),0,0,0,0,6976040,1.63
02/05/2024,0,0,13.85(-1.07 %),0,0,0,0,6976040,1.63
03/05/2024,0,0,13.9(0.36 %),0,0,0,0,6976040,1.63
06/05/2024,0,0,14.35(3.24 %),0,0,0,0,6976040,1.63
07/05/2024,0,0,14.25(-0.70 %),0,0,0,0,6976040,1.63
08/05/2024,0,0,14.25(0.00 %),0,0,0,0,6976040,1.63
09/05/2024,0,0,14.1(-1.05 %),0,0,0,0,6976040,1.63
10/05/2024,0,0,14.1(0.00 %),0,0,0,0,6976040,1.63
13/05/2024,0,0,14.35(1.77 %),0,0,0,0,6976040,1.63
14/05/2024,0,0,14.7(2.44 %),0,0,0,0,6976040,1.63
15/05/2024,0,0,14.7(0.00 %),0,0,0,0,6976040,1.63
16/05/2024,200,2940000,14.7(0.00 %),200,2940000,0,0,6975840,1.64
17/05/2024,0,0,14.7(0.00 %),0,0,0,0,6975840,1.64
20/05/2024,0,0,14.7(0.00 %),0,0,0,0,6975884,1.64
21/05/2024,0,0,14.7(0.00 %),0,0,0,0,6975884,1.64
22/05/2024,0,0,14.65(-0.34 %),0,0,0,0,6975884,1.64
23/05/2024,0,0,15.4(5.12 %),0,0,0,0,6975884,1.64
24/05/2024,0,0,14.85(-3.57 %),0,0,0,0,6976040,1.63
27/05/2024,0,0,15.3(3.03 %),0,0,0,0,6975884,1.64
28/05/2024,1000,15000000,15(-1.96 %),1000,15000000,0,0,6974884,1.64
29/05/2024,0,0,15(0.00 %),0,0,0,0,6974884,1.64
30/05/2024,0,0,15(0.00 %),0,0,0,0,6974884,1.64
31/05/2024,0,0,14.95(-0.33 %),0,0,0,0,6974884,1.64
03/06/2024,0,0,14.95(0.00 %),0,0,0,0,6974884,1.64
04/06/2024,0,0,15.3(2.34 %),0,0,0,0,6974884,1.64
05/06/2024,0,0,15.2(-0.65 %),0,0,0,0,6974884,1.64
06/06/2024,0,0,15.3(0.66 %),0,0,0,0,6974884,1.64
07/06/2024,0,0,15.4(0.65 %),0,0,0,0,6974884,1.64
10/06/2024,0,0,15.45(0.32 %),0,0,0,0,6974884,1.64
11/06/2024,0,0,15.45(0.00 %),0,0,0,0,6974884,1.64
12/06/2024,0,0,15.2(-1.62 %),0,0,0,0,6974884,1.64
13/06/2024,0,0,15.2(0.00 %),0,0,0,0,6974884,1.64
14/06/2024,200,3070000,15.35(0.99 %),200,3070000,0,0,6974684,1.64
17/06/2024,200,3070000,15.35(0.00 %),200,3070000,0,0,6974484,1.64
18/06/2024,0,0,15.35(0.00 %),0,0,0,0,6974484,1.64
19/06/2024,0,0,15.55(1.30 %),0,0,0,0,6974484,1.64
20/06/2024,-700,-11060000,15.8(1.61 %),0,0,700,11060000,6974484,1.64
21/06/2024,-200,-3200000,16(1.27 %),0,0,200,3200000,6974484,1.64
24/06/2024,-200,-3200000,15.9(-0.62 %),0,0,200,3200000,6975184,1.64
25/06/2024,-100,-1600000,16(0.63 %),0,0,100,1600000,6975384,1.64
26/06/2024,0,0,16(0.00 %),0,0,0,0,6975584,1.64
27/06/2024,0,0,15.9(-0.62 %),0,0,0,0,6975684,1.64
28/06/2024,0,0,16(0.63 %),0,0,0,0,6975684,1.64
04/07/2024,0,0,15.95(-0.31 %),0,0,0,0,6975684,0.0
05/07/2024,0,0,15.95(0.00 %),0,0,0,0,6975684,0.0
08/07/2024,0,0,16(0.31 %),0,0,0,0,6975684,0.0
09/07/2024,0,0,16(0.00 %),0,0,0,0,6975684,0.0
10/07/2024,0,0,16(0.00 %),0,0,0,0,6975684,0.0
11/07/2024,0,0,16.35(2.19 %),0,0,0,0,6975684,0.0
12/07/2024,0,0,16.05(-1.83 %),0,0,0,0,6975684,0.0
15/07/2024,0,0,16.5(2.80 %),0,0,0,0,6975684,0.0
16/07/2024,0,0,16.8(1.82 %),0,0,0,0,6975684,0.0
17/07/2024,0,0,16.5(-1.79 %),0,0,0,0,6975684,0.0
18/07/2024,0,0,16.9(2.42 %),0,0,0,0,6975684,0.0
19/07/2024,0,0,16.85(-0.30 %),0,0,0,0,6975684,0.0
22/07/2024,0,0,16.4(-2.67 %),0,0,0,0,6975684,0.0
23/07/2024,0,0,16.4(0.00 %),0,0,0,0,6975684,0.0
24/07/2024,0,0,16.95(3.35 %),0,0,0,0,6975684,0.0
25/07/2024,0,0,16.7(-1.47 %),0,0,0,0,6975684,0.0
26/07/2024,0,0,16.7(0.00 %),0,0,0,0,6975684,0.0
29/07/2024,0,0,16.7(0.00 %),0,0,0,0,6975684,0.0
30/07/2024,0,0,16.7(0.00 %),0,0,0,0,6975684,0.0
31/07/2024,200,3320000,16.6(-0.60 %),200,3320000,0,0,6975484,0.0
01/08/2024,0,0,16.15(-2.71 %),0,0,0,0,6975534,0.0
02/08/2024,0,0,16.25(0.62 %),0,0,0,0,6975534,0.0
05/08/2024,0,0,16.25(0.00 %),0,0,0,0,6975534,0.0
06/08/2024,0,0,16.25(0.00 %),0,0,0,0,6975534,0.0
07/08/2024,0,0,16(-1.54 %),0,0,0,0,6975534,0.0
08/08/2024,0,0,16.05(0.31 %),0,0,0,0,6975534,0.0
09/08/2024,0,0,16.7(4.05 %),0,0,0,0,6975534,0.0
12/08/2024,0,0,16.7(0.00 %),0,0,0,0,6975534,0.0
13/08/2024,20000,333785000,16.7(0.00 %),20000,333785000,0,0,6955534,0.0
14/08/2024,5300,88510000,16.7(0.00 %),5300,88510000,0,0,6950234,0.0
15/08/2024,20000,336000000,16.8(0.60 %),20000,336000000,0,0,6930234,0.0
16/08/2024,0,0,17(1.19 %),0,0,0,0,6930234,0.0
19/08/2024,0,0,16.95(-0.29 %),0,0,0,0,6930234,0.0
20/08/2024,0,0,16.7(-1.47 %),0,0,0,0,6930234,0.0
21/08/2024,28000,474400000,17(1.80 %),28000,474400000,0,0,6902234,0.0
22/08/2024,0,0,16.8(-1.18 %),0,0,0,0,6902234,0.0
23/08/2024,0,0,16.95(0.89 %),0,0,0,0,6902234,0.0
26/08/2024,0,0,16.8(-0.88 %),0,0,0,0,6902234,0.0
27/08/2024,0,0,17.2(2.38 %),0,0,0,0,6902234,0.0
28/08/2024,0,0,17.4(1.16 %),0,0,0,0,6902234,0.0
29/08/2024,0,0,17.4(0.00 %),0,0,0,0,6902234,0.0
30/08/2024,0,0,17.4(0.00 %),0,0,0,0,6902234,0.0
04/09/2024,0,0,17.35(-0.29 %),0,0,0,0,7147234,0.0
05/09/2024,0,0,17.35(0.00 %),0,0,0,0,7147234,0.0
06/09/2024,0,0,16.7(-3.75 %),0,0,0,0,7147234,0.0
09/09/2024,0,0,16.75(0.30 %),0,0,0,0,7147234,0.0
10/09/2024,0,0,16.8(0.30 %),0,0,0,0,7147234,0.0
11/09/2024,0,0,17.2(2.38 %),0,0,0,0,7147234,0.0
12/09/2024,0,0,17.2(0.00 %),0,0,0,0,7147234,0.0
13/09/2024,0,0,17.65(2.62 %),0,0,0,0,7147234,0.0
16/09/2024,0,0,17.45(-1.13 %),0,0,0,0,7147234,0.0
17/09/2024,0,0,17.35(-0.57 %),0,0,0,0,7147234,0.0
18/09/2024,0,0,17.55(1.15 %),0,0,0,0,7147234,0.0
19/09/2024,0,0,17(-3.13 %),0,0,0,0,7147234,0.0
20/09/2024,0,0,17(0.00 %),0,0,0,0,7147234,0.0
23/09/2024,0,0,17(0.00 %),0,0,0,0,7147234,0.0
24/09/2024,0,0,17.45(2.65 %),0,0,0,0,7147234,0.0
25/09/2024,0,0,17.4(-0.29 %),0,0,0,0,7147234,0.0
26/09/2024,0,0,16.95(-2.59 %),0,0,0,0,7147234,0.0
27/09/2024,0,0,17.2(1.47 %),0,0,0,0,7147234,0.0
30/09/2024,0,0,16.95(-1.45 %),0,0,0,0,7147234,0.0
01/10/2024,0,0,17.2(1.47 %),0,0,0,0,7147234,0.0
02/10/2024,0,0,17.05(-0.87 %),0,0,0,0,7147234,0.0
03/10/2024,0,0,16.75(-1.76 %),0,0,0,0,7147234,0.0
04/10/2024,0,0,16.55(-1.19 %),0,0,0,0,7147234,0.0
07/10/2024,800,13240000,16.95(2.42 %),800,13240000,0,0,7146434,0.0
08/10/2024,1700,28560000,16.85(-0.59 %),1700,28560000,0,0,7144734,0.0
09/10/2024,0,0,16.8(-0.30 %),0,0,0,0,7144734,0.0
10/10/2024,0,0,16.8(0.00 %),0,0,0,0,7144734,0.0
11/10/2024,0,0,16.7(-0.60 %),0,0,0,0,7144734,0.0
14/10/2024,0,0,16.7(0.00 %),0,0,0,0,7144734,0.0
15/10/2024,0,0,16.8(0.60 %),0,0,0,0,7144734,0.0
16/10/2024,0,0,16.85(0.30 %),0,0,0,0,7144734,0.0
17/10/2024,0,0,16.95(0.59 %),0,0,0,0,7144734,0.0
18/10/2024,0,0,17.9(5.60 %),0,0,0,0,7144734,0.0
21/10/2024,5000,87500000,17.8(-0.56 %),5000,87500000,0,0,7139734,0.0
22/10/2024,2500,43750000,17.5(-1.69 %),2500,43750000,0,0,7137234,0.0
23/10/2024,2500,43250000,17.2(-1.71 %),2500,43250000,0,0,7134734,0.0
24/10/2024,0,0,17.25(0.29 %),0,0,0,0,7134734,0.0
25/10/2024,0,0,17.4(0.87 %),0,0,0,0,7134734,0.0
28/10/2024,15800,275320000,17.55(0.86 %),15800,275320000,0,0,7118934,0.0
29/10/2024,31700,556000000,18(2.56 %),31700,556000000,0,0,7087234,0.0
30/10/2024,1000,17850000,18.35(1.94 %),1000,17850000,0,0,7086234,0.0
31/10/2024,3100,55720000,18(-1.91 %),3100,55720000,0,0,7083134,0.0
01/11/2024,0,0,17.9(-0.56 %),0,0,0,0,7083134,0.0
04/11/2024,0,0,18.1(1.12 %),0,0,0,0,7083134,0.0
05/11/2024,0,0,17.85(-1.38 %),0,0,0,0,7083134,0.0
06/11/2024,0,0,18.15(1.68 %),0,0,0,0,7083134,0.0
07/11/2024,2700,48975000,18.45(1.65 %),2700,48975000,0,0,7080434,0.0
08/11/2024,1600,29080000,18.2(-1.36 %),1600,29080000,0,0,7078834,0.0
11/11/2024,0,0,18.15(-0.27 %),0,0,0,0,7078834,0.0
12/11/2024,0,0,18.1(-0.28 %),0,0,0,0,7080034,2.51
13/11/2024,-800,-14560000,18.2(0.55 %),0,0,800,14560000,7079634,0.0
14/11/2024,0,0,17.9(-1.65 %),0,0,0,0,7079634,0.0
15/11/2024,900,15570000,17.65(-1.40 %),900,15570000,0,0,7078734,0.0
18/11/2024,900,15920000,17.9(1.42 %),1000,17700000,100,1780000,7077834,0.0
19/11/2024,0,0,18.2(1.68 %),0,0,0,0,7077834,0.0
20/11/2024,-400,-7200000,18(-1.10 %),0,0,400,7200000,7078234,0.0
21/11/2024,2500,44625000,17.7(-1.67 %),2500,44625000,0,0,7075734,0.0
22/11/2024,700,12250000,17.7(0.00 %),700,12250000,0,0,7075034,0.0
25/11/2024,4300,76680000,17.7(0.00 %),4400,78450000,100,1770000,7070634,2.57
26/11/2024,100,1770000,17.7(0.00 %),100,1770000,0,0,7070534,2.57
27/11/2024,0,0,17.7(0.00 %),0,0,0,0,7070634,2.57
28/11/2024,1000,17500000,17.95(1.41 %),1000,17500000,0,0,7069634,2.57
29/11/2024,0,0,17.75(-1.11 %),0,0,0,0,7069634,2.57
02/12/2024,0,0,17.75(0.00 %),0,0,0,0,7069634,2.57
03/12/2024,700,12250000,17.7(-0.28 %),700,12250000,0,0,7068934,2.58
04/12/2024,0,0,17.7(0.00 %),0,0,0,0,7068934,2.58
05/12/2024,2000,35400000,17.7(0.00 %),2000,35400000,0,0,7066934,2.59
09/12/2024,-6000,-105600000,17.65(-0.28 %),0,0,6000,105600000,7066234,2.6
10/12/2024,-5000,-88050000,17.6(-0.28 %),200,3530000,5200,91580000,7074034,2.55
16/12/2024,0,0,17.6(0.00 %),0,0,0,0,7098334,2.39
17/12/2024,-1000,-17335000,17.9(1.70 %),0,0,1000,17335000,7105334,2.34
18/12/2024,0,0,17.85(-0.28 %),0,0,0,0,7105334,2.34
19/12/2024,-4800,-84150000,17.55(-1.68 %),2900,50750000,7700,134900000,7103434,2.35
20/12/2024,0,0,17.85(1.71 %),0,0,0,0,7103434,2.35
24/12/2024,0,0,17.7(-0.28 %),0,0,0,0,7111034,2.3
25/12/2024,0,0,17.8(0.56 %),0,0,0,0,7111034,2.3
26/12/2024,300,5460000,18.15(1.97 %),300,5460000,0,0,7110734,2.3
27/12/2024,200,3640000,18.2(0.28 %),200,3640000,0,0,7110534,2.31
30/12/2024,0,0,18.8(3.30 %),0,0,0,0,7110534,2.31
31/12/2024,0,0,18.5(-1.60 %),0,0,0,0,7110534,2.31
02/01/2025,-100,-1845000,18.45(-0.27 %),0,0,100,1845000,7110534,2.31
03/01/2025,900,16380000,18.2(-1.36 %),900,16380000,0,0,7109634,2.31
06/01/2025,0,0,18.2(0.00 %),0,0,0,0,7109734,2.31
07/01/2025,-200,-3660000,18.4(1.10 %),0,0,200,3660000,7109734,2.31
08/01/2025,0,0,18.2(-1.09 %),0,0,0,0,7109734,2.31
09/01/2025,0,0,18.15(-0.27 %),0,0,0,0,7109934,2.31
10/01/2025,0,0,18.15(0.00 %),0,0,0,0,7109934,2.31
13/01/2025,100,1835000,18.25(0.55 %),100,1835000,0,0,7109834,2.31
14/01/2025,0,0,18.3(0.27 %),0,0,0,0,7109834,2.31
15/01/2025,0,0,18.2(-0.55 %),0,0,0,0,7109834,2.31
16/01/2025,-200,-3650000,18.25(0.27 %),0,0,200,3650000,7110034,0.0
17/01/2025,0,0,17.95(-1.64 %),0,0,0,0,7109834,2.31
20/01/2025,0,50000,18.5(3.06 %),200,3575000,200,3525000,7109834,2.31
21/01/2025,1000,19270000,19.75(6.76 %),1000,19270000,0,0,7108834,2.32
22/01/2025,11100,231145000,20.9(5.82 %),11100,231145000,0,0,7097934,2.39
23/01/2025,1000,20900000,20.15(-3.59 %),1000,20900000,0,0,7096934,2.4
24/01/2025,-400,-8060000,20.25(0.50 %),0,0,400,8060000,7096934,2.4
03/02/2025,7500,150000000,0(0.00 %),7500,150000000,0,0,7089436,2.44
04/02/2025,5000,101050000,20.6(3.00 %),5000,101050000,0,0,7084836,2.47
05/02/2025,-200,-4090000,20.5(-0.49 %),0,0,200,4090000,7084836,2.47
06/02/2025,0,0,20.8(1.46 %),0,0,0,0,7084836,2.47
07/02/2025,0,0,21(0.96 %),0,0,0,0,7085036,2.47
10/02/2025,0,0,20.65(-1.67 %),0,0,0,0,7085036,2.47
11/02/2025,200,4070000,20.65(0.00 %),200,4070000,0,0,7084836,2.47
12/02/2025,0,0,21.5(4.12 %),0,0,0,0,7084836,2.47
13/02/2025,0,0,20.75(-3.49 %),0,0,0,0,7084836,2.47
14/02/2025,-100,-2150000,21.05(1.45 %),0,0,100,2150000,7084836,2.47
17/02/2025,0,0,21.3(1.19 %),0,0,0,0,7084836,2.47
18/02/2025,3700,78330000,21.2(-0.47 %),3800,80480000,100,2150000,7081136,2.5
19/02/2025,0,0,21.8(2.83 %),0,0,0,0,7081136,2.5
20/02/2025,0,0,22.4(2.75 %),0,0,0,0,7081236,2.5
21/02/2025,-400,-8960000,22.4(0.00 %),0,0,400,8960000,7081236,2.5
24/02/2025,400,8895000,22.2(-0.89 %),800,17795000,400,8900000,7080436,2.5
25/02/2025,700,15470000,22.4(0.90 %),700,15470000,0,0,7080136,2.51
26/02/2025,200,4450000,22.2(-0.89 %),200,4450000,0,0,7080336,2.5
27/02/2025,2700,59670000,22.1(-0.45 %),2700,59670000,0,0,7077636,2.52
28/02/2025,500,11015000,22.3(0.90 %),800,17705000,300,6690000,7076836,2.53
03/03/2025,300,6740000,22.6(1.35 %),300,6740000,0,0,7076536,2.53
04/03/2025,-200,-4500000,22.4(-0.88 %),0,0,200,4500000,7076836,2.53
05/03/2025,-100,-2210000,22.05(-1.56 %),0,0,100,2210000,7076836,2.53
06/03/2025,-300,-6845000,22.1(0.23 %),400,8800000,700,15645000,7076636,2.53
07/03/2025,8700,192280000,22.05(-0.23 %),8700,192280000,0,0,7068036,2.59
10/03/2025,2800,61625000,22.15(0.45 %),2800,61625000,0,0,7065936,2.6
11/03/2025,-2500,-50745000,20.15(-2.42 %),0,0,2500,50745000,7065936,2.6
12/03/2025,0,0,19.85(-1.49 %),0,0,0,0,7065936,2.6
13/03/2025,-200,-3970000,20(0.76 %),0,0,200,3970000,7068436,2.58
14/03/2025,500,9700000,19.55(-2.25 %),500,9700000,0,0,7067936,2.59
17/03/2025,0,0,19.35(-1.02 %),0,0,0,0,7068136,2.58
18/03/2025,-4600,-88410000,19.35(0.00 %),100,1920000,4700,90330000,7068036,2.59
19/03/2025,0,0,19.2(-0.78 %),0,0,0,0,7068036,2.59
20/03/2025,300,5540000,18.95(-1.30 %),800,15200000,500,9660000,7071936,2.56
21/03/2025,0,0,19(0.26 %),0,0,0,0,7071936,2.56
24/03/2025,0,0,18.95(-0.26 %),0,0,0,0,7072436,2.56
25/03/2025,100,1930000,19.35(2.11 %),200,3860000,100,1930000,7072236,2.56
26/03/2025,2700,51840000,19.3(-0.26 %),2700,51840000,0,0,7069536,2.58
27/03/2025,0,0,19.2(-0.52 %),0,0,0,0,7069636,2.57
28/03/2025,0,0,19(-1.04 %),0,0,0,0,7069636,2.57
31/03/2025,-900,-16990000,19.3(1.58 %),100,1900000,1000,18890000,7069536,2.58
01/04/2025,-3400,-64285000,19.2(-0.52 %),0,0,3400,64285000,7069536,2.58
02/04/2025,200,3805000,19(-1.04 %),200,3805000,0,0,7070336,2.57
03/04/2025,-700,-12390000,17.7(-6.84 %),0,0,700,12390000,7073826,2.55
04/04/2025,300,4965000,16.95(-4.24 %),300,4965000,0,0,7073526,2.55
08/04/2025,0,0,16.45(-2.95 %),0,0,0,0,7074226,2.54
09/04/2025,0,0,15.5(-5.78 %),0,0,0,0,7074226,2.54
10/04/2025,700,11585000,16.55(6.77 %),700,11585000,0,0,7073526,2.55
11/04/2025,-100,-1705000,17.45(5.44 %),0,0,100,1705000,7073526,2.55
14/04/2025,0,0,17.65(1.15 %),0,0,0,0,7073526,2.55
15/04/2025,0,0,17.8(0.85 %),0,0,0,0,7073626,2.55
16/04/2025,0,0,17.6(-1.12 %),0,0,0,0,7073626,2.55
17/04/2025,0,0,17.6(0.00 %),0,0,0,0,7073626,2.55
18/04/2025,1100,18205000,17.1(-2.84 %),1100,18205000,0,0,7072526,2.56
21/04/2025,100,1710000,16.9(-1.17 %),100,1710000,0,0,7072426,2.56
22/04/2025,0,0,16.45(-2.66 %),0,0,0,0,7072426,2.56
23/04/2025,0,0,16.6(0.91 %),0,0,0,0,7072426,2.56
24/04/2025,0,0,16.75(0.90 %),0,0,0,0,7072426,2.56
25/04/2025,100,1660000,16.75(0.00 %),100,1660000,0,0,7072326,2.56
28/04/2025,0,0,16.75(0.00 %),0,0,0,0,7072326,2.56
29/04/2025,200,3370000,16.45(-1.79 %),200,3370000,0,0,7072126,2.56
05/05/2025,0,0,17(3.34 %),0,0,0,0,7072126,2.56
06/05/2025,0,0,17(0.00 %),0,0,0,0,7072126,2.56
07/05/2025,0,0,16.9(-0.59 %),0,0,0,0,7072126,2.56
08/05/2025,200,3360000,17.05(0.89 %),200,3360000,0,0,7071926,2.56
09/05/2025,100,1655000,16.85(-1.17 %),300,5055000,200,3400000,7071826,2.56
12/05/2025,400,6780000,16.95(0.59 %),400,6780000,0,0,7071426,2.56
13/05/2025,100,1680000,17.05(0.59 %),100,1680000,0,0,7071326,2.56
14/05/2025,0,0,17.05(0.00 %),0,0,0,0,7071326,2.56
15/05/2025,1300,22120000,17.05(0.00 %),1300,22120000,0,0,7070026,2.57
16/05/2025,0,0,17.05(0.00 %),0,0,0,0,7070026,2.57
19/05/2025,0,0,17.4(2.05 %),0,0,0,0,7070026,2.57
20/05/2025,0,0,17.3(-0.57 %),0,0,0,0,7070026,2.57
21/05/2025,0,0,17(-1.73 %),0,0,0,0,7070026,2.57
22/05/2025,0,0,17.5(2.94 %),0,0,0,0,7070026,2.57
23/05/2025,0,0,17.45(-0.29 %),0,0,0,0,7070026,2.57
26/05/2025,100,1750000,17.7(1.43 %),100,1750000,0,0,7069926,2.57
27/05/2025,0,0,17.85(0.85 %),0,0,0,0,7069926,2.57
28/05/2025,0,0,17.95(0.56 %),0,0,0,0,7069926,2.57
29/05/2025,0,0,17.5(-2.51 %),0,0,0,0,7069926,2.57
30/05/2025,0,0,17.4(-0.57 %),0,0,0,0,7069926,2.57
02/06/2025,0,-38280000,18.05(3.74 %),0,0,0,38280000,7069926,2.57
03/06/2025,0,0,17.8(-1.39 %),0,0,0,0,7069926,2.57
04/06/2025,0,-50500000,17.45(-1.97 %),0,0,0,50500000,7072126,2.56
05/06/2025,0,-52350000,17.45(0.00 %),0,0,0,52350000,7072126,2.56
06/06/2025,0,0,17.45(0.00 %),0,0,0,0,7075026,2.54
09/06/2025,0,0,17.5(0.29 %),0,0,0,0,7078026,2.52
10/06/2025,0,0,17.5(0.00 %),0,0,0,0,7078026,2.52
11/06/2025,0,0,17.6(0.57 %),0,0,0,0,7078026,2.52
12/06/2025,0,0,17.55(-0.28 %),0,0,0,0,7078026,2.52
13/06/2025,-7700,-135160000,17.65(0.57 %),0,0,7700,135160000,7078026,2.52
16/06/2025,-10000,-176375000,17.75(0.57 %),0,0,10000,176375000,7078026,2.52
17/06/2025,0,0,17.7(-0.28 %),0,0,0,0,7085726,2.47
18/06/2025,-2200,-38635000,17.7(0.00 %),100,1760000,2300,40395000,7095726,2.4
19/06/2025,0,0,17.8(0.56 %),0,0,0,0,7095726,2.4
20/06/2025,0,0,17.65(-0.84 %),0,0,0,0,7097926,2.39
23/06/2025,0,0,17.85(1.13 %),0,0,0,0,7097926,2.39
24/06/2025,0,0,18(0.84 %),0,0,0,0,7097926,2.39
25/06/2025,0,0,17.95(-0.28 %),0,0,0,0,7097926,2.39
26/06/2025,0,0,18(0.28 %),0,0,0,0,7097926,2.39
27/06/2025,0,0,17.75(-1.39 %),0,0,0,0,7097926,2.39
30/06/2025,0,0,17.75(0.00 %),0,0,0,0,7097926,2.39
01/07/2025,0,0,17.4(-1.97 %),0,0,0,0,7097926,2.39
02/07/2025,0,0,17.6(1.15 %),0,0,0,0,7097926,2.39
03/07/2025,1700,29920000,18.1(2.84 %),1700,29920000,0,0,7096226,2.4
04/07/2025,0,0,18.05(-0.28 %),0,0,0,0,7096226,2.4
07/07/2025,0,0,18.15(0.55 %),0,0,0,0,7096226,2.4
08/07/2025,-200,-3800000,18.75(3.31 %),0,0,200,3800000,7096226,2.4
09/07/2025,0,0,18.8(0.27 %),0,0,0,0,7248506,2.4
10/07/2025,21000,405270000,19.45(3.46 %),21000,405270000,0,0,7248506,2.4
11/07/2025,400,7700000,19.25(-1.03 %),400,7700000,0,0,7227306,2.54
14/07/2025,0,-30000,19.65(2.08 %),100,1925000,100,1955000,7227306,2.54
15/07/2025,0,0,19.65(0.00 %),0,0,0,0,7227306,2.54
16/07/2025,0,0,19.1(-2.80 %),0,0,0,0,7227306,2.54
17/07/2025,0,0,19.5(2.09 %),0,0,0,0,7227306,2.54
18/07/2025,0,0,19.5(0.00 %),0,0,0,0,7227306,2.54
21/07/2025,0,0,19.5(0.00 %),0,0,0,0,7227306,2.54
22/07/2025,-200,-3970000,19.5(0.00 %),0,0,200,3970000,7227306,2.54
23/07/2025,0,0,19.55(0.26 %),0,0,0,0,7227306,2.54
24/07/2025,0,0,19.95(2.05 %),0,0,0,0,7227506,2.54
25/07/2025,200,3950000,20.3(1.75 %),200,3950000,0,0,7227306,2.54
28/07/2025,900,18360000,20.3(0.00 %),1000,20400000,100,2040000,7226406,2.55
29/07/2025,0,0,20.55(1.23 %),0,0,0,0,7226406,2.55
30/07/2025,0,0,20(-2.68 %),0,0,0,0,7226406,2.55
31/07/2025,100,1980000,19.85(-0.75 %),100,1980000,0,0,7226306,2.55
01/08/2025,0,-55000,20.35(2.52 %),100,1985000,100,2040000,7226306,2.55
04/08/2025,0,0,20.25(-0.49 %),0,0,0,0,7226306,2.55
05/08/2025,0,0,20(-1.23 %),0,0,0,0,7226306,2.55
06/08/2025,0,0,20.5(2.50 %),0,0,0,0,7226306,2.55
07/08/2025,200,4100000,20.55(0.24 %),200,4100000,0,0,7226106,2.55
08/08/2025,0,0,20.5(-0.24 %),0,0,0,0,7226106,2.55
11/08/2025,0,0,20.5(0.00 %),0,0,0,0,7226106,2.55
12/08/2025,0,0,20.45(-0.24 %),0,0,0,0,7226106,2.55
13/08/2025,0,0,20.2(-1.22 %),0,0,0,0,7226106,2.55
14/08/2025,0,0,20(-0.99 %),0,0,0,0,7226106,2.55
15/08/2025,-600,-11850000,20.5(2.50 %),100,1975000,700,13825000,7226106,2.55
18/08/2025,0,0,20.5(0.00 %),0,0,0,0,7226106,2.55
19/08/2025,-6800,-136000000,20(-2.44 %),0,0,6800,136000000,7226706,2.54
20/08/2025,-100,-1980000,19.8(-1.00 %),0,0,100,1980000,7226706,2.54
21/08/2025,0,0,19.8(0.00 %),0,0,0,0,7233506,2.5
22/08/2025,0,0,20(1.01 %),0,0,0,0,7233506,2.5
25/08/2025,0,0,19.2(-4.00 %),0,0,0,0,7233606,2.5
