Ngay,KLGDRong,GTDGRong,ThayDoi,KLMua,GtMua,KLBan,GtBan,RoomConLai,DangSoHuu
20/01/2010,0,0,0(0.00 %),0,0,0,0,3860728,12.92
21/01/2010,0,0,0(0.00 %),0,0,0,0,3860728,12.92
22/01/2010,0,0,0(0.00 %),0,0,0,0,3860728,12.92
25/01/2010,0,0,0(0.00 %),0,0,0,0,3860728,12.92
26/01/2010,0,0,0(0.00 %),0,0,0,0,3860728,12.92
27/01/2010,-100000,-5350000000,0(0.00 %),0,0,100000,5350000000,3960728,11.98
28/01/2010,-2000,-112000000,0(0.00 %),0,0,2000,112000000,3962728,11.97
29/01/2010,0,0,0(0.00 %),0,0,0,0,3962728,11.97
01/02/2010,-19000,-1154000000,0(0.00 %),0,0,19000,1154000000,3981728,11.79
02/02/2010,-41050,-2508875000,59.5(-2.46 %),1000,61000000,42050,2569875000,4022778,11.4
03/02/2010,-4660,-278000000,59.5(0.00 %),1460,86140000,6120,364140000,4027438,11.36
04/02/2010,-3340,-198180000,59.5(0.00 %),2500,148940000,5840,347120000,4030778,11.33
05/02/2010,-6700,-388160000,57(-4.20 %),0,0,6700,388160000,4037478,11.27
08/02/2010,-65330,-3577040000,54.5(-4.39 %),0,0,65330,3577040000,4102808,10.66
09/02/2010,440,27040000,56(2.75 %),2900,160650000,2460,133610000,4102368,10.66
10/02/2010,-30890,-1741335000,56.5(0.89 %),8000,448000000,38890,2189335000,4133258,10.37
11/02/2010,-8920,-497020000,57(0.88 %),90,5130000,9010,502150000,4142178,10.29
12/02/2010,-1000,-56500000,56.5(-0.88 %),0,0,1000,56500000,4143178,10.28
22/02/2010,0,0,56(-0.88 %),0,0,0,0,4143178,10.28
23/02/2010,-490,-26215000,53.5(-4.46 %),10,535000,500,26750000,4143668,10.27
24/02/2010,0,0,56(4.67 %),0,0,0,0,4143668,10.27
25/02/2010,0,0,57(1.79 %),0,0,0,0,4143668,10.27
26/02/2010,0,0,56(-1.75 %),0,0,0,0,4143168,10.27
01/03/2010,3000,173500000,57(1.79 %),3000,173500000,0,0,4140168,10.31
02/03/2010,0,0,56(-1.75 %),0,0,0,0,4140168,10.31
03/03/2010,0,0,56(0.00 %),0,0,0,0,4140168,10.31
04/03/2010,0,0,56.5(0.89 %),0,0,0,0,4140168,10.31
05/03/2010,1100,63900000,59(4.42 %),1100,63900000,0,0,4139068,10.32
08/03/2010,-500,-30250000,58(-1.69 %),0,0,500,30250000,4139568,10.31
09/03/2010,500,30250000,60.5(4.31 %),1500,89750000,1000,59500000,4139068,10.32
10/03/2010,-1300,-81900000,63.5(4.96 %),0,0,1300,81900000,4140368,10.3
11/03/2010,300,19300000,66.5(4.72 %),1300,85800000,1000,66500000,4140068,10.31
12/03/2010,-300,-20850000,69(3.76 %),0,0,300,20850000,4140368,10.3
15/03/2010,-1000,-69500000,67(-2.90 %),0,0,1000,69500000,4141368,10.3
16/03/2010,0,0,65(-2.99 %),0,0,0,0,4141368,10.3
17/03/2010,2000,131000000,66(1.54 %),2000,131000000,0,0,4139368,10.31
18/03/2010,0,0,66(3.12 %),0,0,0,0,4139368,10.31
19/03/2010,0,0,64(-3.03 %),0,0,0,0,4139368,10.31
22/03/2010,0,0,63(-1.56 %),0,0,0,0,4139368,10.31
23/03/2010,0,0,60.5(-3.97 %),0,0,0,0,4139368,10.31
24/03/2010,0,0,63.5(4.96 %),0,0,0,0,4139368,10.31
25/03/2010,0,0,63.5(0.00 %),0,0,0,0,4139368,10.31
26/03/2010,0,0,63.5(0.00 %),0,0,0,0,4139368,10.31
29/03/2010,2500,165750000,66.5(4.72 %),2500,165750000,0,0,4136868,10.34
30/03/2010,2500,165500000,65(-2.26 %),2500,165500000,0,0,4134368,10.36
31/03/2010,0,0,66(1.54 %),0,0,0,0,4134368,10.36
01/04/2010,0,0,66(0.00 %),0,0,0,0,4134368,10.36
02/04/2010,-60,-3570000,64(-3.03 %),440,28380000,500,31950000,4134428,10.36
05/04/2010,0,0,64(0.00 %),0,0,0,0,4134428,10.36
06/04/2010,2000,133500000,66.5(3.91 %),2000,133500000,0,0,4132428,10.38
07/04/2010,500,34000000,68(2.26 %),500,34000000,0,0,4131928,10.38
08/04/2010,-440,-30140000,67.5(-0.74 %),0,0,440,30140000,4132368,10.38
09/04/2010,20000,1323500000,65.5(-2.96 %),20000,1323500000,0,0,4112368,10.57
12/04/2010,-4000,-259500000,65(-0.76 %),0,0,4000,259500000,4116368,10.53
13/04/2010,0,0,64.5(-0.77 %),0,0,0,0,4116368,10.53
14/04/2010,0,0,64.5(0.00 %),0,0,0,0,4116368,10.53
15/04/2010,1500,97750000,65.5(1.55 %),2000,130500000,500,32750000,4114868,10.54
16/04/2010,-500,-32250000,65(-0.76 %),0,0,500,32250000,4115368,10.54
19/04/2010,0,0,64(-1.54 %),0,0,0,0,4115368,10.54
20/04/2010,0,0,64(0.00 %),0,0,0,0,4115368,10.54
21/04/2010,-2000,-127500000,64(0.00 %),0,0,2000,127500000,4117368,10.52
22/04/2010,0,0,66(3.12 %),0,0,0,0,4117368,10.52
26/04/2010,0,0,65(-1.52 %),0,0,0,0,4117368,10.52
27/04/2010,0,0,65(0.00 %),0,0,0,0,4117368,10.52
28/04/2010,0,0,68(4.62 %),0,0,0,0,4117368,10.52
29/04/2010,0,0,71(4.41 %),0,0,0,0,4117368,10.52
04/05/2010,15000,1110860000,74.5(4.93 %),15000,1110860000,0,0,4102368,10.66
05/05/2010,0,0,71(-4.70 %),0,0,0,0,4102368,10.66
06/05/2010,1150,81500000,70(-1.41 %),1150,81500000,0,0,4101218,10.67
07/05/2010,-20000,-1350000000,69(-1.43 %),0,0,20000,1350000000,4121218,10.48
10/05/2010,0,0,66(-4.35 %),0,0,0,0,4121218,10.48
12/05/2010,0,0,63.5(-3.79 %),0,0,0,0,4121218,10.48
13/05/2010,0,0,64.5(1.57 %),0,0,0,0,4121218,10.48
14/05/2010,20,1330000,64.5(0.00 %),20,1330000,0,0,4121198,10.48
17/05/2010,0,0,63.5(-1.55 %),0,0,0,0,4121198,10.48
18/05/2010,0,0,65(2.36 %),0,0,0,0,4121198,10.48
19/05/2010,0,0,62.5(-3.85 %),0,0,0,0,4121198,10.48
20/05/2010,0,0,65(4.00 %),0,0,0,0,4121198,10.48
21/05/2010,0,0,62(-4.62 %),0,0,0,0,4121198,10.48
24/05/2010,0,0,62(0.00 %),0,0,0,0,4121198,10.48
25/05/2010,0,0,59.5(-4.03 %),0,0,0,0,4121198,10.48
26/05/2010,0,0,62(4.20 %),0,0,0,0,4121198,10.48
27/05/2010,0,0,62.5(1.63 %),0,0,0,0,4121198,10.48
28/05/2010,0,0,65.5(4.80 %),0,0,0,0,4121198,10.48
31/05/2010,0,0,64.5(-1.53 %),0,0,0,0,4121198,10.48
01/06/2010,0,0,61.5(-4.65 %),0,0,0,0,4121198,10.48
02/06/2010,0,0,63.5(3.25 %),0,0,0,0,4121198,10.48
03/06/2010,0,0,63(-0.79 %),0,0,0,0,4121198,10.48
04/06/2010,0,0,63.5(0.79 %),0,0,0,0,4121198,10.48
07/06/2010,0,0,63.5(0.00 %),0,0,0,0,4121198,10.48
08/06/2010,0,0,62(-2.36 %),0,0,0,0,4121198,10.48
09/06/2010,0,0,61.5(-0.81 %),0,0,0,0,4121198,10.48
10/06/2010,0,0,63(2.44 %),0,0,0,0,4121198,10.48
11/06/2010,0,0,63(0.00 %),0,0,0,0,4121198,10.48
14/06/2010,0,0,62(-1.59 %),0,0,0,0,4121198,10.48
15/06/2010,0,0,63(1.61 %),0,0,0,0,4121198,10.48
16/06/2010,-10000,-630000000,63(0.00 %),0,0,10000,630000000,4131198,10.39
17/06/2010,-20000,-1241605000,63.5(0.79 %),0,0,20000,1241605000,4151198,10.2
18/06/2010,-23130,-1425795000,61.5(-3.15 %),0,0,23130,1425795000,4174328,9.99
21/06/2010,-25000,-1542100000,62.5(1.63 %),0,0,25000,1542100000,4199328,9.75
22/06/2010,-25000,-1525100000,61(-2.40 %),0,0,25000,1525100000,4224328,9.52
23/06/2010,-13070,-799430000,63(3.28 %),0,0,13070,799430000,4237398,9.4
24/06/2010,0,0,62(-1.59 %),0,0,0,0,4237398,9.4
25/06/2010,0,0,62(0.00 %),0,0,0,0,4237398,9.4
28/06/2010,0,0,62(0.00 %),0,0,0,0,4237398,9.4
29/06/2010,0,0,61.5(-0.81 %),0,0,0,0,4237398,9.4
30/06/2010,0,0,61.5(0.00 %),0,0,0,0,4237398,9.4
01/07/2010,0,0,61(-0.81 %),0,0,0,0,4237398,9.4
02/07/2010,0,0,61(0.00 %),0,0,0,0,4237398,9.4
05/07/2010,0,0,61.5(0.82 %),0,0,0,0,4237398,9.4
06/07/2010,0,250000,60.5(-1.63 %),500,30750000,500,30500000,4237398,9.4
07/07/2010,0,0,60(-0.83 %),0,0,0,0,4237398,9.4
08/07/2010,-1010,-61615000,61(1.67 %),0,0,1010,61615000,4238408,9.39
09/07/2010,-490,-29645000,60.5(-0.82 %),0,0,490,29645000,4238898,9.38
12/07/2010,0,0,60.5(0.00 %),0,0,0,0,4238898,9.38
13/07/2010,0,0,62(2.48 %),0,0,0,0,4238898,9.38
14/07/2010,0,0,60.5(-2.42 %),0,0,0,0,4238898,9.38
15/07/2010,0,0,63.5(4.96 %),0,0,0,0,4238898,9.38
16/07/2010,0,0,63.5(0.00 %),0,0,0,0,4238898,9.38
19/07/2010,0,0,64(0.79 %),0,0,0,0,4238898,9.38
20/07/2010,0,0,63.5(-0.78 %),0,0,0,0,4238898,9.38
21/07/2010,0,0,63.5(0.00 %),0,0,0,0,4238898,9.38
22/07/2010,0,0,63.5(0.00 %),0,0,0,0,4238898,9.38
23/07/2010,0,0,63.5(0.00 %),0,0,0,0,4238898,9.38
26/07/2010,0,0,64(0.79 %),0,0,0,0,4238898,9.38
27/07/2010,0,0,62(-3.12 %),0,0,0,0,4238898,9.38
28/07/2010,0,0,64.5(4.03 %),0,0,0,0,4238898,9.38
29/07/2010,0,0,64.5(0.00 %),0,0,0,0,4238898,9.38
30/07/2010,0,0,67.5(4.65 %),0,0,0,0,4238898,9.38
02/08/2010,0,0,64.5(-4.44 %),0,0,0,0,4238898,9.38
03/08/2010,-400,-25200000,65.5(1.55 %),0,0,400,25200000,4239298,9.38
04/08/2010,0,0,66(0.76 %),0,0,0,0,4239298,9.38
05/08/2010,0,0,65.5(-0.76 %),0,0,0,0,4239298,9.38
06/08/2010,0,0,65.5(0.00 %),0,0,0,0,4239298,9.38
09/08/2010,0,0,65(-0.76 %),0,0,0,0,4239298,9.38
10/08/2010,0,0,62(-4.62 %),0,0,0,0,4239298,9.38
11/08/2010,0,0,59(-4.84 %),0,0,0,0,0,49.0
12/08/2010,0,0,56.5(-4.24 %),0,0,0,0,4239298,9.38
13/08/2010,0,0,59(4.42 %),0,0,0,0,4239298,9.38
16/08/2010,0,0,61.5(4.24 %),0,0,0,0,4239298,9.38
17/08/2010,0,0,61(-0.81 %),0,0,0,0,0,49.0
18/08/2010,0,0,59.5(-2.46 %),0,0,0,0,4239298,9.38
19/08/2010,0,0,60.5(1.68 %),0,0,0,0,4239298,0.0
20/08/2010,0,0,60(-0.83 %),0,0,0,0,0,0.0
23/08/2010,0,0,57.5(-4.17 %),0,0,0,0,0,49.0
24/08/2010,-200,-11300000,56.5(-1.74 %),0,0,200,11300000,200,49.0
25/08/2010,0,0,57(0.88 %),0,0,0,0,200,49.0
26/08/2010,0,0,58(1.75 %),0,0,0,0,200,49.0
27/08/2010,0,0,58(0.00 %),0,0,0,0,200,49.0
30/08/2010,0,0,60.5(4.31 %),0,0,0,0,200,49.0
31/08/2010,0,0,62(2.48 %),0,0,0,0,200,49.0
01/09/2010,0,0,62(0.00 %),0,0,0,0,200,49.0
06/09/2010,0,0,62.5(0.81 %),0,0,0,0,4253298,49.0
07/09/2010,0,0,62.5(0.00 %),0,0,0,0,200,49.0
08/09/2010,0,0,62(-0.80 %),0,0,0,0,200,49.0
09/09/2010,0,0,62(0.00 %),0,0,0,0,200,49.0
10/09/2010,0,0,59.5(-4.03 %),0,0,0,0,200,49.0
13/09/2010,-10010,-595595000,59(-0.84 %),0,0,10010,595595000,10210,48.9
14/09/2010,0,0,58(-1.69 %),0,0,0,0,10210,48.9
15/09/2010,0,0,59.5(2.59 %),0,0,0,0,10210,48.9
16/09/2010,0,0,61.5(3.36 %),0,0,0,0,10210,48.9
17/09/2010,0,0,62(0.81 %),0,0,0,0,10210,48.9
20/09/2010,0,0,61.5(0.82 %),0,0,0,0,10210,48.9
21/09/2010,0,0,62(0.81 %),0,0,0,0,10210,48.9
22/09/2010,0,0,61(-1.61 %),0,0,0,0,10210,48.9
23/09/2010,0,0,60.5(-0.82 %),0,0,0,0,10210,48.9
24/09/2010,0,0,60.5(0.00 %),0,0,0,0,10210,48.9
27/09/2010,0,0,60.5(0.00 %),0,0,0,0,10210,48.9
28/09/2010,0,0,60.5(0.00 %),0,0,0,0,10210,48.9
29/09/2010,0,0,59(-2.48 %),0,0,0,0,10210,48.9
30/09/2010,0,0,59(0.00 %),0,0,0,0,4263308,48.9
01/10/2010,0,0,59.5(0.85 %),0,0,0,0,4263308,9.16
04/10/2010,0,0,59(-0.84 %),0,0,0,0,4263308,9.16
05/10/2010,0,0,59.5(0.85 %),0,0,0,0,4263308,9.16
06/10/2010,0,0,60(0.84 %),0,0,0,0,4263308,9.16
07/10/2010,0,0,60(0.00 %),0,0,0,0,4263308,9.16
08/10/2010,0,0,59(-1.67 %),0,0,0,0,4263308,9.16
11/10/2010,0,0,59(0.00 %),0,0,0,0,4263308,9.16
12/10/2010,0,0,59(0.00 %),0,0,0,0,4263308,9.16
13/10/2010,0,0,58.5(-0.85 %),0,0,0,0,4263308,9.16
14/10/2010,0,0,59(0.85 %),0,0,0,0,4263308,9.16
15/10/2010,0,0,59.5(0.85 %),0,0,0,0,4263308,9.16
18/10/2010,0,0,60(0.84 %),0,0,0,0,4263308,9.16
19/10/2010,0,0,60.5(0.83 %),0,0,0,0,4263308,9.16
20/10/2010,0,0,58.5(-3.31 %),0,0,0,0,4263308,9.16
21/10/2010,0,0,58.5(0.00 %),0,0,0,0,4263308,9.16
22/10/2010,0,0,59(0.85 %),0,0,0,0,4263308,9.16
25/10/2010,0,0,59(0.00 %),0,0,0,0,4263308,9.16
26/10/2010,0,0,58.5(-0.85 %),0,0,0,0,4263308,9.16
27/10/2010,0,0,59(0.85 %),0,0,0,0,4263308,9.16
28/10/2010,0,0,58.5(-0.85 %),0,0,0,0,4263308,9.16
29/10/2010,0,0,58.5(0.00 %),0,0,0,0,4263308,9.16
01/11/2010,0,0,59(0.85 %),0,0,0,0,4263308,9.16
02/11/2010,0,0,59(0.00 %),0,0,0,0,4263308,9.16
03/11/2010,0,0,59(0.00 %),0,0,0,0,4263308,9.16
04/11/2010,0,0,60(1.69 %),0,0,0,0,4263308,9.16
05/11/2010,0,0,60(0.00 %),0,0,0,0,4263308,9.16
08/11/2010,0,0,59.5(-0.83 %),0,0,0,0,4263308,9.16
09/11/2010,0,0,59.5(0.00 %),0,0,0,0,4263308,9.16
10/11/2010,0,0,59.5(0.00 %),0,0,0,0,4263308,9.16
11/11/2010,0,0,58.5(-1.68 %),0,0,0,0,4263308,9.16
12/11/2010,10,560000,56(-4.27 %),10,560000,0,0,4263298,9.16
15/11/2010,0,0,53.5(-4.46 %),0,0,0,0,4263298,9.16
16/11/2010,0,0,53.5(0.00 %),0,0,0,0,4263298,9.16
17/11/2010,0,0,53.5(0.00 %),0,0,0,0,4263298,9.16
18/11/2010,0,0,55(2.80 %),0,0,0,0,4263298,9.16
19/11/2010,0,0,53(-3.64 %),0,0,0,0,4263298,9.16
22/11/2010,0,0,55.5(4.72 %),0,0,0,0,4263298,9.16
23/11/2010,0,0,57(2.70 %),0,0,0,0,4263298,9.16
24/11/2010,0,0,55(-3.51 %),0,0,0,0,4263298,9.16
25/11/2010,0,0,57(3.64 %),0,0,0,0,4263298,9.16
26/11/2010,0,0,57(0.00 %),0,0,0,0,4263298,9.16
29/11/2010,0,0,55(-3.51 %),0,0,0,0,4263298,9.16
30/11/2010,0,0,56(1.82 %),0,0,0,0,4263298,9.16
01/12/2010,0,0,57.5(2.68 %),0,0,0,0,4263298,9.16
02/12/2010,0,0,58(0.87 %),0,0,0,0,4263298,9.16
03/12/2010,0,0,58(0.00 %),0,0,0,0,4263298,9.16
06/12/2010,0,0,57(-1.72 %),0,0,0,0,4263298,9.16
07/12/2010,0,0,59.5(4.39 %),0,0,0,0,4263298,9.16
08/12/2010,0,0,59.5(0.00 %),0,0,0,0,4263298,9.16
09/12/2010,0,0,57(-4.20 %),0,0,0,0,4263298,9.16
10/12/2010,0,0,57.5(0.88 %),0,0,0,0,4263298,9.16
13/12/2010,0,0,57.5(0.00 %),0,0,0,0,4263298,9.16
14/12/2010,0,0,55.5(-3.48 %),0,0,0,0,4263298,9.16
15/12/2010,0,0,57.5(3.60 %),0,0,0,0,4263298,9.16
16/12/2010,0,0,55(-4.35 %),0,0,0,0,4263298,9.16
17/12/2010,0,0,57(3.64 %),0,0,0,0,4263298,9.16
20/12/2010,50,2800000,57(0.00 %),50,2800000,0,0,4263248,9.16
21/12/2010,3600,205175000,57(0.00 %),3600,205175000,0,0,4259648,9.19
22/12/2010,1050,59850000,57(0.00 %),1050,59850000,0,0,4258598,9.2
23/12/2010,0,0,57(0.00 %),0,0,0,0,4258598,9.2
24/12/2010,0,0,57(0.00 %),0,0,0,0,4258598,9.2
27/12/2010,0,0,57(0.00 %),0,0,0,0,4258598,9.2
28/12/2010,0,0,58.5(2.63 %),0,0,0,0,4258598,9.2
29/12/2010,0,0,59.5(1.71 %),0,0,0,0,4258598,9.2
30/12/2010,0,0,61(2.52 %),0,0,0,0,4258598,9.2
31/12/2010,0,0,62(1.64 %),0,0,0,0,4258598,9.2
04/01/2011,0,0,62(0.00 %),0,0,0,0,4258598,9.2
05/01/2011,0,0,63(1.61 %),0,0,0,0,4258598,9.2
06/01/2011,0,0,63(0.00 %),0,0,0,0,4258598,9.2
07/01/2011,1200,75600000,62.5(-0.79 %),1200,75600000,0,0,4257398,9.21
10/01/2011,0,0,62.5(0.00 %),0,0,0,0,4257398,9.21
11/01/2011,0,0,63(0.80 %),0,0,0,0,4257398,9.21
12/01/2011,0,0,63(0.00 %),0,0,0,0,4257398,9.21
13/01/2011,0,0,63(0.00 %),0,0,0,0,4257398,9.21
14/01/2011,0,0,63(0.00 %),0,0,0,0,4257398,9.21
17/01/2011,0,0,63(0.00 %),0,0,0,0,4257398,9.21
18/01/2011,0,0,63(0.00 %),0,0,0,0,4257398,9.21
19/01/2011,0,0,63(0.00 %),0,0,0,0,4257398,9.21
20/01/2011,0,0,63(0.00 %),0,0,0,0,4257398,9.21
21/01/2011,0,0,62.5(-0.79 %),0,0,0,0,4257398,9.21
24/01/2011,0,0,62(-0.80 %),0,0,0,0,4257398,9.21
25/01/2011,0,0,63.5(2.42 %),0,0,0,0,4257398,9.21
26/01/2011,0,0,63.5(0.00 %),0,0,0,0,4257398,9.21
27/01/2011,0,0,65(2.36 %),0,0,0,0,4257398,9.21
28/01/2011,500,32000000,62(-4.62 %),500,32000000,0,0,4256898,9.22
08/02/2011,0,0,60(-3.23 %),0,0,0,0,4256898,9.22
09/02/2011,0,0,60(0.00 %),0,0,0,0,4256898,9.22
10/02/2011,0,0,60(0.00 %),0,0,0,0,4256898,9.22
11/02/2011,0,0,61(1.67 %),0,0,0,0,4256898,9.22
14/02/2011,0,0,61(0.00 %),0,0,0,0,4256898,9.22
15/02/2011,0,0,61(0.00 %),0,0,0,0,4256898,9.22
16/02/2011,0,0,60(-1.64 %),0,0,0,0,4256898,9.22
17/02/2011,0,0,60(0.00 %),0,0,0,0,4256898,9.22
18/02/2011,0,0,60(0.00 %),0,0,0,0,4256898,9.22
21/02/2011,0,0,60(0.00 %),0,0,0,0,4256898,9.22
22/02/2011,0,0,60(0.00 %),0,0,0,0,4256898,9.22
23/02/2011,0,0,60(0.00 %),0,0,0,0,4256898,9.22
24/02/2011,0,0,60(0.00 %),0,0,0,0,4256898,9.22
25/02/2011,0,0,60(0.00 %),0,0,0,0,4256898,9.22
28/02/2011,0,0,60(0.00 %),0,0,0,0,4256898,9.22
01/03/2011,0,0,60(0.00 %),0,0,0,0,4256898,9.22
02/03/2011,0,0,60(0.00 %),0,0,0,0,4256898,9.22
03/03/2011,0,0,60(0.00 %),0,0,0,0,0,0.0
04/03/2011,0,0,60(0.00 %),0,0,0,0,0,0.0
07/03/2011,0,0,60(0.00 %),0,0,0,0,0,0.0
08/03/2011,0,0,60(0.00 %),0,0,0,0,0,0.0
09/03/2011,0,0,58(-3.33 %),0,0,0,0,0,0.0
10/03/2011,0,0,55.5(-4.31 %),0,0,0,0,0,0.0
11/03/2011,0,0,58(4.50 %),0,0,0,0,0,0.0
14/03/2011,0,0,58(0.00 %),0,0,0,0,0,0.0
15/03/2011,0,0,58(0.00 %),0,0,0,0,0,0.0
16/03/2011,0,0,58(0.00 %),0,0,0,0,4256902,9.22
17/03/2011,0,0,58(0.00 %),0,0,0,0,4256902,9.22
18/03/2011,0,0,60(3.45 %),0,0,0,0,4256902,9.22
21/03/2011,0,0,62(3.33 %),0,0,0,0,4256902,9.22
22/03/2011,0,0,62(0.00 %),0,0,0,0,4256902,9.22
23/03/2011,0,0,62(0.00 %),0,0,0,0,4256902,9.22
24/03/2011,0,0,62(0.00 %),0,0,0,0,4256902,9.22
25/03/2011,0,0,61.5(-0.81 %),0,0,0,0,4256902,9.22
28/03/2011,0,0,61.5(0.00 %),0,0,0,0,4256902,9.22
29/03/2011,-10,-585000,63(2.44 %),0,0,10,585000,4256912,9.22
30/03/2011,0,0,63(0.00 %),0,0,0,0,4256912,9.22
31/03/2011,0,0,63(0.00 %),0,0,0,0,4256912,9.22
01/04/2011,0,0,63(0.00 %),0,0,0,0,4256902,9.22
04/04/2011,1000,61500000,61.5(-2.38 %),1000,61500000,0,0,4255902,9.23
05/04/2011,0,0,58.5(-4.88 %),0,0,0,0,4255902,9.23
06/04/2011,0,0,56(-4.27 %),0,0,0,0,4255902,9.23
07/04/2011,0,0,56(0.00 %),0,0,0,0,4255902,9.23
08/04/2011,0,0,56(0.00 %),0,0,0,0,4255902,9.23
13/04/2011,0,0,58(3.57 %),0,0,0,0,4255902,9.23
14/04/2011,0,0,55.5(-4.31 %),20000,1160000000,20000,1160000000,4255902,9.23
15/04/2011,0,0,55.5(0.00 %),0,0,0,0,4255902,9.23
18/04/2011,0,0,54.5(-1.80 %),0,0,0,0,4255902,9.23
19/04/2011,0,0,54.5(0.00 %),0,0,0,0,4255902,9.23
20/04/2011,0,0,54.5(0.00 %),0,0,0,0,4255902,9.23
21/04/2011,-20,-1140000,57(4.59 %),0,0,20,1140000,4255922,9.23
22/04/2011,0,0,58.5(2.63 %),0,0,0,0,4255922,9.23
25/04/2011,0,0,56(-4.27 %),0,0,0,0,4255922,9.23
26/04/2011,0,0,58.5(4.46 %),0,0,0,0,4255922,9.23
27/04/2011,200,11700000,58.5(0.00 %),200,11700000,0,0,4255722,9.23
28/04/2011,0,0,58.5(0.00 %),0,0,0,0,4255722,9.23
29/04/2011,0,0,58.5(0.00 %),0,0,0,0,4255722,9.23
04/05/2011,0,0,58.5(0.00 %),0,0,0,0,4255732,9.23
05/05/2011,0,0,58.5(0.00 %),0,0,0,0,4255732,9.23
06/05/2011,0,0,58.5(0.00 %),0,0,0,0,4255732,9.23
09/05/2011,0,0,60(2.56 %),0,0,0,0,4255732,9.23
10/05/2011,0,0,57(-5.00 %),0,0,0,0,4255732,9.23
11/05/2011,0,0,59(3.51 %),0,0,0,0,4255732,9.23
12/05/2011,0,0,59(0.00 %),0,0,0,0,4255732,9.23
13/05/2011,0,0,59(0.00 %),0,0,0,0,4255732,9.23
16/05/2011,0,0,57(-3.39 %),0,0,0,0,4255732,9.23
17/05/2011,0,0,59(3.51 %),0,0,0,0,4255732,9.23
18/05/2011,0,0,59(7.08 %),0,0,0,0,4255732,9.23
19/05/2011,0,0,59(0.00 %),0,0,0,0,4255732,9.23
20/05/2011,0,0,59(0.00 %),0,0,0,0,4255732,9.23
23/05/2011,0,0,55(-6.78 %),0,0,0,0,4255732,9.23
24/05/2011,0,0,52.5(-4.55 %),0,0,0,0,4255732,9.23
25/05/2011,0,0,53.5(1.90 %),0,0,0,0,4255732,9.23
26/05/2011,0,0,53.5(0.00 %),0,0,0,0,4255732,9.23
27/05/2011,0,0,55(2.80 %),0,0,0,0,4255732,9.23
30/05/2011,0,0,55(0.00 %),0,0,0,0,4255732,9.23
31/05/2011,0,0,55(0.00 %),0,0,0,0,4255732,9.23
01/06/2011,0,0,52.5(-4.55 %),0,0,0,0,4255732,9.23
02/06/2011,0,0,54(2.86 %),0,0,0,0,4255732,9.23
03/06/2011,0,0,55(1.85 %),0,0,0,0,4255732,9.23
06/06/2011,0,0,55(0.00 %),0,0,0,0,4255732,9.23
07/06/2011,0,0,52.5(-4.55 %),0,0,0,0,4255732,9.23
08/06/2011,0,0,54(2.86 %),0,0,0,0,4255732,9.23
09/06/2011,0,0,54(0.00 %),0,0,0,0,4255732,9.23
10/06/2011,0,0,54(0.00 %),0,0,0,0,4255732,9.23
13/06/2011,0,0,54(0.00 %),0,0,0,0,4255732,9.23
14/06/2011,0,0,54(0.00 %),0,0,0,0,4255732,9.23
15/06/2011,0,0,54(0.00 %),0,0,0,0,4255732,9.23
16/06/2011,0,0,54(0.00 %),0,0,0,0,4255732,9.23
17/06/2011,0,0,54(0.00 %),0,0,0,0,4255732,9.23
20/06/2011,0,0,51.5(-4.63 %),0,0,0,0,4255732,9.23
21/06/2011,0,0,51.5(0.00 %),0,0,0,0,4255732,9.23
22/06/2011,0,0,49(-4.85 %),0,0,0,0,4255732,9.23
23/06/2011,0,0,46.6(-4.90 %),0,0,0,0,4255732,9.23
24/06/2011,0,0,48.9(4.94 %),0,0,0,0,4255732,9.23
27/06/2011,0,0,46.5(-4.91 %),0,0,0,0,4255732,9.23
28/06/2011,0,0,44.2(-4.95 %),0,0,0,0,4255732,9.23
29/06/2011,0,0,46.4(4.98 %),0,0,0,0,4255732,9.23
30/06/2011,0,0,48.2(3.88 %),0,0,0,0,4255732,9.23
01/07/2011,0,0,48.2(0.00 %),0,0,0,0,4255732,9.23
04/07/2011,0,0,45.8(-4.98 %),0,0,0,0,4255732,9.23
05/07/2011,0,0,48(4.80 %),0,0,0,0,4255732,9.23
06/07/2011,0,0,50(4.17 %),0,0,0,0,4255732,9.23
07/07/2011,0,0,52(4.00 %),0,0,0,0,4255732,9.23
08/07/2011,0,0,52(0.00 %),0,0,0,0,4255732,9.23
11/07/2011,0,0,52(0.00 %),0,0,0,0,4255732,9.23
12/07/2011,0,0,49.4(-5.00 %),0,0,0,0,4255732,9.23
13/07/2011,0,0,49.4(0.00 %),0,0,0,0,4255732,9.23
14/07/2011,0,0,47(-4.86 %),0,0,0,0,4255732,9.23
15/07/2011,0,0,44.7(-4.89 %),0,0,0,0,4255732,9.23
18/07/2011,0,0,44.7(0.00 %),0,0,0,0,4255732,9.23
19/07/2011,0,0,46.9(4.92 %),0,0,0,0,4255732,9.23
20/07/2011,0,0,44.6(-4.90 %),0,0,0,0,4255732,9.23
21/07/2011,0,0,44.6(0.00 %),0,0,0,0,4255732,9.23
22/07/2011,0,0,42.4(-4.93 %),0,0,0,0,4255732,9.23
25/07/2011,0,0,40.5(-4.48 %),0,0,0,0,4255732,9.23
26/07/2011,0,0,40.5(0.00 %),0,0,0,0,4255732,9.23
27/07/2011,0,0,38.6(-4.69 %),0,0,0,0,4255732,9.23
28/07/2011,0,0,40(3.63 %),0,0,0,0,4255732,9.23
29/07/2011,0,0,38.1(-4.75 %),0,0,0,0,4255732,9.23
01/08/2011,0,0,36.2(-4.99 %),0,0,0,0,4255732,9.23
02/08/2011,0,0,34.5(-4.70 %),0,0,0,0,4255732,9.23
03/08/2011,0,0,36(4.35 %),0,0,0,0,4255732,9.23
04/08/2011,0,0,34.2(-5.00 %),0,0,0,0,4255732,9.23
05/08/2011,0,0,35.9(4.97 %),0,0,0,0,4255732,9.23
08/08/2011,0,0,37.6(4.74 %),0,0,0,0,4255732,9.23
09/08/2011,0,0,37.5(-0.27 %),0,0,0,0,4255732,9.23
10/08/2011,0,0,39.3(4.80 %),0,0,0,0,4255732,9.23
11/08/2011,0,0,41.2(4.83 %),0,0,0,0,4255732,9.23
12/08/2011,0,0,39.2(-4.85 %),0,0,0,0,4255732,9.23
15/08/2011,0,0,41.1(4.85 %),0,0,0,0,4255732,9.23
16/08/2011,0,0,41.1(0.00 %),0,0,0,0,4255732,9.23
17/08/2011,0,0,43.1(4.87 %),0,0,0,0,4255732,9.23
18/08/2011,0,0,43.1(0.00 %),0,0,0,0,4255732,9.23
19/08/2011,0,0,44.7(3.71 %),0,0,0,0,4255732,9.23
22/08/2011,0,0,45.5(1.79 %),0,0,0,0,4255732,9.23
23/08/2011,0,0,47.7(4.84 %),0,0,0,0,4255732,9.23
24/08/2011,0,0,47.7(0.00 %),0,0,0,0,4255732,9.23
25/08/2011,0,0,47.7(0.00 %),0,0,0,0,4255732,9.23
26/08/2011,0,0,47.7(0.00 %),0,0,0,0,4255732,9.23
29/08/2011,0,0,47.7(0.00 %),0,0,0,0,4255732,9.23
30/08/2011,0,0,47.7(0.00 %),0,0,0,0,4255732,9.23
31/08/2011,0,0,50(4.82 %),0,0,0,0,4255732,9.23
01/09/2011,0,0,50(0.00 %),0,0,0,0,4255732,9.23
05/09/2011,0,0,50(0.00 %),0,0,0,0,4255732,9.23
06/09/2011,0,0,52.5(5.00 %),0,0,0,0,4255732,9.23
07/09/2011,0,0,50(-4.76 %),0,0,0,0,4255732,9.23
08/09/2011,0,0,50(0.00 %),0,0,0,0,4255732,9.23
09/09/2011,0,0,50(0.00 %),0,0,0,0,4255732,9.23
12/09/2011,0,0,50(0.00 %),0,0,0,0,4255732,9.23
13/09/2011,0,0,47.5(-5.00 %),0,0,0,0,4255732,9.23
14/09/2011,0,0,49.5(4.21 %),0,0,0,0,4255732,9.23
15/09/2011,0,0,49.5(0.00 %),0,0,0,0,4255732,9.23
16/09/2011,0,0,51(3.03 %),0,0,0,0,4255732,9.23
19/09/2011,0,0,51(0.00 %),0,0,0,0,4255732,9.23
20/09/2011,0,0,51(0.00 %),0,0,0,0,4255732,9.23
21/09/2011,0,0,50(-1.96 %),0,0,0,0,4255732,9.23
22/09/2011,0,0,50(0.00 %),0,0,0,0,4255732,9.23
23/09/2011,0,0,50(0.00 %),0,0,0,0,4255732,9.23
26/09/2011,5200,260000000,50(0.00 %),5200,260000000,0,0,4250532,9.28
27/09/2011,0,0,47.5(-5.00 %),0,0,0,0,4250532,9.28
28/09/2011,0,0,49.8(4.84 %),0,0,0,0,4250532,9.28
29/09/2011,0,0,49.8(0.00 %),0,0,0,0,4250532,9.28
30/09/2011,0,0,49.8(0.00 %),0,0,0,0,4250532,9.28
03/10/2011,0,0,49.8(2.47 %),0,0,0,0,4250532,9.28
04/10/2011,0,0,46.2(-7.23 %),0,0,0,0,4250532,9.28
05/10/2011,0,0,48(3.90 %),0,0,0,0,4250532,9.28
06/10/2011,0,0,50(4.17 %),0,0,0,0,4250532,9.28
07/10/2011,0,0,50(0.00 %),0,0,0,0,4250532,9.28
10/10/2011,0,0,50(0.00 %),0,0,0,0,4250532,9.28
11/10/2011,0,0,50(0.00 %),0,0,0,0,4250532,9.28
12/10/2011,0,0,50(0.00 %),0,0,0,0,4250532,9.28
13/10/2011,0,0,47.5(-5.00 %),0,0,0,0,4250532,9.28
14/10/2011,0,0,47.5(0.00 %),0,0,0,0,4250532,9.28
17/10/2011,0,0,47.5(0.00 %),0,0,0,0,4250532,9.28
18/10/2011,0,0,46.5(-2.11 %),0,0,0,0,4250532,9.28
19/10/2011,0,0,46(-1.08 %),0,0,0,0,4250532,9.28
20/10/2011,250,12000000,48(4.35 %),250,12000000,0,0,4250282,9.28
21/10/2011,0,0,45.6(-5.00 %),0,0,0,0,4250282,9.28
24/10/2011,0,0,46.9(2.85 %),0,0,0,0,4250282,9.28
25/10/2011,0,0,47.8(1.92 %),0,0,0,0,4250282,9.28
26/10/2011,0,0,46.5(-2.72 %),0,0,0,0,4250282,9.28
27/10/2011,0,0,47(1.08 %),0,0,0,0,4250282,9.28
28/10/2011,0,0,48.8(3.83 %),0,0,0,0,4250282,9.28
31/10/2011,0,0,50.5(3.48 %),0,0,0,0,4250282,9.28
01/11/2011,0,0,50.5(0.00 %),0,0,0,0,4250282,9.28
02/11/2011,0,0,48(-4.95 %),0,0,0,0,4250282,9.28
03/11/2011,0,0,45.6(-5.00 %),0,0,0,0,4250282,9.28
04/11/2011,0,0,47.7(4.61 %),0,0,0,0,4250282,9.28
07/11/2011,180,8964000,49.8(4.40 %),180,8964000,0,0,4250102,9.28
08/11/2011,0,0,49.8(0.00 %),0,0,0,0,4250102,9.28
09/11/2011,0,0,47.4(-4.82 %),0,0,0,0,4250102,9.28
10/11/2011,0,0,45.1(-4.85 %),0,0,0,0,4250102,9.28
11/11/2011,0,0,45(-0.22 %),0,0,0,0,4250102,9.28
14/11/2011,0,0,44(-2.22 %),0,0,0,0,4250102,9.28
15/11/2011,0,0,44(0.00 %),0,0,0,0,4250102,9.28
16/11/2011,500,22000000,44(0.00 %),500,22000000,0,0,4249602,9.28
17/11/2011,0,0,44.9(2.05 %),0,0,0,0,4249602,9.28
18/11/2011,0,0,44.9(0.00 %),0,0,0,0,4249602,9.28
21/11/2011,0,0,44.9(0.00 %),0,0,0,0,4249602,9.28
22/11/2011,0,0,44.9(0.00 %),0,0,0,0,4249602,9.28
23/11/2011,0,0,42.7(-4.90 %),0,0,0,0,4249602,9.28
24/11/2011,0,0,42.7(0.00 %),0,0,0,0,4249602,9.28
25/11/2011,0,0,42.7(0.00 %),0,0,0,0,4249602,9.28
28/11/2011,0,0,44(3.04 %),0,0,0,0,4249602,9.28
29/11/2011,0,0,44(0.00 %),0,0,0,0,4249602,9.28
30/11/2011,0,0,41.8(-5.00 %),0,0,0,0,4249602,9.28
01/12/2011,-10,-430000,43(2.87 %),0,0,10,430000,4249602,9.28
02/12/2011,0,0,43(0.00 %),0,0,0,0,4249602,9.28
05/12/2011,0,0,43(0.00 %),0,0,0,0,4249602,9.28
06/12/2011,0,0,44.5(3.49 %),0,0,0,0,4249602,9.28
07/12/2011,0,0,44.5(0.00 %),0,0,0,0,4249602,9.28
08/12/2011,0,0,45.4(2.02 %),0,0,0,0,4249602,9.28
09/12/2011,0,0,45.4(0.00 %),0,0,0,0,4249602,9.28
12/12/2011,0,0,45.4(0.00 %),0,0,0,0,4249602,9.28
13/12/2011,0,0,45.4(0.00 %),0,0,0,0,4249602,9.28
14/12/2011,0,0,45.4(0.00 %),0,0,0,0,4249602,9.28
15/12/2011,0,0,45.4(0.00 %),0,0,0,0,4249602,9.28
16/12/2011,0,0,45.4(0.00 %),0,0,0,0,4249602,9.28
19/12/2011,0,0,43.2(-4.85 %),0,0,0,0,4249602,9.28
20/12/2011,0,0,43.2(0.00 %),0,0,0,0,4249602,9.28
21/12/2011,0,0,43.2(0.00 %),0,0,0,0,4249602,9.28
22/12/2011,0,0,41.1(-4.86 %),0,0,0,0,4249602,9.28
23/12/2011,0,0,43.1(4.87 %),0,0,0,0,4249602,9.28
26/12/2011,0,0,43.1(0.00 %),0,0,0,0,4249602,9.28
27/12/2011,0,0,43.1(0.00 %),0,0,0,0,4249602,9.28
28/12/2011,640,27584000,41(-4.87 %),640,27584000,0,0,4248962,9.29
29/12/2011,0,0,39(-4.88 %),0,0,0,0,4248962,9.29
30/12/2011,0,0,37.1(-4.87 %),0,0,0,0,4248962,9.29
03/01/2012,0,0,35.3(-4.85 %),0,0,0,0,4248972,9.29
04/01/2012,30,1008000,33.6(-4.82 %),30,1008000,0,0,4248942,9.29
05/01/2012,0,0,33(-1.79 %),0,0,0,0,4248942,9.29
06/01/2012,200,6280000,31.4(-4.85 %),200,6280000,0,0,4248742,9.29
09/01/2012,0,0,29.9(-4.78 %),0,0,0,0,4248742,42.72
10/01/2012,-4820,-137370000,31.3(4.68 %),0,0,4820,137370000,4253562,9.25
11/01/2012,0,0,29.8(-4.79 %),0,0,0,0,4253562,9.25
12/01/2012,0,0,30.5(2.35 %),0,0,0,0,4253562,9.25
13/01/2012,0,0,32(4.92 %),0,0,0,0,4253562,9.25
16/01/2012,6650,223440000,33.6(5.00 %),6650,223440000,0,0,4246912,9.31
17/01/2012,0,0,35(4.17 %),0,0,0,0,4246912,9.31
18/01/2012,0,0,35(0.00 %),0,0,0,0,4246912,9.31
19/01/2012,0,0,36.5(4.29 %),0,0,0,0,4246912,9.31
20/01/2012,0,0,37.9(3.84 %),0,0,0,0,4246912,9.31
30/01/2012,4960,196722000,39.7(4.75 %),5050,200133000,90,3411000,4241952,9.36
31/01/2012,0,0,40(0.76 %),0,0,0,0,4241952,9.36
01/02/2012,1000,40000000,39(-2.50 %),1000,40000000,0,0,4241862,9.36
02/02/2012,800,31200000,39.7(1.79 %),800,31200000,0,0,4241062,9.36
03/02/2012,0,0,24.7(4.66 %),0,0,0,0,4241062,9.36
06/02/2012,0,0,24.7(0.00 %),0,0,0,0,4241062,9.36
07/02/2012,0,0,24.7(0.00 %),0,0,0,0,4241062,9.36
08/02/2012,0,0,25(1.21 %),0,0,0,0,4241062,9.36
09/02/2012,0,0,25(0.00 %),0,0,0,0,4241062,9.36
10/02/2012,3200,80320000,25(0.00 %),3200,80320000,0,0,4237862,9.39
13/02/2012,0,0,25(0.00 %),0,0,0,0,4237862,9.39
14/02/2012,-4600,-109480000,23.8(-4.80 %),0,0,4600,109480000,4242462,9.35
15/02/2012,0,0,24.5(2.94 %),0,0,0,0,4242462,9.35
16/02/2012,0,0,25(2.04 %),0,0,0,0,4242462,9.35
17/02/2012,0,0,25.5(2.00 %),0,0,0,0,4242462,9.35
20/02/2012,0,0,25.5(0.00 %),0,0,0,0,4242462,9.35
21/02/2012,7420,189210000,26(1.96 %),7420,189210000,0,0,4235042,9.42
22/02/2012,380,10070000,26.5(1.92 %),380,10070000,0,0,4234662,9.42
23/02/2012,0,0,26.5(0.00 %),0,0,0,0,4234662,42.85
24/02/2012,0,0,27.5(3.77 %),0,0,0,0,4234662,42.85
27/02/2012,0,0,27.4(-0.36 %),0,0,0,0,4234662,9.42
28/02/2012,0,0,27.5(0.36 %),0,0,0,0,4234662,9.42
29/02/2012,0,0,28(1.82 %),0,0,0,0,4234662,9.42
01/03/2012,0,0,28.4(1.43 %),0,0,0,0,4233752,9.43
02/03/2012,500,14000000,27(-4.93 %),500,14000000,0,0,4233252,9.44
05/03/2012,-3250,-87335000,28.3(4.81 %),0,0,3250,87335000,4236502,9.41
06/03/2012,0,0,28.5(0.71 %),0,0,0,0,4236502,9.41
07/03/2012,0,0,28.5(0.00 %),0,0,0,0,4236502,9.41
08/03/2012,-2800,-76447000,28.4(-0.35 %),0,0,2800,76447000,4239302,9.38
09/03/2012,0,0,28.5(0.35 %),0,0,0,0,4239302,9.38
12/03/2012,0,0,28.9(1.40 %),0,0,0,0,4239302,9.38
13/03/2012,0,0,28.8(-0.35 %),0,0,0,0,4239302,9.38
14/03/2012,0,0,27.6(-4.17 %),0,0,0,0,4239302,9.38
15/03/2012,0,0,28(1.45 %),0,0,0,0,4239302,9.38
16/03/2012,0,0,28(0.00 %),0,0,0,0,4239302,9.38
19/03/2012,0,0,27.8(-0.71 %),0,0,0,0,4239302,9.38
20/03/2012,0,0,27.7(-0.36 %),0,0,0,0,4239302,9.38
21/03/2012,0,0,27.9(0.72 %),0,0,0,0,4239302,9.38
22/03/2012,0,0,26.6(-4.66 %),0,0,0,0,4239302,9.38
23/03/2012,0,0,25.3(-4.89 %),0,0,0,0,4239302,9.38
26/03/2012,0,0,26.3(3.95 %),0,0,0,0,4239302,9.38
27/03/2012,0,0,25.1(-4.56 %),0,0,0,0,4239302,9.38
28/03/2012,0,0,24.1(-3.98 %),0,0,0,0,4239302,9.38
29/03/2012,0,0,24.9(3.32 %),0,0,0,0,4239302,42.81
30/03/2012,0,0,24.9(0.00 %),0,0,0,0,4239302,42.81
03/04/2012,0,0,24.9(0.00 %),0,0,0,0,7132108,15.77
04/04/2012,0,0,24.9(0.00 %),0,0,0,0,7132108,15.77
05/04/2012,0,0,25.4(2.01 %),0,0,0,0,7132108,15.77
06/04/2012,0,0,25.4(0.00 %),0,0,0,0,7132108,15.77
09/04/2012,0,0,25.4(0.00 %),0,0,0,0,7132108,15.77
10/04/2012,0,0,25.4(0.00 %),0,0,0,0,7132108,9.38
11/04/2012,0,0,26.4(3.94 %),0,0,0,0,7132108,9.38
12/04/2012,-4550,-114505000,26.2(-0.76 %),0,0,4550,114505000,7136658,9.35
13/04/2012,-2300,-57619000,25.9(-1.15 %),0,0,2300,57619000,7138958,9.34
16/04/2012,0,0,25.4(-1.93 %),0,0,0,0,7138958,9.34
17/04/2012,-4200,-106680000,25.4(0.00 %),0,0,4200,106680000,7143158,9.32
18/04/2012,0,0,25.1(-1.18 %),0,0,0,0,7143158,9.32
19/04/2012,0,0,25.2(0.40 %),0,0,0,0,7143158,9.32
20/04/2012,0,0,25.2(0.00 %),0,0,0,0,7143158,9.32
23/04/2012,0,0,26.4(4.76 %),0,0,0,0,7143158,9.32
24/04/2012,0,0,26.4(0.00 %),0,0,0,0,7143158,9.32
25/04/2012,0,0,25.5(-3.41 %),0,0,0,0,7143158,9.32
26/04/2012,0,0,25.5(0.00 %),0,0,0,0,7143158,9.32
27/04/2012,-117760,-3144192000,26.7(4.71 %),0,0,117760,3144192000,7260918,8.66
02/05/2012,0,0,28(4.87 %),0,0,0,0,7143171,9.32
03/05/2012,16950,498024000,29.4(5.00 %),16950,498024000,0,0,7126221,9.41
04/05/2012,0,0,30.8(4.76 %),0,0,0,0,7126221,9.41
07/05/2012,2600,82480000,30.9(0.32 %),2600,82480000,0,0,7123621,9.42
08/05/2012,0,0,29.4(-4.85 %),0,0,0,0,7123621,9.42
09/05/2012,-16450,-460600000,28(-4.76 %),500,14000000,16950,474600000,7140071,9.33
10/05/2012,0,0,26.9(-3.93 %),0,0,0,0,7140071,9.33
11/05/2012,5830,150863000,24.5(-8.92 %),6000,155300000,170,4437000,7134241,9.37
14/05/2012,5000,116500000,23.3(-4.90 %),5000,116500000,0,0,7129241,9.39
15/05/2012,-2600,-59420000,22.2(-4.72 %),0,0,2600,59420000,7131841,9.38
16/05/2012,1000,22200000,21.7(-2.25 %),1000,22200000,0,0,7130841,9.38
17/05/2012,0,0,21.7(0.00 %),0,0,0,0,7130841,9.38
18/05/2012,0,0,20.8(-4.15 %),0,0,0,0,7130841,9.38
21/05/2012,0,0,21.8(4.81 %),0,0,0,0,7130841,9.38
22/05/2012,0,0,22.8(4.59 %),0,0,0,0,7130841,9.38
23/05/2012,9500,207100000,21.7(-4.82 %),9500,207100000,0,0,7121341,9.44
24/05/2012,5000,105700000,20.8(-4.15 %),5000,105700000,0,0,7116341,9.46
25/05/2012,5600,121520000,21.8(4.81 %),5600,121520000,0,0,7110741,9.5
28/05/2012,1990,43780000,22.8(4.59 %),1990,43780000,0,0,7108751,9.51
29/05/2012,2000,44000000,22.5(-1.32 %),2000,44000000,0,0,7106751,9.52
30/05/2012,0,0,22(-2.22 %),0,0,0,0,7106751,9.52
31/05/2012,10010,213613000,21.1(-4.09 %),10010,213613000,0,0,7096741,9.57
01/06/2012,3000,62800000,20.7(-1.90 %),3000,62800000,0,0,7211502,8.94
04/06/2012,1000,20600000,20.7(0.00 %),1000,20600000,0,0,7210502,8.94
05/06/2012,0,0,21.4(3.38 %),0,0,0,0,7211502,8.94
06/06/2012,170,3638000,21.5(0.47 %),170,3638000,0,0,7211332,8.94
07/06/2012,0,0,22.5(4.65 %),0,0,0,0,7211332,8.94
08/06/2012,10000,231300000,22.7(0.89 %),10000,231300000,0,0,7201332,8.99
11/06/2012,0,0,22.7(0.00 %),0,0,0,0,7201332,8.99
12/06/2012,0,0,22.1(-2.64 %),0,0,0,0,7201332,8.99
13/06/2012,20,442000,22(-0.45 %),20,442000,0,0,7201312,8.99
14/06/2012,320,6944000,21.3(-3.18 %),320,6944000,0,0,7200992,8.99
15/06/2012,0,0,21.6(1.41 %),0,0,0,0,7200992,8.99
18/06/2012,0,0,22(1.85 %),0,0,0,0,7200992,8.99
19/06/2012,0,0,21.5(-2.27 %),0,0,0,0,7200992,8.99
20/06/2012,0,0,21.6(0.47 %),0,0,0,0,7200992,8.99
21/06/2012,0,0,21.6(0.00 %),0,0,0,0,7200992,8.99
22/06/2012,0,0,21.5(-0.46 %),0,0,0,0,7200992,8.99
25/06/2012,-9500,-195900000,20.6(-4.19 %),0,0,9500,195900000,7210492,8.94
26/06/2012,-500,-10010000,20(-2.91 %),0,0,500,10010000,7210992,8.94
27/06/2012,0,0,20(0.00 %),0,0,0,0,7210992,8.94
28/06/2012,0,0,20.2(1.00 %),0,0,0,0,7210992,8.94
29/06/2012,0,0,20.9(3.47 %),0,0,0,0,7210992,8.94
02/07/2012,0,0,20.5(-1.91 %),0,0,0,0,7209992,8.94
03/07/2012,0,0,19.8(-3.41 %),0,0,0,0,7209992,8.94
04/07/2012,0,0,20.2(2.02 %),0,0,0,0,7209992,8.94
05/07/2012,0,0,20.2(0.00 %),0,0,0,0,7209992,8.94
06/07/2012,0,0,20.3(0.50 %),0,0,0,0,7209992,8.94
09/07/2012,0,0,19.9(-1.97 %),0,0,0,0,7209992,8.94
10/07/2012,0,0,19.5(-2.01 %),0,0,0,0,7209992,8.94
11/07/2012,0,0,19(-2.56 %),0,0,0,0,7209992,8.94
12/07/2012,0,0,19.3(1.58 %),0,0,0,0,7209992,8.94
13/07/2012,0,0,20.2(4.66 %),0,0,0,0,7209992,8.94
16/07/2012,0,0,19.5(-3.47 %),0,0,0,0,7209992,8.94
17/07/2012,0,0,20(2.56 %),0,0,0,0,7209992,8.94
18/07/2012,0,0,19.8(-1.00 %),0,0,0,0,7209992,8.94
19/07/2012,0,0,20.2(2.02 %),0,0,0,0,7209992,8.94
20/07/2012,0,0,20.2(0.00 %),0,0,0,0,7209992,8.94
23/07/2012,400,7960000,19.6(-2.97 %),400,7960000,0,0,7209592,8.95
24/07/2012,0,0,19.4(-1.02 %),0,0,0,0,7209592,8.95
25/07/2012,0,0,19.4(0.00 %),0,0,0,0,7209592,8.95
26/07/2012,500,9700000,19.4(0.00 %),500,9700000,0,0,7209092,8.95
27/07/2012,1000,19400000,19.4(0.00 %),1000,19400000,0,0,7208092,8.96
30/07/2012,0,0,19.5(0.52 %),0,0,0,0,7208092,8.96
31/07/2012,0,0,19.4(-0.51 %),0,0,0,0,7208092,8.96
01/08/2012,0,0,19.4(0.00 %),0,0,0,0,7208092,8.96
02/08/2012,0,0,19.4(0.00 %),0,0,0,0,7208092,8.96
03/08/2012,0,0,19.2(-1.03 %),0,0,0,0,7208092,8.96
06/08/2012,0,0,19.9(3.65 %),0,0,0,0,7208092,8.96
07/08/2012,0,0,19.8(-0.50 %),0,0,0,0,7208092,8.96
08/08/2012,0,0,19.8(0.00 %),0,0,0,0,7208092,8.96
09/08/2012,0,0,20.1(1.52 %),0,0,0,0,7208092,8.96
10/08/2012,0,0,20(-0.50 %),0,0,0,0,7208092,8.96
13/08/2012,0,0,19.8(-1.00 %),0,0,0,0,7208092,8.96
14/08/2012,0,0,20.1(1.52 %),0,0,0,0,7208092,8.96
15/08/2012,0,0,19.9(-1.00 %),0,0,0,0,7208092,8.96
16/08/2012,0,0,19.9(0.00 %),0,0,0,0,7208092,8.96
17/08/2012,0,0,20.1(1.01 %),0,0,0,0,7208092,8.96
20/08/2012,0,0,20(-0.50 %),0,0,0,0,7208092,8.96
21/08/2012,0,0,19(-5.00 %),0,0,0,0,7208092,8.96
22/08/2012,0,0,18.1(-4.74 %),0,0,0,0,7208092,8.96
23/08/2012,4160,71900000,17.2(-4.97 %),5000,86600000,840,14700000,7203932,8.98
24/08/2012,1000,17012000,17.2(0.00 %),1000,17012000,0,0,7202932,8.98
27/08/2012,12000,200400000,16.5(-4.07 %),12000,200400000,0,0,7190932,9.05
28/08/2012,0,0,17(3.03 %),0,0,0,0,7190932,9.05
29/08/2012,0,0,17.8(4.71 %),0,0,0,0,7190932,9.05
30/08/2012,6000,106700000,17.7(-0.56 %),6000,106700000,0,0,7184932,9.08
31/08/2012,2000,35300000,17.7(0.00 %),2000,35300000,0,0,7182932,9.09
04/09/2012,1130,19988000,17.9(1.13 %),1130,19988000,0,0,7181802,9.1
05/09/2012,1020,18052000,17.8(-0.56 %),1020,18052000,0,0,7180782,9.11
06/09/2012,1000,17300000,17.8(0.00 %),1000,17300000,0,0,7179782,9.11
07/09/2012,2000,35300000,17.7(-0.56 %),2000,35300000,0,0,7177782,9.12
10/09/2012,1000,17500000,17(-3.95 %),1000,17500000,0,0,7176782,9.13
11/09/2012,700,11760000,17(0.00 %),700,11760000,0,0,7176082,9.13
12/09/2012,0,0,17.5(2.94 %),0,0,0,0,7176082,9.13
13/09/2012,0,0,18(2.86 %),0,0,0,0,7176082,9.13
14/09/2012,0,0,18.4(2.22 %),0,0,0,0,7176082,9.13
17/09/2012,3000,54000000,18.1(-1.63 %),3000,54000000,0,0,7173082,9.15
18/09/2012,10340,186086000,17.9(-1.10 %),10340,186086000,0,0,7162742,9.21
19/09/2012,0,0,18.4(2.79 %),0,0,0,0,7162742,9.21
20/09/2012,0,0,18.3(-0.54 %),0,0,0,0,7162742,9.21
21/09/2012,0,0,18.9(3.28 %),0,0,0,0,7162742,9.21
24/09/2012,2000,36900000,18.6(-1.59 %),2000,36900000,0,0,7160742,9.22
25/09/2012,1000,18500000,18.9(1.61 %),1000,18500000,0,0,7159742,9.22
26/09/2012,0,0,18.9(0.00 %),0,0,0,0,7159742,9.22
27/09/2012,1000,18700000,18.9(0.00 %),1000,18700000,0,0,7158742,9.23
28/09/2012,1000,18700000,18.8(-0.53 %),1000,18700000,0,0,7157742,9.23
01/10/2012,1000,18700000,18.7(-0.53 %),1000,18700000,0,0,7156742,9.24
02/10/2012,2000,37100000,18.7(0.00 %),2000,37100000,0,0,7154742,9.25
03/10/2012,1000,18500000,18.7(0.00 %),1000,18500000,0,0,7153742,9.26
04/10/2012,0,0,18.8(0.53 %),0,0,0,0,7153742,9.26
05/10/2012,1200,22560000,18.8(0.00 %),1200,22560000,0,0,7152542,9.26
08/10/2012,3000,55400000,18.8(0.00 %),3000,55400000,0,0,7149542,9.28
09/10/2012,0,0,18.8(0.00 %),0,0,0,0,7149542,9.28
10/10/2012,1000,18800000,19.6(4.26 %),1000,18800000,0,0,7148542,9.29
11/10/2012,0,0,19.2(-2.04 %),0,0,0,0,7148542,9.29
12/10/2012,0,0,18.8(-2.08 %),0,0,0,0,7148542,9.29
15/10/2012,3900,71720000,18.6(-1.06 %),4000,73600000,100,1880000,7144642,9.31
16/10/2012,0,0,19(2.15 %),0,0,0,0,7144642,9.31
17/10/2012,0,0,18.6(-2.11 %),0,0,0,0,7144642,9.31
18/10/2012,1000,18600000,18.6(0.00 %),1000,18600000,0,0,7143642,9.31
19/10/2012,1000,18600000,18.8(1.08 %),1000,18600000,0,0,7142642,9.32
22/10/2012,1770,32876000,18.8(0.00 %),2000,37200000,230,4324000,7140872,9.33
23/10/2012,400,7440000,19(1.06 %),400,7440000,0,0,7140472,9.33
24/10/2012,1000,18600000,18.6(-2.11 %),1000,18600000,0,0,7139472,9.34
25/10/2012,1000,18400000,18.4(-1.08 %),1000,18400000,0,0,7138472,9.34
26/10/2012,-4260,-78810000,19(3.26 %),0,0,4260,78810000,7142732,2.2
29/10/2012,3000,59400000,19.4(2.11 %),3000,59400000,0,0,7139732,9.33
30/10/2012,1000,19000000,19.1(-1.55 %),1000,19000000,0,0,7138732,9.34
31/10/2012,2000,38100000,18.9(-1.05 %),2000,38100000,0,0,7136732,9.35
01/11/2012,0,0,19(0.53 %),0,0,0,0,7136732,9.35
02/11/2012,15000,279617000,18.5(-2.63 %),15000,279617000,0,0,7121732,9.43
05/11/2012,10,190000,19(2.70 %),10,190000,0,0,7121722,9.43
06/11/2012,18000,325800000,18(1.12 %),18000,325800000,0,0,7103722,9.53
07/11/2012,2700,48600000,18(0.00 %),2700,48600000,0,0,7101022,9.55
08/11/2012,2650,47435000,17.9(-0.56 %),2650,47435000,0,0,7098372,9.56
09/11/2012,1470,26266000,17.9(0.00 %),1470,26266000,0,0,7096902,9.57
12/11/2012,3880,68676000,17.9(0.00 %),3880,68676000,0,0,7093022,9.59
13/11/2012,6000,103800000,17.9(0.00 %),6000,103800000,0,0,7087022,9.63
14/11/2012,2410,42657000,17.7(-1.12 %),2410,42657000,0,0,7084612,9.64
15/11/2012,2720,48144000,17.7(0.00 %),2720,48144000,0,0,7081892,9.66
16/11/2012,5740,102746000,17.9(1.13 %),5740,102746000,0,0,7076152,9.69
19/11/2012,5000,89000000,17.8(-0.56 %),5000,89000000,0,0,7071152,9.72
20/11/2012,700,12390000,17.7(-0.56 %),700,12390000,0,0,7070452,9.72
21/11/2012,6100,109190000,17.9(1.13 %),6100,109190000,0,0,7064352,9.75
22/11/2012,9000,159900000,17.9(0.00 %),9000,159900000,0,0,7055352,9.8
23/11/2012,6000,105900000,17.6(-1.68 %),6000,105900000,0,0,7049352,9.84
26/11/2012,3000,53100000,17.9(1.70 %),3000,53100000,0,0,7046352,9.85
27/11/2012,1000,17700000,17.7(-1.12 %),1000,17700000,0,0,7045352,9.86
28/11/2012,970,17169000,17.7(0.00 %),970,17169000,0,0,7044382,9.86
29/11/2012,1100,19470000,17.9(1.13 %),1100,19470000,0,0,7043282,9.87
30/11/2012,7270,129919000,17.9(0.00 %),7270,129919000,0,0,7036012,9.91
03/12/2012,0,0,17.9(0.00 %),0,0,0,0,7036012,9.91
04/12/2012,4000,70400000,17.8(-0.56 %),4000,70400000,0,0,7032012,9.93
05/12/2012,0,0,17.9(0.56 %),0,0,0,0,7032012,9.93
06/12/2012,3000,53100000,17.7(-1.12 %),3000,53100000,0,0,7029012,9.95
07/12/2012,3090,54684000,17.9(1.13 %),3090,54684000,0,0,7025922,9.97
10/12/2012,2000,35600000,17.9(0.00 %),2000,35600000,0,0,7023922,9.98
11/12/2012,0,0,17.8(-0.56 %),0,0,0,0,7023922,9.98
12/12/2012,0,0,18(1.12 %),0,0,0,0,7023922,9.98
13/12/2012,0,0,18.1(0.56 %),0,0,0,0,7023922,9.98
14/12/2012,0,0,18.1(0.00 %),0,0,0,0,7023922,9.98
17/12/2012,0,0,18.1(0.00 %),0,0,0,0,7023922,9.98
18/12/2012,2480,44392000,18(-0.55 %),2480,44392000,0,0,7021442,9.99
19/12/2012,3000,53700000,18.3(1.67 %),3000,53700000,0,0,7018442,10.01
20/12/2012,0,0,18(-1.64 %),0,0,0,0,7018442,10.01
21/12/2012,3000,54000000,18.4(2.22 %),3000,54000000,0,0,7015442,10.03
24/12/2012,2650,47700000,18.2(-1.09 %),2650,47700000,0,0,7012792,10.04
25/12/2012,80,1440000,18(-1.10 %),80,1440000,0,0,7012712,10.04
26/12/2012,3000,54300000,18.2(1.11 %),3000,54300000,0,0,7009712,10.06
27/12/2012,2000,36200000,18.4(1.10 %),2000,36200000,0,0,7007712,10.07
28/12/2012,4000,73600000,18.6(1.09 %),4000,73600000,0,0,7003712,10.09
02/01/2013,0,0,18.8(1.08 %),0,0,0,0,7003712,10.09
03/01/2013,0,0,19(1.06 %),0,0,0,0,7003712,10.09
04/01/2013,3000,57470000,19.2(1.05 %),3000,57470000,0,0,7000712,10.11
07/01/2013,0,0,19.3(0.52 %),0,0,0,0,7000712,10.11
08/01/2013,3000,57600000,19.3(0.00 %),3000,57600000,0,0,6997712,10.12
09/01/2013,10090,192610000,19(-1.55 %),10090,192610000,0,0,6987622,10.18
10/01/2013,3000,57000000,19.2(1.05 %),3000,57000000,0,0,6984622,10.2
11/01/2013,2050,39360000,19.2(0.00 %),2050,39360000,0,0,6982572,10.21
14/01/2013,1950,37440000,19.5(1.56 %),1950,37440000,0,0,6980622,10.22
15/01/2013,0,0,19.6(0.51 %),0,0,0,0,6980622,10.22
16/01/2013,0,0,19.5(-0.51 %),0,0,0,0,6980622,10.22
17/01/2013,300,5290000,19.8(1.54 %),1300,25090000,1000,19800000,6980322,10.22
18/01/2013,0,0,19.5(-1.52 %),0,0,0,0,6980322,10.22
21/01/2013,420,8106000,19.7(1.03 %),420,8106000,0,0,6979902,10.22
22/01/2013,-2500,-48830000,19.4(-1.52 %),500,9650000,3000,58480000,6982402,10.21
23/01/2013,0,0,19.8(2.06 %),0,0,0,0,6982402,10.21
24/01/2013,0,0,20(1.01 %),0,0,0,0,6982402,10.21
25/01/2013,0,0,19.7(-1.50 %),0,0,0,0,6982402,10.21
28/01/2013,10,192000,19.5(-1.02 %),10,192000,0,0,6982392,10.21
29/01/2013,9990,191808000,19.2(-1.54 %),9990,191808000,0,0,6972402,10.26
30/01/2013,0,0,19.7(2.60 %),0,0,0,0,6972402,10.26
31/01/2013,0,0,19.5(-1.02 %),0,0,0,0,6972402,10.26
01/02/2013,0,0,19.3(-1.03 %),0,0,0,0,6972402,10.26
04/02/2013,0,0,19.1(-1.04 %),0,0,0,0,6972402,10.26
05/02/2013,5000,95000000,19.2(0.52 %),5000,95000000,0,0,6967402,10.29
06/02/2013,100,1960000,19.5(1.56 %),100,1960000,0,0,6967302,10.29
07/02/2013,0,0,19.5(0.00 %),0,0,0,0,6967302,10.29
08/02/2013,0,0,19.8(1.54 %),0,0,0,0,6967302,10.29
18/02/2013,6020,119325000,21.1(6.57 %),6020,119325000,0,0,6961282,10.33
19/02/2013,1600,31840000,20.9(-0.95 %),1600,31840000,0,0,6959682,10.34
20/02/2013,0,0,20.7(-0.96 %),0,0,0,0,6959682,10.34
21/02/2013,900,17910000,20(-3.38 %),900,17910000,0,0,6958782,10.34
22/02/2013,17680,351244000,19.9(-0.50 %),17680,351244000,0,0,6941102,10.44
25/02/2013,0,0,19.9(0.00 %),0,0,0,0,6941102,10.44
26/02/2013,0,0,19.8(-0.50 %),0,0,0,0,6941102,10.44
27/02/2013,1000,19000000,19.8(0.00 %),1000,19000000,0,0,6940102,10.44
28/02/2013,0,0,19.8(0.00 %),0,0,0,0,6940102,10.44
01/03/2013,0,0,20.3(2.53 %),0,0,0,0,6940102,10.44
04/03/2013,0,0,19.5(-3.94 %),0,0,0,0,6940102,10.44
05/03/2013,8900,168210000,18.9(-3.08 %),8900,168210000,0,0,6931202,10.49
06/03/2013,10,189000,20(5.82 %),10,189000,0,0,6931192,10.49
07/03/2013,0,0,20(0.00 %),0,0,0,0,6931192,10.49
08/03/2013,0,0,20(0.00 %),0,0,0,0,6931192,10.49
11/03/2013,0,0,20.1(0.50 %),0,0,0,0,6931192,10.49
12/03/2013,1470,27783000,18.9(-5.97 %),1470,27783000,0,0,6929722,10.5
13/03/2013,10,197000,19.8(4.76 %),10,197000,0,0,6929712,10.5
14/03/2013,0,0,20(1.01 %),0,0,0,0,6929712,10.5
15/03/2013,84760,1706510000,20(0.00 %),84760,1706510000,0,0,6844952,10.97
18/03/2013,84980,1785369000,21(5.00 %),84980,1785369000,0,0,6759972,11.44
19/03/2013,141920,3162451000,22.4(6.67 %),196920,4384451000,55000,1222000000,6618052,12.23
20/03/2013,25430,603464000,23.9(6.70 %),55430,1319464000,30000,716000000,6592622,12.37
21/03/2013,53600,1286018000,23.9(0.00 %),53600,1286018000,0,0,6539022,12.67
22/03/2013,6100,145790000,22.3(-6.69 %),6100,145790000,0,0,6532922,12.71
25/03/2013,5000,107500000,22.9(2.69 %),5000,107500000,0,0,6527922,12.73
26/03/2013,24410,555361000,23(0.44 %),24410,555361000,0,0,6503512,12.87
27/03/2013,0,0,23.3(1.30 %),0,0,0,0,6503512,12.87
28/03/2013,0,0,22.4(-3.86 %),0,0,0,0,6503512,12.87
29/03/2013,0,0,22.3(-0.45 %),0,0,0,0,6503512,12.87
01/04/2013,0,0,21.6(-3.14 %),0,0,0,0,6503512,12.87
02/04/2013,0,0,22.5(4.17 %),0,0,0,0,6503512,12.87
03/04/2013,1000,22500000,22.4(-0.44 %),1000,22500000,0,0,6502512,12.87
04/04/2013,0,0,22(-1.79 %),0,0,0,0,6502512,12.87
05/04/2013,1000,21100000,21.1(-4.09 %),1000,21100000,0,0,6501512,12.88
08/04/2013,0,0,22.4(6.16 %),0,0,0,0,6501512,12.88
09/04/2013,0,0,22.6(0.89 %),0,0,0,0,6501512,12.88
10/04/2013,9700,220190000,22.4(-0.88 %),9700,220190000,0,0,6491812,12.93
11/04/2013,0,0,22(-1.79 %),0,0,0,0,6491812,12.93
12/04/2013,0,0,21.6(-1.82 %),0,0,0,0,6491812,12.93
15/04/2013,0,0,22(1.85 %),0,0,0,0,6491812,12.93
16/04/2013,0,0,21.9(-0.45 %),0,0,0,0,6491812,12.93
17/04/2013,0,0,21.8(-0.46 %),0,0,0,0,6491812,12.93
18/04/2013,0,0,21.2(-2.75 %),0,0,0,0,6491812,12.93
22/04/2013,0,0,20.8(-1.89 %),0,0,0,0,6491812,12.93
23/04/2013,0,0,20(-3.85 %),0,0,0,0,6491812,12.93
24/04/2013,0,0,21.4(7.00 %),0,0,0,0,6491812,12.93
25/04/2013,0,0,21.7(1.40 %),0,0,0,0,6491812,12.93
26/04/2013,0,0,21(-3.23 %),0,0,0,0,6491812,12.93
02/05/2013,0,0,21(0.00 %),0,0,0,0,6491812,12.93
03/05/2013,0,0,20.6(-1.90 %),0,0,0,0,6491812,12.93
06/05/2013,0,0,21(1.94 %),0,0,0,0,6491812,12.93
07/05/2013,0,0,21.3(1.43 %),0,0,0,0,6491812,12.93
08/05/2013,0,0,20.9(-1.88 %),0,0,0,0,6491812,12.93
09/05/2013,900,18630000,20.8(-0.48 %),900,18630000,0,0,6490912,12.94
10/05/2013,0,0,21.4(2.88 %),0,0,0,0,6490912,12.94
13/05/2013,0,0,21.2(-0.93 %),0,0,0,0,6490912,12.94
14/05/2013,0,0,21.2(0.00 %),0,0,0,0,6490912,12.94
15/05/2013,0,0,21.8(2.83 %),0,0,0,0,6490912,12.94
16/05/2013,0,0,21.8(0.00 %),0,0,0,0,6490912,12.94
17/05/2013,840,18480000,21.6(-0.92 %),840,18480000,0,0,6490072,12.94
20/05/2013,0,0,21.3(-1.39 %),0,0,0,0,6490072,12.94
21/05/2013,0,0,22.2(4.23 %),0,0,0,0,6490072,12.94
22/05/2013,0,0,21.9(-1.35 %),0,0,0,0,6490072,12.94
23/05/2013,0,0,21.7(-0.91 %),0,0,0,0,6490072,12.94
24/05/2013,0,0,22(1.38 %),0,0,0,0,6490072,12.94
27/05/2013,0,0,21(3.96 %),0,0,0,0,6490072,12.94
28/05/2013,0,0,20.9(-0.48 %),0,0,0,0,6490072,12.94
29/05/2013,0,0,20.8(-0.48 %),0,0,0,0,6490072,12.94
30/05/2013,0,0,20.6(-0.96 %),0,0,0,0,6490072,12.94
31/05/2013,1000,20700000,20.8(0.97 %),1000,20700000,0,0,6489072,12.95
03/06/2013,0,0,20.8(0.00 %),0,0,0,0,6489072,12.95
04/06/2013,0,0,20.2(-2.88 %),0,0,0,0,6489072,12.95
05/06/2013,0,0,20.4(0.99 %),0,0,0,0,6489072,12.95
06/06/2013,0,0,20(-1.96 %),0,0,0,0,6489072,12.95
07/06/2013,0,0,20.5(2.50 %),0,0,0,0,6489072,12.95
10/06/2013,0,0,20.4(-0.49 %),0,0,0,0,6489072,12.95
11/06/2013,0,0,20.1(-1.47 %),0,0,0,0,6489072,12.95
12/06/2013,0,0,20.1(0.00 %),0,0,0,0,6489072,12.95
13/06/2013,0,0,20(-0.50 %),0,0,0,0,6489072,12.95
14/06/2013,0,0,20(0.00 %),0,0,0,0,6489072,12.95
17/06/2013,0,0,20.1(0.50 %),0,0,0,0,6489072,12.95
18/06/2013,0,0,20(-0.50 %),0,0,0,0,6489072,12.95
19/06/2013,0,0,19.5(-2.50 %),0,0,0,0,6489072,12.95
20/06/2013,0,0,19.5(0.00 %),0,0,0,0,6489072,12.95
21/06/2013,0,0,19.5(0.00 %),0,0,0,0,6489072,12.95
24/06/2013,0,0,18.2(-6.67 %),0,0,0,0,6489072,12.95
25/06/2013,0,0,19.3(6.04 %),0,0,0,0,6489072,12.95
26/06/2013,0,0,19.5(1.04 %),0,0,0,0,6489072,12.95
27/06/2013,-21800,-420740000,19.2(-1.54 %),0,0,21800,420740000,6510872,12.83
28/06/2013,0,0,18.9(-1.56 %),0,0,0,0,6510872,12.83
01/07/2013,4750,89300000,18.6(-1.59 %),4750,89300000,0,0,6484342,12.98
02/07/2013,1000,18600000,18.4(-1.08 %),1000,18600000,0,0,6483342,12.98
03/07/2013,-1300,-23920000,18.3(-0.54 %),700,12880000,2000,36800000,6484642,12.97
04/07/2013,50,890000,17.9(-2.19 %),50,890000,0,0,6484592,12.97
05/07/2013,450,7965000,17.7(-1.12 %),450,7965000,0,0,6484142,12.98
08/07/2013,0,0,17.3(-2.26 %),0,0,0,0,6484142,12.98
09/07/2013,0,0,17.3(0.00 %),0,0,0,0,6484142,12.98
10/07/2013,0,0,17.5(1.16 %),0,0,0,0,6484142,12.98
11/07/2013,8230,143825000,17.5(0.00 %),8230,143825000,0,0,6475912,13.02
12/07/2013,0,0,17.6(0.57 %),0,0,0,0,6475912,13.02
15/07/2013,47870,849660000,18.1(2.84 %),47870,849660000,0,0,6428042,13.29
16/07/2013,5000,90000000,18.7(3.31 %),5000,90000000,0,0,6423042,13.32
17/07/2013,-13900,-264100000,19(1.60 %),0,0,13900,264100000,6436942,13.24
18/07/2013,0,0,19.5(2.63 %),0,0,0,0,6436942,13.24
19/07/2013,0,0,19.2(-1.54 %),0,0,0,0,6436942,13.24
22/07/2013,0,0,18.6(-3.12 %),0,0,0,0,6436942,13.24
23/07/2013,0,0,18.5(-0.54 %),0,0,0,0,6436942,13.24
24/07/2013,6000,110400000,17.7(-4.32 %),6000,110400000,0,0,6430942,13.27
25/07/2013,6000,108750000,17.8(0.56 %),6000,108750000,0,0,6424942,13.31
26/07/2013,14600,262400000,18.1(1.69 %),14600,262400000,0,0,6410342,13.39
29/07/2013,3000,54000000,18(-0.55 %),3000,54000000,0,0,6407342,13.4
30/07/2013,2000,36000000,18.1(0.56 %),2000,36000000,0,0,6405342,13.41
31/07/2013,6700,120870000,18.1(0.00 %),6700,120870000,0,0,6398642,13.45
01/08/2013,3000,54000000,17.8(-1.66 %),3000,54000000,0,0,6417442,13.35
02/08/2013,0,0,18(1.12 %),0,0,0,0,6417442,13.35
05/08/2013,0,0,17.9(-0.56 %),0,0,0,0,6417442,13.35
06/08/2013,1980,34542000,17.9(0.00 %),4500,79650000,2520,45108000,6415462,13.36
07/08/2013,0,0,18(0.56 %),0,0,0,0,6415462,13.36
08/08/2013,3860,68622000,17.9(-0.56 %),3860,68622000,0,0,6411602,13.38
09/08/2013,0,0,17.9(0.00 %),0,0,0,0,6411602,13.38
12/08/2013,0,0,18.1(1.12 %),0,0,0,0,6411602,13.38
13/08/2013,-1080,-19548000,17.9(-1.10 %),0,0,1080,19548000,6412682,13.37
14/08/2013,5000,89500000,18.1(1.12 %),5000,89500000,0,0,6407682,13.4
15/08/2013,0,0,18.3(1.10 %),0,0,0,0,6407682,13.4
16/08/2013,6000,109200000,18.3(0.00 %),6000,109200000,0,0,6401682,13.44
19/08/2013,0,0,18.4(0.55 %),0,0,0,0,6401682,13.44
20/08/2013,0,0,18.3(-0.54 %),0,0,0,0,6401682,13.44
21/08/2013,8090,146429000,18.3(0.00 %),8090,146429000,0,0,6393592,13.48
22/08/2013,0,0,18.3(0.00 %),0,0,0,0,6393592,13.48
23/08/2013,0,0,18.2(-0.55 %),0,0,0,0,6393592,13.48
26/08/2013,4220,76382000,18.3(0.55 %),4220,76382000,0,0,6389372,13.5
27/08/2013,7690,139189000,18.3(0.00 %),7690,139189000,0,0,6381682,13.55
28/08/2013,8500,154300000,17.8(-2.73 %),10000,181000000,1500,26700000,6373182,13.59
29/08/2013,0,0,17.8(0.00 %),0,0,0,0,6373182,13.59
30/08/2013,0,0,17.9(0.56 %),0,0,0,0,6373182,13.59
03/09/2013,0,0,18.2(1.68 %),0,0,0,0,6371682,13.6
04/09/2013,0,0,17.9(-1.65 %),0,0,0,0,6371682,13.6
05/09/2013,3500,62300000,17.9(0.00 %),3500,62300000,0,0,6368182,13.62
06/09/2013,3500,62300000,17.9(0.00 %),3500,62300000,0,0,6364682,13.64
09/09/2013,3600,64100000,17.6(-1.68 %),3600,64100000,0,0,6361082,13.66
10/09/2013,0,0,18(2.27 %),0,0,0,0,6361082,13.66
11/09/2013,0,0,18.2(1.11 %),0,0,0,0,6361082,13.66
12/09/2013,3500,62300000,18.1(-0.55 %),3500,62300000,0,0,6357582,13.68
13/09/2013,3500,62300000,18(-0.55 %),3500,62300000,0,0,6354082,13.7
16/09/2013,210,3738000,18(0.00 %),210,3738000,0,0,6353872,13.7
17/09/2013,2800,49840000,18(0.00 %),2800,49840000,0,0,6351072,13.72
18/09/2013,2880,51264000,17.9(-0.56 %),2880,51264000,0,0,6348192,13.73
19/09/2013,3500,62300000,18(0.56 %),3500,62300000,0,0,6344692,13.75
20/09/2013,3500,62300000,17.7(-1.67 %),3500,62300000,0,0,6341192,13.77
23/09/2013,5500,98950000,17.8(0.56 %),5500,98950000,0,0,6335692,13.8
24/09/2013,0,0,18(1.12 %),0,0,0,0,6335692,13.8
25/09/2013,0,0,18(0.00 %),0,0,0,0,6335692,13.8
26/09/2013,0,0,17.9(-0.56 %),0,0,0,0,6335692,13.8
27/09/2013,350,6265000,18(0.56 %),350,6265000,0,0,6335342,13.8
30/09/2013,60,1080000,18.2(1.11 %),60,1080000,0,0,6335282,13.8
01/10/2013,650,11895000,18.7(2.75 %),650,11895000,0,0,6336135,13.8
02/10/2013,2000,37380000,18.8(0.53 %),2000,37380000,0,0,6334135,13.81
03/10/2013,3300,61380000,18.7(-0.53 %),3300,61380000,0,0,6330835,13.83
04/10/2013,3940,73226000,18.6(-0.53 %),3940,73226000,0,0,6326895,13.85
07/10/2013,100,1860000,18.7(0.54 %),100,1860000,0,0,6326795,13.85
08/10/2013,-17190,-314517000,18.8(0.53 %),240,4452000,17430,318969000,6343985,13.76
09/10/2013,0,0,18.6(-1.06 %),0,0,0,0,6343985,13.76
10/10/2013,3300,61050000,18.7(0.54 %),3300,61050000,0,0,6340685,13.77
11/10/2013,3400,62220000,18.5(-1.07 %),3400,62220000,0,0,6337285,13.79
14/10/2013,0,0,18.4(-0.54 %),0,0,0,0,6337285,13.79
15/10/2013,3400,61880000,18.2(-1.09 %),3400,61880000,0,0,6333885,13.81
16/10/2013,5790,105957000,18.4(1.10 %),5790,105957000,0,0,6328095,13.84
17/10/2013,3490,65216000,18.6(1.09 %),6490,119816000,3000,54600000,6324605,13.86
18/10/2013,38100,705330000,18.6(0.00 %),38100,705330000,0,0,6286505,14.07
21/10/2013,0,0,19.1(2.69 %),0,0,0,0,6286505,14.07
22/10/2013,5570,104716000,19.1(0.00 %),5570,104716000,0,0,6280935,14.11
23/10/2013,5800,111070000,19.2(0.52 %),5800,111070000,0,0,6275135,14.14
24/10/2013,0,0,19.5(1.56 %),0,0,0,0,6275135,14.14
25/10/2013,60,1190000,19.3(-1.03 %),100,1970000,40,780000,6275075,14.14
28/10/2013,0,0,19.5(1.04 %),0,0,0,0,6275075,14.14
29/10/2013,0,0,19.5(0.00 %),0,0,0,0,6275075,14.14
30/10/2013,160,3200000,19.9(2.05 %),160,3200000,0,0,6274915,14.14
31/10/2013,0,0,20.2(1.51 %),0,0,0,0,6274915,14.14
01/11/2013,0,0,20.2(0.00 %),0,0,0,0,6274915,14.14
04/11/2013,0,0,20.8(2.97 %),0,0,0,0,6274915,14.14
05/11/2013,0,0,21(0.96 %),0,0,0,0,6274915,14.14
06/11/2013,3000,62100000,20.7(-1.43 %),3000,62100000,0,0,6271915,14.16
07/11/2013,68510,1431113000,20.8(0.48 %),68510,1431113000,0,0,6203405,14.54
08/11/2013,7000,147000000,21.1(1.44 %),7000,147000000,0,0,6196405,14.58
11/11/2013,1600,33920000,21.6(2.37 %),1600,33920000,0,0,6194805,14.58
12/11/2013,0,0,21(-2.78 %),0,0,0,0,6194805,14.58
13/11/2013,3000,62400000,20.7(-1.43 %),3000,62400000,0,0,6191805,14.6
14/11/2013,3000,60300000,19.6(2.08 %),3000,60300000,0,0,6188805,14.62
15/11/2013,2500,47750000,19.5(-0.51 %),2500,47750000,0,0,6186305,14.63
18/11/2013,100,1940000,19.4(-0.51 %),100,1940000,0,0,6186205,14.63
19/11/2013,3200,61760000,19.4(0.00 %),3200,61760000,0,0,6183005,14.65
20/11/2013,3200,61760000,19.4(0.00 %),3200,61760000,0,0,6179805,14.67
21/11/2013,5800,113680000,19.4(0.00 %),5800,113680000,0,0,6174005,14.7
22/11/2013,0,0,20.6(6.19 %),0,0,0,0,6174005,14.7
25/11/2013,3000,61500000,20.3(-1.46 %),3000,61500000,0,0,6171005,14.72
26/11/2013,3000,60900000,20.3(0.00 %),3000,60900000,0,0,6168005,14.73
27/11/2013,0,0,20.8(2.46 %),0,0,0,0,6168005,14.73
28/11/2013,4100,85250000,20.9(0.48 %),4100,85250000,0,0,6163905,14.76
29/11/2013,0,0,21.7(3.83 %),0,0,0,0,6163905,14.76
02/12/2013,0,0,22.2(2.30 %),0,0,0,0,6163905,14.76
03/12/2013,0,0,22.2(0.00 %),0,0,0,0,6163905,14.76
04/12/2013,3100,67890000,21.9(-1.35 %),3100,67890000,0,0,6160805,14.77
05/12/2013,2900,60610000,21(-4.11 %),2900,60610000,0,0,6157905,14.79
06/12/2013,3900,81510000,21(0.00 %),3900,81510000,0,0,6154005,14.81
09/12/2013,0,0,21.5(2.38 %),0,0,0,0,6154005,14.81
10/12/2013,3900,81510000,20.9(-2.79 %),3900,81510000,0,0,6150105,14.83
11/12/2013,4000,82800000,20.4(-2.39 %),4000,82800000,0,0,6146105,14.85
12/12/2013,4000,81600000,20.9(2.45 %),4000,81600000,0,0,6142105,14.88
13/12/2013,720,14923000,20.7(-0.96 %),720,14923000,0,0,6141385,14.88
16/12/2013,0,0,20.7(0.00 %),0,0,0,0,6141385,14.88
17/12/2013,0,0,21.2(2.42 %),0,0,0,0,6141385,14.88
18/12/2013,6620,139020000,21.2(0.00 %),6620,139020000,0,0,6134765,14.92
19/12/2013,2000,42602000,21.4(0.94 %),2000,42602000,0,0,6132765,14.93
20/12/2013,4200,89010000,21.1(-1.40 %),4200,89010000,0,0,6128565,14.95
23/12/2013,28840,614318000,21.8(3.32 %),28840,614318000,0,0,6099725,15.11
24/12/2013,30900,656690000,21.2(-2.75 %),30900,656690000,0,0,6068825,15.28
25/12/2013,30000,637500000,21.2(0.00 %),30000,637500000,0,0,6038825,15.45
26/12/2013,10000,214000000,21.3(0.47 %),10000,214000000,0,0,6028825,15.51
27/12/2013,4960,105896000,21.3(0.00 %),4960,105896000,0,0,6023865,15.53
30/12/2013,12800,270460000,21(-1.41 %),12800,270460000,0,0,6011065,15.61
31/12/2013,200,4280000,21.3(1.43 %),200,4280000,0,0,6010865,15.61
02/01/2014,-6790,-144627000,21.3(0.00 %),0,0,6790,144627000,6010865,15.61
03/01/2014,1150,24420000,21.3(0.00 %),1150,24420000,0,0,6009715,15.61
06/01/2014,100,2110000,21.5(0.94 %),100,2110000,0,0,6009615,15.61
07/01/2014,0,0,21.5(0.00 %),0,0,0,0,6009615,15.61
08/01/2014,5000,108000000,21.6(0.47 %),5000,108000000,0,0,6004615,15.64
09/01/2014,690,15184000,21.8(0.93 %),1700,37000000,1010,21816000,6003925,15.64
10/01/2014,10000,219000000,22(0.92 %),10000,219000000,0,0,5993925,15.7
13/01/2014,4920,108382000,22.5(2.27 %),4920,108382000,0,0,5989005,15.73
14/01/2014,21680,510044000,23.7(5.33 %),21680,510044000,0,0,5967325,15.85
15/01/2014,25640,618097000,24(1.27 %),25640,618097000,0,0,5941685,15.99
16/01/2014,8500,203800000,24.2(0.83 %),8500,203800000,0,0,5933185,16.04
17/01/2014,49140,1193560000,24.7(2.07 %),50140,1218560000,1000,25000000,5884045,16.31
20/01/2014,41600,1067380000,26(5.26 %),47600,1224430000,6000,157050000,5842445,16.54
21/01/2014,63980,1676877000,26.3(1.15 %),110980,2898477000,47000,1221600000,5778465,16.9
22/01/2014,65510,1750879000,27.5(4.56 %),90510,2438379000,25000,687500000,5712955,17.26
23/01/2014,41720,1168760000,28(1.82 %),45720,1279960000,4000,111200000,5671235,17.49
24/01/2014,153420,4295164000,28(0.00 %),153420,4295164000,0,0,5517815,18.35
27/01/2014,35090,964311000,27.9(-0.36 %),41090,1130811000,6000,166500000,5482725,18.54
06/02/2014,0,0,27.8(-0.36 %),0,0,0,0,5479515,18.56
07/02/2014,0,0,27.6(-0.72 %),0,0,0,0,5479515,18.56
10/02/2014,0,0,27.8(0.72 %),0,0,0,0,5479515,18.56
11/02/2014,0,0,27.8(0.00 %),0,0,0,0,5479515,18.56
12/02/2014,-5000,-139000000,27.9(0.36 %),0,0,5000,139000000,5484515,18.53
13/02/2014,-10750,-297791000,27.7(-0.72 %),0,0,10750,297791000,5495265,18.47
14/02/2014,-710,-19383000,27.5(-0.72 %),0,0,710,19383000,5495975,18.47
17/02/2014,600,16380000,27.5(0.00 %),600,16380000,0,0,5495375,18.47
18/02/2014,-1600,-43840000,27.9(1.45 %),0,0,1600,43840000,5496975,18.46
19/02/2014,1400,41580000,29.8(6.81 %),2000,59400000,600,17820000,5495575,18.47
20/02/2014,10,312000,29.5(-1.01 %),10,312000,0,0,5495565,18.47
21/02/2014,19950,590540000,30(1.69 %),19950,590540000,0,0,5475615,18.58
24/02/2014,500,14400000,30(0.00 %),1000,29400000,500,15000000,5475115,18.58
25/02/2014,1510,48014000,30.7(2.33 %),3010,93314000,1500,45300000,5473605,18.59
26/02/2014,10810,331616000,30.6(-0.33 %),10810,331616000,0,0,5462795,18.65
27/02/2014,100,2950000,29.5(-3.59 %),100,2950000,0,0,5462695,18.65
28/02/2014,0,0,29.5(0.00 %),0,0,0,0,5462695,18.65
03/03/2014,6300,178008000,28.5(-3.39 %),8300,234078000,2000,56070000,5464395,18.64
04/03/2014,730,20011000,28.3(-0.70 %),740,20295000,10,284000,5463665,18.65
05/03/2014,-450,-12397000,28.4(0.35 %),450,12794000,900,25191000,5464115,18.64
06/03/2014,110,3086000,27.7(-2.46 %),200,5606000,90,2520000,5464005,18.64
07/03/2014,50,1402000,27.8(0.36 %),50,1402000,0,0,5463955,18.64
10/03/2014,100,2790000,28(0.72 %),100,2790000,0,0,5463855,18.65
11/03/2014,0,0,27.9(-0.36 %),0,0,0,0,5463855,18.65
12/03/2014,3920,111200000,28.2(1.08 %),3920,111200000,0,0,5459935,18.67
13/03/2014,0,0,28.2(0.00 %),0,0,0,0,5459935,18.67
14/03/2014,0,0,28.4(0.71 %),0,0,0,0,5459935,18.67
17/03/2014,0,0,28.4(0.00 %),0,0,0,0,5459935,18.67
18/03/2014,-5000,-143500000,28.6(0.70 %),0,0,5000,143500000,5464935,18.64
19/03/2014,0,0,29.4(2.80 %),0,0,0,0,5464935,18.64
20/03/2014,-110,-3254000,28.5(-3.06 %),60,1710000,170,4964000,5465045,18.64
21/03/2014,60,1739000,29.3(2.81 %),60,1739000,0,0,5464985,18.64
24/03/2014,0,0,29.1(-0.68 %),0,0,0,0,5464985,18.64
25/03/2014,0,0,29.8(2.41 %),0,0,0,0,5464985,18.64
26/03/2014,-7450,-220460000,28.8(-3.36 %),3550,107040000,11000,327500000,5472435,18.6
27/03/2014,470,13395000,29(0.69 %),470,13395000,0,0,5471965,18.6
28/03/2014,-27060,-781966000,28.9(-0.34 %),5000,144500000,32060,926466000,5499025,18.45
31/03/2014,860,25085000,29.3(1.38 %),860,25085000,0,0,5498165,18.45
01/04/2014,1180,33840000,29.2(-0.34 %),1180,33840000,0,0,5467225,18.63
02/04/2014,540,15606000,28.9(-1.03 %),540,15606000,0,0,5466685,18.63
03/04/2014,30,873000,29.1(0.69 %),30,873000,0,0,5466655,18.63
04/04/2014,500,14410000,29(-0.34 %),500,14410000,0,0,5466155,18.63
07/04/2014,200,5800000,29(0.00 %),200,5800000,0,0,5465955,18.63
08/04/2014,10,292000,29(0.00 %),10,292000,0,0,5465945,18.63
10/04/2014,190,5434000,29(0.00 %),190,5434000,0,0,5465755,18.63
11/04/2014,310,8990000,29(0.00 %),310,8990000,0,0,5465445,18.64
14/04/2014,0,0,29.5(1.72 %),0,0,0,0,5465445,18.64
15/04/2014,-90,-2565000,28.5(-3.39 %),0,0,90,2565000,5465535,18.64
16/04/2014,-350,-9771000,28.5(0.00 %),60,1709000,410,11480000,5465885,18.63
17/04/2014,0,0,28.5(0.00 %),0,0,0,0,5465885,18.63
18/04/2014,0,0,28.2(-1.05 %),0,0,0,0,5465885,18.63
21/04/2014,0,0,28(-0.71 %),0,0,0,0,5465885,18.63
22/04/2014,0,0,28.2(0.71 %),0,0,0,0,5465885,18.63
23/04/2014,980,27538000,27.9(-1.06 %),980,27538000,0,0,5464905,18.64
24/04/2014,20,556000,27.8(-0.36 %),20,556000,0,0,5464885,18.64
25/04/2014,0,0,27.5(-1.08 %),0,0,0,0,5464885,18.64
28/04/2014,0,0,27.5(0.00 %),0,0,0,0,5464885,18.64
29/04/2014,0,0,27.5(0.00 %),0,0,0,0,5464885,18.64
05/05/2014,50,1350000,27(-1.82 %),50,1350000,0,0,5496645,18.46
06/05/2014,0,0,26.9(-0.37 %),0,0,0,0,5496645,18.46
07/05/2014,0,0,27(0.37 %),0,0,0,0,5496645,18.46
08/05/2014,3580,91144000,25.2(-6.67 %),3580,91144000,0,0,5493065,18.48
09/05/2014,20,518000,25.9(2.78 %),20,518000,0,0,5493045,18.48
12/05/2014,2500,60299000,24.8(-4.25 %),2500,60299000,0,0,5490545,18.5
13/05/2014,5160,119218000,23.3(-6.05 %),5160,119218000,0,0,5485385,18.53
14/05/2014,0,0,24.8(6.44 %),0,0,0,0,5485385,18.53
15/05/2014,300,7260000,24.8(0.00 %),300,7260000,0,0,5485085,18.53
16/05/2014,0,0,24.8(0.00 %),0,0,0,0,5485085,18.53
19/05/2014,740,18380000,24.8(0.00 %),740,18380000,0,0,5484345,18.53
20/05/2014,0,0,25.1(1.21 %),0,0,0,0,5484345,18.53
21/05/2014,-3000,-77400000,26.4(5.18 %),0,0,3000,77400000,5487345,18.51
22/05/2014,90,2371000,26.4(0.00 %),100,2640000,10,269000,5487255,18.52
23/05/2014,-20140,-513670000,26(-1.52 %),1000,25500000,21140,539170000,5507395,18.4
26/05/2014,0,0,25.3(3.27 %),0,0,0,0,5507395,18.4
27/05/2014,-4940,-119837000,25(-1.19 %),2070,49716000,7010,169553000,5512335,18.38
28/05/2014,0,0,25.2(0.80 %),10,252000,10,252000,5512335,18.38
29/05/2014,5060,127549000,25.9(2.78 %),5060,127549000,0,0,5507275,18.4
30/05/2014,1050,26840000,25.8(-0.39 %),1050,26840000,0,0,5506225,18.41
02/06/2014,0,0,25.8(0.00 %),0,0,0,0,5506165,18.41
03/06/2014,10,245000,24.5(-5.04 %),10,245000,0,0,5506155,18.41
04/06/2014,510,12498000,24.8(1.22 %),510,12498000,0,0,5505645,18.41
05/06/2014,0,0,24.3(-2.02 %),0,0,0,0,5505645,18.41
06/06/2014,10,250000,25(2.88 %),10,250000,0,0,5505635,18.41
09/06/2014,7500,187480000,25(0.00 %),7500,187480000,0,0,5498135,18.45
10/06/2014,-980,-24500000,25.3(1.20 %),0,0,980,24500000,5499115,18.45
11/06/2014,0,0,25.3(0.00 %),0,0,0,0,5499115,18.45
12/06/2014,6400,162236000,25.6(1.19 %),6400,162236000,0,0,5492715,18.48
13/06/2014,0,0,25.9(1.17 %),0,0,0,0,5492715,18.48
16/06/2014,4010,103060000,26(0.39 %),4010,103060000,0,0,5488705,18.51
17/06/2014,0,0,26.1(0.38 %),0,0,0,0,5488705,18.51
18/06/2014,10,260000,26(-0.38 %),10,260000,0,0,5488695,18.51
19/06/2014,-90,-2329000,25.4(-2.31 %),10,251000,100,2580000,5488785,18.51
20/06/2014,0,0,25.4(0.00 %),0,0,0,0,5488785,18.51
23/06/2014,1520,38455000,25.8(1.57 %),3080,78223000,1560,39768000,5487265,18.52
24/06/2014,2500,64502000,26(0.78 %),2500,64502000,0,0,5484765,18.53
25/06/2014,470,12514000,27.2(4.62 %),480,12786000,10,272000,5484295,18.53
26/06/2014,30,796000,27(-0.74 %),30,796000,0,0,5484265,18.53
27/06/2014,0,0,27(0.00 %),0,0,0,0,5484265,18.53
30/06/2014,-2310,-57858000,27.4(1.48 %),520,14044000,2830,71902000,5486575,18.52
01/07/2014,20,548000,27.4(0.00 %),20,548000,0,0,5483735,18.53
02/07/2014,-940,-24377000,27.3(-0.36 %),60,1623000,1000,26000000,5484675,18.53
03/07/2014,0,0,26.9(-1.47 %),0,0,0,0,5484675,18.53
04/07/2014,10,269000,26.9(0.00 %),10,269000,0,0,5484665,18.53
07/07/2014,3700,97686000,27(0.37 %),3700,97686000,0,0,5480965,18.55
08/07/2014,3900,102960000,26.4(-2.22 %),3900,102960000,0,0,5477065,18.57
09/07/2014,3930,103767000,26.9(1.89 %),3930,103767000,0,0,5473135,18.59
10/07/2014,3900,102960000,26.6(-1.12 %),3900,102960000,0,0,5475965,18.58
11/07/2014,3900,102960000,26.9(1.13 %),3900,102960000,0,0,5468165,0.0
14/07/2014,0,0,26.9(0.00 %),0,0,0,0,5468165,18.62
15/07/2014,3800,102220000,26.7(-0.74 %),3800,102220000,0,0,5464365,18.64
16/07/2014,-980,-26460000,27.1(1.50 %),0,0,980,26460000,5464365,0.0
17/07/2014,2580,69550000,28.5(5.17 %),2580,69550000,0,0,5461785,18.66
18/07/2014,530,14946000,28.2(-1.05 %),530,14946000,0,0,5461785,18.66
21/07/2014,0,0,27.8(-1.42 %),0,0,0,0,5461255,0.0
22/07/2014,0,0,27.9(0.36 %),0,0,0,0,5462235,0.0
23/07/2014,50,1390000,27.8(-0.36 %),50,1390000,0,0,5462205,0.0
24/07/2014,-750,-20880000,27.5(-1.08 %),100,2750000,850,23630000,5462085,0.0
25/07/2014,0,0,27.3(-0.73 %),0,0,0,0,5462085,0.0
28/07/2014,4110,109086000,27.4(0.37 %),4110,109086000,0,0,5457975,0.0
29/07/2014,10,276000,27.6(0.73 %),10,276000,0,0,5457965,0.0
30/07/2014,3950,104730000,27.6(0.00 %),3950,104730000,0,0,5454865,0.0
31/07/2014,4420,117650000,27.5(-0.36 %),4420,117650000,0,0,5450445,0.0
01/08/2014,0,0,27.5(0.00 %),0,0,0,0,5450445,0.0
04/08/2014,0,0,27.5(0.00 %),0,0,0,0,5450445,0.0
05/08/2014,-2510,-66717000,27.5(0.00 %),2090,55385000,4600,122102000,5448355,0.0
06/08/2014,20,548000,27.4(-0.36 %),20,548000,0,0,5448355,18.73
07/08/2014,3750,101270000,27.4(0.00 %),3750,101270000,0,0,5444605,18.75
08/08/2014,0,0,27.4(0.00 %),0,0,0,0,5444585,0.0
11/08/2014,3750,102750000,27.4(0.00 %),3750,102750000,0,0,5445435,0.0
12/08/2014,3700,101380000,27.5(0.36 %),3700,101380000,0,0,5441735,0.0
13/08/2014,4770,130805000,27.5(0.00 %),4770,130805000,0,0,5436965,0.0
14/08/2014,0,0,27.6(0.36 %),0,0,0,0,5436965,18.79
15/08/2014,0,0,27.7(0.36 %),0,0,0,0,5436965,18.79
18/08/2014,0,0,27.7(0.00 %),0,0,0,0,5436965,0.0
19/08/2014,0,0,27.7(0.00 %),0,0,0,0,5436965,0.0
20/08/2014,0,0,28(1.08 %),0,0,0,0,5436965,0.0
21/08/2014,-100,-2800000,28.2(0.71 %),0,0,100,2800000,5436965,0.0
22/08/2014,0,0,28.3(0.35 %),0,0,0,0,5436965,18.79
25/08/2014,30,864000,28.8(1.77 %),30,864000,0,0,5436965,18.79
26/08/2014,-70,-1989000,28.7(-0.35 %),30,861000,100,2850000,5436935,18.79
27/08/2014,0,0,28.6(-0.35 %),0,0,0,0,5437005,18.79
28/08/2014,20,572000,28.6(0.00 %),210,6006000,190,5434000,5437005,18.79
29/08/2014,-740,-21171000,28.5(-0.35 %),0,0,740,21171000,5436795,0.0
03/09/2014,-70,-1995000,28.8(1.05 %),0,0,70,1995000,5436895,18.8
04/09/2014,-1520,-43523000,28.6(-0.69 %),0,0,1520,43523000,5436895,0.0
05/09/2014,2000,57208000,28.8(0.70 %),2000,57208000,0,0,5435085,0.0
08/09/2014,0,0,28.8(0.00 %),0,0,0,0,5435825,18.8
09/09/2014,20,572000,28.5(-1.04 %),20,572000,0,0,5435895,18.8
10/09/2014,-1000,-28000000,28.5(0.00 %),0,0,1000,28000000,5437395,0.0
11/09/2014,-3730,-105932000,28.4(-0.35 %),0,0,3730,105932000,5437395,0.0
12/09/2014,0,0,28.9(1.76 %),0,0,0,0,5437395,0.0
15/09/2014,0,0,28.8(-0.35 %),0,0,0,0,5437395,18.79
16/09/2014,0,0,29.1(1.04 %),0,0,0,0,5438395,0.0
17/09/2014,0,0,28.8(-1.03 %),0,0,0,0,5442125,0.0
18/09/2014,10,338000,28.5(-1.04 %),30,874000,20,536000,5442095,0.0
19/09/2014,0,0,28.6(0.35 %),0,0,0,0,5442095,0.0
22/09/2014,0,0,28.8(0.70 %),0,0,0,0,5442095,0.0
23/09/2014,20,576000,28.8(0.00 %),20,576000,0,0,5442075,0.0
24/09/2014,370,10658000,28.8(0.00 %),370,10658000,0,0,5441705,18.77
25/09/2014,2070,58409000,28.8(0.00 %),2070,58409000,0,0,5439635,18.78
26/09/2014,0,0,28.7(-0.35 %),0,0,0,0,5439635,18.78
29/09/2014,630,18046000,28.6(-0.35 %),630,18046000,0,0,5439025,0.0
30/09/2014,10,300000,29.9(4.55 %),10,300000,0,0,5439015,0.0
01/10/2014,0,0,29.3(-2.01 %),0,0,0,0,5439015,0.0
02/10/2014,-100,-2920000,29.2(-0.34 %),0,0,100,2920000,5439015,0.0
03/10/2014,-100,-2910000,29.2(0.00 %),0,0,100,2910000,5439015,0.0
06/10/2014,0,0,29.3(0.34 %),0,0,0,0,5439015,0.0
07/10/2014,-460,-13315000,29.4(0.34 %),740,21071000,1200,34386000,5438275,0.0
08/10/2014,0,0,29.1(-1.02 %),0,0,0,0,5438375,0.0
09/10/2014,0,0,29.2(0.34 %),0,0,0,0,5438475,0.0
10/10/2014,0,0,29.2(0.00 %),0,0,0,0,5438475,0.0
13/10/2014,-510,-14697000,29.1(-0.34 %),490,14303000,1000,29000000,5438985,18.78
14/10/2014,-1950,-56499000,28.8(-1.03 %),0,0,1950,56499000,5440935,18.77
15/10/2014,-2000,-57600000,28.8(0.00 %),0,0,2000,57600000,5442935,18.76
16/10/2014,2530,71298000,28.2(-2.08 %),2610,73602000,80,2304000,5440405,18.78
17/10/2014,100,2872000,28.7(1.77 %),100,2872000,0,0,5440305,18.78
20/10/2014,-2060,-59333000,28.8(0.35 %),0,0,2060,59333000,5442365,18.76
21/10/2014,-13800,-399900000,28.8(0.00 %),0,0,13800,399900000,5456165,18.69
22/10/2014,-31820,-931593000,29.4(2.08 %),1100,32155000,32920,963748000,5487985,18.51
23/10/2014,-16100,-488566000,30.9(5.10 %),6070,179992000,22170,668558000,5504085,18.42
24/10/2014,0,0,30.9(0.00 %),0,0,0,0,5504085,18.42
27/10/2014,10690,315261000,29.6(-4.21 %),10690,315261000,0,0,5493395,18.48
29/10/2014,620,18540000,29.9(1.01 %),620,18540000,0,0,5492775,18.48
30/10/2014,1820,54370000,29.7(-0.67 %),1820,54370000,0,0,5490955,18.49
31/10/2014,150,4446000,29.6(-0.34 %),150,4446000,0,0,5490805,18.5
03/11/2014,40,1197000,29.6(0.00 %),40,1197000,0,0,5469295,18.62
04/11/2014,1900,55572000,29.4(-0.68 %),1900,55572000,0,0,5467395,18.63
05/11/2014,350,10430000,29.8(1.36 %),350,10430000,0,0,5467045,18.63
06/11/2014,0,0,30(0.67 %),0,0,0,0,5467045,18.63
07/11/2014,0,0,29.8(-0.67 %),0,0,0,0,5467045,18.63
10/11/2014,-4100,-122180000,29.8(0.00 %),0,0,4100,122180000,5471145,18.6
11/11/2014,-9380,-276752000,29.8(0.00 %),0,0,9380,276752000,5480525,18.55
12/11/2014,30,888000,29.6(-0.67 %),30,888000,0,0,5480495,18.55
13/11/2014,1500,44600000,29.7(0.34 %),1500,44600000,0,0,5478995,18.56
14/11/2014,11500,339350000,29.7(0.00 %),11500,339350000,0,0,5467495,18.63
17/11/2014,48000,1451300000,30.3(2.02 %),48000,1451300000,0,0,5419495,18.89
18/11/2014,25000,760000000,30.6(0.99 %),30000,912000000,5000,152000000,5394495,19.03
19/11/2014,16710,521293000,32(4.58 %),16710,521293000,0,0,5377785,19.12
20/11/2014,3580,114450000,32(0.00 %),4080,129950000,500,15500000,5368705,0.0
21/11/2014,8020,250430000,31.4(-1.88 %),8020,250430000,0,0,5360685,0.0
24/11/2014,6900,209130000,30.5(-2.87 %),6900,209130000,0,0,5358785,0.0
25/11/2014,25970,786110000,30.5(0.00 %),25970,786110000,0,0,5332815,0.0
26/11/2014,45090,1372200000,30.5(0.00 %),45090,1372200000,0,0,5288225,0.0
27/11/2014,43070,1311790000,30.7(0.66 %),43070,1311790000,0,0,5245155,0.0
28/11/2014,13410,416330000,31.8(3.58 %),13410,416330000,0,0,5231745,0.0
01/12/2014,200,6220000,31.7(-0.31 %),200,6220000,0,0,5231545,0.0
02/12/2014,2550,80790000,31.8(0.32 %),2550,80790000,0,0,5228995,0.0
03/12/2014,1820,57920000,32.2(1.26 %),1820,57920000,0,0,5227175,0.0
04/12/2014,200,6380000,31.9(-0.93 %),200,6380000,0,0,5226975,0.0
05/12/2014,10,320000,30.6(-4.08 %),10,320000,0,0,5226965,0.0
08/12/2014,480,14980000,31.2(1.96 %),480,14980000,0,0,5226485,0.0
09/12/2014,5740,173990000,30.1(-3.53 %),5740,173990000,0,0,5220745,0.0
10/12/2014,39490,1201920000,30.7(1.99 %),39490,1201920000,0,0,5181255,0.0
11/12/2014,8520,260870000,31.1(1.30 %),8520,260870000,0,0,5172735,0.0
12/12/2014,35910,1114714000,31.2(0.32 %),35910,1114714000,0,0,5136825,20.46
15/12/2014,49030,1526250000,31.1(-0.32 %),49030,1526250000,0,0,5087795,0.0
16/12/2014,70000,2176520000,31.1(0.00 %),70000,2176520000,0,0,5017795,0.0
17/12/2014,66300,2050870000,30.9(-0.64 %),69200,2140480000,2900,89610000,4948595,0.0
18/12/2014,170,5350000,31.3(1.29 %),180,5660000,10,310000,4948415,0.0
19/12/2014,-17790,-542100000,30.5(-2.56 %),2240,68340000,20030,610440000,4946175,0.0
22/12/2014,-19960,-611872000,30.7(0.66 %),0,0,19960,611872000,4966135,21.41
23/12/2014,41680,1292100000,31.2(1.63 %),41680,1292100000,0,0,4907395,0.0
24/12/2014,29000,912350000,31.3(0.32 %),29000,912350000,0,0,4878405,0.0
25/12/2014,40010,1253760000,31.6(0.96 %),40010,1253760000,0,0,4858425,0.0
26/12/2014,0,0,31.5(-0.32 %),0,0,0,0,4858425,22.01
29/12/2014,0,0,31.2(-0.95 %),0,0,0,0,4858425,22.01
30/12/2014,10,317000,31.7(1.60 %),10,317000,0,0,4858415,22.01
31/12/2014,600,18960000,31.6(-0.32 %),600,18960000,0,0,4857815,22.01
05/01/2015,20,632000,31.6(0.00 %),20,632000,0,0,4877755,21.9
06/01/2015,1000,31200000,31.5(-0.32 %),1000,31200000,0,0,4876755,21.91
07/01/2015,50,1505000,30.5(1.67 %),50,1505000,0,0,4876705,21.91
08/01/2015,55840,1703090000,30.6(0.33 %),55840,1703090000,0,0,4820865,22.22
09/01/2015,0,0,30.5(-0.33 %),0,0,0,0,4820865,22.22
12/01/2015,71000,2165341000,30.5(0.00 %),71000,2165341000,0,0,4749865,22.61
13/01/2015,17520,534310000,31(1.64 %),17520,534310000,0,0,4732345,22.71
14/01/2015,54480,1664588000,31(0.00 %),54480,1664588000,0,0,4677865,23.01
15/01/2015,65020,1983120000,31(0.00 %),65020,1983120000,0,0,4612845,23.37
16/01/2015,0,0,31(0.00 %),0,0,0,0,4612845,23.37
19/01/2015,10610,323605000,30.5(-1.61 %),10610,323605000,0,0,4602235,23.43
20/01/2015,25030,763082000,30.8(0.98 %),25030,763082000,0,0,4577205,23.57
21/01/2015,1250,38050000,30.4(-1.30 %),1250,38050000,0,0,4575955,23.58
22/01/2015,10,307000,30.7(0.99 %),10,307000,0,0,4575945,23.58
23/01/2015,0,0,30.5(-0.65 %),0,0,0,0,4575945,23.58
26/01/2015,10,305000,30.5(0.00 %),10,305000,0,0,4575935,23.58
27/01/2015,0,0,30.1(-1.31 %),0,0,0,0,4575935,23.58
28/01/2015,0,0,29.5(-1.99 %),0,0,0,0,4575935,23.58
29/01/2015,450,13280000,29.6(0.34 %),450,13280000,0,0,4575485,23.58
30/01/2015,0,0,29.5(-0.34 %),0,0,0,0,4575485,23.58
02/02/2015,0,0,29.6(0.34 %),0,0,0,0,4575485,23.58
03/02/2015,0,0,28(-5.41 %),0,0,0,0,4575485,23.58
04/02/2015,150,4440000,29.6(5.71 %),150,4440000,0,0,4575335,23.58
05/02/2015,520,15458000,29.9(1.01 %),520,15458000,0,0,4574815,23.58
06/02/2015,0,0,29.3(-2.01 %),0,0,0,0,4574815,23.58
09/02/2015,0,0,29.3(0.00 %),0,0,0,0,4574815,23.58
10/02/2015,0,0,29.8(1.71 %),0,0,0,0,4574815,23.58
11/02/2015,350,10449000,29.8(0.00 %),350,10449000,0,0,4574465,23.59
12/02/2015,0,0,29.4(-1.34 %),0,0,0,0,4574465,23.59
13/02/2015,10,303000,30.2(2.72 %),10,303000,0,0,4574455,23.59
24/02/2015,0,0,30.3(0.33 %),0,0,0,0,4574455,23.59
25/02/2015,0,0,30.3(0.00 %),0,0,0,0,4574455,23.59
26/02/2015,0,0,30.5(0.66 %),0,0,0,0,4574455,23.59
27/02/2015,100,2990000,30.4(-0.33 %),100,2990000,0,0,4574355,23.59
02/03/2015,0,0,29.6(-2.63 %),0,0,0,0,4574355,23.59
03/03/2015,50,1510000,30.2(2.03 %),50,1510000,0,0,4574305,23.59
04/03/2015,-20,-604000,30.2(0.00 %),0,0,20,604000,4574325,23.59
05/03/2015,0,0,30(-0.66 %),0,0,0,0,4574325,23.59
06/03/2015,1040,31298000,30.2(0.67 %),1100,33110000,60,1812000,4573285,23.59
09/03/2015,0,0,30(-0.66 %),0,0,0,0,4573285,23.59
10/03/2015,-20000,-590010000,30(0.00 %),0,0,20000,590010000,4593285,23.48
11/03/2015,0,0,30(0.00 %),0,0,0,0,4593285,23.48
12/03/2015,0,0,29.7(-1.00 %),0,0,0,0,4593285,23.48
13/03/2015,-14470,-426894000,29.9(0.67 %),0,0,14470,426894000,4607755,23.4
16/03/2015,0,0,30(0.33 %),0,0,0,0,4607755,23.4
17/03/2015,0,0,30(0.00 %),0,0,0,0,4607755,23.4
18/03/2015,-6650,-199115000,30.1(0.33 %),0,0,6650,199115000,4614405,23.36
19/03/2015,3200,98240000,30.6(1.66 %),3200,98240000,0,0,4611205,23.38
20/03/2015,10,306000,30.6(0.00 %),10,306000,0,0,4611195,23.38
23/03/2015,20,608000,30.4(-0.65 %),20,608000,0,0,4611175,23.38
24/03/2015,10,303000,29.7(-2.30 %),10,303000,0,0,4611165,23.38
25/03/2015,10,303000,30.1(1.35 %),10,303000,0,0,4611155,23.38
26/03/2015,100,2960000,29.6(-1.66 %),100,2960000,0,0,4611055,23.38
27/03/2015,0,0,29.6(0.00 %),0,0,0,0,4611055,23.38
30/03/2015,2000,59200000,29.4(-0.68 %),2000,59200000,0,0,4609055,23.39
31/03/2015,1020,30003000,30(2.04 %),1020,30003000,0,0,4608035,23.4
01/04/2015,0,0,29.8(-0.67 %),0,0,0,0,4608047,23.4
02/04/2015,330,9833000,30(0.67 %),330,9833000,0,0,4607717,23.4
03/04/2015,3100,93212000,30.4(1.33 %),3100,93212000,0,0,4604617,23.42
06/04/2015,1400,41462000,30.4(0.00 %),1400,41462000,0,0,4603217,23.43
07/04/2015,0,0,30.4(0.00 %),0,0,0,0,4603217,23.43
08/04/2015,0,0,30.4(0.00 %),0,0,0,0,4603217,23.43
09/04/2015,-800,-24320000,30.5(0.33 %),0,0,800,24320000,4604017,23.42
10/04/2015,350,10721000,30.5(0.00 %),350,10721000,0,0,4603667,23.42
13/04/2015,0,0,30.5(0.00 %),0,0,0,0,4603667,23.42
14/04/2015,120,3640000,32(4.92 %),120,3640000,0,0,4603547,23.42
15/04/2015,310,9965000,32.5(1.56 %),310,9965000,0,0,4603237,23.43
16/04/2015,50,1650000,32.5(0.00 %),50,1650000,0,0,4603187,23.43
17/04/2015,5000,160500000,32(-1.54 %),5000,160500000,0,0,4598187,23.45
20/04/2015,350,11375000,32.5(1.56 %),350,11375000,0,0,4597837,23.46
21/04/2015,3150,102808000,33(1.54 %),3650,119558000,500,16750000,4594687,23.47
22/04/2015,100,3330000,33(0.00 %),100,3330000,0,0,4594587,23.47
23/04/2015,120,3998000,33.1(0.30 %),120,3998000,0,0,4594467,23.48
24/04/2015,1530,51702000,33.6(1.51 %),1530,51702000,0,0,4592937,23.48
27/04/2015,30,1027000,34(1.19 %),30,1027000,0,0,4592907,23.48
04/05/2015,970,33206000,34.2(0.59 %),970,33206000,0,0,4591937,23.49
05/05/2015,100,3400000,34(-0.58 %),100,3400000,0,0,4591837,23.49
06/05/2015,5750,196849000,34.2(0.59 %),5750,196849000,0,0,4586087,23.52
07/05/2015,940,33131000,34.9(2.05 %),1750,61400000,810,28269000,4585147,23.53
08/05/2015,100,3500000,35(0.29 %),100,3500000,0,0,4585047,23.53
11/05/2015,0,0,34.9(-0.29 %),0,0,0,0,4585047,23.53
12/05/2015,20,698000,34.9(0.00 %),20,698000,0,0,4585027,23.53
13/05/2015,0,0,34.8(-0.29 %),0,0,0,0,4585027,23.53
14/05/2015,0,0,34.7(-0.29 %),0,0,0,0,4585027,23.53
15/05/2015,50,1760000,34.7(0.00 %),50,1760000,0,0,4584977,23.53
18/05/2015,880,30374000,34.2(-1.44 %),880,30374000,0,0,4584097,23.53
19/05/2015,-400,-13960000,34.6(1.17 %),100,3490000,500,17450000,4584497,23.53
20/05/2015,0,0,34.9(0.87 %),0,0,0,0,4584497,23.53
21/05/2015,0,0,34.9(0.00 %),0,0,0,0,4584497,23.53
22/05/2015,20,696000,34.9(0.00 %),20,696000,0,0,4584477,23.53
25/05/2015,700,24487000,34.7(-0.57 %),700,24487000,0,0,4583777,23.53
26/05/2015,1250,43325000,34.5(-0.58 %),1250,43325000,0,0,4582527,23.54
27/05/2015,250,8575000,34.3(-0.58 %),250,8575000,0,0,4582277,23.54
28/05/2015,0,0,34.4(0.29 %),0,0,0,0,4582277,23.54
29/05/2015,9050,310994000,34.6(0.58 %),9050,310994000,0,0,4573227,23.59
01/06/2015,-8860,-307452000,34.5(-0.29 %),100,3460000,8960,310912000,4573127,23.59
02/06/2015,8270,285726000,34.8(0.87 %),8270,285726000,0,0,4564857,23.64
03/06/2015,6500,224300000,34.4(-1.15 %),6500,224300000,0,0,4558357,23.68
04/06/2015,7220,249056000,34.5(0.29 %),7220,249056000,0,0,4551137,23.72
05/06/2015,0,0,34.5(0.00 %),0,0,0,0,4551137,23.72
08/06/2015,1960,67730000,34.8(0.87 %),1960,67730000,0,0,4549177,23.73
09/06/2015,0,0,34.8(0.00 %),0,0,0,0,4549177,23.73
10/06/2015,0,0,34.7(-0.29 %),0,0,0,0,4549177,23.73
11/06/2015,2350,82250000,34.8(0.29 %),8350,288050000,6000,205800000,4546827,23.74
12/06/2015,-29600,-1040220000,35.1(0.86 %),1800,63528000,31400,1103748000,4576427,23.58
15/06/2015,-22600,-796524000,35.1(0.00 %),10500,369516000,33100,1166040000,4599027,23.45
16/06/2015,-21460,-753366000,35.5(1.14 %),7640,268244000,29100,1021610000,4620487,23.33
17/06/2015,-82620,-2931986000,35.5(0.00 %),530,18815000,83150,2950801000,4703107,22.87
18/06/2015,-16360,-424362000,26(-0.76 %),0,0,16360,424362000,4719467,22.78
19/06/2015,-1840,-48384000,25.8(-0.77 %),2690,69406000,4530,117790000,4721307,22.77
22/06/2015,-6400,-163400000,25.6(-0.78 %),8200,211560000,14600,374960000,4727707,22.73
23/06/2015,-23900,-612530000,25.7(0.39 %),0,0,23900,612530000,4751607,22.6
24/06/2015,-29500,-755250000,25.5(-0.78 %),0,0,29500,755250000,4781107,22.44
25/06/2015,-17710,-450934000,25.4(-0.39 %),0,0,17710,450934000,4798817,22.34
26/06/2015,0,0,25.6(0.79 %),0,0,0,0,4798817,22.34
29/06/2015,-12260,-310380000,25.4(-0.78 %),240,6120000,12500,316500000,4811077,22.27
30/06/2015,-19620,-490095000,25(-1.57 %),2870,71756000,22490,561851000,4830697,22.16
01/07/2015,1020,25760000,25.5(2.00 %),1020,25760000,0,0,4803647,22.31
02/07/2015,0,0,25.4(-0.39 %),0,0,0,0,4803647,22.31
03/07/2015,-7200,-182880000,25.4(0.00 %),0,0,7200,182880000,4810847,22.27
06/07/2015,-10980,-275128000,25.1(-1.18 %),0,0,10980,275128000,4821827,22.21
07/07/2015,-7060,-176306000,24.7(-1.59 %),0,0,7060,176306000,4828887,22.17
08/07/2015,-12960,-320596000,24.6(-0.40 %),0,0,12960,320596000,4841847,22.1
09/07/2015,-17000,-416657000,24.6(0.00 %),0,0,17000,416657000,4858847,22.01
10/07/2015,-540,-13619000,24.5(-0.41 %),43960,1082831000,44500,1096450000,4859387,22.0
13/07/2015,-2470,-60717000,24.5(0.00 %),11990,294954000,14460,355671000,4861857,21.99
14/07/2015,-4880,-118873000,24.5(0.00 %),6000,147000000,10880,265873000,4866737,21.96
15/07/2015,-8700,-212901000,24.4(-0.41 %),300,7349000,9000,220250000,4875437,21.91
16/07/2015,-8690,-211132000,24.4(0.00 %),2100,51262000,10790,262394000,4884127,21.87
17/07/2015,-2660,-65142000,24.4(0.00 %),2350,57603000,5010,122745000,4886787,21.85
20/07/2015,-4650,-113955000,24.5(0.41 %),0,0,4650,113955000,4891437,21.83
21/07/2015,-31390,-784024000,25.2(2.86 %),2820,70997000,34210,855021000,4922827,21.65
22/07/2015,-85810,-2280331000,26.9(6.75 %),33190,861369000,119000,3141700000,5008637,21.17
23/07/2015,-172380,-4781631000,27.8(3.35 %),11150,308680000,183530,5090311000,5181017,20.22
24/07/2015,-5090,-136334000,27(-2.88 %),5650,155080000,10740,291414000,5186107,26.84
27/07/2015,-84940,-2308749000,27.4(1.48 %),200,5417000,85140,2314166000,5271047,26.47
28/07/2015,-30380,-815314000,26.7(-2.55 %),0,0,30380,815314000,5301427,26.34
29/07/2015,-145340,-3923861000,26.8(0.37 %),0,0,145340,3923861000,5446767,25.72
30/07/2015,1000,27410000,27.5(2.61 %),1000,27410000,0,0,5445767,25.73
31/07/2015,-4000,-111200000,27.6(0.36 %),0,0,4000,111200000,5449767,25.71
03/08/2015,-57570,-1568210000,27.1(-1.81 %),84350,2283590000,141920,3851800000,6664691,20.52
04/08/2015,-49310,-1358200000,28(3.32 %),29880,821660000,79190,2179860000,6714001,20.31
05/08/2015,-82950,-2368960000,28.8(2.86 %),0,0,82950,2368960000,6796951,19.95
06/08/2015,-1410,-40190000,28.6(-0.69 %),0,0,1410,40190000,6798361,19.95
07/08/2015,-2210,-62530000,28.4(-0.70 %),0,0,2210,62530000,6800571,19.94
10/08/2015,0,0,28(-1.41 %),0,0,0,0,6800571,19.94
11/08/2015,-1700,-48620000,28.1(0.36 %),0,0,1700,48620000,6802271,19.93
12/08/2015,0,0,28.1(0.00 %),0,0,0,0,6802271,19.93
13/08/2015,30,840000,28(-0.36 %),30,840000,0,0,6802241,19.93
14/08/2015,10,280000,27.5(-1.79 %),10,280000,0,0,6802231,19.93
17/08/2015,20,550000,27.5(0.00 %),20,550000,0,0,6802211,19.93
18/08/2015,180,4960000,27.6(0.36 %),180,4960000,0,0,6802031,19.93
19/08/2015,0,0,27.5(-0.36 %),0,0,0,0,6802031,19.93
20/08/2015,45910,1244010000,27.2(-1.09 %),46410,1257710000,500,13700000,6756121,20.13
21/08/2015,57200,1547140000,27.4(0.74 %),57630,1558750000,430,11610000,6698921,20.37
24/08/2015,20,540000,26.6(-2.92 %),20,540000,0,0,6698901,20.37
25/08/2015,-3500,-89240000,26.6(0.00 %),20,530000,3520,89770000,6702401,20.36
26/08/2015,8280,219730000,27.2(2.26 %),8280,219730000,0,0,6694121,20.39
27/08/2015,0,0,27.3(0.37 %),0,0,0,0,6694121,20.39
28/08/2015,13180,357180000,27.3(0.00 %),13180,357180000,0,0,6680941,20.45
31/08/2015,0,0,27.5(0.73 %),0,0,0,0,6680941,20.45
01/09/2015,10,270000,27.8(1.09 %),10,270000,0,0,6972197,19.2
03/09/2015,20310,564230000,28(0.72 %),21940,609540000,1630,45310000,6951887,19.29
04/09/2015,0,0,28(0.00 %),0,0,0,0,6951887,19.29
07/09/2015,7400,206460000,28.1(0.36 %),7400,206460000,0,0,6944487,19.32
08/09/2015,7400,206460000,28.2(0.36 %),7400,206460000,0,0,6937087,19.35
09/09/2015,7400,206460000,28(-0.71 %),7400,206460000,0,0,6929687,19.39
10/09/2015,3920,109370000,28.1(0.36 %),3920,109370000,0,0,6925767,19.4
11/09/2015,0,0,27.8(-1.07 %),0,0,0,0,6925767,19.4
14/09/2015,110,3100000,28.2(1.44 %),110,3100000,0,0,6925657,19.4
15/09/2015,0,0,28(-0.71 %),0,0,0,0,6925657,19.4
16/09/2015,0,0,28(0.00 %),0,0,0,0,6925657,19.4
17/09/2015,100,2790000,27.9(-0.36 %),100,2790000,0,0,6925557,19.4
18/09/2015,0,0,27.9(0.00 %),0,0,0,0,6925557,19.4
21/09/2015,0,0,27.8(-0.36 %),0,0,0,0,6925557,19.4
22/09/2015,-2040,-56510000,27.9(0.36 %),0,0,2040,56510000,6927597,19.39
23/09/2015,70,1950000,27.8(-0.36 %),70,1950000,0,0,6927527,19.4
24/09/2015,0,0,27.8(0.00 %),0,0,0,0,6927527,19.4
25/09/2015,-6980,-194040000,28(0.72 %),20,560000,7000,194600000,6934507,19.37
28/09/2015,0,0,28.1(0.36 %),0,0,0,0,6934507,19.37
29/09/2015,0,0,28.1(0.00 %),0,0,0,0,6934507,19.37
30/09/2015,-100,-2810000,29(3.20 %),0,0,100,2810000,6934607,19.36
01/10/2015,-25000,-747500000,30(3.45 %),0,0,25000,747500000,6934508,19.37
02/10/2015,4900,149380000,30.6(2.00 %),16810,516310000,11910,366930000,6929608,19.39
05/10/2015,0,0,30.4(-0.65 %),0,0,0,0,6929608,19.39
06/10/2015,0,0,30.7(0.99 %),0,0,0,0,6929608,19.39
07/10/2015,0,0,30.5(-0.65 %),0,0,0,0,6929608,19.39
08/10/2015,0,0,30.2(-0.98 %),0,0,0,0,6929608,19.39
09/10/2015,0,0,30.6(1.32 %),0,0,0,0,6929608,19.39
12/10/2015,0,0,30.7(0.33 %),0,0,0,0,6929608,19.39
13/10/2015,0,0,30.6(-0.33 %),0,0,0,0,6929608,19.39
14/10/2015,-50000,-1577500000,31.6(3.27 %),0,0,50000,1577500000,6979608,19.17
15/10/2015,-15010,-472820000,31.5(-0.32 %),0,0,15010,472820000,6994618,19.11
16/10/2015,0,0,31.6(0.32 %),0,0,0,0,6994618,19.11
19/10/2015,-2000,-63800000,31.8(0.63 %),0,0,2000,63800000,6996618,19.1
20/10/2015,-30000,-954910000,31.8(0.00 %),0,0,30000,954910000,7026618,18.97
21/10/2015,490,15590000,31.8(0.00 %),490,15590000,0,0,7026128,18.97
22/10/2015,720,22900000,31.5(-0.94 %),720,22900000,0,0,7025408,18.98
23/10/2015,0,0,31.3(-0.63 %),0,0,0,0,7025408,18.98
26/10/2015,-28100,-872320000,30.8(-1.60 %),17700,549230000,45800,1421550000,7053508,18.86
27/10/2015,0,0,30.5(-0.97 %),0,0,0,0,7053508,18.86
28/10/2015,740,22640000,30.7(0.66 %),740,22640000,0,0,7052768,18.86
29/10/2015,-49700,-1609490000,32.8(6.84 %),19300,613710000,69000,2223200000,7102468,18.65
30/10/2015,-74970,-2511510000,32.9(0.30 %),30,990000,75000,2512500000,7177438,18.33
02/11/2015,15320,479820000,32(-2.74 %),29520,944790000,14200,464970000,7029018,18.96
03/11/2015,40100,1283210000,32.9(2.81 %),40100,1283210000,0,0,6988918,19.13
04/11/2015,41240,1339380000,32.9(0.00 %),41240,1339380000,0,0,6947678,19.31
05/11/2015,-44240,-1439260000,32.5(-1.22 %),50010,1625330000,94250,3064590000,6991918,19.12
06/11/2015,56760,1867020000,33.4(2.77 %),106760,3513970000,50000,1646950000,6935158,19.36
09/11/2015,700,23250000,33.3(-0.30 %),700,23250000,0,0,6934458,19.37
10/11/2015,50620,1681920000,33.4(0.30 %),50620,1681920000,0,0,6883838,19.58
11/11/2015,20000,664000000,33.6(0.60 %),20000,664000000,0,0,6863838,19.67
12/11/2015,-34960,-1205040000,34.8(3.57 %),20040,690960000,55000,1896000000,6898798,19.52
13/11/2015,-25000,-887500000,35.6(2.30 %),0,0,25000,887500000,6923798,19.41
16/11/2015,0,0,35.7(0.28 %),0,0,0,0,6923798,19.41
17/11/2015,-10,-370000,36.5(2.24 %),0,0,10,370000,6923808,19.41
18/11/2015,-5100,-186350000,35.7(-2.19 %),5750,207510000,10850,393860000,6928908,19.39
19/11/2015,0,0,36.1(1.12 %),0,0,0,0,6928908,19.39
20/11/2015,2800,100240000,35.8(-0.83 %),2800,100240000,0,0,6926108,19.4
23/11/2015,320,11310000,35(-2.23 %),420,14860000,100,3550000,6925788,19.4
24/11/2015,30000,1027500000,34.4(-1.71 %),30000,1027500000,0,0,7053888,18.86
25/11/2015,16560,568810000,35(1.74 %),16560,568810000,0,0,7037328,18.93
26/11/2015,47060,1638250000,34.7(-0.86 %),47060,1638250000,0,0,6990268,19.13
27/11/2015,67490,2324661000,34.9(0.58 %),67490,2324661000,0,0,6922778,19.42
30/11/2015,78320,2663050000,33.9(-2.87 %),78320,2663050000,0,0,6844558,19.75
01/12/2015,15000,508500000,34(0.29 %),15000,508500000,0,0,6829558,19.81
02/12/2015,45000,1521000000,33.9(-0.29 %),45000,1521000000,0,0,6784558,20.01
03/12/2015,35000,1181000000,33.7(-0.59 %),35000,1181000000,0,0,6749558,20.16
04/12/2015,20000,669000000,33.4(-0.89 %),20000,669000000,0,0,6729558,20.24
07/12/2015,105960,3528570000,33.2(-0.60 %),105960,3528570000,0,0,6623598,20.69
08/12/2015,0,0,34(2.41 %),0,0,0,0,6623598,20.69
09/12/2015,15290,509240000,33.6(-1.18 %),15290,509240000,0,0,6608314,20.76
10/12/2015,6360,216250000,33.5(-0.30 %),55600,1862800000,49240,1646550000,6552714,21.0
11/12/2015,217370,7386810000,34.1(1.79 %),217370,7386810000,0,0,6335344,21.93
14/12/2015,98810,3357020000,34.1(0.00 %),98810,3357020000,0,0,6236534,22.35
15/12/2015,174570,5939880000,34(-0.29 %),174570,5939880000,0,0,6061964,23.09
16/12/2015,33590,1147580000,34.6(1.76 %),33590,1147580000,0,0,6077614,23.03
17/12/2015,-33580,-1198820000,35.9(3.76 %),0,0,33580,1198820000,6077614,23.03
18/12/2015,-66490,-2434070000,36.6(1.95 %),0,0,66490,2434070000,6077614,23.03
21/12/2015,11000,398200000,36.3(-0.82 %),11000,398200000,0,0,6066614,23.07
22/12/2015,-2910,-103410000,35.9(-1.10 %),2090,76090000,5000,179500000,6064524,23.08
23/12/2015,0,0,35.8(-0.28 %),0,0,0,0,6098104,22.94
24/12/2015,0,0,35.8(0.00 %),0,0,0,0,6164594,22.66
25/12/2015,0,0,35.6(-0.56 %),0,0,0,0,6164594,22.66
28/12/2015,0,0,35.6(0.00 %),0,0,0,0,6169594,22.63
29/12/2015,100,3550000,35.8(0.56 %),100,3550000,0,0,6169494,22.63
30/12/2015,0,0,37.5(4.75 %),0,0,0,0,6169494,22.63
31/12/2015,0,0,37.3(-0.53 %),0,0,0,0,6169494,22.63
04/01/2016,0,0,37.5(0.54 %),0,0,0,0,6169494,22.63
05/01/2016,79010,2962070000,37.5(0.00 %),79010,2962070000,0,0,6090484,22.97
06/01/2016,0,0,38(1.33 %),0,0,0,0,6090484,22.97
07/01/2016,0,0,36.6(0.27 %),0,0,0,0,6090484,22.97
08/01/2016,-9200,-329660000,36(-1.64 %),0,0,9200,329660000,6090484,22.97
11/01/2016,-11000,-385410000,34.6(-3.89 %),0,0,11000,385410000,6090484,22.97
12/01/2016,0,0,35.3(2.02 %),0,0,0,0,6090484,22.97
13/01/2016,0,0,35(-0.85 %),0,0,0,0,6099684,22.93
14/01/2016,0,0,34.3(-2.00 %),0,0,0,0,6110684,22.89
15/01/2016,0,0,33.5(-2.33 %),0,0,0,0,6110684,22.89
18/01/2016,25450,824130000,32.7(-2.39 %),25450,824130000,0,0,6085234,22.99
19/01/2016,40000,1298000000,33.1(1.22 %),40000,1298000000,0,0,6045234,23.17
20/01/2016,22870,759470000,33.3(0.60 %),22870,759470000,0,0,6022364,23.26
21/01/2016,12130,400290000,32.5(-2.40 %),12130,400290000,0,0,6010234,23.32
22/01/2016,30000,978500000,32.9(1.23 %),30000,978500000,0,0,5980234,23.44
25/01/2016,0,0,34.9(6.08 %),0,0,0,0,5980234,23.44
26/01/2016,0,0,34(-2.58 %),0,0,0,0,5980234,23.44
27/01/2016,200,6760000,33.8(-0.59 %),200,6760000,0,0,5980034,23.44
28/01/2016,0,0,33.8(0.00 %),0,0,0,0,5980034,23.44
29/01/2016,4100,138960000,34(0.59 %),4100,138960000,0,0,5975934,23.46
01/02/2016,20,680000,33(-2.94 %),20,680000,0,0,5975914,23.46
02/02/2016,0,0,32.5(-1.52 %),0,0,0,0,5975914,23.46
03/02/2016,20380,672780000,33.1(1.85 %),20380,672780000,0,0,5955534,23.55
04/02/2016,50050,1687410000,34.3(3.63 %),50050,1687410000,0,0,5905484,23.76
05/02/2016,0,0,34(-0.87 %),0,0,0,0,5905484,23.76
15/02/2016,-4000,-135520000,34.1(0.29 %),0,0,4000,135520000,5905484,23.76
16/02/2016,10,350000,35.4(3.81 %),10,350000,0,0,5905474,23.76
17/02/2016,-1035560,-38914950000,36.4(2.82 %),60460,2179960000,1096020,41094910000,5845014,24.02
18/02/2016,2000,72800000,37.1(1.92 %),2000,72800000,0,0,5847014,24.01
19/02/2016,-19000,-710600000,37.1(0.00 %),0,0,19000,710600000,5847014,24.01
22/02/2016,-40000,-1525000000,37.1(0.00 %),0,0,40000,1525000000,6943034,19.33
23/02/2016,0,0,37.5(1.08 %),0,0,0,0,6943034,19.33
24/02/2016,1000,37900000,37.1(-1.07 %),1000,37900000,0,0,6961034,19.25
25/02/2016,9910,366640000,37(-0.27 %),10010,370370000,100,3730000,6991024,19.12
26/02/2016,-180110,-6959560000,38.9(5.14 %),40,1570000,180150,6961130000,6990984,19.12
29/02/2016,-10200,-392740000,38.2(-1.80 %),0,0,10200,392740000,6990984,19.12
01/03/2016,-13330,-513540000,38.3(0.26 %),0,0,13330,513540000,6991084,19.12
02/03/2016,810,37200000,40.1(4.70 %),31010,1224250000,30200,1187050000,7140224,18.49
03/03/2016,5750,226550000,40.5(1.00 %),5750,226550000,0,0,7144674,18.47
04/03/2016,-10540,-444340000,41.8(3.21 %),500,20250000,11040,464590000,7157504,18.41
07/03/2016,500,20850000,40.8(-2.39 %),500,20850000,0,0,7187204,18.29
08/03/2016,0,0,40.5(-0.74 %),0,0,0,0,7187204,18.29
09/03/2016,0,0,40.9(0.99 %),0,0,0,0,7198244,18.24
10/03/2016,53940,2250630000,43.5(6.36 %),63940,2661630000,10000,411000000,7134304,18.51
11/03/2016,-41700,-1820250000,43(-1.15 %),600,25800000,42300,1846050000,7133704,18.51
14/03/2016,-45100,-1968440000,43.8(1.86 %),0,0,45100,1968440000,7133704,18.51
15/03/2016,0,0,43.7(-0.23 %),0,0,0,0,7143704,18.47
16/03/2016,0,0,43.8(0.23 %),0,0,0,0,7186004,18.29
17/03/2016,-13830,-605240000,43.2(-1.37 %),70,3070000,13900,608310000,7231034,18.1
18/03/2016,-1000,-43500000,42.3(-2.08 %),0,0,1000,43500000,7231034,18.1
21/03/2016,10,420000,41.2(-2.60 %),10,420000,0,0,7231024,18.1
22/03/2016,10000,408000000,42.2(2.43 %),10000,408000000,0,0,7234924,18.08
23/03/2016,0,0,43.7(3.55 %),0,0,0,0,7235924,18.08
24/03/2016,0,0,42.9(-1.83 %),0,0,0,0,7235924,18.08
25/03/2016,0,0,42.8(-0.23 %),0,0,0,0,7235924,18.08
28/03/2016,-1500,-64200000,42.4(-0.93 %),0,0,1500,64200000,7235924,18.08
29/03/2016,100,4110000,41.1(-3.07 %),100,4110000,0,0,7235824,18.08
30/03/2016,7000,291500000,41.8(1.70 %),7000,291500000,0,0,7228824,18.11
31/03/2016,4000,172500000,42.4(1.44 %),4000,172500000,0,0,7226324,18.12
01/04/2016,0,0,42(-0.94 %),0,0,0,0,7226324,18.12
04/04/2016,-16750,-704780000,42.3(0.71 %),0,0,16750,704780000,7226324,18.12
05/04/2016,0,0,41.8(-1.18 %),0,0,0,0,7226324,18.12
06/04/2016,-500,-21050000,42.1(0.72 %),0,0,500,21050000,7226324,18.12
07/04/2016,-6140,-264520000,43.2(2.61 %),5000,214500000,11140,479020000,7238074,18.07
08/04/2016,0,0,44.6(3.24 %),0,0,0,0,7238074,18.07
11/04/2016,-14500,-689500000,47.6(6.73 %),1000,47700000,15500,737200000,7237574,18.07
12/04/2016,-38510,-1903680000,48.2(1.26 %),500,23750000,39010,1927430000,7248214,18.02
13/04/2016,3000,144150000,47.5(-1.45 %),3000,144150000,0,0,7245214,18.04
14/04/2016,-15900,-761310000,48.8(2.74 %),0,0,15900,761310000,7260714,17.97
15/04/2016,-9890,-486580000,48.1(-1.43 %),0,0,9890,486580000,7299724,17.8
19/04/2016,0,0,45.8(-4.78 %),0,0,0,0,7299725,17.8
20/04/2016,-1810,-83260000,46.2(0.87 %),0,0,1810,83260000,7315625,17.74
21/04/2016,1500,70800000,47.2(2.16 %),1500,70800000,0,0,7324015,17.7
22/04/2016,-10000,-476500000,48(1.69 %),0,0,10000,476500000,7324015,17.7
25/04/2016,0,0,47.5(-1.04 %),0,0,0,0,7325825,17.69
26/04/2016,6000,289600000,47.9(0.84 %),6000,289600000,0,0,7319825,17.72
27/04/2016,-11500,-548000000,47.4(-1.04 %),0,0,11500,548000000,7329825,17.68
28/04/2016,-4900,-233260000,46.9(-1.05 %),100,4740000,5000,238000000,7329725,17.68
29/04/2016,-21840,-1038370000,48.9(4.26 %),12000,586420000,33840,1624790000,7317725,17.73
04/05/2016,-38040,-1887250000,50(2.25 %),0,0,38040,1887250000,7329225,17.68
05/05/2016,-20000,-1002500000,50(0.00 %),0,0,20000,1002500000,7334225,17.66
06/05/2016,-18000,-897500000,49(-2.00 %),0,0,18000,897500000,7368065,17.51
09/05/2016,0,0,48(-2.04 %),0,0,0,0,7406105,17.35
10/05/2016,0,0,48(0.00 %),0,0,0,0,7426105,17.26
11/05/2016,-20000,-977020000,48.4(0.83 %),0,0,20000,977020000,7444105,17.19
12/05/2016,-1311190,-63603910000,49.2(1.65 %),0,0,1311190,63603910000,7444105,17.19
13/05/2016,0,0,48.9(-0.61 %),0,0,0,0,7444105,17.19
16/05/2016,0,0,48.5(-0.82 %),0,0,0,0,7464105,17.1
17/05/2016,-2700,-130950000,48.2(-0.62 %),0,0,2700,130950000,8775295,11.5
18/05/2016,-100,-4840000,48.9(1.45 %),0,0,100,4840000,8775295,11.5
19/05/2016,-9460,-466500000,49.5(1.23 %),0,0,9460,466500000,8775295,11.5
20/05/2016,-97350,-5051850000,52(5.05 %),69700,3597800000,167050,8649650000,8708295,11.79
23/05/2016,53000,2750990000,51.5(-0.96 %),65000,3374990000,12000,624000000,8643395,12.06
24/05/2016,0,0,51.5(0.00 %),0,0,0,0,8652855,12.02
25/05/2016,-20000,-1050000000,52(0.97 %),0,0,20000,1050000000,8819905,11.31
26/05/2016,80,4160000,50.5(-2.88 %),80,4160000,0,0,8831825,11.26
27/05/2016,-20860,-1063860000,51(0.99 %),0,0,20860,1063860000,8831825,11.26
30/05/2016,-13340,-686860000,51(0.00 %),0,0,13340,686860000,8845165,11.2
31/05/2016,-200,-10200000,51(0.00 %),0,0,200,10200000,8845365,11.2
01/06/2016,-17730,-921960000,51.5(0.98 %),0,0,17730,921960000,8872685,11.08
02/06/2016,-54000,-2912500000,54.5(5.83 %),0,0,54000,2912500000,8926685,10.85
03/06/2016,15620,846180000,54.5(0.00 %),60000,3274580000,44380,2428400000,8826225,11.28
06/06/2016,71360,3870850000,54.5(0.00 %),71460,3876350000,100,5500000,8772495,11.51
07/06/2016,-151400,-8449410000,56.5(3.67 %),40000,2232390000,191400,10681800000,8786495,11.45
08/06/2016,12000,688250000,57(0.88 %),12000,688250000,0,0,8818875,11.31
09/06/2016,0,0,57.5(0.88 %),0,0,0,0,8818975,11.31
10/06/2016,0,0,57(-0.87 %),0,0,0,0,9010375,10.49
13/06/2016,-83000,-4695500000,56.5(-0.88 %),0,0,83000,4695500000,9010375,10.49
14/06/2016,-56000,-3223000000,58.5(3.54 %),0,0,56000,3223000000,9010375,10.49
15/06/2016,-12500,-740650000,59(0.85 %),12000,704850000,24500,1445500000,8998375,10.55
16/06/2016,-35000,-2065000000,59(2.61 %),0,0,35000,2065000000,9081375,10.19
17/06/2016,7000,403760000,59(0.00 %),12000,698760000,5000,295000000,9125375,10.0
20/06/2016,-4900,-289100000,59(0.00 %),100,5900000,5000,295000000,9149775,9.9
21/06/2016,-16000,-957500000,60.5(2.54 %),0,0,16000,957500000,9184775,9.75
22/06/2016,0,0,61.5(1.65 %),0,0,0,0,9189775,9.73
23/06/2016,1000,62500000,62.5(1.63 %),1000,62500000,0,0,9193775,9.71
24/06/2016,-16890,-1081100000,64(2.40 %),520,33260000,17410,1114360000,9209255,9.64
27/06/2016,0,0,66.5(3.91 %),0,0,0,0,9209255,9.64
28/06/2016,-86880,-5796470000,67(0.75 %),0,0,86880,5796470000,9209255,9.64
29/06/2016,-101500,-6860250000,71.5(6.72 %),0,0,101500,6860250000,9226665,9.57
30/06/2016,-199960,-14827800000,74.5(4.20 %),40,2940000,200000,14830740000,9226625,9.57
01/07/2016,-172820,-13420210000,77.5(4.03 %),0,0,172820,13420210000,9313505,9.2
04/07/2016,-366510,-29239020000,80(3.23 %),4460,356670000,370970,29595690000,9410545,8.78
05/07/2016,-111670,-9021720000,81(1.25 %),2420,192690000,114090,9214410000,9608125,7.94
06/07/2016,-225740,-19356610000,86.5(6.79 %),20500,1773250000,246240,21129860000,9760445,7.29
07/07/2016,930,86030000,92.5(6.94 %),2930,271030000,2000,185000000,10128485,5.72
08/07/2016,-56020,-5286780000,94(1.62 %),280,26470000,56300,5313250000,10242295,5.23
11/07/2016,9500,854150000,87.5(-6.91 %),10000,900000000,500,45850000,10242295,5.23
12/07/2016,59970,5047790000,93.5(6.86 %),60170,5065090000,200,17300000,10420365,4.47
13/07/2016,-17390,-1662900000,88(-5.88 %),140,13080000,17530,1675980000,10476525,4.23
14/07/2016,-250,-21350000,82(-6.82 %),50,4250000,300,25600000,10476975,4.23
15/07/2016,-160,-13670000,77(-6.10 %),420,32740000,580,46410000,10476755,4.23
18/07/2016,2840,225030000,78.5(1.95 %),5340,423780000,2500,198750000,10488945,4.18
19/07/2016,1000,76000000,73.5(-6.37 %),1000,76000000,0,0,10488245,4.18
20/07/2016,30,2060000,68.5(-6.80 %),30,2060000,0,0,10488795,4.18
21/07/2016,5000,321500000,64(-6.57 %),6000,385500000,1000,64000000,10485295,4.19
22/07/2016,-4000,-323410000,68(6.25 %),11500,699340000,15500,1022750000,10473795,4.24
25/07/2016,-9820,-692160000,70.5(3.68 %),200,14250000,10020,706410000,10473595,4.24
26/07/2016,22980,1579150000,68(-3.55 %),24500,1684550000,1520,105400000,10450095,4.34
27/07/2016,1540,73580000,72(5.88 %),22110,1542870000,20570,1469290000,10443485,4.37
28/07/2016,60,4500000,75(4.17 %),60,4500000,0,0,10453445,4.33
29/07/2016,360,29670000,76(1.33 %),1860,143220000,1500,113550000,10453105,4.33
01/08/2016,16760,1237050000,73(-3.95 %),17610,1299600000,850,62550000,10456065,4.32
02/08/2016,51040,3515770000,68(-6.85 %),51100,3519850000,60,4080000,10404965,4.53
03/08/2016,-14380,-913780000,63.5(-6.62 %),10700,679450000,25080,1593230000,10395765,4.57
04/08/2016,-7020,-490630000,64(0.79 %),11800,716350000,18820,1206980000,10384815,4.62
05/08/2016,41250,2624280000,65.5(2.34 %),41650,2649880000,400,25600000,10343225,4.8
08/08/2016,10000,650000000,64(-2.29 %),10000,650000000,0,0,10358305,4.73
09/08/2016,0,0,63(-1.56 %),0,0,0,0,10377125,4.65
10/08/2016,0,0,63.5(0.79 %),0,0,0,0,10377525,4.65
11/08/2016,10,630000,63(-0.79 %),10,630000,0,0,10377515,4.65
12/08/2016,-64780,-3826390000,59(-6.35 %),500,30750000,65280,3857140000,10377015,4.65
15/08/2016,61710,3394140000,63(6.78 %),61710,3394140000,0,0,10315305,4.92
16/08/2016,-10520,-693590000,66(4.76 %),180,11910000,10700,705500000,10315125,4.92
17/08/2016,900,58500000,64(-0.78 %),1200,77850000,300,19350000,10379205,4.64
18/08/2016,-500,-29850000,66(3.12 %),600,39350000,1100,69200000,10378605,4.65
19/08/2016,-11580,-782170000,66.5(0.76 %),1020,68990000,12600,851160000,10388285,4.61
22/08/2016,-27230,-1817300000,64.5(-3.01 %),9000,599200000,36230,2416500000,10379585,4.64
23/08/2016,-2500,-158750000,64(-0.78 %),0,0,2500,158750000,10380685,4.64
24/08/2016,-10500,-676800000,65.5(2.34 %),200,13000000,10700,689800000,10393085,4.59
25/08/2016,500,32500000,65(-0.76 %),500,32500000,0,0,10428815,4.43
26/08/2016,-1500,-97750000,65(0.00 %),0,0,1500,97750000,10431315,4.42
29/08/2016,-80,-5130000,63.5(-2.31 %),20,1270000,100,6400000,10441995,4.38
30/08/2016,-200,-12500000,63.5(0.00 %),0,0,200,12500000,10441995,4.38
31/08/2016,10000,650000000,65(2.36 %),10000,650000000,0,0,10433495,4.41
01/09/2016,3050,207600000,69(6.15 %),3050,207600000,0,0,10430545,4.43
05/09/2016,-5970,-426460000,72(4.35 %),800,57600000,6770,484060000,10429945,4.43
06/09/2016,-13650,-984130000,72(0.00 %),400,29000000,14050,1013130000,10429545,4.43
07/09/2016,-10090,-713640000,70(-2.78 %),0,0,10090,713640000,10429545,4.43
08/09/2016,-42770,-3028000000,72(2.86 %),0,0,42770,3028000000,10436315,4.4
09/09/2016,0,0,72.5(0.69 %),0,0,0,0,10450365,4.34
12/09/2016,260,18590000,70.6(-2.62 %),260,18590000,0,0,10460195,4.3
13/09/2016,220,15710000,71.4(1.13 %),220,15710000,0,0,10502745,4.12
14/09/2016,-700,-50040000,70.8(-0.84 %),0,0,700,50040000,10502745,4.12
15/09/2016,-200,-14270000,71.5(0.99 %),0,0,200,14270000,10502745,4.12
16/09/2016,70,5040000,72(0.70 %),170,12220000,100,7180000,10502575,4.12
19/09/2016,2910,215990000,75.5(4.86 %),2910,215990000,0,0,10500365,4.13
20/09/2016,400,30300000,75.9(0.53 %),400,30300000,0,0,10500165,4.13
21/09/2016,-52660,-3975770000,74.8(-1.45 %),200,15220000,52860,3990990000,10500065,4.13
22/09/2016,0,0,74.9(0.13 %),0,0,0,0,10500065,4.13
23/09/2016,-5490,-408950000,73(-2.54 %),10,750000,5500,409700000,10500055,4.13
26/09/2016,-200,-14560000,73.2(0.27 %),0,0,200,14560000,10552915,3.9
27/09/2016,50,3680000,74(1.09 %),50,3680000,0,0,10552865,3.9
28/09/2016,0,0,73.3(-0.95 %),0,0,0,0,10558365,3.88
29/09/2016,-1000,-73780000,73.3(0.00 %),0,0,1000,73780000,10558565,3.88
30/09/2016,0,0,72.6(-0.95 %),0,0,0,0,10558565,3.88
03/10/2016,7390,549700000,73.3(0.96 %),7390,549700000,0,0,10551175,3.91
04/10/2016,-94300,-6964500000,73.3(0.00 %),1000,74500000,95300,7039000000,10551175,3.91
05/10/2016,0,0,75.3(2.73 %),0,0,0,0,10551175,3.91
06/10/2016,-500,-38090000,76.5(1.59 %),500,38000000,1000,76090000,10550675,3.91
07/10/2016,1800,137350000,75.1(-1.83 %),4300,327550000,2500,190200000,10641675,3.52
10/10/2016,-4500,-334540000,72(-4.13 %),0,0,4500,334540000,10641675,3.52
11/10/2016,-10070,-720790000,71.5(-0.69 %),2000,143400000,12070,864190000,10640675,3.53
12/10/2016,-3390,-239850000,71.4(-0.14 %),2050,146560000,5440,386410000,10641125,3.53
13/10/2016,-600,-42600000,70.5(-1.26 %),0,0,600,42600000,10645625,3.51
14/10/2016,0,0,71.5(1.42 %),0,0,0,0,10657695,3.45
17/10/2016,50,3590000,71.2(-0.42 %),50,3590000,0,0,10663085,3.43
18/10/2016,-114250,-8023720000,70(-1.69 %),30,2130000,114280,8025850000,10663655,3.43
19/10/2016,14800,1050440000,70.7(1.00 %),14800,1050440000,0,0,10648855,3.49
20/10/2016,2030,145350000,70.9(0.28 %),2030,145350000,0,0,10646825,3.5
21/10/2016,20,1420000,70.5(-0.56 %),20,1420000,0,0,10761085,3.01
24/10/2016,310,21700000,68.6(-2.70 %),310,21700000,0,0,10760775,3.01
25/10/2016,0,0,68.5(-0.15 %),0,0,0,0,10760775,3.01
26/10/2016,0,110000,69.6(1.61 %),100,6990000,100,6880000,10760675,3.01
27/10/2016,-40,-2690000,69(-0.86 %),100,6960000,140,9650000,10760575,3.01
28/10/2016,0,0,69.6(0.87 %),0,0,0,0,10760575,3.01
31/10/2016,-60,-4170000,68.5(-1.58 %),0,0,60,4170000,10760675,3.01
01/11/2016,0,0,67.8(-1.02 %),0,0,0,0,10760815,3.01
02/11/2016,5110,344030000,67.9(0.15 %),5110,344030000,0,0,10755705,3.04
03/11/2016,5000,333500000,67.6(-0.44 %),5000,333500000,0,0,10750765,3.06
04/11/2016,1000,68450000,68(0.59 %),2000,136000000,1000,67550000,10748765,3.07
07/11/2016,-500,-34750000,68.9(1.32 %),0,0,500,34750000,10748765,3.07
08/11/2016,-1990,-131660000,68(-1.31 %),130,8780000,2120,140440000,10748635,3.07
09/11/2016,18250,1171070000,63.3(-6.91 %),18750,1202720000,500,31650000,10730885,3.14
10/11/2016,850,55810000,67.2(6.16 %),850,55810000,0,0,10730535,3.14
11/11/2016,330,22140000,67.5(0.45 %),330,22140000,0,0,10732325,3.14
14/11/2016,3500,234250000,66(-2.22 %),3500,234250000,0,0,10729325,3.15
15/11/2016,-300,-19740000,65(-1.52 %),0,0,300,19740000,10729325,3.15
16/11/2016,0,0,66.5(2.31 %),0,0,0,0,10729325,3.15
17/11/2016,0,0,65.5(0.00 %),0,0,0,0,10729325,3.15
18/11/2016,-4980,-325450000,65.9(0.61 %),20,1310000,5000,326760000,10729605,3.15
21/11/2016,-5000,-327970000,68(3.19 %),0,0,5000,327970000,10729605,3.15
22/11/2016,-5000,-336710000,68(0.00 %),0,0,5000,336710000,10729605,3.15
23/11/2016,10,1430000,69.4(2.06 %),5010,345350000,5000,343920000,10729595,3.15
24/11/2016,-5000,-351310000,70.1(1.01 %),0,0,5000,351310000,10734595,3.13
25/11/2016,20,1400000,70.5(0.57 %),20,1400000,0,0,10739575,3.1
28/11/2016,-490,-34740000,71.5(1.42 %),10,710000,500,35450000,10744565,3.08
29/11/2016,-4990,-354820000,70.1(-1.96 %),10,720000,5000,355540000,10749555,3.06
30/11/2016,-5000,-345480000,69(-1.57 %),0,0,5000,345480000,10749555,3.06
01/12/2016,-4790,-339420000,71.5(3.62 %),210,15020000,5000,354440000,10749845,3.06
02/12/2016,20060,1438750000,73(2.10 %),25060,1796400000,5000,357650000,10729785,3.15
05/12/2016,-5000,-364170000,72.9(-0.14 %),0,0,5000,364170000,10734785,3.12
06/12/2016,50000,3625000000,71.9(-1.37 %),50000,3625000000,0,0,10689785,3.32
07/12/2016,1020,73880000,72(0.14 %),1020,73880000,0,0,10693765,3.3
08/12/2016,-100,-7260000,72.4(0.56 %),100,7220000,200,14480000,10698665,3.28
09/12/2016,300,21760000,72(-0.55 %),300,21760000,0,0,10698365,3.28
12/12/2016,20,1400000,69(-4.17 %),20,1400000,0,0,10698345,3.28
13/12/2016,30,2070000,66.7(-3.33 %),30,2070000,0,0,10698515,3.28
14/12/2016,-980,-65960000,67.5(1.20 %),20,1340000,1000,67300000,10698495,3.28
15/12/2016,10,670000,67.9(0.59 %),10,670000,0,0,10698485,3.28
16/12/2016,110,7360000,67(-1.33 %),110,7360000,0,0,10699375,3.28
19/12/2016,0,0,67.1(0.15 %),0,0,0,0,10699375,3.28
20/12/2016,0,0,66.7(-0.60 %),0,0,0,0,10699375,3.28
21/12/2016,20,1350000,66.8(0.15 %),20,1350000,0,0,10699355,3.28
22/12/2016,10,680000,68(1.80 %),10,680000,0,0,10699345,3.28
23/12/2016,0,0,66.3(-2.50 %),0,0,0,0,10699345,3.28
26/12/2016,30,2000000,65(-1.96 %),30,2000000,0,0,10699285,3.28
27/12/2016,20,1310000,65.8(1.23 %),20,1310000,0,0,10699285,3.28
28/12/2016,10,670000,65.1(-1.06 %),10,670000,0,0,10699285,3.28
29/12/2016,0,0,65(-0.15 %),0,0,0,0,10699285,3.28
30/12/2016,0,0,65.3(0.46 %),0,0,0,0,10699285,3.28
03/01/2017,370,24200000,67(2.60 %),370,24200000,0,0,10698915,3.28
04/01/2017,0,0,65.9(-1.64 %),0,0,0,0,10698915,3.28
05/01/2017,0,0,66(0.15 %),0,0,0,0,10698915,3.28
06/01/2017,0,0,65.7(-0.45 %),0,0,0,0,10698915,3.28
09/01/2017,5000,330000000,65.3(-0.61 %),5000,330000000,0,0,10693915,3.3
10/01/2017,0,0,65.3(0.00 %),0,0,0,0,10693915,3.3
11/01/2017,0,0,65.9(0.92 %),0,0,0,0,10693915,3.3
12/01/2017,0,0,67.7(2.73 %),0,0,0,0,10693915,3.3
13/01/2017,250,16980000,67.4(-0.44 %),250,16980000,0,0,10693665,3.3
16/01/2017,3370,224110000,66.4(-1.48 %),3370,224110000,0,0,10690295,3.31
17/01/2017,0,0,66.5(0.15 %),0,0,0,0,10690295,3.31
18/01/2017,10,670000,66.8(0.45 %),10,670000,0,0,10690285,3.32
19/01/2017,-2000,-133800000,66.6(-0.30 %),0,0,2000,133800000,10690285,3.32
20/01/2017,10000,669150000,66.7(0.15 %),13000,869050000,3000,199900000,10677285,3.37
23/01/2017,0,0,67.6(1.35 %),0,0,0,0,10677285,3.37
24/01/2017,0,0,67.6(0.00 %),0,0,0,0,10679285,3.36
25/01/2017,100,6840000,68.4(1.18 %),100,6840000,0,0,10682185,3.35
02/02/2017,-21310,-1458300000,68.4(0.00 %),110,7530000,21420,1465830000,10682075,3.35
03/02/2017,710,48570000,68.4(0.00 %),710,48570000,0,0,10681365,3.35
06/02/2017,-6600,-447550000,68(-0.58 %),1400,95450000,8000,543000000,10679965,3.36
07/02/2017,710,47860000,67.9(-0.15 %),710,47860000,0,0,10700675,3.27
08/02/2017,0,0,67.6(-0.44 %),0,0,0,0,10700675,3.27
09/02/2017,-42170,-2908780000,69.9(3.40 %),0,0,42170,2908780000,10708675,3.24
10/02/2017,1410,99050000,70.3(0.57 %),1410,99050000,0,0,10707265,3.24
13/02/2017,710,49710000,70(-0.43 %),710,49710000,0,0,10706555,3.25
14/02/2017,2180,150790000,69(-1.43 %),2180,150790000,0,0,10746545,3.07
15/02/2017,9000,633110000,70.4(2.03 %),9000,633110000,0,0,10737545,3.11
16/02/2017,26850,1910660000,70.7(0.43 %),26850,1910660000,0,0,10710695,3.23
17/02/2017,16950,1209410000,71.9(1.70 %),16950,1209410000,0,0,10693745,3.3
20/02/2017,16490,1213060000,73.9(2.78 %),16490,1213060000,0,0,10677255,3.37
21/02/2017,28500,2103530000,73.4(-0.68 %),28500,2103530000,0,0,10648755,3.49
22/02/2017,28700,2087510000,72.7(-0.95 %),28700,2087510000,0,0,10620055,3.62
23/02/2017,1800,130500000,72.4(-0.41 %),1800,130500000,0,0,10618255,3.62
24/02/2017,-5510,-398400000,71(-1.93 %),100,7200000,5610,405600000,10618155,3.62
27/02/2017,-11130,-787840000,70.6(-0.56 %),0,0,11130,787840000,10622965,3.6
28/02/2017,800,56640000,71(0.57 %),800,56640000,0,0,10617355,3.63
01/03/2017,0,0,71.7(0.99 %),0,0,0,0,10622965,3.6
02/03/2017,-3070,-219800000,71.4(-0.42 %),30,2150000,3100,221950000,10634065,3.56
03/03/2017,10,710000,70(-1.96 %),10,710000,0,0,10634055,3.56
06/03/2017,0,0,69.4(-0.86 %),0,0,0,0,10634055,3.56
07/03/2017,112330,7884700000,72(3.75 %),112330,7884700000,0,0,10524825,4.02
08/03/2017,10,720000,70(-2.78 %),10,720000,0,0,10524815,4.02
09/03/2017,29790,2097530000,70.3(0.43 %),29790,2097530000,0,0,10495025,4.15
10/03/2017,100,7180000,70.9(0.85 %),100,7180000,0,0,10494925,4.15
13/03/2017,11360,818060000,72(1.55 %),11370,818780000,10,720000,10483555,4.2
14/03/2017,6900,502940000,72.7(0.97 %),6900,502940000,0,0,10476655,4.23
15/03/2017,2670,195790000,74(1.79 %),2670,195790000,0,0,10473985,4.24
16/03/2017,9600,709650000,73.9(-0.14 %),9600,709650000,0,0,10464395,4.28
17/03/2017,-2340,-172420000,73.7(-0.27 %),740,54580000,3080,227000000,10464395,4.28
20/03/2017,3000,219430000,72.7(-1.36 %),3210,234750000,210,15320000,10464395,4.28
21/03/2017,-2410,-173160000,71.5(-1.65 %),2520,181800000,4930,354960000,10464395,4.28
22/03/2017,11130,800680000,72(0.70 %),21130,1522180000,10000,721500000,10464395,4.28
23/03/2017,-6000,-231000000,38.5(6.94 %),0,0,6000,231000000,10464395,4.28
24/03/2017,-16990,-699350000,39.5(2.60 %),63010,2494590000,80000,3193940000,10464395,4.28
27/03/2017,-3500,-135550000,38.6(-2.28 %),1500,57950000,5000,193500000,10464395,4.28
28/03/2017,-10,-400000,39.4(2.07 %),0,0,10,400000,10464395,4.28
29/03/2017,0,0,39.2(-0.51 %),0,0,0,0,10464395,4.28
30/03/2017,0,0,39.6(1.02 %),0,0,0,0,10464395,4.28
31/03/2017,1000,39650000,39.65(0.13 %),1000,39650000,0,0,10464395,4.28
03/04/2017,-510,-20220000,39.1(-1.39 %),0,0,510,20220000,10480515,4.21
04/04/2017,-1570,-64360000,40.6(3.84 %),0,0,1570,64360000,10480515,4.21
05/04/2017,27960,1137170000,41(0.99 %),36400,1483410000,8440,346240000,10444115,4.37
07/04/2017,60760,2476840000,41.5(1.22 %),60760,2476840000,0,0,10383865,4.62
10/04/2017,108250,4517770000,42(1.20 %),108250,4517770000,0,0,10277185,5.08
11/04/2017,100930,4357080000,43.5(3.57 %),105990,4575440000,5060,218360000,10179635,5.5
12/04/2017,96190,4133390000,43(-1.15 %),104760,4501500000,8570,368110000,10074875,5.94
13/04/2017,458320,20380380000,44.9(4.42 %),461250,20511980000,2930,131600000,9613625,7.92
14/04/2017,2070,91740000,44.5(-0.89 %),2080,92190000,10,450000,9616605,7.9
17/04/2017,300,13110000,44(-1.12 %),300,13110000,0,0,9624875,7.87
18/04/2017,-122970,-5253510000,44.3(0.68 %),2900,123720000,125870,5377230000,9624905,7.87
19/04/2017,-900,-39820000,43.5(-1.81 %),1600,70180000,2500,110000000,9623315,7.87
20/04/2017,-11480,-492470000,42.3(-2.76 %),500,21250000,11980,513720000,20077830,12.2
21/04/2017,5000,211500000,42.7(0.95 %),5000,211500000,0,0,20198700,11.68
24/04/2017,39000,1654240000,42.7(0.00 %),41000,1738040000,2000,83800000,20160200,11.85
25/04/2017,-52990,-2243840000,42.1(-1.41 %),2010,85630000,55000,2329470000,20170170,11.8
26/04/2017,-61120,-2576430000,42.6(1.19 %),100,4250000,61220,2580680000,20170070,11.8
27/04/2017,-100,-11570000,43.4(1.88 %),14900,640460000,15000,652030000,20157170,11.86
28/04/2017,-73700,-3167880000,42.8(-1.38 %),13000,559200000,86700,3727080000,20199170,11.68
03/05/2017,-12740,-540630000,42.8(0.00 %),0,0,12740,540630000,20260390,11.42
04/05/2017,650,27750000,43.3(1.17 %),700,29910000,50,2160000,20274690,11.36
05/05/2017,44480,1954730000,44.4(2.54 %),50400,2216880000,5920,262150000,20310990,11.2
08/05/2017,-20360,-912150000,45.3(2.03 %),21000,950850000,41360,1863000000,20302730,11.24
09/05/2017,250,11550000,46.6(2.87 %),250,11550000,0,0,20302530,11.24
10/05/2017,-3400,-160970000,47.35(1.61 %),380,17860000,3780,178830000,20308070,11.21
11/05/2017,-17240,-811630000,47.35(0.00 %),360,16950000,17600,828580000,20349070,11.04
12/05/2017,480,22790000,48.2(1.80 %),480,22790000,0,0,20348590,11.04
15/05/2017,650,31580000,48.8(1.24 %),650,31580000,0,0,20351720,11.03
16/05/2017,-160100,-7786800000,48.9(0.20 %),6910,338590000,167010,8125390000,20362410,10.98
17/05/2017,-4650,-224770000,48.75(-0.31 %),500,24380000,5150,249150000,20361910,10.98
18/05/2017,400,19340000,47(-3.59 %),400,19340000,0,0,20361510,10.98
19/05/2017,90,4320000,48.4(2.98 %),90,4320000,0,0,20528430,10.27
22/05/2017,12110,585170000,48(-0.83 %),12110,585170000,0,0,20521470,10.3
23/05/2017,4800,229490000,48.4(0.83 %),4800,229490000,0,0,20516670,10.32
24/05/2017,3100,151210000,49(1.24 %),3200,156080000,100,4870000,20513470,10.34
25/05/2017,-380,-19680000,51.3(4.69 %),0,0,380,19680000,20513470,10.34
26/05/2017,1700,88680000,53.7(4.68 %),1700,88680000,0,0,20511770,10.34
29/05/2017,-9570,-510370000,52.6(-2.05 %),1430,76350000,11000,586720000,20510440,10.35
30/05/2017,-25560,-1328630000,51.4(-2.28 %),1000,51900000,26560,1380530000,20509820,10.35
31/05/2017,-3250,-166620000,51.4(0.00 %),1250,63750000,4500,230370000,20508570,10.36
01/06/2017,0,0,51.9(0.97 %),0,0,0,0,20519570,10.31
02/06/2017,0,0,53.5(3.08 %),0,0,0,0,20546130,10.2
05/06/2017,-500,-26650000,53(-0.93 %),0,0,500,26650000,20550630,10.18
06/06/2017,100,5290000,52.7(-0.57 %),100,5290000,0,0,20550530,10.18
07/06/2017,0,0,52.2(-0.95 %),0,0,0,0,20550530,10.18
08/06/2017,0,0,52.4(0.38 %),0,0,0,0,20551030,10.18
09/06/2017,57000,2992400000,52.4(0.00 %),57000,2992400000,0,0,20494030,10.42
12/06/2017,-20760,-1080070000,50.8(-3.05 %),3860,200700000,24620,1280770000,20490170,10.44
13/06/2017,0,0,51(0.39 %),0,0,0,0,20490170,10.44
14/06/2017,-500,-25750000,51(0.00 %),0,0,500,25750000,20490170,10.44
15/06/2017,10,510000,51.9(1.76 %),10,510000,0,0,20514780,10.33
16/06/2017,0,0,51.7(-0.39 %),0,0,0,0,20514780,10.33
19/06/2017,-23100,-1193880000,51.8(0.19 %),1900,98420000,25000,1292300000,20513380,10.34
20/06/2017,0,0,51.9(0.19 %),0,0,0,0,20513380,10.34
21/06/2017,290,15050000,51.9(0.00 %),300,15570000,10,520000,20513080,10.34
22/06/2017,7060,386790000,55.5(6.94 %),7060,386790000,0,0,20531020,10.26
23/06/2017,400,22520000,55.6(0.18 %),400,22520000,0,0,20530620,10.26
26/06/2017,-300,-16800000,55.7(0.18 %),0,0,300,16800000,20530630,10.26
27/06/2017,-10240,-566060000,54.4(-2.33 %),1760,96980000,12000,663040000,20528870,10.27
28/06/2017,-2500,-137980000,56.1(3.12 %),0,0,2500,137980000,20528870,10.27
29/06/2017,0,0,57.6(2.67 %),0,0,0,0,20529170,10.27
30/06/2017,1500,86200000,57.5(-0.17 %),1500,86200000,0,0,20539670,10.22
03/07/2017,4550,262490000,57.5(0.00 %),4550,262490000,0,0,20537620,10.23
04/07/2017,1000,57400000,57.4(-0.17 %),1000,57400000,0,0,20536620,10.24
05/07/2017,4640,266340000,57.6(0.35 %),4640,266340000,0,0,20531980,10.26
06/07/2017,10100,590820000,58(0.69 %),10100,590820000,0,0,20521880,10.3
07/07/2017,500,28700000,56.5(-2.59 %),500,28700000,0,0,20521380,10.3
10/07/2017,-2000,-112600000,56.7(0.35 %),0,0,2000,112600000,20517580,10.32
11/07/2017,-3260,-182780000,56.8(0.18 %),3800,214700000,7060,397480000,20517580,10.32
12/07/2017,-35000,-2029500000,57.9(1.94 %),0,0,35000,2029500000,20517580,10.32
13/07/2017,970,56570000,58.2(0.52 %),2870,167150000,1900,110580000,20516710,10.32
14/07/2017,130,7550000,58.2(0.00 %),130,7550000,0,0,20523640,10.29
17/07/2017,-3920,-223110000,57(-2.06 %),1080,62390000,5000,285500000,20557560,10.15
18/07/2017,-218870,-11967160000,53.1(-6.84 %),5010,275770000,223880,12242930000,20554450,10.16
19/07/2017,1000,54170000,54.8(3.20 %),1000,54170000,0,0,20553450,10.16
20/07/2017,-7500,-407990000,53.8(-1.82 %),500,26900000,8000,434890000,20557950,10.15
21/07/2017,4600,251620000,54.5(1.30 %),4600,251620000,0,0,20777230,9.21
24/07/2017,430,22920000,53(-2.75 %),430,22920000,0,0,20776800,9.21
25/07/2017,200,10540000,52.9(-0.19 %),200,10540000,0,0,20784600,9.18
26/07/2017,0,0,53.9(1.89 %),0,0,0,0,20748420,9.33
27/07/2017,36180,1962320000,54.3(0.74 %),36180,1962320000,0,0,20748420,9.33
28/07/2017,0,0,53.6(-1.29 %),0,0,0,0,20748420,9.33
31/07/2017,10890,585150000,53.5(-0.19 %),12340,662750000,1450,77600000,20736080,9.38
01/08/2017,0,0,53.1(-0.75 %),0,0,0,0,20736080,9.38
02/08/2017,-9320,-490830000,52.2(-1.69 %),1680,89260000,11000,580090000,20734400,9.39
03/08/2017,-10940,-572370000,52(-0.38 %),1400,70840000,12340,643210000,20734450,9.39
04/08/2017,5050,260080000,50.9(-2.12 %),5050,260080000,0,0,20729400,9.41
07/08/2017,1670,86070000,51.3(0.79 %),2000,102900000,330,16830000,20738400,9.37
08/08/2017,23000,1188230000,51.6(0.58 %),23000,1188230000,0,0,20727740,9.42
09/08/2017,70,3580000,51(-1.16 %),70,3580000,0,0,20727670,9.42
10/08/2017,-3720,-188660000,49.5(-2.94 %),0,0,3720,188660000,20728000,9.42
11/08/2017,-1250,-61880000,50.5(2.02 %),0,0,1250,61880000,20728000,9.42
14/08/2017,50,2560000,51.6(2.18 %),50,2560000,0,0,20727950,9.42
15/08/2017,-10,-520000,51.4(-0.39 %),0,0,10,520000,20731670,9.4
16/08/2017,1000,50700000,50.5(-1.75 %),1000,50700000,0,0,20731920,9.4
17/08/2017,10,510000,50(-0.99 %),10,510000,0,0,20731910,9.4
18/08/2017,2000,99200000,49.6(-0.80 %),2000,99200000,0,0,20729920,9.41
21/08/2017,7820,392270000,49.8(0.40 %),7820,392270000,0,0,20722100,9.44
22/08/2017,1950,95700000,49.5(-0.60 %),2000,98200000,50,2500000,20720100,9.45
23/08/2017,2810,136630000,48.65(0.72 %),2810,136630000,0,0,20717290,9.46
24/08/2017,-6810,-328600000,49.9(2.57 %),1000,49400000,7810,378000000,20716290,9.47
25/08/2017,1000,50000000,49.8(-0.20 %),1000,50000000,0,0,20715340,9.47
28/08/2017,150,7650000,51.9(4.22 %),150,7650000,0,0,20715190,9.47
29/08/2017,32940,1712120000,51.8(-0.19 %),32940,1712120000,0,0,20690060,9.58
30/08/2017,100,5180000,51.4(-0.77 %),100,5180000,0,0,20689960,9.58
31/08/2017,300,15720000,52.5(2.14 %),330,17290000,30,1570000,20689630,9.58
01/09/2017,660,34260000,52.3(-0.38 %),660,34260000,0,0,20688970,9.59
05/09/2017,0,0,52.8(0.96 %),0,0,0,0,20688970,9.59
06/09/2017,-170,-8960000,53(0.38 %),100,5320000,270,14280000,20688900,9.59
07/09/2017,44680,2389630000,52.3(-1.32 %),49100,2621540000,4420,231910000,20639800,9.8
08/09/2017,-1980,-103460000,51(-2.49 %),0,0,1980,103460000,20639800,9.8
11/09/2017,14000,695800000,49.65(-2.65 %),14000,695800000,0,0,20626070,9.85
12/09/2017,0,0,50.3(1.31 %),0,0,0,0,20630490,9.84
13/09/2017,12000,612000000,51.2(1.79 %),12000,612000000,0,0,20620470,9.88
14/09/2017,50,2540000,50.8(-0.78 %),50,2540000,0,0,20620420,9.88
15/09/2017,0,10000,50.8(0.00 %),200,10170000,200,10160000,20620220,9.88
18/09/2017,0,0,50.9(0.20 %),0,0,0,0,20620220,9.88
19/09/2017,10,510000,50.4(-0.98 %),10,510000,0,0,20620210,9.88
20/09/2017,9900,500180000,50.6(0.40 %),9900,500180000,0,0,20610510,9.92
21/09/2017,6000,304200000,50.5(-0.20 %),6000,304200000,0,0,20604510,9.95
22/09/2017,1000,50700000,50.7(0.40 %),1000,50700000,0,0,20603510,9.95
25/09/2017,-500,-25400000,50.8(0.20 %),0,0,500,25400000,20603510,9.95
26/09/2017,-1900,-95520000,50.3(-0.98 %),100,5080000,2000,100600000,20603410,9.95
27/09/2017,10170,515660000,50.9(1.19 %),10170,515660000,0,0,20593240,9.99
28/09/2017,10500,537600000,50(-1.77 %),10500,537600000,0,0,20583240,10.04
29/09/2017,0,0,50.2(0.40 %),0,0,0,0,20585240,10.03
02/10/2017,2050,102080000,49(-2.39 %),2300,114560000,250,12480000,20582940,5.02
03/10/2017,-350,-17090000,47.8(-2.45 %),0,0,350,17090000,20582940,5.02
04/10/2017,-2000,-93000000,49(2.51 %),0,0,2000,93000000,20582940,5.02
05/10/2017,500,24150000,48.5(-1.02 %),500,24150000,0,0,20582690,5.02
06/10/2017,0,0,48.5(0.00 %),0,0,0,0,20583040,5.02
09/10/2017,5040,241410000,48(-1.03 %),5040,241410000,0,0,20580000,5.03
10/10/2017,8000,385450000,48.1(0.21 %),8000,385450000,0,0,20572000,5.04
11/10/2017,-58000,-2761190000,47(-2.29 %),8200,391690000,66200,3152880000,20563800,5.06
12/10/2017,-460,-21610000,48(2.13 %),40,1890000,500,23500000,20563760,5.06
13/10/2017,740,35900000,47.9(-0.21 %),2340,112480000,1600,76580000,20561420,5.07
16/10/2017,-32460,-1528360000,46.9(-2.09 %),2040,96290000,34500,1624650000,20625580,4.93
17/10/2017,-41340,-1923450000,46.3(-1.28 %),4040,188470000,45380,2111920000,20622040,4.94
18/10/2017,850,39170000,46.1(-0.43 %),2040,94040000,1190,54870000,20621600,4.94
19/10/2017,280,12880000,45.5(-1.30 %),280,12880000,0,0,20655820,4.86
20/10/2017,-2680,-120600000,44.8(-1.54 %),0,0,2680,120600000,20701200,4.77
23/10/2017,-31560,-1395470000,43.7(-2.46 %),0,0,31560,1395470000,20702390,4.76
24/10/2017,-35000,-1591800000,45.75(4.69 %),0,0,35000,1591800000,20702390,4.76
25/10/2017,100,4680000,46.7(2.08 %),100,4680000,0,0,20704970,4.76
26/10/2017,0,0,46.6(-0.21 %),0,0,0,0,20736530,4.69
27/10/2017,0,0,46.1(-1.07 %),0,0,0,0,20771530,4.62
30/10/2017,0,0,45.2(-1.95 %),0,0,0,0,20771530,4.62
31/10/2017,-55000,-2433400000,43.8(-3.10 %),0,0,55000,2433400000,20771530,9.23
01/11/2017,-10170,-434090000,41.2(-5.94 %),0,0,10170,434090000,20771530,9.23
02/11/2017,26960,1130030000,41.5(0.73 %),35960,1504130000,9000,374100000,20735570,9.39
03/11/2017,-4500,-193300000,43(3.61 %),2000,83200000,6500,276500000,20788570,9.16
06/11/2017,440,18890000,42.8(-0.47 %),440,18890000,0,0,20798300,9.12
07/11/2017,2000,84800000,42.5(-0.70 %),2000,84800000,0,0,20805300,9.09
08/11/2017,-3000,-125700000,41.8(-1.65 %),0,0,3000,125700000,20811800,9.06
09/11/2017,-18280,-803860000,44(5.26 %),2000,87590000,20280,891450000,20809800,9.07
10/11/2017,100,4620000,44.75(1.70 %),3100,139500000,3000,134880000,20806700,9.08
13/11/2017,-6000,-264000000,44(-1.68 %),0,0,6000,264000000,20809700,9.07
14/11/2017,1850,79410000,43.2(-1.82 %),3010,129060000,1160,49650000,20826970,9.0
15/11/2017,3000,128450000,43.2(0.00 %),3000,128450000,0,0,20826970,9.0
16/11/2017,1000,42800000,43.2(0.00 %),1000,42800000,0,0,20831970,8.97
17/11/2017,2910,124740000,43(-0.46 %),3000,128600000,90,3860000,20830130,8.98
20/11/2017,-83380,-3529640000,42.6(-0.93 %),2000,84700000,85380,3614340000,20828130,8.99
21/11/2017,2000,84200000,42(-1.41 %),2000,84200000,0,0,20826130,9.0
22/11/2017,0,0,42(0.00 %),0,0,0,0,20826220,9.0
23/11/2017,0,0,42.1(0.24 %),0,0,0,0,20911600,8.63
24/11/2017,12000,499650000,41.9(-0.48 %),12000,499650000,0,0,20899600,8.69
27/11/2017,-4770,-210830000,44.8(6.92 %),1500,67200000,6270,278030000,20898100,8.69
28/11/2017,-1910,-89970000,45.5(1.56 %),2090,94030000,4000,184000000,20896010,8.7
29/11/2017,0,0,45.4(-0.22 %),0,0,0,0,20896010,8.7
30/11/2017,-13490,-606450000,45.3(-0.22 %),3000,135600000,16490,742050000,20899280,8.69
01/12/2017,-3890,-175060000,44.5(-1.77 %),110,4930000,4000,179990000,20903170,8.67
04/12/2017,0,0,45.8(2.92 %),0,0,0,0,20903170,8.67
05/12/2017,120,6260000,45.4(-0.87 %),1120,52140000,1000,45880000,20918540,8.6
06/12/2017,-2000,-90600000,45(-0.88 %),0,0,2000,90600000,20922540,8.59
07/12/2017,-20,-900000,45.5(1.11 %),0,0,20,900000,20922540,8.59
08/12/2017,-200,-9060000,45(-1.10 %),0,0,200,9060000,20923540,8.58
11/12/2017,3940,173850000,44.1(-2.00 %),3940,173850000,0,0,20921600,8.59
12/12/2017,2000,84600000,44.4(0.68 %),2000,84600000,0,0,20919620,8.6
13/12/2017,0,0,43.6(-1.80 %),0,0,0,0,20919820,8.6
14/12/2017,0,0,44.6(2.29 %),0,0,0,0,20919820,8.6
15/12/2017,-2000,-89400000,44.6(0.00 %),0,0,2000,89400000,20919820,8.6
18/12/2017,-3380,-150800000,44.6(0.00 %),560,24920000,3940,175720000,20919260,8.6
19/12/2017,-10,-450000,44.55(-0.11 %),0,0,10,450000,20919260,8.6
20/12/2017,-9600,-426470000,44(-1.23 %),8000,351450000,17600,777920000,20913260,8.63
21/12/2017,0,0,43.2(-1.82 %),0,0,0,0,20917200,8.61
22/12/2017,0,0,43.4(0.46 %),0,0,0,0,20917210,8.61
25/12/2017,0,0,43(-0.92 %),0,0,0,0,20934810,8.54
26/12/2017,1500,64270000,43(0.00 %),3000,128100000,1500,63830000,20931810,8.55
27/12/2017,8000,341300000,42.6(-0.93 %),10000,426500000,2000,85200000,20921810,8.59
28/12/2017,0,0,42.2(-0.94 %),0,0,0,0,20921810,8.59
29/12/2017,0,0,42.7(1.18 %),0,0,0,0,20923310,8.58
02/01/2018,0,0,42.7(0.00 %),0,0,0,0,20925310,8.58
03/01/2018,0,0,42.95(0.59 %),0,0,0,0,20925310,8.58
04/01/2018,-2600,-117840000,45(4.77 %),400,17160000,3000,135000000,20924910,8.58
05/01/2018,-13160,-597140000,45.3(0.67 %),400,18290000,13560,615430000,20924510,8.58
08/01/2018,300,13650000,47.5(4.86 %),300,13650000,0,0,20924210,8.58
09/01/2018,1550,74120000,46.9(-1.26 %),2850,135870000,1300,61750000,20924360,8.58
10/01/2018,6490,299990000,46.5(-0.85 %),6490,299990000,0,0,20931430,8.55
11/01/2018,310,14320000,47.6(2.37 %),310,14320000,0,0,20931120,8.55
12/01/2018,-1500,-71850000,47.7(0.21 %),0,0,1500,71850000,20932420,8.55
15/01/2018,-100,-4720000,48(0.63 %),0,0,100,4720000,20932420,8.55
16/01/2018,1100,51580000,46.7(-2.71 %),1400,65800000,300,14220000,20931020,8.55
17/01/2018,14070,649930000,44.8(-4.07 %),14070,649930000,0,0,20918450,8.6
18/01/2018,13000,572300000,43.3(-3.35 %),13000,572300000,0,0,20905550,8.66
19/01/2018,2950,128020000,43.2(-0.23 %),3000,130200000,50,2180000,20902850,8.67
22/01/2018,2500,110000000,44.1(2.08 %),2500,110000000,0,0,20900350,4.34
25/01/2018,4560,197490000,42.8(-2.95 %),7060,305490000,2500,108000000,20893340,4.36
26/01/2018,1790,75250000,42.9(0.23 %),3000,127800000,1210,52550000,20890340,4.36
29/01/2018,-890,-38540000,42.4(-1.17 %),0,0,890,38540000,20890340,4.36
30/01/2018,11070,463430000,42(-0.94 %),11670,488470000,600,25040000,20881170,4.38
31/01/2018,50,1900000,41.9(-0.24 %),540,22680000,490,20780000,20881840,4.38
01/02/2018,3870,161450000,40.65(-2.98 %),6330,264280000,2460,102830000,20876400,4.39
02/02/2018,5000,203250000,40.7(0.12 %),5000,203250000,0,0,20872000,4.4
05/02/2018,2010,76600000,39.8(-2.21 %),2010,76600000,0,0,20870480,4.4
06/02/2018,95290,3523520000,39.5(-0.75 %),98790,3662120000,3500,138600000,20774150,4.61
07/02/2018,0,0,39.6(0.25 %),0,0,0,0,20774150,4.61
08/02/2018,1160,45820000,38.6(-2.53 %),1160,45820000,0,0,20772990,4.61
09/02/2018,3010,111670000,38.6(0.00 %),3010,111670000,0,0,20773480,4.61
12/02/2018,-2390,-92190000,38.65(0.13 %),610,23310000,3000,115500000,20772870,4.61
13/02/2018,-380,-14580000,39.7(2.72 %),510,19820000,890,34400000,20772360,4.61
21/02/2018,470,18770000,40.5(2.02 %),470,18770000,0,0,20771890,4.62
22/02/2018,-8090,-321550000,38.6(-4.69 %),1910,75450000,10000,397000000,20772980,4.61
23/02/2018,3100,120600000,39(1.04 %),3100,120600000,0,0,20770770,4.62
26/02/2018,4760,186120000,40(2.56 %),4760,186120000,0,0,20766010,4.63
27/02/2018,3000,126000000,42(5.00 %),3000,126000000,0,0,20773010,4.61
28/02/2018,5010,214160000,42.9(2.14 %),9300,398600000,4290,184440000,20763710,4.63
01/03/2018,0,0,42.6(-0.70 %),0,0,0,0,20763710,4.63
02/03/2018,17090,736020000,43.95(3.17 %),17090,736020000,0,0,20746620,4.67
05/03/2018,-17690,-783850000,42(-4.44 %),4070,176320000,21760,960170000,20746840,4.67
06/03/2018,233470,9995850000,43.5(3.57 %),233470,9995850000,0,0,20513370,5.17
07/03/2018,100,4290000,42.6(-2.07 %),100,4290000,0,0,20513270,5.17
08/03/2018,11360,483100000,42.6(0.00 %),11360,483100000,0,0,20523670,5.15
09/03/2018,11500,486480000,42.1(-1.17 %),11500,486480000,0,0,20512170,5.17
12/03/2018,13500,556220000,41.8(-0.71 %),13500,556220000,0,0,20498670,5.2
13/03/2018,1510,62070000,41.1(-1.67 %),1510,62070000,0,0,20497160,5.2
14/03/2018,3500,142400000,40.5(-1.46 %),3500,142400000,0,0,20493660,5.21
15/03/2018,0,0,40.9(0.99 %),0,0,0,0,20493660,5.21
16/03/2018,-11430,-472990000,41.5(1.47 %),270,11190000,11700,484180000,20493390,5.21
19/03/2018,0,0,41.3(-0.48 %),0,0,0,0,20493390,5.21
20/03/2018,-150,-6120000,40.55(-1.82 %),50,2040000,200,8160000,20493340,5.21
21/03/2018,0,0,40(-1.36 %),0,0,0,0,20505040,5.19
22/03/2018,4300,172160000,40.3(0.75 %),4300,172160000,0,0,20500740,5.2
23/03/2018,-58690,-2314690000,39.35(-2.36 %),3020,117790000,61710,2432480000,20497920,5.2
26/03/2018,0,0,39.3(-0.13 %),0,0,0,0,20497920,5.2
27/03/2018,1360,54250000,39.3(0.00 %),5220,204170000,3860,149920000,20492700,5.21
28/03/2018,5560,216250000,39.5(0.51 %),6540,254950000,980,38700000,20547870,5.09
29/03/2018,-19990,-780590000,39(-1.27 %),10,400000,20000,780990000,20547860,5.09
30/03/2018,10,390000,39.2(0.51 %),10,390000,0,0,20551710,5.09
02/04/2018,28400,1122690000,39.9(1.79 %),28400,1122690000,0,0,20524290,5.14
03/04/2018,31270,1231120000,39.55(-0.88 %),31270,1231120000,0,0,20513020,5.17
04/04/2018,40200,1567480000,38.9(-1.64 %),40200,1567480000,0,0,20472820,5.25
05/04/2018,97520,3906640000,40.9(5.14 %),100520,4028740000,3000,122100000,20372300,5.47
06/04/2018,46620,1949600000,42(2.69 %),46620,1949600000,0,0,20325680,5.57
09/04/2018,2050,86410000,41(-2.38 %),2090,88100000,40,1690000,20323590,5.57
10/04/2018,0,0,40.05(-2.32 %),0,0,0,0,20326590,5.57
11/04/2018,3000,117900000,39.05(-2.50 %),3000,117900000,0,0,20323590,5.57
12/04/2018,0,0,39.5(1.15 %),0,0,0,0,20323630,5.57
13/04/2018,1020,39290000,38.5(-2.53 %),1020,39290000,0,0,20322610,5.58
16/04/2018,0,0,39.2(1.82 %),0,0,0,0,20322610,5.58
17/04/2018,400,15700000,39.25(0.13 %),400,15700000,0,0,20322210,5.58
18/04/2018,3000,116400000,38.9(-0.89 %),3000,116400000,0,0,20319210,5.58
19/04/2018,4040,152850000,37.25(-4.24 %),4040,152850000,0,0,20315170,5.59
20/04/2018,0,0,37.5(0.67 %),0,0,0,0,20315170,5.59
23/04/2018,6780,250890000,36(-4.00 %),6780,250890000,0,0,20308390,5.61
24/04/2018,3040,105770000,33.7(-6.39 %),3040,105770000,0,0,20305350,5.61
26/04/2018,0,0,35.4(5.04 %),0,0,0,0,20305350,5.61
27/04/2018,-33950,-1226600000,36.5(3.11 %),10,360000,33960,1226960000,20305340,5.61
02/05/2018,-14720,-527330000,36.5(0.00 %),2310,83180000,17030,610510000,20303030,5.62
03/05/2018,10000,360000000,37(1.37 %),10000,360000000,0,0,20293030,5.64
04/05/2018,0,0,37.8(2.16 %),0,0,0,0,20326990,5.57
07/05/2018,4640,174950000,38.2(1.06 %),328230,12461020000,323590,12286070000,20339380,5.54
08/05/2018,3000,113700000,37.7(-1.31 %),3000,113700000,0,0,20336380,5.55
09/05/2018,0,0,37(-1.86 %),0,0,0,0,20336380,5.55
10/05/2018,100,3700000,36.95(-0.14 %),100,3700000,0,0,20336280,5.55
11/05/2018,3000,108970000,36(-2.57 %),3000,108970000,0,0,20333280,5.55
14/05/2018,10,360000,35.8(-0.56 %),10,360000,0,0,20333270,5.55
15/05/2018,-1060,-38520000,35.7(-0.28 %),140,5010000,1200,43530000,20333130,5.55
16/05/2018,-15830,-553720000,35.55(-0.42 %),3170,111220000,19000,664940000,20329960,5.56
17/05/2018,-6000,-211180000,35.3(-0.70 %),0,0,6000,211180000,20329960,5.56
18/05/2018,-7560,-261050000,34.95(-0.99 %),10,350000,7570,261400000,20331150,5.56
21/05/2018,1600,56480000,35.3(1.00 %),1600,56480000,0,0,20348550,5.52
22/05/2018,0,0,34(-3.68 %),0,0,0,0,20354550,5.51
23/05/2018,1020,34200000,33.8(-0.59 %),1020,34200000,0,0,20361100,5.49
24/05/2018,0,0,35.5(5.03 %),0,0,0,0,20361100,5.49
25/05/2018,-3210,-117480000,36(1.41 %),0,0,3210,117480000,20361100,5.49
28/05/2018,3000,105300000,35(-2.78 %),3000,105300000,0,0,20358100,5.5
29/05/2018,70,2480000,35.5(1.43 %),70,2480000,0,0,20358030,5.5
30/05/2018,20,700000,34.4(-3.10 %),20,700000,0,0,20361220,5.49
31/05/2018,0,0,34.7(0.87 %),0,0,0,0,20361220,5.49
01/06/2018,1070,37030000,34.3(-1.15 %),1070,37030000,0,0,20360150,5.5
04/06/2018,56200,1937090000,34.85(1.60 %),56200,1937090000,0,0,20303950,5.62
05/06/2018,0,0,35.55(2.01 %),0,0,0,0,20303950,5.62
06/06/2018,7000,261600000,37.3(4.92 %),10000,372000000,3000,110400000,20293950,5.64
07/06/2018,5000,185800000,37.3(0.00 %),5000,185800000,0,0,20288950,5.65
08/06/2018,14100,520160000,36.7(-1.61 %),14100,520160000,0,0,20274850,5.68
11/06/2018,14990,578640000,38.1(3.81 %),15000,579010000,10,370000,20262850,5.7
12/06/2018,0,0,38.2(0.26 %),0,0,0,0,20262850,5.7
13/06/2018,14470,579420000,39.45(3.27 %),20470,814020000,6000,234600000,20242380,5.75
14/06/2018,-8000,-309540000,39(-1.14 %),13500,524840000,21500,834380000,20228890,5.78
15/06/2018,700,26990000,38.85(-0.38 %),700,26990000,0,0,20228190,5.78
18/06/2018,0,0,36.5(-6.05 %),0,0,0,0,20234190,5.76
19/06/2018,7430,262280000,36.35(-0.41 %),7430,262280000,0,0,20248260,5.73
20/06/2018,0,0,36.8(1.24 %),0,0,0,0,20248260,5.73
21/06/2018,0,0,36.5(-0.82 %),0,0,0,0,20248260,5.73
22/06/2018,10,370000,36.5(0.00 %),10,370000,0,0,20248250,5.73
25/06/2018,-560,-20710000,36.6(0.27 %),0,0,560,20710000,20248250,5.73
26/06/2018,0,0,37(1.09 %),0,0,0,0,20248250,5.73
27/06/2018,0,0,36.3(-1.89 %),0,0,0,0,20248250,5.73
28/06/2018,-13350,-473910000,35.35(-2.62 %),0,0,13350,473910000,20248810,5.73
29/06/2018,70540,2494373000,34.75(-1.70 %),85540,3022703000,15000,528330000,20178270,0.0
02/07/2018,5510,188890000,33.5(-3.60 %),5510,188890000,0,0,20157760,5.93
03/07/2018,1330,44430000,33.5(0.00 %),1410,47100000,80,2670000,20169700,5.9
04/07/2018,-10000,-337530000,33.9(1.19 %),5000,167500000,15000,505030000,20179700,5.88
05/07/2018,-14790,-488110000,33(-2.65 %),210,6890000,15000,495000000,20179490,5.88
06/07/2018,2960,95670000,34.45(4.39 %),3000,96950000,40,1280000,20176570,5.89
09/07/2018,10,340000,34(-1.31 %),10,340000,0,0,20191560,5.86
10/07/2018,2930,99490000,32.65(-3.97 %),2930,99490000,0,0,20203630,5.83
11/07/2018,6010,186290000,30.6(-6.28 %),6010,186290000,0,0,20197660,5.84
12/07/2018,12400,374748000,30.55(-0.16 %),14900,450498000,2500,75750000,20185260,0.0
13/07/2018,-13990,-420750000,30.55(0.00 %),1010,30810000,15000,451560000,20181750,5.88
16/07/2018,-1900,-58280000,31.05(1.64 %),17100,527320000,19000,585600000,20164650,5.91
17/07/2018,-7580,-239260000,31.5(1.45 %),10420,322360000,18000,561620000,20156730,5.93
18/07/2018,-18000,-573364500,32(1.59 %),0,0,18000,573364500,20174730,0.0
19/07/2018,-11000,-350450000,31.85(-0.47 %),0,0,11000,350450000,20190730,5.86
20/07/2018,47100,1487240000,31.8(-0.16 %),47100,1487240000,0,0,20161630,5.92
23/07/2018,21000,658850000,31(-2.52 %),21000,658850000,0,0,20140630,0.0
24/07/2018,82580,2560890000,31(0.00 %),82580,2560890000,0,0,20087050,6.08
25/07/2018,12000,377600000,31(0.00 %),15000,472100000,3000,94500000,20072050,6.11
26/07/2018,24800,772250000,31.1(0.32 %),26000,809750000,1200,37500000,20046050,6.17
27/07/2018,29480,928990000,31.5(1.29 %),32480,1023490000,3000,94500000,20013570,6.24
30/07/2018,42080,1360650000,32.5(3.17 %),42080,1360650000,0,0,19974490,6.32
31/07/2018,44380,1448110000,32.6(0.31 %),46380,1513244000,2000,65134000,19930110,0.0
01/08/2018,85910,2861273500,33.55(2.91 %),85910,2861273500,0,0,10464395,2.14
02/08/2018,26880,894820000,33.5(-0.15 %),27000,898800000,120,3980000,19819400,6.65
03/08/2018,24960,822892000,33(-1.49 %),25000,824200000,40,1308000,19794440,0.0
06/08/2018,59790,1957606500,33(0.00 %),60300,1974436500,510,16830000,19734650,0.0
07/08/2018,47800,1432698500,30.5(4.20 %),47800,1432698500,0,0,19686850,0.0
08/08/2018,22010,675860000,30.75(0.82 %),22010,675860000,0,0,19666450,6.98
09/08/2018,0,0,30.25(-1.63 %),0,0,0,0,19666960,6.98
10/08/2018,22000,657400000,30.35(0.33 %),22000,657400000,0,0,19644960,7.02
13/08/2018,0,0,30.1(-0.82 %),0,0,0,0,19644960,7.02
14/08/2018,24180,722500000,30.3(0.66 %),30180,901900000,6000,179400000,19614780,7.09
15/08/2018,17270,513850000,30.2(-0.33 %),18270,543550000,1000,29700000,19596510,7.13
16/08/2018,15570,461580000,30(-0.66 %),16510,489400000,940,27820000,19580000,7.16
17/08/2018,18000,532576000,29.5(-1.67 %),18000,532576000,0,0,19562000,0.0
20/08/2018,-2500,-75144500,28.5(-3.39 %),26500,761800000,29000,836944500,19564500,0.0
21/08/2018,-8650,-247300000,28.7(0.70 %),31150,891430000,39800,1138730000,19512290,7.31
22/08/2018,-12440,-359540000,29.5(2.79 %),22060,651340000,34500,1010880000,19490230,7.35
23/08/2018,-1310,-37090000,29.5(0.00 %),12500,368120000,13810,405210000,19506730,7.32
24/08/2018,11800,345815000,29.5(0.00 %),12800,375315000,1000,29500000,19494930,0.0
27/08/2018,17700,521950000,29.5(0.00 %),18700,551450000,1000,29500000,19549530,7.23
28/08/2018,21200,623490000,29.45(-0.17 %),21200,623490000,0,0,19542140,7.24
29/08/2018,-1300,-38610000,29.5(0.17 %),9700,284410000,11000,323020000,19533440,7.26
30/08/2018,13670,403050000,29.55(0.17 %),13670,403050000,0,0,19520770,7.29
31/08/2018,23000,676550000,29.3(-0.85 %),24000,705850000,1000,29300000,19496770,7.34
04/09/2018,-10720,-330899500,30.95(5.63 %),0,0,10720,330899500,10464395,2.14
05/09/2018,-6990,-222582000,32.1(3.72 %),0,0,6990,222582000,10471385,2.13
06/09/2018,-2000,-64150000,31.75(-1.09 %),0,0,2000,64150000,10473385,2.12
07/09/2018,0,0,31.1(-2.05 %),0,0,0,0,10473385,2.12
10/09/2018,-8000,-251300000,31.4(0.96 %),0,0,8000,251300000,21500103,7.24
11/09/2018,-4910,-155620000,32.1(2.23 %),0,0,4910,155620000,21502103,7.23
12/09/2018,-3000,-97200000,32.2(0.31 %),0,0,3000,97200000,21502103,7.23
13/09/2018,0,0,32.2(0.00 %),0,0,0,0,21510103,7.22
14/09/2018,-20,-640000,31.7(-1.55 %),0,0,20,640000,21515013,7.21
17/09/2018,0,0,30.7(-3.15 %),0,0,0,0,21518013,7.2
18/09/2018,0,0,30.95(0.81 %),0,0,0,0,21518019,7.2
19/09/2018,-4590,-144820000,31.45(1.62 %),0,0,4590,144820000,21518039,7.2
20/09/2018,-8880,-275670000,31.4(-0.16 %),0,0,8880,275670000,21518039,7.2
21/09/2018,0,0,31.2(-0.64 %),0,0,0,0,21518039,7.2
24/09/2018,10000,320187500,32.25(3.37 %),10000,320187500,0,0,21508039,7.22
25/09/2018,0,0,33(2.33 %),0,0,0,0,21508039,7.22
26/09/2018,0,0,34.35(4.09 %),0,0,0,0,21508039,7.22
27/09/2018,-3000,-102600000,34.2(-0.44 %),0,0,3000,102600000,21513518,7.21
28/09/2018,0,0,34.2(0.00 %),0,0,0,0,21513518,7.21
01/10/2018,4210,143110000,33.8(-1.17 %),4210,143110000,0,0,21534524,7.17
02/10/2018,100,3395000,34.2(1.18 %),100,3395000,0,0,21534424,7.17
03/10/2018,10,350000,35.4(3.51 %),10,350000,0,0,21537414,7.16
04/10/2018,-2000,-71200000,35.4(0.00 %),0,0,2000,71200000,21537414,7.16
05/10/2018,1000,34900000,34.9(-1.41 %),1000,34900000,0,0,21536414,7.17
08/10/2018,80,2690000,33.6(-3.72 %),80,2690000,0,0,21536334,7.17
09/10/2018,0,0,33.35(-0.74 %),0,0,0,0,21538334,7.16
10/10/2018,79410,2663849000,34(1.95 %),79410,2663849000,0,0,21458924,7.32
11/10/2018,10,330000,31.7(-6.76 %),10,330000,0,0,21458914,7.32
12/10/2018,400,12760000,32.2(1.58 %),400,12760000,0,0,21458514,7.32
15/10/2018,0,0,31.2(-3.11 %),0,0,0,0,21458514,7.32
16/10/2018,10,318000,31.8(1.92 %),10,318000,0,0,21458504,7.32
17/10/2018,100,3220000,32.2(1.26 %),100,3220000,0,0,21458404,7.32
18/10/2018,-3080,-98910000,31.7(-1.55 %),0,0,3080,98910000,21458404,7.32
19/10/2018,1070,33705000,31.65(-0.16 %),1070,33705000,0,0,21457334,7.32
22/10/2018,500,15880000,31.6(-0.16 %),500,15880000,0,0,21456834,7.32
23/10/2018,35370,1057889000,30.8(-2.53 %),35370,1057889000,0,0,21421464,7.39
24/10/2018,45000,1343750000,29.7(-3.57 %),45000,1343750000,0,0,21376464,7.48
25/10/2018,5400,153320000,28.85(-2.86 %),5400,153320000,0,0,21371064,7.49
26/10/2018,-70,-2020000,28.4(-1.56 %),0,0,70,2020000,21374145,7.48
29/10/2018,0,0,27(-4.93 %),0,0,0,0,21374145,7.48
30/10/2018,10,274000,28(3.70 %),10,274000,0,0,21374135,7.48
31/10/2018,-1000,-28350000,28.9(3.21 %),0,0,1000,28350000,21375135,7.48
01/11/2018,0,0,28.6(-1.04 %),0,0,0,0,21374205,7.48
02/11/2018,0,0,28.8(0.70 %),0,0,0,0,21374205,7.48
05/11/2018,9890,283000000,29.5(2.43 %),9890,283000000,0,0,21365315,7.5
06/11/2018,0,0,29.5(0.00 %),0,0,0,0,21365315,7.5
07/11/2018,10270,310530000,29.45(-0.17 %),46270,1371480000,36000,1060950000,21319045,7.59
08/11/2018,42000,1246750000,29.5(0.17 %),42000,1246750000,0,0,21277045,7.67
09/11/2018,35510,1035450000,29(-1.69 %),35520,1035740000,10,290000,21241525,7.74
12/11/2018,42570,1229020000,28.85(-0.52 %),42570,1229020000,0,0,21234955,7.75
13/11/2018,18950,542805000,28.9(0.17 %),18950,542805000,0,0,21216005,7.79
14/11/2018,72240,2092028000,28.9(0.00 %),72240,2092028000,0,0,21143765,7.93
15/11/2018,43020,1251882000,28.7(-0.69 %),43020,1251882000,0,0,21100745,8.01
16/11/2018,6200,180480000,29(1.05 %),6200,180480000,0,0,21091675,8.03
19/11/2018,5000,146000000,29.5(1.72 %),5000,146000000,0,0,21086675,8.04
20/11/2018,-9940,-289670000,29.25(-0.85 %),0,0,9940,289670000,21086675,8.04
21/11/2018,0,0,29.1(-0.51 %),0,0,0,0,21086675,8.04
22/11/2018,-75000,-2186180000,29.15(0.17 %),0,0,75000,2186180000,21086675,8.04
23/11/2018,-56020,-1624131840,28.8(-1.20 %),0,0,56020,1624131840,21142695,7.93
26/11/2018,-47000,-1341427000,28.45(-1.22 %),0,0,47000,1341427000,21189695,7.84
27/11/2018,-49000,-1375410500,27.8(-2.28 %),0,0,49000,1375410500,21238695,7.74
28/11/2018,-63000,-1731160000,27.5(-1.08 %),0,0,63000,1731160000,21229735,7.76
29/11/2018,-44000,-1210909000,27.5(0.00 %),0,0,44000,1210909000,21273735,7.68
30/11/2018,0,0,28(1.82 %),0,0,0,0,21327735,7.57
03/12/2018,0,0,28.5(1.79 %),0,0,0,0,21390735,7.45
04/12/2018,4500,128235000,28.5(0.00 %),4500,128235000,0,0,21386235,7.46
05/12/2018,70000,1978080000,28.5(0.00 %),70000,1978080000,0,0,21316235,7.59
06/12/2018,85000,2435509000,29(1.75 %),85000,2435509000,0,0,21231235,7.76
07/12/2018,100,2880000,28.7(-1.03 %),100,2880000,0,0,21231135,7.76
10/12/2018,0,0,28.4(-1.05 %),0,0,0,0,21275135,7.67
11/12/2018,160,4460000,27.9(-1.76 %),160,4460000,0,0,21274975,7.67
12/12/2018,0,0,28.3(1.43 %),0,0,0,0,21274975,7.67
13/12/2018,14600,415375000,28.4(0.35 %),14600,415375000,0,0,21260375,7.7
14/12/2018,12310,347310500,27.95(-1.58 %),12560,354410500,250,7100000,21248065,9.91
17/12/2018,8260,230100000,27.5(-1.61 %),8260,230100000,0,0,21239805,9.93
18/12/2018,640,17290000,27.15(-1.27 %),640,17290000,0,0,22365910,7.41
19/12/2018,0,0,27(-0.55 %),0,0,0,0,22366160,7.41
20/12/2018,0,0,27(0.00 %),0,0,0,0,22366165,7.41
21/12/2018,0,0,26.9(-0.37 %),0,0,0,0,22366165,7.41
24/12/2018,-150,-4010000,26(-3.35 %),0,0,150,4010000,22366165,7.41
25/12/2018,18320,447400000,25(-3.85 %),19920,487400000,1600,40000000,22346245,7.45
26/12/2018,4340,109372000,25.8(3.20 %),4340,109372000,0,0,22341905,7.46
27/12/2018,5210,134661000,26.2(1.55 %),5260,135961000,50,1300000,22336695,7.47
28/12/2018,-1880,-48120000,25.5(-2.67 %),20,520000,1900,48640000,22338375,7.46
02/01/2019,0,0,25.2(-1.18 %),0,0,0,0,22338425,7.46
03/01/2019,5010,121499000,24.8(-1.59 %),5010,121499000,0,0,22333415,7.47
04/01/2019,19960,487570000,24.75(-0.20 %),19960,487570000,0,0,22315355,7.51
07/01/2019,900,22565000,24.95(0.81 %),900,22565000,0,0,22314455,7.51
08/01/2019,800,19730000,24.9(-0.20 %),800,19730000,0,0,22313655,7.51
09/01/2019,1170,29191500,25.2(1.20 %),1170,29191500,0,0,22312485,7.51
10/01/2019,1500,37800000,25.45(0.99 %),1500,37800000,0,0,22310985,7.51
11/01/2019,2000,50400000,25.4(-0.20 %),2000,50400000,0,0,22308985,7.52
14/01/2019,0,0,25.2(-0.79 %),0,0,0,0,22308985,7.52
15/01/2019,1800,44640000,25.2(0.00 %),1800,44640000,0,0,22307185,7.52
16/01/2019,1840,46084000,24.85(-1.39 %),1840,46084000,0,0,22305345,7.52
17/01/2019,1320,33000000,25.4(2.21 %),1320,33000000,0,0,22304025,7.53
18/01/2019,650,16380000,24.95(-1.77 %),650,16380000,0,0,22303375,7.53
21/01/2019,6990,173950000,24.75(-0.80 %),12000,298950000,5010,125000000,22291375,7.55
22/01/2019,1300,32240000,24.8(0.20 %),1300,32240000,0,0,22290075,7.55
23/01/2019,5000,124500000,24.7(-0.40 %),5000,124500000,0,0,22285075,7.56
24/01/2019,11400,282150000,24.8(0.40 %),11400,282150000,0,0,22278685,7.57
25/01/2019,5850,144300000,24.55(-1.01 %),5850,144300000,0,0,22272835,7.59
28/01/2019,10140,247392000,24.55(0.00 %),10340,252302000,200,4910000,22257685,7.61
29/01/2019,4850,118879000,24.7(0.61 %),4850,118879000,0,0,22252835,7.62
30/01/2019,850,20830000,24.7(0.00 %),304600,7511950000,303750,7491120000,22240145,7.65
31/01/2019,16660,410020000,24.7(0.00 %),225660,5562920000,209000,5152900000,22223685,7.68
01/02/2019,0,0,24.6(-0.40 %),0,0,0,0,22223685,7.68
11/02/2019,0,0,25.05(1.83 %),0,0,0,0,22240335,7.65
12/02/2019,6270,166410000,26.3(4.99 %),10000,261000000,3730,94590000,22230335,7.66
13/02/2019,13310,351500000,26.5(0.76 %),13310,351500000,0,0,22217025,7.69
14/02/2019,23670,627761500,26.8(1.13 %),26570,705771500,2900,78010000,22180435,7.76
15/02/2019,100,2660000,26.25(-2.05 %),100,2660000,0,0,22194085,7.73
18/02/2019,5000,131630000,26.4(0.57 %),5000,131630000,0,0,22189085,7.74
19/02/2019,0,0,26.6(0.76 %),0,0,0,0,22175335,7.77
20/02/2019,1200,31540000,26.3(-1.13 %),1200,31540000,0,0,22190785,7.74
21/02/2019,0,0,26.15(-0.57 %),0,0,0,0,22174135,7.77
22/02/2019,-740,-19140000,25.6(-2.10 %),200,5200000,940,24340000,22190585,7.74
25/02/2019,0,0,25.7(0.39 %),0,0,0,0,22190585,7.74
26/02/2019,4700,123140000,26.3(2.33 %),4700,123140000,0,0,22185885,7.75
27/02/2019,0,0,26.1(-0.76 %),0,0,0,0,22170175,7.78
28/02/2019,-3000,-82230000,27.5(5.36 %),2000,54800000,5000,137030000,22184825,7.75
01/03/2019,46510,1340360000,28.9(5.09 %),46510,1340360000,0,0,22138315,7.84
04/03/2019,2320,66710000,28.7(-0.69 %),2320,66710000,0,0,22135995,7.84
05/03/2019,145000,4184444500,29.25(1.92 %),146000,4212794500,1000,28350000,22037505,8.02
06/03/2019,133910,3905010000,29.5(0.85 %),136410,3977810000,2500,72800000,21858585,8.36
07/03/2019,40600,1201750000,29.05(-1.53 %),42870,1269400000,2270,67650000,21815715,8.44
08/03/2019,107600,3086040000,28.75(-1.03 %),107600,3086040000,0,0,21795995,8.47
11/03/2019,47150,1359380000,29.75(3.48 %),47250,1362300000,100,2920000,21748845,8.56
12/03/2019,0,0,29.8(0.17 %),0,0,0,0,21748845,8.56
13/03/2019,4210,125710000,29.65(-0.50 %),4500,134350000,290,8640000,21662135,8.72
14/03/2019,4800,143616000,29.9(0.84 %),4800,143616000,0,0,21739835,8.58
15/03/2019,45000,1337911500,29.6(-1.00 %),45000,1337911500,0,0,21694835,8.66
18/03/2019,2000,59000000,29.1(-1.69 %),2000,59000000,0,0,21692835,8.66
19/03/2019,38900,1116380000,28.3(-2.75 %),38900,1116380000,0,0,21571825,8.89
20/03/2019,10100,282830000,28.1(-0.71 %),10100,282830000,0,0,21561725,8.91
21/03/2019,4100,113520000,27.8(-1.07 %),5100,141820000,1000,28300000,21639735,8.76
22/03/2019,5000,140900000,28.05(0.90 %),5000,140900000,0,0,21634735,8.77
25/03/2019,5000,135000000,26.9(-4.10 %),5000,135000000,0,0,21629735,8.78
26/03/2019,5080,137142500,27(0.37 %),5080,137142500,0,0,21624655,8.79
27/03/2019,600,16380000,27(0.00 %),600,16380000,0,0,21624055,8.79
28/03/2019,0,0,27.45(1.67 %),0,0,0,0,21624055,8.79
29/03/2019,-3700,-101750000,27.3(-0.55 %),0,0,3700,101750000,21627755,8.78
01/04/2019,30730,845330000,27.5(0.73 %),30730,845330000,0,0,21511215,9.0
02/04/2019,-62360,-1698490500,27.05(-1.64 %),0,0,62360,1698490500,21604305,8.83
03/04/2019,-28020,-739643000,26.7(-1.29 %),2980,80092000,31000,819735000,21632325,8.78
04/04/2019,124890,3339160000,27.15(1.69 %),124890,3339160000,0,0,21387038,9.23
05/04/2019,12060,330450000,27.95(2.95 %),12060,330450000,0,0,21437338,9.14
08/04/2019,3000,82800000,27.4(-1.97 %),3000,82800000,0,0,21465338,9.09
09/04/2019,51860,1408730000,27(-1.46 %),51860,1408730000,0,0,21413478,9.18
10/04/2019,9000,241200000,26.65(-1.30 %),9000,241200000,0,0,21431515,9.15
11/04/2019,9100,242941000,26.65(0.00 %),9100,242941000,0,0,21422415,9.17
12/04/2019,16010,431170000,26.8(0.56 %),16010,431170000,0,0,21379368,9.25
16/04/2019,12000,321000000,26.9(0.37 %),12000,321000000,0,0,21394405,9.22
17/04/2019,-9990,-263733000,26.05(-3.16 %),10,267000,10000,264000000,21404395,9.2
18/04/2019,-6960,-167880000,25(-4.03 %),5100,132510000,12060,300390000,21362258,9.28
19/04/2019,12730,322310000,25.2(0.80 %),12730,322310000,0,0,21349528,9.3
22/04/2019,-1000,-24650000,24.6(-2.38 %),0,0,1000,24650000,21399625,9.21
23/04/2019,200,4890000,24.05(-2.24 %),200,4890000,0,0,21371388,9.26
24/04/2019,53900,1320593500,25(3.95 %),53900,1320593500,0,0,21345525,9.31
25/04/2019,200,4960000,24.55(-1.80 %),200,4960000,0,0,21318288,9.36
26/04/2019,0,0,24.45(-0.41 %),0,0,0,0,21345325,9.31
02/05/2019,3050,74200000,24.2(-1.02 %),3100,75425000,50,1225000,21318288,9.36
03/05/2019,-5500,-131340500,23.75(-1.86 %),700,16740000,6200,148080500,21323788,9.35
06/05/2019,300,6830000,22.7(-4.42 %),300,6830000,0,0,21314188,9.37
07/05/2019,230,5280000,22.8(0.44 %),230,5280000,0,0,21314008,9.37
08/05/2019,0,0,22(-3.51 %),0,0,0,0,21323258,9.35
09/05/2019,41500,903800000,22.9(4.09 %),71310,1559520000,29810,655720000,21248898,9.49
10/05/2019,0,0,22.9(0.00 %),0,0,0,0,21248898,9.49
13/05/2019,23000,519900000,22.7(-0.87 %),23000,519900000,0,0,21258758,9.47
14/05/2019,5300,118190000,22.7(0.00 %),5300,118190000,0,0,21253458,9.48
15/05/2019,357770,8124080000,23.7(4.41 %),363000,8246300000,5230,122220000,20887408,10.16
16/05/2019,200,4690000,23.4(-1.27 %),200,4690000,0,0,20895488,10.15
17/05/2019,-1000,-23230000,23(-1.71 %),0,0,1000,23230000,20887208,10.16
20/05/2019,0,0,23.4(1.74 %),0,0,0,0,20892438,10.15
21/05/2019,0,0,23(-1.71 %),0,0,0,0,20892438,10.15
22/05/2019,-3000,-68400000,22.8(-0.87 %),0,0,3000,68400000,20893438,10.15
23/05/2019,200,4500000,22.95(0.66 %),200,4500000,0,0,20893238,10.15
24/05/2019,2800,63640000,22.65(-1.31 %),2800,63640000,0,0,20890438,10.16
27/05/2019,5000,112500000,22.65(0.00 %),5000,112500000,0,0,20888438,10.16
28/05/2019,100,2230000,22.35(-1.32 %),100,2230000,0,0,20888338,10.16
29/05/2019,10530,234820000,23.2(3.80 %),10530,234820000,0,0,20877808,10.18
30/05/2019,0,0,23.45(1.08 %),0,0,0,0,20877808,10.18
31/05/2019,130,3016000,23(-1.92 %),130,3016000,0,0,20874678,10.18
03/06/2019,-121860,-2714550000,22.2(-3.48 %),20000,447500000,141860,3162050000,20857678,10.22
04/06/2019,-116990,-2553150000,21.5(-3.15 %),100,2190000,117090,2555340000,20857578,10.22
05/06/2019,2640,54316000,21.3(-0.93 %),5000,106000000,2360,51684000,20972028,10.0
06/06/2019,200,4150000,21.3(0.00 %),200,4150000,0,0,20994238,9.96
07/06/2019,-7000,-149350000,21.5(0.94 %),0,0,7000,149350000,21111328,9.74
10/06/2019,-2110,-45590500,21.65(0.70 %),0,0,2110,45590500,20980938,9.99
11/06/2019,6660,144190000,22.2(2.54 %),6660,144190000,0,0,21107031,9.75
12/06/2019,-23430,-516536000,22.1(-0.45 %),0,0,23430,516536000,21130461,9.71
13/06/2019,-8000,-174570000,22.1(0.00 %),0,0,8000,174570000,21116141,9.74
14/06/2019,-25400,-553480000,21.9(-0.90 %),0,0,25400,553480000,21116141,9.74
17/06/2019,-2780,-57223000,21.9(0.00 %),13500,293625000,16280,350848000,21166641,9.64
18/06/2019,-10780,-233080000,22.1(0.91 %),0,0,10780,233080000,21134071,9.7
19/06/2019,26380,582998000,22.1(0.00 %),26380,582998000,0,0,21151041,9.67
20/06/2019,0,0,22(-0.45 %),0,0,0,0,21151041,9.67
21/06/2019,0,0,22(0.00 %),0,0,0,0,21160151,9.65
24/06/2019,710,15620000,22.7(3.18 %),710,15620000,0,0,21159441,9.66
25/06/2019,480,10764000,22.9(0.88 %),4000,91900000,3520,81136000,21149851,9.67
26/06/2019,24930,568260000,22.85(-0.22 %),27200,620130000,2270,51870000,21128241,9.71
27/06/2019,0,0,23(0.66 %),0,0,0,0,21124921,9.72
28/06/2019,-1680,-38460000,23(0.00 %),0,0,1680,38460000,21131761,9.71
01/07/2019,0,0,23.3(1.30 %),0,0,0,0,21134031,9.7
02/07/2019,-8000,-186550000,23.3(0.00 %),0,0,8000,186550000,21142031,9.69
03/07/2019,-32160,-746660000,23(-1.29 %),0,0,32160,746660000,21135711,9.7
04/07/2019,-13840,-321140000,23.2(0.87 %),0,0,13840,321140000,21135711,9.7
05/07/2019,-33400,-776724500,23.15(-0.22 %),0,0,33400,776724500,21221431,9.54
08/07/2019,-17070,-395661000,23.1(-0.22 %),0,0,17070,395661000,21238501,9.51
09/07/2019,-2330,-52900000,22.55(-2.38 %),5000,113750000,7330,166650000,21184711,9.61
10/07/2019,-6200,-137430000,21.75(-3.55 %),400,8760000,6600,146190000,21217711,9.55
11/07/2019,0,0,21.7(-0.23 %),0,0,0,0,21247031,9.49
12/07/2019,-3520,-76581000,22(1.38 %),0,0,3520,76581000,21250551,9.49
15/07/2019,0,0,21.5(-2.27 %),0,0,0,0,21248712,9.49
16/07/2019,0,0,21.7(0.93 %),0,0,0,0,21250551,9.49
17/07/2019,0,0,21.55(-0.69 %),0,0,0,0,21252232,9.48
18/07/2019,-3000,-63630000,21.55(0.00 %),0,0,3000,63630000,21252232,9.48
19/07/2019,100,2170000,21.65(0.46 %),200,4320000,100,2150000,21253451,9.48
22/07/2019,-32130,-699821000,22.3(3.00 %),0,0,32130,699821000,21285581,9.42
23/07/2019,-90060,-2009811000,22.15(-0.67 %),0,0,90060,2009811000,21375641,9.25
24/07/2019,-20300,-442510000,21.55(-2.71 %),0,0,20300,442510000,21395941,9.22
25/07/2019,-87100,-1871110000,21.45(-0.46 %),0,0,87100,1871110000,21483041,9.05
26/07/2019,0,0,21.25(-0.93 %),0,0,0,0,21483041,9.05
29/07/2019,2000,42000000,20.95(-1.41 %),2000,42000000,0,0,21481041,9.06
30/07/2019,9420,197750000,20.4(-2.63 %),18000,377500000,8580,179750000,21464722,9.09
31/07/2019,-16400,-336640000,20.05(-1.72 %),500,10100000,16900,346740000,21464222,9.09
01/08/2019,-32160,-686933000,21.45(6.98 %),0,0,32160,686933000,21464222,9.09
02/08/2019,-15100,-336060500,22.95(6.99 %),500,11470000,15600,347530500,21479322,9.06
05/08/2019,-4700,-111790000,23.9(4.14 %),1000,24500000,5700,136290000,21488202,9.04
06/08/2019,0,0,23.7(-0.84 %),0,0,0,0,21520362,8.98
07/08/2019,-4440,-104424000,23.9(0.84 %),900,21600000,5340,126024000,21488462,9.04
08/08/2019,610,14590000,24.65(3.14 %),610,14590000,0,0,21540152,8.95
09/08/2019,-1000,-24650000,24.9(1.01 %),0,0,1000,24650000,21540152,8.95
12/08/2019,0,0,24.05(-3.41 %),0,0,0,0,21545492,8.94
13/08/2019,-880,-21120000,24.2(0.62 %),0,0,880,21120000,21545492,8.94
14/08/2019,-10620,-259130000,23.6(-2.48 %),0,0,10620,259130000,21546492,8.94
15/08/2019,21000,483200000,23.35(-1.06 %),21000,483200000,0,0,21525492,8.97
16/08/2019,0,0,23.9(2.36 %),0,0,0,0,21526372,8.97
19/08/2019,4600,110860000,23.9(0.00 %),4600,110860000,0,0,21532392,8.96
20/08/2019,200,4910000,24.7(3.35 %),500,12250000,300,7340000,21531892,8.96
21/08/2019,0,0,24.7(0.00 %),0,0,0,0,21474552,9.07
22/08/2019,24050,595540000,24.75(0.20 %),24050,595540000,0,0,21507842,9.01
23/08/2019,43000,1061400000,24.75(0.00 %),43000,1061400000,0,0,21407502,9.19
26/08/2019,-10000,-242711000,24.5(-1.01 %),0,0,10000,242711000,21417502,9.18
27/08/2019,19950,488080000,24.05(-1.84 %),30000,735000000,10050,246920000,21397552,9.21
28/08/2019,-28000,-667050000,23.35(-2.91 %),0,0,28000,667050000,21435142,9.14
29/08/2019,-9000,-211640000,23.6(1.07 %),4800,112300000,13800,323940000,21440342,9.13
30/08/2019,-80,-1888000,23.35(-1.06 %),1420,33512000,1500,35400000,21434632,9.14
03/09/2019,30360,698410000,22.5(-3.64 %),30360,698410000,0,0,21446612,9.12
04/09/2019,1290,28405000,22.05(-2.00 %),1390,30640000,100,2235000,21475682,9.07
05/09/2019,0,0,22.3(1.13 %),0,0,0,0,21460522,9.1
06/09/2019,35000,769401000,21.9(-1.79 %),35000,769401000,0,0,21440682,9.13
09/09/2019,700,14470000,22.15(1.14 %),5000,109500000,4300,95030000,21439982,9.13
10/09/2019,3000,66000000,21.7(-2.03 %),3000,66000000,0,0,21436982,9.14
11/09/2019,1650,35650000,22.1(1.84 %),1650,35650000,0,0,21435332,9.14
12/09/2019,0,0,21.9(-0.90 %),0,0,0,0,21435332,9.14
13/09/2019,1900,43300000,22.5(2.74 %),3000,67500000,1100,24200000,21417272,9.18
16/09/2019,4490,100980000,22.25(-1.11 %),4490,100980000,0,0,21412782,9.18
17/09/2019,22450,493850000,22.25(0.00 %),23450,515900000,1000,22050000,21406492,9.2
18/09/2019,0,0,22.1(-0.67 %),0,0,0,0,21406492,9.2
19/09/2019,100,2210000,22.3(0.90 %),100,2210000,0,0,21406392,9.2
20/09/2019,-10000,-221510000,22.2(-0.45 %),0,0,10000,221510000,21391332,9.22
23/09/2019,0,0,22(-0.90 %),0,0,0,0,21416392,9.18
24/09/2019,0,0,22.05(0.23 %),0,0,0,0,21391332,9.22
25/09/2019,-980,-21707000,22.05(0.00 %),0,0,980,21707000,21417372,9.18
26/09/2019,21430,460530000,21.8(-1.13 %),32000,685600000,10570,225070000,21369332,9.27
27/09/2019,-14700,-323860000,21.5(-1.38 %),500,10800000,15200,334660000,21410642,9.19
30/09/2019,280,5940000,21.1(-1.86 %),280,5940000,0,0,21369532,9.26
01/10/2019,6120,135330500,21.5(1.90 %),17340,372072500,11220,236742000,21380102,9.25
02/10/2019,17000,371350000,21.95(2.09 %),17000,371350000,0,0,21360962,9.28
03/10/2019,0,0,22.1(0.68 %),0,0,0,0,21363102,9.28
04/10/2019,0,0,21.85(-1.13 %),0,0,0,0,21372182,9.26
07/10/2019,0,0,21.25(-2.75 %),0,0,0,0,21363102,9.28
08/10/2019,-10000,-212380000,21.3(0.24 %),0,0,10000,212380000,21372182,9.26
09/10/2019,9700,208430000,21.2(-0.47 %),9700,208430000,0,0,21363402,9.28
10/10/2019,5000,106000000,21.6(1.89 %),5000,106000000,0,0,21358402,9.29
11/10/2019,0,0,21.55(-0.23 %),0,0,0,0,21367482,9.27
14/10/2019,-3810,-81715500,21.3(-1.16 %),190,4084500,4000,85800000,21362212,9.28
15/10/2019,0,0,21.3(0.00 %),0,0,0,0,21367292,9.27
16/10/2019,0,0,21.3(0.00 %),0,0,0,0,21367292,9.27
17/10/2019,0,0,21.25(-0.23 %),0,0,0,0,21362212,9.28
18/10/2019,100,2065000,20.8(-2.12 %),100,2065000,0,0,21362112,9.28
21/10/2019,500,10175000,20.2(-2.88 %),500,10175000,0,0,21361612,9.28
22/10/2019,-1600,-32130000,21(3.96 %),0,0,1600,32130000,21370692,9.26
23/10/2019,-10000,-209000000,20.8(-0.95 %),0,0,10000,209000000,21373212,9.26
24/10/2019,11700,242960000,20.7(-0.48 %),11700,242960000,0,0,21358992,9.28
25/10/2019,-22130,-450930000,20(-3.38 %),0,0,22130,450930000,21360592,9.28
28/10/2019,20000,400000000,20(0.00 %),20000,400000000,0,0,21363642,9.28
29/10/2019,-82080,-1614860000,19.05(-4.75 %),0,0,82080,1614860000,21350592,9.3
30/10/2019,0,0,19.35(1.57 %),0,0,0,0,21445722,9.12
31/10/2019,0,0,19(-1.81 %),0,0,0,0,21372722,9.26
01/11/2019,-16000,-300350000,18.55(-2.37 %),0,0,16000,300350000,21454802,9.11
04/11/2019,800,14884000,18.45(-0.54 %),800,14884000,0,0,21454002,9.11
05/11/2019,-3000,-54800000,18.25(-1.08 %),500,9080000,3500,63880000,21453502,9.11
06/11/2019,7100,118796000,18.8(3.01 %),21250,386231000,14150,267435000,21449902,9.12
07/11/2019,50,940000,18.3(-2.66 %),100,1860000,50,920000,21448152,9.12
08/11/2019,11500,205250000,17.9(-2.19 %),26500,470800000,15000,265550000,21425152,9.16
11/11/2019,-1550,-27120000,18.4(2.79 %),2000,35800000,3550,62920000,21437302,9.14
12/11/2019,-7280,-131281500,18.15(-1.36 %),0,0,7280,131281500,21447182,9.12
13/11/2019,-160,-2854500,17.7(-2.48 %),0,0,160,2854500,21447342,9.12
14/11/2019,-490,-8841000,17(-3.95 %),500,8650000,990,17491000,21447832,9.12
15/11/2019,-12890,-213654000,17.1(0.59 %),4410,74656500,17300,288310500,21460722,9.1
18/11/2019,-79310,-1326683000,16.95(-0.88 %),0,0,79310,1326683000,21540032,8.95
19/11/2019,500,8400000,17(0.29 %),500,8400000,0,0,21539532,8.95
20/11/2019,-200,-3540000,17.6(3.53 %),0,0,200,3540000,21539732,8.95
21/11/2019,530,9275000,17.6(0.00 %),530,9275000,0,0,21539202,8.95
22/11/2019,17490,309130000,17.1(-2.84 %),20000,352704000,2510,43574000,21521712,8.98
25/11/2019,41990,713830000,16.6(-2.92 %),42000,714000000,10,170000,21493205,9.03
26/11/2019,11610,196584500,17(2.41 %),14030,237462000,2420,40877500,21468112,9.08
27/11/2019,37000,631010000,17(0.00 %),37800,644610000,800,13600000,21443885,9.13
28/11/2019,20240,339032000,16.6(-2.35 %),20240,339032000,0,0,21410872,9.19
29/11/2019,26710,451318000,17(2.41 %),26710,451318000,0,0,21384162,9.24
02/12/2019,35500,603680000,16.9(-0.59 %),35500,603680000,0,0,21364665,9.27
03/12/2019,-300,-5010000,16.9(0.00 %),0,0,300,5010000,21400465,9.21
04/12/2019,-250,-4190000,16.9(0.00 %),0,0,250,4190000,21364665,9.27
05/12/2019,2760,46795500,16.9(0.00 %),3000,50850000,240,4054500,21397955,9.21
06/12/2019,1400,23260000,16.55(-2.07 %),1400,23260000,0,0,21396555,9.21
09/12/2019,780,12480000,16(-3.32 %),780,12480000,0,0,21395775,9.22
10/12/2019,3300,52020000,16.3(1.88 %),3300,52020000,0,0,21356973,9.29
11/12/2019,66600,1095160000,16.6(1.84 %),66600,1095160000,0,0,21290373,9.41
12/12/2019,52710,921910000,17.75(6.93 %),52710,921910000,0,0,21237663,9.51
13/12/2019,-500,-9249500,18.6(4.79 %),0,0,500,9249500,21273665,9.44
16/12/2019,-2860,-52410000,18.4(-1.08 %),2170,40440000,5030,92850000,21235493,9.51
17/12/2019,-2030,-36805500,17.8(-3.26 %),0,0,2030,36805500,21278555,9.43
18/12/2019,680,11930000,17.35(-2.53 %),680,11930000,0,0,21235313,9.51
19/12/2019,-12500,-224869000,17.85(2.88 %),10300,184190000,22800,409059000,21290375,9.41
20/12/2019,-15210,-272200000,17.6(-1.40 %),410,7370000,15620,279570000,21231663,9.52
23/12/2019,-2820,-50745500,17.3(-1.70 %),2560,45067000,5380,95812500,21308405,9.38
24/12/2019,3430,61089000,17.75(2.60 %),7140,126410500,3710,65321500,21304975,9.38
25/12/2019,-2970,-53180000,17.8(0.28 %),2190,38330000,5160,91510000,21258193,9.47
26/12/2019,12430,220680000,17.6(-1.12 %),16500,292670000,4070,71990000,21247073,9.49
27/12/2019,60210,1053830000,17.25(-1.99 %),72500,1268490000,12290,214660000,21178283,9.62
30/12/2019,50740,870980000,17.25(0.00 %),52010,892880000,1270,21900000,21131433,9.71
31/12/2019,25700,437270000,17(-1.45 %),26000,442450000,300,5180000,21109503,9.75
02/01/2020,50880,860270000,16.85(-0.88 %),50880,860270000,0,0,21070913,9.82
03/01/2020,26840,450070000,16.7(-0.89 %),32910,551910000,6070,101840000,21039273,9.88
06/01/2020,36690,588230000,15.65(-6.29 %),38520,617510000,1830,29280000,21058263,9.84
07/01/2020,-1740,-27273500,16.5(5.43 %),0,0,1740,27273500,21060003,9.84
08/01/2020,34290,545300000,15.85(-3.94 %),38140,606360000,3850,61060000,20968983,10.01
09/01/2020,-680,-10710000,15.5(-2.21 %),40,630000,720,11340000,20970773,10.01
10/01/2020,12800,197930000,15.1(-2.58 %),12800,197930000,0,0,20959713,10.03
13/01/2020,-7300,-108270000,15.5(2.65 %),2700,40100000,10000,148370000,20960863,10.02
14/01/2020,460,6940000,15.3(-1.29 %),500,7550000,40,610000,21020433,9.91
15/01/2020,0,0,15.3(0.00 %),0,0,0,0,21020433,9.91
16/01/2020,110,1660000,15.2(-0.65 %),110,1660000,0,0,20970967,10.01
17/01/2020,20000,303870000,15.35(0.99 %),20000,303870000,0,0,20951007,10.04
20/01/2020,2120,32240000,15.85(3.26 %),2120,32240000,0,0,20948887,10.05
21/01/2020,5550,90650000,16.55(4.42 %),5550,90650000,0,0,20943337,10.06
22/01/2020,800,13700000,17.05(3.02 %),800,13700000,0,0,20942537,10.06
30/01/2020,-2130,-35100000,16.4(-3.81 %),0,0,2130,35100000,20942537,10.06
31/01/2020,3990,63042000,16(-2.44 %),5000,79500000,1010,16458000,20940677,10.06
03/02/2020,2600,38819500,15.05(-5.94 %),7350,110397500,4750,71578000,20937537,10.07
04/02/2020,-3130,-47110000,15.1(0.33 %),0,0,3130,47110000,20932317,10.08
05/02/2020,4800,72330000,15.3(1.32 %),9360,141430000,4560,69100000,20923967,10.09
06/02/2020,21050,328864500,15.85(3.59 %),21050,328864500,0,0,20914817,10.11
07/02/2020,17740,282670000,16.4(3.47 %),17740,282670000,0,0,20893057,10.15
10/02/2020,20,-120000,15.8(-3.66 %),3100,49670000,3080,49790000,20894517,10.15
11/02/2020,16670,267794000,16.65(5.38 %),19160,307136000,2490,39342000,20880387,10.17
12/02/2020,3510,61582500,16.95(1.80 %),24180,413433000,20670,351850500,20876877,10.18
13/02/2020,-4370,-72690000,16.6(-2.06 %),0,0,4370,72690000,20881247,10.17
14/02/2020,25700,439023500,17.15(3.31 %),30700,524773500,5000,85750000,20855547,10.22
17/02/2020,-3980,-74230000,18(4.96 %),5540,95590000,9520,169820000,20841177,10.25
18/02/2020,-7380,-132995000,17.55(-2.50 %),18000,323822000,25380,456817000,20866907,10.2
19/02/2020,2280,42010000,17.85(1.71 %),13420,238460000,11140,196450000,20819127,10.29
20/02/2020,-6120,-94268000,19.05(6.72 %),18880,358232000,25000,452500000,20870747,10.19
21/02/2020,97970,1875770000,19.1(0.26 %),138410,2657110000,40440,781340000,20696737,10.52
24/02/2020,50500,937140000,17.8(-6.81 %),63790,1184310000,13290,247170000,20644087,10.61
25/02/2020,125530,2234130000,18.3(2.81 %),144110,2555570000,18580,321440000,20524977,10.84
26/02/2020,56800,1037030000,18.5(1.09 %),60000,1095830000,3200,58800000,20505417,10.87
27/02/2020,35200,668702500,19.15(3.51 %),40000,758702500,4800,90000000,20504747,10.87
28/02/2020,-26560,-502933500,19.65(2.61 %),7450,141152500,34010,644086000,20531307,10.82
02/03/2020,-15400,-317170000,20.5(4.33 %),5000,101000000,20400,418170000,20488037,10.9
03/03/2020,24200,492730000,20.55(0.24 %),29700,606510000,5500,113780000,20463137,10.95
04/03/2020,-18840,-394880000,20.7(0.73 %),890,18470000,19730,413350000,20496257,10.89
05/03/2020,0,0,20.3(-1.93 %),0,0,0,0,20516657,10.85
06/03/2020,540,10440000,20.3(0.00 %),5100,101750000,4560,91310000,20517057,10.85
09/03/2020,4720,89100000,18.9(-6.90 %),5000,94500000,280,5400000,20531787,10.82
10/03/2020,11240,201104000,17.65(-6.61 %),17740,316694000,6500,115590000,20466177,10.94
11/03/2020,9200,155480000,16.9(-4.25 %),9810,165789000,610,10309000,20456977,10.96
12/03/2020,3800,60150000,15.75(-6.80 %),3800,60150000,0,0,20505275,10.87
13/03/2020,23130,348150000,16.35(3.81 %),23580,354770000,450,6620000,20488195,10.9
16/03/2020,-7300,-112364000,15.25(-6.73 %),200,3070000,7500,115434000,20437347,11.0
17/03/2020,9130,129137500,15.2(-0.33 %),12500,177750000,3370,48612500,20428217,11.02
18/03/2020,-20480,-318330000,15.2(0.00 %),7500,114750000,27980,433080000,20469055,10.94
19/03/2020,2710,39160000,14.8(-2.63 %),2710,39160000,0,0,20473845,10.93
20/03/2020,-226930,-3260300000,14.5(-2.03 %),6860,98580000,233790,3358880000,20470355,10.94
23/03/2020,-88210,-1192310000,13.5(-6.90 %),0,0,88210,1192310000,20498335,10.88
24/03/2020,-215630,-2717501000,12.6(-6.67 %),8720,110430000,224350,2827931000,20999947,9.95
25/03/2020,337340,4496262500,13.2(4.76 %),355040,4729941000,17700,233678500,20662607,10.58
26/03/2020,8280,108799500,12.6(-4.55 %),8480,111419500,200,2620000,20654327,10.59
27/03/2020,17850,215937000,12.3(-2.38 %),23570,287634000,5720,71697000,20636477,10.63
30/03/2020,10990,126735500,12.2(-0.81 %),16000,184100000,5010,57364500,20625487,10.65
31/03/2020,-18380,-222694000,12.2(0.00 %),100,1190000,18480,223884000,20643867,10.61
01/04/2020,-9160,-111418000,12.35(1.23 %),0,0,9160,111418000,20656395,10.59
03/04/2020,38330,495440000,13.1(6.07 %),54330,694690000,16000,199250000,20607075,10.68
06/04/2020,-29140,-403476500,13.7(4.58 %),10860,148523500,40000,552000000,20647205,10.61
07/04/2020,-1410,-18823500,13.35(-2.55 %),100,1335000,1510,20158500,20648615,10.61
08/04/2020,-58390,-763217500,13.1(-1.87 %),8200,106721500,66590,869939000,20707005,10.5
09/04/2020,12920,173550000,14(6.87 %),12920,173550000,0,0,20658635,10.59
10/04/2020,-131050,-1915550000,14.6(4.29 %),0,0,131050,1915550000,20825135,10.28
13/04/2020,10480,156337500,15.05(3.08 %),10480,156337500,0,0,20814655,10.3
14/04/2020,3630,60385000,14.65(-2.66 %),25920,389488500,22290,329103500,20811025,10.3
15/04/2020,620,9740000,15(2.39 %),1980,29900000,1360,20160000,20819405,10.29
16/04/2020,32400,488193000,15.5(3.33 %),32800,494393000,400,6200000,20778005,10.36
17/04/2020,10480,166798500,15.8(1.94 %),10480,166798500,0,0,20767525,10.38
20/04/2020,0,0,16.9(6.96 %),0,0,0,0,20799775,10.32
21/04/2020,-31230,-553800000,17.7(4.73 %),0,0,31230,553800000,20800175,10.32
22/04/2020,-6710,-117387500,18.9(6.78 %),24330,445164500,31040,562552000,20805465,10.31
23/04/2020,-21520,-425590000,18.6(-1.59 %),3000,58400000,24520,483990000,20772845,10.37
24/04/2020,33340,607040000,18.35(-1.34 %),33340,607040000,0,0,20770735,10.38
27/04/2020,-33680,-634020000,18.7(1.91 %),4280,80030000,37960,714050000,20797495,10.33
28/04/2020,16110,294020000,18.3(-2.14 %),21090,385150000,4980,91130000,20800925,10.32
29/04/2020,35040,637170000,18.5(1.09 %),37040,673770000,2000,36600000,20763885,10.39
04/05/2020,15910,293841500,17.7(-4.32 %),15910,293841500,0,0,20801845,10.32
05/05/2020,102860,1862734000,18.3(3.39 %),102860,1862734000,0,0,20698985,10.51
06/05/2020,35460,662462500,18.85(3.01 %),45460,850462500,10000,188000000,20663525,10.58
07/05/2020,-28380,-541250500,19.2(1.86 %),1290,25090500,29670,566341000,20691905,10.52
08/05/2020,-52210,-1053560000,20.05(4.43 %),16200,329110000,68410,1382670000,20627105,10.65
11/05/2020,56460,1162340000,20.8(3.74 %),56460,1162340000,0,0,20580645,10.73
12/05/2020,25980,539571000,20.6(-0.96 %),26080,541596000,100,2025000,20661675,10.58
13/05/2020,48490,1014030000,20.7(0.49 %),48590,1016120000,100,2090000,20604055,10.69
14/05/2020,2900,70483500,20.2(-2.42 %),25900,541431000,23000,470947500,20610285,10.68
15/05/2020,-10330,-202410000,19.45(-3.71 %),6140,120150000,16470,322560000,20572108,10.75
18/05/2020,34480,690170000,20.4(4.88 %),34980,700220000,500,10050000,20537228,10.81
19/05/2020,-21840,-451510000,20.1(-1.47 %),2510,52480000,24350,503990000,20557718,10.77
20/05/2020,4530,91730000,20.4(1.49 %),4530,91730000,0,0,20569658,10.75
21/05/2020,-49520,-1004550000,20.4(0.00 %),50100,1035960000,99620,2040510000,20520058,10.84
22/05/2020,-144150,-3008200000,21.8(6.86 %),45730,987080000,189880,3995280000,20498678,10.88
25/05/2020,-237180,-5182610000,23.15(6.19 %),24260,557480000,261440,5740090000,20474418,10.93
26/05/2020,-670,-15510000,22.8(-1.51 %),21460,492840000,22130,508350000,20552578,10.78
27/05/2020,-252850,-5801959500,22(-3.51 %),2060,46962000,254910,5848921500,21287815,9.42
28/05/2020,88490,1989600000,22.65(2.95 %),93890,2111640000,5400,122040000,20907948,10.12
29/05/2020,40490,941030000,24.2(6.84 %),120560,2769890000,80070,1828860000,20809518,10.31
01/06/2020,58340,1515138500,25.65(5.99 %),81720,2096668000,23380,581529500,21064428,9.83
02/06/2020,420460,10553590000,24.8(-3.31 %),452100,11345590000,31640,792000000,20536008,10.81
03/06/2020,203900,5286480000,26.5(6.85 %),208900,5411980000,5000,125500000,20407178,11.05
04/06/2020,64610,1801174000,27.5(3.77 %),64610,1801174000,0,0,20375458,11.11
05/06/2020,-10380,-282610000,27.4(-0.36 %),0,0,10380,282610000,20397588,11.07
08/06/2020,18640,522697500,27.65(0.91 %),43860,1207924000,25220,685226500,20356818,11.15
09/06/2020,131260,3767150000,28.7(3.80 %),144960,4160620000,13700,393470000,20213768,11.41
10/06/2020,17970,528097500,28.8(0.35 %),23170,676960000,5200,148862500,20338848,11.18
11/06/2020,-89370,-2480580000,26.8(-6.94 %),10200,288110000,99570,2768690000,20215998,11.41
12/06/2020,-26760,-660539000,24.95(-6.90 %),22680,577468000,49440,1238007000,20454978,10.97
15/06/2020,-41920,-1004370000,23.25(-6.81 %),2890,70440000,44810,1074810000,20209328,11.42
16/06/2020,63690,1539550000,24.1(3.66 %),92840,2217150000,29150,677600000,20216058,11.41
17/06/2020,-49150,-1178730000,23.95(-0.62 %),3100,75250000,52250,1253980000,20262398,11.32
18/06/2020,48700,1161312500,24.15(0.84 %),67560,1610373500,18860,449061000,20433658,11.01
19/06/2020,63480,1563480000,24.9(3.11 %),63480,1563480000,0,0,20205318,11.43
22/06/2020,-2710,-68250000,25.9(4.02 %),9890,254470000,12600,322720000,20247678,11.35
23/06/2020,-114680,-2900020000,25.05(-3.28 %),4840,122622500,119520,3022642500,20487568,10.9
24/06/2020,-41790,-1011060000,23.8(-4.99 %),1620,40540000,43410,1051600000,20260078,11.33
25/06/2020,-5300,-125434000,24.35(2.31 %),1020,23870000,6320,149304000,20534658,10.82
26/06/2020,-68730,-1672737000,24(-1.44 %),0,0,68730,1672737000,20603388,10.69
29/06/2020,-37440,-860710000,22.35(-6.87 %),5200,118530000,42640,979240000,20429388,11.01
30/06/2020,-66390,-1646953800,21.25(-4.92 %),2340,25783200,68730,1672737000,20733308,10.45
01/07/2020,48900,1073260000,22.7(6.82 %),48900,1073260000,0,0,20453198,10.97
02/07/2020,3380,76880000,22.95(1.10 %),8320,191982000,4940,115102000,20498718,10.88
03/07/2020,-3360,-73753000,22.8(-0.65 %),31130,715137000,34490,788890000,20502078,10.88
06/07/2020,-7820,-178675500,23.7(3.95 %),3310,77255000,11130,255930500,20509898,10.86
07/07/2020,-45730,-1115198000,24.1(1.69 %),5900,142631000,51630,1257829000,20555628,10.78
08/07/2020,-1740,-41521000,24.2(0.41 %),15720,377024000,17460,418545000,20557368,10.77
09/07/2020,6130,151121000,25(3.31 %),8130,201421000,2000,50300000,20551238,10.79
10/07/2020,38830,977289500,24.85(-0.60 %),78020,1947730000,39190,970440500,20512408,10.86
13/07/2020,-107870,-2668380000,24.5(-1.41 %),4620,116490000,112490,2784870000,20696478,10.52
14/07/2020,-84130,-2061470000,24.5(0.00 %),8830,216400000,92960,2277870000,20689648,10.53
15/07/2020,-88330,-2175142000,24.65(0.61 %),35870,886534500,124200,3061676500,20792738,10.34
16/07/2020,-89340,-2188990000,24.45(-0.81 %),6320,155280000,95660,2344270000,20799138,10.33
17/07/2020,-202920,-5048943000,25.15(2.86 %),34330,855309500,237250,5904252500,21084998,9.79
20/07/2020,-160020,-4046700000,25.45(1.19 %),9000,228150000,169020,4274850000,20972968,10.0
21/07/2020,-29160,-735624000,25.45(0.00 %),3250,82474000,32410,818098000,21274178,9.44
22/07/2020,-14520,-364435500,24.45(-3.93 %),6920,172201500,21440,536637000,21288698,9.42
23/07/2020,-51170,-1211780000,24(-1.84 %),52830,1257630000,104000,2469410000,21411898,9.19
24/07/2020,32530,740870000,22.35(-6.87 %),32530,740870000,0,0,21411778,9.19
27/07/2020,100850,2143600000,20.8(-6.94 %),105850,2251100000,5000,107500000,21327368,9.34
28/07/2020,47040,1027390000,22(5.77 %),108410,2308970000,61370,1281580000,21322958,9.35
29/07/2020,7650,165960000,20.6(-6.36 %),16100,339190000,8450,173230000,21306858,9.38
30/07/2020,-7920,-165780000,20.8(0.97 %),4100,84870000,12020,250650000,21307758,9.38
31/07/2020,-275940,-5586990000,20(-3.85 %),1050,21360000,276990,5608350000,21368078,9.27
03/08/2020,46510,976390000,21.4(7.00 %),55600,1164770000,9090,188380000,21320928,9.36
04/08/2020,-43800,-989655500,22.7(6.07 %),24260,550418500,68060,1540074000,21420328,9.17
05/08/2020,-23780,-545544000,23.2(2.20 %),3480,79811500,27260,625355500,21444108,9.13
06/08/2020,-3490,-81630000,23.3(0.43 %),1120,26310000,4610,107940000,21590168,8.85
07/08/2020,-29120,-700080000,24.2(3.86 %),1000,24100000,30120,724180000,21657228,8.73
10/08/2020,-63100,-1544910000,24.2(0.00 %),220,5390000,63320,1550300000,21684268,8.68
11/08/2020,-27530,-661190000,24.1(-0.41 %),4700,113510000,32230,774700000,21684178,8.68
12/08/2020,-6030,-144160500,24.2(0.41 %),11540,277541000,17570,421701500,21573378,8.89
13/08/2020,91980,2338730000,25.85(6.82 %),102780,2606670000,10800,267940000,21663298,8.72
14/08/2020,-61530,-1614230000,26.45(2.32 %),5000,130050000,66530,1744280000,21690528,8.67
17/08/2020,4470,124401000,26.55(0.38 %),14870,392356000,10400,267955000,21538458,8.95
18/08/2020,155510,4125240000,26.55(0.00 %),175000,4642330000,19490,517090000,21529028,8.97
19/08/2020,554180,14894498000,26.8(0.94 %),556780,14964468000,2600,69970000,20828768,10.27
20/08/2020,531860,14154740000,26.5(-1.12 %),600200,15971850000,68340,1817110000,20448978,10.98
21/08/2020,402140,11122471500,27.85(5.09 %),402640,11136171500,500,13700000,19894768,12.01
24/08/2020,303950,8645640000,28.3(1.62 %),312350,8884200000,8400,238560000,19756078,12.26
25/08/2020,185240,5241403000,28.05(-0.88 %),200000,5660472500,14760,419069500,19405578,12.92
26/08/2020,18700,524970000,28(-0.18 %),21700,608830000,3000,83860000,19603218,12.55
27/08/2020,-87200,-2490980000,28.65(2.32 %),10880,311250000,98080,2802230000,19600738,12.55
28/08/2020,-69520,-1973570000,27.7(-3.32 %),0,0,69520,1973570000,19615498,12.53
31/08/2020,34680,942620000,27(-2.53 %),37020,1006000000,2340,63380000,19581478,12.59
01/09/2020,92070,2546980000,27.95(3.52 %),92070,2546980000,0,0,19679558,12.41
03/09/2020,-56120,-1552862000,27.6(-1.25 %),0,0,56120,1552862000,19735678,12.3
04/09/2020,445060,12595534000,28.4(2.90 %),445060,12595534000,0,0,19290618,13.13
07/09/2020,574130,16897104500,29.45(3.70 %),575630,16940154500,1500,43050000,18716488,14.2
08/09/2020,143990,4318615000,29.8(1.19 %),154830,4642310000,10840,323695000,18572498,14.47
09/09/2020,33330,989610000,30.5(2.35 %),55530,1654160000,22200,664550000,18484418,14.63
10/09/2020,-36560,-1105090000,29.8(-2.30 %),5790,172450000,42350,1277540000,18480128,14.64
11/09/2020,16930,507110000,29.9(0.34 %),16930,507110000,0,0,18558798,14.49
14/09/2020,71420,2211210000,31(3.68 %),74720,2311560000,3300,100350000,18421518,14.75
15/09/2020,-13890,-423025000,30.6(-1.29 %),14850,463267000,28740,886292000,18501268,14.6
16/09/2020,-29790,-914200000,30.65(0.16 %),940,28990000,30730,943190000,18448078,14.7
17/09/2020,-32260,-979145000,30.5(-0.49 %),300,9250000,32560,988395000,18563318,14.48
18/09/2020,40330,1252290000,31.3(2.62 %),41330,1283340000,1000,31050000,18438488,14.71
21/09/2020,-28330,-880040000,30.8(-1.60 %),21670,686420000,50000,1566460000,18447548,14.7
22/09/2020,-11050,-330467000,30.15(-2.11 %),6880,209634500,17930,540101500,18562368,14.48
23/09/2020,52330,1589880000,31.2(3.48 %),66700,2018780000,14370,428900000,18407528,14.77
24/09/2020,4940,157490000,30.75(-1.44 %),42120,1299350000,37180,1141860000,18415408,14.76
25/09/2020,-22420,-687320000,30.65(-0.33 %),39500,1204430000,61920,1891750000,18393838,14.8
28/09/2020,17810,552341500,30.6(-0.16 %),21610,669846500,3800,117505000,18509708,14.58
29/09/2020,-130820,-3979510000,30.05(-1.80 %),7800,236780000,138620,4216290000,18415978,14.76
30/09/2020,33430,1016857000,30.35(1.00 %),33430,1016857000,0,0,18607098,14.4
01/10/2020,-10710,-326660000,30.5(0.49 %),900,27660000,11610,354320000,18447368,14.7
02/10/2020,-39180,-1193180000,31.1(1.97 %),30,920000,39210,1194100000,18585958,14.44
05/10/2020,70730,2305767500,32.75(5.31 %),127940,4171481000,57210,1865713500,18416718,14.76
06/10/2020,-26430,-856419500,32.45(-0.92 %),13250,430869000,39680,1287288500,18443148,14.71
07/10/2020,-1820,-54777000,31.9(-1.69 %),8430,272824500,10250,327601500,18444968,14.7
08/10/2020,-41780,-1303740000,31(-2.82 %),3600,113470000,45380,1417210000,18540768,14.52
09/10/2020,6460,204400000,31.2(0.65 %),15060,473134000,8600,268734000,18480288,14.64
12/10/2020,-20730,-632080000,30.35(-2.72 %),22690,707070000,43420,1339150000,18552948,14.5
13/10/2020,8750,264516500,30(-1.15 %),15710,474154500,6960,209638000,18492268,14.61
14/10/2020,25370,772847000,30.95(3.17 %),26370,802997000,1000,30150000,18466898,14.66
15/10/2020,24260,741421500,30.25(-2.26 %),25860,790291500,1600,48870000,18442638,14.71
16/10/2020,42950,1333022500,31(2.48 %),42950,1333022500,0,0,18399688,14.79
19/10/2020,24510,774391500,31.6(1.94 %),25310,799591500,800,25200000,18375178,14.83
20/10/2020,17460,551090000,31.3(-0.95 %),19260,607750000,1800,56660000,18504448,14.59
21/10/2020,61890,1874090000,30.1(-3.83 %),102210,3103930000,40320,1229840000,18402238,14.78
22/10/2020,-3040,-89926500,30.3(0.66 %),4740,142900500,7780,232827000,18298868,14.97
23/10/2020,1360,41080000,30.35(0.17 %),1860,56380000,500,15300000,18398238,14.79
26/10/2020,-16210,-480719000,28.8(-5.11 %),6500,196456500,22710,677175500,18313718,14.95
27/10/2020,-33170,-810100000,24(-16.67 %),6720,163330000,39890,973430000,18433118,14.72
28/10/2020,-97390,-2266340000,22.35(-6.87 %),1750,40020000,99140,2306360000,18431868,14.73
29/10/2020,63800,1443033500,22.85(2.24 %),63800,1443033500,0,0,18380478,14.82
30/10/2020,-207450,-4750450000,22.9(0.22 %),6200,141680000,213650,4892130000,18424468,14.74
02/11/2020,-70980,-1627121500,22.9(0.00 %),24020,549928500,95000,2177050000,18523608,14.56
03/11/2020,-244800,-5739273500,23.65(3.28 %),39530,924690500,284330,6663964000,18768408,14.1
04/11/2020,1880,46440000,25(5.71 %),2040,50410000,160,3970000,18671668,14.28
05/11/2020,-45570,-1120890000,24.55(-1.80 %),290,7190000,45860,1128080000,18766378,14.11
06/11/2020,-11510,-282654500,24.55(0.00 %),10380,253272500,21890,535927000,18823608,14.0
09/11/2020,25160,637171500,25.8(5.09 %),26160,662396500,1000,25225000,18798448,14.05
10/11/2020,-40420,-1036251500,25.4(-1.55 %),0,0,40420,1036251500,18838868,13.97
11/11/2020,4900,124102500,25.55(0.59 %),5300,134242500,400,10140000,18833968,13.98
12/11/2020,-8960,-228453000,25.55(0.00 %),310,7892500,9270,236345500,18842928,13.96
13/11/2020,22190,583084500,26.4(3.33 %),37800,993686000,15610,410601500,18820738,14.0
16/11/2020,4600,121310000,26.05(-1.33 %),6120,161210000,1520,39900000,19074359,13.53
17/11/2020,24750,652850000,26.4(1.34 %),24750,652850000,0,0,19058879,13.56
18/11/2020,72320,1971181000,27.3(3.41 %),72320,1971181000,0,0,18719068,14.19
19/11/2020,15410,430383000,27.85(2.01 %),17750,495313500,2340,64930500,18703658,14.22
20/11/2020,10930,301640000,27.45(-1.44 %),10930,301640000,0,0,18975009,13.72
23/11/2020,-74080,-2021369500,27.15(-1.09 %),9800,268800500,83880,2290170000,18766808,23.84
24/11/2020,-208280,-5531170000,26.5(-2.39 %),40360,1077830000,248640,6609000000,22586793,13.96
25/11/2020,-72240,-1922610000,26.45(-0.19 %),17960,479590000,90200,2402200000,22568833,13.99
26/11/2020,-75120,-1991310000,26.45(0.00 %),0,0,75120,1991310000,22652713,13.86
27/11/2020,-114660,-3074110000,27.3(3.21 %),44850,1203220000,159510,4277330000,22856503,13.55
30/11/2020,-50040,-1345150000,26.8(-1.83 %),53960,1476230000,104000,2821380000,22892743,13.49
01/12/2020,-111850,-2994520000,27(0.75 %),20560,549480000,132410,3544000000,22947303,13.41
02/12/2020,128740,3462750500,26.85(-0.56 %),128740,3462750500,0,0,22839123,13.57
03/12/2020,123820,3378570000,27.3(1.68 %),129020,3520980000,5200,142410000,22953053,13.4
04/12/2020,-17460,-467320000,26.9(-1.47 %),7860,211350000,25320,678670000,23077603,13.2
07/12/2020,169410,4771968000,28.75(6.88 %),170820,4810430000,1410,38462000,22563353,14.0
08/12/2020,21420,619250000,28.7(-0.17 %),70200,2026770000,48780,1407520000,22841783,13.57
09/12/2020,29790,867410000,28.9(0.70 %),36860,1072630000,7070,205220000,22830243,13.59
10/12/2020,33110,955200000,27.8(-3.81 %),46560,1340100000,13450,384900000,22785093,13.66
11/12/2020,34750,985880000,29(4.32 %),50670,1435030000,15920,449150000,22783203,13.66
14/12/2020,70180,2136480000,30.45(5.00 %),90460,2750710000,20280,614230000,22699813,13.79
15/12/2020,19280,585330000,29.9(-1.81 %),44330,1339120000,25050,753790000,22668933,13.84
16/12/2020,40690,1220490000,30.05(0.50 %),50160,1504850000,9470,284360000,22634701,13.89
17/12/2020,33670,1012929500,30.1(0.17 %),49160,1481312500,15490,468383000,22280463,14.44
18/12/2020,-1480,-42790000,30.35(0.83 %),11060,334760000,12540,377550000,22619799,13.91
21/12/2020,-11980,-365520000,30.7(1.15 %),34710,1067130000,46690,1432650000,22594559,13.95
22/12/2020,22280,686200560,31.95(4.07 %),29830,922983660,7550,236783100,22271643,14.45
23/12/2020,-75250,-2386770000,30.9(-3.29 %),6510,208410000,81760,2595180000,22586249,13.97
24/12/2020,-94510,-2806787000,30.8(-0.32 %),1410,42941000,95920,2849728000,22441403,14.19
25/12/2020,-30300,-935970000,31.05(0.81 %),38700,1189420000,69000,2125390000,22600379,13.94
28/12/2020,-110280,-3480940000,31.5(1.45 %),29220,927010000,139500,4407950000,23877922,13.34
29/12/2020,39020,1243290000,31.85(1.11 %),43490,1384491000,4470,141201000,22542963,15.93
30/12/2020,-44270,-1393500000,31.3(-1.73 %),500,15780000,44770,1409280000,23998852,13.16
31/12/2020,44910,1420378500,31.75(1.44 %),63270,1994481500,18360,574103000,23953942,13.23
04/01/2021,89400,2963150000,33.2(4.57 %),93900,3113760000,4500,150610000,23985652,13.18
05/01/2021,8210,2755000000,34.5(3.92 %),8240,2765350000,30,10350000,23948022,13.24
06/01/2021,-12900,-440435000,34.3(-0.58 %),6600,227080000,19500,667515000,23916452,13.29
07/01/2021,86000,2945260000,34.4(0.29 %),86000,2945260000,0,0,23830452,13.42
08/01/2021,-10800,-351415000,34.45(0.15 %),29100,1021355000,39900,1372770000,23841252,13.4
11/01/2021,-85500,-2943970000,34.45(0.00 %),26900,930895000,112400,3874865000,23926752,13.27
12/01/2021,23800,837325000,34.65(0.58 %),33800,1178825000,10000,341500000,23902952,13.31
13/01/2021,18600,650935000,34.55(-0.29 %),22900,799890000,4300,148955000,23884352,13.33
14/01/2021,33000,1153900000,34.9(1.01 %),55400,1920370000,22400,766470000,23851352,13.38
15/01/2021,4870,1753340000,35.5(1.72 %),4970,1789080000,100,35740000,23842516,13.4
18/01/2021,4400,157485000,34.9(-1.69 %),21400,752930000,17000,595445000,23798252,13.46
19/01/2021,-3930,-1299460000,32.5(-6.88 %),1500,491000000,5430,1790460000,23832816,13.41
20/01/2021,54600,1651785000,31.2(-4.00 %),71800,2183300000,17200,531515000,23782952,13.49
21/01/2021,-34800,-1087035000,32.5(4.17 %),31700,1002080000,66500,2089115000,23817752,12.22
22/01/2021,-5860,-1870210000,31.7(-2.46 %),240,76480000,6100,1946690000,23799051,13.46
25/01/2021,-73300,-2298520000,31.8(0.32 %),12000,375890000,85300,2674410000,23949652,13.24
26/01/2021,-71400,-2161280000,29.75(-6.45 %),1200,36770000,72600,2198050000,24021052,13.13
27/01/2021,40900,1155035000,28(-5.88 %),60200,1713890000,19300,558855000,23980152,13.19
28/01/2021,6370,1668900000,26.05(-6.96 %),6400,1676730000,30,7830000,23891691,13.32
29/01/2021,12100,287575000,26.5(1.73 %),62600,1585240000,50500,1297665000,23904352,13.31
01/02/2021,-9260,-2374680000,24.65(-6.98 %),2860,727900000,12120,3102580000,23892391,13.32
02/02/2021,46800,1161535000,25.8(4.67 %),58600,1458820000,11800,297285000,23874191,13.35
03/02/2021,-10610,-2846650000,27.5(6.59 %),1450,388070000,12060,3234720000,23870115,13.36
04/02/2021,-112500,-3121565000,27.4(-0.36 %),48500,1337225000,161000,4458790000,24092791,13.02
05/02/2021,-43800,-1227730000,29(5.84 %),38800,1079530000,82600,2307260000,24136591,12.96
08/02/2021,-14850,-4260120000,28.95(-0.17 %),70,20650000,14920,4280770000,24035715,13.11
09/02/2021,-35500,-1022165000,29.7(2.59 %),10400,303340000,45900,1325505000,24320591,12.68
17/02/2021,2000,74365000,31.45(5.89 %),42400,1311475000,40400,1237110000,24318591,12.69
18/02/2021,-12400,-391545000,31.45(0.00 %),30700,960725000,43100,1352270000,24330991,12.67
19/02/2021,-4300,-133080000,31.1(-1.11 %),100,3110000,4400,136190000,24335291,12.66
22/02/2021,-376800,-11793375000,31.5(1.29 %),400,12440000,377200,11805815000,24712091,12.1
23/02/2021,-32510,-10560470000,33.7(6.98 %),1170,389830000,33680,10950300000,24462263,12.47
24/02/2021,-31950,-10635570000,33.7(0.00 %),570,185840000,32520,10821410000,24460963,12.47
25/02/2021,-71900,-2363610000,33.6(-0.30 %),32600,1101520000,104500,3465130000,25428591,11.03
26/02/2021,-41700,-1392115000,34.2(1.79 %),42300,1451220000,84000,2843335000,25470291,10.97
01/03/2021,-19070,-6473010000,34.2(0.00 %),2200,746320000,21270,7219330000,25403263,11.07
02/03/2021,-558900,-18982260000,34.1(-0.29 %),26200,892470000,585100,19874730000,25984163,10.2
03/03/2021,-54900,-1892105000,35.45(3.96 %),45700,1621200000,100600,3513305000,26039063,10.12
04/03/2021,-7000,-223815000,34(-4.09 %),34600,1194880000,41600,1418695000,26046063,10.11
05/03/2021,19300,648235000,33.7(-0.88 %),26100,872275000,6800,224040000,26026763,10.14
08/03/2021,-11200,-365010000,33.9(0.59 %),46400,1566040000,57600,1931050000,26037963,10.12
09/03/2021,-12000,-391400000,33.5(-1.18 %),10300,345060000,22300,736460000,26049963,10.1
10/03/2021,-1530,-505630000,33.05(-1.34 %),150,49830000,1680,555460000,26347803,9.66
11/03/2021,-6300,-207770000,33.8(2.27 %),4200,140565000,10500,348335000,26071563,10.07
12/03/2021,18700,651760000,34.2(1.18 %),30000,1041440000,11300,389680000,26052863,10.1
15/03/2021,-36200,-1243250000,34.5(0.88 %),0,0,36200,1243250000,26089063,10.04
16/03/2021,-2930,-979100000,34(-1.45 %),2550,886920000,5480,1866020000,26395343,9.59
17/03/2021,-91000,-3056765000,33.7(0.00 %),1000,33450000,92000,3090215000,26209363,9.86
18/03/2021,-3150,-1059930000,33.85(0.45 %),20,6700000,3170,1066630000,26441578,9.52
19/03/2021,-12300,-414590000,34.2(1.03 %),1400,47325000,13700,461915000,26253163,9.8
22/03/2021,-420300,-14641505000,35.7(4.39 %),45600,1627780000,465900,16269285000,26673463,9.17
23/03/2021,-157800,-5524985000,34.4(-3.64 %),27600,976540000,185400,6501525000,26831263,8.93
24/03/2021,13900,474715000,34.35(-0.15 %),42000,1432240000,28100,957525000,26817363,8.96
25/03/2021,-83200,-2715905000,33.5(-2.47 %),38900,1303815000,122100,4019720000,26900563,8.83
26/03/2021,-94800,-3080075000,32.4(-3.28 %),4000,128350000,98800,3208425000,26995363,8.69
29/03/2021,-3700,-1204300000,32.9(1.54 %),290,94300000,3990,1298600000,27150714,8.46
30/03/2021,-26000,-843090000,32.35(-1.67 %),18000,586995000,44000,1430085000,27058363,8.6
31/03/2021,18500,595665000,32.35(0.00 %),20700,667385000,2200,71720000,27039863,8.62
01/04/2021,16600,542365000,32.8(1.39 %),18600,606565000,2000,64200000,27372814,8.13
02/04/2021,1920,636230000,32.9(0.30 %),2070,685510000,150,49280000,27377514,8.12
05/04/2021,-32700,-1067125000,32.4(-1.52 %),500,16385000,33200,1083510000,27386314,8.11
06/04/2021,4170,1338940000,32(-1.23 %),4300,1380610000,130,41670000,27338214,8.18
07/04/2021,-421100,-13327235000,31.75(-0.78 %),0,0,421100,13327235000,27765714,7.54
08/04/2021,-220400,-7082060000,32.15(1.26 %),0,0,220400,7082060000,27986114,7.21
09/04/2021,-312000,-9939590000,31.75(-1.24 %),800,25440000,312800,9965030000,28298114,6.74
12/04/2021,-757000,-23626790000,31.2(-1.73 %),0,0,757000,23626790000,29055114,5.61
13/04/2021,-37350,-11663960000,30.8(-1.28 %),20,6180000,37370,11670140000,28014714,7.17
14/04/2021,-143600,-4400130000,30.75(-0.16 %),16900,518825000,160500,4918955000,29572214,4.84
15/04/2021,-256900,-7783830000,29.8(-3.09 %),300,9130000,257200,7792960000,29829114,0.0
16/04/2021,-96200,-2732575000,29(-2.68 %),900,26150000,97100,2758725000,29925314,4.31
19/04/2021,-252900,-7293790000,30(3.45 %),14800,433770000,267700,7727560000,30178214,3.94
20/04/2021,-240500,-7137880000,29.3(-2.33 %),2000,60825000,242500,7198705000,30418714,3.58
22/04/2021,-327000,-9196815000,27.4(-6.48 %),4400,124125000,331400,9320940000,30745714,3.09
23/04/2021,-178700,-4864710000,27.6(0.73 %),73300,1992150000,252000,6856860000,30924414,2.82
26/04/2021,-9210,-2500610000,26.6(-3.62 %),450,121300000,9660,2621910000,30366106,3.66
27/04/2021,-9630,-2531030000,26.4(-0.75 %),740,195230000,10370,2726260000,30690106,3.17
28/04/2021,-5510,-1474410000,28.2(6.82 %),3600,983590000,9110,2458000000,30906114,2.85
29/04/2021,-5680,-1617160000,28.5(1.06 %),0,0,5680,1617160000,31002714,2.71
04/05/2021,-2300,-641490000,28(-1.75 %),450,125780000,2750,767270000,31101914,2.56
05/05/2021,15600,445060000,29(3.57 %),30600,875835000,15000,430775000,31090814,2.57
06/05/2021,-2730,-784870000,28.6(-1.38 %),40,11410000,2770,796280000,31218814,2.38
07/05/2021,-6800,-186080000,27.4(-4.20 %),1000,28150000,7800,214230000,31124914,2.52
10/05/2021,19600,537170000,27.3(-0.36 %),44700,1219855000,25100,682685000,31105314,2.55
11/05/2021,13700,382870000,27.7(1.47 %),14500,405145000,800,22275000,31091614,2.57
12/05/2021,-1500,-43835000,28.3(2.17 %),3000,83490000,4500,127325000,31093114,2.57
13/05/2021,-12200,-344220000,28(-1.06 %),0,0,12200,344220000,31105314,2.55
14/05/2021,-2330,-644520000,27.6(-1.43 %),0,0,2330,644520000,31259506,2.32
17/05/2021,-5420,-1457740000,26.9(-2.54 %),0,0,5420,1457740000,31264006,2.32
18/05/2021,-19300,-508600000,26.3(-2.23 %),0,0,19300,508600000,31202114,2.41
19/05/2021,-7700,-200175000,26.95(2.47 %),700,17930000,8400,218105000,31209814,2.4
20/05/2021,-4100,-108525000,26.55(-1.48 %),100,2640000,4200,111165000,31213914,2.39
21/05/2021,-30,-7530000,27.9(5.08 %),70,19720000,100,27250000,31371506,2.15
24/05/2021,-700,-19670000,28(0.36 %),0,0,700,19670000,31214914,2.39
25/05/2021,2400,68280000,28.7(2.50 %),2400,68280000,0,0,31212514,2.39
26/05/2021,700,19740000,28.3(-1.39 %),700,19740000,0,0,31211814,2.39
27/05/2021,610,169380000,28(-1.06 %),680,188560000,70,19180000,31375906,2.15
28/05/2021,-110,-30530000,28(0.00 %),0,0,110,30530000,31375906,2.15
31/05/2021,-1680,-459890000,27.8(-0.71 %),20,5470000,1700,465360000,31375706,2.15
01/06/2021,160,43860000,27.5(-1.08 %),730,200450000,570,156590000,31369106,2.16
02/06/2021,-7400,-201140000,27.35(-0.55 %),0,0,7400,201140000,31383806,2.14
03/06/2021,3890,1132510000,28.85(5.48 %),5670,1629590000,1780,497080000,31330506,2.22
04/06/2021,64200,1930960000,30.5(5.72 %),64400,1937000000,200,6040000,31280706,2.29
07/06/2021,-15800,-485360000,30.3(-0.66 %),1000,30400000,16800,515760000,31296506,2.27
08/06/2021,-5300,-151045000,28.4(-6.27 %),3500,105690000,8800,256735000,31301806,2.26
09/06/2021,-1500,-41730000,28.6(0.70 %),500,13970000,2000,55700000,31303306,2.26
10/06/2021,-46200,-1292995000,27.8(-2.80 %),0,0,46200,1292995000,31349506,2.19
11/06/2021,1490,421480000,28.6(2.88 %),1490,421480000,0,0,31302906,2.26
14/06/2021,8500,244950000,28.9(1.05 %),8500,244950000,0,0,31326106,2.22
15/06/2021,0,0,29.5(2.08 %),0,0,0,0,31342606,2.2
16/06/2021,21100,639565000,30.5(3.39 %),38800,1171675000,17700,532110000,31305006,2.25
17/06/2021,8400,255810000,30.95(1.48 %),8600,261930000,200,6120000,31296606,2.27
18/06/2021,-1330,-412010000,30.6(-1.13 %),140,43100000,1470,455110000,31293716,2.27
21/06/2021,40200,1217960000,30.9(0.98 %),69700,2134735000,29500,916775000,31269706,2.31
22/06/2021,-1100,-339670000,30.35(-1.78 %),0,0,1100,339670000,31241916,2.35
23/06/2021,-4800,-142600000,29.6(-2.47 %),0,0,4800,142600000,31285506,2.28
24/06/2021,920,272700000,29.15(-1.52 %),1170,345450000,250,72750000,31274416,2.3
25/06/2021,45400,1337465000,29.7(1.89 %),46800,1378625000,1400,41160000,31230906,2.36
28/06/2021,4990,1497020000,29.9(0.67 %),5000,1500000000,10,2980000,31193416,2.42
29/06/2021,-10800,-320140000,29.45(-1.51 %),800,23675000,11600,343815000,31191806,2.42
30/06/2021,1300,40315000,28.6(-2.89 %),5300,154715000,4000,114400000,31190506,2.43
01/07/2021,4550,1324090000,29(1.40 %),4600,1338550000,50,14460000,31145370,2.49
02/07/2021,-2930,-838870000,28.45(-1.90 %),440,126560000,3370,965430000,31152570,2.48
05/07/2021,55200,1360451700,28.35(-0.35 %),64100,1614288600,8900,253836900,31165470,2.46
06/07/2021,57200,1499135000,24.1(-14.99 %),99400,2603040000,42200,1103905000,31108270,2.55
07/07/2021,5600,1350590000,24.3(0.83 %),5800,1398390000,200,47800000,30969190,2.76
08/07/2021,1200,0,24.45(0.62 %),1200,0,0,0,31051070,2.63
09/07/2021,0,0,23.75(-2.86 %),0,0,0,0,31051070,2.63
12/07/2021,11210,2635310000,23.75(0.00 %),17050,3967680000,5840,1332370000,30850590,2.93
13/07/2021,-2500,-59705000,23.65(-0.42 %),8000,185560000,10500,245265000,30941470,2.8
14/07/2021,-1790,-413810000,23.2(-1.90 %),0,0,1790,413810000,30842590,2.94
15/07/2021,130600,3074820000,23.8(2.59 %),130600,3074820000,0,0,30828770,2.97
16/07/2021,0,0,23.7(-0.42 %),0,0,0,0,30780890,3.04
19/07/2021,113300,2637570000,23.15(-2.32 %),113300,2637570000,0,0,30715470,3.13
20/07/2021,-1170,-267620000,23.2(0.22 %),0,0,1170,267620000,30685490,3.18
21/07/2021,500,118750000,23.6(1.72 %),500,118750000,0,0,30680490,3.19
22/07/2021,97100,2331400000,24.2(2.54 %),103300,2479265000,6200,147865000,30625070,3.27
23/07/2021,200,4800000,23.45(-3.10 %),200,4800000,0,0,30624870,3.27
26/07/2021,12000,283040000,23.75(1.28 %),12000,283040000,0,0,30612870,3.29
27/07/2021,185500,4486310000,24.55(3.37 %),198700,4809300000,13200,322990000,30427370,3.56
28/07/2021,1500,37325000,24.85(1.22 %),2200,54620000,700,17295000,30425870,8.44
29/07/2021,-17600,-438485000,24.9(0.20 %),0,0,17600,438485000,30443470,8.42
30/07/2021,-600,-14910000,24.9(0.00 %),0,0,600,14910000,30444070,7.65
02/08/2021,99600,2496310000,25.3(1.61 %),104400,2617245000,4800,120935000,33492738,3.51
03/08/2021,-5700,-143165000,25.15(-0.59 %),0,0,5700,143165000,33498438,3.51
04/08/2021,-5100,-129015000,25.2(0.20 %),0,0,5100,129015000,33503538,3.5
05/08/2021,25900,652080000,25.2(0.00 %),30900,777330000,5000,125250000,33477638,3.53
06/08/2021,41400,1082790000,26.1(3.57 %),42400,1109115000,1000,26325000,33436238,3.59
09/08/2021,21900,585890000,27.9(6.90 %),33300,895335000,11400,309445000,33414338,3.62
10/08/2021,-24100,-682695000,28.5(2.15 %),600,16980000,24700,699675000,33438438,3.59
11/08/2021,-18800,-567980000,29(1.75 %),32000,911240000,50800,1479220000,33457238,3.56
12/08/2021,-13400,-390970000,30.2(4.14 %),23300,693210000,36700,1084180000,33470638,3.54
13/08/2021,-36700,-1134642000,30(-0.66 %),24100,155266800,60800,1289908800,33507338,3.49
16/08/2021,96100,2967825000,30.3(1.00 %),175500,5410420000,79400,2442595000,33411238,3.62
17/08/2021,38800,1151880000,29.55(-2.48 %),39400,1169740000,600,17860000,33429738,3.6
18/08/2021,39600,1190085000,29.75(0.68 %),50800,1521310000,11200,331225000,33371638,3.68
19/08/2021,144200,4361950000,30.85(3.70 %),150000,4535745000,5800,173795000,33227438,3.87
20/08/2021,-13100,-425545000,29(-6.00 %),38500,1145640000,51600,1571185000,33240538,3.86
23/08/2021,200100,5843285000,28.95(-0.17 %),201200,5875435000,1100,32150000,33040438,4.13
24/08/2021,77700,2175690000,27.6(-4.66 %),78100,2186810000,400,11120000,32962738,4.23
25/08/2021,71800,1997995000,28.2(2.17 %),71800,1997995000,0,0,32890938,4.33
26/08/2021,67600,1919210000,28.6(1.42 %),126800,3629100000,59200,1709890000,32823338,4.42
27/08/2021,-15000,-417820000,30.6(6.99 %),18300,554595000,33300,972415000,32838338,4.4
30/08/2021,-18500,-579370000,31.95(4.41 %),18400,588660000,36900,1168030000,32856838,4.38
31/08/2021,-12700,-402150000,31.8(-0.47 %),5000,161235000,17700,563385000,32869538,4.36
01/09/2021,167300,5566645000,34(6.92 %),167700,5579745000,400,13100000,32526688,4.82
06/09/2021,-157900,-5440320000,33.6(-1.18 %),57400,1991820000,215300,7432140000,32684588,4.61
07/09/2021,19500,686340000,34.2(1.79 %),29500,1020580000,10000,334240000,32665088,4.64
08/09/2021,22000,745965000,33.65(-1.61 %),24600,832400000,2600,86435000,32643088,4.67
09/09/2021,-16700,-572255000,34.4(2.23 %),0,0,16700,572255000,32659788,4.64
10/09/2021,6700,224020000,33.8(-1.74 %),51800,1754765000,45100,1530745000,32653088,4.65
13/09/2021,-27600,-914910000,32.55(-3.70 %),6000,198460000,33600,1113370000,32680688,4.62
14/09/2021,80200,2617830000,32.9(1.08 %),81400,2656745000,1200,38915000,32600488,4.72
15/09/2021,269900,9296620000,34.6(5.17 %),274900,9469120000,5000,172500000,32330588,5.09
16/09/2021,-43500,-1486930000,34.2(-1.16 %),16600,570435000,60100,2057365000,32374088,5.03
17/09/2021,21600,775000000,35.2(2.92 %),25600,915900000,4000,140900000,32352488,5.06
20/09/2021,-48900,-1674760000,33.7(-4.26 %),50300,1727290000,99200,3402050000,32401388,5.0
21/09/2021,48000,1613515000,34.6(2.67 %),49000,1647265000,1000,33750000,32353388,5.06
22/09/2021,-61300,-2134050000,35.5(2.60 %),0,0,61300,2134050000,32414688,4.98
23/09/2021,-146500,-5158975000,34.9(-1.69 %),600,21375000,147100,5180350000,32561188,4.78
24/09/2021,-37500,-1276785000,33.8(-3.15 %),100,3405000,37600,1280190000,32598688,4.73
27/09/2021,-138800,-4556375000,31.5(-6.80 %),600,19960000,139400,4576335000,32737488,4.54
28/09/2021,231800,7438020000,32.4(2.86 %),242800,7791480000,11000,353460000,32505688,4.85
29/09/2021,-115200,-3856670000,34(4.94 %),12000,406395000,127200,4263065000,32620888,4.7
30/09/2021,-71500,-2444975000,33.9(-0.29 %),300,10290000,71800,2455265000,32692388,4.6
01/10/2021,-37300,-1261825000,33.5(-1.18 %),118309,3732648950,155609,4994473950,32545982,4.8
04/10/2021,-57100,-1904080000,34.35(2.54 %),20200,701795000,77300,2605875000,32603082,4.72
05/10/2021,46700,1644140000,35.1(2.18 %),46700,1644140000,0,0,32556382,4.78
06/10/2021,2500,101600000,36.65(4.42 %),10200,373200000,7700,271600000,32553882,0.0
07/10/2021,-185500,-6814805000,36.4(-0.68 %),0,0,185500,6814805000,32739382,0.0
08/10/2021,159000,5735640000,36(-1.10 %),179900,6490270000,20900,754630000,32580382,0.0
11/10/2021,-29000,-1186835600,36.1(0.28 %),27100,855541000,56100,2042376600,32609382,0.0
12/10/2021,-59200,-2162765000,36.3(0.55 %),0,0,59200,2162765000,32668582,0.0
13/10/2021,-26000,-941260000,36.05(-0.69 %),0,0,26000,941260000,32694582,0.0
14/10/2021,-76300,-2771335000,36.1(0.14 %),0,0,76300,2771335000,32770882,0.0
15/10/2021,12200,457710000,37.75(4.57 %),25300,940850000,13100,483140000,32758682,0.0
18/10/2021,-15000,-565795000,37.1(-1.72 %),0,0,15000,565795000,32773682,0.0
19/10/2021,0,0,37.15(0.13 %),0,0,0,0,32773682,0.0
20/10/2021,-54000,-1975790000,36.6(-1.48 %),0,0,54000,1975790000,32827682,0.0
21/10/2021,-236000,-8543040000,36.3(-0.82 %),0,0,236000,8543040000,33009682,0.0
22/10/2021,71200,2669915000,37.05(2.07 %),72500,2718065000,1300,48150000,32938482,0.0
25/10/2021,22400,862165000,37.5(1.21 %),43600,1672055000,21200,809890000,32916082,0.0
26/10/2021,-85300,-3123330000,37.95(1.20 %),6600,245905000,91900,3369235000,33001382,0.0
27/10/2021,48200,1853810000,39.5(4.08 %),48200,1853810000,0,0,32953182,0.0
28/10/2021,-183800,-7334085000,39.75(0.63 %),0,0,183800,7334085000,33136982,4.0
29/10/2021,-72900,-2881450000,39.3(-1.13 %),0,0,72900,2881450000,33209882,3.9
01/11/2021,43700,1779005000,41.85(6.49 %),59300,2413605000,15600,634600000,33243300,3.85
02/11/2021,-120600,-5150505000,42.55(1.67 %),0,0,120600,5150505000,33363900,3.69
03/11/2021,0,0,39.6(-6.93 %),0,0,0,0,33363900,3.69
04/11/2021,0,0,40(1.01 %),0,0,0,0,33363900,3.69
05/11/2021,0,0,40.1(0.25 %),0,0,0,0,33363900,3.69
08/11/2021,-87900,-3526715000,40.2(0.25 %),3000,120715000,90900,3647430000,33451800,3.57
09/11/2021,-42100,-1694655000,40.2(0.00 %),0,0,42100,1694655000,33493900,3.51
10/11/2021,-1200,-48618000,41.8(3.98 %),8800,356532000,10000,405150000,33495100,0.0
11/11/2021,157300,6595755000,41.5(-0.72 %),193500,8107525000,36200,1511770000,33336600,3.72
12/11/2021,-111400,-4704550000,42.5(2.41 %),18900,802415000,130300,5506965000,33448000,3.57
15/11/2021,-147800,-6335655000,42.8(0.71 %),1000,43100000,148800,6378755000,33595800,3.37
16/11/2021,-33500,-1386090000,41.6(-2.80 %),100,4180000,33600,1390270000,33629300,3.33
17/11/2021,-19800,-818535000,41.7(0.24 %),1300,53295000,21100,871830000,33649100,3.3
18/11/2021,-89400,-3695305000,41.1(-1.44 %),7200,296130000,96600,3991435000,33738500,3.18
19/11/2021,-36300,-1531435000,39(-5.11 %),40200,1556895000,76500,3088330000,33774800,3.13
22/11/2021,28300,1043915000,36.3(-6.92 %),31000,1145375000,2700,101460000,33746500,3.17
23/11/2021,48000,1742190000,37.2(2.48 %),48000,1742190000,0,0,33698500,3.23
24/11/2021,-113000,-4215050000,37.05(-0.40 %),34000,1254600000,147000,5469650000,33811500,3.08
25/11/2021,39200,1484880000,37.8(2.02 %),76000,2847245000,36800,1362365000,33772300,3.13
26/11/2021,-83100,-3154005000,40.4(6.88 %),0,0,83100,3154005000,33855400,0.0
29/11/2021,0,0,41.5(2.72 %),0,0,0,0,33855400,3.02
30/11/2021,-23100,-960315000,40.65(-2.05 %),0,0,23100,960315000,33878500,2.99
01/12/2021,8300,334505000,40(-1.60 %),8700,350665000,400,16160000,34121469,2.66
02/12/2021,-1600,-66435000,40(0.00 %),2000,80000000,3600,146435000,34123069,2.66
03/12/2021,97300,3773250000,38.5(-3.75 %),97300,3773250000,0,0,34025769,2.79
06/12/2021,-8500,-318080000,36.1(-6.23 %),0,0,8500,318080000,34034269,2.78
07/12/2021,-1200,-44160000,37.7(4.43 %),0,0,1200,44160000,34035469,2.78
08/12/2021,100,3820000,38(0.80 %),100,3820000,0,0,34035369,2.78
09/12/2021,-1300,-47570000,38.95(2.50 %),6700,256430000,8000,304000000,34036669,0.0
10/12/2021,-600,-23800000,39.6(1.67 %),200,7900000,800,31700000,34037269,2.77
13/12/2021,43600,1788035000,41(3.54 %),44600,1828785000,1000,40750000,33993669,2.83
14/12/2021,200,8915000,39.7(-3.17 %),900,36910000,700,27995000,33993469,2.85
15/12/2021,-5300,-207235000,39.1(-1.51 %),800,31840000,6100,239075000,33998769,2.84
16/12/2021,-13600,-541700000,39.8(1.79 %),4000,155100000,17600,696800000,34012369,2.82
17/12/2021,-33800,-1353085000,39.95(0.38 %),0,0,33800,1353085000,34046169,2.77
20/12/2021,-1400,-59420000,42(5.13 %),68500,2856200000,69900,2915620000,34047569,2.77
21/12/2021,10200,435175000,42.6(1.43 %),10500,448050000,300,12875000,34037369,0.0
22/12/2021,-5200,-217510000,41.3(-3.05 %),600,25300000,5800,242810000,34042569,2.78
23/12/2021,25400,1060856400,40.5(-1.94 %),50900,2125889400,25500,1065033000,34017169,0.0
24/12/2021,-9800,-402750600,40.6(0.25 %),0,0,9800,402750600,34052369,0.0
27/12/2021,-31000,-1278640000,41.7(2.71 %),2500,104480000,33500,1383120000,34103246,2.68
28/12/2021,37300,1600050000,44.6(6.95 %),46000,1974820000,8700,374770000,34065946,2.75
29/12/2021,-15400,-714835000,45.55(2.13 %),44400,2037915000,59800,2752750000,34057546,2.75
30/12/2021,56900,2572075000,44.9(-1.54 %),56900,2572075000,0,0,34009332,2.81
31/12/2021,-1000,-60725000,45.3(0.89 %),19300,890830000,20300,951555000,34049822,2.76
04/01/2022,15200,724920000,47(3.75 %),51900,2438465000,36700,1713545000,33997922,2.83
05/01/2022,-10200,-467670000,46.4(-1.28 %),20900,993030000,31100,1460700000,33997322,2.83
06/01/2022,41700,1959580000,46.8(0.86 %),64700,3034805000,23000,1075225000,33969322,2.87
07/01/2022,3500,164475000,46.3(-1.07 %),4000,187750000,500,23275000,33996422,2.83
10/01/2022,28600,1315636000,47(1.51 %),33700,1555269700,5100,239633700,33985722,2.84
11/01/2022,533900,26527810000,50.2(6.81 %),534200,26542230000,300,14420000,33452022,3.57
12/01/2022,-29300,-1488790000,53(5.58 %),20800,1092460000,50100,2581250000,33436329,3.59
13/01/2022,-74500,-3816100000,49.3(-6.98 %),4900,249000000,79400,4065100000,33431729,3.6
14/01/2022,110900,5318580000,47.5(-3.65 %),130800,6262480000,19900,943900000,33351029,3.71
17/01/2022,13000,485600000,44.2(-6.95 %),77200,3524370000,64200,3038770000,33353229,3.7
18/01/2022,117200,4961805000,41.15(-6.90 %),119300,5053785000,2100,91980000,33253829,3.84
19/01/2022,-54900,-2302300000,42.3(2.67 %),500,20900000,55400,2323200000,33317529,3.75
20/01/2022,-156500,-6906760000,44.9(3.22 %),15000,664750000,171500,7571510000,33304579,3.77
21/01/2022,-165700,-7422880000,44.3(-1.99 %),2400,108000000,168100,7530880000,33357403,3.7
24/01/2022,-59200,-2486430000,41.2(-7.00 %),400,16480000,59600,2502910000,33528433,3.46
25/01/2022,145600,5850275000,40.75(-1.09 %),170600,6853085000,25000,1002810000,33525933,3.47
26/01/2022,-73300,-2900261100,37.9(-7.11 %),18400,728032800,91700,3628293900,33567133,3.41
27/01/2022,60700,2242570000,36.5(-3.69 %),76800,2826965000,16100,584395000,33515333,3.48
28/01/2022,-30800,-1155610000,39(6.85 %),119400,4416480000,150200,5572090000,33487633,3.52
07/02/2022,-534900,-21153065000,39.45(1.15 %),800,31570000,535700,21184635000,33502933,3.5
08/02/2022,-20100,-791310000,39.6(0.25 %),0,0,20100,791310000,33653133,3.3
09/02/2022,10700,432975000,41.25(4.17 %),11800,478350000,1100,45375000,34177033,2.58
10/02/2022,-122700,-5084460000,40.95(-0.85 %),0,0,122700,5084460000,35667133,2.46
11/02/2022,-21800,-892785000,41.45(1.10 %),3000,122700000,24800,1015485000,35665233,2.46
14/02/2022,-91300,-3906675000,42.45(2.29 %),0,0,91300,3906675000,35787933,2.3
15/02/2022,-56400,-2416110000,42.8(0.71 %),0,0,56400,2416110000,35812733,2.27
16/02/2022,-8900,-389610000,43.75(2.22 %),0,0,8900,389610000,35903991,2.15
17/02/2022,-2500,-107985000,43.3(-1.14 %),5500,237825000,8000,345810000,35954891,2.08
18/02/2022,-4000,-168150000,44.3(2.31 %),18600,831880000,22600,1000030000,35945251,2.09
21/02/2022,-30100,-1337075000,44.3(0.00 %),9100,405145000,39200,1742220000,35944151,2.09
22/02/2022,-24200,-1033695000,42.45(-4.18 %),400,17140000,24600,1050835000,35966351,2.07
23/02/2022,34300,1483220000,43.05(1.29 %),34300,1483220000,0,0,35971251,2.06
24/02/2022,-49700,-2075655000,41.95(-2.67 %),12000,510715000,61700,2586370000,35983851,2.04
25/02/2022,-27300,-1171170000,42.7(1.67 %),30900,1326980000,58200,2498150000,35952951,2.08
28/02/2022,43700,1905065000,45.65(6.91 %),55700,2444365000,12000,539300000,35958951,2.08
01/03/2022,-53200,-2424745000,45.45(-0.55 %),200,9160000,53400,2433905000,36016951,2.0
02/03/2022,-6200,-287930000,46.4(1.98 %),0,0,6200,287930000,36028951,1.98
03/03/2022,-28400,-1332225000,47.65(2.69 %),0,0,28400,1332225000,36082351,1.91
04/03/2022,-53000,-2540495000,47.4(-0.63 %),100,4740000,53100,2545235000,36088451,1.91
07/03/2022,19500,922000000,47.6(0.42 %),20000,946000000,500,24000000,36096851,1.9
08/03/2022,15000,708440000,45(-5.46 %),23100,1081680000,8100,373240000,36126851,1.86
09/03/2022,67300,3039505000,46.5(3.33 %),67400,3043990000,100,4485000,36059951,1.94
10/03/2022,49400,2347005000,46.85(0.75 %),53500,2540525000,4100,193520000,36014551,2.0
11/03/2022,42400,2048265000,47.7(1.71 %),55200,2660105000,12800,611840000,35959451,2.07
14/03/2022,-29800,-1402330000,47(-1.47 %),8900,428140000,38700,1830470000,35954651,2.08
15/03/2022,58700,2874750000,48.5(3.19 %),59700,2922350000,1000,47600000,35907751,2.14
16/03/2022,-11900,-563245000,48.05(-0.93 %),15800,775740000,27700,1338985000,35930641,2.11
17/03/2022,-26700,-1281175000,47.75(-0.73 %),0,0,26700,1281175000,35931641,2.11
18/03/2022,-66400,-3154730000,46.65(-2.41 %),1000,47500000,67400,3202230000,35958341,2.08
21/03/2022,31100,1472950000,47.2(1.07 %),38400,1818835000,7300,345885000,35946641,2.09
22/03/2022,23000,1096895000,47.5(0.64 %),23100,1101615000,100,4720000,35990941,2.03
23/03/2022,-5800,-274590000,47.1(-0.84 %),0,0,5800,274590000,35998241,2.02
24/03/2022,67900,3247230000,47.7(1.27 %),67900,3247230000,0,0,35930441,2.11
25/03/2022,65600,3213745000,49.4(3.56 %),65600,3213745000,0,0,35870641,2.19
28/03/2022,-47300,-2259955000,48.3(-2.23 %),8800,431815000,56100,2691770000,35861841,2.2
29/03/2022,-300,-14535000,49.2(1.86 %),0,0,300,14535000,35861841,2.2
30/03/2022,-143500,-6944110000,47.9(-2.64 %),200,9630000,143700,6953740000,35917741,2.13
31/03/2022,-36300,-1731365000,47.4(-1.04 %),200,9540000,36500,1740905000,35917841,2.13
01/04/2022,-4100,-192700000,47.65(0.53 %),0,0,4100,192700000,36061541,1.94
04/04/2022,24700,1192410000,48.1(0.84 %),24700,1192410000,0,0,36073341,1.93
05/04/2022,23700,1147685000,48.9(1.66 %),23800,1152540000,100,4855000,36053641,1.95
06/04/2022,22100,1109755000,50.6(3.48 %),22100,1109755000,0,0,36031541,1.98
07/04/2022,-58100,-2931330000,49.5(-2.17 %),3000,149850000,61100,3081180000,36089641,0.0
08/04/2022,-35100,-1702210000,48.8(-1.41 %),2400,118925000,37500,1821135000,36026241,1.99
12/04/2022,-85800,-4096895000,45.4(-6.97 %),100,4880000,85900,4101775000,36112041,0.0
13/04/2022,-6200,-275045000,46.5(2.42 %),8100,358725000,14300,633770000,36087241,1.91
14/04/2022,-2000,-91900000,45.4(-2.37 %),0,0,2000,91900000,36202531,1.76
15/04/2022,-500,-22700000,45(-0.88 %),0,0,500,22700000,36216831,1.74
18/04/2022,9300,368325000,41.85(-7.00 %),20400,854010000,11100,485685000,36197571,1.76
19/04/2022,4200,164400000,38.95(-7.04 %),4200,164400000,0,0,36193871,1.77
20/04/2022,129600,5014245000,38.2(-1.93 %),129600,5014245000,0,0,36073431,0.0
21/04/2022,63200,2420635000,38.75(1.44 %),68200,2608635000,5000,188000000,36007171,2.01
22/04/2022,-11400,-441935000,38.3(-1.16 %),2600,102750000,14000,544685000,36004571,2.02
25/04/2022,-63000,-2426015000,35.65(-6.92 %),10000,362785000,73000,2788800000,35999571,2.02
26/04/2022,167600,5726865000,36(0.84 %),167800,5733865000,200,7000000,35845771,2.22
27/04/2022,-99300,-3535215000,36.1(0.28 %),4200,148520000,103500,3683735000,35914571,2.13
28/04/2022,-33700,-1234990000,36(-0.28 %),0,0,33700,1234990000,35914771,2.13
29/04/2022,-8600,-311405000,36.8(2.22 %),200,7350000,8800,318755000,36018071,2.0
04/05/2022,-67100,-2549150000,38.5(4.62 %),0,0,67100,2549150000,36051771,1.95
05/05/2022,-94200,-3613815000,37.7(-2.08 %),0,0,94200,3613815000,36145971,0.0
06/05/2022,-400,-14040000,35.1(-6.90 %),0,0,400,14040000,36127671,1.86
09/05/2022,14200,463630000,32.65(-6.98 %),14200,463630000,0,0,36207671,1.75
10/05/2022,88100,2880870000,32.7(0.00 %),93600,3060720000,5500,179850000,36114471,1.87
11/05/2022,-127300,-4182675000,33.15(1.38 %),22700,745470000,150000,4928145000,36241771,0.0
12/05/2022,-12800,-420435000,33(-0.45 %),2300,71505000,15100,491940000,36254571,0.0
13/05/2022,-58700,-1822640000,30.7(-6.97 %),6200,191805000,64900,2014445000,36238771,1.71
16/05/2022,-28100,-854240000,30.4(-0.98 %),16000,486400000,44100,1340640000,36237871,1.71
17/05/2022,43800,1403790000,32.05(5.43 %),54400,1743520000,10600,339730000,36248371,1.7
18/05/2022,-12100,-390830000,32.3(0.62 %),0,0,12100,390830000,36292471,1.64
19/05/2022,4100,131200000,32(-0.93 %),12500,400000000,8400,268800000,36290612,1.64
20/05/2022,1300,42510000,32.7(2.19 %),33200,1085640000,31900,1043130000,36269512,1.67
23/05/2022,-16600,-541160000,32.6(-0.31 %),8700,283620000,25300,824780000,36269212,1.67
24/05/2022,-12400,-404860000,32.65(0.15 %),1600,52240000,14000,457100000,36299512,1.63
25/05/2022,25700,873800000,34(3.98 %),31700,1077800000,6000,204000000,36293112,1.64
26/05/2022,-29400,-999600000,34(0.00 %),0,0,29400,999600000,36307112,1.62
27/05/2022,8300,286350000,34.5(1.47 %),9200,317400000,900,31050000,36303912,1.63
30/05/2022,-16200,-558900000,34.5(0.00 %),0,0,16200,558900000,36333312,1.59
31/05/2022,-15600,-527280000,33.8(-2.03 %),0,0,15600,527280000,36334212,1.59
01/06/2022,4600,155020000,33.7(-0.30 %),15800,532460000,11200,377440000,36334612,1.59
02/06/2022,13200,448800000,34(0.89 %),13200,448800000,0,0,36337012,1.58
03/06/2022,5800,205610000,35.45(4.26 %),5800,205610000,0,0,36342412,1.57
06/06/2022,-15700,-557760000,34.7(-2.25 %),5100,181230000,20800,738990000,36337312,1.58
07/06/2022,-10000,-338000000,33.8(-2.59 %),3200,108160000,13200,446160000,36334112,1.59
08/06/2022,34300,1197070000,34.9(3.25 %),34300,1197070000,0,0,36320612,1.6
09/06/2022,-5800,-202130000,34.85(-0.14 %),0,0,5800,202130000,36333812,1.59
10/06/2022,-2200,-74800000,34(-2.58 %),1800,61200000,4000,136000000,36332012,1.59
13/06/2022,-34200,-1082430000,31.65(-6.91 %),100,3165000,34300,1085595000,36337712,1.58
14/06/2022,7400,222000000,30(-5.36 %),7400,222000000,0,0,36334312,1.59
15/06/2022,-200,-5580000,27.9(-7.00 %),1400,39060000,1600,44640000,36367212,1.54
16/06/2022,900,24975000,27.75(-0.54 %),900,24975000,0,0,36366312,1.54
17/06/2022,-3700,-95645000,25.85(-7.01 %),400,10340000,4100,105985000,36367512,1.54
20/06/2022,-4300,-103705000,24.05(-7.14 %),1000,24050000,5300,127755000,36366512,1.54
21/06/2022,52900,1266955000,23.95(-0.62 %),57400,1374730000,4500,107775000,36313212,1.61
22/06/2022,-2000,-49700000,24.85(3.54 %),0,0,2000,49700000,36317898,1.61
23/06/2022,18400,478400000,26(4.42 %),19000,494000000,600,15600000,36303398,1.63
24/06/2022,-50300,-1305285000,25.95(-0.19 %),1800,46710000,52100,1351995000,36303598,1.63
27/06/2022,0,0,26(0.00 %),0,0,0,0,36304198,1.62
28/06/2022,-113100,-2963220000,26.2(0.77 %),0,0,113100,2963220000,36356298,1.56
29/06/2022,-10200,-266385000,25.8(-1.53 %),0,0,10200,266385000,36356298,1.56
30/06/2022,0,-263160000,24.6(-4.65 %),0,0,0,263160000,36469398,1.41
01/07/2022,16200,398520000,24.6(0.00 %),16200,398520000,0,0,36463398,1.42
04/07/2022,0,398520000,24.7(0.41 %),0,398520000,0,0,36463398,1.42
05/07/2022,0,398520000,24.45(-1.01 %),0,398520000,0,0,36463398,1.42
06/07/2022,-13700,-311675000,22.75(-7.14 %),2500,56875000,16200,368550000,36460898,1.42
07/07/2022,200,4550000,22.75(-0.22 %),200,4550000,0,0,36460698,1.42
08/07/2022,-127300,460600000,23.9(4.82 %),22700,460600000,150000,0,36587998,0.0
11/07/2022,18800,460600000,24.5(2.51 %),18800,460600000,0,0,36410798,1.49
12/07/2022,28500,726750000,25.5(4.08 %),28500,726750000,0,0,36382298,1.52
13/07/2022,-6100,-157685000,25.85(1.37 %),0,0,6100,157685000,36382298,1.52
14/07/2022,-8100,-205740000,25.4(-1.93 %),3400,86360000,11500,292100000,36378898,1.53
15/07/2022,10500,271950000,25.9(1.97 %),15600,404040000,5100,132090000,36369398,1.54
18/07/2022,10100,267650000,26.5(2.32 %),12100,320650000,2000,53000000,36368798,1.54
19/07/2022,-75400,-1945320000,25.8(-2.64 %),0,0,75400,1945320000,36373898,1.53
20/07/2022,22600,596640000,26.4(2.33 %),23500,620400000,900,23760000,36352398,1.56
21/07/2022,-19800,-522720000,26.4(0.00 %),0,0,19800,522720000,36427798,1.46
22/07/2022,18400,627375000,26.25(-0.57 %),19000,632625000,600,5250000,36404598,1.49
25/07/2022,-25000,-640000000,25.6(-2.66 %),0,0,25000,640000000,36424348,1.47
26/07/2022,-6500,-165425000,25.45(-0.59 %),0,0,6500,165425000,36424548,1.47
27/07/2022,4600,117760000,25.6(0.39 %),19800,506880000,15200,389120000,36429748,1.46
28/07/2022,107800,2948330000,27.35(6.84 %),107900,2951065000,100,2735000,36328348,1.59
29/07/2022,-8800,-242000000,27.5(0.36 %),0,0,8800,242000000,36343548,1.57
01/08/2022,20400,577320000,28.3(2.91 %),25000,707500000,4600,130180000,36318648,1.61
02/08/2022,-31000,-874200000,28.2(-0.35 %),5000,141000000,36000,1015200000,36322448,1.6
03/08/2022,-18200,-519610000,28.55(1.24 %),28900,825095000,47100,1344705000,36298148,1.63
04/08/2022,-24300,-694980000,28.6(0.00 %),0,0,24300,694980000,36334148,1.59
05/08/2022,-46200,-1332870000,28.85(0.87 %),0,0,46200,1332870000,36381251,1.52
08/08/2022,0,-1332870000,29.45(1.90 %),0,0,0,1332870000,36405551,1.49
09/08/2022,-21200,-614800000,29(-1.69 %),1000,29000000,22200,643800000,36450751,1.43
10/08/2022,200,5830000,29.15(0.52 %),200,5830000,0,0,36450551,1.43
11/08/2022,3900,111735000,28.65(-1.88 %),13500,386775000,9600,275040000,36459251,1.42
12/08/2022,24500,709275000,28.95(0.87 %),30900,894555000,6400,185280000,36428351,1.46
15/08/2022,64900,1908060000,29.4(1.38 %),64900,1908060000,0,0,36373051,1.53
16/08/2022,-13400,-397980000,29.7(1.02 %),0,0,13400,397980000,36379451,1.53
17/08/2022,-26700,-776970000,29.1(-2.02 %),0,0,26700,776970000,36379451,1.53
18/08/2022,-34900,-998140000,28.6(-1.72 %),0,0,34900,998140000,36392851,1.51
19/08/2022,100,2830000,28.3(-1.05 %),300,8490000,200,5660000,36419251,1.47
22/08/2022,1000,27250000,27.25(-3.71 %),1000,27250000,0,0,36453151,1.43
23/08/2022,43600,1229520000,28.2(3.30 %),43600,1229520000,0,0,36409751,1.49
24/08/2022,800,22480000,28.1(-0.35 %),800,22480000,0,0,36408951,1.49
25/08/2022,22300,637780000,28.6(1.78 %),22400,640640000,100,2860000,36386551,1.52
26/08/2022,-8400,-231840000,27.6(-3.50 %),17300,477480000,25700,709320000,36369251,1.54
29/08/2022,-52900,-1425655000,26.95(-2.36 %),0,0,52900,1425655000,36369351,1.54
30/08/2022,-23000,-616400000,26.8(-0.74 %),0,0,23000,616400000,36395051,1.51
31/08/2022,-3100,-83855000,27.05(0.93 %),2800,75740000,5900,159595000,36445151,1.44
05/09/2022,14500,394400000,27.2(0.37 %),16900,459680000,2400,65280000,36451251,1.43
06/09/2022,29900,825240000,27.6(1.47 %),30600,844560000,700,19320000,36426551,1.47
07/09/2022,-10000,-266000000,26.6(-3.62 %),0,0,10000,266000000,36428951,1.46
08/09/2022,-14400,-367200000,25.5(-4.14 %),2500,63750000,16900,430950000,36427151,1.46
09/09/2022,-30600,-789480000,25.8(1.18 %),0,0,30600,789480000,36437151,1.45
12/09/2022,0,-789480000,25.9(0.39 %),0,0,0,789480000,36454051,1.43
13/09/2022,5096,132090000,25.85(-0.19 %),5100,132090000,4,0,36479551,1.4
14/09/2022,25100,132090000,26.4(1.93 %),25100,132090000,0,0,36454451,1.43
15/09/2022,0,662640000,26.1(-1.14 %),0,662640000,0,0,0,1.43
16/09/2022,-5100,-130560000,25.6(-1.92 %),0,0,5100,130560000,36454455,1.43
19/09/2022,-24800,-608840000,24.55(-4.10 %),0,0,24800,608840000,36479255,0.0
20/09/2022,7900,197500000,25(1.63 %),7900,197500000,0,0,36451655,1.43
21/09/2022,0,197500000,25.35(1.40 %),0,197500000,0,0,36476455,1.4
22/09/2022,47800,1271480000,26.6(4.72 %),49800,1324680000,2000,53200000,36426655,1.46
23/09/2022,63700,1751750000,27.5(3.38 %),65300,1795750000,1600,44000000,36361355,1.55
26/09/2022,-3894,-109226700,28.05(2.00 %),2500,70125000,6394,179351700,36360855,1.55
27/09/2022,-24700,-686660000,27.8(-1.07 %),1500,41700000,26200,728360000,36360955,1.55
28/09/2022,-15200,-393680000,25.9(-6.83 %),52800,1367520000,68000,1761200000,36314549,1.61
29/09/2022,-22700,-547070000,24.1(-6.95 %),0,0,22700,547070000,36340749,1.58
30/09/2022,500,12050000,24.1(0.00 %),1500,36150000,1000,24100000,36407249,1.49
03/10/2022,-2200,-49390000,22.45(-6.85 %),0,0,2200,49390000,36429949,1.46
04/10/2022,0,-49390000,22.45(-0.22 %),0,0,0,49390000,36430949,1.46
05/10/2022,0,-49390000,23.1(2.67 %),0,0,0,49390000,36433149,1.46
06/10/2022,-46,-989000,21.5(-6.93 %),0,0,46,989000,36433149,1.46
07/10/2022,23400,468000000,20(-6.98 %),23400,468000000,0,0,36409749,1.49
10/10/2022,-8800,-184800000,21(5.00 %),21200,445200000,30000,630000000,36388595,1.51
11/10/2022,-15661,-306172550,19.55(-6.90 %),0,0,15661,306172550,36388595,1.51
12/10/2022,-14200,-277610000,19.55(-0.26 %),0,0,14200,277610000,36418595,1.48
13/10/2022,-21700,-428575000,19.75(0.77 %),100,1975000,21800,430550000,36434156,1.46
14/10/2022,1200,23820000,19.85(0.25 %),1200,23820000,0,0,36447156,1.44
17/10/2022,0,23820000,19.85(-0.25 %),0,23820000,0,0,36468956,1.41
18/10/2022,17976,364014000,20.25(1.76 %),18500,374625000,524,10611000,36450456,1.43
19/10/2022,800,16240000,20.35(0.25 %),800,16240000,0,0,36449656,1.44
20/10/2022,700,13620000,20.1(-1.47 %),1000,19600000,300,5980000,36448956,1.44
21/10/2022,-5500,-108085000,18.7(-6.97 %),500,9350000,6000,117435000,36454680,1.43
24/10/2022,27700,488515000,17.4(-6.95 %),27700,488515000,0,0,36420980,1.48
25/10/2022,82100,1363915000,16.5(-5.17 %),84800,1410155000,2700,46240000,36338880,1.59
26/10/2022,56700,895740000,16.5(0.00 %),56700,895740000,0,0,36282480,1.66
27/10/2022,12400,220565000,17.5(6.06 %),34000,578250000,21600,357685000,36254489,1.69
28/10/2022,-110401,-1821616500,16.5(-5.71 %),0,0,110401,1821616500,36254489,1.69
31/10/2022,3099,51133500,16.5(0.00 %),30900,509850000,27801,458716500,36245197,1.7
01/11/2022,156200,2624160000,16.8(1.82 %),170300,2861040000,14100,236880000,36185298,1.78
02/11/2022,203400,3518820000,17.3(2.98 %),214700,3714310000,11300,195490000,35998399,2.02
03/11/2022,157000,2747500000,17.5(1.16 %),167000,2922500000,10000,175000000,35845499,2.22
04/11/2022,250600,4285260000,17.1(-2.29 %),320000,5472000000,69400,1186740000,35536799,2.63
07/11/2022,153200,2443540000,15.95(-6.73 %),205000,3269750000,51800,826210000,35341799,2.88
08/11/2022,159200,2539240000,15.95(-0.31 %),160100,2553595000,900,14355000,35251099,3.0
09/11/2022,6800,105400000,15.5(-3.12 %),7500,116250000,700,10850000,35295399,2.94
10/11/2022,821300,11867785000,14.45(-6.77 %),850700,12292615000,29400,424830000,34445599,4.05
11/11/2022,1014250,14605200000,14.4(-0.69 %),1019050,14674320000,4800,69120000,33427249,5.38
14/11/2022,982000,13158800000,13.4(-6.94 %),1000000,13400000000,18000,241200000,32456649,6.65
15/11/2022,5700,71250000,12.5(-6.72 %),5700,71250000,0,0,32455749,6.65
16/11/2022,106989,1412254800,13.2(5.60 %),109600,1446720000,2611,34465200,32364149,6.77
17/11/2022,-15855,-212457000,13.4(1.52 %),600,8040000,16455,220497000,32363549,6.77
18/11/2022,179400,2502630000,13.95(4.10 %),185100,2582145000,5700,79515000,32181060,7.01
21/11/2022,30400,436240000,14.35(2.50 %),107600,1544060000,77200,1107820000,32089915,7.12
22/11/2022,160700,2241765000,13.95(-3.12 %),179600,2505420000,18900,263655000,31916015,7.35
23/11/2022,57800,760070000,13.15(-6.07 %),96100,1263715000,38300,503645000,31897115,7.38
24/11/2022,172270,2273964000,13.2(0.38 %),172300,2274360000,30,396000,31743715,7.58
25/11/2022,54700,771270000,14.1(6.82 %),54700,771270000,0,0,31727315,7.6
28/11/2022,27800,418390000,15.05(6.74 %),27800,418390000,0,0,31699515,7.67
29/11/2022,106487,1714440700,16.1(6.62 %),147000,2366700000,40513,652259300,31593028,7.81
30/11/2022,115400,1869480000,16.2(0.62 %),132900,2152980000,17500,283500000,31477628,7.96
01/12/2022,0,1869480000,16.5(1.85 %),0,2152980000,0,283500000,31419645,8.03
02/12/2022,28900,499970000,17.3(4.85 %),33900,586470000,5000,86500000,31390745,8.07
05/12/2022,-12269,-215320950,17.55(1.45 %),600,10530000,12869,225850950,31403014,8.06
06/12/2022,-900,-14715000,16.35(-7.10 %),100,1635000,1000,16350000,31403914,0.0
07/12/2022,-24170,-372218000,15.4(-6.10 %),9800,150920000,33970,523138000,31428084,8.02
08/12/2022,-5100,-83385000,16.35(6.17 %),6100,99735000,11200,183120000,31446027,7.96
09/12/2022,7000,122150000,17.45(6.40 %),7000,122150000,0,0,31472997,7.93
12/12/2022,-9500,-159600000,16.8(-4.00 %),0,0,9500,159600000,31435684,0.0
13/12/2022,1400,24080000,17.2(2.38 %),1400,24080000,0,0,31434284,8.01
14/12/2022,-6300,-108990000,17.3(0.58 %),3700,64010000,10000,173000000,31440584,8.01
15/12/2022,157200,2727420000,17.35(0.29 %),157200,2727420000,0,0,31283384,0.0
16/12/2022,350400,6307200000,18(3.45 %),350900,6316200000,500,9000000,30932984,8.67
19/12/2022,-600,-10890000,18.15(0.83 %),4500,81675000,5100,92565000,30933584,0.0
20/12/2022,6400,108160000,16.9(-7.14 %),12000,202800000,5600,94640000,30927184,8.68
21/12/2022,1800,30240000,16.8(-0.59 %),1900,31920000,100,1680000,30925384,8.68
22/12/2022,168000,2898000000,17.25(2.68 %),168100,2899725000,100,1725000,30757384,8.9
23/12/2022,340600,5994560000,17.6(1.73 %),342600,6029760000,2000,35200000,30416784,0.0
26/12/2022,6100,102480000,16.8(-4.55 %),11400,191520000,5300,89040000,30410684,9.36
27/12/2022,8171,145443800,17.8(5.95 %),11800,210040000,3629,64596200,30402513,9.37
28/12/2022,-5700,-99465000,17.45(-1.97 %),0,0,5700,99465000,30408213,9.36
29/12/2022,-13300,-232750000,17.5(0.00 %),0,0,13300,232750000,30460526,9.25
30/12/2022,231800,4334660000,18.7(6.86 %),240000,4488000000,8200,153340000,30226226,9.56
03/01/2023,95700,1914000000,20(6.95 %),95700,1914000000,0,0,30130526,9.72
04/01/2023,167800,3423120000,20.4(2.00 %),170000,3468000000,2200,44880000,29982026,9.87
05/01/2023,5300,112890000,21.3(4.41 %),5300,112890000,0,0,29976726,9.88
06/01/2023,-9800,-198940000,20.3(-4.69 %),900,18270000,10700,217210000,29978026,9.88
09/01/2023,5000,102500000,20.5(0.99 %),5000,102500000,0,0,29973026,9.89
10/01/2023,-5700,-124830000,21.9(6.83 %),100,2190000,5800,127020000,29983626,9.87
11/01/2023,502100,11322355000,22.55(2.97 %),502100,11322355000,0,0,29481526,10.53
12/01/2023,500,11725000,23.45(3.76 %),500,11725000,0,0,29486826,10.52
13/01/2023,400,9200000,23(-2.13 %),400,9200000,0,0,29486426,10.52
16/01/2023,0,9200000,23.9(3.91 %),0,9200000,0,0,29486426,10.52
17/01/2023,500,12200000,24.4(2.09 %),500,12200000,0,0,29485926,10.52
18/01/2023,8600,208550000,24.25(-0.61 %),8700,210975000,100,2425000,29477226,10.53
19/01/2023,100,2490000,24.9(2.47 %),100,2490000,0,0,29477126,10.53
27/01/2023,6100,153720000,25.2(1.20 %),6300,158760000,200,5040000,29470926,10.54
30/01/2023,-1900,-46265000,24.35(-3.37 %),6000,146100000,7900,192365000,29464926,10.55
31/01/2023,40400,1001920000,24.8(1.64 %),40400,1001920000,0,0,29424726,10.6
01/02/2023,-5500,-127050000,23.1(-6.85 %),0,0,5500,127050000,29432626,10.59
02/02/2023,5700,125685000,22.05(-4.55 %),8400,185220000,2700,59535000,29424226,10.6
03/02/2023,1000,23100000,23.1(4.52 %),1000,23100000,0,0,29428726,10.6
06/02/2023,-100,-2285000,22.85(-1.08 %),0,0,100,2285000,29431426,10.59
07/02/2023,-429628,-9151076400,21.3(-6.99 %),33300,709290000,462928,9860366400,29398126,10.64
08/02/2023,138400,3058640000,22.1(3.76 %),144400,3191240000,6000,132600000,29253826,10.83
09/02/2023,21100,473695000,22.45(1.58 %),21100,473695000,0,0,29695654,10.25
10/02/2023,-41300,-904470000,21.9(-2.67 %),0,0,41300,904470000,29701654,10.24
13/02/2023,52800,1119360000,21.2(-3.20 %),58000,1229600000,5200,110240000,29643654,10.32
14/02/2023,78000,1712100000,21.95(3.54 %),78100,1714295000,100,2195000,29606854,10.36
15/02/2023,145600,3414320000,23.45(6.59 %),151700,3557365000,6100,143045000,29460354,10.56
16/02/2023,-22342,-536208000,24(2.13 %),37300,895200000,59642,1431408000,29423154,10.6
17/02/2023,-5900,-145730000,24.7(2.92 %),31600,780520000,37500,926250000,29397654,10.64
20/02/2023,-5400,-137430000,25.45(3.04 %),45400,1155430000,50800,1292860000,29411896,10.62
21/02/2023,-24400,-611220000,25.05(-1.76 %),26300,658815000,50700,1270035000,29423096,10.6
22/02/2023,37800,910980000,24.1(-3.98 %),123900,2985990000,86100,2075010000,29349996,10.7
23/02/2023,-74100,-1863615000,25.15(4.36 %),6300,158445000,80400,2022060000,29394396,10.64
24/02/2023,-174200,-4180800000,24(-4.76 %),0,0,174200,4180800000,29568596,10.46
27/02/2023,-12600,-289800000,23(-4.17 %),11900,273700000,24500,563500000,29548996,10.44
28/02/2023,-49200,-1116840000,22.7(-1.30 %),400,9080000,49600,1125920000,29722796,10.21
01/03/2023,102600,2488050000,24.25(6.83 %),121100,2936675000,18500,448625000,29626196,10.34
02/03/2023,-22400,-533120000,23.8(-2.06 %),0,0,22400,533120000,29675796,10.27
03/03/2023,-24700,-592800000,24(0.84 %),5200,124800000,29900,717600000,29689096,10.26
06/03/2023,-109100,-2618400000,24(0.00 %),0,0,109100,2618400000,29711496,10.23
07/03/2023,-34400,-835920000,24.3(1.25 %),200,4860000,34600,840780000,29741196,10.19
08/03/2023,8600,221880000,25.8(6.17 %),23100,595980000,14500,374100000,29827196,10.08
09/03/2023,-6400,-163200000,25.5(-1.16 %),1000,25500000,7400,188700000,29860796,10.03
10/03/2023,-9500,-239400000,25.2(-1.18 %),1100,27720000,10600,267120000,29874196,10.02
13/03/2023,-19600,-480200000,24.5(-2.78 %),700,17150000,20300,497350000,29893796,0.0
14/03/2023,100,2450000,24.5(0.00 %),100,2450000,0,0,29891396,9.99
15/03/2023,36500,941700000,25.8(5.31 %),36500,941700000,0,0,29875196,10.01
16/03/2023,200,5020000,25.1(-2.71 %),200,5020000,0,0,29874996,10.01
17/03/2023,-500,-12450000,24.9(-0.80 %),0,0,500,12450000,29874996,10.01
20/03/2023,-36500,-917975000,25.15(1.00 %),0,0,36500,917975000,29874996,10.01
21/03/2023,12700,-4180800000,26.9(6.75 %),13600,0,900,4180800000,29861896,10.03
22/03/2023,500,13775000,26.8(-0.37 %),2000,54500000,1500,40725000,29861396,0.0
23/03/2023,12300,334235000,27.5(2.61 %),12300,334235000,0,0,29849096,0.0
24/03/2023,-15500,-429965000,27.05(-1.64 %),0,0,15500,429965000,29864596,0.0
27/03/2023,100,2700000,27(-0.37 %),100,2700000,0,0,29864496,0.0
28/03/2023,-3200,-87520000,27.35(1.30 %),7000,191450000,10200,278970000,29867696,10.07
29/03/2023,0,-87520000,27.9(1.82 %),0,191450000,0,278970000,29894986,9.99
30/03/2023,5878,158118200,26.9(-3.58 %),6000,161400000,122,3281800,29899186,9.98
31/03/2023,-397000,-10560200000,26.6(-1.12 %),10000,266000000,407000,10826200000,29889186,10.0
03/04/2023,-196100,-5353530000,27.3(2.63 %),0,0,196100,5353530000,29889308,10.0
04/04/2023,-262210,-7079670000,27(-1.10 %),0,0,262210,7079670000,30296308,9.46
05/04/2023,100,2690000,26.9(-0.37 %),100,2690000,0,0,30492308,9.21
06/04/2023,-10000,-268500000,26.85(-0.19 %),0,0,10000,268500000,30754518,8.87
07/04/2023,40000,1084000000,27.1(0.74 %),40000,1084000000,0,0,30714518,8.92
10/04/2023,600,15390000,25.65(-5.35 %),600,15390000,0,0,30723918,8.91
11/04/2023,-143700,-3714645000,25.85(0.58 %),0,0,143700,3714645000,30723918,8.91
12/04/2023,17,440300,25.9(0.00 %),100,2590000,83,2149700,30723818,8.91
13/04/2023,0,440300,25.5(-1.54 %),0,2590000,0,2149700,30867518,8.72
14/04/2023,67300,1726245000,25.65(0.59 %),67300,1726245000,0,0,30800301,8.81
17/04/2023,-73000,-1919900000,26.3(2.33 %),23000,604900000,96000,2524800000,30777301,8.84
18/04/2023,-271200,-7173240000,26.45(0.57 %),0,0,271200,7173240000,30777301,8.84
19/04/2023,-178500,-4587450000,25.7(-3.02 %),1500,38550000,180000,4626000000,30871801,8.71
20/04/2023,-151300,-3870420000,25.35(-1.36 %),11300,290140000,162600,4160560000,31023101,8.55
21/04/2023,-185000,-4625000000,25(-1.57 %),37400,935000000,222400,5560000000,31274301,8.19
24/04/2023,-70463,-1733389800,24.6(-1.60 %),300,7380000,70763,1740769800,31436601,7.98
25/04/2023,-164400,-4003140000,24.35(-1.02 %),1100,26785000,165500,4029925000,31657901,7.69
26/04/2023,-97200,-2420280000,24.9(2.05 %),26800,667320000,124000,3087600000,31701864,7.63
27/04/2023,-90000,-2243025000,24.65(-1.00 %),0,0,90000,2243025000,31791864,7.55
28/04/2023,-116100,-2870785000,24.7(0.20 %),3900,96525000,120000,2967310000,31907964,7.39
04/05/2023,-152100,-3845865000,25.35(2.63 %),19900,506420000,172000,4352285000,31987464,7.29
05/05/2023,-112100,-2826530000,25(-1.38 %),0,0,112100,2826530000,32177564,7.01
08/05/2023,-67300,-1694895000,25.1(0.40 %),23300,589130000,90600,2284025000,32326266,6.82
09/05/2023,-140300,-3586565000,25.65(2.19 %),3800,97465000,144100,3684030000,32434566,6.67
10/05/2023,-213000,-5469065000,25.75(0.19 %),0,0,213000,5469065000,32647566,6.42
11/05/2023,-235200,-6085435000,25.6(-0.78 %),0,0,235200,6085435000,32669266,6.37
12/05/2023,-317900,-8301130000,26.05(1.76 %),22100,577375000,340000,8878505000,32860166,6.12
15/05/2023,-148000,-3841050000,25.65(-1.54 %),15800,413350000,163800,4254400000,33008166,5.95
16/05/2023,-260500,-6735130000,25.5(-0.58 %),0,0,260500,6735130000,33268666,5.61
17/05/2023,-251900,-6340110000,24.85(-2.55 %),100,2550000,252000,6342660000,33520566,5.28
18/05/2023,3000,74550000,24.8(-0.20 %),3000,74550000,0,0,33517566,5.28
19/05/2023,-115200,-2883975000,25(0.81 %),0,0,115200,2883975000,33632766,5.13
22/05/2023,-602800,-15664625000,26(4.00 %),0,0,602800,15664625000,34235566,4.34
23/05/2023,-7500,-194625000,25.85(-0.58 %),0,0,7500,194625000,34243066,4.33
24/05/2023,3000,80100000,26.45(2.32 %),3000,80100000,0,0,34240066,4.34
25/05/2023,-2300,-62420000,26.6(0.57 %),4100,107630000,6400,170050000,34242366,4.33
26/05/2023,700,18550000,26.4(-0.75 %),700,18550000,0,0,34241666,4.34
29/05/2023,-69700,-1863520000,26.85(1.70 %),300,7980000,70000,1871500000,34311366,4.24
30/05/2023,19200,515175000,27.2(1.30 %),21900,588015000,2700,72840000,34292166,4.27
31/05/2023,-54400,-1485390000,26.8(-1.47 %),0,0,54400,1485390000,34346566,4.2
01/06/2023,-7200,-191340000,26.6(-0.75 %),6100,162440000,13300,353780000,34864666,3.52
02/06/2023,15400,394240000,27(1.50 %),56300,1511770000,40900,1117530000,34849266,3.54
05/06/2023,45000,1224110000,26.55(-1.67 %),45000,1224110000,0,0,34804266,3.6
06/06/2023,12700,338460000,26.7(0.56 %),12700,338460000,0,0,34791566,3.61
07/06/2023,-4700,-115995000,27.1(1.50 %),55800,1511705000,60500,1627700000,34796266,3.61
08/06/2023,-62800,-1714420000,26.6(-1.85 %),100,2710000,62900,1717130000,34859066,3.53
09/06/2023,-13300,-352160000,26.7(0.38 %),2500,66750000,15800,418910000,34872366,3.51
12/06/2023,-17500,-479220000,27.3(2.25 %),100,2705000,17600,481925000,34889866,3.49
13/06/2023,-11500,-310140000,26.8(-1.83 %),1600,43560000,13100,353700000,34901366,3.47
14/06/2023,9500,254100000,26.4(-1.49 %),9500,254100000,0,0,34891866,3.48
15/06/2023,17500,460360000,26.5(0.38 %),17500,460360000,0,0,34874366,3.51
16/06/2023,3200,84130000,26.3(-0.75 %),5000,132100000,1800,47970000,34933666,3.41
19/06/2023,4500,120170000,26.4(0.38 %),4500,120170000,0,0,34929166,3.42
20/06/2023,26600,713240000,27.25(3.22 %),31600,846740000,5000,133500000,34902566,3.47
21/06/2023,29000,813500000,29.15(6.78 %),36600,1032995000,7600,219495000,34862766,3.51
22/06/2023,30800,899565000,29.2(0.17 %),37800,1104965000,7000,205400000,34831966,3.56
23/06/2023,90700,2698255000,29.95(2.57 %),90700,2698255000,0,0,34741266,3.68
26/06/2023,17300,501545000,30(0.00 %),39600,1160045000,22300,658500000,34714266,3.7
27/06/2023,-12100,-361735000,29.8(-0.67 %),7100,211330000,19200,573065000,34726366,3.7
28/06/2023,-73600,-2177615000,29.5(-1.01 %),12800,380200000,86400,2557815000,34799966,3.6
29/06/2023,26000,785250000,29.8(1.02 %),27200,821250000,1200,36000000,34773966,3.64
30/06/2023,75600,2274780000,29.8(0.00 %),76700,2308100000,1100,33320000,34698366,3.74
03/07/2023,257100,7964750000,30.8(3.36 %),257100,7964750000,0,0,34718366,3.71
04/07/2023,-30500,-932500000,30.8(0.00 %),3300,101750000,33800,1034250000,34748866,3.67
05/07/2023,22200,687080000,30.25(-1.79 %),22200,687080000,0,0,34726666,3.7
06/07/2023,125200,3822675000,31(2.31 %),135500,4137340000,10300,314665000,34336366,4.19
07/07/2023,-57600,-1798745000,31.3(0.97 %),15800,494380000,73400,2293125000,34320566,4.21
10/07/2023,-585100,-18352850000,31.25(-0.16 %),8400,262920000,593500,18615770000,34905666,3.46
11/07/2023,33300,1041585000,30.9(-1.28 %),42600,1332640000,9300,291055000,34872366,3.51
12/07/2023,30100,943755000,30.95(0.16 %),38000,1190865000,7900,247110000,34842266,3.55
13/07/2023,-700,-21260000,31.2(0.65 %),5000,156000000,5700,177260000,34842966,3.55
14/07/2023,-21100,-662460000,31.5(0.96 %),8800,276275000,29900,938735000,34912166,3.44
17/07/2023,-63600,-1993820000,31.2(-0.95 %),0,0,63600,1993820000,34975766,3.37
18/07/2023,-77800,-2412045000,30.8(-1.28 %),12600,388710000,90400,2800755000,35053566,3.27
19/07/2023,-28500,-884385000,30.95(0.49 %),11200,345560000,39700,1229945000,34987566,3.34
20/07/2023,178900,5706480000,32(3.23 %),186400,5945660000,7500,239180000,34808666,3.59
21/07/2023,-6500,-206855000,32.2(0.62 %),11700,375185000,18200,582040000,34815166,3.58
24/07/2023,-70000,-2284270000,32.5(0.93 %),0,0,70000,2284270000,34927066,3.42
25/07/2023,-34200,-1087035000,31.8(-2.15 %),23900,767935000,58100,1854970000,34921366,3.43
26/07/2023,-28700,-913645000,31.85(0.16 %),0,0,28700,913645000,34950066,3.41
27/07/2023,-88900,-2801040000,31.5(-1.25 %),27400,866520000,116300,3667560000,35038966,3.29
28/07/2023,52600,1664250000,32(1.59 %),76200,2410950000,23600,746700000,34986366,3.36
31/07/2023,11800,380990000,31.8(-0.62 %),37000,1184975000,25200,803985000,34974566,3.37
01/08/2023,-78500,-2496260000,31.6(-0.63 %),3100,98165000,81600,2594425000,35053916,3.27
02/08/2023,134100,4285155000,32.1(1.58 %),134300,4291515000,200,6360000,34919816,3.45
03/08/2023,-117200,-3754915000,31.75(-1.09 %),11900,385560000,129100,4140475000,35037016,3.29
04/08/2023,69100,2215555000,31.9(0.47 %),94000,3007740000,24900,792185000,34941216,3.4
07/08/2023,67100,2164825000,32.6(2.19 %),67100,2164825000,0,0,34874116,3.51
08/08/2023,1500,53370000,32.05(-1.69 %),23800,770465000,22300,717095000,34872616,3.51
09/08/2023,-25700,-820145000,31.8(-0.78 %),3000,95700000,28700,915845000,34898316,3.47
10/08/2023,-251500,-7868730000,30.5(-4.09 %),6400,199780000,257900,8068510000,35149816,3.14
11/08/2023,-17100,-520950000,31(1.64 %),15600,481585000,32700,1002535000,35166916,3.12
14/08/2023,27800,877060000,31.25(0.81 %),29600,933375000,1800,56315000,35258639,2.99
15/08/2023,122200,3886035000,31.6(0.96 %),134100,4264755000,11900,378720000,35157220,3.12
16/08/2023,300,9750000,31.35(-0.79 %),2000,62875000,1700,53125000,35157020,3.12
17/08/2023,-25200,-784310000,31.4(0.00 %),18100,567990000,43300,1352300000,35182220,3.1
18/08/2023,-78900,-2433420000,29.25(-6.85 %),0,0,78900,2433420000,35152615,3.13
21/08/2023,73500,2063515000,28.1(-4.10 %),73500,2063515000,0,0,35122415,3.17
22/08/2023,64700,1817880000,28.3(0.71 %),65400,1837515000,700,19635000,35135915,3.15
23/08/2023,9500,270120000,28.35(0.18 %),10500,298920000,1000,28800000,35125415,3.16
24/08/2023,81000,2345425000,29.2(3.00 %),81000,2345425000,0,0,35044415,3.28
25/08/2023,-41500,-1226970000,29.2(0.00 %),0,0,41500,1226970000,35046146,3.27
28/08/2023,52700,1538010000,29.4(0.68 %),58400,1703880000,5700,165870000,34993446,3.35
29/08/2023,-7100,-212205000,29.7(1.02 %),24700,726180000,31800,938385000,35004546,3.32
30/08/2023,-19900,-588585000,29.7(0.00 %),600,17700000,20500,606285000,35024446,3.31
31/08/2023,73000,2233710000,30.7(3.37 %),75100,2297925000,2100,64215000,34966346,3.37
05/09/2023,51900,1621675000,31.35(2.12 %),55100,1721995000,3200,100320000,34931746,3.42
06/09/2023,81500,2553485000,31.5(0.48 %),82100,2572145000,600,18660000,34850246,3.54
07/09/2023,-18500,-589235000,31.4(-0.32 %),32300,1026885000,50800,1616120000,34822635,3.56
08/09/2023,-8300,-262635000,31.6(0.64 %),22600,714340000,30900,976975000,34800635,3.59
11/09/2023,24600,792055000,32(1.27 %),31000,1001645000,6400,209590000,34820435,3.56
12/09/2023,64600,2105430000,32.8(2.50 %),65600,2138230000,1000,32800000,34785735,3.61
13/09/2023,94000,3162865000,33.95(3.51 %),98600,3319275000,4600,156410000,34693535,3.73
14/09/2023,-39500,-1305070000,33(-2.80 %),15500,519365000,55000,1824435000,34679035,3.75
15/09/2023,46200,1517075000,32.65(-1.06 %),46200,1517075000,0,0,34637435,3.8
18/09/2023,0,0,32(-1.99 %),0,0,0,0,34637435,3.82
19/09/2023,32100,1018520000,31.75(-0.78 %),36700,1163430000,4600,144910000,34617965,3.84
20/09/2023,70500,2289350000,32.95(3.78 %),103700,3363040000,33200,1073690000,34547465,3.93
21/09/2023,-68300,-2256260000,32.5(-1.37 %),1000,32800000,69300,2289060000,34615765,3.84
22/09/2023,-72100,-2264920000,30.9(-4.92 %),19800,614480000,91900,2879400000,34532865,3.94
25/09/2023,-87300,-2669740000,28.75(-6.96 %),6200,180730000,93500,2850470000,34596045,3.85
26/09/2023,29500,802650000,26.8(-6.78 %),78300,2182480000,48800,1379830000,34609645,3.84
27/09/2023,-41500,-1126970000,28(4.48 %),46500,1241970000,88000,2368940000,34651145,3.8
28/09/2023,-142500,-3930770000,27.65(-1.25 %),1600,44000000,144100,3974770000,34793645,3.61
29/09/2023,-91000,-2522935000,27.45(-0.72 %),1000,27800000,92000,2550735000,34790845,3.6
02/10/2023,9600,275785000,28.35(3.28 %),45000,1275620000,35400,999835000,34889945,3.47
03/10/2023,-41000,-1138795000,27(-4.76 %),4200,114670000,45200,1253465000,34977745,3.36
04/10/2023,14000,382750000,27.9(3.33 %),14000,382750000,0,0,34963745,3.39
05/10/2023,-45000,-1255725000,27.75(-0.54 %),0,0,45000,1255725000,35044345,3.27
06/10/2023,15800,440575000,28.5(2.70 %),16200,451635000,400,11060000,35028545,3.3
09/10/2023,-5300,-154605000,28.95(1.58 %),1500,42750000,6800,197355000,35033845,3.3
10/10/2023,8800,255840000,28.4(-1.90 %),15200,440800000,6400,184960000,35056845,3.25
11/10/2023,30800,881515000,29(2.11 %),35600,1019815000,4800,138300000,35028045,3.29
12/10/2023,3600,103825000,28.95(-0.17 %),19500,568145000,15900,464320000,35014945,3.31
13/10/2023,1100,31800000,28.95(0.00 %),1300,37510000,200,5710000,35018445,3.3
16/10/2023,-3200,-92420000,28.7(-0.86 %),9600,281580000,12800,374000000,35024745,3.29
17/10/2023,0,0,26.7(-6.97 %),0,0,0,0,35024945,3.29
18/10/2023,12000,300505000,24.85(-6.93 %),13300,335120000,1300,34615000,35024445,3.29
19/10/2023,46300,1148350000,25(0.60 %),47100,1168150000,800,19800000,34977345,3.36
20/10/2023,-5600,-139460000,25.9(3.60 %),0,0,5600,139460000,34978645,3.35
23/10/2023,-13800,-355575000,25.45(-1.74 %),0,0,13800,355575000,34979445,3.35
24/10/2023,-55500,-1407085000,25.5(0.20 %),0,0,55500,1407085000,35034945,3.3
25/10/2023,-20900,-542335000,25.65(0.59 %),200,5170000,21100,547505000,34985045,3.35
26/10/2023,0,0,23.9(-6.82 %),0,0,0,0,35054145,3.26
27/10/2023,-10100,-235840000,23.35(-2.30 %),0,0,10100,235840000,35075245,3.23
30/10/2023,28600,652995000,21.85(-6.42 %),28800,657635000,200,4640000,35046445,3.27
31/10/2023,175400,3759200000,21(-3.89 %),175400,3759200000,0,0,34881145,3.48
01/11/2023,104500,2168690000,21.35(1.67 %),105500,2189790000,1000,21100000,34775845,3.62
02/11/2023,20500,458160000,22.8(6.79 %),20500,458160000,0,0,34755345,3.66
03/11/2023,-98500,-2255440000,23(0.88 %),15200,348030000,113700,2603470000,34853845,3.53
06/11/2023,3800,88750000,23.35(1.52 %),28300,656735000,24500,567985000,34850045,3.54
07/11/2023,-35300,-848305000,23.35(0.00 %),9700,226620000,45000,1074925000,34885345,3.49
08/11/2023,6100,155610000,24.95(6.85 %),51200,1226240000,45100,1070630000,34790165,3.6
09/11/2023,-73500,-1887440000,25.1(0.60 %),44600,1127550000,118100,3014990000,34790565,3.6
10/11/2023,-18800,-470495000,24.85(-1.00 %),700,17640000,19500,488135000,34834965,3.54
13/11/2023,-24100,-603410000,25(0.60 %),0,0,24100,603410000,34953065,3.39
14/11/2023,-110100,-2786545000,25.2(0.80 %),8000,204110000,118100,2990655000,34969165,3.38
15/11/2023,-14100,-358000000,25.3(0.40 %),9200,236855000,23300,594855000,34983265,3.36
16/11/2023,0,0,25.5(0.79 %),0,0,0,0,34983265,3.36
17/11/2023,-5500,-143050000,25.9(1.57 %),2500,64900000,8000,207950000,35088365,3.21
20/11/2023,-12700,-325535000,25.9(0.00 %),30200,786750000,42900,1112285000,35094065,3.2
21/11/2023,-29700,-776540000,26.35(1.74 %),0,0,29700,776540000,35102065,3.19
22/11/2023,-9000,-241280000,26.8(1.71 %),0,0,9000,241280000,35144965,3.14
23/11/2023,-44500,-1200115000,24.95(-6.90 %),11600,289420000,56100,1489535000,35189465,3.09
24/11/2023,63400,1539535000,25.3(1.40 %),71100,1729090000,7700,189555000,35126065,3.18
27/11/2023,-23000,-575135000,24.9(-1.58 %),0,0,23000,575135000,35149065,3.15
28/11/2023,3200,78630000,24.9(0.00 %),3200,78630000,0,0,35145865,3.15
29/11/2023,-13400,-334390000,25.2(1.20 %),1900,48070000,15300,382460000,35159265,3.13
30/11/2023,-45500,-1155705000,25.05(-0.60 %),2000,51100000,47500,1206805000,35204765,3.07
01/12/2023,-13300,-334730000,25.3(1.00 %),0,0,13300,334730000,35180665,3.1
04/12/2023,79000,2063495000,26.5(4.74 %),79000,2063495000,0,0,35101665,3.21
05/12/2023,-4100,-109360000,26.6(0.38 %),0,0,4100,109360000,35105765,3.2
06/12/2023,16600,446875000,26.95(1.32 %),16600,446875000,0,0,35089165,3.22
07/12/2023,-10300,-273680000,26.2(-2.78 %),12700,333385000,23000,607065000,35099465,3.21
08/12/2023,42700,1137140000,26.5(1.15 %),42700,1137140000,0,0,35056765,3.27
11/12/2023,4400,115690000,26.3(-0.75 %),7900,207795000,3500,92105000,35052365,3.27
12/12/2023,-3800,-99940000,26.3(0.00 %),0,0,3800,99940000,35056165,3.27
13/12/2023,-58900,-1562635000,26.3(0.00 %),0,0,58900,1562635000,35115065,3.19
14/12/2023,-41300,-1087415000,26.1(-0.76 %),0,0,41300,1087415000,35156365,3.14
15/12/2023,18300,474550000,25.7(-1.53 %),25300,656255000,7000,181705000,35138065,3.16
18/12/2023,-2500,-63720000,25(-2.72 %),1300,32840000,3800,96560000,35140565,3.16
19/12/2023,-14200,-354870000,25.2(0.80 %),1600,40060000,15800,394930000,35154765,3.14
20/12/2023,23400,594855000,25.65(1.79 %),23800,604995000,400,10140000,35131365,3.17
21/12/2023,-13200,-337330000,25.6(-0.19 %),0,0,13200,337330000,35144565,3.15
22/12/2023,-9400,-240270000,25.55(-0.20 %),0,0,9400,240270000,35153965,3.14
25/12/2023,13700,355300000,26.2(2.54 %),17100,442985000,3400,87685000,35140265,3.16
26/12/2023,-27800,-733895000,26.25(0.19 %),0,0,27800,733895000,35168065,3.12
27/12/2023,3800,99995000,26.3(0.19 %),3800,99995000,0,0,35164265,3.13
28/12/2023,6900,181470000,26.25(-0.19 %),7200,189360000,300,7890000,35157365,3.14
29/12/2023,2900,76785000,26.75(1.90 %),7200,192150000,4300,115365000,35154465,3.14
02/01/2024,-9500,-254570000,26.5(-0.93 %),0,0,9500,254570000,35226268,3.03
03/01/2024,34100,954225000,28.35(6.98 %),35100,982575000,1000,28350000,35191867,3.09
04/01/2024,-34900,-988960000,28.2(-0.53 %),0,0,34900,988960000,35226767,3.04
05/01/2024,-23500,-679495000,28.75(1.95 %),0,0,23500,679495000,35250267,3.01
08/01/2024,-12200,-360600000,29.35(2.09 %),7000,201155000,19200,561755000,35262467,3.0
09/01/2024,-100,-2940000,28.95(-1.36 %),2300,67500000,2400,70440000,35255068,2.99
10/01/2024,131300,3817425000,28.7(-0.86 %),132000,3837785000,700,20360000,35142268,3.14
11/01/2024,68400,1998055000,29.1(1.39 %),70000,2044555000,1600,46500000,35074668,3.23
12/01/2024,-7900,-226900000,28.25(-2.92 %),0,0,7900,226900000,35070767,3.25
15/01/2024,-4000,-114180000,28.35(0.35 %),100,2850000,4100,117030000,35076868,3.23
16/01/2024,0,0,29.15(2.82 %),0,0,0,0,35084770,3.22
17/01/2024,6200,179720000,28.8(-1.20 %),7000,203200000,800,23480000,35081868,3.22
18/01/2024,397300,11554160000,29.3(1.74 %),403700,11739315000,6400,185155000,34671267,3.77
19/01/2024,213900,6330950000,29.1(-0.68 %),225700,6679635000,11800,348685000,34457367,4.05
22/01/2024,-9600,-278045000,28.7(-1.37 %),8800,253275000,18400,531320000,34466967,4.04
23/01/2024,-1600,-46240000,28.8(0.35 %),0,0,1600,46240000,34468567,4.04
24/01/2024,-5800,-166210000,28.5(-1.04 %),0,0,5800,166210000,34474367,4.03
25/01/2024,-12500,-359915000,28.5(0.00 %),0,0,12500,359915000,34486867,4.01
26/01/2024,5200,149110000,28.7(0.70 %),5200,149110000,0,0,34481667,4.02
29/01/2024,24100,719350000,29(1.05 %),108000,3142955000,83900,2423605000,34387780,4.13
30/01/2024,930900,27744160000,30.4(4.83 %),961100,28635870000,30200,891710000,33426680,5.38
31/01/2024,-121400,-3639370000,29.35(-3.45 %),3400,101200000,124800,3740570000,33507180,5.27
01/02/2024,-62200,-1851705000,29.7(1.19 %),0,0,62200,1851705000,33507179,5.3
02/02/2024,-584000,-17257300000,29.3(-1.35 %),0,0,584000,17257300000,33537380,5.24
05/02/2024,-120600,-3511075000,29.1(-0.68 %),3000,86385000,123600,3597460000,34211779,4.37
06/02/2024,0,0,28.9(-0.69 %),0,0,0,0,34305380,4.23
07/02/2024,-200,-5770000,29.15(0.87 %),0,0,200,5770000,34428980,4.07
15/02/2024,639700,19189600000,30(2.92 %),645100,19352460000,5400,162860000,33783880,4.91
16/02/2024,20500,609775000,29.7(-1.00 %),20500,609775000,0,0,33763580,4.94
19/02/2024,5000,131500000,26(1.05 %),5000,131500000,0,0,33763980,4.94
20/02/2024,-444400,-11437425000,25.8(-0.77 %),500,12875000,444900,11450300000,33763480,4.94
21/02/2024,-118300,-3064505000,25.95(0.58 %),17200,446010000,135500,3510515000,33746280,4.96
22/02/2024,-60800,-1586680000,25.8(-0.58 %),500,12900000,61300,1599580000,33746280,4.96
23/02/2024,-19700,-504265000,25.35(-1.74 %),0,0,19700,504265000,34189979,4.4
26/02/2024,45100,1144395000,25.7(1.38 %),63300,1605030000,18200,460635000,34324180,4.21
27/02/2024,-7008,-182808400,26.1(1.56 %),0,0,7008,182808400,34151887,4.45
28/02/2024,2100,54380000,25.9(-0.77 %),5300,137770000,3200,83390000,34149787,4.46
29/02/2024,-6000,-153600000,25.7(-0.77 %),0,0,6000,153600000,34363788,4.16
01/03/2024,389500,10388035000,26.8(4.28 %),432100,11503735000,42600,1115700000,33931687,4.74
04/03/2024,-4000,-107200000,26.7(-0.37 %),0,0,4000,107200000,33935687,4.74
05/03/2024,20000,533000000,26.4(-1.12 %),20000,533000000,0,0,33963490,4.68
06/03/2024,-342100,-8911110000,25.85(-2.08 %),0,0,342100,8911110000,34257787,4.31
07/03/2024,-202000,-5235875000,26.15(1.16 %),22,567600,202022,5236442600,34459787,4.05
08/03/2024,-434400,-11212870000,25.55(-2.29 %),0,0,434400,11212870000,34894187,3.48
11/03/2024,1000,25300000,25(-2.15 %),1000,25300000,0,0,34893187,3.48
12/03/2024,0,0,25.3(1.20 %),0,0,0,0,34947988,3.39
13/03/2024,141200,3609370000,25.65(1.38 %),141200,3609370000,0,0,34806787,3.58
14/03/2024,157200,4054255000,26.2(2.14 %),158200,4080255000,1000,26000000,34649587,3.8
15/03/2024,106600,2837215000,26.45(0.95 %),110900,2949875000,4300,112660000,34542987,3.94
18/03/2024,-15300,-409810000,25.45(-3.78 %),28100,713130000,43400,1122940000,34510636,3.97
19/03/2024,-5300,-136900000,25.45(0.00 %),2900,74385000,8200,211285000,34512036,3.96
20/03/2024,-22100,-557215000,25.65(0.79 %),28200,717690000,50300,1274905000,34585687,3.88
21/03/2024,132100,3468980000,26.5(3.31 %),186800,4896650000,54700,1427670000,34453587,4.06
22/03/2024,9700,267450000,26.65(0.57 %),32900,890915000,23200,623465000,34443887,4.07
25/03/2024,13900,368960000,26.4(-0.94 %),17100,454860000,3200,85900000,34403636,4.1
26/03/2024,0,0,26.95(2.08 %),0,0,0,0,34417587,4.1
27/03/2024,-32900,-893065000,26.95(0.00 %),0,0,32900,893065000,34430036,4.07
28/03/2024,-27100,-725925000,26.6(-1.30 %),0,0,27100,725925000,34430036,4.07
29/03/2024,-50700,-1344810000,26.2(-1.50 %),0,0,50700,1344810000,34462936,4.03
01/04/2024,-27800,-741180000,26.2(0.00 %),11200,294990000,39000,1036170000,34478860,4.01
02/04/2024,6900,166560000,26.3(0.38 %),44900,1165155000,38000,998595000,34456037,4.05
03/04/2024,47700,1272330000,26.1(-0.76 %),59300,1578940000,11600,306610000,34464360,4.03
04/04/2024,-4600,-118705000,25.6(-1.92 %),0,0,4600,118705000,34412937,4.11
05/04/2024,-27500,-701310000,25.3(-1.17 %),100,2530000,27600,703840000,34513860,3.96
08/04/2024,-800,-20200000,25(-1.19 %),0,0,800,20200000,34441237,4.07
09/04/2024,30500,764440000,25.2(0.80 %),32000,802240000,1500,37800000,34410737,4.11
10/04/2024,-20900,-523465000,24.8(-1.59 %),0,0,20900,523465000,34431637,4.09
11/04/2024,-45400,-1122080000,24.5(-1.21 %),7100,173950000,52500,1296030000,34509260,3.97
12/04/2024,-500,-12375000,24.65(0.61 %),0,0,500,12375000,51521492,4.11
15/04/2024,-146500,-3518350000,22.95(-6.90 %),2100,51450000,148600,3569800000,34624037,28.33
16/04/2024,402600,8801830000,21.95(-4.36 %),409700,8963880000,7100,162050000,34221437,28.86
17/04/2024,0,0,21.4(-2.51 %),0,0,0,0,34624037,28.33
19/04/2024,74500,1525140000,20.15(-5.84 %),80200,1643215000,5700,118075000,34549537,28.43
22/04/2024,-88600,-1806490000,20.5(1.74 %),47500,965965000,136100,2772455000,51190692,4.4
23/04/2024,-47800,-1002885000,19.5(-4.88 %),34000,675455000,81800,1678340000,51162390,4.43
24/04/2024,453600,9279565000,20.85(6.92 %),455300,9313485000,1700,33920000,34232337,28.85
25/04/2024,-151600,-3260670000,21.5(3.12 %),2300,48415000,153900,3309085000,34383937,28.65
26/04/2024,-45300,-964205000,21.45(-0.23 %),1100,23210000,46400,987415000,50923292,4.63
02/05/2024,-331500,-7053035000,21.25(-0.93 %),0,0,331500,7053035000,51077190,4.5
03/05/2024,-32300,-690170000,21.1(-0.71 %),23400,498650000,55700,1188820000,51100190,4.48
06/05/2024,233800,5026400000,21.7(2.84 %),236700,5088645000,2900,62245000,51194990,4.4
07/05/2024,-16500,-370900000,21.8(0.46 %),34200,752440000,50700,1123340000,51216492,4.38
08/05/2024,227000,4896725000,22.6(3.67 %),293100,6367700000,66100,1470975000,50926292,4.63
09/05/2024,-205400,-4623790000,22.3(-1.33 %),1800,40680000,207200,4664470000,50975190,4.59
10/05/2024,-276100,-6107060000,21.95(-1.57 %),21200,466835000,297300,6573895000,51020092,4.55
13/05/2024,-159300,-3501780000,21.85(-0.46 %),7900,173175000,167200,3674955000,51219390,4.38
14/05/2024,55200,1215890000,21.8(-0.23 %),77100,1696000000,21900,480110000,51096892,6.74
15/05/2024,235300,5220560000,22.3(2.29 %),294200,6519345000,58900,1298785000,50861592,7.05
16/05/2024,-121400,-2727915000,22.25(-0.22 %),600,13470000,122000,2741385000,50982992,6.89
17/05/2024,-54300,-1207830000,22.15(-0.45 %),0,0,54300,1207830000,51392790,4.22
20/05/2024,731800,16605035000,22.85(3.16 %),731800,16605035000,0,0,50782990,4.76
21/05/2024,-190400,-4313000000,22.6(-1.09 %),16000,361340000,206400,4674340000,50821292,4.72
22/05/2024,7400,157435000,22.25(-1.55 %),40100,895545000,32700,738110000,50781190,4.76
23/05/2024,-395500,-8829130000,22.4(0.67 %),3300,73425000,398800,8902555000,50984292,4.58
24/05/2024,-427600,-9546570000,21.85(-2.46 %),45900,1025795000,473500,10572365000,51190192,6.62
27/05/2024,-39600,-872005000,22.1(1.14 %),500,11075000,40100,883080000,51369390,4.24
28/05/2024,260400,5847140000,22.65(2.49 %),260400,5847140000,0,0,51582492,4.06
29/05/2024,423500,9729355000,22.95(1.32 %),469800,10792360000,46300,1063005000,51152790,4.43
30/05/2024,32900,744600000,22.8(-0.65 %),61700,1409810000,28800,665210000,51091092,4.49
31/05/2024,-276100,-6333760000,22.55(-1.10 %),0,0,276100,6333760000,51137490,4.45
03/06/2024,-258400,-5903985000,22.9(1.55 %),1100,25190000,259500,5929175000,51137490,6.69
04/06/2024,252000,5882250000,23.5(2.62 %),329700,7701810000,77700,1819560000,50885490,7.02
05/06/2024,316600,7440745000,23.3(-0.85 %),522000,12304270000,205400,4863525000,50568890,7.44
06/06/2024,12500,290220000,23(-1.29 %),15200,352590000,2700,62370000,50911590,4.64
07/06/2024,-163750,-3780047500,23(0.00 %),0,0,163750,3780047500,51117035,4.46
10/06/2024,27400,640975000,23.35(1.52 %),41700,980925000,14300,339950000,51089635,6.75
11/06/2024,-76800,-1780695000,22.85(-2.14 %),2000,45800000,78800,1826495000,50911590,4.64
12/06/2024,-17400,-395670000,22.8(-0.22 %),0,0,17400,395670000,51254085,4.35
13/06/2024,0,0,22.8(0.00 %),0,0,0,0,51326885,4.28
14/06/2024,264200,6037910000,22(-3.51 %),267500,6113515000,3300,75605000,51076785,4.5
17/06/2024,75400,1675515000,22.15(0.68 %),80400,1786265000,5000,110750000,51004785,4.56
18/06/2024,-22620,-507113000,22(-0.68 %),25900,577995000,48520,1085108000,50982185,4.58
19/06/2024,31000,669900000,21.6(-1.82 %),40000,868090000,9000,198190000,50947185,4.61
20/06/2024,4500,54305000,21(-2.78 %),105300,2207455000,100800,2153150000,50890405,4.66
21/06/2024,3400,71910000,21(0.00 %),3400,71910000,0,0,50896005,4.66
24/06/2024,-51600,-1071345000,19.95(-5.00 %),14300,291885000,65900,1363230000,50982505,4.58
25/06/2024,316900,6585045000,20.8(4.26 %),409900,8510985000,93000,1925940000,50572605,4.94
26/06/2024,-13200,-278565000,21.1(1.44 %),0,0,13200,278565000,50638505,4.88
27/06/2024,-10400,-220790000,20.8(-1.42 %),3800,79230000,14200,300020000,50727705,4.8
28/06/2024,-215800,-4456575000,20.05(-3.61 %),28500,579230000,244300,5035805000,50712405,4.82
04/07/2024,-74200,-1579170000,21.15(-1.17 %),8100,171985000,82300,1751155000,50813105,0.0
05/07/2024,9000,193180000,21.25(0.47 %),9000,193180000,0,0,50804105,0.0
08/07/2024,-94100,-1996215000,21(-1.18 %),9900,210825000,104000,2207040000,50898205,0.0
09/07/2024,-352200,-7418935000,21.3(1.43 %),21700,457235000,373900,7876170000,51250405,0.0
10/07/2024,-207800,-4450200000,21.2(-0.47 %),13100,280545000,220900,4730745000,51458205,0.0
11/07/2024,-33900,-714790000,21.15(-0.24 %),9000,192500000,42900,907290000,51492105,0.0
12/07/2024,-403800,-8446945000,20.6(-2.60 %),54400,1119590000,458200,9566535000,51895905,0.0
15/07/2024,-6000,-130015000,20.65(0.24 %),21600,445210000,27600,575225000,51901905,0.0
16/07/2024,9800,204275000,20.65(0.00 %),9800,204275000,0,0,51892105,0.0
17/07/2024,38500,724560000,20(-3.15 %),93100,1850960000,54600,1126400000,51853605,0.0
18/07/2024,50300,1007005000,20.2(1.00 %),50800,1017055000,500,10050000,51803305,0.0
19/07/2024,-8100,-162690000,19.95(-1.24 %),0,0,8100,162690000,51811405,0.0
22/07/2024,-55500,-1102460000,19.25(-3.51 %),36800,707525000,92300,1809985000,51866905,0.0
23/07/2024,38000,697185000,18.4(-4.42 %),64000,1188955000,26000,491770000,51828905,0.0
24/07/2024,81100,1478800000,19(3.26 %),101400,1864135000,20300,385335000,51747805,0.0
25/07/2024,-29200,-549975000,18.8(-1.05 %),15100,283650000,44300,833625000,51777005,0.0
26/07/2024,-16400,-312180000,18.9(0.53 %),3100,58590000,19500,370770000,51793405,0.0
29/07/2024,-24400,-464335000,18.95(0.26 %),7400,140065000,31800,604400000,51817805,0.0
30/07/2024,-24400,-464335000,18.65(-1.58 %),7400,140065000,31800,604400000,51842205,0.0
31/07/2024,-3900,-72930000,18.4(-1.34 %),14900,277855000,18800,350785000,51846105,0.0
01/08/2024,-55000,-981080000,17.3(-5.98 %),24700,447380000,79700,1428460000,51906805,0.0
02/08/2024,32600,559575000,18.5(6.94 %),45800,787595000,13200,228020000,51874205,0.0
05/08/2024,40700,700135000,17.25(-6.76 %),51100,886585000,10400,186450000,51833505,0.0
06/08/2024,-4100,-69300000,18(4.35 %),20600,360555000,24700,429855000,51837605,0.0
07/08/2024,20700,367305000,18.4(2.22 %),47700,847545000,27000,480240000,51816905,0.0
08/08/2024,-4300,-54605000,18.45(0.27 %),75400,1406950000,79700,1461555000,51821205,0.0
09/08/2024,-79700,-1481140000,18.55(0.54 %),7000,130550000,86700,1611690000,51900905,0.0
12/08/2024,-242600,-4563935000,18.7(0.81 %),8500,159305000,251100,4723240000,52143505,0.0
13/08/2024,-135400,-2515810000,18.5(-1.07 %),0,0,135400,2515810000,52278905,0.0
14/08/2024,-3800,-71490000,18.15(-1.89 %),3200,58820000,7000,130310000,52282705,0.0
15/08/2024,30300,553380000,18.4(1.38 %),38800,709825000,8500,156445000,52252405,0.0
16/08/2024,203800,3825980000,19.4(5.43 %),204300,3835480000,500,9500000,52048605,0.0
19/08/2024,-79600,-1535420000,19.2(-1.03 %),33200,643670000,112800,2179090000,52128205,0.0
20/08/2024,-258700,-5015415000,19.4(1.04 %),10300,199310000,269000,5214725000,52386905,0.0
21/08/2024,36800,728550000,19.5(0.52 %),98100,1957045000,61300,1228495000,52350105,0.0
22/08/2024,-57900,-1130755000,19.4(-0.51 %),0,0,57900,1130755000,52408005,0.0
23/08/2024,-2400,-56995000,19.1(-1.55 %),57000,1092960000,59400,1149955000,52410405,0.0
26/08/2024,22800,436355000,19(-0.52 %),47700,913685000,24900,477330000,52387605,0.0
27/08/2024,-31100,-599115000,18.95(-0.26 %),40200,763580000,71300,1362695000,52418705,0.0
28/08/2024,-25300,-484775000,18.9(-0.26 %),19100,359445000,44400,844220000,52444005,0.0
29/08/2024,-34600,-652295000,18.75(-0.79 %),5800,109660000,40400,761955000,52478605,0.0
30/08/2024,-28300,-536100000,18.8(0.27 %),400,7560000,28700,543660000,52506905,0.0
04/09/2024,28100,534520000,19.1(1.60 %),58800,1118285000,30700,583765000,52532205,0.0
05/09/2024,-36800,-701895000,19.05(-0.26 %),14600,281780000,51400,983675000,52569005,0.0
06/09/2024,-3300,-62940000,18.85(-1.05 %),300,5640000,3600,68580000,52572305,0.0
09/09/2024,-9600,-182720000,18.75(-0.53 %),0,0,9600,182720000,52581905,0.0
10/09/2024,-76600,-1412945000,18.4(-1.87 %),20000,373000000,96600,1785945000,52658505,0.0
11/09/2024,-272600,-4915050000,18.5(0.54 %),21100,380910000,293700,5295960000,52931105,0.0
12/09/2024,0,0,18.25(-1.35 %),0,0,0,0,52931105,0.0
13/09/2024,116900,2110415000,17.95(-1.64 %),116900,2110415000,0,0,52814205,0.0
16/09/2024,-3200,-57955000,18.15(1.11 %),0,0,3200,57955000,52817405,0.0
17/09/2024,17500,313425000,18.45(1.65 %),17500,313425000,0,0,52799905,0.0
18/09/2024,-25100,-460840000,18.4(-0.27 %),2300,42435000,27400,503275000,52825005,0.0
19/09/2024,21100,388070000,18.4(0.00 %),22300,410270000,1200,22200000,52803905,0.0
20/09/2024,63300,1167625000,18.45(0.27 %),63300,1167625000,0,0,52740605,0.0
23/09/2024,-4500,-83440000,18.5(0.27 %),8000,149600000,12500,233040000,52745105,0.0
24/09/2024,-7500,-136835000,18.85(1.89 %),6900,129400000,14400,266235000,52752605,0.0
25/09/2024,40300,757080000,19.05(1.06 %),118000,2242075000,77700,1484995000,52712305,0.0
26/09/2024,-13000,-248450000,18.9(-0.79 %),0,0,13000,248450000,52725305,0.0
27/09/2024,507500,9767795000,19.4(2.65 %),512000,9853450000,4500,85655000,52217805,0.0
30/09/2024,-61300,-1203475000,19.7(1.55 %),33100,645440000,94400,1848915000,52279105,0.0
01/10/2024,-37400,-737510000,19.55(-0.76 %),0,0,37400,737510000,52221225,0.0
02/10/2024,-155400,-3014265000,19.2(-1.79 %),29100,563270000,184500,3577535000,52376625,0.0
03/10/2024,-60000,-1153075000,18.9(-1.56 %),22300,429685000,82300,1582760000,52436625,0.0
04/10/2024,-57400,-1085050000,18.85(-0.26 %),4100,77695000,61500,1162745000,52494025,0.0
07/10/2024,-276000,-5192620000,18.65(-1.06 %),0,0,276000,5192620000,52770025,0.0
08/10/2024,25400,476940000,18.65(0.00 %),54300,1016660000,28900,539720000,52744625,0.0
09/10/2024,18000,339990000,19.2(2.95 %),27500,521945000,9500,181955000,52726625,0.0
10/10/2024,-5400,-103680000,18.95(-1.30 %),0,0,5400,103680000,52732025,0.0
11/10/2024,4100,77900000,18.95(0.00 %),9100,172900000,5000,95000000,52727925,0.0
14/10/2024,21000,403560000,19(0.26 %),39700,760175000,18700,356615000,52706925,0.0
15/10/2024,12700,244960000,18.8(-1.05 %),21900,421115000,9200,176155000,52694225,0.0
16/10/2024,31000,569480000,18.45(-1.86 %),39700,733765000,8700,164285000,52663225,0.0
17/10/2024,4200,72750000,18.6(0.81 %),18200,331410000,14000,258660000,52659025,0.0
18/10/2024,-6000,-112235000,18.55(-0.27 %),700,13055000,6700,125290000,52665025,0.0
21/10/2024,-4100,-75785000,18.4(-0.81 %),200,3710000,4300,79495000,52669125,0.0
22/10/2024,-82900,-1515730000,18.1(-1.63 %),24900,446110000,107800,1961840000,52752025,0.0
23/10/2024,52600,950370000,19.35(6.91 %),52600,950370000,0,0,52699425,0.0
24/10/2024,7900,147395000,18.5(-4.39 %),7900,147395000,0,0,52691525,0.0
25/10/2024,-24500,-450085000,18.1(-2.16 %),100,1835000,24600,451920000,52716025,0.0
28/10/2024,1500,26270000,18.5(2.21 %),8900,161770000,7400,135500000,52714525,0.0
29/10/2024,-7900,-146160000,18.35(-0.81 %),0,0,7900,146160000,52722425,0.0
30/10/2024,5000,91250000,18.6(1.36 %),5000,91250000,0,0,52717425,0.0
31/10/2024,-3400,-62830000,18.35(-1.34 %),200,3670000,3600,66500000,52720825,0.0
01/11/2024,-5300,-96755000,18.1(-1.36 %),0,0,5300,96755000,52853525,0.0
04/11/2024,7600,133950000,18.1(0.00 %),12700,226695000,5100,92745000,52845925,0.0
05/11/2024,-800,-14530000,18.35(1.38 %),100,1805000,900,16335000,52846725,0.0
06/11/2024,11200,206610000,18.55(1.09 %),11200,206610000,0,0,52835525,0.0
07/11/2024,2500,43755000,18.4(-0.81 %),19500,359940000,17000,316185000,52833025,0.0
08/11/2024,47200,860105000,18.1(-1.63 %),47200,860105000,0,0,52785825,0.0
11/11/2024,77900,1428780000,18.45(1.93 %),85200,1562640000,7300,133860000,52707925,0.0
12/11/2024,-24300,-447305000,18.3(-0.81 %),1300,24180000,25600,471485000,52354447,3.39
13/11/2024,-48100,-874345000,18.1(-1.09 %),300,5405000,48400,879750000,52780325,0.0
14/11/2024,-157000,-2806085000,17.8(-1.66 %),200,3585000,157200,2809670000,52937325,0.0
15/11/2024,48900,837275000,17.75(-0.28 %),50200,860250000,1300,22975000,52888425,0.0
18/11/2024,18500,320270000,18(1.41 %),18500,320270000,0,0,52869925,0.0
19/11/2024,-45800,-804755000,17.8(-1.11 %),3000,52360000,48800,857115000,52915725,0.0
20/11/2024,-3700,-65060000,17.75(-0.28 %),18400,325730000,22100,390790000,52919425,0.0
21/11/2024,-18500,-323935000,17.45(-1.69 %),12700,221075000,31200,545010000,52937925,0.0
22/11/2024,13300,230550000,17.45(0.00 %),21700,377035000,8400,146485000,52924625,0.0
25/11/2024,33100,575765000,17.6(0.86 %),37700,656495000,4600,80730000,52887407,2.92
26/11/2024,127800,2252665000,17.8(1.14 %),127800,2252665000,0,0,52768007,3.03
27/11/2024,-28300,-498110000,17.5(-1.69 %),800,14000000,29100,512110000,52771847,3.02
28/11/2024,10400,191630000,17.6(0.57 %),45600,802560000,35200,610930000,52726247,3.06
29/11/2024,-106700,-1856250000,17.45(-0.85 %),0,0,106700,1856250000,52755347,3.04
02/12/2024,-12300,-225705000,17.8(2.01 %),65200,1158355000,77500,1384060000,52725347,3.06
03/12/2024,-35600,-632390000,17.65(-0.84 %),0,0,35600,632390000,52832047,2.97
04/12/2024,-5300,-93440000,17.35(-1.70 %),0,0,5300,93440000,52909547,2.9
05/12/2024,137200,2416945000,17.8(2.59 %),188500,3311720000,51300,894775000,52756647,3.04
09/12/2024,268300,4847860000,18.35(4.26 %),268300,4847860000,0,0,52487547,3.27
10/12/2024,-195300,-3620655000,18.3(-0.27 %),200,3660000,195500,3624315000,52490247,3.27
16/12/2024,-152000,-2775545000,18.1(-1.09 %),0,0,152000,2775545000,52396447,3.35
17/12/2024,-44900,-814200000,18(-0.55 %),0,0,44900,814200000,52536247,3.23
18/12/2024,-66900,-1202635000,17.9(-0.56 %),0,0,66900,1202635000,52688247,3.1
19/12/2024,-234700,-4124195000,17.45(-2.51 %),0,0,234700,4124195000,52733217,3.06
20/12/2024,-3700,-66020000,17.6(0.86 %),0,0,3700,66020000,52800117,3.0
24/12/2024,0,0,17.6(0.00 %),0,0,0,0,52937717,2.88
25/12/2024,288700,5231510000,18.8(6.82 %),288700,5231510000,0,0,52649017,3.13
26/12/2024,97400,1840730000,18.95(0.80 %),98400,1859730000,1000,19000000,52550616,3.22
27/12/2024,94300,1780920000,18.7(-1.32 %),186900,3546820000,92600,1765900000,52363716,3.38
30/12/2024,303200,5767985000,19(1.60 %),320300,6094275000,17100,326290000,52044416,3.66
31/12/2024,-68000,-1311520000,18.55(-2.37 %),72700,1359080000,140700,2670600000,52064316,3.64
02/01/2025,152000,2864415000,18.75(1.08 %),178300,3359275000,26300,494860000,51903116,3.78
03/01/2025,-242200,-4625315000,18.85(0.53 %),24300,461400000,266500,5086715000,52019516,3.68
06/01/2025,-53800,-1050385000,18.6(-1.33 %),242700,4609795000,296500,5660180000,51803116,3.87
07/01/2025,-88500,-1734705000,17.9(-3.76 %),143600,2569230000,232100,4303935000,51803116,3.87
08/01/2025,-70300,-1265540000,18(0.56 %),6300,112770000,76600,1378310000,52216224,3.51
09/01/2025,-217600,-3909670000,17.65(-1.94 %),0,0,217600,3909670000,52448324,3.3
10/01/2025,45500,793910000,17.8(0.85 %),145600,2594520000,100100,1800610000,52379324,3.37
13/01/2025,88500,1587045000,17.85(0.28 %),167800,3034420000,79300,1447375000,52429124,3.32
14/01/2025,51400,920070000,17.95(0.56 %),169200,3072810000,117800,2152740000,52360024,3.38
15/01/2025,366700,6835280000,18.9(5.29 %),449800,8373035000,83100,1537755000,51989524,3.7
16/01/2025,-120400,-2289135000,18.8(-0.53 %),70000,1314350000,190400,3603485000,52109924,0.0
17/01/2025,-91800,-1762510000,19.1(1.60 %),71100,1350695000,162900,3113205000,52049324,3.65
20/01/2025,-372000,-7118030000,18.75(-1.83 %),0,0,372000,7118030000,52239724,3.49
21/01/2025,206500,3871135000,18.9(0.80 %),264900,4969820000,58400,1098685000,52137724,3.58
22/01/2025,-117700,-2230375000,18.7(-1.06 %),0,0,117700,2230375000,52509724,3.25
23/01/2025,-23300,-447125000,19.05(1.87 %),35400,667040000,58700,1114165000,52532724,3.23
24/01/2025,-112200,-2126290000,19(-0.26 %),0,0,112200,2126290000,52650424,3.13
03/02/2025,11900,200875000,0(0.00 %),247600,4747010000,235700,4546135000,52461524,3.29
04/02/2025,311900,6165545000,20.05(4.70 %),445400,8788950000,133500,2623405000,52128324,3.58
05/02/2025,23700,470540000,19.95(-0.50 %),23700,470540000,0,0,52340324,3.4
06/02/2025,150900,3016530000,20(0.25 %),278800,5568800000,127900,2552270000,52195024,3.53
07/02/2025,-496600,-10144420000,19.8(-1.00 %),68500,1381330000,565100,11525750000,52126524,3.59
10/02/2025,156500,3113620000,19.8(0.00 %),169600,3373000000,13100,259380000,52084824,3.62
11/02/2025,-259900,-5240650000,19.9(0.51 %),1300,26150000,261200,5266800000,52648624,3.13
12/02/2025,-1100,-14625000,20.2(1.51 %),37900,772530000,39000,787155000,52623824,3.15
13/02/2025,-147400,-2967550000,20.15(-0.25 %),0,0,147400,2967550000,52885024,2.92
14/02/2025,272800,5581985000,20.35(0.99 %),279700,5725505000,6900,143520000,52644324,3.13
17/02/2025,-26100,-550110000,19.95(-1.97 %),37000,740800000,63100,1290910000,52754724,3.04
18/02/2025,51800,1043440000,19.8(-0.75 %),51800,1043440000,0,0,52709824,3.08
19/02/2025,-20800,-428410000,20(1.01 %),206200,4121000000,227000,4549410000,52566724,3.2
20/02/2025,62100,1229580000,19.8(-1.00 %),88900,1764900000,26800,535320000,52477824,3.28
21/02/2025,140900,2809235000,20(1.01 %),186200,3719455000,45300,910220000,52518624,3.24
24/02/2025,-156800,-3169440000,19.9(-0.50 %),42600,855930000,199400,4025370000,52502824,3.26
25/02/2025,925700,18965740000,20.55(3.27 %),974500,19953355000,48800,987615000,51573624,4.07
26/02/2025,-76600,-1577915000,20.3(-1.22 %),0,0,76600,1577915000,51773024,3.89
27/02/2025,0,0,20.2(-0.49 %),0,0,0,0,51821824,3.85
28/02/2025,-553900,-11157270000,19.95(-1.24 %),35800,720325000,589700,11877595000,51862624,3.82
03/03/2025,-392300,-7844795000,20.15(1.00 %),0,0,392300,7844795000,51862624,3.82
04/03/2025,46700,966200000,20.35(0.99 %),170200,3479985000,123500,2513785000,52282124,3.45
05/03/2025,-36800,-741440000,19.95(-1.97 %),0,0,36800,741440000,52674424,3.11
06/03/2025,-21300,-425770000,20.1(0.75 %),0,0,21300,425770000,52797924,3.0
07/03/2025,81900,1687165000,20(-0.50 %),200100,4081345000,118200,2394180000,52634624,3.14
10/03/2025,1706800,35114445000,20.65(3.25 %),1752800,36050295000,46000,935850000,50903124,4.65
11/03/2025,67600,1414530000,20.95(1.45 %),148400,3074650000,80800,1660120000,50903124,4.65
12/03/2025,-212300,-4435230000,20.6(-1.67 %),34800,716880000,247100,5152110000,50884124,4.67
13/03/2025,-931300,-18922970000,19.75(-4.13 %),500,10075000,931800,18933045000,50964516,4.6
14/03/2025,-68600,-1359085000,19.55(-1.01 %),53900,1057945000,122500,2417030000,51157738,4.43
17/03/2025,-11400,-222865000,19.6(0.26 %),100,1965000,11500,224830000,52089438,3.62
18/03/2025,15100,296620000,19.55(-0.26 %),21500,422410000,6400,125790000,52190438,3.53
19/03/2025,-131400,-2554880000,19.35(-1.02 %),4500,87480000,135900,2642360000,52197438,3.52
20/03/2025,2400,46310000,19.5(0.78 %),4300,83170000,1900,36860000,52199538,3.52
21/03/2025,-20200,-391800000,19.25(-1.28 %),0,0,20200,391800000,52335486,3.4
24/03/2025,16100,308130000,19.2(-0.26 %),17000,325410000,900,17280000,52320386,3.42
25/03/2025,15800,305165000,19.25(0.26 %),16200,312895000,400,7730000,52324386,3.41
26/03/2025,9600,185880000,19.15(-0.52 %),9600,185880000,0,0,52315686,3.42
27/03/2025,-400,-7675000,19(-0.78 %),0,0,400,7675000,52316086,3.42
28/03/2025,-90600,-1710585000,18.4(-3.16 %),33100,615095000,123700,2325680000,52282986,3.45
31/03/2025,109700,2019595000,18.55(0.82 %),111900,2060475000,2200,40880000,52171486,3.55
01/04/2025,-100,-1860000,18.65(0.54 %),0,0,100,1860000,52295186,3.44
02/04/2025,33000,593015000,18.6(-0.27 %),64900,1194760000,31900,601745000,52232486,3.49
03/04/2025,-45200,-805780000,17.3(-6.99 %),600,10410000,45800,816190000,52231986,3.49
04/04/2025,-16600,-280330000,16.1(-6.94 %),63600,1030770000,80200,1311100000,52200286,3.52
08/04/2025,65700,983105000,15(-6.83 %),107400,1619765000,41700,636660000,52138686,3.57
09/04/2025,131700,1849945000,13.95(-7.00 %),154900,2178365000,23200,328420000,52063986,3.64
10/04/2025,0,0,14.9(6.81 %),0,0,0,0,52105686,3.6
11/04/2025,21800,494045000,15.65(5.03 %),429600,6628995000,407800,6134950000,51699286,3.96
14/04/2025,-139100,-2188430000,15.85(1.28 %),200,3120000,139300,2191550000,51699086,3.96
15/04/2025,261400,4040610000,15.5(-2.21 %),270800,4186160000,9400,145550000,51836086,3.84
16/04/2025,-29200,-452950000,15.4(-0.65 %),43200,669740000,72400,1122690000,51932186,3.75
17/04/2025,61300,941965000,15.5(0.65 %),102800,1578980000,41500,637015000,51838786,3.84
18/04/2025,-39200,-617980000,15.6(0.65 %),97400,1524675000,136600,2142655000,51813786,3.86
21/04/2025,-114600,-1779930000,15.2(-2.56 %),22600,345065000,137200,2124995000,51832686,3.84
22/04/2025,16500,250640000,14.35(-5.59 %),156700,2267635000,140200,2016995000,51812586,3.86
23/04/2025,34000,487555000,14.9(3.83 %),113500,1642625000,79500,1155070000,51836286,3.84
24/04/2025,22400,333430000,15(0.67 %),42400,636885000,20000,303455000,51934086,3.75
25/04/2025,234500,3586005000,15.15(1.00 %),278500,4269425000,44000,683420000,51735086,3.93
28/04/2025,91000,1336265000,15.7(3.63 %),207700,3146950000,116700,1810685000,51547386,4.09
29/04/2025,-71200,-1109725000,15.55(-0.96 %),3400,53125000,74600,1162850000,51587986,4.05
05/05/2025,146600,1581040000,16(2.89 %),146600,2321210000,0,740170000,51604286,4.04
06/05/2025,-166800,-2672780000,15.6(-2.50 %),26300,418765000,193100,3091545000,51678886,3.98
07/05/2025,385800,6050225000,15.85(1.60 %),395400,6202305000,9600,152080000,51293086,4.31
08/05/2025,-102300,-1619265000,15.9(0.32 %),210700,3335940000,313000,4955205000,51459886,4.17
09/05/2025,-191000,-3073720000,15.85(-0.31 %),20100,324925000,211100,3398645000,51459886,4.17
12/05/2025,-104400,-1650270000,15.8(-0.32 %),38800,611100000,143200,2261370000,51562186,4.08
13/05/2025,320500,5173360000,16.1(1.90 %),371500,5997465000,51000,824105000,51432686,4.19
14/05/2025,-93600,-1515625000,16.1(0.00 %),101500,1633060000,195100,3148685000,51537086,4.1
15/05/2025,288900,2646160000,16.4(1.86 %),288900,4679355000,0,2033195000,51373386,4.24
16/05/2025,300,-6597600000,16.05(-2.13 %),300,4890000,0,6602490000,51466986,4.16
19/05/2025,109700,839120000,16(-0.31 %),109700,1761420000,0,922300000,51414586,4.21
20/05/2025,0,-3135760000,16(0.00 %),0,0,0,3135760000,51819286,3.85
21/05/2025,232100,-138175000,16.55(3.44 %),232100,3759465000,0,3897640000,51819286,3.85
22/05/2025,500,-11245580000,16.05(-3.02 %),500,8200000,0,11253780000,52014586,3.68
23/05/2025,45900,712110000,16.3(1.56 %),175100,2844095000,129200,2131985000,51975186,3.72
26/05/2025,294700,1393975000,16.75(2.76 %),294700,4856485000,0,3462510000,52579786,3.19
27/05/2025,22200,366345000,17.1(2.09 %),162200,2761330000,140000,2394985000,52557586,3.21
28/05/2025,32200,-2395885000,16.8(-1.75 %),32200,539435000,0,2935320000,52557586,3.21
29/05/2025,121500,530825000,17(1.19 %),121500,2035025000,0,1504200000,52525086,3.24
30/05/2025,6000,-2771270000,16.7(-1.76 %),6000,101355000,0,2872625000,52664586,3.12
02/06/2025,532200,6597454200,17.05(2.10 %),532200,9024410000,0,2426955800,52274767,3.46
03/06/2025,9400,-611930000,17(-0.29 %),9400,160545000,0,772475000,52439667,3.31
04/06/2025,296800,1493480000,17.15(0.88 %),296800,5102345000,0,3608865000,52351467,3.39
05/06/2025,190400,-2747005000,17.15(0.00 %),190400,3295630000,0,6042635000,52387167,3.36
06/06/2025,53700,-2354965000,16.75(-2.33 %),53700,911015000,0,3265980000,52387167,3.36
09/06/2025,44800,-1067600000,16.35(-2.39 %),44800,735975000,0,1803575000,52546367,3.22
10/06/2025,175000,2504440000,16.45(0.61 %),175000,2878990000,0,374550000,52532167,3.23
11/06/2025,-29800,-531770000,17.05(3.65 %),170100,2846895000,199900,3378665000,52595567,3.18
12/06/2025,-227700,-3924190000,17.1(0.29 %),22000,376740000,249700,4300930000,52595567,3.18
13/06/2025,877200,14961455000,17.3(1.17 %),979500,16776720000,102300,1815265000,51748167,3.91
16/06/2025,-185700,-3226545000,17.3(0.00 %),14400,248800000,200100,3475345000,51975867,3.72
17/06/2025,24300,422305000,17.35(0.29 %),46400,810710000,22100,388405000,51951567,3.74
18/06/2025,-535100,-9338540000,17.05(-1.73 %),60500,1047380000,595600,10385920000,52137267,3.58
19/06/2025,-158100,-2689855000,16.8(-1.47 %),0,0,158100,2689855000,52137267,3.58
20/06/2025,-191500,-3211100000,16.7(-0.60 %),0,0,191500,3211100000,52672367,3.11
23/06/2025,-93700,-1589845000,16.9(1.20 %),19500,323870000,113200,1913715000,52830467,2.97
24/06/2025,7800,132060000,16.85(-0.30 %),15400,260880000,7600,128820000,53014167,2.81
25/06/2025,301100,5129205000,16.7(-0.89 %),301100,5129205000,0,0,52806767,2.99
26/06/2025,-31800,-532775000,16.8(0.60 %),2500,41750000,34300,574525000,52806767,2.99
27/06/2025,45100,759805000,16.75(-0.30 %),45900,773245000,800,13440000,52761667,3.03
30/06/2025,333500,5635465000,16.85(0.60 %),333500,5635465000,0,0,52459967,3.29
01/07/2025,-219800,-3748310000,16.85(0.00 %),30100,516615000,249900,4264925000,52459967,3.29
02/07/2025,220700,3767305000,17.15(1.78 %),238600,4070710000,17900,303405000,52239267,3.49
03/07/2025,154200,2644185000,16.95(-1.17 %),259500,4467380000,105300,1823195000,52304867,3.43
04/07/2025,-29600,-504295000,17.05(0.59 %),35700,607500000,65300,1111795000,52304867,3.43
07/07/2025,14100,236385000,17.3(1.47 %),120000,2061545000,105900,1825160000,52290767,3.44
08/07/2025,173100,3007340000,17.4(0.58 %),220400,3828425000,47300,821085000,52147267,3.57
09/07/2025,-587700,-10346080000,17.45(0.29 %),14000,243895000,601700,10589975000,52147267,3.57
10/07/2025,31100,552810000,17.35(-0.57 %),109300,1925395000,78200,1372585000,52147267,3.57
11/07/2025,-98700,-1712305000,17.15(-1.15 %),11300,193945000,110000,1906250000,52703867,3.08
14/07/2025,362100,6256510000,17.4(1.46 %),481000,8284545000,118900,2028035000,52341767,3.4
15/07/2025,223200,3884125000,17.15(-1.44 %),258500,4501865000,35300,617740000,52217267,3.51
16/07/2025,904000,16061630000,18.05(5.25 %),945600,16803630000,41600,742000000,51313267,4.29
17/07/2025,-397500,-7188420000,17.95(-0.55 %),50400,898870000,447900,8087290000,51313267,4.29
18/07/2025,235600,4250890000,18.25(1.67 %),577200,10478075000,341600,6227185000,51077667,4.5
21/07/2025,-705200,-12944745000,18(-1.37 %),30900,558645000,736100,13503390000,51475217,4.15
22/07/2025,-45300,-825070000,18.05(0.28 %),102000,1832230000,147300,2657300000,51475217,4.15
23/07/2025,-168200,-3161335000,18.2(0.83 %),407200,7421175000,575400,10582510000,52180417,3.54
24/07/2025,-88000,-1605920000,18.05(-0.82 %),20300,366015000,108300,1971935000,52225717,3.5
25/07/2025,652000,11989000000,18.4(1.94 %),701500,12898980000,49500,909980000,51741917,3.92
28/07/2025,173200,3211070000,18.85(2.45 %),569800,10639575000,396600,7428505000,51656717,3.99
29/07/2025,325900,6102285000,17.85(-5.31 %),451300,8477735000,125400,2375450000,51330817,4.28
30/07/2025,-323100,-5830455000,18.1(1.40 %),148500,2665310000,471600,8495765000,51330817,4.28
31/07/2025,-25900,-478815000,18(-0.55 %),360300,6517445000,386200,6996260000,51330817,4.28
01/08/2025,164000,2988720000,18.1(0.56 %),314100,5742340000,150100,2753620000,51489917,4.14
04/08/2025,150200,2805865000,19.35(6.91 %),567000,10557350000,416800,7751485000,51365617,4.25
05/08/2025,-2605200,-50247105000,18.5(-4.39 %),187300,3509775000,2792500,53756880000,51365617,4.25
06/08/2025,-232100,-4341235000,18.8(1.62 %),250400,4665585000,482500,9006820000,51365617,4.25
07/08/2025,-56400,-1118310000,19.65(4.52 %),441700,8475430000,498100,9593740000,53970817,1.98
08/08/2025,-223800,-4429045000,19.35(-1.53 %),109200,2090430000,333000,6519475000,54202917,1.78
11/08/2025,-29800,-642235000,19.6(1.29 %),232100,4567175000,261900,5209410000,54259317,1.73
12/08/2025,-245300,-4832560000,19.5(-0.51 %),145200,2793230000,390500,7625790000,54483117,1.53
13/08/2025,619600,12332150000,20.4(4.62 %),778800,15539990000,159200,3207840000,53893313,2.05
14/08/2025,-254200,-5225605000,20.25(-0.74 %),25000,502500000,279200,5728105000,54138613,1.83
15/08/2025,40900,730700000,19.7(-2.72 %),186300,3683300000,145400,2952600000,54097713,1.87
18/08/2025,90500,1874960000,20.4(3.55 %),590000,12089395000,499500,10214435000,54261413,1.73
19/08/2025,106400,2145945000,20.15(-1.23 %),248000,5054800000,141600,2908855000,54155013,1.82
20/08/2025,-600,-228670000,19.4(-3.72 %),350800,6750085000,351400,6978755000,54155013,1.82
21/08/2025,-388200,-7414540000,18.7(-3.61 %),88500,1700320000,476700,9114860000,54155013,1.82
22/08/2025,-24000,-458365000,18.5(-1.07 %),289700,5311885000,313700,5770250000,54155013,1.82
25/08/2025,-68000,-1261725000,18.35(-0.81 %),11000,204580000,79000,1466305000,54155613,1.82
