Ngay,KLGDRong,GTDGRong,ThayDoi,KLMua,GtMua,KLBan,GtBan,RoomConLai,DangSoHuu
23/11/2018,0,0,0(0.00 %),0,0,0,0,19778212,1.2
26/11/2018,-3500,-382900000,0(0.00 %),11500,945700000,15000,1328600000,19777712,1.2
27/11/2018,368430,45406608500,0(0.00 %),386800,47642628500,18370,2236020000,19390912,2.14
28/11/2018,105000,12888270000,0(0.00 %),133700,16422560000,28700,3534290000,19257212,2.46
29/11/2018,0,0,0(0.00 %),0,0,0,0,19257212,2.46
30/11/2018,0,0,0(0.00 %),0,0,0,0,19257212,2.46
03/12/2018,236490,30879225300,0(0.00 %),237690,31031325300,1200,152100000,18869987,3.39
04/12/2018,18600,2385380000,0(0.00 %),18600,2385380000,0,0,18853887,3.43
05/12/2018,27503,3450880400,0(0.00 %),28003,3513680400,500,62800000,18839484,3.47
06/12/2018,2400,301440000,0(0.00 %),2400,301440000,0,0,18838284,3.47
07/12/2018,61000,7748300000,0(0.00 %),61500,7811650000,500,63350000,18776784,3.62
10/12/2018,7100,900290000,0(0.00 %),7100,900290000,0,0,18770184,3.64
11/12/2018,12300,1557750000,0(0.00 %),12300,1557750000,0,0,18757884,3.67
12/12/2018,51800,6637520000,0(0.00 %),52800,6765370000,1000,127850000,18705584,3.79
13/12/2018,17600,2253050000,0(0.00 %),17600,2253050000,0,0,18687984,3.83
14/12/2018,58400,7447390000,0(0.00 %),58400,7447390000,0,0,18629584,3.98
17/12/2018,50700,6354480000,0(0.00 %),50700,6354480000,0,0,18579884,4.1
18/12/2018,72760,9105430000,0(0.00 %),84800,10611130000,12040,1505700000,18495084,4.3
19/12/2018,20400,2506680000,0(0.00 %),20500,2519180000,100,12500000,18474584,4.35
20/12/2018,2810710,348531460000,0(0.00 %),2810800,348542530000,90,11070000,15663784,11.14
21/12/2018,94660,12103097100,0(0.00 %),94660,12103097100,0,0,15581164,11.34
24/12/2018,11500,1461530000,0(0.00 %),16000,2034700000,4500,573170000,15565264,11.38
25/12/2018,16600,2105870000,0(0.00 %),23700,2993610000,7100,887740000,15541654,11.44
26/12/2018,16143,2035704000,0(0.00 %),18943,2386384000,2800,350680000,15522711,11.48
27/12/2018,131900,16910630000,0(0.00 %),132300,16960950000,400,50320000,15394911,11.79
28/12/2018,182700,23629080000,0(0.00 %),184400,23847830000,1700,218750000,15217611,12.22
02/01/2019,103700,13585460000,0(0.00 %),103700,13585460000,0,0,15116711,12.47
03/01/2019,0,0,0(0.00 %),0,0,0,0,15116711,12.47
04/01/2019,0,0,0(0.00 %),0,0,0,0,15116711,12.47
07/01/2019,0,0,0(0.00 %),0,0,0,0,15116711,12.47
08/01/2019,0,0,0(0.00 %),0,0,0,0,15116711,12.47
10/01/2019,99800,13408280000,0(0.00 %),101800,13677580000,2000,269300000,15016911,12.71
11/01/2019,65100,9043640000,0(0.00 %),73700,10239040000,8600,1195400000,14951811,12.86
14/01/2019,35300,5056090000,0(0.00 %),36300,5198640000,1000,142550000,14916511,0.0
15/01/2019,79000,11201530000,0(0.00 %),124000,17609380000,45000,6407850000,14837511,0.0
16/01/2019,53010,7914275000,0(0.00 %),56410,8419305000,3400,505030000,14784501,0.0
17/01/2019,82290,12674707600,0(0.00 %),118400,18264200000,36110,5589492400,14702211,0.0
18/01/2019,115200,17849250000,0(0.00 %),543200,85469150000,428000,67619900000,14587011,0.0
21/01/2019,45600,6937130000,0(0.00 %),75800,11522730000,30200,4585600000,14541411,0.0
22/01/2019,35320,5415660000,0(0.00 %),135320,20727240000,100000,15311580000,14506091,0.0
24/01/2019,83300,12887330000,0(0.00 %),83300,12887330000,0,0,14422791,0.0
25/01/2019,47200,7309053000,0(0.00 %),47300,7324543000,100,15490000,14375591,0.0
28/01/2019,67751,10494516000,0(0.00 %),127451,19748016000,59700,9253500000,14307840,0.0
29/01/2019,6700,1030250000,0(0.00 %),6700,1030250000,0,0,14301140,0.0
30/01/2019,15700,2430540000,0(0.00 %),15700,2430540000,0,0,14285440,0.0
31/01/2019,52540,8567720000,0(0.00 %),64900,10605920000,12360,2038200000,14232900,0.0
01/02/2019,400,66340000,0(0.00 %),500,83000000,100,16660000,14087460,0.0
11/02/2019,10721,1815800000,0(0.00 %),11721,1986270000,1000,170470000,14076739,0.03
12/02/2019,17030,2874555000,0(0.00 %),80430,13681905000,63400,10807350000,14059709,0.04
13/02/2019,12950,2196405000,0(0.00 %),13500,2288510000,550,92105000,14046759,0.0
14/02/2019,14800,2514550000,0(0.00 %),45400,7716500000,30600,5201950000,14031959,0.0
15/02/2019,-9400,-1604610000,0(0.00 %),9000,1532120000,18400,3136730000,14041359,0.0
18/02/2019,21900,3684750000,0(0.00 %),22400,3769100000,500,84350000,14019459,0.01
19/02/2019,3100,526880000,0(0.00 %),23500,3996810000,20400,3469930000,14016359,0.0
20/02/2019,3740,636741200,0(0.00 %),23640,4040581200,19900,3403840000,14012619,0.0
21/02/2019,25300,4331180000,0(0.00 %),36100,6215440000,10800,1884260000,13987319,0.0
22/02/2019,300,51620000,0(0.00 %),400,69120000,100,17500000,13987019,0.0
25/02/2019,6700,1144040000,0(0.00 %),7900,1349200000,1200,205160000,13980319,0.0
26/02/2019,18700,3212190000,0(0.00 %),19400,3332470000,700,120280000,13961619,0.04
27/02/2019,-1970,-339445000,0(0.00 %),30,5165000,2000,344610000,13963589,0.0
28/02/2019,1400,240460000,0(0.00 %),1400,240460000,0,0,13962189,15.26
01/03/2019,3601,621893600,0(0.00 %),3612,623803200,11,1909600,13957037,0.01
04/03/2019,26200,4584950000,0(0.00 %),26200,4584950000,0,0,13930837,0.07
05/03/2019,22700,3994712200,0(0.00 %),22800,4012220000,100,17507800,13908137,0.06
06/03/2019,26600,4642860000,0(0.00 %),26600,4642860000,0,0,13881537,0.07
07/03/2019,21853,4064964000,0(0.00 %),84700,15843170000,62847,11778206000,13859684,0.06
08/03/2019,24200,4518310000,0(0.00 %),24200,4518310000,0,0,13835484,0.0
11/03/2019,21445,4060630000,0(0.00 %),21445,4060630000,0,0,13814039,0.0
12/03/2019,24500,4810760000,0(0.00 %),154700,30488880000,130200,25678120000,13789539,0.06
13/03/2019,-5570,-1101750000,0(0.00 %),64430,12641180000,70000,13742930000,13795109,0.0
14/03/2019,10580,2059960000,0(0.00 %),80900,15792730000,70320,13732770000,13784529,0.0
15/03/2019,15990,3109529000,0(0.00 %),42900,8360330000,26910,5250801000,13768539,0.0
18/03/2019,9162,1782876000,0(0.00 %),13762,2679486000,4600,896610000,13759377,0.0
19/03/2019,4700,913280000,0(0.00 %),15800,3080380000,11100,2167100000,13754677,0.0
20/03/2019,-1481,-286497800,0(0.00 %),34119,6653222200,35600,6939720000,13756158,0.0
21/03/2019,2090,409239000,0(0.00 %),36290,7082299000,34200,6673060000,13754068,0.0
22/03/2019,2600,507130000,0(0.00 %),2600,507130000,0,0,13751468,0.0
25/03/2019,3900,785250000,0(0.00 %),28100,5540240000,24200,4754990000,13747568,0.0
26/03/2019,2800,551350000,0(0.00 %),2800,551350000,0,0,13744768,0.0
27/03/2019,-6600,-1297830000,0(0.00 %),7600,1483500000,14200,2781330000,13751368,0.0
28/03/2019,1000,195660000,0(0.00 %),1000,195660000,0,0,13750368,0.0
29/03/2019,20264,3999927000,0(0.00 %),20264,3999927000,0,0,13730104,0.02
01/04/2019,-6000,-1176970000,0(0.00 %),3000,587280000,9000,1764250000,13729115,0.01
02/04/2019,-5500,-1051540000,0(0.00 %),56000,10769490000,61500,11821030000,13734615,0.0
03/04/2019,-44700,-7968420000,0(0.00 %),61200,11049590000,105900,19018010000,13779315,0.0
04/04/2019,31710,5831420000,0(0.00 %),88010,16119660000,56300,10288240000,13747605,0.0
05/04/2019,700,129550000,0(0.00 %),30700,5543670000,30000,5414120000,13746905,0.0
08/04/2019,4300,761590000,0(0.00 %),46700,8336070000,42400,7574480000,13742605,0.0
09/04/2019,-12695,-2258140500,0(0.00 %),28205,5022639500,40900,7280780000,13755300,0.0
10/04/2019,-28334,-5164460000,0(0.00 %),10966,1972630000,39300,7137090000,13783634,0.0
11/04/2019,-3070,-564450000,0(0.00 %),48740,8918369000,51810,9482819000,13786704,0.0
12/04/2019,10050,1887232700,0(0.00 %),55100,10355680000,45050,8468447300,13776654,0.0
16/04/2019,13500,2550350000,0(0.00 %),39000,7365300000,25500,4814950000,13763154,0.0
17/04/2019,70700,13440820000,0(0.00 %),92800,17645646000,22100,4204826000,13692454,0.05
18/04/2019,25400,4826000000,0(0.00 %),25400,4826000000,0,0,13667054,0.01
19/04/2019,16200,3054600000,0(0.00 %),23500,4426460000,7300,1371860000,13650854,0.05
22/04/2019,19300,3630740000,0(0.00 %),19300,3630740000,0,0,13631554,0.05
23/04/2019,7810,1470563000,0(0.00 %),14810,2787813000,7000,1317250000,13623744,0.02
24/04/2019,37300,7028650000,0(0.00 %),37400,7047500000,100,18850000,13586444,0.09
25/04/2019,17200,3264200000,0(0.00 %),17200,3264200000,0,0,13569244,0.05
26/04/2019,9700,1870420000,0(0.00 %),10300,1985120000,600,114700000,13559544,0.04
02/05/2019,38100,7342580000,0(0.00 %),50100,9655110000,12000,2312530000,13517844,0.12
03/05/2019,400,76220000,0(0.00 %),600,114600000,200,38380000,13517444,0.0
06/05/2019,15700,2980290000,0(0.00 %),28400,5388970000,12700,2408680000,13501744,0.04
07/05/2019,20950,3980120000,0(0.00 %),20950,3980120000,0,0,13480794,0.05
08/05/2019,100,18700000,0(0.00 %),100,18700000,0,0,13480694,0.0
09/05/2019,8600,1618080000,0(0.00 %),8700,1636880000,100,18800000,13472094,0.05
10/05/2019,17820,3329714000,0(0.00 %),20820,3889404000,3000,559690000,13454274,0.07
13/05/2019,11500,2168730000,0(0.00 %),11500,2168730000,0,0,13442774,0.05
14/05/2019,12900,2438040000,0(0.00 %),20000,3765380000,7100,1327340000,13429874,0.05
15/05/2019,2910,547371000,0(0.00 %),2910,547371000,0,0,13426964,0.02
16/05/2019,27100,5142070000,0(0.00 %),27110,5143970000,10,1900000,13399864,0.08
17/05/2019,20410,3835740000,0(0.00 %),20910,3930490000,500,94750000,13379454,0.08
20/05/2019,5840,1094978000,0(0.00 %),5840,1094978000,0,0,13373614,0.04
21/05/2019,-8242,-1546986600,0(0.00 %),23930,4452496000,32172,5999482600,13381856,0.01
22/05/2019,15500,2881520000,0(0.00 %),15500,2881520000,0,0,13366356,0.0
23/05/2019,8600,1594280000,0(0.00 %),26800,4974800000,18200,3380520000,13357756,0.0
24/05/2019,10320,1895835000,0(0.00 %),10720,1969295000,400,73460000,13347436,0.04
27/05/2019,2350,464165000,0(0.00 %),7550,1424625000,5200,960460000,13345086,0.02
28/05/2019,-1870,-348120000,0(0.00 %),330,61210000,2200,409330000,13346956,0.01
29/05/2019,32659,6072542000,0(0.00 %),37659,7002042000,5000,929500000,13314297,0.09
30/05/2019,18000,3346680000,0(0.00 %),34600,6431210000,16600,3084530000,13296297,0.06
31/05/2019,19500,3663200000,0(0.00 %),19600,3682000000,100,18800000,13276797,0.03
03/06/2019,58306,11041138000,0(0.00 %),99606,18877858000,41300,7836720000,13213091,0.14
04/06/2019,10900,1454920000,0(0.00 %),139700,18762962400,128800,17308042400,13202191,0.07
05/06/2019,15500,2074960000,0(0.00 %),16600,2221530000,1100,146570000,13186691,0.05
06/06/2019,47002,6499458000,0(0.00 %),51602,7135218000,4600,635760000,13139689,0.12
07/06/2019,4900,718590000,0(0.00 %),5800,851290000,900,132700000,13134789,0.04
10/06/2019,870,140054000,0(0.00 %),241620,36276572000,240750,36136518000,13133919,0.03
11/06/2019,-3981,-550223600,0(0.00 %),51119,7535736400,55100,8085960000,13137900,0.01
12/06/2019,33600,5032070000,0(0.00 %),143000,21413684400,109400,16381614400,13100319,0.0
13/06/2019,62400,9410230000,0(0.00 %),104400,15748790000,42000,6338560000,13037919,0.0
14/06/2019,2916,436803000,0(0.00 %),2916,436803000,0,0,13035003,0.0
17/06/2019,24991,3676229100,0(0.00 %),89031,13106394100,64040,9430165000,13010012,0.01
18/06/2019,-7280,-1093870000,0(0.00 %),102520,15090570000,109800,16184440000,13017292,0.0
19/06/2019,1870,274597000,0(0.00 %),5870,867297000,4000,592700000,13015422,0.0
20/06/2019,5700,831740000,0(0.00 %),12700,1853690000,7000,1021950000,13009722,0.0
21/06/2019,-200,-30900000,0(0.00 %),1800,260940000,2000,291840000,13009922,0.03
24/06/2019,3803,547685000,0(0.00 %),14900,2154650000,11097,1606965000,13006119,0.04
25/06/2019,-3603,-527064600,0(0.00 %),8197,1165815400,11800,1692880000,13009722,0.01
26/06/2019,26000,3630220000,0(0.00 %),39800,5554410000,13800,1924190000,12983722,0.06
27/06/2019,-16600,-2345610000,0(0.00 %),42400,5989120000,59000,8334730000,13000322,9.33
28/06/2019,-2700,-382650000,0(0.00 %),6700,944430000,9400,1327080000,13003022,9.27
01/07/2019,-5200,-726940000,0(0.00 %),400,55800000,5600,782740000,18433640,0.0
02/07/2019,5900,786830000,0(0.00 %),11000,1482900000,5100,696070000,18427740,0.11
03/07/2019,22600,3060270000,0(0.00 %),39100,5300820000,16500,2240550000,18405140,0.15
04/07/2019,8255,1138145500,0(0.00 %),45800,6295690000,37545,5157544500,18396885,0.1
05/07/2019,0,0,0(0.00 %),0,0,0,0,18396885,17.56
08/07/2019,5420,734020000,0(0.00 %),6620,897380000,1200,163360000,18391465,0.05
09/07/2019,20538,2815001400,0(0.00 %),22155,3035741900,1617,220740500,18370927,0.14
10/07/2019,61000,8490660000,0(0.00 %),62700,8726340000,1700,235680000,18309927,0.21
11/07/2019,2142,297170200,0(0.00 %),15450,2164512200,13308,1867342000,18307785,0.11
12/07/2019,34500,4827740000,0(0.00 %),35900,5023350000,1400,195610000,18273285,0.15
15/07/2019,22144,3067448200,0(0.00 %),24100,3339550000,1956,272101800,18251141,0.13
16/07/2019,48100,6738540000,0(0.00 %),48200,6752540000,100,14000000,18203041,0.19
17/07/2019,33864,4843507200,0(0.00 %),69300,9914720000,35436,5071212800,18169177,0.17
18/07/2019,100,14260000,0(0.00 %),100,14260000,0,0,18169077,0.1
19/07/2019,30573,4343930600,0(0.00 %),33400,4744980000,2827,401049400,18138504,0.16
22/07/2019,62563,9059038300,0(0.00 %),98000,14056920000,35437,4997881700,18075941,0.21
23/07/2019,0,-60000,0(0.00 %),300,44100000,300,44160000,18075941,0.05
24/07/2019,2600,377770000,0(0.00 %),3000,435730000,400,57960000,18073341,0.06
25/07/2019,-4500,-651760000,0(0.00 %),0,0,4500,651760000,18077841,0.1
26/07/2019,-9900,-1417320000,0(0.00 %),31500,4508760000,41400,5926080000,18087741,0.09
29/07/2019,11900,1650450000,0(0.00 %),90900,12752802400,79000,11102352400,18075841,0.11
30/07/2019,-35,-4785000,0(0.00 %),465,65385000,500,70170000,18075876,0.05
31/07/2019,-3200,-449600000,0(0.00 %),56700,8003610000,59900,8453210000,18079076,0.06
01/08/2019,-1600,-225760000,0(0.00 %),1300,183010000,2900,408770000,18138297,0.0
02/08/2019,4634,636988600,0(0.00 %),12123,1697404600,7489,1060416000,18133663,0.01
05/08/2019,-20094,-2985302500,0(0.00 %),3002,441815000,23096,3427117500,18153757,0.0
06/08/2019,-43730,-6440222600,0(0.00 %),121219,17924987500,164949,24365210100,18197487,0.0
07/08/2019,3830,577835000,0(0.00 %),167350,24379080000,163520,23801245000,18193657,0.0
08/08/2019,-24959,-3526253000,0(0.00 %),14429,2046608000,39388,5572861000,18218616,0.0
09/08/2019,-5600,-787390000,0(0.00 %),100900,14151170000,106500,14938560000,18224216,0.0
12/08/2019,3930,549254000,0(0.00 %),3930,549254000,0,0,18220286,0.0
13/08/2019,34100,4633590000,0(0.00 %),39200,5325740000,5100,692150000,18186186,0.06
14/08/2019,10600,1463830000,0(0.00 %),112200,15587610000,101600,14123780000,18175586,0.02
15/08/2019,4496,622522100,0(0.00 %),7266,1008316800,2770,385794700,18171090,0.01
16/08/2019,24400,3419980000,0(0.00 %),26700,3743410000,2300,323430000,18146690,0.05
19/08/2019,16700,2335450000,0(0.00 %),20300,2836890000,3600,501440000,18129990,0.03
20/08/2019,-1347,-188437100,0(0.00 %),600,83450000,1947,271887100,18131337,0.0
21/08/2019,-1363,-194126400,0(0.00 %),9537,1331833600,10900,1525960000,18132700,0.0
22/08/2019,-33421,-4613384000,0(0.00 %),4410,607910000,37831,5221294000,18166121,0.0
23/08/2019,16627,2303193000,0(0.00 %),19600,2716370000,2973,413177000,18149494,0.0
26/08/2019,1300,178110000,0(0.00 %),36700,5043770000,35400,4865660000,18148194,0.0
27/08/2019,19710,2687525000,0(0.00 %),56410,7702505000,36700,5014980000,18128484,0.0
28/08/2019,1900,260140000,0(0.00 %),32400,4407750000,30500,4147610000,18126584,0.0
29/08/2019,800,106430000,0(0.00 %),31400,4276300000,30600,4169870000,18125784,0.0
30/08/2019,6200,844020000,0(0.00 %),12800,1743130000,6600,899110000,18119584,0.0
03/09/2019,14178,1931803600,0(0.00 %),34400,4690150000,20222,2758346400,18056284,0.06
04/09/2019,-8000,-1080490000,0(0.00 %),17000,2296200000,25000,3376690000,18064284,0.04
05/09/2019,-13900,-1806720000,0(0.00 %),65000,8398220000,78900,10204940000,18078184,0.0
06/09/2019,12893,1682730000,0(0.00 %),60300,7799600000,47407,6116870000,18065291,0.0
09/09/2019,28221,3649526100,0(0.00 %),43903,5676997600,15682,2027471500,18037070,0.0
10/09/2019,22620,2958332800,0(0.00 %),26400,3449780000,3780,491447200,18014450,0.03
11/09/2019,3220,426506000,0(0.00 %),15520,2047386000,12300,1620880000,18011230,0.07
12/09/2019,19100,2540530000,0(0.00 %),19400,2580530000,300,40000000,17992130,0.1
13/09/2019,790,104430000,0(0.00 %),800,105770000,10,1340000,17991340,0.08
16/09/2019,16800,2217810000,0(0.00 %),17000,2243870000,200,26060000,17974540,0.13
17/09/2019,23900,3152590000,0(0.00 %),24800,3271080000,900,118490000,17950640,0.14
18/09/2019,7700,1017620000,0(0.00 %),7700,1017620000,0,0,17942940,0.11
19/09/2019,7770,1020849400,0(0.00 %),41200,5408730000,33430,4387880600,17935170,0.11
20/09/2019,1914,252204800,0(0.00 %),84914,11102454800,83000,10850250000,17933256,0.04
23/09/2019,11600,1517500000,0(0.00 %),11800,1543700000,200,26200000,17921656,0.02
24/09/2019,17199,2221619500,0(0.00 %),17900,2312400000,701,90780500,17904457,0.09
25/09/2019,9750,1262260000,0(0.00 %),11250,1456200000,1500,193940000,17894707,0.11
26/09/2019,2900,378190000,0(0.00 %),2900,378190000,0,0,17891807,0.1
27/09/2019,3900,508270000,0(0.00 %),5000,650880000,1100,142610000,17887907,0.1
30/09/2019,90,11368500,0(0.00 %),1001,130630500,911,119262000,17887817,0.1
01/10/2019,7540,998648000,0(0.00 %),16740,2204788000,9200,1206140000,17926488,0.03
02/10/2019,-178,-24182000,0(0.00 %),4850,630600000,5028,654782000,17926666,0.0
03/10/2019,13620,1781498000,0(0.00 %),14320,1872748000,700,91250000,17913046,0.02
04/10/2019,-3100,-403800000,0(0.00 %),1400,182180000,4500,585980000,17916146,0.0
07/10/2019,9804,1281544000,0(0.00 %),100300,13105208384,90496,11823664384,17906342,0.03
08/10/2019,-10100,-1306070000,0(0.00 %),20000,2584310000,30100,3890380000,17916442,0.0
09/10/2019,20100,2613790000,0(0.00 %),22700,2952100000,2600,338310000,17896342,0.0
10/10/2019,100,13000000,0(0.00 %),100,13000000,0,0,17896242,0.0
11/10/2019,-8185,-1061822400,0(0.00 %),21910,2844646000,30095,3906468400,17904427,0.0
14/10/2019,5300,688170000,0(0.00 %),5300,688170000,0,0,17899127,0.0
15/10/2019,25620,3316050000,0(0.00 %),30620,3963550000,5000,647500000,17873507,0.01
16/10/2019,15100,1961450000,0(0.00 %),15800,2052100000,700,90650000,17858407,0.04
17/10/2019,1198,154570000,0(0.00 %),1200,154830000,2,260000,17857209,0.01
18/10/2019,-850,-108870000,0(0.00 %),50,6420000,900,115290000,17858059,0.02
21/10/2019,400,52460000,0(0.00 %),20400,2590460000,20000,2538000000,17857659,0.02
22/10/2019,23600,2994520000,0(0.00 %),24100,3057910000,500,63390000,17834059,0.05
23/10/2019,5500,698450000,0(0.00 %),119600,15189150000,114100,14490700000,17828559,0.02
24/10/2019,3890,492739000,0(0.00 %),10030,1266930000,6140,774191000,17824669,0.0
25/10/2019,-200,-25310000,0(0.00 %),30200,3775130000,30400,3800440000,17824869,0.0
28/10/2019,23810,2942320000,0(0.00 %),104210,12888490000,80400,9946170000,17801059,0.05
29/10/2019,18700,2287520000,0(0.00 %),68700,8421980000,50000,6134460000,17782359,0.02
30/10/2019,-878,-107966600,0(0.00 %),16410,2015810000,17288,2123776600,17783237,0.0
31/10/2019,-12793,-1581218000,0(0.00 %),34507,4299472000,47300,5880690000,17796030,0.0
01/11/2019,5101,634809500,0(0.00 %),22700,2822580000,17599,2187770500,17719953,0.04
04/11/2019,23208,2923740800,0(0.00 %),96308,12170380800,73100,9246640000,17696745,0.07
05/11/2019,23378,2996684000,0(0.00 %),68000,8723830000,44622,5727146000,17673367,0.03
06/11/2019,3300,423770000,0(0.00 %),33300,4275920000,30000,3852150000,17670067,0.0
07/11/2019,43300,5536480000,0(0.00 %),91800,11708590000,48500,6172110000,17626767,0.17
08/11/2019,5900,752520000,0(0.00 %),5900,752520000,0,0,17620867,0.15
11/11/2019,49900,6415180000,0(0.00 %),49900,6415180000,0,0,17570967,0.23
12/11/2019,26100,3360780000,0(0.00 %),26100,3360780000,0,0,17544867,0.19
13/11/2019,29993,3868181700,0(0.00 %),96000,12373733300,66007,8505551600,17514874,0.19
14/11/2019,-1000,-127450000,0(0.00 %),25000,3182500000,26000,3309950000,17515874,0.11
15/11/2019,29080,3738840000,0(0.00 %),73580,9450840000,44500,5712000000,17486794,0.16
18/11/2019,146100,19264260000,0(0.00 %),190100,24912176500,44000,5647916500,17340694,0.35
19/11/2019,5500,706150000,0(0.00 %),30500,3910525000,25000,3204375000,17335194,0.11
20/11/2019,130,16640000,0(0.00 %),20130,2576640000,20000,2560000000,17335064,0.14
21/11/2019,6910,885720000,0(0.00 %),15110,1928570000,8200,1042850000,17328154,0.15
22/11/2019,5600,712950000,0(0.00 %),46600,5943950000,41000,5231000000,17322554,0.14
25/11/2019,7914,989293600,0(0.00 %),8314,1039293600,400,50000000,17314640,0.14
26/11/2019,8400,1049850000,0(0.00 %),35400,4441050000,27000,3391200000,17306240,0.15
27/11/2019,-573,-71145000,0(0.00 %),27,3375000,600,74520000,17306813,0.14
28/11/2019,5831,711515000,0(0.00 %),37131,4530265000,31300,3818750000,17300982,0.15
29/11/2019,-800,-94740000,0(0.00 %),200,23880000,1000,118620000,17301782,0.14
02/12/2019,1050,126325000,0(0.00 %),1650,198125000,600,71800000,17380019,0.0
03/12/2019,12630,1511830000,0(0.00 %),13130,1571340000,500,59510000,17367389,0.02
04/12/2019,-400,-47600000,0(0.00 %),700,83300000,1100,130900000,17367789,0.0
05/12/2019,5386,640167000,0(0.00 %),5800,689640000,414,49473000,17362403,0.01
06/12/2019,-200,-23980000,0(0.00 %),15000,1800000000,15200,1823980000,17362603,0.0
09/12/2019,7620,896870000,0(0.00 %),8620,1014670000,1000,117800000,17354983,0.02
10/12/2019,15828,1867604000,0(0.00 %),64930,7701640000,49102,5834036000,17339155,0.03
11/12/2019,13700,1599590000,0(0.00 %),56700,6670210000,43000,5070620000,17325455,0.01
12/12/2019,117,13746500,0(0.00 %),517,59746500,400,46000000,17325338,0.0
13/12/2019,11020,1261568000,0(0.00 %),18520,2122148000,7500,860580000,17314318,0.02
16/12/2019,10500,1176020000,0(0.00 %),10600,1187290000,100,11270000,17303818,0.01
17/12/2019,14500,1637090000,0(0.00 %),53600,6049065000,39100,4411975000,17289318,0.02
18/12/2019,27564,3118051400,0(0.00 %),34779,3933946400,7215,815895000,17261754,0.04
19/12/2019,17300,1994090000,0(0.00 %),21500,2469580000,4200,475490000,17244454,0.01
20/12/2019,-568,-63387300,0(0.00 %),4500,519260000,5068,582647300,17245022,0.0
23/12/2019,801,92136000,0(0.00 %),25701,2980676000,24900,2888540000,17244221,0.0
24/12/2019,200,23200000,0(0.00 %),200,23200000,0,0,17244021,0.0
25/12/2019,-100,-11550000,0(0.00 %),0,0,100,11550000,17244121,0.0
26/12/2019,-11100,-1270600000,0(0.00 %),0,0,11100,1270600000,17255221,0.0
27/12/2019,14300,1629810000,0(0.00 %),24800,2827400000,10500,1197590000,17240921,0.01
30/12/2019,4100,473550000,0(0.00 %),4600,531550000,500,58000000,17236821,0.0
31/12/2019,12500,1428050000,0(0.00 %),13000,1485850000,500,57800000,17224321,0.01
02/01/2020,-4741,-544905500,0(0.00 %),26000,2992110000,30741,3537015500,17223221,0.01
03/01/2020,7000,828910000,0(0.00 %),31400,3707500000,24400,2878590000,17216221,0.01
06/01/2020,-600,-70470000,0(0.00 %),0,0,600,70470000,17216821,0.0
07/01/2020,3300,385810000,0(0.00 %),3300,385810000,0,0,17213521,0.0
08/01/2020,1301,149416000,0(0.00 %),2501,287616000,1200,138200000,17212220,0.02
09/01/2020,2100,241290000,0(0.00 %),2100,241290000,0,0,17210120,0.02
10/01/2020,5200,597880000,0(0.00 %),5200,597880000,0,0,17204920,0.02
13/01/2020,3100,354300000,0(0.00 %),90800,10387180000,87700,10032880000,17201820,0.02
14/01/2020,10613,1218915000,0(0.00 %),101620,11710127000,91007,10491212000,17191207,0.03
15/01/2020,43277,4985040300,0(0.00 %),329370,37935197000,286093,32950156700,17147930,0.01
16/01/2020,4586,528247200,0(0.00 %),6986,805237200,2400,276990000,17082885,19.8
17/01/2020,17690,2030463000,0(0.00 %),18600,2135150000,910,104687000,17112292,19.75
20/01/2020,14950,1716590000,0(0.00 %),67650,7766950000,52700,6050360000,17113435,19.75
21/01/2020,6200,710950000,0(0.00 %),79300,9103252400,73100,8392302400,17074135,19.82
22/01/2020,22500,2585080000,0(0.00 %),59800,6869750000,37300,4284670000,17051635,0.04
30/01/2020,3349,380765000,0(0.00 %),39100,4508610000,35751,4127845000,17048286,0.88
31/01/2020,13900,1603790000,0(0.00 %),49000,5658850000,35100,4055060000,17034386,0.9
03/02/2020,4920,576510000,0(0.00 %),15420,1752580000,10500,1176070000,17532710,0.03
04/02/2020,4500,516370000,0(0.00 %),9400,1078720000,4900,562350000,17528210,0.07
05/02/2020,2200,251240000,0(0.00 %),15000,1724520000,12800,1473280000,17526010,0.12
06/02/2020,-28600,-3292140000,0(0.00 %),23300,2690780000,51900,5982920000,17554610,0.06
07/02/2020,13748,1660924000,0(0.00 %),13800,1667070000,52,6146000,17540862,0.05
10/02/2020,4990,625610000,0(0.00 %),15600,1953490000,10610,1327880000,17535872,0.06
11/02/2020,6783,861067000,0(0.00 %),11400,1452360000,4617,591293000,17529089,0.13
12/02/2020,5075,661473000,0(0.00 %),11146,1449822400,6071,788349400,17524014,0.12
13/02/2020,11800,1527930000,0(0.00 %),11900,1540930000,100,13000000,17512214,0.14
14/02/2020,3600,463780000,0(0.00 %),3600,463780000,0,0,17508614,0.13
17/02/2020,3700,474840000,0(0.00 %),5200,666770000,1500,191930000,17504914,0.14
18/02/2020,700,87540000,0(0.00 %),800,100240000,100,12700000,17504214,0.14
19/02/2020,4735,610425000,0(0.00 %),7300,933050000,2565,322625000,17499479,0.14
20/02/2020,-1800,-229640000,0(0.00 %),3200,410360000,5000,640000000,17501279,0.13
21/02/2020,30000,3777220000,0(0.00 %),30000,3777220000,0,0,17471279,0.17
24/02/2020,-25810,-3194313000,0(0.00 %),44800,5529220000,70610,8723533000,17497089,0.08
25/02/2020,4720,566710000,0(0.00 %),116520,14215330000,111800,13648620000,17492369,0.06
26/02/2020,-3281,-397141000,0(0.00 %),10010,1209210000,13291,1606351000,17495650,0.03
27/02/2020,-9300,-1116720000,0(0.00 %),5700,686180000,15000,1802900000,17504950,0.08
28/02/2020,-4439,-524619900,0(0.00 %),118331,14025065100,122770,14549685000,17509389,0.08
02/03/2020,5800,683980000,0(0.00 %),7100,838030000,1300,154050000,17530570,0.01
03/03/2020,-34900,-4044920000,0(0.00 %),30800,3595710000,65700,7640630000,17565470,0.0
04/03/2020,-27100,-3137210000,0(0.00 %),18400,2146700000,45500,5283910000,17592570,0.0
05/03/2020,1300,151610000,0(0.00 %),15000,1822360000,13700,1670750000,17591270,0.0
06/03/2020,16000,1924060000,0(0.00 %),17700,2128160000,1700,204100000,17575270,0.02
09/03/2020,11900,1342300000,0(0.00 %),22000,2495930000,10100,1153630000,17563370,0.09
10/03/2020,28100,3217390000,0(0.00 %),29100,3334390000,1000,117000000,17535270,0.12
11/03/2020,0,0,0(0.00 %),0,0,0,0,17535270,19.59
12/03/2020,0,0,0(0.00 %),0,0,0,0,17535270,19.59
13/03/2020,40904,4190705000,0(0.00 %),45100,4604980000,4196,414275000,17494366,0.13
16/03/2020,-10204,-1061424000,0(0.00 %),30500,3158600000,40704,4220024000,17504570,0.04
17/03/2020,19000,1950710000,0(0.00 %),19800,2031450000,800,80740000,17485570,0.02
18/03/2020,2400,251470000,0(0.00 %),5800,607420000,3400,355950000,17483170,0.0
19/03/2020,-300,-21970000,0(0.00 %),10400,1071310000,10700,1093280000,17483470,0.06
20/03/2020,-33600,-3349130000,0(0.00 %),15000,1522410000,48600,4871540000,17517070,0.0
23/03/2020,1800,200770000,0(0.00 %),23200,2072950000,21400,1872180000,17515270,0.0
24/03/2020,-18663,-1597403900,0(0.00 %),24810,2190881000,43473,3788284900,17533933,0.0
25/03/2020,56155,5569839500,0(0.00 %),74055,7358719500,17900,1788880000,17477778,0.05
26/03/2020,66300,6802060000,0(0.00 %),69800,7158920000,3500,356860000,17411478,0.08
27/03/2020,128250,13189185000,0(0.00 %),260722,26795533736,132472,13606348736,17283228,0.25
30/03/2020,35635,3551440000,0(0.00 %),37435,3733940000,1800,182500000,17247593,0.12
31/03/2020,17656,1828632400,0(0.00 %),28210,2927804000,10554,1099171600,17229937,20.1
01/04/2020,5300,572360000,0(0.00 %),6100,657560000,800,85200000,17251353,0.01
03/04/2020,12700,1375700000,0(0.00 %),14400,1558760000,1700,183060000,17238653,0.02
06/04/2020,18000,1981550000,0(0.00 %),20400,2241990000,2400,260440000,17220653,0.05
07/04/2020,14852,1623719800,0(0.00 %),15300,1671860000,448,48140200,17205801,0.04
08/04/2020,6700,732580000,0(0.00 %),13100,1430700000,6400,698120000,17199101,0.03
09/04/2020,25685,2876830500,0(0.00 %),29685,3322160500,4000,445330000,17173416,0.05
10/04/2020,15400,1721060000,0(0.00 %),15400,1721060000,0,0,17158016,20.22
13/04/2020,33170,3655015400,0(0.00 %),33240,3662822000,70,7806600,17124846,0.07
14/04/2020,27680,3062532000,0(0.00 %),31080,3435252000,3400,372720000,17097166,0.07
15/04/2020,-900,-97760000,0(0.00 %),2100,231820000,3000,329580000,17098066,0.01
16/04/2020,11600,1298350000,0(0.00 %),91700,10311400000,80100,9013050000,17086466,0.03
17/04/2020,15430,1796345000,0(0.00 %),15430,1796345000,0,0,17071036,0.04
20/04/2020,38350,4518100000,0(0.00 %),38400,4524030000,50,5930000,17032686,0.09
21/04/2020,40957,4787808200,0(0.00 %),42557,4975108200,1600,187300000,16991729,0.09
22/04/2020,13411,1602022500,0(0.00 %),18411,2174472500,5000,572450000,16978318,0.04
23/04/2020,16670,2039142400,0(0.00 %),25300,3102770000,8630,1063627600,16961648,0.04
24/04/2020,-540,-56948000,0(0.00 %),17200,2129780000,17740,2186728000,16962188,0.0
27/04/2020,800,100580000,0(0.00 %),8100,1008040000,7300,907460000,16961388,0.0
28/04/2020,34812,4338910400,0(0.00 %),34812,4338910400,0,0,16926576,0.04
29/04/2020,9800,1225080000,0(0.00 %),25200,3149800000,15400,1924720000,16916776,0.03
04/05/2020,9050,1126266800,0(0.00 %),14050,1749606800,5000,623340000,16900480,0.02
05/05/2020,-1900,-232050000,0(0.00 %),2900,354180000,4800,586230000,16902380,0.0
06/05/2020,7390,920353000,0(0.00 %),7400,921600000,10,1247000,16905580,20.64
07/05/2020,800,101660000,0(0.00 %),126300,15785830000,125500,15684170000,16904780,0.01
08/05/2020,16807,2089244300,0(0.00 %),153307,19139534300,136500,17050290000,16887973,0.03
11/05/2020,28715,3602979000,0(0.00 %),75715,9464069000,47000,5861090000,16859258,0.02
12/05/2020,17500,2186620000,0(0.00 %),34600,4322270000,17100,2135650000,16841758,0.0
13/05/2020,36400,4568540000,0(0.00 %),36700,4606250000,300,37710000,16805358,0.0
14/05/2020,10390,1303511000,0(0.00 %),10500,1317310000,110,13799000,16794968,0.0
15/05/2020,9800,1224360000,0(0.00 %),9800,1224360000,0,0,16785168,0.03
18/05/2020,8580,1072818000,0(0.00 %),8880,1110288000,300,37470000,16776588,0.03
19/05/2020,17800,2260573400,0(0.00 %),21900,2773216400,4100,512643000,16758788,0.05
20/05/2020,20720,2621524000,0(0.00 %),20720,2621524000,0,0,16738068,0.04
21/05/2020,2372,301887300,0(0.00 %),46923,5943684000,44551,5641796700,16735696,0.01
22/05/2020,16210,2035848000,0(0.00 %),17910,2249398000,1700,213550000,16719486,0.04
25/05/2020,18700,2342930000,0(0.00 %),18700,2342930000,0,0,16700786,0.04
26/05/2020,8707,1099539200,0(0.00 %),58707,7359539200,50000,6260000000,16692079,0.03
27/05/2020,43580,5829585000,0(0.00 %),44580,5963485000,1000,133900000,16648499,0.09
28/05/2020,-2360,-307020800,0(0.00 %),39000,5261170000,41360,5568190800,16650859,0.01
29/05/2020,1200,162390000,0(0.00 %),10300,1383670000,9100,1221280000,16649659,21.07
01/06/2020,2190,295459000,0(0.00 %),2900,391140000,710,95681000,16606109,0.0
02/06/2020,3900,525090000,0(0.00 %),3900,525090000,0,0,16602209,0.08
03/06/2020,-3147,-419297000,0(0.00 %),8053,1078433000,11200,1497730000,16605356,0.08
04/06/2020,-13900,-1823140000,0(0.00 %),9700,1272030000,23600,3095170000,16619256,0.04
05/06/2020,6700,891580000,0(0.00 %),6700,891580000,0,0,16612556,0.04
08/06/2020,2750,369535000,0(0.00 %),2750,369535000,0,0,16609806,0.05
09/06/2020,22496,3074132000,0(0.00 %),23210,3172895000,714,98763000,16587310,0.12
10/06/2020,39035,5420171500,0(0.00 %),40235,5585681500,1200,165510000,16548275,0.15
11/06/2020,15310,2166185000,0(0.00 %),29810,4212015000,14500,2045830000,16532965,0.11
12/06/2020,3490,484530000,0(0.00 %),10190,1370630000,6700,886100000,16529475,0.07
15/06/2020,15500,2096750000,0(0.00 %),16500,2232850000,1000,136100000,16513975,0.08
16/06/2020,10600,1452100000,0(0.00 %),11100,1520350000,500,68250000,16503375,0.09
17/06/2020,14900,2048480000,0(0.00 %),15000,2062240000,100,13760000,16488475,0.11
18/06/2020,17000,2319790000,0(0.00 %),17000,2319790000,0,0,16471475,0.11
19/06/2020,-17650,-2384611400,0(0.00 %),22000,2975580000,39650,5360191400,16489125,0.06
22/06/2020,1161,157036000,0(0.00 %),1361,184096000,200,27060000,16487964,0.02
23/06/2020,1300,175540000,0(0.00 %),30800,4154357000,29500,3978817000,16486664,0.02
24/06/2020,4100,550730000,0(0.00 %),6000,805330000,1900,254600000,16482564,0.09
26/06/2020,6200,844360000,0(0.00 %),21600,2932430000,15400,2088070000,16476364,0.05
29/06/2020,14310,1927650000,0(0.00 %),17310,2333180000,3000,405530000,16462054,0.05
30/06/2020,16200,2180340000,0(0.00 %),17700,2382590000,1500,202250000,16445854,0.05
01/07/2020,8900,1204850000,0(0.00 %),12900,1741540000,4000,536690000,16457494,0.02
02/07/2020,13200,1804800000,0(0.00 %),15300,2087270000,2100,282470000,16444294,0.03
03/07/2020,4600,636840000,0(0.00 %),12200,1678440000,7600,1041600000,16439694,0.01
06/07/2020,1600,222270000,0(0.00 %),4600,631370000,3000,409100000,16438094,0.0
07/07/2020,1900,260780000,0(0.00 %),4000,547910000,2100,287130000,16436194,0.0
08/07/2020,17265,2357339500,0(0.00 %),18100,2470920000,835,113580500,16418929,0.03
09/07/2020,3610,497268000,0(0.00 %),6610,909138000,3000,411870000,16415319,0.02
10/07/2020,12270,1689896200,0(0.00 %),12270,1689896200,0,0,16403049,0.03
13/07/2020,16030,2211358000,0(0.00 %),16330,2252738000,300,41380000,16387019,0.04
14/07/2020,-900,-122200000,0(0.00 %),2000,275440000,2900,397640000,16387919,0.01
15/07/2020,-2600,-358190000,0(0.00 %),700,96260000,3300,454450000,16390519,0.0
16/07/2020,0,30000,0(0.00 %),100,13700000,100,13670000,16390519,0.0
17/07/2020,-2200,-300870000,0(0.00 %),0,0,2200,300870000,16392719,0.0
20/07/2020,7300,999510000,0(0.00 %),19100,2615540000,11800,1616030000,16385419,0.02
21/07/2020,5200,712030000,0(0.00 %),5200,712030000,0,0,16380219,0.0
22/07/2020,300,40780000,0(0.00 %),500,67880000,200,27100000,16379919,0.0
23/07/2020,600,81920000,0(0.00 %),2500,336920000,1900,255000000,16379319,0.01
24/07/2020,24100,3221740000,0(0.00 %),26100,3488350000,2000,266610000,16355219,0.05
27/07/2020,9115,1171145500,0(0.00 %),12315,1577325500,3200,406180000,16346104,0.02
28/07/2020,2600,335620000,0(0.00 %),291220,37306238000,288620,36970618000,16343504,0.01
29/07/2020,1800,223800000,0(0.00 %),1900,236500000,100,12700000,16341704,0.01
30/07/2020,100,12590000,0(0.00 %),200,25190000,100,12600000,16341604,0.01
31/07/2020,14033,1787004000,0(0.00 %),67633,8704772000,53600,6917768000,16327571,0.04
03/08/2020,-14546,-1863274000,0(0.00 %),2800,362650000,17346,2225924000,16318571,0.0
04/08/2020,-61900,-7930890000,0(0.00 %),7100,917900000,69000,8848790000,16380471,0.0
05/08/2020,-54400,-6910860000,0(0.00 %),4700,598630000,59100,7509490000,16434871,0.0
06/08/2020,-43700,-5499390000,0(0.00 %),8800,1107160000,52500,6606550000,16478571,0.0
07/08/2020,-25300,-3216310000,0(0.00 %),9800,1252590000,35100,4468900000,16503871,0.0
10/08/2020,-35200,-4445550000,0(0.00 %),900,112980000,36100,4558530000,16539071,0.0
11/08/2020,-18803,-2370914000,0(0.00 %),18697,2353096000,37500,4724010000,16557874,0.0
12/08/2020,-2800,-358240000,0(0.00 %),0,0,2800,358240000,16560674,0.0
13/08/2020,-22900,-2918250000,0(0.00 %),11600,1475930000,34500,4394180000,16583574,0.0
14/08/2020,-59769,-7927867600,0(0.00 %),3231,428582400,63000,8356450000,16643343,0.0
17/08/2020,-80520,-11173660000,0(0.00 %),11000,1527790000,91520,12701450000,16723863,0.0
18/08/2020,-2400,-339140000,0(0.00 %),3700,529280000,6100,868420000,16726263,0.0
19/08/2020,-9550,-1350430000,0(0.00 %),21450,3051210000,31000,4401640000,16735813,0.0
20/08/2020,-24544,-3459664800,0(0.00 %),2756,390595200,27300,3850260000,16760357,0.0
21/08/2020,-92590,-12831190000,0(0.00 %),4500,624560000,97090,13455750000,16852947,0.0
24/08/2020,-33392,-4713814000,0(0.00 %),4008,565136000,37400,5278950000,16886339,0.0
25/08/2020,-141100,-15300710000,0(0.00 %),17000,1835130000,158100,17135840000,17027439,0.0
26/08/2020,-110100,-11673310000,0(0.00 %),200,21390000,110300,11694700000,17137539,0.0
27/08/2020,-61680,-6325620000,0(0.00 %),41370,4262175000,103050,10587795000,17199219,0.0
28/08/2020,-8000,-839940000,0(0.00 %),86000,9099810000,94000,9939750000,17207219,0.0
31/08/2020,40310,4268420000,0(0.00 %),46310,4903270000,6000,634850000,17166909,0.0
01/09/2020,-14400,-1509140000,0(0.00 %),50100,5264371600,64500,6773511600,17096455,0.0
03/09/2020,27099,2858225000,0(0.00 %),78700,8285280000,51601,5427055000,17069356,0.2
04/09/2020,81400,8535860000,0(0.00 %),92100,9655320000,10700,1119460000,16987956,0.3
07/09/2020,890,93782000,0(0.00 %),101390,10636882000,100500,10543100000,16987066,0.18
08/09/2020,-7300,-756460000,0(0.00 %),62800,6544730000,70100,7301190000,16994366,0.17
10/09/2020,7300,754120000,0(0.00 %),8800,909320000,1500,155200000,16987066,0.14
11/09/2020,32427,3400638000,0(0.00 %),48027,5032848000,15600,1632210000,16954639,0.21
14/09/2020,-20330,-2109030000,0(0.00 %),7900,819050000,28230,2928080000,16974969,0.19
15/09/2020,713,74483900,0(0.00 %),51713,5378483900,51000,5304000000,16974256,0.18
16/09/2020,-942,-98290000,0(0.00 %),61020,6350404000,61962,6448694000,16975198,11.35
17/09/2020,377,39308600,0(0.00 %),502,52308600,125,13000000,16974821,11.39
18/09/2020,-44480,-4584220000,0(0.00 %),10020,1033620000,54500,5617840000,17019301,11.32
21/09/2020,33620,3511366300,0(0.00 %),41227,4297488000,7607,786121700,16985681,8.16
22/09/2020,900,93060000,0(0.00 %),1900,196610000,1000,103550000,16984781,8.11
23/09/2020,-602,-62447600,0(0.00 %),1,103800,603,62551400,16985383,8.18
24/09/2020,18300,1899530000,0(0.00 %),20300,2107130000,2000,207600000,16967083,8.21
25/09/2020,18309,1891907800,0(0.00 %),20332,2101171400,2023,209263600,16948774,8.21
28/09/2020,20979,2152402800,0(0.00 %),32648,3354523800,11669,1202121000,16927795,8.21
29/09/2020,56041,5845350200,0(0.00 %),64934,6769473500,8893,924123300,16871754,8.24
30/09/2020,6052,662601700,0(0.00 %),15357,1675304700,9305,1012703000,16865702,8.17
02/10/2020,-11070,-1200435000,0(0.00 %),39630,4260145000,50700,5460580000,23570986,0.05
05/10/2020,-6227,-669996300,0(0.00 %),64090,6959495000,70317,7629491300,23577213,0.0
06/10/2020,-10480,-1136762900,0(0.00 %),129720,13965697100,140200,15102460000,23587693,0.05
07/10/2020,-8166,-870802600,0(0.00 %),32110,3444000000,40276,4314802600,23595859,0.01
08/10/2020,-4400,-471190000,0(0.00 %),57400,6148930000,61800,6620120000,23600259,0.05
09/10/2020,-110,-13951400,0(0.00 %),3990,430618600,4100,444570000,23600369,0.08
12/10/2020,-5399,-571317500,0(0.00 %),2450,263667000,7849,834984500,23605768,0.12
13/10/2020,130,13886000,0(0.00 %),430,45626000,300,31740000,23605638,0.19
14/10/2020,-18947,-1999993000,0(0.00 %),11653,1231257000,30600,3231250000,23624585,0.17
15/10/2020,7555,801313600,0(0.00 %),185889,19694845400,178334,18893531800,23617030,0.18
16/10/2020,101592,10971546000,0(0.00 %),181800,19623950000,80208,8652404000,23515438,0.25
19/10/2020,37720,4071058000,0(0.00 %),117820,12706328000,80100,8635270000,23477718,0.21
20/10/2020,76500,8255620000,0(0.00 %),128700,13888780000,52200,5633160000,23401218,0.24
21/10/2020,-9118,-982525000,0(0.00 %),382,41325000,9500,1023850000,23410336,0.12
22/10/2020,-9297,-991521000,0(0.00 %),1603,170739000,10900,1162260000,23419633,0.17
23/10/2020,27514,2960523600,0(0.00 %),57604,6202029600,30090,3241506000,23392119,0.21
26/10/2020,3000,322500000,0(0.00 %),3000,322500000,0,0,23389119,0.16
27/10/2020,21910,2355709600,0(0.00 %),23510,2526439600,1600,170730000,23367209,0.2
28/10/2020,13110,1398468000,0(0.00 %),22610,2409558000,9500,1011090000,23354099,0.22
29/10/2020,4554,481487900,0(0.00 %),32440,3426360900,27886,2944873000,23349545,0.2
30/10/2020,55824,6008273200,0(0.00 %),59824,6438363200,4000,430090000,23293721,0.26
02/11/2020,-40250,-4290016000,0(0.00 %),28250,3011584000,68500,7301600000,23428890,0.03
03/11/2020,-13290,-1422184000,0(0.00 %),23310,2493476000,36600,3915660000,23442180,0.0
04/11/2020,-7590,-825200000,0(0.00 %),21710,2332740000,29300,3157940000,23449770,0.0
05/11/2020,20110,2167707000,0(0.00 %),21210,2286457000,1100,118750000,23429660,0.04
06/11/2020,28373,3061768400,0(0.00 %),42810,4623007000,14437,1561238600,23401287,0.09
09/11/2020,18010,1982154000,0(0.00 %),18110,1993164000,100,11010000,23383277,0.09
10/11/2020,11401,1254793100,0(0.00 %),17710,1946466000,6309,691672900,23371876,0.09
11/11/2020,190,19300000,0(0.00 %),551310,59436276400,551120,59416976400,23371686,0.08
12/11/2020,-6100,-634640000,0(0.00 %),90300,9591280000,96400,10225920000,23377786,0.07
13/11/2020,53686,5809890000,0(0.00 %),54190,5864388000,504,54498000,23324100,0.04
16/11/2020,59875,6445860000,0(0.00 %),65275,7024770000,5400,578910000,23264225,0.05
17/11/2020,54000,5820990000,0(0.00 %),86000,9265170000,32000,3444180000,23210225,0.15
18/11/2020,28030,3024356000,0(0.00 %),28030,3024356000,0,0,23182195,0.08
19/11/2020,7500,804320000,0(0.00 %),23200,2502750000,15700,1698430000,23174695,0.06
20/11/2020,-29327,-3171281000,0(0.00 %),12473,1347539000,41800,4518820000,23204022,0.04
24/11/2020,0,0,0(0.00 %),0,0,0,0,23204022,21.06
25/11/2020,-18200,-2040830000,0(0.00 %),1100,123200000,19300,2164030000,23222222,0.01
26/11/2020,1840,204890300,0(0.00 %),3750,413260000,1910,208369700,23220382,0.11
30/11/2020,21975,2409322200,0(0.00 %),29164,3195984200,7189,786662000,23198407,0.26
01/12/2020,18580,2017075000,0(0.00 %),18580,2017075000,0,0,23365147,0.02
02/12/2020,14985,1615068000,0(0.00 %),55685,6110638000,40700,4495570000,23350162,0.02
03/12/2020,22064,2421987000,0(0.00 %),22460,2465568600,396,43581600,23328098,0.0
04/12/2020,9198,1006530100,0(0.00 %),25150,2759196100,15952,1752666000,23318900,0.0
07/12/2020,10550,1157308000,0(0.00 %),21750,2388448000,11200,1231140000,23308350,0.0
08/12/2020,30580,3354204000,0(0.00 %),61900,6773150000,31320,3418946000,23277770,0.0
09/12/2020,-688,-75356000,0(0.00 %),33422,3643668000,34110,3719024000,23278458,0.0
10/12/2020,17808,1949664400,0(0.00 %),23458,2567004200,5650,617339800,23260650,0.0
11/12/2020,-71555,-7807195700,0(0.00 %),40745,4446679500,112300,12253875200,23332205,0.0
14/12/2020,-64725,-7147635000,0(0.00 %),27440,3030250000,92165,10177885000,23396930,0.0
15/12/2020,-37400,-4123930000,0(0.00 %),41200,4551430000,78600,8675360000,23434330,0.0
17/12/2020,-82600,-8960320000,0(0.00 %),61600,6676200000,144200,15636520000,23516930,0.0
18/12/2020,9630,1039353000,0(0.00 %),10630,1147323000,1000,107970000,23507300,0.0
21/12/2020,10422,1138525100,0(0.00 %),18500,2011230000,8078,872704900,23496878,0.0
22/12/2020,-48261,-5190668000,0(0.00 %),136380,14690350000,184641,19881018000,23545139,0.0
23/12/2020,6880,748943000,0(0.00 %),35000,3805690000,28120,3056747000,23538259,0.0
24/12/2020,-9769,-1046282500,0(0.00 %),15607,1674706700,25376,2720989200,23548028,0.0
25/12/2020,9707,1045853200,0(0.00 %),18407,1984733200,8700,938880000,23538321,0.0
28/12/2020,12888,1386059400,0(0.00 %),13688,1472299400,800,86240000,23525433,0.0
29/12/2020,27670,2989400100,0(0.00 %),28260,3053111300,590,63711200,23497763,0.0
31/12/2020,-302,-32499700,0(0.00 %),1255,136126500,1557,168626200,23498065,0.0
04/01/2021,-9706,-1047353200,0(0.00 %),29221,3151617100,38927,4198970300,19610240,0.04
05/01/2021,-1050,-102380000,0(0.00 %),68850,7423760000,69900,7526140000,19611290,0.0
06/01/2021,8678,939611800,0(0.00 %),80880,8709219200,72202,7769607400,19602612,0.0
07/01/2021,-95000,-10177460000,0(0.00 %),71900,7708770000,166900,17886230000,19697612,0.0
08/01/2021,-37740,-4065171000,0(0.00 %),59260,6375489000,97000,10440660000,19735352,0.0
11/01/2021,-469749,-52747078400,0(0.00 %),36202,4101994600,505951,56849073000,20205101,0.0
12/01/2021,-93120,-10837090000,0(0.00 %),19800,2307230000,112920,13144320000,20298221,0.0
13/01/2021,-42334,-4992089000,0(0.00 %),17720,2056376000,60054,7048465000,20340555,0.0
14/01/2021,-75310,-8695130000,0(0.00 %),15700,1796600000,91010,10491730000,20415865,0.0
15/01/2021,-120000,-13443530000,0(0.00 %),18100,2032770000,138100,15476300000,20535865,0.0
18/01/2021,-61845,-6942655200,0(0.00 %),25248,2824217200,87093,9766872400,20597710,0.0
19/01/2021,-15699,-1741381000,0(0.00 %),280789,31060603800,296488,32801984800,20613409,0.0
20/01/2021,-78000,-8253720000,0(0.00 %),34000,3588170000,112000,11841890000,20691409,0.0
21/01/2021,-147930,-15850155000,0(0.00 %),53170,5683965000,201100,21534120000,20839339,0.0
22/01/2021,-8265,-852838500,0(0.00 %),172335,18392341500,180600,19245180000,20847604,0.0
25/01/2021,70236,7488032000,0(0.00 %),126936,13533322000,56700,6045290000,20777368,0.0
26/01/2021,3833,406115600,0(0.00 %),148100,15460760000,144267,15054644400,20773535,0.0
27/01/2021,-43881,-4423486800,0(0.00 %),155619,15728401700,199500,20151888500,20817416,0.0
28/01/2021,110087,10087904600,0(0.00 %),228936,21048358000,118849,10960453400,20707329,0.0
29/01/2021,70300,6972930000,0(0.00 %),112500,11188500000,42200,4215570000,20637029,0.0
01/02/2021,56200,5747730000,0(0.00 %),63000,6440230000,6800,692500000,20453764,0.08
02/02/2021,21410,2124858000,0(0.00 %),25010,2479908000,3600,355050000,20547603,0.03
03/02/2021,-106254,-10535409200,0(0.00 %),58446,5786150800,164700,16321560000,20653857,0.0
04/02/2021,-299018,-29004163100,0(0.00 %),156600,15177270000,455618,44181433100,20952875,0.0
05/02/2021,-10500,-1024140000,0(0.00 %),800,78020000,11300,1102160000,20963375,0.0
17/02/2021,21800,2134170000,0(0.00 %),36800,3601800000,15000,1467630000,20941575,0.0
18/02/2021,-15600,-1541840000,0(0.00 %),43500,4276390000,59100,5818230000,20978975,0.07
19/02/2021,-29368,-2869404400,0(0.00 %),2400,234640000,31768,3104044400,21008343,0.16
22/02/2021,1653,161085200,0(0.00 %),53442,5219631800,51789,5058546600,21006690,0.18
23/02/2021,-33700,-3268060000,0(0.00 %),58200,5642610000,91900,8910670000,21040390,0.14
24/02/2021,-39100,-3788560000,0(0.00 %),6600,638330000,45700,4426890000,21079490,0.07
25/02/2021,-112288,-10781905800,0(0.00 %),6900,665540000,119188,11447445800,21191778,0.0
26/02/2021,-76810,-7320943600,0(0.00 %),40990,3925186400,117800,11246130000,21268588,0.0
01/03/2021,-51287,-4955361000,0(0.00 %),3200,309050000,54487,5264411000,21266027,0.0
02/03/2021,-66100,-6389950000,0(0.00 %),4700,455650000,70800,6845600000,21332127,0.06
03/03/2021,-58699,-5635073100,0(0.00 %),51601,4960456900,110300,10595530000,21390826,0.13
04/03/2021,-77907,-7405842000,0(0.00 %),57200,5471650000,135107,12877492000,21468733,0.04
05/03/2021,-209933,-19731477500,0(0.00 %),81260,7628436000,291193,27359913500,21678666,0.0
08/03/2021,-60716,-5675712500,0(0.00 %),79000,7316210000,139716,12991922500,21739382,0.0
09/03/2021,-154579,-14074272000,0(0.00 %),8926,816098000,163505,14890370000,21893961,0.0
10/03/2021,-162300,-14734880000,0(0.00 %),166200,15116620000,328500,29851500000,22056261,0.0
11/03/2021,-475100,-43277790000,0(0.00 %),12900,1186600000,488000,44464390000,22531361,0.0
12/03/2021,-488979,-45009367600,0(0.00 %),59000,5463230000,547979,50472597600,23020340,0.0
15/03/2021,-217386,-20497228500,0(0.00 %),10900,1030040000,228286,21527268500,23237726,0.0
16/03/2021,-154418,-14357739100,0(0.00 %),155700,14472700000,310118,28830439100,23392144,0.0
17/03/2021,-70833,-6521394400,0(0.00 %),207600,19093830000,278433,25615224400,23462977,0.0
18/03/2021,-94541,-8694140200,0(0.00 %),95300,8768430000,189841,17462570200,23557518,0.0
19/03/2021,-77935,-7202580500,0(0.00 %),1300,119480000,79235,7322060500,23635453,0.0
22/03/2021,-127591,-11680322300,0(0.00 %),17317,1585212500,144908,13265534800,23763044,0.0
23/03/2021,-45300,-4125860000,0(0.00 %),53400,4864440000,98700,8990300000,23808344,0.03
24/03/2021,-10930,-983685000,0(0.00 %),63080,5669305000,74010,6652990000,23819274,0.04
25/03/2021,6262,566912300,0(0.00 %),102751,9093240600,96489,8526328300,23813012,0.15
26/03/2021,-7600,-671370000,0(0.00 %),1400,123580000,9000,794950000,23820612,0.14
29/03/2021,-90050,-7773885000,0(0.00 %),7150,620795000,97200,8394680000,23910662,0.07
30/03/2021,83100,7047150000,0(0.00 %),142800,12060240000,59700,5013090000,23827562,0.27
31/03/2021,-97764,-8328189500,0(0.00 %),222850,19580322500,320614,27908512000,23925326,0.06
01/04/2021,-63000,-5667950000,0(0.00 %),20800,1870350000,83800,7538300000,23831387,0.03
02/04/2021,-128601,-11338156600,0(0.00 %),4280,378020000,132881,11716176600,23959988,0.0
05/04/2021,-169357,-14720438900,0(0.00 %),13840,1198970000,183197,15919408900,24129345,0.09
06/04/2021,-180100,-15781080000,0(0.00 %),6700,588800000,186800,16369880000,24309445,0.0
07/04/2021,-78605,-6908052000,0(0.00 %),17700,1553930000,96305,8461982000,24388050,0.02
08/04/2021,-72639,-6346622500,0(0.00 %),3857,336627500,76496,6683250000,24460689,0.13
09/04/2021,-38361,-3320714500,0(0.00 %),2800,242170000,41161,3562884500,24499050,0.3
12/04/2021,-72290,-6209445000,0(0.00 %),9310,797525000,81600,7006970000,24571340,0.27
13/04/2021,-189600,-15911820000,0(0.00 %),65800,5519140000,255400,21430960000,24760940,0.12
14/04/2021,-75000,-6216740000,0(0.00 %),9100,754560000,84100,6971300000,24835940,0.11
16/04/2021,-152800,-12623900000,0(0.00 %),32500,2693690000,185300,15317590000,24988740,0.27
19/04/2021,-102349,-8448323400,0(0.00 %),6010,495000000,108359,8943323400,25091089,0.21
20/04/2021,-178107,-14828849100,0(0.00 %),25200,2090840000,203307,16919689100,25269196,0.35
22/04/2021,-53106,-4352705900,0(0.00 %),52600,4294050000,105706,8646755900,25322302,0.48
23/04/2021,-99213,-8059610600,0(0.00 %),74226,6052907000,173439,14112517600,25421515,0.43
26/04/2021,-67996,-5556792200,0(0.00 %),81700,6711340000,149696,12268132200,25489511,0.5
27/04/2021,-50000,-4040230000,0(0.00 %),82400,6659490000,132400,10699720000,25539511,0.47
28/04/2021,-54800,-4400240000,0(0.00 %),17100,1372180000,71900,5772420000,25594311,0.6
29/04/2021,23200,1867290000,0(0.00 %),23200,1867290000,0,0,25571111,0.79
04/05/2021,46000,3678710000,0(0.00 %),157700,12598980000,111700,8920270000,26105523,0.19
05/05/2021,127180,10718820000,0(0.00 %),151200,12719670000,24020,2000850000,25978343,0.24
06/05/2021,386725,34231573000,0(0.00 %),527900,46752410000,141175,12520837000,25591618,0.52
07/05/2021,277980,25081902200,0(0.00 %),354700,31989165000,76720,6907262800,25313638,0.36
10/05/2021,122400,10864100000,0(0.00 %),127200,11284250000,4800,420150000,25191238,0.16
11/05/2021,59100,5230150000,0(0.00 %),61400,5433470000,2300,203320000,25132138,0.24
12/05/2021,60800,5285660000,0(0.00 %),74200,6449710000,13400,1164050000,25071338,0.28
13/05/2021,-30400,-2575841700,0(0.00 %),43100,3671860000,73500,6247701700,25101738,0.16
14/05/2021,37800,3215510000,0(0.00 %),39600,3367260000,1800,151750000,25063938,0.15
17/05/2021,33900,2908720000,0(0.00 %),44000,3767800000,10100,859080000,25030038,0.16
18/05/2021,26700,2246300000,0(0.00 %),37600,3164580000,10900,918280000,25003338,0.23
19/05/2021,28300,2382920000,0(0.00 %),32600,2745150000,4300,362230000,24975038,0.22
20/05/2021,34460,2936522000,0(0.00 %),37500,3195810000,3040,259288000,24940578,0.24
21/05/2021,54776,4762946400,0(0.00 %),70500,6131850000,15724,1368903600,24885802,0.27
24/05/2021,110300,9804720000,0(0.00 %),121200,10767820000,10900,963100000,24775502,0.32
25/05/2021,153600,14331730000,0(0.00 %),195100,18185060000,41500,3853330000,24621902,0.37
26/05/2021,24120,2257545000,0(0.00 %),113420,10608295000,89300,8350750000,24597782,0.18
27/05/2021,17076,1582488600,0(0.00 %),98276,9159398600,81200,7576910000,24580706,0.08
28/05/2021,7210,661325000,0(0.00 %),7910,726215000,700,64890000,24573496,0.08
31/05/2021,58000,5246750000,0(0.00 %),67000,6062840000,9000,816090000,24515496,0.25
01/06/2021,15100,1353370000,0(0.00 %),17600,1576120000,2500,222750000,24665996,0.02
02/06/2021,60290,5588964600,0(0.00 %),76490,7053134600,16200,1464170000,24605706,0.07
03/06/2021,-585161,-54670853500,0(0.00 %),138300,12985550000,723461,67656403500,25190867,0.0
04/06/2021,278500,26717950000,0(0.00 %),303300,29097230000,24800,2379280000,24912367,0.0
07/06/2021,307600,30137020000,0(0.00 %),339900,33287720000,32300,3150700000,24604767,0.0
08/06/2021,323600,31869060000,0(0.00 %),352800,34761720000,29200,2892660000,24281167,0.34
09/06/2021,-6100,-584620000,0(0.00 %),1300,124460000,7400,709080000,24287267,0.0
10/06/2021,47500,4652570000,0(0.00 %),50300,4926780000,2800,274210000,24239767,0.03
11/06/2021,122323,12551533200,0(0.00 %),132523,13594583200,10200,1043050000,24117444,0.15
14/06/2021,66300,6879220000,0(0.00 %),67300,6983720000,1000,104500000,24051144,0.08
15/06/2021,93500,9582470000,0(0.00 %),93600,9592750000,100,10280000,23957644,0.11
16/06/2021,76500,7822110000,0(0.00 %),86900,8886530000,10400,1064420000,23881144,0.11
17/06/2021,342500,35090910000,0(0.00 %),359100,36789260000,16600,1698350000,23538644,0.41
18/06/2021,-9380,-793392000,0(0.00 %),3620,302758000,13000,1096150000,23548024,0.0
22/06/2021,122925,10302900000,0(0.00 %),132925,11138840000,10000,835940000,23425099,0.0
23/06/2021,6400,530300000,0(0.00 %),10900,905030000,4500,374730000,23418699,0.0
24/06/2021,-3530,-290590000,0(0.00 %),6070,503010000,9600,793600000,23422229,0.0
25/06/2021,63300,5228890000,0(0.00 %),64200,5303240000,900,74350000,23358929,0.0
28/06/2021,14128,1162641000,0(0.00 %),23300,1916340000,9172,753699000,23344801,0.0
29/06/2021,21100,1732650000,0(0.00 %),26600,2184350000,5500,451700000,23323701,0.0
30/06/2021,15113,1243769900,0(0.00 %),21618,1777621400,6505,533851500,23308588,0.0
01/07/2021,38120,3134274000,0(0.00 %),42120,3462684000,4000,328410000,23133663,0.05
02/07/2021,71808,5976909800,0(0.00 %),78408,6526939800,6600,550030000,23061855,0.09
05/07/2021,106100,8834390000,0(0.00 %),122500,10208910000,16400,1374520000,22955755,0.13
06/07/2021,-11800,-990680000,0(0.00 %),66000,5543820000,77800,6534500000,22967555,0.0
07/07/2021,7911,648394000,0(0.00 %),53411,4377804000,45500,3729410000,22959644,0.0
08/07/2021,8740,717870000,0(0.00 %),25700,2108790000,16960,1390920000,22826649,21.51
09/07/2021,57352,4706954400,0(0.00 %),64752,5307294400,7400,600340000,22769297,0.16
12/07/2021,38078,3003719400,0(0.00 %),58540,4611485000,20462,1607765600,22731219,0.19
13/07/2021,43800,3489410000,0(0.00 %),43800,3489410000,0,0,22687419,7.19
14/07/2021,-14300,-1112890000,0(0.00 %),20300,1592450000,34600,2705340000,22701719,7.13
15/07/2021,12600,989370000,0(0.00 %),12700,997290000,100,7920000,22689119,7.15
16/07/2021,39097,3177812500,0(0.00 %),46620,3794120000,7523,616307500,22650022,7.18
19/07/2021,55462,4569495000,0(0.00 %),66482,5474975000,11020,905480000,22594560,7.23
20/07/2021,73053,6062929000,0(0.00 %),102753,8528569000,29700,2465640000,22521507,7.24
21/07/2021,66500,5536670000,0(0.00 %),77600,6462090000,11100,925420000,22455007,7.2
22/07/2021,56549,4718437600,0(0.00 %),78449,6545227600,21900,1826790000,22398458,7.19
23/07/2021,40807,3396793800,0(0.00 %),61807,5143833800,21000,1747040000,22357651,7.18
26/07/2021,12100,978870000,0(0.00 %),67200,5609380000,55100,4630510000,22345551,5.72
27/07/2021,-66690,-5914492000,0(0.00 %),31330,2777222000,98020,8691714000,22412241,5.61
28/07/2021,40900,3693320000,0(0.00 %),62700,5653140000,21800,1959820000,22371341,5.64
29/07/2021,-19475,-1712387500,0(0.00 %),53425,4709892500,72900,6422280000,22390816,5.62
30/07/2021,53900,4732820000,0(0.00 %),77200,6793790000,23300,2060970000,22336916,5.71
02/08/2021,33429,2899254600,0(0.00 %),67329,5858334600,33900,2959080000,28129783,0.07
03/08/2021,5660,497543500,0(0.00 %),29860,2601313500,24200,2103770000,28124123,0.08
04/08/2021,2500,214790000,0(0.00 %),29800,2573710000,27300,2358920000,28121623,0.07
05/08/2021,-4500,-386820000,0(0.00 %),4100,349360000,8600,736180000,28126123,0.07
06/08/2021,-10119,-858406000,0(0.00 %),2481,210684000,12600,1069090000,28136242,0.08
09/08/2021,22651,1915869500,0(0.00 %),31600,2676240000,8949,760370500,28113591,0.13
10/08/2021,9400,803560000,0(0.00 %),15400,1316580000,6000,513020000,28104191,0.13
11/08/2021,10188,895723400,0(0.00 %),19129,1662283000,8941,766559600,28094003,0.14
12/08/2021,35400,3045560000,0(0.00 %),35700,3071380000,300,25820000,28058603,0.16
13/08/2021,22724,1940022400,0(0.00 %),65165,5560239700,42441,3620217300,28171960,21.8
16/08/2021,-29000,-2460510000,0(0.00 %),5600,475280000,34600,2935790000,28200960,0.0
17/08/2021,-85555,-7218845700,0(0.00 %),9256,775362800,94811,7994208500,28286515,0.0
18/08/2021,-38810,-3199197700,0(0.00 %),28556,2355826400,67366,5555024100,28325325,0.0
19/08/2021,-85324,-6996508000,0(0.00 %),44800,3678790000,130124,10675298000,28410649,0.0
20/08/2021,44800,3631790000,0(0.00 %),45700,3705590000,900,73800000,28365849,0.0
23/08/2021,53272,4251626400,0(0.00 %),57300,4571680000,4028,320053600,28312577,0.0
24/08/2021,2391,190626000,0(0.00 %),3210,255968000,819,65342000,28310186,0.01
25/08/2021,4848,390044500,0(0.00 %),42448,3401984500,37600,3011940000,28305338,0.01
26/08/2021,24610,2003720000,0(0.00 %),40330,3286246000,15720,1282526000,28280728,0.0
27/08/2021,46710,3773920000,0(0.00 %),47010,3798270000,300,24350000,28234018,0.0
30/08/2021,37530,3071754000,0(0.00 %),38430,3145364000,900,73610000,28196488,0.03
31/08/2021,8292,679754800,0(0.00 %),29366,2395484900,21074,1715730100,28188196,0.02
01/09/2021,36500,2975130000,0(0.00 %),37300,3039970000,800,64840000,28138263,0.04
06/09/2021,26480,2198787700,0(0.00 %),46324,3838814500,19844,1640026800,28111783,0.03
07/09/2021,67341,5712054700,0(0.00 %),70750,6001273500,3409,289218800,28044442,0.07
08/09/2021,33200,2806270000,0(0.00 %),49600,4192180000,16400,1385910000,28011242,0.03
09/09/2021,39200,3306420000,0(0.00 %),41300,3483210000,2100,176790000,27972042,0.04
10/09/2021,8453,704402600,0(0.00 %),8500,708360000,47,3957400,27963589,0.01
13/09/2021,28283,2329268100,0(0.00 %),47500,3916640600,19217,1587372500,27935306,0.05
14/09/2021,22683,1855222000,0(0.00 %),40200,3287890000,17517,1432668000,27912623,0.03
15/09/2021,0,0,0(0.00 %),0,0,0,0,27912623,22.05
16/09/2021,23300,1910420000,0(0.00 %),25000,2050330000,1700,139910000,27889323,0.02
17/09/2021,30907,2549894000,0(0.00 %),31007,2558094000,100,8200000,27858416,0.04
20/09/2021,10600,877360000,0(0.00 %),24200,1992650000,13600,1115290000,27847816,0.02
21/09/2021,-41600,-3370000000,0(0.00 %),2100,171220000,43700,3541220000,27889416,0.0
22/09/2021,-2325,-177887500,0(0.00 %),21300,1726550000,23625,1904437500,27891741,0.0
23/09/2021,-24828,-1993352400,0(0.00 %),82000,6660070000,106828,8653422400,27916569,0.0
24/09/2021,3938,320131800,0(0.00 %),4018,326550000,80,6418200,27912631,0.0
27/09/2021,4508,364379600,0(0.00 %),4908,397079600,400,32700000,27908123,0.0
28/09/2021,18422,1489545100,0(0.00 %),18501,1495945800,79,6400700,27889701,0.03
29/09/2021,700,56600000,0(0.00 %),900,72760000,200,16160000,27889001,0.01
30/09/2021,16951,1375901800,0(0.00 %),17300,1404150000,349,28248200,27872050,0.03
01/10/2021,-12181,-985482500,0(0.00 %),3004,243366000,15185,1228848500,27881571,0.0
04/10/2021,6108,496506000,0(0.00 %),9008,735176000,2900,238670000,27875463,0.01
05/10/2021,-10300,-858900000,0(0.00 %),200,16660000,10500,875560000,27885763,0.0
06/10/2021,31546,2631209800,0(0.00 %),32146,2681189800,600,49980000,27855951,22.1
07/10/2021,16600,1387290000,0(0.00 %),21000,1754660000,4400,367370000,27837851,22.12
08/10/2021,0,0,0(0.00 %),0,0,0,0,27837851,0.0
11/10/2021,0,0,0(0.00 %),0,0,0,0,27827899,0.0
12/10/2021,0,0,0(0.00 %),0,0,0,0,27827899,0.0
13/10/2021,0,0,0(0.00 %),0,0,0,0,27827899,0.0
14/10/2021,0,0,0(0.00 %),0,0,0,0,27827899,0.0
15/10/2021,0,0,0(0.00 %),0,0,0,0,27827899,0.0
18/10/2021,0,0,0(0.00 %),0,0,0,0,27827899,0.0
19/10/2021,0,0,0(0.00 %),0,0,0,0,27827899,0.0
20/10/2021,-112021,-8924544400,0(0.00 %),98000,7794140000,210021,16718684400,27939920,0.0
21/10/2021,-28638,-2266198800,0(0.00 %),134610,10652840000,163248,12919038800,27856537,0.0
22/10/2021,-76750,-6072995000,0(0.00 %),105550,8346155000,182300,14419150000,27933287,0.0
25/10/2021,-86200,-6767000000,0(0.00 %),113800,8932700000,200000,15699700000,28019487,0.0
26/10/2021,1334,104779000,0(0.00 %),1400,109960000,66,5181000,28018153,0.0
27/10/2021,46378,3678294400,0(0.00 %),50710,4019696000,4332,341401600,27971775,0.57
28/10/2021,42979,3443514900,0(0.00 %),99179,7949344900,56200,4505830000,27928796,0.76
29/10/2021,91900,7473000000,0(0.00 %),92500,7521760000,600,48760000,27836896,0.8
01/11/2021,-17800,-1474700000,0(0.00 %),37900,3098320000,55700,4573020000,28535622,0.04
02/11/2021,-63587,-5055215900,0(0.00 %),91283,7263809100,154870,12319025000,28599209,0.0
03/11/2021,106924,8499402700,0(0.00 %),263400,20939240000,156476,12439837300,28492285,0.0
04/11/2021,6900,548040000,0(0.00 %),8600,682360000,1700,134320000,28485385,0.0
05/11/2021,-735,-58980000,0(0.00 %),765,61280000,1500,120260000,28486120,0.06
08/11/2021,378,30199800,0(0.00 %),701,56019800,323,25820000,28485742,0.06
09/11/2021,-9181,-729251400,0(0.00 %),419,33258600,9600,762510000,28494923,0.05
10/11/2021,4130,328270000,0(0.00 %),4930,391810000,800,63540000,28490793,0.06
11/11/2021,16800,1329570000,0(0.00 %),17400,1376960000,600,47390000,28473993,0.07
12/11/2021,125802,9946058000,0(0.00 %),126202,9977618000,400,31560000,28348191,0.19
15/11/2021,-2011,-159699100,0(0.00 %),410,32542000,2421,192241100,28350202,0.06
16/11/2021,-1970,-160129000,0(0.00 %),22230,1775331000,24200,1935460000,28352172,0.06
17/11/2021,13326,1062933500,0(0.00 %),17600,1403320000,4274,340386500,28338846,0.05
18/11/2021,14150,1126896600,0(0.00 %),19050,1516126600,4900,389230000,28324696,0.05
19/11/2021,1350,106470000,0(0.00 %),4450,352060000,3100,245590000,28323346,0.06
22/11/2021,31700,2476140000,0(0.00 %),35800,2797190000,4100,321050000,28291646,0.09
23/11/2021,3700,289620000,0(0.00 %),3700,289620000,0,0,28287946,0.06
24/11/2021,920,73210000,0(0.00 %),11820,930240000,10900,857030000,28287026,0.06
25/11/2021,23491,1855768500,0(0.00 %),26900,2124890000,3409,269121500,28263535,0.08
26/11/2021,50900,4047920000,0(0.00 %),79300,6301050000,28400,2253130000,28212635,0.0
29/11/2021,34730,2736072000,0(0.00 %),38930,3066622000,4200,330550000,28177905,0.07
30/11/2021,-24732,-1944167000,0(0.00 %),1868,147143000,26600,2091310000,28202637,0.01
01/12/2021,-10445,-814955300,0(0.00 %),4655,364634700,15100,1179590000,28234682,0.0
02/12/2021,-14496,-1124390600,0(0.00 %),30722,2400237000,45218,3524627600,28249178,0.0
03/12/2021,-23481,-1823808000,0(0.00 %),3119,241902000,26600,2065710000,28272659,0.0
06/12/2021,24591,1862616000,0(0.00 %),29950,2269590000,5359,406974000,28248068,0.0
07/12/2021,5380,406603000,0(0.00 %),35900,2700550000,30520,2293947000,28242688,0.02
08/12/2021,-43345,-3212173700,0(0.00 %),8552,639890400,51897,3852064100,28286033,0.0
09/12/2021,-48685,-3587543100,0(0.00 %),43315,3204036900,92000,6791580000,28334718,0.0
10/12/2021,-31394,-2314485400,0(0.00 %),1606,118664600,33000,2433150000,28366112,0.0
13/12/2021,-70820,-5236324000,0(0.00 %),480,35596000,71300,5271920000,28436932,0.0
14/12/2021,-46565,-3435865500,0(0.00 %),27650,2043800000,74215,5479665500,28483497,0.0
15/12/2021,32200,2398690000,0(0.00 %),57000,4235890000,24800,1837200000,28451297,0.0
16/12/2021,18500,1374050000,0(0.00 %),68700,5093930000,50200,3719880000,28432797,0.0
17/12/2021,-10200,-758640000,0(0.00 %),1000,74520000,11200,833160000,28442997,0.01
20/12/2021,1700,126985900,0(0.00 %),2700,202485900,1000,75500000,28441297,0.03
21/12/2021,-6200,-466130000,0(0.00 %),10300,771370000,16500,1237500000,28447497,0.03
22/12/2021,-48679,-3565143800,0(0.00 %),12621,929966200,61300,4495110000,28496176,0.0
23/12/2021,-37431,-2690617300,0(0.00 %),5039,363943900,42470,3054561200,28459237,21.52
24/12/2021,6227,443944000,0(0.00 %),7427,529994000,1200,86050000,28468310,21.51
27/12/2021,207,14640000,0(0.00 %),2507,179710000,2300,165070000,28569573,21.41
28/12/2021,-3045,-215306100,0(0.00 %),2450,174254900,5495,389561000,28572618,0.0
29/12/2021,14617,1016843600,0(0.00 %),24617,1739933600,10000,723090000,28546006,21.43
30/12/2021,1185,85905500,0(0.00 %),1185,85905500,0,0,28550316,21.43
31/12/2021,62100,4524125500,0(0.00 %),62100,4524125500,0,0,28498216,21.48
04/01/2022,0,0,0(0.00 %),0,0,0,0,28480566,21.5
05/01/2022,49913,3656961200,0(0.00 %),70200,5147540000,20287,1490578800,28410366,21.57
06/01/2022,-7083,-512404800,0(0.00 %),8117,583885200,15200,1096290000,28408049,21.57
07/01/2022,-1800,-129510000,0(0.00 %),500,35960000,2300,165470000,28427836,21.55
10/01/2022,5777,408921400,0(0.00 %),8477,601361400,2700,192440000,28434559,21.54
11/01/2022,5500,386770000,0(0.00 %),6200,435950000,700,49180000,28430659,21.55
12/01/2022,75508,5362082400,0(0.00 %),78908,5602892400,3400,240810000,28354451,21.62
13/01/2022,1211,85778800,0(0.00 %),1211,85778800,0,0,28353940,21.62
14/01/2022,2900,204330000,0(0.00 %),2900,204330000,0,0,28354440,21.62
17/01/2022,3000,207690000,0(0.00 %),3300,228800000,300,21110000,28351140,21.62
18/01/2022,-5958,-406011400,0(0.00 %),1842,125248600,7800,531260000,28349298,21.62
19/01/2022,-8320,-560294300,0(0.00 %),1700,114490000,10020,674784300,28347898,21.63
20/01/2022,20500,1400460000,0(0.00 %),23500,1605660000,3000,205200000,28332198,21.64
21/01/2022,844,57479500,0(0.00 %),2100,142970000,1256,85490500,28340118,21.63
24/01/2022,-40974,-2730374000,0(0.00 %),7400,491970000,48374,3222344000,28335718,21.64
25/01/2022,-23723,-1545521100,0(0.00 %),228467,14974205200,252190,16519726300,28308507,21.66
26/01/2022,20911,1364794200,0(0.00 %),212700,13668845200,191789,12304051000,28203560,21.77
27/01/2022,-72910,-4716002000,0(0.00 %),9600,618630000,82510,5334632000,28246150,21.72
28/01/2022,8733,601254200,0(0.00 %),39280,2566129800,30547,1964875600,28339280,21.63
07/02/2022,-6400,-424790000,0(0.00 %),13100,865540000,19500,1290330000,28408690,21.57
08/02/2022,-2387,-165719500,0(0.00 %),16113,1099100500,18500,1264820000,28423124,21.55
09/02/2022,2900,202130000,0(0.00 %),3000,209170000,100,7040000,28439624,21.54
10/02/2022,244,17306400,0(0.00 %),1100,77120000,856,59813600,28457024,21.52
11/02/2022,-3794,-261367800,0(0.00 %),1010,69497000,4804,330864800,28456114,21.52
14/02/2022,33364,2325230600,0(0.00 %),50600,3527410000,17236,1202179400,28406370,21.57
15/02/2022,25000,1748920000,0(0.00 %),52200,3649770000,27200,1900850000,28358974,21.62
16/02/2022,-12900,-903260000,0(0.00 %),4900,342530000,17800,1245790000,28371310,21.6
17/02/2022,-28062,-1930095600,0(0.00 %),6938,475334400,35000,2405430000,28391572,21.58
18/02/2022,53000,3635930000,0(0.00 %),63200,4337060000,10200,701130000,28346172,21.63
21/02/2022,3876,272210000,0(0.00 %),37802,2648270000,33926,2376060000,28343370,21.63
22/02/2022,-7444,-513408600,0(0.00 %),100,6920000,7544,520328600,28353470,21.62
23/02/2022,-12173,-838103900,0(0.00 %),69913,4837194400,82086,5675298300,28352483,21.62
24/02/2022,1067,71595200,0(0.00 %),1521,102646400,454,31051200,28358506,21.62
25/02/2022,-5321,-356796200,0(0.00 %),9010,610947000,14331,967743200,28396582,21.58
28/02/2022,-41732,-2783036500,0(0.00 %),1817,121712200,43549,2904748700,28395219,21.58
01/03/2022,-3198,-214789200,0(0.00 %),4506,300188800,7704,514978000,28405044,21.57
02/03/2022,20109,1333393900,0(0.00 %),32203,2130889500,12094,797495600,28416390,21.56
03/03/2022,-15388,-1031065300,0(0.00 %),106,6965500,15494,1038030800,28423988,21.55
04/03/2022,-24401,-1614392300,0(0.00 %),6400,423794100,30801,2038186400,28429682,21.55
07/03/2022,-36800,-2394440000,0(0.00 %),2400,156710000,39200,2551150000,28442776,21.53
08/03/2022,50543,3297127200,0(0.00 %),109966,7165346400,59423,3868219200,28363611,21.61
09/03/2022,-70900,-4588650000,0(0.00 %),98000,6352770000,168900,10941420000,28304811,21.67
10/03/2022,50400,3341640000,0(0.00 %),56900,3771610000,6500,429970000,28307334,21.67
11/03/2022,34300,2302430000,0(0.00 %),34400,2309160000,100,6730000,28441834,21.54
14/03/2022,26481,1782627000,0(0.00 %),73900,4923980000,47419,3141353000,28374434,21.6
15/03/2022,29500,1976910000,0(0.00 %),50200,3362510000,20700,1385600000,28324334,21.65
16/03/2022,55400,3887010000,0(0.00 %),65700,4595450000,10300,708440000,28306053,21.67
17/03/2022,74900,5389210000,0(0.00 %),92800,6672520000,17900,1283310000,28233953,21.74
18/03/2022,50110,3684564000,0(0.00 %),55110,4052824000,5000,368260000,28189143,21.78
21/03/2022,61290,4466250000,0(0.00 %),61700,4496050000,410,29800000,28145343,21.82
22/03/2022,31000,2238700000,0(0.00 %),37000,2669090000,6000,430390000,28113343,21.85
23/03/2022,32400,2362200000,0(0.00 %),35500,2587600000,3100,225400000,28078253,21.89
24/03/2022,14130,1061721700,0(0.00 %),33030,2495441700,18900,1433720000,28051223,21.91
25/03/2022,-239700,-19078230000,0(0.00 %),5700,454900000,245400,19533130000,28048623,21.92
28/03/2022,80700,6557800000,0(0.00 %),99000,8048800000,18300,1491000000,27968523,21.99
29/03/2022,31200,2534790000,0(0.00 %),36900,2996780000,5700,461990000,28177023,21.79
30/03/2022,103500,8417670000,0(0.00 %),107100,8709320000,3600,291650000,28088223,21.88
31/03/2022,42676,3438705600,0(0.00 %),55800,4499540000,13124,1060834400,28038123,21.93
01/04/2022,10700,860090000,0(0.00 %),16200,1307490000,5500,447400000,28025523,21.94
04/04/2022,165374,13678784600,0(0.00 %),181383,15011199300,16009,1332414700,27857264,22.1
05/04/2022,42950,3572530000,0(0.00 %),45250,3765880000,2300,193350000,27817514,22.14
06/04/2022,-8870,-717436000,0(0.00 %),27230,2229924000,36100,2947360000,27806293,22.15
07/04/2022,15650,1268010000,0(0.00 %),47150,3852010000,31500,2584000000,27761443,22.19
08/04/2022,-125095,-9957099500,0(0.00 %),32005,2562800500,157100,12519900000,27765538,22.19
12/04/2022,-11100,-872920000,0(0.00 %),35600,2748460000,46700,3621380000,27776638,0.0
13/04/2022,-107700,-8333180000,0(0.00 %),28400,2197400000,136100,10530580000,27761438,22.19
14/04/2022,-252595,-20227050000,0(0.00 %),39005,3161710000,291600,23388760000,27897833,22.06
15/04/2022,0,0,0(0.00 %),0,0,0,0,27989333,21.97
18/04/2022,0,0,0(0.00 %),0,0,0,0,28280933,21.69
19/04/2022,0,0,0(0.00 %),0,0,0,0,28363811,21.61
20/04/2022,-97550,-8002888800,0(0.00 %),22550,1844001200,120100,9846890000,28341261,21.63
21/04/2022,24700,1977850000,0(0.00 %),26100,2091040000,1400,113190000,28620461,21.36
22/04/2022,113400,8843840000,0(0.00 %),115700,9017580000,2300,173740000,28624861,21.36
25/04/2022,46111,3202771000,0(0.00 %),46911,3258051000,800,55280000,28579350,21.4
26/04/2022,5300,368130000,0(0.00 %),11200,767190000,5900,399060000,28570450,21.41
27/04/2022,800,58440000,0(0.00 %),1100,80150000,300,21710000,28570150,21.41
28/04/2022,8200,606490000,0(0.00 %),14800,1100630000,6600,494140000,28561250,21.42
29/04/2022,600,44532700,0(0.00 %),2500,187302700,1900,142770000,28559050,21.42
04/05/2022,3400,246240000,0(0.00 %),3500,253780000,100,7540000,28562150,21.42
05/05/2022,610,50180000,0(0.00 %),11010,786360000,10400,736180000,28553040,21.43
06/05/2022,8200,564750000,0(0.00 %),9300,640890000,1100,76140000,28543840,21.44
09/05/2022,20100,1279050000,0(0.00 %),27400,1736530000,7300,457480000,28526840,21.45
10/05/2022,2010,129369000,0(0.00 %),3710,239349000,1700,109980000,28524230,21.46
11/05/2022,-2600,-178560000,0(0.00 %),2000,136300000,4600,314860000,28529530,21.45
12/05/2022,-710,-45301000,0(0.00 %),2900,197870000,3610,243171000,28528330,21.45
13/05/2022,19436,1276098200,0(0.00 %),21600,1421160000,2164,145061800,28511330,21.47
16/05/2022,-8300,-567800000,0(0.00 %),0,0,8300,567800000,28514940,21.46
17/05/2022,-21400,-1457090000,0(0.00 %),0,0,21400,1457090000,28517104,21.46
18/05/2022,-94438,-6403253000,0(0.00 %),3400,230790000,97838,6634043000,28522004,21.46
19/05/2022,-120600,-8005870000,0(0.00 %),200,13200000,120800,8019070000,28543204,21.44
20/05/2022,-111400,-7338560000,0(0.00 %),7300,475230000,118700,7813790000,28633742,21.35
23/05/2022,-52100,-3423310000,0(0.00 %),3900,256010000,56000,3679320000,28750642,21.24
24/05/2022,-103100,-6778870000,0(0.00 %),3100,203810000,106200,6982680000,28866242,21.13
25/05/2022,-180500,-11883110000,0(0.00 %),4900,321120000,185400,12204230000,28917342,21.08
26/05/2022,-119400,-8124300000,0(0.00 %),200,13820000,119600,8138120000,29023342,20.97
27/05/2022,-500,-37751500,0(0.00 %),3800,266988500,4300,304740000,29204942,20.8
30/05/2022,600,41960000,0(0.00 %),3400,236960000,2800,195000000,29321142,20.69
31/05/2022,-8800,-610680000,0(0.00 %),700,48220000,9500,658900000,29324742,20.68
01/06/2022,2100,140700000,0(0.00 %),2200,147470000,100,6770000,29325342,20.68
02/06/2022,-46400,-3146750000,0(0.00 %),14100,945040000,60500,4091790000,29320742,20.69
03/06/2022,-4400,-296110000,0(0.00 %),800,53630000,5200,349740000,29320042,20.69
06/06/2022,-2800,-193200000,0(0.00 %),200,13800000,3000,207000000,29380342,20.63
07/06/2022,1800,120500000,0(0.00 %),2000,134000000,200,13500000,29383542,20.63
08/06/2022,13800,947210000,0(0.00 %),22800,1563190000,9000,615980000,29363742,20.65
09/06/2022,20115,1372424500,0(0.00 %),20415,1392944500,300,20520000,29343527,20.66
10/06/2022,1630,110176400,0(0.00 %),1730,116956400,100,6780000,29350797,20.66
13/06/2022,15300,983300000,0(0.00 %),17000,1091930000,1700,108630000,29334097,20.67
14/06/2022,202014,12862995000,0(0.00 %),203014,12927395000,1000,64400000,29131183,20.87
15/06/2022,46100,2888240000,0(0.00 %),102900,6413370000,56800,3525130000,29029983,20.97
16/06/2022,-25200,-1567350000,0(0.00 %),25300,1575840000,50500,3143190000,29005683,20.99
17/06/2022,-6897,-408627300,0(0.00 %),23903,1398292700,30800,1806920000,29038580,20.96
20/06/2022,-102980,-5233810000,0(0.00 %),178000,9587410000,280980,14821220000,28911080,21.08
21/06/2022,107200,5706130000,0(0.00 %),108700,5785330000,1500,79200000,28833180,21.16
22/06/2022,-300,-16490000,0(0.00 %),800,42980000,1100,59470000,29113360,20.89
23/06/2022,40800,2201110000,0(0.00 %),43800,2368310000,3000,167200000,29071060,20.93
24/06/2022,97100,5396060000,0(0.00 %),98100,5451360000,1000,55300000,28974060,21.02
27/06/2022,0,0,0(0.00 %),0,0,0,0,28977060,21.02
28/06/2022,-7600,-420410000,0(0.00 %),2100,116280000,9700,536690000,28975960,21.02
29/06/2022,78200,4304170000,0(0.00 %),100200,5511720000,22000,1207550000,28875760,21.12
30/06/2022,9440,527962700,0(0.00 %),13430,745113000,3990,217150300,28872030,21.12
01/07/2022,-8600,-472250000,0(0.00 %),1000,55500000,9600,527750000,28893030,21.1
04/07/2022,-14400,-820930000,0(0.00 %),300,16890000,14700,837820000,28896720,21.1
05/07/2022,-2367,-139063000,0(0.00 %),500,28380000,2867,167443000,28905820,21.09
06/07/2022,800,43770000,0(0.00 %),1600,89190000,800,45420000,28918920,21.07
07/07/2022,1300,70990000,0(0.00 %),2300,126890000,1000,55900000,28919487,21.07
08/07/2022,-3100,-167810000,0(0.00 %),1400,76190000,4500,244000000,28918887,21.07
11/07/2022,-8600,-465000000,0(0.00 %),1500,80890000,10100,545890000,28918387,21.08
12/07/2022,-10300,-559040000,0(0.00 %),300,16250000,10600,575290000,28922587,21.07
13/07/2022,0,0,0(0.00 %),0,0,0,0,28932687,21.06
14/07/2022,-37400,-2037780000,0(0.00 %),100,5410000,37500,2043190000,28943187,21.05
15/07/2022,-19200,-1070970000,0(0.00 %),200,11150000,19400,1082120000,28989487,21.01
18/07/2022,-40701,-2245681600,0(0.00 %),3300,183120000,44001,2428801600,29023687,20.97
19/07/2022,-130025,-7057372500,0(0.00 %),700,37920000,130725,7095292500,29042387,20.96
20/07/2022,-47800,-2636630000,0(0.00 %),0,0,47800,2636630000,29086388,20.91
21/07/2022,-18100,-1060120000,0(0.00 %),0,0,18100,1060120000,29217113,20.79
22/07/2022,1000,56680000,0(0.00 %),18200,1091100000,17200,1034420000,29246713,20.76
25/07/2022,-8900,-533990000,0(0.00 %),0,0,8900,533990000,29264813,20.74
26/07/2022,3700,222250000,0(0.00 %),3900,234430000,200,12180000,29278113,20.73
27/07/2022,5800,347710000,0(0.00 %),6500,389950000,700,42240000,29280513,20.73
28/07/2022,-92000,-5629800000,0(0.00 %),200,12200000,92200,5642000000,29280513,20.73
29/07/2022,-3100,-189120000,0(0.00 %),1900,115240000,5000,304360000,29279313,20.73
01/08/2022,-1000,-62040000,0(0.00 %),800,47960000,1800,110000000,29370713,20.64
02/08/2022,1100,65100000,0(0.00 %),1100,65100000,0,0,29374613,20.63
03/08/2022,4100,254960000,0(0.00 %),10000,609970000,5900,355010000,29366413,20.64
04/08/2022,135600,8363860000,0(0.00 %),140100,8643860000,4500,280000000,29226313,20.78
05/08/2022,-1218,-74471500,0(0.00 %),2200,135370000,3418,209841500,29230013,20.77
08/08/2022,7400,451080000,0(0.00 %),7400,451080000,0,0,29227113,20.78
09/08/2022,-252,-15372000,0(0.00 %),148,9028000,400,24400000,29230383,20.77
10/08/2022,-4237,-265039300,0(0.00 %),4363,272220700,8600,537260000,29226020,20.78
11/08/2022,2400,150160000,0(0.00 %),3100,193390000,700,43230000,29223320,20.78
12/08/2022,5700,347870000,0(0.00 %),6100,372430000,400,24560000,29225820,20.78
15/08/2022,-103600,-6630770000,0(0.00 %),1200,75000000,104800,6705770000,29225320,20.78
16/08/2022,-562,-36371200,0(0.00 %),364,23247000,926,59618200,29225356,20.78
17/08/2022,300,18750000,0(0.00 %),1500,96850000,1200,78100000,29328656,20.68
18/08/2022,-1200,-75690000,0(0.00 %),700,44260000,1900,119950000,29328882,20.68
19/08/2022,-10727,-677868000,0(0.00 %),691,43774000,11418,721642000,29329391,20.68
22/08/2022,30575,1916165000,0(0.00 %),38075,2390225000,7500,474060000,29293216,20.71
23/08/2022,-25700,-1620610000,0(0.00 %),500,31400000,26200,1652010000,29304134,20.7
24/08/2022,129200,8253100000,0(0.00 %),153400,9805960000,24200,1552860000,29158234,20.84
25/08/2022,100,6440000,0(0.00 %),300,19560000,200,13120000,29184134,20.82
26/08/2022,104900,6819340000,0(0.00 %),104900,6819340000,0,0,29103434,20.9
29/08/2022,3900,246020000,0(0.00 %),4000,252390000,100,6370000,29099634,20.9
30/08/2022,24600,1558090000,0(0.00 %),24600,1558090000,0,0,29075034,20.92
31/08/2022,95000,6078810000,0(0.00 %),96000,6142910000,1000,64100000,28979134,21.02
05/09/2022,-70,-4515200,0(0.00 %),0,0,70,4515200,28979134,21.02
06/09/2022,-2000,-131400000,0(0.00 %),0,0,2000,131400000,28980134,21.02
07/09/2022,1100,69450000,0(0.00 %),1200,76000000,100,6550000,28979004,21.02
08/09/2022,22400,1400590000,0(0.00 %),22400,1400590000,0,0,28958604,21.04
09/09/2022,1829,114009500,0(0.00 %),2400,151890000,571,37880500,28956304,21.04
12/09/2022,578,35991300,0(0.00 %),676,42088800,98,6097500,28955628,21.04
13/09/2022,1735,106995500,0(0.00 %),2400,148350000,665,41354500,28953799,21.04
14/09/2022,-1940,-121210000,0(0.00 %),8260,494850000,10200,616060000,28945637,21.05
15/09/2022,178852,10546116800,0(0.00 %),203800,12012150000,24948,1466033200,0,21.25
16/09/2022,2189,129746700,0(0.00 %),2228,132059400,39,2312700,28750474,21.24
19/09/2022,6001,343705700,0(0.00 %),6951,398668800,950,54963100,28743523,0.0
20/09/2022,56000,3235510000,0(0.00 %),56900,3287290000,900,51780000,28711610,21.27
21/09/2022,0,0,0(0.00 %),0,0,0,0,28712560,21.27
22/09/2022,-1956,-111513200,0(0.00 %),1116,64613200,3072,176126400,28712344,21.27
23/09/2022,24488,1438316400,0(0.00 %),29200,1715050000,4712,276733600,28687856,0.02
26/09/2022,56400,3207880000,0(0.00 %),72000,4097960000,15600,890080000,28614216,21.37
27/09/2022,-60315,-3449304800,0(0.00 %),900,51250000,61215,3500554800,28618028,21.37
28/09/2022,-96316,-5397427300,0(0.00 %),2400,133960000,98716,5531387300,28631228,21.35
29/09/2022,-25001,-1400986000,0(0.00 %),2800,155990000,27801,1556976000,28689643,21.3
30/09/2022,-55977,-2953005500,0(0.00 %),10060,528261800,66037,3481267300,28778299,21.21
03/10/2022,8200,440860000,0(0.00 %),23500,1255680000,15300,814820000,28782600,21.21
04/10/2022,-35663,-1859127700,0(0.00 %),2550,133050000,38213,1992177700,28846087,21.15
05/10/2022,-579,-30297800,0(0.00 %),4450,236455000,5029,266752800,28856937,21.13
06/10/2022,12670,668700000,0(0.00 %),13670,720710000,1000,52010000,28881480,21.11
07/10/2022,7400,368410000,0(0.00 %),9700,481110000,2300,112700000,28876809,21.12
10/10/2022,-21368,-1085316700,0(0.00 %),17650,872475300,39018,1957792000,28860159,21.13
11/10/2022,-10000,-494210000,0(0.00 %),21600,1055050000,31600,1549260000,28840859,21.15
12/10/2022,-45455,-2223760000,0(0.00 %),945,45060000,46400,2268820000,28878932,21.11
13/10/2022,-116800,-5585420000,0(0.00 %),3400,162140000,120200,5747560000,28907132,21.09
14/10/2022,-166400,-7957006000,0(0.00 %),9900,473434000,176300,8430440000,28943632,21.05
17/10/2022,-12800,-606230000,0(0.00 %),200,9400000,13000,615630000,29063632,20.94
18/10/2022,2600,126260000,0(0.00 %),2600,126260000,0,0,29237332,20.77
19/10/2022,-70326,-3074028300,0(0.00 %),4700,205980000,75026,3280008300,29245632,20.76
20/10/2022,-22100,-952680000,0(0.00 %),2600,112540000,24700,1065220000,29243032,20.76
21/10/2022,28900,1168260000,0(0.00 %),58300,2368830000,29400,1200570000,29259758,20.75
24/10/2022,62554,2361284400,0(0.00 %),108554,4124654400,46000,1763370000,29175904,20.83
25/10/2022,-4000,-135390000,0(0.00 %),131200,4991570000,135200,5126960000,29074104,20.92
26/10/2022,-21345,-782198000,0(0.00 %),6100,221600000,27445,1003798000,29114004,20.89
27/10/2022,-72700,-2645250000,0(0.00 %),2800,101600000,75500,2746850000,29246404,20.76
28/10/2022,-18800,-695940000,0(0.00 %),9200,340640000,28000,1036580000,29264649,20.74
31/10/2022,-41900,-1514440000,0(0.00 %),4600,167120000,46500,1681560000,29335549,20.67
01/11/2022,-56091,-2029041500,0(0.00 %),2509,90748500,58600,2119790000,29361040,20.65
02/11/2022,-49700,-1774440000,0(0.00 %),1300,46490000,51000,1820930000,29406240,20.6
03/11/2022,-60800,-2049130000,0(0.00 %),13100,442260000,73900,2491390000,29451740,20.56
04/11/2022,-8984,-283650800,0(0.00 %),111116,3443999200,120100,3727650000,29391624,20.62
07/11/2022,-20857,-620045600,0(0.00 %),45360,1390025400,66217,2010071000,29420164,20.59
08/11/2022,-37545,-1112794500,0(0.00 %),4200,125400000,41745,1238194500,29536064,20.48
09/11/2022,-37900,-1147130000,0(0.00 %),7100,213310000,45000,1360440000,29595181,20.42
10/11/2022,-10130,-322438000,0(0.00 %),13870,369512000,24000,691950000,29623056,20.39
11/11/2022,-12300,-343610000,0(0.00 %),9700,269390000,22000,613000000,29658356,20.36
14/11/2022,-55855,-1364123500,0(0.00 %),19145,472916500,75000,1837040000,29663211,20.36
15/11/2022,-42400,-910370000,0(0.00 %),8600,183420000,51000,1093790000,29676611,20.34
16/11/2022,7300,149810000,0(0.00 %),7300,149810000,0,0,29744311,20.28
17/11/2022,1500,38640000,0(0.00 %),1500,38640000,0,0,29793811,20.23
18/11/2022,5000,127790000,0(0.00 %),9700,250220000,4700,122430000,29784111,20.24
21/11/2022,-400,-10560000,0(0.00 %),400,11190000,800,21750000,32511417,20.28
22/11/2022,2713,80162000,0(0.00 %),5313,158242000,2600,78080000,32510804,20.28
23/11/2022,32100,935730000,0(0.00 %),32100,935730000,0,0,32479504,20.31
24/11/2022,5600,163880000,0(0.00 %),5600,163880000,0,0,32476504,20.31
25/11/2022,1475,44505900,0(0.00 %),1575,47495900,100,2990000,32474929,20.32
28/11/2022,2409,73412500,0(0.00 %),6609,211452500,4200,138040000,32468320,0.0
29/11/2022,744,23515900,0(0.00 %),1000,32000000,256,8484100,32467320,0.0
30/11/2022,3600,121200000,0(0.00 %),8100,269520000,4500,148320000,32459320,0.0
01/12/2022,-110325,-3624035500,0(0.00 %),11675,391024500,122000,4015060000,32451845,0.0
02/12/2022,-21247,-685470400,0(0.00 %),11553,368879600,32800,1054350000,32440548,0.0
05/12/2022,-56600,-1818710000,0(0.00 %),9100,291870000,65700,2110580000,32435948,0.0
06/12/2022,-41100,-1268510000,0(0.00 %),4200,129530000,45300,1398040000,32553748,0.0
07/12/2022,-23790,-693350100,0(0.00 %),6301,183759800,30091,877109900,32580247,0.0
08/12/2022,-26200,-796340000,0(0.00 %),3800,114570000,30000,910910000,32687447,20.13
09/12/2022,-49950,-1446440000,0(0.00 %),3150,92420000,53100,1538860000,32714388,20.1
12/12/2022,-45100,-1325790000,0(0.00 %),2900,86300000,48000,1412090000,32711488,0.0
13/12/2022,-18800,-540700000,0(0.00 %),1200,34850000,20000,575550000,32740288,0.0
14/12/2022,-17106,-527147400,0(0.00 %),5094,150272600,22200,677420000,32788294,0.0
15/12/2022,-168814,-5262444000,0(0.00 %),5986,186166000,174800,5448610000,32830308,0.0
16/12/2022,-197179,-6048848600,0(0.00 %),3421,105331400,200600,6154180000,32846887,0.0
19/12/2022,-115745,-3506784600,0(0.00 %),3855,115335400,119600,3622120000,32865232,0.0
20/12/2022,-65979,-1846311300,0(0.00 %),14114,405554400,80093,2251865700,33025918,0.0
21/12/2022,-153864,-4200842200,0(0.00 %),5536,148767800,159400,4349610000,33220982,0.0
22/12/2022,-78800,-2123360000,0(0.00 %),2500,67750000,81300,2191110000,33338082,0.0
23/12/2022,-45100,-1204630000,0(0.00 %),100,2640000,45200,1207270000,33418075,0.0
26/12/2022,-108214,-2868359400,0(0.00 %),1100,28930000,109314,2897289400,33576375,0.0
27/12/2022,-92500,-2390330000,0(0.00 %),7500,193050000,100000,2583380000,33650175,0.0
28/12/2022,-212243,-5457630200,0(0.00 %),2300,59610000,214543,5517240200,33802389,19.14
29/12/2022,-91072,-2401603600,0(0.00 %),2300,60440000,93372,2462043600,33900089,19.06
30/12/2022,-10300,-275060000,0(0.00 %),100,2620000,10400,277680000,34114532,18.87
03/01/2023,-169023,-4697643700,0(0.00 %),3800,105020000,172823,4802663700,34110732,0.0
04/01/2023,-66400,-1862260000,0(0.00 %),300,8430000,66700,1870690000,34214204,18.78
05/01/2023,-105727,-2915370100,0(0.00 %),300,8250000,106027,2923620100,34386727,18.63
06/01/2023,-92500,-2529170000,0(0.00 %),500,13580000,93000,2542750000,34452927,18.57
09/01/2023,-4140,-110981000,0(0.00 %),460,12339000,4600,123320000,34558494,18.48
10/01/2023,-44300,-1195080000,0(0.00 %),21100,576580000,65400,1771660000,34630394,18.41
11/01/2023,-86442,-2356390800,0(0.00 %),151000,4120810000,237442,6477200800,34483994,18.54
12/01/2023,-149333,-4114741000,0(0.00 %),1000,27800000,150333,4142541000,34548394,18.48
13/01/2023,-168229,-4650300400,0(0.00 %),1771,48949600,170000,4699250000,34784065,18.28
16/01/2023,1100,30090000,0(0.00 %),1100,30090000,0,0,34933298,18.14
17/01/2023,-122679,-3361984600,0(0.00 %),2900,79710000,125579,3441694600,35100398,18.0
18/01/2023,-152975,-4269453000,0(0.00 %),9925,279665000,162900,4549118000,35090473,18.01
19/01/2023,-139700,-3947050000,0(0.00 %),10600,300790000,150300,4247840000,35205452,17.9
27/01/2023,-321014,-9211997500,0(0.00 %),24300,696510000,345314,9908507500,35344052,17.78
30/01/2023,-210000,-6198186800,0(0.00 %),100,2890000,210100,6201076800,35494252,17.65
31/01/2023,-139900,-4061860000,0(0.00 %),7700,223260000,147600,4285120000,35831866,17.35
01/02/2023,-416805,-12156675000,0(0.00 %),25688,745182700,442493,12901857700,36016278,17.19
02/02/2023,19300,540340000,0(0.00 %),19300,540340000,0,0,36144578,17.08
03/02/2023,-41418,-1149491800,0(0.00 %),5073,140606500,46491,1290098300,36581998,16.69
06/02/2023,1400,37380000,0(0.00 %),1400,37380000,0,0,36580598,16.69
07/02/2023,11500,312420000,0(0.00 %),11500,312420000,0,0,36615589,16.66
08/02/2023,5374,142268100,0(0.00 %),6400,169560000,1026,27291900,36609189,16.66
09/02/2023,18634,501565400,0(0.00 %),19500,524680000,866,23114600,36589689,16.68
10/02/2023,49100,1323960000,0(0.00 %),49100,1323960000,0,0,36541615,16.72
13/02/2023,-34900,-913640000,0(0.00 %),900,23600000,35800,937240000,36541581,16.72
14/02/2023,-16500,-430050000,0(0.00 %),0,0,16500,430050000,36541581,16.72
15/02/2023,-49410,-1318143000,0(0.00 %),1,26300,49411,1318169300,36577380,16.69
16/02/2023,-93800,-2546930000,0(0.00 %),0,0,93800,2546930000,36593880,16.68
17/02/2023,-94700,-2558350000,0(0.00 %),500,13400000,95200,2571750000,36642791,16.63
20/02/2023,-168263,-4571061000,0(0.00 %),1100,29610000,169363,4600671000,36735491,16.55
21/02/2023,-248100,-6906930000,0(0.00 %),200,5590000,248300,6912520000,36830491,16.47
22/02/2023,-57895,-1578308100,0(0.00 %),162200,4424834200,220095,6003142300,36945954,16.37
23/02/2023,-138680,-3654140000,0(0.00 %),620,16370000,139300,3670510000,37193634,16.15
24/02/2023,-66109,-1737687600,0(0.00 %),2000,52600000,68109,1790287600,37191634,0.0
27/02/2023,-33100,-857900000,0(0.00 %),1400,36470000,34500,894370000,37441329,15.93
28/02/2023,-7700,-200950000,0(0.00 %),10100,260570000,17800,461520000,37499338,15.88
01/03/2023,-85790,-2224064500,0(0.00 %),2828,73279600,88618,2297344100,37531010,15.85
02/03/2023,-18500,-482420000,0(0.00 %),600,15700000,19100,498120000,37548210,15.84
03/03/2023,-21067,-547975900,0(0.00 %),0,0,21067,547975900,37636828,15.76
06/03/2023,-76700,-2017820000,0(0.00 %),0,0,76700,2017820000,37655928,15.74
07/03/2023,-37853,-997798600,0(0.00 %),410,10782000,38263,1008580600,37676585,15.72
08/03/2023,-76894,-2027922800,0(0.00 %),1506,39757200,78400,2067680000,37751779,15.66
09/03/2023,-337900,-9019750000,0(0.00 %),49000,1310000000,386900,10329750000,37741042,15.66
10/03/2023,-149000,-4066210000,0(0.00 %),100,2670000,149100,4068880000,37819342,15.6
13/03/2023,-143300,-3854410000,0(0.00 %),3000,80930000,146300,3935340000,37816342,0.0
14/03/2023,102900,2733830000,0(0.00 %),157900,4194940000,55000,1461110000,38194442,15.26
15/03/2023,-5900,-159980000,0(0.00 %),0,0,5900,159980000,38340742,15.14
16/03/2023,-296300,-7862060000,0(0.00 %),32200,851190000,328500,8713250000,38363542,15.12
17/03/2023,10800,291610000,0(0.00 %),11200,302330000,400,10720000,38358242,15.12
20/03/2023,-141900,-3755050000,0(0.00 %),10100,262660000,152000,4017710000,38676642,14.84
21/03/2023,0,0,0(0.00 %),0,0,0,0,38677042,14.84
22/03/2023,-258200,-6825010000,0(0.00 %),0,0,258200,6825010000,38829042,14.7
23/03/2023,-94267,-2459822400,0(0.00 %),0,0,94267,2459822400,38829042,14.7
24/03/2023,-20000,-528130000,0(0.00 %),0,0,20000,528130000,39087242,14.48
27/03/2023,-55000,-1451960000,0(0.00 %),0,0,55000,1451960000,39181509,14.39
28/03/2023,-82300,-2178210000,0(0.00 %),6100,161730000,88400,2339940000,39175409,0.0
29/03/2023,0,0,0(0.00 %),0,0,0,0,39250409,14.33
30/03/2023,-1800,-48680000,0(0.00 %),1200,31940000,3000,80620000,39337609,14.25
31/03/2023,-30920,-840296000,0(0.00 %),10780,290094000,41700,1130390000,39326829,14.26
03/04/2023,-11665,-327854000,0(0.00 %),735,20686000,12400,348540000,39329094,14.26
04/04/2023,15300,426610000,0(0.00 %),16300,454910000,1000,28300000,39354494,14.24
05/04/2023,-55600,-1597700000,0(0.00 %),9700,283580000,65300,1881280000,39357194,14.24
06/04/2023,22307,654228600,0(0.00 %),36400,1075500000,14093,421271400,39321794,14.27
07/04/2023,-204700,-6069430000,0(0.00 %),10300,299800000,215000,6369230000,39376794,14.22
10/04/2023,-222100,-6827730000,0(0.00 %),3300,101830000,225400,6929560000,39387587,14.21
11/04/2023,-243300,-7239570000,0(0.00 %),700,21100000,244000,7260670000,39601887,14.02
12/04/2023,-53400,-1600280000,0(0.00 %),0,0,53400,1600280000,39655287,0.0
13/04/2023,-105000,-3186360000,0(0.00 %),0,0,105000,3186360000,40071287,13.61
14/04/2023,-84400,-2531060000,0(0.00 %),600,17970000,85000,2549030000,40124087,13.56
17/04/2023,-82818,-2468716000,0(0.00 %),0,0,82818,2468716000,40229087,13.47
18/04/2023,-2300,-71500000,0(0.00 %),0,0,2300,71500000,40314087,13.39
19/04/2023,0,0,0(0.00 %),0,0,0,0,40396905,13.32
20/04/2023,-120500,-3796190000,0(0.00 %),1800,56940000,122300,3853130000,40517405,0.0
21/04/2023,-126100,-3900100000,0(0.00 %),1500,46450000,127600,3946550000,40395905,13.32
24/04/2023,3548,113548000,0(0.00 %),5000,158760000,1452,45212000,40513205,13.22
25/04/2023,36000,1091500000,0(0.00 %),41000,1243600000,5000,152100000,40599805,13.14
26/04/2023,0,-20000,0(0.00 %),100,2990000,100,3010000,40601157,13.14
27/04/2023,-100,-3020000,0(0.00 %),0,0,100,3020000,40601257,0.0
28/04/2023,49000,1505600000,0(0.00 %),50000,1536500000,1000,30900000,40552257,0.05
04/05/2023,-55800,-1691160000,0(0.00 %),11300,337870000,67100,2029030000,40544957,0.01
05/05/2023,-7300,-219440000,0(0.00 %),200,5960000,7500,225400000,40545857,13.19
08/05/2023,-50119,-1506766200,0(0.00 %),1300,39130000,51419,1545896200,40611657,13.13
09/05/2023,-97200,-2925156600,0(0.00 %),0,0,97200,2925156600,40619157,13.12
10/05/2023,-34800,-1049150000,0(0.00 %),20700,617720000,55500,1666870000,40653957,0.0
11/05/2023,-18400,-553230000,0(0.00 %),0,0,18400,553230000,40672357,0.0
12/05/2023,-3000,-94720000,0(0.00 %),13300,394150000,16300,488870000,40789276,12.97
15/05/2023,-55500,-1662210000,0(0.00 %),0,0,55500,1662210000,40844776,0.0
16/05/2023,-206400,-6463810000,0(0.00 %),300,9000000,206700,6472810000,41051176,0.0
17/05/2023,-93857,-3168259500,0(0.00 %),700,23530000,94557,3191789500,41145033,0.0
18/05/2023,-13100,-444030000,0(0.00 %),1000,33600000,14100,477630000,41158133,0.0
19/05/2023,-51293,-1732114800,0(0.00 %),100,3370000,51393,1735484800,41209426,0.0
22/05/2023,-146943,-5142930700,0(0.00 %),57,1989300,147000,5144920000,41356369,0.0
23/05/2023,400,13750000,0(0.00 %),500,17250000,100,3500000,41355969,0.0
24/05/2023,-16689,-604789500,0(0.00 %),0,0,16689,604789500,41372658,0.0
25/05/2023,2981,107386000,0(0.00 %),3000,108070000,19,684000,41369677,0.02
26/05/2023,-6057,-225392000,0(0.00 %),700,25750000,6757,251142000,41375734,0.01
29/05/2023,-14800,-545590000,0(0.00 %),200,7340000,15000,552930000,41390534,0.01
30/05/2023,-98368,-3738747500,0(0.00 %),2000,75200000,100368,3813947500,41488902,0.0
31/05/2023,-30088,-1136231600,0(0.00 %),3000,113900000,33088,1250131600,41518990,0.0
01/06/2023,-124590,-4685408000,0(0.00 %),3910,145392000,128500,4830800000,41416324,0.0
02/06/2023,-185700,-6961210000,0(0.00 %),29200,1096710000,214900,8057920000,41602024,0.0
05/06/2023,-97600,-3640900000,0(0.00 %),14100,524280000,111700,4165180000,41699624,0.0
06/06/2023,-92500,-3598440000,0(0.00 %),3000,115500000,95500,3713940000,41792124,0.0
07/06/2023,-132600,-5239120000,0(0.00 %),14100,551890000,146700,5791010000,41924724,0.0
08/06/2023,-30600,-1188230000,0(0.00 %),6900,268860000,37500,1457090000,41955324,0.0
09/06/2023,-59500,-2275400000,0(0.00 %),500,19200000,60000,2294600000,42014824,0.02
12/06/2023,-129900,-5010360000,0(0.00 %),2200,85650000,132100,5096010000,42144724,0.03
13/06/2023,-70237,-2728681800,0(0.00 %),1900,73600000,72137,2802281800,42214961,0.0
14/06/2023,-81600,-3165650000,0(0.00 %),2200,84700000,83800,3250350000,42296561,0.0
15/06/2023,-45289,-1718802000,0(0.00 %),2100,80000000,47389,1798802000,42341850,0.05
16/06/2023,1550,62615000,0(0.00 %),5550,215415000,4000,152800000,42529709,11.42
19/06/2023,0,0,0(0.00 %),0,0,0,0,42577098,11.38
20/06/2023,-167586,-6550374000,0(0.00 %),3414,134966000,171000,6685340000,42577684,11.38
21/06/2023,44700,1789420000,0(0.00 %),52300,2095470000,7600,306050000,42525384,11.42
22/06/2023,-11984,-491546800,0(0.00 %),4026,165059200,16010,656606000,42537368,0.0
23/06/2023,19001,772477800,0(0.00 %),26270,1068996000,7269,296518200,42673688,11.29
26/06/2023,37410,1492187000,0(0.00 %),37410,1492187000,0,0,42652288,11.31
27/06/2023,-2800,-112250000,0(0.00 %),2300,90740000,5100,202990000,42657257,11.31
28/06/2023,2458,99330000,0(0.00 %),2500,101010000,42,1680000,42654757,11.31
29/06/2023,0,0,0(0.00 %),0,0,0,0,42659157,11.31
30/06/2023,0,0,0(0.00 %),0,0,0,0,42659199,11.31
03/07/2023,-197800,-7932490000,0(0.00 %),2300,91540000,200100,8024030000,42711299,11.26
04/07/2023,18000,725920000,0(0.00 %),18000,725920000,0,0,42693299,11.28
05/07/2023,26200,1087980000,0(0.00 %),27500,1141960000,1300,53980000,42865899,11.12
06/07/2023,36600,1509450000,0(0.00 %),36600,1509450000,0,0,42829299,11.16
07/07/2023,-98700,-4154400000,0(0.00 %),9000,376090000,107700,4530490000,42821599,11.16
10/07/2023,-338661,-14218509100,0(0.00 %),26000,1090250000,364661,15308759100,42795599,11.19
11/07/2023,-12100,-516440000,0(0.00 %),31500,1312400000,43600,1828840000,42871799,11.12
12/07/2023,-100100,-4225630000,0(0.00 %),0,0,100100,4225630000,43236460,10.8
13/07/2023,-99300,-4199150000,0(0.00 %),700,29750000,100000,4228900000,43279360,10.76
14/07/2023,-81102,-3455334400,0(0.00 %),0,0,81102,3455334400,43379460,10.67
17/07/2023,800,34330000,0(0.00 %),800,34330000,0,0,43478660,10.58
18/07/2023,23100,981220000,0(0.00 %),23100,981220000,0,0,43536662,10.53
19/07/2023,3100,134360000,0(0.00 %),12600,539210000,9500,404850000,43524062,10.54
20/07/2023,0,0,0(0.00 %),0,0,0,0,43522562,10.54
21/07/2023,31900,1401160000,0(0.00 %),32000,1405530000,100,4370000,43500062,10.56
24/07/2023,-63449,-2793775900,0(0.00 %),1200,53290000,64649,2847065900,43501207,10.56
25/07/2023,-76700,-3337180000,0(0.00 %),20400,882320000,97100,4219500000,43480907,10.58
26/07/2023,-101979,-4347097500,0(0.00 %),300,12760000,102279,4359857500,43582886,0.0
27/07/2023,-80600,-3475320000,0(0.00 %),1500,64220000,82100,3539540000,43663486,0.0
28/07/2023,5100,219450000,0(0.00 %),5100,219450000,0,0,43635756,0.0
31/07/2023,-47846,-2068881000,0(0.00 %),28700,1259200000,76546,3328081000,43791435,10.31
01/08/2023,0,0,0(0.00 %),0,0,0,0,43765235,10.33
02/08/2023,0,0,0(0.00 %),0,0,0,0,43839881,10.26
03/08/2023,-118562,-5250045400,0(0.00 %),910,40135000,119472,5290180400,43839071,10.26
04/08/2023,-66228,-2909385000,0(0.00 %),24800,1091100000,91028,4000485000,43864771,10.24
07/08/2023,1600,65190000,0(0.00 %),2200,89610000,600,24420000,43863171,0.0
08/08/2023,-983,-40548600,0(0.00 %),522,21196400,1505,61745000,43864154,0.1
09/08/2023,-10679,-432982700,0(0.00 %),800,32510000,11479,465492700,43874833,0.17
10/08/2023,26700,1076900000,0(0.00 %),31700,1279550000,5000,202650000,43848133,0.2
11/08/2023,53200,2174530000,0(0.00 %),78900,3211630000,25700,1037100000,43794933,0.22
14/08/2023,14500,602260000,0(0.00 %),41000,1700390000,26500,1098130000,43938733,10.18
15/08/2023,39090,1619075000,0(0.00 %),63300,2618000000,24210,998925000,43901133,10.21
16/08/2023,41329,1717397800,0(0.00 %),43559,1809768800,2230,92371000,43884074,10.22
17/08/2023,47917,1996467500,0(0.00 %),48124,2005100800,207,8633300,43860160,10.25
18/08/2023,100900,4147590000,0(0.00 %),122400,5023470000,21500,875880000,43739990,10.35
21/08/2023,272900,10615600000,0(0.00 %),272900,10615600000,0,0,43467297,10.59
22/08/2023,50733,1989390200,0(0.00 %),57933,2269210200,7200,279820000,43430864,10.62
23/08/2023,56600,2226920000,0(0.00 %),56600,2226920000,0,0,43374264,10.67
24/08/2023,63900,2516480000,0(0.00 %),73900,2909440000,10000,392960000,43307564,10.73
25/08/2023,-69800,-2758898000,0(0.00 %),18300,732850000,88100,3491748000,43289264,10.75
28/08/2023,-4700,-194010000,0(0.00 %),5000,207600000,9700,401610000,43294264,10.75
29/08/2023,46600,1952550000,0(0.00 %),50400,2111440000,3800,158890000,43331964,10.71
30/08/2023,0,0,0(0.00 %),0,0,0,0,46691070,10.66
31/08/2023,25400,1116540000,0(0.00 %),27300,1200020000,1900,83480000,46667570,10.68
05/09/2023,500,21880000,0(0.00 %),600,26250000,100,4370000,46675859,10.67
06/09/2023,-293,-13026400,0(0.00 %),1007,45513600,1300,58540000,46674852,0.0
07/09/2023,-4800,-213910000,0(0.00 %),3300,149850000,8100,363760000,46673552,10.67
08/09/2023,181498,8274029000,0(0.00 %),185100,8438160000,3602,164131000,46489752,10.83
11/09/2023,160390,7286287600,0(0.00 %),164118,7454450000,3728,168162400,46333734,10.95
12/09/2023,-806,-36493600,0(0.00 %),1700,77530000,2506,114023600,46335636,10.95
13/09/2023,-202834,-9463075200,0(0.00 %),3800,177360000,206634,9640435200,46335564,10.95
14/09/2023,278,12875800,0(0.00 %),278,12875800,0,0,46337792,10.95
15/09/2023,700,32500000,0(0.00 %),700,32500000,0,0,46543726,10.78
18/09/2023,-101700,-4802450000,0(0.00 %),1700,79940000,103400,4882390000,46645426,0.0
19/09/2023,-209450,-9893875000,0(0.00 %),1300,62060000,210750,9955935000,46751476,0.0
20/09/2023,54300,2598750000,0(0.00 %),59500,2850080000,5200,251330000,46697176,0.0
21/09/2023,0,0,0(0.00 %),0,0,0,0,46786592,10.58
22/09/2023,8001,388108700,0(0.00 %),26601,1302918700,18600,914810000,46765191,10.6
25/09/2023,33587,1661957200,0(0.00 %),35600,1761870000,2013,99912800,46893991,10.49
26/09/2023,2800,134440000,0(0.00 %),4100,195630000,1300,61190000,46908491,10.48
27/09/2023,-18099,-833567500,0(0.00 %),4100,186070000,22199,1019637500,46904391,0.0
28/09/2023,1505,68693000,0(0.00 %),10900,498520000,9395,429827000,46895504,0.0
29/09/2023,-167951,-7752121300,0(0.00 %),2412,111910400,170363,7864031700,46916591,10.48
02/10/2023,-45667,-2115031500,0(0.00 %),811,37869300,46478,2152900800,46925175,10.47
03/10/2023,-12200,-549140000,0(0.00 %),5000,231500000,17200,780640000,47090538,10.33
04/10/2023,-21751,-969294600,0(0.00 %),49,2185400,21800,971480000,47136967,10.29
05/10/2023,-29500,-1344220000,0(0.00 %),0,0,29500,1344220000,47154167,10.28
06/10/2023,-10276,-462435200,0(0.00 %),0,0,10276,462435200,47175967,10.26
09/10/2023,1229,54525200,0(0.00 %),5000,229500000,3771,174974800,47200467,10.24
10/10/2023,-1050,-50135200,0(0.00 %),150,7054800,1200,57190000,47210593,10.23
11/10/2023,2220,106612000,0(0.00 %),3320,160212000,1100,53600000,47211044,10.23
12/10/2023,-616,-29966100,0(0.00 %),2379,115135700,2995,145101800,47209865,10.23
13/10/2023,3800,183010000,0(0.00 %),6800,331050000,3000,148040000,47204165,10.24
16/10/2023,-90552,-4648868400,0(0.00 %),16517,834625200,107069,5483493600,47190643,10.25
17/10/2023,-6464,-327282400,0(0.00 %),3840,191790000,10304,519072400,47189803,10.25
18/10/2023,30205,1428351500,0(0.00 %),31905,1508971500,1700,80620000,47264967,10.19
19/10/2023,10200,480230000,0(0.00 %),10300,484890000,100,4660000,47264971,10.19
20/10/2023,4000,181520000,0(0.00 %),4500,204070000,500,22550000,47262171,10.19
23/10/2023,-4900,-232900000,0(0.00 %),600,27800000,5500,260700000,47261671,10.19
24/10/2023,101,5328100,0(0.00 %),1501,73148100,1400,67820000,47260170,0.0
25/10/2023,700,32690000,0(0.00 %),1600,76520000,900,43830000,47260670,10.19
26/10/2023,3494,155978000,0(0.00 %),11300,513820000,7806,357842000,47254670,10.2
27/10/2023,300,13870000,0(0.00 %),1500,69100000,1200,55230000,47254070,10.2
30/10/2023,40662,1837649200,0(0.00 %),41052,1855576800,390,17927600,47220824,10.23
31/10/2023,210900,8763100000,0(0.00 %),211800,8800720000,900,37620000,47010224,10.4
01/11/2023,203106,8143750000,0(0.00 %),204800,8211910000,1694,68160000,46805814,10.57
02/11/2023,-23900,-996550000,0(0.00 %),0,0,23900,996550000,46806714,10.57
03/11/2023,82028,3546983600,0(0.00 %),82100,3550130000,72,3146400,46726308,10.63
06/11/2023,2118,92118400,0(0.00 %),2200,95710000,82,3591600,46748008,10.61
07/11/2023,5934,255718800,0(0.00 %),6034,260048800,100,4330000,46742074,0.0
08/11/2023,-1500,-67050000,0(0.00 %),0,0,1500,67050000,46742128,10.62
09/11/2023,2772,102590800,0(0.00 %),85900,3990730000,83128,3888139200,46656328,10.69
10/11/2023,105608,4848138000,0(0.00 %),107900,4953510000,2292,105372000,46549928,10.78
13/11/2023,41886,1911926000,0(0.00 %),47900,2190370000,6014,278444000,46585156,10.75
14/11/2023,56200,2620520000,0(0.00 %),56200,2620520000,0,0,46531248,10.79
15/11/2023,-24000,-1091940000,0(0.00 %),76500,3611810000,100500,4703750000,46460762,10.85
16/11/2023,51400,2417250000,0(0.00 %),52400,2465100000,1000,47850000,46409362,0.05
17/11/2023,42865,2039808000,0(0.00 %),45800,2181300000,2935,141492000,46463062,10.85
20/11/2023,27400,1286300000,0(0.00 %),27400,1286300000,0,0,46436662,10.87
21/11/2023,-106163,-5024501000,0(0.00 %),0,0,106163,5024501000,46439597,10.87
22/11/2023,-92568,-4390863200,0(0.00 %),10300,487130000,102868,4877993200,46429297,10.88
23/11/2023,-600,-29910000,0(0.00 %),900,42470000,1500,72380000,46429897,0.0
24/11/2023,7600,352770000,0(0.00 %),7600,352770000,0,0,46422297,0.1
27/11/2023,-1464,-69278000,0(0.00 %),300,14140000,1764,83418000,46423761,0.18
28/11/2023,4300,206580000,0(0.00 %),15300,720280000,11000,513700000,46419461,0.19
29/11/2023,0,1780000,0(0.00 %),15000,708280000,15000,706500000,46419461,0.17
30/11/2023,2000,94580000,0(0.00 %),4200,199840000,2200,105260000,46417461,0.16
01/12/2023,-21025,-997287500,0(0.00 %),3175,150792500,24200,1148080000,46606117,0.0
04/12/2023,-1775,-87785400,0(0.00 %),3825,184024600,5600,271810000,46607892,0.01
05/12/2023,-10829,-530326500,0(0.00 %),200,9680000,11029,540006500,46618721,0.0
06/12/2023,-6788,-330426800,0(0.00 %),312,15133200,7100,345560000,46625509,0.02
07/12/2023,37800,1833190000,0(0.00 %),37800,1833190000,0,0,46587709,0.05
08/12/2023,-2300,-113890000,0(0.00 %),300,14600000,2600,128490000,46590009,0.03
11/12/2023,404,19105200,0(0.00 %),1100,53450000,696,34344800,46589605,0.03
12/12/2023,12800,625510000,0(0.00 %),19300,942660000,6500,317150000,46576805,0.04
13/12/2023,-415,-20295000,0(0.00 %),100,4860000,515,25155000,46577220,0.03
14/12/2023,-9300,-450010000,0(0.00 %),700,33990000,10000,484000000,46586520,0.02
15/12/2023,-12020,-576415600,0(0.00 %),2080,99964400,14100,676380000,46598540,0.02
18/12/2023,-1400,-66450000,0(0.00 %),600,28250000,2000,94700000,46599940,0.01
19/12/2023,-1211,-57950300,0(0.00 %),4000,190350000,5211,248300300,46601151,0.02
20/12/2023,283,13357400,0(0.00 %),500,23750000,217,10392600,46635057,0.0
21/12/2023,-3000,-143610000,0(0.00 %),0,0,3000,143610000,46638057,0.0
22/12/2023,120800,6111060000,0(0.00 %),131600,6656190000,10800,545130000,46517257,0.11
25/12/2023,-203722,-10940175700,0(0.00 %),4100,221020000,207822,11161195700,46720979,0.0
26/12/2023,-165846,-8966624800,0(0.00 %),41100,2223450000,206946,11190074800,46479268,10.83
27/12/2023,-206736,-11434497200,0(0.00 %),1800,100090000,208536,11534587200,46477468,0.0
28/12/2023,-446806,-25053037200,0(0.00 %),881,49402100,447687,25102439300,46684409,0.0
29/12/2023,-308127,-17483664400,0(0.00 %),1124,63897900,309251,17547562300,47098767,10.33
02/01/2024,-201655,-11727034500,0(0.00 %),745,42975500,202400,11770010000,47545708,9.96
03/01/2024,-54362,-3155887400,0(0.00 %),538,31072600,54900,3186960000,47152384,0.35
04/01/2024,148100,8505610000,0(0.00 %),150400,8638640000,2300,133030000,47004284,0.75
05/01/2024,-249779,-14404880700,0(0.00 %),321,18369300,250100,14423250000,47254063,0.58
08/01/2024,-600,-34740000,0(0.00 %),0,0,600,34740000,47254663,0.62
09/01/2024,9239,535066000,0(0.00 %),12000,696020000,2761,160954000,48201400,9.42
10/01/2024,-242225,-14334375000,0(0.00 %),10900,647390000,253125,14981765000,48191100,9.43
11/01/2024,5350,317590000,0(0.00 %),7400,438360000,2050,120770000,48186464,9.43
12/01/2024,17400,1000260000,0(0.00 %),17400,1000260000,0,0,47464899,0.64
15/01/2024,-280000,-15714340000,0(0.00 %),7400,419190000,287400,16133530000,48416836,9.24
16/01/2024,-200,-11270000,0(0.00 %),0,0,200,11270000,48416836,9.24
17/01/2024,-86000,-4907810000,0(0.00 %),5100,290200000,91100,5198010000,48699150,9.01
18/01/2024,-198700,-11361500000,0(0.00 %),1500,85450000,200200,11446950000,48029799,0.59
19/01/2024,-185100,-10783860000,0(0.00 %),16700,973080000,201800,11756940000,48214899,0.43
22/01/2024,-213322,-13194989600,0(0.00 %),17128,1076680400,230450,14271670000,48428221,0.3
23/01/2024,-79975,-5077833600,0(0.00 %),90090,5691241400,170065,10769075000,48508196,0.4
24/01/2024,-167304,-10442092400,0(0.00 %),78400,4909150000,245704,15351242400,48675500,0.35
25/01/2024,-137308,-8767892700,0(0.00 %),84100,5377540000,221408,14145432700,48812808,0.36
26/01/2024,-132967,-8581725000,0(0.00 %),83500,5541410000,216467,14123135000,48945775,0.32
29/01/2024,-212481,-13860340300,0(0.00 %),58600,3815050000,271081,17675390300,49630064,8.25
30/01/2024,24518,1609966500,0(0.00 %),34000,2242500000,9482,632533500,49812530,8.1
31/01/2024,-213643,-13850591500,0(0.00 %),6024,404008000,219667,14254599500,50077588,7.88
01/02/2024,-8357,-557640200,0(0.00 %),400,26620000,8757,584260200,50077187,0.0
02/02/2024,-17791,-1208970600,0(0.00 %),13609,917109400,31400,2126080000,50086668,7.87
05/02/2024,3700,244790000,0(0.00 %),10100,675230000,6400,430440000,50282627,0.0
06/02/2024,-8778,-587045000,0(0.00 %),2601,176427000,11379,763472000,50320184,7.68
07/02/2024,-10399,-711682700,0(0.00 %),5601,383167300,16000,1094850000,50320984,7.68
15/02/2024,-3585,-249594000,0(0.00 %),7554,516253200,11139,765847200,50324810,7.68
16/02/2024,-2600,-177980000,0(0.00 %),1900,129970000,4500,307950000,50338908,7.67
19/02/2024,-8506,-573285500,0(0.00 %),694,47174500,9200,620460000,50349350,7.66
20/02/2024,700,47160000,0(0.00 %),700,47160000,0,0,50353150,7.65
21/02/2024,1509,102236700,0(0.00 %),2500,170470000,991,68233300,50359852,7.65
22/02/2024,-6646,-481744500,0(0.00 %),300,21594100,6946,503338600,50359852,7.65
23/02/2024,-7315,-533907800,0(0.00 %),6536,487012500,13851,1020920300,50353016,0.0
26/02/2024,21700,1596650000,0(0.00 %),27600,2027710000,5900,431060000,50333350,7.67
27/02/2024,-39490,-2971336400,0(0.00 %),10700,806850000,50190,3778186400,50322653,0.0
28/02/2024,-19342,-1458268800,0(0.00 %),60503,4535401700,79845,5993670500,50276001,0.0
29/02/2024,-58047,-4402892000,0(0.00 %),22175,1656937800,80222,6059829800,50309916,7.69
05/03/2024,0,0,0(0.00 %),0,0,0,0,50469984,7.56
12/03/2024,-52100,-4084640000,0(0.00 %),600,47040000,52700,4131680000,50469384,7.56
13/03/2024,-14100,-1183240000,83.8(6.89 %),19300,1615430000,33400,2798670000,50450083,7.57
14/03/2024,4000,343850000,89.6(6.92 %),44200,3899100000,40200,3555250000,50446083,8.15
15/03/2024,-139400,-12679730000,94.1(5.02 %),15500,1420610000,154900,14100340000,50585483,8.03
18/03/2024,10500,973910000,94(-0.11 %),35300,3265330000,24800,2291420000,50481856,7.55
19/03/2024,-127700,-11653840000,89.8(-4.47 %),7100,640910000,134800,12294750000,50629884,7.43
20/03/2024,-22100,-1929330000,90(0.22 %),8000,698900000,30100,2628230000,50724783,7.91
21/03/2024,-54600,-4920160000,90.4(0.44 %),1700,153350000,56300,5073510000,50779383,7.86
22/03/2024,-6600,-594940000,88.3(-2.32 %),13400,1193510000,20000,1788450000,50785983,7.85
25/03/2024,-8400,-741960000,83.3(-5.66 %),17400,1490300000,25800,2232260000,50805530,7.28
26/03/2024,-6300,-542400000,87.4(4.92 %),200,17060000,6500,559460000,50771983,7.87
27/03/2024,-4700,-419700000,89.4(2.29 %),400,35220000,5100,454920000,50850816,7.24
28/03/2024,-700,-61740000,88.7(-0.78 %),100,8820000,800,70560000,50857244,7.24
29/03/2024,-1200,-104060000,87.9(-0.90 %),400,34720000,1600,138780000,50861944,7.24
01/04/2024,-11400,-1053000000,92(4.66 %),10700,963880000,22100,2016880000,50852136,7.24
02/04/2024,-27200,-2452700000,89.5(-2.72 %),200,18020000,27400,2470720000,50889143,7.76
03/04/2024,-22300,-2018230000,88.5(-1.12 %),900,80830000,23200,2099060000,50874584,7.23
04/04/2024,15500,1304830000,85.1(-3.84 %),17000,1432110000,1500,127280000,50895943,7.76
05/04/2024,-98600,-8267210000,79.3(-6.82 %),87200,7288910000,185800,15556120000,50820950,7.27
08/04/2024,78200,5961280000,73.8(-6.94 %),85400,6512160000,7200,550880000,50916343,7.74
09/04/2024,70800,5128440000,77.4(4.88 %),127400,9363110000,56600,4234670000,50845543,7.8
10/04/2024,-10500,-832720000,76(-1.81 %),5700,442040000,16200,1274760000,50856043,7.79
11/04/2024,5400,422730000,77.5(1.97 %),64600,4884650000,59200,4461920000,50789264,7.3
12/04/2024,-142200,-10965920000,77(-0.65 %),1700,130860000,143900,11096780000,50803764,7.28
15/04/2024,-24900,-1890130000,71.7(-6.88 %),9000,649490000,33900,2539620000,51017743,7.65
16/04/2024,-74100,-5148980000,72.5(1.12 %),9800,681440000,83900,5830420000,51091843,7.58
17/04/2024,-158000,-10936290000,68.2(-5.93 %),6100,423950000,164100,11360240000,51175743,7.51
19/04/2024,-71400,-4875390000,69.3(1.61 %),5200,355810000,76600,5231200000,51247143,7.45
22/04/2024,1700,120120000,70.9(2.31 %),5400,380010000,3700,259890000,51253350,6.91
23/04/2024,-2200,-155410000,69.1(-2.54 %),600,41680000,2800,197090000,51329536,6.85
24/04/2024,40500,2953990000,73.9(6.95 %),53000,3864270000,12500,910280000,51207143,7.48
25/04/2024,22200,1674930000,75.4(2.03 %),24000,1811640000,1800,136710000,51184943,7.5
26/04/2024,10400,789860000,76.6(1.59 %),15600,1186240000,5200,396380000,51255980,6.91
02/05/2024,-30500,-2325930000,77(0.52 %),17000,1285010000,47500,3610940000,51240780,6.92
03/05/2024,108300,8605270000,78.8(2.34 %),122900,9743790000,14600,1138520000,51123080,7.02
06/05/2024,-1700,-138360000,79.9(1.40 %),8000,637600000,9700,775960000,51162620,6.99
07/05/2024,35400,2811340000,80.1(0.25 %),92000,7358580000,56600,4547240000,51085220,7.05
08/05/2024,-45600,-3654700000,79.9(-0.25 %),32600,2572570000,78200,6227270000,51062320,7.07
09/05/2024,197500,16180340000,82.5(3.25 %),226700,18558680000,29200,2378340000,50892220,7.21
10/05/2024,-13400,-1135350000,82.2(-0.36 %),16500,1361290000,29900,2496640000,50953920,7.16
13/05/2024,-22300,-1822840000,79(-3.89 %),14300,1130050000,36600,2952890000,50968896,7.15
14/05/2024,-13200,-1103820000,79(0.00 %),90500,7066170000,103700,8169990000,51010980,7.65
15/05/2024,72400,5971740000,82.1(3.92 %),178300,14570260000,105900,8598520000,50938580,7.72
16/05/2024,-98300,-8080870000,81.7(-0.49 %),21100,1737170000,119400,9818040000,51036880,7.63
17/05/2024,44400,3933300000,84.9(3.92 %),145700,12356830000,101300,8423530000,50809536,7.28
20/05/2024,-49800,-4231910000,83.7(-1.41 %),10000,847710000,59800,5079620000,50918944,7.19
21/05/2024,-61000,-5031590000,82.6(-1.31 %),26300,2171900000,87300,7203490000,50993996,7.13
22/05/2024,-217700,-17788960000,81(-1.94 %),8000,652340000,225700,18441300000,51045800,7.08
23/05/2024,19200,1530070000,81.1(0.12 %),35200,2821690000,16000,1291620000,51098020,7.04
24/05/2024,-108800,-8792530000,78(-3.82 %),3400,269190000,112200,9061720000,51312280,7.39
27/05/2024,68400,5249810000,78(0.00 %),85100,6539600000,16700,1289790000,51251320,6.92
28/05/2024,-53000,-4181000000,79.4(1.79 %),2000,158600000,55000,4339600000,51361520,6.83
29/05/2024,-6700,-529630000,78.5(-1.13 %),300,23610000,7000,553240000,51377920,6.81
30/05/2024,-39000,-3032810000,78.5(0.00 %),23400,1797290000,62400,4830100000,51409564,6.79
31/05/2024,800,64940000,78(-0.64 %),6900,543710000,6100,478770000,51409704,6.79
03/06/2024,50100,3975630000,79.7(2.18 %),56400,4480200000,6300,504570000,51409702,7.3
04/06/2024,34500,2759210000,82(2.89 %),53600,4316970000,19100,1557760000,51375202,7.33
05/06/2024,-37200,-3066710000,80.6(-1.71 %),1100,90570000,38300,3157280000,51412402,7.3
06/06/2024,-3957,-325377100,79.2(-1.74 %),11900,956310000,15857,1281687100,51380651,6.81
07/06/2024,-9108,-722475200,79.3(0.13 %),2300,182340000,11408,904815200,51416651,6.78
10/06/2024,5300,417880000,78.5(-1.01 %),15300,1204880000,10000,787000000,51411351,7.3
11/06/2024,-26700,-2100850000,77.8(-0.89 %),13800,1074450000,40500,3175300000,51380651,6.81
12/06/2024,-49400,-3898630000,79.7(2.44 %),9300,738640000,58700,4637270000,51415516,6.78
13/06/2024,0,0,82.6(3.64 %),0,0,0,0,51445116,6.76
14/06/2024,518429,45481580700,86.8(5.08 %),623800,54665040000,105371,9183459300,50880016,7.22
17/06/2024,-86100,-7731660000,86.6(-0.23 %),18200,1610930000,104300,9342590000,50920366,7.19
18/06/2024,139000,12329530000,87.3(0.81 %),141700,12572820000,2700,243290000,50884037,7.22
19/06/2024,600200,53764790000,93.4(6.99 %),614400,55030560000,14200,1265770000,50373937,7.64
20/06/2024,-168367,-16009571500,96(2.78 %),103333,9792108500,271700,25801680000,50273304,7.72
21/06/2024,-109976,-10551085600,95.6(-0.42 %),65200,6218580000,175176,16769665600,50222304,7.76
24/06/2024,-74590,-7096930000,89(-6.90 %),248010,22461570000,322600,29558500000,50245994,7.74
25/06/2024,133100,11268030000,85.9(-3.48 %),269800,23086050000,136700,11818020000,50151370,7.82
26/06/2024,-60758,-5318298500,87(1.28 %),31000,2685450000,91758,8003748500,50442970,7.58
27/06/2024,-40228,-3521846000,85.6(-1.61 %),20100,1729460000,60328,5251306000,50559570,7.48
28/06/2024,-80487,-6991588500,83(-3.04 %),32500,2708260000,112987,9699848500,50618828,7.44
04/07/2024,-138900,-11979300000,87(3.45 %),1700,145880000,140600,12125180000,50548568,0.0
05/07/2024,-247500,-21731470000,87.8(0.92 %),12300,1077640000,259800,22809110000,50796068,0.0
08/07/2024,-111300,-9646810000,86.3(-1.71 %),4500,388560000,115800,10035370000,50907368,0.0
09/07/2024,-1100,-95220000,86.8(0.58 %),1600,138120000,2700,233340000,50908468,0.0
10/07/2024,6000,527880000,87(0.23 %),13400,1182260000,7400,654380000,50902468,0.0
11/07/2024,60100,5305510000,89.5(2.87 %),92400,8165310000,32300,2859800000,50842368,0.0
12/07/2024,-6500,-575980000,87.9(-1.79 %),500,44040000,7000,620020000,50848868,0.0
15/07/2024,-4900,-427900000,85.2(-3.07 %),13000,1112690000,17900,1540590000,50853768,0.0
16/07/2024,-37800,-3186440000,83.1(-2.46 %),27600,2315460000,65400,5501900000,50891568,0.0
17/07/2024,19900,1599050000,80(-3.73 %),50200,4058970000,30300,2459920000,50871668,0.0
18/07/2024,-16500,-1310540000,81(1.25 %),40500,3199310000,57000,4509850000,50888168,0.0
19/07/2024,-46600,-3728910000,79(-2.47 %),12900,1027440000,59500,4756350000,50934768,0.0
22/07/2024,9500,676310000,78.5(-0.63 %),70300,5406650000,60800,4730340000,50925268,0.0
23/07/2024,2900,91220000,73.1(-6.88 %),49600,3715390000,46700,3624170000,50922368,0.0
24/07/2024,186300,13699770000,77.2(5.61 %),201000,14783150000,14700,1083380000,50736068,0.0
25/07/2024,3400,256100000,76(-1.55 %),27400,2093310000,24000,1837210000,50732668,0.0
26/07/2024,-2000,-132990000,78.3(3.03 %),23200,1810150000,25200,1943140000,50734668,0.0
29/07/2024,-116600,-9196320000,78.3(0.00 %),1300,101910000,117900,9298230000,50851268,0.0
30/07/2024,-116600,-9196320000,77(-1.66 %),1300,101910000,117900,9298230000,50967868,0.0
31/07/2024,-36400,-2745650000,74.5(-3.25 %),4800,364620000,41200,3110270000,51004268,0.0
01/08/2024,-47900,-3437140000,70(-6.04 %),114300,8210190000,162200,11647330000,51277069,0.0
02/08/2024,169900,11874320000,72.9(4.14 %),172600,12063700000,2700,189380000,51107169,0.0
05/08/2024,38900,2725840000,69.5(-4.66 %),53500,3771720000,14600,1045880000,51068269,0.0
06/08/2024,-38600,-2697400000,71.7(3.17 %),16000,1138110000,54600,3835510000,51106869,0.0
07/08/2024,-52400,-3782510000,71.5(-0.28 %),7100,509230000,59500,4291740000,51159269,0.0
08/08/2024,-34300,-2452930000,70.5(-1.40 %),24100,1725840000,58400,4178770000,51193569,0.0
09/08/2024,37500,2715720000,73.9(4.82 %),43100,3124650000,5600,408930000,51156069,0.0
12/08/2024,39400,2921580000,74.2(0.41 %),47800,3542100000,8400,620520000,51116669,0.0
13/08/2024,-51900,-3882700000,74.2(0.00 %),5300,394590000,57200,4277290000,51168569,0.0
14/08/2024,-53000,-3925070000,73.6(-0.81 %),3800,281920000,56800,4206990000,51221569,0.0
15/08/2024,-20600,-1486740000,71.6(-2.72 %),11800,849370000,32400,2336110000,51242169,0.0
16/08/2024,69700,5215090000,75.5(5.45 %),87300,6509740000,17600,1294650000,51172469,0.0
19/08/2024,-61900,-4850070000,77.5(2.65 %),500,38710000,62400,4888780000,51234369,0.0
20/08/2024,4900,379260000,77.2(-0.39 %),22500,1743460000,17600,1364200000,51229469,0.0
21/08/2024,7900,573450000,77.1(-0.13 %),40400,3121460000,32500,2548010000,51221569,0.0
22/08/2024,13900,1065040000,76.6(-0.65 %),20400,1562450000,6500,497410000,51207669,0.0
23/08/2024,24800,1887520000,76(-0.78 %),24800,1887520000,0,0,51182869,0.0
26/08/2024,1500,117350000,76(0.00 %),10800,827950000,9300,710600000,51181369,0.0
27/08/2024,-7200,-546470000,75.5(-0.66 %),300,22690000,7500,569160000,51188569,0.0
28/08/2024,-13200,-1008210000,76.2(0.93 %),4000,308110000,17200,1316320000,51201769,0.0
29/08/2024,-5500,-418770000,76.1(-0.13 %),200,15190000,5700,433960000,51207269,0.0
30/08/2024,-7900,-603590000,76(-0.13 %),100,7610000,8000,611200000,51215169,0.0
04/09/2024,1100,77900000,75(-1.32 %),6300,469620000,5200,391720000,51321946,0.0
05/09/2024,-4300,-332810000,74.4(-0.80 %),5400,407890000,9700,740700000,51326246,0.0
06/09/2024,-600,-44600000,75.2(1.08 %),100,7410000,700,52010000,51326846,0.0
09/09/2024,-2600,-194250000,74.2(-1.33 %),2000,149130000,4600,343380000,51329446,0.0
10/09/2024,-41400,-3051300000,72.9(-1.75 %),600,44270000,42000,3095570000,51370846,0.0
11/09/2024,-1400,-101250000,73.5(0.82 %),5100,371960000,6500,473210000,51372246,0.0
12/09/2024,-10300,-762680000,73.6(0.14 %),2700,198610000,13000,961290000,51382546,0.0
13/09/2024,2000,150020000,73.6(0.00 %),7000,517820000,5000,367800000,51380546,0.0
16/09/2024,3100,228620000,72.9(-0.95 %),4300,317060000,1200,88440000,51377446,0.0
17/09/2024,-700,-51330000,74.3(1.92 %),100,7290000,800,58620000,51378146,0.0
18/09/2024,237000,18552240000,79(6.33 %),257400,20128070000,20400,1575830000,51141146,0.0
19/09/2024,-14200,-1153620000,81(2.53 %),1300,103460000,15500,1257080000,51155346,0.0
20/09/2024,-8200,-671980000,79.4(-1.98 %),12000,959000000,20200,1630980000,51163546,0.0
23/09/2024,-98400,-7840970000,79.5(0.13 %),0,0,98400,7840970000,51261946,0.0
24/09/2024,-23500,-1885920000,80(0.63 %),13200,1058060000,36700,2943980000,51285446,0.0
25/09/2024,-117300,-9188600000,77.5(-1.27 %),400,31210000,117700,9219810000,51402746,0.0
26/09/2024,400,31730000,77.6(0.13 %),1500,117420000,1100,85690000,51402346,0.0
27/09/2024,127800,10048830000,78.8(1.55 %),129100,10150310000,1300,101480000,51274546,0.0
30/09/2024,-44000,-3475400000,78.6(-0.25 %),0,0,44000,3475400000,51318546,0.0
01/10/2024,-4700,-370820000,78.7(0.13 %),0,0,4700,370820000,51285768,0.0
02/10/2024,-98200,-7638900000,77.4(-1.65 %),1100,85310000,99300,7724210000,51383968,0.0
03/10/2024,2900,221350000,75.8(-2.07 %),2900,221350000,0,0,51381068,0.0
04/10/2024,-3600,-282510000,76.1(0.40 %),1700,128380000,5300,410890000,51384668,0.0
07/10/2024,-4500,-344170000,76.4(0.39 %),0,0,4500,344170000,51389168,0.0
08/10/2024,-1800,-138440000,76.5(0.13 %),700,53560000,2500,192000000,51390968,0.0
09/10/2024,302000,24159630000,81.8(6.93 %),368600,29582280000,66600,5422650000,51088968,0.0
10/10/2024,62300,5113150000,82(0.24 %),86500,7102380000,24200,1989230000,51026668,0.0
11/10/2024,106500,8879970000,85.7(4.51 %),128500,10717160000,22000,1837190000,50920168,0.0
14/10/2024,-78400,-6688670000,85(-0.82 %),15000,1269360000,93400,7958030000,50998568,0.0
15/10/2024,-6200,-574640000,83.5(-1.76 %),43600,3635570000,49800,4210210000,51004768,0.0
16/10/2024,45100,3853750000,86.5(3.59 %),107400,9162930000,62300,5309180000,50959668,0.0
17/10/2024,-148700,-12784900000,85.5(-1.16 %),20100,1715350000,168800,14500250000,51108368,0.0
18/10/2024,-37900,-3295420000,86.6(1.29 %),91900,7989120000,129800,11284540000,51146268,0.0
21/10/2024,-70700,-6137320000,86(-0.69 %),2700,231160000,73400,6368480000,51216968,0.0
22/10/2024,133100,11338010000,85.9(-0.12 %),139700,11903220000,6600,565210000,51083868,0.0
23/10/2024,19000,1643900000,86.8(1.05 %),41400,3546220000,22400,1902320000,51064868,0.0
24/10/2024,-300,-35580000,86.8(0.00 %),11300,976670000,11600,1012250000,51065168,0.0
25/10/2024,-50100,-4488090000,90.5(4.26 %),119000,10575700000,169100,15063790000,51115268,0.0
28/10/2024,-15200,-1383990000,89.9(-0.66 %),17100,1547390000,32300,2931380000,51130468,0.0
29/10/2024,18000,1624320000,89.7(-0.22 %),27400,2480200000,9400,855880000,51112468,0.0
30/10/2024,87000,7746160000,90.5(0.89 %),99000,8832400000,12000,1086240000,51025468,0.0
31/10/2024,-7300,-657730000,89.7(-0.88 %),19300,1733210000,26600,2390940000,51032768,0.0
01/11/2024,28900,2545680000,88.6(-1.23 %),30200,2661670000,1300,115990000,51044273,0.0
04/11/2024,133100,11922100000,91.8(3.61 %),183400,16512980000,50300,4590880000,50911173,0.0
05/11/2024,85900,8209460000,95.9(4.47 %),185500,17515350000,99600,9305890000,50825273,0.0
06/11/2024,13100,1252740000,95.5(-0.42 %),103100,9895510000,90000,8642770000,50812173,0.0
07/11/2024,-182800,-18385820000,102.1(6.91 %),76000,7695920000,258800,26081740000,50994973,0.0
08/11/2024,23900,2708310000,108.7(6.46 %),257500,27288170000,233600,24579860000,50971073,0.0
11/11/2024,-79100,-8767870000,106(-2.48 %),65900,7090220000,145000,15858090000,51050173,0.0
12/11/2024,92100,9970170000,113.4(6.98 %),141400,15466030000,49300,5495860000,50760591,7.32
13/11/2024,-67600,-7888040000,113.9(0.44 %),137000,15637550000,204600,23525590000,51025673,0.0
14/11/2024,117500,13482830000,114.5(0.53 %),169500,19486610000,52000,6003780000,50908173,0.0
15/11/2024,236000,26759240000,122.5(6.99 %),337600,38840230000,101600,12080990000,50672173,0.0
18/11/2024,-115400,-14301550000,123(0.41 %),10100,1215800000,125500,15517350000,50787573,0.0
19/11/2024,-56500,-7050830000,119(-3.25 %),16700,2051060000,73200,9101890000,50844073,0.0
20/11/2024,14800,2047910000,113.1(-4.96 %),143500,16550520000,128700,14502610000,50829273,0.0
21/11/2024,66300,7517510000,121(6.98 %),279500,32417220000,213200,24899710000,50762973,0.0
22/11/2024,42100,5149580000,124(2.48 %),108500,13520210000,66400,8370630000,50720873,0.0
25/11/2024,20800,2612100000,128(3.23 %),63300,7950790000,42500,5338690000,50601484,7.45
26/11/2024,-215600,-26896990000,122.8(-4.06 %),23300,2905780000,238900,29802770000,50644487,7.41
27/11/2024,26700,3247350000,125(1.79 %),58100,7184780000,31400,3937430000,50628966,7.43
28/11/2024,79400,10170530000,128.8(3.04 %),106400,13652180000,27000,3481650000,50761466,7.32
29/11/2024,-9700,-1283270000,131.8(2.33 %),98300,12939640000,108000,14222910000,50694553,7.37
02/12/2024,26200,3526880000,134.4(1.97 %),58600,7857900000,32400,4331020000,50662953,7.4
03/12/2024,107100,15075810000,142(5.65 %),154100,21651960000,47000,6576150000,50616853,7.44
04/12/2024,-21400,-3155380000,150.9(6.27 %),41900,5988330000,63300,9143710000,50607383,7.44
05/12/2024,-252100,-36687870000,140.4(-6.96 %),68700,10135090000,320800,46822960000,50585635,7.46
09/12/2024,34900,5105390000,147.3(3.73 %),94800,13929640000,59900,8824250000,50808100,7.28
10/12/2024,-34600,-5003320000,143.5(-2.58 %),67200,9622910000,101800,14626230000,50841669,7.25
16/12/2024,45400,6214480000,138(-1.29 %),84700,11685850000,39300,5471370000,50442466,7.58
17/12/2024,71700,10134080000,141.5(2.54 %),104000,14741790000,32300,4607710000,50358663,7.65
18/12/2024,-22000,-3100740000,140.6(-0.64 %),10800,1518070000,32800,4618810000,50387122,7.63
19/12/2024,-28300,-3969240000,139.8(-0.57 %),41100,5774220000,69400,9743460000,50378308,7.63
20/12/2024,201700,28727740000,142(1.57 %),447800,63689450000,246100,34961710000,49963740,7.97
24/12/2024,0,0,141.2(0.86 %),0,0,0,0,50222665,7.76
25/12/2024,-187400,-26380940000,140(-0.85 %),40300,5778600000,227700,32159540000,50529785,7.51
26/12/2024,-80700,-11204990000,138(-1.43 %),29400,4092460000,110100,15297450000,50553765,7.49
27/12/2024,-202400,-27290970000,132.5(-3.99 %),29500,3948430000,231900,31239400000,50751965,7.33
30/12/2024,-61000,-8147950000,136(2.64 %),88500,11888730000,149500,20036680000,50773565,7.31
31/12/2024,-62200,-8580370000,136.9(0.66 %),36000,4976940000,98200,13557310000,50969565,7.15
02/01/2025,224400,31919550000,144(5.19 %),334000,47394360000,109600,15474810000,50785085,7.3
03/01/2025,51900,7535430000,144.2(0.14 %),153500,22317950000,101600,14782520000,50729785,7.34
06/01/2025,315500,48007870000,154.2(6.93 %),451100,68475050000,135600,20467180000,50388205,7.62
07/01/2025,87600,13499320000,157(1.82 %),228200,35273300000,140600,21773980000,50388205,7.62
08/01/2025,-376100,-56140720000,147.7(-5.92 %),8400,1255180000,384500,57395900000,50388882,7.62
09/01/2025,-65200,-9714110000,149.1(0.95 %),29000,4324090000,94200,14038200000,50500457,7.53
10/01/2025,-30100,-4440730000,147(-1.41 %),112300,16678660000,142400,21119390000,50772737,7.31
13/01/2025,-75900,-11220210000,149.5(1.70 %),30000,4402270000,105900,15622480000,50836912,7.26
14/01/2025,-45700,-6905690000,149.5(0.00 %),42400,6376300000,88100,13281990000,50936897,7.17
15/01/2025,-77400,-11545080000,149.2(-0.20 %),12700,1892570000,90100,13437650000,51030143,7.1
16/01/2025,176100,27496970000,159.6(6.97 %),301700,47069390000,125600,19572420000,50854043,0.0
17/01/2025,-124400,-20322040000,162.3(1.69 %),29600,4819980000,154000,25142020000,50876948,7.22
20/01/2025,12700,2060800000,162.4(0.06 %),30800,5018510000,18100,2957710000,50971673,7.15
21/01/2025,57600,9504920000,165.3(1.79 %),83400,13735110000,25800,4230190000,51042245,7.09
22/01/2025,31000,5144080000,170(2.84 %),129200,22036030000,98200,16891950000,50931175,7.18
23/01/2025,-113000,-19078510000,167.5(-1.47 %),64800,10975820000,177800,30054330000,50892128,7.21
24/01/2025,17300,2944930000,170(1.49 %),42000,7134860000,24700,4189930000,50948328,7.16
03/02/2025,-109400,-18076440000,0(0.00 %),27200,4464290000,136600,22540730000,51098926,7.04
04/02/2025,-23400,-3807030000,163(0.74 %),105700,17248180000,129100,21055210000,51017921,7.11
05/02/2025,16700,2748640000,167.1(2.52 %),47100,7774090000,30400,5025450000,51107506,7.03
06/02/2025,-107300,-17521420000,161.5(-3.35 %),112200,18254690000,219500,35776110000,51144346,7.0
07/02/2025,19400,3133270000,161.9(0.25 %),120900,19649780000,101500,16516510000,51053872,7.08
10/02/2025,-252000,-38558060000,150.6(-6.98 %),80900,12383160000,332900,50941220000,51192502,6.96
11/02/2025,89900,13778000000,155.1(2.99 %),166000,25468800000,76100,11690800000,51128055,7.02
12/02/2025,218800,35204830000,161.1(3.87 %),272300,43710400000,53500,8505570000,51188878,6.97
13/02/2025,-103200,-16354870000,157.7(-2.11 %),4000,637110000,107200,16991980000,51260967,6.91
14/02/2025,23600,3733530000,156(-1.08 %),87800,13834800000,64200,10101270000,51226725,6.94
17/02/2025,65500,10133460000,152.1(-2.50 %),109000,16839530000,43500,6706070000,51224933,6.94
18/02/2025,-51500,-7856160000,154.6(1.64 %),34800,5323470000,86300,13179630000,51253325,6.91
19/02/2025,-38900,-5961160000,154(-0.39 %),5500,844190000,44400,6805350000,51291316,6.88
20/02/2025,-42100,-6433100000,152.2(-1.17 %),8900,1357380000,51000,7790480000,51368713,6.82
21/02/2025,-200,-21770000,152.2(0.00 %),29200,4459040000,29400,4480810000,51383913,6.81
24/02/2025,-160900,-23750920000,148(-2.76 %),68200,10022330000,229100,33773250000,51366621,6.82
25/02/2025,7300,1066530000,147.5(-0.34 %),44200,6448960000,36900,5382430000,51350871,6.83
26/02/2025,18200,2727620000,149.4(1.29 %),56400,8420870000,38200,5693250000,51523620,6.69
27/02/2025,13300,1962980000,147.8(-1.07 %),31200,4614100000,17900,2651120000,51529387,6.69
28/02/2025,-95700,-14640120000,153.9(4.13 %),62000,9269690000,157700,23909810000,51505487,6.71
03/03/2025,-105700,-16197790000,153(-0.58 %),4700,718270000,110400,16916060000,51518723,6.7
04/03/2025,100100,15564490000,157(2.61 %),141200,21944890000,41100,6380400000,51535223,6.68
05/03/2025,43100,6814990000,158.3(0.83 %),103000,16267840000,59900,9452850000,51542700,6.68
06/03/2025,77300,12211520000,158.3(0.00 %),102600,16225250000,25300,4013730000,51481321,6.73
07/03/2025,-45600,-7187940000,154(-2.72 %),5800,900200000,51400,8088140000,51535341,6.68
10/03/2025,-100,-15290000,151.5(-1.62 %),3300,501830000,3400,517120000,51557341,6.66
11/03/2025,4400,660400000,151.9(0.26 %),8500,1282010000,4100,621610000,51557341,6.66
12/03/2025,-26500,-3980800000,150.7(-0.79 %),1600,241010000,28100,4221810000,51602038,6.63
13/03/2025,-4240,-640802000,150.7(0.00 %),6200,932600000,10440,1573402000,51599989,6.63
14/03/2025,-53400,-7973610000,146.4(-2.85 %),700,103450000,54100,8077060000,51627689,6.61
17/03/2025,-61100,-8661590000,140(-4.37 %),20300,2883680000,81400,11545270000,51617669,6.62
18/03/2025,11200,1630710000,147(5.00 %),16000,2316570000,4800,685860000,51656319,6.58
19/03/2025,600,88920000,146.9(-0.07 %),3800,564160000,3200,475240000,51735878,6.52
20/03/2025,8000,1138860000,145(-1.29 %),14500,2087720000,6500,948860000,51726160,6.53
21/03/2025,163800,24113580000,146.4(0.97 %),175500,25828740000,11700,1715160000,51553566,6.67
24/03/2025,-11500,-1659860000,143.6(-1.91 %),11200,1614140000,22700,3274000000,51549160,6.67
25/03/2025,-89200,-12734390000,142(-1.11 %),25000,3575620000,114200,16310010000,51535899,6.68
26/03/2025,12500,1784840000,141(-0.70 %),19500,2781570000,7000,996730000,51539207,6.68
27/03/2025,23000,3332330000,140.9(-0.07 %),87000,12209090000,64000,8876760000,51566981,6.66
28/03/2025,1900,263730000,138.8(-1.49 %),14400,2008950000,12500,1745220000,51559969,6.66
31/03/2025,23800,3146370000,138.8(0.00 %),37900,5038870000,14100,1892500000,51586578,6.64
01/04/2025,-19800,-2704640000,136.9(-1.37 %),4100,560230000,23900,3264870000,51595278,6.63
02/04/2025,-48800,-6568810000,134.4(-1.83 %),25000,3364450000,73800,9933260000,51585207,6.64
03/04/2025,-21600,-2705380000,125(-6.99 %),5000,625010000,26600,3330390000,51603757,6.63
04/04/2025,-1200,-139560000,116.3(-6.96 %),1500,174450000,2700,314010000,51675997,6.57
08/04/2025,-500,-54100000,108.2(-6.96 %),800,86560000,1300,140660000,51701767,6.55
09/04/2025,2400,241680000,100.7(-6.93 %),2400,241680000,0,0,51702037,6.55
10/04/2025,-149200,-16066880000,107.7(6.95 %),55900,6012660000,205100,22079540000,51646688,6.59
11/04/2025,46000,4696830000,112(3.99 %),255800,26682810000,209800,21985980000,51390953,6.8
14/04/2025,-120500,-13552460000,111.7(-0.27 %),13800,1549580000,134300,15102040000,51582253,6.64
15/04/2025,58100,6330230000,103.9(-6.98 %),177300,18996840000,119200,12666610000,51614703,6.62
16/04/2025,21300,2158390000,100(-3.75 %),168400,17363010000,147100,15204620000,51580603,6.65
17/04/2025,12600,1299920000,99(-1.00 %),153200,15125730000,140600,13825810000,51546603,6.67
18/04/2025,-52600,-5397640000,101(2.02 %),75100,7676190000,127700,13073830000,51618603,6.61
21/04/2025,-210700,-21108680000,98(-2.97 %),63600,6417710000,274300,27526390000,51695648,6.55
22/04/2025,96000,8928620000,96.8(-1.22 %),216100,20256040000,120100,11327420000,51607246,6.62
23/04/2025,150500,15331050000,103.5(6.92 %),152600,15548400000,2100,217350000,51729975,6.52
24/04/2025,123300,13561710000,108(4.35 %),254000,27750360000,130700,14188650000,51596133,6.63
25/04/2025,78500,8527890000,109.1(1.02 %),153600,16741250000,75100,8213360000,51444633,6.76
28/04/2025,-20500,-2434570000,112.1(2.75 %),134800,15200500000,155300,17635070000,51440483,6.76
29/04/2025,-23200,-2606000000,110(-1.87 %),65800,7298710000,89000,9904710000,51449616,6.75
05/05/2025,50400,1124750000,111(0.91 %),50400,5546080000,0,4421330000,51595016,6.63
06/05/2025,141800,16141340000,114.5(3.15 %),223600,25626140000,81800,9484800000,51542335,6.68
07/05/2025,-197700,-22314660000,112.5(-1.75 %),30200,3420500000,227900,25735160000,51542335,6.68
08/05/2025,-77000,-8615290000,112.7(0.18 %),34600,3917680000,111600,12532970000,51542335,6.68
09/05/2025,-31700,-3617150000,114.3(1.42 %),72200,8292700000,103900,11909850000,51740040,6.51
12/05/2025,-22300,-2546250000,113.9(-0.35 %),400,45550000,22700,2591800000,51816952,6.45
13/05/2025,54800,6271460000,115.1(1.05 %),125700,14524870000,70900,8253410000,51793853,6.47
14/05/2025,-109700,-12687150000,116(0.78 %),21700,2524870000,131400,15212020000,51816153,6.45
15/05/2025,6300,-7632330000,114.7(-1.12 %),6300,723900000,0,8356230000,51816153,6.45
16/05/2025,274040,28588152000,120.1(4.71 %),274040,32219474000,0,3631322000,51682679,6.56
19/05/2025,3300,-29261395000,116.5(-3.00 %),3300,385920000,0,29647315000,51748979,6.51
20/05/2025,23300,-15275700000,114.6(-1.63 %),23300,2687830000,0,17963530000,51748979,6.51
21/05/2025,18820,-9790038000,113.5(-0.96 %),18820,2159552000,0,11949590000,51998197,6.3
22/05/2025,44650,-18876735000,109(-3.96 %),44650,4979475000,0,23856210000,52130897,6.19
23/05/2025,-3200,-411040000,109(0.00 %),61100,6666290000,64300,7077330000,52216377,6.12
26/05/2025,55800,-2291910000,111.3(2.11 %),55800,6068530000,0,8360440000,52385327,5.98
27/05/2025,-82100,-9140920000,111(-0.27 %),45500,5052740000,127600,14193660000,52388527,5.98
28/05/2025,20300,-4515570000,109.6(-1.26 %),20300,2267760000,0,6783330000,52409827,5.96
29/05/2025,11300,-4960810000,109.5(-0.09 %),11300,1230720000,0,6191530000,52491928,5.9
30/05/2025,12200,-8524039000,107(-2.28 %),12200,1312000000,0,9836039000,52532728,5.86
02/06/2025,92400,5936685400,108.2(1.12 %),92400,9810480000,0,3873794600,52522062,5.87
03/06/2025,17000,-321943000,107.9(-0.28 %),17000,1844540000,0,2166483000,52600896,5.81
04/06/2025,71500,7763260000,109.3(1.30 %),71500,7806640000,0,43380000,52529796,5.87
05/06/2025,66339,1650669500,112(2.47 %),66339,7428069700,0,5777400200,52518929,5.88
06/06/2025,4700,-7717290000,109.5(-2.23 %),4700,519490000,0,8236780000,52518929,5.88
09/06/2025,45300,-1463950000,110.6(1.00 %),45300,5033860000,0,6497810000,52518929,5.88
10/06/2025,293735,27902786000,115(3.98 %),293735,33783046000,0,5880260000,52345694,6.02
11/06/2025,24200,2921470000,123(6.96 %),58300,6909190000,34100,3987720000,52335494,6.03
12/06/2025,33600,4036450000,123(0.00 %),84000,10326220000,50400,6289770000,52301844,6.05
13/06/2025,-71900,-8595490000,118(-4.07 %),62600,7460490000,134500,16055980000,52301844,6.05
16/06/2025,-24800,-2984540000,121(2.54 %),64800,7760510000,89600,10745050000,52301844,6.05
17/06/2025,-24900,-2974270000,118(-2.48 %),40800,4850270000,65700,7824540000,52373748,5.99
18/06/2025,-130600,-15213910000,115.5(-2.12 %),20500,2389280000,151100,17603190000,52398548,5.97
19/06/2025,-16900,-1967520000,115.9(0.35 %),15300,1769210000,32200,3736730000,52423448,5.95
20/06/2025,-36400,-4229090000,114(-1.64 %),26100,3003890000,62500,7232980000,52554048,5.85
23/06/2025,42600,4812270000,112.9(-0.96 %),67500,7623350000,24900,2811080000,52528290,5.87
24/06/2025,-21800,-2515730000,114.3(1.24 %),14800,1698940000,36600,4214670000,52564690,5.84
25/06/2025,-16600,-1919530000,114.1(-0.17 %),4500,517210000,21100,2436740000,52564690,5.84
26/06/2025,-28500,-3265080000,114.2(0.09 %),100,11420000,28600,3276500000,52586490,5.82
27/06/2025,-21900,-2614820000,117.8(3.15 %),46800,5429990000,68700,8044810000,52603090,5.81
30/06/2025,-557,-575740,118(0.17 %),1232,900961,1789,1476701,52631590,5.78
01/07/2025,8200,977760000,115.9(-1.78 %),12800,1509700000,4600,531940000,52645079,5.77
02/07/2025,34100,3950280000,116.5(0.52 %),52600,6098690000,18500,2148410000,52624734,5.79
03/07/2025,210400,24844990000,117.4(0.77 %),222300,26249710000,11900,1404720000,52414385,5.96
04/07/2025,68700,8230570000,121(3.07 %),102100,12281040000,33400,4050470000,52345685,6.02
07/07/2025,-100700,-12136060000,120.6(-0.33 %),2000,239930000,102700,12375990000,52345685,6.02
08/07/2025,-138700,-16623710000,119.8(-0.66 %),1200,143400000,139900,16767110000,52345685,6.02
09/07/2025,-116700,-13963930000,120.5(0.58 %),3800,454500000,120500,14418430000,52446369,5.93
10/07/2025,-117700,-14425090000,122.1(1.33 %),33400,4071780000,151100,18496870000,52446369,5.93
11/07/2025,-76300,-9313300000,122.7(0.49 %),8100,988360000,84400,10301660000,52701719,5.72
14/07/2025,-59800,-7285630000,123.8(0.90 %),15200,1869080000,75000,9154710000,52819460,5.63
15/07/2025,-6300,-911880000,125.3(1.21 %),41800,5232260000,48100,6144140000,52895690,5.57
16/07/2025,-9600,-1205900000,124.5(-0.64 %),1700,211530000,11300,1417430000,52955493,5.52
17/07/2025,-12800,-1599930000,124.1(0.00 %),3400,421280000,16200,2021210000,52955493,5.52
18/07/2025,-65000,-7995780000,121.6(-2.01 %),9200,1126100000,74200,9121880000,52970928,5.5
21/07/2025,-21800,-2658530000,120.9(-0.58 %),10800,1311270000,32600,3969800000,52983248,5.49
22/07/2025,1500,180440000,121(0.08 %),1900,228810000,400,48370000,53046698,5.44
23/07/2025,-100500,-12154230000,121(0.00 %),7500,907600000,108000,13061830000,53068507,5.42
24/07/2025,-10300,-1245840000,120.4(-0.50 %),0,0,10300,1245840000,53068507,5.42
25/07/2025,52400,6254010000,121.5(0.91 %),89000,10747470000,36600,4493460000,53116664,5.38
28/07/2025,32500,3969600000,121.7(0.16 %),54500,6653840000,22000,2684240000,53094464,5.4
29/07/2025,1700,181890000,114(-6.33 %),13100,1532310000,11400,1350420000,53092616,5.4
30/07/2025,-24600,-2839370000,114(0.00 %),6800,764240000,31400,3603610000,53092616,5.4
31/07/2025,-162600,-18284520000,111(-2.63 %),3500,391740000,166100,18676260000,53092616,5.4
01/08/2025,-43000,-4817890000,109(-1.80 %),70800,7707200000,113800,12525090000,53117216,5.38
04/08/2025,-31400,-3503210000,113.5(4.13 %),2000,222110000,33400,3725320000,53279816,5.25
05/08/2025,-104500,-11936570000,115(1.32 %),8500,967260000,113000,12903830000,53322827,5.21
06/08/2025,-117600,-13482060000,117.4(2.09 %),30800,3530020000,148400,17012080000,53354227,5.19
07/08/2025,-4300,-507720000,116.8(-0.51 %),5900,687380000,10200,1195100000,53458645,5.1
08/08/2025,117200,13961240000,118(1.03 %),134300,15989100000,17100,2027860000,53459045,5.1
11/08/2025,-1000,-113720000,118(0.00 %),40400,4764680000,41400,4878400000,53462970,5.1
12/08/2025,46700,5508650000,116.6(-1.19 %),63100,7441490000,16400,1932840000,53416121,5.14
13/08/2025,-72300,-8352060000,114.9(-1.46 %),12400,1423410000,84700,9775470000,53417039,5.14
14/08/2025,-145400,-16416210000,0(0.00 %),87600,9935370000,233000,26351580000,53417039,5.14
15/08/2025,-53300,-5900260000,109.8(-2.40 %),59200,6595430000,112500,12495690000,53489339,5.08
18/08/2025,-18800,-2059560000,109.2(-0.55 %),34500,3784300000,53300,5843860000,53634739,4.96
19/08/2025,83500,9071070000,108.5(-0.64 %),127800,13916700000,44300,4845630000,53604954,4.98
20/08/2025,-68500,-7312500000,104(-4.15 %),51200,5375390000,119700,12687890000,53623456,4.97
21/08/2025,53400,5408100000,102.6(-1.35 %),142500,14432680000,89100,9024580000,53569756,5.01
22/08/2025,-210900,-21054100000,98.6(-3.90 %),31800,3170980000,242700,24225080000,53569756,5.01
25/08/2025,-130200,-12960540000,99.2(0.61 %),21800,2173390000,152000,15133930000,53638256,4.96
