Ngay,KLGDRong,GTDGRong,ThayDoi,KLMua,GtMua,KLBan,GtBan,RoomConLai,DangSoHuu
21/12/2006,50,16000,0(0.00 %),50,16000,0,0,0,0.0
22/12/2006,160,49300,0(0.00 %),160,49300,0,0,0,0.0
26/12/2006,120200,33055000,0(0.00 %),120200,33055000,0,0,0,0.0
27/12/2006,54000,14833850,0(0.00 %),54000,14833850,0,0,0,0.0
28/12/2006,10090,2593130,0(0.00 %),10090,2593130,0,0,0,0.0
29/12/2006,26440,6477800,0(0.00 %),26440,6477800,0,0,0,0.0
01/03/2007,6250,1749500000,0(0.00 %),6250,1749500000,0,0,0,0.0
02/03/2007,22600,6422300000,0(0.00 %),22600,6422300000,0,0,0,0.0
05/03/2007,26960,7548800000,280(0.00 %),26960,7548800000,0,0,0,0.0
06/03/2007,33260,9660600000,290(3.57 %),34100,9889000000,840,228400000,0,0.0
07/03/2007,5450,1580500000,290(0.00 %),5450,1580500000,0,0,0,0.0
08/03/2007,0,0,280(-3.45 %),0,0,0,0,0,0.0
09/03/2007,16550,4780700000,280(0.00 %),16550,4780700000,0,0,0,0.0
12/03/2007,100,27800000,278(-0.71 %),100,27800000,0,0,0,0.0
13/03/2007,-700,-196000000,270(-2.88 %),0,0,700,196000000,0,0.0
14/03/2007,0,0,261(-3.33 %),0,0,0,0,0,0.0
15/03/2007,-420,-109200000,260(-0.38 %),0,0,420,109200000,0,0.0
16/03/2007,-19640,-4902800000,250(-3.85 %),360,97200000,20000,5000000000,0,0.0
19/03/2007,-10000,-2620000000,262(4.80 %),0,0,10000,2620000000,0,0.0
20/03/2007,0,0,275(4.96 %),0,0,0,0,0,0.0
21/03/2007,1110,305250000,280(1.82 %),1110,305250000,0,0,0,0.0
22/03/2007,230,62900000,270(-3.57 %),230,62900000,0,0,0,0.0
23/03/2007,-4800,-1248000000,260(-3.70 %),200,52000000,5000,1300000000,0,0.0
26/03/2007,3420,870050000,254(-2.31 %),4320,1099550000,900,229500000,0,0.0
27/03/2007,370,93980000,254(0.00 %),2750,698500000,2380,604520000,0,0.0
28/03/2007,-9000,-2262000000,252(-0.79 %),0,0,9000,2262000000,0,0.0
29/03/2007,-24510,-6387600000,259(2.78 %),0,0,24510,6387600000,0,0.0
30/03/2007,2870,763530000,263(1.54 %),42870,11221050000,40000,10457520000,0,0.0
02/04/2007,-13010,-3426310000,263(0.00 %),11560,3005600000,24570,6431910000,0,0.0
03/04/2007,2270,589720000,260(-1.14 %),15910,4136120000,13640,3546400000,0,0.0
04/04/2007,-270,-70200000,260(0.00 %),9830,2555800000,10100,2626000000,0,0.0
05/04/2007,-1130,-296130000,258(-0.77 %),400,103200000,1530,399330000,0,0.0
06/04/2007,-30,-7500000,259(0.39 %),120,30000000,150,37500000,0,0.0
09/04/2007,230,59430000,258(-0.39 %),440,113620000,210,54190000,0,0.0
10/04/2007,-20000,-5140000000,261(1.16 %),0,0,20000,5140000000,0,0.0
11/04/2007,6700,1795320000,270(3.45 %),7000,1876000000,300,80680000,0,0.0
12/04/2007,-1010,-272900000,270(0.00 %),0,0,1010,272900000,0,0.0
13/04/2007,-12490,-3259890000,261(-3.33 %),0,0,12490,3259890000,0,0.0
16/04/2007,900,232800000,259(-0.77 %),1050,271950000,150,39150000,0,0.0
17/04/2007,-1180,-300900000,255(-1.54 %),18820,4799100000,20000,5100000000,0,0.0
18/04/2007,-29490,-7519950000,255(0.00 %),760,193800000,30250,7713750000,0,0.0
19/04/2007,100,25500000,255(0.00 %),100,25500000,0,0,0,0.0
20/04/2007,100,24900000,249(-2.35 %),100,24900000,0,0,0,0.0
23/04/2007,-8770,-2105980000,240(-3.61 %),350,83100000,9120,2189080000,0,0.0
24/04/2007,150,35500000,231(-3.75 %),150,35500000,0,0,0,0.0
25/04/2007,0,0,235(1.73 %),0,0,0,0,0,0.0
02/05/2007,2840,667400000,235(0.00 %),2840,667400000,0,0,0,0.0
03/05/2007,1800,441000000,245(4.26 %),1800,441000000,0,0,0,0.0
04/05/2007,-300,-75000000,245(0.00 %),0,0,300,75000000,0,0.0
07/05/2007,3920,1007440000,257(4.90 %),4220,1084540000,300,77100000,0,0.0
08/05/2007,5350,1439150000,269(4.67 %),5450,1466050000,100,26900000,0,0.0
09/05/2007,16640,4641350000,275(2.23 %),16740,4669550000,100,28200000,0,0.0
10/05/2007,630,172850000,270(-1.82 %),630,172850000,0,0,0,0.0
11/05/2007,1400,376900000,275(2.04 %),1600,431900000,200,55000000,0,0.0
14/05/2007,500,140000000,279(1.45 %),500,140000000,0,0,0,0.0
15/05/2007,2400,662600000,276(-1.08 %),2400,662600000,0,0,0,0.0
16/05/2007,3180,859400000,270(-2.17 %),3380,912600000,200,53200000,0,0.0
17/05/2007,0,0,270(0.00 %),0,0,0,0,0,0.0
18/05/2007,-2000,-540000000,275(1.85 %),0,0,2000,540000000,0,0.0
21/05/2007,100,28200000,282(2.55 %),100,28200000,0,0,0,0.0
22/05/2007,39810,11783760000,296(4.96 %),39910,11813360000,100,29600000,0,0.0
23/05/2007,25120,7787200000,310(4.73 %),25220,7818200000,100,31000000,0,0.0
24/05/2007,9730,2919000000,300(-3.23 %),11730,3519000000,2000,600000000,0,0.0
25/05/2007,2170,637710000,298(-0.67 %),2270,667510000,100,29800000,0,0.0
28/05/2007,28190,8614440000,306(2.68 %),29190,8920440000,1000,306000000,0,0.0
29/05/2007,22600,6938200000,307(0.33 %),22600,6938200000,0,0,0,0.0
30/05/2007,23400,7137000000,305(-0.65 %),23600,7198000000,200,61000000,0,0.0
31/05/2007,24070,7405700000,310(1.64 %),24070,7405700000,0,0,0,0.0
01/06/2007,60260,19035750000,320(3.23 %),60260,19035750000,0,0,0,0.0
04/06/2007,34040,11297400000,333(4.06 %),34040,11297400000,0,0,0,0.0
05/06/2007,48900,16481200000,340(2.10 %),59000,19860370000,10100,3379170000,0,0.0
06/06/2007,3240,1068480000,325(-4.41 %),3240,1068480000,0,0,0,0.0
07/06/2007,20000,6360000000,318(4.78 %),20000,6360000000,0,0,0,0.0
08/06/2007,31990,10172820000,318(0.00 %),31990,10172820000,0,0,0,0.0
11/06/2007,21530,6933990000,318(0.00 %),21530,6933990000,0,0,0,0.0
12/06/2007,12540,4052280000,318(0.00 %),12540,4052280000,0,0,0,0.0
13/06/2007,17540,5689650000,320(0.63 %),18830,6108900000,1290,419250000,0,0.0
14/06/2007,32970,10922200000,335(4.69 %),32970,10922200000,0,0,0,0.0
15/06/2007,37230,12945510000,351(4.78 %),47230,16455510000,10000,3510000000,0,0.0
18/06/2007,25410,9342270000,368(4.84 %),36200,13312990000,10790,3970720000,0,0.0
19/06/2007,7890,3045540000,386(4.89 %),15530,5994580000,7640,2949040000,0,0.0
20/06/2007,20620,7918700000,380(-1.55 %),20620,7918700000,0,0,0,0.0
21/06/2007,5550,2021960000,361(-5.00 %),7550,2757960000,2000,736000000,0,0.0
22/06/2007,39170,14790450000,378(4.71 %),42970,16162250000,3800,1371800000,0,0.0
25/06/2007,26460,10478160000,396(4.76 %),30820,12204720000,4360,1726560000,0,0.0
26/06/2007,6470,2646230000,409(3.28 %),6470,2646230000,0,0,0,0.0
27/06/2007,24600,10062910000,409(0.00 %),24600,10062910000,0,0,0,0.0
28/06/2007,22610,9197490000,415(1.47 %),29350,11972090000,6740,2774600000,0,0.0
29/06/2007,15990,6797250000,435(4.82 %),62330,26655150000,46340,19857900000,0,0.0
02/07/2007,7290,3171150000,435(0.00 %),15220,6620700000,7930,3449550000,0,0.0
03/07/2007,1330,551050000,414(-4.83 %),1330,551050000,0,0,0,0.0
04/07/2007,7920,3359800000,420(1.45 %),10010,4237600000,2090,877800000,0,0.0
05/07/2007,18120,7610400000,420(0.00 %),18340,7702800000,220,92400000,0,0.0
06/07/2007,7150,2931500000,410(-2.38 %),7350,3013500000,200,82000000,0,0.0
09/07/2007,1880,763170000,415(1.22 %),2000,812970000,120,49800000,0,0.0
10/07/2007,-740,-207320000,433(4.34 %),10000,4330000000,10740,4537320000,0,0.0
11/07/2007,22190,10074260000,454(4.85 %),44840,20357360000,22650,10283100000,0,0.0
12/07/2007,2040,958800000,445(-1.98 %),2040,958800000,0,0,0,0.0
13/07/2007,1140,497640000,428(-3.82 %),2010,880440000,870,382800000,0,0.0
16/07/2007,1500,642000000,412(-3.74 %),1500,642000000,0,0,0,0.0
17/07/2007,3430,1410900000,411(-0.24 %),3430,1410900000,0,0,0,0.0
18/07/2007,3200,1312000000,410(-0.24 %),8200,3362000000,5000,2050000000,0,0.0
19/07/2007,4000,1590400000,396(-3.41 %),5100,2030000000,1100,439600000,0,0.0
20/07/2007,1660,625940000,380(-4.04 %),1760,663640000,100,37700000,0,0.0
23/07/2007,3730,1488270000,399(5.00 %),3730,1488270000,0,0,0,0.0
24/07/2007,8670,3549200000,399(0.00 %),23670,9762200000,15000,6213000000,0,0.0
25/07/2007,3670,1477340000,408(2.26 %),16610,6639380000,12940,5162040000,0,0.0
26/07/2007,770,298760000,388(-4.90 %),770,298760000,0,0,0,0.0
27/07/2007,470,183300000,390(0.52 %),470,183300000,0,0,0,0.0
30/07/2007,6370,2503350000,390(0.00 %),6370,2503350000,0,0,0,0.0
31/07/2007,6570,2558900000,390(0.00 %),10290,4009700000,3720,1450800000,0,0.0
01/08/2007,-5340,-2083640000,390(0.00 %),4100,1599000000,9440,3682640000,0,0.0
02/08/2007,5110,1988620000,389(-0.26 %),5250,2043220000,140,54600000,0,0.0
03/08/2007,4040,1562540000,386(-0.77 %),4040,1562540000,0,0,0,0.0
06/08/2007,2900,1128400000,380(-1.55 %),3600,1396800000,700,268400000,0,0.0
07/08/2007,22880,9027900000,399(5.00 %),48100,19010850000,25220,9982950000,0,0.0
08/08/2007,5500,2204060000,400(0.25 %),5500,2204060000,0,0,0,0.0
09/08/2007,-880,-352000000,400(0.00 %),4120,1648000000,5000,2000000000,0,0.0
10/08/2007,2410,962750000,400(0.00 %),7050,2818750000,4640,1856000000,0,0.0
13/08/2007,-530,-207700000,388(-3.00 %),2670,1040300000,3200,1248000000,0,0.0
14/08/2007,1030,449840000,390(0.52 %),11230,4478060000,10200,4028220000,0,0.0
15/08/2007,-1790,-698100000,390(0.00 %),200,78000000,1990,776100000,0,0.0
16/08/2007,3420,1330070000,387(-0.77 %),3720,1445870000,300,115800000,0,0.0
17/08/2007,-10000,-3800000000,382(-1.29 %),0,0,10000,3800000000,0,0.0
20/08/2007,-1790,-698100000,390(2.09 %),8410,3279900000,10200,3978000000,0,0.0
21/08/2007,-2000,-780000000,395(1.28 %),0,0,2000,780000000,0,0.0
22/08/2007,0,0,390(-1.27 %),0,0,0,0,0,0.0
23/08/2007,1720,669740000,390(0.00 %),1720,669740000,0,0,0,0.0
24/08/2007,-1550,-606920000,392(0.51 %),450,175500000,2000,782420000,0,0.0
27/08/2007,6750,2641800000,390(-0.51 %),8750,3425800000,2000,784000000,0,0.0
28/08/2007,200,77900000,388(-0.51 %),200,77900000,0,0,0,0.0
29/08/2007,6810,2642330000,388(0.00 %),7100,2754850000,290,112520000,0,0.0
30/08/2007,1250,485000000,387(-0.26 %),1250,485000000,0,0,0,0.0
31/08/2007,150,58010000,388(0.26 %),970,375390000,820,317380000,0,0.0
04/09/2007,-410,-160100000,390(0.52 %),330,128500000,740,288600000,0,0.0
05/09/2007,-840,-327610000,390(0.00 %),2560,998390000,3400,1326000000,0,0.0
06/09/2007,3800,1478200000,388(-0.51 %),3800,1478200000,0,0,0,0.0
07/09/2007,120,46360000,388(0.00 %),120,46360000,0,0,0,0.0
10/09/2007,-460,-178480000,385(-0.77 %),0,0,460,178480000,0,0.0
11/09/2007,0,0,380(-1.30 %),0,0,0,0,0,0.0
12/09/2007,8170,3160420000,388(2.11 %),13780,5337100000,5610,2176680000,0,0.0
13/09/2007,100,38500000,385(-0.77 %),100,38500000,0,0,0,0.0
14/09/2007,1900,735300000,385(0.00 %),1900,735300000,0,0,0,0.0
17/09/2007,200,77000000,385(0.00 %),200,77000000,0,0,0,0.0
18/09/2007,3830,1472690000,384(-0.26 %),3830,1472690000,0,0,0,0.0
19/09/2007,-20,-7680000,384(0.00 %),0,0,20,7680000,0,0.0
20/09/2007,-2550,-969080000,388(1.04 %),6260,2425200000,8810,3394280000,0,0.0
21/09/2007,230,88490000,387(-0.26 %),1810,701530000,1580,613040000,0,0.0
24/09/2007,-660,-256080000,386(-0.26 %),300,116400000,960,372480000,0,0.0
25/09/2007,-7780,-3018560000,387(0.26 %),200,77400000,7980,3095960000,0,0.0
26/09/2007,-3170,-1222750000,388(0.26 %),5570,2173170000,8740,3395920000,0,0.0
27/09/2007,-1230,-477240000,388(0.00 %),1770,686760000,3000,1164000000,0,0.0
28/09/2007,-18110,-7133430000,400(3.09 %),14890,5884360000,33000,13017790000,0,0.0
01/10/2007,-20120,-8196170000,419(4.75 %),5340,2222060000,25460,10418230000,0,0.0
02/10/2007,810,339270000,419(0.00 %),810,339270000,0,0,0,0.0
03/10/2007,7250,3024630000,420(0.24 %),15300,6404630000,8050,3380000000,0,0.0
04/10/2007,-3960,-1594720000,399(-5.00 %),24180,9689820000,28140,11284540000,0,0.0
05/10/2007,10550,4410910000,418(4.76 %),14940,6226870000,4390,1815960000,0,0.0
08/10/2007,-10050,-4160950000,414(-0.96 %),150,62050000,10200,4223000000,0,0.0
09/10/2007,12230,5070980000,415(0.24 %),42330,17512180000,30100,12441200000,0,0.0
10/10/2007,5240,2190540000,415(0.00 %),8900,3713440000,3660,1522900000,0,0.0
11/10/2007,-160,-21350000,412(-0.72 %),15600,6471770000,15760,6493120000,0,0.0
12/10/2007,-9980,-4305320000,432(4.85 %),24330,10485970000,34310,14791290000,0,0.0
15/10/2007,1760,797080000,453(4.86 %),8860,4013380000,7100,3216300000,0,0.0
16/10/2007,-3710,-1746200000,470(3.75 %),8470,3995300000,12180,5741500000,0,0.0
17/10/2007,3780,1733960000,457(-2.77 %),4600,2108800000,820,374840000,0,0.0
18/10/2007,-4910,-2190510000,450(-1.53 %),8230,3708500000,13140,5899010000,0,0.0
19/10/2007,-2250,-1027310000,452(0.44 %),12750,5679490000,15000,6706800000,0,0.0
22/10/2007,-16490,-7492600000,455(0.66 %),0,0,16490,7492600000,0,0.0
23/10/2007,-39310,-17725950000,449(-1.32 %),9050,4108900000,48360,21834850000,0,0.0
24/10/2007,-850,-389300000,458(2.35 %),150,68700000,1000,458000000,0,0.0
25/10/2007,-8260,-3646580000,445(-2.84 %),3000,1374000000,11260,5020580000,0,0.0
26/10/2007,-14020,-6531340000,467(4.94 %),0,0,14020,6531340000,0,0.0
29/10/2007,7120,3278760000,453(-3.00 %),7120,3278760000,0,0,0,0.0
30/10/2007,14350,6685260000,475(4.86 %),18850,8779260000,4500,2094000000,0,0.0
31/10/2007,-4620,-2300760000,498(4.84 %),2880,1434240000,7500,3735000000,0,0.0
01/11/2007,-5000,-2610000000,522(4.82 %),0,0,5000,2610000000,0,0.0
02/11/2007,-109950,-60258730000,548(4.98 %),18050,9884270000,128000,70143000000,0,0.0
05/11/2007,-2460,-1366250000,553(0.91 %),10540,5835750000,13000,7202000000,0,0.0
06/11/2007,31870,17670730000,545(-1.45 %),47990,26580730000,16120,8910000000,0,0.0
07/11/2007,-17410,-9047090000,518(-4.95 %),610,317160000,18020,9364250000,0,0.0
08/11/2007,-21500,-11284950000,522(0.77 %),450,234900000,21950,11519850000,0,0.0
09/11/2007,1710,885040000,512(-1.92 %),1830,946960000,120,61920000,0,0.0
12/11/2007,-7850,-4016910000,514(0.39 %),2800,1431890000,10650,5448800000,0,0.0
13/11/2007,-16210,-4475790000,248(-3.50 %),5700,1418000000,21910,5893790000,0,0.0
14/11/2007,-19900,-5174100000,260(4.84 %),100,25900000,20000,5200000000,0,0.0
15/11/2007,810,217760000,267(2.69 %),810,217760000,0,0,0,0.0
16/11/2007,21620,5808660000,269(0.75 %),22060,5926940000,440,118280000,0,0.0
19/11/2007,1300,351200000,269(0.00 %),1300,351200000,0,0,0,0.0
20/11/2007,-1610,-420640000,262(-2.60 %),790,208160000,2400,628800000,0,0.0
21/11/2007,2310,592480000,257(-1.91 %),2470,633440000,160,40960000,0,0.0
22/11/2007,2600,670700000,258(0.39 %),2600,670700000,0,0,0,0.0
23/11/2007,160,41140000,253(-1.94 %),720,185460000,560,144320000,0,0.0
26/11/2007,3490,886340000,254(0.40 %),3490,886340000,0,0,0,0.0
27/11/2007,19580,5073320000,259(1.97 %),20000,5180000000,420,106680000,0,0.0
28/11/2007,29320,7686270000,265(2.32 %),35060,9207070000,5740,1520800000,0,0.0
29/11/2007,-30110,-7768380000,262(-1.13 %),90,23220000,30200,7791600000,0,0.0
30/11/2007,-11060,-2867060000,259(-1.15 %),2410,626550000,13470,3493610000,0,0.0
03/12/2007,18360,4794670000,260(0.39 %),18510,4833670000,150,39000000,0,0.0
04/12/2007,1200,311000000,259(-0.38 %),1200,311000000,0,0,0,0.0
05/12/2007,400,103200000,255(-1.54 %),400,103200000,0,0,0,0.0
06/12/2007,12550,3233250000,256(0.39 %),12550,3233250000,0,0,0,0.0
07/12/2007,1000,255000000,255(-0.39 %),1500,383000000,500,128000000,0,0.0
10/12/2007,-3190,-795550000,249(-2.35 %),60,15120000,3250,810670000,0,0.0
11/12/2007,320,79560000,243(-2.41 %),320,79560000,0,0,0,0.0
12/12/2007,50,12250000,242(-0.41 %),50,12250000,0,0,0,0.0
13/12/2007,5590,1333200000,238(-1.65 %),6200,1479100000,610,145900000,0,0.0
14/12/2007,5520,1296070000,230(-3.36 %),5720,1343070000,200,47000000,0,0.0
17/12/2007,38570,8514120000,219(-4.78 %),38660,8534820000,90,20700000,0,0.0
18/12/2007,21120,4480850000,212(-3.20 %),21120,4480850000,0,0,0,0.0
19/12/2007,1390,308580000,222(4.72 %),1390,308580000,0,0,0,0.0
20/12/2007,1250,277100000,224(0.90 %),1650,367900000,400,90800000,0,0.0
21/12/2007,-3710,-832460000,222(-0.89 %),1290,287540000,5000,1120000000,0,0.0
24/12/2007,-560,-123760000,230(3.60 %),10,2210000,570,125970000,0,0.0
25/12/2007,-160,-35880000,224(-2.61 %),40,9120000,200,45000000,0,0.0
26/12/2007,2110,469780000,224(0.00 %),2530,563860000,420,94080000,0,0.0
27/12/2007,-8000,-1839000000,234(4.46 %),7050,1567100000,15050,3406100000,0,0.0
28/12/2007,-6890,-1615630000,234(0.00 %),12590,2935650000,19480,4551280000,0,0.0
02/01/2008,-5000,-1145000000,227(-2.99 %),0,0,5000,1145000000,0,0.0
03/01/2008,-3890,-867440000,222(-2.20 %),600,133200000,4490,1000640000,0,0.0
04/01/2008,2300,513100000,223(0.45 %),2500,557500000,200,44400000,0,0.0
07/01/2008,4170,924640000,215(-3.59 %),5930,1305460000,1760,380820000,0,0.0
08/01/2008,18900,4154690000,218(1.40 %),25100,5516390000,6200,1361700000,0,0.0
09/01/2008,300,64800000,212(-2.75 %),300,64800000,0,0,0,0.0
10/01/2008,-8320,-1701660000,205(-3.30 %),16980,3484840000,25300,5186500000,0,0.0
11/01/2008,30700,6386900000,208(1.46 %),32900,6845100000,2200,458200000,0,0.0
14/01/2008,27710,5740430000,205(-1.44 %),35560,7370530000,7850,1630100000,0,0.0
15/01/2008,34480,6956760000,197(-3.90 %),35380,7138860000,900,182100000,0,0.0
16/01/2008,-45210,-9288050000,206(4.57 %),0,0,45210,9288050000,0,0.0
17/01/2008,29950,6152600000,203(-1.46 %),29950,6152600000,0,0,0,0.0
18/01/2008,12570,2525130000,205(0.99 %),12650,2541450000,80,16320000,0,0.0
21/01/2008,6900,1420170000,205(0.00 %),22000,4504000000,15100,3083830000,0,0.0
22/01/2008,-5700,-1131900000,201(-1.95 %),2500,502500000,8200,1634400000,0,0.0
23/01/2008,14800,2871880000,191(-4.98 %),15000,2910880000,200,39000000,0,0.0
24/01/2008,6920,1361940000,190(-0.52 %),15100,2924300000,8180,1562360000,0,0.0
25/01/2008,430,80620000,189(-0.53 %),630,117420000,200,36800000,0,0.0
28/01/2008,7430,1395170000,189(0.00 %),7430,1395170000,0,0,0,0.0
29/01/2008,-18040,-3559580000,197(4.23 %),1100,209000000,19140,3768580000,0,0.0
30/01/2008,-59220,-12196790000,206(4.57 %),10780,2220680000,70000,14417470000,0,0.0
31/01/2008,-1800,-370800000,206(0.00 %),580,119480000,2380,490280000,0,0.0
01/02/2008,6530,1368920000,211(2.43 %),14420,3032710000,7890,1663790000,0,0.0
12/02/2008,19930,4124830000,207(-1.90 %),19930,4124830000,0,0,0,0.0
13/02/2008,5000,1010030000,197(-4.83 %),5000,1010030000,0,0,0,0.0
14/02/2008,1960,391300000,200(1.52 %),3000,600000000,1040,208700000,0,0.0
15/02/2008,0,0,199(-0.50 %),0,0,0,0,0,0.0
18/02/2008,27000,5158000000,191(-4.02 %),27000,5158000000,0,0,0,0.0
19/02/2008,-3570,-662450000,190(-0.52 %),200,37400000,3770,699850000,0,0.0
20/02/2008,5990,1100820000,181(-4.74 %),5990,1100820000,0,0,0,0.0
21/02/2008,26170,4501240000,172(-4.97 %),27370,4707640000,1200,206400000,0,0.0
22/02/2008,-2330,-382120000,164(-4.65 %),22100,3624400000,24430,4006520000,0,0.0
25/02/2008,7270,1253130000,172(4.88 %),38580,6635450000,31310,5382320000,0,0.0
26/02/2008,45990,7631570000,166(-3.49 %),45990,7631570000,0,0,0,0.0
27/02/2008,9380,1571840000,167(0.60 %),9380,1571840000,0,0,0,0.0
28/02/2008,20820,3487910000,167(0.00 %),23880,3998930000,3060,511020000,0,0.0
29/02/2008,60120,9999560000,166(-0.60 %),61520,10231960000,1400,232400000,0,0.0
03/03/2008,56950,9067300000,158(-4.82 %),60000,9553000000,3050,485700000,0,0.0
04/03/2008,95530,14444070000,151(-4.43 %),95670,14465210000,140,21140000,0,0.0
05/03/2008,33410,4881020000,146(-3.31 %),39410,5757020000,6000,876000000,0,0.0
06/03/2008,1010,154530000,153(4.79 %),1010,154530000,0,0,0,0.0
07/03/2008,12770,2043200000,160(4.58 %),12970,2075200000,200,32000000,0,0.0
10/03/2008,13720,2304960000,168(5.00 %),33720,5664960000,20000,3360000000,0,0.0
11/03/2008,2320,381150000,165(-1.79 %),2620,431150000,300,50000000,0,0.0
12/03/2008,-9900,-1681220000,169(2.42 %),100,16800000,10000,1698020000,0,0.0
13/03/2008,8520,1487240000,173(2.37 %),19100,3317300000,10580,1830060000,0,0.0
14/03/2008,5320,923140000,172(-0.58 %),15320,2643140000,10000,1720000000,0,0.0
17/03/2008,50700,8414080000,165(-4.07 %),50700,8414080000,0,0,0,0.0
18/03/2008,39370,6182140000,157(-4.85 %),39370,6182140000,0,0,0,0.0
19/03/2008,36920,5970510000,162(3.18 %),37490,6062150000,570,91640000,0,0.0
20/03/2008,41090,6849440000,168(3.70 %),51090,8494960000,10000,1645520000,0,0.0
21/03/2008,14990,2428570000,163(-2.98 %),15190,2460970000,200,32400000,0,0.0
24/03/2008,16320,2534750000,155(-4.91 %),16320,2534750000,0,0,0,0.0
25/03/2008,-17930,-2666760000,148(-4.52 %),22070,3271760000,40000,5938520000,0,0.0
26/03/2008,20000,3100000000,155(4.73 %),20000,3100000000,0,0,0,0.0
27/03/2008,0,0,156(0.65 %),0,0,0,0,0,0.0
28/03/2008,0,0,157(0.64 %),0,0,0,0,0,0.0
31/03/2008,930,146940000,158(0.64 %),930,146940000,0,0,0,0.0
01/04/2008,0,0,159(0.63 %),0,0,0,0,0,0.0
02/04/2008,0,0,160(0.63 %),0,0,0,0,0,0.0
03/04/2008,0,0,161(0.62 %),0,0,0,0,0,0.0
04/04/2008,90,14580000,162(0.62 %),90,14580000,0,0,0,0.0
07/04/2008,50,8250000,165(1.85 %),20050,3308250000,20000,3300000000,0,0.0
08/04/2008,115650,19428400000,168(1.82 %),116150,19510960000,500,82560000,0,0.0
09/04/2008,14510,2481210000,171(1.79 %),39060,6679260000,24550,4198050000,0,0.0
10/04/2008,80330,13716920000,168(-1.75 %),110380,18765320000,30050,5048400000,0,0.0
11/04/2008,22190,3671800000,166(-1.19 %),63000,10410570000,40810,6738770000,0,0.0
16/04/2008,23960,4003010000,169(1.81 %),24260,4052210000,300,49200000,0,0.0
17/04/2008,21280,3634560000,172(1.78 %),21280,3634560000,0,0,0,0.0
18/04/2008,90180,15723110000,175(1.74 %),110180,19223110000,20000,3500000000,0,0.0
21/04/2008,13070,2283090000,175(0.00 %),13070,2283090000,0,0,0,0.0
22/04/2008,2820,464580000,175(0.00 %),10320,1777080000,7500,1312500000,0,0.0
23/04/2008,400,68800000,172(-1.71 %),400,68800000,0,0,0,0.0
24/04/2008,20050,3401550000,171(-0.58 %),20150,3418450000,100,16900000,0,0.0
25/04/2008,59030,10185190000,173(1.76 %),61400,10595200000,2370,410010000,0,0.0
28/04/2008,23080,4048460000,176(1.73 %),23080,4048460000,0,0,0,0.0
29/04/2008,38730,6928730000,179(1.70 %),53730,9613730000,15000,2685000000,0,0.0
05/05/2008,9890,1799870000,182(1.68 %),35890,6531870000,26000,4732000000,0,0.0
06/05/2008,15720,2859340000,183(0.55 %),45720,8329340000,30000,5470000000,0,0.0
07/05/2008,12670,2276420000,180(-1.64 %),57670,10380600000,45000,8104180000,0,0.0
08/05/2008,7980,1412460000,177(-1.67 %),25950,4593150000,17970,3180690000,0,0.0
09/05/2008,200,34800000,174(-1.69 %),200,34800000,0,0,0,0.0
12/05/2008,0,0,171(-1.72 %),0,0,0,0,0,0.0
13/05/2008,-250,-42000000,168(-1.75 %),770,129360000,1020,171360000,0,0.0
14/05/2008,20620,3402300000,165(-1.79 %),20620,3402300000,0,0,0,0.0
15/05/2008,41900,6787800000,162(-1.82 %),42900,6949800000,1000,162000000,0,0.0
16/05/2008,17620,2898300000,164(1.23 %),17620,2898300000,0,0,0,0.0
19/05/2008,11250,1880040000,167(1.83 %),22560,3748790000,11310,1868750000,0,0.0
20/05/2008,3130,527110000,168(0.60 %),3130,527110000,0,0,0,0.0
21/05/2008,930,153450000,165(-1.79 %),20930,3453450000,20000,3300000000,0,0.0
22/05/2008,14400,2332800000,162(-1.82 %),15100,2446200000,700,113400000,0,0.0
23/05/2008,5210,828390000,159(-1.85 %),23760,3777840000,18550,2949450000,0,0.0
26/05/2008,-10,-1560000,156(-1.89 %),0,0,10,1560000,0,0.0
27/05/2008,0,0,156(0.00 %),0,0,0,0,0,0.0
28/05/2008,0,0,156(0.00 %),0,0,0,0,0,0.0
29/05/2008,0,0,156(0.00 %),0,0,0,0,0,0.0
30/05/2008,-380,-58140000,153(-1.92 %),20540,3142620000,20920,3200760000,0,0.0
02/06/2008,10900,1635000000,150(-1.96 %),10900,1635000000,0,0,0,0.0
03/06/2008,600,88200000,147(-2.00 %),600,88200000,0,0,0,0.0
04/06/2008,3620,524900000,145(-1.36 %),5300,768500000,1680,243600000,0,0.0
05/06/2008,200,28600000,143(-1.38 %),200,28600000,0,0,0,0.0
06/06/2008,420,59220000,141(-1.40 %),420,59220000,0,0,0,0.0
09/06/2008,0,0,139(-1.42 %),0,0,0,0,0,0.0
10/06/2008,100,13700000,137(-1.44 %),100,13700000,0,0,0,0.0
11/06/2008,-10270,-1386850000,137(0.00 %),21000,2837000000,31270,4223850000,0,0.0
12/06/2008,7600,1055000000,139(1.46 %),8100,1122500000,500,67500000,0,0.0
13/06/2008,-20910,-2948310000,141(1.44 %),26910,3794310000,47820,6742620000,0,0.0
16/06/2008,-14020,-1990660000,143(1.42 %),57510,8189520000,71530,10180180000,0,0.0
17/06/2008,-16620,-2409900000,145(1.40 %),13380,1940100000,30000,4350000000,0,0.0
18/06/2008,4280,612040000,143(-1.38 %),24280,3472040000,20000,2860000000,0,0.0
19/06/2008,13180,1832020000,139(-2.80 %),15180,2110020000,2000,278000000,0,0.0
20/06/2008,16980,2292300000,135(-2.88 %),21590,2914650000,4610,622350000,0,0.0
23/06/2008,14260,1897780000,133(-1.48 %),20260,2696580000,6000,798800000,0,0.0
24/06/2008,-2370,-323920000,136(2.26 %),6600,896000000,8970,1219920000,0,0.0
25/06/2008,880,123200000,140(2.94 %),35710,4999400000,34830,4876200000,0,0.0
26/06/2008,15860,2271680000,143(2.14 %),24860,3567680000,9000,1296000000,0,0.0
27/06/2008,4930,713330000,145(1.40 %),15020,2157560000,10090,1444230000,0,0.0
30/06/2008,35040,5080400000,143(-1.38 %),35040,5080400000,0,0,0,0.0
01/07/2008,10100,1477680000,147(2.80 %),20400,2991180000,10300,1513500000,0,0.0
02/07/2008,-27530,-3984930000,147(0.00 %),20230,2935290000,47760,6920220000,0,0.0
03/07/2008,-27200,-3991400000,147(0.00 %),73710,10868370000,100910,14859770000,0,0.0
04/07/2008,22820,3431230000,150(2.04 %),68220,10218970000,45400,6787740000,0,0.0
07/07/2008,32150,4905660000,146(-2.67 %),32150,4905660000,0,0,0,0.0
08/07/2008,18510,2628420000,142(-2.74 %),20440,2902480000,1930,274060000,0,0.0
09/07/2008,-38990,-5384770000,138(-2.82 %),160,22080000,39150,5406850000,0,0.0
10/07/2008,-44900,-6028240000,137(-0.72 %),100,13400000,45000,6041640000,0,0.0
11/07/2008,-26750,-3764140000,141(2.92 %),2490,348600000,29240,4112740000,0,0.0
14/07/2008,-14560,-2107570000,145(2.84 %),2770,393460000,17330,2501030000,0,0.0
15/07/2008,-12620,-1847760000,147(1.38 %),15290,2262920000,27910,4110680000,0,0.0
16/07/2008,10470,1497490000,143(-2.72 %),10770,1540390000,300,42900000,0,0.0
17/07/2008,-150,-21400000,139(-2.80 %),350,48900000,500,70300000,0,0.0
18/07/2008,-30820,-4160700000,135(-2.88 %),32940,4446900000,63760,8607600000,0,0.0
21/07/2008,2630,352550000,131(-2.96 %),27330,3588550000,24700,3236000000,0,0.0
22/07/2008,11990,1534720000,128(-2.29 %),12020,1538560000,30,3840000,0,0.0
23/07/2008,-410,-51250000,125(-2.34 %),800,100000000,1210,151250000,0,0.0
24/07/2008,19280,2351650000,122(-2.40 %),37280,4548160000,18000,2196510000,0,0.0
25/07/2008,-12640,-1504160000,119(-2.46 %),11250,1338750000,23890,2842910000,0,0.0
28/07/2008,10500,1281000000,122(2.52 %),10510,1282220000,10,1220000,0,0.0
29/07/2008,3740,467500000,125(2.46 %),3740,467500000,0,0,0,0.0
30/07/2008,37940,4856320000,128(2.40 %),37940,4856320000,0,0,0,0.0
31/07/2008,28570,3742670000,131(2.34 %),28690,3758390000,120,15720000,0,0.0
01/08/2008,4080,532980000,128(-2.29 %),4080,532980000,0,0,0,0.0
04/08/2008,2350,293750000,125(-2.34 %),2350,293750000,0,0,0,0.0
05/08/2008,-6570,-801540000,122(-2.40 %),900,109800000,7470,911340000,0,0.0
06/08/2008,9870,1233750000,124(1.64 %),53190,6648750000,43320,5415000000,0,0.0
07/08/2008,5300,678400000,127(1.60 %),115300,14758400000,110000,14080000000,0,0.0
08/08/2008,-19600,-2548000000,130(2.36 %),400,52000000,20000,2600000000,0,0.0
11/08/2008,-3360,-446880000,133(2.31 %),6640,883120000,10000,1330000000,0,0.0
12/08/2008,16920,2293250000,136(2.26 %),71920,9773250000,55000,7480000000,0,0.0
13/08/2008,97800,13676910000,140(2.94 %),108030,15099010000,10230,1422100000,0,0.0
14/08/2008,26490,3814190000,144(2.86 %),56640,8155790000,30150,4341600000,0,0.0
15/08/2008,7270,1075960000,148(2.78 %),17860,2643280000,10590,1567320000,0,0.0
18/08/2008,9680,1514100000,155(4.73 %),29680,4584800000,20000,3070700000,0,0.0
19/08/2008,7470,1105560000,148(-4.52 %),7470,1105560000,0,0,0,0.0
20/08/2008,990,136510000,148(0.00 %),29530,4172650000,28540,4036140000,0,0.0
21/08/2008,-29250,-4162550000,142(-4.05 %),29360,4154770000,58610,8317320000,0,0.0
22/08/2008,-26770,-3727660000,140(-1.41 %),23810,3328680000,50580,7056340000,0,0.0
25/08/2008,-21190,-3060110000,143(2.14 %),22790,3344250000,43980,6404360000,0,0.0
26/08/2008,-23420,-3368910000,143(0.00 %),16900,2424920000,40320,5793830000,0,0.0
27/08/2008,6800,965360000,140(-2.10 %),27180,3874540000,20380,2909180000,0,0.0
28/08/2008,30090,4148540000,137(-2.14 %),54950,7579780000,24860,3431240000,0,0.0
29/08/2008,-65190,-8551940000,131(-4.38 %),69810,9145110000,135000,17697050000,0,0.0
03/09/2008,-43020,-5657380000,137(4.58 %),29360,3918830000,72380,9576210000,0,0.0
04/09/2008,9460,1310680000,137(0.00 %),27720,3834930000,18260,2524250000,0,0.0
05/09/2008,34260,4765910000,139(1.46 %),37530,5221170000,3270,455260000,0,0.0
08/09/2008,95910,13336000000,139(0.00 %),218330,30353400000,122420,17017400000,0,0.0
09/09/2008,17260,2415890000,139(0.00 %),21550,3012200000,4290,596310000,0,0.0
10/09/2008,18230,2530970000,137(-1.44 %),20230,2802370000,2000,271400000,0,0.0
11/09/2008,13570,1844870000,131(-4.38 %),17600,2385200000,4030,540330000,0,0.0
12/09/2008,15880,2053910000,130(-0.76 %),102930,13370410000,87050,11316500000,0,0.0
15/09/2008,-13300,-1702400000,128(-1.54 %),5000,675000000,18300,2377400000,0,0.0
16/09/2008,-10260,-1281600000,127(-0.78 %),108190,13828660000,118450,15110260000,0,0.0
17/09/2008,-40390,-4883610000,121(-4.72 %),21970,2663470000,62360,7547080000,0,0.0
18/09/2008,-3520,-320800000,121(0.00 %),104990,12158850000,108510,12479650000,0,0.0
19/09/2008,7730,981710000,127(4.96 %),25740,3268980000,18010,2287270000,0,0.0
22/09/2008,12870,1711710000,133(4.72 %),32870,4371710000,20000,2660000000,0,0.0
23/09/2008,24300,3343880000,136(2.26 %),49690,6828870000,25390,3484990000,0,0.0
24/09/2008,43670,5991320000,132(-2.94 %),51410,7016000000,7740,1024680000,0,0.0
25/09/2008,4810,671410000,138(4.55 %),64200,8798450000,59390,8127040000,0,0.0
26/09/2008,16140,2252340000,139(0.72 %),25610,3567900000,9470,1315560000,0,0.0
29/09/2008,16910,2344440000,138(-0.72 %),27350,3784040000,10440,1439600000,0,0.0
30/09/2008,-10640,-1404480000,132(-4.35 %),0,0,10640,1404480000,0,0.0
01/10/2008,3260,434510000,135(2.27 %),5200,698300000,1940,263790000,0,0.0
02/10/2008,-370,-49920000,135(0.00 %),760,104880000,1130,154800000,0,0.0
03/10/2008,-11330,-1485460000,131(-2.96 %),300,39300000,11630,1524760000,0,0.0
06/10/2008,-12830,-1603840000,125(-4.58 %),11310,1413750000,24140,3017590000,0,0.0
07/10/2008,-24530,-2919070000,119(-4.80 %),1320,157080000,25850,3076150000,0,0.0
08/10/2008,-21380,-2462970000,119(0.00 %),5100,581400000,26480,3044370000,0,0.0
09/10/2008,-2490,-294100000,120(0.84 %),10,1160000,2500,295260000,0,0.0
10/10/2008,-10640,-1212960000,120(0.00 %),34120,3889680000,44760,5102640000,0,0.0
13/10/2008,-13140,-1500850000,114(-5.00 %),320,37970000,13460,1538820000,0,0.0
14/10/2008,-63540,-7561260000,119(4.39 %),390,46410000,63930,7607670000,0,0.0
15/10/2008,7360,902480000,116(-2.52 %),7360,902480000,0,0,0,0.0
16/10/2008,4200,487230000,114(-1.72 %),85200,9721230000,81000,9234000000,0,0.0
17/10/2008,5050,590850000,117(2.63 %),5050,590850000,0,0,0,0.0
20/10/2008,-19110,-2148320000,112(-4.27 %),14630,1661560000,33740,3809880000,0,0.0
21/10/2008,17970,2079520000,115(2.68 %),25000,2887000000,7030,807480000,0,0.0
22/10/2008,6910,792380000,114(-0.87 %),7840,899330000,930,106950000,0,0.0
23/10/2008,-22000,-2398680000,109(-4.39 %),8070,879630000,30070,3278310000,0,0.0
24/10/2008,-12250,-1278080000,104(-4.59 %),700,72800000,12950,1350880000,0,0.0
27/10/2008,-930,-93000000,99(-4.81 %),0,0,930,93000000,0,0.0
28/10/2008,-7800,-737215000,94.5(-4.30 %),20010,1890945000,27810,2628160000,0,0.0
29/10/2008,8510,842490000,99(4.76 %),10500,1039500000,1990,197010000,0,0.0
30/10/2008,320,31600000,103(4.30 %),320,31600000,0,0,0,0.0
31/10/2008,9720,1049760000,108(4.85 %),9720,1049760000,0,0,0,0.0
03/11/2008,3590,402960000,113(4.63 %),9590,1075960000,6000,673000000,0,0.0
04/11/2008,8160,955020000,118(4.42 %),8260,966820000,100,11800000,0,0.0
05/11/2008,-980,-124110000,121(3.42 %),7750,940950000,8730,1065060000,0,0.0
06/11/2008,30860,3681110000,120(-0.83 %),55900,6661420000,25040,2980310000,0,0.0
07/11/2008,37940,4334700000,114(-5.00 %),37940,4334700000,0,0,0,0.0
10/11/2008,15100,1753700000,116(1.75 %),15100,1753700000,0,0,0,0.0
11/11/2008,13770,1558010000,111(-4.31 %),31820,3579560000,18050,2021550000,0,0.0
12/11/2008,18900,2013920000,106(-4.50 %),19000,2024820000,100,10900000,0,0.0
13/11/2008,4670,515550000,111(4.72 %),15000,1642640000,10330,1127090000,0,0.0
14/11/2008,11530,1318230000,116(4.50 %),20000,2292750000,8470,974520000,0,0.0
17/11/2008,18440,2153480000,118(1.72 %),18440,2153480000,0,0,0,0.0
18/11/2008,-5190,-586800000,113(-4.24 %),41000,4645000000,46190,5231800000,0,0.0
19/11/2008,2720,309370000,114(0.88 %),19010,2166430000,16290,1857060000,0,0.0
20/11/2008,-7070,-776070000,112(-1.75 %),29500,3274000000,36570,4050070000,0,0.0
21/11/2008,-11300,-1214880000,114(1.79 %),29500,3294220000,40800,4509100000,0,0.0
24/11/2008,11370,1322970000,117(2.63 %),22000,2566680000,10630,1243710000,0,0.0
25/11/2008,23980,2851600000,120(2.56 %),73790,8753030000,49810,5901430000,0,0.0
26/11/2008,21010,2473430000,117(-2.50 %),41490,4879110000,20480,2405680000,0,0.0
27/11/2008,2220,258560000,117(0.00 %),21800,2547120000,19580,2288560000,0,0.0
28/11/2008,170,20600000,117(0.00 %),22610,2634080000,22440,2613480000,0,0.0
01/12/2008,-1130,-124210000,117(0.00 %),21830,2502110000,22960,2626320000,0,0.0
02/12/2008,14610,1734220000,119(1.71 %),19800,2341730000,5190,607510000,0,0.0
03/12/2008,3240,386350000,119(0.00 %),10480,1247910000,7240,861560000,0,0.0
04/12/2008,6700,804530000,120(0.84 %),49700,5816500000,43000,5011970000,0,0.0
05/12/2008,5800,694000000,120(0.00 %),5800,694000000,0,0,0,0.0
08/12/2008,2890,337240000,116(-3.33 %),5300,616800000,2410,279560000,0,0.0
09/12/2008,-3850,-408900000,112(-2.18 %),47330,5332060000,51180,5740960000,0,0.0
10/12/2008,3810,435980000,115(2.68 %),13810,1585980000,10000,1150000000,0,0.0
11/12/2008,26660,3179730000,120(4.35 %),51960,6215730000,25300,3036000000,0,0.0
12/12/2008,23670,2969330000,126(5.00 %),25670,3221330000,2000,252000000,0,0.0
15/12/2008,5780,741500000,128(1.59 %),15300,1960000000,9520,1218500000,0,0.0
16/12/2008,8390,1031940000,123(-3.91 %),14250,1752720000,5860,720780000,0,0.0
17/12/2008,-1010,-106180000,121(-1.63 %),28150,3381200000,29160,3487380000,0,0.0
18/12/2008,-1740,-208830000,120(-0.83 %),16500,1985500000,18240,2194330000,0,0.0
19/12/2008,4690,562920000,120(0.00 %),13280,1593720000,8590,1030800000,0,0.0
22/12/2008,5380,643010000,119(-0.83 %),5690,680210000,310,37200000,0,0.0
23/12/2008,1580,165050000,115(-3.36 %),9240,1061270000,7660,896220000,0,0.0
24/12/2008,2070,235710000,118(2.61 %),2570,293210000,500,57500000,0,0.0
25/12/2008,0,0,116(-1.69 %),0,0,0,0,0,0.0
26/12/2008,-830,-96280000,116(0.00 %),4000,464000000,4830,560280000,0,0.0
29/12/2008,280,32700000,118(1.72 %),360,41900000,80,9200000,0,0.0
30/12/2008,-46720,-5332130000,114(-3.39 %),11200,1288000000,57920,6620130000,0,0.0
31/12/2008,-910,-100100000,119(4.39 %),620,68200000,1530,168300000,0,0.0
02/01/2009,30370,3607150000,120(0.84 %),40370,4787150000,10000,1180000000,1573494,41.13
05/01/2009,11320,1313120000,116(-3.33 %),31320,3633120000,20000,2320000000,1562174,41.19
06/01/2009,26320,3049520000,116(0.00 %),26320,3049520000,0,0,1535854,41.32
07/01/2009,6840,797940000,117(0.86 %),6840,797940000,0,0,1529014,41.35
08/01/2009,4660,541160000,116(-0.85 %),4660,541160000,0,0,1524354,41.38
09/01/2009,3090,355380000,115(-0.86 %),3090,355380000,0,0,1521264,41.39
12/01/2009,100,11500000,114(-0.87 %),100,11500000,0,0,1521164,41.39
13/01/2009,5000,559800000,112(-1.75 %),5100,571200000,100,11400000,1516164,41.42
14/01/2009,1840,205620000,114(1.79 %),1840,205620000,0,0,1514324,41.43
15/01/2009,-2300,-255230000,111(-2.63 %),1300,144370000,3600,399600000,1516624,41.42
16/01/2009,4800,537600000,112(0.90 %),4800,537600000,0,0,1511824,41.44
19/01/2009,-260,-28720000,112(0.00 %),0,0,260,28720000,1512084,41.44
20/01/2009,2790,310050000,109(-2.68 %),3990,440850000,1200,130800000,1509294,41.45
21/01/2009,-3550,-389290000,109(0.00 %),50,5450000,3600,394740000,1512844,41.44
22/01/2009,-4800,-528040000,111(1.83 %),200,22200000,5000,550240000,1517644,41.41
23/01/2009,-10,-1100000,112(0.90 %),62980,6676490000,62990,6677590000,1517654,41.41
02/02/2009,0,0,111(-0.89 %),72420,7748940000,72420,7748940000,1517654,41.41
03/02/2009,9760,1075340000,111(0.00 %),9960,1097540000,200,22200000,1507894,41.46
04/02/2009,1540,170500000,111(0.00 %),1540,170500000,0,0,1506354,41.47
05/02/2009,7820,861220000,110(-0.90 %),7820,861220000,0,0,1498534,41.51
06/02/2009,8580,946600000,110(0.00 %),108580,11946600000,100000,11000000000,1489954,41.55
09/02/2009,-3970,-436700000,110(0.00 %),210,23100000,4180,459800000,1493924,41.53
10/02/2009,1770,194900000,110(0.00 %),1770,194900000,0,0,1492154,41.54
11/02/2009,15000,1645000000,111(0.91 %),15000,1645000000,0,0,1477154,41.61
12/02/2009,5100,566000000,111(0.00 %),5100,566000000,0,0,1472054,41.64
13/02/2009,100,10900000,109(-1.80 %),100,10900000,0,0,1471954,41.64
16/02/2009,7090,768950000,108(-0.92 %),7090,768950000,0,0,1464864,41.68
17/02/2009,5600,588000000,105(-2.78 %),5600,588000000,0,0,1459264,41.7
18/02/2009,-4400,-444200000,100(-4.76 %),1700,170000000,6100,614200000,1463664,41.68
19/02/2009,2100,209700000,100(0.00 %),5100,510000000,3000,300300000,1461564,41.69
20/02/2009,18140,1803620000,97(-3.00 %),18140,1803620000,0,0,1443424,41.78
23/02/2009,12360,1198630000,97(0.00 %),20930,2013400000,8570,814770000,1431064,41.84
24/02/2009,9900,958670000,99(2.06 %),10100,977670000,200,19000000,1421164,41.89
25/02/2009,14730,1496060000,103(4.04 %),14730,1496060000,0,0,1406434,41.97
26/02/2009,1200,119640000,100(-2.91 %),13380,1330860000,12180,1211220000,1405234,41.97
27/02/2009,1990,202210000,103(3.00 %),2240,226460000,250,24250000,1403244,41.98
02/03/2009,5000,515000000,103(0.00 %),5000,515000000,0,0,1398244,42.01
03/03/2009,-430,-42850000,100(-2.91 %),5100,508350000,5530,551200000,1398674,42.01
04/03/2009,40,4000000,100(0.00 %),200,20000000,160,16000000,1398634,42.01
05/03/2009,-7040,-702540000,98(-2.00 %),3400,339400000,10440,1041940000,1405674,41.97
06/03/2009,-1960,-192080000,98(0.00 %),10200,999600000,12160,1191680000,1407634,41.96
09/03/2009,4040,396120000,100(2.04 %),4040,396120000,0,0,1403594,41.98
10/03/2009,100,10000000,98(-2.00 %),100,10000000,0,0,1403494,41.98
11/03/2009,5330,532900000,101(3.06 %),5430,543000000,100,10100000,1398164,42.01
12/03/2009,4910,491000000,100(-0.99 %),4910,491000000,0,0,1393254,42.03
13/03/2009,2490,249000000,100(0.00 %),2490,249000000,0,0,1390764,42.05
16/03/2009,-390,-38760000,99.5(-0.50 %),30,2965000,420,41725000,1391154,42.04
17/03/2009,0,0,100(0.50 %),0,0,0,0,1391154,42.04
18/03/2009,35900,3765240000,105(5.00 %),57770,6061590000,21870,2296350000,1355254,42.22
19/03/2009,28460,3096000000,110(4.76 %),30000,3265400000,1540,169400000,1326794,42.37
20/03/2009,20000,2240120000,113(2.73 %),30000,3340120000,10000,1100000000,1306794,42.47
23/03/2009,13650,1536500000,113(0.00 %),23300,2617300000,9650,1080800000,1293144,42.53
24/03/2009,12440,1407260000,114(0.88 %),55190,6254410000,42750,4847150000,1280704,42.6
25/03/2009,12220,1402380000,115(0.88 %),36000,4131580000,23780,2729200000,1268484,42.66
26/03/2009,21760,2527120000,119(3.48 %),40180,4667400000,18420,2140280000,1246724,42.77
27/03/2009,-10920,-1256180000,114(-4.20 %),16470,1894050000,27390,3150230000,1257644,42.71
30/03/2009,-2930,-326330000,111(-2.63 %),70,7770000,3000,334100000,1260574,42.7
31/03/2009,-18950,-2022590000,106(-4.50 %),450,47700000,19400,2070290000,1279524,42.6
01/04/2009,-26460,-2802990000,106(0.00 %),10620,1125720000,37080,3928710000,1305984,42.47
02/04/2009,370,40700000,110(3.77 %),1070,117700000,700,77000000,1305614,42.47
03/04/2009,9380,1067630000,114(3.64 %),9380,1067630000,0,0,1296234,42.52
07/04/2009,26260,3022500000,116(1.75 %),27800,3200600000,1540,178100000,1269974,42.65
08/04/2009,6040,671150000,112(-3.45 %),14000,1558710000,7960,887560000,1263934,42.68
09/04/2009,-1920,-210390000,107(-4.46 %),1420,157140000,3340,367530000,1265854,42.67
10/04/2009,3270,366240000,112(4.67 %),3300,369600000,30,3360000,1262584,42.69
13/04/2009,4250,497250000,117(4.46 %),5250,614250000,1000,117000000,1258334,42.71
14/04/2009,580,64330000,113(-3.42 %),1590,178080000,1010,113750000,1257754,42.71
15/04/2009,670,75510000,112(-0.88 %),6480,732040000,5810,656530000,1257084,42.71
16/04/2009,-3540,-401380000,112(0.00 %),1860,203420000,5400,604800000,1260624,42.7
17/04/2009,19120,2113280000,112(0.00 %),25120,2778140000,6000,664860000,1241504,42.79
20/04/2009,5290,572830000,109(-2.68 %),8390,904730000,3100,331900000,1236214,42.82
21/04/2009,-67280,-6999760000,104(-4.59 %),15100,1570500000,82380,8570260000,1303494,42.48
22/04/2009,-34880,-3665070000,105(0.96 %),6220,651050000,41100,4316120000,1338374,42.31
23/04/2009,3480,379070000,105(0.00 %),26330,2788550000,22850,2409480000,1334894,42.33
24/04/2009,-5600,-580400000,104(-0.95 %),1380,143520000,6980,723920000,1340494,42.3
27/04/2009,-5030,-522360000,104(0.00 %),9970,1052820000,15000,1575180000,1345524,42.27
28/04/2009,-23430,-2444210000,104(0.00 %),15000,1570000000,38430,4014210000,1368954,42.16
29/04/2009,-10340,-1076860000,104(0.00 %),35500,3703500000,45840,4780360000,1379294,42.1
04/05/2009,-1580,-173150000,109(4.81 %),14420,1570850000,16000,1744000000,1380874,42.1
05/05/2009,19420,2213880000,114(4.59 %),29420,3353880000,10000,1140000000,1361454,42.19
06/05/2009,46260,5263190000,110(-3.51 %),48560,5525390000,2300,262200000,1315194,42.42
07/05/2009,6500,770140000,107(-2.73 %),11500,1305140000,5000,535000000,1308694,42.46
08/05/2009,-7130,-766410000,107(0.00 %),170,18190000,7300,784600000,1315824,42.42
11/05/2009,14390,1611680000,112(4.67 %),14460,1619520000,70,7840000,1301434,42.49
12/05/2009,3980,470380000,113(0.89 %),6880,798080000,2900,327700000,1297454,42.51
13/05/2009,-2020,-189720000,113(0.00 %),37380,4323680000,39400,4513400000,1299474,42.5
14/05/2009,-1090,-104960000,109(-3.54 %),24460,2683090000,25550,2788050000,1300564,42.5
15/05/2009,-1260,-137340000,110(0.92 %),0,0,1260,137340000,1301824,42.49
18/05/2009,1340,147400000,110(0.00 %),1500,165000000,160,17600000,1300484,42.5
19/05/2009,36090,4148890000,115(4.55 %),36340,4177640000,250,28750000,1264394,42.68
20/05/2009,82640,9882330000,120(4.35 %),84040,10049930000,1400,167600000,1181754,43.09
21/05/2009,3500,413000000,118(-1.67 %),5000,590000000,1500,177000000,1178254,43.11
22/05/2009,1020,115360000,114(-3.39 %),1020,115360000,0,0,1177234,43.11
25/05/2009,26130,3103670000,119(4.39 %),26130,3103670000,0,0,1151104,43.24
26/05/2009,27520,3292390000,120(0.84 %),28450,3403990000,930,111600000,1123584,43.38
27/05/2009,27570,3308400000,120(0.00 %),27570,3308400000,0,0,1096014,43.52
28/05/2009,3840,445440000,116(-3.33 %),87914,10486080000,84074,10040640000,1092174,43.54
29/05/2009,9820,1168580000,119(2.59 %),9820,1168580000,0,0,1082354,43.59
01/06/2009,18180,2226350000,124(4.20 %),23380,2855550000,5200,629200000,1064174,43.68
02/06/2009,23520,3049600000,129(4.03 %),28520,3699600000,5000,650000000,1040654,43.8
03/06/2009,30310,4060700000,135(4.65 %),36520,4898850000,6210,838150000,1010344,43.95
04/06/2009,4860,675350000,140(3.70 %),5120,711750000,260,36400000,1005484,43.97
05/06/2009,13600,1993720000,146(4.29 %),18600,2723720000,5000,730000000,991884,44.04
08/06/2009,-7240,-1105580000,152(4.11 %),5140,782030000,12380,1887610000,999124,44.0
09/06/2009,11970,1825800000,153(0.66 %),17650,2692480000,5680,866680000,987154,44.06
10/06/2009,-4740,-692040000,146(-4.58 %),1150,167900000,5890,859940000,991894,44.04
11/06/2009,-64080,-8933230000,140(-4.11 %),89900,12579190000,153980,21512420000,1055974,43.72
12/06/2009,-35840,-4856710000,134(-4.29 %),31680,4344580000,67520,9201290000,1091814,43.54
15/06/2009,-3790,-483170000,140(4.48 %),21270,2784710000,25060,3267880000,1095604,43.52
16/06/2009,-7530,-1001490000,133(-5.00 %),100,13300000,7630,1014790000,1103134,43.48
17/06/2009,6210,804940000,130(-2.26 %),6210,804940000,0,0,1096924,43.52
18/06/2009,-9010,-1184780000,129(-0.77 %),0,0,9010,1184780000,1105934,43.47
19/06/2009,3300,427070000,129(0.00 %),5330,687870000,2030,260800000,1102634,43.49
22/06/2009,10450,1331800000,124(-3.88 %),10450,1331800000,0,0,1092184,43.54
23/06/2009,-5250,-619500000,118(-4.84 %),1000,118000000,6250,737500000,1097434,43.51
24/06/2009,-15440,-1767630000,114(-3.39 %),530,65190000,15970,1832820000,1112874,43.44
25/06/2009,0,0,119(4.39 %),0,0,0,0,1112874,43.44
26/06/2009,-9720,-1156650000,119(0.00 %),330,39300000,10050,1195950000,1122594,43.39
29/06/2009,-6840,-795480000,116(-2.52 %),1100,128600000,7940,924080000,1129434,43.35
30/06/2009,-9830,-1126260000,114(-1.72 %),250,29100000,10080,1155360000,1139264,43.3
01/07/2009,-28060,-3091400000,109(-4.39 %),1750,192500000,29810,3283900000,1167324,43.16
02/07/2009,-20610,-2224540000,110(0.92 %),63000,7105710000,83610,9330250000,1187934,43.06
03/07/2009,-34300,-3781290000,110(0.00 %),990,108900000,35290,3890190000,1222234,42.89
06/07/2009,-35640,-3968190000,113(2.73 %),16540,1867520000,52180,5835710000,1298584,42.51
07/07/2009,-5070,-574550000,113(0.00 %),26520,3002250000,31590,3576800000,1262944,42.69
08/07/2009,-15040,-1701400000,113(0.00 %),69480,7851080000,84520,9552480000,1277984,42.61
09/07/2009,1570,188050000,113(0.00 %),76850,8662700000,75280,8474650000,1276414,42.62
10/07/2009,-7150,-807450000,112(-0.88 %),22000,2486000000,29150,3293450000,1283564,42.58
13/07/2009,-4620,-513170000,109(-2.68 %),10380,1162110000,15000,1675280000,1288184,42.56
14/07/2009,-23720,-2584480000,109(0.00 %),24000,2616000000,47720,5200480000,1311904,42.44
15/07/2009,-18610,-2041120000,109(0.00 %),64500,7075500000,83110,9116620000,1330514,42.35
16/07/2009,-22410,-2442030000,109(0.00 %),41240,4502070000,63650,6944100000,1352924,42.24
17/07/2009,-7330,-797010000,108(-0.92 %),18310,1988040000,25640,2785050000,1360254,42.2
20/07/2009,-24730,-2567240000,104(-3.70 %),5070,532350000,29800,3099590000,1384984,42.08
21/07/2009,-13420,-1417410000,107(2.88 %),30,3180000,13450,1420590000,1398404,42.01
22/07/2009,18320,2055080000,110(2.80 %),41360,4614220000,23040,2559140000,1380084,42.1
23/07/2009,1960,222460000,113(2.73 %),24960,2783460000,23000,2561000000,1378124,42.11
24/07/2009,-47880,-5653980000,118(4.42 %),48430,5707600000,96310,11361580000,1426004,41.87
27/07/2009,7200,861350000,119(0.85 %),22200,2660350000,15000,1799000000,1418804,41.91
28/07/2009,17060,1976790000,116(-2.52 %),22260,2577990000,5200,601200000,1401744,41.99
29/07/2009,14540,1685800000,116(0.00 %),24540,2846640000,10000,1160840000,1387204,42.06
30/07/2009,19000,2233380000,115(-0.86 %),49000,5706780000,30000,3473400000,1368204,42.16
31/07/2009,-30020,-3461710000,115(0.00 %),3090,356390000,33110,3818100000,1398224,42.01
03/08/2009,1440,168080000,117(1.74 %),1940,226580000,500,58500000,1396784,42.02
04/08/2009,-8650,-1019880000,117(0.00 %),420,50400000,9070,1070280000,1405434,41.97
05/08/2009,29700,3610300000,122(4.27 %),40530,4900240000,10830,1289940000,1375734,42.12
06/08/2009,-13370,-1632760000,120(-1.64 %),4510,548600000,17880,2181360000,1389104,42.05
07/08/2009,-2820,-347920000,122(1.67 %),12580,1503080000,15400,1851000000,1391924,42.04
10/08/2009,-13000,-1595000000,124(1.64 %),0,0,13000,1595000000,1404924,41.98
11/08/2009,10060,1267780000,126(1.61 %),30060,3787780000,20000,2520000000,1394864,42.03
12/08/2009,24680,3225300000,132(4.76 %),25210,3294200000,530,68900000,1370184,42.15
13/08/2009,-18670,-2575270000,138(4.55 %),7930,1090530000,26600,3665800000,1388854,42.06
14/08/2009,910,125580000,136(-1.45 %),910,125580000,0,0,1387944,42.06
17/08/2009,740,98420000,132(-2.94 %),740,98420000,0,0,1387204,42.06
18/08/2009,-6440,-836860000,130(-1.52 %),0,0,6440,836860000,1393644,42.03
19/08/2009,-4250,-554900000,132(1.54 %),750,100100000,5000,655000000,1397894,42.01
20/08/2009,-500,-66000000,132(0.00 %),0,0,500,66000000,1398394,42.01
21/08/2009,1800,240200000,133(0.76 %),1800,240200000,0,0,1396594,42.02
24/08/2009,-3760,-506960000,135(1.50 %),1650,222750000,5410,729710000,1400354,42.0
25/08/2009,-5040,-692980000,135(0.00 %),2890,392290000,7930,1085270000,1416284,41.92
26/08/2009,-5850,-782250000,133(-1.48 %),0,0,5850,782250000,1411244,41.94
27/08/2009,-4600,-616010000,135(1.50 %),400,54000000,5000,670010000,1415844,41.92
28/08/2009,-5650,-773680000,141(4.44 %),350,47320000,6000,821000000,1421494,41.89
31/08/2009,-16750,-2472750000,146(3.55 %),180,26640000,16930,2499390000,1438244,41.81
01/09/2009,-7300,-1065160000,146(0.00 %),28270,4128100000,35570,5193260000,1445544,41.77
03/09/2009,-379820,-57870000000,153(4.79 %),0,0,379820,57870000000,1825364,39.87
04/09/2009,-39620,-6299580000,159(4.95 %),680,108120000,40300,6407700000,1864984,39.68
07/09/2009,-37060,-6151960000,166(4.40 %),500,83000000,37560,6234960000,1902044,39.49
08/09/2009,-3790,-623310000,163(-1.81 %),1210,210540000,5000,833850000,1905834,39.47
09/09/2009,-70000,-10893460000,155(-4.91 %),300,48900000,70300,10942360000,1975834,39.12
10/09/2009,-46120,-6921810000,153(-1.29 %),19000,2850000000,65120,9771810000,2021954,38.89
11/09/2009,-68310,-10574370000,154(0.65 %),0,0,68310,10574370000,2090264,38.55
14/09/2009,-37810,-5686550000,152(-1.30 %),2970,455220000,40780,6141770000,2128074,38.36
15/09/2009,-38840,-5841690000,151(-0.66 %),7200,1106800000,46040,6948490000,2166914,38.17
16/09/2009,-10100,-1551170000,152(0.66 %),430,67080000,10530,1618250000,2177014,38.11
17/09/2009,-6150,-936360000,153(0.66 %),20,3020000,6170,939380000,2183164,38.08
18/09/2009,-9720,-1492300000,154(0.65 %),300,45900000,10020,1538200000,2192884,38.04
21/09/2009,-6600,-1000400000,152(-1.30 %),3400,519600000,10000,1520000000,2199484,38.0
22/09/2009,8100,1207430000,149(-1.97 %),8370,1248130000,270,40700000,2191384,38.04
23/09/2009,2250,341250000,151(1.34 %),2250,341250000,0,0,2189134,38.05
24/09/2009,-2000,-301450000,150(-0.66 %),100,15000000,2100,316450000,2191134,38.04
25/09/2009,0,0,151(0.67 %),0,0,0,0,2191134,45.64
28/09/2009,0,0,158(4.64 %),0,0,0,0,2189634,45.64
29/09/2009,13010,2146650000,165(4.43 %),14570,2404050000,1560,257400000,2178224,38.11
30/09/2009,80870,13416160000,165(0.00 %),80870,13416160000,0,0,2097354,38.51
01/10/2009,45900,7395920000,159(-3.64 %),46150,7435920000,250,40000000,2051454,38.74
02/10/2009,41450,6439260000,155(-2.52 %),41700,6477260000,250,38000000,2010004,38.95
05/10/2009,20730,3219150000,155(0.00 %),26350,4090250000,5620,871100000,1989274,39.05
06/10/2009,77280,11875350000,160(3.23 %),77280,11875350000,0,0,1911994,39.44
07/10/2009,79940,13292510000,168(5.00 %),81000,13470350000,1060,177840000,1832054,39.84
08/10/2009,23580,4036410000,172(2.38 %),32180,5506240000,8600,1469830000,1808474,39.96
09/10/2009,22090,3828170000,173(0.58 %),22590,3915170000,500,87000000,1786384,40.07
12/10/2009,20560,3533590000,172(-0.58 %),22000,3782610000,1440,249020000,1765824,40.17
13/10/2009,900,147600000,167(-2.91 %),1200,198000000,300,50400000,1764924,40.18
14/10/2009,13910,2314470000,174(4.19 %),14130,2350860000,220,36390000,1751014,40.24
15/10/2009,63520,11289880000,177(1.72 %),65000,11554800000,1480,264920000,1687494,40.56
16/10/2009,30300,5330520000,175(-1.13 %),35300,6215520000,5000,885000000,1739654,40.3
19/10/2009,9970,1725210000,173(-1.14 %),10200,1765000000,230,39790000,1647224,40.76
20/10/2009,-42800,-7332660000,171(-1.16 %),6520,1122960000,49320,8455620000,1690024,40.55
21/10/2009,-39660,-6720940000,168(-1.75 %),3010,512710000,42670,7233650000,1729684,40.35
22/10/2009,-29550,-4901100000,171(1.79 %),1010,168660000,30560,5069760000,1759234,40.2
23/10/2009,-7890,-1377470000,168(-1.75 %),15060,2530260000,22950,3907730000,1767124,40.16
26/10/2009,-2830,-463790000,165(-1.79 %),2700,445500000,5530,909290000,1769954,40.15
27/10/2009,-8290,-1358620000,165(0.00 %),110,18150000,8400,1376770000,1778244,40.11
28/10/2009,1510,255510000,169(2.42 %),1610,272510000,100,17000000,1776734,40.12
29/10/2009,-660,-107740000,164(-2.96 %),1340,220260000,2000,328000000,1777394,40.11
30/10/2009,-5700,-938860000,167(1.83 %),240,39460000,5940,978320000,1783094,40.08
02/11/2009,-11900,-1958500000,162(-2.99 %),0,0,11900,1958500000,1794994,40.03
03/11/2009,1300,206330000,158(-2.47 %),1920,305530000,620,99200000,1793694,40.03
04/11/2009,1710,273490000,164(3.80 %),1710,273490000,0,0,1791984,40.04
05/11/2009,550,92300000,165(0.61 %),650,108800000,100,16500000,1791434,40.04
06/11/2009,35080,5827920000,160(-3.03 %),54550,9030940000,19470,3203020000,1756354,40.22
09/11/2009,51510,8255250000,159(-0.62 %),51510,8255250000,0,0,1704844,40.48
10/11/2009,8150,1282420000,159(0.00 %),10310,1618360000,2160,335940000,1696694,40.52
11/11/2009,13490,2175410000,161(1.26 %),18690,3012410000,5200,837000000,1683204,40.58
12/11/2009,-680,-85030000,125(3.31 %),350,43750000,1030,128780000,1683884,40.58
13/11/2009,-10200,-1229800000,121(-3.20 %),15000,1800000000,25200,3029800000,1694084,40.53
16/11/2009,9470,1133370000,120(-0.83 %),20700,2490200000,11230,1356830000,1684614,40.58
17/11/2009,27280,3290510000,121(0.83 %),51510,6207460000,24230,2916950000,1657334,40.71
18/11/2009,1110,134420000,122(0.83 %),15780,1914180000,14670,1779760000,1656224,40.72
19/11/2009,-1010,-127370000,123(0.82 %),18530,2260660000,19540,2388030000,1657234,40.71
20/11/2009,11190,1375280000,122(-0.81 %),45500,5570500000,34310,4195220000,1646044,40.77
23/11/2009,15420,1866130000,119(-2.46 %),30080,3624520000,14660,1758390000,1630624,40.85
24/11/2009,-4230,-501920000,117(-1.68 %),1770,210080000,6000,712000000,1634854,40.83
25/11/2009,8190,935430000,113(-3.42 %),12790,1455330000,4600,519900000,1626664,40.87
26/11/2009,36380,4054310000,118(4.42 %),41190,4583910000,4810,529600000,1590284,41.05
27/11/2009,1650,197400000,121(2.54 %),3350,398600000,1700,201200000,1588634,41.06
30/11/2009,6790,824590000,122(0.83 %),6890,836690000,100,12100000,1581844,41.09
01/12/2009,5000,620000000,123(0.82 %),5000,620000000,0,0,1576844,41.12
02/12/2009,27630,3307230000,120(-2.44 %),28760,3443170000,1130,135940000,1549214,41.25
03/12/2009,8520,997350000,117(-2.50 %),9030,1056510000,510,59160000,1540694,41.3
04/12/2009,-10530,-1221970000,115(-1.71 %),15400,1791450000,25930,3013420000,1551224,41.24
07/12/2009,-24070,-2718110000,113(-1.74 %),30710,3453130000,54780,6171240000,1575294,41.12
08/12/2009,-9770,-1096240000,113(0.00 %),0,0,9770,1096240000,1585064,41.07
09/12/2009,-18240,-1987420000,113(0.00 %),20530,2257910000,38770,4245330000,1603304,40.98
10/12/2009,5240,551580000,108(-4.42 %),20170,2182800000,14930,1631220000,1598064,41.01
11/12/2009,19800,2259840000,104(-3.70 %),38140,4286060000,18340,2026220000,1578264,41.11
14/12/2009,360,71110000,109(4.81 %),15360,1651110000,15000,1580000000,1577904,41.11
15/12/2009,-20,-2220000,111(1.83 %),0,0,20,2220000,1577924,41.11
16/12/2009,-8530,-907030000,106(-4.50 %),920,98440000,9450,1005470000,1586454,41.07
17/12/2009,-500,-45300000,102(-3.77 %),10350,1096400000,10850,1141700000,1586954,41.07
18/12/2009,-37630,-3730810000,97(-4.90 %),45700,4653930000,83330,8384740000,1624584,40.88
21/12/2009,-2740,-276740000,101(4.12 %),1900,191900000,4640,468640000,1627324,40.86
22/12/2009,-390,-41340000,106(4.95 %),2610,276660000,3000,318000000,1627714,40.86
23/12/2009,-35290,-3675070000,106(0.00 %),10980,1120260000,46270,4795330000,1663004,40.68
24/12/2009,1480,154540000,107(0.94 %),6480,684540000,5000,530000000,1661524,40.69
25/12/2009,-2590,-277130000,109(1.87 %),2410,257870000,5000,535000000,1664114,40.68
28/12/2009,-1060,-116110000,110(0.92 %),13990,1529470000,15050,1645580000,1665174,40.67
29/12/2009,5860,644600000,110(0.00 %),5860,644600000,0,0,1659314,40.7
30/12/2009,-14040,-1528240000,113(2.73 %),960,101760000,15000,1630000000,1673354,40.63
31/12/2009,0,0,114(0.88 %),0,0,0,0,1673354,40.63
04/01/2010,-4590,-519070000,117(2.63 %),610,68930000,5200,588000000,1677944,40.61
05/01/2010,47140,5503320000,117(0.00 %),120130,14063450000,72990,8560130000,1630804,40.85
06/01/2010,24700,2868700000,116(-0.85 %),34700,4023700000,10000,1155000000,1606104,40.97
07/01/2010,60210,7016020000,117(0.86 %),61900,7212060000,1690,196040000,1545894,41.27
08/01/2010,12130,1426500000,118(0.85 %),13750,1624140000,1620,197640000,1533764,41.33
11/01/2010,18740,2252300000,121(2.54 %),18740,2252300000,0,0,1515024,41.42
12/01/2010,1450,172470000,121(0.00 %),11600,1396950000,10150,1224480000,1513574,43.32
13/01/2010,10350,1237890000,120(-0.83 %),10560,1263090000,210,25200000,1503224,43.36
14/01/2010,2810,336140000,120(0.00 %),2810,336140000,0,0,1500414,43.37
15/01/2010,7800,937000000,120(0.00 %),13790,1652800000,5990,715800000,1492614,43.4
18/01/2010,15050,1785300000,118(-1.67 %),15050,1785300000,0,0,1477564,43.46
19/01/2010,23490,2795310000,119(0.85 %),23510,2797690000,20,2380000,1454074,43.55
20/01/2010,8730,1037870000,118(-0.84 %),8730,1037870000,0,0,1445344,43.58
21/01/2010,5860,694780000,117(-0.85 %),5860,694780000,0,0,1439484,43.6
22/01/2010,1000,118000000,117(0.00 %),1000,118000000,0,0,1438484,43.6
25/01/2010,1860,219480000,119(1.71 %),2000,236000000,140,16520000,1436624,43.61
26/01/2010,27520,3412480000,124(4.20 %),27520,3412480000,0,0,1409104,43.72
27/01/2010,38510,4850920000,124(0.00 %),54850,6910900000,16340,2059980000,1370594,43.86
28/01/2010,16250,2015500000,124(0.00 %),16550,2052700000,300,37200000,1354344,43.92
29/01/2010,47120,5837750000,124(0.00 %),47130,5838990000,10,1240000,1307224,44.1
01/02/2010,65080,8249440000,128(3.23 %),65080,8249440000,0,0,1242144,44.34
02/02/2010,22570,2922240000,129(0.78 %),25000,3236780000,2430,314540000,1219574,44.43
03/02/2010,6050,782200000,128(-0.78 %),16550,2131700000,10500,1349500000,1213524,44.45
04/02/2010,5280,680490000,127(-0.78 %),10000,1285000000,4720,604510000,1208244,44.47
05/02/2010,-4460,-524760000,121(-4.72 %),33870,4195650000,38330,4720410000,1212704,44.45
08/02/2010,-2100,-249920000,119(-1.65 %),5000,593000000,7100,842920000,1214804,44.44
09/02/2010,-2220,-263250000,119(0.00 %),13830,1643840000,16050,1907090000,1217024,44.44
10/02/2010,-2040,-236520000,122(2.52 %),11360,1373880000,13400,1610400000,1219064,44.43
11/02/2010,0,0,124(1.64 %),0,0,0,0,1219064,44.43
12/02/2010,4180,525160000,125(0.81 %),16700,2090080000,12520,1564920000,1214884,44.44
22/02/2010,8340,1047500000,125(0.00 %),27070,3388990000,18730,2341490000,1206544,44.47
23/02/2010,128400,16068000000,126(0.80 %),128400,16068000000,0,0,1078144,44.96
24/02/2010,22190,2786850000,125(-0.79 %),47340,5933930000,25150,3147080000,1055954,45.04
25/02/2010,21310,2674910000,126(0.80 %),45530,5707410000,24220,3032500000,1034644,45.12
26/02/2010,280,26730000,125(-0.79 %),50170,6280220000,49890,6253490000,1558839,45.12
01/03/2010,-9100,-1147400000,126(0.80 %),25200,3176960000,34300,4324360000,1567939,43.12
02/03/2010,-24690,-3038080000,122(-3.17 %),9900,1222700000,34590,4260780000,1592629,43.03
03/03/2010,4060,499840000,124(1.64 %),5400,665000000,1340,165160000,1588569,43.04
04/03/2010,2490,308760000,124(0.00 %),2490,308760000,0,0,1586079,43.05
05/03/2010,13340,1667960000,125(0.81 %),13840,1729960000,500,62000000,1572739,43.1
08/03/2010,19950,2486740000,124(-0.80 %),20200,2517990000,250,31250000,1552789,43.18
09/03/2010,33750,4241340000,126(1.61 %),34530,4338060000,780,96720000,1519039,43.3
10/03/2010,29850,3714400000,126(0.00 %),30380,3780120000,530,65720000,1489189,43.41
11/03/2010,3380,422520000,125(-0.79 %),3380,422520000,0,0,1485809,43.43
12/03/2010,21340,2658260000,125(0.00 %),21600,2690760000,260,32500000,1464469,43.51
15/03/2010,-20480,-2488750000,122(-2.40 %),29780,3700440000,50260,6189190000,1484949,43.43
16/03/2010,-39080,-4707760000,120(-1.64 %),1130,137820000,40210,4845580000,1524029,43.28
17/03/2010,-19190,-2317300000,121(0.83 %),25500,3124980000,44690,5442280000,1543219,43.21
18/03/2010,-69970,-8365330000,119(-1.65 %),30,3570000,70000,8368900000,1613189,42.95
19/03/2010,-150030,-17573970000,116(-2.52 %),15350,1816350000,165380,19390320000,1763219,42.39
22/03/2010,190,22430000,117(0.86 %),200,23600000,10,1170000,1763029,42.39
23/03/2010,1350,162530000,120(2.56 %),4290,506510000,2940,343980000,1761679,42.39
24/03/2010,19180,2296840000,121(1.68 %),19180,2296840000,0,0,1742499,42.46
25/03/2010,15010,1783500000,119(-1.65 %),15200,1806300000,190,22800000,1727489,42.52
26/03/2010,19450,2310990000,119(0.00 %),19450,2310990000,0,0,1708039,42.59
29/03/2010,7650,915050000,119(0.00 %),9630,1150970000,1980,235920000,1700389,42.62
30/03/2010,17680,2102420000,118(-0.84 %),24490,2911510000,6810,809090000,1682709,42.69
31/03/2010,6860,814800000,118(0.00 %),19360,2290300000,12500,1475500000,1675849,42.71
01/04/2010,11100,1321750000,119(0.85 %),32100,3812000000,21000,2490250000,1664749,42.76
02/04/2010,-800,-94800000,118(-0.84 %),9200,1092700000,10000,1187500000,1665549,42.75
05/04/2010,2550,303200000,118(0.00 %),2550,303200000,0,0,1662999,42.76
06/04/2010,-33010,-3917180000,120(1.69 %),0,0,33010,3917180000,1696009,42.64
07/04/2010,-17440,-2080480000,120(0.00 %),2560,299520000,20000,2380000000,1713449,42.57
08/04/2010,-25240,-2984970000,118(-1.67 %),47000,5569000000,72240,8553970000,1738689,42.48
09/04/2010,3640,433920000,119(0.85 %),14070,1668660000,10430,1234740000,1735049,42.49
12/04/2010,37690,4482660000,120(0.84 %),38340,4560300000,650,77640000,1697359,42.63
13/04/2010,21780,2567440000,118(-1.67 %),31920,3766560000,10140,1199120000,1675579,42.72
14/04/2010,11390,1355410000,119(0.85 %),21390,2544410000,10000,1189000000,1664189,42.76
15/04/2010,10440,1252820000,121(1.68 %),12590,1508670000,2150,255850000,1653749,42.8
16/04/2010,18720,2266650000,121(0.00 %),31810,3850540000,13090,1583890000,1635029,42.87
19/04/2010,33120,4007020000,121(0.00 %),43210,5225910000,10090,1218890000,1601909,42.99
20/04/2010,10230,1223590000,120(-0.83 %),20260,2425190000,10030,1201600000,1591679,43.03
21/04/2010,15170,1820400000,120(0.00 %),15490,1858800000,320,38400000,1576509,43.09
22/04/2010,7350,890210000,122(1.67 %),8250,1000010000,900,109800000,1569159,43.11
26/04/2010,13540,1666740000,123(0.82 %),16820,2070320000,3280,403580000,1555619,43.17
27/04/2010,5020,612420000,124(0.81 %),5020,612420000,0,0,1550599,43.18
28/04/2010,38130,4725460000,124(0.00 %),39130,4849460000,1000,124000000,1512469,43.33
29/04/2010,38610,4718220000,123(-0.81 %),38930,4757460000,320,39240000,1473859,43.47
04/05/2010,-920,-111370000,123(0.00 %),700,84910000,1620,196280000,1474779,43.47
05/05/2010,2570,313470000,122(-0.81 %),10780,1315180000,8210,1001710000,1472209,43.48
06/05/2010,1920,234330000,121(-0.82 %),2010,245220000,90,10890000,1470289,43.49
07/05/2010,25820,3131240000,122(0.83 %),25820,3131240000,0,0,1444469,43.58
10/05/2010,5270,638080000,120(-1.64 %),9010,1091110000,3740,453030000,1439199,43.6
11/05/2010,7770,940300000,121(0.83 %),8400,1015900000,630,75600000,1431429,43.63
12/05/2010,1710,206160000,121(0.00 %),11770,1419560000,10060,1213400000,1429719,43.64
13/05/2010,27070,3239060000,119(-1.65 %),32070,3840060000,5000,601000000,1402649,43.74
14/05/2010,14420,1735140000,120(0.84 %),14420,1735140000,0,0,1388229,43.79
17/05/2010,20690,2448890000,117(-2.50 %),23500,2780000000,2810,331110000,1367539,43.87
18/05/2010,2840,327000000,115(-1.71 %),2840,327000000,0,0,1364699,43.88
19/05/2010,5960,684340000,115(0.00 %),138480,15927070000,132520,15242730000,1358739,43.9
20/05/2010,-2000,-236200000,117(1.74 %),32300,3724500000,34300,3960700000,1360739,43.9
21/05/2010,4490,495590000,114(-2.15 %),37150,4254120000,32660,3758530000,1356249,43.91
24/05/2010,6800,805210000,115(0.88 %),38280,4471250000,31480,3666040000,1349449,43.94
25/05/2010,48400,5629800000,116(0.87 %),48540,5646040000,140,16240000,1301049,44.12
26/05/2010,20100,2355700000,118(1.72 %),20100,2355700000,0,0,1280949,44.2
27/05/2010,5470,649190000,119(0.85 %),14190,1683150000,8720,1033960000,1275479,44.22
28/05/2010,6670,805020000,121(1.68 %),56670,6844020000,50000,6039000000,1268809,44.24
31/05/2010,-1430,-169490000,118(-2.48 %),2400,285600000,3830,455090000,1270239,44.24
01/06/2010,-520,-60850000,120(1.69 %),990,116820000,1510,177670000,1270759,44.23
02/06/2010,480,57600000,120(0.00 %),480,57600000,0,0,1270279,44.24
03/06/2010,-160,-18360000,118(-1.67 %),340,40640000,500,59000000,1270439,44.24
04/06/2010,2020,240000000,120(1.69 %),2020,240000000,0,0,1268419,44.24
07/06/2010,-1930,-228150000,119(-0.83 %),1740,203580000,3670,431730000,1270349,44.24
08/06/2010,-2250,-261040000,116(-2.52 %),0,0,2250,261040000,1272599,44.23
09/06/2010,-950,-110000000,116(0.00 %),1650,193600000,2600,303600000,1273549,44.22
10/06/2010,-65070,-7677960000,118(1.72 %),103580,12224440000,168650,19902400000,1338619,43.98
11/06/2010,240,28320000,118(0.00 %),30718,3472334000,30478,3444014000,1338379,43.98
14/06/2010,9100,1074900000,118(0.00 %),47020,5547960000,37920,4473060000,1329279,44.01
15/06/2010,3430,401550000,117(-0.85 %),5000,585000000,1570,183450000,1325849,44.03
16/06/2010,12520,1475130000,116(-0.85 %),33520,3912410000,21000,2437280000,1313329,44.07
17/06/2010,10260,1198860000,116(0.00 %),49478,5614128000,39218,4415268000,1303069,44.11
18/06/2010,950,110170000,117(0.86 %),22790,2663640000,21840,2553470000,1291539,44.16
21/06/2010,2920,343310000,116(-0.85 %),13160,1535760000,10240,1192450000,1299199,44.13
22/06/2010,6710,791490000,116(0.00 %),22410,2626690000,15700,1835200000,1292489,44.15
23/06/2010,9220,1100980000,116(0.00 %),31300,3675840000,22080,2574860000,1283269,44.19
24/06/2010,-10750,-1253980000,117(0.86 %),19250,2251020000,30000,3505000000,1294019,44.15
25/06/2010,9310,1099270000,118(0.85 %),10010,1181170000,700,81900000,1284709,44.18
28/06/2010,3310,388200000,116(-1.69 %),17460,2050260000,14150,1662060000,1281399,44.19
29/06/2010,2500,294760000,118(1.72 %),2500,294760000,0,0,1278899,44.2
30/06/2010,-11040,-1291430000,117(-0.85 %),350,41300000,11390,1332730000,1289939,44.16
01/07/2010,650,76050000,117(0.00 %),850,99450000,200,23400000,1289289,44.16
02/07/2010,2110,246870000,117(0.00 %),9810,1147770000,7700,900900000,1287179,44.17
05/07/2010,-6070,-710190000,117(0.00 %),500,58500000,6570,768690000,1293249,44.15
06/07/2010,3270,379320000,116(-0.85 %),3770,437820000,500,58500000,1289979,44.16
07/07/2010,-4490,-516610000,115(-0.86 %),35650,4121180000,40140,4637790000,1294469,44.15
08/07/2010,-200,-23000000,115(0.00 %),850,97750000,1050,120750000,1294669,44.14
09/07/2010,500,57500000,116(0.87 %),7120,825420000,6620,767920000,1294169,44.15
12/07/2010,2750,318940000,116(0.00 %),5020,582260000,2270,263320000,1291419,44.16
13/07/2010,2920,341720000,117(0.86 %),38420,4469720000,35500,4128000000,1288499,44.17
14/07/2010,1490,174490000,117(0.00 %),9630,1126870000,8140,952380000,1287009,44.17
15/07/2010,2030,233680000,116(-0.85 %),2030,233680000,0,0,1284979,44.18
16/07/2010,-470,-54020000,116(0.00 %),14530,1685980000,15000,1740000000,1285449,44.18
19/07/2010,21840,2567660000,118(1.72 %),21840,2567660000,0,0,1263609,44.26
20/07/2010,2000,232100000,116(-1.69 %),2000,232100000,0,0,1261609,44.27
21/07/2010,180,20880000,118(1.72 %),180,20880000,0,0,1261429,44.27
22/07/2010,720,85240000,117(-0.85 %),1000,118000000,280,32760000,1260709,44.27
23/07/2010,18750,2238990000,120(2.56 %),18750,2238990000,0,0,1241959,44.34
26/07/2010,7190,855860000,119(-0.83 %),7190,855860000,0,0,1234769,44.37
27/07/2010,26480,3176120000,119(0.00 %),26480,3176120000,0,0,1208289,44.47
28/07/2010,5190,617610000,119(0.00 %),5190,617610000,0,0,1203099,44.49
29/07/2010,3130,372460000,119(0.00 %),3390,403140000,260,30680000,1199969,44.5
30/07/2010,15780,1885820000,120(0.84 %),75780,9085820000,60000,7200000000,1184189,44.56
02/08/2010,9030,1070070000,118(-1.67 %),9030,1070070000,0,0,1175159,44.59
03/08/2010,6950,827050000,119(0.85 %),13530,1608490000,6580,781440000,1168209,44.62
04/08/2010,9750,1160370000,118(-0.84 %),17090,2032830000,7340,872460000,1158459,44.66
05/08/2010,3230,383070000,119(0.85 %),3230,383070000,0,0,1155229,44.67
06/08/2010,2400,285900000,119(0.00 %),6440,766660000,4040,480760000,1152829,44.68
09/08/2010,5430,646270000,119(0.00 %),5430,646270000,0,0,1147399,44.7
10/08/2010,8690,1034110000,119(0.00 %),9870,1174530000,1180,140420000,1138709,44.73
11/08/2010,7660,912040000,119(0.00 %),17660,2102040000,10000,1190000000,0,49.03
12/08/2010,13360,1589710000,119(0.00 %),23670,2816600000,10310,1226890000,1117689,44.81
13/08/2010,26890,3199710000,119(0.00 %),26890,3199710000,0,0,1090799,44.91
16/08/2010,580,68530000,119(0.00 %),1070,127330000,490,58800000,1090219,44.91
17/08/2010,1520,181310000,120(0.84 %),1520,181310000,0,0,1079489,44.95
18/08/2010,6940,833600000,120(0.00 %),6940,833600000,0,0,1081759,44.94
19/08/2010,350,41510000,118(-1.67 %),18970,2253690000,18620,2212180000,1081409,44.94
20/08/2010,400,47600000,118(0.00 %),18860,2241880000,18460,2194280000,1081009,44.95
23/08/2010,410,48690000,119(0.85 %),5110,607990000,4700,559300000,0,0.0
24/08/2010,7030,818610000,114(-4.20 %),15500,1804500000,8470,985890000,0,49.03
25/08/2010,-40,-4510000,115(0.88 %),16440,1905280000,16480,1909790000,0,0.0
26/08/2010,600,69000000,115(0.00 %),40890,4703350000,40290,4634350000,0,49.0
27/08/2010,8220,949960000,116(0.87 %),36920,4279160000,28700,3329200000,0,49.03
30/08/2010,3320,388440000,117(0.86 %),24340,2847780000,21020,2459340000,0,49.05
31/08/2010,10670,1242220000,117(0.00 %),11970,1393020000,1300,150800000,0,49.09
01/09/2010,22230,2591220000,117(0.00 %),28010,3267480000,5780,676260000,0,49.17
06/09/2010,23700,2813030000,117(0.00 %),49920,5894890000,26220,3081860000,929577,49.26
07/09/2010,-830,-97610000,117(0.00 %),8500,994000000,9330,1091610000,0,49.25
08/09/2010,680,78880000,116(-0.85 %),1400,162400000,720,83520000,0,49.26
09/09/2010,3270,379320000,116(0.00 %),8000,928000000,4730,548680000,0,49.27
10/09/2010,180,20880000,116(0.00 %),180,20880000,0,0,0,49.27
13/09/2010,2650,309000000,115(-0.86 %),10680,1237200000,8030,928200000,0,49.28
14/09/2010,66060,7662400000,116(0.87 %),66270,7686550000,210,24150000,0,49.53
15/09/2010,14230,1651680000,116(0.00 %),14230,1651680000,0,0,0,49.58
16/09/2010,1690,200340000,115(-0.86 %),39100,4504900000,37410,4304560000,0,49.59
17/09/2010,7370,847550000,115(0.00 %),22370,2572550000,15000,1725000000,0,49.62
20/09/2010,27010,3106150000,115(0.00 %),27010,3106150000,0,0,0,0.0
21/09/2010,45380,5218700000,115(0.00 %),45630,5247450000,250,28750000,0,49.17
22/09/2010,48000,5548140000,115(0.00 %),82000,9458140000,34000,3910000000,0,49.35
23/09/2010,0,0,115(0.00 %),0,0,0,0,0,49.35
24/09/2010,340,39100000,115(0.00 %),44100,5071500000,43760,5032400000,0,49.35
27/09/2010,4010,463340000,114(-0.87 %),23760,2724590000,19750,2261250000,0,49.37
28/09/2010,1600,182900000,114(0.00 %),23600,2690900000,22000,2508000000,0,49.37
29/09/2010,-4860,-555460000,113(-0.88 %),26630,3034400000,31490,3589860000,0,49.35
30/09/2010,2350,265450000,114(0.88 %),7350,835450000,5000,570000000,710447,49.36
01/10/2010,670,76380000,114(0.00 %),7670,874380000,7000,798000000,709777,46.34
04/10/2010,4000,456000000,114(0.88 %),23370,2664180000,19370,2208180000,705777,46.35
05/10/2010,2030,231090000,114(0.00 %),32490,3703530000,30460,3472440000,703747,46.36
06/10/2010,3770,438720000,115(0.88 %),64010,7367140000,60240,6928420000,699977,46.37
07/10/2010,10040,1155560000,114(-0.87 %),16500,1892000000,6460,736440000,689937,46.41
08/10/2010,10110,1162660000,114(0.00 %),20830,2395150000,10720,1232490000,679827,46.45
11/10/2010,50,5820000,114(0.00 %),100,11600000,50,5780000,679777,46.47
12/10/2010,70,7980000,114(0.00 %),100,11400000,30,3420000,679707,46.47
13/10/2010,3350,383100000,114(0.00 %),4850,555000000,1500,171900000,676357,46.49
14/10/2010,2900,327800000,113(-0.88 %),3910,442030000,1010,114230000,673457,46.5
15/10/2010,-90,-10170000,113(0.00 %),8720,983360000,8810,993530000,673547,46.5
18/10/2010,-15900,-1778700000,113(0.00 %),6130,690690000,22030,2469390000,689447,46.44
19/10/2010,-230,-25300000,111(-1.77 %),300,33000000,530,58300000,689677,46.44
20/10/2010,1220,135470000,112(0.90 %),26220,2910470000,25000,2775000000,688457,46.44
21/10/2010,5870,657410000,112(0.00 %),9870,1105410000,4000,448000000,682587,46.46
22/10/2010,3140,355820000,113(0.89 %),13140,1485820000,10000,1130000000,679447,46.48
25/10/2010,2670,305090000,115(1.77 %),2670,305090000,0,0,676777,46.49
26/10/2010,12690,1459350000,115(0.00 %),12700,1460500000,10,1150000,664087,46.53
27/10/2010,12460,1427010000,115(0.00 %),12460,1427010000,0,0,651627,46.58
28/10/2010,38810,4462150000,115(0.00 %),38810,4462150000,0,0,612817,46.72
29/10/2010,2420,281330000,115(0.00 %),163455,18790355000,161035,18509025000,610397,46.73
01/11/2010,220,25300000,115(0.00 %),220,25300000,0,0,610177,46.73
02/11/2010,690,78660000,114(-0.87 %),690,78660000,0,0,609487,46.74
03/11/2010,3360,383040000,114(0.00 %),3360,383040000,0,0,606127,46.75
04/11/2010,510,58140000,114(0.00 %),510,58140000,0,0,605617,46.75
05/11/2010,-300,-34200000,114(0.00 %),0,0,300,34200000,605917,46.75
08/11/2010,970,110580000,114(0.00 %),1330,151620000,360,41040000,604947,46.75
09/11/2010,150,16950000,113(-0.88 %),115150,13126950000,115000,13110000000,604797,46.75
10/11/2010,-1900,-202950000,113(0.00 %),3200,357350000,5100,560300000,606697,46.75
11/11/2010,22130,2456640000,113(0.00 %),27130,3006640000,5000,550000000,584567,46.83
12/11/2010,1200,136800000,113(0.00 %),1300,148200000,100,11400000,583367,46.83
15/11/2010,600,68400000,114(0.88 %),1000,114000000,400,45600000,582767,46.83
16/11/2010,-760,-83440000,109(-4.39 %),600,65500000,1360,148940000,583527,46.83
17/11/2010,-4380,-455770000,111(1.83 %),123620,13474500000,128000,13930270000,587907,46.82
18/11/2010,0,0,110(-0.90 %),0,0,0,0,587907,46.82
19/11/2010,-7230,-754600000,110(0.00 %),3900,427100000,11130,1181700000,595137,46.79
22/11/2010,1540,165780000,107(-2.73 %),37006,3960642000,35466,3794862000,593597,46.79
23/11/2010,470,50390000,107(0.00 %),2270,240320000,1800,189930000,593127,46.8
24/11/2010,3630,390140000,110(2.80 %),3720,400040000,90,9900000,589497,46.81
25/11/2010,2080,232060000,113(2.73 %),3110,345560000,1030,113500000,587417,46.82
26/11/2010,390,43300000,110(-2.65 %),119550,13501600000,119160,13458300000,587027,46.82
29/11/2010,1360,149960000,110(0.00 %),4320,477210000,2960,327250000,585667,46.82
30/11/2010,1210,132100000,110(0.00 %),18500,2034000000,17290,1901900000,584457,46.83
01/12/2010,2650,291500000,110(0.00 %),14800,1628000000,12150,1336500000,581807,46.84
02/12/2010,570,62130000,109(-0.91 %),1570,171130000,1000,109000000,581237,46.84
03/12/2010,-3650,-403370000,111(1.83 %),5750,633450000,9400,1036820000,584887,46.83
06/12/2010,800,89340000,111(0.00 %),202066,22431926000,201266,22342586000,584087,46.83
07/12/2010,2910,323120000,111(0.00 %),4200,467400000,1290,144280000,581177,46.84
08/12/2010,16340,1824340000,112(0.90 %),17000,1897600000,660,73260000,564837,46.9
09/12/2010,20350,2279200000,112(0.00 %),21570,2415840000,1220,136640000,544487,46.98
10/12/2010,12870,1466100000,114(1.79 %),36520,4162200000,23650,2696100000,531617,47.02
13/12/2010,-1440,-162610000,115(0.88 %),72300,8286590000,73740,8449200000,533057,47.02
14/12/2010,7440,861210000,116(0.87 %),37910,4375260000,30470,3514050000,525617,47.05
15/12/2010,60,7550000,116(0.00 %),25760,2995160000,25700,2987610000,525557,47.05
16/12/2010,-22593,-2473376000,116(0.00 %),14260,1654160000,36853,4127536000,548150,46.96
17/12/2010,7720,898210000,117(0.86 %),22980,2674150000,15260,1775940000,540430,46.99
20/12/2010,2550,300900000,118(0.85 %),2550,300900000,0,0,537880,47.0
21/12/2010,10300,1228250000,120(1.69 %),26330,3140790000,16030,1912540000,527580,47.04
22/12/2010,29763,3532967000,118(-1.67 %),85343,10091687000,55580,6558720000,497817,47.15
23/12/2010,4000,471400000,118(0.00 %),34600,4074200000,30600,3602800000,493817,47.17
24/12/2010,2150,253850000,118(0.00 %),9310,1098730000,7160,844880000,491667,47.17
27/12/2010,17590,2104190000,120(1.69 %),27810,3330590000,10220,1226400000,474077,47.24
28/12/2010,4180,491800000,121(0.83 %),35910,4237380000,31730,3745580000,469897,47.25
29/12/2010,850,101350000,119(-1.65 %),20850,2461350000,20000,2360000000,469047,47.26
30/12/2010,-19830,-2312980000,116(-2.52 %),50670,5918390000,70500,8231370000,488877,47.18
31/12/2010,-12000,-1432000000,120(3.45 %),26200,3053200000,38200,4485200000,500877,47.14
04/01/2011,2080,247520000,119(-0.83 %),5080,604520000,3000,357000000,498797,47.15
05/01/2011,8690,1030920000,118(-0.84 %),51980,6139140000,43290,5108220000,490107,47.18
06/01/2011,7000,826000000,118(0.00 %),7000,826000000,0,0,483107,47.2
07/01/2011,12980,1526790000,116(-1.69 %),32970,3869290000,19990,2342500000,470127,47.25
10/01/2011,-4240,-487700000,115(-0.86 %),19760,2272400000,24000,2760100000,474367,47.24
11/01/2011,-1060,-121900000,115(0.00 %),41790,4805850000,42850,4927750000,475427,47.23
12/01/2011,-10,-250000,115(0.00 %),8660,997040000,8670,997290000,475437,47.23
13/01/2011,-300,-34500000,115(0.00 %),107210,12329150000,107510,12363650000,475737,47.23
14/01/2011,2110,249110000,117(1.74 %),2190,258630000,80,9520000,473627,47.7
17/01/2011,650,76750000,117(0.00 %),21650,2533750000,21000,2457000000,472977,47.7
18/01/2011,6260,731360000,117(0.00 %),45390,5309570000,39130,4578210000,466717,47.27
19/01/2011,4810,563300000,117(0.00 %),4810,563300000,0,0,461907,47.28
20/01/2011,7210,851670000,119(1.71 %),10720,1269260000,3510,417590000,454697,47.31
21/01/2011,-8880,-1054720000,118(-0.84 %),15700,1870370000,24580,2925090000,463577,47.28
24/01/2011,4000,468000000,118(0.00 %),21260,2504680000,17260,2036680000,459577,47.29
25/01/2011,13710,1595870000,117(-0.85 %),19710,2297870000,6000,702000000,445867,47.34
26/01/2011,4310,504580000,117(0.00 %),4690,549420000,380,44840000,441557,48.49
27/01/2011,-6040,-712730000,118(0.85 %),22990,2712550000,29030,3425280000,447597,47.34
28/01/2011,-2850,-336250000,117(-0.85 %),2610,306770000,5460,643020000,450447,47.33
08/02/2011,-7250,-824070000,116(-0.85 %),100,11700000,7350,835770000,457697,47.3
09/02/2011,280,33980000,116(0.00 %),11750,1364870000,11470,1330890000,457417,47.76
10/02/2011,-6620,-767920000,116(0.00 %),42390,4917240000,49010,5685160000,464037,47.28
11/02/2011,0,0,116(0.00 %),0,0,0,0,464037,47.73
14/02/2011,3770,442590000,117(0.86 %),4390,515130000,620,72540000,460267,47.29
15/02/2011,-2130,-243040000,115(-1.71 %),2970,338670000,5100,581710000,462397,47.28
16/02/2011,2580,301480000,117(1.74 %),3780,441680000,1200,140200000,459817,47.29
17/02/2011,1500,175550000,118(0.85 %),1750,205050000,250,29500000,458317,47.3
18/02/2011,5960,698020000,117(-0.85 %),5960,698020000,0,0,452357,47.32
21/02/2011,9000,1039110000,115(-1.71 %),9000,1039110000,0,0,443357,47.35
22/02/2011,11290,1298160000,116(0.87 %),20540,2351380000,9250,1053220000,432067,47.39
23/02/2011,20200,2322900000,113(-2.59 %),20200,2322900000,0,0,411867,47.47
24/02/2011,990,110880000,112(-0.88 %),990,110880000,0,0,410877,47.47
25/02/2011,960,110390000,114(1.79 %),20010,2301140000,19050,2190750000,409917,47.48
28/02/2011,15150,1731100000,114(0.00 %),16150,1845100000,1000,114000000,394767,47.53
01/03/2011,300,33680000,113(-0.88 %),680,76420000,380,42740000,394467,47.53
02/03/2011,730,82290000,111(-1.77 %),730,82290000,0,0,393737,47.54
03/03/2011,830,92130000,111(0.00 %),990,109730000,160,17600000,0,0.0
04/03/2011,110,12430000,113(1.80 %),110,12430000,0,0,0,0.0
07/03/2011,-1000,-111000000,114(0.88 %),200,22200000,1200,133200000,0,0.0
08/03/2011,110,12340000,112(-1.75 %),110,12340000,0,0,0,0.0
09/03/2011,1250,143700000,114(1.79 %),1250,143700000,0,0,0,0.0
10/03/2011,16230,1898680000,118(3.51 %),24230,2842680000,8000,944000000,0,0.0
11/03/2011,2900,344600000,118(0.00 %),2900,344600000,0,0,0,0.0
14/03/2011,30,3450000,115(-2.54 %),30,3450000,0,0,0,0.0
15/03/2011,0,0,115(0.00 %),0,0,0,0,0,0.0
16/03/2011,640,73900000,115(0.00 %),90640,10153900000,90000,10080000000,558639,46.92
17/03/2011,-90,-10350000,115(0.00 %),30150,3437250000,30240,3447600000,558729,46.92
18/03/2011,1200,138000000,115(0.00 %),41200,4698000000,40000,4560000000,557529,46.93
21/03/2011,710,83270000,115(0.00 %),710,83270000,0,0,556819,46.93
22/03/2011,3130,357170000,114(-0.87 %),53780,6131920000,50650,5774750000,553689,46.94
23/03/2011,450,51300000,114(0.00 %),450,51300000,0,0,553239,46.94
24/03/2011,20,2280000,115(0.88 %),20,2280000,0,0,553219,46.94
25/03/2011,-120,-13850000,115(0.00 %),380,43650000,500,57500000,553339,46.94
28/03/2011,4070,472690000,117(1.74 %),4900,569800000,830,97110000,549269,46.96
29/03/2011,-22730,-2643580000,116(-0.85 %),67500,7765600000,90230,10409180000,571999,46.87
30/03/2011,-1700,-198200000,117(0.86 %),1300,152800000,3000,351000000,573699,46.87
31/03/2011,-11080,-1296230000,117(0.00 %),50,5850000,11130,1302080000,584779,46.83
01/04/2011,-3800,-440800000,115(-1.71 %),200,23200000,4000,464000000,545419,46.97
04/04/2011,-70,-7260000,116(0.87 %),1950,228220000,2020,235480000,545489,46.97
05/04/2011,4860,567760000,117(0.86 %),4860,567760000,0,0,540629,46.99
06/04/2011,-11900,-1378300000,117(0.00 %),10100,1173700000,22000,2552000000,552529,46.95
07/04/2011,-4870,-577990000,119(1.71 %),230,26910000,5100,604900000,557399,46.93
08/04/2011,-6420,-757490000,118(-0.84 %),6310,744680000,12730,1502170000,563819,46.91
13/04/2011,-7410,-889200000,120(1.69 %),0,0,7410,889200000,571229,46.88
14/04/2011,-200,-24000000,120(0.00 %),0,0,200,24000000,571429,46.88
15/04/2011,150,18000000,120(0.00 %),150,18000000,0,0,571279,46.88
18/04/2011,-4860,-578250000,118(-1.67 %),9340,1102120000,14200,1680370000,576139,46.86
19/04/2011,0,0,118(0.00 %),0,0,0,0,576139,46.86
20/04/2011,300,35400000,119(0.85 %),22110,2608980000,21810,2573580000,575839,46.86
21/04/2011,0,0,120(0.84 %),0,0,0,0,575839,46.86
22/04/2011,1010,120210000,120(0.00 %),1090,129810000,80,9600000,574829,46.86
25/04/2011,19200,2285000000,120(0.00 %),20200,2404000000,1000,119000000,555629,46.94
26/04/2011,-360,-41480000,119(-0.83 %),1640,194520000,2000,236000000,555989,46.93
27/04/2011,18290,2188690000,120(0.84 %),28120,3358460000,9830,1169770000,537699,47.0
28/04/2011,8850,1062300000,120(0.00 %),9850,1180300000,1000,118000000,528849,47.03
29/04/2011,3910,469200000,121(0.83 %),3910,469200000,0,0,524939,47.05
04/05/2011,5240,634040000,121(0.00 %),15290,1850090000,10050,1216050000,557280,46.93
05/05/2011,17060,2064100000,125(3.31 %),27060,3274100000,10000,1210000000,540220,46.99
06/05/2011,6520,809600000,125(0.00 %),15150,1888350000,8630,1078750000,533700,47.02
09/05/2011,10290,1298310000,127(1.60 %),10290,1298310000,0,0,523410,47.06
10/05/2011,-6950,-870680000,124(-2.36 %),50,6200000,7000,876880000,530360,47.03
11/05/2011,1760,220000000,125(0.81 %),1780,222500000,20,2500000,528600,47.04
12/05/2011,8090,1011250000,125(0.00 %),8190,1023750000,100,12500000,520510,47.07
13/05/2011,18910,2363950000,125(0.00 %),18910,2363950000,0,0,501600,47.14
16/05/2011,9360,1170000000,125(0.00 %),9560,1195000000,200,25000000,492240,47.17
17/05/2011,7970,1001140000,126(0.80 %),8920,1119890000,950,118750000,484270,47.2
18/05/2011,1230,154030000,126(0.00 %),1230,154030000,0,0,483040,47.21
19/05/2011,2730,342960000,125(-0.79 %),3930,495160000,1200,152200000,480310,47.22
20/05/2011,5360,670070000,125(0.00 %),15360,1920070000,10000,1250000000,474950,47.24
23/05/2011,8470,1007570000,119(-4.80 %),20190,2403750000,11720,1396180000,466480,47.27
24/05/2011,-16780,-1915670000,114(-4.20 %),59660,6804930000,76440,8720600000,483260,47.2
25/05/2011,9490,1040000000,109(-4.39 %),29490,3240000000,20000,2200000000,473770,47.24
26/05/2011,1390,146010000,110(0.92 %),2290,244110000,900,98100000,472380,47.24
27/05/2011,-9570,-1072760000,113(2.73 %),5500,616000000,15070,1688760000,481950,47.21
30/05/2011,3980,455630000,114(0.88 %),22070,2517070000,18090,2061440000,477970,47.22
31/05/2011,-1360,-155200000,113(-0.88 %),23720,2682080000,25080,2837280000,479330,47.22
01/06/2011,170,19550000,115(1.77 %),190,21850000,20,2300000,446490,47.34
02/06/2011,-4660,-538910000,115(0.00 %),0,0,4660,538910000,451150,47.32
03/06/2011,720,83970000,115(0.00 %),1920,221820000,1200,137850000,450430,47.33
06/06/2011,1950,221910000,113(-1.74 %),4650,527050000,2700,305140000,448480,47.33
07/06/2011,-8970,-1033500000,114(0.88 %),12690,1449560000,21660,2483060000,457450,47.3
08/06/2011,570,64380000,113(-0.88 %),11660,1317950000,11090,1253570000,456880,47.3
09/06/2011,-4500,-508230000,113(0.00 %),26400,2983470000,30900,3491700000,461380,47.29
10/06/2011,1150,131100000,117(3.54 %),1150,131100000,0,0,460230,47.29
13/06/2011,-4450,-529710000,119(1.71 %),80,9360000,4530,539070000,464680,47.27
14/06/2011,-2060,-243080000,118(-0.84 %),0,0,2060,243080000,466740,47.27
15/06/2011,6650,784700000,119(0.85 %),11650,1374700000,5000,590000000,460090,47.75
16/06/2011,2800,335670000,120(0.84 %),2800,335670000,0,0,457290,47.76
17/06/2011,5940,708490000,120(0.00 %),10250,1230000000,4310,521510000,451350,47.78
20/06/2011,550,66620000,121(0.83 %),800,96800000,250,30180000,450800,47.78
21/06/2011,-2420,-289600000,123(1.65 %),0,0,2420,289600000,453220,47.77
22/06/2011,9790,1259760000,125(1.63 %),63090,8031620000,53300,6771860000,443430,47.81
23/06/2011,-6300,-791450000,127(1.60 %),100,12600000,6400,804050000,449730,47.78
24/06/2011,40640,5194960000,128(0.79 %),53830,6883180000,13190,1688220000,409090,47.94
27/06/2011,41650,5306350000,127(-0.78 %),41960,5345540000,310,39190000,367440,48.09
28/06/2011,-11130,-612715000,55.5(4.91 %),19650,1090575000,30780,1703290000,378570,48.05
29/06/2011,-4490,-255880000,57(2.70 %),25510,1454120000,30000,1710000000,383060,48.03
30/06/2011,0,0,57(0.00 %),0,0,0,0,383060,48.03
01/07/2011,3730,213075000,56.5(-0.88 %),4660,265620000,930,52545000,483040,47.66
04/07/2011,10550,596075000,57(0.88 %),10550,596075000,0,0,472490,47.7
05/07/2011,1060,59920000,56.5(-0.88 %),1060,59920000,0,0,471430,47.7
06/07/2011,9940,564090000,56.5(0.00 %),9940,564090000,0,0,461490,47.74
07/07/2011,16390,929640000,57(0.88 %),16920,959805000,530,30165000,445100,47.8
08/07/2011,15830,903875000,57.5(0.88 %),15830,903875000,0,0,429270,47.86
11/07/2011,750,43175000,57(-0.87 %),750,43175000,0,0,428520,47.86
12/07/2011,-8170,-448195000,55(-3.51 %),12000,663000000,20170,1111195000,436690,47.83
13/07/2011,520,30090000,55(0.00 %),14950,825250000,14430,795160000,436170,47.83
14/07/2011,-150,-8750000,55.5(0.91 %),850,46750000,1000,55500000,436320,47.83
15/07/2011,-2590,-146095000,56.5(1.80 %),1410,78905000,4000,225000000,438910,47.82
18/07/2011,35050,1989335000,57.5(1.77 %),45920,2612360000,10870,623025000,403860,47.95
19/07/2011,4660,271050000,57.5(0.00 %),32060,1851550000,27400,1580500000,399200,47.97
20/07/2011,3160,184030000,57(-0.87 %),5890,339640000,2730,155610000,396040,47.54
21/07/2011,740,42180000,56(-1.75 %),740,42180000,0,0,395300,47.54
22/07/2011,39140,2267105000,58.5(4.46 %),39180,2269445000,40,2340000,356160,47.69
25/07/2011,1170,68445000,57.5(-1.71 %),1170,68445000,0,0,354990,47.69
26/07/2011,1950,114950000,59(2.61 %),1950,114950000,0,0,353040,47.7
27/07/2011,-8760,-528100000,60.5(2.54 %),1240,74400000,10000,602500000,361800,47.67
28/07/2011,0,0,61(0.83 %),0,0,0,0,361800,47.67
29/07/2011,1770,107970000,60(-1.64 %),3060,186660000,1290,78690000,360030,47.67
01/08/2011,400,24000000,59.5(-0.83 %),1000,60000000,600,36000000,414790,47.47
02/08/2011,1250,73250000,57.5(-3.36 %),2560,150540000,1310,77290000,413540,47.48
03/08/2011,-1280,-73455000,57.5(0.00 %),1540,87285000,2820,160740000,414820,47.47
04/08/2011,0,0,58(0.87 %),0,0,0,0,414820,47.47
05/08/2011,2410,137630000,57(-1.72 %),30240,1749600000,27830,1611970000,412410,47.48
08/08/2011,-4190,-226030000,55.5(-2.63 %),31010,1757000000,35200,1983030000,416600,116.04
09/08/2011,-8970,-474185000,53.5(-3.60 %),18150,973225000,27120,1447410000,425570,116.01
10/08/2011,5600,312100000,56(4.67 %),5600,312100000,0,0,419970,116.03
11/08/2011,18190,1004990000,55.5(-0.89 %),25000,1382945000,6810,377955000,401780,116.09
12/08/2011,7020,393070000,56(0.90 %),52120,2918670000,45100,2525600000,394760,116.12
15/08/2011,18460,1038760000,57(1.79 %),18460,1038760000,0,0,376300,116.19
16/08/2011,10500,596585000,59(3.51 %),24460,1410585000,13960,814000000,365800,116.23
17/08/2011,15820,950190000,60.5(2.54 %),25960,1563590000,10140,613400000,349980,48.46
18/08/2011,12260,745835000,61(0.83 %),17500,1067855000,5240,322020000,337720,48.48
19/08/2011,13630,817340000,61(0.00 %),53630,3217340000,40000,2400000000,324090,48.5
22/08/2011,-13390,-809755000,60(-1.64 %),3840,232660000,17230,1042415000,337480,48.48
23/08/2011,11970,721910000,60.5(0.83 %),11970,721910000,0,0,325510,48.5
24/08/2011,26680,1606025000,60(-0.83 %),53680,3226025000,27000,1620000000,298830,48.54
25/08/2011,15440,889080000,58(1.75 %),22400,1292760000,6960,403680000,283390,48.57
26/08/2011,33570,1966990000,58.5(0.86 %),54570,3196990000,21000,1230000000,249820,48.62
29/08/2011,41330,2421825000,59(0.85 %),72130,4224875000,30800,1803050000,208490,48.68
30/08/2011,34720,2057830000,59(0.00 %),61420,3641130000,26700,1583300000,173770,48.73
31/08/2011,42250,2490000000,59(0.00 %),100690,5935460000,58440,3445460000,131520,48.8
01/09/2011,12150,716105000,59(0.00 %),21840,1288560000,9690,572455000,749861,47.85
05/09/2011,32950,1943625000,59(0.00 %),49950,2947050000,17000,1003425000,716911,47.9
06/09/2011,70190,4141510000,59(0.00 %),261290,15335910000,191100,11194400000,646721,48.01
07/09/2011,30040,1770660000,60(1.69 %),145090,8588506000,115050,6817846000,616681,48.05
08/09/2011,5370,320720000,60.5(0.83 %),170930,10296954000,165560,9976234000,611311,48.06
09/09/2011,42540,2574120000,60.5(0.00 %),214090,12967827000,171550,10393707000,568771,48.13
12/09/2011,5190,312505000,60(-0.83 %),6890,414405000,1700,101900000,563581,48.14
13/09/2011,70501,4228310000,60.5(0.83 %),118101,7101160000,47600,2872850000,493080,48.24
14/09/2011,7250,433400000,59.5(-1.65 %),65650,3948085000,58400,3514685000,485830,48.25
15/09/2011,-9540,-553510000,59(-0.84 %),50250,2951850000,59790,3505360000,495370,48.24
16/09/2011,1360,81055000,59(0.00 %),7350,434925000,5990,353870000,494010,48.24
19/09/2011,7470,441965000,59.5(0.85 %),7470,441965000,0,0,486540,48.25
20/09/2011,32500,1934175000,60(0.84 %),32500,1934175000,0,0,454040,48.3
21/09/2011,53330,3197625000,60(0.00 %),53440,3204225000,110,6600000,400710,48.39
22/09/2011,2000,131150000,60(0.00 %),59700,3600950000,57700,3469800000,398710,48.39
23/09/2011,7160,433165000,60.5(0.83 %),7160,433165000,0,0,391550,48.4
26/09/2011,45770,2782685000,61(0.83 %),53960,3280430000,8190,497745000,345780,48.47
27/09/2011,25170,1543270000,61.5(0.82 %),47070,2875920000,21900,1332650000,320610,48.51
28/09/2011,30040,1894840000,64.5(4.88 %),34770,2189765000,4730,294925000,290570,48.55
29/09/2011,-13400,-870220000,65.5(1.55 %),2650,171175000,16050,1041395000,303970,48.53
30/09/2011,100,18380000,66.5(1.53 %),26370,1792215000,26270,1773835000,303870,48.53
03/10/2011,-10240,-706270000,69.5(4.51 %),3460,238530000,13700,944800000,360610,48.45
04/10/2011,-12170,-821280000,66.5(-4.32 %),0,0,12170,821280000,372780,48.43
05/10/2011,-14700,-947835000,65(-2.26 %),108570,7130870000,123270,8078705000,387480,48.41
06/10/2011,-4080,-265650000,66(1.54 %),7500,487500000,11580,753150000,391560,48.4
07/10/2011,21600,1454400000,68(3.03 %),21600,1454400000,0,0,369960,48.43
10/10/2011,-140,-9380000,66(-2.94 %),10,670000,150,10050000,370100,48.43
11/10/2011,8160,550165000,68(3.03 %),15000,1004445000,6840,454280000,361940,48.44
12/10/2011,10400,711400000,67(-1.47 %),10400,711400000,0,0,351540,48.46
13/10/2011,0,0,66.5(-0.75 %),0,0,0,0,351540,48.46
14/10/2011,75070,4993372000,67(0.75 %),75070,4993372000,0,0,276470,48.58
17/10/2011,9350,629515000,66.5(-0.75 %),9350,629515000,0,0,267120,48.59
18/10/2011,620,36560000,65(-2.26 %),8920,579800000,8300,543240000,266500,48.59
19/10/2011,10710,699790000,65(0.00 %),10710,699790000,0,0,255790,48.61
20/10/2011,-1240,-81500000,65(0.00 %),4760,309400000,6000,390900000,257030,48.61
21/10/2011,7570,496300000,66(1.54 %),7570,496300000,0,0,249460,48.62
24/10/2011,-171390,-11144000000,65(-1.52 %),15340,1007940000,186730,12151940000,420850,48.35
25/10/2011,-88314,-5740410000,65(0.00 %),21030,1367450000,109344,7107860000,509164,48.22
26/10/2011,64850,4280230000,65.5(0.77 %),71550,4718080000,6700,437850000,444314,48.32
27/10/2011,7680,499200000,65(-0.76 %),8780,570700000,1100,71500000,436634,48.33
28/10/2011,10800,723125000,65.5(0.77 %),10850,726500000,50,3375000,425834,48.35
31/10/2011,-11900,-783050000,66(0.76 %),2860,189830000,14760,972880000,437734,48.33
01/11/2011,119000,7973000000,67(1.52 %),120000,8040000000,1000,67000000,479122,48.26
02/11/2011,97900,6613580000,66.5(-0.75 %),152360,10256620000,54460,3643040000,381222,48.42
03/11/2011,34900,2330850000,65.5(-1.50 %),35000,2337500000,100,6650000,346322,48.47
04/11/2011,13010,856165000,66(0.76 %),94560,6221490000,81550,5365325000,333312,48.49
07/11/2011,-5320,-351725000,66.5(0.76 %),10310,685670000,15630,1037395000,338632,48.48
08/11/2011,8300,548000000,66(-0.75 %),129410,8601815000,121110,8053815000,330332,48.49
09/11/2011,-450,-29700000,66(0.00 %),11020,727320000,11470,757020000,330782,48.49
10/11/2011,900,59400000,65(-1.52 %),1100,72700000,200,13300000,329882,48.49
11/11/2011,9410,618865000,65.5(0.77 %),34590,2269225000,25180,1650360000,320472,48.51
14/11/2011,21410,1422240000,66.5(1.53 %),57140,3789620000,35730,2367380000,299062,48.54
15/11/2011,1790,120260000,65(-2.26 %),20570,1346835000,18780,1226575000,297272,48.54
16/11/2011,-6730,-436515000,65(0.00 %),8450,551300000,15180,987815000,304002,48.53
17/11/2011,-10420,-654540000,62.5(-2.34 %),78990,5134350000,89410,5788890000,314422,48.52
18/11/2011,-34410,-2049675000,59.5(-4.80 %),32740,1970130000,67150,4019805000,348832,48.46
21/11/2011,3320,197070000,59.5(0.00 %),12230,726915000,8910,529845000,345512,48.47
22/11/2011,105220,6313310000,60(0.84 %),307220,18633310000,202000,12320000000,240292,48.63
23/11/2011,1640,98690000,60.5(0.83 %),1650,99300000,10,610000,238652,48.63
24/11/2011,0,0,60.5(0.00 %),40000,2371680000,40000,2371680000,238652,48.63
25/11/2011,930,57050000,59(-2.48 %),2630,157750000,1700,100700000,237722,48.64
28/11/2011,-4420,-261135000,59(0.00 %),2900,172300000,7320,433435000,242142,48.63
29/11/2011,-17680,-1032930000,58.5(-0.85 %),1350,79275000,19030,1112205000,259822,48.6
30/11/2011,1820,106505000,58(-0.85 %),7220,422920000,5400,316415000,258002,48.6
01/12/2011,-7850,-453020000,57.5(-0.86 %),36275,2055288000,44125,2508308000,123162,48.81
02/12/2011,560,31190000,57.5(0.00 %),4170,237825000,3610,206635000,122602,48.81
05/12/2011,-3690,-214045000,58(0.87 %),50,2875000,3740,216920000,126292,48.81
06/12/2011,-240,-13935000,58(0.00 %),14400,835200000,14640,849135000,126532,48.81
07/12/2011,560,32810000,58(0.00 %),47000,2742410000,46440,2709600000,125972,48.81
08/12/2011,230,12850000,57.5(-0.86 %),1500,86450000,1270,73600000,125742,48.81
09/12/2011,30,1725000,57.5(0.00 %),30,1725000,0,0,125712,48.81
12/12/2011,1210,69520000,57(-0.87 %),15430,880560000,14220,811040000,124502,48.81
13/12/2011,-7030,-391310000,55.5(-2.63 %),750,41625000,7780,432935000,131532,48.8
14/12/2011,16140,917195000,58(4.50 %),21140,1207195000,5000,290000000,115392,48.82
15/12/2011,-5760,-317130000,57.5(-0.86 %),20630,1177700000,26390,1494830000,121152,48.81
16/12/2011,19250,1132375000,58.5(1.74 %),85100,4962085000,65850,3829710000,101902,48.84
19/12/2011,8700,507505000,58(-0.85 %),17480,1019280000,8780,511775000,93202,48.86
20/12/2011,-810,-46580000,57.5(-0.86 %),0,0,810,46580000,94012,48.86
21/12/2011,330,19195000,57(-0.87 %),6610,382315000,6280,363120000,93682,48.86
22/12/2011,-7200,-393600000,54.5(-4.39 %),0,0,7200,393600000,100882,48.85
23/12/2011,240,13680000,56(2.75 %),1150,61040000,910,47360000,100642,48.85
26/12/2011,870,48175000,56.5(0.89 %),46638,2634067000,45768,2585892000,99772,48.85
27/12/2011,-1050,-57750000,55(-2.65 %),60,3310000,1110,61060000,100822,48.85
28/12/2011,-3540,-192355000,55(0.00 %),17340,958950000,20880,1151305000,104362,48.84
29/12/2011,-2070,-112775000,55(0.00 %),16330,897210000,18400,1009985000,106432,48.84
30/12/2011,-6890,-387040000,56(1.82 %),6110,336960000,13000,724000000,113322,48.83
03/01/2012,0,0,56(0.00 %),0,0,0,0,100642,48.85
04/01/2012,5500,308250000,56(0.00 %),5500,308250000,0,0,95142,48.85
05/01/2012,0,0,55.5(-0.89 %),0,0,0,0,95142,48.85
06/01/2012,1910,104370000,54(-2.70 %),62400,3383178000,60490,3278808000,93232,48.86
09/01/2012,3420,181260000,55(1.85 %),4430,235500000,1010,54240000,89812,48.86
10/01/2012,-1820,-90250000,57(3.64 %),8620,469950000,10440,560200000,91632,48.86
11/01/2012,9010,510010000,56.5(-0.88 %),16990,964870000,7980,454860000,82622,48.87
12/01/2012,-3090,-167945000,55(-2.65 %),16370,894240000,19460,1062185000,85712,48.87
13/01/2012,9440,530670000,57(3.64 %),45150,2543640000,35710,2012970000,76272,48.88
16/01/2012,0,0,58(1.75 %),0,0,0,0,76272,48.88
17/01/2012,4130,234905000,57(-1.72 %),4130,234905000,0,0,72142,48.89
18/01/2012,5310,301230000,56.5(-0.88 %),25830,1470870000,20520,1169640000,66832,48.9
19/01/2012,90,5130000,57(0.88 %),80090,4602090000,80000,4596960000,66742,48.9
20/01/2012,2260,131590000,58(1.75 %),35570,2061915000,33310,1930325000,64482,48.9
30/01/2012,10620,627375000,59.5(2.59 %),10620,627375000,0,0,53862,48.92
31/01/2012,4740,285435000,60.5(1.68 %),4790,288435000,50,3000000,49122,48.92
01/02/2012,6390,391875000,61.5(1.65 %),6390,391875000,0,0,93992,48.86
02/02/2012,-5270,-326925000,62(0.81 %),100010,6250625000,105280,6577550000,99262,48.85
03/02/2012,3500,222830000,62(0.00 %),6960,437350000,3460,214520000,95762,48.85
06/02/2012,-1630,-96985000,59.5(-4.03 %),2360,142920000,3990,239905000,97392,48.85
07/02/2012,190,11380000,59(-0.84 %),190,11380000,0,0,97202,48.85
08/02/2012,2780,168560000,61.5(4.24 %),2780,168560000,0,0,94422,48.86
09/02/2012,1700,103700000,60.5(-1.63 %),2020,123220000,320,19520000,92722,48.86
10/02/2012,1700,104250000,60.5(0.00 %),2650,161725000,950,57475000,91022,48.86
13/02/2012,5790,354590000,62(2.48 %),5950,364270000,160,9680000,85232,48.87
14/02/2012,600,36600000,62(0.00 %),600,36600000,0,0,84632,48.87
15/02/2012,9390,582590000,61(-1.61 %),16590,1022290000,7200,439700000,75242,48.88
16/02/2012,2650,162940000,61.5(0.82 %),6150,376440000,3500,213500000,72592,48.89
17/02/2012,13430,836150000,63.5(3.25 %),23430,1456275000,10000,620125000,59162,48.91
20/02/2012,14850,966770000,66(3.94 %),14850,966770000,0,0,44312,48.93
21/02/2012,28590,1858590000,63(-4.55 %),31830,2069230000,3240,210640000,15722,48.98
22/02/2012,-3510,-222795000,63.5(0.79 %),2720,174640000,6230,397435000,19232,48.97
23/02/2012,-8490,-533195000,63(-0.79 %),4050,255100000,12540,788295000,27722,48.96
24/02/2012,3790,239815000,62.5(-0.79 %),43010,2746470000,39220,2506655000,23932,48.96
27/02/2012,-6770,-421735000,62.5(0.00 %),3330,211455000,10100,633190000,30702,48.95
28/02/2012,210,17865000,61(-2.40 %),45560,2886815000,45350,2868950000,30492,48.95
29/02/2012,1070,66320000,62(1.64 %),3510,217075000,2440,150755000,29422,48.95
01/03/2012,3930,247235000,61.5(-0.81 %),10140,632660000,6210,385425000,1742,49.0
02/03/2012,2070,137660000,62(0.81 %),81870,5195960000,79800,5058300000,0,49.0
05/03/2012,5920,381865000,65(4.84 %),6000,386945000,80,5080000,22,49.0
06/03/2012,760,48095000,63(-3.08 %),102460,6654980000,101700,6606885000,0,49.0
07/03/2012,6190,391800000,63.5(0.79 %),76190,4941800000,70000,4550000000,22,49.0
08/03/2012,-3780,-212905000,60.5(-4.72 %),59820,3878710000,63600,4091615000,3802,48.99
09/03/2012,0,0,62.5(3.31 %),0,0,0,0,3802,48.99
12/03/2012,1780,112140000,62.5(0.00 %),21780,1422140000,20000,1310000000,2022,49.0
13/03/2012,-1270,-79120000,62.5(0.00 %),120000,7860000000,121270,7939120000,3292,48.99
14/03/2012,11100,729000000,62(-0.80 %),13600,884000000,2500,155000000,0,49.01
15/03/2012,-2500,-156250000,63(1.61 %),0,0,2500,156250000,9,49.0
16/03/2012,-3700,-233100000,63(0.00 %),0,0,3700,233100000,3709,48.99
19/03/2012,1270,82550000,62.5(-0.79 %),1270,82550000,0,0,2439,49.0
20/03/2012,-2100,-125290000,63(0.80 %),35270,2306435000,37370,2431725000,4539,48.99
21/03/2012,-1500,-93600000,63(0.00 %),2500,151250000,4000,244850000,6039,48.99
22/03/2012,-1930,-116985000,63(0.00 %),3700,238650000,5630,355635000,7969,48.99
23/03/2012,-4000,-248000000,64.5(2.38 %),20000,1320000000,24000,1568000000,11969,48.98
26/03/2012,4600,303600000,64.5(0.00 %),4600,303600000,0,0,7369,48.99
27/03/2012,4000,260000000,64(-0.78 %),4000,260000000,0,0,3369,48.99
28/03/2012,5030,327550000,64(0.00 %),5630,365950000,600,38400000,0,49.0
29/03/2012,-4760,-303320000,64(0.00 %),4000,256000000,8760,559320000,4009,48.99
30/03/2012,0,0,64(0.00 %),0,0,0,0,4009,48.99
03/04/2012,0,0,64(0.00 %),0,0,0,0,9,49.0
04/04/2012,600,38390000,63(-1.56 %),600,38390000,0,0,0,49.0
05/04/2012,7490,489390000,63(0.00 %),8760,569400000,1270,80010000,8769,48.99
06/04/2012,0,0,63(0.00 %),0,0,0,0,8769,48.99
09/04/2012,0,0,63(0.00 %),30000,1920000000,30000,1920000000,8769,48.99
10/04/2012,0,0,63(0.00 %),50000,3300000000,50000,3300000000,8769,48.99
11/04/2012,1270,82550000,64(1.59 %),1270,82550000,0,0,7499,48.99
12/04/2012,-50,-3180000,63.5(-0.78 %),10,630000,60,3810000,7549,48.99
13/04/2012,0,0,63.5(0.00 %),30000,1980000000,30000,1980000000,7549,48.99
16/04/2012,0,0,64(0.79 %),50000,3225000000,50000,3225000000,7549,48.99
17/04/2012,-2790,-175770000,63(-1.56 %),0,0,2790,175770000,10339,48.98
18/04/2012,-3070,-193360000,62.5(-0.79 %),60,3780000,3130,197140000,13409,48.98
19/04/2012,-5920,-367275000,62(-0.80 %),10,625000,5930,367900000,19329,48.97
20/04/2012,-370,-23125000,62(0.00 %),50000,3250000000,50370,3273125000,19699,48.97
23/04/2012,2790,178560000,61(-1.61 %),52790,3303560000,50000,3125000000,16909,48.97
24/04/2012,-1420,-86680000,62(1.64 %),3130,190930000,4550,277610000,18329,48.97
25/04/2012,5930,382485000,62.5(0.81 %),5930,382485000,0,0,12399,48.98
26/04/2012,-4630,-287060000,62(-0.80 %),370,22940000,5000,310000000,17029,48.97
27/04/2012,0,0,62.5(0.81 %),48000,3120000000,48000,3120000000,17029,48.97
02/05/2012,4550,277550000,62(-0.80 %),4550,277550000,0,0,4551,48.99
03/05/2012,0,0,61.5(-0.81 %),0,0,0,0,4551,48.99
04/05/2012,5000,312500000,61.5(0.00 %),185000,11652500000,180000,11340000000,0,49.0
07/05/2012,-2000,-122000000,61.5(0.00 %),0,0,2000,122000000,5,49.0
08/05/2012,0,0,61.5(0.00 %),0,0,0,0,5,49.0
09/05/2012,-1590,-96200000,63(2.44 %),0,0,1590,96200000,1595,49.0
10/05/2012,-2480,-153760000,62(-1.59 %),0,0,2480,153760000,4075,48.99
11/05/2012,2000,126000000,63(1.61 %),2000,126000000,0,0,2075,49.0
14/05/2012,0,0,62.5(-0.79 %),0,0,0,0,2075,49.0
15/05/2012,1160,72500000,60(-4.00 %),1590,99375000,430,26875000,915,49.0
16/05/2012,2480,153760000,59.5(-0.83 %),102480,6353760000,100000,6200000000,0,49.0
17/05/2012,-1410,-81780000,60.5(1.68 %),0,0,1410,81780000,9,49.0
18/05/2012,-7030,-415800000,60(-0.83 %),190000,12065000000,197030,12480800000,7039,48.99
21/05/2012,-8040,-483900000,63(5.00 %),430,25800000,8470,509700000,15079,48.98
22/05/2012,0,0,61(-3.17 %),100000,6600000000,100000,6600000000,15079,48.98
23/05/2012,1410,86010000,60(-1.64 %),1410,86010000,0,0,13669,48.98
24/05/2012,7030,435860000,60(0.00 %),7030,435860000,0,0,6639,48.99
25/05/2012,8470,516670000,59(-1.67 %),8470,516670000,0,0,0,49.0
28/05/2012,0,0,60(1.69 %),100000,6100000000,100000,6100000000,9,49.0
29/05/2012,0,0,60(0.00 %),0,0,0,0,9,49.0
30/05/2012,0,0,60(0.00 %),0,0,0,0,9,49.0
31/05/2012,-4290,-264600000,62(3.33 %),0,0,4290,264600000,4299,48.99
01/06/2012,0,0,60(-3.23 %),100000,6500000000,100000,6500000000,9,49.0
04/06/2012,0,0,58.5(-2.50 %),0,0,0,0,9,49.0
05/06/2012,-2400,-139200000,58.5(0.00 %),0,0,2400,139200000,2409,49.0
06/06/2012,4290,244530000,60(2.56 %),4290,244530000,0,0,0,49.0
07/06/2012,0,0,60(0.00 %),0,0,0,0,9,49.0
08/06/2012,0,0,60(1.69 %),0,0,0,0,9,49.0
11/06/2012,2400,150000000,60(0.00 %),2400,150000000,0,0,0,49.0
12/06/2012,-3190,-187760000,58.5(-2.50 %),0,0,3190,187760000,9,49.0
13/06/2012,0,0,59(0.85 %),0,0,0,0,9,49.0
14/06/2012,0,0,59(0.00 %),0,0,0,0,9,49.0
15/06/2012,0,0,59(0.00 %),0,0,0,0,9,49.0
18/06/2012,3190,194590000,60(1.69 %),3190,194590000,0,0,0,49.0
19/06/2012,0,0,60(0.00 %),0,0,0,0,9,49.0
20/06/2012,0,0,59(-1.67 %),0,0,0,0,9,49.0
21/06/2012,0,0,59.5(0.85 %),0,0,0,0,9,49.0
22/06/2012,10,585000,59(-0.84 %),10,585000,0,0,0,49.0
25/06/2012,-30,-1740000,58(-1.69 %),199970,12298155000,200000,12299895000,8,49.0
26/06/2012,-2250,-130500000,58(0.00 %),0,0,2250,130500000,2258,49.0
27/06/2012,0,0,58(0.00 %),0,0,0,0,2258,49.0
28/06/2012,91460,5538930000,60.5(4.31 %),98000,5929000000,6540,390070000,0,49.29
29/06/2012,30,1830000,63.5(4.96 %),30,1830000,0,0,8,49.15
02/07/2012,1150,76325000,60.5(-4.72 %),2250,142875000,1100,66550000,8,49.15
03/07/2012,-720,-42510000,60.5(0.00 %),0,0,720,42510000,728,49.15
04/07/2012,6540,405480000,59(-2.48 %),6540,405480000,0,0,0,49.16
05/07/2012,0,0,59(0.00 %),0,0,0,0,8,49.15
06/07/2012,1100,67100000,59(0.00 %),1100,67100000,0,0,0,49.15
09/07/2012,-4240,-243065000,57(-3.39 %),720,43200000,4960,286265000,8,49.15
10/07/2012,-17790,-1016030000,59(3.51 %),0,0,17790,1016030000,17798,49.12
11/07/2012,0,0,58(-1.69 %),0,0,0,0,17798,49.12
12/07/2012,-240,-13920000,59.5(2.59 %),0,0,240,13920000,18038,49.12
13/07/2012,4960,305040000,60(0.84 %),67440,4178800000,62480,3873760000,13078,49.13
16/07/2012,17790,1102980000,59.5(-0.83 %),17790,1102980000,0,0,0,49.16
17/07/2012,-5340,-323070000,59.5(0.00 %),128368,7958816000,133708,8281886000,8,49.15
18/07/2012,250,15000000,59.5(0.00 %),20250,1255000000,20000,1240000000,0,49.15
19/07/2012,0,0,59.5(0.00 %),0,0,0,0,5,49.15
20/07/2012,0,0,60.5(1.68 %),0,0,0,0,5,49.15
23/07/2012,3340,207080000,60.5(0.00 %),5340,331080000,2000,124000000,0,49.16
24/07/2012,-740,-43660000,60.5(0.00 %),0,0,740,43660000,5,49.15
25/07/2012,0,0,60.5(0.00 %),0,0,0,0,5,49.15
26/07/2012,0,0,60.5(0.00 %),0,0,0,0,5,49.15
27/07/2012,1310,78220000,63(4.13 %),2000,121000000,690,42780000,0,49.15
30/07/2012,-260,-16380000,63(0.00 %),390514,25771704000,390774,25788084000,5,49.15
31/07/2012,-1040,-64480000,62(-1.59 %),0,0,1040,64480000,1045,49.15
01/08/2012,0,0,62(0.00 %),0,0,0,0,5,49.15
02/08/2012,-690,-42585000,62(0.00 %),690,42780000,1380,85365000,695,49.15
03/08/2012,-500,-31250000,62.5(0.81 %),1000,62000000,1500,93250000,1195,49.15
06/08/2012,80,7900000,63.5(1.60 %),1040,66040000,960,58140000,1115,49.15
07/08/2012,-1140,-71820000,63(-0.79 %),0,0,1140,71820000,2255,49.15
08/08/2012,1380,88320000,64(1.59 %),1380,88320000,0,0,875,49.15
09/08/2012,870,55995000,64.5(0.78 %),1500,96000000,630,40005000,5,49.15
10/08/2012,-1410,-90730000,64(-0.78 %),960,61920000,2370,152650000,1415,49.15
13/08/2012,-8860,-564400000,63.5(-0.78 %),1140,74100000,10000,638500000,10275,49.13
14/08/2012,-10800,-702000000,64(0.79 %),0,0,10800,702000000,21075,49.12
15/08/2012,630,40950000,65(1.56 %),630,40950000,0,0,20445,49.12
16/08/2012,2370,156420000,68(4.62 %),2370,156420000,0,0,18075,49.12
17/08/2012,4260,302460000,71(4.41 %),10000,710000000,5740,407540000,13815,49.13
20/08/2012,10780,803110000,74.5(4.93 %),10800,804600000,20,1490000,3035,49.15
21/08/2012,-1200,-85200000,72.5(-2.68 %),1085199,81389925000,1086399,81475125000,4235,49.14
22/08/2012,-1000,-69000000,69(-4.83 %),0,0,1000,69000000,5235,49.14
23/08/2012,5740,398930000,66(-4.35 %),5740,398930000,0,0,0,49.15
24/08/2012,0,0,69(4.55 %),0,0,0,0,25,49.15
27/08/2012,220,16120000,70(1.45 %),1220,86620000,1000,70500000,0,49.15
28/08/2012,-4960,-362240000,73.5(5.00 %),1000,72000000,5960,434240000,5,49.0
29/08/2012,-1620,-116640000,73.5(0.00 %),30000,2310000000,31620,2426640000,1625,49.0
30/08/2012,0,0,73.5(0.00 %),0,0,0,0,1625,49.0
31/08/2012,1000,75000000,74(0.68 %),1000,75000000,0,0,625,49.0
04/09/2012,-1880,-131545000,74(0.00 %),5960,455940000,7840,587485000,9,49.0
05/09/2012,-4940,-359200000,73(-1.35 %),1620,123120000,6560,482320000,4949,48.99
06/09/2012,-9100,-664300000,73(0.00 %),0,0,9100,664300000,14049,48.98
07/09/2012,0,0,74(1.37 %),0,0,0,0,14049,48.98
10/09/2012,7840,595840000,75(1.35 %),7840,595840000,0,0,6209,48.99
11/09/2012,1760,132880000,75(0.00 %),6560,495280000,4800,362400000,4449,48.99
12/09/2012,9100,691600000,76(1.33 %),9100,691600000,0,0,0,49.01
13/09/2012,-2590,-192255000,74(-2.63 %),0,0,2590,192255000,9,49.0
14/09/2012,0,0,73(-1.35 %),0,0,0,0,9,49.0
17/09/2012,4800,364800000,73(0.00 %),4800,364800000,0,0,0,49.01
18/09/2012,0,0,75(2.74 %),0,0,0,0,9,49.0
19/09/2012,2590,190365000,75(0.00 %),2590,190365000,0,0,0,49.0
20/09/2012,0,0,72.5(-3.33 %),0,0,0,0,9,49.0
21/09/2012,0,0,73(0.69 %),0,0,0,0,9,49.0
24/09/2012,0,0,74(1.37 %),0,0,0,0,9,49.0
25/09/2012,-1450,-106095000,73.5(-0.68 %),0,0,1450,106095000,1459,49.0
26/09/2012,0,0,72.5(-1.36 %),0,0,0,0,1459,49.0
27/09/2012,-480,-34560000,74(2.07 %),24170,1788580000,24650,1823140000,1939,49.0
28/09/2012,0,0,73(-1.35 %),0,0,0,0,1939,49.0
01/10/2012,1450,108750000,71(-2.74 %),1450,108750000,0,0,9,49.0
02/10/2012,0,0,72(1.41 %),0,0,0,0,9,49.0
03/10/2012,-10910,-760790000,69.5(-3.47 %),480,34560000,11390,795350000,10919,48.98
04/10/2012,0,0,71(2.16 %),0,0,0,0,10919,48.98
05/10/2012,0,0,71(0.00 %),0,0,0,0,10919,48.98
08/10/2012,0,0,72.5(2.11 %),0,0,0,0,10919,48.98
09/10/2012,11390,854250000,74(2.07 %),11390,854250000,0,0,0,49.0
10/10/2012,0,0,73.5(-0.68 %),0,0,0,0,9,49.0
11/10/2012,0,0,73.5(0.00 %),0,0,0,0,9,49.0
12/10/2012,0,0,73.5(0.00 %),0,0,0,0,9,49.0
15/10/2012,-10000,-720765000,71(-3.40 %),0,0,10000,720765000,10009,48.98
16/10/2012,0,0,72.5(2.11 %),0,0,0,0,10009,48.98
17/10/2012,-240,-17400000,73(0.69 %),0,0,240,17400000,10249,48.98
18/10/2012,-2400,-170400000,71(-2.74 %),0,0,2400,170400000,12649,48.98
19/10/2012,8700,635100000,71(0.00 %),10000,730000000,1300,94900000,3949,48.99
22/10/2012,0,0,71.5(0.70 %),0,0,0,0,3949,48.99
23/10/2012,210,15090000,69.5(-2.80 %),240,17160000,30,2070000,3739,48.99
24/10/2012,2400,170400000,69(-0.72 %),2400,170400000,0,0,1339,49.0
25/10/2012,1230,86100000,69.5(0.72 %),1300,91000000,70,4900000,109,49.0
26/10/2012,-6330,-428130000,67(-3.60 %),0,0,6330,428130000,6439,24.5
29/10/2012,0,0,67(0.00 %),20000,1400000000,20000,1400000000,6439,48.99
30/10/2012,30,2055000,67(0.00 %),30,2055000,0,0,6409,48.99
31/10/2012,70,4620000,69.5(3.73 %),70,4620000,0,0,6339,48.99
01/11/2012,3130,222335000,67.5(-2.88 %),6330,439935000,3200,217600000,9,49.0
02/11/2012,0,0,67(-0.74 %),0,0,0,0,9,49.0
05/11/2012,0,0,66.5(0.76 %),0,0,0,0,9,49.0
06/11/2012,-50,-3200000,65(-2.26 %),0,0,50,3200000,59,49.0
07/11/2012,3200,208000000,64.5(-0.77 %),3200,208000000,0,0,0,49.0
08/11/2012,-10,-645000,64(-0.78 %),0,0,10,645000,9,49.0
09/11/2012,-1520,-96490000,64(0.00 %),0,0,1520,96490000,1529,49.0
12/11/2012,50,3250000,66(3.12 %),50,3250000,0,0,1479,49.0
13/11/2012,-110,-7205000,65.5(-0.76 %),0,0,110,7205000,1589,49.0
14/11/2012,10,655000,65.5(0.00 %),10,655000,0,0,1579,49.0
15/11/2012,-2180,-142790000,65.5(0.00 %),201520,13799560000,203700,13942350000,3759,48.99
16/11/2012,-3600,-232530000,64.5(-1.53 %),0,0,3600,232530000,7359,48.99
19/11/2012,110,7095000,65.5(1.55 %),112230,7294895000,112120,7287800000,7249,48.99
20/11/2012,-2870,-185115000,66.5(1.53 %),98000,6379408000,100870,6564523000,10119,48.98
21/11/2012,-300,-18600000,66.5(0.00 %),3700,247900000,4000,266500000,10419,48.98
22/11/2012,3600,239400000,67(0.75 %),3600,239400000,0,0,6819,48.99
23/11/2012,0,0,66(-1.49 %),0,0,0,0,6819,48.99
26/11/2012,2870,189420000,64.5(-2.27 %),2870,189420000,0,0,3949,48.99
27/11/2012,-1460,-92720000,64.5(0.00 %),4000,260000000,5460,352720000,5409,48.99
28/11/2012,0,0,67.5(4.65 %),226670,14947300000,226670,14947300000,5409,48.99
29/11/2012,-2660,-174385000,66(-2.22 %),0,0,2660,174385000,8069,48.99
30/11/2012,-1500,-97500000,65(-1.52 %),0,0,1500,97500000,9569,48.99
03/12/2012,5460,357630000,65.5(0.77 %),25460,1717630000,20000,1360000000,9,49.0
04/12/2012,0,0,65.5(0.00 %),0,0,0,0,9,49.0
05/12/2012,2650,174905000,66(0.76 %),2660,175560000,10,655000,0,49.0
06/12/2012,1500,99750000,67(1.52 %),1500,99750000,0,0,9,49.0
07/12/2012,0,0,67(0.00 %),0,0,0,0,9,49.0
10/12/2012,0,0,67(0.00 %),0,0,0,0,9,49.0
11/12/2012,-40,-2715000,69(2.99 %),0,0,40,2715000,49,49.0
12/12/2012,10,690000,70.5(2.17 %),10,690000,0,0,39,49.0
13/12/2012,-430,-30315000,70.5(0.00 %),0,0,430,30315000,469,49.0
14/12/2012,0,0,67(-4.96 %),0,0,0,0,39,49.0
17/12/2012,40,2780000,69(2.99 %),40,2780000,0,0,0,49.0
18/12/2012,0,0,67(-2.90 %),0,0,0,0,9,49.0
19/12/2012,430,29670000,68(1.49 %),430,29670000,0,0,0,49.0
20/12/2012,0,0,66.5(-2.21 %),0,0,0,0,9,49.0
21/12/2012,-980,-65170000,66.5(0.00 %),0,0,980,65170000,989,49.0
24/12/2012,-110,-7480000,68.5(3.01 %),0,0,110,7480000,1099,49.0
25/12/2012,0,0,68.5(0.00 %),0,0,0,0,1099,49.0
26/12/2012,10,690000,68.5(0.00 %),20010,1430690000,20000,1430000000,1089,49.0
27/12/2012,260,17450000,70(2.19 %),980,67130000,720,49680000,829,49.0
28/12/2012,110,7810000,73(4.29 %),110,7810000,0,0,719,49.0
02/01/2013,0,0,71(-2.74 %),0,0,0,0,5,49.0
03/01/2013,0,0,71(0.00 %),0,0,0,0,5,49.0
04/01/2013,720,51840000,71(0.00 %),720,51840000,0,0,0,49.0
07/01/2013,0,0,71(0.00 %),0,0,0,0,5,49.0
08/01/2013,-900,-63900000,74(4.23 %),20000,1490000000,20900,1553900000,905,49.0
09/01/2013,-1250,-94950000,73.5(-0.68 %),0,0,1250,94950000,2155,49.0
10/01/2013,-4740,-348390000,74(0.68 %),0,0,4740,348390000,6895,48.99
11/01/2013,0,0,73.5(-0.68 %),273830,21221825000,273830,21221825000,6895,48.99
14/01/2013,900,66150000,72.5(-1.36 %),900,66150000,0,0,5995,48.99
15/01/2013,-1510,-107745000,72.5(0.00 %),1260,91980000,2770,199725000,7505,48.99
16/01/2013,1730,124415000,72.5(0.00 %),211990,16405525000,210260,16281110000,5775,48.99
17/01/2013,0,0,71(-2.07 %),0,0,0,0,5775,48.99
18/01/2013,0,0,71.5(0.70 %),29300,2100869000,29300,2100869000,5775,48.99
21/01/2013,1250,90000000,70.5(-1.40 %),22770,1729440000,21520,1639440000,4525,48.99
22/01/2013,10,2215000,71.5(1.42 %),3010,215215000,3000,213000000,4515,48.99
23/01/2013,0,0,71(-0.70 %),0,0,0,0,4515,48.99
24/01/2013,-3760,-268960000,72(1.41 %),0,0,3760,268960000,8275,48.99
25/01/2013,1280,94205000,73.5(2.08 %),77030,5925955000,75750,5831750000,6995,48.99
28/01/2013,3000,225000000,75(2.04 %),3000,225000000,0,0,3995,48.99
29/01/2013,-4500,-326550000,75(0.00 %),0,0,4500,326550000,8495,48.99
30/01/2013,3760,285760000,75(0.00 %),3760,285760000,0,0,4735,48.99
31/01/2013,-1670,-124770000,74.5(-0.67 %),250,18750000,1920,143520000,6405,48.99
01/02/2013,-200,-14455000,74(-0.67 %),76000,6042000000,76200,6056455000,3,49.0
04/02/2013,4500,337500000,74.5(0.68 %),4500,337500000,0,0,0,49.01
05/02/2013,-270,-19980000,74(-0.67 %),0,0,270,19980000,3,49.0
06/02/2013,1920,144000000,75(1.35 %),21920,1724000000,20000,1580000000,0,49.0
07/02/2013,200,15000000,74(-1.33 %),200,15000000,0,0,7,49.0
08/02/2013,10,745000,74.5(0.68 %),10,745000,0,0,0,49.0
18/02/2013,-740,-53875000,72.5(-2.68 %),270,20115000,1010,73990000,4,49.0
19/02/2013,-7900,-573600000,74(2.07 %),0,0,7900,573600000,7904,48.99
20/02/2013,-3400,-249000000,73(-1.35 %),0,0,3400,249000000,11304,48.98
21/02/2013,-5080,-370840000,72.5(-0.68 %),70000,5460000000,75080,5830840000,16384,48.97
22/02/2013,-3200,-226600000,71.5(-1.38 %),1010,74740000,4210,301340000,19584,48.97
25/02/2013,5600,409550000,73(2.10 %),7900,576700000,2300,167150000,13984,48.98
26/02/2013,2200,161065000,71.5(-2.05 %),182400,14210200000,180200,14049135000,11784,48.98
27/02/2013,5080,375920000,73(2.10 %),5080,375920000,0,0,6704,48.99
28/02/2013,1770,129210000,73(0.00 %),4210,307330000,2440,178120000,4934,48.99
01/03/2013,2300,165600000,72(-1.37 %),2300,165600000,0,0,8,49.0
04/03/2013,1200,88800000,74(2.78 %),1200,88800000,0,0,0,49.0
05/03/2013,-40,-2920000,71.5(-3.38 %),0,0,40,2920000,8,49.0
06/03/2013,2440,179340000,72(0.70 %),2440,179340000,0,0,0,49.0
07/03/2013,-1020,-73440000,73(1.39 %),0,0,1020,73440000,8,49.0
08/03/2013,0,0,73(0.00 %),86220,6725160000,86220,6725160000,8,49.0
11/03/2013,40,2960000,74(1.37 %),40,2960000,0,0,0,49.0
12/03/2013,0,0,74(0.00 %),0,0,0,0,8,49.0
13/03/2013,1020,75480000,74(0.00 %),1020,75480000,0,0,0,49.0
14/03/2013,-170,-12580000,74(0.00 %),0,0,170,12580000,8,49.0
15/03/2013,-900,-66600000,74(0.00 %),0,0,900,66600000,908,49.0
18/03/2013,-200,-14800000,73.5(-0.68 %),71098,5616742000,71298,5631542000,1108,49.0
19/03/2013,-5360,-395140000,73.5(0.00 %),0,0,5360,395140000,6468,48.99
20/03/2013,0,-400000,78.5(6.80 %),100,7450000,100,7850000,6468,48.99
21/03/2013,-3340,-274055000,83.5(6.37 %),50970,4252600000,54310,4526655000,9808,48.98
22/03/2013,200,16735000,79(-5.39 %),200,16735000,0,0,9608,48.99
25/03/2013,4790,389530000,83(5.06 %),5360,436840000,570,47310000,4818,48.99
26/03/2013,100,8300000,81.5(-1.81 %),100,8300000,0,0,4718,48.99
27/03/2013,-2190,-179580000,82.5(1.23 %),4310,353420000,6500,533000000,6908,48.99
28/03/2013,-460,-37950000,83(0.61 %),0,0,460,37950000,7368,48.99
29/03/2013,570,47310000,81.5(-1.81 %),570,47310000,0,0,6798,48.99
01/04/2013,0,0,85(4.29 %),20000,1669080000,20000,1669080000,8,49.0
02/04/2013,6110,531570000,85(1.19 %),961022,81699890000,954912,81168320000,0,49.01
03/04/2013,460,38640000,82.5(-2.94 %),460,38640000,0,0,7,49.0
04/04/2013,0,0,83.5(1.21 %),0,0,0,0,7,49.0
05/04/2013,0,0,83(-0.60 %),0,0,0,0,7,49.0
08/04/2013,400,34000000,84(1.20 %),400,34000000,0,0,0,49.0
09/04/2013,-2410,-201215000,83(-1.19 %),0,0,2410,201215000,7,49.0
10/04/2013,0,0,82.5(-0.60 %),0,0,0,0,7,49.0
11/04/2013,-1200,-98400000,82(-0.61 %),0,0,1200,98400000,1207,49.0
12/04/2013,0,0,82(0.00 %),0,0,0,0,1207,49.0
15/04/2013,2410,197620000,80.5(-1.83 %),2410,197620000,0,0,0,49.0
16/04/2013,-2580,-205670000,82(1.86 %),1591108,128084194000,1593688,128289864000,7,49.0
17/04/2013,-300,-23800000,81(-1.22 %),1200,98400000,1500,122200000,307,49.0
18/04/2013,0,0,80(-1.23 %),0,0,0,0,307,49.0
22/04/2013,-600,-47610000,79(-1.25 %),0,0,600,47610000,907,49.0
23/04/2013,-1990,-154145000,79(0.00 %),2580,198660000,4570,352805000,2897,49.0
24/04/2013,1500,120000000,79(0.00 %),1601854,126547966000,1600354,126427966000,1397,49.0
25/04/2013,-940,-75030000,80.5(1.90 %),0,0,940,75030000,2337,49.0
26/04/2013,600,49800000,79(-1.86 %),600,49800000,0,0,1737,49.0
02/05/2013,4570,365600000,78(-1.27 %),4570,365600000,0,0,7,49.0
03/05/2013,0,0,79.5(1.92 %),0,0,0,0,7,49.0
06/05/2013,-6460,-508955000,80.5(1.26 %),940,75670000,7400,584625000,6467,48.99
07/05/2013,-5000,-396160000,80.5(0.00 %),0,0,5000,396160000,11467,48.98
08/05/2013,0,0,80.5(0.00 %),0,0,0,0,11467,48.98
09/05/2013,0,0,80.5(0.00 %),0,0,0,0,11467,48.98
10/05/2013,4400,356400000,80.5(0.00 %),7400,599400000,3000,243000000,7067,48.99
13/05/2013,-5000,-396100000,80(-0.62 %),5000,410000000,10000,806100000,12067,48.98
14/05/2013,-410,-32745000,81(1.25 %),0,0,410,32745000,12477,48.98
15/05/2013,-9990,-794690000,80.5(0.62 %),10,810000,10000,795500000,22467,48.97
16/05/2013,2550,206550000,80(-0.62 %),3000,243000000,450,36450000,19917,48.97
17/05/2013,10000,810000000,81.5(1.88 %),10000,810000000,0,0,9917,48.98
20/05/2013,410,33415000,81.5(0.00 %),410,33415000,0,0,9507,48.99
21/05/2013,10000,850000000,83.5(2.45 %),10000,850000000,0,0,0,49.0
22/05/2013,450,37575000,84(0.60 %),450,37575000,0,0,5,49.0
23/05/2013,0,0,84(0.00 %),0,0,0,0,5,49.0
24/05/2013,10,815000,84(0.00 %),10,815000,0,0,0,49.0
27/05/2013,0,0,83(-1.19 %),0,0,0,0,4,49.0
28/05/2013,-1110,-91020000,82.5(-0.60 %),0,0,1110,91020000,1114,49.0
29/05/2013,-910,-75290000,83(0.61 %),0,0,910,75290000,2024,49.0
30/05/2013,-1900,-156500000,82(-1.20 %),0,0,1900,156500000,3924,48.99
31/05/2013,0,0,82.5(0.61 %),0,0,0,0,3924,48.99
03/06/2013,1110,93240000,83(0.61 %),1110,93240000,0,0,4,49.0
04/06/2013,-7570,-618470000,81.5(-1.81 %),920,74520000,8490,692990000,7574,48.99
05/06/2013,1900,157700000,82.5(1.23 %),1900,157700000,0,0,5674,48.99
06/06/2013,-1200,-99000000,83.5(1.21 %),0,0,1200,99000000,6874,48.99
07/06/2013,0,0,88(5.39 %),0,0,0,0,6874,48.99
10/06/2013,7730,724605000,90(2.27 %),8490,793815000,760,69210000,0,49.0
11/06/2013,-4620,-411265000,89.5(-0.56 %),0,0,4620,411265000,5,49.0
12/06/2013,1200,108000000,89.5(0.00 %),1200,108000000,0,0,0,49.0
13/06/2013,-6610,-586425000,86(-3.91 %),0,0,6610,586425000,5,49.0
14/06/2013,760,67640000,87(1.16 %),760,67640000,0,0,0,49.0
17/06/2013,4630,412070000,85(-2.30 %),4630,412070000,0,0,4,49.0
18/06/2013,-1580,-134300000,86.5(1.76 %),80000,6800000000,81580,6934300000,1584,49.0
19/06/2013,6350,568455000,88(1.73 %),6610,591595000,260,23140000,0,49.01
20/06/2013,-1980,-173250000,87.5(-0.57 %),0,0,1980,173250000,4,49.0
21/06/2013,-560,-49000000,89(1.71 %),80010,6856875000,80570,6905875000,564,49.0
24/06/2013,-1210,-103450000,88(-1.12 %),1580,140620000,2790,244070000,1774,49.0
25/06/2013,260,22880000,87(-1.14 %),260,22880000,0,0,1514,49.0
26/06/2013,-20,3230000,88(1.15 %),1980,175230000,2000,172000000,1534,49.0
27/06/2013,570,50445000,87.5(-0.57 %),570,50445000,0,0,964,49.0
28/06/2013,2790,245520000,87(-0.57 %),2790,245520000,0,0,0,49.0
01/07/2013,0,0,87(0.00 %),0,0,0,0,3,49.0
02/07/2013,-2000,-175000000,88(1.15 %),2000,177000000,4000,352000000,2003,49.0
03/07/2013,0,0,88.5(0.57 %),0,0,0,0,2003,49.0
04/07/2013,0,0,89(0.56 %),0,0,0,0,2003,49.0
05/07/2013,0,0,90(1.12 %),0,0,0,0,2003,49.0
08/07/2013,4000,362000000,89.5(-0.56 %),4000,362000000,0,0,0,49.0
09/07/2013,-480,-43200000,90.5(1.12 %),0,0,480,43200000,3,49.0
10/07/2013,0,0,90.5(0.00 %),0,0,0,0,3,49.0
11/07/2013,-3200,-295415000,94(3.87 %),0,0,3200,295415000,3203,49.0
12/07/2013,-1000,-93500000,94(0.00 %),0,0,1000,93500000,4203,48.99
15/07/2013,480,45600000,94(0.00 %),480,45600000,0,0,3723,48.99
16/07/2013,0,0,94.5(0.53 %),30000,2820000000,30000,2820000000,3723,48.99
17/07/2013,1200,113400000,96(1.59 %),3200,302400000,2000,189000000,2523,49.0
18/07/2013,-1300,-125450000,97(1.04 %),1000,96500000,2300,221950000,3823,48.99
19/07/2013,0,0,99(2.06 %),23200,2269192000,23200,2269192000,3823,48.99
22/07/2013,-150,-15650000,105(6.06 %),0,0,150,15650000,3973,48.99
23/07/2013,2000,216000000,105(0.00 %),2000,216000000,0,0,1973,49.0
24/07/2013,2300,243800000,103(-1.90 %),112300,12563800000,110000,12320000000,0,49.0
25/07/2013,0,0,106(2.91 %),48200,5109200000,48200,5109200000,3,49.0
26/07/2013,150,16470000,109(2.83 %),180640,20411840000,180490,20395370000,0,49.0
29/07/2013,0,0,108(-0.92 %),0,0,0,0,3,49.0
30/07/2013,-640,-67530000,107(-0.93 %),0,0,640,67530000,643,49.0
31/07/2013,0,0,109(1.87 %),0,0,0,0,643,49.0
01/08/2013,-17220,-1881950000,113(3.67 %),35000,3918845000,52220,5800795000,3,49.0
02/08/2013,-1050,-120750000,116(2.65 %),0,0,1050,120750000,1053,49.0
05/08/2013,210,24570000,121(4.31 %),210,24570000,0,0,843,49.0
06/08/2013,-2010,-240330000,120(-0.83 %),75340,9003500000,77350,9243830000,2853,49.0
07/08/2013,17310,2085890000,118(-1.67 %),64550,8085370000,47240,5999480000,0,49.02
08/08/2013,490,58170000,116(-1.69 %),1050,122850000,560,64680000,3,49.0
09/08/2013,0,0,116(0.00 %),20000,2440000000,20000,2440000000,3,49.0
12/08/2013,0,0,116(0.00 %),0,0,0,0,3,49.0
13/08/2013,2350,272600000,114(-1.72 %),2350,272600000,0,0,0,49.0
14/08/2013,0,0,116(1.75 %),0,0,0,0,563,49.0
15/08/2013,-15350,-1770590000,117(2.18 %),560,64400000,15910,1834990000,15913,48.98
16/08/2013,-1150,-132250000,114(-2.56 %),76000,9272000000,77150,9404250000,17063,48.97
19/08/2013,0,0,115(0.88 %),0,0,0,0,17063,48.97
20/08/2013,-2240,-255600000,115(0.00 %),30000,3600000000,32240,3855600000,19303,48.97
21/08/2013,15810,1849770000,115(0.00 %),15910,1861470000,100,11700000,3493,48.99
22/08/2013,-2650,-301700000,112(-2.61 %),45150,5060672000,47800,5362372000,6143,48.99
23/08/2013,0,0,109(-2.68 %),50000,5950000000,50000,5950000000,6143,48.99
26/08/2013,-2060,-214440000,108(-0.92 %),41240,4768160000,43300,4982600000,8203,48.99
27/08/2013,-4350,-460850000,105(-2.78 %),40100,4610600000,44450,5071450000,12553,48.98
28/08/2013,3800,399000000,99(-5.71 %),3800,399000000,0,0,8753,48.99
29/08/2013,-2180,-219180000,100(1.01 %),20000,2100000000,22180,2319180000,10933,48.98
30/08/2013,4300,430000000,103(3.00 %),4300,430000000,0,0,6633,48.99
03/09/2013,4450,471700000,109(5.83 %),4450,471700000,0,0,3,49.0
04/09/2013,0,0,109(0.00 %),0,0,0,0,3,49.0
05/09/2013,-3740,-397080000,108(-0.92 %),2180,237620000,5920,634700000,3743,48.99
06/09/2013,-280,-29960000,108(0.00 %),0,0,280,29960000,4023,48.99
09/09/2013,0,0,103(-4.63 %),0,0,0,0,4023,48.99
10/09/2013,-5150,-530450000,107(3.88 %),0,0,5150,530450000,9173,48.99
11/09/2013,5920,651200000,110(2.80 %),57720,6193800000,51800,5542600000,3253,49.0
12/09/2013,230,25070000,110(0.00 %),280,30520000,50,5450000,3023,49.0
13/09/2013,0,0,111(0.91 %),0,0,0,0,3023,49.0
16/09/2013,5150,576800000,111(0.00 %),5150,576800000,0,0,0,48.82
17/09/2013,0,0,110(-0.90 %),0,0,0,0,4,48.81
18/09/2013,50,5400000,109(-0.91 %),50,5400000,0,0,0,48.81
19/09/2013,-2680,-292120000,109(0.00 %),0,0,2680,292120000,4,48.81
20/09/2013,0,0,108(-0.92 %),0,0,0,0,4,48.81
23/09/2013,-770,-83160000,108(0.00 %),0,0,770,83160000,774,48.81
24/09/2013,-5900,-631390000,108(0.00 %),0,0,5900,631390000,6674,48.8
25/09/2013,1680,183120000,109(0.93 %),2680,292120000,1000,109000000,4994,48.81
26/09/2013,0,0,109(0.00 %),0,0,0,0,4994,48.81
27/09/2013,770,84700000,109(0.00 %),770,84700000,0,0,4224,48.81
30/09/2013,5900,649000000,110(0.92 %),5900,649000000,0,0,0,48.82
01/10/2013,0,0,111(0.91 %),1000,110000000,1000,110000000,4,48.81
02/10/2013,0,0,113(1.80 %),0,0,0,0,4,48.81
03/10/2013,-5190,-586470000,113(0.00 %),0,0,5190,586470000,5194,48.81
04/10/2013,-3610,-404320000,112(-0.88 %),0,0,3610,404320000,8804,48.8
07/10/2013,-2380,-265180000,111(-0.89 %),1000,111000000,3380,376180000,11184,48.8
08/10/2013,-10430,-1162210000,113(1.80 %),0,0,10430,1162210000,21614,48.78
09/10/2013,5190,586470000,114(0.88 %),5190,586470000,0,0,16424,48.79
10/10/2013,3610,415150000,115(0.88 %),23610,2835150000,20000,2420000000,12814,48.79
11/10/2013,3380,395460000,116(0.87 %),3380,395460000,0,0,9434,48.8
14/10/2013,10430,1220310000,116(0.00 %),10430,1220310000,0,0,0,48.81
15/10/2013,-3190,-363660000,115(-0.86 %),0,0,3190,363660000,4,48.81
16/10/2013,-30,-3450000,115(0.00 %),0,0,30,3450000,34,48.81
17/10/2013,-6920,-791200000,114(-0.87 %),20000,2460000000,26920,3251200000,6954,48.8
18/10/2013,-30,-3360000,115(0.88 %),30000,3630000000,30030,3633360000,6984,48.8
21/10/2013,3070,356240000,116(0.87 %),26810,3275300000,23740,2919060000,3914,48.81
22/10/2013,-3370,-382980000,113(-2.59 %),30,3420000,3400,386400000,7284,48.8
23/10/2013,6920,781960000,113(0.00 %),6920,781960000,0,0,364,48.81
24/10/2013,30,3390000,111(-1.77 %),30,3390000,0,0,334,48.81
25/10/2013,120,13560000,111(0.00 %),120,13560000,0,0,214,48.81
28/10/2013,3200,358800000,109(-1.80 %),3400,380800000,200,22000000,0,48.82
29/10/2013,0,0,110(0.92 %),0,0,0,0,4,48.81
30/10/2013,0,0,111(0.91 %),0,0,0,0,4,48.81
31/10/2013,-1480,-162800000,109(-1.80 %),0,0,1480,162800000,1484,48.81
01/11/2013,140,15260000,110(0.92 %),200,21800000,60,6540000,4,48.81
04/11/2013,-2510,-272590000,109(-0.91 %),0,0,2510,272590000,2514,48.81
05/11/2013,0,0,108(-0.92 %),0,0,0,0,2514,48.81
06/11/2013,1480,161320000,109(0.93 %),1480,161320000,0,0,1034,48.81
07/11/2013,-1240,-132680000,108(-0.92 %),60,6420000,1300,139100000,2274,48.81
08/11/2013,2500,272500000,108(0.00 %),2510,273590000,10,1090000,0,48.81
11/11/2013,0,0,108(0.00 %),0,0,0,0,4,48.81
12/11/2013,-250,-26750000,108(0.00 %),0,0,250,26750000,254,48.81
13/11/2013,1300,140400000,108(0.00 %),1300,140400000,0,0,0,48.81
14/11/2013,10,1090000,108(0.00 %),10,1090000,0,0,4,48.81
15/11/2013,10,1090000,110(1.85 %),10,1090000,0,0,0,48.81
18/11/2013,-250,-27250000,110(0.00 %),250,27750000,500,55000000,2,48.81
19/11/2013,0,0,110(0.00 %),0,0,0,0,2,48.81
20/11/2013,-350,-38150000,109(-0.91 %),0,0,350,38150000,352,48.81
21/11/2013,0,0,106(-2.75 %),0,0,0,0,352,48.81
22/11/2013,510,55590000,108(1.89 %),510,55590000,0,0,0,48.81
25/11/2013,0,0,108(0.00 %),20000,2300000000,20000,2300000000,3,48.81
26/11/2013,350,38150000,107(-0.93 %),350,38150000,0,0,0,48.81
27/11/2013,0,0,108(0.93 %),25000,2850000000,25000,2850000000,3,48.81
28/11/2013,-6750,-720400000,108(0.00 %),60000,6900000000,66750,7620400000,6753,48.8
29/11/2013,-1200,-128400000,110(1.85 %),0,0,1200,128400000,7953,48.8
02/12/2013,0,0,110(0.00 %),0,0,0,0,3,48.81
03/12/2013,0,0,111(0.91 %),0,0,0,0,3,48.81
04/12/2013,6750,749250000,111(0.00 %),6750,749250000,0,0,0,48.82
05/12/2013,0,0,112(0.90 %),62110,7321780000,62110,7321780000,3,48.81
06/12/2013,0,0,112(0.00 %),0,0,0,0,3,48.81
09/12/2013,0,0,112(0.00 %),0,0,0,0,3,48.81
10/12/2013,0,0,112(0.00 %),20000,2380000000,20000,2380000000,3,48.81
11/12/2013,1200,134400000,111(-0.89 %),1200,134400000,0,0,0,48.82
12/12/2013,-2400,-264000000,113(1.80 %),0,0,2400,264000000,3,48.81
13/12/2013,0,0,114(0.88 %),0,0,0,0,3,48.81
16/12/2013,0,0,114(0.00 %),50000,6050000000,50000,6050000000,3,48.81
17/12/2013,0,0,114(0.00 %),0,0,0,0,3,48.81
18/12/2013,2400,273600000,114(0.00 %),2400,273600000,0,0,0,48.82
19/12/2013,-2920,-327760000,112(-1.75 %),30000,3630000000,32920,3957760000,9,48.81
20/12/2013,-390,-43680000,113(0.89 %),20000,2380000000,20390,2423680000,399,48.81
23/12/2013,0,0,113(0.00 %),0,0,0,0,399,48.81
24/12/2013,-620,-69440000,113(0.00 %),0,0,620,69440000,1019,48.81
25/12/2013,2920,329960000,113(0.00 %),2920,329960000,0,0,0,48.82
26/12/2013,-4370,-491730000,112(-0.88 %),390,44070000,4760,535800000,9,48.81
27/12/2013,0,0,114(1.79 %),0,0,0,0,9,48.81
30/12/2013,620,70680000,114(0.00 %),620,70680000,0,0,0,48.81
31/12/2013,0,0,114(0.00 %),0,0,0,0,9,48.81
02/01/2014,4760,542640000,114(0.00 %),4760,542640000,0,0,9,48.81
03/01/2014,0,0,114(0.00 %),0,0,0,0,9,48.81
06/01/2014,-4800,-546500000,113(-0.88 %),0,0,4800,546500000,4809,48.81
07/01/2014,-200,-22600000,114(0.88 %),0,0,200,22600000,5009,48.81
08/01/2014,0,0,114(0.00 %),70000,8470000000,70000,8470000000,5009,48.81
09/01/2014,-1650,-187980000,114(0.00 %),0,0,1650,187980000,6659,48.8
10/01/2014,3140,367260000,114(0.00 %),24800,2976800000,21660,2609540000,3519,48.81
13/01/2014,200,22800000,114(0.00 %),200,22800000,0,0,3319,48.81
14/01/2014,-2270,-258780000,115(0.88 %),0,0,2270,258780000,5589,48.8
15/01/2014,1650,186450000,113(-1.74 %),1650,186450000,0,0,3939,48.81
16/01/2014,1660,190900000,115(1.77 %),1660,190900000,0,0,2279,48.81
17/01/2014,0,0,120(4.35 %),0,0,0,0,2279,48.81
20/01/2014,2250,274500000,119(-0.83 %),2270,276940000,20,2440000,29,48.81
21/01/2014,-250,-29500000,120(0.84 %),0,0,250,29500000,279,48.81
22/01/2014,0,0,117(-2.50 %),0,0,0,0,279,48.81
23/01/2014,0,0,117(0.00 %),0,0,0,0,279,48.81
24/01/2014,20,2360000,119(1.71 %),20,2360000,0,0,259,48.81
27/01/2014,-5750,-709260000,126(5.88 %),250,30000000,6000,739260000,6009,48.8
06/02/2014,-1060,-132610000,127(0.79 %),0,0,1060,132610000,9,48.81
07/02/2014,-12690,-1574290000,123(-3.15 %),0,0,12690,1574290000,12699,48.79
10/02/2014,0,0,128(4.07 %),0,0,0,0,12699,48.79
11/02/2014,6000,774000000,130(1.56 %),6000,774000000,0,0,6699,48.8
12/02/2014,1060,139920000,134(3.08 %),1060,139920000,0,0,5639,48.8
13/02/2014,-3080,-413400000,135(0.75 %),12690,1713150000,15770,2126550000,8719,48.8
14/02/2014,-8960,-1183850000,131(-2.96 %),27814,4005216000,36774,5189066000,17679,48.79
17/02/2014,0,0,130(-0.76 %),0,0,0,0,17679,48.79
18/02/2014,-1000,-129000000,130(0.00 %),0,0,1000,129000000,18679,48.78
19/02/2014,15770,2097410000,133(2.31 %),15770,2097410000,0,0,2909,48.81
20/02/2014,7380,988920000,132(-0.75 %),8960,1200640000,1580,211720000,0,48.82
21/02/2014,0,0,132(0.00 %),72000,10152000000,72000,10152000000,9,48.81
24/02/2014,1000,132000000,132(0.00 %),1000,132000000,0,0,0,48.81
25/02/2014,-60,-7860000,132(0.00 %),0,0,60,7860000,9,48.81
26/02/2014,1580,208560000,131(-0.76 %),1580,208560000,0,0,0,48.82
27/02/2014,0,0,128(-2.29 %),0,0,0,0,9,48.81
28/02/2014,-2000,-254000000,129(0.78 %),0,0,2000,254000000,2009,48.81
03/03/2014,60,7740000,128(-0.78 %),60,7740000,0,0,9,48.81
04/03/2014,-820,-103320000,130(1.56 %),0,0,820,103320000,829,48.81
05/03/2014,0,0,132(1.54 %),30000,4170000000,30000,4170000000,829,48.81
06/03/2014,2000,264000000,132(0.00 %),2000,264000000,0,0,0,49.0
07/03/2014,0,0,132(0.00 %),20000,2640000000,20000,2640000000,9,48.81
10/03/2014,820,109060000,132(0.00 %),820,109060000,0,0,0,48.81
11/03/2014,-1280,-167480000,131(-0.76 %),0,0,1280,167480000,9,48.81
12/03/2014,-990,-129690000,131(0.00 %),0,0,990,129690000,999,48.81
13/03/2014,-930,-121830000,138(5.34 %),0,0,930,121830000,1929,48.81
14/03/2014,-260,-37440000,146(5.80 %),0,0,260,37440000,2189,48.81
17/03/2014,-720,-98000000,147(0.68 %),1280,192000000,2000,290000000,2909,48.81
18/03/2014,990,145530000,145(-1.36 %),50990,7995530000,50000,7850000000,1919,48.81
19/03/2014,-210,-30450000,144(-0.69 %),930,134850000,1140,165300000,2129,48.81
20/03/2014,20,3380000,145(0.69 %),260,37700000,240,34320000,2109,48.81
21/03/2014,-14350,-2041840000,142(-2.07 %),2000,290000000,16350,2331840000,16459,48.97
24/03/2014,-630,-89460000,143(0.70 %),0,0,630,89460000,17089,48.97
25/03/2014,1140,163020000,143(0.00 %),1140,163020000,0,0,15949,48.98
26/03/2014,240,34320000,141(-1.40 %),20240,3094320000,20000,3060000000,15709,48.98
27/03/2014,16350,2354400000,142(0.71 %),16350,2354400000,0,0,0,49.0
28/03/2014,-4370,-613340000,140(-1.41 %),630,89460000,5000,702800000,9,49.0
31/03/2014,0,0,139(-0.71 %),0,0,0,0,9,49.0
01/04/2014,0,0,136(-2.16 %),20000,2960000000,20000,2960000000,9,49.0
02/04/2014,-7000,-945780000,135(-0.74 %),21010,3046450000,28010,3992230000,7009,48.99
03/04/2014,5000,680000000,138(2.22 %),5000,680000000,0,0,2009,49.0
04/04/2014,0,0,138(0.00 %),0,0,0,0,2009,49.0
07/04/2014,0,0,140(1.45 %),0,0,0,0,2009,49.0
08/04/2014,7000,1001000000,142(1.43 %),27000,3981000000,20000,2980000000,0,49.01
10/04/2014,-480,-67680000,141(-0.70 %),100000,15100000000,100480,15167680000,9,49.0
11/04/2014,0,0,140(-0.71 %),72470,10508150000,72470,10508150000,9,49.0
14/04/2014,20,2800000,140(0.00 %),20,2800000,0,0,0,49.0
15/04/2014,-40,-5600000,139(-0.71 %),20000,2980000000,20040,2985600000,3,49.0
16/04/2014,480,66720000,139(0.00 %),40480,5986720000,40000,5920000000,0,49.0
17/04/2014,0,0,141(1.44 %),0,0,0,0,3,49.0
18/04/2014,0,0,141(0.00 %),0,0,0,0,3,49.0
21/04/2014,40,5680000,141(0.00 %),40,5680000,0,0,0,49.0
22/04/2014,0,0,141(0.00 %),0,0,0,0,3,49.0
23/04/2014,0,0,140(-0.71 %),0,0,0,0,3,49.0
24/04/2014,-2000,-277000000,140(0.00 %),58160,8665840000,60160,8942840000,2003,49.0
25/04/2014,0,0,140(0.00 %),0,0,0,0,2003,49.0
28/04/2014,0,0,141(0.71 %),0,0,0,0,2003,49.0
29/04/2014,-120,-16800000,141(0.00 %),0,0,120,16800000,2123,49.0
05/05/2014,1990,282610000,141(0.00 %),2000,284000000,10,1390000,3,49.0
06/05/2014,0,0,138(-2.13 %),0,0,0,0,3,49.0
07/05/2014,0,0,138(0.00 %),0,0,0,0,3,49.0
08/05/2014,-580,-78880000,129(-6.52 %),120,16320000,700,95200000,583,49.0
09/05/2014,10,1290000,129(0.00 %),10,1290000,0,0,573,49.0
12/05/2014,0,0,120(-6.98 %),0,0,0,0,573,49.0
13/05/2014,-360,-43200000,116(-3.33 %),0,0,360,43200000,933,49.0
14/05/2014,700,81200000,117(0.86 %),700,81200000,0,0,233,49.0
15/05/2014,-20,-2340000,117(0.00 %),0,0,20,2340000,253,49.0
16/05/2014,-2520,-289800000,119(1.71 %),0,0,2520,289800000,2773,49.0
19/05/2014,360,43560000,124(4.20 %),360,43560000,0,0,2413,49.0
20/05/2014,-1200,-148800000,126(1.61 %),20900,2758800000,22100,2907600000,3613,48.99
21/05/2014,-2070,-269150000,130(3.17 %),20020,2682550000,22090,2951700000,5683,48.99
22/05/2014,2520,332640000,131(0.77 %),26420,3654740000,23900,3322100000,3163,49.0
23/05/2014,0,0,130(-0.76 %),70000,9800000000,70000,9800000000,3163,49.0
26/05/2014,-80,-10400000,130(0.00 %),1200,156000000,1280,166400000,3243,49.0
27/05/2014,1090,142790000,131(0.77 %),2090,273790000,1000,131000000,2153,49.0
28/05/2014,-110,-14520000,132(0.76 %),60000,8400000000,60110,8414520000,2263,49.0
29/05/2014,0,0,132(0.00 %),20000,2820000000,20000,2820000000,2263,49.0
30/05/2014,1280,134400000,102(3.03 %),1280,134400000,0,0,983,49.0
02/06/2014,1000,103380000,101(-0.98 %),21000,2283380000,20000,2180000000,3,49.0
03/06/2014,110,11110000,101(0.00 %),20110,2171110000,20000,2160000000,0,49.0
04/06/2014,0,0,98(-2.97 %),60000,6480000000,60000,6480000000,3,49.0
05/06/2014,0,0,98(0.00 %),20000,2080000000,20000,2080000000,3,49.0
06/06/2014,0,0,97.5(-0.51 %),0,0,0,0,3,49.0
09/06/2014,0,0,98.5(1.03 %),0,0,0,0,3,49.0
10/06/2014,0,0,97(-1.52 %),0,0,0,0,3,49.0
11/06/2014,-4000,-386940000,96.5(-0.52 %),0,0,4000,386940000,4003,48.99
12/06/2014,0,0,96.5(0.00 %),0,0,0,0,4003,48.99
13/06/2014,-1000,-97250000,97.5(1.04 %),0,0,1000,97250000,5003,48.99
16/06/2014,0,0,97(-0.51 %),0,0,0,0,5003,48.81
17/06/2014,3000,290190000,97(0.00 %),4000,385690000,1000,95500000,2003,48.81
18/06/2014,0,0,96(-1.03 %),0,0,0,0,2003,48.81
19/06/2014,-850,-80705000,96(0.00 %),1000,96500000,1850,177205000,2853,48.81
20/06/2014,0,0,96.5(0.52 %),0,0,0,0,2853,48.81
23/06/2014,1000,97500000,97(0.52 %),1000,97500000,0,0,1853,48.81
24/06/2014,0,0,98(1.03 %),0,0,0,0,1853,48.81
25/06/2014,1850,182225000,98(0.00 %),1850,182225000,0,0,3,48.81
26/06/2014,0,0,98.5(0.51 %),0,0,0,0,3,48.81
27/06/2014,0,0,98.5(0.00 %),0,0,0,0,3,48.81
30/06/2014,0,0,98(-0.51 %),0,0,0,0,3,48.81
01/07/2014,0,0,96.5(-1.53 %),0,0,0,0,3,48.81
02/07/2014,0,0,97(0.52 %),0,0,0,0,3,65.08
03/07/2014,-960,-92640000,97(0.00 %),0,0,960,92640000,963,65.08
04/07/2014,-3680,-354745000,97(0.00 %),0,0,3680,354745000,4643,65.07
07/07/2014,0,0,98.5(1.55 %),0,0,0,0,4643,65.07
08/07/2014,0,0,98.5(0.00 %),0,0,0,0,4643,65.07
09/07/2014,-2070,-203895000,98.5(0.00 %),398000,41790000000,400070,41993895000,6713,48.85
10/07/2014,3490,343765000,99(0.51 %),3520,346720000,30,2955000,3523,49.0
11/07/2014,-120,-11820000,99(0.00 %),0,0,120,11820000,0,0.0
14/07/2014,0,0,99(0.00 %),0,0,0,0,2073,48.86
15/07/2014,1650,164175000,99.5(0.51 %),2070,205965000,420,41790000,423,48.86
16/07/2014,30,2955000,99(-0.50 %),30,2955000,0,0,0,0.0
17/07/2014,-6270,-614460000,98(-1.01 %),120,11760000,6390,626220000,9,48.86
18/07/2014,-980,-95060000,97.5(-0.51 %),0,0,980,95060000,9,49.0
21/07/2014,430,41925000,97(-0.51 %),430,41925000,0,0,432,49.0
22/07/2014,0,0,95(-2.06 %),0,0,0,0,0,0.0
23/07/2014,-12270,-1168335000,96.5(1.58 %),6390,623025000,18660,1791360000,6392,48.99
24/07/2014,110,10670000,97(0.52 %),980,95060000,870,84390000,0,0.0
25/07/2014,0,0,96(-1.03 %),0,0,0,0,0,0.0
28/07/2014,-580,-55305000,94(-2.08 %),0,0,580,55305000,0,0.0
29/07/2014,18530,1797410000,95(1.06 %),18660,1810020000,130,12610000,17142,0.0
30/07/2014,-130,-11915000,95(0.00 %),870,83085000,1000,95000000,0,0.0
31/07/2014,0,0,94.5(-0.53 %),119292,12048492000,119292,12048492000,0,0.0
01/08/2014,580,55100000,94.5(0.00 %),580,55100000,0,0,0,0.0
04/08/2014,-2200,-208935000,95.5(1.06 %),20130,2032415000,22330,2241350000,0,0.0
05/08/2014,-4140,-399690000,97(1.57 %),1000,95500000,5140,495190000,0,0.0
06/08/2014,-2750,-266750000,96(-1.03 %),0,0,2750,266750000,5,49.0
07/08/2014,0,0,96.5(0.52 %),0,0,0,0,5,48.86
08/08/2014,2330,226010000,96.5(0.00 %),2330,226010000,0,0,0,0.0
11/08/2014,5140,483160000,96.5(0.00 %),5140,483160000,0,0,0,0.0
12/08/2014,2230,215675000,96(-0.52 %),2750,265375000,520,49700000,0,0.0
13/08/2014,-30,-2880000,96(0.00 %),0,0,30,2880000,0,0.0
14/08/2014,0,0,95.5(-0.52 %),20000,2040000000,20000,2040000000,8,49.0
15/08/2014,0,0,96(0.52 %),0,0,0,0,8,49.0
18/08/2014,520,49920000,96(0.00 %),520,49920000,0,0,0,0.0
19/08/2014,30,2880000,95.5(-0.52 %),30,2880000,0,0,0,0.0
20/08/2014,-1000,-94500000,94.5(-1.05 %),0,0,1000,94500000,0,0.0
21/08/2014,0,0,94.5(0.00 %),0,0,0,0,0,0.0
22/08/2014,10,950000,95(0.53 %),10,950000,0,0,14,49.0
25/08/2014,0,0,95(0.00 %),20000,2020000000,20000,2020000000,4,49.0
26/08/2014,1000,96000000,95(0.00 %),1000,96000000,0,0,1004,49.0
27/08/2014,-2050,-194750000,95(0.00 %),0,0,2050,194750000,4,49.0
28/08/2014,-35400,-3330700000,93.5(-1.58 %),0,0,35400,3330700000,4,49.0
29/08/2014,-4000,-373000000,94(0.53 %),30000,3000000000,34000,3373000000,0,0.0
03/09/2014,0,0,95.5(1.60 %),100000,10000000000,100000,10000000000,4,49.0
04/09/2014,2050,194750000,94(-1.57 %),30830,3130310000,28780,2935560000,0,0.0
05/09/2014,35400,3396000000,94(0.00 %),35400,3396000000,0,0,0,0.0
08/09/2014,4000,376000000,93.5(-0.53 %),4000,376000000,0,0,4004,49.0
09/09/2014,0,0,92(-1.60 %),0,0,0,0,4,49.0
10/09/2014,0,0,91.5(-0.54 %),0,0,0,0,0,0.0
11/09/2014,-10,-910000,92(0.55 %),0,0,10,910000,0,0.0
12/09/2014,0,0,92.5(0.54 %),0,0,0,0,0,0.0
15/09/2014,-850,-78200000,92(-0.54 %),0,0,850,78200000,4,49.0
16/09/2014,0,0,90(-2.17 %),0,0,0,0,0,0.0
17/09/2014,10,920000,92(2.22 %),10,920000,0,0,0,0.0
18/09/2014,0,0,90.5(-1.63 %),31406,3077788000,31406,3077788000,0,0.0
19/09/2014,-850,-76500000,91(0.55 %),850,76925000,1700,153425000,0,0.0
22/09/2014,0,0,90.5(-0.55 %),0,0,0,0,0,0.0
23/09/2014,0,0,91.5(1.10 %),0,0,0,0,0,0.0
24/09/2014,0,0,92(0.55 %),0,0,0,0,4,48.86
25/09/2014,1700,156400000,91.5(-0.54 %),1700,156400000,0,0,0,48.86
26/09/2014,0,0,91.5(0.00 %),33330,3249675000,33330,3249675000,4,48.86
29/09/2014,0,0,92(0.55 %),0,0,0,0,0,0.0
30/09/2014,0,0,91.5(-0.54 %),26667,2613370000,26667,2613370000,4,0.0
01/10/2014,0,0,91.5(0.00 %),0,0,0,0,4,0.0
02/10/2014,-30270,-2754610000,92(0.55 %),0,0,30270,2754610000,4,0.0
03/10/2014,0,0,95(3.26 %),0,0,0,0,0,0.0
06/10/2014,0,0,95(0.00 %),146700,14816700000,146700,14816700000,0,0.0
07/10/2014,-100,-9500000,94.5(-0.53 %),0,0,100,9500000,0,0.0
08/10/2014,28940,2932060000,94.5(0.00 %),30270,3057270000,1330,125210000,0,0.0
09/10/2014,0,0,94.5(0.00 %),0,0,0,0,0,0.0
10/10/2014,-10,-945000,94(-0.53 %),0,0,10,945000,0,0.0
13/10/2014,100,9400000,92.5(-1.60 %),100,9400000,0,0,4,48.86
14/10/2014,1330,124355000,92.5(0.00 %),21330,2094355000,20000,1970000000,0,48.86
15/10/2014,0,0,92.5(0.00 %),0,0,0,0,4,48.86
16/10/2014,10,925000,91(-1.62 %),10,925000,0,0,0,48.86
17/10/2014,0,0,91.5(0.55 %),0,0,0,0,4,48.86
20/10/2014,-9660,-879060000,91.5(0.00 %),0,0,9660,879060000,9664,48.85
21/10/2014,0,0,91.5(0.00 %),20000,1950000000,20000,1950000000,9664,48.85
22/10/2014,0,0,91.5(0.00 %),0,0,0,0,9664,48.85
23/10/2014,-12670,-1159305000,91.5(0.00 %),0,0,12670,1159305000,22334,48.83
24/10/2014,9660,893550000,92(0.55 %),9660,893550000,0,0,12674,48.85
27/10/2014,0,0,90.5(-1.63 %),0,0,0,0,12674,48.85
29/10/2014,12670,1178310000,92.5(0.54 %),12670,1178310000,0,0,4,48.86
30/10/2014,-260,-24310000,93.5(1.08 %),0,0,260,24310000,264,48.86
31/10/2014,0,0,94(0.53 %),0,0,0,0,264,48.86
03/11/2014,0,0,94.5(0.53 %),23128,2289672000,23128,2289672000,4,48.86
04/11/2014,-640,-60160000,94(-0.53 %),0,0,640,60160000,644,48.86
05/11/2014,260,24570000,95(1.06 %),260,24570000,0,0,384,48.86
06/11/2014,-10,-955000,95(0.00 %),100000,10100000000,100010,10100955000,394,48.86
07/11/2014,0,0,95(0.00 %),150000,15150000000,150000,15150000000,394,48.86
10/11/2014,640,61440000,97(2.11 %),50640,4861440000,50000,4800000000,0,48.86
11/11/2014,-900,-87500000,97.5(0.52 %),0,0,900,87500000,4,48.86
12/11/2014,10,980000,97.5(0.00 %),10,980000,0,0,0,48.86
13/11/2014,0,0,97.5(0.00 %),50000,4832500000,50000,4832500000,4,48.86
14/11/2014,0,0,97(-0.51 %),0,0,0,0,4,48.86
17/11/2014,900,87750000,97(0.00 %),900,87750000,0,0,0,48.86
18/11/2014,0,0,96(-1.03 %),0,0,0,0,4,48.86
19/11/2014,0,0,94(-2.08 %),0,0,0,0,4,48.86
20/11/2014,0,0,94.5(0.53 %),0,0,0,0,4,0.0
21/11/2014,0,0,95(0.53 %),0,0,0,0,4,0.0
24/11/2014,0,0,95(0.00 %),0,0,0,0,4,0.0
25/11/2014,-130,-12290000,94.5(-0.53 %),0,0,130,12290000,4,0.0
26/11/2014,0,0,94(-0.53 %),183933,18577230000,183933,18577230000,4,0.0
27/11/2014,-2270,-211110000,94(0.00 %),0,0,2270,211110000,4,0.0
28/11/2014,0,0,94(0.00 %),0,0,0,0,4,0.0
01/12/2014,130,12220000,93.5(-0.53 %),130,12220000,0,0,4,0.0
02/12/2014,-1020,-94860000,93.5(0.00 %),100000,10000000000,101020,10094860000,4,0.0
03/12/2014,2270,217920000,93.5(0.00 %),25603,2551220000,23333,2333300000,4,0.0
04/12/2014,0,0,93.5(0.00 %),20000,2000000000,20000,2000000000,4,0.0
05/12/2014,-5000,-465000000,93.5(0.00 %),0,0,5000,465000000,4,0.0
08/12/2014,0,0,93.5(0.00 %),21020,2095370000,21020,2095370000,4,0.0
09/12/2014,0,0,93(-0.53 %),0,0,0,0,4,0.0
10/12/2014,-900,-82800000,93(0.00 %),0,0,900,82800000,4,0.0
11/12/2014,5000,465000000,93(0.00 %),5000,465000000,0,0,4,0.0
12/12/2014,-240,-22175000,92.5(-0.54 %),1020,94860000,1260,117035000,244,48.86
15/12/2014,0,0,91.5(-1.08 %),23333,2298300000,23333,2298300000,4,0.0
16/12/2014,900,83250000,92(0.55 %),900,83250000,0,0,4,0.0
17/12/2014,0,0,92(0.00 %),0,0,0,0,4,0.0
18/12/2014,1260,116550000,91(-1.09 %),1260,116550000,0,0,4,0.0
19/12/2014,0,0,91.5(0.55 %),0,0,0,0,4,0.0
22/12/2014,0,0,93(1.64 %),100000,9750000000,100000,9750000000,4,48.86
23/12/2014,0,0,93(0.00 %),0,0,0,0,4,0.0
24/12/2014,-850,-77040000,92.5(-0.54 %),0,0,850,77040000,4,0.0
25/12/2014,-1280,-116960000,93(0.54 %),0,0,1280,116960000,4,0.0
26/12/2014,0,0,91(-2.15 %),0,0,0,0,4,48.86
29/12/2014,0,0,92(1.10 %),20000,1940000000,20000,1940000000,4,48.86
30/12/2014,-40,-3640000,93(1.09 %),850,77350000,890,80990000,44,48.86
31/12/2014,1280,120320000,96(3.23 %),1280,120320000,0,0,0,48.86
05/01/2015,0,0,95(-1.04 %),93300,9516600000,93300,9516600000,4,48.86
06/01/2015,0,0,95(0.00 %),0,0,0,0,4,48.86
07/01/2015,630,59850000,94(-1.05 %),890,84550000,260,24700000,0,48.86
08/01/2015,-2130,-198090000,94(0.00 %),0,0,2130,198090000,4,48.86
09/01/2015,0,0,94(0.00 %),0,0,0,0,4,48.86
12/01/2015,-250,-23250000,92.5(-1.60 %),0,0,250,23250000,254,48.86
13/01/2015,250,23500000,93(0.54 %),29460,2900640000,29210,2877140000,4,48.86
14/01/2015,2130,201285000,94(1.08 %),2130,201285000,0,0,0,48.86
15/01/2015,-850,-78460000,93(-1.06 %),20000,2000000000,20850,2078460000,4,48.86
16/01/2015,250,23375000,92.5(-0.54 %),40250,4003375000,40000,3980000000,0,48.86
19/01/2015,10,920000,92.5(0.00 %),10,920000,0,0,4,48.86
20/01/2015,-3350,-311550000,93(0.54 %),0,0,3350,311550000,3354,48.86
21/01/2015,860,80410000,93(0.00 %),860,80410000,0,0,2494,48.86
22/01/2015,0,0,92.5(-0.54 %),20000,1990000000,20000,1990000000,2494,48.86
23/01/2015,-17000,-1530000000,90(-2.70 %),0,0,17000,1530000000,19494,48.84
26/01/2015,-7920,-712800000,92(2.22 %),3350,301500000,11270,1014300000,27414,48.83
27/01/2015,-7800,-702000000,92(0.00 %),0,0,7800,702000000,35214,48.82
28/01/2015,0,0,92.5(0.54 %),0,0,0,0,35214,48.82
29/01/2015,15720,1477680000,93(0.54 %),17000,1598000000,1280,120320000,19494,48.84
30/01/2015,10900,1019335000,93(0.00 %),11270,1053745000,370,34410000,8594,48.85
02/02/2015,7170,670395000,93(0.00 %),57800,5704300000,50630,5033905000,1424,48.86
03/02/2015,-5780,-527040000,90(-3.23 %),100000,9950000000,105780,10477040000,7204,48.85
04/02/2015,1240,112840000,92(2.22 %),1280,116480000,40,3640000,5964,48.85
05/02/2015,-1130,-103960000,92(0.00 %),370,34040000,1500,138000000,7094,48.85
06/02/2015,630,57960000,92.5(0.54 %),80630,7897960000,80000,7840000000,6464,48.85
09/02/2015,5770,539505000,92.5(0.00 %),25780,2510430000,20010,1970925000,694,48.86
10/02/2015,40,3700000,91.5(-1.08 %),40,3700000,0,0,654,48.86
11/02/2015,1500,136500000,92(0.55 %),101500,9886500000,100000,9750000000,0,48.86
12/02/2015,-1440,-132480000,93(1.09 %),50000,4900000000,51440,5032480000,0,48.86
13/02/2015,10,930000,93(0.00 %),50010,4975930000,50000,4975000000,0,48.86
24/02/2015,-1670,-153640000,91.5(-1.61 %),50000,4975000000,51670,5128640000,0,48.86
25/02/2015,0,0,91(-0.55 %),0,0,0,0,0,48.86
26/02/2015,1060,97180000,91(0.00 %),101440,9831760000,100380,9734580000,0,48.86
27/02/2015,0,0,91(0.00 %),0,0,0,0,0,48.86
02/03/2015,1670,152805000,91.5(0.55 %),101670,9852805000,100000,9700000000,0,48.86
03/03/2015,-1050,-95730000,92(0.55 %),20000,1950000000,21050,2045730000,0,48.86
04/03/2015,380,34960000,92(0.00 %),160380,15714960000,160000,15680000000,0,48.86
05/03/2015,0,0,92.5(0.54 %),0,0,0,0,0,48.86
06/03/2015,-2190,-201480000,92(-0.54 %),0,0,2190,201480000,0,48.86
09/03/2015,1050,97125000,92.5(0.54 %),1050,97125000,0,0,0,48.86
10/03/2015,-2120,-193980000,92(-0.54 %),0,0,2120,193980000,0,48.86
11/03/2015,-3380,-307580000,91.5(-0.54 %),0,0,3380,307580000,0,48.86
12/03/2015,2190,201480000,91(-0.55 %),102190,9951480000,100000,9750000000,0,48.86
13/03/2015,0,0,91.5(0.55 %),0,0,0,0,0,48.86
16/03/2015,2120,195040000,92(0.55 %),2120,195040000,0,0,0,48.86
17/03/2015,3380,310960000,91.5(-0.54 %),3380,310960000,0,0,0,48.86
18/03/2015,-20,-1820000,90(-1.64 %),0,0,20,1820000,0,48.86
19/03/2015,-110,-9900000,90.5(0.56 %),0,0,110,9900000,0,48.86
20/03/2015,0,0,90.5(0.00 %),0,0,0,0,0,48.86
23/03/2015,-1490,-133355000,90(-0.55 %),0,0,1490,133355000,0,48.86
24/03/2015,20,1800000,90(0.00 %),20,1800000,0,0,0,48.86
25/03/2015,20,1800000,89(-1.11 %),20,1800000,0,0,0,48.86
26/03/2015,0,0,90(1.12 %),0,0,0,0,0,48.86
27/03/2015,1490,134100000,90(0.00 %),1490,134100000,0,0,0,48.86
30/03/2015,0,0,90(0.00 %),0,0,0,0,0,48.86
31/03/2015,0,0,89.5(-0.56 %),40000,3840000000,40000,3840000000,0,48.86
01/04/2015,0,0,89(-0.56 %),0,0,0,0,0,48.86
02/04/2015,0,0,88.5(-0.56 %),49795,4730525000,49795,4730525000,0,48.86
03/04/2015,0,0,88.5(0.00 %),0,0,0,0,6,48.86
06/04/2015,0,0,88(-0.56 %),20000,1890000000,20000,1890000000,6,48.86
07/04/2015,0,0,88(0.00 %),0,0,0,0,6,48.86
08/04/2015,0,0,87.5(-0.57 %),0,0,0,0,6,48.86
09/04/2015,0,0,87.5(0.00 %),20000,1870000000,20000,1870000000,6,48.86
10/04/2015,0,0,87(-0.57 %),0,0,0,0,6,48.86
13/04/2015,0,0,85(-2.30 %),0,0,0,0,6,48.86
14/04/2015,0,0,84(-1.18 %),0,0,0,0,6,48.86
15/04/2015,0,0,84(0.00 %),100000,8950000000,100000,8950000000,6,48.86
16/04/2015,0,0,85.5(1.79 %),0,0,0,0,6,48.86
17/04/2015,0,0,86(0.58 %),0,0,0,0,6,48.86
20/04/2015,0,0,85(-1.16 %),0,0,0,0,6,48.86
21/04/2015,0,0,86(1.18 %),0,0,0,0,6,48.86
22/04/2015,0,0,85.5(-0.58 %),28700,2640400000,28700,2640400000,6,48.86
23/04/2015,-3200,-270400000,87(1.75 %),20000,1820000000,23200,2090400000,3206,48.86
24/04/2015,0,0,87(0.00 %),20000,1860000000,20000,1860000000,3206,48.86
27/04/2015,0,0,84(-3.45 %),0,0,0,0,3206,48.86
04/05/2015,0,0,84(0.00 %),0,0,0,0,6,48.86
05/05/2015,3200,268800000,81(-3.57 %),3200,268800000,0,0,0,48.86
06/05/2015,-10330,-829840000,81(0.00 %),20000,1510000000,30330,2339840000,6,48.86
07/05/2015,0,0,81(0.00 %),0,0,0,0,6,48.86
08/05/2015,10,800000,78(0.00 %),10,800000,0,0,0,48.86
11/05/2015,0,0,76(-2.56 %),40000,3320000000,40000,3320000000,2,48.86
12/05/2015,10330,785080000,73(-3.95 %),260330,21035080000,250000,20250000000,0,48.87
13/05/2015,0,0,73(0.00 %),180000,14040000000,180000,14040000000,2,48.86
14/05/2015,0,0,75(2.74 %),0,0,0,0,2,48.86
15/05/2015,-5430,-396490000,73(-2.67 %),180000,14400000000,185430,14796490000,5432,48.85
18/05/2015,-6830,-498590000,71(-2.74 %),100000,7800000000,106830,8298590000,12262,48.85
19/05/2015,0,0,71.5(0.70 %),260000,19630000000,260000,19630000000,12262,48.85
20/05/2015,0,0,73(2.10 %),100000,7650000000,100000,7650000000,12262,48.85
21/05/2015,5430,401820000,73.5(0.68 %),105430,8201820000,100000,7800000000,6832,48.85
22/05/2015,6830,498590000,73(-0.68 %),106830,8348590000,100000,7850000000,2,48.86
25/05/2015,0,0,76(4.11 %),0,0,0,0,2,48.86
26/05/2015,0,0,75(-1.32 %),0,0,0,0,2,48.86
27/05/2015,0,0,75(0.00 %),0,0,0,0,2,48.86
28/05/2015,0,0,74(-1.33 %),0,0,0,0,2,48.86
29/05/2015,0,0,73(-1.35 %),0,0,0,0,2,48.86
01/06/2015,0,0,72.5(-0.68 %),0,0,0,0,2,48.86
02/06/2015,-1920,-137280000,72.5(0.00 %),63600,4929000000,65520,5066280000,1922,48.86
03/06/2015,0,0,72.5(0.00 %),50000,3750000000,50000,3750000000,1922,48.86
04/06/2015,0,0,72.5(0.00 %),0,0,0,0,1922,48.86
05/06/2015,0,0,72(-0.69 %),0,0,0,0,1922,48.86
08/06/2015,1920,140160000,72.5(0.69 %),1920,140160000,0,0,2,48.86
09/06/2015,0,0,73(0.69 %),0,0,0,0,2,48.86
10/06/2015,0,0,74(1.37 %),0,0,0,0,2,48.86
11/06/2015,-9760,-718430000,74(0.00 %),0,0,9760,718430000,9762,48.85
12/06/2015,0,0,74(0.00 %),60000,4740000000,60000,4740000000,9762,48.85
15/06/2015,0,0,72.5(-2.03 %),0,0,0,0,9762,48.85
16/06/2015,0,0,72.5(0.00 %),100000,7750000000,100000,7750000000,9762,48.85
17/06/2015,9760,722240000,73(0.69 %),9760,722240000,0,0,2,48.86
18/06/2015,-1080,-78300000,73(0.00 %),0,0,1080,78300000,1082,48.86
19/06/2015,0,0,73(0.00 %),0,0,0,0,1082,48.86
22/06/2015,-1280,-92800000,73(0.00 %),0,0,1280,92800000,2362,48.86
23/06/2015,-690,-50715000,73(0.00 %),0,0,690,50715000,3052,48.86
24/06/2015,1080,79380000,74(1.37 %),1080,79380000,0,0,1972,48.86
25/06/2015,-1220,-89680000,74(0.00 %),0,0,1220,89680000,3192,48.86
26/06/2015,460,33630000,74(0.00 %),1280,94720000,820,61090000,2732,48.86
29/06/2015,690,51405000,75(1.35 %),690,51405000,0,0,2042,48.86
30/06/2015,-6690,-495060000,73.5(-2.00 %),101770,8141600000,108460,8636660000,8732,48.85
01/07/2015,1220,89670000,73.5(0.00 %),1220,89670000,0,0,8,48.86
02/07/2015,830,61420000,73(-0.68 %),830,61420000,0,0,0,49.0
03/07/2015,0,0,73.5(0.68 %),0,0,0,0,2,49.0
06/07/2015,5840,435505000,73.5(0.00 %),6690,498405000,850,62900000,0,49.01
07/07/2015,0,0,73(-0.68 %),0,0,0,0,2,49.0
08/07/2015,0,0,73(0.00 %),400000,31200000000,400000,31200000000,2,49.0
09/07/2015,-4260,-313110000,73.5(0.68 %),272000,20721000000,276260,21034110000,4262,49.0
10/07/2015,850,62900000,73.5(0.00 %),220850,17332900000,220000,17270000000,3412,49.0
13/07/2015,0,0,73(-0.68 %),0,0,0,0,3412,49.0
14/07/2015,0,0,73.5(0.68 %),0,0,0,0,3412,49.0
15/07/2015,2130,158685000,74(0.68 %),4260,315240000,2130,156555000,1282,49.0
16/07/2015,0,0,73.5(-0.68 %),0,0,0,0,1282,49.0
17/07/2015,-260,-19110000,73.5(0.00 %),0,0,260,19110000,1542,49.0
20/07/2015,0,0,74(0.68 %),0,0,0,0,1542,49.0
21/07/2015,-1870,-138380000,74(0.00 %),2130,157620000,4000,296000000,3412,49.0
22/07/2015,0,0,73(-1.35 %),0,0,0,0,3412,49.0
23/07/2015,-590,-43940000,78(6.85 %),260,19110000,850,63050000,4002,49.0
24/07/2015,0,0,80.5(3.21 %),0,0,0,0,4002,49.0
27/07/2015,4000,326000000,80(-0.62 %),329000,28276000000,325000,27950000000,2,49.0
28/07/2015,0,0,77(-3.75 %),86000,7353000000,86000,7353000000,2,49.0
29/07/2015,850,65450000,75(-2.60 %),40850,3345450000,40000,3280000000,0,49.0
30/07/2015,0,0,76(1.33 %),0,0,0,0,2,49.0
31/07/2015,0,0,74(-2.63 %),0,0,0,0,2,49.0
03/08/2015,-6760,-493180000,72.5(-2.03 %),0,0,6760,493180000,2,49.0
04/08/2015,0,0,74(2.07 %),0,0,0,0,2,49.0
05/08/2015,0,0,74(0.00 %),0,0,0,0,2,49.0
06/08/2015,0,0,73.5(-0.68 %),0,0,0,0,2,49.0
07/08/2015,6760,507000000,74(0.68 %),6760,507000000,0,0,0,49.01
10/08/2015,0,0,74.5(0.68 %),0,0,0,0,7,49.0
11/08/2015,-190,-14250000,74.5(0.00 %),0,0,190,14250000,197,49.0
12/08/2015,-5150,-376690000,74.5(0.00 %),0,0,5150,376690000,5347,48.99
13/08/2015,0,0,74(-0.67 %),0,0,0,0,5347,48.99
14/08/2015,0,0,73(-1.35 %),0,0,0,0,5347,48.99
17/08/2015,190,13870000,73.5(0.68 %),190,13870000,0,0,5157,48.99
18/08/2015,5150,378530000,73(-0.68 %),5150,378530000,0,0,7,49.0
19/08/2015,0,0,73(0.00 %),0,0,0,0,7,49.0
20/08/2015,0,0,72.5(-0.68 %),238000,16384000000,238000,16384000000,7,49.0
21/08/2015,0,0,70(-3.45 %),530960,41149400000,530960,41149400000,7,49.0
24/08/2015,0,0,65.5(-6.43 %),194879,14518490000,194879,14518490000,7,49.0
25/08/2015,-1600,-100800000,64.5(-1.53 %),20000,1400000000,21600,1500800000,1607,49.0
26/08/2015,0,0,67(3.88 %),200000,13800000000,200000,13800000000,1607,49.0
27/08/2015,0,0,71(5.97 %),0,0,0,0,1607,49.0
28/08/2015,0,0,70.5(-0.70 %),0,0,0,0,1607,49.0
31/08/2015,1600,115200000,70.5(0.00 %),1600,115200000,0,0,7,49.0
01/09/2015,0,0,69(-2.13 %),25000,1875000000,25000,1875000000,8,49.0
03/09/2015,-1060,-72080000,66(-4.35 %),74420,5469870000,75480,5541950000,1068,49.0
04/09/2015,-20,-1320000,66.5(0.76 %),0,0,20,1320000,1088,49.0
07/09/2015,-420,-27930000,66.5(0.00 %),150000,10650000000,150420,10677930000,1508,49.0
08/09/2015,0,0,66(-0.75 %),0,0,0,0,1508,49.0
09/09/2015,-4160,-274560000,66(0.00 %),1060,69960000,5220,344520000,5668,48.99
10/09/2015,20,1330000,64.5(-2.27 %),20,1330000,0,0,5648,48.99
11/09/2015,430,28170000,65(0.78 %),430,28170000,0,0,5218,48.99
14/09/2015,-80,-5160000,65(0.00 %),0,0,80,5160000,5298,48.99
15/09/2015,5220,339300000,64.5(-0.77 %),5220,339300000,0,0,78,49.0
16/09/2015,0,0,64.5(0.00 %),0,0,0,0,78,49.0
17/09/2015,0,0,64(-0.78 %),0,0,0,0,78,49.0
18/09/2015,-15040,-975200000,65.5(2.34 %),80,5160000,15120,980360000,15118,48.98
21/09/2015,0,0,64.5(-1.53 %),0,0,0,0,15118,48.98
22/09/2015,0,0,65(0.78 %),0,0,0,0,15118,48.98
23/09/2015,-780,-51100000,65(0.00 %),10,650000,790,51750000,15898,48.98
24/09/2015,11030,727980000,65(0.00 %),15120,997920000,4090,269940000,4868,48.99
25/09/2015,0,0,65.5(0.77 %),0,0,0,0,4868,48.99
28/09/2015,-2130,-138450000,66(0.76 %),0,0,2130,138450000,6998,48.99
29/09/2015,790,52140000,65(-1.52 %),790,52140000,0,0,6208,48.99
30/09/2015,4090,267900000,66.5(2.31 %),4090,267900000,0,0,2118,49.0
01/10/2015,0,0,66.5(0.00 %),0,0,0,0,2118,49.0
02/10/2015,2130,143780000,67(0.75 %),2130,143780000,0,0,0,49.0
05/10/2015,-640,-43520000,69.5(3.73 %),0,0,640,43520000,0,49.0
06/10/2015,0,0,72(3.60 %),0,0,0,0,0,49.0
07/10/2015,-6630,-463810000,70(-2.78 %),0,0,6630,463810000,0,49.0
08/10/2015,0,0,69.5(-0.71 %),60130,4479690000,60130,4479690000,0,49.0
09/10/2015,640,44800000,69.5(0.00 %),640,44800000,0,0,0,49.0
12/10/2015,0,0,67.5(-2.88 %),0,0,0,0,0,49.0
13/10/2015,6630,450840000,68(0.74 %),6630,450840000,0,0,0,49.0
14/10/2015,0,0,67(-1.47 %),0,0,0,0,0,49.0
15/10/2015,0,0,67(0.00 %),0,0,0,0,0,49.0
16/10/2015,0,0,67.5(0.75 %),67226,4806660000,67226,4806660000,0,49.0
19/10/2015,0,0,68(0.74 %),0,0,0,0,0,49.0
20/10/2015,0,0,68(0.00 %),0,0,0,0,0,49.0
21/10/2015,0,0,69(1.47 %),0,0,0,0,0,49.0
22/10/2015,0,0,69(0.00 %),0,0,0,0,0,49.0
23/10/2015,0,0,69.5(0.72 %),0,0,0,0,0,49.0
26/10/2015,0,0,68.5(-1.44 %),0,0,0,0,0,49.0
27/10/2015,0,0,68.5(0.00 %),0,0,0,0,0,49.0
28/10/2015,0,0,68.5(0.00 %),0,0,0,0,0,49.0
29/10/2015,0,0,71.5(4.38 %),0,0,0,0,0,49.0
30/10/2015,0,0,71(-0.70 %),0,0,0,0,0,49.0
02/11/2015,0,0,69.5(-2.11 %),0,0,0,0,0,49.0
03/11/2015,0,0,69.5(0.00 %),0,0,0,0,0,49.0
04/11/2015,0,0,68.5(-1.44 %),0,0,0,0,0,49.0
05/11/2015,0,0,68(-0.73 %),0,0,0,0,0,49.0
06/11/2015,0,0,69(1.47 %),0,0,0,0,0,49.0
09/11/2015,0,0,70.5(2.17 %),0,0,0,0,0,49.0
10/11/2015,-1410,-97290000,70(-0.71 %),0,0,1410,97290000,0,49.0
11/11/2015,0,0,70.5(0.71 %),0,0,0,0,0,49.0
12/11/2015,0,0,69.5(-1.42 %),0,0,0,0,0,49.0
13/11/2015,0,0,69.5(0.00 %),110000,7735000000,110000,7735000000,0,49.0
16/11/2015,1410,98000000,68.5(-1.44 %),235410,16361000000,234000,16263000000,0,49.0
17/11/2015,-1600,-110180000,68(-0.73 %),119243,8704740000,120843,8814920000,0,49.0
18/11/2015,-3000,-206490000,69(1.47 %),0,0,3000,206490000,0,49.0
19/11/2015,0,0,69(0.00 %),0,0,0,0,0,49.0
20/11/2015,0,0,69(0.00 %),0,0,0,0,0,49.0
23/11/2015,1600,111200000,68.5(-0.72 %),1600,111200000,0,0,0,49.0
24/11/2015,3000,207000000,68.5(0.00 %),64000,4660000000,61000,4453000000,0,49.0
25/11/2015,0,0,67(-2.19 %),0,0,0,0,0,49.0
26/11/2015,0,0,67(0.00 %),0,0,0,0,0,49.0
27/11/2015,-320,-21600000,66.5(-0.75 %),0,0,320,21600000,0,49.0
30/11/2015,-940,-62040000,66(-0.75 %),0,0,940,62040000,0,49.0
01/12/2015,0,0,67(1.52 %),0,0,0,0,0,49.0
02/12/2015,0,0,67(0.00 %),0,0,0,0,0,49.0
03/12/2015,-140,-9170000,67(0.00 %),320,20960000,460,30130000,0,49.0
04/12/2015,940,62980000,66.5(-0.75 %),940,62980000,0,0,4,49.0
07/12/2015,0,0,65(-2.26 %),0,0,0,0,4,49.0
08/12/2015,-7120,-466360000,66(1.54 %),0,0,7120,466360000,4,49.0
09/12/2015,-1390,-90640000,65.5(-0.76 %),460,30590000,1850,121230000,4,49.0
10/12/2015,0,0,63.5(-3.05 %),0,0,0,0,4,49.0
11/12/2015,0,0,64(0.79 %),0,0,0,0,4,49.0
14/12/2015,5160,337980000,63.5(-0.78 %),7120,466360000,1960,128380000,4,49.0
15/12/2015,1850,119330000,64(0.79 %),1850,119330000,0,0,4,49.0
16/12/2015,-3400,-215900000,64(0.00 %),0,0,3400,215900000,6,49.0
17/12/2015,0,0,65.5(2.34 %),0,0,0,0,6,49.0
18/12/2015,1960,130340000,66.5(1.53 %),1960,130340000,0,0,6,49.0
21/12/2015,0,0,65(-2.26 %),0,0,0,0,6,49.0
22/12/2015,1890,123980000,66(1.54 %),3400,224400000,1510,100420000,6,49.0
23/12/2015,0,0,66(0.00 %),36000,2538000000,36000,2538000000,6,49.0
24/12/2015,0,0,65.5(-0.76 %),0,0,0,0,6,49.0
25/12/2015,0,0,65(-0.76 %),0,0,0,0,6,49.0
28/12/2015,1510,99660000,64.5(-0.77 %),1510,99660000,0,0,6,49.0
29/12/2015,0,0,65.5(1.55 %),0,0,0,0,6,49.0
30/12/2015,10,670000,66.5(1.53 %),10,670000,0,0,2,49.0
31/12/2015,0,0,66.5(0.00 %),0,0,0,0,2,49.0
04/01/2016,-330,-21780000,65.5(-1.50 %),0,0,330,21780000,2,49.0
05/01/2016,0,0,65(-0.76 %),0,0,0,0,2,49.0
06/01/2016,0,0,65(0.00 %),0,0,0,0,2,49.0
07/01/2016,330,21780000,65(0.00 %),330,21780000,0,0,2,49.0
08/01/2016,0,0,65(0.00 %),0,0,0,0,2,49.0
11/01/2016,0,0,64(-1.54 %),0,0,0,0,2,49.0
12/01/2016,-1620,-103680000,64(0.00 %),0,0,1620,103680000,2,49.0
13/01/2016,-270,-17420000,64(0.00 %),0,0,270,17420000,2,49.0
14/01/2016,0,0,63(-1.56 %),110000,7480000000,110000,7480000000,2,49.0
15/01/2016,1620,103680000,63(0.00 %),1620,103680000,0,0,4,49.0
18/01/2016,270,17150000,61.5(-2.38 %),200270,13417150000,200000,13400000000,4,49.0
19/01/2016,-10,-640000,63(2.44 %),0,0,10,640000,4,49.0
20/01/2016,0,0,62.5(-0.79 %),0,0,0,0,10,49.0
21/01/2016,-920,-57500000,62.5(0.00 %),101480,6748390000,102400,6805890000,0,49.0
22/01/2016,10,630000,62.5(0.00 %),10,630000,0,0,0,49.0
25/01/2016,-130,-8320000,63.5(1.60 %),0,0,130,8320000,0,49.0
26/01/2016,-1390,-82710000,63(-0.79 %),930,59060000,2320,141770000,0,49.0
27/01/2016,0,0,63(0.00 %),0,0,0,0,0,49.0
28/01/2016,90,5700000,63(0.00 %),70130,4698260000,70040,4692560000,0,49.0
29/01/2016,-550,-35200000,66(4.76 %),2320,148480000,2870,183680000,0,49.0
01/02/2016,0,0,66.5(0.76 %),0,0,0,0,0,49.0
02/02/2016,40,2660000,70.5(6.02 %),40,2660000,0,0,0,49.0
03/02/2016,870,57770000,73(3.55 %),42870,3203770000,42000,3146000000,0,49.0
04/02/2016,0,0,73(0.00 %),0,0,0,0,0,49.0
05/02/2016,0,0,73(0.00 %),0,0,0,0,0,49.0
15/02/2016,1540,115190000,75(2.74 %),2000,149000000,460,33810000,0,49.0
16/02/2016,-500,-39500000,79(5.33 %),0,0,500,39500000,0,49.0
17/02/2016,-500,-40000000,80(1.27 %),135000,11407500000,135500,11447500000,0,49.0
18/02/2016,460,37490000,79(-1.25 %),127700,10916510000,127240,10879020000,0,49.0
19/02/2016,500,39500000,79(0.00 %),500,39500000,0,0,0,49.0
22/02/2016,500,39500000,83(5.06 %),500,39500000,0,0,0,49.0
23/02/2016,0,0,83(0.00 %),75000,6637500000,75000,6637500000,0,49.0
24/02/2016,0,0,83(0.00 %),30000,2655000000,30000,2655000000,0,49.0
25/02/2016,-660,-55110000,83.5(0.60 %),0,0,660,55110000,0,49.0
26/02/2016,0,0,87(4.19 %),0,0,0,0,0,49.0
29/02/2016,-10,-890000,89.5(2.87 %),45000,4185000000,45010,4185890000,0,49.0
01/03/2016,660,59400000,89(-0.56 %),50660,4834400000,50000,4775000000,0,49.0
02/03/2016,0,0,89(0.00 %),0,0,0,0,0,49.0
03/03/2016,0,0,87(-2.25 %),140000,13300000000,140000,13300000000,10,49.0
04/03/2016,-14830,-1292500000,87(0.00 %),24710,2297960000,39540,3590460000,0,49.0
07/03/2016,-420,-36960000,85(-2.30 %),0,0,420,36960000,0,49.0
08/03/2016,0,0,84(-1.18 %),180000,16290000000,180000,16290000000,0,49.0
09/03/2016,14360,1227860000,86(2.38 %),14840,1268820000,480,40960000,0,49.0
10/03/2016,420,36120000,87(1.16 %),420,36120000,0,0,0,49.0
11/03/2016,0,0,86.5(-0.57 %),72000,6696000000,72000,6696000000,0,49.0
14/03/2016,480,41520000,85.5(-1.16 %),480,41520000,0,0,0,49.0
15/03/2016,-15630,-1316160000,85(-0.58 %),0,0,15630,1316160000,0,49.0
16/03/2016,-60,-5010000,83.5(-1.76 %),0,0,60,5010000,0,49.0
17/03/2016,0,0,85(1.80 %),0,0,0,0,0,49.0
18/03/2016,12750,1102200000,85(0.00 %),15630,1344180000,2880,241980000,0,49.0
21/03/2016,-9770,-818120000,83.5(-1.76 %),60,5100000,9830,823220000,0,49.0
22/03/2016,0,0,83(-0.60 %),0,0,0,0,0,49.0
23/03/2016,2880,241920000,87(4.82 %),2880,241920000,0,0,0,49.0
24/03/2016,9830,869960000,86.5(-0.57 %),9830,869960000,0,0,0,49.0
25/03/2016,0,0,85.5(-1.16 %),0,0,0,0,0,49.0
28/03/2016,0,0,85.5(0.00 %),50910,4480080000,50910,4480080000,0,49.0
29/03/2016,0,0,87(1.75 %),0,0,0,0,0,49.0
30/03/2016,0,0,87.5(0.57 %),0,0,0,0,0,49.0
31/03/2016,-910,-78720000,84(-4.00 %),121000,11067500000,121910,11146220000,0,49.0
01/04/2016,0,0,84(0.00 %),0,0,0,0,0,49.0
04/04/2016,0,0,85(1.19 %),53970,4830320000,53970,4830320000,6,49.0
05/04/2016,910,76900000,86(1.18 %),910,76900000,0,0,6,49.0
06/04/2016,0,0,87(1.16 %),0,0,0,0,6,49.0
07/04/2016,0,0,86(-1.15 %),0,0,0,0,6,49.0
08/04/2016,0,0,89.5(4.07 %),70000,6440000000,70000,6440000000,6,49.0
11/04/2016,0,0,92(2.79 %),80000,7360000000,80000,7360000000,6,49.0
12/04/2016,-430,-39360000,91(-1.09 %),0,0,430,39360000,6,49.0
13/04/2016,0,0,92(1.10 %),0,0,0,0,6,49.0
14/04/2016,-500,-45500000,90(-2.17 %),79500,7359320000,80000,7404820000,6,49.0
15/04/2016,430,39130000,89.5(-0.56 %),430,39130000,0,0,6,49.0
19/04/2016,0,0,83.5(-6.70 %),39610,3782760000,39610,3782760000,6,49.0
20/04/2016,-80,-7050000,84.5(1.20 %),500,42250000,580,49300000,6,49.0
21/04/2016,-490,-41650000,85(0.59 %),10,850000,500,42500000,5,49.0
22/04/2016,10,860000,85.5(0.59 %),10,860000,0,0,1,49.0
25/04/2016,580,49590000,84.5(-1.17 %),580,49590000,0,0,1,49.0
26/04/2016,500,42250000,86(1.78 %),500,42250000,0,0,1,49.0
27/04/2016,-20,-1710000,85.5(-0.58 %),0,0,20,1710000,4,49.0
28/04/2016,-3970,-339440000,85.5(0.00 %),0,0,3970,339440000,4,49.0
29/04/2016,-250,-21250000,84.5(-1.17 %),24520,2231320000,24770,2252570000,4,49.0
04/05/2016,20,1680000,84.5(0.00 %),20,1680000,0,0,4,49.0
05/05/2016,3110,264630000,87(2.96 %),3970,339440000,860,74810000,4,49.0
06/05/2016,-8710,-744700000,85.5(-1.72 %),250,21380000,8960,766080000,4,49.0
09/05/2016,-4530,-385580000,85.5(0.00 %),343143,27451440000,347673,27837020000,4,49.0
10/05/2016,860,73530000,85(-0.58 %),38680,3288230000,37820,3214700000,4,49.0
11/05/2016,8960,761600000,85.5(0.59 %),8960,761600000,0,0,4,49.0
12/05/2016,4210,362380000,84.5(-1.17 %),4530,389580000,320,27200000,4,49.0
13/05/2016,-820,-69290000,85(0.59 %),0,0,820,69290000,4,49.0
16/05/2016,0,0,85(0.00 %),37000,3166460000,37000,3166460000,4,49.0
17/05/2016,-480,-39440000,82(0.61 %),320,26560000,800,66000000,4,49.0
18/05/2016,820,67240000,82(0.00 %),820,67240000,0,0,7,49.0
19/05/2016,-5830,-475150000,81(-1.22 %),0,0,5830,475150000,7,49.0
20/05/2016,800,65200000,80.5(-0.62 %),99160,8534160000,98360,8468960000,7,49.0
23/05/2016,0,0,78(-3.11 %),0,0,0,0,7,49.0
24/05/2016,5830,454740000,78.5(0.64 %),5830,454740000,0,0,7,49.0
25/05/2016,0,0,78.5(0.00 %),0,0,0,0,7,49.0
26/05/2016,-1570,-122460000,78(-0.64 %),0,0,1570,122460000,7,49.0
27/05/2016,0,0,78(0.00 %),0,0,0,0,7,49.0
30/05/2016,0,0,76.5(-1.92 %),0,0,0,0,7,49.0
31/05/2016,1570,120105000,76(-0.65 %),1570,120105000,0,0,0,49.0
01/06/2016,0,0,76.5(0.66 %),0,0,0,0,7,49.0
02/06/2016,0,0,77.5(1.31 %),0,0,0,0,7,49.0
03/06/2016,0,0,78(0.65 %),0,0,0,0,7,49.0
06/06/2016,0,0,78(0.00 %),0,0,0,0,7,49.0
07/06/2016,0,0,77.5(-0.64 %),0,0,0,0,7,49.0
08/06/2016,-360,-27900000,77(-0.65 %),0,0,360,27900000,7,49.0
09/06/2016,0,0,78(1.30 %),0,0,0,0,7,49.0
10/06/2016,0,0,83(6.41 %),0,0,0,0,7,49.0
13/06/2016,-160,-13800000,82.5(-0.60 %),360,29880000,520,43680000,7,49.0
14/06/2016,0,0,84(1.82 %),0,0,0,0,7,49.0
15/06/2016,0,0,88(4.76 %),0,0,0,0,7,49.0
16/06/2016,520,45760000,88(0.00 %),520,45760000,0,0,7,49.0
17/06/2016,0,0,85(-3.41 %),0,0,0,0,7,49.0
20/06/2016,-20,-1700000,86.5(1.76 %),10,850000,30,2550000,1,49.0
21/06/2016,0,0,87(0.58 %),0,0,0,0,1,49.0
22/06/2016,0,0,88.5(1.72 %),0,0,0,0,1,49.0
23/06/2016,30,2700000,94(6.21 %),30,2700000,0,0,1,49.0
24/06/2016,0,0,92(-2.13 %),0,0,0,0,1,49.0
27/06/2016,0,0,90.5(-1.63 %),0,0,0,0,1,49.0
28/06/2016,-50,-4830000,94.5(4.42 %),0,0,50,4830000,1,49.0
29/06/2016,0,0,98.5(4.23 %),0,0,0,0,1,49.0
30/06/2016,-50,-5000000,103(4.57 %),0,0,50,5000000,1,49.0
01/07/2016,-7300,-739200000,101(-1.94 %),67976,7477010000,75276,8216210000,1,49.0
04/07/2016,-300,-30600000,101(0.00 %),66400,7171200000,66700,7201800000,1,49.0
05/07/2016,50,5100000,99.5(-1.49 %),132750,14336700000,132700,14331600000,1,49.0
06/07/2016,7350,727650000,99.5(0.00 %),7350,727650000,0,0,1,49.0
07/07/2016,300,29700000,106(6.53 %),300,29700000,0,0,1,49.0
08/07/2016,-10560,-1103770000,104(-1.89 %),0,0,10560,1103770000,1,49.0
11/07/2016,-4260,-438780000,101(-2.88 %),0,0,4260,438780000,1,49.0
12/07/2016,0,0,101(0.00 %),0,0,0,0,1,49.0
13/07/2016,10560,1077120000,99.5(-1.49 %),10560,1077120000,0,0,1,49.0
14/07/2016,4260,430260000,96(-3.52 %),4260,430260000,0,0,1,49.0
15/07/2016,0,0,92.5(-3.65 %),0,0,0,0,1,49.0
18/07/2016,0,0,92(-0.54 %),0,0,0,0,1,49.0
19/07/2016,-120,-11220000,93(1.09 %),0,0,120,11220000,1,49.0
20/07/2016,0,0,92.5(-0.54 %),0,0,0,0,1,49.0
21/07/2016,-10,-930000,93(0.54 %),0,0,10,930000,1,49.0
22/07/2016,120,11160000,90.5(-2.69 %),120,11160000,0,0,1,49.0
25/07/2016,0,0,90.5(0.00 %),453360,41029080000,453360,41029080000,1,49.0
26/07/2016,0,0,90.5(0.00 %),0,0,0,0,11,49.0
27/07/2016,0,-10000,93(2.76 %),10,900000,10,910000,1,49.0
28/07/2016,0,0,93(0.00 %),0,0,0,0,1,49.0
29/07/2016,0,0,92.5(-0.54 %),0,0,0,0,7,49.0
01/08/2016,10,930000,90.5(-2.16 %),10,930000,0,0,7,49.0
02/08/2016,-6220,-552080000,88.5(-2.21 %),0,0,6220,552080000,7,49.0
03/08/2016,-960,-84480000,87(-1.69 %),0,0,960,84480000,7,49.0
04/08/2016,0,0,87(0.00 %),224800,20906400000,224800,20906400000,7,49.0
05/08/2016,6220,541140000,86.5(-0.57 %),6220,541140000,0,0,7,49.0
08/08/2016,-3300,-295140000,89(2.89 %),960,84000000,4260,379140000,7,49.0
09/08/2016,-8560,-763610000,90.5(1.69 %),0,0,8560,763610000,7,49.0
10/08/2016,-4000,-367000000,92.5(2.21 %),0,0,4000,367000000,7,49.0
11/08/2016,4260,396180000,96(3.78 %),4260,396180000,0,0,7,49.0
12/08/2016,8560,838880000,95.5(-0.52 %),8560,838880000,0,0,7,49.0
15/08/2016,4000,388000000,96.5(1.05 %),4000,388000000,0,0,7,49.0
16/08/2016,-110,-11110000,101(4.66 %),25000,2575000000,25110,2586110000,7,49.0
17/08/2016,-50,-5100000,103(1.98 %),0,0,50,5100000,7,49.0
18/08/2016,0,0,100(-2.91 %),0,0,0,0,7,49.0
19/08/2016,-11250,-1080470000,96(-4.00 %),110,11000000,11360,1091470000,7,49.0
22/08/2016,50,4880000,96(0.00 %),50,4880000,0,0,7,49.0
23/08/2016,-760,-72960000,96(0.00 %),0,0,760,72960000,7,49.0
24/08/2016,11360,1101920000,96.5(0.52 %),11360,1101920000,0,0,7,49.0
25/08/2016,0,0,96.5(0.00 %),0,0,0,0,7,49.0
26/08/2016,760,74100000,96.5(0.00 %),760,74100000,0,0,7,49.0
29/08/2016,0,0,93.5(-3.11 %),0,0,0,0,7,49.0
30/08/2016,-2350,-218400000,95.5(2.14 %),0,0,2350,218400000,7,49.0
31/08/2016,0,0,96.5(1.05 %),0,0,0,0,7,49.0
01/09/2016,0,0,97.5(1.04 %),0,0,0,0,7,49.0
05/09/2016,2350,232650000,99.5(2.05 %),2350,232650000,0,0,7,49.0
06/09/2016,0,0,97.5(-2.01 %),0,0,0,0,7,49.0
07/09/2016,0,0,100(2.56 %),0,0,0,0,7,49.0
08/09/2016,-100,-10200000,103(3.00 %),0,0,100,10200000,7,49.0
09/09/2016,0,0,105(1.94 %),209613,23057430000,209613,23057430000,7,49.0
12/09/2016,0,0,103.4(-1.52 %),0,0,0,0,7,49.0
13/09/2016,-100,-10480000,104.5(1.06 %),100,10390000,200,20870000,7,49.0
14/09/2016,-100,-10780000,106.2(1.63 %),0,0,100,10780000,7,49.0
15/09/2016,-1820,-198300000,110(3.58 %),0,0,1820,198300000,7,49.0
16/09/2016,200,22000000,112.1(1.91 %),200,22000000,0,0,7,49.0
19/09/2016,-350,-40200000,114(1.69 %),100,11210000,450,51410000,7,49.0
20/09/2016,1820,205840000,113.6(-0.35 %),1820,205840000,0,0,7,49.0
21/09/2016,0,0,111(-2.29 %),0,0,0,0,7,49.0
22/09/2016,450,49950000,108(-2.70 %),450,49950000,0,0,7,49.0
23/09/2016,0,0,108(0.00 %),0,0,0,0,7,49.0
26/09/2016,0,0,110.5(2.31 %),0,0,0,0,7,49.0
27/09/2016,0,0,110.5(0.00 %),0,0,0,0,7,49.0
28/09/2016,-400,-43760000,109.4(-1.00 %),0,0,400,43760000,7,49.0
29/09/2016,-1500,-166160000,110.1(0.64 %),0,0,1500,166160000,7,49.0
30/09/2016,0,0,112(1.73 %),0,0,0,0,7,49.0
03/10/2016,-2730,-308690000,116.3(3.84 %),400,45000000,3130,353690000,7,49.0
04/10/2016,1180,137470000,113(-2.84 %),1500,174750000,320,37280000,7,49.0
05/10/2016,0,0,112(-0.88 %),0,0,0,0,7,49.0
06/10/2016,3130,352130000,111.9(-0.09 %),3130,352130000,0,0,7,49.0
07/10/2016,320,35970000,111.5(-0.36 %),49240,5891690000,48920,5855720000,7,49.0
10/10/2016,0,0,108.1(-3.05 %),0,0,0,0,7,49.0
11/10/2016,0,0,108.1(0.00 %),0,0,0,0,7,49.0
12/10/2016,0,0,110(1.76 %),0,0,0,0,7,49.0
13/10/2016,-990,-108990000,110.1(0.09 %),10,1110000,1000,110100000,6,49.0
14/10/2016,0,0,109.6(-0.45 %),0,0,0,0,6,49.0
17/10/2016,0,0,109.5(-0.09 %),0,0,0,0,6,49.0
18/10/2016,1000,108100000,108.3(-1.10 %),1000,108100000,0,0,9,49.0
19/10/2016,0,0,109.5(1.11 %),0,0,0,0,9,49.0
20/10/2016,-520,-56940000,108.6(-0.82 %),39600,4637160000,40120,4694100000,9,49.0
21/10/2016,0,0,101(-7.00 %),0,0,0,0,9,49.0
24/10/2016,-6390,-631390000,95.6(-5.35 %),0,0,6390,631390000,9,49.0
25/10/2016,520,49920000,97.5(1.99 %),520,49920000,0,0,9,49.0
26/10/2016,0,0,97.8(0.31 %),0,0,0,0,9,49.0
27/10/2016,5390,534240000,98.2(0.41 %),6390,631970000,1000,97730000,9,49.0
28/10/2016,-500,-49000000,99.9(1.73 %),0,0,500,49000000,9,49.0
31/10/2016,-500,-49950000,98.5(-1.40 %),0,0,500,49950000,9,49.0
01/11/2016,1000,98900000,99(0.51 %),1000,98900000,0,0,9,49.0
02/11/2016,-500,-49000000,97.5(-1.52 %),500,49000000,1000,98000000,9,49.0
03/11/2016,500,48750000,97(-0.51 %),500,48750000,0,0,9,49.0
04/11/2016,0,0,98.5(1.55 %),0,0,0,0,9,49.0
07/11/2016,1000,98600000,98.4(-0.10 %),1000,98600000,0,0,9,49.0
08/11/2016,-500,-49150000,97.5(-0.91 %),0,0,500,49150000,9,49.0
09/11/2016,0,0,95.2(-2.36 %),0,0,0,0,9,49.0
10/11/2016,0,0,97.9(2.84 %),0,0,0,0,9,49.0
11/11/2016,500,48900000,97.7(-0.20 %),500,48900000,0,0,9,49.0
14/11/2016,-1970,-189900000,96.2(-1.54 %),0,0,1970,189900000,9,49.0
15/11/2016,-3410,-326600000,97(0.83 %),0,0,3410,326600000,9,49.0
16/11/2016,0,0,97.5(0.52 %),0,0,0,0,9,49.0
17/11/2016,1970,192470000,99.5(2.05 %),1970,192470000,0,0,9,49.0
18/11/2016,3410,341000000,98.8(-0.70 %),103410,10981000000,100000,10640000000,9,49.0
21/11/2016,0,0,98.4(-0.40 %),0,0,0,0,9,49.0
22/11/2016,-880,-85360000,97.8(-0.61 %),66580,7004220000,67460,7089580000,9,49.0
23/11/2016,-800,-77890000,97.7(-0.10 %),0,0,800,77890000,9,49.0
24/11/2016,0,0,100.7(3.07 %),0,0,0,0,9,49.0
25/11/2016,380,38180000,99.5(-1.19 %),880,88530000,500,50350000,9,49.0
28/11/2016,-3720,-372000000,98.5(-1.01 %),800,80000000,4520,452000000,9,49.0
29/11/2016,-18240,-1749150000,98.2(-0.30 %),0,0,18240,1749150000,9,49.0
30/11/2016,500,49100000,98.2(0.00 %),500,49100000,0,0,9,49.0
01/12/2016,4520,446120000,97.5(-0.71 %),4520,446120000,0,0,9,49.0
02/12/2016,18180,1781640000,98(0.51 %),18240,1787520000,60,5880000,9,49.0
05/12/2016,0,0,97.3(-0.71 %),0,0,0,0,9,49.0
06/12/2016,0,0,95.3(-2.06 %),165903,17270500000,165903,17270500000,9,49.0
07/12/2016,-440,-41790000,95(-0.31 %),60,5710000,500,47500000,9,49.0
08/12/2016,0,0,96.9(2.00 %),0,0,0,0,9,49.0
09/12/2016,0,0,96.4(-0.52 %),0,0,0,0,9,49.0
12/12/2016,-1030,-98230000,94(-2.49 %),20500,2107750000,21530,2205980000,9,49.0
13/12/2016,0,0,92.5(-1.60 %),164710,16553360000,164710,16553360000,15,49.0
14/12/2016,10,930000,95.4(3.14 %),10,930000,0,0,5,49.0
15/12/2016,250,23750000,95(-0.42 %),1530,145350000,1280,121600000,5,49.0
16/12/2016,0,0,95(0.00 %),0,0,0,0,7,49.0
19/12/2016,0,0,96(1.05 %),0,0,0,0,5,49.0
20/12/2016,-10460,-996510000,95(-1.04 %),1290,124490000,11750,1121000000,7,49.0
21/12/2016,0,0,95(0.00 %),56000,5689600000,56000,5689600000,7,49.0
22/12/2016,0,0,94.2(-0.84 %),0,0,0,0,7,49.0
23/12/2016,11750,1116250000,94.8(0.64 %),46560,4621620000,34810,3505370000,7,49.0
26/12/2016,0,0,95.3(0.53 %),0,0,0,0,7,49.0
27/12/2016,0,0,95(-0.31 %),0,0,0,0,7,49.0
28/12/2016,0,0,94.9(-0.11 %),0,0,0,0,7,49.0
29/12/2016,0,0,97.2(2.42 %),0,0,0,0,7,49.0
30/12/2016,0,0,98(0.82 %),0,0,0,0,7,49.0
03/01/2017,-2000,-197690000,98.9(0.92 %),0,0,2000,197690000,7,49.0
04/01/2017,-3200,-316480000,102.3(3.44 %),0,0,3200,316480000,7,49.0
05/01/2017,-800,-81440000,102.3(0.00 %),0,0,800,81440000,7,49.0
06/01/2017,2000,204600000,101(-1.27 %),2000,204600000,0,0,7,49.0
09/01/2017,3200,325760000,101.5(0.50 %),3200,325760000,0,0,7,49.0
10/01/2017,-2400,-247840000,102.8(1.28 %),800,81760000,3200,329600000,7,49.0
11/01/2017,0,0,105.2(2.33 %),0,0,0,0,7,49.0
12/01/2017,-350,-36720000,105(-0.19 %),10,1050000,360,37770000,3,49.0
13/01/2017,3200,336000000,106(0.95 %),3200,336000000,0,0,3,49.0
16/01/2017,-1610,-169270000,104.1(-1.79 %),0,0,1610,169270000,3,49.0
17/01/2017,-1160,-121460000,105(0.86 %),360,37440000,1520,158900000,3,49.0
18/01/2017,0,0,106(0.95 %),0,0,0,0,3,49.0
19/01/2017,1610,170660000,108.8(2.64 %),1610,170660000,0,0,3,49.0
20/01/2017,1520,167200000,109.8(0.92 %),108030,12564960000,106510,12397760000,3,49.0
23/01/2017,0,0,108.5(-1.18 %),0,0,0,0,3,49.0
24/01/2017,-5500,-594500000,107.5(-0.92 %),21160,2454560000,26660,3049060000,3,49.0
25/01/2017,-47390,-5162320000,110(2.33 %),0,0,47390,5162320000,3,49.0
02/02/2017,-3880,-436780000,111(0.91 %),689340,81135320000,693220,81572100000,3,49.0
03/02/2017,4500,510750000,112.5(1.35 %),5500,624250000,1000,113500000,3,49.0
06/02/2017,46970,5544480000,114.3(1.60 %),67390,7998020000,20420,2453540000,3,49.0
07/02/2017,2390,278780000,114.8(0.44 %),3880,451240000,1490,172460000,9,49.0
08/02/2017,1000,115000000,114.5(-0.26 %),1000,115000000,0,0,9,49.0
09/02/2017,430,49410000,115.2(0.61 %),204090,24997760000,203660,24948350000,2,49.0
10/02/2017,1390,160560000,114.6(-0.52 %),1500,173250000,110,12690000,1,49.0
13/02/2017,-300,-34380000,114(-0.52 %),0,0,300,34380000,1,49.0
14/02/2017,-1160,-132180000,114.1(0.09 %),0,0,1160,132180000,1,49.0
15/02/2017,110,12630000,112(-1.84 %),110,12630000,0,0,1,49.0
16/02/2017,300,33480000,113(0.89 %),300,33480000,0,0,1,49.0
17/02/2017,-16900,-1874900000,112.5(-0.44 %),1160,131660000,18060,2006560000,1,49.0
20/02/2017,0,0,111.7(-0.71 %),0,0,0,0,1,49.0
21/02/2017,10,1110000,112(0.27 %),10,1110000,0,0,0,49.0
22/02/2017,18060,2049810000,116.9(4.38 %),18060,2049810000,0,0,0,49.0
23/02/2017,0,0,115.9(-0.86 %),60000,7500000000,60000,7500000000,0,49.0
24/02/2017,0,0,115.9(0.00 %),0,0,0,0,0,49.0
27/02/2017,0,0,115(-0.78 %),0,0,0,0,6,49.0
28/02/2017,0,0,114(-0.87 %),0,0,0,0,0,49.0
01/03/2017,0,0,114.8(0.70 %),0,0,0,0,6,49.0
02/03/2017,-100,-11500000,114.9(0.09 %),0,0,100,11500000,6,49.0
03/03/2017,0,0,115(0.09 %),0,0,0,0,6,49.0
06/03/2017,0,0,115(0.00 %),0,0,0,0,6,49.0
07/03/2017,-300,-36130000,121.6(5.74 %),100,11510000,400,47640000,6,49.0
08/03/2017,0,0,120.2(-1.15 %),0,0,0,0,6,49.0
09/03/2017,-150,-18340000,122.9(2.25 %),0,0,150,18340000,6,49.0
10/03/2017,-6320,-774200000,121.1(-1.46 %),400,49000000,6720,823200000,6,49.0
13/03/2017,-50,-6200000,124.4(2.73 %),0,0,50,6200000,6,49.0
14/03/2017,150,18680000,124.1(-0.24 %),25150,3346180000,25000,3327500000,6,49.0
15/03/2017,6720,838660000,122.6(-1.21 %),6720,838660000,0,0,6,49.0
16/03/2017,50,6150000,123.5(0.73 %),50,6150000,0,0,6,49.0
17/03/2017,0,0,123.6(0.08 %),20890,2759570000,20890,2759570000,6,49.0
20/03/2017,0,0,122.2(-1.13 %),0,0,0,0,6,49.0
21/03/2017,10,1220000,122(-0.16 %),10,1220000,0,0,6,49.0
22/03/2017,0,0,123.5(1.23 %),0,0,0,0,6,49.0
23/03/2017,0,0,125.1(1.30 %),0,0,0,0,6,49.0
24/03/2017,0,0,125(-0.08 %),0,0,0,0,6,49.0
27/03/2017,-50,-6460000,131(4.80 %),0,0,50,6460000,6,49.0
28/03/2017,0,0,132.1(0.84 %),0,0,0,0,6,49.0
29/03/2017,-50,-6700000,132.3(0.15 %),113570,16047440000,113620,16054140000,6,49.0
30/03/2017,-50,-6650000,137.1(3.63 %),50,6650000,100,13300000,6,49.0
31/03/2017,-50,-6930000,138.4(0.95 %),80000,11728000000,80050,11734930000,6,49.0
03/04/2017,-50,-6900000,136.4(-1.45 %),110260,16317980000,110310,16324880000,2,49.0
04/04/2017,100,13640000,135.9(-0.37 %),100,13640000,0,0,2,49.0
05/04/2017,50,6780000,134(-1.40 %),141210,20531440000,141160,20524660000,7,49.0
07/04/2017,100,13500000,134.3(0.22 %),100,13500000,0,0,7,49.0
10/04/2017,0,0,133.3(-0.74 %),0,0,0,0,7,49.0
11/04/2017,-1000,-135000000,135(1.28 %),0,0,1000,135000000,7,49.0
12/04/2017,0,0,134(-0.74 %),0,0,0,0,7,49.0
13/04/2017,0,0,133.8(-0.15 %),0,0,0,0,7,49.0
14/04/2017,1000,134200000,135.3(1.12 %),1000,134200000,0,0,7,49.0
17/04/2017,0,0,134.5(-0.59 %),0,0,0,0,7,49.0
18/04/2017,0,0,134.7(0.15 %),0,0,0,0,7,49.0
19/04/2017,-1700,-226900000,134(-0.52 %),0,0,1700,226900000,7,49.0
20/04/2017,0,0,133.1(-0.67 %),21330,3056590000,21330,3056590000,7,49.0
21/04/2017,-1920,-256700000,133.7(0.45 %),0,0,1920,256700000,7,49.0
24/04/2017,-4990,-667400000,134.4(0.52 %),1700,226950000,6690,894350000,7,49.0
25/04/2017,0,0,134.4(0.00 %),47000,6758600000,47000,6758600000,7,49.0
26/04/2017,1920,258050000,139(3.42 %),1920,258050000,0,0,7,49.0
27/04/2017,6690,941950000,145(4.32 %),562690,83619150000,556000,82677200000,7,49.0
28/04/2017,0,0,145(0.00 %),0,0,0,0,7,49.0
03/05/2017,-680,-98600000,144.5(-0.34 %),0,0,680,98600000,7,49.0
04/05/2017,-6100,-861000000,141(0.00 %),0,0,6100,861000000,7,49.0
05/05/2017,0,0,140(-0.71 %),0,0,0,0,7,49.0
08/05/2017,-1000,-139130000,137.7(-1.64 %),110680,16571840000,111680,16710970000,7,49.0
09/05/2017,6100,847290000,138(0.22 %),6100,847290000,0,0,7,49.0
10/05/2017,0,0,139(0.72 %),0,0,0,0,7,49.0
11/05/2017,1560,217620000,137.8(-0.86 %),1680,234360000,120,16740000,7,49.0
12/05/2017,0,0,139.4(1.16 %),0,0,0,0,7,49.0
15/05/2017,0,0,144.9(3.95 %),0,0,0,0,7,49.0
16/05/2017,120,17440000,143.6(-0.90 %),126630,19626490000,126510,19609050000,7,49.0
17/05/2017,-30,-4380000,149(3.76 %),30000,4608000000,30030,4612380000,7,49.0
18/05/2017,0,0,150(0.67 %),60000,9564000000,60000,9564000000,7,49.0
19/05/2017,0,0,148.4(-1.07 %),166000,26643000000,166000,26643000000,7,49.0
22/05/2017,-2530,-374950000,149.2(0.54 %),30,4440000,2560,379390000,7,49.0
23/05/2017,-50,-7500000,151.9(1.81 %),60000,9564000000,60050,9571500000,7,49.0
24/05/2017,0,0,157.9(3.95 %),20000,3250000000,20000,3250000000,7,49.0
25/05/2017,2560,406020000,157.6(-0.19 %),2560,406020000,0,0,7,49.0
26/05/2017,-128790,-14475110000,112.4(6.98 %),217025,24393540000,345815,38868650000,7,49.0
29/05/2017,-41860,-4789210000,114.4(1.78 %),0,0,41860,4789210000,7,49.0
30/05/2017,-83400,-9369210000,111.7(-2.36 %),0,0,83400,9369210000,7,49.0
31/05/2017,-83920,-9150720000,108(-3.31 %),111070,12524660000,194990,21675380000,104777,48.88
01/06/2017,9580,1045700000,108.5(0.46 %),9580,1045700000,0,0,137057,48.84
02/06/2017,84960,9508560000,112.5(3.69 %),169110,19185980000,84150,9677420000,111347,48.87
05/06/2017,-14130,-1596660000,112.5(0.00 %),52350,6209090000,66480,7805750000,206987,48.76
06/06/2017,-6370,-719360000,112.2(-0.27 %),7420,836390000,13790,1555750000,199567,48.77
07/06/2017,-47480,-5346240000,112.1(-0.09 %),7570,855950000,55050,6202190000,216147,48.75
08/06/2017,93180,11056000000,119.9(6.96 %),159410,18996980000,66230,7940980000,140717,48.84
09/06/2017,36450,4605940000,127.8(6.59 %),56570,7121240000,20120,2515300000,97937,48.89
12/06/2017,-36890,-4705830000,124.5(-2.58 %),7510,970750000,44400,5676580000,145477,48.83
13/06/2017,-16120,-2030020000,126.3(1.45 %),5480,689870000,21600,2719890000,148727,48.83
14/06/2017,-22280,-2805540000,126.1(-0.16 %),20460,2578610000,42740,5384150000,148387,48.83
15/06/2017,-91630,-11634280000,126.4(0.24 %),9040,1142450000,100670,12776730000,183747,48.79
16/06/2017,8640,1129950000,129(2.06 %),232710,30024580000,224070,28894630000,172637,48.8
19/06/2017,118000,15030080000,126.5(-1.94 %),166330,21236850000,48330,6206770000,49047,48.94
20/06/2017,-32240,-4175550000,128(1.19 %),142550,18074730000,174790,22250280000,102167,48.88
21/06/2017,-156890,-20163780000,129(0.78 %),131190,16910600000,288080,37074380000,64927,48.93
22/06/2017,-87840,-11237670000,128(-0.78 %),59290,7599280000,147130,18836950000,53852,73.44
23/06/2017,83640,10565680000,125.5(-1.95 %),133640,16902080000,50000,6336400000,2,73.5
26/06/2017,-31140,-3703760000,120(-4.38 %),57540,7004150000,88680,10707910000,160662,73.32
27/06/2017,-19070,-2620290000,123(2.50 %),86740,10410360000,105810,13030650000,262802,48.8
28/06/2017,-59520,-7438260000,124.2(0.98 %),108250,13368420000,167770,20806680000,262802,48.8
29/06/2017,37490,4641180000,124.3(0.08 %),37590,4653530000,100,12350000,313892,48.76
30/06/2017,86880,10779550000,124.3(0.00 %),86880,10779550000,0,0,332822,48.75
03/07/2017,-190990,-23699480000,122(-1.85 %),104070,12945490000,295060,36644970000,296522,48.77
04/07/2017,-36830,-4538130000,120.9(-0.90 %),65530,7944920000,102360,12483050000,273702,48.79
05/07/2017,17640,2145590000,121.8(0.74 %),166750,20205530000,149110,18059940000,256062,48.8
06/07/2017,23240,2837010000,121.9(0.08 %),62380,7611530000,39140,4774520000,488742,48.63
07/07/2017,33760,4065540000,120.1(-1.48 %),85760,10394200000,52000,6328660000,484422,48.63
10/07/2017,-4480,-519540000,116(-3.41 %),29540,3466770000,34020,3986310000,481547,48.63
11/07/2017,-93660,-10556980000,113(-2.59 %),42790,4857380000,136450,15414360000,451237,48.65
12/07/2017,-45070,-5187530000,115(1.77 %),58180,6677130000,103250,11864660000,423367,48.68
13/07/2017,-254390,-29311770000,116.1(0.96 %),444900,51172930000,699290,80484700000,12487,48.99
14/07/2017,102970,12541290000,121.5(4.65 %),102970,12541290000,0,0,45967,48.96
17/07/2017,2210,264480000,117.2(-3.54 %),2210,264480000,0,0,147007,48.89
18/07/2017,170070,20010440000,118.8(1.37 %),170180,20023170000,110,12730000,676117,48.48
19/07/2017,10550,1249130000,119(0.17 %),11310,1339090000,760,89960000,664807,48.49
20/07/2017,54130,6387000000,118(-0.84 %),84300,9949370000,30170,3562370000,580507,48.56
21/07/2017,35460,4218560000,114(-3.39 %),95360,11121800000,59900,6903240000,485257,48.63
24/07/2017,143700,16362630000,114.7(0.61 %),427830,48744920000,284130,32382290000,308192,48.76
25/07/2017,-6600,-775710000,114.8(0.09 %),19920,2272930000,26520,3048640000,318442,48.76
26/07/2017,-41550,-4754610000,117.8(2.61 %),44120,5141520000,85670,9896130000,304582,48.77
27/07/2017,20600,2424630000,116(-1.53 %),63770,7474050000,43170,5049420000,304582,48.77
28/07/2017,-7250,-834240000,115.8(-0.17 %),18020,2080810000,25270,2915050000,313098,48.76
31/07/2017,-35230,-4098790000,116.4(0.52 %),85340,9913730000,120570,14012520000,313428,48.76
01/08/2017,-8740,-1022620000,116(-0.34 %),40500,4719270000,49240,5741890000,316098,48.76
02/08/2017,118270,13765720000,116(0.00 %),215430,25065690000,97160,11299970000,125938,48.9
03/08/2017,20750,2378950000,114.4(-1.38 %),27220,3123180000,6470,744230000,219297,48.83
04/08/2017,60270,6813370000,113.8(-0.52 %),61080,6905310000,810,91940000,207457,48.84
07/08/2017,56780,6408800000,112.2(-1.41 %),62130,7012820000,5350,604020000,242487,48.81
08/08/2017,-27180,-2990460000,109.5(-2.41 %),20090,2223650000,47270,5214110000,228867,48.82
09/08/2017,-10590,-1096380000,107.8(-1.55 %),50420,5519280000,61010,6615660000,179257,48.86
10/08/2017,12700,1395320000,108.9(1.02 %),18800,2060330000,6100,665010000,165807,48.87
11/08/2017,3070,335350000,109(0.09 %),3870,422070000,800,86720000,209207,48.84
14/08/2017,206610,23248820000,113.9(4.50 %),221540,24950840000,14930,1702020000,48677,48.96
15/08/2017,16300,1862320000,113(-0.79 %),18000,2053740000,1700,191420000,36777,48.97
16/08/2017,-12630,-1415700000,112.1(-0.80 %),3180,358790000,15810,1774490000,34397,48.97
17/08/2017,-9870,-1109820000,111(-0.98 %),3460,388900000,13330,1498720000,45867,48.96
18/08/2017,-1490,-160280000,110(-0.90 %),3510,391870000,5000,552150000,44057,48.97
21/08/2017,24550,2721470000,110.8(0.73 %),47200,5233890000,22650,2512420000,12688,48.99
22/08/2017,6660,751350000,109.3(-1.35 %),26010,2881310000,19350,2129960000,8,49.0
23/08/2017,-4440,-483770000,109.3(0.00 %),1760,192440000,6200,676210000,3248,49.0
24/08/2017,23590,2620510000,109.4(0.09 %),25890,2873790000,2300,253280000,8,49.0
25/08/2017,17950,1988330000,110.3(0.82 %),19350,2143200000,1400,154870000,8,49.0
28/08/2017,3710,408800000,110.3(0.00 %),6200,682750000,2490,273950000,8,49.0
29/08/2017,-10910,-1198050000,110(-0.27 %),1100,120450000,12010,1318500000,1208,49.0
30/08/2017,2600,286150000,109.4(-0.55 %),2600,286150000,0,0,8,49.0
31/08/2017,1560,171620000,108.9(-0.46 %),2490,273400000,930,101780000,8,49.0
01/09/2017,12010,1318700000,109.2(0.28 %),12010,1318700000,0,0,8,49.0
05/09/2017,-17800,-1930230000,108.2(-0.92 %),0,0,17800,1930230000,8,49.0
06/09/2017,-19570,-2093260000,105.9(-2.13 %),930,100630000,20500,2193890000,8,49.0
07/09/2017,-2640,-275830000,104.3(-1.51 %),0,0,2640,275830000,8,49.0
08/09/2017,4400,494580000,105.5(1.15 %),56930,6267950000,52530,5773370000,8,49.0
11/09/2017,20400,2301700000,106.5(0.95 %),20500,2312400000,100,10700000,8,49.0
12/09/2017,-13940,-1477930000,106(-0.47 %),2640,281160000,16580,1759090000,8,49.0
13/09/2017,13400,1439160000,107.9(1.79 %),58400,6344160000,45000,4905000000,8,49.0
14/09/2017,100,10800000,107.8(-0.09 %),100,10800000,0,0,8,49.0
15/09/2017,9750,1053100000,112.2(4.08 %),16580,1805560000,6830,752460000,8,49.0
18/09/2017,10,1120000,110.9(-0.27 %),10,1120000,0,0,7,49.0
19/09/2017,0,0,109(-1.71 %),0,0,0,0,7,49.0
20/09/2017,-110,-8950000,108.7(-0.28 %),47830,5216890000,47940,5225840000,2,49.0
21/09/2017,0,0,107.3(-1.29 %),32260,3500210000,32260,3500210000,2,49.0
22/09/2017,-1570,-167990000,106.3(-0.93 %),0,0,1570,167990000,7,49.0
25/09/2017,4850,512690000,108.3(1.88 %),6950,739280000,2100,226590000,7,49.0
26/09/2017,0,0,108(-0.28 %),0,0,0,0,7,49.0
27/09/2017,1570,170350000,107(-0.93 %),1570,170350000,0,0,7,49.0
28/09/2017,2100,224700000,106.5(-0.47 %),2100,224700000,0,0,7,49.0
29/09/2017,0,0,106.5(0.00 %),0,0,0,0,7,49.0
02/10/2017,0,0,106.1(-0.38 %),0,0,0,0,7,49.0
03/10/2017,0,0,106.1(0.00 %),0,0,0,0,7,49.0
04/10/2017,-4560,-479710000,106(-0.09 %),0,0,4560,479710000,7,49.0
05/10/2017,-10,-1060000,105.8(-0.19 %),0,0,10,1060000,7,49.0
06/10/2017,0,0,105.3(-0.47 %),0,0,0,0,7,49.0
09/10/2017,4460,472370000,104.6(-0.66 %),24560,2734900000,20100,2262530000,7,49.0
10/10/2017,-8190,-856150000,104.4(-0.19 %),10,1050000,8200,857200000,7,49.0
11/10/2017,-2750,-289070000,105.2(0.77 %),0,0,2750,289070000,7,49.0
12/10/2017,70,7350000,107.1(1.81 %),100,10570000,30,3220000,7,49.0
13/10/2017,8200,884780000,106(-1.03 %),8200,884780000,0,0,7,49.0
16/10/2017,-1230,-130380000,110.5(4.25 %),2750,291500000,3980,421880000,7,49.0
17/10/2017,-20,-2340000,113(2.26 %),30,3340000,50,5680000,7,49.0
18/10/2017,-460,-51750000,111.9(-0.97 %),300000,36270000000,300460,36321750000,7,49.0
19/10/2017,3980,447750000,116.5(4.11 %),3980,447750000,0,0,7,49.0
20/10/2017,50,5720000,114.2(-1.97 %),50,5720000,0,0,9,49.0
23/10/2017,460,52440000,111.6(-2.28 %),460,52440000,0,0,9,49.0
24/10/2017,-5000,-543020000,108(-3.23 %),0,0,5000,543020000,9,49.0
25/10/2017,-40000,-4257990000,105.9(-1.94 %),0,0,40000,4257990000,9,49.0
26/10/2017,-33710,-3577330000,105.9(0.00 %),27640,2971300000,61350,6548630000,9,49.0
27/10/2017,-52920,-5609530000,105.8(-0.09 %),5000,530000000,57920,6139530000,9,49.0
30/10/2017,19290,2077860000,105(-0.76 %),40000,4268610000,20710,2190750000,9,49.0
31/10/2017,-118330,-12091760000,100.3(-4.48 %),10340,1071390000,128670,13163150000,23379,48.98
01/11/2017,-36510,-3518310000,95(-5.28 %),81290,7792140000,117800,11310450000,9,49.0
02/11/2017,3410,270060000,90(-5.26 %),20710,1905540000,17300,1635480000,9,49.0
03/11/2017,24050,2261360000,95.8(6.44 %),34300,3209760000,10250,948400000,94379,48.93
06/11/2017,-12940,-1247870000,97(1.25 %),42800,4139120000,55740,5386990000,169379,48.87
07/11/2017,400,35880000,96.1(-0.93 %),28570,2744250000,28170,2708370000,158109,48.88
08/11/2017,11360,1096110000,96.2(0.10 %),36530,3513150000,25170,2417040000,131829,48.9
09/11/2017,6460,625680000,97(0.83 %),12530,1215310000,6070,589630000,175039,48.87
10/11/2017,26350,2547190000,95.8(-1.24 %),41550,4009270000,15200,1462080000,161659,48.88
13/11/2017,-209610,-19514050000,94(-1.88 %),116920,11103530000,326530,30617580000,69909,48.95
14/11/2017,-109680,-10508550000,95.2(1.28 %),6280,602630000,115960,11111180000,69699,48.95
15/11/2017,-142540,-14010640000,99.5(4.52 %),31650,3119690000,174190,17130330000,53249,48.96
16/11/2017,-22880,-2326520000,102.6(3.12 %),11430,1157620000,34310,3484140000,368349,48.72
17/11/2017,16960,1738710000,100(-2.53 %),89480,9014470000,72520,7275760000,465249,48.64
20/11/2017,79290,7859360000,101.6(1.60 %),81380,8068270000,2090,208910000,558059,48.57
21/11/2017,136750,14127930000,104(2.36 %),137550,14209690000,800,81760000,454819,48.65
22/11/2017,73240,7616440000,104.2(0.19 %),73240,7616440000,0,0,383679,48.71
23/11/2017,6150,609430000,104(-0.19 %),99250,10349280000,93100,9739850000,286519,48.78
24/11/2017,14940,1556560000,104.9(0.87 %),68600,7149920000,53660,5593360000,218719,48.83
27/11/2017,46640,4946350000,106.9(1.91 %),51640,5471350000,5000,525000000,169079,48.87
28/11/2017,-36820,-3879000000,105(-1.78 %),11280,1192930000,48100,5071930000,250899,48.81
29/11/2017,-32190,-3334700000,105.7(0.67 %),14650,1522220000,46840,4856920000,289909,48.78
30/11/2017,8240,883330000,107(1.23 %),8690,931980000,450,48650000,286219,48.78
01/12/2017,25610,2797320000,107.2(0.19 %),28810,3141960000,3200,344640000,305509,48.77
04/12/2017,17610,1916640000,109.7(2.33 %),18950,2061000000,1340,144360000,333399,48.75
05/12/2017,4750,509270000,106(-3.37 %),12870,1377820000,8120,868550000,320979,48.75
06/12/2017,25210,2657380000,106.5(0.47 %),26800,2824890000,1590,167510000,297379,48.77
07/12/2017,8900,950940000,107(0.47 %),8900,950940000,0,0,289819,48.78
08/12/2017,3980,426780000,107(0.00 %),4230,453510000,250,26730000,293709,48.78
11/12/2017,-31450,-3350190000,106.2(-0.75 %),6240,663140000,37690,4013330000,289059,48.78
12/12/2017,-104890,-11174060000,107.7(1.41 %),58780,6293970000,163670,17468030000,230279,48.82
13/12/2017,-129860,-14439760000,112.5(4.46 %),75110,8417610000,204970,22857370000,155419,48.88
14/12/2017,-68410,-7732860000,112.5(0.00 %),45780,5179030000,114190,12911890000,147329,48.89
15/12/2017,-45090,-5021340000,113(0.44 %),3900,436960000,48990,5458300000,307099,48.77
18/12/2017,-28120,-3230940000,115(1.77 %),3220,369560000,31340,3600500000,508849,48.61
19/12/2017,109640,12765610000,116.5(1.30 %),210610,24506860000,100970,11741250000,412429,48.68
20/12/2017,-29140,-3362200000,114(-2.15 %),8240,956970000,37380,4319170000,453184,48.65
21/12/2017,-7880,-913210000,113.5(-0.44 %),40930,4683970000,48810,5597180000,443594,48.66
22/12/2017,50430,5674280000,115(1.32 %),129040,14594050000,78610,8919770000,415538,48.68
25/12/2017,-45060,-5188250000,114(-0.87 %),18560,2129400000,63620,7317650000,434365,48.67
26/12/2017,-42520,-4847390000,114.3(0.26 %),7270,834850000,49790,5682240000,475912,48.64
27/12/2017,-22340,-2530240000,112.3(-1.75 %),183325,20986500000,205665,23516740000,551912,48.58
28/12/2017,149510,17058910000,116.3(4.96 %),584530,67101800000,435020,50042890000,181002,48.86
29/12/2017,-101360,-11767550000,115(-1.12 %),5880,682660000,107240,12450210000,224912,48.83
02/01/2018,13640,1507690000,115(0.00 %),127230,14582610000,113590,13074920000,122632,48.91
03/01/2018,-47430,-5483210000,114.4(-0.52 %),72260,8284120000,119690,13767330000,335392,48.74
04/01/2018,61580,6995220000,113.7(-0.61 %),136360,15503920000,74780,8508700000,306272,48.77
05/01/2018,-3060,-404530000,109.1(-4.05 %),72540,8058750000,75600,8463280000,347322,48.73
08/01/2018,208000,22130260000,107.4(-1.56 %),367140,39243030000,159140,17112770000,99872,48.92
09/01/2018,-288520,-31200230000,108.3(0.84 %),61760,6671860000,350280,37872090000,112892,48.91
10/01/2018,-23100,-2540250000,109.5(1.11 %),188490,20937690000,211590,23477940000,2,49.0
11/01/2018,7050,767800000,109.5(0.00 %),8700,948660000,1650,180860000,150442,48.88
12/01/2018,9480,1028040000,108.3(-1.10 %),14990,1626280000,5510,598240000,485732,48.63
15/01/2018,5810,631450000,110(1.57 %),89800,9769100000,83990,9137650000,687982,48.47
16/01/2018,-110520,-12120940000,108.9(-1.00 %),7610,836450000,118130,12957390000,682022,48.48
17/01/2018,-109190,-11699070000,106(-2.66 %),16230,1735890000,125420,13434960000,671302,48.49
18/01/2018,-148350,-15302800000,103.1(-2.74 %),35970,3692530000,184320,18995330000,638862,48.51
19/01/2018,-17570,-1832520000,104.3(1.16 %),102920,10778670000,120490,12611190000,654072,48.5
22/01/2018,-91090,-9307140000,102(-2.21 %),39950,4082970000,131040,13390110000,739542,48.43
25/01/2018,-419170,-42139130000,99.2(-2.75 %),74950,7513660000,494120,49652790000,1100442,48.16
26/01/2018,-54290,-5510220000,101.8(2.62 %),6710,678970000,61000,6189190000,1093732,48.16
29/01/2018,-130390,-13360790000,101.8(0.00 %),33610,3427680000,164000,16788470000,1060122,48.19
30/01/2018,-259740,-25909950000,99.4(-2.36 %),57620,5749310000,317360,31659260000,1496622,47.86
31/01/2018,-128120,-12741210000,99.5(0.10 %),25900,2575050000,154020,15316260000,1531722,47.83
01/02/2018,-153130,-15018610000,97.3(-2.21 %),28000,2723690000,181130,17742300000,1667722,47.72
02/02/2018,-114170,-10909860000,95.2(-2.16 %),50920,4846620000,165090,15756480000,1934162,47.52
05/02/2018,-67050,-6147410000,90(-5.46 %),10980,1017890000,78030,7165300000,2077202,47.41
06/02/2018,58440,4970630000,87.1(-3.22 %),72390,6180710000,13950,1210080000,2185942,47.33
07/02/2018,-1990,-181460000,93.1(6.89 %),5160,474170000,7150,655630000,2345872,47.21
08/02/2018,7740,743030000,95(2.04 %),8130,780670000,390,37640000,2415772,47.15
09/02/2018,25500,2396320000,97(2.11 %),26500,2491320000,1000,95000000,2403222,47.16
12/02/2018,430,42210000,98.3(1.34 %),3650,356240000,3220,314030000,2406722,47.16
13/02/2018,-19520,-1970880000,103(4.78 %),820,82000000,20340,2052880000,2406297,47.16
21/02/2018,23910,2500650000,105.8(2.72 %),24050,2515280000,140,14630000,2383247,47.18
22/02/2018,9490,992420000,104(-1.70 %),9490,992420000,0,0,2376991,47.18
23/02/2018,2540,264290000,104.5(0.48 %),3080,320390000,540,56100000,2394256,47.17
26/02/2018,-56980,-6025900000,104.1(-0.38 %),3020,318640000,60000,6344540000,2391381,47.17
27/02/2018,-29990,-3159640000,105.6(1.44 %),4540,478510000,34530,3638150000,2386841,47.17
28/02/2018,2970,313220000,104.3(-1.23 %),2970,313220000,0,0,2384411,47.18
01/03/2018,-10930,-1140990000,105(0.67 %),4220,443070000,15150,1584060000,2440191,47.13
02/03/2018,-28920,-3033870000,104.5(-0.48 %),700,73180000,29620,3107050000,2474021,47.11
05/03/2018,-30920,-3188620000,100(-4.31 %),9080,934750000,40000,4123370000,2464941,47.11
06/03/2018,-111400,-11153240000,99.8(-0.20 %),3300,329960000,114700,11483200000,2476791,47.11
07/03/2018,-103000,-10028670000,96.5(-3.31 %),5040,495440000,108040,10524110000,2501371,47.09
08/03/2018,-177600,-17255110000,97(0.52 %),2340,227550000,179940,17482660000,2539031,47.06
09/03/2018,-238090,-23007000000,95.9(-1.13 %),2730,263740000,240820,23270740000,2651001,46.97
12/03/2018,-48195,-4746260000,98.7(2.92 %),2340,231490000,50535,4977750000,2756701,46.89
13/03/2018,-61470,-6062590000,98.7(0.00 %),3910,385530000,65380,6448120000,2932731,46.76
14/03/2018,-615960,-60943150000,98.5(-0.20 %),15960,1574150000,631920,62517300000,3157591,46.58
15/03/2018,-112690,-11409290000,101(2.54 %),104280,10558520000,216970,21967810000,3188846,46.56
16/03/2018,-103130,-10735460000,104(2.97 %),6320,659250000,109450,11394710000,3247906,46.52
19/03/2018,-90830,-9605570000,104.8(0.77 %),18450,1953080000,109280,11558650000,3861376,46.05
20/03/2018,61330,6760940000,112.1(6.97 %),86370,9521130000,25040,2760190000,3906976,46.01
21/03/2018,-22570,-2613790000,113(0.80 %),41070,4702200000,63640,7315990000,3975356,45.96
22/03/2018,13280,1519400000,109(-3.54 %),34990,3926550000,21710,2407150000,4049646,45.9
23/03/2018,207980,23643740000,115(5.50 %),279770,31479130000,71790,7835390000,3794916,46.1
26/03/2018,14100,1630170000,117(1.74 %),110080,12880760000,95980,11250590000,3748476,46.13
27/03/2018,-30430,-3517990000,115.5(-1.28 %),44560,5127580000,74990,8645570000,3725626,46.15
28/03/2018,-203500,-22870170000,112.4(-2.68 %),117500,13280970000,321000,36151140000,3679916,46.19
29/03/2018,-254280,-27601450000,108.1(-3.83 %),2450,271630000,256730,27873080000,3773446,46.11
30/03/2018,30270,3335480000,111(2.68 %),30540,3365380000,270,29900000,3817896,46.08
02/04/2018,49640,5564290000,111.9(0.81 %),51650,5788630000,2010,224340000,4087246,45.87
03/04/2018,117670,13186180000,114(1.88 %),139680,15705230000,22010,2519050000,4204296,45.78
04/04/2018,74080,8486420000,114(0.00 %),161540,18555910000,87460,10069490000,4043026,45.91
05/04/2018,47420,5361390000,114.7(0.61 %),97390,11108880000,49970,5747490000,3947646,45.98
06/04/2018,165840,18853010000,112.3(-2.09 %),174050,19779930000,8210,926920000,3795606,46.1
09/04/2018,116350,12904430000,110(-2.05 %),124720,13837590000,8370,933160000,3758346,46.13
10/04/2018,264470,29139380000,111(0.91 %),280040,30862820000,15570,1723440000,3528276,46.3
11/04/2018,129960,14585130000,111.9(0.81 %),131830,14795840000,1870,210710000,3404656,46.4
12/04/2018,230790,25876050000,112.3(0.36 %),242810,27220480000,12020,1344430000,3170216,46.58
13/04/2018,67330,7587510000,113.2(0.80 %),82670,9307560000,15340,1720050000,3103116,46.63
16/04/2018,160140,18110350000,113.2(0.00 %),161140,18223450000,1000,113100000,2943846,46.75
17/04/2018,136450,15310890000,112.9(-0.27 %),274280,29928670000,137830,14617780000,2805876,46.85
18/04/2018,77370,8614100000,111(-1.25 %),91500,10194800000,14130,1580700000,2729716,46.91
19/04/2018,57530,6275110000,109(-1.80 %),71680,7830800000,14150,1555690000,2659036,46.97
20/04/2018,22150,2414090000,109(0.00 %),24900,2714110000,2750,300020000,2647676,46.97
23/04/2018,23210,2529820000,106.9(-1.93 %),640875,69855710000,617665,67325890000,2638016,46.98
24/04/2018,49680,5280680000,105.5(-1.31 %),58500,6212360000,8820,931680000,2593666,47.02
26/04/2018,26110,2666520000,100.4(-4.83 %),27720,2835600000,1610,169080000,2568696,47.04
27/04/2018,81380,8124260000,100(-0.40 %),82980,8282470000,1600,158210000,2486296,47.1
02/05/2018,56880,5612640000,99(-1.00 %),63990,6316170000,7110,703530000,2431126,47.14
03/05/2018,45660,4428130000,97.6(-1.41 %),47850,4638790000,2190,210660000,2384886,47.18
04/05/2018,-3930,-386220000,98.7(1.13 %),2810,276770000,6740,662990000,2383684,47.18
07/05/2018,10090,1016930000,102(3.34 %),10110,1018940000,20,2010000,2380684,47.18
08/05/2018,44780,4673420000,104(1.96 %),70470,7368130000,25690,2694710000,2312404,47.23
09/05/2018,61810,6417700000,104.2(0.19 %),75830,7875780000,14020,1458080000,2243314,47.28
10/05/2018,77640,8061260000,104(-0.19 %),78280,8127820000,640,66560000,2165054,47.34
11/05/2018,21700,2244580000,104(0.00 %),22470,2324370000,770,79790000,2168274,47.34
14/05/2018,-1080,-113020000,104.6(0.58 %),260,27040000,1340,140060000,2182034,47.33
15/05/2018,-1660,-175430000,107.7(2.96 %),1460,154770000,3120,330200000,2181214,47.33
16/05/2018,-960,-101510000,104.5(-2.97 %),660,70190000,1620,171700000,2181324,47.33
17/05/2018,-4440,-460130000,103.2(-1.24 %),1180,122310000,5620,582440000,2181484,47.33
18/05/2018,-32490,-3326580000,103(-0.19 %),470,48700000,32960,3375280000,2184134,47.33
21/05/2018,-37970,-3983930000,103.5(0.49 %),540,56100000,38510,4040030000,2185214,47.33
22/05/2018,-3130,-327250000,102(-1.45 %),10240,1044720000,13370,1371970000,2180594,47.33
23/05/2018,-10360,-1008480000,103(0.98 %),16760,1707250000,27120,2715730000,2196794,47.32
24/05/2018,-12430,-1256290000,101(-1.94 %),1920,193940000,14350,1450230000,2233384,47.29
25/05/2018,-780,-79550000,100(-0.99 %),10,1010000,790,80560000,2246744,47.28
28/05/2018,4010,390320000,96(-4.00 %),5190,506730000,1180,116410000,2268674,47.26
29/05/2018,-8770,-812060000,101(5.21 %),11970,1164250000,20740,1976310000,2271054,47.26
30/05/2018,-4640,-464600000,100(-0.99 %),100,10100000,4740,474700000,2271744,47.26
31/05/2018,-44840,-4512460000,104.5(4.50 %),120,12120000,44960,4524580000,2272804,47.26
01/06/2018,-52900,-5529670000,104.5(0.00 %),200,20800000,53100,5550470000,2293344,47.25
04/06/2018,-13010,-1395920000,109(4.31 %),38720,4170880000,51730,5566800000,2259364,47.27
05/06/2018,-273970,-30717700000,115(5.50 %),35780,4020790000,309750,34738490000,2302544,47.24
06/06/2018,515000,64916680000,110(-4.35 %),708310,86427130000,193310,21510450000,1697334,47.7
07/06/2018,-138870,-15206770000,110(0.00 %),6290,679840000,145160,15886610000,1742774,47.67
08/06/2018,-163620,-17980540000,109(-0.91 %),8310,906700000,171930,18887240000,2010219,47.46
11/06/2018,-5630,-604590000,107.6(-1.28 %),21260,2294160000,26890,2898750000,2132269,47.37
12/06/2018,-62660,-6411970000,104.6(-2.79 %),21200,2199360000,83860,8611330000,2256229,47.27
13/06/2018,18660,1953970000,105(0.38 %),115660,12135150000,97000,10181180000,2392499,47.17
14/06/2018,-20710,-2181760000,105(0.00 %),107560,11344630000,128270,13526390000,2411829,47.16
15/06/2018,-4180,-435850000,104.9(-0.10 %),0,0,4180,435850000,2495689,47.09
18/06/2018,-5750,-588480000,103(-1.81 %),27500,2846760000,33250,3435240000,2485189,47.1
19/06/2018,36450,3656700000,100(-2.91 %),77630,7820510000,41180,4163810000,2435829,47.14
20/06/2018,-22160,-2228620000,101.5(1.50 %),45420,4601560000,67580,6830180000,2394589,47.17
21/06/2018,-119220,-11952260000,100(-1.48 %),114540,11490750000,233760,23443010000,2313299,47.23
22/06/2018,-23000,-2450990000,104.6(4.60 %),101270,10436190000,124270,12887180000,2253209,47.28
25/06/2018,-33440,-3487050000,104.5(-0.10 %),750,78390000,34190,3565440000,2320039,47.23
26/06/2018,-21840,-2258570000,104(-0.48 %),500,52000000,22340,2310570000,2553299,47.05
27/06/2018,38900,4016970000,103.5(-0.48 %),110900,11422180000,72000,7405210000,2566669,47.04
28/06/2018,-82620,-8315290000,102(-1.45 %),111850,11295200000,194470,19610490000,2489009,47.1
29/06/2018,31990,3255838000,102(0.00 %),100000,10175086000,68010,6919248000,2457019,30.79
02/07/2018,-23300,-2317727000,100(-1.96 %),2820,279718000,26120,2597445000,6,32.67
03/07/2018,-9470,-949510000,98.2(-1.80 %),2000,197700000,11470,1147210000,2672999,95.83
04/07/2018,-105730,-10647770000,99.9(1.73 %),69240,6854520000,174970,17502290000,69352266,46.96
05/07/2018,194170,20577860000,105.2(5.31 %),208240,22048910000,14070,1471050000,69170146,47.1
06/07/2018,7220,739860000,104(-1.14 %),53050,5545090000,45830,4805230000,69128566,47.13
09/07/2018,-31690,-3223410000,99.1(-4.71 %),8730,864920000,40420,4088330000,69294806,47.0
10/07/2018,-19480,-1956720000,100.9(1.82 %),13720,1380890000,33200,3337610000,69295156,47.0
11/07/2018,191790,19057200000,99(-1.88 %),226740,22558510000,34950,3501310000,69114246,47.14
12/07/2018,-100,-10793000,100(1.01 %),1220,121207000,1320,132000000,69114346,0.0
13/07/2018,4500,441380000,99.7(-0.30 %),14650,1457270000,10150,1015890000,69171996,47.09
16/07/2018,-115770,-11803920000,101.8(2.11 %),490,49870000,116260,11853790000,69206456,47.07
17/07/2018,-27140,-2750410000,102.5(0.69 %),25070,2549080000,52210,5299490000,69182710,47.09
18/07/2018,-39070,-3985943000,102(-0.49 %),155530,15817401000,194600,19803344000,69221780,0.0
19/07/2018,-78470,-8053790000,102.5(0.49 %),47400,4860050000,125870,12913840000,69261720,47.03
20/07/2018,-29520,-2986440000,100.2(-2.24 %),5920,598620000,35440,3585060000,69308010,46.99
23/07/2018,-26520,-2655786000,100(-0.20 %),15130,1514349000,41650,4170135000,69334530,0.0
24/07/2018,3230,319950000,99(-1.00 %),3230,319950000,0,0,69454590,46.88
25/07/2018,-19660,-1952490000,99(0.00 %),23510,2340590000,43170,4293080000,69466520,46.87
26/07/2018,-5530,-558440000,99.2(0.20 %),17440,1742860000,22970,2301300000,69490730,46.85
27/07/2018,-1230,-123580000,99.8(0.60 %),1280,127420000,2510,251000000,69489450,46.85
30/07/2018,-42940,-4298179000,100(1.21 %),12480,1248007000,55420,5546186000,69532390,0.0
31/07/2018,-63350,-6366151000,100.4(0.40 %),230,23095000,63580,6389246000,69595740,0.0
01/08/2018,-28960,-2900911000,99.4(-1.00 %),530,52587000,29490,2953498000,6,32.67
02/08/2018,13230,1318610000,99.4(0.00 %),14950,1490280000,1720,171670000,69585337,46.78
03/08/2018,-57690,-5773356000,100(0.60 %),63420,6358186000,121110,12131542000,69643027,0.0
06/08/2018,-241160,-24455639000,102(2.00 %),390,39373000,241550,24495012000,69884187,0.0
07/08/2018,-174280,-17778481000,102(0.00 %),4080,415362000,178360,18193843000,70058467,0.0
08/08/2018,-152780,-15591613000,102(0.00 %),8070,823140000,160850,16414753000,70211247,0.0
09/08/2018,-149790,-15198736000,100.4(-1.57 %),3200,327860000,152990,15526596000,70361037,0.0
10/08/2018,-31940,-3205930000,102.5(2.09 %),9140,928020000,41080,4133950000,70132847,46.36
13/08/2018,193590,18716550000,107(4.39 %),196420,19014210000,2830,297660000,70097277,46.39
14/08/2018,7890,842330000,105.6(-1.31 %),10620,1132750000,2730,290420000,70239647,46.28
15/08/2018,11930,1237310000,103.5(-1.99 %),11980,1242470000,50,5160000,70268747,46.26
16/08/2018,330,33060000,102(-1.45 %),1330,134560000,1000,101500000,70270247,46.25
17/08/2018,480,47490000,99.5(-2.45 %),780,78030000,300,30540000,70269767,0.0
20/08/2018,8850,859900000,96(-3.52 %),11360,1105629000,2510,245729000,70260917,0.0
21/08/2018,-42620,-4079708000,96(0.00 %),13550,1277089000,56170,5356797000,70303537,0.0
22/08/2018,64120,6217710000,96.9(0.94 %),64120,6217710000,0,0,70184517,46.32
23/08/2018,-1630,-157100000,96(-0.93 %),9580,921540000,11210,1078640000,70177447,46.33
24/08/2018,-53750,-5111472000,96(0.00 %),8800,839153000,62550,5950625000,70231197,0.0
27/08/2018,-113360,-10679541000,93.8(-2.29 %),3380,319786000,116740,10999327000,70344557,0.0
28/08/2018,-84520,-7858911000,92.7(-1.17 %),31620,2948235000,116140,10807146000,70429077,0.0
29/08/2018,-104940,-9670080000,91.5(-1.29 %),4610,427160000,109550,10097240000,70258972,46.26
30/08/2018,-208860,-19215630000,92.3(0.87 %),25360,2335210000,234220,21550840000,70350352,46.19
31/08/2018,-95040,-8825541000,92.3(0.00 %),4980,461474000,100020,9287015000,70445392,0.0
04/09/2018,-89380,-8248955000,92.7(0.43 %),63660,5915714000,153040,14164669000,6,32.67
05/09/2018,-60770,-5563781000,91.6(-1.19 %),4890,449768000,65660,6013549000,60776,32.62
06/09/2018,-57180,-5212995000,91.4(-0.22 %),5590,511523000,62770,5724518000,117956,32.58
07/09/2018,-20110,-1860157000,92(0.66 %),19890,1819926000,40000,3680083000,138066,32.56
10/09/2018,-75130,-6903740000,91.9(-0.11 %),2390,219370000,77520,7123110000,68427747,47.66
11/09/2018,-48180,-4427380000,92.1(0.22 %),2300,211430000,50480,4638810000,68488217,47.62
12/09/2018,-19750,-1826680000,92(-0.11 %),15420,1428390000,35170,3255070000,68512797,47.6
13/09/2018,-156590,-14556650000,93.2(1.30 %),1390,128930000,157980,14685580000,68588927,47.54
14/09/2018,-104380,-9688120000,92.5(-0.75 %),1420,132340000,105800,9820460000,68637987,47.5
17/09/2018,-20750,-1931320000,94(1.62 %),20400,1907340000,41150,3838660000,68652757,47.49
18/09/2018,-66660,-6258430000,94.1(0.11 %),50000,4705500000,116660,10963930000,68760737,47.41
19/09/2018,-43080,-4062050000,95.3(1.28 %),61260,5810920000,104340,9872970000,68805284,47.37
20/09/2018,68640,6594180000,97(1.78 %),71060,6825560000,2420,231380000,68775374,47.4
21/09/2018,120,11470000,96.9(-0.10 %),820,79090000,700,67620000,68891214,47.31
24/09/2018,500,48290000,96.5(-0.41 %),500,48290000,0,0,68890714,47.31
25/09/2018,-790,-76381940,97(0.52 %),320,30939520,1110,107321460,68891504,47.31
26/09/2018,0,0,99(2.06 %),0,0,0,0,68891504,47.31
27/09/2018,-69980,-7056755000,101(2.02 %),10280,1019973000,80260,8076728000,68961484,47.26
28/09/2018,-35230,-3531015000,100(-0.99 %),10,1002000,35240,3532017000,68996714,47.23
01/10/2018,4700,461093500,100(0.00 %),4700,461093500,0,0,68986913,47.24
02/10/2018,2788360,297699172000,97(-3.00 %),2794700,298328074000,6340,628902000,66198553,49.37
03/10/2018,-21480,-2084085000,97(0.00 %),1650,159525000,23130,2243610000,66220033,49.35
04/10/2018,288640,29888497000,94(-3.09 %),288640,29888497000,0,0,65931393,49.57
05/10/2018,37370,3535378000,94(0.00 %),37850,3580838000,480,45460000,65894023,49.6
08/10/2018,60,5190000,93.8(-0.21 %),610,57100000,550,51910000,66008433,49.51
09/10/2018,-59940,-5520810000,91.5(-2.45 %),25150,2307390000,85090,7828200000,65983283,49.53
10/10/2018,-56530,-5200814000,92(0.55 %),2660,244766000,59190,5445580000,66039813,49.49
11/10/2018,120,10875000,89.7(-2.50 %),960,86112000,840,75237000,66039693,49.49
12/10/2018,8110,741956000,91.8(2.34 %),58750,5307134000,50640,4565178000,66031583,49.5
15/10/2018,41500,3803469000,91.5(-0.33 %),41500,3803469000,0,0,65990083,49.53
16/10/2018,-26380,-2414214000,91.4(-0.11 %),70,6405000,26450,2420619000,66016463,49.51
17/10/2018,-53970,-4926540000,91(-0.44 %),2170,198208000,56140,5124748000,66070433,49.47
18/10/2018,510,46510000,90(-1.10 %),510,46510000,0,0,66073453,49.46
19/10/2018,-1740,-156094000,88.1(-2.11 %),860,76606000,2600,232700000,66075193,49.46
22/10/2018,-19080,-1679192000,88.3(0.23 %),520,45808000,19600,1725000000,66094273,49.45
23/10/2018,740,66048000,87.2(-1.25 %),1390,123440000,650,57392000,66093533,49.45
24/10/2018,1460,127306000,87(-0.23 %),1760,153729000,300,26423000,66092073,49.45
25/10/2018,-1100,-92907000,85.2(-2.07 %),2970,252170000,4070,345077000,66093173,49.45
26/10/2018,1890,160710000,85.1(-0.12 %),2360,200660000,470,39950000,66169033,49.39
29/10/2018,-30480,-2525520000,83.8(-1.53 %),2240,188420000,32720,2713940000,66167093,49.39
30/10/2018,8400,703124000,83.7(-0.12 %),11900,996424000,3500,293300000,66158693,49.4
31/10/2018,-2120,-178195000,84(0.36 %),120,10116000,2240,188311000,66160813,49.4
01/11/2018,-2270,-190380000,83.8(-0.24 %),3310,277093000,5580,467473000,66180153,49.38
02/11/2018,-81120,-6814125000,83.8(0.00 %),12370,1039101000,93490,7853226000,66261273,49.32
05/11/2018,-19080,-1585280000,83(-0.95 %),4710,389290000,23790,1974570000,66177683,49.38
06/11/2018,-141360,-11981611000,85(2.41 %),10,850000,141370,11982461000,66319043,49.28
07/11/2018,-72290,-6070350000,84(-1.18 %),10990,920478000,83280,6990828000,66391333,49.22
08/11/2018,-90610,-7528230000,85.4(1.67 %),1250,103750000,91860,7631980000,66481943,49.15
09/11/2018,-5970,-512400000,84.8(-0.70 %),7100,602380000,13070,1114780000,66422569,49.2
12/11/2018,13480,1136283000,84.7(-0.12 %),15780,1329083000,2300,192800000,66409089,49.21
13/11/2018,320,26551000,82(-3.19 %),320,26551000,0,0,66408769,49.21
14/11/2018,-20470,-1681831000,82.4(0.49 %),4030,332515000,24500,2014346000,66429239,49.19
15/11/2018,-2990,-246380000,82.3(-0.12 %),10,820000,3000,247200000,66432229,49.19
16/11/2018,110,9050000,82.3(0.00 %),110,9050000,0,0,66432119,49.19
19/11/2018,4020,332490000,83.1(0.97 %),4020,332490000,0,0,66613309,49.05
20/11/2018,-27960,-2333860000,84.5(1.68 %),1100,92770000,29060,2426630000,66615209,49.05
21/11/2018,3700,311640000,84.5(0.00 %),3700,311640000,0,0,66611509,49.05
22/11/2018,-2130,-172349000,85.2(0.83 %),52050,4440151000,54180,4612500000,66613639,49.05
23/11/2018,-15370,-1294120000,84(-1.41 %),270,22782000,15640,1316902000,66629009,49.04
26/11/2018,710,59525000,84(0.00 %),710,59525000,0,0,66628299,49.04
27/11/2018,-55520,-4612672000,82.6(-1.67 %),30,2489000,55550,4615161000,66683819,49.0
28/11/2018,1160,95752000,82.4(-0.24 %),1160,95752000,0,0,66682659,49.0
29/11/2018,770,67551000,82.5(0.12 %),15290,1260655000,14520,1193104000,66681889,49.0
30/11/2018,-12680,-1033789000,82(-0.61 %),590,48609000,13270,1082398000,66694569,48.99
03/12/2018,64030,5315300000,83.5(1.83 %),74640,6195430000,10610,880130000,66621199,49.05
04/12/2018,40950,3432797000,83.8(0.36 %),56590,4753065000,15640,1320268000,66580249,49.08
05/12/2018,3580,298503000,84(0.24 %),6780,565683000,3200,267180000,66576669,49.08
06/12/2018,15240,1281921000,83.9(-0.12 %),35500,2986636000,20260,1704715000,66561429,49.09
07/12/2018,240,13273000,84.5(0.72 %),23020,1938519000,22780,1925246000,66561189,49.09
10/12/2018,-1080,-88917000,84(-0.59 %),15810,1332744000,16890,1421661000,66562269,49.09
11/12/2018,-45590,-3758220000,82.3(-2.02 %),17950,1484200000,63540,5242420000,66543049,49.11
12/12/2018,31410,2595481000,82.8(0.61 %),32410,2678216000,1000,82735000,66511639,49.13
13/12/2018,-30010,-2475474000,82.5(-0.36 %),14120,1166875000,44130,3642349000,66541649,49.11
14/12/2018,1070,88438000,82.5(0.00 %),5650,466390000,4580,377952000,66540579,49.11
17/12/2018,-4770,-397443000,83.2(0.85 %),3660,301950000,8430,699393000,66545349,49.1
18/12/2018,-10300,-849838000,82.4(-0.96 %),1610,132623000,11910,982461000,66555649,49.1
19/12/2018,-15680,-1281140000,81.7(-0.85 %),7000,573600000,22680,1854740000,66571329,49.08
20/12/2018,-48610,-3926490000,80.5(-1.47 %),11620,944340000,60230,4870830000,66628329,49.04
21/12/2018,8720,695890000,80(-0.62 %),28490,2272170000,19770,1576280000,66611749,49.05
24/12/2018,-1450,-115300000,78.5(-1.88 %),180,14220000,1630,129520000,66634249,49.04
25/12/2018,7390,567650000,77.6(-1.15 %),14390,1092650000,7000,525000000,66680089,49.0
26/12/2018,-210,-17333000,75.7(-2.45 %),1790,135851000,2000,153184000,66680299,49.0
27/12/2018,9000,681706000,75.8(0.13 %),15570,1180902000,6570,499196000,66671299,49.01
28/12/2018,17960,1424840000,79(4.22 %),20000,1580000000,2040,155160000,66671129,49.01
02/01/2019,1630,125939000,76.2(-3.54 %),1630,125939000,0,0,66678070,49.0
03/01/2019,-11810,-883640000,73.5(-3.54 %),70,5258000,11880,888898000,66689880,48.99
04/01/2019,-2250,-163146000,73.5(0.00 %),1940,142434000,4190,305580000,66692130,48.99
07/01/2019,1290,95497000,75(2.04 %),1310,96985000,20,1488000,66690840,48.99
08/01/2019,-21330,-1598360000,74.8(-0.27 %),3490,262829000,24820,1861189000,66712170,48.98
09/01/2019,-38560,-2908224000,75.5(0.94 %),100,7500000,38660,2915724000,66750730,48.95
10/01/2019,-280,-21280000,77.5(2.65 %),30,2330000,310,23610000,66689260,48.99
11/01/2019,7420,580859000,79.9(3.10 %),14460,1135484000,7040,554625000,66681840,49.0
14/01/2019,-31390,-2551750000,81(1.38 %),52390,4251610000,83780,6803360000,66685890,49.0
15/01/2019,-45450,-3671391000,81(0.00 %),1250,101375000,46700,3772766000,66731340,48.96
16/01/2019,-38340,-3130087000,82.1(1.36 %),1530,124933000,39870,3255020000,66769680,48.93
17/01/2019,-36960,-3055370000,82.6(0.61 %),4380,364910000,41340,3420280000,66769860,48.93
18/01/2019,-219705,-18131140000,83.6(1.21 %),17450,1460010000,237155,19591150000,66799110,48.91
21/01/2019,-14420,-1205220000,84.3(0.84 %),50,4180000,14470,1209400000,66838930,48.88
22/01/2019,1030,87346000,84.6(0.36 %),2050,173638000,1020,86292000,66837900,48.88
23/01/2019,-1010,-86064000,83.8(-0.95 %),10,848000,1020,86912000,66838910,48.88
24/01/2019,-340,-28420000,84(0.24 %),360,30240000,700,58660000,66839250,48.88
25/01/2019,-1190,-99245000,84.9(1.07 %),200,16820000,1390,116065000,66840440,48.88
28/01/2019,-17720,-1484437000,83.8(-1.30 %),770,65273000,18490,1549710000,66858160,48.86
29/01/2019,8500,714443000,83.8(0.00 %),13500,1133536000,5000,419093000,66849660,48.87
30/01/2019,-97330,-8275240000,84(0.24 %),2670,224760000,100000,8500000000,68416469,47.67
31/01/2019,-489140,-41577390000,85(1.19 %),1060,89430000,490200,41666820000,68783899,47.39
01/02/2019,1690,142959000,85.1(0.12 %),3300,279170000,1610,136211000,68788899,47.39
11/02/2019,-20,-1831000,85(-0.12 %),1910,162543000,1930,164374000,68788919,47.39
12/02/2019,-689778,-59324110000,85.3(0.35 %),14760,1259950000,704538,60584060000,69359129,46.95
13/02/2019,-14960,-1277986000,86.1(0.94 %),6130,525598000,21090,1803584000,68798649,47.38
14/02/2019,-32700,-2869101000,88.8(3.14 %),12000,1049088000,44700,3918189000,68831349,47.35
15/02/2019,-333380,-30333260000,93(4.73 %),22210,2021000000,355590,32354260000,70126867,46.36
18/02/2019,-333620,-30726130000,97(4.30 %),9840,896200000,343460,31622330000,70170117,46.33
19/02/2019,-221610,-21310260000,98(1.03 %),2130,205800000,223740,21516060000,69465909,46.87
20/02/2019,766620,81781910000,96.2(-1.84 %),929750,97397860000,163130,15615950000,69638527,46.74
21/02/2019,-392990,-37984626000,97.5(1.35 %),520,49324000,393510,38033950000,69092279,47.16
22/02/2019,-224460,-22270100000,102(4.62 %),0,0,224460,22270100000,70205207,46.3
25/02/2019,-259830,-28263928000,109.1(6.96 %),5440,560381000,265270,28824309000,69576569,46.78
26/02/2019,-210690,-23618520000,111.9(2.57 %),8650,949440000,219340,24567960000,70747757,45.89
27/02/2019,-297130,-34058770000,116(3.66 %),3480,402080000,300610,34460850000,70968737,45.72
28/02/2019,-96720,-11247760000,118.5(2.16 %),13310,1554200000,110030,12801960000,71220697,45.53
01/03/2019,-56640,-6687030000,119(0.42 %),70600,8350300000,127240,15037330000,71369437,45.41
04/03/2019,-1320,-175024000,119(0.00 %),41170,4878762000,42490,5053786000,71441357,45.36
05/03/2019,-24660,-2928053000,118.6(-0.34 %),22640,2693939000,47300,5621992000,71466017,45.34
06/03/2019,-95730,-11401130000,119(0.34 %),500,59650000,96230,11460780000,71843007,45.05
07/03/2019,-287390,-34243801000,119(0.00 %),1670,198934000,289060,34442735000,71834927,45.06
08/03/2019,-167590,-19958960000,119(0.00 %),6370,759150000,173960,20718110000,71924757,44.99
11/03/2019,-198670,-23659220000,119.1(0.08 %),430,51200000,199100,23710420000,72020557,44.92
12/03/2019,-25720,-3002335000,118.5(-0.50 %),149900,17791006000,175620,20793341000,72226907,44.76
13/03/2019,-6960,-814600000,117(-1.27 %),520,60970000,7480,875570000,72333157,44.68
14/03/2019,-344330,-40147456000,116.7(-0.26 %),30530,3558311000,374860,43705767000,72578197,44.49
15/03/2019,-119970,-14025320000,116.6(-0.09 %),1180256,138076470000,1300226,152101790000,72582337,44.49
18/03/2019,-160520,-18782924000,117.1(0.43 %),13580,1588712000,174100,20371636000,72858687,44.27
19/03/2019,-190250,-22257391000,117(-0.09 %),100,11700000,190350,22269091000,73048937,44.13
20/03/2019,-186700,-21865799000,117.2(0.17 %),160,18752000,186860,21884551000,73235637,43.99
21/03/2019,-9230,-1093007000,118.3(0.94 %),1100,129870000,10330,1222877000,73244867,43.98
22/03/2019,-2580,-305657000,118.9(0.51 %),0,0,2580,305657000,73247447,43.98
25/03/2019,-29930,-3510610000,118.8(-0.08 %),340,39970000,30270,3550580000,73715701,43.62
26/03/2019,-12800,-1512150000,118(-0.67 %),20,2350000,12820,1514500000,73726011,43.61
27/03/2019,-37500,-4423612000,118(0.00 %),10630,1252745000,48130,5676357000,73327677,43.92
28/03/2019,-620,-72300000,118.2(0.17 %),1820,215370000,2440,287670000,73746411,43.6
29/03/2019,-940,-110860000,118.3(0.08 %),500,58960000,1440,169820000,73758731,43.59
01/04/2019,-7600,-897620000,118(-0.25 %),1950,230650000,9550,1128270000,73804920,43.55
02/04/2019,-12020,-1417540000,118.3(0.25 %),620,73180000,12640,1490720000,73806740,43.55
03/04/2019,170,20169000,118.3(0.00 %),1280,151486000,1110,131317000,73818720,43.54
04/04/2019,-71630,-8527150000,120(1.44 %),1890,225600000,73520,8752750000,73814560,43.54
05/04/2019,-9690,-1154660000,119(-0.83 %),3030,362560000,12720,1517220000,73824170,43.54
08/04/2019,170,20110000,118.4(-0.50 %),270,32010000,100,11900000,73825010,43.54
09/04/2019,-60,-6902000,117.5(-0.76 %),300,35440000,360,42342000,73899930,43.48
10/04/2019,-340,-40220000,117.5(0.00 %),180,21240000,520,61460000,73910770,43.47
11/04/2019,-42250,-4931200000,116.5(-0.85 %),310,36130000,42560,4967330000,73910560,43.47
12/04/2019,-2560,-295065000,116(-0.43 %),50,5750000,2610,300815000,73945080,43.44
16/04/2019,-8920,-1011370000,113.9(-1.81 %),1310,147820000,10230,1159190000,73910080,43.47
17/04/2019,-1490,-169610000,113.9(0.00 %),40,4560000,1530,174170000,73952605,43.44
18/04/2019,-2550,-288450000,111.5(-2.11 %),500,56720000,3050,345170000,73954715,43.44
19/04/2019,-50480,-5591440000,112(0.45 %),30,3300000,50510,5594740000,73964915,43.43
22/04/2019,-1620,-181480000,112.5(0.45 %),500,56380000,2120,237860000,73965945,43.43
23/04/2019,-740,-70521000,114(1.33 %),5900,672270000,6640,742791000,74010880,43.39
24/04/2019,-1270,-145945000,112.7(-1.14 %),1340,151052000,2610,296997000,74012150,43.39
25/04/2019,-42900,-4833190000,113(0.27 %),2160,243200000,45060,5076390000,60089282,54.04
26/04/2019,-5150,-581776000,115.9(2.57 %),0,0,5150,581776000,74060200,43.36
02/05/2019,9970,1167410000,118.5(2.24 %),12250,1435650000,2280,268240000,60086282,54.04
03/05/2019,-2490,-291293000,116.6(-1.60 %),1440,168283000,3930,459576000,60101022,54.03
06/05/2019,970,113990000,117.8(1.03 %),1020,119870000,50,5880000,60134032,54.01
07/05/2019,-12460,-1454770000,116.5(-1.10 %),7400,865560000,19860,2320330000,60128912,54.01
08/05/2019,-45740,-5262027000,114.7(-1.55 %),6670,783341000,52410,6045368000,60158252,53.99
09/05/2019,-1840,-215100000,117(2.01 %),0,0,1840,215100000,60126222,54.01
10/05/2019,-370,-43910000,118(0.85 %),230,27040000,600,70950000,60145852,54.0
13/05/2019,-2580,-303380000,117.2(-0.68 %),0,0,2580,303380000,60198262,53.96
14/05/2019,-500,-58800000,117.5(0.26 %),0,0,500,58800000,60163542,53.98
15/05/2019,271080,32529510000,116.1(-1.19 %),271080,32529510000,0,0,59929622,54.16
16/05/2019,-5210,-589730000,116.1(0.00 %),410,47520000,5620,637250000,59931792,54.16
17/05/2019,26800,3225410000,115(-0.95 %),29050,3485690000,2250,260280000,59903242,54.18
20/05/2019,30,3440000,114.5(-0.43 %),50,5750000,20,2310000,59903192,54.18
21/05/2019,150,17450000,115.7(1.05 %),850,98650000,700,81200000,59907962,54.18
22/05/2019,-2840,-329450000,115.9(0.17 %),30,3470000,2870,332920000,59910182,54.18
23/05/2019,-9900,-1132290000,114(-1.64 %),2390,278200000,12290,1410490000,59907812,54.18
24/05/2019,60,6928000,116.1(1.84 %),60,6928000,0,0,59907752,54.18
27/05/2019,-40,-4725000,116.1(0.00 %),50,5805000,90,10530000,59907792,54.18
28/05/2019,-530,-60525000,115.9(-0.17 %),0,0,530,60525000,59908322,54.18
29/05/2019,2680,308474000,114.5(-1.21 %),2680,308474000,0,0,59905642,54.18
30/05/2019,420,48636000,115.5(0.87 %),420,48636000,0,0,59905222,54.18
31/05/2019,-330,-37591000,115.5(0.00 %),960,110139000,1290,147730000,59905552,54.18
03/06/2019,6340,729490000,113.2(-1.99 %),7640,879340000,1300,149850000,59912482,54.18
04/06/2019,2200,252443000,113.3(0.09 %),6710,761013000,4510,508570000,59910282,54.18
05/06/2019,-180,-20530000,114.5(1.06 %),0,0,180,20530000,59910462,54.18
06/06/2019,-900,-100132000,114.9(0.35 %),700,80300000,1600,180432000,59911362,54.18
07/06/2019,-6160,-707765000,114.9(0.00 %),0,0,6160,707765000,59917522,54.17
10/06/2019,-14650,-1673550000,113.8(-0.96 %),2060,236740000,16710,1910290000,59910292,54.18
11/06/2019,-6500,-740530000,113.9(0.09 %),1000,114000000,7500,854530000,59910892,54.18
12/06/2019,-14230,-1599400000,112(-1.67 %),1130,126570000,15360,1725970000,59915922,54.17
13/06/2019,-14430,-1587930000,109.2(-2.50 %),1520,166300000,15950,1754230000,59931112,54.16
14/06/2019,2570,277375000,106.6(-2.38 %),3050,328781000,480,51406000,59964762,54.14
17/06/2019,3250,339120000,104.3(-2.16 %),3420,357310000,170,18190000,59947502,54.15
18/06/2019,16510,1659640000,101.5(-2.68 %),20170,2027270000,3660,367630000,59943282,54.15
19/06/2019,5000,522951000,101.5(0.00 %),5090,532251000,90,9300000,59940002,54.16
20/06/2019,-2360,-225681000,101.5(0.00 %),2890,299414000,5250,525095000,59942362,54.15
21/06/2019,6780,699347000,103.5(1.97 %),6830,704512000,50,5165000,59935582,54.16
24/06/2019,-270,-28133000,104.5(0.97 %),260,26987000,530,55120000,59935852,54.16
25/06/2019,-50,-5250000,105(0.48 %),0,0,50,5250000,59935902,54.16
26/06/2019,-310,-32578000,106.2(1.14 %),100,10600000,410,43178000,59936212,54.16
27/06/2019,190,19773000,108(1.69 %),1190,127423000,1000,107650000,59936022,54.16
28/06/2019,-30,-4040000,109(0.93 %),260,26930000,290,30970000,59936942,54.16
01/07/2019,-8530,-928120000,105.2(-3.49 %),610,66310000,9140,994430000,59936742,54.16
02/07/2019,10050,1093190000,106.1(0.86 %),10290,1119320000,240,26130000,59927452,54.17
03/07/2019,-470,-49940000,105.1(-0.94 %),30,3160000,500,53100000,59927712,54.16
04/07/2019,990,105063000,107.5(2.28 %),1010,107205000,20,2142000,59926782,54.17
05/07/2019,4860,513113000,105.5(-1.86 %),4860,513113000,0,0,59921922,54.17
08/07/2019,-3480,-364140000,104.7(-0.76 %),18480,1944580000,21960,2308720000,59913242,54.18
09/07/2019,6270,654547000,105.2(0.48 %),12180,1274317000,5910,619770000,59919132,54.17
10/07/2019,-680,-72080000,105(-0.19 %),0,0,680,72080000,59919812,54.17
11/07/2019,-90,-9541000,105.2(0.19 %),10,1059000,100,10600000,59919902,54.17
12/07/2019,4930,525620000,104.1(-1.05 %),4930,525620000,0,0,59924012,54.17
15/07/2019,-770,-79700000,104.1(0.00 %),230,23800000,1000,103500000,59924462,54.17
16/07/2019,80,8220000,102.5(-1.54 %),80,8220000,0,0,59924482,54.17
17/07/2019,18930,1931520000,102.5(0.00 %),20000,2041010000,1070,109490000,59904482,54.18
18/07/2019,-2990,-302980000,100(-2.44 %),4010,404870000,7000,707850000,59901472,54.18
19/07/2019,15010,1535150000,102.5(2.50 %),15630,1597220000,620,62070000,59885842,54.2
22/07/2019,12980,1332210000,101.8(-0.68 %),13000,1334250000,20,2040000,59873912,54.21
23/07/2019,9330,952460000,101.6(-0.20 %),10030,1023720000,700,71260000,59870882,54.21
24/07/2019,150,15232000,101.5(-0.10 %),150,15232000,0,0,59862252,54.21
25/07/2019,1520,154020000,101.5(0.00 %),1520,154020000,0,0,59869852,54.21
26/07/2019,5010,506020000,101.5(0.00 %),5010,506020000,0,0,59865542,54.21
29/07/2019,1290,129800000,100.6(-0.89 %),2070,208270000,780,78470000,59863472,54.21
30/07/2019,1530,152322000,99.9(-0.70 %),3710,370572000,2180,218250000,59852902,54.22
31/07/2019,11000,1089528000,99(-0.90 %),16680,1652409000,5680,562881000,59841902,54.23
01/08/2019,41070,4038110000,96.5(-2.53 %),41080,4039100000,10,990000,59802862,54.26
02/08/2019,12030,1146840000,95(-1.55 %),16880,1608040000,4850,461200000,59788162,54.27
05/08/2019,1880,184190000,97(2.11 %),4000,387200000,2120,203010000,59789842,54.27
06/08/2019,0,-240000,95.1(-1.96 %),1200,114220000,1200,114460000,59788652,54.27
07/08/2019,17600,1677982000,95.7(0.63 %),17600,1677982000,0,0,59812432,54.25
08/08/2019,15700,1492170000,95.6(-0.10 %),16200,1539720000,500,47550000,59796732,54.26
09/08/2019,-2250,-217758000,97(1.46 %),430,41360000,2680,259118000,59798982,54.26
12/08/2019,1500,144000000,96(-1.03 %),1500,144000000,0,0,59761092,54.29
13/08/2019,-13140,-1232387000,94(-2.08 %),4230,400480000,17370,1632867000,59810622,54.25
14/08/2019,-710,-67880000,94.2(0.21 %),16300,1532460000,17010,1600340000,59743742,54.31
15/08/2019,-1720,-159910000,95(0.85 %),2270,212050000,3990,371960000,59741472,54.31
16/08/2019,290,27340000,94(-1.05 %),290,27340000,0,0,59758552,54.29
19/08/2019,7560,719410000,95.5(1.60 %),10120,962490000,2560,243080000,59805202,54.26
20/08/2019,160,15230000,95.5(0.00 %),160,15230000,0,0,59769272,54.29
21/08/2019,580,54464000,94.4(-1.15 %),4040,381372000,3460,326908000,59804462,54.26
22/08/2019,7500,708632000,94.5(0.11 %),7500,708632000,0,0,59796962,54.26
23/08/2019,210,19760000,94(-0.53 %),210,19760000,0,0,59796752,54.26
26/08/2019,2610,242513000,93.2(-0.85 %),2610,242513000,0,0,59794142,54.27
27/08/2019,0,0,93.3(0.11 %),0,0,0,0,59794142,54.27
28/08/2019,140,13227000,93.2(-0.11 %),140,13227000,0,0,59794002,54.27
29/08/2019,60,5570000,92(-1.29 %),60,5570000,0,0,59760732,54.29
30/08/2019,1810,168973000,93.5(1.63 %),1810,168973000,0,0,59792132,54.27
03/09/2019,-230,-21375000,92.6(-0.96 %),0,0,230,21375000,59758922,54.29
04/09/2019,17240,1626301000,95.5(3.13 %),18500,1744311000,1260,118010000,59741682,54.31
05/09/2019,-1590,-151845000,93.5(-2.09 %),0,0,1590,151845000,59743272,54.31
06/09/2019,-10,-935000,93.1(-0.43 %),0,0,10,935000,59743282,54.31
09/09/2019,80,7384000,92.5(-0.64 %),80,7384000,0,0,59743202,54.31
10/09/2019,8890,809500000,91(-1.62 %),8890,809500000,0,0,59734532,54.31
11/09/2019,-1700,-153620000,89.9(-1.21 %),700,63300000,2400,216920000,59733842,54.31
12/09/2019,1410,126960000,89.9(0.00 %),1410,126960000,0,0,59732432,54.31
13/09/2019,0,-9064000,91.7(2.00 %),0,0,0,9064000,59734602,54.31
16/09/2019,170,15531000,91.3(-0.44 %),170,15531000,0,0,59736062,54.31
17/09/2019,0,-10000,91.2(-0.11 %),100,9010000,100,9020000,59734562,54.31
18/09/2019,160,14510000,91(-0.22 %),260,23570000,100,9060000,59735932,54.31
19/09/2019,0,0,91(0.00 %),0,0,0,0,59735902,54.31
20/09/2019,-500,-45620000,91.2(0.22 %),0,0,500,45620000,59736032,54.31
23/09/2019,60,5460000,91.3(0.11 %),60,5460000,0,0,59736072,54.31
24/09/2019,120,11020000,91.4(0.11 %),120,11020000,0,0,59735952,54.31
25/09/2019,1380,126140000,91.4(0.00 %),1390,127050000,10,910000,59735062,54.31
26/09/2019,260,23760000,91.9(0.55 %),260,23760000,0,0,59734802,54.31
27/09/2019,640,59012000,93.5(1.74 %),640,59012000,0,0,59733942,54.31
30/09/2019,260,24428000,93.8(0.32 %),260,24428000,0,0,59733682,54.31
01/10/2019,3810,357766000,94(0.21 %),4840,454202000,1030,96436000,59733932,54.31
02/10/2019,-3180,-294134000,93(-1.06 %),720,66530000,3900,360664000,59737112,54.31
03/10/2019,-790,-71730000,92.5(-0.54 %),310,28400000,1100,100130000,59728062,54.32
04/10/2019,610,56028000,91.8(-0.76 %),610,56028000,0,0,59737292,54.31
07/10/2019,8030,733530000,91.8(0.00 %),8030,733530000,0,0,59729262,54.32
08/10/2019,-80,-6310000,91.5(-0.33 %),1690,155110000,1770,161420000,59723762,54.32
09/10/2019,-540,-49366000,91.4(-0.11 %),1520,138918000,2060,188284000,59729882,54.32
10/10/2019,1630,148508000,91(-0.44 %),1630,148508000,0,0,59728252,54.32
11/10/2019,170,15571000,91.9(0.99 %),170,15571000,0,0,59728082,54.32
14/10/2019,4740,438930000,93(1.20 %),5050,467534000,310,28604000,59723342,54.32
15/10/2019,-880,-81060000,91.8(-1.29 %),660,60620000,1540,141680000,59718562,54.32
16/10/2019,1350,133264000,92(0.22 %),42000,3872672000,40650,3739408000,59722872,54.32
17/10/2019,0,0,91.5(-0.54 %),0,0,0,0,59722872,54.32
18/10/2019,10060,934328000,93.5(2.19 %),10550,980290000,490,45962000,59712812,54.33
21/10/2019,-2590,-238630000,92(-1.60 %),2630,242600000,5220,481230000,59705882,54.33
22/10/2019,9280,874790000,94(2.17 %),13590,1280110000,4310,405320000,59692292,54.34
23/10/2019,-1800,-159640000,93.7(-0.32 %),2590,242683000,4390,402323000,59707922,54.33
24/10/2019,1810,169470000,93.5(-0.21 %),2290,214110000,480,44640000,59693122,54.34
25/10/2019,50,4680000,92.2(-1.39 %),50,4680000,0,0,59697382,54.34
28/10/2019,16260,1518520000,93.5(1.41 %),16260,1518520000,0,0,59685512,54.35
29/10/2019,3480,324810000,93.1(-0.43 %),3480,324810000,0,0,59682512,54.35
30/10/2019,-6650,-609310000,92.6(-0.54 %),8890,818930000,15540,1428240000,59673622,54.36
31/10/2019,3090,286910000,92.6(0.00 %),8350,775630000,5260,488720000,59665272,54.37
01/11/2019,1320,122910000,92.5(-0.11 %),5240,485970000,3920,363060000,59660032,54.37
04/11/2019,12470,1168160000,94(1.62 %),12470,1168160000,0,0,59663102,54.37
05/11/2019,2220,208740000,94(0.00 %),4210,395800000,1990,187060000,59664155,54.37
06/11/2019,-860,-80791000,93.9(-0.11 %),0,0,860,80791000,59651442,54.38
07/11/2019,-7120,-661650000,93(-0.96 %),89580,8354250000,96700,9015900000,59578499,54.43
08/11/2019,14010,1316830000,94(1.08 %),14010,1316830000,0,0,59566479,54.44
11/11/2019,80,7478000,93.9(-0.11 %),500,47000000,420,39522000,59644472,54.38
12/11/2019,14460,1355513000,94(0.11 %),14460,1355513000,0,0,59630012,54.39
13/11/2019,2660,249615000,94(0.00 %),21180,1976385000,18520,1726770000,59627352,54.39
14/11/2019,11770,1110668000,96.8(2.98 %),13170,1245178000,1400,134510000,59615582,54.4
15/11/2019,-2080,-199729000,96(-0.83 %),450,43425000,2530,243154000,59617662,54.4
18/11/2019,1640,156320000,95(-1.04 %),1730,164850000,90,8530000,59631495,54.39
19/11/2019,-1630,-155910000,93.6(-1.47 %),4000,376280000,5630,532190000,59628915,54.39
20/11/2019,4180,390560000,93.1(-0.53 %),4180,390560000,0,0,59627265,54.39
21/11/2019,2950,274430000,94(0.97 %),7970,741300000,5020,466870000,59619385,54.4
22/11/2019,10340,978018000,94(0.00 %),16120,1521346000,5780,543328000,59600182,54.42
25/11/2019,5190,486698000,93.3(-0.74 %),5900,553438000,710,66740000,59594992,54.42
26/11/2019,7490,699067000,94.5(1.29 %),7690,717747000,200,18680000,59587502,54.43
27/11/2019,-350,-33050000,94(-0.53 %),500,47275000,850,80325000,59587852,54.42
28/11/2019,1410,131558000,93.4(-0.64 %),1410,131558000,0,0,59586442,54.43
29/11/2019,1950,182594000,93.2(-0.21 %),2970,278474000,1020,95880000,59584492,54.43
02/12/2019,1150,108036000,94(0.86 %),1430,134132000,280,26096000,59602985,54.41
03/12/2019,-2070,-192322000,94(0.00 %),16610,1553546000,18680,1745868000,59605055,54.41
04/12/2019,1520,142606000,93.6(-0.43 %),2160,202766000,640,60160000,59603535,54.41
05/12/2019,1100,103350000,94(0.43 %),1100,103350000,0,0,59582995,54.43
06/12/2019,720,67505000,93.6(-0.43 %),720,67505000,0,0,59601715,54.41
09/12/2019,16180,1527203000,95.8(2.35 %),16780,1583363000,600,56160000,59585535,54.43
10/12/2019,230,21968000,95.5(-0.31 %),620,59193000,390,37225000,59585305,54.43
11/12/2019,400,38100000,95.3(-0.21 %),800,76300000,400,38200000,59584905,54.43
12/12/2019,-510,-48700000,95.3(0.00 %),1290,122780000,1800,171480000,59582715,54.43
13/12/2019,0,0,95(-0.31 %),0,0,0,0,59585415,54.43
16/12/2019,2010,190850000,94(-1.05 %),2010,190850000,0,0,59583405,54.43
17/12/2019,-600,-56068000,94.6(0.64 %),2500,235032000,3100,291100000,59584005,54.43
18/12/2019,-10660,-992260000,94.5(-0.11 %),91010,8541330000,101670,9533590000,59489785,54.5
19/12/2019,-4670,-434564000,92.7(-1.90 %),30,2784000,4700,437348000,59599335,54.42
20/12/2019,630,58905000,93.5(0.86 %),660,61710000,30,2805000,59598705,54.42
23/12/2019,-5640,-517930000,91.1(-2.57 %),470,43180000,6110,561110000,59593395,54.42
24/12/2019,-960,-87280000,91.2(0.11 %),0,0,960,87280000,59598095,54.42
25/12/2019,5010,459980000,92.8(1.75 %),13300,1220580000,8290,760600000,59584825,54.43
26/12/2019,-330,-28210000,92(-0.86 %),2410,221657000,2740,249867000,59600625,54.41
27/12/2019,4690,431180000,92.5(0.54 %),6840,628660000,2150,197480000,59582645,54.43
30/12/2019,-960,-87280000,92(-0.54 %),0,0,960,87280000,59596895,54.42
31/12/2019,8310,763900000,91.5(-0.54 %),10310,946900000,2000,183000000,59573945,54.44
02/01/2020,4580,420670000,92(0.55 %),4580,420670000,0,0,59576095,54.43
03/01/2020,930,84815000,91.2(-0.87 %),7890,719568000,6960,634753000,59575165,54.43
06/01/2020,6760,613796000,91.2(0.00 %),7260,658998000,500,45202000,59568405,54.44
07/01/2020,-10910,-978973000,89.2(-2.19 %),10170,914384000,21080,1893357000,59579315,54.43
08/01/2020,-29490,-2551588000,86(-3.59 %),38320,3357196000,67810,5908784000,59608805,54.41
09/01/2020,3120,280560000,89(3.49 %),3720,332160000,600,51600000,59513619,54.48
10/01/2020,-25550,-2209750000,88(-1.12 %),25410,2219870000,50960,4429620000,59509289,54.48
13/01/2020,-980,-86240000,87.1(-1.02 %),0,0,980,86240000,59577099,54.43
14/01/2020,9730,860910000,90(3.33 %),10200,902510000,470,41600000,59567499,54.44
15/01/2020,10560,950370000,89(-1.11 %),11330,1019670000,770,69300000,59607129,54.41
16/01/2020,-23850,-2079520000,87.4(-1.80 %),1850,162140000,25700,2241660000,59606259,54.41
17/01/2020,3130,273960000,88(0.69 %),4050,354380000,920,80420000,59602684,54.41
20/01/2020,350,30760000,88.4(0.45 %),350,30760000,0,0,59603111,54.41
21/01/2020,-14550,-1253740000,88.3(-0.11 %),38180,3313570000,52730,4567310000,59590631,54.42
22/01/2020,-28870,-2484740000,88(-0.34 %),21130,1839070000,50000,4323810000,59570421,54.44
30/01/2020,430,49190000,93(5.68 %),8430,775960000,8000,726770000,59561991,54.44
31/01/2020,-26840,-2670560000,99.5(6.99 %),1090,108200000,27930,2778760000,59613631,54.41
03/02/2020,-60290,-6380697000,102.6(3.12 %),2620,278765000,62910,6659462000,59663631,54.37
04/02/2020,-5650,-554199000,101(-1.56 %),1030,102885000,6680,657084000,59669281,54.36
05/02/2020,2440,235598000,96.5(-4.46 %),7160,690030000,4720,454432000,59666841,54.36
06/02/2020,18030,1706228000,95.9(-0.62 %),20780,1960843000,2750,254615000,59648811,54.38
07/02/2020,6890,661057000,97.4(1.56 %),9200,879488000,2310,218431000,59641921,54.38
10/02/2020,-2540,-254230000,101(3.70 %),510,50120000,3050,304350000,59732571,54.31
11/02/2020,1860,186068000,99(-1.98 %),1910,191048000,50,4980000,59642601,54.38
12/02/2020,6320,628547000,99.5(0.51 %),12170,1207993000,5850,579446000,59636281,54.39
13/02/2020,1460,139325000,96(-3.52 %),12300,1196548000,10840,1057223000,59634821,54.39
14/02/2020,-7080,-678400000,95.5(-0.52 %),980,93840000,8060,772240000,59713371,54.33
17/02/2020,-2190,-208340000,97(1.57 %),680,64870000,2870,273210000,59718541,54.32
18/02/2020,-160,-15695000,98.1(1.13 %),70,6860000,230,22555000,59644251,54.38
19/02/2020,750,72210000,97(-1.12 %),1000,96960000,250,24750000,59643501,54.38
20/02/2020,8610,828110000,96.5(-0.52 %),8610,828110000,0,0,59730631,54.32
21/02/2020,13030,1271782000,96.8(0.31 %),13190,1287410000,160,15628000,59621861,54.4
24/02/2020,-1720,-171670000,98(1.24 %),1190,118150000,2910,289820000,59716731,54.33
25/02/2020,8970,878840000,98(0.00 %),9600,940900000,630,62060000,59707131,54.33
26/02/2020,1010,98608000,97.1(-0.92 %),1350,131709000,340,33101000,59613601,54.41
27/02/2020,1740,168560000,98.5(1.44 %),2040,197860000,300,29300000,59706811,54.33
28/02/2020,880,83810000,96(-2.54 %),2580,247990000,1700,164180000,59704861,54.34
02/03/2020,5020,479050000,95(-1.04 %),6390,608814000,1370,129764000,59698811,54.34
03/03/2020,3820,367150000,93.8(-1.26 %),9200,875460000,5380,508310000,59689911,54.35
04/03/2020,-32530,-2944520000,93.8(0.00 %),20500,1912340000,53030,4856860000,59671111,54.36
05/03/2020,18220,1711294000,93.9(0.11 %),18220,1711294000,0,0,59709301,54.33
06/03/2020,-880,-82800000,95(1.17 %),580,54810000,1460,137610000,59659061,54.37
09/03/2020,10870,964963000,88.7(-6.63 %),12010,1068515000,1140,103552000,59699311,54.34
10/03/2020,-500,-43479000,89.5(0.90 %),1860,159593000,2360,203072000,59699811,54.34
11/03/2020,6210,553280000,89.4(-0.11 %),8110,722920000,1900,169640000,59691567,54.35
12/03/2020,21070,1788843000,84.9(-5.03 %),21070,1788843000,0,0,59672531,54.36
13/03/2020,6890,620650000,86(1.30 %),24540,2046080000,17650,1425430000,59649457,54.38
16/03/2020,-47300,-3920951000,82(-4.65 %),7640,621910000,54940,4542861000,59712941,54.33
17/03/2020,-50690,-3967020000,78(-4.88 %),210,16505000,50900,3983525000,59763631,54.29
18/03/2020,1170,92030000,79.3(1.67 %),2910,229880000,1740,137850000,59658247,54.37
19/03/2020,1170,92028000,77(-2.90 %),2910,229880000,1740,137852000,59761291,54.29
20/03/2020,-1600,-125080000,78(1.30 %),520,40690000,2120,165770000,59763467,54.29
23/03/2020,5830,415610000,75.5(-3.21 %),8250,600290000,2420,184680000,59756957,54.3
24/03/2020,3620,274400000,75.6(0.13 %),6230,465840000,2610,191440000,59758097,54.29
25/03/2020,-6850,-551790000,80.8(6.88 %),1830,146050000,8680,697840000,59758387,54.29
26/03/2020,-7950,-660922000,82.5(2.10 %),470,38170000,8420,699092000,59768241,54.29
27/03/2020,-16330,-1324812000,81(-1.82 %),7190,587200000,23520,1912012000,59784571,54.27
30/03/2020,8190,669297000,78.9(-2.59 %),16440,1323275000,8250,653978000,59776381,54.28
31/03/2020,360,30240000,79(0.13 %),5760,460450000,5400,430210000,59750657,54.3
01/04/2020,-16760,-1332870000,79(0.00 %),1380,110960000,18140,1443830000,59772797,54.28
03/04/2020,430,33540000,81.8(3.54 %),1140,91620000,710,58080000,59779907,54.28
06/04/2020,200,16211000,84(2.69 %),1660,137316000,1460,121105000,59773547,54.28
07/04/2020,-1860,-155010000,83(-1.19 %),1280,107760000,3140,262770000,59800507,54.26
08/04/2020,460,37884000,83.5(0.60 %),1380,114567000,920,76683000,59774947,54.28
09/04/2020,-1870,-161311000,87(4.19 %),1140,98505000,3010,259816000,59776817,54.28
10/04/2020,-1250,-111780000,89.2(2.53 %),570,50360000,1820,162140000,59802727,54.26
13/04/2020,-8290,-748719000,89.2(0.00 %),790,71201000,9080,819920000,59786357,54.27
14/04/2020,-1520,-132790000,87.8(-1.57 %),750,66600000,2270,199390000,59805117,54.26
15/04/2020,-890,-77030000,88.1(0.34 %),1450,127600000,2340,204630000,59805487,54.26
16/04/2020,1370,120630000,89(1.02 %),2590,229210000,1220,108580000,59811977,54.25
17/04/2020,-550,-49250000,89(0.00 %),1420,126470000,1970,175720000,59812827,54.25
20/04/2020,6310,564482000,90.1(1.24 %),9780,875366000,3470,310884000,59781637,54.28
21/04/2020,-7710,-709180000,90.1(0.00 %),240,21934000,7950,731114000,59789347,54.27
22/04/2020,-2730,-247597000,91(1.00 %),580,50590000,3310,298187000,59792077,54.27
23/04/2020,26160,2405125000,92.9(2.09 %),28760,2645716000,2600,240591000,59765917,54.29
24/04/2020,-260,-23657000,91.7(-1.29 %),550,50600000,810,74257000,59766177,54.29
27/04/2020,-180,-16090000,91.1(-0.65 %),530,48590000,710,64680000,59792652,54.27
28/04/2020,28050,2615660000,93.9(3.07 %),28860,2691440000,810,75780000,59766392,54.29
29/04/2020,6550,613124000,93.3(-0.64 %),26370,2462824000,19820,1849700000,59731757,54.31
04/05/2020,-3270,-308287000,94.1(0.86 %),420,39812000,3690,348099000,59741542,54.31
05/05/2020,-320,-29909000,93.8(-0.32 %),520,48946000,840,78855000,59741862,54.31
06/05/2020,23130,2190850000,95.1(1.39 %),24660,2336176000,1530,145326000,59718732,54.32
07/05/2020,14480,1400831000,97.1(2.10 %),16330,1579292000,1850,178461000,59704252,54.34
08/05/2020,12360,1187190000,96(-1.13 %),18080,1738750000,5720,551560000,59706692,54.33
11/05/2020,4320,404130000,94(-2.08 %),6150,576180000,1830,172050000,59702072,54.34
12/05/2020,1220,113789000,93.6(-0.43 %),3580,333603000,2360,219814000,59686352,54.35
13/05/2020,2100,194160000,92.6(-1.07 %),2910,269176000,810,75016000,59684252,54.35
14/05/2020,310,28993000,92(-0.65 %),1720,158433000,1410,129440000,59683942,54.35
15/05/2020,-1410,-130047000,92.1(0.11 %),1050,97108000,2460,227155000,59685352,54.35
18/05/2020,-110,-9930000,91.6(-0.54 %),1450,133300000,1560,143230000,59703932,54.34
19/05/2020,9370,871623000,92(0.44 %),11700,1085644000,2330,214021000,59676092,54.36
20/05/2020,-590,-54228000,92.1(0.11 %),740,68264000,1330,122492000,59676682,54.36
21/05/2020,67150,6276845000,93.5(1.52 %),68100,6365687000,950,88842000,59609532,54.41
22/05/2020,-70,-6460000,92.9(-0.64 %),490,45660000,560,52120000,59630662,54.39
25/05/2020,1440,134124000,93.1(0.22 %),1740,161904000,300,27780000,59608162,54.41
26/05/2020,3300,307632000,93(-0.11 %),4470,416452000,1170,108820000,59604862,54.41
27/05/2020,26020,2441770000,93.2(0.22 %),28930,2714460000,2910,272690000,59598366,54.42
28/05/2020,-90,-8005000,92.8(-0.43 %),1000,93153000,1090,101158000,59578932,54.43
29/05/2020,-1160,-107300000,92.3(-0.54 %),200,18620000,1360,125920000,59598636,54.42
01/06/2020,9920,930142000,92.8(0.54 %),54920,5084226000,45000,4154084000,59582886,54.43
02/06/2020,13980,1312660000,94(1.29 %),35770,3279613000,21790,1966953000,59568906,54.44
03/06/2020,-3440,-317630000,93(-1.06 %),2240,209420000,5680,527050000,59567506,54.44
04/06/2020,-810,-75123000,93.1(0.11 %),10110,949795000,10920,1024918000,59573156,54.44
05/06/2020,1030,96120000,92.7(-0.43 %),7110,660930000,6080,564810000,59560636,54.45
08/06/2020,-1010,-93990000,93(0.32 %),5790,538260000,6800,632250000,59560526,54.45
09/06/2020,2540,237190000,94(1.08 %),3420,319730000,880,82540000,59568026,54.44
10/06/2020,6850,644805000,93.2(-0.85 %),8960,842257000,2110,197452000,59567316,54.44
11/06/2020,-420,-38840000,92(-1.29 %),670,62310000,1090,101150000,59571276,54.44
12/06/2020,3590,329263000,90.5(-1.63 %),7060,643200000,3470,313937000,59564146,54.44
15/06/2020,-1690,-154480000,90.2(-0.33 %),1000,90600000,2690,245080000,59566206,54.44
16/06/2020,-2290,-207306000,91.5(1.44 %),100,9100000,2390,216406000,59568126,54.44
17/06/2020,-720,-66160000,92(0.55 %),0,0,720,66160000,59570666,54.44
18/06/2020,19700,1684410000,92(0.00 %),20050,1716600000,350,32190000,59553306,54.45
19/06/2020,21860,1870308000,92.1(0.11 %),22500,1929200000,640,58892000,59527286,54.47
22/06/2020,20340,1745440000,92.4(0.33 %),20410,1751920000,70,6480000,59513506,54.48
23/06/2020,-1820,-166780000,91.4(-1.08 %),550,50600000,2370,217380000,59513306,54.48
24/06/2020,43860,3745410000,91.6(0.22 %),44290,3784850000,430,39440000,59469656,54.52
25/06/2020,-750,-68671000,90.5(-1.20 %),0,0,750,68671000,59465656,54.52
26/06/2020,1010,92271000,91.1(0.66 %),1250,114117000,240,21846000,59464646,54.52
29/06/2020,-550,-49460000,89.8(-1.43 %),0,0,550,49460000,59471276,54.51
30/06/2020,1010,92271000,91.5(1.89 %),1250,114117000,240,21846000,59462626,54.52
01/07/2020,-840,-75720000,90.5(-1.09 %),160,14480000,1000,90200000,59466156,54.52
02/07/2020,400,36440000,91(0.55 %),400,36440000,0,0,59465916,54.52
03/07/2020,10200,933860000,92(1.10 %),11200,1024860000,1000,91000000,59455576,54.53
06/07/2020,8970,827920000,92.7(0.76 %),9500,876500000,530,48580000,59447076,54.53
07/07/2020,9480,883910000,93.4(0.76 %),10890,1015120000,1410,131210000,59436186,54.54
08/07/2020,9130,853501000,93.5(0.11 %),9840,919653000,710,66152000,59428136,54.55
09/07/2020,4810,452180000,94.2(0.75 %),5060,475610000,250,23430000,59422816,54.55
10/07/2020,600,58280000,93(-1.27 %),5300,494370000,4700,436090000,59418926,54.55
13/07/2020,4030,378058000,93.9(0.97 %),5010,469206000,980,91148000,59418696,54.55
14/07/2020,5050,475330000,93.7(-0.21 %),6380,597130000,1330,121800000,59408496,54.56
15/07/2020,-20220,-1838260000,93.2(-0.53 %),5110,470170000,25330,2308430000,59408086,54.56
16/07/2020,9500,884108000,93.2(0.00 %),9520,885966000,20,1858000,59424366,54.55
17/07/2020,3860,361150000,93(-0.21 %),5060,470670000,1200,109520000,59395816,54.57
20/07/2020,4090,376290000,91.9(-1.18 %),5000,459630000,910,83340000,59416146,54.56
21/07/2020,14660,1352958000,92.8(0.98 %),15000,1384413000,340,31455000,59401756,54.57
22/07/2020,12500,1159343000,92.8(0.00 %),13000,1205725000,500,46382000,59389256,54.58
23/07/2020,3520,325747000,92.8(0.00 %),4300,397955000,780,72208000,59385736,54.58
24/07/2020,16360,1516400000,93.4(0.65 %),17500,1621700000,1140,105300000,59368816,54.59
27/07/2020,6660,610610000,91(-2.57 %),7150,654960000,490,44350000,59362166,54.6
28/07/2020,8010,734250000,92(1.10 %),8330,763390000,320,29140000,59354616,54.6
29/07/2020,5930,546580000,92.8(0.87 %),7500,689820000,1570,143240000,59348256,54.61
30/07/2020,4650,430350000,92.7(-0.11 %),5020,464440000,370,34090000,59343726,54.61
31/07/2020,-190,-17063000,91.1(-1.73 %),1080,99360000,1270,116423000,59343036,54.61
03/08/2020,-900,-81775000,91.7(0.66 %),4870,443692000,5770,525467000,59344536,54.61
04/08/2020,5610,529193000,97(5.78 %),10770,1006831000,5160,477638000,59338926,54.62
05/08/2020,10050,974560000,97(0.00 %),11900,1153620000,1850,179060000,59318636,54.63
06/08/2020,4180,406780000,96.9(-0.10 %),6220,602240000,2040,195460000,59318186,54.63
07/08/2020,9120,881310000,96.8(-0.10 %),9500,917670000,380,36360000,59313846,54.63
10/08/2020,5350,518926000,96.7(-0.10 %),6910,668253000,1560,149327000,59310226,54.64
11/08/2020,5620,541840000,96.7(0.00 %),7000,674600000,1380,132760000,59303826,54.64
12/08/2020,3270,315930000,96.6(-0.10 %),5020,484510000,1750,168580000,59299186,54.65
13/08/2020,4220,408360000,96.8(0.21 %),5010,484650000,790,76290000,59295736,54.65
14/08/2020,-1330,-128060000,96(-0.83 %),20,1940000,1350,130000000,59297096,54.65
17/08/2020,-200,-19092000,95.9(-0.10 %),100,9600000,300,28692000,59298646,54.65
18/08/2020,-120,-11419000,95.7(-0.21 %),310,29721000,430,41140000,59298766,54.65
19/08/2020,-300,-28695000,96.3(0.63 %),0,0,300,28695000,59299066,54.65
20/08/2020,12280,1189900000,97(0.73 %),16000,1546570000,3720,356670000,59284876,54.66
21/08/2020,12470,1222453000,99(2.06 %),13500,1321959000,1030,99506000,59274316,54.66
24/08/2020,22460,2257620000,104.8(5.86 %),25050,2518220000,2590,260600000,59247056,54.69
25/08/2020,7590,804720000,106(1.15 %),8210,870640000,620,65920000,59242566,54.69
26/08/2020,13080,1382315000,105.4(-0.57 %),13290,1404565000,210,22250000,59231186,54.7
27/08/2020,15360,1607710000,105(-0.38 %),15410,1612910000,50,5200000,59217486,54.71
28/08/2020,10640,1122342000,106(0.95 %),11150,1176402000,510,54060000,59205186,54.72
31/08/2020,5070,535178000,105.5(-0.47 %),5170,545778000,100,10600000,59200116,54.72
01/09/2020,-60,-6476000,104.8(-0.66 %),210,21849000,270,28325000,59202046,54.72
03/09/2020,-2310,-238830000,102.5(-2.19 %),8290,859330000,10600,1098160000,59194056,54.73
04/09/2020,2310,241243000,102.1(-0.39 %),2310,241243000,0,0,59202046,54.72
07/09/2020,-730,-73242000,100(-2.06 %),820,83687000,1550,156929000,59202776,54.72
08/09/2020,14430,1487950000,105(5.00 %),15510,1600370000,1080,112420000,59186386,54.73
09/09/2020,0,0,102.4(-2.48 %),0,0,0,0,59186386,54.73
10/09/2020,-360,-36746000,102.9(0.49 %),100,10210000,460,46956000,59188706,54.73
11/09/2020,5000,521611000,104.5(1.55 %),5000,521611000,0,0,59183706,54.73
14/09/2020,110,11495000,102.1(-2.30 %),110,11495000,0,0,59183596,54.73
15/09/2020,2530,260530000,103(0.88 %),3730,384970000,1200,124440000,59180536,54.74
16/09/2020,1480,154746000,104.4(1.36 %),2500,261234000,1020,106488000,59179586,54.74
17/09/2020,23900,2519140000,106(1.53 %),24930,2628430000,1030,109290000,59153106,54.76
18/09/2020,2120,225360000,105.6(-0.38 %),2120,225360000,0,0,59152186,54.76
21/09/2020,-2500,-247440000,104.3(-1.23 %),200,20000000,2700,267440000,59153006,54.76
22/09/2020,6610,698869000,106(1.63 %),8900,940235000,2290,241366000,59149456,54.76
23/09/2020,4070,431280000,106(0.00 %),5020,531930000,950,100650000,59140116,54.77
24/09/2020,9500,1014870000,106.2(0.19 %),11000,1174560000,1500,159690000,59131816,54.77
25/09/2020,2000,201200000,105.1(-1.04 %),2000,201200000,0,0,59133886,54.77
28/09/2020,5520,585030000,106(0.86 %),5920,627430000,400,42400000,59128366,54.78
29/09/2020,-370,-38960000,105.9(-0.09 %),2490,263750000,2860,302710000,59126146,54.78
30/09/2020,2760,292360000,105.5(-0.38 %),3010,318760000,250,26400000,59123136,54.78
01/10/2020,60,6330000,105.9(0.38 %),60,6330000,0,0,59123536,54.78
02/10/2020,130,13668000,105.9(0.00 %),130,13668000,0,0,59123406,54.78
05/10/2020,-380,-39840000,104.1(-1.70 %),0,0,380,39840000,59126456,54.78
06/10/2020,-3330,-346030000,104.8(0.67 %),700,73020000,4030,419050000,59125756,54.78
07/10/2020,20,2100000,105(0.19 %),20,2100000,0,0,59125736,54.78
08/10/2020,770,81235000,105(0.00 %),770,81235000,0,0,59126326,54.78
09/10/2020,980,102880000,104.8(-0.19 %),2190,229730000,1210,126850000,59127186,54.78
12/10/2020,6840,722770000,105.6(0.76 %),7890,832750000,1050,109980000,59119296,54.78
13/10/2020,230,24090000,104(-1.52 %),230,24090000,0,0,59119066,54.78
14/10/2020,180,18620000,105.5(1.44 %),190,19680000,10,1060000,59120086,54.78
15/10/2020,-510,-52829000,104.4(-1.04 %),60,6270000,570,59099000,59118606,54.78
16/10/2020,40,4173000,104(-0.38 %),50,5213000,10,1040000,59118566,54.78
19/10/2020,-170,-17291000,103(-0.96 %),0,0,170,17291000,59118736,54.78
20/10/2020,220,22640000,103(0.00 %),340,35020000,120,12380000,59118516,54.78
21/10/2020,610,63460000,103.1(0.10 %),700,72730000,90,9270000,59117906,54.78
22/10/2020,720,73880000,103.7(0.58 %),1000,103000000,280,29120000,59119746,54.78
23/10/2020,-1000,-102910000,103.9(0.19 %),100,10390000,1100,113300000,59118186,54.78
26/10/2020,300,30970000,103(-0.87 %),420,43500000,120,12530000,59117886,54.78
27/10/2020,-540,-55400000,102.6(-0.39 %),930,95850000,1470,151250000,59118786,54.78
28/10/2020,-2840,-290214000,102(-0.58 %),240,24735000,3080,314949000,59121266,54.78
29/10/2020,-170,-17340000,102(0.00 %),330,33580000,500,50920000,59119436,54.78
30/10/2020,-1500,-151595000,102(0.00 %),90,9150000,1590,160745000,59122936,54.78
02/11/2020,1110,115211000,103.9(1.86 %),1110,115211000,0,0,59123896,54.78
03/11/2020,-160,-15987000,104(0.10 %),930,96202000,1090,112189000,59124056,54.78
04/11/2020,-10,-825000,103(-0.96 %),500,51250000,510,52075000,59124066,54.78
05/11/2020,-17150,-1701020000,103(0.00 %),1140,116990000,18290,1818010000,59122306,54.78
06/11/2020,-480,-49262000,103(0.00 %),1720,177118000,2200,226380000,59141696,54.77
09/11/2020,-2770,-282450000,104(0.97 %),50,5190000,2820,287640000,59122136,54.78
10/11/2020,1030,106370000,102.9(-1.06 %),1610,165770000,580,59400000,59138816,54.77
11/11/2020,1320,136042000,104(1.07 %),1320,136042000,0,0,59142116,54.77
12/11/2020,-1000,-104000000,103.9(-0.10 %),0,0,1000,104000000,59143116,54.76
13/11/2020,-1120,-115030000,102.5(-1.35 %),480,49280000,1600,164310000,59142616,54.77
16/11/2020,-510,-52380000,102.6(0.10 %),0,0,510,52380000,59142616,54.77
17/11/2020,-80,-8210000,102.5(-0.10 %),20,2050000,100,10260000,59143596,54.76
18/11/2020,-2310,-236500000,103(0.49 %),0,0,2310,236500000,59145196,54.76
19/11/2020,80,8232000,102.9(-0.10 %),80,8232000,0,0,59147056,54.76
20/11/2020,-1540,-157850000,102.6(-0.29 %),60,6150000,1600,164000000,59145666,54.76
23/11/2020,-90,-9270000,102.6(0.00 %),0,0,90,9270000,59147976,54.76
24/11/2020,330,33830000,102.7(0.10 %),330,33830000,0,0,59147646,54.76
25/11/2020,4000,413890000,103.3(0.58 %),4200,434690000,200,20800000,59145046,54.76
26/11/2020,1050,109395000,103.4(0.10 %),1050,109395000,0,0,59143306,54.76
27/11/2020,-940,-97000000,103.4(0.00 %),0,0,940,97000000,59144086,54.76
30/11/2020,-1840,-187993000,103.5(0.10 %),280,28615000,2120,216608000,59145926,54.76
01/12/2020,0,0,103.5(0.00 %),0,0,0,0,59144006,54.76
02/12/2020,140,14480000,103.5(0.00 %),140,14480000,0,0,59144806,54.76
03/12/2020,580,60002000,103(-0.48 %),580,60002000,0,0,59143286,54.76
04/12/2020,1200,126860000,105.7(2.62 %),2050,216560000,850,89700000,59142086,54.77
07/12/2020,-3240,-344280000,106.4(0.66 %),910,96990000,4150,441270000,59143377,54.76
08/12/2020,-17,-17940000,105.7(-0.66 %),4,4210000,21,22150000,59143337,54.76
09/12/2020,10420,1028900880,106.5(0.76 %),11070,1097705980,650,68805100,59135076,54.77
10/12/2020,-560,-58950000,105.3(-1.13 %),10,1070000,570,60020000,59137257,54.77
11/12/2020,1120,117933000,105.2(-0.09 %),2590,272724000,1470,154791000,59134516,54.77
14/12/2020,-1200,-126633000,105.2(0.00 %),290,30508000,1490,157141000,59135716,54.77
15/12/2020,-286,-300130000,105.5(0.29 %),34,35770000,320,335900000,59135467,54.77
16/12/2020,-130,-13578000,105(-0.47 %),170,17968000,300,31546000,59138706,54.77
17/12/2020,-320,-33087000,104.3(-0.67 %),150,15720000,470,48807000,59139026,54.77
18/12/2020,32,33130000,104.4(0.10 %),35,36260000,3,3130000,59140957,54.77
21/12/2020,-3250,-338650000,104.1(-0.29 %),110,11500000,3360,350150000,59141147,54.77
22/12/2020,-7520,-281064600,103(-1.06 %),30,3122940,7550,284187540,59149476,54.76
23/12/2020,330,34970000,104(0.97 %),610,64050000,280,29080000,59141007,54.77
24/12/2020,10,1069000,104.2(0.19 %),30,3129000,20,2060000,59149136,54.76
25/12/2020,10,1042000,104.6(0.38 %),10,1042000,0,0,59149126,54.76
28/12/2020,-198,-204680000,104.5(-0.10 %),23,23740000,221,228420000,59151935,54.76
29/12/2020,30,3132000,103.7(-0.77 %),90,9377000,60,6245000,59151076,54.76
30/12/2020,-4620,-478710000,103.6(-0.10 %),710,73830000,5330,552540000,59151155,54.76
31/12/2020,-790,-82091000,104(0.39 %),0,0,790,82091000,59151945,54.76
04/01/2021,-400,-41770000,104.6(0.58 %),0,0,400,41770000,59153425,54.76
05/01/2021,10,10460000,104.6(0.00 %),10,10460000,0,0,59158655,54.75
06/01/2021,-12000,-1248910000,106.3(1.63 %),1200,125650000,13200,1374560000,59165325,54.75
07/01/2021,-3500,-378530000,108.3(1.88 %),300,32420000,3800,410950000,59168825,54.75
08/01/2021,-1700,-184130000,108(-0.28 %),100,10810000,1800,194940000,59170525,54.74
11/01/2021,80,86400000,108(0.00 %),100,107800000,20,21400000,59170445,54.74
12/01/2021,900,96490000,105.8(-2.04 %),1200,128050000,300,31560000,59168825,54.75
13/01/2021,-3500,-385130000,109(3.02 %),0,0,3500,385130000,59172325,54.74
14/01/2021,-2380,-2534050000,108.9(-0.09 %),700,760000000,3080,3294050000,59168045,54.75
15/01/2021,-68200,-7224580000,108(-0.83 %),26465,2787225000,94665,10011805000,59264325,54.67
18/01/2021,500,52800000,106.2(-1.67 %),500,52800000,0,0,59263825,54.67
19/01/2021,0,0,103(-3.01 %),4700,4991400000,4700,4991400000,59195752,54.72
20/01/2021,-190,-194760000,102(-0.97 %),40,41010000,230,235770000,59269952,54.67
21/01/2021,-12100,-1243140000,105.4(3.33 %),600,61800000,12700,1304940000,59277825,54.66
22/01/2021,600,62520000,104.6(-0.76 %),600,62520000,0,0,59277225,54.66
25/01/2021,-210,-217030000,103.4(-1.15 %),60,62550000,270,279580000,59270472,54.67
26/01/2021,-2600,-265860000,102(-1.35 %),700,72280000,3300,338140000,59281925,54.66
27/01/2021,-120,-123400000,101(-0.98 %),150,152000000,270,275400000,59281001,54.66
28/01/2021,-19200,-1828350000,96(-4.95 %),12200,1148120000,31400,2976470000,59302325,54.64
29/01/2021,-40,-40400000,101(5.21 %),30,29100000,70,69500000,59274501,54.66
01/02/2021,-750,-749040000,100(-0.99 %),80,81560000,830,830600000,59276401,54.66
02/02/2021,-7300,-713630000,98.1(-1.90 %),3100,304830000,10400,1018460000,59284501,54.66
03/02/2021,-10,-9900000,100.8(2.75 %),0,0,10,9900000,59305401,54.64
04/02/2021,1600,161310000,99.8(-0.99 %),1700,171310000,100,10000000,59283001,54.66
05/02/2021,-200,-20430000,100.8(1.00 %),1400,140880000,1600,161310000,59283201,54.66
08/02/2021,0,-290000,99.8(-0.99 %),700,70280000,700,70570000,59283201,54.66
09/02/2021,-100,-99050000,101(1.20 %),40,40050000,140,139100000,59320101,54.63
17/02/2021,-420,-423000000,101(0.00 %),100,100000000,520,523000000,59320701,54.63
18/02/2021,-6500,-657760000,100.3(-0.69 %),1200,120300000,7700,778060000,59294901,54.65
19/02/2021,-700,-70980000,100.3(0.00 %),1400,140520000,2100,211500000,59295601,54.65
22/02/2021,2700,272630000,100.5(0.20 %),2700,272630000,0,0,59292901,54.65
23/02/2021,-110,-113990000,101.9(1.39 %),200,200960000,310,314950000,59328361,54.62
24/02/2021,1600,159890000,100.3(-1.57 %),3100,311250000,1500,151360000,59292401,54.65
25/02/2021,-1900,-193730000,101(0.70 %),900,91370000,2800,285100000,59294301,54.65
26/02/2021,100,9390000,100.5(-0.50 %),1100,110390000,1000,101000000,59294201,54.65
01/03/2021,-320,-320580000,100.8(0.30 %),300,300600000,620,621180000,59326961,54.62
02/03/2021,-2300,-231640000,100.5(-0.30 %),200,20040000,2500,251680000,59332261,54.62
03/03/2021,-610,-612010000,100.1(-0.40 %),360,360700000,970,972710000,59326961,54.62
04/03/2021,50,50040000,99.9(-0.20 %),340,340100000,290,290060000,59329761,54.62
05/03/2021,-1900,-188400000,99(-0.90 %),6700,668170000,8600,856570000,59339761,54.61
08/03/2021,-2150,-2133280000,99(0.00 %),60,59250000,2210,2192530000,59334661,54.62
09/03/2021,-320,-316320000,98.6(-0.40 %),80,78880000,400,395200000,59336761,54.62
10/03/2021,-680,-675490000,100(1.42 %),0,0,680,675490000,59345361,54.61
11/03/2021,10,9680000,101.5(1.50 %),140,141720000,130,132040000,59366061,54.59
12/03/2021,140,142040000,101.5(0.00 %),270,274640000,130,132600000,59367361,54.59
15/03/2021,20,19320000,101.2(-0.30 %),330,334520000,310,315200000,59370861,54.59
16/03/2021,370,374010000,101.3(0.10 %),370,374010000,0,0,59368461,54.59
17/03/2021,0,220000,101.2(-0.10 %),1000,101000000,1000,100780000,59365861,54.59
18/03/2021,1500,151440000,102(0.79 %),1800,181800000,300,30360000,59364361,54.6
19/03/2021,-5100,-512590000,100.5(-1.47 %),1500,150450000,6600,663040000,59369461,54.59
22/03/2021,-4700,-472570000,100.6(0.10 %),0,0,4700,472570000,59374161,54.59
23/03/2021,210,210930000,100.4(-0.20 %),210,210930000,0,0,59367761,54.59
24/03/2021,3100,310570000,99.4(-1.00 %),3200,320600000,100,10030000,59368961,54.59
25/03/2021,0,0,100(0.60 %),0,0,0,0,59375861,54.59
26/03/2021,6100,604900000,98(-2.00 %),6100,604900000,0,0,59362861,54.6
29/03/2021,900,89160000,99.8(1.84 %),900,89160000,0,0,59361961,54.6
30/03/2021,220,219140000,99.8(0.00 %),350,348680000,130,129540000,59365461,54.59
31/03/2021,1200,119930000,99.7(-0.10 %),2100,209570000,900,89640000,59358561,54.6
01/04/2021,0,0,99.7(0.00 %),0,0,0,0,59363601,54.6
02/04/2021,-40,-39540000,99.9(0.20 %),70,70000000,110,109540000,59364201,54.6
05/04/2021,-2700,-268530000,99.8(-0.10 %),402065,37404845000,404765,37673375000,59366701,54.59
06/04/2021,180,179050000,99.6(-0.20 %),330,328140000,150,149090000,59359801,54.6
07/04/2021,-1100,-109230000,99.6(0.00 %),2000,198500000,3100,307730000,59366001,54.59
08/04/2021,-1400,-139380000,99.1(-0.50 %),1000,99100000,2400,238480000,59367401,54.59
09/04/2021,510,504730000,99.3(0.20 %),25510,23754730000,25000,23250000000,59359001,54.6
12/04/2021,-600,-59600000,99(-0.30 %),2300,227790000,2900,287390000,59362901,54.6
13/04/2021,2700,266330000,98.6(-0.40 %),3900,385130000,1200,118800000,59360201,54.6
14/04/2021,2500,246470000,98.5(-0.10 %),256900,23928720000,254400,23682250000,59357701,54.6
15/04/2021,1700,166150000,98.4(-0.10 %),3100,303750000,1400,137600000,59356001,0.0
16/04/2021,160,155970000,97.5(-0.91 %),290,282850000,130,126880000,59349501,54.61
19/04/2021,-3400,-331660000,97.5(0.00 %),1400,136340000,4800,468000000,59357801,54.6
20/04/2021,-250,-243320000,97(-0.51 %),450,437000000,700,680320000,59349401,54.61
22/04/2021,-7600,-749590000,99.9(2.99 %),400,39920000,8000,789510000,59367901,54.59
23/04/2021,-1000,-993450000,99.5(-0.40 %),0,0,1000,993450000,59355101,54.6
26/04/2021,-110,-110600000,100(0.50 %),0,0,110,110600000,59362101,54.6
27/04/2021,-510,-509680000,100(0.00 %),200,199100000,710,708780000,59368101,54.59
28/04/2021,-860,-860000000,99.9(-0.10 %),50,50000000,910,910000000,59377601,54.59
29/04/2021,2300,230390000,99.8(-0.10 %),5700,568430000,3400,338040000,59390401,54.58
04/05/2021,-10600,-1065100000,102.7(2.91 %),2000,203030000,12600,1268130000,59380101,54.58
05/05/2021,-800,-82420000,103(0.29 %),500,51500000,1300,133920000,59380901,54.58
06/05/2021,-200,-207500000,102.5(-0.49 %),0,0,200,207500000,59390101,54.58
07/05/2021,0,100000,97.5(-4.88 %),100,9900000,100,9800000,59382901,54.58
10/05/2021,-1400,-136550000,98.8(1.33 %),100,9750000,1500,146300000,59384301,54.58
11/05/2021,2100,207840000,98.2(-0.61 %),2100,207840000,0,0,59382201,54.58
12/05/2021,-4200,-407160000,97.1(-1.12 %),6100,597420000,10300,1004580000,59386401,54.58
13/05/2021,-7020,-6663870000,94.5(-2.68 %),920,889760000,7940,7553630000,59390001,54.58
14/05/2021,30,28460000,95(0.53 %),30,28460000,0,0,59389701,54.58
17/05/2021,-500,-47900000,96(1.05 %),0,0,500,47900000,59456801,54.52
18/05/2021,180,175310000,96(0.00 %),400,386510000,220,211200000,59475401,54.51
19/05/2021,-1100,-103190000,96(0.00 %),2900,277240000,4000,380430000,59456101,54.53
20/05/2021,8700,830790000,96(0.00 %),20200,1929160000,11500,1098370000,59447401,54.53
21/05/2021,-1480,-1406120000,94.5(-1.56 %),110,104070000,1590,1510190000,59453901,54.53
24/05/2021,-350,-330910000,95(0.53 %),150,142100000,500,473010000,59456401,54.53
25/05/2021,300,28650000,95.2(0.21 %),300,28650000,0,0,59465401,54.52
26/05/2021,370,353030000,95(-0.21 %),520,494780000,150,141750000,59478301,54.51
27/05/2021,70,66150000,95(0.00 %),70,66150000,0,0,59482601,54.51
28/05/2021,-900,-86990000,94.1(-0.95 %),9100,858700000,10000,945690000,59461901,54.52
31/05/2021,5800,545520000,94.1(0.00 %),6200,583200000,400,37680000,59456101,54.53
01/06/2021,80,75280000,95(0.96 %),80,75280000,0,0,59468001,54.52
02/06/2021,21600,2062360000,95(0.00 %),39000,3711500000,17400,1649140000,59447201,54.53
03/06/2021,7700,725700000,94.6(-0.42 %),7700,725700000,0,0,59439501,54.54
04/06/2021,-4800,-451480000,94.3(-0.32 %),4200,396320000,9000,847800000,59444301,54.53
07/06/2021,-13200,-1243710000,94.1(-0.21 %),3000,282600000,16200,1526310000,59457501,54.52
08/06/2021,48200,4628490000,96.4(2.44 %),48200,4628490000,0,0,59409301,54.56
09/06/2021,2700,257580000,95.3(-1.14 %),2700,257580000,0,0,59406601,54.56
10/06/2021,3300,314230000,94.5(-0.84 %),4100,389830000,800,75600000,59403301,54.57
11/06/2021,-16000,-1507600000,94.1(-0.42 %),0,0,16000,1507600000,59419301,54.55
14/06/2021,9300,880750000,96(2.02 %),19300,1819090000,10000,938340000,59410001,54.56
15/06/2021,0,0,95.5(-0.52 %),0,0,0,0,59393601,54.57
16/06/2021,2410,2303430000,95(-0.52 %),2410,2303430000,0,0,59385501,54.58
17/06/2021,10,9200000,95(0.00 %),21030,19978300000,21020,19969100000,59395201,54.57
18/06/2021,2400,2297910000,95.9(0.95 %),2400,2297910000,0,0,59371201,54.59
21/06/2021,700,66500000,95.5(-0.42 %),700,66500000,0,0,59361101,54.6
22/06/2021,820,784400000,95.8(0.31 %),1150,1097900000,330,313500000,59359201,54.6
23/06/2021,10400,993880000,95.6(-0.21 %),11500,1098880000,1100,105000000,59342501,54.61
24/06/2021,1770,1698980000,96(0.42 %),2320,2226980000,550,528000000,59324590,54.63
25/06/2021,100,9540000,95.6(-0.42 %),100,9540000,0,0,59324701,54.63
28/06/2021,100,95500000,95.6(0.00 %),100,95500000,0,0,59327890,54.62
29/06/2021,-170,-161460000,95.3(-0.31 %),10,9540000,180,171000000,59333290,54.62
30/06/2021,16700,1603820000,95.6(0.31 %),16700,1603820000,0,0,59308701,54.64
01/07/2021,8400,806080000,95.7(0.10 %),8500,815650000,100,9570000,59316595,54.63
02/07/2021,-4000,-3781300000,94.1(-1.67 %),480,455290000,4480,4236590000,59305095,54.64
05/07/2021,0,0,94.5(0.43 %),0,0,0,0,59305095,54.64
06/07/2021,490,466590000,94.8(0.32 %),2050,1947220000,1560,1480630000,59284695,54.66
07/07/2021,1800,171180000,94.5(-0.32 %),2300,218280000,500,47100000,59349895,54.61
08/07/2021,-6600,-583122400,93.9(-0.63 %),400,37620800,7000,620743200,59356495,54.6
09/07/2021,-8500,-797430000,93.3(-0.64 %),100,9330000,8600,806760000,59364995,54.6
12/07/2021,13100,1200010000,92(-1.39 %),22700,2080490000,9600,880480000,59351895,54.61
13/07/2021,-300,-27030000,93.9(2.07 %),200,18020000,500,45050000,59352195,54.6
14/07/2021,-1300,-120000000,92.1(-1.92 %),100,9300000,1400,129300000,59353495,54.6
15/07/2021,-7600,-692410000,92(-0.11 %),100,9380000,7700,701790000,59361095,54.6
16/07/2021,0,0,92(0.00 %),0,0,0,0,59361095,54.6
19/07/2021,2900,275830000,93.9(2.07 %),10400,966790000,7500,690960000,59358195,54.6
20/07/2021,-280,-254260000,93(-0.96 %),420,391840000,700,646100000,59339925,54.61
21/07/2021,720,673790000,93(0.00 %),6060,5641980000,5340,4968190000,59279325,54.66
22/07/2021,0,-20000,93.5(0.54 %),100,9300000,100,9320000,59353795,54.6
23/07/2021,-900,-83700000,92.8(-0.75 %),0,0,900,83700000,59354695,54.6
26/07/2021,-20,-18460000,94.9(2.26 %),20,18560000,40,37020000,59346955,54.61
27/07/2021,-40,-37610000,94(-0.95 %),0,0,40,37610000,59347055,54.61
28/07/2021,0,0,93.5(-0.53 %),0,0,0,0,59355295,54.6
29/07/2021,220,206210000,94.1(0.64 %),290,271840000,70,65630000,59345455,54.61
30/07/2021,-10,-9080000,93.6(-0.53 %),70,65470000,80,74550000,59345155,54.61
02/08/2021,-1100,-103400000,93.9(0.32 %),400,37600000,1500,141000000,59345205,54.61
03/08/2021,-600,-55860000,93.8(-0.11 %),300,28170000,900,84030000,59345805,54.61
04/08/2021,10600,1004240000,95(1.28 %),10800,1023220000,200,18980000,59335205,54.62
05/08/2021,400,38010000,94.9(-0.11 %),400,38010000,0,0,59334805,54.62
06/08/2021,-14300,-1340190000,95.6(0.74 %),700,66550000,15000,1406740000,59349105,54.61
09/08/2021,100,9420000,94.3(-1.36 %),100,9420000,0,0,59349005,54.61
10/08/2021,0,-10000,94.8(0.53 %),100,9490000,100,9500000,59349005,54.61
11/08/2021,-1100,-103750000,94.2(-0.63 %),200,18900000,1300,122650000,59350105,54.61
12/08/2021,1100,103600000,94(-0.21 %),1600,150700000,500,47100000,59349005,54.61
13/08/2021,-11200,-1042507200,93.6(-0.43 %),2400,223394400,13600,1265901600,59360205,54.6
16/08/2021,-3000,-280630000,94.3(0.75 %),100,9400000,3100,290030000,59363205,54.6
17/08/2021,-5400,-503900000,93.2(-1.17 %),5000,468610000,10400,972510000,59371005,54.59
18/08/2021,-11800,-1108230000,94(0.86 %),200,18800000,12000,1127030000,59375005,54.59
19/08/2021,-21900,-2102850000,97.5(3.72 %),8600,847980000,30500,2950830000,59396905,54.57
20/08/2021,-14500,-1381310000,95.6(-1.95 %),2300,222760000,16800,1604070000,59411405,54.56
23/08/2021,-11600,-1097190000,95.1(-0.52 %),100,9500000,11700,1106690000,59423005,54.55
24/08/2021,-9600,-902450000,93.7(-1.47 %),400,37960000,10000,940410000,59432605,54.54
25/08/2021,-12600,-1171300000,93.5(-0.21 %),700,64940000,13300,1236240000,59445205,54.53
26/08/2021,-10000,-931720000,94.9(1.50 %),0,0,10000,931720000,59455205,54.53
27/08/2021,-51600,-5206610000,101.5(6.95 %),100,9610000,51700,5216220000,59506805,54.49
30/08/2021,-38900,-4209310000,108.6(7.00 %),32382,3307003000,71282,7516313000,59545705,54.46
31/08/2021,-28400,-3262420000,111.5(2.67 %),7800,901010000,36200,4163430000,59574105,54.44
01/09/2021,-25600,-2777110000,110(-1.35 %),100,11010000,25700,2788120000,59504085,54.49
06/09/2021,-23800,-2519990000,105(-4.55 %),0,0,23800,2519990000,59527885,54.47
07/09/2021,-18000,-1851080000,103.6(-1.33 %),0,0,18000,1851080000,59545885,54.46
08/09/2021,-600,-62990000,102.5(-1.06 %),1000,100800000,1600,163790000,59546485,54.46
09/09/2021,-2100,-209800000,100.9(-1.56 %),100,10100000,2200,219900000,59548585,54.45
10/09/2021,1500,153800000,100.2(-0.69 %),1500,153800000,0,0,59547085,54.46
13/09/2021,1600,164210000,101.2(1.00 %),3000,307320000,1400,143110000,59545485,54.46
14/09/2021,-600,-62500000,102.7(1.48 %),700,71300000,1300,133800000,59546085,54.46
15/09/2021,-800,-82250000,101.9(-0.78 %),100,10120000,900,92370000,59546885,54.46
16/09/2021,0,950000,99(-2.85 %),500,51000000,500,50050000,59546885,54.46
17/09/2021,19500,1965020000,102.2(3.23 %),19700,1985320000,200,20300000,59527385,54.47
20/09/2021,3700,374200000,101(-1.17 %),3700,374200000,0,0,59523685,54.47
21/09/2021,9400,948030000,101(0.00 %),12300,1238070000,2900,290040000,59514285,54.48
22/09/2021,8000,804900000,101.8(0.79 %),8000,804900000,0,0,59506285,54.49
23/09/2021,-400,-40430000,104.3(2.46 %),100,10470000,500,50900000,59506685,54.49
24/09/2021,0,0,103(-1.25 %),0,0,0,0,59506685,54.49
27/09/2021,0,0,100(-2.91 %),0,0,0,0,59506685,54.49
28/09/2021,0,0,98.8(-1.20 %),0,0,0,0,59506685,54.49
29/09/2021,700,69160000,98.4(-0.40 %),700,69160000,0,0,59505985,54.49
30/09/2021,0,0,99.9(1.52 %),0,0,0,0,59505985,54.49
01/10/2021,0,0,99.8(-0.10 %),466167,43353531000,466167,43353531000,59609735,54.41
04/10/2021,0,0,99.6(-0.20 %),0,0,0,0,59609735,54.41
05/10/2021,-2100,-206880000,100(0.40 %),0,0,2100,206880000,59611835,54.41
06/10/2021,-5100,-505950000,99.6(-0.40 %),500,49550000,5600,555500000,59616935,0.0
07/10/2021,-1200,-119830000,99.9(0.30 %),100,9930000,1300,129760000,59618135,0.0
08/10/2021,-700,-70290000,99.7(-0.20 %),400,39600000,1100,109890000,59618835,0.0
11/10/2021,100,0,99(-0.70 %),100,0,0,0,59618735,0.0
12/10/2021,-400,-40330000,98.3(-0.71 %),800,78470000,1200,118800000,59619135,0.0
13/10/2021,1600,158150000,99.5(1.22 %),1700,168000000,100,9850000,59617535,0.0
14/10/2021,-100,-9810000,99(-0.50 %),0,0,100,9810000,59617635,0.0
15/10/2021,-7200,-707120000,98.1(-0.91 %),300,29430000,7500,736550000,59624835,0.0
18/10/2021,-6200,-604390000,97.9(-0.20 %),800,78040000,7000,682430000,59631035,0.0
19/10/2021,-10300,-1003140000,97.4(-0.51 %),500,48760000,10800,1051900000,59641335,0.0
20/10/2021,400,39320000,98.7(1.33 %),400,39320000,0,0,59640935,0.0
21/10/2021,-500,-49120000,99.2(0.51 %),700,69470000,1200,118590000,59641835,0.0
22/10/2021,200,19830000,98.3(-0.91 %),300,29730000,100,9900000,59641635,0.0
25/10/2021,0,-20000,98.1(-0.20 %),300,29500000,300,29520000,59641635,0.0
26/10/2021,200,19650000,98.8(0.71 %),300,29430000,100,9780000,59641435,0.0
27/10/2021,600,59290000,98.9(0.10 %),2900,286470000,2300,227180000,59640835,0.0
28/10/2021,-900,-82790000,101.7(2.83 %),2300,234600000,3200,317390000,59641735,54.38
29/10/2021,2000,210450000,103.8(2.06 %),9500,979260000,7500,768810000,59639735,54.39
01/11/2021,-10700,-1103050000,102.3(-1.45 %),1000,103800000,11700,1206850000,59628758,54.39
02/11/2021,2500,252690000,103.2(0.88 %),3400,346200000,900,93510000,59626258,54.4
03/11/2021,0,0,102(-1.16 %),0,0,0,0,59626258,54.4
04/11/2021,1000,0,101.3(-0.69 %),1100,0,100,0,59625258,0.0
05/11/2021,0,0,101.2(-0.10 %),0,0,0,0,59626258,54.4
08/11/2021,4600,466840000,101.2(0.00 %),5000,507280000,400,40440000,59621658,54.4
09/11/2021,1900,192530000,102(0.79 %),1900,192530000,0,0,59619758,54.4
10/11/2021,500,50507000,101.2(-0.78 %),1400,141419600,900,90912600,59619258,0.0
11/11/2021,-5500,-548730000,100.9(-0.30 %),2800,283040000,8300,831770000,59625258,54.4
12/11/2021,1400,139870000,101.6(0.69 %),1400,139870000,0,0,59623858,54.4
15/11/2021,2700,277760000,103.2(1.57 %),3600,369970000,900,92210000,59621158,54.4
16/11/2021,-6500,-663780000,102.1(-1.07 %),1000,102140000,7500,765920000,59627658,54.39
17/11/2021,-2200,-225390000,102.1(0.00 %),900,92200000,3100,317590000,59629858,54.39
18/11/2021,1700,171080000,101(-1.08 %),2500,251720000,800,80640000,59628158,54.39
19/11/2021,-300,-30440000,99.8(-1.19 %),200,20010000,500,50450000,59628458,54.39
22/11/2021,-2000,-197630000,98.5(-1.30 %),2000,198560000,4000,396190000,59630458,54.39
23/11/2021,-2500,-241050000,98.7(0.20 %),1100,110440000,3600,351490000,59632958,54.39
24/11/2021,-5500,-547630000,101(2.33 %),500,49950000,6000,597580000,59638458,54.39
25/11/2021,-200,-19980000,99.6(-1.39 %),0,0,200,19980000,59638658,54.39
26/11/2021,-11700,-1165050000,99.5(-0.10 %),200,19890000,11900,1184940000,59650358,0.0
29/11/2021,200,0,103.9(4.42 %),300,0,100,0,59650158,0.0
30/11/2021,-1400,-145040000,103(-0.87 %),1900,199940000,3300,344980000,59651758,54.38
01/12/2021,-27400,-2741030000,102(-0.97 %),2700,271140000,30100,3012170000,59662311,54.37
02/12/2021,-7900,-863760000,109.1(6.96 %),300,30630000,8200,894390000,59670211,54.36
03/12/2021,-17800,-2057320000,116.7(6.97 %),1000,114500000,18800,2171820000,59688011,54.35
06/12/2021,1000,113310000,118.5(1.54 %),2000,230010000,1000,116700000,59687011,54.35
07/12/2021,1000,116850000,122(2.95 %),4600,545390000,3600,428540000,59686011,54.35
08/12/2021,-2900,-351690000,124(1.64 %),1400,172920000,4300,524610000,59688911,54.35
09/12/2021,-10700,-1360310000,126.4(1.94 %),800,101220000,11500,1461530000,59699611,0.0
10/12/2021,-3500,-432690000,124.5(-1.50 %),800,97840000,4300,530530000,59703111,54.34
13/12/2021,-7100,-922710000,133.2(6.99 %),100,12300000,7200,935010000,59710211,54.33
14/12/2021,-21600,-3003900000,134.2(0.75 %),100,13600000,21700,3017500000,59731811,54.31
15/12/2021,-6200,-853740000,135.8(1.19 %),1200,161780000,7400,1015520000,59738011,54.31
16/12/2021,-50800,-6618480000,130(-4.27 %),2100,276120000,52900,6894600000,59788811,54.27
17/12/2021,3500,442930000,123.6(-4.92 %),3500,442930000,0,0,59785311,54.27
20/12/2021,1400,177800000,128.5(3.96 %),1700,216770000,300,38970000,59783911,54.27
21/12/2021,-2900,-374230000,130(1.17 %),300,38890000,3200,413120000,59786811,0.0
22/12/2021,3900,498630000,127.9(-1.62 %),4100,524550000,200,25920000,59782911,54.28
23/12/2021,-6000,-757390000,123.3(-3.60 %),1900,238160000,7900,995550000,59788911,0.0
24/12/2021,-800,-97902400,118.1(-4.22 %),800,97902400,1600,195804800,59783711,0.0
27/12/2021,6300,728900000,115.6(-2.12 %),6300,728900000,0,0,59811751,54.25
28/12/2021,-5100,-596420000,115.9(0.26 %),2700,314690000,7800,911110000,59816851,54.25
29/12/2021,2300,259320000,113.4(-2.16 %),2800,316820000,500,57500000,59807861,54.26
30/12/2021,-5600,-641640000,113.9(0.44 %),16100,1799050000,21700,2440690000,59799561,54.26
31/12/2021,-3000,-341400000,113(-0.79 %),800,91730000,3800,433130000,59799261,54.26
04/01/2022,-16100,-1832520000,114.6(1.42 %),1100,125370000,17200,1957890000,59819861,54.25
05/01/2022,-14400,-1650850000,115(0.35 %),5000,574480000,19400,2225330000,59818664,54.25
06/01/2022,-32000,-3769260000,123(6.96 %),300,35160000,32300,3804420000,59835564,54.24
07/01/2022,-9800,-1143910000,114.6(-6.83 %),400,46640000,10200,1190550000,59854564,54.22
10/01/2022,-2300,-423601200,108.5(-5.32 %),2900,156063600,5200,579664800,59883964,54.2
11/01/2022,6000,615430000,106.9(-1.47 %),8000,830120000,2000,214690000,59886164,54.2
12/01/2022,-13500,-1383650000,101.2(-5.33 %),12300,1265380000,25800,2649030000,59879154,54.2
13/01/2022,400,41350000,102.5(1.28 %),500,51660000,100,10310000,59880674,54.2
14/01/2022,31500,3300220000,106(3.41 %),32100,3362050000,600,61830000,59874374,54.21
17/01/2022,500,52310000,102(-3.77 %),1700,178390000,1200,126080000,59872774,54.21
18/01/2022,31400,3268470000,105(2.94 %),33100,3445360000,1700,176890000,59840274,54.23
19/01/2022,-400,-41890000,103.2(-1.71 %),700,72400000,1100,114290000,59840774,54.23
20/01/2022,1600,166480000,103.4(0.10 %),1900,197650000,300,31170000,59840574,54.23
21/01/2022,2700,276880000,102.1(-1.07 %),4100,419870000,1400,142990000,59837574,54.23
24/01/2022,-2900,-291050000,99(-3.04 %),600,61000000,3500,352050000,59837274,54.23
25/01/2022,-4800,-469510000,98.5(-0.51 %),400,39260000,5200,508770000,59838274,54.23
26/01/2022,600,9822100,98.5(0.00 %),1500,49110500,900,39288400,59840274,54.23
27/01/2022,-100,-9580000,99.5(1.02 %),800,79600000,900,89180000,59844674,54.23
28/01/2022,10000,1017470000,102.9(3.42 %),10400,1057750000,400,40280000,59835174,54.24
07/02/2022,-9400,-948850000,102.9(0.00 %),800,81580000,10200,1030430000,59835274,54.24
08/02/2022,6700,672320000,101.3(-1.55 %),7300,733270000,600,60950000,59828374,54.24
09/02/2022,1500,151790000,101(-0.30 %),4900,496180000,3400,344390000,59833674,54.24
10/02/2022,500,51140000,103.7(2.67 %),500,51140000,0,0,59833774,54.24
11/02/2022,2000,203450000,101.5(-2.12 %),2400,244500000,400,41050000,59834774,54.24
14/02/2022,26500,2645350000,99.6(-1.87 %),29800,2975990000,3300,330640000,59804974,54.26
15/02/2022,23200,2314600000,101.2(1.61 %),23600,2354680000,400,40080000,59781774,54.28
16/02/2022,-400,-39700000,101.8(0.59 %),1000,101700000,1400,141400000,59784119,54.27
17/02/2022,-100,-10450000,101.9(0.10 %),1200,121350000,1300,131800000,59783319,54.28
18/02/2022,-800,-77060000,108.9(6.87 %),2800,301730000,3600,378790000,59781919,54.28
21/02/2022,-8300,-951430000,115(5.60 %),400,45980000,8700,997410000,59782819,54.28
22/02/2022,-3200,-371360000,114(-0.87 %),200,23000000,3400,394360000,59786219,54.27
23/02/2022,-6100,-705320000,115(0.88 %),700,79950000,6800,785270000,59794269,54.27
24/02/2022,-300,-32210000,112.7(-2.00 %),2100,236900000,2400,269110000,59795569,54.27
25/02/2022,-700,-79630000,113.8(0.98 %),1000,113300000,1700,192930000,59801369,54.26
28/02/2022,-1300,-143910000,112.5(-1.14 %),300,33560000,1600,177470000,59803469,54.26
01/03/2022,-4800,-537360000,112.1(-0.36 %),1200,134640000,6000,672000000,59803969,54.26
02/03/2022,-14900,-1748690000,118(5.26 %),600,67320000,15500,1816010000,59804969,54.26
03/03/2022,-28200,-3133880000,117.9(-0.08 %),2800,324020000,31000,3457900000,59808169,54.26
04/03/2022,6000,704700000,116(-1.61 %),11000,1286050000,5000,581350000,59812669,54.25
07/03/2022,18800,2194900000,116.7(0.60 %),21000,2451260000,2200,256360000,59822669,54.25
08/03/2022,-2400,-276120000,114.5(-1.89 %),0,0,2400,276120000,59827669,54.24
09/03/2022,-12300,-1381320000,114.5(0.00 %),300,33900000,12600,1415220000,59829569,54.24
10/03/2022,900,102530000,114.4(-0.09 %),900,102530000,0,0,59831069,54.24
11/03/2022,400,45200000,111.9(-2.19 %),1000,112560000,600,67360000,59842669,54.23
14/03/2022,-200,-22600000,109.3(-2.32 %),300,32920000,500,55520000,59842369,54.23
15/03/2022,-900,-99160000,108.7(-0.55 %),2000,213590000,2900,312750000,59840969,54.23
16/03/2022,700,75710000,108.7(0.00 %),800,86600000,100,10890000,59840669,54.23
17/03/2022,100,10410000,109(0.28 %),400,43300000,300,32890000,59843169,54.23
18/03/2022,2000,217700000,108.8(-0.18 %),2100,228690000,100,10990000,59841169,54.23
21/03/2022,700,76680000,110.1(1.19 %),1700,185550000,1000,108870000,59839769,54.23
22/03/2022,-300,-33070000,107.5(-2.36 %),300,33000000,600,66070000,59839569,54.23
23/03/2022,2400,263680000,110.4(2.70 %),2500,274650000,100,10970000,59838069,54.23
24/03/2022,-12300,-1369710000,111.3(0.82 %),2800,312760000,15100,1682470000,59835869,54.24
25/03/2022,-2700,-301960000,111.3(0.00 %),0,0,2700,301960000,59835969,54.23
28/03/2022,2300,255570000,111.5(0.18 %),2600,289120000,300,33550000,59848469,54.23
29/03/2022,800,89310000,112(0.45 %),1900,210970000,1100,121660000,59849269,54.22
30/03/2022,1000,111710000,111(-0.89 %),2000,223000000,1000,111290000,59847569,54.23
31/03/2022,900,100480000,111.2(0.18 %),3400,378290000,2500,277810000,59845269,54.23
01/04/2022,4100,446620000,109.4(1.58 %),5700,621240000,1600,174620000,59840569,54.23
04/04/2022,-800,-87800000,110.3(0.82 %),900,98730000,1700,186530000,59842169,54.23
05/04/2022,-21900,-2369330000,108(-2.09 %),0,0,21900,2369330000,59843769,54.23
06/04/2022,-5300,-563850000,106.8(-1.11 %),1900,203060000,7200,766910000,59843569,54.23
07/04/2022,-2500,-267000000,106.7(-0.09 %),0,0,2500,267000000,59846069,54.23
08/04/2022,-1400,-148290000,106.2(-0.47 %),0,0,1400,148290000,59872669,54.21
12/04/2022,2300,243110000,102(-3.95 %),4800,504970000,2500,261860000,59870369,54.21
13/04/2022,3800,389950000,102.8(0.78 %),3800,389950000,0,0,59870369,54.21
14/04/2022,1000,101840000,102.1(-0.68 %),1300,132730000,300,30890000,59869169,54.21
15/04/2022,-900,-91450000,101.9(-0.20 %),600,61200000,1500,152650000,59868569,54.21
18/04/2022,-1800,-182190000,102(0.10 %),200,20080000,2000,202270000,59868669,54.21
19/04/2022,14900,1530200000,102(0.00 %),15400,1581290000,500,51090000,59854769,54.22
20/04/2022,5300,541440000,101.6(-0.39 %),6200,633450000,900,92010000,59866569,54.21
21/04/2022,400,40740000,101.6(0.00 %),500,50900000,100,10160000,59850569,54.22
22/04/2022,6500,659600000,101.7(0.10 %),6600,669860000,100,10260000,59844869,54.23
25/04/2022,1100,108180000,96(-5.60 %),3000,296840000,1900,188660000,59841969,54.23
26/04/2022,800,76530000,99.7(3.85 %),900,86420000,100,9890000,59841169,54.23
27/04/2022,-2100,-204290000,99.3(-0.40 %),2000,197040000,4100,401330000,59841069,54.23
28/04/2022,14900,1469140000,99.9(0.60 %),15100,1488930000,200,19790000,59826069,54.24
29/04/2022,1400,140430000,101.1(1.20 %),1400,140430000,0,0,59828769,54.24
04/05/2022,0,340000,99.5(-1.58 %),200,20240000,200,19900000,59828769,54.24
05/05/2022,-800,-78810000,99(-0.50 %),0,0,800,78810000,59829569,0.0
06/05/2022,0,0,100.8(1.82 %),300,30240000,300,30240000,59828669,54.24
09/05/2022,400,38960000,97.4(-3.37 %),1700,165580000,1300,126620000,59827769,54.24
10/05/2022,1600,155840000,97.4(0.00 %),2100,204540000,500,48700000,59825969,54.24
11/05/2022,-700,-68510000,98(0.62 %),1200,117030000,1900,185540000,59826669,0.0
12/05/2022,-900,-87950000,96.5(-1.53 %),0,0,900,87950000,59827569,0.0
13/05/2022,-1200,-117300000,94(-2.59 %),900,85210000,2100,202510000,59827569,54.24
16/05/2022,-500,-45250000,90.5(-3.72 %),100,9050000,600,54300000,59828369,54.24
17/05/2022,-5300,-487600000,92(1.66 %),1900,174800000,7200,662400000,59828569,54.24
18/05/2022,2200,204600000,93(1.09 %),2200,204600000,0,0,59826969,54.24
19/05/2022,800,73120000,91.4(-1.72 %),1100,100540000,300,27420000,59833069,54.24
20/05/2022,500,45500000,91(-0.44 %),800,72800000,300,27300000,59832269,54.24
23/05/2022,-500,-45250000,90.5(-0.55 %),200,18100000,700,63350000,59832369,54.24
24/05/2022,0,0,91.6(1.22 %),200,18320000,200,18320000,59832469,54.24
25/05/2022,200,18600000,93(1.53 %),200,18600000,0,0,59832969,54.24
26/05/2022,0,0,93(0.00 %),100,9300000,100,9300000,59833069,54.24
27/05/2022,1200,112560000,93.8(0.86 %),1200,112560000,0,0,59831869,54.24
30/05/2022,100,9350000,93.5(-0.32 %),100,9350000,0,0,59831869,54.24
31/05/2022,500,46950000,93.9(0.43 %),500,46950000,0,0,59831369,54.24
01/06/2022,600,55740000,92.9(-1.06 %),800,74320000,200,18580000,59830569,54.24
02/06/2022,-100,-9250000,92.5(-0.43 %),0,0,100,9250000,59830569,54.24
03/06/2022,-100,-9180000,91.8(-0.76 %),0,0,100,9180000,59830769,54.24
06/06/2022,200,18200000,91.1(-0.76 %),200,18200000,0,0,59830669,54.24
07/06/2022,0,0,91.5(0.44 %),0,0,0,0,59830669,54.24
08/06/2022,400,36880000,92.2(0.77 %),400,36880000,0,0,59830269,54.24
09/06/2022,-1000,-92800000,92.8(0.65 %),200,18560000,1200,111360000,59831169,54.24
10/06/2022,1900,176510000,92.9(0.11 %),1900,176510000,0,0,59829269,54.24
13/06/2022,-2000,-181000000,90.5(-2.58 %),200,18100000,2200,199100000,59830269,54.24
14/06/2022,400,36200000,90.5(0.00 %),600,54300000,200,18100000,59829669,54.24
15/06/2022,-300,-27000000,90(-0.55 %),100,9000000,400,36000000,59831769,54.24
16/06/2022,0,-27000000,90.9(1.00 %),0,9000000,0,36000000,59831969,54.24
17/06/2022,-1900,-168720000,88.8(-2.31 %),100,8880000,2000,177600000,59832269,54.24
20/06/2022,900,79820000,88.8(0.00 %),1200,106460000,300,26640000,59831069,54.24
21/06/2022,1000,86000000,86(-3.15 %),1100,94600000,100,8600000,59831969,54.24
22/06/2022,0,86000000,86(0.00 %),0,94600000,0,8600000,59832308,54.24
23/06/2022,1000,86100000,86.1(0.12 %),1000,86100000,0,0,59831408,54.24
24/06/2022,900,77850000,86.5(0.46 %),900,77850000,0,0,59830508,54.24
27/06/2022,500,44180000,88.1(1.85 %),500,44180000,0,0,59830008,54.24
28/06/2022,-2500,-220500000,88.2(0.11 %),0,0,2500,220500000,59830008,54.24
29/06/2022,0,0,88(-0.23 %),0,0,0,0,59830008,54.24
30/06/2022,1000,87800000,87.8(-0.23 %),1000,87800000,0,0,59831508,54.24
01/07/2022,1900,167010000,87.9(0.11 %),1900,167010000,0,0,59829608,54.24
04/07/2022,0,0,88.2(0.34 %),0,0,0,0,59830608,54.24
05/07/2022,-1000,-88700000,88.7(0.57 %),0,0,1000,88700000,59829608,54.24
06/07/2022,-1300,-113620000,87.4(-1.47 %),0,0,1300,113620000,59829608,54.24
07/07/2022,1100,96140000,87.4(0.00 %),1100,96140000,0,0,59829508,54.24
08/07/2022,-700,-158400000,88(0.69 %),1200,8800000,1900,167200000,59830208,54.24
11/07/2022,0,-158400000,87.1(-1.02 %),0,8800000,0,167200000,59830789,54.24
12/07/2022,-200,-17600000,88(1.03 %),0,0,200,17600000,59832689,54.24
13/07/2022,0,-17600000,88.4(0.45 %),0,0,0,17600000,59832689,54.24
14/07/2022,-1000,-88200000,88.2(-0.23 %),0,0,1000,88200000,59832889,54.24
15/07/2022,0,0,88(-0.23 %),400,35200000,400,35200000,59832489,54.24
18/07/2022,-1000,-88000000,88(0.00 %),100,8800000,1100,96800000,59833389,54.24
19/07/2022,0,0,87.3(-0.80 %),200,17460000,200,17460000,59833589,54.24
20/07/2022,-1700,-150450000,88.5(1.37 %),2000,177000000,3700,327450000,59832689,54.24
21/07/2022,-5600,-513520000,91.7(3.62 %),4400,403480000,10000,917000000,59828489,54.24
22/07/2022,1000,-46750000,93.5(1.96 %),1000,0,0,46750000,59832189,54.24
25/07/2022,100,9150000,91.5(-2.14 %),100,9150000,0,0,59842089,54.23
26/07/2022,200,18400000,92(0.55 %),200,18400000,0,0,59842389,54.23
27/07/2022,0,18400000,92.8(0.87 %),0,18400000,0,0,59842389,54.23
28/07/2022,200,18400000,92(-0.86 %),200,18400000,0,0,59842189,54.23
29/07/2022,-1000,-92300000,92.3(0.33 %),0,0,1000,92300000,59842189,54.23
01/08/2022,-1700,-156400000,92(-0.33 %),0,0,1700,156400000,59842189,54.23
02/08/2022,-5600,-515200000,92(0.00 %),0,0,5600,515200000,59843189,54.23
03/08/2022,0,-515200000,91.9(-0.11 %),0,0,0,515200000,59844889,54.23
04/08/2022,-700,-63980000,91.4(-0.54 %),300,27420000,1000,91400000,59850189,54.22
05/08/2022,100,9150000,91.5(0.11 %),100,9150000,0,0,59850089,54.22
08/08/2022,400,36560000,91.4(-0.11 %),400,36560000,0,0,59850689,54.22
09/08/2022,-1400,-129220000,92.3(0.98 %),1000,92300000,2400,221520000,59849689,54.22
10/08/2022,1100,102080000,92.8(0.54 %),1100,102080000,0,0,59848589,54.23
11/08/2022,300,27600000,92(-0.86 %),300,27600000,0,0,59850689,54.22
12/08/2022,300,27780000,92.6(0.65 %),300,27780000,0,0,59850389,54.22
15/08/2022,-4200,-386820000,92.1(-0.54 %),300,27630000,4500,414450000,59850089,54.22
16/08/2022,-2900,-265640000,91.6(-0.54 %),300,27480000,3200,293120000,59849789,54.22
17/08/2022,-4100,-375560000,91.6(0.00 %),2400,219840000,6500,595400000,59851889,54.22
18/08/2022,-4900,-449820000,91.8(0.22 %),100,9180000,5000,459000000,59854989,54.22
19/08/2022,-1300,-121420000,93.4(1.74 %),0,0,1300,121420000,59861489,54.22
22/08/2022,3600,338400000,94(0.64 %),3600,338400000,0,0,59862889,54.21
23/08/2022,0,338400000,93(-1.06 %),0,338400000,0,0,59864189,54.21
24/08/2022,0,338400000,93.7(0.75 %),0,338400000,0,0,59864189,54.21
25/08/2022,0,338400000,93.3(-0.43 %),0,338400000,0,0,59864189,54.21
26/08/2022,2000,186600000,93.3(0.00 %),2000,186600000,0,0,59862189,54.21
29/08/2022,3600,331200000,92(-1.39 %),3600,331200000,0,0,59858589,54.22
30/08/2022,100,9110000,91.1(-0.98 %),100,9110000,0,0,59858491,54.22
31/08/2022,-6900,-627900000,91(-0.11 %),2100,191100000,9000,819000000,59856391,54.22
05/09/2022,-100,-9140000,91.4(0.44 %),0,0,100,9140000,59856391,54.22
06/09/2022,2600,239200000,92(0.66 %),2600,239200000,0,0,59862791,54.21
07/09/2022,0,239200000,91(-1.09 %),0,239200000,0,0,59862891,54.21
08/09/2022,300,27090000,90.3(-0.77 %),300,27090000,0,0,59862591,54.21
09/09/2022,-3500,-316050000,90.3(0.00 %),0,0,3500,316050000,59862591,54.21
12/09/2022,500,-316050000,92(1.88 %),700,0,200,316050000,59861891,54.22
13/09/2022,-8208,-345329100,90.8(-1.30 %),0,0,8208,345329100,59865391,54.21
14/09/2022,-7100,-345329100,90.5(-0.33 %),0,0,7100,345329100,59865591,54.21
15/09/2022,120,-642550000,91.1(0.66 %),120,0,0,642550000,0,54.21
16/09/2022,-2002,-181981800,90.9(-0.22 %),10,909000,2012,182890800,59880769,54.2
19/09/2022,0,-181981800,90.2(-0.77 %),0,909000,0,182890800,59880769,54.2
20/09/2022,-6237,-566319600,90.8(0.67 %),300,27240000,6537,593559600,59882481,54.2
21/09/2022,-7607,-679305100,89.3(-1.65 %),0,0,7607,679305100,59882481,54.2
22/09/2022,-4100,-368180000,89.8(0.56 %),0,0,4100,368180000,59889018,54.19
23/09/2022,0,0,89(-0.89 %),100,8900000,100,8900000,59896525,54.19
26/09/2022,-300,-26220000,87.4(-1.80 %),100,8740000,400,34960000,59900525,54.19
27/09/2022,-8164,-723330400,88.6(1.37 %),0,0,8164,723330400,59900625,54.19
28/09/2022,-300,-26580000,88.6(0.00 %),0,0,300,26580000,59901025,54.19
29/09/2022,-270,-23355000,86.5(-2.37 %),0,0,270,23355000,59909189,54.18
30/09/2022,300,25650000,85.5(-1.16 %),300,25650000,0,0,59909189,54.18
03/10/2022,-300,-25680000,85.6(0.12 %),0,0,300,25680000,59909459,54.18
04/10/2022,1200,101400000,84.5(-1.29 %),1300,109850000,100,8450000,59908159,54.18
05/10/2022,0,101400000,85(0.59 %),0,109850000,0,8450000,59908459,54.18
06/10/2022,-2900,-243600000,84(-1.18 %),0,0,2900,243600000,59908559,54.18
07/10/2022,0,-243600000,84(0.00 %),0,0,0,243600000,59908559,54.18
10/10/2022,-100,-8300000,83(-1.19 %),100,8300000,200,16600000,59911359,54.18
11/10/2022,0,-8300000,81(-2.41 %),0,8300000,0,16600000,59911359,54.18
12/10/2022,110,9262000,84.2(3.95 %),200,16840000,90,7578000,59911359,54.18
13/10/2022,100,8400000,84(-0.24 %),100,8400000,0,0,59911259,54.18
14/10/2022,0,8400000,83.3(-0.83 %),0,8400000,0,0,59911349,54.18
17/10/2022,195,16165500,82.9(-0.48 %),200,16580000,5,414500,59911149,54.18
18/10/2022,1800,150120000,83.4(0.60 %),2500,208500000,700,58380000,59908649,54.18
19/10/2022,-1000,-85100000,86(3.12 %),0,0,1000,85100000,59909649,0.0
20/10/2022,1000,86900000,90(4.65 %),1000,86900000,0,0,59907641,0.0
21/10/2022,9800,892530000,90(0.00 %),10000,910600000,200,18070000,59898541,0.0
24/10/2022,1000,88000000,88(-2.22 %),1000,88000000,0,0,59898341,0.0
25/10/2022,300,27440000,88.5(0.57 %),900,79400000,600,51960000,59898041,0.0
26/10/2022,500,44250000,87.8(-0.79 %),500,44250000,0,0,59897541,0.0
27/10/2022,1200,104710000,87.8(0.00 %),1200,104710000,0,0,59896541,54.19
28/10/2022,0,105360000,87.4(-0.46 %),0,105360000,0,0,59896541,54.19
31/10/2022,0,105360000,86(-1.60 %),0,105360000,0,0,59896541,54.19
01/11/2022,1300,110760000,85.2(-0.93 %),1800,153360000,500,42600000,59894741,54.19
02/11/2022,0,110760000,86(0.94 %),0,153360000,0,42600000,59894741,54.19
03/11/2022,0,110760000,85.6(-0.47 %),0,153360000,0,42600000,59895241,54.19
04/11/2022,-310,-26257000,84.7(-1.05 %),0,0,310,26257000,59895241,54.19
07/11/2022,-920,-77004000,83.7(-1.18 %),0,0,920,77004000,59895241,54.19
08/11/2022,-130,-10881000,83.7(0.00 %),0,0,130,10881000,59895551,54.19
09/11/2022,0,-10881000,83.7(0.00 %),0,0,0,10881000,59896471,54.19
10/11/2022,36200,2950300000,81.5(-2.63 %),36200,2950300000,0,0,59860401,54.22
11/11/2022,3700,301180000,81.4(-0.12 %),3700,301180000,0,0,59856701,54.22
14/11/2022,912,75148800,82.4(1.23 %),1012,83388800,100,8240000,59855689,54.22
15/11/2022,901,71989900,79.9(-3.03 %),901,71989900,0,0,59854788,54.22
16/11/2022,1900,154850000,81.5(2.00 %),3200,260800000,1300,105950000,59851688,54.22
17/11/2022,701,57622200,82.2(0.86 %),701,57622200,0,0,59850987,54.22
18/11/2022,2600,216320000,83.2(1.22 %),2600,216320000,0,0,59849687,54.22
21/11/2022,-100,-8200000,82(-1.44 %),0,0,100,8200000,59849687,54.22
22/11/2022,296,24479200,82.7(0.85 %),300,24810000,4,330800,59849387,54.22
23/11/2022,100,8200000,82(-0.85 %),100,8200000,0,0,59849387,54.22
24/11/2022,100,8180000,81.8(-0.24 %),100,8180000,0,0,59849291,54.22
25/11/2022,-10000,-807000000,80.7(-1.34 %),0,0,10000,807000000,59849291,54.22
28/11/2022,-690,-57270000,83(2.85 %),9400,780200000,10090,837470000,59849981,54.22
29/11/2022,-12400,-1018040000,82.1(-1.08 %),2600,213460000,15000,1231500000,59862381,54.21
30/11/2022,30002,2580172000,86(4.75 %),30202,2597372000,200,17200000,59832379,54.24
01/12/2022,-7969,-672583600,84.4(-1.86 %),12231,1032296400,20200,1704880000,59814948,0.0
02/12/2022,100,8430000,84.3(-0.12 %),100,8430000,0,0,59814848,0.0
05/12/2022,696,59716800,85.8(1.78 %),700,60060000,4,343200,59814152,54.25
06/12/2022,200,17000000,85(-0.93 %),800,68000000,600,51000000,59813952,0.0
07/12/2022,200,16900000,84.5(-0.59 %),200,16900000,0,0,59813752,0.0
08/12/2022,900,77310000,85.9(1.66 %),900,77310000,0,0,59848252,54.23
09/12/2022,-300,-25440000,84.8(-1.28 %),100,8480000,400,33920000,59848152,54.23
12/12/2022,-800,-68080000,85.1(0.35 %),200,17020000,1000,85100000,59813952,0.0
13/12/2022,0,-68080000,84.9(-0.24 %),0,17020000,0,85100000,59813952,0.0
14/12/2022,3000,256500000,85.5(0.71 %),3000,256500000,0,0,59810952,54.25
15/12/2022,-200,-17100000,85.5(0.00 %),1100,94050000,1300,111150000,59811152,0.0
16/12/2022,-3200,-274560000,85.8(0.35 %),0,0,3200,274560000,59814352,0.0
19/12/2022,-1300,-111410000,85.7(-0.12 %),0,0,1300,111410000,59815652,54.25
20/12/2022,3700,315980000,85.4(-0.35 %),4700,401380000,1000,85400000,59811952,54.25
21/12/2022,0,315980000,85.4(0.00 %),0,401380000,0,85400000,59811952,54.25
22/12/2022,0,315980000,84.9(-0.59 %),0,401380000,0,85400000,59811952,54.25
23/12/2022,0,315980000,85.6(0.82 %),0,401380000,0,85400000,59811952,54.25
26/12/2022,300,25350000,84.5(-1.29 %),300,25350000,0,0,59811652,54.25
27/12/2022,800,67600000,84.5(0.00 %),800,67600000,0,0,59810852,0.0
28/12/2022,400,34040000,85.1(0.71 %),400,34040000,0,0,59810452,54.25
29/12/2022,100,8490000,84.9(-0.24 %),100,8490000,0,0,59845752,54.23
30/12/2022,-2296,-194930400,84.9(0.00 %),200,16980000,2496,211910400,59845552,54.23
03/01/2023,1500,129600000,86.4(1.77 %),1500,129600000,0,0,59844052,54.23
04/01/2023,800,69600000,87(0.69 %),800,69600000,0,0,59845748,54.23
05/01/2023,1200,104280000,86.9(-0.11 %),1200,104280000,0,0,59844548,54.23
06/01/2023,0,104280000,86.2(-0.81 %),0,104280000,0,0,59844548,54.23
09/01/2023,1500,129600000,86.4(0.23 %),1500,129600000,0,0,59843048,54.23
10/01/2023,-46,-4038800,87.8(1.62 %),0,0,46,4038800,59843048,54.23
11/01/2023,0,-4038800,89(1.37 %),0,0,0,4038800,59843048,54.23
12/01/2023,1300,114140000,87.8(-1.35 %),1300,114140000,0,0,59841794,54.23
13/01/2023,300,26310000,87.7(-0.11 %),300,26310000,0,0,59841494,54.23
16/01/2023,1300,113490000,87.3(-0.46 %),1300,113490000,0,0,59840194,54.23
17/01/2023,0,113490000,88(0.80 %),0,113490000,0,0,59840194,54.23
18/01/2023,-13500,-1181250000,87.5(-0.57 %),1500,131250000,15000,1312500000,59838694,54.23
19/01/2023,2200,196680000,89.4(2.17 %),2200,196680000,0,0,59836494,54.23
27/01/2023,1000,93100000,93.1(4.14 %),1000,93100000,0,0,59850494,54.22
30/01/2023,2000,188400000,94.2(1.18 %),2000,188400000,0,0,59848494,54.23
31/01/2023,561,52958400,94.4(0.21 %),961,90718400,400,37760000,59847533,54.23
01/02/2023,2000,187600000,93.8(-0.64 %),3400,318920000,1400,131320000,59844133,54.23
02/02/2023,2200,206360000,93.8(0.00 %),6600,619080000,4400,412720000,59837933,54.23
03/02/2023,2590,250194000,96.6(2.99 %),2700,260820000,110,10626000,59836633,54.23
06/02/2023,2000,193600000,96.8(0.21 %),2000,193600000,0,0,59839033,54.23
07/02/2023,15801,1539017400,97.4(0.62 %),21700,2113580000,5899,574562600,59817443,54.25
08/02/2023,4600,442520000,96.2(-1.23 %),4600,442520000,0,0,59812843,54.25
09/02/2023,2030,193662000,95.4(-0.83 %),3530,336762000,1500,143100000,59815212,54.25
10/02/2023,10502,1012392800,96.4(1.05 %),10502,1012392800,0,0,59804710,54.26
13/02/2023,22200,2175600000,98(1.66 %),22500,2205000000,300,29400000,59783710,54.27
14/02/2023,1700,167450000,98.5(0.51 %),2400,236400000,700,68950000,59781310,54.28
15/02/2023,1320,130680000,99(0.51 %),2700,267300000,1380,136620000,59778910,54.28
16/02/2023,6000,593400000,98.9(-0.10 %),7200,712080000,1200,118680000,59772410,54.28
17/02/2023,6400,628480000,98.2(-0.71 %),6600,648120000,200,19640000,59767190,54.29
20/02/2023,8600,840220000,97.7(-0.51 %),8600,840220000,0,0,59759790,54.29
21/02/2023,6200,613180000,98.9(1.23 %),6200,613180000,0,0,59753790,54.3
22/02/2023,3900,382200000,98(-0.91 %),4500,441000000,600,58800000,59749290,54.3
23/02/2023,44290,4358136000,98.4(0.41 %),45100,4437840000,810,79704000,59704190,54.34
24/02/2023,5700,552900000,97(-1.42 %),6700,649900000,1000,97000000,59698490,54.34
27/02/2023,2200,212080000,96.4(-0.62 %),2900,279560000,700,67480000,59696000,54.34
28/02/2023,-100,-9630000,96.3(-0.10 %),0,0,100,9630000,59697000,54.34
01/03/2023,3300,325050000,98.5(2.28 %),3300,325050000,0,0,59694400,54.34
02/03/2023,100,9720000,97.2(-1.32 %),100,9720000,0,0,59694400,54.34
03/03/2023,0,9720000,97(-0.21 %),0,9720000,0,0,59694400,54.34
06/03/2023,-122,-11687600,95.8(-1.24 %),100,9580000,222,21267600,59694300,54.34
07/03/2023,0,-11687600,96.2(0.42 %),0,9580000,0,21267600,59694300,54.34
08/03/2023,-282,-27100200,96.1(-0.10 %),1000,96100000,1282,123200200,59693522,54.34
09/03/2023,-700,-67340000,96.2(0.10 %),100,9620000,800,76960000,59693422,54.34
10/03/2023,-100,-9620000,96.2(0.00 %),100,9620000,200,19240000,59694604,54.34
13/03/2023,-1100,-105820000,96.2(0.00 %),0,0,1100,105820000,59695704,0.0
14/03/2023,-400,-38200000,95.5(-0.73 %),0,0,400,38200000,59695604,54.34
15/03/2023,-1200,-115800000,96.5(1.05 %),500,48250000,1700,164050000,59696204,54.34
16/03/2023,-1800,-171360000,95.2(-1.35 %),1000,95200000,2800,266560000,59695604,54.34
17/03/2023,-3400,-317220000,93.3(-2.00 %),100,9330000,3500,326550000,59697204,54.34
20/03/2023,200,18600000,93(-0.32 %),3000,279000000,2800,260400000,59697004,54.34
21/03/2023,-400,552900000,92.6(-0.43 %),0,649900000,400,97000000,59700504,54.34
22/03/2023,-100,-9130000,93.9(1.40 %),400,37610000,500,46740000,59700604,0.0
23/03/2023,0,-70000,93.9(0.00 %),200,18690000,200,18760000,59700604,0.0
24/03/2023,0,-160000,93.9(0.00 %),100,9230000,100,9390000,59700604,0.0
27/03/2023,-1400,-130900000,93.5(-0.43 %),400,37400000,1800,168300000,59702004,0.0
28/03/2023,-2300,-214590000,93.3(-0.21 %),100,9330000,2400,223920000,59704304,54.34
29/03/2023,-600,-55800000,93(-0.32 %),0,0,600,55800000,59705104,54.34
30/03/2023,-3416,-316663200,92.7(-0.32 %),0,0,3416,316663200,59707504,54.33
31/03/2023,2000,185400000,92.7(0.00 %),4700,435690000,2700,250290000,59703404,54.34
03/04/2023,-410,-38048000,92.8(0.11 %),100,9280000,510,47328000,59706720,54.33
04/04/2023,700,64680000,92.4(-0.43 %),3000,277200000,2300,212520000,59706420,54.33
05/04/2023,200,18440000,92.2(-0.22 %),800,73760000,600,55320000,59706130,54.33
06/04/2023,-1300,-119990000,92.3(0.11 %),1300,119990000,2600,239980000,59707130,54.33
07/04/2023,-200,-18300000,91.5(-0.87 %),100,9150000,300,27450000,59707630,54.33
10/04/2023,-1000,-92400000,92.4(0.98 %),0,0,1000,92400000,59710230,54.33
11/04/2023,-1500,-138000000,92(-0.43 %),200,18400000,1700,156400000,59710330,54.33
12/04/2023,-200,-18420000,92.1(0.11 %),0,0,200,18420000,59711330,54.33
13/04/2023,0,-18420000,92.1(0.00 %),0,0,0,18420000,59713030,54.33
14/04/2023,-1000,-93400000,93.4(1.41 %),0,0,1000,93400000,59713230,54.33
17/04/2023,-1500,-139650000,93.1(-0.32 %),400,37240000,1900,176890000,59712830,54.33
18/04/2023,-600,-55860000,93.1(0.00 %),0,0,600,55860000,59713830,54.33
19/04/2023,400,36760000,91.9(-1.29 %),2200,202180000,1800,165420000,59713530,54.33
20/04/2023,-1500,-138130000,92.5(0.65 %),0,0,1500,138130000,59715030,54.33
21/04/2023,-3750,-370875000,98.9(6.92 %),0,0,3750,370875000,59715930,54.33
24/04/2023,-109300,-11389060000,104.2(5.36 %),1900,197980000,111200,11587040000,59715530,54.33
25/04/2023,-1200,-123600000,103(-1.15 %),100,10300000,1300,133900000,59719180,54.32
26/04/2023,-33100,-3495360000,105.6(2.52 %),200,21120000,33300,3516480000,59830180,54.24
27/04/2023,100,10520000,105.6(0.00 %),100,10520000,0,0,59830080,0.0
28/04/2023,-18100,-1920290000,105.8(0.19 %),300,31690000,18400,1951980000,59848180,0.0
04/05/2023,-66500,-7307740000,113.1(6.90 %),3900,423990000,70400,7731730000,59864380,0.0
05/05/2023,-28900,-3381580000,116(2.56 %),600,70920000,29500,3452500000,59878280,54.2
08/05/2023,-7900,-910070000,115(-0.86 %),1800,209620000,9700,1119690000,59946880,54.15
09/05/2023,-3000,-337960000,113.9(-0.96 %),200,22920000,3200,360880000,59976248,54.13
10/05/2023,0,330000,109(-1.27 %),1300,143330000,1300,143000000,59976248,0.0
11/05/2023,-1600,-174070000,110(0.92 %),100,11000000,1700,185070000,59987748,54.12
12/05/2023,100,10910000,108.3(-1.55 %),100,10910000,0,0,59988988,54.12
15/05/2023,-44500,-4932470000,109.7(1.29 %),200,21940000,44700,4954410000,60033488,54.08
16/05/2023,-1300,-142560000,110.1(0.36 %),0,0,1300,142560000,60034788,54.08
17/05/2023,-1400,-153940000,109.9(-0.18 %),0,0,1400,153940000,60036188,54.08
18/05/2023,-1700,-188700000,111(1.00 %),0,0,1700,188700000,60037888,54.08
19/05/2023,-4000,-447050000,110.1(-0.81 %),400,44350000,4400,491400000,60041888,54.08
22/05/2023,-400,-43960000,110.6(0.45 %),200,22140000,600,66100000,60042288,54.08
23/05/2023,200,22130000,111(0.36 %),200,22130000,0,0,60042088,54.08
24/05/2023,-1100,-121400000,110.9(-0.09 %),300,33000000,1400,154400000,60043188,54.08
25/05/2023,-122400,-14185340000,114.1(2.89 %),200,22920000,122600,14208260000,60165588,53.98
26/05/2023,1400,154710000,112(-1.84 %),1400,154710000,0,0,60164188,53.98
29/05/2023,5100,560360000,109(-2.68 %),5800,637550000,700,77190000,60159088,53.99
30/05/2023,5700,626950000,112.2(2.94 %),5800,638000000,100,11050000,60153388,53.99
31/05/2023,9100,1001610000,110.1(-1.87 %),9100,1001610000,0,0,60144288,54.0
01/06/2023,7300,814620000,113(2.63 %),8700,968810000,1400,154190000,60146046,54.0
02/06/2023,4200,474260000,112(-0.88 %),8500,960160000,4300,485900000,60141846,54.0
05/06/2023,200,22500000,110.3(-1.52 %),300,33600000,100,11100000,60141646,54.0
06/06/2023,1200,133680000,112.2(1.72 %),1200,133680000,0,0,60140446,54.0
07/06/2023,-400,-44900000,112.2(0.00 %),100,11200000,500,56100000,60140846,54.0
08/06/2023,-17900,-2054100000,118(5.17 %),200,22440000,18100,2076540000,60158746,53.99
09/06/2023,-500,-60850000,126.2(6.95 %),3000,369000000,3500,429850000,60159246,53.99
12/06/2023,4900,621530000,126.9(0.55 %),5700,722520000,800,100990000,60154346,53.99
13/06/2023,6300,794530000,125.8(-0.87 %),8500,1069930000,2200,275400000,60148046,54.0
14/06/2023,-4700,-588120000,124(-1.43 %),200,24730000,4900,612850000,60152746,53.99
15/06/2023,-1800,-221360000,125.7(1.37 %),1300,158580000,3100,379940000,60154546,53.99
16/06/2023,-200,-24580000,124(-1.35 %),200,24820000,400,49400000,60144296,54.0
19/06/2023,4500,555400000,124(0.00 %),8500,1053020000,4000,497620000,60138896,54.0
20/06/2023,-3600,-451970000,127(2.42 %),700,88830000,4300,540800000,60142496,54.0
21/06/2023,600,73580000,123(-3.15 %),700,86100000,100,12520000,60141971,54.0
22/06/2023,-1200,-147800000,122.6(-0.33 %),500,61500000,1700,209300000,60143171,54.0
23/06/2023,500,62500000,123.7(0.90 %),1700,210010000,1200,147510000,60142671,54.0
26/06/2023,9900,1270810000,129(4.28 %),10600,1357620000,700,86810000,60135281,54.01
27/06/2023,-2600,-321380000,133.3(3.33 %),1800,241170000,4400,562550000,60137881,54.0
28/06/2023,-300,-39580000,131.8(-1.13 %),100,13290000,400,52870000,60138181,54.0
29/06/2023,-10900,-1414170000,128.5(-2.50 %),300,39420000,11200,1453590000,60149081,54.0
30/06/2023,500,64360000,128.5(0.00 %),500,64360000,0,0,60148581,54.0
03/07/2023,-900,-117500000,133.8(4.12 %),800,104180000,1700,221680000,60139287,54.0
04/07/2023,800,103920000,130(-2.84 %),1300,170620000,500,66700000,60138487,54.0
05/07/2023,0,250000,132.6(2.00 %),400,52990000,400,52740000,60138487,54.0
06/07/2023,400,52260000,130.9(-1.28 %),1000,131220000,600,78960000,60149282,54.0
07/07/2023,400,53630000,134.9(3.06 %),1000,134130000,600,80500000,60148682,54.0
10/07/2023,1700,229370000,135(0.07 %),2200,297370000,500,68000000,60146982,54.0
11/07/2023,400,54200000,134(-0.74 %),600,81240000,200,27040000,60146582,54.0
12/07/2023,2000,268060000,132.5(-1.12 %),2600,348250000,600,80190000,60144582,54.0
13/07/2023,-1300,-170800000,132.1(-0.30 %),500,67350000,1800,238150000,60145882,54.0
14/07/2023,9100,1190090000,130(-1.59 %),10100,1320150000,1000,130060000,60135182,54.01
17/07/2023,-2200,-282100000,127(-2.31 %),200,25930000,2400,308030000,60137382,54.0
18/07/2023,1000,130340000,129.8(2.20 %),2800,360140000,1800,229800000,60136382,54.01
19/07/2023,2800,361460000,138.8(6.93 %),5700,757350000,2900,395890000,60131682,54.01
20/07/2023,6200,843980000,139.6(0.58 %),21000,2914730000,14800,2070750000,60125482,54.01
21/07/2023,5500,718550000,129.9(-6.95 %),5600,731740000,100,13190000,60119982,54.02
24/07/2023,-15600,-1944690000,124.7(-4.00 %),4100,510190000,19700,2454880000,60120572,54.02
25/07/2023,2400,300800000,124.1(-0.48 %),2600,325760000,200,24960000,60118072,54.02
26/07/2023,700,87720000,125(0.73 %),2900,361100000,2200,273380000,60117372,54.02
27/07/2023,-3300,-404110000,119.1(-4.72 %),2000,243880000,5300,647990000,60120672,54.02
28/07/2023,-1700,-197080000,117(-1.76 %),6500,763520000,8200,960600000,60122372,54.02
31/07/2023,-900,-107940000,123(5.13 %),1400,165740000,2300,273680000,60123272,54.02
01/08/2023,-2700,-326870000,119(-3.25 %),1600,193810000,4300,520680000,60132742,54.01
02/08/2023,700,83820000,119.7(0.59 %),2000,238950000,1300,155130000,60132042,54.01
03/08/2023,100,11690000,120.3(0.50 %),900,108130000,800,96440000,60131942,54.01
04/08/2023,-400,-48060000,119.7(-0.50 %),1400,167200000,1800,215260000,60142962,54.0
07/08/2023,-900,-107190000,118.9(-0.67 %),2200,261700000,3100,368890000,60143862,54.0
08/08/2023,-17300,-2035420000,117.9(-0.84 %),700,82820000,18000,2118240000,60161162,53.99
09/08/2023,500,59110000,117.1(-0.68 %),700,82720000,200,23610000,60160662,53.99
10/08/2023,-400,-46650000,116(-0.94 %),400,46910000,800,93560000,60161062,53.99
11/08/2023,-1300,-150540000,116(0.00 %),100,11620000,1400,162160000,60162362,53.99
14/08/2023,-200,-23090000,116(0.00 %),0,0,200,23090000,60163582,53.98
15/08/2023,23700,2795250000,119.9(3.36 %),30300,3567650000,6600,772400000,60134682,54.01
16/08/2023,-400,-47490000,117.3(-2.17 %),200,23620000,600,71110000,60134682,54.01
17/08/2023,-25300,-2928600000,115(-1.96 %),0,0,25300,2928600000,60159982,53.99
18/08/2023,31800,3703900000,115(0.00 %),34000,3958040000,2200,254140000,60107882,54.03
21/08/2023,-200,-22980000,115(0.00 %),100,11490000,300,34470000,60133082,54.01
22/08/2023,-6100,-697880000,114(-0.87 %),1300,148750000,7400,846630000,60133982,54.01
23/08/2023,-9500,-1080780000,113.8(-0.18 %),700,79470000,10200,1160250000,60133632,54.01
24/08/2023,-7500,-854750000,113.9(0.09 %),200,22680000,7700,877430000,60141132,54.0
25/08/2023,-14300,-1630240000,115.7(1.58 %),0,0,14300,1630240000,60151133,53.99
28/08/2023,0,0,116.3(0.52 %),0,0,0,0,60151133,53.99
29/08/2023,1000,117000000,115.2(-0.95 %),1000,117000000,0,0,60172192,53.98
30/08/2023,-900,-104430000,116.4(1.04 %),2600,300760000,3500,405190000,60173092,53.98
31/08/2023,-400,-47750000,118(1.37 %),700,82170000,1100,129920000,60168892,53.98
05/09/2023,-2100,-243480000,117.9(-0.08 %),2700,318120000,4800,561600000,60169692,53.98
06/09/2023,-9400,-1125040000,122(3.48 %),2600,308080000,12000,1433120000,60179092,53.97
07/09/2023,32800,4036990000,123.5(1.23 %),52300,6429220000,19500,2392230000,60120610,54.02
08/09/2023,-15000,-1824730000,121.8(-1.38 %),2000,242600000,17000,2067330000,60130595,54.01
11/09/2023,1200,147030000,119.7(-1.72 %),2200,266850000,1000,119820000,60147895,54.0
12/09/2023,52800,6415300000,123.3(3.01 %),52800,6415300000,0,0,60112095,54.02
13/09/2023,-600,-72910000,120.5(-2.27 %),300,36180000,900,109090000,60112785,54.02
14/09/2023,-3200,-381730000,118.5(-1.66 %),500,59540000,3700,441270000,60112285,54.02
15/09/2023,-3000,-354320000,118(-0.42 %),200,23620000,3200,377940000,60113034,54.02
18/09/2023,0,0,118.4(0.34 %),0,0,0,0,60113034,54.02
19/09/2023,-4500,-529200000,118.8(0.34 %),0,0,4500,529200000,60121260,54.02
20/09/2023,-1100,-130160000,118.6(-0.17 %),0,0,1100,130160000,60122360,54.02
21/09/2023,-1500,-178170000,118.7(0.08 %),0,0,1500,178170000,60123860,54.01
22/09/2023,1500,179090000,117.9(-0.67 %),2200,262150000,700,83060000,60124649,54.01
25/09/2023,-2600,-305410000,116(-1.61 %),200,23580000,2800,328990000,60125998,54.01
26/09/2023,-600,-70670000,116.2(0.17 %),100,11660000,700,82330000,60126696,54.01
27/09/2023,-600,-69790000,117.2(0.86 %),600,69650000,1200,139440000,60127296,54.01
28/09/2023,-2900,-337140000,116.4(-0.68 %),200,23230000,3100,360370000,60130196,54.01
29/09/2023,-1100,-128320000,117(0.52 %),0,0,1100,128320000,60130695,54.01
02/10/2023,700,83030000,118.7(1.45 %),800,94870000,100,11840000,60132995,54.01
03/10/2023,-900,-104790000,116.7(-1.68 %),600,70560000,1500,175350000,60133495,54.01
04/10/2023,-700,-81670000,116.6(-0.09 %),100,11660000,800,93330000,60134195,54.01
05/10/2023,1400,162790000,116.7(0.09 %),2500,291870000,1100,129080000,60132495,54.01
06/10/2023,-300,-34740000,117.5(0.69 %),100,11600000,400,46340000,60132795,54.01
09/10/2023,-5700,-696570000,122.2(4.00 %),600,72620000,6300,769190000,60138495,54.0
10/10/2023,-1300,-157880000,121.7(-0.41 %),300,36690000,1600,194570000,60133828,54.01
11/10/2023,-600,-73210000,121.3(-0.33 %),100,12010000,700,85220000,60139996,54.0
12/10/2023,-6100,-731940000,120.7(-0.49 %),1500,180060000,7600,912000000,60140180,54.0
13/10/2023,200,23820000,120(-0.58 %),200,23820000,0,0,60140680,54.0
16/10/2023,-6400,-769770000,119.7(-0.25 %),500,60120000,6900,829890000,60147780,54.0
17/10/2023,-200,-24060000,118.6(-0.92 %),100,11910000,300,35970000,60147680,54.0
18/10/2023,-1200,-140270000,115.4(-2.70 %),0,0,1200,140270000,60154580,53.99
19/10/2023,-600,-69010000,115(-0.35 %),0,0,600,69010000,60154880,53.99
20/10/2023,-900,-104060000,115.9(0.78 %),600,68660000,1500,172720000,60155480,53.99
23/10/2023,-1700,-191250000,110(-5.09 %),0,0,1700,191250000,60156080,53.99
24/10/2023,-200,-22080000,110.4(0.36 %),0,0,200,22080000,60156280,53.99
25/10/2023,-500,-53180000,108.6(-1.63 %),700,77620000,1200,130800000,60157580,53.99
26/10/2023,2200,223020000,102.9(-5.25 %),2200,223020000,0,0,60156674,53.99
27/10/2023,-900,-91080000,101.4(-1.46 %),900,91260000,1800,182340000,60157035,53.99
30/10/2023,800,80130000,101.5(0.10 %),800,80130000,0,0,60156235,53.99
31/10/2023,2400,248610000,100(-1.48 %),2500,258950000,100,10340000,60155629,53.99
01/11/2023,1800,179370000,102.5(2.50 %),2800,279790000,1000,100420000,60152829,53.99
02/11/2023,-1000,-102520000,103(0.49 %),500,51050000,1500,153570000,60153829,53.99
03/11/2023,-400,-41840000,103.6(0.58 %),200,20790000,600,62630000,60154229,53.99
06/11/2023,0,290000,104.8(1.16 %),1000,103600000,1000,103310000,60154229,53.99
07/11/2023,-1500,-156090000,104.8(0.00 %),100,10300000,1600,166390000,60155729,53.99
08/11/2023,1500,156620000,106(1.15 %),1700,177480000,200,20860000,60153529,53.99
09/11/2023,-2100,-222640000,105.4(-0.57 %),300,31710000,2400,254350000,60154829,53.99
10/11/2023,1000,105400000,104.3(-1.04 %),1000,105400000,0,0,60154029,53.99
13/11/2023,-100,-10430000,104.3(0.00 %),0,0,100,10430000,60156429,53.99
14/11/2023,100,10180000,104.9(0.58 %),800,82880000,700,72700000,60154029,53.99
15/11/2023,0,0,105.5(0.57 %),0,0,0,0,60154029,53.99
16/11/2023,0,0,105.5(0.00 %),0,0,0,0,60154029,53.99
17/11/2023,0,0,104.1(-1.33 %),0,0,0,0,60156430,53.99
20/11/2023,100,10210000,103.6(-0.48 %),100,10210000,0,0,60156530,53.99
21/11/2023,11900,1248510000,105.2(1.54 %),12100,1269150000,200,20640000,60144430,54.0
22/11/2023,-4900,-503640000,104.5(-0.67 %),100,10360000,5000,514000000,60144330,54.0
23/11/2023,-19200,-1976640000,103(-1.44 %),10200,1047570000,29400,3024210000,60163530,53.98
24/11/2023,200,20490000,102.7(-0.29 %),200,20490000,0,0,60163330,53.98
27/11/2023,400,41800000,103.5(0.78 %),600,62450000,200,20650000,60162930,53.98
28/11/2023,0,0,102(-1.45 %),0,0,0,0,60162930,53.98
29/11/2023,0,0,103.8(1.76 %),0,0,0,0,60162930,53.98
30/11/2023,0,0,103.7(-0.10 %),0,0,0,0,60162930,53.98
01/12/2023,-300,-30980000,103.4(-0.29 %),0,0,300,30980000,60168320,53.98
04/12/2023,-10800,-1111930000,103.9(0.48 %),200,20670000,11000,1132600000,60179120,53.97
05/12/2023,-17600,-1811380000,103.9(0.00 %),400,41170000,18000,1852550000,60196720,53.96
06/12/2023,700,72340000,103.6(-0.29 %),800,82660000,100,10320000,60196020,53.96
07/12/2023,-15700,-1603850000,102.1(-1.45 %),500,50980000,16200,1654830000,60211720,53.95
08/12/2023,-39000,-3902650000,102.1(0.00 %),2200,217840000,41200,4120490000,60250720,53.92
11/12/2023,-400,-41830000,100.5(-1.57 %),800,80570000,1200,122400000,60251120,53.92
12/12/2023,-2300,-231670000,101.3(0.80 %),0,0,2300,231670000,60253420,53.92
13/12/2023,-7400,-742320000,100.4(-0.89 %),300,29970000,7700,772290000,60260820,53.91
14/12/2023,-600,-60300000,100.2(-0.20 %),0,0,600,60300000,60261420,53.91
15/12/2023,-100,-9980000,100.3(0.10 %),100,10000000,200,19980000,60261520,53.91
18/12/2023,-100,-10010000,100(-0.30 %),0,0,100,10010000,60261620,53.91
19/12/2023,-10100,-1001700000,99.9(-0.10 %),0,0,10100,1001700000,60271720,53.9
20/12/2023,-10500,-1041670000,99.8(-0.10 %),100,9900000,10600,1051570000,60282220,53.89
21/12/2023,-10400,-1026170000,98.9(-0.90 %),400,39460000,10800,1065630000,60292620,53.89
22/12/2023,-11000,-1084460000,99.5(0.61 %),0,0,11000,1084460000,60303620,53.88
25/12/2023,0,20000,99.9(0.40 %),100,10020000,100,10000000,60303620,53.88
26/12/2023,1000,100500000,100.8(0.90 %),1000,100500000,0,0,60302620,53.88
27/12/2023,-1100,-111020000,101(0.20 %),100,10080000,1200,121100000,60303720,53.88
28/12/2023,300,30300000,101.2(0.20 %),300,30300000,0,0,60303420,53.88
29/12/2023,14000,1428000000,104(2.77 %),14000,1428000000,0,0,60289420,53.89
02/01/2024,1200,129460000,110(5.77 %),1700,183260000,500,53800000,60288456,53.89
03/01/2024,11000,1229080000,110.6(0.55 %),11200,1251480000,200,22400000,60279125,53.9
04/01/2024,-900,-98770000,108.5(-1.90 %),300,33000000,1200,131770000,60280025,53.9
05/01/2024,700,75410000,107.9(-0.55 %),700,75410000,0,0,60279325,53.9
08/01/2024,-300,-32490000,107.8(-0.09 %),0,0,300,32490000,60279625,53.9
09/01/2024,-600,-62760000,109(1.11 %),2500,271420000,3100,334180000,60275656,53.9
10/01/2024,-21600,-2327990000,107.3(-1.56 %),0,0,21600,2327990000,60275956,53.9
11/01/2024,-600,-64370000,107.9(0.56 %),100,10670000,700,75040000,60278956,53.9
12/01/2024,1000,106800000,107(-0.83 %),1000,106800000,0,0,60299725,53.88
15/01/2024,-200,-21400000,106.7(-0.28 %),100,10700000,300,32100000,60300156,53.88
16/01/2024,-200,-21040000,106.6(-0.09 %),0,0,200,21040000,60300156,53.88
17/01/2024,600,62940000,104(-2.44 %),600,62940000,0,0,60299856,53.88
18/01/2024,2500,262580000,105.4(1.35 %),2700,283500000,200,20920000,60297025,53.88
19/01/2024,600,63250000,105.6(0.19 %),2500,263950000,1900,200700000,60296425,53.88
22/01/2024,4100,433250000,106.1(0.47 %),4500,475780000,400,42530000,60292325,53.89
23/01/2024,2000,214660000,107.5(1.32 %),2100,225360000,100,10700000,60290325,53.89
24/01/2024,4700,509120000,107.9(0.37 %),4700,509120000,0,0,60285625,53.89
25/01/2024,500,54000000,108(0.09 %),500,54000000,0,0,60285125,53.89
26/01/2024,200,21530000,106.6(-1.30 %),200,21530000,0,0,60284925,53.89
29/01/2024,3000,321130000,106.6(0.00 %),3200,342600000,200,21470000,60282404,53.89
30/01/2024,600,64020000,106.9(0.28 %),600,64020000,0,0,60281804,53.89
31/01/2024,200,21300000,106(-0.84 %),200,21300000,0,0,60281804,53.89
01/02/2024,-4000,-410030000,106(0.00 %),800,84850000,4800,494880000,60281805,53.89
02/02/2024,-1000,-107000000,106.1(0.09 %),0,0,1000,107000000,60281096,53.89
05/02/2024,0,0,106(-0.09 %),0,0,0,0,60282005,53.89
06/02/2024,1980,209314000,106(0.00 %),2300,243230000,320,33916000,60284596,53.89
07/02/2024,6100,652910000,107.3(1.23 %),6100,652910000,0,0,60278496,53.9
15/02/2024,-350,-37555000,107.2(-0.09 %),0,0,350,37555000,60278816,53.9
16/02/2024,800,84800000,106.5(-0.65 %),800,84800000,0,0,60278016,53.9
19/02/2024,-2200,-236350000,108.1(1.50 %),0,0,2200,236350000,60278364,53.9
20/02/2024,-700,-77230000,110.4(2.13 %),0,0,700,77230000,60278364,53.9
21/02/2024,-898,-98449800,110(-0.36 %),2,220200,900,98670000,60280564,53.89
22/02/2024,492,53627200,109.4(-0.55 %),503,54827300,11,1200100,60280564,53.89
23/02/2024,-1059,-115175200,108.5(-0.82 %),0,0,1059,115175200,60277840,53.9
26/02/2024,-100,-10760000,108.7(0.18 %),0,0,100,10760000,60281670,53.89
27/02/2024,-300,-32580000,109(0.28 %),0,0,300,32580000,60278240,53.9
28/02/2024,301,32958500,108.2(-0.73 %),301,32958500,0,0,60277939,53.9
29/02/2024,300,32650000,109(0.74 %),300,32650000,0,0,60282530,53.89
01/03/2024,0,0,108.9(-0.09 %),0,0,0,0,60282529,53.89
04/03/2024,-800,-87380000,109.3(0.37 %),0,0,800,87380000,60283329,53.89
05/03/2024,-3700,-400760000,108.9(-0.37 %),0,0,3700,400760000,60282530,53.89
06/03/2024,0,0,108.4(-0.46 %),0,0,0,0,60287029,53.89
07/03/2024,-200,-22850000,113(3.76 %),200,22200000,400,45050000,60287229,53.89
08/03/2024,-8900,-982410000,110.5(-2.21 %),300,33390000,9200,1015800000,60296129,53.88
11/03/2024,-2100,-231760000,110(-0.45 %),0,0,2100,231760000,60298229,53.88
12/03/2024,7600,837110000,111.2(1.09 %),7600,837110000,0,0,60290828,53.89
13/03/2024,6000,673790000,112.8(1.44 %),6100,684950000,100,11160000,60286829,53.89
14/03/2024,-2800,-313930000,112(-0.71 %),200,22440000,3000,336370000,60289629,53.89
15/03/2024,500,55920000,111(-0.89 %),600,66960000,100,11040000,60289129,53.89
18/03/2024,-300,-35590000,117.6(5.95 %),1100,126810000,1400,162400000,60287988,53.89
19/03/2024,-200,-22450000,118(0.34 %),1000,119000000,1200,141450000,60287090,53.89
20/03/2024,700,83930000,116.6(-1.19 %),700,83930000,0,0,60288929,53.89
21/03/2024,0,0,116.7(0.09 %),400,46830000,400,46830000,60288929,53.89
22/03/2024,-600,-70090000,116.2(-0.43 %),100,11600000,700,81690000,60289529,53.89
25/03/2024,100,11600000,116.3(0.09 %),100,11600000,0,0,60288868,53.89
26/03/2024,0,0,116.8(0.43 %),0,0,0,0,60289529,53.89
27/03/2024,200,23170000,116.3(-0.43 %),200,23170000,0,0,60289370,53.89
28/03/2024,-3400,-395380000,116.3(0.00 %),0,0,3400,395380000,60289370,53.89
29/03/2024,4300,500860000,116.4(0.09 %),5000,582310000,700,81450000,60284370,53.89
01/04/2024,4700,545270000,116.4(0.00 %),5900,684160000,1200,138890000,60281916,53.89
02/04/2024,500,57990000,116(-0.34 %),500,57990000,0,0,60283869,53.89
03/04/2024,700,80670000,115.5(-0.43 %),800,92260000,100,11590000,60282516,53.89
04/04/2024,1000,115480000,115.1(-0.35 %),1000,115480000,0,0,60282169,53.89
05/04/2024,1800,207980000,115.4(0.26 %),1800,207980000,0,0,60279896,53.9
08/04/2024,1200,137680000,115(-0.35 %),1300,149220000,100,11540000,60279169,53.9
09/04/2024,100,11420000,114.5(-0.43 %),100,11420000,0,0,60279069,53.9
10/04/2024,-1400,-160210000,114.9(0.35 %),0,0,1400,160210000,60280469,53.9
11/04/2024,-700,-80430000,114.5(-0.35 %),300,34480000,1000,114910000,60278296,53.9
12/04/2024,100,11650000,116(1.31 %),100,11650000,0,0,60279596,53.9
15/04/2024,-1900,-218410000,114.5(-1.29 %),200,23000000,2100,241410000,60282969,53.89
16/04/2024,1500,165870000,114.6(0.09 %),2000,221960000,500,56090000,60281469,53.89
17/04/2024,200,22800000,114.4(-0.17 %),200,22800000,0,0,60282769,53.89
19/04/2024,-700,-78530000,111.3(-2.71 %),0,0,700,78530000,60283469,53.89
22/04/2024,-300,-33660000,111.2(-0.09 %),1400,155550000,1700,189210000,60279396,53.9
23/04/2024,100,11130000,111.8(0.54 %),100,11130000,0,0,60279996,53.9
24/04/2024,300,34770000,113(1.07 %),1000,114070000,700,79300000,60283369,53.89
25/04/2024,-200,-22790000,113.7(0.62 %),0,0,200,22790000,60283569,53.89
26/04/2024,-1000,-113800000,114.1(0.35 %),0,0,1000,113800000,60281396,53.89
02/05/2024,-900,-102540000,113.8(-0.26 %),1000,114000000,1900,216540000,60280596,53.89
03/05/2024,0,20000,113.5(-0.26 %),100,11370000,100,11350000,60281496,53.89
06/05/2024,500,55880000,109(-3.96 %),500,55880000,0,0,60282896,53.89
07/05/2024,-4700,-529090000,113(3.67 %),200,22460000,4900,551550000,60282800,53.89
08/05/2024,-800,-90030000,112.6(-0.35 %),400,45200000,1200,135230000,60282400,53.89
09/05/2024,300,34180000,113.6(0.89 %),300,34180000,0,0,60287000,53.89
10/05/2024,-2400,-273210000,114.2(0.53 %),0,0,2400,273210000,60288200,53.89
13/05/2024,300,34970000,116.7(2.19 %),1400,162310000,1100,127340000,60286800,53.89
14/05/2024,-4000,-463600000,116.6(-0.09 %),500,57800000,4500,521400000,60292197,53.89
15/05/2024,-100,-11640000,116.4(-0.17 %),0,0,100,11640000,60292297,53.89
16/05/2024,-10400,-1206780000,115.6(-0.69 %),200,23120000,10600,1229900000,60302697,53.88
17/05/2024,-800,-91880000,115.6(0.00 %),700,81260000,1500,173140000,60293484,53.89
20/05/2024,-300,-34880000,115.7(0.09 %),200,23020000,500,57900000,60303884,53.88
21/05/2024,-100,-11590000,115.9(0.17 %),0,0,100,11590000,60305470,53.88
22/05/2024,-4500,-519300000,115.8(-0.09 %),0,0,4500,519300000,60305972,53.88
23/05/2024,-1000,-116100000,116.1(0.26 %),600,69480000,1600,185580000,60305484,53.88
24/05/2024,0,0,117.4(1.12 %),0,0,0,0,60298997,53.88
27/05/2024,-500,-58720000,117.4(0.00 %),100,11720000,600,70440000,60311484,53.87
28/05/2024,-3700,-434300000,117.6(0.17 %),0,0,3700,434300000,60311484,53.87
29/05/2024,-200,-23580000,119.8(1.87 %),0,0,200,23580000,60312084,53.87
30/05/2024,-100,-12660000,123.5(3.09 %),500,61340000,600,74000000,60315284,53.87
31/05/2024,-900,-112010000,123.4(-0.08 %),400,49250000,1300,161260000,60315084,53.87
03/06/2024,3600,439720000,121.3(-1.70 %),4100,501220000,500,61500000,60315083,53.87
04/06/2024,-1500,-182110000,122(0.58 %),300,36730000,1800,218840000,60316583,53.87
05/06/2024,-200,-24730000,121.2(-0.66 %),500,60800000,700,85530000,60316783,53.87
06/06/2024,100,12120000,121.4(0.17 %),100,12120000,0,0,60314340,53.87
07/06/2024,2200,267050000,121.5(0.08 %),2200,267050000,0,0,60312840,53.87
10/06/2024,2200,268660000,123(1.23 %),2200,268660000,0,0,60310640,53.87
11/06/2024,-200,-22380000,117.6(-1.18 %),1000,119800000,1200,142180000,60314340,53.87
12/06/2024,0,0,116.6(-0.85 %),0,0,0,0,60309640,53.87
13/06/2024,0,0,115.5(-0.94 %),0,0,0,0,60310640,53.87
14/06/2024,900,104410000,116(0.43 %),900,104410000,0,0,60309740,53.87
17/06/2024,-2100,-242430000,115.4(-0.52 %),500,57560000,2600,299990000,60309340,53.87
18/06/2024,2004,231833600,116.4(0.87 %),2100,242960000,96,11126400,60307240,53.87
19/06/2024,-500,-57750000,115.9(-0.43 %),100,11640000,600,69390000,60309740,53.87
20/06/2024,-3380,-387406000,116(0.09 %),2200,255000000,5580,642406000,60307636,53.87
21/06/2024,-6115,-704416500,115.5(-0.43 %),0,0,6115,704416500,60308236,53.87
24/06/2024,2800,318370000,113.8(-1.47 %),4500,511140000,1700,192770000,60309316,53.87
25/06/2024,-5355,-606920000,113.5(-0.26 %),0,0,5355,606920000,60315431,53.87
26/06/2024,-1,-113500,113(-0.44 %),0,0,1,113500,60317131,53.87
27/06/2024,-300,-34230000,113.3(0.27 %),0,0,300,34230000,60322486,53.86
28/06/2024,100,11350000,113.3(0.00 %),100,11350000,0,0,60322387,53.86
04/07/2024,-2700,-306260000,114.1(0.53 %),3300,374760000,6000,681020000,60321687,0.0
05/07/2024,-5700,-644810000,113.1(-0.88 %),1600,180800000,7300,825610000,60327387,0.0
08/07/2024,-9900,-1114940000,111.9(-1.06 %),100,11210000,10000,1126150000,60337287,0.0
09/07/2024,-11900,-1331020000,111.7(-0.18 %),2400,268700000,14300,1599720000,60349187,0.0
10/07/2024,-22900,-2535190000,110.4(-1.16 %),1200,133300000,24100,2668490000,60372087,0.0
11/07/2024,-61800,-6835070000,111(0.54 %),4900,540480000,66700,7375550000,60433887,0.0
12/07/2024,-500,-55700000,111.5(0.45 %),0,0,500,55700000,60434387,0.0
15/07/2024,-20900,-2342380000,112.7(1.08 %),1500,168500000,22400,2510880000,60455287,0.0
16/07/2024,-9200,-1093390000,120.5(6.92 %),2600,312780000,11800,1406170000,60464487,0.0
17/07/2024,-1000,-121240000,117.8(-2.24 %),200,24300000,1200,145540000,60465487,0.0
18/07/2024,100,7920000,115(-2.38 %),2600,298220000,2500,290300000,60465387,0.0
19/07/2024,1200,138290000,113.5(-1.30 %),2200,253350000,1000,115060000,60464187,0.0
22/07/2024,0,170000,111.2(-2.03 %),800,89700000,800,89530000,60464187,0.0
23/07/2024,2300,254840000,111(-0.18 %),3800,422660000,1500,167820000,60461887,0.0
24/07/2024,-1900,-212190000,111.8(0.72 %),1300,143940000,3200,356130000,60463787,0.0
25/07/2024,-2100,-234360000,111.9(0.09 %),0,0,2100,234360000,60465887,0.0
26/07/2024,-300,-33290000,112(0.09 %),200,22320000,500,55610000,60466187,0.0
29/07/2024,-8400,-941380000,112.4(0.36 %),500,56150000,8900,997530000,60474587,0.0
30/07/2024,-8400,-941380000,112.5(0.09 %),500,56150000,8900,997530000,60482987,0.0
31/07/2024,-500,-57790000,113.8(1.16 %),2200,249700000,2700,307490000,60483487,0.0
01/08/2024,100,12200000,113(-0.70 %),800,91560000,700,79360000,60478271,0.0
02/08/2024,500,56330000,112.8(-0.18 %),900,101520000,400,45190000,60477771,0.0
05/08/2024,-11100,-1243620000,111.1(-1.51 %),300,33800000,11400,1277420000,60488871,0.0
06/08/2024,400,44440000,111.3(0.18 %),400,44440000,0,0,60488471,0.0
07/08/2024,400,44760000,111(-0.27 %),400,44760000,0,0,60488071,0.0
08/08/2024,-2200,-233420000,107.4(-0.09 %),0,0,2200,233420000,60490271,0.0
09/08/2024,1100,118710000,107.8(0.37 %),1700,183500000,600,64790000,60489171,0.0
12/08/2024,-1000,-108350000,107.4(-0.37 %),0,0,1000,108350000,60490171,0.0
13/08/2024,-300,-32160000,107.2(-0.19 %),0,0,300,32160000,60490471,0.0
14/08/2024,0,0,105.7(-1.40 %),0,0,0,0,60490471,0.0
15/08/2024,2500,264060000,105.5(-0.19 %),2500,264060000,0,0,60487971,0.0
16/08/2024,-17800,-1880830000,106(0.47 %),1800,190980000,19600,2071810000,60505771,0.0
19/08/2024,-13400,-1415470000,106.1(0.09 %),1500,158830000,14900,1574300000,60519171,0.0
20/08/2024,-21100,-2240240000,106.6(0.47 %),1000,106250000,22100,2346490000,60540271,0.0
21/08/2024,-9200,-981580000,106.9(0.28 %),1700,181710000,10900,1163290000,60549471,0.0
22/08/2024,-9000,-964460000,107.1(0.19 %),1600,170780000,10600,1135240000,60558471,0.0
23/08/2024,3500,372960000,106.9(-0.19 %),11900,1273370000,8400,900410000,60554971,0.0
26/08/2024,-8200,-872910000,106.4(-0.47 %),500,53500000,8700,926410000,60563171,0.0
27/08/2024,-2700,-287510000,106.3(-0.09 %),100,10640000,2800,298150000,60565871,0.0
28/08/2024,19600,2102020000,107(0.66 %),19800,2123500000,200,21480000,60546271,0.0
29/08/2024,-1600,-171620000,107.2(0.19 %),0,0,1600,171620000,60547871,0.0
30/08/2024,8000,863420000,107.8(0.56 %),9200,992200000,1200,128780000,60539871,0.0
04/09/2024,1600,171960000,108.6(0.74 %),1600,171960000,0,0,60540763,0.0
05/09/2024,800,86330000,107.5(-1.01 %),800,86330000,0,0,60539963,0.0
06/09/2024,300,32250000,107.7(0.19 %),300,32250000,0,0,60539663,0.0
09/09/2024,-900,-97000000,107.1(-0.56 %),600,64850000,1500,161850000,60540563,0.0
10/09/2024,-1500,-160420000,107(-0.09 %),25500,2728990000,27000,2889410000,60542063,0.0
11/09/2024,-1200,-128320000,106.8(-0.19 %),200,21400000,1400,149720000,60543263,0.0
12/09/2024,400,42910000,107.1(0.28 %),900,96850000,500,53940000,60542863,0.0
13/09/2024,-200,-21750000,106.6(-0.47 %),300,32100000,500,53850000,60543063,0.0
16/09/2024,-800,-85640000,106.6(0.00 %),100,10660000,900,96300000,60543863,0.0
17/09/2024,-200,-21490000,107.3(0.66 %),0,0,200,21490000,60544063,0.0
18/09/2024,-1100,-118540000,107.6(0.28 %),100,10700000,1200,129240000,60545163,0.0
19/09/2024,700,75270000,107.6(0.00 %),700,75270000,0,0,60544463,0.0
20/09/2024,200,21590000,107.9(0.28 %),200,21590000,0,0,60544263,0.0
23/09/2024,100,10730000,107.5(-0.37 %),200,21520000,100,10790000,60544163,0.0
24/09/2024,-200,-21560000,107.7(0.19 %),0,0,200,21560000,60544363,0.0
25/09/2024,17000,1833570000,107.5(-0.19 %),17200,1855110000,200,21540000,60527363,0.0
26/09/2024,-4500,-482580000,107.5(0.00 %),500,53810000,5000,536390000,60531863,0.0
27/09/2024,-5300,-567080000,107.3(-0.19 %),1200,129070000,6500,696150000,60537163,0.0
30/09/2024,-400,-42850000,107.1(-0.19 %),400,42940000,800,85790000,60537563,0.0
01/10/2024,200,21550000,107.4(0.28 %),400,43000000,200,21450000,60531497,0.0
02/10/2024,100,10770000,107(-0.37 %),200,21510000,100,10740000,60531397,0.0
03/10/2024,-900,-96420000,107(0.00 %),0,0,900,96420000,60532297,0.0
04/10/2024,-1000,-106890000,106.5(-0.47 %),100,10680000,1100,117570000,60533297,0.0
07/10/2024,-1900,-202610000,106(-0.47 %),100,10660000,2000,213270000,60535197,0.0
08/10/2024,-500,-52950000,106.2(0.19 %),100,10600000,600,63550000,60535697,0.0
09/10/2024,44200,4729950000,107(0.75 %),45300,4847120000,1100,117170000,60491497,0.0
10/10/2024,200,21440000,107.5(0.47 %),200,21440000,0,0,60491297,0.0
11/10/2024,-1900,-203650000,107.3(-0.19 %),200,21440000,2100,225090000,60493197,0.0
14/10/2024,-200,-21380000,106.6(-0.65 %),0,0,200,21380000,60493397,0.0
15/10/2024,20000,2144400000,106.7(0.09 %),20000,2144400000,0,0,60473397,0.0
16/10/2024,200,21340000,106.6(-0.09 %),200,21340000,0,0,60473197,0.0
17/10/2024,300,32380000,106.4(-0.19 %),1000,106900000,700,74520000,60472897,0.0
18/10/2024,0,0,106.7(0.28 %),0,0,0,0,60472897,0.0
21/10/2024,17700,1902670000,105.8(-0.84 %),36300,3874360000,18600,1971690000,60455197,0.0
22/10/2024,300,31860000,105.5(-0.28 %),300,31860000,0,0,60454897,0.0
23/10/2024,100,10510000,105(-0.47 %),100,10510000,0,0,60454797,0.0
24/10/2024,100,10500000,105(0.00 %),100,10500000,0,0,60454697,0.0
25/10/2024,-1500,-156560000,104.5(-0.48 %),1000,105000000,2500,261560000,60456197,0.0
28/10/2024,2200,231940000,104.5(0.00 %),2200,231940000,0,0,60453997,0.0
29/10/2024,0,0,105.6(1.05 %),0,0,0,0,60453997,0.0
30/10/2024,100,10560000,104.8(-0.76 %),100,10560000,0,0,60453897,0.0
31/10/2024,-600,-63180000,104.6(-0.19 %),0,0,600,63180000,60454497,0.0
01/11/2024,-300,-31410000,104.2(-0.38 %),100,10430000,400,41840000,60461061,0.0
04/11/2024,0,0,104(-0.19 %),0,0,0,0,60461061,0.0
05/11/2024,-1100,-113310000,103.8(-0.19 %),1100,113420000,2200,226730000,60462161,0.0
06/11/2024,-10600,-1084590000,102.4(-1.35 %),400,41150000,11000,1125740000,60472761,0.0
07/11/2024,500,51230000,102.8(0.39 %),700,71890000,200,20660000,60472261,0.0
08/11/2024,-600,-62500000,102.9(0.10 %),300,31330000,900,93830000,60472861,0.0
11/11/2024,300,30600000,102.8(-0.10 %),300,30600000,0,0,60472561,0.0
12/11/2024,300,30820000,102.3(-0.49 %),300,30820000,0,0,60507829,53.72
13/11/2024,-700,-71820000,102.6(0.29 %),0,0,700,71820000,60472961,0.0
14/11/2024,500,51350000,102.7(0.10 %),500,51350000,0,0,60472461,0.0
15/11/2024,-42500,-4219800000,99.8(-2.82 %),2700,269540000,45200,4489340000,60514961,0.0
18/11/2024,500,50250000,99.7(-0.10 %),1700,169190000,1200,118940000,60514461,0.0
19/11/2024,-200,-20100000,99.7(0.00 %),0,0,200,20100000,60514661,0.0
20/11/2024,200,19720000,99.7(0.00 %),500,49660000,300,29940000,60514461,0.0
21/11/2024,800,79190000,99.6(-0.10 %),800,79190000,0,0,60513661,0.0
22/11/2024,-300,-30010000,100(0.40 %),100,9980000,400,39990000,60513961,0.0
25/11/2024,-900,-90200000,99.5(-0.50 %),400,39840000,1300,130040000,60514218,53.72
26/11/2024,400,39780000,100.1(0.60 %),1900,189220000,1500,149440000,60512718,53.72
27/11/2024,-400,-39740000,99.9(-0.20 %),400,39940000,800,79680000,60513623,53.72
28/11/2024,1100,111450000,100.5(0.60 %),2100,211620000,1000,100170000,60513029,53.72
29/11/2024,1300,131480000,101(0.50 %),1300,131480000,0,0,60512529,53.72
02/12/2024,-1200,-121170000,101.6(0.59 %),300,30330000,1500,151500000,60513229,53.72
03/12/2024,800,82300000,103.6(1.97 %),1200,123290000,400,40990000,60512029,53.72
04/12/2024,100,10410000,102.7(-0.87 %),300,31030000,200,20620000,60513229,53.72
05/12/2024,2200,223590000,102.7(0.00 %),3100,315810000,900,92220000,60510529,53.72
09/12/2024,1200,121740000,102(0.20 %),1200,121740000,0,0,60509329,53.72
10/12/2024,900,93540000,104.5(2.45 %),1800,186860000,900,93320000,60507829,53.72
16/12/2024,3100,331700000,107(-0.47 %),3100,331700000,0,0,60506231,53.72
17/12/2024,0,0,107.5(0.47 %),0,0,0,0,60508031,53.72
18/12/2024,400,34950000,111.8(4.00 %),2800,303660000,2400,268710000,60505231,53.72
19/12/2024,-3200,-355670000,110.9(-0.81 %),200,22280000,3400,377950000,60505085,53.72
20/12/2024,-1400,-157710000,110.1(-0.72 %),1100,120450000,2500,278160000,60506396,53.72
24/12/2024,0,0,107.1(0.00 %),0,0,0,0,60507796,53.72
25/12/2024,-300,-32510000,105.9(-1.12 %),3500,372950000,3800,405460000,60508966,53.72
26/12/2024,-1100,-117010000,105.8(-0.09 %),800,84340000,1900,201350000,60508336,53.72
27/12/2024,-1300,-136280000,104(-1.70 %),600,62970000,1900,199250000,60511525,53.72
30/12/2024,2200,227790000,103.1(-0.87 %),2800,289800000,600,62010000,60510625,53.72
31/12/2024,700,72390000,103.9(0.78 %),1000,103500000,300,31110000,60511525,53.72
02/01/2025,-1100,-114120000,103.7(-0.19 %),0,0,1100,114120000,60512125,53.72
03/01/2025,-200,-20650000,103.3(-0.39 %),0,0,200,20650000,60512425,53.72
06/01/2025,0,-410000,103.3(0.00 %),2900,299530000,2900,299940000,60510775,53.72
07/01/2025,3000,310220000,103.1(-0.19 %),3200,330880000,200,20660000,60510775,53.72
08/01/2025,1400,144680000,103.2(0.10 %),2200,227200000,800,82520000,60508531,53.72
09/01/2025,-500,-51100000,102.4(-0.78 %),900,92960000,1400,144060000,60507831,53.72
10/01/2025,-300,-30840000,102.5(0.10 %),0,0,300,30840000,60508631,53.72
13/01/2025,0,0,102.6(0.10 %),0,0,0,0,60510038,53.72
14/01/2025,-100,-10260000,102.5(-0.10 %),0,0,100,10260000,60510338,53.72
15/01/2025,0,0,102.4(-0.10 %),0,0,0,0,60510338,53.72
16/01/2025,3000,309240000,102.6(0.20 %),3000,309240000,0,0,60507338,0.0
17/01/2025,1900,196060000,102.7(0.10 %),2200,226990000,300,30930000,60505238,53.72
20/01/2025,-100,-10480000,103.3(0.58 %),100,10330000,200,20810000,60505138,53.72
21/01/2025,6500,667660000,101.5(-1.74 %),7600,780280000,1100,112620000,60497838,53.73
22/01/2025,5400,547680000,101.7(0.20 %),5700,578120000,300,30440000,60492338,53.73
23/01/2025,400,40380000,101.5(-0.20 %),400,40380000,0,0,60493032,53.73
24/01/2025,-200,-20020000,101.6(0.10 %),500,50710000,700,70730000,60492832,53.73
03/02/2025,1200,120460000,0(0.00 %),2500,252480000,1300,132020000,60490330,53.73
04/02/2025,400,40340000,101(1.00 %),400,40340000,0,0,60490630,53.73
05/02/2025,2800,283920000,101.2(0.20 %),2800,283920000,0,0,60489130,53.74
06/02/2025,200,20220000,102.6(1.38 %),200,20220000,0,0,60488930,53.74
07/02/2025,200,20480000,102.4(-0.19 %),200,20480000,0,0,60488730,53.74
10/02/2025,700,71120000,101(-1.37 %),700,71120000,0,0,60488030,53.74
11/02/2025,400,40940000,101.9(0.89 %),400,40940000,0,0,60487630,53.74
12/02/2025,-100,-10480000,101.5(-0.39 %),300,30520000,400,41000000,60487330,53.74
13/02/2025,-900,-91200000,100.3(-1.18 %),0,0,900,91200000,60487330,53.74
14/02/2025,-600,-60440000,100.7(0.40 %),500,50410000,1100,110850000,60487230,53.74
17/02/2025,-2600,-262080000,100.5(-0.20 %),400,40220000,3000,302300000,60487690,53.74
18/02/2025,400,40600000,101(0.50 %),800,80770000,400,40170000,60487990,53.74
19/02/2025,500,50520000,101(0.00 %),500,50520000,0,0,60490496,53.73
20/02/2025,1400,141740000,101.1(0.10 %),1400,141740000,0,0,60489496,53.74
21/02/2025,-600,-60390000,101.1(0.00 %),1700,172130000,2300,232520000,60487796,53.74
24/02/2025,6600,668170000,101.2(0.10 %),6600,668170000,0,0,60481174,53.74
25/02/2025,800,80670000,101.2(0.00 %),1100,111030000,300,30360000,60482406,53.74
26/02/2025,4800,486430000,101.3(0.10 %),4800,486430000,0,0,60477606,53.74
27/02/2025,1200,121460000,101.3(0.00 %),1200,121460000,0,0,60476729,53.74
28/02/2025,-1900,-191880000,101.5(0.20 %),200,20220000,2100,212100000,60476529,53.75
03/03/2025,-900,-91490000,101.7(0.20 %),600,60860000,1500,152350000,60475935,53.75
04/03/2025,2000,203890000,102.2(0.49 %),2000,203890000,0,0,60476094,53.75
05/03/2025,100,10260000,101.7(-0.49 %),1600,163260000,1500,153000000,60476070,53.75
06/03/2025,3200,324030000,101.2(-0.49 %),3300,334230000,100,10200000,60472770,53.75
07/03/2025,-4200,-425190000,101.1(-0.10 %),0,0,4200,425190000,60474280,53.75
10/03/2025,-1200,-121450000,101(-0.10 %),100,10080000,1300,131530000,60474280,53.75
11/03/2025,1200,121260000,101.2(0.20 %),1200,121260000,0,0,60474280,53.75
12/03/2025,0,0,101.2(0.00 %),0,0,0,0,60478582,53.74
13/03/2025,900,90900000,100.5(-0.69 %),900,90900000,0,0,60477685,53.74
14/03/2025,300,30180000,101(0.50 %),300,30180000,0,0,60477385,53.74
17/03/2025,-1100,-110200000,100.7(-0.30 %),2000,202000000,3100,312200000,60475385,53.75
18/03/2025,-300,-30470000,100.3(-0.40 %),300,30130000,600,60600000,60475085,53.75
19/03/2025,-500,-50570000,100.4(0.10 %),0,0,500,50570000,60478205,53.74
20/03/2025,-600,-60190000,100.3(-0.10 %),100,10040000,700,70230000,60478705,53.74
21/03/2025,-4500,-450670000,100.2(-0.10 %),0,0,4500,450670000,60479205,53.74
24/03/2025,-400,-40060000,100.2(0.00 %),200,20020000,600,60080000,60479728,53.74
25/03/2025,500,50100000,100(-0.20 %),500,50100000,0,0,60483745,53.74
26/03/2025,-1100,-109910000,100(0.00 %),300,29980000,1400,139890000,60484045,53.74
27/03/2025,2100,209550000,100(0.00 %),3900,390090000,1800,180540000,60480145,53.74
28/03/2025,-300,-30290000,100(0.00 %),100,10060000,400,40350000,60481445,53.74
31/03/2025,-1800,-179890000,100(0.00 %),0,0,1800,179890000,60483245,53.74
01/04/2025,0,0,99.9(-0.10 %),0,0,0,0,60483645,53.74
02/04/2025,-1000,-99750000,99.7(-0.20 %),0,0,1000,99750000,60485445,53.74
03/04/2025,5900,562370000,94.5(-5.22 %),7600,724410000,1700,162040000,60477845,53.74
04/04/2025,1400,124240000,92.9(-1.69 %),5000,447650000,3600,323410000,60473845,53.75
08/04/2025,-2800,-253480000,90.8(-2.26 %),4200,383380000,7000,636860000,60471345,53.75
09/04/2025,-5500,-493590000,89.6(-1.32 %),400,35200000,5900,528790000,60474545,53.75
10/04/2025,-2700,-258660000,95.8(6.92 %),500,47900000,3200,306560000,60481045,53.74
11/04/2025,2200,213410000,96.9(1.15 %),3000,291820000,800,78410000,60483945,53.74
14/04/2025,1600,155210000,97.4(0.52 %),1900,184220000,300,29010000,60485245,53.74
15/04/2025,100,9740000,96.1(-1.33 %),100,9740000,0,0,60485945,53.74
16/04/2025,-3500,-335160000,95.5(-0.62 %),300,28740000,3800,363900000,60485945,53.74
17/04/2025,-6200,-584850000,95(-0.52 %),1500,141700000,7700,726550000,60484451,53.74
18/04/2025,-200,-19340000,96.4(1.47 %),0,0,200,19340000,60488301,53.74
21/04/2025,900,88320000,97.9(1.56 %),1000,98090000,100,9770000,60495001,53.73
22/04/2025,-3300,-314520000,96.5(-1.43 %),700,67500000,4000,382020000,60494501,53.73
23/04/2025,600,58170000,97(0.52 %),900,87540000,300,29370000,60493701,53.73
24/04/2025,-10800,-1033090000,97.5(0.52 %),600,58190000,11400,1091280000,60497161,53.73
25/04/2025,1000,96760000,97.3(-0.21 %),1700,165010000,700,68250000,60495761,53.73
28/04/2025,1900,184330000,97.3(0.00 %),1900,184330000,0,0,60505298,53.72
29/04/2025,0,-50000,97.4(0.10 %),500,48650000,500,48700000,60505498,53.72
05/05/2025,2000,196360000,99(1.64 %),2000,196360000,0,0,60503498,53.72
06/05/2025,32500,3342360000,103(4.04 %),32500,3342360000,0,0,60471498,53.75
07/05/2025,1600,165220000,103.4(0.39 %),2100,216850000,500,51630000,60469898,53.75
08/05/2025,4700,489650000,106.9(3.29 %),5100,531510000,400,41860000,60465198,53.75
09/05/2025,2500,267610000,105.8(-1.03 %),2600,278270000,100,10660000,60462698,53.76
12/05/2025,-800,-79960000,104.5(-1.23 %),2100,222320000,2900,302280000,60462698,53.76
13/05/2025,-700,-74610000,107.4(2.78 %),100,10610000,800,85220000,60462698,53.76
14/05/2025,-9500,-1021320000,107.5(0.09 %),400,43000000,9900,1064320000,60463498,53.76
15/05/2025,0,-352580000,107.5(0.00 %),0,0,0,352580000,60464198,53.75
16/05/2025,2200,97870000,106.7(-0.74 %),2200,237320000,0,139450000,60472798,53.75
19/05/2025,700,-224970000,107.3(0.56 %),700,75020000,0,299990000,60476098,53.75
20/05/2025,2600,43220000,109(1.58 %),2600,284110000,0,240890000,60475698,53.75
21/05/2025,9500,940080000,106.7(-2.11 %),9500,1016810000,0,76730000,60469018,53.75
22/05/2025,400,-85530000,106.5(-0.19 %),400,42370000,0,127900000,60469018,53.75
23/05/2025,1300,129290000,99.6(-0.90 %),2500,249250000,1200,119960000,60467718,53.75
26/05/2025,2900,178290000,99.5(-0.10 %),2900,287740000,0,109450000,60466718,53.75
27/05/2025,1000,99040000,99(-0.50 %),1000,99040000,0,0,60465726,53.75
28/05/2025,4200,217430000,99.5(0.51 %),4200,415830000,0,198400000,60463526,53.75
29/05/2025,400,-59400000,98.9(-0.60 %),400,39600000,0,99000000,60463526,53.75
30/05/2025,14000,1151000000,98(-0.91 %),14000,1366600000,0,215600000,60451726,53.76
02/06/2025,5500,535330000,97.8(-0.20 %),5500,535330000,0,0,60446826,53.77
03/06/2025,200,19440000,97.7(-0.10 %),200,19440000,0,0,60446626,53.77
04/06/2025,10000,716576000,98.4(0.72 %),10000,984750000,0,268174000,60439356,53.77
05/06/2025,11300,1075570000,99(0.61 %),11300,1115130000,0,39560000,60428456,53.78
06/06/2025,100,-257370000,98.3(-0.71 %),100,9900000,0,267270000,60428456,53.78
09/06/2025,0,-68620000,97.8(-0.51 %),0,0,0,68620000,60428456,53.78
10/06/2025,0,0,98.2(0.41 %),0,0,0,0,60431056,53.78
11/06/2025,200,19670000,97.9(-0.31 %),200,19670000,0,0,60431556,53.78
12/06/2025,20000,1978380000,99.2(1.33 %),20000,1978380000,0,0,60411576,53.79
13/06/2025,12800,1267440000,98.8(-0.40 %),12800,1267440000,0,0,60398776,53.8
16/06/2025,0,0,98.8(0.00 %),0,0,0,0,60398776,53.8
17/06/2025,10200,1016380000,99.6(0.81 %),18600,1854480000,8400,838100000,60388576,53.81
18/06/2025,0,0,99.6(0.00 %),0,0,0,0,60388576,53.81
19/06/2025,0,0,99.6(0.00 %),0,0,0,0,60388576,53.81
20/06/2025,200,19900000,99.6(0.00 %),300,29840000,100,9940000,60388376,53.81
23/06/2025,9200,916220000,99.6(0.00 %),12000,1194500000,2800,278280000,60379186,53.82
24/06/2025,14300,1428280000,99.5(-0.10 %),14300,1428280000,0,0,60364886,53.83
25/06/2025,0,0,99.5(0.00 %),0,0,0,0,60364886,53.83
26/06/2025,5900,587390000,99.8(0.30 %),10500,1045570000,4600,458180000,60359081,53.83
27/06/2025,0,0,99.5(-0.30 %),0,0,0,0,60359081,53.83
30/06/2025,-100,-9940000,99.7(0.20 %),0,0,100,9940000,60359081,53.83
01/07/2025,200,19880000,99.5(-0.20 %),500,49790000,300,29910000,60358881,53.84
02/07/2025,1800,179550000,100.7(1.21 %),3400,339930000,1600,160380000,60357181,53.84
03/07/2025,-500,-51620000,100.7(0.00 %),800,80590000,1300,132210000,60357181,53.84
04/07/2025,-1000,-101000000,100.7(0.00 %),0,0,1000,101000000,60357181,53.84
07/07/2025,-2500,-252300000,100.9(0.20 %),500,50400000,3000,302700000,60357681,53.84
08/07/2025,-300,-30460000,101.6(0.69 %),600,60600000,900,91060000,60358681,53.84
09/07/2025,-2300,-232750000,101.4(-0.20 %),100,10130000,2400,242880000,60361181,53.83
10/07/2025,-600,-60810000,101.4(0.00 %),0,0,600,60810000,60361181,53.83
11/07/2025,-400,-40200000,100.5(-0.89 %),0,0,400,40200000,60363781,53.83
14/07/2025,-1200,-120600000,100.6(0.10 %),0,0,1200,120600000,60364381,53.83
15/07/2025,-1500,-150630000,100.5(-0.10 %),0,0,1500,150630000,60364781,53.83
16/07/2025,0,0,101.2(0.70 %),0,0,0,0,60365981,53.83
17/07/2025,11400,1157060000,101.8(0.59 %),11400,1157060000,0,0,60365981,53.83
18/07/2025,-300,-30090000,101.3(-0.49 %),600,60900000,900,90990000,60356171,53.84
21/07/2025,-100,-10100000,101(-0.30 %),0,0,100,10100000,60356171,53.84
22/07/2025,0,0,102.5(1.49 %),0,0,0,0,60356471,53.84
23/07/2025,-700,-72030000,103.4(0.88 %),0,0,700,72030000,60356571,53.84
24/07/2025,1100,113650000,103.4(0.00 %),1100,113650000,0,0,60355421,53.84
25/07/2025,3400,350600000,103(-0.39 %),3600,371220000,200,20620000,60352721,53.84
28/07/2025,0,0,103.3(0.29 %),0,0,0,0,60352721,53.84
29/07/2025,-900,-91980000,101.6(-1.65 %),0,0,900,91980000,60352721,53.84
30/07/2025,1500,151490000,101(-0.59 %),2000,202200000,500,50710000,60351221,53.84
31/07/2025,26400,2683950000,102(0.99 %),28600,2906820000,2200,222870000,60325721,53.86
01/08/2025,1500,152200000,101.7(-0.29 %),1900,193080000,400,40880000,60324221,53.86
04/08/2025,1400,141820000,101.5(-0.20 %),1400,141820000,0,0,60322821,53.86
05/08/2025,20100,2058660000,102.8(1.28 %),20100,2058660000,0,0,60302721,53.88
06/08/2025,2100,217210000,102.8(0.00 %),3400,348770000,1300,131560000,60300621,53.88
07/08/2025,1100,112660000,102.8(0.00 %),1100,112660000,0,0,60299521,53.88
08/08/2025,3000,309290000,102.6(-0.19 %),4500,462290000,1500,153000000,60296521,53.88
11/08/2025,-6800,-701000000,102.9(0.29 %),800,82450000,7600,783450000,60296521,53.88
12/08/2025,900,93330000,103.4(0.49 %),900,93330000,0,0,60295621,53.88
13/08/2025,500,51430000,102.6(-0.77 %),500,51430000,0,0,60301921,53.88
14/08/2025,-300,-31660000,102.5(-0.10 %),1100,113060000,1400,144720000,60301921,53.88
15/08/2025,2000,205060000,102.2(-0.29 %),2000,205060000,0,0,60299921,53.88
18/08/2025,-700,-72390000,102.5(0.29 %),1500,151980000,2200,224370000,60300221,53.88
19/08/2025,-500,-51220000,102.2(-0.29 %),0,0,500,51220000,60300221,53.88
20/08/2025,100,10210000,102(-0.20 %),500,51100000,400,40890000,60300821,53.88
21/08/2025,-1300,-132420000,101.6(-0.39 %),0,0,1300,132420000,60301321,53.88
22/08/2025,-500,-50750000,101(-0.59 %),100,10150000,600,60900000,60301321,53.88
25/08/2025,-2800,-282870000,100.8(-0.20 %),3300,333300000,6100,616170000,60301321,53.88
