Ngay,KLGDRong,GTDGRong,ThayDoi,KLMua,GtMua,KLBan,GtBan,RoomConLai,DangSoHuu
05/09/2008,-440600,-18192250000,0(0.00 %),100,4190000,440700,18196440000,0,0.0
08/09/2008,-168200,-6273770000,0(0.00 %),21100,783100000,189300,7056870000,0,0.0
09/09/2008,-224900,-8141350000,0(0.00 %),0,0,224900,8141350000,0,0.0
10/09/2008,-305100,-10410130000,0(0.00 %),3000,104600000,308100,10514730000,0,0.0
11/09/2008,-49000,-1563100000,0(0.00 %),1000,31900000,50000,1595000000,0,0.0
12/09/2008,1300,38610000,0(0.00 %),1300,38610000,0,0,0,0.0
15/09/2008,23000,647450000,0(0.00 %),23000,647450000,0,0,0,0.0
16/09/2008,125400,3260400000,0(0.00 %),125400,3260400000,0,0,0,0.0
17/09/2008,1000,24200000,0(0.00 %),1000,24200000,0,0,0,0.0
18/09/2008,0,0,0(0.00 %),0,0,0,0,0,0.0
19/09/2008,-156200,-3845180000,0(0.00 %),43800,974820000,200000,4820000000,0,0.0
22/09/2008,-240000,-6024000000,0(0.00 %),90000,2259000000,330000,8283000000,0,0.0
23/09/2008,315000,7932460000,0(0.00 %),495000,12719770000,180000,4787310000,0,0.0
24/09/2008,123100,3234240000,0(0.00 %),205600,5403560000,82500,2169320000,0,0.0
25/09/2008,-115000,-3251290000,0(0.00 %),217800,5879580000,332800,9130870000,0,0.0
26/09/2008,-130000,-3743130000,0(0.00 %),20000,583470000,150000,4326600000,0,0.0
29/09/2008,-90500,-2480250000,0(0.00 %),0,0,90500,2480250000,0,0.0
30/09/2008,0,0,0(0.00 %),0,0,0,0,0,0.0
01/10/2008,28000,677000000,0(0.00 %),28000,677000000,0,0,0,0.0
02/10/2008,0,0,0(0.00 %),0,0,0,0,0,0.0
03/10/2008,0,0,0(0.00 %),0,0,0,0,0,0.0
06/10/2008,129000,3082400000,0(0.00 %),134500,3217250000,5500,134850000,0,0.0
07/10/2008,332700,7415140000,0(0.00 %),394400,8795120000,61700,1379980000,0,0.0
08/10/2008,109600,2408720000,0(0.00 %),143400,3142340000,33800,733620000,0,0.0
09/10/2008,-500,-10500000,0(0.00 %),0,0,500,10500000,0,0.0
10/10/2008,62500,1322150000,0(0.00 %),62500,1322150000,0,0,0,0.0
13/10/2008,64600,1386780000,0(0.00 %),64600,1386780000,0,0,0,0.0
14/10/2008,0,0,23.3(6.88 %),0,0,0,0,0,0.0
15/10/2008,177800,4306340000,24.9(6.87 %),177800,4306340000,0,0,0,0.0
16/10/2008,111700,2594730000,23.2(-4.53 %),111700,2594730000,0,0,0,0.0
17/10/2008,14000,332410000,23.8(2.59 %),14000,332410000,0,0,0,0.0
20/10/2008,600,14090000,22.9(-3.38 %),600,14090000,0,0,0,0.0
21/10/2008,3000,69300000,23.6(2.16 %),3000,69300000,0,0,0,0.0
22/10/2008,2400,55120000,22.8(-2.56 %),2400,55120000,0,0,0,0.0
23/10/2008,0,0,21.1(-6.64 %),0,0,0,0,0,0.0
24/10/2008,-4000,-80000000,20(-5.66 %),0,0,4000,80000000,0,0.0
27/10/2008,0,0,18.8(-6.93 %),0,0,0,0,0,0.0
28/10/2008,0,0,19(1.06 %),0,0,0,0,0,0.0
29/10/2008,-4400,-120040000,19.1(6.70 %),30600,548460000,35000,668500000,0,0.0
30/10/2008,-40000,-784000000,20(5.26 %),0,0,40000,784000000,0,0.0
31/10/2008,0,0,20.1(2.55 %),0,0,0,0,0,0.0
03/11/2008,-110000,-2120800000,19.8(-1.49 %),0,0,110000,2120800000,0,0.0
04/11/2008,-220000,-4434000000,20.5(6.77 %),0,0,220000,4434000000,0,0.0
05/11/2008,-640000,-13820500000,21.6(6.93 %),0,0,640000,13820500000,0,0.0
06/11/2008,-194100,-3976800000,20.6(-4.63 %),71000,1498130000,265100,5474930000,0,0.0
07/11/2008,-140000,-2736200000,19.4(-6.73 %),60000,1165500000,200000,3901700000,0,0.0
10/11/2008,-78300,-1540030000,19.6(0.51 %),21700,424070000,100000,1964100000,0,0.0
11/11/2008,-109200,-2011910000,18.4(-6.60 %),62400,1152400000,171600,3164310000,0,0.0
12/11/2008,-165000,-2944890000,17.9(-3.24 %),0,0,165000,2944890000,0,0.0
13/11/2008,-176900,-3137690000,17.9(0.56 %),10800,191080000,187700,3328770000,0,0.0
14/11/2008,-149500,-2752270000,18.5(3.93 %),1000,18500000,150500,2770770000,0,0.0
17/11/2008,-51900,-946740000,18.1(-1.63 %),14500,261000000,66400,1207740000,0,0.0
18/11/2008,-195000,-3344000000,17.2(-3.91 %),20000,340000000,215000,3684000000,0,0.0
19/11/2008,-155000,-2600530000,16.7(-2.91 %),50000,825000000,205000,3425530000,0,0.0
20/11/2008,-100700,-1595870000,15.8(-5.95 %),74300,1167510000,175000,2763380000,0,0.0
21/11/2008,-150500,-2238660000,14.7(-6.96 %),69500,1032850000,220000,3271510000,0,0.0
24/11/2008,-151600,-2242550000,14.6(-2.01 %),31000,452700000,182600,2695250000,0,0.0
25/11/2008,-119500,-1724390000,14.4(-3.36 %),60500,865150000,180000,2589540000,0,0.0
26/11/2008,-50000,-688740000,13.4(-6.94 %),150000,2023000000,200000,2711740000,0,0.0
27/11/2008,-149700,-1991480000,13.1(-3.68 %),20300,260900000,170000,2252380000,0,0.0
28/11/2008,-46400,-631110000,14(6.87 %),132900,1854090000,179300,2485200000,0,0.0
01/12/2008,82700,1220420000,14.8(6.47 %),82700,1220420000,0,0,0,0.0
02/12/2008,20000,314000000,15.7(6.80 %),20000,314000000,0,0,0,0.0
03/12/2008,-72300,-1192750000,16.5(6.45 %),13700,226050000,86000,1418800000,0,0.0
04/12/2008,6200,95410000,16.2(-1.22 %),20000,321250000,13800,225840000,0,0.0
05/12/2008,10000,150000000,15(-6.83 %),10000,150000000,0,0,0,0.0
08/12/2008,50700,714870000,14.2(-5.96 %),50700,714870000,0,0,0,0.0
09/12/2008,7700,110660000,14.6(3.55 %),8000,115100000,300,4440000,0,0.0
10/12/2008,77200,1078900000,14.1(-2.08 %),77200,1078900000,0,0,0,0.0
11/12/2008,30000,422200000,14.9(6.43 %),30000,422200000,0,0,0,0.0
12/12/2008,9800,149940000,15.3(6.99 %),10000,153000000,200,3060000,0,0.0
15/12/2008,-50000,-810000000,16.2(6.58 %),0,0,50000,810000000,0,0.0
16/12/2008,26000,403900000,15.3(-5.56 %),26000,403900000,0,0,0,0.0
17/12/2008,0,0,16(1.27 %),0,0,0,0,0,0.0
18/12/2008,57400,936180000,16.8(5.66 %),57400,936180000,0,0,0,0.0
19/12/2008,-8000,-123200000,15.4(-6.67 %),0,0,8000,123200000,0,0.0
22/12/2008,39000,600400000,15.7(1.95 %),39000,600400000,0,0,0,0.0
23/12/2008,-100,6120000,15.3(0.00 %),99900,1515490000,100000,1509370000,0,0.0
24/12/2008,20000,296480000,15.6(2.63 %),70000,1069070000,50000,772590000,0,0.0
25/12/2008,30000,467000000,15.7(2.61 %),30000,467000000,0,0,0,0.0
26/12/2008,18100,281860000,15.7(0.64 %),18100,281860000,0,0,0,0.0
29/12/2008,5200,81620000,15.8(1.28 %),5200,81620000,0,0,0,0.0
30/12/2008,-51500,-816080000,15.8(0.00 %),25000,394500000,76500,1210580000,0,0.0
31/12/2008,15000,235000000,15.7(-0.63 %),15000,235000000,0,0,0,0.0
02/01/2009,-11800,-182680000,15.5(-1.90 %),15000,231000000,26800,413680000,50710217,15.19
05/01/2009,20000,310000000,15.5(0.00 %),20000,310000000,0,0,50690217,15.2
06/01/2009,-25000,-383350000,15.6(0.65 %),25000,388000000,50000,771350000,50715217,15.19
07/01/2009,-135000,-2121590000,15.8(1.94 %),15000,235000000,150000,2356590000,50850217,15.1
08/01/2009,-70000,-1081270000,15.5(-1.90 %),40000,622000000,110000,1703270000,50920217,15.05
09/01/2009,-55000,-849290000,15.8(1.94 %),45000,703500000,100000,1552790000,50975217,15.01
12/01/2009,18100,292300000,16.2(3.85 %),18100,292300000,0,0,50957117,15.03
13/01/2009,15000,239500000,15.9(-1.85 %),15000,239500000,0,0,50942117,15.04
14/01/2009,-34600,-548950000,16(0.00 %),15400,244860000,50000,793810000,50976717,15.01
15/01/2009,-15000,-232500000,15.6(-1.89 %),15000,235500000,30000,468000000,50991717,15.0
16/01/2009,25000,390500000,15.6(-0.64 %),25000,390500000,0,0,50966717,15.02
19/01/2009,27000,421700000,15.6(0.00 %),27000,421700000,0,0,50939717,15.04
20/01/2009,21000,325000000,15.3(-1.92 %),21000,325000000,0,0,50918717,15.05
21/01/2009,53500,819360000,15.3(-1.29 %),53500,819360000,0,0,50865217,15.09
22/01/2009,-20000,-305700000,15.5(1.31 %),10000,153500000,30000,459200000,50885217,15.07
23/01/2009,-25000,-380140000,15.5(0.65 %),25000,385500000,50000,765640000,50910217,15.06
02/02/2009,38300,579840000,15(-2.60 %),38300,579840000,0,0,50871917,15.08
03/02/2009,43700,635650000,14.6(-3.95 %),43700,635650000,0,0,50828217,15.11
04/02/2009,99000,1465020000,14.7(1.38 %),123600,1826120000,24600,361100000,50729217,15.18
05/02/2009,2900,42260000,14.2(-4.05 %),15000,216500000,12100,174240000,50726317,15.18
06/02/2009,0,0,14.5(1.40 %),0,0,0,0,50726317,15.18
09/02/2009,0,0,14.9(4.20 %),0,0,0,0,50726317,15.18
10/02/2009,0,0,14.3(-3.38 %),0,0,0,0,50726317,15.18
11/02/2009,0,0,14.1(-2.08 %),0,0,0,0,50726317,15.18
12/02/2009,10000,140000000,13.8(-2.13 %),10000,140000000,0,0,50716317,15.19
13/02/2009,10000,137000000,13.8(-0.72 %),10000,137000000,0,0,50706317,15.19
16/02/2009,0,0,13.7(0.00 %),0,0,0,0,50706317,15.19
17/02/2009,0,0,13.6(-0.73 %),0,0,0,0,50706317,15.19
18/02/2009,30100,392580000,13(-4.41 %),30100,392580000,0,0,50676217,15.21
19/02/2009,10000,130000000,13.2(1.54 %),10000,130000000,0,0,50666217,15.22
20/02/2009,30000,390000000,13(-1.52 %),30000,390000000,0,0,50636217,15.24
23/02/2009,10000,125970000,12.6(-3.08 %),10000,125970000,0,0,50626217,15.25
24/02/2009,10000,120000000,12.4(-2.36 %),10000,120000000,0,0,50616217,15.25
25/02/2009,10000,129000000,12.9(6.61 %),10000,129000000,0,0,50606217,15.26
26/02/2009,55300,753740000,13.8(6.98 %),255300,3513740000,200000,2760000000,50550917,15.3
27/02/2009,40900,604370000,14.7(6.52 %),360900,5287370000,320000,4683000000,50510017,15.32
02/03/2009,149700,2184160000,14.9(2.05 %),169700,2482160000,20000,298000000,50360317,15.42
03/03/2009,331600,4861830000,14.6(-1.35 %),354400,5194990000,22800,333160000,50028717,15.64
04/03/2009,0,0,14.4(-1.37 %),0,0,0,0,50028717,15.64
05/03/2009,-50000,-740400000,14.9(3.47 %),0,0,50000,740400000,50078717,15.61
06/03/2009,-30000,-443000000,14.7(-1.34 %),0,0,30000,443000000,50108717,15.59
09/03/2009,-39400,-579210000,14.7(0.00 %),200,2960000,39600,582170000,50148117,15.56
10/03/2009,-30000,-445000000,14.8(0.68 %),0,0,30000,445000000,50178117,15.54
11/03/2009,-50000,-780000000,15.2(2.70 %),0,0,50000,780000000,50228117,15.51
12/03/2009,-16600,-243690000,14.7(-4.55 %),100,1470000,16700,245160000,50244717,15.5
13/03/2009,57000,856930000,14.9(1.36 %),57000,856930000,0,0,50187717,15.54
16/03/2009,-20600,-306150000,15(0.00 %),0,0,20600,306150000,50208317,15.52
17/03/2009,-48000,-730520000,15.3(2.00 %),0,0,48000,730520000,50256317,15.49
18/03/2009,-90000,-1464000000,16.3(6.54 %),0,0,90000,1464000000,50346317,15.43
19/03/2009,20000,340110000,15.6(-4.29 %),50000,824110000,30000,484000000,50326317,15.45
20/03/2009,-10000,-155560000,15.4(-5.52 %),0,0,10000,155560000,50336317,15.44
23/03/2009,0,0,14.9(-4.49 %),0,0,0,0,50336317,15.44
24/03/2009,-241300,-3751900000,15.9(6.00 %),190900,2961060000,432200,6712960000,50577617,15.28
25/03/2009,0,0,15.6(0.00 %),0,0,0,0,50577617,15.28
26/03/2009,58800,948540000,16.4(5.13 %),59000,951800000,200,3260000,50518817,15.32
27/03/2009,4600,75110000,15.8(-2.47 %),4600,75110000,0,0,50514217,15.32
30/03/2009,0,0,15.4(-5.52 %),0,0,0,0,50514217,15.32
31/03/2009,50800,792770000,15.7(1.29 %),90800,1417180000,40000,624410000,50463417,15.35
01/04/2009,0,0,15.8(1.94 %),0,0,0,0,50463417,15.35
02/04/2009,0,0,16.1(1.26 %),0,0,0,0,50463417,15.35
03/04/2009,0,0,17.2(6.83 %),0,0,0,0,50463417,15.35
07/04/2009,0,0,18.2(6.43 %),0,0,0,0,50463417,15.35
08/04/2009,-50000,-874560000,17(-4.49 %),0,0,50000,874560000,50513417,15.32
09/04/2009,0,0,17.1(-1.72 %),0,0,0,0,50513417,15.32
10/04/2009,0,0,18.4(6.98 %),0,0,0,0,50513417,15.32
13/04/2009,0,0,19.5(6.56 %),0,0,0,0,50513417,15.32
14/04/2009,29000,599000000,20.8(6.67 %),30000,619500000,1000,20500000,50484417,15.34
15/04/2009,100,1980000,19(-6.86 %),100,1980000,0,0,50484317,15.34
16/04/2009,0,0,19.4(-2.51 %),0,0,0,0,50484317,15.34
17/04/2009,100,1890000,18.5(-6.57 %),100,1890000,0,0,50484217,15.34
20/04/2009,0,0,17.4(-6.95 %),0,0,0,0,50484217,15.34
21/04/2009,0,0,16.2(-6.90 %),0,0,0,0,50484217,15.34
22/04/2009,0,0,16.8(3.70 %),0,0,0,0,50484217,15.34
23/04/2009,300,4890000,16(-2.44 %),300,4890000,0,0,50483917,15.34
24/04/2009,0,0,15.9(-1.85 %),0,0,0,0,50483917,15.34
27/04/2009,100,1580000,15.8(0.00 %),100,1580000,0,0,50483817,15.34
28/04/2009,0,0,15.8(-0.63 %),0,0,0,0,50483817,15.34
29/04/2009,0,0,16.2(2.53 %),0,0,0,0,50483817,15.34
04/05/2009,3000,51000000,17(6.92 %),3000,51000000,0,0,50480817,15.34
05/05/2009,0,0,18.1(6.47 %),0,0,0,0,50480817,15.34
06/05/2009,0,0,17.2(-4.97 %),0,0,0,0,50480817,15.34
07/05/2009,-400,-7440000,18.8(6.82 %),0,0,400,7440000,50481217,15.34
08/05/2009,52000,958720000,18.5(-1.07 %),52000,958720000,0,0,50429217,15.38
11/05/2009,0,0,18.7(2.19 %),0,0,0,0,50429217,15.38
12/05/2009,-500000,-10000000000,20(6.95 %),0,0,500000,10000000000,50929217,15.04
13/05/2009,-250000,-5275000000,21.1(6.57 %),0,0,250000,5275000000,51179217,14.88
14/05/2009,-2472700,-55635750000,22.5(6.64 %),0,0,2472700,55635750000,53651917,13.23
15/05/2009,-314800,-7523720000,23.9(6.70 %),0,0,314800,7523720000,53966717,13.02
18/05/2009,-401800,-9663350000,23.2(-2.93 %),5000,120000000,406800,9783350000,54368517,12.75
19/05/2009,-289500,-6730090000,23.5(-2.89 %),1000,22900000,290500,6752990000,54658017,19.47
20/05/2009,-378500,-9204760000,24.5(5.15 %),1400,31300000,379900,9236060000,55036517,19.26
21/05/2009,0,0,25.4(6.72 %),0,0,0,0,55036517,19.26
22/05/2009,1500,39800000,26.7(6.80 %),3000,79500000,1500,39700000,55035017,19.26
25/05/2009,-18000,-502000000,27.9(6.90 %),0,0,18000,502000000,55053017,19.25
26/05/2009,-54000,-1577300000,29.7(6.83 %),71000,2107900000,125000,3685200000,55107017,19.23
27/05/2009,-97000,-2824410000,28.9(-2.03 %),8000,237400000,105000,3061810000,55204017,19.17
28/05/2009,0,0,27.5(-6.78 %),0,0,0,0,55204017,19.17
29/05/2009,-13700,-385600000,27.4(-1.08 %),2000,54000000,15700,439600000,55217717,19.17
01/06/2009,-939900,-26878190000,28.6(6.72 %),100,2810000,940000,26881000000,56157617,18.66
02/06/2009,-801500,-24365600000,30.4(6.67 %),0,0,801500,24365600000,56959117,18.22
03/06/2009,-1097900,-35593610000,32.5(6.91 %),2100,68250000,1100000,35661860000,58057017,17.63
04/06/2009,-300800,-10378200000,34.5(6.81 %),2000,68200000,302800,10446400000,58357817,17.47
05/06/2009,-191000,-6971500000,36.5(6.73 %),10000,365000000,201000,7336500000,58548817,17.37
08/06/2009,-266100,-10377900000,39(6.85 %),0,0,266100,10377900000,58814917,17.22
09/06/2009,-1094500,-45640650000,41.4(6.15 %),0,0,1094500,45640650000,59909417,16.63
10/06/2009,-68200,-2647360000,39.1(-5.78 %),32000,1266300000,100200,3913660000,59977617,16.59
11/06/2009,-1000,-40000000,42.1(6.85 %),0,0,1000,40000000,59978617,16.59
12/06/2009,18000,778270000,38.9(-6.71 %),18000,778270000,0,0,59960617,16.6
15/06/2009,-76500,-2977700000,39(-6.70 %),500,19450000,77000,2997150000,60037117,16.56
16/06/2009,300,10950000,36.4(-6.91 %),300,10950000,0,0,60036817,16.56
17/06/2009,-195500,-6642450000,35.3(-2.22 %),4500,153650000,200000,6796100000,60232317,16.46
18/06/2009,6500,239500000,36.2(4.32 %),6500,239500000,0,0,60225817,16.46
19/06/2009,0,0,34.9(-4.64 %),0,0,0,0,60225817,16.46
22/06/2009,-16000,-531600000,33.1(-6.76 %),0,0,16000,531600000,60241817,16.45
23/06/2009,5300,163770000,30.9(-6.93 %),5300,163770000,0,0,60236517,16.45
24/06/2009,-46300,-1385060000,30.5(-1.29 %),13500,415330000,59800,1800390000,60282817,16.43
25/06/2009,-8000,-226800000,28.1(-6.95 %),0,0,8000,226800000,60290817,16.42
26/06/2009,-491200,-14120820000,29(1.75 %),3500,100300000,494700,14221120000,60782017,16.16
29/06/2009,-443600,-12934900000,29(0.69 %),0,0,443600,12934900000,61225617,15.92
30/06/2009,-193400,-5525140000,28(-4.11 %),0,0,193400,5525140000,61419017,15.81
01/07/2009,-2000,-54000000,27(-6.90 %),0,0,2000,54000000,61421017,15.81
02/07/2009,-100000,-2701060000,26.8(-0.74 %),0,0,100000,2701060000,61521017,15.76
03/07/2009,-109000,-2872960000,26.4(-1.12 %),0,0,109000,2872960000,61630017,15.7
06/07/2009,-759100,-21149370000,28(6.87 %),900,24660000,760000,21174030000,62389117,15.29
07/07/2009,-405000,-11354900000,28.2(1.44 %),0,0,405000,11354900000,62794117,15.07
08/07/2009,-217200,-6115580000,28.1(-0.71 %),22800,647980000,240000,6763560000,63011317,14.95
09/07/2009,-130000,-3654980000,28.1(-0.35 %),23000,651370000,153000,4306350000,63141317,14.88
10/07/2009,-55900,-1520440000,27.1(-4.24 %),15100,409230000,71000,1929670000,63197217,14.85
13/07/2009,-46500,-1223800000,25.9(-5.47 %),300,7770000,46800,1231570000,63243717,14.83
14/07/2009,-113400,-2866120000,25.4(-3.05 %),100,2600000,113500,2868720000,63357117,14.77
15/07/2009,-200000,-5226830000,26.3(3.14 %),5000,130000000,205000,5356830000,63557117,14.66
16/07/2009,-434500,-12052200000,27.9(6.90 %),500,13950000,435000,12066150000,63991617,14.42
17/07/2009,-502000,-14819200000,29.6(6.86 %),0,0,502000,14819200000,64493617,14.15
20/07/2009,0,0,27.4(-6.48 %),0,0,0,0,64493617,14.15
21/07/2009,-108500,-3028420000,27.8(1.09 %),0,0,108500,3028420000,64602117,14.1
22/07/2009,-500,-14100000,27.3(-2.15 %),0,0,500,14100000,64602617,14.09
23/07/2009,-252000,-7398900000,29.5(6.88 %),0,0,252000,7398900000,64854617,13.96
24/07/2009,-486500,-14984200000,30.8(6.94 %),0,0,486500,14984200000,65341117,13.7
27/07/2009,19800,649360000,32.9(6.82 %),20000,655940000,200,6580000,65321317,13.71
28/07/2009,0,-50000,33(0.61 %),500,17450000,500,17500000,65321317,13.71
29/07/2009,0,0,33.1(-1.78 %),0,0,0,0,65321317,13.71
30/07/2009,150000,4771850000,31.4(-5.99 %),150000,4771850000,0,0,65171317,13.79
31/07/2009,1800,53760000,30.9(-2.22 %),1800,53760000,0,0,65169517,13.79
03/08/2009,-3000,-86200000,28.3(-6.91 %),1000,28500000,4000,114700000,65172517,13.79
04/08/2009,2000,55800000,28.3(-1.05 %),2000,55800000,0,0,65170517,13.79
05/08/2009,0,0,29.8(6.81 %),0,0,0,0,65170517,13.79
06/08/2009,0,0,30.9(6.92 %),0,0,0,0,65170517,13.79
07/08/2009,-18200,-524410000,29(-6.15 %),0,0,18200,524410000,65188717,13.78
10/08/2009,-161800,-4911580000,30.2(4.14 %),0,0,161800,4911580000,65350517,13.69
11/08/2009,-40500,-1233380000,30.4(0.33 %),75500,2268370000,116000,3501750000,65391017,13.67
12/08/2009,51000,1521580000,29.9(-0.66 %),73000,2183380000,22000,661800000,65340017,13.7
13/08/2009,-76000,-2288100000,29.9(-0.33 %),4000,120300000,80000,2408400000,65416017,13.66
14/08/2009,4600,134660000,29.4(-3.29 %),5400,158180000,800,23520000,65411417,13.66
17/08/2009,-91300,-2622710000,29.3(-0.68 %),0,0,91300,2622710000,65502717,13.61
18/08/2009,-120000,-3584000000,30(3.45 %),0,0,120000,3584000000,65622717,13.54
19/08/2009,-47700,-1454720000,30.6(2.68 %),2800,85480000,50500,1540200000,65670417,13.52
20/08/2009,350000,11121210000,32.8(6.84 %),350000,11121210000,0,0,65320417,13.71
21/08/2009,238500,8172110000,34.3(6.52 %),268500,9204110000,30000,1032000000,65081917,13.84
24/08/2009,65000,2232470000,34.4(0.58 %),66500,2285720000,1500,53250000,65016917,13.87
25/08/2009,27400,897940000,33.3(-3.48 %),41500,1372300000,14100,474360000,64989517,13.89
26/08/2009,-50300,-1685420000,33.5(0.30 %),500,16820000,50800,1702240000,65039817,13.86
27/08/2009,40000,1367450000,34.5(3.60 %),43000,1470350000,3000,102900000,64999817,13.88
28/08/2009,-76800,-2782360000,36.7(7.00 %),10100,359170000,86900,3141530000,65076617,13.84
31/08/2009,-349200,-13409280000,38.4(6.96 %),0,0,349200,13409280000,65425817,13.65
01/09/2009,102200,4143600000,41(6.77 %),161700,6553150000,59500,2409550000,65323617,13.71
03/09/2009,9500,303250000,41.1(1.73 %),50000,1961600000,40500,1658350000,65314117,13.71
04/09/2009,58500,2341720000,39.5(-2.95 %),80000,3190970000,21500,849250000,65255617,13.74
07/09/2009,-110500,-4278390000,39.1(-2.25 %),0,0,110500,4278390000,65366117,13.68
08/09/2009,0,1100000,39.9(2.84 %),2000,80700000,2000,79600000,65366117,13.68
09/09/2009,49000,1944680000,39.5(-1.00 %),50000,1984680000,1000,40000000,65317117,13.71
10/09/2009,28100,1099090000,39.4(-0.76 %),28100,1099090000,0,0,65289017,13.72
11/09/2009,106000,4238000000,40.3(2.81 %),106000,4238000000,0,0,65183017,13.78
14/09/2009,21400,1008250000,42.9(6.98 %),101500,4344350000,80100,3336100000,65161617,13.79
15/09/2009,-22300,-1039910000,45(5.63 %),37700,1670090000,60000,2710000000,65183917,13.78
16/09/2009,36000,1626160000,43.3(-2.91 %),87500,3845460000,51500,2219300000,65147917,13.8
17/09/2009,-99400,-4628530000,46.9(6.83 %),12100,551860000,111500,5180390000,65247317,13.75
18/09/2009,-6500,-312000000,49.1(6.97 %),0,0,6500,312000000,65253817,13.74
21/09/2009,-17600,-911680000,51.8(6.80 %),0,0,17600,911680000,65271417,13.73
22/09/2009,-35400,-1961160000,55.4(6.95 %),3000,166200000,38400,2127360000,65306817,13.71
23/09/2009,122300,7162480000,57.9(4.51 %),257500,15166320000,135200,8003840000,65184517,13.78
24/09/2009,-37600,-2011570000,60.8(3.75 %),145700,8836570000,183300,10848140000,65222117,13.76
25/09/2009,-145500,-8973640000,62.8(4.67 %),39500,2453030000,185000,11426670000,65367617,13.68
28/09/2009,-141900,-8621120000,60.7(-1.62 %),100,6200000,142000,8627320000,65509517,13.6
29/09/2009,-2100,-128150000,61.3(0.16 %),300,18720000,2400,146870000,65511617,13.6
30/09/2009,-18100,-1020120000,58.9(-4.38 %),31900,1935350000,50000,2955470000,65529717,13.59
01/10/2009,-100000,-5678180000,55.7(-6.70 %),0,0,100000,5678180000,65629717,13.54
02/10/2009,-231900,-12352650000,54(-4.09 %),100,5240000,232000,12357890000,65861617,13.41
05/10/2009,-1000,-54300000,53.4(0.56 %),0,0,1000,54300000,65862617,13.41
06/10/2009,400,21520000,53.7(0.00 %),400,21520000,0,0,65862217,13.41
07/10/2009,6900,384510000,56.9(5.76 %),6900,384510000,0,0,65855317,13.42
08/10/2009,69400,4122390000,59.8(6.98 %),69500,4128370000,100,5980000,65785917,27.07
09/10/2009,60500,3831160000,63.4(6.91 %),60500,3831160000,0,0,65725417,13.49
12/10/2009,3400,229700000,67.7(6.95 %),3800,256500000,400,26800000,65722017,13.49
13/10/2009,86400,6123210000,68.8(1.78 %),92300,6527830000,5900,404620000,65635617,13.54
14/10/2009,97200,6730880000,69.9(0.29 %),97200,6730880000,0,0,65538417,13.59
15/10/2009,-427300,-31510650000,73.7(6.97 %),95700,7023090000,523000,38533740000,65965717,13.36
16/10/2009,-27100,-2012940000,74.5(1.50 %),200,15160000,27300,2028100000,68969217,11.74
19/10/2009,-550100,-42332090000,79(5.76 %),64300,4959670000,614400,47291760000,66515817,13.06
20/10/2009,-275200,-22117880000,80.9(4.25 %),63800,5153910000,339000,27271790000,66791017,12.91
21/10/2009,-320800,-25241490000,78(-3.58 %),33000,2596770000,353800,27838260000,67111817,12.74
22/10/2009,-81000,-6311640000,78(-0.51 %),95700,7423530000,176700,13735170000,67192817,12.7
23/10/2009,-162300,-12740580000,74.9(-3.35 %),3000,236200000,165300,12976780000,67355117,12.61
26/10/2009,-67400,-5028460000,73.4(-3.80 %),32700,2422420000,100100,7450880000,67422517,12.57
27/10/2009,-21700,-1578020000,70.7(-4.85 %),63800,4535660000,85500,6113680000,67444217,12.56
28/10/2009,-4000,-287200000,70(-0.85 %),0,0,4000,287200000,67448217,12.56
29/10/2009,-39900,-2681480000,67.2(-6.93 %),100,6720000,40000,2688200000,67488117,12.54
30/10/2009,-59800,-3809880000,64(-4.76 %),200,13050000,60000,3822930000,67547917,12.5
02/11/2009,30900,1839340000,59.5(-6.89 %),32700,1947140000,1800,107800000,67517017,12.52
03/11/2009,-2000,-113000000,55.6(-6.87 %),0,0,2000,113000000,67519017,12.52
04/11/2009,4900,268350000,55.5(-1.07 %),5400,296600000,500,28250000,67514117,12.52
05/11/2009,12300,722270000,58.5(6.95 %),19300,1115700000,7000,393430000,67501817,12.53
06/11/2009,18100,1124100000,60.2(5.43 %),38100,2324100000,20000,1200000000,67483717,12.54
09/11/2009,-19600,-1116750000,56.5(-6.92 %),400,23250000,20000,1140000000,67503317,12.53
10/11/2009,500,28070000,55.1(-3.84 %),500,28070000,0,0,67502817,12.53
11/11/2009,50900,2947730000,58.8(5.57 %),63900,3684330000,13000,736600000,67451917,12.56
12/11/2009,200,12660000,59.3(3.85 %),1200,72060000,1000,59400000,67451717,12.56
13/11/2009,27900,1647070000,59.9(1.35 %),35900,2123870000,8000,476800000,67423817,12.57
16/11/2009,100,5890000,59.3(0.00 %),100,5890000,0,0,67423717,12.57
17/11/2009,0,0,57.9(-2.85 %),0,0,0,0,67423717,12.57
18/11/2009,28500,1685170000,60.5(3.42 %),32400,1911110000,3900,225940000,67395217,12.59
19/11/2009,2000,123200000,61.2(3.20 %),2000,123200000,0,0,67393217,12.59
20/11/2009,0,10000,61(-0.65 %),100,6150000,100,6140000,67393217,12.59
23/11/2009,0,0,58.5(-4.72 %),0,0,0,0,67393217,12.59
24/11/2009,2100,119730000,57.2(-3.38 %),2100,119730000,0,0,67391117,12.59
25/11/2009,4300,230850000,53.5(-6.96 %),4300,230850000,0,0,67385417,12.59
26/11/2009,-2900,-146160000,50.4(-6.84 %),100,5040000,3000,151200000,67389717,12.59
27/11/2009,2100,97390000,47.8(-5.16 %),6100,286090000,4000,188700000,67387617,12.59
30/11/2009,-900,-43880000,50.2(3.93 %),100,4820000,1000,48700000,67388517,12.59
01/12/2009,0,0,51.4(4.90 %),0,0,0,0,67388517,12.59
02/12/2009,-700,-35240000,47.9(-6.45 %),300,14860000,1000,50100000,67389217,12.59
03/12/2009,17100,818510000,47.6(-3.25 %),17100,818510000,0,0,67372117,12.6
04/12/2009,500,23750000,48.2(1.90 %),500,23750000,0,0,67371617,12.6
07/12/2009,5000,243400000,49.2(2.71 %),5000,243400000,0,0,67366617,12.6
08/12/2009,92200,4577450000,47.8(-1.85 %),119200,5883270000,27000,1305820000,67274417,12.65
09/12/2009,1700,79170000,45.2(-6.80 %),1700,79170000,0,0,67272717,12.65
10/12/2009,17400,771340000,42.4(-6.61 %),17400,771340000,0,0,67255317,12.66
11/12/2009,0,0,40.5(-6.90 %),0,0,0,0,67255317,12.66
14/12/2009,0,0,40.7(0.00 %),0,0,0,0,67255317,12.66
15/12/2009,-27500,-1067590000,37.8(-6.44 %),100,4070000,27600,1071660000,67282817,12.65
16/12/2009,82400,3118800000,36.1(-6.96 %),112800,4231100000,30400,1112300000,67200417,12.69
17/12/2009,-81400,-2792300000,35.5(-3.01 %),20900,714690000,102300,3506990000,67281817,12.65
18/12/2009,-102200,-3721660000,36.7(7.00 %),0,0,102200,3721660000,67384017,12.59
21/12/2009,13300,515460000,38.8(6.89 %),13300,515460000,0,0,67370717,12.6
22/12/2009,-8000,-332900000,40.2(3.61 %),3000,120000000,11000,452900000,67378717,12.59
23/12/2009,0,0,41.8(1.95 %),0,0,0,0,67378717,12.59
24/12/2009,26400,1121380000,43.8(6.83 %),26400,1121380000,0,0,67352317,12.61
25/12/2009,0,0,45.4(6.82 %),0,0,0,0,67352317,12.61
28/12/2009,1100,56190000,47.7(5.53 %),11100,516190000,10000,460000000,67351217,12.61
29/12/2009,15000,706420000,46.7(-1.68 %),20000,939920000,5000,233500000,67336217,12.62
30/12/2009,2200,106190000,50.3(6.79 %),2300,111140000,100,4950000,67334017,12.62
31/12/2009,0,0,52.8(6.88 %),0,0,0,0,67334017,12.62
04/01/2010,-7100,-388100000,56.2(6.84 %),2900,161900000,10000,550000000,67341117,12.62
05/01/2010,102800,6114950000,59.5(6.82 %),105400,6268300000,2600,153350000,67238317,12.67
06/01/2010,33100,1958450000,57.3(-3.54 %),40700,2405800000,7600,447350000,67205217,12.69
07/01/2010,43700,2542140000,57(-2.73 %),43700,2542140000,0,0,67161517,12.71
08/01/2010,6400,391040000,61.5(6.03 %),28000,1709900000,21600,1318860000,67155117,12.72
11/01/2010,28200,1698180000,59.7(-1.97 %),28200,1698180000,0,0,67126917,12.73
12/01/2010,28400,1653960000,56.2(-6.95 %),28400,1653960000,0,0,67098517,12.75
13/01/2010,24000,1375620000,58.5(1.21 %),30000,1706120000,6000,330500000,67074517,12.76
14/01/2010,30700,1824770000,59.4(6.07 %),31200,1854300000,500,29530000,67043817,12.78
15/01/2010,28200,1617400000,56.1(-5.40 %),28200,1617400000,0,0,67015617,12.79
18/01/2010,20000,1064000000,53.3(-6.65 %),20000,1064000000,0,0,66995617,12.8
19/01/2010,26600,1452600000,55(2.23 %),26600,1452600000,0,0,66969017,12.82
20/01/2010,38000,2054900000,52.4(-4.38 %),38200,2065900000,200,11000000,66931017,12.84
21/01/2010,88200,4411400000,49.9(-6.55 %),88200,4411400000,0,0,66842817,12.88
22/01/2010,34000,1671620000,51(1.59 %),34000,1671620000,0,0,66808817,12.9
25/01/2010,28200,1383420000,49(-1.01 %),28200,1383420000,0,0,66780617,12.92
26/01/2010,23200,1211960000,52.4(6.94 %),23200,1211960000,0,0,66757417,12.93
27/01/2010,2900,177640000,51(-1.92 %),15000,797690000,12100,620050000,66754517,12.93
28/01/2010,-200,-10200000,48.9(-5.23 %),0,0,200,10200000,66754717,12.93
29/01/2010,28200,1411180000,51(2.82 %),28200,1411180000,0,0,66726517,12.95
01/02/2010,-5500,-282450000,51.5(2.39 %),0,0,5500,282450000,66732017,12.94
02/02/2010,-56400,-2918570000,50.8(-1.55 %),3100,160900000,59500,3079470000,66788417,12.91
03/02/2010,25700,1241810000,48.3(-6.21 %),41500,2007350000,15800,765540000,66762717,12.93
04/02/2010,28200,1421920000,50.9(5.17 %),28200,1421920000,0,0,66734517,12.94
05/02/2010,22200,1100050000,49.6(-1.39 %),29200,1449600000,7000,349550000,66712317,12.95
08/02/2010,27700,1353500000,48.7(-1.81 %),27700,1353500000,0,0,66684617,12.97
09/02/2010,0,0,47.4(-3.07 %),0,0,0,0,66684617,12.97
10/02/2010,49800,2405290000,48.1(0.21 %),49800,2405290000,0,0,66634817,13.0
11/02/2010,56400,2746860000,49.1(1.87 %),56400,2746860000,0,0,66578417,13.03
12/02/2010,28300,1400780000,49.6(2.06 %),28300,1400780000,0,0,66550117,13.04
22/02/2010,26500,1332700000,50.3(1.41 %),26500,1332700000,0,0,66523617,13.06
23/02/2010,28000,1361020000,48.4(-3.97 %),28200,1370820000,200,9800000,66495617,13.07
24/02/2010,18700,914370000,49.2(1.23 %),28700,1398370000,10000,484000000,66476917,13.08
25/02/2010,28200,1382660000,49(1.03 %),28200,1382660000,0,0,66448717,13.1
26/02/2010,-348000,-17028900000,48.8(-0.61 %),0,0,348000,17028900000,84163690,12.91
01/03/2010,200,9900000,49.6(1.43 %),200,9900000,0,0,84163490,3.53
02/03/2010,-44200,-2194540000,49.5(0.00 %),0,0,44200,2194540000,84207690,3.5
03/03/2010,10000,497950000,53.1(6.84 %),10000,497950000,0,0,84197690,3.51
04/03/2010,65000,3547000000,53.5(2.49 %),65000,3547000000,0,0,84132690,3.54
05/03/2010,75000,4165910000,56.1(3.31 %),80000,4444010000,5000,278100000,84057690,3.58
08/03/2010,117900,6755370000,57(2.89 %),128200,7348650000,10300,593280000,83939790,3.65
09/03/2010,396800,22536920000,56.9(-0.70 %),397900,22599620000,1100,62700000,83542990,3.86
10/03/2010,63200,3608850000,57.8(1.58 %),76000,4337210000,12800,728360000,83479790,3.9
11/03/2010,287700,16683060000,57.9(1.40 %),287700,16683060000,0,0,83192090,4.05
12/03/2010,6300,363760000,59.3(2.24 %),26300,1548760000,20000,1185000000,83185790,4.05
15/03/2010,27200,1618590000,58.7(-0.51 %),28700,1709790000,1500,91200000,83158590,4.07
16/03/2010,-4500,-257610000,56.5(-4.88 %),11000,622000000,15500,879610000,83163090,4.07
17/03/2010,58000,3152130000,55.4(-2.81 %),71500,3888630000,13500,736500000,83105090,4.1
18/03/2010,-4600,-257370000,56.5(3.29 %),6100,339600000,10700,596970000,83109690,4.1
19/03/2010,-10900,-608710000,55.9(0.54 %),0,0,10900,608710000,83120590,4.09
22/03/2010,24000,1317800000,54.7(-2.15 %),24000,1317800000,0,0,83096590,4.1
23/03/2010,63700,3462450000,53.9(-1.82 %),63700,3462450000,0,0,83032890,4.14
24/03/2010,46500,2534780000,54.8(1.48 %),46500,2534780000,0,0,82986390,4.16
25/03/2010,27000,1424300000,52.6(-3.66 %),27000,1424300000,0,0,82959390,4.18
26/03/2010,26600,1423460000,53.1(0.57 %),83800,4425360000,57200,3001900000,82932790,4.19
29/03/2010,200,10600000,53.1(0.76 %),200,10600000,0,0,82932590,4.19
30/03/2010,7000,370200000,51.9(-2.63 %),7000,370200000,0,0,82925590,4.19
31/03/2010,4800,246730000,50.9(-2.30 %),14800,753730000,10000,507000000,82920790,4.2
01/04/2010,-12600,-640020000,52.9(2.92 %),0,0,12600,640020000,82933390,4.19
02/04/2010,1800,95340000,53.6(3.28 %),1800,95340000,0,0,82931590,4.19
05/04/2010,-1000,-55200000,54.9(2.81 %),1000,54000000,2000,109200000,82932590,4.19
06/04/2010,26500,1438600000,53.8(-1.47 %),26500,1438600000,0,0,82906090,4.21
07/04/2010,2700,149330000,54.2(-0.18 %),2700,149330000,0,0,82903390,4.21
08/04/2010,-1000,-53700000,53.8(-0.74 %),0,0,1000,53700000,82904390,4.21
09/04/2010,151200,8302240000,54.2(0.00 %),151200,8302240000,0,0,82753190,4.29
12/04/2010,100,5450000,54.1(-1.10 %),100,5450000,0,0,82753090,4.29
13/04/2010,0,0,52.4(-3.14 %),0,0,0,0,82753090,4.29
14/04/2010,-99900,-5158930000,51.6(-1.90 %),100,5000000,100000,5163930000,82852990,4.23
15/04/2010,-125800,-6477400000,51.3(-0.58 %),24200,1248100000,150000,7725500000,82978790,4.17
16/04/2010,2000,102640000,51.9(0.78 %),2000,102640000,0,0,82976790,4.17
19/04/2010,29900,1519410000,50.4(-2.89 %),30900,1571010000,1000,51600000,82946890,4.18
20/04/2010,-1200,-59980000,50.2(-1.57 %),200,10020000,1400,70000000,82948090,4.18
21/04/2010,36700,1960610000,53.6(6.35 %),36700,1960610000,0,0,82911390,4.2
22/04/2010,0,0,53.3(1.91 %),0,0,0,0,82911390,4.2
26/04/2010,-4000,-202810000,52(-3.88 %),2000,109250000,6000,312060000,82915390,4.2
27/04/2010,26500,1381700000,52(-1.52 %),26500,1381700000,0,0,82888890,4.21
28/04/2010,28100,1449680000,51.3(-1.72 %),28100,1449680000,0,0,82860790,4.23
29/04/2010,26500,1373750000,51.6(0.19 %),26500,1373750000,0,0,82834290,4.24
04/05/2010,21000,1104060000,52.6(1.54 %),21000,1104060000,0,0,82813290,4.26
06/05/2010,-52400,-2694580000,51(-1.54 %),26500,1369300000,78900,4063880000,82865690,4.23
07/05/2010,-126900,-6376070000,49.8(-3.68 %),28100,1413800000,155000,7789870000,82992590,4.16
10/05/2010,-33200,-1615810000,48.6(-3.19 %),26800,1316170000,60000,2931980000,83025790,4.14
11/05/2010,-20000,-984000000,49(-0.20 %),0,0,20000,984000000,83045790,4.13
12/05/2010,1300,63100000,46.8(-5.45 %),1300,63100000,0,0,83044490,4.13
13/05/2010,0,0,47.2(-0.42 %),0,0,0,0,83044490,4.13
14/05/2010,100,4750000,47(-1.05 %),100,4750000,0,0,83044390,4.13
17/05/2010,0,0,44.5(-5.72 %),0,0,0,0,83044390,4.13
18/05/2010,-164800,-7068560000,42.9(-4.88 %),300,13140000,165100,7081700000,83209190,4.04
19/05/2010,0,0,40.5(-6.03 %),0,0,0,0,83209190,4.04
20/05/2010,0,0,41.9(2.20 %),0,0,0,0,83209190,4.04
21/05/2010,-37000,-1428850000,38.4(-5.65 %),2000,76500000,39000,1505350000,83246190,4.02
24/05/2010,-21500,-853600000,40.4(4.66 %),5000,196000000,26500,1049600000,83267690,4.01
25/05/2010,4000,161900000,40.1(1.52 %),6000,240900000,2000,79000000,83263690,4.01
26/05/2010,-56900,-2358490000,42(3.70 %),1600,64800000,58500,2423290000,83320590,3.98
27/05/2010,-1300,-53300000,42(0.96 %),0,0,1300,53300000,83321890,3.98
28/05/2010,0,0,44.7(6.94 %),0,0,0,0,83321890,3.98
31/05/2010,5800,258100000,46.4(4.04 %),5800,258100000,0,0,83316090,3.98
01/06/2010,0,0,47.5(3.94 %),0,0,0,0,83316090,3.98
02/06/2010,1200,55200000,46.3(-1.70 %),1200,55200000,0,0,83314890,3.98
03/06/2010,0,0,47.2(1.72 %),0,0,0,0,83314890,3.98
04/06/2010,71900,3312290000,45.6(-4.40 %),71900,3312290000,0,0,83242990,4.02
07/06/2010,-8100,-345020000,42.7(-6.97 %),3000,132200000,11100,477220000,83251090,4.02
08/06/2010,1100,38850000,43.5(1.16 %),29500,1257440000,28400,1218590000,83249990,4.02
09/06/2010,-9500,-414500000,42.9(0.00 %),500,21500000,10000,436000000,83259490,4.01
10/06/2010,-26400,-1136160000,43(-0.69 %),0,0,26400,1136160000,83285890,4.0
11/06/2010,76700,3361900000,43.9(2.09 %),76700,3361900000,0,0,83209190,4.04
14/06/2010,3500,152550000,43.7(2.58 %),3500,152550000,0,0,83205690,4.04
15/06/2010,-4200,-186410000,44.6(2.29 %),15800,698590000,20000,885000000,83209890,4.04
16/06/2010,22700,1025700000,45.2(1.57 %),22700,1025700000,0,0,83187190,4.05
17/06/2010,84800,3801790000,44.3(-2.21 %),84800,3801790000,0,0,83102390,4.1
18/06/2010,82500,3652540000,44(-1.57 %),82500,3652540000,0,0,83019890,4.14
21/06/2010,0,0,43.8(-0.90 %),0,0,0,0,83019890,4.14
22/06/2010,-110000,-4735760000,42.8(-2.73 %),0,0,110000,4735760000,83129890,4.08
23/06/2010,-184500,-8003460000,44.6(3.48 %),25500,1107350000,210000,9110810000,83314390,3.98
24/06/2010,-86700,-3873850000,44.7(2.05 %),31500,1412150000,118200,5286000000,83401090,3.94
25/06/2010,21500,938800000,43.7(-2.46 %),31500,1379600000,10000,440800000,83379590,3.95
28/06/2010,-122200,-5354890000,43.6(-0.46 %),48800,2131510000,171000,7486400000,83501790,3.88
29/06/2010,-10100,-443570000,43.5(-0.68 %),32400,1418220000,42500,1861790000,83511890,3.88
30/06/2010,14100,599470000,42.7(-2.51 %),14100,599470000,0,0,83497790,3.89
01/07/2010,0,0,42.8(0.94 %),0,0,0,0,83497790,3.89
02/07/2010,200,8560000,43(0.70 %),200,8560000,0,0,83497590,3.89
05/07/2010,500,21350000,42.7(-0.70 %),500,21350000,0,0,83497090,3.89
06/07/2010,0,0,41.7(-2.57 %),0,0,0,0,83497090,3.89
07/07/2010,-1300,-54990000,41.3(-1.20 %),0,0,1300,54990000,83498390,3.89
08/07/2010,300,12750000,41.4(-0.48 %),300,12750000,0,0,83498090,3.89
09/07/2010,0,0,41.7(-0.24 %),0,0,0,0,83498090,3.89
12/07/2010,200,8340000,41.7(0.00 %),200,8340000,0,0,83497890,3.89
13/07/2010,28400,1213960000,43.1(3.36 %),28400,1213960000,0,0,83469490,3.9
14/07/2010,0,0,42.9(0.00 %),0,0,0,0,83469490,3.9
15/07/2010,0,0,42.3(-2.31 %),0,0,0,0,83469490,3.9
16/07/2010,0,0,42.4(-0.24 %),0,0,0,0,83469490,3.9
19/07/2010,-3000,-124500000,41.7(-1.42 %),0,0,3000,124500000,83472490,3.9
20/07/2010,0,0,41.6(-0.72 %),0,0,0,0,83472490,3.9
21/07/2010,-1300,-54360000,41.4(-0.96 %),700,29020000,2000,83380000,83473790,3.9
22/07/2010,0,0,40.7(-1.69 %),0,0,0,0,83473790,3.9
23/07/2010,8000,326600000,41(0.74 %),10000,408000000,2000,81400000,83465790,3.9
26/07/2010,6100,248170000,40.4(-0.98 %),6100,248170000,0,0,83459690,3.91
27/07/2010,11000,444600000,39.9(-1.97 %),11000,444600000,0,0,83448690,3.91
28/07/2010,1000,40000000,39.7(-1.24 %),1000,40000000,0,0,83447690,3.91
29/07/2010,0,0,40(0.76 %),0,0,0,0,83447690,3.91
30/07/2010,0,0,40(0.50 %),0,0,0,0,83447690,3.91
02/08/2010,300,11940000,39.3(-2.00 %),300,11940000,0,0,83447390,3.91
03/08/2010,300,11700000,39(-1.27 %),300,11700000,0,0,83447090,3.91
04/08/2010,0,0,38(-3.06 %),0,0,0,0,83447090,3.91
05/08/2010,-500,-19150000,38.5(1.32 %),0,0,500,19150000,83447590,3.91
06/08/2010,21400,815270000,38(-1.30 %),21400,815270000,0,0,83426190,3.92
09/08/2010,37800,1381360000,35.6(-6.32 %),37800,1381360000,0,0,83388390,3.94
10/08/2010,-200,-6730000,33.9(-6.87 %),300,10470000,500,17200000,83388590,3.94
11/08/2010,0,0,34(-0.29 %),0,0,0,0,83388590,3.94
12/08/2010,-7900,-253400000,31.7(-6.76 %),0,0,7900,253400000,83396490,3.94
13/08/2010,50000,1536210000,31.2(-2.19 %),50000,1536210000,0,0,83346490,3.97
16/08/2010,-6200,-191290000,32.5(6.91 %),29700,945080000,35900,1136370000,83352690,3.96
17/08/2010,28900,716050000,24.8(6.90 %),28900,716050000,0,0,83276690,4.01
18/08/2010,18200,437860000,23.8(-3.64 %),18200,437860000,0,0,83305590,3.99
19/08/2010,22800,534500000,23.3(-3.32 %),22800,534500000,0,0,83282790,4.0
20/08/2010,2800,63640000,23(-1.71 %),2800,63640000,0,0,83279990,4.0
23/08/2010,2100,45170000,22.2(-3.06 %),5100,113290000,3000,68120000,83277890,4.0
24/08/2010,-94800,-1986260000,20.9(-6.70 %),700,14740000,95500,2001000000,83372690,3.95
25/08/2010,-53700,-1052480000,19.6(-6.67 %),2100,41200000,55800,1093680000,83426390,3.92
26/08/2010,50800,1025360000,20(1.52 %),51600,1040560000,800,15200000,83375590,3.95
27/08/2010,500,10050000,20(-0.50 %),500,10050000,0,0,83375090,3.95
30/08/2010,-300,-6300000,21.1(6.57 %),0,0,300,6300000,83375390,3.95
31/08/2010,209000,4657860000,22.5(6.64 %),209000,4657860000,0,0,83166390,4.06
01/09/2010,97000,2292800000,23.7(6.76 %),119500,2826050000,22500,533250000,83069390,4.12
06/09/2010,0,0,25.3(6.75 %),0,0,0,0,83102990,4.12
07/09/2010,11000,293500000,27(6.72 %),11000,293500000,0,0,0,0.0
08/09/2010,3000,82290000,26.2(-2.24 %),3100,84870000,100,2580000,0,49.0
09/09/2010,5000,135600000,27.9(6.90 %),6000,163000000,1000,27400000,0,49.0
10/09/2010,6300,179900000,26.9(-2.54 %),6300,179900000,0,0,0,49.01
13/09/2010,1000,25900000,26(-6.47 %),1000,25900000,0,0,0,49.01
14/09/2010,-189700,-5023960000,26.5(1.92 %),0,0,189700,5023960000,174400,48.91
15/09/2010,-247500,-6380010000,25.3(-4.17 %),400,10600000,247900,6390610000,421900,48.77
16/09/2010,-282900,-7209670000,25.5(-1.16 %),0,0,282900,7209670000,704800,48.62
17/09/2010,-1117500,-30390200000,27.2(6.67 %),500,12800000,1118000,30403000000,1822300,48.02
20/09/2010,0,0,28.5(5.17 %),0,0,0,0,1822300,48.02
21/09/2010,15300,429680000,27.8(-3.47 %),20300,571880000,5000,142200000,1807000,48.02
22/09/2010,33900,943300000,27.9(-1.06 %),33900,943300000,0,0,1773100,48.04
23/09/2010,0,0,27.1(-2.87 %),0,0,0,0,1773100,48.04
24/09/2010,0,0,26.9(0.37 %),0,0,0,0,1773100,48.04
27/09/2010,700,18760000,27(0.00 %),700,18760000,0,0,1772400,48.04
28/09/2010,0,0,27(0.00 %),0,0,0,0,1772400,48.04
29/09/2010,0,0,26(-4.76 %),0,0,0,0,1772400,48.04
30/09/2010,26800,687160000,25.8(-1.53 %),29400,753980000,2600,66820000,84837590,48.06
01/10/2010,0,0,25.3(-1.56 %),0,0,0,0,84837590,3.16
04/10/2010,100,2530000,23.8(-6.67 %),100,2530000,0,0,84837490,3.16
05/10/2010,-7900,-174570000,24.2(0.83 %),29400,701000000,37300,875570000,84845390,3.16
06/10/2010,29400,731700000,25.3(6.75 %),29400,731700000,0,0,84815990,3.17
07/10/2010,0,0,25.1(0.80 %),0,0,0,0,84815990,3.17
08/10/2010,30500,764770000,24.8(-3.12 %),30500,764770000,0,0,84785490,3.19
11/10/2010,29400,721860000,24.4(-2.79 %),29400,721860000,0,0,84756090,3.21
12/10/2010,29400,710400000,24.1(-2.03 %),29400,710400000,0,0,84726690,3.22
13/10/2010,29400,715060000,24.5(1.24 %),29400,715060000,0,0,84697290,3.24
14/10/2010,39400,962680000,24.2(0.00 %),39400,962680000,0,0,84657890,3.26
15/10/2010,29400,710280000,24.2(-0.82 %),29400,710280000,0,0,84628490,3.27
18/10/2010,32400,783440000,24(-0.83 %),32400,783440000,0,0,84596090,3.29
19/10/2010,29400,693240000,23.4(-2.90 %),29400,693240000,0,0,84566690,3.31
20/10/2010,31400,694700000,22.1(-5.15 %),31400,694700000,0,0,84535290,3.33
21/10/2010,29400,656420000,22.3(1.36 %),29400,656420000,0,0,84505890,3.34
22/10/2010,29400,648880000,22.1(-1.34 %),29400,648880000,0,0,84476490,3.36
25/10/2010,29400,674400000,22.9(3.62 %),29400,674400000,0,0,84447090,3.37
26/10/2010,75300,1786020000,23.9(6.70 %),75300,1786020000,0,0,84371790,3.41
27/10/2010,31500,739270000,23.1(-2.94 %),31500,739270000,0,0,84340290,3.43
28/10/2010,29400,672900000,22.9(-2.55 %),29400,672900000,0,0,84310890,3.45
29/10/2010,-137600,-3178010000,23.1(0.87 %),29600,682500000,167200,3860510000,84448490,3.37
01/11/2010,39400,900500000,22.7(-1.73 %),39400,900500000,0,0,84409090,3.39
02/11/2010,34400,773000000,22.5(-1.32 %),34400,773000000,0,0,84374690,3.41
03/11/2010,29300,650630000,22.3(-0.89 %),29400,652840000,100,2210000,84345390,3.43
04/11/2010,29400,660860000,22.6(2.26 %),29400,660860000,0,0,84315990,3.44
05/11/2010,29400,684400000,23.4(4.00 %),29400,684400000,0,0,84286590,3.46
08/11/2010,29800,680750000,22.7(-2.58 %),29800,680750000,0,0,84256790,3.48
09/11/2010,29400,652560000,22.1(-3.49 %),29400,652560000,0,0,84227390,3.49
10/11/2010,30600,675920000,22.1(-0.45 %),30600,675920000,0,0,84196790,3.51
11/11/2010,29400,642460000,21.7(-1.81 %),29400,642460000,0,0,84167390,3.52
12/11/2010,90700,1916960000,21.3(-2.29 %),100700,2120960000,10000,204000000,84076690,3.57
15/11/2010,72000,1464740000,20.1(-3.37 %),73600,1498180000,1600,33440000,84004690,3.61
16/11/2010,29400,585800000,20.2(-1.46 %),29400,585800000,0,0,83975290,3.63
17/11/2010,126400,2568080000,20.5(3.02 %),126400,2568080000,0,0,0,0.0
18/11/2010,157800,3364860000,21.7(6.90 %),157800,3364860000,0,0,0,49.09
19/11/2010,40400,854760000,20.9(-1.88 %),40400,854760000,0,0,0,49.11
22/11/2010,29400,606340000,20.7(-2.36 %),29400,606340000,0,0,0,49.12
23/11/2010,108800,2288210000,21(2.94 %),108800,2288210000,0,0,0,49.18
24/11/2010,29400,619660000,21.1(0.96 %),29400,619660000,0,0,0,49.2
25/11/2010,8500,190050000,22.3(6.19 %),8500,190050000,0,0,0,49.2
26/11/2010,32400,730870000,22.7(2.71 %),32400,730870000,0,0,0,49.22
29/11/2010,29400,669580000,24.2(6.61 %),29400,669580000,0,0,0,49.24
30/11/2010,14400,361000000,25(6.84 %),24400,610000000,10000,249000000,0,49.24
01/12/2010,34400,859960000,24.1(-3.60 %),34400,859960000,0,0,0,49.26
02/12/2010,24400,602340000,26.7(6.80 %),29400,735840000,5000,133500000,0,49.28
03/12/2010,24600,683760000,27.8(6.92 %),30400,844470000,5800,160710000,0,49.29
06/12/2010,54500,1506940000,27.1(-2.52 %),55500,1534940000,1000,28000000,0,49.32
07/12/2010,29500,784250000,25.9(-6.83 %),29500,784250000,0,0,0,49.33
08/12/2010,16900,421570000,24.6(-6.82 %),16900,421570000,0,0,0,49.34
09/12/2010,40700,1012890000,25.8(3.61 %),40700,1012890000,0,0,0,49.36
10/12/2010,58600,1539880000,26.8(6.77 %),58600,1539880000,0,0,0,49.4
13/12/2010,18700,527340000,28.2(6.82 %),18700,527340000,0,0,0,49.41
14/12/2010,-105100,-2641110000,26.4(-6.38 %),132700,3632580000,237800,6273690000,0,49.35
15/12/2010,216700,5742860000,26.2(-3.32 %),227900,6045260000,11200,302400000,0,49.47
16/12/2010,254000,6425820000,25.2(-5.26 %),259000,6553820000,5000,128000000,0,49.6
17/12/2010,618300,16613350000,27(6.72 %),618300,16613350000,0,0,0,49.94
20/12/2010,54400,1459620000,26.6(0.00 %),54400,1459620000,0,0,0,49.97
21/12/2010,0,0,26(-2.99 %),0,0,0,0,0,49.94
22/12/2010,-32500,-828230000,25.6(-1.16 %),500,13500000,33000,841730000,0,49.92
23/12/2010,69600,1744500000,24.8(-4.25 %),69600,1744500000,0,0,0,49.96
24/12/2010,-15200,-379900000,24.9(-0.40 %),0,0,15200,379900000,0,49.95
27/12/2010,36900,897730000,24.2(-3.20 %),36900,897730000,0,0,0,49.97
28/12/2010,5200,123380000,25.1(3.29 %),34500,858810000,29300,735430000,0,49.6
29/12/2010,-5900,-176160000,24.2(-2.42 %),37700,917200000,43600,1093360000,0,49.6
30/12/2010,-2400,-57790000,24.8(2.06 %),34500,861000000,36900,918790000,0,49.6
31/12/2010,54900,1356570000,24.7(-0.80 %),54900,1356570000,0,0,0,49.62
04/01/2011,134000,3361700000,24.9(0.81 %),134500,3374200000,500,12500000,0,49.66
05/01/2011,41000,996050000,24.2(-3.59 %),41000,996050000,0,0,0,49.67
06/01/2011,34500,829000000,24.4(0.41 %),34500,829000000,0,0,0,49.69
07/01/2011,34500,832950000,24(0.00 %),34500,832950000,0,0,0,49.7
10/01/2011,-65000,-1492720000,23(-4.56 %),35900,831000000,100900,2323720000,0,49.68
11/01/2011,36300,813970000,22.4(-3.03 %),36300,813970000,0,0,0,49.69
12/01/2011,34500,788270000,23(2.68 %),34500,788270000,0,0,0,49.7
13/01/2011,244500,5701600000,23.1(0.87 %),244500,5701600000,0,0,0,49.78
14/01/2011,34800,809340000,23.3(0.00 %),34800,809340000,0,0,123110163,7.96
17/01/2011,800,18650000,23.6(1.29 %),900,21030000,100,2380000,123109363,7.96
18/01/2011,84500,1967400000,23(-2.95 %),84500,1967400000,0,0,0,49.82
19/01/2011,35700,819450000,23.1(-0.86 %),45700,1051450000,10000,232000000,0,49.83
20/01/2011,34600,794760000,22.9(-0.87 %),34600,794760000,0,0,125243663,7.25
21/01/2011,37800,869660000,22.9(-0.43 %),39600,910780000,1800,41120000,0,49.85
24/01/2011,34600,792160000,22.7(-1.73 %),34600,792160000,0,0,0,49.86
25/01/2011,36800,824520000,22.5(-1.75 %),36900,826790000,100,2270000,0,49.87
26/01/2011,34600,785100000,22.8(1.33 %),34600,785100000,0,0,0,49.88
27/01/2011,34600,801260000,23.2(2.20 %),34600,801260000,0,0,0,49.89
28/01/2011,140600,3263720000,23.2(0.87 %),140600,3263720000,0,0,0,49.94
08/02/2011,24600,567260000,23(-1.29 %),34600,799260000,10000,232000000,0,49.95
09/02/2011,10800,247970000,23.4(1.30 %),34600,824440000,23800,576470000,123110163,7.96
10/02/2011,34600,810240000,23.4(-1.68 %),34600,810240000,0,0,0,49.96
11/02/2011,147600,3457980000,23.7(0.85 %),147600,3457980000,0,0,123110163,7.96
14/02/2011,134600,3214400000,23.9(1.70 %),134600,3214400000,0,0,0,50.06
15/02/2011,34600,818060000,23.7(-1.25 %),34600,818060000,0,0,0,50.07
16/02/2011,34600,820520000,23.4(-1.27 %),34600,820520000,0,0,0,50.08
17/02/2011,-65400,-1504660000,22.9(-2.97 %),34600,793360000,100000,2298020000,0,50.06
18/02/2011,34600,781670000,22.5(-2.17 %),34600,781670000,0,0,0,50.07
21/02/2011,-79900,-1681950000,21(-6.67 %),3100,66650000,83000,1748600000,0,50.04
22/02/2011,-20700,-424170000,20.4(-3.32 %),34600,694460000,55300,1118630000,0,50.04
23/02/2011,34600,715740000,20.8(2.97 %),34600,715740000,0,0,0,50.05
24/02/2011,594500,12116770000,20.7(0.49 %),594800,12122920000,300,6150000,0,50.25
25/02/2011,34700,723350000,21.2(4.43 %),34700,723350000,0,0,0,50.26
28/02/2011,-48900,-994260000,20.4(-1.92 %),34700,722630000,83600,1716890000,0,50.24
01/03/2011,31400,639630000,20.3(-2.40 %),34700,704970000,3300,65340000,0,0.0
02/03/2011,31800,631650000,18.9(-6.90 %),51900,1013760000,20100,382110000,0,50.25
03/03/2011,32300,595670000,18.3(-4.69 %),34700,639950000,2400,44280000,0,0.0
04/03/2011,-60200,-1112570000,18.7(1.08 %),39800,735430000,100000,1848000000,0,0.0
07/03/2011,36700,681120000,18.5(0.00 %),36700,681120000,0,0,0,0.0
08/03/2011,34700,639050000,18.2(-2.15 %),34700,639050000,0,0,0,0.0
09/03/2011,36100,627570000,17.3(-5.98 %),36100,627570000,0,0,0,0.0
10/03/2011,34700,641950000,18.5(6.94 %),34700,641950000,0,0,0,0.0
11/03/2011,34700,676650000,19.5(6.56 %),34700,676650000,0,0,0,0.0
14/03/2011,642300,12474400000,19(-2.56 %),642300,12474400000,0,0,0,0.0
15/03/2011,862100,16570300000,19.3(-1.03 %),865700,16638500000,3600,68200000,0,0.0
16/03/2011,800800,16006300000,20.4(6.81 %),800800,16006300000,0,0,129850963,5.72
17/03/2011,1246700,26637930000,21.4(7.00 %),1246700,26637930000,0,0,128604263,6.13
18/03/2011,1169700,26135080000,22.8(6.54 %),1229300,27472300000,59600,1337220000,127434563,6.52
21/03/2011,49900,1182110000,23.3(4.02 %),100000,2379500000,50100,1197390000,127384663,6.54
22/03/2011,159900,3636440000,22.2(-6.72 %),159900,3636440000,0,0,127224763,6.59
23/03/2011,381700,8409620000,22.9(1.33 %),383900,8459780000,2200,50160000,126843063,6.72
24/03/2011,123400,2745740000,22.1(-1.34 %),123400,2745740000,0,0,126719663,6.76
25/03/2011,801100,17555520000,22.1(-1.34 %),801300,17559960000,200,4440000,125918563,7.03
28/03/2011,58700,1325960000,22.5(2.27 %),59900,1352960000,1200,27000000,125859863,7.05
29/03/2011,501900,11006300000,21.8(-3.96 %),501900,11006300000,0,0,125357963,7.21
30/03/2011,59900,1279170000,21.5(-1.83 %),59900,1279170000,0,0,125298063,7.23
31/03/2011,70400,1501770000,21.1(-0.47 %),70400,1501770000,0,0,125227663,7.26
01/04/2011,59900,1253790000,20.4(-3.77 %),59900,1253790000,0,0,125171363,7.28
04/04/2011,53600,1065910000,19.9(-3.40 %),60100,1194610000,6500,128700000,125117763,7.29
05/04/2011,59900,1200570000,20.4(2.51 %),59900,1200570000,0,0,125057863,7.31
06/04/2011,59900,1252230000,21.5(6.97 %),59900,1252230000,0,0,124997963,7.33
07/04/2011,335400,7236830000,21.4(1.90 %),336400,7258730000,1000,21900000,124662563,7.45
08/04/2011,166900,3547620000,21.3(-1.39 %),166900,3547620000,0,0,124495663,7.5
13/04/2011,124700,2636750000,21.1(-0.47 %),124700,2636750000,0,0,124370963,7.54
14/04/2011,197000,4097910000,21(-0.47 %),207500,4315550000,10500,217640000,124173963,7.61
15/04/2011,-88100,-1785680000,20.1(-3.37 %),17000,350600000,105100,2136280000,124262063,7.58
18/04/2011,58000,1144530000,19.7(-3.43 %),60300,1190300000,2300,45770000,124204063,7.6
19/04/2011,500,9850000,19.7(0.00 %),500,9850000,0,0,124203563,7.6
20/04/2011,100,1970000,19.8(0.51 %),100,1970000,0,0,124203463,7.6
21/04/2011,0,0,18.7(-5.56 %),0,0,0,0,124203463,7.6
22/04/2011,42300,769860000,18.8(-0.53 %),42300,769860000,0,0,124161163,7.61
25/04/2011,5000,98500000,19.7(6.49 %),5000,98500000,0,0,124156163,7.61
26/04/2011,0,0,19.3(-2.03 %),0,0,0,0,124156163,7.61
27/04/2011,489800,10251050000,21(6.60 %),589800,12351050000,100000,2100000000,123666363,7.78
28/04/2011,-98100,-2015920000,20.1(-3.37 %),124900,2558520000,223000,4574440000,123764463,7.75
29/04/2011,55400,1103510000,19.9(-2.45 %),60400,1203010000,5000,99500000,123709063,7.76
04/05/2011,119600,2354190000,19.5(-2.01 %),119600,2354190000,0,0,123261463,7.91
05/05/2011,67700,1297040000,19(-3.55 %),67700,1297040000,0,0,123193763,7.94
06/05/2011,61000,1166330000,19.4(1.57 %),61000,1166330000,0,0,123132763,7.96
09/05/2011,58800,1156230000,19.9(3.65 %),59900,1178000000,1100,21770000,123073963,7.98
10/05/2011,65000,1284900000,19.7(0.00 %),65000,1284900000,0,0,123008963,8.0
11/05/2011,-4900,-94550000,19.3(-3.02 %),60100,1166450000,65000,1261000000,123013863,8.0
12/05/2011,65100,1262740000,19.4(0.00 %),65100,1262740000,0,0,122948763,8.02
13/05/2011,62200,1201980000,19.2(-1.03 %),62200,1201980000,0,0,122951663,8.02
16/05/2011,60000,1142000000,18.9(-2.07 %),60000,1142000000,0,0,122891663,8.04
17/05/2011,53400,986780000,18.6(-2.11 %),60100,1110260000,6700,123480000,122838263,8.05
18/05/2011,52800,964900000,18.4(-0.54 %),60000,1097000000,7200,132100000,122785463,8.07
19/05/2011,60000,1092900000,18.1(-1.09 %),60000,1092900000,0,0,122725463,8.09
20/05/2011,153800,2702720000,17.5(-3.85 %),153800,2702720000,0,0,122571663,8.14
23/05/2011,-17800,-291570000,16.4(-6.82 %),1400,23310000,19200,314880000,122589463,8.14
24/05/2011,-32800,-507740000,15.4(-6.67 %),0,0,32800,507740000,122622263,8.13
25/05/2011,-27600,-397440000,14.4(-6.49 %),400,5760000,28000,403200000,122649863,8.12
26/05/2011,-193200,-2631410000,14(-2.78 %),10400,141330000,203600,2772740000,122843063,8.05
27/05/2011,-27600,-397440000,14.6(6.57 %),400,5760000,28000,403200000,122870663,8.04
30/05/2011,-30000,-414000000,13.4(-6.94 %),0,0,30000,414000000,122900663,8.03
31/05/2011,70500,917750000,13(-5.11 %),70500,917750000,0,0,122830163,8.06
01/06/2011,60400,835200000,13.9(6.92 %),60400,835200000,0,0,122921463,8.03
02/06/2011,0,0,14.6(6.57 %),0,0,0,0,122921463,8.03
03/06/2011,59500,928700000,14.8(1.37 %),60600,945310000,1100,16610000,122861963,8.05
06/06/2011,-55000,-800650000,14.7(-3.29 %),8100,119060000,63100,919710000,122916963,8.03
07/06/2011,60000,923600000,15.5(6.90 %),60100,925150000,100,1550000,122856963,8.05
08/06/2011,68200,1058400000,15.1(-1.95 %),68200,1058400000,0,0,122788763,8.07
09/06/2011,10000,151000000,16.3(5.84 %),10000,151000000,0,0,122778763,8.07
10/06/2011,-68500,-1154950000,16.9(6.96 %),1600,26740000,70100,1181690000,122847263,8.05
13/06/2011,-234400,-3949940000,17.2(1.78 %),0,0,234400,3949940000,123081663,7.97
14/06/2011,-223800,-3742010000,16.4(-3.53 %),0,0,223800,3742010000,123305463,7.9
15/06/2011,-57500,-916440000,15.9(-6.47 %),1500,25200000,59000,941640000,123362963,7.88
16/06/2011,-289200,-4561550000,15.8(-1.25 %),0,0,289200,4561550000,123652163,7.78
17/06/2011,-1392600,-20746920000,14.8(-6.92 %),0,0,1392600,20746920000,125044763,7.32
20/06/2011,13800,197540000,14.3(-4.03 %),13800,197540000,0,0,125030963,7.32
21/06/2011,99300,1507360000,15.3(6.99 %),100000,1517440000,700,10080000,124931663,7.36
22/06/2011,-49000,-727330000,14.8(-0.67 %),1800,27000000,50800,754330000,124980663,7.34
23/06/2011,-101300,-1454470000,14.3(-4.67 %),300,4410000,101600,1458880000,125081963,7.31
24/06/2011,-49700,-723160000,14.5(0.00 %),1200,17490000,50900,740650000,125131663,7.29
27/06/2011,-1100,-16170000,14.3(-1.38 %),0,0,1100,16170000,125132763,7.29
28/06/2011,-99900,-1390510000,13.9(-4.14 %),100,1420000,100000,1391930000,125232663,7.26
29/06/2011,8200,113280000,13.9(-0.71 %),8200,113280000,0,0,125224463,7.26
30/06/2011,100,1380000,13.6(-1.45 %),100,1380000,0,0,125224363,7.26
01/07/2011,3600,47680000,13.1(-3.68 %),3600,47680000,0,0,125150763,7.28
04/07/2011,0,0,13.4(2.29 %),0,0,0,0,125150763,7.28
05/07/2011,0,0,14(6.87 %),0,0,0,0,125150763,7.28
06/07/2011,7000,98100000,13.6(-2.86 %),7000,98100000,0,0,125143763,7.29
07/07/2011,100,1340000,13.6(-1.45 %),100,1340000,0,0,125143663,7.29
08/07/2011,-49700,-664550000,13.2(-2.94 %),1000,13600000,50700,678150000,125193363,7.27
11/07/2011,0,0,13(-2.26 %),0,0,0,0,125193363,7.27
12/07/2011,0,0,13.3(1.53 %),0,0,0,0,125193363,7.27
13/07/2011,0,0,13.3(2.31 %),0,0,0,0,125193363,7.27
14/07/2011,0,0,13.3(-0.75 %),0,0,0,0,125193363,7.27
15/07/2011,-477700,-6204190000,13(-1.52 %),0,0,477700,6204190000,125671063,7.11
18/07/2011,107000,1374240000,12.9(-0.77 %),107000,1374240000,0,0,125564063,7.15
19/07/2011,0,0,13(1.56 %),0,0,0,0,125564063,7.15
20/07/2011,0,0,13.3(3.10 %),0,0,0,0,125564063,7.15
21/07/2011,10000,133000000,13(-1.52 %),10000,133000000,0,0,125554063,7.15
22/07/2011,0,0,12.8(-3.03 %),0,0,0,0,125554063,7.15
25/07/2011,0,0,12.7(-1.55 %),0,0,0,0,125554063,7.15
26/07/2011,0,0,12.8(-0.78 %),0,0,0,0,125554063,7.15
27/07/2011,0,0,12.8(-0.78 %),0,0,0,0,125554063,7.15
28/07/2011,0,0,12.8(0.00 %),0,0,0,0,125554063,7.15
29/07/2011,-50800,-637910000,12.4(-3.88 %),0,0,50800,637910000,125604863,7.13
01/08/2011,-101600,-1223400000,12(-4.76 %),0,0,101600,1223400000,125664063,7.11
02/08/2011,0,0,11.3(-5.83 %),0,0,0,0,125664063,7.11
03/08/2011,100,1100000,11.7(2.63 %),100,1100000,0,0,125663963,7.11
04/08/2011,-249500,-2991100000,12.1(6.14 %),500,5900000,250000,2997000000,125913463,7.03
05/08/2011,-200000,-2393980000,12(0.00 %),100,1230000,200100,2395210000,126113463,6.96
08/08/2011,-248400,-2864900000,11.4(-5.79 %),0,0,248400,2864900000,126361863,6.88
09/08/2011,-35600,-385550000,10.8(-6.09 %),0,0,35600,385550000,126397463,6.87
10/08/2011,-83900,-930620000,11.1(2.78 %),0,0,83900,930620000,126481363,6.84
11/08/2011,-50800,-545960000,10.9(-1.80 %),0,0,50800,545960000,126532163,6.82
12/08/2011,1000,11000000,10.9(0.93 %),1000,11000000,0,0,126531163,6.82
15/08/2011,800,8640000,10.7(-0.93 %),800,8640000,0,0,126530363,6.82
16/08/2011,0,0,10.8(0.93 %),0,0,0,0,126530363,6.82
17/08/2011,80300,906670000,11.5(6.48 %),131100,1471210000,50800,564540000,126450063,6.85
18/08/2011,305700,3662600000,11.8(4.42 %),306000,3666100000,300,3500000,126144363,6.95
19/08/2011,-101600,-1193400000,11.8(-1.67 %),0,0,101600,1193400000,126245963,6.92
22/08/2011,-109400,-1378680000,12.6(6.78 %),600,7320000,110000,1386000000,126355363,6.88
23/08/2011,-1419400,-19019960000,13.4(6.35 %),0,0,1419400,19019960000,127774763,6.41
24/08/2011,-50900,-669440000,13(-2.99 %),0,0,50900,669440000,127825663,6.39
25/08/2011,500,6350000,13.2(-0.75 %),500,6350000,0,0,127825163,6.39
26/08/2011,-132000,-1718490000,13(0.00 %),0,0,132000,1718490000,127957163,6.35
29/08/2011,-1111900,-15181590000,14(6.87 %),0,0,1111900,15181590000,129069063,5.98
30/08/2011,-700000,-10151000000,14.3(4.38 %),0,0,700000,10151000000,129769063,5.74
31/08/2011,27600,400660000,14.5(0.00 %),28400,412420000,800,11760000,129741463,5.75
01/09/2011,-21000,-298300000,14.6(0.00 %),0,0,21000,298300000,128072763,6.31
05/09/2011,-81900,-1129420000,13.6(-6.21 %),19200,265650000,101100,1395070000,128154663,6.28
06/09/2011,8900,119200000,13.5(-3.57 %),8900,119200000,0,0,128145763,6.28
07/09/2011,-272100,-3875920000,14.3(6.72 %),100900,1430780000,373000,5306700000,128417863,6.19
08/09/2011,50900,760410000,14.5(2.11 %),50900,760410000,0,0,128366963,6.21
09/09/2011,50900,736260000,14.4(-2.70 %),51900,750660000,1000,14400000,128316063,6.23
12/09/2011,99500,1440200000,15.5(6.90 %),99500,1440200000,0,0,128216563,6.26
13/09/2011,90400,1435390000,15.8(5.33 %),101500,1610770000,11100,175380000,128126163,6.29
14/09/2011,87900,1436410000,15.1(-5.03 %),137900,2196410000,50000,760000000,128038263,6.32
15/09/2011,155600,2356060000,15.3(-2.55 %),155600,2356060000,0,0,127882663,6.37
16/09/2011,173600,2569950000,14.9(-1.32 %),213600,3161950000,40000,592000000,127709063,6.43
19/09/2011,51000,766100000,15.1(2.03 %),51000,766100000,0,0,127658063,6.45
20/09/2011,23200,342650000,14.5(-3.33 %),52400,777520000,29200,434870000,127634863,6.46
21/09/2011,59400,866180000,14.7(0.00 %),59400,866180000,0,0,127575463,6.47
22/09/2011,52400,772540000,14.9(2.05 %),52400,772540000,0,0,127523063,6.49
23/09/2011,0,0,14.6(-1.35 %),0,0,0,0,127523063,6.49
26/09/2011,34600,501060000,14.2(-3.40 %),34600,501060000,0,0,127488463,6.5
27/09/2011,52400,735840000,14(-2.78 %),52400,735840000,0,0,127436063,6.52
28/09/2011,4400,62280000,13.8(-2.13 %),4400,62280000,0,0,127431663,6.52
29/09/2011,52400,704160000,13.2(-6.38 %),52400,704160000,0,0,127379263,6.54
30/09/2011,2000,26800000,12.7(-5.22 %),2000,26800000,0,0,127377263,6.54
03/10/2011,41200,514530000,12.3(-5.38 %),53400,666860000,12200,152330000,129117563,5.96
04/10/2011,-104800,-1285560000,12.4(0.00 %),0,0,104800,1285560000,129222363,5.93
05/10/2011,-136800,-1694720000,12.3(0.00 %),21400,266860000,158200,1961580000,129359163,5.88
06/10/2011,-209600,-2660960000,13(4.00 %),0,0,209600,2660960000,129568763,5.81
07/10/2011,-104800,-1335240000,12.6(-1.56 %),0,0,104800,1335240000,129673563,5.78
10/10/2011,7100,87540000,12.3(-3.91 %),7100,87540000,0,0,129666463,5.78
11/10/2011,-59900,-741300000,12.2(-0.81 %),0,0,59900,741300000,129726363,5.76
12/10/2011,500,5750000,11.5(-6.50 %),500,5750000,0,0,129725863,5.76
13/10/2011,-6200,-68820000,11.4(-1.72 %),0,0,6200,68820000,129732063,5.76
14/10/2011,0,0,11.8(4.42 %),0,0,0,0,129732063,5.76
17/10/2011,0,0,11.4(-3.39 %),0,0,0,0,129732063,5.76
18/10/2011,286000,3298300000,11.7(1.74 %),306000,3529300000,20000,231000000,129446063,5.85
19/10/2011,-100,-1470000,12.1(4.31 %),400,4680000,500,6150000,129446163,5.85
20/10/2011,20000,246000000,11.9(-1.65 %),20000,246000000,0,0,129426163,5.86
21/10/2011,0,0,12.5(3.31 %),0,0,0,0,129426163,5.86
24/10/2011,0,0,12.2(-0.81 %),0,0,0,0,129426163,5.86
25/10/2011,44600,534400000,11.9(-3.25 %),44600,534400000,0,0,129381563,5.87
26/10/2011,52400,628300000,12.1(0.83 %),52400,628300000,0,0,129329163,5.89
27/10/2011,52400,634540000,12(0.00 %),52400,634540000,0,0,129276763,5.91
28/10/2011,0,0,12.9(6.61 %),0,0,0,0,129276763,5.91
31/10/2011,-9000,-119500000,13.3(4.72 %),1000,13500000,10000,133000000,129285763,5.9
01/11/2011,0,0,12.7(-5.22 %),0,0,0,0,129287963,5.9
02/11/2011,20000,242000000,12.2(-5.43 %),20000,242000000,0,0,129267963,5.91
03/11/2011,-15000,-182000000,12.2(0.00 %),0,0,15000,182000000,129282963,5.91
04/11/2011,0,0,12(-1.64 %),0,0,0,0,129282963,5.91
07/11/2011,0,0,11.6(-4.13 %),0,0,0,0,129282963,5.91
08/11/2011,0,0,11.8(0.85 %),0,0,0,0,129282963,5.91
09/11/2011,200,2320000,11.4(-1.72 %),200,2320000,0,0,129282763,5.91
10/11/2011,1000,11200000,11.2(-3.45 %),1000,11200000,0,0,129281763,5.91
11/11/2011,0,0,11.1(-0.89 %),0,0,0,0,129281763,5.91
14/11/2011,56500,598950000,10.5(-6.25 %),56500,598950000,0,0,129225263,5.92
15/11/2011,52400,554440000,10.8(1.89 %),52400,554440000,0,0,129172863,5.94
16/11/2011,52400,565920000,11.1(3.74 %),52400,565920000,0,0,129120463,5.96
17/11/2011,-2300,-25300000,10.6(-2.75 %),0,0,2300,25300000,129122763,5.96
18/11/2011,0,0,10.2(-4.67 %),0,0,0,0,129122763,5.96
21/11/2011,-184500,-1821260000,9.9(-2.94 %),0,0,184500,1821260000,129307263,5.9
22/11/2011,117200,1176460000,10.2(2.00 %),117200,1176460000,0,0,129190063,5.94
23/11/2011,-9500,-96950000,10.1(2.02 %),500,5050000,10000,102000000,129199563,5.93
24/11/2011,-211100,-2117380000,9.9(-1.98 %),0,0,211100,2117380000,129410663,5.86
25/11/2011,0,0,9.8(-2.00 %),0,0,0,0,129410663,5.86
28/11/2011,0,0,10.4(6.12 %),0,0,0,0,129410663,5.86
29/11/2011,-27900,-292950000,10.1(-2.88 %),0,0,27900,292950000,129438563,5.85
30/11/2011,-102700,-1024020000,9.9(-2.94 %),1300,13260000,104000,1037280000,129541263,5.82
01/12/2011,4000,40800000,10.2(2.00 %),4000,40800000,0,0,129405363,5.86
02/12/2011,-1600,-16800000,10.5(1.94 %),0,0,1600,16800000,129406963,5.86
05/12/2011,-969500,-10419450000,11(6.80 %),1000,10800000,970500,10430250000,130376463,5.54
06/12/2011,-282800,-3055750000,10.6(-1.85 %),340000,3698300000,622800,6754050000,130659263,5.45
07/12/2011,-700000,-7358700000,10.4(-3.70 %),0,0,700000,7358700000,131359263,5.21
08/12/2011,-525800,-5527170000,10.3(-1.90 %),0,0,525800,5527170000,131885063,5.04
09/12/2011,700,6930000,9.9(-4.81 %),700,6930000,0,0,131884363,5.04
12/12/2011,17000,167300000,9.7(-3.00 %),17000,167300000,0,0,131867363,5.04
13/12/2011,-500,-4800000,9.5(-3.06 %),0,0,500,4800000,131867863,5.04
14/12/2011,0,0,9.1(-5.21 %),0,0,0,0,131867863,5.04
15/12/2011,641300,5658780000,9.1(-1.09 %),641300,5658780000,0,0,131226563,5.26
16/12/2011,880000,8230860000,9.4(6.82 %),880000,8230860000,0,0,130346563,5.55
19/12/2011,810700,7548370000,9.2(-1.08 %),817000,7607180000,6300,58810000,129535863,5.82
20/12/2011,350000,3114000000,8.8(-5.38 %),350000,3114000000,0,0,129185863,5.94
21/12/2011,691300,6396790000,9.4(5.62 %),691300,6396790000,0,0,128494563,6.17
22/12/2011,919000,8253690000,9.1(-1.09 %),919000,8253690000,0,0,127575563,6.47
23/12/2011,418100,3850030000,9.3(3.33 %),418100,3850030000,0,0,127157463,6.61
26/12/2011,0,0,8.8(-3.30 %),0,0,0,0,127157463,6.61
27/12/2011,58900,506540000,8.5(-5.56 %),58900,506540000,0,0,127098563,6.63
28/12/2011,-2000,-17800000,9(4.65 %),0,0,2000,17800000,127100563,6.63
29/12/2011,10200,87280000,8.4(-5.62 %),10200,87280000,0,0,127090363,6.64
30/12/2011,0,0,8.9(4.71 %),0,0,0,0,127090363,6.64
03/01/2012,0,0,8.9(0.00 %),0,0,0,0,127220263,6.59
04/01/2012,2000,17400000,8.7(-3.33 %),2000,17400000,0,0,127218263,6.59
05/01/2012,0,0,8.4(-3.45 %),0,0,0,0,127218263,6.59
06/01/2012,-5000,-40000000,8.1(-4.71 %),0,0,5000,40000000,127223263,6.59
09/01/2012,0,0,7.9(-2.47 %),0,0,0,0,127223263,6.59
10/01/2012,-2100,-16820000,8.2(2.50 %),0,0,2100,16820000,127225363,6.59
11/01/2012,10000,82000000,8.1(-1.22 %),10000,82000000,0,0,127215363,6.59
12/01/2012,578600,4798060000,8.2(-1.20 %),578600,4798060000,0,0,126636763,6.79
13/01/2012,60800,507920000,8.4(1.20 %),60800,507920000,0,0,126575963,6.81
16/01/2012,0,0,8.6(2.38 %),0,0,0,0,126575963,6.81
17/01/2012,58300,486910000,8.2(-4.65 %),58300,486910000,0,0,126517663,6.83
18/01/2012,58300,486920000,8.4(1.20 %),58300,486920000,0,0,126459363,6.85
19/01/2012,58300,505180000,8.8(6.02 %),58300,505180000,0,0,126401063,6.87
20/01/2012,58300,510710000,8.7(0.00 %),58300,510710000,0,0,126342763,6.89
30/01/2012,67500,588090000,8.7(-1.14 %),67500,588090000,0,0,126275263,6.91
31/01/2012,72400,669500000,9(3.45 %),72400,669500000,0,0,126202863,6.93
01/02/2012,63300,568700000,9.1(-1.09 %),63300,568700000,0,0,126141563,6.95
02/02/2012,66600,632700000,9.6(6.67 %),66600,632700000,0,0,126074963,6.98
03/02/2012,117800,1189780000,9.6(0.00 %),117800,1189780000,0,0,125957163,7.01
06/02/2012,58200,548580000,9.5(-3.06 %),58200,548580000,0,0,125898963,7.03
07/02/2012,538200,5179880000,10(6.38 %),538200,5179880000,0,0,125360763,7.21
08/02/2012,165200,1712560000,10.4(6.12 %),166200,1722860000,1000,10300000,125195563,7.27
09/02/2012,58200,602980000,10.1(-2.88 %),58200,602980000,0,0,125137363,7.29
10/02/2012,62200,615780000,9.7(-5.83 %),62200,615780000,0,0,125075163,7.31
13/02/2012,62700,585160000,9.2(-6.12 %),63700,594560000,1000,9400000,125012463,7.33
14/02/2012,58200,551610000,9.6(3.23 %),58200,551610000,0,0,124954263,7.35
15/02/2012,58200,539320000,9.3(-2.11 %),58200,539320000,0,0,124896063,7.37
16/02/2012,108600,1011620000,9.4(1.08 %),215600,2002320000,107000,990700000,124787463,7.4
17/02/2012,58200,558900000,9.8(5.38 %),58200,558900000,0,0,124729263,7.42
20/02/2012,0,0,10.3(6.19 %),0,0,0,0,124729263,7.42
21/02/2012,58300,630270000,10.3(0.98 %),58300,630270000,0,0,124670963,7.44
22/02/2012,58300,612450000,10.8(2.86 %),58300,612450000,0,0,124612663,7.46
23/02/2012,92000,1019800000,11.3(6.60 %),92000,1019800000,0,0,124520663,7.49
24/02/2012,61400,702720000,11.2(0.90 %),61400,702720000,0,0,124459263,7.51
27/02/2012,64800,725800000,11.5(1.77 %),64800,725800000,0,0,124394463,7.54
28/02/2012,64400,706690000,10.6(-6.19 %),64400,706690000,0,0,124330063,7.56
29/02/2012,76200,824820000,10.9(0.93 %),76200,824820000,0,0,124253863,7.58
01/03/2012,121600,1289460000,10.7(0.94 %),121600,1289460000,0,0,124132263,7.62
02/03/2012,5000,53600000,11.3(6.60 %),5000,53600000,0,0,124127263,7.62
05/03/2012,-200,-2400000,12(6.19 %),0,0,200,2400000,124127463,7.62
06/03/2012,116300,1469740000,12.1(0.83 %),116800,1476040000,500,6300000,124011163,7.66
07/03/2012,38900,457380000,12.5(0.00 %),58900,707380000,20000,250000000,123972263,7.68
08/03/2012,58400,753360000,12.4(1.64 %),58400,753360000,0,0,123913863,7.7
09/03/2012,49000,646640000,13.2(6.45 %),59900,789480000,10900,142840000,123864863,7.71
12/03/2012,-719200,-8784400000,12.1(-6.92 %),0,0,719200,8784400000,124584063,7.47
13/03/2012,-340700,-4087720000,12.1(-2.42 %),0,0,340700,4087720000,124924763,7.36
14/03/2012,-502200,-5732540000,11.3(-5.83 %),10100,118620000,512300,5851160000,125426963,7.19
15/03/2012,-407900,-4598890000,12.3(6.96 %),0,0,407900,4598890000,125834863,7.06
16/03/2012,-1510300,-19040710000,12.6(6.78 %),132400,1657310000,1642700,20698020000,127345163,6.55
19/03/2012,10000,124680000,12.6(0.00 %),10000,124680000,0,0,127335163,6.55
20/03/2012,194900,2482180000,12.9(2.38 %),194900,2482180000,0,0,127140263,6.62
21/03/2012,153700,2116060000,13.7(6.20 %),155000,2134000000,1300,17940000,126986563,6.67
22/03/2012,119600,1681350000,14.4(5.11 %),245000,3438110000,125400,1756760000,126866963,6.71
23/03/2012,179600,2610110000,14.8(4.96 %),189800,2758510000,10200,148400000,126687363,6.77
26/03/2012,295000,4288900000,14.1(-3.42 %),295000,4288900000,0,0,126392363,6.87
27/03/2012,146900,1995230000,13.3(-6.34 %),146900,1995230000,0,0,126245463,6.92
28/03/2012,134900,1709730000,13(-2.26 %),214900,2711730000,80000,1002000000,126110563,6.96
29/03/2012,29500,385890000,12.1(-6.92 %),46900,603390000,17400,217500000,126081063,6.97
30/03/2012,-1900,-3800000,11.8(-2.48 %),48100,576560000,50000,580360000,126082963,6.97
03/04/2012,43900,539290000,12.6(6.78 %),44900,551890000,1000,12600000,125890669,7.04
04/04/2012,44900,559750000,12.3(-2.38 %),44900,559750000,0,0,125845769,7.05
05/04/2012,44900,562870000,13.1(6.50 %),44900,562870000,0,0,125800869,7.07
06/04/2012,14000,190800000,12.9(-1.53 %),14000,190800000,0,0,125786869,7.07
09/04/2012,41700,562130000,13.6(5.43 %),44900,605170000,3200,43040000,125745169,7.08
10/04/2012,41000,553800000,13(-4.41 %),45000,607000000,4000,53200000,125704169,7.1
11/04/2012,43800,600120000,13.9(6.92 %),45000,616500000,1200,16380000,125660369,7.11
12/04/2012,-35000,-508380000,14(0.72 %),10000,145000000,45000,653380000,125695369,7.1
13/04/2012,44900,627120000,13.9(-0.71 %),44900,627120000,0,0,125650469,7.12
16/04/2012,43300,615390000,14.6(5.80 %),46800,666840000,3500,51450000,125607169,7.13
17/04/2012,508000,7369720000,14(-4.11 %),509000,7384320000,1000,14600000,125099169,7.3
18/04/2012,45800,640200000,13.6(-3.55 %),45800,640200000,0,0,125053369,7.32
19/04/2012,150800,1946510000,12.8(-6.57 %),150800,1946510000,0,0,124902569,20.72
20/04/2012,54400,724560000,13.3(3.10 %),54400,724560000,0,0,124848169,20.74
23/04/2012,24600,327540000,13.1(-1.50 %),58700,772840000,34100,445300000,124823569,20.74
24/04/2012,45200,595440000,13.4(1.52 %),45200,595440000,0,0,124778369,20.75
25/04/2012,47500,643960000,13.3(0.00 %),47500,643960000,0,0,124730869,20.76
26/04/2012,184900,2468060000,13.2(-1.49 %),184900,2468060000,0,0,124545969,20.8
27/04/2012,49000,664890000,13.7(4.58 %),49900,677310000,900,12420000,124496969,20.81
02/05/2012,48600,673150000,13.4(-2.19 %),51900,719020000,3300,45870000,194016587,5.08
03/05/2012,42900,573370000,13.4(0.00 %),45900,613570000,3000,40200000,193973687,5.09
04/05/2012,49900,675660000,13.5(0.75 %),49900,675660000,0,0,193923787,5.1
07/05/2012,-164200,-2042350000,13.3(-1.48 %),56400,737390000,220600,2779740000,194087987,5.06
08/05/2012,44900,600060000,13.1(-1.50 %),44900,600060000,0,0,194043087,5.07
09/05/2012,64000,873820000,13.7(4.58 %),71000,968920000,7000,95100000,193979087,5.08
10/05/2012,59000,829610000,13.8(0.73 %),59000,829610000,0,0,193920087,5.1
11/05/2012,57100,777100000,13.5(-2.17 %),59700,812200000,2600,35100000,193862987,5.11
14/05/2012,-153100,-1922400000,12.7(-5.22 %),46900,620080000,200000,2542480000,194016087,5.08
15/05/2012,-291400,-3468330000,12(-4.76 %),108600,1333950000,400000,4802280000,194307487,5.01
16/05/2012,50000,606600000,12.4(3.33 %),50000,606600000,0,0,194257487,5.02
17/05/2012,-500000,-6011230000,11.7(-5.65 %),10000,117000000,510000,6128230000,194757487,4.91
18/05/2012,-1086000,-12000140000,10.9(-6.84 %),6000,67200000,1092000,12067340000,195843487,4.66
21/05/2012,-45100,-514430000,11.6(6.42 %),0,0,45100,514430000,195888587,4.65
22/05/2012,700,8120000,11.5(-0.86 %),700,8120000,0,0,195887887,4.65
23/05/2012,-182800,-2050800000,11(-5.17 %),43100,476440000,225900,2527240000,196070687,4.61
24/05/2012,1800,19440000,11.3(2.73 %),1800,19440000,0,0,196068887,4.61
25/05/2012,9200,106720000,11.8(6.31 %),9200,106720000,0,0,196059687,4.61
28/05/2012,-1000,-12300000,11.9(0.85 %),0,0,1000,12300000,196060687,4.61
29/05/2012,20000,241000000,11.9(-0.83 %),20000,241000000,0,0,196040687,4.62
30/05/2012,3000,36470000,12(0.84 %),5000,60580000,2000,24110000,196037687,4.62
31/05/2012,-6000,-69800000,11.5(-4.17 %),0,0,6000,69800000,196043687,4.62
01/06/2012,2100,24140000,11.7(1.74 %),2100,24140000,0,0,196037787,4.62
04/06/2012,-65000,-734090000,11.1(-5.13 %),400,4600000,65400,738690000,196102787,4.6
05/06/2012,500,5550000,11.3(1.80 %),500,5550000,0,0,196102287,4.6
06/06/2012,-12100,-138600000,11.5(0.88 %),0,0,12100,138600000,196114387,4.6
07/06/2012,0,0,12.2(6.09 %),0,0,0,0,196114387,4.6
08/06/2012,-2500,-31100000,12(-1.64 %),500,6100000,3000,37200000,196116887,4.6
11/06/2012,1410700,17979480000,12.8(6.67 %),1413700,18017880000,3000,38400000,194706187,4.92
12/06/2012,654200,8421100000,12.7(-0.78 %),654200,8421100000,0,0,194051987,5.07
13/06/2012,1458200,18657690000,12.9(1.57 %),1458200,18657690000,0,0,192593787,5.4
14/06/2012,1286100,16600700000,12.8(-0.78 %),1286100,16600700000,0,0,191307687,5.69
15/06/2012,2531800,32963150000,12.9(0.00 %),2887700,37608550000,355900,4645400000,188775887,6.26
18/06/2012,2000,25200000,12.7(-3.05 %),2000,25200000,0,0,188773887,6.26
19/06/2012,0,0,12.4(-2.36 %),506362,6025707800,506362,6025707800,188773887,6.26
20/06/2012,-1000,-12300000,12.3(0.00 %),500,6150000,1500,18450000,188774887,6.26
21/06/2012,200,2470000,12.1(-1.63 %),200,2470000,0,0,188774687,6.26
22/06/2012,7100,86460000,12.1(0.00 %),8200,99880000,1100,13420000,188767587,6.26
25/06/2012,0,0,11.5(-4.17 %),0,0,0,0,188767587,6.26
26/06/2012,-15100,-169620000,11.3(-1.74 %),0,0,15100,169620000,188782687,6.26
27/06/2012,-200,-2280000,11.2(-0.88 %),0,0,200,2280000,188782887,6.26
28/06/2012,1400,15820000,11.7(4.46 %),1400,15820000,0,0,188781487,6.26
29/06/2012,5000,57900000,11.4(-1.72 %),5000,57900000,0,0,188776487,6.26
02/07/2012,4000,45000000,11.1(-3.48 %),4000,45000000,0,0,188780289,6.26
03/07/2012,3300,35870000,10.7(-2.73 %),3300,35870000,0,0,188776989,6.26
04/07/2012,6900,72610000,10.4(-2.80 %),6900,72610000,0,0,188770089,6.26
05/07/2012,0,0,11.1(5.71 %),0,0,0,0,188770089,6.26
06/07/2012,-15900,-173290000,10.9(-1.80 %),100,1110000,16000,174400000,188785989,6.26
09/07/2012,0,0,10.5(-4.55 %),0,0,0,0,188785989,6.26
10/07/2012,-600,-6240000,10.4(-0.95 %),0,0,600,6240000,188786589,6.26
11/07/2012,0,0,10.5(0.96 %),0,0,0,0,188786589,6.26
12/07/2012,-100,-1050000,10.9(3.81 %),0,0,100,1050000,188786689,6.26
13/07/2012,3000,33800000,11(0.92 %),4000,45000000,1000,11200000,188783689,6.26
16/07/2012,300,3350000,10.7(-3.60 %),300,3350000,0,0,188783389,6.26
17/07/2012,0,0,11.4(5.56 %),0,0,0,0,188783389,6.26
18/07/2012,900,10140000,11.2(-0.88 %),900,10140000,0,0,188782489,6.26
19/07/2012,-51600,-586280000,11.9(6.25 %),22600,253180000,74200,839460000,188834089,6.25
20/07/2012,-300,-3540000,11.5(-3.36 %),0,0,300,3540000,188834389,6.25
23/07/2012,-1000,-11400000,11.3(-1.74 %),0,0,1000,11400000,188835389,6.25
24/07/2012,1100,12430000,10.8(-4.42 %),2200,24330000,1100,11900000,188834289,6.25
25/07/2012,24200,258490000,10.9(0.93 %),24900,266050000,700,7560000,188810089,6.25
26/07/2012,-500,-5470000,11(1.85 %),300,3330000,800,8800000,188810589,6.25
27/07/2012,16800,182060000,10.4(-5.45 %),16800,182060000,0,0,188793789,6.26
30/07/2012,18500,192240000,10.5(0.00 %),19700,204720000,1200,12480000,188775289,6.26
31/07/2012,-6900,-75830000,10.3(-1.90 %),13000,134400000,19900,210230000,188782189,6.26
01/08/2012,-49200,-504700000,10.2(-0.97 %),18600,191160000,67800,695860000,188742689,6.27
02/08/2012,0,-20000,10.4(1.96 %),100,1050000,100,1070000,188742689,6.27
03/08/2012,26700,280360000,10.4(0.00 %),27400,287570000,700,7210000,188715989,6.28
06/08/2012,19500,208260000,10.8(3.85 %),20200,215750000,700,7490000,188696489,6.28
07/08/2012,15800,168180000,10.5(-2.78 %),16500,175670000,700,7490000,188680689,6.28
08/08/2012,14300,150790000,10.7(1.90 %),22400,236650000,8100,85860000,188666389,6.29
09/08/2012,-52100,-561730000,10.7(0.00 %),16700,181220000,68800,742950000,188718489,6.28
10/08/2012,-67100,-711080000,10.6(-0.93 %),400,4270000,67500,715350000,188785589,6.26
13/08/2012,200,2120000,10.3(-2.83 %),400,4200000,200,2080000,188785389,6.26
14/08/2012,-100,-1010000,10.6(1.92 %),200,2110000,300,3120000,188785489,6.26
15/08/2012,-64000,-667830000,10.5(0.00 %),4200,44520000,68200,712350000,188849489,6.25
16/08/2012,-53100,-553040000,10.3(-0.96 %),14500,150800000,67600,703840000,188902589,6.23
17/08/2012,3900,39900000,10.7(3.88 %),6000,61800000,2100,21900000,188898689,6.23
20/08/2012,-300,-3200000,10.7(0.00 %),0,0,300,3200000,188898989,6.23
21/08/2012,15500,155000000,10(-6.54 %),15500,155000000,0,0,188883489,6.24
22/08/2012,-95700,-912020000,9.3(-7.00 %),39300,365720000,135000,1277740000,188979189,6.22
23/08/2012,97300,859810000,8.7(-6.45 %),97400,860680000,100,870000,188881889,6.24
24/08/2012,15000,133650000,9(3.45 %),23000,204150000,8000,70500000,188866889,6.24
27/08/2012,-136400,-1165070000,8.5(-6.59 %),2900,25660000,139300,1190730000,189003289,6.21
28/08/2012,-134300,-1109200000,8.4(-1.18 %),0,0,134300,1109200000,189137589,6.18
29/08/2012,0,0,8.9(5.95 %),0,0,0,0,189137589,6.18
30/08/2012,0,0,8.7(-2.25 %),0,0,0,0,189137589,6.18
31/08/2012,-177600,-1510610000,8.4(-3.45 %),0,0,177600,1510610000,189315189,6.14
04/09/2012,0,0,8.4(-1.18 %),0,0,0,0,189226489,6.16
05/09/2012,67600,562440000,8.2(-2.38 %),67600,562440000,0,0,189158889,6.18
06/09/2012,67600,554820000,8.1(-1.22 %),67600,554820000,0,0,189091289,6.19
07/09/2012,67600,556460000,8.3(2.47 %),67600,556460000,0,0,189023689,6.21
10/09/2012,57600,452280000,7.8(-6.02 %),67600,532280000,10000,80000000,188966089,6.22
11/09/2012,86500,659950000,7.5(-3.85 %),86500,659950000,0,0,188879589,6.24
12/09/2012,92600,715970000,7.6(0.00 %),92600,715970000,0,0,188786989,6.26
13/09/2012,64600,492210000,7.9(3.95 %),67600,514710000,3000,22500000,188722389,6.27
14/09/2012,266600,2172390000,8.2(5.13 %),266900,2174850000,300,2460000,188455789,6.34
17/09/2012,536500,4438000000,8.3(1.22 %),536500,4438000000,0,0,187919289,6.46
18/09/2012,211100,1719730000,7.9(-4.82 %),211100,1719730000,0,0,187708189,6.5
19/09/2012,334400,2680890000,8.1(3.85 %),334400,2680890000,0,0,187373789,6.58
20/09/2012,412500,3340140000,8.2(0.00 %),412500,3340140000,0,0,186961289,6.67
21/09/2012,525400,4412460000,8.4(2.44 %),805700,6753740000,280300,2341280000,186435889,6.79
24/09/2012,-45700,-371890000,8.1(-3.57 %),1500,12300000,47200,384190000,186481589,6.78
25/09/2012,-76200,-609670000,8(0.00 %),0,0,76200,609670000,186557789,6.76
26/09/2012,-73900,-594200000,8(0.00 %),100,800000,74000,595000000,186631689,6.75
27/09/2012,-293000,-2281450000,8(0.00 %),3000,23100000,296000,2304550000,186924689,6.68
28/09/2012,-148000,-1121900000,7.6(-2.56 %),0,0,148000,1121900000,187072689,6.65
01/10/2012,0,0,7.1(-5.33 %),0,0,0,0,186732289,6.73
02/10/2012,-6300,-42700000,7.1(0.00 %),14000,99400000,20300,142100000,186738589,6.72
03/10/2012,0,0,7.2(2.86 %),0,0,0,0,186738589,6.72
04/10/2012,-500,-3550000,7.1(-1.39 %),0,0,500,3550000,186739089,6.72
05/10/2012,10000,71000000,7.2(1.41 %),10000,71000000,0,0,186729089,6.73
08/10/2012,40000,296000000,7.6(5.56 %),40000,296000000,0,0,186689089,6.73
09/10/2012,-74000,-564700000,7.6(0.00 %),0,0,74000,564700000,186763089,6.72
10/10/2012,0,0,7.7(1.32 %),0,0,0,0,186763089,6.72
11/10/2012,41000,328000000,7.8(1.30 %),41000,328000000,0,0,186722089,6.73
12/10/2012,6000,46800000,7.7(-1.28 %),6000,46800000,0,0,186716089,6.73
15/10/2012,-21800,-167860000,7.4(-3.90 %),0,0,21800,167860000,186737889,6.72
16/10/2012,-128300,-973080000,8(6.67 %),0,0,128300,973080000,186866189,6.69
17/10/2012,0,0,7.7(-2.53 %),0,0,0,0,186866189,6.69
18/10/2012,96700,745790000,7.7(0.00 %),99923,769407100,3223,23617100,186769489,6.72
19/10/2012,73900,556940000,7.3(-5.19 %),73900,556940000,0,0,186695589,6.73
22/10/2012,73900,536740000,7.4(0.00 %),73900,536740000,0,0,186621689,6.75
23/10/2012,66900,490660000,7.4(1.37 %),73900,539860000,7000,49200000,186554789,6.77
24/10/2012,73900,534470000,7.2(-1.37 %),73900,534470000,0,0,186480889,6.78
25/10/2012,0,0,7(-2.78 %),0,0,0,0,186480889,6.78
26/10/2012,0,0,7.1(1.43 %),0,0,0,0,186480889,6.78
29/10/2012,0,0,7.1(0.00 %),0,0,0,0,186480889,6.78
30/10/2012,-500,-3450000,6.9(-1.43 %),0,0,500,3450000,186481389,6.78
31/10/2012,0,0,6.9(0.00 %),0,0,0,0,186481389,6.78
01/11/2012,0,0,6.8(0.00 %),0,0,0,0,186998889,6.66
02/11/2012,0,0,6.3(-5.97 %),0,0,0,0,186998889,6.66
05/11/2012,0,0,6(-4.76 %),0,0,0,0,186998889,6.66
06/11/2012,1000,5900000,5.9(-1.67 %),1000,5900000,0,0,186997889,6.67
07/11/2012,0,0,6.1(3.39 %),0,0,0,0,186997889,6.67
08/11/2012,0,0,5.9(-3.28 %),0,0,0,0,186997889,6.67
09/11/2012,7000,41300000,6(1.69 %),7000,41300000,0,0,186990889,6.67
12/11/2012,0,0,6.4(6.67 %),0,0,0,0,186990889,6.67
13/11/2012,0,0,6.8(6.25 %),0,0,0,0,186990889,6.67
14/11/2012,-60000,-408000000,6.6(-2.94 %),0,0,60000,408000000,187050889,6.65
15/11/2012,0,0,6.4(-3.03 %),0,0,0,0,187050889,6.65
16/11/2012,1000,6080000,6.4(0.00 %),2100,13120000,1100,7040000,187049889,6.65
19/11/2012,0,0,6.2(-3.12 %),0,0,0,0,187049889,6.65
20/11/2012,0,0,6.4(3.23 %),0,0,0,0,187049889,6.65
21/11/2012,0,0,6.2(-3.12 %),0,0,0,0,187049889,6.65
22/11/2012,-11000,-68300000,6.3(0.00 %),0,0,11000,68300000,187060889,6.65
23/11/2012,0,0,6.2(-1.59 %),0,0,0,0,187060889,6.65
26/11/2012,17000,107100000,6(-3.23 %),17000,107100000,0,0,187043889,6.65
27/11/2012,0,0,6.1(0.00 %),0,0,0,0,187043889,6.65
28/11/2012,5000,30500000,6.1(1.67 %),5000,30500000,0,0,187038889,6.66
29/11/2012,0,0,6.1(0.00 %),0,0,0,0,187038889,6.66
30/11/2012,0,0,6.1(0.00 %),0,0,0,0,187038889,6.66
03/12/2012,0,0,6.1(1.67 %),0,0,0,0,187042089,6.66
04/12/2012,37700,235850000,6.3(5.00 %),37700,235850000,0,0,187004389,6.66
05/12/2012,236200,1549540000,6.7(6.35 %),236200,1549540000,0,0,186768189,6.72
06/12/2012,-5500,-36750000,6.6(-1.49 %),0,0,5500,36750000,186773689,6.72
07/12/2012,-184500,-1225700000,6.5(-1.52 %),0,0,184500,1225700000,186958189,6.67
10/12/2012,20000,136000000,6.9(6.15 %),20000,136000000,0,0,186938189,6.68
11/12/2012,102600,726960000,7.1(2.90 %),102600,726960000,0,0,186835589,6.7
12/12/2012,73500,542250000,7.5(5.63 %),73500,542250000,0,0,186762089,6.72
13/12/2012,73600,545150000,7.3(-2.67 %),73600,545150000,0,0,186688489,6.74
14/12/2012,73500,536400000,7.2(-1.37 %),73500,536400000,0,0,186614989,6.75
17/12/2012,-270400,-1939190000,7.3(1.39 %),6100,44520000,276500,1983710000,186885389,6.69
18/12/2012,-285800,-2024410000,7(-4.11 %),0,0,285800,2024410000,187171189,6.63
19/12/2012,-298300,-2180260000,7.4(5.71 %),0,0,298300,2180260000,187469489,6.56
20/12/2012,-345800,-2565330000,7.1(-4.05 %),0,0,345800,2565330000,187815289,6.48
21/12/2012,-310000,-2190700000,7.1(-1.39 %),21000,148100000,331000,2338800000,188125289,6.41
24/12/2012,22400,166280000,7.5(5.63 %),22400,166280000,0,0,188102889,6.41
25/12/2012,26300,203610000,7.7(2.67 %),32300,249810000,6000,46200000,188076589,6.42
26/12/2012,42000,335620000,8.2(6.49 %),42000,335620000,0,0,188034589,6.43
27/12/2012,72800,605740000,8.2(0.00 %),72800,605740000,0,0,187961789,6.45
28/12/2012,74300,610130000,8.5(3.66 %),74300,610130000,0,0,187887489,6.46
02/01/2013,66800,597300000,9(5.88 %),67800,606200000,1000,8900000,187819689,6.48
03/01/2013,87300,765230000,8.6(-4.44 %),87300,765230000,0,0,187732389,6.5
04/01/2013,140500,1240640000,9.2(5.75 %),140500,1240640000,0,0,187591889,6.53
07/01/2013,395000,3576090000,8.8(-4.35 %),395000,3576090000,0,0,187196889,6.62
08/01/2013,635800,5740970000,9.1(2.25 %),636800,5749770000,1000,8800000,186561089,6.76
09/01/2013,317000,2902650000,8.5(-6.59 %),321500,2944500000,4500,41850000,186244089,6.84
10/01/2013,224600,1959240000,9(4.65 %),225600,1968140000,1000,8900000,186019489,6.89
11/01/2013,544200,5040110000,9.2(2.22 %),544200,5040110000,0,0,185475289,7.01
14/01/2013,226300,2079890000,9.2(0.00 %),226300,2079890000,0,0,185248989,7.06
15/01/2013,139800,1336820000,9.9(7.61 %),140600,1344340000,800,7520000,185109189,7.09
16/01/2013,144700,1447740000,10(1.01 %),144700,1447740000,0,0,184964489,7.13
17/01/2013,133000,1442300000,11(10.00 %),136000,1472000000,3000,29700000,184831489,7.16
18/01/2013,135300,1435780000,10.5(-3.67 %),136300,1446580000,1000,10800000,184696189,7.19
21/01/2013,-65700,-651860000,10.2(-2.86 %),2300,22860000,68000,674720000,184761889,7.17
22/01/2013,139900,1379060000,9.7(-3.96 %),140200,1382000000,300,2940000,184621989,7.2
23/01/2013,114000,1103200000,9.6(0.00 %),136000,1312200000,22000,209000000,184507989,7.23
24/01/2013,132000,1308280000,10.3(8.42 %),136000,1347880000,4000,39600000,184375989,7.26
25/01/2013,125500,1313990000,10.4(1.96 %),136100,1424150000,10600,110160000,184250489,7.29
28/01/2013,313400,3447760000,10.9(3.81 %),313700,3451030000,300,3270000,183937089,7.36
29/01/2013,324000,3608250000,11.5(5.50 %),332000,3697450000,8000,89200000,183613089,7.43
30/01/2013,681000,8247110000,11.9(2.59 %),681300,8250650000,300,3540000,182932089,7.59
31/01/2013,66500,839860000,11.4(-4.20 %),223500,2643280000,157000,1803420000,182865589,7.6
01/02/2013,136000,1553500000,11.7(1.74 %),136000,1553500000,0,0,182525289,7.68
04/02/2013,136000,1644700000,12.1(3.42 %),136000,1644700000,0,0,182389289,7.71
05/02/2013,293300,3638110000,12.4(2.48 %),313900,3897220000,20600,259110000,182095989,7.77
06/02/2013,395600,5179910000,13.5(8.87 %),410600,5379410000,15000,199500000,181700389,7.86
07/02/2013,87500,1173720000,13.4(-0.74 %),146000,1963620000,58500,789900000,181612889,7.88
08/02/2013,754300,10654320000,14.1(5.22 %),756300,10682220000,2000,27900000,180858589,8.05
18/02/2013,81400,1155160000,13.9(-1.42 %),82400,1169160000,1000,14000000,180777189,8.07
19/02/2013,131900,1808750000,13.4(-3.60 %),136000,1864100000,4100,55350000,180645289,8.1
20/02/2013,149000,2033300000,13.9(2.96 %),150000,2047100000,1000,13800000,180496289,8.14
21/02/2013,130200,1738250000,12.6(-9.35 %),136400,1825050000,6200,86800000,180366089,8.17
22/02/2013,273900,3310250000,12.4(-1.59 %),274200,3314120000,300,3870000,180092189,8.23
25/02/2013,165900,2089510000,12.6(2.44 %),165900,2089510000,0,0,179926289,8.27
26/02/2013,135900,1738100000,12.3(-3.15 %),136000,1739400000,100,1300000,179790389,8.3
27/02/2013,-20100,-236560000,12.7(2.42 %),190300,2366910000,210400,2603470000,179810489,8.29
28/02/2013,154200,2005520000,12.8(0.79 %),154200,2005520000,0,0,179656289,8.33
01/03/2013,191800,2453990000,12.7(-0.78 %),191800,2453990000,0,0,179419289,8.38
04/03/2013,163500,1975350000,11.5(-9.45 %),163500,1975350000,0,0,179255789,8.42
05/03/2013,-102800,-1095840000,10.4(-9.57 %),146300,1572040000,249100,2667880000,179358589,8.39
06/03/2013,37400,393370000,11.2(7.69 %),140500,1508710000,103100,1115340000,179321189,8.4
07/03/2013,30600,353640000,10.7(-3.60 %),146600,1604060000,116000,1250420000,179290589,8.41
08/03/2013,68100,741880000,11(2.80 %),137400,1499460000,69300,757580000,179222489,8.43
11/03/2013,88000,1051360000,12.1(10.00 %),301400,3630130000,213400,2578770000,179134489,8.45
12/03/2013,757500,9691820000,12.8(5.79 %),776100,9929110000,18600,237290000,178376989,8.62
13/03/2013,925500,11707810000,12.5(-3.10 %),1145400,14471890000,219900,2764080000,177451489,8.83
14/03/2013,148600,1862360000,12.5(-0.79 %),325500,4066440000,176900,2204080000,177302889,8.86
15/03/2013,1580300,20376650000,12.8(2.40 %),1906100,24531010000,325800,4154360000,175722589,9.22
18/03/2013,59900,755640000,12.4(-3.88 %),59900,755640000,0,0,175662689,9.23
19/03/2013,151600,1855380000,12.4(0.00 %),152600,1868980000,1000,13600000,175511089,9.27
20/03/2013,152700,1908490000,12.4(0.81 %),152700,1908490000,0,0,175358389,9.3
21/03/2013,147600,1825240000,12.3(-0.81 %),152600,1887740000,5000,62500000,175210789,9.33
22/03/2013,152600,1860720000,11.9(-3.25 %),152600,1860720000,0,0,175058189,9.37
25/03/2013,162200,1924960000,11.9(0.00 %),162200,1924960000,0,0,174895989,9.4
26/03/2013,152700,1819370000,11.7(-1.68 %),152700,1819370000,0,0,174743289,9.44
27/03/2013,138300,1604270000,11.5(-1.71 %),158600,1841280000,20300,237010000,174604989,9.47
28/03/2013,142600,1628640000,11.1(-4.31 %),152600,1744640000,10000,116000000,174462389,9.5
29/03/2013,1000,10800000,11(-2.65 %),1000,10800000,0,0,174461389,9.5
01/04/2013,162600,1859000000,12(8.11 %),163600,1871000000,1000,12000000,174477989,9.5
02/04/2013,141000,1691070000,11.7(-2.50 %),154500,1854620000,13500,163550000,174336989,9.53
03/04/2013,155700,1842880000,11.8(0.85 %),155700,1842880000,0,0,174181289,9.57
04/04/2013,152700,1791350000,11.6(-1.69 %),152700,1791350000,0,0,174028589,9.6
05/04/2013,152200,1764800000,11.8(2.61 %),152200,1764800000,0,0,173876389,9.64
08/04/2013,124400,1458220000,11.8(0.00 %),152200,1786240000,27800,328020000,173751989,9.66
09/04/2013,-15400,-175640000,11.6(-0.85 %),0,0,15400,175640000,173767389,9.66
10/04/2013,-21800,-252620000,11.3(-2.59 %),100,1160000,21900,253780000,173789189,9.66
11/04/2013,-398600,-4487540000,11.3(0.00 %),0,0,398600,4487540000,174187789,9.57
12/04/2013,-170200,-1926340000,11.2(0.00 %),2000,22400000,172200,1948740000,174357989,9.53
15/04/2013,-36500,-395000000,10.7(-4.46 %),7500,80200000,44000,475200000,174394489,9.52
16/04/2013,-23100,-238960000,10.5(-0.94 %),2000,20800000,25100,259760000,174417589,9.51
17/04/2013,1200,12720000,10.3(-1.90 %),1200,12720000,0,0,174416389,9.51
18/04/2013,-23000,-230050000,10(-1.96 %),0,0,23000,230050000,174439389,9.51
22/04/2013,-304400,-2862420000,9.2(-7.07 %),0,0,304400,2862420000,174743789,9.44
23/04/2013,-5400,-51840000,9.5(3.26 %),1000,9600000,6400,61440000,174749189,9.44
24/04/2013,-228300,-2150490000,9.5(0.00 %),0,0,228300,2150490000,174977489,9.39
25/04/2013,-10000,-98320000,10(7.53 %),0,0,10000,98320000,174987489,9.38
26/04/2013,-7800,-75660000,9.6(-3.03 %),0,0,7800,75660000,174995289,9.38
02/05/2013,-56000,-526400000,9.6(0.00 %),0,0,56000,526400000,174780489,9.43
03/05/2013,-214000,-2020170000,9.9(4.21 %),46000,442100000,260000,2462270000,174994489,9.38
06/05/2013,0,0,10.6(9.28 %),0,0,0,0,174994489,9.38
07/05/2013,-1900,-20330000,10.6(0.00 %),0,0,1900,20330000,174996389,9.38
08/05/2013,0,0,10.4(-1.89 %),0,0,0,0,174996389,9.38
09/05/2013,0,-110000,10.8(4.85 %),1100,11770000,1100,11880000,174996389,9.38
10/05/2013,0,0,10.8(0.93 %),0,0,0,0,174996389,9.38
13/05/2013,20500,225500000,11.1(3.74 %),20500,225500000,0,0,174975889,9.39
14/05/2013,151300,1625360000,10.8(-1.82 %),151300,1625360000,0,0,174824589,9.42
15/05/2013,5500,59950000,11.3(4.63 %),6500,70850000,1000,10900000,174819089,9.42
16/05/2013,135500,1555950000,11.4(1.79 %),135500,1555950000,0,0,174683589,9.45
17/05/2013,-1000,-11300000,11.2(-1.75 %),0,0,1000,11300000,174684589,9.45
20/05/2013,0,0,11.9(6.25 %),0,0,0,0,174684589,9.45
21/05/2013,-71000,-896120000,12.4(4.20 %),0,0,71000,896120000,174755589,9.44
22/05/2013,0,0,12.4(0.81 %),0,0,0,0,174755589,9.44
23/05/2013,-402500,-4958920000,12.1(-2.42 %),0,0,402500,4958920000,175158089,9.35
24/05/2013,-230100,-2791720000,12.2(1.67 %),0,0,230100,2791720000,175388189,9.29
27/05/2013,-13000,-162600000,12.6(3.28 %),0,0,13000,162600000,175401189,9.29
28/05/2013,-480100,-5930300000,12.5(0.00 %),0,0,480100,5930300000,175881289,9.18
29/05/2013,1000,12600000,12.1(-2.42 %),1000,12600000,0,0,175880289,9.18
30/05/2013,-99000,-1197000000,12.9(6.61 %),0,0,99000,1197000000,175979289,9.16
31/05/2013,-76500,-967920000,12.6(-1.56 %),200,2580000,76700,970500000,176055789,9.14
03/06/2013,-6900,-87400000,12.5(0.00 %),0,0,6900,87400000,176182189,9.11
04/06/2013,-5532,-68608400,12.2(-1.61 %),0,0,5532,68608400,176187721,9.11
05/06/2013,0,0,12.4(1.64 %),0,0,0,0,176187721,9.11
06/06/2013,0,0,12.5(1.63 %),0,0,0,0,176187721,9.11
07/06/2013,7000,88200000,12.5(0.00 %),7000,88200000,0,0,176180721,9.11
10/06/2013,-121200,-1517240000,12.5(0.00 %),0,0,121200,1517240000,176301921,9.09
11/06/2013,76700,956480000,12.6(1.61 %),76700,956480000,0,0,176225221,9.1
12/06/2013,22800,291940000,12.8(2.40 %),23800,304640000,1000,12700000,176202421,9.11
13/06/2013,-45800,-579820000,12.9(0.78 %),0,0,45800,579820000,176248221,9.1
14/06/2013,500,5450000,13.2(2.33 %),8500,111850000,8000,106400000,176247721,9.1
17/06/2013,208600,2802350000,13.3(0.76 %),212600,2855350000,4000,53000000,176039121,9.15
18/06/2013,691500,9117380000,13.4(1.52 %),698900,9215060000,7400,97680000,175347621,9.3
19/06/2013,589300,7939700000,13.5(0.75 %),600400,8089550000,11100,149850000,174758321,9.44
20/06/2013,827700,10900410000,13.1(-2.96 %),847300,11157310000,19600,256900000,173930621,9.62
21/06/2013,4104000,54267380000,12.8(-3.03 %),4374600,57757810000,270600,3490430000,169826621,10.55
24/06/2013,-638100,-7715200000,12(-9.09 %),14200,171200000,652300,7886400000,170464721,10.41
25/06/2013,-459000,-5113650000,11(-9.09 %),6500,73450000,465500,5187100000,170923721,10.3
26/06/2013,-741900,-8197220000,11.3(2.73 %),2100,23540000,744000,8220760000,171665621,10.14
27/06/2013,-371600,-4204580000,11.4(0.88 %),0,0,371600,4204580000,172037221,10.05
28/06/2013,3400,39700000,11.6(1.75 %),3400,39700000,0,0,172033821,10.05
01/07/2013,-89900,-1020870000,11.4(-0.87 %),3000,33900000,92900,1054770000,171097821,10.26
02/07/2013,0,0,11.6(1.75 %),0,0,0,0,171097821,10.26
03/07/2013,0,0,11.7(0.86 %),0,0,0,0,171097821,10.26
04/07/2013,-8000,-93600000,11.6(0.00 %),0,0,8000,93600000,171105821,10.26
05/07/2013,0,0,11.6(0.00 %),0,0,0,0,171097821,10.26
08/07/2013,0,0,11.3(-2.59 %),0,0,0,0,171097821,10.26
09/07/2013,-6700,-77050000,11.5(1.77 %),0,0,6700,77050000,171104521,10.26
10/07/2013,-464000,-5258360000,11.3(-1.74 %),0,0,464000,5258360000,171568521,10.16
11/07/2013,-85900,-961850000,11.4(0.88 %),0,0,85900,961850000,171654421,10.14
12/07/2013,0,0,11.7(3.54 %),0,0,0,0,171654421,10.14
15/07/2013,-92800,-1066060000,11.5(-0.86 %),0,0,92800,1066060000,171747221,10.12
16/07/2013,-50000,-570000000,11.5(0.00 %),0,0,50000,570000000,171797221,10.11
17/07/2013,-278700,-3199000000,11.5(0.88 %),0,0,278700,3199000000,172075921,10.04
18/07/2013,-2600,-29900000,11.3(-1.74 %),0,0,2600,29900000,172078521,10.04
19/07/2013,-39700,-452580000,11.5(0.88 %),0,0,39700,452580000,172118221,10.03
22/07/2013,-100,-1130000,11.4(0.00 %),0,0,100,1130000,172118321,10.03
23/07/2013,0,0,11.4(0.00 %),0,0,0,0,172118321,10.03
24/07/2013,-35900,-399580000,11.2(-1.75 %),0,0,35900,399580000,172154221,10.03
25/07/2013,-48600,-534020000,10.9(-1.80 %),3000,32700000,51600,566720000,172202821,10.01
26/07/2013,-253300,-2745830000,10.9(0.00 %),0,0,253300,2745830000,172456121,9.96
29/07/2013,-6400,-68140000,10.5(-2.78 %),0,0,6400,68140000,172462521,9.96
30/07/2013,-3000,-31800000,10.5(0.00 %),0,0,3000,31800000,172465521,9.96
31/07/2013,-185800,-1921460000,10.4(-0.95 %),0,0,185800,1921460000,172651321,9.91
01/08/2013,-4600,-48900000,10.5(0.96 %),3000,30900000,7600,79800000,173340821,9.76
02/08/2013,22137,250026000,11.1(5.71 %),92900,1020400000,70763,770374000,173318684,9.76
05/08/2013,0,0,10.9(-1.80 %),0,0,0,0,173318684,9.76
06/08/2013,-11400,-119190000,11(0.92 %),92900,1016060000,104300,1135250000,173330084,9.76
07/08/2013,-101362,-1097107000,10.7(-2.73 %),0,0,101362,1097107000,173431446,9.74
08/08/2013,-106000,-1128660000,10.5(-1.87 %),0,0,106000,1128660000,173537446,9.71
09/08/2013,-81275,-854395000,10.6(0.95 %),0,0,81275,854395000,173618721,9.69
12/08/2013,-51500,-534150000,10.5(-0.94 %),4000,41600000,55500,575750000,173670221,9.68
13/08/2013,-35500,-377200000,10.6(0.95 %),33500,355100000,69000,732300000,173705721,9.67
14/08/2013,20000,210000000,10.7(0.94 %),20000,210000000,0,0,173685721,9.68
15/08/2013,4000,44000000,11.1(3.74 %),4000,44000000,0,0,173681721,9.68
16/08/2013,-31500,-346500000,11(-0.90 %),0,0,31500,346500000,173713221,9.67
19/08/2013,-112800,-1273880000,11.3(2.73 %),0,0,112800,1273880000,173826021,9.65
20/08/2013,-4000,-44800000,11.3(0.00 %),0,0,4000,44800000,173830021,9.65
21/08/2013,-7000,-80100000,11.5(1.77 %),0,0,7000,80100000,173837021,9.64
22/08/2013,-95800,-1098680000,11.4(-0.87 %),0,0,95800,1098680000,173932821,9.62
23/08/2013,-557600,-6135830000,10.8(-5.26 %),4000,43900000,561600,6179730000,174490421,9.5
26/08/2013,-92900,-998400000,11(1.85 %),0,0,92900,998400000,174583321,9.48
27/08/2013,-92900,-1006410000,10.7(-2.73 %),0,0,92900,1006410000,174676221,9.45
28/08/2013,-191200,-2015800000,10.5(-1.87 %),0,0,191200,2015800000,174867421,9.41
29/08/2013,-464500,-4928210000,10.5(0.00 %),0,0,464500,4928210000,175331921,9.31
30/08/2013,10000,108000000,10.8(2.86 %),10000,108000000,0,0,175321921,9.31
03/09/2013,-92900,-978950000,10.5(-2.78 %),0,0,92900,978950000,173340821,9.76
04/09/2013,-9800,-98980000,10.1(-3.81 %),0,0,9800,98980000,173350621,9.75
05/09/2013,-3500,-35010000,10.1(0.00 %),0,0,3500,35010000,173354121,9.75
06/09/2013,0,0,10.1(0.00 %),0,0,0,0,173354121,9.75
09/09/2013,0,0,9.8(-2.97 %),0,0,0,0,173354121,9.75
10/09/2013,-6800,-66620000,9.9(1.02 %),200,1980000,7000,68600000,173360921,9.75
11/09/2013,0,0,9.9(0.00 %),0,0,0,0,173360921,9.75
12/09/2013,0,0,9.7(-2.02 %),0,0,0,0,173360921,9.75
13/09/2013,93000,929190000,10.1(4.12 %),93000,929190000,0,0,173267921,9.77
16/09/2013,-127200,-1168490000,9.1(-9.90 %),0,0,127200,1168490000,173395121,9.74
17/09/2013,-54500,-446900000,8.2(-9.89 %),0,0,54500,446900000,173449621,9.73
18/09/2013,-2834500,-21389790000,7.4(-9.76 %),11000,84010000,2845500,21473800000,176284121,9.09
19/09/2013,-4924800,-35399560000,7.6(2.70 %),25300,187440000,4950100,35587000000,181208921,7.98
20/09/2013,-14742300,-110891860000,7.5(-1.32 %),86300,648360000,14828600,111540220000,195951221,4.64
23/09/2013,194800,1597940000,8.2(9.33 %),200000,1640000000,5200,42060000,195756421,4.68
24/09/2013,28200,235570000,8.2(0.00 %),28300,236390000,100,820000,195728221,4.69
25/09/2013,32600,268460000,8.5(3.66 %),52800,440080000,20200,171620000,195695621,4.7
26/09/2013,69700,597400000,8.6(1.18 %),70200,601800000,500,4400000,195625921,4.71
27/09/2013,94600,809660000,8.4(-2.33 %),97600,835160000,3000,25500000,195531321,4.73
30/09/2013,29800,253680000,8.7(3.57 %),61800,531880000,32000,278200000,195501521,4.74
01/10/2013,140200,1271540000,8.7(0.00 %),152100,1375070000,11900,103530000,173340821,9.76
02/10/2013,-39200,-356080000,9(3.45 %),2800,24920000,42000,381000000,173380021,9.75
03/10/2013,-29500,-264950000,9(0.00 %),1500,13650000,31000,278600000,173409521,9.74
04/10/2013,-26100,-232340000,8.9(-1.11 %),0,0,26100,232340000,173435621,9.74
07/10/2013,-52700,-471540000,8.8(-1.12 %),1000,9090000,53700,480630000,173488321,9.72
08/10/2013,-63000,-549440000,8.9(1.14 %),1300,11470000,64300,560910000,173551321,9.71
09/10/2013,9058,81612000,8.8(-1.12 %),10000,90000000,942,8388000,173542263,9.71
10/10/2013,-34000,-292400000,8.5(-3.41 %),0,0,34000,292400000,173576263,9.7
11/10/2013,112900,956040000,8.4(-1.18 %),161200,1371420000,48300,415380000,173463363,9.73
14/10/2013,17000,142310000,8.2(-2.38 %),30000,250210000,13000,107900000,173446363,9.73
15/10/2013,-17000,-143200000,8.5(3.66 %),0,0,17000,143200000,173463363,9.73
16/10/2013,31700,270650000,8.5(0.00 %),31700,270650000,0,0,173431663,9.74
17/10/2013,-93000,-819600000,8.6(1.18 %),10000,86800000,103000,906400000,173524663,9.72
18/10/2013,62200,543420000,9(4.65 %),62200,543420000,0,0,173462463,9.73
21/10/2013,76200,713380000,9.1(1.11 %),76200,713380000,0,0,173386263,9.75
22/10/2013,55200,502220000,9.1(0.00 %),62200,565920000,7000,63700000,173331063,9.76
23/10/2013,-137800,-1278720000,9.4(3.30 %),62200,581280000,200000,1860000000,173468863,9.73
24/10/2013,92200,883060000,9.4(0.00 %),97200,931560000,5000,48500000,173376663,9.75
25/10/2013,30200,284080000,9.3(-1.06 %),35200,330580000,5000,46500000,173346463,9.76
28/10/2013,-14400,-131980000,9.1(-2.15 %),0,0,14400,131980000,173360863,9.75
29/10/2013,-17200,-157540000,9.2(1.10 %),0,0,17200,157540000,173378063,9.75
30/10/2013,-25000,-231000000,9.1(-1.09 %),5000,45500000,30000,276500000,173403063,9.74
31/10/2013,-5000,-45500000,9.1(0.00 %),0,0,5000,45500000,173408063,9.74
01/11/2013,13100,120530000,9.4(3.30 %),17000,156800000,3900,36270000,173340821,9.76
04/11/2013,4000,38400000,9.6(2.13 %),4000,38400000,0,0,173336821,9.76
05/11/2013,0,0,9.8(2.08 %),0,0,0,0,173336821,9.76
06/11/2013,21100,205580000,9.8(0.00 %),31100,303580000,10000,98000000,173315721,9.76
07/11/2013,50000,492800000,9.7(-1.02 %),51000,502700000,1000,9900000,173265721,9.77
08/11/2013,11000,105400000,9.6(-1.03 %),14000,134500000,3000,29100000,173254721,9.78
11/11/2013,-8600,-83140000,10.1(5.21 %),0,0,8600,83140000,173263321,9.77
12/11/2013,-6000,-59300000,9.8(-2.97 %),7000,70700000,13000,130000000,173269321,9.77
13/11/2013,-93000,-899900000,9.6(-2.04 %),0,0,93000,899900000,173356321,9.75
14/11/2013,-3300,-31350000,9.7(1.04 %),0,0,3300,31350000,173359621,9.75
15/11/2013,-27023,-259423100,9.7(0.00 %),0,0,27023,259423100,173386644,9.75
18/11/2013,-8000,-78900000,9.8(1.03 %),0,0,8000,78900000,173394644,9.74
19/11/2013,-9900,-95920000,9.8(0.00 %),31100,305880000,41000,401800000,173404544,9.74
20/11/2013,-990200,-9711460000,9.9(1.02 %),62200,612060000,1052400,10323520000,174394744,9.52
21/11/2013,1098200,11063420000,10(1.01 %),1098200,11063420000,0,0,173296544,9.77
22/11/2013,-7900,-76890000,10.2(2.00 %),32100,323110000,40000,400000000,173304444,9.77
25/11/2013,0,0,10.2(0.00 %),0,0,0,0,173304444,9.77
26/11/2013,-18700,-190740000,10.2(0.00 %),0,0,18700,190740000,173323144,9.76
27/11/2013,31100,318230000,10.1(-0.98 %),31100,318230000,0,0,173292044,9.77
28/11/2013,0,0,10.1(0.00 %),0,0,0,0,173292044,9.77
29/11/2013,77900,784290000,10(-0.99 %),77900,784290000,0,0,173214144,9.79
02/12/2013,0,0,9.9(-1.00 %),0,0,0,0,173340821,9.76
03/12/2013,4200,43230000,10.1(2.02 %),4200,43230000,0,0,173336621,9.76
04/12/2013,27000,284550000,10.7(5.94 %),27000,284550000,0,0,173309621,9.76
05/12/2013,0,0,10.6(-0.93 %),0,0,0,0,173309621,9.76
06/12/2013,0,0,10.6(0.00 %),0,0,0,0,173309621,9.76
09/12/2013,62400,654940000,10.4(-1.89 %),62400,654940000,0,0,173247221,9.78
10/12/2013,6400,67540000,10.6(1.92 %),13400,141040000,7000,73500000,173240821,9.78
11/12/2013,0,0,10.4(-1.89 %),0,0,0,0,173240821,9.78
12/12/2013,31200,325060000,10.5(0.96 %),31200,325060000,0,0,173209621,9.79
13/12/2013,0,0,10.7(1.90 %),0,0,0,0,173209621,9.79
16/12/2013,0,0,10.3(-3.74 %),0,0,0,0,173209621,9.79
17/12/2013,-35700,-368710000,10.4(0.97 %),0,0,35700,368710000,173245321,9.78
18/12/2013,0,0,10.3(-0.96 %),0,0,0,0,173245321,9.78
19/12/2013,-5000,-53000000,10.5(1.94 %),0,0,5000,53000000,173250321,9.78
20/12/2013,128300,1346850000,10.5(0.00 %),130800,1373600000,2500,26750000,173122021,9.81
23/12/2013,0,0,10.6(0.95 %),0,0,0,0,173122021,9.81
24/12/2013,-22700,-238890000,10.5(-0.94 %),40000,424000000,62700,662890000,173144721,9.8
25/12/2013,0,0,10.4(-0.95 %),0,0,0,0,173144721,9.8
26/12/2013,0,0,10.4(0.00 %),0,0,0,0,173144721,9.8
27/12/2013,0,0,10.4(0.00 %),0,0,0,0,173144721,9.8
30/12/2013,0,0,10(-3.85 %),0,0,0,0,173144721,9.8
31/12/2013,-18700,-190740000,10.1(1.00 %),0,0,18700,190740000,173163421,9.8
02/01/2014,0,0,10(-0.99 %),0,0,0,0,173340821,9.76
03/01/2014,3900,37500000,10.2(2.00 %),23900,241500000,20000,204000000,173340821,9.76
06/01/2014,-12500,-127250000,10.3(0.98 %),0,0,12500,127250000,173353321,9.75
07/01/2014,0,0,10.2(-0.97 %),0,0,0,0,173353321,9.75
08/01/2014,5000,51000000,10.3(0.98 %),5000,51000000,0,0,173348321,9.76
09/01/2014,24300,257300000,10.5(1.94 %),31600,331530000,7300,74230000,173324021,9.76
10/01/2014,0,0,10.3(-1.90 %),0,0,0,0,173324021,9.76
13/01/2014,800,8320000,10.3(0.00 %),800,8320000,0,0,173323221,9.76
14/01/2014,31700,324840000,10.2(-0.97 %),31700,324840000,0,0,173291521,9.77
15/01/2014,31700,328510000,10.3(0.98 %),31700,328510000,0,0,173259821,9.78
16/01/2014,-16600,-160480000,10.4(0.97 %),63400,655520000,80000,816000000,173276421,9.77
17/01/2014,172500,1793000000,10.3(-0.96 %),172800,1796120000,300,3120000,173103921,9.81
20/01/2014,285200,2954370000,10.3(0.00 %),285200,2954370000,0,0,172818721,9.88
21/01/2014,635200,6795050000,10.9(5.83 %),635200,6795050000,0,0,172183521,10.02
22/01/2014,260200,2915020000,11.1(1.83 %),337600,3777900000,77400,862880000,171923321,10.08
23/01/2014,70900,794420000,11.2(0.90 %),70900,794420000,0,0,171852421,10.09
24/01/2014,64500,715730000,11(-1.79 %),145700,1608930000,81200,893200000,171787921,10.11
27/01/2014,2300,28470000,11.1(0.91 %),63400,699050000,61100,670580000,171785621,10.11
06/02/2014,209500,2359440000,11.3(1.80 %),232100,2611900000,22600,252460000,173340821,9.76
07/02/2014,63200,709160000,11(-2.65 %),63200,709160000,0,0,173277621,9.77
10/02/2014,63200,701610000,11.2(1.82 %),63200,701610000,0,0,173214421,9.79
11/02/2014,64150,763335000,11.6(3.57 %),65850,783015000,1700,19680000,173150271,9.8
12/02/2014,262700,3316600000,12.7(9.48 %),267100,3370480000,4400,53880000,172887571,9.86
13/02/2014,403200,5229270000,13(2.36 %),403200,5229270000,0,0,172484371,9.95
14/02/2014,63300,844930000,13.8(6.15 %),63300,844930000,0,0,172421071,9.97
17/02/2014,433500,6014900000,13.8(0.00 %),433500,6014900000,0,0,171987571,10.06
18/02/2014,434800,5984300000,13.9(0.72 %),484800,6671380000,50000,687080000,171552771,10.16
19/02/2014,161200,2378700000,15(7.91 %),163200,2407100000,2000,28400000,171391571,10.2
20/02/2014,-6700,-110240000,13.7(-8.67 %),63200,904500000,69900,1014740000,171398271,10.2
21/02/2014,58100,803940000,14.2(3.65 %),75100,1042050000,17000,238110000,171340171,10.21
24/02/2014,77700,1149070000,15.3(7.75 %),81400,1204060000,3700,54990000,171262471,10.23
25/02/2014,-45450,-653014000,15.8(3.27 %),119550,1852826000,165000,2505840000,171307921,10.22
26/02/2014,63220,992512000,16.3(3.16 %),63220,992512000,0,0,171244701,10.23
27/02/2014,42800,695320000,15.2(-6.75 %),77800,1255970000,35000,560650000,171265121,10.23
28/02/2014,-200350,-3103312000,15.4(1.32 %),83200,1263340000,283550,4366652000,171465471,10.18
03/03/2014,74280,1119190000,14.3(-7.14 %),76200,1146640000,1920,27450000,173340821,9.76
04/03/2014,-687000,-9938130000,14.8(3.50 %),81200,1176280000,768200,11114410000,174027821,9.6
05/03/2014,-172700,-2569670000,14.9(0.68 %),64000,957817600,236700,3527487600,174200521,9.56
06/03/2014,56300,845460000,15.1(1.34 %),63200,948360000,6900,102900000,174144221,9.58
07/03/2014,-111400,-1684070000,15.1(0.00 %),63200,955774000,174600,2639844000,174255621,9.55
10/03/2014,74700,1128970000,15.2(0.66 %),88200,1335320000,13500,206350000,174180921,9.57
11/03/2014,42900,674350000,15.7(3.29 %),63200,991160000,20300,316810000,174138021,9.58
12/03/2014,28400,451140000,15.3(-2.55 %),65000,1012120000,36600,560980000,174109621,9.58
13/03/2014,58800,904660000,15.6(1.96 %),64200,988160000,5400,83500000,174050821,9.6
14/03/2014,33200,514520000,15.3(-1.92 %),63200,982600000,30000,468080000,174017621,9.6
17/03/2014,901200,15062220000,16.8(9.80 %),902200,15079020000,1000,16800000,173116421,9.81
18/03/2014,-102800,-1789880000,17.1(1.79 %),63200,1094820000,166000,2884700000,173219221,9.78
19/03/2014,486600,8300690000,17.2(0.58 %),486600,8300690000,0,0,172732621,9.89
20/03/2014,-114700,-1922430000,16.8(-2.33 %),65200,1101240000,179900,3023670000,172847321,9.87
21/03/2014,9419300,162058700000,17.2(2.38 %),10249300,176276200000,830000,14217500000,163428021,12.0
24/03/2014,-788600,-13711800000,17.4(1.16 %),61400,1066300000,850000,14778100000,164216621,11.82
25/03/2014,-674100,-11507940000,16.6(-4.60 %),53200,913280000,727300,12421220000,164890721,11.67
26/03/2014,253800,4098860000,16.5(-0.60 %),689200,11351930000,435400,7253070000,164636921,11.73
27/03/2014,270700,4391780000,16.5(0.00 %),550000,8976380000,279300,4584600000,164366221,11.79
28/03/2014,-106400,-1772540000,16.5(0.00 %),0,0,106400,1772540000,164472621,11.76
31/03/2014,2000,32700000,16.3(-1.21 %),2000,32700000,0,0,164470621,11.77
01/04/2014,21000,333700000,15.2(-6.75 %),21000,333700000,0,0,173340821,9.76
02/04/2014,-150000,-2265000000,15(-1.32 %),0,0,150000,2265000000,173490821,9.72
03/04/2014,218200,3362250000,15.5(3.33 %),225200,3467250000,7000,105000000,173272621,9.77
04/04/2014,176000,2736300000,15.5(0.00 %),180600,2807600000,4600,71300000,173096621,9.81
07/04/2014,205600,3188420000,15.8(1.94 %),205600,3188420000,0,0,172891021,9.86
08/04/2014,70800,1122330000,15.9(0.63 %),105600,1676600000,34800,554270000,172820221,9.87
10/04/2014,82600,1335780000,16(0.63 %),105400,1705980000,22800,370200000,172737621,9.89
11/04/2014,105400,1673440000,15.8(-1.25 %),105400,1673440000,0,0,172632221,9.92
14/04/2014,219900,3422520000,15.5(-1.90 %),219900,3422520000,0,0,172412321,9.97
15/04/2014,809900,12280120000,14.8(-4.52 %),809900,12280120000,0,0,171602421,10.15
16/04/2014,469400,6831640000,14.5(-2.03 %),476400,6933140000,7000,101500000,171133021,10.26
17/04/2014,276900,4110590000,15(3.45 %),276900,4110590000,0,0,170856121,10.32
18/04/2014,10000,140000000,13.8(-8.00 %),10000,140000000,0,0,170846121,10.32
21/04/2014,1412700,19833100000,14(1.45 %),1412700,19833100000,0,0,169433421,10.64
22/04/2014,105600,1510400000,14.8(5.71 %),105600,1510400000,0,0,169327821,10.67
23/04/2014,105600,1542210000,14.5(-2.03 %),105600,1542210000,0,0,169222221,10.69
24/04/2014,0,0,14.4(-0.69 %),0,0,0,0,169222221,10.69
25/04/2014,0,0,14.2(-1.39 %),0,0,0,0,169222221,10.69
28/04/2014,-158400,-2197290000,13.5(-4.93 %),0,0,158400,2197290000,169380621,10.65
29/04/2014,13900,194600000,14(3.70 %),13900,194600000,0,0,169366721,10.66
05/05/2014,-201700,-2662920000,12.7(-9.29 %),9500,120650000,211200,2783570000,173340821,9.76
06/05/2014,-55450,-663880000,12.3(-3.15 %),0,0,55450,663880000,173396271,9.74
07/05/2014,24700,299960000,12.2(-0.81 %),24700,299960000,0,0,173371571,9.75
08/05/2014,5000,55000000,11(-9.84 %),5000,55000000,0,0,173366571,9.75
09/05/2014,1000,10860000,11.3(2.73 %),1000,10860000,0,0,173365571,9.75
12/05/2014,-211200,-2178340000,10.2(-9.73 %),0,0,211200,2178340000,173576771,9.7
13/05/2014,105600,1033840000,9.4(-7.84 %),105600,1033840000,0,0,173471171,9.73
14/05/2014,178400,1783900000,10.3(9.57 %),178400,1783900000,0,0,173292771,9.77
15/05/2014,1010600,10851180000,10(-2.91 %),1010600,10851180000,0,0,172282171,10.0
16/05/2014,158400,1653100000,10.9(9.00 %),158400,1653100000,0,0,172123771,10.03
19/05/2014,158400,1747890000,10.9(0.00 %),158400,1747890000,0,0,171965371,10.07
20/05/2014,53000,582700000,11.3(3.67 %),53000,582700000,0,0,171912371,10.08
21/05/2014,103000,1209350000,11.9(5.31 %),103000,1209350000,0,0,171809371,10.1
22/05/2014,559900,6045820000,11.5(-3.36 %),560900,6057720000,1000,11900000,171249471,10.23
23/05/2014,27000,310500000,11.5(0.00 %),27000,310500000,0,0,171222471,10.24
26/05/2014,108500,1251180000,11.6(0.87 %),108500,1251180000,0,0,171113971,10.26
27/05/2014,959000,11469980000,12.7(9.48 %),959000,11469980000,0,0,179059108,8.46
28/05/2014,159000,2072300000,13.1(3.15 %),159000,2072300000,0,0,178101108,8.68
29/05/2014,159000,2055100000,12.7(-3.05 %),159000,2055100000,0,0,177942108,8.72
30/05/2014,159300,2004050000,12.5(-1.57 %),159300,2004050000,0,0,177783108,8.75
02/06/2014,159800,1929720000,12(-4.00 %),159800,1929720000,0,0,177464008,8.82
03/06/2014,106200,1305340000,12.2(1.67 %),106200,1305340000,0,0,177464008,8.82
04/06/2014,15000,183000000,11.8(-3.28 %),15000,183000000,0,0,177342808,8.85
05/06/2014,110900,1343900000,12(1.69 %),164000,1970000000,53100,626100000,177342808,8.85
06/06/2014,357400,4390430000,12.7(5.83 %),413100,5078837000,55700,688407000,177178808,8.89
09/06/2014,558100,7271220000,12.7(0.00 %),558100,7271220000,0,0,176818808,8.97
10/06/2014,117689,1492800300,12.5(-1.57 %),117700,1492940000,11,139700,176260708,9.1
11/06/2014,422200,5461720000,13.1(4.80 %),426200,5513220000,4000,51500000,176196108,9.11
12/06/2014,47000,618200000,13(-0.76 %),53100,698110000,6100,79910000,175719408,9.22
13/06/2014,95100,1272830000,13.5(3.85 %),101100,1354430000,6000,81600000,175719408,9.22
16/06/2014,78000,1037400000,13.3(-1.48 %),78000,1037400000,0,0,175618319,9.24
17/06/2014,0,0,13.5(1.50 %),0,0,0,0,175544319,9.26
18/06/2014,5100,67830000,13.4(-0.74 %),5100,67830000,0,0,175550419,9.26
19/06/2014,500,6400000,13.1(-2.24 %),500,6400000,0,0,175551319,9.26
20/06/2014,0,0,12.8(-2.29 %),0,0,0,0,175550819,9.26
23/06/2014,-448000,-5644090000,12.5(-2.34 %),142000,1788130000,590000,7432220000,175550819,9.26
24/06/2014,299200,3824070000,12.9(3.20 %),301200,3849370000,2000,25300000,175201619,9.34
25/06/2014,406300,5385140000,13.5(4.65 %),407300,5398140000,1000,13000000,175201619,9.34
26/06/2014,246000,3319280000,13.4(-0.74 %),246600,3327350000,600,8070000,174794319,9.43
27/06/2014,52500,697200000,13.2(-1.49 %),52500,697200000,0,0,175043719,9.37
30/06/2014,0,0,13.1(-0.76 %),0,0,0,0,174993219,9.38
01/07/2014,51500,683200000,13.2(0.76 %),52500,696400000,1000,13200000,174941719,9.39
02/07/2014,191200,2594580000,13.6(3.03 %),244700,3318130000,53500,723550000,174697619,9.45
03/07/2014,742100,10424160000,14(2.94 %),765300,10737320000,23200,313160000,173932319,9.62
04/07/2014,-11800,-165320000,14.1(0.71 %),0,0,11800,165320000,173932319,9.62
07/07/2014,0,0,14(-0.71 %),0,0,0,0,173933319,9.62
08/07/2014,0,0,14.5(3.57 %),0,0,0,0,173986819,9.61
09/07/2014,0,0,14.3(-1.38 %),0,0,0,0,174010019,9.61
10/07/2014,150800,2121090000,14.1(-1.40 %),150800,2121090000,0,0,173871019,9.64
11/07/2014,0,0,13.9(-1.42 %),0,0,0,0,173871019,9.64
14/07/2014,151800,2143990000,14.2(2.16 %),152200,2149630000,400,5640000,173718819,9.67
16/07/2014,-12100,-176060000,14.2(0.00 %),300,4260000,12400,180320000,173688719,9.68
17/07/2014,152100,2164690000,14.4(1.41 %),152100,2164690000,0,0,173536619,9.71
18/07/2014,167200,2409260000,14.4(0.00 %),180600,2602220000,13400,192960000,173356419,9.75
21/07/2014,202790,2927470000,14.4(0.00 %),202800,2927610000,10,140000,173153619,9.8
22/07/2014,0,0,14(-2.78 %),0,0,0,0,173166019,9.8
23/07/2014,32500,455000000,14.1(0.71 %),32500,455000000,0,0,173133519,9.8
24/07/2014,289600,4112890000,14.2(0.71 %),289600,4112890000,0,0,172857319,9.87
25/07/2014,224900,3164730000,13.6(-4.23 %),224900,3164730000,0,0,172632429,9.92
28/07/2014,0,0,13(-1.52 %),0,0,0,0,172632429,9.92
29/07/2014,241000,3082820000,12.9(-0.77 %),245000,3133620000,4000,50800000,172387429,9.97
30/07/2014,0,0,12.7(-1.55 %),0,0,0,0,172387429,9.97
31/07/2014,169800,2210490000,13.2(3.94 %),169800,2210490000,0,0,172217629,10.01
01/08/2014,-15000,-195000000,12.9(-2.27 %),0,0,15000,195000000,172217629,10.01
04/08/2014,0,0,12.9(0.00 %),0,0,0,0,172221629,10.01
05/08/2014,0,0,13.3(3.10 %),0,0,0,0,172221629,10.01
06/08/2014,0,0,13.4(0.75 %),0,0,0,0,172221629,10.01
07/08/2014,-3000,-40200000,13.4(0.00 %),0,0,3000,40200000,172236629,10.01
08/08/2014,0,0,13.5(0.75 %),0,0,0,0,172236629,10.01
11/08/2014,0,0,13.3(-1.48 %),0,0,0,0,172236629,10.01
12/08/2014,-68000,-900920000,13.4(0.75 %),0,0,68000,900920000,172236629,10.01
13/08/2014,0,0,13.5(0.75 %),0,0,0,0,172239629,10.01
15/08/2014,0,0,13.9(0.72 %),0,0,0,0,172239629,10.01
18/08/2014,-300,-4200000,14.2(2.16 %),0,0,300,4200000,172307629,9.99
19/08/2014,0,0,14(-1.41 %),0,0,0,0,172307629,9.99
20/08/2014,0,0,14.1(0.71 %),0,0,0,0,172360529,9.98
21/08/2014,0,0,14(-0.71 %),0,0,0,0,172360529,9.98
26/08/2014,-106000,-1542600000,14.5(-1.36 %),0,0,106000,1542600000,172303829,9.99
29/08/2014,0,0,14.6(0.00 %),0,0,0,0,172303829,9.99
04/09/2014,6100,91500000,15(-0.66 %),6100,91500000,0,0,172403729,9.97
05/09/2014,160200,2421670000,15.5(3.33 %),160200,2421670000,0,0,172243529,10.01
10/09/2014,159000,2293000000,14.6(0.69 %),159000,2293000000,0,0,171819534,10.1
11/09/2014,-50100,-721030000,14.5(-0.68 %),0,0,50100,721030000,171819534,10.1
12/09/2014,-150000,-2130290000,14.3(-1.38 %),0,0,150000,2130290000,171819534,10.1
15/09/2014,-381900,-5365840000,13.9(-2.80 %),0,0,381900,5365840000,171819578,10.1
16/09/2014,-65500,-908600000,14(0.72 %),0,0,65500,908600000,171819578,10.1
17/09/2014,-3125000,-44505440000,14.5(3.57 %),0,0,3125000,44505440000,171869678,10.09
18/09/2014,0,0,14(-3.45 %),0,0,0,0,172019678,10.06
19/09/2014,-4933900,-68584430000,13.9(-0.71 %),924800,12854720000,5858700,81439150000,171476778,10.18
22/09/2014,-3000,-40500000,13.5(-2.88 %),0,0,3000,40500000,171542278,10.16
23/09/2014,-6100,-83150000,13.5(0.00 %),0,0,6100,83150000,174667278,9.46
24/09/2014,-77600,-1071520000,13.8(2.22 %),0,0,77600,1071520000,174667278,9.46
25/09/2014,-21100,-288160000,14(1.45 %),0,0,21100,288160000,180525978,8.13
26/09/2014,658700,9416670000,14(0.00 %),658700,9416670000,0,0,179870278,8.28
29/09/2014,94000,1332300000,14.2(1.43 %),94000,1332300000,0,0,179776278,8.3
30/09/2014,0,0,14.1(-0.70 %),0,0,0,0,179776278,8.3
01/10/2014,0,0,14.3(1.42 %),0,0,0,0,179881078,8.28
02/10/2014,0,0,14.8(3.50 %),0,0,0,0,179881078,8.28
03/10/2014,95700,1408460000,14.6(-1.35 %),167500,2475500000,71800,1067040000,179713578,8.31
06/10/2014,0,0,14.7(0.68 %),0,0,0,0,179713578,8.31
07/10/2014,-4200,-61320000,14.5(-1.36 %),0,0,4200,61320000,179713578,8.31
08/10/2014,0,0,14.1(-2.76 %),0,0,0,0,179713578,8.31
09/10/2014,-1000,-14100000,14(-0.71 %),0,0,1000,14100000,179785378,8.3
10/10/2014,0,0,13.9(-0.71 %),0,0,0,0,179785378,8.3
13/10/2014,0,0,13.9(0.00 %),0,0,0,0,179785378,8.3
14/10/2014,0,0,13.3(-4.32 %),0,0,0,0,179785378,8.3
15/10/2014,-615000,-8198760000,13.4(0.75 %),0,0,615000,8198760000,180400378,8.16
16/10/2014,-216400,-2803660000,12.5(-6.72 %),0,0,216400,2803660000,180616778,8.11
20/10/2014,-71800,-912130000,12.7(0.00 %),0,0,71800,912130000,180688578,8.09
21/10/2014,-179500,-2259400000,12.6(-0.79 %),0,0,179500,2259400000,180868078,8.05
22/10/2014,-59000,-755560000,12.9(2.38 %),12800,162560000,71800,918120000,180927078,8.04
23/10/2014,-35900,-448940000,12.4(-3.88 %),0,0,35900,448940000,180962978,8.03
24/10/2014,-85600,-1047700000,12.5(0.81 %),0,0,85600,1047700000,181048578,8.01
27/10/2014,-21800,-247580000,11.7(-6.40 %),50000,615000000,71800,862580000,181070378,8.01
29/10/2014,19000,226300000,12.2(3.39 %),54900,658800000,35900,432500000,181051378,8.01
30/10/2014,0,0,12.4(1.64 %),0,0,0,0,181051378,8.01
31/10/2014,0,0,12.8(3.23 %),0,0,0,0,181051378,8.01
03/11/2014,1000,13000000,13.1(2.34 %),1000,13000000,0,0,181255978,7.96
04/11/2014,-30000,-387000000,13(-0.76 %),0,0,30000,387000000,181285978,7.96
05/11/2014,0,0,12.9(-0.77 %),0,0,0,0,181285978,7.96
06/11/2014,-1000,-13000000,12.9(0.00 %),0,0,1000,13000000,181286978,7.96
07/11/2014,22200,286060000,13.1(1.55 %),22200,286060000,0,0,181264778,7.96
10/11/2014,0,0,13.3(1.53 %),0,0,0,0,181264778,7.96
11/11/2014,-300,-3930000,13.1(-1.50 %),0,0,300,3930000,181265078,7.96
12/11/2014,-800,-10640000,13.4(2.29 %),0,0,800,10640000,181265878,7.96
13/11/2014,0,0,13.7(2.24 %),0,0,0,0,181265878,7.96
14/11/2014,0,0,13.3(-2.92 %),0,0,0,0,181265878,7.96
17/11/2014,0,0,13.4(0.75 %),0,0,0,0,181265878,7.96
18/11/2014,-72800,-963360000,13(-2.99 %),0,0,72800,963360000,181338678,7.95
19/11/2014,800,10320000,12.8(-1.54 %),800,10320000,0,0,181337878,7.95
20/11/2014,0,0,13.1(2.34 %),0,0,0,0,181265078,7.96
21/11/2014,71800,935580000,13.1(0.00 %),71800,935580000,0,0,181193278,7.98
24/11/2014,0,0,12.7(-3.05 %),0,0,0,0,181193278,7.98
25/11/2014,52500,674060000,12.9(1.57 %),52500,674060000,0,0,181213578,7.97
26/11/2014,357700,4704760000,13(0.78 %),357700,4704760000,0,0,180855878,8.06
27/11/2014,-200,-2600000,13.3(2.31 %),0,0,200,2600000,180855878,8.06
28/11/2014,0,0,14.3(7.52 %),0,0,0,0,180855878,8.06
01/12/2014,6000,85800000,13.9(-2.80 %),6000,85800000,0,0,180849878,8.06
02/12/2014,0,0,13.9(0.00 %),0,0,0,0,180849878,8.06
03/12/2014,0,0,14.1(1.44 %),0,0,0,0,180850078,8.06
04/12/2014,127100,1791110000,14(-0.71 %),127300,1793930000,200,2820000,180722778,8.09
05/12/2014,35100,498840000,14.5(3.57 %),35900,510200000,800,11360000,180686878,8.09
08/12/2014,-1000,-14300000,14.3(-1.38 %),0,0,1000,14300000,180687878,8.09
09/12/2014,0,0,13.4(-6.29 %),0,0,0,0,180686878,8.09
10/12/2014,-35900,-480730000,13.6(1.49 %),0,0,35900,480730000,180687078,8.09
11/12/2014,-107700,-1448580000,13.4(-1.47 %),0,0,107700,1448580000,180687878,8.09
12/12/2014,0,0,13.6(1.49 %),0,0,0,0,180688878,8.09
15/12/2014,-35000,-464350000,13.7(0.74 %),165000,2259670000,200000,2724020000,180523878,8.13
16/12/2014,1700,22780000,13.4(-2.19 %),1700,22780000,0,0,180558078,8.12
17/12/2014,0,0,12.5(-6.72 %),0,0,0,0,180665778,8.1
18/12/2014,-5000,-63000000,12.6(0.80 %),0,0,5000,63000000,180665778,8.1
19/12/2014,1511800,18595140000,12.3(-2.38 %),1511800,18595140000,0,0,179353978,8.4
22/12/2014,-160000,-1954500000,12.3(0.00 %),0,0,160000,1954500000,179353978,8.4
23/12/2014,0,0,12.1(-1.63 %),0,0,0,0,179353978,8.4
24/12/2014,0,0,12.2(0.83 %),0,0,0,0,179358978,8.39
25/12/2014,20100,241200000,11.9(-2.46 %),20100,241200000,0,0,179338878,8.4
26/12/2014,200,2320000,11.6(-2.52 %),200,2320000,0,0,179498678,8.36
29/12/2014,0,0,11(-5.17 %),0,0,0,0,179498678,8.36
30/12/2014,0,0,12(9.09 %),0,0,0,0,179498678,8.36
31/12/2014,100900,1252000000,12.7(5.83 %),100900,1252000000,0,0,179397778,8.39
05/01/2015,120900,1521340000,12.4(-2.36 %),120900,1521340000,0,0,179276878,8.41
06/01/2015,120900,1514170000,13(4.84 %),120900,1514170000,0,0,179155978,8.44
07/01/2015,120900,1571920000,12.8(-1.54 %),120900,1571920000,0,0,179035078,8.47
08/01/2015,118900,1509590000,12.7(-0.78 %),120600,1531180000,1700,21590000,178914478,8.5
09/01/2015,121600,1559350000,12.9(1.57 %),121600,1559350000,0,0,178792878,8.52
12/01/2015,120600,1535680000,12.5(-3.10 %),120600,1535680000,0,0,178672278,8.55
13/01/2015,80390,1013435000,12.6(0.80 %),80400,1013560000,10,125000,178591878,8.57
14/01/2015,75000,960000000,12.8(1.59 %),75000,960000000,0,0,178516878,8.59
15/01/2015,0,0,12.7(-0.78 %),0,0,0,0,178518578,8.58
16/01/2015,802000,10426660000,13(2.36 %),802000,10426660000,0,0,177716578,8.77
19/01/2015,796000,10346360000,13(0.00 %),796000,10346360000,0,0,176920588,8.95
20/01/2015,0,0,12.9(-0.77 %),0,0,0,0,176920588,8.95
21/01/2015,0,0,12.7(-1.55 %),0,0,0,0,176920588,8.95
22/01/2015,0,0,12.7(0.00 %),0,0,0,0,176920588,8.95
23/01/2015,1000,12900000,12.9(1.57 %),1000,12900000,0,0,176919588,8.95
26/01/2015,-7200,-94320000,13.1(1.55 %),0,0,7200,94320000,176919588,8.95
27/01/2015,-29600,-381550000,12.6(-3.82 %),0,0,29600,381550000,176919588,8.95
28/01/2015,-10800,-137330000,12.7(0.79 %),4000,50400000,14800,187730000,176915588,8.95
29/01/2015,-9600,-122020000,12.8(0.79 %),0,0,9600,122020000,176915588,8.95
30/01/2015,-32100,-404610000,12.5(-2.34 %),0,0,32100,404610000,176922788,8.95
02/02/2015,-95800,-1178620000,11.9(-4.80 %),0,0,95800,1178620000,176952388,8.94
03/02/2015,-62600,-748950000,11.9(0.00 %),0,0,62600,748950000,176967188,8.94
04/02/2015,-14800,-174200000,11.9(0.00 %),0,0,14800,174200000,176976788,8.93
05/02/2015,-7500,-89370000,11.9(0.00 %),0,0,7500,89370000,177008888,8.93
06/02/2015,-11400,-137250000,12(0.84 %),0,0,11400,137250000,177104688,8.9
09/02/2015,104200,1269630000,12.1(0.83 %),120900,1472890000,16700,203260000,177046388,8.92
10/02/2015,107500,1308600000,12.1(0.00 %),120900,1471780000,13400,163180000,176940288,8.94
11/02/2015,108700,1350780000,12.6(4.13 %),120900,1501680000,12200,150900000,176826888,8.97
12/02/2015,120900,1536200000,12.8(1.59 %),120900,1536200000,0,0,176705988,9.0
13/02/2015,120900,1538020000,12.7(-0.78 %),120900,1538020000,0,0,176613188,9.02
24/02/2015,129600,1660280000,12.9(1.57 %),129600,1660280000,0,0,176496988,9.04
25/02/2015,120600,1539880000,12.6(-2.33 %),120600,1539880000,0,0,176388588,9.07
26/02/2015,120600,1526560000,12.8(1.59 %),120600,1526560000,0,0,176267988,9.09
27/02/2015,105000,1347190000,12.8(0.00 %),120600,1546870000,15600,199680000,176147388,9.12
02/03/2015,120600,1542950000,12.8(0.00 %),120600,1542950000,0,0,176026788,9.15
03/03/2015,120600,1556680000,13.1(2.34 %),120600,1556680000,0,0,175906188,9.18
04/03/2015,420300,5693250000,13.8(5.34 %),420300,5693250000,0,0,175485888,9.27
05/03/2015,743000,10373960000,14(1.45 %),769700,10747140000,26700,373180000,174731788,9.44
06/03/2015,-219100,-2984280000,13.6(-2.86 %),0,0,219100,2984280000,174731788,9.44
09/03/2015,5300,71500000,13.3(-2.21 %),5300,71500000,0,0,174726488,9.44
10/03/2015,-21400,-287020000,13.5(1.50 %),0,0,21400,287020000,174726488,9.44
11/03/2015,97500,1313990000,13.4(-0.74 %),130000,1752000000,32500,438010000,174623188,9.47
12/03/2015,-28700,-383130000,13.5(0.75 %),0,0,28700,383130000,174842288,9.42
13/03/2015,-13200,-176880000,13.4(-0.74 %),0,0,13200,176880000,174842288,9.42
16/03/2015,0,0,13.1(-2.24 %),0,0,0,0,174863688,9.41
17/03/2015,-510700,-6639230000,13.2(0.76 %),0,0,510700,6639230000,174896188,9.4
18/03/2015,0,0,13.4(1.52 %),0,0,0,0,174924888,9.4
19/03/2015,-778128,-10156850000,13.2(-1.49 %),5000,65500000,783128,10222350000,174933088,9.4
20/03/2015,342400,4553920000,13.3(0.76 %),342400,4553920000,0,0,174590688,9.47
23/03/2015,-552900,-7130120000,12.8(-3.76 %),0,0,552900,7130120000,175101388,9.36
24/03/2015,300,3750000,12.8(0.00 %),300,3750000,0,0,175101088,9.36
25/03/2015,-80200,-1018660000,12.8(0.00 %),0,0,80200,1018660000,175884216,9.18
26/03/2015,-491000,-6185270000,12.6(-1.56 %),0,0,491000,6185270000,175884216,9.18
27/03/2015,-561400,-6963670000,12.4(-1.59 %),5000,62500000,566400,7026170000,176432116,9.06
30/03/2015,-160500,-1960620000,12.2(-1.61 %),40000,484240000,200500,2444860000,176432116,9.06
31/03/2015,211100,2635440000,12.5(2.46 %),211100,2635440000,0,0,176301216,9.09
01/04/2015,60200,730750000,12.1(-3.20 %),60200,730750000,0,0,176732016,8.99
02/04/2015,531400,6490990000,12.5(3.31 %),531400,6490990000,0,0,176767016,8.98
03/04/2015,0,0,12.4(-0.80 %),0,0,0,0,176927516,8.94
06/04/2015,138500,1714920000,12.6(1.61 %),298900,3710470000,160400,1995550000,176628616,9.01
07/04/2015,-74600,-935440000,12.8(1.59 %),166000,2075500000,240600,3010940000,176462616,9.05
08/04/2015,-261833,-3321172200,12.7(-0.78 %),99100,1251960000,360933,4573132200,176398516,9.06
09/04/2015,12800,165950000,12.9(1.57 %),63900,823530000,51100,657580000,176334616,9.08
10/04/2015,10000,129000000,13(0.78 %),10000,129000000,0,0,176485016,9.05
13/04/2015,0,0,12.6(-3.08 %),0,0,0,0,176485016,9.05
14/04/2015,38400,487830000,12.6(0.00 %),50100,635250000,11700,147420000,177001449,8.93
15/04/2015,69200,882220000,13(3.17 %),80200,1022520000,11000,140300000,176972349,8.93
16/04/2015,236100,3068600000,13(0.00 %),236100,3068600000,0,0,176736249,8.99
17/04/2015,264300,3422550000,12.9(-0.77 %),285500,3696760000,21200,274210000,176450749,9.05
20/04/2015,130300,1669050000,12.9(0.00 %),130300,1669050000,0,0,176332149,9.08
21/04/2015,219700,2827160000,12.7(-1.55 %),219700,2827160000,0,0,176123449,9.13
22/04/2015,119700,1524320000,12.8(0.79 %),119700,1524320000,0,0,176003749,9.15
23/04/2015,149700,1894570000,12.7(-0.78 %),149700,1894570000,0,0,175875249,9.18
24/04/2015,119677,1520497900,12.7(0.00 %),119700,1520790000,23,292100,175755549,9.21
27/04/2015,129700,1645190000,12.7(0.00 %),129700,1645190000,0,0,175625849,9.24
04/05/2015,-14100,-168640000,12(-5.51 %),119700,1461750000,133800,1630390000,175506149,9.27
05/05/2015,129700,1567180000,12.2(1.67 %),129700,1567180000,0,0,175376449,9.3
06/05/2015,-5000,-58400000,11.8(-3.28 %),120000,1433397000,125000,1491797000,175349472,9.3
07/05/2015,-8000,-98850000,12(1.69 %),120000,1425400000,128000,1524250000,175329472,9.31
08/05/2015,118000,1433300000,12.2(1.67 %),120000,1457500000,2000,24200000,175343272,9.3
11/05/2015,54200,669040000,12.2(0.00 %),130000,1589820000,75800,920780000,175273272,9.32
12/05/2015,-100200,-1200420000,12(-1.64 %),33100,400290000,133300,1600710000,175272172,9.32
13/05/2015,15300,184100000,12.2(1.67 %),15300,184100000,0,0,175284872,9.32
14/05/2015,25000,300000000,12(-1.64 %),25000,300000000,0,0,175261872,9.32
15/05/2015,-10700,-127630000,11.9(-0.83 %),0,0,10700,127630000,175277672,9.32
18/05/2015,0,0,11.7(-1.68 %),0,0,0,0,175410972,9.29
19/05/2015,35000,411100000,11.9(1.71 %),40000,469600000,5000,58500000,175370972,9.3
20/05/2015,40000,488870000,12.4(4.20 %),40000,488870000,0,0,175330972,9.31
21/05/2015,91200,1130880000,12.4(0.00 %),91200,1130880000,0,0,175250472,9.32
22/05/2015,120500,1483200000,12.4(0.00 %),120500,1483200000,0,0,175129972,9.35
25/05/2015,0,0,12.4(0.00 %),0,0,0,0,175134972,9.35
26/05/2015,701300,9207840000,13.1(5.65 %),731500,9600480000,30200,392640000,174403472,9.52
27/05/2015,146400,1994480000,13.5(3.05 %),146400,1994480000,0,0,174257072,9.55
28/05/2015,237700,3259100000,13.5(0.00 %),309400,4228130000,71700,969030000,173947672,9.62
29/05/2015,152600,2096290000,13.8(2.22 %),157700,2166690000,5100,70400000,173789972,9.66
01/06/2015,140600,1987630000,14.1(2.17 %),140600,1987630000,0,0,173679572,9.68
02/06/2015,185000,2586530000,13.9(-1.42 %),185000,2586530000,0,0,173494572,9.72
03/06/2015,190789,2671166000,14(0.72 %),190800,2671320000,11,154000,173375472,9.75
04/06/2015,11100,150570000,13.4(0.00 %),11100,150570000,0,0,173369472,9.75
05/06/2015,200,2680000,13.8(2.99 %),200,2680000,0,0,173369272,9.75
08/06/2015,-125400,-1720130000,13.5(-2.17 %),0,0,125400,1720130000,173369272,9.75
09/06/2015,1000,12880000,13.8(2.22 %),6000,82880000,5000,70000000,173363283,9.75
10/06/2015,0,0,14(1.45 %),0,0,0,0,173363283,9.75
11/06/2015,-1700,-24860000,14.5(3.57 %),0,0,1700,24860000,173363283,9.75
12/06/2015,615000,9097280000,14.9(2.76 %),615000,9097280000,0,0,172873683,9.86
15/06/2015,0,0,14.5(-2.68 %),0,0,0,0,172878683,9.86
16/06/2015,120900,1725950000,13.9(-4.14 %),120900,1725950000,0,0,172757783,9.89
17/06/2015,120900,1686510000,13.9(0.00 %),120900,1686510000,0,0,172638583,9.92
18/06/2015,115900,1623310000,13.9(0.00 %),120900,1693310000,5000,70000000,172517683,9.94
19/06/2015,1634500,23027280000,14.1(1.44 %),2135000,30084050000,500500,7056770000,170382683,10.43
22/06/2015,120900,1673410000,13.9(-1.42 %),120900,1673410000,0,0,170261783,10.45
23/06/2015,105900,1470300000,13.6(-2.16 %),105900,1470300000,0,0,170155883,10.48
24/06/2015,44700,611840000,13.7(0.74 %),44700,611840000,0,0,170116183,10.49
25/06/2015,0,0,13.5(-1.46 %),0,0,0,0,170616683,10.37
26/06/2015,-67900,-930230000,13.3(-1.48 %),0,0,67900,930230000,170616683,10.37
29/06/2015,87600,1177580000,13.6(2.26 %),87600,1177580000,0,0,170529083,10.39
30/06/2015,87800,1214680000,13.6(0.00 %),87800,1214680000,0,0,170441283,10.41
01/07/2015,-95200,-1295410000,14(2.94 %),133700,1852520000,228900,3147930000,170307583,10.44
02/07/2015,132300,1860950000,14.2(1.43 %),132300,1860950000,0,0,170243183,10.46
03/07/2015,5500,82500000,14.1(-0.70 %),5500,82500000,0,0,170237683,10.46
06/07/2015,405700,5707762000,14.1(0.00 %),405700,5707762000,0,0,169831983,10.55
07/07/2015,131400,1891390000,14.3(1.42 %),131400,1891390000,0,0,169929483,10.53
08/07/2015,174500,2451590000,13.9(-2.80 %),174500,2451590000,0,0,169754983,10.57
09/07/2015,111500,1564120000,13.9(0.00 %),131400,1841740000,19900,277620000,169643483,10.59
10/07/2015,87900,1245780000,14.1(1.44 %),87900,1245780000,0,0,169535683,10.62
13/07/2015,0,0,14(-0.71 %),0,0,0,0,169535683,10.62
14/07/2015,100500,1404720000,13.9(-0.71 %),107800,1507220000,7300,102500000,169427883,10.64
15/07/2015,100,1400000,13.6(-2.16 %),100,1400000,0,0,169447683,10.64
16/07/2015,131400,1790040000,13.8(1.47 %),131400,1790040000,0,0,169316283,10.67
17/07/2015,132700,1815314300,13.6(-1.45 %),132700,1815314300,0,0,169183583,10.7
20/07/2015,87800,1174140000,13.3(-2.21 %),87800,1174140000,0,0,169103083,10.72
21/07/2015,56200,751390000,13.3(0.00 %),59200,791290000,3000,39900000,169043883,10.73
22/07/2015,131700,1793950000,13.6(2.26 %),131700,1793950000,0,0,168912183,10.76
23/07/2015,0,0,13.4(-1.47 %),0,0,0,0,168912183,10.76
24/07/2015,5500,74200000,13.4(0.00 %),5500,74200000,0,0,168906683,10.76
27/07/2015,127600,1732050000,13.6(1.49 %),127600,1732050000,0,0,168782083,10.79
28/07/2015,-62,-762600,13.4(-1.47 %),0,0,62,762600,168782083,10.79
29/07/2015,500,6750000,13.4(0.00 %),500,6750000,0,0,168781583,10.79
30/07/2015,126500,1720270000,13.7(2.24 %),126500,1720270000,0,0,168655083,10.82
31/07/2015,0,0,13.5(-1.46 %),0,0,0,0,168655083,10.82
03/08/2015,0,0,13.2(-2.22 %),0,0,0,0,168655145,10.82
04/08/2015,100000,1326310000,13.3(0.76 %),100000,1326310000,0,0,168555145,10.84
05/08/2015,92500,1241000000,13.5(1.50 %),92500,1241000000,0,0,168462645,10.86
06/08/2015,32000,430300000,13.4(-0.74 %),32000,430300000,0,0,168430645,10.87
07/08/2015,-100000,-1326260000,13.2(-1.49 %),0,0,100000,1326260000,168430645,10.87
10/08/2015,30000,402000000,13.5(2.27 %),30000,402000000,0,0,168400645,10.88
11/08/2015,90000,1206000000,13.2(-2.22 %),90000,1206000000,0,0,168310645,10.9
12/08/2015,43500,571800000,13.1(-0.76 %),43500,571800000,0,0,168267145,10.91
13/08/2015,-169300,-2133350000,12.4(-5.34 %),10000,127000000,179300,2260350000,168357145,10.89
14/08/2015,-121983,-1495369600,12.2(-1.61 %),10700,130540000,132683,1625909600,168346445,10.89
17/08/2015,0,0,12(-1.64 %),0,0,0,0,168346445,10.89
18/08/2015,-44200,-532940000,12.1(0.83 %),0,0,44200,532940000,168346445,10.89
19/08/2015,0,0,12.2(0.83 %),0,0,0,0,168525745,10.85
20/08/2015,-174000,-2092680000,11.9(-2.46 %),2800,33720000,176800,2126400000,168655628,10.82
21/08/2015,-110400,-1222750000,11.4(-4.20 %),110600,1244110000,221000,2466860000,168545028,10.84
24/08/2015,504000,5319400000,10.4(-8.77 %),730000,7707000000,226000,2387600000,167859228,11.0
25/08/2015,-175400,-1827340000,10.4(0.00 %),76400,797560000,251800,2624900000,167782828,11.02
26/08/2015,-464500,-4964430000,10.9(4.81 %),21700,236530000,486200,5200960000,167937928,10.98
27/08/2015,-176800,-1965160000,11(0.92 %),0,0,176800,1965160000,168158928,10.93
28/08/2015,-44300,-502060000,11.6(5.45 %),0,0,44300,502060000,168384928,10.88
31/08/2015,-167200,-1894300000,11.2(-3.45 %),10000,113000000,177200,2007300000,168626728,10.82
01/09/2015,400,4640000,11.5(2.68 %),400,4640000,0,0,169112528,10.71
03/09/2015,-211000,-2385980000,11.2(-2.61 %),10000,111000000,221000,2496980000,169279328,10.68
04/09/2015,0,0,11.4(1.79 %),0,0,0,0,169323628,10.67
07/09/2015,300,3420000,11.2(-1.75 %),300,3420000,0,0,169500528,10.63
08/09/2015,-43400,-486380000,11.3(0.89 %),800,9060000,44200,495440000,169499728,10.63
09/09/2015,1300,14890000,11.4(0.88 %),1300,14890000,0,0,169719428,10.58
10/09/2015,2800,31660000,11.2(-1.75 %),2800,31660000,0,0,169716628,10.58
11/09/2015,-40700,-461530000,11.3(0.89 %),3500,39830000,44200,501360000,169713128,10.58
14/09/2015,-17700,-194860000,10.9(-3.54 %),2600,28440000,20300,223300000,169754728,10.57
15/09/2015,-202500,-2180940000,10.7(-1.83 %),62700,673980000,265200,2854920000,169692028,10.58
16/09/2015,-3589400,-38616520000,11(2.80 %),15600,165480000,3605000,38782000000,169676428,10.59
17/09/2015,6900,76650000,11.1(0.91 %),6900,76650000,0,0,169713728,10.58
18/09/2015,-4206400,-47107340000,11.2(0.90 %),2515200,28180640000,6721600,75287980000,167218828,11.14
21/09/2015,36400,427300000,11.7(4.46 %),132600,1550840000,96200,1123540000,167351428,11.11
22/09/2015,14600,169860000,11.6(-0.85 %),54600,635860000,40000,466000000,170901828,10.31
23/09/2015,197200,2339110000,11.9(2.59 %),197200,2339110000,0,0,170704628,10.35
24/09/2015,1700,20360000,11.7(-1.68 %),2700,32260000,1000,11900000,177423528,8.83
25/09/2015,100,1170000,11.7(0.00 %),100,1170000,0,0,177519628,8.81
28/09/2015,-30100,-346330000,11.3(-3.42 %),1100,12470000,31200,358800000,177558528,8.8
29/09/2015,-132600,-1479620000,11.2(-0.88 %),100,1120000,132700,1480740000,177558428,8.8
30/09/2015,0,0,11.3(0.89 %),0,0,0,0,177559428,8.8
01/10/2015,-800,-9120000,11.4(0.88 %),200,2280000,1000,11400000,177559228,8.8
02/10/2015,-48600,-546230000,11.2(-1.75 %),1000,11290000,49600,557520000,177589428,8.8
05/10/2015,30000,339000000,11.4(1.79 %),30000,339000000,0,0,177692128,8.77
06/10/2015,0,0,11.7(2.63 %),0,0,0,0,177692128,8.77
07/10/2015,-42800,-497500000,11.4(-2.56 %),24800,287540000,67600,785040000,177668328,8.78
08/10/2015,74600,871450000,11.8(3.51 %),74600,871450000,0,0,177643328,8.78
09/10/2015,74400,876920000,11.6(-1.69 %),74400,876920000,0,0,177568928,8.8
12/10/2015,74400,867940000,11.6(0.00 %),74400,867940000,0,0,177494528,8.82
13/10/2015,104400,1211040000,11.6(0.00 %),104400,1211040000,0,0,177457728,8.82
14/10/2015,6800,78880000,11.6(0.00 %),74400,863040000,67600,784160000,177383328,8.84
15/10/2015,24800,288060000,11.7(0.86 %),24800,288060000,0,0,177358528,8.85
16/10/2015,0,0,11.6(-0.85 %),0,0,0,0,177358528,8.85
19/10/2015,0,0,11.4(-1.72 %),0,0,0,0,177358528,8.85
20/10/2015,0,0,11.3(-0.88 %),0,0,0,0,177426128,8.83
21/10/2015,-15000,-171000000,11.3(0.00 %),0,0,15000,171000000,177426128,8.83
22/10/2015,22800,258700000,11.4(0.88 %),24800,281500000,2000,22800000,177401328,8.84
23/10/2015,0,0,11.6(1.75 %),0,0,0,0,177401328,8.84
26/10/2015,74400,856540000,11.4(-1.72 %),74400,856540000,0,0,177326928,8.85
27/10/2015,0,0,11.3(-0.88 %),0,0,0,0,177341928,8.85
28/10/2015,-20000,-228000000,11.4(0.88 %),0,0,20000,228000000,177343928,8.85
29/10/2015,-4000,-45600000,11.5(0.88 %),1000,11400000,5000,57000000,177342928,8.85
30/10/2015,0,0,11.4(-0.87 %),0,0,0,0,177342928,8.85
02/11/2015,0,0,11.4(0.00 %),0,0,0,0,177342928,8.85
03/11/2015,0,0,12.3(7.89 %),0,0,0,0,177362928,8.85
04/11/2015,-90200,-1167220000,12.5(1.63 %),24800,316280000,115000,1483500000,177343128,8.85
05/11/2015,0,0,12.6(0.80 %),0,0,0,0,177343128,8.85
06/11/2015,3000,37500000,12.2(-3.17 %),3000,37500000,0,0,177340128,8.85
09/11/2015,24800,311580000,12.7(4.10 %),24800,311580000,0,0,177315328,8.86
10/11/2015,400,5000000,12.4(-2.36 %),400,5000000,0,0,177429928,8.83
11/11/2015,0,0,12.2(-1.61 %),0,0,0,0,177429928,8.83
12/11/2015,-3200,-40000000,12.5(2.46 %),0,0,3200,40000000,177429928,8.83
13/11/2015,-26700,-331140000,12.3(-1.60 %),12100,151260000,38800,482400000,177417828,8.83
16/11/2015,24400,295740000,12.3(0.00 %),24400,295740000,0,0,177393428,8.84
17/11/2015,1000,12400000,12.2(-0.81 %),1000,12400000,0,0,177392428,8.84
18/11/2015,1000,12300000,12.3(0.82 %),1000,12300000,0,0,177394628,8.84
19/11/2015,82000,999600000,12.1(-1.63 %),82000,999600000,0,0,177351428,8.85
20/11/2015,-6900,-82190000,12.1(0.00 %),100,1230000,7000,83420000,177351328,8.85
23/11/2015,900,11160000,12.4(2.48 %),900,11160000,0,0,177350428,8.85
24/11/2015,40300,507840000,12.5(0.81 %),40300,507840000,0,0,177310128,8.86
25/11/2015,-4400,-55900000,12.6(0.80 %),45200,563500000,49600,619400000,177264928,8.87
26/11/2015,0,0,12.2(-3.17 %),0,0,0,0,177271928,8.87
27/11/2015,-74400,-888880000,11.7(-4.10 %),0,0,74400,888880000,177271928,8.87
30/11/2015,300,3510000,11.5(-1.71 %),300,3510000,0,0,177271628,8.87
01/12/2015,-74400,-856900000,11.5(0.00 %),0,0,74400,856900000,177321228,8.86
02/12/2015,-49600,-571400000,11.5(0.00 %),0,0,49600,571400000,177321228,8.86
03/12/2015,-74400,-852900000,11.5(0.00 %),0,0,74400,852900000,177395628,8.84
04/12/2015,40000,456000000,11.5(0.00 %),40000,456000000,0,0,177355628,8.85
07/12/2015,-34000,-389400000,11.4(-0.87 %),90000,1029000000,124000,1418400000,177340028,8.85
08/12/2015,60000,677000000,11.4(0.00 %),60000,677000000,0,0,177329628,8.85
09/12/2015,-396800,-4443180000,11.1(-2.63 %),0,0,396800,4443180000,177404028,8.84
10/12/2015,10000,111000000,11(-0.90 %),10000,111000000,0,0,177394028,8.84
11/12/2015,25000,279040000,11.2(1.82 %),25000,279040000,0,0,177493028,8.82
14/12/2015,118200,1334960000,11.3(0.89 %),122200,1379860000,4000,44900000,177370828,8.84
15/12/2015,88000,994400000,11.3(0.00 %),88000,994400000,0,0,177679628,8.77
16/12/2015,35100,397040000,11.3(0.00 %),35100,397040000,0,0,177644528,8.78
17/12/2015,-81600,-911720000,11.2(-0.88 %),22000,248600000,103600,1160320000,177622528,8.79
18/12/2015,-93300,-1044960000,11.2(0.00 %),1144500,12818400000,1237800,13863360000,176482028,9.05
21/12/2015,-13900,-154790000,11.2(0.00 %),20600,230720000,34500,385510000,176461428,9.05
22/12/2015,-19200,-213980000,11.2(0.00 %),0,0,19200,213980000,176461428,9.05
23/12/2015,-26600,-295270000,11.1(-0.89 %),0,0,26600,295270000,176565028,9.03
24/12/2015,0,0,11.2(0.90 %),0,0,0,0,177802828,8.75
25/12/2015,0,0,11.1(-0.89 %),0,0,0,0,177837328,8.74
28/12/2015,800,8880000,10.9(-1.80 %),800,8880000,0,0,177855728,8.73
29/12/2015,63100,697600000,11.2(2.75 %),95900,1060010000,32800,362410000,177786428,8.75
30/12/2015,22978,261349400,11.3(0.89 %),59578,676259400,36600,414910000,177726850,8.76
31/12/2015,-15000,-168010000,11.3(0.00 %),0,0,15000,168010000,177726850,8.76
04/01/2016,37700,426300000,11.1(-1.77 %),56000,631350000,18300,205050000,177670850,8.78
05/01/2016,-17300,-191310000,10.9(-1.80 %),100,1120000,17400,192430000,177703550,8.77
06/01/2016,-1800,-19800000,11(0.92 %),94700,1041700000,96500,1061500000,177726150,8.76
07/01/2016,37500,407830000,10.8(-1.82 %),247670,2693588750,210170,2285758750,177715550,8.77
08/01/2016,35900,371590000,10.4(-3.70 %),155100,1630302900,119200,1258712900,177658550,8.78
11/01/2016,-28100,-291040000,10.2(-1.92 %),53800,557045200,81900,848085200,177674350,8.78
12/01/2016,-59000,-610100000,10.5(2.94 %),0,0,59000,610100000,177680750,8.77
13/01/2016,-13700,-143410000,10.4(-0.95 %),0,0,13700,143410000,177719250,8.77
14/01/2016,-39300,-401120000,10.2(-1.92 %),20000,206000000,59300,607120000,177727350,8.76
15/01/2016,-232400,-2361380000,10.1(-0.98 %),2500,25750000,234900,2387130000,177783850,8.75
18/01/2016,-68900,-645030000,9.4(-6.93 %),21000,197700000,89900,842730000,177776550,8.75
19/01/2016,-3600,-34560000,9.7(3.19 %),188800,1814368000,192400,1848928000,177835850,8.74
20/01/2016,-24500,-233200000,9.6(-1.03 %),329300,3183309600,353800,3416509600,178070250,8.69
21/01/2016,-177500,-1672170000,9.2(-4.17 %),0,0,177500,1672170000,178160150,8.67
22/01/2016,163600,1624570000,9.7(5.43 %),533700,5082140000,370100,3457570000,177630050,8.79
25/01/2016,-1200,-12000000,10.4(7.22 %),0,0,1200,12000000,177655050,8.78
26/01/2016,0,0,10.1(-2.88 %),0,0,0,0,177832550,8.74
27/01/2016,0,0,10.2(0.99 %),0,0,0,0,178202650,8.66
28/01/2016,-26600,-276860000,10.4(1.96 %),0,0,26600,276860000,178203850,8.66
29/01/2016,0,0,10.3(-0.96 %),0,0,0,0,178203850,8.66
01/02/2016,0,0,10.3(0.00 %),0,0,0,0,178203850,8.66
02/02/2016,-12100,-122510000,10(-2.91 %),0,0,12100,122510000,178230450,8.65
03/02/2016,-26900,-268650000,10.3(3.00 %),0,0,26900,268650000,178230450,8.65
04/02/2016,0,0,10.1(-1.94 %),0,0,0,0,178230450,8.65
05/02/2016,0,0,10.1(0.00 %),0,0,0,0,178242550,8.65
15/02/2016,0,0,10.1(0.00 %),0,0,0,0,178269450,8.64
16/02/2016,0,0,10.3(1.98 %),0,0,0,0,178269450,8.64
17/02/2016,-269000,-2734180000,10.1(-1.94 %),0,0,269000,2734180000,178269450,8.64
18/02/2016,0,0,10.2(0.99 %),0,0,0,0,178269450,8.64
19/02/2016,-53800,-569096400,10.6(3.92 %),0,0,53800,569096400,178269450,8.64
22/02/2016,-161400,-1709480000,10.6(0.00 %),0,0,161400,1709480000,178538450,8.58
23/02/2016,0,0,10.6(0.00 %),0,0,0,0,178538450,8.58
24/02/2016,0,0,10.5(-0.94 %),0,0,0,0,178592250,8.57
25/02/2016,0,0,10.3(-1.90 %),0,0,0,0,178753650,8.53
26/02/2016,0,0,10.3(0.00 %),0,0,0,0,178753650,8.53
29/02/2016,0,0,10.2(-0.97 %),0,0,0,0,178753650,8.53
01/03/2016,-1400,-14280000,10.1(-0.98 %),0,0,1400,14280000,178753650,8.53
02/03/2016,0,0,10.3(1.98 %),0,0,0,0,178753650,8.53
03/03/2016,28000,286300000,10.2(-0.97 %),28000,286300000,0,0,178725650,8.54
04/03/2016,-36900,-376380000,10.2(0.00 %),72000,734400000,108900,1110780000,178655050,8.55
07/03/2016,10800,115160000,10.2(0.00 %),61100,628220000,50300,513060000,178593950,8.57
08/03/2016,72800,757820000,10.3(0.98 %),72800,757820000,0,0,178521150,8.58
09/03/2016,50000,530000000,10.5(1.94 %),50000,530000000,0,0,178471150,8.6
10/03/2016,-10000,-105000000,10.4(-0.95 %),0,0,10000,105000000,178630350,8.56
11/03/2016,0,0,10.4(0.00 %),0,0,0,0,178630350,8.56
14/03/2016,56900,592010000,10.4(0.00 %),56900,592010000,0,0,178573450,8.57
15/03/2016,89100,926640000,10.4(0.00 %),89100,926640000,0,0,178494350,8.59
16/03/2016,45000,468000000,10.5(0.96 %),50000,520000000,5000,52000000,178444350,8.6
17/03/2016,-26700,-280350000,10.4(-0.95 %),0,0,26700,280350000,178444350,8.6
18/03/2016,43200,462040000,10.7(2.88 %),43200,462040000,0,0,178401150,8.61
21/03/2016,29970,317688000,10.5(-1.87 %),30000,318000000,30,312000,178376150,8.62
22/03/2016,67000,703500000,10.5(0.00 %),67000,703500000,0,0,178335850,8.63
23/03/2016,5500,58300000,10.6(0.95 %),5500,58300000,0,0,178330350,8.63
24/03/2016,50000,525000000,10.5(-0.94 %),50000,525000000,0,0,178280380,8.64
25/03/2016,0,0,10.3(-1.90 %),0,0,0,0,178280380,8.64
28/03/2016,114900,1195450000,10.5(1.94 %),121400,1263700000,6500,68250000,178158980,8.67
29/03/2016,-60870,-637894000,10.3(-1.90 %),0,0,60870,637894000,178158980,8.67
30/03/2016,98000,1007700000,10.3(0.00 %),152600,1569168800,54600,561468800,178059980,8.69
31/03/2016,141300,1439690000,10.2(-0.97 %),141300,1439690000,0,0,177925180,8.72
01/04/2016,80500,809000000,9.9(-2.94 %),80500,809000000,0,0,177905550,8.72
04/04/2016,50000,500000000,10(1.01 %),50000,500000000,0,0,177856550,8.73
05/04/2016,-2600,-26000000,10(0.00 %),0,0,2600,26000000,177856550,8.73
06/04/2016,0,0,10.1(1.00 %),0,0,0,0,177856550,8.73
07/04/2016,17000,170800000,9.9(-1.98 %),17000,170800000,0,0,177839550,8.74
08/04/2016,34700,348890000,10.8(9.09 %),34700,348890000,0,0,177807450,8.75
11/04/2016,0,0,11(1.85 %),0,0,0,0,177807450,8.75
12/04/2016,0,0,11.1(0.91 %),0,0,0,0,177807450,8.75
13/04/2016,15300,166770000,10.9(-1.80 %),18000,196200000,2700,29430000,177789450,8.75
14/04/2016,-50000,-548000000,10.9(0.00 %),0,0,50000,548000000,177789450,8.75
15/04/2016,133000,1459000000,10.7(-1.83 %),133000,1459000000,0,0,177656450,8.78
19/04/2016,110000,1164700000,10.4(-2.80 %),110000,1164700000,0,0,177549150,8.8
20/04/2016,76000,790400000,10.4(0.00 %),76000,790400000,0,0,177523150,8.81
21/04/2016,8000,84000000,10.5(0.96 %),8000,84000000,0,0,177515150,8.81
22/04/2016,0,0,10.6(0.95 %),0,0,0,0,177515150,8.81
25/04/2016,-23,-239200,10.7(0.94 %),0,0,23,239200,177515150,8.81
26/04/2016,0,0,10.7(0.00 %),0,0,0,0,177515150,8.81
27/04/2016,0,0,10.5(-1.87 %),0,0,0,0,177515150,8.81
28/04/2016,0,0,10.5(0.00 %),0,0,0,0,177515173,8.81
29/04/2016,-179500,-1866800000,10.4(-0.95 %),0,0,179500,1866800000,177515173,8.81
04/05/2016,0,0,10.3(-0.96 %),0,0,0,0,177515173,8.81
05/05/2016,14300,147790000,10.3(0.00 %),14300,147790000,0,0,177500873,8.82
06/05/2016,10000,103000000,10.3(0.00 %),10000,103000000,0,0,177670373,8.78
09/05/2016,0,0,10.1(-1.94 %),0,0,0,0,177670373,8.78
10/05/2016,-20000,-209500000,10.1(0.00 %),55000,555500000,75000,765000000,177615373,8.79
11/05/2016,-115000,-1162270000,10.2(0.99 %),10000,101500000,125000,1263770000,177605373,8.79
12/05/2016,0,0,10.5(2.94 %),0,0,0,0,177605373,8.79
13/05/2016,-54600,-566540000,10.3(-1.90 %),0,0,54600,566540000,177680373,8.77
16/05/2016,-10000,-104000000,10.4(0.97 %),0,0,10000,104000000,177805373,8.75
17/05/2016,0,0,10.4(0.00 %),0,0,0,0,177805373,8.75
18/05/2016,-200,-2160000,10.7(2.88 %),0,0,200,2160000,177859973,8.73
19/05/2016,0,0,10.6(-0.93 %),0,0,0,0,177869973,8.73
20/05/2016,0,0,10.6(0.00 %),0,0,0,0,177869973,8.73
23/05/2016,10000,107000000,11(3.77 %),10000,107000000,0,0,177860173,8.73
24/05/2016,0,0,11.1(0.91 %),0,0,0,0,177860173,8.73
25/05/2016,-151000,-1667600000,11(-0.90 %),10200,113210000,161200,1780810000,177849973,8.74
26/05/2016,0,0,10.6(-3.64 %),0,0,0,0,177849973,8.74
27/05/2016,0,0,10.6(0.00 %),0,0,0,0,177849973,8.74
30/05/2016,29813,333904300,11.3(6.60 %),80013,891144300,50200,557240000,177931160,8.72
31/05/2016,0,0,11.6(2.65 %),0,0,0,0,177931160,8.72
01/06/2016,0,0,11.7(0.86 %),0,0,0,0,177931160,8.72
02/06/2016,0,0,11.6(-0.85 %),0,0,0,0,177981360,8.71
03/06/2016,2300,29300000,12.2(5.17 %),13000,159980000,10700,130680000,177968360,8.71
06/06/2016,-56700,-703350000,12.2(0.00 %),3300,40650000,60000,744000000,177965060,8.71
07/06/2016,-39300,-516340000,12.8(4.92 %),54800,679910000,94100,1196250000,177910260,8.72
08/06/2016,37400,487440000,12.9(0.78 %),47400,617440000,10000,130000000,177873560,8.73
09/06/2016,2063,27206400,13.1(1.55 %),2063,27206400,0,0,177931497,8.72
10/06/2016,-2000,-26600000,13.1(0.00 %),0,0,2000,26600000,178025597,8.7
13/06/2016,0,0,13.4(2.29 %),0,0,0,0,178035597,8.69
14/06/2016,28100,373670000,13.3(-0.75 %),30000,399000000,1900,25330000,178005597,8.7
15/06/2016,-27400,-362620000,13.2(-0.75 %),0,0,27400,362620000,178007597,8.7
16/06/2016,4300,54610000,12.4(-0.80 %),4300,54610000,0,0,178003297,8.7
17/06/2016,-676300,-8005020000,11.8(-4.84 %),0,0,676300,8005020000,178005197,8.7
20/06/2016,-32200,-380440000,11.8(0.00 %),0,0,32200,380440000,178032597,8.69
21/06/2016,0,0,11.9(0.85 %),0,0,0,0,178032597,8.69
22/06/2016,0,0,13(9.24 %),0,0,0,0,178708897,8.54
23/06/2016,7800,107480000,13.7(5.38 %),7800,107480000,0,0,178733297,8.54
24/06/2016,14000,180600000,13.1(-4.38 %),14000,180600000,0,0,178719297,8.54
27/06/2016,-12000,-154400000,13.2(0.76 %),0,0,12000,154400000,178719297,8.54
28/06/2016,7500,102000000,13.6(3.03 %),7500,102000000,0,0,178711797,8.54
29/06/2016,-165700,-2368640000,14.7(8.09 %),15000,216000000,180700,2584640000,178696797,8.54
30/06/2016,20000,284000000,14.2(-3.40 %),20000,284000000,0,0,178688797,8.55
01/07/2016,-113500,-1696700000,14.5(2.11 %),33000,486500000,146500,2183200000,178655797,8.55
04/07/2016,-600013,-9230199000,15.9(9.66 %),0,0,600013,9230199000,178836497,8.51
05/07/2016,-20000,-321460000,15.9(0.00 %),0,0,20000,321460000,178836497,8.51
06/07/2016,-389100,-6558960000,17.4(9.43 %),13000,218400000,402100,6777360000,178969997,8.48
07/07/2016,-202000,-3616200000,18.1(4.02 %),0,0,202000,3616200000,179570010,8.35
08/07/2016,-15600,-283620000,18.5(2.21 %),0,0,15600,283620000,179590010,8.34
11/07/2016,8000,148800000,16.7(-9.73 %),8000,148800000,0,0,179984110,8.25
12/07/2016,31000,502660000,17.6(5.39 %),31000,502660000,0,0,180155110,8.21
13/07/2016,3000,53900000,17.7(0.57 %),3000,53900000,0,0,180167710,8.21
14/07/2016,58900,1018150000,16.1(-9.04 %),58900,1018150000,0,0,180108810,8.22
15/07/2016,-4200,-68040000,16.3(1.24 %),0,0,4200,68040000,180108810,8.22
18/07/2016,28937,489422700,17.3(6.13 %),30000,507000000,1063,17577300,180078810,8.23
19/07/2016,7500,126600000,16.5(-4.62 %),9000,153000000,1500,26400000,180069810,8.23
20/07/2016,1600,24380000,15(-9.09 %),1600,24380000,0,0,180072410,8.23
21/07/2016,0,0,14.7(-2.00 %),0,0,0,0,180073473,8.23
22/07/2016,0,0,15.9(8.16 %),0,0,0,0,180074973,8.23
25/07/2016,0,0,15(-5.66 %),0,0,0,0,180074973,8.23
26/07/2016,0,0,14.7(-2.00 %),0,0,0,0,180074973,8.23
27/07/2016,57000,857700000,14.8(0.68 %),57000,857700000,0,0,180017973,8.25
28/07/2016,25000,369900000,14.6(-1.35 %),25000,369900000,0,0,179992973,8.25
29/07/2016,7500,108850000,14.9(2.05 %),30000,443000000,22500,334150000,179962973,8.26
01/08/2016,227800,3407000000,15(0.67 %),227800,3407000000,0,0,179735173,8.31
02/08/2016,69000,977700000,14.2(-5.33 %),75000,1065000000,6000,87300000,179660173,8.33
03/08/2016,3900,54790000,13.9(-2.11 %),4900,69090000,1000,14300000,179677773,8.32
04/08/2016,-6000,-85100000,13.2(-5.04 %),1000,13200000,7000,98300000,179676773,8.32
05/08/2016,35000,447000000,13.3(0.76 %),35000,447000000,0,0,179647773,8.33
08/08/2016,0,0,13.5(1.50 %),0,0,0,0,179648773,8.33
09/08/2016,30000,408000000,13.6(0.74 %),30000,408000000,0,0,179625773,8.33
10/08/2016,0,0,14.3(5.15 %),0,0,0,0,179625773,8.33
11/08/2016,7700,140110000,14.9(4.20 %),50000,745000000,42300,604890000,179575773,8.35
12/08/2016,-48,-710400,15(0.67 %),0,0,48,710400,179575773,8.35
15/08/2016,-50000,-760000000,15.9(6.00 %),50000,770000000,100000,1530000000,179525773,8.36
16/08/2016,-20000,-318000000,15.8(-0.63 %),0,0,20000,318000000,179568073,8.35
17/08/2016,16000,249600000,15.4(-2.53 %),16000,249600000,0,0,179552121,8.35
18/08/2016,0,0,15.3(-0.65 %),0,0,0,0,179652121,8.33
19/08/2016,0,0,14.6(-4.58 %),0,0,0,0,179672121,8.32
22/08/2016,-30000,-421710000,14(-4.11 %),0,0,30000,421710000,179672121,8.32
23/08/2016,0,0,14.7(5.00 %),0,0,0,0,179672121,8.32
24/08/2016,0,0,14.8(0.68 %),0,0,0,0,179672121,8.32
25/08/2016,-40000,-590000000,14.7(-0.68 %),0,0,40000,590000000,179702121,8.32
26/08/2016,-30060,-454934000,15.3(4.08 %),40,596000,30100,455530000,179702081,8.32
29/08/2016,50000,785000000,15.1(-1.31 %),50000,785000000,0,0,179652081,8.33
30/08/2016,1000,15400000,15.4(1.99 %),1000,15400000,0,0,179691081,8.32
31/08/2016,0,0,16.3(5.84 %),0,0,0,0,179721181,8.31
01/09/2016,2520,41584000,16.6(1.84 %),2540,41910000,20,326000,179718641,8.31
05/09/2016,29500,501490000,16.8(1.20 %),30200,513400000,700,11910000,179688441,8.32
06/09/2016,-295300,-4825540000,16(-4.76 %),5000,83000000,300300,4908540000,179683441,8.32
07/09/2016,400,6520000,16.4(2.50 %),400,6520000,0,0,179683061,8.32
08/09/2016,-106000,-1740100000,16.3(-0.61 %),50000,815000000,156000,2555100000,179633761,8.33
09/09/2016,-156000,-2510760000,16(-1.84 %),0,0,156000,2510760000,179934061,8.26
12/09/2016,99500,1677600000,17.2(7.50 %),100000,1686000000,500,8400000,179834061,8.29
13/09/2016,-282955,-4890261500,17.3(0.58 %),339200,5812670000,622155,10702931500,179650861,8.33
14/09/2016,0,0,17.2(-0.58 %),0,0,0,0,179806861,8.29
15/09/2016,21000,357900000,16.8(-2.33 %),21000,357900000,0,0,179786361,8.3
16/09/2016,6329900,105709330000,16.7(-0.60 %),6329900,105709330000,0,0,174078616,9.59
19/09/2016,-50000,-820000000,15.6(-6.59 %),0,0,50000,820000000,174078616,9.59
20/09/2016,-487500,-7620400000,16.4(5.13 %),2000,31300000,489500,7651700000,174076616,9.59
21/09/2016,-80000,-1295640000,16.2(-1.22 %),0,0,80000,1295640000,174076616,9.59
22/09/2016,1000,16300000,16.2(0.00 %),1000,16300000,0,0,174125616,9.58
23/09/2016,0,0,15.9(-1.85 %),408587,6619109400,408587,6619109400,174615116,9.47
26/09/2016,0,0,15.7(-1.26 %),0,0,0,0,174695116,9.45
27/09/2016,0,0,16.1(2.55 %),0,0,0,0,174695116,9.45
28/09/2016,0,0,16.1(0.00 %),0,0,0,0,174695116,9.45
29/09/2016,0,0,16(-0.62 %),0,0,0,0,174695116,9.45
30/09/2016,400,6360000,15.7(-1.88 %),400,6360000,0,0,174694716,9.45
03/10/2016,-100,-1590000,15.9(1.27 %),0,0,100,1590000,174694716,9.45
04/10/2016,36000,576500000,15.9(0.00 %),36000,576500000,0,0,174658716,9.46
05/10/2016,50000,795000000,15.9(0.00 %),50000,795000000,0,0,174608716,9.47
06/10/2016,-49500,-779270000,15.6(-1.89 %),0,0,49500,779270000,174608816,9.47
07/10/2016,-11000,-170500000,15.6(0.00 %),0,0,11000,170500000,174608816,9.47
10/10/2016,-500,-7950000,15.8(1.28 %),0,0,500,7950000,174608816,9.47
11/10/2016,0,0,15.8(0.00 %),0,0,0,0,174658316,9.46
12/10/2016,0,0,16(1.27 %),0,0,0,0,174669316,9.46
13/10/2016,0,0,16.7(4.38 %),0,0,0,0,174669816,9.46
14/10/2016,0,0,16.4(-1.80 %),0,0,0,0,174669816,9.46
17/10/2016,-137700,-2264450000,16.6(1.22 %),0,0,137700,2264450000,174669816,9.46
18/10/2016,0,0,17(2.41 %),0,0,0,0,174669816,9.46
19/10/2016,89500,1534750000,17(0.00 %),89500,1534750000,0,0,174579824,9.48
20/10/2016,-3220,-54418000,16.9(-0.59 %),0,0,3220,54418000,174717524,9.45
21/10/2016,-41303,-683760100,16.2(-4.14 %),0,0,41303,683760100,174717524,9.45
24/10/2016,-78900,-1253670000,15.7(-3.09 %),100,1630000,79000,1255300000,174717424,9.45
25/10/2016,0,0,15.9(1.27 %),0,0,0,0,174720644,9.44
26/10/2016,-7500,-117000000,15.8(-0.63 %),0,0,7500,117000000,174761947,9.44
27/10/2016,0,0,15.8(0.00 %),0,0,0,0,174840947,9.42
28/10/2016,50000,800000000,16.1(1.90 %),50000,800000000,0,0,174790947,9.43
31/10/2016,0,0,15.9(-1.24 %),0,0,0,0,174798447,9.43
01/11/2016,0,0,16(0.63 %),0,0,0,0,174798447,9.43
02/11/2016,0,0,15.6(-2.50 %),0,0,0,0,174798447,9.43
03/11/2016,0,0,15.5(-0.64 %),0,0,0,0,174798447,9.43
04/11/2016,-1100,-16940000,15.3(-1.29 %),0,0,1100,16940000,174798447,9.43
07/11/2016,-2500,-39390000,15.8(3.27 %),0,0,2500,39390000,174798447,9.43
08/11/2016,0,0,15.8(0.00 %),0,0,0,0,174798447,9.43
09/11/2016,-50000,-750000000,15.6(-1.27 %),0,0,50000,750000000,174799547,9.43
10/11/2016,-5000,-76500000,15.7(0.64 %),10000,159000000,15000,235500000,174792047,9.43
11/11/2016,0,0,15.4(-1.91 %),0,0,0,0,174792047,9.43
14/11/2016,-325600,-4999820000,15.3(-0.65 %),0,0,325600,4999820000,174842047,9.42
15/11/2016,-123700,-1884410000,15.3(0.00 %),0,0,123700,1884410000,174857047,9.41
16/11/2016,-106000,-1628590000,15.7(2.61 %),0,0,106000,1628590000,174857047,9.41
17/11/2016,-325600,-5039290000,15.4(-1.91 %),0,0,325600,5039290000,175182647,9.34
18/11/2016,-91400,-1472540000,16.1(4.55 %),0,0,91400,1472540000,175306347,9.31
21/11/2016,-174200,-2803760000,16.1(0.00 %),0,0,174200,2803760000,175412347,9.29
22/11/2016,-2500,-40550000,16.7(3.73 %),0,0,2500,40550000,175737947,9.21
23/11/2016,0,0,16.1(-3.59 %),0,0,0,0,175829347,9.19
24/11/2016,0,0,16(-0.62 %),0,0,0,0,176003547,9.15
25/11/2016,0,0,15.7(-1.88 %),0,0,0,0,176006047,9.15
28/11/2016,-365100,-5669820000,15.6(-0.64 %),1200,18600000,366300,5688420000,176004847,9.15
29/11/2016,-122100,-1897680000,15.4(-1.28 %),0,0,122100,1897680000,176004847,9.15
30/11/2016,-179600,-2757040000,15.3(-0.65 %),0,0,179600,2757040000,176004847,9.15
01/12/2016,-122400,-1889220000,15.5(1.31 %),0,0,122400,1889220000,176371147,9.07
02/12/2016,-20000,-313000000,15.4(-0.65 %),0,0,20000,313000000,176493247,9.04
05/12/2016,156500,2401050000,15.3(-0.65 %),156500,2401050000,0,0,176516347,9.04
06/12/2016,54800,835670000,15.1(-1.31 %),87500,1336190000,32700,500520000,176551247,9.03
07/12/2016,0,0,14.9(-1.32 %),0,0,0,0,176571247,9.03
08/12/2016,0,0,14.7(-1.34 %),0,0,0,0,176571247,9.03
09/12/2016,0,0,14.4(-2.04 %),0,0,0,0,176603947,9.02
12/12/2016,0,0,13.2(-8.33 %),0,0,0,0,176603947,9.02
13/12/2016,-49600,-665080000,13.4(1.52 %),0,0,49600,665080000,176603947,9.02
14/12/2016,0,0,13.8(2.99 %),0,0,0,0,176603947,9.02
15/12/2016,0,0,13.6(-1.45 %),0,0,0,0,176603947,9.02
16/12/2016,-2966500,-40833070000,13.8(1.47 %),0,0,2966500,40833070000,176653547,9.01
19/12/2016,-34300,-484560000,14.2(2.90 %),0,0,34300,484560000,176653547,9.01
20/12/2016,0,0,13.9(-2.11 %),0,0,0,0,176653547,9.01
21/12/2016,0,0,13.8(-0.72 %),0,0,0,0,179620047,8.34
22/12/2016,6800,92480000,13.5(-2.17 %),6800,92480000,0,0,179647547,8.33
23/12/2016,-66600,-894300000,13.5(0.00 %),0,0,66600,894300000,179647547,8.33
26/12/2016,-1800,-24170000,13.6(0.74 %),0,0,1800,24170000,179647547,8.33
27/12/2016,0,0,13.7(0.74 %),0,0,0,0,179647547,8.33
28/12/2016,-66600,-912970000,13.6(-0.73 %),0,0,66600,912970000,179714147,8.31
29/12/2016,0,0,13.7(0.74 %),0,0,0,0,179715947,8.31
30/12/2016,0,0,13.5(-1.46 %),0,0,0,0,179715947,8.31
03/01/2017,26100,354880000,13.6(0.74 %),26900,365840000,800,10960000,179755647,8.3
04/01/2017,0,0,14(2.94 %),0,0,0,0,179755647,8.3
05/01/2017,800,11280000,14.3(2.14 %),800,11280000,0,0,179754847,8.3
06/01/2017,33400,475280000,14(-2.10 %),33400,475280000,0,0,179722247,8.31
09/01/2017,100200,1415100000,14.1(0.71 %),100200,1415100000,0,0,179622047,8.33
10/01/2017,67000,948700000,14.4(2.13 %),67000,948700000,0,0,179555047,8.35
11/01/2017,0,0,14.6(1.39 %),0,0,0,0,179555047,8.35
12/01/2017,0,0,14.3(-2.05 %),0,0,0,0,179555047,8.35
13/01/2017,33400,475360000,14.1(-1.40 %),33400,475360000,0,0,179521647,8.36
16/01/2017,0,0,13.9(-1.42 %),0,0,0,0,179521647,8.36
17/01/2017,0,0,13.8(-0.72 %),0,0,0,0,179521647,8.36
18/01/2017,0,0,13.7(-0.72 %),0,0,0,0,179521647,8.36
19/01/2017,0,0,13.6(-0.73 %),0,0,0,0,179521647,8.36
20/01/2017,33500,463350000,13.9(2.21 %),33500,463350000,0,0,179488147,8.37
23/01/2017,0,0,13.8(-0.72 %),0,0,0,0,179488147,8.37
24/01/2017,0,0,13.8(0.00 %),0,0,0,0,179488147,8.37
25/01/2017,10,151000,14(1.45 %),10,151000,0,0,179488137,8.37
02/02/2017,-525400,-7369540000,14.1(0.71 %),0,0,525400,7369540000,179488137,8.37
03/02/2017,-121200,-1703520000,13.9(-1.42 %),101200,1414580000,222400,3118100000,179386937,8.39
06/02/2017,-152000,-2133720000,14.2(2.16 %),100200,1412780000,252200,3546500000,179286737,8.41
07/02/2017,101200,1509840000,14.9(4.93 %),101200,1509840000,0,0,179710937,8.31
08/02/2017,33400,503100000,15.2(2.01 %),33400,503100000,0,0,179899937,8.27
09/02/2017,1200,18140000,14.9(-1.97 %),1200,18140000,0,0,180150937,8.22
10/02/2017,400,6140000,15.2(2.01 %),2000,30300000,1600,24160000,180148937,8.22
13/02/2017,98100,1537040000,15.8(3.95 %),100000,1567000000,1900,29960000,180048937,8.24
14/02/2017,4000,63200000,15.8(0.00 %),4000,63200000,0,0,180044937,8.24
15/02/2017,400,6320000,15.8(0.00 %),400,6320000,0,0,180046137,8.24
16/02/2017,85200,1354580000,15.4(-2.53 %),85200,1354580000,0,0,179962837,8.26
17/02/2017,33400,526120000,15.6(1.30 %),48400,760720000,15000,234600000,179914437,8.27
20/02/2017,-3000,-47800000,16.3(4.49 %),0,0,3000,47800000,179914437,8.27
21/02/2017,-1000,-16300000,16.1(-1.23 %),0,0,1000,16300000,179914437,8.27
22/02/2017,100800,1610660000,15.8(-1.86 %),101000,1613860000,200,3200000,179828437,8.29
23/02/2017,33400,521020000,15.6(-1.27 %),33400,521020000,0,0,179798037,8.3
24/02/2017,0,0,15.4(-1.28 %),0,0,0,0,179799037,8.29
27/02/2017,0,0,15.5(0.65 %),0,0,0,0,179799237,8.29
28/02/2017,0,0,15.2(-1.94 %),0,0,0,0,179799237,8.29
01/03/2017,0,0,15(-1.32 %),0,0,0,0,179799237,8.29
02/03/2017,0,0,15.5(3.33 %),0,0,0,0,179799237,8.29
03/03/2017,0,0,15.2(-1.94 %),0,0,0,0,179799237,8.29
06/03/2017,20700,321230000,15.7(3.29 %),20700,321230000,0,0,179778537,8.3
07/03/2017,-1600,-25120000,16(1.91 %),1200,18840000,2800,43960000,179777337,8.3
08/03/2017,0,0,15.9(-0.62 %),0,0,0,0,179777337,8.3
09/03/2017,-8000,-128000000,15.9(0.00 %),0,0,8000,128000000,179777337,8.3
10/03/2017,-33500,-537050000,16(0.63 %),0,0,33500,537050000,179780137,8.3
13/03/2017,0,0,15.7(-1.88 %),0,0,0,0,179780137,8.3
14/03/2017,0,0,15.8(0.64 %),0,0,0,0,179788137,8.3
15/03/2017,-234500,-3667570000,15.6(-1.27 %),0,0,234500,3667570000,179821637,8.29
16/03/2017,-47100,-739470000,15.9(1.92 %),0,0,47100,739470000,179821637,8.29
17/03/2017,-2487700,-40728980000,16.4(3.14 %),370000,6068000000,2857700,46796980000,179451637,8.37
20/03/2017,200,3400000,16.5(0.61 %),200,3400000,0,0,179685937,8.32
21/03/2017,0,0,16.7(1.21 %),0,0,0,0,179733037,8.31
22/03/2017,20900,350960000,16.2(-2.99 %),20900,350960000,0,0,182611637,7.66
23/03/2017,160000,2595490000,16.4(1.23 %),169900,2756360000,9900,160870000,182441737,7.7
24/03/2017,57900,955350000,16.2(-1.22 %),57900,955350000,0,0,182383837,7.71
27/03/2017,135300,2191860000,16.1(-0.62 %),135300,2191860000,0,0,182248537,7.74
28/03/2017,500,8050000,16.1(0.00 %),500,8050000,0,0,182257937,7.74
29/03/2017,500,8100000,16(-0.62 %),500,8100000,0,0,182257437,7.74
30/03/2017,200,3200000,15.9(-0.62 %),200,3200000,0,0,182257237,7.74
31/03/2017,500,7900000,15.8(-0.63 %),500,7900000,0,0,182256737,7.74
03/04/2017,-10000,-156500000,15.7(-0.63 %),0,0,10000,156500000,182256737,7.74
04/04/2017,70000,1113000000,15.6(-0.64 %),70000,1113000000,0,0,182186737,7.75
05/04/2017,0,0,15.7(0.64 %),0,0,0,0,182186737,7.75
07/04/2017,0,0,15.6(-0.64 %),0,0,0,0,182196737,7.75
10/04/2017,-70001,-1084154100,15.4(-1.28 %),0,0,70001,1084154100,182196737,7.75
11/04/2017,0,0,15.7(1.95 %),0,0,0,0,182196737,7.75
12/04/2017,0,0,15.5(-1.27 %),0,0,0,0,182196737,7.75
13/04/2017,-20000,-310000000,15.3(-1.29 %),0,0,20000,310000000,182266738,7.74
14/04/2017,-80000,-1213000000,15.2(-0.65 %),0,0,80000,1213000000,182266738,7.74
17/04/2017,49190,732943000,14.9(-1.97 %),49200,733080000,10,137000,182217538,7.75
18/04/2017,369800,5517740000,15(0.67 %),369800,5517740000,0,0,181867738,7.83
19/04/2017,0,0,15.1(0.67 %),0,0,0,0,181947738,7.81
20/04/2017,0,0,14.6(-3.31 %),0,0,0,0,181947748,7.81
21/04/2017,347700,5150170000,14.8(1.37 %),347700,5150170000,0,0,181600048,7.89
24/04/2017,-1200,-17760000,14.6(-1.35 %),0,0,1200,17760000,181600048,7.89
25/04/2017,0,0,14.5(-0.68 %),0,0,0,0,181600048,7.89
26/04/2017,373800,5498470000,14.8(2.07 %),373800,5498470000,0,0,181226248,7.97
27/04/2017,894300,13594030000,15.4(4.05 %),894400,13595560000,100,1530000,180333048,8.17
28/04/2017,1101900,17140790000,15.7(1.95 %),1101900,17140790000,0,0,179231148,8.42
03/05/2017,0,0,15.6(-0.64 %),0,0,0,0,179231148,8.42
04/05/2017,88600,1399660000,15.5(-0.64 %),338600,5312160000,250000,3912500000,178892648,8.5
05/05/2017,0,0,15.3(-1.29 %),0,0,0,0,178892648,8.5
08/05/2017,-100,-1570000,15.7(2.61 %),0,0,100,1570000,178892648,8.5
09/05/2017,0,0,15.9(1.27 %),0,0,0,0,179142648,8.44
10/05/2017,6000,96300000,15.8(-0.63 %),6000,96300000,0,0,179136648,8.44
11/05/2017,3000,47400000,15.6(-1.27 %),3000,47400000,0,0,179133748,8.45
12/05/2017,-100000,-1572500000,15.8(1.28 %),0,0,100000,1572500000,179133748,8.45
15/05/2017,4600,79420000,17.3(9.49 %),5000,86300000,400,6880000,179128748,8.45
16/05/2017,-26600,-473830000,17.2(-0.58 %),0,0,26600,473830000,179128748,8.45
17/05/2017,0,0,18.7(8.72 %),0,0,0,0,179228748,8.42
18/05/2017,26100,492230000,18.3(-2.14 %),26500,499710000,400,7480000,179202648,8.43
19/05/2017,7400,133310000,18.3(0.00 %),12400,224310000,5000,91000000,179216848,8.43
22/05/2017,-20000,-374390000,18.1(-1.09 %),0,0,20000,374390000,179216848,8.43
23/05/2017,296600,5279440000,17.8(-1.66 %),296800,5283040000,200,3600000,178920448,8.49
24/05/2017,152500,2714360000,17.9(0.56 %),153200,2726960000,700,12600000,178772248,8.53
25/05/2017,-279600,-5121980000,18.3(2.23 %),13000,241800000,292600,5363780000,178779248,8.53
26/05/2017,800,14690000,18.3(0.00 %),800,14690000,0,0,178778648,8.53
29/05/2017,-32200,-621270000,18.9(3.28 %),0,0,32200,621270000,178779348,8.53
30/05/2017,-2780,-54260000,18.4(-2.65 %),2720,51890000,5500,106150000,179069228,8.46
31/05/2017,0,0,18(-2.17 %),0,0,0,0,179069228,8.46
01/06/2017,26700,484270000,18.1(0.56 %),26700,484270000,0,0,179074728,8.46
02/06/2017,-277720,-4991638000,17.8(-1.66 %),0,0,277720,4991638000,179080228,8.46
05/06/2017,30100,541080000,18(1.12 %),80100,1440130000,50000,899050000,179000128,8.48
06/06/2017,0,0,18.2(1.11 %),0,0,0,0,179000128,8.48
07/06/2017,-35300,-650340000,18.4(1.10 %),5700,104880000,41000,755220000,179272148,8.41
08/06/2017,-101600,-1861520000,18.2(-1.09 %),1000,18300000,102600,1879820000,179321148,8.4
09/06/2017,-2500,-46500000,18.6(2.20 %),0,0,2500,46500000,179321148,8.4
12/06/2017,0,0,18.6(0.00 %),0,0,0,0,179362148,8.39
13/06/2017,50000,920000000,18.6(0.00 %),50000,920000000,0,0,179414748,8.38
14/06/2017,28242,515768000,18.9(1.61 %),40000,740000000,11758,224232000,179377248,8.39
15/06/2017,189000,3591000000,19(0.53 %),200000,3800000000,11000,209000000,179177248,8.44
16/06/2017,-808000,-15738880000,19.5(2.63 %),1000,19200000,809000,15758080000,179176248,8.44
19/06/2017,-99000,-1936600000,19.4(-0.51 %),1000,19500000,100000,1956100000,179187006,8.43
20/06/2017,90020,1736886000,19.5(0.52 %),100000,1930000000,9980,193114000,179098006,8.45
21/06/2017,30000,591000000,19.7(1.03 %),30000,591000000,0,0,179877006,8.28
22/06/2017,50000,1016000000,20.4(3.55 %),50000,1016000000,0,0,179927006,8.27
23/06/2017,24800,510300000,20.6(0.98 %),24800,510300000,0,0,179912186,8.27
26/06/2017,32700,680390000,20.8(0.97 %),32700,680390000,0,0,179879486,8.28
27/06/2017,49700,1019970000,20.2(-2.88 %),49700,1019970000,0,0,179829786,8.29
28/06/2017,64800,1321160000,21.3(5.45 %),64800,1321160000,0,0,179764986,8.3
29/06/2017,-28200,-600770000,21.4(0.47 %),31800,683230000,60000,1284000000,179733186,8.31
30/06/2017,6900,151060000,21.4(0.00 %),26900,581060000,20000,430000000,179706286,8.32
03/07/2017,-41000,-873400000,21.1(-1.40 %),0,0,41000,873400000,179706286,8.32
04/07/2017,-11600,-248820000,21.5(1.90 %),0,0,11600,248820000,179766286,8.3
05/07/2017,600,13020000,21.5(0.00 %),600,13020000,0,0,179785686,8.3
06/07/2017,-17400,-372750000,21.7(0.93 %),0,0,17400,372750000,179826686,8.29
07/07/2017,11100,264520000,21.2(-2.30 %),51000,1122540000,39900,858020000,179787286,8.3
10/07/2017,-60000,-1244700000,20.6(-2.83 %),0,0,60000,1244700000,179787286,8.3
11/07/2017,4200,83580000,20.1(1.52 %),4200,83580000,0,0,179800486,8.29
12/07/2017,-18000,-359350000,20.1(0.00 %),10500,211600000,28500,570950000,179829886,8.29
13/07/2017,6000,116500000,20.2(0.50 %),25000,504000000,19000,387500000,179864886,8.28
14/07/2017,-81300,-1661580000,20.5(1.49 %),2000,41000000,83300,1702580000,179862886,8.28
17/07/2017,-61700,-1263110000,19.5(-4.88 %),0,0,61700,1263110000,179891386,8.27
18/07/2017,0,0,19.8(1.54 %),0,0,0,0,179910386,8.27
19/07/2017,-41500,-813400000,19.5(-1.52 %),0,0,41500,813400000,179993686,8.25
20/07/2017,0,0,19.5(0.00 %),0,0,0,0,180055386,8.24
21/07/2017,0,-32670000,18.9(-3.08 %),100000,1893330000,100000,1926000000,179955386,8.26
24/07/2017,6000,113400000,18.6(-1.59 %),6000,113400000,0,0,179990886,8.25
25/07/2017,0,0,19.1(2.69 %),0,0,0,0,179990886,8.25
26/07/2017,-53200,-1038040000,19.8(3.66 %),0,0,53200,1038040000,180090886,8.23
27/07/2017,0,0,19.7(-0.51 %),0,0,0,0,180090886,8.23
28/07/2017,-99300,-1991210000,20(1.52 %),700,13790000,100000,2005000000,180090186,8.23
31/07/2017,0,0,20(0.00 %),0,0,0,0,180143386,8.22
01/08/2017,-400,-8540000,20.4(2.00 %),5000,102000000,5400,110540000,180138386,8.22
02/08/2017,-137100,-2766830000,20.2(-0.98 %),0,0,137100,2766830000,180238386,8.2
03/08/2017,-20000,-404000000,20.1(-0.50 %),0,0,20000,404000000,180238386,8.2
04/08/2017,2000,41400000,20.6(2.49 %),8000,164600000,6000,123200000,180235786,8.2
07/08/2017,-10000,-210000000,21.3(3.40 %),0,0,10000,210000000,180372886,8.16
08/08/2017,0,0,21(-1.41 %),0,0,0,0,180392886,8.16
09/08/2017,0,0,20.3(-3.33 %),0,0,0,0,180398886,8.16
10/08/2017,-600,-12060000,20.1(-0.99 %),0,0,600,12060000,180408886,8.16
11/08/2017,0,0,20.2(0.50 %),0,0,0,0,180408886,8.16
14/08/2017,-108800,-2205720000,20.5(1.49 %),0,0,108800,2205720000,180408886,8.16
15/08/2017,0,0,20.3(-0.98 %),0,0,0,0,180409486,8.16
16/08/2017,-9800,-197960000,20.3(0.00 %),200,4040000,10000,202000000,180409286,8.16
17/08/2017,0,0,20(-1.48 %),0,0,0,0,180518086,8.13
18/08/2017,40000,794000000,19.9(-0.50 %),50000,994000000,10000,200000000,180468086,8.14
21/08/2017,-369300,-7442590000,19.9(0.00 %),0,0,369300,7442590000,180478086,8.14
22/08/2017,-86000,-1713140000,19.8(-0.50 %),1000,20000000,87000,1733140000,180477086,8.14
23/08/2017,0,0,20(1.01 %),0,0,0,0,180487086,8.14
24/08/2017,-24300,-483470000,19.9(-0.50 %),500,10050000,24800,493520000,180855886,8.06
25/08/2017,0,0,21(5.53 %),0,0,0,0,180942886,8.04
28/08/2017,-20000,-424000000,21.7(3.33 %),0,0,20000,424000000,180942886,8.04
29/08/2017,-330650,-7009260000,21.2(-2.30 %),1050,22780000,331700,7032040000,180966636,8.03
30/08/2017,500,10700000,21.4(0.94 %),500,10700000,0,0,180966136,8.03
31/08/2017,200,4340000,21.7(1.40 %),200,4340000,0,0,180985936,8.03
01/09/2017,80000,1734050000,21.8(0.46 %),80000,1734050000,0,0,181237636,7.97
05/09/2017,80000,1739000000,21.5(-1.38 %),80000,1739000000,0,0,181157636,7.99
06/09/2017,-51200,-1085560000,21(-2.33 %),244900,5189470000,296100,6275030000,180912736,8.04
07/09/2017,-269600,-5667160000,20.7(-1.43 %),200,4240000,269800,5671400000,180912536,8.04
08/09/2017,-48000,-996980000,20.7(0.00 %),0,0,48000,996980000,180912536,8.04
11/09/2017,0,0,20.6(-0.48 %),0,0,0,0,181208636,7.98
12/09/2017,-3000,-61800000,21(1.94 %),0,0,3000,61800000,181478436,7.91
13/09/2017,0,0,20.9(-0.48 %),0,0,0,0,181526436,7.9
14/09/2017,-9,-189000,20.7(-0.96 %),0,0,9,189000,181526436,7.9
15/09/2017,8600,178020000,20.7(0.00 %),8600,178020000,0,0,181520836,7.91
18/09/2017,4200,84540000,20.9(0.97 %),28200,583740000,24000,499200000,181492636,7.91
19/09/2017,-258200,-5406890000,20.8(-0.48 %),0,0,258200,5406890000,181492645,7.91
20/09/2017,0,0,20.9(0.48 %),0,0,0,0,181492645,7.91
21/09/2017,0,0,20.7(-0.96 %),0,0,0,0,181516645,7.91
22/09/2017,0,0,20.5(-0.97 %),0,0,0,0,181774845,7.85
25/09/2017,0,0,20.2(-1.46 %),0,0,0,0,181774845,7.85
26/09/2017,0,0,20.4(0.99 %),0,0,0,0,181774845,7.85
27/09/2017,-200,-4080000,21(2.94 %),0,0,200,4080000,181774845,7.85
28/09/2017,100000,2076000000,20.7(-1.43 %),100000,2076000000,0,0,181674845,7.87
29/09/2017,0,0,20.7(0.00 %),0,0,0,0,181674845,7.87
02/10/2017,-1000,-20500000,20.5(-0.97 %),0,0,1000,20500000,181675045,7.87
03/10/2017,-282200,-5738500000,20(-2.44 %),0,0,282200,5738500000,181675045,7.87
04/10/2017,0,0,20.4(2.00 %),0,0,0,0,181675045,7.87
05/10/2017,0,0,20.3(-0.49 %),0,0,0,0,181676045,7.87
06/10/2017,-5000,-102500000,20.8(2.46 %),0,0,5000,102500000,181958245,7.81
09/10/2017,1500,31800000,21.1(1.44 %),1500,31800000,0,0,181956745,7.81
10/10/2017,0,0,21.4(1.42 %),0,0,0,0,181956745,7.81
11/10/2017,0,0,21.3(-0.47 %),0,0,0,0,181961745,7.81
12/10/2017,-1500,-32100000,21.4(0.47 %),0,0,1500,32100000,181961745,7.81
13/10/2017,0,0,22.5(5.14 %),0,0,0,0,181961745,7.81
16/10/2017,17000,386300000,22.7(0.89 %),17000,386300000,0,0,181944745,7.81
17/10/2017,400,9040000,22.6(-0.44 %),400,9040000,0,0,181945845,7.81
18/10/2017,-138000,-3098600000,22.3(-1.33 %),0,0,138000,3098600000,181945845,7.81
19/10/2017,20900,468800000,22.4(0.45 %),20900,468800000,0,0,181924945,7.81
20/10/2017,47000,1062700000,22.4(0.00 %),47000,1062700000,0,0,181877945,7.82
23/10/2017,76700,1669880000,21.1(-5.80 %),76700,1669880000,0,0,181939245,7.81
24/10/2017,40104,850879000,21.3(0.95 %),46800,992160000,6696,141281000,181892445,7.82
25/10/2017,35500,760600000,21.3(0.00 %),44700,956580000,9200,195980000,181847745,7.83
26/10/2017,17800,387260000,21.5(0.94 %),27800,603260000,10000,216000000,181819945,7.84
27/10/2017,602500,12949950000,21.5(0.00 %),602500,12949950000,0,0,181224141,7.97
30/10/2017,199500,4333600000,21.5(0.00 %),202500,4399000000,3000,65400000,181030841,8.02
31/10/2017,-56300,-1204880000,21.4(-0.47 %),0,0,56300,1204880000,181040841,8.01
01/11/2017,435600,9386900000,21.6(0.93 %),512900,11055850000,77300,1668950000,180527941,8.13
02/11/2017,1000000,21487000000,21.5(-0.46 %),1000000,21487000000,0,0,179530941,8.36
03/11/2017,746400,15758560000,21.4(-0.47 %),746400,15758560000,0,0,178840841,8.51
06/11/2017,-35500,-766510000,21.6(0.93 %),100,2150000,35600,768660000,178918041,8.49
07/11/2017,4200,90300000,21.6(0.00 %),6200,133300000,2000,43000000,178911841,8.5
08/11/2017,206700,4485900000,21.9(1.39 %),208700,4529500000,2000,43600000,178703141,8.54
09/11/2017,220000,5010590000,23(5.02 %),225000,5123090000,5000,112500000,178513741,8.59
10/11/2017,107000,2449650000,22.8(-0.87 %),115000,2632050000,8000,182400000,178400741,8.61
13/11/2017,-5500,-122950000,24.7(8.33 %),20000,474000000,25500,596950000,178382741,8.62
14/11/2017,521600,12957220000,24.8(0.40 %),550800,13680590000,29200,723370000,177836941,8.74
15/11/2017,67524,1681395200,24.8(0.00 %),80524,2005095200,13000,323700000,177764417,8.76
16/11/2017,237831,6036181900,25.6(3.23 %),271331,6893481900,33500,857300000,177518586,8.81
17/11/2017,27100,698210000,25.2(-1.56 %),56100,1444810000,29000,746600000,177491686,8.82
20/11/2017,48300,1215530000,25(-0.79 %),48300,1215530000,0,0,177456386,8.83
21/11/2017,-162700,-4112770000,25.2(0.80 %),72300,1843850000,235000,5956620000,177417586,8.83
22/11/2017,-109200,-2787690000,25.8(2.38 %),55800,1419810000,165000,4207500000,177390786,8.84
23/11/2017,20000,529300000,26.5(2.71 %),30100,797950000,10100,268650000,177360686,8.85
24/11/2017,2350,63240000,26.7(0.75 %),7250,192870000,4900,129630000,177588436,8.8
27/11/2017,100,2690000,26.9(0.75 %),100,2690000,0,0,177753336,8.76
28/11/2017,82407,2167885500,26.4(-1.86 %),100007,2635885500,17600,468000000,177663429,8.78
29/11/2017,-108598,-3055644000,28.5(7.95 %),1402,38676000,110000,3094320000,177666927,8.78
30/11/2017,-171200,-4862680000,28.5(0.00 %),2000,57000000,173200,4919680000,177664927,8.78
01/12/2017,-44800,-1243040000,28.8(1.05 %),56800,1634360000,101600,2877400000,177625727,8.79
04/12/2017,-68310,-1978779000,28.7(-0.35 %),1500,43370000,69810,2022149000,177734227,8.76
05/12/2017,-4700,-134770000,27.7(-3.48 %),300,8630000,5000,143400000,177907127,8.72
06/12/2017,320,8944000,28(1.08 %),320,8944000,0,0,178008407,8.7
07/12/2017,-61200,-1726130000,27.5(-1.79 %),23000,648140000,84200,2374270000,178055217,8.69
08/12/2017,-14200,-355620000,24.8(-9.82 %),100,2480000,14300,358100000,178060117,8.69
11/12/2017,1028763,23566636300,22.7(-8.47 %),1043063,23891786300,14300,325150000,177017054,8.92
12/12/2017,653900,14465900000,22.3(-1.76 %),665000,14714600000,11100,248700000,176436254,9.06
13/12/2017,420500,9643300000,23.4(4.93 %),420500,9643300000,0,0,176030054,9.15
14/12/2017,30400,705520000,23.2(-0.85 %),30400,705520000,0,0,176013954,9.15
15/12/2017,-393600,-9170770000,23.3(0.43 %),900,21080000,394500,9191850000,176024154,9.15
18/12/2017,-77400,-1803800000,22.9(-1.72 %),1800,41490000,79200,1845290000,176022354,9.15
19/12/2017,5000,114450000,23(0.44 %),10500,241500000,5500,127050000,176011854,9.15
20/12/2017,30000,702000000,23.4(1.74 %),30000,702000000,0,0,176376354,9.07
21/12/2017,400,9360000,22.8(-2.56 %),400,9360000,0,0,176455154,9.05
22/12/2017,-280050,-6259227000,22(-3.51 %),33070,740145000,313120,6999372000,176427584,9.06
25/12/2017,-30000,-641060000,21.5(-2.27 %),0,0,30000,641060000,176427584,9.06
26/12/2017,-967400,-20947440000,21.6(0.47 %),800,17240000,968200,20964680000,176426784,9.06
27/12/2017,10600,222660000,21.4(2.88 %),10600,222660000,0,0,176729304,8.99
28/12/2017,8,135500,21.4(0.00 %),500,10600000,492,10464500,176758804,8.98
29/12/2017,0,0,21.8(1.87 %),0,0,0,0,177727004,8.76
02/01/2018,351200,7727850000,22.1(1.38 %),351200,7727850000,0,0,177375804,8.84
03/01/2018,841200,19267130000,23.3(5.43 %),841800,19280750000,600,13620000,176534496,9.03
04/01/2018,81420,1895043000,23.1(-0.86 %),92450,2153945000,11030,258902000,176442046,9.05
05/01/2018,92000,2102700000,22.6(-2.16 %),92000,2102700000,0,0,176350046,9.08
08/01/2018,95000,2191910000,23.5(3.98 %),95000,2191910000,0,0,176255646,9.1
09/01/2018,97000,2284430000,23.5(0.00 %),97000,2284430000,0,0,176169676,9.12
10/01/2018,96040,2282870000,23.8(1.28 %),101340,2406940000,5300,124070000,176068336,9.14
11/01/2018,149100,3523970000,23.6(-0.84 %),149100,3523970000,0,0,175919236,9.17
12/01/2018,109200,2535500000,22.8(-3.39 %),110300,2560800000,1100,25300000,175808936,9.2
15/01/2018,400,9200000,22.9(0.44 %),400,9200000,0,0,175813836,9.2
16/01/2018,-19700,-451560000,22.9(0.00 %),600,13740000,20300,465300000,175813236,9.2
17/01/2018,129319,2992010100,23(0.44 %),135000,3123000000,5681,130989900,175679336,9.23
18/01/2018,92360,2138172000,23.3(1.30 %),97600,2258260000,5240,120088000,175581736,9.25
19/01/2018,-405330,-9704240000,23.8(2.15 %),94500,2280660000,499830,11984900000,175507536,9.27
22/01/2018,-387500,-9432810000,24.4(2.52 %),92300,2248350000,479800,11681160000,175420917,9.29
23/01/2018,-523200,-13058420000,24.9(2.05 %),0,0,523200,13058420000,175426157,9.28
24/01/2018,355200,8845500000,24.7(-0.80 %),355200,8845500000,0,0,175570787,9.25
25/01/2018,97000,2388400000,24.4(-1.21 %),97000,2388400000,0,0,175953587,9.17
26/01/2018,0,0,24.2(-0.82 %),0,0,0,0,176476787,9.05
29/01/2018,800,19160000,24.4(0.83 %),3000,72900000,2200,53740000,176473787,9.05
30/01/2018,-138310,-3504197000,26.6(9.02 %),33000,846800000,171310,4350997000,176440787,9.06
31/01/2018,-54000,-1433390000,25.4(-4.51 %),2000,50800000,56000,1484190000,176438787,9.06
01/02/2018,0,0,24.5(-3.54 %),0,0,0,0,176440987,9.06
02/02/2018,436900,10720500000,25(2.04 %),437000,10722960000,100,2460000,176175297,9.12
05/02/2018,1527900,35378830000,23.2(-7.20 %),1528400,35390490000,500,11660000,174702897,9.45
06/02/2018,857100,18557000000,22.5(-3.02 %),882000,19086940000,24900,529940000,173820897,9.65
07/02/2018,200,4660000,23(2.22 %),200,4660000,0,0,173820797,9.65
08/02/2018,-800,-18720000,21.7(-5.65 %),300,6690000,1100,25410000,173820997,9.65
09/02/2018,-26900,-557590000,21.6(-0.46 %),19200,400700000,46100,958290000,173826697,9.65
12/02/2018,-228865,-5062896500,22.6(4.63 %),1135,25103500,230000,5088000000,173825562,9.65
13/02/2018,254,5817800,23.1(2.21 %),300,6870000,46,1052200,173826362,9.65
21/02/2018,17500,419540000,24(3.90 %),17500,419540000,0,0,173854962,9.64
22/02/2018,46000,1093840000,23.8(-0.83 %),46000,1093840000,0,0,174038962,9.6
23/02/2018,-16827,-397912600,23.7(-0.42 %),31100,737960000,47927,1135872600,174007908,9.61
26/02/2018,2700,64450000,23.4(-1.27 %),2700,64450000,0,0,174005208,9.61
27/02/2018,46300,1079250000,23.5(0.43 %),46300,1079250000,0,0,173958908,9.62
28/02/2018,-3400,-79900000,23.5(0.00 %),5000,117500000,8400,197400000,174001835,9.61
01/03/2018,67000,1627030000,25(6.38 %),68000,1651630000,1000,24600000,173933835,9.62
02/03/2018,104200,2615250000,26.2(4.80 %),104500,2622840000,300,7590000,173829335,9.65
05/03/2018,-114200,-2983780000,25.2(-3.82 %),50400,1279860000,164600,4263640000,173787335,9.66
06/03/2018,-166500,-4155250000,25.4(0.79 %),2000,50200000,168500,4205450000,173786335,9.66
07/03/2018,-800,-19900000,24.3(-4.33 %),100,2420000,900,22320000,173786535,9.66
08/03/2018,0,0,24.3(0.00 %),0,0,0,0,173951135,9.62
09/03/2018,-17000,-414607200,24(-1.23 %),6000,144200000,23000,558807200,174113635,9.58
12/03/2018,4400,104940000,23.6(-1.67 %),4400,104940000,0,0,174110135,9.58
13/03/2018,21000,505700000,24.5(3.81 %),21000,505700000,0,0,174089135,9.59
14/03/2018,0,0,24.4(-0.41 %),0,0,0,0,174112135,9.58
15/03/2018,100,2500000,24.8(1.64 %),100,2500000,0,0,174112035,9.58
16/03/2018,-194810,-4870249000,25(0.81 %),14500,362500000,209310,5232749000,174097535,9.59
19/03/2018,-980,-24380000,25(0.00 %),0,0,980,24380000,174097535,9.59
20/03/2018,-76900,-1899450000,24.5(-2.00 %),100,2450000,77000,1901900000,174097435,9.59
21/03/2018,97700,2398600000,24.5(0.00 %),139800,3425840000,42100,1027240000,174166945,9.57
22/03/2018,3890,93170000,23.9(-2.45 %),3900,93410000,10,240000,174164025,9.57
23/03/2018,36700,850350000,23.1(-3.35 %),36700,850350000,0,0,174204325,9.56
26/03/2018,200,4600000,23.8(3.03 %),200,4600000,0,0,174246225,9.55
27/03/2018,0,0,24(0.84 %),0,0,0,0,174246235,9.55
28/03/2018,46300,1094130000,23.2(-3.33 %),248200,5838780000,201900,4744650000,174199935,9.56
29/03/2018,-27700,-641410000,23(-0.86 %),22400,520920000,50100,1162330000,174177535,9.57
30/03/2018,-50000,-1150000000,23.4(1.74 %),0,0,50000,1150000000,174177535,9.57
02/04/2018,-28000,-655800000,23.3(-0.43 %),3000,70500000,31000,726300000,174174535,9.57
03/04/2018,27200,639590000,24(3.00 %),30700,721290000,3500,81700000,174193935,9.56
04/04/2018,-65400,-1603950000,24.5(2.08 %),134700,3298450000,200100,4902400000,174236535,9.55
05/04/2018,-14000,-339490000,24.3(-0.82 %),0,0,14000,339490000,174267535,9.55
06/04/2018,-700,-17010000,24.5(0.82 %),300,7290000,1000,24300000,174270735,9.55
09/04/2018,89600,2111000000,23.5(-4.08 %),89600,2111000000,0,0,174253935,9.55
10/04/2018,-367700,-8426090000,22.9(-2.55 %),67300,1552840000,435000,9978930000,174200635,9.56
11/04/2018,-489178,-10824971600,21.5(-6.11 %),67200,1502560000,556378,12327531600,174134435,9.58
12/04/2018,-181200,-3941940000,21.8(1.40 %),67200,1466260000,248400,5408200000,174067235,9.59
13/04/2018,-74600,-1609140000,21.3(-2.29 %),32700,715490000,107300,2324630000,174469535,9.5
16/04/2018,-148000,-3105080000,20.8(-2.35 %),2000,41800000,150000,3146880000,175023913,9.38
17/04/2018,-218900,-4545500000,21.1(1.44 %),1100,22910000,220000,4568410000,175271213,9.32
18/04/2018,-76200,-1621590000,20.9(-0.95 %),0,0,76200,1621590000,175378513,9.3
19/04/2018,-500,-10610000,20.5(-1.91 %),1300,26650000,1800,37260000,175527213,9.26
20/04/2018,0,0,20.8(1.46 %),0,0,0,0,175747213,9.21
23/04/2018,212200,4423500000,19.6(-5.77 %),212200,4423500000,0,0,175611213,9.24
24/04/2018,892100,17785950000,20(2.04 %),892100,17785950000,0,0,174720913,9.44
26/04/2018,-600,-12520000,18.5(-7.50 %),2000,38950000,2600,51470000,174718913,9.44
27/04/2018,380800,6948310000,18.3(-1.08 %),511600,9333150000,130800,2384840000,174207313,9.56
02/05/2018,293300,5149820000,17.6(-3.83 %),354700,6244530000,61400,1094710000,173852613,9.64
03/05/2018,5500,89750000,16.9(-3.98 %),5500,89750000,0,0,173849713,9.64
04/05/2018,213800,3733310000,17.5(3.55 %),334600,5844845600,120800,2111535600,173731513,9.67
07/05/2018,0,0,18.4(5.14 %),0,0,0,0,173792913,9.65
08/05/2018,720000,13072050000,18.2(-1.09 %),720000,13072050000,0,0,173072913,9.82
09/05/2018,5000,91450000,18(-1.10 %),5000,91450000,0,0,173103113,9.81
10/05/2018,1216800,22144040000,18.2(1.11 %),1218800,22180640000,2000,36600000,171884313,10.09
11/05/2018,0,0,18.3(0.55 %),0,0,0,0,171884313,10.09
14/05/2018,0,0,18.3(0.00 %),0,0,0,0,171884313,10.09
15/05/2018,-200,-3800000,19(3.83 %),0,0,200,3800000,171886313,10.09
16/05/2018,0,0,18.8(-1.05 %),0,0,0,0,171886313,10.09
17/05/2018,-500,-9200000,18.7(-0.53 %),500,9400000,1000,18600000,171885813,10.09
18/05/2018,-200,-3580000,18(-3.74 %),0,0,200,3580000,171886013,10.09
21/05/2018,-85200,-1515670000,17.6(-2.22 %),4800,86180000,90000,1601850000,171881213,10.09
22/05/2018,-300,-5040000,16.8(-4.55 %),0,0,300,5040000,171882213,10.09
23/05/2018,401500,6885970000,17.6(4.76 %),501500,8613170000,100000,1727200000,171380913,10.2
24/05/2018,126700,2207160000,17.5(-0.57 %),429200,7508410000,302500,5301250000,171041713,10.28
25/05/2018,206800,3590060000,17.3(-1.14 %),406800,7057140000,200000,3467080000,170635213,10.37
28/05/2018,940700,15993900000,17(-1.73 %),1040700,17693800000,100000,1699900000,169694513,10.58
29/05/2018,70000,1143590000,17.8(4.71 %),270600,4648930000,200600,3505340000,169726413,10.58
30/05/2018,-74900,-1311870000,17.6(-1.12 %),190100,3343530000,265000,4655400000,169736313,10.57
31/05/2018,0,0,17.8(1.14 %),0,0,0,0,169836313,10.55
01/06/2018,0,0,18(1.12 %),0,0,0,0,170036913,10.5
04/06/2018,0,0,18.3(1.67 %),0,0,0,0,170301913,10.44
05/06/2018,0,0,18.4(0.55 %),0,0,0,0,170301913,10.44
06/06/2018,2800,52360000,18.8(2.17 %),2800,52360000,0,0,170299113,10.45
07/06/2018,72600,1342360000,18.5(-1.60 %),72600,1342360000,0,0,170226513,10.46
08/06/2018,4300,79380000,18.6(0.54 %),6700,123780000,2400,44400000,170219813,10.46
11/06/2018,0,0,17.9(-3.76 %),0,0,0,0,170219813,10.46
12/06/2018,100800,1770000000,17.4(-2.79 %),100800,1770000000,0,0,170119013,10.49
13/06/2018,2000,34800000,17.4(0.00 %),2000,34800000,0,0,170119413,10.49
14/06/2018,7530,131022000,17.2(-1.15 %),7600,132240000,70,1218000,170111813,10.49
15/06/2018,-1249000,-21482700000,17.2(0.00 %),1000,17300000,1250000,21500000000,170110813,10.49
18/06/2018,16000,278700000,17.2(0.00 %),16000,278700000,0,0,170094813,10.49
19/06/2018,97200,1604750000,16.5(-4.07 %),97200,1604750000,0,0,169997683,10.51
20/06/2018,541900,9194650000,17.3(4.85 %),581900,9884650000,40000,690000000,170665783,10.36
21/06/2018,0,0,16.5(-4.62 %),0,0,0,0,170665783,10.36
22/06/2018,0,0,16.8(1.82 %),0,0,0,0,170665783,10.36
25/06/2018,-500,-8450000,17.1(1.79 %),0,0,500,8450000,170705783,10.35
26/06/2018,200,3360000,17(-0.58 %),200,3360000,0,0,170705583,10.35
27/06/2018,19800,334450000,16.8(-1.18 %),19800,334450000,0,0,170685783,10.36
28/06/2018,-4000,-65680000,16.7(-0.60 %),5000,83720000,9000,149400000,170681283,10.36
29/06/2018,20600,335660000,16.5(-1.20 %),20600,335660000,0,0,170660683,10.36
02/07/2018,100,1650000,16(-3.03 %),100,1650000,0,0,170660583,10.36
03/07/2018,1005700,15976250000,15.8(-1.25 %),1005700,15976250000,0,0,169663883,10.59
04/07/2018,0,0,15.9(0.63 %),0,0,0,0,169663883,10.59
05/07/2018,913000,14493250000,15.9(0.00 %),913000,14493250000,0,0,168750883,10.8
06/07/2018,-57600,-908840000,16.1(1.26 %),0,0,57600,908840000,168750883,10.8
09/07/2018,100,1580000,15.6(-0.64 %),100,1580000,0,0,168750783,10.8
10/07/2018,10,156000,15.6(0.00 %),10,156000,0,0,168750773,10.8
11/07/2018,5510,82706000,14.9(-4.49 %),5510,82706000,0,0,168802863,10.78
12/07/2018,0,0,14.9(0.00 %),0,0,0,0,168802863,10.78
13/07/2018,22000,328000000,15.1(1.34 %),22000,328000000,0,0,168780863,10.79
16/07/2018,1100,16620000,15.1(0.00 %),1100,16620000,0,0,168779763,10.79
17/07/2018,300,4530000,15.4(1.99 %),300,4530000,0,0,168779463,10.79
18/07/2018,0,0,16.9(9.74 %),0,0,0,0,168779463,10.79
19/07/2018,-34000,-575860000,17.4(2.96 %),0,0,34000,575860000,168779463,10.79
20/07/2018,0,0,17.1(-1.72 %),0,0,0,0,168779463,10.79
23/07/2018,28900,476850000,16.5(-3.51 %),28900,476850000,0,0,168750563,10.8
24/07/2018,0,0,16.6(0.61 %),0,0,0,0,168784563,10.79
25/07/2018,0,0,16.3(-1.81 %),0,0,0,0,168784563,10.79
26/07/2018,0,0,17.9(9.82 %),0,0,0,0,168784563,10.79
27/07/2018,0,0,16.7(-6.70 %),0,0,0,0,168784563,10.79
30/07/2018,0,0,17.2(2.99 %),0,0,0,0,168784563,10.79
31/07/2018,0,0,16.6(-3.49 %),0,0,0,0,168784563,10.79
01/08/2018,0,0,16.8(0.00 %),0,0,0,0,168784563,10.79
02/08/2018,0,0,17.2(2.38 %),0,0,0,0,168784563,10.79
03/08/2018,5000,86980000,17.4(1.16 %),5000,86980000,0,0,168779563,10.79
06/08/2018,0,0,17(-2.30 %),0,0,0,0,168779563,10.79
07/08/2018,0,0,16.9(-0.59 %),0,0,0,0,168779563,10.79
08/08/2018,0,0,17(0.59 %),0,0,0,0,168779563,10.79
09/08/2018,0,0,17.4(2.35 %),0,0,0,0,168779563,10.79
10/08/2018,1500,25800000,17.3(-0.57 %),1500,25800000,0,0,168778063,10.79
13/08/2018,0,0,17.8(2.89 %),0,0,0,0,168778063,10.79
14/08/2018,0,0,18.2(2.25 %),0,0,0,0,168778063,10.79
15/08/2018,-68800,-1228760000,17.6(-3.30 %),1500,26700000,70300,1255460000,168776563,10.79
16/08/2018,-104800,-1832240000,17.4(-1.14 %),1100,19140000,105900,1851380000,168775463,10.79
17/08/2018,0,0,17(-2.30 %),0,0,0,0,168775463,10.79
20/08/2018,0,0,16.8(-1.18 %),0,0,0,0,168845763,10.77
21/08/2018,-3500,-59500000,17(1.19 %),0,0,3500,59500000,168951663,10.75
22/08/2018,-3900,-68280000,17.2(1.18 %),100,1720000,4000,70000000,168951563,10.75
23/08/2018,39700,697320000,17.6(2.33 %),39700,697320000,0,0,168911863,10.76
24/08/2018,2800,50880000,18.5(5.11 %),3800,69280000,1000,18400000,168911563,10.76
27/08/2018,-1000,-18600000,18.5(0.00 %),0,0,1000,18600000,168915563,10.76
28/08/2018,0,0,18.6(0.54 %),0,0,0,0,168915563,10.76
29/08/2018,-402000,-7470760000,18.5(-0.54 %),0,0,402000,7470760000,168916563,10.76
30/08/2018,-2000,-37000000,18.5(0.00 %),0,0,2000,37000000,168917563,10.76
31/08/2018,32,595200,18.2(-1.62 %),32,595200,0,0,168917531,10.76
04/09/2018,100,1800000,17.5(-3.85 %),200,3610000,100,1810000,169319331,10.67
05/09/2018,0,0,17.2(-1.71 %),0,0,0,0,169321331,10.67
06/09/2018,-79200,-1359680000,17.5(1.74 %),0,0,79200,1359680000,169321331,10.67
07/09/2018,6000,105000000,17(-2.86 %),6000,105000000,0,0,169315431,10.67
10/09/2018,-3400,-58650000,17.1(0.59 %),0,0,3400,58650000,169315431,10.67
11/09/2018,0,0,17.2(0.58 %),0,0,0,0,169394631,10.65
12/09/2018,-39170,-689951000,17.6(2.33 %),630,11149000,39800,701100000,169394001,10.65
13/09/2018,1500,26650000,17.7(0.57 %),1500,26650000,0,0,169395901,10.65
14/09/2018,100,1800000,17.5(-1.13 %),100,1800000,0,0,169395801,10.65
17/09/2018,0,0,17.3(-1.14 %),0,0,0,0,169435601,10.64
18/09/2018,1000,17600000,18(4.05 %),1000,17600000,0,0,169434601,10.64
19/09/2018,0,0,18.1(0.56 %),0,0,0,0,169434601,10.64
20/09/2018,0,0,18.3(1.10 %),0,0,0,0,169434601,10.64
21/09/2018,-437140,-7912204000,18.1(-1.09 %),87760,1588486000,524900,9500690000,169346841,10.66
24/09/2018,0,0,18.3(1.10 %),0,0,0,0,169346841,10.66
25/09/2018,0,0,19.2(4.92 %),0,0,0,0,169346841,10.66
26/09/2018,-5100,-97920000,19.2(0.00 %),0,0,5100,97920000,169871741,10.54
27/09/2018,73600,1444020000,19.3(0.52 %),73600,1444020000,0,0,169798141,10.56
28/09/2018,22400,436930000,19.2(-0.52 %),22400,436930000,0,0,169775741,10.56
01/10/2018,-788,-15127200,18.6(-3.12 %),12,232800,800,15360000,169780829,10.56
02/10/2018,301600,5684730000,18.7(0.54 %),301600,5684730000,0,0,169479229,10.63
03/10/2018,0,0,19(1.60 %),0,0,0,0,169479229,10.63
04/10/2018,-18400,-356050000,19.1(0.53 %),0,0,18400,356050000,169480029,10.63
05/10/2018,-11800,-228360000,19.2(0.52 %),0,0,11800,228360000,169480029,10.63
08/10/2018,-10200,-200020000,19.7(2.60 %),10000,190000000,20200,390020000,169470029,10.63
09/10/2018,0,0,18.8(-4.57 %),0,0,0,0,169488429,10.63
10/10/2018,1046700,20149460000,19.2(2.13 %),1120700,21572960000,74000,1423500000,168379529,10.88
11/10/2018,-55700,-1044780000,18(-6.25 %),0,0,55700,1044780000,168399729,10.88
12/10/2018,0,0,18.3(1.67 %),0,0,0,0,168399729,10.88
15/10/2018,-79000,-1464240000,18.4(0.55 %),0,0,79000,1464240000,168473729,10.86
16/10/2018,0,0,18.5(0.54 %),0,0,0,0,168529429,10.85
17/10/2018,24478,465096400,18.6(0.54 %),24600,467400000,122,2303600,168504829,10.85
18/10/2018,0,0,18.8(1.08 %),0,0,0,0,168583829,10.83
19/10/2018,-40200,-759780000,18.9(0.53 %),0,0,40200,759780000,168583829,10.83
22/10/2018,0,0,18.7(-1.06 %),0,0,0,0,168583951,10.83
23/10/2018,200,3760000,18.5(-1.07 %),200,3760000,0,0,168583751,10.83
24/10/2018,-18800,-352950000,18.6(0.54 %),0,0,18800,352950000,168623951,10.82
25/10/2018,-1900,-35090000,18.8(1.08 %),200,3820000,2100,38910000,168623751,10.82
26/10/2018,247600,4694120000,18.6(-1.06 %),265900,5038800000,18300,344680000,168357851,10.89
29/10/2018,0,0,17.8(-4.30 %),0,0,0,0,168376651,10.88
30/10/2018,1500,27450000,18.2(2.25 %),1500,27450000,0,0,168377251,10.88
31/10/2018,-79800,-1464740000,18.5(1.65 %),200,3680000,80000,1468420000,168395351,10.88
01/11/2018,500,9450000,18.5(0.00 %),500,9450000,0,0,168394851,10.88
02/11/2018,0,0,18.4(-0.54 %),0,0,0,0,168394851,10.88
05/11/2018,0,0,18.4(0.00 %),0,0,0,0,168474851,10.86
06/11/2018,0,0,19(3.26 %),0,0,0,0,168474851,10.86
07/11/2018,-93800,-1797790000,19.1(0.53 %),0,0,93800,1797790000,168474851,10.86
08/11/2018,11000,213400000,19.3(1.05 %),11000,213400000,0,0,168463851,10.86
09/11/2018,0,0,18.8(-2.59 %),0,0,0,0,0,0.0
12/11/2018,0,0,18.8(0.00 %),0,0,0,0,168557651,10.84
13/11/2018,-839100,-15639710000,18.4(-2.13 %),0,0,839100,15639710000,168557651,10.84
14/11/2018,-286600,-5302600000,18.4(0.00 %),0,0,286600,5302600000,168557651,10.84
15/11/2018,-6794800,-118599240000,17.2(-6.52 %),0,0,6794800,118599240000,168557651,10.84
16/11/2018,0,0,18.2(5.81 %),0,0,0,0,168557651,10.84
19/11/2018,-206300,-3780510000,18.1(-0.55 %),0,0,206300,3780510000,168557651,10.84
20/11/2018,-283800,-5183480000,18.3(1.10 %),0,0,283800,5183480000,168557651,10.84
21/11/2018,-1787400,-32791450000,18.5(1.09 %),0,0,1787400,32791450000,168557651,10.84
22/11/2018,0,0,18.5(0.00 %),0,0,0,0,168557651,10.84
23/11/2018,-12300,-246000000,20.3(9.73 %),0,0,12300,246000000,168557651,10.84
26/11/2018,-50000,-1060000000,18.5(-8.87 %),0,0,50000,1060000000,168557651,10.84
27/11/2018,-12300,-232470000,18.5(0.00 %),0,0,12300,232470000,168557651,10.84
28/11/2018,0,0,18.6(0.54 %),0,0,0,0,168557651,10.84
29/11/2018,0,0,18.8(1.08 %),0,0,0,0,168557651,10.84
03/12/2018,0,0,19.2(3.78 %),0,0,0,0,168557651,10.84
04/12/2018,0,0,20.6(7.29 %),0,0,0,0,168557651,10.84
05/12/2018,0,0,21.5(4.37 %),0,0,0,0,168557651,10.84
06/12/2018,0,0,20.9(-2.79 %),0,0,0,0,168557651,10.84
07/12/2018,0,0,20.4(-2.39 %),0,0,0,0,168557651,10.84
10/12/2018,0,0,20.2(-0.98 %),0,0,0,0,168557651,10.84
11/12/2018,0,0,20.7(2.48 %),0,0,0,0,168557651,10.84
12/12/2018,-400,-8400000,21.3(2.90 %),0,0,400,8400000,168557651,10.84
13/12/2018,0,0,20.8(-2.35 %),150000,3170550000,150000,3170550000,168557651,10.84
14/12/2018,-28500,-601200000,21.4(2.88 %),0,0,28500,601200000,168557651,10.84
17/12/2018,-28100,-602840000,21.4(0.00 %),0,0,28100,602840000,168557651,10.84
18/12/2018,-28390,-607183000,21.7(1.40 %),0,0,28390,607183000,168557651,10.84
19/12/2018,-12700,-291530000,23.1(6.45 %),0,0,12700,291530000,168557651,10.84
20/12/2018,-43400,-1040920000,24.1(4.33 %),0,0,43400,1040920000,168557651,10.84
21/12/2018,-166000,-4162170000,26(7.88 %),0,0,166000,4162170000,168557651,10.84
24/12/2018,-33914100,-848432210000,26.6(2.31 %),0,0,33914100,848432210000,168557651,10.84
25/12/2018,-14500,-375500000,24(-9.77 %),0,0,14500,375500000,168557651,10.84
26/12/2018,0,0,23.1(-3.75 %),0,0,0,0,168557651,10.84
27/12/2018,0,0,22.7(-1.73 %),0,0,0,0,168557651,10.84
28/12/2018,0,0,22.6(-0.44 %),0,0,0,0,168557651,10.84
02/01/2019,0,0,23(1.77 %),0,0,0,0,168557651,10.84
03/01/2019,0,0,22.8(-0.87 %),0,0,0,0,168557651,10.84
04/01/2019,0,0,21.9(-3.95 %),0,0,0,0,168557651,10.84
07/01/2019,0,0,23(5.02 %),0,0,0,0,168557651,10.84
08/01/2019,0,0,23(0.00 %),0,0,0,0,168557651,10.84
09/01/2019,0,0,22.7(-1.30 %),0,0,0,0,168557651,10.84
10/01/2019,0,0,23.1(1.76 %),0,0,0,0,168557651,10.84
11/01/2019,0,0,23.1(0.00 %),0,0,0,0,168557651,10.84
14/01/2019,0,0,23.4(1.30 %),0,0,0,0,168557651,10.84
15/01/2019,-119,-2784600,23.3(-0.43 %),0,0,119,2784600,168557770,10.84
16/01/2019,0,0,22.9(-1.72 %),0,0,0,0,168557770,10.84
17/01/2019,-2000,-45600000,22.6(-1.31 %),0,0,2000,45600000,168559770,10.84
18/01/2019,0,0,22(-2.65 %),0,0,0,0,168559770,10.84
21/01/2019,0,0,21.8(-0.91 %),0,0,0,0,168559770,10.84
22/01/2019,0,0,22.4(2.75 %),0,0,0,0,168559770,10.84
23/01/2019,0,0,23.2(3.57 %),0,0,0,0,168559770,10.84
24/01/2019,-25000,-601000000,24.1(3.88 %),0,0,25000,601000000,168584770,10.83
25/01/2019,-45000,-1109000000,24.7(2.49 %),0,0,45000,1109000000,168629770,10.82
28/01/2019,-40000,-1009000000,25.1(1.62 %),0,0,40000,1009000000,168669770,10.81
29/01/2019,-15000,-378000000,24.9(-0.80 %),0,0,15000,378000000,168684770,10.81
30/01/2019,-67000,-1645940000,24.1(-3.21 %),0,0,67000,1645940000,168751770,10.8
31/01/2019,0,0,24.4(1.24 %),0,0,0,0,168751770,10.8
01/02/2019,-700,-17500000,25.3(3.69 %),0,0,700,17500000,168752470,10.8
11/02/2019,-4000,-103000000,25.5(0.79 %),0,0,4000,103000000,168756470,10.79
12/02/2019,-400,-10240000,25.5(0.00 %),0,0,400,10240000,168756870,10.79
13/02/2019,0,0,25.3(-0.78 %),0,0,0,0,168756870,10.79
14/02/2019,0,0,25(2.88 %),0,0,0,0,168756870,10.79
15/02/2019,0,0,25.1(0.40 %),0,0,0,0,168756870,10.79
18/02/2019,-78100,-2009270000,26.9(7.17 %),0,0,78100,2009270000,168834970,10.78
19/02/2019,-6900,-187450000,27(0.37 %),0,0,6900,187450000,168841870,10.78
20/02/2019,-4000,-107850000,27(0.00 %),0,0,4000,107850000,168845870,10.77
21/02/2019,-2500,-70100000,27.8(2.96 %),0,0,2500,70100000,168848370,10.77
22/02/2019,0,0,27.5(-1.08 %),0,0,0,0,168848370,10.77
25/02/2019,0,0,27.4(-0.36 %),0,0,0,0,168848370,10.77
26/02/2019,0,0,27.9(1.82 %),0,0,0,0,168848370,10.77
27/02/2019,0,0,28.4(1.79 %),0,0,0,0,168848370,10.77
28/02/2019,0,0,27.5(-3.17 %),0,0,0,0,168848370,10.77
01/03/2019,0,0,28.2(2.55 %),0,0,0,0,168848370,10.77
04/03/2019,0,0,27.9(-1.06 %),0,0,0,0,168848370,10.77
05/03/2019,0,0,28.2(1.08 %),0,0,0,0,168848370,10.77
06/03/2019,-2500,-70000000,28.4(0.71 %),0,0,2500,70000000,168850870,10.77
07/03/2019,-1800,-51220000,28.5(0.35 %),0,0,1800,51220000,168852670,10.77
08/03/2019,-4000,-115200000,28.8(1.05 %),0,0,4000,115200000,168856670,10.77
11/03/2019,0,0,28.6(-0.69 %),0,0,0,0,168856670,10.77
12/03/2019,0,0,28.8(0.70 %),0,0,0,0,168856670,10.77
13/03/2019,0,0,28.4(-1.39 %),0,0,0,0,168856670,10.77
14/03/2019,-14500,-416150000,28.8(1.41 %),0,0,14500,416150000,168871170,10.77
15/03/2019,-155200,-4502930000,29.1(1.04 %),0,0,155200,4502930000,169026370,10.73
18/03/2019,0,0,29(-0.34 %),0,0,0,0,169026370,10.73
19/03/2019,0,0,28.7(-1.03 %),0,0,0,0,169026370,10.73
20/03/2019,0,0,28.7(0.00 %),0,0,0,0,169026370,10.73
21/03/2019,0,0,28(-2.44 %),0,0,0,0,169026370,10.73
22/03/2019,0,0,28.3(1.07 %),0,0,0,0,169026370,10.73
25/03/2019,0,0,27.9(-1.41 %),0,0,0,0,169026370,10.73
26/03/2019,-100,-2830000,28.2(1.08 %),0,0,100,2830000,169026470,10.73
27/03/2019,0,0,28.5(1.06 %),0,0,0,0,169026470,10.73
28/03/2019,-88900,-2339000000,25.7(-9.82 %),0,0,88900,2339000000,169115370,10.71
29/03/2019,-41193,-1120134400,27(5.06 %),0,0,41193,1120134400,169156563,10.7
01/04/2019,-90000,-2506000000,27.9(3.33 %),0,0,90000,2506000000,169246563,10.68
02/04/2019,-11100,-298640000,26.8(-3.94 %),0,0,11100,298640000,169257663,10.68
03/04/2019,0,0,25.4(-5.22 %),0,0,0,0,169257663,10.68
04/04/2019,0,0,25.3(-0.39 %),0,0,0,0,169257663,10.68
05/04/2019,0,0,27.5(8.70 %),0,0,0,0,169257663,10.68
08/04/2019,-53700,-1452140000,27.2(-1.09 %),0,0,53700,1452140000,169311363,10.67
09/04/2019,-26300,-707470000,26.5(-2.57 %),0,0,26300,707470000,169337663,10.66
10/04/2019,0,0,26.9(1.51 %),0,0,0,0,169337663,10.66
11/04/2019,0,0,27(0.37 %),0,0,0,0,169337663,10.66
12/04/2019,0,0,26.9(-0.37 %),0,0,0,0,169337663,10.66
16/04/2019,-1400,-37520000,26.2(-2.60 %),0,0,1400,37520000,169339063,10.66
17/04/2019,0,0,26(-0.76 %),0,0,0,0,169339063,10.66
18/04/2019,0,0,26.5(1.92 %),0,0,0,0,169339063,10.66
19/04/2019,0,0,26.6(0.38 %),0,0,0,0,169339063,10.66
22/04/2019,-3000,-79800000,26.2(-1.50 %),0,0,3000,79800000,169342063,10.66
23/04/2019,0,0,26.8(2.29 %),0,0,0,0,169342063,10.66
24/04/2019,-2000,-53000000,26.6(-0.75 %),0,0,2000,53000000,169344063,10.66
25/04/2019,0,0,26.6(0.00 %),0,0,0,0,169344063,10.66
26/04/2019,-500,-13650000,27.6(3.76 %),0,0,500,13650000,169344563,10.66
02/05/2019,-2000,-55600000,27.4(-0.72 %),0,0,2000,55600000,169346563,10.66
03/05/2019,-400,-10960000,27.3(-0.36 %),0,0,400,10960000,169346963,10.66
06/05/2019,0,0,26.5(-2.93 %),0,0,0,0,169346963,10.66
07/05/2019,0,0,26.5(0.00 %),0,0,0,0,169346963,10.66
08/05/2019,0,0,26.8(1.13 %),0,0,0,0,169346963,10.66
09/05/2019,0,0,26.8(0.00 %),0,0,0,0,169346963,10.66
10/05/2019,0,0,26.5(-1.12 %),0,0,0,0,169346963,10.66
13/05/2019,0,0,26.1(-1.51 %),0,0,0,0,169346963,10.66
14/05/2019,0,0,26.4(1.15 %),0,0,0,0,169346963,10.66
15/05/2019,0,0,26.1(-1.14 %),0,0,0,0,169346963,10.66
16/05/2019,-1400,-36400000,25.9(-0.77 %),0,0,1400,36400000,169348363,10.66
17/05/2019,0,0,25.8(-0.39 %),0,0,0,0,169348363,10.66
20/05/2019,0,0,26.2(1.55 %),0,0,0,0,169348363,10.66
27/05/2019,-1800,-48600000,26.9(0.00 %),0,0,1800,48600000,169350163,10.66
28/05/2019,0,0,26.6(-1.12 %),0,0,0,0,169350163,10.66
29/05/2019,0,0,26.3(-1.13 %),0,0,0,0,169350163,10.66
30/05/2019,0,0,26.4(0.38 %),0,0,0,0,169350163,10.66
31/05/2019,0,0,26.3(-0.38 %),0,0,0,0,169350163,10.66
03/06/2019,0,0,26.1(-0.76 %),0,0,0,0,169350163,10.66
04/06/2019,0,0,26.3(0.77 %),0,0,0,0,169350163,10.66
05/06/2019,0,0,26.6(1.14 %),0,0,0,0,169350163,10.66
06/06/2019,0,0,26.2(-1.50 %),0,0,0,0,169350163,10.66
07/06/2019,0,0,26.3(0.38 %),0,0,0,0,169350163,10.66
10/06/2019,0,0,26.4(0.38 %),0,0,0,0,169350163,10.66
11/06/2019,-1400,-36020000,26.4(0.00 %),0,0,1400,36020000,169351563,10.66
12/06/2019,0,0,26.4(0.00 %),0,0,0,0,169351563,10.66
13/06/2019,0,0,26.4(0.00 %),0,0,0,0,169351563,10.66
14/06/2019,0,0,26.5(0.38 %),0,0,0,0,169351563,10.66
17/06/2019,-200,-5400000,28.1(6.04 %),0,0,200,5400000,169351763,10.66
18/06/2019,0,0,27.8(-1.07 %),0,0,0,0,169351763,10.66
19/06/2019,0,0,27.9(0.36 %),0,0,0,0,169351763,10.66
20/06/2019,-6000,-168000000,27.9(0.00 %),0,0,6000,168000000,169357763,10.66
21/06/2019,0,0,28.1(0.72 %),0,0,0,0,169357763,10.66
24/06/2019,0,0,28(-0.36 %),0,0,0,0,169357763,10.66
25/06/2019,0,0,26.8(-4.29 %),0,0,0,0,169357763,10.66
26/06/2019,0,0,26.5(-1.12 %),0,0,0,0,169357763,10.66
27/06/2019,0,0,26.4(-0.38 %),0,0,0,0,169357763,10.66
28/06/2019,0,0,26.3(-0.38 %),0,0,0,0,169357763,10.66
01/07/2019,-5000,-133000000,26.4(0.38 %),0,0,5000,133000000,169362763,10.66
02/07/2019,0,0,26.5(0.38 %),0,0,0,0,169362763,10.66
03/07/2019,0,0,26.4(-0.38 %),0,0,0,0,169362763,10.66
04/07/2019,0,0,26.4(0.00 %),0,0,0,0,169362763,10.66
05/07/2019,0,0,26.4(0.00 %),0,0,0,0,169362763,10.66
08/07/2019,0,0,26.4(0.00 %),0,0,0,0,169362763,10.66
09/07/2019,0,0,26.3(-0.38 %),0,0,0,0,169362763,10.66
10/07/2019,0,0,26.2(-0.38 %),0,0,0,0,169362763,10.66
11/07/2019,0,0,26.2(0.00 %),0,0,0,0,169362763,10.66
12/07/2019,0,0,25.9(-1.15 %),0,0,0,0,169362763,10.66
15/07/2019,0,0,26.2(1.16 %),0,0,0,0,169362763,10.66
16/07/2019,0,0,26.3(0.38 %),0,0,0,0,169362763,10.66
17/07/2019,0,0,26.5(0.76 %),0,0,0,0,169362763,10.66
18/07/2019,0,0,26.6(0.38 %),0,0,0,0,169362763,10.66
19/07/2019,0,0,26.4(-0.75 %),0,0,0,0,169362763,10.66
22/07/2019,0,0,26.5(0.38 %),0,0,0,0,169362763,10.66
23/07/2019,0,0,26.4(-0.38 %),0,0,0,0,169362763,10.66
24/07/2019,-4000,-104800000,26.3(-0.38 %),0,0,4000,104800000,169366763,10.66
25/07/2019,0,0,26.3(0.00 %),0,0,0,0,169366763,10.66
26/07/2019,0,0,26.1(-0.76 %),0,0,0,0,169366763,10.66
29/07/2019,0,0,26.1(0.00 %),0,0,0,0,169366763,10.66
30/07/2019,0,0,25.9(-0.77 %),0,0,0,0,169366763,10.66
31/07/2019,0,0,26.2(1.16 %),0,0,0,0,169366763,10.66
01/08/2019,0,0,26.3(0.38 %),0,0,0,0,169366763,10.66
02/08/2019,0,0,27(2.66 %),0,0,0,0,169366763,10.66
05/08/2019,0,0,26.7(-1.11 %),0,0,0,0,169366763,10.66
06/08/2019,0,0,26.2(-1.87 %),0,0,0,0,169366763,10.66
07/08/2019,0,0,26.5(1.15 %),0,0,0,0,169366763,10.66
08/08/2019,0,0,26.5(0.00 %),0,0,0,0,169366763,10.66
09/08/2019,-150000,-3952990000,26.5(0.00 %),0,0,150000,3952990000,169516763,10.62
12/08/2019,0,0,26.5(0.00 %),0,0,0,0,169516763,10.62
13/08/2019,0,0,26.4(-0.38 %),0,0,0,0,169516763,10.62
14/08/2019,0,0,26.4(0.00 %),0,0,0,0,169516763,10.62
15/08/2019,0,0,26.2(-0.76 %),0,0,0,0,169516763,10.62
16/08/2019,-3000,-78600000,26.8(2.29 %),0,0,3000,78600000,169519763,10.62
19/08/2019,0,0,26.7(-0.37 %),0,0,0,0,169519763,10.62
20/08/2019,0,0,26.3(-1.50 %),0,0,0,0,169519763,10.62
21/08/2019,0,0,26.6(1.14 %),0,0,0,0,169519763,10.62
22/08/2019,0,0,26.7(0.38 %),0,0,0,0,169519763,10.62
23/08/2019,-600,-15960000,26.2(-1.87 %),0,0,600,15960000,169520363,10.62
26/08/2019,0,0,26.4(0.76 %),0,0,0,0,169520363,10.62
27/08/2019,0,0,26.4(0.00 %),0,0,0,0,169520363,10.62
28/08/2019,0,0,26.4(0.00 %),0,0,0,0,169520363,10.62
29/08/2019,0,0,26.4(0.00 %),0,0,0,0,169520363,10.62
30/08/2019,0,0,26.4(0.00 %),0,0,0,0,169520363,10.62
03/09/2019,0,0,25.8(-2.27 %),0,0,0,0,169520363,10.62
04/09/2019,0,0,25.9(0.39 %),0,0,0,0,169520363,10.62
05/09/2019,0,0,26.4(1.93 %),0,0,0,0,169520363,10.62
06/09/2019,0,0,26.4(0.00 %),0,0,0,0,169520363,10.62
09/09/2019,0,0,26.4(0.00 %),0,0,0,0,169520363,10.62
10/09/2019,0,0,26.3(-0.38 %),0,0,0,0,169520363,10.62
11/09/2019,0,0,26.4(0.38 %),0,0,0,0,169520363,10.62
12/09/2019,0,0,26.4(0.00 %),0,0,0,0,169520363,10.62
13/09/2019,0,0,26.5(0.38 %),0,0,0,0,169520363,10.62
16/09/2019,0,0,26.6(0.38 %),0,0,0,0,169520363,10.62
17/09/2019,0,0,26.6(0.00 %),0,0,0,0,169520363,10.62
18/09/2019,0,0,26.6(0.00 %),0,0,0,0,169520363,10.62
19/09/2019,0,0,26.6(0.00 %),0,0,0,0,169520363,10.62
20/09/2019,0,0,26.5(-0.38 %),0,0,0,0,169520363,10.62
23/09/2019,0,0,26.4(-0.38 %),0,0,0,0,169520363,10.62
24/09/2019,0,0,26.4(0.00 %),0,0,0,0,169520363,10.62
25/09/2019,0,0,26.4(0.00 %),0,0,0,0,169520363,10.62
26/09/2019,0,0,26.4(0.00 %),0,0,0,0,169520363,10.62
27/09/2019,0,0,26.4(0.00 %),0,0,0,0,169520363,10.62
30/09/2019,0,0,26.4(0.00 %),0,0,0,0,169520363,10.62
01/10/2019,0,0,26.4(0.00 %),0,0,0,0,169520363,10.62
02/10/2019,0,0,26.4(0.00 %),0,0,0,0,169520363,10.62
03/10/2019,0,0,26.4(0.00 %),0,0,0,0,169520363,10.62
04/10/2019,0,0,26.5(0.38 %),0,0,0,0,169520363,10.62
07/10/2019,0,0,26.5(0.00 %),0,0,0,0,169520363,10.62
08/10/2019,-97,-2541400,26.5(0.00 %),0,0,97,2541400,169520460,10.62
09/10/2019,0,0,27.2(2.64 %),0,0,0,0,169520460,10.62
10/10/2019,0,0,26.6(-2.21 %),0,0,0,0,169520460,10.62
11/10/2019,0,0,26.6(0.00 %),0,0,0,0,169520460,10.62
14/10/2019,0,0,26.6(0.00 %),0,0,0,0,169520460,10.62
15/10/2019,0,0,26.6(0.00 %),0,0,0,0,169520460,10.62
16/10/2019,0,0,26.5(-0.38 %),0,0,0,0,169520460,10.62
17/10/2019,0,0,26.5(0.00 %),0,0,0,0,169520460,10.62
18/10/2019,0,0,26.5(0.00 %),0,0,0,0,169520460,10.62
21/10/2019,0,0,26.5(0.00 %),0,0,0,0,169520460,10.62
22/10/2019,0,0,26.5(0.00 %),0,0,0,0,169520460,10.62
23/10/2019,0,0,26.5(0.00 %),0,0,0,0,169520460,10.62
24/10/2019,0,0,26.6(0.38 %),0,0,0,0,169520460,10.62
25/10/2019,0,0,26.6(0.00 %),0,0,0,0,169520460,10.62
28/10/2019,0,0,26.6(0.00 %),0,0,0,0,169520460,10.62
29/10/2019,-5000,-132060000,26.6(0.00 %),0,0,5000,132060000,169525460,10.62
30/10/2019,0,0,26.6(0.00 %),0,0,0,0,169525460,10.62
31/10/2019,-70,-1869000,27(1.50 %),0,0,70,1869000,169525530,10.62
01/11/2019,0,0,26.8(-0.74 %),0,0,0,0,169525530,10.62
04/11/2019,0,0,26.8(0.00 %),0,0,0,0,169525530,10.62
05/11/2019,0,0,27(0.75 %),0,0,0,0,169525530,10.62
06/11/2019,0,0,27.3(1.11 %),0,0,0,0,169525530,10.62
07/11/2019,0,0,27.1(-0.73 %),0,0,0,0,169525530,10.62
08/11/2019,-2500,-68000000,27.3(0.74 %),0,0,2500,68000000,169528030,10.62
11/11/2019,-3000,-81000000,27.1(-0.73 %),0,0,3000,81000000,169531030,10.62
12/11/2019,200,5460000,27.3(0.74 %),200,5460000,0,0,169530830,10.62
13/11/2019,0,0,27.3(0.00 %),0,0,0,0,169530830,10.62
14/11/2019,0,0,27.3(0.00 %),0,0,0,0,169530830,10.62
15/11/2019,0,0,27.4(0.37 %),0,0,0,0,169530830,10.62
18/11/2019,200,5460000,27.4(0.00 %),200,5460000,0,0,169530630,10.62
19/11/2019,0,0,27.3(-0.36 %),0,0,0,0,169530630,10.62
20/11/2019,100,2720000,27.3(0.00 %),100,2720000,0,0,169530530,10.62
21/11/2019,0,0,27.3(0.00 %),0,0,0,0,169530530,10.62
22/11/2019,0,0,27.3(0.00 %),0,0,0,0,169530530,10.62
25/11/2019,0,0,27.3(0.00 %),0,0,0,0,169530530,10.62
26/11/2019,0,0,27.2(-0.37 %),0,0,0,0,169530530,10.62
27/11/2019,500,13600000,27.2(0.00 %),500,13600000,0,0,169530030,10.62
28/11/2019,0,0,27.2(0.00 %),0,0,0,0,169530030,10.62
29/11/2019,100,2720000,27.1(-0.37 %),100,2720000,0,0,169529930,10.62
02/12/2019,0,0,27.1(0.00 %),0,0,0,0,214107220,0.53
03/12/2019,100,2700000,27.1(0.00 %),100,2700000,0,0,214107120,0.53
04/12/2019,0,0,27.1(0.00 %),0,0,0,0,214107120,0.0
05/12/2019,-5200,-139730000,27.1(0.00 %),0,0,5200,139730000,214112320,0.53
06/12/2019,0,0,27.1(0.00 %),0,0,0,0,214112320,0.53
09/12/2019,0,0,27.1(0.00 %),0,0,0,0,214112320,0.53
10/12/2019,0,0,27.2(0.37 %),0,0,0,0,214112320,0.53
11/12/2019,0,0,27.2(0.00 %),0,0,0,0,214112320,0.53
12/12/2019,0,0,27.1(-0.37 %),0,0,0,0,214112320,0.53
13/12/2019,100,2690000,26.9(-0.74 %),100,2690000,0,0,214112220,0.53
16/12/2019,0,0,26.9(0.00 %),0,0,0,0,214112220,0.53
17/12/2019,0,0,26.9(0.00 %),0,0,0,0,214112220,0.53
18/12/2019,-6500,-174850000,26.9(0.00 %),0,0,6500,174850000,214118720,0.53
19/12/2019,0,0,26.9(0.00 %),0,0,0,0,214118720,0.53
20/12/2019,0,0,27.1(0.74 %),0,0,0,0,214118720,0.53
23/12/2019,0,0,27(-0.37 %),0,0,0,0,214118720,0.0
24/12/2019,0,0,26.9(-0.37 %),0,0,0,0,214118720,0.53
25/12/2019,0,0,26.9(0.00 %),0,0,0,0,214118720,0.53
26/12/2019,-3300,-88770000,26.9(0.00 %),0,0,3300,88770000,214122020,0.52
27/12/2019,0,0,27(0.37 %),0,0,0,0,214122020,0.52
30/12/2019,-1400,-37660000,26.9(0.37 %),0,0,1400,37660000,214123420,0.52
31/12/2019,0,0,26.9(0.00 %),0,0,0,0,214123420,0.52
02/01/2020,0,0,26.5(-1.49 %),0,0,0,0,214122120,0.52
03/01/2020,0,0,26.1(-1.51 %),0,0,0,0,214122120,0.52
06/01/2020,0,0,25.9(-0.77 %),0,0,0,0,214122120,0.52
07/01/2020,0,0,25.8(-0.39 %),0,0,0,0,214122120,0.52
08/01/2020,0,0,25.4(-1.55 %),0,0,0,0,214122120,0.52
09/01/2020,0,0,25.4(0.00 %),0,0,0,0,214122120,0.52
10/01/2020,-300,-7560000,25.6(0.79 %),0,0,300,7560000,214122420,0.52
13/01/2020,-30000,-760330000,25.6(0.00 %),0,0,30000,760330000,214152420,0.52
14/01/2020,-23000,-584680000,25.6(0.00 %),0,0,23000,584680000,214175420,0.51
15/01/2020,0,0,25.6(0.00 %),0,0,0,0,214175420,0.51
16/01/2020,0,0,25.6(0.00 %),0,0,0,0,214153820,0.52
17/01/2020,0,0,25.8(0.78 %),0,0,0,0,214176820,0.51
20/01/2020,0,0,25.8(0.00 %),0,0,0,0,214176820,0.51
21/01/2020,-700,-18060000,25.8(0.00 %),0,0,700,18060000,214176820,0.51
22/01/2020,0,0,25.7(-0.39 %),0,0,0,0,214176820,0.51
30/01/2020,0,0,25.8(0.39 %),0,0,0,0,214176820,0.51
31/01/2020,0,0,25.3(-1.94 %),0,0,0,0,214176820,0.51
03/02/2020,0,0,25.3(0.00 %),0,0,0,0,214177520,0.51
04/02/2020,0,0,25.3(0.00 %),0,0,0,0,214177520,0.51
05/02/2020,0,0,25.1(-0.79 %),0,0,0,0,214177520,0.51
06/02/2020,-5000,-125500000,25.1(0.00 %),0,0,5000,125500000,214182520,0.51
07/02/2020,-10000,-249000000,25.1(0.00 %),0,0,10000,249000000,214192520,0.51
10/02/2020,0,0,25.1(0.00 %),0,0,0,0,214192520,0.51
11/02/2020,0,0,25.1(0.00 %),0,0,0,0,214192520,0.51
12/02/2020,8000,200880000,25.1(0.00 %),8000,200880000,0,0,214184520,0.51
13/02/2020,-4000,-99270000,25.1(0.00 %),0,0,4000,99270000,214188520,0.51
14/02/2020,0,0,24.8(-1.20 %),0,0,0,0,214188520,0.51
17/02/2020,-100,-2470000,24.8(0.00 %),0,0,100,2470000,214188620,0.51
18/02/2020,0,0,24.8(0.00 %),0,0,0,0,214188620,0.51
19/02/2020,0,0,24.8(0.00 %),0,0,0,0,214188620,0.51
20/02/2020,0,0,24.8(0.00 %),0,0,0,0,214188620,0.51
21/02/2020,0,0,24.8(0.00 %),0,0,0,0,214188620,0.0
24/02/2020,0,0,24.1(-2.82 %),0,0,0,0,214188620,0.0
25/02/2020,0,0,24.2(0.41 %),0,0,0,0,214188620,0.51
26/02/2020,7600,183410000,24.3(0.41 %),7600,183410000,0,0,214181020,0.51
27/02/2020,0,0,24.5(0.82 %),0,0,0,0,214181020,0.51
28/02/2020,-1000,-24260000,25(2.04 %),0,0,1000,24260000,214182020,0.51
02/03/2020,0,0,25.4(1.60 %),0,0,0,0,214181020,0.0
03/03/2020,0,0,25.6(0.79 %),0,0,0,0,214181020,0.51
04/03/2020,1300,33280000,25.5(-0.39 %),1300,33280000,0,0,214179720,0.51
05/03/2020,0,0,25.5(0.00 %),0,0,0,0,214179720,0.51
06/03/2020,-2000,-50200000,25.5(0.00 %),0,0,2000,50200000,214181720,0.51
09/03/2020,0,0,25.1(-1.57 %),0,0,0,0,214181720,0.51
10/03/2020,-100,-2460000,24.7(-1.59 %),0,0,100,2460000,214181820,0.51
11/03/2020,0,0,25(1.21 %),0,0,0,0,214182720,0.51
12/03/2020,-400,-9650000,25(0.00 %),0,0,400,9650000,214182720,0.51
13/03/2020,-800,-19760000,25.1(0.40 %),0,0,800,19760000,214183520,0.51
16/03/2020,0,0,24.9(-0.80 %),0,0,0,0,214183520,0.51
17/03/2020,-3000,-72960000,24.8(-0.40 %),0,0,3000,72960000,214186520,0.51
18/03/2020,-4900,-118980000,24.9(0.40 %),0,0,4900,118980000,214191420,0.51
19/03/2020,-100,-2430000,24.9(0.00 %),0,0,100,2430000,214191520,0.51
20/03/2020,-163551,-3963279100,24.2(-2.81 %),0,0,163551,3963279100,214355071,0.47
23/03/2020,0,0,24.3(0.41 %),0,0,0,0,214355071,0.47
24/03/2020,0,0,24.5(0.82 %),0,0,0,0,214355071,0.47
25/03/2020,0,0,24.5(0.00 %),0,0,0,0,214355071,0.47
26/03/2020,0,0,24.5(0.00 %),0,0,0,0,214355071,0.47
27/03/2020,0,0,24.6(0.41 %),0,0,0,0,214355071,0.47
30/03/2020,0,0,24.6(0.00 %),0,0,0,0,214355071,0.47
31/03/2020,0,0,24.5(-0.41 %),0,0,0,0,214355071,0.0
01/04/2020,100,2450000,24.6(0.41 %),100,2450000,0,0,214355571,0.47
03/04/2020,0,0,24.7(0.41 %),0,0,0,0,214355571,0.47
06/04/2020,0,0,24.8(0.40 %),0,0,0,0,214355571,0.47
07/04/2020,-100,-2460000,24.8(0.00 %),0,0,100,2460000,214355671,0.47
08/04/2020,0,0,24.8(0.00 %),0,0,0,0,214355671,0.47
09/04/2020,0,0,24.7(-0.40 %),0,0,0,0,214355671,0.47
10/04/2020,0,0,24.6(-0.40 %),0,0,0,0,214355671,0.0
13/04/2020,0,0,24.7(0.41 %),0,0,0,0,214355671,0.47
14/04/2020,0,0,24.7(0.00 %),0,0,0,0,214355671,0.47
15/04/2020,-69000,-1714830000,25(1.21 %),0,0,69000,1714830000,214424671,0.46
16/04/2020,0,0,25(0.00 %),0,0,0,0,214424671,0.46
17/04/2020,0,0,25.1(0.40 %),0,0,0,0,214424671,0.46
20/04/2020,0,0,25.1(0.00 %),0,0,0,0,214424671,0.46
21/04/2020,0,0,25.1(0.00 %),0,0,0,0,214424671,0.46
22/04/2020,0,0,25(-0.40 %),0,0,0,0,214424671,0.46
23/04/2020,0,0,25.1(0.40 %),0,0,0,0,214424671,0.46
24/04/2020,0,0,25.1(0.00 %),0,0,0,0,214424671,0.46
28/04/2020,300,7600000,25.5(1.19 %),300,7600000,0,0,214424371,0.46
29/04/2020,0,0,25.9(1.57 %),0,0,0,0,214424371,0.46
04/05/2020,3800,97660000,25.7(-0.77 %),3800,97660000,0,0,214424291,0.46
05/05/2020,6500,165570000,25.4(-1.17 %),6500,165570000,0,0,214417791,0.46
06/05/2020,8200,207050000,25.4(0.00 %),8200,207050000,0,0,214409591,0.46
07/05/2020,28700,731850000,25.6(0.79 %),28700,731850000,0,0,214380891,0.47
08/05/2020,0,0,25.4(-0.78 %),0,0,0,0,214380891,0.47
11/05/2020,-2400,-60090000,25.4(0.00 %),0,0,2400,60090000,214383291,0.0
12/05/2020,0,0,25.4(0.00 %),0,0,0,0,214383291,0.47
13/05/2020,0,0,25.3(-0.39 %),0,0,0,0,214383291,0.47
14/05/2020,0,0,25.2(-0.40 %),0,0,0,0,214383291,0.47
15/05/2020,100,2510000,25.3(0.40 %),100,2510000,0,0,214383191,0.0
18/05/2020,0,0,25(-1.19 %),0,0,0,0,214383191,0.47
19/05/2020,-8400,-209560000,25.2(0.80 %),0,0,8400,209560000,214391591,0.46
20/05/2020,-9300,-232830000,25.1(-0.40 %),0,0,9300,232830000,214400891,0.46
21/05/2020,-7200,-179810000,25.1(0.00 %),0,0,7200,179810000,214408091,0.46
22/05/2020,-21200,-529850000,24.9(-0.80 %),0,0,21200,529850000,214429291,0.45
25/05/2020,0,0,25.1(0.80 %),0,0,0,0,214429291,0.45
26/05/2020,0,0,25.2(0.40 %),0,0,0,0,214429291,0.45
28/05/2020,0,0,25.1(0.00 %),0,0,0,0,214429291,0.45
29/05/2020,0,0,25.1(0.00 %),0,0,0,0,214429291,0.0
01/06/2020,0,0,25.1(0.00 %),0,0,0,0,214425491,0.46
02/06/2020,0,0,25.1(0.00 %),0,0,0,0,214425491,0.46
03/06/2020,0,0,25.2(0.40 %),0,0,0,0,214425491,0.46
04/06/2020,0,0,25.2(0.00 %),0,0,0,0,214425491,0.46
05/06/2020,0,0,25.2(0.00 %),0,0,0,0,214425491,0.46
08/06/2020,0,0,25.2(0.00 %),0,0,0,0,214425491,0.0
09/06/2020,0,0,25.2(0.00 %),0,0,0,0,214425491,0.0
10/06/2020,0,0,25.2(0.00 %),0,0,0,0,214425491,0.46
11/06/2020,0,0,25.2(0.00 %),0,0,0,0,214425491,0.46
12/06/2020,-100,-2490000,25.2(0.00 %),0,0,100,2490000,214425591,0.46
15/06/2020,0,0,25(-0.79 %),0,0,0,0,214425591,0.46
16/06/2020,0,0,25.9(3.60 %),0,0,0,0,214425591,0.46
18/06/2020,0,0,26.2(0.77 %),0,0,0,0,214425591,0.46
19/06/2020,0,0,27.4(4.58 %),0,0,0,0,214425591,0.46
22/06/2020,0,0,27.1(-1.09 %),0,0,0,0,214425591,0.46
23/06/2020,200,5420000,27.5(1.48 %),200,5420000,0,0,214425391,0.46
24/06/2020,600,16990000,28.9(5.09 %),600,16990000,0,0,214424791,0.46
25/06/2020,200,5800000,28.1(-2.77 %),200,5800000,0,0,214424591,0.46
26/06/2020,4000,113600000,28.1(0.00 %),4000,113600000,0,0,214420591,0.46
29/06/2020,-49500,-1320570000,26.4(-6.05 %),3100,83620000,52600,1404190000,214470091,0.0
30/06/2020,-29600,-778200000,26.2(-0.76 %),1400,36900000,31000,815100000,214499691,0.44
01/07/2020,0,0,27.3(4.20 %),0,0,0,0,214417491,0.46
02/07/2020,0,0,27.5(0.73 %),0,0,0,0,214417491,0.46
03/07/2020,2900,79750000,27.4(-0.36 %),2900,79750000,0,0,214414591,0.46
06/07/2020,700,18880000,26.7(-2.55 %),700,18880000,0,0,214413891,0.46
07/07/2020,400,10640000,26.5(-0.75 %),500,13300000,100,2660000,214413491,0.46
08/07/2020,700,18480000,26.5(0.00 %),700,18480000,0,0,214412791,0.46
09/07/2020,0,0,26.5(0.00 %),0,0,0,0,214412791,0.02
10/07/2020,300,8010000,26.6(0.38 %),300,8010000,0,0,214412491,0.46
13/07/2020,0,0,26.6(0.00 %),0,0,0,0,214412491,0.46
14/07/2020,0,0,26.9(1.13 %),0,0,0,0,214412491,0.46
15/07/2020,400,10760000,27(0.37 %),400,10760000,0,0,214412091,0.46
16/07/2020,300,8070000,26.7(-1.11 %),1000,26700000,700,18630000,214411791,0.46
17/07/2020,1700,45140000,26.3(-1.50 %),2000,53100000,300,7960000,214410091,0.46
20/07/2020,-8500,-218830000,26(-1.14 %),3200,81970000,11700,300800000,214418591,0.02
21/07/2020,-1000,-25720000,25.9(-0.38 %),0,0,1000,25720000,214419591,0.46
22/07/2020,-4100,-104520000,25.6(-1.16 %),400,10200000,4500,114720000,214423691,0.46
23/07/2020,-1300,-33920000,26.2(2.34 %),1000,25600000,2300,59520000,214424991,0.46
24/07/2020,-7400,-189400000,25.6(-2.29 %),0,0,7400,189400000,214500391,0.44
27/07/2020,-4000,-100200000,25.4(-0.78 %),0,0,4000,100200000,214504391,0.0
28/07/2020,20,510000,26(2.36 %),20,510000,0,0,214507171,0.44
29/07/2020,-7100,-181600000,26.1(0.38 %),0,0,7100,181600000,214514271,0.44
30/07/2020,100,2610000,26.3(0.77 %),100,2610000,0,0,214514171,0.44
31/07/2020,0,0,25.8(-1.90 %),0,0,0,0,214514171,0.44
03/08/2020,0,0,26(0.78 %),0,0,0,0,214525571,0.43
04/08/2020,0,0,25.9(-0.38 %),0,0,0,0,214525571,0.43
05/08/2020,-200,-5200000,26.1(0.77 %),0,0,200,5200000,214525771,0.43
06/08/2020,0,0,26.1(0.00 %),0,0,0,0,214525771,0.0
07/08/2020,0,0,26(-0.38 %),0,0,0,0,214525771,0.43
10/08/2020,0,0,25.8(-0.77 %),0,0,0,0,214525771,0.0
11/08/2020,0,0,26.2(1.55 %),0,0,0,0,214525771,0.43
12/08/2020,-1000,-26200000,24(-8.40 %),0,0,1000,26200000,214526771,0.43
13/08/2020,37700,995280000,26.4(10.00 %),37700,995280000,0,0,214489071,0.44
14/08/2020,-253600,-7314570000,29(9.85 %),0,0,253600,7314570000,214742671,0.38
17/08/2020,0,0,30.2(4.14 %),0,0,0,0,214742671,0.38
18/08/2020,-20000,-598000000,30(-0.66 %),0,0,20000,598000000,214762671,0.38
19/08/2020,-11100,-326340000,32.3(7.67 %),0,0,11100,326340000,214773771,0.38
20/08/2020,-1300,-41730000,32.1(-0.62 %),0,0,1300,41730000,214775071,0.38
21/08/2020,0,0,32(-0.31 %),0,0,0,0,214775071,0.38
24/08/2020,-51300,-1654490000,32(0.00 %),0,0,51300,1654490000,214826371,0.36
25/08/2020,-61900,-2015140000,32.4(1.25 %),0,0,61900,2015140000,214888271,0.35
26/08/2020,0,0,35(8.02 %),0,0,0,0,214888271,0.35
27/08/2020,-4000,-146740000,35.7(2.00 %),0,0,4000,146740000,214892271,0.35
28/08/2020,-39600,-1427490000,35.9(0.56 %),10000,359000000,49600,1786490000,214931871,0.34
31/08/2020,-45100,-1590560000,35.3(-1.67 %),2100,75600000,47200,1666160000,214976971,0.33
01/09/2020,12100,420830000,35(-0.85 %),12300,427810000,200,6980000,214880171,0.35
03/09/2020,2900,101210000,36(2.86 %),2900,101210000,0,0,214877271,0.35
04/09/2020,-82700,-3028630000,36.8(2.22 %),0,0,82700,3028630000,214959971,0.33
07/09/2020,0,0,36.7(-0.27 %),0,0,0,0,214959971,0.33
08/09/2020,15000,550500000,37.1(1.09 %),15000,550500000,0,0,214944971,0.34
09/09/2020,20,732000,36.6(-1.35 %),20,732000,0,0,215029651,0.32
10/09/2020,-800,-29280000,36.3(-0.82 %),0,0,800,29280000,215030451,0.32
11/09/2020,0,0,36.3(0.00 %),0,0,0,0,215030451,0.32
14/09/2020,10000,362000000,36(-0.83 %),10000,362000000,0,0,215020451,0.32
15/09/2020,-1500,-53700000,35.7(-0.83 %),0,0,1500,53700000,215021951,0.32
16/09/2020,0,0,36(0.84 %),0,0,0,0,215021951,0.32
17/09/2020,0,0,36.4(1.11 %),0,0,0,0,215021951,0.32
18/09/2020,0,0,36.1(-0.82 %),0,0,0,0,215021951,0.32
21/09/2020,0,0,36.2(0.28 %),0,0,0,0,215021951,0.32
22/09/2020,-400,-14400000,37.3(3.04 %),0,0,400,14400000,215022351,0.0
23/09/2020,0,0,37.4(0.27 %),0,0,0,0,215022351,0.32
24/09/2020,-62200,-2381730000,38.1(1.87 %),0,0,62200,2381730000,215084551,0.31
25/09/2020,0,0,39(2.36 %),0,0,0,0,215084551,0.31
28/09/2020,0,0,39(0.00 %),0,0,0,0,215084551,0.31
29/09/2020,-61099,-2424903000,39.9(2.31 %),0,0,61099,2424903000,215145650,0.29
30/09/2020,0,0,40.1(0.50 %),0,0,0,0,215145650,0.29
01/10/2020,0,0,39.9(-0.50 %),0,0,0,0,215084551,0.31
02/10/2020,0,0,40(0.25 %),0,0,0,0,215084551,0.31
05/10/2020,15100,607020000,40.2(0.50 %),15100,607020000,0,0,215069451,0.31
06/10/2020,0,0,40(-0.50 %),0,0,0,0,215069451,0.01
07/10/2020,0,0,39.9(-0.25 %),0,0,0,0,215069451,0.31
08/10/2020,-1000,-40000000,40.3(1.00 %),0,0,1000,40000000,215070451,0.31
09/10/2020,0,0,40.5(0.50 %),0,0,0,0,215070451,0.31
12/10/2020,0,0,40.5(0.00 %),0,0,0,0,215070451,0.31
13/10/2020,-3000,-122100000,41(1.23 %),0,0,3000,122100000,215073451,0.31
14/10/2020,0,0,41.3(0.73 %),0,0,0,0,215073451,0.31
15/10/2020,700,30450000,42.5(2.91 %),700,30450000,0,0,215072751,0.31
16/10/2020,400,17320000,43.2(1.65 %),400,17320000,0,0,215072351,0.31
19/10/2020,0,0,42.7(-1.16 %),0,0,0,0,215072351,0.31
20/10/2020,4200,178560000,42.4(-0.70 %),4200,178560000,0,0,215068151,0.31
21/10/2020,0,0,42.6(0.47 %),0,0,0,0,215068151,0.31
22/10/2020,-41400,-1801740000,43.9(3.05 %),0,0,41400,1801740000,215109551,0.3
23/10/2020,-44700,-1980960000,43.6(-0.68 %),0,0,44700,1980960000,215154251,0.29
26/10/2020,-76600,-3248810000,41.8(-4.13 %),0,0,76600,3248810000,215230851,0.27
27/10/2020,-38800,-1602350000,41.1(-1.67 %),0,0,38800,1602350000,215269651,0.0
28/10/2020,-41300,-1655230000,41(-0.24 %),3500,139550000,44800,1794780000,215310951,0.0
29/10/2020,-10200,-411020000,40.2(-1.95 %),700,28070000,10900,439090000,215321151,0.25
30/10/2020,-26300,-1050900000,40(-0.50 %),300,11970000,26600,1062870000,215347451,0.25
02/11/2020,-12400,-503770000,40.9(2.25 %),0,0,12400,503770000,215326550,0.25
03/11/2020,-6400,-265530000,41.4(1.22 %),0,0,6400,265530000,215332950,0.25
04/11/2020,-11800,-490000000,41.2(-0.48 %),0,0,11800,490000000,215344750,0.25
05/11/2020,-15700,-644340000,41.1(-0.24 %),0,0,15700,644340000,215360450,0.24
06/11/2020,-5200,-216350000,41.6(1.22 %),0,0,5200,216350000,215365650,0.24
09/11/2020,-10900,-453530000,41.7(0.24 %),0,0,10900,453530000,215376550,0.24
10/11/2020,-15600,-643020000,40.9(-1.92 %),1000,41300000,16600,684320000,215392150,0.24
11/11/2020,-10600,-434350000,41(0.24 %),1000,40400000,11600,474750000,215402750,0.23
12/11/2020,-6300,-258850000,41.3(0.73 %),0,0,6300,258850000,215409050,0.23
13/11/2020,-36100,-1498780000,41.7(0.97 %),0,0,36100,1498780000,215445150,0.22
16/11/2020,-10100,-421830000,41.7(0.00 %),0,0,10100,421830000,215455250,0.22
17/11/2020,-95300,-3967940000,41.6(-0.24 %),0,0,95300,3967940000,215550550,0.2
18/11/2020,-6000,-249600000,41.3(-0.72 %),0,0,6000,249600000,215556550,0.0
19/11/2020,0,0,41.1(-0.48 %),0,0,0,0,215556550,0.2
20/11/2020,0,0,41.2(0.24 %),0,0,0,0,215556550,0.2
24/11/2020,500,21500000,42.1(-1.64 %),500,21500000,0,0,215650450,0.18
25/11/2020,200,8450000,42.4(0.71 %),200,8450000,0,0,215650250,0.18
26/11/2020,0,0,42.5(0.24 %),0,0,0,0,215650250,0.18
30/11/2020,-15100,-634960000,41.7(-1.18 %),0,0,15100,634960000,215665350,0.17
01/12/2020,0,0,41.7(0.00 %),0,0,0,0,215650250,0.18
02/12/2020,0,0,41.9(0.48 %),0,0,0,0,215650250,0.18
03/12/2020,-600,-25200000,41.7(-0.48 %),0,0,600,25200000,215650850,0.18
04/12/2020,2000,83860000,41.5(-0.48 %),2000,83860000,0,0,215648850,0.18
07/12/2020,-100,-4090000,40.5(-2.41 %),0,0,100,4090000,215648950,0.18
08/12/2020,0,0,40.6(0.25 %),0,0,0,0,215648950,0.18
09/12/2020,500,20700000,41.3(1.72 %),1000,41000000,500,20300000,215648450,0.18
10/12/2020,0,0,40.5(-1.94 %),0,0,0,0,215648450,0.18
11/12/2020,600,24340000,40.5(0.00 %),600,24340000,0,0,215647850,0.18
14/12/2020,0,0,41.6(2.72 %),0,0,0,0,215647850,0.18
15/12/2020,0,0,41.5(-0.24 %),0,0,0,0,215647850,0.18
16/12/2020,0,0,42.7(2.89 %),0,0,0,0,215647850,0.18
17/12/2020,-1000,-43500000,43.5(1.87 %),0,0,1000,43500000,215648850,0.18
18/12/2020,1100,48100000,43.8(0.69 %),1100,48100000,0,0,215647750,0.18
21/12/2020,500,21900000,44.1(0.68 %),500,21900000,0,0,215647250,0.18
29/12/2020,0,0,45.1(0.45 %),0,0,0,0,215662350,0.18
30/12/2020,9390,0,45.4(0.67 %),9400,0,10,0,215637860,0.18
31/12/2020,4300,197099000,46.1(1.54 %),4300,197099000,0,0,215648650,0.18
04/01/2021,360,168270000,47(1.95 %),420,196320000,60,28050000,215644450,0.18
05/01/2021,-960,-455220000,47.35(0.74 %),30,14040000,990,469260000,215644160,0.18
06/01/2021,2800,129700000,47.35(0.00 %),2800,129700000,0,0,215651250,0.18
07/01/2021,0,0,47.35(0.00 %),0,0,0,0,215641960,0.18
08/01/2021,0,0,48.05(1.48 %),0,0,0,0,215651250,0.18
11/01/2021,-3000,-140735000,47.2(-1.77 %),0,0,3000,140735000,215654250,0.18
12/01/2021,10,4700000,46.95(-0.53 %),10,4700000,0,0,215651760,0.18
13/01/2021,10,4700000,46.9(-0.11 %),10,4700000,0,0,215651660,0.18
14/01/2021,-1800,-84320000,46.9(0.00 %),100,4600000,1900,88920000,215655850,0.18
15/01/2021,0,0,46.9(0.00 %),0,0,0,0,215655850,0.18
18/01/2021,0,0,46.95(0.11 %),0,0,0,0,215655850,0.18
19/01/2021,-10,-4680000,46.8(-0.32 %),0,0,10,4680000,215656460,0.18
20/01/2021,0,0,46.9(0.21 %),0,0,0,0,215656460,0.18
21/01/2021,-1900,-88315000,47(0.21 %),100,4685000,2000,93000000,215657850,0.18
22/01/2021,500,24150000,47.8(1.70 %),500,24150000,0,0,215657350,0.18
25/01/2021,0,0,47.85(0.10 %),0,0,0,0,215657350,0.18
26/01/2021,0,0,47.9(0.10 %),0,0,0,0,215657950,0.18
27/01/2021,300,14190000,47.85(-0.10 %),300,14190000,0,0,215657050,0.18
28/01/2021,200,9330000,44.55(-6.90 %),200,9330000,0,0,215656850,0.18
29/01/2021,0,0,47.1(5.72 %),0,0,0,0,215657450,0.18
01/02/2021,0,0,47.2(0.21 %),0,0,0,0,215657450,0.18
02/02/2021,230,108070000,47.45(0.53 %),250,117500000,20,9430000,215654950,0.18
03/02/2021,0,0,47.6(0.32 %),0,0,0,0,215655000,0.18
04/02/2021,-20,-9360000,47.4(-0.42 %),0,0,20,9360000,215655000,0.18
05/02/2021,0,0,47(-0.84 %),0,0,0,0,215655350,0.18
08/02/2021,-700,-325850000,47(0.00 %),0,0,700,325850000,215655200,0.18
09/02/2021,0,0,48.2(2.55 %),0,0,0,0,215655400,0.18
17/02/2021,80,39680000,49.4(2.49 %),80,39680000,0,0,215654600,0.18
18/02/2021,-3000,-148560000,49.7(0.61 %),0,0,3000,148560000,215657600,0.18
19/02/2021,300,14910000,49.7(0.00 %),300,14910000,0,0,215657300,0.18
22/02/2021,0,0,49.7(0.00 %),0,0,0,0,215661300,0.18
23/02/2021,0,0,49.4(-0.60 %),0,0,0,0,215657300,0.18
24/02/2021,0,0,48.3(-2.23 %),0,0,0,0,215664300,0.18
25/02/2021,0,0,48(-0.62 %),0,0,0,0,215664300,0.18
26/02/2021,-60,-28800000,48(0.00 %),0,0,60,28800000,215664300,0.18
01/03/2021,-10,-4800000,48.1(0.21 %),0,0,10,4800000,215664300,0.18
02/03/2021,0,0,48.1(0.00 %),0,0,0,0,215664300,0.18
03/03/2021,0,0,47.8(-0.62 %),0,0,0,0,215664900,0.18
04/03/2021,0,0,47.5(-0.63 %),0,0,0,0,215664300,0.18
05/03/2021,0,0,47.3(-0.42 %),0,0,0,0,215664300,0.18
08/03/2021,-100,-4710000,47.4(0.21 %),200,9480000,300,14190000,215664400,0.18
09/03/2021,0,0,47(-0.84 %),0,0,0,0,215664800,0.18
10/03/2021,0,0,47(0.00 %),0,0,0,0,215664400,0.18
11/03/2021,0,0,46.9(-0.21 %),0,0,0,0,215665100,0.18
12/03/2021,0,0,47(0.21 %),0,0,0,0,215664400,0.18
15/03/2021,0,0,47.2(0.43 %),0,0,0,0,215665100,0.18
16/03/2021,0,0,46.8(-0.85 %),0,0,0,0,215665100,0.18
17/03/2021,0,0,46.3(-1.07 %),0,0,0,0,215665100,0.18
18/03/2021,0,0,44(-4.97 %),0,0,0,0,215665100,0.18
19/03/2021,7500,343500000,45(2.27 %),7500,343500000,0,0,215656900,0.18
22/03/2021,30,13800000,45.1(0.22 %),30,13800000,0,0,215657300,0.18
23/03/2021,100,4500000,43(-4.66 %),100,4500000,0,0,215656500,0.18
24/03/2021,2700,117175000,43.3(0.70 %),4200,183175000,1500,66000000,215653800,0.18
25/03/2021,2600,115050000,43.5(0.46 %),2600,115050000,0,0,215651200,0.18
26/03/2021,0,0,43.3(-0.46 %),0,0,0,0,215650317,0.18
29/03/2021,21400,941490000,44.5(2.77 %),24000,1056020000,2600,114530000,215629800,0.18
30/03/2021,16700,748180000,44.55(0.11 %),18300,819760000,1600,71580000,215613100,0.19
31/03/2021,3100,1391530000,44.9(0.79 %),3170,1422920000,70,31390000,215577834,0.19
01/04/2021,19240,8774850000,46.9(4.45 %),19240,8774850000,0,0,215388034,0.24
02/04/2021,121700,5731640000,47.4(1.07 %),121700,5731640000,0,0,215458734,0.22
05/04/2021,235500,11766765000,47.7(0.63 %),235600,11771815000,100,5050000,215223234,0.28
06/04/2021,75500,3612995000,47.9(0.42 %),75500,3612995000,0,0,215147734,0.29
07/04/2021,220000,10642275000,48.6(1.46 %),220400,10661500000,400,19225000,214927734,0.34
08/04/2021,152100,7455655000,49.1(1.03 %),155500,7622250000,3400,166595000,214775634,0.38
09/04/2021,21970,10824150000,49.2(0.20 %),22050,10863550000,80,39400000,214361234,0.47
12/04/2021,170500,8393250000,48.9(-0.61 %),171400,8437570000,900,44320000,214385434,0.46
13/04/2021,16770,8152030000,47.5(-2.86 %),17430,8466170000,660,314140000,214019334,0.55
14/04/2021,9680,4682660000,46.5(-2.11 %),16280,7779870000,6600,3097210000,213857334,0.58
15/04/2021,73700,3527030000,46.5(0.00 %),108400,5152220000,34700,1625190000,214047234,0.54
16/04/2021,14800,696770000,46.5(0.00 %),14800,696770000,0,0,214032434,0.54
19/04/2021,17000,802400000,47.1(1.29 %),20200,950280000,3200,147880000,214015434,0.55
20/04/2021,166100,7936750000,47.9(1.70 %),166100,7936750000,0,0,213849334,0.59
22/04/2021,164500,7875245000,47.8(-0.21 %),168000,8041395000,3500,166150000,213684834,0.62
23/04/2021,165900,7936385000,47.8(0.00 %),182000,8699600000,16100,763215000,213518934,0.66
26/04/2021,171900,8317185000,48(0.42 %),181000,8744000000,9100,426815000,213347034,0.7
27/04/2021,194400,9336575000,48(0.00 %),203100,9748085000,8700,411510000,213152634,0.74
28/04/2021,191000,9160500000,47.9(-0.21 %),200000,9591600000,9000,431100000,212961634,0.79
29/04/2021,201700,9663350000,47.9(0.00 %),208000,9963200000,6300,299850000,212759934,0.83
04/05/2021,106300,5097645000,47(-1.88 %),126000,6027300000,19700,929655000,212554534,0.88
05/05/2021,1230,578460000,47(0.00 %),2000,940000000,770,361540000,212417534,0.91
06/05/2021,-1560,-725980000,47(0.00 %),0,0,1560,725980000,212423834,0.91
07/05/2021,-470,-217260000,46.5(-1.06 %),0,0,470,217260000,212443534,0.9
10/05/2021,0,0,47(1.08 %),0,0,0,0,212562534,0.88
11/05/2021,0,0,46.15(-1.81 %),0,0,0,0,212466834,0.9
12/05/2021,0,0,46.15(0.00 %),0,0,0,0,212471534,0.9
13/05/2021,-5500,-253550000,46.2(0.11 %),0,0,5500,253550000,212568034,0.88
14/05/2021,0,0,46.4(0.43 %),0,0,0,0,212471534,0.9
17/05/2021,0,0,45.65(-1.62 %),0,0,0,0,212471534,0.9
18/05/2021,0,0,46.5(1.86 %),0,0,0,0,212568034,0.88
19/05/2021,-200,-9320000,46.6(0.22 %),0,0,200,9320000,212568234,0.88
20/05/2021,0,0,46.35(-0.54 %),0,0,0,0,212568234,0.88
21/05/2021,0,0,46.05(-0.65 %),0,0,0,0,212477034,0.9
24/05/2021,0,0,46.2(0.33 %),0,0,0,0,212568234,0.88
25/05/2021,32800,1515915000,46.3(0.22 %),32800,1515915000,0,0,212535434,0.88
26/05/2021,0,0,46(-0.65 %),0,0,0,0,212535434,0.88
27/05/2021,17200,8038010000,48(4.35 %),17200,8038010000,0,0,212272434,0.94
28/05/2021,80000,3836790000,47.9(-0.21 %),80000,3836790000,0,0,212283434,0.94
31/05/2021,0,0,47.3(-1.25 %),0,0,0,0,212283434,0.94
01/06/2021,0,0,46.4(-1.90 %),0,0,0,0,212192434,0.96
02/06/2021,0,0,46.4(0.00 %),0,0,0,0,212192434,0.96
03/06/2021,200,9300000,46.7(0.65 %),200,9300000,0,0,212192234,0.96
04/06/2021,-3300,-142755000,46.7(0.00 %),20900,979650000,24200,1122405000,212195534,0.96
07/06/2021,-40,-18620000,46.4(-0.64 %),0,0,40,18620000,212171334,0.97
08/06/2021,-12700,-586650000,46.1(-0.65 %),2300,107180000,15000,693830000,212208634,0.96
09/06/2021,-4500,-207390000,46(-0.22 %),100,4610000,4600,212000000,212213134,0.96
10/06/2021,-50,-23050000,46(0.00 %),0,0,50,23050000,212193534,0.96
11/06/2021,-10,-4600000,45.7(-0.65 %),0,0,10,4600000,212208502,0.96
14/06/2021,-2000,-91800000,46.3(1.31 %),0,0,2000,91800000,212215734,0.96
15/06/2021,-8200,-381750000,46.8(1.08 %),0,0,8200,381750000,212223934,0.95
16/06/2021,-55400,-2577220000,49.2(5.13 %),0,0,55400,2577220000,212279334,0.94
17/06/2021,-480,-238340000,49.7(1.02 %),0,0,480,238340000,212215702,0.96
18/06/2021,3680,1831560000,49.65(-0.10 %),3680,1831560000,0,0,212187102,0.96
21/06/2021,0,0,48.5(-2.32 %),0,0,0,0,212247334,0.95
22/06/2021,-10100,-501650000,50.6(4.33 %),33400,1685460000,43500,2187110000,212252602,0.95
23/06/2021,0,0,49(-3.16 %),0,0,0,0,212252602,0.95
24/06/2021,100,4920000,49.3(0.61 %),100,4920000,0,0,212252502,0.95
25/06/2021,-800,-39605000,49.4(0.20 %),200,9800000,1000,49405000,212253302,0.95
28/06/2021,0,0,49.65(0.51 %),0,0,0,0,212253302,0.95
29/06/2021,0,0,49(-1.31 %),0,0,0,0,212257102,0.95
30/06/2021,10100,502530000,49.8(1.63 %),11000,547800000,900,45270000,212243202,0.95
01/07/2021,20,9900000,50(0.40 %),20,9900000,0,0,212246902,0.95
02/07/2021,400,198400000,49.6(-0.80 %),400,198400000,0,0,212242902,0.95
05/07/2021,269900,-298547200,48(-3.23 %),283000,0,13100,298547200,211973202,1.01
06/07/2021,-2460,-1098390000,44.65(-6.98 %),0,0,2460,1098390000,211960802,1.01
07/07/2021,40,17800000,44.2(-1.01 %),40,17800000,0,0,211960402,1.01
08/07/2021,9100,4076360000,44.9(1.58 %),9100,4076360000,0,0,211882502,1.03
09/07/2021,200,8890000,43(-4.23 %),200,8890000,0,0,211906202,1.03
12/07/2021,102200,4356620000,43(0.00 %),102600,4373620000,400,17000000,211804002,1.05
13/07/2021,23500,999455000,42.1(-2.09 %),23500,999455000,0,0,211780502,1.05
14/07/2021,606900,26882320000,44.7(6.18 %),607000,26886720000,100,4400000,211173602,1.19
15/07/2021,2400,1068900000,44.8(0.22 %),2400,1068900000,0,0,211150202,1.2
16/07/2021,7000,313600000,43.9(-2.01 %),7000,313600000,0,0,211142602,1.2
19/07/2021,20610,9047700000,43.9(0.00 %),20610,9047700000,0,0,210937202,1.25
20/07/2021,40300,1767200000,44.2(0.68 %),40300,1767200000,0,0,210896202,1.25
21/07/2021,193000,8640640000,44.6(0.90 %),193000,8640640000,0,0,210703202,1.3
22/07/2021,3700,1665000000,45(0.90 %),3700,1665000000,0,0,210666902,1.31
23/07/2021,1500,672000000,44.8(-0.44 %),1500,672000000,0,0,210651902,1.31
26/07/2021,16000,715200000,44.7(-0.22 %),16000,715200000,0,0,210635202,1.31
27/07/2021,0,0,44.75(0.11 %),0,0,0,0,210635902,1.31
28/07/2021,0,0,43.5(-2.79 %),0,0,0,0,210635902,1.31
29/07/2021,0,0,43.8(0.69 %),0,0,0,0,210635202,1.31
30/07/2021,-800,-35360000,44.1(0.68 %),0,0,800,35360000,210636002,1.31
02/08/2021,0,0,43.1(-2.27 %),0,0,0,0,210635902,1.31
03/08/2021,0,0,42.6(-1.16 %),0,0,0,0,210635902,1.31
04/08/2021,0,0,42.6(0.00 %),0,0,0,0,210635902,1.31
05/08/2021,-500,-21350000,42.4(-0.47 %),0,0,500,21350000,210636402,1.31
06/08/2021,7800,331580000,42.6(0.47 %),7800,331580000,0,0,210628602,1.32
09/08/2021,-72000,-3045600000,42.3(-0.70 %),0,0,72000,3045600000,210700602,1.3
10/08/2021,-134600,-5989760000,44.8(5.91 %),0,0,134600,5989760000,210835202,1.27
11/08/2021,-59100,-2655390000,44.9(0.22 %),900,40710000,60000,2696100000,210894302,1.26
12/08/2021,-66700,-3003015000,45.1(0.45 %),300,13550000,67000,3016565000,210961002,1.24
13/08/2021,-50600,-1534192800,44.8(-0.67 %),400,17634400,51000,1551827200,211011602,1.23
16/08/2021,-86000,-3756485000,43.55(-2.79 %),0,0,86000,3756485000,211097602,1.21
17/08/2021,-20000,-861000000,43.05(-1.15 %),0,0,20000,861000000,211051602,1.22
18/08/2021,-78000,-3327920000,42.5(-1.28 %),0,0,78000,3327920000,211175602,1.19
19/08/2021,-31200,-1338480000,42.9(0.94 %),0,0,31200,1338480000,211206802,1.18
20/08/2021,-57200,-2416145000,41.9(-2.33 %),200,8500000,57400,2424645000,211264002,1.17
23/08/2021,-20200,-830260000,41.3(-1.43 %),2800,115515000,23000,945775000,211284202,1.17
24/08/2021,500,20550000,41.5(0.48 %),500,20550000,0,0,211283702,1.17
25/08/2021,-21000,-871500000,41.5(-8.99 %),0,0,21000,871500000,211304702,1.16
26/08/2021,86100,3681945000,42.85(3.25 %),86100,3681945000,0,0,211218602,1.18
27/08/2021,0,0,42.4(-1.05 %),0,0,0,0,211218602,1.18
30/08/2021,0,0,42.6(0.47 %),20900,886160000,20900,886160000,211218602,1.18
31/08/2021,343400,14848165000,43.4(1.88 %),343400,14848165000,0,0,210875202,1.26
01/09/2021,-1000,-43315000,42.9(-1.15 %),0,0,1000,43315000,210520724,1.34
06/09/2021,-5200,-223940000,43(0.23 %),6800,292060000,12000,516000000,210525924,1.34
07/09/2021,-45000,-1932480000,43.1(0.23 %),0,0,45000,1932480000,210570924,1.33
08/09/2021,0,0,43.1(0.00 %),0,0,0,0,210570924,1.33
09/09/2021,-27600,-1181965000,42.8(-0.70 %),0,0,27600,1181965000,210598524,1.32
10/09/2021,-10100,-436365000,42.8(0.00 %),0,0,10100,436365000,210608624,1.32
13/09/2021,-20100,-854250000,42.5(-0.70 %),0,0,20100,854250000,210628724,1.32
14/09/2021,-247000,-10306405000,42.4(-0.24 %),0,0,247000,10306405000,210875724,1.26
15/09/2021,-800,-34660000,41.8(-1.42 %),1000,41300000,1800,75960000,210876524,1.26
16/09/2021,-200,-8360000,42.1(0.72 %),0,0,200,8360000,210876724,1.26
17/09/2021,-88600,-3714115000,42.05(-0.12 %),100,4210000,88700,3718325000,210965324,1.24
20/09/2021,1300,55210000,42.4(0.83 %),1300,55210000,0,0,210964024,1.24
21/09/2021,-800,-32955000,41.3(0.24 %),200,8245000,1000,41200000,210964824,1.24
22/09/2021,100,4160000,41.7(0.97 %),100,4160000,0,0,210964724,1.24
23/09/2021,300,12465000,41.6(-0.24 %),300,12465000,0,0,210964424,1.24
24/09/2021,-76300,-3141400000,41.4(-0.48 %),7700,317370000,84000,3458770000,211040724,1.22
27/09/2021,5400,218350000,40.6(-1.93 %),10800,439750000,5400,221400000,211035324,1.22
28/09/2021,20700,836840000,40.6(0.00 %),20700,836840000,0,0,211014624,1.23
29/09/2021,-18100,-729340000,40.4(-0.49 %),0,0,18100,729340000,211032724,1.22
30/09/2021,-7000,-284675000,40.6(0.50 %),15600,632925000,22600,917600000,211039724,1.22
01/10/2021,0,0,40.5(-0.25 %),201171,7604263800,201171,7604263800,211001409,1.23
04/10/2021,0,0,40.5(0.00 %),0,0,0,0,211001409,1.23
05/10/2021,0,0,40.5(0.00 %),0,0,0,0,211001409,1.23
06/10/2021,0,0,40.4(-0.25 %),0,0,0,0,211001409,0.0
07/10/2021,-25100,-1021245000,40.6(0.50 %),0,0,25100,1021245000,211026509,0.0
08/10/2021,0,0,40.7(0.25 %),0,0,0,0,211026509,0.0
11/10/2021,-2100,0,40.6(-0.25 %),0,0,2100,0,211028609,0.0
12/10/2021,-54600,-2182205000,40.1(-1.23 %),400,16000000,55000,2198205000,211083209,0.0
13/10/2021,15500,624950000,40.3(0.50 %),15500,624950000,0,0,211067709,0.0
14/10/2021,-23000,-926900000,40.3(0.00 %),0,0,23000,926900000,211090709,0.0
15/10/2021,0,0,40.2(-0.25 %),0,0,0,0,211090709,0.0
18/10/2021,0,0,40.2(0.00 %),0,0,0,0,211090709,0.0
19/10/2021,0,0,40(-0.50 %),0,0,0,0,211090709,0.0
20/10/2021,0,0,40(0.00 %),0,0,0,0,211090709,0.0
21/10/2021,-15000,-600000000,40(0.00 %),0,0,15000,600000000,211105709,0.0
22/10/2021,-28000,-1108800000,39.6(-1.00 %),0,0,28000,1108800000,211133709,0.0
25/10/2021,100,4010000,40.1(1.26 %),100,4010000,0,0,211133609,0.0
26/10/2021,-23900,-955985000,40(-0.25 %),100,4015000,24000,960000000,211157509,0.0
27/10/2021,19300,773890000,40.1(0.25 %),19300,773890000,0,0,211138209,0.0
28/10/2021,0,0,41.5(3.49 %),0,0,0,0,211138209,1.2
29/10/2021,-57200,-2371360000,41.6(0.24 %),0,0,57200,2371360000,211195409,1.19
01/11/2021,0,0,41.6(0.00 %),0,0,0,0,211178673,1.19
02/11/2021,100,4280000,43.75(5.17 %),100,4280000,0,0,211178573,1.19
03/11/2021,2100,90830000,42.9(-1.94 %),2100,90830000,0,0,211176473,0.0
04/11/2021,100,0,42.5(-0.93 %),100,0,0,0,211178473,0.0
05/11/2021,-13900,-583800000,42(-1.18 %),100,4200000,14000,588000000,211192473,0.0
08/11/2021,100,4195000,42.7(1.67 %),100,4195000,0,0,211178473,1.19
09/11/2021,200,8540000,42.6(-0.23 %),200,8540000,0,0,211178273,1.19
10/11/2021,0,0,42.75(0.35 %),0,0,0,0,211178273,1.19
11/11/2021,-2400,-105230000,44.2(3.39 %),8600,380970000,11000,486200000,211180673,1.19
12/11/2021,0,0,45.2(2.26 %),0,0,0,0,211180673,1.19
15/11/2021,-100,-4595000,45.8(1.33 %),100,4575000,200,9170000,211180773,1.19
16/11/2021,-42500,-2056440000,48(4.80 %),0,0,42500,2056440000,211223273,1.18
17/11/2021,2600,124635000,47.65(-0.73 %),2700,129435000,100,4800000,211220673,1.18
18/11/2021,-36300,-1789765000,49.25(3.36 %),0,0,36300,1789765000,211256973,1.17
19/11/2021,102100,5025280000,48.5(-1.52 %),120100,5850580000,18000,825300000,211154873,0.0
22/11/2021,53400,2503750000,46.3(-4.54 %),53400,2503750000,0,0,211121473,1.2
23/11/2021,118800,5457690000,46.3(0.00 %),118800,5457690000,0,0,211002673,1.23
24/11/2021,-6900,-312625000,45.6(-1.51 %),2100,97775000,9000,410400000,211009573,1.23
25/11/2021,-3200,-141450000,46.8(2.63 %),17400,808610000,20600,950060000,211012773,1.23
26/11/2021,-45000,-2096465000,46.6(-0.43 %),300,13960000,45300,2110425000,211057773,0.0
29/11/2021,-89200,-3721690000,47.5(1.93 %),2100,98931000,91300,3820621000,211146973,0.0
30/11/2021,317300,15963625000,50.5(6.32 %),344500,17322455000,27200,1358830000,210740473,1.29
01/12/2021,-3400,-171280000,51(0.99 %),16300,833640000,19700,1004920000,210767733,1.28
02/12/2021,45800,2301630000,50.1(-1.76 %),50500,2539900000,4700,238270000,210721933,1.29
03/12/2021,24600,1199245000,47(-6.19 %),37100,1807955000,12500,608710000,210697333,1.3
06/12/2021,197900,8994750000,44.5(-5.32 %),199900,9085550000,2000,90800000,210499433,1.34
07/12/2021,229900,10161585000,45.05(1.24 %),231800,10246115000,1900,84530000,210269533,1.4
08/12/2021,-13900,-646420000,44.6(-1.00 %),1200,53905000,15100,700325000,210283433,1.39
09/12/2021,-47800,-2119750000,44.35(-0.56 %),5000,222200000,52800,2341950000,210331233,0.0
10/12/2021,-39100,-1793595000,45.65(2.93 %),12700,579665000,51800,2373260000,210370333,1.37
13/12/2021,-51500,-2388620000,46.4(1.64 %),31200,1443710000,82700,3832330000,210421833,1.36
14/12/2021,-320700,-14802700000,45.8(-1.29 %),1800,83820000,322500,14886520000,210742533,1.19
15/12/2021,-600,-27560000,44.8(-2.18 %),1100,49530000,1700,77090000,210743133,1.19
16/12/2021,-5400,-253390000,45.65(1.90 %),2000,89600000,7400,342990000,210748533,1.19
17/12/2021,7300,355585000,48.8(6.90 %),348400,17001265000,341100,16645680000,210741233,1.19
20/12/2021,600,-21260000,49.6(1.64 %),36600,1838500000,36000,1859760000,210740633,1.19
21/12/2021,-24300,-1214660000,49.75(0.30 %),10100,502475000,34400,1717135000,210764933,0.0
22/12/2021,32200,1637585000,50.3(1.00 %),95200,4820585000,63000,3183000000,210732733,1.19
23/12/2021,174900,9331950000,53.8(6.96 %),226500,12060200000,51600,2728250000,210557833,0.0
24/12/2021,-124600,-6753818400,53.4(-0.74 %),7400,401109600,132000,7154928000,210857333,0.0
27/12/2021,72200,3804170000,54(1.12 %),85200,4499420000,13000,695250000,210587120,1.32
28/12/2021,-197500,-10719560000,53.5(-0.93 %),1200,65540000,198700,10785100000,210784620,1.18
29/12/2021,244500,13117220000,53.1(-0.75 %),244500,13117220000,0,0,210490920,1.35
30/12/2021,459800,24170770000,52(-2.07 %),460800,24222970000,1000,52200000,210228730,1.41
31/12/2021,233800,12216820000,51.7(-0.58 %),251500,13144880000,17700,928060000,209977230,1.46
04/01/2022,75600,4031660000,53.6(3.68 %),106600,5684810000,31000,1653150000,209871630,1.49
05/01/2022,-99300,-5598100000,56(4.48 %),4600,259880000,103900,5857980000,209884730,1.48
06/01/2022,-183100,-10237540000,55.7(-0.54 %),2100,116980000,185200,10354520000,209913630,1.48
07/01/2022,778400,43871330000,55.9(0.36 %),952700,53606020000,174300,9734690000,209064830,1.67
10/01/2022,-23200,-1564194800,52(-6.98 %),184300,10111000200,207500,11675195000,209065730,1.67
11/01/2022,430400,23396220000,53.6(3.08 %),440400,23928220000,10000,532000000,208799630,1.73
12/01/2022,263400,13841850000,52.3(-2.43 %),266900,14027300000,3500,185450000,208740230,1.74
13/01/2022,-2500,-112605000,48.8(-6.69 %),22400,1136570000,24900,1249175000,208727830,1.75
14/01/2022,646700,32236355000,50.8(4.10 %),646700,32236355000,0,0,208084630,1.89
17/01/2022,-11800,-691495000,47.25(-6.99 %),69800,3396895000,81600,4088390000,208039730,1.9
18/01/2022,817800,38421980000,46.7(-1.16 %),821800,38609910000,4000,187930000,207217930,2.09
19/01/2022,20000,993220000,47.4(1.50 %),82300,3915755000,62300,2922535000,207217230,2.09
20/01/2022,-192500,-9323275000,49.35(3.03 %),11400,560380000,203900,9883655000,207209830,2.09
21/01/2022,-682300,-33376015000,48.5(-1.42 %),100,4870000,682400,33380885000,207272030,2.08
24/01/2022,-191800,-9070695000,45.15(-6.91 %),16100,733580000,207900,9804275000,207459714,2.03
25/01/2022,565500,25447030000,46.3(2.43 %),568000,25562205000,2500,115175000,207574114,2.01
26/01/2022,-372500,-16758750000,43.1(-6.91 %),116900,5112536000,489400,21871286000,207665114,1.99
27/01/2022,176600,7206770000,41.5(-3.71 %),177200,7232120000,600,25350000,207490414,2.03
28/01/2022,245700,10081595000,41.8(0.72 %),245700,10081595000,0,0,207734114,1.97
07/02/2022,-13200,-565115000,42.9(2.63 %),3700,159005000,16900,724120000,207731014,1.97
08/02/2022,-122800,-5173035000,42.1(-1.86 %),300,12710000,123100,5185745000,207730714,1.97
09/02/2022,260700,11349070000,43.7(3.80 %),327500,14193215000,66800,2844145000,207420114,2.04
10/02/2022,-217700,-9530830000,43.65(-0.11 %),12700,555050000,230400,10085880000,207530514,2.02
11/02/2022,-88400,-3862465000,43.55(-0.34 %),200,8785000,88600,3871250000,207597114,2.0
14/02/2022,-14500,-619375000,42.7(-2.06 %),4000,171460000,18500,790835000,207823514,1.95
15/02/2022,70900,3049155000,43.45(1.76 %),72800,3131235000,1900,82080000,207839314,1.95
16/02/2022,592900,26650180000,45(3.45 %),700600,31471275000,107700,4821095000,207157239,2.1
17/02/2022,-46900,-2070120000,44.7(-0.67 %),87500,3924890000,134400,5995010000,207073639,2.12
18/02/2022,-46200,-2063795000,45(0.67 %),11300,507035000,57500,2570830000,207170039,2.1
21/02/2022,-79100,-3624885000,45.65(1.44 %),1200,54680000,80300,3679565000,207303239,2.07
22/02/2022,-127300,-5657840000,44.3(-3.06 %),12900,574575000,140200,6232415000,207347839,2.06
23/02/2022,-6500,-288425000,44.35(0.11 %),3000,134100000,9500,422525000,207425139,2.04
24/02/2022,-96200,-4070145000,42.7(-3.83 %),4000,172695000,100200,4242840000,207561339,2.01
25/02/2022,12100,521720000,42.8(0.23 %),13500,582240000,1400,60520000,207557339,2.01
28/02/2022,12600,544180000,43.2(0.93 %),12800,552940000,200,8760000,207644739,1.99
01/03/2022,453500,20075030000,44.4(2.78 %),454100,20101460000,600,26430000,207192039,2.09
02/03/2022,-118300,-5130015000,43.25(-2.59 %),3000,130175000,121300,5260190000,207189239,2.09
03/03/2022,-80600,-3471195000,43.6(0.69 %),5400,232940000,86000,3704135000,207184439,2.09
04/03/2022,-93400,-4116430000,44(0.92 %),0,0,93400,4116430000,207305739,2.07
07/03/2022,155600,7014050000,45.1(2.50 %),155700,7018510000,100,4460000,207237039,2.08
08/03/2022,90600,4033390000,43.7(-3.10 %),105300,4686445000,14700,653055000,207225139,2.09
09/03/2022,31900,1375985000,43.15(-1.26 %),106000,4582170000,74100,3206185000,207119239,2.11
10/03/2022,103000,4489390000,43.25(0.12 %),121400,5291865000,18400,802475000,207013539,2.13
11/03/2022,275900,11996980000,43.1(-0.46 %),279900,12171630000,4000,174650000,206807739,2.18
14/03/2022,12100,513015000,42.2(-2.09 %),134800,5733795000,122700,5220780000,206691339,2.21
15/03/2022,30300,1304745000,43.45(2.96 %),135700,5846480000,105400,4541735000,206559639,2.24
16/03/2022,401800,17579640000,43.6(0.23 %),431400,18873395000,29600,1293755000,206250778,2.31
17/03/2022,646600,28551580000,44.05(1.03 %),652600,28815230000,6000,263650000,205703578,2.43
18/03/2022,1129900,49710745000,44(-0.23 %),2118100,93190985000,988200,43480240000,203615078,2.9
21/03/2022,-4800,-211150000,44.2(0.45 %),200,8850000,5000,220000000,203620878,2.9
22/03/2022,17300,791180000,45.2(2.26 %),22000,1007300000,4700,216120000,204587078,2.68
23/03/2022,-2200,-99315000,44.65(-1.22 %),2000,89700000,4200,189015000,204590078,2.68
24/03/2022,-17100,-761695000,44.65(-0.11 %),9000,403830000,26100,1165525000,204585778,2.68
25/03/2022,-13800,-625640000,44.8(0.22 %),7700,345235000,21500,970875000,204582278,2.68
28/03/2022,-9000,-394490000,43.4(-3.12 %),0,0,9000,394490000,204608378,2.68
29/03/2022,-400,-17565000,43.6(0.46 %),100,4385000,500,21950000,204629778,2.67
30/03/2022,-114000,-4930460000,43.05(-1.26 %),0,0,114000,4930460000,204638778,2.67
31/03/2022,-200,-8650000,43(-0.23 %),0,0,200,8650000,204639278,2.67
01/04/2022,-4800,-206590000,43.25(0.58 %),400,17150000,5200,223740000,204752878,2.65
04/04/2022,-23800,-1035365000,43.75(1.04 %),18300,806115000,42100,1841480000,204734778,2.65
05/04/2022,-32200,-1436770000,44.6(1.83 %),2000,89000000,34200,1525770000,204737978,2.65
06/04/2022,-4700,-209235000,44.6(0.00 %),1100,49445000,5800,258680000,204778978,2.64
07/04/2022,-48700,-2160260000,43.6(-2.24 %),2300,101785000,51000,2262045000,204827678,2.43
08/04/2022,-16100,-685955000,42.65(-2.18 %),1100,47625000,17200,733580000,204815578,2.63
12/04/2022,-2800,-117430000,41(-3.87 %),2500,106100000,5300,223530000,204818378,2.39
13/04/2022,400,16500000,41.95(2.32 %),400,16500000,0,0,204864078,2.62
14/04/2022,-400,-16720000,40.8(-2.86 %),0,0,400,16720000,204886178,2.62
15/04/2022,1000,0,38.3(-6.13 %),1000,0,0,0,204885178,2.62
18/04/2022,59000,2110905000,35.65(-6.92 %),59000,2110905000,0,0,204826578,2.63
19/04/2022,45200,1558885000,33.2(-7.00 %),124500,4263030000,79300,2704145000,204702078,2.66
20/04/2022,176000,5756185000,30.9(-6.93 %),488400,15572935000,312400,9816750000,204710178,2.45
21/04/2022,468400,13863130000,32(3.56 %),526100,15744780000,57700,1881650000,203767878,2.87
22/04/2022,-75800,-2540230000,30.95(-3.28 %),33600,1025755000,109400,3565985000,204047678,2.81
25/04/2022,14700,324085000,28.8(-7.10 %),73000,2114770000,58300,1790685000,204032378,2.81
26/04/2022,545900,15322625000,29.3(1.74 %),560700,15748050000,14800,425425000,203581078,2.91
27/04/2022,-17900,-514440000,29.5(0.68 %),35500,1039485000,53400,1553925000,203603878,2.91
28/04/2022,-260800,-7722915000,29(-1.69 %),100,2960000,260900,7725875000,203618578,2.9
29/04/2022,123500,3620150000,29.3(1.03 %),125500,3678650000,2000,58500000,203546478,2.92
04/05/2022,47600,1470570000,31.35(7.00 %),47600,1470570000,0,0,203759778,2.87
05/05/2022,-265300,-8385915000,31.5(0.32 %),16800,529290000,282100,8915205000,204025078,2.6
06/05/2022,-85600,-2525200000,29.5(-6.35 %),26000,767000000,111600,3292200000,203718978,2.88
09/05/2022,-5100,-139995000,27.45(-6.95 %),28600,785070000,33700,925065000,203972478,2.82
10/05/2022,121000,3321450000,27.45(-0.18 %),151300,4153185000,30300,831735000,203932778,2.83
11/05/2022,-169200,-4687120000,27.8(1.28 %),1600,44280000,170800,4731400000,204101978,2.58
12/05/2022,-222700,-6172770000,25.9(-6.83 %),3400,88225000,226100,6260995000,204324678,2.53
13/05/2022,98100,2353620000,24.1(-6.95 %),251100,6225205000,153000,3871585000,203912478,2.84
16/05/2022,347300,8352565000,24.05(-0.21 %),369000,8874450000,21700,521885000,203769578,2.87
17/05/2022,217500,5589750000,25.7(6.64 %),217500,5589750000,0,0,203706078,2.88
18/05/2022,31600,831080000,26.3(2.33 %),125900,3311170000,94300,2480090000,203601878,2.91
19/05/2022,-17700,-479670000,27.1(3.04 %),32600,883460000,50300,1363130000,203569278,2.91
20/05/2022,-261900,-7176060000,27.4(1.11 %),0,0,261900,7176060000,203663578,2.89
23/05/2022,-70400,-1936000000,27.5(0.36 %),13000,357500000,83400,2293500000,203701878,2.88
24/05/2022,-139500,-3627000000,26(-1.14 %),89800,2334800000,229300,5961800000,203873978,2.84
25/05/2022,11400,312930000,27.45(5.58 %),39800,1092510000,28400,779580000,203917578,2.83
26/05/2022,-253700,-6824530000,26.9(-2.18 %),7700,207130000,261400,7031660000,204139178,2.78
27/05/2022,-34800,-937860000,26.95(0.19 %),63200,1703240000,98000,2641100000,204104378,2.79
30/05/2022,44500,1201500000,27(0.00 %),84200,2273400000,39700,1071900000,204281578,2.75
31/05/2022,-800,-21800000,27.25(0.93 %),48000,1308000000,48800,1329800000,204331578,2.74
01/06/2022,-45900,-1257660000,27.4(0.37 %),16700,457580000,62600,1715240000,204354578,2.74
02/06/2022,11600,308560000,26.6(-2.92 %),21800,579880000,10200,271320000,204381578,2.73
03/06/2022,34500,890100000,25.8(-3.01 %),45300,1168740000,10800,278640000,204398878,2.73
06/06/2022,174100,4469280000,25.1(-2.71 %),174100,4469280000,0,0,204234978,2.76
07/06/2022,78700,1943890000,24.7(-1.59 %),79700,1968590000,1000,24700000,204166078,2.78
08/06/2022,162000,4179600000,25.8(4.45 %),162200,4184760000,200,5160000,204003878,2.82
09/06/2022,-39500,-1027000000,26(0.78 %),12600,327600000,52100,1354600000,203992278,2.82
10/06/2022,-42500,-1096500000,25.8(-0.77 %),2200,56760000,44700,1153260000,203990246,2.82
13/06/2022,188400,4521600000,24(-6.98 %),277500,6660000000,89100,2138400000,203764846,2.87
14/06/2022,186300,4359420000,23.4(-2.50 %),329700,7714980000,143400,3355560000,203479846,2.93
15/06/2022,-207000,-4512600000,21.8(-6.84 %),0,0,207000,4512600000,203568946,2.91
16/06/2022,159700,3481460000,21.8(0.00 %),159700,3481460000,0,0,203552646,2.92
17/06/2022,1728100,35080430000,20.3(-6.88 %),1781500,36164450000,53400,1084020000,201978146,3.27
20/06/2022,125300,2467720000,18.9(-6.90 %),125300,2467720000,0,0,201852846,3.3
21/06/2022,435400,7684810000,17.65(-6.61 %),435400,7684810000,0,0,201470846,3.39
22/06/2022,277700,5234645000,18.85(6.50 %),374500,7059325000,96800,1824680000,201097346,3.47
23/06/2022,-25700,-490870000,19.1(1.06 %),14000,267400000,39700,758270000,201083346,3.48
24/06/2022,-26800,-517240000,19.3(1.05 %),78800,1520840000,105600,2038080000,201101346,3.47
27/06/2022,46400,906625000,19.75(2.33 %),150700,2941015000,104300,2034390000,200990346,3.5
28/06/2022,-6500,-131300000,20.2(2.02 %),96800,1955360000,103300,2086660000,200999146,3.5
29/06/2022,-21200,-419805000,20.35(0.74 %),34400,694225000,55600,1114030000,201069046,3.48
30/06/2022,-269900,-4723250000,17.5(-5.41 %),9200,161000000,279100,4884250000,201163146,3.46
01/07/2022,-1000,-18200000,18.2(4.00 %),49400,899080000,50400,917280000,201169346,3.46
04/07/2022,-136900,-2516710000,18.4(1.10 %),500,9275000,137400,2525985000,201168346,0.0
05/07/2022,-122800,-2155140000,17.55(-4.62 %),1900,33345000,124700,2188485000,201497446,3.38
06/07/2022,60100,1027710000,17.1(-2.84 %),87400,1494540000,27300,466830000,201547446,3.37
07/07/2022,23100,397320000,17.2(0.58 %),52400,901280000,29300,503960000,201619746,3.35
08/07/2022,-169200,1011150000,18.4(6.98 %),1600,1020600000,170800,9450000,201788946,0.0
11/07/2022,53500,1011150000,18.9(2.72 %),54000,1020600000,500,9450000,201541246,3.37
12/07/2022,-12200,-239730000,19.65(3.97 %),24300,477495000,36500,717225000,201533446,3.37
13/07/2022,-65800,-1276520000,19.4(-1.52 %),600,11640000,66400,1288160000,201533346,3.37
14/07/2022,-30700,-604790000,19.7(1.55 %),4200,82740000,34900,687530000,201565646,3.37
15/07/2022,-92100,-1832790000,19.9(1.02 %),0,0,92100,1832790000,201632046,3.35
18/07/2022,51800,1085210000,20.95(5.28 %),52100,1091495000,300,6285000,201614846,3.36
19/07/2022,-181500,-3738900000,20.6(-1.90 %),9200,189520000,190700,3928420000,201697746,3.34
20/07/2022,-41900,-881995000,21.05(2.18 %),29900,629395000,71800,1511390000,201668146,3.34
21/07/2022,-59000,-1224250000,20.75(-1.66 %),15000,311250000,74000,1535500000,201844846,3.3
22/07/2022,-25700,75960000,21.1(1.44 %),14000,168800000,39700,92840000,201908646,3.29
25/07/2022,-84500,-1761825000,20.85(-1.18 %),21000,437850000,105500,2199675000,201962646,3.28
26/07/2022,46600,1001900000,21.5(2.87 %),46600,1001900000,0,0,201920446,3.29
27/07/2022,47800,1070720000,22.4(4.19 %),47800,1070720000,0,0,201978146,3.27
28/07/2022,18600,416640000,22.4(0.00 %),54500,1220800000,35900,804160000,201923646,3.29
29/07/2022,-35600,-801000000,22.5(0.45 %),8000,180000000,43600,981000000,201915646,3.29
01/08/2022,10700,249310000,23.3(3.56 %),51700,1204610000,41000,955300000,201899846,3.29
02/08/2022,-105800,-2486300000,23.5(0.86 %),50500,1186750000,156300,3673050000,201892946,3.29
03/08/2022,28100,657540000,23.4(-0.43 %),53900,1261260000,25800,603720000,201880046,3.3
04/08/2022,-18100,-420825000,23.25(-0.64 %),51200,1190400000,69300,1611225000,201985146,3.27
05/08/2022,114700,2718390000,23.7(1.72 %),153400,3635580000,38700,917190000,201857546,3.3
08/08/2022,-700,-16590000,23.7(0.00 %),1800,42660000,2500,59250000,201925046,3.29
09/08/2022,-5200,-122460000,23.55(-0.63 %),4800,113040000,10000,235500000,201958946,3.28
10/08/2022,-35300,-843670000,23.9(1.27 %),1300,31070000,36600,874740000,201960146,3.28
11/08/2022,-60400,-1389200000,23(-3.77 %),39500,908500000,99900,2297700000,201930646,3.28
12/08/2022,-511900,-11799295000,23.05(0.22 %),95100,2192055000,607000,13991350000,221994061,3.31
15/08/2022,-883500,-20629725000,23.35(1.08 %),26000,607100000,909500,21236825000,222067961,3.3
16/08/2022,30400,723520000,23.8(1.71 %),32500,773500000,2100,49980000,222642461,3.18
17/08/2022,-51100,-1195740000,23.4(-1.68 %),23900,559260000,75000,1755000000,223528061,3.0
18/08/2022,11400,263910000,23.15(-1.07 %),11400,263910000,0,0,223518761,3.0
19/08/2022,42800,963000000,22.5(-3.02 %),59800,1345500000,17000,382500000,223533961,2.99
22/08/2022,4900,105840000,21.6(-4.00 %),4900,105840000,0,0,223529061,2.99
23/08/2022,89300,2018180000,22.6(4.63 %),89300,2018180000,0,0,223456761,3.01
24/08/2022,2500,56625000,22.65(0.22 %),2800,63420000,300,6795000,223453961,3.01
25/08/2022,34700,785955000,22.65(-0.22 %),34900,790485000,200,4530000,223419061,3.02
26/08/2022,-61200,-1364760000,22.3(-1.76 %),19100,425930000,80300,1790690000,223400261,3.02
29/08/2022,-326400,-7082880000,21.7(-2.69 %),17400,377580000,343800,7460460000,223391161,3.02
30/08/2022,-24300,-527310000,21.7(0.00 %),400,8680000,24700,535990000,223471061,3.01
31/08/2022,-328100,-7103365000,21.65(-0.23 %),100,2165000,328200,7105530000,223814761,2.94
05/09/2022,-18700,-419815000,22.45(3.46 %),2500,56125000,21200,475940000,223836961,2.93
06/09/2022,-700,-16170000,23.1(2.67 %),0,0,700,16170000,224165161,2.86
07/09/2022,-328100,-7382250000,22.5(-2.60 %),25800,580500000,353900,7962750000,224160561,2.87
08/09/2022,16800,369600000,22(-2.22 %),16800,369600000,0,0,224144461,2.87
09/09/2022,15000,334500000,22.3(1.36 %),15000,334500000,0,0,224484384,2.8
12/09/2022,-27116,334500000,22.05(-1.12 %),200,334500000,27316,0,224484184,2.8
13/09/2022,-119002,-44400,23(4.07 %),0,0,119002,44400,224484184,2.8
14/09/2022,-118300,-44400,24.2(5.22 %),70700,0,189000,44400,224440800,2.81
15/09/2022,6400,-2862860000,24(-0.83 %),10100,1710940000,3700,4573800000,0,2.78
16/09/2022,318499,8042099750,25.25(5.21 %),402099,10152999750,83600,2110900000,224336603,2.83
19/09/2022,-49520,-1235524000,24.95(-1.38 %),55900,1394705000,105420,2630229000,224386123,0.0
20/09/2022,50700,1234545000,24.35(-2.60 %),50900,1239415000,200,4870000,224317103,2.83
21/09/2022,-46183,-1147647550,24.85(1.84 %),64900,1612765000,111083,2760412550,224357693,2.82
22/09/2022,48790,1258782000,25.8(3.61 %),106400,2745120000,57610,1486338000,224251493,2.85
23/09/2022,-42700,-1076040000,25.2(-2.33 %),16100,405720000,58800,1481760000,224346476,2.83
26/09/2022,130240,3386240000,26(3.17 %),133800,3478800000,3560,92560000,224270286,2.84
27/09/2022,-136300,-3516540000,25.8(-0.77 %),2200,56760000,138500,3573300000,224327886,2.83
28/09/2022,-10600,-254400000,24(-6.98 %),4500,108000000,15100,362400000,224326946,2.83
29/09/2022,-129800,-2901030000,22.35(-6.87 %),3800,84930000,133600,2985960000,224461646,2.8
30/09/2022,182300,3892105000,21.35(-4.69 %),184400,3936940000,2100,44835000,224292346,2.84
03/10/2022,6594,131220600,19.9(-7.01 %),43724,870107600,37130,738887000,224382222,2.82
04/10/2022,532570,9879173500,18.55(-6.78 %),542800,10068940000,10230,189766500,223841522,2.93
05/10/2022,-3500,-67025000,19.15(2.96 %),108700,2081605000,112200,2148630000,223769952,2.95
06/10/2022,-11900,-212415000,17.85(-7.03 %),23700,423045000,35600,635460000,223756482,2.95
07/10/2022,611000,10173150000,16.65(-6.98 %),611000,10173150000,0,0,223258482,3.05
10/10/2022,446700,7683240000,17.2(2.99 %),536400,9226080000,89700,1542840000,222759682,3.15
11/10/2022,-391300,-6260800000,16(-6.98 %),13900,222400000,405200,6483200000,222745782,3.16
12/10/2022,-623750,-9605750000,15.4(-3.75 %),159150,2450910000,782900,12056660000,222676332,3.17
13/10/2022,-363730,-5856053000,16.1(4.55 %),116800,1880480000,480530,7736533000,222964732,3.11
14/10/2022,-122100,-2026860000,16.6(3.11 %),15200,252320000,137300,2279180000,223732432,2.95
17/10/2022,95000,1686250000,17.75(6.93 %),107900,1915225000,12900,228975000,224105062,2.88
18/10/2022,-65570,-1154032000,17.6(-1.12 %),79200,1393920000,144770,2547952000,224163162,2.86
19/10/2022,27900,495335000,17.7(0.57 %),28000,497100000,100,1765000,224135262,2.87
20/10/2022,-105400,-1890180000,17(-3.95 %),118400,2012960000,223800,3903140000,224255462,2.85
21/10/2022,-12500,-198850000,15.85(-6.76 %),3500,56450000,16000,255300000,224188841,2.86
24/10/2022,112700,1682755000,14.75(-7.23 %),112700,1682755000,0,0,224060257,2.89
25/10/2022,329700,4680095000,14.2(-4.05 %),330200,4687425000,500,7330000,223730557,2.95
26/10/2022,36500,516705000,13.55(-4.58 %),36500,516705000,0,0,223917857,2.91
27/10/2022,253100,3580900000,14.45(6.25 %),262100,3706545000,9000,125645000,223676557,2.96
28/10/2022,-18300,-275415000,15.05(3.79 %),93500,1407175000,111800,1682590000,223583057,2.98
31/10/2022,-54207,-864601650,15.95(5.63 %),43700,697015000,97907,1561616650,223548357,2.99
01/11/2022,-115030,-1828977000,15.9(-0.62 %),50200,798180000,165230,2627157000,223615957,2.98
02/11/2022,31400,496120000,15.8(-0.63 %),59300,936940000,27900,440820000,223654564,2.97
03/11/2022,105800,1788020000,16.9(6.96 %),115800,1957020000,10000,169000000,223703994,2.96
04/11/2022,-259900,-4093425000,15.75(-6.80 %),47500,748125000,307400,4841550000,223684394,2.96
07/11/2022,123100,1803415000,14.65(-7.28 %),139900,2049535000,16800,246120000,223554494,2.99
08/11/2022,258400,3953520000,15.3(4.08 %),305700,4677210000,47300,723690000,223556194,2.99
09/11/2022,97500,1521000000,15.6(1.96 %),145500,2269800000,48000,748800000,223427494,3.02
10/11/2022,138110,2009500500,14.55(-6.73 %),138110,2009500500,0,0,223336684,3.03
11/11/2022,141900,1922745000,13.55(-7.19 %),224800,3046040000,82900,1123295000,223159884,3.07
14/11/2022,194305,2457958250,12.65(-6.99 %),194705,2463018250,400,5060000,222965179,3.11
15/11/2022,240000,2832000000,11.8(-7.09 %),240000,2832000000,0,0,222808079,3.14
16/11/2022,89700,1130220000,12.6(6.78 %),163900,2065140000,74200,934920000,222644579,3.18
17/11/2022,112600,1452540000,12.9(2.38 %),114600,1478340000,2000,25800000,222529979,3.2
18/11/2022,47750,658950000,13.8(6.98 %),50500,696900000,2750,37950000,222553679,3.2
21/11/2022,30770,436934000,14.2(2.90 %),225900,3207780000,195130,2770846000,222329779,3.24
22/11/2022,123300,1726200000,14(-1.41 %),158400,2217600000,35100,491400000,222174129,3.27
23/11/2022,49100,640755000,13.05(-6.79 %),69000,900450000,19900,259695000,222300259,3.25
24/11/2022,16900,219700000,13(-0.38 %),16900,219700000,0,0,222318459,3.24
25/11/2022,-20205,-280849500,13.9(6.92 %),9800,136220000,30005,417069500,222328559,3.24
28/11/2022,-240800,-3575880000,14.85(6.83 %),56700,841995000,297500,4417875000,222569359,0.0
29/11/2022,219900,3364470000,15.3(2.68 %),228100,3489930000,8200,125460000,222349459,0.0
30/11/2022,261000,4071600000,15.6(1.96 %),264000,4118400000,3000,46800000,222088459,0.0
01/12/2022,279500,4360200000,15.6(0.00 %),279500,4360200000,0,0,221827764,0.0
02/12/2022,524000,8724600000,16.65(6.73 %),524100,8726265000,100,1665000,221303764,0.0
05/12/2022,153095,2725091000,17.8(6.59 %),189600,3374880000,36505,649789000,221150669,0.0
06/12/2022,9970,165502000,16.6(-6.74 %),103700,1721420000,93730,1555918000,221140699,0.0
07/12/2022,65700,1070910000,16.3(-1.81 %),154300,2515090000,88600,1444180000,221074999,3.5
08/12/2022,-39100,-660790000,16.9(3.68 %),84500,1428050000,123600,2088840000,220913099,3.53
09/12/2022,-23800,-429590000,18.05(6.80 %),69400,1252670000,93200,1682260000,220932299,3.53
12/12/2022,761100,13699800000,18(-0.55 %),802600,14446800000,41500,747000000,220376799,3.64
13/12/2022,337900,6420100000,19(5.56 %),384200,7299800000,46300,879700000,220038899,0.0
14/12/2022,43700,808450000,18.5(-2.63 %),89100,1648350000,45400,839900000,219995199,0.0
15/12/2022,159100,2919485000,18.35(-0.81 %),159100,2919485000,0,0,219836099,0.0
16/12/2022,-793610,-14919868000,18.8(2.17 %),779200,14648960000,1572810,29568828000,220629709,0.0
19/12/2022,91200,1623360000,17.8(-5.32 %),114900,2045220000,23700,421860000,220538509,0.0
20/12/2022,-52100,-864860000,16.6(-6.74 %),88300,1465780000,140400,2330640000,220590609,3.6
21/12/2022,-7400,-117660000,15.9(-4.22 %),48200,766380000,55600,884040000,220598009,3.6
22/12/2022,121000,1936000000,16(0.63 %),122900,1966400000,1900,30400000,220477009,3.62
23/12/2022,27000,437400000,16.2(1.25 %),52600,852120000,25600,414720000,220450009,0.0
26/12/2022,-32200,-508760000,15.8(-2.47 %),7600,120080000,39800,628840000,220482209,3.62
27/12/2022,60400,1014720000,16.8(6.33 %),134300,2256240000,73900,1241520000,220421809,3.63
28/12/2022,100500,1653225000,16.45(-2.08 %),102400,1684480000,1900,31255000,220321309,0.0
29/12/2022,202600,3373290000,16.65(0.91 %),243400,4052610000,40800,679320000,220096409,3.7
30/12/2022,196450,3388762500,17.25(3.29 %),222150,3832087500,25700,443325000,219876159,3.75
03/01/2023,26200,483390000,18.45(6.65 %),143800,2653110000,117600,2169720000,219732359,3.78
04/01/2023,29660,541295000,18.25(-1.35 %),154900,2826925000,125240,2285630000,219643959,3.79
05/01/2023,190700,3651905000,19.15(4.64 %),294900,5647335000,104200,1995430000,219466659,3.83
06/01/2023,39300,719190000,18.3(-4.69 %),78000,1427400000,38700,708210000,219513899,3.82
09/01/2023,-5700,-103170000,18.1(-1.09 %),50200,908620000,55900,1011790000,219567899,3.81
10/01/2023,46562,900974700,19.35(6.91 %),206000,3986100000,159438,3085125300,219400599,3.84
11/01/2023,107300,2092350000,19.5(0.52 %),170800,3330600000,63500,1238250000,219285699,3.87
12/01/2023,106100,2159135000,20.35(4.36 %),117100,2382985000,11000,223850000,219328037,3.86
13/01/2023,-31500,-620550000,19.7(-3.43 %),108400,2135480000,139900,2756030000,219283137,3.87
16/01/2023,10900,219090000,20.1(2.03 %),11600,233160000,700,14070000,219282537,3.87
17/01/2023,346800,7109400000,20.5(1.99 %),383300,7857650000,36500,748250000,219039137,3.92
18/01/2023,1134700,23715230000,20.9(1.95 %),1156200,24164580000,21500,449350000,217883637,4.16
19/01/2023,1288180,27309416000,21.2(1.44 %),1532200,32482640000,244020,5173224000,216387937,4.46
27/01/2023,779100,16828560000,21.6(1.89 %),780100,16850160000,1000,21600000,215629337,4.62
30/01/2023,9900,206415000,20.85(-3.47 %),41100,856935000,31200,650520000,215832257,4.58
31/01/2023,35900,784415000,21.85(4.55 %),73400,1603790000,37500,819375000,215760857,4.59
01/02/2023,-148475,-3021466250,20.35(-7.08 %),49000,997150000,197475,4018616250,215743057,4.6
02/02/2023,775700,15397645000,19.85(-2.70 %),775700,15397645000,0,0,215004857,4.75
03/02/2023,78400,1615040000,20.6(3.52 %),87100,1794260000,8700,179220000,215115232,4.73
06/02/2023,597800,12254900000,20.5(-0.49 %),598000,12259000000,200,4100000,214517232,4.85
07/02/2023,-9747,-188604450,19.35(-5.61 %),50850,983947500,60597,1172551950,214475082,4.86
08/02/2023,125400,2476650000,19.75(1.80 %),149200,2946700000,23800,470050000,214326082,4.89
09/02/2023,72000,1429200000,19.85(0.25 %),74000,1468900000,2000,39700000,214312679,4.89
10/02/2023,259700,5012210000,19.3(-3.02 %),282100,5444530000,22400,432320000,214054379,4.95
13/02/2023,53400,998580000,18.7(-3.11 %),84000,1570800000,30600,572220000,213972379,4.96
14/02/2023,68000,1281800000,18.85(0.80 %),110000,2073500000,42000,791700000,213884779,4.98
15/02/2023,673400,13569010000,20.15(6.61 %),702800,14161420000,29400,592410000,213214579,5.12
16/02/2023,84700,1736350000,20.5(1.49 %),88100,1806050000,3400,69700000,213168479,5.13
17/02/2023,221700,4622445000,20.85(1.71 %),228400,4762140000,6700,139695000,212969479,5.17
20/02/2023,5200,112840000,21.7(3.83 %),42900,930930000,37700,818090000,212929979,5.18
21/02/2023,-17209,-369993500,21.5(-0.92 %),200200,4304300000,217409,4674293500,212736479,5.22
22/02/2023,-352790,-7285113500,20.65(-3.95 %),231810,4786876500,584600,12071990000,212542369,5.26
23/02/2023,-182038,-3804594200,20.9(0.97 %),5500,114950000,187538,3919544200,212754278,5.21
24/02/2023,-9800,-197470000,20.15(-3.59 %),135100,2722265000,144900,2919735000,212764078,5.21
27/02/2023,135300,2597760000,19.2(-4.95 %),217000,4166400000,81700,1568640000,213174316,5.13
28/02/2023,169700,3258240000,19.2(0.00 %),200200,3843840000,30500,585600000,213119016,5.14
01/03/2023,59400,1211760000,20.4(6.25 %),137200,2798880000,77800,1587120000,213063516,5.15
02/03/2023,194600,3882270000,19.95(-2.21 %),229500,4578525000,34900,696255000,212864516,5.19
03/03/2023,157200,3081120000,19.6(-2.00 %),169200,3316320000,12000,235200000,212773116,5.21
06/03/2023,299300,5926140000,19.8(1.02 %),347000,6870600000,47700,944460000,212461016,5.27
07/03/2023,137800,2769780000,20.1(1.52 %),143600,2886360000,5800,116580000,212329416,5.3
08/03/2023,388900,8166900000,21(4.48 %),442500,9292500000,53600,1125600000,211934616,5.38
09/03/2023,560700,11718630000,20.9(-0.48 %),561700,11739530000,1000,20900000,211378716,5.5
10/03/2023,193000,3975800000,20.6(-1.44 %),265700,5473420000,72700,1497620000,211166616,5.54
13/03/2023,30600,616590000,20.15(-2.18 %),60900,1227135000,30300,610545000,211136016,0.0
14/03/2023,8200,157440000,19.2(-4.95 %),25800,495360000,17600,337920000,211153616,5.54
15/03/2023,31900,645975000,20.25(5.47 %),31900,645975000,0,0,211152016,5.54
16/03/2023,525200,10451480000,19.9(-1.97 %),537300,10692270000,12100,240790000,210632316,5.65
17/03/2023,1671800,33519590000,20.05(0.75 %),1921900,38534095000,250100,5014505000,208960416,5.99
20/03/2023,-36404,-709878000,19.5(-2.99 %),2500,48750000,38904,758628000,208970016,5.99
21/03/2023,876000,-197470000,19.95(2.31 %),938400,2722265000,62400,2919735000,208031716,6.18
22/03/2023,-33900,-672060000,19.7(-1.50 %),26100,521940000,60000,1194000000,208065616,6.18
23/03/2023,20700,415720000,19.7(0.00 %),100700,1984140000,80000,1568420000,208044916,6.18
24/03/2023,153600,3116120000,20.15(2.28 %),166900,3386385000,13300,270265000,207891316,6.21
27/03/2023,-206500,-4336500000,21(3.96 %),302000,6342000000,508500,10678500000,208097816,0.0
28/03/2023,267400,5548550000,20.75(-1.19 %),382400,7934800000,115000,2386250000,207830416,6.23
29/03/2023,86200,1788650000,20.75(-0.24 %),137200,2846900000,51000,1058250000,207679520,6.26
30/03/2023,-230600,-4715770000,20.45(-1.68 %),3300,67485000,233900,4783255000,207791220,6.23
31/03/2023,967700,19692695000,20.35(-0.73 %),1059200,21554720000,91500,1862025000,206783020,6.44
03/04/2023,1027300,21521935000,20.95(2.70 %),1201000,25160950000,173700,3639015000,205815920,6.64
04/04/2023,3100,64480000,20.8(-0.95 %),13300,276640000,10200,212160000,205894120,6.62
05/04/2023,16200,341010000,21.05(1.20 %),18000,378900000,1800,37890000,206049820,6.59
06/04/2023,73700,1547700000,21(-0.47 %),92300,1938300000,18600,390600000,205967720,6.61
07/04/2023,86700,1812030000,20.9(-0.48 %),87300,1824570000,600,12540000,205882220,6.63
10/04/2023,12000,239400000,19.95(-4.55 %),12000,239400000,0,0,205888820,6.63
11/04/2023,-400,-8040000,20.1(0.50 %),0,0,400,8040000,205889420,6.63
12/04/2023,-13291,-267149100,20.1(0.00 %),16600,333660000,29891,600809100,205872820,6.63
13/04/2023,11300,224870000,19.9(-1.00 %),13500,268650000,2200,43780000,205859720,6.63
14/04/2023,-167900,-3274050000,19.5(-2.01 %),5000,97500000,172900,3371550000,205884611,6.63
17/04/2023,9700,189150000,19.5(0.00 %),9700,189150000,0,0,205877111,6.63
18/04/2023,306900,6184035000,20.15(3.33 %),308100,6208215000,1200,24180000,205741911,6.66
19/04/2023,14600,287620000,19.7(-2.48 %),17000,334900000,2400,47280000,205724911,6.66
20/04/2023,-3100,-61335000,19.6(-0.51 %),2600,50960000,5700,112295000,205728011,6.66
21/04/2023,-13300,-255360000,19.2(-2.04 %),10200,195840000,23500,451200000,205715701,6.66
24/04/2023,-38000,-722000000,19(-1.04 %),1000,19000000,39000,741000000,205720401,6.66
25/04/2023,-240790,-4550931000,18.9(-0.53 %),13510,255339000,254300,4806270000,205730391,6.66
26/04/2023,-165180,-3187974000,19.3(2.12 %),968466,18691393800,1133646,21879367800,205761871,6.65
27/04/2023,-90800,-1751275000,19.2(-0.52 %),1000,19250000,91800,1770525000,205852671,6.63
28/04/2023,1700,32605000,19.15(-0.26 %),1700,32605000,0,0,205850971,6.63
04/05/2023,-129900,-2504810000,19.3(0.78 %),1500,29025000,131400,2533835000,206186171,6.56
05/05/2023,-16000,-307915000,19.15(-0.78 %),0,0,16000,307915000,206276471,6.55
08/05/2023,97300,1893955000,19.55(2.09 %),113700,2212285000,16400,318330000,206294171,6.54
09/05/2023,-39700,-781640000,19.65(0.26 %),17000,336460000,56700,1118100000,206293171,6.54
10/05/2023,38600,758470000,19.7(0.00 %),38600,758470000,0,0,206254571,6.55
11/05/2023,15100,297895000,19.7(0.00 %),15100,297895000,0,0,206312571,6.54
12/05/2023,-21300,-427140000,20.05(1.78 %),200,4020000,21500,431160000,206312371,6.54
15/05/2023,-115200,-2313630000,19.9(-0.75 %),1200,24020000,116400,2337650000,206427571,5.92
16/05/2023,-7100,-141310000,19.85(-0.25 %),1600,31830000,8700,173140000,206434671,5.92
17/05/2023,32100,625870000,19.3(-2.77 %),32100,625870000,0,0,206402571,5.93
18/05/2023,-2000,-38600000,19.3(0.00 %),1000,19300000,3000,57900000,206404571,5.93
19/05/2023,-10600,-205055000,19.5(1.04 %),0,0,10600,205055000,206415171,5.92
22/05/2023,1800,32065000,20.55(5.38 %),112900,2310860000,111100,2278795000,206413371,5.93
23/05/2023,1700,34370000,20.25(-1.46 %),1700,34370000,0,0,206411671,5.93
24/05/2023,6800,137715000,20.25(0.00 %),6800,137715000,0,0,206404871,5.93
25/05/2023,70900,1471410000,20.6(1.73 %),101900,2110300000,31000,638890000,206333971,5.94
26/05/2023,-157600,-3293605000,20.75(0.73 %),12000,250200000,169600,3543805000,206491571,5.91
29/05/2023,33900,720130000,21.1(1.69 %),64400,1359415000,30500,639285000,206457671,5.92
30/05/2023,-84700,-1784205000,21.2(0.47 %),79900,1694410000,164600,3478615000,206542371,5.9
31/05/2023,-90700,-1944485000,20.9(-1.42 %),40800,867645000,131500,2812130000,206633071,5.88
01/06/2023,-23600,-492970000,20.85(-0.24 %),200,4180000,23800,497150000,206358620,5.94
02/06/2023,242500,5248120000,21.7(4.08 %),276000,5963820000,33500,715700000,206116120,5.98
05/06/2023,3800,91590000,21.5(-0.92 %),62800,1368935000,59000,1277345000,206112320,5.98
06/06/2023,326300,7054355000,21.8(1.40 %),328000,7091290000,1700,36935000,205786020,6.04
07/06/2023,316200,7098455000,22.45(2.98 %),343200,7707305000,27000,608850000,205469820,6.1
08/06/2023,-26700,-611365000,21.5(-4.23 %),161400,3529500000,188100,4140865000,205496520,6.1
09/06/2023,-118700,-2537185000,21.45(-0.23 %),4800,102450000,123500,2639635000,205615220,6.07
12/06/2023,104700,2296315000,22(2.56 %),138400,3036695000,33700,740380000,205510520,6.09
13/06/2023,574300,12569970000,21.8(-0.91 %),1167700,25533835000,593400,12963865000,204936220,6.2
14/06/2023,904400,18121800000,19.8(-9.17 %),1046800,20978740000,142400,2856940000,204031820,6.37
15/06/2023,-240700,-4727145000,19.65(-0.76 %),8200,161305000,248900,4888450000,204272520,6.33
16/06/2023,32500,604530000,19.8(0.51 %),332400,6584140000,299900,5979610000,204010970,7.01
19/06/2023,444000,9063665000,20.3(2.53 %),482200,9854655000,38200,790990000,203777680,7.06
20/06/2023,-41900,-874250000,21.1(3.94 %),100,2040000,42000,876290000,203819580,6.41
21/06/2023,86400,1842065000,21.3(0.95 %),288900,6161095000,202500,4319030000,203826780,7.05
22/06/2023,23600,501855000,21.3(0.00 %),71700,1524515000,48100,1022660000,203803180,6.41
23/06/2023,-92400,-1965685000,21.35(0.23 %),18700,400070000,111100,2365755000,203895580,6.4
26/06/2023,-199100,-4273650000,21.7(1.40 %),54500,1170505000,253600,5444155000,203974480,7.02
27/06/2023,-56200,-1223740000,21.6(-0.46 %),32700,709240000,88900,1932980000,204030680,6.37
28/06/2023,18100,388240000,21.3(-1.39 %),26000,557055000,7900,168815000,204012580,6.37
29/06/2023,22100,464660000,20.85(-2.11 %),25200,529915000,3100,65255000,203990480,6.38
30/06/2023,-34400,-723715000,20.85(-0.24 %),9300,194375000,43700,918090000,204024880,6.37
03/07/2023,3000,63555000,21.05(0.72 %),5300,112440000,2300,48885000,204342842,6.31
04/07/2023,156900,3338835000,21.35(1.18 %),156900,3338835000,0,0,204185942,6.34
05/07/2023,-72900,-1577635000,21.35(-0.23 %),7100,154010000,80000,1731645000,204258842,6.33
06/07/2023,-18000,-382745000,21.25(-0.70 %),23800,507530000,41800,890275000,204198727,6.97
07/07/2023,349300,7697620000,22.15(3.99 %),370000,8150885000,20700,453265000,203908727,7.03
10/07/2023,-100900,-2244920000,22.2(0.00 %),5000,112350000,105900,2357270000,204009627,6.37
11/07/2023,-962300,-21287315000,21.95(-1.13 %),56600,1255925000,1018900,22543240000,204971927,6.19
12/07/2023,-357000,-7885520000,22.1(0.45 %),241500,5336330000,598500,13221850000,205328927,6.13
13/07/2023,-464100,-10361090000,22.25(0.68 %),68300,1526205000,532400,11887295000,205793027,6.04
14/07/2023,196000,4396715000,22.8(2.24 %),290400,6551205000,94400,2154490000,205032896,6.8
17/07/2023,-18900,-433020000,22.7(-0.44 %),114200,2609550000,133100,3042570000,205051796,6.18
18/07/2023,106100,2443955000,23(1.32 %),155400,3585450000,49300,1141495000,204945696,6.2
19/07/2023,-139700,-3240905000,23.05(0.22 %),31200,725240000,170900,3966145000,205491996,6.71
20/07/2023,214900,4986970000,23.3(0.87 %),215300,4996270000,400,9300000,205277096,6.14
21/07/2023,-5300,-124470000,23.45(0.64 %),10000,234500000,15300,358970000,205282396,6.14
24/07/2023,-43400,-1073365000,25.05(6.60 %),34200,852495000,77600,1925860000,205453096,6.72
25/07/2023,346300,8809610000,25.3(0.80 %),382500,9733745000,36200,924135000,225610380,6.79
26/07/2023,-198100,-4940930000,25.1(-0.79 %),331900,8315260000,530000,13256190000,225808480,6.75
27/07/2023,-402200,-10462465000,26.3(4.78 %),130600,3373145000,532800,13835610000,226210680,6.68
28/07/2023,-910900,-22805380000,25.4(-3.42 %),38800,1005060000,949700,23810440000,227121580,6.5
31/07/2023,72500,1891210000,25.75(1.38 %),153500,3974195000,81000,2082985000,227049080,6.52
01/08/2023,208600,5508635000,27.55(6.78 %),272500,7237860000,63900,1729225000,226139180,6.69
02/08/2023,-70300,-1935245000,27.3(-1.09 %),105700,2906955000,176000,4842200000,226209480,6.68
03/08/2023,-779100,-20451020000,26.25(-3.85 %),8600,226660000,787700,20677680000,226988580,6.53
04/08/2023,22300,562640000,27(2.86 %),117200,3086420000,94900,2523780000,226905740,6.55
07/08/2023,-20000,-519845000,26.5(-1.85 %),89600,2378130000,109600,2897975000,226925740,6.54
08/08/2023,-124000,-3325160000,26.6(0.38 %),1100,29580000,125100,3354740000,227049740,6.52
09/08/2023,-500,-13540000,26.7(0.38 %),100,2660000,600,16200000,227050240,6.52
10/08/2023,13500,339550000,26.2(-1.87 %),99400,2605550000,85900,2266000000,227036740,6.52
11/08/2023,-584400,-14996165000,26(-0.76 %),19100,492415000,603500,15488580000,227621140,6.41
14/08/2023,-23000,-607775000,26.6(2.31 %),33000,879840000,56000,1487615000,227867200,6.37
15/08/2023,-135100,-3598575000,26.6(0.00 %),24700,661235000,159800,4259810000,228446000,6.26
16/08/2023,-238700,-6359575000,26.6(0.00 %),103600,2773955000,342300,9133530000,228398400,6.27
17/08/2023,-230300,-6186855000,26.8(0.75 %),86200,2338210000,316500,8525065000,228628700,6.22
18/08/2023,452200,11569100000,25.5(-4.85 %),539500,13928590000,87300,2359490000,228274885,6.29
21/08/2023,-39200,-1012825000,25.8(1.18 %),130600,3392255000,169800,4405080000,228460825,6.25
22/08/2023,522200,13282585000,26(0.78 %),590000,15032060000,67800,1749475000,227958170,6.35
23/08/2023,407400,10846215000,26.45(1.73 %),932700,24625270000,525300,13779055000,227195270,6.49
24/08/2023,934300,25120490000,27.1(2.46 %),970700,26100345000,36400,979855000,226260970,6.67
25/08/2023,982800,27048175000,26.5(-2.21 %),1329100,36523040000,346300,9474865000,225491506,6.81
28/08/2023,1649600,43839265000,26.8(1.13 %),2043500,54219255000,393900,10379990000,223841906,7.12
29/08/2023,1053200,28902775000,27.3(1.87 %),1330500,36468835000,277300,7566060000,222500221,7.37
30/08/2023,993100,27141255000,27.45(0.55 %),1208500,33034285000,215400,5893030000,221507121,7.56
31/08/2023,1883600,53787400000,28.9(5.28 %),1910700,54569680000,27100,782280000,220052193,7.83
05/09/2023,-721100,-20874045000,28.95(0.17 %),230400,6669695000,951500,27543740000,220037193,7.83
06/09/2023,-28900,-836980000,29.1(0.52 %),5000,145035000,33900,982015000,220066093,7.83
07/09/2023,-656200,-18926560000,28.65(-1.55 %),43200,1243350000,699400,20169910000,220967661,7.66
08/09/2023,306500,8819725000,29.4(2.62 %),424600,12193580000,118100,3373855000,220576961,7.73
11/09/2023,-392800,-11386245000,28.1(-4.42 %),67200,1928565000,460000,13314810000,221209139,7.61
12/09/2023,77000,2194225000,28.8(2.49 %),82000,2335285000,5000,141060000,221245243,7.6
13/09/2023,-577100,-16813455000,28.8(0.00 %),38600,1122270000,615700,17935725000,221666643,7.53
14/09/2023,-13500,-379515000,27.85(-3.30 %),3200,90185000,16700,469700000,221668443,7.53
15/09/2023,371100,10140585000,27.3(-1.97 %),548900,14993890000,177800,4853305000,219735333,7.89
18/09/2023,0,0,26.7(-2.20 %),0,0,0,0,219735333,7.89
19/09/2023,211200,5627100000,27.15(1.69 %),225600,6012880000,14400,385780000,219439380,7.94
20/09/2023,9700,269170000,27.7(2.03 %),12200,337540000,2500,68370000,219429680,7.94
21/09/2023,16500,438860000,27.15(-1.99 %),41700,1137510000,25200,698650000,219413180,7.95
22/09/2023,193600,4920645000,25.4(-6.45 %),335900,8662070000,142300,3741425000,217318874,8.34
25/09/2023,120900,2715500000,23.65(-6.89 %),213300,5080340000,92400,2364840000,217130809,8.37
26/09/2023,854800,20166370000,23(-2.75 %),1024300,24172675000,169500,4006305000,216248769,8.54
27/09/2023,29000,678505000,24(4.35 %),109400,2543955000,80400,1865450000,216219769,8.54
28/09/2023,1345700,32175785000,23.95(-0.21 %),1617200,38590745000,271500,6414960000,214874069,8.8
29/09/2023,544000,13246210000,24.15(0.84 %),1260000,30595385000,716000,17349175000,210857647,9.55
02/10/2023,972700,24143685000,24.85(2.90 %),1010000,25069115000,37300,925430000,210119197,9.69
03/10/2023,-1151000,-27635495000,23.45(-5.63 %),66400,1577750000,1217400,29213245000,210768797,9.56
04/10/2023,202700,4881050000,24.2(3.20 %),813600,19738645000,610900,14857595000,210566097,9.6
05/10/2023,-131200,-3205480000,24.35(0.62 %),12900,314480000,144100,3519960000,211206073,9.48
06/10/2023,230900,5800235000,25.5(4.72 %),233500,5865305000,2600,65070000,210975173,9.53
09/10/2023,-453200,-11498305000,25.45(-0.20 %),1200,30240000,454400,11528545000,211428373,9.44
10/10/2023,-220600,-5640305000,25.05(-1.57 %),17200,441530000,237800,6081835000,211714773,9.39
11/10/2023,355700,9058365000,25.8(2.99 %),355700,9058365000,0,0,211813473,9.37
12/10/2023,-102800,-2646295000,25.75(-0.19 %),42800,1103600000,145600,3749895000,212008473,9.33
13/10/2023,593200,15234835000,25.6(-0.58 %),827500,21165030000,234300,5930195000,211186973,9.49
16/10/2023,-184000,-4694835000,25(-2.34 %),74600,1906055000,258600,6600890000,211257973,9.47
17/10/2023,274800,6880650000,23.25(-7.00 %),285800,7157005000,11000,276355000,211206333,9.48
18/10/2023,298000,6607045000,22.4(-3.66 %),330900,7372715000,32900,765670000,211134033,9.5
19/10/2023,517900,11495145000,21.5(-4.02 %),736400,16315480000,218500,4820335000,210408613,9.63
20/10/2023,423500,9507025000,22.95(6.74 %),656300,14557740000,232800,5050715000,209791213,9.75
23/10/2023,-403700,-9184380000,22.9(-0.22 %),61000,1390945000,464700,10575325000,209948713,9.72
24/10/2023,-153100,-3487480000,23.3(1.75 %),13600,309610000,166700,3797090000,210101813,9.69
25/10/2023,-98200,-2300445000,22.8(-2.15 %),54400,1253610000,152600,3554055000,210167913,9.68
26/10/2023,677700,14453990000,21.25(-6.80 %),728500,15540975000,50800,1086985000,210019383,9.7
27/10/2023,24000,510445000,21.4(0.71 %),46300,980390000,22300,469945000,210131683,9.68
30/10/2023,57500,1196410000,20(-6.54 %),57500,1196410000,0,0,210131029,9.68
31/10/2023,749900,14901050000,19(-5.00 %),749900,14901050000,0,0,209405799,9.82
01/11/2023,1185100,23037995000,19.75(3.95 %),1186100,23057095000,1000,19100000,208222789,10.04
02/11/2023,590900,12290040000,21.1(6.84 %),610000,12684325000,19100,394285000,207631889,10.15
03/11/2023,-162700,-3471010000,21.65(2.61 %),177300,3833980000,340000,7304990000,207794589,10.12
06/11/2023,-125900,-2724005000,21.95(1.39 %),122900,2662140000,248800,5386145000,207920489,10.1
07/11/2023,111800,2325760000,21.4(-2.51 %),329700,7114655000,217900,4788895000,207808689,10.12
08/11/2023,443200,9782530000,22.85(6.78 %),537400,11877900000,94200,2095370000,205804389,10.49
09/11/2023,225000,5162480000,23.05(0.88 %),469500,10829135000,244500,5666655000,205552789,10.54
10/11/2023,380000,8865515000,23(-0.22 %),492100,11477515000,112100,2612000000,205154889,10.61
13/11/2023,-159200,-3694450000,23.25(1.09 %),22200,507650000,181400,4202100000,205377199,10.57
14/11/2023,1421300,33414880000,23.45(0.86 %),1713600,40264815000,292300,6849935000,203892789,10.85
15/11/2023,-260300,-6200825000,23.3(-0.64 %),221000,5166850000,481300,11367675000,204153089,10.8
16/11/2023,0,0,23.55(1.07 %),0,0,0,0,204153089,10.8
17/11/2023,-387500,-9117350000,23.1(-1.91 %),5400,126300000,392900,9243650000,204295689,10.78
20/11/2023,229100,5252505000,23.15(0.22 %),241300,5534935000,12200,282430000,204063053,10.82
21/11/2023,-134600,-3163305000,23.6(1.94 %),2000,46900000,136600,3210205000,204453953,10.75
22/11/2023,-211800,-5098465000,24(1.69 %),0,0,211800,5098465000,204466153,10.74
23/11/2023,-497400,-11929695000,22.4(-6.67 %),23300,525370000,520700,12455065000,204963553,10.65
24/11/2023,157900,3514590000,22.65(1.12 %),162100,3609695000,4200,95105000,204805653,10.68
27/11/2023,15500,340245000,22.1(-2.43 %),23900,530740000,8400,190495000,204790153,10.68
28/11/2023,6000,161400000,22.65(2.49 %),175700,3953020000,169700,3791620000,204784153,10.68
29/11/2023,25000,587890000,22.95(1.32 %),101400,2326845000,76400,1738955000,204759153,10.69
30/11/2023,-800,-29725000,22.7(-1.09 %),34400,780880000,35200,810605000,204759953,10.69
01/12/2023,-175700,-3981485000,22.7(0.00 %),31900,723845000,207600,4705330000,205019700,10.64
04/12/2023,437000,10379155000,24.25(6.83 %),469800,11163655000,32800,784500000,204582700,10.72
05/12/2023,-167800,-4101905000,24.5(1.03 %),90200,2211335000,258000,6313240000,204750500,10.69
06/12/2023,257900,6400685000,24.8(1.22 %),313500,7771040000,55600,1370355000,204492600,10.74
07/12/2023,162600,3964740000,24.5(-1.21 %),615200,15059305000,452600,11094565000,204330000,10.77
08/12/2023,-10100,-249920000,24.2(-1.22 %),20500,497635000,30600,747555000,204340100,10.77
11/12/2023,47200,1155265000,24.4(0.83 %),84500,2061815000,37300,906550000,204292900,10.78
12/12/2023,-51500,-1256520000,24.4(0.00 %),0,0,51500,1256520000,204344400,10.77
13/12/2023,-667300,-16686045000,24.6(0.82 %),30800,761710000,698100,17447755000,205011700,10.64
14/12/2023,-1163800,-28438810000,24(-2.44 %),20600,499030000,1184400,28937840000,206175500,10.42
15/12/2023,-1547200,-36724170000,23.7(-1.25 %),253400,6034140000,1800600,42758310000,207722700,10.13
18/12/2023,3600,82920000,23.35(-1.48 %),57900,1365135000,54300,1282215000,207719100,10.14
19/12/2023,14200,321375000,23.8(1.93 %),62300,1461745000,48100,1140370000,207704900,10.14
20/12/2023,38600,930975000,24.2(1.68 %),53000,1274445000,14400,343470000,207666300,10.15
21/12/2023,-68900,-1657225000,24.05(-0.62 %),200,4800000,69100,1662025000,207735200,10.13
22/12/2023,-110600,-2665425000,24.1(0.21 %),32800,789900000,143400,3455325000,207845800,10.11
25/12/2023,12200,295370000,24.5(1.66 %),15800,383210000,3600,87840000,207833600,10.11
26/12/2023,-34500,-852450000,24.6(0.41 %),0,0,34500,852450000,207868100,10.11
27/12/2023,-45900,-1131055000,24.45(-0.61 %),25000,614450000,70900,1745505000,207914000,10.1
28/12/2023,548200,13437255000,24.5(0.20 %),573200,14048505000,25000,611250000,207365800,10.2
29/12/2023,750600,18539790000,24.7(0.82 %),750600,18539790000,0,0,206615200,10.34
02/01/2024,3600,88200000,24.4(-1.21 %),3600,88200000,0,0,206878300,10.29
03/01/2024,435400,10978925000,25.1(2.87 %),500000,12597405000,64600,1618480000,206421506,10.38
04/01/2024,-88200,-2206830000,24.75(-1.39 %),7500,187800000,95700,2394630000,206509706,10.36
05/01/2024,-100,-2510000,24.8(0.20 %),600,14880000,700,17390000,206509806,10.36
08/01/2024,-183600,-4574820000,24.95(0.60 %),23400,585320000,207000,5160140000,206693406,10.33
09/01/2024,-591800,-14631320000,24.65(-1.20 %),8200,202330000,600000,14833650000,206499712,10.36
10/01/2024,-344600,-8434170000,24(-2.64 %),5600,136160000,350200,8570330000,206719120,10.32
11/01/2024,712500,17306015000,24.35(1.46 %),1100600,26677645000,388100,9371630000,206519040,10.36
12/01/2024,12200,290625000,23.65(-2.87 %),18400,438125000,6200,147500000,206901506,10.29
15/01/2024,1000800,24064160000,23.85(0.85 %),1000800,24064160000,0,0,206238144,10.41
16/01/2024,704500,17015855000,24.4(2.31 %),1004500,24267090000,300000,7251235000,205239840,10.6
17/01/2024,993700,24344825000,24.35(-0.20 %),1000500,24511125000,6800,166300000,204239344,10.79
18/01/2024,1471800,36286650000,24.8(1.85 %),1515300,37358870000,43500,1072220000,202730706,11.07
19/01/2024,-14100,-350540000,24.75(-0.20 %),9800,242795000,23900,593335000,202744806,11.07
22/01/2024,1481300,36912510000,25(1.01 %),1516500,37788010000,35200,875500000,201263506,11.34
23/01/2024,1945400,49206940000,25.4(1.60 %),2031200,51382755000,85800,2175815000,199318106,11.71
24/01/2024,497700,12567165000,25.25(-0.59 %),500100,12627525000,2400,60360000,198820406,11.8
25/01/2024,1221400,30737705000,25.25(0.00 %),1250100,31457455000,28700,719750000,197599006,12.03
26/01/2024,1493400,37946665000,25.45(0.79 %),1509400,38354205000,16000,407540000,196105606,12.31
29/01/2024,-64000,-1618750000,25.1(-1.38 %),0,0,64000,1618750000,189432976,13.56
30/01/2024,745300,19014815000,25.55(1.79 %),819600,20908785000,74300,1893970000,188129376,13.8
31/01/2024,697400,17874715000,25.55(0.00 %),760200,19472800000,62800,1598085000,186433184,14.12
01/02/2024,17100,436395000,25.4(-0.59 %),37000,942970000,19900,506575000,186433182,14.12
02/02/2024,-45277,-1154936650,25.2(-0.79 %),1223,31093350,46500,1186030000,186470336,14.11
05/02/2024,-101656,-2569475550,25.05(-0.60 %),82344,2067819450,184000,4637295000,186542949,14.1
06/02/2024,-504745,-12665277250,25.1(0.20 %),6600,165740000,511345,12831017250,186509376,14.1
07/02/2024,-425100,-10815130000,25.35(1.00 %),89300,2278035000,514400,13093165000,186604080,14.09
15/02/2024,-995190,-25404750000,25.4(0.20 %),8010,204345000,1003200,25609095000,187107408,13.99
16/02/2024,-1846521,-47129115900,25.4(0.00 %),264850,6795607500,2111371,53924723400,187356960,13.94
19/02/2024,-246031,-6248432500,25.55(0.59 %),74969,1905032500,321000,8153465000,188285184,13.77
20/02/2024,-1087357,-27760035650,25.35(-0.78 %),402300,10267900000,1489657,38027935650,189994256,13.45
21/02/2024,-1359795,-34301385600,25(-1.38 %),10880,274406900,1370675,34575792500,190310384,13.39
22/02/2024,-2180700,-54656935000,24.8(-0.80 %),18600,464985000,2199300,55121920000,190310384,13.39
23/02/2024,-1804400,-44574360000,24.1(-2.82 %),28700,703660000,1833100,45278020000,196992788,12.14
26/02/2024,-484650,-11648562500,24.2(0.41 %),45150,1089652500,529800,12738215000,195277568,12.46
27/02/2024,-1069483,-26123423650,24.6(1.65 %),61800,1515020000,1131283,27638443650,198546921,11.85
28/02/2024,-486768,-11941192600,24.5(-0.41 %),67100,1649495000,553868,13590687600,199033689,11.76
29/02/2024,-173800,-4241000000,24.4(-0.41 %),1000,24450000,174800,4265450000,198641856,11.83
01/03/2024,630598,15757859850,25.1(2.87 %),726900,18144995000,96302,2387135150,197914948,11.97
04/03/2024,-56620,-1423500000,25(-0.40 %),67800,1705245000,124420,3128745000,197971568,11.96
05/03/2024,33934,849806000,25.1(0.40 %),49300,1235935000,15366,386129000,198636416,11.83
06/03/2024,11500,286325000,24.6(-1.99 %),14500,360875000,3000,74550000,197926134,11.97
07/03/2024,61300,1517995000,24.75(0.61 %),72700,1800025000,11400,282030000,197864834,11.98
08/03/2024,-4301,-100518400,24.45(-1.21 %),38121,939850600,42422,1040369000,197869135,11.98
11/03/2024,-499600,-12130785000,23.95(-2.04 %),15500,376785000,515100,12507570000,198368735,11.88
12/03/2024,-1032400,-24760595000,23.95(0.00 %),3600,86400000,1036000,24846995000,198760448,11.81
13/03/2024,-1793800,-43361760000,24.4(1.88 %),2200,53215000,1796000,43414975000,199273414,11.72
14/03/2024,-106700,-2614290000,24.55(0.61 %),66900,1643020000,173600,4257310000,199380114,11.7
15/03/2024,-514000,-12629140000,24.55(0.00 %),5000,123250000,519000,12752390000,199894114,11.6
18/03/2024,-560000,-13790595000,25.2(2.65 %),78600,1895980000,638600,15686575000,202128600,11.18
19/03/2024,-555400,-14261750000,25.2(0.00 %),13100,333045000,568500,14594795000,202634544,11.09
20/03/2024,-33500,-836790000,25.15(-0.20 %),27100,681065000,60600,1517855000,201043014,11.38
21/03/2024,378400,9484405000,25.55(1.59 %),975000,24737120000,596600,15252715000,200664614,11.46
22/03/2024,89500,2332960000,25.65(0.39 %),181500,4698925000,92000,2365965000,200575114,11.47
25/03/2024,-31200,-781585000,25.35(-1.17 %),118400,3055630000,149600,3837215000,203196832,10.98
26/03/2024,-14700,-370245000,25.6(0.99 %),28700,731090000,43400,1101335000,200677014,11.45
27/03/2024,-136300,-3514985000,25.55(-0.20 %),0,0,136300,3514985000,203409936,10.94
28/03/2024,-65100,-1658345000,25.5(-0.20 %),10800,276100000,75900,1934445000,203442544,10.94
29/03/2024,532500,13564670000,25.5(0.00 %),534000,13602995000,1500,38325000,203044832,11.01
01/04/2024,-147700,-3779105000,25.6(0.39 %),1800,45840000,149500,3824945000,203118944,11.0
02/04/2024,21100,595340000,25.8(0.78 %),251700,6459045000,230600,5863705000,203023738,11.01
03/04/2024,-525400,-13867610000,25.85(0.19 %),168800,4440200000,694200,18307810000,202849440,11.05
04/04/2024,-57700,-1482705000,25.4(-1.74 %),19600,503050000,77300,1985755000,203606838,10.9
05/04/2024,-21700,-548685000,24.8(-2.36 %),29700,745215000,51400,1293900000,203724640,10.88
08/04/2024,29000,716170000,24.6(-0.81 %),63700,1579245000,34700,863075000,203599538,10.91
09/04/2024,257800,6373435000,24.9(1.22 %),266200,6581870000,8400,208435000,203341738,10.95
10/04/2024,-323200,-7996565000,24.45(-1.81 %),83600,2070935000,406800,10067500000,203664938,10.89
11/04/2024,-90500,-2200210000,24.4(-0.20 %),45800,1117195000,136300,3317405000,203437536,10.94
12/04/2024,-45600,-1120800000,24.6(0.82 %),3600,88650000,49200,1209450000,203840832,10.86
15/04/2024,-277600,-6609055000,22.9(-6.91 %),60900,1429875000,338500,8038930000,204078638,10.82
16/04/2024,280000,6107460000,21.95(-4.15 %),691300,15151135000,411300,9043675000,203798638,10.87
17/04/2024,-536000,-11753645000,21.6(-1.59 %),2100,46060000,538100,11799705000,204614638,10.72
19/04/2024,309300,6600870000,21(-2.78 %),411700,8771840000,102400,2170970000,204305338,10.77
22/04/2024,-107500,-2279170000,21.2(0.95 %),43900,930165000,151400,3209335000,204107456,10.81
23/04/2024,-118100,-2459025000,20.85(-1.65 %),83900,1770405000,202000,4229430000,204126064,10.81
24/04/2024,177200,3791920000,21.65(3.84 %),275300,5912005000,98100,2120085000,204353738,10.76
25/04/2024,-112300,-2465065000,21.7(0.23 %),13800,299850000,126100,2764915000,204466038,10.74
26/04/2024,-200,-40300000,22.15(2.07 %),62000,1334550000,62200,1374850000,204226560,10.79
02/05/2024,-45400,-1050615000,23(3.84 %),68100,1559825000,113500,2610440000,204284560,10.78
03/05/2024,50200,1143845000,22.75(-1.09 %),55900,1273325000,5700,129480000,204290864,10.78
06/05/2024,42800,986155000,22.9(0.66 %),86800,1994725000,44000,1008570000,204317552,10.77
07/05/2024,-28200,-649075000,22.9(0.00 %),39000,892855000,67200,1541930000,204284256,10.78
08/05/2024,-378300,-8551190000,22.85(-0.22 %),168500,3832875000,546800,12384065000,204159712,10.8
09/05/2024,-164100,-3738250000,22.8(-0.22 %),11100,253830000,175200,3992080000,204215800,10.79
10/05/2024,37900,849785000,22.4(-1.75 %),61900,1395065000,24000,545280000,204700800,10.7
13/05/2024,-500800,-11184845000,22.25(-0.67 %),34200,761200000,535000,11946045000,204841800,10.67
14/05/2024,-20900,-470530000,22.25(0.00 %),35500,791570000,56400,1262100000,205187959,10.61
15/05/2024,334600,7524785000,22.45(0.90 %),379500,8533035000,44900,1008250000,204853359,10.67
16/05/2024,305300,6915305000,22.5(0.22 %),331300,7504455000,26000,589150000,204548059,10.73
17/05/2024,-33800,-769565000,22.75(1.11 %),500,11355000,34300,780920000,204755300,10.69
20/05/2024,-83400,-1913590000,23.25(2.20 %),82600,1909975000,166000,3823565000,204698700,10.7
21/05/2024,-222400,-5120540000,23.1(-0.65 %),4500,103740000,226900,5224280000,204728500,10.69
22/05/2024,-141600,-3236930000,22.75(-1.52 %),0,0,141600,3236930000,204894500,10.66
23/05/2024,-34800,-801620000,23.15(1.76 %),3200,73740000,38000,875360000,205118240,10.62
24/05/2024,-533800,-12055985000,22.6(-2.38 %),3400,76960000,537200,12132945000,205903159,10.47
27/05/2024,90200,2025400000,22.55(-0.22 %),90200,2025400000,0,0,205204200,10.61
28/05/2024,147500,3352105000,22.85(1.33 %),162100,3684400000,14600,332295000,205579280,10.54
29/05/2024,199900,4562280000,23.05(0.88 %),747000,17244500000,547100,12682220000,204832288,10.68
30/05/2024,-576500,-13440880000,23.4(1.52 %),21100,491630000,597600,13932510000,204825800,10.68
31/05/2024,48300,1113560000,23(-1.71 %),162800,3768030000,114500,2654470000,205210080,10.6
03/06/2024,-331300,-7702170000,23.25(1.09 %),4300,99885000,335600,7802055000,205210086,10.6
04/06/2024,-8400,-201050000,23.35(0.43 %),36500,854100000,44900,1055150000,205218486,10.6
05/06/2024,27200,629995000,23.05(-1.28 %),27200,629995000,0,0,205191286,10.61
06/06/2024,192700,4517175000,23.15(0.43 %),219000,5127420000,26300,610245000,206015686,10.45
07/06/2024,-12700,-292935000,23.15(0.00 %),5300,124225000,18000,417160000,206010386,10.45
10/06/2024,-462721,-10733258250,23.1(-0.22 %),102979,2405091750,565700,13138350000,206473107,10.37
11/06/2024,34500,799525000,22.75(-1.52 %),108300,2488390000,73800,1688865000,206015686,10.45
12/06/2024,1013639,23173785900,23(1.10 %),1041239,23807745900,27600,633960000,205367868,10.58
13/06/2024,0,0,23.05(0.22 %),0,0,0,0,203752668,10.88
14/06/2024,-191776,-3996999650,20.6(0.10 %),154824,3261315350,346600,7258315000,203625444,10.9
17/06/2024,-1108300,-22469865000,20.1(-2.43 %),600,12120000,1108900,22481985000,203738944,10.88
18/06/2024,-1152704,-23228765600,20(-0.50 %),10700,215600000,1163404,23444365600,204074844,10.82
19/06/2024,-977700,-19457310000,19.6(-2.00 %),15500,308460000,993200,19765770000,205168244,10.61
20/06/2024,-145400,-2834210000,19.45(-0.77 %),15100,297460000,160500,3131670000,206316548,10.4
21/06/2024,-355100,-6823255000,19.15(-1.54 %),0,0,355100,6823255000,207309748,10.21
24/06/2024,-47600,-910440000,19(-0.78 %),100700,1931850000,148300,2842290000,207369548,10.2
25/06/2024,-118198,-2246053900,19.05(0.26 %),118600,2270930000,236798,4516983900,207606048,10.16
26/06/2024,-230740,-4385287000,19(-0.26 %),63300,1206055000,294040,5591342000,207691048,10.14
27/06/2024,-541478,-10193142500,18.8(-1.05 %),29200,548825000,570678,10741967500,207898646,10.1
28/06/2024,-174986,-3427321800,18.25(-2.93 %),376400,6868070000,551386,10295391800,207816286,10.12
04/07/2024,-10400,-195280000,18.7(-0.80 %),3600,67860000,14000,263140000,208808738,0.0
05/07/2024,9100,170650000,18.65(-0.27 %),10300,193030000,1200,22380000,208799638,0.0
08/07/2024,-127400,-2376545000,18.55(-0.54 %),6800,127450000,134200,2503995000,208927038,0.0
09/07/2024,129200,2376095000,19.5(5.12 %),252800,4734160000,123600,2358065000,208797838,0.0
10/07/2024,-116100,-2244500000,19.25(-1.28 %),3600,69570000,119700,2314070000,208913938,0.0
11/07/2024,-10700,-201025000,19.25(0.00 %),37100,719515000,47800,920540000,208924638,0.0
12/07/2024,-132500,-2550935000,19.05(-1.04 %),14600,281790000,147100,2832725000,209057138,0.0
15/07/2024,-237900,-4515960000,18.9(-0.79 %),106800,2019850000,344700,6535810000,209295038,0.0
16/07/2024,-14300,-272500000,18.9(0.00 %),5800,110250000,20100,382750000,209309338,0.0
17/07/2024,-124900,-2310435000,18.4(-2.65 %),36200,676565000,161100,2987000000,209434238,0.0
18/07/2024,41500,761690000,18.6(1.09 %),43700,802500000,2200,40810000,209392738,0.0
19/07/2024,382400,7058140000,18.6(0.00 %),432000,7977485000,49600,919345000,209010338,0.0
22/07/2024,-4200,-76695000,18.4(-1.08 %),10100,186625000,14300,263320000,209014538,0.0
23/07/2024,-126900,-2297880000,18(-2.17 %),0,0,126900,2297880000,209141438,0.0
24/07/2024,56100,1005035000,18.1(0.56 %),56900,1019355000,800,14320000,209085338,0.0
25/07/2024,-332200,-6055115000,18.1(0.00 %),23600,429760000,355800,6484875000,209417538,0.0
26/07/2024,-42600,-776400000,18.3(1.10 %),3400,62080000,46000,838480000,209460138,0.0
29/07/2024,70300,1283375000,18.25(-0.27 %),107200,1956520000,36900,673145000,209389838,0.0
30/07/2024,70300,1283375000,18.1(-0.82 %),107200,1956520000,36900,673145000,209319538,0.0
31/07/2024,-4400,-79470000,18.1(0.00 %),3600,65610000,8000,145080000,209323938,0.0
01/08/2024,-29300,-519405000,17.7(-2.21 %),50200,906260000,79500,1425665000,234489818,0.0
02/08/2024,-1600,-31975000,17.6(-0.56 %),41200,722425000,42800,754400000,234491418,0.0
05/08/2024,180900,3263525000,16.4(-6.82 %),508300,8824240000,327400,5560715000,234310518,0.0
06/08/2024,-34400,-574615000,16.85(2.74 %),50100,827215000,84500,1401830000,234344918,0.0
07/08/2024,19000,319135000,16.8(-0.30 %),32000,537620000,13000,218485000,234325918,0.0
08/08/2024,149300,2574180000,17.75(5.65 %),258500,4497740000,109200,1923560000,234176618,0.0
09/08/2024,13400,240455000,18.1(1.97 %),55700,995745000,42300,755290000,234163218,0.0
12/08/2024,-159400,-2939135000,18.6(2.76 %),16400,296840000,175800,3235975000,234322618,0.0
13/08/2024,-73400,-1353770000,18.5(-0.54 %),3200,58055000,76600,1411825000,234396018,0.0
14/08/2024,-27100,-504625000,18.4(-0.54 %),52800,977560000,79900,1482185000,234423118,0.0
15/08/2024,-48100,-897085000,18.5(0.54 %),15100,277980000,63200,1175065000,234471218,0.0
16/08/2024,194900,3687620000,19.05(2.97 %),276700,5231220000,81800,1543600000,234276318,0.0
19/08/2024,-133900,-2568800000,18.9(-0.79 %),0,0,133900,2568800000,234410218,0.0
20/08/2024,105200,2006080000,19.2(1.59 %),122400,2333870000,17200,327790000,234305018,0.0
21/08/2024,-20700,-445430000,19.35(0.78 %),279300,5445985000,300000,5891415000,234325718,0.0
22/08/2024,-101800,-1945880000,19(-1.81 %),3400,64720000,105200,2010600000,234427518,0.0
23/08/2024,173600,3293655000,19(0.00 %),220400,4183200000,46800,889545000,234253918,0.0
26/08/2024,-401800,-7664545000,18.85(-0.79 %),2800,53060000,404600,7717605000,234655718,0.0
27/08/2024,101900,1932740000,19.15(1.59 %),155800,2957655000,53900,1024915000,234553818,0.0
28/08/2024,-108200,-2064535000,19.15(0.00 %),1400,26670000,109600,2091205000,234662018,0.0
29/08/2024,-110800,-2102100000,18.9(-1.31 %),17000,323250000,127800,2425350000,234772818,0.0
30/08/2024,21200,400230000,18.8(-0.53 %),109000,2060595000,87800,1660365000,234751618,0.0
04/09/2024,138400,2680615000,19.3(2.66 %),394000,7551525000,255600,4870910000,234702614,0.0
05/09/2024,-105700,-2016160000,18.95(-1.81 %),26900,516260000,132600,2532420000,234808314,0.0
06/09/2024,-38200,-731555000,19(0.26 %),37900,720275000,76100,1451830000,234846514,0.0
09/09/2024,-987500,-18745940000,18.8(-1.05 %),115200,2172785000,1102700,20918725000,235834014,0.0
10/09/2024,-365000,-6829720000,18.65(-0.80 %),35200,661785000,400200,7491505000,236199014,0.0
11/09/2024,48800,899455000,18.4(-1.34 %),83700,1543155000,34900,643700000,236150214,0.0
12/09/2024,-559100,-10274975000,18(-2.17 %),32900,599980000,592000,10874955000,236709314,0.0
13/09/2024,-616300,-11168590000,18.1(0.56 %),200800,3642615000,817100,14811205000,237325614,0.0
16/09/2024,-193000,-3489990000,18.2(0.55 %),62700,1141180000,255700,4631170000,237518614,0.0
17/09/2024,-510000,-9313405000,18.8(3.30 %),120400,2221710000,630400,11535115000,238028614,0.0
18/09/2024,-2527800,-46699545000,18.35(-2.39 %),2200,41000000,2530000,46740545000,240556414,0.0
19/09/2024,-1724200,-31774695000,18.5(0.82 %),532100,9814165000,2256300,41588860000,242280614,0.0
20/09/2024,-1652300,-30655050000,18.65(0.81 %),791200,14746165000,2443500,45401215000,243932914,0.0
23/09/2024,-303500,-5697455000,18.65(0.00 %),250200,4724595000,553700,10422050000,244236414,0.0
24/09/2024,-457300,-8573485000,18.85(1.07 %),57000,1069340000,514300,9642825000,244693714,0.0
25/09/2024,-132400,-2514625000,18.85(0.00 %),6000,113970000,138400,2628595000,244826114,0.0
26/09/2024,-139700,-2634725000,18.95(0.53 %),154000,2929200000,293700,5563925000,244965814,0.0
27/09/2024,-1076400,-20333910000,18.7(-1.32 %),83000,1567265000,1159400,21901175000,246042214,0.0
30/09/2024,75100,1410110000,18.75(0.27 %),119100,2238320000,44000,828210000,245967114,0.0
01/10/2024,1990200,38355680000,19.3(2.93 %),2019000,38910990000,28800,555310000,244974268,0.0
02/10/2024,-21000,-403135000,19.1(-1.04 %),16300,313475000,37300,716610000,244995268,0.0
03/10/2024,-424900,-8129380000,18.7(-2.09 %),80400,1508590000,505300,9637970000,245420168,0.0
04/10/2024,-1755100,-32594695000,18.4(-1.60 %),20300,376065000,1775400,32970760000,247175268,0.0
07/10/2024,-2265100,-41440395000,18.3(-0.54 %),44400,813350000,2309500,42253745000,249440368,0.0
08/10/2024,-267200,-4903300000,18.3(0.00 %),30600,560050000,297800,5463350000,249707568,0.0
09/10/2024,-54800,-1015495000,18.6(1.64 %),4300,79500000,59100,1094995000,249762368,0.0
10/10/2024,-64500,-1204045000,18.4(-1.08 %),3000,55645000,67500,1259690000,249826868,0.0
11/10/2024,49300,908520000,18.45(0.27 %),54500,1004540000,5200,96020000,249777568,0.0
14/10/2024,-80000,-1467890000,18.55(0.54 %),243100,4554420000,323100,6022310000,249857568,0.0
15/10/2024,-636900,-11752315000,18.3(-1.35 %),5100,93905000,642000,11846220000,250494468,0.0
16/10/2024,-12500,-228485000,18.2(-0.55 %),9300,170605000,21800,399090000,250506968,0.0
17/10/2024,-578400,-10525840000,18.45(1.37 %),38300,696030000,616700,11221870000,251085368,0.0
18/10/2024,-13900,-254895000,18.2(-1.36 %),5400,99205000,19300,354100000,251099268,0.0
21/10/2024,-94200,-1716660000,18.1(-0.55 %),197300,3590860000,291500,5307520000,251193468,0.0
22/10/2024,-143000,-2582155000,17.9(-1.10 %),26900,481730000,169900,3063885000,251336468,0.0
23/10/2024,-934500,-16723695000,17.95(0.28 %),148500,2664015000,1083000,19387710000,252270968,0.0
24/10/2024,-863400,-15502595000,17.95(0.00 %),300,5360000,863700,15507955000,253134368,0.0
25/10/2024,-505300,-9019620000,17.7(-1.39 %),0,0,505300,9019620000,253639668,0.0
28/10/2024,-25300,-450400000,17.8(0.56 %),1200,21270000,26500,471670000,253664968,0.0
29/10/2024,-97400,-1733720000,17.75(-0.28 %),2600,46280000,100000,1780000000,253762368,0.0
30/10/2024,-1066000,-18930980000,17.75(0.00 %),116700,2100860000,1182700,21031840000,254828368,0.0
31/10/2024,-500000,-8887445000,17.75(0.00 %),0,0,500000,8887445000,255328368,0.0
01/11/2024,-756100,-13389730000,17.5(-1.41 %),32400,577920000,788500,13967650000,252859265,0.0
04/11/2024,-776200,-13438265000,17.15(-2.00 %),0,0,776200,13438265000,253635465,0.0
05/11/2024,-1314600,-22602875000,17.1(-0.29 %),53300,917620000,1367900,23520495000,254950065,0.0
06/11/2024,-410600,-7076115000,17.55(2.63 %),164200,2846715000,574800,9922830000,255360665,0.0
07/11/2024,-690200,-12112640000,17.45(-0.57 %),1800,31610000,692000,12144250000,256050865,0.0
08/11/2024,-577100,-10024040000,17.35(-0.57 %),50600,888000000,627700,10912040000,256627965,0.0
11/11/2024,-77300,-1369315000,17.9(3.17 %),78000,1371125000,155300,2740440000,256705265,0.0
12/11/2024,-52600,-938250000,17.6(-1.68 %),0,0,52600,938250000,264218300,4.86
13/11/2024,-18800,-331255000,17.45(-0.85 %),60700,1061420000,79500,1392675000,256776665,0.0
14/11/2024,-113200,-1978925000,17.2(-1.43 %),0,0,113200,1978925000,256889865,0.0
15/11/2024,11400,199305000,17.25(0.29 %),70500,1215945000,59100,1016640000,256878465,0.0
18/11/2024,-1220200,-21115920000,17.3(0.29 %),96000,1658820000,1316200,22774740000,258098665,0.0
19/11/2024,-640400,-11103745000,17.3(0.00 %),38200,654540000,678600,11758285000,258739065,0.0
20/11/2024,-1728000,-29981885000,17.3(0.00 %),333000,5809085000,2061000,35790970000,260467065,0.0
21/11/2024,-987900,-17045810000,17.35(0.29 %),96100,1662155000,1084000,18707965000,261454965,0.0
22/11/2024,800,-2045000,17.45(0.58 %),173700,3043280000,172900,3045325000,261454165,0.0
25/11/2024,-6000,-106365000,17.55(0.57 %),24200,424420000,30200,530785000,263696325,4.95
26/11/2024,189300,3349465000,17.7(0.85 %),201700,3569040000,12400,219575000,263667612,4.95
27/11/2024,-226100,-3975940000,17.5(-1.13 %),33400,586990000,259500,4562930000,263664443,4.95
28/11/2024,-35500,-626355000,17.5(0.00 %),4200,73660000,39700,700015000,263672647,4.95
29/11/2024,-15300,-268405000,17.4(-0.57 %),12200,214545000,27500,482950000,263919947,4.91
02/12/2024,353000,6353775000,18(3.45 %),571000,10282910000,218000,3929135000,263388647,5.0
03/12/2024,-113400,-2029600000,17.7(-1.67 %),52600,936495000,166000,2966095000,263363547,5.0
04/12/2024,-20700,-383315000,17.6(-0.56 %),44600,783630000,65300,1166945000,263536947,4.97
05/12/2024,-34700,-596450000,18(2.27 %),194800,3465025000,229500,4061475000,263508200,4.98
09/12/2024,-113500,-2055055000,18.05(1.12 %),53200,963065000,166700,3018120000,263566800,4.97
10/12/2024,-78800,-1424250000,17.9(-0.83 %),5300,95330000,84100,1519580000,264061900,4.89
16/12/2024,17200,301000000,17.6(0.57 %),20000,350000000,2800,49000000,264589904,4.8
17/12/2024,-56400,-990580000,17.55(-0.28 %),1400,24640000,57800,1015220000,264757872,4.77
18/12/2024,56800,1001720000,17.6(0.28 %),69100,1218200000,12300,216480000,264691552,4.78
19/12/2024,-21600,-376840000,17.4(-1.14 %),7200,125280000,28800,502120000,264742152,4.77
20/12/2024,-38600,-672515000,17.3(-0.57 %),37700,652605000,76300,1325120000,264716752,4.78
24/12/2024,0,0,17.25(-0.29 %),0,0,0,0,264820947,4.76
25/12/2024,-873100,-16118660000,18.2(5.51 %),267100,4736815000,1140200,20855475000,264563847,4.8
26/12/2024,-440600,-7955915000,17.9(-1.65 %),10000,180720000,450600,8136635000,264563947,4.8
27/12/2024,980700,17783275000,18.2(1.68 %),1121000,20312220000,140300,2528945000,264583147,4.8
30/12/2024,285700,5256250000,18.45(1.37 %),411900,7593690000,126200,2337440000,264621919,4.79
31/12/2024,25800,472000000,18.15(-1.63 %),25800,472000000,0,0,264736419,4.77
02/01/2025,83900,1543115000,18.3(0.83 %),306000,5622595000,222100,4079480000,264556619,4.8
03/01/2025,-31500,-573980000,18.1(-1.09 %),67000,1226160000,98500,1800140000,264489615,4.81
06/01/2025,444600,8093795000,18.25(0.83 %),768900,14092145000,324300,5998350000,263942814,4.91
07/01/2025,-444900,-8157535000,17.9(-1.92 %),62400,1115800000,507300,9273335000,263942814,4.91
08/01/2025,141400,2556995000,18.15(1.40 %),162900,2941235000,21500,384240000,264140396,4.87
09/01/2025,-391200,-7161025000,18(-0.83 %),0,0,391200,7161025000,264647696,4.79
10/01/2025,300,7785000,18.2(1.11 %),103100,1877350000,102800,1869565000,264566096,4.8
13/01/2025,116800,2133625000,18.45(1.37 %),486700,9009100000,369900,6875475000,264470596,4.82
14/01/2025,137100,2563115000,18.55(0.54 %),371700,6953720000,234600,4390605000,264201696,4.86
15/01/2025,595200,11346085000,19.5(5.12 %),1433500,27428945000,838300,16082860000,263138096,5.04
16/01/2025,9100,177290000,19.5(0.00 %),358900,6986205000,349800,6808915000,263128996,0.0
17/01/2025,87100,1754130000,19.55(0.26 %),349400,6856230000,262300,5102100000,263502776,4.98
20/01/2025,-900100,-17687800000,19.45(-0.51 %),6900,134885000,907000,17822685000,263845675,4.92
21/01/2025,-51400,-962620000,19.45(0.00 %),393500,7700410000,444900,8663030000,263714475,4.94
22/01/2025,-200300,-3924210000,19.5(0.26 %),202600,3957655000,402900,7881865000,264418875,4.83
23/01/2025,219600,4454495000,19.8(1.54 %),527100,10482010000,307500,6027515000,264336675,4.84
24/01/2025,233500,4595950000,19.7(-0.51 %),506100,9969890000,272600,5373940000,264233475,4.86
03/02/2025,-239500,-4804240000,0(0.00 %),216300,4320710000,455800,9124950000,264324675,4.84
04/02/2025,595100,12179435000,20.5(1.99 %),653700,13386210000,58600,1206775000,263943575,4.91
05/02/2025,306700,6291110000,20.6(0.49 %),493300,10117160000,186600,3826050000,263906075,4.91
06/02/2025,-80000,-1678020000,20.35(-1.21 %),124800,2542890000,204800,4220910000,263839891,4.92
07/02/2025,392300,8003400000,20.3(-0.25 %),507100,10345000000,114800,2341600000,263519391,4.98
10/02/2025,986900,20179150000,20.3(0.00 %),1261900,25816930000,275000,5637780000,262462363,5.15
11/02/2025,1316400,27303130000,20.85(2.71 %),1456300,30214585000,139900,2911455000,261120882,5.38
12/02/2025,2392900,51179830000,21.55(3.36 %),2505000,53558905000,112100,2379075000,258890882,5.75
13/02/2025,812400,17547955000,21.75(0.93 %),1138600,24569305000,326200,7021350000,257892182,5.92
14/02/2025,-33200,-749555000,21.5(-1.15 %),216500,4676200000,249700,5425755000,257787782,5.93
17/02/2025,-640200,-14089880000,21.6(0.47 %),14600,315755000,654800,14405635000,258099466,5.88
18/02/2025,1226600,26566750000,21.75(0.69 %),1241100,26880245000,14500,313495000,257101066,6.05
19/02/2025,459400,10011085000,21.85(0.46 %),505300,11015225000,45900,1004140000,257250602,6.02
20/02/2025,19900,420285000,21.5(-1.60 %),56900,1224550000,37000,804265000,257208202,6.03
21/02/2025,120000,2559795000,21.45(-0.23 %),469100,10102470000,349100,7542675000,256785002,6.1
24/02/2025,-80100,-1754120000,21.45(0.00 %),257300,5522745000,337400,7276865000,256564702,6.14
25/02/2025,654600,14216045000,22(2.56 %),807300,17540625000,152700,3324580000,256103575,6.22
26/02/2025,-733600,-16243110000,21.6(-1.82 %),50100,1086460000,783700,17329570000,256390876,6.17
27/02/2025,-94800,-2042920000,21.65(0.23 %),0,0,94800,2042920000,256543633,6.14
28/02/2025,-825600,-17702760000,21.35(-1.39 %),226600,4871930000,1052200,22574690000,257100871,6.05
03/03/2025,694700,14879685000,21.75(1.87 %),819100,17574010000,124400,2694325000,256376605,6.17
04/03/2025,88300,1923760000,21.9(0.69 %),180700,3944600000,92400,2020840000,257248105,6.02
05/03/2025,164200,3582360000,21.5(-1.83 %),181400,3960725000,17200,378365000,257191160,6.03
06/03/2025,413100,8981315000,22(2.33 %),719600,15614745000,306500,6633430000,256564021,6.14
07/03/2025,-167000,-3678995000,21.6(-1.82 %),162200,3571855000,329200,7250850000,256419021,6.16
10/03/2025,349100,7613360000,21.7(0.46 %),360700,7865080000,11600,251720000,256364821,6.17
11/03/2025,-252200,-5801005000,22.2(2.30 %),922000,20491945000,1174200,26292950000,256364821,6.17
12/03/2025,-125300,-2766285000,22.1(-0.45 %),3200,70710000,128500,2836995000,255779480,6.27
13/03/2025,-264121,-5936961500,20.9(-5.43 %),118400,2494425000,382521,8431386500,256835348,6.09
14/03/2025,135100,2653920000,20.9(0.00 %),1088200,22544790000,953100,19890870000,255875376,6.25
17/03/2025,-35100,-735295000,20.9(0.00 %),0,0,35100,735295000,256257897,6.19
18/03/2025,-154700,-3196775000,20.5(-1.91 %),21400,445130000,176100,3641905000,257189897,6.03
19/03/2025,782800,16147985000,20.8(1.46 %),891400,18400440000,108600,2252455000,256333397,6.18
20/03/2025,-139000,-2891990000,21(0.96 %),183100,3835460000,322100,6727450000,256326397,6.18
21/03/2025,-199800,-4188360000,20.95(-0.24 %),52800,1103610000,252600,5291970000,256382418,6.17
24/03/2025,-618300,-13060280000,21.1(0.72 %),117900,2476700000,736200,15536980000,256585938,6.14
25/03/2025,-82000,-1725145000,20.95(-0.71 %),11300,238325000,93300,1963470000,256826984,6.09
26/03/2025,669100,14180865000,21.05(0.48 %),698700,14808200000,29600,627335000,256864384,6.09
27/03/2025,-33700,-714305000,21.05(0.00 %),32700,689965000,66400,1404270000,256924426,6.08
28/03/2025,254900,5357840000,21.2(0.71 %),394300,8334440000,139400,2976600000,256558276,6.14
31/03/2025,-411500,-8870620000,21.75(2.59 %),397800,8501050000,809300,17371670000,256225553,6.2
01/04/2025,-500400,-10911890000,21.8(0.23 %),13400,291450000,513800,11203340000,256351503,6.17
02/04/2025,-195400,-4409810000,21.65(-0.69 %),452200,9934105000,647600,14343915000,256707399,6.11
03/04/2025,1268100,26150230000,20.15(-6.93 %),1421300,29323860000,153200,3173630000,255795999,6.27
04/04/2025,892700,18350675000,20.7(2.73 %),1389700,28466665000,497000,10115990000,255054166,6.39
08/04/2025,254100,5035625000,19.3(-6.76 %),601600,11798780000,347500,6763155000,254605766,6.47
09/04/2025,334200,6197600000,18.2(-5.70 %),1026000,19339445000,691800,13141845000,254076766,6.55
10/04/2025,-7600,-147820000,19.45(6.87 %),0,0,7600,147820000,254417866,6.5
11/04/2025,130400,2996685000,20.8(6.94 %),1336900,27453035000,1206500,24456350000,253772799,6.61
14/04/2025,1593700,33769365000,21.7(4.33 %),2331500,49458490000,737800,15689125000,251448899,6.99
15/04/2025,3117800,67948080000,22.3(2.76 %),4248200,92807825000,1130400,24859745000,248407199,7.5
16/04/2025,71900,1455700000,22.4(0.45 %),981900,21702050000,910000,20246350000,248163099,7.54
17/04/2025,-399800,-9041325000,22.4(0.00 %),722700,16157680000,1122500,25199005000,248570799,7.47
18/04/2025,-314800,-7041050000,21.9(-2.23 %),773200,17429755000,1088000,24470805000,248707599,7.45
21/04/2025,309600,6597550000,22(0.46 %),1358500,30029770000,1048900,23432220000,248471599,7.49
22/04/2025,444300,8601725000,21.7(-1.36 %),2910700,61504460000,2466400,52902735000,246648899,7.8
23/04/2025,-1143900,-25191270000,21.65(-0.23 %),197600,4354320000,1341500,29545590000,247453199,7.66
24/04/2025,-112300,-2434465000,21.5(-0.69 %),535800,11463370000,648100,13897835000,249383799,7.34
25/04/2025,-533100,-11628065000,21.55(0.23 %),196900,4286920000,730000,15914985000,250528399,7.15
28/04/2025,-159200,-3402795000,21.35(-0.93 %),28100,600390000,187300,4003185000,251148399,7.04
29/04/2025,-173000,-3680485000,21.3(-0.23 %),65300,1392270000,238300,5072755000,251813099,6.93
05/05/2025,682000,11468503200,21.9(2.82 %),682000,14647800000,0,3179296800,251465025,6.99
06/05/2025,-366800,-7981730000,21.45(-2.05 %),16200,351805000,383000,8333535000,251703325,6.95
07/05/2025,-255400,-5463210000,21.6(0.70 %),78800,1693985000,334200,7157195000,251703325,6.95
08/05/2025,-658500,-14201680000,21.6(0.00 %),106500,2291410000,765000,16493090000,252070075,6.89
09/05/2025,-3098700,-67222875000,21.3(-1.39 %),312400,6749390000,3411100,73972265000,252325475,6.85
12/05/2025,-159200,-3359860000,21.25(-0.23 %),2100,44730000,161300,3404590000,252983998,6.74
13/05/2025,679200,14577240000,21.45(0.94 %),684300,14686880000,5100,109640000,255403498,6.33
14/05/2025,-502500,-10851335000,21.45(0.00 %),180900,3920780000,683400,14772115000,255562698,6.31
15/05/2025,1497318,23741661500,22.05(2.80 %),1497318,32413881500,0,8672220000,254462780,6.49
16/05/2025,179200,-12289930000,21.85(-0.91 %),179200,3976745000,0,16266675000,254965280,6.41
19/05/2025,695166,8576238550,21.9(0.23 %),695166,15301656600,0,6725418050,254575423,6.47
20/05/2025,15335,-29626710500,21.85(-0.23 %),15335,336799500,0,29963510000,255132423,6.38
21/05/2025,5267801,111697601850,23.35(6.86 %),5267801,119066611850,0,7369010000,250193622,7.2
22/05/2025,419800,-6561665000,22.95(-1.71 %),419800,9627365000,0,16189030000,251534587,6.98
23/05/2025,371600,8498785000,23.05(0.44 %),625200,14432380000,253600,5933595000,251163004,7.04
26/05/2025,90545,-69415498500,22.95(-0.43 %),90545,2064181500,0,71479680000,251435704,7.0
27/05/2025,-501600,-11455880000,22.35(0.90 %),606200,13550615000,1107800,25006495000,251435704,7.0
28/05/2025,729600,7698865000,22.2(-0.67 %),729600,16409940000,0,8711075000,254141259,6.54
29/05/2025,1739100,38578395000,22.25(0.23 %),1739100,38704970000,0,126575000,252909459,6.75
30/05/2025,499700,-32626532300,21.8(-2.02 %),499700,10967505000,0,43594037300,252909459,6.75
02/06/2025,2592000,49586978600,22.55(3.44 %),2592000,57460090000,0,7873111400,250666926,7.12
03/06/2025,84920,-31365898000,22.5(-0.22 %),84920,1916082000,0,33281980000,252149093,6.88
04/06/2025,605200,-11827665000,22.4(-0.44 %),605200,13826795000,0,25654460000,252149093,6.88
05/06/2025,810460,2881634900,22.25(-0.67 %),810460,18296540000,0,15414905100,253419480,6.66
06/06/2025,391675,3111815000,21.95(-1.35 %),391675,8619630000,0,5507815000,253799805,6.6
09/06/2025,1290400,18643650000,21.4(-2.51 %),1290400,27875630000,0,9231980000,252935305,6.75
10/06/2025,1269113,24111069900,21.45(0.23 %),1269113,27303864900,0,3192795000,251813992,6.93
11/06/2025,-1476300,-29329625000,20(0.76 %),114500,2281485000,1590800,31611110000,251813992,6.93
12/06/2025,-533600,-10714355000,20.05(0.25 %),187500,3771100000,721100,14485455000,251813992,6.93
13/06/2025,-1079200,-21261955000,19.7(-1.75 %),58300,1144820000,1137500,22406775000,253290333,6.69
16/06/2025,730300,14566025000,20.15(2.28 %),1052400,21020595000,322100,6454570000,253093565,6.72
17/06/2025,1724000,35098070000,20.6(2.23 %),1780000,36231670000,56000,1133600000,252098767,6.88
18/06/2025,1510200,31917150000,20.85(1.21 %),1907700,40253535000,397500,8336385000,250588567,7.14
19/06/2025,812400,16912070000,20.75(-0.48 %),885300,18444965000,72900,1532895000,249776225,7.27
20/06/2025,3948300,83518480000,21.35(2.89 %),4057400,85795080000,109100,2276600000,245827828,7.93
23/06/2025,1018100,22249955000,21.95(2.81 %),1971200,43078945000,953100,20828990000,244809728,8.1
24/06/2025,-1718400,-37412570000,21.6(-1.59 %),62600,1364645000,1781000,38777215000,244809728,8.1
25/06/2025,756100,16452160000,21.55(-0.23 %),954200,20764745000,198100,4312585000,244053628,8.23
26/06/2025,1067200,23117795000,21.75(0.93 %),1326600,28756380000,259400,5638585000,244704821,8.12
27/06/2025,1130300,24949285000,22(1.15 %),1773200,39072040000,642900,14122755000,243574521,8.31
30/06/2025,-1979,-3688619,22.05(0.23 %),2257,10622680,4236,14311299,243574521,8.31
01/07/2025,1040600,24058620000,23.05(4.54 %),2168100,50290905000,1127500,26232285000,242533912,8.48
02/07/2025,-439200,-9934715000,22.7(-1.52 %),495700,11348930000,934900,21283645000,243088007,8.39
03/07/2025,672000,15676750000,23(1.32 %),1543000,35797150000,871000,20120400000,242416007,8.5
04/07/2025,-1107500,-25470210000,22.85(-0.65 %),220500,5123255000,1328000,30593465000,242855117,8.43
07/07/2025,-262000,-5992535000,22.9(0.22 %),121100,2761510000,383100,8754045000,242855117,8.43
08/07/2025,-948300,-21771310000,22.85(-0.22 %),270000,6176850000,1218300,27948160000,243962617,8.24
09/07/2025,-633800,-14492415000,22.8(-0.22 %),682100,15665075000,1315900,30157490000,244224217,8.2
10/07/2025,-1888900,-43914780000,23.1(1.32 %),1096300,25507390000,2985200,69422170000,244224217,8.2
11/07/2025,-1238500,-28316320000,22.8(-1.30 %),442200,10090280000,1680700,38406600000,245806331,7.94
14/07/2025,627300,14409715000,23.15(1.54 %),1492500,34130525000,865200,19720810000,247067931,7.73
15/07/2025,-1438200,-33359245000,22.85(-1.30 %),108800,2517250000,1547000,35876495000,248306325,7.52
16/07/2025,935300,21453200000,23.3(1.97 %),1788000,41405410000,852700,19952210000,247371025,7.67
17/07/2025,-2420900,-57177165000,23.35(0.21 %),12300,289805000,2433200,57466970000,247371025,7.67
18/07/2025,-1339400,-31276750000,23.35(0.00 %),209900,4904735000,1549300,36181485000,248807156,7.43
21/07/2025,-375000,-8708500000,23.35(0.00 %),822300,19321915000,1197300,28030415000,251226456,7.03
22/07/2025,415100,9697420000,23.4(0.21 %),1005200,23407905000,590100,13710485000,252150756,6.88
23/07/2025,-876000,-22284270000,24.3(3.85 %),1205100,28663615000,2081100,50947885000,252525791,6.81
24/07/2025,-1825700,-44038440000,24.05(-1.03 %),1400,33620000,1827100,44072060000,252525791,6.81
25/07/2025,6267800,159993210000,25.7(6.86 %),7350600,187197490000,1082800,27204280000,247134123,7.71
28/07/2025,469600,12261710000,26.35(2.53 %),2617200,68510075000,2147600,56248365000,248489748,7.49
29/07/2025,11111000,283533960000,24.65(-6.45 %),11245900,287013600000,134900,3479640000,237377666,9.34
30/07/2025,2597800,65257120000,25.4(3.04 %),3318400,83221705000,720600,17964585000,234779837,9.78
31/07/2025,360500,9108750000,25.9(1.97 %),1899600,47897635000,1539100,38788885000,234419337,9.84
01/08/2025,-1562200,-42078550000,26.4(1.93 %),1745100,45716810000,3307300,87795360000,234419337,9.84
04/08/2025,-945300,-24744235000,26.6(0.76 %),1000500,26529470000,1945800,51273705000,234419337,9.84
05/08/2025,-1918500,-51796555000,25.6(-3.76 %),1798400,47147105000,3716900,98943660000,256120576,9.38
06/08/2025,1490300,38810530000,25.9(1.17 %),1695900,44188850000,205600,5378320000,255575576,9.47
07/08/2025,218000,5520895000,26.4(1.93 %),1032500,26968115000,814500,21447220000,257274869,9.2
08/08/2025,-361500,-9535825000,26.35(-0.19 %),558500,14668800000,920000,24204625000,257274869,9.2
11/08/2025,-1934100,-51385305000,26.35(0.00 %),946300,25261750000,2880400,76647055000,257273269,9.2
12/08/2025,-346000,-9127180000,26.25(-0.38 %),1173600,30747960000,1519600,39875140000,257633969,9.15
13/08/2025,426000,11488035000,26.8(2.10 %),1716300,45923080000,1290300,34435045000,259141981,8.91
14/08/2025,-388200,-10420170000,0(0.00 %),668300,17805015000,1056500,28225185000,259487981,8.86
15/08/2025,304900,7629025000,26.95(0.56 %),2738400,74922885000,2433500,67293860000,259183232,8.91
18/08/2025,-1804500,-49260620000,27.6(2.41 %),329900,9019660000,2134400,58280280000,259571362,8.85
19/08/2025,-437900,-12365320000,27.2(-1.45 %),686200,18884860000,1124100,31250180000,259571362,8.85
20/08/2025,-749000,-21018520000,25.95(-4.60 %),2182600,56722745000,2931600,77741265000,261374858,8.57
21/08/2025,764300,19849490000,25.8(-0.58 %),1101200,28631495000,336900,8782005000,261047130,8.62
22/08/2025,1403500,34521970000,24.55(-4.84 %),1651200,40679600000,247700,6157630000,261047130,8.62
25/08/2025,358100,8441370000,24.55(0.00 %),1186600,28859330000,828500,20417960000,260392456,8.72
26/08/2025,-103200,-2602620000,0(-100.00 %),227200,5678885000,330400,8281505000,260034356,8.78
